Date,Country/Region,Province/State,Admin2,Confirmed,Deaths,Recovered,Latitude,Longitude,FIPS,Incidence_Rate,Case-Fatality_Ratio,Active Cases,Previous Confirmed,Previous Deaths,Previous Recovered,Previous Active,Prev2 Confirmed,Population,Daily Confirmed,Daily Deaths,Daily Recovered,Daily Active,Previous Daily Confirmed
2020-11-04,US,Alabama,Autauga,2212,31,0,32.53952745,-86.64408227,1001.0,3959.261844672359,1.4014466546112117,2181,2197,31,0,2166,2186,55601,15,0,0,15,11
2020-11-04,US,Alabama,Baldwin,7061,77,0,30.72774991,-87.72207058,1003.0,3163.0486395441553,1.0904970967285088,6984,6995,74,0,6921,6985,218022,66,3,0,63,10
2020-11-04,US,Alabama,Barbour,1079,9,0,31.868263,-85.3871286,1005.0,4370.898484971239,0.8341056533827618,1070,1074,9,0,1065,1065,24881,5,0,0,5,9
2020-11-04,US,Alabama,Bibb,897,15,0,32.99642064,-87.12511459999996,1007.0,4005.5371974636064,1.6722408026755853,882,890,15,0,875,883,22400,7,0,0,7,7
2020-11-04,US,Alabama,Blount,2188,25,0,33.98210918,-86.56790593,1009.0,3783.765088368553,1.1425959780621573,2163,2162,25,0,2137,2108,57840,26,0,0,26,54
2020-11-04,US,Alabama,Bullock,659,17,0,32.10030533,-85.71265535,1011.0,6524.1065241065235,2.579666160849772,642,657,17,0,640,655,10138,2,0,0,2,2
2020-11-04,US,Alabama,Butler,1034,41,0,31.75300095,-86.68057478,1013.0,5316.742081447964,3.965183752417795,993,1029,41,0,988,1026,19680,5,0,0,5,3
2020-11-04,US,Alabama,Calhoun,5001,65,0,33.77483727,-85.82630386,1015.0,4402.094978213987,1.299740051989602,4936,4951,65,0,4886,4925,114277,50,0,0,50,26
2020-11-04,US,Alabama,Chambers,1449,48,0,32.91360079,-85.39072749,1017.0,4357.370541889697,3.312629399585921,1401,1428,47,0,1381,1397,33615,21,1,0,20,31
2020-11-04,US,Alabama,Cherokee,823,15,0,34.17805983,-85.60638968,1019.0,3141.7010230569554,1.8226002430133657,808,808,15,0,793,791,26032,15,0,0,15,17
2020-11-04,US,Alabama,Chilton,1970,33,0,32.85044126,-86.7173256,1021.0,4434.140632033853,1.6751269035532994,1937,1962,33,0,1929,1958,44153,8,0,0,8,4
2020-11-04,US,Alabama,Choctaw,397,12,0,32.02227341,-88.26564429999998,1023.0,3153.546747160219,3.022670025188917,385,396,12,0,384,395,12841,1,0,0,1,1
2020-11-04,US,Alabama,Clarke,1417,18,0,31.68099859,-87.83548597,1025.0,5998.645330623996,1.2702893436838392,1399,1409,17,0,1392,1408,23920,8,1,0,7,1
2020-11-04,US,Alabama,Clay,793,13,0,33.26984193,-85.85836077,1027.0,5991.688704193427,1.639344262295082,780,785,13,0,772,779,13275,8,0,0,8,6
2020-11-04,US,Alabama,Cleburne,604,9,0,33.67679204,-85.52005899,1029.0,4050.972501676728,1.4900662251655632,595,590,9,0,581,591,14987,14,0,0,14,-1
2020-11-04,US,Alabama,Coffee,1909,11,0,31.39932826,-85.98901039,1031.0,3647.1667112452724,0.5762179151388162,1898,1893,11,0,1882,1885,51909,16,0,0,16,8
2020-11-04,US,Alabama,Colbert,2366,32,0,34.69847452,-87.80168544,1033.0,4283.050632682247,1.3524936601859678,2334,2336,32,0,2304,2313,54762,30,0,0,30,23
2020-11-04,US,Alabama,Conecuh,588,13,0,31.43401703,-86.99320044,1035.0,4872.793569238419,2.2108843537414966,575,584,13,0,571,578,12277,4,0,0,4,6
2020-11-04,US,Alabama,Coosa,229,3,0,32.93690146,-86.24847739,1037.0,2147.6132420519552,1.310043668122271,226,228,3,0,225,225,10715,1,0,0,1,3
2020-11-04,US,Alabama,Covington,1902,30,0,31.247785399999998,-86.45050893,1039.0,5133.741801398149,1.5772870662460567,1872,1895,30,0,1865,1894,36986,7,0,0,7,1
2020-11-04,US,Alabama,Crenshaw,629,30,0,31.72941803,-86.31593104,1041.0,4567.23787394714,4.769475357710652,599,626,30,0,596,624,13824,3,0,0,3,2
2020-11-04,US,Alabama,Cullman,2954,25,0,34.13020303,-86.86888037,1043.0,3526.406264922166,0.8463100880162492,2929,2915,25,0,2890,2866,83442,39,0,0,39,49
2020-11-04,US,Alabama,Dale,1973,52,0,31.43037123,-85.61095742,1045.0,4012.446107540877,2.6355803345159656,1921,1955,52,0,1903,1945,48956,18,0,0,18,10
2020-11-04,US,Alabama,Dallas,1944,27,0,32.32688101,-87.10866709999998,1047.0,5226.36842671255,1.3888888888888888,1917,1924,27,0,1897,1909,38310,20,0,0,20,15
2020-11-04,US,Alabama,DeKalb,3769,31,0,34.45946862,-85.80782906,1049.0,5270.370422161006,0.8224993366940833,3738,3721,30,0,3691,3703,71385,48,1,0,47,18
2020-11-04,US,Alabama,Elmore,3366,59,0,32.59785413,-86.14415284,1051.0,4144.860791291606,1.7528223410576351,3307,3342,59,0,3283,3325,81887,24,0,0,24,17
2020-11-04,US,Alabama,Escambia,1797,31,0,31.1256789,-87.15918694,1053.0,4905.413152075998,1.7250973845297721,1766,1785,31,0,1754,1768,36748,12,0,0,12,17
2020-11-04,US,Alabama,Etowah,4713,55,0,34.04567266,-86.04051873,1055.0,4608.479680838581,1.166984935285381,4658,4578,54,0,4524,4563,102501,135,1,0,134,15
2020-11-04,US,Alabama,Fayette,624,15,0,33.72076938,-87.73886638,1057.0,3827.75119617225,2.4038461538461537,609,616,15,0,601,610,16433,8,0,0,8,6
2020-11-04,US,Alabama,Franklin,2202,32,0,34.44235334,-87.84289505,1059.0,7021.235890568204,1.4532243415077202,2170,2192,32,0,2160,2189,31363,10,0,0,10,3
2020-11-04,US,Alabama,Geneva,993,8,0,31.09389027,-85.83572839,1061.0,3779.833276236154,0.8056394763343404,985,985,7,0,978,984,26314,8,1,0,7,1
2020-11-04,US,Alabama,Greene,354,17,0,32.85504247,-87.95684022,1063.0,4364.443348539021,4.8022598870056505,337,351,17,0,334,351,8233,3,0,0,3,0
2020-11-04,US,Alabama,Hale,816,30,0,32.76039258,-87.63284988,1065.0,5569.585693809297,3.6764705882352944,786,801,30,0,771,798,14726,15,0,0,15,3
2020-11-04,US,Alabama,Henry,762,6,0,31.51148016,-85.24267944,1067.0,4428.945074106365,0.7874015748031497,756,757,6,0,751,752,17209,5,0,0,5,5
2020-11-04,US,Alabama,Houston,4377,35,0,31.15197924,-85.29939599,1069.0,4133.847112823711,0.7996344528215673,4342,4341,35,0,4306,4341,104722,36,0,0,36,0
2020-11-04,US,Alabama,Jackson,2386,19,0,34.78144169,-85.99750489,1071.0,4621.702243055825,0.7963118189438391,2367,2363,19,0,2344,2359,51736,23,0,0,23,4
2020-11-04,US,Alabama,Jefferson,24973,390,0,33.55554728,-86.89506300000002,1073.0,3791.9866134809668,1.5616866215512757,24583,24754,388,0,24366,24597,659300,219,2,0,217,157
2020-11-04,US,Alabama,Lamar,540,7,0,33.77995024,-88.09668032,1075.0,3911.6262223831945,1.2962962962962965,533,533,7,0,526,535,13844,7,0,0,7,-2
2020-11-04,US,Alabama,Lauderdale,2820,44,0,34.90171875,-87.65624729,1077.0,3041.1198222778203,1.5602836879432624,2776,2798,43,0,2755,2765,92387,22,1,0,21,33
2020-11-04,US,Alabama,Lawrence,968,34,0,34.52041498,-87.31069453,1079.0,2940.1044830518767,3.512396694214876,934,958,33,0,925,946,32957,10,1,0,9,12
2020-11-04,US,Alabama,Lee,6776,65,0,32.60154883,-85.35132246,1081.0,4118.0975070194845,0.95926800472255,6711,6749,65,0,6684,6736,163941,27,0,0,27,13
2020-11-04,US,Alabama,Limestone,3200,35,0,34.81185586,-86.98310072,1083.0,3235.1008441591266,1.09375,3165,3166,34,0,3132,3141,96174,34,1,0,33,25
2020-11-04,US,Alabama,Lowndes,735,29,0,32.1597283,-86.65158371,1085.0,7557.0635410240575,3.9455782312925174,706,733,29,0,704,731,9974,2,0,0,2,2
2020-11-04,US,Alabama,Macon,588,21,0,32.38759944,-85.69267724,1087.0,3254.3723710427275,3.571428571428572,567,572,21,0,551,569,18439,16,0,0,16,3
2020-11-04,US,Alabama,Madison,9959,102,0,34.76327133,-86.55069633,1089.0,2670.624736866099,1.0241992167888343,9857,9893,101,0,9792,9852,366519,66,1,0,65,41
2020-11-04,US,Alabama,Marengo,1073,24,0,32.24767634,-87.78796182,1091.0,5688.384668398452,2.2367194780987885,1049,1069,24,0,1045,1071,19066,4,0,0,4,-2
2020-11-04,US,Alabama,Marion,1177,31,0,34.13697363,-87.88704173,1093.0,3961.7624288936013,2.6338147833474936,1146,1150,31,0,1119,1134,29763,27,0,0,27,16
2020-11-04,US,Alabama,Marshall,4681,53,0,34.36975964,-86.30486727,1095.0,4837.043007419348,1.132236701559496,4628,4618,53,0,4565,4593,96109,63,0,0,63,25
2020-11-04,US,Alabama,Mobile,17505,324,0,30.78472347,-88.20842409,1097.0,4236.344715761961,1.8508997429305916,17181,17406,323,0,17083,17342,413757,99,1,0,98,64
2020-11-04,US,Alabama,Monroe,678,10,0,31.56729412,-87.36995001,1099.0,3270.1490377658806,1.4749262536873156,668,674,10,0,664,668,21067,4,0,0,4,6
2020-11-04,US,Alabama,Montgomery,10889,211,0,32.2206831,-86.20969272,1101.0,4807.80268979098,1.9377353292313344,10678,10814,211,0,10603,10760,225763,75,0,0,75,54
2020-11-04,US,Alabama,Morgan,4669,37,0,34.45500589,-86.85475946,1103.0,3901.269228519624,0.7924609124009424,4632,4594,37,0,4557,4567,119089,75,0,0,75,27
2020-11-04,US,Alabama,Perry,609,6,0,32.64048341,-87.29770589,1105.0,6825.05883671411,0.9852216748768472,603,606,6,0,600,606,9140,3,0,0,3,0
2020-11-04,US,Alabama,Pickens,958,18,0,33.28094866,-88.08818103,1107.0,4806.823883592574,1.8789144050104385,940,944,18,0,926,932,19938,14,0,0,14,12
2020-11-04,US,Alabama,Pike,1406,14,0,31.80396383,-85.9408295,1109.0,4245.93827384188,0.9957325746799432,1392,1399,14,0,1385,1393,33338,7,0,0,7,6
2020-11-04,US,Alabama,Randolph,876,16,0,33.29526734,-85.45708831,1111.0,3855.294428307368,1.8264840182648399,860,871,16,0,855,870,22725,5,0,0,5,1
2020-11-04,US,Alabama,Russell,2008,3,0,32.28725256,-85.18415324,1113.0,3464.398474836528,0.14940239043824702,2005,2006,3,0,2003,2008,57781,2,0,0,2,-2
2020-11-04,US,Alabama,Shelby,7947,70,0,33.26879845,-86.66232561,1117.0,3650.4028442549907,0.8808355354221719,7877,7870,70,0,7800,7826,215707,77,0,0,77,44
2020-11-04,US,Alabama,St. Clair,3357,50,0,33.71902176,-86.31029372,1115.0,3750.335150594333,1.4894250819183794,3307,3298,46,0,3252,3254,88690,59,4,0,55,44
2020-11-04,US,Alabama,Sumter,490,21,0,32.59117397,-88.19916205,1119.0,3943.0272793111767,4.285714285714286,469,489,21,0,468,488,12691,1,0,0,1,1
2020-11-04,US,Alabama,Talladega,2866,38,0,33.37823223,-86.16886178,1121.0,3583.485458501088,1.3258897418004187,2828,2843,38,0,2805,2818,79828,23,0,0,23,25
2020-11-04,US,Alabama,Tallapoosa,1430,87,0,32.86698258,-85.79833053,1123.0,3542.497584660737,6.083916083916083,1343,1419,87,0,1332,1409,40497,11,0,0,11,10
2020-11-04,US,Alabama,Tuscaloosa,10937,145,0,33.28726072,-87.52556818,1125.0,5224.1408134508365,1.3257748925665174,10792,10844,145,0,10699,10824,208911,93,0,0,93,20
2020-11-04,US,Alabama,Walker,3056,95,0,33.80270512,-87.30027177,1127.0,4811.007383385022,3.108638743455497,2961,2992,95,0,2897,2985,63711,64,0,0,64,7
2020-11-04,US,Alabama,Washington,787,12,0,31.4092794,-88.20689944,1129.0,4820.531667279187,1.5247776365946633,775,779,12,0,767,776,16378,8,0,0,8,3
2020-11-04,US,Alabama,Wilcox,580,12,0,31.98773215,-87.30891118,1131.0,5591.439313602622,2.0689655172413794,568,579,12,0,567,577,10627,1,0,0,1,2
2020-11-04,US,Alabama,Winston,1002,13,0,34.15030532,-87.37325922,1133.0,4240.551864234627,1.2974051896207586,989,988,13,0,975,985,23660,14,0,0,14,3
2020-11-04,US,Alaska,Aleutians East,18,0,0,55.32222414,-161.9722021,2013.0,539.4066526820498,0.0,18,17,0,0,17,17,3515,1,0,0,1,0
2020-11-04,US,Alaska,Aleutians West,101,0,0,52.3233,-174.1596,2016.0,1792.687255946042,0.0,101,101,0,0,101,100,5723,0,0,0,0,1
2020-11-04,US,Alaska,Anchorage,9088,51,0,61.14998174,-149.14269860000005,2020.0,3155.555555555556,0.5611795774647887,9037,8922,51,0,8871,8734,291538,166,0,0,166,188
2020-11-04,US,Alaska,Bethel,545,1,0,60.90980451,-159.8561831,2050.0,2964.211900358969,0.1834862385321101,544,524,1,0,523,499,18216,21,0,0,21,25
2020-11-04,US,Alaska,Bristol Bay plus Lake and Peninsula,115,0,0,58.62403337,-156.21405890000003,2164.0,2860.696517412936,0.0,115,115,0,0,115,113,,0,0,0,0,2
2020-11-04,US,Alaska,Denali,33,0,0,63.67264044,-150.0076108,2068.0,1573.6766809728185,0.0,33,32,0,0,32,31,2059,1,0,0,1,1
2020-11-04,US,Alaska,Dillingham,63,0,0,59.79603738,-158.23819419999995,2070.0,1281.5296989422295,0.0,63,63,0,0,63,62,5000,0,0,0,0,1
2020-11-04,US,Alaska,Fairbanks North Star,2447,16,0,64.80726247,-146.5692662,2090.0,2526.613594358228,0.6538618716796076,2431,2394,16,0,2378,2352,98971,53,0,0,53,42
2020-11-04,US,Alaska,Haines,14,0,0,59.09893571,-135.4679843,2100.0,553.3596837944664,0.0,14,14,0,0,14,13,2474,0,0,0,0,1
2020-11-04,US,Alaska,Juneau,628,3,0,58.45031811,-134.200436,2110.0,1964.0958278601365,0.4777070063694268,625,614,3,0,611,594,32113,14,0,0,14,20
2020-11-04,US,Alaska,Kenai Peninsula,1202,4,0,60.24429722,-151.53888840000005,2122.0,2047.421135109355,0.33277870216306155,1198,1159,4,0,1155,1138,58533,43,0,0,43,21
2020-11-04,US,Alaska,Ketchikan Gateway,93,0,0,55.57445008,-130.975561,2130.0,669.0166175095318,0.0,93,92,0,0,92,92,13918,1,0,0,1,0
2020-11-04,US,Alaska,Kodiak Island,130,0,0,57.65529415,-153.7493579,2150.0,1000.1538698261273,0.0,130,124,0,0,124,124,13345,6,0,0,6,0
2020-11-04,US,Alaska,Kusilvak,279,0,0,62.15429159999999,-163.39678830000003,2158.0,3355.785422179457,0.0,279,278,0,0,278,259,8303,1,0,0,1,19
2020-11-04,US,Alaska,Matanuska-Susitna,1715,3,0,62.31305045,-149.5741743,2170.0,1583.3156383577832,0.1749271137026239,1712,1632,3,0,1629,1588,107610,83,0,0,83,44
2020-11-04,US,Alaska,Nome,144,0,0,64.90320724,-164.0353804,2180.0,1439.424230307877,0.0,144,142,0,0,142,141,10008,2,0,0,2,1
2020-11-04,US,Alaska,North Slope,288,0,0,69.31479216,-153.4836093,2185.0,2929.210740439381,0.0,288,286,0,0,286,281,9872,2,0,0,2,5
2020-11-04,US,Alaska,Northwest Arctic,278,0,0,67.04919196,-159.7503946,2188.0,3647.815247342869,0.0,278,273,0,0,273,261,7671,5,0,0,5,12
2020-11-04,US,Alaska,Petersburg,20,1,0,57.13978948,-132.9540995,2195.0,612.369871402327,5.0,19,20,1,0,19,20,3221,0,0,0,0,0
2020-11-04,US,Alaska,Prince of Wales-Hyder,36,1,0,55.76261984,-133.0511621,2198.0,580.3643398355633,2.7777777777777777,35,35,1,0,34,35,6422,1,0,0,1,0
2020-11-04,US,Alaska,Sitka,88,0,0,57.24124555,-135.3206587,2220.0,1036.1474155186625,0.0,88,83,0,0,83,82,8647,5,0,0,5,1
2020-11-04,US,Alaska,Skagway,7,0,0,59.56149996,-135.33377480000001,2230.0,591.7159763313608,0.0,7,7,0,0,7,8,1148,0,0,0,0,-1
2020-11-04,US,Alaska,Southeast Fairbanks,94,1,0,63.87692095,-143.2127643,2240.0,1363.7023066879442,1.0638297872340423,93,92,1,0,91,90,6918,2,0,0,2,2
2020-11-04,US,Alaska,Unassigned,73,0,0,0.0,0.0,90002.0,0.0,0.0,73,71,0,0,71,69,,2,0,0,2,2
2020-11-04,US,Alaska,Valdez-Cordova,180,1,0,61.47502768,-144.7126799,2261.0,1956.096500760704,0.5555555555555556,179,178,1,0,177,176,9164,2,0,0,2,2
2020-11-04,US,Alaska,Wrangell,19,0,0,56.3202004,-132.05837309999998,2275.0,759.3924860111911,0.0,19,19,0,0,19,19,2503,0,0,0,0,0
2020-11-04,US,Alaska,Yakutat,37,0,0,59.890980799999994,-140.36014509999998,2282.0,6390.328151986183,0.0,37,37,0,0,37,37,604,0,0,0,0,0
2020-11-04,US,Alaska,Yukon-Koyukuk,125,2,0,65.50815459,-151.39073869999999,2290.0,2390.057361376673,1.6,123,124,2,0,122,122,5327,1,0,0,1,2
2020-11-04,US,Arizona,Apache,4054,178,0,35.39465006,-109.4892383,4001.0,5639.406290428034,4.390725209669462,3876,4042,174,0,3868,4006,71818,12,4,0,8,36
2020-11-04,US,Arizona,Cochise,2272,76,0,31.87934684,-109.7516088,4003.0,1804.2915455599496,3.3450704225352115,2196,2256,75,0,2181,2205,126770,16,1,0,15,51
2020-11-04,US,Arizona,Coconino,5498,149,0,35.83883429,-111.77071780000001,4005.0,3831.9997769661827,2.7100763914150603,5349,5470,149,0,5321,5429,142854,28,0,0,28,41
2020-11-04,US,Arizona,Gila,2047,72,0,33.80190085,-110.8132779,4007.0,3789.477581546892,3.5173424523693217,1975,2034,72,0,1962,1992,53889,13,0,0,13,42
2020-11-04,US,Arizona,Graham,1320,31,0,32.93166885,-109.8882178,4009.0,3398.820712207431,2.3484848484848486,1289,1307,31,0,1276,1283,38072,13,0,0,13,24
2020-11-04,US,Arizona,Greenlee,106,2,0,33.21498827,-109.2405279,4011.0,1116.0244261949883,1.8867924528301887,104,104,2,0,102,104,9483,2,0,0,2,0
2020-11-04,US,Arizona,La Paz,633,18,0,33.72854224,-113.98100290000001,4012.0,2998.8629903354176,2.8436018957345968,615,630,18,0,612,628,21098,3,0,0,3,2
2020-11-04,US,Arizona,Maricopa,161588,3658,0,33.34835867,-112.49181540000001,4013.0,3602.521417198056,2.263781964007228,157930,161154,3632,0,157522,160184,4410824,434,26,0,408,970
2020-11-04,US,Arizona,Mohave,4550,236,0,35.70471703,-113.7577902,4015.0,2144.395586786753,5.186813186813186,4314,4538,235,0,4303,4453,209550,12,1,0,11,85
2020-11-04,US,Arizona,Navajo,6618,245,0,35.3997715,-110.3218983,4017.0,5966.247160217807,3.7020247809005737,6373,6579,243,0,6336,6545,110445,39,2,0,37,34
2020-11-04,US,Arizona,Pima,29291,647,0,32.0971334,-111.7890033,4019.0,2796.866928488015,2.208869618654194,28644,29141,646,0,28495,28914,1039073,150,1,0,149,227
2020-11-04,US,Arizona,Pinal,12361,230,0,32.90525627,-111.3449483,4021.0,2670.9796473122738,1.860690882614675,12131,12312,228,0,12084,12210,447138,49,2,0,47,102
2020-11-04,US,Arizona,Santa Cruz,3080,65,0,31.52508998,-110.8479088,4023.0,6623.940814658695,2.1103896103896105,3015,3078,65,0,3013,3066,46511,2,0,0,2,12
2020-11-04,US,Arizona,Unassigned,1,0,0,0.0,0.0,90004.0,0.0,0.0,1,,,,,0,,,,,,
2020-11-04,US,Arizona,Yavapai,3113,92,0,34.59933926,-112.5538588,4025.0,1324.1230290218166,2.9553485383874083,3021,3102,91,0,3011,3079,231993,11,1,0,10,23
2020-11-04,US,Arizona,Yuma,14101,360,0,32.76895712,-113.90666740000002,4027.0,6595.817332204484,2.5530104247925682,13741,14071,359,0,13712,14041,212128,30,1,0,29,30
2020-11-04,US,Arkansas,Arkansas,744,20,0,34.29145151,-91.37277296,5001.0,4254.832437378474,2.6881720430107525,724,734,20,0,714,728,17769,10,0,0,10,6
2020-11-04,US,Arkansas,Ashley,586,13,0,33.19153461,-91.76984709999999,5003.0,2981.1263163249732,2.2184300341296934,573,580,13,0,567,576,20046,6,0,0,6,4
2020-11-04,US,Arkansas,Baxter,824,12,0,36.28784385,-92.33782872,5005.0,1965.0863302489747,1.4563106796116505,812,801,11,0,790,785,41619,23,1,0,22,16
2020-11-04,US,Arkansas,Benton,8838,126,0,36.33644656,-94.25680817,5007.0,3166.141842294754,1.4256619144602851,8712,8747,127,0,8620,8651,272608,91,-1,0,92,96
2020-11-04,US,Arkansas,Boone,1130,38,0,36.3084504,-93.09374925,5009.0,3018.8074374866424,3.3628318584070795,1092,1114,37,0,1077,1104,37480,16,1,0,15,10
2020-11-04,US,Arkansas,Bradley,376,8,0,33.46755808,-92.15980837,5011.0,3493.4497816593885,2.127659574468085,368,375,8,0,367,374,10897,1,0,0,1,1
2020-11-04,US,Arkansas,Calhoun,60,0,0,33.55598792,-92.49974403,5013.0,1156.2921564848718,0.0,60,60,0,0,60,60,5277,0,0,0,0,0
2020-11-04,US,Arkansas,Carroll,1064,19,0,36.34038560000001,-93.54270261,5015.0,3749.1190979563066,1.7857142857142858,1045,1056,19,0,1037,1051,28223,8,0,0,8,5
2020-11-04,US,Arkansas,Chicot,1059,23,0,33.26458973,-91.29539209,5017.0,10466.495354813203,2.1718602455146363,1036,1057,23,0,1034,1057,10438,2,0,0,2,0
2020-11-04,US,Arkansas,Clark,553,6,0,34.04613432,-93.17484713,5019.0,2477.5985663082442,1.08499095840868,547,543,6,0,537,533,22061,10,0,0,10,10
2020-11-04,US,Arkansas,Clay,536,15,0,36.36826212,-90.4148172,5021.0,3683.595629166379,2.7985074626865667,521,524,15,0,509,519,14847,12,0,0,12,5
2020-11-04,US,Arkansas,Cleburne,516,17,0,35.53864922,-92.02640019,5023.0,2070.7090974758216,3.2945736434108532,499,506,17,0,489,502,24965,10,0,0,10,4
2020-11-04,US,Arkansas,Cleveland,270,13,0,33.89723187,-92.18537045,5025.0,3393.6651583710413,4.814814814814816,257,262,13,0,249,259,8018,8,0,0,8,3
2020-11-04,US,Arkansas,Columbia,768,22,0,33.21230701,-93.22642793,5027.0,3274.0759687939635,2.864583333333333,746,764,22,0,742,760,23537,4,0,0,4,4
2020-11-04,US,Arkansas,Conway,367,4,0,35.26205537,-92.70506566,5029.0,1760.5295980044134,1.0899182561307903,363,360,4,0,356,361,20891,7,0,0,7,-1
2020-11-04,US,Arkansas,Craighead,5117,50,0,35.83018283,-90.63235729,5031.0,4637.820396621108,0.9771350400625366,5067,5005,50,0,4955,4972,108558,112,0,0,112,33
2020-11-04,US,Arkansas,Crawford,2250,31,0,35.58928601,-94.2446814,5033.0,3556.9186018938617,1.3777777777777778,2219,2224,30,0,2194,2204,63406,26,1,0,25,20
2020-11-04,US,Arkansas,Crittenden,2588,53,0,35.21247318,-90.30839406,5035.0,5396.726097382963,2.047913446676971,2535,2561,53,0,2508,2543,48342,27,0,0,27,18
2020-11-04,US,Arkansas,Cross,635,22,0,35.29631396,-90.77185818,5037.0,3867.470613313844,3.4645669291338583,613,635,22,0,613,628,16676,0,0,0,0,7
2020-11-04,US,Arkansas,Dallas,190,6,0,33.97042763,-92.65167437,5039.0,2710.800399486375,3.1578947368421053,184,188,6,0,182,188,7182,2,0,0,2,0
2020-11-04,US,Arkansas,Desha,441,7,0,33.83011025,-91.25500948,5041.0,3881.7005545286506,1.5873015873015872,434,435,7,0,428,433,11512,6,0,0,6,2
2020-11-04,US,Arkansas,Drew,454,7,0,33.59035001,-91.71777921,5043.0,2491.9040562050604,1.5418502202643172,447,444,7,0,437,443,18328,10,0,0,10,1
2020-11-04,US,Arkansas,Faulkner,3610,42,0,35.14719007,-92.33717519,5045.0,2864.9202028458726,1.1634349030470914,3568,3582,41,0,3541,3554,124806,28,1,0,27,28
2020-11-04,US,Arkansas,Franklin,589,2,0,35.51202821,-93.89299569,5047.0,3324.865932825289,0.3395585738539898,587,585,2,0,583,580,17810,4,0,0,4,5
2020-11-04,US,Arkansas,Fulton,355,11,0,36.38177105,-91.81729127,5049.0,2845.235232828404,3.0985915492957745,344,351,10,0,341,350,12269,4,1,0,3,1
2020-11-04,US,Arkansas,Garland,2700,76,0,34.57692074,-93.14921604,5051.0,2716.680417765077,2.814814814814815,2624,2666,73,0,2593,2660,99154,34,3,0,31,6
2020-11-04,US,Arkansas,Grant,392,4,0,34.29017991,-92.42320562,5053.0,2146.181220914317,1.020408163265306,388,386,4,0,382,383,18188,6,0,0,6,3
2020-11-04,US,Arkansas,Greene,1762,20,0,36.11735460000001,-90.55832668,5055.0,3887.479316050745,1.135073779795687,1742,1714,20,0,1694,1681,45325,48,0,0,48,33
2020-11-04,US,Arkansas,Hempstead,627,5,0,33.73325583,-93.66935133,5057.0,2911.945012075051,0.7974481658692185,622,605,5,0,600,599,21741,22,0,0,22,6
2020-11-04,US,Arkansas,Hot Spring,2352,37,0,34.31709259,-92.95396325,5059.0,6964.555387758728,1.5731292517006803,2315,2302,37,0,2265,2300,33701,50,0,0,50,2
2020-11-04,US,Arkansas,Howard,631,14,0,34.09007427,-93.9934871,5061.0,4779.578851689138,2.218700475435816,617,628,14,0,614,625,13341,3,0,0,3,3
2020-11-04,US,Arkansas,Independence,1558,61,0,35.74242707,-91.57001641,5063.0,4118.968935888963,3.915275994865212,1497,1541,60,0,1481,1530,37678,17,1,0,16,11
2020-11-04,US,Arkansas,Izard,689,2,0,36.09604046,-91.90847954,5065.0,5055.396580820309,0.2902757619738752,687,685,2,0,683,679,13593,4,0,0,4,6
2020-11-04,US,Arkansas,Jackson,935,6,0,35.59802983,-91.21494602,5067.0,5592.439739218853,0.6417112299465241,929,930,6,0,924,920,16811,5,0,0,5,10
2020-11-04,US,Arkansas,Jefferson,4393,102,0,34.26767081,-91.92619839,5069.0,6573.985394469053,2.32187571135898,4291,4329,102,0,4227,4312,68114,64,0,0,64,17
2020-11-04,US,Arkansas,Johnson,1069,9,0,35.56759135,-93.46036368,5071.0,4022.123560839792,0.8419083255378859,1060,1065,9,0,1056,1064,26742,4,0,0,4,1
2020-11-04,US,Arkansas,Lafayette,213,3,0,33.24116713,-93.60677071,5073.0,3215.5797101449275,1.4084507042253518,210,207,3,0,204,204,6682,6,0,0,6,3
2020-11-04,US,Arkansas,Lawrence,917,22,0,36.04188196,-91.10867198,5075.0,5589.418505424845,2.3991275899672853,895,902,22,0,880,893,16434,15,0,0,15,9
2020-11-04,US,Arkansas,Lee,1117,18,0,34.78498904,-90.78383866,5077.0,12611.4937337699,1.6114592658907791,1099,1115,18,0,1097,1114,8985,2,0,0,2,1
2020-11-04,US,Arkansas,Lincoln,2349,18,0,33.95317155,-91.74002806,5079.0,18035.93366093366,0.7662835249042146,2331,2339,18,0,2321,2338,13383,10,0,0,10,1
2020-11-04,US,Arkansas,Little River,502,37,0,33.70375665,-94.23468591,5081.0,4094.9506485031407,7.370517928286853,465,491,37,0,454,490,12326,11,0,0,11,1
2020-11-04,US,Arkansas,Logan,619,5,0,35.21413234,-93.71951016,5083.0,2883.6299263952296,0.8077544426494345,614,617,5,0,612,616,21737,2,0,0,2,1
2020-11-04,US,Arkansas,Lonoke,1923,34,0,34.75392199,-91.88742357,5085.0,2623.143133858053,1.7680707228289132,1889,1898,34,0,1864,1887,73657,25,0,0,25,11
2020-11-04,US,Arkansas,Madison,455,6,0,36.01038185,-93.72524943,5087.0,2744.9324324324325,1.3186813186813189,449,450,6,0,444,445,16481,5,0,0,5,5
2020-11-04,US,Arkansas,Marion,193,2,0,36.26844485,-92.68451899,5089.0,1156.10398945729,1.0362694300518134,191,183,2,0,181,180,16722,10,0,0,10,3
2020-11-04,US,Arkansas,Miller,1701,22,0,33.31403423,-93.89285258,5091.0,3932.311533393439,1.2933568489124043,1679,1663,22,0,1641,1637,43592,38,0,0,38,26
2020-11-04,US,Arkansas,Mississippi,2478,70,0,35.76271485,-90.05194370000002,5093.0,6095.791001451379,2.824858757062147,2408,2448,69,0,2379,2422,41239,30,1,0,29,26
2020-11-04,US,Arkansas,Monroe,235,2,0,34.6815935,-91.20540287,5095.0,3506.939262796597,0.851063829787234,233,235,2,0,233,235,6900,0,0,0,0,0
2020-11-04,US,Arkansas,Montgomery,195,8,0,34.53704874,-93.65824478,5097.0,2170.042288003561,4.102564102564102,187,191,8,0,183,188,8924,4,0,0,4,3
2020-11-04,US,Arkansas,Nevada,346,14,0,33.66340119,-93.30632432,5099.0,4192.922927775085,4.0462427745664735,332,340,14,0,326,339,8326,6,0,0,6,1
2020-11-04,US,Arkansas,Newton,328,21,0,35.91947491,-93.21612969,5101.0,4230.620405004514,6.402439024390245,307,327,21,0,306,324,7805,1,0,0,1,3
2020-11-04,US,Arkansas,Ouachita,410,9,0,33.58839816,-92.87795984,5103.0,1753.485587203832,2.1951219512195124,401,407,9,0,398,404,23606,3,0,0,3,3
2020-11-04,US,Arkansas,Perry,165,2,0,34.945915299999996,-92.94372564,5105.0,1578.1922525107605,1.2121212121212122,163,156,2,0,154,154,10352,9,0,0,9,2
2020-11-04,US,Arkansas,Phillips,793,16,0,34.43268455,-90.84800154,5107.0,4459.565853109886,2.01765447667087,777,792,16,0,776,786,18029,1,0,0,1,6
2020-11-04,US,Arkansas,Pike,281,1,0,34.16250414,-93.65789349,5109.0,2621.7577906325805,0.3558718861209965,280,278,1,0,277,277,10673,3,0,0,3,1
2020-11-04,US,Arkansas,Poinsett,1258,28,0,35.57433534,-90.66268713,5111.0,5346.820809248556,2.2257551669316373,1230,1225,27,0,1198,1210,23974,33,1,0,32,15
2020-11-04,US,Arkansas,Polk,394,5,0,34.48254879,-94.22728802,5113.0,1973.5523943097573,1.269035532994924,389,385,5,0,380,378,20049,9,0,0,9,7
2020-11-04,US,Arkansas,Pope,2896,38,0,35.44871474,-93.03212219,5115.0,4519.915095517543,1.3121546961325967,2858,2858,37,0,2821,2840,64000,38,1,0,37,18
2020-11-04,US,Arkansas,Prairie,262,5,0,34.83624419,-91.55162157,5117.0,3249.8139419498884,1.9083969465648856,257,252,5,0,247,251,8074,10,0,0,10,1
2020-11-04,US,Arkansas,Pulaski,12719,226,0,34.77054088,-92.31355101,5119.0,3245.3796907971446,1.7768692507272583,12493,12591,222,0,12369,12518,392680,128,4,0,124,73
2020-11-04,US,Arkansas,Randolph,714,26,0,36.3415714,-91.02455531,5121.0,3975.943869027732,3.641456582633053,688,700,26,0,674,695,17948,14,0,0,14,5
2020-11-04,US,Arkansas,Saline,3173,38,0,34.64916145,-92.67583224,5125.0,2591.5368720239803,1.1976047904191616,3135,3110,36,0,3074,3083,121421,63,2,0,61,27
2020-11-04,US,Arkansas,Scott,236,2,0,34.85588887,-94.0632176,5127.0,2295.496547028499,0.8474576271186439,234,235,2,0,233,233,10319,1,0,0,1,2
2020-11-04,US,Arkansas,Searcy,222,1,0,35.9109364,-92.69936482,5129.0,2816.9014084507044,0.4504504504504505,221,219,1,0,218,214,7958,3,0,0,3,5
2020-11-04,US,Arkansas,Sebastian,5219,105,0,35.19605503,-94.27162713,5131.0,4082.8619931626345,2.0118796704349493,5114,5166,103,0,5063,5133,127753,53,2,0,51,33
2020-11-04,US,Arkansas,Sevier,1458,16,0,33.99780401,-94.2424869,5133.0,8572.940553889575,1.0973936899862826,1442,1436,16,0,1420,1417,17139,22,0,0,22,19
2020-11-04,US,Arkansas,Sharp,401,10,0,36.16258158,-91.47819342,5135.0,2299.0482742804725,2.4937655860349133,391,394,10,0,384,388,17366,7,0,0,7,6
2020-11-04,US,Arkansas,St. Francis,1816,10,0,35.02201976,-90.74828138,5123.0,7265.74377850684,0.5506607929515418,1806,1813,10,0,1803,1805,25439,3,0,0,3,8
2020-11-04,US,Arkansas,Stone,411,22,0,35.86251946,-92.15684085,5137.0,3286.422517191748,5.35279805352798,389,410,22,0,388,409,12457,1,0,0,1,1
2020-11-04,US,Arkansas,Unassigned,1604,0,0,0.0,0.0,90005.0,0.0,0.0,1604,1738,0,0,1738,1675,,-134,0,0,-134,63
2020-11-04,US,Arkansas,Union,1220,52,0,33.16887091,-92.59746952,5139.0,3153.9217206969647,4.262295081967213,1168,1199,52,0,1147,1198,39126,21,0,0,21,1
2020-11-04,US,Arkansas,Van Buren,217,3,0,35.58095779,-92.51295036,5141.0,1311.5744938047749,1.3824884792626728,214,217,3,0,214,215,16603,0,0,0,0,2
2020-11-04,US,Arkansas,Washington,12097,157,0,35.976844,-94.21800746,5143.0,5057.549114291329,1.2978424402744482,11940,11995,155,0,11840,11912,236961,102,2,0,100,83
2020-11-04,US,Arkansas,White,1727,37,0,35.25688493,-91.74908296,5145.0,2192.9323327365305,2.142443543717429,1690,1677,35,0,1642,1651,78727,50,2,0,48,26
2020-11-04,US,Arkansas,Woodruff,146,0,0,35.18902527,-91.2439489,5147.0,2310.1265822784812,0.0,146,144,0,0,144,143,6490,2,0,0,2,1
2020-11-04,US,Arkansas,Yell,1374,32,0,35.00292371,-93.41171338,5149.0,6438.311231901035,2.3289665211062593,1342,1372,32,0,1340,1372,21535,2,0,0,2,0
2020-11-04,US,California,Alameda,24233,466,0,37.64629437,-121.8929271,6001.0,1449.9239826509322,1.922997565303512,23767,24162,466,0,23696,24095,1666753,71,0,0,71,67
2020-11-04,US,California,Alpine,18,0,0,38.59678594,-119.82235940000001,6003.0,1594.3312666076174,0.0,18,16,0,0,16,8,1101,2,0,0,2,8
2020-11-04,US,California,Amador,361,16,0,38.44583082,-120.65696000000001,6005.0,908.1304085329041,4.43213296398892,345,357,16,0,341,352,39383,4,0,0,4,5
2020-11-04,US,California,Butte,3211,54,0,39.66727762,-121.6005252,6007.0,1464.9658281094596,1.6817190906259731,3157,3198,54,0,3144,3185,231256,13,0,0,13,13
2020-11-04,US,California,Calaveras,361,21,0,38.20537103,-120.55291299999999,6009.0,786.4067095087681,5.8171745152354575,340,354,21,0,333,354,45602,7,0,0,7,0
2020-11-04,US,California,Colusa,572,6,0,39.17881957,-122.2331726,6011.0,2654.661901888894,1.048951048951049,566,572,6,0,566,567,21627,0,0,0,0,5
2020-11-04,US,California,Contra Costa,19416,247,0,37.91923498,-121.9289527,6013.0,1683.1870282941175,1.2721466831479191,19169,19339,247,0,19092,19254,1150215,77,0,0,77,85
2020-11-04,US,California,Del Norte,194,1,0,41.74228275,-123.89740630000001,6015.0,697.5406299439093,0.5154639175257731,193,193,1,0,192,181,27828,1,0,0,1,12
2020-11-04,US,California,El Dorado,1445,4,0,38.77965956,-120.5233166,6017.0,749.3142089679169,0.2768166089965398,1441,1429,4,0,1425,1394,190678,16,0,0,16,35
2020-11-04,US,California,Fresno,31856,447,0,36.75733899,-119.6466953,6019.0,3188.466431321757,1.4031893520843797,31409,31738,447,0,31291,31613,994400,118,0,0,118,125
2020-11-04,US,California,Glenn,707,3,0,39.59875897,-122.3938452,6021.0,2490.050364526468,0.4243281471004243,704,702,3,0,699,688,28047,5,0,0,5,14
2020-11-04,US,California,Humboldt,592,10,0,40.69923009,-123.876044,6023.0,436.71343631508284,1.6891891891891893,582,586,10,0,576,579,136373,6,0,0,6,7
2020-11-04,US,California,Imperial,13284,338,0,33.0393082,-115.36690420000001,6025.0,7330.518996771791,2.5444143330322198,12946,13260,338,0,12922,13198,181827,24,0,0,24,62
2020-11-04,US,California,Inyo,247,15,0,36.51112084,-117.41119779999998,6027.0,1369.2555019679585,6.0728744939271255,232,243,15,0,228,241,17987,4,0,0,4,2
2020-11-04,US,California,Kern,34676,425,0,35.34329425,-118.72777959999999,6029.0,3852.024323429631,1.2256315607336483,34251,34563,424,0,34139,34457,896764,113,1,0,112,106
2020-11-04,US,California,Kings,8783,84,0,36.07409056,-119.8159973,6031.0,5742.774944422649,0.956393031993624,8699,8654,84,0,8570,8641,151366,129,0,0,129,13
2020-11-04,US,California,Lake,734,17,0,39.10124298,-122.75362439999999,6033.0,1139.9993787469325,2.316076294277929,717,731,17,0,714,727,64382,3,0,0,3,4
2020-11-04,US,California,Lassen,782,1,0,40.67311306,-120.59350990000002,6035.0,2557.8124488928147,0.1278772378516624,781,782,1,0,781,782,30802,0,0,0,0,0
2020-11-04,US,California,Los Angeles,313526,7117,0,34.30828379,-118.22824109999999,6037.0,3123.0467012653608,2.2699871780968723,306409,311745,7097,0,304648,310595,10105518,1781,20,0,1761,1150
2020-11-04,US,California,Madera,5182,76,0,37.21513971,-119.76655890000002,6039.0,3293.776656263705,1.466615206483983,5106,5158,76,0,5082,5141,157672,24,0,0,24,17
2020-11-04,US,California,Marin,7181,127,0,38.07122463,-122.72106310000001,6041.0,2774.4507893333753,1.768555911432948,7054,7167,127,0,7040,7157,259666,14,0,0,14,10
2020-11-04,US,California,Mariposa,81,2,0,37.57978556,-119.9073334,6043.0,470.8481078881591,2.469135802469136,79,81,2,0,79,81,17471,0,0,0,0,0
2020-11-04,US,California,Mendocino,1188,21,0,39.4381191,-123.39113130000001,6045.0,1369.468235945083,1.7676767676767675,1167,1179,21,0,1158,1176,87606,9,0,0,9,3
2020-11-04,US,California,Merced,9819,160,0,37.18922369,-120.72090349999999,6047.0,3536.084701815039,1.6294938384764233,9659,9779,158,0,9621,9674,274765,40,2,0,38,105
2020-11-04,US,California,Modoc,58,0,0,41.58965602,-120.7244817,6049.0,656.0343852505373,0.0,58,52,0,0,52,51,8777,6,0,0,6,1
2020-11-04,US,California,Mono,237,2,0,37.93899289,-118.8872409,6051.0,1640.8197175297698,0.8438818565400844,235,236,2,0,234,211,14250,1,0,0,1,25
2020-11-04,US,California,Monterey,11906,97,0,36.21862405,-121.24133970000001,6053.0,2742.9324449789315,0.8147152696119604,11809,11817,96,0,11721,11802,435594,89,1,0,88,15
2020-11-04,US,California,Napa,2130,16,0,38.50735751,-122.33283899999999,6055.0,1546.3468463236147,0.7511737089201878,2114,2081,16,0,2065,2067,139417,49,0,0,49,14
2020-11-04,US,California,Nevada,672,9,0,39.30394768,-120.76272809999999,6057.0,673.6504435867877,1.3392857142857142,663,664,9,0,655,646,99696,8,0,0,8,18
2020-11-04,US,California,Orange,60841,1491,0,33.70147516,-117.76459979999998,6059.0,1915.834407115048,2.4506500550615544,59350,60604,1484,0,59120,60298,3185968,237,7,0,230,306
2020-11-04,US,California,Placer,4542,60,0,39.06167234,-120.72405690000001,6061.0,1140.2634505647345,1.3210039630118893,4482,4527,60,0,4467,4467,393149,15,0,0,15,60
2020-11-04,US,California,Plumas,86,0,0,40.00355989,-120.8395236,6063.0,457.2765459669272,0.0,86,86,0,0,86,86,18804,0,0,0,0,0
2020-11-04,US,California,Riverside,69827,1329,0,33.74314981,-115.9933578,6065.0,2826.379270007521,1.9032752373723631,68498,69407,1324,0,68083,68920,2450758,420,5,0,415,487
2020-11-04,US,California,Sacramento,26884,504,0,38.45106826,-121.34253740000001,6067.0,1732.1517623697052,1.8747210236571936,26380,26716,502,0,26214,26442,1540975,168,2,0,166,274
2020-11-04,US,California,San Benito,1483,15,0,36.60308176,-121.069975,6069.0,2361.164182906636,1.0114632501685772,1468,1478,15,0,1463,1477,61537,5,0,0,5,1
2020-11-04,US,California,San Bernardino,66656,1088,0,34.84060306,-116.1774685,6071.0,3057.4954646263786,1.6322611617858858,65568,65997,1079,0,64918,65331,2171603,659,9,0,650,666
2020-11-04,US,California,San Diego,58106,904,0,33.03484597,-116.73653259999999,6073.0,1740.5708842445176,1.5557773723883936,57202,57702,901,0,56801,57409,3343364,404,3,0,401,293
2020-11-04,US,California,San Francisco,12599,149,0,37.75215114,-122.43856720000001,6075.0,1429.18884826595,1.1826335423446306,12450,12554,149,0,12405,12508,883305,45,0,0,45,46
2020-11-04,US,California,San Joaquin,22365,494,0,37.93433732,-121.2730061,6077.0,2934.4694206374616,2.2088084059915047,21871,22167,494,0,21673,22106,752660,198,0,0,198,61
2020-11-04,US,California,San Luis Obispo,4380,33,0,35.38822029,-120.4039028,6079.0,1547.0963685621539,0.7534246575342466,4347,4342,33,0,4309,4303,284010,38,0,0,38,39
2020-11-04,US,California,San Mateo,11564,161,0,37.422880799999994,-122.32755459999998,6081.0,1508.5321293601526,1.3922518159806296,11403,11479,161,0,11318,11451,769545,85,0,0,85,28
2020-11-04,US,California,Santa Barbara,10016,129,0,34.65329488,-120.0188492,6083.0,2243.2301080181587,1.2879392971246006,9887,9992,129,0,9863,9969,446527,24,0,0,24,23
2020-11-04,US,California,Santa Clara,25543,421,0,37.23104908,-121.6970462,6085.0,1324.9461058214013,1.6482010727009355,25122,25421,412,0,25009,25277,1937570,122,9,0,113,144
2020-11-04,US,California,Santa Cruz,2980,26,0,37.05580291,-122.0066524,6087.0,1090.7240870675994,0.87248322147651,2954,2964,26,0,2938,2921,274255,16,0,0,16,43
2020-11-04,US,California,Shasta,2288,33,0,40.76391419,-122.0396884,6089.0,1270.5464238116392,1.4423076923076923,2255,2284,32,0,2252,2172,180040,4,1,0,3,112
2020-11-04,US,California,Sierra,6,0,0,39.57713498,-120.52007009999998,6091.0,199.6672212978369,0.0,6,6,0,0,6,6,2987,0,0,0,0,0
2020-11-04,US,California,Siskiyou,272,0,0,41.59198861,-122.54074340000001,6093.0,624.7272560233354,0.0,272,268,0,0,268,241,43724,4,0,0,4,27
2020-11-04,US,California,Solano,7940,76,0,38.26827353,-121.9357113,6095.0,1773.7348735487878,0.9571788413098236,7864,7849,76,0,7773,7801,446610,91,0,0,91,48
2020-11-04,US,California,Sonoma,10041,142,0,38.52746429,-122.88625060000001,6097.0,2031.2095416882446,1.4142017727317997,9899,9953,142,0,9811,9866,499942,88,0,0,88,87
2020-11-04,US,California,Stanislaus,18134,404,0,37.55862499,-120.9970722,6099.0,3293.139142120365,2.2278592698797843,17730,18076,403,0,17673,18027,549815,58,1,0,57,49
2020-11-04,US,California,Sutter,1951,12,0,39.03417539,-121.6945899,6101.0,2011.9417145332104,0.6150691952844695,1939,1938,12,0,1926,1912,96807,13,0,0,13,26
2020-11-04,US,California,Tehama,988,15,0,40.12570935,-122.23701709999999,6103.0,1518.0382275213572,1.5182186234817814,973,971,14,0,957,965,63916,17,1,0,16,6
2020-11-04,US,California,Trinity,37,0,0,40.64917670000001,-123.114713,6105.0,301.18030118030117,0.0,37,35,0,0,35,33,12535,2,0,0,2,2
2020-11-04,US,California,Tulare,18053,295,0,36.22026558,-118.8020203,6107.0,3872.413904053025,1.6340774386528554,17758,17947,295,0,17652,17852,465861,106,0,0,106,95
2020-11-04,US,California,Tuolumne,309,6,0,38.02644018,-119.95250929999999,6109.0,567.2014391130365,1.9417475728155342,303,306,6,0,300,295,54539,3,0,0,3,11
2020-11-04,US,California,Ventura,14816,167,0,34.44465746,-119.09106129999999,6111.0,1751.2878159256554,1.1271598272138228,14649,14767,167,0,14600,14686,850967,49,0,0,49,81
2020-11-04,US,California,Yolo,3363,62,0,38.68278902,-121.90182879999999,6113.0,1525.1700680272104,1.8435920309247693,3301,3344,61,0,3283,3320,220408,19,1,0,18,24
2020-11-04,US,California,Yuba,1398,10,0,39.26255932,-121.35356440000001,6115.0,1777.0885239233235,0.7153075822603719,1388,1383,10,0,1373,1353,78041,15,0,0,15,30
2020-11-04,US,Colorado,Adams,16635,266,0,39.87432092,-104.3362578,8001.0,3214.983543381502,1.5990381725278031,16369,16234,264,0,15970,15877,511868,401,2,0,399,357
2020-11-04,US,Colorado,Alamosa,368,9,0,37.57250606,-105.7885451,8003.0,2266.987001786484,2.4456521739130435,359,361,9,0,352,361,16683,7,0,0,7,0
2020-11-04,US,Colorado,Arapahoe,14787,389,0,39.64977461,-104.3353617,8005.0,2252.090345573341,2.6306891188205856,14398,14502,389,0,14113,14226,651215,285,0,0,285,276
2020-11-04,US,Colorado,Archuleta,69,0,0,37.19474156,-107.04768670000001,8007.0,491.8383348777532,0.0,69,69,0,0,69,68,13765,0,0,0,0,1
2020-11-04,US,Colorado,Baca,38,0,0,37.31940883,-102.5603223,8009.0,1061.1561016475844,0.0,38,38,0,0,38,37,3585,0,0,0,0,1
2020-11-04,US,Colorado,Bent,21,0,0,37.95474293,-103.0720195,8011.0,376.54653039268425,0.0,21,19,0,0,19,19,5882,2,0,0,2,0
2020-11-04,US,Colorado,Boulder,6267,93,0,40.09313619,-105.3546767,8013.0,1921.2375381672366,1.4839636189564385,6174,6155,92,0,6063,6060,326078,112,1,0,111,95
2020-11-04,US,Colorado,Broomfield,1156,42,0,39.95998787,-105.0566324,8014.0,1640.5307599517496,3.633217993079585,1114,1137,42,0,1095,1120,69267,19,0,0,19,17
2020-11-04,US,Colorado,Chaffee,439,20,0,38.74745778,-106.19265729999998,8015.0,2156.612301041462,4.555808656036446,419,435,20,0,415,435,20027,4,0,0,4,0
2020-11-04,US,Colorado,Cheyenne,15,0,0,38.82777431,-102.6032558,8017.0,819.2244675040961,0.0,15,15,0,0,15,15,1876,0,0,0,0,0
2020-11-04,US,Colorado,Clear Creek,94,1,0,39.68864463,-105.6463118,8019.0,969.0721649484536,1.0638297872340423,93,94,1,0,93,93,9605,0,0,0,0,1
2020-11-04,US,Colorado,Conejos,88,0,0,37.201606,-106.19174879999998,8021.0,1072.5167580743448,0.0,88,86,0,0,86,84,8200,2,0,0,2,2
2020-11-04,US,Colorado,Costilla,42,1,0,37.27732493,-105.4276548,8023.0,1080.5248263442245,2.380952380952381,41,42,1,0,41,42,3828,0,0,0,0,0
2020-11-04,US,Colorado,Crowley,196,1,0,38.32608609,-103.7844965,8025.0,3233.789803662761,0.5102040816326531,195,165,1,0,164,112,5858,31,0,0,31,53
2020-11-04,US,Colorado,Custer,32,0,0,38.10883162,-105.3683478,8027.0,631.4127861089188,0.0,32,27,0,0,27,24,4954,5,0,0,5,3
2020-11-04,US,Colorado,Delta,236,3,0,38.86246243,-107.86313419999999,8029.0,757.3326487388485,1.2711864406779658,233,230,3,0,227,220,30953,6,0,0,6,10
2020-11-04,US,Colorado,Denver,20977,452,0,39.76018276,-104.87256950000001,8031.0,2884.582328925167,2.154740906707346,20525,20621,452,0,20169,20312,716492,356,0,0,356,309
2020-11-04,US,Colorado,Dolores,3,0,0,37.75208676,-108.5211585,8033.0,145.98540145985402,0.0,3,3,0,0,3,3,2074,0,0,0,0,0
2020-11-04,US,Colorado,Douglas,4803,67,0,39.33133796,-104.930001,8035.0,1367.775961543938,1.394961482406829,4736,4687,65,0,4622,4568,342776,116,2,0,114,119
2020-11-04,US,Colorado,Eagle,1573,10,0,39.62754308,-106.6933637,8037.0,2853.411214105611,0.6357279084551812,1563,1561,10,0,1551,1525,54993,12,0,0,12,36
2020-11-04,US,Colorado,El Paso,12542,207,0,38.83240149,-104.5251411,8041.0,1740.9699848556988,1.6504544729708182,12335,11849,207,0,11642,11396,713856,693,0,0,693,453
2020-11-04,US,Colorado,Elbert,268,3,0,39.28656773,-104.13587209999999,8039.0,1002.6562909199748,1.1194029850746268,265,261,3,0,258,254,26282,7,0,0,7,7
2020-11-04,US,Colorado,Fremont,937,2,0,38.47362326,-105.43996670000001,8043.0,1958.6529818767115,0.21344717182497333,935,913,2,0,911,882,48021,24,0,0,24,31
2020-11-04,US,Colorado,Garfield,1288,5,0,39.59921777,-107.902708,8045.0,2144.486438787233,0.3881987577639752,1283,1261,5,0,1256,1249,59770,27,0,0,27,12
2020-11-04,US,Colorado,Gilpin,34,0,0,39.85646523,-105.5252597,8047.0,544.6099631587377,0.0,34,33,0,0,33,33,6121,1,0,0,1,0
2020-11-04,US,Colorado,Grand,162,1,0,40.10603347,-106.11780420000001,8049.0,1029.6173890936825,0.6172839506172839,161,162,1,0,161,161,15525,0,0,0,0,1
2020-11-04,US,Colorado,Gunnison,329,7,0,38.66611652,-107.0320729,8051.0,1884.0911693964035,2.127659574468085,322,323,7,0,316,322,17246,6,0,0,6,1
2020-11-04,US,Colorado,Hinsdale,4,0,0,37.82247444,-107.3004345,8053.0,487.8048780487805,0.0,4,4,0,0,4,4,811,0,0,0,0,0
2020-11-04,US,Colorado,Huerfano,43,2,0,37.68473101,-104.9612585,8055.0,623.4594751341162,4.651162790697675,41,39,2,0,37,38,6889,4,0,0,4,1
2020-11-04,US,Colorado,Jackson,9,0,0,40.66593870000001,-106.3408905,8057.0,646.5517241379309,0.0,9,9,0,0,9,9,1399,0,0,0,0,0
2020-11-04,US,Colorado,Jefferson,10298,334,0,39.58635604,-105.2517692,8059.0,1766.7414103393314,3.2433482229559134,9964,10018,327,0,9691,9779,580233,280,7,0,273,239
2020-11-04,US,Colorado,Kiowa,6,0,0,38.43260896,-102.7392145,8061.0,426.7425320056898,0.0,6,6,0,0,6,6,1383,0,0,0,0,0
2020-11-04,US,Colorado,Kit Carson,139,3,0,39.30497777,-102.60221990000001,8063.0,1958.5740453712835,2.1582733812949644,136,139,3,0,136,139,7163,0,0,0,0,0
2020-11-04,US,Colorado,La Plata,405,2,0,37.28632032,-107.8429014,8067.0,720.3713914729371,0.4938271604938271,403,401,2,0,399,396,56310,4,0,0,4,5
2020-11-04,US,Colorado,Lake,152,0,0,39.20278823,-106.35556969999999,8065.0,1870.308847053033,0.0,152,151,0,0,151,151,7824,1,0,0,1,0
2020-11-04,US,Colorado,Larimer,4804,59,0,40.66671597,-105.4625784,8069.0,1346.0390754807386,1.228143213988343,4745,4716,59,0,4657,4627,350518,88,0,0,88,89
2020-11-04,US,Colorado,Las Animas,92,1,0,37.3153406,-104.03764579999999,8071.0,634.2203226251206,1.0869565217391304,91,88,1,0,87,86,14503,4,0,0,4,2
2020-11-04,US,Colorado,Lincoln,25,0,0,38.98749519,-103.51366490000001,8073.0,438.5195579722856,0.0,25,25,0,0,25,25,5610,0,0,0,0,0
2020-11-04,US,Colorado,Logan,1407,14,0,40.7249637,-103.110817,8075.0,6278.727297068142,0.9950248756218906,1393,1387,13,0,1374,1369,21528,20,1,0,19,18
2020-11-04,US,Colorado,Mesa,1965,19,0,39.01787888,-108.469799,8077.0,1274.2364308410608,0.9669211195928752,1946,1903,16,0,1887,1802,153207,62,3,0,59,101
2020-11-04,US,Colorado,Mineral,21,0,0,37.66954283,-106.92816979999999,8079.0,2730.8192457737327,0.0,21,21,0,0,21,21,776,0,0,0,0,0
2020-11-04,US,Colorado,Moffat,85,1,0,40.61810999,-108.2070876,8081.0,639.9156816984115,1.1764705882352942,84,77,1,0,76,78,13188,8,0,0,8,-1
2020-11-04,US,Colorado,Montezuma,239,5,0,37.33859579,-108.59588570000001,8083.0,912.8060191727457,2.092050209205021,234,235,5,0,230,234,26158,4,0,0,4,1
2020-11-04,US,Colorado,Montrose,502,14,0,38.40214114,-108.26390220000002,8085.0,1174.0493007156556,2.7888446215139444,488,497,13,0,484,496,42214,5,1,0,4,1
2020-11-04,US,Colorado,Morgan,957,48,0,40.26279810000001,-103.8093302,8087.0,3292.2801706343744,5.015673981191223,909,937,48,0,889,929,28558,20,0,0,20,8
2020-11-04,US,Colorado,Otero,198,7,0,37.9014485,-103.7173385,8089.0,1083.2695043221358,3.5353535353535355,191,189,7,0,182,185,18432,9,0,0,9,4
2020-11-04,US,Colorado,Ouray,45,2,0,38.14717457,-107.7675136,8091.0,908.723747980614,4.4444444444444455,43,44,2,0,42,44,4833,1,0,0,1,0
2020-11-04,US,Colorado,Park,114,1,0,39.120926000000004,-105.7182065,8093.0,604.9349960201645,0.8771929824561403,113,113,1,0,112,107,18556,1,0,0,1,6
2020-11-04,US,Colorado,Phillips,71,0,0,40.59414277,-102.3577703,8095.0,1664.7127784290738,0.0,71,70,0,0,70,67,4286,1,0,0,1,3
2020-11-04,US,Colorado,Pitkin,306,2,0,39.21720112,-106.9310027,8097.0,1722.2941408228742,0.6535947712418301,304,302,2,0,300,298,17950,4,0,0,4,4
2020-11-04,US,Colorado,Prowers,223,5,0,37.95544985,-102.3926052,8099.0,1832.073611567532,2.242152466367713,218,212,4,0,208,206,12164,11,1,0,10,6
2020-11-04,US,Colorado,Pueblo,2721,50,0,38.17359144,-104.5127437,8101.0,1615.5654776041422,1.8375597206909224,2671,2635,48,0,2587,2509,167529,86,2,0,84,126
2020-11-04,US,Colorado,Rio Blanco,31,0,0,39.97913541,-108.2179009,8103.0,490.19607843137254,0.0,31,31,0,0,31,31,6336,0,0,0,0,0
2020-11-04,US,Colorado,Rio Grande,133,3,0,37.5836865,-106.3847838,8105.0,1180.4384485666105,2.255639097744361,130,133,3,0,130,132,11250,0,0,0,0,1
2020-11-04,US,Colorado,Routt,243,9,0,40.48596505,-106.9905548,8107.0,947.811841797332,3.703703703703704,234,239,9,0,230,230,25733,4,0,0,4,9
2020-11-04,US,Colorado,Saguache,151,2,0,38.08054629,-106.28246599999999,8109.0,2212.7784290738573,1.3245033112582782,149,149,2,0,147,148,6843,2,0,0,2,1
2020-11-04,US,Colorado,San Juan,11,0,0,37.76248981,-107.67632890000002,8111.0,1510.989010989011,0.0,11,11,0,0,11,11,762,0,0,0,0,0
2020-11-04,US,Colorado,San Miguel,112,0,0,38.00450883,-108.4020725,8113.0,1369.3605575253698,0.0,112,112,0,0,112,111,8191,0,0,0,0,1
2020-11-04,US,Colorado,Sedgwick,51,1,0,40.87595412,-102.3519227,8115.0,2268.6832740213517,1.96078431372549,50,50,1,0,49,46,2303,1,0,0,1,4
2020-11-04,US,Colorado,Summit,857,4,0,39.63803232,-106.1150762,8117.0,2763.5355196543164,0.4667444574095682,853,826,4,0,822,799,31007,31,0,0,31,27
2020-11-04,US,Colorado,Teller,287,4,0,38.88133511,-105.16148929999999,8119.0,1130.455333228297,1.3937282229965158,283,278,4,0,274,274,25083,9,0,0,9,4
2020-11-04,US,Colorado,Unassigned,23,0,0,0.0,0.0,90008.0,0.0,0.0,23,23,0,0,23,23,,0,0,0,0,0
2020-11-04,US,Colorado,Washington,111,1,0,39.97015535,-103.202587,8121.0,2261.6136919315404,0.9009009009009008,110,110,0,0,110,110,4909,1,1,0,0,0
2020-11-04,US,Colorado,Weld,7167,160,0,40.55499405,-104.39296209999999,8123.0,2208.6831108317,2.232454304450956,7007,7017,159,0,6858,6902,314305,150,1,0,149,115
2020-11-04,US,Colorado,Yuma,230,1,0,40.00346839,-102.4258673,8125.0,2295.6382872542167,0.43478260869565216,229,229,1,0,228,227,10020,1,0,0,1,2
2020-11-04,US,Connecticut,Fairfield,25538,1443,0,41.26809896,-73.3881171,9001.0,2707.212307013861,5.650403320541938,24095,25365,1442,0,23923,25048,943823,173,1,0,172,317
2020-11-04,US,Connecticut,Hartford,19131,1496,0,41.80283011,-72.73103891,9003.0,2145.404387027318,7.8197689613715955,17635,19043,1491,0,17552,18739,892697,88,5,0,83,304
2020-11-04,US,Connecticut,Litchfield,2448,145,0,41.7937534,-73.2451475,9005.0,1357.488646004891,5.923202614379085,2303,2430,145,0,2285,2404,181111,18,0,0,18,26
2020-11-04,US,Connecticut,Middlesex,2145,197,0,41.45949668,-72.53714864,9007.0,1320.5200817552761,9.184149184149183,1948,2129,197,0,1932,2092,162682,16,0,0,16,37
2020-11-04,US,Connecticut,New Haven,18374,1132,0,41.408032500000004,-72.93620426,9009.0,2149.616791672955,6.1608795036464565,17242,18244,1130,0,17114,18048,857620,130,2,0,128,196
2020-11-04,US,Connecticut,New London,4068,144,0,41.48896435,-72.10430976,9011.0,1533.9019479197302,3.5398230088495577,3924,4041,143,0,3898,3955,266784,27,1,0,26,86
2020-11-04,US,Connecticut,Tolland,1864,68,0,41.85853803,-72.3308481,9013.0,1236.7221555058686,3.6480686695278974,1796,1849,68,0,1781,1825,150921,15,0,0,15,24
2020-11-04,US,Connecticut,Unassigned,239,0,0,0.0,0.0,90009.0,0.0,0.0,239,185,0,0,185,219,,54,0,0,54,-34
2020-11-04,US,Connecticut,Windham,1566,20,0,41.82972709,-71.98182316,9015.0,1340.960079464301,1.277139208173691,1546,1557,19,0,1538,1528,117027,9,1,0,8,29
2020-11-04,US,Delaware,Kent,3636,122,0,39.08646628,-75.56884914,10001.0,2011.2176827851715,3.3553355335533555,3514,3629,122,0,3507,3613,178550,7,0,0,7,16
2020-11-04,US,Delaware,New Castle,13507,354,0,39.57992638,-75.64054974,10003.0,2417.3471999255485,2.620863256089435,13153,13451,354,0,13097,13394,559335,56,0,0,56,57
2020-11-04,US,Delaware,Sussex,8299,236,0,38.66143781,-75.39031349,10005.0,3543.174298217526,2.843716110374744,8063,8255,236,0,8019,8213,229286,44,0,0,44,42
2020-11-04,US,Delaware,Unassigned,92,0,0,0.0,0.0,90010.0,0.0,0.0,92,91,0,0,91,91,,1,0,0,1,0
2020-11-04,US,District of Columbia,District of Columbia,17601,647,0,38.90417773,-77.01655992,11001.0,2493.946147993125,3.675927504119084,16954,17524,647,0,16877,17438,702455,77,0,0,77,86
2020-11-04,US,Florida,Alachua,10913,78,0,29.67866525,-82.35928158,12001.0,4056.228929948001,0.7147438834417666,10835,10842,78,0,10764,10760,269956,71,0,0,71,82
2020-11-04,US,Florida,Baker,1826,24,0,30.33060121,-82.28467476,12003.0,6251.2838069154395,1.3143483023001097,1802,1819,24,0,1795,1811,28355,7,0,0,7,8
2020-11-04,US,Florida,Bay,7013,138,0,30.26548745,-85.62122584,12005.0,4014.195357889013,1.967774133751604,6875,6979,135,0,6844,6905,185287,34,3,0,31,74
2020-11-04,US,Florida,Bradford,1246,15,0,29.95079741,-82.16611613,12007.0,4418.283039608525,1.203852327447833,1231,1246,15,0,1231,1243,27732,0,0,0,0,3
2020-11-04,US,Florida,Brevard,12195,384,0,28.29409504,-80.73091022,12009.0,2025.9426987982226,3.148831488314883,11811,12034,378,0,11656,11888,596849,161,6,0,155,146
2020-11-04,US,Florida,Broward,88381,1534,0,26.15184651,-80.48725556,12011.0,4525.911291503694,1.7356671682827758,86847,87959,1532,0,86427,87456,1951260,422,2,0,420,503
2020-11-04,US,Florida,Calhoun,734,15,0,30.40666734,-85.19394153,12013.0,5203.828429634881,2.043596730245232,719,734,14,0,720,733,14587,0,1,0,-1,1
2020-11-04,US,Florida,Charlotte,3859,161,0,26.90131002,-81.92949121,12015.0,2042.7716902228574,4.172065301891681,3698,3811,161,0,3650,3773,184998,48,0,0,48,38
2020-11-04,US,Florida,Citrus,3369,136,0,28.84804315,-82.47614748,12017.0,2251.147624234082,4.036806173938854,3233,3344,136,0,3208,3328,147929,25,0,0,25,16
2020-11-04,US,Florida,Clay,6340,127,0,29.98319144,-81.85609986,12019.0,2891.649791107949,2.003154574132492,6213,6291,127,0,6164,6255,216072,49,0,0,49,36
2020-11-04,US,Florida,Collier,14909,256,0,26.11091986,-81.34687065,12021.0,3873.4535024499737,1.717083640753907,14653,14839,256,0,14583,14742,378488,70,0,0,70,97
2020-11-04,US,Florida,Columbia,4340,79,0,30.22509788,-82.62160164,12023.0,6054.1807326395665,1.8202764976958523,4261,4327,79,0,4248,4311,70503,13,0,0,13,16
2020-11-04,US,Florida,DeSoto,1699,29,0,27.18677893,-81.80941373,12027.0,4470.934975395385,1.7068864037669218,1670,1694,29,0,1665,1690,37489,5,0,0,5,4
2020-11-04,US,Florida,Dixie,915,11,0,29.60631086,-83.15724673,12029.0,5438.012599548318,1.2021857923497268,904,914,11,0,903,912,16700,1,0,0,1,2
2020-11-04,US,Florida,Duval,36081,532,0,30.33225875,-81.66976468,12031.0,3767.2473649315334,1.4744602422327542,35549,35956,531,0,35425,35806,950181,125,1,0,124,150
2020-11-04,US,Florida,Escambia,13914,273,0,30.67652764,-87.37284571,12033.0,4371.12806142324,1.9620526088831396,13641,13804,273,0,13531,13730,315534,110,0,0,110,74
2020-11-04,US,Florida,Flagler,2225,40,0,29.45933576,-81.31508595,12035.0,1933.4208079526595,1.7977528089887642,2185,2205,41,0,2164,2193,112067,20,-1,0,21,12
2020-11-04,US,Florida,Franklin,791,4,0,29.83791238,-84.82731662,12037.0,6523.711340206187,0.5056890012642224,787,786,4,0,782,785,11736,5,0,0,5,1
2020-11-04,US,Florida,Gadsden,3076,56,0,30.57796289,-84.61915825,12039.0,6736.7498904949625,1.820546163849155,3020,3075,56,0,3019,3073,45894,1,0,0,1,2
2020-11-04,US,Florida,Gilchrist,620,19,0,29.72856978,-82.79880657,12041.0,3336.5622645570984,3.0645161290322585,601,616,19,0,597,615,18256,4,0,0,4,1
2020-11-04,US,Florida,Glades,622,6,0,26.95635849,-81.18996211,12043.0,4503.656505683875,0.964630225080386,616,614,6,0,608,613,13724,8,0,0,8,1
2020-11-04,US,Florida,Gulf,964,15,0,29.93543004,-85.24270990000002,12045.0,7067.966859740451,1.5560165975103737,949,960,15,0,945,958,16164,4,0,0,4,2
2020-11-04,US,Florida,Hamilton,918,10,0,30.49673973,-82.94998918,12047.0,6362.628222899917,1.0893246187363834,908,913,10,0,903,912,14310,5,0,0,5,1
2020-11-04,US,Florida,Hardee,1633,17,0,27.49293939,-81.80956574,12049.0,6062.293499647325,1.0410287813839558,1616,1630,17,0,1613,1627,27245,3,0,0,3,3
2020-11-04,US,Florida,Hendry,2273,44,0,26.55386945,-81.16469006,12051.0,5409.071438770168,1.935767707875055,2229,2262,44,0,2218,2255,41556,11,0,0,11,7
2020-11-04,US,Florida,Hernando,3869,177,0,28.55364461,-82.42700204,12053.0,1995.1526402640266,4.574825536314293,3692,3846,177,0,3669,3817,190865,23,0,0,23,29
2020-11-04,US,Florida,Highlands,2807,119,0,27.34254618,-81.34071957,12055.0,2642.603628284425,4.239401496259352,2688,2758,119,0,2639,2732,105424,49,0,0,49,26
2020-11-04,US,Florida,Hillsborough,49376,827,0,27.9276559,-82.32013172,12057.0,3354.4207482771367,1.6749027867790018,48549,49150,822,0,48328,48925,1436888,226,5,0,221,225
2020-11-04,US,Florida,Holmes,956,13,0,30.86747479,-85.81319222,12059.0,4873.324157618392,1.3598326359832635,943,946,13,0,933,936,19477,10,0,0,10,10
2020-11-04,US,Florida,Indian River,4014,125,0,27.69308961,-80.60556721,12061.0,2509.957917247676,3.114100647732935,3889,3980,125,0,3855,3956,157413,34,0,0,34,24
2020-11-04,US,Florida,Jackson,3229,83,0,30.795459700000002,-85.21500423,12063.0,6956.952643598914,2.57045524930319,3146,3202,83,0,3119,3167,48305,27,0,0,27,35
2020-11-04,US,Florida,Jefferson,689,11,0,30.43669112,-83.89442308,12065.0,4836.445317983996,1.5965166908563135,678,683,11,0,672,682,14288,6,0,0,6,1
2020-11-04,US,Florida,Lafayette,1287,16,0,29.98484137,-83.18166636,12067.0,15281.405841842792,1.2432012432012431,1271,1283,16,0,1267,1279,8732,4,0,0,4,4
2020-11-04,US,Florida,Lake,8947,232,0,28.76202069,-81.7125123,12069.0,2437.0910715355826,2.5930479490331955,8715,8851,228,0,8623,8785,356495,96,4,0,92,66
2020-11-04,US,Florida,Lee,24152,523,0,26.58410348,-81.88399313,12071.0,3134.2747058373143,2.1654521364690296,23629,23980,523,0,23457,23834,754610,172,0,0,172,146
2020-11-04,US,Florida,Leon,12658,118,0,30.45955727,-84.27491114,12073.0,4311.572235355028,0.9322167799020382,12540,12551,118,0,12433,12483,292502,107,0,0,107,68
2020-11-04,US,Florida,Levy,1173,12,0,29.31829741,-82.74007147,12075.0,2826.3017131291717,1.0230179028132993,1161,1167,12,0,1155,1161,40770,6,0,0,6,6
2020-11-04,US,Florida,Liberty,543,11,0,30.23766008,-84.8829258,12077.0,6499.8802968637765,2.0257826887661143,532,542,11,0,531,540,8457,1,0,0,1,2
2020-11-04,US,Florida,Madison,1090,25,0,30.44396917,-83.47398594,12079.0,5894.122100254151,2.2935779816513757,1065,1086,25,0,1061,1085,18529,4,0,0,4,1
2020-11-04,US,Florida,Manatee,13842,330,0,27.47196942,-82.31831044,12081.0,3432.5845065008807,2.3840485478977027,13512,13753,330,0,13423,13699,394855,89,0,0,89,54
2020-11-04,US,Florida,Marion,11089,350,0,29.21227113,-82.05803627,12083.0,3033.270510614669,3.1562809991883847,10739,11048,351,0,10697,10998,359977,41,-1,0,42,50
2020-11-04,US,Florida,Martin,5482,168,0,27.0772071,-80.43109784,12085.0,3404.9689440993793,3.064574972637724,5314,5455,170,0,5285,5437,160912,27,-2,0,29,18
2020-11-04,US,Florida,Miami-Dade,189332,3670,0,25.6112362,-80.55170587,12086.0,6968.574940926189,1.9383939323516364,185662,188636,3675,0,184961,187757,2761581,696,-5,0,701,879
2020-11-04,US,Florida,Monroe,2426,25,0,25.20904673,-81.07812416,12087.0,3268.3084550304466,1.030502885408079,2401,2401,25,0,2376,2366,75027,25,0,0,25,35
2020-11-04,US,Florida,Nassau,2535,52,0,30.61037141,-81.80297522,12089.0,2860.366713681241,2.051282051282051,2483,2517,52,0,2465,2514,85832,18,0,0,18,3
2020-11-04,US,Florida,Okaloosa,6722,130,0,30.69143028,-86.59267105,12091.0,3189.7427137013733,1.9339482296935435,6592,6657,130,0,6527,6590,207269,65,0,0,65,67
2020-11-04,US,Florida,Okeechobee,1775,43,0,27.386336199999995,-80.88944347,12093.0,4209.353063934737,2.422535211267605,1732,1769,41,0,1728,1763,41537,6,2,0,4,6
2020-11-04,US,Florida,Orange,47655,561,0,28.51367621,-81.31799498,12095.0,3419.924044746428,1.1772112055398174,47094,47346,561,0,46785,46986,1380645,309,0,0,309,360
2020-11-04,US,Florida,Osceola,14644,211,0,28.06312234,-81.14882926,12097.0,3897.2617504677296,1.4408631521442228,14433,14564,212,0,14352,14474,367990,80,-1,0,81,90
2020-11-04,US,Florida,Palm Beach,53802,1604,0,26.64676272,-80.46536002,12099.0,3594.540243323957,2.981301810341623,52198,53511,1599,0,51912,53151,1485941,291,5,0,286,360
2020-11-04,US,Florida,Pasco,11328,245,0,28.30810945,-82.40227529,12101.0,2044.9609800215546,2.1627824858757063,11083,11242,244,0,10998,11147,539630,86,1,0,85,95
2020-11-04,US,Florida,Pinellas,26679,829,0,27.93130349,-82.72239666,12103.0,2736.3189182314595,3.107312867798643,25850,26477,828,0,25649,26339,975280,202,1,0,201,138
2020-11-04,US,Florida,Polk,23612,633,0,27.95027105,-81.69732947,12105.0,3257.829649671555,2.680840250719973,22979,23525,633,0,22892,23405,708009,87,0,0,87,120
2020-11-04,US,Florida,Putnam,2441,52,0,29.60779729,-81.74230285,12107.0,3275.5867473598055,2.1302744776730846,2389,2426,50,0,2376,2416,74163,15,2,0,13,10
2020-11-04,US,Florida,Santa Rosa,6107,88,0,30.69341450000001,-87.02458128,12113.0,3313.3853824743787,1.4409693794006877,6019,6073,88,0,5985,6048,179349,34,0,0,34,25
2020-11-04,US,Florida,Sarasota,10082,348,0,27.18546175,-82.33174248,12115.0,2324.423274665585,3.4516960920452293,9734,10024,345,0,9679,9966,426718,58,3,0,55,58
2020-11-04,US,Florida,Seminole,10645,245,0,28.7158582,-81.24060348,12117.0,2256.1283184902913,2.3015500234852038,10400,10576,245,0,10331,10512,467832,69,0,0,69,64
2020-11-04,US,Florida,St. Johns,6831,85,0,29.90096506,-81.43589967,12109.0,2580.930359085963,1.244327331283853,6746,6782,85,0,6697,6720,254261,49,0,0,49,62
2020-11-04,US,Florida,St. Lucie,9324,336,0,27.37763908,-80.47106649,12111.0,2840.111240736285,3.603603603603604,8988,9265,336,0,8929,9213,321128,59,0,0,59,52
2020-11-04,US,Florida,Sumter,3009,87,0,28.70181754,-82.0794267,12119.0,2272.31536021749,2.8913260219341974,2922,2991,86,0,2905,2967,128754,18,1,0,17,24
2020-11-04,US,Florida,Suwannee,3048,79,0,30.19746066,-82.99099670000003,12121.0,6862.237431614021,2.5918635170603674,2969,3034,78,0,2956,3028,44191,14,1,0,13,6
2020-11-04,US,Florida,Taylor,1511,18,0,30.04848048,-83.60445406,12123.0,7005.42445175947,1.1912640635340834,1493,1508,18,0,1490,1501,21623,3,0,0,3,7
2020-11-04,US,Florida,Unassigned,1864,0,0,0.0,0.0,90012.0,0.0,0.0,1864,1899,0,0,1899,1915,,-35,0,0,-35,-16
2020-11-04,US,Florida,Union,1167,47,0,30.04412971,-82.37497443,12125.0,7658.987989761764,4.027420736932305,1120,1159,45,0,1114,1151,14940,8,2,0,6,8
2020-11-04,US,Florida,Volusia,13282,326,0,29.05858895,-81.18263252,12127.0,2400.575472993977,2.454449631079657,12956,13186,324,0,12862,13089,547538,96,2,0,94,97
2020-11-04,US,Florida,Wakulla,1353,11,0,30.16548905,-84.39895211,12129.0,4010.19591570586,0.8130081300813008,1342,1350,11,0,1339,1345,32461,3,0,0,3,5
2020-11-04,US,Florida,Walton,2620,30,0,30.64204028,-86.16935664,12131.0,3537.146791591851,1.1450381679389312,2590,2586,30,0,2556,2553,71375,34,0,0,34,33
2020-11-04,US,Florida,Washington,1270,24,0,30.61359259,-85.66002461,12133.0,4985.671102736231,1.889763779527559,1246,1261,24,0,1237,1257,24880,9,0,0,9,4
2020-11-04,US,Georgia,Appling,1182,38,0,31.74847232,-82.28909114,13001.0,6428.804525182205,3.2148900169204735,1144,1179,38,0,1141,1179,18507,3,0,0,3,0
2020-11-04,US,Georgia,Atkinson,491,7,0,31.29633502,-82.87545866,13003.0,6013.472137170851,1.4256619144602851,484,489,7,0,482,488,8297,2,0,0,2,1
2020-11-04,US,Georgia,Bacon,637,16,0,31.55456473,-82.45936528,13005.0,5705.8402006449305,2.5117739403453694,621,637,16,0,621,638,11185,0,0,0,0,-1
2020-11-04,US,Georgia,Baker,96,6,0,31.32669878,-84.44218806,13007.0,3159.973666886109,6.25,90,93,6,0,87,92,3092,3,0,0,3,1
2020-11-04,US,Georgia,Baldwin,2347,65,0,33.06882326,-83.24701748,13009.0,5228.335932278904,2.7694929697486157,2282,2343,65,0,2278,2339,44823,4,0,0,4,4
2020-11-04,US,Georgia,Banks,587,8,0,34.35607081,-83.49644388,13011.0,3051.8872829364673,1.3628620102214652,579,583,8,0,575,576,18988,4,0,0,4,7
2020-11-04,US,Georgia,Barrow,2718,52,0,33.99148694,-83.71436292,13013.0,3265.257087938491,1.9131714495952907,2666,2702,52,0,2650,2683,80809,16,0,0,16,19
2020-11-04,US,Georgia,Bartow,3774,96,0,34.23732119,-84.83887523,13015.0,3502.942323042937,2.5437201907790143,3678,3741,96,0,3645,3717,106408,33,0,0,33,24
2020-11-04,US,Georgia,Ben Hill,892,34,0,31.76095874,-83.22145359,13017.0,5341.317365269461,3.8116591928251116,858,888,34,0,854,887,16787,4,0,0,4,1
2020-11-04,US,Georgia,Berrien,505,14,0,31.27590016,-83.22529920000002,13019.0,2603.495385884415,2.7722772277227716,491,505,14,0,491,503,19252,0,0,0,0,2
2020-11-04,US,Georgia,Bibb,6767,201,0,32.80904227,-83.70489165,13021.0,4418.284266677113,2.9702970297029703,6566,6736,200,0,6536,6719,153095,31,1,0,30,17
2020-11-04,US,Georgia,Bleckley,518,27,0,32.43829035,-83.33035166,13023.0,4023.926046764546,5.212355212355212,491,515,27,0,488,514,12838,3,0,0,3,1
2020-11-04,US,Georgia,Brantley,478,13,0,31.19576557,-81.97743999,13025.0,2501.439112460097,2.719665271966527,465,476,13,0,463,473,18897,2,0,0,2,3
2020-11-04,US,Georgia,Brooks,554,26,0,30.83922642,-83.58303423,13027.0,3584.1366371223394,4.693140794223827,528,553,26,0,527,553,15513,1,0,0,1,0
2020-11-04,US,Georgia,Bryan,1319,16,0,32.00979311,-81.44002948,13029.0,3328.5386226562696,1.2130401819560273,1303,1311,16,0,1295,1309,38109,8,0,0,8,2
2020-11-04,US,Georgia,Bulloch,3137,33,0,32.39577406,-81.74811421,13031.0,3940.558737815295,1.0519604717883329,3104,3130,33,0,3097,3129,77296,7,0,0,7,1
2020-11-04,US,Georgia,Burke,906,12,0,33.05917989,-81.99928721,13033.0,4047.7147835410797,1.3245033112582782,894,904,12,0,892,904,22423,2,0,0,2,0
2020-11-04,US,Georgia,Butts,761,44,0,33.283094500000004,-83.95435040000002,13035.0,3051.81264035932,5.781865965834428,717,758,44,0,714,751,24193,3,0,0,3,7
2020-11-04,US,Georgia,Calhoun,281,10,0,31.53169785,-84.62725131,13037.0,4540.313459363387,3.5587188612099645,271,277,10,0,267,277,6352,4,0,0,4,0
2020-11-04,US,Georgia,Camden,1474,18,0,30.92951916,-81.66601818,13039.0,2696.37434602861,1.2211668928086838,1456,1465,18,0,1447,1467,53677,9,0,0,9,-2
2020-11-04,US,Georgia,Candler,560,25,0,32.40209349,-82.07702563,13043.0,5183.745255947422,4.464285714285714,535,553,25,0,528,550,10836,7,0,0,7,3
2020-11-04,US,Georgia,Carroll,3490,78,0,33.58138199,-85.07976677,13045.0,2908.52723514901,2.2349570200573066,3412,3458,78,0,3380,3442,118121,32,0,0,32,16
2020-11-04,US,Georgia,Catoosa,1538,25,0,34.89872298,-85.13757014,13047.0,2275.821248890204,1.625487646293888,1513,1523,23,0,1500,1504,67420,15,2,0,13,19
2020-11-04,US,Georgia,Charlton,652,10,0,30.78371028,-82.13951596,13049.0,4868.57825567503,1.5337423312883436,642,651,10,0,641,650,12968,1,0,0,1,1
2020-11-04,US,Georgia,Chatham,9613,193,0,32.00043026,-81.12489526,13051.0,3321.355768234115,2.0076979090814517,9420,9569,192,0,9377,9548,289195,44,1,0,43,21
2020-11-04,US,Georgia,Chattahoochee,1815,1,0,32.34341231,-84.78809239,13053.0,16640.689465480882,0.05509641873278237,1814,1813,1,0,1812,1804,10684,2,0,0,2,9
2020-11-04,US,Georgia,Chattooga,996,29,0,34.47197698,-85.34535662,13055.0,4017.9111702771393,2.9116465863453813,967,989,29,0,960,979,24790,7,0,0,7,10
2020-11-04,US,Georgia,Cherokee,7498,102,0,34.24393976,-84.47431861,13057.0,2897.5202204248512,1.3603627634035742,7396,7441,102,0,7339,7386,254149,57,0,0,57,55
2020-11-04,US,Georgia,Clarke,5917,50,0,33.95436462,-83.37124007,13059.0,4610.7331821617545,0.8450228156160217,5867,5901,50,0,5851,5877,127330,16,0,0,16,24
2020-11-04,US,Georgia,Clay,124,3,0,31.62221166,-84.97713865,13061.0,4375.441072688779,2.419354838709677,121,124,3,0,121,124,2887,0,0,0,0,0
2020-11-04,US,Georgia,Clayton,8586,179,0,33.54187245,-84.35594188,13063.0,2937.8353224570237,2.0847891917074306,8407,8532,179,0,8353,8485,289615,54,0,0,54,47
2020-11-04,US,Georgia,Clinch,462,13,0,30.91395822,-82.70432472,13065.0,6980.961015412511,2.813852813852814,449,461,13,0,448,461,6648,1,0,0,1,0
2020-11-04,US,Georgia,Cobb,22709,466,0,33.94243204,-84.5761255,13067.0,2987.472061104453,2.0520498480778544,22243,22587,465,0,22122,22430,756865,122,1,0,121,157
2020-11-04,US,Georgia,Coffee,2324,64,0,31.54892966,-82.85492059999999,13069.0,5370.554387262265,2.753872633390705,2260,2316,64,0,2252,2308,43093,8,0,0,8,8
2020-11-04,US,Georgia,Colquitt,2155,40,0,31.18810588,-83.7677946,13071.0,4725.877192982456,1.8561484918793505,2115,2146,40,0,2106,2142,45592,9,0,0,9,4
2020-11-04,US,Georgia,Columbia,4538,66,0,33.54534185,-82.263524,13073.0,2895.720867312429,1.4543851917144115,4472,4524,66,0,4458,4517,154291,14,0,0,14,7
2020-11-04,US,Georgia,Cook,632,16,0,31.16068491,-83.42947229,13075.0,3659.525188187608,2.5316455696202533,616,623,16,0,607,616,17162,9,0,0,9,7
2020-11-04,US,Georgia,Coweta,3048,63,0,33.35334302,-84.76129976,13077.0,2052.400864594065,2.066929133858268,2985,3038,63,0,2975,3030,145864,10,0,0,10,8
2020-11-04,US,Georgia,Crawford,197,6,0,32.71391813,-83.98061238,13079.0,1588.1973556917126,3.045685279187817,191,197,6,0,191,197,12318,0,0,0,0,0
2020-11-04,US,Georgia,Crisp,672,24,0,31.92289565,-83.76811843,13081.0,3003.754693366709,3.571428571428572,648,670,24,0,646,666,22601,2,0,0,2,4
2020-11-04,US,Georgia,Dade,390,6,0,34.854916700000004,-85.50490424,13083.0,2419.9553239017127,1.5384615384615383,384,382,6,0,376,377,16226,8,0,0,8,5
2020-11-04,US,Georgia,Dawson,937,11,0,34.44244079,-84.16964071,13085.0,3588.9382564731122,1.1739594450373532,926,931,11,0,920,927,25083,6,0,0,6,4
2020-11-04,US,Georgia,DeKalb,22109,407,0,33.76944049,-84.22396017,13089.0,2911.7723367799426,1.8408792799312497,21702,21882,404,0,21478,21744,756558,227,3,0,224,138
2020-11-04,US,Georgia,Decatur,1319,36,0,30.87967778,-84.57619536,13087.0,4995.455234055446,2.7293404094010616,1283,1315,35,0,1280,1315,26575,4,1,0,3,0
2020-11-04,US,Georgia,Dodge,653,23,0,32.17265114,-83.16948926,13091.0,3169.133705411308,3.5222052067381315,630,648,21,0,627,638,20705,5,2,0,3,10
2020-11-04,US,Georgia,Dooly,381,19,0,32.15630737,-83.79746561,13093.0,2845.4070201643017,4.986876640419948,362,380,19,0,361,380,13706,1,0,0,1,0
2020-11-04,US,Georgia,Dougherty,3322,193,0,31.53328528,-84.21722377,13095.0,3776.888444222111,5.8097531607465385,3129,3321,191,0,3130,3320,91243,1,2,0,-1,1
2020-11-04,US,Georgia,Douglas,4270,75,0,33.70291126,-84.77026156,13097.0,2917.802696405021,1.7564402810304451,4195,4237,73,0,4164,4215,145331,33,2,0,31,22
2020-11-04,US,Georgia,Early,562,35,0,31.32155345,-84.90255207,13099.0,5515.210991167813,6.227758007117437,527,560,35,0,525,559,10247,2,0,0,2,1
2020-11-04,US,Georgia,Echols,246,2,0,30.71101099,-82.89687287,13101.0,6140.788816774838,0.8130081300813008,244,246,2,0,244,246,4000,0,0,0,0,0
2020-11-04,US,Georgia,Effingham,1879,29,0,32.36616021,-81.34280942,13103.0,2922.421301480652,1.5433741351782864,1850,1867,29,0,1838,1864,62190,12,0,0,12,3
2020-11-04,US,Georgia,Elbert,783,11,0,34.11302332,-82.83936148,13105.0,4079.399812441388,1.40485312899106,772,778,11,0,767,771,19120,5,0,0,5,7
2020-11-04,US,Georgia,Emanuel,1230,39,0,32.59221302,-82.30239915,13107.0,5431.422767817716,3.1707317073170733,1191,1223,39,0,1184,1218,22612,7,0,0,7,5
2020-11-04,US,Georgia,Evans,492,7,0,32.15328841,-81.8870105,13109.0,4617.983855828797,1.4227642276422765,485,491,7,0,484,490,10721,1,0,0,1,1
2020-11-04,US,Georgia,Fannin,846,27,0,34.86430205,-84.316964,13111.0,3230.487246066901,3.191489361702128,819,840,27,0,813,838,25964,6,0,0,6,2
2020-11-04,US,Georgia,Fayette,2227,57,0,33.41357794,-84.49089434,13113.0,1946.3210424659808,2.5594970812752584,2170,2217,57,0,2160,2203,113459,10,0,0,10,14
2020-11-04,US,Georgia,Floyd,4220,61,0,34.26268279,-85.21577392,13115.0,4284.350951288351,1.4454976303317535,4159,4174,61,0,4113,4135,97927,46,0,0,46,39
2020-11-04,US,Georgia,Forsyth,4978,55,0,34.22604035,-84.12315129999998,13117.0,2038.059053764145,1.1048613901165127,4923,4938,54,0,4884,4920,236612,40,1,0,39,18
2020-11-04,US,Georgia,Franklin,980,18,0,34.37525597,-83.23159927,13119.0,4197.1818921581225,1.836734693877551,962,974,18,0,956,965,23023,6,0,0,6,9
2020-11-04,US,Georgia,Fulton,32134,629,0,33.79216944,-84.46319413,13121.0,3020.291615011038,1.9574282691230476,31505,31971,629,0,31342,31843,1050114,163,0,0,163,128
2020-11-04,US,Georgia,Gilmer,1083,24,0,34.69316688,-84.45802506,13123.0,3452.4530587522718,2.21606648199446,1059,1074,24,0,1050,1064,30816,9,0,0,9,10
2020-11-04,US,Georgia,Glascock,54,2,0,33.22879932,-82.61297636,13125.0,1817.5698418041065,3.703703703703704,52,53,2,0,51,52,2995,1,0,0,1,1
2020-11-04,US,Georgia,Glynn,3832,105,0,31.23279254,-81.53811412,13127.0,4492.801200581532,2.740083507306889,3727,3817,104,0,3713,3800,85219,15,1,0,14,17
2020-11-04,US,Georgia,Gordon,2527,48,0,34.50487351,-84.87296253,13129.0,4359.677725445543,1.8994855559952517,2479,2499,47,0,2452,2467,57685,28,1,0,27,32
2020-11-04,US,Georgia,Grady,879,25,0,30.87454847,-84.23418364,13131.0,3568.383875289246,2.844141069397042,854,875,25,0,850,872,24748,4,0,0,4,3
2020-11-04,US,Georgia,Greene,593,25,0,33.5769205,-83.17139104,13133.0,3236.1929709670367,4.2158516020236085,568,590,25,0,565,588,17698,3,0,0,3,2
2020-11-04,US,Georgia,Gwinnett,31647,453,0,33.96044201,-84.02137802,13135.0,3380.1869158878503,1.4314153000284386,31194,31473,452,0,31021,31348,927781,174,1,0,173,125
2020-11-04,US,Georgia,Habersham,1922,78,0,34.63331566,-83.53094677,13137.0,4240.204729968232,4.0582726326742975,1844,1917,78,0,1839,1910,45388,5,0,0,5,7
2020-11-04,US,Georgia,Hall,10999,183,0,34.32207823,-83.81896936,13139.0,5380.0362940897385,1.663787617056096,10816,10929,182,0,10747,10871,202148,70,1,0,69,58
2020-11-04,US,Georgia,Hancock,419,45,0,33.2721566,-82.99766919,13141.0,4954.47558235781,10.739856801909307,374,419,45,0,374,419,8348,0,0,0,0,0
2020-11-04,US,Georgia,Haralson,693,12,0,33.79602175,-85.21005667,13143.0,2326.127819548872,1.7316017316017316,681,676,11,0,665,674,29533,17,1,0,16,2
2020-11-04,US,Georgia,Harris,863,25,0,32.73709786,-84.90538572,13145.0,2449.1996821432626,2.8968713789107765,838,859,25,0,834,858,34475,4,0,0,4,1
2020-11-04,US,Georgia,Hart,606,17,0,34.34626973,-82.96567682,13147.0,2312.5357756153408,2.8052805280528053,589,605,17,0,588,602,26099,1,0,0,1,3
2020-11-04,US,Georgia,Heard,249,6,0,33.29686567,-85.12886832,13149.0,2088.40057032626,2.409638554216868,243,244,6,0,238,243,11879,5,0,0,5,1
2020-11-04,US,Georgia,Henry,6504,116,0,33.4533428,-84.14814659999998,13151.0,2772.839474592963,1.7835178351783518,6388,6447,115,0,6332,6425,230220,57,1,0,56,22
2020-11-04,US,Georgia,Houston,3789,97,0,32.45802497,-83.66879087,13153.0,2400.1824366697706,2.5600422275006602,3692,3765,96,0,3669,3754,155469,24,1,0,23,11
2020-11-04,US,Georgia,Irwin,365,9,0,31.60213036,-83.27501387,13155.0,3876.380628717077,2.4657534246575343,356,362,8,0,354,361,9398,3,1,0,2,1
2020-11-04,US,Georgia,Jackson,2531,42,0,34.13794553,-83.56814788,13157.0,3468.216013264453,1.6594231529039905,2489,2514,42,0,2472,2484,70422,17,0,0,17,30
2020-11-04,US,Georgia,Jasper,251,4,0,33.31535543,-83.68844964,13159.0,1765.2436880230675,1.593625498007968,247,251,4,0,247,249,14040,0,0,0,0,2
2020-11-04,US,Georgia,Jeff Davis,813,25,0,31.80405727,-82.63724870000001,13161.0,5378.762818392325,3.0750307503075027,788,813,25,0,788,812,15029,0,0,0,0,1
2020-11-04,US,Georgia,Jefferson,860,34,0,33.05867328,-82.41609057,13163.0,5598.229397213904,3.953488372093023,826,857,33,0,824,857,15430,3,1,0,2,0
2020-11-04,US,Georgia,Jenkins,474,32,0,32.79248718,-81.96040187,13165.0,5463.347164591978,6.751054852320674,442,474,32,0,442,475,8683,0,0,0,0,-1
2020-11-04,US,Georgia,Johnson,439,24,0,32.70211082,-82.66166794,13167.0,4552.525147775587,5.466970387243736,415,439,23,0,416,440,9708,0,1,0,-1,-1
2020-11-04,US,Georgia,Jones,662,17,0,33.02512137,-83.56019163,13169.0,2303.8106838350445,2.5679758308157097,645,660,17,0,643,657,28616,2,0,0,2,3
2020-11-04,US,Georgia,Lamar,445,20,0,33.07841647,-84.14263877,13171.0,2332.651884468208,4.49438202247191,425,441,20,0,421,435,19000,4,0,0,4,6
2020-11-04,US,Georgia,Lanier,320,7,0,31.03828570000001,-83.06472457,13173.0,3070.133358917777,2.1875,313,320,7,0,313,320,10340,0,0,0,0,0
2020-11-04,US,Georgia,Laurens,2077,91,0,32.46325233,-82.92221316,13175.0,4368.401127329324,4.3813192103996155,1986,2052,91,0,1961,2040,47325,25,0,0,25,12
2020-11-04,US,Georgia,Lee,760,30,0,31.779330600000005,-84.14324253,13177.0,2534.0090690850893,3.947368421052632,730,759,30,0,729,759,29764,1,0,0,1,0
2020-11-04,US,Georgia,Liberty,1304,26,0,31.82588896,-81.49251135,13179.0,2122.568568405632,1.9938650306748469,1278,1293,25,0,1268,1287,61497,11,1,0,10,6
2020-11-04,US,Georgia,Lincoln,243,7,0,33.79201475,-82.45024131,13181.0,3067.794470395152,2.8806584362139915,236,242,7,0,235,242,7915,1,0,0,1,0
2020-11-04,US,Georgia,Long,284,4,0,31.75218791,-81.74952375,13183.0,1452.0169742829391,1.4084507042253518,280,281,4,0,277,281,18998,3,0,0,3,0
2020-11-04,US,Georgia,Lowndes,4562,89,0,30.83568832,-83.27056716,13185.0,3885.661720866056,1.9508987286277948,4473,4545,89,0,4456,4535,116321,17,0,0,17,10
2020-11-04,US,Georgia,Lumpkin,1077,17,0,34.57286511,-84.00425681,13187.0,3204.403451353764,1.5784586815227484,1060,1073,17,0,1056,1065,32955,4,0,0,4,8
2020-11-04,US,Georgia,Macon,260,10,0,32.35207048,-84.04234127,13193.0,2008.1872248397312,3.8461538461538463,250,257,10,0,247,256,13143,3,0,0,3,1
2020-11-04,US,Georgia,Madison,832,11,0,34.12920917,-83.21218732,13195.0,2784.471218206158,1.3221153846153846,821,826,11,0,815,817,29650,6,0,0,6,9
2020-11-04,US,Georgia,Marion,206,10,0,32.3483402,-84.52733571,13197.0,2464.409618375404,4.854368932038835,196,205,9,0,196,205,8351,1,1,0,0,0
2020-11-04,US,Georgia,McDuffie,716,16,0,33.47851918,-82.48252774,13189.0,3359.60960960961,2.23463687150838,700,712,16,0,696,707,21531,4,0,0,4,5
2020-11-04,US,Georgia,McIntosh,320,7,0,31.49683595,-81.40163426,13191.0,2225.622478787036,2.1875,313,318,8,0,310,316,14340,2,-1,0,3,2
2020-11-04,US,Georgia,Meriwether,603,16,0,33.04163534,-84.68859732,13199.0,2848.774035054566,2.6533996683250414,587,602,16,0,586,600,21068,1,0,0,1,2
2020-11-04,US,Georgia,Miller,323,2,0,31.16568912,-84.73151117,13201.0,5648.82826162994,0.6191950464396285,321,323,2,0,321,317,5686,0,0,0,0,6
2020-11-04,US,Georgia,Mitchell,853,46,0,31.22483255,-84.19381821,13205.0,3901.568860632119,5.3927315357561545,807,849,46,0,803,849,22192,4,0,0,4,0
2020-11-04,US,Georgia,Monroe,786,55,0,33.014289,-83.92097166,13207.0,2850.0979041264777,6.997455470737913,731,781,55,0,726,776,27520,5,0,0,5,5
2020-11-04,US,Georgia,Montgomery,375,9,0,32.17201038,-82.53527476,13209.0,4088.5303096380294,2.4,366,374,9,0,365,379,9193,1,0,0,1,-5
2020-11-04,US,Georgia,Morgan,547,6,0,33.59232073,-83.49129491,13211.0,2837.7256692259807,1.0968921389396709,541,545,6,0,539,546,18853,2,0,0,2,-1
2020-11-04,US,Georgia,Murray,1139,10,0,34.78897608,-84.74993177,13213.0,2840.682362330407,0.8779631255487269,1129,1126,10,0,1116,1114,39921,13,0,0,13,12
2020-11-04,US,Georgia,Muscogee,6461,177,0,32.50931999,-84.87142262,13215.0,3300.318232202239,2.739514007119641,6284,6440,176,0,6264,6429,194160,21,1,0,20,11
2020-11-04,US,Georgia,Newton,2975,96,0,33.55514538,-83.84547140000002,13217.0,2662.335337915235,3.226890756302521,2879,2945,96,0,2849,2938,109541,30,0,0,30,7
2020-11-04,US,Georgia,Oconee,893,31,0,33.83749973,-83.43679568,13219.0,2216.981132075472,3.4714445688689817,862,886,31,0,855,881,39272,7,0,0,7,5
2020-11-04,US,Georgia,Oglethorpe,439,13,0,33.878629600000004,-83.08278123,13221.0,2876.990628481552,2.9612756264236904,426,437,13,0,424,432,15054,2,0,0,2,5
2020-11-04,US,Georgia,Out of GA,15004,192,0,0.0,0.0,80013.0,0.0,1.2796587576646228,14812,15163,192,0,14971,15128,,-159,0,0,-159,35
2020-11-04,US,Georgia,Paulding,3326,66,0,33.91969522,-84.86848792,13223.0,1971.9328617927633,1.984365604329525,3260,3291,62,0,3229,3261,164044,35,4,0,31,30
2020-11-04,US,Georgia,Peach,816,26,0,32.56934316,-83.82937,13225.0,2962.317577869745,3.1862745098039214,790,816,26,0,790,810,27297,0,0,0,0,6
2020-11-04,US,Georgia,Pickens,840,10,0,34.46589159,-84.46406611,13227.0,2577.398668344021,1.1904761904761905,830,829,10,0,819,822,31980,11,0,0,11,7
2020-11-04,US,Georgia,Pierce,701,24,0,31.35928155,-82.21598442,13229.0,3601.3357307988704,3.4236804564907275,677,692,24,0,668,690,19389,9,0,0,9,2
2020-11-04,US,Georgia,Pike,398,11,0,33.09310242,-84.38790389,13231.0,2098.93471152832,2.7638190954773867,387,397,11,0,386,395,18634,1,0,0,1,2
2020-11-04,US,Georgia,Polk,1775,29,0,34.00267074,-85.18677781,13233.0,4165.395536573346,1.6338028169014085,1746,1758,29,0,1729,1752,42470,17,0,0,17,6
2020-11-04,US,Georgia,Pulaski,340,23,0,32.23334561,-83.47549959999998,13235.0,3052.886773817006,6.764705882352941,317,340,23,0,317,341,11069,0,0,0,0,-1
2020-11-04,US,Georgia,Putnam,834,27,0,33.32056115,-83.37552891,13237.0,3770.51403770514,3.2374100719424463,807,830,27,0,803,824,21809,4,0,0,4,6
2020-11-04,US,Georgia,Quitman,41,1,0,31.86728114,-85.01773177,13239.0,1783.3840800347978,2.4390243902439024,40,41,1,0,40,41,2279,0,0,0,0,0
2020-11-04,US,Georgia,Rabun,442,11,0,34.88389445,-83.40304637,13241.0,2579.214564976367,2.4886877828054303,431,439,11,0,428,437,16867,3,0,0,3,2
2020-11-04,US,Georgia,Randolph,342,30,0,31.76622818,-84.75732369,13243.0,5045.736205370316,8.771929824561402,312,342,30,0,312,341,6833,0,0,0,0,1
2020-11-04,US,Georgia,Richmond,8236,185,0,33.35777107,-82.07026432,13245.0,4066.799000582664,2.2462360369111223,8051,8205,185,0,8020,8193,201554,31,0,0,31,12
2020-11-04,US,Georgia,Rockdale,2225,42,0,33.65145002,-84.02202167,13247.0,2447.8524907586693,1.8876404494382024,2183,2207,42,0,2165,2197,90594,18,0,0,18,10
2020-11-04,US,Georgia,Schley,110,2,0,32.2654021,-84.31258912,13249.0,2092.4481643522918,1.818181818181818,108,109,2,0,107,109,5236,1,0,0,1,0
2020-11-04,US,Georgia,Screven,457,11,0,32.74976524,-81.60779441,13251.0,3272.232564800229,2.4070021881838075,446,456,11,0,445,455,13938,1,0,0,1,1
2020-11-04,US,Georgia,Seminole,402,11,0,30.93464824,-84.86823924,13253.0,4969.097651421508,2.736318407960199,391,400,11,0,389,400,8315,2,0,0,2,0
2020-11-04,US,Georgia,Spalding,1659,65,0,33.26310031,-84.28013991,13255.0,2487.144506244097,3.9180229053646776,1594,1652,64,0,1588,1634,66100,7,1,0,6,18
2020-11-04,US,Georgia,Stephens,1307,43,0,34.55151201,-83.29405315,13257.0,5041.465766634523,3.2899770466717677,1264,1305,42,0,1263,1293,26035,2,1,0,1,12
2020-11-04,US,Georgia,Stewart,571,17,0,32.07996777,-84.83208037,13259.0,8624.074913155113,2.9772329246935203,554,571,17,0,554,571,6199,0,0,0,0,0
2020-11-04,US,Georgia,Sumter,971,68,0,32.03650571,-84.19821492,13261.0,3288.8497493564564,7.003089598352214,903,970,68,0,902,969,29733,1,0,0,1,1
2020-11-04,US,Georgia,Talbot,181,8,0,32.69642758,-84.53351366,13263.0,2921.711057304278,4.419889502762431,173,180,8,0,172,180,6272,1,0,0,1,0
2020-11-04,US,Georgia,Taliaferro,31,0,0,33.56543317,-82.88136816,13265.0,2016.9160702667525,0.0,31,31,0,0,31,31,1608,0,0,0,0,0
2020-11-04,US,Georgia,Tattnall,961,16,0,32.04785085,-82.05539188,13267.0,3800.522027999684,1.6649323621227887,945,957,16,0,941,957,25391,4,0,0,4,0
2020-11-04,US,Georgia,Taylor,240,12,0,32.55792548,-84.25077141,13269.0,2992.5187032418958,5.0,228,240,12,0,228,237,8039,0,0,0,0,3
2020-11-04,US,Georgia,Telfair,497,24,0,31.92829517,-82.93491155,13271.0,3133.6696090794453,4.82897384305835,473,496,24,0,472,496,15876,1,0,0,1,0
2020-11-04,US,Georgia,Terrell,342,32,0,31.77527543,-84.44069698,13273.0,4008.90868596882,9.35672514619883,310,342,32,0,310,342,8611,0,0,0,0,0
2020-11-04,US,Georgia,Thomas,1635,72,0,30.86392347,-83.91847289,13275.0,3678.207464399001,4.403669724770642,1563,1631,71,0,1560,1626,44448,4,1,0,3,5
2020-11-04,US,Georgia,Tift,2001,65,0,31.45743864,-83.5236119,13277.0,4923.235901978152,3.2483758120939528,1936,1990,65,0,1925,1987,40571,11,0,0,11,3
2020-11-04,US,Georgia,Toombs,1534,58,0,32.12059861,-82.32957247,13279.0,5717.480432351845,3.7809647979139513,1476,1532,58,0,1474,1526,26887,2,0,0,2,6
2020-11-04,US,Georgia,Towns,467,13,0,34.91369188,-83.74107459999998,13281.0,3879.7042452438313,2.78372591006424,454,464,13,0,451,456,11852,3,0,0,3,8
2020-11-04,US,Georgia,Treutlen,313,12,0,32.40422134,-82.56904553,13283.0,4535.574554412404,3.8338658146964857,301,310,12,0,298,313,6809,3,0,0,3,-3
2020-11-04,US,Georgia,Troup,3083,112,0,33.03349196,-85.02812115,13285.0,4409.198821544006,3.63282517028868,2971,3082,110,0,2972,3071,70034,1,2,0,-1,11
2020-11-04,US,Georgia,Turner,339,24,0,31.71612656,-83.62069378,13287.0,4245.460237946149,7.079646017699115,315,339,24,0,315,339,7912,0,0,0,0,0
2020-11-04,US,Georgia,Twiggs,229,10,0,32.67435595,-83.43078662,13289.0,2820.1970443349755,4.366812227074236,219,227,10,0,217,226,8188,2,0,0,2,1
2020-11-04,US,Georgia,Unassigned,1951,6,0,0.0,0.0,90013.0,0.0,0.30753459764223473,1945,1953,6,0,1947,1920,,-2,0,0,-2,33
2020-11-04,US,Georgia,Union,932,29,0,34.82995757,-83.98967069,13291.0,3802.374444127127,3.1115879828326185,903,926,28,0,898,915,24001,6,1,0,5,11
2020-11-04,US,Georgia,Upson,846,70,0,32.87920671,-84.30024826,13293.0,3214.285714285714,8.274231678486997,776,846,70,0,776,845,26215,0,0,0,0,1
2020-11-04,US,Georgia,Walker,2007,46,0,34.73376362,-85.30165174,13295.0,2876.96563982741,2.2919780767314397,1961,1978,46,0,1932,1958,69410,29,0,0,29,20
2020-11-04,US,Georgia,Walton,2420,71,0,33.78017694,-83.73552314,13297.0,2558.3288404004525,2.9338842975206614,2349,2407,70,0,2337,2397,93503,13,1,0,12,10
2020-11-04,US,Georgia,Ware,1779,67,0,31.05449097,-82.42224148,13299.0,4978.451894554206,3.766160764474424,1712,1775,66,0,1709,1768,35680,4,1,0,3,7
2020-11-04,US,Georgia,Warren,172,6,0,33.41146451,-82.67795848,13301.0,3273.6962314427105,3.4883720930232562,166,172,6,0,166,172,5251,0,0,0,0,0
2020-11-04,US,Georgia,Washington,813,13,0,32.96711864,-82.79357039,13303.0,3990.379895945813,1.5990159901599017,800,809,13,0,796,799,20386,4,0,0,4,10
2020-11-04,US,Georgia,Wayne,1272,36,0,31.5521809,-81.91894878,13305.0,4250.342500083537,2.830188679245283,1236,1269,33,0,1236,1268,29808,3,3,0,0,1
2020-11-04,US,Georgia,Webster,44,2,0,32.04066113,-84.54742852,13307.0,1687.7637130801688,4.545454545454546,42,44,2,0,42,44,2611,0,0,0,0,0
2020-11-04,US,Georgia,Wheeler,369,18,0,32.12009104,-82.72574721,13309.0,4697.644812221515,4.878048780487805,351,369,18,0,351,369,7879,0,0,0,0,0
2020-11-04,US,Georgia,White,1032,25,0,34.64624278,-83.74905525,13311.0,3350.8669394116496,2.4224806201550386,1007,1031,25,0,1006,1022,29970,1,0,0,1,9
2020-11-04,US,Georgia,Whitfield,5833,64,0,34.80987459,-84.96093476,13313.0,5574.989486561914,1.0972055546031199,5769,5788,64,0,5724,5738,104062,45,0,0,45,50
2020-11-04,US,Georgia,Wilcox,261,25,0,31.97496928,-83.43438555,13315.0,3022.582513028373,9.578544061302683,236,261,25,0,236,260,8812,0,0,0,0,1
2020-11-04,US,Georgia,Wilkes,319,7,0,33.78290391,-82.74286107,13317.0,3262.759537690499,2.19435736677116,312,319,7,0,312,318,9876,0,0,0,0,1
2020-11-04,US,Georgia,Wilkinson,378,17,0,32.80291082,-83.17140684,13319.0,4221.576948849676,4.497354497354498,361,376,17,0,359,376,9036,2,0,0,2,0
2020-11-04,US,Georgia,Worth,612,35,0,31.55162306,-83.85090513,13321.0,3022.6700251889174,5.718954248366012,577,612,35,0,577,612,20299,0,0,0,0,0
2020-11-04,US,Hawaii,Hawaii,1332,31,0,19.60121157,-155.5210167,15001.0,660.9995384913133,2.3273273273273274,1301,1311,31,0,1280,1304,200983,21,0,0,21,7
2020-11-04,US,Hawaii,Honolulu,13445,170,0,21.45803166,-157.97121819999995,15003.0,1379.5926994971078,1.2644105615470436,13275,13321,170,0,13151,13250,980080,124,0,0,124,71
2020-11-04,US,Hawaii,Kauai,67,0,0,22.03935037,-159.5966786,15007.0,92.67840593141798,0.0,67,67,0,0,67,66,72133,0,0,0,0,1
2020-11-04,US,Hawaii,Maui,535,17,0,20.86399628,-156.56890969999995,15009.0,319.56133487041336,3.177570093457944,518,530,17,0,513,527,167207,5,0,0,5,3
2020-11-04,US,Hawaii,Out of HI,94,1,0,0.0,0.0,80015.0,0.0,1.0638297872340423,93,89,1,0,88,84,,5,0,0,5,5
2020-11-04,US,Idaho,Ada,18110,185,0,43.4526575,-116.24155159999998,16001.0,3760.483567870395,1.0215350635008282,17925,17828,184,0,17644,17499,469966,282,1,0,281,329
2020-11-04,US,Idaho,Adams,74,2,0,44.89333571,-116.4545247,16003.0,1723.3348858872846,2.702702702702702,72,71,2,0,69,65,4250,3,0,0,3,6
2020-11-04,US,Idaho,Bannock,2893,17,0,42.67002716,-112.2233311,16005.0,3294.688411078717,0.5876253024541997,2876,2834,14,0,2820,2782,87138,59,3,0,56,52
2020-11-04,US,Idaho,Bear Lake,82,1,0,42.28269683,-111.32892379999998,16007.0,1338.7755102040817,1.2195121951219512,81,81,1,0,80,79,6050,1,0,0,1,2
2020-11-04,US,Idaho,Benewah,194,3,0,47.21754179,-116.6586851,16009.0,2086.470208647021,1.5463917525773196,191,190,3,0,187,189,9226,4,0,0,4,1
2020-11-04,US,Idaho,Bingham,1756,25,0,43.21672879999999,-112.3978437,16011.0,3751.255046890688,1.4236902050113895,1731,1717,24,0,1693,1685,46236,39,1,0,38,32
2020-11-04,US,Idaho,Blaine,938,7,0,43.4085812,-113.9752658,16013.0,4074.540636809869,0.746268656716418,931,930,7,0,923,919,22601,8,0,0,8,11
2020-11-04,US,Idaho,Boise,92,2,0,43.98829931,-115.7309284,16015.0,1174.8180309028219,2.1739130434782608,90,90,2,0,88,87,7634,2,0,0,2,3
2020-11-04,US,Idaho,Bonner,547,2,0,48.29996017,-116.6017932,16017.0,1195.9159579352413,0.3656307129798903,545,541,2,0,539,533,44727,6,0,0,6,8
2020-11-04,US,Idaho,Bonneville,5018,40,0,43.38713372,-111.6161537,16019.0,4214.6108750063,0.7971303308090872,4978,4890,39,0,4851,4797,116854,128,1,0,127,93
2020-11-04,US,Idaho,Boundary,231,1,0,48.76684761,-116.4630179,16021.0,1886.4842792976726,0.4329004329004329,230,219,1,0,218,209,11948,12,0,0,12,10
2020-11-04,US,Idaho,Butte,106,0,0,43.72592209,-113.1735463,16023.0,4081.632653061225,0.0,106,105,0,0,105,104,2611,1,0,0,1,1
2020-11-04,US,Idaho,Camas,47,0,0,43.46665742,-114.8065892,16025.0,4249.547920433996,0.0,47,45,0,0,45,41,1127,2,0,0,2,4
2020-11-04,US,Idaho,Canyon,10775,116,0,43.61970148,-116.70954990000001,16027.0,4687.860290886626,1.0765661252900232,10659,10603,114,0,10489,10504,223499,172,2,0,170,99
2020-11-04,US,Idaho,Caribou,324,5,0,42.77149116,-111.5597683,16029.0,4528.301886792453,1.5432098765432098,319,313,4,0,309,307,7060,11,1,0,10,6
2020-11-04,US,Idaho,Cassia,1541,11,0,42.28347888,-113.6012409,16031.0,6412.817311693716,0.7138221933809215,1530,1520,9,0,1511,1490,23864,21,2,0,19,30
2020-11-04,US,Idaho,Clark,41,0,0,44.28496071,-112.35057040000001,16033.0,4852.07100591716,0.0,41,40,0,0,40,40,852,1,0,0,1,0
2020-11-04,US,Idaho,Clearwater,170,0,0,46.67459924,-115.6622393,16035.0,1941.5258108725445,0.0,170,167,0,0,167,165,8758,3,0,0,3,2
2020-11-04,US,Idaho,Custer,101,1,0,44.24186819,-114.2855494,16037.0,2340.6720741599074,0.99009900990099,100,100,1,0,99,99,4280,1,0,0,1,1
2020-11-04,US,Idaho,Elmore,609,4,0,43.3507101,-115.4701578,16039.0,2213.659990549235,0.6568144499178982,605,596,4,0,592,581,27259,13,0,0,13,15
2020-11-04,US,Idaho,Franklin,400,2,0,42.18332217,-111.81496659999999,16041.0,2882.675122513693,0.5,398,395,2,0,393,388,13726,5,0,0,5,7
2020-11-04,US,Idaho,Fremont,527,5,0,44.22800938,-111.48099429999999,16043.0,4023.2078784640053,0.9487666034155596,522,524,5,0,519,518,13168,3,0,0,3,6
2020-11-04,US,Idaho,Gem,471,6,0,44.06482372,-116.398376,16045.0,2600.4858657243813,1.2738853503184713,465,463,6,0,457,457,17634,8,0,0,8,6
2020-11-04,US,Idaho,Gooding,698,9,0,42.96927962,-114.81083059999999,16047.0,4598.4583964688045,1.2893982808022924,689,669,9,0,660,646,15196,29,0,0,29,23
2020-11-04,US,Idaho,Idaho,435,1,0,45.84721541,-115.4634436,16049.0,2609.9478010439793,0.2298850574712644,434,428,1,0,427,402,16513,7,0,0,7,26
2020-11-04,US,Idaho,Jefferson,1063,5,0,43.82078483,-112.3131749,16051.0,3558.635465836429,0.4703668861712135,1058,1055,4,0,1051,1044,29439,8,1,0,7,11
2020-11-04,US,Idaho,Jerome,1307,9,0,42.68891267,-114.2655033,16053.0,5353.924299524824,0.6885998469778117,1298,1254,9,0,1245,1229,24015,53,0,0,53,25
2020-11-04,US,Idaho,Kootenai,4737,53,0,47.67282258,-116.7020872,16055.0,2858.832688582171,1.118851593835761,4684,4662,53,0,4609,4583,161505,75,0,0,75,79
2020-11-04,US,Idaho,Latah,1065,1,0,46.81587887,-116.71136979999999,16057.0,2655.3306073601275,0.09389671361502347,1064,1040,1,0,1039,1026,40134,25,0,0,25,14
2020-11-04,US,Idaho,Lemhi,318,1,0,44.9438088,-113.9309747,16059.0,3961.629500436029,0.31446540880503143,317,313,1,0,312,301,7961,5,0,0,5,12
2020-11-04,US,Idaho,Lewis,97,3,0,46.23315327,-116.434146,16061.0,2527.3579989577906,3.0927835051546397,94,97,3,0,94,90,3861,0,0,0,0,7
2020-11-04,US,Idaho,Lincoln,260,6,0,43.0012336,-114.1358773,16063.0,4845.322400298173,2.3076923076923075,254,247,5,0,242,243,5360,13,1,0,12,4
2020-11-04,US,Idaho,Madison,2874,6,0,43.78141028,-111.65384740000002,16065.0,7201.744054927707,0.20876826722338204,2868,2811,5,0,2806,2780,39304,63,1,0,62,31
2020-11-04,US,Idaho,Minidoka,1298,10,0,42.85518524,-113.6357257,16067.0,6169.494747849232,0.7704160246533128,1288,1283,9,0,1274,1267,20825,15,1,0,14,16
2020-11-04,US,Idaho,Nez Perce,1105,24,0,46.32638236,-116.75009750000001,16069.0,2734.607008513165,2.171945701357466,1081,1073,24,0,1049,1001,40408,32,0,0,32,72
2020-11-04,US,Idaho,Oneida,72,0,0,42.19494279999999,-112.5407838,16071.0,1589.0531891414698,0.0,72,70,0,0,70,64,4488,2,0,0,2,6
2020-11-04,US,Idaho,Owyhee,417,5,0,42.58016894,-116.16938710000001,16073.0,3527.0235980715556,1.1990407673860912,412,411,5,0,406,409,11693,6,0,0,6,2
2020-11-04,US,Idaho,Payette,1196,11,0,44.00545243,-116.7647695,16075.0,4993.528453926767,0.9197324414715721,1185,1181,11,0,1170,1178,23551,15,0,0,15,3
2020-11-04,US,Idaho,Power,390,2,0,42.69254894,-112.83957420000002,16077.0,5077.463871891679,0.5128205128205128,388,386,2,0,384,381,7768,4,0,0,4,5
2020-11-04,US,Idaho,Shoshone,298,20,0,47.35364087,-115.89167490000001,16079.0,2313.305387362211,6.711409395973154,278,296,20,0,276,290,12796,2,0,0,2,6
2020-11-04,US,Idaho,Teton,318,2,0,43.75303583,-111.2056773,16081.0,2619.008400592983,0.6289308176100629,316,308,2,0,306,305,11640,10,0,0,10,3
2020-11-04,US,Idaho,Twin Falls,4671,52,0,42.35440512,-114.6685381,16083.0,5376.504984000551,1.1132519803040035,4619,4546,50,0,4496,4444,86081,125,2,0,123,102
2020-11-04,US,Idaho,Valley,143,1,0,44.76728382,-115.5676773,16085.0,1255.2668539325846,0.6993006993006993,142,136,1,0,135,133,11041,7,0,0,7,3
2020-11-04,US,Idaho,Washington,505,8,0,44.45275475,-116.78476880000001,16087.0,4953.8944477143405,1.5841584158415842,497,495,8,0,487,489,10161,10,0,0,10,6
2020-11-04,US,Illinois,Adams,2426,26,0,39.98815591,-91.18786813,17001.0,3707.4959883854212,1.0717230008244023,2400,2346,26,0,2320,2302,65691,80,0,0,80,44
2020-11-04,US,Illinois,Alexander,157,2,0,37.18049267,-89.32910838,17003.0,2725.2213157437945,1.2738853503184713,155,156,2,0,154,154,6060,1,0,0,1,2
2020-11-04,US,Illinois,Bond,576,9,0,38.88829622,-89.43534887,17005.0,3506.6358212589807,1.5625,567,566,9,0,557,546,16630,10,0,0,10,20
2020-11-04,US,Illinois,Boone,2285,26,0,42.32359279,-88.82345779,17007.0,4267.518302704319,1.1378555798687089,2259,2232,26,0,2206,2206,53577,53,0,0,53,26
2020-11-04,US,Illinois,Brown,144,0,0,39.96209138,-90.75068024,17009.0,2189.1152325934936,0.0,144,133,0,0,133,130,6556,11,0,0,11,3
2020-11-04,US,Illinois,Bureau,1079,19,0,41.40385234,-89.5283051,17011.0,3306.975603775898,1.7608897126969416,1060,1055,19,0,1036,1038,32993,24,0,0,24,17
2020-11-04,US,Illinois,Calhoun,94,0,0,39.16840183,-90.66330078,17013.0,1983.5408313990285,0.0,94,86,0,0,86,85,4802,8,0,0,8,1
2020-11-04,US,Illinois,Carroll,571,15,0,42.06823429,-89.93395545,17015.0,3991.6113247116386,2.626970227670753,556,559,14,0,545,521,14312,12,1,0,11,38
2020-11-04,US,Illinois,Cass,481,11,0,39.96991073,-90.24734436,17017.0,3959.825471309789,2.286902286902287,470,478,11,0,467,476,12260,3,0,0,3,2
2020-11-04,US,Illinois,Champaign,7114,29,0,40.13919438,-88.20046615,17019.0,3392.6433909265625,0.40764689344953614,7085,6999,29,0,6970,6906,209983,115,0,0,115,93
2020-11-04,US,Illinois,Christian,978,31,0,39.54581621,-89.27780482,17021.0,3027.4888558692423,3.1697341513292434,947,942,31,0,911,924,32661,36,0,0,36,18
2020-11-04,US,Illinois,Clark,349,18,0,39.33425789,-87.78705622,17023.0,2260.216307233987,5.1575931232091685,331,338,18,0,320,336,15596,11,0,0,11,2
2020-11-04,US,Illinois,Clay,366,15,0,38.75388572,-88.48914513,17025.0,2776.0922330097087,4.0983606557377055,351,363,15,0,348,355,13253,3,0,0,3,8
2020-11-04,US,Illinois,Clinton,1988,32,0,38.60704876,-89.42385254,17027.0,5292.582929556466,1.6096579476861168,1956,1966,32,0,1934,1936,37639,22,0,0,22,30
2020-11-04,US,Illinois,Coles,2271,42,0,39.51949084,-88.22358557,17029.0,4486.280397463504,1.8494055482166447,2229,2229,42,0,2187,2192,50885,42,0,0,42,37
2020-11-04,US,Illinois,Cook,201176,5541,0,41.84144849,-87.81658794,17031.0,3906.153372090156,2.75430468843202,195635,198184,5517,0,192667,195740,5180493,2992,24,0,2968,2444
2020-11-04,US,Illinois,Crawford,690,6,0,39.0032229,-87.75954624,17033.0,3696.362564954197,0.8695652173913043,684,689,6,0,683,686,18807,1,0,0,1,3
2020-11-04,US,Illinois,Cumberland,333,6,0,39.27432424,-88.2401158,17035.0,3093.0707783763696,1.8018018018018016,327,330,6,0,324,326,10808,3,0,0,3,4
2020-11-04,US,Illinois,De Witt,314,6,0,40.17514519,-88.90959682,17039.0,2007.9294027369226,1.9108280254777068,308,312,6,0,306,307,15769,2,0,0,2,5
2020-11-04,US,Illinois,DeKalb,2954,43,0,41.89373302,-88.76958483,17037.0,2816.095789202742,1.4556533513879486,2911,2895,43,0,2852,2843,104143,59,0,0,59,52
2020-11-04,US,Illinois,Douglas,868,9,0,39.76768052,-88.21854195,17041.0,4459.2858977652195,1.036866359447005,859,853,9,0,844,842,19479,15,0,0,15,11
2020-11-04,US,Illinois,DuPage,27065,632,0,41.85116968,-88.08642662,17043.0,2932.537021045139,2.3351191575835952,26433,26512,626,0,25886,26065,928589,553,6,0,547,447
2020-11-04,US,Illinois,Edgar,190,11,0,39.6809186,-87.74759563,17045.0,1107.1615873200863,5.789473684210527,179,185,11,0,174,178,17360,5,0,0,5,7
2020-11-04,US,Illinois,Edwards,119,0,0,38.41353228,-88.05720863,17047.0,1860.8287724784989,0.0,119,119,0,0,119,118,6392,0,0,0,0,1
2020-11-04,US,Illinois,Effingham,1403,5,0,39.05935711,-88.58969584,17049.0,4125.499882380615,0.3563791874554526,1398,1385,5,0,1380,1356,34208,18,0,0,18,29
2020-11-04,US,Illinois,Fayette,783,24,0,39.00072038,-89.02452658,17051.0,3669.8537682789647,3.0651340996168583,759,762,24,0,738,750,21416,21,0,0,21,12
2020-11-04,US,Illinois,Ford,231,16,0,40.59706922,-88.22350769,17053.0,1782.2698865828256,6.926406926406926,215,228,16,0,212,224,13264,3,0,0,3,4
2020-11-04,US,Illinois,Franklin,1151,11,0,37.99189086,-88.92567818,17055.0,2992.019548207648,0.9556907037358818,1140,1141,11,0,1130,1122,38701,10,0,0,10,19
2020-11-04,US,Illinois,Fulton,728,2,0,40.47289135,-90.20862357,17057.0,2119.9767035527084,0.27472527472527475,726,691,2,0,689,681,34844,37,0,0,37,10
2020-11-04,US,Illinois,Gallatin,123,2,0,37.76430935,-88.22953869,17059.0,2547.638773819387,1.6260162601626016,121,122,2,0,120,119,5058,1,0,0,1,3
2020-11-04,US,Illinois,Greene,365,18,0,39.35907414,-90.388865,17061.0,2814.403577762356,4.931506849315068,347,356,17,0,339,349,13044,9,1,0,8,7
2020-11-04,US,Illinois,Grundy,1227,8,0,41.28569601,-88.41905692,17063.0,2403.337642496181,0.6519967400162999,1219,1175,8,0,1167,1154,50972,52,0,0,52,21
2020-11-04,US,Illinois,Hamilton,155,2,0,38.08163641,-88.53883373,17065.0,1909.807787087235,1.2903225806451613,153,155,2,0,153,150,8163,0,0,0,0,5
2020-11-04,US,Illinois,Hancock,408,4,0,40.40423981,-91.16313899,17067.0,2304.0433702281452,0.9803921568627452,404,395,4,0,391,388,17844,13,0,0,13,7
2020-11-04,US,Illinois,Hardin,62,0,0,37.51810645,-88.26873022,17069.0,1622.6118817063596,0.0,62,61,0,0,61,59,3910,1,0,0,1,2
2020-11-04,US,Illinois,Henderson,153,0,0,40.81908672,-90.92491462,17071.0,2302.136623532952,0.0,153,145,0,0,145,144,6709,8,0,0,8,1
2020-11-04,US,Illinois,Henry,926,9,0,41.3533994,-90.13296166,17073.0,1893.1572383619891,0.9719222462203024,917,914,9,0,905,911,49090,12,0,0,12,3
2020-11-04,US,Illinois,Iroquois,633,20,0,40.74717633,-87.82466784,17075.0,2334.5872980747954,3.1595576619273302,613,625,20,0,605,593,27604,8,0,0,8,32
2020-11-04,US,Illinois,Jackson,1713,26,0,37.78595185,-89.38232563,17077.0,3018.502202643172,1.5178050204319906,1687,1698,26,0,1672,1672,57419,15,0,0,15,26
2020-11-04,US,Illinois,Jasper,306,10,0,39.01054275,-88.15437049,17079.0,3184.183142559833,3.2679738562091503,296,301,10,0,291,295,9611,5,0,0,5,6
2020-11-04,US,Illinois,Jefferson,1052,52,0,38.29980057,-88.9240025,17081.0,2791.6357074620532,4.942965779467682,1000,1036,52,0,984,1024,37820,16,0,0,16,12
2020-11-04,US,Illinois,Jersey,521,21,0,39.08869046,-90.35393073,17083.0,2392.871905571121,4.030710172744722,500,517,21,0,496,507,21847,4,0,0,4,10
2020-11-04,US,Illinois,Jo Daviess,617,10,0,42.36542373,-90.21094405,17085.0,2905.580409700965,1.6207455429497568,607,604,9,0,595,606,21366,13,1,0,12,-2
2020-11-04,US,Illinois,Johnson,420,0,0,37.45939802,-88.88165419,17087.0,3382.4595312877505,0.0,420,417,0,0,417,409,12456,3,0,0,3,8
2020-11-04,US,Illinois,Kane,19699,359,0,41.93842729,-88.42861412,17089.0,3700.016716660124,1.8224275343926088,19340,19337,360,0,18977,18972,534216,362,-1,0,363,365
2020-11-04,US,Illinois,Kankakee,4116,83,0,41.13746989,-87.86205334,17091.0,3746.518359396333,2.0165208940719146,4033,3997,81,0,3916,3930,110024,119,2,0,117,67
2020-11-04,US,Illinois,Kendall,3331,30,0,41.59081014,-88.42869583,17093.0,2582.3707264129002,0.9006304413089162,3301,3228,30,0,3198,3138,127915,103,0,0,103,90
2020-11-04,US,Illinois,Knox,1543,23,0,40.93148779,-90.21330340000002,17095.0,3104.6902352160005,1.4906027219701878,1520,1509,22,0,1487,1477,50112,34,1,0,33,32
2020-11-04,US,Illinois,LaSalle,2997,70,0,41.34426129999999,-88.88633881,17099.0,2757.9162410623085,2.3356690023356688,2927,2937,70,0,2867,2842,109430,60,0,0,60,95
2020-11-04,US,Illinois,Lake,23652,525,0,42.3224907,-88.00367925,17097.0,3395.6656880128057,2.2196854388635208,23127,23177,524,0,22653,22817,700832,475,1,0,474,360
2020-11-04,US,Illinois,Lawrence,393,8,0,38.71987914,-87.72884035,17101.0,2506.6972828166863,2.0356234096692107,385,385,8,0,377,381,15765,8,0,0,8,4
2020-11-04,US,Illinois,Lee,997,4,0,41.74583951,-89.29977132,17103.0,2924.0966682308776,0.4012036108324975,993,973,4,0,969,955,34223,24,0,0,24,18
2020-11-04,US,Illinois,Livingston,827,12,0,40.89188292,-88.55784752,17105.0,2319.905745062837,1.4510278113663846,815,803,12,0,791,792,35761,24,0,0,24,11
2020-11-04,US,Illinois,Logan,724,5,0,40.12581572,-89.36638784,17107.0,2529.8763016283456,0.6906077348066298,719,705,4,0,701,688,28925,19,1,0,18,17
2020-11-04,US,Illinois,Macon,3890,66,0,39.86064913,-88.96342505,17115.0,3740.0609562634004,1.6966580976863752,3824,3861,64,0,3797,3753,104712,29,2,0,27,108
2020-11-04,US,Illinois,Macoupin,919,11,0,39.26119767,-89.92424028,17117.0,2045.5860748786893,1.1969532100108813,908,893,11,0,882,879,45313,26,0,0,26,14
2020-11-04,US,Illinois,Madison,8108,163,0,38.83042506,-89.90422563,17119.0,3083.288333853045,2.0103601381351752,7945,7980,163,0,7817,7891,264461,128,0,0,128,89
2020-11-04,US,Illinois,Marion,1263,25,0,38.64963204,-88.91899208,17121.0,3394.705012767101,1.9794140934283453,1238,1238,25,0,1213,1224,37620,25,0,0,25,14
2020-11-04,US,Illinois,Marshall,184,4,0,41.0327901,-89.34510444,17123.0,1608.6728449029556,2.1739130434782608,180,181,4,0,177,179,11534,3,0,0,3,2
2020-11-04,US,Illinois,Mason,374,12,0,40.23917274,-89.91824452,17125.0,2799.610749307583,3.2085561497326203,362,372,12,0,360,369,13565,2,0,0,2,3
2020-11-04,US,Illinois,Massac,184,2,0,37.22078441,-88.71036614,17127.0,1336.0441475457449,1.0869565217391304,182,181,2,0,179,178,14080,3,0,0,3,3
2020-11-04,US,Illinois,McDonough,876,21,0,40.45674722,-90.67775541,17109.0,2951.283606225996,2.3972602739726026,855,858,21,0,837,836,29955,18,0,0,18,22
2020-11-04,US,Illinois,McHenry,7756,120,0,42.32451172,-88.45248227,17111.0,2520.0309317876104,1.5471892728210417,7636,7616,120,0,7496,7416,308570,140,0,0,140,200
2020-11-04,US,Illinois,McLean,4662,38,0,40.48996987,-88.84621113,17113.0,2718.0979144924413,0.8151008151008151,4624,4570,38,0,4532,4538,172828,92,0,0,92,32
2020-11-04,US,Illinois,Menard,198,1,0,40.02742725,-89.80246001,17129.0,1623.4831092161364,0.5050505050505051,197,196,1,0,195,193,12288,2,0,0,2,3
2020-11-04,US,Illinois,Mercer,368,7,0,41.20596782,-90.74290052,17131.0,2383.882878797694,1.9021739130434785,361,362,7,0,355,351,15601,6,0,0,6,11
2020-11-04,US,Illinois,Monroe,1112,34,0,38.27594376,-90.17761038,17133.0,3210.439703207553,3.0575539568345325,1078,1096,34,0,1062,1085,34335,16,0,0,16,11
2020-11-04,US,Illinois,Montgomery,725,17,0,39.23198845,-89.47809254,17135.0,2551.5590905891463,2.3448275862068964,708,706,17,0,689,700,28601,19,0,0,19,6
2020-11-04,US,Illinois,Morgan,1110,26,0,39.71654544,-90.20255104,17137.0,3297.8786618337394,2.3423423423423424,1084,1099,26,0,1073,1078,33976,11,0,0,11,21
2020-11-04,US,Illinois,Moultrie,534,7,0,39.64187451,-88.62099969,17139.0,3682.5046548513897,1.310861423220974,527,526,6,0,520,513,14717,8,1,0,7,13
2020-11-04,US,Illinois,Ogle,1555,8,0,42.04165196,-89.32184679,17141.0,3070.513200244852,0.5144694533762058,1547,1523,8,0,1515,1485,50923,32,0,0,32,38
2020-11-04,US,Illinois,Out of IL,1,0,0,0.0,0.0,80017.0,0.0,0.0,1,1,0,0,1,2,,0,0,0,0,-1
2020-11-04,US,Illinois,Peoria,5337,87,0,40.78702156,-89.76078901,17143.0,2978.585660149906,1.6301292861157954,5250,5217,85,0,5132,5155,180621,120,2,0,118,62
2020-11-04,US,Illinois,Perry,536,16,0,38.08510853,-89.36856219,17145.0,2562.631478294129,2.985074626865672,520,534,16,0,518,513,21174,2,0,0,2,21
2020-11-04,US,Illinois,Piatt,311,3,0,40.01360584,-88.59319339,17147.0,1902.838962310328,0.964630225080386,308,302,3,0,299,294,16396,9,0,0,9,8
2020-11-04,US,Illinois,Pike,486,9,0,39.62265059,-90.8877017,17149.0,3123.1925968768073,1.851851851851852,477,470,8,0,462,460,15611,16,1,0,15,10
2020-11-04,US,Illinois,Pope,49,1,0,37.41391284,-88.56152109,17151.0,1173.0907349772565,2.0408163265306123,48,47,1,0,46,46,4212,2,0,0,2,1
2020-11-04,US,Illinois,Pulaski,255,1,0,37.22631423,-89.13085001,17153.0,4779.756326148079,0.392156862745098,254,255,1,0,254,250,5463,0,0,0,0,5
2020-11-04,US,Illinois,Putnam,118,0,0,41.2013541,-89.2869272,17155.0,2056.107335772783,0.0,118,115,0,0,115,107,5740,3,0,0,3,8
2020-11-04,US,Illinois,Randolph,1450,16,0,38.05095369,-89.82512254,17157.0,4562.330879113964,1.1034482758620692,1434,1445,15,0,1430,1414,32106,5,1,0,4,31
2020-11-04,US,Illinois,Richland,365,18,0,38.71240969,-88.08475366,17159.0,2352.8653387481468,4.931506849315068,347,360,18,0,342,355,15763,5,0,0,5,5
2020-11-04,US,Illinois,Rock Island,4799,95,0,41.46613806,-90.57042164,17161.0,3382.4597015766967,1.9795790789747865,4704,4684,95,0,4589,4618,143477,115,0,0,115,66
2020-11-04,US,Illinois,Saline,682,11,0,37.75332999,-88.54119706,17165.0,2903.239538546677,1.6129032258064515,671,673,11,0,662,656,23906,9,0,0,9,17
2020-11-04,US,Illinois,Sangamon,5002,66,0,39.75836914,-89.65872023,17167.0,2569.450152050629,1.3194722111155537,4936,4883,66,0,4817,4750,195348,119,0,0,119,133
2020-11-04,US,Illinois,Schuyler,109,1,0,40.157179799999994,-90.61114163,17169.0,1610.5200945626475,0.9174311926605504,108,106,1,0,105,101,6907,3,0,0,3,5
2020-11-04,US,Illinois,Scott,122,0,0,39.642916899999996,-90.47814431,17171.0,2464.148656837003,0.0,122,121,0,0,121,118,4926,1,0,0,1,3
2020-11-04,US,Illinois,Shelby,803,18,0,39.39133527,-88.80611122,17173.0,3711.7500231117683,2.2415940224159403,785,784,14,0,770,773,21741,19,4,0,15,11
2020-11-04,US,Illinois,St. Clair,8618,228,0,38.46996033,-89.93063427,17163.0,3318.6232603990975,2.6456254351357624,8390,8552,228,0,8324,8466,261059,66,0,0,66,86
2020-11-04,US,Illinois,Stark,102,3,0,41.09309773,-89.79745866,17175.0,1909.3972295020596,2.9411764705882355,99,99,3,0,96,102,5427,3,0,0,3,-3
2020-11-04,US,Illinois,Stephenson,1395,11,0,42.35129217,-89.662598,17177.0,3134.972358308239,0.7885304659498208,1384,1346,10,0,1336,1318,44753,49,1,0,48,28
2020-11-04,US,Illinois,Tazewell,3213,60,0,40.50716185,-89.51404662,17179.0,2437.729034999204,1.8674136321195145,3153,3144,60,0,3084,3102,132328,69,0,0,69,42
2020-11-04,US,Illinois,Unassigned,6312,283,0,0.0,0.0,90017.0,0.0,4.483523447401773,6029,6300,283,0,6017,6299,,12,0,0,12,1
2020-11-04,US,Illinois,Union,837,25,0,37.47119609,-89.25548938,17181.0,5026.121419564041,2.986857825567503,812,835,25,0,810,827,16841,2,0,0,2,8
2020-11-04,US,Illinois,Vermilion,2081,12,0,40.18417171,-87.73384359,17183.0,2746.904617334143,0.5766458433445459,2069,2036,12,0,2024,2007,76806,45,0,0,45,29
2020-11-04,US,Illinois,Wabash,271,6,0,38.44272901,-87.84922065,17185.0,2352.430555555556,2.2140221402214024,265,265,6,0,259,264,11549,6,0,0,6,1
2020-11-04,US,Illinois,Warren,610,10,0,40.84925021,-90.6147432,17187.0,3621.467584896699,1.639344262295082,600,587,10,0,577,580,17032,23,0,0,23,7
2020-11-04,US,Illinois,Washington,365,2,0,38.35309213,-89.40982703,17189.0,2628.3574566141,0.547945205479452,363,362,2,0,360,358,13995,3,0,0,3,4
2020-11-04,US,Illinois,Wayne,555,18,0,38.42955355,-88.42586459,17191.0,3422.756706753007,3.2432432432432434,537,550,18,0,532,546,16332,5,0,0,5,4
2020-11-04,US,Illinois,White,305,5,0,38.08706198,-88.17657461,17193.0,2253.0841397650884,1.639344262295082,300,304,5,0,299,302,13665,1,0,0,1,2
2020-11-04,US,Illinois,Whiteside,1975,36,0,41.75509713,-89.91556058,17195.0,3579.5197100135933,1.8227848101265824,1939,1892,32,0,1860,1855,55626,83,4,0,79,37
2020-11-04,US,Illinois,Will,21795,449,0,41.44619267,-87.97862712,17197.0,3155.2979907143467,2.0601055287910066,21346,21419,448,0,20971,21043,692310,376,1,0,375,376
2020-11-04,US,Illinois,Williamson,2180,64,0,37.73033511,-88.92994027,17199.0,3273.420724657267,2.9357798165137616,2116,2153,63,0,2090,2085,67056,27,1,0,26,68
2020-11-04,US,Illinois,Winnebago,12258,195,0,42.33641854,-89.16085327,17201.0,4338.009427685687,1.5907978463044543,12063,12043,195,0,11848,11800,284081,215,0,0,215,243
2020-11-04,US,Illinois,Woodford,844,17,0,40.78579374,-89.20973757,17203.0,2194.5448399594375,2.014218009478673,827,817,17,0,800,798,38463,27,0,0,27,19
2020-11-04,US,Indiana,Adams,779,10,0,40.7457653,-84.93671406,18001.0,2177.376526818906,1.2836970474967908,769,744,9,0,735,719,35636,35,1,0,34,25
2020-11-04,US,Indiana,Allen,10191,241,0,41.09194313,-85.06800636,18003.0,2686.7985415200146,2.3648317142576785,9950,9919,240,0,9679,9765,375351,272,1,0,271,154
2020-11-04,US,Indiana,Bartholomew,1685,59,0,39.20744865,-85.89558181,18005.0,2011.243867795032,3.5014836795252227,1626,1656,59,0,1597,1623,82753,29,0,0,29,33
2020-11-04,US,Indiana,Benton,131,1,0,40.60626947,-87.31093999,18007.0,1497.4851394604486,0.7633587786259542,130,127,1,0,126,124,8653,4,0,0,4,3
2020-11-04,US,Indiana,Blackford,297,6,0,40.47388153,-85.32499702,18009.0,2525.9397856778364,2.0202020202020203,291,290,6,0,284,288,11930,7,0,0,7,2
2020-11-04,US,Indiana,Boone,1497,51,0,40.0509304,-86.46841646,18011.0,2206.565157790781,3.406813627254509,1446,1458,51,0,1407,1445,66999,39,0,0,39,13
2020-11-04,US,Indiana,Brown,167,3,0,39.19605589,-86.22868909,18013.0,1106.54651470978,1.7964071856287425,164,166,3,0,163,162,15234,1,0,0,1,4
2020-11-04,US,Indiana,Carroll,422,13,0,40.580783200000006,-86.56198812,18015.0,2083.230488226292,3.080568720379147,409,408,13,0,395,396,20127,14,0,0,14,12
2020-11-04,US,Indiana,Cass,2462,26,0,40.76135835,-86.34830753,18017.0,6532.4099869988595,1.0560519902518275,2436,2423,26,0,2397,2415,37955,39,0,0,39,8
2020-11-04,US,Indiana,Clark,3427,67,0,38.48015445,-85.70510334,18019.0,2896.823384220047,1.9550627370878317,3360,3380,67,0,3313,3343,117360,47,0,0,47,37
2020-11-04,US,Indiana,Clay,578,12,0,39.39561833,-87.11723506,18021.0,2204.003813155386,2.0761245674740483,566,573,12,0,561,560,26170,5,0,0,5,13
2020-11-04,US,Indiana,Clinton,1128,16,0,40.30319754,-86.47277257,18023.0,3481.588937930183,1.4184397163120568,1112,1101,16,0,1085,1087,32250,27,0,0,27,14
2020-11-04,US,Indiana,Crawford,186,1,0,38.28814402,-86.44518825,18025.0,1758.53266521698,0.5376344086021505,185,181,1,0,180,180,10558,5,0,0,5,1
2020-11-04,US,Indiana,Daviess,1056,36,0,38.70186039,-87.07185406,18027.0,3166.3218494198077,3.4090909090909087,1020,1044,36,0,1008,1036,33147,12,0,0,12,8
2020-11-04,US,Indiana,DeKalb,989,13,0,41.39804622,-84.99906934,18033.0,2274.8706152961468,1.314459049544995,976,958,13,0,945,939,43226,31,0,0,31,19
2020-11-04,US,Indiana,Dearborn,1206,29,0,39.14647946,-84.97333539,18029.0,2438.432609486837,2.4046434494195688,1177,1187,28,0,1159,1174,49568,19,1,0,18,13
2020-11-04,US,Indiana,Decatur,673,39,0,39.30712658,-85.50087166,18031.0,2533.9809480778645,5.794947994056463,634,643,39,0,604,631,26794,30,0,0,30,12
2020-11-04,US,Indiana,Delaware,3501,86,0,40.22787247,-85.39732772,18035.0,3067.420160336444,2.4564410168523283,3415,3458,85,0,3373,3429,114772,43,1,0,42,29
2020-11-04,US,Indiana,Dubois,1723,28,0,38.36597551,-86.87924170000002,18037.0,4031.729689254961,1.6250725478816017,1695,1675,28,0,1647,1657,42565,48,0,0,48,18
2020-11-04,US,Indiana,Elkhart,10968,156,0,41.59761169,-85.85875695,18039.0,5315.472930731168,1.4223194748358865,10812,10739,156,0,10583,10505,205560,229,0,0,229,234
2020-11-04,US,Indiana,Fayette,1007,25,0,39.63684962,-85.17797541,18041.0,4358.9299627737855,2.4826216484607744,982,971,25,0,946,951,23047,36,0,0,36,20
2020-11-04,US,Indiana,Floyd,2117,70,0,38.32117957,-85.90385377,18043.0,2696.0597030131685,3.3065658951346246,2047,2076,69,0,2007,2052,77781,41,1,0,40,24
2020-11-04,US,Indiana,Fountain,428,3,0,40.12361933,-87.24217689,18045.0,2618.377584730209,0.7009345794392523,425,424,3,0,421,409,16351,4,0,0,4,15
2020-11-04,US,Indiana,Franklin,421,26,0,39.4142482,-85.06062647,18047.0,1849.8989366376652,6.175771971496438,395,417,26,0,391,412,22736,4,0,0,4,5
2020-11-04,US,Indiana,Fulton,463,12,0,41.0469907,-86.26252745,18049.0,2318.0134174426753,2.591792656587473,451,452,12,0,440,444,20092,11,0,0,11,8
2020-11-04,US,Indiana,Gibson,1088,12,0,38.30393723,-87.58054938,18051.0,3232.419263792745,1.1029411764705883,1076,1066,12,0,1054,1051,33452,22,0,0,22,15
2020-11-04,US,Indiana,Grant,1542,42,0,40.51587228,-85.65468702,18053.0,2344.569630068877,2.723735408560312,1500,1517,42,0,1475,1500,65936,25,0,0,25,17
2020-11-04,US,Indiana,Greene,664,41,0,39.03630547,-86.96223202,18055.0,2080.070171041915,6.174698795180722,623,654,40,0,614,642,32006,10,1,0,9,12
2020-11-04,US,Indiana,Hamilton,7471,131,0,40.07306535,-86.05244729,18057.0,2210.283097295651,1.7534466604202918,7340,7283,131,0,7152,7199,330086,188,0,0,188,84
2020-11-04,US,Indiana,Hancock,1449,45,0,39.82304555,-85.77566351,18059.0,1853.6997236720908,3.1055900621118013,1404,1409,45,0,1364,1387,76351,40,0,0,40,22
2020-11-04,US,Indiana,Harrison,929,24,0,38.19467379,-86.10948271,18061.0,2292.977909416265,2.583423035522067,905,913,24,0,889,904,40350,16,0,0,16,9
2020-11-04,US,Indiana,Hendricks,3808,143,0,39.76719009,-86.51037283,18063.0,2235.9096006717127,3.7552521008403366,3665,3756,142,0,3614,3724,167009,52,1,0,51,32
2020-11-04,US,Indiana,Henry,1615,30,0,39.93029017,-85.39625719,18065.0,3366.547152505628,1.8575851393188851,1585,1576,30,0,1546,1563,48271,39,0,0,39,13
2020-11-04,US,Indiana,Howard,1899,69,0,40.48527731,-86.11351892,18067.0,2300.591199844931,3.6334913112164298,1830,1869,69,0,1800,1845,82366,30,0,0,30,24
2020-11-04,US,Indiana,Huntington,605,6,0,40.82907273,-85.48822092,18069.0,1656.6265060240964,0.9917355371900828,599,577,6,0,571,566,36240,28,0,0,28,11
2020-11-04,US,Indiana,Jackson,1368,20,0,38.90915820000001,-86.03851889,18071.0,3092.8534285908067,1.4619883040935673,1348,1350,20,0,1330,1327,44111,18,0,0,18,23
2020-11-04,US,Indiana,Jasper,888,6,0,41.02078733,-87.11553319,18073.0,2645.849472617841,0.6756756756756757,882,860,5,0,855,844,33370,28,1,0,27,16
2020-11-04,US,Indiana,Jay,473,7,0,40.43781032,-85.00576229,18075.0,2314.542963397925,1.4799154334038056,466,451,7,0,444,431,20764,22,0,0,22,20
2020-11-04,US,Indiana,Jefferson,497,6,0,38.78576239,-85.43633383,18077.0,1538.3186826792125,1.2072434607645874,491,479,6,0,473,467,32208,18,0,0,18,12
2020-11-04,US,Indiana,Jennings,472,13,0,38.99588883,-85.62710784,18079.0,1701.820804038219,2.754237288135593,459,467,13,0,454,449,27611,5,0,0,5,18
2020-11-04,US,Indiana,Johnson,3791,152,0,39.48994426,-86.10149107,18081.0,2396.8337263778158,4.009496175151675,3639,3709,150,0,3559,3667,156225,82,2,0,80,42
2020-11-04,US,Indiana,Knox,1000,10,0,38.68861576,-87.4194665,18083.0,2732.6884188664812,1.0,990,991,10,0,981,979,36895,9,0,0,9,12
2020-11-04,US,Indiana,Kosciusko,2555,30,0,41.24521668,-85.86312322,18085.0,3215.61619009263,1.1741682974559686,2525,2497,30,0,2467,2421,79344,58,0,0,58,76
2020-11-04,US,Indiana,LaGrange,930,17,0,41.64232188,-85.42674232,18087.0,2347.654869490584,1.827956989247312,913,915,16,0,899,889,39330,15,1,0,14,26
2020-11-04,US,Indiana,LaPorte,2779,68,0,41.54366008,-86.74072188,18091.0,2528.938555620268,2.4469233537243613,2711,2745,68,0,2677,2684,110007,34,0,0,34,61
2020-11-04,US,Indiana,Lake,16965,384,0,41.41874274,-87.38277575,18089.0,3494.386118852383,2.263483642793988,16581,16748,382,0,16366,16383,484411,217,2,0,215,365
2020-11-04,US,Indiana,Lawrence,1158,40,0,38.84112637,-86.48361629,18093.0,2552.347366100948,3.454231433506045,1118,1123,40,0,1083,1107,45668,35,0,0,35,16
2020-11-04,US,Indiana,Madison,2973,103,0,40.16143691,-85.71964711,18095.0,2294.5303274703056,3.4645139589640093,2870,2926,102,0,2824,2898,129641,47,1,0,46,28
2020-11-04,US,Indiana,Marion,28669,798,0,39.78163624,-86.13826325,18097.0,2972.168255264975,2.783494366737591,27871,28276,797,0,27479,27994,954670,393,1,0,392,282
2020-11-04,US,Indiana,Marshall,1777,31,0,41.32467367,-86.26185087,18099.0,3841.497686886592,1.7445132245357344,1746,1723,31,0,1692,1695,46248,54,0,0,54,28
2020-11-04,US,Indiana,Martin,222,0,0,38.7099921,-86.80373186,18101.0,2164.797659678206,0.0,222,217,0,0,217,217,10217,5,0,0,5,0
2020-11-04,US,Indiana,Miami,833,5,0,40.76940965,-86.04525048,18103.0,2345.4217817321774,0.6002400960384153,828,809,5,0,804,801,35567,24,0,0,24,8
2020-11-04,US,Indiana,Monroe,3672,40,0,39.16130004,-86.52414358,18105.0,2473.876750813509,1.0893246187363834,3632,3618,40,0,3578,3582,146917,54,0,0,54,36
2020-11-04,US,Indiana,Montgomery,777,22,0,40.04034823,-86.89335024,18107.0,2026.7097918514264,2.831402831402831,755,765,22,0,743,744,38346,12,0,0,12,21
2020-11-04,US,Indiana,Morgan,1168,41,0,39.47899078,-86.44573375,18109.0,1656.9961270552853,3.5102739726027403,1127,1147,41,0,1106,1105,70116,21,0,0,21,42
2020-11-04,US,Indiana,Newton,302,12,0,40.95610449,-87.39635768,18111.0,2159.610983981693,3.9735099337748334,290,294,12,0,282,288,14011,8,0,0,8,6
2020-11-04,US,Indiana,Noble,1466,35,0,41.39672484,-85.41966713,18113.0,3070.542895442359,2.3874488403819916,1431,1419,35,0,1384,1393,47532,47,0,0,47,26
2020-11-04,US,Indiana,Ohio,157,7,0,38.955304999999996,-84.96515993,18115.0,2672.340425531915,4.4585987261146505,150,155,7,0,148,154,5844,2,0,0,2,1
2020-11-04,US,Indiana,Orange,472,25,0,38.54118920000001,-86.49523093,18117.0,2402.524686959177,5.296610169491525,447,464,25,0,439,461,19489,8,0,0,8,3
2020-11-04,US,Indiana,Owen,277,1,0,39.31145587,-86.83900724,18119.0,1331.7947978268187,0.36101083032490977,276,270,1,0,269,267,20845,7,0,0,7,3
2020-11-04,US,Indiana,Parke,303,5,0,39.77202286,-87.20375833,18121.0,1788.9827005963275,1.6501650165016502,298,293,4,0,289,290,16927,10,1,0,9,3
2020-11-04,US,Indiana,Perry,572,15,0,38.07809328,-86.63741946,18123.0,2983.9845584015857,2.6223776223776225,557,534,15,0,519,529,19102,38,0,0,38,5
2020-11-04,US,Indiana,Pike,398,18,0,38.40112197,-87.23574907,18125.0,3212.5272419081443,4.522613065326633,380,393,18,0,375,389,12410,5,0,0,5,4
2020-11-04,US,Indiana,Porter,4367,60,0,41.45986947,-87.06848888,18127.0,2562.958876453293,1.3739409205404167,4307,4311,59,0,4252,4170,169594,56,1,0,55,141
2020-11-04,US,Indiana,Posey,891,11,0,38.02097333,-87.86480429,18129.0,3504.1491328115776,1.2345679012345678,880,877,11,0,866,873,25540,14,0,0,14,4
2020-11-04,US,Indiana,Pulaski,219,6,0,41.04166107,-86.69890683,18131.0,1772.8487007204724,2.7397260273972597,213,212,6,0,206,203,12469,7,0,0,7,9
2020-11-04,US,Indiana,Putnam,864,20,0,39.66437981,-86.84517605,18133.0,2299.340004258037,2.314814814814815,844,858,18,0,840,843,37779,6,2,0,4,15
2020-11-04,US,Indiana,Randolph,567,12,0,40.15734772,-85.01139319,18135.0,2298.8039732414354,2.1164021164021163,555,543,12,0,531,518,24851,24,0,0,24,25
2020-11-04,US,Indiana,Ripley,615,9,0,39.10235626,-85.26212744,18137.0,2171.30348820788,1.4634146341463414,606,588,9,0,579,574,28523,27,0,0,27,14
2020-11-04,US,Indiana,Rush,321,5,0,39.62002287,-85.4655599,18139.0,1935.9507870454129,1.557632398753894,316,315,5,0,310,306,16663,6,0,0,6,9
2020-11-04,US,Indiana,Scott,628,16,0,38.68672078,-85.74627859,18143.0,2630.5868554433882,2.5477707006369426,612,617,16,0,601,613,23878,11,0,0,11,4
2020-11-04,US,Indiana,Shelby,1099,44,0,39.52305623,-85.79158570000001,18145.0,2457.0189362605915,4.003639672429482,1055,1053,42,0,1011,1035,44593,46,2,0,44,18
2020-11-04,US,Indiana,Spencer,501,6,0,38.01519732,-87.0079644,18147.0,2470.779701139221,1.1976047904191616,495,480,6,0,474,473,20327,21,0,0,21,7
2020-11-04,US,Indiana,St. Joseph,11137,183,0,41.61756781,-86.29040834,18141.0,4097.106237078131,1.643171410613271,10954,10922,182,0,10740,10787,270771,215,1,0,214,135
2020-11-04,US,Indiana,Starke,574,11,0,41.27890281,-86.64686895,18149.0,2496.194824961948,1.9163763066202089,563,558,11,0,547,552,22935,16,0,0,16,6
2020-11-04,US,Indiana,Steuben,796,10,0,41.64423868,-85.00101094,18151.0,2300.977048043013,1.256281407035176,786,776,10,0,766,762,34586,20,0,0,20,14
2020-11-04,US,Indiana,Sullivan,507,14,0,39.08952258,-87.41414469,18153.0,2452.9488606125115,2.7613412228796843,493,503,14,0,489,501,20690,4,0,0,4,2
2020-11-04,US,Indiana,Switzerland,116,0,0,38.82767338,-85.03022429,18155.0,1078.9693981955168,0.0,116,114,0,0,114,112,10717,2,0,0,2,2
2020-11-04,US,Indiana,Tippecanoe,4816,17,0,40.38872739,-86.89413959,18157.0,2460.507224163652,0.35299003322259137,4799,4688,17,0,4671,4622,193048,128,0,0,128,66
2020-11-04,US,Indiana,Tipton,323,23,0,40.31123252,-86.05234925,18159.0,2132.294692368629,7.120743034055728,300,313,23,0,290,310,15128,10,0,0,10,3
2020-11-04,US,Indiana,Unassigned,0,240,0,0.0,0.0,90018.0,0.0,0.0,-240,0,240,0,-240,0,,0,0,0,0,0
2020-11-04,US,Indiana,Union,145,0,0,39.62550777,-84.92497066,18161.0,2055.571307059824,0.0,145,137,0,0,137,136,7037,8,0,0,8,1
2020-11-04,US,Indiana,Vanderburgh,6915,82,0,38.02658833,-87.58763124,18163.0,3810.94620586274,1.1858279103398408,6833,6844,80,0,6764,6795,180974,71,2,0,69,49
2020-11-04,US,Indiana,Vermillion,327,2,0,39.8523352,-87.46160542,18165.0,2109.9496709252808,0.6116207951070336,325,318,2,0,316,310,15479,9,0,0,9,8
2020-11-04,US,Indiana,Vigo,3252,52,0,39.42944561,-87.39169027,18167.0,3038.173358994003,1.5990159901599017,3200,3201,52,0,3149,3120,107386,51,0,0,51,81
2020-11-04,US,Indiana,Wabash,661,12,0,40.84704239,-85.79328272,18169.0,2132.533230094206,1.815431164901664,649,630,12,0,618,603,31280,31,0,0,31,27
2020-11-04,US,Indiana,Warren,126,1,0,40.34728141,-87.35602659,18171.0,1524.5009074410166,0.7936507936507936,125,123,1,0,122,116,8263,3,0,0,3,7
2020-11-04,US,Indiana,Warrick,2296,67,0,38.08922676,-87.2716085,18173.0,3644.5601447665003,2.9181184668989553,2229,2255,67,0,2188,2238,62567,41,0,0,41,17
2020-11-04,US,Indiana,Washington,447,3,0,38.60219804,-86.1049363,18175.0,1594.3786560136966,0.6711409395973155,444,438,3,0,435,433,27943,9,0,0,9,5
2020-11-04,US,Indiana,Wayne,1823,39,0,39.863344399999995,-85.01044989,18177.0,2766.984396818651,2.1393307734503564,1784,1784,38,0,1746,1751,65936,39,1,0,38,33
2020-11-04,US,Indiana,Wells,585,14,0,40.72934187,-85.22132966,18179.0,2067.430025445293,2.393162393162393,571,573,14,0,559,567,28206,12,0,0,12,6
2020-11-04,US,Indiana,White,741,16,0,40.74911165,-86.86492015,18181.0,3074.433656957929,2.1592442645074224,725,711,16,0,695,699,24133,30,0,0,30,12
2020-11-04,US,Indiana,Whitley,619,6,0,41.13863784,-85.50791236,18183.0,1822.5179601931452,0.9693053311793216,613,596,6,0,590,581,34074,23,0,0,23,15
2020-11-04,US,Iowa,Adair,251,2,0,41.33075609,-94.47105874,19001.0,3509.5078299776287,0.796812749003984,249,250,1,0,249,231,7063,1,1,0,0,19
2020-11-04,US,Iowa,Adams,91,1,0,41.02903567,-94.69932645,19003.0,2526.3742365352578,1.0989010989010992,90,91,1,0,90,89,3645,0,0,0,0,2
2020-11-04,US,Iowa,Allamakee,455,9,0,43.28383218,-91.37860922,19005.0,3324.3223496748737,1.978021978021978,446,449,9,0,440,438,13832,6,0,0,6,11
2020-11-04,US,Iowa,Appanoose,315,3,0,40.74324454,-92.86865906,19007.0,2535.0072428778367,0.9523809523809524,312,297,3,0,294,291,12437,18,0,0,18,6
2020-11-04,US,Iowa,Audubon,212,1,0,41.6844628,-94.90581859,19009.0,3857.350800582242,0.4716981132075472,211,206,1,0,205,195,5506,6,0,0,6,11
2020-11-04,US,Iowa,Benton,785,6,0,42.08011739,-92.06463573,19011.0,3061.0255410411387,0.7643312101910829,779,756,5,0,751,738,25642,29,1,0,28,18
2020-11-04,US,Iowa,Black Hawk,6793,106,0,42.4704581,-92.30524729,19013.0,5176.486725393971,1.5604298542617399,6687,6652,106,0,6546,6518,132408,141,0,0,141,134
2020-11-04,US,Iowa,Boone,834,10,0,42.03657094,-93.9313999,19015.0,3179.080582450256,1.1990407673860912,824,816,10,0,806,807,26346,18,0,0,18,9
2020-11-04,US,Iowa,Bremer,889,10,0,42.77461496,-92.31795937,19017.0,3547.202936716942,1.124859392575928,879,852,9,0,843,822,24947,37,1,0,36,30
2020-11-04,US,Iowa,Buchanan,594,5,0,42.4709188,-91.83510825,19019.0,2805.194805194805,0.8417508417508418,589,576,5,0,571,564,21199,18,0,0,18,12
2020-11-04,US,Iowa,Buena Vista,2395,12,0,42.73545875,-95.15100162,19021.0,12206.931702344546,0.5010438413361169,2383,2374,12,0,2362,2362,19874,21,0,0,21,12
2020-11-04,US,Iowa,Butler,483,3,0,42.73172833,-92.79015971,19023.0,3345.107001869936,0.6211180124223602,480,466,3,0,463,450,14539,17,0,0,17,16
2020-11-04,US,Iowa,Calhoun,396,5,0,42.38521079,-94.64046046,19025.0,4095.9867604468345,1.2626262626262623,391,376,5,0,371,363,9699,20,0,0,20,13
2020-11-04,US,Iowa,Carroll,1324,13,0,42.03617207,-94.86032705,19027.0,6565.831886932804,0.9818731117824774,1311,1292,13,0,1279,1273,20154,32,0,0,32,19
2020-11-04,US,Iowa,Cass,531,7,0,41.33149454,-94.92792482,19029.0,4136.8027422873165,1.3182674199623352,524,511,6,0,505,503,12930,20,1,0,19,8
2020-11-04,US,Iowa,Cedar,575,8,0,41.77233777,-91.13246684,19031.0,3086.9168411445753,1.391304347826087,567,560,8,0,552,557,18627,15,0,0,15,3
2020-11-04,US,Iowa,Cerro Gordo,1722,27,0,43.08177563,-93.2612239,19033.0,4056.5371024734973,1.56794425087108,1695,1681,27,0,1654,1655,42647,41,0,0,41,26
2020-11-04,US,Iowa,Cherokee,474,3,0,42.73538914,-95.62389402,19035.0,4218.958611481976,0.6329113924050633,471,465,3,0,462,451,11321,9,0,0,9,14
2020-11-04,US,Iowa,Chickasaw,426,1,0,43.06001295,-92.31773347,19037.0,3569.9321210089665,0.2347417840375587,425,415,1,0,414,406,11964,11,0,0,11,9
2020-11-04,US,Iowa,Clarke,375,3,0,41.02868181,-93.78499767,19039.0,3991.4848323576366,0.8,372,374,3,0,371,371,9423,1,0,0,1,3
2020-11-04,US,Iowa,Clay,624,4,0,43.08247182,-95.15096481,19041.0,3896.1038961038957,0.6410256410256411,620,608,4,0,604,599,16134,16,0,0,16,9
2020-11-04,US,Iowa,Clayton,621,3,0,42.84443388,-91.34133693,19043.0,3538.6631716906945,0.4830917874396135,618,612,3,0,609,577,17556,9,0,0,9,35
2020-11-04,US,Iowa,Clinton,1729,30,0,41.89981633,-90.53275096,19045.0,3723.9656249326927,1.735106998264893,1699,1701,29,0,1672,1679,46518,28,1,0,27,22
2020-11-04,US,Iowa,Crawford,1455,15,0,42.03718237,-95.3819718,19047.0,8650.416171224733,1.0309278350515465,1440,1437,15,0,1422,1435,17158,18,0,0,18,2
2020-11-04,US,Iowa,Dallas,3924,50,0,41.68560356,-94.04127625,19049.0,4198.9021219222495,1.2742099898063202,3874,3828,49,0,3779,3802,90180,96,1,0,95,26
2020-11-04,US,Iowa,Davis,227,4,0,40.74773536,-92.41005468,19051.0,2522.222222222222,1.7621145374449338,223,222,4,0,218,217,9017,5,0,0,5,5
2020-11-04,US,Iowa,Decatur,203,0,0,40.73742757,-93.78645949,19053.0,2579.415501905972,0.0,203,186,0,0,186,183,7890,17,0,0,17,3
2020-11-04,US,Iowa,Delaware,933,16,0,42.47104597,-91.3664492,19055.0,5484.6863794015635,1.714898177920686,917,924,16,0,908,896,17069,9,0,0,9,28
2020-11-04,US,Iowa,Des Moines,1745,13,0,40.92012606,-91.18326592,19057.0,4478.148176662304,0.7449856733524355,1732,1652,12,0,1640,1647,39138,93,1,0,92,5
2020-11-04,US,Iowa,Dickinson,873,9,0,43.37787725,-95.1510206,19059.0,5058.523583265732,1.0309278350515465,864,854,9,0,845,853,17153,19,0,0,19,1
2020-11-04,US,Iowa,Dubuque,6125,65,0,42.46815349,-90.88181925,19061.0,6294.252448335748,1.0612244897959184,6060,6026,63,0,5963,5930,96854,99,2,0,97,96
2020-11-04,US,Iowa,Emmet,486,21,0,43.37782951,-94.67858943,19063.0,5278.019113814074,4.320987654320987,465,478,21,0,457,475,9253,8,0,0,8,3
2020-11-04,US,Iowa,Fayette,510,6,0,42.86271799,-91.84412309999999,19065.0,2595.4198473282445,1.1764705882352942,504,486,6,0,480,468,19660,24,0,0,24,18
2020-11-04,US,Iowa,Floyd,513,11,0,43.06000529999999,-92.78940097,19067.0,3279.631760644419,2.1442495126705654,502,502,11,0,491,491,15761,11,0,0,11,11
2020-11-04,US,Iowa,Franklin,429,18,0,42.73270384,-93.26256925,19069.0,4260.178748758689,4.195804195804196,411,418,18,0,400,417,10124,11,0,0,11,1
2020-11-04,US,Iowa,Fremont,234,2,0,40.74542720000001,-95.60129045,19071.0,3362.0689655172414,0.8547008547008547,232,230,2,0,228,229,6993,4,0,0,4,1
2020-11-04,US,Iowa,Greene,225,0,0,42.03614551,-94.39658081,19073.0,2531.503150315032,0.0,225,218,0,0,218,210,8981,7,0,0,7,8
2020-11-04,US,Iowa,Grundy,406,6,0,42.40183723,-92.78829551,19075.0,3319.162851536952,1.477832512315271,400,390,6,0,384,381,12304,16,0,0,16,9
2020-11-04,US,Iowa,Guthrie,467,15,0,41.68378965,-94.50111014,19077.0,4368.977453456825,3.2119914346895078,452,453,15,0,438,444,10720,14,0,0,14,9
2020-11-04,US,Iowa,Hamilton,526,6,0,42.38382428,-93.70197703,19079.0,3560.549651391051,1.1406844106463878,520,519,5,0,514,513,14952,7,1,0,6,6
2020-11-04,US,Iowa,Hancock,463,6,0,43.08178477,-93.73454884,19081.0,4355.5973659454385,1.2958963282937366,457,436,6,0,430,427,10712,27,0,0,27,9
2020-11-04,US,Iowa,Hardin,609,7,0,42.38353877,-93.23654611,19083.0,3615.101507776327,1.1494252873563218,602,584,7,0,577,569,16868,25,0,0,25,15
2020-11-04,US,Iowa,Harrison,767,19,0,41.68330137,-95.81558439,19085.0,5459.4633069969395,2.4771838331160363,748,754,18,0,736,746,14134,13,1,0,12,8
2020-11-04,US,Iowa,Henry,1226,6,0,40.98767962,-91.54436349,19087.0,6144.131502455648,0.4893964110929853,1220,1198,6,0,1192,1192,20067,28,0,0,28,6
2020-11-04,US,Iowa,Howard,303,9,0,43.35671042,-92.31702714,19089.0,3308.582659969425,2.9702970297029703,294,299,9,0,290,294,9187,4,0,0,4,5
2020-11-04,US,Iowa,Humboldt,426,3,0,42.7764426,-94.20722537,19091.0,4456.999372253609,0.7042253521126759,423,415,3,0,412,404,9547,11,0,0,11,11
2020-11-04,US,Iowa,Ida,266,2,0,42.38696136,-95.51355387,19093.0,3877.551020408163,0.7518796992481203,264,261,2,0,259,255,6841,5,0,0,5,6
2020-11-04,US,Iowa,Iowa,516,11,0,41.68630265,-92.0643373,19095.0,3188.334157192289,2.1317829457364343,505,505,12,0,493,494,16141,11,-1,0,12,11
2020-11-04,US,Iowa,Jackson,830,5,0,42.17178824,-90.57354837,19097.0,4269.766963321158,0.6024096385542169,825,808,4,0,804,795,19432,22,1,0,21,13
2020-11-04,US,Iowa,Jasper,1379,34,0,41.68576082,-93.05567785,19099.0,3708.4846040069924,2.4655547498187094,1345,1351,34,0,1317,1341,37147,28,0,0,28,10
2020-11-04,US,Iowa,Jefferson,308,1,0,41.03192394,-91.94849466,19101.0,1683.520087455589,0.3246753246753247,307,294,1,0,293,285,18381,14,0,0,14,9
2020-11-04,US,Iowa,Johnson,6451,33,0,41.67169354,-91.58754744,19103.0,4268.228132856953,0.5115485971167261,6418,6368,33,0,6335,6307,151260,83,0,0,83,61
2020-11-04,US,Iowa,Jones,661,4,0,42.12118609,-91.13139641,19105.0,3196.170397949809,0.6051437216338881,657,645,4,0,641,612,20744,16,0,0,16,33
2020-11-04,US,Iowa,Keokuk,246,1,0,41.33649833,-92.1785067,19107.0,2400.9369510052693,0.4065040650406504,245,231,1,0,230,220,10225,15,0,0,15,11
2020-11-04,US,Iowa,Kossuth,550,1,0,43.20405458,-94.20691791,19109.0,3712.9548369675294,0.18181818181818185,549,536,0,0,536,527,14908,14,1,0,13,9
2020-11-04,US,Iowa,Lee,1148,13,0,40.64181461,-91.48183025,19111.0,3410.880351784176,1.132404181184669,1135,1122,13,0,1109,1108,34055,26,0,0,26,14
2020-11-04,US,Iowa,Linn,7238,137,0,42.07923082,-91.59809485,19113.0,3192.681270014909,1.8927880630008291,7101,7041,137,0,6904,6868,225909,197,0,0,197,173
2020-11-04,US,Iowa,Louisa,582,15,0,41.21842119,-91.26102611,19115.0,5274.127775260536,2.5773195876288657,567,565,15,0,550,564,11169,17,0,0,17,1
2020-11-04,US,Iowa,Lucas,228,6,0,41.02958964,-93.32780803,19117.0,2651.1627906976746,2.631578947368421,222,226,6,0,220,223,8645,2,0,0,2,3
2020-11-04,US,Iowa,Lyon,610,8,0,43.38107862,-96.20926845,19119.0,5189.281156954487,1.3114754098360657,602,607,8,0,599,604,11811,3,0,0,3,3
2020-11-04,US,Iowa,Madison,412,3,0,41.33081904,-94.01554631,19121.0,2521.7284857387685,0.7281553398058253,409,405,3,0,402,401,16249,7,0,0,7,4
2020-11-04,US,Iowa,Mahaska,821,25,0,41.33521503,-92.64083907,19123.0,3715.7727992758532,3.0450669914738118,796,805,25,0,780,793,22000,16,0,0,16,12
2020-11-04,US,Iowa,Marion,1210,12,0,41.33445101,-93.09934783,19125.0,3638.7694343367516,0.9917355371900828,1198,1179,12,0,1167,1166,33407,31,0,0,31,13
2020-11-04,US,Iowa,Marshall,2354,37,0,42.03586837,-92.99908190000001,19127.0,5979.323833473037,1.5717926932880204,2317,2318,37,0,2281,2277,39981,36,0,0,36,41
2020-11-04,US,Iowa,Mills,500,3,0,41.03299766,-95.61920963,19129.0,3309.285856112251,0.6,497,491,3,0,488,488,15063,9,0,0,9,3
2020-11-04,US,Iowa,Mitchell,344,2,0,43.35638371,-92.78887719,19131.0,3249.5749102588325,0.5813953488372093,342,331,2,0,329,325,10569,13,0,0,13,6
2020-11-04,US,Iowa,Monona,280,2,0,42.05220391,-95.95743843,19133.0,3250.1450957632037,0.7142857142857143,278,278,2,0,276,275,8679,2,0,0,2,3
2020-11-04,US,Iowa,Monroe,289,12,0,41.02988815,-92.8690667,19135.0,3749.837809783314,4.1522491349480966,277,281,12,0,269,280,7790,8,0,0,8,1
2020-11-04,US,Iowa,Montgomery,230,7,0,41.03018714,-95.15642896,19137.0,2319.2497731168696,3.0434782608695654,223,216,7,0,209,215,10003,14,0,0,14,1
2020-11-04,US,Iowa,Muscatine,1657,59,0,41.48370744,-91.11216970000001,19139.0,3883.836489780611,3.56065178032589,1598,1649,58,0,1591,1634,42929,8,1,0,7,15
2020-11-04,US,Iowa,O'Brien,861,16,0,43.08310673,-95.62474482,19141.0,6260.452264960372,1.858304297328688,845,837,15,0,822,827,13840,24,1,0,23,10
2020-11-04,US,Iowa,Osceola,325,0,0,43.37824276,-95.62422844,19143.0,5454.850621013763,0.0,325,322,0,0,322,322,6040,3,0,0,3,0
2020-11-04,US,Iowa,Page,524,0,0,40.7393172,-95.1497813,19145.0,3468.590719533991,0.0,524,461,0,0,461,454,15249,63,0,0,63,7
2020-11-04,US,Iowa,Palo Alto,370,2,0,43.08193849,-94.67824621,19147.0,4163.853252307,0.5405405405405406,368,358,2,0,356,353,8929,12,0,0,12,5
2020-11-04,US,Iowa,Plymouth,1917,33,0,42.737633,-96.21366621,19149.0,7614.092227032607,1.7214397496087637,1884,1869,31,0,1838,1857,25095,48,2,0,46,12
2020-11-04,US,Iowa,Pocahontas,298,2,0,42.73420133,-94.67862564,19151.0,4502.1906632421815,0.6711409395973155,296,284,2,0,282,270,6740,14,0,0,14,14
2020-11-04,US,Iowa,Polk,21391,296,0,41.68679484,-93.57767461,19153.0,4364.0762932995485,1.3837595250338928,21095,21034,294,0,20740,20868,487204,357,2,0,355,166
2020-11-04,US,Iowa,Pottawattamie,3697,47,0,41.33640314,-95.53907776,19155.0,3966.482844452074,1.271301054909386,3650,3611,47,0,3564,3591,93533,86,0,0,86,20
2020-11-04,US,Iowa,Poweshiek,564,11,0,41.68625425,-92.53155731,19157.0,3047.9896238651104,1.9503546099290783,553,546,11,0,535,540,18699,18,0,0,18,6
2020-11-04,US,Iowa,Ringgold,112,2,0,40.73518949,-94.24368535,19159.0,2288.516550878627,1.7857142857142858,110,110,2,0,108,109,4968,2,0,0,2,1
2020-11-04,US,Iowa,Sac,470,5,0,42.38624071,-95.10547892,19161.0,4834.893529472277,1.0638297872340423,465,456,5,0,451,440,9719,14,0,0,14,16
2020-11-04,US,Iowa,Scott,5521,51,0,41.63935978,-90.61959493,19163.0,3192.381304822977,0.9237456982430721,5470,5415,50,0,5365,5336,173283,106,1,0,105,79
2020-11-04,US,Iowa,Shelby,458,2,0,41.6850066,-95.31015553,19165.0,3998.603108084512,0.4366812227074236,456,441,2,0,439,435,11578,17,0,0,17,6
2020-11-04,US,Iowa,Sioux,2737,20,0,43.08221074,-96.17675679999999,19167.0,7852.5319179457765,0.7307270734380709,2717,2701,19,0,2682,2683,34909,36,1,0,35,18
2020-11-04,US,Iowa,Story,4417,18,0,42.03621213,-93.46499005,19169.0,4548.122367865564,0.4075164138555581,4399,4351,18,0,4333,4295,98105,66,0,0,66,56
2020-11-04,US,Iowa,Tama,1088,38,0,42.07991767,-92.53266945,19171.0,6455.440844903287,3.492647058823529,1050,1081,38,0,1043,1063,16904,7,0,0,7,18
2020-11-04,US,Iowa,Taylor,288,2,0,40.73710579,-94.69778563,19173.0,4705.113543538638,0.6944444444444444,286,278,2,0,276,275,6191,10,0,0,10,3
2020-11-04,US,Iowa,Unassigned,100,0,0,0.0,0.0,90019.0,0.0,0.0,100,66,0,0,66,52,,34,0,0,34,14
2020-11-04,US,Iowa,Union,314,6,0,41.0277278,-94.24234847,19175.0,2565.149906053427,1.9108280254777068,308,299,6,0,293,291,12359,15,0,0,15,8
2020-11-04,US,Iowa,Van Buren,218,2,0,40.75326764,-91.95017958,19177.0,3094.832481544577,0.9174311926605504,216,209,2,0,207,205,7020,9,0,0,9,4
2020-11-04,US,Iowa,Wapello,1706,64,0,41.03064984,-92.40954728,19179.0,4878.606765992737,3.751465416178194,1642,1680,64,0,1616,1672,35205,26,0,0,26,8
2020-11-04,US,Iowa,Warren,1497,8,0,41.33559454,-93.56007641,19181.0,2908.7164341507014,0.5344021376085505,1489,1462,8,0,1454,1449,51056,35,0,0,35,13
2020-11-04,US,Iowa,Washington,787,12,0,41.33577126,-91.71725711,19183.0,3582.972911450034,1.5247776365946633,775,769,12,0,757,756,22141,18,0,0,18,13
2020-11-04,US,Iowa,Wayne,198,4,0,40.73969028,-93.32752197,19185.0,3074.056823474616,2.0202020202020203,194,194,4,0,190,163,6401,4,0,0,4,31
2020-11-04,US,Iowa,Webster,2176,16,0,42.42853483,-94.17987389,19187.0,6060.606060606061,0.7352941176470589,2160,2113,16,0,2097,2088,36277,63,0,0,63,25
2020-11-04,US,Iowa,Winnebago,567,20,0,43.37751174,-93.73407298,19189.0,5476.144485223103,3.5273368606701943,547,561,20,0,541,554,10518,6,0,0,6,7
2020-11-04,US,Iowa,Winneshiek,565,9,0,43.29094334,-91.84422722,19191.0,2826.271822320044,1.5929203539823011,556,557,9,0,548,547,20029,8,0,0,8,10
2020-11-04,US,Iowa,Woodbury,7953,102,0,42.38979414,-96.0459439,19193.0,7713.3463295411575,1.2825348924933988,7851,7858,101,0,7757,7813,102539,95,1,0,94,45
2020-11-04,US,Iowa,Worth,175,0,0,43.37750768,-93.26087602,19195.0,2370.9524454680936,0.0,175,171,0,0,171,167,7453,4,0,0,4,4
2020-11-04,US,Iowa,Wright,841,1,0,42.73305373,-93.73515113,19197.0,6694.793822639707,0.11890606420927467,840,830,1,0,829,822,12690,11,0,0,11,8
2020-11-04,US,Kansas,Allen,143,1,0,37.88582951,-95.30030847,20001.0,1156.1160966933462,0.6993006993006993,142,112,1,0,111,112,12444,31,0,0,31,0
2020-11-04,US,Kansas,Anderson,241,0,0,38.21413251,-95.29272815,20003.0,3066.938152201578,0.0,241,219,0,0,219,219,7878,22,0,0,22,0
2020-11-04,US,Kansas,Atchison,537,6,0,39.53185661,-95.30870026,20005.0,3341.0066571268585,1.11731843575419,531,537,6,0,531,537,16193,0,0,0,0,0
2020-11-04,US,Kansas,Barber,69,0,0,37.2288586,-98.68460053,20007.0,1558.6175739778628,0.0,69,69,0,0,69,69,4472,0,0,0,0,0
2020-11-04,US,Kansas,Barton,803,7,0,38.47889676,-98.75636726,20009.0,3114.9385158462323,0.8717310087173101,796,803,7,0,796,803,26111,0,0,0,0,0
2020-11-04,US,Kansas,Bourbon,331,3,0,37.85508555,-94.84865997,20011.0,2277.4184670427962,0.9063444108761328,328,306,3,0,303,306,14653,25,0,0,25,0
2020-11-04,US,Kansas,Brown,280,6,0,39.82652589,-95.56421698,20013.0,2927.645336679214,2.142857142857143,274,280,6,0,274,249,9598,0,0,0,0,31
2020-11-04,US,Kansas,Butler,1116,3,0,37.78134351,-96.83878537,20015.0,1667.8871934360568,0.26881720430107525,1113,1042,3,0,1039,1031,66765,74,0,0,74,11
2020-11-04,US,Kansas,Chase,118,3,0,38.30292938,-96.59563862,20017.0,4456.19335347432,2.5423728813559316,115,107,3,0,104,107,2629,11,0,0,11,0
2020-11-04,US,Kansas,Chautauqua,24,0,0,37.14994405,-96.2454192,20019.0,738.4615384615387,0.0,24,24,0,0,24,24,3309,0,0,0,0,0
2020-11-04,US,Kansas,Cherokee,749,7,0,37.16928494,-94.8462897,20021.0,3756.4571944430513,0.9345794392523364,742,749,7,0,742,749,20015,0,0,0,0,0
2020-11-04,US,Kansas,Cheyenne,131,6,0,39.78580976,-101.7318201,20023.0,4930.372600677456,4.580152671755725,125,124,6,0,118,124,2660,7,0,0,7,0
2020-11-04,US,Kansas,Clark,69,4,0,37.23577007,-99.81883015,20025.0,3460.3811434302906,5.797101449275362,65,68,4,0,64,68,2005,1,0,0,1,0
2020-11-04,US,Kansas,Clay,168,3,0,39.34948772,-97.16518128,20027.0,2099.475131217196,1.7857142857142858,165,135,3,0,132,135,7997,33,0,0,33,0
2020-11-04,US,Kansas,Cloud,216,1,0,39.48028352,-97.64925343,20029.0,2458.456635556567,0.462962962962963,215,193,1,0,192,193,8729,23,0,0,23,0
2020-11-04,US,Kansas,Coffey,181,9,0,38.2365018,-95.73379515,20031.0,2212.9844724293926,4.972375690607736,172,173,9,0,164,173,8233,8,0,0,8,0
2020-11-04,US,Kansas,Comanche,22,0,0,37.19114520000001,-99.27113247,20033.0,1294.1176470588236,0.0,22,22,0,0,22,22,1748,0,0,0,0,0
2020-11-04,US,Kansas,Cowley,601,10,0,37.23781842,-96.83776647,20035.0,1721.6683854703792,1.6638935108153081,591,576,10,0,566,576,35218,25,0,0,25,0
2020-11-04,US,Kansas,Crawford,1530,14,0,37.50675523,-94.85245778,20037.0,3941.470451852233,0.915032679738562,1516,1530,14,0,1516,1530,39019,0,0,0,0,0
2020-11-04,US,Kansas,Decatur,147,1,0,39.78468441,-100.45940809999999,20039.0,5199.858507251503,0.6802721088435374,146,147,1,0,146,147,2871,0,0,0,0,0
2020-11-04,US,Kansas,Dickinson,413,5,0,38.86600962,-97.15532383,20041.0,2236.5428354814253,1.2106537530266344,408,380,5,0,375,380,18717,33,0,0,33,0
2020-11-04,US,Kansas,Doniphan,227,1,0,39.79067154,-95.14056866,20043.0,2986.842105263158,0.4405286343612335,226,227,1,0,226,215,7682,0,0,0,0,12
2020-11-04,US,Kansas,Douglas,3119,19,0,38.88503636,-95.2925121,20045.0,2551.1414292608315,0.6091696056428343,3100,3054,19,0,3035,3030,121436,65,0,0,65,24
2020-11-04,US,Kansas,Edwards,90,0,0,37.88735543,-99.31263309,20047.0,3216.583273766977,0.0,90,83,0,0,83,83,2849,7,0,0,7,0
2020-11-04,US,Kansas,Elk,13,0,0,37.45338105,-96.24369667,20049.0,513.8339920948616,0.0,13,13,0,0,13,13,2508,0,0,0,0,0
2020-11-04,US,Kansas,Ellis,1512,18,0,38.91458712,-99.31751551,20051.0,5295.415543025251,1.1904761904761905,1494,1483,18,0,1465,1483,28710,29,0,0,29,0
2020-11-04,US,Kansas,Ellsworth,402,1,0,38.69677695,-98.20462799,20053.0,6588.003933136676,0.24875621890547264,401,400,1,0,399,400,6196,2,0,0,2,0
2020-11-04,US,Kansas,Finney,3349,20,0,38.04340344,-100.73819379999999,20055.0,9183.64548770121,0.5971931919976112,3329,3233,20,0,3213,3202,36611,116,0,0,116,31
2020-11-04,US,Kansas,Ford,3410,13,0,37.69200114,-99.88825298,20057.0,10143.073857045125,0.3812316715542522,3397,3345,13,0,3332,3345,33888,65,0,0,65,0
2020-11-04,US,Kansas,Franklin,619,5,0,38.56443815,-95.28644341,20059.0,2423.2696523645473,0.8077544426494345,614,619,5,0,614,619,25631,0,0,0,0,0
2020-11-04,US,Kansas,Geary,426,4,0,38.99871131,-96.7577178,20061.0,1345.1215661509316,0.9389671361502347,422,419,4,0,415,411,32594,7,0,0,7,8
2020-11-04,US,Kansas,Gove,213,18,0,38.91588178,-100.4829321,20063.0,8080.424886191197,8.450704225352112,195,202,16,0,186,202,2612,11,2,0,9,0
2020-11-04,US,Kansas,Graham,62,1,0,39.34987223,-99.88332493,20065.0,2497.9854955680903,1.6129032258064515,61,58,1,0,57,58,2492,4,0,0,4,0
2020-11-04,US,Kansas,Grant,486,8,0,37.56227336,-101.3079758,20067.0,6797.202797202795,1.6460905349794241,478,486,8,0,478,473,7336,0,0,0,0,13
2020-11-04,US,Kansas,Gray,211,2,0,37.73836671,-100.4369088,20069.0,3523.714094856379,0.9478672985781992,209,211,2,0,209,211,6033,0,0,0,0,0
2020-11-04,US,Kansas,Greeley,51,0,0,38.4808095,-101.8061079,20071.0,4139.61038961039,0.0,51,34,0,0,34,34,1227,17,0,0,17,0
2020-11-04,US,Kansas,Greenwood,130,0,0,37.8774388,-96.23250453,20073.0,2173.186225342695,0.0,130,108,0,0,108,108,6055,22,0,0,22,0
2020-11-04,US,Kansas,Hamilton,64,0,0,37.99978709,-101.7921066,20075.0,2520.677432059866,0.0,64,64,0,0,64,64,2607,0,0,0,0,0
2020-11-04,US,Kansas,Harper,178,3,0,37.19175361,-98.07578384,20077.0,3274.466519499632,1.6853932584269662,175,169,3,0,166,169,5506,9,0,0,9,0
2020-11-04,US,Kansas,Harvey,716,8,0,38.04293782,-97.42747573,20079.0,2079.6421621307627,1.11731843575419,708,716,8,0,708,658,34210,0,0,0,0,58
2020-11-04,US,Kansas,Haskell,181,1,0,37.562039399999996,-100.8710738,20081.0,4561.491935483871,0.5524861878453039,180,103,1,0,102,103,3997,78,0,0,78,0
2020-11-04,US,Kansas,Hodgeman,59,0,0,38.08780079,-99.89829881,20083.0,3288.7402452619845,0.0,59,53,0,0,53,53,1818,6,0,0,6,0
2020-11-04,US,Kansas,Jackson,355,4,0,39.41673394,-95.79356799,20085.0,2695.3154657960667,1.1267605633802815,351,355,4,0,351,344,13280,0,0,0,0,11
2020-11-04,US,Kansas,Jefferson,342,6,0,39.2347941,-95.38289232,20087.0,1795.9355143622327,1.7543859649122806,336,326,6,0,320,300,18975,16,0,0,16,26
2020-11-04,US,Kansas,Jewell,31,1,0,39.78470589,-98.21820662,20089.0,1076.7627648489058,3.2258064516129035,30,31,1,0,30,31,2841,0,0,0,0,0
2020-11-04,US,Kansas,Johnson,15668,222,0,38.88548175,-94.82250877,20091.0,2600.925297268763,1.416900689303038,15446,15414,219,0,15195,15218,597555,254,3,0,251,196
2020-11-04,US,Kansas,Kearny,162,6,0,38.00017981,-101.32168100000001,20093.0,4220.948410630537,3.703703703703704,156,159,6,0,153,159,3943,3,0,0,3,0
2020-11-04,US,Kansas,Kingman,144,3,0,37.55909527,-98.13638678,20095.0,2013.4228187919464,2.083333333333333,141,144,3,0,141,144,7310,0,0,0,0,0
2020-11-04,US,Kansas,Kiowa,69,0,0,37.55848695,-99.2856537,20097.0,2787.878787878788,0.0,69,69,0,0,69,69,2516,0,0,0,0,0
2020-11-04,US,Kansas,Labette,435,6,0,37.19113093,-95.29849679,20099.0,2217.3514119685997,1.3793103448275863,429,432,6,0,426,418,19964,3,0,0,3,14
2020-11-04,US,Kansas,Lane,35,0,0,38.48119447,-100.46607540000001,20101.0,2280.130293159609,0.0,35,33,0,0,33,33,1560,2,0,0,2,0
2020-11-04,US,Kansas,Leavenworth,2695,21,0,39.20183497,-95.03620809,20103.0,3296.313510604467,0.7792207792207793,2674,2651,20,0,2631,2651,81352,44,1,0,43,0
2020-11-04,US,Kansas,Lincoln,23,1,0,39.04549684,-98.20756994,20105.0,776.5023632680621,4.3478260869565215,22,23,1,0,22,23,3023,0,0,0,0,0
2020-11-04,US,Kansas,Linn,138,1,0,38.21267844,-94.84254089,20107.0,1422.2405441615995,0.7246376811594203,137,127,1,0,126,127,9750,11,0,0,11,0
2020-11-04,US,Kansas,Logan,133,0,0,38.91735806,-101.148475,20109.0,4760.200429491768,0.0,133,68,0,0,68,68,2844,65,0,0,65,0
2020-11-04,US,Kansas,Lyon,1453,41,0,38.45576156,-96.15275715,20111.0,4377.165235728272,2.8217481073640744,1412,1442,41,0,1401,1424,33406,11,0,0,11,18
2020-11-04,US,Kansas,Marion,162,1,0,38.35855394,-97.09852509999999,20115.0,1363.1773813530795,0.6172839506172839,161,154,1,0,153,154,11950,8,0,0,8,0
2020-11-04,US,Kansas,Marshall,86,0,0,39.78359669,-96.52278974,20117.0,885.9585865869991,0.0,86,81,0,0,81,81,9722,5,0,0,5,0
2020-11-04,US,Kansas,McPherson,539,7,0,38.39184858,-97.64769869,20113.0,1888.4450984514046,1.2987012987012987,532,539,7,0,532,472,28537,0,0,0,0,67
2020-11-04,US,Kansas,Meade,149,1,0,37.23859987,-100.36483100000001,20119.0,3694.520208281676,0.6711409395973155,148,146,1,0,145,146,4146,3,0,0,3,0
2020-11-04,US,Kansas,Miami,580,2,0,38.56383358,-94.83832189,20121.0,1694.0736629961734,0.3448275862068966,578,564,2,0,562,564,33680,16,0,0,16,0
2020-11-04,US,Kansas,Mitchell,69,0,0,39.39331582,-98.20906732,20123.0,1154.039136979428,0.0,69,69,0,0,69,69,6150,0,0,0,0,0
2020-11-04,US,Kansas,Montgomery,706,6,0,37.19236568,-95.74329258,20125.0,2218.102987841277,0.8498583569405099,700,706,6,0,700,706,32120,0,0,0,0,0
2020-11-04,US,Kansas,Morris,76,0,0,38.68827511,-96.65128437,20127.0,1352.3131672597865,0.0,76,76,0,0,76,76,5521,0,0,0,0,0
2020-11-04,US,Kansas,Morton,56,2,0,37.19141121,-101.79925190000002,20129.0,2164.6695013529184,3.571428571428572,54,56,2,0,54,56,2667,0,0,0,0,0
2020-11-04,US,Kansas,Nemaha,418,4,0,39.78345387,-96.01392079,20131.0,4085.622128824162,0.9569377990430622,414,418,4,0,414,315,10155,0,0,0,0,103
2020-11-04,US,Kansas,Neosho,319,0,0,37.55862897,-95.30670046,20133.0,1992.8781158243269,0.0,319,319,0,0,319,274,15951,0,0,0,0,45
2020-11-04,US,Kansas,Ness,148,9,0,38.47974157,-99.91547333,20135.0,5381.818181818182,6.081081081081082,139,148,9,0,139,148,2840,0,0,0,0,0
2020-11-04,US,Kansas,Norton,811,19,0,39.78443827,-99.90286639,20137.0,15127.774668905056,2.3427866831072746,792,778,18,0,760,778,5430,33,1,0,32,0
2020-11-04,US,Kansas,Osage,184,4,0,38.65235984,-95.72707998,20139.0,1153.677346542103,2.1739130434782608,180,175,4,0,171,175,15941,9,0,0,9,0
2020-11-04,US,Kansas,Osborne,26,0,0,39.3503437,-98.76753828,20141.0,760.0116924875767,0.0,26,26,0,0,26,26,3475,0,0,0,0,0
2020-11-04,US,Kansas,Ottawa,125,0,0,39.13237408,-97.65020313,20143.0,2191.4446002805053,0.0,125,124,0,0,124,124,5802,1,0,0,1,0
2020-11-04,US,Kansas,Pawnee,440,1,0,38.18108732,-99.23692334,20145.0,6859.993763642033,0.2272727272727273,439,431,1,0,430,431,6562,9,0,0,9,0
2020-11-04,US,Kansas,Phillips,231,9,0,39.78465501,-99.34668865,20147.0,4413.450515857852,3.8961038961038965,222,223,9,0,214,215,5317,8,0,0,8,8
2020-11-04,US,Kansas,Pottawatomie,429,0,0,39.37925655,-96.34564657,20149.0,1759.4225484969033,0.0,429,413,0,0,413,413,24277,16,0,0,16,0
2020-11-04,US,Kansas,Pratt,259,0,0,37.64780729,-98.73922153,20151.0,2826.276735050197,0.0,259,205,0,0,205,205,9378,54,0,0,54,0
2020-11-04,US,Kansas,Rawlins,102,0,0,39.78525843,-101.07616170000001,20153.0,4031.620553359684,0.0,102,101,0,0,101,101,2508,1,0,0,1,0
2020-11-04,US,Kansas,Reno,2549,19,0,37.95230263,-98.08607292,20155.0,4111.422949127391,0.745390349156532,2530,2394,18,0,2376,2370,62342,155,1,0,154,24
2020-11-04,US,Kansas,Republic,104,1,0,39.82799632,-97.65036709,20157.0,2243.313201035375,0.9615384615384616,103,89,1,0,88,89,4664,15,0,0,15,0
2020-11-04,US,Kansas,Rice,172,1,0,38.34616184,-98.19992118,20159.0,1803.5021495229107,0.5813953488372093,171,172,1,0,171,172,9531,0,0,0,0,0
2020-11-04,US,Kansas,Riley,2323,12,0,39.28935726,-96.73420026,20161.0,3129.37816575062,0.5165733964700818,2311,2263,11,0,2252,2263,73703,60,1,0,59,0
2020-11-04,US,Kansas,Rooks,172,7,0,39.35022773,-99.32484567,20163.0,3495.9349593495936,4.069767441860465,165,170,7,0,163,170,5013,2,0,0,2,0
2020-11-04,US,Kansas,Rush,98,0,0,38.52275276,-99.30863983,20165.0,3227.931488801054,0.0,98,98,0,0,98,98,3093,0,0,0,0,0
2020-11-04,US,Kansas,Russell,225,5,0,38.91462787,-98.76254297,20167.0,3281.7969661610273,2.2222222222222223,220,225,5,0,220,225,6907,0,0,0,0,0
2020-11-04,US,Kansas,Saline,1278,14,0,38.78369175,-97.65185177,20169.0,2356.8899380348184,1.0954616588419406,1264,1230,13,0,1217,1230,54401,48,1,0,47,0
2020-11-04,US,Kansas,Scott,203,1,0,38.48222076,-100.90665390000001,20171.0,4208.99854862119,0.4926108374384237,202,197,1,0,196,187,4897,6,0,0,6,10
2020-11-04,US,Kansas,Sedgwick,13093,135,0,37.6842718,-97.4608198,20173.0,2537.196584774108,1.0310853127625448,12958,12840,133,0,12707,12695,513607,253,2,0,251,145
2020-11-04,US,Kansas,Seward,2239,13,0,37.19324632,-100.85072009999999,20175.0,10448.945305208139,0.5806163465832961,2226,2239,13,0,2226,2201,21780,0,0,0,0,38
2020-11-04,US,Kansas,Shawnee,3948,85,0,39.04100763,-95.75572640000001,20177.0,2232.08480565371,2.1529888551165146,3863,3870,85,0,3785,3804,177499,78,0,0,78,66
2020-11-04,US,Kansas,Sheridan,195,0,0,39.35018161,-100.44182590000001,20179.0,7735.025783419279,0.0,195,193,0,0,193,193,2533,2,0,0,2,0
2020-11-04,US,Kansas,Sherman,265,6,0,39.35147699,-101.71976240000001,20181.0,4478.620922764914,2.2641509433962264,259,261,6,0,255,260,5899,4,0,0,4,1
2020-11-04,US,Kansas,Smith,34,0,0,39.78516566,-98.78566062,20183.0,948.9254814401339,0.0,34,33,0,0,33,33,3603,1,0,0,1,0
2020-11-04,US,Kansas,Stafford,104,1,0,38.03100851,-98.71762001,20185.0,2502.4061597690093,0.9615384615384616,103,96,1,0,95,96,4178,8,0,0,8,0
2020-11-04,US,Kansas,Stanton,53,2,0,37.56304714,-101.78435340000001,20187.0,2642.073778664008,3.7735849056603774,51,53,2,0,51,53,1987,0,0,0,0,0
2020-11-04,US,Kansas,Stevens,269,1,0,37.1923008,-101.3118967,20189.0,4904.284412032816,0.3717472118959108,268,255,1,0,254,255,5559,14,0,0,14,0
2020-11-04,US,Kansas,Sumner,346,4,0,37.23682549,-97.47721621,20191.0,1515.1515151515152,1.1560693641618498,342,341,4,0,337,341,22996,5,0,0,5,0
2020-11-04,US,Kansas,Thomas,425,2,0,39.35107575,-101.0553705,20193.0,5464.832197505465,0.4705882352941176,423,412,2,0,410,402,7711,13,0,0,13,10
2020-11-04,US,Kansas,Trego,123,3,0,38.91467218,-99.87284448,20195.0,4388.155547627543,2.4390243902439024,120,117,3,0,114,117,2793,6,0,0,6,0
2020-11-04,US,Kansas,Wabaunsee,106,1,0,38.95471985,-96.20350509,20197.0,1529.3608425912564,0.9433962264150944,105,93,1,0,92,93,6899,13,0,0,13,0
2020-11-04,US,Kansas,Wallace,78,0,0,38.91686134,-101.76388759999999,20199.0,5138.339920948617,0.0,78,78,0,0,78,70,1503,0,0,0,0,8
2020-11-04,US,Kansas,Washington,68,0,0,39.78420784,-97.08753229999999,20201.0,1257.8616352201261,0.0,68,57,0,0,57,57,5420,11,0,0,11,0
2020-11-04,US,Kansas,Wichita,47,0,0,38.48178252,-101.3471509,20203.0,2218.027371401605,0.0,47,46,0,0,46,46,2105,1,0,0,1,0
2020-11-04,US,Kansas,Wilson,137,4,0,37.55937174,-95.74323255,20205.0,1607.0381231671554,2.9197080291970803,133,127,3,0,124,127,8665,10,1,0,9,0
2020-11-04,US,Kansas,Woodson,38,0,0,37.8865336,-95.74006277,20207.0,1210.9623964308478,0.0,38,27,0,0,27,27,3183,11,0,0,11,0
2020-11-04,US,Kansas,Wyandotte,8666,165,0,39.11727348,-94.76378225,20209.0,5238.501109237195,1.9039926148165245,8501,8612,165,0,8447,8580,165324,54,0,0,54,32
2020-11-04,US,Kentucky,Adair,526,22,0,37.10459774,-85.28129668,21001.0,2739.2979897927303,4.182509505703422,504,525,22,0,503,520,19215,1,0,0,1,5
2020-11-04,US,Kentucky,Allen,578,11,0,36.75197631,-86.19457544,21003.0,2711.705371803894,1.9031141868512111,567,576,11,0,565,569,21122,2,0,0,2,7
2020-11-04,US,Kentucky,Anderson,288,1,0,38.00671029,-84.99171713,21005.0,1266.101024310898,0.3472222222222222,287,287,1,0,286,280,22663,1,0,0,1,7
2020-11-04,US,Kentucky,Ballard,88,1,0,37.05842757,-88.99427697,21007.0,1115.6186612576064,1.1363636363636365,87,86,1,0,85,82,7979,2,0,0,2,4
2020-11-04,US,Kentucky,Barren,1403,13,0,36.96469836,-85.93338945,21009.0,3170.6931230084297,0.9265858873841768,1390,1381,13,0,1368,1364,44176,22,0,0,22,17
2020-11-04,US,Kentucky,Bath,146,1,0,38.14735938,-83.74588932,21011.0,1168.0,0.6849315068493149,145,145,1,0,144,142,12383,1,0,0,1,3
2020-11-04,US,Kentucky,Bell,849,17,0,36.73355174,-83.67766671,21013.0,3261.3706207744312,2.0023557126030624,832,845,17,0,828,834,26569,4,0,0,4,11
2020-11-04,US,Kentucky,Boone,2463,25,0,38.97065142,-84.72615357,21015.0,1843.8250948862487,1.0150223304912709,2438,2417,25,0,2392,2362,131533,46,0,0,46,55
2020-11-04,US,Kentucky,Bourbon,345,1,0,38.2054607,-84.21827874,21017.0,1743.4808975136443,0.2898550724637681,344,340,1,0,339,338,20184,5,0,0,5,2
2020-11-04,US,Kentucky,Boyd,776,22,0,38.36176608,-82.68652187,21019.0,1661.030009846312,2.8350515463917527,754,767,22,0,745,749,47240,9,0,0,9,18
2020-11-04,US,Kentucky,Boyle,509,0,0,37.62680923,-84.8633779,21021.0,1693.2801064537591,0.0,509,501,0,0,501,501,30100,8,0,0,8,0
2020-11-04,US,Kentucky,Bracken,76,1,0,38.69158994,-84.08532444,21023.0,915.3318077803204,1.3157894736842106,75,75,1,0,74,75,8239,1,0,0,1,0
2020-11-04,US,Kentucky,Breathitt,162,1,0,37.52333168,-83.31959161,21025.0,1282.6603325415676,0.6172839506172839,161,161,1,0,160,159,12726,1,0,0,1,2
2020-11-04,US,Kentucky,Breckinridge,250,2,0,37.77377239,-86.42885017,21027.0,1220.881965131611,0.8,248,240,2,0,238,221,20388,10,0,0,10,19
2020-11-04,US,Kentucky,Bullitt,1706,15,0,37.97162523,-85.68955617,21029.0,2088.7408785934667,0.8792497069167644,1691,1678,15,0,1663,1647,81069,28,0,0,28,31
2020-11-04,US,Kentucky,Butler,444,16,0,37.20946153,-86.68748787,21031.0,3447.472629862567,3.603603603603604,428,441,16,0,425,438,12772,3,0,0,3,3
2020-11-04,US,Kentucky,Caldwell,347,0,0,37.14749129,-87.86948214,21033.0,2722.209147250333,0.0,347,323,0,0,323,308,12715,24,0,0,24,15
2020-11-04,US,Kentucky,Calloway,1104,10,0,36.62093411,-88.2731593,21035.0,2830.696648803877,0.9057971014492754,1094,1097,10,0,1087,1093,39135,7,0,0,7,4
2020-11-04,US,Kentucky,Campbell,1514,16,0,38.94384345,-84.37875208,21037.0,1617.7979141733624,1.056803170409511,1498,1476,16,0,1460,1437,93152,38,0,0,38,39
2020-11-04,US,Kentucky,Carlisle,114,1,0,36.85372876,-88.96692220000001,21039.0,2394.957983193277,0.8771929824561403,113,112,1,0,111,111,4771,2,0,0,2,1
2020-11-04,US,Kentucky,Carroll,239,5,0,38.66599534,-85.12601074,21041.0,2248.142225566739,2.092050209205021,234,236,5,0,231,233,10737,3,0,0,3,3
2020-11-04,US,Kentucky,Carter,413,4,0,38.31690743,-83.05092385,21043.0,1541.2173004440797,0.9685230024213076,409,410,4,0,406,409,27004,3,0,0,3,1
2020-11-04,US,Kentucky,Casey,334,16,0,37.32533118,-84.92726209,21045.0,2066.959589083483,4.790419161676646,318,329,16,0,313,328,15888,5,0,0,5,1
2020-11-04,US,Kentucky,Christian,2085,29,0,36.89267803,-87.49055367,21047.0,2959.083748456593,1.3908872901678655,2056,2051,29,0,2022,2032,71671,34,0,0,34,19
2020-11-04,US,Kentucky,Clark,583,12,0,37.9689263,-84.14615986,21049.0,1607.6993078344315,2.0583190394511153,571,580,12,0,568,571,36249,3,0,0,3,9
2020-11-04,US,Kentucky,Clay,651,6,0,37.16451126,-83.712575,21051.0,3271.1924023918396,0.9216589861751152,645,649,6,0,643,642,20105,2,0,0,2,7
2020-11-04,US,Kentucky,Clinton,256,3,0,36.72581156,-85.13377529,21053.0,2505.3826580544132,1.171875,253,256,3,0,253,253,10206,0,0,0,0,3
2020-11-04,US,Kentucky,Crittenden,179,1,0,37.35839237,-88.08826090000002,21055.0,2032.7049738814444,0.5586592178770949,178,176,1,0,175,173,8915,3,0,0,3,3
2020-11-04,US,Kentucky,Cumberland,157,0,0,36.78926125,-85.39050034,21057.0,2373.752645902631,0.0,157,155,0,0,155,154,6659,2,0,0,2,1
2020-11-04,US,Kentucky,Daviess,2201,32,0,37.73028906,-87.09019479999998,21059.0,2168.237924953946,1.453884597910041,2169,2164,32,0,2132,2131,101104,37,0,0,37,33
2020-11-04,US,Kentucky,Edmonson,194,12,0,37.21218923,-86.23955613,21061.0,1596.7078189300412,6.185567010309278,182,192,12,0,180,192,12274,2,0,0,2,0
2020-11-04,US,Kentucky,Elliott,350,0,0,38.11624059,-83.09771563,21063.0,4656.11281096182,0.0,350,342,0,0,342,340,7508,8,0,0,8,2
2020-11-04,US,Kentucky,Estill,314,0,0,37.69241417,-83.95956369,21065.0,2226.00311924004,0.0,314,313,0,0,313,311,14198,1,0,0,1,2
2020-11-04,US,Kentucky,Fayette,11774,93,0,38.0368225,-84.45576892,21067.0,3643.486656434124,0.7898759979616103,11681,11616,93,0,11523,11515,323780,158,0,0,158,101
2020-11-04,US,Kentucky,Fleming,213,0,0,38.36758311,-83.69657514,21069.0,1460.805157396612,0.0,213,206,0,0,206,203,14432,7,0,0,7,3
2020-11-04,US,Kentucky,Floyd,551,4,0,37.56213922,-82.74750924,21071.0,1548.2311950321728,0.7259528130671506,547,520,4,0,516,497,35845,31,0,0,31,23
2020-11-04,US,Kentucky,Franklin,941,14,0,38.2379395,-84.87962551,21073.0,1845.4237022219609,1.487778958554729,927,926,14,0,912,913,50815,15,0,0,15,13
2020-11-04,US,Kentucky,Fulton,241,3,0,36.55238827,-89.20140068,21075.0,4037.5272239906185,1.2448132780082988,238,240,3,0,237,239,6120,1,0,0,1,1
2020-11-04,US,Kentucky,Gallatin,134,8,0,38.75398691,-84.8558382,21077.0,1510.8805953320555,5.970149253731344,126,133,8,0,125,132,8832,1,0,0,1,1
2020-11-04,US,Kentucky,Garrard,375,4,0,37.638866799999995,-84.53289319,21079.0,2122.721612136307,1.0666666666666669,371,372,4,0,368,370,17560,3,0,0,3,2
2020-11-04,US,Kentucky,Grant,304,6,0,38.64962758,-84.62415957,21081.0,1212.6530775060833,1.973684210526316,298,299,6,0,293,291,25121,5,0,0,5,8
2020-11-04,US,Kentucky,Graves,987,30,0,36.72292505,-88.65143315,21083.0,2648.526807277411,3.0395136778115504,957,970,30,0,940,959,37317,17,0,0,17,11
2020-11-04,US,Kentucky,Grayson,587,16,0,37.46231118,-86.34248968,21085.0,2221.2131532145154,2.7257240204429305,571,570,16,0,554,566,26321,17,0,0,17,4
2020-11-04,US,Kentucky,Green,350,8,0,37.26484328,-85.5540745,21087.0,3198.9763275751757,2.2857142857142856,342,346,8,0,338,346,11049,4,0,0,4,0
2020-11-04,US,Kentucky,Greenup,718,12,0,38.54332505,-82.9215658,21089.0,2045.7006097213518,1.6713091922005572,706,701,12,0,689,684,35268,17,0,0,17,17
2020-11-04,US,Kentucky,Hancock,172,5,0,37.83766422,-86.78280584,21091.0,1972.0247649621647,2.9069767441860463,167,169,3,0,166,168,8758,3,2,0,1,1
2020-11-04,US,Kentucky,Hardin,2406,15,0,37.6976111,-85.96319251,21093.0,2168.3880387173526,0.6234413965087282,2391,2368,15,0,2353,2329,110356,38,0,0,38,39
2020-11-04,US,Kentucky,Harlan,655,14,0,36.85699301,-83.21899516,21095.0,2518.262206843521,2.137404580152672,641,646,14,0,632,634,26409,9,0,0,9,12
2020-11-04,US,Kentucky,Harrison,293,1,0,38.44188174,-84.32869741,21097.0,1551.4137456316848,0.3412969283276451,292,293,1,0,292,288,18778,0,0,0,0,5
2020-11-04,US,Kentucky,Hart,514,1,0,37.29943898,-85.88461055,21099.0,2700.288941423693,0.19455252918287935,513,502,1,0,501,494,18906,12,0,0,12,8
2020-11-04,US,Kentucky,Henderson,1456,29,0,37.79344553,-87.57392021,21101.0,3220.5264322052644,1.9917582417582416,1427,1431,29,0,1402,1409,45591,25,0,0,25,22
2020-11-04,US,Kentucky,Henry,330,2,0,38.44942688,-85.11587507,21103.0,2046.3847203274213,0.6060606060606061,328,324,2,0,322,320,16106,6,0,0,6,4
2020-11-04,US,Kentucky,Hickman,127,1,0,36.67948079999999,-88.97875928,21105.0,2899.5433789954327,0.7874015748031497,126,126,1,0,125,127,4421,1,0,0,1,-1
2020-11-04,US,Kentucky,Hopkins,1162,43,0,37.30939025,-87.54670406,21107.0,2600.367005326053,3.7005163511187606,1119,1157,43,0,1114,1138,45068,5,0,0,5,19
2020-11-04,US,Kentucky,Jackson,525,17,0,37.41866422,-83.99825483,21109.0,3938.780103533648,3.238095238095238,508,520,17,0,503,510,13442,5,0,0,5,10
2020-11-04,US,Kentucky,Jefferson,24822,380,0,38.18664655,-85.65931031,21111.0,3237.270738969452,1.5309000080573685,24442,24490,373,0,24117,24095,770517,332,7,0,325,395
2020-11-04,US,Kentucky,Jessamine,1090,15,0,37.87119786,-84.58252003,21113.0,2014.2289568511505,1.3761467889908257,1075,1083,15,0,1068,1067,53920,7,0,0,7,16
2020-11-04,US,Kentucky,Johnson,436,2,0,37.85106355,-82.8264322,21115.0,1965.0261402559945,0.4587155963302753,434,428,2,0,426,420,22386,8,0,0,8,8
2020-11-04,US,Kentucky,Kenton,3149,51,0,38.93950319,-84.53241199,21117.0,1885.6513251655704,1.6195617656398855,3098,3085,51,0,3034,3035,166051,64,0,0,64,50
2020-11-04,US,Kentucky,Knott,387,7,0,37.35388197,-82.94981134,21119.0,2613.805214102391,1.8087855297157625,380,381,6,0,375,377,15126,6,1,0,5,4
2020-11-04,US,Kentucky,Knox,942,10,0,36.89225732,-83.85403396,21121.0,3024.56253010114,1.0615711252653928,932,937,10,0,927,918,31304,5,0,0,5,19
2020-11-04,US,Kentucky,Larue,338,1,0,37.54567114,-85.70138352,21123.0,2347.548270593138,0.2958579881656805,337,333,1,0,332,331,14307,5,0,0,5,2
2020-11-04,US,Kentucky,Laurel,1689,8,0,37.10975748,-84.11321779,21125.0,2777.366681466133,0.4736530491415039,1681,1633,8,0,1625,1568,60669,56,0,0,56,65
2020-11-04,US,Kentucky,Lawrence,179,0,0,38.07136018,-82.72882223,21127.0,1168.6361559052036,0.0,179,178,0,0,178,175,15571,1,0,0,1,3
2020-11-04,US,Kentucky,Lee,189,7,0,37.59645942,-83.71513901,21129.0,2553.019046332568,3.703703703703704,182,189,7,0,182,189,7033,0,0,0,0,0
2020-11-04,US,Kentucky,Leslie,151,1,0,37.09246661,-83.37999606,21131.0,1528.8042928014581,0.6622516556291391,150,149,1,0,148,144,10143,2,0,0,2,5
2020-11-04,US,Kentucky,Letcher,332,2,0,37.12306748,-82.85346474,21133.0,1540.3888089825082,0.6024096385542169,330,329,2,0,327,330,21899,3,0,0,3,-1
2020-11-04,US,Kentucky,Lewis,345,17,0,38.53184419,-83.37735618,21135.0,2598.870056497175,4.9275362318840585,328,340,17,0,323,340,13257,5,0,0,5,0
2020-11-04,US,Kentucky,Lincoln,389,19,0,37.45475628,-84.6565327,21137.0,1584.5859301804553,4.884318766066838,370,373,19,0,354,365,24644,16,0,0,16,8
2020-11-04,US,Kentucky,Livingston,145,1,0,37.21137452,-88.34797529,21139.0,1577.1155101152924,0.6896551724137931,144,141,1,0,140,137,9242,4,0,0,4,4
2020-11-04,US,Kentucky,Logan,855,31,0,36.85949479,-86.877635,21141.0,3154.7487270312154,3.6257309941520472,824,847,31,0,816,843,26989,8,0,0,8,4
2020-11-04,US,Kentucky,Lyon,125,4,0,37.02080035,-88.07886257,21143.0,1522.5334957369062,3.2,121,123,4,0,119,122,8009,2,0,0,2,1
2020-11-04,US,Kentucky,Madison,2513,14,0,37.71659336,-84.27220275,21151.0,2702.5283104089817,0.5571030640668524,2499,2500,14,0,2486,2462,92368,13,0,0,13,38
2020-11-04,US,Kentucky,Magoffin,227,0,0,37.70820545,-83.0657714,21153.0,1866.6228106241265,0.0,227,221,0,0,221,204,12362,6,0,0,6,17
2020-11-04,US,Kentucky,Marion,557,10,0,37.55218078,-85.26898542,21155.0,2890.0534426399627,1.7953321364452424,547,552,10,0,542,542,19404,5,0,0,5,10
2020-11-04,US,Kentucky,Marshall,560,7,0,36.88007070000001,-88.32803576,21157.0,1800.6430868167206,1.25,553,549,7,0,542,540,31191,11,0,0,11,9
2020-11-04,US,Kentucky,Martin,246,3,0,37.79990579,-82.51247478,21159.0,2197.409557838321,1.2195121951219512,243,245,3,0,242,236,11323,1,0,0,1,9
2020-11-04,US,Kentucky,Mason,202,2,0,38.59471935,-83.82151043,21161.0,1183.362624487405,0.99009900990099,200,201,2,0,199,194,17150,1,0,0,1,7
2020-11-04,US,Kentucky,McCracken,1402,12,0,37.05350953,-88.70445755,21145.0,2143.141031520377,0.8559201141226819,1390,1346,12,0,1334,1328,65346,56,0,0,56,18
2020-11-04,US,Kentucky,McCreary,279,1,0,36.73874143,-84.48102924,21147.0,1619.1747431954034,0.35842293906810035,278,278,1,0,277,273,17408,1,0,0,1,5
2020-11-04,US,Kentucky,McLean,231,5,0,37.5301951,-87.26803443,21149.0,2508.9605734767024,2.1645021645021645,226,226,4,0,222,224,9252,5,1,0,4,2
2020-11-04,US,Kentucky,Meade,434,4,0,37.96163597,-86.21028219,21163.0,1518.9696206075878,0.9216589861751152,430,427,4,0,423,423,28715,7,0,0,7,4
2020-11-04,US,Kentucky,Menifee,98,1,0,37.94090733,-83.59985712,21165.0,1510.2481121898595,1.020408163265306,97,96,1,0,95,94,6451,2,0,0,2,2
2020-11-04,US,Kentucky,Mercer,407,6,0,37.81474237,-84.87488475,21167.0,1855.6513016915148,1.4742014742014742,401,403,6,0,397,398,21774,4,0,0,4,5
2020-11-04,US,Kentucky,Metcalfe,225,2,0,36.99459295,-85.63123699,21169.0,2234.1376228775694,0.8888888888888888,223,220,2,0,218,215,10030,5,0,0,5,5
2020-11-04,US,Kentucky,Monroe,387,5,0,36.71225341,-85.71596443,21171.0,3633.8028169014083,1.2919896640826871,382,373,5,0,368,356,10718,14,0,0,14,17
2020-11-04,US,Kentucky,Montgomery,617,7,0,38.03253032,-83.9145241,21173.0,2191.284582874596,1.1345218800648298,610,595,7,0,588,577,28203,22,0,0,22,18
2020-11-04,US,Kentucky,Morgan,161,0,0,37.92465657,-83.25558245,21175.0,1209.7077165827636,0.0,161,159,0,0,159,153,13345,2,0,0,2,6
2020-11-04,US,Kentucky,Muhlenberg,1008,16,0,37.21425819,-87.14632053,21177.0,3291.751028672197,1.5873015873015872,992,1004,16,0,988,997,30774,4,0,0,4,7
2020-11-04,US,Kentucky,Nelson,1145,4,0,37.80335779,-85.4657193,21179.0,2476.5859883632893,0.34934497816593885,1141,1129,4,0,1125,1107,45851,16,0,0,16,22
2020-11-04,US,Kentucky,Nicholas,126,3,0,38.33342292,-84.01889177,21181.0,1733.3883615352868,2.380952380952381,123,123,3,0,120,121,7166,3,0,0,3,2
2020-11-04,US,Kentucky,Ohio,645,11,0,37.47751843,-86.85368087,21183.0,2688.1720430107525,1.7054263565891472,634,639,11,0,628,635,24087,6,0,0,6,4
2020-11-04,US,Kentucky,Oldham,1548,26,0,38.39791089,-85.448222,21185.0,2317.399961077261,1.6795865633074936,1522,1536,26,0,1510,1520,66470,12,0,0,12,16
2020-11-04,US,Kentucky,Owen,131,3,0,38.51679143,-84.82404619,21187.0,1201.7246124208787,2.2900763358778624,128,130,3,0,127,129,10880,1,0,0,1,1
2020-11-04,US,Kentucky,Owsley,104,1,0,37.42823949,-83.68811419,21189.0,2355.6058890147224,0.9615384615384616,103,103,1,0,102,102,4472,1,0,0,1,1
2020-11-04,US,Kentucky,Pendleton,147,0,0,38.69607718,-84.35599463,21191.0,1007.5394105551748,0.0,147,145,0,0,145,141,14529,2,0,0,2,4
2020-11-04,US,Kentucky,Perry,603,9,0,37.25023553,-83.22922731,21193.0,2341.0202655485673,1.492537313432836,594,594,9,0,585,586,26092,9,0,0,9,8
2020-11-04,US,Kentucky,Pike,1095,5,0,37.47088263,-82.39487445,21195.0,1891.9759485797226,0.45662100456620996,1090,1081,5,0,1076,1044,58402,14,0,0,14,37
2020-11-04,US,Kentucky,Powell,169,0,0,37.83218794,-83.82553961,21197.0,1367.4245489117245,0.0,169,165,0,0,165,164,12442,4,0,0,4,1
2020-11-04,US,Kentucky,Pulaski,1048,13,0,37.10466131,-84.57629079,21199.0,1612.8287600609424,1.2404580152671756,1035,1038,13,0,1025,1028,64623,10,0,0,10,10
2020-11-04,US,Kentucky,Robertson,41,1,0,38.51923469,-84.05055616,21201.0,1944.9715370018976,2.4390243902439024,40,40,1,0,39,39,2135,1,0,0,1,1
2020-11-04,US,Kentucky,Rockcastle,395,2,0,37.36642393,-84.31176452,21203.0,2365.977837675951,0.5063291139240507,393,389,2,0,387,379,16750,6,0,0,6,10
2020-11-04,US,Kentucky,Rowan,419,2,0,38.19484205,-83.42088935,21205.0,1713.000817661488,0.47732696897374705,417,412,2,0,410,390,24583,7,0,0,7,22
2020-11-04,US,Kentucky,Russell,408,7,0,36.99308373,-85.06070117,21207.0,2276.4046197623165,1.7156862745098038,401,407,7,0,400,406,17821,1,0,0,1,1
2020-11-04,US,Kentucky,Scott,1243,20,0,38.29622293,-84.5816631,21209.0,2180.5487334222157,1.6090104585679808,1223,1230,20,0,1210,1219,56031,13,0,0,13,11
2020-11-04,US,Kentucky,Shelby,1593,25,0,38.21476019,-85.194223,21211.0,3249.4288511749346,1.569365976145637,1568,1576,25,0,1551,1570,48518,17,0,0,17,6
2020-11-04,US,Kentucky,Simpson,395,8,0,36.74058474,-86.58047435,21213.0,2126.857635149688,2.0253164556962027,387,383,8,0,375,377,18529,12,0,0,12,6
2020-11-04,US,Kentucky,Spencer,359,1,0,38.03223971,-85.32749335,21215.0,1855.2012815875146,0.2785515320334262,358,347,1,0,346,341,18794,12,0,0,12,6
2020-11-04,US,Kentucky,Taylor,554,7,0,37.3677562,-85.3329931,21217.0,2149.8699988358107,1.263537906137184,547,545,7,0,538,535,25549,9,0,0,9,10
2020-11-04,US,Kentucky,Todd,311,12,0,36.8381152,-87.17878374,21219.0,2529.6892793232473,3.858520900321544,299,309,12,0,297,307,12311,2,0,0,2,2
2020-11-04,US,Kentucky,Trigg,273,0,0,36.80767017,-87.87333656,21221.0,1863.3540372670807,0.0,273,271,0,0,271,262,14643,2,0,0,2,9
2020-11-04,US,Kentucky,Trimble,107,0,0,38.61056487,-85.33775972,21223.0,1263.1330421437847,0.0,107,105,0,0,105,103,8515,2,0,0,2,2
2020-11-04,US,Kentucky,Union,535,6,0,37.66166713,-87.94300009,21225.0,3720.1863569988177,1.1214953271028036,529,532,6,0,526,530,14505,3,0,0,3,2
2020-11-04,US,Kentucky,Warren,5615,58,0,36.99903045,-86.42672751,21227.0,4225.1083554057295,1.0329474621549422,5557,5551,58,0,5493,5489,131264,64,0,0,64,62
2020-11-04,US,Kentucky,Washington,284,2,0,37.75599461,-85.17407732,21229.0,2348.0777180653163,0.7042253521126759,282,282,2,0,280,276,12084,2,0,0,2,6
2020-11-04,US,Kentucky,Wayne,310,2,0,36.80310688,-84.8251971,21231.0,1524.615157625535,0.6451612903225806,308,310,2,0,308,305,20468,0,0,0,0,5
2020-11-04,US,Kentucky,Webster,363,5,0,37.52168356,-87.67989953,21233.0,2804.821511358369,1.3774104683195592,358,362,5,0,357,352,13111,1,0,0,1,10
2020-11-04,US,Kentucky,Whitley,941,8,0,36.75700531,-84.14541217,21235.0,2594.859916170307,0.8501594048884166,933,936,8,0,928,903,36242,5,0,0,5,33
2020-11-04,US,Kentucky,Wolfe,84,0,0,37.73941626,-83.49303612,21237.0,1173.6761212798658,0.0,84,82,0,0,82,81,7177,2,0,0,2,1
2020-11-04,US,Kentucky,Woodford,442,0,0,38.04178222,-84.7417556,21239.0,1653.3253534824564,0.0,442,432,0,0,432,426,26533,10,0,0,10,6
2020-11-04,US,Louisiana,Acadia,3294,104,0,30.295064899999996,-92.41419698,22001.0,5309.049883149327,3.1572556162720096,3190,3291,103,0,3188,3183,62190,3,1,0,2,108
2020-11-04,US,Louisiana,Allen,1872,64,0,30.65385745,-92.82442028,22003.0,7304.795723260622,3.418803418803418,1808,1872,64,0,1808,1854,25605,0,0,0,0,18
2020-11-04,US,Louisiana,Ascension,4352,100,0,30.20406249,-90.91328409999998,22005.0,3437.49012669426,2.297794117647059,4252,4338,100,0,4238,4308,124672,14,0,0,14,30
2020-11-04,US,Louisiana,Assumption,816,24,0,29.89946234,-91.06461642,22007.0,3727.559270933261,2.9411764705882355,792,814,24,0,790,808,22300,2,0,0,2,6
2020-11-04,US,Louisiana,Avoyelles,1774,62,0,31.07796211,-92.00079449,22009.0,4419.091271422878,3.4949267192784665,1712,1774,62,0,1712,1756,40462,0,0,0,0,18
2020-11-04,US,Louisiana,Beauregard,1094,41,0,30.64836518,-93.34173616,22011.0,2917.5667386724267,3.747714808043876,1053,1092,41,0,1051,1091,37253,2,0,0,2,1
2020-11-04,US,Louisiana,Bienville,632,35,0,32.34569994,-93.05398492,22013.0,4773.053394758705,5.537974683544303,597,633,35,0,598,628,13308,-1,0,0,-1,5
2020-11-04,US,Louisiana,Bossier,4468,123,0,32.67932307,-93.60460152,22015.0,3517.0302033233893,2.7529095792300806,4345,4446,123,0,4323,4399,127185,22,0,0,22,47
2020-11-04,US,Louisiana,Caddo,10528,402,0,32.57991587,-93.88375652,22017.0,4382.941166674993,3.8183890577507595,10126,10469,402,0,10067,10370,242922,59,0,0,59,99
2020-11-04,US,Louisiana,Calcasieu,8549,230,0,30.22931235,-93.35400434,22019.0,4202.304410232211,2.690373143057668,8319,8544,230,0,8314,8531,203112,5,0,0,5,13
2020-11-04,US,Louisiana,Caldwell,392,3,0,32.0902519,-92.11752148,22021.0,3952.4097600322652,0.7653061224489796,389,384,3,0,381,381,9960,8,0,0,8,3
2020-11-04,US,Louisiana,Cameron,251,3,0,29.87592238,-93.19310676,22023.0,3599.598451168794,1.195219123505976,248,252,2,0,250,245,6968,-1,1,0,-2,7
2020-11-04,US,Louisiana,Catahoula,465,15,0,31.66778967,-91.84526385,22025.0,4897.83020855277,3.2258064516129035,450,466,15,0,451,465,9608,-1,0,0,-1,1
2020-11-04,US,Louisiana,Claiborne,619,26,0,32.82308512,-92.99526883,22027.0,3950.2233567326093,4.20032310177706,593,621,26,0,595,614,15944,-2,0,0,-2,7
2020-11-04,US,Louisiana,Concordia,634,16,0,31.44817835,-91.63814433,22029.0,3291.967391868737,2.5236593059936907,618,633,16,0,617,614,19572,1,0,0,1,19
2020-11-04,US,Louisiana,De Soto,1058,35,0,32.05457447,-93.74130302,22031.0,3852.456031751812,3.3081285444234405,1023,1054,35,0,1019,1045,27436,4,0,0,4,9
2020-11-04,US,Louisiana,East Baton Rouge,16489,459,0,30.53842039,-91.09777565,22033.0,3746.997561690591,2.7836739644611557,16030,16467,459,0,16008,16314,440956,22,0,0,22,153
2020-11-04,US,Louisiana,East Carroll,593,6,0,32.73926954,-91.23425694,22035.0,8643.054948258272,1.011804384485666,587,594,6,0,588,591,7037,-1,0,0,-1,3
2020-11-04,US,Louisiana,East Feliciana,1805,78,0,30.84425359,-91.04976723,22037.0,9432.976221583483,4.321329639889196,1727,1805,78,0,1727,1798,19305,0,0,0,0,7
2020-11-04,US,Louisiana,Evangeline,1438,40,0,30.72985248,-92.39915924,22039.0,4306.033837400809,2.7816411682892905,1398,1430,40,0,1390,1425,33443,8,0,0,8,5
2020-11-04,US,Louisiana,Franklin,1389,49,0,32.13675181,-91.67589857,22041.0,6939.7951536347755,3.5277177825773935,1340,1379,47,0,1332,1361,20156,10,2,0,8,18
2020-11-04,US,Louisiana,Grant,548,30,0,31.59882456,-92.56124347,22043.0,2447.630532850953,5.474452554744525,518,550,30,0,520,543,22482,-2,0,0,-2,7
2020-11-04,US,Louisiana,Iberia,3111,97,0,29.86803617,-91.75871777,22045.0,4455.105255620793,3.11796849887496,3014,3112,97,0,3015,3084,70941,-1,0,0,-1,28
2020-11-04,US,Louisiana,Iberville,1513,61,0,30.25734305,-91.3499598,22047.0,4653.809479868352,4.03172504957039,1452,1506,61,0,1445,1496,32721,7,0,0,7,10
2020-11-04,US,Louisiana,Jackson,890,24,0,32.30251776,-92.55692092,22049.0,5652.947154471544,2.696629213483146,866,879,24,0,855,875,15902,11,0,0,11,4
2020-11-04,US,Louisiana,Jefferson,18976,589,0,29.74075478,-90.11115756,22051.0,4387.585463810975,3.103920741989882,18387,18934,589,0,18345,18884,434051,42,0,0,42,50
2020-11-04,US,Louisiana,Jefferson Davis,1374,44,0,30.26896765,-92.81210004,22053.0,4380.260137719969,3.2023289665211063,1330,1370,44,0,1326,1366,31582,4,0,0,4,4
2020-11-04,US,Louisiana,LaSalle,533,10,0,31.67884782,-92.15907765,22059.0,3579.102874026323,1.876172607879925,523,529,10,0,519,529,14917,4,0,0,4,0
2020-11-04,US,Louisiana,Lafayette,9610,140,0,30.2049055,-92.06959876,22055.0,3932.239453332788,1.4568158168574399,9470,9600,140,0,9460,9531,242782,10,0,0,10,69
2020-11-04,US,Louisiana,Lafourche,3939,131,0,29.52470226,-90.40976986,22057.0,4035.2818243284773,3.3257171871033258,3808,3936,131,0,3805,3930,98115,3,0,0,3,6
2020-11-04,US,Louisiana,Lincoln,1741,52,0,32.6003154,-92.66597409999999,22061.0,3724.701553206966,2.9867892016082718,1689,1731,52,0,1679,1701,47196,10,0,0,10,30
2020-11-04,US,Louisiana,Livingston,4309,80,0,30.44143993,-90.73061664,22063.0,3060.6084282152724,1.8565792527268508,4229,4295,80,0,4215,4275,139567,14,0,0,14,20
2020-11-04,US,Louisiana,Madison,899,9,0,32.36918118,-91.23973355,22065.0,8209.295954707333,1.0011123470522802,890,898,9,0,889,896,11161,1,0,0,1,2
2020-11-04,US,Louisiana,Morehouse,911,28,0,32.81686191,-91.80421614,22067.0,3662.4587923132594,3.0735455543358947,883,912,28,0,884,902,25398,-1,0,0,-1,10
2020-11-04,US,Louisiana,Natchitoches,1555,34,0,31.72321584,-93.09816516,22069.0,4075.161171969181,2.1864951768488745,1521,1536,32,0,1504,1516,38659,19,2,0,17,20
2020-11-04,US,Louisiana,Orleans,13638,598,0,30.06971951,-89.92660315,22071.0,3495.632381889764,4.384807156474556,13040,13623,597,0,13026,13589,391006,15,1,0,14,34
2020-11-04,US,Louisiana,Ouachita,7237,169,0,32.47645559,-92.15704172,22073.0,4721.455646239863,2.3352217769794112,7068,7224,168,0,7056,7177,154475,13,1,0,12,47
2020-11-04,US,Louisiana,Plaquemines,906,19,0,29.42245447,-89.60322085,22075.0,3905.6774582920207,2.097130242825607,887,909,19,0,890,903,23410,-3,0,0,-3,6
2020-11-04,US,Louisiana,Pointe Coupee,1151,42,0,30.71409502,-91.60209535,22077.0,5296.824666359871,3.6490008688097317,1109,1151,42,0,1109,1148,21940,0,0,0,0,3
2020-11-04,US,Louisiana,Rapides,4850,161,0,31.19778499,-92.52997303,22079.0,3740.8984326792547,3.31958762886598,4689,4828,161,0,4667,4812,130562,22,0,0,22,16
2020-11-04,US,Louisiana,Red River,464,24,0,32.09530039,-93.34213308,22081.0,5496.327884387586,5.172413793103448,440,463,24,0,439,461,8477,1,0,0,1,2
2020-11-04,US,Louisiana,Richland,930,18,0,32.41391005,-91.76634876,22083.0,4621.806977437631,1.935483870967742,912,923,18,0,905,918,20192,7,0,0,7,5
2020-11-04,US,Louisiana,Sabine,1041,15,0,31.56388699,-93.55433981,22085.0,4358.566404287389,1.4409221902017288,1026,1035,15,0,1020,1020,24032,6,0,0,6,15
2020-11-04,US,Louisiana,St. Bernard,1567,32,0,29.87761636,-89.51887093,22087.0,3316.8233003132673,2.0421186981493302,1535,1565,32,0,1533,1565,46721,2,0,0,2,0
2020-11-04,US,Louisiana,St. Charles,1972,64,0,29.90709658,-90.35555967,22089.0,3713.747645951036,3.2454361054766734,1908,1975,64,0,1911,1968,52879,-3,0,0,-3,7
2020-11-04,US,Louisiana,St. Helena,445,4,0,30.82210324,-90.71013176,22091.0,4392.025266482432,0.8988764044943821,441,448,4,0,444,440,10262,-3,0,0,-3,8
2020-11-04,US,Louisiana,St. James,851,40,0,30.02531716,-90.80212061,22093.0,4033.9400834281373,4.700352526439483,811,850,40,0,810,849,21037,1,0,0,1,1
2020-11-04,US,Louisiana,St. John the Baptist,1674,108,0,30.12597499,-90.4753503,22095.0,3907.836683241123,6.451612903225807,1566,1672,108,0,1564,1661,43184,2,0,0,2,11
2020-11-04,US,Louisiana,St. Landry,3761,138,0,30.59724262,-92.00135806,22097.0,4579.66002630169,3.669236905078437,3623,3745,137,0,3608,3704,82764,16,1,0,15,41
2020-11-04,US,Louisiana,St. Martin,2273,64,0,30.13112107,-91.61403569,22099.0,4254.084707379611,2.8156621205455346,2209,2283,64,0,2219,2271,53621,-10,0,0,-10,12
2020-11-04,US,Louisiana,St. Mary,2047,87,0,29.69262097,-91.44702164,22101.0,4148.091108048959,4.250122129946264,1960,2044,87,0,1957,2042,49774,3,0,0,3,2
2020-11-04,US,Louisiana,St. Tammany,7860,272,0,30.40942847,-89.95642711,22103.0,3018.2129568119067,3.460559796437659,7588,7849,272,0,7577,7813,258111,11,0,0,11,36
2020-11-04,US,Louisiana,Tangipahoa,5096,127,0,30.62888673,-90.40664996,22105.0,3781.5936716187543,2.492150706436421,4969,5091,127,0,4964,5080,133777,5,0,0,5,11
2020-11-04,US,Louisiana,Tensas,188,2,0,32.00760749,-91.32915234,22107.0,4337.794185509922,1.0638297872340423,186,189,2,0,187,187,4462,-1,0,0,-1,2
2020-11-04,US,Louisiana,Terrebonne,3901,126,0,29.37343766,-90.82626855,22109.0,3531.5631761436157,3.22994104075878,3775,3902,126,0,3776,3900,111021,-1,0,0,-1,2
2020-11-04,US,Louisiana,Unassigned,307,229,0,0.0,0.0,90022.0,0.0,74.5928338762215,78,306,214,0,92,325,,1,15,0,-14,-19
2020-11-04,US,Louisiana,Union,1139,53,0,32.83121059,-92.3749373,22111.0,5151.981183282071,4.653204565408253,1086,1131,53,0,1078,1129,22330,8,0,0,8,2
2020-11-04,US,Louisiana,Vermilion,2147,70,0,29.83517605,-92.30292538,22113.0,3607.736384870024,3.2603632976245924,2077,2147,70,0,2077,2141,59830,0,0,0,0,6
2020-11-04,US,Louisiana,Vernon,1140,56,0,31.10884837,-93.18153838,22115.0,2403.592738619832,4.912280701754386,1084,1136,56,0,1080,1133,48860,4,0,0,4,3
2020-11-04,US,Louisiana,Washington,1771,72,0,30.85288548,-90.03866652,22117.0,3833.831233493527,4.065499717673632,1699,1764,72,0,1692,1759,46582,7,0,0,7,5
2020-11-04,US,Louisiana,Webster,1532,41,0,32.70847669,-93.33121835,22119.0,3995.826812728221,2.6762402088772848,1491,1530,41,0,1489,1498,38798,2,0,0,2,32
2020-11-04,US,Louisiana,West Baton Rouge,979,42,0,30.46058217,-91.30989571,22121.0,3699.225392027205,4.290091930541369,937,980,42,0,938,972,26427,-1,0,0,-1,8
2020-11-04,US,Louisiana,West Carroll,388,13,0,32.78550125,-91.461201,22123.0,3582.64081255771,3.3505154639175267,375,387,13,0,374,387,10982,1,0,0,1,0
2020-11-04,US,Louisiana,West Feliciana,761,25,0,30.87882871,-91.41485379999999,22125.0,4888.232271325796,3.28515111695138,736,765,25,0,740,757,15460,-4,0,0,-4,8
2020-11-04,US,Louisiana,Winn,707,20,0,31.94449367,-92.63789413,22127.0,5084.8676639815885,2.8288543140028284,687,708,20,0,688,698,14134,-1,0,0,-1,10
2020-11-04,US,Maine,Androscoggin,898,11,0,44.1664747,-70.20380627,23001.0,829.3543411804907,1.2249443207126949,887,893,11,0,882,886,107679,5,0,0,5,7
2020-11-04,US,Maine,Aroostook,70,1,0,46.65926321,-68.59841248,23003.0,104.39191708299157,1.4285714285714286,69,68,1,0,67,67,67111,2,0,0,2,1
2020-11-04,US,Maine,Cumberland,2768,70,0,43.8370751,-70.37226999,23005.0,938.2955427571924,2.5289017341040463,2698,2706,70,0,2636,2660,293557,62,0,0,62,46
2020-11-04,US,Maine,Franklin,101,2,0,44.97330019,-70.44381045,23007.0,334.4481605351171,1.98019801980198,99,96,1,0,95,90,29897,5,1,0,4,6
2020-11-04,US,Maine,Hancock,79,1,0,44.59816444,-68.38401854,23009.0,143.6703220761271,1.2658227848101269,78,77,1,0,76,76,54811,2,0,0,2,1
2020-11-04,US,Maine,Kennebec,402,11,0,44.40759555,-69.76738544,23011.0,328.69454301646743,2.736318407960199,391,379,11,0,368,365,122083,23,0,0,23,14
2020-11-04,US,Maine,Knox,108,1,0,44.11486325,-69.10529169,23013.0,271.54782258875593,0.925925925925926,107,108,1,0,107,99,39771,0,0,0,0,9
2020-11-04,US,Maine,Lincoln,73,1,0,44.05996956,-69.54227124,23015.0,210.7755384881908,1.3698630136986298,72,70,1,0,69,65,34342,3,0,0,3,5
2020-11-04,US,Maine,Oxford,184,2,0,44.49952995,-70.75682123,23017.0,317.3781802501078,1.0869565217391304,182,183,2,0,181,182,57618,1,0,0,1,1
2020-11-04,US,Maine,Penobscot,330,6,0,45.40194593,-68.65020455,23019.0,216.89407681993848,1.818181818181818,324,324,6,0,318,318,151096,6,0,0,6,6
2020-11-04,US,Maine,Piscataquis,11,0,0,45.83839062,-69.2860223,23021.0,65.5347036044087,0.0,11,11,0,0,11,11,16800,0,0,0,0,0
2020-11-04,US,Maine,Sagadahoc,89,0,0,43.95415864,-69.85074999,23023.0,248.215082552432,0.0,89,89,0,0,89,88,35634,0,0,0,0,1
2020-11-04,US,Maine,Somerset,236,8,0,45.51229767,-69.95995554,23025.0,467.474843514777,3.3898305084745757,228,220,8,0,212,208,50592,16,0,0,16,12
2020-11-04,US,Maine,Waldo,161,15,0,44.4858305,-69.12061935,23027.0,405.3883922951026,9.316770186335404,146,157,14,0,143,156,39694,4,1,0,3,1
2020-11-04,US,Maine,Washington,80,0,0,45.01607142,-67.62813524,23029.0,254.94757640460185,0.0,80,77,0,0,77,72,31490,3,0,0,3,5
2020-11-04,US,Maine,York,1481,21,0,43.47808377,-70.71052375,23031.0,713.2502733082581,1.4179608372721135,1460,1467,21,0,1446,1455,206229,14,0,0,14,12
2020-11-04,US,Maryland,Allegany,884,24,0,39.62357628,-78.69280486,24001.0,1255.3965007952738,2.7149321266968327,860,845,24,0,821,791,70975,39,0,0,39,54
2020-11-04,US,Maryland,Anne Arundel,12540,283,0,39.00670238,-76.60329337,24003.0,2164.928163747293,2.2567783094098885,12257,12448,282,0,12166,12361,576031,92,1,0,91,87
2020-11-04,US,Maryland,Baltimore,21605,678,0,39.45784712,-76.62911955,24005.0,2611.286365229583,3.1381624623929647,20927,21479,676,0,20803,21349,828431,126,2,0,124,130
2020-11-04,US,Maryland,Baltimore City,18457,508,0,39.30211911,-76.61151012,24510.0,3109.9091812835936,2.7523432843907463,17949,18292,508,0,17784,18211,621342,165,0,0,165,81
2020-11-04,US,Maryland,Calvert,1230,29,0,38.53961642,-76.56820632,24009.0,1329.3704404215075,2.3577235772357725,1201,1224,29,0,1195,1216,92003,6,0,0,6,8
2020-11-04,US,Maryland,Caroline,767,8,0,38.87172293,-75.82904158,24011.0,2295.994731485362,1.0430247718383312,759,767,8,0,759,767,33304,0,0,0,0,0
2020-11-04,US,Maryland,Carroll,2354,130,0,39.56453592,-77.02373735,24013.0,1397.472201938889,5.522514868309262,2224,2330,130,0,2200,2311,168429,24,0,0,24,19
2020-11-04,US,Maryland,Cecil,1407,36,0,39.56647682,-75.94627411,24015.0,1367.9451655242815,2.55863539445629,1371,1398,36,0,1362,1390,102826,9,0,0,9,8
2020-11-04,US,Maryland,Charles,3299,102,0,38.51092331,-76.98580666,24017.0,2020.740305163025,3.0918460139436195,3197,3273,102,0,3171,3263,161503,26,0,0,26,10
2020-11-04,US,Maryland,Dorchester,837,12,0,38.45413522,-76.02752426,24019.0,2621.4413229352626,1.4336917562724014,825,835,12,0,823,833,31998,2,0,0,2,2
2020-11-04,US,Maryland,Frederick,4987,140,0,39.47296601,-77.39999394,24021.0,1921.424636000416,2.807298977341087,4847,4951,140,0,4811,4936,255648,36,0,0,36,15
2020-11-04,US,Maryland,Garrett,165,1,0,39.52786077,-79.27355126,24023.0,568.6909767698353,0.6060606060606061,164,161,1,0,160,154,29163,4,0,0,4,7
2020-11-04,US,Maryland,Harford,3820,82,0,39.55010644,-76.30775940000002,24025.0,1495.4529617406754,2.1465968586387434,3738,3768,82,0,3686,3747,253956,52,0,0,52,21
2020-11-04,US,Maryland,Howard,6085,129,0,39.25305293,-76.93126208,24027.0,1868.3410605176705,2.119967132292522,5956,6059,128,0,5931,6019,323196,26,1,0,25,40
2020-11-04,US,Maryland,Kent,349,25,0,39.24976208,-76.04741541,24029.0,1796.9313150036041,7.163323782234957,324,349,25,0,324,348,19383,0,0,0,0,1
2020-11-04,US,Maryland,Montgomery,26551,878,0,39.13676329,-77.20358245,24031.0,2527.0108728756777,3.3068434333923387,25673,26398,876,0,25522,26277,1052567,153,2,0,151,121
2020-11-04,US,Maryland,Prince George's,33651,864,0,38.83070039,-76.8496441,24033.0,3700.6489414699013,2.567531425514844,32787,33488,863,0,32625,33360,909308,163,1,0,162,128
2020-11-04,US,Maryland,Queen Anne's,818,26,0,39.06198912,-76.03530977,24035.0,1623.6279549830292,3.1784841075794623,792,812,26,0,786,806,50251,6,0,0,6,6
2020-11-04,US,Maryland,Somerset,462,6,0,38.1163542,-75.75118623,24039.0,1803.5602748282324,1.2987012987012987,456,454,6,0,448,451,25675,8,0,0,8,3
2020-11-04,US,Maryland,St. Mary's,1524,61,0,38.30058422,-76.60629279999998,24037.0,1342.6129856400314,4.002624671916011,1463,1515,60,0,1455,1510,112664,9,1,0,8,5
2020-11-04,US,Maryland,Talbot,663,6,0,38.76618159,-76.10882561,24041.0,1783.1688227858317,0.9049773755656108,657,662,6,0,656,663,36968,1,0,0,1,-1
2020-11-04,US,Maryland,Unassigned,0,13,0,0.0,0.0,90024.0,0.0,0.0,-13,0,12,0,-12,0,,0,1,0,-1,0
2020-11-04,US,Maryland,Washington,2445,48,0,39.60835778,-77.82002295,24043.0,1618.6800309833234,1.96319018404908,2397,2404,47,0,2357,2393,150926,41,1,0,40,11
2020-11-04,US,Maryland,Wicomico,2612,52,0,38.37301947,-75.62705831,24045.0,2521.016514009401,1.9908116385911176,2560,2601,52,0,2549,2590,103195,11,0,0,11,11
2020-11-04,US,Maryland,Worcester,1254,31,0,38.21274277,-75.33200012,24047.0,2398.8063356033363,2.472089314194577,1223,1253,31,0,1222,1249,51823,1,0,0,1,4
2020-11-04,US,Massachusetts,Barnstable,2078,186,0,41.72980578,-70.28854339,25001.0,975.6326588102727,8.950914340712224,1892,2065,185,0,1880,2060,213413,13,1,0,12,5
2020-11-04,US,Massachusetts,Berkshire,814,52,0,42.37428441,-73.20524838,25003.0,651.4918683570238,6.388206388206388,762,808,52,0,756,803,126348,6,0,0,6,5
2020-11-04,US,Massachusetts,Bristol,13239,769,0,41.79228404,-71.10872211,25005.0,2342.286236967395,5.808595815393912,12470,13010,766,0,12244,12917,564022,229,3,0,226,93
2020-11-04,US,Massachusetts,Dukes and Nantucket,272,2,0,41.40674725,-70.68763497,0.0,946.7126100727437,0.7352941176470589,270,266,2,0,264,262,26707,6,0,0,6,4
2020-11-04,US,Massachusetts,Essex,25065,1362,0,42.6687626,-70.94687179,25009.0,3176.669192962534,5.433871932974267,23703,24724,1361,0,23363,24612,790638,341,1,0,340,112
2020-11-04,US,Massachusetts,Franklin,490,74,0,42.58119713,-72.58602547,25011.0,698.2046166999146,15.10204081632653,416,487,74,0,413,487,70963,3,0,0,3,0
2020-11-04,US,Massachusetts,Hampden,10651,825,0,42.13440424,-72.63235561,25013.0,2283.7991989227485,7.745751572622289,9826,10523,824,0,9699,10425,470406,128,1,0,127,98
2020-11-04,US,Massachusetts,Hampshire,1559,156,0,42.33997957,-72.65898478,25015.0,969.3465149536778,10.006414368184734,1403,1537,155,0,1382,1521,161355,22,1,0,21,16
2020-11-04,US,Massachusetts,Middlesex,33452,2297,0,42.48607732,-71.39049229,25017.0,2075.5736648096204,6.866555063972259,31155,33119,2290,0,30829,32907,1614714,333,7,0,326,212
2020-11-04,US,Massachusetts,Norfolk,12291,1116,0,42.16073095,-71.20530408,25021.0,1739.0258568851475,9.079814498413473,11175,12222,1114,0,11108,12138,705388,69,2,0,67,84
2020-11-04,US,Massachusetts,Plymouth,11831,848,0,41.94070556,-70.80802823,25023.0,2269.945241959931,7.167610514749388,10983,11747,843,0,10904,11681,518132,84,5,0,79,66
2020-11-04,US,Massachusetts,Suffolk,29474,1187,0,42.327951399999996,-71.07850442,25025.0,3666.344490096491,4.027278279161295,28287,29269,1184,0,28085,29166,807252,205,3,0,202,103
2020-11-04,US,Massachusetts,Unassigned,4735,5,0,0.0,0.0,90025.0,0.0,0.10559662090813092,4730,4607,5,0,4602,4493,,128,0,0,128,114
2020-11-04,US,Massachusetts,Worcester,17348,1183,0,42.35026951,-71.90493363,25027.0,2088.5553236008677,6.8192298824071935,16165,17201,1180,0,16021,17077,830839,147,3,0,144,124
2020-11-04,US,Michigan,Alcona,58,3,0,44.6846864,-83.59507875,26001.0,557.4243152330612,5.172413793103448,55,59,3,0,56,57,10362,-1,0,0,-1,2
2020-11-04,US,Michigan,Alger,131,1,0,46.41292944,-86.60260122,26003.0,1438.2960035133954,0.7633587786259542,130,130,1,0,129,126,9097,1,0,0,1,4
2020-11-04,US,Michigan,Allegan,1716,8,0,42.59147037,-85.89102866,26005.0,1453.2397252733292,0.4662004662004662,1708,1644,7,0,1637,1591,117327,72,1,0,71,53
2020-11-04,US,Michigan,Alpena,196,14,0,45.03477666,-83.62212411,26007.0,690.0193627882416,7.142857142857142,182,192,14,0,178,189,28360,4,0,0,4,3
2020-11-04,US,Michigan,Antrim,157,0,0,44.99690221,-85.15503082,26009.0,673.1263934145087,0.0,157,155,0,0,155,151,23365,2,0,0,2,4
2020-11-04,US,Michigan,Arenac,123,3,0,44.0636262,-83.89277559,26011.0,826.4462809917355,2.4390243902439024,120,121,3,0,118,118,15041,2,0,0,2,3
2020-11-04,US,Michigan,Baraga,153,4,0,46.6720582,-88.36363591,26013.0,1863.8080155926425,2.6143790849673203,149,141,4,0,137,129,8320,12,0,0,12,12
2020-11-04,US,Michigan,Barry,938,6,0,42.59513984,-85.30834519,26015.0,1523.9642567018686,0.6396588486140725,932,908,6,0,902,874,61157,30,0,0,30,34
2020-11-04,US,Michigan,Bay,1825,66,0,43.70639106,-83.98731479,26017.0,1769.6798091654869,3.616438356164384,1759,1762,66,0,1696,1706,103923,63,0,0,63,56
2020-11-04,US,Michigan,Benzie,163,2,0,44.63899297,-86.01608482,26019.0,917.4828323764494,1.2269938650306749,161,161,2,0,159,157,17753,2,0,0,2,4
2020-11-04,US,Michigan,Berrien,3229,89,0,41.95447397,-86.41313079999998,26021.0,2104.9406457585023,2.7562712914214926,3140,3165,89,0,3076,3133,154141,64,0,0,64,32
2020-11-04,US,Michigan,Branch,1069,13,0,41.91600556,-85.05929476,26023.0,2456.5112484776064,1.216089803554724,1056,1046,12,0,1034,1013,43622,23,1,0,22,33
2020-11-04,US,Michigan,Calhoun,3640,74,0,42.24633834,-85.00493569,26025.0,2713.198518176194,2.0329670329670333,3566,3521,72,0,3449,3437,134487,119,2,0,117,84
2020-11-04,US,Michigan,Cass,1201,25,0,41.91522292,-85.99405727,26027.0,2319.114835769595,2.0815986677768525,1176,1178,24,0,1154,1157,51653,23,1,0,22,21
2020-11-04,US,Michigan,Charlevoix,255,4,0,45.37790017,-85.19614053,26029.0,975.404505986306,1.568627450980392,251,249,4,0,245,237,26244,6,0,0,6,12
2020-11-04,US,Michigan,Cheboygan,214,4,0,45.44787015,-84.50122149,26031.0,846.6529514163632,1.8691588785046729,210,212,3,0,209,205,25413,2,1,0,1,7
2020-11-04,US,Michigan,Chippewa,237,0,0,46.29552653,-84.54353449,26033.0,634.5551420386088,0.0,237,209,0,0,209,204,37517,28,0,0,28,5
2020-11-04,US,Michigan,Clare,363,17,0,43.98794227,-84.84819859999998,26035.0,1172.859450726979,4.683195592286501,346,346,14,0,332,344,30757,17,3,0,14,2
2020-11-04,US,Michigan,Clinton,1417,16,0,42.94400871,-84.60145248,26037.0,1780.2625793077455,1.1291460832745237,1401,1380,16,0,1364,1345,79332,37,0,0,37,35
2020-11-04,US,Michigan,Crawford,170,5,0,44.68255561,-84.61006219,26039.0,1211.7756076698267,2.9411764705882355,165,168,5,0,163,167,13901,2,0,0,2,1
2020-11-04,US,Michigan,Delta,1524,40,0,45.90484910000001,-86.9080745,26041.0,4258.88665325285,2.6246719160104988,1484,1456,40,0,1416,1420,35857,68,0,0,68,36
2020-11-04,US,Michigan,Dickinson,873,21,0,46.00999672,-87.86961634,26043.0,3458.9326043028645,2.405498281786941,852,833,21,0,812,810,25383,40,0,0,40,23
2020-11-04,US,Michigan,Eaton,1412,12,0,42.59599185,-84.83740035,26045.0,1280.5165596546594,0.8498583569405099,1400,1390,12,0,1378,1359,109826,22,0,0,22,31
2020-11-04,US,Michigan,Emmet,431,8,0,45.52625509,-84.89083249,26047.0,1289.8398922639533,1.8561484918793505,423,422,5,0,417,403,33308,9,3,0,6,19
2020-11-04,US,Michigan,Federal Correctional Institution (FCI),197,5,0,0.0,0.0,0.0,0.0,2.538071065989848,192,197,5,0,192,197,,0,0,0,0,0
2020-11-04,US,Michigan,Genesee,7908,349,0,43.02244215,-83.70589709,26049.0,1948.6807963273725,4.413252402630248,7559,7712,347,0,7365,7590,406892,196,2,0,194,122
2020-11-04,US,Michigan,Gladwin,268,3,0,43.98901072,-84.38774817,26051.0,1053.0865652874377,1.1194029850746268,265,260,3,0,257,259,25337,8,0,0,8,1
2020-11-04,US,Michigan,Gogebic,495,15,0,46.40862701,-89.69377193,26053.0,3542.0393559928443,3.0303030303030303,480,488,14,0,474,484,15096,7,1,0,6,4
2020-11-04,US,Michigan,Grand Traverse,930,13,0,44.69565625,-85.55585247,26055.0,999.0546579580612,1.3978494623655917,917,923,13,0,910,908,92573,7,0,0,7,15
2020-11-04,US,Michigan,Gratiot,708,17,0,43.29265605,-84.60505416,26057.0,1739.0877158507528,2.4011299435028253,691,660,17,0,643,634,40599,48,0,0,48,26
2020-11-04,US,Michigan,Hillsdale,648,29,0,41.88753639,-84.59312019,26059.0,1420.8968314877757,4.4753086419753085,619,633,29,0,604,614,45749,15,0,0,15,19
2020-11-04,US,Michigan,Houghton,1049,10,0,46.89988536,-88.68495385,26061.0,2939.692859544894,0.9532888465204956,1039,1029,9,0,1020,1006,36219,20,1,0,19,23
2020-11-04,US,Michigan,Huron,331,8,0,43.83353985,-83.04078453,26063.0,1068.3967593040898,2.416918429003021,323,321,7,0,314,303,31166,10,1,0,9,18
2020-11-04,US,Michigan,Ingham,5101,70,0,42.59716886,-84.37472069,26065.0,1744.4922470811132,1.372279945108802,5031,5079,70,0,5009,5039,292735,22,0,0,22,40
2020-11-04,US,Michigan,Ionia,915,8,0,42.94502238,-85.07413319,26067.0,1414.2850518571186,0.8743169398907104,907,895,8,0,887,875,64210,20,0,0,20,20
2020-11-04,US,Michigan,Iosco,348,17,0,44.35486835,-83.63484895,26069.0,1384.9643809448005,4.885057471264369,331,338,17,0,321,326,25081,10,0,0,10,12
2020-11-04,US,Michigan,Iron,508,27,0,46.20974132,-88.53136251,26071.0,4590.637990240376,5.31496062992126,481,495,27,0,468,491,11117,13,0,0,13,4
2020-11-04,US,Michigan,Isabella,1245,15,0,43.64060976,-84.84664923,26073.0,1781.829631325853,1.2048192771084338,1230,1203,15,0,1188,1187,70562,42,0,0,42,16
2020-11-04,US,Michigan,Jackson,2225,70,0,42.24807035,-84.42258681,26075.0,1403.6969276386346,3.1460674157303368,2155,2148,70,0,2078,2117,158823,77,0,0,77,31
2020-11-04,US,Michigan,Kalamazoo,5643,118,0,42.24542231,-85.53038622,26077.0,2128.9037447277287,2.0910863016126173,5525,5501,118,0,5383,5380,264870,142,0,0,142,121
2020-11-04,US,Michigan,Kalkaska,165,4,0,44.68512729,-85.09085699,26079.0,914.7355582658831,2.4242424242424243,161,161,4,0,157,158,17824,4,0,0,4,3
2020-11-04,US,Michigan,Kent,17519,194,0,43.03197711,-85.54934642,26081.0,2666.6971101521412,1.1073691420743192,17325,17036,193,0,16843,16675,653786,483,1,0,482,361
2020-11-04,US,Michigan,Keweenaw,25,0,0,47.63197653,-88.41434263,26083.0,1181.4744801512288,0.0,25,25,0,0,25,25,2113,0,0,0,0,0
2020-11-04,US,Michigan,Lake,83,1,0,43.99050893,-85.802173,26085.0,700.2446637981946,1.2048192771084338,82,79,1,0,78,75,11881,4,0,0,4,4
2020-11-04,US,Michigan,Lapeer,1071,38,0,43.09052506,-83.22153148,26087.0,1222.505050966247,3.5480859010270773,1033,1052,38,0,1014,1031,88028,19,0,0,19,21
2020-11-04,US,Michigan,Leelanau,173,2,0,44.94430054,-85.80150326,26089.0,795.0002297688527,1.1560693641618498,171,172,2,0,170,170,21764,1,0,0,1,2
2020-11-04,US,Michigan,Lenawee,1294,20,0,41.89475156,-84.06603727,26091.0,1314.359427532478,1.545595054095827,1274,1263,20,0,1243,1254,98266,31,0,0,31,9
2020-11-04,US,Michigan,Livingston,2565,35,0,42.60302282,-83.91297209,26093.0,1335.9722909450768,1.364522417153996,2530,2487,35,0,2452,2435,191224,78,0,0,78,52
2020-11-04,US,Michigan,Luce,138,0,0,46.47227431,-85.54471223,26095.0,2215.4438914753573,0.0,138,86,0,0,86,84,6283,52,0,0,52,2
2020-11-04,US,Michigan,Mackinac,182,0,0,46.07028979,-85.04980537,26097.0,1685.3412352995651,0.0,182,179,0,0,179,178,10787,3,0,0,3,1
2020-11-04,US,Michigan,Macomb,21032,1102,0,42.69158356,-82.92752801,26099.0,2406.484418265116,5.239634842145303,19930,20637,1102,0,19535,20380,874759,395,0,0,395,257
2020-11-04,US,Michigan,Manistee,173,4,0,44.33352407,-86.05626916,26101.0,704.4547601596222,2.3121387283237,169,171,3,0,168,164,24528,2,1,0,1,7
2020-11-04,US,Michigan,Marquette,1389,18,0,46.4338914,-87.64043701,26103.0,2082.4899923537087,1.2958963282937366,1371,1348,18,0,1330,1312,66516,41,0,0,41,36
2020-11-04,US,Michigan,Mason,322,3,0,43.99509218,-86.24988902,26105.0,1104.8586329947848,0.9316770186335404,319,318,3,0,315,301,29100,4,0,0,4,17
2020-11-04,US,Michigan,Mecosta,699,4,0,43.64064262,-85.32463223,26107.0,1608.63461671231,0.5722460658082976,695,681,4,0,677,662,43545,18,0,0,18,19
2020-11-04,US,Michigan,Menominee,841,7,0,45.58038692,-87.55370409,26109.0,3691.8349429323966,0.8323424494649228,834,821,7,0,814,788,22983,20,0,0,20,33
2020-11-04,US,Michigan,Michigan Department of Corrections (MDOC),7181,75,0,0.0,0.0,0.0,0.0,1.0444227823422922,7106,7061,75,0,6986,7016,,120,0,0,120,45
2020-11-04,US,Michigan,Midland,1335,14,0,43.64330771,-84.38804374,26111.0,1605.4163259416034,1.0486891385767791,1321,1311,14,0,1297,1248,83209,24,0,0,24,63
2020-11-04,US,Michigan,Missaukee,123,1,0,44.33772443,-85.09256478,26113.0,813.599682497685,0.8130081300813008,122,120,1,0,119,114,15113,3,0,0,3,6
2020-11-04,US,Michigan,Monroe,2400,44,0,41.92734151,-83.53749864,26115.0,1594.6843853820599,1.8333333333333333,2356,2341,44,0,2297,2312,150439,59,0,0,59,29
2020-11-04,US,Michigan,Montcalm,886,13,0,43.31082541,-85.15252824,26117.0,1386.801903330829,1.4672686230248306,873,851,13,0,838,838,63968,35,0,0,35,13
2020-11-04,US,Michigan,Montmorency,40,0,0,45.0275929,-84.12696227,26119.0,428.8164665523156,0.0,40,39,0,0,39,38,9265,1,0,0,1,1
2020-11-04,US,Michigan,Muskegon,2992,86,0,43.29123859,-86.15176712,26121.0,1723.8399225654794,2.8743315508021383,2906,2846,86,0,2760,2764,173588,146,0,0,146,82
2020-11-04,US,Michigan,Newaygo,793,3,0,43.554373999999996,-85.80070107,26123.0,1619.0281747652102,0.37831021437578816,790,774,3,0,771,755,48892,19,0,0,19,19
2020-11-04,US,Michigan,Oakland,28199,1244,0,42.66090111,-83.38595416,26125.0,2242.3154238603547,4.411503954040923,26955,27839,1244,0,26595,27476,1259201,360,0,0,360,363
2020-11-04,US,Michigan,Oceana,720,6,0,43.64124435,-86.26726673,26127.0,2720.368761098727,0.8333333333333334,714,704,6,0,698,696,26625,16,0,0,16,8
2020-11-04,US,Michigan,Ogemaw,157,5,0,44.33481032,-84.12725175,26129.0,747.7258655998476,3.1847133757961785,152,153,5,0,148,145,20952,4,0,0,4,8
2020-11-04,US,Michigan,Ontonagon,166,1,0,46.665226200000006,-89.31390481,26131.0,2902.097902097902,0.6024096385542169,165,145,1,0,144,129,5795,21,0,0,21,16
2020-11-04,US,Michigan,Osceola,232,1,0,43.98992088,-85.32566756,26133.0,988.917306052856,0.4310344827586207,231,227,1,0,226,219,23341,5,0,0,5,8
2020-11-04,US,Michigan,Oscoda,65,2,0,44.68192279,-84.12939244,26135.0,788.7392306758888,3.0769230769230766,63,64,2,0,62,62,8276,1,0,0,1,2
2020-11-04,US,Michigan,Otsego,322,12,0,45.02085831,-84.59898295,26137.0,1305.3348467650396,3.7267080745341614,310,317,12,0,305,302,24665,5,0,0,5,15
2020-11-04,US,Michigan,Ottawa,6472,82,0,42.95996803,-85.9969107,26139.0,2217.7295000514,1.2669962917181703,6390,6249,82,0,6167,6082,290494,223,0,0,223,167
2020-11-04,US,Michigan,Out of MI,419,4,0,0.0,0.0,80026.0,0.0,0.9546539379474941,415,372,4,0,368,384,,47,0,0,47,-12
2020-11-04,US,Michigan,Presque Isle,95,1,0,45.34018577,-83.91498656,26141.0,754.4472681067343,1.0526315789473684,94,90,1,0,89,85,12738,5,0,0,5,5
2020-11-04,US,Michigan,Roscommon,237,6,0,44.33473082,-84.61067651,26143.0,986.7188475789999,2.5316455696202533,231,235,6,0,229,233,23884,2,0,0,2,2
2020-11-04,US,Michigan,Saginaw,4575,159,0,43.33433923,-84.05131209999998,26145.0,2401.0832428006865,3.4754098360655736,4416,4482,159,0,4323,4403,190800,93,0,0,93,79
2020-11-04,US,Michigan,Sanilac,275,7,0,43.42406072,-82.82055898,26151.0,667.9621083313093,2.5454545454545454,268,265,7,0,258,250,41182,10,0,0,10,15
2020-11-04,US,Michigan,Schoolcraft,119,1,0,46.19235734,-86.19972234,26153.0,1470.2248579194463,0.8403361344537815,118,109,1,0,108,105,8068,10,0,0,10,4
2020-11-04,US,Michigan,Shiawassee,882,34,0,42.95392800000001,-84.14585902,26155.0,1294.7359149760725,3.8548752834467117,848,868,34,0,834,845,68192,14,0,0,14,23
2020-11-04,US,Michigan,St. Clair,1894,66,0,42.92655373,-82.67937954,26147.0,1190.23679050827,3.4846884899683213,1828,1853,66,0,1787,1798,159337,41,0,0,41,55
2020-11-04,US,Michigan,St. Joseph,1519,25,0,41.91441767,-85.52797979,26149.0,2491.634407191129,1.6458196181698486,1494,1478,25,0,1453,1414,61043,41,0,0,41,64
2020-11-04,US,Michigan,Tuscola,806,37,0,43.46606813,-83.41897025,26157.0,1542.7313618528092,4.590570719602979,769,783,37,0,746,765,52516,23,0,0,23,18
2020-11-04,US,Michigan,Unassigned,9,0,0,0.0,0.0,90026.0,0.0,0.0,9,30,0,0,30,27,,-21,0,0,-21,3
2020-11-04,US,Michigan,Van Buren,1375,20,0,42.25190229,-86.01939087,26159.0,1816.9324893957207,1.4545454545454546,1355,1338,20,0,1318,1315,75448,37,0,0,37,23
2020-11-04,US,Michigan,Washtenaw,6112,119,0,42.253105,-83.83853204,26161.0,1662.6722995856921,1.9469895287958117,5993,6008,121,0,5887,5925,370963,104,-2,0,106,83
2020-11-04,US,Michigan,Wayne,43856,3069,0,42.28098405,-83.281255,26163.0,2506.998341663127,6.997902225465157,40787,43349,3065,0,40284,42937,1753893,507,4,0,503,412
2020-11-04,US,Michigan,Wexford,219,4,0,44.33853602,-85.57712739,26165.0,651.1849186762213,1.8264840182648399,215,216,4,0,212,210,33466,3,0,0,3,6
2020-11-04,US,Minnesota,Aitkin,266,5,0,46.60962049,-93.41168259999999,27001.0,1674.4303160015106,1.8796992481203008,261,249,4,0,245,244,15902,17,1,0,16,5
2020-11-04,US,Minnesota,Anoka,10778,161,0,45.27476015,-93.24604565,27003.0,3019.715847484457,1.4937836333271484,10617,10514,161,0,10353,10246,353813,264,0,0,264,268
2020-11-04,US,Minnesota,Becker,778,4,0,46.93479392,-95.67158144,27005.0,2260.1167823838714,0.5141388174807198,774,741,4,0,737,721,34371,37,0,0,37,20
2020-11-04,US,Minnesota,Beltrami,1068,12,0,47.97373527,-94.93732139,27007.0,2263.28727642621,1.1235955056179776,1056,1034,11,0,1023,1024,46847,34,1,0,33,10
2020-11-04,US,Minnesota,Benton,1274,16,0,45.69804958,-93.99514135,27009.0,3115.7524028467315,1.2558869701726845,1258,1211,15,0,1196,1160,40545,63,1,0,62,51
2020-11-04,US,Minnesota,Big Stone,194,1,0,45.42712824,-96.41403739,27011.0,3886.9965938689643,0.5154639175257731,193,187,1,0,186,181,4989,7,0,0,7,6
2020-11-04,US,Minnesota,Blue Earth,2310,7,0,44.03554215,-94.06699781,27013.0,3414.482728038668,0.30303030303030304,2303,2254,7,0,2247,2219,67427,56,0,0,56,35
2020-11-04,US,Minnesota,Brown,434,3,0,44.24205652,-94.72562874,27015.0,1735.444657709533,0.6912442396313364,431,422,3,0,419,404,25111,12,0,0,12,18
2020-11-04,US,Minnesota,Carlton,679,3,0,46.59180601,-92.67601019,27017.0,1892.8939812104486,0.4418262150220913,676,629,3,0,626,605,35837,50,0,0,50,24
2020-11-04,US,Minnesota,Carver,2105,9,0,44.82017001,-93.80099179999999,27019.0,2003.0640695029929,0.42755344418052255,2096,2056,9,0,2047,2010,103551,49,0,0,49,46
2020-11-04,US,Minnesota,Cass,536,5,0,46.95043611,-94.32603968,27021.0,1799.926122435273,0.9328358208955224,531,507,5,0,502,485,29519,29,0,0,29,22
2020-11-04,US,Minnesota,Chippewa,510,3,0,45.02343421,-95.56403693,27023.0,4322.033898305085,0.5882352941176471,507,507,3,0,504,504,11924,3,0,0,3,3
2020-11-04,US,Minnesota,Chisago,1453,2,0,45.5021011,-92.90861945,27025.0,2568.0906343342936,0.13764624913971096,1451,1405,2,0,1403,1356,55922,48,0,0,48,49
2020-11-04,US,Minnesota,Clay,2888,46,0,46.89289518,-96.48761922,27027.0,4496.901373361155,1.592797783933518,2842,2762,46,0,2716,2712,63955,126,0,0,126,50
2020-11-04,US,Minnesota,Clearwater,173,1,0,47.57992111,-95.37790562,27029.0,1961.896121569517,0.5780346820809249,172,167,1,0,166,163,8810,6,0,0,6,4
2020-11-04,US,Minnesota,Cook,30,0,0,47.90504893,-90.52629546,27031.0,549.1488193300386,0.0,30,27,0,0,27,25,5393,3,0,0,3,2
2020-11-04,US,Minnesota,Cottonwood,332,0,0,44.00715262,-95.18138802,27033.0,2965.344765987853,0.0,332,329,0,0,329,321,11277,3,0,0,3,8
2020-11-04,US,Minnesota,Crow Wing,1453,22,0,46.48096553,-94.06755609,27035.0,2233.494735224041,1.5141087405368203,1431,1399,22,0,1377,1331,64889,54,0,0,54,68
2020-11-04,US,Minnesota,Dakota,11435,141,0,44.67172617,-93.06299363,27037.0,2665.370692809909,1.2330564057717537,11294,11184,141,0,11043,10933,425423,251,0,0,251,251
2020-11-04,US,Minnesota,Dodge,463,0,0,44.02238415,-92.86244324,27039.0,2211.7130027706125,0.0,463,450,0,0,450,443,20822,13,0,0,13,7
2020-11-04,US,Minnesota,Douglas,951,8,0,45.93348491,-95.45335469,27041.0,2493.379827482237,0.8412197686645636,943,899,5,0,894,890,37964,52,3,0,49,9
2020-11-04,US,Minnesota,Faribault,286,0,0,43.67381499,-93.94787458,27043.0,2094.777704533802,0.0,286,277,0,0,277,273,13758,9,0,0,9,4
2020-11-04,US,Minnesota,Fillmore,318,0,0,43.67394126,-92.08980382,27045.0,1509.4697868704611,0.0,318,311,0,0,311,312,21058,7,0,0,7,-1
2020-11-04,US,Minnesota,Freeborn,798,5,0,43.67385583,-93.34884422,27047.0,2635.315874640864,0.6265664160401002,793,780,5,0,775,776,30444,18,0,0,18,4
2020-11-04,US,Minnesota,Goodhue,838,14,0,44.40849741,-92.72341949999999,27049.0,1808.372895986189,1.6706443914081146,824,797,13,0,784,757,46403,41,1,0,40,40
2020-11-04,US,Minnesota,Grant,123,5,0,45.93424769,-96.01139609,27051.0,2059.611520428667,4.0650406504065035,118,118,5,0,113,113,6021,5,0,0,5,5
2020-11-04,US,Minnesota,Hennepin,38911,1009,0,45.00761521,-93.47694895,27053.0,3073.919909499045,2.5930970676672405,37902,38272,1006,0,37266,37513,1259428,639,3,0,636,759
2020-11-04,US,Minnesota,Houston,290,2,0,43.67129565,-91.49143057,27055.0,1559.139784946237,0.6896551724137931,288,269,2,0,267,262,18578,21,0,0,21,7
2020-11-04,US,Minnesota,Hubbard,546,6,0,47.10778564,-94.91693868,27057.0,2540.5983900237306,1.0989010989010992,540,535,5,0,530,518,21332,11,1,0,10,17
2020-11-04,US,Minnesota,Isanti,715,8,0,45.56181234,-93.29487636,27059.0,1761.2572667257855,1.1188811188811192,707,689,7,0,682,665,39966,26,1,0,25,24
2020-11-04,US,Minnesota,Itasca,921,17,0,47.51009045,-93.63092229,27061.0,2040.77110569466,1.8458197611292075,904,896,17,0,879,878,45108,25,0,0,25,18
2020-11-04,US,Minnesota,Jackson,251,1,0,43.67423373,-95.15398258,27063.0,2549.2585821653465,0.398406374501992,250,248,1,0,247,241,9911,3,0,0,3,7
2020-11-04,US,Minnesota,Kanabec,265,10,0,45.9459309,-93.29275192,27065.0,1622.08483809757,3.7735849056603774,255,258,10,0,248,252,16207,7,0,0,7,6
2020-11-04,US,Minnesota,Kandiyohi,2003,5,0,45.1526059,-95.00586446,27067.0,4636.681404662145,0.2496255616575137,1998,1988,5,0,1983,1967,42855,15,0,0,15,21
2020-11-04,US,Minnesota,Kittson,86,0,0,48.77754106,-96.78317184,27069.0,2000.9306654257794,0.0,86,78,0,0,78,70,4248,8,0,0,8,8
2020-11-04,US,Minnesota,Koochiching,192,5,0,48.24539665,-93.78352843,27071.0,1570.0384332324802,2.6041666666666665,187,187,5,0,182,185,12440,5,0,0,5,2
2020-11-04,US,Minnesota,Lac qui Parle,165,3,0,44.9973857,-96.17488219,27073.0,2491.3181337762344,1.818181818181818,162,158,3,0,155,155,6658,7,0,0,7,3
2020-11-04,US,Minnesota,Lake,158,0,0,47.64270764,-91.44557998,27075.0,1484.8228549948312,0.0,158,151,0,0,151,145,10658,7,0,0,7,6
2020-11-04,US,Minnesota,Lake of the Woods,56,1,0,48.77217001,-94.90274472,27077.0,1497.3262032085559,1.7857142857142858,55,55,1,0,54,53,3758,1,0,0,1,2
2020-11-04,US,Minnesota,Le Sueur,740,6,0,44.37136597,-93.72844721,27079.0,2561.7059576972338,0.8108108108108109,734,722,6,0,716,712,28494,18,0,0,18,10
2020-11-04,US,Minnesota,Lincoln,214,0,0,44.41311883,-96.26688165,27081.0,3794.9991133179637,0.0,214,212,0,0,212,210,5673,2,0,0,2,2
2020-11-04,US,Minnesota,Lyon,1111,6,0,44.41327865,-95.83806103,27083.0,4361.309570542514,0.54005400540054,1105,1100,6,0,1094,1084,25629,11,0,0,11,16
2020-11-04,US,Minnesota,Mahnomen,142,2,0,47.32557075,-95.80921485,27087.0,2569.205717387371,1.4084507042253518,140,140,2,0,138,141,5519,2,0,0,2,-1
2020-11-04,US,Minnesota,Marshall,213,1,0,48.35825983,-96.37017407,27089.0,2281.491002570694,0.4694835680751174,212,204,1,0,203,193,9390,9,0,0,9,11
2020-11-04,US,Minnesota,Martin,670,18,0,43.67429718,-94.55099908,27091.0,3403.952649494488,2.6865671641791047,652,659,18,0,641,655,19785,11,0,0,11,4
2020-11-04,US,Minnesota,McLeod,705,4,0,44.82367677,-94.27287017,27085.0,1964.1712868804505,0.5673758865248227,701,699,4,0,695,678,35873,6,0,0,6,21
2020-11-04,US,Minnesota,Meeker,405,4,0,45.12328869,-94.52839455,27093.0,1744.0358280940488,0.9876543209876544,401,398,4,0,394,391,23141,7,0,0,7,7
2020-11-04,US,Minnesota,Mille Lacs,573,21,0,45.93705297,-93.63236823,27095.0,2180.6142253681933,3.6649214659685865,552,538,21,0,517,510,26139,35,0,0,35,28
2020-11-04,US,Minnesota,Morrison,1020,9,0,46.01265363,-94.27341528,27097.0,3055.172826933445,0.8823529411764706,1011,974,9,0,965,936,33169,46,0,0,46,38
2020-11-04,US,Minnesota,Mower,1614,20,0,43.67142874,-92.75234549,27099.0,4028.7554290849184,1.2391573729863692,1594,1597,20,0,1577,1595,40011,17,0,0,17,2
2020-11-04,US,Minnesota,Murray,324,3,0,44.02216709,-95.76328482,27101.0,3954.112765438125,0.925925925925926,321,321,3,0,318,318,8276,3,0,0,3,3
2020-11-04,US,Minnesota,Nicollet,848,18,0,44.35291112,-94.24710352,27103.0,2474.178677714886,2.1226415094339623,830,829,18,0,811,810,34220,19,0,0,19,19
2020-11-04,US,Minnesota,Nobles,2487,20,0,43.67434621,-95.75329576,27105.0,11498.451153543852,0.8041817450743868,2467,2475,20,0,2455,2450,21924,12,0,0,12,25
2020-11-04,US,Minnesota,Norman,167,1,0,47.32628443,-96.45620947,27107.0,2619.607843137255,0.5988023952095808,166,155,0,0,155,151,6475,12,1,0,11,4
2020-11-04,US,Minnesota,Olmsted,3823,30,0,44.00374114,-92.40209944,27109.0,2415.1415413189466,0.7847240387130526,3793,3735,30,0,3705,3686,156277,88,0,0,88,49
2020-11-04,US,Minnesota,Otter Tail,1121,8,0,46.40846929,-95.70835255,27111.0,1908.2150274061205,0.7136485280999108,1113,1080,8,0,1072,1058,58812,41,0,0,41,22
2020-11-04,US,Minnesota,Pennington,246,2,0,48.06642577,-96.0370814,27113.0,1742.3330264183014,0.8130081300813008,244,240,2,0,238,238,14178,6,0,0,6,2
2020-11-04,US,Minnesota,Pine,658,1,0,46.12105238,-92.74070188,27115.0,2224.551201866189,0.1519756838905775,657,643,1,0,642,626,29483,15,0,0,15,17
2020-11-04,US,Minnesota,Pipestone,398,17,0,44.02301619,-96.25841142,27117.0,4361.165899627438,4.271356783919598,381,397,17,0,380,393,9047,1,0,0,1,4
2020-11-04,US,Minnesota,Polk,1117,7,0,47.77372465,-96.40134647,27119.0,3561.407983675552,0.6266786034019696,1110,1070,6,0,1064,1010,31529,47,1,0,46,60
2020-11-04,US,Minnesota,Pope,193,0,0,45.58606667,-95.44451209,27121.0,1715.708062938928,0.0,193,187,0,0,187,184,11097,6,0,0,6,3
2020-11-04,US,Minnesota,Ramsey,16189,388,0,45.01625271,-93.09872295,27123.0,2941.737640395333,2.396689109889431,15801,15853,384,0,15469,15547,550210,336,4,0,332,306
2020-11-04,US,Minnesota,Red Lake,101,2,0,47.87197525,-96.09561104,27125.0,2490.7521578298397,1.98019801980198,99,95,2,0,93,92,3999,6,0,0,6,3
2020-11-04,US,Minnesota,Redwood,346,12,0,44.40555844,-95.25207021,27127.0,2280.8174027686223,3.4682080924855487,334,340,12,0,328,329,15249,6,0,0,6,11
2020-11-04,US,Minnesota,Renville,323,13,0,44.72836381,-94.94553734,27129.0,2220.2364586197414,4.0247678018575845,310,319,13,0,306,310,14612,4,0,0,4,9
2020-11-04,US,Minnesota,Rice,1865,13,0,44.3543376,-93.29658715,27131.0,2784.74586394314,0.6970509383378016,1852,1823,12,0,1811,1798,66523,42,1,0,41,25
2020-11-04,US,Minnesota,Rock,407,9,0,43.67482683,-96.25296832,27133.0,4369.296833064949,2.211302211302211,398,402,6,0,396,401,9414,5,3,0,2,1
2020-11-04,US,Minnesota,Roseau,436,0,0,48.77501878,-95.81079919,27135.0,2875.0412133201453,0.0,436,412,0,0,412,405,15150,24,0,0,24,7
2020-11-04,US,Minnesota,Scott,4098,38,0,44.6490231,-93.53340251,27139.0,2750.0956292404016,0.9272816007808689,4060,4013,37,0,3976,3918,147381,85,1,0,84,95
2020-11-04,US,Minnesota,Sherburne,2216,26,0,45.44447208,-93.77617511,27141.0,2278.944445587116,1.1732851985559567,2190,2140,24,0,2116,2064,96036,76,2,0,74,76
2020-11-04,US,Minnesota,Sibley,302,3,0,44.5796592,-94.23164924,27143.0,2031.6178943827786,0.9933774834437086,299,295,3,0,292,290,15028,7,0,0,7,5
2020-11-04,US,Minnesota,St. Louis,3785,76,0,47.604840700000004,-92.46879855,27137.0,1901.3412367508913,2.0079260237780714,3709,3618,75,0,3543,3538,199754,167,1,0,166,80
2020-11-04,US,Minnesota,Stearns,7141,54,0,45.55192576,-94.61078221,27145.0,4433.338506906721,0.7561966111188909,7087,6946,53,0,6893,6778,159256,195,1,0,194,168
2020-11-04,US,Minnesota,Steele,897,4,0,44.02240351,-93.22627088,27147.0,2447.542907037027,0.4459308807134894,893,874,4,0,870,857,36803,23,0,0,23,17
2020-11-04,US,Minnesota,Stevens,215,1,0,45.58613007,-96.00163705,27149.0,2192.7587965323814,0.4651162790697674,214,211,1,0,210,209,9753,4,0,0,4,2
2020-11-04,US,Minnesota,Swift,263,2,0,45.2829032,-95.68264092,27151.0,2838.333693071444,0.7604562737642585,261,256,2,0,254,252,9345,7,0,0,7,4
2020-11-04,US,Minnesota,Todd,1052,9,0,46.06996226,-94.89785296,27153.0,4265.325981187156,0.8555133079847909,1043,1023,7,0,1016,1004,24582,29,2,0,27,19
2020-11-04,US,Minnesota,Traverse,66,0,0,45.77298854,-96.47062949,27155.0,2025.1610923596195,0.0,66,63,0,0,63,63,3308,3,0,0,3,0
2020-11-04,US,Minnesota,Unassigned,231,54,0,0.0,0.0,90027.0,0.0,23.376623376623375,177,244,54,0,190,233,,-13,0,0,-13,11
2020-11-04,US,Minnesota,Wabasha,472,1,0,44.28424356,-92.23121312,27157.0,2182.4571137929447,0.21186440677966098,471,459,1,0,458,454,21645,13,0,0,13,5
2020-11-04,US,Minnesota,Wadena,329,5,0,46.58589171,-94.96968506,27159.0,2404.61920771817,1.5197568389057752,324,318,4,0,314,308,13773,11,1,0,10,10
2020-11-04,US,Minnesota,Waseca,981,10,0,44.02211116,-93.58720034,27161.0,5270.793036750483,1.019367991845056,971,967,10,0,957,965,18691,14,0,0,14,2
2020-11-04,US,Minnesota,Washington,7519,75,0,45.03864533,-92.88429635,27163.0,2865.0358177107146,0.997473068227158,7444,7340,75,0,7265,7092,259201,179,0,0,179,248
2020-11-04,US,Minnesota,Watonwan,611,4,0,43.97823903,-94.61413846,27165.0,5607.047811324218,0.6546644844517185,607,602,4,0,598,596,10980,9,0,0,9,6
2020-11-04,US,Minnesota,Wilkin,163,4,0,46.35721532,-96.4684375,27167.0,2626.067343322056,2.4539877300613497,159,155,4,0,151,154,6254,8,0,0,8,1
2020-11-04,US,Minnesota,Winona,1503,20,0,43.98772283,-91.78081305,27169.0,2977.1808889945332,1.3306719893546242,1483,1463,19,0,1444,1433,50825,40,1,0,39,30
2020-11-04,US,Minnesota,Wright,3238,16,0,45.17297924,-93.96234781,27171.0,2339.984245936825,0.4941321803582458,3222,3145,16,0,3129,3050,136349,93,0,0,93,95
2020-11-04,US,Minnesota,Yellow Medicine,353,7,0,44.71710183,-95.86842453,27173.0,3635.8018333504997,1.9830028328611895,346,345,7,0,338,339,9795,8,0,0,8,6
2020-11-04,US,Mississippi,Adams,1139,45,0,31.47669768,-91.35326037,28001.0,3710.943863421627,3.9508340649692713,1094,1137,45,0,1092,1131,31192,2,0,0,2,6
2020-11-04,US,Mississippi,Alcorn,1144,13,0,34.88084463,-88.57996173,28003.0,3095.824425621736,1.1363636363636365,1131,1138,13,0,1125,1131,36925,6,0,0,6,7
2020-11-04,US,Mississippi,Amite,439,14,0,31.17467303,-90.80501621,28005.0,3569.97641701228,3.1890660592255125,425,438,13,0,425,437,12326,1,1,0,0,1
2020-11-04,US,Mississippi,Attala,830,27,0,33.08658803,-89.57838564,28007.0,4566.9637944316055,3.2530120481927716,803,823,27,0,796,819,18365,7,0,0,7,4
2020-11-04,US,Mississippi,Benton,387,12,0,34.81681228,-89.18945516,28009.0,4685.797312023247,3.1007751937984502,375,383,11,0,372,379,8271,4,1,0,3,4
2020-11-04,US,Mississippi,Bolivar,2081,81,0,33.79696941,-90.87372121,28011.0,6794.436463366856,3.892359442575685,2000,2076,81,0,1995,2073,31333,5,0,0,5,3
2020-11-04,US,Mississippi,Calhoun,647,13,0,33.93683395,-89.33686647,28013.0,4505.257294060302,2.009273570324575,634,643,13,0,630,641,14436,4,0,0,4,2
2020-11-04,US,Mississippi,Carroll,541,12,0,33.44834567,-89.91994479,28015.0,5438.825776616065,2.2181146025878005,529,535,12,0,523,532,9911,6,0,0,6,3
2020-11-04,US,Mississippi,Chickasaw,885,31,0,33.91983202,-88.9481545,28017.0,5174.530784072968,3.5028248587570623,854,884,31,0,853,880,17171,1,0,0,1,4
2020-11-04,US,Mississippi,Choctaw,224,7,0,33.34598242,-89.24809382,28019.0,2728.380024360536,3.125,217,219,7,0,212,217,8278,5,0,0,5,2
2020-11-04,US,Mississippi,Claiborne,545,16,0,31.97061673,-90.90702196,28021.0,6063.640409434804,2.9357798165137616,529,545,16,0,529,545,9002,0,0,0,0,0
2020-11-04,US,Mississippi,Clarke,801,53,0,32.04158545,-88.68896219999998,28023.0,5154.108487227334,6.616729088639201,748,796,53,0,743,795,15604,5,0,0,5,1
2020-11-04,US,Mississippi,Clay,741,23,0,33.65358105,-88.77784255,28025.0,3836.1979705943268,3.10391363022942,718,735,22,0,713,725,19386,6,1,0,5,10
2020-11-04,US,Mississippi,Coahoma,1299,37,0,34.22772299,-90.60415045,28027.0,5871.45181703128,2.8483448806774443,1262,1293,37,0,1256,1288,22628,6,0,0,6,5
2020-11-04,US,Mississippi,Copiah,1421,38,0,31.86977774,-90.44565118,28029.0,5063.246035987885,2.674173117522871,1383,1415,38,0,1377,1413,28543,6,0,0,6,2
2020-11-04,US,Mississippi,Covington,1030,31,0,31.63225413,-89.55389939,28031.0,5526.937110968019,3.0097087378640777,999,1021,31,0,990,1016,18853,9,0,0,9,5
2020-11-04,US,Mississippi,DeSoto,7729,82,0,34.87625235,-89.99091418,28033.0,4179.080267106437,1.0609393194462415,7647,7691,82,0,7609,7632,182001,38,0,0,38,59
2020-11-04,US,Mississippi,Forrest,3196,81,0,31.18961454,-89.25832496,28035.0,4267.193612561251,2.5344180225281603,3115,3180,81,0,3099,3176,75036,16,0,0,16,4
2020-11-04,US,Mississippi,Franklin,259,3,0,31.47786634,-90.89672989,28037.0,3357.967068585505,1.1583011583011582,256,259,3,0,256,258,7788,0,0,0,0,1
2020-11-04,US,Mississippi,George,1044,21,0,30.86259065,-88.64436789,28039.0,4261.224489795918,2.0114942528735638,1023,1044,20,0,1024,1037,24250,0,1,0,-1,7
2020-11-04,US,Mississippi,Greene,494,18,0,31.21444233,-88.63922281,28041.0,3636.095981157073,3.643724696356276,476,491,18,0,473,489,13586,3,0,0,3,2
2020-11-04,US,Mississippi,Grenada,1258,41,0,33.77036166,-89.80245083,28043.0,6060.314095770305,3.259141494435612,1217,1252,41,0,1211,1249,21055,6,0,0,6,3
2020-11-04,US,Mississippi,Hancock,921,31,0,30.41830223,-89.48851033,28045.0,1933.574067853544,3.3659066232356136,890,917,31,0,886,900,47334,4,0,0,4,17
2020-11-04,US,Mississippi,Harrison,5728,91,0,30.51359752,-89.12467576,28047.0,2752.787389465589,1.5886871508379887,5637,5681,91,0,5590,5638,206650,47,0,0,47,43
2020-11-04,US,Mississippi,Hinds,8292,181,0,32.2656285,-90.44435448,28049.0,3576.6045548654242,2.1828268210323203,8111,8239,181,0,8058,8207,237085,53,0,0,53,32
2020-11-04,US,Mississippi,Holmes,1159,60,0,33.12345854,-90.08923538,28051.0,6813.639035861259,5.176876617773943,1099,1158,60,0,1098,1156,17622,1,0,0,1,2
2020-11-04,US,Mississippi,Humphreys,476,18,0,33.12825718,-90.52252707,28053.0,5902.777777777777,3.7815126050420167,458,473,18,0,455,470,8257,3,0,0,3,3
2020-11-04,US,Mississippi,Issaquena,107,4,0,32.72531359,-90.97392828,28055.0,8063.300678221552,3.7383177570093458,103,107,4,0,103,107,1308,0,0,0,0,0
2020-11-04,US,Mississippi,Itawamba,1221,29,0,34.27993475,-88.3606733,28057.0,5220.179563916205,2.375102375102375,1192,1215,29,0,1186,1207,23517,6,0,0,6,8
2020-11-04,US,Mississippi,Jackson,5077,100,0,30.54020656,-88.64184064,28059.0,3535.096820014344,1.9696671262556629,4977,5024,99,0,4925,4978,143277,53,1,0,52,46
2020-11-04,US,Mississippi,Jasper,718,19,0,32.01922104,-89.11786866,28061.0,4382.591710919856,2.6462395543175488,699,714,19,0,695,712,16428,4,0,0,4,2
2020-11-04,US,Mississippi,Jefferson,286,11,0,31.73397872,-91.03764977,28063.0,4091.559370529328,3.8461538461538463,275,287,11,0,276,287,7106,-1,0,0,-1,0
2020-11-04,US,Mississippi,Jefferson Davis,436,13,0,31.56884708,-89.82670990000004,28065.0,3918.04457225018,2.9816513761467887,423,429,13,0,416,428,11234,7,0,0,7,1
2020-11-04,US,Mississippi,Jones,3054,84,0,31.62257767,-89.16896899999998,28067.0,4484.713207436343,2.7504911591355596,2970,3042,84,0,2958,3032,68461,12,0,0,12,10
2020-11-04,US,Mississippi,Kemper,340,15,0,32.75462946,-88.64105766,28069.0,3490.043112297269,4.411764705882354,325,338,15,0,323,337,10027,2,0,0,2,1
2020-11-04,US,Mississippi,Lafayette,2640,43,0,34.35687874,-89.48490961,28071.0,4887.169329310058,1.6287878787878791,2597,2628,43,0,2585,2614,54793,12,0,0,12,14
2020-11-04,US,Mississippi,Lamar,2426,41,0,31.20572971,-89.5077704,28073.0,3829.9417457335458,1.69002473206925,2385,2400,40,0,2360,2391,62447,26,1,0,25,9
2020-11-04,US,Mississippi,Lauderdale,2713,135,0,32.40419769,-88.66229662,28075.0,3660.033726812816,4.976041282712863,2578,2679,135,0,2544,2666,75317,34,0,0,34,13
2020-11-04,US,Mississippi,Lawrence,581,14,0,31.55147224,-90.10841127,28077.0,4616.240266963293,2.409638554216868,567,578,14,0,564,574,12455,3,0,0,3,4
2020-11-04,US,Mississippi,Leake,1191,42,0,32.7536828,-89.52402044,28079.0,5226.8937066619865,3.5264483627204033,1149,1188,42,0,1146,1183,22763,3,0,0,3,5
2020-11-04,US,Mississippi,Lee,3830,84,0,34.291877500000005,-88.68149954,28081.0,4482.8877756449265,2.1932114882506526,3746,3783,84,0,3699,3752,85202,47,0,0,47,31
2020-11-04,US,Mississippi,Leflore,1786,88,0,33.55545125,-90.29900733,28083.0,6337.153603235994,4.927211646136619,1698,1779,88,0,1691,1771,28919,7,0,0,7,8
2020-11-04,US,Mississippi,Lincoln,1489,61,0,31.53288662,-90.45391915,28085.0,4359.792697566832,4.09670920080591,1428,1484,61,0,1423,1484,34205,5,0,0,5,0
2020-11-04,US,Mississippi,Lowndes,1901,62,0,33.47386518,-88.44191529999998,28087.0,3244.304121512075,3.261441346659653,1839,1878,62,0,1816,1863,58930,23,0,0,23,15
2020-11-04,US,Mississippi,Madison,3958,94,0,32.63389156,-90.03513564,28089.0,3724.405299608553,2.374936836786256,3864,3930,94,0,3836,3918,105630,28,0,0,28,12
2020-11-04,US,Mississippi,Marion,987,46,0,31.23132643,-89.8209217,28091.0,4016.603589305335,4.660587639311045,941,984,45,0,939,982,24715,3,1,0,2,2
2020-11-04,US,Mississippi,Marshall,1602,34,0,34.76216286,-89.50299462,28093.0,4539.015130050433,2.1223470661672907,1568,1595,34,0,1561,1567,35451,7,0,0,7,28
2020-11-04,US,Mississippi,Monroe,1607,75,0,33.89236763,-88.4808438,28095.0,4558.606603880631,4.667081518357186,1532,1595,75,0,1520,1582,35564,12,0,0,12,13
2020-11-04,US,Mississippi,Montgomery,583,23,0,33.49419589,-89.61729103,28097.0,5964.194373401534,3.945111492281304,560,578,23,0,555,576,10023,5,0,0,5,2
2020-11-04,US,Mississippi,Neshoba,1914,111,0,32.75339664,-89.11726492,28099.0,6573.253657531423,5.799373040752351,1803,1913,111,0,1802,1905,29125,1,0,0,1,8
2020-11-04,US,Mississippi,Newton,891,28,0,32.40021118,-89.11843336,28101.0,4239.223522694832,3.1425364758698087,863,887,28,0,859,887,21443,4,0,0,4,0
2020-11-04,US,Mississippi,Noxubee,612,17,0,33.11009499,-88.56949061,28103.0,5875.011999616012,2.7777777777777777,595,609,17,0,592,608,10535,3,0,0,3,1
2020-11-04,US,Mississippi,Oktibbeha,2098,57,0,33.42491685,-88.87905132,28105.0,4230.947627402344,2.7168732125834127,2041,2092,57,0,2035,2089,49599,6,0,0,6,3
2020-11-04,US,Mississippi,Panola,1770,41,0,34.36398677,-89.95064249,28107.0,5176.649508656996,2.3163841807909606,1729,1754,41,0,1713,1743,34178,16,0,0,16,11
2020-11-04,US,Mississippi,Pearl River,1232,61,0,30.77090935,-89.58677275,28109.0,2218.4208157018093,4.951298701298701,1171,1215,61,0,1154,1207,55387,17,0,0,17,8
2020-11-04,US,Mississippi,Perry,547,23,0,31.17161885,-88.99281835,28111.0,4568.612711935188,4.204753199268739,524,545,23,0,522,543,11931,2,0,0,2,2
2020-11-04,US,Mississippi,Pike,1432,56,0,31.17507789,-90.40392572,28113.0,3644.8788434127473,3.910614525139665,1376,1428,56,0,1372,1424,39563,4,0,0,4,4
2020-11-04,US,Mississippi,Pontotoc,1591,21,0,34.226046000000004,-89.03636807,28115.0,4944.986635171256,1.3199245757385292,1570,1576,21,0,1555,1558,31833,15,0,0,15,18
2020-11-04,US,Mississippi,Prentiss,1131,20,0,34.61810501,-88.51986294,28117.0,4501.313380561967,1.7683465959328029,1111,1124,20,0,1104,1120,25315,7,0,0,7,4
2020-11-04,US,Mississippi,Quitman,427,7,0,34.25157572,-90.28908,28119.0,6286.808009422852,1.639344262295082,420,426,7,0,419,425,7051,1,0,0,1,1
2020-11-04,US,Mississippi,Rankin,4258,88,0,32.26469147,-89.94537876,28121.0,2742.302168466745,2.066697980272429,4170,4218,88,0,4130,4192,153902,40,0,0,40,26
2020-11-04,US,Mississippi,Scott,1307,29,0,32.406704100000006,-89.53789439,28123.0,4647.276347603471,2.218821729150727,1278,1306,29,0,1277,1299,28287,1,0,0,1,7
2020-11-04,US,Mississippi,Sharkey,292,15,0,32.88149103,-90.81595379999999,28125.0,6757.69497801435,5.136986301369864,277,292,15,0,277,293,4377,0,0,0,0,-1
2020-11-04,US,Mississippi,Simpson,1272,50,0,31.91282117,-89.91716179,28127.0,4771.550753995049,3.930817610062893,1222,1269,50,0,1219,1262,26758,3,0,0,3,7
2020-11-04,US,Mississippi,Smith,622,16,0,32.01744532,-89.50644846,28129.0,3908.017089721036,2.5723472668810294,606,618,16,0,602,616,16002,4,0,0,4,2
2020-11-04,US,Mississippi,Stone,522,14,0,30.79187949,-89.11547539,28131.0,2846.8586387434557,2.681992337164751,508,519,14,0,505,513,18717,3,0,0,3,6
2020-11-04,US,Mississippi,Sunflower,1699,52,0,33.60192578,-90.58882684,28133.0,6766.2285941855835,3.0606238964096533,1647,1696,52,0,1644,1692,25735,3,0,0,3,4
2020-11-04,US,Mississippi,Tallahatchie,877,26,0,33.95339918,-90.1729398,28135.0,6350.9305525382,2.964652223489168,851,873,26,0,847,872,13987,4,0,0,4,1
2020-11-04,US,Mississippi,Tate,1293,39,0,34.65133709,-89.94485778,28137.0,4565.5167543518955,3.016241299303944,1254,1286,39,0,1247,1276,28759,7,0,0,7,10
2020-11-04,US,Mississippi,Tippah,992,25,0,34.76872156,-88.90988194,28139.0,4506.018623665683,2.5201612903225805,967,986,25,0,961,977,21995,6,0,0,6,9
2020-11-04,US,Mississippi,Tishomingo,859,41,0,34.74023475,-88.23917219,28141.0,4431.718516225558,4.7729918509895235,818,852,41,0,811,845,19454,7,0,0,7,7
2020-11-04,US,Mississippi,Tunica,546,17,0,34.64967704,-90.37481167,28143.0,5668.604651162789,3.1135531135531136,529,546,17,0,529,544,9944,0,0,0,0,2
2020-11-04,US,Mississippi,Union,1302,25,0,34.49162015,-89.00776006,28145.0,4518.479958355023,1.9201228878648235,1277,1287,25,0,1262,1279,28606,15,0,0,15,8
2020-11-04,US,Mississippi,Walthall,662,27,0,31.14971548,-90.10446654,28147.0,4633.907321853563,4.078549848942598,635,651,27,0,624,651,14465,11,0,0,11,0
2020-11-04,US,Mississippi,Warren,1591,56,0,32.35810271,-90.83352619,28149.0,3505.872501707763,3.5197988686360784,1535,1584,56,0,1528,1583,46176,7,0,0,7,1
2020-11-04,US,Mississippi,Washington,2710,102,0,33.28392041,-90.94196237,28151.0,6171.855428272108,3.763837638376384,2608,2694,100,0,2594,2691,45063,16,2,0,14,3
2020-11-04,US,Mississippi,Wayne,1051,22,0,31.64135687,-88.69573913,28153.0,5207.352722588317,2.093244529019981,1029,1044,22,0,1022,1041,20298,7,0,0,7,3
2020-11-04,US,Mississippi,Webster,387,13,0,33.61300486,-89.28392912,28155.0,3994.2202497677777,3.3591731266149867,374,386,13,0,373,384,9788,1,0,0,1,2
2020-11-04,US,Mississippi,Wilkinson,350,21,0,31.16078225,-91.31018819,28157.0,4055.619930475087,6.0,329,349,21,0,328,346,8792,1,0,0,1,3
2020-11-04,US,Mississippi,Winston,893,22,0,33.08747908,-89.03391385,28159.0,4973.544973544974,2.4636058230683093,871,889,22,0,867,886,18165,4,0,0,4,3
2020-11-04,US,Mississippi,Yalobusha,585,22,0,34.02824175,-89.70762049999998,28161.0,4831.5163528245785,3.7606837606837606,563,582,19,0,563,578,12392,3,3,0,0,4
2020-11-04,US,Mississippi,Yazoo,1317,36,0,32.77890365,-90.39656148,28163.0,4435.83698214887,2.733485193621868,1281,1312,35,0,1277,1291,28248,5,1,0,4,21
2020-11-04,US,Missouri,Adair,603,0,0,40.19058551,-92.60078167,29001.0,2379.3552460245432,0.0,603,592,0,0,592,581,25339,11,0,0,11,11
2020-11-04,US,Missouri,Andrew,492,8,0,39.98492163,-94.80163024,29003.0,2777.777777777778,1.6260162601626016,484,489,8,0,481,482,17607,3,0,0,3,7
2020-11-04,US,Missouri,Atchison,91,1,0,40.43238737,-95.42970639,29005.0,1769.3952945751507,1.0989010989010992,90,91,1,0,90,90,5171,0,0,0,0,1
2020-11-04,US,Missouri,Audrain,681,11,0,39.215877,-91.84242683,29007.0,2682.3696234441472,1.6152716593245229,670,680,11,0,669,664,25473,1,0,0,1,16
2020-11-04,US,Missouri,Barry,963,10,0,36.70978521,-93.82919888,29009.0,2690.770907262008,1.038421599169263,953,960,10,0,950,942,35886,3,0,0,3,18
2020-11-04,US,Missouri,Barton,461,4,0,37.50207671,-94.34757022,29011.0,3922.069082865408,0.8676789587852495,457,455,4,0,451,456,11798,6,0,0,6,-1
2020-11-04,US,Missouri,Bates,280,8,0,38.25271289,-94.34113157,29013.0,1731.3875834776154,2.8571428571428568,272,276,8,0,268,272,16320,4,0,0,4,4
2020-11-04,US,Missouri,Benton,518,7,0,38.29503305,-93.28756116,29015.0,2664.19791184488,1.351351351351351,511,513,7,0,506,511,19278,5,0,0,5,2
2020-11-04,US,Missouri,Bollinger,571,3,0,37.32449052,-90.02725304,29017.0,4706.173246517761,0.5253940455341506,568,567,3,0,564,560,12169,4,0,0,4,7
2020-11-04,US,Missouri,Boone,6634,15,0,38.99186229,-92.30723575,29019.0,3676.0998099333374,0.2261079288513717,6619,6513,15,0,6498,6462,180005,121,0,0,121,51
2020-11-04,US,Missouri,Buchanan,3182,44,0,39.65816401,-94.80138942,29021.0,3642.232498511973,1.3827781269641737,3138,3163,44,0,3119,3129,88571,19,0,0,19,34
2020-11-04,US,Missouri,Butler,1441,8,0,36.71462476,-90.40421163,29023.0,3392.3442723292046,0.5551700208188758,1433,1423,8,0,1415,1394,42639,18,0,0,18,29
2020-11-04,US,Missouri,Caldwell,200,1,0,39.65620858,-93.98308093,29025.0,2217.294900221729,0.5,199,197,1,0,196,195,9108,3,0,0,3,2
2020-11-04,US,Missouri,Callaway,1607,7,0,38.83674754,-91.92186505,29027.0,3591.6232706792125,0.4355942750466708,1600,1563,7,0,1556,1503,44889,44,0,0,44,60
2020-11-04,US,Missouri,Camden,1741,37,0,38.02199522,-92.76083747,29029.0,3759.8531476082494,2.1252153934520392,1704,1717,36,0,1681,1696,45815,24,1,0,23,21
2020-11-04,US,Missouri,Cape Girardeau,2998,55,0,37.38489388,-89.6843587,29031.0,3801.1436396140525,1.8345563709139423,2943,2934,55,0,2879,2909,78753,64,0,0,64,25
2020-11-04,US,Missouri,Carroll,232,4,0,39.42762566,-93.50626255,29033.0,2673.119022928909,1.7241379310344829,228,228,4,0,224,223,8743,4,0,0,4,5
2020-11-04,US,Missouri,Carter,198,3,0,36.94160441,-90.96051322,29035.0,3309.929789368104,1.5151515151515151,195,195,3,0,192,194,6054,3,0,0,3,1
2020-11-04,US,Missouri,Cass,2311,33,0,38.64789422,-94.353399,29037.0,2184.723010020798,1.4279532669839896,2278,2285,32,0,2253,2237,104954,26,1,0,25,48
2020-11-04,US,Missouri,Cedar,272,4,0,37.72391475,-93.85445441,29039.0,1895.6024810091296,1.4705882352941178,268,262,4,0,258,259,14165,10,0,0,10,3
2020-11-04,US,Missouri,Chariton,80,0,0,39.51499357,-92.9629191,29041.0,1077.295987072448,0.0,80,76,0,0,76,75,7451,4,0,0,4,1
2020-11-04,US,Missouri,Christian,2584,17,0,36.9711783,-93.18537118,29043.0,2916.6431514193805,0.6578947368421053,2567,2534,17,0,2517,2500,86983,50,0,0,50,34
2020-11-04,US,Missouri,Clark,137,2,0,40.41040752,-91.73661677,29045.0,2015.5951154921286,1.45985401459854,135,137,1,0,136,135,6842,0,1,0,-1,2
2020-11-04,US,Missouri,Clay,2882,50,0,39.31132056,-94.41850862,29047.0,1153.0398322851156,1.7349063150589867,2832,2841,49,0,2792,2801,246365,41,1,0,40,40
2020-11-04,US,Missouri,Clinton,588,29,0,39.6013098,-94.40465394,29049.0,2884.1909059694904,4.931972789115647,559,574,25,0,549,570,20470,14,4,0,10,4
2020-11-04,US,Missouri,Cole,3663,26,0,38.50455671,-92.27860244,29051.0,4772.9493778096285,0.7098007098007098,3637,3591,26,0,3565,3506,76796,72,0,0,72,85
2020-11-04,US,Missouri,Cooper,708,4,0,38.844478,-92.80896081,29053.0,3997.9671353549043,0.5649717514124294,704,698,4,0,694,685,17603,10,0,0,10,13
2020-11-04,US,Missouri,Crawford,730,9,0,37.97663738,-91.30528104,29055.0,3051.839464882943,1.2328767123287672,721,722,9,0,713,718,23957,8,0,0,8,4
2020-11-04,US,Missouri,Dade,160,3,0,37.431814,-93.8503345,29057.0,2116.1222060574,1.875,157,155,1,0,154,154,7569,5,2,0,3,1
2020-11-04,US,Missouri,Dallas,417,2,0,37.681135499999996,-93.02127031,29059.0,2470.671880554568,0.4796163069544365,415,414,2,0,412,411,16762,3,0,0,3,3
2020-11-04,US,Missouri,Daviess,241,4,0,39.96145298,-93.98519678,29061.0,2911.331239429813,1.6597510373443984,237,237,4,0,233,234,8313,4,0,0,4,3
2020-11-04,US,Missouri,DeKalb,373,3,0,39.89201062,-94.40476508,29063.0,2972.8221885709727,0.8042895442359249,370,352,3,0,349,324,12630,21,0,0,21,28
2020-11-04,US,Missouri,Dent,286,4,0,37.60663134,-91.50790473,29065.0,1836.5119116419448,1.3986013986013983,282,284,4,0,280,280,15441,2,0,0,2,4
2020-11-04,US,Missouri,Douglas,314,13,0,36.9325593,-92.49905109,29067.0,2381.4941221084564,4.140127388535031,301,312,13,0,299,308,13373,2,0,0,2,4
2020-11-04,US,Missouri,Dunklin,1240,13,0,36.27167174,-90.09122243,29069.0,4256.633826507844,1.0483870967741935,1227,1222,13,0,1209,1209,29423,18,0,0,18,13
2020-11-04,US,Missouri,Franklin,3060,50,0,38.41127108,-91.07522826,29071.0,2943.2416055094404,1.6339869281045751,3010,3022,50,0,2972,2995,103670,38,0,0,38,27
2020-11-04,US,Missouri,Gasconade,303,24,0,38.43947277,-91.50847147,29073.0,2060.3835169318645,7.920792079207921,279,303,24,0,279,295,14705,0,0,0,0,8
2020-11-04,US,Missouri,Gentry,213,10,0,40.21097916,-94.40944419,29075.0,3241.515751027241,4.694835680751174,203,212,10,0,202,209,6628,1,0,0,1,3
2020-11-04,US,Missouri,Greene,9974,142,0,37.2575872,-93.34230916,29077.0,3403.0967019919067,1.42370162422298,9832,9856,142,0,9714,9767,291923,118,0,0,118,89
2020-11-04,US,Missouri,Grundy,296,11,0,40.11406587,-93.56509276,29079.0,3005.07614213198,3.716216216216216,285,288,11,0,277,286,9914,8,0,0,8,2
2020-11-04,US,Missouri,Harrison,206,1,0,40.35570088,-93.99222144,29081.0,2466.4750957854408,0.4854368932038835,205,203,1,0,202,203,8414,3,0,0,3,0
2020-11-04,US,Missouri,Henry,477,8,0,38.38482826,-93.79293734,29083.0,2185.6671554252202,1.6771488469601676,469,469,8,0,461,465,21792,8,0,0,8,4
2020-11-04,US,Missouri,Hickory,264,4,0,37.94163617,-93.3203037,29085.0,2766.1357921207036,1.5151515151515151,260,261,4,0,257,258,9509,3,0,0,3,3
2020-11-04,US,Missouri,Holt,133,1,0,40.09799248,-95.21638879999999,29087.0,3020.6677265500794,0.7518796992481203,132,131,1,0,130,131,4404,2,0,0,2,0
2020-11-04,US,Missouri,Howard,286,2,0,39.1435761,-92.69756691,29089.0,2859.7140285971404,0.6993006993006993,284,277,2,0,275,273,10137,9,0,0,9,4
2020-11-04,US,Missouri,Howell,1310,14,0,36.77383887,-91.88683935,29091.0,3265.448562953361,1.068702290076336,1296,1301,14,0,1287,1293,40076,9,0,0,9,8
2020-11-04,US,Missouri,Iron,124,0,0,37.55487945,-90.7735296,29093.0,1224.6913580246915,0.0,124,123,0,0,123,118,10177,1,0,0,1,5
2020-11-04,US,Missouri,Jackson,11002,144,0,39.01002188,-94.34724536,29095.0,1564.9826247384462,1.308852935829849,10858,10893,142,0,10751,10777,700307,109,2,0,107,116
2020-11-04,US,Missouri,Jasper,5730,79,0,37.20351921,-94.34050458,29097.0,4722.735065277595,1.3787085514834203,5651,5625,77,0,5548,5610,120636,105,2,0,103,15
2020-11-04,US,Missouri,Jefferson,6333,90,0,38.25926778,-90.53870896,29099.0,2813.6537513161934,1.4211274277593555,6243,6239,90,0,6149,6133,224347,94,0,0,94,106
2020-11-04,US,Missouri,Johnson,1675,10,0,38.74719601,-93.80691168,29101.0,3098.294550701047,0.5970149253731343,1665,1626,10,0,1616,1612,53652,49,0,0,49,14
2020-11-04,US,Missouri,Kansas City,15892,222,0,39.0997,-94.5786,0.0,3250.276617110788,1.3969292725899825,15670,15738,222,0,15516,15593,491918,154,0,0,154,145
2020-11-04,US,Missouri,Knox,70,1,0,40.12699751,-92.14780832,29103.0,1768.1232634503665,1.4285714285714286,69,70,1,0,69,69,3947,0,0,0,0,1
2020-11-04,US,Missouri,Laclede,1303,23,0,37.65896829,-92.5888493,29105.0,3647.5100075581563,1.7651573292402152,1280,1284,23,0,1261,1276,35713,19,0,0,19,8
2020-11-04,US,Missouri,Lafayette,973,26,0,39.06986886,-93.78076396,29107.0,2974.807386572093,2.672147995889003,947,953,26,0,927,938,32598,20,0,0,20,15
2020-11-04,US,Missouri,Lawrence,1256,24,0,37.10626634,-93.83293097,29109.0,3274.6708382218744,1.9108280254777068,1232,1239,24,0,1215,1222,38359,17,0,0,17,17
2020-11-04,US,Missouri,Lewis,245,2,0,40.09673161,-91.72070156,29111.0,2506.137479541735,0.8163265306122449,243,244,2,0,242,235,9855,1,0,0,1,9
2020-11-04,US,Missouri,Lincoln,1373,5,0,39.05345619,-90.95588181,29113.0,2326.606002067341,0.3641660597232338,1368,1349,5,0,1344,1334,57686,24,0,0,24,15
2020-11-04,US,Missouri,Linn,181,7,0,39.87001769,-93.10704106,29115.0,1518.456375838926,3.867403314917127,174,179,7,0,172,177,12037,2,0,0,2,2
2020-11-04,US,Missouri,Livingston,592,9,0,39.78110272,-93.54645978,29117.0,3887.830826820779,1.5202702702702702,583,591,9,0,582,588,15146,1,0,0,1,3
2020-11-04,US,Missouri,Macon,273,1,0,39.83049768,-92.56453089,29121.0,1805.9138717999606,0.3663003663003663,272,258,1,0,257,256,15153,15,0,0,15,2
2020-11-04,US,Missouri,Madison,555,3,0,37.47865134,-90.34671429999999,29123.0,4591.330244870946,0.5405405405405406,552,553,3,0,550,554,12188,2,0,0,2,-1
2020-11-04,US,Missouri,Maries,230,1,0,38.16193985,-91.92249662,29125.0,2644.5900885362767,0.43478260869565216,229,230,1,0,229,226,8769,0,0,0,0,4
2020-11-04,US,Missouri,Marion,1078,14,0,39.80601912,-91.62203062,29127.0,3778.478794251665,1.2987012987012987,1064,1065,14,0,1051,1028,28592,13,0,0,13,37
2020-11-04,US,Missouri,McDonald,1269,13,0,36.62869595,-94.34867205,29119.0,5556.771905241494,1.024428684003152,1256,1266,12,0,1254,1264,23078,3,1,0,2,2
2020-11-04,US,Missouri,Mercer,37,0,0,40.42212303,-93.56829590000001,29129.0,1022.9471938070224,0.0,37,37,0,0,37,37,3641,0,0,0,0,0
2020-11-04,US,Missouri,Miller,1014,18,0,38.21450288,-92.42610898,29131.0,3957.99992193294,1.7751479289940828,996,1004,15,0,989,991,25336,10,3,0,7,13
2020-11-04,US,Missouri,Mississippi,495,6,0,36.82516239,-89.29505753,29133.0,3755.690440060698,1.2121212121212122,489,487,6,0,481,467,13336,8,0,0,8,20
2020-11-04,US,Missouri,Moniteau,750,12,0,38.63571781,-92.57976951,29135.0,4649.144557401438,1.6,738,727,12,0,715,719,16121,23,0,0,23,8
2020-11-04,US,Missouri,Monroe,197,2,0,39.49593978,-92.00043978,29137.0,2279.037482646923,1.0152284263959392,195,198,2,0,196,196,8664,-1,0,0,-1,2
2020-11-04,US,Missouri,Montgomery,205,1,0,38.94022054,-91.47000721,29139.0,1774.7381179118688,0.4878048780487805,204,202,1,0,201,200,11534,3,0,0,3,2
2020-11-04,US,Missouri,Morgan,774,8,0,38.4181765,-92.88791859,29141.0,3752.3634071847578,1.0335917312661498,766,771,8,0,763,762,20358,3,0,0,3,9
2020-11-04,US,Missouri,New Madrid,861,23,0,36.59666326,-89.66070007,29143.0,5042.164441321153,2.671312427409988,838,850,23,0,827,835,17296,11,0,0,11,15
2020-11-04,US,Missouri,Newton,2239,22,0,36.90519407,-94.3394104,29145.0,3844.7008723126587,0.9825815096025012,2217,2192,22,0,2170,2188,58266,47,0,0,47,4
2020-11-04,US,Missouri,Nodaway,1349,11,0,40.36079813,-94.88133008,29147.0,6106.282817309434,0.815418828762046,1338,1303,11,0,1292,1278,22304,46,0,0,46,25
2020-11-04,US,Missouri,Oregon,262,0,0,36.68710164,-91.4033755,29149.0,2488.3654668059644,0.0,262,254,0,0,254,253,10541,8,0,0,8,1
2020-11-04,US,Missouri,Osage,594,3,0,38.46036182,-91.8613635,29151.0,4362.835108336394,0.5050505050505051,591,582,3,0,579,571,13714,12,0,0,12,11
2020-11-04,US,Missouri,Ozark,231,1,0,36.64916339,-92.44459066,29153.0,2517.985611510792,0.4329004329004329,230,230,1,0,229,228,9017,1,0,0,1,2
2020-11-04,US,Missouri,Pemiscot,784,14,0,36.2130572,-89.78742322,29155.0,4960.455552040494,1.7857142857142858,770,781,14,0,767,771,16272,3,0,0,3,10
2020-11-04,US,Missouri,Perry,906,8,0,37.70660776,-89.82741088,29157.0,4734.531772575251,0.8830022075055187,898,900,8,0,892,886,19150,6,0,0,6,14
2020-11-04,US,Missouri,Pettis,1870,24,0,38.72798918,-93.28471706,29159.0,4416.7316186022335,1.2834224598930482,1846,1855,24,0,1831,1837,42542,15,0,0,15,18
2020-11-04,US,Missouri,Phelps,959,30,0,37.87736118,-91.79351727,29161.0,2151.526708994234,3.1282586027111576,929,953,30,0,923,950,44732,6,0,0,6,3
2020-11-04,US,Missouri,Pike,417,8,0,39.34310674,-91.16980779,29163.0,2278.439514807125,1.9184652278177456,409,409,8,0,401,402,18504,8,0,0,8,7
2020-11-04,US,Missouri,Platte,1097,13,0,39.38154439,-94.77068479,29165.0,1050.5851481545328,1.1850501367365542,1084,1083,13,0,1070,1067,102985,14,0,0,14,16
2020-11-04,US,Missouri,Polk,1106,11,0,37.616229600000004,-93.39828174,29167.0,3440.231422439267,0.9945750452079566,1095,1100,11,0,1089,1091,32201,6,0,0,6,9
2020-11-04,US,Missouri,Pulaski,1107,11,0,37.82462075,-92.20783203,29169.0,2104.28270002091,0.9936766034327009,1096,1095,11,0,1084,1090,52014,12,0,0,12,5
2020-11-04,US,Missouri,Putnam,65,1,0,40.47942497,-93.02042674,29171.0,1384.1567291311756,1.5384615384615383,64,61,1,0,60,61,4757,4,0,0,4,0
2020-11-04,US,Missouri,Ralls,227,0,0,39.52817427,-91.51838643,29173.0,2201.9594529052288,0.0,227,223,0,0,223,222,10212,4,0,0,4,1
2020-11-04,US,Missouri,Randolph,720,3,0,39.44007257,-92.49713740000001,29175.0,2909.3260061419105,0.4166666666666667,717,698,3,0,695,683,24763,22,0,0,22,15
2020-11-04,US,Missouri,Ray,349,2,0,39.353746799999996,-93.98905745,29177.0,1516.2047093578938,0.5730659025787965,347,340,2,0,338,333,22883,9,0,0,9,7
2020-11-04,US,Missouri,Reynolds,98,1,0,37.36085952,-90.97009925,29179.0,1562.9984051036686,1.020408163265306,97,97,1,0,96,95,6254,1,0,0,1,2
2020-11-04,US,Missouri,Ripley,306,4,0,36.65460667,-90.85990261,29181.0,2302.829620710416,1.30718954248366,302,300,4,0,296,296,13401,6,0,0,6,4
2020-11-04,US,Missouri,Saline,1055,11,0,39.13734288,-93.20259964,29195.0,4635.121479724089,1.042654028436019,1044,1050,11,0,1039,1026,22895,5,0,0,5,24
2020-11-04,US,Missouri,Schuyler,57,0,0,40.46921489,-92.52311943,29197.0,1223.1759656652362,0.0,57,51,0,0,51,50,4599,6,0,0,6,1
2020-11-04,US,Missouri,Scotland,84,1,0,40.45214695,-92.14709064,29199.0,1713.5862913096696,1.1904761904761905,83,84,1,0,83,82,4966,0,0,0,0,2
2020-11-04,US,Missouri,Scott,1624,27,0,37.05588075,-89.56474493,29201.0,4242.424242424242,1.6625615763546795,1597,1600,27,0,1573,1585,38458,24,0,0,24,15
2020-11-04,US,Missouri,Shannon,279,6,0,37.15772072,-91.40190382,29203.0,3416.605437178545,2.150537634408602,273,277,5,0,272,275,8189,2,1,0,1,2
2020-11-04,US,Missouri,Shelby,112,1,0,39.79742518,-92.07634971,29205.0,1888.7015177065769,0.8928571428571429,111,112,1,0,111,112,6050,0,0,0,0,0
2020-11-04,US,Missouri,St. Charles,12202,157,0,38.77875681,-90.66662425,29183.0,3035.157279949853,1.2866743156859528,12045,11998,157,0,11841,11832,399182,204,0,0,204,166
2020-11-04,US,Missouri,St. Clair,134,1,0,38.03699437,-93.77631447,29185.0,1425.9870171331274,0.746268656716418,133,133,1,0,132,130,9395,1,0,0,1,3
2020-11-04,US,Missouri,St. Francois,3206,30,0,37.81214171,-90.47598685,29187.0,4769.768652830468,0.9357454772301934,3176,3178,29,0,3149,3126,66692,28,1,0,27,52
2020-11-04,US,Missouri,St. Louis,33375,895,0,38.63770039999999,-90.4458375,29189.0,3356.9535457978986,2.6816479400749063,32480,32801,894,0,31907,32500,996945,574,1,0,573,301
2020-11-04,US,Missouri,St. Louis City,9102,225,0,38.63555736,-90.24349225,29510.0,3028.1858831044397,2.4719841793012525,8877,8976,225,0,8751,8901,302838,126,0,0,126,75
2020-11-04,US,Missouri,Ste. Genevieve,521,2,0,37.89090059,-90.1949941,29186.0,2911.5904772549457,0.3838771593090211,519,519,2,0,517,503,17888,2,0,0,2,16
2020-11-04,US,Missouri,Stoddard,979,15,0,36.85571651,-89.9444155,29207.0,3372.9543496985357,1.5321756894790604,964,972,15,0,957,965,29206,7,0,0,7,7
2020-11-04,US,Missouri,Stone,791,11,0,36.75000327,-93.45256475,29209.0,2475.588382573861,1.390644753476612,780,779,11,0,768,770,31749,12,0,0,12,9
2020-11-04,US,Missouri,Sullivan,397,3,0,40.2099105,-93.11150106,29211.0,6519.954015437675,0.7556675062972292,394,393,3,0,390,384,6221,4,0,0,4,9
2020-11-04,US,Missouri,Taney,1944,35,0,36.65465345,-93.04075153,29213.0,3475.897582606208,1.8004115226337452,1909,1928,35,0,1893,1916,55852,16,0,0,16,12
2020-11-04,US,Missouri,Texas,665,3,0,37.31728859,-91.96564727,29215.0,2618.3164028663673,0.4511278195488722,662,656,3,0,653,649,25571,9,0,0,9,7
2020-11-04,US,Missouri,Vernon,388,3,0,37.8457799,-94.34127305,29217.0,1886.8842095025045,0.7731958762886598,385,385,3,0,382,377,20528,3,0,0,3,8
2020-11-04,US,Missouri,Warren,697,2,0,38.76529479,-91.16124662,29219.0,1955.17405817835,0.2869440459110473,695,689,2,0,687,681,34711,8,0,0,8,8
2020-11-04,US,Missouri,Washington,766,20,0,37.96130078,-90.87948158,29221.0,3097.452486858067,2.610966057441253,746,754,20,0,734,741,24943,12,0,0,12,13
2020-11-04,US,Missouri,Wayne,345,3,0,37.11303869,-90.46001416,29223.0,2680.027965509205,0.8695652173913043,342,344,3,0,341,336,13122,1,0,0,1,8
2020-11-04,US,Missouri,Webster,1290,19,0,37.2813734,-92.876329,29225.0,3258.2339866639727,1.4728682170542635,1271,1266,17,0,1249,1256,39109,24,2,0,22,10
2020-11-04,US,Missouri,Worth,37,0,0,40.47945588,-94.42328751,29227.0,1838.0526577247888,0.0,37,37,0,0,37,37,2040,0,0,0,0,0
2020-11-04,US,Missouri,Wright,629,9,0,37.27029221,-92.46914488,29229.0,3439.2257641205097,1.4308426073131957,620,627,8,0,619,626,18378,2,1,0,1,1
2020-11-04,US,Montana,Beaverhead,309,1,0,45.13434354,-112.89846940000001,30001.0,3268.803554427166,0.32362459546925565,308,308,1,0,307,305,9404,1,0,0,1,3
2020-11-04,US,Montana,Big Horn,1478,40,0,45.42335905,-107.492347,30003.0,11096.929198888804,2.706359945872801,1438,1431,39,0,1392,1433,13338,47,1,0,46,-2
2020-11-04,US,Montana,Blaine,397,8,0,48.43175214,-108.9582723,30005.0,5942.224217931446,2.0151133501259446,389,385,7,0,378,373,6807,12,1,0,11,12
2020-11-04,US,Montana,Broadwater,94,0,0,46.33277565,-111.49558130000001,30007.0,1507.1348404681735,0.0,94,94,0,0,94,94,6085,0,0,0,0,0
2020-11-04,US,Montana,Carbon,288,1,0,45.22850116,-109.0274047,30009.0,2685.314685314685,0.3472222222222222,287,284,1,0,283,277,10714,4,0,0,4,7
2020-11-04,US,Montana,Carter,77,2,0,45.5197966,-104.53955359999999,30011.0,6150.159744408947,2.5974025974025974,75,77,2,0,75,77,1238,0,0,0,0,0
2020-11-04,US,Montana,Cascade,2472,16,0,47.30797024,-111.3467922,30013.0,3038.1240321510213,0.6472491909385113,2456,2374,16,0,2358,2241,81643,98,0,0,98,133
2020-11-04,US,Montana,Chouteau,130,0,0,47.88084126,-110.4353362,30015.0,2307.009760425909,0.0,130,126,0,0,126,122,5745,4,0,0,4,4
2020-11-04,US,Montana,Custer,371,5,0,46.25319932,-105.57375259999998,30017.0,3253.815120154359,1.3477088948787062,366,367,5,0,362,345,11586,4,0,0,4,22
2020-11-04,US,Montana,Daniels,55,3,0,48.78420029,-105.54763429999998,30019.0,3254.4378698224846,5.454545454545454,52,49,3,0,46,49,1747,6,0,0,6,0
2020-11-04,US,Montana,Dawson,297,4,0,47.26584855,-104.89444170000002,30021.0,3448.2758620689656,1.3468013468013469,293,296,4,0,292,279,8680,1,0,0,1,17
2020-11-04,US,Montana,Deer Lodge,500,5,0,46.05953325,-113.073353,30023.0,5470.459518599562,1.0,495,492,3,0,489,491,9131,8,2,0,6,1
2020-11-04,US,Montana,Fallon,96,0,0,46.33478338,-104.41835649999999,30025.0,3373.1553056922,0.0,96,96,0,0,96,85,2920,0,0,0,0,11
2020-11-04,US,Montana,Fergus,271,2,0,47.26331584,-109.2245206,30027.0,2452.488687782805,0.7380073800738007,269,270,2,0,268,270,11113,1,0,0,1,0
2020-11-04,US,Montana,Flathead,3847,27,0,48.29575866,-114.05205690000001,30029.0,3705.951486426603,0.7018455939693268,3820,3750,27,0,3723,3686,102106,97,0,0,97,64
2020-11-04,US,Montana,Gallatin,3909,9,0,45.54486106,-111.1692571,30031.0,3415.9428141985773,0.23023791250959325,3900,3743,9,0,3734,3607,111876,166,0,0,166,136
2020-11-04,US,Montana,Garfield,31,0,0,47.27545948,-107.0002351,30033.0,2464.2289348171703,0.0,31,30,0,0,30,30,1268,1,0,0,1,0
2020-11-04,US,Montana,Glacier,1069,16,0,48.70513576,-112.9934235,30035.0,7772.849560095979,1.4967259120673526,1053,1049,16,0,1033,1012,13747,20,0,0,20,37
2020-11-04,US,Montana,Golden Valley,16,0,0,46.3816474,-109.17685220000001,30037.0,1948.84287454324,0.0,16,16,0,0,16,16,826,0,0,0,0,0
2020-11-04,US,Montana,Granite,74,0,0,46.40605220000001,-113.4414186,30039.0,2189.9970405445397,0.0,74,74,0,0,74,74,3378,0,0,0,0,0
2020-11-04,US,Montana,Hill,970,20,0,48.62879827,-110.1129252,30041.0,5884.49405484106,2.061855670103093,950,934,20,0,914,913,16347,36,0,0,36,21
2020-11-04,US,Montana,Jefferson,197,0,0,46.14907081,-112.094396,30043.0,1611.9793797561576,0.0,197,197,0,0,197,186,12097,0,0,0,0,11
2020-11-04,US,Montana,Judith Basin,18,0,0,47.04581276,-110.26606880000001,30045.0,896.8609865470853,0.0,18,18,0,0,18,18,1952,0,0,0,0,0
2020-11-04,US,Montana,Lake,665,7,0,47.64514965,-114.0898013,30047.0,2183.3344277365554,1.0526315789473684,658,656,7,0,649,645,30250,9,0,0,9,11
2020-11-04,US,Montana,Lewis and Clark,1214,6,0,47.12610041,-112.39469799999999,30049.0,1748.4733264200945,0.4942339373970346,1208,1173,6,0,1167,1136,68700,41,0,0,41,37
2020-11-04,US,Montana,Liberty,38,0,0,48.56084317,-111.02430700000001,30051.0,1626.0162601626016,0.0,38,38,0,0,38,38,2430,0,0,0,0,0
2020-11-04,US,Montana,Lincoln,346,6,0,48.54265777,-115.4046155,30053.0,1731.7317317317318,1.7341040462427746,340,343,6,0,337,336,19794,3,0,0,3,7
2020-11-04,US,Montana,Madison,216,1,0,45.30080065,-111.9173017,30057.0,2511.6279069767443,0.462962962962963,215,214,1,0,213,211,8768,2,0,0,2,3
2020-11-04,US,Montana,McCone,68,0,0,47.64469406,-105.79449939999999,30055.0,4086.5384615384614,0.0,68,68,0,0,68,67,1675,0,0,0,0,1
2020-11-04,US,Montana,Meagher,91,5,0,46.59907074,-110.8898557,30059.0,4887.218045112782,5.494505494505495,86,91,5,0,86,84,1866,0,0,0,0,7
2020-11-04,US,Montana,Mineral,17,0,0,47.15283992,-115.00152390000001,30061.0,386.62724584944283,0.0,17,17,0,0,17,17,4316,0,0,0,0,0
2020-11-04,US,Montana,Missoula,2607,24,0,47.03728583,-113.92135079999998,30063.0,2179.7658862876256,0.9205983889528192,2583,2534,23,0,2511,2467,118791,73,1,0,72,67
2020-11-04,US,Montana,Musselshell,130,2,0,46.49684637,-108.39498,30065.0,2805.9572631124543,1.5384615384615383,128,130,2,0,128,128,4651,0,0,0,0,2
2020-11-04,US,Montana,Park,296,0,0,45.48965095,-110.52643940000002,30067.0,1782.4882572564136,0.0,296,295,0,0,295,286,16736,1,0,0,1,9
2020-11-04,US,Montana,Petroleum,4,0,0,47.118246299999996,-108.2508876,30069.0,821.3552361396304,0.0,4,4,0,0,4,4,513,0,0,0,0,0
2020-11-04,US,Montana,Phillips,197,1,0,48.25936577,-107.9128511,30071.0,4982.296408700051,0.5076142131979695,196,196,1,0,195,195,4074,1,0,0,1,1
2020-11-04,US,Montana,Pondera,198,1,0,48.22773388,-112.22527029999999,30073.0,3349.6870241921843,0.5050505050505051,197,196,1,0,195,192,5972,2,0,0,2,4
2020-11-04,US,Montana,Powder River,67,5,0,45.39617714,-105.636738,30075.0,3983.3531510107014,7.462686567164179,62,67,5,0,62,65,1716,0,0,0,0,2
2020-11-04,US,Montana,Powell,210,0,0,46.85538891,-112.93591640000001,30077.0,3047.895500725689,0.0,210,198,0,0,198,193,6968,12,0,0,12,5
2020-11-04,US,Montana,Prairie,35,0,0,46.86048047,-105.379384,30079.0,3249.767873723305,0.0,35,33,0,0,33,33,1087,2,0,0,2,0
2020-11-04,US,Montana,Ravalli,595,4,0,46.08520862,-114.11891640000002,30081.0,1358.2614253755196,0.6722689075630253,591,577,4,0,573,556,43172,18,0,0,18,21
2020-11-04,US,Montana,Richland,370,6,0,47.78668011,-104.5610786,30083.0,3424.974544108118,1.6216216216216215,364,365,6,0,359,361,10913,5,0,0,5,4
2020-11-04,US,Montana,Roosevelt,1045,30,0,48.29607488,-105.00792679999999,30085.0,9496.546710287168,2.8708133971291865,1015,1043,30,0,1013,1024,11059,2,0,0,2,19
2020-11-04,US,Montana,Rosebud,873,21,0,46.23397237,-106.72928799999998,30087.0,9768.378650553876,2.405498281786941,852,870,21,0,849,864,9063,3,0,0,3,6
2020-11-04,US,Montana,Sanders,117,2,0,47.67657534,-115.1329916,30089.0,965.9044002311566,1.709401709401709,115,113,2,0,111,108,11844,4,0,0,4,5
2020-11-04,US,Montana,Sheridan,97,0,0,48.72085833,-104.50382900000001,30091.0,2931.3992142641277,0.0,97,93,0,0,93,91,3424,4,0,0,4,2
2020-11-04,US,Montana,Silver Bow,699,5,0,45.90018933,-112.6620092,30093.0,2002.0048689674923,0.7153075822603719,694,699,5,0,694,679,34993,0,0,0,0,20
2020-11-04,US,Montana,Stillwater,259,3,0,45.67071407,-109.3950061,30095.0,2686.1646961211372,1.1583011583011582,256,248,3,0,245,231,9534,11,0,0,11,17
2020-11-04,US,Montana,Sweet Grass,117,2,0,45.81367654,-109.9425686,30097.0,3130.853625903131,1.709401709401709,115,110,2,0,108,104,3710,7,0,0,7,6
2020-11-04,US,Montana,Teton,95,1,0,47.83741052,-112.24106880000001,30099.0,1545.4693346347813,1.0526315789473684,94,94,1,0,93,92,6162,1,0,0,1,2
2020-11-04,US,Montana,Toole,448,8,0,48.65577551,-111.69424140000001,30101.0,9459.45945945946,1.7857142857142858,440,430,8,0,422,336,4853,18,0,0,18,94
2020-11-04,US,Montana,Treasure,24,1,0,46.20973220000001,-107.26665159999999,30103.0,3448.2758620689656,4.166666666666667,23,24,1,0,23,24,679,0,0,0,0,0
2020-11-04,US,Montana,Valley,405,5,0,48.36435097,-106.6669635,30105.0,5475.932936722553,1.2345679012345678,400,401,5,0,396,401,7437,4,0,0,4,0
2020-11-04,US,Montana,Wheatland,74,3,0,46.46652491,-109.84646359999999,30107.0,3480.7149576669813,4.0540540540540535,71,74,3,0,71,74,2236,0,0,0,0,0
2020-11-04,US,Montana,Wibaux,45,0,0,46.95925154,-104.2510927,30109.0,4643.962848297214,0.0,45,45,0,0,45,45,1034,0,0,0,0,0
2020-11-04,US,Montana,Yellowstone,7327,96,0,45.93955949,-108.26914860000001,30111.0,4542.4674519528835,1.3102224648560121,7231,7260,96,0,7164,7182,160137,67,0,0,67,78
2020-11-04,US,Nebraska,Adams,979,15,0,40.52449420000001,-98.50117804,31001.0,3121.512610400791,1.5321756894790604,964,955,15,0,940,932,31511,24,0,0,24,23
2020-11-04,US,Nebraska,Antelope,191,1,0,42.17695516,-98.06662829999999,31003.0,3032.7087964433154,0.5235602094240838,190,187,1,0,186,183,6336,4,0,0,4,4
2020-11-04,US,Nebraska,Arthur,6,0,0,41.56896142,-101.6959559,31005.0,1295.8963282937366,0.0,6,5,0,0,5,5,465,1,0,0,1,0
2020-11-04,US,Nebraska,Banner,4,0,0,41.54634427,-103.7114332,31007.0,536.9127516778524,0.0,4,4,0,0,4,4,730,0,0,0,0,0
2020-11-04,US,Nebraska,Blaine,4,0,0,41.91311716,-99.97677845,31009.0,860.2150537634409,0.0,4,4,0,0,4,4,476,0,0,0,0,0
2020-11-04,US,Nebraska,Boone,180,0,0,41.70759415,-98.06737183,31011.0,3466.872110939907,0.0,180,177,0,0,177,171,5239,3,0,0,3,6
2020-11-04,US,Nebraska,Box Butte,293,1,0,42.22079243,-103.08788340000001,31013.0,2717.2401001576554,0.3412969283276451,292,283,1,0,282,280,10772,10,0,0,10,3
2020-11-04,US,Nebraska,Boyd,84,0,0,42.899727399999996,-98.76486568,31015.0,4377.279833246484,0.0,84,82,0,0,82,80,1955,2,0,0,2,2
2020-11-04,US,Nebraska,Brown,91,0,0,42.43018907,-99.92904055,31017.0,3079.5262267343487,0.0,91,86,0,0,86,86,2973,5,0,0,5,0
2020-11-04,US,Nebraska,Buffalo,2112,19,0,40.85486962,-99.07500296,31019.0,4253.005497492903,0.8996212121212122,2093,2066,19,0,2047,2020,49615,46,0,0,46,46
2020-11-04,US,Nebraska,Burt,181,1,0,41.85056773,-96.32605633,31021.0,2802.291376374052,0.5524861878453039,180,172,1,0,171,161,6488,9,0,0,9,11
2020-11-04,US,Nebraska,Butler,329,2,0,41.22703692,-97.13106306,31023.0,4104.291417165669,0.6079027355623101,327,317,2,0,315,310,8058,12,0,0,12,7
2020-11-04,US,Nebraska,Cass,654,4,0,40.90899107,-96.13971217,31025.0,2491.6184090216398,0.6116207951070336,650,633,4,0,629,618,26159,21,0,0,21,15
2020-11-04,US,Nebraska,Cedar,184,0,0,42.598885100000004,-97.25311951,31027.0,2189.954772673173,0.0,184,171,0,0,171,168,8446,13,0,0,13,3
2020-11-04,US,Nebraska,Chase,173,1,0,40.523719799999995,-101.69780259999999,31029.0,4408.766564729867,0.5780346820809249,172,167,0,0,167,165,3977,6,1,0,5,2
2020-11-04,US,Nebraska,Cherry,85,4,0,42.54502621,-101.1244332,31031.0,1494.1114431358762,4.705882352941177,81,83,4,0,79,82,5761,2,0,0,2,1
2020-11-04,US,Nebraska,Cheyenne,142,0,0,41.21999357,-102.9941693,31033.0,1593.7149270482605,0.0,142,138,0,0,138,132,9310,4,0,0,4,6
2020-11-04,US,Nebraska,Clay,214,1,0,40.52439441,-98.05126296,31035.0,3449.9435756891826,0.4672897196261682,213,209,1,0,208,202,6214,5,0,0,5,7
2020-11-04,US,Nebraska,Colfax,994,7,0,41.57486951,-97.0868542,31037.0,9281.912410122328,0.7042253521126759,987,987,7,0,980,974,10881,7,0,0,7,13
2020-11-04,US,Nebraska,Cuming,344,3,0,41.91637624,-96.78730772,31039.0,3888.763282839701,0.8720930232558141,341,338,3,0,335,329,8940,6,0,0,6,9
2020-11-04,US,Nebraska,Custer,270,5,0,41.39374521,-99.72805369,31041.0,2505.335436577897,1.851851851851852,265,262,5,0,257,253,10840,8,0,0,8,9
2020-11-04,US,Nebraska,Dakota,2644,49,0,42.39040144,-96.56656425,31043.0,13202.83631279337,1.8532526475037818,2595,2628,49,0,2579,2614,20083,16,0,0,16,14
2020-11-04,US,Nebraska,Dawes,286,5,0,42.71985036,-103.1313774,31045.0,3329.8404936546754,1.7482517482517483,281,273,5,0,268,272,8716,13,0,0,13,1
2020-11-04,US,Nebraska,Dawson,1416,15,0,40.87028216,-99.82014609999999,31047.0,6001.27145581691,1.0593220338983051,1401,1386,15,0,1371,1377,23709,30,0,0,30,9
2020-11-04,US,Nebraska,Deuel,15,0,0,41.11168186,-102.33333309999999,31049.0,836.1204013377928,0.0,15,15,0,0,15,15,1825,0,0,0,0,0
2020-11-04,US,Nebraska,Dixon,186,2,0,42.49188363,-96.86782408,31051.0,3300.2129169623845,1.075268817204301,184,179,2,0,177,173,5709,7,0,0,7,6
2020-11-04,US,Nebraska,Dodge,1883,21,0,41.58071748,-96.65598179,31053.0,5149.733351565705,1.1152416356877324,1862,1847,21,0,1826,1813,36791,36,0,0,36,34
2020-11-04,US,Nebraska,Douglas,24745,235,0,41.29518299,-96.15085305,31055.0,4331.144860999043,0.9496868054152354,24510,24260,233,0,24027,23894,566880,485,2,0,483,366
2020-11-04,US,Nebraska,Dundy,34,2,0,40.17638677,-101.6876522,31057.0,2008.2693443591254,5.882352941176472,32,33,1,0,32,33,1770,1,1,0,0,0
2020-11-04,US,Nebraska,Fillmore,154,2,0,40.52458567,-97.59646937,31059.0,2819.4800439399487,1.2987012987012987,152,134,2,0,132,129,5527,20,0,0,20,5
2020-11-04,US,Nebraska,Franklin,104,0,0,40.17636348,-98.95299073,31061.0,3491.1043974488084,0.0,104,102,0,0,102,94,3023,2,0,0,2,8
2020-11-04,US,Nebraska,Frontier,48,1,0,40.52993007,-100.3924658,31063.0,1827.179291968025,2.083333333333333,47,48,0,0,48,46,2608,0,1,0,-1,2
2020-11-04,US,Nebraska,Furnas,129,3,0,40.17642064,-99.91247454,31065.0,2758.7681779298546,2.3255813953488373,126,123,3,0,120,116,4715,6,0,0,6,7
2020-11-04,US,Nebraska,Gage,665,5,0,40.26186809,-96.68946704,31067.0,3091.1541858411188,0.7518796992481203,660,624,5,0,619,616,21493,41,0,0,41,8
2020-11-04,US,Nebraska,Garden,51,0,0,41.61703149,-102.3313973,31069.0,2776.2656505171476,0.0,51,49,0,0,49,48,1897,2,0,0,2,1
2020-11-04,US,Nebraska,Garfield,48,0,0,41.91428955,-98.99111827,31071.0,2437.785678009141,0.0,48,37,0,0,37,37,1987,11,0,0,11,0
2020-11-04,US,Nebraska,Gosper,69,0,0,40.51481965,-99.83020279,31073.0,3467.3366834170856,0.0,69,67,0,0,67,63,1996,2,0,0,2,4
2020-11-04,US,Nebraska,Grant,5,0,0,41.91528587,-101.740701,31075.0,802.5682182985554,0.0,5,5,0,0,5,5,660,0,0,0,0,0
2020-11-04,US,Nebraska,Greeley,53,0,0,41.56742671,-98.52150266,31077.0,2249.5755517826824,0.0,53,52,0,0,52,52,2356,1,0,0,1,0
2020-11-04,US,Nebraska,Hall,2940,52,0,40.87257079,-98.50218293,31079.0,4791.941714341598,1.7687074829931972,2888,2857,52,0,2805,2805,61607,83,0,0,83,52
2020-11-04,US,Nebraska,Hamilton,270,13,0,40.87349452,-98.02099117,31081.0,2895.752895752896,4.814814814814816,257,263,12,0,251,260,9280,7,1,0,6,3
2020-11-04,US,Nebraska,Harlan,69,0,0,40.17658508,-99.40438879,31083.0,2041.420118343196,0.0,69,68,0,0,68,66,3401,1,0,0,1,2
2020-11-04,US,Nebraska,Hayes,27,0,0,40.52451972,-101.0603568,31085.0,2928.416485900217,0.0,27,27,0,0,27,26,916,0,0,0,0,1
2020-11-04,US,Nebraska,Hitchcock,58,1,0,40.17609175,-101.04164770000001,31087.0,2099.927588703838,1.7241379310344829,57,56,0,0,56,55,2806,2,1,0,1,1
2020-11-04,US,Nebraska,Holt,356,5,0,42.45522056,-98.78402558,31089.0,3536.306744809775,1.404494382022472,351,340,5,0,335,338,10178,16,0,0,16,2
2020-11-04,US,Nebraska,Hooker,27,1,0,41.91586243,-101.1354293,31091.0,3958.9442815249267,3.703703703703704,26,25,1,0,24,25,682,2,0,0,2,0
2020-11-04,US,Nebraska,Howard,187,5,0,41.2200529,-98.5166499,31093.0,2901.4740108611327,2.6737967914438503,182,182,5,0,177,175,6468,5,0,0,5,7
2020-11-04,US,Nebraska,Jefferson,116,0,0,40.17584531,-97.142601,31095.0,1646.3241555492475,0.0,116,113,0,0,113,106,7097,3,0,0,3,7
2020-11-04,US,Nebraska,Johnson,125,0,0,40.39257596,-96.26522753,31097.0,2464.9970420035497,0.0,125,121,0,0,121,119,5134,4,0,0,4,2
2020-11-04,US,Nebraska,Kearney,281,0,0,40.50663314,-98.94877182,31099.0,4326.404926866821,0.0,281,270,0,0,270,267,6544,11,0,0,11,3
2020-11-04,US,Nebraska,Keith,129,0,0,41.19930341,-101.66201640000001,31101.0,1605.6758775205378,0.0,129,125,0,0,125,125,8021,4,0,0,4,0
2020-11-04,US,Nebraska,Keya Paha,10,0,0,42.87990694,-99.71343729,31103.0,1240.6947890818856,0.0,10,9,0,0,9,9,810,1,0,0,1,0
2020-11-04,US,Nebraska,Kimball,78,0,0,41.19774275,-103.7148131,31105.0,2147.577092511013,0.0,78,76,0,0,76,69,3618,2,0,0,2,7
2020-11-04,US,Nebraska,Knox,307,1,0,42.63758421,-97.89178836,31107.0,3684.589534325492,0.3257328990228013,306,301,1,0,300,296,8419,6,0,0,6,5
2020-11-04,US,Nebraska,Lancaster,10092,49,0,40.78416049,-96.68777155,31109.0,3162.744053401861,0.485533095521205,10043,9913,47,0,9866,9743,317272,179,2,0,177,170
2020-11-04,US,Nebraska,Lincoln,1148,8,0,41.04658298,-100.74753740000001,31111.0,3288.0792805178444,0.6968641114982579,1140,1090,8,0,1082,1052,35185,58,0,0,58,38
2020-11-04,US,Nebraska,Logan,12,0,0,41.56650314,-100.4817851,31113.0,1604.2780748663101,0.0,12,13,0,0,13,12,749,-1,0,0,-1,1
2020-11-04,US,Nebraska,Loup,9,0,0,41.91371961,-99.45440415,31115.0,1355.4216867469881,0.0,9,8,0,0,8,8,618,1,0,0,1,0
2020-11-04,US,Nebraska,Madison,1706,11,0,41.91676024,-97.6005481,31119.0,4860.5373372460745,0.6447831184056272,1695,1621,11,0,1610,1556,35392,85,0,0,85,65
2020-11-04,US,Nebraska,McPherson,11,0,0,41.56797682,-101.05993620000001,31117.0,2226.7206477732793,0.0,11,10,0,0,10,10,492,1,0,0,1,0
2020-11-04,US,Nebraska,Merrick,180,1,0,41.16624273,-98.0374887,31121.0,2321.0831721470017,0.5555555555555556,179,173,1,0,172,167,7733,7,0,0,7,6
2020-11-04,US,Nebraska,Morrill,147,0,0,41.71711774,-103.0061405,31123.0,3166.7384747953474,0.0,147,142,0,0,142,138,4686,5,0,0,5,4
2020-11-04,US,Nebraska,Nance,131,0,0,41.39750195,-97.99327291,31125.0,3722.648479681728,0.0,131,127,0,0,127,122,3532,4,0,0,4,5
2020-11-04,US,Nebraska,Nemaha,191,0,0,40.38514847,-95.85433992,31127.0,2739.5295467584624,0.0,191,184,0,0,184,178,6958,7,0,0,7,6
2020-11-04,US,Nebraska,Nuckolls,122,0,0,40.17637905,-98.04743961,31129.0,2941.1764705882347,0.0,122,118,0,0,118,114,4195,4,0,0,4,4
2020-11-04,US,Nebraska,Otoe,368,1,0,40.64843556,-96.13374142,31131.0,2298.276292780415,0.2717391304347826,367,351,1,0,350,347,15985,17,0,0,17,4
2020-11-04,US,Nebraska,Pawnee,35,0,0,40.13141096,-96.23705437,31133.0,1339.4565633371606,0.0,35,35,0,0,35,34,2632,0,0,0,0,1
2020-11-04,US,Nebraska,Perkins,54,10,0,40.85082525,-101.6502942,31135.0,1867.8657903839505,18.51851851851852,44,52,10,0,42,52,2929,2,0,0,2,0
2020-11-04,US,Nebraska,Phelps,336,2,0,40.51156033,-99.41461667,31137.0,3719.282709763117,0.5952380952380952,334,331,2,0,329,329,8996,5,0,0,5,2
2020-11-04,US,Nebraska,Pierce,267,11,0,42.26434853,-97.60122773,31139.0,3735.3105763850026,4.119850187265918,256,249,11,0,238,241,7142,18,0,0,18,8
2020-11-04,US,Nebraska,Platte,1868,7,0,41.57246836,-97.52144359,31141.0,5581.117418583806,0.3747323340471092,1861,1845,7,0,1838,1804,33363,23,0,0,23,41
2020-11-04,US,Nebraska,Polk,217,6,0,41.18813488,-97.56630712,31143.0,4162.670247458277,2.7649769585253456,211,212,6,0,206,208,5278,5,0,0,5,4
2020-11-04,US,Nebraska,Red Willow,309,0,0,40.17556879999999,-100.476998,31145.0,2881.3875419619544,0.0,309,297,0,0,297,288,10726,12,0,0,12,9
2020-11-04,US,Nebraska,Richardson,145,2,0,40.1247415,-95.71755036,31147.0,1843.6109345200248,1.3793103448275863,143,136,2,0,134,135,7937,9,0,0,9,1
2020-11-04,US,Nebraska,Rock,64,1,0,42.42252217,-99.44832069,31149.0,4716.285924834193,1.5625,63,61,1,0,60,59,1360,3,0,0,3,2
2020-11-04,US,Nebraska,Saline,1026,2,0,40.52418865,-97.14085859,31151.0,7213.160854893138,0.1949317738791423,1024,1015,2,0,1013,1008,14350,11,0,0,11,7
2020-11-04,US,Nebraska,Sarpy,6729,39,0,41.11314181,-96.11156432,31153.0,3594.628090343811,0.57958091841284,6690,6534,39,0,6495,6426,184459,195,0,0,195,108
2020-11-04,US,Nebraska,Saunders,780,4,0,41.227810299999994,-96.63773905,31155.0,3614.792844563908,0.5128205128205128,776,755,4,0,751,730,21303,25,0,0,25,25
2020-11-04,US,Nebraska,Scotts Bluff,1153,9,0,41.85070896,-103.70809859999999,31157.0,3237.1272951878263,0.7805724197745013,1144,1134,9,0,1125,1068,35989,19,0,0,19,66
2020-11-04,US,Nebraska,Seward,468,3,0,40.87241834,-97.139673,31159.0,2707.7065494098592,0.6410256410256411,465,451,3,0,448,443,17318,17,0,0,17,8
2020-11-04,US,Nebraska,Sheridan,160,0,0,42.50284406,-102.4126613,31161.0,3049.942813572245,0.0,160,148,0,0,148,148,5190,12,0,0,12,0
2020-11-04,US,Nebraska,Sherman,71,3,0,41.22045983,-98.97588642,31163.0,2365.8780406531155,4.225352112676056,68,71,3,0,68,68,3038,0,0,0,0,3
2020-11-04,US,Nebraska,Sioux,12,0,0,42.48932059,-103.7576544,31165.0,1029.1595197255574,0.0,12,12,0,0,12,12,1187,0,0,0,0,0
2020-11-04,US,Nebraska,Stanton,95,0,0,41.9169835,-97.19394708,31167.0,1604.7297297297296,0.0,95,91,0,0,91,89,5970,4,0,0,4,2
2020-11-04,US,Nebraska,Thayer,79,0,0,40.17626377,-97.59504381,31169.0,1579.052568458925,0.0,79,78,0,0,78,75,5039,1,0,0,1,3
2020-11-04,US,Nebraska,Thomas,16,0,0,41.91358968,-100.5556632,31171.0,2216.06648199446,0.0,16,15,0,0,15,15,720,1,0,0,1,0
2020-11-04,US,Nebraska,Thurston,370,4,0,42.15725356,-96.54157099,31173.0,5121.816168327796,1.0810810810810811,366,369,4,0,365,358,7303,1,0,0,1,11
2020-11-04,US,Nebraska,Unassigned,623,2,0,0.0,0.0,90031.0,0.0,0.3210272873194221,621,586,2,0,584,532,,37,0,0,37,54
2020-11-04,US,Nebraska,Valley,101,1,0,41.56730777,-98.98197724,31175.0,2429.052429052429,0.99009900990099,100,98,1,0,97,95,4190,3,0,0,3,3
2020-11-04,US,Nebraska,Washington,601,7,0,41.52815707,-96.22019892,31177.0,2899.3197935259777,1.1647254575707155,594,580,7,0,573,566,20667,21,0,0,21,14
2020-11-04,US,Nebraska,Wayne,417,2,0,42.20934475,-97.11926964,31179.0,4443.260522109749,0.4796163069544365,415,402,2,0,400,394,9403,15,0,0,15,8
2020-11-04,US,Nebraska,Webster,130,0,0,40.17642643,-98.50019851,31181.0,3728.1330656724977,0.0,130,128,0,0,128,125,3533,2,0,0,2,3
2020-11-04,US,Nebraska,Wheeler,5,0,0,41.91482725,-98.52798941,31183.0,638.5696040868455,0.0,5,5,0,0,5,4,805,0,0,0,0,1
2020-11-04,US,Nebraska,York,611,2,0,40.87272618,-97.59710186,31185.0,4466.7007822209225,0.3273322422258593,609,599,2,0,597,570,13772,12,0,0,12,29
2020-11-04,US,Nevada,Carson City,835,9,0,39.15509045,-119.7480219,32510.0,1493.311395664926,1.0778443113772456,826,821,9,0,812,808,55414,14,0,0,14,13
2020-11-04,US,Nevada,Churchill,284,4,0,39.58105744,-118.3394607,32001.0,1140.1501465333815,1.4084507042253518,280,271,4,0,267,246,24440,13,0,0,13,25
2020-11-04,US,Nevada,Clark,84872,1545,0,36.21458855,-115.0130241,32003.0,3744.273100058896,1.8203883495145632,83327,84129,1540,0,82589,83419,2231647,743,5,0,738,710
2020-11-04,US,Nevada,Douglas,440,1,0,38.912862,-119.61713329999999,32005.0,899.7035067988958,0.2272727272727273,439,436,1,0,435,429,48467,4,0,0,4,7
2020-11-04,US,Nevada,Elko,1610,14,0,41.14531606,-115.3577619,32007.0,3050.513471522225,0.8695652173913043,1596,1582,14,0,1568,1550,52460,28,0,0,28,32
2020-11-04,US,Nevada,Eureka,14,0,0,39.98100864,-116.26832040000001,32011.0,689.9950714637752,0.0,14,14,0,0,14,13,2003,0,0,0,0,1
2020-11-04,US,Nevada,Humboldt,190,4,0,41.40692186,-118.11094270000001,32013.0,1128.8693482264869,2.1052631578947367,186,186,4,0,182,186,16786,4,0,0,4,0
2020-11-04,US,Nevada,Lander,116,4,0,39.933223299999995,-117.03970749999999,32015.0,2096.8908170643526,3.4482758620689653,112,115,4,0,111,111,5575,1,0,0,1,4
2020-11-04,US,Nevada,Lincoln,50,0,0,37.64268459,-114.8790388,32017.0,964.6922631680493,0.0,50,49,0,0,49,49,5201,1,0,0,1,0
2020-11-04,US,Nevada,Lyon,638,14,0,39.01777974,-119.18704790000001,32019.0,1109.3722830812032,2.19435736677116,624,635,13,0,622,629,55808,3,1,0,2,6
2020-11-04,US,Nevada,Mineral,18,0,0,38.53841696,-118.4344506,32021.0,399.5560488346282,0.0,18,18,0,0,18,18,4514,0,0,0,0,0
2020-11-04,US,Nevada,Nye,742,17,0,38.04264256,-116.47227020000001,32023.0,1594.9100444941214,2.2911051212938007,725,734,16,0,718,730,45346,8,1,0,7,4
2020-11-04,US,Nevada,Pershing,24,0,0,40.44003782,-118.40056409999998,32027.0,356.8773234200744,0.0,24,24,0,0,24,24,6666,0,0,0,0,0
2020-11-04,US,Nevada,Storey,24,0,0,39.44875482,-119.5250207,32029.0,582.1004123211254,0.0,24,24,0,0,24,24,4029,0,0,0,0,0
2020-11-04,US,Nevada,Washoe,14109,201,0,40.66562265,-119.6631594,32031.0,2992.2442149733088,1.4246225813310651,13908,13860,201,0,13659,13752,465735,249,0,0,249,108
2020-11-04,US,Nevada,White Pine,127,1,0,39.44157041,-114.89996599999999,32033.0,1325.678496868476,0.7874015748031497,126,127,1,0,126,126,9475,0,0,0,0,1
2020-11-04,US,New Hampshire,Belknap,262,5,0,43.51637314,-71.41684235,33001.0,427.3852829388449,1.9083969465648856,257,259,5,0,254,253,61022,3,0,0,3,6
2020-11-04,US,New Hampshire,Carroll,166,2,0,43.87498583,-71.20430216,33003.0,339.3988959313024,1.2048192771084338,164,163,2,0,161,162,48779,3,0,0,3,1
2020-11-04,US,New Hampshire,Cheshire,220,3,0,42.92015988,-72.25311043,33005.0,289.1502924360912,1.3636363636363635,217,214,3,0,211,209,76493,6,0,0,6,5
2020-11-04,US,New Hampshire,Coos,127,0,0,44.69063265,-71.30633239,33007.0,402.36986344770776,0.0,127,116,0,0,116,98,31589,11,0,0,11,18
2020-11-04,US,New Hampshire,Grafton,277,1,0,43.93779815,-71.82057197,33009.0,308.16812406826426,0.36101083032490977,276,269,1,0,268,264,89786,8,0,0,8,5
2020-11-04,US,New Hampshire,Hillsborough,5714,323,0,42.91537785,-71.7200253,33011.0,1370.1816437863438,5.652782639131956,5391,5682,323,0,5359,5646,415247,32,0,0,32,36
2020-11-04,US,New Hampshire,Merrimack,988,30,0,43.29662971,-71.6811573,33013.0,652.6147525282216,3.0364372469635628,958,979,29,0,950,967,151132,9,1,0,8,12
2020-11-04,US,New Hampshire,Rockingham,2851,105,0,42.98499744,-71.12883377,33015.0,920.3632384131404,3.682918274289723,2746,2824,105,0,2719,2790,309176,27,0,0,27,34
2020-11-04,US,New Hampshire,Strafford,825,14,0,43.291833000000004,-71.02336013,33017.0,631.5402693040809,1.6969696969696968,811,807,14,0,793,800,130090,18,0,0,18,7
2020-11-04,US,New Hampshire,Sullivan,99,1,0,43.36094111,-72.22203125,33019.0,229.453483521068,1.0101010101010102,98,99,1,0,98,95,43144,0,0,0,0,4
2020-11-04,US,New Hampshire,Unassigned,34,0,0,0.0,0.0,90033.0,0.0,0.0,34,36,0,0,36,36,,-2,0,0,-2,0
2020-11-04,US,New Jersey,Atlantic,5524,269,0,39.47538693,-74.65848483,34001.0,2095.0430462320323,4.8696596669080385,5255,5454,266,0,5188,5387,265429,70,3,0,67,67
2020-11-04,US,New Jersey,Bergen,26065,2067,0,40.96010917,-74.07164325,34003.0,2796.067805046546,7.930174563591023,23998,25852,2064,0,23788,25677,936692,213,3,0,210,175
2020-11-04,US,New Jersey,Burlington,8961,519,0,39.87681124,-74.66927768,34005.0,2012.129812798502,5.791764312018747,8442,8851,519,0,8332,8794,445384,110,0,0,110,57
2020-11-04,US,New Jersey,Camden,12328,638,0,39.80343818,-74.96388753,34007.0,2434.097904914596,5.175210902011679,11690,12172,637,0,11535,12060,507078,156,1,0,155,112
2020-11-04,US,New Jersey,Cape May,1167,101,0,39.15008829,-74.80170244,34009.0,1267.9407642412457,8.654670094258782,1066,1161,101,0,1060,1153,92560,6,0,0,6,8
2020-11-04,US,New Jersey,Cumberland,4123,162,0,39.37199394,-75.10712559,34011.0,2757.361546744067,3.929177783167596,3961,4092,162,0,3930,4080,150972,31,0,0,31,12
2020-11-04,US,New Jersey,Essex,26053,2149,0,40.78681335,-74.24657979,34013.0,3260.802903720392,8.248570222239282,23904,25696,2148,0,23548,25437,799767,357,1,0,356,259
2020-11-04,US,New Jersey,Gloucester,5852,249,0,39.71581067,-75.13995546,34015.0,2006.6109808116971,4.254955570745045,5603,5778,249,0,5529,5713,291408,74,0,0,74,65
2020-11-04,US,New Jersey,Hudson,24103,1536,0,40.73766234,-74.07515667,34017.0,3584.6702290780213,6.372650707380824,22567,23917,1534,0,22383,23730,676061,186,2,0,184,187
2020-11-04,US,New Jersey,Hunterdon,1692,127,0,40.56335249,-74.91284156,34019.0,1360.4457630798174,7.505910165484632,1565,1663,127,0,1536,1643,124714,29,0,0,29,20
2020-11-04,US,New Jersey,Mercer,9624,642,0,40.28047017,-74.70479631,34021.0,2619.274419617342,6.670822942643392,8982,9535,641,0,8894,9479,369811,89,1,0,88,56
2020-11-04,US,New Jersey,Middlesex,23225,1451,0,40.43629879,-74.41426991,34023.0,2814.9399681478485,6.247578040904198,21774,22988,1450,0,21538,22804,829685,237,1,0,236,184
2020-11-04,US,New Jersey,Monmouth,14692,874,0,40.26549699,-74.22240686,34025.0,2374.2919706849602,5.948815682003811,13818,14583,873,0,13710,14499,621354,109,1,0,108,84
2020-11-04,US,New Jersey,Morris,9691,840,0,40.86095313,-74.54553709999998,34027.0,1970.3361831471293,8.667836136621608,8851,9549,839,0,8710,9448,494228,142,1,0,141,101
2020-11-04,US,New Jersey,Ocean,17180,1073,0,39.8895449,-74.28089251,34029.0,2829.4460017194074,6.2456344586728765,16107,17105,1073,0,16032,17034,601651,75,0,0,75,71
2020-11-04,US,New Jersey,Passaic,21734,1265,0,41.03238628,-74.29954144,34031.0,4330.983249174016,5.820373608171527,20469,21546,1263,0,20283,21383,503310,188,2,0,186,163
2020-11-04,US,New Jersey,Salem,1206,89,0,39.58719656,-75.34696629999998,34033.0,1933.1570088963688,7.379767827529021,1117,1198,89,0,1109,1195,62607,8,0,0,8,3
2020-11-04,US,New Jersey,Somerset,6726,597,0,40.56465737,-74.61683016,34035.0,2044.78710014775,8.876003568242641,6129,6663,595,0,6068,6614,331164,63,2,0,61,49
2020-11-04,US,New Jersey,Sussex,1801,198,0,41.13891592,-74.69118243,34037.0,1281.9600250555204,10.993892282065518,1603,1792,197,0,1595,1773,140799,9,1,0,8,19
2020-11-04,US,New Jersey,Unassigned,569,0,0,0.0,0.0,90034.0,0.0,0.0,569,550,0,0,550,624,,19,0,0,19,-74
2020-11-04,US,New Jersey,Union,21265,1374,0,40.65835409,-74.30680092,34039.0,3822.2960378616713,6.461321420173996,19891,21020,1373,0,19647,20820,558067,245,1,0,244,200
2020-11-04,US,New Jersey,Warren,1676,171,0,40.85951833,-74.99556527,34041.0,1592.141886821131,10.202863961813842,1505,1660,171,0,1489,1650,105779,16,0,0,16,10
2020-11-04,US,New Mexico,Bernalillo,12627,219,0,35.05163625,-106.6703554,35001.0,1859.3152030345111,1.7343787122832026,12408,12362,214,0,12148,12102,678701,265,5,0,260,260
2020-11-04,US,New Mexico,Catron,10,1,0,33.91514144,-108.4046587,35003.0,283.5270768358378,10.0,9,10,1,0,9,10,3578,0,0,0,0,0
2020-11-04,US,New Mexico,Chaves,2324,20,0,33.36406072,-104.4665365,35005.0,3596.688075524259,0.8605851979345955,2304,2287,20,0,2267,2180,64689,37,0,0,37,107
2020-11-04,US,New Mexico,Cibola,730,26,0,34.91131525,-107.998876,35006.0,2736.6447985004693,3.5616438356164384,704,694,25,0,669,676,26746,36,1,0,35,18
2020-11-04,US,New Mexico,Colfax,49,1,0,36.60569702,-104.64726740000002,35007.0,410.35089188510176,2.0408163265306123,48,48,1,0,47,46,12110,1,0,0,1,2
2020-11-04,US,New Mexico,Curry,1754,12,0,34.57421077,-103.34688759999999,35009.0,3582.9554275442247,0.6841505131128849,1742,1730,12,0,1718,1703,49437,24,0,0,24,27
2020-11-04,US,New Mexico,De Baca,2,0,0,34.34274529,-104.4117842,35011.0,114.41647597254006,0.0,2,3,0,0,3,3,1781,-1,0,0,-1,0
2020-11-04,US,New Mexico,Dona Ana,7492,90,0,32.35275771,-106.83293870000001,35013.0,3433.625885102775,1.201281366791244,7402,7299,86,0,7213,7029,217522,193,4,0,189,270
2020-11-04,US,New Mexico,Eddy,1663,24,0,32.47167456,-104.3053527,35015.0,2844.6801231611357,1.4431749849669273,1639,1610,24,0,1586,1591,57900,53,0,0,53,19
2020-11-04,US,New Mexico,Grant,220,4,0,32.73911281,-108.3827845,35017.0,814.8751759389585,1.818181818181818,216,215,4,0,211,209,27346,5,0,0,5,6
2020-11-04,US,New Mexico,Guadalupe,47,1,0,34.86319296,-104.790669,35019.0,1093.0232558139535,2.127659574468085,46,47,1,0,46,47,4341,0,0,0,0,0
2020-11-04,US,New Mexico,Harding,1,0,0,35.85751555,-103.82209379999999,35021.0,160.0,0.0,1,1,0,0,1,1,655,0,0,0,0,0
2020-11-04,US,New Mexico,Hidalgo,129,2,0,31.91383467,-108.7151824,35023.0,3072.891853263459,1.5503875968992251,127,127,2,0,125,127,4240,2,0,0,2,0
2020-11-04,US,New Mexico,Lea,2371,32,0,32.79215361,-103.4123733,35025.0,3336.1474602504572,1.3496415014761705,2339,2318,32,0,2286,2233,69611,53,0,0,53,85
2020-11-04,US,New Mexico,Lincoln,410,6,0,33.74526079,-105.4586166,35027.0,2094.829348048232,1.4634146341463414,404,405,6,0,399,398,19556,5,0,0,5,7
2020-11-04,US,New Mexico,Los Alamos,58,0,0,35.86631386,-106.31349850000001,35028.0,299.4475708606536,0.0,58,53,0,0,53,50,19101,5,0,0,5,3
2020-11-04,US,New Mexico,Luna,1250,13,0,32.18179341,-107.75088259999998,35029.0,5272.259479522544,1.04,1237,1215,12,0,1203,1179,23963,35,1,0,34,36
2020-11-04,US,New Mexico,McKinley,4860,262,0,35.58007720000001,-108.262245,35031.0,6809.870108033125,5.390946502057613,4598,4822,262,0,4560,4799,72290,38,0,0,38,23
2020-11-04,US,New Mexico,Mora,15,0,0,36.01095101,-104.9497716,35033.0,331.78500331785006,0.0,15,15,0,0,15,15,4506,0,0,0,0,0
2020-11-04,US,New Mexico,Otero,614,17,0,32.61348406,-105.7417604,35035.0,909.7644095421543,2.768729641693811,597,589,17,0,572,578,66781,25,0,0,25,11
2020-11-04,US,New Mexico,Quay,117,2,0,35.10403332,-103.54817270000001,35037.0,1417.6663031624869,1.709401709401709,115,114,2,0,112,113,8253,3,0,0,3,1
2020-11-04,US,New Mexico,Rio Arriba,574,15,0,36.51072137,-106.69316740000001,35039.0,1474.7822512268442,2.6132404181184667,559,558,15,0,543,549,39006,16,0,0,16,9
2020-11-04,US,New Mexico,Roosevelt,541,10,0,34.02097406,-103.4799493,35041.0,2924.3243243243237,1.8484288354898335,531,532,10,0,522,513,18743,9,0,0,9,19
2020-11-04,US,New Mexico,San Juan,3964,206,0,36.50838318,-108.32043700000001,35045.0,3197.857338776037,5.196770938446014,3758,3914,205,0,3709,3891,125043,50,1,0,49,23
2020-11-04,US,New Mexico,San Miguel,209,0,0,35.48014807,-104.8163562,35047.0,766.2132932507242,0.0,209,203,0,0,203,200,27591,6,0,0,6,3
2020-11-04,US,New Mexico,Sandoval,2236,50,0,35.68862401,-106.86878030000001,35043.0,1523.7004933627716,2.23613595706619,2186,2202,49,0,2153,2165,145179,34,1,0,33,37
2020-11-04,US,New Mexico,Santa Fe,2096,15,0,35.50708973,-105.9774716,35049.0,1394.0063049521807,0.7156488549618321,2081,2058,15,0,2043,1961,150056,38,0,0,38,97
2020-11-04,US,New Mexico,Sierra,141,1,0,33.13028233,-107.1925893,35051.0,1306.644425910481,0.7092198581560284,140,138,1,0,137,137,10968,3,0,0,3,1
2020-11-04,US,New Mexico,Socorro,289,16,0,34.00715494,-106.9298354,35053.0,1737.0920238023682,5.536332179930795,273,282,15,0,267,278,16735,7,1,0,6,4
2020-11-04,US,New Mexico,Taos,292,5,0,36.58006022,-105.63101979999999,35055.0,892.3387219998167,1.7123287671232876,287,273,5,0,268,272,32835,19,0,0,19,1
2020-11-04,US,New Mexico,Torrance,121,1,0,34.64048375,-105.8508949,35057.0,782.6143199016881,0.8264462809917356,120,120,1,0,119,119,15591,1,0,0,1,1
2020-11-04,US,New Mexico,Unassigned,1858,0,0,0.0,0.0,90035.0,0.0,0.0,1858,1830,0,0,1830,1789,,28,0,0,28,41
2020-11-04,US,New Mexico,Union,46,2,0,36.48126404,-103.4709624,35059.0,1133.2840601133285,4.3478260869565215,44,46,2,0,44,45,4118,0,0,0,0,1
2020-11-04,US,New Mexico,Valencia,1141,6,0,34.71669834,-106.8103733,35061.0,1487.8468600041724,0.5258545135845749,1135,1120,6,0,1114,1096,76456,21,0,0,21,24
2020-11-04,US,New York,Albany,3845,140,0,42.60060306,-73.97723916,36001.0,1258.5677531701504,3.641092327698309,3705,3802,140,0,3662,3771,307117,43,0,0,43,31
2020-11-04,US,New York,Allegany,379,8,0,42.25748406,-78.02750466,36003.0,822.2863465752533,2.1108179419525066,371,374,8,0,366,364,46430,5,0,0,5,10
2020-11-04,US,New York,Bronx,56292,5001,0,40.85209301,-73.86282755,36005.0,3969.237212903335,8.884033255169475,51291,56165,4997,0,51168,55999,1432132,127,4,0,123,166
2020-11-04,US,New York,Broome,3835,98,0,42.15903158,-75.81326086,36007.0,2013.2501784889332,2.555410691003911,3737,3789,98,0,3691,3759,191659,46,0,0,46,30
2020-11-04,US,New York,Cattaraugus,568,18,0,42.24778241,-78.67923096,36009.0,746.2196355610441,3.1690140845070425,550,562,18,0,544,550,76840,6,0,0,6,12
2020-11-04,US,New York,Cayuga,474,2,0,42.91261714,-76.55731592,36011.0,618.9928959465108,0.4219409282700422,472,465,2,0,463,456,77145,9,0,0,9,9
2020-11-04,US,New York,Chautauqua,1051,14,0,42.22769210000001,-79.36691763,36013.0,828.1916109154236,1.3320647002854424,1037,1040,14,0,1026,1023,127939,11,0,0,11,17
2020-11-04,US,New York,Chemung,1948,3,0,42.13891056,-76.7638805,36015.0,2334.164110429448,0.1540041067761807,1945,1923,3,0,1920,1890,84254,25,0,0,25,33
2020-11-04,US,New York,Chenango,432,7,0,42.49430041,-75.60887553,36017.0,915.1185205583918,1.6203703703703705,425,430,7,0,423,428,47536,2,0,0,2,2
2020-11-04,US,New York,Clinton,282,5,0,44.74530905,-73.67875352,36019.0,350.37584643101195,1.7730496453900708,277,279,5,0,274,273,80695,3,0,0,3,6
2020-11-04,US,New York,Columbia,763,38,0,42.24819348,-73.63089095,36021.0,1283.1940263365905,4.980340760157273,725,745,38,0,707,739,59916,18,0,0,18,6
2020-11-04,US,New York,Cortland,604,0,0,42.59509207,-76.07048931,36023.0,1269.4142619953345,0.0,604,598,0,0,598,592,47823,6,0,0,6,6
2020-11-04,US,New York,Delaware,205,7,0,42.19837623,-74.96709306,36025.0,464.48396963860876,3.414634146341464,198,197,7,0,190,193,44527,8,0,0,8,4
2020-11-04,US,New York,Dutchess,5642,165,0,41.76486060000001,-73.74356679,36027.0,1917.625706109076,2.9244948599787315,5477,5612,165,0,5447,5585,293718,30,0,0,30,27
2020-11-04,US,New York,Erie,13908,717,0,42.76249024,-78.73063652,36029.0,1513.8750106127993,5.155306298533218,13191,13748,717,0,13031,13584,919719,160,0,0,160,164
2020-11-04,US,New York,Essex,210,0,0,44.11630765,-73.77297842,36031.0,569.3371289141927,0.0,210,207,0,0,207,204,37300,3,0,0,3,3
2020-11-04,US,New York,Franklin,96,0,0,44.59040891,-74.29926032,36033.0,191.91555715485183,0.0,96,96,0,0,96,88,50293,0,0,0,0,8
2020-11-04,US,New York,Fulton,369,24,0,43.11363907,-74.41798804,36035.0,691.2312908603863,6.5040650406504055,345,368,24,0,344,367,53591,1,0,0,1,1
2020-11-04,US,New York,Genesee,428,5,0,43.0022601,-78.19135193,36037.0,747.2067039106146,1.1682242990654206,423,420,5,0,415,413,57511,8,0,0,8,7
2020-11-04,US,New York,Greene,523,18,0,42.275797,-74.12384884,36039.0,1108.3326269390525,3.4416826003824093,505,518,18,0,500,517,47491,5,0,0,5,1
2020-11-04,US,New York,Hamilton,19,0,0,43.66146647,-74.49721957,36041.0,430.2536231884058,0.0,19,19,0,0,19,19,4434,0,0,0,0,0
2020-11-04,US,New York,Herkimer,418,10,0,43.42034246,-74.96145307,36043.0,681.6810450268271,2.392344497607656,408,414,10,0,404,407,61833,4,0,0,4,7
2020-11-04,US,New York,Jefferson,241,0,0,44.04200959,-75.94653457,36045.0,219.42203689203708,0.0,241,237,0,0,237,231,111755,4,0,0,4,6
2020-11-04,US,New York,Kings,76988,7414,0,40.636182500000004,-73.94935552,36047.0,3007.457704452083,9.630072219047124,69574,76663,7409,0,69254,76446,2582830,325,5,0,320,217
2020-11-04,US,New York,Lewis,165,0,0,43.784415700000004,-75.44903992,36049.0,627.4718588378462,0.0,165,155,0,0,155,153,26447,10,0,0,10,2
2020-11-04,US,New York,Livingston,368,8,0,42.72596275,-77.77966158,36051.0,584.9254537940682,2.1739130434782608,360,359,8,0,351,356,63227,9,0,0,9,3
2020-11-04,US,New York,Madison,609,17,0,42.91653905,-75.67266639,36053.0,858.4598469150418,2.7914614121510675,592,601,17,0,584,597,70795,8,0,0,8,4
2020-11-04,US,New York,Monroe,8025,300,0,43.14638895,-77.69322942,36055.0,1081.8717392183564,3.7383177570093458,7725,7923,300,0,7623,7817,742474,102,0,0,102,106
2020-11-04,US,New York,Montgomery,283,4,0,42.90123494,-74.44011632,36057.0,574.9578431970093,1.413427561837456,279,281,4,0,277,276,49455,2,0,0,2,5
2020-11-04,US,New York,Nassau,50702,2216,0,40.74066522,-73.58941873,36059.0,3736.539408249836,4.370636266813931,48486,50602,2216,0,48386,50407,1358343,100,0,0,100,195
2020-11-04,US,New York,New York,37100,3200,0,40.76727260000001,-73.97152637,36061.0,2277.8819504563744,8.625336927223719,33900,36980,3200,0,33780,36814,,120,0,0,120,166
2020-11-04,US,New York,Niagara,2191,102,0,43.19898042,-78.74777412,36063.0,1046.9177804005142,4.655408489274304,2089,2166,102,0,2064,2155,210433,25,0,0,25,11
2020-11-04,US,New York,Oneida,2917,129,0,43.24375382,-75.43710392,36065.0,1275.6318028958635,4.422351731230717,2788,2896,129,0,2767,2867,229577,21,0,0,21,29
2020-11-04,US,New York,Onondaga,6001,212,0,43.00491923,-76.19971155,36067.0,1303.0695202028976,3.5327445425762374,5789,5881,212,0,5669,5795,461809,120,0,0,120,86
2020-11-04,US,New York,Ontario,745,35,0,42.85145728,-77.30874425,36069.0,678.6485329349499,4.697986577181208,710,736,35,0,701,721,109864,9,0,0,9,15
2020-11-04,US,New York,Orange,14055,507,0,41.40337468,-74.30240757,36071.0,3651.2183716942895,3.6072572038420487,13548,13998,507,0,13491,13933,381951,57,0,0,57,65
2020-11-04,US,New York,Orleans,421,54,0,43.2516977,-78.2320066,36073.0,1043.3187946074543,12.826603325415675,367,418,54,0,364,415,40612,3,0,0,3,3
2020-11-04,US,New York,Oswego,678,4,0,43.42778894,-76.14635194,36075.0,578.8736723472558,0.5899705014749262,674,669,4,0,665,661,117898,9,0,0,9,8
2020-11-04,US,New York,Otsego,433,5,0,42.63492579,-75.03151402,36077.0,727.8167179332022,1.1547344110854505,428,422,5,0,417,422,59749,11,0,0,11,0
2020-11-04,US,New York,Putnam,1883,63,0,41.42630093,-73.74965532,36079.0,1915.1749389747765,3.3457249070631967,1820,1874,63,0,1811,1869,98892,9,0,0,9,5
2020-11-04,US,New York,Queens,78187,7299,0,40.71088124,-73.81684712,36081.0,3469.0295484453773,9.335311496796145,70888,78013,7298,0,70715,77834,2278906,174,1,0,173,179
2020-11-04,US,New York,Rensselaer,1142,42,0,42.71348136,-73.51089874,36083.0,719.5332484846957,3.6777583187390537,1100,1135,42,0,1093,1131,159442,7,0,0,7,4
2020-11-04,US,New York,Richmond,17826,1098,0,40.58582155,-74.14808598,36085.0,3743.83326017604,6.159542241669471,16728,17777,1097,0,16680,17703,476179,49,1,0,48,74
2020-11-04,US,New York,Rockland,18581,684,0,41.15027894,-74.02560498,36087.0,5703.384706052077,3.681179699693235,17897,18466,684,0,17782,18353,325695,115,0,0,115,113
2020-11-04,US,New York,Saratoga,1458,17,0,43.10904162,-73.86653895,36091.0,634.2908602080371,1.1659807956104251,1441,1448,17,0,1431,1438,230163,10,0,0,10,10
2020-11-04,US,New York,Schenectady,1650,50,0,42.81668777,-74.05278291,36093.0,1062.466596694119,3.0303030303030303,1600,1644,50,0,1594,1631,155350,6,0,0,6,13
2020-11-04,US,New York,Schoharie,117,0,0,42.58831742,-74.44339029999998,36095.0,377.4315300493564,0.0,117,116,0,0,116,116,31097,1,0,0,1,0
2020-11-04,US,New York,Schuyler,164,0,0,42.39184015,-76.8773299,36097.0,920.9861290503734,0.0,164,159,0,0,159,155,17912,5,0,0,5,4
2020-11-04,US,New York,Seneca,155,3,0,42.78081007,-76.82497064,36099.0,455.6679209783631,1.935483870967742,152,154,3,0,151,152,34300,1,0,0,1,2
2020-11-04,US,New York,St. Lawrence,442,4,0,44.4976179,-75.06550039,36089.0,410.2468906627065,0.9049773755656108,438,436,4,0,432,428,108047,6,0,0,6,8
2020-11-04,US,New York,Steuben,1145,57,0,42.2689144,-77.3829924,36101.0,1200.4738988666268,4.978165938864628,1088,1131,57,0,1074,1109,95796,14,0,0,14,22
2020-11-04,US,New York,Suffolk,49854,2021,0,40.88320119,-72.8012172,36103.0,3376.26752250608,4.053837204637541,47833,49780,2021,0,47759,49604,1481093,74,0,0,74,176
2020-11-04,US,New York,Sullivan,1852,48,0,41.71579493,-74.76394559,36105.0,2455.191430692544,2.591792656587473,1804,1837,48,0,1789,1825,75498,15,0,0,15,12
2020-11-04,US,New York,Tioga,750,30,0,42.16852837,-76.30835812,36107.0,1555.9197560317825,4.0,720,732,30,0,702,717,48560,18,0,0,18,15
2020-11-04,US,New York,Tompkins,664,0,0,42.44945765,-76.47229843,36109.0,649.8336269328636,0.0,664,660,0,0,660,659,102793,4,0,0,4,1
2020-11-04,US,New York,Ulster,2575,95,0,41.89027881,-74.26252104,36111.0,1450.1078429716226,3.6893203883495143,2480,2568,95,0,2473,2559,178599,7,0,0,7,9
2020-11-04,US,New York,Unassigned,0,22,0,0.0,0.0,90036.0,0.0,0.0,-22,0,20,0,-20,0,,0,2,0,-2,0
2020-11-04,US,New York,Warren,471,33,0,43.56173026,-73.8433699,36113.0,736.5820092581007,7.0063694267515935,438,470,33,0,437,469,64265,1,0,0,1,1
2020-11-04,US,New York,Washington,358,14,0,43.31153794,-73.43043448,36115.0,584.9290896019868,3.910614525139665,344,356,14,0,342,353,61197,2,0,0,2,3
2020-11-04,US,New York,Wayne,602,5,0,43.15494365,-77.02976528,36117.0,669.4988767543762,0.8305647840531561,597,588,5,0,583,573,90064,14,0,0,14,15
2020-11-04,US,New York,Westchester,41360,1472,0,41.16278376,-73.75741653,36119.0,4274.9088894539145,3.5589941972920696,39888,41226,1472,0,39754,41061,967612,134,0,0,134,165
2020-11-04,US,New York,Wyoming,219,5,0,42.70145109,-78.22199579,36121.0,549.4367645951979,2.2831050228310503,214,216,5,0,211,205,40085,3,0,0,3,11
2020-11-04,US,New York,Yates,147,7,0,42.63505484,-77.10369919,36123.0,590.0533857825233,4.761904761904762,140,145,7,0,138,137,24841,2,0,0,2,8
2020-11-04,US,North Carolina,Alamance,5493,89,0,36.0434701,-79.39976137,37001.0,3240.5359007486327,1.6202439468414345,5404,5464,88,0,5376,5437,166436,29,1,0,28,27
2020-11-04,US,North Carolina,Alexander,1024,10,0,35.922379600000006,-81.17751948,37003.0,2730.885137477665,0.9765625,1014,1009,10,0,999,980,37353,15,0,0,15,29
2020-11-04,US,North Carolina,Alleghany,326,1,0,36.49360862,-81.12857041,37005.0,2927.1796713657177,0.3067484662576687,325,326,1,0,325,319,11161,0,0,0,0,7
2020-11-04,US,North Carolina,Anson,747,12,0,34.97403241,-80.09953279,37007.0,3055.714636341323,1.606425702811245,735,742,11,0,731,739,24877,5,1,0,4,3
2020-11-04,US,North Carolina,Ashe,513,3,0,36.43296207,-81.49862729,37009.0,1885.821416755505,0.5847953216374269,510,507,3,0,504,496,27109,6,0,0,6,11
2020-11-04,US,North Carolina,Avery,668,2,0,36.07569796,-81.92308483,37011.0,3804.750242068691,0.2994011976047904,666,666,2,0,664,648,17505,2,0,0,2,18
2020-11-04,US,North Carolina,Beaufort,1453,46,0,35.48531943,-76.84325809,37013.0,3091.884070306848,3.165863730213352,1407,1450,46,0,1404,1442,47079,3,0,0,3,8
2020-11-04,US,North Carolina,Bertie,743,21,0,36.0688473,-76.96545943,37015.0,3921.465139599937,2.826379542395693,722,740,21,0,719,737,19026,3,0,0,3,3
2020-11-04,US,North Carolina,Bladen,1121,19,0,34.61296243,-78.56180059,37017.0,3425.8297170099627,1.6949152542372878,1102,1106,19,0,1087,1104,33190,15,0,0,15,2
2020-11-04,US,North Carolina,Brunswick,2296,52,0,34.070565,-78.22814204,37019.0,1607.6179806749756,2.264808362369338,2244,2271,52,0,2219,2257,136744,25,0,0,25,14
2020-11-04,US,North Carolina,Buncombe,4385,109,0,35.61113393,-82.53305,37021.0,1678.8480460659055,2.485746864310148,4276,4360,109,0,4251,4321,259103,25,0,0,25,39
2020-11-04,US,North Carolina,Burke,2869,53,0,35.74989637,-81.70755735,37023.0,3170.691274796928,1.8473335657023355,2816,2840,52,0,2788,2810,90382,29,1,0,28,30
2020-11-04,US,North Carolina,Cabarrus,5189,95,0,35.3877799,-80.55267168,37025.0,2397.2871708869825,1.8307959144343804,5094,5153,95,0,5058,5098,211342,36,0,0,36,55
2020-11-04,US,North Carolina,Caldwell,2758,19,0,35.95204977,-81.54799522,37027.0,3356.129377692326,0.6889050036258159,2739,2744,19,0,2725,2703,82029,14,0,0,14,41
2020-11-04,US,North Carolina,Camden,144,3,0,36.33804939,-76.15568396,37029.0,1325.1127266034784,2.083333333333333,141,144,3,0,141,144,10710,0,0,0,0,0
2020-11-04,US,North Carolina,Carteret,1248,5,0,34.8932941,-76.54120135,37031.0,1796.3813279979272,0.4006410256410257,1243,1232,5,0,1227,1208,69524,16,0,0,16,24
2020-11-04,US,North Carolina,Caswell,655,5,0,36.39312665,-79.33353281,37033.0,2897.717218191471,0.7633587786259542,650,657,5,0,652,648,22698,-2,0,0,-2,9
2020-11-04,US,North Carolina,Catawba,4880,62,0,35.66211129,-81.2132617,37035.0,3058.5831489617744,1.2704918032786885,4818,4847,62,0,4785,4739,158652,33,0,0,33,108
2020-11-04,US,North Carolina,Chatham,2002,62,0,35.70394416,-79.25541492,37037.0,2688.3308714918758,3.0969030969030964,1940,1996,61,0,1935,1982,73139,6,1,0,5,14
2020-11-04,US,North Carolina,Cherokee,798,15,0,35.1349263,-84.05970864,37039.0,2789.0395638193763,1.8796992481203008,783,794,15,0,779,785,28383,4,0,0,4,9
2020-11-04,US,North Carolina,Chowan,546,15,0,36.12908077,-76.60118385,37041.0,3915.9434841856128,2.7472527472527477,531,544,13,0,531,538,14029,2,2,0,0,6
2020-11-04,US,North Carolina,Clay,249,3,0,35.05704275,-83.74353633,37043.0,2217.077731279495,1.2048192771084338,246,248,3,0,245,244,11139,1,0,0,1,4
2020-11-04,US,North Carolina,Cleveland,3427,88,0,35.33553364,-81.55204486,37045.0,3498.831000439013,2.5678435949810328,3339,3403,87,0,3316,3365,97645,24,1,0,23,38
2020-11-04,US,North Carolina,Columbus,1815,64,0,34.26744084,-78.65801424,37047.0,3269.798947899402,3.526170798898072,1751,1796,63,0,1733,1790,55655,19,1,0,18,6
2020-11-04,US,North Carolina,Craven,2485,63,0,35.11833364,-77.08398081,37049.0,2432.959006843615,2.5352112676056344,2422,2465,62,0,2403,2441,102912,20,1,0,19,24
2020-11-04,US,North Carolina,Cumberland,7484,102,0,35.04762133,-78.82623165,37051.0,2230.6406087467103,1.3629075360769642,7382,7397,102,0,7295,7348,332330,87,0,0,87,49
2020-11-04,US,North Carolina,Currituck,232,4,0,36.36123664,-75.95876401,37053.0,835.6445629074667,1.7241379310344829,228,232,4,0,228,227,27072,0,0,0,0,5
2020-11-04,US,North Carolina,Dare,400,3,0,35.66520691,-75.71767334,37055.0,1080.8181793617766,0.75,397,396,3,0,393,385,36501,4,0,0,4,11
2020-11-04,US,North Carolina,Davidson,3935,46,0,35.79115496,-80.21256572,37057.0,2347.725957436653,1.1689961880559083,3889,3910,44,0,3866,3884,166614,25,2,0,23,26
2020-11-04,US,North Carolina,Davie,812,8,0,35.93099927,-80.54496571,37059.0,1895.159408112776,0.9852216748768472,804,803,8,0,795,799,42733,9,0,0,9,4
2020-11-04,US,North Carolina,Duplin,2905,54,0,34.93449805,-77.93140529,37061.0,4945.438450145554,1.8588640275387265,2851,2886,54,0,2832,2862,58856,19,0,0,19,24
2020-11-04,US,North Carolina,Durham,9458,102,0,36.03638492,-78.87608331,37063.0,2941.94495595481,1.0784521040389088,9356,9369,102,0,9267,9309,316739,89,0,0,89,60
2020-11-04,US,North Carolina,Edgecombe,2114,61,0,35.91230639,-77.59436892,37065.0,4107.0873484612985,2.8855250709555347,2053,2094,61,0,2033,2068,52005,20,0,0,20,26
2020-11-04,US,North Carolina,Forsyth,9436,125,0,36.12859861,-80.25459052,37067.0,2468.2509580297933,1.32471386180585,9311,9336,121,0,9215,9289,379099,100,4,0,96,47
2020-11-04,US,North Carolina,Franklin,1528,32,0,36.081519,-78.28708884,37069.0,2192.724402669154,2.094240837696335,1496,1510,32,0,1478,1509,67560,18,0,0,18,1
2020-11-04,US,North Carolina,Gaston,8034,143,0,35.29373559,-81.17477045,37071.0,3578.1569418649706,1.779935275080906,7891,7970,141,0,7829,7910,222846,64,2,0,62,60
2020-11-04,US,North Carolina,Gates,172,3,0,36.44667547,-76.69749701,37073.0,1487.6318975955717,1.7441860465116281,169,170,3,0,167,169,11573,2,0,0,2,1
2020-11-04,US,North Carolina,Graham,253,9,0,35.3506925,-83.83369267,37075.0,2997.275204359673,3.5573122529644268,244,253,8,0,245,252,8484,0,1,0,-1,1
2020-11-04,US,North Carolina,Granville,2100,51,0,36.30337451,-78.65184241,37077.0,3474.347732574492,2.4285714285714284,2049,2138,51,0,2087,2080,60115,-38,0,0,-38,58
2020-11-04,US,North Carolina,Greene,985,15,0,35.48544173,-77.67578087,37079.0,4675.115098011296,1.5228426395939083,970,980,15,0,965,975,21012,5,0,0,5,5
2020-11-04,US,North Carolina,Guilford,12272,213,0,36.07959451,-79.78824948,37081.0,2284.5483958642817,1.7356584093872232,12059,12173,211,0,11962,12027,533670,99,2,0,97,146
2020-11-04,US,North Carolina,Halifax,1526,29,0,36.25669272,-77.6556109,37083.0,3051.389722055589,1.9003931847968545,1497,1511,28,0,1483,1488,50574,15,1,0,14,23
2020-11-04,US,North Carolina,Harnett,3122,72,0,35.36731853,-78.87243571,37085.0,2295.993410601871,2.3062139654067906,3050,3088,72,0,3016,3072,134214,34,0,0,34,16
2020-11-04,US,North Carolina,Haywood,772,36,0,35.55269063,-82.98196486,37087.0,1238.8272862942695,4.66321243523316,736,766,36,0,730,754,61971,6,0,0,6,12
2020-11-04,US,North Carolina,Henderson,2612,67,0,35.33788927,-82.4766782,37089.0,2224.550107735677,2.565084226646248,2545,2596,67,0,2529,2578,116748,16,0,0,16,18
2020-11-04,US,North Carolina,Hertford,873,35,0,36.3607755,-76.98104134,37091.0,3687.122523968408,4.009163802978236,838,870,35,0,835,865,23659,3,0,0,3,5
2020-11-04,US,North Carolina,Hoke,1620,25,0,35.01888303,-79.23651674,37093.0,2932.9760654669226,1.5432098765432098,1595,1608,25,0,1583,1604,54764,12,0,0,12,4
2020-11-04,US,North Carolina,Hyde,177,5,0,35.42017674,-76.15180542,37095.0,3585.173182094389,2.824858757062147,172,177,5,0,172,175,5230,0,0,0,0,2
2020-11-04,US,North Carolina,Iredell,4084,34,0,35.80950511,-80.8743128,37097.0,2246.3505054838674,0.8325171400587659,4050,4035,34,0,4001,3990,178435,49,0,0,49,45
2020-11-04,US,North Carolina,Jackson,1149,7,0,35.28814273,-83.14093385,37099.0,2615.0484773999733,0.6092254134029591,1142,1134,7,0,1127,1120,43327,15,0,0,15,14
2020-11-04,US,North Carolina,Johnston,5962,66,0,35.51745004,-78.36622717,37101.0,2848.012076106221,1.1070110701107012,5896,5926,66,0,5860,5878,202675,36,0,0,36,48
2020-11-04,US,North Carolina,Jones,206,15,0,35.02254606,-77.35870791,37103.0,2187.068690943837,7.281553398058253,191,203,15,0,188,204,9637,3,0,0,3,-1
2020-11-04,US,North Carolina,Lee,2189,22,0,35.47623147,-79.17569362,37105.0,3543.275222972208,1.0050251256281406,2167,2173,22,0,2151,2164,61452,16,0,0,16,9
2020-11-04,US,North Carolina,Lenoir,1563,42,0,35.24032589999999,-77.64245615,37107.0,2793.615614220093,2.687140115163148,1521,1556,42,0,1514,1550,55976,7,0,0,7,6
2020-11-04,US,North Carolina,Lincoln,2610,16,0,35.48508185,-81.21740317,37109.0,3030.971652866649,0.6130268199233716,2594,2588,16,0,2572,2568,83770,22,0,0,22,20
2020-11-04,US,North Carolina,Macon,783,7,0,35.14867843,-83.41696617,37113.0,2183.6131407217363,0.8939974457215837,776,778,7,0,771,775,35285,5,0,0,5,3
2020-11-04,US,North Carolina,Madison,311,5,0,35.85402722,-82.71346418,37115.0,1429.5564238106185,1.6077170418006432,306,309,5,0,304,304,21763,2,0,0,2,5
2020-11-04,US,North Carolina,Martin,688,20,0,35.84326734,-77.10860251,37117.0,3065.9536541889483,2.9069767441860463,668,680,20,0,660,674,22671,8,0,0,8,6
2020-11-04,US,North Carolina,McDowell,1407,34,0,35.67736232,-82.0482425,37111.0,3075.0065565171776,2.4164889836531627,1373,1392,33,0,1359,1385,45507,15,1,0,14,7
2020-11-04,US,North Carolina,Mecklenburg,35390,400,0,35.24469268,-80.8317671,37119.0,3187.266066018466,1.1302627860977676,34990,35076,398,0,34678,34871,1093901,314,2,0,312,205
2020-11-04,US,North Carolina,Mitchell,282,4,0,36.01059309,-82.1582442,37121.0,1884.522854851644,1.4184397163120568,278,257,4,0,253,249,15000,25,0,0,25,8
2020-11-04,US,North Carolina,Montgomery,1228,38,0,35.33155144,-79.90416657,37123.0,4519.1918448459855,3.0944625407166124,1190,1223,38,0,1185,1218,27271,5,0,0,5,5
2020-11-04,US,North Carolina,Moore,2354,50,0,35.30885257,-79.48474178,37125.0,2333.4655035685964,2.1240441801189465,2304,2335,46,0,2289,2324,98682,19,4,0,15,11
2020-11-04,US,North Carolina,Nash,3642,83,0,35.96575634,-77.98422508,37127.0,3862.224013234639,2.2789676002196595,3559,3612,83,0,3529,3569,94016,30,0,0,30,43
2020-11-04,US,North Carolina,New Hanover,5551,40,0,34.25758282,-77.87075626,37129.0,2367.436762441731,0.7205908845253107,5511,5517,40,0,5477,5468,232274,34,0,0,34,49
2020-11-04,US,North Carolina,Northampton,602,22,0,36.41736238,-77.39769443,37131.0,3089.8732228096287,3.6544850498338866,580,594,22,0,572,586,19676,8,0,0,8,8
2020-11-04,US,North Carolina,Onslow,3695,32,0,34.72607366,-77.42908179,37133.0,1866.7461528357364,0.8660351826792964,3663,3615,32,0,3583,3551,197683,80,0,0,80,64
2020-11-04,US,North Carolina,Orange,3213,59,0,36.06092947,-79.12167935,37135.0,2163.9860987634365,1.8362900715841888,3154,3191,59,0,3132,3174,146027,22,0,0,22,17
2020-11-04,US,North Carolina,Pamlico,334,3,0,35.15253315,-76.66559823,37137.0,2624.5481691026243,0.8982035928143712,331,331,3,0,328,330,12670,3,0,0,3,1
2020-11-04,US,North Carolina,Pasquotank,909,35,0,36.26723798,-76.25134778,37139.0,2282.543190036159,3.8503850385038505,874,908,35,0,873,907,39639,1,0,0,1,1
2020-11-04,US,North Carolina,Pender,1486,17,0,34.52265624,-77.90352133,37141.0,2356.485886457342,1.1440107671601616,1469,1470,17,0,1453,1461,62162,16,0,0,16,9
2020-11-04,US,North Carolina,Perquimans,266,4,0,36.17847453,-76.40603143,37143.0,1975.7854861472185,1.5037593984962403,262,264,4,0,260,261,13422,2,0,0,2,3
2020-11-04,US,North Carolina,Person,734,10,0,36.38989032,-78.97217358,37145.0,1858.6984046594073,1.3623978201634876,724,730,10,0,720,716,39507,4,0,0,4,14
2020-11-04,US,North Carolina,Pitt,6445,41,0,35.59535426,-77.37353178,37147.0,3565.856303460181,0.6361520558572537,6404,6372,41,0,6331,6332,179914,73,0,0,73,40
2020-11-04,US,North Carolina,Polk,410,13,0,35.27820615,-82.16812354,37149.0,1978.3825516309594,3.1707317073170733,397,409,12,0,397,410,20611,1,1,0,0,-1
2020-11-04,US,North Carolina,Randolph,4081,68,0,35.71015088,-79.80570339,37151.0,2840.596657548359,1.6662582700318551,4013,4055,66,0,3989,3983,143351,26,2,0,24,72
2020-11-04,US,North Carolina,Richmond,1500,34,0,35.00417719,-79.74491009,37153.0,3346.048316937697,2.2666666666666666,1466,1480,31,0,1449,1477,44887,20,3,0,17,3
2020-11-04,US,North Carolina,Robeson,6309,101,0,34.64244496,-79.10250529999998,37155.0,4829.856459330144,1.60088762085909,6208,6258,97,0,6161,6207,131831,51,4,0,47,51
2020-11-04,US,North Carolina,Rockingham,2211,19,0,36.39593137,-79.77504841,37157.0,2429.4033622678826,0.8593396653098145,2192,2202,19,0,2183,2163,90690,9,0,0,9,39
2020-11-04,US,North Carolina,Rowan,4354,119,0,35.64003916,-80.52446628,37159.0,3064.2981814087043,2.733118971061093,4235,4320,119,0,4201,4296,141262,34,0,0,34,24
2020-11-04,US,North Carolina,Rutherford,1829,66,0,35.40114178,-81.92112099,37161.0,2728.669680287637,3.6085292509568063,1763,1821,64,0,1757,1818,66826,8,2,0,6,3
2020-11-04,US,North Carolina,Sampson,2940,31,0,34.98820368,-78.36914061,37163.0,4627.662086225622,1.054421768707483,2909,2896,31,0,2865,2875,63626,44,0,0,44,21
2020-11-04,US,North Carolina,Scotland,1701,29,0,34.8386299,-79.4757978,37165.0,4884.702639060391,1.7048794826572604,1672,1682,29,0,1653,1674,34810,19,0,0,19,8
2020-11-04,US,North Carolina,Stanly,2499,74,0,35.31647813,-80.25093221,37167.0,3978.919211540299,2.961184473789516,2425,2488,74,0,2414,2482,62075,11,0,0,11,6
2020-11-04,US,North Carolina,Stokes,747,13,0,36.4017975,-80.23893369,37169.0,1638.481279199842,1.7402945113788488,734,730,13,0,717,726,45467,17,0,0,17,4
2020-11-04,US,North Carolina,Surry,2050,36,0,36.41689489,-80.69102283,37171.0,2855.8293746430213,1.7560975609756098,2014,2021,35,0,1986,2009,71948,29,1,0,28,12
2020-11-04,US,North Carolina,Swain,308,5,0,35.48665845,-83.48748932,37173.0,2158.2229696587483,1.6233766233766234,303,302,5,0,297,299,14245,6,0,0,6,3
2020-11-04,US,North Carolina,Transylvania,445,9,0,35.20383864,-82.79638423,37175.0,1294.168969027192,2.02247191011236,436,441,9,0,432,435,34215,4,0,0,4,6
2020-11-04,US,North Carolina,Tyrrell,132,3,0,35.87147226,-76.17055253,37177.0,3286.8525896414344,2.272727272727273,129,132,3,0,129,132,4131,0,0,0,0,0
2020-11-04,US,North Carolina,Union,6233,66,0,34.98960527,-80.52955873,37179.0,2598.6100167181553,1.0588801540189314,6167,6163,65,0,6098,6100,235908,70,1,0,69,63
2020-11-04,US,North Carolina,Vance,1265,47,0,36.36880673,-78.40670845,37181.0,2840.462557539014,3.7154150197628457,1218,1254,47,0,1207,1245,44582,11,0,0,11,9
2020-11-04,US,North Carolina,Wake,22303,277,0,35.78879266,-78.65249174,37183.0,2006.0966340787274,1.241985383132314,22026,22120,277,0,21843,21961,1092305,183,0,0,183,159
2020-11-04,US,North Carolina,Warren,503,7,0,36.39728256,-78.10652228,37185.0,2549.2879225584106,1.3916500994035783,496,497,7,0,490,495,19807,6,0,0,6,2
2020-11-04,US,North Carolina,Washington,273,8,0,35.83810081,-76.57299037,37187.0,2357.5129533678755,2.93040293040293,265,273,8,0,265,271,11859,0,0,0,0,2
2020-11-04,US,North Carolina,Watauga,1462,6,0,36.23103603,-81.70033724,37189.0,2602.4885629350088,0.4103967168262654,1456,1447,6,0,1441,1441,55945,15,0,0,15,6
2020-11-04,US,North Carolina,Wayne,4851,91,0,35.36438125,-78.00027268,37191.0,3939.706491460314,1.8759018759018762,4760,4804,88,0,4716,4773,123248,47,3,0,44,31
2020-11-04,US,North Carolina,Wilkes,1937,41,0,36.2084135,-81.16232895,37193.0,2831.374612641057,2.1166752710376877,1896,1900,41,0,1859,1887,68557,37,0,0,37,13
2020-11-04,US,North Carolina,Wilson,3248,69,0,35.70625477,-77.917978,37195.0,3970.611606215083,2.124384236453202,3179,3210,64,0,3146,3178,81455,38,5,0,33,32
2020-11-04,US,North Carolina,Yadkin,1123,11,0,36.16222629,-80.66239436,37197.0,2981.389545225264,0.9795191451469278,1112,1118,11,0,1107,1110,37543,5,0,0,5,8
2020-11-04,US,North Carolina,Yancey,349,2,0,35.90079156,-82.31237181,37199.0,1931.4848635785047,0.5730659025787965,347,347,2,0,345,344,17903,2,0,0,2,3
2020-11-04,US,North Dakota,Adams,105,0,0,46.09686891,-102.5285397,38001.0,4738.267148014441,0.0,105,100,0,0,100,95,2294,5,0,0,5,5
2020-11-04,US,North Dakota,Barnes,435,2,0,46.93579637,-98.06605978,38003.0,4176.668266922708,0.4597701149425287,433,425,1,0,424,416,10542,10,1,0,9,9
2020-11-04,US,North Dakota,Benson,570,11,0,48.0683985,-99.35916363,38005.0,8343.091334894614,1.9298245614035088,559,561,11,0,550,559,6962,9,0,0,9,2
2020-11-04,US,North Dakota,Billings,34,0,0,47.02366884,-103.3762965,38007.0,3663.793103448276,0.0,34,34,0,0,34,34,919,0,0,0,0,0
2020-11-04,US,North Dakota,Bottineau,367,17,0,48.79106111,-100.8378166,38009.0,5842.0885068449525,4.632152588555858,350,359,17,0,342,356,6411,8,0,0,8,3
2020-11-04,US,North Dakota,Bowman,154,2,0,46.11285362,-103.5203343,38011.0,5092.592592592592,1.2987012987012987,152,150,2,0,148,150,3076,4,0,0,4,0
2020-11-04,US,North Dakota,Burke,98,1,0,48.79094471,-102.51821170000001,38013.0,4633.569739952719,1.020408163265306,97,93,1,0,92,88,2100,5,0,0,5,5
2020-11-04,US,North Dakota,Burleigh,7871,83,0,46.97847375,-100.46452140000001,38015.0,8231.025035032313,1.0545038749841191,7788,7740,83,0,7657,7591,95273,131,0,0,131,149
2020-11-04,US,North Dakota,Cass,10610,90,0,46.93201724,-97.24447190000001,38017.0,5832.137772574111,0.8482563619227145,10520,10343,89,0,10254,10160,181516,267,1,0,266,183
2020-11-04,US,North Dakota,Cavalier,166,1,0,48.77286211,-98.46685243,38019.0,4412.546517809676,0.6024096385542169,165,145,1,0,144,128,3829,21,0,0,21,17
2020-11-04,US,North Dakota,Dickey,361,10,0,46.11017712,-98.50490079999999,38021.0,7409.688013136289,2.770083102493075,351,352,9,0,343,338,4903,9,1,0,8,14
2020-11-04,US,North Dakota,Divide,83,1,0,48.814938700000006,-103.48736109999999,38023.0,3666.077738515901,1.2048192771084338,82,75,1,0,74,71,2283,8,0,0,8,4
2020-11-04,US,North Dakota,Dunn,223,6,0,47.35423935,-102.61604679999999,38025.0,5040.687160940325,2.690582959641256,217,219,6,0,213,217,4332,4,0,0,4,2
2020-11-04,US,North Dakota,Eddy,230,3,0,47.71701474,-98.90432337,38027.0,10056.843025797989,1.3043478260869563,227,221,3,0,218,219,2313,9,0,0,9,2
2020-11-04,US,North Dakota,Emmons,295,9,0,46.28398398,-100.2389766,38029.0,9102.128972539342,3.0508474576271185,286,294,9,0,285,294,3295,1,0,0,1,0
2020-11-04,US,North Dakota,Foster,227,2,0,47.457108399999996,-98.88279923,38031.0,7071.65109034268,0.8810572687224669,225,221,2,0,219,209,3216,6,0,0,6,12
2020-11-04,US,North Dakota,Golden Valley,124,0,0,46.94022281,-103.8465421,38033.0,7041.453719477569,0.0,124,124,0,0,124,124,1769,0,0,0,0,0
2020-11-04,US,North Dakota,Grand Forks,5066,22,0,47.92093639,-97.45450447,38035.0,7294.351413226592,0.43426766679826295,5044,4999,22,0,4977,4780,70770,67,0,0,67,219
2020-11-04,US,North Dakota,Grant,90,4,0,46.35821257,-101.63900129999999,38037.0,3957.7836411609496,4.4444444444444455,86,86,4,0,82,85,2374,4,0,0,4,1
2020-11-04,US,North Dakota,Griggs,117,1,0,47.45785838,-98.23850925,38039.0,5244.285073957866,0.8547008547008547,116,117,1,0,116,116,2232,0,0,0,0,1
2020-11-04,US,North Dakota,Hettinger,143,2,0,46.43375068,-102.4632417,38041.0,5722.288915566227,1.3986013986013983,141,143,2,0,141,143,2514,0,0,0,0,0
2020-11-04,US,North Dakota,Kidder,120,2,0,46.97830064,-99.77507857,38043.0,4838.709677419355,1.6666666666666667,118,118,2,0,116,116,2450,2,0,0,2,2
2020-11-04,US,North Dakota,LaMoure,236,12,0,46.45681054,-98.53542355,38045.0,5832.92140385566,5.084745762711863,224,229,12,0,217,226,4062,7,0,0,7,3
2020-11-04,US,North Dakota,Logan,135,4,0,46.45729487,-99.47719806,38047.0,7297.297297297298,2.962962962962963,131,133,3,0,130,133,1903,2,1,0,1,0
2020-11-04,US,North Dakota,McHenry,255,15,0,48.23104458,-100.6324822,38049.0,4438.642297650131,5.882352941176472,240,250,14,0,236,244,5816,5,1,0,4,6
2020-11-04,US,North Dakota,McIntosh,180,5,0,46.11182017,-99.44145858,38051.0,7208.650380456548,2.7777777777777777,175,180,5,0,175,179,2585,0,0,0,0,1
2020-11-04,US,North Dakota,McKenzie,627,4,0,47.74133370000001,-103.395905,38053.0,4173.32268370607,0.6379585326953748,623,612,4,0,608,601,13632,15,0,0,15,11
2020-11-04,US,North Dakota,McLean,686,11,0,47.60766714,-101.3182418,38055.0,7259.259259259259,1.6034985422740524,675,677,11,0,666,666,9541,9,0,0,9,11
2020-11-04,US,North Dakota,Mercer,555,3,0,47.31213126,-101.8318399,38057.0,6779.039941370465,0.5405405405405406,552,536,3,0,533,534,8267,19,0,0,19,2
2020-11-04,US,North Dakota,Morton,2679,55,0,46.71681782,-101.2822377,38059.0,8541.640096926412,2.0530048525569238,2624,2639,55,0,2584,2599,31095,40,0,0,40,40
2020-11-04,US,North Dakota,Mountrail,615,9,0,48.20197971,-102.3555315,38061.0,5832.147937411095,1.4634146341463414,606,601,9,0,592,588,10218,14,0,0,14,13
2020-11-04,US,North Dakota,Nelson,188,4,0,47.9226426,-98.19038437,38063.0,6530.045154567559,2.127659574468085,184,185,3,0,182,179,2869,3,1,0,2,6
2020-11-04,US,North Dakota,Oliver,93,2,0,47.11530482,-101.3406158,38065.0,4747.320061255743,2.150537634408602,91,91,2,0,89,90,1952,2,0,0,2,1
2020-11-04,US,North Dakota,Pembina,284,1,0,48.76623521,-97.5523809,38067.0,4175.856491692398,0.35211267605633795,283,275,0,0,275,264,6947,9,1,0,8,11
2020-11-04,US,North Dakota,Pierce,163,3,0,48.24977025,-99.96407787,38069.0,4100.62893081761,1.8404907975460123,160,157,2,0,155,153,4081,6,1,0,5,4
2020-11-04,US,North Dakota,Ramsey,649,4,0,48.26886249,-98.72223879,38071.0,5634.169632780622,0.6163328197226502,645,621,4,0,617,620,11481,28,0,0,28,1
2020-11-04,US,North Dakota,Ransom,257,4,0,46.45621782,-97.65742504,38073.0,4925.258719816022,1.5564202334630348,253,249,3,0,246,227,5237,8,1,0,7,22
2020-11-04,US,North Dakota,Renville,123,2,0,48.71982533,-101.6603912,38075.0,5285.775676837129,1.6260162601626016,121,122,2,0,120,122,2374,1,0,0,1,0
2020-11-04,US,North Dakota,Richland,609,4,0,46.26440649,-96.94852979,38077.0,3764.6040675032455,0.6568144499178982,605,579,4,0,575,559,16239,30,0,0,30,20
2020-11-04,US,North Dakota,Rolette,601,10,0,48.77245354,-99.84097493,38079.0,4239.5598194130935,1.6638935108153081,591,551,10,0,541,519,14301,50,0,0,50,32
2020-11-04,US,North Dakota,Sargent,149,3,0,46.10830372,-97.63217159,38081.0,3822.473063109287,2.0134228187919465,146,144,3,0,141,142,3870,5,0,0,5,2
2020-11-04,US,North Dakota,Sheridan,61,1,0,47.57700669,-100.3426391,38083.0,4638.7832699619785,1.639344262295082,60,61,1,0,60,61,1349,0,0,0,0,0
2020-11-04,US,North Dakota,Sioux,287,5,0,46.11323337,-101.04401490000001,38085.0,6784.8699763593395,1.7421602787456445,282,282,5,0,277,277,4358,5,0,0,5,5
2020-11-04,US,North Dakota,Slope,15,0,0,46.44737738,-103.4601547,38087.0,2000.0,0.0,15,15,0,0,15,15,763,0,0,0,0,0
2020-11-04,US,North Dakota,Stark,2523,35,0,46.80851182,-102.65763259999999,38089.0,8012.321763155388,1.3872374157748713,2488,2508,35,0,2473,2498,30997,15,0,0,15,10
2020-11-04,US,North Dakota,Steele,67,1,0,47.45611548,-97.72728747,38091.0,3544.973544973545,1.492537313432836,66,65,1,0,64,65,1903,2,0,0,2,0
2020-11-04,US,North Dakota,Stutsman,1220,10,0,46.97962541,-98.95637318,38093.0,5892.581143740339,0.819672131147541,1210,1147,10,0,1137,1068,20917,73,0,0,73,79
2020-11-04,US,North Dakota,Towner,134,7,0,48.68565745,-99.24564265,38095.0,6121.516674280493,5.223880597014926,127,128,6,0,122,126,2192,6,1,0,5,2
2020-11-04,US,North Dakota,Traill,412,5,0,47.45367788,-97.16323288,38097.0,5126.928820308612,1.2135922330097086,407,397,5,0,392,380,8037,15,0,0,15,17
2020-11-04,US,North Dakota,Walsh,752,4,0,48.36876964,-97.72574783,38099.0,7067.004980734892,0.5319148936170213,748,682,2,0,680,659,10667,70,2,0,68,23
2020-11-04,US,North Dakota,Ward,3966,56,0,48.22390169,-101.54367629999999,38101.0,5863.307757129552,1.4120020171457388,3910,3897,56,0,3841,3707,67744,69,0,0,69,190
2020-11-04,US,North Dakota,Wells,226,1,0,47.58614526,-99.65904998,38103.0,5894.627021387585,0.4424778761061947,225,213,1,0,212,208,3957,13,0,0,13,5
2020-11-04,US,North Dakota,Williams,2065,18,0,48.34522353,-103.4793387,38105.0,5493.628455133151,0.8716707021791767,2047,2042,18,0,2024,2017,35350,23,0,0,23,25
2020-11-04,US,Ohio,Adams,301,6,0,38.84541072,-83.4718964,39001.0,1086.7210628926275,1.9933554817275747,295,290,6,0,284,281,27724,11,0,0,11,9
2020-11-04,US,Ohio,Allen,2784,80,0,40.77285242,-84.10802343,39003.0,2720.051587185274,2.8735632183908044,2704,2715,80,0,2635,2653,102663,69,0,0,69,62
2020-11-04,US,Ohio,Ashland,542,20,0,40.84772277,-82.27280781,39005.0,1013.3871812130733,3.690036900369004,522,529,19,0,510,518,53745,13,1,0,12,11
2020-11-04,US,Ohio,Ashtabula,946,48,0,41.70860332,-80.74830218,39007.0,972.8406742012114,5.073995771670191,898,927,48,0,879,917,97493,19,0,0,19,10
2020-11-04,US,Ohio,Athens,1423,2,0,39.33425634,-82.04278644,39009.0,2178.272383547385,0.14054813773717498,1421,1402,2,0,1400,1393,65818,21,0,0,21,9
2020-11-04,US,Ohio,Auglaize,1393,19,0,40.55998859,-84.22421429999999,39011.0,3051.077623970563,1.3639626704953338,1374,1341,19,0,1322,1300,45804,52,0,0,52,41
2020-11-04,US,Ohio,Belmont,944,27,0,40.01625942,-80.9924051,39013.0,1408.8290600841715,2.8601694915254243,917,927,27,0,900,897,67505,17,0,0,17,30
2020-11-04,US,Ohio,Brown,517,4,0,38.93416837,-83.86788395,39015.0,1190.3665500092095,0.7736943907156673,513,499,4,0,495,491,43602,18,0,0,18,8
2020-11-04,US,Ohio,Butler,9962,134,0,39.44012838,-84.57388716,39017.0,2600.134678728591,1.345111423408954,9828,9836,134,0,9702,9683,382378,126,0,0,126,153
2020-11-04,US,Ohio,Carroll,272,8,0,40.578968599999996,-81.09178213,39019.0,1010.6264397711227,2.9411764705882355,264,268,8,0,260,268,27081,4,0,0,4,0
2020-11-04,US,Ohio,Champaign,513,4,0,40.13923427,-83.76875242,39021.0,1319.2747846213192,0.7797270955165692,509,495,4,0,491,484,38754,18,0,0,18,11
2020-11-04,US,Ohio,Clark,3126,57,0,39.91592258,-83.78498252,39023.0,2331.3917498862647,1.8234165067178505,3069,3069,57,0,3012,2982,134585,57,0,0,57,87
2020-11-04,US,Ohio,Clermont,3126,41,0,39.04847534,-84.15375786,39025.0,1514.3294514310073,1.311580294305822,3085,3064,40,0,3024,3006,205466,62,1,0,61,58
2020-11-04,US,Ohio,Clinton,643,13,0,39.41485808,-83.80852286,39027.0,1532.1197102554327,2.021772939346812,630,629,13,0,616,607,42057,14,0,0,14,22
2020-11-04,US,Ohio,Columbiana,2336,88,0,40.76932373,-80.78094576,39029.0,2292.826084822787,3.767123287671233,2248,2315,88,0,2227,2303,102665,21,0,0,21,12
2020-11-04,US,Ohio,Coshocton,463,13,0,40.30096166,-81.91729018,39031.0,1265.0273224043715,2.8077753779697625,450,443,13,0,430,427,36629,20,0,0,20,16
2020-11-04,US,Ohio,Crawford,648,8,0,40.85065156,-82.91989099,39033.0,1561.6715669735386,1.2345679012345678,640,631,8,0,623,618,41550,17,0,0,17,13
2020-11-04,US,Ohio,Cuyahoga,22586,693,0,41.424119,-81.65918339,39035.0,1828.7192973365115,3.0682723811210484,21893,22268,693,0,21575,21893,1243857,318,0,0,318,375
2020-11-04,US,Ohio,Darke,1368,53,0,40.13412966,-84.6194517,39037.0,2676.422827852014,3.8742690058479528,1315,1344,51,0,1293,1336,51323,24,2,0,22,8
2020-11-04,US,Ohio,Defiance,694,14,0,41.32398837,-84.49076944,39039.0,1822.1440386483573,2.0172910662824206,680,667,14,0,653,619,38165,27,0,0,27,48
2020-11-04,US,Ohio,Delaware,3369,29,0,40.27942393,-83.00457058,39041.0,1610.5977234590805,0.8607895517957851,3340,3312,29,0,3283,3268,204826,57,0,0,57,44
2020-11-04,US,Ohio,Erie,1335,56,0,41.36796058,-82.62904521,39043.0,1797.5924379931598,4.194756554307117,1279,1297,55,0,1242,1282,74615,38,1,0,37,15
2020-11-04,US,Ohio,Fairfield,3282,59,0,39.75107189,-82.63088163,39045.0,2082.8309238833813,1.797684338817794,3223,3190,58,0,3132,3137,155782,92,1,0,91,53
2020-11-04,US,Ohio,Fayette,539,13,0,39.56021306,-83.4562016,39047.0,1889.5705521472394,2.411873840445269,526,522,12,0,510,509,28666,17,1,0,16,13
2020-11-04,US,Ohio,Franklin,35700,643,0,39.96995815,-83.01115755,39049.0,2711.208454717503,1.8011204481792715,35057,35292,643,0,34649,34871,1310300,408,0,0,408,421
2020-11-04,US,Ohio,Fulton,708,18,0,41.60213491,-84.12571393,39051.0,1680.672268907563,2.5423728813559316,690,691,18,0,673,675,42276,17,0,0,17,16
2020-11-04,US,Ohio,Gallia,361,13,0,38.82708533,-82.31647569,39053.0,1207.4386246571678,3.601108033240997,348,350,13,0,337,340,29979,11,0,0,11,10
2020-11-04,US,Ohio,Geauga,1044,50,0,41.49952319,-81.17935342,39055.0,1114.8010122905744,4.789272030651341,994,1023,50,0,973,1001,94031,21,0,0,21,22
2020-11-04,US,Ohio,Greene,3042,47,0,39.69116283,-83.89032084,39057.0,1800.6712561487418,1.545036160420776,2995,2972,45,0,2927,2903,167995,70,2,0,68,69
2020-11-04,US,Ohio,Guernsey,493,8,0,40.05026529,-81.49248905,39059.0,1268.1672025723476,1.6227180527383367,485,471,8,0,463,457,39022,22,0,0,22,14
2020-11-04,US,Ohio,Hamilton,19823,352,0,39.19673558,-84.54502924,39061.0,2424.911893114513,1.7757150784442317,19471,19564,351,0,19213,19272,816684,259,1,0,258,292
2020-11-04,US,Ohio,Hancock,1374,31,0,41.00250487,-83.66838948,39063.0,1813.0715331934605,2.2561863173216885,1343,1349,30,0,1319,1298,75930,25,1,0,24,51
2020-11-04,US,Ohio,Hardin,448,14,0,40.66015414,-83.65929931,39065.0,1428.343695201658,3.125,434,439,14,0,425,425,31480,9,0,0,9,14
2020-11-04,US,Ohio,Harrison,103,3,0,40.29380509,-81.09068544,39067.0,684.8404255319149,2.9126213592233015,100,99,3,0,96,95,15174,4,0,0,4,4
2020-11-04,US,Ohio,Henry,628,18,0,41.333964200000004,-84.06830637,39069.0,2325.409168332963,2.8662420382165603,610,617,18,0,599,599,27086,11,0,0,11,18
2020-11-04,US,Ohio,Highland,631,10,0,39.1839264,-83.60331456,39071.0,1461.9679803526333,1.584786053882726,621,619,9,0,610,593,43058,12,1,0,11,26
2020-11-04,US,Ohio,Hocking,294,9,0,39.49537927,-82.47991446,39073.0,1040.192470987829,3.0612244897959178,285,285,9,0,276,252,28385,9,0,0,9,33
2020-11-04,US,Ohio,Holmes,1031,15,0,40.56163713,-81.92635677,39075.0,2345.313921747043,1.454898157129001,1016,1006,15,0,991,969,43892,25,0,0,25,37
2020-11-04,US,Ohio,Huron,817,16,0,41.14651175,-82.59867951,39077.0,1402.189956406824,1.9583843329253363,801,797,16,0,781,784,58504,20,0,0,20,13
2020-11-04,US,Ohio,Jackson,578,9,0,39.01914254,-82.61818559999998,39079.0,1783.2351217104251,1.5570934256055364,569,561,9,0,552,544,32384,17,0,0,17,17
2020-11-04,US,Ohio,Jefferson,585,4,0,40.38614126,-80.76259514,39081.0,895.5223880597015,0.6837606837606838,581,573,4,0,569,560,65767,12,0,0,12,13
2020-11-04,US,Ohio,Knox,562,17,0,40.39830217,-82.42027563,39083.0,901.7682359359455,3.0249110320284696,545,540,17,0,523,523,61893,22,0,0,22,17
2020-11-04,US,Ohio,Lake,2681,60,0,41.69710807,-81.23676539,39085.0,1164.897522909072,2.2379709063782167,2621,2580,60,0,2520,2486,230514,101,0,0,101,94
2020-11-04,US,Ohio,Lawrence,1151,31,0,38.59743452,-82.53466552,39087.0,1935.6574676689706,2.6933101650738487,1120,1131,30,0,1101,1114,59866,20,1,0,19,17
2020-11-04,US,Ohio,Licking,3233,70,0,40.09136236,-82.48185785,39089.0,1827.9788761859527,2.165171667182184,3163,3168,70,0,3098,3104,175769,65,0,0,65,64
2020-11-04,US,Ohio,Logan,616,4,0,40.38996525,-83.76784341,39091.0,1348.747591522158,0.6493506493506493,612,583,3,0,580,557,45358,33,1,0,32,26
2020-11-04,US,Ohio,Lorain,3296,91,0,41.29553751,-82.15083537,39093.0,1063.7988852059011,2.7609223300970878,3205,3239,91,0,3148,3191,309461,57,0,0,57,48
2020-11-04,US,Ohio,Lucas,9473,389,0,41.62101218,-83.65468618,39095.0,2211.5196055543624,4.106407684999472,9084,9360,388,0,8972,9168,429899,113,1,0,112,192
2020-11-04,US,Ohio,Madison,1159,18,0,39.89381073,-83.40178317,39097.0,2591.0442422481046,1.5530629853321833,1141,1148,16,0,1132,1135,44413,11,2,0,9,13
2020-11-04,US,Ohio,Mahoning,4319,287,0,41.01631101,-80.77287029,39099.0,1888.6406073035605,6.645056726094003,4032,4243,287,0,3956,4146,229642,76,0,0,76,97
2020-11-04,US,Ohio,Marion,3651,50,0,40.58610662,-83.15736305,39101.0,5608.898038191513,1.3694878115584772,3601,3624,50,0,3574,3603,65256,27,0,0,27,21
2020-11-04,US,Ohio,Medina,2368,44,0,41.11770589,-81.89986209999998,39103.0,1317.4145738987238,1.858108108108108,2324,2318,44,0,2274,2253,179146,50,0,0,50,65
2020-11-04,US,Ohio,Meigs,249,12,0,39.09224872,-82.0305041,39105.0,1087.0039725847994,4.819277108433735,237,242,12,0,230,240,23106,7,0,0,7,2
2020-11-04,US,Ohio,Mercer,1883,33,0,40.54043046,-84.62912742,39107.0,4573.496551054114,1.7525225703664364,1850,1806,31,0,1775,1775,40959,77,2,0,75,31
2020-11-04,US,Ohio,Miami,2505,61,0,40.0543329,-84.22871271,39109.0,2341.405965210727,2.435129740518962,2444,2467,61,0,2406,2423,106222,38,0,0,38,44
2020-11-04,US,Ohio,Monroe,211,19,0,39.72984936,-81.08464734,39111.0,1545.3347004540797,9.00473933649289,192,208,18,0,190,201,13790,3,1,0,2,7
2020-11-04,US,Ohio,Montgomery,12763,190,0,39.75394919,-84.29050975,39113.0,2400.4724584200853,1.488678210452088,12573,12561,190,0,12371,12328,532331,202,0,0,202,233
2020-11-04,US,Ohio,Morgan,111,1,0,39.62081738,-81.85308173,39115.0,765.0951199338298,0.9009009009009008,110,107,0,0,107,104,14604,4,1,0,3,3
2020-11-04,US,Ohio,Morrow,513,2,0,40.52363560000001,-82.7892599,39117.0,1452.1059782608695,0.3898635477582846,511,495,2,0,493,480,35112,18,0,0,18,15
2020-11-04,US,Ohio,Muskingum,1168,4,0,39.96575964,-81.94363275,39119.0,1354.7526532505944,0.3424657534246575,1164,1138,4,0,1134,1104,86183,30,0,0,30,34
2020-11-04,US,Ohio,Noble,272,0,0,39.76818851,-81.45937183,39121.0,1885.745978924016,0.0,272,260,0,0,260,245,14354,12,0,0,12,15
2020-11-04,US,Ohio,Ottawa,701,30,0,41.53781826,-83.0940185,39123.0,1729.796421961752,4.279600570613408,671,690,30,0,660,675,40769,11,0,0,11,15
2020-11-04,US,Ohio,Paulding,339,6,0,41.11676341,-84.5801017,39125.0,1815.552699228792,1.7699115044247788,333,328,5,0,323,303,18760,11,1,0,10,25
2020-11-04,US,Ohio,Perry,458,11,0,39.73508655,-82.23804971,39127.0,1267.504289588753,2.4017467248908297,447,443,11,0,432,437,36033,15,0,0,15,6
2020-11-04,US,Ohio,Pickaway,3306,46,0,39.64170392,-83.0243386,39129.0,5655.439040662367,1.3914095583787054,3260,3275,46,0,3229,3258,58086,31,0,0,31,17
2020-11-04,US,Ohio,Pike,426,0,0,39.07634001,-83.06769584,39131.0,1533.919055163474,0.0,426,406,0,0,406,390,28067,20,0,0,20,16
2020-11-04,US,Ohio,Portage,2048,68,0,41.16793482,-81.19735782,39133.0,1260.5714426403065,3.3203125,1980,2005,68,0,1937,1965,162927,43,0,0,43,40
2020-11-04,US,Ohio,Preble,840,18,0,39.7420247,-84.64787018,39135.0,2054.6939973582507,2.142857142857143,822,828,18,0,810,807,40997,12,0,0,12,21
2020-11-04,US,Ohio,Putnam,1493,30,0,41.02094889,-84.1336111,39137.0,4409.2023271610415,2.0093770931011385,1463,1443,30,0,1413,1394,33780,50,0,0,50,49
2020-11-04,US,Ohio,Richland,1758,26,0,40.77180308,-82.53799609999999,39139.0,1451.0457764498074,1.4789533560864618,1732,1709,26,0,1683,1670,121099,49,0,0,49,39
2020-11-04,US,Ohio,Ross,1718,47,0,39.33705391,-83.06000914,39141.0,2240.889051209141,2.735739231664726,1671,1690,44,0,1646,1662,76931,28,3,0,25,28
2020-11-04,US,Ohio,Sandusky,896,22,0,41.35624126,-83.137872,39143.0,1531.1528076831064,2.455357142857143,874,863,22,0,841,845,58799,33,0,0,33,18
2020-11-04,US,Ohio,Scioto,1133,9,0,38.80270163,-82.98907345,39145.0,1504.368377725257,0.794351279788173,1124,1110,9,0,1101,1077,75502,23,0,0,23,33
2020-11-04,US,Ohio,Seneca,824,15,0,41.12351311,-83.12783209,39147.0,1493.3487984341587,1.8203883495145632,809,788,14,0,774,758,55207,36,1,0,35,30
2020-11-04,US,Ohio,Shelby,1148,14,0,40.33163494,-84.20258189,39149.0,2362.6260547437746,1.2195121951219512,1134,1109,14,0,1095,1096,48627,39,0,0,39,13
2020-11-04,US,Ohio,Stark,4800,187,0,40.81482476,-81.36437305,39151.0,1295.1760090230596,3.8958333333333335,4613,4700,186,0,4514,4609,371574,100,1,0,99,91
2020-11-04,US,Ohio,Summit,7985,279,0,41.12464734,-81.53123079,39153.0,1475.934959049043,3.4940513462742637,7706,7843,276,0,7567,7678,541918,142,3,0,139,165
2020-11-04,US,Ohio,Trumbull,2703,138,0,41.31735028,-80.76109643,39155.0,1365.3308010142744,5.105438401775805,2565,2649,138,0,2511,2573,198627,54,0,0,54,76
2020-11-04,US,Ohio,Tuscarawas,1675,45,0,40.44214695,-81.47226262,39157.0,1820.9094763390478,2.6865671641791047,1630,1650,43,0,1607,1616,92176,25,2,0,23,34
2020-11-04,US,Ohio,Union,1008,3,0,40.30016061,-83.37239023,39159.0,1708.8221333152505,0.2976190476190476,1005,945,3,0,942,916,57835,63,0,0,63,29
2020-11-04,US,Ohio,Van Wert,392,5,0,40.8554138,-84.59111700000003,39161.0,1386.3837312113174,1.2755102040816326,387,381,5,0,376,362,28281,11,0,0,11,19
2020-11-04,US,Ohio,Vinton,148,5,0,39.25208988,-82.4831444,39163.0,1131.066106228506,3.3783783783783785,143,139,5,0,134,131,13139,9,0,0,9,8
2020-11-04,US,Ohio,Warren,5157,69,0,39.42581994,-84.16557457,39165.0,2198.1909787640343,1.3379872018615475,5088,5084,68,0,5016,4980,232173,73,1,0,72,104
2020-11-04,US,Ohio,Washington,508,25,0,39.45690571,-81.49121382,39167.0,847.9244212248168,4.921259842519684,483,492,25,0,467,470,60155,16,0,0,16,22
2020-11-04,US,Ohio,Wayne,2023,77,0,40.82925852,-81.88844833,39169.0,1748.3363581367212,3.8062283737024223,1946,1956,75,0,1881,1900,115967,67,2,0,65,56
2020-11-04,US,Ohio,Williams,500,4,0,41.56052014,-84.58429552,39171.0,1362.6948653657473,0.8,496,479,4,0,475,469,36804,21,0,0,21,10
2020-11-04,US,Ohio,Wood,2909,104,0,41.36224827,-83.62285108,39173.0,2223.717100988404,3.57511172224132,2805,2881,84,0,2797,2836,130696,28,20,0,8,45
2020-11-04,US,Ohio,Wyandot,357,13,0,40.84339621,-83.30734173,39175.0,1639.7207422377364,3.641456582633053,344,346,13,0,333,342,21935,11,0,0,11,4
2020-11-04,US,Oklahoma,Adair,889,12,0,35.88494195,-94.65859267,40001.0,4005.587095611426,1.3498312710911136,877,873,12,0,861,859,22082,16,0,0,16,14
2020-11-04,US,Oklahoma,Alfalfa,140,0,0,36.73090616,-98.32408495,40003.0,2455.2788495264817,0.0,140,139,0,0,139,138,5754,1,0,0,1,1
2020-11-04,US,Oklahoma,Atoka,484,1,0,34.37366573,-96.03802487,40005.0,3517.9531908707672,0.2066115702479339,483,481,1,0,480,470,13838,3,0,0,3,11
2020-11-04,US,Oklahoma,Beaver,105,1,0,36.7496847,-100.4758872,40007.0,1977.0288081340614,0.9523809523809524,104,103,1,0,102,101,5319,2,0,0,2,2
2020-11-04,US,Oklahoma,Beckham,982,13,0,35.26862449,-99.68128023,40009.0,4492.428747884167,1.323828920570265,969,964,12,0,952,961,21709,18,1,0,17,3
2020-11-04,US,Oklahoma,Blaine,231,1,0,35.87518314,-98.43307003,40011.0,2449.88864142539,0.4329004329004329,230,229,1,0,228,227,9485,2,0,0,2,2
2020-11-04,US,Oklahoma,Bryan,1773,16,0,33.96472458,-96.25903472,40013.0,3694.134805708928,0.9024252679075014,1757,1743,14,0,1729,1684,47192,30,2,0,28,59
2020-11-04,US,Oklahoma,Caddo,1215,26,0,35.17364557,-98.37534464,40015.0,4224.323760517349,2.139917695473251,1189,1203,26,0,1177,1191,28977,12,0,0,12,12
2020-11-04,US,Oklahoma,Canadian,4334,24,0,35.5426055,-97.98465569,40017.0,2922.336250724853,0.5537609598523304,4310,4289,24,0,4265,4232,144447,45,0,0,45,57
2020-11-04,US,Oklahoma,Carter,970,10,0,34.25103751,-97.28552485,40019.0,2016.1709380391171,1.0309278350515465,960,949,10,0,939,939,48177,21,0,0,21,10
2020-11-04,US,Oklahoma,Cherokee,1469,8,0,35.90692775,-94.99980896,40021.0,3019.0928335080257,0.5445881552076243,1461,1463,8,0,1455,1447,48675,6,0,0,6,16
2020-11-04,US,Oklahoma,Choctaw,497,2,0,34.02807439,-95.54771129,40023.0,3387.404580152672,0.4024144869215292,495,495,2,0,493,496,14668,2,0,0,2,-1
2020-11-04,US,Oklahoma,Cimarron,43,0,0,36.74817177,-102.5173885,40025.0,2012.1665886757132,0.0,43,41,0,0,41,41,2153,2,0,0,2,0
2020-11-04,US,Oklahoma,Cleveland,8871,108,0,35.20413532,-97.32519562,40027.0,3123.4375770208508,1.217450118363206,8763,8826,106,0,8720,8778,281669,45,2,0,43,48
2020-11-04,US,Oklahoma,Coal,125,0,0,34.58840127,-96.29798747,40029.0,2274.795268425841,0.0,125,123,0,0,123,123,5520,2,0,0,2,0
2020-11-04,US,Oklahoma,Comanche,2723,20,0,34.65973764,-98.47195055,40031.0,2255.0911394711347,0.7344840249724568,2703,2685,20,0,2665,2653,120422,38,0,0,38,32
2020-11-04,US,Oklahoma,Cotton,116,3,0,34.28845626,-98.37053567,40033.0,2047.2996823155663,2.586206896551724,113,114,3,0,111,112,5776,2,0,0,2,2
2020-11-04,US,Oklahoma,Craig,667,2,0,36.76268118,-95.20916602,40035.0,4716.4474614623105,0.29985007496251875,665,662,2,0,660,656,14306,5,0,0,5,6
2020-11-04,US,Oklahoma,Creek,1706,40,0,35.90230551,-96.37086028,40037.0,2385.280053689774,2.344665885111372,1666,1691,39,0,1652,1668,71604,15,1,0,14,23
2020-11-04,US,Oklahoma,Custer,1147,7,0,35.63853802,-99.00170785,40039.0,3954.7633003482397,0.6102877070619006,1140,1142,7,0,1135,1136,29036,5,0,0,5,6
2020-11-04,US,Oklahoma,Delaware,1354,30,0,36.40823634,-94.80325046,40041.0,3148.178288265248,2.2156573116691285,1324,1346,29,0,1317,1327,42733,8,1,0,7,19
2020-11-04,US,Oklahoma,Dewey,95,1,0,35.98772922,-99.00730714,40043.0,1942.3430791249234,1.0526315789473684,94,95,1,0,94,95,4894,0,0,0,0,0
2020-11-04,US,Oklahoma,Ellis,31,0,0,36.218019399999996,-99.75324573,40045.0,803.3169214822493,0.0,31,31,0,0,31,32,3952,0,0,0,0,-1
2020-11-04,US,Oklahoma,Garfield,2599,29,0,36.3791334,-97.78265517,40047.0,4256.747903563943,1.1158137745286651,2570,2574,29,0,2545,2558,60913,25,0,0,25,16
2020-11-04,US,Oklahoma,Garvin,818,8,0,34.70418038,-97.30811132,40049.0,2951.8963588466668,0.9779951100244498,810,806,8,0,798,791,27811,12,0,0,12,15
2020-11-04,US,Oklahoma,Grady,1721,18,0,35.0167709,-97.88339847,40051.0,3082.3512555073967,1.0459035444509006,1703,1706,17,0,1689,1698,55551,15,1,0,14,8
2020-11-04,US,Oklahoma,Grant,121,2,0,36.796296999999996,-97.78638765,40053.0,2792.5225017309026,1.6528925619834711,119,120,2,0,118,119,4326,1,0,0,1,1
2020-11-04,US,Oklahoma,Greer,163,8,0,34.93535801,-99.56056120000001,40055.0,2853.641456582633,4.9079754601227,155,161,8,0,153,161,5821,2,0,0,2,0
2020-11-04,US,Oklahoma,Harmon,79,0,0,34.7440135,-99.84741652,40057.0,2977.7610252544287,0.0,79,80,0,0,80,79,2664,-1,0,0,-1,1
2020-11-04,US,Oklahoma,Harper,81,2,0,36.78836519,-99.6679804,40059.0,2196.3123644251627,2.469135802469136,79,81,2,0,79,79,3797,0,0,0,0,2
2020-11-04,US,Oklahoma,Haskell,431,5,0,35.22257600000001,-95.11513306,40061.0,3413.320662073335,1.160092807424594,426,420,5,0,415,407,12668,11,0,0,11,13
2020-11-04,US,Oklahoma,Hughes,439,7,0,35.04912569,-96.24921145,40063.0,3305.9718352285563,1.5945330296127562,432,436,7,0,429,431,13335,3,0,0,3,5
2020-11-04,US,Oklahoma,Jackson,1223,14,0,34.58781741,-99.41138784,40065.0,4985.731757032206,1.144726083401472,1209,1204,14,0,1190,1198,24949,19,0,0,19,6
2020-11-04,US,Oklahoma,Jefferson,93,0,0,34.11130184,-97.83182974,40067.0,1549.483505498167,0.0,93,93,0,0,93,90,6123,0,0,0,0,3
2020-11-04,US,Oklahoma,Johnston,325,4,0,34.31440473,-96.66011537,40069.0,2931.8899413622007,1.2307692307692308,321,322,4,0,318,311,10949,3,0,0,3,11
2020-11-04,US,Oklahoma,Kay,964,16,0,36.81799745,-97.14421435,40071.0,2214.1577472552717,1.6597510373443984,948,946,16,0,930,924,44161,18,0,0,18,22
2020-11-04,US,Oklahoma,Kingfisher,608,5,0,35.94530008,-97.94193268,40073.0,3856.644465588329,0.8223684210526315,603,604,5,0,599,595,15816,4,0,0,4,9
2020-11-04,US,Oklahoma,Kiowa,198,3,0,34.91671958,-98.97720696,40075.0,2273.7712448323377,1.5151515151515151,195,197,3,0,194,193,8729,1,0,0,1,4
2020-11-04,US,Oklahoma,Latimer,236,3,0,34.87844729,-95.25215049,40077.0,2342.896852973295,1.2711864406779658,233,234,3,0,231,233,10231,2,0,0,2,1
2020-11-04,US,Oklahoma,Le Flore,1803,25,0,34.89851864,-94.70392124,40079.0,3616.632900728141,1.3865779256794233,1778,1779,24,0,1755,1756,49980,24,1,0,23,23
2020-11-04,US,Oklahoma,Lincoln,872,22,0,35.70270942,-96.8812462,40081.0,2500.215041431316,2.5229357798165144,850,859,22,0,837,850,34920,13,0,0,13,9
2020-11-04,US,Oklahoma,Logan,928,2,0,35.91899576,-97.44352845,40083.0,1932.89037928808,0.21551724137931036,926,913,2,0,911,912,47291,15,0,0,15,1
2020-11-04,US,Oklahoma,Love,302,1,0,33.95273467,-97.23906784,40085.0,2945.4793718911537,0.3311258278145696,301,301,1,0,300,293,10134,1,0,0,1,8
2020-11-04,US,Oklahoma,Major,215,2,0,36.31149996,-98.53467076,40093.0,2818.193734434395,0.9302325581395348,213,212,2,0,210,210,7644,3,0,0,3,2
2020-11-04,US,Oklahoma,Marshall,326,2,0,34.02311222,-96.76855464,40095.0,1925.462169984053,0.6134969325153374,324,323,2,0,321,299,16806,3,0,0,3,24
2020-11-04,US,Oklahoma,Mayes,1044,17,0,36.30179091,-95.23175116,40097.0,2540.14598540146,1.6283524904214561,1027,1038,16,0,1022,1027,41107,6,1,0,5,11
2020-11-04,US,Oklahoma,McClain,1466,16,0,35.01123903,-97.44572302,40087.0,3622.078371300093,1.0914051841746248,1450,1445,15,0,1430,1435,39985,21,1,0,20,10
2020-11-04,US,Oklahoma,McCurtain,1729,41,0,34.11664328,-94.77222373,40089.0,5266.203703703704,2.371312897628687,1688,1720,41,0,1679,1680,32703,9,0,0,9,40
2020-11-04,US,Oklahoma,McIntosh,551,11,0,35.37235506,-95.66599306,40091.0,2811.798326189018,1.996370235934664,540,549,11,0,538,529,19815,2,0,0,2,20
2020-11-04,US,Oklahoma,Murray,347,3,0,34.48116015,-97.06826283,40099.0,2465.714488737299,0.8645533141210374,344,344,3,0,341,341,13953,3,0,0,3,3
2020-11-04,US,Oklahoma,Muskogee,2536,28,0,35.61318461,-95.37802952,40101.0,3729.576304836978,1.1041009463722398,2508,2510,28,0,2482,2489,68362,26,0,0,26,21
2020-11-04,US,Oklahoma,Noble,228,3,0,36.38953329,-97.22928674,40103.0,2048.333483065313,1.3157894736842106,225,213,3,0,210,206,11289,15,0,0,15,7
2020-11-04,US,Oklahoma,Nowata,283,4,0,36.79843529,-95.61902331,40105.0,2808.654227868202,1.413427561837456,279,279,4,0,275,276,10218,4,0,0,4,3
2020-11-04,US,Oklahoma,Okfuskee,616,8,0,35.46485198,-96.32639984,40107.0,5136.3295255565745,1.2987012987012987,608,608,8,0,600,604,12098,8,0,0,8,4
2020-11-04,US,Oklahoma,Oklahoma,25473,239,0,35.55140095,-97.40716948,40109.0,3194.3709448054638,0.9382483413810702,25234,25315,235,0,25080,25091,792582,158,4,0,154,224
2020-11-04,US,Oklahoma,Okmulgee,1355,14,0,35.64661916,-95.96432828,40111.0,3522.6829585337323,1.033210332103321,1341,1339,14,0,1325,1326,38335,16,0,0,16,13
2020-11-04,US,Oklahoma,Osage,1455,15,0,36.62888819,-96.39635704,40113.0,3098.1836765112957,1.0309278350515465,1440,1443,15,0,1428,1430,47014,12,0,0,12,13
2020-11-04,US,Oklahoma,Ottawa,1321,21,0,36.83532655,-94.81011909,40115.0,4243.904006168278,1.5897047691143074,1300,1312,21,0,1291,1306,31175,9,0,0,9,6
2020-11-04,US,Oklahoma,Pawnee,356,5,0,36.31743373,-96.70331759999999,40117.0,2173.913043478261,1.404494382022472,351,355,5,0,350,353,16390,1,0,0,1,2
2020-11-04,US,Oklahoma,Payne,2997,14,0,36.07695283,-96.97584944,40119.0,3664.5309596009,0.4671338004671338,2983,2929,14,0,2915,2919,82040,68,0,0,68,10
2020-11-04,US,Oklahoma,Pittsburg,1335,21,0,34.92065823,-95.75134320000001,40121.0,3058.139002153297,1.5730337078651686,1314,1323,21,0,1302,1310,43877,12,0,0,12,13
2020-11-04,US,Oklahoma,Pontotoc,970,5,0,34.72959848,-96.68337199,40123.0,2533.6955386062064,0.5154639175257731,965,936,5,0,931,883,38247,34,0,0,34,53
2020-11-04,US,Oklahoma,Pottawatomie,2406,17,0,35.20614018,-96.94923008,40125.0,3314.4148115494822,0.7065669160432253,2389,2375,16,0,2359,2361,72679,31,1,0,30,14
2020-11-04,US,Oklahoma,Pushmataha,312,6,0,34.41635232,-95.37603505,40127.0,2811.82408074982,1.9230769230769231,306,310,6,0,304,304,11179,2,0,0,2,6
2020-11-04,US,Oklahoma,Roger Mills,94,4,0,35.68711719,-99.69666167,40129.0,2623.499860452135,4.25531914893617,90,94,4,0,90,93,3656,0,0,0,0,1
2020-11-04,US,Oklahoma,Rogers,2692,55,0,36.37004357,-95.60406759,40131.0,2911.5607999221284,2.0430906389301637,2637,2657,55,0,2602,2634,91984,35,0,0,35,23
2020-11-04,US,Oklahoma,Seminole,891,7,0,35.16478725,-96.61686741,40133.0,3673.0150878060854,0.7856341189674523,884,883,7,0,876,867,24578,8,0,0,8,16
2020-11-04,US,Oklahoma,Sequoyah,1341,14,0,35.49447108,-94.75463785,40135.0,3225.961654117251,1.0439970171513795,1327,1323,14,0,1309,1311,41179,18,0,0,18,12
2020-11-04,US,Oklahoma,Stephens,864,9,0,34.48556989,-97.85141892,40137.0,2002.642375356373,1.0416666666666667,855,834,9,0,825,816,43265,30,0,0,30,18
2020-11-04,US,Oklahoma,Texas,1892,10,0,36.74777635,-101.4889765,40139.0,9468.047840664563,0.5285412262156448,1882,1860,10,0,1850,1856,20455,32,0,0,32,4
2020-11-04,US,Oklahoma,Tillman,168,4,0,34.37288446,-98.92426619,40141.0,2317.2413793103447,2.380952380952381,164,166,4,0,162,163,7348,2,0,0,2,3
2020-11-04,US,Oklahoma,Tulsa,23351,219,0,36.11939621,-95.94013939,40143.0,3583.9042777859636,0.9378613335617318,23132,23153,218,0,22935,22919,648360,198,1,0,197,234
2020-11-04,US,Oklahoma,Unassigned,19,0,0,0.0,0.0,90040.0,0.0,0.0,19,16,0,0,16,9,,3,0,0,3,7
2020-11-04,US,Oklahoma,Wagoner,2030,31,0,35.96024096,-95.51911308,40145.0,2497.2628522924383,1.5270935960591132,1999,2019,31,0,1988,2009,80110,11,0,0,11,10
2020-11-04,US,Oklahoma,Washington,1422,42,0,36.71380786,-95.90514104,40147.0,2759.718205989093,2.9535864978902957,1380,1414,42,0,1372,1402,51843,8,0,0,8,12
2020-11-04,US,Oklahoma,Washita,201,0,0,35.29071824,-98.99180434,40149.0,1841.3338219127886,0.0,201,195,0,0,195,195,11127,6,0,0,6,0
2020-11-04,US,Oklahoma,Woods,196,0,0,36.76705782,-98.86573064,40151.0,2229.045831911748,0.0,196,194,0,0,194,192,8897,2,0,0,2,2
2020-11-04,US,Oklahoma,Woodward,1319,6,0,36.42316318,-99.26283045,40153.0,6526.149126713176,0.4548900682335103,1313,1317,6,0,1311,1306,20222,2,0,0,2,11
2020-11-04,US,Oregon,Baker,159,3,0,44.70915557,-117.6749883,41001.0,986.1076655916646,1.8867924528301887,156,152,3,0,149,144,16006,7,0,0,7,8
2020-11-04,US,Oregon,Benton,476,6,0,44.49167306,-123.4316987,41003.0,511.5364362245172,1.2605042016806722,470,474,6,0,468,466,92101,2,0,0,2,8
2020-11-04,US,Oregon,Clackamas,3587,69,0,45.18787398,-122.2179634,41005.0,857.7502409209277,1.9236130471145805,3518,3535,69,0,3466,3478,416075,52,0,0,52,57
2020-11-04,US,Oregon,Clatsop,272,0,0,45.99712889,-123.660711,41007.0,676.2132060461416,0.0,272,268,0,0,268,260,39764,4,0,0,4,8
2020-11-04,US,Oregon,Columbia,290,2,0,45.94464254,-123.08908980000001,41009.0,553.9213813653207,0.6896551724137931,288,285,2,0,283,281,52377,5,0,0,5,4
2020-11-04,US,Oregon,Coos,275,1,0,43.17406868,-124.0594514,41011.0,426.4425388062712,0.3636363636363637,274,273,1,0,272,272,64389,2,0,0,2,1
2020-11-04,US,Oregon,Crook,127,4,0,44.14230227,-120.356297,41013.0,520.406490739223,3.1496062992125986,123,118,4,0,114,118,23867,9,0,0,9,0
2020-11-04,US,Oregon,Curry,66,2,0,42.45911325,-124.15728200000001,41015.0,287.89531079607417,3.0303030303030303,64,66,2,0,64,66,22813,0,0,0,0,0
2020-11-04,US,Oregon,Deschutes,1325,13,0,43.91570171,-121.2289121,41017.0,670.2345062015662,0.981132075471698,1312,1308,13,0,1295,1296,191996,17,0,0,17,12
2020-11-04,US,Oregon,Douglas,411,8,0,43.27941273,-123.16729099999999,41019.0,370.3369976572355,1.9464720194647205,403,400,8,0,392,390,110283,11,0,0,11,10
2020-11-04,US,Oregon,Gilliam,17,0,0,45.37160076,-120.20488689999999,41021.0,889.121338912134,0.0,17,17,0,0,17,17,1894,0,0,0,0,0
2020-11-04,US,Oregon,Grant,20,0,0,44.49024544,-119.0068631,41023.0,277.8163633838033,0.0,20,18,0,0,18,14,7176,2,0,0,2,4
2020-11-04,US,Oregon,Harney,40,0,0,43.06422669,-118.96663059999999,41025.0,541.0523468145543,0.0,40,39,0,0,39,39,7329,1,0,0,1,0
2020-11-04,US,Oregon,Hood River,293,1,0,45.51872811,-121.65520359999998,41027.0,1253.10067573347,0.3412969283276451,292,291,1,0,290,290,23428,2,0,0,2,1
2020-11-04,US,Oregon,Jackson,2049,8,0,42.43201126,-122.72893090000001,41029.0,927.3843145774497,0.3904343582235237,2041,1998,7,0,1991,1928,219564,51,1,0,50,70
2020-11-04,US,Oregon,Jefferson,618,11,0,44.62806839,-121.17832,41031.0,2506.2859923757,1.779935275080906,607,613,11,0,602,612,24192,5,0,0,5,1
2020-11-04,US,Oregon,Josephine,280,4,0,42.3665549,-123.5561938,41033.0,320.0475499217026,1.4285714285714286,276,279,4,0,275,277,87393,1,0,0,1,2
2020-11-04,US,Oregon,Klamath,447,3,0,42.68762984,-121.64964609999998,41035.0,655.060230370175,0.6711409395973155,444,444,3,0,441,437,67653,3,0,0,3,7
2020-11-04,US,Oregon,Lake,48,0,0,42.79246693,-120.38501629999999,41037.0,609.9885627144491,0.0,48,47,0,0,47,48,7879,1,0,0,1,-1
2020-11-04,US,Oregon,Lane,2655,28,0,43.93727035,-122.847753,41039.0,694.904296890336,1.0546139359698679,2627,2633,28,0,2605,2607,379611,22,0,0,22,26
2020-11-04,US,Oregon,Lincoln,522,13,0,44.64252874,-123.86991200000001,41041.0,1044.7940434730394,2.490421455938697,509,522,13,0,509,522,49388,0,0,0,0,0
2020-11-04,US,Oregon,Linn,934,17,0,44.48899494,-122.53731540000001,41043.0,719.851405405822,1.820128479657388,917,923,17,0,906,902,127335,11,0,0,11,21
2020-11-04,US,Oregon,Malheur,2019,38,0,43.1937027,-117.62273950000001,41045.0,6604.298191096136,1.882119861317484,1981,2008,38,0,1970,1992,30725,11,0,0,11,16
2020-11-04,US,Oregon,Marion,6458,115,0,44.90287942,-122.58151170000001,41047.0,1856.7181686974225,1.7807370703004026,6343,6375,114,0,6261,6311,346868,83,1,0,82,64
2020-11-04,US,Oregon,Morrow,562,7,0,45.41846568,-119.584546,41049.0,4843.57493751616,1.2455516014234875,555,560,7,0,553,559,11372,2,0,0,2,1
2020-11-04,US,Oregon,Multnomah,10312,175,0,45.54747959,-122.4169351,41051.0,1268.6149436246315,1.697051978277735,10137,10139,175,0,9964,10090,811880,173,0,0,173,49
2020-11-04,US,Oregon,Polk,732,15,0,44.90322804,-123.4128888,41053.0,850.322355811117,2.0491803278688523,717,719,15,0,704,706,85234,13,0,0,13,13
2020-11-04,US,Oregon,Sherman,23,0,0,45.41501554,-120.6827834,41055.0,1292.134831460674,0.0,23,23,0,0,23,21,1708,0,0,0,0,2
2020-11-04,US,Oregon,Tillamook,82,0,0,45.46248721,-123.712066,41057.0,303.2993046308625,0.0,82,80,0,0,80,78,26787,2,0,0,2,2
2020-11-04,US,Oregon,Umatilla,3530,45,0,45.59073056,-118.7353826,41059.0,4528.5439384220645,1.274787535410765,3485,3509,45,0,3464,3493,77516,21,0,0,21,16
2020-11-04,US,Oregon,Union,506,2,0,45.30915495,-118.0068979,41061.0,1885.5971678777719,0.3952569169960474,504,503,2,0,501,495,26461,3,0,0,3,8
2020-11-04,US,Oregon,Wallowa,61,2,0,45.57894064,-117.18353799999998,41063.0,846.2819089900113,3.278688524590164,59,58,2,0,56,56,7081,3,0,0,3,2
2020-11-04,US,Oregon,Wasco,369,16,0,45.16292781,-121.16709540000001,41065.0,1382.954800989431,4.336043360433604,353,368,16,0,352,367,26505,1,0,0,1,1
2020-11-04,US,Oregon,Washington,6412,82,0,45.55972701,-123.0955257,41067.0,1065.838641471296,1.2788521522145977,6330,6356,80,0,6276,6298,597695,56,2,0,54,58
2020-11-04,US,Oregon,Wheeler,1,0,0,44.72698162,-120.02814270000002,41069.0,75.07507507507508,0.0,1,1,0,0,1,1,1366,0,0,0,0,0
2020-11-04,US,Oregon,Yamhill,1071,15,0,45.23330449,-123.3086963,41071.0,1000.0,1.4005602240896358,1056,1058,15,0,1043,1047,107002,13,0,0,13,11
2020-11-04,US,Pennsylvania,Adams,1235,32,0,39.87140411,-77.21610347,42001.0,1198.9243658321118,2.591093117408907,1203,1229,31,0,1198,1195,102811,6,1,0,5,34
2020-11-04,US,Pennsylvania,Allegheny,16410,426,0,40.46809875,-79.98167747,42003.0,1349.4566401736774,2.5959780621572213,15984,16210,423,0,15787,16060,1218452,200,3,0,197,150
2020-11-04,US,Pennsylvania,Armstrong,845,22,0,40.81665618,-79.46290811,42005.0,1305.3216961458254,2.603550295857988,823,827,22,0,805,808,65263,18,0,0,18,19
2020-11-04,US,Pennsylvania,Beaver,2415,142,0,40.6825484,-80.34921611,42007.0,1473.1987628790514,5.87991718426501,2273,2380,142,0,2238,2365,164742,35,0,0,35,15
2020-11-04,US,Pennsylvania,Bedford,512,9,0,40.00522157,-78.48998442,42009.0,1069.1613765452723,1.7578125,503,498,9,0,489,483,48176,14,0,0,14,15
2020-11-04,US,Pennsylvania,Berks,9972,430,0,40.41570541,-75.92457766,42011.0,2367.723737071545,4.3120738066586455,9542,9860,427,0,9433,9735,420152,112,3,0,109,125
2020-11-04,US,Pennsylvania,Blair,1654,33,0,40.47961444,-78.34917412,42013.0,1357.640627436817,1.9951632406287787,1621,1574,32,0,1542,1529,122492,80,1,0,79,45
2020-11-04,US,Pennsylvania,Bradford,994,16,0,41.78869215,-76.51570822,42015.0,1647.7960313644876,1.6096579476861168,978,973,15,0,958,940,60833,21,1,0,20,33
2020-11-04,US,Pennsylvania,Bucks,10770,627,0,40.33682119,-75.10836643,42017.0,1714.2311426615945,5.821727019498607,10143,10679,627,0,10052,10585,628195,91,0,0,91,94
2020-11-04,US,Pennsylvania,Butler,2019,30,0,40.91152759,-79.91351055,42019.0,1074.776554007655,1.4858841010401191,1989,1996,28,0,1968,1961,187888,23,2,0,21,35
2020-11-04,US,Pennsylvania,Cambria,1374,10,0,40.49527404,-78.71377428,42021.0,1055.3643849084426,0.7278020378457059,1364,1296,9,0,1287,1249,131730,78,1,0,77,47
2020-11-04,US,Pennsylvania,Cameron,14,0,0,41.43625568,-78.20376845,42023.0,314.81897908702496,0.0,14,14,0,0,14,11,4492,0,0,0,0,3
2020-11-04,US,Pennsylvania,Carbon,644,32,0,40.91545395,-75.7068525,42025.0,1003.3965909445017,4.9689440993788825,612,638,31,0,607,624,64227,6,1,0,5,14
2020-11-04,US,Pennsylvania,Centre,4366,20,0,40.92058903,-77.82200624,42027.0,2688.671983249684,0.4580852038479157,4346,4356,19,0,4337,4317,162805,10,1,0,9,39
2020-11-04,US,Pennsylvania,Chester,8506,381,0,39.97291773,-75.74768357,42029.0,1620.224423749831,4.479191159181754,8125,8361,381,0,7980,8361,522046,145,0,0,145,0
2020-11-04,US,Pennsylvania,Clarion,277,4,0,41.19265812,-79.42413524,42031.0,720.6410323117748,1.444043321299639,273,264,4,0,260,262,38779,13,0,0,13,2
2020-11-04,US,Pennsylvania,Clearfield,539,7,0,41.00110782,-78.47592663,42033.0,680.0832755031229,1.2987012987012987,532,525,7,0,518,513,79388,14,0,0,14,12
2020-11-04,US,Pennsylvania,Clinton,297,7,0,41.23255967,-77.63785995,42035.0,768.7927107061504,2.356902356902357,290,289,7,0,282,284,38684,8,0,0,8,5
2020-11-04,US,Pennsylvania,Columbia,1095,43,0,41.04821986,-76.40565017,42037.0,1685.548919401515,3.9269406392694064,1052,1089,43,0,1046,1087,65456,6,0,0,6,2
2020-11-04,US,Pennsylvania,Crawford,650,4,0,41.68447709,-80.10760592,42039.0,768.0582306301623,0.6153846153846154,646,624,3,0,621,598,85063,26,1,0,25,26
2020-11-04,US,Pennsylvania,Cumberland,2664,82,0,40.1625372,-77.26130755,42041.0,1051.4267671784346,3.078078078078078,2582,2627,82,0,2545,2591,251423,37,0,0,37,36
2020-11-04,US,Pennsylvania,Dauphin,5213,196,0,40.41377078,-76.77993242,42043.0,1873.1651928321692,3.759831191252637,5017,5119,196,0,4923,5036,277097,94,0,0,94,83
2020-11-04,US,Pennsylvania,Delaware,14359,771,0,39.91680171,-75.40243663,42045.0,2533.5820039629675,5.369454697402326,13588,14219,771,0,13448,14081,564751,140,0,0,140,138
2020-11-04,US,Pennsylvania,Elk,228,2,0,41.42822061,-78.64524744,42047.0,762.2868605817453,0.8771929824561403,226,221,2,0,219,203,30169,7,0,0,7,18
2020-11-04,US,Pennsylvania,Erie,2385,40,0,41.99253829,-80.03301954,42049.0,884.224107248784,1.6771488469601676,2345,2352,40,0,2312,2302,272061,33,0,0,33,50
2020-11-04,US,Pennsylvania,Fayette,1124,15,0,39.92041012,-79.64291195,42051.0,869.4710459953278,1.334519572953737,1109,1097,15,0,1082,1083,130441,27,0,0,27,14
2020-11-04,US,Pennsylvania,Forest,19,1,0,41.51095103,-79.23229292,42053.0,262.17745273906445,5.2631578947368425,18,19,1,0,18,19,7279,0,0,0,0,0
2020-11-04,US,Pennsylvania,Franklin,2467,58,0,39.92956518,-77.72157791,42055.0,1591.3357028130586,2.3510336441021478,2409,2419,57,0,2362,2346,154835,48,1,0,47,73
2020-11-04,US,Pennsylvania,Fulton,108,4,0,39.92913544,-78.11163677,42057.0,743.2897453544391,3.703703703703704,104,101,4,0,97,99,14523,7,0,0,7,2
2020-11-04,US,Pennsylvania,Greene,293,1,0,39.85746531,-80.22357106,42059.0,808.6550934231226,0.3412969283276451,292,285,1,0,284,276,36506,8,0,0,8,9
2020-11-04,US,Pennsylvania,Huntingdon,1110,21,0,40.42162652,-77.97673273,42061.0,2458.7985114300905,1.891891891891892,1089,1094,20,0,1074,1055,45168,16,1,0,15,39
2020-11-04,US,Pennsylvania,Indiana,1281,17,0,40.65241041,-79.08963285,42063.0,1523.6758531276391,1.3270882123341141,1264,1263,17,0,1246,1245,84501,18,0,0,18,18
2020-11-04,US,Pennsylvania,Jefferson,257,4,0,41.12913106,-78.9986361,42065.0,591.8249856073693,1.5564202334630348,253,239,4,0,235,232,43641,18,0,0,18,7
2020-11-04,US,Pennsylvania,Juniata,257,8,0,40.53358749,-77.39975129999998,42067.0,1037.8387109800913,3.1128404669260696,249,255,8,0,247,255,24704,2,0,0,2,0
2020-11-04,US,Pennsylvania,Lackawanna,3960,221,0,41.43564672,-75.60379201,42069.0,1888.6461840762327,5.58080808080808,3739,3936,220,0,3716,3901,210793,24,1,0,23,35
2020-11-04,US,Pennsylvania,Lancaster,10278,481,0,40.03904563,-76.24770128,42071.0,1883.3696154099875,4.679898812998638,9797,10164,481,0,9683,10033,543557,114,0,0,114,131
2020-11-04,US,Pennsylvania,Lawrence,1093,38,0,40.99206278,-80.33393706,42073.0,1278.1831789690334,3.4766697163769438,1055,1024,36,0,988,1003,86184,69,2,0,67,21
2020-11-04,US,Pennsylvania,Lebanon,3374,69,0,40.36680311,-76.45651841,42075.0,2379.5250823383385,2.0450503852993482,3305,3315,68,0,3247,3256,141314,59,1,0,58,59
2020-11-04,US,Pennsylvania,Lehigh,7087,369,0,40.6154815,-75.59435245,42077.0,1918.942483171684,5.206716523211513,6718,7027,366,0,6661,6944,368100,60,3,0,57,83
2020-11-04,US,Pennsylvania,Luzerne,5794,209,0,41.17823008,-75.98447579,42079.0,1825.359070245135,3.6071798412150495,5585,5727,209,0,5518,5674,317646,67,0,0,67,53
2020-11-04,US,Pennsylvania,Lycoming,1031,32,0,41.34310539,-77.06629984,42081.0,909.9815532352447,3.103782735208535,999,1022,32,0,990,1014,113664,9,0,0,9,8
2020-11-04,US,Pennsylvania,McKean,175,2,0,41.80938602,-78.56478358,42083.0,430.76923076923083,1.1428571428571428,173,172,2,0,170,165,40968,3,0,0,3,7
2020-11-04,US,Pennsylvania,Mercer,1227,27,0,41.30248872,-80.25816981,42085.0,1121.3262172832283,2.2004889975550124,1200,1194,27,0,1167,1165,110683,33,0,0,33,29
2020-11-04,US,Pennsylvania,Mifflin,514,4,0,40.61116939,-77.61070738,42087.0,1114.0491568771943,0.7782101167315175,510,491,4,0,487,471,46222,23,0,0,23,20
2020-11-04,US,Pennsylvania,Monroe,2157,135,0,41.05934058,-75.34031025,42089.0,1266.8040946491185,6.258692628650904,2022,2131,135,0,1996,2092,169507,26,0,0,26,39
2020-11-04,US,Pennsylvania,Montgomery,14766,898,0,40.21053671,-75.36652296,42091.0,1777.0770776794254,6.081538669917379,13868,14629,896,0,13733,14498,828604,137,2,0,135,131
2020-11-04,US,Pennsylvania,Montour,314,11,0,41.03023987,-76.66345939,42093.0,1722.4355458036207,3.5031847133757963,303,313,11,0,302,312,18240,1,0,0,1,1
2020-11-04,US,Pennsylvania,Northampton,5748,315,0,40.75182733,-75.30471829,42095.0,1882.8307974515617,5.480167014613778,5433,5700,315,0,5385,5655,304807,48,0,0,48,45
2020-11-04,US,Pennsylvania,Northumberland,1643,112,0,40.84785433,-76.70798222,42097.0,1808.614863005405,6.816798539257456,1531,1626,112,0,1514,1615,91083,17,0,0,17,11
2020-11-04,US,Pennsylvania,Perry,397,7,0,40.40206612,-77.26297447,42099.0,857.9702627939142,1.7632241813602014,390,385,6,0,379,382,46139,12,1,0,11,3
2020-11-04,US,Pennsylvania,Philadelphia,46489,1883,0,40.00338507,-75.1379271,42101.0,2934.793038665105,4.050420529587645,44606,46093,1879,0,44214,45451,1584138,396,4,0,392,642
2020-11-04,US,Pennsylvania,Pike,647,23,0,41.33155042,-75.03208106,42103.0,1159.3112222043042,3.554868624420402,624,643,23,0,620,635,55933,4,0,0,4,8
2020-11-04,US,Pennsylvania,Potter,66,1,0,41.74471626,-77.89559864,42105.0,399.3706886118843,1.5151515151515151,65,66,1,0,65,64,16622,0,0,0,0,2
2020-11-04,US,Pennsylvania,Schuylkill,2307,102,0,40.70497338,-76.2150785,42107.0,1632.0149406829419,4.421326397919376,2205,2267,99,0,2168,2230,142067,40,3,0,37,37
2020-11-04,US,Pennsylvania,Snyder,530,18,0,40.77129231,-77.06840691,42109.0,1312.7910432973347,3.39622641509434,512,519,18,0,501,514,40540,11,0,0,11,5
2020-11-04,US,Pennsylvania,Somerset,511,3,0,39.97172723,-79.02699593,42111.0,695.7397851511977,0.5870841487279843,508,498,3,0,495,488,73952,13,0,0,13,10
2020-11-04,US,Pennsylvania,Sullivan,22,1,0,41.44634738,-76.51246591,42113.0,362.6772172766238,4.545454545454546,21,22,1,0,21,21,6071,0,0,0,0,1
2020-11-04,US,Pennsylvania,Susquehanna,442,29,0,41.82147784,-75.80071959,42115.0,1096.0126958936721,6.561085972850679,413,439,29,0,410,425,40589,3,0,0,3,14
2020-11-04,US,Pennsylvania,Tioga,280,4,0,41.77255149,-77.25433032,42117.0,689.8080855362027,1.4285714285714286,276,272,4,0,268,258,40763,8,0,0,8,14
2020-11-04,US,Pennsylvania,Union,756,11,0,40.96188846,-77.05996014,42119.0,1682.8795939719073,1.4550264550264551,745,749,11,0,738,746,44785,7,0,0,7,3
2020-11-04,US,Pennsylvania,Venango,359,1,0,41.40323442,-79.75845449,42121.0,708.5339859477382,0.2785515320334262,358,313,1,0,312,307,51266,46,0,0,46,6
2020-11-04,US,Pennsylvania,Warren,80,1,0,41.81304978,-79.26969577,42123.0,204.12849889005128,1.25,79,78,1,0,77,74,39498,2,0,0,2,4
2020-11-04,US,Pennsylvania,Washington,2281,37,0,40.19208869,-80.24582867,42125.0,1102.6514876852054,1.6220955721174923,2244,2233,37,0,2196,2188,207346,48,0,0,48,45
2020-11-04,US,Pennsylvania,Wayne,299,12,0,41.64938475,-75.29956506,42127.0,582.1537742645197,4.013377926421405,287,297,12,0,285,294,51276,2,0,0,2,3
2020-11-04,US,Pennsylvania,Westmoreland,4761,111,0,40.31377979999999,-79.46615476,42129.0,1364.5782876993055,2.3314429741650917,4650,4671,109,0,4562,4601,350611,90,2,0,88,70
2020-11-04,US,Pennsylvania,Wyoming,195,8,0,41.51955538,-76.01074915,42131.0,727.7748749720088,4.102564102564102,187,185,8,0,177,179,27046,10,0,0,10,6
2020-11-04,US,Pennsylvania,York,6947,208,0,39.9210089,-76.73040131,42133.0,1547.0161983529968,2.9940981718727517,6739,6881,208,0,6673,6798,448273,66,0,0,66,83
2020-11-04,US,Puerto Rico,Adjuntas,203,0,0,18.180117000000006,-66.754367,72001.0,1041.9339937381308,0.0,203,203,0,0,203,199,,0,0,0,0,4
2020-11-04,US,Puerto Rico,Aguada,473,0,0,18.360255,-67.17513100000001,72003.0,1127.29092685717,0.0,473,472,0,0,472,469,,1,0,0,1,3
2020-11-04,US,Puerto Rico,Aguadilla,668,0,0,18.459681,-67.12081500000001,72005.0,1095.9982936553513,0.0,668,667,0,0,667,656,,1,0,0,1,11
2020-11-04,US,Puerto Rico,Aguas Buenas,419,0,0,18.251619,-66.126806,72007.0,1462.018912034614,0.0,419,418,0,0,418,397,,1,0,0,1,21
2020-11-04,US,Puerto Rico,Aibonito,223,0,0,18.131361,-66.264131,72009.0,861.003861003861,0.0,223,223,0,0,223,222,,0,0,0,0,1
2020-11-04,US,Puerto Rico,Anasco,323,0,0,18.287985,-67.120611,72011.0,1103.858378045863,0.0,323,321,0,0,321,315,,2,0,0,2,6
2020-11-04,US,Puerto Rico,Arecibo,1165,0,0,18.406631,-66.675077,72013.0,1208.004977187889,0.0,1165,1164,0,0,1164,1146,,1,0,0,1,18
2020-11-04,US,Puerto Rico,Arroyo,213,0,0,17.998457000000005,-66.056546,72015.0,1088.1226053639846,0.0,213,213,0,0,213,212,,0,0,0,0,1
2020-11-04,US,Puerto Rico,Barceloneta,343,0,0,18.445532999999998,-66.56053100000001,72017.0,1382.17279174726,0.0,343,343,0,0,343,334,,0,0,0,0,9
2020-11-04,US,Puerto Rico,Barranquitas,654,0,0,18.201592,-66.30963,72019.0,2157.1343756184447,0.0,654,653,0,0,653,651,,1,0,0,1,2
2020-11-04,US,Puerto Rico,Bayamon,5264,0,0,18.34946,-66.168435,72021.0,2529.3586269196026,0.0,5264,5258,0,0,5258,5161,,6,0,0,6,97
2020-11-04,US,Puerto Rico,Cabo Rojo,557,0,0,18.040993,-67.154391,72023.0,1093.937191900544,0.0,557,557,0,0,557,545,,0,0,0,0,12
2020-11-04,US,Puerto Rico,Caguas,2393,0,0,18.211615,-66.050779,72025.0,1674.6796554064927,0.0,2393,2391,0,0,2391,2362,,2,0,0,2,29
2020-11-04,US,Puerto Rico,Camuy,426,0,0,18.418578,-66.860206,72027.0,1211.6385562729315,0.0,426,426,0,0,426,421,,0,0,0,0,5
2020-11-04,US,Puerto Rico,Canovanas,982,0,0,18.328802,-65.887612,72029.0,2060.946944257891,0.0,982,981,0,0,981,970,,1,0,0,1,11
2020-11-04,US,Puerto Rico,Carolina,4323,0,0,18.374986,-65.95683100000001,72031.0,2445.661397811747,0.0,4323,4318,0,0,4318,4295,,5,0,0,5,23
2020-11-04,US,Puerto Rico,Catano,653,0,0,18.437269,-66.14330600000001,72033.0,2320.540156361052,0.0,653,651,0,0,651,637,,2,0,0,2,14
2020-11-04,US,Puerto Rico,Cayey,556,0,0,18.102851,-66.14914,72035.0,1155.4687337642094,0.0,556,556,0,0,556,550,,0,0,0,0,6
2020-11-04,US,Puerto Rico,Ceiba,211,0,0,18.251818,-65.666416,72037.0,1547.9421905949673,0.0,211,211,0,0,211,211,,0,0,0,0,0
2020-11-04,US,Puerto Rico,Ciales,367,0,0,18.28885,-66.516475,72039.0,1953.9985092109464,0.0,367,367,0,0,367,364,,0,0,0,0,3
2020-11-04,US,Puerto Rico,Cidra,464,0,0,18.173559,-66.161179,72041.0,1067.1573137074515,0.0,464,464,0,0,464,457,,0,0,0,0,7
2020-11-04,US,Puerto Rico,Coamo,447,0,0,18.097597,-66.36014,72043.0,1103.3767772511846,0.0,447,447,0,0,447,446,,0,0,0,0,1
2020-11-04,US,Puerto Rico,Comerio,314,0,0,18.224687,-66.221622,72045.0,1511.213783809799,0.0,314,314,0,0,314,299,,0,0,0,0,15
2020-11-04,US,Puerto Rico,Corozal,938,0,0,18.304264,-66.327738,72047.0,2525.4428948360346,0.0,938,937,0,0,937,931,,1,0,0,1,6
2020-11-04,US,Puerto Rico,Culebra,23,0,0,18.31586,-65.28813000000001,72049.0,1265.1265126512649,0.0,23,23,0,0,23,23,,0,0,0,0,0
2020-11-04,US,Puerto Rico,Dorado,1199,0,0,18.436115,-66.278669,72051.0,3141.6219048866765,0.0,1199,1197,0,0,1197,1176,,2,0,0,2,21
2020-11-04,US,Puerto Rico,Fajardo,776,0,0,18.318373,-65.666866,72053.0,2097.6941583542834,0.0,776,776,0,0,776,773,,0,0,0,0,3
2020-11-04,US,Puerto Rico,Florida,410,0,0,18.373715,-66.560488,72054.0,3233.4384858044164,0.0,410,410,0,0,410,407,,0,0,0,0,3
2020-11-04,US,Puerto Rico,Guanica,179,0,0,17.982429,-66.91964300000001,72055.0,921.3980542543884,0.0,179,179,0,0,179,178,,0,0,0,0,1
2020-11-04,US,Puerto Rico,Guayama,394,0,0,18.007516,-66.13390799999999,72057.0,868.5684052731361,0.0,394,394,0,0,394,394,,0,0,0,0,0
2020-11-04,US,Puerto Rico,Guayanilla,273,0,0,18.039942,-66.79186,72059.0,1265.001621796951,0.0,273,273,0,0,273,264,,0,0,0,0,9
2020-11-04,US,Puerto Rico,Guaynabo,2444,0,0,18.345114000000002,-66.11452299999999,72061.0,2495.813079531065,0.0,2444,2443,0,0,2443,2427,,1,0,0,1,16
2020-11-04,US,Puerto Rico,Gurabo,818,0,0,18.266461,-65.97970500000001,72063.0,1802.9932332650048,0.0,818,818,0,0,818,811,,0,0,0,0,7
2020-11-04,US,Puerto Rico,Hatillo,466,0,0,18.410928,-66.79632600000001,72065.0,1110.7668104783922,0.0,466,466,0,0,466,459,,0,0,0,0,7
2020-11-04,US,Puerto Rico,Hormigueros,227,0,0,18.134532,-67.113972,72067.0,1315.9420289855072,0.0,227,227,0,0,227,224,,0,0,0,0,3
2020-11-04,US,Puerto Rico,Humacao,840,0,0,18.145211,-65.810174,72069.0,1436.732459891219,0.0,840,840,0,0,840,831,,0,0,0,0,9
2020-11-04,US,Puerto Rico,Isabela,420,0,0,18.44981,-67.005093,72071.0,920.4269027634724,0.0,420,419,0,0,419,412,,1,0,0,1,7
2020-11-04,US,Puerto Rico,Jayuya,301,0,0,18.211446,-66.58878,72073.0,1808.6768417257545,0.0,301,301,0,0,301,301,,0,0,0,0,0
2020-11-04,US,Puerto Rico,Juana Diaz,481,0,0,18.050764,-66.49458100000001,72075.0,602.0251073256818,0.0,481,481,0,0,481,476,,0,0,0,0,5
2020-11-04,US,Puerto Rico,Juncos,628,0,0,18.223793,-65.909109,72077.0,1558.6994291387439,0.0,628,627,0,0,627,622,,1,0,0,1,5
2020-11-04,US,Puerto Rico,Lajas,227,0,0,18.011661,-67.040585,72079.0,881.4507047722595,0.0,227,227,0,0,227,226,,0,0,0,0,1
2020-11-04,US,Puerto Rico,Lares,484,0,0,18.269035000000002,-66.867236,72081.0,1573.8301954280885,0.0,484,483,0,0,483,477,,1,0,0,1,6
2020-11-04,US,Puerto Rico,Las Marias,131,0,0,18.23679,-66.98362,72083.0,1325.7767432446108,0.0,131,131,0,0,131,131,,0,0,0,0,0
2020-11-04,US,Puerto Rico,Las Piedras,736,0,0,18.187527,-65.86946800000001,72085.0,1903.0381383322558,0.0,736,736,0,0,736,726,,0,0,0,0,10
2020-11-04,US,Puerto Rico,Loiza,400,0,0,18.425688,-65.89943000000001,72087.0,1330.671989354624,0.0,400,399,0,0,399,397,,1,0,0,1,2
2020-11-04,US,Puerto Rico,Luquillo,346,0,0,18.342114000000002,-65.72509699999999,72089.0,1724.1379310344828,0.0,346,346,0,0,346,340,,0,0,0,0,6
2020-11-04,US,Puerto Rico,Manati,802,0,0,18.420473,-66.490461,72091.0,1818.0581687937802,0.0,802,801,0,0,801,796,,1,0,0,1,5
2020-11-04,US,Puerto Rico,Maricao,97,0,0,18.171795,-66.942126,72093.0,1545.570427023582,0.0,97,97,0,0,97,97,,0,0,0,0,0
2020-11-04,US,Puerto Rico,Maunabo,177,0,0,18.017889,-65.922235,72095.0,1447.8527607361966,0.0,177,177,0,0,177,177,,0,0,0,0,0
2020-11-04,US,Puerto Rico,Mayaguez,1050,0,0,18.2013,-67.1452,72097.0,1178.7157611136058,0.0,1050,1047,0,0,1047,1040,,3,0,0,3,7
2020-11-04,US,Puerto Rico,Moca,510,0,0,18.377805,-67.080952,72099.0,1271.5350669425816,0.0,510,509,0,0,509,504,,1,0,0,1,5
2020-11-04,US,Puerto Rico,Morovis,644,0,0,18.316963,-66.420383,72101.0,1974.854339159767,0.0,644,644,0,0,644,639,,0,0,0,0,5
2020-11-04,US,Puerto Rico,Naguabo,405,0,0,18.230636999999998,-65.753897,72103.0,1515.7185628742511,0.0,405,405,0,0,405,399,,0,0,0,0,6
2020-11-04,US,Puerto Rico,Naranjito,882,0,0,18.288019,-66.252703,72105.0,2901.1249259917113,0.0,882,881,0,0,881,877,,1,0,0,1,4
2020-11-04,US,Puerto Rico,Orocovis,444,0,0,18.215046,-66.433604,72107.0,1895.5727276608457,0.0,444,444,0,0,444,444,,0,0,0,0,0
2020-11-04,US,Puerto Rico,Out of PR,804,0,0,0.0,0.0,72888.0,0.0,0.0,804,804,0,0,804,804,,0,0,0,0,0
2020-11-04,US,Puerto Rico,Patillas,217,0,0,18.03174,-66.012242,72109.0,1125.6938320278052,0.0,217,217,0,0,217,217,,0,0,0,0,0
2020-11-04,US,Puerto Rico,Penuelas,165,0,0,18.059645,-66.721572,72111.0,679.5156906350383,0.0,165,165,0,0,165,160,,0,0,0,0,5
2020-11-04,US,Puerto Rico,Ponce,1363,0,0,18.059498,-66.613748,72113.0,819.470080023087,0.0,1363,1361,0,0,1361,1341,,2,0,0,2,20
2020-11-04,US,Puerto Rico,Quebradillas,291,0,0,18.439692,-66.926113,72115.0,1122.7285003279449,0.0,291,291,0,0,291,284,,0,0,0,0,7
2020-11-04,US,Puerto Rico,Rincon,246,0,0,18.335442999999998,-67.23174,72117.0,1618.421052631579,0.0,246,246,0,0,246,245,,0,0,0,0,1
2020-11-04,US,Puerto Rico,Rio Grande,909,0,0,18.346329,-65.813742,72119.0,1673.9098408956986,0.0,909,909,0,0,909,900,,0,0,0,0,9
2020-11-04,US,Puerto Rico,Sabana Grande,247,0,0,18.08282,-66.943758,72121.0,977.6370472986343,0.0,247,247,0,0,247,243,,0,0,0,0,4
2020-11-04,US,Puerto Rico,Salinas,586,0,0,18.010386999999994,-66.256592,72123.0,1885.5782225368428,0.0,586,585,0,0,585,577,,1,0,0,1,8
2020-11-04,US,Puerto Rico,San German,348,0,0,18.111484,-67.03858100000001,72125.0,979.5366904044812,0.0,348,348,0,0,348,342,,0,0,0,0,6
2020-11-04,US,Puerto Rico,San Juan,10969,0,0,18.386933,-66.061128,72127.0,2774.6720428203557,0.0,10969,10953,0,0,10953,10872,,16,0,0,16,81
2020-11-04,US,Puerto Rico,San Lorenzo,759,0,0,18.147987,-65.976392,72129.0,1848.604413269034,0.0,759,756,0,0,756,749,,3,0,0,3,7
2020-11-04,US,Puerto Rico,San Sebastian,816,0,0,18.328646,-66.971214,72131.0,1923.1675701154845,0.0,816,816,0,0,816,812,,0,0,0,0,4
2020-11-04,US,Puerto Rico,Santa Isabel,293,0,0,17.994525,-66.388913,72133.0,1258.9155280570594,0.0,293,293,0,0,293,283,,0,0,0,0,10
2020-11-04,US,Puerto Rico,Toa Alta,1890,0,0,18.362406,-66.246616,72135.0,2551.778143817676,0.0,1890,1885,0,0,1885,1862,,5,0,0,5,23
2020-11-04,US,Puerto Rico,Toa Baja,2123,0,0,18.431445999999998,-66.213553,72137.0,2369.1816670200533,0.0,2123,2122,0,0,2122,2082,,1,0,0,1,40
2020-11-04,US,Puerto Rico,Trujillo Alto,1693,0,0,18.336159,-65.99888399999999,72139.0,2262.0988215173293,0.0,1693,1687,0,0,1687,1681,,6,0,0,6,6
2020-11-04,US,Puerto Rico,Unassigned,1378,850,0,0.0,0.0,72999.0,0.0,61.683599419448484,528,1376,842,0,534,1360,,2,8,0,-6,16
2020-11-04,US,Puerto Rico,Utuado,290,0,0,18.271214,-66.702984,72141.0,874.8378533289089,0.0,290,289,0,0,289,289,,1,0,0,1,0
2020-11-04,US,Puerto Rico,Vega Alta,1040,0,0,18.409346,-66.33725,72143.0,2603.1889064103525,0.0,1040,1039,0,0,1039,1007,,1,0,0,1,32
2020-11-04,US,Puerto Rico,Vega Baja,1293,0,0,18.428262,-66.397924,72145.0,2167.208608494519,0.0,1293,1293,0,0,1293,1275,,0,0,0,0,18
2020-11-04,US,Puerto Rico,Vieques,107,0,0,18.123276,-65.44097099999999,72147.0,1150.4139339855928,0.0,107,107,0,0,107,107,,0,0,0,0,0
2020-11-04,US,Puerto Rico,Villalba,282,0,0,18.127951,-66.473115,72149.0,1081.5786445748474,0.0,282,280,0,0,280,274,,2,0,0,2,6
2020-11-04,US,Puerto Rico,Yabucoa,499,0,0,18.070399,-65.896289,72151.0,1315.1999156585225,0.0,499,499,0,0,499,497,,0,0,0,0,2
2020-11-04,US,Puerto Rico,Yauco,619,0,0,18.080374,-66.858814,72153.0,1472.3021668291985,0.0,619,619,0,0,619,611,,0,0,0,0,8
2020-11-04,US,Rhode Island,Bristol,661,20,0,41.71018079,-71.28652315,44001.0,1363.476969409435,3.02571860816944,641,558,19,0,539,558,48649,103,1,0,102,0
2020-11-04,US,Rhode Island,Kent,2908,124,0,41.67106337,-71.57641596,44003.0,1770.0192340466974,4.264099037138927,2784,2566,121,0,2445,2566,163861,342,3,0,339,0
2020-11-04,US,Rhode Island,Newport,797,10,0,41.5642026,-71.26569799,44005.0,970.9802392729222,1.2547051442910917,787,678,10,0,668,678,82542,119,0,0,119,0
2020-11-04,US,Rhode Island,Providence,25309,970,0,41.87064746,-71.57753536,44007.0,3961.147604357904,3.832628709154846,24339,23320,951,0,22369,23320,636084,1989,19,0,1970,0
2020-11-04,US,Rhode Island,Unassigned,4009,10,0,0.0,0.0,90044.0,0.0,0.24943876278373656,3999,6086,33,0,6053,5663,,-2077,-23,0,-2054,423
2020-11-04,US,Rhode Island,Washington,1438,80,0,41.45961631,-71.61435303,44009.0,1145.1141530694315,5.563282336578581,1358,1335,78,0,1257,1335,126179,103,2,0,101,0
2020-11-04,US,South Carolina,Abbeville,812,18,0,34.22333378,-82.46170658,45001.0,3310.6372569005584,2.2167487684729066,794,808,18,0,790,806,24541,4,0,0,4,2
2020-11-04,US,South Carolina,Aiken,5243,89,0,33.54338026,-81.63645384,45003.0,3068.378669413362,1.6975014304787337,5154,5210,87,0,5123,5160,169401,33,2,0,31,50
2020-11-04,US,South Carolina,Allendale,428,7,0,32.98837386,-81.35321066,45005.0,4926.33517495396,1.6355140186915889,421,426,7,0,419,424,8903,2,0,0,2,2
2020-11-04,US,South Carolina,Anderson,6189,208,0,34.51828081,-82.63959517,45007.0,3055.421163321123,3.360801421877525,5981,6150,209,0,5941,6083,200482,39,-1,0,40,67
2020-11-04,US,South Carolina,Bamberg,700,34,0,33.21927586,-81.05659969,45009.0,4976.539172472629,4.857142857142857,666,699,34,0,665,699,14275,1,0,0,1,0
2020-11-04,US,South Carolina,Barnwell,892,25,0,33.26679302,-81.43584352,45011.0,4274.896961564267,2.802690582959641,867,894,25,0,869,887,21112,-2,0,0,-2,7
2020-11-04,US,South Carolina,Beaufort,6287,93,0,32.39226291,-80.72619758,45013.0,3272.3998292751476,1.4792428821377446,6194,6261,93,0,6168,6240,188715,26,0,0,26,21
2020-11-04,US,South Carolina,Berkeley,6327,96,0,33.20222596,-79.94654523,45015.0,2776.1323697824114,1.5173067804646752,6231,6292,95,0,6197,6268,221091,35,1,0,34,24
2020-11-04,US,South Carolina,Calhoun,516,18,0,33.66926881,-80.77722168,45017.0,3545.6606885178307,3.4883720930232562,498,515,18,0,497,515,14520,1,0,0,1,0
2020-11-04,US,South Carolina,Charleston,17655,283,0,32.82487866,-79.96512315,45019.0,4291.381263277638,1.6029453412630985,17372,17596,283,0,17313,17529,405905,59,0,0,59,67
2020-11-04,US,South Carolina,Cherokee,1593,53,0,35.05122251,-81.61828622,45021.0,2780.104712041885,3.3270558694287513,1540,1589,53,0,1536,1582,57078,4,0,0,4,7
2020-11-04,US,South Carolina,Chester,1303,30,0,34.69249168,-81.1583216,45023.0,4041.061902989704,2.3023791250959325,1273,1285,28,0,1257,1277,32251,18,2,0,16,8
2020-11-04,US,South Carolina,Chesterfield,1535,48,0,34.64137396,-80.15640140000002,45025.0,3362.541073384447,3.127035830618893,1487,1532,46,0,1486,1516,45754,3,2,0,1,16
2020-11-04,US,South Carolina,Clarendon,1225,69,0,33.66610974,-80.21647898,45027.0,3630.167432212179,5.632653061224491,1156,1207,68,0,1139,1195,33700,18,1,0,17,12
2020-11-04,US,South Carolina,Colleton,1324,49,0,32.87582989,-80.67641292,45029.0,3514.080208084508,3.7009063444108765,1275,1313,49,0,1264,1299,37660,11,0,0,11,14
2020-11-04,US,South Carolina,Darlington,2588,67,0,34.33358335,-79.96027485,45031.0,3884.835930229067,2.5888717156105097,2521,2584,67,0,2517,2569,66802,4,0,0,4,15
2020-11-04,US,South Carolina,Dillon,1367,48,0,34.39007791,-79.37741872,45033.0,4485.0552839660095,3.5113386978785663,1319,1361,48,0,1313,1346,30599,6,0,0,6,15
2020-11-04,US,South Carolina,Dorchester,4967,103,0,33.0794369,-80.40502652,45035.0,3050.814144181218,2.073686329776525,4864,4946,103,0,4843,4929,160647,21,0,0,21,17
2020-11-04,US,South Carolina,Edgefield,960,22,0,33.77221995,-81.96231108,45037.0,3521.643433602348,2.2916666666666665,938,953,22,0,931,944,27052,7,0,0,7,9
2020-11-04,US,South Carolina,Fairfield,890,40,0,34.39287073,-81.1195624,45039.0,3982.6374904908935,4.49438202247191,850,886,40,0,846,880,22402,4,0,0,4,6
2020-11-04,US,South Carolina,Florence,5780,204,0,34.02361754,-79.70189312,45041.0,4179.531863507192,3.5294117647058822,5576,5771,204,0,5567,5747,138159,9,0,0,9,24
2020-11-04,US,South Carolina,Georgetown,2445,57,0,33.43443342,-79.33202141,45043.0,3900.7657945118067,2.3312883435582816,2388,2436,56,0,2380,2413,62249,9,1,0,8,23
2020-11-04,US,South Carolina,Greenville,18601,360,0,34.89502264,-82.37295012,45045.0,3552.914570368757,1.9353798182893396,18241,18437,359,0,18078,18345,514213,164,1,0,163,92
2020-11-04,US,South Carolina,Greenwood,2633,77,0,34.15272415,-82.12715789,45047.0,3718.348844106141,2.9244208127611087,2556,2627,77,0,2550,2616,70741,6,0,0,6,11
2020-11-04,US,South Carolina,Hampton,778,31,0,32.77419582,-81.13845571,45049.0,4047.445635209656,3.9845758354755785,747,776,31,0,745,776,19351,2,0,0,2,0
2020-11-04,US,South Carolina,Horry,12786,236,0,33.9212828,-78.99555293,45051.0,3611.0381522871885,1.8457688096355391,12550,12743,235,0,12508,12676,344147,43,1,0,42,67
2020-11-04,US,South Carolina,Jasper,958,23,0,32.43171982,-81.02487495,45053.0,3185.581751072391,2.400835073068893,935,949,23,0,926,948,28971,9,0,0,9,1
2020-11-04,US,South Carolina,Kershaw,2597,52,0,34.33988254,-80.58763164,45055.0,3902.270439212033,2.002310358105506,2545,2588,51,0,2537,2562,65592,9,1,0,8,26
2020-11-04,US,South Carolina,Lancaster,2717,62,0,34.68270843,-80.70513032,45057.0,2772.1095376076396,2.2819285977180708,2655,2693,62,0,2631,2679,95380,24,0,0,24,14
2020-11-04,US,South Carolina,Laurens,1994,62,0,34.48244419,-82.00490796,45059.0,2954.3804542693315,3.1093279839518555,1932,1982,62,0,1920,1977,66994,12,0,0,12,5
2020-11-04,US,South Carolina,Lee,799,36,0,34.16393091,-80.25690731,45061.0,4748.038982647968,4.505632040050061,763,796,36,0,760,795,17142,3,0,0,3,1
2020-11-04,US,South Carolina,Lexington,9468,214,0,33.89665987,-81.27146426,45063.0,3169.2050209205017,2.260245035910436,9254,9388,214,0,9174,9324,295032,80,0,0,80,64
2020-11-04,US,South Carolina,Marion,1188,45,0,34.07859748,-79.36400756,45067.0,3875.1345532831,3.787878787878788,1143,1187,45,0,1142,1184,31039,1,0,0,1,3
2020-11-04,US,South Carolina,Marlboro,1172,15,0,34.59905577,-79.67561152,45069.0,4487.326747836741,1.2798634812286689,1157,1173,14,0,1159,1165,26398,-1,1,0,-2,8
2020-11-04,US,South Carolina,McCormick,285,7,0,33.90161443,-82.30794338,45065.0,3011.729895382014,2.456140350877193,278,284,7,0,277,284,9410,1,0,0,1,0
2020-11-04,US,South Carolina,Newberry,1732,57,0,34.28629098,-81.59935761,45071.0,4505.723204994797,3.2909930715935336,1675,1723,56,0,1667,1718,38520,9,1,0,8,5
2020-11-04,US,South Carolina,Oconee,2587,34,0,34.75225169,-83.06742317,45073.0,3252.2062705855733,1.3142636258214149,2553,2577,34,0,2543,2563,78374,10,0,0,10,14
2020-11-04,US,South Carolina,Orangeburg,3427,131,0,33.4391073,-80.79886287,45075.0,3976.791412822744,3.822585351619492,3296,3419,131,0,3288,3404,86934,8,0,0,8,15
2020-11-04,US,South Carolina,Pickens,4796,68,0,34.88807695,-82.72791551,45077.0,3779.830396267457,1.4178482068390326,4728,4757,68,0,4689,4724,124937,39,0,0,39,33
2020-11-04,US,South Carolina,Richland,17864,277,0,34.01791263,-80.90267209,45079.0,4296.719974793089,1.5506045678459472,17587,17788,276,0,17512,17716,414576,76,1,0,75,72
2020-11-04,US,South Carolina,Saluda,745,25,0,34.00795823,-81.72713237,45081.0,3638.939090509452,3.355704697986577,720,743,25,0,718,736,20544,2,0,0,2,7
2020-11-04,US,South Carolina,Spartanburg,9568,242,0,34.92960077,-81.99225984,45083.0,2992.010256891349,2.5292642140468233,9326,9523,241,0,9282,9462,313888,45,1,0,44,61
2020-11-04,US,South Carolina,Sumter,3652,92,0,33.91826534,-80.37942316,45085.0,3422.006915227556,2.5191675794085437,3560,3644,91,0,3553,3630,106512,8,1,0,7,14
2020-11-04,US,South Carolina,Union,811,20,0,34.68835752,-81.61730349,45087.0,2968.9559232684137,2.466091245376079,791,807,20,0,787,806,27410,4,0,0,4,1
2020-11-04,US,South Carolina,Williamsburg,1485,50,0,33.62190129,-79.72767442,45089.0,4890.015806111696,3.3670033670033668,1435,1481,50,0,1431,1473,30606,4,0,0,4,8
2020-11-04,US,South Carolina,York,7201,108,0,34.97281497,-81.18085944,45091.0,2562.824979802761,1.4997916955978337,7093,7153,107,0,7046,7046,274118,48,1,0,47,107
2020-11-04,US,South Dakota,Aurora,219,0,0,43.71757685,-98.56050467,46003.0,7960.741548527808,0.0,219,215,0,0,215,209,2801,4,0,0,4,6
2020-11-04,US,South Dakota,Beadle,1479,16,0,44.41464384,-98.27858469,46005.0,8014.956917574377,1.0818120351588911,1463,1434,15,0,1419,1423,18883,45,1,0,44,11
2020-11-04,US,South Dakota,Bennett,230,5,0,43.19486375,-101.6665572,46007.0,6835.066864784547,2.1739130434782608,225,225,5,0,220,222,3468,5,0,0,5,3
2020-11-04,US,South Dakota,Bon Homme,1102,1,0,42.98914167,-97.88592746,46009.0,15968.700188378496,0.09074410163339383,1101,1086,1,0,1085,1022,6980,16,0,0,16,64
2020-11-04,US,South Dakota,Brookings,1601,7,0,44.36974375,-96.79079945,46011.0,4564.244376657069,0.4372267332916927,1594,1590,7,0,1583,1565,35232,11,0,0,11,25
2020-11-04,US,South Dakota,Brown,2330,6,0,45.58994323,-98.35165355,46013.0,5999.124591261361,0.2575107296137339,2324,2313,6,0,2307,2274,39316,17,0,0,17,39
2020-11-04,US,South Dakota,Brule,351,2,0,43.71756379,-99.08118954,46015.0,6626.3922975269015,0.5698005698005698,349,334,2,0,332,328,5229,17,0,0,17,6
2020-11-04,US,South Dakota,Buffalo,287,4,0,44.07657829,-99.20814467,46017.0,14627.930682976556,1.3937282229965158,283,277,4,0,273,272,2036,10,0,0,10,5
2020-11-04,US,South Dakota,Butte,451,3,0,44.90608745,-103.5079318,46019.0,4324.4798158979775,0.6651884700665188,448,440,3,0,437,425,10222,11,0,0,11,15
2020-11-04,US,South Dakota,Campbell,84,1,0,45.77074915,-100.0510181,46021.0,6104.651162790698,1.1904761904761905,83,84,1,0,83,83,1377,0,0,0,0,1
2020-11-04,US,South Dakota,Charles Mix,467,1,0,43.20660134,-98.58856175,46023.0,5025.828669823504,0.21413276231263384,466,453,1,0,452,443,9338,14,0,0,14,10
2020-11-04,US,South Dakota,Clark,153,1,0,44.85834507,-97.72925109,46025.0,4095.289079229122,0.6535947712418301,152,151,1,0,150,146,3739,2,0,0,2,5
2020-11-04,US,South Dakota,Clay,914,8,0,42.91296147,-96.97656917,46027.0,6496.090973702914,0.8752735229759301,906,896,8,0,888,884,14041,18,0,0,18,12
2020-11-04,US,South Dakota,Codington,1755,16,0,44.97788119,-97.18827677,46029.0,6265.84312185369,0.9116809116809116,1739,1735,15,0,1720,1706,28015,20,1,0,19,29
2020-11-04,US,South Dakota,Corson,250,2,0,45.70889983,-101.1970473,46031.0,6118.4532550171325,0.8,248,241,2,0,239,238,4165,9,0,0,9,3
2020-11-04,US,South Dakota,Custer,352,4,0,43.67741105,-103.45345209999999,46033.0,3923.3169861792244,1.1363636363636365,348,345,3,0,342,337,8726,7,1,0,6,8
2020-11-04,US,South Dakota,Davison,1202,10,0,43.67490933,-98.14458906,46035.0,6078.3817951959545,0.8319467554076541,1192,1189,10,0,1179,1143,19790,13,0,0,13,46
2020-11-04,US,South Dakota,Day,184,2,0,45.367281,-97.60737498,46037.0,3392.3303834808253,1.0869565217391304,182,183,2,0,181,180,5505,1,0,0,1,3
2020-11-04,US,South Dakota,Deuel,206,1,0,44.75994309,-96.66943645,46039.0,4734.543783038382,0.4854368932038835,205,205,1,0,204,203,4337,1,0,0,1,2
2020-11-04,US,South Dakota,Dewey,439,1,0,45.15639647,-100.8709139,46041.0,7450.7807196198255,0.2277904328018223,438,427,1,0,426,406,5904,12,0,0,12,21
2020-11-04,US,South Dakota,Douglas,189,5,0,43.38520741,-98.36978007,46043.0,6470.386853817186,2.6455026455026456,184,185,5,0,180,180,2935,4,0,0,4,5
2020-11-04,US,South Dakota,Edmunds,167,1,0,45.41846445,-99.21545423,46045.0,4361.4520762601205,0.5988023952095808,166,162,1,0,161,157,3875,5,0,0,5,5
2020-11-04,US,South Dakota,Fall River,244,6,0,43.23929297,-103.5275691,46047.0,3634.7385669596306,2.459016393442623,238,238,6,0,232,235,6758,6,0,0,6,3
2020-11-04,US,South Dakota,Faulk,230,2,0,45.07082625,-99.14535601,46049.0,10004.349717268378,0.8695652173913043,228,228,2,0,226,225,2330,2,0,0,2,3
2020-11-04,US,South Dakota,Grant,341,3,0,45.1723937,-96.77002276,46051.0,4835.507657402155,0.8797653958944281,338,334,3,0,331,330,7147,7,0,0,7,4
2020-11-04,US,South Dakota,Gregory,269,10,0,43.19419064,-99.18883902,46053.0,6427.718040621266,3.717472118959108,259,261,10,0,251,257,4212,8,0,0,8,4
2020-11-04,US,South Dakota,Haakon,106,2,0,44.29299053,-101.539099,46055.0,5581.885202738284,1.8867924528301887,104,105,2,0,103,104,1918,1,0,0,1,1
2020-11-04,US,South Dakota,Hamlin,236,0,0,44.67385954,-97.18829593,46057.0,3828.6826735885793,0.0,236,234,0,0,234,230,6111,2,0,0,2,4
2020-11-04,US,South Dakota,Hand,163,1,0,44.54708407,-99.00386459,46059.0,5108.116577875274,0.6134969325153374,162,158,1,0,157,155,3262,5,0,0,5,3
2020-11-04,US,South Dakota,Hanson,119,1,0,43.6746384,-97.78715148,46061.0,3446.2785983203007,0.8403361344537815,118,114,1,0,113,111,3376,5,0,0,5,3
2020-11-04,US,South Dakota,Harding,63,0,0,45.58015551,-103.4958629,46063.0,4853.620955315871,0.0,63,62,0,0,62,60,1249,1,0,0,1,2
2020-11-04,US,South Dakota,Hughes,952,8,0,44.39091534,-99.99661148,46065.0,5431.9297044391205,0.8403361344537815,944,943,8,0,935,937,17650,9,0,0,9,6
2020-11-04,US,South Dakota,Hutchinson,268,2,0,43.33449012,-97.75536441,46067.0,3675.764641338637,0.746268656716418,266,261,2,0,259,257,7380,7,0,0,7,4
2020-11-04,US,South Dakota,Hyde,54,0,0,44.54747703,-99.48572582,46069.0,4150.65334358186,0.0,54,53,0,0,53,52,1282,1,0,0,1,1
2020-11-04,US,South Dakota,Jackson,143,3,0,43.69318385,-101.6255063,46071.0,4276.315789473684,2.097902097902098,140,141,3,0,138,137,3307,2,0,0,2,4
2020-11-04,US,South Dakota,Jerauld,175,13,0,44.06637798,-98.62965972,46073.0,8693.492300049676,7.428571428571429,162,170,13,0,157,169,2043,5,0,0,5,1
2020-11-04,US,South Dakota,Jones,37,0,0,43.96278565,-100.6940008,46075.0,4097.452934662237,0.0,37,37,0,0,37,35,928,0,0,0,0,2
2020-11-04,US,South Dakota,Kingsbury,239,3,0,44.36956169,-97.4913945,46077.0,4839.036242154282,1.2552301255230125,236,232,2,0,230,228,4919,7,1,0,6,4
2020-11-04,US,South Dakota,Lake,476,9,0,44.02193107,-97.12926365,46079.0,3719.6217863561774,1.8907563025210083,467,464,9,0,455,453,13057,12,0,0,12,11
2020-11-04,US,South Dakota,Lawrence,1155,7,0,44.35919441,-103.79294279999999,46081.0,4469.122426868907,0.6060606060606061,1148,1115,7,0,1108,1070,25741,40,0,0,40,45
2020-11-04,US,South Dakota,Lincoln,3367,22,0,43.27841182,-96.72039050000001,46083.0,5508.114121188327,0.6534006534006535,3345,3292,22,0,3270,3226,58807,75,0,0,75,66
2020-11-04,US,South Dakota,Lyman,300,6,0,43.89522709,-99.85201878,46085.0,7934.408886537953,2.0,294,296,6,0,290,294,3821,4,0,0,4,2
2020-11-04,US,South Dakota,Marshall,71,2,0,45.75870838,-97.59855639,46091.0,1438.7031408308005,2.8169014084507036,69,69,1,0,68,67,5112,2,1,0,1,2
2020-11-04,US,South Dakota,McCook,324,1,0,43.6742571,-97.36863144,46087.0,5800.214822771215,0.308641975308642,323,315,1,0,314,307,5546,9,0,0,9,8
2020-11-04,US,South Dakota,McPherson,73,1,0,45.76626028,-99.22118798,46089.0,3068.5161832702806,1.3698630136986298,72,73,0,0,73,72,2407,0,1,0,-1,1
2020-11-04,US,South Dakota,Meade,1090,10,0,44.56676791,-102.71627409999999,46093.0,3847.239870111535,0.9174311926605504,1080,1076,10,0,1066,1052,28294,14,0,0,14,24
2020-11-04,US,South Dakota,Mellette,101,1,0,43.58078848,-100.7563186,46095.0,4900.53372149442,0.99009900990099,100,98,1,0,97,94,2042,3,0,0,3,4
2020-11-04,US,South Dakota,Miner,149,2,0,44.02197882,-97.60992207,46097.0,6723.826714801444,1.342281879194631,147,149,2,0,147,148,2213,0,0,0,0,1
2020-11-04,US,South Dakota,Minnehaha,13186,118,0,43.67441641,-96.7910885,46099.0,6827.384096016237,0.8948885181252844,13068,12985,115,0,12870,12758,192876,201,3,0,198,227
2020-11-04,US,South Dakota,Moody,259,3,0,44.02266214,-96.67081159,46101.0,3938.564476885645,1.1583011583011582,256,252,3,0,249,245,6579,7,0,0,7,7
2020-11-04,US,South Dakota,Oglala Lakota,1121,9,0,43.33749164,-102.55554980000001,46102.0,7907.173591027721,0.8028545941123997,1112,1089,9,0,1080,1063,14309,32,0,0,32,26
2020-11-04,US,South Dakota,Pennington,5181,51,0,44.0025835,-102.8240777,46103.0,4553.724456163481,0.9843659525188188,5130,5049,49,0,5000,4948,111729,132,2,0,130,101
2020-11-04,US,South Dakota,Perkins,84,0,0,45.49049506,-102.47555859999999,46105.0,2931.937172774869,0.0,84,82,0,0,82,80,2922,2,0,0,2,2
2020-11-04,US,South Dakota,Potter,151,0,0,45.06583079,-99.95498503,46107.0,7013.469577333953,0.0,151,143,0,0,143,141,2207,8,0,0,8,2
2020-11-04,US,South Dakota,Roberts,406,6,0,45.62975048,-96.94672673,46109.0,3906.099672888205,1.477832512315271,400,402,6,0,396,390,10447,4,0,0,4,12
2020-11-04,US,South Dakota,Sanborn,128,1,0,44.02351092,-98.09098159999999,46111.0,5460.750853242321,0.78125,127,123,1,0,122,116,2429,5,0,0,5,7
2020-11-04,US,South Dakota,Spink,356,1,0,44.93837606,-98.34626602,46115.0,5583.437892095358,0.2808988764044944,355,334,1,0,333,318,6495,22,0,0,22,16
2020-11-04,US,South Dakota,Stanley,102,0,0,44.41381872,-100.7349153,46117.0,3292.4467398321503,0.0,102,102,0,0,102,102,3022,0,0,0,0,0
2020-11-04,US,South Dakota,Sully,52,0,0,44.71571812,-100.1278092,46119.0,3738.3177570093458,0.0,52,48,0,0,48,47,1392,4,0,0,4,1
2020-11-04,US,South Dakota,Todd,545,6,0,43.19338568,-100.71955030000001,46121.0,5355.212734597622,1.1009174311926606,539,529,6,0,523,514,10283,16,0,0,16,15
2020-11-04,US,South Dakota,Tripp,300,2,0,43.34459388,-99.8854891,46123.0,5513.692335967653,0.6666666666666666,298,293,2,0,291,289,5478,7,0,0,7,4
2020-11-04,US,South Dakota,Turner,557,21,0,43.3109081,-97.14865776,46125.0,6643.606870229008,3.7701974865350087,536,546,18,0,528,534,8424,11,3,0,8,12
2020-11-04,US,South Dakota,Union,826,12,0,42.83112163,-96.6557828,46127.0,5184.534270650263,1.452784503631961,814,820,12,0,808,808,15619,6,0,0,6,12
2020-11-04,US,South Dakota,Walworth,290,10,0,45.43019636,-100.03075140000001,46129.0,5335.786568537258,3.4482758620689653,280,289,10,0,279,289,5587,1,0,0,1,0
2020-11-04,US,South Dakota,Yankton,975,6,0,43.00924485,-97.39467635,46135.0,4273.691592881563,0.6153846153846154,969,969,6,0,963,947,22869,6,0,0,6,22
2020-11-04,US,South Dakota,Ziebach,115,2,0,44.97881876,-101.6654622,46137.0,4172.714078374455,1.7391304347826086,113,111,2,0,109,110,2742,4,0,0,4,1
2020-11-04,US,Tennessee,Anderson,1938,18,0,36.12684348,-84.19965764,47001.0,2517.602431863649,0.9287925696594428,1920,1909,16,0,1893,1902,76482,29,2,0,27,7
2020-11-04,US,Tennessee,Bedford,1914,23,0,35.51123746,-86.45549096,47003.0,3850.0995715406425,1.2016718913270636,1891,1861,23,0,1838,1847,49038,53,0,0,53,14
2020-11-04,US,Tennessee,Benton,474,10,0,36.07110411,-88.06849355,47005.0,2933.1683168316827,2.109704641350211,464,462,10,0,452,462,16184,12,0,0,12,0
2020-11-04,US,Tennessee,Bledsoe,1057,4,0,35.59942968,-85.20611967,47007.0,7016.728624535316,0.3784295175023652,1053,1054,4,0,1050,1050,14755,3,0,0,3,4
2020-11-04,US,Tennessee,Blount,3726,43,0,35.68938198,-83.92847788,47009.0,2799.651358499639,1.1540526033279657,3683,3662,43,0,3619,3650,131349,64,0,0,64,12
2020-11-04,US,Tennessee,Bradley,3850,24,0,35.15739424,-84.857186,47011.0,3561.1876792156136,0.6233766233766234,3826,3823,24,0,3799,3778,106727,27,0,0,27,45
2020-11-04,US,Tennessee,Campbell,1159,14,0,36.40355516,-84.15108559999999,47013.0,2908.9905125244727,1.207937877480587,1145,1149,14,0,1135,1140,39583,10,0,0,10,9
2020-11-04,US,Tennessee,Cannon,464,2,0,35.80990797,-86.05738983,47015.0,3161.193623109415,0.4310344827586207,462,451,2,0,449,447,14462,13,0,0,13,4
2020-11-04,US,Tennessee,Carroll,1233,28,0,35.97366108,-88.45189331,47017.0,4440.5229228940825,2.2708840227088403,1205,1211,28,0,1183,1208,28020,22,0,0,22,3
2020-11-04,US,Tennessee,Carter,1833,37,0,36.28969086,-82.12588974,47019.0,3250.5186997925202,2.0185488270594654,1796,1798,37,0,1761,1748,56351,35,0,0,35,50
2020-11-04,US,Tennessee,Cheatham,1157,12,0,36.26136216,-87.08903581,47021.0,2845.05864706027,1.0371650821089022,1145,1146,12,0,1134,1139,40439,11,0,0,11,7
2020-11-04,US,Tennessee,Chester,771,17,0,35.42527478,-88.6095842,47023.0,4457.42036191247,2.2049286640726335,754,759,17,0,742,758,17276,12,0,0,12,1
2020-11-04,US,Tennessee,Claiborne,558,8,0,36.48319149,-83.65947309,47025.0,1745.9870459025626,1.4336917562724014,550,557,8,0,549,556,31756,1,0,0,1,1
2020-11-04,US,Tennessee,Clay,432,16,0,36.55151008,-85.53930419,47027.0,5673.013788575179,3.703703703703704,416,431,16,0,415,427,7717,1,0,0,1,4
2020-11-04,US,Tennessee,Cocke,1232,20,0,35.9278914,-83.11828725,47029.0,3421.842017553605,1.6233766233766234,1212,1209,18,0,1191,1201,35774,23,2,0,21,8
2020-11-04,US,Tennessee,Coffee,2131,31,0,35.49090731,-86.07311784,47031.0,3770.34677990092,1.4547160957297045,2100,2095,30,0,2065,2058,55700,36,1,0,35,37
2020-11-04,US,Tennessee,Crockett,971,24,0,35.81830662,-89.14916269,47033.0,6823.612087139845,2.4716786817713703,947,952,23,0,929,945,14328,19,1,0,18,7
2020-11-04,US,Tennessee,Cumberland,1764,29,0,35.95271721,-84.99840585,47035.0,2914.738929279577,1.643990929705215,1735,1735,28,0,1707,1732,59673,29,1,0,28,3
2020-11-04,US,Tennessee,Davidson,34006,357,0,36.17007426,-86.78646056,47037.0,4898.983496219806,1.0498147385755454,33649,33627,355,0,33272,33402,692587,379,2,0,377,225
2020-11-04,US,Tennessee,DeKalb,816,18,0,35.97616272,-85.83689361,47041.0,3982.4304538799415,2.2058823529411766,798,798,18,0,780,796,20138,18,0,0,18,2
2020-11-04,US,Tennessee,Decatur,703,11,0,35.60048904,-88.11043779,47039.0,6027.608677012776,1.5647226173541964,692,690,11,0,679,689,11706,13,0,0,13,1
2020-11-04,US,Tennessee,Dickson,1904,21,0,36.14669837,-87.35891709,47043.0,3529.3245347371544,1.1029411764705883,1883,1873,21,0,1852,1843,53446,31,0,0,31,30
2020-11-04,US,Tennessee,Dyer,2480,38,0,36.05931946,-89.41542855,47045.0,6674.022444091606,1.5322580645161292,2442,2440,38,0,2402,2431,37320,40,0,0,40,9
2020-11-04,US,Tennessee,Fayette,1814,29,0,35.19615831,-89.41399032,47047.0,4410.084360489145,1.5986769570011026,1785,1798,29,0,1769,1798,40507,16,0,0,16,0
2020-11-04,US,Tennessee,Fentress,982,13,0,36.38128818,-84.92870012,47049.0,5301.517032878043,1.323828920570265,969,972,13,0,959,970,18217,10,0,0,10,2
2020-11-04,US,Tennessee,Franklin,1417,26,0,35.15634626,-86.09201039,47051.0,3357.1834723275206,1.834862385321101,1391,1391,26,0,1365,1373,41890,26,0,0,26,18
2020-11-04,US,Tennessee,Gibson,2316,50,0,35.99438059,-88.93358327,47053.0,4713.736185455804,2.158894645941278,2266,2276,49,0,2227,2272,49045,40,1,0,39,4
2020-11-04,US,Tennessee,Giles,1076,38,0,35.20222469,-87.03992678,47055.0,3651.9142003801253,3.5315985130111525,1038,1056,38,0,1018,1035,29503,20,0,0,20,21
2020-11-04,US,Tennessee,Grainger,722,4,0,36.27469206,-83.51254721,47057.0,3096.054888507719,0.554016620498615,718,659,4,0,655,655,23145,63,0,0,63,4
2020-11-04,US,Tennessee,Greene,2112,57,0,36.17470125,-82.84691273,47059.0,3057.811753463928,2.698863636363636,2055,2038,57,0,1981,1998,69087,74,0,0,74,40
2020-11-04,US,Tennessee,Grundy,628,14,0,35.38433717,-85.72142731,47061.0,4677.143069933715,2.2292993630573252,614,617,14,0,603,609,13346,11,0,0,11,8
2020-11-04,US,Tennessee,Hamblen,2635,51,0,36.21990035,-83.26586179,47063.0,4057.966550651431,1.935483870967742,2584,2620,50,0,2570,2600,64569,15,1,0,14,20
2020-11-04,US,Tennessee,Hamilton,12652,113,0,35.17670231,-85.16652245,47065.0,3439.875585909887,0.8931394245969017,12539,12532,113,0,12419,12395,364286,120,0,0,120,137
2020-11-04,US,Tennessee,Hancock,126,3,0,36.52692871,-83.22375847,47067.0,1903.3232628398791,2.380952380952381,123,129,3,0,126,129,6549,-3,0,0,-3,0
2020-11-04,US,Tennessee,Hardeman,2004,34,0,35.20772017,-88.99161161,47069.0,8000.0,1.6966067864271457,1970,1972,33,0,1939,1968,25220,32,1,0,31,4
2020-11-04,US,Tennessee,Hardin,1478,23,0,35.19732531,-88.18593755,47071.0,5761.733977857477,1.5561569688768606,1455,1461,23,0,1438,1461,25776,17,0,0,17,0
2020-11-04,US,Tennessee,Hawkins,1354,30,0,36.44355426,-82.94885298,47073.0,2384.3905187898426,2.2156573116691285,1324,1324,30,0,1294,1312,56530,30,0,0,30,12
2020-11-04,US,Tennessee,Haywood,1371,28,0,35.58332824,-89.28536625,47075.0,7923.0235783633825,2.0423048869438367,1343,1353,28,0,1325,1352,17335,18,0,0,18,1
2020-11-04,US,Tennessee,Henderson,1477,28,0,35.65581134,-88.38600175,47077.0,5253.049756375147,1.895734597156398,1449,1465,27,0,1438,1468,27847,12,1,0,11,-3
2020-11-04,US,Tennessee,Henry,926,13,0,36.33160906,-88.30121797,47079.0,2862.884526201886,1.4038876889848813,913,892,13,0,879,888,32358,34,0,0,34,4
2020-11-04,US,Tennessee,Hickman,865,16,0,35.80609681,-87.47643507,47081.0,3435.538962586385,1.8497109826589595,849,862,15,0,847,850,25063,3,1,0,2,12
2020-11-04,US,Tennessee,Houston,462,18,0,36.28872054,-87.71878828,47083.0,5633.459334227533,3.8961038961038965,444,456,18,0,438,451,8263,6,0,0,6,5
2020-11-04,US,Tennessee,Humphreys,494,6,0,36.03958805,-87.77992872,47085.0,2658.486707566462,1.214574898785425,488,486,6,0,480,482,18486,8,0,0,8,4
2020-11-04,US,Tennessee,Jackson,501,7,0,36.36380466,-85.67239905,47087.0,4250.806041065671,1.3972055888223551,494,490,7,0,483,488,11758,11,0,0,11,2
2020-11-04,US,Tennessee,Jefferson,1669,25,0,36.04818632,-83.45148924,47089.0,3062.6662996605187,1.4979029358897544,1644,1668,24,0,1644,1652,54012,1,1,0,0,16
2020-11-04,US,Tennessee,Johnson,1245,10,0,36.45523950000001,-81.84886538,47091.0,6999.100517202609,0.8032128514056225,1235,1234,10,0,1224,1232,17778,11,0,0,11,2
2020-11-04,US,Tennessee,Knox,13935,99,0,35.99508821,-83.94635435,47093.0,2962.9204380912292,0.7104413347685683,13836,13747,100,0,13647,13615,465289,188,-1,0,189,132
2020-11-04,US,Tennessee,Lake,1010,4,0,36.34180170000001,-89.48921915,47095.0,14395.667046750283,0.3960396039603961,1006,1003,4,0,999,1003,7411,7,0,0,7,0
2020-11-04,US,Tennessee,Lauderdale,1553,18,0,35.75893438,-89.63015909999999,47097.0,6058.596340654625,1.1590470057952351,1535,1537,18,0,1519,1532,25825,16,0,0,16,5
2020-11-04,US,Tennessee,Lawrence,1854,24,0,35.21675201,-87.39787695,47099.0,4200.08155498165,1.2944983818770226,1830,1802,24,0,1778,1780,43734,52,0,0,52,22
2020-11-04,US,Tennessee,Lewis,535,7,0,35.52853208,-87.49022694,47101.0,4360.939028366482,1.308411214953271,528,503,6,0,497,491,12086,32,1,0,31,12
2020-11-04,US,Tennessee,Lincoln,1043,6,0,35.13738622,-86.58910106,47103.0,3034.976430192632,0.5752636625119847,1037,993,5,0,988,988,34117,50,1,0,49,5
2020-11-04,US,Tennessee,Loudon,1755,13,0,35.73939663,-84.31145275,47105.0,3245.9125545609227,0.7407407407407407,1742,1742,13,0,1729,1724,53054,13,0,0,13,18
2020-11-04,US,Tennessee,Macon,1428,26,0,36.53157855,-86.00778595,47111.0,5804.406145841802,1.8207282913165264,1402,1396,26,0,1370,1394,24265,32,0,0,32,2
2020-11-04,US,Tennessee,Madison,4072,85,0,35.61181957,-88.84076036,47113.0,4155.780535597649,2.087426326129666,3987,4008,85,0,3923,3994,97605,64,0,0,64,14
2020-11-04,US,Tennessee,Marion,867,14,0,35.12997174,-85.62265895,47115.0,2999.2735323624042,1.6147635524798154,853,855,14,0,841,845,28575,12,0,0,12,10
2020-11-04,US,Tennessee,Marshall,1271,12,0,35.45798777,-86.76420988,47117.0,3697.4545454545455,0.9441384736428008,1259,1246,12,0,1234,1235,33683,25,0,0,25,11
2020-11-04,US,Tennessee,Maury,3886,39,0,35.618741299999996,-87.07462444,47119.0,4031.664021081681,1.0036026762738035,3847,3832,39,0,3793,3806,94340,54,0,0,54,26
2020-11-04,US,Tennessee,McMinn,1802,41,0,35.42812616,-84.61520715,47107.0,3349.815964605718,2.2752497225305217,1761,1773,41,0,1732,1763,53285,29,0,0,29,10
2020-11-04,US,Tennessee,McNairy,1190,30,0,35.17468549,-88.5647812,47109.0,4631.431462598272,2.5210084033613445,1160,1184,30,0,1154,1181,25832,6,0,0,6,3
2020-11-04,US,Tennessee,Meigs,354,8,0,35.51558739,-84.81482914,47121.0,2849.782643696667,2.2598870056497176,346,353,8,0,345,349,12306,1,0,0,1,4
2020-11-04,US,Tennessee,Monroe,1590,32,0,35.44550387,-84.24902965,47123.0,3416.0489848533675,2.0125786163522013,1558,1563,31,0,1532,1559,46357,27,1,0,26,4
2020-11-04,US,Tennessee,Montgomery,4569,63,0,36.49609412,-87.38550661,47125.0,2186.1976238438606,1.3788575180564675,4506,4534,63,0,4471,4520,205950,35,0,0,35,14
2020-11-04,US,Tennessee,Moore,297,2,0,35.27724699,-86.36230578,47127.0,4577.681874229345,0.6734006734006734,295,290,2,0,288,288,6411,7,0,0,7,2
2020-11-04,US,Tennessee,Morgan,470,6,0,36.13248031,-84.64880098,47129.0,2195.9538382469746,1.2765957446808511,464,466,7,0,459,466,21579,4,-1,0,5,0
2020-11-04,US,Tennessee,Obion,1936,28,0,36.35732446,-89.14921589,47131.0,6438.5247264624695,1.4462809917355373,1908,1914,28,0,1886,1915,30267,22,0,0,22,-1
2020-11-04,US,Tennessee,Out of TN,4482,39,0,0.0,0.0,80047.0,0.0,0.8701472556894244,4443,4392,38,0,4354,4357,,90,1,0,89,35
2020-11-04,US,Tennessee,Overton,1305,26,0,36.34117832,-85.28989535,47133.0,5867.541927071625,1.9923371647509576,1279,1295,26,0,1269,1291,22068,10,0,0,10,4
2020-11-04,US,Tennessee,Perry,372,11,0,35.63708728,-87.86139634,47135.0,4606.240713224369,2.956989247311828,361,366,10,0,356,364,8064,6,1,0,5,2
2020-11-04,US,Tennessee,Pickett,299,10,0,36.55606529,-85.07763299999998,47137.0,5923.137876386688,3.3444816053511706,289,293,9,0,284,290,5082,6,1,0,5,3
2020-11-04,US,Tennessee,Polk,553,13,0,35.12245443,-84.52075859,47139.0,3285.4087452471476,2.3508137432188065,540,552,13,0,539,545,16898,1,0,0,1,7
2020-11-04,US,Tennessee,Putnam,4729,64,0,36.14005459,-85.50646123,47141.0,5893.202068664716,1.3533516599703954,4665,4690,64,0,4626,4681,78843,39,0,0,39,9
2020-11-04,US,Tennessee,Rhea,1212,23,0,35.60536161,-84.93076643,47143.0,3654.2346308077294,1.8976897689768977,1189,1187,23,0,1164,1182,33044,25,0,0,25,5
2020-11-04,US,Tennessee,Roane,1552,9,0,35.84923189,-84.52458689,47145.0,2907.3470458206884,0.5798969072164949,1543,1535,9,0,1526,1528,53140,17,0,0,17,7
2020-11-04,US,Tennessee,Robertson,2758,43,0,36.52454807,-86.87346725,47147.0,3840.530266107808,1.559100797679478,2715,2731,43,0,2688,2729,71012,27,0,0,27,2
2020-11-04,US,Tennessee,Rutherford,13014,121,0,35.84591405,-86.4107263,47149.0,3916.517447371985,0.929767942216075,12893,12822,117,0,12705,12730,324890,192,4,0,188,92
2020-11-04,US,Tennessee,Scott,465,5,0,36.42325673,-84.50360494,47151.0,2107.1234366503536,1.075268817204301,460,449,5,0,444,437,22039,16,0,0,16,12
2020-11-04,US,Tennessee,Sequatchie,391,5,0,35.36979721,-85.41022136,47153.0,2602.156262478371,1.278772378516624,386,382,3,0,379,375,14876,9,2,0,7,7
2020-11-04,US,Tennessee,Sevier,3637,24,0,35.78077323,-83.52244332,47155.0,3701.781170483461,0.6598845202089634,3613,3601,24,0,3577,3580,97892,36,0,0,36,21
2020-11-04,US,Tennessee,Shelby,38623,578,0,35.1864775,-89.89692423,47157.0,4121.254932423925,1.4965176190352898,38045,38333,578,0,37755,38288,935764,290,0,0,290,45
2020-11-04,US,Tennessee,Smith,1062,14,0,36.25359775,-85.95411046,47159.0,5268.6411668403025,1.3182674199623352,1048,1059,14,0,1045,1051,19942,3,0,0,3,8
2020-11-04,US,Tennessee,Stewart,375,13,0,36.50235092,-87.83920548,47161.0,2734.232592052497,3.466666666666667,362,370,13,0,357,364,13561,5,0,0,5,6
2020-11-04,US,Tennessee,Sullivan,4330,58,0,36.51240691,-82.30412917,47163.0,2734.4835425771084,1.3394919168591224,4272,4242,58,0,4184,4167,157668,88,0,0,88,75
2020-11-04,US,Tennessee,Sumner,6723,120,0,36.46824103,-86.45917204,47165.0,3514.687661736799,1.78491744756805,6603,6639,120,0,6519,6598,187149,84,0,0,84,41
2020-11-04,US,Tennessee,Tipton,2596,24,0,35.501942,-89.73694895,47167.0,4214.354129125473,0.9244992295839752,2572,2566,24,0,2542,2565,61581,30,0,0,30,1
2020-11-04,US,Tennessee,Trousdale,1809,10,0,36.39026213,-86.16087954,47169.0,16031.549096065228,0.552791597567717,1799,1809,10,0,1799,1802,11012,0,0,0,0,7
2020-11-04,US,Tennessee,Unassigned,2445,5,0,0.0,0.0,90047.0,0.0,0.20449897750511248,2440,2516,6,0,2510,2439,,-71,-1,0,-70,77
2020-11-04,US,Tennessee,Unicoi,535,7,0,36.10890856,-82.43709629,47171.0,2991.668064642398,1.308411214953271,528,525,7,0,518,515,17761,10,0,0,10,10
2020-11-04,US,Tennessee,Union,571,4,0,36.28590426,-83.83651902,47173.0,2859.002603645103,0.7005253940455342,567,568,4,0,564,567,19688,3,0,0,3,1
2020-11-04,US,Tennessee,Van Buren,223,2,0,35.69864497,-85.45221699,47175.0,3797.683923705722,0.8968609865470852,221,220,2,0,218,218,5765,3,0,0,3,2
2020-11-04,US,Tennessee,Warren,1599,11,0,35.672829899999996,-85.77969117,47177.0,3873.828039828476,0.6879299562226392,1588,1571,11,0,1560,1567,40878,28,0,0,28,4
2020-11-04,US,Tennessee,Washington,4205,67,0,36.29472368,-82.49454720000001,47179.0,3250.2415458937207,1.5933412604042807,4138,4069,67,0,4002,3967,128607,136,0,0,136,102
2020-11-04,US,Tennessee,Wayne,1638,7,0,35.23868267,-87.78644456,47181.0,9824.266778624124,0.4273504273504273,1631,1628,7,0,1621,1624,16558,10,0,0,10,4
2020-11-04,US,Tennessee,Weakley,1669,27,0,36.29896232,-88.71990865,47183.0,5007.801248199712,1.6177351707609346,1642,1654,27,0,1627,1649,33415,15,0,0,15,5
2020-11-04,US,Tennessee,White,1328,15,0,35.92929884,-85.45591799,47185.0,4856.4637045163645,1.129518072289157,1313,1298,15,0,1283,1295,27107,30,0,0,30,3
2020-11-04,US,Tennessee,Williamson,7820,60,0,35.89099229,-86.89281867,47187.0,3280.036239786589,0.7672634271099744,7760,7697,59,0,7638,7662,231729,123,1,0,122,35
2020-11-04,US,Tennessee,Wilson,5166,65,0,36.15496772,-86.29775884,47189.0,3571.2063709326203,1.2582268679829656,5101,5114,66,0,5048,5065,140625,52,-1,0,53,49
2020-11-04,US,Texas,Anderson,2981,41,0,31.81534745,-95.65354823,48001.0,5163.245864726769,1.3753773901375377,2940,2987,39,0,2948,2979,58057,-6,2,0,-8,8
2020-11-04,US,Texas,Andrews,689,10,0,32.30468633,-102.63765479999999,48003.0,3683.507083667469,1.4513788098693758,679,667,10,0,657,667,18128,22,0,0,22,0
2020-11-04,US,Texas,Angelina,2326,93,0,31.25457347,-94.60901487,48005.0,2682.350227757597,3.998280309544282,2233,2326,93,0,2233,2317,87092,0,0,0,0,9
2020-11-04,US,Texas,Aransas,351,18,0,28.10556197,-96.9995047,48007.0,1492.9817099106765,5.128205128205129,333,351,18,0,333,351,23792,0,0,0,0,0
2020-11-04,US,Texas,Archer,170,1,0,33.61569967,-98.68754589,48009.0,1987.606687711914,0.5882352941176471,169,170,1,0,169,165,8786,0,0,0,0,5
2020-11-04,US,Texas,Armstrong,29,1,0,34.96507426,-101.35748740000001,48011.0,1536.8309485956545,3.4482758620689653,28,28,1,0,27,27,1892,1,0,0,1,1
2020-11-04,US,Texas,Atascosa,1292,37,0,28.89333001,-98.52730485,48013.0,2525.7560651379194,2.8637770897832815,1255,1291,37,0,1254,1289,50310,1,0,0,1,2
2020-11-04,US,Texas,Austin,523,10,0,29.88548725,-96.27736949,48015.0,1741.475759190197,1.9120458891013383,513,522,10,0,512,523,29989,1,0,0,1,-1
2020-11-04,US,Texas,Bailey,327,5,0,34.06854817,-102.8299707,48017.0,4671.428571428572,1.529051987767584,322,314,5,0,309,311,7027,13,0,0,13,3
2020-11-04,US,Texas,Bandera,193,9,0,29.74619598,-99.24598147,48019.0,835.0640359986154,4.66321243523316,184,192,8,0,184,190,22824,1,1,0,0,2
2020-11-04,US,Texas,Bastrop,2051,33,0,30.10370699,-97.31206354,48021.0,2311.689189950745,1.6089712335446125,2018,2034,33,0,2001,2023,86976,17,0,0,17,11
2020-11-04,US,Texas,Baylor,46,3,0,33.61640794,-99.21352901,48023.0,1310.9147905386149,6.521739130434782,43,46,3,0,43,46,3582,0,0,0,0,0
2020-11-04,US,Texas,Bee,1877,39,0,28.41761668,-97.74215593,48025.0,5763.856901581453,2.0777836973894512,1838,1874,39,0,1835,1868,32587,3,0,0,3,6
2020-11-04,US,Texas,Bell,6706,102,0,31.03736027,-97.4785025,48027.0,1847.7697810009809,1.521025946913212,6604,6647,101,0,6546,6560,355642,59,1,0,58,87
2020-11-04,US,Texas,Bexar,66714,1422,0,29.44928723,-98.52019748,48029.0,3329.782975652266,2.131486644482417,65292,66529,1415,0,65114,66231,1986049,185,7,0,178,298
2020-11-04,US,Texas,Blanco,166,6,0,30.26640707,-98.3999852,48031.0,1391.3335009638754,3.614457831325301,160,163,6,0,157,163,11702,3,0,0,3,0
2020-11-04,US,Texas,Borden,3,0,0,32.74363984,-101.43165090000001,48033.0,458.7155963302752,0.0,3,3,0,0,3,2,648,0,0,0,0,1
2020-11-04,US,Texas,Bosque,423,12,0,31.89978581,-97.63613524,48035.0,2263.848006422264,2.8368794326241136,411,421,12,0,409,420,18691,2,0,0,2,1
2020-11-04,US,Texas,Bowie,2099,80,0,33.44626922,-94.41834132,48037.0,2251.0590380181243,3.811338732729872,2019,2059,79,0,1980,2044,94324,40,1,0,39,15
2020-11-04,US,Texas,Brazoria,12718,187,0,29.18757369,-95.44563172,48039.0,3398.136075070004,1.4703569743670388,12531,12687,186,0,12501,12687,370200,31,1,0,30,0
2020-11-04,US,Texas,Brazos,7912,78,0,30.663644800000004,-96.30205577,48041.0,3451.8413165162237,0.9858442871587462,7834,7856,76,0,7780,7814,226758,56,2,0,54,42
2020-11-04,US,Texas,Brewster,270,5,0,29.81008251,-103.25203259999999,48043.0,2933.8259263283708,1.851851851851852,265,270,5,0,265,256,9267,0,0,0,0,14
2020-11-04,US,Texas,Briscoe,25,1,0,34.53026962,-101.2084947,48045.0,1617.0763260025876,4.0,24,25,1,0,24,25,1516,0,0,0,0,0
2020-11-04,US,Texas,Brooks,366,23,0,27.03103197,-98.21808402,48047.0,5160.016918088256,6.284153005464481,343,366,23,0,343,365,7114,0,0,0,0,1
2020-11-04,US,Texas,Brown,717,28,0,31.77430356,-98.99907113,48049.0,1893.6192689626032,3.9051603905160386,689,701,28,0,673,701,37924,16,0,0,16,0
2020-11-04,US,Texas,Burleson,490,6,0,30.49273808,-96.62158484,48051.0,2656.834571382097,1.2244897959183674,484,487,6,0,481,483,18389,3,0,0,3,4
2020-11-04,US,Texas,Burnet,1117,15,0,30.78801353,-98.181887,48053.0,2319.592980998858,1.3428827215756491,1102,1097,15,0,1082,1096,47542,20,0,0,20,1
2020-11-04,US,Texas,Caldwell,1742,38,0,29.83668859,-97.61814775,48055.0,3989.556614144375,2.1814006888633752,1704,1729,37,0,1692,1726,43247,13,1,0,12,3
2020-11-04,US,Texas,Calhoun,936,9,0,28.47048236,-96.61633945,48057.0,4396.430248943166,0.9615384615384616,927,935,9,0,926,935,21561,1,0,0,1,0
2020-11-04,US,Texas,Callahan,147,6,0,32.29760619,-99.37326312,48059.0,1054.2924765115108,4.081632653061225,141,146,6,0,140,137,13994,1,0,0,1,9
2020-11-04,US,Texas,Cameron,24423,1088,0,26.14524221,-97.48140372,48061.0,5771.534845910441,4.454817180526553,23335,24380,1085,0,23295,24280,423908,43,3,0,40,100
2020-11-04,US,Texas,Camp,410,13,0,32.97195142,-94.97790104,48063.0,3131.205132121582,3.1707317073170733,397,408,13,0,395,407,13033,2,0,0,2,1
2020-11-04,US,Texas,Carson,59,1,0,35.40365929,-101.35426690000001,48065.0,995.6125548430645,1.6949152542372878,58,57,1,0,56,55,6005,2,0,0,2,2
2020-11-04,US,Texas,Cass,578,26,0,33.07499881,-94.34646905,48067.0,1924.9983347765271,4.498269896193771,552,567,25,0,542,565,30119,11,1,0,10,2
2020-11-04,US,Texas,Castro,325,7,0,34.53016752,-102.2617243,48069.0,4316.069057104914,2.1538461538461537,318,323,7,0,316,320,7665,2,0,0,2,3
2020-11-04,US,Texas,Chambers,1618,10,0,29.70972016,-94.67154501,48071.0,3690.946004516733,0.6180469715698393,1608,1604,10,0,1594,1592,42454,14,0,0,14,12
2020-11-04,US,Texas,Cherokee,1666,42,0,31.837258000000002,-95.16559897,48073.0,3164.532917980473,2.5210084033613445,1624,1660,38,0,1622,1657,52592,6,4,0,2,3
2020-11-04,US,Texas,Childress,130,0,0,34.529304100000004,-100.2077916,48075.0,1779.3594306049822,0.0,130,130,0,0,130,125,7291,0,0,0,0,5
2020-11-04,US,Texas,Clay,134,3,0,33.78686685,-98.20771198,48077.0,1279.7249546366154,2.238805970149253,131,134,3,0,131,133,10456,0,0,0,0,1
2020-11-04,US,Texas,Cochran,124,3,0,33.60425307,-102.82844990000001,48079.0,4346.3021381002445,2.419354838709677,121,118,2,0,116,116,2836,6,1,0,5,2
2020-11-04,US,Texas,Coke,133,7,0,31.88911733,-100.5297533,48081.0,3926.778860348391,5.2631578947368425,126,129,7,0,122,129,3370,4,0,0,4,0
2020-11-04,US,Texas,Coleman,99,4,0,31.76736834,-99.45240766,48083.0,1211.0091743119267,4.040404040404041,95,98,4,0,94,96,8397,1,0,0,1,2
2020-11-04,US,Texas,Collin,19189,193,0,33.18820114,-96.57264368,48085.0,1854.493442733853,1.0057845640731669,18996,18905,190,0,18715,18844,1005146,284,3,0,281,61
2020-11-04,US,Texas,Collingsworth,21,0,0,34.96489496,-100.27001109999999,48087.0,719.1780821917807,0.0,21,21,0,0,21,21,2962,0,0,0,0,0
2020-11-04,US,Texas,Colorado,510,4,0,29.622097999999998,-96.5273805,48089.0,2372.865584143675,0.7843137254901961,506,510,4,0,506,510,21217,0,0,0,0,0
2020-11-04,US,Texas,Comal,2906,106,0,29.80811278,-98.27647225,48091.0,1860.328150106588,3.6476256022023397,2800,2904,106,0,2798,2884,148373,2,0,0,2,20
2020-11-04,US,Texas,Comanche,383,5,0,31.94854689,-98.55876441,48093.0,2808.947561422809,1.3054830287206267,378,381,5,0,376,375,13534,2,0,0,2,6
2020-11-04,US,Texas,Concho,144,2,0,31.32635934,-99.86473038,48095.0,5282.465150403522,1.3888888888888888,142,144,2,0,142,144,4276,0,0,0,0,0
2020-11-04,US,Texas,Cooke,588,9,0,33.63979567,-97.21240912,48097.0,1425.2126911796786,1.5306122448979589,579,587,9,0,578,570,40574,1,0,0,1,17
2020-11-04,US,Texas,Coryell,2036,14,0,31.39078397,-97.79936155,48099.0,2680.675698805809,0.6876227897838899,2022,2029,14,0,2015,2020,74808,7,0,0,7,9
2020-11-04,US,Texas,Cottle,42,3,0,34.07783319,-100.27850620000001,48101.0,3004.291845493562,7.142857142857142,39,42,3,0,39,40,1389,0,0,0,0,2
2020-11-04,US,Texas,Crane,78,4,0,31.43052248,-102.5143314,48103.0,1626.0162601626016,5.128205128205129,74,78,4,0,74,77,4794,0,0,0,0,1
2020-11-04,US,Texas,Crockett,166,7,0,30.72367027,-101.4134238,48105.0,4792.147806004619,4.216867469879518,159,166,7,0,159,166,3499,0,0,0,0,0
2020-11-04,US,Texas,Crosby,131,9,0,33.61431553,-101.30003640000001,48107.0,2283.423392016733,6.870229007633588,122,128,8,0,120,117,5779,3,1,0,2,11
2020-11-04,US,Texas,Culberson,128,3,0,31.44506775,-104.5185739,48109.0,5895.900506678951,2.34375,125,127,3,0,124,127,2204,1,0,0,1,0
2020-11-04,US,Texas,Dallam,411,10,0,36.27787176,-102.60207249999999,48111.0,5640.181144503911,2.4330900243309004,401,395,10,0,385,386,7200,16,0,0,16,9
2020-11-04,US,Texas,Dallas,98473,1280,0,32.76670599,-96.77796049999999,48113.0,3736.384070519777,1.2998486894884893,97193,97875,1277,0,96598,97875,2637772,598,3,0,595,0
2020-11-04,US,Texas,Dawson,948,19,0,32.74255572,-101.94772420000001,48115.0,7448.145820238843,2.0042194092827006,929,928,19,0,909,897,12619,20,0,0,20,31
2020-11-04,US,Texas,DeWitt,1103,44,0,29.08101855,-97.35681170000001,48123.0,5471.230158730159,3.9891205802357206,1059,1103,44,0,1059,1103,20187,0,0,0,0,0
2020-11-04,US,Texas,Deaf Smith,1096,28,0,34.96522957,-102.6054267,48117.0,5909.630108918365,2.554744525547445,1068,1070,27,0,1043,1042,18760,26,1,0,25,28
2020-11-04,US,Texas,Delta,40,0,0,33.38570922,-95.66921122,48119.0,750.3282686175203,0.0,40,38,0,0,38,37,5349,2,0,0,2,1
2020-11-04,US,Texas,Denton,15272,178,0,33.20521901,-97.11691153,48121.0,1721.357022656494,1.165531691985333,15094,15139,178,0,14961,14978,859064,133,0,0,133,161
2020-11-04,US,Texas,Dickens,58,2,0,33.61616822,-100.7788855,48125.0,2623.2473993668023,3.4482758620689653,56,58,2,0,56,55,2249,0,0,0,0,3
2020-11-04,US,Texas,Dimmit,297,8,0,28.42270064,-99.75645095,48127.0,2933.6230738838403,2.6936026936026938,289,297,8,0,289,294,10308,0,0,0,0,3
2020-11-04,US,Texas,Donley,90,1,0,34.96517499,-100.8140093,48129.0,2745.576571079927,1.1111111111111112,89,88,1,0,87,86,3319,2,0,0,2,2
2020-11-04,US,Texas,Duval,502,21,0,27.68184592,-98.50864568,48131.0,4499.417406112754,4.183266932270916,481,503,21,0,482,500,11212,-1,0,0,-1,3
2020-11-04,US,Texas,Eastland,273,8,0,32.32743996,-98.83243566,48133.0,1486.9281045751636,2.93040293040293,265,273,8,0,265,265,18322,0,0,0,0,8
2020-11-04,US,Texas,Ector,7074,121,0,31.86898877,-102.54294279999999,48135.0,4255.72874993232,1.7104891150692678,6953,6955,121,0,6834,6663,162124,119,0,0,119,292
2020-11-04,US,Texas,Edwards,72,2,0,29.98202582,-100.304252,48137.0,3726.7080745341614,2.7777777777777777,70,72,2,0,70,72,1928,0,0,0,0,0
2020-11-04,US,Texas,El Paso,56355,669,0,31.76980765,-106.23632749999999,48141.0,6715.020053906042,1.1871173808890072,55686,52817,649,0,52168,51536,840758,3538,20,0,3518,1281
2020-11-04,US,Texas,Ellis,5146,84,0,32.34894117,-96.79371841,48139.0,2784.2403125101455,1.6323357947920716,5062,5130,83,0,5047,5043,179436,16,1,0,15,87
2020-11-04,US,Texas,Erath,1094,17,0,32.23602653,-98.21773417,48143.0,2562.1808984027357,1.553930530164534,1077,1090,17,0,1073,1065,42446,4,0,0,4,25
2020-11-04,US,Texas,Falls,706,6,0,31.25350609,-96.93630086,48145.0,4081.632653061225,0.8498583569405099,700,699,6,0,693,691,17335,7,0,0,7,8
2020-11-04,US,Texas,Fannin,825,20,0,33.59564294,-96.10751083,48147.0,2323.0275384355464,2.4242424242424243,805,815,20,0,795,798,35286,10,0,0,10,17
2020-11-04,US,Texas,Fayette,711,23,0,29.87788372,-96.92076062,48149.0,2805.176359188826,3.234880450070324,688,702,23,0,679,686,25349,9,0,0,9,16
2020-11-04,US,Texas,Fisher,124,4,0,32.74281316,-100.40193020000001,48151.0,3237.597911227154,3.2258064516129035,120,124,4,0,120,117,3839,0,0,0,0,7
2020-11-04,US,Texas,Floyd,137,9,0,34.07227468,-101.3031546,48153.0,2398.459383753501,6.569343065693432,128,136,9,0,127,128,5837,1,0,0,1,8
2020-11-04,US,Texas,Foard,22,1,0,33.97308618,-99.7767797,48155.0,1904.7619047619046,4.545454545454546,21,22,1,0,21,22,1200,0,0,0,0,0
2020-11-04,US,Texas,Fort Bend,17862,312,0,29.52704478,-95.77219463,48157.0,2200.59924503011,1.7467248908296944,17550,17807,311,0,17496,17763,787858,55,1,0,54,44
2020-11-04,US,Texas,Franklin,228,8,0,33.17653242,-95.21917243,48159.0,2125.874125874126,3.5087719298245608,220,226,7,0,219,225,10766,2,1,0,1,1
2020-11-04,US,Texas,Freestone,469,5,0,31.70422788,-96.15072516,48161.0,2378.6580108535777,1.0660980810234542,464,467,5,0,462,463,19808,2,0,0,2,4
2020-11-04,US,Texas,Frio,1024,9,0,28.86751206,-99.10804207,48163.0,5042.844479464196,0.87890625,1015,1022,9,0,1013,1022,19816,2,0,0,2,0
2020-11-04,US,Texas,Gaines,613,12,0,32.74055318,-102.6353295,48165.0,2852.2240833798633,1.9575856443719413,601,597,12,0,585,581,20901,16,0,0,16,16
2020-11-04,US,Texas,Galveston,12857,169,0,29.40167322,-94.90469073,48167.0,3757.8294202064067,1.314459049544995,12688,12787,169,0,12618,12703,337890,70,0,0,70,84
2020-11-04,US,Texas,Garza,136,8,0,33.17969345,-101.2984114,48169.0,2183.336008990207,5.882352941176472,128,132,8,0,124,123,6578,4,0,0,4,9
2020-11-04,US,Texas,Gillespie,368,10,0,30.31824095,-98.94676915,48171.0,1363.568993626797,2.717391304347826,358,366,10,0,356,366,26804,2,0,0,2,0
2020-11-04,US,Texas,Glasscock,14,0,0,31.86942909,-101.5207776,48173.0,993.61249112846,0.0,14,14,0,0,14,13,1388,0,0,0,0,1
2020-11-04,US,Texas,Goliad,165,6,0,28.65696592,-97.42760647,48175.0,2154.6095586314964,3.636363636363636,159,165,6,0,159,166,7584,0,0,0,0,-1
2020-11-04,US,Texas,Gonzales,1136,20,0,29.45634206,-97.49424032,48177.0,5451.8404760762105,1.7605633802816902,1116,1135,20,0,1115,1133,20826,1,0,0,1,2
2020-11-04,US,Texas,Gray,542,10,0,35.40081878,-100.8129222,48179.0,2476.468975600841,1.845018450184502,532,532,10,0,522,516,21895,10,0,0,10,16
2020-11-04,US,Texas,Grayson,2862,77,0,33.62744998,-96.67753461,48181.0,2101.1364637476872,2.690426275331936,2785,2809,76,0,2733,2752,133991,53,1,0,52,57
2020-11-04,US,Texas,Gregg,2616,88,0,32.47940482,-94.81591935,48183.0,2110.613578603413,3.363914373088685,2528,2616,88,0,2528,2612,123707,0,0,0,0,4
2020-11-04,US,Texas,Grimes,1216,36,0,30.54579585,-95.98902499,48185.0,4210.526315789473,2.9605263157894735,1180,1210,36,0,1174,1194,28360,6,0,0,6,16
2020-11-04,US,Texas,Guadalupe,3914,83,0,29.58165339,-97.94786822,48187.0,2345.861777556684,2.120592743995912,3831,3912,81,0,3831,3905,163694,2,2,0,0,7
2020-11-04,US,Texas,Hale,2826,65,0,34.07044901,-101.82681140000001,48189.0,8459.558163204214,2.3000707714083513,2761,2709,64,0,2645,2709,33830,117,1,0,116,0
2020-11-04,US,Texas,Hall,47,1,0,34.5307555,-100.68138520000001,48191.0,1585.6950067476382,2.127659574468085,46,44,1,0,43,44,3028,3,0,0,3,0
2020-11-04,US,Texas,Hamilton,211,6,0,31.70470573,-98.11083887,48193.0,2493.7950596856163,2.8436018957345968,205,209,6,0,203,206,8484,2,0,0,2,3
2020-11-04,US,Texas,Hansford,207,7,0,36.27743284,-101.3545796,48195.0,3834.043341359511,3.3816425120772946,200,205,6,0,199,199,5463,2,1,0,1,6
2020-11-04,US,Texas,Hardeman,65,3,0,34.28944521,-99.74632408,48197.0,1652.6824307144673,4.615384615384615,62,65,3,0,62,63,3922,0,0,0,0,2
2020-11-04,US,Texas,Hardin,1477,35,0,30.33364686,-94.38931817,48199.0,2564.1470782264505,2.3696682464454977,1442,1471,35,0,1436,1461,57207,6,0,0,6,10
2020-11-04,US,Texas,Harris,164445,2841,0,29.85864939,-95.39339521,48201.0,3488.9382760577723,1.727629298549667,161604,163845,2823,0,161022,163287,4698619,600,18,0,582,558
2020-11-04,US,Texas,Harrison,1127,39,0,32.54935988,-94.36934071,48203.0,1693.3872252189983,3.460514640638864,1088,1122,39,0,1083,1121,66726,5,0,0,5,1
2020-11-04,US,Texas,Hartley,189,0,0,35.84008013,-102.6029022,48205.0,3389.5265423242467,0.0,189,188,0,0,188,179,5619,1,0,0,1,9
2020-11-04,US,Texas,Haskell,89,3,0,33.17823584,-99.73037358,48207.0,1572.9939908094736,3.3707865168539324,86,89,3,0,86,86,5813,0,0,0,0,3
2020-11-04,US,Texas,Hays,6265,91,0,30.05669873,-98.02944344,48209.0,2721.6528882536677,1.4525139664804467,6174,6231,89,0,6142,6176,222631,34,2,0,32,55
2020-11-04,US,Texas,Hemphill,181,1,0,35.83764858,-100.2703577,48211.0,4739.460591777953,0.5524861878453039,180,165,1,0,164,156,3825,16,0,0,16,9
2020-11-04,US,Texas,Henderson,1358,36,0,32.21128872,-95.85846587,48213.0,1641.3454681702262,2.650957290132548,1322,1358,36,0,1322,1332,82299,0,0,0,0,26
2020-11-04,US,Texas,Hidalgo,36277,1967,0,26.39418217,-98.18299696,48215.0,4175.976479986924,5.4221683160128995,34310,36147,1961,0,34186,35945,865939,130,6,0,124,202
2020-11-04,US,Texas,Hill,901,16,0,31.99045053,-97.13423143,48217.0,2458.4572566782176,1.7758046614872365,885,885,16,0,869,859,36354,16,0,0,16,26
2020-11-04,US,Texas,Hockley,861,22,0,33.60771256,-102.3431676,48219.0,3740.0634203553277,2.5551684088269453,839,825,22,0,803,754,22980,36,0,0,36,71
2020-11-04,US,Texas,Hood,1260,41,0,32.42990927,-97.83242024,48221.0,2044.027707931152,3.2539682539682535,1219,1256,41,0,1215,1233,60537,4,0,0,4,23
2020-11-04,US,Texas,Hopkins,703,42,0,33.14875072,-95.56351139,48223.0,1895.696257145939,5.974395448079657,661,700,41,0,659,695,36810,3,1,0,2,5
2020-11-04,US,Texas,Houston,433,14,0,31.31925973,-95.42226208,48225.0,1885.231626610937,3.233256351039261,419,433,14,0,419,430,23169,0,0,0,0,3
2020-11-04,US,Texas,Howard,1231,22,0,32.30621324,-101.4356444,48227.0,3357.516910320751,1.787164906580016,1209,1231,21,0,1210,1222,36459,0,1,0,-1,9
2020-11-04,US,Texas,Hudspeth,119,3,0,31.45628381,-105.388178,48229.0,2435.5300859598856,2.5210084033613445,116,116,3,0,113,114,4795,3,0,0,3,2
2020-11-04,US,Texas,Hunt,2125,48,0,33.12351514,-96.08551032,48231.0,2155.303568168448,2.2588235294117647,2077,2095,48,0,2047,2095,96493,30,0,0,30,0
2020-11-04,US,Texas,Hutchinson,399,8,0,35.84006574,-101.3546643,48233.0,1905.6261343012704,2.0050125313283207,391,382,7,0,375,338,21198,17,1,0,16,44
2020-11-04,US,Texas,Irion,14,0,0,31.30375559,-100.982439,48235.0,911.4583333333336,0.0,14,14,0,0,14,14,1522,0,0,0,0,0
2020-11-04,US,Texas,Jack,158,3,0,33.23377248,-98.17283469,48237.0,1768.3268047006156,1.8987341772151896,155,158,3,0,155,155,8843,0,0,0,0,3
2020-11-04,US,Texas,Jackson,669,16,0,28.95472367,-96.57749563,48239.0,4532.520325203253,2.391629297458894,653,666,16,0,650,663,14874,3,0,0,3,3
2020-11-04,US,Texas,Jasper,523,34,0,30.74685667,-94.02667579,48241.0,1472.0369275802866,6.500956022944551,489,522,34,0,488,520,35872,1,0,0,1,2
2020-11-04,US,Texas,Jeff Davis,23,0,0,30.71490589,-104.1399973,48243.0,1011.433597185576,0.0,23,23,0,0,23,23,2252,0,0,0,0,0
2020-11-04,US,Texas,Jefferson,8548,157,0,29.8832777,-94.16434171,48245.0,3397.928964681096,1.83668694431446,8391,8548,156,0,8392,8471,255001,0,1,0,-1,77
2020-11-04,US,Texas,Jim Hogg,184,6,0,27.04453923,-98.69681870000001,48247.0,3538.4615384615386,3.260869565217391,178,184,6,0,178,183,5248,0,0,0,0,1
2020-11-04,US,Texas,Jim Wells,1757,52,0,27.73103938,-98.0904705,48249.0,4340.20058297515,2.9595902105862266,1705,1748,52,0,1696,1726,40822,9,0,0,9,22
2020-11-04,US,Texas,Johnson,3926,68,0,32.37877812,-97.36615819,48251.0,2233.003634460832,1.7320427916454406,3858,3903,67,0,3836,3821,171361,23,1,0,22,82
2020-11-04,US,Texas,Jones,616,3,0,32.73997145,-99.87861576,48253.0,3067.270826071802,0.48701298701298706,613,613,3,0,610,610,19817,3,0,0,3,3
2020-11-04,US,Texas,Karnes,962,18,0,28.90705334,-97.85960149,48255.0,6166.271392859432,1.8711018711018712,944,961,18,0,943,960,15650,1,0,0,1,1
2020-11-04,US,Texas,Kaufman,3699,61,0,32.599141700000004,-96.28734728,48257.0,2716.7765912128907,1.649094349824277,3638,3683,59,0,3624,3629,128622,16,2,0,14,54
2020-11-04,US,Texas,Kendall,392,11,0,29.94414155,-98.7113588,48259.0,826.4637051717232,2.8061224489795915,381,392,11,0,381,391,45641,0,0,0,0,1
2020-11-04,US,Texas,Kenedy,11,2,0,26.92601662,-97.66413984,48261.0,2722.772277227723,18.181818181818183,9,11,2,0,9,11,442,0,0,0,0,0
2020-11-04,US,Texas,Kent,12,0,0,33.18104136,-100.7780939,48263.0,1574.803149606299,0.0,12,12,0,0,12,12,726,0,0,0,0,0
2020-11-04,US,Texas,Kerr,728,15,0,30.06040006,-99.34930144,48265.0,1384.0304182509506,2.06043956043956,713,714,14,0,700,714,52405,14,1,0,13,0
2020-11-04,US,Texas,Kimble,34,2,0,30.48678918,-99.74856473,48267.0,783.9520405810467,5.882352941176472,32,33,2,0,31,31,4362,1,0,0,1,2
2020-11-04,US,Texas,King,1,0,0,33.61643847,-100.2558057,48269.0,367.6470588235293,0.0,1,1,0,0,1,1,277,0,0,0,0,0
2020-11-04,US,Texas,Kinney,79,1,0,29.34967888,-100.41866379999999,48271.0,2154.3496045814013,1.2658227848101269,78,79,1,0,78,79,3767,0,0,0,0,0
2020-11-04,US,Texas,Kleberg,1042,54,0,27.42435506,-97.69894948,48273.0,3396.3494132985657,5.182341650671785,988,1036,53,0,983,1034,31129,6,1,0,5,2
2020-11-04,US,Texas,Knox,114,9,0,33.60519951,-99.74229059999999,48275.0,3111.353711790393,7.894736842105262,105,114,9,0,105,114,3653,0,0,0,0,0
2020-11-04,US,Texas,La Salle,382,13,0,28.34453111,-99.09908775,48283.0,5079.787234042553,3.4031413612565444,369,382,13,0,369,381,7531,0,0,0,0,1
2020-11-04,US,Texas,Lamar,1990,49,0,33.66981763,-95.57404777,48277.0,3991.2553400589672,2.4623115577889445,1941,1953,49,0,1904,1874,49728,37,0,0,37,79
2020-11-04,US,Texas,Lamb,628,25,0,34.06859623,-102.35162890000001,48279.0,4870.860156674165,3.980891719745223,603,616,24,0,592,574,13158,12,1,0,11,42
2020-11-04,US,Texas,Lampasas,325,9,0,31.19531316,-98.24206613,48281.0,1516.7071121896586,2.769230769230769,316,325,9,0,316,316,21229,0,0,0,0,9
2020-11-04,US,Texas,Lavaca,1190,39,0,29.38508402,-96.93186692,48285.0,5904.535079884887,3.2773109243697482,1151,1182,39,0,1143,1177,20110,8,0,0,8,5
2020-11-04,US,Texas,Lee,249,14,0,30.31120597,-96.97045773,48287.0,1444.3993271071408,5.622489959839356,235,246,15,0,231,245,17144,3,-1,0,4,1
2020-11-04,US,Texas,Leon,388,12,0,31.29872538,-95.9936328,48289.0,2229.3725580326363,3.0927835051546397,376,376,12,0,364,375,17270,12,0,0,12,1
2020-11-04,US,Texas,Liberty,2323,59,0,30.15152688,-94.81205615,48291.0,2633.219601219692,2.539819199311236,2264,2316,59,0,2257,2316,86323,7,0,0,7,0
2020-11-04,US,Texas,Limestone,692,16,0,31.5454767,-96.58095444,48293.0,2952.5963220548706,2.3121387283237,676,688,16,0,672,684,23519,4,0,0,4,4
2020-11-04,US,Texas,Lipscomb,75,1,0,36.27783108,-100.27331509999999,48295.0,2319.8267862666253,1.3333333333333333,74,74,1,0,73,74,3355,1,0,0,1,0
2020-11-04,US,Texas,Live Oak,393,10,0,28.35101362,-98.1246786,48297.0,3219.4642418284593,2.544529262086514,383,393,10,0,383,392,12166,0,0,0,0,1
2020-11-04,US,Texas,Llano,204,3,0,30.70645047,-98.68475262,48299.0,935.9944941500344,1.4705882352941178,201,194,3,0,191,189,21646,10,0,0,10,5
2020-11-04,US,Texas,Lubbock,20788,204,0,33.61008596,-101.82047890000001,48303.0,6693.52060250701,0.9813353857994996,20584,20328,201,0,20127,19751,307412,460,3,0,457,577
2020-11-04,US,Texas,Lynn,213,6,0,33.17657705,-101.8162849,48305.0,3579.2303814484962,2.8169014084507036,207,213,6,0,207,198,5877,0,0,0,0,15
2020-11-04,US,Texas,Madison,779,8,0,30.96694679,-95.93003775,48313.0,5453.654438532624,1.0269576379974326,771,771,8,0,763,771,14422,8,0,0,8,0
2020-11-04,US,Texas,Marion,174,14,0,32.79868409,-94.35661230000001,48315.0,1765.7803937487313,8.045977011494253,160,174,14,0,160,173,9928,0,0,0,0,1
2020-11-04,US,Texas,Martin,100,7,0,32.30600051,-101.9513518,48317.0,1732.8019407381735,7.0,93,96,7,0,89,93,5753,4,0,0,4,3
2020-11-04,US,Texas,Mason,84,2,0,30.71780434,-99.22629416,48319.0,1965.3720168460452,2.380952380952381,82,83,2,0,81,83,4280,1,0,0,1,0
2020-11-04,US,Texas,Matagorda,1130,54,0,28.81955746,-96.01230294,48321.0,3083.808640122261,4.778761061946904,1076,1126,54,0,1072,1124,36552,4,0,0,4,2
2020-11-04,US,Texas,Maverick,4365,153,0,28.7429195,-100.3157686,48323.0,7433.329927454788,3.5051546391752577,4212,4363,151,0,4212,4322,58485,2,2,0,0,41
2020-11-04,US,Texas,McCulloch,223,5,0,31.1925468,-99.34682807,48307.0,2793.0861723446887,2.242152466367713,218,222,5,0,217,220,7987,1,0,0,1,2
2020-11-04,US,Texas,McLennan,10528,147,0,31.55255453,-97.20217694,48309.0,4102.516142356687,1.3962765957446808,10381,10450,147,0,10303,10316,254607,78,0,0,78,134
2020-11-04,US,Texas,McMullen,25,1,0,28.35251708,-98.56769164,48311.0,3364.737550471063,4.0,24,25,1,0,24,25,749,0,0,0,0,0
2020-11-04,US,Texas,Medina,1293,49,0,29.355730100000002,-99.11030298,48325.0,2506.591191066997,3.7896365042536737,1244,1292,49,0,1243,1294,50921,1,0,0,1,-2
2020-11-04,US,Texas,Menard,78,0,0,30.88990665,-99.82047940000001,48327.0,3648.2694106641716,0.0,78,78,0,0,78,77,2139,0,0,0,0,1
2020-11-04,US,Texas,Midland,5843,98,0,31.86904128,-102.03156820000001,48329.0,3304.266196163591,1.6772206058531576,5745,5843,98,0,5745,5540,172578,0,0,0,0,303
2020-11-04,US,Texas,Milam,552,8,0,30.78581830000001,-96.97718698,48331.0,2223.7441082866694,1.4492753623188406,544,552,8,0,544,550,25131,0,0,0,0,2
2020-11-04,US,Texas,Mills,84,2,0,31.49557106,-98.59272068,48333.0,1723.7841165606405,2.380952380952381,82,80,1,0,79,79,4921,4,1,0,3,1
2020-11-04,US,Texas,Mitchell,220,2,0,32.30623474,-100.9212058,48335.0,2574.605032182563,0.9090909090909092,218,212,2,0,210,202,8145,8,0,0,8,10
2020-11-04,US,Texas,Montague,314,8,0,33.67521893,-97.72500958,48337.0,1584.4182056716115,2.5477707006369426,306,309,6,0,303,299,19596,5,2,0,3,10
2020-11-04,US,Texas,Montgomery,14224,183,0,30.30079133,-95.50572772,48339.0,2341.81935524234,1.2865579302587176,14041,14231,183,0,14048,14227,590925,-7,0,0,-7,4
2020-11-04,US,Texas,Moore,1380,22,0,35.83769242,-101.8930281,48341.0,6590.257879656158,1.5942028985507246,1358,1372,22,0,1350,1352,21485,8,0,0,8,20
2020-11-04,US,Texas,Morris,240,5,0,33.11304005,-94.73255695,48343.0,1937.3587342589608,2.083333333333333,235,240,5,0,235,237,12339,0,0,0,0,3
2020-11-04,US,Texas,Motley,17,0,0,34.07408766,-100.77972199999999,48345.0,1416.666666666667,0.0,17,17,0,0,17,17,1234,0,0,0,0,0
2020-11-04,US,Texas,Nacogdoches,1837,72,0,31.62017125,-94.61803994,48347.0,2817.311821360653,3.91943385955362,1765,1827,72,0,1755,1822,65711,10,0,0,10,5
2020-11-04,US,Texas,Navarro,1484,34,0,32.04620681,-96.47428766,48349.0,2961.3074451739067,2.2911051212938007,1450,1480,34,0,1446,1472,49565,4,0,0,4,8
2020-11-04,US,Texas,Newton,190,14,0,30.78548982,-93.74408813,48351.0,1397.5726369988965,7.36842105263158,176,190,14,0,176,189,13746,0,0,0,0,1
2020-11-04,US,Texas,Nolan,457,7,0,32.30365282,-100.4060208,48353.0,3105.8855511757506,1.5317286652078774,450,448,7,0,441,441,14751,9,0,0,9,7
2020-11-04,US,Texas,Nueces,21510,450,0,27.736286,-97.5433285,48355.0,5937.167052173097,2.092050209205021,21060,21465,449,0,21016,21432,362265,45,1,0,44,33
2020-11-04,US,Texas,Ochiltree,341,5,0,36.27829105,-100.8158184,48357.0,3466.856445709638,1.4662756598240467,336,341,5,0,336,338,9947,0,0,0,0,3
2020-11-04,US,Texas,Oldham,28,2,0,35.40425596,-102.6027606,48359.0,1325.7575757575758,7.142857142857142,26,28,2,0,26,27,2131,0,0,0,0,1
2020-11-04,US,Texas,Orange,2267,47,0,30.11879481,-93.89412775,48361.0,2718.355796441076,2.0732245258050286,2220,2267,47,0,2220,2267,83572,0,0,0,0,0
2020-11-04,US,Texas,Palo Pinto,765,23,0,32.75310985,-98.31319001,48363.0,2620.850320326151,3.0065359477124183,742,762,21,0,741,745,28875,3,2,0,1,17
2020-11-04,US,Texas,Panola,493,31,0,32.163959600000005,-94.30552481,48365.0,2125.5497111321893,6.288032454361055,462,490,30,0,460,489,23148,3,1,0,2,1
2020-11-04,US,Texas,Parker,2598,54,0,32.77757172,-97.80500621,48367.0,1818.3345231596186,2.07852193995381,2544,2593,52,0,2541,2528,138371,5,2,0,3,65
2020-11-04,US,Texas,Parmer,609,19,0,34.52993409,-102.78446679999999,48369.0,6340.447683498178,3.1198686371100166,590,595,19,0,576,579,9864,14,0,0,14,16
2020-11-04,US,Texas,Pecos,533,8,0,30.78097267,-102.72412609999999,48371.0,3368.5141882070398,1.50093808630394,525,526,8,0,518,519,15673,7,0,0,7,7
2020-11-04,US,Texas,Polk,926,39,0,30.79472531,-94.82766240000001,48373.0,1803.2052655151601,4.211663066954643,887,926,39,0,887,918,50031,0,0,0,0,8
2020-11-04,US,Texas,Potter,9019,108,0,35.40133773,-101.893964,48375.0,7681.301366946303,1.1974720035480653,8911,8766,104,0,8662,8554,119648,253,4,0,249,212
2020-11-04,US,Texas,Presidio,183,7,0,29.99954402,-104.24080790000001,48377.0,2729.713603818616,3.8251366120218577,176,180,7,0,173,174,6948,3,0,0,3,6
2020-11-04,US,Texas,Rains,97,5,0,32.87109387,-95.79232691,48379.0,775.1318523253958,5.154639175257731,92,97,5,0,92,97,12159,0,0,0,0,0
2020-11-04,US,Texas,Randall,6212,59,0,34.96585996,-101.8971322,48381.0,4510.830495305454,0.9497746297488732,6153,5906,59,0,5847,5483,136271,306,0,0,306,423
2020-11-04,US,Texas,Reagan,98,6,0,31.36607041,-101.52326590000001,48383.0,2546.115874253053,6.1224489795918355,92,97,6,0,91,97,3741,1,0,0,1,0
2020-11-04,US,Texas,Real,126,8,0,29.83321503,-99.82018052,48385.0,3650.057937427578,6.349206349206349,118,126,8,0,118,126,3478,0,0,0,0,0
2020-11-04,US,Texas,Red River,204,17,0,33.61886692,-95.04841765,48387.0,1696.7478998586043,8.333333333333334,187,202,17,0,185,202,12175,2,0,0,2,0
2020-11-04,US,Texas,Reeves,292,7,0,31.32323325,-103.69038959999999,48389.0,1827.741612418628,2.3972602739726026,285,292,7,0,285,289,15695,0,0,0,0,3
2020-11-04,US,Texas,Refugio,321,16,0,28.323897600000002,-97.15766311,48391.0,4620.034542314334,4.984423676012462,305,314,16,0,298,314,7032,7,0,0,7,0
2020-11-04,US,Texas,Roberts,15,0,0,35.83809685,-100.813175,48393.0,1756.440281030445,0.0,15,15,0,0,15,15,903,0,0,0,0,0
2020-11-04,US,Texas,Robertson,441,4,0,31.02539637,-96.51272246,48395.0,2582.874546093476,0.90702947845805,437,436,4,0,432,436,17284,5,0,0,5,0
2020-11-04,US,Texas,Rockwall,2059,33,0,32.89779518,-96.40771592,48397.0,1962.541104703808,1.602719766877125,2026,2046,33,0,2013,1988,100657,13,0,0,13,58
2020-11-04,US,Texas,Runnels,308,9,0,31.8314342,-99.97616148,48399.0,3000.779423226812,2.9220779220779223,299,307,9,0,298,303,10234,1,0,0,1,4
2020-11-04,US,Texas,Rusk,1057,28,0,32.10773545,-94.76176432,48401.0,1942.800426423556,2.6490066225165565,1029,1057,28,0,1029,1052,54450,0,0,0,0,5
2020-11-04,US,Texas,Sabine,106,9,0,31.34318809,-93.85440451,48403.0,1005.5018023145514,8.49056603773585,97,105,9,0,96,102,10589,1,0,0,1,3
2020-11-04,US,Texas,San Augustine,222,15,0,31.39457611,-94.17000399,48405.0,2695.156003399296,6.756756756756758,207,222,15,0,207,221,8232,0,0,0,0,1
2020-11-04,US,Texas,San Jacinto,242,14,0,30.57933681,-95.16260304,48407.0,838.5598946602446,5.785123966942148,228,242,13,0,229,242,28719,0,1,0,-1,0
2020-11-04,US,Texas,San Patricio,1592,82,0,28.00880118,-97.51763891,48409.0,2385.7335531245317,5.150753768844222,1510,1592,81,0,1511,1592,66893,0,1,0,-1,0
2020-11-04,US,Texas,San Saba,246,4,0,31.1577796,-98.81758731,48411.0,4062.758051197357,1.6260162601626016,242,243,4,0,239,242,6054,3,0,0,3,1
2020-11-04,US,Texas,Schleicher,55,2,0,30.89740592,-100.5384842,48413.0,1969.2087361260294,3.636363636363636,53,55,2,0,53,55,2895,0,0,0,0,0
2020-11-04,US,Texas,Scurry,1194,16,0,32.74613808,-100.91626640000001,48415.0,7148.416452134347,1.340033500837521,1178,1167,16,0,1151,1140,16866,27,0,0,27,27
2020-11-04,US,Texas,Shackelford,40,0,0,32.73587756,-99.35401337,48417.0,1225.1148545176109,0.0,40,40,0,0,40,40,3253,0,0,0,0,0
2020-11-04,US,Texas,Shelby,563,32,0,31.79211404,-94.14550696,48419.0,2227.5856611537547,5.683836589698046,531,561,31,0,530,554,25418,2,1,0,1,7
2020-11-04,US,Texas,Sherman,79,1,0,36.27751473,-101.8933156,48421.0,2614.162806088683,1.2658227848101269,78,79,1,0,78,78,3079,0,0,0,0,1
2020-11-04,US,Texas,Smith,4682,146,0,32.37474036,-95.27175679999999,48423.0,2011.591786931098,3.1183255019222558,4536,4682,145,0,4537,4633,230221,0,1,0,-1,49
2020-11-04,US,Texas,Somervell,165,5,0,32.22236802,-97.77403489,48425.0,1807.624890446976,3.0303030303030303,160,165,5,0,160,160,9016,0,0,0,0,5
2020-11-04,US,Texas,Starr,3603,186,0,26.56150059,-98.73892358,48427.0,5574.551699596182,5.162364696086595,3417,3585,186,0,3399,3585,64525,18,0,0,18,0
2020-11-04,US,Texas,Stephens,171,5,0,32.73553157,-98.83631615,48429.0,1825.7527226137088,2.9239766081871346,166,170,5,0,165,166,9433,1,0,0,1,4
2020-11-04,US,Texas,Sterling,23,0,0,31.82781912,-101.05007459999999,48431.0,1781.5646785437646,0.0,23,21,0,0,21,21,1311,2,0,0,2,0
2020-11-04,US,Texas,Stonewall,21,1,0,33.17906744,-100.25384009999999,48433.0,1555.5555555555554,4.761904761904762,20,21,1,0,20,21,1362,0,0,0,0,0
2020-11-04,US,Texas,Sutton,116,3,0,30.49856623,-100.5382014,48435.0,3072.0338983050847,2.586206896551724,113,115,3,0,112,114,3758,1,0,0,1,1
2020-11-04,US,Texas,Swisher,164,5,0,34.53028891,-101.73491740000001,48437.0,2217.1150466405293,3.0487804878048776,159,162,5,0,157,161,7462,2,0,0,2,1
2020-11-04,US,Texas,Tarrant,70228,850,0,32.77143818,-97.29101614,48439.0,3340.190200783348,1.2103434527538874,69378,69519,842,0,68677,68803,2084931,709,8,0,701,716
2020-11-04,US,Texas,Taylor,2392,73,0,32.30163422,-99.89007449,48441.0,1732.9063853833109,3.0518394648829434,2319,2344,70,0,2274,2322,137640,48,3,0,45,22
2020-11-04,US,Texas,Terrell,4,0,0,30.22429013,-102.0766732,48443.0,515.4639175257731,0.0,4,4,0,0,4,4,823,0,0,0,0,0
2020-11-04,US,Texas,Terry,652,10,0,33.17402785,-102.3354521,48445.0,5284.9152954527035,1.5337423312883436,642,641,10,0,631,626,12287,11,0,0,11,15
2020-11-04,US,Texas,Throckmorton,19,2,0,33.17751417,-99.21226795,48447.0,1265.822784810127,10.526315789473683,17,19,2,0,17,19,1515,0,0,0,0,0
2020-11-04,US,Texas,Titus,1757,37,0,33.21339719,-94.96797273,48449.0,5364.885496183206,2.105862265224815,1720,1757,36,0,1721,1748,33033,0,1,0,-1,9
2020-11-04,US,Texas,Tom Green,5278,82,0,31.40464436,-100.46244300000001,48451.0,4427.8523489932895,1.5536187949981053,5196,5184,82,0,5102,5076,118189,94,0,0,94,108
2020-11-04,US,Texas,Travis,32605,456,0,30.33432034,-97.78535620000001,48453.0,2559.354576381879,1.3985585032970402,32149,32451,456,0,31995,32303,1248743,154,0,0,154,148
2020-11-04,US,Texas,Trinity,210,8,0,31.0879489,-95.1367187,48455.0,1433.349259436216,3.809523809523809,202,210,8,0,202,208,14740,0,0,0,0,2
2020-11-04,US,Texas,Tyler,276,4,0,30.77031716,-94.37690895,48457.0,1273.5326688815062,1.4492753623188406,272,276,4,0,272,273,21696,0,0,0,0,3
2020-11-04,US,Texas,Upshur,521,15,0,32.73706798,-94.93999853,48459.0,1247.8145282973678,2.8790786948176583,506,519,15,0,504,516,41260,2,0,0,2,3
2020-11-04,US,Texas,Upton,28,4,0,31.36868194,-102.0423217,48461.0,765.6549083948591,14.285714285714285,24,28,4,0,24,28,3671,0,0,0,0,0
2020-11-04,US,Texas,Uvalde,855,37,0,29.35739637,-99.76229172,48463.0,3197.337421936353,4.32748538011696,818,853,37,0,816,850,26846,2,0,0,2,3
2020-11-04,US,Texas,Val Verde,2701,129,0,29.89149232,-101.1525205,48465.0,5509.43396226415,4.776008885597927,2572,2637,129,0,2508,2637,49208,64,0,0,64,0
2020-11-04,US,Texas,Van Zandt,726,29,0,32.56483801,-95.83766469,48467.0,1282.9121752959884,3.9944903581267215,697,726,29,0,697,719,56019,0,0,0,0,7
2020-11-04,US,Texas,Victoria,4340,98,0,28.79780988,-96.96813006,48469.0,4713.088050041267,2.2580645161290325,4242,4324,98,0,4226,4302,92035,16,0,0,16,22
2020-11-04,US,Texas,Walker,3953,64,0,30.73872995,-95.57440968,48471.0,5417.220539666443,1.6190235264356183,3889,3946,62,0,3884,3963,72480,7,2,0,5,-17
2020-11-04,US,Texas,Waller,1019,17,0,30.01058447,-95.99011759,48473.0,1844.477428230099,1.6683022571148185,1002,1015,17,0,998,1015,53126,4,0,0,4,0
2020-11-04,US,Texas,Ward,176,2,0,31.50999644,-103.09279090000001,48475.0,1466.9111518586428,1.1363636363636365,174,175,1,0,174,175,11720,1,1,0,0,0
2020-11-04,US,Texas,Washington,725,50,0,30.21498498,-96.40946246,48477.0,2020.5116771640376,6.896551724137932,675,722,50,0,672,720,35108,3,0,0,3,2
2020-11-04,US,Texas,Webb,15539,358,0,27.7610369,-99.33237355,48479.0,5616.803782369186,2.3038805585945044,15181,15477,356,0,15121,15477,275910,62,2,0,60,0
2020-11-04,US,Texas,Wharton,1455,60,0,29.27765923,-96.22319248,48481.0,3501.2994513427666,4.123711340206185,1395,1452,60,0,1392,1472,41619,3,0,0,3,-20
2020-11-04,US,Texas,Wheeler,114,0,0,35.40114335,-100.26995140000001,48483.0,2254.746835443038,0.0,114,98,0,0,98,91,5191,16,0,0,16,7
2020-11-04,US,Texas,Wichita,4292,53,0,33.98842886,-98.70410340000001,48485.0,3245.859487257052,1.2348555452003729,4239,4189,52,0,4137,4001,132064,103,1,0,102,188
2020-11-04,US,Texas,Wilbarger,408,4,0,34.07945812,-99.24178437,48487.0,3195.2384681650874,0.9803921568627452,404,408,4,0,404,384,12820,0,0,0,0,24
2020-11-04,US,Texas,Willacy,1265,57,0,26.47411727,-97.61535848,48489.0,5922.839217155163,4.5059288537549405,1208,1252,56,0,1196,1251,21515,13,1,0,12,1
2020-11-04,US,Texas,Williamson,9755,157,0,30.64655664,-97.60048540000001,48491.0,1651.8471732331332,1.6094310609943618,9598,9708,156,0,9552,9664,566719,47,1,0,46,44
2020-11-04,US,Texas,Wilson,1006,28,0,29.1732598,-98.08693082,48493.0,1969.845310358332,2.7833001988071566,978,1005,28,0,977,1005,50224,1,0,0,1,0
2020-11-04,US,Texas,Winkler,154,5,0,31.85008651,-103.04851629999999,48495.0,1922.596754057428,3.2467532467532467,149,153,5,0,148,153,7720,1,0,0,1,0
2020-11-04,US,Texas,Wise,1004,16,0,33.21570665,-97.65460265,48497.0,1434.6136259716507,1.593625498007968,988,998,16,0,982,965,68305,6,0,0,6,33
2020-11-04,US,Texas,Wood,672,42,0,32.78722382,-95.38236368,48499.0,1475.6582270142076,6.25,630,672,41,0,631,664,45129,0,1,0,-1,8
2020-11-04,US,Texas,Yoakum,389,7,0,33.17320212,-102.82764329999999,48501.0,4464.5931366923,1.7994858611825193,382,378,7,0,371,338,8591,11,0,0,11,40
2020-11-04,US,Texas,Young,643,11,0,33.17659707,-98.68790885,48503.0,3570.2387562465296,1.7107309486780715,632,634,11,0,623,620,18045,9,0,0,9,14
2020-11-04,US,Texas,Zapata,361,9,0,27.00156391,-99.16987152,48505.0,2546.018760138233,2.4930747922437675,352,361,9,0,352,358,14190,0,0,0,0,3
2020-11-04,US,Texas,Zavala,476,19,0,28.86617238,-99.76050829,48507.0,4020.2702702702704,3.9915966386554618,457,474,19,0,455,470,11983,2,0,0,2,4
2020-11-04,US,Utah,Bear River,5855,20,0,41.52106798,-113.08328159999999,0.0,3134.066310526823,0.3415883859948762,5835,5721,19,0,5702,5652,,134,1,0,133,69
2020-11-04,US,Utah,Central Utah,1500,11,0,39.37231946,-111.5758676,0.0,1830.295043561022,0.7333333333333333,1489,1443,11,0,1432,1440,,57,0,0,57,3
2020-11-04,US,Utah,Davis,9456,43,0,40.99001837,-112.1139997,49011.0,2660.057780865925,0.4547377326565144,9413,9266,43,0,9223,9140,351713,190,0,0,190,126
2020-11-04,US,Utah,Salt Lake,51985,317,0,40.66616532,-111.92160109999999,49035.0,4479.777876782626,0.6097912859478696,51668,51124,316,0,50808,50461,1152633,861,1,0,860,663
2020-11-04,US,Utah,San Juan,849,30,0,37.62762978,-109.80337140000002,49037.0,5546.119675986412,3.53356890459364,819,847,30,0,817,847,15449,2,0,0,2,0
2020-11-04,US,Utah,Southeast Utah,626,6,0,38.99617072,-110.70139579999999,0.0,1556.0913768674338,0.9584664536741214,620,606,6,0,600,575,,20,0,0,20,31
2020-11-04,US,Utah,Southwest Utah,6880,58,0,37.85447192,-111.4418764,0.0,2729.703779528809,0.8430232558139535,6822,6741,57,0,6684,6632,,139,1,0,138,109
2020-11-04,US,Utah,Summit,1574,1,0,40.86688146,-110.9535882,49043.0,3734.725352948155,0.06353240152477764,1573,1547,1,0,1546,1525,41933,27,0,0,27,22
2020-11-04,US,Utah,Tooele,1672,5,0,40.44862644,-113.12957150000001,49045.0,2313.8986147054347,0.2990430622009569,1667,1635,5,0,1630,1615,69907,37,0,0,37,20
2020-11-04,US,Utah,TriCounty,627,3,0,40.12491499,-109.5174415,0.0,1107.3434354137967,0.4784688995215311,624,597,3,0,594,551,,30,0,0,30,46
2020-11-04,US,Utah,Utah,31502,86,0,40.116672200000004,-111.66576620000001,49049.0,4951.3151587070815,0.27299853977525235,31416,31095,84,0,31011,30671,622213,407,2,0,405,424
2020-11-04,US,Utah,Wasatch,1268,9,0,40.33110236,-111.1691419,49051.0,3719.4567481153385,0.7097791798107256,1259,1259,9,0,1250,1227,33240,9,0,0,9,32
2020-11-04,US,Utah,Weber-Morgan,7691,36,0,41.27116049,-111.9145117,0.0,2824.0745840631275,0.4680795735274997,7655,7494,36,0,7458,7370,,197,0,0,197,124
2020-11-04,US,Vermont,Addison,126,2,0,44.03217337,-73.14130877,50001.0,342.60543274329063,1.5873015873015872,124,125,2,0,123,124,36973,1,0,0,1,1
2020-11-04,US,Vermont,Bennington,144,1,0,43.03519828,-73.09048868,50003.0,405.97688187200447,0.6944444444444444,143,142,1,0,141,142,35631,2,0,0,2,0
2020-11-04,US,Vermont,Caledonia,47,0,0,44.46548598,-72.10314651,50005.0,156.7032307538426,0.0,47,48,0,0,48,46,30302,-1,0,0,-1,2
2020-11-04,US,Vermont,Chittenden,1057,39,0,44.46322849,-73.08359212,50007.0,645.4015899959702,3.689687795648061,1018,1038,39,0,999,1028,164572,19,0,0,19,10
2020-11-04,US,Vermont,Essex,13,0,0,44.72736416,-71.73579864,50009.0,210.93623235437286,0.0,13,11,0,0,11,11,6250,2,0,0,2,0
2020-11-04,US,Vermont,Franklin,143,7,0,44.85627605,-72.91249563,50011.0,289.4619651026273,4.895104895104895,136,143,7,0,136,143,49421,0,0,0,0,0
2020-11-04,US,Vermont,Grand Isle,17,0,0,44.797582399999996,-73.29679772,50013.0,234.96890117484446,0.0,17,17,0,0,17,17,7090,0,0,0,0,0
2020-11-04,US,Vermont,Lamoille,63,1,0,44.60353043,-72.64356694,50015.0,248.403122782115,1.5873015873015872,62,63,1,0,62,63,25300,0,0,0,0,0
2020-11-04,US,Vermont,Orange,40,0,0,44.00470222,-72.37640104,50017.0,138.44662882458812,0.0,40,40,0,0,40,38,28999,0,0,0,0,2
2020-11-04,US,Vermont,Orleans,45,0,0,44.82964024,-72.24562697,50019.0,166.43858416244404,0.0,45,43,0,0,43,43,26907,2,0,0,2,0
2020-11-04,US,Vermont,Rutland,138,1,0,43.57723578,-73.03741676,50021.0,237.1500747538279,0.7246376811594203,137,138,1,0,137,137,58672,0,0,0,0,1
2020-11-04,US,Vermont,Unassigned,9,0,0,0.0,0.0,90050.0,0.0,0.0,9,9,0,0,9,8,,0,0,0,0,1
2020-11-04,US,Vermont,Washington,141,2,0,44.27343241,-72.61604978,50023.0,241.40115393175708,1.4184397163120568,139,138,2,0,136,137,58140,3,0,0,3,1
2020-11-04,US,Vermont,Windham,156,3,0,42.986982,-72.71268875,50025.0,369.47562881909903,1.9230769230769231,153,154,3,0,151,154,42756,2,0,0,2,0
2020-11-04,US,Vermont,Windsor,128,2,0,43.58010937,-72.58595157,50027.0,232.46522102357346,1.5625,126,128,2,0,126,128,55286,0,0,0,0,0
2020-11-04,US,Virginia,Accomack,1232,19,0,37.76707161,-75.63234615,51001.0,3812.35301398688,1.542207792207792,1213,1229,19,0,1210,1229,32412,3,0,0,3,0
2020-11-04,US,Virginia,Albemarle,1623,24,0,38.02080697,-78.55481085,51003.0,1484.4964785511756,1.478743068391867,1599,1619,24,0,1595,1616,108718,4,0,0,4,3
2020-11-04,US,Virginia,Alexandria,4391,74,0,38.814003,-77.08183073,51510.0,2754.22134129513,1.6852653154179005,4317,4377,74,0,4303,4363,160530,14,0,0,14,14
2020-11-04,US,Virginia,Alleghany,161,4,0,37.78636074,-80.00222498,51005.0,1083.4454912516824,2.4844720496894412,157,154,4,0,150,154,14910,7,0,0,7,0
2020-11-04,US,Virginia,Amelia,151,6,0,37.34081025,-77.98584649,51007.0,1148.7257512362116,3.9735099337748334,145,151,6,0,145,150,13013,0,0,0,0,1
2020-11-04,US,Virginia,Amherst,633,6,0,37.60308293,-79.14548696,51009.0,2002.8476506881823,0.9478672985781992,627,633,6,0,627,626,31666,0,0,0,0,7
2020-11-04,US,Virginia,Appomattox,321,6,0,37.37569884,-78.81340003,51011.0,2017.4721890516,1.8691588785046729,315,317,6,0,311,310,15841,4,0,0,4,7
2020-11-04,US,Virginia,Arlington,4854,154,0,38.8767675,-77.10139853,51013.0,2049.4675775411456,3.1726411207251752,4700,4813,154,0,4659,4778,237521,41,0,0,41,35
2020-11-04,US,Virginia,Augusta,736,9,0,38.16404586,-79.12461614,51015.0,974.0861325074776,1.2228260869565215,727,732,9,0,723,719,75457,4,0,0,4,13
2020-11-04,US,Virginia,Bath,28,0,0,38.05852573,-79.73912095,51017.0,675.1868820834337,0.0,28,27,0,0,27,27,4292,1,0,0,1,0
2020-11-04,US,Virginia,Bedford,1352,18,0,37.3080028,-79.5281964,51019.0,1711.457397116346,1.331360946745562,1334,1330,18,0,1312,1319,78747,22,0,0,22,11
2020-11-04,US,Virginia,Bland,84,5,0,37.13128068,-81.13599391,51021.0,1337.5796178343946,5.9523809523809526,79,84,5,0,79,79,6293,0,0,0,0,5
2020-11-04,US,Virginia,Botetourt,508,13,0,37.55531756,-79.80982182,51023.0,1520.093360064634,2.559055118110236,495,491,13,0,478,482,33277,17,0,0,17,9
2020-11-04,US,Virginia,Bristol,326,7,0,36.616302399999995,-82.16359122,51520.0,1944.8753132084478,2.147239263803681,319,326,7,0,319,321,16482,0,0,0,0,5
2020-11-04,US,Virginia,Brunswick,432,5,0,36.76366949,-77.8593436,51025.0,2661.573532129875,1.1574074074074074,427,427,5,0,422,427,16384,5,0,0,5,0
2020-11-04,US,Virginia,Buchanan,278,4,0,37.26818323,-82.03749726,51027.0,1323.5574176347366,1.4388489208633093,274,278,4,0,274,278,21221,0,0,0,0,0
2020-11-04,US,Virginia,Buckingham,773,9,0,37.57242268,-78.52518834,51029.0,4507.814322369954,1.1642949547218628,764,771,9,0,762,764,16999,2,0,0,2,7
2020-11-04,US,Virginia,Buena Vista,134,1,0,37.73484642,-79.35296097,51530.0,2068.5396727385,0.746268656716418,133,132,1,0,131,129,6237,2,0,0,2,3
2020-11-04,US,Virginia,Campbell,812,9,0,37.20553386,-79.09678609,51031.0,1479.4570465518811,1.1083743842364533,803,803,9,0,794,787,54973,9,0,0,9,16
2020-11-04,US,Virginia,Caroline,458,6,0,38.02679129,-77.34901405,51033.0,1490.6427990235966,1.310043668122271,452,455,6,0,449,451,30772,3,0,0,3,4
2020-11-04,US,Virginia,Carroll,656,29,0,36.73066666,-80.73455942,51035.0,2202.007317646269,4.420731707317073,627,645,29,0,616,636,29636,11,0,0,11,9
2020-11-04,US,Virginia,Charles City,106,5,0,37.35358063,-77.05634116,51036.0,1522.3323280195318,4.716981132075472,101,106,5,0,101,105,6941,0,0,0,0,1
2020-11-04,US,Virginia,Charlotte,226,1,0,37.01909701,-78.66314092,51037.0,1902.3569023569025,0.4424778761061947,225,227,1,0,226,225,11938,-1,0,0,-1,2
2020-11-04,US,Virginia,Charlottesville,1633,31,0,38.03527919,-78.48569588,51540.0,3454.9147378665425,1.8983466013472137,1602,1626,31,0,1595,1626,48117,7,0,0,7,0
2020-11-04,US,Virginia,Chesapeake,5112,80,0,36.67670048,-76.30545744,51550.0,2087.936773745584,1.5649452269170578,5032,5077,80,0,4997,5058,242634,35,0,0,35,19
2020-11-04,US,Virginia,Chesterfield,7407,120,0,37.37373208,-77.58680140000001,51041.0,2099.4778941162467,1.6200891049007695,7287,7361,120,0,7241,7320,348556,46,0,0,46,41
2020-11-04,US,Virginia,Clarke,129,1,0,39.11271747,-77.99199425,51043.0,882.4132977631848,0.7751937984496124,128,127,1,0,126,125,14523,2,0,0,2,2
2020-11-04,US,Virginia,Colonial Heights,319,26,0,37.26420587,-77.39609676,51570.0,1836.4997121473805,8.150470219435737,293,319,26,0,293,320,17833,0,0,0,0,-1
2020-11-04,US,Virginia,Covington,61,0,0,37.7824656,-79.98631446,51580.0,1101.4806789454676,0.0,61,53,0,0,53,53,5460,8,0,0,8,0
2020-11-04,US,Virginia,Craig,64,0,0,37.48133648,-80.21072274,51045.0,1247.3202104852855,0.0,64,64,0,0,64,62,5064,0,0,0,0,2
2020-11-04,US,Virginia,Culpeper,1423,18,0,38.48199985,-77.95630870000002,51047.0,2705.066058359472,1.264933239634575,1405,1416,18,0,1398,1410,51859,7,0,0,7,6
2020-11-04,US,Virginia,Cumberland,128,2,0,37.51328851,-78.24398086,51049.0,1288.763592428514,1.5625,126,128,2,0,126,127,9809,0,0,0,0,1
2020-11-04,US,Virginia,Danville,1290,46,0,36.58022376,-79.40395668,51590.0,3221.456397962241,3.5658914728682167,1244,1281,45,0,1236,1268,40693,9,1,0,8,13
2020-11-04,US,Virginia,Dickenson,162,1,0,37.12560977,-82.35124171,51051.0,1131.442938957955,0.6172839506172839,161,158,1,0,157,156,14523,4,0,0,4,2
2020-11-04,US,Virginia,Dinwiddie,554,12,0,37.07544585,-77.63451754,51053.0,1940.863228699552,2.166064981949458,542,554,12,0,542,540,28529,0,0,0,0,14
2020-11-04,US,Virginia,Emporia,302,28,0,36.69455571,-77.53406129,51595.0,5649.0834268612025,9.271523178807945,274,301,28,0,273,300,5121,1,0,0,1,1
2020-11-04,US,Virginia,Essex,202,2,0,37.93357639,-76.94230311,51057.0,1844.2435862320824,0.99009900990099,200,201,2,0,199,201,10919,1,0,0,1,0
2020-11-04,US,Virginia,Fairfax,24591,604,0,38.83677558,-77.27565836,51059.0,2142.9467762119048,2.4561831564393484,23987,24458,604,0,23854,24399,1150795,133,0,0,133,59
2020-11-04,US,Virginia,Fairfax,24591,604,0,38.83677558,-77.27565836,51059.0,2142.9467762119048,2.4561831564393484,23987,24458,604,0,23854,24399,24574,133,0,0,133,59
2020-11-04,US,Virginia,Fairfax City,165,8,0,38.85157547,-77.29779640000002,51600.0,686.9561597068987,4.848484848484849,157,165,8,0,157,165,24574,0,0,0,0,0
2020-11-04,US,Virginia,Falls Church,77,7,0,38.88485255,-77.17560759,51610.0,526.7838817814874,9.090909090909092,70,78,7,0,71,78,14772,-1,0,0,-1,0
2020-11-04,US,Virginia,Fauquier,1132,27,0,38.73564842,-77.80647472,51061.0,1589.3965347785795,2.385159010600707,1105,1128,27,0,1101,1129,70675,4,0,0,4,-1
2020-11-04,US,Virginia,Floyd,261,15,0,36.9302126,-80.36738849,51063.0,1657.2480792431265,5.747126436781608,246,261,15,0,246,259,15795,0,0,0,0,2
2020-11-04,US,Virginia,Fluvanna,438,9,0,37.84157909,-78.27715475,51065.0,1606.160616061606,2.054794520547945,429,436,9,0,427,436,26783,2,0,0,2,0
2020-11-04,US,Virginia,Franklin,1042,6,0,36.99536167,-79.88023649,51067.0,1859.3197958673848,0.5758157389635317,1036,999,7,0,992,963,56195,43,-1,0,44,36
2020-11-04,US,Virginia,Franklin,1042,6,0,36.99536167,-79.88023649,51067.0,1859.3197958673848,0.5758157389635317,1036,999,7,0,992,963,8013,43,-1,0,44,36
2020-11-04,US,Virginia,Franklin City,516,14,0,36.6831435,-76.93859681,51620.0,6476.716455378436,2.713178294573644,502,514,13,0,501,508,8013,2,1,0,1,6
2020-11-04,US,Virginia,Frederick,1253,13,0,39.20172582,-78.25974949,51069.0,1402.9312642056589,1.0375099760574622,1240,1240,13,0,1227,1229,88355,13,0,0,13,11
2020-11-04,US,Virginia,Fredericksburg,607,6,0,38.2977863,-77.4922454,51630.0,2090.5083344813333,0.9884678747940692,601,603,6,0,597,600,29144,4,0,0,4,3
2020-11-04,US,Virginia,Galax,469,30,0,36.66601852,-80.91703124,51640.0,7389.317787931306,6.3965884861407245,439,466,30,0,436,463,6423,3,0,0,3,3
2020-11-04,US,Virginia,Giles,155,0,0,37.31234791,-80.70636931,51071.0,927.0334928229663,0.0,155,153,0,0,153,149,16844,2,0,0,2,4
2020-11-04,US,Virginia,Gloucester,358,3,0,37.40809042,-76.53524337,51073.0,958.5519974295813,0.8379888268156425,355,358,3,0,355,359,37349,0,0,0,0,-1
2020-11-04,US,Virginia,Goochland,341,7,0,37.71714806,-77.90381514,51075.0,1435.6081337094265,2.0527859237536656,334,341,7,0,334,340,23244,0,0,0,0,1
2020-11-04,US,Virginia,Grayson,404,20,0,36.65677234,-81.23215889,51077.0,2598.0707395498393,4.950495049504951,384,403,19,0,384,396,15631,1,1,0,0,7
2020-11-04,US,Virginia,Greene,301,3,0,38.29545894,-78.46525378,51079.0,1518.7446389827942,0.9966777408637874,298,300,3,0,297,299,19779,1,0,0,1,1
2020-11-04,US,Virginia,Greensville,910,15,0,36.67878901,-77.56351439,51081.0,8027.522935779814,1.6483516483516485,895,911,15,0,896,910,11627,-1,0,0,-1,1
2020-11-04,US,Virginia,Halifax,570,8,0,36.76654925,-78.93512622,51083.0,1680.8705139925098,1.4035087719298245,562,565,8,0,557,559,34120,5,0,0,5,6
2020-11-04,US,Virginia,Hampton,2223,33,0,37.03513786,-76.35879121,51650.0,1652.6652293509774,1.484480431848853,2190,2215,33,0,2182,2202,134313,8,0,0,8,13
2020-11-04,US,Virginia,Hanover,1766,45,0,37.7583355,-77.49464673,51085.0,1638.7357793738283,2.548131370328426,1721,1747,44,0,1703,1736,107239,19,1,0,18,11
2020-11-04,US,Virginia,Harrisonburg,3153,35,0,38.43542574,-78.87536254,51660.0,5947.261204164782,1.1100539169045354,3118,3146,35,0,3111,3136,54033,7,0,0,7,10
2020-11-04,US,Virginia,Henrico,6655,240,0,37.53460572,-77.39326555,51087.0,2011.6801383237914,3.606311044327573,6415,6619,240,0,6379,6569,329261,36,0,0,36,50
2020-11-04,US,Virginia,Henry,1430,33,0,36.68542395,-79.87634026,51089.0,2828.49061455387,2.3076923076923075,1397,1412,32,0,1380,1401,50953,18,1,0,17,11
2020-11-04,US,Virginia,Highland,10,0,0,38.35799465,-79.56124594,51091.0,456.6210045662101,0.0,10,10,0,0,10,10,2210,0,0,0,0,0
2020-11-04,US,Virginia,Hopewell,530,8,0,37.29186313,-77.29754684,51670.0,2352.523414266057,1.509433962264151,522,531,8,0,523,530,22596,-1,0,0,-1,1
2020-11-04,US,Virginia,Isle of Wight,895,26,0,36.90579348,-76.70842863,51093.0,2411.813845697809,2.9050279329608935,869,888,26,0,862,885,36953,7,0,0,7,3
2020-11-04,US,Virginia,James City,983,22,0,37.31156958,-76.76950618,51095.0,1284.5811063340434,2.2380467955239065,961,981,22,0,959,975,76397,2,0,0,2,6
2020-11-04,US,Virginia,King George,294,5,0,38.26818502,-77.15852768,51099.0,1095.543300044716,1.7006802721088434,289,296,5,0,291,292,26575,-2,0,0,-2,4
2020-11-04,US,Virginia,King William,217,5,0,37.70965316,-77.09384941,51101.0,1265.453697224166,2.3041474654377883,212,217,5,0,212,214,16939,0,0,0,0,3
2020-11-04,US,Virginia,King and Queen,89,2,0,37.71044922,-76.88689628,51097.0,1266.9039145907473,2.247191011235955,87,88,2,0,86,88,7042,1,0,0,1,0
2020-11-04,US,Virginia,Lancaster,208,1,0,37.71889653,-76.46400482,51103.0,1961.7089502970853,0.4807692307692308,207,206,1,0,205,206,10783,2,0,0,2,0
2020-11-04,US,Virginia,Lee,598,10,0,36.70586667,-83.12606515,51105.0,2553.046151218888,1.6722408026755853,588,592,10,0,582,589,23541,6,0,0,6,3
2020-11-04,US,Virginia,Lexington,266,1,0,37.78258621,-79.44262866,51678.0,3572.3878592532906,0.3759398496240601,265,261,1,0,260,258,7136,5,0,0,5,3
2020-11-04,US,Virginia,Loudoun,8143,132,0,39.08990083,-77.63481877,51107.0,1969.1056202815705,1.621024192558025,8011,8105,132,0,7973,8048,406850,38,0,0,38,57
2020-11-04,US,Virginia,Louisa,415,8,0,37.97850256,-77.96274807,51109.0,1103.9876566199357,1.9277108433734942,407,415,8,0,407,416,36778,0,0,0,0,-1
2020-11-04,US,Virginia,Lunenburg,155,4,0,36.94618528,-78.24133319,51111.0,1270.9084945883894,2.5806451612903225,151,156,4,0,152,156,12086,-1,0,0,-1,0
2020-11-04,US,Virginia,Lynchburg,2129,27,0,37.40021399,-79.19888138,51680.0,2591.0330055496056,1.26820103334899,2102,2118,27,0,2091,2102,82126,11,0,0,11,16
2020-11-04,US,Virginia,Madison,151,3,0,38.41531222,-78.28220331,51113.0,1138.677324485333,1.9867549668874167,148,149,3,0,146,149,13295,2,0,0,2,0
2020-11-04,US,Virginia,Manassas,2069,27,0,38.7464321,-77.48509905,51683.0,5035.901180479494,1.304978250362494,2042,2066,27,0,2039,2065,41641,3,0,0,3,1
2020-11-04,US,Virginia,Manassas Park,662,8,0,38.77058531,-77.44399307,51685.0,3787.618720677423,1.2084592145015105,654,662,8,0,654,660,17307,0,0,0,0,2
2020-11-04,US,Virginia,Martinsville,503,24,0,36.68212094,-79.86352771,51690.0,4006.6910944718816,4.7713717693836974,479,500,25,0,475,497,12902,3,-1,0,4,3
2020-11-04,US,Virginia,Mathews,139,0,0,37.44164146,-76.34098896,51115.0,1573.466153497849,0.0,139,137,0,0,137,137,8802,2,0,0,2,0
2020-11-04,US,Virginia,Mecklenburg,917,35,0,36.67882005,-78.36131056,51117.0,2998.005688691274,3.816793893129771,882,909,35,0,874,908,30650,8,0,0,8,1
2020-11-04,US,Virginia,Middlesex,148,11,0,37.63191998,-76.55064617,51119.0,1398.6013986013986,7.432432432432432,137,148,11,0,137,148,10769,0,0,0,0,0
2020-11-04,US,Virginia,Montgomery,3032,6,0,37.17746986,-80.37868691,51121.0,3077.079210432841,0.19788918205804748,3026,3009,5,0,3004,2977,98985,23,1,0,22,32
2020-11-04,US,Virginia,Nelson,142,2,0,37.78790447,-78.88498513,51125.0,951.1051574012056,1.4084507042253518,140,142,2,0,140,142,14836,0,0,0,0,0
2020-11-04,US,Virginia,New Kent,306,3,0,37.50694406,-76.99828634,51127.0,1325.1916331038067,0.9803921568627452,303,306,3,0,303,302,22391,0,0,0,0,4
2020-11-04,US,Virginia,Newport News,3313,51,0,37.08166899,-76.51754109,51700.0,1848.5144371599945,1.5393902807123454,3262,3308,51,0,3257,3291,178626,5,0,0,5,17
2020-11-04,US,Virginia,Norfolk,5589,85,0,36.89934014,-76.26420872,51710.0,2302.444570778852,1.5208445160135982,5504,5563,84,0,5479,5534,244076,26,1,0,25,29
2020-11-04,US,Virginia,Northampton,321,31,0,37.34062933,-75.87751591,51131.0,2741.246797608881,9.657320872274145,290,320,31,0,289,320,11735,1,0,0,1,0
2020-11-04,US,Virginia,Northumberland,228,7,0,37.89202088,-76.41949732,51133.0,1885.0764778834227,3.0701754385964914,221,226,7,0,219,226,12147,2,0,0,2,0
2020-11-04,US,Virginia,Norton,54,0,0,36.93357076,-82.62750411,51720.0,1356.443104747551,0.0,54,54,0,0,54,52,3968,0,0,0,0,2
2020-11-04,US,Virginia,Nottoway,374,21,0,37.1435975,-78.05065922,51135.0,2455.357142857143,5.614973262032086,353,373,21,0,352,369,15420,1,0,0,1,4
2020-11-04,US,Virginia,Orange,443,5,0,38.24530219,-78.01560400000002,51137.0,1195.6492402364308,1.1286681715575622,438,433,5,0,428,430,36644,10,0,0,10,3
2020-11-04,US,Virginia,Page,495,31,0,38.61807452,-78.48797204,51139.0,2070.9564053217305,6.262626262626263,464,495,31,0,464,489,23933,0,0,0,0,6
2020-11-04,US,Virginia,Patrick,343,27,0,36.680163799999995,-80.2865648,51141.0,1947.9781917310315,7.871720116618077,316,340,27,0,313,337,17673,3,0,0,3,3
2020-11-04,US,Virginia,Petersburg,974,30,0,37.20530399,-77.39368102,51730.0,3107.254514132584,3.0800821355236137,944,971,30,0,941,956,31567,3,0,0,3,15
2020-11-04,US,Virginia,Pittsylvania,1399,17,0,36.81980341,-79.39731264,51143.0,2317.9905225834245,1.2151536812008576,1382,1388,17,0,1371,1382,60949,11,0,0,11,6
2020-11-04,US,Virginia,Poquoson,104,2,0,37.14259351,-76.35798148,51735.0,847.5266889414065,1.9230769230769231,102,104,2,0,102,105,12190,0,0,0,0,-1
2020-11-04,US,Virginia,Portsmouth,2876,69,0,36.85914825,-76.35971629,51740.0,3046.674717684697,2.399165507649513,2807,2875,69,0,2806,2871,94632,1,0,0,1,4
2020-11-04,US,Virginia,Powhatan,326,5,0,37.55016038,-77.91267882,51145.0,1099.41993794685,1.5337423312883436,321,324,5,0,319,324,29189,2,0,0,2,0
2020-11-04,US,Virginia,Prince Edward,787,13,0,37.22554789,-78.43597949,51147.0,3451.4516270502586,1.6518424396442186,774,787,13,0,774,783,22950,0,0,0,0,4
2020-11-04,US,Virginia,Prince George,1162,7,0,37.18497668,-77.22922187,51149.0,3029.749954371236,0.6024096385542169,1155,1161,7,0,1154,1124,38082,1,0,0,1,37
2020-11-04,US,Virginia,Prince William,14833,223,0,38.70916224,-77.48713689,51153.0,3153.7095899731044,1.5034045708892334,14610,14768,223,0,14545,14660,468011,65,0,0,65,108
2020-11-04,US,Virginia,Pulaski,325,6,0,37.06474963,-80.71229738,51155.0,955.1238722191199,1.8461538461538465,319,322,6,0,316,318,34066,3,0,0,3,4
2020-11-04,US,Virginia,Radford,980,1,0,37.12222899,-80.56027320000003,51750.0,5370.157268891446,0.1020408163265306,979,977,1,0,976,967,18339,3,0,0,3,10
2020-11-04,US,Virginia,Rappahannock,69,2,0,38.68295619,-78.15826963,51157.0,936.2279511533244,2.898550724637681,67,69,2,0,67,69,7252,0,0,0,0,0
2020-11-04,US,Virginia,Richmond,374,4,0,37.937575,-76.72920628,51159.0,4144.962872658761,1.0695187165775402,370,373,4,0,369,374,9038,1,0,0,1,-1
2020-11-04,US,Virginia,Richmond City,5542,78,0,37.53255773,-77.47966921,51760.0,2405.006162231596,1.4074341392998917,5464,5521,78,0,5443,5499,228783,21,0,0,21,22
2020-11-04,US,Virginia,Roanoke,1792,15,0,37.26865804,-80.06396753,51161.0,1902.618223515172,0.8370535714285714,1777,1724,15,0,1709,1688,94073,68,0,0,68,36
2020-11-04,US,Virginia,Roanoke City,3091,47,0,37.27791025,-79.96189766,51770.0,3117.718850549207,1.5205435134260756,3044,3051,43,0,3008,2983,99920,40,4,0,36,68
2020-11-04,US,Virginia,Rockbridge,160,3,0,37.81204314,-79.44605905,51163.0,708.8114118637309,1.875,157,159,3,0,156,155,22752,1,0,0,1,4
2020-11-04,US,Virginia,Rockingham,1839,27,0,38.51006137,-78.87260325,51165.0,2244.106018450725,1.4681892332789561,1812,1827,27,0,1800,1822,81244,12,0,0,12,5
2020-11-04,US,Virginia,Russell,545,8,0,36.93028320000001,-82.10095486,51167.0,2049.951102083804,1.4678899082568808,537,543,8,0,535,537,26748,2,0,0,2,6
2020-11-04,US,Virginia,Salem,644,12,0,37.2836193,-80.06219455,51775.0,2545.353938579503,1.8633540372670807,632,631,11,0,620,621,25643,13,1,0,12,10
2020-11-04,US,Virginia,Scott,478,7,0,36.71466456,-82.60171704,51169.0,2216.4518223129003,1.4644351464435146,471,474,7,0,467,464,21534,4,0,0,4,10
2020-11-04,US,Virginia,Shenandoah,1037,61,0,38.85905135,-78.56813762,51171.0,2377.5678650036684,5.882352941176472,976,1024,61,0,963,1011,43497,13,0,0,13,13
2020-11-04,US,Virginia,Smyth,682,27,0,36.84455636,-81.53344948,51173.0,2265.479670475684,3.958944281524927,655,675,27,0,648,668,30472,7,0,0,7,7
2020-11-04,US,Virginia,Southampton,939,38,0,36.72231125,-77.10642712,51175.0,5325.846520333504,4.046858359957401,901,939,38,0,901,937,17586,0,0,0,0,2
2020-11-04,US,Virginia,Spotsylvania,2541,55,0,38.18574462,-77.655399,51177.0,1865.4333223213305,2.1645021645021645,2486,2529,55,0,2474,2518,134238,12,0,0,12,11
2020-11-04,US,Virginia,Stafford,2504,22,0,38.41758738,-77.45917053,51179.0,1637.8644968014544,0.8785942492012779,2482,2480,22,0,2458,2464,149960,24,0,0,24,16
2020-11-04,US,Virginia,Staunton,439,5,0,38.15965544,-79.05979937,51790.0,1760.789347023905,1.1389521640091116,434,432,4,0,428,426,24922,7,1,0,6,6
2020-11-04,US,Virginia,Suffolk,2375,78,0,36.70155394,-76.63603554,51800.0,2578.4948104399177,3.284210526315789,2297,2364,78,0,2286,2355,91185,11,0,0,11,9
2020-11-04,US,Virginia,Surry,141,5,0,37.11781893,-76.88450012,51181.0,2195.5777016505763,3.5460992907801416,136,141,5,0,136,142,6474,0,0,0,0,-1
2020-11-04,US,Virginia,Sussex,643,13,0,36.92432914,-77.25791182,51183.0,5762.16506855453,2.021772939346812,630,643,13,0,630,643,11237,0,0,0,0,0
2020-11-04,US,Virginia,Tazewell,572,2,0,37.12191123,-81.56685568,51185.0,1409.040522231802,0.34965034965034963,570,572,2,0,570,566,40855,0,0,0,0,6
2020-11-04,US,Virginia,Virginia Beach,8419,108,0,36.73285734,-76.04566934,51810.0,1870.9969909372546,1.2828126855921131,8311,8351,108,0,8243,8248,450189,68,0,0,68,103
2020-11-04,US,Virginia,Warren,639,22,0,38.90847745,-78.20280433,51187.0,1590.9769943232745,3.442879499217528,617,634,22,0,612,627,40003,5,0,0,5,7
2020-11-04,US,Virginia,Washington,1144,28,0,36.72341572,-81.95666289,51191.0,2128.768142910309,2.4475524475524475,1116,1122,28,0,1094,1105,54402,22,0,0,22,17
2020-11-04,US,Virginia,Waynesboro,411,4,0,38.06451466,-78.90293905,51820.0,1816.1732213875387,0.97323600973236,407,407,4,0,403,407,22628,4,0,0,4,0
2020-11-04,US,Virginia,Westmoreland,355,5,0,38.11021557,-76.80213247,51193.0,1970.5800721620874,1.4084507042253518,350,353,5,0,348,353,17830,2,0,0,2,0
2020-11-04,US,Virginia,Williamsburg,231,8,0,37.28131268,-76.70905141,51830.0,1544.7371940617895,3.463203463203463,223,230,8,0,222,228,14896,1,0,0,1,2
2020-11-04,US,Virginia,Winchester,666,4,0,39.17054517,-78.17325058,51840.0,2371.9638150865444,0.6006006006006006,662,664,4,0,660,653,28108,2,0,0,2,11
2020-11-04,US,Virginia,Wise,734,10,0,36.9746148,-82.62410519,51195.0,1963.4593264318005,1.3623978201634876,724,734,10,0,724,722,38012,0,0,0,0,12
2020-11-04,US,Virginia,Wythe,357,7,0,36.91582035,-81.07834059,51197.0,1244.5962906149769,1.96078431372549,350,356,7,0,349,354,28754,1,0,0,1,2
2020-11-04,US,Virginia,York,668,9,0,37.24374789,-76.54412815,51199.0,978.324545987112,1.3473053892215572,659,665,9,0,656,661,67846,3,0,0,3,4
2020-11-04,US,Washington,Adams,956,11,0,46.98299757,-118.56017340000001,53001.0,4784.0664564880135,1.1506276150627617,945,943,11,0,932,939,19759,13,0,0,13,4
2020-11-04,US,Washington,Asotin,314,8,0,46.18894415,-117.2022851,53003.0,1390.4879992914712,2.5477707006369426,306,308,8,0,300,301,22610,6,0,0,6,7
2020-11-04,US,Washington,Benton,5594,136,0,46.23946995,-119.51208340000001,53005.0,2736.924507069817,2.4311762602788702,5458,5530,135,0,5395,5442,201877,64,1,0,63,88
2020-11-04,US,Washington,Chelan,2042,18,0,47.87046092,-120.6173956,53007.0,2645.077720207254,0.8814887365328109,2024,2039,17,0,2022,2033,77036,3,1,0,2,6
2020-11-04,US,Washington,Clallam,273,1,0,48.04754642,-123.92263190000001,53009.0,353.02789308298094,0.3663003663003663,272,273,1,0,272,272,76737,0,0,0,0,1
2020-11-04,US,Washington,Clark,4744,85,0,45.77568046,-122.48292040000001,53011.0,971.6512951595627,1.7917369308600335,4659,4678,81,0,4597,4615,481857,66,4,0,62,63
2020-11-04,US,Washington,Columbia,18,1,0,46.29442881,-117.9051983,53013.0,451.6938519447929,5.5555555555555545,17,17,1,0,16,17,4059,1,0,0,1,0
2020-11-04,US,Washington,Cowlitz,864,7,0,46.19074721,-122.6782231,53015.0,781.2429358096805,0.8101851851851852,857,849,7,0,842,840,108987,15,0,0,15,9
2020-11-04,US,Washington,Douglas,1245,11,0,47.7361335,-119.69293700000001,53017.0,2866.7480255129053,0.8835341365461847,1234,1244,11,0,1233,1244,42907,1,0,0,1,0
2020-11-04,US,Washington,Ferry,35,1,0,48.471143100000006,-118.5154041,53019.0,458.89602727153533,2.8571428571428568,34,35,1,0,34,35,7649,0,0,0,0,0
2020-11-04,US,Washington,Franklin,5031,69,0,46.53351425,-118.9018212,53021.0,5283.4429018504115,1.3714967203339297,4962,5005,69,0,4936,4980,94347,26,0,0,26,25
2020-11-04,US,Washington,Garfield,32,0,0,46.43197502,-117.54540320000001,53023.0,1438.2022471910113,0.0,32,31,0,0,31,27,2247,1,0,0,1,4
2020-11-04,US,Washington,Grant,3405,29,0,47.20753737,-119.4500749,53025.0,3483.98186896954,0.8516886930983847,3376,3400,29,0,3371,3396,97331,5,0,0,5,4
2020-11-04,US,Washington,Grays Harbor,741,11,0,47.14003705,-123.7820567,53027.0,987.1970797085036,1.484480431848853,730,737,11,0,726,737,73901,4,0,0,4,0
2020-11-04,US,Washington,Island,414,12,0,48.14713305,-122.5216407,53029.0,486.2522169107717,2.898550724637681,402,412,12,0,400,408,84460,2,0,0,2,4
2020-11-04,US,Washington,Jefferson,90,0,0,47.75003077,-123.56097040000002,53031.0,279.32093975978404,0.0,90,89,0,0,89,89,31729,1,0,0,1,0
2020-11-04,US,Washington,King,28926,822,0,47.49137892,-121.8346131,53033.0,1284.0123900137696,2.8417340800663764,28104,28337,821,0,27516,28223,2233163,589,1,0,588,114
2020-11-04,US,Washington,Kitsap,1636,23,0,47.63479026,-122.6436061,53035.0,602.6381997473045,1.405867970660147,1613,1612,22,0,1590,1600,269805,24,1,0,23,12
2020-11-04,US,Washington,Kittitas,777,22,0,47.12521214,-120.67943899999999,53037.0,1620.9450297277563,2.831402831402831,755,776,22,0,754,776,47364,1,0,0,1,0
2020-11-04,US,Washington,Klickitat,215,3,0,45.87325839,-120.7913598,53039.0,958.7513935340022,1.3953488372093024,212,211,3,0,208,213,22107,4,0,0,4,-2
2020-11-04,US,Washington,Lewis,771,13,0,46.57756476,-122.39257690000001,53041.0,955.3074702318263,1.6861219195849546,758,766,13,0,753,761,79604,5,0,0,5,5
2020-11-04,US,Washington,Lincoln,83,2,0,47.57705241,-118.41943880000001,53043.0,758.7530852911601,2.409638554216868,81,82,2,0,80,81,10740,1,0,0,1,1
2020-11-04,US,Washington,Mason,548,10,0,47.35007586,-123.1863685,53045.0,820.7524562664751,1.8248175182481752,538,543,10,0,533,542,65507,5,0,0,5,1
2020-11-04,US,Washington,Okanogan,1132,11,0,48.54855019,-119.73872240000001,53047.0,2679.7339204128493,0.9717314487632508,1121,1129,11,0,1118,1126,42132,3,0,0,3,3
2020-11-04,US,Washington,Pacific,123,3,0,46.55418369,-123.7285716,53049.0,547.3721685728271,2.4390243902439024,120,122,3,0,119,121,22036,1,0,0,1,1
2020-11-04,US,Washington,Pend Oreille,154,1,0,48.53234021,-117.2741804,53051.0,1122.1218303701544,0.6493506493506493,153,152,1,0,151,150,13602,2,0,0,2,2
2020-11-04,US,Washington,Pierce,10879,233,0,47.03892768,-122.14059579999999,53053.0,1202.12601383456,2.141740968839048,10646,10685,231,0,10454,10616,891299,194,2,0,192,69
2020-11-04,US,Washington,San Juan,35,0,0,48.60182783,-122.96745,53055.0,199.0672278466613,0.0,35,34,0,0,34,34,17128,1,0,0,1,0
2020-11-04,US,Washington,Skagit,1324,26,0,48.48171488,-121.766131,53057.0,1024.7281451956194,1.9637462235649548,1298,1304,25,0,1279,1296,128206,20,1,0,19,8
2020-11-04,US,Washington,Skamania,73,1,0,46.02408726,-121.91644029999999,53059.0,604.1545973682033,1.3698630136986298,72,73,1,0,72,73,11924,0,0,0,0,0
2020-11-04,US,Washington,Snohomish,9359,237,0,48.04615983,-121.7170703,53061.0,1138.4495239531775,2.5323218292552623,9122,9233,235,0,8998,9125,814901,126,2,0,124,108
2020-11-04,US,Washington,Spokane,10185,208,0,47.62113146,-117.4046494,53063.0,1948.1711865768427,2.042218949435444,9977,10101,207,0,9894,10035,514631,84,1,0,83,66
2020-11-04,US,Washington,Stevens,304,5,0,48.40035475,-117.8542701,53065.0,664.8732585350917,1.6447368421052633,299,293,5,0,288,287,45260,11,0,0,11,6
2020-11-04,US,Washington,Thurston,1755,35,0,46.9291895,-122.82906559999999,53067.0,604.0559517581297,1.9943019943019944,1720,1745,35,0,1710,1728,286419,10,0,0,10,17
2020-11-04,US,Washington,Unassigned,484,3,0,0.0,0.0,90053.0,0.0,0.6198347107438017,481,373,3,0,370,371,,111,0,0,111,2
2020-11-04,US,Washington,Wahkiakum,11,0,0,46.29180039999999,-123.4250831,53069.0,245.09803921568627,0.0,11,11,0,0,11,11,4426,0,0,0,0,0
2020-11-04,US,Washington,Walla Walla,1337,8,0,46.23040051,-118.4775539,53071.0,2200.460829493088,0.5983545250560958,1329,1305,7,0,1298,1301,60922,32,1,0,31,4
2020-11-04,US,Washington,Whatcom,1655,51,0,48.82227976,-121.74900179999999,53073.0,721.9287493402313,3.081570996978852,1604,1637,51,0,1586,1629,225685,18,0,0,18,8
2020-11-04,US,Washington,Whitman,1855,20,0,46.90022523,-117.52417630000001,53075.0,3702.299217627335,1.0781671159029649,1835,1853,20,0,1833,1844,49791,2,0,0,2,9
2020-11-04,US,Washington,Yakima,12061,279,0,46.45738486,-120.73801259999999,53077.0,4807.611819526214,2.3132410247906474,11782,12044,278,0,11766,12036,251446,17,1,0,16,8
2020-11-04,US,West Virginia,Barbour,193,2,0,39.1307219,-80.00350858,54001.0,1173.894531962776,1.0362694300518134,191,191,2,0,189,188,16535,2,0,0,2,3
2020-11-04,US,West Virginia,Berkeley,1763,18,0,39.46704621,-78.02414609,54003.0,1479.3867635582485,1.0209869540555871,1745,1733,18,0,1715,1709,117123,30,0,0,30,24
2020-11-04,US,West Virginia,Boone,431,3,0,38.01974191,-81.69888019,54005.0,2008.6684997902787,0.6960556844547564,428,420,3,0,417,415,21951,11,0,0,11,5
2020-11-04,US,West Virginia,Braxton,77,0,0,38.70036159,-80.72011184,54007.0,551.6944902199613,0.0,77,77,0,0,77,76,14089,0,0,0,0,1
2020-11-04,US,West Virginia,Brooke,262,5,0,40.27367263,-80.57915332,54009.0,1194.2203382104926,1.9083969465648856,257,257,4,0,253,253,22203,5,1,0,4,4
2020-11-04,US,West Virginia,Cabell,1611,32,0,38.42424062,-82.23855912,54011.0,1752.134428190766,1.9863438857852265,1579,1572,30,0,1542,1559,93224,39,2,0,37,13
2020-11-04,US,West Virginia,Calhoun,37,0,0,38.84315422,-81.11934872,54013.0,520.4670136446757,0.0,37,37,0,0,37,36,7254,0,0,0,0,1
2020-11-04,US,West Virginia,Clay,69,3,0,38.46231092,-81.07652217,54015.0,811.0014104372356,4.3478260869565215,66,65,3,0,62,65,8632,4,0,0,4,0
2020-11-04,US,West Virginia,Doddridge,73,1,0,39.27057157,-80.70671527,54017.0,864.1098484848485,1.3698630136986298,72,73,1,0,72,72,8406,0,0,0,0,1
2020-11-04,US,West Virginia,Fayette,812,24,0,38.02974928,-81.08286634,54019.0,1914.823374050842,2.955665024630542,788,804,24,0,780,799,43018,8,0,0,8,5
2020-11-04,US,West Virginia,Gilmer,65,0,0,38.9251277,-80.85952723,54021.0,830.8832928544036,0.0,65,65,0,0,65,65,8026,0,0,0,0,0
2020-11-04,US,West Virginia,Grant,202,9,0,39.10314817,-79.19440518,54023.0,1746.1964038727524,4.455445544554456,193,201,9,0,192,200,11626,1,0,0,1,1
2020-11-04,US,West Virginia,Greenbrier,225,4,0,37.9463652,-80.45335881,54025.0,649.1258438635971,1.7777777777777777,221,217,4,0,213,217,34786,8,0,0,8,0
2020-11-04,US,West Virginia,Hampshire,158,1,0,39.32103553,-78.60826476,54027.0,681.7691477885652,0.6329113924050633,157,149,1,0,148,146,23347,9,0,0,9,3
2020-11-04,US,West Virginia,Hancock,251,1,0,40.51943859,-80.57461608,54029.0,871.2252690038181,0.398406374501992,250,249,1,0,248,244,29094,2,0,0,2,5
2020-11-04,US,West Virginia,Hardy,110,1,0,39.00683177,-78.85855301,54031.0,798.4901277584204,0.9090909090909092,109,110,1,0,109,109,13775,0,0,0,0,1
2020-11-04,US,West Virginia,Harrison,700,13,0,39.2853852,-80.37919577,54033.0,1040.7993338884264,1.8571428571428568,687,691,13,0,678,688,67554,9,0,0,9,3
2020-11-04,US,West Virginia,Jackson,435,24,0,38.84263974,-81.68148753,54035.0,1522.2564389697648,5.517241379310344,411,426,24,0,402,420,28706,9,0,0,9,6
2020-11-04,US,West Virginia,Jefferson,667,9,0,39.30776166,-77.86014147,54037.0,1167.185804780737,1.3493253373313343,658,659,9,0,650,634,56811,8,0,0,8,25
2020-11-04,US,West Virginia,Kanawha,3937,106,0,38.33860077,-81.52857054,54039.0,2210.258022501179,2.6924053848107694,3831,3915,106,0,3809,3894,180454,22,0,0,22,21
2020-11-04,US,West Virginia,Lewis,126,2,0,38.9947249,-80.49988181,54041.0,792.1041051109572,1.5873015873015872,124,121,2,0,119,115,16024,5,0,0,5,6
2020-11-04,US,West Virginia,Lincoln,276,2,0,38.172154,-82.07017953,54043.0,1352.3445538732913,0.7246376811594203,274,274,2,0,272,268,20599,2,0,0,2,6
2020-11-04,US,West Virginia,Logan,811,46,0,37.8299889,-81.93528571,54045.0,2532.8711077797557,5.672009864364981,765,807,46,0,761,805,32607,4,0,0,4,2
2020-11-04,US,West Virginia,Marion,439,5,0,39.50984542,-80.24244659,54049.0,782.9219574832358,1.1389521640091116,434,433,5,0,428,425,56097,6,0,0,6,8
2020-11-04,US,West Virginia,Marshall,478,4,0,39.86064362,-80.66591062,54051.0,1565.6218269955127,0.8368200836820083,474,467,4,0,463,451,30785,11,0,0,11,16
2020-11-04,US,West Virginia,Mason,188,6,0,38.77071799,-82.02524219,54053.0,709.0058832403078,3.191489361702128,182,186,6,0,180,183,26718,2,0,0,2,3
2020-11-04,US,West Virginia,McDowell,143,1,0,37.38002939,-81.65083669,54047.0,811.3935542442124,0.6993006993006993,142,139,1,0,138,132,18223,4,0,0,4,7
2020-11-04,US,West Virginia,Mercer,838,31,0,37.40481169,-81.11023142,54055.0,1426.1887742945642,3.69928400954654,807,824,31,0,793,816,59131,14,0,0,14,8
2020-11-04,US,West Virginia,Mineral,272,4,0,39.41561583,-78.94104895,54057.0,1012.3567068631827,1.4705882352941178,268,263,4,0,259,250,26940,9,0,0,9,13
2020-11-04,US,West Virginia,Mingo,696,10,0,37.73048351,-82.13338365,54059.0,2971.311475409836,1.4367816091954022,686,688,10,0,678,669,23785,8,0,0,8,19
2020-11-04,US,West Virginia,Monongalia,2417,7,0,39.63218457,-80.04766838,54061.0,2288.565693292429,0.2896152254861398,2410,2409,7,0,2402,2378,106420,8,0,0,8,31
2020-11-04,US,West Virginia,Monroe,268,8,0,37.56274716,-80.54577965,54063.0,2018.832391713748,2.985074626865672,260,268,8,0,260,267,13280,0,0,0,0,1
2020-11-04,US,West Virginia,Morgan,167,0,0,39.55439028,-78.26311676,54065.0,933.7955714605232,0.0,167,167,0,0,167,161,17787,0,0,0,0,6
2020-11-04,US,West Virginia,Nicholas,196,3,0,38.29617706,-80.79759588,54067.0,800.1306335728282,1.5306122448979589,193,193,3,0,190,193,24842,3,0,0,3,0
2020-11-04,US,West Virginia,Ohio,683,9,0,40.0955451,-80.62203992,54069.0,1649.320228924682,1.3177159590043923,674,654,9,0,645,649,41755,29,0,0,29,5
2020-11-04,US,West Virginia,Pendleton,79,1,0,38.68314479,-79.35084086,54071.0,1133.5916200315685,1.2658227848101269,78,79,1,0,78,79,6997,0,0,0,0,0
2020-11-04,US,West Virginia,Pleasants,37,3,0,39.37091679,-81.16771771,54073.0,495.97855227882036,8.108108108108109,34,36,3,0,33,36,7507,1,0,0,1,0
2020-11-04,US,West Virginia,Pocahontas,74,0,0,38.32758728,-80.00993811,54075.0,897.2959864193042,0.0,74,74,0,0,74,73,8414,0,0,0,0,1
2020-11-04,US,West Virginia,Preston,238,4,0,39.46770987,-79.66712803,54077.0,711.892797319933,1.680672268907563,234,236,4,0,232,227,33839,2,0,0,2,9
2020-11-04,US,West Virginia,Putnam,1040,13,0,38.50782345,-81.9082131,54079.0,1842.3383525243576,1.25,1027,1014,13,0,1001,1001,56682,26,0,0,26,13
2020-11-04,US,West Virginia,Raleigh,899,10,0,37.76936795,-81.2456041,54081.0,1225.4467632665858,1.1123470522803114,889,889,10,0,879,880,74254,10,0,0,10,9
2020-11-04,US,West Virginia,Randolph,449,2,0,38.769899,-79.87919615,54083.0,1564.7325317999646,0.44543429844098004,447,436,2,0,434,431,28823,13,0,0,13,5
2020-11-04,US,West Virginia,Ritchie,62,0,0,39.18094587,-81.06356878,54085.0,648.9428511618171,0.0,62,61,0,0,61,56,9721,1,0,0,1,5
2020-11-04,US,West Virginia,Roane,116,2,0,38.71622686,-81.35243568,54087.0,847.4576271186438,1.7241379310344829,114,116,2,0,114,116,13932,0,0,0,0,0
2020-11-04,US,West Virginia,Summers,157,1,0,37.65390597,-80.86009693,54089.0,1248.7075479201465,0.6369426751592356,156,152,1,0,151,142,12760,5,0,0,5,10
2020-11-04,US,West Virginia,Taylor,177,8,0,39.33602617,-80.0421439,54091.0,1060.1976639712489,4.519774011299434,169,175,8,0,167,174,16862,2,0,0,2,1
2020-11-04,US,West Virginia,Tucker,68,0,0,39.11240885,-79.57053576,54093.0,994.2974119023247,0.0,68,67,0,0,67,67,6955,1,0,0,1,0
2020-11-04,US,West Virginia,Tyler,62,1,0,39.46811972,-80.88772676,54095.0,721.6854848096846,1.6129032258064515,61,59,1,0,58,58,8746,3,0,0,3,1
2020-11-04,US,West Virginia,Upshur,293,4,0,38.89285061,-80.23689136,54097.0,1211.9457313037724,1.3651877133105803,289,284,4,0,280,279,24415,9,0,0,9,5
2020-11-04,US,West Virginia,Wayne,642,11,0,38.14901357,-82.42287994,54099.0,1629.3589157910767,1.7133956386292837,631,636,11,0,625,630,39944,6,0,0,6,6
2020-11-04,US,West Virginia,Webster,38,0,0,38.49370949,-80.4202023,54101.0,468.3263495193492,0.0,38,38,0,0,38,38,8285,0,0,0,0,0
2020-11-04,US,West Virginia,Wetzel,240,7,0,39.6065771,-80.64016540000001,54103.0,1593.0965814802523,2.9166666666666665,233,237,7,0,230,232,15270,3,0,0,3,5
2020-11-04,US,West Virginia,Wirt,59,0,0,39.02775007,-81.37473928,54105.0,1013.5715512798488,0.0,59,59,0,0,59,56,5830,0,0,0,0,3
2020-11-04,US,West Virginia,Wood,798,8,0,39.20967886,-81.5162836,54107.0,955.4826504466104,1.0025062656641603,790,775,8,0,767,748,84203,23,0,0,23,27
2020-11-04,US,West Virginia,Wyoming,384,5,0,37.612327,-81.54511071,54109.0,1882.9067372756685,1.3020833333333333,379,369,5,0,364,364,20786,15,0,0,15,5
2020-11-04,US,Wisconsin,Adams,663,6,0,43.96974651,-89.76782777,55001.0,3278.9317507418396,0.9049773755656108,657,607,6,0,601,594,20348,56,0,0,56,13
2020-11-04,US,Wisconsin,Ashland,338,3,0,46.31956891,-90.67837132,55003.0,2171.9573319624733,0.8875739644970414,335,324,3,0,321,307,15600,14,0,0,14,17
2020-11-04,US,Wisconsin,Barron,1494,8,0,45.42372701,-91.84833627,55005.0,3302.095305454867,0.535475234270415,1486,1424,8,0,1416,1388,45164,70,0,0,70,36
2020-11-04,US,Wisconsin,Bayfield,335,2,0,46.52868768,-91.19716729,55007.0,2227.9861665336525,0.5970149253731343,333,311,2,0,309,302,15042,24,0,0,24,9
2020-11-04,US,Wisconsin,Brown,16966,104,0,44.452655299999996,-88.00411844,55009.0,6413.348353002548,0.6129906872568667,16862,16558,103,0,16455,16375,263378,408,1,0,407,183
2020-11-04,US,Wisconsin,Buffalo,373,3,0,44.37835084,-91.75332578,55011.0,2862.4050341493357,0.8042895442359249,370,355,3,0,352,343,13125,18,0,0,18,12
2020-11-04,US,Wisconsin,Burnett,359,6,0,45.86303537,-92.36711412,55013.0,2329.0515116128195,1.6713091922005572,353,346,6,0,340,331,15392,13,0,0,13,15
2020-11-04,US,Wisconsin,Calumet,2997,18,0,44.0816316,-88.21780273,55015.0,5983.349637644991,0.6006006006006006,2979,2960,14,0,2946,2893,50159,37,4,0,33,67
2020-11-04,US,Wisconsin,Chippewa,2260,24,0,45.06939744,-91.28068855,55017.0,3495.3138049429303,1.0619469026548674,2236,2128,24,0,2104,2033,64135,132,0,0,132,95
2020-11-04,US,Wisconsin,Clark,1107,19,0,44.73483377,-90.61207486,55019.0,3183.412894691436,1.7163504968383017,1088,1069,17,0,1052,1045,34709,38,2,0,36,24
2020-11-04,US,Wisconsin,Columbia,2045,7,0,43.46492199,-89.33589004,55021.0,3554.543558367517,0.3422982885085575,2038,2012,7,0,2005,1974,57358,33,0,0,33,38
2020-11-04,US,Wisconsin,Crawford,429,1,0,43.23870316,-90.93073686,55023.0,2659.475543983634,0.2331002331002331,428,412,1,0,411,401,16291,17,0,0,17,11
2020-11-04,US,Wisconsin,Dane,16963,51,0,43.06601594,-89.41733797,55025.0,3102.826987625641,0.3006543653834817,16912,16768,49,0,16719,16207,542364,195,2,0,193,561
2020-11-04,US,Wisconsin,Dodge,5131,36,0,43.41576662,-88.70928178,55027.0,5841.3688680426685,0.7016176183979731,5095,4981,36,0,4945,4844,87847,150,0,0,150,137
2020-11-04,US,Wisconsin,Door,1036,9,0,44.95856458,-87.30002707,55029.0,3744.3978603440796,0.8687258687258688,1027,990,9,0,981,960,27610,46,0,0,46,30
2020-11-04,US,Wisconsin,Douglas,933,1,0,46.43222285,-91.91595768,55031.0,2162.2247972190034,0.10718113612004287,932,888,1,0,887,865,43208,45,0,0,45,23
2020-11-04,US,Wisconsin,Dunn,1376,1,0,44.94562799,-91.8962481,55033.0,3032.9747839887145,0.07267441860465118,1375,1284,1,0,1283,1245,45131,92,0,0,92,39
2020-11-04,US,Wisconsin,Eau Claire,4316,28,0,44.726614,-91.28609183,55035.0,4124.381247252642,0.6487488415199258,4288,4225,25,0,4200,4095,104534,91,3,0,88,130
2020-11-04,US,Wisconsin,Florence,234,8,0,45.84963535,-88.39804137,55037.0,5448.195576251455,3.418803418803418,226,228,8,0,220,227,4321,6,0,0,6,1
2020-11-04,US,Wisconsin,Fond du Lac,5566,23,0,43.75354908,-88.48885325,55039.0,5382.822548668802,0.4132231404958678,5543,5469,23,0,5446,5371,103066,97,0,0,97,98
2020-11-04,US,Wisconsin,Forest,532,11,0,45.66678019,-88.77084892,55041.0,5908.485117725455,2.0676691729323307,521,518,11,0,507,510,8991,14,0,0,14,8
2020-11-04,US,Wisconsin,Grant,2199,38,0,42.8671731,-90.7063218,55043.0,4274.966465133459,1.7280582082764893,2161,2157,38,0,2119,2085,51554,42,0,0,42,72
2020-11-04,US,Wisconsin,Green,1095,5,0,42.6794956,-89.60243287,55045.0,2962.662337662337,0.45662100456620996,1090,1068,5,0,1063,1063,36929,27,0,0,27,5
2020-11-04,US,Wisconsin,Green Lake,854,4,0,43.80025981,-89.04679553,55047.0,4515.412679109607,0.468384074941452,850,843,4,0,839,828,18918,11,0,0,11,15
2020-11-04,US,Wisconsin,Iowa,639,2,0,43.00050278,-90.13469017,55049.0,2698.707661120027,0.3129890453834116,637,620,2,0,618,584,23771,19,0,0,19,36
2020-11-04,US,Wisconsin,Iron,232,5,0,46.26302338,-90.24295041,55051.0,4079.479514682609,2.155172413793104,227,224,5,0,219,217,5676,8,0,0,8,7
2020-11-04,US,Wisconsin,Jackson,720,2,0,44.31864893,-90.80566792,55053.0,3487.865135881413,0.2777777777777778,718,666,2,0,664,605,20478,54,0,0,54,61
2020-11-04,US,Wisconsin,Jefferson,3246,20,0,43.02054068,-88.77529134,55055.0,3829.2300251271113,0.6161429451632778,3226,3152,19,0,3133,3069,85129,94,1,0,93,83
2020-11-04,US,Wisconsin,Juneau,918,5,0,43.92456975,-90.11120239,55057.0,3439.877093716041,0.5446623093681917,913,904,5,0,899,886,26617,14,0,0,14,18
2020-11-04,US,Wisconsin,Kenosha,5892,94,0,42.57639354,-88.04051686,55059.0,3474.8556566663324,1.5953835709436524,5798,5787,89,0,5698,5598,169290,105,5,0,100,189
2020-11-04,US,Wisconsin,Kewaunee,1240,9,0,44.51727459,-87.61468386,55061.0,6068.317510032299,0.7258064516129032,1231,1219,9,0,1210,1176,20383,21,0,0,21,43
2020-11-04,US,Wisconsin,La Crosse,4910,23,0,43.90632465,-91.11451093,55063.0,4160.452819956617,0.4684317718940937,4887,4740,23,0,4717,4635,118230,170,0,0,170,105
2020-11-04,US,Wisconsin,Lafayette,622,1,0,42.66005229,-90.1317729,55065.0,3732.373237323732,0.1607717041800643,621,615,1,0,614,604,16665,7,0,0,7,11
2020-11-04,US,Wisconsin,Langlade,1131,12,0,45.26271619,-89.07483625,55067.0,5894.001771848454,1.0610079575596818,1119,1113,11,0,1102,1102,19268,18,1,0,17,11
2020-11-04,US,Wisconsin,Lincoln,1081,13,0,45.33737523,-89.73411273,55069.0,3917.6602761569957,1.2025901942645698,1068,1033,13,0,1020,995,27689,48,0,0,48,38
2020-11-04,US,Wisconsin,Manitowoc,3250,18,0,44.11946801,-87.80928853,55071.0,4114.913713424748,0.5538461538461539,3232,3205,16,0,3189,3101,79074,45,2,0,43,104
2020-11-04,US,Wisconsin,Marathon,5932,67,0,44.89792533,-89.75863384,55073.0,4371.665241871297,1.129467296021578,5865,5704,64,0,5640,5577,135428,228,3,0,225,127
2020-11-04,US,Wisconsin,Marinette,2015,18,0,45.38553432,-88.03324599999998,55075.0,4993.804213135069,0.8933002481389578,1997,1978,18,0,1960,1935,40434,37,0,0,37,43
2020-11-04,US,Wisconsin,Marquette,757,5,0,43.81911946,-89.40073763,55077.0,4860.665211249519,0.6605019815059445,752,726,5,0,721,712,15434,31,0,0,31,14
2020-11-04,US,Wisconsin,Menominee,359,1,0,45.00422544,-88.70950714,55078.0,7879.719051799824,0.2785515320334262,358,355,1,0,354,344,4658,4,0,0,4,11
2020-11-04,US,Wisconsin,Milwaukee,45906,603,0,43.00486062,-87.96733172,55079.0,4854.048635651341,1.3135537838191087,45303,44945,599,0,44346,44029,948201,961,4,0,957,916
2020-11-04,US,Wisconsin,Monroe,1373,8,0,43.94641218,-90.61881899999999,55081.0,2968.456100144856,0.5826656955571741,1365,1347,8,0,1339,1312,46051,26,0,0,26,35
2020-11-04,US,Wisconsin,Oconto,2377,18,0,45.02715345,-88.26807503,55083.0,6266.807276562087,0.7572570466975179,2359,2339,18,0,2321,2299,37830,38,0,0,38,40
2020-11-04,US,Wisconsin,Oneida,1458,14,0,45.70677897,-89.51944105,55085.0,4096.080910240204,0.9602194787379972,1444,1413,14,0,1399,1400,35470,45,0,0,45,13
2020-11-04,US,Wisconsin,Outagamie,10307,83,0,44.41578887,-88.46565023,55087.0,5485.802485562977,0.8052779664305811,10224,10114,82,0,10032,9965,187365,193,1,0,192,149
2020-11-04,US,Wisconsin,Ozaukee,2810,25,0,43.38352225,-87.94625009,55089.0,3149.4827450936436,0.8896797153024911,2785,2635,25,0,2610,2546,89147,175,0,0,175,89
2020-11-04,US,Wisconsin,Pepin,200,0,0,44.58307413,-91.99949611,55091.0,2744.613695622341,0.0,200,192,0,0,192,177,7289,8,0,0,8,15
2020-11-04,US,Wisconsin,Pierce,915,7,0,44.71850291,-92.4224416,55093.0,2140.1506291808955,0.7650273224043715,908,883,7,0,876,847,42555,32,0,0,32,36
2020-11-04,US,Wisconsin,Polk,729,3,0,45.46130348,-92.44182875,55095.0,1665.0298060891214,0.41152263374485604,726,709,3,0,706,680,43598,20,0,0,20,29
2020-11-04,US,Wisconsin,Portage,3208,22,0,44.47558711,-89.50152965,55097.0,4532.86610523936,0.685785536159601,3186,3138,22,0,3116,3068,70942,70,0,0,70,70
2020-11-04,US,Wisconsin,Price,435,3,0,45.68051754,-90.36098879999999,55099.0,3258.182907647368,0.6896551724137931,432,425,3,0,422,417,13397,10,0,0,10,8
2020-11-04,US,Wisconsin,Racine,8736,121,0,42.74753117,-88.05941254,55101.0,4450.081758026804,1.38507326007326,8615,8565,116,0,8449,8343,196584,171,5,0,166,222
2020-11-04,US,Wisconsin,Richland,542,9,0,43.3762778,-90.43012729,55103.0,3141.664734523533,1.6605166051660516,533,533,9,0,524,519,17377,9,0,0,9,14
2020-11-04,US,Wisconsin,Rock,5977,47,0,42.67151616,-89.07147900000002,55105.0,3658.9247891083173,0.7863476660532039,5930,5876,46,0,5830,5787,163129,101,1,0,100,89
2020-11-04,US,Wisconsin,Rusk,303,1,0,45.47498854,-91.1333012,55107.0,2137.113838341092,0.33003300330033003,302,290,1,0,289,263,14147,13,0,0,13,27
2020-11-04,US,Wisconsin,Sauk,2159,8,0,43.42574087,-89.94966132,55111.0,3350.2994941187426,0.37054191755442334,2151,2096,8,0,2088,1991,64249,63,0,0,63,105
2020-11-04,US,Wisconsin,Sawyer,446,4,0,45.87931905,-91.14504927,55113.0,2693.562024399082,0.8968609865470852,442,431,4,0,427,422,16489,15,0,0,15,9
2020-11-04,US,Wisconsin,Shawano,2779,36,0,44.78902246,-88.76443896,55115.0,6794.787158610236,1.2954300107952499,2743,2741,32,0,2709,2707,40796,38,4,0,34,34
2020-11-04,US,Wisconsin,Sheboygan,5680,31,0,43.72099677,-87.94579284,55117.0,4924.570834055835,0.545774647887324,5649,5546,33,0,5513,5361,115456,134,-2,0,136,185
2020-11-04,US,Wisconsin,St. Croix,2335,12,0,45.03437474,-92.45000068,55109.0,2574.790212489111,0.5139186295503212,2323,2255,12,0,2243,2191,89694,80,0,0,80,64
2020-11-04,US,Wisconsin,Taylor,614,7,0,45.21179252,-90.5004405,55119.0,3018.237231480116,1.1400651465798046,607,597,7,0,590,564,20412,17,0,0,17,33
2020-11-04,US,Wisconsin,Trempealeau,1236,5,0,44.30360275,-91.35893614,55121.0,4168.774663563695,0.4045307443365696,1231,1198,5,0,1193,1158,29442,38,0,0,38,40
2020-11-04,US,Wisconsin,Vernon,582,2,0,43.59422667,-90.8324691,55123.0,1888.2616313023168,0.3436426116838488,580,562,2,0,560,556,30785,20,0,0,20,6
2020-11-04,US,Wisconsin,Vilas,722,7,0,46.05467334,-89.51719204,55125.0,3252.9849065104754,0.969529085872576,715,673,7,0,666,668,21938,49,0,0,49,5
2020-11-04,US,Wisconsin,Walworth,3717,39,0,42.66858202,-88.54163073,55127.0,3578.5805060268804,1.0492332526230832,3678,3684,39,0,3645,3594,103718,33,0,0,33,90
2020-11-04,US,Wisconsin,Washburn,292,2,0,45.89838588,-91.79050449,55129.0,1857.5063613231555,0.6849315068493149,290,284,2,0,282,272,15878,8,0,0,8,12
2020-11-04,US,Wisconsin,Washington,5283,48,0,43.36863664,-88.22974712,55131.0,3883.587926547775,0.9085746734809768,5235,5038,45,0,4993,4906,135693,245,3,0,242,132
2020-11-04,US,Wisconsin,Waukesha,14237,133,0,43.01833055,-88.30431188,55133.0,3522.2836332688435,0.9341855728032592,14104,13887,129,0,13758,13582,403072,350,4,0,346,305
2020-11-04,US,Wisconsin,Waupaca,2726,53,0,44.47068056,-88.96534501,55135.0,5346.146303196705,1.9442406456346293,2673,2685,49,0,2636,2650,51128,41,4,0,37,35
2020-11-04,US,Wisconsin,Waushara,1385,5,0,44.11324419,-89.24317107,55137.0,5666.243914413124,0.36101083032490977,1380,1304,5,0,1299,1115,24263,81,0,0,81,189
2020-11-04,US,Wisconsin,Winnebago,9800,74,0,44.06886922,-88.64477096,55139.0,5700.756804551298,0.7551020408163265,9726,9664,73,0,9591,9521,171020,136,1,0,135,143
2020-11-04,US,Wisconsin,Wood,2188,15,0,44.45537896,-90.04158336,55141.0,2997.3013328949705,0.6855575868372943,2173,2051,10,0,2041,1959,73055,137,5,0,132,92
2020-11-04,US,Wyoming,Albany,1683,6,0,41.65498705,-105.72354150000001,56001.0,4328.703703703704,0.35650623885918004,1677,1646,5,0,1641,1616,38601,37,1,0,36,30
2020-11-04,US,Wyoming,Big Horn,268,8,0,44.52405055,-107.9960365,56003.0,2273.112807463953,2.985074626865672,260,268,7,0,261,263,11881,0,1,0,-1,5
2020-11-04,US,Wyoming,Campbell,1390,4,0,44.24886082,-105.54744040000001,56005.0,2999.503679247319,0.28776978417266186,1386,1328,3,0,1325,1265,46140,62,1,0,61,63
2020-11-04,US,Wyoming,Carbon,350,2,0,41.69357844,-106.9326084,56007.0,2364.864864864865,0.5714285714285714,348,348,2,0,346,346,14971,2,0,0,2,2
2020-11-04,US,Wyoming,Converse,368,4,0,42.97272268,-105.5081848,56009.0,2662.422225437708,1.0869565217391304,364,356,3,0,353,345,13640,12,1,0,11,11
2020-11-04,US,Wyoming,Crook,132,1,0,44.58855102,-104.56977049999999,56011.0,1740.506329113924,0.7575757575757576,131,124,1,0,123,123,7450,8,0,0,8,1
2020-11-04,US,Wyoming,Fremont,1636,18,0,43.04183996,-108.6296893,56013.0,4166.9850487761405,1.1002444987775062,1618,1588,16,0,1572,1538,39531,48,2,0,46,50
2020-11-04,US,Wyoming,Goshen,209,6,0,42.08798185,-104.3534743,56015.0,1582.014987510408,2.8708133971291865,203,201,6,0,195,192,13376,8,0,0,8,9
2020-11-04,US,Wyoming,Hot Springs,58,0,0,43.71930657,-108.44231740000001,56017.0,1314.2986630410153,0.0,58,55,0,0,55,55,4555,3,0,0,3,0
2020-11-04,US,Wyoming,Johnson,138,2,0,44.04057166,-106.58451740000001,56019.0,1634.1030195381882,1.4492753623188406,136,135,2,0,133,133,8460,3,0,0,3,2
2020-11-04,US,Wyoming,Laramie,2086,8,0,41.30702520000001,-104.6887497,56021.0,2096.4824120603016,0.3835091083413231,2078,2031,7,0,2024,1942,98976,55,1,0,54,89
2020-11-04,US,Wyoming,Lincoln,390,3,0,42.26376367,-110.6563997,56023.0,1966.717095310136,0.7692307692307693,387,386,3,0,383,375,19434,4,0,0,4,11
2020-11-04,US,Wyoming,Natrona,1887,12,0,42.96180148,-106.79788500000001,56025.0,2362.944226001152,0.6359300476947536,1875,1813,11,0,1802,1767,79115,74,1,0,73,46
2020-11-04,US,Wyoming,Niobrara,20,0,0,43.05607708,-104.47588959999999,56027.0,848.8964346349745,0.0,20,18,0,0,18,17,2388,2,0,0,2,1
2020-11-04,US,Wyoming,Park,765,3,0,44.52157546,-109.58528249999999,56029.0,2620.401452353223,0.392156862745098,762,744,3,0,741,721,29324,21,0,0,21,23
2020-11-04,US,Wyoming,Platte,186,4,0,42.13299116,-104.96633100000001,56031.0,2216.132491361849,2.150537634408602,182,172,3,0,169,159,8566,14,1,0,13,13
2020-11-04,US,Wyoming,Sheridan,888,6,0,44.79048913,-106.8862389,56033.0,2912.907987534853,0.6756756756756757,882,871,6,0,865,854,30233,17,0,0,17,17
2020-11-04,US,Wyoming,Sublette,197,1,0,42.76558279,-109.91309220000001,56035.0,2003.8653239751804,0.5076142131979695,196,194,1,0,193,187,9813,3,0,0,3,7
2020-11-04,US,Wyoming,Sweetwater,638,4,0,41.65943896,-108.8827882,56037.0,1506.74255484968,0.6269592476489029,634,621,2,0,619,601,43051,17,2,0,15,20
2020-11-04,US,Wyoming,Teton,873,2,0,43.93522482,-110.5890801,56039.0,3720.593249232868,0.2290950744558992,871,862,2,0,860,847,23081,11,0,0,11,15
2020-11-04,US,Wyoming,Uinta,518,3,0,41.2878183,-110.54757820000002,56041.0,2561.060021754178,0.5791505791505791,515,510,3,0,507,492,20299,8,0,0,8,18
2020-11-04,US,Wyoming,Washakie,175,7,0,43.90451606,-107.68018700000002,56043.0,2242.152466367713,4.0,168,167,7,0,160,160,7885,8,0,0,8,7
2020-11-04,US,Wyoming,Weston,189,1,0,43.83961191,-104.56748809999999,56045.0,2728.4538761368563,0.5291005291005291,188,181,0,0,181,169,6967,8,1,0,7,12
