Date,Country/Region,Province/State,Admin2,Confirmed,Deaths,Recovered,Latitude,Longitude,FIPS,Incidence_Rate,Case-Fatality_Ratio,Active Cases,Previous Confirmed,Previous Deaths,Previous Recovered,Previous Active,Prev2 Confirmed,Population,Daily Confirmed,Daily Deaths,Daily Recovered,Daily Active,Previous Daily Confirmed
2020-06-01,US,Alabama,Autauga,233,5,0,32.53952745,-86.64408227,1001.0,417.04702070915886,2.145922746781116,228,221,4,0,217,216,55601,12,1,0,11,5
2020-06-01,US,Alabama,Baldwin,292,9,0,30.72774991,-87.72207058,1003.0,130.80444735120994,3.0821917808219177,283,290,9,0,281,283,218022,2,0,0,2,7
2020-06-01,US,Alabama,Barbour,172,1,0,31.868263,-85.3871286,1005.0,696.751195009317,0.5813953488372093,171,167,1,0,166,150,24881,5,0,0,5,17
2020-06-01,US,Alabama,Bibb,76,1,0,32.99642064,-87.12511459999996,1007.0,339.37661873716166,1.3157894736842106,75,75,1,0,74,72,22400,1,0,0,1,3
2020-06-01,US,Alabama,Blount,63,1,0,33.98210918,-86.56790593,1009.0,108.9475322519282,1.5873015873015872,62,62,1,0,61,61,57840,1,0,0,1,1
2020-06-01,US,Alabama,Bullock,209,6,0,32.10030533,-85.71265535,1011.0,2069.102069102069,2.8708133971291865,203,209,5,0,204,203,10138,0,1,0,-1,6
2020-06-01,US,Alabama,Butler,414,18,0,31.75300095,-86.68057478,1013.0,2128.7535993418346,4.3478260869565215,396,411,18,0,393,402,19680,3,0,0,3,9
2020-06-01,US,Alabama,Calhoun,164,3,0,33.77483727,-85.82630386,1015.0,144.35984331675542,1.8292682926829267,161,160,3,0,157,154,114277,4,0,0,4,6
2020-06-01,US,Alabama,Chambers,358,25,0,32.91360079,-85.39072749,1017.0,1076.562218079028,6.983240223463688,333,355,25,0,330,353,33615,3,0,0,3,2
2020-06-01,US,Alabama,Cherokee,38,3,0,34.17805983,-85.60638968,1019.0,145.06031455183995,7.894736842105262,35,37,3,0,34,37,26032,1,0,0,1,0
2020-06-01,US,Alabama,Chilton,103,1,0,32.85044126,-86.7173256,1021.0,231.83577923831814,0.9708737864077671,102,101,1,0,100,100,44153,2,0,0,2,1
2020-06-01,US,Alabama,Choctaw,153,10,0,32.02227341,-88.26564429999998,1023.0,1215.346731273334,6.5359477124183005,143,153,8,0,145,151,12841,0,2,0,-2,2
2020-06-01,US,Alabama,Clarke,146,2,0,31.68099859,-87.83548597,1025.0,618.0679028024722,1.3698630136986298,144,144,2,0,142,142,23920,2,0,0,2,2
2020-06-01,US,Alabama,Clay,28,2,0,33.26984193,-85.85836077,1027.0,211.5602568945977,7.142857142857142,26,27,2,0,25,27,13275,1,0,0,1,0
2020-06-01,US,Alabama,Cleburne,15,1,0,33.67679204,-85.52005899,1029.0,100.60362173038229,6.666666666666668,14,15,1,0,14,14,14987,0,0,0,0,1
2020-06-01,US,Alabama,Coffee,238,1,0,31.39932826,-85.98901039,1031.0,454.701769133774,0.4201680672268908,237,236,1,0,235,229,51909,2,0,0,2,7
2020-06-01,US,Alabama,Colbert,186,2,0,34.69847452,-87.80168544,1033.0,336.70643181694754,1.075268817204301,184,184,2,0,182,178,54762,2,0,0,2,6
2020-06-01,US,Alabama,Conecuh,41,1,0,31.43401703,-86.99320044,1035.0,339.7696196237673,2.4390243902439024,40,41,1,0,40,39,12277,0,0,0,0,2
2020-06-01,US,Alabama,Coosa,40,1,0,32.93690146,-86.24847739,1037.0,375.1289505767608,2.5,39,40,1,0,39,38,10715,0,0,0,0,2
2020-06-01,US,Alabama,Covington,81,1,0,31.247785399999998,-86.45050893,1039.0,218.62938270938488,1.2345679012345678,80,80,1,0,79,77,36986,1,0,0,1,3
2020-06-01,US,Alabama,Crenshaw,75,3,0,31.72941803,-86.31593104,1041.0,544.5832123148417,4.0,72,75,3,0,72,76,13824,0,0,0,0,-1
2020-06-01,US,Alabama,Cullman,147,1,0,34.13020303,-86.86888037,1043.0,175.48467195110302,0.6802721088435374,146,143,0,0,143,126,83442,4,1,0,3,17
2020-06-01,US,Alabama,Dale,122,0,0,31.43037123,-85.61095742,1045.0,248.10867973643536,0.0,122,115,0,0,115,110,48956,7,0,0,7,5
2020-06-01,US,Alabama,Dallas,279,3,0,32.32688101,-87.10866709999998,1047.0,750.0806538337456,1.075268817204301,276,272,3,0,269,260,38310,7,0,0,7,12
2020-06-01,US,Alabama,DeKalb,249,3,0,34.45946862,-85.80782906,1049.0,348.18844126242783,1.2048192771084338,246,248,3,0,245,243,71385,1,0,0,1,5
2020-06-01,US,Alabama,Elmore,362,8,0,32.59785413,-86.14415284,1051.0,445.7634006083069,2.209944751381216,354,354,8,0,346,339,81887,8,0,0,8,15
2020-06-01,US,Alabama,Escambia,72,3,0,31.1256789,-87.15918694,1053.0,196.54409958234382,4.166666666666667,69,63,3,0,60,57,36748,9,0,0,9,6
2020-06-01,US,Alabama,Etowah,260,12,0,34.04567266,-86.04051873,1055.0,254.2339734814409,4.615384615384615,248,257,11,0,246,248,102501,3,1,0,2,9
2020-06-01,US,Alabama,Fayette,16,0,0,33.72076938,-87.73886638,1057.0,98.1474665685192,0.0,16,16,0,0,16,15,16433,0,0,0,0,1
2020-06-01,US,Alabama,Franklin,562,8,0,34.44235334,-87.84289505,1059.0,1791.977552452012,1.4234875444839858,554,556,7,0,549,545,31363,6,1,0,5,11
2020-06-01,US,Alabama,Geneva,43,0,0,31.09389027,-85.83572839,1061.0,163.67858094476802,0.0,43,43,0,0,43,40,26314,0,0,0,0,3
2020-06-01,US,Alabama,Greene,95,4,0,32.85504247,-87.95684022,1063.0,1171.248921218099,4.2105263157894735,91,94,4,0,90,94,8233,1,0,0,1,0
2020-06-01,US,Alabama,Hale,175,9,0,32.76039258,-87.63284988,1065.0,1194.4577161968464,5.142857142857143,166,173,9,0,164,159,14726,2,0,0,2,14
2020-06-01,US,Alabama,Henry,80,2,0,31.51148016,-85.24267944,1067.0,464.9811101424005,2.5,78,80,2,0,78,74,17209,0,0,0,0,6
2020-06-01,US,Alabama,Houston,221,4,0,31.15197924,-85.29939599,1069.0,208.7229179652821,1.8099547511312215,217,220,4,0,216,209,104722,1,0,0,1,11
2020-06-01,US,Alabama,Jackson,81,2,0,34.78144169,-85.99750489,1071.0,156.89768721187,2.469135802469136,79,78,2,0,76,77,51736,3,0,0,3,1
2020-06-01,US,Alabama,Jefferson,1859,103,0,33.55554728,-86.89506300000002,1073.0,282.2769837208632,5.540613232920926,1756,1837,102,0,1735,1780,659300,22,1,0,21,57
2020-06-01,US,Alabama,Lamar,26,0,0,33.77995024,-88.09668032,1075.0,188.33755885548717,0.0,26,26,0,0,26,23,13844,0,0,0,0,3
2020-06-01,US,Alabama,Lauderdale,166,2,0,34.90171875,-87.65624729,1077.0,179.01627322628303,1.2048192771084338,164,164,2,0,162,161,92387,2,0,0,2,3
2020-06-01,US,Alabama,Lawrence,50,0,0,34.52041498,-87.31069453,1079.0,151.86490098408456,0.0,50,50,0,0,50,48,32957,0,0,0,0,2
2020-06-01,US,Alabama,Lee,550,33,0,32.60154883,-85.35132246,1081.0,334.26116128404914,6.0,517,548,33,0,515,540,163941,2,0,0,2,8
2020-06-01,US,Alabama,Limestone,108,0,0,34.81185586,-86.98310072,1083.0,109.18465349037052,0.0,108,106,0,0,106,94,96174,2,0,0,2,12
2020-06-01,US,Alabama,Lowndes,252,12,0,32.1597283,-86.65158371,1085.0,2590.9932140653923,4.761904761904762,240,246,12,0,234,238,9974,6,0,0,6,8
2020-06-01,US,Alabama,Macon,85,4,0,32.38759944,-85.69267724,1087.0,470.44498560991815,4.705882352941177,81,82,4,0,78,75,18439,3,0,0,3,7
2020-06-01,US,Alabama,Madison,343,4,0,34.76327133,-86.55069633,1089.0,91.97954460739751,1.1661807580174928,339,339,4,0,335,327,366519,4,0,0,4,12
2020-06-01,US,Alabama,Marengo,171,6,0,32.24767634,-87.78796182,1091.0,906.5366060541803,3.5087719298245608,165,170,6,0,164,163,19066,1,0,0,1,7
2020-06-01,US,Alabama,Marion,122,11,0,34.13697363,-87.88704173,1093.0,410.64997138914123,9.016393442622949,111,122,11,0,111,121,29763,0,0,0,0,1
2020-06-01,US,Alabama,Marshall,700,9,0,34.36975964,-86.30486727,1095.0,723.3347800028934,1.2857142857142858,691,693,9,0,684,687,96109,7,0,0,7,6
2020-06-01,US,Alabama,Mobile,2271,118,0,30.78472347,-88.20842409,1097.0,549.599477263377,5.195948921180097,2153,2239,116,0,2123,2191,413757,32,2,0,30,48
2020-06-01,US,Alabama,Monroe,43,2,0,31.56729412,-87.36995001,1099.0,207.39883277866204,4.651162790697675,41,40,2,0,38,37,21067,3,0,0,3,3
2020-06-01,US,Alabama,Montgomery,1758,43,0,32.2206831,-86.20969272,1101.0,776.2069178668879,2.445961319681456,1715,1710,40,0,1670,1632,225763,48,3,0,45,78
2020-06-01,US,Alabama,Morgan,287,1,0,34.45500589,-86.85475946,1103.0,239.80815347721818,0.3484320557491289,286,280,1,0,279,251,119089,7,0,0,7,29
2020-06-01,US,Alabama,Perry,42,0,0,32.64048341,-87.29770589,1105.0,470.69371287683515,0.0,42,39,0,0,39,37,9140,3,0,0,3,2
2020-06-01,US,Alabama,Pickens,118,4,0,33.28094866,-88.08818103,1107.0,592.0722528850979,3.3898305084745757,114,116,4,0,112,111,19938,2,0,0,2,5
2020-06-01,US,Alabama,Pike,206,0,0,31.80396383,-85.9408295,1109.0,622.0933744035756,0.0,206,203,0,0,203,198,33338,3,0,0,3,5
2020-06-01,US,Alabama,Randolph,127,7,0,33.29526734,-85.45708831,1111.0,558.9296716838306,5.511811023622046,120,127,7,0,120,125,22725,0,0,0,0,2
2020-06-01,US,Alabama,Russell,175,0,0,32.28725256,-85.18415324,1113.0,301.92715791653006,0.0,175,171,0,0,171,167,57781,4,0,0,4,4
2020-06-01,US,Alabama,Shelby,522,20,0,33.26879845,-86.66232561,1117.0,239.77731026816474,3.8314176245210727,502,517,20,0,497,503,215707,5,0,0,5,14
2020-06-01,US,Alabama,St. Clair,128,1,0,33.71902176,-86.31029372,1115.0,142.9975869157208,0.78125,127,123,1,0,122,118,88690,5,0,0,5,5
2020-06-01,US,Alabama,Sumter,224,7,0,32.59117397,-88.19916205,1119.0,1802.5267562565384,3.125,217,224,7,0,217,220,12691,0,0,0,0,4
2020-06-01,US,Alabama,Talladega,117,5,0,33.37823223,-86.16886178,1121.0,146.29022981319864,4.2735042735042725,112,113,5,0,108,109,79828,4,0,0,4,4
2020-06-01,US,Alabama,Tallapoosa,427,65,0,32.86698258,-85.79833053,1123.0,1057.7947333217728,15.222482435597188,362,427,65,0,362,423,40497,0,0,0,0,4
2020-06-01,US,Alabama,Tuscaloosa,799,16,0,33.28726072,-87.52556818,1125.0,381.6483962647178,2.002503128911139,783,783,15,0,768,738,208911,16,1,0,15,45
2020-06-01,US,Alabama,Unassigned,384,2,0,0.0,0.0,90001.0,0.0,0.5208333333333334,382,,,,,,,,,,,
2020-06-01,US,Alabama,Walker,370,2,0,33.80270512,-87.30027177,1127.0,582.4845326742338,0.5405405405405406,368,354,2,0,352,344,63711,16,0,0,16,10
2020-06-01,US,Alabama,Washington,71,6,0,31.4092794,-88.20689944,1129.0,434.88913389685166,8.450704225352112,65,70,6,0,64,68,16378,1,0,0,1,2
2020-06-01,US,Alabama,Wilcox,150,7,0,31.98773215,-87.30891118,1131.0,1446.061891448954,4.666666666666667,143,148,7,0,141,144,10627,2,0,0,2,4
2020-06-01,US,Alabama,Winston,90,0,0,34.15030532,-87.37325922,1133.0,380.8878919971222,0.0,90,90,0,0,90,88,23660,0,0,0,0,2
2020-06-01,US,Alaska,Anchorage,232,4,0,61.14998174,-149.14269860000005,2020.0,80.55555555555556,1.7241379310344829,228,229,4,0,225,214,291538,3,0,0,3,15
2020-06-01,US,Alaska,Bethel,3,0,0,60.90980451,-159.8561831,2050.0,16.316762754269554,0.0,3,3,0,0,3,3,18216,0,0,0,0,0
2020-06-01,US,Alaska,Fairbanks North Star,85,2,0,64.80726247,-146.5692662,2090.0,87.76549060909252,2.3529411764705883,83,85,2,0,83,85,98971,0,0,0,0,0
2020-06-01,US,Alaska,Juneau,33,0,0,58.45031811,-134.200436,2110.0,103.20885719647215,0.0,33,33,0,0,33,33,32113,0,0,0,0,0
2020-06-01,US,Alaska,Kenai Peninsula,49,2,0,60.24429722,-151.53888840000005,2122.0,83.46392314505691,4.081632653061225,47,45,2,0,43,38,58533,4,0,0,4,7
2020-06-01,US,Alaska,Ketchikan Gateway,16,0,0,55.57445008,-130.975561,2130.0,115.09963311991943,0.0,16,16,0,0,16,16,13918,0,0,0,0,0
2020-06-01,US,Alaska,Kodiak Island,1,0,0,57.65529415,-153.7493579,2150.0,7.693491306354824,0.0,1,1,0,0,1,1,13345,0,0,0,0,0
2020-06-01,US,Alaska,Matanuska-Susitna,29,1,0,62.31305045,-149.5741743,2170.0,26.77326735415493,3.4482758620689653,28,29,1,0,28,25,107610,0,0,0,0,4
2020-06-01,US,Alaska,Nome,3,0,0,64.90320724,-164.0353804,2180.0,29.98800479808077,0.0,3,3,0,0,3,3,10008,0,0,0,0,0
2020-06-01,US,Alaska,North Slope,1,0,0,69.31479216,-153.4836093,2185.0,10.17087062652563,0.0,1,1,0,0,1,1,9872,0,0,0,0,0
2020-06-01,US,Alaska,Northwest Arctic,2,0,0,67.04919196,-159.7503946,2188.0,26.243275160740065,0.0,2,2,0,0,2,2,7671,0,0,0,0,0
2020-06-01,US,Alaska,Petersburg,4,1,0,57.13978948,-132.9540995,2195.0,122.47397428046541,25.0,3,4,1,0,3,4,3221,0,0,0,0,0
2020-06-01,US,Alaska,Prince of Wales-Hyder,2,0,0,55.76261984,-133.0511621,2198.0,32.24246332419797,0.0,2,2,0,0,2,2,6422,0,0,0,0,0
2020-06-01,US,Alaska,Sitka,2,0,0,57.24124555,-135.3206587,2220.0,23.54880489815142,0.0,2,2,0,0,2,2,8647,0,0,0,0,0
2020-06-01,US,Alaska,Southeast Fairbanks,3,0,0,63.87692095,-143.2127643,2240.0,43.52241404323227,0.0,3,3,0,0,3,3,6918,0,0,0,0,0
2020-06-01,US,Alaska,Yukon-Koyukuk,1,0,0,65.50815459,-151.39073869999999,2290.0,19.120458891013385,0.0,1,1,0,0,1,1,5327,0,0,0,0,0
2020-06-01,US,Arizona,Apache,1526,39,0,35.39465006,-109.4892383,4001.0,2122.776023481297,2.5557011795543905,1487,1524,35,0,1489,1491,71818,2,4,0,-2,33
2020-06-01,US,Arizona,Cochise,76,3,0,31.87934684,-109.7516088,4003.0,60.3548228268293,3.947368421052632,73,74,3,0,71,72,126770,2,0,0,2,2
2020-06-01,US,Arizona,Coconino,1155,81,0,35.83883429,-111.77071780000001,4005.0,805.0126850483705,7.012987012987013,1074,1151,81,0,1070,1123,142854,4,0,0,4,28
2020-06-01,US,Arizona,Gila,31,1,0,33.80190085,-110.8132779,4007.0,57.3882779814136,3.2258064516129035,30,31,1,0,30,30,53889,0,0,0,0,1
2020-06-01,US,Arizona,Graham,32,1,0,32.93166885,-109.8882178,4009.0,82.39565362927105,3.125,31,32,1,0,31,28,38072,0,0,0,0,4
2020-06-01,US,Arizona,Greenlee,6,0,0,33.21498827,-109.2405279,4011.0,63.171193935565384,0.0,6,6,0,0,6,4,9483,0,0,0,0,2
2020-06-01,US,Arizona,La Paz,79,1,0,33.72854224,-113.98100290000001,4012.0,374.2656812582906,1.2658227848101269,78,78,1,0,77,70,21098,1,0,0,1,8
2020-06-01,US,Arizona,Maricopa,9937,433,0,33.34835867,-112.49181540000001,4013.0,221.54030820789345,4.357451947267787,9504,9815,432,0,9383,9522,4410824,122,1,0,121,293
2020-06-01,US,Arizona,Mohave,403,45,0,35.70471703,-113.7577902,4015.0,189.93218054396957,11.166253101736972,358,396,44,0,352,383,209550,7,1,0,6,13
2020-06-01,US,Arizona,Navajo,1873,64,0,35.3997715,-110.3218983,4017.0,1688.5435072662362,3.416978109983983,1809,1866,60,0,1806,1833,110445,7,4,0,3,33
2020-06-01,US,Arizona,Pima,2382,185,0,32.0971334,-111.7890033,4019.0,227.44655435657543,7.7665827036104105,2197,2368,185,0,2183,2290,1039073,14,0,0,14,78
2020-06-01,US,Arizona,Pinal,865,40,0,32.90525627,-111.3449483,4021.0,186.9102333892984,4.624277456647398,825,863,39,0,824,837,447138,2,1,0,1,26
2020-06-01,US,Arizona,Santa Cruz,330,0,0,31.52508998,-110.8479088,4023.0,709.7079444277173,0.0,330,330,0,0,330,297,46511,0,0,0,0,33
2020-06-01,US,Arizona,Unassigned,0,3,0,0.0,0.0,90004.0,0.0,0.0,-3,0,3,0,-3,0,,0,0,0,0,0
2020-06-01,US,Arizona,Yavapai,297,6,0,34.59933926,-112.5538588,4025.0,126.32975895261144,2.0202020202020203,291,297,6,0,291,296,231993,0,0,0,0,1
2020-06-01,US,Arizona,Yuma,1137,16,0,32.76895712,-113.90666740000002,4027.0,531.8377637555137,1.4072119613016711,1121,1105,16,0,1089,982,212128,32,0,0,32,123
2020-06-01,US,Arkansas,Arkansas,7,0,0,34.29145151,-91.37277296,5001.0,40.0320256204964,0.0,7,6,0,0,6,5,17769,1,0,0,1,1
2020-06-01,US,Arkansas,Ashley,19,0,0,33.19153461,-91.76984709999999,5003.0,96.65767919825001,0.0,19,19,0,0,19,19,20046,0,0,0,0,0
2020-06-01,US,Arkansas,Baxter,12,0,0,36.28784385,-92.33782872,5005.0,28.617762091004487,0.0,12,12,0,0,12,11,41619,0,0,0,0,1
2020-06-01,US,Arkansas,Benton,607,2,0,36.33644656,-94.25680817,5007.0,217.452828498859,0.32948929159802304,605,578,2,0,576,507,272608,29,0,0,29,71
2020-06-01,US,Arkansas,Boone,6,0,0,36.3084504,-93.09374925,5009.0,16.029066039752085,0.0,6,6,0,0,6,6,37480,0,0,0,0,0
2020-06-01,US,Arkansas,Bradley,22,1,0,33.46755808,-92.15980837,5011.0,204.40397658645358,4.545454545454546,21,22,1,0,21,18,10897,0,0,0,0,4
2020-06-01,US,Arkansas,Carroll,25,1,0,36.34038560000001,-93.54270261,5015.0,88.09020436927412,4.0,24,24,1,0,23,24,28223,1,0,0,1,0
2020-06-01,US,Arkansas,Chicot,15,0,0,33.26458973,-91.29539209,5017.0,148.2506424194505,0.0,15,15,0,0,15,15,10438,0,0,0,0,0
2020-06-01,US,Arkansas,Clark,39,0,0,34.04613432,-93.17484713,5019.0,174.73118279569889,0.0,39,39,0,0,39,39,22061,0,0,0,0,0
2020-06-01,US,Arkansas,Clay,4,0,0,36.36826212,-90.4148172,5021.0,27.489519620644625,0.0,4,4,0,0,4,4,14847,0,0,0,0,0
2020-06-01,US,Arkansas,Cleburne,74,4,0,35.53864922,-92.02640019,5023.0,296.9621573899434,5.405405405405406,70,73,4,0,69,73,24965,1,0,0,1,0
2020-06-01,US,Arkansas,Cleveland,19,0,0,33.89723187,-92.18537045,5025.0,238.81347410759173,0.0,19,19,0,0,19,19,8018,0,0,0,0,0
2020-06-01,US,Arkansas,Columbia,23,2,0,33.21230701,-93.22642793,5027.0,98.05175427377756,8.695652173913043,21,23,2,0,21,25,23537,0,0,0,0,-2
2020-06-01,US,Arkansas,Conway,14,1,0,35.26205537,-92.70506566,5029.0,67.15916722632639,7.142857142857142,13,14,1,0,13,14,20891,0,0,0,0,0
2020-06-01,US,Arkansas,Craighead,228,0,0,35.83018283,-90.63235729,5031.0,206.6490229489178,0.0,228,220,0,0,220,212,108558,8,0,0,8,8
2020-06-01,US,Arkansas,Crawford,30,0,0,35.58928601,-94.2446814,5033.0,47.42558135858482,0.0,30,29,0,0,29,24,63406,1,0,0,1,5
2020-06-01,US,Arkansas,Crittenden,386,9,0,35.21247318,-90.30839406,5035.0,804.9212803670108,2.33160621761658,377,380,9,0,371,367,48342,6,0,0,6,13
2020-06-01,US,Arkansas,Cross,52,0,0,35.29631396,-90.77185818,5037.0,316.7062549485352,0.0,52,52,0,0,52,51,16676,0,0,0,0,1
2020-06-01,US,Arkansas,Dallas,1,0,0,33.97042763,-92.65167437,5039.0,14.267370523612499,0.0,1,1,0,0,1,1,7182,0,0,0,0,0
2020-06-01,US,Arkansas,Desha,19,0,0,33.83011025,-91.25500948,5041.0,167.23879940146114,0.0,19,19,0,0,19,19,11512,0,0,0,0,0
2020-06-01,US,Arkansas,Drew,20,1,0,33.59035001,-91.71777921,5043.0,109.77550908392338,5.0,19,20,1,0,19,19,18328,0,0,0,0,1
2020-06-01,US,Arkansas,Faulkner,102,3,0,35.14719007,-92.33717519,5045.0,80.94788384772275,2.9411764705882355,99,102,3,0,99,102,124806,0,0,0,0,0
2020-06-01,US,Arkansas,Franklin,4,0,0,35.51202821,-93.89299569,5047.0,22.579734688117412,0.0,4,4,0,0,4,4,17810,0,0,0,0,0
2020-06-01,US,Arkansas,Fulton,7,0,0,36.38177105,-91.81729127,5049.0,56.10322994309529,0.0,7,7,0,0,7,7,12269,0,0,0,0,0
2020-06-01,US,Arkansas,Garland,136,1,0,34.57692074,-93.14921604,5051.0,136.8401988207595,0.7352941176470589,135,136,1,0,135,136,99154,0,0,0,0,0
2020-06-01,US,Arkansas,Grant,18,0,0,34.29017991,-92.42320562,5053.0,98.54913769504519,0.0,18,18,0,0,18,18,18188,0,0,0,0,0
2020-06-01,US,Arkansas,Greene,64,0,0,36.11735460000001,-90.55832668,5055.0,141.20242691671262,0.0,64,64,0,0,64,64,45325,0,0,0,0,0
2020-06-01,US,Arkansas,Hempstead,18,1,0,33.73325583,-93.66935133,5057.0,83.59650752368567,5.5555555555555545,17,18,1,0,17,16,21741,0,0,0,0,2
2020-06-01,US,Arkansas,Hot Spring,32,0,0,34.31709259,-92.95396325,5059.0,94.755855615765,0.0,32,32,0,0,32,32,33701,0,0,0,0,0
2020-06-01,US,Arkansas,Howard,21,0,0,34.09007427,-93.9934871,5061.0,159.06680805938498,0.0,21,21,0,0,21,20,13341,0,0,0,0,1
2020-06-01,US,Arkansas,Independence,31,0,0,35.74242707,-91.57001641,5063.0,81.95637805684072,0.0,31,31,0,0,31,31,37678,0,0,0,0,0
2020-06-01,US,Arkansas,Izard,16,0,0,36.09604046,-91.90847954,5065.0,117.3967275662191,0.0,16,16,0,0,16,16,13593,0,0,0,0,0
2020-06-01,US,Arkansas,Jackson,3,0,0,35.59802983,-91.21494602,5067.0,17.943656917279746,0.0,3,3,0,0,3,1,16811,0,0,0,0,2
2020-06-01,US,Arkansas,Jefferson,523,25,0,34.26767081,-91.92619839,5069.0,782.6529390638094,4.780114722753346,498,521,25,0,496,517,68114,2,0,0,2,4
2020-06-01,US,Arkansas,Johnson,48,0,0,35.56759135,-93.46036368,5071.0,180.6004966513658,0.0,48,43,0,0,43,43,26742,5,0,0,5,0
2020-06-01,US,Arkansas,Lafayette,9,1,0,33.24116713,-93.60677071,5073.0,135.8695652173913,11.111111111111109,8,9,1,0,8,9,6682,0,0,0,0,0
2020-06-01,US,Arkansas,Lawrence,84,5,0,36.04188196,-91.10867198,5075.0,512.0078020236499,5.9523809523809526,79,84,5,0,79,84,16434,0,0,0,0,0
2020-06-01,US,Arkansas,Lee,21,1,0,34.78498904,-90.78383866,5077.0,237.10059839674832,4.761904761904762,20,20,1,0,19,19,8985,1,0,0,1,1
2020-06-01,US,Arkansas,Lincoln,983,9,0,33.95317155,-91.74002806,5079.0,7547.604422604422,0.9155645981688708,974,982,9,0,973,978,13383,1,0,0,1,4
2020-06-01,US,Arkansas,Little River,6,0,0,33.70375665,-94.23468591,5081.0,48.94363324904152,0.0,6,6,0,0,6,6,12326,0,0,0,0,0
2020-06-01,US,Arkansas,Logan,7,0,0,35.21413234,-93.71951016,5083.0,32.60970837603652,0.0,7,6,0,0,6,6,21737,1,0,0,1,0
2020-06-01,US,Arkansas,Lonoke,49,0,0,34.75392199,-91.88742357,5085.0,66.8403606651298,0.0,49,48,0,0,48,47,73657,1,0,0,1,1
2020-06-01,US,Arkansas,Madison,23,0,0,36.01038185,-93.72524943,5087.0,138.75482625482624,0.0,23,23,0,0,23,22,16481,0,0,0,0,1
2020-06-01,US,Arkansas,Marion,2,0,0,36.26844485,-92.68451899,5089.0,11.980352222355338,0.0,2,2,0,0,2,1,16722,0,0,0,0,1
2020-06-01,US,Arkansas,Miller,45,1,0,33.31403423,-93.89285258,5091.0,104.02940564532908,2.2222222222222223,44,44,1,0,43,43,43592,1,0,0,1,1
2020-06-01,US,Arkansas,Mississippi,76,2,0,35.76271485,-90.05194370000002,5093.0,186.9572704238518,2.631578947368421,74,75,2,0,73,75,41239,1,0,0,1,0
2020-06-01,US,Arkansas,Monroe,5,0,0,34.6815935,-91.20540287,5095.0,74.61572899567228,0.0,5,5,0,0,5,5,6900,0,0,0,0,0
2020-06-01,US,Arkansas,Montgomery,2,0,0,34.53704874,-93.65824478,5097.0,22.2568439795237,0.0,2,2,0,0,2,2,8924,0,0,0,0,0
2020-06-01,US,Arkansas,Nevada,7,0,0,33.66340119,-93.30632432,5099.0,84.8279205041202,0.0,7,6,0,0,6,5,8326,1,0,0,1,1
2020-06-01,US,Arkansas,Newton,3,0,0,35.91947491,-93.21612969,5101.0,38.6946988262608,0.0,3,3,0,0,3,3,7805,0,0,0,0,0
2020-06-01,US,Arkansas,Ouachita,10,0,0,33.58839816,-92.87795984,5103.0,42.767941151312975,0.0,10,10,0,0,10,10,23606,0,0,0,0,0
2020-06-01,US,Arkansas,Perry,14,0,0,34.945915299999996,-92.94372564,5105.0,133.90722142515543,0.0,14,14,0,0,14,14,10352,0,0,0,0,0
2020-06-01,US,Arkansas,Phillips,22,1,0,34.43268455,-90.84800154,5107.0,123.72061635361601,4.545454545454546,21,21,1,0,20,20,18029,1,0,0,1,1
2020-06-01,US,Arkansas,Pike,5,0,0,34.16250414,-93.65789349,5109.0,46.65049449524165,0.0,5,5,0,0,5,5,10673,0,0,0,0,0
2020-06-01,US,Arkansas,Poinsett,33,2,0,35.57433534,-90.66268713,5111.0,140.2584155049303,6.0606060606060606,31,33,2,0,31,33,23974,0,0,0,0,0
2020-06-01,US,Arkansas,Polk,21,0,0,34.48254879,-94.22728802,5113.0,105.18934081346424,0.0,21,19,0,0,19,17,20049,2,0,0,2,2
2020-06-01,US,Arkansas,Pope,161,1,0,35.44871474,-93.03212219,5115.0,251.27981021350982,0.6211180124223602,160,148,1,0,147,142,64000,13,0,0,13,6
2020-06-01,US,Arkansas,Prairie,2,0,0,34.83624419,-91.55162157,5117.0,24.807740014884644,0.0,2,2,0,0,2,2,8074,0,0,0,0,0
2020-06-01,US,Arkansas,Pulaski,903,34,0,34.77054088,-92.31355101,5119.0,230.40945520794259,3.765227021040975,869,888,34,0,854,876,392680,15,0,0,15,12
2020-06-01,US,Arkansas,Randolph,26,0,0,36.3415714,-91.02455531,5121.0,144.78226974050563,0.0,26,26,0,0,26,26,17948,0,0,0,0,0
2020-06-01,US,Arkansas,Saline,113,1,0,34.64916145,-92.67583224,5125.0,92.29236260280796,0.8849557522123894,112,112,1,0,111,112,121421,1,0,0,1,0
2020-06-01,US,Arkansas,Scott,1,0,0,34.85588887,-94.0632176,5127.0,9.726680284019064,0.0,1,1,0,0,1,1,10319,0,0,0,0,0
2020-06-01,US,Arkansas,Searcy,7,0,0,35.9109364,-92.69936482,5129.0,88.82121558177894,0.0,7,7,0,0,7,7,7958,0,0,0,0,0
2020-06-01,US,Arkansas,Sebastian,43,0,0,35.19605503,-94.27162713,5131.0,33.6392155022022,0.0,43,40,0,0,40,38,127753,3,0,0,3,2
2020-06-01,US,Arkansas,Sevier,225,2,0,33.99780401,-94.2424869,5133.0,1322.9846533780208,0.8888888888888888,223,210,2,0,208,170,17139,15,0,0,15,40
2020-06-01,US,Arkansas,Sharp,46,2,0,36.16258158,-91.47819342,5135.0,263.7312234835455,4.3478260869565215,44,46,2,0,44,46,17366,0,0,0,0,0
2020-06-01,US,Arkansas,St. Francis,676,1,0,35.02201976,-90.74828138,5123.0,2704.649115787789,0.14792899408284024,675,672,1,0,671,672,25439,4,0,0,4,0
2020-06-01,US,Arkansas,Stone,9,0,0,35.86251946,-92.15684085,5137.0,71.96545658084119,0.0,9,9,0,0,9,9,12457,0,0,0,0,0
2020-06-01,US,Arkansas,Unassigned,189,0,0,0.0,0.0,90005.0,0.0,0.0,189,188,0,0,188,196,,1,0,0,1,-8
2020-06-01,US,Arkansas,Union,173,8,0,33.16887091,-92.59746952,5139.0,447.23644072178274,4.624277456647398,165,173,8,0,165,171,39126,0,0,0,0,2
2020-06-01,US,Arkansas,Van Buren,28,2,0,35.58095779,-92.51295036,5141.0,169.23541855545486,7.142857142857142,26,28,2,0,26,28,16603,0,0,0,0,0
2020-06-01,US,Arkansas,Washington,562,7,0,35.976844,-94.21800746,5143.0,234.96260248257641,1.2455516014234875,555,509,7,0,502,452,236961,53,0,0,53,57
2020-06-01,US,Arkansas,White,44,1,0,35.25688493,-91.74908296,5145.0,55.87088745825556,2.272727272727273,43,44,1,0,43,44,78727,0,0,0,0,0
2020-06-01,US,Arkansas,Woodruff,1,0,0,35.18902527,-91.2439489,5147.0,15.822784810126587,0.0,1,1,0,0,1,1,6490,0,0,0,0,0
2020-06-01,US,Arkansas,Yell,162,1,0,35.00292371,-93.41171338,5149.0,759.1021976477202,0.6172839506172839,161,141,1,0,140,137,21535,21,0,0,21,4
2020-06-01,US,California,Alameda,3470,96,0,37.64629437,-121.8929271,6001.0,207.61920603304318,2.76657060518732,3374,3390,96,0,3294,3289,1666753,80,0,0,80,101
2020-06-01,US,California,Alpine,2,0,0,38.59678594,-119.82235940000001,6003.0,177.14791851195747,0.0,2,2,0,0,2,2,1101,0,0,0,0,0
2020-06-01,US,California,Amador,10,0,0,38.44583082,-120.65696000000001,6005.0,25.155966995371298,0.0,10,19,0,0,19,10,39383,-9,0,0,-9,9
2020-06-01,US,California,Butte,51,0,0,39.66727762,-121.6005252,6007.0,23.267909446771235,0.0,51,44,0,0,44,44,231256,7,0,0,7,0
2020-06-01,US,California,Calaveras,15,0,0,38.20537103,-120.55291299999999,6009.0,32.676179065461284,0.0,15,15,0,0,15,15,45602,0,0,0,0,0
2020-06-01,US,California,Colusa,7,0,0,39.17881957,-122.2331726,6011.0,32.48712117696199,0.0,7,5,0,0,5,5,21627,2,0,0,2,0
2020-06-01,US,California,Contra Costa,1468,38,0,37.91923498,-121.9289527,6013.0,127.26197762339123,2.5885558583106265,1430,1450,37,0,1413,1426,1150215,18,1,0,17,24
2020-06-01,US,California,Del Norte,46,0,0,41.74228275,-123.89740630000001,6015.0,165.39623184237018,0.0,46,45,0,0,45,45,27828,1,0,0,1,0
2020-06-01,US,California,El Dorado,96,0,0,38.77965956,-120.5233166,6017.0,49.781428415861605,0.0,96,90,0,0,90,90,190678,6,0,0,6,0
2020-06-01,US,California,Fresno,1743,35,0,36.75733899,-119.6466953,6019.0,174.45683669618987,2.0080321285140563,1708,1743,35,0,1708,1714,994400,0,0,0,0,29
2020-06-01,US,California,Glenn,16,0,0,39.59875897,-122.3938452,6021.0,56.351917726200114,0.0,16,16,0,0,16,16,28047,0,0,0,0,0
2020-06-01,US,California,Humboldt,101,3,0,40.69923009,-123.876044,6023.0,74.50685315510705,2.9702970297029703,98,101,3,0,98,99,136373,0,0,0,0,2
2020-06-01,US,California,Imperial,1751,29,0,33.0393082,-115.36690420000001,6025.0,966.255552796402,1.6561964591661908,1722,1634,27,0,1607,1634,181827,117,2,0,115,0
2020-06-01,US,California,Inyo,20,1,0,36.51112084,-117.41119779999998,6027.0,110.87089084760795,5.0,19,20,1,0,19,20,17987,0,0,0,0,0
2020-06-01,US,California,Kern,2322,38,0,35.34329425,-118.72777959999999,6029.0,257.94210632724656,1.6365202411714042,2284,2250,38,0,2212,2145,896764,72,0,0,72,105
2020-06-01,US,California,Kings,1122,5,0,36.07409056,-119.8159973,6031.0,733.6210278540606,0.44563279857397503,1117,746,4,0,742,735,151366,376,1,0,375,11
2020-06-01,US,California,Lake,21,0,0,39.10124298,-122.75362439999999,6033.0,32.61578604044357,0.0,21,21,0,0,21,21,64382,0,0,0,0,0
2020-06-01,US,California,Lassen,5,0,0,40.67311306,-120.59350990000002,6035.0,16.35429954535047,0.0,5,5,0,0,5,5,30802,0,0,0,0,0
2020-06-01,US,California,Los Angeles,56011,2386,0,34.30828379,-118.22824109999999,6037.0,557.9281105381186,4.2598775240577735,53625,55001,2362,0,52639,53746,10105518,1010,24,0,986,1255
2020-06-01,US,California,Madera,106,2,0,37.21513971,-119.76655890000002,6039.0,67.37559350906075,1.8867924528301887,104,106,2,0,104,104,157672,0,0,0,0,2
2020-06-01,US,California,Marin,483,14,0,38.07122463,-122.72106310000001,6041.0,186.61185506865613,2.898550724637681,469,483,14,0,469,450,259666,0,0,0,0,33
2020-06-01,US,California,Mariposa,16,1,0,37.57978556,-119.9073334,6043.0,93.0070336569203,6.25,15,16,1,0,15,16,17471,0,0,0,0,0
2020-06-01,US,California,Mendocino,30,0,0,39.4381191,-123.39113130000001,6045.0,34.582531210734416,0.0,30,30,0,0,30,30,87606,0,0,0,0,0
2020-06-01,US,California,Merced,283,7,0,37.18922369,-120.72090349999999,6047.0,101.9158743877845,2.4734982332155475,276,283,7,0,276,283,274765,0,0,0,0,0
2020-06-01,US,California,Mono,37,1,0,37.93899289,-118.8872409,6051.0,256.1617280531709,2.702702702702702,36,37,1,0,36,35,14250,0,0,0,0,2
2020-06-01,US,California,Monterey,545,10,0,36.21862405,-121.24133970000001,6053.0,125.55838925865257,1.834862385321101,535,530,10,0,520,509,435594,15,0,0,15,21
2020-06-01,US,California,Napa,113,3,0,38.50735751,-122.33283899999999,6055.0,82.03624114298991,2.6548672566371683,110,112,3,0,109,112,139417,1,0,0,1,0
2020-06-01,US,California,Nevada,41,1,0,39.30394768,-120.76272809999999,6057.0,41.100696706931984,2.4390243902439024,40,41,1,0,40,41,99696,0,0,0,0,0
2020-06-01,US,California,Orange,6474,147,0,33.70147516,-117.76459979999998,6059.0,203.86107972687532,2.2706209453197403,6327,6261,147,0,6114,6100,3185968,213,0,0,213,161
2020-06-01,US,California,Placer,217,9,0,39.06167234,-120.72405690000001,6061.0,54.47758009082944,4.147465437788019,208,215,9,0,206,214,393149,2,0,0,2,1
2020-06-01,US,California,Plumas,4,0,0,40.00355989,-120.8395236,6063.0,21.268676556601264,0.0,4,4,0,0,4,4,18804,0,0,0,0,0
2020-06-01,US,California,Riverside,7982,331,0,33.74314981,-115.9933578,6065.0,323.0864756211785,4.14683036832874,7651,7486,323,0,7163,7486,2450758,496,8,0,488,0
2020-06-01,US,California,Sacramento,1429,58,0,38.45106826,-121.34253740000001,6067.0,92.07130145909494,4.058782365290413,1371,1400,56,0,1344,1400,1540975,29,2,0,27,0
2020-06-01,US,California,San Benito,87,2,0,36.60308176,-121.069975,6069.0,138.51738632021394,2.2988505747126435,85,87,2,0,85,87,61537,0,0,0,0,0
2020-06-01,US,California,San Bernardino,5355,204,0,34.84060306,-116.1774685,6071.0,245.63262441602046,3.809523809523809,5151,5246,204,0,5042,5200,2171603,109,0,0,109,46
2020-06-01,US,California,San Diego,7481,269,0,33.03484597,-116.73653259999999,6073.0,224.0940829696285,3.595775965779976,7212,7481,269,0,7212,7385,3343364,0,0,0,0,96
2020-06-01,US,California,San Francisco,2570,43,0,37.75215114,-122.43856720000001,6075.0,291.5322914551545,1.6731517509727627,2527,2588,42,0,2546,2532,883305,-18,1,0,-19,56
2020-06-01,US,California,San Joaquin,908,34,0,37.93433732,-121.2730061,6077.0,119.13696552375654,3.744493392070485,874,858,34,0,824,858,752660,50,0,0,50,0
2020-06-01,US,California,San Luis Obispo,271,1,0,35.38822029,-120.4039028,6079.0,95.72217257542093,0.3690036900369004,270,269,1,0,268,269,284010,2,0,0,2,0
2020-06-01,US,California,San Mateo,2165,84,0,37.422880799999994,-122.32755459999998,6081.0,282.42580941410665,3.8799076212471135,2081,2104,84,0,2020,2104,769545,61,0,0,61,0
2020-06-01,US,California,Santa Barbara,1649,12,0,34.65329488,-120.0188492,6083.0,369.3177364339002,0.7277137659187386,1637,1649,12,0,1637,1649,446527,0,0,0,0,0
2020-06-01,US,California,Santa Clara,2776,141,0,37.23104908,-121.6970462,6085.0,143.99445600595897,5.079250720461095,2635,2776,141,0,2635,2731,1937570,0,0,0,0,45
2020-06-01,US,California,Santa Cruz,217,2,0,37.05580291,-122.0066524,6087.0,79.42521036700303,0.9216589861751152,215,213,2,0,211,212,274255,4,0,0,4,1
2020-06-01,US,California,Shasta,39,4,0,40.76391419,-122.0396884,6089.0,21.657041314971124,10.256410256410255,35,39,4,0,35,37,180040,0,0,0,0,2
2020-06-01,US,California,Sierra,1,0,0,39.57713498,-120.52007009999998,6091.0,33.277870216306155,0.0,1,1,0,0,1,1,2987,0,0,0,0,0
2020-06-01,US,California,Siskiyou,7,0,0,41.59198861,-122.54074340000001,6093.0,16.077539677071133,0.0,7,7,0,0,7,7,43724,0,0,0,0,0
2020-06-01,US,California,Solano,517,22,0,38.26827353,-121.9357113,6095.0,115.49381985198026,4.25531914893617,495,517,22,0,495,517,446610,0,0,0,0,0
2020-06-01,US,California,Sonoma,564,4,0,38.52746429,-122.88625060000001,6097.0,114.09243915069912,0.7092198581560284,560,553,4,0,549,548,499942,11,0,0,11,5
2020-06-01,US,California,Stanislaus,744,29,0,37.55862499,-120.9970722,6099.0,135.11059455925616,3.897849462365592,715,744,29,0,715,699,549815,0,0,0,0,45
2020-06-01,US,California,Sutter,46,2,0,39.03417539,-121.6945899,6101.0,47.43686256715925,4.3478260869565215,44,46,2,0,44,43,96807,0,0,0,0,3
2020-06-01,US,California,Tehama,4,1,0,40.12570935,-122.23701709999999,6103.0,6.145903755147193,25.0,3,4,1,0,3,4,63916,0,0,0,0,0
2020-06-01,US,California,Trinity,1,0,0,40.64917670000001,-123.114713,6105.0,8.14000814000814,0.0,1,1,0,0,1,1,12535,0,0,0,0,0
2020-06-01,US,California,Tulare,1897,89,0,36.22026558,-118.8020203,6107.0,406.9112710346529,4.691618344754876,1808,1844,84,0,1760,1844,465861,53,5,0,48,0
2020-06-01,US,California,Tuolumne,4,0,0,38.02644018,-119.95250929999999,6109.0,7.342413451301442,0.0,4,4,0,0,4,4,54539,0,0,0,0,0
2020-06-01,US,California,Ventura,1152,34,0,34.44465746,-119.09106129999999,6111.0,136.16924702661683,2.951388888888889,1118,1078,33,0,1045,1078,850967,74,1,0,73,0
2020-06-01,US,California,Yolo,211,24,0,38.68278902,-121.90182879999999,6113.0,95.69160997732426,11.374407582938387,187,211,24,0,187,210,220408,0,0,0,0,1
2020-06-01,US,California,Yuba,30,1,0,39.26255932,-121.35356440000001,6115.0,38.13494686530737,3.333333333333333,29,30,1,0,29,30,78041,0,0,0,0,0
2020-06-01,US,Colorado,Adams,3291,123,0,39.87432092,-104.3362578,8001.0,636.0391248132565,3.73746581586144,3168,3258,120,0,3138,3224,511868,33,3,0,30,34
2020-06-01,US,Colorado,Alamosa,78,2,0,37.57250606,-105.7885451,8003.0,480.50267972648317,2.5641025641025643,76,76,2,0,74,74,16683,2,0,0,2,2
2020-06-01,US,Colorado,Arapahoe,4416,307,0,39.64977461,-104.3353617,8005.0,672.5658325591312,6.9519927536231885,4109,4394,305,0,4089,4353,651215,22,2,0,20,41
2020-06-01,US,Colorado,Archuleta,8,0,0,37.19474156,-107.0476867,8007.0,57.02473447858009,0.0,8,8,0,0,8,8,13765,0,0,0,0,0
2020-06-01,US,Colorado,Baca,12,0,0,37.31940883,-102.5603223,8009.0,335.1019268360793,0.0,12,12,0,0,12,12,3585,0,0,0,0,0
2020-06-01,US,Colorado,Bent,2,0,0,37.95474293,-103.0720195,8011.0,35.861574323112784,0.0,2,2,0,0,2,2,5882,0,0,0,0,0
2020-06-01,US,Colorado,Boulder,984,66,0,40.09313619,-105.3546767,8013.0,301.65912518853696,6.7073170731707314,918,980,65,0,915,974,326078,4,1,0,3,6
2020-06-01,US,Colorado,Broomfield,242,27,0,39.95998787,-105.0566324,8014.0,343.43290995529696,11.157024793388429,215,240,26,0,214,236,69267,2,1,0,1,4
2020-06-01,US,Colorado,Chaffee,76,20,0,38.74745778,-106.19265729999998,8015.0,373.3542935743761,26.315789473684212,56,72,20,0,52,72,20027,4,0,0,4,0
2020-06-01,US,Colorado,Cheyenne,5,0,0,38.82777431,-102.6032558,8017.0,273.07482250136536,0.0,5,5,0,0,5,5,1876,0,0,0,0,0
2020-06-01,US,Colorado,Clear Creek,17,1,0,39.68864463,-105.6463118,8019.0,175.2577319587629,5.882352941176472,16,16,1,0,15,16,9605,1,0,0,1,0
2020-06-01,US,Colorado,Conejos,2,0,0,37.201606,-106.19174879999998,8021.0,24.375380865326022,0.0,2,2,0,0,2,1,8200,0,0,0,0,1
2020-06-01,US,Colorado,Costilla,6,0,0,37.27732493,-105.4276548,8023.0,154.36068947774638,0.0,6,6,0,0,6,6,3828,0,0,0,0,0
2020-06-01,US,Colorado,Crowley,64,1,0,38.32608609,-103.7844965,8025.0,1055.93136446131,1.5625,63,64,1,0,63,64,5858,0,0,0,0,0
2020-06-01,US,Colorado,Custer,2,0,0,38.10883162,-105.3683478,8027.0,39.463299131807425,0.0,2,2,0,0,2,2,4954,0,0,0,0,0
2020-06-01,US,Colorado,Delta,69,1,0,38.86246243,-107.8631342,8029.0,221.42352865669727,1.4492753623188406,68,69,1,0,68,69,30953,0,0,0,0,0
2020-06-01,US,Colorado,Denver,5802,329,0,39.76018276,-104.8725695,8031.0,797.8427169005969,5.670458462599103,5473,5775,327,0,5448,5690,716492,27,2,0,25,85
2020-06-01,US,Colorado,Douglas,724,45,0,39.33133796,-104.930001,8035.0,206.1773466911953,6.2154696132596685,679,720,45,0,675,715,342776,4,0,0,4,5
2020-06-01,US,Colorado,Eagle,587,8,0,39.62754308,-106.6933637,8037.0,1064.8139750031744,1.3628620102214652,579,587,8,0,579,587,54993,0,0,0,0,0
2020-06-01,US,Colorado,El Paso,1748,89,0,38.83240149,-104.5251411,8041.0,242.6419656775444,5.091533180778032,1659,1732,88,0,1644,1717,713856,16,1,0,15,15
2020-06-01,US,Colorado,Elbert,53,2,0,39.28656773,-104.1358721,8039.0,198.2865052938756,3.7735849056603774,51,53,2,0,51,52,26282,0,0,0,0,1
2020-06-01,US,Colorado,Fremont,26,0,0,38.47362326,-105.4399667,8043.0,54.34896214385753,0.0,26,26,0,0,26,26,48021,0,0,0,0,0
2020-06-01,US,Colorado,Garfield,143,2,0,39.59921777,-107.902708,8045.0,238.0912738715639,1.3986013986013983,141,139,2,0,137,138,59770,4,0,0,4,1
2020-06-01,US,Colorado,Gilpin,3,0,0,39.85646523,-105.5252597,8047.0,48.05382027871216,0.0,3,3,0,0,3,3,6121,0,0,0,0,0
2020-06-01,US,Colorado,Grand,14,0,0,40.10603347,-106.1178042,8049.0,88.97928053896021,0.0,14,14,0,0,14,14,15525,0,0,0,0,0
2020-06-01,US,Colorado,Gunnison,177,6,0,38.66611652,-107.0320729,8051.0,1013.6295956935057,3.3898305084745757,171,177,6,0,171,177,17246,0,0,0,0,0
2020-06-01,US,Colorado,Hinsdale,3,0,0,37.82247444,-107.3004345,8053.0,365.8536585365854,0.0,3,3,0,0,3,3,811,0,0,0,0,0
2020-06-01,US,Colorado,Huerfano,3,0,0,37.68473101,-104.9612585,8055.0,43.497172683775545,0.0,3,3,0,0,3,3,6889,0,0,0,0,0
2020-06-01,US,Colorado,Jefferson,2244,171,0,39.58635604,-105.2517692,8059.0,384.98424206656233,7.620320855614972,2073,2221,171,0,2050,2196,580233,23,0,0,23,25
2020-06-01,US,Colorado,Kit Carson,26,3,0,39.30497777,-102.6022199,8063.0,366.3519797097365,11.538461538461537,23,26,3,0,23,26,7163,0,0,0,0,0
2020-06-01,US,Colorado,La Plata,82,1,0,37.28632032,-107.8429014,8067.0,145.85297308834777,1.2195121951219512,81,81,1,0,80,80,56310,1,0,0,1,1
2020-06-01,US,Colorado,Lake,31,0,0,39.20278823,-106.3555697,8065.0,381.4445674910791,0.0,31,31,0,0,31,29,7824,0,0,0,0,2
2020-06-01,US,Colorado,Larimer,589,28,0,40.66671597,-105.4625784,8069.0,165.03268431685154,4.753820033955857,561,583,27,0,556,576,350518,6,1,0,5,7
2020-06-01,US,Colorado,Las Animas,5,0,0,37.3153406,-104.0376458,8071.0,34.46849579484351,0.0,5,5,0,0,5,5,14503,0,0,0,0,0
2020-06-01,US,Colorado,Lincoln,3,0,0,38.98749519,-103.5136649,8073.0,52.62234695667427,0.0,3,3,0,0,3,3,5610,0,0,0,0,0
2020-06-01,US,Colorado,Logan,619,3,0,40.7249637,-103.110817,8075.0,2762.283011290106,0.4846526655896608,616,614,3,0,611,602,21528,5,0,0,5,12
2020-06-01,US,Colorado,Mesa,55,0,0,39.01787888,-108.469799,8077.0,35.66565073600935,0.0,55,54,0,0,54,54,153207,1,0,0,1,0
2020-06-01,US,Colorado,Mineral,2,0,0,37.66954283,-106.9281698,8079.0,260.0780234070221,0.0,2,2,0,0,2,2,776,0,0,0,0,0
2020-06-01,US,Colorado,Moffat,7,0,0,40.61810999,-108.2070876,8081.0,52.69893849281036,0.0,7,7,0,0,7,7,13188,0,0,0,0,0
2020-06-01,US,Colorado,Montezuma,46,3,0,37.33859579,-108.5958857,8083.0,175.6865141504029,6.521739130434782,43,45,3,0,42,43,26158,1,0,0,1,2
2020-06-01,US,Colorado,Montrose,177,12,0,38.40214114,-108.26390220000002,8085.0,413.9576219654802,6.779661016949151,165,172,12,0,160,169,42214,5,0,0,5,3
2020-06-01,US,Colorado,Morgan,630,43,0,40.26279810000001,-103.8093302,8087.0,2167.3317737718453,6.825396825396825,587,629,43,0,586,628,28558,1,0,0,1,1
2020-06-01,US,Colorado,Otero,19,1,0,37.9014485,-103.7173385,8089.0,103.95010395010395,5.2631578947368425,18,19,1,0,18,18,18432,0,0,0,0,1
2020-06-01,US,Colorado,Ouray,8,1,0,38.14717457,-107.7675136,8091.0,161.55088852988692,12.5,7,8,1,0,7,8,4833,0,0,0,0,0
2020-06-01,US,Colorado,Park,23,0,0,39.120926,-105.7182065,8093.0,122.04828867073496,0.0,23,23,0,0,23,23,18556,0,0,0,0,0
2020-06-01,US,Colorado,Phillips,14,0,0,40.59414277,-102.3577703,8095.0,328.253223915592,0.0,14,13,0,0,13,13,4286,1,0,0,1,0
2020-06-01,US,Colorado,Pitkin,58,2,0,39.21720112,-106.9310027,8097.0,326.44790904485836,3.4482758620689653,56,58,2,0,56,58,17950,0,0,0,0,0
2020-06-01,US,Colorado,Prowers,14,0,0,37.95544985,-102.3926052,8099.0,115.01807426881369,0.0,14,14,0,0,14,13,12164,0,0,0,0,1
2020-06-01,US,Colorado,Pueblo,297,18,0,38.17359144,-104.5127437,8101.0,176.34066403837932,6.0606060606060606,279,295,17,0,278,289,167529,2,1,0,1,6
2020-06-01,US,Colorado,Rio Blanco,1,0,0,39.97913541,-108.2179009,8103.0,15.812776723592664,0.0,1,1,0,0,1,1,6336,0,0,0,0,0
2020-06-01,US,Colorado,Rio Grande,35,0,0,37.5836865,-106.3847838,8105.0,310.6416969912133,0.0,35,33,0,0,33,23,11250,2,0,0,2,10
2020-06-01,US,Colorado,Routt,62,6,0,40.48596505,-106.9905548,8107.0,241.82853576722053,9.677419354838712,56,62,6,0,56,61,25733,0,0,0,0,1
2020-06-01,US,Colorado,Saguache,89,1,0,38.08054629,-106.282466,8109.0,1304.2203985932006,1.1235955056179776,88,81,1,0,80,79,6843,8,0,0,8,2
2020-06-01,US,Colorado,San Juan,1,0,0,37.76248981,-107.67632890000002,8111.0,137.36263736263737,0.0,1,1,0,0,1,1,762,0,0,0,0,0
2020-06-01,US,Colorado,San Miguel,23,0,0,38.00450883,-108.4020725,8113.0,281.2079716346741,0.0,23,23,0,0,23,23,8191,0,0,0,0,0
2020-06-01,US,Colorado,Summit,231,2,0,39.63803232,-106.1150762,8117.0,744.8969720421786,0.8658008658008658,229,226,2,0,224,224,31007,5,0,0,5,2
2020-06-01,US,Colorado,Teller,33,2,0,38.88133511,-105.1614893,8119.0,129.9826689774697,6.0606060606060606,31,32,2,0,30,32,25083,1,0,0,1,0
2020-06-01,US,Colorado,Washington,41,0,0,39.97015535,-103.202587,8121.0,835.3708231458843,0.0,41,41,0,0,41,40,4909,0,0,0,0,1
2020-06-01,US,Colorado,Weld,2501,132,0,40.55499405,-104.3929621,8123.0,770.7431924361772,5.277888844462215,2369,2488,131,0,2357,2480,314305,13,1,0,12,8
2020-06-01,US,Colorado,Yuma,40,0,0,40.00346839,-102.4258673,8125.0,399.24144126160303,0.0,40,35,0,0,35,35,10020,5,0,0,5,0
2020-06-01,US,Connecticut,Fairfield,15709,1288,0,41.26809896,-73.3881171,9001.0,1665.267371402645,8.199121522693996,14421,15549,1277,0,14272,15502,943823,160,11,0,149,47
2020-06-01,US,Connecticut,Hartford,10448,1259,0,41.80283011,-72.73103891,9003.0,1171.668236666218,12.050153139356814,9189,10296,1250,0,9046,10207,892697,152,9,0,143,89
2020-06-01,US,Connecticut,Litchfield,1400,136,0,41.7937534,-73.2451475,9005.0,776.3415459178298,9.714285714285714,1264,1397,133,0,1264,1381,181111,3,3,0,0,16
2020-06-01,US,Connecticut,Middlesex,1143,153,0,41.45949668,-72.53714864,9007.0,703.6617498584058,13.385826771653544,990,1104,152,0,952,1104,162682,39,1,0,38,0
2020-06-01,US,Connecticut,New Haven,11479,974,0,41.408032500000004,-72.93620426,9009.0,1342.9547813004165,8.485059674187648,10505,11323,972,0,10351,11309,857620,156,2,0,154,14
2020-06-01,US,Connecticut,New London,1091,89,0,41.48896435,-72.10430976,9011.0,411.37832477394926,8.157653528872594,1002,1078,89,0,989,1076,266784,13,0,0,13,2
2020-06-01,US,Connecticut,Tolland,845,58,0,41.85853803,-72.3308481,9013.0,560.6385307953105,6.863905325443787,787,836,57,0,779,833,150921,9,1,0,8,3
2020-06-01,US,Connecticut,Unassigned,237,0,0,0.0,0.0,90009.0,0.0,0.0,237,234,0,0,234,229,,3,0,0,3,5
2020-06-01,US,Connecticut,Windham,388,13,0,41.82972709,-71.98182316,9015.0,332.242982651436,3.3505154639175267,375,384,14,0,370,381,117027,4,-1,0,5,3
2020-06-01,US,Delaware,Kent,1440,63,0,39.08646628,-75.56884914,10001.0,796.5218545683847,4.375,1377,1436,63,0,1373,1432,178550,4,0,0,4,4
2020-06-01,US,Delaware,New Castle,3838,172,0,39.57992638,-75.64054974,10003.0,686.8866923309585,4.481500781657114,3666,3758,170,0,3588,3723,559335,80,2,0,78,35
2020-06-01,US,Delaware,Sussex,4272,133,0,38.66143781,-75.39031349,10005.0,1823.887287864233,3.1132958801498125,4139,4253,133,0,4120,4215,229286,19,0,0,19,38
2020-06-01,US,Delaware,Unassigned,55,0,0,0.0,0.0,90010.0,0.0,0.0,55,51,0,0,51,52,,4,0,0,4,-1
2020-06-01,US,District of Columbia,District of Columbia,8857,468,0,38.90417773,-77.01655992,11001.0,1254.978753069434,5.28395619284182,8389,8801,466,0,8335,8717,702455,56,2,0,54,84
2020-06-01,US,Florida,Alachua,382,7,0,29.67866525,-82.35928158,12001.0,141.98473849905034,1.8324607329842928,375,380,7,0,373,379,269956,2,0,0,2,1
2020-06-01,US,Florida,Baker,29,3,0,30.33060121,-82.28467476,12003.0,99.28106812735365,10.344827586206897,26,29,3,0,26,29,28355,0,0,0,0,0
2020-06-01,US,Florida,Bay,100,3,0,30.26548745,-85.62122584,12005.0,57.23934632666495,3.0,97,98,3,0,95,97,185287,2,0,0,2,1
2020-06-01,US,Florida,Bradford,51,2,0,29.95079741,-82.16611613,12007.0,180.8446508989043,3.92156862745098,49,51,2,0,49,51,27732,0,0,0,0,0
2020-06-01,US,Florida,Brevard,424,13,0,28.29409504,-80.73091022,12009.0,70.43868013861801,3.0660377358490565,411,422,12,0,410,420,596849,2,1,0,1,2
2020-06-01,US,Florida,Broward,7196,314,0,26.15184651,-80.48725556,12011.0,368.5006693029111,4.363535297387437,6882,7123,313,0,6810,7067,1951260,73,1,0,72,56
2020-06-01,US,Florida,Calhoun,61,4,0,30.40666734,-85.19394153,12013.0,432.4707550514002,6.557377049180328,57,63,4,0,59,56,14587,-2,0,0,-2,7
2020-06-01,US,Florida,Charlotte,461,63,0,26.90131002,-81.92949121,12015.0,244.03154941506537,13.66594360086768,398,458,63,0,395,450,184998,3,0,0,3,8
2020-06-01,US,Florida,Citrus,122,12,0,28.84804315,-82.47614748,12017.0,81.51974180960462,9.836065573770492,110,121,12,0,109,121,147929,1,0,0,1,0
2020-06-01,US,Florida,Clay,383,28,0,29.98319144,-81.85609986,12019.0,174.6848375385401,7.310704960835509,355,382,28,0,354,380,216072,1,0,0,1,2
2020-06-01,US,Florida,Collier,1580,49,0,26.11091986,-81.34687065,12021.0,410.49409979683134,3.1012658227848102,1531,1539,49,0,1490,1514,378488,41,0,0,41,25
2020-06-01,US,Florida,Columbia,148,2,0,30.22509788,-82.62160164,12023.0,206.45593281812347,1.351351351351351,146,144,2,0,142,144,70503,4,0,0,4,0
2020-06-01,US,Florida,DeSoto,182,7,0,27.18677893,-81.80941373,12027.0,478.93476487460856,3.8461538461538463,175,182,7,0,175,173,37489,0,0,0,0,9
2020-06-01,US,Florida,Dixie,54,2,0,29.60631086,-83.15724673,12029.0,320.93189112088436,3.703703703703704,52,51,2,0,49,49,16700,3,0,0,3,2
2020-06-01,US,Florida,Duval,1654,51,0,30.33225875,-81.66976468,12031.0,172.6955223413086,3.083434099153567,1603,1644,50,0,1594,1608,950181,10,1,0,9,36
2020-06-01,US,Florida,Escambia,828,33,0,30.67652764,-87.37284571,12033.0,260.11887558275424,3.985507246376812,795,815,33,0,782,810,315534,13,0,0,13,5
2020-06-01,US,Florida,Flagler,189,4,0,29.45933576,-81.31508595,12035.0,164.23214952946185,2.1164021164021163,185,189,4,0,185,185,112067,0,0,0,0,4
2020-06-01,US,Florida,Franklin,2,0,0,29.83791238,-84.82731662,12037.0,16.49484536082474,0.0,2,2,0,0,2,2,11736,0,0,0,0,0
2020-06-01,US,Florida,Gadsden,276,2,0,30.57796289,-84.61915825,12039.0,604.4678055190539,0.7246376811594203,274,273,2,0,271,269,45894,3,0,0,3,4
2020-06-01,US,Florida,Gilchrist,15,0,0,29.72856978,-82.79880657,12041.0,80.72328059412334,0.0,15,12,0,0,12,13,18256,3,0,0,3,-1
2020-06-01,US,Florida,Glades,32,1,0,26.95635849,-81.18996211,12043.0,231.6993700673376,3.125,31,30,1,0,29,29,13724,2,0,0,2,1
2020-06-01,US,Florida,Gulf,1,0,0,29.93543004,-85.24270990000002,12045.0,7.331915829606276,0.0,1,1,0,0,1,1,16164,0,0,0,0,0
2020-06-01,US,Florida,Hamilton,239,0,0,30.49673973,-82.94998918,12047.0,1656.5012475741614,0.0,239,233,0,0,233,230,14310,6,0,0,6,3
2020-06-01,US,Florida,Hardee,101,0,0,27.49293939,-81.80956574,12049.0,374.94895496900176,0.0,101,99,0,0,99,93,27245,2,0,0,2,6
2020-06-01,US,Florida,Hendry,431,15,0,26.55386945,-81.16469006,12051.0,1025.653229260863,3.480278422273782,416,415,14,0,401,405,41556,16,1,0,15,10
2020-06-01,US,Florida,Hernando,115,5,0,28.55364461,-82.42700204,12053.0,59.30280528052806,4.3478260869565215,110,115,5,0,110,113,190865,0,0,0,0,2
2020-06-01,US,Florida,Highlands,130,9,0,27.34254618,-81.34071957,12055.0,122.38634544958151,6.9230769230769225,121,129,9,0,120,127,105424,1,0,0,1,2
2020-06-01,US,Florida,Hillsborough,2251,81,0,27.9276559,-82.32013172,12057.0,152.924520098263,3.5984007107952016,2170,2201,81,0,2120,2129,1436888,50,0,0,50,72
2020-06-01,US,Florida,Holmes,19,0,0,30.86747479,-85.81319222,12059.0,96.85476882295968,0.0,19,19,0,0,19,19,19477,0,0,0,0,0
2020-06-01,US,Florida,Indian River,133,10,0,27.69308961,-80.60556721,12061.0,83.16502316739931,7.518796992481202,123,130,10,0,120,126,157413,3,0,0,3,4
2020-06-01,US,Florida,Jackson,256,1,0,30.795459700000002,-85.21500423,12063.0,551.5577196535528,0.390625,255,251,1,0,250,249,48305,5,0,0,5,2
2020-06-01,US,Florida,Jefferson,29,3,0,30.43669112,-83.89442308,12065.0,203.56591323880392,10.344827586206897,26,29,3,0,26,29,14288,0,0,0,0,0
2020-06-01,US,Florida,Lafayette,8,0,0,29.98484137,-83.18166636,12067.0,94.9893137022085,0.0,8,8,0,0,8,8,8732,0,0,0,0,0
2020-06-01,US,Florida,Lake,304,15,0,28.76202069,-81.7125123,12069.0,82.80716281958391,4.934210526315789,289,301,15,0,286,298,356495,3,0,0,3,3
2020-06-01,US,Florida,Lee,1943,105,0,26.58410348,-81.88399313,12071.0,252.14871453469283,5.404014410705094,1838,1908,105,0,1803,1894,754610,35,0,0,35,14
2020-06-01,US,Florida,Leon,405,7,0,30.45955727,-84.27491114,12073.0,137.9512367924464,1.728395061728395,398,404,7,0,397,406,292502,1,0,0,1,-2
2020-06-01,US,Florida,Levy,34,1,0,29.31829741,-82.74007147,12075.0,81.92178878635279,2.9411764705882355,33,32,1,0,31,31,40770,2,0,0,2,1
2020-06-01,US,Florida,Liberty,213,0,0,30.23766008,-84.8829258,12077.0,2549.6768015322,0.0,213,213,0,0,213,213,8457,0,0,0,0,0
2020-06-01,US,Florida,Madison,69,4,0,30.44396917,-83.47398594,12079.0,373.1141513004921,5.797101449275362,65,69,4,0,65,69,18529,0,0,0,0,0
2020-06-01,US,Florida,Manatee,1057,97,0,27.47196942,-82.31831044,12081.0,262.1183227403144,9.176915799432356,960,1045,97,0,948,1037,394855,12,0,0,12,8
2020-06-01,US,Florida,Marion,250,7,0,29.21227113,-82.05803627,12083.0,68.38467198608235,2.8,243,248,7,0,241,244,359977,2,0,0,2,4
2020-06-01,US,Florida,Martin,652,9,0,27.0772071,-80.43109784,12085.0,404.9689440993789,1.3803680981595092,643,651,9,0,642,626,160912,1,0,0,1,25
2020-06-01,US,Florida,Miami-Dade,18139,702,0,25.6112362,-80.55170587,12086.0,667.6260793392566,3.870114118749656,17437,18000,700,0,17300,17826,2761581,139,2,0,137,174
2020-06-01,US,Florida,Monroe,109,4,0,25.20904673,-81.07812416,12087.0,146.8448563884249,3.669724770642202,105,108,4,0,104,108,75027,1,0,0,1,0
2020-06-01,US,Florida,Nassau,76,1,0,30.61037141,-81.80297522,12089.0,85.75458392101552,1.3157894736842106,75,76,1,0,75,75,85832,0,0,0,0,1
2020-06-01,US,Florida,Okaloosa,232,6,0,30.69143028,-86.59267105,12091.0,110.08930520361777,2.586206896551724,226,223,6,0,217,212,207269,9,0,0,9,11
2020-06-01,US,Florida,Okeechobee,84,0,0,27.386336199999995,-80.88944347,12093.0,199.20318725099602,0.0,84,83,0,0,83,76,41537,1,0,0,1,7
2020-06-01,US,Florida,Orange,2031,41,0,28.51367621,-81.31799498,12095.0,145.75313681418518,2.0187099950763168,1990,2002,41,0,1961,1976,1380645,29,0,0,29,26
2020-06-01,US,Florida,Osceola,703,19,0,28.06312234,-81.14882926,12097.0,187.09198378713563,2.702702702702702,684,701,19,0,682,698,367990,2,0,0,2,3
2020-06-01,US,Florida,Palm Beach,6135,337,0,26.64676272,-80.46536002,12099.0,409.8826138952545,5.493072534637327,5798,5996,337,0,5659,5898,1485941,139,0,0,139,98
2020-06-01,US,Florida,Pasco,388,13,0,28.30810945,-82.40227529,12101.0,70.04280192870436,3.3505154639175267,375,386,13,0,373,381,539630,2,0,0,2,5
2020-06-01,US,Florida,Pinellas,1313,83,0,27.93130349,-82.72239666,12103.0,134.66721914756573,6.3214013709063215,1230,1297,82,0,1215,1262,975280,16,1,0,15,35
2020-06-01,US,Florida,Polk,1038,57,0,27.95027105,-81.69732947,12105.0,143.21646520240014,5.491329479768787,981,1027,55,0,972,1005,708009,11,2,0,9,22
2020-06-01,US,Florida,Putnam,153,6,0,29.60779729,-81.74230285,12107.0,205.31125454569846,3.92156862745098,147,152,6,0,146,150,74163,1,0,0,1,2
2020-06-01,US,Florida,Santa Rosa,247,9,0,30.69341450000001,-87.02458128,12113.0,134.0111657886313,3.643724696356276,238,245,9,0,236,242,179349,2,0,0,2,3
2020-06-01,US,Florida,Sarasota,639,77,0,27.18546175,-82.33174248,12115.0,147.32260191542437,12.050078247261348,562,635,77,0,558,629,426718,4,0,0,4,6
2020-06-01,US,Florida,Seminole,491,12,0,28.7158582,-81.24060348,12117.0,104.06378622627831,2.4439918533604894,479,490,12,0,478,484,467832,1,0,0,1,6
2020-06-01,US,Florida,St. Johns,260,6,0,29.90096506,-81.43589967,12109.0,98.23479627614556,2.3076923076923075,254,260,6,0,254,256,254261,0,0,0,0,4
2020-06-01,US,Florida,St. Lucie,473,30,0,27.37763908,-80.47106649,12111.0,144.07685723597842,6.342494714587738,443,471,30,0,441,463,321128,2,0,0,2,8
2020-06-01,US,Florida,Sumter,253,17,0,28.70181754,-82.0794267,12119.0,191.058752454312,6.7193675889328075,236,253,17,0,236,253,128754,0,0,0,0,0
2020-06-01,US,Florida,Suwannee,168,18,0,30.19746066,-82.99099670000003,12121.0,378.23355922282013,10.714285714285714,150,167,18,0,149,167,44191,1,0,0,1,0
2020-06-01,US,Florida,Taylor,22,0,0,30.04848048,-83.60445406,12123.0,101.99823821224906,0.0,22,22,0,0,22,20,21623,0,0,0,0,2
2020-06-01,US,Florida,Unassigned,84,0,0,0.0,0.0,90012.0,0.0,0.0,84,84,0,0,84,84,,0,0,0,0,0
2020-06-01,US,Florida,Union,32,1,0,30.04412971,-82.37497443,12125.0,210.0150948349413,3.125,31,32,1,0,31,31,14940,0,0,0,0,1
2020-06-01,US,Florida,Volusia,741,38,0,29.05858895,-81.18263252,12127.0,133.92760318389833,5.128205128205129,703,736,38,0,698,730,547538,5,0,0,5,6
2020-06-01,US,Florida,Wakulla,35,1,0,30.16548905,-84.39895211,12129.0,103.7375144491538,2.8571428571428568,34,34,1,0,33,34,32461,1,0,0,1,0
2020-06-01,US,Florida,Walton,117,9,0,30.64204028,-86.16935664,12131.0,157.9565551970407,7.6923076923076925,108,117,9,0,108,114,71375,0,0,0,0,3
2020-06-01,US,Florida,Washington,58,4,0,30.61359259,-85.66002461,12133.0,227.69206610921367,6.896551724137932,54,57,4,0,53,57,24880,1,0,0,1,0
2020-06-01,US,Georgia,Appling,161,13,0,31.74847232,-82.28909114,13001.0,875.666267812466,8.074534161490684,148,159,13,0,146,156,18507,2,0,0,2,3
2020-06-01,US,Georgia,Atkinson,51,2,0,31.29633502,-82.87545866,13003.0,624.6172688303735,3.92156862745098,49,48,2,0,46,47,8297,3,0,0,3,1
2020-06-01,US,Georgia,Bacon,129,3,0,31.55456473,-82.45936528,13005.0,1155.4998208527409,2.3255813953488373,126,122,3,0,119,108,11185,7,0,0,7,14
2020-06-01,US,Georgia,Baker,35,3,0,31.32669878,-84.44218806,13007.0,1152.073732718894,8.571428571428571,32,34,2,0,32,34,3092,1,1,0,0,0
2020-06-01,US,Georgia,Baldwin,349,26,0,33.06882326,-83.24701748,13009.0,777.4560035642681,7.4498567335243555,323,345,26,0,319,343,44823,4,0,0,4,2
2020-06-01,US,Georgia,Banks,92,1,0,34.35607081,-83.49644388,13011.0,478.3196423000936,1.0869565217391304,91,88,1,0,87,88,18988,4,0,0,4,0
2020-06-01,US,Georgia,Barrow,333,17,0,33.99148694,-83.71436292,13013.0,400.0480538202787,5.105105105105106,316,326,14,0,312,326,80809,7,3,0,4,0
2020-06-01,US,Georgia,Bartow,481,39,0,34.23732119,-84.83887523,13015.0,446.4534333290018,8.108108108108109,442,478,39,0,439,478,106408,3,0,0,3,0
2020-06-01,US,Georgia,Ben Hill,76,1,0,31.76095874,-83.22145359,13017.0,455.08982035928136,1.3157894736842106,75,74,1,0,73,74,16787,2,0,0,2,0
2020-06-01,US,Georgia,Berrien,49,0,0,31.27590016,-83.22529920000002,13019.0,252.61638397690362,0.0,49,46,0,0,46,46,19252,3,0,0,3,0
2020-06-01,US,Georgia,Bibb,467,28,0,32.80904227,-83.70489165,13021.0,304.9118889520041,5.995717344753747,439,453,28,0,425,454,153095,14,0,0,14,-1
2020-06-01,US,Georgia,Bleckley,45,0,0,32.43829035,-83.33035166,13023.0,349.56886506641814,0.0,45,45,0,0,45,45,12838,0,0,0,0,0
2020-06-01,US,Georgia,Brantley,57,2,0,31.19576557,-81.97743999,13025.0,298.2887644565388,3.5087719298245608,55,56,2,0,54,56,18897,1,0,0,1,0
2020-06-01,US,Georgia,Brooks,69,8,0,30.83922642,-83.58303423,13027.0,446.39968946108564,11.594202898550725,61,68,8,0,60,68,15513,1,0,0,1,0
2020-06-01,US,Georgia,Bryan,75,5,0,32.00979311,-81.44002948,13029.0,189.26489514724807,6.666666666666668,70,74,5,0,69,74,38109,1,0,0,1,0
2020-06-01,US,Georgia,Bulloch,65,2,0,32.39577406,-81.74811421,13031.0,81.65008541855092,3.0769230769230766,63,60,2,0,58,60,77296,5,0,0,5,0
2020-06-01,US,Georgia,Burke,122,6,0,33.05917989,-81.99928721,13033.0,545.0565161059733,4.918032786885246,116,121,5,0,116,121,22423,1,1,0,0,0
2020-06-01,US,Georgia,Butts,228,24,0,33.283094500000004,-83.95435040000002,13035.0,914.3407122232916,10.526315789473683,204,228,24,0,204,229,24193,0,0,0,0,-1
2020-06-01,US,Georgia,Calhoun,132,6,0,31.53169785,-84.62725131,13037.0,2132.8162869607368,4.545454545454546,126,132,6,0,126,132,6352,0,0,0,0,0
2020-06-01,US,Georgia,Camden,63,1,0,30.92951916,-81.66601818,13039.0,115.24530786960815,1.5873015873015872,62,62,1,0,61,61,53677,1,0,0,1,1
2020-06-01,US,Georgia,Candler,13,0,0,32.40209349,-82.07702563,13043.0,120.33694344163658,0.0,13,13,0,0,13,13,10836,0,0,0,0,0
2020-06-01,US,Georgia,Carroll,526,24,0,33.58138199,-85.07976677,13045.0,438.3625575038336,4.56273764258555,502,525,24,0,501,518,118121,1,0,0,1,7
2020-06-01,US,Georgia,Catoosa,140,0,0,34.89872298,-85.13757014,13047.0,207.16188221367267,0.0,140,133,0,0,133,133,67420,7,0,0,7,0
2020-06-01,US,Georgia,Charlton,33,1,0,30.78371028,-82.13951596,13049.0,246.415770609319,3.0303030303030303,32,32,1,0,31,32,12968,1,0,0,1,0
2020-06-01,US,Georgia,Chatham,516,25,0,32.00043026,-81.12489526,13051.0,178.28144974605254,4.844961240310077,491,501,24,0,477,501,289195,15,1,0,14,0
2020-06-01,US,Georgia,Chattahoochee,114,0,0,32.34341231,-84.78809239,13053.0,1045.200330063262,0.0,114,54,0,0,54,43,10684,60,0,0,60,11
2020-06-01,US,Georgia,Chattooga,24,2,0,34.47197698,-85.34535662,13055.0,96.81713663318408,8.333333333333334,22,24,2,0,22,24,24790,0,0,0,0,0
2020-06-01,US,Georgia,Cherokee,910,33,0,34.24393976,-84.47431861,13057.0,351.6595626282495,3.6263736263736255,877,909,33,0,876,890,254149,1,0,0,1,19
2020-06-01,US,Georgia,Clarke,293,13,0,33.95436462,-83.37124007,13059.0,228.3158395087703,4.436860068259387,280,283,13,0,270,283,127330,10,0,0,10,0
2020-06-01,US,Georgia,Clay,39,2,0,31.62221166,-84.97713865,13061.0,1376.1467889908256,5.128205128205129,37,39,2,0,37,39,2887,0,0,0,0,0
2020-06-01,US,Georgia,Clayton,1234,50,0,33.54187245,-84.35594188,13063.0,422.2325632322348,4.051863857374392,1184,1221,49,0,1172,1216,289615,13,1,0,12,5
2020-06-01,US,Georgia,Clinch,59,2,0,30.91395822,-82.70432472,13065.0,891.5080084617709,3.3898305084745757,57,59,2,0,57,59,6648,0,0,0,0,0
2020-06-01,US,Georgia,Cobb,3052,183,0,33.94243204,-84.5761255,13067.0,401.50445772560613,5.996068152031455,2869,3027,175,0,2852,3009,756865,25,8,0,17,18
2020-06-01,US,Georgia,Coffee,277,15,0,31.54892966,-82.85492059999999,13069.0,640.122016037714,5.415162454873647,262,271,15,0,256,268,43093,6,0,0,6,3
2020-06-01,US,Georgia,Colquitt,479,15,0,31.18810588,-83.7677946,13071.0,1050.438596491228,3.1315240083507305,464,467,15,0,452,465,45592,12,0,0,12,2
2020-06-01,US,Georgia,Columbia,251,8,0,33.54534185,-82.263524,13073.0,160.16437586941817,3.187250996015936,243,248,7,0,241,248,154291,3,1,0,2,0
2020-06-01,US,Georgia,Cook,47,2,0,31.16068491,-83.42947229,13075.0,272.1482339316734,4.25531914893617,45,48,2,0,46,48,17162,-1,0,0,-1,0
2020-06-01,US,Georgia,Coweta,421,9,0,33.35334302,-84.76129976,13077.0,283.4845026227367,2.1377672209026133,412,417,9,0,408,415,145864,4,0,0,4,2
2020-06-01,US,Georgia,Crawford,28,0,0,32.71391813,-83.98061238,13079.0,225.73363431151242,0.0,28,28,0,0,28,28,12318,0,0,0,0,0
2020-06-01,US,Georgia,Crisp,236,7,0,31.92289565,-83.76811843,13081.0,1054.8900411228321,2.9661016949152543,229,232,7,0,225,232,22601,4,0,0,4,0
2020-06-01,US,Georgia,Dade,36,1,0,34.854916700000004,-85.50490424,13083.0,223.3804914370812,2.7777777777777777,35,28,1,0,27,28,16226,8,0,0,8,0
2020-06-01,US,Georgia,Dawson,109,1,0,34.44244079,-84.16964071,13085.0,417.49655278075693,0.9174311926605504,108,109,1,0,108,109,25083,0,0,0,0,0
2020-06-01,US,Georgia,DeKalb,3795,121,0,33.76944049,-84.22396017,13089.0,499.8044243556869,3.188405797101449,3674,3734,120,0,3614,3731,756558,61,1,0,60,3
2020-06-01,US,Georgia,Decatur,194,5,0,30.87967778,-84.57619536,13087.0,734.7371610362068,2.5773195876288657,189,186,5,0,181,186,26575,8,0,0,8,0
2020-06-01,US,Georgia,Dodge,52,2,0,32.17265114,-83.16948926,13091.0,252.36593059936908,3.8461538461538463,50,51,2,0,49,51,20705,1,0,0,1,0
2020-06-01,US,Georgia,Dooly,182,12,0,32.15630737,-83.79746561,13093.0,1359.223300970874,6.593406593406592,170,179,12,0,167,179,13706,3,0,0,3,0
2020-06-01,US,Georgia,Dougherty,1780,149,0,31.53328528,-84.21722377,13095.0,2023.739142298422,8.370786516853933,1631,1770,148,0,1622,1770,91243,10,1,0,9,0
2020-06-01,US,Georgia,Douglas,546,25,0,33.70291126,-84.77026156,13097.0,373.0960824911338,4.5787545787545785,521,543,25,0,518,539,145331,3,0,0,3,4
2020-06-01,US,Georgia,Early,241,31,0,31.32155345,-84.90255207,13099.0,2365.063788027478,12.863070539419088,210,238,31,0,207,238,10247,3,0,0,3,0
2020-06-01,US,Georgia,Echols,119,0,0,30.71101099,-82.89687287,13101.0,2970.544183724413,0.0,119,117,0,0,117,110,4000,2,0,0,2,7
2020-06-01,US,Georgia,Effingham,74,1,0,32.36616021,-81.34280942,13103.0,115.09269627970636,1.351351351351351,73,74,1,0,73,73,62190,0,0,0,0,1
2020-06-01,US,Georgia,Elbert,75,0,0,34.11302332,-82.83936148,13105.0,390.7471084713973,0.0,75,75,0,0,75,75,19120,0,0,0,0,0
2020-06-01,US,Georgia,Emanuel,28,2,0,32.59221302,-82.30239915,13107.0,123.64214430804556,7.142857142857142,26,27,2,0,25,27,22612,1,0,0,1,0
2020-06-01,US,Georgia,Evans,5,0,0,32.15328841,-81.8870105,13109.0,46.93073024216257,0.0,5,5,0,0,5,5,10721,0,0,0,0,0
2020-06-01,US,Georgia,Fannin,46,1,0,34.86430205,-84.316964,13111.0,175.6529708263327,2.1739130434782608,45,44,1,0,43,43,25964,2,0,0,2,1
2020-06-01,US,Georgia,Fayette,235,13,0,33.41357794,-84.49089434,13113.0,205.3818792004964,5.531914893617022,222,235,13,0,222,235,113459,0,0,0,0,0
2020-06-01,US,Georgia,Floyd,268,15,0,34.26268279,-85.21577392,13115.0,272.086742878028,5.597014925373133,253,265,15,0,250,263,97927,3,0,0,3,2
2020-06-01,US,Georgia,Forsyth,523,12,0,34.22604035,-84.12315129999998,13117.0,214.1231187462129,2.294455066921606,511,512,12,0,500,512,236612,11,0,0,11,0
2020-06-01,US,Georgia,Franklin,102,1,0,34.37525597,-83.23159927,13119.0,436.8495438776822,0.9803921568627452,101,46,1,0,45,46,23023,56,0,0,56,0
2020-06-01,US,Georgia,Fulton,4621,241,0,33.79216944,-84.46319413,13121.0,434.33022819960206,5.215321359013201,4380,4524,235,0,4289,4507,1050114,97,6,0,91,17
2020-06-01,US,Georgia,Gilmer,155,0,0,34.69316688,-84.45802506,13123.0,494.11839714367693,0.0,155,153,0,0,153,149,30816,2,0,0,2,4
2020-06-01,US,Georgia,Glascock,1,0,0,33.22879932,-82.61297636,13125.0,33.65870077415012,0.0,1,1,0,0,1,1,2995,0,0,0,0,0
2020-06-01,US,Georgia,Glynn,122,2,0,31.23279254,-81.53811412,13127.0,143.03803404774192,1.639344262295082,120,115,1,0,114,115,85219,7,1,0,6,0
2020-06-01,US,Georgia,Gordon,164,16,0,34.50487351,-84.87296253,13129.0,282.939116332833,9.75609756097561,148,163,16,0,147,160,57685,1,0,0,1,3
2020-06-01,US,Georgia,Grady,111,4,0,30.87454847,-84.23418364,13131.0,450.6150286201437,3.603603603603604,107,110,4,0,106,94,24748,1,0,0,1,16
2020-06-01,US,Georgia,Greene,68,7,0,33.5769205,-83.17139104,13133.0,371.09801353416293,10.294117647058824,61,68,7,0,61,68,17698,0,0,0,0,0
2020-06-01,US,Georgia,Gwinnett,3870,132,0,33.96044201,-84.02137802,13135.0,413.351134846462,3.4108527131782944,3738,3780,128,0,3652,3769,927781,90,4,0,86,11
2020-06-01,US,Georgia,Habersham,530,23,0,34.63331566,-83.53094677,13137.0,1169.2552064948818,4.339622641509433,507,520,23,0,497,520,45388,10,0,0,10,0
2020-06-01,US,Georgia,Hall,2507,49,0,34.32207823,-83.81896936,13139.0,1226.270659994815,1.954527323494216,2458,2467,47,0,2420,2467,202148,40,2,0,38,0
2020-06-01,US,Georgia,Hancock,197,25,0,33.2721566,-82.99766919,13141.0,2329.4312403925737,12.690355329949238,172,195,24,0,171,194,8348,2,1,0,1,1
2020-06-01,US,Georgia,Haralson,45,3,0,33.79602175,-85.21005667,13143.0,151.04726100966698,6.666666666666668,42,43,3,0,40,43,29533,2,0,0,2,0
2020-06-01,US,Georgia,Harris,101,6,0,32.73709786,-84.90538572,13145.0,286.6386650017028,5.9405940594059405,95,91,5,0,86,91,34475,10,1,0,9,0
2020-06-01,US,Georgia,Hart,33,0,0,34.34626973,-82.96567682,13147.0,125.93016599885516,0.0,33,30,0,0,30,30,26099,3,0,0,3,0
2020-06-01,US,Georgia,Heard,34,2,0,33.29686567,-85.12886832,13149.0,285.16313008471025,5.882352941176472,32,34,2,0,32,33,11879,0,0,0,0,1
2020-06-01,US,Georgia,Henry,693,23,0,33.4533428,-84.14814659999998,13151.0,295.4455344238812,3.3189033189033186,670,690,23,0,667,688,230220,3,0,0,3,2
2020-06-01,US,Georgia,Houston,375,17,0,32.45802497,-83.66879087,13153.0,237.5477470971665,4.533333333333333,358,366,17,0,349,365,155469,9,0,0,9,1
2020-06-01,US,Georgia,Irwin,30,1,0,31.60213036,-83.27501387,13155.0,318.606627017842,3.333333333333333,29,28,1,0,27,28,9398,2,0,0,2,0
2020-06-01,US,Georgia,Jackson,195,6,0,34.13794553,-83.56814788,13157.0,267.2074763281582,3.0769230769230766,189,184,5,0,179,184,70422,11,1,0,10,0
2020-06-01,US,Georgia,Jasper,40,1,0,33.31535543,-83.68844964,13159.0,281.3137351431184,2.5,39,36,1,0,35,36,14040,4,0,0,4,0
2020-06-01,US,Georgia,Jeff Davis,37,1,0,31.80405727,-82.63724870000001,13161.0,244.78994376447238,2.702702702702702,36,37,1,0,36,38,15029,0,0,0,0,-1
2020-06-01,US,Georgia,Jefferson,43,1,0,33.05867328,-82.41609057,13163.0,279.9114698606952,2.3255813953488373,42,43,1,0,42,41,15430,0,0,0,0,2
2020-06-01,US,Georgia,Jenkins,20,1,0,32.79248718,-81.96040187,13165.0,230.52097740894425,5.0,19,19,1,0,18,19,8683,1,0,0,1,0
2020-06-01,US,Georgia,Johnson,83,2,0,32.70211082,-82.66166794,13167.0,860.7279892149746,2.409638554216868,81,82,2,0,80,82,9708,1,0,0,1,0
2020-06-01,US,Georgia,Jones,40,0,0,33.02512137,-83.56019163,13169.0,139.20306246737428,0.0,40,37,0,0,37,37,28616,3,0,0,3,0
2020-06-01,US,Georgia,Lamar,71,2,0,33.07841647,-84.14263877,13171.0,372.1759186454893,2.8169014084507036,69,67,2,0,65,67,19000,4,0,0,4,0
2020-06-01,US,Georgia,Lanier,25,2,0,31.03828570000001,-83.06472457,13173.0,239.8541686654514,8.0,23,21,2,0,19,21,10340,4,0,0,4,0
2020-06-01,US,Georgia,Laurens,108,1,0,32.46325233,-82.92221316,13175.0,227.14844571572792,0.925925925925926,107,106,1,0,105,105,47325,2,0,0,2,1
2020-06-01,US,Georgia,Lee,361,22,0,31.779330600000005,-84.14324253,13177.0,1203.6543078154175,6.094182825484765,339,361,22,0,339,361,29764,0,0,0,0,0
2020-06-01,US,Georgia,Liberty,82,0,0,31.82588896,-81.49251135,13179.0,133.47440384145844,0.0,82,82,0,0,82,82,61497,0,0,0,0,0
2020-06-01,US,Georgia,Lincoln,16,0,0,33.79201475,-82.45024131,13181.0,201.99469763918697,0.0,16,16,0,0,16,16,7915,0,0,0,0,0
2020-06-01,US,Georgia,Long,16,1,0,31.75218791,-81.74952375,13183.0,81.8037731990388,6.25,15,16,1,0,15,16,18998,0,0,0,0,0
2020-06-01,US,Georgia,Lowndes,316,4,0,30.83568832,-83.27056716,13185.0,269.1514914058907,1.2658227848101269,312,302,4,0,298,301,116321,14,0,0,14,1
2020-06-01,US,Georgia,Lumpkin,99,1,0,34.57286511,-84.00425681,13187.0,294.55519190717047,1.0101010101010102,98,99,1,0,98,99,32955,0,0,0,0,0
2020-06-01,US,Georgia,Macon,102,6,0,32.35207048,-84.04234127,13193.0,787.8272958986638,5.882352941176472,96,101,6,0,95,101,13143,1,0,0,1,0
2020-06-01,US,Georgia,Madison,55,1,0,34.12920917,-83.21218732,13195.0,184.06961178045518,1.818181818181818,54,54,1,0,53,54,29650,1,0,0,1,0
2020-06-01,US,Georgia,Marion,57,2,0,32.3483402,-84.52733571,13197.0,681.8997487737768,3.5087719298245608,55,57,2,0,55,57,8351,0,0,0,0,0
2020-06-01,US,Georgia,McDuffie,67,5,0,33.47851918,-82.48252774,13189.0,314.37687687687685,7.462686567164179,62,67,5,0,62,67,21531,0,0,0,0,0
2020-06-01,US,Georgia,McIntosh,16,1,0,31.49683595,-81.40163426,13191.0,111.28112393935179,6.25,15,16,1,0,15,16,14340,0,0,0,0,0
2020-06-01,US,Georgia,Meriwether,86,2,0,33.04163534,-84.68859732,13199.0,406.29281428638916,2.3255813953488373,84,85,2,0,83,85,21068,1,0,0,1,0
2020-06-01,US,Georgia,Miller,42,0,0,31.16568912,-84.73151117,13201.0,734.5225603357817,0.0,42,41,0,0,41,41,5686,1,0,0,1,0
2020-06-01,US,Georgia,Mitchell,413,32,0,31.22483255,-84.19381821,13205.0,1889.0362713259844,7.74818401937046,381,409,32,0,377,408,22192,4,0,0,4,1
2020-06-01,US,Georgia,Monroe,121,11,0,33.014289,-83.92097166,13207.0,438.75552977010665,9.090909090909092,110,120,11,0,109,120,27520,1,0,0,1,0
2020-06-01,US,Georgia,Montgomery,10,0,0,32.17201038,-82.53527476,13209.0,109.02747492368076,0.0,10,9,0,0,9,9,9193,1,0,0,1,0
2020-06-01,US,Georgia,Morgan,38,0,0,33.59232073,-83.49129491,13211.0,197.136335339282,0.0,38,37,0,0,37,37,18853,1,0,0,1,0
2020-06-01,US,Georgia,Murray,94,1,0,34.78897608,-84.74993177,13213.0,234.4373503591381,1.0638297872340423,93,91,1,0,90,90,39921,3,0,0,3,1
2020-06-01,US,Georgia,Muscogee,632,18,0,32.50931999,-84.87142262,13215.0,322.82945716635425,2.848101265822785,614,615,17,0,598,604,194160,17,1,0,16,11
2020-06-01,US,Georgia,Newton,361,11,0,33.55514538,-83.84547140000002,13217.0,323.05985108820164,3.0470914127423825,350,352,11,0,341,352,109541,9,0,0,9,0
2020-06-01,US,Georgia,Oconee,116,7,0,33.83749973,-83.43679568,13219.0,287.98411122144984,6.0344827586206895,109,116,6,0,110,116,39272,0,1,0,-1,0
2020-06-01,US,Georgia,Oglethorpe,62,7,0,33.878629600000004,-83.08278123,13221.0,406.31758306573164,11.290322580645164,55,61,7,0,54,61,15054,1,0,0,1,0
2020-06-01,US,Georgia,Out of GA,2142,34,0,0.0,0.0,80013.0,0.0,1.5873015873015872,2108,2012,34,0,1978,1995,,130,0,0,130,17
2020-06-01,US,Georgia,Paulding,328,11,0,33.91969522,-84.86848792,13223.0,194.46601884186,3.3536585365853657,317,328,11,0,317,326,164044,0,0,0,0,2
2020-06-01,US,Georgia,Peach,73,4,0,32.56934316,-83.82937,13225.0,265.011253902563,5.479452054794519,69,72,4,0,68,72,27297,1,0,0,1,0
2020-06-01,US,Georgia,Pickens,48,3,0,34.46589159,-84.46406611,13227.0,147.2799239053726,6.25,45,48,3,0,45,47,31980,0,0,0,0,1
2020-06-01,US,Georgia,Pierce,99,3,0,31.35928155,-82.21598442,13229.0,508.605188800411,3.0303030303030303,96,100,3,0,97,99,19389,-1,0,0,-1,1
2020-06-01,US,Georgia,Pike,54,3,0,33.09310242,-84.38790389,13231.0,284.78008648876704,5.5555555555555545,51,54,2,0,52,54,18634,0,1,0,-1,0
2020-06-01,US,Georgia,Polk,124,1,0,34.00267074,-85.18677781,13233.0,290.9910121324478,0.8064516129032258,123,118,1,0,117,118,42470,6,0,0,6,0
2020-06-01,US,Georgia,Pulaski,42,2,0,32.23334561,-83.47549959999998,13235.0,377.1213073538655,4.761904761904762,40,42,2,0,40,42,11069,0,0,0,0,0
2020-06-01,US,Georgia,Putnam,93,9,0,33.32056115,-83.37552891,13237.0,420.45300420453003,9.677419354838712,84,90,9,0,81,90,21809,3,0,0,3,0
2020-06-01,US,Georgia,Quitman,12,1,0,31.86728114,-85.01773177,13239.0,521.9660722053067,8.333333333333334,11,12,1,0,11,12,2279,0,0,0,0,0
2020-06-01,US,Georgia,Rabun,24,1,0,34.88389445,-83.40304637,13241.0,140.04784968197467,4.166666666666667,23,20,1,0,19,20,16867,4,0,0,4,0
2020-06-01,US,Georgia,Randolph,179,19,0,31.76622818,-84.75732369,13243.0,2640.897019769844,10.614525139664805,160,179,19,0,160,179,6833,0,0,0,0,0
2020-06-01,US,Georgia,Richmond,599,25,0,33.35777107,-82.07026432,13245.0,295.7761779199873,4.173622704507513,574,595,22,0,573,595,201554,4,3,0,1,0
2020-06-01,US,Georgia,Rockdale,285,8,0,33.65145002,-84.02202167,13247.0,313.54515050167225,2.8070175438596485,277,285,8,0,277,285,90594,0,0,0,0,0
2020-06-01,US,Georgia,Schley,17,1,0,32.2654021,-84.31258912,13249.0,323.378352672627,5.882352941176472,16,16,1,0,15,16,5236,1,0,0,1,0
2020-06-01,US,Georgia,Screven,55,3,0,32.74976524,-81.60779441,13251.0,393.8135471860232,5.454545454545454,52,51,3,0,48,51,13938,4,0,0,4,0
2020-06-01,US,Georgia,Seminole,46,2,0,30.93464824,-84.86823924,13253.0,568.6032138442522,4.3478260869565215,44,44,2,0,42,44,8315,2,0,0,2,0
2020-06-01,US,Georgia,Spalding,277,22,0,33.26310031,-84.28013991,13255.0,415.2736758466636,7.9422382671480145,255,275,22,0,253,275,66100,2,0,0,2,0
2020-06-01,US,Georgia,Stephens,147,2,0,34.55151201,-83.29405315,13257.0,567.0202507232401,1.3605442176870748,145,139,2,0,137,138,26035,8,0,0,8,1
2020-06-01,US,Georgia,Stewart,52,1,0,32.07996777,-84.83208037,13259.0,785.3798519861048,1.9230769230769231,51,52,1,0,51,52,6199,0,0,0,0,0
2020-06-01,US,Georgia,Sumter,487,44,0,32.03650571,-84.19821492,13261.0,1649.5054870613735,9.034907597535934,443,475,44,0,431,475,29733,12,0,0,12,0
2020-06-01,US,Georgia,Talbot,39,2,0,32.69642758,-84.53351366,13263.0,629.5399515738499,5.128205128205129,37,38,1,0,37,38,6272,1,1,0,0,0
2020-06-01,US,Georgia,Taliaferro,1,0,0,33.56543317,-82.88136816,13265.0,65.06180871828235,0.0,1,1,0,0,1,1,1608,0,0,0,0,0
2020-06-01,US,Georgia,Tattnall,27,0,0,32.04785085,-82.05539188,13267.0,106.77845448074034,0.0,27,27,0,0,27,23,25391,0,0,0,0,4
2020-06-01,US,Georgia,Taylor,22,2,0,32.55792548,-84.25077141,13269.0,274.3142144638404,9.090909090909092,20,22,2,0,20,22,8039,0,0,0,0,0
2020-06-01,US,Georgia,Telfair,37,1,0,31.92829517,-82.93491155,13271.0,233.2912988650694,2.702702702702702,36,37,1,0,36,37,15876,0,0,0,0,0
2020-06-01,US,Georgia,Terrell,213,26,0,31.77527543,-84.44069698,13273.0,2496.7764623139137,12.206572769953054,187,213,26,0,187,213,8611,0,0,0,0,0
2020-06-01,US,Georgia,Thomas,329,32,0,30.86392347,-83.91847289,13275.0,740.1408292276889,9.726443768996962,297,324,32,0,292,324,44448,5,0,0,5,0
2020-06-01,US,Georgia,Tift,266,17,0,31.45743864,-83.5236119,13277.0,654.4631433913985,6.390977443609022,249,256,17,0,239,256,40571,10,0,0,10,0
2020-06-01,US,Georgia,Toombs,56,4,0,32.12059861,-82.32957247,13279.0,208.7215803205367,7.142857142857142,52,56,4,0,52,56,26887,0,0,0,0,0
2020-06-01,US,Georgia,Towns,24,1,0,34.91369188,-83.74107459999998,13281.0,199.3852288776273,4.166666666666667,23,24,1,0,23,24,11852,0,0,0,0,0
2020-06-01,US,Georgia,Treutlen,10,0,0,32.40422134,-82.56904553,13283.0,144.90653528474138,0.0,10,10,0,0,10,9,6809,0,0,0,0,1
2020-06-01,US,Georgia,Troup,318,11,0,33.03349196,-85.02812115,13285.0,454.7924830525442,3.459119496855346,307,313,11,0,302,307,70034,5,0,0,5,6
2020-06-01,US,Georgia,Turner,125,13,0,31.71612656,-83.62069378,13287.0,1565.4351909830932,10.4,112,118,13,0,105,118,7912,7,0,0,7,0
2020-06-01,US,Georgia,Twiggs,17,1,0,32.67435595,-83.43078662,13289.0,209.35960591133002,5.882352941176472,16,17,1,0,16,17,8188,0,0,0,0,0
2020-06-01,US,Georgia,Unassigned,1511,1,0,0.0,0.0,90013.0,0.0,0.06618133686300462,1510,1698,1,0,1697,1202,,-187,0,0,-187,496
2020-06-01,US,Georgia,Union,46,1,0,34.82995757,-83.98967069,13291.0,187.67084166292682,2.1739130434782608,45,46,1,0,45,44,24001,0,0,0,0,2
2020-06-01,US,Georgia,Upson,283,34,0,32.87920671,-84.30024826,13293.0,1075.2279635258358,12.014134275618375,249,281,34,0,247,280,26215,2,0,0,2,1
2020-06-01,US,Georgia,Walker,168,0,0,34.73376362,-85.30165174,13295.0,240.82223591978325,0.0,168,141,0,0,141,141,69410,27,0,0,27,0
2020-06-01,US,Georgia,Walton,265,12,0,33.78017694,-83.73552314,13297.0,280.1475796306281,4.528301886792453,253,265,12,0,253,265,93503,0,0,0,0,0
2020-06-01,US,Georgia,Ware,228,14,0,31.05449097,-82.42224148,13299.0,638.0477976157161,6.140350877192982,214,228,14,0,214,228,35680,0,0,0,0,0
2020-06-01,US,Georgia,Warren,18,0,0,33.41146451,-82.67795848,13301.0,342.59611724400463,0.0,18,18,0,0,18,18,5251,0,0,0,0,0
2020-06-01,US,Georgia,Washington,74,1,0,32.96711864,-82.79357039,13303.0,363.20801020909,1.351351351351351,73,74,1,0,73,74,20386,0,0,0,0,0
2020-06-01,US,Georgia,Wayne,20,0,0,31.5521809,-81.91894878,13305.0,66.82928459250844,0.0,20,19,0,0,19,20,29808,1,0,0,1,-1
2020-06-01,US,Georgia,Webster,13,1,0,32.04066113,-84.54742852,13307.0,498.6574606827771,7.6923076923076925,12,13,1,0,12,12,2611,0,0,0,0,1
2020-06-01,US,Georgia,Wheeler,13,0,0,32.12009104,-82.72574721,13309.0,165.49968173138132,0.0,13,13,0,0,13,13,7879,0,0,0,0,0
2020-06-01,US,Georgia,White,103,3,0,34.64624278,-83.74905525,13311.0,334.43730112344963,2.9126213592233015,100,101,3,0,98,101,29970,2,0,0,2,0
2020-06-01,US,Georgia,Whitfield,391,7,0,34.80987459,-84.96093476,13313.0,373.7049355812976,1.7902813299232736,384,374,7,0,367,351,104062,17,0,0,17,23
2020-06-01,US,Georgia,Wilcox,116,13,0,31.97496928,-83.43438555,13315.0,1343.370005790388,11.20689655172414,103,111,13,0,98,111,8812,5,0,0,5,0
2020-06-01,US,Georgia,Wilkes,33,1,0,33.78290391,-82.74286107,13317.0,337.52684872660325,3.0303030303030303,32,33,1,0,32,33,9876,0,0,0,0,0
2020-06-01,US,Georgia,Wilkinson,69,6,0,32.80291082,-83.17140684,13319.0,770.6053160598615,8.695652173913043,63,69,6,0,63,69,9036,0,0,0,0,0
2020-06-01,US,Georgia,Worth,222,21,0,31.55162306,-83.85090513,13321.0,1096.4587346273522,9.459459459459461,201,211,21,0,190,210,20299,11,0,0,11,1
2020-06-01,US,Hawaii,Hawaii,81,0,0,19.60121157,-155.5210167,15001.0,40.195917881228496,0.0,81,81,0,0,81,81,200983,0,0,0,0,0
2020-06-01,US,Hawaii,Honolulu,421,11,0,21.45803166,-157.97121819999995,15003.0,43.19884912519765,2.6128266033254155,410,421,11,0,410,421,980080,0,0,0,0,0
2020-06-01,US,Hawaii,Kauai,20,0,0,22.03935037,-159.5966786,15007.0,27.665195800423284,0.0,20,20,0,0,20,20,72133,0,0,0,0,0
2020-06-01,US,Hawaii,Maui,120,6,0,20.86399628,-156.56890969999995,15009.0,71.67730875598058,5.0,114,120,6,0,114,119,167207,0,0,0,0,1
2020-06-01,US,Hawaii,Out of HI,10,0,0,0.0,0.0,80015.0,0.0,0.0,10,10,0,0,10,10,,0,0,0,0,0
2020-06-01,US,Idaho,Ada,812,22,0,43.4526575,-116.24155159999998,16001.0,168.60920249093104,2.70935960591133,790,812,22,0,790,805,469966,0,0,0,0,7
2020-06-01,US,Idaho,Adams,3,0,0,44.89333571,-116.4545247,16003.0,69.86492780624127,0.0,3,3,0,0,3,3,4250,0,0,0,0,0
2020-06-01,US,Idaho,Bannock,28,0,0,42.67002716,-112.2233311,16005.0,31.887755102040817,0.0,28,28,0,0,28,27,87138,0,0,0,0,1
2020-06-01,US,Idaho,Benewah,8,0,0,47.21754179,-116.6586851,16009.0,86.04000860400086,0.0,8,8,0,0,8,8,9226,0,0,0,0,0
2020-06-01,US,Idaho,Bingham,6,0,0,43.21672879999999,-112.3978437,16011.0,12.817500160218751,0.0,6,6,0,0,6,6,46236,0,0,0,0,0
2020-06-01,US,Idaho,Blaine,512,5,0,43.4085812,-113.9752658,16013.0,2224.0562964250034,0.9765625,507,512,5,0,507,512,22601,0,0,0,0,0
2020-06-01,US,Idaho,Bonner,6,0,0,48.29996017,-116.6017932,16017.0,13.117908130916724,0.0,6,6,0,0,6,6,44727,0,0,0,0,0
2020-06-01,US,Idaho,Bonneville,47,0,0,43.38713372,-111.6161537,16019.0,39.475231392047846,0.0,47,47,0,0,47,37,116854,0,0,0,0,10
2020-06-01,US,Idaho,Camas,1,0,0,43.46665742,-114.8065892,16025.0,90.41591320072331,0.0,1,1,0,0,1,1,1127,0,0,0,0,0
2020-06-01,US,Idaho,Canyon,303,6,0,43.61970148,-116.70954990000001,16027.0,131.8256768574151,1.98019801980198,297,303,6,0,297,300,223499,0,0,0,0,3
2020-06-01,US,Idaho,Caribou,1,0,0,42.77149116,-111.5597683,16029.0,13.976240391334732,0.0,1,1,0,0,1,1,7060,0,0,0,0,0
2020-06-01,US,Idaho,Cassia,63,1,0,42.28347888,-113.6012409,16031.0,262.17228464419475,1.5873015873015872,62,63,1,0,62,62,23864,0,0,0,0,1
2020-06-01,US,Idaho,Custer,2,0,0,44.24186819,-114.2855494,16037.0,46.349942062572424,0.0,2,2,0,0,2,2,4280,0,0,0,0,0
2020-06-01,US,Idaho,Elmore,31,2,0,43.3507101,-115.4701578,16039.0,112.68219984733379,6.451612903225807,29,31,2,0,29,31,27259,0,0,0,0,0
2020-06-01,US,Idaho,Franklin,2,0,0,42.18332217,-111.81496659999999,16041.0,14.413375612568464,0.0,2,2,0,0,2,1,13726,0,0,0,0,1
2020-06-01,US,Idaho,Fremont,3,0,0,44.22800938,-111.48099429999999,16043.0,22.902511642110085,0.0,3,3,0,0,3,3,13168,0,0,0,0,0
2020-06-01,US,Idaho,Gem,17,0,0,44.06482372,-116.398376,16045.0,93.86042402826857,0.0,17,17,0,0,17,17,17634,0,0,0,0,0
2020-06-01,US,Idaho,Gooding,47,0,0,42.96927962,-114.81083059999999,16047.0,309.63831609460436,0.0,47,47,0,0,47,47,15196,0,0,0,0,0
2020-06-01,US,Idaho,Idaho,3,0,0,45.84721541,-115.4634436,16049.0,17.999640007199854,0.0,3,3,0,0,3,3,16513,0,0,0,0,0
2020-06-01,US,Idaho,Jefferson,7,0,0,43.82078483,-112.3131749,16051.0,23.434099963174987,0.0,7,7,0,0,7,7,29439,0,0,0,0,0
2020-06-01,US,Idaho,Jerome,169,2,0,42.68891267,-114.2655033,16053.0,692.2824840242504,1.183431952662722,167,169,2,0,167,165,24015,0,0,0,0,4
2020-06-01,US,Idaho,Kootenai,68,0,0,47.67282258,-116.7020872,16055.0,41.038763526195396,0.0,68,68,0,0,68,67,161505,0,0,0,0,1
2020-06-01,US,Idaho,Latah,7,0,0,46.81587887,-116.71136979999999,16057.0,17.452877231475018,0.0,7,7,0,0,7,7,40134,0,0,0,0,0
2020-06-01,US,Idaho,Lemhi,1,0,0,44.9438088,-113.9309747,16059.0,12.457954403886884,0.0,1,1,0,0,1,1,7961,0,0,0,0,0
2020-06-01,US,Idaho,Lincoln,33,0,0,43.0012336,-114.1358773,16063.0,614.9832277301529,0.0,33,33,0,0,33,33,5360,0,0,0,0,0
2020-06-01,US,Idaho,Madison,21,0,0,43.78141028,-111.65384740000002,16065.0,52.62234695667427,0.0,21,21,0,0,21,21,39304,0,0,0,0,0
2020-06-01,US,Idaho,Minidoka,50,0,0,42.85518524,-113.6357257,16067.0,237.65388088787492,0.0,50,50,0,0,50,46,20825,0,0,0,0,4
2020-06-01,US,Idaho,Nez Perce,82,19,0,46.32638236,-116.75009750000001,16069.0,202.9301128489408,23.170731707317074,63,82,19,0,63,82,40408,0,0,0,0,0
2020-06-01,US,Idaho,Owyhee,8,0,0,42.58016894,-116.16938710000001,16073.0,67.66472130592912,0.0,8,8,0,0,8,8,11693,0,0,0,0,0
2020-06-01,US,Idaho,Payette,23,2,0,44.00545243,-116.7647695,16075.0,96.02939334474551,8.695652173913043,21,23,2,0,21,23,23551,0,0,0,0,0
2020-06-01,US,Idaho,Power,5,0,0,42.69254894,-112.83957420000002,16077.0,65.09569066527796,0.0,5,5,0,0,5,4,7768,0,0,0,0,1
2020-06-01,US,Idaho,Teton,11,0,0,43.75303583,-111.2056773,16081.0,90.59463020919122,0.0,11,11,0,0,11,11,11640,0,0,0,0,0
2020-06-01,US,Idaho,Twin Falls,419,23,0,42.35440512,-114.6685381,16083.0,482.28550380994034,5.4892601431980905,396,419,23,0,396,416,86081,0,0,0,0,3
2020-06-01,US,Idaho,Valley,2,0,0,44.76728382,-115.5676773,16085.0,17.5561797752809,0.0,2,2,0,0,2,2,11041,0,0,0,0,0
2020-06-01,US,Idaho,Washington,38,0,0,44.45275475,-116.78476880000001,16087.0,372.7682950755346,0.0,38,38,0,0,38,38,10161,0,0,0,0,0
2020-06-01,US,Illinois,Adams,44,1,0,39.98815591,-91.18786813,17001.0,67.24230152059296,2.272727272727273,43,44,1,0,43,44,65691,0,0,0,0,0
2020-06-01,US,Illinois,Alexander,8,0,0,37.18049267,-89.32910838,17003.0,138.86478042006596,0.0,8,8,0,0,8,8,6060,0,0,0,0,0
2020-06-01,US,Illinois,Bond,12,1,0,38.88829622,-89.43534887,17005.0,73.0549129428954,8.333333333333334,11,12,1,0,11,12,16630,0,0,0,0,0
2020-06-01,US,Illinois,Boone,463,17,0,42.32359279,-88.82345779,17007.0,864.7093978783804,3.6717062634989204,446,452,17,0,435,441,53577,11,0,0,11,11
2020-06-01,US,Illinois,Brown,10,0,0,39.96209138,-90.75068024,17009.0,152.02189115232594,0.0,10,10,0,0,10,10,6556,0,0,0,0,0
2020-06-01,US,Illinois,Bureau,15,1,0,41.40385234,-89.5283051,17011.0,45.97278411180581,6.666666666666668,14,15,1,0,14,15,32993,0,0,0,0,0
2020-06-01,US,Illinois,Calhoun,1,0,0,39.16840183,-90.66330078,17013.0,21.101498206372653,0.0,1,1,0,0,1,1,4802,0,0,0,0,0
2020-06-01,US,Illinois,Carroll,15,2,0,42.06823429,-89.93395545,17015.0,104.85844110450891,13.333333333333336,13,15,2,0,13,16,14312,0,0,0,0,-1
2020-06-01,US,Illinois,Cass,73,0,0,39.96991073,-90.24734436,17017.0,600.971433275706,0.0,73,73,0,0,73,73,12260,0,0,0,0,0
2020-06-01,US,Illinois,Champaign,645,7,0,40.13919438,-88.20046615,17019.0,307.5983957193749,1.0852713178294573,638,640,7,0,633,627,209983,5,0,0,5,13
2020-06-01,US,Illinois,Christian,35,4,0,39.54581621,-89.27780482,17021.0,108.34571570084199,11.428571428571427,31,35,4,0,31,35,32661,0,0,0,0,0
2020-06-01,US,Illinois,Clark,11,0,0,39.33425789,-87.78705622,17023.0,71.23890939705977,0.0,11,11,0,0,11,11,15596,0,0,0,0,0
2020-06-01,US,Illinois,Clay,2,0,0,38.75388572,-88.48914513,17025.0,15.169902912621357,0.0,2,2,0,0,2,2,13253,0,0,0,0,0
2020-06-01,US,Illinois,Clinton,186,17,0,38.60704876,-89.42385254,17027.0,495.18130025025283,9.13978494623656,169,186,17,0,169,186,37639,0,0,0,0,0
2020-06-01,US,Illinois,Coles,127,15,0,39.51949084,-88.22358557,17029.0,250.8840204658146,11.811023622047243,112,127,15,0,112,126,50885,0,0,0,0,1
2020-06-01,US,Illinois,Cook,78495,3658,0,41.84144849,-87.81658794,17031.0,1524.105802591844,4.660169437543793,74837,77925,3642,0,74283,77119,5180493,570,16,0,554,806
2020-06-01,US,Illinois,Crawford,11,0,0,39.0032229,-87.75954624,17033.0,58.92751915144373,0.0,11,11,0,0,11,11,18807,0,0,0,0,0
2020-06-01,US,Illinois,Cumberland,10,0,0,39.27432424,-88.2401158,17035.0,92.88500835965077,0.0,10,10,0,0,10,10,10808,0,0,0,0,0
2020-06-01,US,Illinois,De Witt,4,0,0,40.17514519,-88.90959682,17039.0,25.57871850620284,0.0,4,4,0,0,4,4,15769,0,0,0,0,0
2020-06-01,US,Illinois,DeKalb,418,4,0,41.89373302,-88.76958483,17037.0,398.4861340171788,0.9569377990430622,414,416,4,0,412,399,104143,2,0,0,2,17
2020-06-01,US,Illinois,Douglas,28,0,0,39.76768052,-88.21854195,17041.0,143.84793218597486,0.0,28,28,0,0,28,27,19479,0,0,0,0,1
2020-06-01,US,Illinois,DuPage,7765,374,0,41.85116968,-88.08642662,17043.0,841.3504514470903,4.816484224082421,7391,7707,373,0,7334,7620,928589,58,1,0,57,87
2020-06-01,US,Illinois,Edgar,1,0,0,39.6809186,-87.74759563,17045.0,5.827166249053086,0.0,1,1,0,0,1,1,17360,0,0,0,0,0
2020-06-01,US,Illinois,Edwards,2,0,0,38.41353228,-88.05720863,17047.0,31.27443315089914,0.0,2,2,0,0,2,2,6392,0,0,0,0,0
2020-06-01,US,Illinois,Effingham,7,1,0,39.05935711,-88.58969584,17049.0,20.58339214302517,14.285714285714285,6,7,1,0,6,7,34208,0,0,0,0,0
2020-06-01,US,Illinois,Fayette,21,3,0,39.00072038,-89.02452658,17051.0,98.42519685039369,14.285714285714285,18,21,3,0,18,20,21416,0,0,0,0,1
2020-06-01,US,Illinois,Ford,20,1,0,40.59706922,-88.22350769,17053.0,154.30908108942208,5.0,19,20,1,0,19,20,13264,0,0,0,0,0
2020-06-01,US,Illinois,Franklin,12,0,0,37.99189086,-88.92567818,17055.0,31.19394837401544,0.0,12,12,0,0,12,12,38701,0,0,0,0,0
2020-06-01,US,Illinois,Fulton,11,0,0,40.47289135,-90.20862357,17057.0,32.032615026208504,0.0,11,11,0,0,11,11,34844,0,0,0,0,0
2020-06-01,US,Illinois,Gallatin,2,0,0,37.76430935,-88.22953869,17059.0,41.42502071251035,0.0,2,2,0,0,2,2,5058,0,0,0,0,0
2020-06-01,US,Illinois,Greene,5,0,0,39.35907414,-90.388865,17061.0,38.55347366797749,0.0,5,5,0,0,5,5,13044,0,0,0,0,0
2020-06-01,US,Illinois,Grundy,99,2,0,41.28569601,-88.41905692,17063.0,193.9123281231637,2.0202020202020203,97,98,2,0,96,98,50972,1,0,0,1,0
2020-06-01,US,Illinois,Hamilton,2,0,0,38.08163641,-88.53883373,17065.0,24.64268112370626,0.0,2,2,0,0,2,2,8163,0,0,0,0,0
2020-06-01,US,Illinois,Hancock,17,0,0,40.40423981,-91.16313899,17067.0,96.00180709283941,0.0,17,17,0,0,17,17,17844,0,0,0,0,0
2020-06-01,US,Illinois,Hardin,1,0,0,37.51810645,-88.26873022,17069.0,26.17115938236064,0.0,1,1,0,0,1,1,3910,0,0,0,0,0
2020-06-01,US,Illinois,Henderson,8,0,0,40.81908672,-90.92491462,17071.0,120.37315678603672,0.0,8,8,0,0,8,8,6709,0,0,0,0,0
2020-06-01,US,Illinois,Henry,69,0,0,41.3533994,-90.13296166,17073.0,141.06679205937073,0.0,69,69,0,0,69,69,49090,0,0,0,0,0
2020-06-01,US,Illinois,Iroquois,132,4,0,40.74717633,-87.82466784,17075.0,486.8333702146493,3.0303030303030303,128,132,4,0,128,131,27604,0,0,0,0,1
2020-06-01,US,Illinois,Jackson,289,10,0,37.78595185,-89.38232563,17077.0,509.25110132158585,3.460207612456748,279,286,10,0,276,282,57419,3,0,0,3,4
2020-06-01,US,Illinois,Jasper,45,7,0,39.01054275,-88.15437049,17079.0,468.26222684703436,15.555555555555555,38,45,7,0,38,45,9611,0,0,0,0,0
2020-06-01,US,Illinois,Jefferson,101,16,0,38.29980057,-88.9240025,17081.0,268.0182570852351,15.84158415841584,85,101,16,0,85,101,37820,0,0,0,0,0
2020-06-01,US,Illinois,Jersey,24,1,0,39.08869046,-90.35393073,17083.0,110.22826436412072,4.166666666666667,23,24,1,0,23,20,21847,0,0,0,0,4
2020-06-01,US,Illinois,Jo Daviess,32,0,0,42.36542373,-90.21094405,17085.0,150.69460795855895,0.0,32,32,0,0,32,32,21366,0,0,0,0,0
2020-06-01,US,Illinois,Johnson,9,0,0,37.45939802,-88.88165419,17087.0,72.4812756704518,0.0,9,8,0,0,8,8,12456,1,0,0,1,0
2020-06-01,US,Illinois,Kane,6404,178,0,41.93842729,-88.42861412,17089.0,1202.8482183609033,2.7795128044971893,6226,6338,178,0,6160,6259,534216,66,0,0,66,79
2020-06-01,US,Illinois,Kankakee,915,48,0,41.13746989,-87.86205334,17091.0,832.8630463672607,5.245901639344262,867,910,45,0,865,900,110024,5,3,0,2,10
2020-06-01,US,Illinois,Kendall,804,19,0,41.59081014,-88.42869583,17093.0,623.3041321032638,2.3631840796019903,785,798,19,0,779,778,127915,6,0,0,6,20
2020-06-01,US,Illinois,Knox,101,0,0,40.93148779,-90.21330340000002,17095.0,203.22340489748282,0.0,101,100,0,0,100,98,50112,1,0,0,1,2
2020-06-01,US,Illinois,LaSalle,153,13,0,41.34426129999999,-88.88633881,17099.0,140.79452281699471,8.49673202614379,140,153,13,0,140,150,109430,0,0,0,0,3
2020-06-01,US,Illinois,Lake,8408,292,0,42.3224907,-88.00367925,17097.0,1207.118091696756,3.4728829686013323,8116,8331,291,0,8040,8238,700832,77,1,0,76,93
2020-06-01,US,Illinois,Lawrence,4,0,0,38.71987914,-87.72884035,17101.0,25.513458349279247,0.0,4,4,0,0,4,4,15765,0,0,0,0,0
2020-06-01,US,Illinois,Lee,81,1,0,41.74583951,-89.29977132,17103.0,237.56452369779447,1.2345679012345678,80,81,1,0,80,81,34223,0,0,0,0,0
2020-06-01,US,Illinois,Livingston,34,2,0,40.89188292,-88.55784752,17105.0,95.37701974865351,5.882352941176472,32,34,2,0,32,34,35761,0,0,0,0,0
2020-06-01,US,Illinois,Logan,11,0,0,40.12581572,-89.36638784,17107.0,38.43734712418758,0.0,11,10,0,0,10,10,28925,1,0,0,1,0
2020-06-01,US,Illinois,Macon,194,19,0,39.86064913,-88.96342505,17115.0,186.52232018383026,9.793814432989693,175,193,19,0,174,194,104712,1,0,0,1,-1
2020-06-01,US,Illinois,Macoupin,45,2,0,39.26119767,-89.92424028,17117.0,100.16471530962026,4.4444444444444455,43,45,2,0,43,45,45313,0,0,0,0,0
2020-06-01,US,Illinois,Madison,594,60,0,38.83042506,-89.90422563,17119.0,225.8847151342759,10.1010101010101,534,580,60,0,520,572,264461,14,0,0,14,8
2020-06-01,US,Illinois,Marion,50,0,0,38.64963204,-88.91899208,17121.0,134.390538906061,0.0,50,50,0,0,50,50,37620,0,0,0,0,0
2020-06-01,US,Illinois,Marshall,5,0,0,41.0327901,-89.34510444,17123.0,43.7139360027977,0.0,5,5,0,0,5,5,11534,0,0,0,0,0
2020-06-01,US,Illinois,Mason,18,0,0,40.23917274,-89.91824452,17125.0,134.74062429822592,0.0,18,18,0,0,18,18,13565,0,0,0,0,0
2020-06-01,US,Illinois,Massac,7,0,0,37.22078441,-88.71036614,17127.0,50.827766482718566,0.0,7,7,0,0,7,7,14080,0,0,0,0,0
2020-06-01,US,Illinois,McDonough,89,11,0,40.45674722,-90.67775541,17109.0,299.84502392022097,12.359550561797755,78,88,11,0,77,87,29955,1,0,0,1,1
2020-06-01,US,Illinois,McHenry,1585,72,0,42.32451172,-88.45248227,17111.0,514.9882706141518,4.542586750788644,1513,1566,72,0,1494,1539,308570,19,0,0,19,27
2020-06-01,US,Illinois,McLean,220,13,0,40.48996987,-88.84621113,17113.0,128.26716885206713,5.909090909090909,207,220,13,0,207,218,172828,0,0,0,0,2
2020-06-01,US,Illinois,Menard,20,0,0,40.02742725,-89.80246001,17129.0,163.9881928501148,0.0,20,20,0,0,20,20,12288,0,0,0,0,0
2020-06-01,US,Illinois,Mercer,17,0,0,41.20596782,-90.74290052,17131.0,110.12502429228478,0.0,17,17,0,0,17,17,15601,0,0,0,0,0
2020-06-01,US,Illinois,Monroe,96,12,0,38.27594376,-90.17761038,17133.0,277.16026214741464,12.5,84,95,12,0,83,95,34335,1,0,0,1,0
2020-06-01,US,Illinois,Montgomery,39,1,0,39.23198845,-89.47809254,17135.0,137.25628211445058,2.5641025641025643,38,39,1,0,38,39,28601,0,0,0,0,0
2020-06-01,US,Illinois,Morgan,36,1,0,39.71654544,-90.20255104,17137.0,106.95822687028343,2.7777777777777777,35,36,1,0,35,36,33976,0,0,0,0,0
2020-06-01,US,Illinois,Moultrie,11,0,0,39.64187451,-88.62099969,17139.0,75.85683745948555,0.0,11,11,0,0,11,11,14717,0,0,0,0,0
2020-06-01,US,Illinois,Ogle,211,3,0,42.04165196,-89.32184679,17141.0,416.64198408467115,1.4218009478672986,208,206,3,0,203,203,50923,5,0,0,5,3
2020-06-01,US,Illinois,Out of IL,118,1,0,0.0,0.0,80017.0,0.0,0.8474576271186439,117,118,1,0,117,118,,0,0,0,0,0
2020-06-01,US,Illinois,Peoria,238,9,0,40.78702156,-89.76078901,17143.0,132.82806578895963,3.7815126050420167,229,233,9,0,224,221,180621,5,0,0,5,12
2020-06-01,US,Illinois,Perry,41,0,0,38.08510853,-89.36856219,17145.0,196.0221839739912,0.0,41,41,0,0,41,42,21174,0,0,0,0,-1
2020-06-01,US,Illinois,Piatt,11,0,0,40.01360584,-88.59319339,17147.0,67.30298580518844,0.0,11,11,0,0,11,11,16396,0,0,0,0,0
2020-06-01,US,Illinois,Pike,1,0,0,39.62265059,-90.8877017,17149.0,6.426322215795901,0.0,1,1,0,0,1,1,15611,0,0,0,0,0
2020-06-01,US,Illinois,Pope,1,0,0,37.41391284,-88.56152109,17151.0,23.94062724443381,0.0,1,1,0,0,1,1,4212,0,0,0,0,0
2020-06-01,US,Illinois,Pulaski,56,0,0,37.22631423,-89.13085001,17153.0,1049.671977507029,0.0,56,56,0,0,56,56,5463,0,0,0,0,0
2020-06-01,US,Illinois,Putnam,1,0,0,41.2013541,-89.2869272,17155.0,17.424638438752392,0.0,1,1,0,0,1,1,5740,0,0,0,0,0
2020-06-01,US,Illinois,Randolph,269,4,0,38.05095369,-89.82512254,17157.0,846.3910389528663,1.4869888475836432,265,270,4,0,266,269,32106,-1,0,0,-1,1
2020-06-01,US,Illinois,Richland,3,0,0,38.71240969,-88.08475366,17159.0,19.338619222587507,0.0,3,3,0,0,3,3,15763,0,0,0,0,0
2020-06-01,US,Illinois,Rock Island,661,24,0,41.46613806,-90.57042164,17161.0,465.8899484772235,3.630862329803328,637,658,24,0,634,651,143477,3,0,0,3,7
2020-06-01,US,Illinois,Saline,7,0,0,37.75332999,-88.54119706,17165.0,29.798646290068536,0.0,7,7,0,0,7,7,23906,0,0,0,0,0
2020-06-01,US,Illinois,Sangamon,350,29,0,39.75836914,-89.65872023,17167.0,179.78959480562176,8.285714285714286,321,351,29,0,322,348,195348,-1,0,0,-1,3
2020-06-01,US,Illinois,Schuyler,13,0,0,40.157179799999994,-90.61114163,17169.0,192.08037825059105,0.0,13,13,0,0,13,13,6907,0,0,0,0,0
2020-06-01,US,Illinois,Shelby,16,1,0,39.39133527,-88.80611122,17173.0,73.95765924008505,6.25,15,16,1,0,15,16,21741,0,0,0,0,0
2020-06-01,US,Illinois,St. Clair,1152,82,0,38.46996033,-89.93063427,17163.0,443.6126706869065,7.1180555555555545,1070,1137,82,0,1055,1121,261059,15,0,0,15,16
2020-06-01,US,Illinois,Stark,3,0,0,41.09309773,-89.79745866,17175.0,56.15874204417821,0.0,3,3,0,0,3,3,5427,0,0,0,0,0
2020-06-01,US,Illinois,Stephenson,209,2,0,42.35129217,-89.662598,17177.0,469.6840307429548,0.9569377990430622,207,206,2,0,204,201,44753,3,0,0,3,5
2020-06-01,US,Illinois,Tazewell,73,5,0,40.50716185,-89.51404662,17179.0,55.38568924834792,6.849315068493151,68,73,5,0,68,72,132328,0,0,0,0,1
2020-06-01,US,Illinois,Unassigned,93,0,0,0.0,0.0,90017.0,0.0,0.0,93,85,0,0,85,80,,8,0,0,8,5
2020-06-01,US,Illinois,Union,155,11,0,37.47119609,-89.25548938,17181.0,930.763225845193,7.096774193548387,144,154,11,0,143,155,16841,1,0,0,1,-1
2020-06-01,US,Illinois,Vermilion,40,1,0,40.18417171,-87.73384359,17183.0,52.799704321655796,2.5,39,40,1,0,39,39,76806,0,0,0,0,1
2020-06-01,US,Illinois,Wabash,5,0,0,38.44272901,-87.84922065,17185.0,43.40277777777778,0.0,5,2,0,0,2,2,11549,3,0,0,3,0
2020-06-01,US,Illinois,Warren,117,0,0,40.84925021,-90.6147432,17187.0,694.6093564473997,0.0,117,117,0,0,117,115,17032,0,0,0,0,2
2020-06-01,US,Illinois,Washington,18,0,0,38.35309213,-89.40982703,17189.0,129.61762799740765,0.0,18,18,0,0,18,18,13995,0,0,0,0,0
2020-06-01,US,Illinois,Wayne,9,1,0,38.42955355,-88.42586459,17191.0,55.50416281221092,11.111111111111109,8,9,1,0,8,9,16332,0,0,0,0,0
2020-06-01,US,Illinois,White,2,0,0,38.08706198,-88.17657461,17193.0,14.774322227967794,0.0,2,2,0,0,2,2,13665,0,0,0,0,0
2020-06-01,US,Illinois,Whiteside,142,13,0,41.75509713,-89.91556058,17195.0,257.3629361123697,9.154929577464786,129,140,13,0,127,139,55626,2,0,0,2,1
2020-06-01,US,Illinois,Will,5613,277,0,41.44619267,-87.97862712,17197.0,812.603240278946,4.934972385533583,5336,5566,276,0,5290,5510,692310,47,1,0,46,56
2020-06-01,US,Illinois,Williamson,67,2,0,37.73033511,-88.92994027,17199.0,100.60513236331968,2.985074626865672,65,67,2,0,65,66,67056,0,0,0,0,1
2020-06-01,US,Illinois,Winnebago,2290,55,0,42.33641854,-89.16085327,17201.0,810.4129213085513,2.4017467248908297,2235,2251,55,0,2196,2209,284081,39,0,0,39,42
2020-06-01,US,Illinois,Woodford,21,2,0,40.78579374,-89.20973757,17203.0,54.6036038378533,9.523809523809524,19,19,2,0,17,19,38463,2,0,0,2,0
2020-06-01,US,Indiana,Adams,17,1,0,40.7457653,-84.93671406,18001.0,47.51656091902618,5.882352941176472,16,15,1,0,14,17,35636,2,0,0,2,-2
2020-06-01,US,Indiana,Allen,1662,69,0,41.09194313,-85.06800636,18003.0,438.17674183164206,4.151624548736463,1593,1618,69,0,1549,1600,375351,44,0,0,44,18
2020-06-01,US,Indiana,Bartholomew,515,35,0,39.20744865,-85.89558181,18005.0,614.7125174566419,6.7961165048543695,480,511,35,0,476,508,82753,4,0,0,4,3
2020-06-01,US,Indiana,Benton,31,0,0,40.60626947,-87.31093999,18007.0,354.36671239140367,0.0,31,30,0,0,30,30,8653,1,0,0,1,0
2020-06-01,US,Indiana,Blackford,26,2,0,40.47388153,-85.32499702,18009.0,221.12604184385103,7.6923076923076925,24,25,2,0,23,25,11930,1,0,0,1,0
2020-06-01,US,Indiana,Boone,315,35,0,40.0509304,-86.46841646,18011.0,464.30729773152717,11.111111111111109,280,315,35,0,280,316,66999,0,0,0,0,-1
2020-06-01,US,Indiana,Brown,33,1,0,39.19605589,-86.22868909,18013.0,218.65889212827992,3.0303030303030303,32,33,1,0,32,33,15234,0,0,0,0,0
2020-06-01,US,Indiana,Carroll,93,2,0,40.580783200000006,-86.56198812,18015.0,459.10055783186067,2.150537634408602,91,93,2,0,91,93,20127,0,0,0,0,0
2020-06-01,US,Indiana,Cass,1587,7,0,40.76135835,-86.34830753,18017.0,4210.777680490329,0.4410838059231254,1580,1587,7,0,1580,1587,37955,0,0,0,0,0
2020-06-01,US,Indiana,Clark,505,41,0,38.48015445,-85.70510334,18019.0,426.8735946983145,8.118811881188119,464,504,41,0,463,497,117360,1,0,0,1,7
2020-06-01,US,Indiana,Clay,51,1,0,39.39561833,-87.11723506,18021.0,194.47092469018116,1.96078431372549,50,51,1,0,50,51,26170,0,0,0,0,0
2020-06-01,US,Indiana,Clinton,233,1,0,40.30319754,-86.47277257,18023.0,719.1579987036638,0.4291845493562232,232,232,1,0,231,227,32250,1,0,0,1,5
2020-06-01,US,Indiana,Crawford,24,0,0,38.28814402,-86.44518825,18025.0,226.90744067315876,0.0,24,24,0,0,24,24,10558,0,0,0,0,0
2020-06-01,US,Indiana,Daviess,92,16,0,38.70186039,-87.07185406,18027.0,275.8537974873317,17.391304347826086,76,88,16,0,72,85,33147,4,0,0,4,3
2020-06-01,US,Indiana,DeKalb,37,1,0,41.39804622,-84.99906934,18033.0,85.1063829787234,2.702702702702702,36,37,1,0,36,37,43226,0,0,0,0,0
2020-06-01,US,Indiana,Dearborn,168,21,0,39.14647946,-84.97333539,18029.0,339.68215455538035,12.5,147,168,21,0,147,168,49568,0,0,0,0,0
2020-06-01,US,Indiana,Decatur,224,31,0,39.30712658,-85.50087166,18031.0,843.4052486915923,13.839285714285715,193,224,31,0,193,224,26794,0,0,0,0,0
2020-06-01,US,Indiana,Delaware,385,39,0,40.22787247,-85.39732772,18035.0,337.31984053971166,10.129870129870131,346,385,37,0,348,385,114772,0,2,0,-2,0
2020-06-01,US,Indiana,Dubois,199,3,0,38.36597551,-86.87924170000002,18037.0,465.64956944964433,1.5075376884422111,196,199,3,0,196,199,42565,0,0,0,0,0
2020-06-01,US,Indiana,Elkhart,1322,28,0,41.59761169,-85.85875695,18039.0,640.6870180914117,2.118003025718608,1294,1322,28,0,1294,1262,205560,0,0,0,0,60
2020-06-01,US,Indiana,Fayette,78,7,0,39.63684962,-85.17797541,18041.0,337.6331053588434,8.974358974358974,71,77,7,0,70,77,23047,1,0,0,1,0
2020-06-01,US,Indiana,Floyd,318,39,0,38.32117957,-85.90385377,18043.0,404.9820432490257,12.264150943396224,279,318,39,0,279,318,77781,0,0,0,0,0
2020-06-01,US,Indiana,Fountain,21,2,0,40.12361933,-87.24217689,18045.0,128.47179738162242,9.523809523809524,19,21,2,0,19,21,16351,0,0,0,0,0
2020-06-01,US,Indiana,Franklin,110,8,0,39.4142482,-85.06062647,18047.0,483.3465155110291,7.272727272727272,102,110,8,0,102,110,22736,0,0,0,0,0
2020-06-01,US,Indiana,Fulton,49,1,0,41.0469907,-86.26252745,18049.0,245.3189145889657,2.0408163265306123,48,49,1,0,48,49,20092,0,0,0,0,0
2020-06-01,US,Indiana,Gibson,17,2,0,38.30393723,-87.58054938,18051.0,50.50655099676164,11.764705882352944,15,17,2,0,15,15,33452,0,0,0,0,2
2020-06-01,US,Indiana,Grant,213,23,0,40.51587228,-85.65468702,18053.0,323.86078547644024,10.798122065727698,190,211,22,0,189,210,65936,2,1,0,1,1
2020-06-01,US,Indiana,Greene,169,25,0,39.03630547,-86.96223202,18055.0,529.4154501597644,14.792899408284025,144,169,24,0,145,169,32006,0,1,0,-1,0
2020-06-01,US,Indiana,Hamilton,1162,93,0,40.07306535,-86.05244729,18057.0,343.77579427888435,8.003442340791738,1069,1159,93,0,1066,1154,330086,3,0,0,3,5
2020-06-01,US,Indiana,Hancock,340,27,0,39.82304555,-85.77566351,18059.0,434.96059768703293,7.9411764705882355,313,338,27,0,311,331,76351,2,0,0,2,7
2020-06-01,US,Indiana,Harrison,194,22,0,38.19467379,-86.10948271,18061.0,478.83499938294466,11.340206185567009,172,194,22,0,172,194,40350,0,0,0,0,0
2020-06-01,US,Indiana,Hendricks,1171,71,0,39.76719009,-86.51037283,18063.0,687.5656886519369,6.063193851409053,1100,1169,71,0,1098,1166,167009,2,0,0,2,3
2020-06-01,US,Indiana,Henry,184,11,0,39.93029017,-85.39625719,18065.0,383.5570749603936,5.978260869565218,173,182,11,0,171,172,48271,2,0,0,2,10
2020-06-01,US,Indiana,Howard,415,28,0,40.48527731,-86.11351892,18067.0,502.7621632099244,6.746987951807228,387,408,28,0,380,404,82366,7,0,0,7,4
2020-06-01,US,Indiana,Huntington,28,2,0,40.82907273,-85.48822092,18069.0,76.67031763417306,7.142857142857142,26,28,2,0,26,27,36240,0,0,0,0,1
2020-06-01,US,Indiana,Jackson,392,1,0,38.90915820000001,-86.03851889,18071.0,886.2562456195882,0.2551020408163265,391,389,1,0,388,382,44111,3,0,0,3,7
2020-06-01,US,Indiana,Jasper,68,1,0,41.02078733,-87.11553319,18073.0,202.61009475001492,1.4705882352941178,67,67,1,0,66,66,33370,1,0,0,1,1
2020-06-01,US,Indiana,Jay,53,0,0,40.43781032,-85.00576229,18075.0,259.3462517126639,0.0,53,52,0,0,52,50,20764,1,0,0,1,2
2020-06-01,US,Indiana,Jefferson,45,1,0,38.78576239,-85.43633383,18077.0,139.28438776773555,2.2222222222222223,44,45,1,0,44,45,32208,0,0,0,0,0
2020-06-01,US,Indiana,Jennings,130,4,0,38.99588883,-85.62710784,18079.0,468.721831620696,3.0769230769230766,126,130,4,0,126,130,27611,0,0,0,0,0
2020-06-01,US,Indiana,Johnson,1115,109,0,39.48994426,-86.10149107,18081.0,704.9510959934752,9.77578475336323,1006,1105,108,0,997,1097,156225,10,1,0,9,8
2020-06-01,US,Indiana,Knox,28,0,0,38.68861576,-87.4194665,18083.0,76.51527572826146,0.0,28,28,0,0,28,28,36895,0,0,0,0,0
2020-06-01,US,Indiana,Kosciusko,150,1,0,41.24521668,-85.86312322,18085.0,188.78372935964558,0.6666666666666666,149,135,1,0,134,127,79344,15,0,0,15,8
2020-06-01,US,Indiana,LaGrange,84,2,0,41.64232188,-85.42674232,18087.0,212.04624627656892,2.380952380952381,82,81,2,0,79,76,39330,3,0,0,3,5
2020-06-01,US,Indiana,LaPorte,438,24,0,41.54366008,-86.74072188,18091.0,398.5876528829354,5.479452054794519,414,433,23,0,410,430,110007,5,1,0,4,3
2020-06-01,US,Indiana,Lake,3639,190,0,41.41874274,-87.38277575,18089.0,749.5473673152858,5.221214619400933,3449,3616,190,0,3426,3573,484411,23,0,0,23,43
2020-06-01,US,Indiana,Lawrence,165,24,0,38.84112637,-86.48361629,18093.0,363.6764381750055,14.545454545454545,141,163,24,0,139,159,45668,2,0,0,2,4
2020-06-01,US,Indiana,Madison,593,59,0,40.16143691,-85.71964711,18095.0,457.6712022165796,9.949409780775717,534,586,59,0,527,586,129641,7,0,0,7,0
2020-06-01,US,Indiana,Marion,9900,581,0,39.78163624,-86.13826325,18097.0,1026.351310723194,5.8686868686868685,9319,9853,578,0,9275,9761,954670,47,3,0,44,92
2020-06-01,US,Indiana,Marshall,111,2,0,41.32467367,-86.26185087,18099.0,239.95849366596048,1.8018018018018016,109,108,2,0,106,102,46248,3,0,0,3,6
2020-06-01,US,Indiana,Martin,11,0,0,38.7099921,-86.80373186,18101.0,107.26474890297415,0.0,11,11,0,0,11,11,10217,0,0,0,0,0
2020-06-01,US,Indiana,Miami,140,1,0,40.76940965,-86.04525048,18103.0,394.18853474490373,0.7142857142857143,139,140,1,0,139,140,35567,0,0,0,0,0
2020-06-01,US,Indiana,Monroe,166,12,0,39.16130004,-86.52414358,18105.0,111.83647620780027,7.2289156626506035,154,166,12,0,154,167,146917,0,0,0,0,-1
2020-06-01,US,Indiana,Montgomery,245,17,0,40.04034823,-86.89335024,18107.0,639.0526370702697,6.938775510204081,228,241,17,0,224,238,38346,4,0,0,4,3
2020-06-01,US,Indiana,Morgan,280,24,0,39.47899078,-86.44573375,18109.0,397.2250989516095,8.571428571428571,256,277,24,0,253,278,70116,3,0,0,3,-1
2020-06-01,US,Indiana,Newton,78,10,0,40.95610449,-87.39635768,18111.0,557.7803203661326,12.82051282051282,68,78,10,0,68,77,14011,0,0,0,0,1
2020-06-01,US,Indiana,Noble,237,21,0,41.39672484,-85.41966713,18113.0,496.3974530831099,8.860759493670884,216,232,21,0,211,228,47532,5,0,0,5,4
2020-06-01,US,Indiana,Ohio,13,0,0,38.955304999999996,-84.96515993,18115.0,221.27659574468086,0.0,13,13,0,0,13,13,5844,0,0,0,0,0
2020-06-01,US,Indiana,Orange,130,22,0,38.54118920000001,-86.49523093,18117.0,661.712307848926,16.923076923076927,108,128,22,0,106,126,19489,2,0,0,2,2
2020-06-01,US,Indiana,Owen,35,1,0,39.31145587,-86.83900724,18119.0,168.27732102504928,2.8571428571428568,34,35,1,0,34,34,20845,0,0,0,0,1
2020-06-01,US,Indiana,Parke,18,0,0,39.77202286,-87.20375833,18121.0,106.27620003542542,0.0,18,18,0,0,18,17,16927,0,0,0,0,1
2020-06-01,US,Indiana,Perry,33,0,0,38.07809328,-86.63741946,18123.0,172.15295529239918,0.0,33,33,0,0,33,32,19102,0,0,0,0,1
2020-06-01,US,Indiana,Pike,6,0,0,38.40112197,-87.23574907,18125.0,48.43005892323836,0.0,6,6,0,0,6,6,12410,0,0,0,0,0
2020-06-01,US,Indiana,Porter,543,28,0,41.45986947,-87.06848888,18127.0,318.68254406094286,5.156537753222835,515,539,28,0,511,534,169594,4,0,0,4,5
2020-06-01,US,Indiana,Posey,16,0,0,38.02097333,-87.86480429,18129.0,62.9252369528454,0.0,16,16,0,0,16,16,25540,0,0,0,0,0
2020-06-01,US,Indiana,Pulaski,46,0,0,41.04166107,-86.69890683,18131.0,372.379179146766,0.0,46,46,0,0,46,46,12469,0,0,0,0,0
2020-06-01,US,Indiana,Putnam,137,7,0,39.66437981,-86.84517605,18133.0,364.59442197147115,5.109489051094892,130,137,7,0,130,136,37779,0,0,0,0,1
2020-06-01,US,Indiana,Randolph,48,3,0,40.15734772,-85.01139319,18135.0,194.60774376647072,6.25,45,47,3,0,44,47,24851,1,0,0,1,0
2020-06-01,US,Indiana,Ripley,109,6,0,39.10235626,-85.26212744,18137.0,384.832650755543,5.504587155963303,103,109,6,0,103,108,28523,0,0,0,0,1
2020-06-01,US,Indiana,Rush,47,2,0,39.62002287,-85.4655599,18139.0,283.45696881973345,4.25531914893617,45,47,2,0,45,46,16663,0,0,0,0,1
2020-06-01,US,Indiana,Scott,120,3,0,38.68672078,-85.74627859,18143.0,502.65990868344994,2.5,117,120,3,0,117,119,23878,0,0,0,0,1
2020-06-01,US,Indiana,Shelby,373,22,0,39.52305623,-85.79158570000001,18145.0,833.9108855552327,5.898123324396782,351,373,22,0,351,371,44593,0,0,0,0,2
2020-06-01,US,Indiana,Spencer,20,1,0,38.01519732,-87.0079644,18147.0,98.63392020515856,5.0,19,20,1,0,19,20,20327,0,0,0,0,0
2020-06-01,US,Indiana,St. Joseph,1286,34,0,41.61756781,-86.29040834,18141.0,473.0967604276265,2.6438569206842923,1252,1274,34,0,1240,1266,270771,12,0,0,12,8
2020-06-01,US,Indiana,Starke,39,3,0,41.27890281,-86.64686895,18149.0,169.60208741030658,7.6923076923076925,36,39,3,0,36,39,22935,0,0,0,0,0
2020-06-01,US,Indiana,Steuben,84,2,0,41.64423868,-85.00101094,18151.0,242.8166734115743,2.380952380952381,82,83,2,0,81,83,34586,1,0,0,1,0
2020-06-01,US,Indiana,Sullivan,36,1,0,39.08952258,-87.41414469,18153.0,174.1738835937878,2.7777777777777777,35,36,1,0,35,35,20690,0,0,0,0,1
2020-06-01,US,Indiana,Switzerland,20,0,0,38.82767338,-85.03022429,18155.0,186.0292065854339,0.0,20,20,0,0,20,20,10717,0,0,0,0,0
2020-06-01,US,Indiana,Tippecanoe,414,3,0,40.38872739,-86.89413959,18157.0,211.51370240941696,0.7246376811594203,411,402,3,0,399,393,193048,12,0,0,12,9
2020-06-01,US,Indiana,Tipton,25,1,0,40.31123252,-86.05234925,18159.0,165.03828888302087,4.0,24,25,1,0,24,25,15128,0,0,0,0,0
2020-06-01,US,Indiana,Unassigned,0,167,0,0.0,0.0,90018.0,0.0,0.0,-167,0,167,0,-167,0,,0,0,0,0,0
2020-06-01,US,Indiana,Union,9,0,0,39.62550777,-84.92497066,18161.0,127.58718457612702,0.0,9,9,0,0,9,9,7037,0,0,0,0,0
2020-06-01,US,Indiana,Vanderburgh,282,2,0,38.02658833,-87.58763124,18163.0,155.41385828681018,0.7092198581560284,280,274,2,0,272,266,180974,8,0,0,8,8
2020-06-01,US,Indiana,Vermillion,10,0,0,39.8523352,-87.46160542,18165.0,64.5244547683572,0.0,10,10,0,0,10,10,15479,0,0,0,0,0
2020-06-01,US,Indiana,Vigo,169,8,0,39.42944561,-87.39169027,18167.0,157.88785291204994,4.733727810650888,161,169,8,0,161,168,107386,0,0,0,0,1
2020-06-01,US,Indiana,Wabash,79,2,0,40.84704239,-85.79328272,18169.0,254.871596335011,2.5316455696202533,77,78,2,0,76,77,31280,1,0,0,1,1
2020-06-01,US,Indiana,Warren,12,1,0,40.34728141,-87.35602659,18171.0,145.19056261343013,8.333333333333334,11,12,1,0,11,12,8263,0,0,0,0,0
2020-06-01,US,Indiana,Warrick,166,28,0,38.08922676,-87.2716085,18173.0,263.5004285850345,16.867469879518072,138,166,28,0,138,166,62567,0,0,0,0,0
2020-06-01,US,Indiana,Washington,52,1,0,38.60219804,-86.1049363,18175.0,185.47581680696248,1.9230769230769231,51,52,1,0,51,52,27943,0,0,0,0,0
2020-06-01,US,Indiana,Wayne,85,5,0,39.863344399999995,-85.01044989,18177.0,129.0146317770627,5.882352941176472,80,82,5,0,77,78,65936,3,0,0,3,4
2020-06-01,US,Indiana,Wells,32,0,0,40.72934187,-85.22132966,18179.0,113.09018942606727,0.0,32,32,0,0,32,31,28206,0,0,0,0,1
2020-06-01,US,Indiana,White,237,8,0,40.74911165,-86.86492015,18181.0,983.3208862335077,3.3755274261603376,229,235,8,0,227,233,24133,2,0,0,2,2
2020-06-01,US,Indiana,Whitley,43,3,0,41.13863784,-85.50791236,18183.0,126.6046402072783,6.9767441860465125,40,42,3,0,39,41,34074,1,0,0,1,1
2020-06-01,US,Iowa,Adair,9,0,0,41.33075609,-94.47105874,19001.0,125.83892617449663,0.0,9,9,0,0,9,9,7063,0,0,0,0,0
2020-06-01,US,Iowa,Adams,7,0,0,41.02903567,-94.69932645,19003.0,194.3364797334814,0.0,7,7,0,0,7,7,3645,0,0,0,0,0
2020-06-01,US,Iowa,Allamakee,120,4,0,43.28383218,-91.37860922,19005.0,876.7443559582084,3.333333333333333,116,121,4,0,117,120,13832,-1,0,0,-1,1
2020-06-01,US,Iowa,Appanoose,14,3,0,40.74324454,-92.86865906,19007.0,112.66698857234829,21.428571428571427,11,15,3,0,12,15,12437,-1,0,0,-1,0
2020-06-01,US,Iowa,Audubon,12,1,0,41.6844628,-94.90581859,19009.0,218.34061135371175,8.333333333333334,11,12,1,0,11,12,5506,0,0,0,0,0
2020-06-01,US,Iowa,Benton,43,1,0,42.08011739,-92.06463573,19011.0,167.67401052836814,2.3255813953488373,42,43,1,0,42,41,25642,0,0,0,0,2
2020-06-01,US,Iowa,Black Hawk,1747,45,0,42.4704581,-92.30524729,19013.0,1331.2707653854359,2.5758443045220383,1702,1746,44,0,1702,1739,132408,1,1,0,0,7
2020-06-01,US,Iowa,Boone,65,0,0,42.03657094,-93.9313999,19015.0,247.77006937561939,0.0,65,62,0,0,62,61,26346,3,0,0,3,1
2020-06-01,US,Iowa,Bremer,69,6,0,42.77461496,-92.31795937,19017.0,275.31721331098873,8.695652173913043,63,70,6,0,64,69,24947,-1,0,0,-1,1
2020-06-01,US,Iowa,Buchanan,33,0,0,42.4709188,-91.83510825,19019.0,155.84415584415584,0.0,33,33,0,0,33,33,21199,0,0,0,0,0
2020-06-01,US,Iowa,Buena Vista,810,0,0,42.73545875,-95.15100162,19021.0,4128.440366972477,0.0,810,783,0,0,783,735,19874,27,0,0,27,48
2020-06-01,US,Iowa,Butler,17,1,0,42.73172833,-92.79015971,19023.0,117.73668536602258,5.882352941176472,16,16,1,0,15,15,14539,1,0,0,1,1
2020-06-01,US,Iowa,Calhoun,2,0,0,42.38521079,-94.64046046,19025.0,20.68680182043856,0.0,2,2,0,0,2,2,9699,0,0,0,0,0
2020-06-01,US,Iowa,Carroll,11,0,0,42.03617207,-94.86032705,19027.0,54.54996280684354,0.0,11,10,0,0,10,9,20154,1,0,0,1,1
2020-06-01,US,Iowa,Cass,12,0,0,41.33149454,-94.92792482,19029.0,93.48706762231224,0.0,12,12,0,0,12,12,12930,0,0,0,0,0
2020-06-01,US,Iowa,Cedar,48,1,0,41.77233777,-91.13246684,19031.0,257.69044934772097,2.083333333333333,47,47,1,0,46,46,18627,1,0,0,1,1
2020-06-01,US,Iowa,Cerro Gordo,29,1,0,43.08177563,-93.2612239,19033.0,68.31566548881037,3.4482758620689653,28,29,1,0,28,28,42647,0,0,0,0,1
2020-06-01,US,Iowa,Cherokee,31,0,0,42.73538914,-95.62389402,19035.0,275.92345349354696,0.0,31,28,0,0,28,28,11321,3,0,0,3,0
2020-06-01,US,Iowa,Chickasaw,10,0,0,43.06001295,-92.31773347,19037.0,83.80122349786306,0.0,10,10,0,0,10,10,11964,0,0,0,0,0
2020-06-01,US,Iowa,Clarke,56,0,0,41.02868181,-93.78499767,19039.0,596.0617349654071,0.0,56,55,0,0,55,53,9423,1,0,0,1,2
2020-06-01,US,Iowa,Clay,17,0,0,43.08247182,-95.15096481,19041.0,106.14385614385614,0.0,17,16,0,0,16,15,16134,1,0,0,1,1
2020-06-01,US,Iowa,Clayton,34,3,0,42.84443388,-91.34133693,19043.0,193.74323323266282,8.823529411764708,31,35,3,0,32,34,17556,-1,0,0,-1,1
2020-06-01,US,Iowa,Clinton,64,1,0,41.89981633,-90.53275096,19045.0,137.8448814318637,1.5625,63,61,1,0,60,61,46518,3,0,0,3,0
2020-06-01,US,Iowa,Crawford,528,2,0,42.03718237,-95.3819718,19047.0,3139.1200951248525,0.3787878787878788,526,516,2,0,514,514,17158,12,0,0,12,2
2020-06-01,US,Iowa,Dallas,916,23,0,41.68560356,-94.04127625,19049.0,980.1718510909227,2.510917030567686,893,904,21,0,883,892,90180,12,2,0,10,12
2020-06-01,US,Iowa,Davis,23,0,0,40.74773536,-92.41005468,19051.0,255.55555555555557,0.0,23,22,0,0,22,21,9017,1,0,0,1,1
2020-06-01,US,Iowa,Decatur,1,0,0,40.73742757,-93.78645949,19053.0,12.706480304955528,0.0,1,1,0,0,1,1,7890,0,0,0,0,0
2020-06-01,US,Iowa,Delaware,17,1,0,42.47104597,-91.3664492,19055.0,99.9353359590853,5.882352941176472,16,15,0,0,15,15,17069,2,1,0,1,0
2020-06-01,US,Iowa,Des Moines,65,1,0,40.92012606,-91.18326592,19057.0,166.8078117381374,1.5384615384615383,64,63,1,0,62,62,39138,2,0,0,2,1
2020-06-01,US,Iowa,Dickinson,21,0,0,43.37787725,-95.1510206,19059.0,121.68269787924443,0.0,21,21,0,0,21,20,17153,0,0,0,0,1
2020-06-01,US,Iowa,Dubuque,346,19,0,42.46815349,-90.88181925,19061.0,355.5610362651705,5.491329479768787,327,344,18,0,326,345,96854,2,1,0,1,-1
2020-06-01,US,Iowa,Emmet,16,0,0,43.37782951,-94.67858943,19063.0,173.7619461337967,0.0,16,15,0,0,15,14,9253,1,0,0,1,1
2020-06-01,US,Iowa,Fayette,27,0,0,42.86271799,-91.84412309999999,19065.0,137.40458015267177,0.0,27,27,0,0,27,27,19660,0,0,0,0,0
2020-06-01,US,Iowa,Floyd,19,1,0,43.06000529999999,-92.78940097,19067.0,121.4678429868303,5.2631578947368425,18,19,1,0,18,19,15761,0,0,0,0,0
2020-06-01,US,Iowa,Franklin,14,0,0,42.73270384,-93.26256925,19069.0,139.02681231380342,0.0,14,13,0,0,13,13,10124,1,0,0,1,0
2020-06-01,US,Iowa,Fremont,4,0,0,40.74542720000001,-95.60129045,19071.0,57.4712643678161,0.0,4,4,0,0,4,4,6993,0,0,0,0,0
2020-06-01,US,Iowa,Greene,13,0,0,42.03614551,-94.39658081,19073.0,146.26462646264628,0.0,13,13,0,0,13,13,8981,0,0,0,0,0
2020-06-01,US,Iowa,Grundy,20,0,0,42.40183723,-92.78829551,19075.0,163.50555918901242,0.0,20,20,0,0,20,20,12304,0,0,0,0,0
2020-06-01,US,Iowa,Guthrie,51,3,0,41.68378965,-94.50111014,19077.0,477.1260174010665,5.882352941176472,48,50,3,0,47,50,10720,1,0,0,1,0
2020-06-01,US,Iowa,Hamilton,43,0,0,42.38382428,-93.70197703,19079.0,291.0715494483178,0.0,43,37,0,0,37,35,14952,6,0,0,6,2
2020-06-01,US,Iowa,Hancock,16,0,0,43.08178477,-93.73454884,19081.0,150.51740357478837,0.0,16,16,0,0,16,16,10712,0,0,0,0,0
2020-06-01,US,Iowa,Hardin,17,0,0,42.38353877,-93.23654611,19083.0,100.91416359966757,0.0,17,17,0,0,17,16,16868,0,0,0,0,1
2020-06-01,US,Iowa,Harrison,23,0,0,41.68330137,-95.81558439,19085.0,163.71271976653142,0.0,23,23,0,0,23,22,14134,0,0,0,0,1
2020-06-01,US,Iowa,Henry,71,1,0,40.98767962,-91.54436349,19087.0,355.81838227924226,1.4084507042253518,70,71,1,0,70,71,20067,0,0,0,0,0
2020-06-01,US,Iowa,Howard,12,0,0,43.35671042,-92.31702714,19089.0,131.03297663245252,0.0,12,12,0,0,12,12,9187,0,0,0,0,0
2020-06-01,US,Iowa,Humboldt,18,1,0,42.7764426,-94.20722537,19091.0,188.32391713747646,5.5555555555555545,17,18,0,0,18,17,9547,0,1,0,-1,1
2020-06-01,US,Iowa,Ida,14,0,0,42.38696136,-95.51355387,19093.0,204.08163265306126,0.0,14,14,0,0,14,14,6841,0,0,0,0,0
2020-06-01,US,Iowa,Iowa,33,0,0,41.68630265,-92.0643373,19095.0,203.90509144834405,0.0,33,33,0,0,33,33,16141,0,0,0,0,0
2020-06-01,US,Iowa,Jackson,12,0,0,42.17178824,-90.57354837,19097.0,61.73157055404084,0.0,12,12,0,0,12,12,19432,0,0,0,0,0
2020-06-01,US,Iowa,Jasper,260,17,0,41.68576082,-93.05567785,19099.0,699.206669355923,6.538461538461537,243,260,16,0,244,261,37147,0,1,0,-1,-1
2020-06-01,US,Iowa,Jefferson,30,0,0,41.03192394,-91.94849466,19101.0,163.9792292976223,0.0,30,27,0,0,27,23,18381,3,0,0,3,4
2020-06-01,US,Iowa,Johnson,614,9,0,41.67169354,-91.58754744,19103.0,406.2458647611486,1.4657980456026058,605,614,9,0,605,614,151260,0,0,0,0,0
2020-06-01,US,Iowa,Jones,36,0,0,42.12118609,-91.13139641,19105.0,174.07282046322712,0.0,36,36,0,0,36,36,20744,0,0,0,0,0
2020-06-01,US,Iowa,Keokuk,14,0,0,41.33649833,-92.1785067,19107.0,136.63868826859263,0.0,14,15,0,0,15,15,10225,-1,0,0,-1,0
2020-06-01,US,Iowa,Kossuth,10,0,0,43.20405458,-94.20691791,19109.0,67.50826976304597,0.0,10,9,0,0,9,9,14908,1,0,0,1,0
2020-06-01,US,Iowa,Lee,27,0,0,40.64181461,-91.48183025,19111.0,80.22105356983687,0.0,27,27,0,0,27,25,34055,0,0,0,0,2
2020-06-01,US,Iowa,Linn,953,79,0,42.07923082,-91.59809485,19113.0,420.3682302188738,8.289611752360965,874,955,77,0,878,949,225909,-2,2,0,-4,6
2020-06-01,US,Iowa,Louisa,345,11,0,41.21842119,-91.26102611,19115.0,3126.4159492523786,3.188405797101449,334,344,11,0,333,343,11169,1,0,0,1,1
2020-06-01,US,Iowa,Lucas,17,0,0,41.02958964,-93.32780803,19117.0,197.67441860465115,0.0,17,17,0,0,17,17,8645,0,0,0,0,0
2020-06-01,US,Iowa,Lyon,24,0,0,43.38107862,-96.20926845,19119.0,204.16843896214374,0.0,24,24,0,0,24,21,11811,0,0,0,0,3
2020-06-01,US,Iowa,Madison,29,2,0,41.33081904,-94.01554631,19121.0,177.50030603501042,6.896551724137932,27,28,2,0,26,28,16249,1,0,0,1,0
2020-06-01,US,Iowa,Mahaska,95,10,0,41.33521503,-92.64083907,19123.0,429.96152975786384,10.526315789473683,85,94,10,0,84,93,22000,1,0,0,1,1
2020-06-01,US,Iowa,Marion,32,0,0,41.33445101,-93.09934783,19125.0,96.23191892460831,0.0,32,32,0,0,32,32,33407,0,0,0,0,0
2020-06-01,US,Iowa,Marshall,896,16,0,42.03586837,-92.99908190000001,19127.0,2275.9023597246564,1.7857142857142858,880,894,16,0,878,892,39981,2,0,0,2,2
2020-06-01,US,Iowa,Mills,19,0,0,41.03299766,-95.61920963,19129.0,125.75286253226555,0.0,19,19,0,0,19,19,15063,0,0,0,0,0
2020-06-01,US,Iowa,Mitchell,4,0,0,43.35638371,-92.78887719,19131.0,37.78575477045154,0.0,4,4,0,0,4,4,10569,0,0,0,0,0
2020-06-01,US,Iowa,Monona,25,0,0,42.05220391,-95.95743843,19133.0,290.1915264074289,0.0,25,24,0,0,24,24,8679,1,0,0,1,0
2020-06-01,US,Iowa,Monroe,38,5,0,41.02988815,-92.8690667,19135.0,493.0582587258336,13.157894736842106,33,38,5,0,33,38,7790,0,0,0,0,0
2020-06-01,US,Iowa,Montgomery,8,0,0,41.03018714,-95.15642896,19137.0,80.66955732580419,0.0,8,7,0,0,7,7,10003,1,0,0,1,0
2020-06-01,US,Iowa,Muscatine,557,41,0,41.48370744,-91.11216970000001,19139.0,1305.550346896681,7.360861759425495,516,557,41,0,516,556,42929,0,0,0,0,1
2020-06-01,US,Iowa,O'Brien,30,0,0,43.08310673,-95.62474482,19141.0,218.13422525994332,0.0,30,31,0,0,31,27,13840,-1,0,0,-1,4
2020-06-01,US,Iowa,Osceola,34,0,0,43.37824276,-95.62422844,19143.0,570.6612957368243,0.0,34,33,0,0,33,33,6040,1,0,0,1,0
2020-06-01,US,Iowa,Page,14,0,0,40.7393172,-95.1497813,19145.0,92.67227113258755,0.0,14,13,0,0,13,13,15249,1,0,0,1,0
2020-06-01,US,Iowa,Palo Alto,7,0,0,43.08193849,-94.67824621,19147.0,78.77560207067297,0.0,7,6,0,0,6,6,8929,1,0,0,1,0
2020-06-01,US,Iowa,Plymouth,133,2,0,42.737633,-96.21366621,19149.0,528.2599197680422,1.5037593984962403,131,132,2,0,130,129,25095,1,0,0,1,3
2020-06-01,US,Iowa,Pocahontas,13,0,0,42.73420133,-94.67862564,19151.0,196.40429067835018,0.0,13,12,0,0,12,11,6740,1,0,0,1,1
2020-06-01,US,Iowa,Polk,4236,133,0,41.68679484,-93.57767461,19153.0,864.2058425700943,3.1397544853635506,4103,4227,126,0,4101,4160,487204,9,7,0,2,67
2020-06-01,US,Iowa,Pottawattamie,269,8,0,41.33640314,-95.53907776,19155.0,288.6080295259962,2.9739776951672865,261,263,8,0,255,257,93533,6,0,0,6,6
2020-06-01,US,Iowa,Poweshiek,90,8,0,41.68625425,-92.53155731,19157.0,486.3813229571985,8.888888888888891,82,90,8,0,82,90,18699,0,0,0,0,0
2020-06-01,US,Iowa,Ringgold,4,0,0,40.73518949,-94.24368535,19159.0,81.73273395995095,0.0,4,4,0,0,4,4,4968,0,0,0,0,0
2020-06-01,US,Iowa,Sac,20,0,0,42.38624071,-95.10547892,19161.0,205.74015019030963,0.0,20,19,0,0,19,18,9719,1,0,0,1,1
2020-06-01,US,Iowa,Scott,361,10,0,41.63935978,-90.61959493,19163.0,208.73929560606675,2.770083102493075,351,359,10,0,349,358,173283,2,0,0,2,1
2020-06-01,US,Iowa,Shelby,37,0,0,41.6850066,-95.31015553,19165.0,323.031255456609,0.0,37,37,0,0,37,37,11578,0,0,0,0,0
2020-06-01,US,Iowa,Sioux,283,0,0,43.08221074,-96.17675679999999,19167.0,811.9351599483575,0.0,283,275,0,0,275,219,34909,8,0,0,8,56
2020-06-01,US,Iowa,Story,116,1,0,42.03621213,-93.46499005,19169.0,119.4435577705242,0.8620689655172413,115,115,1,0,114,109,98105,1,0,0,1,6
2020-06-01,US,Iowa,Tama,403,27,0,42.07991767,-92.53266945,19171.0,2391.123768838258,6.6997518610421825,376,403,27,0,376,402,16904,0,0,0,0,1
2020-06-01,US,Iowa,Taylor,56,0,0,40.73710579,-94.69778563,19173.0,914.8831890214017,0.0,56,56,0,0,56,54,6191,0,0,0,0,2
2020-06-01,US,Iowa,Unassigned,1,0,0,0.0,0.0,90019.0,0.0,0.0,1,1,0,0,1,6,,0,0,0,0,-5
2020-06-01,US,Iowa,Union,9,0,0,41.0277278,-94.24234847,19175.0,73.52340495057594,0.0,9,8,0,0,8,7,12359,1,0,0,1,1
2020-06-01,US,Iowa,Van Buren,9,0,0,40.75326764,-91.95017958,19177.0,127.76831345826237,0.0,9,9,0,0,9,9,7020,0,0,0,0,0
2020-06-01,US,Iowa,Wapello,597,12,0,41.03064984,-92.40954728,19179.0,1707.2264005261804,2.010050251256281,585,593,10,0,583,558,35205,4,2,0,2,35
2020-06-01,US,Iowa,Warren,135,0,0,41.33559454,-93.56007641,19181.0,262.3090972680993,0.0,135,132,0,0,132,126,51056,3,0,0,3,6
2020-06-01,US,Iowa,Washington,189,8,0,41.33577126,-91.71725711,19183.0,860.4598224447984,4.232804232804233,181,189,8,0,181,188,22141,0,0,0,0,1
2020-06-01,US,Iowa,Wayne,1,0,0,40.73969028,-93.32752197,19185.0,15.525539512498062,0.0,1,1,0,0,1,1,6401,0,0,0,0,0
2020-06-01,US,Iowa,Webster,42,1,0,42.42853483,-94.17987389,19187.0,116.97860962566843,2.380952380952381,41,40,1,0,39,39,36277,2,0,0,2,1
2020-06-01,US,Iowa,Winnebago,11,0,0,43.37751174,-93.73407298,19189.0,106.23913463395789,0.0,11,11,0,0,11,11,10518,0,0,0,0,0
2020-06-01,US,Iowa,Winneshiek,24,0,0,43.29094334,-91.84422722,19191.0,120.05402431093992,0.0,24,24,0,0,24,24,20029,0,0,0,0,0
2020-06-01,US,Iowa,Woodbury,2761,36,0,42.38979414,-96.0459439,19193.0,2677.8007312791565,1.3038754074610648,2725,2750,34,0,2716,2740,102539,11,2,0,9,10
2020-06-01,US,Iowa,Worth,3,0,0,43.37750768,-93.26087602,19195.0,40.64489906516732,0.0,3,3,0,0,3,3,7453,0,0,0,0,0
2020-06-01,US,Iowa,Wright,178,0,0,42.73305373,-93.73515113,19197.0,1416.9718197739214,0.0,178,169,0,0,169,167,12690,9,0,0,9,2
2020-06-01,US,Kansas,Allen,1,0,0,37.88582951,-95.30030847,20001.0,8.084727948904519,0.0,1,1,0,0,1,1,12444,0,0,0,0,0
2020-06-01,US,Kansas,Anderson,1,0,0,38.21413251,-95.29272815,20003.0,12.725884448969204,0.0,1,1,0,0,1,1,7878,0,0,0,0,0
2020-06-01,US,Kansas,Atchison,23,0,0,39.53185661,-95.30870026,20005.0,143.09711939277045,0.0,23,22,0,0,22,22,16193,1,0,0,1,0
2020-06-01,US,Kansas,Barber,1,0,0,37.2288586,-98.68460053,20007.0,22.588660492432798,0.0,1,1,0,0,1,1,4472,0,0,0,0,0
2020-06-01,US,Kansas,Barton,44,1,0,38.47889676,-98.75636726,20009.0,170.6815625121223,2.272727272727273,43,45,1,0,44,45,26111,-1,0,0,-1,0
2020-06-01,US,Kansas,Bourbon,7,1,0,37.85508555,-94.84865997,20011.0,48.16292830604101,14.285714285714285,6,7,1,0,6,7,14653,0,0,0,0,0
2020-06-01,US,Kansas,Brown,6,0,0,39.82652589,-95.56421698,20013.0,62.73525721455458,0.0,6,6,0,0,6,6,9598,0,0,0,0,0
2020-06-01,US,Kansas,Butler,34,0,0,37.78134351,-96.83878537,20015.0,50.813767541958725,0.0,34,31,0,0,31,31,66765,3,0,0,3,0
2020-06-01,US,Kansas,Chase,4,0,0,38.30292938,-96.59563862,20017.0,151.0574018126888,0.0,4,4,0,0,4,4,2629,0,0,0,0,0
2020-06-01,US,Kansas,Chautauqua,4,0,0,37.14994405,-96.2454192,20019.0,123.07692307692308,0.0,4,4,0,0,4,4,3309,0,0,0,0,0
2020-06-01,US,Kansas,Cherokee,10,0,0,37.16928494,-94.8462897,20021.0,50.15296654797132,0.0,10,10,0,0,10,10,20015,0,0,0,0,0
2020-06-01,US,Kansas,Cheyenne,2,0,0,39.78580976,-101.7318201,20023.0,75.27286413248024,0.0,2,2,0,0,2,2,2660,0,0,0,0,0
2020-06-01,US,Kansas,Clark,33,1,0,37.23577007,-99.81883015,20025.0,1654.964894684052,3.0303030303030303,32,33,1,0,32,33,2005,0,0,0,0,0
2020-06-01,US,Kansas,Clay,5,2,0,39.34948772,-97.16518128,20027.0,62.48437890527367,40.0,3,5,2,0,3,5,7997,0,0,0,0,0
2020-06-01,US,Kansas,Cloud,5,0,0,39.48028352,-97.64925343,20029.0,56.908718415661276,0.0,5,5,0,0,5,5,8729,0,0,0,0,0
2020-06-01,US,Kansas,Coffey,50,8,0,38.2365018,-95.73379515,20031.0,611.321677466683,16.0,42,50,8,0,42,50,8233,0,0,0,0,0
2020-06-01,US,Kansas,Comanche,2,0,0,37.19114520000001,-99.27113247,20033.0,117.64705882352942,0.0,2,2,0,0,2,2,1748,0,0,0,0,0
2020-06-01,US,Kansas,Cowley,10,1,0,37.23781842,-96.83776647,20035.0,28.64672854360032,10.0,9,5,1,0,4,5,35218,5,0,0,5,0
2020-06-01,US,Kansas,Crawford,8,1,0,37.50675523,-94.85245778,20037.0,20.608995826678342,12.5,7,8,1,0,7,8,39019,0,0,0,0,0
2020-06-01,US,Kansas,Dickinson,4,0,0,38.86600962,-97.15532383,20041.0,21.661431820643344,0.0,4,3,0,0,3,3,18717,1,0,0,1,0
2020-06-01,US,Kansas,Doniphan,17,0,0,39.79067154,-95.14056866,20043.0,223.68421052631575,0.0,17,15,0,0,15,15,7682,2,0,0,2,0
2020-06-01,US,Kansas,Douglas,67,0,0,38.88503636,-95.2925121,20045.0,54.80169149101498,0.0,67,66,0,0,66,66,121436,1,0,0,1,0
2020-06-01,US,Kansas,Edwards,5,0,0,37.88735543,-99.31263309,20047.0,178.69907076483204,0.0,5,5,0,0,5,5,2849,0,0,0,0,0
2020-06-01,US,Kansas,Ellis,8,0,0,38.91458712,-99.31751551,20051.0,28.01807165621826,0.0,8,8,0,0,8,8,28710,0,0,0,0,0
2020-06-01,US,Kansas,Ellsworth,2,0,0,38.69677695,-98.20462799,20053.0,32.77613897082924,0.0,2,2,0,0,2,2,6196,0,0,0,0,0
2020-06-01,US,Kansas,Finney,1502,8,0,38.04340344,-100.73819379999999,20055.0,4118.792332794033,0.5326231691078562,1494,1481,8,0,1473,1481,36611,21,0,0,21,0
2020-06-01,US,Kansas,Ford,1787,8,0,37.69200114,-99.88825298,20057.0,5315.446622445641,0.4476776720761052,1779,1742,8,0,1734,1732,33888,45,0,0,45,10
2020-06-01,US,Kansas,Franklin,35,0,0,38.56443815,-95.28644341,20059.0,137.018477920451,0.0,35,34,0,0,34,34,25631,1,0,0,1,0
2020-06-01,US,Kansas,Geary,20,0,0,38.99871131,-96.7577178,20061.0,63.15124723713294,0.0,20,20,0,0,20,20,32594,0,0,0,0,0
2020-06-01,US,Kansas,Gove,1,0,0,38.91588178,-100.4829321,20063.0,37.93626707132018,0.0,1,1,0,0,1,1,2612,0,0,0,0,0
2020-06-01,US,Kansas,Grant,18,0,0,37.56227336,-101.3079758,20067.0,251.74825174825176,0.0,18,18,0,0,18,18,7336,0,0,0,0,0
2020-06-01,US,Kansas,Gray,23,0,0,37.73836671,-100.4369088,20069.0,384.1015364061456,0.0,23,22,0,0,22,22,6033,1,0,0,1,0
2020-06-01,US,Kansas,Greenwood,9,0,0,37.8774388,-96.23250453,20073.0,150.45135406218657,0.0,9,9,0,0,9,9,6055,0,0,0,0,0
2020-06-01,US,Kansas,Hamilton,18,0,0,37.99978709,-101.7921066,20075.0,708.9405277668374,0.0,18,17,0,0,17,17,2607,1,0,0,1,0
2020-06-01,US,Kansas,Harper,2,0,0,37.19175361,-98.07578384,20077.0,36.79175864606328,0.0,2,2,0,0,2,2,5506,0,0,0,0,0
2020-06-01,US,Kansas,Harvey,11,0,0,38.04293782,-97.42747573,20079.0,31.949809753405557,0.0,11,11,0,0,11,11,34210,0,0,0,0,0
2020-06-01,US,Kansas,Haskell,21,0,0,37.562039399999996,-100.8710738,20081.0,529.233870967742,0.0,21,21,0,0,21,21,3997,0,0,0,0,0
2020-06-01,US,Kansas,Hodgeman,5,0,0,38.08780079,-99.89829881,20083.0,278.70680044593087,0.0,5,5,0,0,5,5,1818,0,0,0,0,0
2020-06-01,US,Kansas,Jackson,100,1,0,39.41673394,-95.79356799,20085.0,759.2437931819908,1.0,99,96,1,0,95,96,13280,4,0,0,4,0
2020-06-01,US,Kansas,Jefferson,22,0,0,39.2347941,-95.38289232,20087.0,115.52801554376936,0.0,22,22,0,0,22,22,18975,0,0,0,0,0
2020-06-01,US,Kansas,Jewell,4,0,0,39.78470589,-98.21820662,20089.0,138.9371309482459,0.0,4,4,0,0,4,4,2841,0,0,0,0,0
2020-06-01,US,Kansas,Johnson,844,63,0,38.88548175,-94.82250877,20091.0,140.1060091201708,7.464454976303317,781,812,62,0,750,812,597555,32,1,0,31,0
2020-06-01,US,Kansas,Kearny,45,1,0,38.00017981,-101.32168100000001,20093.0,1172.4856696195934,2.2222222222222223,44,45,1,0,44,45,3943,0,0,0,0,0
2020-06-01,US,Kansas,Kiowa,2,0,0,37.55848695,-99.2856537,20097.0,80.8080808080808,0.0,2,2,0,0,2,2,2516,0,0,0,0,0
2020-06-01,US,Kansas,Labette,22,0,0,37.19113093,-95.29849679,20099.0,112.141910490366,0.0,22,22,0,0,22,22,19964,0,0,0,0,0
2020-06-01,US,Kansas,Lane,3,0,0,38.48119447,-100.46607540000001,20101.0,195.4397394136808,0.0,3,3,0,0,3,3,1560,0,0,0,0,0
2020-06-01,US,Kansas,Leavenworth,1093,7,0,39.20183497,-95.03620809,20103.0,1336.8722326867094,0.6404391582799634,1086,1082,7,0,1075,1082,81352,11,0,0,11,0
2020-06-01,US,Kansas,Linn,11,0,0,38.21267844,-94.84254089,20107.0,113.36699989693909,0.0,11,11,0,0,11,11,9750,0,0,0,0,0
2020-06-01,US,Kansas,Lyon,372,3,0,38.45576156,-96.15275715,20111.0,1120.6507004066875,0.8064516129032258,369,354,3,0,351,354,33406,18,0,0,18,0
2020-06-01,US,Kansas,Marion,5,1,0,38.35855394,-97.09852509999999,20115.0,42.07337596768765,20.0,4,5,1,0,4,5,11950,0,0,0,0,0
2020-06-01,US,Kansas,McPherson,28,0,0,38.39184858,-97.64769869,20113.0,98.10104407539768,0.0,28,27,0,0,27,27,28537,1,0,0,1,0
2020-06-01,US,Kansas,Meade,31,0,0,37.23859987,-100.36483100000001,20119.0,768.6585668237044,0.0,31,29,0,0,29,29,4146,2,0,0,2,0
2020-06-01,US,Kansas,Miami,7,0,0,38.56383358,-94.83832189,20121.0,20.445716622367613,0.0,7,7,0,0,7,7,33680,0,0,0,0,0
2020-06-01,US,Kansas,Mitchell,4,0,0,39.39331582,-98.20906732,20123.0,66.9008195350393,0.0,4,4,0,0,4,4,6150,0,0,0,0,0
2020-06-01,US,Kansas,Montgomery,20,2,0,37.19236568,-95.74329258,20125.0,62.835778692387436,10.0,18,20,2,0,18,20,32120,0,0,0,0,0
2020-06-01,US,Kansas,Morris,5,0,0,38.68827511,-96.65128437,20127.0,88.96797153024912,0.0,5,5,0,0,5,5,5521,0,0,0,0,0
2020-06-01,US,Kansas,Morton,6,0,0,37.19141121,-101.79925190000002,20129.0,231.92887514495555,0.0,6,5,0,0,5,5,2667,1,0,0,1,0
2020-06-01,US,Kansas,Nemaha,18,0,0,39.78345387,-96.01392079,20131.0,175.9358811455381,0.0,18,16,0,0,16,16,10155,2,0,0,2,0
2020-06-01,US,Kansas,Neosho,2,0,0,37.55862897,-95.30670046,20133.0,12.494533641531827,0.0,2,2,0,0,2,2,15951,0,0,0,0,0
2020-06-01,US,Kansas,Ness,3,0,0,38.47974157,-99.91547333,20135.0,109.0909090909091,0.0,3,1,0,0,1,1,2840,2,0,0,2,0
2020-06-01,US,Kansas,Norton,2,0,0,39.78443827,-99.90286639,20137.0,37.30647267300878,0.0,2,2,0,0,2,2,5430,0,0,0,0,0
2020-06-01,US,Kansas,Osage,7,0,0,38.65235984,-95.72707998,20139.0,43.889899053232185,0.0,7,7,0,0,7,7,15941,0,0,0,0,0
2020-06-01,US,Kansas,Osborne,2,0,0,39.3503437,-98.76753828,20141.0,58.46243788365975,0.0,2,2,0,0,2,2,3475,0,0,0,0,0
2020-06-01,US,Kansas,Ottawa,4,0,0,39.13237408,-97.65020313,20143.0,70.12622720897616,0.0,4,4,0,0,4,4,5802,0,0,0,0,0
2020-06-01,US,Kansas,Phillips,2,0,0,39.78465501,-99.34668865,20147.0,38.211692777990066,0.0,2,2,0,0,2,2,5317,0,0,0,0,0
2020-06-01,US,Kansas,Pottawatomie,25,0,0,39.37925655,-96.34564657,20149.0,102.5304515441086,0.0,25,25,0,0,25,25,24277,0,0,0,0,0
2020-06-01,US,Kansas,Pratt,2,0,0,37.64780729,-98.73922153,20151.0,21.824530772588393,0.0,2,2,0,0,2,2,9378,0,0,0,0,0
2020-06-01,US,Kansas,Reno,43,0,0,37.95230263,-98.08607292,20155.0,69.3570760347108,0.0,43,43,0,0,43,43,62342,0,0,0,0,0
2020-06-01,US,Kansas,Republic,4,0,0,39.82799632,-97.65036709,20157.0,86.28127696289906,0.0,4,4,0,0,4,4,4664,0,0,0,0,0
2020-06-01,US,Kansas,Rice,4,0,0,38.34616184,-98.19992118,20159.0,41.94191045402118,0.0,4,4,0,0,4,4,9531,0,0,0,0,0
2020-06-01,US,Kansas,Riley,66,1,0,39.28935726,-96.73420026,20161.0,88.91044293566117,1.5151515151515151,65,64,1,0,63,64,73703,2,0,0,2,0
2020-06-01,US,Kansas,Rooks,6,0,0,39.35022773,-99.32484567,20163.0,121.95121951219512,0.0,6,6,0,0,6,6,5013,0,0,0,0,0
2020-06-01,US,Kansas,Saline,25,2,0,38.78369175,-97.65185177,20169.0,46.10504573620537,8.0,23,25,2,0,23,25,54401,0,0,0,0,0
2020-06-01,US,Kansas,Scott,14,0,0,38.48222076,-100.90665390000001,20171.0,290.2757619738752,0.0,14,14,0,0,14,14,4897,0,0,0,0,0
2020-06-01,US,Kansas,Sedgwick,601,21,0,37.6842718,-97.4608198,20173.0,116.46338863890922,3.4941763727121464,580,580,21,0,559,580,513607,21,0,0,21,0
2020-06-01,US,Kansas,Seward,879,2,0,37.19324632,-100.85072009999999,20175.0,4102.109389583722,0.22753128555176336,877,883,2,0,881,883,21780,-4,0,0,-4,0
2020-06-01,US,Kansas,Shawnee,324,7,0,39.04100763,-95.75572640000001,20177.0,183.1802120141343,2.1604938271604937,317,300,7,0,293,300,177499,24,0,0,24,0
2020-06-01,US,Kansas,Sheridan,2,0,0,39.35018161,-100.44182590000001,20179.0,79.33359777865927,0.0,2,2,0,0,2,2,2533,0,0,0,0,0
2020-06-01,US,Kansas,Sherman,7,0,0,39.35147699,-101.71976240000001,20181.0,118.30319418624303,0.0,7,7,0,0,7,7,5899,0,0,0,0,0
2020-06-01,US,Kansas,Smith,2,0,0,39.78516566,-98.78566062,20183.0,55.81914596706671,0.0,2,2,0,0,2,2,3603,0,0,0,0,0
2020-06-01,US,Kansas,Stafford,1,0,0,38.03100851,-98.71762001,20185.0,24.06159769008662,0.0,1,1,0,0,1,1,4178,0,0,0,0,0
2020-06-01,US,Kansas,Stanton,10,0,0,37.56304714,-101.78435340000001,20187.0,498.5044865403789,0.0,10,9,0,0,9,9,1987,1,0,0,1,0
2020-06-01,US,Kansas,Stevens,30,0,0,37.1923008,-101.3118967,20189.0,546.9462169553327,0.0,30,30,0,0,30,30,5559,0,0,0,0,0
2020-06-01,US,Kansas,Sumner,8,1,0,37.23682549,-97.47721621,20191.0,35.032404974601505,12.5,7,8,1,0,7,8,22996,0,0,0,0,0
2020-06-01,US,Kansas,Trego,1,0,0,38.91467218,-99.87284448,20195.0,35.676061362825536,0.0,1,1,0,0,1,1,2793,0,0,0,0,0
2020-06-01,US,Kansas,Wabaunsee,31,0,0,38.95471985,-96.20350509,20197.0,447.2659067955562,0.0,31,31,0,0,31,31,6899,0,0,0,0,0
2020-06-01,US,Kansas,Wilson,1,0,0,37.55937174,-95.74323255,20205.0,11.730205278592374,0.0,1,1,0,0,1,1,8665,0,0,0,0,0
2020-06-01,US,Kansas,Woodson,6,0,0,37.8865336,-95.74006277,20207.0,191.20458891013385,0.0,6,6,0,0,6,6,3183,0,0,0,0,0
2020-06-01,US,Kansas,Wyandotte,1359,74,0,39.11727348,-94.76378225,20209.0,821.5004624340352,5.445180279617365,1285,1337,73,0,1264,1337,165324,22,1,0,21,0
2020-06-01,US,Kentucky,Adair,97,19,0,37.10459774,-85.28129668,21001.0,505.15571294656814,19.587628865979386,78,97,19,0,78,97,19215,0,0,0,0,0
2020-06-01,US,Kentucky,Allen,93,3,0,36.75197631,-86.19457544,21003.0,436.31245601688966,3.2258064516129035,90,70,3,0,67,70,21122,23,0,0,23,0
2020-06-01,US,Kentucky,Anderson,20,1,0,38.00671029,-84.99171713,21005.0,87.92368224381237,5.0,19,18,1,0,17,18,22663,2,0,0,2,0
2020-06-01,US,Kentucky,Ballard,12,0,0,37.05842757,-88.99427697,21007.0,152.1298174442191,0.0,12,12,0,0,12,12,7979,0,0,0,0,0
2020-06-01,US,Kentucky,Barren,47,1,0,36.96469836,-85.93338945,21009.0,106.21708965174355,2.127659574468085,46,45,1,0,44,45,44176,2,0,0,2,0
2020-06-01,US,Kentucky,Bath,9,1,0,38.14735938,-83.74588932,21011.0,72.0,11.111111111111109,8,9,1,0,8,9,12383,0,0,0,0,0
2020-06-01,US,Kentucky,Bell,1,0,0,36.73355174,-83.67766671,21013.0,3.8414259373079287,0.0,1,1,0,0,1,1,26569,0,0,0,0,0
2020-06-01,US,Kentucky,Boone,459,17,0,38.97065142,-84.72615357,21015.0,343.6117411907382,3.703703703703704,442,436,17,0,419,436,131533,23,0,0,23,0
2020-06-01,US,Kentucky,Bourbon,11,1,0,38.2054607,-84.21827874,21017.0,55.589246007681425,9.090909090909092,10,11,1,0,10,11,20184,0,0,0,0,0
2020-06-01,US,Kentucky,Boyd,40,3,0,38.36176608,-82.68652187,21019.0,85.62010360032535,7.5,37,39,3,0,36,39,47240,1,0,0,1,0
2020-06-01,US,Kentucky,Boyle,25,0,0,37.62680923,-84.8633779,21021.0,83.166999334664,0.0,25,25,0,0,25,25,30100,0,0,0,0,0
2020-06-01,US,Kentucky,Bracken,13,0,0,38.69158994,-84.08532444,21023.0,156.56991448873904,0.0,13,12,0,0,12,12,8239,1,0,0,1,0
2020-06-01,US,Kentucky,Breathitt,3,0,0,37.52333168,-83.31959161,21025.0,23.752969121140147,0.0,3,3,0,0,3,3,12726,0,0,0,0,0
2020-06-01,US,Kentucky,Breckinridge,17,2,0,37.77377239,-86.42885017,21027.0,83.01997362894957,11.764705882352944,15,17,2,0,15,17,20388,0,0,0,0,0
2020-06-01,US,Kentucky,Bullitt,115,4,0,37.97162523,-85.68955617,21029.0,140.8002350751751,3.4782608695652173,111,111,4,0,107,111,81069,4,0,0,4,0
2020-06-01,US,Kentucky,Butler,232,13,0,37.20946153,-86.68748787,21031.0,1801.382094883143,5.603448275862068,219,228,13,0,215,228,12772,4,0,0,4,0
2020-06-01,US,Kentucky,Caldwell,12,0,0,37.14749129,-87.86948214,21033.0,94.13979759943516,0.0,12,12,0,0,12,12,12715,0,0,0,0,0
2020-06-01,US,Kentucky,Calloway,52,1,0,36.62093411,-88.2731593,21035.0,133.3299146175739,1.9230769230769231,51,50,1,0,49,50,39135,2,0,0,2,0
2020-06-01,US,Kentucky,Campbell,182,12,0,38.94384345,-84.37875208,21037.0,194.4776884937596,6.593406593406592,170,173,11,0,162,173,93152,9,1,0,8,0
2020-06-01,US,Kentucky,Carlisle,5,1,0,36.85372876,-88.96692220000001,21039.0,105.04201680672269,20.0,4,5,1,0,4,5,4771,0,0,0,0,0
2020-06-01,US,Kentucky,Carroll,14,0,0,38.66599534,-85.12601074,21041.0,131.69033957294704,0.0,14,12,0,0,12,12,10737,2,0,0,2,0
2020-06-01,US,Kentucky,Carter,12,0,0,38.31690743,-83.05092385,21043.0,44.78113221629287,0.0,12,11,0,0,11,11,27004,1,0,0,1,0
2020-06-01,US,Kentucky,Casey,3,0,0,37.32533118,-84.92726209,21045.0,18.565505291169007,0.0,3,3,0,0,3,3,15888,0,0,0,0,0
2020-06-01,US,Kentucky,Christian,111,3,0,36.89267803,-87.49055367,21047.0,157.53395495380425,2.702702702702702,108,110,3,0,107,110,71671,1,0,0,1,0
2020-06-01,US,Kentucky,Clark,42,0,0,37.9689263,-84.14615986,21049.0,115.82053332597964,0.0,42,41,0,0,41,41,36249,1,0,0,1,0
2020-06-01,US,Kentucky,Clay,7,0,0,37.16451126,-83.712575,21051.0,35.1741118536757,0.0,7,7,0,0,7,7,20105,0,0,0,0,0
2020-06-01,US,Kentucky,Clinton,4,0,0,36.72581156,-85.13377529,21053.0,39.14660403210021,0.0,4,3,0,0,3,3,10206,1,0,0,1,0
2020-06-01,US,Kentucky,Crittenden,6,1,0,37.35839237,-88.08826090000002,21055.0,68.1353622530093,16.666666666666668,5,6,1,0,5,6,8915,0,0,0,0,0
2020-06-01,US,Kentucky,Cumberland,5,0,0,36.78926125,-85.39050034,21057.0,75.59721802237678,0.0,5,5,0,0,5,5,6659,0,0,0,0,0
2020-06-01,US,Kentucky,Daviess,324,6,0,37.73028906,-87.09019479999998,21059.0,319.17723202411565,1.851851851851852,318,317,6,0,311,317,101104,7,0,0,7,0
2020-06-01,US,Kentucky,Edmonson,56,9,0,37.21218923,-86.23955613,21061.0,460.90534979423865,16.071428571428573,47,56,9,0,47,56,12274,0,0,0,0,0
2020-06-01,US,Kentucky,Elliott,1,0,0,38.11624059,-83.09771563,21063.0,13.303179459890915,0.0,1,1,0,0,1,1,7508,0,0,0,0,0
2020-06-01,US,Kentucky,Fayette,760,13,0,38.0368225,-84.45576892,21067.0,235.1834430856068,1.7105263157894737,747,714,13,0,701,714,323780,46,0,0,46,0
2020-06-01,US,Kentucky,Fleming,3,0,0,38.36758311,-83.69657514,21069.0,20.574720526712845,0.0,3,3,0,0,3,3,14432,0,0,0,0,0
2020-06-01,US,Kentucky,Floyd,16,0,0,37.56213922,-82.74750924,21071.0,44.957711652476895,0.0,16,16,0,0,16,16,35845,0,0,0,0,0
2020-06-01,US,Kentucky,Franklin,38,0,0,38.2379395,-84.87962551,21073.0,74.52295503128003,0.0,38,38,0,0,38,38,50815,0,0,0,0,0
2020-06-01,US,Kentucky,Fulton,7,0,0,36.55238827,-89.20140068,21075.0,117.27257497068186,0.0,7,7,0,0,7,7,6120,0,0,0,0,0
2020-06-01,US,Kentucky,Gallatin,37,4,0,38.75398691,-84.8558382,21077.0,417.1834479648213,10.810810810810812,33,36,3,0,33,36,8832,1,1,0,0,0
2020-06-01,US,Kentucky,Garrard,5,0,0,37.638866799999995,-84.53289319,21079.0,28.302954828484093,0.0,5,5,0,0,5,5,17560,0,0,0,0,0
2020-06-01,US,Kentucky,Grant,42,4,0,38.64962758,-84.62415957,21081.0,167.5375962343931,9.523809523809524,38,42,4,0,38,42,25121,0,0,0,0,0
2020-06-01,US,Kentucky,Graves,166,19,0,36.72292505,-88.65143315,21083.0,445.4462512746203,11.445783132530119,147,165,19,0,146,165,37317,1,0,0,1,0
2020-06-01,US,Kentucky,Grayson,126,9,0,37.46231118,-86.34248968,21085.0,476.7851061414463,7.142857142857142,117,124,8,0,116,124,26321,2,1,0,1,0
2020-06-01,US,Kentucky,Green,1,0,0,37.26484328,-85.5540745,21087.0,9.139932364500504,0.0,1,1,0,0,1,1,11049,0,0,0,0,0
2020-06-01,US,Kentucky,Greenup,14,0,0,38.54332505,-82.9215658,21089.0,39.88831272437176,0.0,14,14,0,0,14,14,35268,0,0,0,0,0
2020-06-01,US,Kentucky,Hancock,7,0,0,37.83766422,-86.78280584,21091.0,80.25682182985555,0.0,7,7,0,0,7,7,8758,0,0,0,0,0
2020-06-01,US,Kentucky,Hardin,103,2,0,37.6976111,-85.96319251,21093.0,92.82791686944609,1.9417475728155342,101,102,2,0,100,102,110356,1,0,0,1,0
2020-06-01,US,Kentucky,Harlan,4,0,0,36.85699301,-83.21899516,21095.0,15.378700499807767,0.0,4,1,0,0,1,1,26409,3,0,0,3,0
2020-06-01,US,Kentucky,Harrison,21,0,0,38.44188174,-84.32869741,21097.0,111.19347664936991,0.0,21,18,0,0,18,18,18778,3,0,0,3,0
2020-06-01,US,Kentucky,Hart,24,0,0,37.29943898,-85.88461055,21099.0,126.08353033884949,0.0,24,22,0,0,22,22,18906,2,0,0,2,0
2020-06-01,US,Kentucky,Henderson,111,3,0,37.79344553,-87.57392021,21101.0,245.520902455209,2.702702702702702,108,110,3,0,107,110,45591,1,0,0,1,0
2020-06-01,US,Kentucky,Henry,22,0,0,38.44942688,-85.11587507,21103.0,136.4256480218281,0.0,22,22,0,0,22,22,16106,0,0,0,0,0
2020-06-01,US,Kentucky,Hickman,5,0,0,36.67948079999999,-88.97875928,21105.0,114.15525114155253,0.0,5,5,0,0,5,5,4421,0,0,0,0,0
2020-06-01,US,Kentucky,Hopkins,222,30,0,37.30939025,-87.54670406,21107.0,496.7998925838071,13.513513513513516,192,221,30,0,191,221,45068,1,0,0,1,0
2020-06-01,US,Kentucky,Jackson,61,13,0,37.41866422,-83.99825483,21109.0,457.6487358391477,21.311475409836067,48,61,13,0,48,61,13442,0,0,0,0,0
2020-06-01,US,Kentucky,Jefferson,2519,156,0,38.18664655,-85.65931031,21111.0,328.52650839835826,6.192933703850733,2363,2437,153,0,2284,2437,770517,82,3,0,79,0
2020-06-01,US,Kentucky,Jessamine,65,0,0,37.87119786,-84.58252003,21113.0,120.11457082139887,0.0,65,62,0,0,62,62,53920,3,0,0,3,0
2020-06-01,US,Kentucky,Johnson,5,0,0,37.85106355,-82.8264322,21115.0,22.534703443302693,0.0,5,5,0,0,5,5,22386,0,0,0,0,0
2020-06-01,US,Kentucky,Kenton,608,34,0,38.93950319,-84.53241199,21117.0,364.0762164816345,5.592105263157895,574,585,33,0,552,585,166051,23,1,0,22,0
2020-06-01,US,Kentucky,Knott,4,0,0,37.35388197,-82.94981134,21119.0,27.016074564365802,0.0,4,4,0,0,4,4,15126,0,0,0,0,0
2020-06-01,US,Kentucky,Knox,8,0,0,36.89225732,-83.85403396,21121.0,25.686305988120083,0.0,8,8,0,0,8,8,31304,0,0,0,0,0
2020-06-01,US,Kentucky,Larue,8,0,0,37.54567114,-85.70138352,21123.0,55.563272676760654,0.0,8,8,0,0,8,8,14307,0,0,0,0,0
2020-06-01,US,Kentucky,Laurel,21,2,0,37.10975748,-84.11321779,21125.0,34.532090178086925,9.523809523809524,19,21,2,0,19,21,60669,0,0,0,0,0
2020-06-01,US,Kentucky,Lawrence,3,0,0,38.07136018,-82.72882223,21127.0,19.586080825226876,0.0,3,2,0,0,2,2,15571,1,0,0,1,0
2020-06-01,US,Kentucky,Lee,1,0,0,37.59645942,-83.71513901,21129.0,13.508037282182901,0.0,1,1,0,0,1,1,7033,0,0,0,0,0
2020-06-01,US,Kentucky,Leslie,6,0,0,37.09246661,-83.37999606,21131.0,60.74719044244203,0.0,6,6,0,0,6,6,10143,0,0,0,0,0
2020-06-01,US,Kentucky,Letcher,4,0,0,37.12306748,-82.85346474,21133.0,18.558901313042266,0.0,4,4,0,0,4,4,21899,0,0,0,0,0
2020-06-01,US,Kentucky,Lewis,7,0,0,38.53184419,-83.37735618,21135.0,52.730696798493405,0.0,7,7,0,0,7,7,13257,0,0,0,0,0
2020-06-01,US,Kentucky,Lincoln,8,1,0,37.45475628,-84.6565327,21137.0,32.58788545358263,12.5,7,8,1,0,7,8,24644,0,0,0,0,0
2020-06-01,US,Kentucky,Livingston,9,0,0,37.21137452,-88.34797529,21139.0,97.88992821405265,0.0,9,9,0,0,9,9,9242,0,0,0,0,0
2020-06-01,US,Kentucky,Logan,150,4,0,36.85949479,-86.877635,21141.0,553.4646889528449,2.6666666666666665,146,145,3,0,142,145,26989,5,1,0,4,0
2020-06-01,US,Kentucky,Lyon,15,3,0,37.02080035,-88.07886257,21143.0,182.70401948842877,20.0,12,15,3,0,12,15,8009,0,0,0,0,0
2020-06-01,US,Kentucky,Madison,55,1,0,37.71659336,-84.27220275,21151.0,59.148052953638675,1.818181818181818,54,55,1,0,54,55,92368,0,0,0,0,0
2020-06-01,US,Kentucky,Magoffin,2,0,0,37.70820545,-83.0657714,21153.0,16.446015952635474,0.0,2,2,0,0,2,2,12362,0,0,0,0,0
2020-06-01,US,Kentucky,Marion,21,0,0,37.55218078,-85.26898542,21155.0,108.96072225393036,0.0,21,21,0,0,21,21,19404,0,0,0,0,0
2020-06-01,US,Kentucky,Marshall,38,2,0,36.88007070000001,-88.32803576,21157.0,122.18649517684887,5.2631578947368425,36,38,2,0,36,38,31191,0,0,0,0,0
2020-06-01,US,Kentucky,Martin,3,0,0,37.79990579,-82.51247478,21159.0,26.797677534613662,0.0,3,3,0,0,3,3,11323,0,0,0,0,0
2020-06-01,US,Kentucky,Mason,9,0,0,38.59471935,-83.82151043,21161.0,52.72407732864674,0.0,9,9,0,0,9,9,17150,0,0,0,0,0
2020-06-01,US,Kentucky,McCracken,97,2,0,37.05350953,-88.70445755,21145.0,148.27723256596045,2.061855670103093,95,95,2,0,93,95,65346,2,0,0,2,0
2020-06-01,US,Kentucky,McCreary,13,0,0,36.73874143,-84.48102924,21147.0,75.44541814172132,0.0,13,13,0,0,13,13,17408,0,0,0,0,0
2020-06-01,US,Kentucky,McLean,22,1,0,37.5301951,-87.26803443,21149.0,238.94862604540023,4.545454545454546,21,22,1,0,21,22,9252,0,0,0,0,0
2020-06-01,US,Kentucky,Meade,22,2,0,37.96163597,-86.21028219,21163.0,76.99846003079938,9.090909090909092,20,22,2,0,20,22,28715,0,0,0,0,0
2020-06-01,US,Kentucky,Menifee,10,0,0,37.94090733,-83.59985712,21165.0,154.10695022345507,0.0,10,10,0,0,10,10,6451,0,0,0,0,0
2020-06-01,US,Kentucky,Mercer,13,0,0,37.81474237,-84.87488475,21167.0,59.271417498746175,0.0,13,13,0,0,13,13,21774,0,0,0,0,0
2020-06-01,US,Kentucky,Metcalfe,6,1,0,36.99459295,-85.63123699,21169.0,59.577003276735184,16.666666666666668,5,6,1,0,5,6,10030,0,0,0,0,0
2020-06-01,US,Kentucky,Monroe,20,0,0,36.71225341,-85.71596443,21171.0,187.79342723004692,0.0,20,17,0,0,17,17,10718,3,0,0,3,0
2020-06-01,US,Kentucky,Montgomery,25,0,0,38.03253032,-83.9145241,21173.0,88.78786802571297,0.0,25,24,0,0,24,24,28203,1,0,0,1,0
2020-06-01,US,Kentucky,Morgan,1,0,0,37.92465657,-83.25558245,21175.0,7.5137125253587795,0.0,1,1,0,0,1,1,13345,0,0,0,0,0
2020-06-01,US,Kentucky,Muhlenberg,484,7,0,37.21425819,-87.14632053,21177.0,1580.5629939259354,1.4462809917355373,477,483,7,0,476,483,30774,1,0,0,1,0
2020-06-01,US,Kentucky,Nelson,41,1,0,37.80335779,-85.4657193,21179.0,88.68124499816149,2.4390243902439024,40,41,1,0,40,41,45851,0,0,0,0,0
2020-06-01,US,Kentucky,Nicholas,3,0,0,38.33342292,-84.01889177,21181.0,41.27115146512588,0.0,3,3,0,0,3,3,7166,0,0,0,0,0
2020-06-01,US,Kentucky,Ohio,148,0,0,37.47751843,-86.85368087,21183.0,616.8208718846379,0.0,148,144,0,0,144,144,24087,4,0,0,4,0
2020-06-01,US,Kentucky,Oldham,99,5,0,38.39791089,-85.448222,21185.0,148.20581146424348,5.05050505050505,94,83,5,0,78,83,66470,16,0,0,16,0
2020-06-01,US,Kentucky,Owen,3,0,0,38.51679143,-84.82404619,21187.0,27.520410971470515,0.0,3,2,0,0,2,2,10880,1,0,0,1,0
2020-06-01,US,Kentucky,Owsley,2,0,0,37.42823949,-83.68811419,21189.0,45.30011325028314,0.0,2,2,0,0,2,2,4472,0,0,0,0,0
2020-06-01,US,Kentucky,Pendleton,10,0,0,38.69607718,-84.35599463,21191.0,68.54009595613435,0.0,10,9,0,0,9,9,14529,1,0,0,1,0
2020-06-01,US,Kentucky,Perry,19,0,0,37.25023553,-83.22922731,21193.0,73.76349095426663,0.0,19,19,0,0,19,19,26092,0,0,0,0,0
2020-06-01,US,Kentucky,Pike,30,2,0,37.47088263,-82.39487445,21195.0,51.83495749533486,6.666666666666668,28,29,2,0,27,29,58402,1,0,0,1,0
2020-06-01,US,Kentucky,Powell,1,0,0,37.83218794,-83.82553961,21197.0,8.091269520187717,0.0,1,1,0,0,1,1,12442,0,0,0,0,0
2020-06-01,US,Kentucky,Pulaski,58,2,0,37.10466131,-84.57629079,21199.0,89.25960694993769,3.4482758620689653,56,58,2,0,56,58,64623,0,0,0,0,0
2020-06-01,US,Kentucky,Rockcastle,13,0,0,37.36642393,-84.31176452,21203.0,77.86762503743634,0.0,13,13,0,0,13,13,16750,0,0,0,0,0
2020-06-01,US,Kentucky,Rowan,7,0,0,38.19484205,-83.42088935,21205.0,28.618152085036797,0.0,7,7,0,0,7,7,24583,0,0,0,0,0
2020-06-01,US,Kentucky,Russell,24,4,0,36.99308373,-85.06070117,21207.0,133.9061541036657,16.666666666666668,20,24,4,0,20,24,17821,0,0,0,0,0
2020-06-01,US,Kentucky,Scott,35,0,0,38.29622293,-84.5816631,21209.0,61.39920005613641,0.0,35,35,0,0,35,35,56031,0,0,0,0,0
2020-06-01,US,Kentucky,Shelby,175,4,0,38.21476019,-85.194223,21211.0,356.9680156657964,2.2857142857142856,171,164,4,0,160,164,48518,11,0,0,11,0
2020-06-01,US,Kentucky,Simpson,54,3,0,36.74058474,-86.58047435,21213.0,290.7602842989447,5.5555555555555545,51,52,3,0,49,52,18529,2,0,0,2,0
2020-06-01,US,Kentucky,Spencer,22,0,0,38.03223971,-85.32749335,21215.0,113.68921502764715,0.0,22,22,0,0,22,22,18794,0,0,0,0,0
2020-06-01,US,Kentucky,Taylor,11,1,0,37.3677562,-85.3329931,21217.0,42.68694943536808,9.090909090909092,10,11,1,0,10,11,25549,0,0,0,0,0
2020-06-01,US,Kentucky,Todd,17,0,0,36.8381152,-87.17878374,21219.0,138.27883520416464,0.0,17,17,0,0,17,17,12311,0,0,0,0,0
2020-06-01,US,Kentucky,Trigg,10,0,0,36.80767017,-87.87333656,21221.0,68.25472663981981,0.0,10,10,0,0,10,10,14643,0,0,0,0,0
2020-06-01,US,Kentucky,Trimble,6,0,0,38.61056487,-85.33775972,21223.0,70.82989021367017,0.0,6,6,0,0,6,6,8515,0,0,0,0,0
2020-06-01,US,Kentucky,Unassigned,14,0,0,0.0,0.0,90021.0,0.0,0.0,14,6,0,0,6,6,,8,0,0,8,0
2020-06-01,US,Kentucky,Union,12,0,0,37.66166713,-87.94300009,21225.0,83.44343230651555,0.0,12,11,0,0,11,11,14505,1,0,0,1,0
2020-06-01,US,Kentucky,Warren,1038,6,0,36.99903045,-86.42672751,21227.0,781.0618829761618,0.5780346820809249,1032,1007,6,0,1001,1007,131264,31,0,0,31,0
2020-06-01,US,Kentucky,Washington,6,0,0,37.75599461,-85.17407732,21229.0,49.60727573377429,0.0,6,6,0,0,6,6,12084,0,0,0,0,0
2020-06-01,US,Kentucky,Wayne,8,0,0,36.80310688,-84.8251971,21231.0,39.34490729356219,0.0,8,8,0,0,8,8,20468,0,0,0,0,0
2020-06-01,US,Kentucky,Webster,32,0,0,37.52168356,-87.67989953,21233.0,247.25699273682582,0.0,32,32,0,0,32,32,13111,0,0,0,0,0
2020-06-01,US,Kentucky,Whitley,13,0,0,36.75700531,-84.14541217,21235.0,35.848224134127506,0.0,13,13,0,0,13,13,36242,0,0,0,0,0
2020-06-01,US,Kentucky,Wolfe,1,0,0,37.73941626,-83.49303612,21237.0,13.972334777141258,0.0,1,1,0,0,1,1,7177,0,0,0,0,0
2020-06-01,US,Kentucky,Woodford,27,0,0,38.04178222,-84.7417556,21239.0,100.99498765616819,0.0,27,27,0,0,27,27,26533,0,0,0,0,0
2020-06-01,US,Louisiana,Acadia,422,23,0,30.295064899999996,-92.41419698,22001.0,680.1515029414135,5.450236966824645,399,418,23,0,395,412,62190,4,0,0,4,6
2020-06-01,US,Louisiana,Allen,184,10,0,30.65385745,-92.82442028,22003.0,717.9927420298903,5.434782608695652,174,184,10,0,174,184,25605,0,0,0,0,0
2020-06-01,US,Louisiana,Ascension,827,56,0,30.20406249,-90.91328409999998,22005.0,653.2179078070203,6.771463119709795,771,820,56,0,764,817,124672,7,0,0,7,3
2020-06-01,US,Louisiana,Assumption,252,14,0,29.89946234,-91.06461642,22007.0,1151.158010141154,5.5555555555555545,238,252,14,0,238,251,22300,0,0,0,0,1
2020-06-01,US,Louisiana,Avoyelles,130,9,0,31.07796211,-92.00079449,22009.0,323.83419689119165,6.9230769230769225,121,128,9,0,119,125,40462,2,0,0,2,3
2020-06-01,US,Louisiana,Beauregard,69,4,0,30.64836518,-93.34173616,22011.0,184.0147211776942,5.797101449275362,65,66,4,0,62,66,37253,3,0,0,3,0
2020-06-01,US,Louisiana,Bienville,147,23,0,32.34569994,-93.05398492,22013.0,1110.1880522619138,15.646258503401361,124,146,23,0,123,144,13308,1,0,0,1,2
2020-06-01,US,Louisiana,Bossier,416,26,0,32.67932307,-93.60460152,22015.0,327.45849699698516,6.25,390,415,26,0,389,412,127185,1,0,0,1,3
2020-06-01,US,Louisiana,Caddo,2578,189,0,32.57991587,-93.88375652,22017.0,1073.2544004263043,7.3312645461598125,2389,2562,188,0,2374,2525,242922,16,1,0,15,37
2020-06-01,US,Louisiana,Calcasieu,608,49,0,30.22931235,-93.35400434,22019.0,298.8654908669065,8.059210526315791,559,599,49,0,550,596,203112,9,0,0,9,3
2020-06-01,US,Louisiana,Caldwell,58,0,0,32.0902519,-92.11752148,22021.0,584.7953216374269,0.0,58,54,0,0,54,53,9960,4,0,0,4,1
2020-06-01,US,Louisiana,Cameron,6,0,0,29.87592238,-93.19310676,22023.0,86.0461781155887,0.0,6,6,0,0,6,5,6968,0,0,0,0,1
2020-06-01,US,Louisiana,Catahoula,115,3,0,31.66778967,-91.84526385,22025.0,1211.2913419001475,2.608695652173913,112,113,3,0,110,113,9608,2,0,0,2,0
2020-06-01,US,Louisiana,Claiborne,66,10,0,32.82308512,-92.99526883,22027.0,421.18698149329936,15.151515151515152,56,66,10,0,56,66,15944,0,0,0,0,0
2020-06-01,US,Louisiana,Concordia,88,5,0,31.44817835,-91.63814433,22029.0,456.9292278934524,5.6818181818181825,83,87,5,0,82,87,19572,1,0,0,1,0
2020-06-01,US,Louisiana,De Soto,247,17,0,32.05457447,-93.74130302,22031.0,899.3919091140808,6.882591093117409,230,247,17,0,230,246,27436,0,0,0,0,1
2020-06-01,US,Louisiana,East Baton Rouge,3666,239,0,30.53842039,-91.09777565,22033.0,833.0701110532906,6.519367157665029,3427,3618,239,0,3379,3591,440956,48,0,0,48,27
2020-06-01,US,Louisiana,East Carroll,159,0,0,32.73926954,-91.23425694,22035.0,2317.4464363795364,0.0,159,148,0,0,148,138,7037,11,0,0,11,10
2020-06-01,US,Louisiana,East Feliciana,197,30,0,30.84425359,-91.04976723,22037.0,1029.5270446825189,15.228426395939088,167,194,30,0,164,194,19305,3,0,0,3,0
2020-06-01,US,Louisiana,Evangeline,78,1,0,30.72985248,-92.39915924,22039.0,233.56789938613562,1.2820512820512822,77,78,1,0,77,78,33443,0,0,0,0,0
2020-06-01,US,Louisiana,Franklin,376,10,0,32.13675181,-91.67589857,22041.0,1878.591056707469,2.6595744680851063,366,332,10,0,322,314,20156,44,0,0,44,18
2020-06-01,US,Louisiana,Grant,29,1,0,31.59882456,-92.56124347,22043.0,129.52789316182054,3.4482758620689653,28,28,1,0,27,28,22482,1,0,0,1,0
2020-06-01,US,Louisiana,Iberia,410,38,0,29.86803617,-91.75871777,22045.0,587.1401976227983,9.268292682926827,372,408,38,0,370,407,70941,2,0,0,2,1
2020-06-01,US,Louisiana,Iberville,577,41,0,30.25734305,-91.3499598,22047.0,1774.7839192888562,7.105719237435008,536,567,41,0,526,564,32721,10,0,0,10,3
2020-06-01,US,Louisiana,Jackson,106,13,0,32.30251776,-92.55692092,22049.0,673.2723577235772,12.264150943396224,93,106,13,0,93,106,15902,0,0,0,0,0
2020-06-01,US,Louisiana,Jefferson,7652,451,0,29.74075478,-90.11115756,22051.0,1769.2771906134894,5.8938839519079975,7201,7584,450,0,7134,7536,434051,68,1,0,67,48
2020-06-01,US,Louisiana,Jefferson Davis,78,7,0,30.26896765,-92.81210004,22053.0,248.66105585309867,8.974358974358974,71,76,7,0,69,76,31582,2,0,0,2,0
2020-06-01,US,Louisiana,LaSalle,52,0,0,31.67884782,-92.15907765,22059.0,349.18076819769004,0.0,52,51,0,0,51,51,14917,1,0,0,1,0
2020-06-01,US,Louisiana,Lafayette,793,26,0,30.2049055,-92.06959876,22055.0,324.48136175784606,3.278688524590164,767,768,26,0,742,763,242782,25,0,0,25,5
2020-06-01,US,Louisiana,Lafourche,827,72,0,29.52470226,-90.40976986,22057.0,847.2145388981088,8.706166868198308,755,821,71,0,750,809,98115,6,1,0,5,12
2020-06-01,US,Louisiana,Lincoln,160,14,0,32.6003154,-92.66597409999999,22061.0,342.30456548714216,8.75,146,157,14,0,143,152,47196,3,0,0,3,5
2020-06-01,US,Louisiana,Livingston,428,29,0,30.44143993,-90.73061664,22063.0,304.00102280717954,6.775700934579438,399,422,29,0,393,417,139567,6,0,0,6,5
2020-06-01,US,Louisiana,Madison,101,0,0,32.36918118,-91.23973355,22065.0,922.290201808054,0.0,101,97,0,0,97,90,11161,4,0,0,4,7
2020-06-01,US,Louisiana,Morehouse,122,5,0,32.81686191,-91.80421614,22067.0,490.47197877301596,4.0983606557377055,117,122,5,0,117,121,25398,0,0,0,0,1
2020-06-01,US,Louisiana,Natchitoches,171,13,0,31.72321584,-93.09816516,22069.0,448.1366947953248,7.60233918128655,158,169,13,0,156,168,38659,2,0,0,2,1
2020-06-01,US,Louisiana,Orleans,7141,507,0,30.06971951,-89.92660315,22071.0,1830.3498195538054,7.099845959949588,6634,7127,507,0,6620,7108,391006,14,0,0,14,19
2020-06-01,US,Louisiana,Ouachita,1264,41,0,32.47645559,-92.15704172,22073.0,824.6400354908369,3.2436708860759493,1223,1248,41,0,1207,1219,154475,16,0,0,16,29
2020-06-01,US,Louisiana,Plaquemines,213,17,0,29.42245447,-89.60322085,22075.0,918.2221839030908,7.981220657276995,196,211,17,0,194,211,23410,2,0,0,2,0
2020-06-01,US,Louisiana,Pointe Coupee,199,24,0,30.71409502,-91.60209535,22077.0,915.7846295444085,12.06030150753769,175,197,24,0,173,195,21940,2,0,0,2,2
2020-06-01,US,Louisiana,Rapides,800,28,0,31.19778499,-92.52997303,22079.0,617.0554115759595,3.5,772,790,26,0,764,783,130562,10,2,0,8,7
2020-06-01,US,Louisiana,Red River,50,7,0,32.09530039,-93.34213308,22081.0,592.2767116796967,14.0,43,50,7,0,43,50,8477,0,0,0,0,0
2020-06-01,US,Louisiana,Richland,138,3,0,32.41391005,-91.76634876,22083.0,685.8165192326808,2.1739130434782608,135,135,3,0,132,128,20192,3,0,0,3,7
2020-06-01,US,Louisiana,Sabine,47,0,0,31.56388699,-93.55433981,22085.0,196.7844582147044,0.0,47,46,0,0,46,46,24032,1,0,0,1,0
2020-06-01,US,Louisiana,St. Bernard,539,22,0,29.87761636,-89.51887093,22087.0,1140.8856151045634,4.081632653061225,517,536,22,0,514,536,46721,3,0,0,3,0
2020-06-01,US,Louisiana,St. Charles,642,44,0,29.90709658,-90.35555967,22089.0,1209.0395480225986,6.853582554517133,598,638,44,0,594,637,52879,4,0,0,4,1
2020-06-01,US,Louisiana,St. Helena,51,1,0,30.82210324,-90.71013176,22091.0,503.3557046979866,1.96078431372549,50,51,1,0,50,51,10262,0,0,0,0,0
2020-06-01,US,Louisiana,St. James,294,25,0,30.02531716,-90.80212061,22093.0,1393.6291240045507,8.503401360544219,269,294,25,0,269,294,21037,0,0,0,0,0
2020-06-01,US,Louisiana,St. John the Baptist,862,79,0,30.12597499,-90.4753503,22095.0,2012.2791045124545,9.164733178654293,783,860,79,0,781,858,43184,2,0,0,2,2
2020-06-01,US,Louisiana,St. Landry,263,54,0,30.59724262,-92.00135806,22097.0,320.2474307145293,20.53231939163498,209,257,54,0,203,255,82764,6,0,0,6,2
2020-06-01,US,Louisiana,St. Martin,300,23,0,30.13112107,-91.61403569,22099.0,561.4718047575377,7.666666666666668,277,298,23,0,275,294,53621,2,0,0,2,4
2020-06-01,US,Louisiana,St. Mary,321,30,0,29.69262097,-91.44702164,22101.0,650.4822890492015,9.345794392523365,291,319,30,0,289,317,49774,2,0,0,2,2
2020-06-01,US,Louisiana,St. Tammany,1764,158,0,30.40942847,-89.95642711,22103.0,677.3699307654202,8.956916099773242,1606,1749,158,0,1591,1724,258111,15,0,0,15,25
2020-06-01,US,Louisiana,Tangipahoa,868,35,0,30.62888673,-90.40664996,22105.0,644.1176034075899,4.032258064516129,833,858,35,0,823,854,133777,10,0,0,10,4
2020-06-01,US,Louisiana,Tensas,12,0,0,32.00760749,-91.32915234,22107.0,276.8804799261652,0.0,12,11,0,0,11,11,4462,1,0,0,1,0
2020-06-01,US,Louisiana,Terrebonne,686,51,0,29.37343766,-90.82626855,22109.0,621.0336679914178,7.434402332361517,635,679,52,0,627,667,111021,7,-1,0,8,12
2020-06-01,US,Louisiana,Unassigned,84,111,0,0.0,0.0,90022.0,0.0,132.14285714285714,-27,84,105,0,-21,84,,0,6,0,-6,0
2020-06-01,US,Louisiana,Union,324,17,0,32.83121059,-92.3749373,22111.0,1465.5328387913876,5.246913580246914,307,317,17,0,300,313,22330,7,0,0,7,4
2020-06-01,US,Louisiana,Vermilion,55,3,0,29.83517605,-92.30292538,22113.0,92.41988876006116,5.454545454545454,52,53,3,0,50,53,59830,2,0,0,2,0
2020-06-01,US,Louisiana,Vernon,26,3,0,31.10884837,-93.18153838,22115.0,54.818781757996156,11.538461538461537,23,26,3,0,23,25,48860,0,0,0,0,1
2020-06-01,US,Louisiana,Washington,433,38,0,30.85288548,-90.03866652,22117.0,937.3511711477679,8.775981524249422,395,425,38,0,387,419,46582,8,0,0,8,6
2020-06-01,US,Louisiana,Webster,147,7,0,32.70847669,-93.33121835,22119.0,383.4115805946792,4.761904761904762,140,147,7,0,140,147,38798,0,0,0,0,0
2020-06-01,US,Louisiana,West Baton Rouge,175,30,0,30.46058217,-91.30989571,22121.0,661.2507084829018,17.142857142857142,145,166,30,0,136,161,26427,9,0,0,9,5
2020-06-01,US,Louisiana,West Carroll,64,0,0,32.78550125,-91.461201,22123.0,590.9510618651893,0.0,64,62,0,0,62,61,10982,2,0,0,2,1
2020-06-01,US,Louisiana,West Feliciana,211,13,0,30.87882871,-91.41485379999999,22125.0,1355.344295991778,6.161137440758294,198,209,13,0,196,208,15460,2,0,0,2,1
2020-06-01,US,Louisiana,Winn,173,2,0,31.94449367,-92.63789413,22127.0,1244.2462600690449,1.1560693641618498,171,164,2,0,162,163,14134,9,0,0,9,1
2020-06-01,US,Maine,Androscoggin,304,2,0,44.1664747,-70.20380627,23001.0,280.7613805332619,0.6578947368421053,302,298,2,0,296,287,107679,6,0,0,6,11
2020-06-01,US,Maine,Aroostook,10,1,0,46.65926321,-68.59841248,23003.0,14.913131011855938,10.0,9,10,1,0,9,10,67111,0,0,0,0,0
2020-06-01,US,Maine,Cumberland,1189,50,0,43.8370751,-70.37226999,23005.0,403.0467486771321,4.205214465937764,1139,1175,50,0,1125,1146,293557,14,0,0,14,29
2020-06-01,US,Maine,Franklin,36,1,0,44.97330019,-70.44381045,23007.0,119.20924533924965,2.7777777777777777,35,36,1,0,35,36,29897,0,0,0,0,0
2020-06-01,US,Maine,Hancock,11,1,0,44.59816444,-68.38401854,23009.0,20.00472839034681,9.090909090909092,10,11,1,0,10,11,54811,0,0,0,0,0
2020-06-01,US,Maine,Kennebec,128,9,0,44.40759555,-69.76738544,23011.0,104.65895897041749,7.03125,119,128,9,0,119,128,122083,0,0,0,0,0
2020-06-01,US,Maine,Knox,20,0,0,44.11486325,-69.10529169,23013.0,50.28663381273258,0.0,20,20,0,0,20,20,39771,0,0,0,0,0
2020-06-01,US,Maine,Lincoln,20,0,0,44.05996956,-69.54227124,23015.0,57.746722873476934,0.0,20,20,0,0,20,20,34342,0,0,0,0,0
2020-06-01,US,Maine,Oxford,33,0,0,44.49952995,-70.75682123,23017.0,56.92108667529107,0.0,33,34,0,0,34,33,57618,-1,0,0,-1,1
2020-06-01,US,Maine,Penobscot,100,1,0,45.40194593,-68.65020455,23019.0,65.72547782422379,1.0,99,100,1,0,99,100,151096,0,0,0,0,0
2020-06-01,US,Maine,Piscataquis,1,0,0,45.83839062,-69.2860223,23021.0,5.957700327673518,0.0,1,1,0,0,1,1,16800,0,0,0,0,0
2020-06-01,US,Maine,Sagadahoc,30,0,0,43.95415864,-69.85074999,23023.0,83.66800535475234,0.0,30,30,0,0,30,30,35634,0,0,0,0,0
2020-06-01,US,Maine,Somerset,22,0,0,45.51229767,-69.95995554,23025.0,43.57816337849616,0.0,22,22,0,0,22,22,50592,0,0,0,0,0
2020-06-01,US,Maine,Unassigned,1,0,0,0.0,0.0,90023.0,0.0,0.0,1,2,0,0,2,4,,-1,0,0,-1,-2
2020-06-01,US,Maine,Waldo,51,14,0,44.4858305,-69.12061935,23027.0,128.4149565655294,27.450980392156858,37,51,14,0,37,51,39694,0,0,0,0,0
2020-06-01,US,Maine,Washington,2,0,0,45.01607142,-67.62813524,23029.0,6.373689410115046,0.0,2,2,0,0,2,2,31490,0,0,0,0,0
2020-06-01,US,Maine,York,391,10,0,43.47808377,-70.71052375,23031.0,188.3057777606542,2.557544757033248,381,385,10,0,375,381,206229,6,0,0,6,4
2020-06-01,US,Maryland,Allegany,180,17,0,39.62357628,-78.69280486,24001.0,255.62372188139062,9.444444444444443,163,178,17,0,161,177,70975,2,0,0,2,1
2020-06-01,US,Maryland,Anne Arundel,3842,175,0,39.00670238,-76.60329337,24003.0,663.2897930715392,4.554919312857886,3667,3785,174,0,3611,3743,576031,57,1,0,56,42
2020-06-01,US,Maryland,Baltimore,6299,349,0,39.45784712,-76.62911955,24005.0,761.3280636232882,5.540561993967296,5950,6065,344,0,5721,5955,828431,234,5,0,229,110
2020-06-01,US,Maryland,Baltimore City,5604,261,0,39.30211911,-76.61151012,24510.0,944.2450588889453,4.657387580299786,5343,5664,258,0,5406,5564,621342,-60,3,0,-63,100
2020-06-01,US,Maryland,Calvert,349,18,0,38.53961642,-76.56820632,24009.0,377.19535260740344,5.1575931232091685,331,341,18,0,323,334,92003,8,0,0,8,7
2020-06-01,US,Maryland,Caroline,260,1,0,38.87172293,-75.82904158,24011.0,778.3032988085972,0.38461538461538464,259,259,1,0,258,253,33304,1,0,0,1,6
2020-06-01,US,Maryland,Carroll,914,92,0,39.56453592,-77.02373735,24013.0,542.6039050858726,10.065645514223196,822,913,90,0,823,880,168429,1,2,0,-1,33
2020-06-01,US,Maryland,Cecil,369,23,0,39.56647682,-75.94627411,24015.0,358.75747411404404,6.233062330623307,346,371,23,0,348,366,102826,-2,0,0,-2,5
2020-06-01,US,Maryland,Charles,1120,73,0,38.51092331,-76.98580666,24017.0,686.0349020256407,6.517857142857142,1047,1108,72,0,1036,1085,161503,12,1,0,11,23
2020-06-01,US,Maryland,Dorchester,142,3,0,38.45413522,-76.02752426,24019.0,444.7367596855523,2.112676056338028,139,142,3,0,139,141,31998,0,0,0,0,1
2020-06-01,US,Maryland,Frederick,1928,106,0,39.47296601,-77.39999394,24021.0,742.8327046739126,5.49792531120332,1822,1911,105,0,1806,1890,255648,17,1,0,16,21
2020-06-01,US,Maryland,Garrett,10,0,0,39.52786077,-79.27355126,24023.0,34.46611980423244,0.0,10,10,0,0,10,10,29163,0,0,0,0,0
2020-06-01,US,Maryland,Harford,881,51,0,39.55010644,-76.30775940000002,24025.0,344.8937327993548,5.788876276958003,830,882,51,0,831,861,253956,-1,0,0,-1,21
2020-06-01,US,Maryland,Howard,1944,61,0,39.25305293,-76.93126208,24027.0,596.8866099665325,3.1378600823045266,1883,1928,58,0,1870,1905,323196,16,3,0,13,23
2020-06-01,US,Maryland,Kent,174,19,0,39.24976208,-76.04741541,24029.0,895.8912573370404,10.919540229885056,155,173,19,0,154,170,19383,1,0,0,1,3
2020-06-01,US,Maryland,Montgomery,11476,616,0,39.13676329,-77.20358245,24031.0,1092.2367058536884,5.367723945625653,10860,11361,612,0,10749,11251,1052567,115,4,0,111,110
2020-06-01,US,Maryland,Prince George's,15353,545,0,38.83070039,-76.8496441,24033.0,1688.39152472103,3.549794828372305,14808,15220,541,0,14679,15022,909308,133,4,0,129,198
2020-06-01,US,Maryland,Queen Anne's,161,12,0,39.06198912,-76.03530977,24035.0,319.56491534507063,7.453416149068322,149,160,13,0,147,159,50251,1,-1,0,2,1
2020-06-01,US,Maryland,Somerset,73,2,0,38.1163542,-75.75118623,24039.0,284.97813866333536,2.7397260273972597,71,73,2,0,71,73,25675,0,0,0,0,0
2020-06-01,US,Maryland,St. Mary's,505,23,0,38.30058422,-76.60629279999998,24037.0,444.89472293190033,4.554455445544554,482,499,22,0,477,471,112664,6,1,0,5,28
2020-06-01,US,Maryland,Talbot,101,2,0,38.76618159,-76.10882561,24041.0,271.64411930824883,1.98019801980198,99,99,2,0,97,96,36968,2,0,0,2,3
2020-06-01,US,Maryland,Unassigned,0,46,0,0.0,0.0,90024.0,0.0,0.0,-46,0,50,0,-50,0,,0,-4,0,4,0
2020-06-01,US,Maryland,Washington,472,14,0,39.60835778,-77.82002295,24043.0,312.4813802143675,2.9661016949152543,458,469,14,0,455,456,150926,3,0,0,3,13
2020-06-01,US,Maryland,Wicomico,955,30,0,38.37301947,-75.62705831,24045.0,921.7345983457036,3.141361256544503,925,953,30,0,923,943,103195,2,0,0,2,10
2020-06-01,US,Maryland,Worcester,215,13,0,38.21274277,-75.33200012,24047.0,411.2785982095034,6.046511627906978,202,214,13,0,201,210,51823,1,0,0,1,4
2020-06-01,US,Massachusetts,Barnstable,1424,118,0,41.72980578,-70.28854339,25001.0,668.5759894830743,8.286516853932584,1306,1312,116,0,1196,1305,213413,112,2,0,110,7
2020-06-01,US,Massachusetts,Berkshire,567,40,0,42.37428441,-73.20524838,25003.0,453.80330388013834,7.0546737213403885,527,544,40,0,504,544,126348,23,0,0,23,0
2020-06-01,US,Massachusetts,Bristol,7348,429,0,41.79228404,-71.10872211,25005.0,1300.0316692526942,5.838323353293411,6919,7159,415,0,6744,7089,564022,189,14,0,175,70
2020-06-01,US,Massachusetts,Dukes and Nantucket,53,1,0,41.40674725,-70.68763497,0.0,184.4697365215273,1.8867924528301887,52,40,1,0,39,39,26707,13,0,0,13,1
2020-06-01,US,Massachusetts,Essex,14721,968,0,42.6687626,-70.94687179,25009.0,1865.6990700020528,6.5756402418313975,13753,14225,925,0,13300,14099,790638,496,43,0,453,126
2020-06-01,US,Massachusetts,Franklin,335,47,0,42.58119713,-72.58602547,25011.0,477.34397264177835,14.029850746268654,288,320,47,0,273,319,70963,15,0,0,15,1
2020-06-01,US,Massachusetts,Hampden,6188,601,0,42.13440424,-72.63235561,25013.0,1326.8378032986545,9.71234647705236,5587,6035,580,0,5455,5982,470406,153,21,0,132,53
2020-06-01,US,Massachusetts,Hampshire,886,89,0,42.33997957,-72.65898478,25015.0,550.8922464714294,10.045146726862304,797,855,89,0,766,855,161355,31,0,0,31,0
2020-06-01,US,Massachusetts,Middlesex,22224,1650,0,42.48607732,-71.39049229,25017.0,1378.9175274043107,7.424406047516197,20574,21287,1615,0,19672,21124,1614714,937,35,0,902,163
2020-06-01,US,Massachusetts,Norfolk,8586,841,0,42.16073095,-71.20530408,25021.0,1214.8137667574547,9.79501514092709,7745,8079,821,0,7258,8016,705388,507,20,0,487,63
2020-06-01,US,Massachusetts,Plymouth,8200,562,0,41.94070556,-70.80802823,25023.0,1573.286364979413,6.853658536585367,7638,7859,552,0,7307,7819,518132,341,10,0,331,40
2020-06-01,US,Massachusetts,Suffolk,18581,896,0,42.327951399999996,-71.07850442,25025.0,2311.3370078877288,4.8221301329314885,17685,17936,871,0,17065,17873,807252,645,25,0,620,63
2020-06-01,US,Massachusetts,Unassigned,340,14,0,0.0,0.0,90025.0,0.0,4.117647058823529,326,296,7,0,289,336,,44,7,0,37,-40
2020-06-01,US,Massachusetts,Worcester,11352,779,0,42.35026951,-71.90493363,25027.0,1366.6866516899386,6.8622269203664565,10573,11018,767,0,10251,10901,830839,334,12,0,322,117
2020-06-01,US,Michigan,Alcona,17,1,0,44.6846864,-83.59507875,26001.0,163.3829889476213,5.882352941176472,16,15,1,0,14,14,10362,2,0,0,2,1
2020-06-01,US,Michigan,Allegan,220,6,0,42.59147037,-85.89102866,26005.0,186.31278529145249,2.727272727272727,214,218,6,0,212,217,117327,2,0,0,2,1
2020-06-01,US,Michigan,Alpena,95,9,0,45.03477666,-83.62212411,26007.0,334.4481605351171,9.473684210526317,86,94,9,0,85,94,28360,1,0,0,1,0
2020-06-01,US,Michigan,Antrim,12,0,0,44.99690221,-85.15503082,26009.0,51.44915108900703,0.0,12,12,0,0,12,12,23365,0,0,0,0,0
2020-06-01,US,Michigan,Arenac,34,1,0,44.0636262,-83.89277559,26011.0,228.44856547739033,2.9411764705882355,33,34,1,0,33,34,15041,0,0,0,0,0
2020-06-01,US,Michigan,Baraga,1,0,0,46.6720582,-88.36363591,26013.0,12.181751735899622,0.0,1,1,0,0,1,1,8320,0,0,0,0,0
2020-06-01,US,Michigan,Barry,63,2,0,42.59513984,-85.30834519,26015.0,102.35580828594637,3.1746031746031744,61,63,2,0,61,62,61157,0,0,0,0,1
2020-06-01,US,Michigan,Bay,312,24,0,43.70639106,-83.98731479,26017.0,302.5425207997983,7.6923076923076925,288,310,23,0,287,303,103923,2,1,0,1,7
2020-06-01,US,Michigan,Benzie,4,0,0,44.63899297,-86.01608482,26019.0,22.514916131937408,0.0,4,4,0,0,4,4,17753,0,0,0,0,0
2020-06-01,US,Michigan,Berrien,629,52,0,41.95447397,-86.41313079999998,26021.0,410.03644044041437,8.267090620031796,577,626,49,0,577,618,154141,3,3,0,0,8
2020-06-01,US,Michigan,Branch,123,2,0,41.91600556,-85.05929476,26023.0,282.64816048900434,1.6260162601626016,121,121,2,0,119,117,43622,2,0,0,2,4
2020-06-01,US,Michigan,Calhoun,372,22,0,42.24633834,-85.00493569,26025.0,277.2829254839407,5.913978494623656,350,371,22,0,349,365,134487,1,0,0,1,6
2020-06-01,US,Michigan,Cass,82,3,0,41.91522292,-85.99405727,26027.0,158.34089636395234,3.6585365853658534,79,83,3,0,80,82,51653,-1,0,0,-1,1
2020-06-01,US,Michigan,Charlevoix,15,1,0,45.37790017,-85.19614053,26029.0,57.3767356462533,6.666666666666668,14,15,1,0,14,15,26244,0,0,0,0,0
2020-06-01,US,Michigan,Cheboygan,21,1,0,45.44787015,-84.50122149,26031.0,83.08276626048425,4.761904761904762,20,21,1,0,20,21,25413,0,0,0,0,0
2020-06-01,US,Michigan,Chippewa,2,0,0,46.29552653,-84.54353449,26033.0,5.354895713405981,0.0,2,2,0,0,2,2,37517,0,0,0,0,0
2020-06-01,US,Michigan,Clare,19,2,0,43.98794227,-84.84819859999998,26035.0,61.38933764135703,10.526315789473683,17,19,2,0,17,18,30757,0,0,0,0,1
2020-06-01,US,Michigan,Clinton,140,11,0,42.94400871,-84.60145248,26037.0,175.89044537973493,7.857142857142858,129,139,11,0,128,139,79332,1,0,0,1,0
2020-06-01,US,Michigan,Crawford,58,5,0,44.68255561,-84.61006219,26039.0,413.42932496970565,8.620689655172415,53,58,5,0,53,58,13901,0,0,0,0,0
2020-06-01,US,Michigan,Delta,17,2,0,45.90484910000001,-86.9080745,26041.0,47.507265817124974,11.764705882352944,15,17,2,0,15,17,35857,0,0,0,0,0
2020-06-01,US,Michigan,Dickinson,5,2,0,46.00999672,-87.86961634,26043.0,19.81061056301755,40.0,3,5,2,0,3,5,25383,0,0,0,0,0
2020-06-01,US,Michigan,Eaton,190,6,0,42.59599185,-84.83740035,26045.0,172.3074690753437,3.1578947368421053,184,190,6,0,184,187,109826,0,0,0,0,3
2020-06-01,US,Michigan,Emmet,21,2,0,45.52625509,-84.89083249,26047.0,62.84602723327846,9.523809523809524,19,21,2,0,19,21,33308,0,0,0,0,0
2020-06-01,US,Michigan,Federal Correctional Institution (FCI),146,4,0,0.0,0.0,0.0,0.0,2.7397260273972597,142,146,4,0,142,146,,0,0,0,0,0
2020-06-01,US,Michigan,Genesee,2015,252,0,43.02244215,-83.70589709,26049.0,496.5341179311653,12.50620347394541,1763,2013,252,0,1761,2004,406892,2,0,0,2,9
2020-06-01,US,Michigan,Gladwin,18,1,0,43.98901072,-84.38774817,26051.0,70.72969468348461,5.5555555555555545,17,18,1,0,17,18,25337,0,0,0,0,0
2020-06-01,US,Michigan,Gogebic,5,1,0,46.40862701,-89.69377193,26053.0,35.77817531305904,20.0,4,5,1,0,4,5,15096,0,0,0,0,0
2020-06-01,US,Michigan,Grand Traverse,27,5,0,44.69565625,-85.55585247,26055.0,29.004812650395326,18.51851851851852,22,27,5,0,22,27,92573,0,0,0,0,0
2020-06-01,US,Michigan,Gratiot,74,11,0,43.29265605,-84.60505416,26057.0,181.76905504654758,14.864864864864865,63,74,10,0,64,74,40599,0,1,0,-1,0
2020-06-01,US,Michigan,Hillsdale,169,24,0,41.88753639,-84.59312019,26059.0,370.5734020392501,14.201183431952662,145,169,24,0,145,169,45749,0,0,0,0,0
2020-06-01,US,Michigan,Houghton,6,0,0,46.89988536,-88.68495385,26061.0,16.814258491200537,0.0,6,6,0,0,6,6,36219,0,0,0,0,0
2020-06-01,US,Michigan,Huron,48,1,0,43.83353985,-83.04078453,26063.0,154.93366902294952,2.083333333333333,47,48,1,0,47,44,31166,0,0,0,0,4
2020-06-01,US,Michigan,Ingham,740,26,0,42.59716886,-84.37472069,26065.0,253.072782364247,3.5135135135135136,714,738,26,0,712,736,292735,2,0,0,2,2
2020-06-01,US,Michigan,Ionia,151,4,0,42.94502238,-85.07413319,26067.0,233.3956752245081,2.6490066225165565,147,148,4,0,144,147,64210,3,0,0,3,1
2020-06-01,US,Michigan,Iosco,95,9,0,44.35486835,-83.63484895,26069.0,378.0793568671151,9.473684210526317,86,94,9,0,85,94,25081,1,0,0,1,0
2020-06-01,US,Michigan,Isabella,77,7,0,43.64060976,-84.84664923,26073.0,110.20151133501258,9.090909090909092,70,77,7,0,70,77,70562,0,0,0,0,0
2020-06-01,US,Michigan,Jackson,448,28,0,42.24807035,-84.42258681,26075.0,282.6320105987004,6.25,420,448,28,0,420,510,158823,0,0,0,0,-62
2020-06-01,US,Michigan,Kalamazoo,844,57,0,42.24542231,-85.53038622,26077.0,318.41126360981787,6.753554502369669,787,844,55,0,789,834,264870,0,2,0,-2,10
2020-06-01,US,Michigan,Kalkaska,19,2,0,44.68512729,-85.09085699,26079.0,105.33318549728351,10.526315789473683,17,19,2,0,17,19,17824,0,0,0,0,0
2020-06-01,US,Michigan,Kent,3748,89,0,43.03197711,-85.54934642,26081.0,570.5109177949784,2.374599786552828,3659,3715,85,0,3630,3642,653786,33,4,0,29,73
2020-06-01,US,Michigan,Lake,6,0,0,43.99050893,-85.802173,26085.0,50.62009617818274,0.0,6,6,0,0,6,7,11881,0,0,0,0,-1
2020-06-01,US,Michigan,Lapeer,190,30,0,43.09052506,-83.22153148,26087.0,216.87764676338645,15.789473684210524,160,190,30,0,160,189,88028,0,0,0,0,1
2020-06-01,US,Michigan,Leelanau,11,0,0,44.94430054,-85.80150326,26089.0,50.549147557557106,0.0,11,11,0,0,11,11,21764,0,0,0,0,0
2020-06-01,US,Michigan,Lenawee,154,4,0,41.89475156,-84.06603727,26091.0,156.42299214837837,2.5974025974025974,150,153,4,0,149,151,98266,1,0,0,1,2
2020-06-01,US,Michigan,Livingston,397,26,0,42.60302282,-83.91297209,26093.0,206.7762181306805,6.549118387909321,371,395,26,0,369,395,191224,2,0,0,2,0
2020-06-01,US,Michigan,Luce,3,0,0,46.47227431,-85.54471223,26095.0,48.16182372772515,0.0,3,3,0,0,3,3,6283,0,0,0,0,0
2020-06-01,US,Michigan,Mackinac,8,0,0,46.07028979,-85.04980537,26097.0,74.0809334197611,0.0,8,8,0,0,8,8,10787,0,0,0,0,0
2020-06-01,US,Michigan,Macomb,6707,814,0,42.69158356,-82.92752801,26099.0,767.4158897539052,12.136573728939913,5893,6695,810,0,5885,6624,874759,12,4,0,8,71
2020-06-01,US,Michigan,Manistee,11,0,0,44.33352407,-86.05626916,26101.0,44.79192116621875,0.0,11,11,0,0,11,11,24528,0,0,0,0,0
2020-06-01,US,Michigan,Marquette,56,12,0,46.4338914,-87.64043701,26103.0,83.95927974932158,21.428571428571427,44,56,11,0,45,55,66516,0,1,0,-1,1
2020-06-01,US,Michigan,Mason,32,0,0,43.99509218,-86.24988902,26105.0,109.79961570134505,0.0,32,32,0,0,32,32,29100,0,0,0,0,0
2020-06-01,US,Michigan,Mecosta,21,2,0,43.64064262,-85.32463223,26107.0,48.328078613674535,9.523809523809524,19,21,2,0,19,21,43545,0,0,0,0,0
2020-06-01,US,Michigan,Menominee,8,0,0,45.58038692,-87.55370409,26109.0,35.11852502194907,0.0,8,8,0,0,8,8,22983,0,0,0,0,0
2020-06-01,US,Michigan,Michigan Department of Corrections (MDOC),3933,69,0,0.0,0.0,0.0,0.0,1.7543859649122806,3864,3933,69,0,3864,3914,,0,0,0,0,19
2020-06-01,US,Michigan,Midland,82,8,0,43.64330771,-84.38804374,26111.0,98.6098417432296,9.75609756097561,74,82,8,0,74,82,83209,0,0,0,0,0
2020-06-01,US,Michigan,Missaukee,16,1,0,44.33772443,-85.09256478,26113.0,105.83410504034927,6.25,15,16,1,0,15,16,15113,0,0,0,0,0
2020-06-01,US,Michigan,Monroe,473,21,0,41.92734151,-83.53749864,26115.0,314.2857142857143,4.439746300211416,452,474,19,0,455,469,150439,-1,2,0,-3,5
2020-06-01,US,Michigan,Montcalm,66,1,0,43.31082541,-85.15252824,26117.0,103.30578512396694,1.5151515151515151,65,66,1,0,65,65,63968,0,0,0,0,1
2020-06-01,US,Michigan,Montmorency,5,0,0,45.0275929,-84.12696227,26119.0,53.60205831903945,0.0,5,5,0,0,5,5,9265,0,0,0,0,0
2020-06-01,US,Michigan,Muskegon,645,36,0,43.29123859,-86.15176712,26121.0,371.61656084717055,5.5813953488372094,609,643,36,0,607,636,173588,2,0,0,2,7
2020-06-01,US,Michigan,Newaygo,107,0,0,43.554373999999996,-85.80070107,26123.0,218.45651286239286,0.0,107,105,0,0,105,105,48892,2,0,0,2,0
2020-06-01,US,Michigan,Oakland,8407,992,0,42.66090111,-83.38595416,26125.0,668.5040522144047,11.799690733912215,7415,8396,988,0,7408,8319,1259201,11,4,0,7,77
2020-06-01,US,Michigan,Oceana,87,2,0,43.64124435,-86.26726673,26127.0,328.7112252994295,2.2988505747126435,85,85,2,0,83,85,26625,2,0,0,2,0
2020-06-01,US,Michigan,Ogemaw,22,1,0,44.33481032,-84.12725175,26129.0,104.77687288660285,4.545454545454546,21,21,1,0,20,21,20952,1,0,0,1,0
2020-06-01,US,Michigan,Osceola,11,0,0,43.98992088,-85.32566756,26133.0,46.88832054560954,0.0,11,11,0,0,11,11,23341,0,0,0,0,0
2020-06-01,US,Michigan,Oscoda,5,1,0,44.68192279,-84.12939244,26135.0,60.6722485135299,20.0,4,5,1,0,4,5,8276,0,0,0,0,0
2020-06-01,US,Michigan,Otsego,102,10,0,45.02085831,-84.59898295,26137.0,413.49116263985735,9.803921568627453,92,102,10,0,92,100,24665,0,0,0,0,2
2020-06-01,US,Michigan,Ottawa,781,34,0,42.95996803,-85.9969107,26139.0,267.6215604975499,4.353393085787451,747,774,34,0,740,766,290494,7,0,0,7,8
2020-06-01,US,Michigan,Out of MI,42,0,0,0.0,0.0,80026.0,0.0,0.0,42,42,0,0,42,36,,0,0,0,0,6
2020-06-01,US,Michigan,Presque Isle,11,0,0,45.34018577,-83.91498656,26141.0,87.35705209656925,0.0,11,11,0,0,11,11,12738,0,0,0,0,0
2020-06-01,US,Michigan,Roscommon,21,0,0,44.33473082,-84.61067651,26143.0,87.43078396269621,0.0,21,21,0,0,21,21,23884,0,0,0,0,0
2020-06-01,US,Michigan,Saginaw,1048,108,0,43.33433923,-84.05131209999998,26145.0,550.0186313563104,10.305343511450381,940,1038,108,0,930,1029,190800,10,0,0,10,9
2020-06-01,US,Michigan,Sanilac,41,5,0,43.42406072,-82.82055898,26151.0,99.5870779693952,12.19512195121951,36,41,5,0,36,41,41182,0,0,0,0,0
2020-06-01,US,Michigan,Schoolcraft,4,0,0,46.19235734,-86.19972234,26153.0,49.419322955275504,0.0,4,4,0,0,4,4,8068,0,0,0,0,0
2020-06-01,US,Michigan,Shiawassee,240,26,0,42.95392800000001,-84.14585902,26155.0,352.30909251049593,10.833333333333336,214,240,26,0,214,240,68192,0,0,0,0,0
2020-06-01,US,Michigan,St. Clair,448,41,0,42.92655373,-82.67937954,26147.0,281.53436227439545,9.151785714285714,407,449,41,0,408,448,159337,-1,0,0,-1,1
2020-06-01,US,Michigan,St. Joseph,119,2,0,41.91441767,-85.52797979,26149.0,195.19716554031888,1.680672268907563,117,119,2,0,117,118,61043,0,0,0,0,1
2020-06-01,US,Michigan,Tuscola,189,24,0,43.46606813,-83.41897025,26157.0,361.75710594315245,12.698412698412698,165,187,23,0,164,189,52516,2,1,0,1,-2
2020-06-01,US,Michigan,Unassigned,2,0,0,0.0,0.0,90026.0,0.0,0.0,2,4,0,0,4,24,,-2,0,0,-2,-20
2020-06-01,US,Michigan,Van Buren,144,6,0,42.25190229,-86.01939087,26159.0,190.28238434398827,4.166666666666667,138,144,6,0,138,140,75448,0,0,0,0,4
2020-06-01,US,Michigan,Washtenaw,1337,99,0,42.253105,-83.83853204,26161.0,363.70956553437003,7.404637247569184,1238,1336,99,0,1237,1331,370963,1,0,0,1,5
2020-06-01,US,Michigan,Wayne,20446,2463,0,42.28098405,-83.281255,26163.0,1168.7816511684673,12.046366037366722,17983,20415,2461,0,17954,20254,1753893,31,2,0,29,161
2020-06-01,US,Michigan,Wexford,12,3,0,44.33853602,-85.57712739,26165.0,35.681365406916235,25.0,9,11,3,0,8,11,33466,1,0,0,1,0
2020-06-01,US,Minnesota,Aitkin,8,0,0,46.60962049,-93.41168259999999,27001.0,50.35880649628604,0.0,8,8,0,0,8,8,15902,0,0,0,0,0
2020-06-01,US,Minnesota,Anoka,1429,70,0,45.27476015,-93.24604565,27003.0,400.3687090420569,4.898530440867741,1359,1399,70,0,1329,1363,353813,30,0,0,30,36
2020-06-01,US,Minnesota,Becker,40,0,0,46.93479392,-95.67158144,27005.0,116.20137698631727,0.0,40,40,0,0,40,39,34371,0,0,0,0,1
2020-06-01,US,Minnesota,Beltrami,15,0,0,47.97373527,-94.93732139,27007.0,31.787742646435536,0.0,15,15,0,0,15,14,46847,0,0,0,0,1
2020-06-01,US,Minnesota,Benton,178,3,0,45.69804958,-93.99514135,27009.0,435.324904008413,1.6853932584269662,175,177,3,0,174,175,40545,1,0,0,1,2
2020-06-01,US,Minnesota,Big Stone,6,0,0,45.42712824,-96.41403739,27011.0,120.21638950110201,0.0,6,5,0,0,5,4,4989,1,0,0,1,1
2020-06-01,US,Minnesota,Blue Earth,142,0,0,44.03554215,-94.06699781,27013.0,209.89460925605664,0.0,142,140,0,0,140,138,67427,2,0,0,2,2
2020-06-01,US,Minnesota,Brown,16,2,0,44.24205652,-94.72562874,27015.0,63.979526551503525,12.5,14,16,2,0,14,15,25111,0,0,0,0,1
2020-06-01,US,Minnesota,Carlton,75,0,0,46.59180601,-92.67601019,27017.0,209.08254578907756,0.0,75,73,0,0,73,73,35837,2,0,0,2,0
2020-06-01,US,Minnesota,Carver,218,2,0,44.82017001,-93.80099179999999,27019.0,207.44321479888472,0.9174311926605504,216,210,2,0,208,206,103551,8,0,0,8,4
2020-06-01,US,Minnesota,Cass,14,2,0,46.95043611,-94.32603968,27021.0,47.01299573524968,14.285714285714285,12,14,2,0,12,13,29519,0,0,0,0,1
2020-06-01,US,Minnesota,Chippewa,51,1,0,45.02343421,-95.56403693,27023.0,432.2033898305085,1.96078431372549,50,51,1,0,50,49,11924,0,0,0,0,2
2020-06-01,US,Minnesota,Chisago,62,1,0,45.5021011,-92.90861945,27025.0,109.58129341275033,1.6129032258064515,61,61,1,0,60,61,55922,1,0,0,1,0
2020-06-01,US,Minnesota,Clay,427,28,0,46.89289518,-96.48761922,27027.0,664.8811933605308,6.557377049180328,399,423,28,0,395,424,63955,4,0,0,4,-1
2020-06-01,US,Minnesota,Clearwater,3,0,0,47.57992111,-95.37790562,27029.0,34.02132002721706,0.0,3,3,0,0,3,3,8810,0,0,0,0,0
2020-06-01,US,Minnesota,Cottonwood,76,0,0,44.00715262,-95.18138802,27033.0,678.8138620936047,0.0,76,75,0,0,75,70,11277,1,0,0,1,5
2020-06-01,US,Minnesota,Crow Wing,71,2,0,46.48096553,-94.06755609,27035.0,109.13842133579278,2.8169014084507036,69,71,2,0,69,68,64889,0,0,0,0,3
2020-06-01,US,Minnesota,Dakota,1349,57,0,44.67172617,-93.06299363,27037.0,314.4368224399272,4.225352112676056,1292,1327,55,0,1272,1263,425423,22,2,0,20,64
2020-06-01,US,Minnesota,Dodge,53,0,0,44.02238415,-92.86244324,27039.0,253.17665042514568,0.0,53,52,0,0,52,52,20822,1,0,0,1,0
2020-06-01,US,Minnesota,Douglas,44,0,0,45.93348491,-95.45335469,27041.0,115.3614220917123,0.0,44,42,0,0,42,41,37964,2,0,0,2,1
2020-06-01,US,Minnesota,Faribault,19,0,0,43.67381499,-93.94787458,27043.0,139.16355379770013,0.0,19,18,0,0,18,18,13758,1,0,0,1,0
2020-06-01,US,Minnesota,Fillmore,17,1,0,43.67394126,-92.08980382,27045.0,80.69492571320075,5.882352941176472,16,17,1,0,16,17,21058,0,0,0,0,0
2020-06-01,US,Minnesota,Freeborn,125,0,0,43.67385583,-93.34884422,27047.0,412.8001056768271,0.0,125,117,0,0,117,115,30444,8,0,0,8,2
2020-06-01,US,Minnesota,Goodhue,68,3,0,44.40849741,-92.72341949999999,27049.0,146.741476046612,4.411764705882354,65,66,3,0,63,66,46403,2,0,0,2,0
2020-06-01,US,Minnesota,Grant,4,0,0,45.93424769,-96.01139609,27051.0,66.97923643670461,0.0,4,4,0,0,4,4,6021,0,0,0,0,0
2020-06-01,US,Minnesota,Hennepin,8514,616,0,45.00761521,-93.47694895,27053.0,672.5952586537193,7.235142118863049,7898,8393,613,0,7780,8181,1259428,121,3,0,118,212
2020-06-01,US,Minnesota,Houston,2,0,0,43.67129565,-91.49143057,27055.0,10.752688172043008,0.0,2,2,0,0,2,2,18578,0,0,0,0,0
2020-06-01,US,Minnesota,Hubbard,2,0,0,47.10778564,-94.91693868,27057.0,9.306221208878137,0.0,2,2,0,0,2,3,21332,0,0,0,0,-1
2020-06-01,US,Minnesota,Isanti,35,0,0,45.56181234,-93.29487636,27059.0,86.21539067888462,0.0,35,35,0,0,35,32,39966,0,0,0,0,3
2020-06-01,US,Minnesota,Itasca,55,10,0,47.51009045,-93.63092229,27061.0,121.87015289164637,18.181818181818183,45,54,10,0,44,54,45108,1,0,0,1,0
2020-06-01,US,Minnesota,Jackson,39,0,0,43.67423373,-95.15398258,27063.0,396.0999390615478,0.0,39,39,0,0,39,39,9911,0,0,0,0,0
2020-06-01,US,Minnesota,Kanabec,11,1,0,45.9459309,-93.29275192,27065.0,67.33182346820102,9.090909090909092,10,11,1,0,10,11,16207,0,0,0,0,0
2020-06-01,US,Minnesota,Kandiyohi,497,1,0,45.1526059,-95.00586446,27067.0,1150.4895946665429,0.2012072434607646,496,496,1,0,495,490,42855,1,0,0,1,6
2020-06-01,US,Minnesota,Kittson,1,0,0,48.77754106,-96.78317184,27069.0,23.266635644485806,0.0,1,1,0,0,1,1,4248,0,0,0,0,0
2020-06-01,US,Minnesota,Koochiching,9,0,0,48.24539665,-93.78352843,27071.0,73.59555155777251,0.0,9,8,0,0,8,7,12440,1,0,0,1,1
2020-06-01,US,Minnesota,Lac qui Parle,3,0,0,44.9973857,-96.17488219,27073.0,45.29669334138608,0.0,3,3,0,0,3,3,6658,0,0,0,0,0
2020-06-01,US,Minnesota,Lake,1,0,0,47.64270764,-91.44557998,27075.0,9.3976130062964,0.0,1,1,0,0,1,1,10658,0,0,0,0,0
2020-06-01,US,Minnesota,Le Sueur,44,1,0,44.37136597,-93.72844721,27079.0,152.31765153875446,2.272727272727273,43,44,1,0,43,44,28494,0,0,0,0,0
2020-06-01,US,Minnesota,Lincoln,5,0,0,44.41311883,-96.26688165,27081.0,88.66820358219543,0.0,5,5,0,0,5,5,5673,0,0,0,0,0
2020-06-01,US,Minnesota,Lyon,57,0,0,44.41327865,-95.83806103,27083.0,223.75755672450344,0.0,57,56,0,0,56,49,25629,1,0,0,1,7
2020-06-01,US,Minnesota,Mahnomen,6,1,0,47.32557075,-95.80921485,27087.0,108.5579880586213,16.666666666666668,5,6,1,0,5,6,5519,0,0,0,0,0
2020-06-01,US,Minnesota,Marshall,12,0,0,48.35825983,-96.37017407,27089.0,128.53470437017995,0.0,12,12,0,0,12,10,9390,0,0,0,0,2
2020-06-01,US,Minnesota,Martin,132,5,0,43.67429718,-94.55099908,27091.0,670.6294772138392,3.787878787878788,127,130,5,0,125,129,19785,2,0,0,2,1
2020-06-01,US,Minnesota,McLeod,37,0,0,44.82367677,-94.27287017,27085.0,103.08416682918677,0.0,37,37,0,0,37,34,35873,0,0,0,0,3
2020-06-01,US,Minnesota,Meeker,45,0,0,45.12328869,-94.52839455,27093.0,193.78175867711656,0.0,45,45,0,0,45,45,23141,0,0,0,0,0
2020-06-01,US,Minnesota,Mille Lacs,19,1,0,45.93705297,-93.63236823,27095.0,72.3065798987708,5.2631578947368425,18,19,1,0,18,19,26139,0,0,0,0,0
2020-06-01,US,Minnesota,Morrison,47,0,0,46.01265363,-94.27341528,27097.0,140.7775714371293,0.0,47,46,0,0,46,45,33169,1,0,0,1,1
2020-06-01,US,Minnesota,Mower,345,2,0,43.67142874,-92.75234549,27099.0,861.1651939493785,0.5797101449275363,343,318,2,0,316,303,40011,27,0,0,27,15
2020-06-01,US,Minnesota,Murray,39,0,0,44.02216709,-95.76328482,27101.0,475.9580180619966,0.0,39,39,0,0,39,39,8276,0,0,0,0,0
2020-06-01,US,Minnesota,Nicollet,88,10,0,44.35291112,-94.24710352,27103.0,256.75439108362025,11.363636363636365,78,87,10,0,77,86,34220,1,0,0,1,1
2020-06-01,US,Minnesota,Nobles,1544,5,0,43.67434621,-95.75329576,27105.0,7138.5639650469275,0.3238341968911917,1539,1539,5,0,1534,1512,21924,5,0,0,5,27
2020-06-01,US,Minnesota,Norman,13,0,0,47.32628443,-96.45620947,27107.0,203.921568627451,0.0,13,13,0,0,13,13,6475,0,0,0,0,0
2020-06-01,US,Minnesota,Olmsted,634,10,0,44.00374114,-92.40209944,27109.0,400.52308061632544,1.5772870662460567,624,626,10,0,616,608,156277,8,0,0,8,18
2020-06-01,US,Minnesota,Otter Tail,70,0,0,46.40846929,-95.70835255,27111.0,119.15704899056955,0.0,70,68,0,0,68,64,58812,2,0,0,2,4
2020-06-01,US,Minnesota,Pennington,19,0,0,48.06642577,-96.0370814,27113.0,134.57043699978752,0.0,19,19,0,0,19,17,14178,0,0,0,0,2
2020-06-01,US,Minnesota,Pine,89,0,0,46.12105238,-92.74070188,27115.0,300.889144325366,0.0,89,89,0,0,89,89,29483,0,0,0,0,0
2020-06-01,US,Minnesota,Pipestone,12,0,0,44.02301619,-96.25841142,27117.0,131.49243918474687,0.0,12,12,0,0,12,12,9047,0,0,0,0,0
2020-06-01,US,Minnesota,Polk,61,2,0,47.77372465,-96.40134647,27119.0,194.4904986608851,3.278688524590164,59,61,2,0,59,61,31529,0,0,0,0,0
2020-06-01,US,Minnesota,Pope,9,0,0,45.58606667,-95.44451209,27121.0,80.00711174326605,0.0,9,9,0,0,9,9,11097,0,0,0,0,0
2020-06-01,US,Minnesota,Ramsey,3075,128,0,45.01625271,-93.09872295,27123.0,558.7647936386219,4.162601626016261,2947,3019,124,0,2895,2863,550210,56,4,0,52,156
2020-06-01,US,Minnesota,Red Lake,4,0,0,47.87197525,-96.09561104,27125.0,98.64364981504316,0.0,4,4,0,0,4,4,3999,0,0,0,0,0
2020-06-01,US,Minnesota,Redwood,5,0,0,44.40555844,-95.25207021,27127.0,32.95978905735004,0.0,5,5,0,0,5,4,15249,0,0,0,0,1
2020-06-01,US,Minnesota,Renville,5,0,0,44.72836381,-94.94553734,27129.0,34.36898542755018,0.0,5,5,0,0,5,5,14612,0,0,0,0,0
2020-06-01,US,Minnesota,Rice,462,2,0,44.3543376,-93.29658715,27131.0,689.8405303709012,0.4329004329004329,460,462,2,0,460,452,66523,0,0,0,0,10
2020-06-01,US,Minnesota,Rock,22,0,0,43.67482683,-96.25296832,27133.0,236.17820719269997,0.0,22,22,0,0,22,22,9414,0,0,0,0,0
2020-06-01,US,Minnesota,Roseau,2,0,0,48.77501878,-95.81079919,27135.0,13.188262446422687,0.0,2,2,0,0,2,3,15150,0,0,0,0,-1
2020-06-01,US,Minnesota,Scott,436,2,0,44.6490231,-93.53340251,27139.0,292.5919215102038,0.4587155963302753,434,426,2,0,424,408,147381,10,0,0,10,18
2020-06-01,US,Minnesota,Sherburne,246,2,0,45.44447208,-93.77617511,27141.0,252.98751516896687,0.8130081300813008,244,243,2,0,241,237,96036,3,0,0,3,6
2020-06-01,US,Minnesota,Sibley,16,0,0,44.5796592,-94.23164924,27143.0,107.63538513286241,0.0,16,16,0,0,16,16,15028,0,0,0,0,0
2020-06-01,US,Minnesota,St. Louis,118,14,0,47.604840700000004,-92.46879855,27137.0,59.275631687346156,11.864406779661017,104,118,14,0,104,118,199754,0,0,0,0,0
2020-06-01,US,Minnesota,Stearns,2030,13,0,45.55192576,-94.61078221,27145.0,1260.2824771069374,0.6403940886699507,2017,2021,13,0,2008,2014,159256,9,0,0,9,7
2020-06-01,US,Minnesota,Steele,160,0,0,44.02240351,-93.22627088,27147.0,436.57398564763014,0.0,160,158,0,0,158,159,36803,2,0,0,2,-1
2020-06-01,US,Minnesota,Stevens,1,0,0,45.58613007,-96.00163705,27149.0,10.198878123406423,0.0,1,1,0,0,1,1,9753,0,0,0,0,0
2020-06-01,US,Minnesota,Swift,19,0,0,45.2829032,-95.68264092,27151.0,205.05072307360246,0.0,19,18,0,0,18,18,9345,1,0,0,1,0
2020-06-01,US,Minnesota,Todd,319,0,0,46.06996226,-94.89785296,27153.0,1293.3830684398313,0.0,319,316,0,0,316,313,24582,3,0,0,3,3
2020-06-01,US,Minnesota,Traverse,3,0,0,45.77298854,-96.47062949,27155.0,92.05277692543726,0.0,3,3,0,0,3,3,3308,0,0,0,0,0
2020-06-01,US,Minnesota,Unassigned,88,10,0,0.0,0.0,90027.0,0.0,11.363636363636365,78,89,10,0,79,86,,-1,0,0,-1,3
2020-06-01,US,Minnesota,Wabasha,18,0,0,44.28424356,-92.23121312,27157.0,83.22929671244277,0.0,18,18,0,0,18,18,21645,0,0,0,0,0
2020-06-01,US,Minnesota,Wadena,10,0,0,46.58589171,-94.96968506,27159.0,73.0887297178775,0.0,10,10,0,0,10,9,13773,0,0,0,0,1
2020-06-01,US,Minnesota,Waseca,26,0,0,44.02211116,-93.58720034,27161.0,139.69482054588437,0.0,26,26,0,0,26,26,18691,0,0,0,0,0
2020-06-01,US,Minnesota,Washington,645,32,0,45.03864533,-92.88429635,27163.0,245.7704618198445,4.961240310077518,613,636,32,0,604,617,259201,9,0,0,9,19
2020-06-01,US,Minnesota,Watonwan,75,0,0,43.97823903,-94.61413846,27165.0,688.2628246306323,0.0,75,74,0,0,74,71,10980,1,0,0,1,3
2020-06-01,US,Minnesota,Wilkin,11,3,0,46.35721532,-96.4684375,27167.0,177.2192685677461,27.272727272727273,8,11,3,0,8,11,6254,0,0,0,0,0
2020-06-01,US,Minnesota,Winona,80,15,0,43.98772283,-91.78081305,27169.0,158.4660486490769,18.75,65,79,15,0,64,79,50825,1,0,0,1,0
2020-06-01,US,Minnesota,Wright,320,2,0,45.17297924,-93.96234781,27171.0,231.25230348974182,0.625,318,313,1,0,312,305,136349,7,1,0,6,8
2020-06-01,US,Minnesota,Yellow Medicine,6,0,0,44.71710183,-95.86842453,27173.0,61.79833144505098,0.0,6,6,0,0,6,6,9795,0,0,0,0,0
2020-06-01,US,Mississippi,Adams,200,15,0,31.47669768,-91.35326037,28001.0,651.614374613104,7.5,185,199,15,0,184,196,31192,1,0,0,1,3
2020-06-01,US,Mississippi,Alcorn,17,1,0,34.88084463,-88.57996173,28003.0,46.004383947176144,5.882352941176472,16,17,1,0,16,17,36925,0,0,0,0,0
2020-06-01,US,Mississippi,Amite,64,1,0,31.17467303,-90.80501621,28005.0,520.4521427990567,1.5625,63,64,1,0,63,60,12326,0,0,0,0,4
2020-06-01,US,Mississippi,Attala,298,17,0,33.08658803,-89.57838564,28007.0,1639.705073181468,5.704697986577182,281,298,17,0,281,292,18365,0,0,0,0,6
2020-06-01,US,Mississippi,Benton,14,0,0,34.81681228,-89.18945516,28009.0,169.51204746337328,0.0,14,15,0,0,15,15,8271,-1,0,0,-1,0
2020-06-01,US,Mississippi,Bolivar,165,11,0,33.79696941,-90.87372121,28011.0,538.722737364503,6.666666666666668,154,162,11,0,151,160,31333,3,0,0,3,2
2020-06-01,US,Mississippi,Calhoun,65,4,0,33.93683395,-89.33686647,28013.0,452.6147204233689,6.153846153846153,61,65,4,0,61,64,14436,0,0,0,0,1
2020-06-01,US,Mississippi,Carroll,117,11,0,33.44834567,-89.91994479,28015.0,1176.2340404141953,9.401709401709402,106,117,11,0,106,117,9911,0,0,0,0,0
2020-06-01,US,Mississippi,Chickasaw,137,12,0,33.91983202,-88.9481545,28017.0,801.029059229375,8.75912408759124,125,135,12,0,123,133,17171,2,0,0,2,2
2020-06-01,US,Mississippi,Choctaw,48,2,0,33.34598242,-89.24809382,28019.0,584.6528623629721,4.166666666666667,46,43,2,0,41,43,8278,5,0,0,5,0
2020-06-01,US,Mississippi,Claiborne,110,2,0,31.97061673,-90.90702196,28021.0,1223.8540275923453,1.818181818181818,108,111,2,0,109,111,9002,-1,0,0,-1,0
2020-06-01,US,Mississippi,Clarke,148,19,0,32.04158545,-88.68896219999998,28023.0,952.3196705488707,12.837837837837839,129,144,18,0,126,143,15604,4,1,0,3,1
2020-06-01,US,Mississippi,Clay,114,4,0,33.65358105,-88.77784255,28025.0,590.1843031683578,3.5087719298245608,110,112,4,0,108,112,19386,2,0,0,2,0
2020-06-01,US,Mississippi,Coahoma,125,4,0,34.22772299,-90.60415045,28027.0,564.9972880130175,3.2,121,125,4,0,121,121,22628,0,0,0,0,4
2020-06-01,US,Mississippi,Copiah,313,4,0,31.86977774,-90.44565118,28029.0,1115.2681275610194,1.2779552715654952,309,312,4,0,308,310,28543,1,0,0,1,2
2020-06-01,US,Mississippi,Covington,173,2,0,31.63225413,-89.55389939,28031.0,928.3107963082208,1.1560693641618498,171,165,2,0,163,165,18853,8,0,0,8,0
2020-06-01,US,Mississippi,DeSoto,550,7,0,34.87625235,-89.99091418,28033.0,297.3857092649166,1.2727272727272727,543,542,7,0,535,533,182001,8,0,0,8,9
2020-06-01,US,Mississippi,Forrest,583,38,0,31.18961454,-89.25832496,28035.0,778.4023392125184,6.518010291595196,545,564,38,0,526,553,75036,19,0,0,19,11
2020-06-01,US,Mississippi,Franklin,29,2,0,31.47786634,-90.89672989,28037.0,375.9885906910411,6.896551724137932,27,29,2,0,27,28,7788,0,0,0,0,1
2020-06-01,US,Mississippi,George,25,1,0,30.86259065,-88.64436789,28039.0,102.04081632653063,4.0,24,25,1,0,24,25,24250,0,0,0,0,0
2020-06-01,US,Mississippi,Greene,16,1,0,31.21444233,-88.63922281,28041.0,117.76829088767849,6.25,15,13,1,0,12,12,13586,3,0,0,3,1
2020-06-01,US,Mississippi,Grenada,95,3,0,33.77036166,-89.80245083,28043.0,457.6548800462472,3.1578947368421053,92,94,3,0,91,89,21055,1,0,0,1,5
2020-06-01,US,Mississippi,Hancock,91,11,0,30.41830223,-89.48851033,28045.0,191.04803493449782,12.087912087912088,80,91,11,0,80,90,47334,0,0,0,0,1
2020-06-01,US,Mississippi,Harrison,261,7,0,30.51359752,-89.12467576,28047.0,125.4325259515571,2.681992337164751,254,258,7,0,251,257,206650,3,0,0,3,1
2020-06-01,US,Mississippi,Hinds,1028,26,0,32.2656285,-90.44435448,28049.0,443.40924775707373,2.5291828793774314,1002,1006,25,0,981,999,237085,22,1,0,21,7
2020-06-01,US,Mississippi,Holmes,434,28,0,33.12345854,-90.08923538,28051.0,2551.440329218107,6.451612903225807,406,429,28,0,401,397,17622,5,0,0,5,32
2020-06-01,US,Mississippi,Humphreys,59,7,0,33.12825718,-90.52252707,28053.0,731.6468253968254,11.864406779661017,52,60,7,0,53,60,8257,-1,0,0,-1,0
2020-06-01,US,Mississippi,Itawamba,88,7,0,34.27993475,-88.3606733,28057.0,376.22915775972643,7.954545454545454,81,87,7,0,80,87,23517,1,0,0,1,0
2020-06-01,US,Mississippi,Jackson,307,13,0,30.54020656,-88.64184064,28059.0,213.7629946315548,4.234527687296417,294,308,13,0,295,305,143277,-1,0,0,-1,3
2020-06-01,US,Mississippi,Jasper,163,4,0,32.01922104,-89.11786866,28061.0,994.933772813282,2.4539877300613497,159,163,4,0,159,157,16428,0,0,0,0,6
2020-06-01,US,Mississippi,Jefferson,42,1,0,31.73397872,-91.03764977,28063.0,600.8583690987125,2.380952380952381,41,42,1,0,41,42,7106,0,0,0,0,0
2020-06-01,US,Mississippi,Jefferson Davis,77,3,0,31.56884708,-89.82670990000004,28065.0,691.9482386772107,3.8961038961038965,74,77,3,0,74,77,11234,0,0,0,0,0
2020-06-01,US,Mississippi,Jones,652,28,0,31.62257767,-89.16896899999998,28067.0,957.4436841023233,4.294478527607362,624,629,28,0,601,598,68461,23,0,0,23,31
2020-06-01,US,Mississippi,Kemper,145,11,0,32.75462946,-88.64105766,28069.0,1488.4007390679533,7.586206896551723,134,144,11,0,133,144,10027,1,0,0,1,0
2020-06-01,US,Mississippi,Lafayette,137,4,0,34.35687874,-89.48490961,28071.0,253.6144689831356,2.9197080291970803,133,136,4,0,132,131,54793,1,0,0,1,5
2020-06-01,US,Mississippi,Lamar,239,5,0,31.20572971,-89.5077704,28073.0,377.31083150466515,2.092050209205021,234,238,5,0,233,235,62447,1,0,0,1,3
2020-06-01,US,Mississippi,Lauderdale,741,62,0,32.40419769,-88.66229662,28075.0,999.6627318718381,8.367071524966262,679,738,62,0,676,735,75317,3,0,0,3,3
2020-06-01,US,Mississippi,Lawrence,106,1,0,31.55147224,-90.10841127,28077.0,842.2056252979502,0.9433962264150944,105,102,1,0,101,102,12455,4,0,0,4,0
2020-06-01,US,Mississippi,Leake,431,12,0,32.7536828,-89.52402044,28079.0,1891.5123321337664,2.7842227378190256,419,427,12,0,415,421,22763,4,0,0,4,6
2020-06-01,US,Mississippi,Lee,154,6,0,34.291877500000005,-88.68149954,28081.0,180.2518844515193,3.8961038961038965,148,153,6,0,147,149,85202,1,0,0,1,4
2020-06-01,US,Mississippi,Leflore,265,32,0,33.55545125,-90.29900733,28083.0,940.2831494163147,12.075471698113208,233,264,31,0,233,258,28919,1,1,0,0,6
2020-06-01,US,Mississippi,Lincoln,266,29,0,31.53288662,-90.45391915,28085.0,778.8481246156999,10.902255639097744,237,263,29,0,234,256,34205,3,0,0,3,7
2020-06-01,US,Mississippi,Lowndes,219,9,0,33.47386518,-88.44191529999998,28087.0,373.752026623432,4.109589041095891,210,211,9,0,202,211,58930,8,0,0,8,0
2020-06-01,US,Mississippi,Madison,742,23,0,32.63389156,-90.03513564,28089.0,698.2083709725986,3.0997304582210243,719,724,23,0,701,720,105630,18,0,0,18,4
2020-06-01,US,Mississippi,Marion,117,9,0,31.23132643,-89.8209217,28091.0,476.1323403735808,7.6923076923076925,108,115,9,0,106,115,24715,2,0,0,2,0
2020-06-01,US,Mississippi,Marshall,81,3,0,34.76216286,-89.50299462,28093.0,229.50076500255,3.703703703703704,78,83,3,0,80,83,35451,-2,0,0,-2,0
2020-06-01,US,Mississippi,Monroe,261,25,0,33.89236763,-88.4808438,28095.0,740.3835243390447,9.578544061302683,236,257,25,0,232,255,35564,4,0,0,4,2
2020-06-01,US,Mississippi,Montgomery,85,1,0,33.49419589,-89.61729103,28097.0,869.5652173913044,1.1764705882352942,84,85,1,0,84,83,10023,0,0,0,0,2
2020-06-01,US,Mississippi,Neshoba,671,39,0,32.75339664,-89.11726492,28099.0,2304.416512123085,5.812220566318928,632,646,39,0,607,630,29125,25,0,0,25,16
2020-06-01,US,Mississippi,Newton,278,4,0,32.40021118,-89.11843336,28101.0,1322.6758016937865,1.4388489208633093,274,271,4,0,267,271,21443,7,0,0,7,0
2020-06-01,US,Mississippi,Noxubee,187,6,0,33.11009499,-88.56949061,28103.0,1795.142555438226,3.2085561497326203,181,186,6,0,180,185,10535,1,0,0,1,1
2020-06-01,US,Mississippi,Oktibbeha,243,14,0,33.42491685,-88.87905132,28105.0,490.0477947849234,5.761316872427983,229,239,12,0,227,235,49599,4,2,0,2,4
2020-06-01,US,Mississippi,Panola,71,3,0,34.36398677,-89.95064249,28107.0,207.6509124941507,4.225352112676056,68,71,3,0,68,70,34178,0,0,0,0,1
2020-06-01,US,Mississippi,Pearl River,209,31,0,30.77090935,-89.58677275,28109.0,376.33924552084267,14.832535885167465,178,209,31,0,178,209,55387,0,0,0,0,0
2020-06-01,US,Mississippi,Perry,50,3,0,31.17161885,-88.99281835,28111.0,417.6062807984632,6.0,47,50,3,0,47,50,11931,0,0,0,0,0
2020-06-01,US,Mississippi,Pike,203,11,0,31.17507789,-90.40392572,28113.0,516.6972103441253,5.41871921182266,192,203,11,0,192,202,39563,0,0,0,0,1
2020-06-01,US,Mississippi,Pontotoc,36,3,0,34.226046000000004,-89.03636807,28115.0,111.89158948219057,8.333333333333334,33,35,3,0,32,32,31833,1,0,0,1,3
2020-06-01,US,Mississippi,Prentiss,56,3,0,34.61810501,-88.51986294,28117.0,222.8767014248189,5.357142857142857,53,53,3,0,50,52,25315,3,0,0,3,1
2020-06-01,US,Mississippi,Quitman,34,0,0,34.25157572,-90.28908,28119.0,500.5889281507656,0.0,34,33,0,0,33,26,7051,1,0,0,1,7
2020-06-01,US,Mississippi,Rankin,446,8,0,32.26469147,-89.94537876,28121.0,287.2397292475736,1.7937219730941705,438,439,8,0,431,421,153902,7,0,0,7,18
2020-06-01,US,Mississippi,Scott,648,12,0,32.406704100000006,-89.53789439,28123.0,2304.081922912815,1.851851851851852,636,650,12,0,638,650,28287,-2,0,0,-2,0
2020-06-01,US,Mississippi,Sharkey,7,0,0,32.88149103,-90.81595379999999,28125.0,161.99953714417958,0.0,7,7,0,0,7,7,4377,0,0,0,0,0
2020-06-01,US,Mississippi,Simpson,100,0,0,31.91282117,-89.91716179,28127.0,375.1219146222522,0.0,100,101,0,0,101,101,26758,-1,0,0,-1,0
2020-06-01,US,Mississippi,Smith,152,11,0,32.01744532,-89.50644846,28129.0,955.0138225684847,7.236842105263157,141,152,11,0,141,150,16002,0,0,0,0,2
2020-06-01,US,Mississippi,Stone,30,0,0,30.79187949,-89.11547539,28131.0,163.61256544502618,0.0,30,30,0,0,30,30,18717,0,0,0,0,0
2020-06-01,US,Mississippi,Sunflower,85,3,0,33.60192578,-90.58882684,28133.0,338.51055356431704,3.5294117647058822,82,84,3,0,81,81,25735,1,0,0,1,3
2020-06-01,US,Mississippi,Tallahatchie,27,1,0,33.95339918,-90.1729398,28135.0,195.52465783184883,3.703703703703704,26,27,1,0,26,27,13987,0,0,0,0,0
2020-06-01,US,Mississippi,Tate,95,1,0,34.65133709,-89.94485778,28137.0,335.4401327636736,1.0526315789473684,94,94,1,0,93,89,28759,1,0,0,1,5
2020-06-01,US,Mississippi,Tippah,73,11,0,34.76872156,-88.90988194,28139.0,331.5920962979786,15.068493150684931,62,73,11,0,62,73,21995,0,0,0,0,0
2020-06-01,US,Mississippi,Tishomingo,32,0,0,34.74023475,-88.23917219,28141.0,165.09312283960168,0.0,32,32,0,0,32,32,19454,0,0,0,0,0
2020-06-01,US,Mississippi,Tunica,55,3,0,34.64967704,-90.37481167,28143.0,571.0132890365447,5.454545454545454,52,55,3,0,52,54,9944,0,0,0,0,1
2020-06-01,US,Mississippi,Union,84,5,0,34.49162015,-89.00776006,28145.0,291.5148360229047,5.9523809523809526,79,83,5,0,78,83,28606,1,0,0,1,0
2020-06-01,US,Mississippi,Walthall,57,0,0,31.14971548,-90.10446654,28147.0,398.9920201595968,0.0,57,56,0,0,56,55,14465,1,0,0,1,1
2020-06-01,US,Mississippi,Warren,175,10,0,32.35810271,-90.83352619,28149.0,385.6239395341663,5.7142857142857135,165,173,10,0,163,171,46176,2,0,0,2,2
2020-06-01,US,Mississippi,Washington,191,7,0,33.28392041,-90.94196237,28151.0,434.99054863467626,3.6649214659685865,184,178,7,0,171,168,45063,13,0,0,13,10
2020-06-01,US,Mississippi,Wayne,210,1,0,31.64135687,-88.69573913,28153.0,1040.4796115542783,0.4761904761904762,209,204,1,0,203,177,20298,6,0,0,6,27
2020-06-01,US,Mississippi,Webster,68,2,0,33.61300486,-89.28392912,28155.0,701.8268139126844,2.9411764705882355,66,69,2,0,67,69,9788,-1,0,0,-1,0
2020-06-01,US,Mississippi,Wilkinson,85,9,0,31.16078225,-91.31018819,28157.0,984.936268829664,10.588235294117649,76,88,9,0,79,88,8792,-3,0,0,-3,0
2020-06-01,US,Mississippi,Winston,120,1,0,33.08747908,-89.03391385,28159.0,668.3375104427736,0.8333333333333334,119,117,1,0,116,112,18165,3,0,0,3,5
2020-06-01,US,Mississippi,Yalobusha,94,5,0,34.02824175,-89.70762049999998,28161.0,776.3462173769409,5.319148936170213,89,93,5,0,88,90,12392,1,0,0,1,3
2020-06-01,US,Mississippi,Yazoo,283,4,0,32.77890365,-90.39656148,28163.0,953.1828898619065,1.413427561837456,279,281,4,0,277,273,28248,2,0,0,2,8
2020-06-01,US,Missouri,Adair,60,0,0,40.19058551,-92.60078167,29001.0,236.75176577358638,0.0,60,55,0,0,55,51,25339,5,0,0,5,4
2020-06-01,US,Missouri,Andrew,30,0,0,39.98492163,-94.80163024,29003.0,169.3766937669377,0.0,30,30,0,0,30,30,17607,0,0,0,0,0
2020-06-01,US,Missouri,Atchison,3,0,0,40.43238737,-95.42970639,29005.0,58.331713007972,0.0,3,3,0,0,3,3,5171,0,0,0,0,0
2020-06-01,US,Missouri,Audrain,85,0,0,39.215877,-91.84242683,29007.0,334.80384433590666,0.0,85,82,0,0,82,79,25473,3,0,0,3,3
2020-06-01,US,Missouri,Barry,9,0,0,36.70978521,-93.82919888,29009.0,25.147391656654282,0.0,9,9,0,0,9,9,35886,0,0,0,0,0
2020-06-01,US,Missouri,Bates,9,1,0,38.25271289,-94.34113157,29013.0,55.65174375463764,11.111111111111109,8,7,1,0,6,7,16320,2,0,0,2,0
2020-06-01,US,Missouri,Benton,11,0,0,38.29503305,-93.28756116,29015.0,56.57563133261328,0.0,11,11,0,0,11,11,19278,0,0,0,0,0
2020-06-01,US,Missouri,Bollinger,6,0,0,37.32449052,-90.02725304,29017.0,49.451908019451075,0.0,6,6,0,0,6,6,12169,0,0,0,0,0
2020-06-01,US,Missouri,Boone,153,1,0,38.99186229,-92.30723575,29019.0,84.78192205604473,0.6535947712418301,152,152,1,0,151,147,180005,1,0,0,1,5
2020-06-01,US,Missouri,Buchanan,709,2,0,39.65816401,-94.80138942,29021.0,811.5470903346918,0.2820874471086037,707,692,2,0,690,690,88571,17,0,0,17,2
2020-06-01,US,Missouri,Butler,35,0,0,36.71462476,-90.40421163,29023.0,82.3955930128537,0.0,35,35,0,0,35,35,42639,0,0,0,0,0
2020-06-01,US,Missouri,Caldwell,6,0,0,39.65620858,-93.98308093,29025.0,66.51884700665188,0.0,6,5,0,0,5,5,9108,1,0,0,1,0
2020-06-01,US,Missouri,Callaway,29,1,0,38.83674754,-91.92186505,29027.0,64.81460787162237,3.4482758620689653,28,29,1,0,28,29,44889,0,0,0,0,0
2020-06-01,US,Missouri,Camden,38,1,0,38.02199522,-92.76083747,29029.0,82.06457186049023,2.631578947368421,37,38,1,0,37,38,45815,0,0,0,0,0
2020-06-01,US,Missouri,Cape Girardeau,74,2,0,37.38489388,-89.6843587,29031.0,93.82409250548365,2.702702702702702,72,73,2,0,71,73,78753,1,0,0,1,0
2020-06-01,US,Missouri,Carroll,8,0,0,39.42762566,-93.50626255,29033.0,92.17651803203134,0.0,8,8,0,0,8,8,8743,0,0,0,0,0
2020-06-01,US,Missouri,Carter,5,1,0,36.94160441,-90.96051322,29035.0,83.58408559010364,20.0,4,5,1,0,4,5,6054,0,0,0,0,0
2020-06-01,US,Missouri,Cass,93,8,0,38.64789422,-94.353399,29037.0,87.91832104367556,8.602150537634408,85,90,8,0,82,89,104954,3,0,0,3,1
2020-06-01,US,Missouri,Cedar,9,0,0,37.72391475,-93.85445441,29039.0,62.72214091574325,0.0,9,9,0,0,9,9,14165,0,0,0,0,0
2020-06-01,US,Missouri,Chariton,6,0,0,39.51499357,-92.9629191,29041.0,80.79719903043363,0.0,6,6,0,0,6,6,7451,0,0,0,0,0
2020-06-01,US,Missouri,Christian,24,0,0,36.9711783,-93.18537118,29043.0,27.089564873864212,0.0,24,23,0,0,23,23,86983,1,0,0,1,0
2020-06-01,US,Missouri,Clark,1,0,0,40.41040752,-91.73661677,29045.0,14.712373105781962,0.0,1,1,0,0,1,1,6842,0,0,0,0,0
2020-06-01,US,Missouri,Clay,173,3,0,39.31132056,-94.41850862,29047.0,69.21439659449166,1.7341040462427746,170,173,3,0,170,171,246365,0,0,0,0,2
2020-06-01,US,Missouri,Clinton,18,0,0,39.6013098,-94.40465394,29049.0,88.29155834600479,0.0,18,18,0,0,18,18,20470,0,0,0,0,0
2020-06-01,US,Missouri,Cole,61,1,0,38.50455671,-92.27860244,29051.0,79.48400547266922,1.639344262295082,60,60,1,0,59,60,76796,1,0,0,1,0
2020-06-01,US,Missouri,Cooper,9,0,0,38.844478,-92.80896081,29053.0,50.82161612739286,0.0,9,9,0,0,9,9,17603,0,0,0,0,0
2020-06-01,US,Missouri,Crawford,9,0,0,37.97663738,-91.30528104,29055.0,37.625418060200666,0.0,9,9,0,0,9,9,23957,0,0,0,0,0
2020-06-01,US,Missouri,Dallas,3,0,0,37.681135499999996,-93.02127031,29059.0,17.774617845716318,0.0,3,3,0,0,3,3,16762,0,0,0,0,0
2020-06-01,US,Missouri,Daviess,4,0,0,39.96145298,-93.98519678,29061.0,48.32085044696787,0.0,4,4,0,0,4,4,8313,0,0,0,0,0
2020-06-01,US,Missouri,DeKalb,6,0,0,39.89201062,-94.40476508,29063.0,47.82019606280386,0.0,6,6,0,0,6,6,12630,0,0,0,0,0
2020-06-01,US,Missouri,Dunklin,45,2,0,36.27167174,-90.09122243,29069.0,154.47461467165562,4.4444444444444455,43,38,2,0,36,38,29423,7,0,0,7,0
2020-06-01,US,Missouri,Franklin,141,16,0,38.41127108,-91.07522826,29071.0,135.61995633229776,11.347517730496454,125,139,16,0,123,139,103670,2,0,0,2,0
2020-06-01,US,Missouri,Gasconade,2,0,0,38.43947277,-91.50847147,29073.0,13.599891200870395,0.0,2,2,0,0,2,2,14705,0,0,0,0,0
2020-06-01,US,Missouri,Gentry,35,0,0,40.21097916,-94.40944419,29075.0,532.643433267387,0.0,35,31,0,0,31,26,6628,4,0,0,4,5
2020-06-01,US,Missouri,Greene,155,8,0,37.2575872,-93.34230916,29077.0,52.885501183952826,5.161290322580644,147,151,8,0,143,148,291923,4,0,0,4,3
2020-06-01,US,Missouri,Harrison,9,0,0,40.35570088,-93.99222144,29081.0,107.75862068965515,0.0,9,9,0,0,9,9,8414,0,0,0,0,0
2020-06-01,US,Missouri,Henry,12,3,0,38.38482826,-93.79293734,29083.0,54.98533724340176,25.0,9,12,3,0,9,12,21792,0,0,0,0,0
2020-06-01,US,Missouri,Holt,2,0,0,40.09799248,-95.21638879999999,29087.0,45.42357483533954,0.0,2,2,0,0,2,1,4404,0,0,0,0,1
2020-06-01,US,Missouri,Howard,3,0,0,39.1435761,-92.69756691,29089.0,29.99700029997,0.0,3,3,0,0,3,3,10137,0,0,0,0,0
2020-06-01,US,Missouri,Howell,7,0,0,36.77383887,-91.88683935,29091.0,17.448961786773687,0.0,7,7,0,0,7,7,40076,0,0,0,0,0
2020-06-01,US,Missouri,Iron,3,0,0,37.55487945,-90.7735296,29093.0,29.62962962962963,0.0,3,2,0,0,2,2,10177,1,0,0,1,0
2020-06-01,US,Missouri,Jackson,613,19,0,39.01002188,-94.34724536,29095.0,87.1963596586682,3.0995106035889064,594,596,19,0,577,570,700307,17,0,0,17,26
2020-06-01,US,Missouri,Jasper,37,0,0,37.20351921,-94.34050458,29097.0,30.495845971251484,0.0,37,37,0,0,37,36,120636,0,0,0,0,1
2020-06-01,US,Missouri,Jefferson,363,17,0,38.25926778,-90.53870896,29099.0,161.27527423460887,4.683195592286501,346,349,17,0,332,349,224347,14,0,0,14,0
2020-06-01,US,Missouri,Johnson,76,0,0,38.74719601,-93.80691168,29101.0,140.57933483777884,0.0,76,76,0,0,76,76,53652,0,0,0,0,0
2020-06-01,US,Missouri,Kansas City,1219,26,0,39.0997,-94.5786,0.0,249.3133146399478,2.1328958162428218,1193,1182,26,0,1156,1149,491918,37,0,0,37,33
2020-06-01,US,Missouri,Laclede,5,0,0,37.65896829,-92.5888493,29105.0,13.996584833300677,0.0,5,4,0,0,4,3,35713,1,0,0,1,1
2020-06-01,US,Missouri,Lafayette,74,3,0,39.06986886,-93.78076396,29107.0,226.2443438914027,4.0540540540540535,71,74,3,0,71,73,32598,0,0,0,0,1
2020-06-01,US,Missouri,Lawrence,8,0,0,37.10626634,-93.83293097,29109.0,20.857776039629773,0.0,8,8,0,0,8,8,38359,0,0,0,0,0
2020-06-01,US,Missouri,Lewis,7,1,0,40.09673161,-91.72070156,29111.0,71.6039279869067,14.285714285714285,6,7,1,0,6,7,9855,0,0,0,0,0
2020-06-01,US,Missouri,Lincoln,109,1,0,39.05345619,-90.95588181,29113.0,184.70506498568116,0.9174311926605504,108,109,1,0,108,109,57686,0,0,0,0,0
2020-06-01,US,Missouri,Linn,9,1,0,39.87001769,-93.10704106,29115.0,75.50335570469798,11.111111111111109,8,9,1,0,8,9,12037,0,0,0,0,0
2020-06-01,US,Missouri,Livingston,3,0,0,39.78110272,-93.54645978,29117.0,19.70184540618638,0.0,3,3,0,0,3,3,15146,0,0,0,0,0
2020-06-01,US,Missouri,Macon,4,0,0,39.83049768,-92.56453089,29121.0,26.460276509889532,0.0,4,4,0,0,4,4,15153,0,0,0,0,0
2020-06-01,US,Missouri,Madison,3,0,0,37.47865134,-90.34671429999999,29123.0,24.81800132362674,0.0,3,3,0,0,3,3,12188,0,0,0,0,0
2020-06-01,US,Missouri,Maries,2,0,0,38.16193985,-91.92249662,29125.0,22.996435552489363,0.0,2,2,0,0,2,2,8769,0,0,0,0,0
2020-06-01,US,Missouri,Marion,5,0,0,39.80601912,-91.62203062,29127.0,17.525411847178407,0.0,5,5,0,0,5,5,28592,0,0,0,0,0
2020-06-01,US,Missouri,McDonald,22,0,0,36.62869595,-94.34867205,29119.0,96.33489512633007,0.0,22,20,0,0,20,20,23078,2,0,0,2,0
2020-06-01,US,Missouri,Miller,4,0,0,38.21450288,-92.42610898,29131.0,15.613411920839999,0.0,4,4,0,0,4,4,25336,0,0,0,0,0
2020-06-01,US,Missouri,Mississippi,58,0,0,36.82516239,-89.29505753,29133.0,440.0606980273142,0.0,58,58,0,0,58,56,13336,0,0,0,0,2
2020-06-01,US,Missouri,Moniteau,47,0,0,38.63571781,-92.57976951,29135.0,291.34639226382353,0.0,47,47,0,0,47,46,16121,0,0,0,0,1
2020-06-01,US,Missouri,Montgomery,9,0,0,38.94022054,-91.47000721,29139.0,77.91533200588694,0.0,9,9,0,0,9,9,11534,0,0,0,0,0
2020-06-01,US,Missouri,Morgan,9,0,0,38.4181765,-92.88791859,29141.0,43.63213264168323,0.0,9,9,0,0,9,9,20358,0,0,0,0,0
2020-06-01,US,Missouri,New Madrid,21,0,0,36.59666326,-89.66070007,29143.0,122.97962052002809,0.0,21,21,0,0,21,21,17296,0,0,0,0,0
2020-06-01,US,Missouri,Newton,19,1,0,36.90519407,-94.3394104,29145.0,32.62586716120612,5.2631578947368425,18,18,1,0,17,16,58266,1,0,0,1,2
2020-06-01,US,Missouri,Nodaway,14,0,0,40.36079813,-94.88133008,29147.0,63.371356147021544,0.0,14,13,0,0,13,13,22304,1,0,0,1,0
2020-06-01,US,Missouri,Oregon,2,0,0,36.68710164,-91.4033755,29149.0,18.995156235160035,0.0,2,2,0,0,2,2,10541,0,0,0,0,0
2020-06-01,US,Missouri,Osage,5,0,0,38.46036182,-91.8613635,29151.0,36.72420124862284,0.0,5,5,0,0,5,5,13714,0,0,0,0,0
2020-06-01,US,Missouri,Pemiscot,87,4,0,36.2130572,-89.78742322,29155.0,550.4587155963303,4.597701149425287,83,83,4,0,79,78,16272,4,0,0,4,5
2020-06-01,US,Missouri,Perry,61,0,0,37.70660776,-89.82741088,29157.0,318.77090301003346,0.0,61,57,0,0,57,57,19150,4,0,0,4,0
2020-06-01,US,Missouri,Pettis,78,1,0,38.72798918,-93.28471706,29159.0,184.2273081556012,1.2820512820512822,77,78,1,0,77,78,42542,0,0,0,0,0
2020-06-01,US,Missouri,Phelps,4,0,0,37.87736118,-91.79351727,29161.0,8.974042581832052,0.0,4,4,0,0,4,4,44732,0,0,0,0,0
2020-06-01,US,Missouri,Pike,22,1,0,39.34310674,-91.16980779,29163.0,120.20544202819364,4.545454545454546,21,22,1,0,21,19,18504,0,0,0,0,3
2020-06-01,US,Missouri,Platte,70,0,0,39.38154439,-94.77068479,29165.0,67.03825011013427,0.0,70,70,0,0,70,70,102985,0,0,0,0,0
2020-06-01,US,Missouri,Polk,3,0,0,37.616229600000004,-93.39828174,29167.0,9.33154997045009,0.0,3,3,0,0,3,3,32201,0,0,0,0,0
2020-06-01,US,Missouri,Pulaski,35,1,0,37.82462075,-92.20783203,29169.0,66.53107000969453,2.8571428571428568,34,34,1,0,33,34,52014,1,0,0,1,0
2020-06-01,US,Missouri,Ralls,5,0,0,39.52817427,-91.51838643,29173.0,48.50130953535746,0.0,5,5,0,0,5,3,10212,0,0,0,0,2
2020-06-01,US,Missouri,Randolph,10,0,0,39.44007257,-92.49713740000001,29175.0,40.40730564085987,0.0,10,10,0,0,10,10,24763,0,0,0,0,0
2020-06-01,US,Missouri,Ray,19,0,0,39.353746799999996,-93.98905745,29177.0,82.54409592492831,0.0,19,19,0,0,19,19,22883,0,0,0,0,0
2020-06-01,US,Missouri,Reynolds,2,0,0,37.36085952,-90.97009925,29179.0,31.897926634768737,0.0,2,2,0,0,2,2,6254,0,0,0,0,0
2020-06-01,US,Missouri,Ripley,7,0,0,36.65460667,-90.85990261,29181.0,52.679108970499705,0.0,7,7,0,0,7,7,13401,0,0,0,0,0
2020-06-01,US,Missouri,Saline,269,2,0,39.13734288,-93.20259964,29195.0,1181.8461403277533,0.7434944237918215,267,269,2,0,267,269,22895,0,0,0,0,0
2020-06-01,US,Missouri,Scotland,6,0,0,40.45214695,-92.14709064,29199.0,122.39902080783354,0.0,6,5,0,0,5,4,4966,1,0,0,1,1
2020-06-01,US,Missouri,Scott,108,10,0,37.05588075,-89.56474493,29201.0,282.13166144200625,9.25925925925926,98,110,10,0,100,108,38458,-2,0,0,-2,2
2020-06-01,US,Missouri,Shelby,1,0,0,39.79742518,-92.07634971,29205.0,16.863406408094434,0.0,1,1,0,0,1,1,6050,0,0,0,0,0
2020-06-01,US,Missouri,St. Charles,787,59,0,38.77875681,-90.66662425,29183.0,195.76043102118786,7.496823379923762,728,780,59,0,721,775,399182,7,0,0,7,5
2020-06-01,US,Missouri,St. Clair,3,0,0,38.03699437,-93.77631447,29185.0,31.925082473129727,0.0,3,3,0,0,3,3,9395,0,0,0,0,0
2020-06-01,US,Missouri,St. Francois,35,2,0,37.81214171,-90.47598685,29187.0,52.071710183738745,5.7142857142857135,33,35,2,0,33,35,66692,0,0,0,0,0
2020-06-01,US,Missouri,St. Louis,5034,443,0,38.63770039999999,-90.4458375,29189.0,506.33420672798866,8.80015891934843,4591,4914,443,0,4471,4914,996945,120,0,0,120,0
2020-06-01,US,Missouri,St. Louis City,1974,130,0,38.63555736,-90.24349225,29510.0,656.7390610028746,6.585612968591692,1844,1955,130,0,1825,1930,302838,19,0,0,19,25
2020-06-01,US,Missouri,Ste. Genevieve,12,1,0,37.89090059,-90.1949941,29186.0,67.06158488878954,8.333333333333334,11,12,1,0,11,12,17888,0,0,0,0,0
2020-06-01,US,Missouri,Stoddard,84,0,0,36.85571651,-89.9444155,29207.0,289.40568475452204,0.0,84,81,0,0,81,79,29206,3,0,0,3,2
2020-06-01,US,Missouri,Stone,4,0,0,36.75000327,-93.45256475,29209.0,12.518778167250874,0.0,4,4,0,0,4,4,31749,0,0,0,0,0
2020-06-01,US,Missouri,Sullivan,60,0,0,40.2099105,-93.11150106,29211.0,985.3834784036787,0.0,60,59,0,0,59,57,6221,1,0,0,1,2
2020-06-01,US,Missouri,Taney,14,2,0,36.65465345,-93.04075153,29213.0,25.03218423687598,14.285714285714285,12,14,2,0,12,14,55852,0,0,0,0,0
2020-06-01,US,Missouri,Texas,1,0,0,37.31728859,-91.96564727,29215.0,3.937317899047169,0.0,1,1,0,0,1,1,25571,0,0,0,0,0
2020-06-01,US,Missouri,Vernon,9,0,0,37.8457799,-94.34127305,29217.0,43.76793269464572,0.0,9,9,0,0,9,9,20528,0,0,0,0,0
2020-06-01,US,Missouri,Warren,28,0,0,38.76529479,-91.16124662,29219.0,78.54357765996241,0.0,28,28,0,0,28,28,34711,0,0,0,0,0
2020-06-01,US,Missouri,Washington,12,1,0,37.96130078,-90.87948158,29221.0,48.52405984634048,8.333333333333334,11,11,1,0,10,11,24943,1,0,0,1,0
2020-06-01,US,Missouri,Webster,18,0,0,37.2813734,-92.876329,29225.0,45.463730046474026,0.0,18,17,0,0,17,17,39109,1,0,0,1,0
2020-06-01,US,Missouri,Worth,4,0,0,40.47945588,-94.42328751,29227.0,198.7083954297069,0.0,4,4,0,0,4,4,2040,0,0,0,0,0
2020-06-01,US,Missouri,Wright,11,0,0,37.27029221,-92.46914488,29229.0,60.14544261577997,0.0,11,11,0,0,11,11,18378,0,0,0,0,0
2020-06-01,US,Montana,Beaverhead,1,0,0,45.13434354,-112.89846940000001,30001.0,10.578652279699568,0.0,1,1,0,0,1,1,9404,0,0,0,0,0
2020-06-01,US,Montana,Big Horn,30,0,0,45.42335905,-107.492347,30003.0,225.24213529544258,0.0,30,29,0,0,29,28,13338,1,0,0,1,1
2020-06-01,US,Montana,Broadwater,4,0,0,46.33277565,-111.49558130000001,30007.0,64.1333974667308,0.0,4,4,0,0,4,4,6085,0,0,0,0,0
2020-06-01,US,Montana,Carbon,6,0,0,45.22850116,-109.0274047,30009.0,55.94405594405596,0.0,6,6,0,0,6,6,10714,0,0,0,0,0
2020-06-01,US,Montana,Cascade,17,2,0,47.30797024,-111.3467922,30013.0,20.893247793918835,11.764705882352944,15,17,2,0,15,17,81643,0,0,0,0,0
2020-06-01,US,Montana,Deer Lodge,3,0,0,46.05953325,-113.073353,30023.0,32.822757111597376,0.0,3,3,0,0,3,3,9131,0,0,0,0,0
2020-06-01,US,Montana,Flathead,37,2,0,48.29575866,-114.05205690000001,30029.0,35.64341174883918,5.405405405405406,35,37,2,0,35,37,102106,0,0,0,0,0
2020-06-01,US,Montana,Gallatin,153,1,0,45.54486106,-111.1692571,30031.0,133.70152227484837,0.6535947712418301,152,151,1,0,150,151,111876,2,0,0,2,0
2020-06-01,US,Montana,Glacier,6,0,0,48.70513576,-112.9934235,30035.0,43.62684505198866,0.0,6,6,0,0,6,6,13747,0,0,0,0,0
2020-06-01,US,Montana,Golden Valley,3,0,0,46.3816474,-109.17685220000001,30037.0,365.40803897685754,0.0,3,3,0,0,3,3,826,0,0,0,0,0
2020-06-01,US,Montana,Hill,1,0,0,48.62879827,-110.1129252,30041.0,6.066488716330987,0.0,1,1,0,0,1,1,16347,0,0,0,0,0
2020-06-01,US,Montana,Jefferson,3,0,0,46.14907081,-112.094396,30043.0,24.547909336388184,0.0,3,3,0,0,3,3,12097,0,0,0,0,0
2020-06-01,US,Montana,Lake,5,0,0,47.64514965,-114.0898013,30047.0,16.41604832884628,0.0,5,5,0,0,5,5,30250,0,0,0,0,0
2020-06-01,US,Montana,Lewis and Clark,16,0,0,47.12610041,-112.39469799999999,30049.0,23.044129508007835,0.0,16,16,0,0,16,16,68700,0,0,0,0,0
2020-06-01,US,Montana,Liberty,1,0,0,48.56084317,-111.02430700000001,30051.0,42.78990158322636,0.0,1,1,0,0,1,1,2430,0,0,0,0,0
2020-06-01,US,Montana,Lincoln,7,1,0,48.54265777,-115.4046155,30053.0,35.03503503503504,14.285714285714285,6,7,1,0,6,7,19794,0,0,0,0,0
2020-06-01,US,Montana,Madison,8,1,0,45.30080065,-111.9173017,30057.0,93.02325581395347,12.5,7,8,1,0,7,8,8768,0,0,0,0,0
2020-06-01,US,Montana,Meagher,1,0,0,46.59907074,-110.8898557,30059.0,53.705692803437174,0.0,1,1,0,0,1,1,1866,0,0,0,0,0
2020-06-01,US,Montana,Missoula,40,1,0,47.03728583,-113.92135079999998,30063.0,33.44481605351171,2.5,39,40,1,0,39,40,118791,0,0,0,0,0
2020-06-01,US,Montana,Musselshell,1,0,0,46.49684637,-108.39498,30065.0,21.58428663932657,0.0,1,1,0,0,1,1,4651,0,0,0,0,0
2020-06-01,US,Montana,Park,8,0,0,45.48965095,-110.52643940000002,30067.0,48.17535830422739,0.0,8,8,0,0,8,8,16736,0,0,0,0,0
2020-06-01,US,Montana,Pondera,2,0,0,48.22773388,-112.22527029999999,30073.0,33.83522246658772,0.0,2,2,0,0,2,2,5972,0,0,0,0,0
2020-06-01,US,Montana,Ravalli,14,0,0,46.08520862,-114.11891640000002,30081.0,31.959092361776925,0.0,14,14,0,0,14,13,43172,0,0,0,0,1
2020-06-01,US,Montana,Richland,3,0,0,47.78668011,-104.5610786,30083.0,27.770063871146906,0.0,3,3,0,0,3,3,10913,0,0,0,0,0
2020-06-01,US,Montana,Roosevelt,7,0,0,48.29607488,-105.00792679999999,30085.0,63.613231552162844,0.0,7,7,0,0,7,7,11059,0,0,0,0,0
2020-06-01,US,Montana,Silver Bow,11,0,0,45.90018933,-112.6620092,30093.0,31.505083774881854,0.0,11,11,0,0,11,11,34993,0,0,0,0,0
2020-06-01,US,Montana,Stillwater,1,0,0,45.67071407,-109.3950061,30095.0,10.371292263015972,0.0,1,1,0,0,1,1,9534,0,0,0,0,0
2020-06-01,US,Montana,Toole,29,6,0,48.65577551,-111.69424140000001,30101.0,612.331081081081,20.689655172413797,23,29,6,0,23,29,4853,0,0,0,0,0
2020-06-01,US,Montana,Wheatland,1,0,0,46.46652491,-109.84646359999999,30107.0,47.036688617121364,0.0,1,1,0,0,1,1,2236,0,0,0,0,0
2020-06-01,US,Montana,Yellowstone,100,3,0,45.93955949,-108.26914860000001,30111.0,61.99628022318661,3.0,97,99,3,0,96,91,160137,1,0,0,1,8
2020-06-01,US,Nebraska,Adams,272,11,0,40.52449420000001,-98.50117804,31001.0,867.2639734719255,4.044117647058823,261,270,11,0,259,270,31511,2,0,0,2,0
2020-06-01,US,Nebraska,Antelope,8,0,0,42.17695516,-98.06662829999999,31003.0,127.02445220704986,0.0,8,8,0,0,8,8,6336,0,0,0,0,0
2020-06-01,US,Nebraska,Boone,6,0,0,41.70759415,-98.06737183,31011.0,115.56240369799693,0.0,6,6,0,0,6,6,5239,0,0,0,0,0
2020-06-01,US,Nebraska,Box Butte,2,0,0,42.22079243,-103.08788340000001,31013.0,18.547713994250213,0.0,2,2,0,0,2,2,10772,0,0,0,0,0
2020-06-01,US,Nebraska,Boyd,1,0,0,42.899727399999996,-98.76486568,31015.0,52.11047420531528,0.0,1,,,,,,1955,,,,,
2020-06-01,US,Nebraska,Buffalo,159,1,0,40.85486962,-99.07500296,31019.0,320.18365251011903,0.6289308176100629,158,157,1,0,156,156,49615,2,0,0,2,1
2020-06-01,US,Nebraska,Burt,8,0,0,41.85056773,-96.32605633,31021.0,123.85818238117355,0.0,8,9,0,0,9,9,6488,-1,0,0,-1,0
2020-06-01,US,Nebraska,Butler,48,0,0,41.22703692,-97.13106306,31023.0,598.8023952095807,0.0,48,48,0,0,48,48,8058,0,0,0,0,0
2020-06-01,US,Nebraska,Cass,51,0,0,40.90899107,-96.13971217,31025.0,194.30051813471505,0.0,51,50,0,0,50,47,26159,1,0,0,1,3
2020-06-01,US,Nebraska,Cedar,8,0,0,42.598885100000004,-97.25311951,31027.0,95.21542489883362,0.0,8,8,0,0,8,8,8446,0,0,0,0,0
2020-06-01,US,Nebraska,Chase,1,0,0,40.523719799999995,-101.69780259999999,31029.0,25.4841997961264,0.0,1,1,0,0,1,1,3977,0,0,0,0,0
2020-06-01,US,Nebraska,Cherry,1,0,0,42.54502621,-101.1244332,31031.0,17.577781683951486,0.0,1,1,0,0,1,1,5761,0,0,0,0,0
2020-06-01,US,Nebraska,Cheyenne,9,0,0,41.21999357,-102.9941693,31033.0,101.010101010101,0.0,9,9,0,0,9,9,9310,0,0,0,0,0
2020-06-01,US,Nebraska,Clay,24,0,0,40.52439441,-98.05126296,31035.0,386.90955989037565,0.0,24,24,0,0,24,24,6214,0,0,0,0,0
2020-06-01,US,Nebraska,Colfax,619,2,0,41.57486951,-97.0868542,31037.0,5780.184891212998,0.32310177705977383,617,617,2,0,615,612,10881,2,0,0,2,5
2020-06-01,US,Nebraska,Cuming,32,0,0,41.91637624,-96.78730772,31039.0,361.7454216595072,0.0,32,31,0,0,31,31,8940,1,0,0,1,0
2020-06-01,US,Nebraska,Custer,31,4,0,41.39374521,-99.72805369,31041.0,287.64962419968447,12.903225806451614,27,31,4,0,27,31,10840,0,0,0,0,0
2020-06-01,US,Nebraska,Dakota,1665,15,0,42.39040144,-96.56656425,31043.0,8314.191550983722,0.9009009009009008,1650,1663,15,0,1648,1661,20083,2,0,0,2,2
2020-06-01,US,Nebraska,Dawes,1,0,0,42.71985036,-103.1313774,31045.0,11.6427989288625,0.0,1,1,0,0,1,1,8716,0,0,0,0,0
2020-06-01,US,Nebraska,Dawson,839,7,0,40.87028216,-99.82014609999999,31047.0,3555.8381012926466,0.834326579261025,832,838,7,0,831,835,23709,1,0,0,1,3
2020-06-01,US,Nebraska,Dixon,29,0,0,42.49188363,-96.86782408,31051.0,514.5493257629523,0.0,29,27,0,0,27,27,5709,2,0,0,2,0
2020-06-01,US,Nebraska,Dodge,478,1,0,41.58071748,-96.65598179,31053.0,1307.2610419800355,0.20920502092050208,477,465,1,0,464,463,36791,13,0,0,13,2
2020-06-01,US,Nebraska,Douglas,4331,23,0,41.29518299,-96.15085305,31055.0,758.059745119695,0.5310551835603786,4308,4198,23,0,4175,4073,566880,133,0,0,133,125
2020-06-01,US,Nebraska,Fillmore,7,0,0,40.52458567,-97.59646937,31059.0,128.15818381545222,0.0,7,6,0,0,6,6,5527,1,0,0,1,0
2020-06-01,US,Nebraska,Franklin,6,0,0,40.17636348,-98.95299073,31061.0,201.40986908358508,0.0,6,6,0,0,6,6,3023,0,0,0,0,0
2020-06-01,US,Nebraska,Frontier,1,0,0,40.52993007,-100.3924658,31063.0,38.06623524933384,0.0,1,1,0,0,1,1,2608,0,0,0,0,0
2020-06-01,US,Nebraska,Furnas,9,0,0,40.17642064,-99.91247454,31065.0,192.4721984602224,0.0,9,9,0,0,9,9,4715,0,0,0,0,0
2020-06-01,US,Nebraska,Gage,45,4,0,40.26186809,-96.68946704,31067.0,209.17584716218101,8.888888888888891,41,45,4,0,41,45,21493,0,0,0,0,0
2020-06-01,US,Nebraska,Garden,2,0,0,41.61703149,-102.3313973,31069.0,108.87316276537834,0.0,2,,,,,,1897,,,,,
2020-06-01,US,Nebraska,Gosper,13,0,0,40.51481965,-99.83020279,31073.0,653.2663316582915,0.0,13,13,0,0,13,13,1996,0,0,0,0,0
2020-06-01,US,Nebraska,Greeley,2,0,0,41.56742671,-98.52150266,31077.0,84.88964346349746,0.0,2,2,0,0,2,2,2356,0,0,0,0,0
2020-06-01,US,Nebraska,Hall,1515,39,0,40.87257079,-98.50218293,31079.0,2469.3169038188844,2.5742574257425743,1476,1503,39,0,1464,1495,61607,12,0,0,12,8
2020-06-01,US,Nebraska,Hamilton,55,10,0,40.87349452,-98.02099117,31081.0,589.8755898755899,18.181818181818183,45,55,10,0,45,55,9280,0,0,0,0,0
2020-06-01,US,Nebraska,Hitchcock,1,0,0,40.17609175,-101.04164770000001,31087.0,36.205648081100655,0.0,1,1,0,0,1,1,2806,0,0,0,0,0
2020-06-01,US,Nebraska,Holt,1,0,0,42.45522056,-98.78402558,31089.0,9.933445912387008,0.0,1,1,0,0,1,1,10178,0,0,0,0,0
2020-06-01,US,Nebraska,Howard,42,0,0,41.2200529,-98.5166499,31093.0,651.6679596586501,0.0,42,42,0,0,42,42,6468,0,0,0,0,0
2020-06-01,US,Nebraska,Jefferson,6,0,0,40.17584531,-97.142601,31095.0,85.15469770082315,0.0,6,6,0,0,6,6,7097,0,0,0,0,0
2020-06-01,US,Nebraska,Johnson,6,0,0,40.39257596,-96.26522753,31097.0,118.3198580161704,0.0,6,6,0,0,6,6,5134,0,0,0,0,0
2020-06-01,US,Nebraska,Kearney,11,0,0,40.50663314,-98.94877182,31099.0,169.36104695919937,0.0,11,11,0,0,11,11,6544,0,0,0,0,0
2020-06-01,US,Nebraska,Keith,2,0,0,41.19930341,-101.66201640000001,31101.0,24.894199651481205,0.0,2,2,0,0,2,2,8021,0,0,0,0,0
2020-06-01,US,Nebraska,Kimball,8,0,0,41.19774275,-103.7148131,31105.0,220.26431718061676,0.0,8,8,0,0,8,8,3618,0,0,0,0,0
2020-06-01,US,Nebraska,Knox,10,0,0,42.63758421,-97.89178836,31107.0,120.01920307249159,0.0,10,10,0,0,10,10,8419,0,0,0,0,0
2020-06-01,US,Nebraska,Lancaster,1222,6,0,40.78416049,-96.68777155,31109.0,382.964054028644,0.4909983633387889,1216,1205,6,0,1199,1194,317272,17,0,0,17,11
2020-06-01,US,Nebraska,Lincoln,48,2,0,41.04658298,-100.74753740000001,31111.0,137.48066678123388,4.166666666666667,46,48,2,0,46,47,35185,0,0,0,0,1
2020-06-01,US,Nebraska,Madison,318,3,0,41.91676024,-97.6005481,31119.0,906.0087181970996,0.9433962264150944,315,314,3,0,311,314,35392,4,0,0,4,0
2020-06-01,US,Nebraska,Merrick,32,0,0,41.16624273,-98.0374887,31121.0,412.6370083816892,0.0,32,33,0,0,33,33,7733,-1,0,0,-1,0
2020-06-01,US,Nebraska,Morrill,11,0,0,41.71711774,-103.0061405,31123.0,236.96682464454975,0.0,11,11,0,0,11,11,4686,0,0,0,0,0
2020-06-01,US,Nebraska,Nance,4,0,0,41.39750195,-97.99327291,31125.0,113.66865586814436,0.0,4,4,0,0,4,4,3532,0,0,0,0,0
2020-06-01,US,Nebraska,Nemaha,3,0,0,40.38514847,-95.85433992,31127.0,43.029259896729776,0.0,3,3,0,0,3,3,6958,0,0,0,0,0
2020-06-01,US,Nebraska,Nuckolls,1,0,0,40.17637905,-98.04743961,31129.0,24.10800385728061,0.0,1,1,0,0,1,1,4195,0,0,0,0,0
2020-06-01,US,Nebraska,Otoe,7,0,0,40.64843556,-96.13374142,31131.0,43.717212090931795,0.0,7,7,0,0,7,7,15985,0,0,0,0,0
2020-06-01,US,Nebraska,Phelps,20,0,0,40.51156033,-99.41461667,31137.0,221.38587558113792,0.0,20,20,0,0,20,20,8996,0,0,0,0,0
2020-06-01,US,Nebraska,Pierce,6,0,0,42.26434853,-97.60122773,31139.0,83.93956351426971,0.0,6,6,0,0,6,6,7142,0,0,0,0,0
2020-06-01,US,Nebraska,Platte,586,1,0,41.57246836,-97.52144359,31141.0,1750.8216313116222,0.17064846416382254,585,577,1,0,576,571,33363,9,0,0,9,6
2020-06-01,US,Nebraska,Polk,11,0,0,41.18813488,-97.56630712,31143.0,211.01093420295413,0.0,11,11,0,0,11,11,5278,0,0,0,0,0
2020-06-01,US,Nebraska,Red Willow,5,0,0,40.17556879999999,-100.476998,31145.0,46.624393882879524,0.0,5,5,0,0,5,5,10726,0,0,0,0,0
2020-06-01,US,Nebraska,Richardson,1,0,0,40.1247415,-95.71755036,31147.0,12.714558169103626,0.0,1,1,0,0,1,1,7937,0,0,0,0,0
2020-06-01,US,Nebraska,Saline,504,1,0,40.52418865,-97.14085859,31151.0,3543.307086614173,0.1984126984126984,503,497,1,0,496,497,14350,7,0,0,7,0
2020-06-01,US,Nebraska,Sarpy,650,2,0,41.11314181,-96.11156432,31153.0,347.22964165900976,0.3076923076923077,648,620,2,0,618,596,184459,30,0,0,30,24
2020-06-01,US,Nebraska,Saunders,38,1,0,41.227810299999994,-96.63773905,31155.0,176.10529242747242,2.631578947368421,37,36,1,0,35,36,21303,2,0,0,2,0
2020-06-01,US,Nebraska,Scotts Bluff,107,0,0,41.85070896,-103.70809859999999,31157.0,300.4099051041608,0.0,107,102,0,0,102,102,35989,5,0,0,5,0
2020-06-01,US,Nebraska,Seward,28,1,0,40.87241834,-97.139673,31159.0,161.99953714417958,3.571428571428572,27,28,1,0,27,28,17318,0,0,0,0,0
2020-06-01,US,Nebraska,Sherman,4,0,0,41.22045983,-98.97588642,31163.0,133.2889036987671,0.0,4,4,0,0,4,4,3038,0,0,0,0,0
2020-06-01,US,Nebraska,Stanton,20,0,0,41.9169835,-97.19394708,31167.0,337.8378378378378,0.0,20,20,0,0,20,20,5970,0,0,0,0,0
2020-06-01,US,Nebraska,Thayer,1,0,0,40.17626377,-97.59504381,31169.0,19.98800719568259,0.0,1,1,0,0,1,1,5039,0,0,0,0,0
2020-06-01,US,Nebraska,Thomas,1,0,0,41.91358968,-100.5556632,31171.0,138.50415512465375,0.0,1,1,0,0,1,1,720,0,0,0,0,0
2020-06-01,US,Nebraska,Thurston,45,0,0,42.15725356,-96.54157099,31173.0,622.9235880398671,0.0,45,46,0,0,46,44,7303,-1,0,0,-1,2
2020-06-01,US,Nebraska,Unassigned,215,35,0,0.0,0.0,90031.0,0.0,16.27906976744186,180,219,35,0,184,217,,-4,0,0,-4,2
2020-06-01,US,Nebraska,Valley,4,0,0,41.56730777,-98.98197724,31175.0,96.20009620009621,0.0,4,4,0,0,4,4,4190,0,0,0,0,0
2020-06-01,US,Nebraska,Washington,32,1,0,41.52815707,-96.22019892,31177.0,154.3731004872401,3.125,31,30,1,0,29,29,20667,2,0,0,2,1
2020-06-01,US,Nebraska,Wayne,15,0,0,42.20934475,-97.11926964,31179.0,159.82951518380398,0.0,15,15,0,0,15,15,9403,0,0,0,0,0
2020-06-01,US,Nebraska,Webster,5,0,0,40.17642643,-98.50019851,31181.0,143.38973329509608,0.0,5,5,0,0,5,5,3533,0,0,0,0,0
2020-06-01,US,Nebraska,York,36,0,0,40.87272618,-97.59710186,31185.0,263.1771328313473,0.0,36,36,0,0,36,36,13772,0,0,0,0,0
2020-06-01,US,Nevada,Carson City,99,4,0,39.15509045,-119.7480219,32510.0,177.05129122254814,4.040404040404041,95,98,4,0,94,95,55414,1,0,0,1,3
2020-06-01,US,Nevada,Churchill,7,1,0,39.58105744,-118.3394607,32001.0,28.102292344132643,14.285714285714285,6,7,1,0,6,7,24440,0,0,0,0,0
2020-06-01,US,Nevada,Clark,6719,343,0,36.21458855,-115.0130241,32003.0,296.42014986445145,5.104926328322667,6376,6657,343,0,6314,6579,2231647,62,0,0,62,78
2020-06-01,US,Nevada,Douglas,32,0,0,38.912862,-119.61713329999999,32005.0,65.43298231264697,0.0,32,32,0,0,32,31,48467,0,0,0,0,1
2020-06-01,US,Nevada,Elko,24,1,0,41.14531606,-115.3577619,32007.0,45.47349274318846,4.166666666666667,23,24,1,0,23,24,52460,0,0,0,0,0
2020-06-01,US,Nevada,Humboldt,78,4,0,41.40692186,-118.11094270000001,32013.0,463.43057453508413,5.128205128205129,74,78,4,0,74,78,16786,0,0,0,0,0
2020-06-01,US,Nevada,Lander,20,0,0,39.933223299999995,-117.03970749999999,32015.0,361.53289949385396,0.0,20,20,0,0,20,20,5575,0,0,0,0,0
2020-06-01,US,Nevada,Lincoln,2,0,0,37.64268459,-114.8790388,32017.0,38.58769052672198,0.0,2,2,0,0,2,2,5201,0,0,0,0,0
2020-06-01,US,Nevada,Lyon,65,1,0,39.01777974,-119.18704790000001,32019.0,113.02382194400974,1.5384615384615383,64,62,1,0,61,62,55808,3,0,0,3,0
2020-06-01,US,Nevada,Mineral,4,0,0,38.53841696,-118.4344506,32021.0,88.79023307436182,0.0,4,4,0,0,4,4,4514,0,0,0,0,0
2020-06-01,US,Nevada,Nye,62,2,0,38.04264256,-116.47227020000001,32023.0,133.26741611675942,3.2258064516129035,60,62,2,0,60,62,45346,0,0,0,0,0
2020-06-01,US,Nevada,Storey,1,0,0,39.44875482,-119.5250207,32029.0,24.254183846713556,0.0,1,1,0,0,1,1,4029,0,0,0,0,0
2020-06-01,US,Nevada,Unassigned,0,2,0,0.0,0.0,90032.0,0.0,0.0,-2,0,2,0,-2,0,,0,0,0,0,0
2020-06-01,US,Nevada,Washoe,1585,59,0,40.66562265,-119.6631594,32031.0,336.14764198261366,3.722397476340694,1526,1577,59,0,1518,1548,465735,8,0,0,8,29
2020-06-01,US,Nevada,White Pine,4,0,0,39.44157041,-114.89996599999999,32033.0,41.7536534446764,0.0,4,4,0,0,4,4,9475,0,0,0,0,0
2020-06-01,US,New Hampshire,Belknap,60,0,0,43.51637314,-71.41684235,33001.0,97.87449227607132,0.0,60,60,0,0,60,58,61022,0,0,0,0,2
2020-06-01,US,New Hampshire,Carroll,48,0,0,43.87498583,-71.20430216,33003.0,98.13943978736457,0.0,48,47,0,0,47,46,48779,1,0,0,1,1
2020-06-01,US,New Hampshire,Cheshire,57,2,0,42.92015988,-72.25311043,33005.0,74.91621213116909,3.5087719298245608,55,57,2,0,55,57,76493,0,0,0,0,0
2020-06-01,US,New Hampshire,Coos,5,0,0,44.69063265,-71.30633239,33007.0,15.841333206602668,0.0,5,5,0,0,5,5,31589,0,0,0,0,0
2020-06-01,US,New Hampshire,Grafton,76,1,0,43.93779815,-71.82057197,33009.0,84.55154306566095,1.3157894736842106,75,76,1,0,75,74,89786,0,0,0,0,2
2020-06-01,US,New Hampshire,Hillsborough,2486,139,0,42.91537785,-71.7200253,33011.0,596.1273304957738,5.591311343523734,2347,2464,139,0,2325,2342,415247,22,0,0,22,122
2020-06-01,US,New Hampshire,Merrimack,346,14,0,43.29662971,-71.6811573,33013.0,228.54727163437718,4.0462427745664735,332,342,14,0,328,334,151132,4,0,0,4,8
2020-06-01,US,New Hampshire,Rockingham,1313,75,0,42.98499744,-71.12883377,33015.0,423.8642343165392,5.712109672505712,1238,1306,75,0,1231,1284,309176,7,0,0,7,22
2020-06-01,US,New Hampshire,Strafford,269,13,0,43.291833000000004,-71.02336013,33017.0,205.92040296096698,4.83271375464684,256,269,13,0,256,267,130090,0,0,0,0,2
2020-06-01,US,New Hampshire,Sullivan,19,1,0,43.36094111,-72.22203125,33019.0,44.03652714040699,5.2631578947368425,18,19,1,0,18,19,43144,0,0,0,0,0
2020-06-01,US,New Hampshire,Unassigned,6,0,0,0.0,0.0,90033.0,0.0,0.0,6,6,0,0,6,6,,0,0,0,0,0
2020-06-01,US,New Jersey,Atlantic,2222,159,0,39.47538693,-74.65848483,34001.0,842.7200667501043,7.155715571557156,2063,2214,159,0,2055,2183,265429,8,0,0,8,31
2020-06-01,US,New Jersey,Bergen,18302,1580,0,40.96010917,-74.07164325,34003.0,1963.3083816597689,8.632936291115724,16722,18272,1579,0,16693,18211,936692,30,1,0,29,61
2020-06-01,US,New Jersey,Burlington,4657,294,0,39.87681124,-74.66927768,34005.0,1045.6967456983175,6.313077088254241,4363,4627,291,0,4336,4567,445384,30,3,0,27,60
2020-06-01,US,New Jersey,Camden,6543,338,0,39.80343818,-74.96388753,34007.0,1291.8804827917095,5.165826073666514,6205,6510,338,0,6172,6425,507078,33,0,0,33,85
2020-06-01,US,New Jersey,Cape May,623,49,0,39.15008829,-74.80170244,34009.0,676.8869718271602,7.865168539325843,574,617,49,0,568,615,92560,6,0,0,6,2
2020-06-01,US,New Jersey,Cumberland,2310,75,0,39.37199394,-75.10712559,34011.0,1544.8714947802066,3.2467532467532467,2235,2298,73,0,2225,2259,150972,12,2,0,10,39
2020-06-01,US,New Jersey,Essex,17733,1667,0,40.78681335,-74.24657979,34013.0,2219.468694264526,9.400552641966954,16066,17649,1664,0,15985,17594,799767,84,3,0,81,55
2020-06-01,US,New Jersey,Gloucester,2245,148,0,39.71581067,-75.13995546,34015.0,769.7952241835713,6.592427616926504,2097,2234,147,0,2087,2217,291408,11,1,0,10,17
2020-06-01,US,New Jersey,Hudson,18801,1183,0,40.73766234,-74.07515667,34017.0,2796.140935854288,6.29221849901601,17618,18767,1183,0,17584,18919,676061,34,0,0,34,-152
2020-06-01,US,New Jersey,Hunterdon,996,60,0,40.56335249,-74.91284156,34019.0,800.8297754299635,6.024096385542169,936,993,60,0,933,985,124714,3,0,0,3,8
2020-06-01,US,New Jersey,Mercer,6961,475,0,40.28047017,-74.70479631,34021.0,1894.5105190104239,6.8237322223818415,6486,6933,472,0,6461,6850,369811,28,3,0,25,83
2020-06-01,US,New Jersey,Middlesex,15977,996,0,40.43629879,-74.41426991,34023.0,1936.4605326629999,6.233961319396633,14981,15921,994,0,14927,15824,829685,56,2,0,54,97
2020-06-01,US,New Jersey,Monmouth,8249,599,0,40.26549699,-74.22240686,34025.0,1333.074766279624,7.261486240756455,7650,8219,597,0,7622,8159,621354,30,2,0,28,60
2020-06-01,US,New Jersey,Morris,6506,616,0,40.86095313,-74.54553709999998,34027.0,1322.7744513007146,9.46818321549339,5890,6463,615,0,5848,6383,494228,43,1,0,42,80
2020-06-01,US,New Jersey,Ocean,8770,740,0,39.8895449,-74.28089251,34029.0,1444.3679531477999,8.437856328392247,8030,8748,739,0,8009,8700,601651,22,1,0,21,48
2020-06-01,US,New Jersey,Passaic,16200,929,0,41.03238628,-74.29954144,34031.0,3228.2105749801726,5.734567901234567,15271,16170,928,0,15242,16099,503310,30,1,0,29,71
2020-06-01,US,New Jersey,Salem,639,41,0,39.58719656,-75.34696629999998,34033.0,1024.2846838182256,6.416275430359937,598,634,38,0,596,621,62607,5,3,0,2,13
2020-06-01,US,New Jersey,Somerset,4595,419,0,40.56465737,-74.61683016,34035.0,1396.9367715103942,9.11860718171926,4176,4583,419,0,4164,4567,331164,12,0,0,12,16
2020-06-01,US,New Jersey,Sussex,1114,149,0,41.13891592,-74.69118243,34037.0,792.9502875690449,13.375224416517055,965,1110,149,0,961,1110,140799,4,0,0,4,0
2020-06-01,US,New Jersey,Unassigned,452,0,0,0.0,0.0,90034.0,0.0,0.0,452,502,0,0,502,394,,-50,0,0,-50,108
2020-06-01,US,New Jersey,Union,15858,1074,0,40.65835409,-74.30680092,34039.0,2850.410090214454,6.772606886114263,14784,15821,1073,0,14748,15764,558067,37,1,0,36,57
2020-06-01,US,New Jersey,Warren,1165,132,0,40.85951833,-74.99556527,34041.0,1106.7096050994141,11.330472103004293,1033,1160,131,0,1029,1162,105779,5,1,0,4,-2
2020-06-01,US,New Mexico,Bernalillo,1486,71,0,35.05163625,-106.6703554,35001.0,218.81225878746204,4.77792732166891,1415,1476,71,0,1405,1464,678701,10,0,0,10,12
2020-06-01,US,New Mexico,Catron,2,1,0,33.91514144,-108.4046587,35003.0,56.70541536716757,50.0,1,2,1,0,1,2,3578,0,0,0,0,0
2020-06-01,US,New Mexico,Chaves,50,2,0,33.36406072,-104.4665365,35005.0,77.3814129846011,4.0,48,47,2,0,45,45,64689,3,0,0,3,2
2020-06-01,US,New Mexico,Cibola,143,5,0,34.91131525,-107.998876,35006.0,536.0824742268042,3.4965034965034967,138,141,5,0,136,139,26746,2,0,0,2,2
2020-06-01,US,New Mexico,Colfax,5,0,0,36.60569702,-104.64726740000002,35007.0,41.87253998827568,0.0,5,5,0,0,5,5,12110,0,0,0,0,0
2020-06-01,US,New Mexico,Curry,53,0,0,34.57421077,-103.34688759999999,35009.0,108.26490174449484,0.0,53,52,0,0,52,51,49437,1,0,0,1,1
2020-06-01,US,New Mexico,Dona Ana,476,3,0,32.35275771,-106.83293870000001,35013.0,218.153486560187,0.6302521008403361,473,466,3,0,463,460,217522,10,0,0,10,6
2020-06-01,US,New Mexico,Eddy,24,1,0,32.47167456,-104.3053527,35015.0,41.05371193978789,4.166666666666667,23,22,1,0,21,20,57900,2,0,0,2,2
2020-06-01,US,New Mexico,Grant,15,0,0,32.73911281,-108.3827845,35017.0,55.55967108674717,0.0,15,15,0,0,15,15,27346,0,0,0,0,0
2020-06-01,US,New Mexico,Guadalupe,20,0,0,34.86319296,-104.790669,35019.0,465.11627906976736,0.0,20,20,0,0,20,20,4341,0,0,0,0,0
2020-06-01,US,New Mexico,Harding,1,0,0,35.85751555,-103.82209379999999,35021.0,160.0,0.0,1,1,0,0,1,1,655,0,0,0,0,0
2020-06-01,US,New Mexico,Hidalgo,1,0,0,31.91383467,-108.7151824,35023.0,23.820867079561697,0.0,1,1,0,0,1,1,4240,0,0,0,0,0
2020-06-01,US,New Mexico,Lea,26,0,0,32.79215361,-103.4123733,35025.0,36.58364992261151,0.0,26,26,0,0,26,26,69611,0,0,0,0,0
2020-06-01,US,New Mexico,Lincoln,2,0,0,33.74526079,-105.4586166,35027.0,10.218679746576742,0.0,2,2,0,0,2,2,19556,0,0,0,0,0
2020-06-01,US,New Mexico,Los Alamos,6,0,0,35.86631386,-106.31349850000001,35028.0,30.977334916619338,0.0,6,6,0,0,6,6,19101,0,0,0,0,0
2020-06-01,US,New Mexico,Luna,8,1,0,32.18179341,-107.75088259999998,35029.0,33.74246066894428,12.5,7,8,1,0,7,8,23963,0,0,0,0,0
2020-06-01,US,New Mexico,McKinley,2451,112,0,35.58007720000001,-108.262245,35031.0,3434.3604186809025,4.569563443492452,2339,2415,110,0,2305,2406,72290,36,2,0,34,9
2020-06-01,US,New Mexico,Otero,22,3,0,32.61348406,-105.7417604,35035.0,32.597421840272624,13.636363636363635,19,22,2,0,20,22,66781,0,1,0,-1,0
2020-06-01,US,New Mexico,Quay,5,1,0,35.10403332,-103.54817270000001,35037.0,60.5840300496789,20.0,4,5,1,0,4,5,8253,0,0,0,0,0
2020-06-01,US,New Mexico,Rio Arriba,48,1,0,36.51072137,-106.69316740000001,35039.0,123.32673877855144,2.083333333333333,47,47,1,0,46,44,39006,1,0,0,1,3
2020-06-01,US,New Mexico,Roosevelt,42,0,0,34.02097406,-103.4799493,35041.0,227.027027027027,0.0,42,40,0,0,40,38,18743,2,0,0,2,2
2020-06-01,US,New Mexico,San Juan,1771,123,0,36.50838318,-108.32043700000001,35045.0,1428.7097242614434,6.945228684359119,1648,1733,121,0,1612,1715,125043,38,2,0,36,18
2020-06-01,US,New Mexico,San Miguel,15,0,0,35.48014807,-104.8163562,35047.0,54.99138468306632,0.0,15,15,0,0,15,15,27591,0,0,0,0,0
2020-06-01,US,New Mexico,Sandoval,568,27,0,35.68862401,-106.86878030000001,35043.0,387.0580859705073,4.753521126760563,541,568,27,0,541,566,145179,0,0,0,0,2
2020-06-01,US,New Mexico,Santa Fe,144,3,0,35.50708973,-105.9774716,35049.0,95.77142553106586,2.083333333333333,141,142,3,0,139,140,150056,2,0,0,2,2
2020-06-01,US,New Mexico,Sierra,1,0,0,33.13028233,-107.1925893,35051.0,9.266981744045964,0.0,1,1,0,0,1,1,10968,0,0,0,0,0
2020-06-01,US,New Mexico,Socorro,51,5,0,34.00715494,-106.9298354,35053.0,306.54565125924137,9.803921568627453,46,50,4,0,46,50,16735,1,1,0,0,0
2020-06-01,US,New Mexico,Taos,29,0,0,36.58006022,-105.63101979999999,35055.0,88.62268129450233,0.0,29,24,0,0,24,25,32835,5,0,0,5,-1
2020-06-01,US,New Mexico,Torrance,32,1,0,34.64048375,-105.8508949,35057.0,206.9723821227605,3.125,31,32,1,0,31,32,15591,0,0,0,0,0
2020-06-01,US,New Mexico,Unassigned,225,0,0,0.0,0.0,90035.0,0.0,0.0,225,227,0,0,227,223,,-2,0,0,-2,4
2020-06-01,US,New Mexico,Union,4,0,0,36.48126404,-103.4709624,35059.0,98.54644000985463,0.0,4,4,0,0,4,4,4118,0,0,0,0,0
2020-06-01,US,New Mexico,Valencia,74,2,0,34.71669834,-106.8103733,35061.0,96.49488837888588,2.702702702702702,72,74,2,0,72,73,76456,0,0,0,0,1
2020-06-01,US,New York,Albany,1882,112,0,42.60060306,-73.97723916,36001.0,616.0271811355587,5.951115834218916,1770,1860,76,0,1784,1843,307117,22,36,0,-14,17
2020-06-01,US,New York,Allegany,48,0,0,42.25748406,-78.02750466,36003.0,104.14180642641729,0.0,48,45,0,0,45,45,46430,3,0,0,3,0
2020-06-01,US,New York,Broome,574,44,0,42.15903158,-75.81326086,36007.0,301.33131745831764,7.665505226480835,530,566,44,0,522,561,191659,8,0,0,8,5
2020-06-01,US,New York,Cattaraugus,89,0,0,42.24778241,-78.67923096,36009.0,116.92525979741714,0.0,89,88,0,0,88,87,76840,1,0,0,1,1
2020-06-01,US,New York,Cayuga,92,1,0,42.91261714,-76.55731592,36011.0,120.14208106978687,1.0869565217391304,91,91,1,0,90,90,77145,1,0,0,1,1
2020-06-01,US,New York,Chautauqua,85,4,0,42.22769210000001,-79.36691763,36013.0,66.98029203407327,4.705882352941177,81,84,4,0,80,83,127939,1,0,0,1,1
2020-06-01,US,New York,Chemung,137,1,0,42.13891056,-76.7638805,36015.0,164.15835889570553,0.7299270072992701,136,137,1,0,136,137,84254,0,0,0,0,0
2020-06-01,US,New York,Chenango,133,0,0,42.49430041,-75.60887553,36017.0,281.7378778570975,0.0,133,133,0,0,133,132,47536,0,0,0,0,1
2020-06-01,US,New York,Clinton,96,4,0,44.74530905,-73.67875352,36019.0,119.2768838914083,4.166666666666667,92,95,4,0,91,95,80695,1,0,0,1,0
2020-06-01,US,New York,Columbia,389,34,0,42.24819348,-73.63089095,36021.0,654.2103227325474,8.740359897172238,355,387,32,0,355,383,59916,2,2,0,0,4
2020-06-01,US,New York,Cortland,41,0,0,42.59509207,-76.07048931,36023.0,86.16884891027931,0.0,41,41,0,0,41,41,47823,0,0,0,0,0
2020-06-01,US,New York,Delaware,81,4,0,42.19837623,-74.96709306,36025.0,183.52781239379172,4.938271604938271,77,79,4,0,75,79,44527,2,0,0,2,0
2020-06-01,US,New York,Dutchess,3924,142,0,41.76486060000001,-73.74356679,36027.0,1333.7049398745148,3.618756371049949,3782,3909,139,0,3770,3899,293718,15,3,0,12,10
2020-06-01,US,New York,Erie,6123,524,0,42.76249024,-78.73063652,36029.0,666.4837999699578,8.55789645598563,5599,6070,516,0,5554,6014,919719,53,8,0,45,56
2020-06-01,US,New York,Essex,37,0,0,44.11630765,-73.77297842,36031.0,100.31177985631015,0.0,37,37,0,0,37,36,37300,0,0,0,0,1
2020-06-01,US,New York,Franklin,23,0,0,44.59040891,-74.29926032,36033.0,45.97976890168325,0.0,23,22,0,0,22,22,50293,1,0,0,1,0
2020-06-01,US,New York,Fulton,210,18,0,43.11363907,-74.41798804,36035.0,393.38366146526045,8.571428571428571,192,208,18,0,190,207,53591,2,0,0,2,1
2020-06-01,US,New York,Genesee,202,4,0,43.0022601,-78.19135193,36037.0,352.6536312849162,1.98019801980198,198,202,4,0,198,200,57511,0,0,0,0,2
2020-06-01,US,New York,Greene,239,18,0,42.275797,-74.12384884,36039.0,506.4846994998729,7.531380753138075,221,238,18,0,220,238,47491,1,0,0,1,0
2020-06-01,US,New York,Hamilton,5,0,0,43.66146647,-74.49721957,36041.0,113.22463768115942,0.0,5,5,0,0,5,5,4434,0,0,0,0,0
2020-06-01,US,New York,Herkimer,109,3,0,43.42034246,-74.96145307,36043.0,177.75893279407688,2.7522935779816518,106,108,3,0,105,107,61833,1,0,0,1,1
2020-06-01,US,New York,Jefferson,74,0,0,44.04200959,-75.94653457,36045.0,67.37440136933918,0.0,74,74,0,0,74,74,111755,0,0,0,0,0
2020-06-01,US,New York,Lewis,20,0,0,43.784415700000004,-75.44903992,36049.0,76.057195010648,0.0,20,20,0,0,20,20,26447,0,0,0,0,0
2020-06-01,US,New York,Livingston,119,7,0,42.72596275,-77.77966158,36051.0,189.1470896779731,5.882352941176472,112,119,7,0,112,118,63227,0,0,0,0,1
2020-06-01,US,New York,Madison,316,10,0,42.91653905,-75.67266639,36053.0,445.44057738120415,3.1645569620253164,306,316,10,0,306,311,70795,0,0,0,0,5
2020-06-01,US,New York,Monroe,2964,216,0,43.14638895,-77.69322942,36055.0,399.58477695242465,7.287449392712551,2748,2942,216,0,2726,2909,742474,22,0,0,22,33
2020-06-01,US,New York,Montgomery,91,4,0,42.90123494,-74.44011632,36057.0,184.8804372117592,4.395604395604397,87,91,4,0,87,89,49455,0,0,0,0,2
2020-06-01,US,New York,Nassau,40479,2125,0,40.74066522,-73.58941873,36059.0,2983.144229153585,5.249635613528002,38354,40396,2122,0,38274,40307,1358343,83,3,0,80,89
2020-06-01,US,New York,New York City,203764,21607,0,40.76727260000001,-73.97152637,36061.0,2444.146249102025,10.603933962819733,182157,203303,21569,0,181734,202751,1628701,461,38,0,423,552
2020-06-01,US,New York,Niagara,1046,65,0,43.19898042,-78.74777412,36063.0,499.806480282491,6.21414913957935,981,1037,63,0,974,1020,210433,9,2,0,7,17
2020-06-01,US,New York,Oneida,1036,49,0,43.24375382,-75.43710392,36065.0,453.05263894415987,4.729729729729731,987,1027,46,0,981,1006,229577,9,3,0,6,21
2020-06-01,US,New York,Onondaga,2197,139,0,43.00491923,-76.19971155,36067.0,477.06111246221735,6.326809285389168,2058,2170,131,0,2039,2133,461809,27,8,0,19,37
2020-06-01,US,New York,Ontario,208,9,0,42.85145728,-77.30874425,36069.0,189.4750266449256,4.326923076923077,199,207,9,0,198,206,109864,1,0,0,1,1
2020-06-01,US,New York,Orange,10422,444,0,41.40337468,-74.30240757,36071.0,2707.434924923365,4.260218767990788,9978,10406,444,0,9962,10389,381951,16,0,0,16,17
2020-06-01,US,New York,Orleans,236,37,0,43.2516977,-78.2320066,36073.0,584.8532910388581,15.677966101694913,199,229,33,0,196,228,40612,7,4,0,3,1
2020-06-01,US,New York,Oswego,110,3,0,43.42778894,-76.14635194,36075.0,93.91755746046923,2.727272727272727,107,109,3,0,106,108,117898,1,0,0,1,1
2020-06-01,US,New York,Otsego,72,5,0,42.63492579,-75.03151402,36077.0,121.0226413191468,6.9444444444444455,67,72,5,0,67,71,59749,0,0,0,0,1
2020-06-01,US,New York,Putnam,1257,60,0,41.42630093,-73.74965532,36079.0,1278.4784377542715,4.77326968973747,1197,1252,60,0,1192,1248,98892,5,0,0,5,4
2020-06-01,US,New York,Rensselaer,492,28,0,42.71348136,-73.51089874,36083.0,309.99155714051693,5.691056910569106,464,491,28,0,463,486,159442,1,0,0,1,5
2020-06-01,US,New York,Rockland,13185,646,0,41.15027894,-74.02560498,36087.0,4047.097968316917,4.899507015547972,12539,13151,631,0,12520,13128,325695,34,15,0,19,23
2020-06-01,US,New York,Saratoga,483,14,0,43.10904162,-73.86653895,36091.0,210.12516150924682,2.898550724637681,469,480,14,0,466,477,230163,3,0,0,3,3
2020-06-01,US,New York,Schenectady,693,29,0,42.81668777,-74.05278291,36093.0,446.2359706115301,4.1847041847041835,664,689,29,0,660,686,155350,4,0,0,4,3
2020-06-01,US,New York,Schoharie,50,0,0,42.58831742,-74.44339029999998,36095.0,161.29552566211814,0.0,50,50,0,0,50,50,31097,0,0,0,0,0
2020-06-01,US,New York,Schuyler,11,0,0,42.39184015,-76.8773299,36097.0,61.773459875329934,0.0,11,11,0,0,11,11,17912,0,0,0,0,0
2020-06-01,US,New York,Seneca,59,0,0,42.78081007,-76.82497064,36099.0,173.447789275635,0.0,59,58,0,0,58,58,34300,1,0,0,1,0
2020-06-01,US,New York,St. Lawrence,205,2,0,44.4976179,-75.06550039,36089.0,190.2728791535177,0.975609756097561,203,204,2,0,202,202,108047,1,0,0,1,2
2020-06-01,US,New York,Steuben,241,41,0,42.2689144,-77.3829924,36101.0,252.67616561297558,17.012448132780086,200,241,41,0,200,241,95796,0,0,0,0,0
2020-06-01,US,New York,Suffolk,39705,1906,0,40.88320119,-72.8012172,36103.0,2688.9457612449132,4.800402971917895,37799,39643,1901,0,37742,39532,1481093,62,5,0,57,111
2020-06-01,US,New York,Sullivan,1389,31,0,41.71579493,-74.76394559,36105.0,1841.393573019408,2.2318214542836574,1358,1387,31,0,1356,1375,75498,2,0,0,2,12
2020-06-01,US,New York,Tioga,130,21,0,42.16852837,-76.30835812,36107.0,269.6927577121756,16.153846153846153,109,130,21,0,109,128,48560,0,0,0,0,2
2020-06-01,US,New York,Tompkins,164,0,0,42.44945765,-76.47229843,36109.0,160.50107653161092,0.0,164,164,0,0,164,161,102793,0,0,0,0,3
2020-06-01,US,New York,Ulster,1691,77,0,41.89027881,-74.26252104,36111.0,952.2844126077724,4.5535186280307505,1614,1685,74,0,1611,1678,178599,6,3,0,3,7
2020-06-01,US,New York,Warren,255,28,0,43.56173026,-73.8433699,36113.0,398.7864381333667,10.980392156862745,227,255,28,0,227,255,64265,0,0,0,0,0
2020-06-01,US,New York,Washington,235,13,0,43.31153794,-73.43043448,36115.0,383.9618325599634,5.531914893617022,222,235,13,0,222,235,61197,0,0,0,0,0
2020-06-01,US,New York,Wayne,116,3,0,43.15494365,-77.02976528,36117.0,129.00642807891634,2.586206896551724,113,115,3,0,112,113,90064,1,0,0,1,2
2020-06-01,US,New York,Westchester,33552,1374,0,41.16278376,-73.75741653,36119.0,3467.8854704777027,4.0951359084406285,32178,33481,1371,0,32110,33429,967612,71,3,0,68,52
2020-06-01,US,New York,Wyoming,86,5,0,42.70145109,-78.22199579,36121.0,215.7605559597581,5.813953488372092,81,86,5,0,81,84,40085,0,0,0,0,2
2020-06-01,US,New York,Yates,39,6,0,42.63505484,-77.10369919,36123.0,156.5447758198531,15.384615384615385,33,39,6,0,33,39,24841,0,0,0,0,0
2020-06-01,US,North Carolina,Alamance,391,26,0,36.0434701,-79.39976137,37001.0,230.66621831289197,6.649616368286445,365,364,24,0,340,342,166436,27,2,0,25,22
2020-06-01,US,North Carolina,Alexander,35,0,0,35.922379600000006,-81.17751948,37003.0,93.34080059738113,0.0,35,33,0,0,33,33,37353,2,0,0,2,0
2020-06-01,US,North Carolina,Alleghany,17,0,0,36.49360862,-81.12857041,37005.0,152.6443386908503,0.0,17,16,0,0,16,15,11161,1,0,0,1,1
2020-06-01,US,North Carolina,Anson,65,1,0,34.97403241,-80.09953279,37007.0,265.892170498241,1.5384615384615383,64,65,1,0,64,64,24877,0,0,0,0,1
2020-06-01,US,North Carolina,Ashe,37,0,0,36.43296207,-81.49862729,37009.0,136.0144101753483,0.0,37,37,0,0,37,36,27109,0,0,0,0,1
2020-06-01,US,North Carolina,Avery,2,0,0,36.07569796,-81.92308483,37011.0,11.391467790624821,0.0,2,2,0,0,2,2,17505,0,0,0,0,0
2020-06-01,US,North Carolina,Beaufort,36,0,0,35.48531943,-76.84325809,37013.0,76.60552410946079,0.0,36,36,0,0,36,36,47079,0,0,0,0,0
2020-06-01,US,North Carolina,Bertie,122,4,0,36.0688473,-76.96545943,37015.0,643.9014091940678,3.278688524590164,118,122,4,0,118,122,19026,0,0,0,0,0
2020-06-01,US,North Carolina,Bladen,105,2,0,34.61296243,-78.56180059,37017.0,320.88503147729364,1.9047619047619049,103,101,2,0,99,100,33190,4,0,0,4,1
2020-06-01,US,North Carolina,Brunswick,95,2,0,34.070565,-78.22814204,37019.0,66.51729449656911,2.1052631578947367,93,85,2,0,83,83,136744,10,0,0,10,2
2020-06-01,US,North Carolina,Buncombe,346,24,0,35.61113393,-82.53305,37021.0,132.47010808182517,6.9364161849710975,322,335,23,0,312,323,259103,11,1,0,10,12
2020-06-01,US,North Carolina,Burke,439,15,0,35.74989637,-81.70755735,37023.0,485.1632867326077,3.416856492027335,424,425,15,0,410,390,90382,14,0,0,14,35
2020-06-01,US,North Carolina,Cabarrus,508,22,0,35.3877799,-80.55267168,37025.0,234.69298184825345,4.330708661417323,486,500,22,0,478,478,211342,8,0,0,8,22
2020-06-01,US,North Carolina,Caldwell,155,3,0,35.95204977,-81.54799522,37027.0,188.61495777458686,1.935483870967742,152,138,3,0,135,132,82029,17,0,0,17,6
2020-06-01,US,North Carolina,Camden,3,0,0,36.33804939,-76.15568396,37029.0,27.606515137572465,0.0,3,3,0,0,3,3,10710,0,0,0,0,0
2020-06-01,US,North Carolina,Carteret,37,9,0,34.8932941,-76.54120135,37031.0,53.25810026916932,24.324324324324326,28,37,9,0,28,37,69524,0,0,0,0,0
2020-06-01,US,North Carolina,Caswell,87,1,0,36.39312665,-79.33353281,37033.0,384.8876305078747,1.1494252873563218,86,61,1,0,60,60,22698,26,0,0,26,1
2020-06-01,US,North Carolina,Catawba,234,7,0,35.66211129,-81.2132617,37035.0,146.6615690280851,2.9914529914529915,227,217,7,0,210,208,158652,17,0,0,17,9
2020-06-01,US,North Carolina,Chatham,637,26,0,35.70394416,-79.25541492,37037.0,855.3780045655969,4.081632653061225,611,634,26,0,608,630,73139,3,0,0,3,4
2020-06-01,US,North Carolina,Cherokee,30,1,0,35.1349263,-84.05970864,37039.0,104.85111142178108,3.333333333333333,29,30,1,0,29,30,28383,0,0,0,0,0
2020-06-01,US,North Carolina,Chowan,17,0,0,36.12908077,-76.60118385,37041.0,121.92498027684142,0.0,17,17,0,0,17,17,14029,0,0,0,0,0
2020-06-01,US,North Carolina,Clay,8,0,0,35.05704275,-83.74353633,37043.0,71.23141305315643,0.0,8,8,0,0,8,8,11139,0,0,0,0,0
2020-06-01,US,North Carolina,Cleveland,94,2,0,35.33553364,-81.55204486,37045.0,95.97026963561926,2.127659574468085,92,90,2,0,88,89,97645,4,0,0,4,1
2020-06-01,US,North Carolina,Columbus,338,27,0,34.26744084,-78.65801424,37047.0,608.9212365785113,7.988165680473371,311,336,26,0,310,330,55655,2,1,0,1,6
2020-06-01,US,North Carolina,Craven,209,5,0,35.11833364,-77.08398081,37049.0,204.6231116419781,2.392344497607656,204,207,5,0,202,204,102912,2,0,0,2,3
2020-06-01,US,North Carolina,Cumberland,712,24,0,35.04762133,-78.82623165,37051.0,212.21487352053146,3.3707865168539324,688,697,23,0,674,682,332330,15,1,0,14,15
2020-06-01,US,North Carolina,Currituck,14,0,0,36.36123664,-75.95876401,37053.0,50.4268270720023,0.0,14,13,0,0,13,13,27072,1,0,0,1,0
2020-06-01,US,North Carolina,Dare,22,3,0,35.66520691,-75.71767334,37055.0,59.44499986489773,13.636363636363635,19,22,3,0,19,22,36501,0,0,0,0,0
2020-06-01,US,North Carolina,Davidson,430,13,0,35.79115496,-80.21256572,37057.0,256.54946930057463,3.0232558139534884,417,413,13,0,400,398,166614,17,0,0,17,15
2020-06-01,US,North Carolina,Davie,103,2,0,35.93099927,-80.54496571,37059.0,240.39583625075846,1.9417475728155342,101,98,2,0,96,90,42733,5,0,0,5,8
2020-06-01,US,North Carolina,Duplin,846,18,0,34.93449805,-77.93140529,37061.0,1440.2206295432493,2.127659574468085,828,831,18,0,813,794,58856,15,0,0,15,37
2020-06-01,US,North Carolina,Durham,1677,47,0,36.03638492,-78.87608331,37063.0,521.6368884686209,2.802623732856291,1630,1615,47,0,1568,1552,316739,62,0,0,62,63
2020-06-01,US,North Carolina,Edgecombe,201,9,0,35.91230639,-77.59436892,37065.0,390.5035747590923,4.477611940298506,192,200,9,0,191,197,52005,1,0,0,1,3
2020-06-01,US,North Carolina,Forsyth,1441,11,0,36.12859861,-80.25459052,37067.0,376.9340430819132,0.7633587786259542,1430,1347,11,0,1336,1253,379099,94,0,0,94,94
2020-06-01,US,North Carolina,Franklin,159,22,0,36.081519,-78.28708884,37069.0,228.1696204348138,13.836477987421384,137,159,22,0,137,159,67560,0,0,0,0,0
2020-06-01,US,North Carolina,Gaston,286,7,0,35.29373559,-81.17477045,37071.0,127.3777552120216,2.4475524475524475,279,286,7,0,279,276,222846,0,0,0,0,10
2020-06-01,US,North Carolina,Gates,24,1,0,36.44667547,-76.69749701,37073.0,207.57654385054488,4.166666666666667,23,24,1,0,23,24,11573,0,0,0,0,0
2020-06-01,US,North Carolina,Graham,2,0,0,35.3506925,-83.83369267,37075.0,23.693875133278052,0.0,2,2,0,0,2,2,8484,0,0,0,0,0
2020-06-01,US,North Carolina,Granville,312,10,0,36.30337451,-78.65184241,37077.0,516.1888059824959,3.2051282051282053,302,312,10,0,302,294,60115,0,0,0,0,18
2020-06-01,US,North Carolina,Greene,79,2,0,35.48544173,-77.67578087,37079.0,374.95846978973844,2.5316455696202533,77,78,2,0,76,77,21012,1,0,0,1,1
2020-06-01,US,North Carolina,Guilford,1288,65,0,36.07959451,-79.78824948,37081.0,239.77333229084056,5.046583850931676,1223,1264,65,0,1199,1227,533670,24,0,0,24,37
2020-06-01,US,North Carolina,Halifax,182,1,0,36.25669272,-77.6556109,37083.0,363.92721455708863,0.5494505494505495,181,180,1,0,179,176,50574,2,0,0,2,4
2020-06-01,US,North Carolina,Harnett,292,27,0,35.36731853,-78.87243571,37085.0,214.7437783138201,9.246575342465754,265,288,27,0,261,287,134214,4,0,0,4,1
2020-06-01,US,North Carolina,Haywood,48,0,0,35.55269063,-82.98196486,37087.0,77.02553075404784,0.0,48,47,0,0,47,47,61971,1,0,0,1,0
2020-06-01,US,North Carolina,Henderson,347,46,0,35.33788927,-82.4766782,37089.0,295.52790481787133,13.25648414985591,301,345,46,0,299,339,116748,2,0,0,2,6
2020-06-01,US,North Carolina,Hertford,128,2,0,36.3607755,-76.98104134,37091.0,540.6090298602019,1.5625,126,120,2,0,118,117,23659,8,0,0,8,3
2020-06-01,US,North Carolina,Hoke,243,1,0,35.01888303,-79.23651674,37093.0,439.94640982003835,0.41152263374485604,242,240,1,0,239,239,54764,3,0,0,3,1
2020-06-01,US,North Carolina,Hyde,1,0,0,35.42017674,-76.15180542,37095.0,20.2552157180474,0.0,1,1,0,0,1,1,5230,0,0,0,0,0
2020-06-01,US,North Carolina,Iredell,268,6,0,35.80950511,-80.8743128,37097.0,147.40987646172294,2.238805970149253,262,259,6,0,253,254,178435,9,0,0,9,5
2020-06-01,US,North Carolina,Jackson,34,1,0,35.28814273,-83.14093385,37099.0,77.38176521462059,2.9411764705882355,33,33,1,0,32,33,43327,1,0,0,1,0
2020-06-01,US,North Carolina,Johnston,466,21,0,35.51745004,-78.36622717,37101.0,222.60543902473975,4.5064377682403425,445,456,21,0,435,440,202675,10,0,0,10,16
2020-06-01,US,North Carolina,Jones,28,3,0,35.02254606,-77.35870791,37103.0,297.271472555473,10.714285714285714,25,28,3,0,25,28,9637,0,0,0,0,0
2020-06-01,US,North Carolina,Lee,460,4,0,35.47623147,-79.17569362,37105.0,744.5895854578416,0.8695652173913043,456,455,4,0,451,432,61452,5,0,0,5,23
2020-06-01,US,North Carolina,Lenoir,217,7,0,35.24032589999999,-77.64245615,37107.0,387.85322347137566,3.2258064516129035,210,216,7,0,209,215,55976,1,0,0,1,1
2020-06-01,US,North Carolina,Lincoln,70,0,0,35.48508185,-81.21740317,37109.0,81.29042747151931,0.0,70,69,0,0,69,67,83770,1,0,0,1,2
2020-06-01,US,North Carolina,Macon,84,1,0,35.14867843,-83.41696617,37113.0,234.25734842991798,1.1904761904761905,83,70,1,0,69,62,35285,14,0,0,14,8
2020-06-01,US,North Carolina,Madison,4,0,0,35.85402722,-82.71346418,37115.0,18.38657779820731,0.0,4,4,0,0,4,4,21763,0,0,0,0,0
2020-06-01,US,North Carolina,Martin,73,4,0,35.84326734,-77.10860251,37117.0,325.3119429590018,5.479452054794519,69,72,4,0,68,70,22671,1,0,0,1,2
2020-06-01,US,North Carolina,McDowell,76,1,0,35.67736232,-82.0482425,37111.0,166.09843517790017,1.3157894736842106,75,73,1,0,72,64,45507,3,0,0,3,9
2020-06-01,US,North Carolina,Mecklenburg,4412,92,0,35.24469268,-80.8317671,37119.0,397.3500390865632,2.085222121486854,4320,4250,89,0,4161,4028,1093901,162,3,0,159,222
2020-06-01,US,North Carolina,Mitchell,14,0,0,36.01059309,-82.1582442,37121.0,93.55787222667736,0.0,14,14,0,0,14,12,15000,0,0,0,0,2
2020-06-01,US,North Carolina,Montgomery,128,4,0,35.33155144,-79.90416657,37123.0,471.0558274758032,3.125,124,128,4,0,124,123,27271,0,0,0,0,5
2020-06-01,US,North Carolina,Moore,224,10,0,35.30885257,-79.48474178,37125.0,222.04599524187157,4.464285714285714,214,224,10,0,214,220,98682,0,0,0,0,4
2020-06-01,US,North Carolina,Nash,206,4,0,35.96575634,-77.98422508,37127.0,218.45638295616027,1.9417475728155342,202,204,4,0,200,201,94016,2,0,0,2,3
2020-06-01,US,North Carolina,New Hanover,208,5,0,34.25758282,-77.87075626,37129.0,88.7095742366925,2.4038461538461537,203,195,5,0,190,193,232274,13,0,0,13,2
2020-06-01,US,North Carolina,Northampton,156,14,0,36.41736238,-77.39769443,37131.0,800.6980444490068,8.974358974358974,142,156,14,0,142,156,19676,0,0,0,0,0
2020-06-01,US,North Carolina,Onslow,110,2,0,34.72607366,-77.42908179,37133.0,55.572957188614616,1.818181818181818,108,110,2,0,108,108,197683,0,0,0,0,2
2020-06-01,US,North Carolina,Orange,357,40,0,36.06092947,-79.12167935,37135.0,240.4428998626041,11.204481792717084,317,348,40,0,308,340,146027,9,0,0,9,8
2020-06-01,US,North Carolina,Pamlico,10,0,0,35.15253315,-76.66559823,37137.0,78.57928650007858,0.0,10,10,0,0,10,10,12670,0,0,0,0,0
2020-06-01,US,North Carolina,Pasquotank,105,12,0,36.26723798,-76.25134778,37139.0,263.6601044596224,11.428571428571427,93,105,11,0,94,105,39639,0,1,0,-1,0
2020-06-01,US,North Carolina,Pender,83,1,0,34.52265624,-77.90352133,37141.0,131.62067871868058,1.2048192771084338,82,80,1,0,79,75,62162,3,0,0,3,5
2020-06-01,US,North Carolina,Perquimans,24,2,0,36.17847453,-76.40603143,37143.0,178.2663596523806,8.333333333333334,22,24,2,0,22,24,13422,0,0,0,0,0
2020-06-01,US,North Carolina,Person,50,1,0,36.38989032,-78.97217358,37145.0,126.61433274246643,2.0,49,48,1,0,47,48,39507,2,0,0,2,0
2020-06-01,US,North Carolina,Pitt,313,2,0,35.59535426,-77.37353178,37147.0,173.1750229609056,0.6389776357827476,311,304,2,0,302,295,179914,9,0,0,9,9
2020-06-01,US,North Carolina,Polk,37,4,0,35.27820615,-82.16812354,37149.0,178.53696197645246,10.810810810810812,33,37,4,0,33,36,20611,0,0,0,0,1
2020-06-01,US,North Carolina,Randolph,678,13,0,35.71015088,-79.80570339,37151.0,471.92465910751946,1.9174041297935105,665,665,13,0,652,659,143351,13,0,0,13,6
2020-06-01,US,North Carolina,Richmond,165,3,0,35.00417719,-79.74491009,37153.0,368.06531486314657,1.818181818181818,162,163,3,0,160,163,44887,2,0,0,2,0
2020-06-01,US,North Carolina,Robeson,824,23,0,34.64244496,-79.10250529999998,37155.0,630.8133971291867,2.79126213592233,801,824,23,0,801,786,131831,0,0,0,0,38
2020-06-01,US,North Carolina,Rockingham,97,2,0,36.39593137,-79.77504841,37157.0,106.58169431930556,2.061855670103093,95,94,2,0,92,92,90690,3,0,0,3,2
2020-06-01,US,North Carolina,Rowan,673,37,0,35.64003916,-80.52446628,37159.0,473.65013231236986,5.497771173848441,636,654,37,0,617,640,141262,19,0,0,19,14
2020-06-01,US,North Carolina,Rutherford,182,7,0,35.40114178,-81.92112099,37161.0,271.52426561637503,3.8461538461538463,175,182,7,0,175,182,66826,0,0,0,0,0
2020-06-01,US,North Carolina,Sampson,499,4,0,34.98820368,-78.36914061,37163.0,785.4433268797909,0.8016032064128257,495,479,4,0,475,462,63626,20,0,0,20,17
2020-06-01,US,North Carolina,Scotland,86,0,0,34.8386299,-79.4757978,37165.0,246.96321396777992,0.0,86,85,0,0,85,84,34810,1,0,0,1,1
2020-06-01,US,North Carolina,Stanly,82,4,0,35.31647813,-80.25093221,37167.0,130.56077444830112,4.878048780487805,78,78,4,0,74,72,62075,4,0,0,4,6
2020-06-01,US,North Carolina,Stokes,69,0,0,36.4017975,-80.23893369,37169.0,151.3456603276963,0.0,69,67,0,0,67,66,45467,2,0,0,2,1
2020-06-01,US,North Carolina,Surry,218,2,0,36.41689489,-80.69102283,37171.0,303.6930749620384,0.9174311926605504,216,214,2,0,212,201,71948,4,0,0,4,13
2020-06-01,US,North Carolina,Swain,13,0,0,35.48665845,-83.48748932,37173.0,91.0938266414407,0.0,13,13,0,0,13,13,14245,0,0,0,0,0
2020-06-01,US,North Carolina,Transylvania,14,0,0,35.20383864,-82.79638423,37175.0,40.71542823905773,0.0,14,13,0,0,13,13,34215,1,0,0,1,0
2020-06-01,US,North Carolina,Tyrrell,4,0,0,35.87147226,-76.17055253,37177.0,99.60159362549801,0.0,4,4,0,0,4,4,4131,0,0,0,0,0
2020-06-01,US,North Carolina,Union,454,20,0,34.98960527,-80.52955873,37179.0,189.27786741377227,4.405286343612334,434,442,20,0,422,439,235908,12,0,0,12,3
2020-06-01,US,North Carolina,Vance,323,22,0,36.36880673,-78.40670845,37181.0,725.2722577747838,6.811145510835912,301,317,21,0,296,310,44582,6,1,0,5,7
2020-06-01,US,North Carolina,Wake,1773,39,0,35.78879266,-78.65249174,37183.0,159.47672206526403,2.1996615905245345,1734,1747,39,0,1708,1683,1092305,26,0,0,26,64
2020-06-01,US,North Carolina,Warren,63,2,0,36.39728256,-78.10652228,37185.0,319.2945111753079,3.1746031746031744,61,63,2,0,61,62,19807,0,0,0,0,1
2020-06-01,US,North Carolina,Washington,30,3,0,35.83810081,-76.57299037,37187.0,259.06735751295344,10.0,27,29,3,0,26,27,11859,1,0,0,1,2
2020-06-01,US,North Carolina,Watauga,23,0,0,36.23103603,-81.70033724,37189.0,40.94202253591328,0.0,23,23,0,0,23,19,55945,0,0,0,0,4
2020-06-01,US,North Carolina,Wayne,1169,20,0,35.36438125,-78.00027268,37191.0,949.3953594139576,1.710863986313088,1149,1138,20,0,1118,1112,123248,31,0,0,31,26
2020-06-01,US,North Carolina,Wilkes,500,6,0,36.2084135,-81.16232895,37193.0,730.8659299538092,1.2,494,497,5,0,492,494,68557,3,1,0,2,3
2020-06-01,US,North Carolina,Wilson,360,10,0,35.70625477,-77.917978,37195.0,440.0924194080757,2.7777777777777777,350,356,10,0,346,347,81455,4,0,0,4,9
2020-06-01,US,North Carolina,Yadkin,177,2,0,36.16222629,-80.66239436,37197.0,469.90734595269066,1.1299435028248588,175,171,2,0,169,169,37543,6,0,0,6,2
2020-06-01,US,North Carolina,Yancey,15,0,0,35.90079156,-82.31237181,37199.0,83.01510874979245,0.0,15,14,0,0,14,14,17903,1,0,0,1,0
2020-06-01,US,North Dakota,Barnes,5,0,0,46.93579637,-98.06605978,38003.0,48.00768122899664,0.0,5,4,0,0,4,4,10542,1,0,0,1,0
2020-06-01,US,North Dakota,Benson,1,0,0,48.0683985,-99.35916363,38005.0,14.637002341920375,0.0,1,1,0,0,1,1,6962,0,0,0,0,0
2020-06-01,US,North Dakota,Bottineau,2,0,0,48.79106111,-100.8378166,38009.0,31.836994587710922,0.0,2,2,0,0,2,2,6411,0,0,0,0,0
2020-06-01,US,North Dakota,Bowman,1,0,0,46.11285362,-103.5203343,38011.0,33.06878306878307,0.0,1,1,0,0,1,1,3076,0,0,0,0,0
2020-06-01,US,North Dakota,Burke,5,0,0,48.79094471,-102.51821170000001,38013.0,236.40661938534282,0.0,5,5,0,0,5,5,2100,0,0,0,0,0
2020-06-01,US,North Dakota,Burleigh,129,0,0,46.97847375,-100.46452140000001,38015.0,134.9005500596072,0.0,129,128,0,0,128,127,95273,1,0,0,1,1
2020-06-01,US,North Dakota,Cass,1744,44,0,46.93201724,-97.24447190000001,38017.0,958.6473398086003,2.5229357798165144,1700,1705,44,0,1661,1685,181516,39,0,0,39,20
2020-06-01,US,North Dakota,Divide,1,0,0,48.814938700000006,-103.48736109999999,38023.0,44.16961130742049,0.0,1,1,0,0,1,1,2283,0,0,0,0,0
2020-06-01,US,North Dakota,Dunn,11,0,0,47.35423935,-102.61604679999999,38025.0,248.64376130198917,0.0,11,12,0,0,12,12,4332,-1,0,0,-1,0
2020-06-01,US,North Dakota,Eddy,4,0,0,47.71701474,-98.90432337,38027.0,174.90161783996498,0.0,4,4,0,0,4,4,2313,0,0,0,0,0
2020-06-01,US,North Dakota,Emmons,4,1,0,46.28398398,-100.2389766,38029.0,123.41869793273679,25.0,3,4,1,0,3,4,3295,0,0,0,0,0
2020-06-01,US,North Dakota,Foster,1,0,0,47.457108399999996,-98.88279923,38031.0,31.152647975077887,0.0,1,1,0,0,1,1,3216,0,0,0,0,0
2020-06-01,US,North Dakota,Grand Forks,336,3,0,47.92093639,-97.45450447,38035.0,483.79432981526537,0.8928571428571429,333,333,3,0,330,333,70770,3,0,0,3,0
2020-06-01,US,North Dakota,Grant,2,0,0,46.35821257,-101.63900129999999,38037.0,87.95074758135445,0.0,2,2,0,0,2,2,2374,0,0,0,0,0
2020-06-01,US,North Dakota,Griggs,1,0,0,47.45785838,-98.23850925,38039.0,44.822949350067226,0.0,1,1,0,0,1,1,2232,0,0,0,0,0
2020-06-01,US,North Dakota,McHenry,2,1,0,48.23104458,-100.6324822,38049.0,34.81288076588338,50.0,1,2,1,0,1,2,5816,0,0,0,0,0
2020-06-01,US,North Dakota,McIntosh,1,0,0,46.11182017,-99.44145858,38051.0,40.04805766920305,0.0,1,1,0,0,1,1,2585,0,0,0,0,0
2020-06-01,US,North Dakota,McKenzie,17,0,0,47.74133370000001,-103.395905,38053.0,113.15228966986156,0.0,17,17,0,0,17,17,13632,0,0,0,0,0
2020-06-01,US,North Dakota,McLean,7,0,0,47.60766714,-101.3182418,38055.0,74.07407407407408,0.0,7,7,0,0,7,7,9541,0,0,0,0,0
2020-06-01,US,North Dakota,Mercer,5,0,0,47.31213126,-101.8318399,38057.0,61.072431904238435,0.0,5,5,0,0,5,5,8267,0,0,0,0,0
2020-06-01,US,North Dakota,Morton,60,2,0,46.71681782,-101.2822377,38059.0,191.3021298303788,3.333333333333333,58,59,2,0,57,59,31095,1,0,0,1,0
2020-06-01,US,North Dakota,Mountrail,40,0,0,48.20197971,-102.3555315,38061.0,379.3266951161688,0.0,40,39,0,0,39,39,10218,1,0,0,1,0
2020-06-01,US,North Dakota,Nelson,1,0,0,47.9226426,-98.19038437,38063.0,34.734282737061484,0.0,1,1,0,0,1,1,2869,0,0,0,0,0
2020-06-01,US,North Dakota,Oliver,1,0,0,47.11530482,-101.3406158,38065.0,51.046452271567134,0.0,1,1,0,0,1,1,1952,0,0,0,0,0
2020-06-01,US,North Dakota,Pembina,6,0,0,48.76623521,-97.5523809,38067.0,88.2223202470225,0.0,6,6,0,0,6,6,6947,0,0,0,0,0
2020-06-01,US,North Dakota,Pierce,3,0,0,48.24977025,-99.96407787,38069.0,75.47169811320755,0.0,3,3,0,0,3,3,4081,0,0,0,0,0
2020-06-01,US,North Dakota,Ramsey,8,1,0,48.26886249,-98.72223879,38071.0,69.4504731313482,12.5,7,8,1,0,7,8,11481,0,0,0,0,0
2020-06-01,US,North Dakota,Ransom,9,0,0,46.45621782,-97.65742504,38073.0,172.47987734764274,0.0,9,8,0,0,8,8,5237,1,0,0,1,0
2020-06-01,US,North Dakota,Renville,3,0,0,48.71982533,-101.6603912,38075.0,128.92135797163732,0.0,3,3,0,0,3,3,2374,0,0,0,0,0
2020-06-01,US,North Dakota,Richland,22,0,0,46.26440649,-96.94852979,38077.0,135.99554923657044,0.0,22,22,0,0,22,22,16239,0,0,0,0,0
2020-06-01,US,North Dakota,Rolette,6,0,0,48.77245354,-99.84097493,38079.0,42.32505643340858,0.0,6,6,0,0,6,6,14301,0,0,0,0,0
2020-06-01,US,North Dakota,Sargent,3,0,0,46.10830372,-97.63217159,38081.0,76.96254489481785,0.0,3,3,0,0,3,3,3870,0,0,0,0,0
2020-06-01,US,North Dakota,Sioux,1,0,0,46.11323337,-101.04401490000001,38085.0,23.64066193853428,0.0,1,2,0,0,2,2,4358,-1,0,0,-1,0
2020-06-01,US,North Dakota,Slope,3,0,0,46.44737738,-103.4601547,38087.0,400.0,0.0,3,3,0,0,3,3,763,0,0,0,0,0
2020-06-01,US,North Dakota,Stark,62,2,0,46.80851182,-102.65763259999999,38089.0,196.89415351392552,3.2258064516129035,60,62,2,0,60,61,30997,0,0,0,0,1
2020-06-01,US,North Dakota,Steele,1,0,0,47.45611548,-97.72728747,38091.0,52.91005291005291,0.0,1,1,0,0,1,1,1903,0,0,0,0,0
2020-06-01,US,North Dakota,Stutsman,24,0,0,46.97962541,-98.95637318,38093.0,115.91962905718702,0.0,24,23,0,0,23,23,20917,1,0,0,1,0
2020-06-01,US,North Dakota,Traill,14,0,0,47.45367788,-97.16323288,38097.0,174.21602787456445,0.0,14,13,0,0,13,12,8037,1,0,0,1,1
2020-06-01,US,North Dakota,Unassigned,0,6,0,0.0,0.0,90038.0,0.0,0.0,-6,0,6,0,-6,0,,0,0,0,0,0
2020-06-01,US,North Dakota,Walsh,14,0,0,48.36876964,-97.72574783,38099.0,131.56658208814957,0.0,14,13,0,0,13,13,10667,1,0,0,1,0
2020-06-01,US,North Dakota,Ward,37,1,0,48.22390169,-101.54367629999999,38101.0,54.700551440694255,2.702702702702702,36,37,1,0,36,37,67744,0,0,0,0,0
2020-06-01,US,North Dakota,Wells,3,0,0,47.58614526,-99.65904998,38103.0,78.24726134585289,0.0,3,3,0,0,3,3,3957,0,0,0,0,0
2020-06-01,US,North Dakota,Williams,25,0,0,48.34522353,-103.4793387,38105.0,66.5088190694086,0.0,25,25,0,0,25,25,35350,0,0,0,0,0
2020-06-01,US,Ohio,Adams,10,1,0,38.84541072,-83.4718964,39001.0,36.10368979709726,10.0,9,10,1,0,9,9,27724,0,0,0,0,1
2020-06-01,US,Ohio,Allen,212,33,0,40.77285242,-84.10802343,39003.0,207.13036511612003,15.566037735849054,179,212,32,0,180,211,102663,0,1,0,-1,1
2020-06-01,US,Ohio,Ashland,20,0,0,40.84772277,-82.27280781,39005.0,37.394360930371704,0.0,20,20,0,0,20,20,53745,0,0,0,0,0
2020-06-01,US,Ohio,Ashtabula,340,35,0,41.70860332,-80.74830218,39007.0,349.6467539412388,10.294117647058824,305,339,34,0,305,338,97493,1,1,0,0,1
2020-06-01,US,Ohio,Athens,18,1,0,39.33425634,-82.04278644,39009.0,27.5536914292712,5.5555555555555545,17,18,1,0,17,18,65818,0,0,0,0,0
2020-06-01,US,Ohio,Auglaize,72,3,0,40.55998859,-84.22421429999999,39011.0,157.7010688628001,4.166666666666667,69,73,3,0,70,73,45804,-1,0,0,-1,0
2020-06-01,US,Ohio,Belmont,435,13,0,40.01625942,-80.9924051,39013.0,649.1955944243799,2.9885057471264367,422,429,12,0,417,428,67505,6,1,0,5,1
2020-06-01,US,Ohio,Brown,29,1,0,38.93416837,-83.86788395,39015.0,66.77104439123227,3.4482758620689653,28,29,1,0,28,28,43602,0,0,0,0,1
2020-06-01,US,Ohio,Butler,909,31,0,39.44012838,-84.57388716,39017.0,237.253806762125,3.41034103410341,878,893,29,0,864,874,382378,16,2,0,14,19
2020-06-01,US,Ohio,Carroll,31,3,0,40.578968599999996,-81.09178213,39019.0,115.18168982685593,9.677419354838712,28,31,3,0,28,30,27081,0,0,0,0,1
2020-06-01,US,Ohio,Champaign,28,1,0,40.13923427,-83.76875242,39021.0,72.007200720072,3.571428571428572,27,28,1,0,27,27,38754,0,0,0,0,1
2020-06-01,US,Ohio,Clark,295,6,0,39.91592258,-83.78498252,39023.0,220.01297703661166,2.0338983050847457,289,285,6,0,279,277,134585,10,0,0,10,8
2020-06-01,US,Ohio,Clermont,213,5,0,39.04847534,-84.15375786,39025.0,103.18367663301491,2.347417840375587,208,211,5,0,206,206,205466,2,0,0,2,5
2020-06-01,US,Ohio,Clinton,43,1,0,39.41485808,-83.80852286,39027.0,102.45901639344262,2.3255813953488373,42,43,1,0,42,43,42057,0,0,0,0,0
2020-06-01,US,Ohio,Columbiana,875,52,0,40.76932373,-80.78094576,39029.0,858.828263792782,5.942857142857143,823,793,53,0,740,743,102665,82,-1,0,83,50
2020-06-01,US,Ohio,Coshocton,40,0,0,40.30096166,-81.91729018,39031.0,109.28961748633881,0.0,40,40,0,0,40,38,36629,0,0,0,0,2
2020-06-01,US,Ohio,Crawford,115,4,0,40.85065156,-82.91989099,39033.0,277.14850339808163,3.4782608695652173,111,114,4,0,110,114,41550,1,0,0,1,0
2020-06-01,US,Ohio,Cuyahoga,4508,241,0,41.424119,-81.65918339,39035.0,364.9989636231734,5.346051464063887,4267,4444,226,0,4218,4369,1243857,64,15,0,49,75
2020-06-01,US,Ohio,Darke,174,22,0,40.13412966,-84.6194517,39037.0,340.4222017881948,12.64367816091954,152,170,21,0,149,167,51323,4,1,0,3,3
2020-06-01,US,Ohio,Defiance,34,2,0,41.32398837,-84.49076944,39039.0,89.26930448709534,5.882352941176472,32,34,2,0,32,33,38165,0,0,0,0,1
2020-06-01,US,Ohio,Delaware,337,13,0,40.27942393,-83.00457058,39041.0,161.10757874909766,3.8575667655786345,324,337,13,0,324,331,204826,0,0,0,0,6
2020-06-01,US,Ohio,Erie,175,14,0,41.36796058,-82.62904521,39043.0,235.63945816389733,8.0,161,172,14,0,158,171,74615,3,0,0,3,1
2020-06-01,US,Ohio,Fairfield,280,6,0,39.75107189,-82.63088163,39045.0,177.69428966707702,2.142857142857143,274,267,6,0,261,259,155782,13,0,0,13,8
2020-06-01,US,Ohio,Fayette,40,0,0,39.56021306,-83.4562016,39047.0,140.22787028922,0.0,40,40,0,0,40,40,28666,0,0,0,0,0
2020-06-01,US,Ohio,Franklin,5933,271,0,39.96995815,-83.01115755,39049.0,450.57702414114686,4.567672341142762,5662,5862,262,0,5600,5773,1310300,71,9,0,62,89
2020-06-01,US,Ohio,Fulton,44,0,0,41.60213491,-84.12571393,39051.0,104.4485590846508,0.0,44,41,0,0,41,40,42276,3,0,0,3,1
2020-06-01,US,Ohio,Gallia,8,1,0,38.82708533,-82.31647569,39053.0,26.757642651682385,12.5,7,8,1,0,7,9,29979,0,0,0,0,-1
2020-06-01,US,Ohio,Geauga,286,32,0,41.49952319,-81.17935342,39055.0,305.39567961216886,11.188811188811188,254,284,32,0,252,282,94031,2,0,0,2,2
2020-06-01,US,Ohio,Greene,103,5,0,39.69116283,-83.89032084,39057.0,60.9694738275215,4.854368932038835,98,101,5,0,96,101,167995,2,0,0,2,0
2020-06-01,US,Ohio,Guernsey,36,1,0,40.05026529,-81.49248905,39059.0,92.60450160771705,2.7777777777777777,35,35,1,0,34,35,39022,1,0,0,1,0
2020-06-01,US,Ohio,Hamilton,2698,151,0,39.19673558,-84.54502924,39061.0,330.0414814923551,5.596738324684953,2547,2672,150,0,2522,2642,816684,26,1,0,25,30
2020-06-01,US,Ohio,Hancock,50,1,0,41.00250487,-83.66838948,39063.0,65.97785783091194,2.0,49,50,1,0,49,50,75930,0,0,0,0,0
2020-06-01,US,Ohio,Hardin,61,0,0,40.66015414,-83.65929931,39065.0,194.4842977841543,0.0,61,61,0,0,61,60,31480,0,0,0,0,1
2020-06-01,US,Ohio,Harrison,10,0,0,40.29380509,-81.09068544,39067.0,66.48936170212765,0.0,10,10,0,0,10,10,15174,0,0,0,0,0
2020-06-01,US,Ohio,Henry,16,0,0,41.333964200000004,-84.06830637,39069.0,59.24609346071243,0.0,16,15,0,0,15,15,27086,1,0,0,1,0
2020-06-01,US,Ohio,Highland,25,1,0,39.1839264,-83.60331456,39071.0,57.922661662148705,4.0,24,25,1,0,24,23,43058,0,0,0,0,2
2020-06-01,US,Ohio,Hocking,69,5,0,39.49537927,-82.47991446,39073.0,244.1268044155109,7.246376811594202,64,69,4,0,65,69,28385,0,1,0,-1,0
2020-06-01,US,Ohio,Holmes,43,1,0,40.56163713,-81.92635677,39075.0,97.8161965423112,2.3255813953488373,42,39,1,0,38,34,43892,4,0,0,4,5
2020-06-01,US,Ohio,Huron,60,1,0,41.14651175,-82.59867951,39077.0,102.97600659046442,1.6666666666666667,59,58,1,0,57,57,58504,2,0,0,2,1
2020-06-01,US,Ohio,Jackson,14,0,0,39.01914254,-82.61818559999998,39079.0,43.192546200598535,0.0,14,14,0,0,14,14,32384,0,0,0,0,0
2020-06-01,US,Ohio,Jefferson,67,2,0,40.38614126,-80.76259514,39081.0,102.56410256410255,2.985074626865672,65,67,2,0,65,67,65767,0,0,0,0,0
2020-06-01,US,Ohio,Knox,25,1,0,40.39830217,-82.42027563,39083.0,40.11424537081609,4.0,24,25,1,0,24,25,61893,0,0,0,0,0
2020-06-01,US,Ohio,Lake,309,13,0,41.69710807,-81.23676539,39085.0,134.26084840690166,4.207119741100324,296,308,12,0,296,306,230514,1,1,0,0,2
2020-06-01,US,Ohio,Lawrence,30,0,0,38.59743452,-82.53466552,39087.0,50.45154129458654,0.0,30,30,0,0,30,30,59866,0,0,0,0,0
2020-06-01,US,Ohio,Licking,249,10,0,40.09136236,-82.48185785,39089.0,140.78773280863047,4.016064257028113,239,248,10,0,238,243,175769,1,0,0,1,5
2020-06-01,US,Ohio,Logan,39,0,0,40.38996525,-83.76784341,39091.0,85.39148712559117,0.0,39,39,0,0,39,38,45358,0,0,0,0,1
2020-06-01,US,Ohio,Lorain,692,59,0,41.29553751,-82.15083537,39093.0,223.34612517065642,8.526011560693641,633,687,59,0,628,678,309461,5,0,0,5,9
2020-06-01,US,Ohio,Lucas,2277,248,0,41.62101218,-83.65468618,39095.0,531.577128876521,10.891523935002196,2029,2267,242,0,2025,2241,429899,10,6,0,4,26
2020-06-01,US,Ohio,Madison,155,7,0,39.89381073,-83.40178317,39097.0,346.5158391272272,4.516129032258065,148,156,7,0,149,152,44413,-1,0,0,-1,4
2020-06-01,US,Ohio,Mahoning,1438,178,0,41.01631101,-80.77287029,39099.0,628.8180581853483,12.378303198887346,1260,1431,174,0,1257,1428,229642,7,4,0,3,3
2020-06-01,US,Ohio,Marion,2668,28,0,40.58610662,-83.15736305,39101.0,4098.751017774569,1.0494752623688155,2640,2666,28,0,2638,2660,65256,2,0,0,2,6
2020-06-01,US,Ohio,Medina,346,24,0,41.11770589,-81.89986209999998,39103.0,192.49385243621555,6.9364161849710975,322,337,22,0,315,337,179146,9,2,0,7,0
2020-06-01,US,Ohio,Meigs,6,0,0,39.09224872,-82.0305041,39105.0,26.192866809272275,0.0,6,6,0,0,6,6,23106,0,0,0,0,0
2020-06-01,US,Ohio,Mercer,216,7,0,40.54043046,-84.62912742,39107.0,524.6283882250074,3.2407407407407414,209,211,7,0,204,210,40959,5,0,0,5,1
2020-06-01,US,Ohio,Miami,358,30,0,40.0543329,-84.22871271,39109.0,334.6200940301158,8.379888268156424,328,357,30,0,327,355,106222,1,0,0,1,2
2020-06-01,US,Ohio,Monroe,79,14,0,39.72984936,-81.08464734,39111.0,578.5850300278307,17.721518987341767,65,78,12,0,66,78,13790,1,2,0,-1,0
2020-06-01,US,Ohio,Montgomery,684,16,0,39.75394919,-84.29050975,39113.0,128.64711757105215,2.3391812865497075,668,663,16,0,647,656,532331,21,0,0,21,7
2020-06-01,US,Ohio,Morgan,5,0,0,39.62081738,-81.85308173,39115.0,34.46374414116349,0.0,5,5,0,0,5,5,14604,0,0,0,0,0
2020-06-01,US,Ohio,Morrow,107,1,0,40.52363560000001,-82.7892599,39117.0,302.87590579710144,0.9345794392523364,106,107,1,0,106,107,35112,0,0,0,0,0
2020-06-01,US,Ohio,Muskingum,52,0,0,39.96575964,-81.94363275,39119.0,60.31433045293743,0.0,52,52,0,0,52,50,86183,0,0,0,0,2
2020-06-01,US,Ohio,Noble,6,0,0,39.76818851,-81.45937183,39121.0,41.59733777038269,0.0,6,6,0,0,6,6,14354,0,0,0,0,0
2020-06-01,US,Ohio,Ottawa,103,16,0,41.53781826,-83.0940185,39123.0,254.16409623689083,15.533980582524274,87,99,16,0,83,99,40769,4,0,0,4,0
2020-06-01,US,Ohio,Paulding,14,0,0,41.11676341,-84.5801017,39125.0,74.97857754927162,0.0,14,14,0,0,14,14,18760,0,0,0,0,0
2020-06-01,US,Ohio,Perry,18,1,0,39.73508655,-82.23804971,39127.0,49.814579066806886,5.5555555555555545,17,18,1,0,17,18,36033,0,0,0,0,0
2020-06-01,US,Ohio,Pickaway,2086,37,0,39.64170392,-83.0243386,39129.0,3568.434917973895,1.7737296260786193,2049,2074,37,0,2037,2050,58086,12,0,0,12,24
2020-06-01,US,Ohio,Pike,8,0,0,39.07634001,-83.06769584,39131.0,28.805991646262427,0.0,8,6,0,0,6,6,28067,2,0,0,2,0
2020-06-01,US,Ohio,Portage,327,57,0,41.16793482,-81.19735782,39133.0,201.27288171063483,17.431192660550455,270,325,57,0,268,323,162927,2,0,0,2,2
2020-06-01,US,Ohio,Preble,39,1,0,39.7420247,-84.64787018,39135.0,95.39650702020451,2.5641025641025643,38,37,1,0,36,35,40997,2,0,0,2,2
2020-06-01,US,Ohio,Putnam,93,14,0,41.02094889,-84.1336111,39137.0,274.6522548064145,15.053763440860214,79,92,14,0,78,91,33780,1,0,0,1,1
2020-06-01,US,Ohio,Richland,201,3,0,40.77180308,-82.53799609999999,39139.0,165.9045512323159,1.492537313432836,198,200,3,0,197,199,121099,1,0,0,1,1
2020-06-01,US,Ohio,Ross,72,2,0,39.33705391,-83.06000914,39141.0,93.91386012052278,2.7777777777777777,70,71,2,0,69,71,76931,1,0,0,1,0
2020-06-01,US,Ohio,Sandusky,81,11,0,41.35624126,-83.137872,39143.0,138.41894801599508,13.580246913580249,70,79,11,0,68,73,58799,2,0,0,2,6
2020-06-01,US,Ohio,Scioto,18,0,0,38.80270163,-82.98907345,39145.0,23.899938922378308,0.0,18,16,0,0,16,15,75502,2,0,0,2,1
2020-06-01,US,Ohio,Seneca,20,2,0,41.12351311,-83.12783209,39147.0,36.24633005908152,10.0,18,20,2,0,18,20,55207,0,0,0,0,0
2020-06-01,US,Ohio,Shelby,43,3,0,40.33163494,-84.20258189,39149.0,88.49557522123894,6.9767441860465125,40,43,3,0,40,41,48627,0,0,0,0,2
2020-06-01,US,Ohio,Stark,736,92,0,40.81482476,-81.36437305,39151.0,198.59365471686917,12.5,644,727,91,0,636,723,371574,9,1,0,8,4
2020-06-01,US,Ohio,Summit,1453,176,0,41.12464734,-81.53123079,39153.0,268.5702561675967,12.112869924294564,1277,1420,173,0,1247,1390,541918,33,3,0,30,30
2020-06-01,US,Ohio,Trumbull,582,50,0,41.31735028,-80.76109643,39155.0,293.97799711073174,8.59106529209622,532,573,48,0,525,569,198627,9,2,0,7,4
2020-06-01,US,Ohio,Tuscarawas,349,3,0,40.44214695,-81.47226262,39157.0,379.4014371595985,0.8595988538681948,346,343,4,0,339,342,92176,6,-1,0,7,1
2020-06-01,US,Ohio,Union,52,1,0,40.30016061,-83.37239023,39159.0,88.1535227503899,1.9230769230769231,51,52,1,0,51,51,57835,0,0,0,0,1
2020-06-01,US,Ohio,Van Wert,6,0,0,40.8554138,-84.59111700000003,39161.0,21.220159151193638,0.0,6,6,0,0,6,6,28281,0,0,0,0,0
2020-06-01,US,Ohio,Vinton,21,2,0,39.25208988,-82.4831444,39163.0,160.4891096675583,9.523809523809524,19,21,2,0,19,21,13139,0,0,0,0,0
2020-06-01,US,Ohio,Warren,378,21,0,39.42581994,-84.16557457,39165.0,161.12394608741613,5.5555555555555545,357,373,21,0,352,366,232173,5,0,0,5,7
2020-06-01,US,Ohio,Washington,118,19,0,39.45690571,-81.49121382,39167.0,196.9588222530086,16.10169491525424,99,118,19,0,99,118,60155,0,0,0,0,0
2020-06-01,US,Ohio,Wayne,277,50,0,40.82925852,-81.88844833,39169.0,239.39158240428657,18.050541516245488,227,274,50,0,224,272,115967,3,0,0,3,2
2020-06-01,US,Ohio,Williams,55,1,0,41.56052014,-84.58429552,39171.0,149.89643519023218,1.818181818181818,54,55,1,0,54,54,36804,0,0,0,0,1
2020-06-01,US,Ohio,Wood,295,47,0,41.36224827,-83.62285108,39173.0,225.50585933020938,15.932203389830509,248,294,46,0,248,287,130696,1,1,0,0,7
2020-06-01,US,Ohio,Wyandot,42,2,0,40.84339621,-83.30734173,39175.0,192.9083226162043,4.761904761904762,40,41,2,0,39,40,21935,1,0,0,1,1
2020-06-01,US,Oklahoma,Adair,88,3,0,35.88494195,-94.65859267,40001.0,396.5035595205911,3.4090909090909087,85,87,3,0,84,87,22082,1,0,0,1,0
2020-06-01,US,Oklahoma,Alfalfa,1,0,0,36.73090616,-98.32408495,40003.0,17.5377060680463,0.0,1,1,0,0,1,1,5754,0,0,0,0,0
2020-06-01,US,Oklahoma,Atoka,3,0,0,34.37366573,-96.03802487,40005.0,21.805494984736157,0.0,3,3,0,0,3,3,13838,0,0,0,0,0
2020-06-01,US,Oklahoma,Beaver,24,0,0,36.7496847,-100.4758872,40007.0,451.8922990020711,0.0,24,24,0,0,24,24,5319,0,0,0,0,0
2020-06-01,US,Oklahoma,Beckham,10,0,0,35.26862449,-99.68128023,40009.0,45.74774692346402,0.0,10,6,0,0,6,6,21709,4,0,0,4,0
2020-06-01,US,Oklahoma,Blaine,6,0,0,35.87518314,-98.43307003,40011.0,63.633471205854285,0.0,6,6,0,0,6,6,9485,0,0,0,0,0
2020-06-01,US,Oklahoma,Bryan,29,1,0,33.96472458,-96.25903472,40013.0,60.422960725075534,3.4482758620689653,28,26,1,0,25,26,47192,3,0,0,3,0
2020-06-01,US,Oklahoma,Caddo,162,10,0,35.17364557,-98.37534464,40015.0,563.2431680689799,6.172839506172839,152,158,10,0,148,158,28977,4,0,0,4,0
2020-06-01,US,Oklahoma,Canadian,133,3,0,35.5426055,-97.98465569,40017.0,89.6794465497013,2.255639097744361,130,132,3,0,129,132,144447,1,0,0,1,0
2020-06-01,US,Oklahoma,Carter,45,1,0,34.25103751,-97.28552485,40019.0,93.53370331109308,2.2222222222222223,44,41,1,0,40,41,48177,4,0,0,4,0
2020-06-01,US,Oklahoma,Cherokee,29,1,0,35.90692775,-94.99980896,40021.0,59.60087962677518,3.4482758620689653,28,29,1,0,28,29,48675,0,0,0,0,0
2020-06-01,US,Oklahoma,Choctaw,39,1,0,34.02807439,-95.54771129,40023.0,265.8124318429662,2.5641025641025643,38,39,1,0,38,39,14668,0,0,0,0,0
2020-06-01,US,Oklahoma,Cimarron,1,0,0,36.74817177,-102.5173885,40025.0,46.79457182966776,0.0,1,1,0,0,1,1,2153,0,0,0,0,0
2020-06-01,US,Oklahoma,Cleveland,503,37,0,35.20413532,-97.32519562,40027.0,177.10394558014747,7.355864811133201,466,500,37,0,463,500,281669,3,0,0,3,0
2020-06-01,US,Oklahoma,Coal,1,0,0,34.58840127,-96.29798747,40029.0,18.198362147406737,0.0,1,1,0,0,1,1,5520,0,0,0,0,0
2020-06-01,US,Oklahoma,Comanche,283,3,0,34.65973764,-98.47195055,40031.0,234.37047097698533,1.060070671378092,280,279,3,0,276,279,120422,4,0,0,4,0
2020-06-01,US,Oklahoma,Cotton,5,2,0,34.28845626,-98.37053567,40033.0,88.24567596187786,40.0,3,5,2,0,3,5,5776,0,0,0,0,0
2020-06-01,US,Oklahoma,Craig,15,0,0,36.76268118,-95.20916602,40035.0,106.06703436571915,0.0,15,15,0,0,15,15,14306,0,0,0,0,0
2020-06-01,US,Oklahoma,Creek,95,7,0,35.90230551,-96.37086028,40037.0,132.82626324767205,7.36842105263158,88,94,7,0,87,94,71604,1,0,0,1,0
2020-06-01,US,Oklahoma,Custer,20,0,0,35.63853802,-99.00170785,40039.0,68.95838361548806,0.0,20,16,0,0,16,16,29036,4,0,0,4,0
2020-06-01,US,Oklahoma,Delaware,100,16,0,36.40823634,-94.80325046,40041.0,232.50947476109653,16.0,84,100,16,0,84,100,42733,0,0,0,0,0
2020-06-01,US,Oklahoma,Dewey,2,0,0,35.98772922,-99.00730714,40043.0,40.891433244735225,0.0,2,2,0,0,2,2,4894,0,0,0,0,0
2020-06-01,US,Oklahoma,Garfield,28,1,0,36.3791334,-97.78265517,40047.0,45.8595387840671,3.571428571428572,27,27,1,0,26,27,60913,1,0,0,1,0
2020-06-01,US,Oklahoma,Garvin,18,1,0,34.70418038,-97.30811132,40049.0,64.95615459564793,5.5555555555555545,17,17,1,0,16,17,27811,1,0,0,1,0
2020-06-01,US,Oklahoma,Grady,97,3,0,35.0167709,-97.88339847,40051.0,173.72926890425185,3.0927835051546397,94,92,3,0,89,92,55551,5,0,0,5,0
2020-06-01,US,Oklahoma,Grant,2,0,0,36.796296999999996,-97.78638765,40053.0,46.15739672282484,0.0,2,2,0,0,2,2,4326,0,0,0,0,0
2020-06-01,US,Oklahoma,Greer,66,7,0,34.93535801,-99.56056120000001,40055.0,1155.4621848739494,10.606060606060606,59,66,7,0,59,66,5821,0,0,0,0,0
2020-06-01,US,Oklahoma,Harper,1,0,0,36.78836519,-99.6679804,40059.0,27.11496746203905,0.0,1,1,0,0,1,1,3797,0,0,0,0,0
2020-06-01,US,Oklahoma,Haskell,6,0,0,35.22257600000001,-95.11513306,40061.0,47.517224994060356,0.0,6,6,0,0,6,6,12668,0,0,0,0,0
2020-06-01,US,Oklahoma,Hughes,1,0,0,35.04912569,-96.24921145,40063.0,7.530687551773478,0.0,1,1,0,0,1,1,13335,0,0,0,0,0
2020-06-01,US,Oklahoma,Jackson,27,3,0,34.58781741,-99.41138784,40065.0,110.069302894415,11.111111111111109,24,27,3,0,24,27,24949,0,0,0,0,0
2020-06-01,US,Oklahoma,Jefferson,3,0,0,34.11130184,-97.83182974,40067.0,49.98333888703765,0.0,3,3,0,0,3,3,6123,0,0,0,0,0
2020-06-01,US,Oklahoma,Johnston,3,0,0,34.31440473,-96.66011537,40069.0,27.063599458728014,0.0,3,3,0,0,3,3,10949,0,0,0,0,0
2020-06-01,US,Oklahoma,Kay,54,7,0,36.81799745,-97.14421435,40071.0,124.02958335247372,12.962962962962965,47,53,7,0,46,53,44161,1,0,0,1,0
2020-06-01,US,Oklahoma,Kingfisher,11,0,0,35.94530008,-97.94193268,40073.0,69.77481763399936,0.0,11,11,0,0,11,11,15816,0,0,0,0,0
2020-06-01,US,Oklahoma,Kiowa,6,0,0,34.91671958,-98.97720696,40075.0,68.90215893431328,0.0,6,6,0,0,6,6,8729,0,0,0,0,0
2020-06-01,US,Oklahoma,Latimer,5,1,0,34.87844729,-95.25215049,40077.0,49.63764519011218,20.0,4,5,1,0,4,5,10231,0,0,0,0,0
2020-06-01,US,Oklahoma,Le Flore,14,1,0,34.89851864,-94.70392124,40079.0,28.08256273443925,7.142857142857142,13,14,1,0,13,14,49980,0,0,0,0,0
2020-06-01,US,Oklahoma,Lincoln,22,2,0,35.70270942,-96.8812462,40081.0,63.07881985262494,9.090909090909092,20,22,2,0,20,22,34920,0,0,0,0,0
2020-06-01,US,Oklahoma,Logan,19,1,0,35.91899576,-97.44352845,40083.0,39.5742642311137,5.2631578947368425,18,19,1,0,18,19,47291,0,0,0,0,0
2020-06-01,US,Oklahoma,Love,15,0,0,33.95273467,-97.23906784,40085.0,146.2986442992295,0.0,15,15,0,0,15,15,10134,0,0,0,0,0
2020-06-01,US,Oklahoma,Major,6,1,0,36.31149996,-98.53467076,40093.0,78.64726700747148,16.666666666666668,5,6,1,0,5,6,7644,0,0,0,0,0
2020-06-01,US,Oklahoma,Marshall,8,0,0,34.02311222,-96.76855464,40095.0,47.25060539838167,0.0,8,8,0,0,8,8,16806,0,0,0,0,0
2020-06-01,US,Oklahoma,Mayes,30,4,0,36.30179091,-95.23175116,40097.0,72.99270072992701,13.333333333333336,26,30,4,0,26,30,41107,0,0,0,0,0
2020-06-01,US,Oklahoma,McClain,105,3,0,35.01123903,-97.44572302,40087.0,259.4258042199931,2.8571428571428568,102,104,3,0,101,104,39985,1,0,0,1,0
2020-06-01,US,Oklahoma,McCurtain,41,1,0,34.11664328,-94.77222373,40089.0,124.87816764132552,2.4390243902439024,40,35,1,0,34,35,32703,6,0,0,6,0
2020-06-01,US,Oklahoma,McIntosh,11,1,0,35.37235506,-95.66599306,40091.0,56.133904878546645,9.090909090909092,10,11,1,0,10,11,19815,0,0,0,0,0
2020-06-01,US,Oklahoma,Murray,4,0,0,34.48116015,-97.06826283,40099.0,28.423221772187876,0.0,4,4,0,0,4,4,13953,0,0,0,0,0
2020-06-01,US,Oklahoma,Muskogee,48,6,0,35.61318461,-95.37802952,40101.0,70.59134961836551,12.5,42,48,6,0,42,48,68362,0,0,0,0,0
2020-06-01,US,Oklahoma,Noble,7,0,0,36.38953329,-97.22928674,40103.0,62.887431497619254,0.0,7,7,0,0,7,7,11289,0,0,0,0,0
2020-06-01,US,Oklahoma,Nowata,23,0,0,36.79843529,-95.61902331,40105.0,228.2651845970624,0.0,23,23,0,0,23,23,10218,0,0,0,0,0
2020-06-01,US,Oklahoma,Okfuskee,4,0,0,35.46485198,-96.32639984,40107.0,33.352789126990736,0.0,4,4,0,0,4,4,12098,0,0,0,0,0
2020-06-01,US,Oklahoma,Oklahoma,1284,61,0,35.55140095,-97.40716948,40109.0,161.01646029640068,4.750778816199377,1223,1263,61,0,1202,1263,792582,21,0,0,21,0
2020-06-01,US,Oklahoma,Okmulgee,26,0,0,35.64661916,-95.96432828,40111.0,67.59391654751073,0.0,26,26,0,0,26,26,38335,0,0,0,0,0
2020-06-01,US,Oklahoma,Osage,95,8,0,36.62888819,-96.39635704,40113.0,202.28690671379601,8.421052631578947,87,95,8,0,87,95,47014,0,0,0,0,0
2020-06-01,US,Oklahoma,Ottawa,35,2,0,36.83532655,-94.81011909,40115.0,112.44257397115044,5.7142857142857135,33,35,2,0,33,35,31175,0,0,0,0,0
2020-06-01,US,Oklahoma,Pawnee,31,2,0,36.31743373,-96.70331759999999,40117.0,189.30141670737663,6.451612903225807,29,31,2,0,29,31,16390,0,0,0,0,0
2020-06-01,US,Oklahoma,Payne,45,1,0,36.07695283,-96.97584944,40119.0,55.02298738139489,2.2222222222222223,44,45,1,0,44,45,82040,0,0,0,0,0
2020-06-01,US,Oklahoma,Pittsburg,41,3,0,34.92065823,-95.75134320000001,40121.0,93.92037384890274,7.317073170731707,38,41,3,0,38,41,43877,0,0,0,0,0
2020-06-01,US,Oklahoma,Pontotoc,14,2,0,34.72959848,-96.68337199,40123.0,36.56880158813081,14.285714285714285,12,13,2,0,11,13,38247,1,0,0,1,0
2020-06-01,US,Oklahoma,Pottawatomie,62,4,0,35.20614018,-96.94923008,40125.0,85.4088604804937,6.451612903225807,58,59,4,0,55,59,72679,3,0,0,3,0
2020-06-01,US,Oklahoma,Pushmataha,2,0,0,34.41635232,-95.37603505,40127.0,18.02451333813987,0.0,2,2,0,0,2,2,11179,0,0,0,0,0
2020-06-01,US,Oklahoma,Rogers,81,5,0,36.37004357,-95.60406759,40131.0,87.60639851177278,6.172839506172839,76,81,5,0,76,81,91984,0,0,0,0,0
2020-06-01,US,Oklahoma,Seminole,26,2,0,35.16478725,-96.61686741,40133.0,107.18113612004288,7.6923076923076925,24,26,2,0,24,26,24578,0,0,0,0,0
2020-06-01,US,Oklahoma,Sequoyah,15,3,0,35.49447108,-94.75463785,40135.0,36.08458226081936,20.0,12,15,3,0,12,15,41179,0,0,0,0,0
2020-06-01,US,Oklahoma,Stephens,38,1,0,34.48556989,-97.85141892,40137.0,88.07917854576641,2.631578947368421,37,38,1,0,37,38,43265,0,0,0,0,0
2020-06-01,US,Oklahoma,Texas,926,5,0,36.74777635,-101.4889765,40139.0,4633.938848020818,0.5399568034557235,921,917,5,0,912,917,20455,9,0,0,9,0
2020-06-01,US,Oklahoma,Tillman,23,1,0,34.37288446,-98.92426619,40141.0,317.2413793103448,4.3478260869565215,22,23,1,0,22,23,7348,0,0,0,0,0
2020-06-01,US,Oklahoma,Tulsa,1022,54,0,36.11939621,-95.94013939,40143.0,156.8562447816905,5.283757338551859,968,998,54,0,944,998,648360,24,0,0,24,0
2020-06-01,US,Oklahoma,Unassigned,383,16,0,0.0,0.0,90040.0,0.0,4.1775456919060066,367,,,,,,,,,,,
2020-06-01,US,Oklahoma,Wagoner,150,17,0,35.96024096,-95.51911308,40145.0,184.5268117457467,11.333333333333336,133,149,17,0,132,149,80110,1,0,0,1,0
2020-06-01,US,Oklahoma,Washington,325,35,0,36.71380786,-95.90514104,40147.0,630.7372833660023,10.769230769230768,290,316,35,0,281,316,51843,9,0,0,9,0
2020-06-01,US,Oklahoma,Washita,2,0,0,35.29071824,-98.99180434,40149.0,18.321729571271533,0.0,2,2,0,0,2,2,11127,0,0,0,0,0
2020-06-01,US,Oklahoma,Woods,3,0,0,36.76705782,-98.86573064,40151.0,34.1180484476288,0.0,3,3,0,0,3,3,8897,0,0,0,0,0
2020-06-01,US,Oklahoma,Woodward,5,0,0,36.42316318,-99.26283045,40153.0,24.7390035129385,0.0,5,5,0,0,5,5,20222,0,0,0,0,0
2020-06-01,US,Oregon,Baker,1,0,0,44.70915557,-117.6749883,41001.0,6.201935003721161,0.0,1,1,0,0,1,1,16006,0,0,0,0,0
2020-06-01,US,Oregon,Benton,55,5,0,44.49167306,-123.4316987,41003.0,59.10610082426144,9.090909090909092,50,55,5,0,50,55,92101,0,0,0,0,0
2020-06-01,US,Oregon,Clackamas,317,11,0,45.18787398,-122.2179634,41005.0,75.80340852298134,3.470031545741325,306,312,11,0,301,306,416075,5,0,0,5,6
2020-06-01,US,Oregon,Clatsop,45,0,0,45.99712889,-123.660711,41007.0,111.87350835322195,0.0,45,45,0,0,45,45,39764,0,0,0,0,0
2020-06-01,US,Oregon,Columbia,16,0,0,45.94464254,-123.08908980000001,41009.0,30.561179661534933,0.0,16,16,0,0,16,16,52377,0,0,0,0,0
2020-06-01,US,Oregon,Coos,31,0,0,43.17406868,-124.0594514,41011.0,48.0717043745251,0.0,31,31,0,0,31,31,64389,0,0,0,0,0
2020-06-01,US,Oregon,Crook,6,0,0,44.14230227,-120.356297,41013.0,24.586133420750688,0.0,6,6,0,0,6,6,23867,0,0,0,0,0
2020-06-01,US,Oregon,Curry,7,0,0,42.45911325,-124.15728200000001,41015.0,30.53435114503817,0.0,7,7,0,0,7,7,22813,0,0,0,0,0
2020-06-01,US,Oregon,Deschutes,127,0,0,43.91570171,-121.2289121,41017.0,64.24134512271614,0.0,127,125,0,0,125,124,191996,2,0,0,2,1
2020-06-01,US,Oregon,Douglas,27,0,0,43.27941273,-123.16729099999999,41019.0,24.32870787529285,0.0,27,27,0,0,27,27,110283,0,0,0,0,0
2020-06-01,US,Oregon,Grant,1,0,0,44.49024544,-119.0068631,41023.0,13.890818169190164,0.0,1,1,0,0,1,1,7176,0,0,0,0,0
2020-06-01,US,Oregon,Harney,1,0,0,43.06422669,-118.96663059999999,41025.0,13.526308670363855,0.0,1,1,0,0,1,1,7329,0,0,0,0,0
2020-06-01,US,Oregon,Hood River,18,0,0,45.51872811,-121.65520359999998,41027.0,76.98229407236336,0.0,18,18,0,0,18,16,23428,0,0,0,0,2
2020-06-01,US,Oregon,Jackson,67,0,0,42.43201126,-122.72893090000001,41029.0,30.324426098920995,0.0,67,66,0,0,66,65,219564,1,0,0,1,1
2020-06-01,US,Oregon,Jefferson,44,0,0,44.62806839,-121.17832,41031.0,178.44107389082654,0.0,44,33,0,0,33,30,24192,11,0,0,11,3
2020-06-01,US,Oregon,Josephine,24,1,0,42.3665549,-123.5561938,41033.0,27.432647136145945,4.166666666666667,23,23,1,0,22,23,87393,1,0,0,1,0
2020-06-01,US,Oregon,Klamath,44,0,0,42.68762984,-121.64964609999998,41035.0,64.48020164717606,0.0,44,44,0,0,44,44,67653,0,0,0,0,0
2020-06-01,US,Oregon,Lake,2,0,0,42.79246693,-120.38501629999999,41037.0,25.41619011310205,0.0,2,2,0,0,2,2,7879,0,0,0,0,0
2020-06-01,US,Oregon,Lane,77,3,0,43.93727035,-122.847753,41039.0,20.153533280812,3.8961038961038965,74,73,3,0,70,69,379611,4,0,0,4,4
2020-06-01,US,Oregon,Lincoln,15,0,0,44.64252874,-123.86991200000001,41041.0,30.022817341179294,0.0,15,12,0,0,12,12,49388,3,0,0,3,0
2020-06-01,US,Oregon,Linn,117,9,0,44.48899494,-122.53731540000001,41043.0,90.1741053880955,7.6923076923076925,108,115,9,0,106,115,127335,2,0,0,2,0
2020-06-01,US,Oregon,Malheur,32,0,0,43.1937027,-117.62273950000001,41045.0,104.67436459389616,0.0,32,32,0,0,32,32,30725,0,0,0,0,0
2020-06-01,US,Oregon,Marion,973,26,0,44.90287942,-122.58151170000001,41047.0,279.7440040480941,2.672147995889003,947,960,25,0,935,949,346868,13,1,0,12,11
2020-06-01,US,Oregon,Morrow,12,0,0,45.41846568,-119.584546,41049.0,103.4215289149358,0.0,12,11,0,0,11,11,11372,1,0,0,1,0
2020-06-01,US,Oregon,Multnomah,1171,59,0,45.54747959,-122.4169351,41051.0,144.0601337261873,5.0384286934244225,1112,1165,59,0,1106,1142,811880,6,0,0,6,23
2020-06-01,US,Oregon,Polk,100,12,0,44.90322804,-123.4128888,41053.0,116.1642562583493,12.0,88,98,12,0,86,98,85234,2,0,0,2,0
2020-06-01,US,Oregon,Sherman,1,0,0,45.41501554,-120.6827834,41055.0,56.179775280898866,0.0,1,1,0,0,1,1,1708,0,0,0,0,0
2020-06-01,US,Oregon,Tillamook,6,0,0,45.46248721,-123.712066,41057.0,22.192632046160675,0.0,6,6,0,0,6,6,26787,0,0,0,0,0
2020-06-01,US,Oregon,Umatilla,120,3,0,45.59073056,-118.7353826,41059.0,153.94483643361133,2.5,117,116,3,0,113,116,77516,4,0,0,4,0
2020-06-01,US,Oregon,Union,6,0,0,45.30915495,-118.0068979,41061.0,22.3588596981554,0.0,6,6,0,0,6,6,26461,0,0,0,0,0
2020-06-01,US,Oregon,Wallowa,2,0,0,45.57894064,-117.18353799999998,41063.0,27.746947835738073,0.0,2,2,0,0,2,2,7081,0,0,0,0,0
2020-06-01,US,Oregon,Wasco,24,1,0,45.16292781,-121.16709540000001,41065.0,89.94827973915001,4.166666666666667,23,24,1,0,23,23,26505,0,0,0,0,1
2020-06-01,US,Oregon,Washington,743,17,0,45.55972701,-123.0955257,41067.0,123.50563172382613,2.288021534320323,726,739,17,0,722,734,597695,4,0,0,4,5
2020-06-01,US,Oregon,Yamhill,70,7,0,45.23330449,-123.3086963,41071.0,65.359477124183,10.0,63,70,7,0,63,69,107002,0,0,0,0,1
2020-06-01,US,Pennsylvania,Adams,250,8,0,39.87140411,-77.21610347,42001.0,242.6972400469862,3.2,242,251,8,0,243,245,102811,-1,0,0,-1,6
2020-06-01,US,Pennsylvania,Allegheny,1919,164,0,40.46809875,-79.98167747,42003.0,157.80666011537403,8.546117769671705,1755,1911,163,0,1748,1897,1218452,8,1,0,7,14
2020-06-01,US,Pennsylvania,Armstrong,62,4,0,40.81665618,-79.46290811,42005.0,95.77508303081795,6.451612903225807,58,62,4,0,58,62,65263,0,0,0,0,0
2020-06-01,US,Pennsylvania,Beaver,590,73,0,40.6825484,-80.34921611,42007.0,359.91191308432315,12.372881355932204,517,590,73,0,517,589,164742,0,0,0,0,1
2020-06-01,US,Pennsylvania,Bedford,40,2,0,40.00522157,-78.48998442,42009.0,83.52823254259941,5.0,38,39,2,0,37,39,48176,1,0,0,1,0
2020-06-01,US,Pennsylvania,Berks,4074,317,0,40.41570541,-75.92457766,42011.0,967.3191440863893,7.781050564555719,3757,4061,317,0,3744,4002,420152,13,0,0,13,59
2020-06-01,US,Pennsylvania,Blair,50,1,0,40.47961444,-78.34917412,42013.0,41.04113142191104,2.0,49,50,1,0,49,50,122492,0,0,0,0,0
2020-06-01,US,Pennsylvania,Bradford,46,3,0,41.78869215,-76.51570822,42015.0,76.25615436898032,6.521739130434782,43,46,3,0,43,46,60833,0,0,0,0,0
2020-06-01,US,Pennsylvania,Bucks,5100,503,0,40.33682119,-75.10836643,42017.0,811.7529087812566,9.862745098039216,4597,5082,503,0,4579,5050,628195,18,0,0,18,32
2020-06-01,US,Pennsylvania,Butler,230,12,0,40.91152759,-79.91351055,42019.0,122.43616018908402,5.217391304347826,218,230,12,0,218,229,187888,0,0,0,0,1
2020-06-01,US,Pennsylvania,Cambria,58,2,0,40.49527404,-78.71377428,42021.0,44.5495883003564,3.4482758620689653,56,57,2,0,55,57,131730,1,0,0,1,0
2020-06-01,US,Pennsylvania,Cameron,2,0,0,41.43625568,-78.20376845,42023.0,44.974139869575005,0.0,2,2,0,0,2,2,4492,0,0,0,0,0
2020-06-01,US,Pennsylvania,Carbon,237,24,0,40.91545395,-75.7068525,42025.0,369.2624100215014,10.126582278481012,213,235,24,0,211,235,64227,2,0,0,2,0
2020-06-01,US,Pennsylvania,Centre,154,7,0,40.92058903,-77.82200624,42027.0,94.8363457215876,4.545454545454546,147,153,7,0,146,152,162805,1,0,0,1,1
2020-06-01,US,Pennsylvania,Chester,2784,281,0,39.97291773,-75.74768357,42029.0,530.2968252668151,10.093390804597703,2503,2729,281,0,2448,2669,522046,55,0,0,55,60
2020-06-01,US,Pennsylvania,Clarion,27,2,0,41.19265812,-79.42413524,42031.0,70.24298870908996,7.407407407407407,25,27,2,0,25,27,38779,0,0,0,0,0
2020-06-01,US,Pennsylvania,Clearfield,40,0,0,41.00110782,-78.47592663,42033.0,50.47000189262508,0.0,40,39,0,0,39,39,79388,1,0,0,1,0
2020-06-01,US,Pennsylvania,Clinton,57,3,0,41.23255967,-77.63785995,42035.0,147.54607579208945,5.2631578947368425,54,56,3,0,53,56,38684,1,0,0,1,0
2020-06-01,US,Pennsylvania,Columbia,348,31,0,41.04821986,-76.40565017,42037.0,535.6813004125362,8.908045977011492,317,348,31,0,317,346,65456,0,0,0,0,2
2020-06-01,US,Pennsylvania,Crawford,29,0,0,41.68447709,-80.10760592,42039.0,34.26721336657646,0.0,29,29,0,0,29,29,85063,0,0,0,0,0
2020-06-01,US,Pennsylvania,Cumberland,635,52,0,40.1625372,-77.26130755,42041.0,250.6216205549197,8.188976377952756,583,629,50,0,579,626,251423,6,2,0,4,3
2020-06-01,US,Pennsylvania,Dauphin,1303,74,0,40.41377078,-76.77993242,42043.0,468.20146676775704,5.6792018419033,1229,1277,73,0,1204,1258,277097,26,1,0,25,19
2020-06-01,US,Pennsylvania,Delaware,6481,559,0,39.91680171,-75.40243663,42045.0,1143.5437682069778,8.625212158617497,5922,6461,558,0,5903,6420,564751,20,1,0,19,41
2020-06-01,US,Pennsylvania,Elk,6,0,0,41.42822061,-78.64524744,42047.0,20.060180541624874,0.0,6,6,0,0,6,6,30169,0,0,0,0,0
2020-06-01,US,Pennsylvania,Erie,295,4,0,41.99253829,-80.03301954,42049.0,109.36943884209278,1.3559322033898304,291,279,4,0,275,274,272061,16,0,0,16,5
2020-06-01,US,Pennsylvania,Fayette,95,4,0,39.92041012,-79.64291195,42051.0,73.48732150316383,4.2105263157894735,91,95,4,0,91,95,130441,0,0,0,0,0
2020-06-01,US,Pennsylvania,Forest,7,0,0,41.51095103,-79.23229292,42053.0,96.59169311439214,0.0,7,7,0,0,7,7,7279,0,0,0,0,0
2020-06-01,US,Pennsylvania,Franklin,777,35,0,39.92956518,-77.72157791,42055.0,501.2030162487825,4.504504504504505,742,774,35,0,739,767,154835,3,0,0,3,7
2020-06-01,US,Pennsylvania,Fulton,15,1,0,39.92913544,-78.11163677,42057.0,103.2346868547832,6.666666666666668,14,15,1,0,14,15,14523,0,0,0,0,0
2020-06-01,US,Pennsylvania,Greene,27,0,0,39.85746531,-80.22357106,42059.0,74.51770485469048,0.0,27,27,0,0,27,27,36506,0,0,0,0,0
2020-06-01,US,Pennsylvania,Huntingdon,231,2,0,40.42162652,-77.97673273,42061.0,511.6959064327485,0.8658008658008658,229,230,2,0,228,230,45168,1,0,0,1,0
2020-06-01,US,Pennsylvania,Indiana,91,5,0,40.65241041,-79.08963285,42063.0,108.23926825496888,5.494505494505495,86,91,5,0,86,91,84501,0,0,0,0,0
2020-06-01,US,Pennsylvania,Jefferson,9,0,0,41.12913106,-78.9986361,42065.0,20.72538860103627,0.0,9,9,0,0,9,9,43641,0,0,0,0,0
2020-06-01,US,Pennsylvania,Juniata,95,4,0,40.53358749,-77.39975129999998,42067.0,383.6368775996446,4.2105263157894735,91,95,4,0,91,95,24704,0,0,0,0,0
2020-06-01,US,Pennsylvania,Lackawanna,1551,171,0,41.43564672,-75.60379201,42069.0,739.7197554298577,11.02514506769826,1380,1547,170,0,1377,1543,210793,4,1,0,3,4
2020-06-01,US,Pennsylvania,Lancaster,3189,297,0,40.03904563,-76.24770128,42071.0,584.3613255052004,9.313264346190026,2892,3161,297,0,2864,3131,543557,28,0,0,28,30
2020-06-01,US,Pennsylvania,Lawrence,80,8,0,40.99206278,-80.33393706,42073.0,93.55412105903265,10.0,72,80,8,0,72,79,86184,0,0,0,0,1
2020-06-01,US,Pennsylvania,Lebanon,972,33,0,40.36680311,-76.45651841,42075.0,685.5063367020939,3.3950617283950617,939,969,33,0,936,958,141314,3,0,0,3,11
2020-06-01,US,Pennsylvania,Lehigh,3770,228,0,40.6154815,-75.59435245,42077.0,1020.8005025479396,6.047745358090186,3542,3765,228,0,3537,3747,368100,5,0,0,5,18
2020-06-01,US,Pennsylvania,Luzerne,2739,149,0,41.17823008,-75.98447579,42079.0,862.902743079293,5.4399415845198975,2590,2736,149,0,2587,2722,317646,3,0,0,3,14
2020-06-01,US,Pennsylvania,Lycoming,164,17,0,41.34310539,-77.06629984,42081.0,144.74973300735226,10.365853658536585,147,164,17,0,147,164,113664,0,0,0,0,0
2020-06-01,US,Pennsylvania,McKean,12,1,0,41.80938602,-78.56478358,42083.0,29.538461538461537,8.333333333333334,11,12,1,0,11,12,40968,0,0,0,0,0
2020-06-01,US,Pennsylvania,Mercer,107,5,0,41.30248872,-80.25816981,42085.0,97.78476385436468,4.672897196261682,102,107,5,0,102,107,110683,0,0,0,0,0
2020-06-01,US,Pennsylvania,Mifflin,59,1,0,40.61116939,-77.61070738,42087.0,127.8772378516624,1.6949152542372878,58,59,1,0,58,59,46222,0,0,0,0,0
2020-06-01,US,Pennsylvania,Monroe,1320,101,0,41.05934058,-75.34031025,42089.0,775.2347728033546,7.651515151515151,1219,1319,101,0,1218,1318,169507,1,0,0,1,1
2020-06-01,US,Pennsylvania,Montgomery,7093,686,0,40.21053671,-75.36652296,42091.0,853.6372553149239,9.671507119695477,6407,7061,684,0,6377,7006,828604,32,2,0,30,55
2020-06-01,US,Pennsylvania,Montour,53,0,0,41.03023987,-76.66345939,42093.0,290.72956664838176,0.0,53,52,0,0,52,50,18240,1,0,0,1,2
2020-06-01,US,Pennsylvania,Northampton,3082,210,0,40.75182733,-75.30471829,42095.0,1009.5484547226364,6.813757300454251,2872,3083,210,0,2873,3062,304807,-1,0,0,-1,21
2020-06-01,US,Pennsylvania,Northumberland,194,3,0,40.84785433,-76.70798222,42097.0,213.5552546701452,1.5463917525773196,191,192,3,0,189,190,91083,2,0,0,2,2
2020-06-01,US,Pennsylvania,Perry,61,3,0,40.40206612,-77.26297447,42099.0,131.82918395573998,4.918032786885246,58,59,3,0,56,57,46139,2,0,0,2,2
2020-06-01,US,Pennsylvania,Philadelphia,22881,1320,0,40.00338507,-75.1379271,42101.0,1444.4492141731646,5.768978628556443,21561,22629,1316,0,21313,22629,1584138,252,4,0,248,0
2020-06-01,US,Pennsylvania,Pike,477,19,0,41.33155042,-75.03208106,42103.0,854.7008547008548,3.9832285115303994,458,476,19,0,457,476,55933,1,0,0,1,0
2020-06-01,US,Pennsylvania,Potter,4,0,0,41.74471626,-77.89559864,42105.0,24.20428415829602,0.0,4,4,0,0,4,4,16622,0,0,0,0,0
2020-06-01,US,Pennsylvania,Schuylkill,631,34,0,40.70497338,-76.2150785,42107.0,446.38119964063134,5.388272583201268,597,631,34,0,597,623,142067,0,0,0,0,8
2020-06-01,US,Pennsylvania,Snyder,45,1,0,40.77129231,-77.06840691,42109.0,111.46339046864165,2.2222222222222223,44,45,1,0,44,42,40540,0,0,0,0,3
2020-06-01,US,Pennsylvania,Somerset,38,1,0,39.97172723,-79.02699593,42111.0,51.737987936879655,2.631578947368421,37,38,1,0,37,38,73952,0,0,0,0,0
2020-06-01,US,Pennsylvania,Sullivan,3,0,0,41.44634738,-76.51246591,42113.0,49.455984174085074,0.0,3,3,0,0,3,3,6071,0,0,0,0,0
2020-06-01,US,Pennsylvania,Susquehanna,110,15,0,41.82147784,-75.80071959,42115.0,272.7633406070224,13.636363636363635,95,109,15,0,94,109,40589,1,0,0,1,0
2020-06-01,US,Pennsylvania,Tioga,17,2,0,41.77255149,-77.25433032,42117.0,41.88120519326944,11.764705882352944,15,17,2,0,15,17,40763,0,0,0,0,0
2020-06-01,US,Pennsylvania,Union,62,1,0,40.96188846,-77.05996014,42119.0,138.0139349553681,1.6129032258064515,61,59,1,0,58,59,44785,3,0,0,3,0
2020-06-01,US,Pennsylvania,Venango,9,0,0,41.40323442,-79.75845449,42121.0,17.762690455514328,0.0,9,9,0,0,9,9,51266,0,0,0,0,0
2020-06-01,US,Pennsylvania,Warren,3,0,0,41.81304978,-79.26969577,42123.0,7.654818708376923,0.0,3,3,0,0,3,3,39498,0,0,0,0,0
2020-06-01,US,Pennsylvania,Washington,140,5,0,40.19208869,-80.24582867,42125.0,67.67698740724627,3.571428571428572,135,139,5,0,134,139,207346,1,0,0,1,0
2020-06-01,US,Pennsylvania,Wayne,120,8,0,41.64938475,-75.29956506,42127.0,233.64031074161332,6.666666666666668,112,119,8,0,111,119,51276,1,0,0,1,0
2020-06-01,US,Pennsylvania,Westmoreland,449,38,0,40.31377979999999,-79.46615476,42129.0,128.6905379493779,8.46325167037862,411,449,38,0,411,447,350611,0,0,0,0,2
2020-06-01,US,Pennsylvania,Wyoming,34,7,0,41.51955538,-76.01074915,42131.0,126.89408076435022,20.58823529411765,27,34,7,0,27,34,27046,0,0,0,0,0
2020-06-01,US,Pennsylvania,York,1013,26,0,39.9210089,-76.73040131,42133.0,225.58333221989145,2.566633761105627,987,1007,26,0,981,1000,448273,6,0,0,6,7
2020-06-01,US,Rhode Island,Bristol,224,0,0,41.71018079,-71.28652315,44001.0,462.0557354730914,0.0,224,224,0,0,224,224,48649,0,0,0,0,0
2020-06-01,US,Rhode Island,Kent,1052,0,0,41.67106337,-71.57641596,44003.0,640.3233267596718,0.0,1052,1052,0,0,1052,1052,163861,0,0,0,0,0
2020-06-01,US,Rhode Island,Newport,244,0,0,41.5642026,-71.26569799,44005.0,297.26371189785823,0.0,244,244,0,0,244,244,82542,0,0,0,0,0
2020-06-01,US,Rhode Island,Providence,11052,0,0,41.87064746,-71.57753536,44007.0,1729.7642468435556,0.0,11052,11052,0,0,11052,11052,636084,0,0,0,0,0
2020-06-01,US,Rhode Island,Unassigned,1920,720,0,0.0,0.0,90044.0,0.0,37.5,1200,1857,718,0,1139,1748,,63,2,0,61,109
2020-06-01,US,Rhode Island,Washington,499,0,0,41.45961631,-71.61435303,44009.0,397.36575965343974,0.0,499,499,0,0,499,499,126179,0,0,0,0,0
2020-06-01,US,South Carolina,Abbeville,44,0,0,34.22333378,-82.46170658,45001.0,179.3941370734293,0.0,44,42,0,0,42,39,24541,2,0,0,2,3
2020-06-01,US,South Carolina,Aiken,206,7,0,33.54338026,-81.63645384,45003.0,120.5580785617304,3.3980582524271843,199,197,7,0,190,194,169401,9,0,0,9,3
2020-06-01,US,South Carolina,Allendale,38,3,0,32.98837386,-81.35321066,45005.0,437.3848987108656,7.894736842105262,35,35,3,0,32,34,8903,3,0,0,3,1
2020-06-01,US,South Carolina,Anderson,241,9,0,34.51828081,-82.63959517,45007.0,118.97826795288263,3.734439834024896,232,239,9,0,230,234,200482,2,0,0,2,5
2020-06-01,US,South Carolina,Bamberg,22,0,0,33.21927586,-81.05659969,45009.0,156.40551684913976,0.0,22,22,0,0,22,22,14275,0,0,0,0,0
2020-06-01,US,South Carolina,Barnwell,48,1,0,33.26679302,-81.43584352,45011.0,230.03929838013997,2.083333333333333,47,46,1,0,45,45,21112,2,0,0,2,1
2020-06-01,US,South Carolina,Beaufort,389,14,0,32.39226291,-80.72619758,45013.0,202.47551035279662,3.5989717223650386,375,385,14,0,371,376,188715,4,0,0,4,9
2020-06-01,US,South Carolina,Berkeley,235,16,0,33.20222596,-79.94654523,45015.0,103.11223437630258,6.808510638297872,219,233,16,0,217,230,221091,2,0,0,2,3
2020-06-01,US,South Carolina,Calhoun,16,1,0,33.66926881,-80.77722168,45017.0,109.94296708582422,6.25,15,15,1,0,14,14,14520,1,0,0,1,1
2020-06-01,US,South Carolina,Charleston,634,12,0,32.82487866,-79.96512315,45019.0,154.10567663087073,1.892744479495268,622,617,12,0,605,609,405905,17,0,0,17,8
2020-06-01,US,South Carolina,Cherokee,43,2,0,35.05122251,-81.61828622,45021.0,75.043630017452,4.651162790697675,41,39,2,0,37,34,57078,4,0,0,4,5
2020-06-01,US,South Carolina,Chester,83,1,0,34.69249168,-81.1583216,45023.0,257.4122317330356,1.2048192771084338,82,80,1,0,79,74,32251,3,0,0,3,6
2020-06-01,US,South Carolina,Chesterfield,200,4,0,34.64137396,-80.15640140000002,45025.0,438.1161007667032,2.0,196,196,4,0,192,180,45754,4,0,0,4,16
2020-06-01,US,South Carolina,Clarendon,301,39,0,33.66610974,-80.21647898,45027.0,891.9839976292784,12.956810631229233,262,301,39,0,262,301,33700,0,0,0,0,0
2020-06-01,US,South Carolina,Colleton,110,14,0,32.87582989,-80.67641292,45029.0,291.9553042970512,12.727272727272727,96,105,12,0,93,101,37660,5,2,0,3,4
2020-06-01,US,South Carolina,Darlington,299,10,0,34.33358335,-79.96027485,45031.0,448.82764418025164,3.3444816053511706,289,295,10,0,285,284,66802,4,0,0,4,11
2020-06-01,US,South Carolina,Dillon,166,3,0,34.39007791,-79.37741872,45033.0,544.6372912497129,1.8072289156626504,163,165,3,0,162,162,30599,1,0,0,1,3
2020-06-01,US,South Carolina,Dorchester,169,3,0,33.0794369,-80.40502652,45035.0,103.8026153345331,1.7751479289940828,166,166,3,0,163,164,160647,3,0,0,3,2
2020-06-01,US,South Carolina,Edgefield,51,2,0,33.77221995,-81.96231108,45037.0,187.08730741012474,3.92156862745098,49,51,2,0,49,51,27052,0,0,0,0,0
2020-06-01,US,South Carolina,Fairfield,181,17,0,34.39287073,-81.1195624,45039.0,809.9521188526426,9.392265193370166,164,179,15,0,164,174,22402,2,2,0,0,5
2020-06-01,US,South Carolina,Florence,675,38,0,34.02361754,-79.70189312,45041.0,488.0941190081928,5.62962962962963,637,655,38,0,617,643,138159,20,0,0,20,12
2020-06-01,US,South Carolina,Georgetown,77,3,0,33.43443342,-79.33202141,45043.0,122.84620293554563,3.8961038961038965,74,76,3,0,73,73,62249,1,0,0,1,3
2020-06-01,US,South Carolina,Greenville,1690,57,0,34.89502264,-82.37295012,45045.0,322.801227026676,3.3727810650887573,1633,1619,57,0,1562,1469,514213,71,0,0,71,150
2020-06-01,US,South Carolina,Greenwood,147,1,0,34.15272415,-82.12715789,45047.0,207.5948652045586,0.6802721088435374,146,142,1,0,141,129,70741,5,0,0,5,13
2020-06-01,US,South Carolina,Hampton,38,1,0,32.77419582,-81.13845571,45049.0,197.6901467068984,2.631578947368421,37,37,1,0,36,36,19351,1,0,0,1,1
2020-06-01,US,South Carolina,Horry,454,26,0,33.9212828,-78.99555293,45051.0,128.2192492678229,5.7268722466960345,428,432,25,0,407,417,344147,22,1,0,21,15
2020-06-01,US,South Carolina,Jasper,42,2,0,32.43171982,-81.02487495,45053.0,139.66016027666012,4.761904761904762,40,42,2,0,40,41,28971,0,0,0,0,1
2020-06-01,US,South Carolina,Kershaw,338,14,0,34.33988254,-80.58763164,45055.0,507.8811738366066,4.142011834319527,324,332,14,0,318,329,65592,6,0,0,6,3
2020-06-01,US,South Carolina,Lancaster,140,5,0,34.68270843,-80.70513032,45057.0,142.839652287475,3.571428571428572,135,135,5,0,130,130,95380,5,0,0,5,5
2020-06-01,US,South Carolina,Laurens,68,4,0,34.48244419,-82.00490796,45059.0,100.75118901219385,5.882352941176472,64,67,4,0,63,67,66994,1,0,0,1,0
2020-06-01,US,South Carolina,Lee,218,16,0,34.16393091,-80.25690731,45061.0,1295.459947706204,7.339449541284404,202,218,16,0,202,217,17142,0,0,0,0,1
2020-06-01,US,South Carolina,Lexington,657,34,0,33.89665987,-81.27146426,45063.0,219.91631799163181,5.175038051750381,623,645,33,0,612,625,295032,12,1,0,11,20
2020-06-01,US,South Carolina,Marion,71,5,0,34.07859748,-79.36400756,45067.0,231.5947418207913,7.042253521126762,66,69,5,0,64,68,31039,2,0,0,2,1
2020-06-01,US,South Carolina,Marlboro,173,1,0,34.59905577,-79.67561152,45069.0,662.3784363274369,0.5780346820809249,172,171,1,0,170,161,26398,2,0,0,2,10
2020-06-01,US,South Carolina,McCormick,9,1,0,33.90161443,-82.30794338,45065.0,95.10725985416887,11.111111111111109,8,9,1,0,8,8,9410,0,0,0,0,1
2020-06-01,US,South Carolina,Newberry,62,1,0,34.28629098,-81.59935761,45071.0,161.29032258064515,1.6129032258064515,61,63,1,0,62,60,38520,-1,0,0,-1,3
2020-06-01,US,South Carolina,Oconee,54,0,0,34.75225169,-83.06742317,45073.0,67.88524878686546,0.0,54,50,0,0,50,50,78374,4,0,0,4,0
2020-06-01,US,South Carolina,Orangeburg,201,3,0,33.4391073,-80.79886287,45075.0,233.24630113141862,1.492537313432836,198,189,3,0,186,179,86934,12,0,0,12,10
2020-06-01,US,South Carolina,Pickens,164,3,0,34.88807695,-82.72791551,45077.0,129.251915135084,1.8292682926829267,161,158,3,0,155,140,124937,6,0,0,6,18
2020-06-01,US,South Carolina,Richland,1530,66,0,34.01791263,-80.90267209,45079.0,368.0016548048269,4.313725490196078,1464,1518,66,0,1452,1485,414576,12,0,0,12,33
2020-06-01,US,South Carolina,Saluda,148,1,0,34.00795823,-81.72713237,45081.0,722.9033361012065,0.6756756756756757,147,145,1,0,144,144,20544,3,0,0,3,1
2020-06-01,US,South Carolina,Spartanburg,637,20,0,34.92960077,-81.99225984,45083.0,199.19633503760338,3.1397174254317117,617,617,20,0,597,556,313888,20,0,0,20,61
2020-06-01,US,South Carolina,Sumter,387,18,0,33.91826534,-80.37942316,45085.0,362.6277864712662,4.651162790697675,369,384,18,0,366,378,106512,3,0,0,3,6
2020-06-01,US,South Carolina,Union,37,0,0,34.68835752,-81.61730349,45087.0,135.45174989017428,0.0,37,37,0,0,37,36,27410,0,0,0,0,1
2020-06-01,US,South Carolina,Williamsburg,238,14,0,33.62190129,-79.72767442,45089.0,783.7197049525818,5.882352941176472,224,236,14,0,222,233,30606,2,0,0,2,3
2020-06-01,US,South Carolina,York,417,8,0,34.97281497,-81.18085944,45091.0,148.40966762640625,1.9184652278177456,409,407,8,0,399,398,274118,10,0,0,10,9
2020-06-01,US,South Dakota,Aurora,26,0,0,43.71757685,-98.56050467,46003.0,945.1108687749906,0.0,26,26,0,0,26,25,2801,0,0,0,0,1
2020-06-01,US,South Dakota,Beadle,275,5,0,44.41464384,-98.27858469,46005.0,1490.27258440362,1.818181818181818,270,261,5,0,256,252,18883,14,0,0,14,9
2020-06-01,US,South Dakota,Bon Homme,8,0,0,42.98914167,-97.88592746,46009.0,115.92522822779308,0.0,8,8,0,0,8,8,6980,0,0,0,0,0
2020-06-01,US,South Dakota,Brookings,16,0,0,44.36974375,-96.79079945,46011.0,45.613935057159956,0.0,16,16,0,0,16,16,35232,0,0,0,0,0
2020-06-01,US,South Dakota,Brown,275,1,0,45.58994323,-98.35165355,46013.0,708.0511856638947,0.3636363636363637,274,273,1,0,272,271,39316,2,0,0,2,2
2020-06-01,US,South Dakota,Buffalo,18,0,0,44.07657829,-99.20814467,46017.0,917.4311926605504,0.0,18,17,0,0,17,17,2036,1,0,0,1,0
2020-06-01,US,South Dakota,Charles Mix,17,0,0,43.20660134,-98.58856175,46023.0,182.9530779164873,0.0,17,17,0,0,17,17,9338,0,0,0,0,0
2020-06-01,US,South Dakota,Clark,4,0,0,44.85834507,-97.72925109,46025.0,107.06638115631692,0.0,4,4,0,0,4,4,3739,0,0,0,0,0
2020-06-01,US,South Dakota,Clay,15,0,0,42.91296147,-96.97656917,46027.0,106.60980810234541,0.0,15,15,0,0,15,15,14041,0,0,0,0,0
2020-06-01,US,South Dakota,Codington,37,0,0,44.97788119,-97.18827677,46029.0,132.1003963011889,0.0,37,37,0,0,37,36,28015,0,0,0,0,1
2020-06-01,US,South Dakota,Corson,4,0,0,45.70889983,-101.1970473,46031.0,97.89525208027409,0.0,4,4,0,0,4,4,4165,0,0,0,0,0
2020-06-01,US,South Dakota,Davison,16,0,0,43.67490933,-98.14458906,46035.0,80.91024020227559,0.0,16,16,0,0,16,15,19790,0,0,0,0,1
2020-06-01,US,South Dakota,Day,13,0,0,45.367281,-97.60737498,46037.0,239.6755162241888,0.0,13,13,0,0,13,13,5505,0,0,0,0,0
2020-06-01,US,South Dakota,Deuel,1,0,0,44.75994309,-96.66943645,46039.0,22.983222247759137,0.0,1,1,0,0,1,1,4337,0,0,0,0,0
2020-06-01,US,South Dakota,Douglas,3,0,0,43.38520741,-98.36978007,46043.0,102.70455323519344,0.0,3,3,0,0,3,3,2935,0,0,0,0,0
2020-06-01,US,South Dakota,Edmunds,1,0,0,45.41846445,-99.21545423,46045.0,26.11647949856359,0.0,1,1,0,0,1,1,3875,0,0,0,0,0
2020-06-01,US,South Dakota,Fall River,4,0,0,43.23929297,-103.5275691,46047.0,59.58587814687919,0.0,4,4,0,0,4,4,6758,0,0,0,0,0
2020-06-01,US,South Dakota,Faulk,1,0,0,45.07082625,-99.14535601,46049.0,43.497172683775545,0.0,1,1,0,0,1,1,2330,0,0,0,0,0
2020-06-01,US,South Dakota,Grant,13,0,0,45.1723937,-96.77002276,46051.0,184.344866704481,0.0,13,13,0,0,13,13,7147,0,0,0,0,0
2020-06-01,US,South Dakota,Gregory,1,0,0,43.19419064,-99.18883902,46053.0,23.894862604540023,0.0,1,1,0,0,1,,4212,0,0,0,0,
2020-06-01,US,South Dakota,Hamlin,4,0,0,44.67385954,-97.18829593,46057.0,64.89292667099286,0.0,4,4,0,0,4,4,6111,0,0,0,0,0
2020-06-01,US,South Dakota,Hand,2,0,0,44.54708407,-99.00386459,46059.0,62.676277029144465,0.0,2,2,0,0,2,2,3262,0,0,0,0,0
2020-06-01,US,South Dakota,Hughes,19,0,0,44.39091534,-99.99661148,46065.0,108.41036174825972,0.0,19,19,0,0,19,19,17650,0,0,0,0,0
2020-06-01,US,South Dakota,Hutchinson,5,0,0,43.33449012,-97.75536441,46067.0,68.57769853243725,0.0,5,5,0,0,5,5,7380,0,0,0,0,0
2020-06-01,US,South Dakota,Hyde,1,0,0,44.54747703,-99.48572582,46069.0,76.86395080707149,0.0,1,1,0,0,1,1,1282,0,0,0,0,0
2020-06-01,US,South Dakota,Jackson,4,0,0,43.69318385,-101.6255063,46071.0,119.61722488038279,0.0,4,4,0,0,4,4,3307,0,0,0,0,0
2020-06-01,US,South Dakota,Jerauld,35,1,0,44.06637798,-98.62965972,46073.0,1738.6984600099356,2.8571428571428568,34,35,1,0,34,34,2043,0,0,0,0,1
2020-06-01,US,South Dakota,Kingsbury,1,0,0,44.36956169,-97.4913945,46077.0,20.24701356549909,0.0,1,1,0,0,1,1,4919,0,0,0,0,0
2020-06-01,US,South Dakota,Lake,8,0,0,44.02193107,-97.12926365,46079.0,62.5146518715324,0.0,8,8,0,0,8,8,13057,0,0,0,0,0
2020-06-01,US,South Dakota,Lawrence,11,0,0,44.35919441,-103.79294279999999,46081.0,42.563070732084824,0.0,11,11,0,0,11,11,25741,0,0,0,0,0
2020-06-01,US,South Dakota,Lincoln,238,0,0,43.27841182,-96.72039050000001,46083.0,389.3469441172621,0.0,238,238,0,0,238,237,58807,0,0,0,0,1
2020-06-01,US,South Dakota,Lyman,14,0,0,43.89522709,-99.85201878,46085.0,370.2724147051045,0.0,14,14,0,0,14,14,3821,0,0,0,0,0
2020-06-01,US,South Dakota,Marshall,4,0,0,45.75870838,-97.59855639,46091.0,81.05369807497469,0.0,4,4,0,0,4,4,5112,0,0,0,0,0
2020-06-01,US,South Dakota,McCook,6,1,0,43.6742571,-97.36863144,46087.0,107.41138560687432,16.666666666666668,5,6,1,0,5,6,5546,0,0,0,0,0
2020-06-01,US,South Dakota,McPherson,1,0,0,45.76626028,-99.22118798,46089.0,42.03446826397647,0.0,1,1,0,0,1,1,2407,0,0,0,0,0
2020-06-01,US,South Dakota,Meade,21,0,0,44.56676791,-102.71627409999999,46093.0,74.12113511224058,0.0,21,19,0,0,19,18,28294,2,0,0,2,1
2020-06-01,US,South Dakota,Miner,2,0,0,44.02197882,-97.60992207,46097.0,90.25270758122744,0.0,2,1,0,0,1,1,2213,1,0,0,1,0
2020-06-01,US,South Dakota,Minnehaha,3355,49,0,43.67441641,-96.7910885,46099.0,1737.13587457413,1.4605067064083457,3306,3349,49,0,3300,3345,192876,6,0,0,6,4
2020-06-01,US,South Dakota,Moody,19,0,0,44.02266214,-96.67081159,46101.0,288.92944038929437,0.0,19,19,0,0,19,19,6579,0,0,0,0,0
2020-06-01,US,South Dakota,Oglala Lakota,31,0,0,43.33749164,-102.55554980000001,46102.0,218.66403329336248,0.0,31,26,0,0,26,25,14309,5,0,0,5,1
2020-06-01,US,South Dakota,Pennington,235,4,0,44.0025835,-102.8240777,46103.0,206.54801142606019,1.702127659574468,231,227,4,0,223,218,111729,8,0,0,8,9
2020-06-01,US,South Dakota,Roberts,36,0,0,45.62975048,-96.94672673,46109.0,346.353665576294,0.0,36,36,0,0,36,36,10447,0,0,0,0,0
2020-06-01,US,South Dakota,Sanborn,13,0,0,44.02351092,-98.09098159999999,46111.0,554.6075085324234,0.0,13,13,0,0,13,13,2429,0,0,0,0,0
2020-06-01,US,South Dakota,Spink,5,0,0,44.93837606,-98.34626602,46115.0,78.41907151819322,0.0,5,5,0,0,5,5,6495,0,0,0,0,0
2020-06-01,US,South Dakota,Stanley,10,0,0,44.41381872,-100.7349153,46117.0,322.7888960619755,0.0,10,10,0,0,10,10,3022,0,0,0,0,0
2020-06-01,US,South Dakota,Sully,1,0,0,44.71571812,-100.1278092,46119.0,71.89072609633357,0.0,1,1,0,0,1,1,1392,0,0,0,0,0
2020-06-01,US,South Dakota,Todd,27,1,0,43.19338568,-100.71955030000001,46121.0,265.3041171268547,3.703703703703704,26,27,1,0,26,26,10283,0,0,0,0,1
2020-06-01,US,South Dakota,Tripp,6,0,0,43.34459388,-99.8854891,46123.0,110.27384671935306,0.0,6,6,0,0,6,6,5478,0,0,0,0,0
2020-06-01,US,South Dakota,Turner,24,0,0,43.3109081,-97.14865776,46125.0,286.25954198473283,0.0,24,24,0,0,24,24,8424,0,0,0,0,0
2020-06-01,US,South Dakota,Union,91,0,0,42.83112163,-96.6557828,46127.0,571.1775043936731,0.0,91,89,0,0,89,89,15619,2,0,0,2,0
2020-06-01,US,South Dakota,Walworth,5,0,0,45.43019636,-100.03075140000001,46129.0,91.99632014719411,0.0,5,5,0,0,5,5,5587,0,0,0,0,0
2020-06-01,US,South Dakota,Yankton,51,0,0,43.00924485,-97.39467635,46135.0,223.54694485842026,0.0,51,51,0,0,51,51,22869,0,0,0,0,0
2020-06-01,US,South Dakota,Ziebach,1,0,0,44.97881876,-101.6654622,46137.0,36.2844702467344,0.0,1,1,0,0,1,1,2742,0,0,0,0,0
2020-06-01,US,Tennessee,Anderson,40,1,0,36.12684348,-84.19965764,47001.0,51.9628984904778,2.5,39,40,1,0,39,40,76482,0,0,0,0,0
2020-06-01,US,Tennessee,Bedford,283,4,0,35.51123746,-86.45549096,47003.0,569.2675960010462,1.413427561837456,279,283,4,0,279,283,49038,0,0,0,0,0
2020-06-01,US,Tennessee,Benton,7,1,0,36.07110411,-88.06849355,47005.0,43.31683168316832,14.285714285714285,6,7,1,0,6,7,16184,0,0,0,0,0
2020-06-01,US,Tennessee,Bledsoe,607,1,0,35.59942968,-85.20611967,47007.0,4029.47424322889,0.16474464579901152,606,607,1,0,606,607,14755,0,0,0,0,0
2020-06-01,US,Tennessee,Blount,91,3,0,35.68938198,-83.92847788,47009.0,68.3758114931474,3.2967032967032965,88,91,3,0,88,91,131349,0,0,0,0,0
2020-06-01,US,Tennessee,Bradley,122,1,0,35.15739424,-84.857186,47011.0,112.84802515955973,0.819672131147541,121,122,1,0,121,122,106727,0,0,0,0,0
2020-06-01,US,Tennessee,Campbell,18,1,0,36.40355516,-84.15108559999999,47013.0,45.178454896842524,5.5555555555555545,17,18,1,0,17,18,39583,0,0,0,0,0
2020-06-01,US,Tennessee,Cannon,21,0,0,35.80990797,-86.05738983,47015.0,143.07126311486581,0.0,21,21,0,0,21,21,14462,0,0,0,0,0
2020-06-01,US,Tennessee,Carroll,27,1,0,35.97366108,-88.45189331,47017.0,97.23772823855656,3.703703703703704,26,27,1,0,26,27,28020,0,0,0,0,0
2020-06-01,US,Tennessee,Carter,19,1,0,36.28969086,-82.12588974,47019.0,33.693319856005395,5.2631578947368425,18,19,1,0,18,19,56351,0,0,0,0,0
2020-06-01,US,Tennessee,Cheatham,123,0,0,36.26136216,-87.08903581,47021.0,302.4565372414981,0.0,123,123,0,0,123,123,40439,0,0,0,0,0
2020-06-01,US,Tennessee,Chester,12,0,0,35.42527478,-88.6095842,47023.0,69.37619240330693,0.0,12,12,0,0,12,12,17276,0,0,0,0,0
2020-06-01,US,Tennessee,Claiborne,9,0,0,36.48319149,-83.65947309,47025.0,28.161081385525204,0.0,9,9,0,0,9,9,31756,0,0,0,0,0
2020-06-01,US,Tennessee,Clay,7,0,0,36.55151008,-85.53930419,47027.0,91.92383453709783,0.0,7,7,0,0,7,7,7717,0,0,0,0,0
2020-06-01,US,Tennessee,Cocke,20,0,0,35.9278914,-83.11828725,47029.0,55.549383401844246,0.0,20,20,0,0,20,20,35774,0,0,0,0,0
2020-06-01,US,Tennessee,Coffee,73,0,0,35.49090731,-86.07311784,47031.0,129.15782024062278,0.0,73,73,0,0,73,73,55700,0,0,0,0,0
2020-06-01,US,Tennessee,Crockett,16,2,0,35.81830662,-89.14916269,47033.0,112.43851018974001,12.5,14,16,2,0,14,16,14328,0,0,0,0,0
2020-06-01,US,Tennessee,Cumberland,112,1,0,35.95271721,-84.99840585,47035.0,185.0627891606081,0.8928571428571429,111,112,1,0,111,112,59673,0,0,0,0,0
2020-06-01,US,Tennessee,Davidson,5040,62,0,36.17007426,-86.78646056,47037.0,726.0741287110455,1.2301587301587302,4978,5040,62,0,4978,5040,692587,0,0,0,0,0
2020-06-01,US,Tennessee,DeKalb,37,0,0,35.97616272,-85.83689361,47041.0,180.57589067837966,0.0,37,37,0,0,37,37,20138,0,0,0,0,0
2020-06-01,US,Tennessee,Decatur,5,0,0,35.60048904,-88.11043779,47039.0,42.87061647946497,0.0,5,5,0,0,5,5,11706,0,0,0,0,0
2020-06-01,US,Tennessee,Dickson,109,0,0,36.14669837,-87.35891709,47043.0,202.04641506636017,0.0,109,109,0,0,109,109,53446,0,0,0,0,0
2020-06-01,US,Tennessee,Dyer,50,0,0,36.05931946,-89.41542855,47045.0,134.55690411475013,0.0,50,50,0,0,50,50,37320,0,0,0,0,0
2020-06-01,US,Tennessee,Fayette,115,2,0,35.19615831,-89.41399032,47047.0,279.58087180609243,1.7391304347826086,113,115,2,0,113,115,40507,0,0,0,0,0
2020-06-01,US,Tennessee,Fentress,12,0,0,36.38128818,-84.92870012,47049.0,64.78432219402903,0.0,12,12,0,0,12,12,18217,0,0,0,0,0
2020-06-01,US,Tennessee,Franklin,53,1,0,35.15634626,-86.09201039,47051.0,125.56861258529189,1.8867924528301887,52,53,1,0,52,53,41890,0,0,0,0,0
2020-06-01,US,Tennessee,Gibson,63,1,0,35.99438059,-88.93358327,47053.0,128.2233936458185,1.5873015873015872,62,63,1,0,62,63,49045,0,0,0,0,0
2020-06-01,US,Tennessee,Giles,12,0,0,35.20222469,-87.03992678,47055.0,40.727667662231866,0.0,12,12,0,0,12,12,29503,0,0,0,0,0
2020-06-01,US,Tennessee,Grainger,8,0,0,36.27469206,-83.51254721,47057.0,34.30531732418525,0.0,8,8,0,0,8,8,23145,0,0,0,0,0
2020-06-01,US,Tennessee,Greene,50,2,0,36.17470125,-82.84691273,47059.0,72.39137673920283,4.0,48,50,2,0,48,50,69087,0,0,0,0,0
2020-06-01,US,Tennessee,Grundy,31,1,0,35.38433717,-85.72142731,47061.0,230.8780814776197,3.2258064516129035,30,31,1,0,30,31,13346,0,0,0,0,0
2020-06-01,US,Tennessee,Hamblen,36,2,0,36.21990035,-83.26586179,47063.0,55.44090923091139,5.5555555555555545,34,36,2,0,34,36,64569,0,0,0,0,0
2020-06-01,US,Tennessee,Hamilton,794,15,0,35.17670231,-85.16652245,47065.0,215.87584691846746,1.889168765743073,779,794,15,0,779,794,364286,0,0,0,0,0
2020-06-01,US,Tennessee,Hancock,1,0,0,36.52692871,-83.22375847,47067.0,15.105740181268883,0.0,1,1,0,0,1,1,6549,0,0,0,0,0
2020-06-01,US,Tennessee,Hardeman,196,0,0,35.20772017,-88.99161161,47069.0,782.435129740519,0.0,196,196,0,0,196,196,25220,0,0,0,0,0
2020-06-01,US,Tennessee,Hardin,15,2,0,35.19732531,-88.18593755,47071.0,58.4749727116794,13.333333333333336,13,15,2,0,13,15,25776,0,0,0,0,0
2020-06-01,US,Tennessee,Hawkins,33,2,0,36.44355426,-82.94885298,47073.0,58.112915155143874,6.0606060606060606,31,33,2,0,31,33,56530,0,0,0,0,0
2020-06-01,US,Tennessee,Haywood,31,2,0,35.58332824,-89.28536625,47075.0,179.14932963476653,6.451612903225807,29,31,2,0,29,31,17335,0,0,0,0,0
2020-06-01,US,Tennessee,Henderson,15,0,0,35.65581134,-88.38600175,47077.0,53.34850802005904,0.0,15,15,0,0,15,15,27847,0,0,0,0,0
2020-06-01,US,Tennessee,Henry,30,0,0,36.33160906,-88.30121797,47079.0,92.75003864584944,0.0,30,30,0,0,30,30,32358,0,0,0,0,0
2020-06-01,US,Tennessee,Hickman,58,0,0,35.80609681,-87.47643507,47081.0,230.3598379537692,0.0,58,58,0,0,58,58,25063,0,0,0,0,0
2020-06-01,US,Tennessee,Houston,8,0,0,36.28872054,-87.71878828,47083.0,97.54907938056334,0.0,8,8,0,0,8,8,8263,0,0,0,0,0
2020-06-01,US,Tennessee,Humphreys,13,1,0,36.03958805,-87.77992872,47085.0,69.9601765149069,7.6923076923076925,12,13,1,0,12,13,18486,0,0,0,0,0
2020-06-01,US,Tennessee,Jackson,17,0,0,36.36380466,-85.67239905,47087.0,144.23892754115053,0.0,17,17,0,0,17,17,11758,0,0,0,0,0
2020-06-01,US,Tennessee,Jefferson,28,0,0,36.04818632,-83.45148924,47089.0,51.380860629415544,0.0,28,28,0,0,28,28,54012,0,0,0,0,0
2020-06-01,US,Tennessee,Johnson,16,0,0,36.45523950000001,-81.84886538,47091.0,89.94827973915001,0.0,16,16,0,0,16,16,17778,0,0,0,0,0
2020-06-01,US,Tennessee,Knox,375,5,0,35.99508821,-83.94635435,47093.0,79.73413450191681,1.3333333333333333,370,375,5,0,370,375,465289,0,0,0,0,0
2020-06-01,US,Tennessee,Lake,414,0,0,36.34180170000001,-89.48921915,47095.0,5900.798175598632,0.0,414,414,0,0,414,414,7411,0,0,0,0,0
2020-06-01,US,Tennessee,Lauderdale,56,1,0,35.75893438,-89.63015909999999,47097.0,218.46838060312882,1.7857142857142858,55,56,1,0,55,56,25825,0,0,0,0,0
2020-06-01,US,Tennessee,Lawrence,31,0,0,35.21675201,-87.39787695,47099.0,70.22790086538896,0.0,31,31,0,0,31,31,43734,0,0,0,0,0
2020-06-01,US,Tennessee,Lewis,3,0,0,35.52853208,-87.49022694,47101.0,24.45386371046625,0.0,3,3,0,0,3,3,12086,0,0,0,0,0
2020-06-01,US,Tennessee,Lincoln,25,0,0,35.13738622,-86.58910106,47103.0,72.74631903625676,0.0,25,25,0,0,25,25,34117,0,0,0,0,0
2020-06-01,US,Tennessee,Loudon,143,0,0,35.73939663,-84.31145275,47105.0,264.4817637049641,0.0,143,143,0,0,143,143,53054,0,0,0,0,0
2020-06-01,US,Tennessee,Macon,136,3,0,36.53157855,-86.00778595,47111.0,552.8005853182668,2.2058823529411766,133,136,3,0,133,136,24265,0,0,0,0,0
2020-06-01,US,Tennessee,Madison,175,2,0,35.61181957,-88.84076036,47113.0,178.60058785107773,1.1428571428571428,173,175,2,0,173,175,97605,0,0,0,0,0
2020-06-01,US,Tennessee,Marion,40,1,0,35.12997174,-85.62265895,47115.0,138.37478811360572,2.5,39,40,1,0,39,40,28575,0,0,0,0,0
2020-06-01,US,Tennessee,Marshall,31,1,0,35.45798777,-86.76420988,47117.0,90.1818181818182,3.2258064516129035,30,31,1,0,30,31,33683,0,0,0,0,0
2020-06-01,US,Tennessee,Maury,89,0,0,35.618741299999996,-87.07462444,47119.0,92.33610341643585,0.0,89,89,0,0,89,89,94340,0,0,0,0,0
2020-06-01,US,Tennessee,McMinn,141,14,0,35.42812616,-84.61520715,47107.0,262.11101609844957,9.929078014184396,127,141,14,0,127,141,53285,0,0,0,0,0
2020-06-01,US,Tennessee,McNairy,12,0,0,35.17468549,-88.5647812,47109.0,46.703510547209476,0.0,12,12,0,0,12,12,25832,0,0,0,0,0
2020-06-01,US,Tennessee,Meigs,26,0,0,35.51558739,-84.81482914,47121.0,209.3060698760264,0.0,26,26,0,0,26,26,12306,0,0,0,0,0
2020-06-01,US,Tennessee,Monroe,62,2,0,35.44550387,-84.24902965,47123.0,133.20442582447095,3.2258064516129035,60,62,2,0,60,62,46357,0,0,0,0,0
2020-06-01,US,Tennessee,Montgomery,269,3,0,36.49609412,-87.38550661,47125.0,128.71244491442295,1.1152416356877324,266,269,3,0,266,269,205950,0,0,0,0,0
2020-06-01,US,Tennessee,Moore,3,0,0,35.27724699,-86.36230578,47127.0,46.23921085080148,0.0,3,3,0,0,3,3,6411,0,0,0,0,0
2020-06-01,US,Tennessee,Morgan,17,0,0,36.13248031,-84.64880098,47129.0,79.42811755361397,0.0,17,17,0,0,17,17,21579,0,0,0,0,0
2020-06-01,US,Tennessee,Obion,30,1,0,36.35732446,-89.14921589,47131.0,99.77052778609199,3.333333333333333,29,30,1,0,29,30,30267,0,0,0,0,0
2020-06-01,US,Tennessee,Out of TN,418,4,0,0.0,0.0,80047.0,0.0,0.9569377990430622,414,418,4,0,414,418,,0,0,0,0,0
2020-06-01,US,Tennessee,Overton,26,0,0,36.34117832,-85.28989535,47133.0,116.90121847039251,0.0,26,26,0,0,26,26,22068,0,0,0,0,0
2020-06-01,US,Tennessee,Perry,21,0,0,35.63708728,-87.86139634,47135.0,260.0297176820208,0.0,21,21,0,0,21,21,8064,0,0,0,0,0
2020-06-01,US,Tennessee,Pickett,3,0,0,36.55606529,-85.07763299999998,47137.0,59.429477020602214,0.0,3,3,0,0,3,3,5082,0,0,0,0,0
2020-06-01,US,Tennessee,Polk,16,0,0,35.12245443,-84.52075859,47139.0,95.05703422053232,0.0,16,16,0,0,16,16,16898,0,0,0,0,0
2020-06-01,US,Tennessee,Putnam,479,5,0,36.14005459,-85.50646123,47141.0,596.9219265997881,1.0438413361169103,474,479,5,0,474,479,78843,0,0,0,0,0
2020-06-01,US,Tennessee,Rhea,210,0,0,35.60536161,-84.93076643,47143.0,633.1594657340128,0.0,210,210,0,0,210,210,33044,0,0,0,0,0
2020-06-01,US,Tennessee,Roane,16,0,0,35.84923189,-84.52458689,47145.0,29.97264995691432,0.0,16,16,0,0,16,16,53140,0,0,0,0,0
2020-06-01,US,Tennessee,Robertson,465,3,0,36.52454807,-86.87346725,47147.0,647.5150738724186,0.6451612903225806,462,465,3,0,462,465,71012,0,0,0,0,0
2020-06-01,US,Tennessee,Rutherford,1196,23,0,35.84591405,-86.4107263,47149.0,359.9319860962728,1.9230769230769231,1173,1196,23,0,1173,1196,324890,0,0,0,0,0
2020-06-01,US,Tennessee,Scott,12,0,0,36.42325673,-84.50360494,47151.0,54.37737901033171,0.0,12,12,0,0,12,12,22039,0,0,0,0,0
2020-06-01,US,Tennessee,Sequatchie,15,0,0,35.36979721,-85.41022136,47153.0,99.82696659124184,0.0,15,15,0,0,15,15,14876,0,0,0,0,0
2020-06-01,US,Tennessee,Sevier,81,2,0,35.78077323,-83.52244332,47155.0,82.44274809160305,2.469135802469136,79,81,2,0,79,81,97892,0,0,0,0,0
2020-06-01,US,Tennessee,Shelby,4943,111,0,35.1864775,-89.89692423,47157.0,527.4412430668633,2.2455998381549667,4832,4943,111,0,4832,4943,935764,0,0,0,0,0
2020-06-01,US,Tennessee,Smith,34,1,0,36.25359775,-85.95411046,47159.0,168.67589423029222,2.9411764705882355,33,34,1,0,33,34,19942,0,0,0,0,0
2020-06-01,US,Tennessee,Stewart,11,0,0,36.50235092,-87.83920548,47161.0,80.20415603353993,0.0,11,11,0,0,11,11,13561,0,0,0,0,0
2020-06-01,US,Tennessee,Sullivan,60,2,0,36.51240691,-82.30412917,47163.0,37.891226917927604,3.333333333333333,58,60,2,0,58,60,157668,0,0,0,0,0
2020-06-01,US,Tennessee,Sumner,881,45,0,36.46824103,-86.45917204,47165.0,460.57412315783415,5.107832009080591,836,881,45,0,836,881,187149,0,0,0,0,0
2020-06-01,US,Tennessee,Tipton,442,3,0,35.501942,-89.73694895,47167.0,717.5441159759088,0.6787330316742082,439,442,3,0,439,442,61581,0,0,0,0,0
2020-06-01,US,Tennessee,Trousdale,1392,4,0,36.39026213,-86.16087954,47169.0,12336.051045728464,0.28735632183908044,1388,1392,4,0,1388,1392,11012,0,0,0,0,0
2020-06-01,US,Tennessee,Unassigned,92,0,0,0.0,0.0,90047.0,0.0,0.0,92,92,0,0,92,92,,0,0,0,0,0
2020-06-01,US,Tennessee,Unicoi,4,0,0,36.10890856,-82.43709629,47171.0,22.367611698260923,0.0,4,4,0,0,4,4,17761,0,0,0,0,0
2020-06-01,US,Tennessee,Union,4,0,0,36.28590426,-83.83651902,47173.0,20.02803925495694,0.0,4,4,0,0,4,4,19688,0,0,0,0,0
2020-06-01,US,Tennessee,Van Buren,4,0,0,35.69864497,-85.45221699,47175.0,68.11989100817439,0.0,4,4,0,0,4,4,5765,0,0,0,0,0
2020-06-01,US,Tennessee,Warren,23,0,0,35.672829899999996,-85.77969117,47177.0,55.72110376238582,0.0,23,23,0,0,23,23,40878,0,0,0,0,0
2020-06-01,US,Tennessee,Washington,75,0,0,36.29472368,-82.49454720000001,47179.0,57.97101449275362,0.0,75,75,0,0,75,75,128607,0,0,0,0,0
2020-06-01,US,Tennessee,Wayne,64,0,0,35.23868267,-87.78644456,47181.0,383.85413542853723,0.0,64,64,0,0,64,64,16558,0,0,0,0,0
2020-06-01,US,Tennessee,Weakley,26,0,0,36.29896232,-88.71990865,47183.0,78.01248199711955,0.0,26,26,0,0,26,26,33415,0,0,0,0,0
2020-06-01,US,Tennessee,White,33,0,0,35.92929884,-85.45591799,47185.0,120.6801974766868,0.0,33,33,0,0,33,33,27107,0,0,0,0,0
2020-06-01,US,Tennessee,Williamson,552,10,0,35.89099229,-86.89281867,47187.0,231.53196986728852,1.8115942028985508,542,552,10,0,542,552,231729,0,0,0,0,0
2020-06-01,US,Tennessee,Wilson,407,8,0,36.15496772,-86.29775884,47189.0,281.35520576259705,1.9656019656019657,399,407,8,0,399,407,140625,0,0,0,0,0
2020-06-01,US,Texas,Anderson,72,0,0,31.81534745,-95.65354823,48001.0,124.70771628994542,0.0,72,72,0,0,72,72,58057,0,0,0,0,0
2020-06-01,US,Texas,Andrews,27,0,0,32.30468633,-102.63765479999999,48003.0,144.34643143544506,0.0,27,27,0,0,27,27,18128,0,0,0,0,0
2020-06-01,US,Texas,Angelina,205,4,0,31.25457347,-94.60901487,48005.0,236.40661938534282,1.951219512195122,201,205,4,0,201,205,87092,0,0,0,0,0
2020-06-01,US,Texas,Aransas,5,0,0,28.10556197,-96.9995047,48007.0,21.267545725223307,0.0,5,5,0,0,5,5,23792,0,0,0,0,0
2020-06-01,US,Texas,Archer,1,0,0,33.61569967,-98.68754589,48009.0,11.691804045364199,0.0,1,1,0,0,1,1,8786,0,0,0,0,0
2020-06-01,US,Texas,Armstrong,3,0,0,34.96507426,-101.35748740000001,48011.0,158.9825119236884,0.0,3,3,0,0,3,3,1892,0,0,0,0,0
2020-06-01,US,Texas,Atascosa,37,2,0,28.89333001,-98.52730485,48013.0,72.33202353723145,5.405405405405406,35,37,2,0,35,35,50310,0,0,0,0,2
2020-06-01,US,Texas,Austin,27,0,0,29.88548725,-96.27736949,48015.0,89.90410229088972,0.0,27,26,0,0,26,25,29989,1,0,0,1,1
2020-06-01,US,Texas,Bailey,17,0,0,34.06854817,-102.8299707,48017.0,242.85714285714286,0.0,17,17,0,0,17,17,7027,0,0,0,0,0
2020-06-01,US,Texas,Bandera,6,0,0,29.74619598,-99.24598147,48019.0,25.960539979231573,0.0,6,6,0,0,6,6,22824,0,0,0,0,0
2020-06-01,US,Texas,Bastrop,212,3,0,30.10370699,-97.31206354,48021.0,238.945932847176,1.4150943396226414,209,211,3,0,208,204,86976,1,0,0,1,7
2020-06-01,US,Texas,Bee,9,0,0,28.41761668,-97.74215593,48025.0,27.637033625057573,0.0,9,9,0,0,9,9,32587,0,0,0,0,0
2020-06-01,US,Texas,Bell,378,4,0,31.03736027,-97.4785025,48027.0,104.15403775997179,1.058201058201058,374,362,4,0,358,356,355642,16,0,0,16,6
2020-06-01,US,Texas,Bexar,2830,74,0,29.44928723,-98.52019748,48029.0,141.24900052606515,2.614840989399293,2756,2825,73,0,2752,2636,1986049,5,1,0,4,189
2020-06-01,US,Texas,Blanco,11,1,0,30.26640707,-98.3999852,48031.0,92.19679825664237,9.090909090909092,10,11,1,0,10,10,11702,0,0,0,0,1
2020-06-01,US,Texas,Bosque,7,0,0,31.89978581,-97.63613524,48035.0,37.46320578003746,0.0,7,7,0,0,7,7,18691,0,0,0,0,0
2020-06-01,US,Texas,Bowie,267,6,0,33.44626922,-94.41834132,48037.0,286.3424312295565,2.247191011235955,261,265,6,0,259,197,94324,2,0,0,2,68
2020-06-01,US,Texas,Brazoria,917,12,0,29.18757369,-95.44563172,48039.0,245.01421456511983,1.3086150490730644,905,907,12,0,895,894,370200,10,0,0,10,13
2020-06-01,US,Texas,Brazos,483,19,0,30.663644800000004,-96.30205577,48041.0,210.72287106639732,3.9337474120082816,464,477,19,0,458,470,226758,6,0,0,6,7
2020-06-01,US,Texas,Brewster,1,0,0,29.81008251,-103.25203259999999,48043.0,10.866021949364338,0.0,1,1,0,0,1,1,9267,0,0,0,0,0
2020-06-01,US,Texas,Briscoe,1,0,0,34.53026962,-101.2084947,48045.0,64.68305304010349,0.0,1,1,0,0,1,1,1516,0,0,0,0,0
2020-06-01,US,Texas,Brooks,1,0,0,27.03103197,-98.21808402,48047.0,14.098406880022555,0.0,1,1,0,0,1,1,7114,0,0,0,0,0
2020-06-01,US,Texas,Brown,58,9,0,31.77430356,-98.99907113,48049.0,153.1798013944644,15.517241379310345,49,58,9,0,49,58,37924,0,0,0,0,0
2020-06-01,US,Texas,Burleson,25,0,0,30.49273808,-96.62158484,48051.0,135.5527842541886,0.0,25,24,0,0,24,24,18389,1,0,0,1,0
2020-06-01,US,Texas,Burnet,38,0,0,30.78801353,-98.181887,48053.0,78.9118471602118,0.0,38,37,0,0,37,36,47542,1,0,0,1,1
2020-06-01,US,Texas,Caldwell,66,0,0,29.83668859,-97.61814775,48055.0,151.1542689629901,0.0,66,65,0,0,65,64,43247,1,0,0,1,1
2020-06-01,US,Texas,Calhoun,37,3,0,28.47048236,-96.61633945,48057.0,173.79051197745417,8.108108108108109,34,37,3,0,34,37,21561,0,0,0,0,0
2020-06-01,US,Texas,Callahan,9,1,0,32.29760619,-99.37326312,48059.0,64.54851897009253,11.111111111111109,8,9,1,0,8,9,13994,0,0,0,0,0
2020-06-01,US,Texas,Cameron,764,36,0,26.14524221,-97.48140372,48061.0,180.5450854635212,4.712041884816754,728,764,36,0,728,754,423908,0,0,0,0,10
2020-06-01,US,Texas,Camp,84,0,0,32.97195142,-94.97790104,48063.0,641.5151978005192,0.0,84,83,0,0,83,82,13033,1,0,0,1,1
2020-06-01,US,Texas,Carson,6,0,0,35.40365929,-101.35426690000001,48065.0,101.24873439082012,0.0,6,6,0,0,6,6,6005,0,0,0,0,0
2020-06-01,US,Texas,Cass,29,0,0,33.07499881,-94.34646905,48067.0,96.58296143342436,0.0,29,29,0,0,29,29,30119,0,0,0,0,0
2020-06-01,US,Texas,Castro,33,1,0,34.53016752,-102.2617243,48069.0,438.24701195219126,3.0303030303030303,32,33,1,0,32,33,7665,0,0,0,0,0
2020-06-01,US,Texas,Chambers,68,0,0,29.70972016,-94.67154501,48071.0,155.12010402171686,0.0,68,68,0,0,68,67,42454,0,0,0,0,1
2020-06-01,US,Texas,Cherokee,44,2,0,31.837258000000002,-95.16559897,48073.0,83.57709987463436,4.545454545454546,42,44,2,0,42,44,52592,0,0,0,0,0
2020-06-01,US,Texas,Childress,2,0,0,34.529304100000004,-100.2077916,48075.0,27.37476047084588,0.0,2,2,0,0,2,2,7291,0,0,0,0,0
2020-06-01,US,Texas,Clay,3,0,0,33.78686685,-98.20771198,48077.0,28.65055868589437,0.0,3,3,0,0,3,3,10456,0,0,0,0,0
2020-06-01,US,Texas,Cochran,1,0,0,33.60425307,-102.82844990000001,48079.0,35.05082369435681,0.0,1,1,0,0,1,1,2836,0,0,0,0,0
2020-06-01,US,Texas,Coke,1,0,0,31.88911733,-100.5297533,48081.0,29.524653085326253,0.0,1,1,0,0,1,1,3370,0,0,0,0,0
2020-06-01,US,Texas,Coleman,3,0,0,31.76736834,-99.45240766,48083.0,36.697247706422026,0.0,3,3,0,0,3,3,8397,0,0,0,0,0
2020-06-01,US,Texas,Collin,1312,34,0,33.18820114,-96.57264368,48085.0,126.79636233606834,2.591463414634146,1278,1297,34,0,1263,1278,1005146,15,0,0,15,19
2020-06-01,US,Texas,Collingsworth,5,0,0,34.96489496,-100.27001109999999,48087.0,171.23287671232876,0.0,5,5,0,0,5,5,2962,0,0,0,0,0
2020-06-01,US,Texas,Colorado,22,0,0,29.622097999999998,-96.5273805,48089.0,102.35890755129576,0.0,22,22,0,0,22,22,21217,0,0,0,0,0
2020-06-01,US,Texas,Comal,99,7,0,29.80811278,-98.27647225,48091.0,63.376630027719266,7.070707070707071,92,94,7,0,87,94,148373,5,0,0,5,0
2020-06-01,US,Texas,Comanche,12,1,0,31.94854689,-98.55876441,48093.0,88.008800880088,8.333333333333334,11,12,1,0,11,12,13534,0,0,0,0,0
2020-06-01,US,Texas,Concho,1,0,0,31.32635934,-99.86473038,48095.0,36.683785766691116,0.0,1,1,0,0,1,1,4276,0,0,0,0,0
2020-06-01,US,Texas,Cooke,14,0,0,33.63979567,-97.21240912,48097.0,33.933635504278065,0.0,14,14,0,0,14,14,40574,0,0,0,0,0
2020-06-01,US,Texas,Coryell,282,2,0,31.39078397,-97.79936155,48099.0,371.2920172216297,0.7092198581560284,280,281,2,0,279,231,74808,1,0,0,1,50
2020-06-01,US,Texas,Cottle,4,1,0,34.07783319,-100.27850620000001,48101.0,286.12303290414883,25.0,3,4,1,0,3,4,1389,0,0,0,0,0
2020-06-01,US,Texas,Crane,23,2,0,31.43052248,-102.5143314,48103.0,479.46633312486966,8.695652173913043,21,23,2,0,21,23,4794,0,0,0,0,0
2020-06-01,US,Texas,Crosby,4,1,0,33.61431553,-101.30003640000001,48107.0,69.72285166463307,25.0,3,4,1,0,3,4,5779,0,0,0,0,0
2020-06-01,US,Texas,Dallam,25,1,0,36.27787176,-102.60207249999999,48111.0,343.0767119527926,4.0,24,25,1,0,24,25,7200,0,0,0,0,0
2020-06-01,US,Texas,Dallas,10462,229,0,32.76670599,-96.77796049999999,48113.0,396.96211292209955,2.188874020263812,10233,10234,229,0,10005,9787,2637772,228,0,0,228,447
2020-06-01,US,Texas,Dawson,42,1,0,32.74255572,-101.94772420000001,48115.0,329.9811439346323,2.380952380952381,41,42,1,0,41,42,12619,0,0,0,0,0
2020-06-01,US,Texas,DeWitt,17,1,0,29.08101855,-97.35681170000001,48123.0,84.32539682539681,5.882352941176472,16,17,1,0,16,17,20187,0,0,0,0,0
2020-06-01,US,Texas,Deaf Smith,164,13,0,34.96522957,-102.6054267,48117.0,884.2877170279304,7.926829268292682,151,164,13,0,151,164,18760,0,0,0,0,0
2020-06-01,US,Texas,Delta,1,0,0,33.38570922,-95.66921122,48119.0,18.758206715438003,0.0,1,1,0,0,1,1,5349,0,0,0,0,0
2020-06-01,US,Texas,Denton,1373,31,0,33.20521901,-97.11691153,48121.0,154.75531640304908,2.2578295702840494,1342,1357,31,0,1326,1329,859064,16,0,0,16,28
2020-06-01,US,Texas,Dickens,1,0,0,33.61616822,-100.7788855,48125.0,45.22840343735866,0.0,1,1,0,0,1,1,2249,0,0,0,0,0
2020-06-01,US,Texas,Dimmit,1,0,0,28.42270064,-99.75645095,48127.0,9.877518767285656,0.0,1,1,0,0,1,1,10308,0,0,0,0,0
2020-06-01,US,Texas,Donley,26,0,0,34.96517499,-100.8140093,48129.0,793.1665649786455,0.0,26,26,0,0,26,26,3319,0,0,0,0,0
2020-06-01,US,Texas,Duval,5,0,0,27.68184592,-98.50864568,48131.0,44.81491440351349,0.0,5,5,0,0,5,5,11212,0,0,0,0,0
2020-06-01,US,Texas,Eastland,6,0,0,32.32743996,-98.83243566,48133.0,32.6797385620915,0.0,6,6,0,0,6,6,18322,0,0,0,0,0
2020-06-01,US,Texas,Ector,154,5,0,31.86898877,-102.54294279999999,48135.0,92.64662531659279,3.2467532467532467,149,154,5,0,149,154,162124,0,0,0,0,0
2020-06-01,US,Texas,El Paso,2794,80,0,31.76980765,-106.23632749999999,48141.0,332.92105457569835,2.863278453829635,2714,2764,78,0,2686,2704,840758,30,2,0,28,60
2020-06-01,US,Texas,Ellis,335,14,0,32.34894117,-96.79371841,48139.0,181.25155551708093,4.17910447761194,321,335,14,0,321,317,179436,0,0,0,0,18
2020-06-01,US,Texas,Erath,17,1,0,32.23602653,-98.21773417,48143.0,39.81451121832404,5.882352941176472,16,17,1,0,16,17,42446,0,0,0,0,0
2020-06-01,US,Texas,Falls,7,0,0,31.25350609,-96.93630086,48145.0,40.46944556859571,0.0,7,7,0,0,7,7,17335,0,0,0,0,0
2020-06-01,US,Texas,Fannin,41,2,0,33.59564294,-96.10751083,48147.0,115.44742918285746,4.878048780487805,39,41,2,0,39,41,35286,0,0,0,0,0
2020-06-01,US,Texas,Fayette,34,2,0,29.87788372,-96.92076062,48149.0,134.14345458849522,5.882352941176472,32,34,2,0,32,34,25349,0,0,0,0,0
2020-06-01,US,Texas,Fisher,2,1,0,32.74281316,-100.40193020000001,48151.0,52.219321148825074,50.0,1,2,1,0,1,2,3839,0,0,0,0,0
2020-06-01,US,Texas,Floyd,11,0,0,34.07227468,-101.3031546,48153.0,192.57703081232486,0.0,11,11,0,0,11,11,5837,0,0,0,0,0
2020-06-01,US,Texas,Fort Bend,1881,44,0,29.52704478,-95.77219463,48157.0,231.73928898788697,2.3391812865497075,1837,1861,44,0,1817,1832,787858,20,0,0,20,29
2020-06-01,US,Texas,Franklin,16,0,0,33.17653242,-95.21917243,48159.0,149.1841491841492,0.0,16,15,0,0,15,15,10766,1,0,0,1,0
2020-06-01,US,Texas,Freestone,10,0,0,31.70422788,-96.15072516,48161.0,50.717654815641325,0.0,10,10,0,0,10,10,19808,0,0,0,0,0
2020-06-01,US,Texas,Frio,37,0,0,28.86751206,-99.10804207,48163.0,182.21215404313995,0.0,37,37,0,0,37,37,19816,0,0,0,0,0
2020-06-01,US,Texas,Gaines,7,0,0,32.74055318,-102.6353295,48165.0,32.570258700911964,0.0,7,7,0,0,7,7,20901,0,0,0,0,0
2020-06-01,US,Texas,Galveston,817,37,0,29.40167322,-94.90469073,48167.0,238.79183606662792,4.528763769889841,780,807,37,0,770,795,337890,10,0,0,10,12
2020-06-01,US,Texas,Garza,5,0,0,33.17969345,-101.2984114,48169.0,80.26970621287526,0.0,5,5,0,0,5,5,6578,0,0,0,0,0
2020-06-01,US,Texas,Gillespie,5,0,0,30.31824095,-98.94676915,48171.0,18.526752630798875,0.0,5,5,0,0,5,5,26804,0,0,0,0,0
2020-06-01,US,Texas,Glasscock,1,0,0,31.86942909,-101.5207776,48173.0,70.97232079489001,0.0,1,1,0,0,1,1,1388,0,0,0,0,0
2020-06-01,US,Texas,Goliad,7,0,0,28.65696592,-97.42760647,48175.0,91.40767824497256,0.0,7,7,0,0,7,7,7584,0,0,0,0,0
2020-06-01,US,Texas,Gonzales,129,2,0,29.45634206,-97.49424032,48177.0,619.091039976964,1.5503875968992251,127,129,2,0,127,121,20826,0,0,0,0,8
2020-06-01,US,Texas,Gray,98,2,0,35.40081878,-100.8129222,48179.0,447.77483322672026,2.0408163265306123,96,98,2,0,96,98,21895,0,0,0,0,0
2020-06-01,US,Texas,Grayson,338,2,0,33.62744998,-96.67753461,48181.0,248.1426012392447,0.591715976331361,336,333,2,0,331,327,133991,5,0,0,5,6
2020-06-01,US,Texas,Gregg,213,6,0,32.47940482,-94.81591935,48183.0,171.85041752390174,2.8169014084507036,207,213,6,0,207,213,123707,0,0,0,0,0
2020-06-01,US,Texas,Grimes,217,1,0,30.54579585,-95.98902499,48185.0,751.3850415512467,0.4608294930875576,216,215,1,0,214,121,28360,2,0,0,2,94
2020-06-01,US,Texas,Guadalupe,133,0,0,29.58165339,-97.94786822,48187.0,79.71374972279995,0.0,133,133,0,0,133,132,163694,0,0,0,0,1
2020-06-01,US,Texas,Hale,58,4,0,34.07044901,-101.82681140000001,48189.0,173.6215051188409,6.896551724137932,54,58,4,0,54,57,33830,0,0,0,0,1
2020-06-01,US,Texas,Hall,2,0,0,34.5307555,-100.68138520000001,48191.0,67.47638326585695,0.0,2,2,0,0,2,2,3028,0,0,0,0,0
2020-06-01,US,Texas,Hamilton,8,1,0,31.70470573,-98.11083887,48193.0,94.55147145727457,12.5,7,8,1,0,7,8,8484,0,0,0,0,0
2020-06-01,US,Texas,Hansford,19,2,0,36.27743284,-101.3545796,48195.0,351.9170216706798,10.526315789473683,17,19,2,0,17,19,5463,0,0,0,0,0
2020-06-01,US,Texas,Hardeman,1,0,0,34.28944521,-99.74632408,48197.0,25.425883549453346,0.0,1,1,0,0,1,1,3922,0,0,0,0,0
2020-06-01,US,Texas,Hardin,138,5,0,30.33364686,-94.38931817,48199.0,239.57501475643207,3.6231884057971016,133,138,5,0,133,138,57207,0,0,0,0,0
2020-06-01,US,Texas,Harris,12664,235,0,29.86,-95.39,48201.0,268.6850577882917,1.8556538218572327,12429,12276,232,0,12044,12220,4698619,388,3,0,385,56
2020-06-01,US,Texas,Harrison,245,25,0,32.54935988,-94.36934071,48203.0,368.127657656304,10.20408163265306,220,245,25,0,220,244,66726,0,0,0,0,1
2020-06-01,US,Texas,Hartley,12,2,0,35.84008013,-102.6029022,48205.0,215.20803443328552,16.666666666666668,10,11,2,0,9,11,5619,1,0,0,1,0
2020-06-01,US,Texas,Haskell,3,0,0,33.17823584,-99.73037358,48207.0,53.022269353128316,0.0,3,3,0,0,3,3,5813,0,0,0,0,0
2020-06-01,US,Texas,Hays,329,4,0,30.05669873,-98.02944344,48209.0,142.92478854516466,1.2158054711246202,325,329,4,0,325,329,222631,0,0,0,0,0
2020-06-01,US,Texas,Hemphill,1,0,0,35.83764858,-100.2703577,48211.0,26.18486514794449,0.0,1,1,0,0,1,1,3825,0,0,0,0,0
2020-06-01,US,Texas,Henderson,57,2,0,32.21128872,-95.85846587,48213.0,68.89299829580477,3.5087719298245608,55,57,2,0,55,57,82299,0,0,0,0,0
2020-06-01,US,Texas,Hidalgo,575,10,0,26.39418217,-98.18299696,48215.0,66.19032654278139,1.7391304347826086,565,560,10,0,550,560,865939,15,0,0,15,0
2020-06-01,US,Texas,Hill,24,1,0,31.99045053,-97.13423143,48217.0,65.48609784714452,4.166666666666667,23,24,1,0,23,24,36354,0,0,0,0,0
2020-06-01,US,Texas,Hockley,27,1,0,33.60771256,-102.3431676,48219.0,117.28421875678728,3.703703703703704,26,27,1,0,26,27,22980,0,0,0,0,0
2020-06-01,US,Texas,Hood,27,3,0,32.42990927,-97.83242024,48221.0,43.800593741381824,11.111111111111109,24,27,3,0,24,27,60537,0,0,0,0,0
2020-06-01,US,Texas,Hopkins,26,0,0,33.14875072,-95.56351139,48223.0,70.11109912630783,0.0,26,26,0,0,26,26,36810,0,0,0,0,0
2020-06-01,US,Texas,Houston,114,0,0,31.31925973,-95.42226208,48225.0,496.342737722048,0.0,114,114,0,0,114,84,23169,0,0,0,0,30
2020-06-01,US,Texas,Howard,8,1,0,32.30621324,-101.4356444,48227.0,21.81976871045167,12.5,7,8,1,0,7,8,36459,0,0,0,0,0
2020-06-01,US,Texas,Hudspeth,2,0,0,31.45628381,-105.388178,48229.0,40.93327875562833,0.0,2,2,0,0,2,2,4795,0,0,0,0,0
2020-06-01,US,Texas,Hunt,88,4,0,33.12351514,-96.08551032,48231.0,89.25492423474044,4.545454545454546,84,88,4,0,84,82,96493,0,0,0,0,6
2020-06-01,US,Texas,Hutchinson,36,0,0,35.84006574,-101.3546643,48233.0,171.9361925685357,0.0,36,36,0,0,36,36,21198,0,0,0,0,0
2020-06-01,US,Texas,Jack,4,0,0,33.23377248,-98.17283469,48237.0,44.76776720761052,0.0,4,4,0,0,4,4,8843,0,0,0,0,0
2020-06-01,US,Texas,Jackson,18,1,0,28.95472367,-96.57749563,48239.0,121.95121951219512,5.5555555555555545,17,18,1,0,17,18,14874,0,0,0,0,0
2020-06-01,US,Texas,Jasper,29,1,0,30.74685667,-94.02667579,48241.0,81.62346252357229,3.4482758620689653,28,29,1,0,28,29,35872,0,0,0,0,0
2020-06-01,US,Texas,Jefferson,550,28,0,29.8832777,-94.16434171,48245.0,218.63136763858245,5.090909090909091,522,544,27,0,517,533,255001,6,1,0,5,11
2020-06-01,US,Texas,Jim Hogg,4,0,0,27.04453923,-98.69681870000001,48247.0,76.92307692307692,0.0,4,4,0,0,4,4,5248,0,0,0,0,0
2020-06-01,US,Texas,Jim Wells,9,0,0,27.73103938,-98.0904705,48249.0,22.232103156958647,0.0,9,9,0,0,9,9,40822,0,0,0,0,0
2020-06-01,US,Texas,Johnson,175,4,0,32.37877812,-97.36615819,48251.0,99.53531228493263,2.2857142857142856,171,175,4,0,171,175,171361,0,0,0,0,0
2020-06-01,US,Texas,Jones,401,0,0,32.73997145,-99.87861576,48253.0,1996.7136384006371,0.0,401,401,0,0,401,401,19817,0,0,0,0,0
2020-06-01,US,Texas,Karnes,4,0,0,28.90705334,-97.85960149,48255.0,25.63938209089161,0.0,4,4,0,0,4,4,15650,0,0,0,0,0
2020-06-01,US,Texas,Kaufman,223,2,0,32.599141700000004,-96.28734728,48257.0,163.78512566652466,0.8968609865470852,221,223,2,0,221,223,128622,0,0,0,0,0
2020-06-01,US,Texas,Kendall,29,0,0,29.94414155,-98.7113588,48259.0,61.14144757647952,0.0,29,29,0,0,29,29,45641,0,0,0,0,0
2020-06-01,US,Texas,Kerr,19,0,0,30.06040006,-99.34930144,48265.0,36.12167300380228,0.0,19,19,0,0,19,18,52405,0,0,0,0,1
2020-06-01,US,Texas,Kimble,1,0,0,30.48678918,-99.74856473,48267.0,23.057412958266077,0.0,1,1,0,0,1,1,4362,0,0,0,0,0
2020-06-01,US,Texas,Kinney,1,0,0,29.34967888,-100.41866379999999,48271.0,27.27024815925825,0.0,1,1,0,0,1,1,3767,0,0,0,0,0
2020-06-01,US,Texas,Kleberg,16,1,0,27.42435506,-97.69894948,48273.0,52.15123859191656,6.25,15,16,1,0,15,16,31129,0,0,0,0,0
2020-06-01,US,Texas,Knox,1,0,0,33.60519951,-99.74229059999999,48275.0,27.29257641921397,0.0,1,1,0,0,1,1,3653,0,0,0,0,0
2020-06-01,US,Texas,La Salle,4,0,0,28.34453111,-99.09908775,48283.0,53.19148936170214,0.0,4,4,0,0,4,4,7531,0,0,0,0,0
2020-06-01,US,Texas,Lamar,145,11,0,33.66981763,-95.57404777,48277.0,290.8201127178644,7.586206896551723,134,145,11,0,134,138,49728,0,0,0,0,7
2020-06-01,US,Texas,Lamb,16,0,0,34.06859623,-102.35162890000001,48279.0,124.09834794074304,0.0,16,16,0,0,16,16,13158,0,0,0,0,0
2020-06-01,US,Texas,Lampasas,9,0,0,31.19531316,-98.24206613,48281.0,42.001120029867465,0.0,9,9,0,0,9,9,21229,0,0,0,0,0
2020-06-01,US,Texas,Lavaca,12,1,0,29.38508402,-96.93186692,48285.0,59.541530217326596,8.333333333333334,11,12,1,0,11,12,20110,0,0,0,0,0
2020-06-01,US,Texas,Lee,24,1,0,30.31120597,-96.97045773,48287.0,139.21921225129068,4.166666666666667,23,24,1,0,23,25,17144,0,0,0,0,-1
2020-06-01,US,Texas,Leon,10,0,0,31.29872538,-95.9936328,48289.0,57.45805561939784,0.0,10,10,0,0,10,10,17270,0,0,0,0,0
2020-06-01,US,Texas,Liberty,95,3,0,30.15152688,-94.81205615,48291.0,107.686552783414,3.1578947368421053,92,95,3,0,92,92,86323,0,0,0,0,3
2020-06-01,US,Texas,Limestone,24,1,0,31.5454767,-96.58095444,48293.0,102.40218457993772,4.166666666666667,23,24,1,0,23,24,23519,0,0,0,0,0
2020-06-01,US,Texas,Lipscomb,2,0,0,36.27783108,-100.27331509999999,48295.0,61.86204763377668,0.0,2,2,0,0,2,2,3355,0,0,0,0,0
2020-06-01,US,Texas,Live Oak,9,0,0,28.35101362,-98.1246786,48297.0,73.72818874416319,0.0,9,9,0,0,9,9,12166,0,0,0,0,0
2020-06-01,US,Texas,Llano,3,0,0,30.70645047,-98.68475262,48299.0,13.764624913971096,0.0,3,3,0,0,3,3,21646,0,0,0,0,0
2020-06-01,US,Texas,Lubbock,692,50,0,33.61008596,-101.82047890000001,48303.0,222.81682975441848,7.22543352601156,642,691,50,0,641,688,307412,1,0,0,1,3
2020-06-01,US,Texas,Lynn,7,1,0,33.17657705,-101.8162849,48305.0,117.62728953117123,14.285714285714285,6,7,1,0,6,7,5877,0,0,0,0,0
2020-06-01,US,Texas,Madison,8,0,0,30.96694679,-95.93003775,48313.0,56.00672080649678,0.0,8,8,0,0,8,8,14422,0,0,0,0,0
2020-06-01,US,Texas,Marion,16,1,0,32.79868409,-94.35661230000001,48315.0,162.3706109194236,6.25,15,16,1,0,15,16,9928,0,0,0,0,0
2020-06-01,US,Texas,Martin,3,1,0,32.30600051,-101.9513518,48317.0,51.984058222145215,33.333333333333336,2,3,1,0,2,3,5753,0,0,0,0,0
2020-06-01,US,Texas,Mason,32,0,0,30.71780434,-99.22629416,48319.0,748.7131492746843,0.0,32,32,0,0,32,32,4280,0,0,0,0,0
2020-06-01,US,Texas,Matagorda,70,5,0,28.81955746,-96.01230294,48321.0,191.03239363589225,7.142857142857142,65,70,5,0,65,70,36552,0,0,0,0,0
2020-06-01,US,Texas,Maverick,116,1,0,28.7429195,-100.3157686,48323.0,197.5409556895201,0.8620689655172413,115,116,1,0,115,116,58485,0,0,0,0,0
2020-06-01,US,Texas,McCulloch,3,0,0,31.1925468,-99.34682807,48307.0,37.5751503006012,0.0,3,3,0,0,3,3,7987,0,0,0,0,0
2020-06-01,US,Texas,McLennan,118,4,0,31.55255453,-97.20217694,48309.0,45.98184886000086,3.3898305084745757,114,118,4,0,114,118,254607,0,0,0,0,0
2020-06-01,US,Texas,Medina,73,2,0,29.355730100000002,-99.11030298,48325.0,141.5167493796526,2.7397260273972597,71,73,2,0,71,71,50921,0,0,0,0,2
2020-06-01,US,Texas,Midland,129,12,0,31.86904128,-102.03156820000001,48329.0,72.95059717698155,9.30232558139535,117,129,12,0,117,129,172578,0,0,0,0,0
2020-06-01,US,Texas,Milam,28,1,0,30.78581830000001,-96.97718698,48331.0,112.79861418845422,3.571428571428572,27,28,1,0,27,28,25131,0,0,0,0,0
2020-06-01,US,Texas,Mills,1,0,0,31.49557106,-98.59272068,48333.0,20.521239482864765,0.0,1,1,0,0,1,1,4921,0,0,0,0,0
2020-06-01,US,Texas,Mitchell,1,0,0,32.30623474,-100.9212058,48335.0,11.702750146284375,0.0,1,1,0,0,1,1,8145,0,0,0,0,0
2020-06-01,US,Texas,Montague,9,1,0,33.67521893,-97.72500958,48337.0,45.41326067211626,11.111111111111109,8,9,1,0,8,9,19596,0,0,0,0,0
2020-06-01,US,Texas,Montgomery,966,26,0,30.30079133,-95.50572772,48339.0,159.04088140917466,2.691511387163561,940,954,26,0,928,954,590925,12,0,0,12,0
2020-06-01,US,Texas,Moore,689,13,0,35.83769242,-101.8930281,48341.0,3290.353390639924,1.8867924528301887,676,686,13,0,673,604,21485,3,0,0,3,82
2020-06-01,US,Texas,Morris,26,0,0,33.11304005,-94.73255695,48343.0,209.8805295447207,0.0,26,26,0,0,26,26,12339,0,0,0,0,0
2020-06-01,US,Texas,Motley,1,0,0,34.07408766,-100.77972199999999,48345.0,83.33333333333333,0.0,1,1,0,0,1,1,1234,0,0,0,0,0
2020-06-01,US,Texas,Nacogdoches,288,21,0,31.62017125,-94.61803994,48347.0,441.6906938224649,7.291666666666668,267,287,21,0,266,287,65711,1,0,0,1,0
2020-06-01,US,Texas,Navarro,56,2,0,32.04620681,-96.47428766,48349.0,111.74745076127951,3.571428571428572,54,56,2,0,54,55,49565,0,0,0,0,1
2020-06-01,US,Texas,Newton,5,0,0,30.78548982,-93.74408813,48351.0,36.778227289444644,0.0,5,5,0,0,5,5,13746,0,0,0,0,0
2020-06-01,US,Texas,Nolan,4,0,0,32.30365282,-100.4060208,48353.0,27.184993883376368,0.0,4,4,0,0,4,4,14751,0,0,0,0,0
2020-06-01,US,Texas,Nueces,275,3,0,27.736286,-97.5433285,48355.0,75.90520406079041,1.0909090909090908,272,274,3,0,271,268,362265,1,0,0,1,6
2020-06-01,US,Texas,Ochiltree,49,2,0,36.27829105,-100.8158184,48357.0,498.1699877999186,4.081632653061225,47,49,2,0,47,49,9947,0,0,0,0,0
2020-06-01,US,Texas,Oldham,3,1,0,35.40425596,-102.6027606,48359.0,142.04545454545453,33.333333333333336,2,3,1,0,2,3,2131,0,0,0,0,0
2020-06-01,US,Texas,Orange,98,2,0,30.11879481,-93.89412775,48361.0,117.51163125329752,2.0408163265306123,96,98,2,0,96,98,83572,0,0,0,0,0
2020-06-01,US,Texas,Palo Pinto,13,2,0,32.75310985,-98.31319001,48363.0,44.53732570488883,15.384615384615385,11,13,2,0,11,13,28875,0,0,0,0,0
2020-06-01,US,Texas,Panola,197,23,0,32.163959600000005,-94.30552481,48365.0,849.3575924808141,11.6751269035533,174,197,23,0,174,197,23148,0,0,0,0,0
2020-06-01,US,Texas,Parker,76,1,0,32.77757172,-97.80500621,48367.0,53.19223393384566,1.3157894736842106,75,76,1,0,75,76,138371,0,0,0,0,0
2020-06-01,US,Texas,Parmer,59,0,0,34.52993409,-102.78446679999999,48369.0,614.263404476835,0.0,59,59,0,0,59,59,9864,0,0,0,0,0
2020-06-01,US,Texas,Pecos,102,0,0,30.78097267,-102.72412609999999,48371.0,644.631233015231,0.0,102,93,0,0,93,66,15673,9,0,0,9,27
2020-06-01,US,Texas,Polk,56,0,0,30.79472531,-94.82766240000001,48373.0,109.04913052791464,0.0,56,56,0,0,56,56,50031,0,0,0,0,0
2020-06-01,US,Texas,Potter,2321,30,0,35.40133773,-101.893964,48375.0,1976.7491376740618,1.2925463162429986,2291,2321,30,0,2291,2317,119648,0,0,0,0,4
2020-06-01,US,Texas,Presidio,1,0,0,29.99954402,-104.24080790000001,48377.0,14.916467780429594,0.0,1,1,0,0,1,1,6948,0,0,0,0,0
2020-06-01,US,Texas,Rains,3,0,0,32.87109387,-95.79232691,48379.0,23.973150071919452,0.0,3,3,0,0,3,3,12159,0,0,0,0,0
2020-06-01,US,Texas,Randall,674,6,0,34.96585996,-101.8971322,48381.0,489.4236564449253,0.8902077151335311,668,674,6,0,668,671,136271,0,0,0,0,3
2020-06-01,US,Texas,Reagan,2,0,0,31.36607041,-101.52326590000001,48383.0,51.96154845414394,0.0,2,2,0,0,2,2,3741,0,0,0,0,0
2020-06-01,US,Texas,Red River,70,8,0,33.61886692,-95.04841765,48387.0,582.2174166181486,11.428571428571427,62,70,8,0,62,66,12175,0,0,0,0,4
2020-06-01,US,Texas,Reeves,7,0,0,31.32323325,-103.69038959999999,48389.0,43.81572358537807,0.0,7,7,0,0,7,7,15695,0,0,0,0,0
2020-06-01,US,Texas,Refugio,3,0,0,28.323897600000002,-97.15766311,48391.0,43.17789291882556,0.0,3,3,0,0,3,3,7032,0,0,0,0,0
2020-06-01,US,Texas,Roberts,2,0,0,35.83809685,-100.813175,48393.0,234.192037470726,0.0,2,2,0,0,2,2,903,0,0,0,0,0
2020-06-01,US,Texas,Robertson,9,0,0,31.02539637,-96.51272246,48395.0,52.7117254304791,0.0,9,8,0,0,8,8,17284,1,0,0,1,0
2020-06-01,US,Texas,Rockwall,167,13,0,32.89779518,-96.40771592,48397.0,159.176476195015,7.7844311377245505,154,167,13,0,154,167,100657,0,0,0,0,0
2020-06-01,US,Texas,Runnels,3,0,0,31.8314342,-99.97616148,48399.0,29.228371005455962,0.0,3,3,0,0,3,3,10234,0,0,0,0,0
2020-06-01,US,Texas,Rusk,55,2,0,32.10773545,-94.76176432,48401.0,101.09179134654266,3.636363636363636,53,55,2,0,53,52,54450,0,0,0,0,3
2020-06-01,US,Texas,Sabine,15,0,0,31.34318809,-93.85440451,48403.0,142.2879908935686,0.0,15,14,0,0,14,14,10589,1,0,0,1,0
2020-06-01,US,Texas,San Augustine,38,2,0,31.39457611,-94.17000399,48405.0,461.3330095908705,5.2631578947368425,36,38,2,0,36,38,8232,0,0,0,0,0
2020-06-01,US,Texas,San Jacinto,14,0,0,30.57933681,-95.16260304,48407.0,48.51172944315465,0.0,14,14,0,0,14,14,28719,0,0,0,0,0
2020-06-01,US,Texas,San Patricio,33,0,0,28.00880118,-97.51763891,48409.0,49.45301963135022,0.0,33,33,0,0,33,33,66893,0,0,0,0,0
2020-06-01,US,Texas,San Saba,1,0,0,31.1577796,-98.81758731,48411.0,16.515276630883566,0.0,1,1,0,0,1,1,6054,0,0,0,0,0
2020-06-01,US,Texas,Scurry,24,0,0,32.74613808,-100.91626640000001,48415.0,143.68676285697182,0.0,24,24,0,0,24,24,16866,0,0,0,0,0
2020-06-01,US,Texas,Shackelford,1,0,0,32.73587756,-99.35401337,48417.0,30.627871362940283,0.0,1,1,0,0,1,1,3253,0,0,0,0,0
2020-06-01,US,Texas,Shelby,201,6,0,31.79211404,-94.14550696,48419.0,795.2836907493868,2.985074626865672,195,201,6,0,195,201,25418,0,0,0,0,0
2020-06-01,US,Texas,Sherman,24,0,0,36.27751473,-101.8933156,48421.0,794.1760423560556,0.0,24,24,0,0,24,24,3079,0,0,0,0,0
2020-06-01,US,Texas,Smith,204,4,0,32.37474036,-95.27175679999999,48423.0,87.64731408243144,1.96078431372549,200,204,4,0,200,204,230221,0,0,0,0,0
2020-06-01,US,Texas,Starr,34,0,0,26.56150059,-98.73892358,48427.0,52.60470657404112,0.0,34,33,0,0,33,33,64525,1,0,0,1,0
2020-06-01,US,Texas,Stephens,4,0,0,32.73553157,-98.83631615,48429.0,42.707666026051676,0.0,4,4,0,0,4,4,9433,0,0,0,0,0
2020-06-01,US,Texas,Swisher,17,0,0,34.53028891,-101.73491740000001,48437.0,229.8229011761525,0.0,17,17,0,0,17,17,7462,0,0,0,0,0
2020-06-01,US,Texas,Tarrant,5513,165,0,32.77143818,-97.29101614,48439.0,262.20978209430143,2.9929258117177584,5348,5463,165,0,5298,5379,2084931,50,0,0,50,84
2020-06-01,US,Texas,Taylor,236,5,0,32.30163422,-99.89007449,48441.0,170.97236912644712,2.1186440677966103,231,235,5,0,230,234,137640,1,0,0,1,1
2020-06-01,US,Texas,Terry,13,0,0,33.17402785,-102.3354521,48445.0,105.3740779768177,0.0,13,13,0,0,13,13,12287,0,0,0,0,0
2020-06-01,US,Texas,Titus,458,2,0,33.21339719,-94.96797273,48449.0,1398.473282442748,0.4366812227074236,456,451,2,0,449,464,33033,7,0,0,7,-13
2020-06-01,US,Texas,Tom Green,106,1,0,31.40464436,-100.46244300000001,48451.0,88.92617449664431,0.9433962264150944,105,100,1,0,99,99,118189,6,0,0,6,1
2020-06-01,US,Texas,Travis,3272,93,0,30.33432034,-97.78535620000001,48453.0,256.8381589916119,2.842298288508557,3179,3232,93,0,3139,3186,1248743,40,0,0,40,46
2020-06-01,US,Texas,Trinity,15,0,0,31.0879489,-95.1367187,48455.0,102.38208995972971,0.0,15,15,0,0,15,14,14740,0,0,0,0,1
2020-06-01,US,Texas,Tyler,12,0,0,30.77031716,-94.37690895,48457.0,55.37098560354374,0.0,12,12,0,0,12,12,21696,0,0,0,0,0
2020-06-01,US,Texas,Upshur,26,0,0,32.73706798,-94.93999853,48459.0,62.27097454075156,0.0,26,26,0,0,26,26,41260,0,0,0,0,0
2020-06-01,US,Texas,Uvalde,12,0,0,29.35739637,-99.76229172,48463.0,44.87491118507161,0.0,12,12,0,0,12,11,26846,0,0,0,0,1
2020-06-01,US,Texas,Val Verde,20,0,0,29.89149232,-101.1525205,48465.0,40.7955124936257,0.0,20,20,0,0,20,20,49208,0,0,0,0,0
2020-06-01,US,Texas,Van Zandt,31,1,0,32.56483801,-95.83766469,48467.0,54.779996465806676,3.2258064516129035,30,31,1,0,30,31,56019,0,0,0,0,0
2020-06-01,US,Texas,Victoria,160,7,0,28.79780988,-96.96813006,48469.0,173.7543981582034,4.375,153,160,7,0,153,160,92035,0,0,0,0,0
2020-06-01,US,Texas,Walker,1456,27,0,30.73872995,-95.57440968,48471.0,1995.3132066163269,1.8543956043956045,1429,1455,27,0,1428,945,72480,1,0,0,1,510
2020-06-01,US,Texas,Waller,62,0,0,30.01058447,-95.99011759,48473.0,112.22531948014336,0.0,62,57,0,0,57,57,53126,5,0,0,5,0
2020-06-01,US,Texas,Ward,1,0,0,31.50999644,-103.09279090000001,48475.0,8.334722453742291,0.0,1,1,0,0,1,1,11720,0,0,0,0,0
2020-06-01,US,Texas,Washington,202,25,0,30.21498498,-96.40946246,48477.0,562.9563569477733,12.376237623762375,177,202,25,0,177,202,35108,0,0,0,0,0
2020-06-01,US,Texas,Webb,548,19,0,27.7610369,-99.33237355,48479.0,198.0827899310325,3.4671532846715327,529,546,19,0,527,540,275910,2,0,0,2,6
2020-06-01,US,Texas,Wharton,58,0,0,29.27765923,-96.22319248,48481.0,139.57069977861198,0.0,58,58,0,0,58,57,41619,0,0,0,0,1
2020-06-01,US,Texas,Wheeler,15,0,0,35.40114335,-100.26995140000001,48483.0,296.67721518987344,0.0,15,15,0,0,15,15,5191,0,0,0,0,0
2020-06-01,US,Texas,Wichita,84,2,0,33.98842886,-98.70410340000001,48485.0,63.525674960296456,2.380952380952381,82,84,2,0,82,84,132064,0,0,0,0,0
2020-06-01,US,Texas,Wilbarger,7,0,0,34.07945812,-99.24178437,48487.0,54.82026783616571,0.0,7,7,0,0,7,7,12820,0,0,0,0,0
2020-06-01,US,Texas,Willacy,18,1,0,26.47411727,-97.61535848,48489.0,84.2775540780972,5.5555555555555545,17,16,1,0,15,16,21515,2,0,0,2,0
2020-06-01,US,Texas,Williamson,630,25,0,30.64655664,-97.60048540000001,48491.0,106.68003271521006,3.968253968253968,605,621,24,0,597,612,566719,9,1,0,8,9
2020-06-01,US,Texas,Wilson,38,5,0,29.1732598,-98.08693082,48493.0,74.40767573918151,13.157894736842106,33,38,5,0,33,38,50224,0,0,0,0,0
2020-06-01,US,Texas,Winkler,3,0,0,31.85008651,-103.04851629999999,48495.0,37.453183520599254,0.0,3,3,0,0,3,3,7720,0,0,0,0,0
2020-06-01,US,Texas,Wise,46,3,0,33.21570665,-97.65460265,48497.0,65.72930955647006,6.521739130434782,43,46,3,0,43,46,68305,0,0,0,0,0
2020-06-01,US,Texas,Wood,29,1,0,32.78722382,-95.38236368,48499.0,63.68167943960122,3.4482758620689653,28,29,1,0,28,29,45129,0,0,0,0,0
2020-06-01,US,Texas,Yoakum,3,0,0,33.17320212,-102.82764329999999,48501.0,34.43130953747274,0.0,3,3,0,0,3,3,8591,0,0,0,0,0
2020-06-01,US,Texas,Young,4,1,0,33.17659707,-98.68790885,48503.0,22.209883398112158,25.0,3,4,1,0,3,4,18045,0,0,0,0,0
2020-06-01,US,Texas,Zapata,9,0,0,27.00156391,-99.16987152,48505.0,63.47415191480359,0.0,9,9,0,0,9,9,14190,0,0,0,0,0
2020-06-01,US,Texas,Zavala,11,0,0,28.86617238,-99.76050829,48507.0,92.9054054054054,0.0,11,11,0,0,11,11,11983,0,0,0,0,0
2020-06-01,US,Utah,Bear River,246,2,0,41.52106798,-113.08328159999999,0.0,131.6789602714942,0.8130081300813008,244,218,2,0,216,190,,28,0,0,28,28
2020-06-01,US,Utah,Central Utah,38,0,0,39.37231946,-111.5758676,0.0,46.36747443687923,0.0,38,38,0,0,38,38,,0,0,0,0,0
2020-06-01,US,Utah,Davis,472,2,0,40.99001837,-112.1139997,49011.0,132.7778418537137,0.42372881355932196,470,465,2,0,463,458,351713,7,0,0,7,7
2020-06-01,US,Utah,Salt Lake,5340,74,0,40.66616532,-111.92160109999999,49035.0,460.1714698859137,1.3857677902621723,5266,5242,74,0,5168,5118,1152633,98,0,0,98,124
2020-06-01,US,Utah,San Juan,299,5,0,37.62762978,-109.80337140000002,49037.0,1953.227070812647,1.6722408026755853,294,297,5,0,292,289,15449,2,0,0,2,8
2020-06-01,US,Utah,Southeast Utah,24,0,0,38.99617072,-110.70139579999999,0.0,59.65845534316041,0.0,24,24,0,0,24,24,,0,0,0,0,0
2020-06-01,US,Utah,Southwest Utah,454,4,0,37.85447192,-111.4418764,0.0,180.12870870727897,0.8810572687224669,450,440,4,0,436,423,,14,0,0,14,17
2020-06-01,US,Utah,Summit,416,0,0,40.86688146,-110.9535882,49043.0,987.0684541463992,0.0,416,415,0,0,415,412,41933,1,0,0,1,3
2020-06-01,US,Utah,Tooele,129,0,0,40.44862644,-113.12957150000001,49045.0,178.52447445992885,0.0,129,128,0,0,128,126,69907,1,0,0,1,2
2020-06-01,US,Utah,TriCounty,21,0,0,40.12491499,-109.5174415,0.0,37.08805764543817,0.0,21,21,0,0,21,20,,0,0,0,0,1
2020-06-01,US,Utah,Utah,1965,17,0,40.116672200000004,-111.66576620000001,49049.0,308.84814573231586,0.8651399491094147,1948,1929,17,0,1912,1870,622213,36,0,0,36,59
2020-06-01,US,Utah,Wasatch,292,2,0,40.33110236,-111.1691419,49051.0,856.5310492505354,0.6849315068493149,290,282,2,0,280,272,33240,10,0,0,10,10
2020-06-01,US,Utah,Weber-Morgan,303,7,0,41.27116049,-111.9145117,0.0,111.25921193227508,2.31023102310231,296,298,7,0,291,293,,5,0,0,5,5
2020-06-01,US,Vermont,Addison,64,2,0,44.03217337,-73.14130877,50001.0,174.02180710770318,3.125,62,64,2,0,62,63,36973,0,0,0,0,1
2020-06-01,US,Vermont,Bennington,63,1,0,43.03519828,-73.09048868,50003.0,177.61488581900196,1.5873015873015872,62,63,1,0,62,63,35631,0,0,0,0,0
2020-06-01,US,Vermont,Caledonia,15,0,0,44.46548598,-72.10314651,50005.0,50.01166938952422,0.0,15,15,0,0,15,15,30302,0,0,0,0,0
2020-06-01,US,Vermont,Chittenden,453,39,0,44.46322849,-73.08359212,50007.0,276.60068142684435,8.609271523178807,414,451,39,0,412,449,164572,2,0,0,2,2
2020-06-01,US,Vermont,Essex,3,0,0,44.72736416,-71.73579864,50009.0,48.67759208177836,0.0,3,3,0,0,3,3,6250,0,0,0,0,0
2020-06-01,US,Vermont,Franklin,99,5,0,44.85627605,-72.91249563,50011.0,200.39674507104976,5.05050505050505,94,99,5,0,94,99,49421,0,0,0,0,0
2020-06-01,US,Vermont,Grand Isle,7,0,0,44.797582399999996,-73.29679772,50013.0,96.7519004837595,0.0,7,7,0,0,7,7,7090,0,0,0,0,0
2020-06-01,US,Vermont,Lamoille,29,1,0,44.60353043,-72.64356694,50015.0,114.34429461398943,3.4482758620689653,28,29,1,0,28,29,25300,0,0,0,0,0
2020-06-01,US,Vermont,Orange,9,0,0,44.00470222,-72.37640104,50017.0,31.150491485532328,0.0,9,9,0,0,9,8,28999,0,0,0,0,1
2020-06-01,US,Vermont,Orleans,10,0,0,44.82964024,-72.24562697,50019.0,36.98635203609868,0.0,10,10,0,0,10,10,26907,0,0,0,0,0
2020-06-01,US,Vermont,Rutland,55,1,0,43.57723578,-73.03741676,50021.0,94.51633414101838,1.818181818181818,54,55,1,0,54,55,58672,0,0,0,0,0
2020-06-01,US,Vermont,Unassigned,5,0,0,0.0,0.0,90050.0,0.0,0.0,5,5,0,0,5,5,,0,0,0,0,0
2020-06-01,US,Vermont,Washington,39,1,0,44.27343241,-72.61604978,50023.0,66.77053193857111,2.5641025641025643,38,39,1,0,38,39,58140,0,0,0,0,0
2020-06-01,US,Vermont,Windham,81,3,0,42.986982,-72.71268875,50025.0,191.84311496376296,3.703703703703704,78,81,3,0,78,81,42756,0,0,0,0,0
2020-06-01,US,Vermont,Windsor,51,2,0,43.58010937,-72.58595157,50027.0,92.62286150158005,3.92156862745098,49,51,2,0,49,51,55286,0,0,0,0,0
2020-06-01,US,Virginia,Accomack,917,12,0,37.76707161,-75.63234615,51001.0,2837.60366381978,1.3086150490730644,905,909,12,0,897,863,32412,8,0,0,8,46
2020-06-01,US,Virginia,Albemarle,199,8,0,38.02080697,-78.55481085,51003.0,182.0177444434281,4.0201005025125625,191,187,8,0,179,187,108718,12,0,0,12,0
2020-06-01,US,Virginia,Alexandria,1981,45,0,38.814003,-77.08183073,51510.0,1242.567177660135,2.271580010095912,1936,1974,44,0,1930,1960,160530,7,1,0,6,14
2020-06-01,US,Virginia,Alleghany,23,2,0,37.78636074,-80.00222498,51005.0,154.7779273216689,8.695652173913043,21,20,2,0,18,20,14910,3,0,0,3,0
2020-06-01,US,Virginia,Amelia,25,1,0,37.34081025,-77.98584649,51007.0,190.18638265500192,4.0,24,25,1,0,24,25,13013,0,0,0,0,0
2020-06-01,US,Virginia,Amherst,27,0,0,37.60308293,-79.14548696,51009.0,85.42952064546748,0.0,27,27,0,0,27,27,31666,0,0,0,0,0
2020-06-01,US,Virginia,Appomattox,31,0,0,37.37569884,-78.81340003,51011.0,194.83376280560614,0.0,31,31,0,0,31,31,15841,0,0,0,0,0
2020-06-01,US,Virginia,Arlington,2123,116,0,38.8767675,-77.10139853,51013.0,896.3781761680783,5.463966085727744,2007,2116,115,0,2001,2107,237521,7,1,0,6,9
2020-06-01,US,Virginia,Augusta,112,1,0,38.16404586,-79.12461614,51015.0,148.23049842505097,0.8928571428571429,111,109,1,0,108,109,75457,3,0,0,3,0
2020-06-01,US,Virginia,Bedford,60,2,0,37.3080028,-79.5281964,51019.0,75.95225135131714,3.333333333333333,58,57,2,0,55,51,78747,3,0,0,3,6
2020-06-01,US,Virginia,Botetourt,32,4,0,37.55531756,-79.80982182,51023.0,95.75391244501631,12.5,28,32,4,0,28,32,33277,0,0,0,0,0
2020-06-01,US,Virginia,Bristol,4,0,0,36.616302399999995,-82.16359122,51520.0,23.863500775563768,0.0,4,4,0,0,4,4,16482,0,0,0,0,0
2020-06-01,US,Virginia,Brunswick,27,1,0,36.76366949,-77.8593436,51025.0,166.34834575811718,3.703703703703704,26,25,1,0,24,25,16384,2,0,0,2,0
2020-06-01,US,Virginia,Buchanan,18,0,0,37.26818323,-82.03749726,51027.0,85.69796229289659,0.0,18,18,0,0,18,18,21221,0,0,0,0,0
2020-06-01,US,Virginia,Buckingham,461,3,0,37.57242268,-78.52518834,51029.0,2688.360158619081,0.6507592190889371,458,459,3,0,456,456,16999,2,0,0,2,3
2020-06-01,US,Virginia,Buena Vista,13,0,0,37.73484642,-79.35296097,51530.0,200.6792219820932,0.0,13,13,0,0,13,13,6237,0,0,0,0,0
2020-06-01,US,Virginia,Campbell,18,1,0,37.20553386,-79.09678609,51031.0,32.79584585952446,5.5555555555555545,17,18,1,0,17,18,54973,0,0,0,0,0
2020-06-01,US,Virginia,Caroline,69,2,0,38.02679129,-77.34901405,51033.0,224.57282343368595,2.898550724637681,67,67,2,0,65,64,30772,2,0,0,2,3
2020-06-01,US,Virginia,Carroll,97,1,0,36.73066666,-80.73455942,51035.0,325.6016917861099,1.0309278350515465,96,96,1,0,95,91,29636,1,0,0,1,5
2020-06-01,US,Virginia,Charles City,27,1,0,37.35358063,-77.05634116,51036.0,387.76389487289964,3.703703703703704,26,27,1,0,26,27,6941,0,0,0,0,0
2020-06-01,US,Virginia,Charlotte,24,0,0,37.01909701,-78.66314092,51037.0,202.020202020202,0.0,24,23,0,0,23,23,11938,1,0,0,1,0
2020-06-01,US,Virginia,Charlottesville,125,3,0,38.03527919,-78.48569588,51540.0,264.4607117166674,2.4,122,116,3,0,113,108,48117,9,0,0,9,8
2020-06-01,US,Virginia,Chesapeake,535,15,0,36.67670048,-76.30545744,51550.0,218.51450977188716,2.803738317757009,520,521,15,0,506,520,242634,14,0,0,14,1
2020-06-01,US,Virginia,Chesterfield,1568,35,0,37.37373208,-77.58680140000001,51041.0,444.44192493239836,2.232142857142857,1533,1548,35,0,1513,1461,348556,20,0,0,20,87
2020-06-01,US,Virginia,Clarke,28,0,0,39.11271747,-77.99199425,51043.0,191.5315685067378,0.0,28,27,0,0,27,25,14523,1,0,0,1,2
2020-06-01,US,Virginia,Colonial Heights,96,17,0,37.26420587,-77.39609676,51570.0,552.6770293609671,17.708333333333332,79,95,17,0,78,91,17833,1,0,0,1,4
2020-06-01,US,Virginia,Covington,4,0,0,37.7824656,-79.98631446,51580.0,72.22824124232575,0.0,4,4,0,0,4,4,5460,0,0,0,0,0
2020-06-01,US,Virginia,Craig,5,0,0,37.48133648,-80.21072274,51045.0,97.44689144416292,0.0,5,5,0,0,5,5,5064,0,0,0,0,0
2020-06-01,US,Virginia,Culpeper,713,6,0,38.48199985,-77.95630870000002,51047.0,1355.3844691569245,0.8415147265077139,707,691,6,0,685,674,51859,22,0,0,22,17
2020-06-01,US,Virginia,Cumberland,38,0,0,37.51328851,-78.24398086,51049.0,382.60169150221515,0.0,38,37,0,0,37,37,9809,1,0,0,1,0
2020-06-01,US,Virginia,Danville,56,2,0,36.58022376,-79.40395668,51590.0,139.84616921386475,3.571428571428572,54,55,2,0,53,51,40693,1,0,0,1,4
2020-06-01,US,Virginia,Dinwiddie,83,0,0,37.07544585,-77.63451754,51053.0,290.7791479820628,0.0,83,80,0,0,80,77,28529,3,0,0,3,3
2020-06-01,US,Virginia,Emporia,82,6,0,36.69455571,-77.53406129,51595.0,1533.8570894126447,7.317073170731707,76,79,5,0,74,78,5121,3,1,0,2,1
2020-06-01,US,Virginia,Essex,48,0,0,37.93357639,-76.94230311,51057.0,438.2360996987127,0.0,48,48,0,0,48,46,10919,0,0,0,0,2
2020-06-01,US,Virginia,Fairfax,11219,387,0,38.83677558,-77.27565836,51059.0,977.6633679932236,3.4495053035029866,10832,11110,383,0,10727,10906,1150795,109,4,0,105,204
2020-06-01,US,Virginia,Fairfax,11219,387,0,38.83677558,-77.27565836,51059.0,977.6633679932236,3.4495053035029866,10832,11110,383,0,10727,10906,24574,109,4,0,105,204
2020-06-01,US,Virginia,Fairfax City,67,6,0,38.85157547,-77.29779640000002,51600.0,278.9458345476498,8.955223880597012,61,65,6,0,59,65,24574,2,0,0,2,0
2020-06-01,US,Virginia,Falls Church,55,8,0,38.88485255,-77.17560759,51610.0,376.27420127249087,14.545454545454545,47,55,8,0,47,55,14772,0,0,0,0,0
2020-06-01,US,Virginia,Fauquier,323,6,0,38.73564842,-77.80647472,51061.0,453.51155541826967,1.8575851393188851,317,315,6,0,309,312,70675,8,0,0,8,3
2020-06-01,US,Virginia,Floyd,6,0,0,36.9302126,-80.36738849,51063.0,38.097656994094855,0.0,6,6,0,0,6,6,15795,0,0,0,0,0
2020-06-01,US,Virginia,Fluvanna,92,6,0,37.84157909,-78.27715475,51065.0,337.3670700403373,6.521739130434782,86,92,6,0,86,91,26783,0,0,0,0,1
2020-06-01,US,Virginia,Franklin,36,1,0,36.99536167,-79.88023649,51067.0,64.23753613361407,2.7777777777777777,35,36,1,0,35,36,56195,0,0,0,0,0
2020-06-01,US,Virginia,Franklin,36,1,0,36.99536167,-79.88023649,51067.0,64.23753613361407,2.7777777777777777,35,36,1,0,35,36,8013,0,0,0,0,0
2020-06-01,US,Virginia,Franklin City,42,2,0,36.6831435,-76.93859681,51620.0,527.1745952052215,4.761904761904762,40,42,2,0,40,42,8013,0,0,0,0,0
2020-06-01,US,Virginia,Frederick,359,4,0,39.20172582,-78.25974949,51069.0,401.957161891326,1.1142061281337048,355,349,4,0,345,344,88355,10,0,0,10,5
2020-06-01,US,Virginia,Fredericksburg,166,0,0,38.2977863,-77.4922454,51630.0,571.7040914726547,0.0,166,164,0,0,164,158,29144,2,0,0,2,6
2020-06-01,US,Virginia,Galax,124,0,0,36.66601852,-80.91703124,51640.0,1953.678903418938,0.0,124,123,0,0,123,112,6423,1,0,0,1,11
2020-06-01,US,Virginia,Giles,5,0,0,37.31234791,-80.70636931,51071.0,29.90430622009569,0.0,5,5,0,0,5,5,16844,0,0,0,0,0
2020-06-01,US,Virginia,Gloucester,31,1,0,37.40809042,-76.53524337,51073.0,83.00310592267323,3.2258064516129035,30,31,1,0,30,31,37349,0,0,0,0,0
2020-06-01,US,Virginia,Goochland,99,6,0,37.71714806,-77.90381514,51075.0,416.78945817370436,6.0606060606060606,93,99,6,0,93,96,23244,0,0,0,0,3
2020-06-01,US,Virginia,Grayson,38,0,0,36.65677234,-81.23215889,51077.0,244.37299035369773,0.0,38,38,0,0,38,37,15631,0,0,0,0,1
2020-06-01,US,Virginia,Greene,34,1,0,38.29545894,-78.46525378,51079.0,171.55255058277407,2.9411764705882355,33,34,1,0,33,34,19779,0,0,0,0,0
2020-06-01,US,Virginia,Greensville,74,7,0,36.67878901,-77.56351439,51081.0,652.787579393084,9.459459459459461,67,73,7,0,66,73,11627,1,0,0,1,0
2020-06-01,US,Virginia,Halifax,30,0,0,36.76654925,-78.93512622,51083.0,88.46686915750051,0.0,30,30,0,0,30,30,34120,0,0,0,0,0
2020-06-01,US,Virginia,Hampton,210,3,0,37.03513786,-76.35879121,51650.0,156.12222139617873,1.4285714285714286,207,207,3,0,204,197,134313,3,0,0,3,10
2020-06-01,US,Virginia,Hanover,327,24,0,37.7583355,-77.49464673,51085.0,303.43522075608263,7.339449541284404,303,326,24,0,302,322,107239,1,0,0,1,4
2020-06-01,US,Virginia,Harrisonburg,797,23,0,38.43542574,-78.87536254,51660.0,1503.3197525275389,2.8858218318695106,774,779,23,0,756,774,54033,18,0,0,18,5
2020-06-01,US,Virginia,Henrico,1858,134,0,37.53460572,-77.39326555,51087.0,561.638121263051,7.21205597416577,1724,1820,133,0,1687,1754,329261,38,1,0,37,66
2020-06-01,US,Virginia,Henry,114,3,0,36.68542395,-79.87634026,51089.0,225.4880629784204,2.631578947368421,111,113,3,0,110,104,50953,1,0,0,1,9
2020-06-01,US,Virginia,Highland,3,0,0,38.35799465,-79.56124594,51091.0,136.98630136986299,0.0,3,3,0,0,3,3,2210,0,0,0,0,0
2020-06-01,US,Virginia,Hopewell,92,1,0,37.29186313,-77.29754684,51670.0,408.36255492920236,1.0869565217391304,91,90,0,0,90,87,22596,2,1,0,1,3
2020-06-01,US,Virginia,Isle of Wight,128,3,0,36.90579348,-76.70842863,51093.0,344.9298013958878,2.34375,125,128,3,0,125,128,36953,0,0,0,0,0
2020-06-01,US,Virginia,James City,206,15,0,37.31156958,-76.76950618,51095.0,269.2001097709186,7.281553398058253,191,205,15,0,190,202,76397,1,0,0,1,3
2020-06-01,US,Virginia,King George,69,4,0,38.26818502,-77.15852768,51099.0,257.1173051125354,5.797101449275362,65,68,4,0,64,65,26575,1,0,0,1,3
2020-06-01,US,Virginia,King William,31,0,0,37.70965316,-77.09384941,51101.0,180.7790996034523,0.0,31,30,0,0,30,30,16939,1,0,0,1,0
2020-06-01,US,Virginia,King and Queen,13,1,0,37.71044922,-76.88689628,51097.0,185.05338078291814,7.6923076923076925,12,13,1,0,12,10,7042,0,0,0,0,3
2020-06-01,US,Virginia,Lancaster,10,0,0,37.71889653,-76.46400482,51103.0,94.3129303027445,0.0,10,10,0,0,10,10,10783,0,0,0,0,0
2020-06-01,US,Virginia,Lee,9,0,0,36.70586667,-83.12606515,51105.0,38.42377150663877,0.0,9,9,0,0,9,9,23541,0,0,0,0,0
2020-06-01,US,Virginia,Lexington,7,0,0,37.78258621,-79.44262866,51678.0,94.010206822455,0.0,7,7,0,0,7,7,7136,0,0,0,0,0
2020-06-01,US,Virginia,Loudoun,2611,66,0,39.08990083,-77.63481877,51107.0,631.3809129995309,2.5277671390271927,2545,2575,62,0,2513,2529,406850,36,4,0,32,46
2020-06-01,US,Virginia,Louisa,79,1,0,37.97850256,-77.96274807,51109.0,210.1566864409034,1.2658227848101269,78,79,1,0,78,78,36778,0,0,0,0,1
2020-06-01,US,Virginia,Lunenburg,13,0,0,36.94618528,-78.24133319,51111.0,106.59232535257462,0.0,13,13,0,0,13,13,12086,0,0,0,0,0
2020-06-01,US,Virginia,Lynchburg,80,1,0,37.40021399,-79.19888138,51680.0,97.36150326161035,1.25,79,80,1,0,79,80,82126,0,0,0,0,0
2020-06-01,US,Virginia,Madison,41,1,0,38.41531222,-78.28220331,51113.0,309.17728678078583,2.4390243902439024,40,41,1,0,40,40,13295,0,0,0,0,1
2020-06-01,US,Virginia,Manassas,1105,11,0,38.7464321,-77.48509905,51683.0,2689.546063040039,0.9954751131221721,1094,1092,10,0,1082,1046,41641,13,1,0,12,46
2020-06-01,US,Virginia,Manassas Park,317,6,0,38.77058531,-77.44399307,51685.0,1813.7086623183432,1.892744479495268,311,305,6,0,299,299,17307,12,0,0,12,6
2020-06-01,US,Virginia,Martinsville,32,1,0,36.68212094,-79.86352771,51690.0,254.8988370240561,3.125,31,31,1,0,30,31,12902,1,0,0,1,0
2020-06-01,US,Virginia,Mathews,5,0,0,37.44164146,-76.34098896,51115.0,56.599501924383055,0.0,5,5,0,0,5,5,8802,0,0,0,0,0
2020-06-01,US,Virginia,Mecklenburg,218,21,0,36.67882005,-78.36131056,51117.0,712.7210906594305,9.633027522935778,197,217,21,0,196,217,30650,1,0,0,1,0
2020-06-01,US,Virginia,Middlesex,15,0,0,37.63191998,-76.55064617,51119.0,141.75014175014175,0.0,15,15,0,0,15,15,10769,0,0,0,0,0
2020-06-01,US,Virginia,Montgomery,78,1,0,37.17746986,-80.37868691,51121.0,79.15968945044908,1.2820512820512822,77,77,1,0,76,73,98985,1,0,0,1,4
2020-06-01,US,Virginia,Nelson,17,0,0,37.78790447,-78.88498513,51125.0,113.86470194239786,0.0,17,17,0,0,17,17,14836,0,0,0,0,0
2020-06-01,US,Virginia,New Kent,36,1,0,37.50694406,-76.99828634,51127.0,155.90489801221256,2.7777777777777777,35,36,1,0,35,36,22391,0,0,0,0,0
2020-06-01,US,Virginia,Newport News,282,10,0,37.08166899,-76.51754109,51700.0,157.34412051890087,3.5460992907801416,272,273,10,0,263,258,178626,9,0,0,9,15
2020-06-01,US,Virginia,Norfolk,521,6,0,36.89934014,-76.26420872,51710.0,214.63117219105058,1.151631477927063,515,503,6,0,497,490,244076,18,0,0,18,13
2020-06-01,US,Virginia,Northampton,241,23,0,37.34062933,-75.87751591,51131.0,2058.070025619129,9.543568464730289,218,237,23,0,214,230,11735,4,0,0,4,7
2020-06-01,US,Virginia,Northumberland,25,1,0,37.89202088,-76.41949732,51133.0,206.69698222405952,4.0,24,25,1,0,24,25,12147,0,0,0,0,0
2020-06-01,US,Virginia,Norton,2,0,0,36.93357076,-82.62750411,51720.0,50.23863350916855,0.0,2,2,0,0,2,2,3968,0,0,0,0,0
2020-06-01,US,Virginia,Nottoway,33,0,0,37.1435975,-78.05065922,51135.0,216.64915966386556,0.0,33,29,0,0,29,28,15420,4,0,0,4,1
2020-06-01,US,Virginia,Orange,106,1,0,38.24530219,-78.01560400000002,51137.0,286.0921432619902,0.9433962264150944,105,102,1,0,101,101,36644,4,0,0,4,1
2020-06-01,US,Virginia,Page,225,21,0,38.61807452,-78.48797204,51139.0,941.3438206007866,9.333333333333334,204,220,21,0,199,219,23933,5,0,0,5,1
2020-06-01,US,Virginia,Patrick,19,0,0,36.680163799999995,-80.2865648,51141.0,107.90549750113584,0.0,19,19,0,0,19,18,17673,0,0,0,0,1
2020-06-01,US,Virginia,Petersburg,138,3,0,37.20530399,-77.39368102,51730.0,440.24755949722453,2.1739130434782608,135,134,3,0,131,127,31567,4,0,0,4,7
2020-06-01,US,Virginia,Pittsylvania,44,1,0,36.81980341,-79.39731264,51143.0,72.90320442721278,2.272727272727273,43,44,1,0,43,40,60949,0,0,0,0,4
2020-06-01,US,Virginia,Poquoson,8,0,0,37.14259351,-76.35798148,51735.0,65.19436068780051,0.0,8,8,0,0,8,7,12190,0,0,0,0,1
2020-06-01,US,Virginia,Portsmouth,313,11,0,36.85914825,-76.35971629,51740.0,331.5748215004555,3.514376996805112,302,308,11,0,297,307,94632,5,0,0,5,1
2020-06-01,US,Virginia,Powhatan,35,0,0,37.55016038,-77.91267882,51145.0,118.03588290840416,0.0,35,35,0,0,35,32,29189,0,0,0,0,3
2020-06-01,US,Virginia,Prince Edward,137,2,0,37.22554789,-78.43597949,51147.0,600.8244890799052,1.45985401459854,135,134,2,0,132,134,22950,3,0,0,3,0
2020-06-01,US,Virginia,Prince George,129,0,0,37.18497668,-77.22922187,51149.0,336.3491773785624,0.0,129,126,0,0,126,126,38082,3,0,0,3,0
2020-06-01,US,Virginia,Prince William,5663,104,0,38.70916224,-77.48713689,51153.0,1204.0354215612276,1.8364824298075224,5559,5533,104,0,5429,5412,468011,130,0,0,130,121
2020-06-01,US,Virginia,Pulaski,19,0,0,37.06474963,-80.71229738,51155.0,55.83801099127164,0.0,19,19,0,0,19,19,34066,0,0,0,0,0
2020-06-01,US,Virginia,Radford,6,0,0,37.12222899,-80.56027320000003,51750.0,32.878513891172126,0.0,6,6,0,0,6,6,18339,0,0,0,0,0
2020-06-01,US,Virginia,Rappahannock,13,0,0,38.68295619,-78.15826963,51157.0,176.39077340569878,0.0,13,13,0,0,13,13,7252,0,0,0,0,0
2020-06-01,US,Virginia,Richmond,287,4,0,37.937575,-76.72920628,51159.0,3180.760279286268,1.3937282229965158,283,276,4,0,272,275,9038,11,0,0,11,1
2020-06-01,US,Virginia,Richmond City,1397,25,0,37.53255773,-77.47966921,51760.0,606.2420802305195,1.7895490336435218,1372,1316,24,0,1292,1249,228783,81,1,0,80,67
2020-06-01,US,Virginia,Roanoke,106,7,0,37.26865804,-80.06396753,51161.0,112.54326545346443,6.60377358490566,99,105,7,0,98,104,94073,1,0,0,1,1
2020-06-01,US,Virginia,Roanoke City,167,9,0,37.27791025,-79.96189766,51770.0,168.44356132051684,5.389221556886229,158,160,9,0,151,155,99920,7,0,0,7,5
2020-06-01,US,Virginia,Rockbridge,18,0,0,37.81204314,-79.44605905,51163.0,79.74128383466973,0.0,18,18,0,0,18,18,22752,0,0,0,0,0
2020-06-01,US,Virginia,Rockingham,541,6,0,38.51006137,-78.87260325,51165.0,660.1747449602187,1.1090573012939002,535,518,6,0,512,511,81244,23,0,0,23,7
2020-06-01,US,Virginia,Russell,8,0,0,36.93028320000001,-82.10095486,51167.0,30.091025351688856,0.0,8,8,0,0,8,8,26748,0,0,0,0,0
2020-06-01,US,Virginia,Salem,34,3,0,37.2836193,-80.06219455,51775.0,134.3820402355638,8.823529411764708,31,34,3,0,31,34,25643,0,0,0,0,0
2020-06-01,US,Virginia,Scott,7,2,0,36.71466456,-82.60171704,51169.0,32.458499489937864,28.57142857142857,5,7,2,0,5,7,21534,0,0,0,0,0
2020-06-01,US,Virginia,Shenandoah,458,21,0,38.85905135,-78.56813762,51171.0,1050.0733675715337,4.585152838427947,437,448,21,0,427,444,43497,10,0,0,10,4
2020-06-01,US,Virginia,Smyth,15,0,0,36.84455636,-81.53344948,51173.0,49.827265479670466,0.0,15,15,0,0,15,15,30472,0,0,0,0,0
2020-06-01,US,Virginia,Southampton,147,2,0,36.72231125,-77.10642712,51175.0,833.7587204355963,1.3605442176870748,145,147,2,0,145,146,17586,0,0,0,0,1
2020-06-01,US,Virginia,Spotsylvania,571,7,0,38.18574462,-77.655399,51177.0,419.1902507066035,1.2259194395796849,564,556,7,0,549,524,134238,15,0,0,15,32
2020-06-01,US,Virginia,Stafford,722,5,0,38.41758738,-77.45917053,51179.0,472.2596512342853,0.6925207756232687,717,713,4,0,709,702,149960,9,1,0,8,11
2020-06-01,US,Virginia,Staunton,47,0,0,38.15965544,-79.05979937,51790.0,188.51275469276436,0.0,47,45,0,0,45,39,24922,2,0,0,2,6
2020-06-01,US,Virginia,Suffolk,316,33,0,36.70155394,-76.63603554,51800.0,343.0755200416902,10.443037974683543,283,315,32,0,283,314,91185,1,1,0,0,1
2020-06-01,US,Virginia,Surry,10,1,0,37.11781893,-76.88450012,51181.0,155.71473061351602,10.0,9,10,1,0,9,10,6474,0,0,0,0,0
2020-06-01,US,Virginia,Sussex,161,2,0,36.92432914,-77.25791182,51183.0,1442.781611255489,1.2422360248447204,159,154,2,0,152,154,11237,7,0,0,7,0
2020-06-01,US,Virginia,Tazewell,9,0,0,37.12191123,-81.56685568,51185.0,22.170218007143742,0.0,9,9,0,0,9,7,40855,0,0,0,0,2
2020-06-01,US,Virginia,Virginia Beach,745,23,0,36.73285734,-76.04566934,51810.0,165.56512154035568,3.0872483221476514,722,708,23,0,685,699,450189,37,0,0,37,9
2020-06-01,US,Virginia,Warren,157,2,0,38.90847745,-78.20280433,51187.0,390.89732098396576,1.2738853503184713,155,157,2,0,155,155,40003,0,0,0,0,2
2020-06-01,US,Virginia,Washington,51,4,0,36.72341572,-81.95666289,51191.0,94.90137700037216,7.84313725490196,47,51,4,0,47,51,54402,0,0,0,0,0
2020-06-01,US,Virginia,Waynesboro,47,0,0,38.06451466,-78.90293905,51820.0,207.688908528502,0.0,47,46,0,0,46,43,22628,1,0,0,1,3
2020-06-01,US,Virginia,Westmoreland,68,1,0,38.11021557,-76.80213247,51193.0,377.4632250902026,1.4705882352941178,67,65,1,0,64,63,17830,3,0,0,3,2
2020-06-01,US,Virginia,Williamsburg,44,4,0,37.28131268,-76.70905141,51830.0,294.23565601176944,9.090909090909092,40,44,4,0,40,44,14896,0,0,0,0,0
2020-06-01,US,Virginia,Winchester,191,2,0,39.17054517,-78.17325058,51840.0,680.2478809031983,1.0471204188481675,189,189,2,0,187,187,28108,2,0,0,2,2
2020-06-01,US,Virginia,Wise,25,2,0,36.9746148,-82.62410519,51195.0,66.87531765775887,8.0,23,25,2,0,23,24,38012,0,0,0,0,1
2020-06-01,US,Virginia,Wythe,23,1,0,36.91582035,-81.07834059,51197.0,80.1840747455027,4.3478260869565215,22,23,1,0,22,21,28754,0,0,0,0,2
2020-06-01,US,Virginia,York,77,3,0,37.24374789,-76.54412815,51199.0,112.77094317516114,3.8961038961038965,74,74,3,0,71,72,67846,3,0,0,3,2
2020-06-01,US,Washington,Adams,63,0,0,46.98299757,-118.56017340000001,53001.0,315.26797778111387,0.0,63,63,0,0,63,62,19759,0,0,0,0,1
2020-06-01,US,Washington,Asotin,19,2,0,46.18894415,-117.2022851,53003.0,84.13780887432469,10.526315789473683,17,19,2,0,17,19,22610,0,0,0,0,0
2020-06-01,US,Washington,Benton,810,62,0,46.23946995,-119.51208340000001,53005.0,396.30118890356664,7.654320987654321,748,794,62,0,732,776,201877,16,0,0,16,18
2020-06-01,US,Washington,Chelan,250,6,0,47.87046092,-120.6173956,53007.0,323.83419689119165,2.4,244,248,6,0,242,246,77036,2,0,0,2,2
2020-06-01,US,Washington,Clallam,25,0,0,48.04754642,-123.92263190000001,53009.0,32.328561637635616,0.0,25,25,0,0,25,25,76737,0,0,0,0,0
2020-06-01,US,Washington,Clark,516,22,0,45.77568046,-122.48292040000001,53011.0,105.68551186811432,4.263565891472869,494,514,22,0,492,509,481857,2,0,0,2,5
2020-06-01,US,Washington,Columbia,1,0,0,46.29442881,-117.9051983,53013.0,25.094102885821833,0.0,1,1,0,0,1,1,4059,0,0,0,0,0
2020-06-01,US,Washington,Cowlitz,73,0,0,46.19074721,-122.6782231,53015.0,66.00779434503087,0.0,73,73,0,0,73,73,108987,0,0,0,0,0
2020-06-01,US,Washington,Douglas,172,3,0,47.7361335,-119.69293700000001,53017.0,396.04872320338944,1.7441860465116281,169,172,3,0,169,169,42907,0,0,0,0,3
2020-06-01,US,Washington,Ferry,1,0,0,48.471143100000006,-118.5154041,53019.0,13.111315064901008,0.0,1,1,0,0,1,1,7649,0,0,0,0,0
2020-06-01,US,Washington,Franklin,598,20,0,46.53351425,-118.9018212,53021.0,628.0061330364832,3.3444816053511706,578,574,20,0,554,549,94347,24,0,0,24,25
2020-06-01,US,Washington,Grant,208,4,0,47.20753737,-119.4500749,53025.0,212.82473678286757,1.9230769230769231,204,204,4,0,200,203,97331,4,0,0,4,1
2020-06-01,US,Washington,Grays Harbor,17,0,0,47.14003705,-123.7820567,53027.0,22.64824609317755,0.0,17,17,0,0,17,16,73901,0,0,0,0,1
2020-06-01,US,Washington,Island,178,11,0,48.14713305,-122.5216407,53029.0,209.0649628263704,6.179775280898878,167,178,11,0,167,178,84460,0,0,0,0,0
2020-06-01,US,Washington,Jefferson,31,0,0,47.75003077,-123.56097040000002,53031.0,96.21054591725893,0.0,31,30,0,0,30,30,31729,1,0,0,1,0
2020-06-01,US,Washington,King,8123,569,0,47.49137892,-121.8346131,53033.0,360.57638954856714,7.0048011818293725,7554,8092,567,0,7525,7993,2233163,31,2,0,29,99
2020-06-01,US,Washington,Kitsap,162,2,0,47.63479026,-122.6436061,53035.0,59.67444276226365,1.2345679012345678,160,161,2,0,159,161,269805,1,0,0,1,0
2020-06-01,US,Washington,Kittitas,88,0,0,47.12521214,-120.67943899999999,53037.0,183.58193386878062,0.0,88,88,0,0,88,87,47364,0,0,0,0,1
2020-06-01,US,Washington,Klickitat,25,3,0,45.87325839,-120.7913598,53039.0,111.48272017837236,12.0,22,25,3,0,22,24,22107,0,0,0,0,1
2020-06-01,US,Washington,Lewis,37,3,0,46.57756476,-122.39257690000001,53041.0,45.844846171955346,8.108108108108109,34,37,3,0,34,36,79604,0,0,0,0,1
2020-06-01,US,Washington,Lincoln,2,0,0,47.57705241,-118.41943880000001,53043.0,18.283206874485785,0.0,2,2,0,0,2,2,10740,0,0,0,0,0
2020-06-01,US,Washington,Mason,36,1,0,47.35007586,-123.1863685,53045.0,53.918044572250174,2.7777777777777777,35,36,1,0,35,35,65507,0,0,0,0,1
2020-06-01,US,Washington,Okanogan,49,1,0,48.54855019,-119.73872240000001,53047.0,115.99554955850674,2.0408163265306123,48,49,1,0,48,46,42132,0,0,0,0,3
2020-06-01,US,Washington,Pacific,9,1,0,46.55418369,-123.7285716,53049.0,40.05162209069467,11.111111111111109,8,9,1,0,8,9,22036,0,0,0,0,0
2020-06-01,US,Washington,Pend Oreille,3,0,0,48.53234021,-117.2741804,53051.0,21.85951617604197,0.0,3,3,0,0,3,3,13602,0,0,0,0,0
2020-06-01,US,Washington,Pierce,1940,79,0,47.03892768,-122.14059579999999,53053.0,214.36937832880284,4.072164948453608,1861,1937,79,0,1858,1922,891299,3,0,0,3,15
2020-06-01,US,Washington,San Juan,15,0,0,48.60182783,-122.96745,53055.0,85.31452621999773,0.0,15,15,0,0,15,15,17128,0,0,0,0,0
2020-06-01,US,Washington,Skagit,435,15,0,48.48171488,-121.766131,53057.0,336.6742773112496,3.4482758620689653,420,434,15,0,419,432,128206,1,0,0,1,2
2020-06-01,US,Washington,Skamania,3,0,0,46.02408726,-121.91644029999999,53059.0,24.828271124720683,0.0,3,3,0,0,3,3,11924,0,0,0,0,0
2020-06-01,US,Washington,Snohomish,2976,149,0,48.04615983,-121.7170703,53061.0,362.00724257769593,5.006720430107527,2827,2967,148,0,2819,2956,814901,9,1,0,8,11
2020-06-01,US,Washington,Spokane,600,33,0,47.62113146,-117.4046494,53063.0,114.76708021071235,5.5,567,596,32,0,564,582,514631,4,1,0,3,14
2020-06-01,US,Washington,Stevens,11,1,0,48.40035475,-117.8542701,53065.0,24.057913960151343,9.090909090909092,10,11,1,0,10,11,45260,0,0,0,0,0
2020-06-01,US,Washington,Thurston,151,2,0,46.9291895,-122.82906559999999,53067.0,51.97290525098439,1.3245033112582782,149,147,2,0,145,135,286419,4,0,0,4,12
2020-06-01,US,Washington,Unassigned,75,0,0,0.0,0.0,90053.0,0.0,0.0,75,68,0,0,68,61,,7,0,0,7,7
2020-06-01,US,Washington,Wahkiakum,4,0,0,46.29180039999999,-123.4250831,53069.0,89.12655971479502,0.0,4,4,0,0,4,4,4426,0,0,0,0,0
2020-06-01,US,Washington,Walla Walla,108,2,0,46.23040051,-118.4775539,53071.0,177.74851876234362,1.851851851851852,106,108,2,0,106,109,60922,0,0,0,0,-1
2020-06-01,US,Washington,Whatcom,398,37,0,48.82227976,-121.74900179999999,53073.0,173.61186842139702,9.296482412060303,361,396,36,0,360,392,225685,2,1,0,1,4
2020-06-01,US,Washington,Whitman,16,0,0,46.90022523,-117.52417630000001,53075.0,31.93357815743254,0.0,16,16,0,0,16,16,49791,0,0,0,0,0
2020-06-01,US,Washington,Yakima,3749,95,0,46.45738486,-120.73801259999999,53077.0,1494.3816193851071,2.5340090690850894,3654,3585,95,0,3490,3458,251446,164,0,0,164,127
2020-06-01,US,West Virginia,Barbour,9,1,0,39.1307219,-80.00350858,54001.0,54.741195791010284,11.111111111111109,8,9,1,0,8,9,16535,0,0,0,0,0
2020-06-01,US,West Virginia,Berkeley,314,6,0,39.46704621,-78.02414609,54003.0,263.4869221538797,1.9108280254777068,308,308,6,0,302,307,117123,6,0,0,6,1
2020-06-01,US,West Virginia,Boone,9,0,0,38.01974191,-81.69888019,54005.0,41.94435382392693,0.0,9,9,0,0,9,9,21951,0,0,0,0,0
2020-06-01,US,West Virginia,Braxton,2,0,0,38.70036159,-80.72011184,54007.0,14.329727018700293,0.0,2,2,0,0,2,2,14089,0,0,0,0,0
2020-06-01,US,West Virginia,Brooke,5,0,0,40.27367263,-80.57915332,54009.0,22.79046446966589,0.0,5,5,0,0,5,5,22203,0,0,0,0,0
2020-06-01,US,West Virginia,Cabell,66,0,0,38.42424062,-82.23855912,54011.0,71.78204361302953,0.0,66,66,0,0,66,64,93224,0,0,0,0,2
2020-06-01,US,West Virginia,Calhoun,2,0,0,38.84315422,-81.11934872,54013.0,28.133352088901397,0.0,2,2,0,0,2,2,7254,0,0,0,0,0
2020-06-01,US,West Virginia,Clay,5,0,0,38.46231092,-81.07652217,54015.0,58.768218147625774,0.0,5,4,0,0,4,4,8632,1,0,0,1,0
2020-06-01,US,West Virginia,Fayette,50,4,0,38.02974928,-81.08286634,54019.0,117.90784322973164,8.0,46,48,4,0,44,46,43018,2,0,0,2,2
2020-06-01,US,West Virginia,Gilmer,10,0,0,38.9251277,-80.85952723,54021.0,127.82819890067749,0.0,10,10,0,0,10,10,8026,0,0,0,0,0
2020-06-01,US,West Virginia,Grant,12,0,0,39.10314817,-79.19440518,54023.0,103.73443983402491,0.0,12,12,0,0,12,12,11626,0,0,0,0,0
2020-06-01,US,West Virginia,Greenbrier,9,0,0,37.9463652,-80.45335881,54025.0,25.965033754543878,0.0,9,9,0,0,9,9,34786,0,0,0,0,0
2020-06-01,US,West Virginia,Hampshire,31,1,0,39.32103553,-78.60826476,54027.0,133.76483279395902,3.2258064516129035,30,29,1,0,28,28,23347,2,0,0,2,1
2020-06-01,US,West Virginia,Hancock,19,0,0,40.51943859,-80.57461608,54029.0,65.94932315168343,0.0,19,18,0,0,18,18,29094,1,0,0,1,0
2020-06-01,US,West Virginia,Hardy,39,0,0,39.00683177,-78.85855301,54031.0,283.1010452961673,0.0,39,39,0,0,39,39,13775,0,0,0,0,0
2020-06-01,US,West Virginia,Harrison,40,1,0,39.2853852,-80.37919577,54033.0,59.47424765076722,2.5,39,41,1,0,40,40,67554,-1,0,0,-1,1
2020-06-01,US,West Virginia,Jackson,137,18,0,38.84263974,-81.68148753,54035.0,479.42329227323626,13.138686131386864,119,137,18,0,119,137,28706,0,0,0,0,0
2020-06-01,US,West Virginia,Jefferson,184,1,0,39.30776166,-77.86014147,54037.0,321.98229097399644,0.5434782608695652,183,182,1,0,181,180,56811,2,0,0,2,2
2020-06-01,US,West Virginia,Kanawha,229,18,0,38.33860077,-81.52857054,54039.0,128.5621252610541,7.860262008733624,211,229,18,0,211,226,180454,0,0,0,0,3
2020-06-01,US,West Virginia,Lewis,9,1,0,38.9947249,-80.49988181,54041.0,56.578864650782684,11.111111111111109,8,9,1,0,8,8,16024,0,0,0,0,1
2020-06-01,US,West Virginia,Lincoln,6,0,0,38.172154,-82.07017953,54043.0,29.39879464941937,0.0,6,6,0,0,6,6,20599,0,0,0,0,0
2020-06-01,US,West Virginia,Logan,17,1,0,37.8299889,-81.93528571,54045.0,53.093475748774175,5.882352941176472,16,17,1,0,16,17,32607,0,0,0,0,0
2020-06-01,US,West Virginia,Marion,51,2,0,39.50984542,-80.24244659,54049.0,90.9544870880297,3.92156862745098,49,51,2,0,49,50,56097,0,0,0,0,1
2020-06-01,US,West Virginia,Marshall,30,0,0,39.86064362,-80.66591062,54051.0,98.26078412105728,0.0,30,30,0,0,30,29,30785,0,0,0,0,1
2020-06-01,US,West Virginia,Mason,15,0,0,38.77071799,-82.02524219,54053.0,56.569618343641565,0.0,15,15,0,0,15,15,26718,0,0,0,0,0
2020-06-01,US,West Virginia,McDowell,6,0,0,37.38002939,-81.65083669,54047.0,34.04448479346346,0.0,6,6,0,0,6,6,18223,0,0,0,0,0
2020-06-01,US,West Virginia,Mercer,13,0,0,37.40481169,-81.11023142,54055.0,22.124646856598247,0.0,13,13,0,0,13,13,59131,0,0,0,0,0
2020-06-01,US,West Virginia,Mineral,47,1,0,39.41561583,-78.94104895,54057.0,174.9292839065059,2.127659574468085,46,46,1,0,45,44,26940,1,0,0,1,2
2020-06-01,US,West Virginia,Mingo,7,1,0,37.73048351,-82.13338365,54059.0,29.88387978142077,14.285714285714285,6,7,1,0,6,6,23785,0,0,0,0,1
2020-06-01,US,West Virginia,Monongalia,133,4,0,39.63218457,-80.04766838,54061.0,125.93265916751885,3.0075187969924815,129,133,5,0,128,133,106420,0,-1,0,1,0
2020-06-01,US,West Virginia,Monroe,7,0,0,37.56274716,-80.54577965,54063.0,52.730696798493405,0.0,7,7,0,0,7,7,13280,0,0,0,0,0
2020-06-01,US,West Virginia,Morgan,18,0,0,39.55439028,-78.26311676,54065.0,100.64862446879893,0.0,18,18,0,0,18,18,17787,0,0,0,0,0
2020-06-01,US,West Virginia,Nicholas,8,1,0,38.29617706,-80.79759588,54067.0,32.65839320705421,12.5,7,8,1,0,7,8,24842,0,0,0,0,0
2020-06-01,US,West Virginia,Ohio,42,1,0,40.0955451,-80.62203992,54069.0,101.42232740093212,2.380952380952381,41,42,1,0,41,41,41755,0,0,0,0,1
2020-06-01,US,West Virginia,Pendleton,13,0,0,38.68314479,-79.35084086,54071.0,186.5403931697517,0.0,13,12,0,0,12,12,6997,1,0,0,1,0
2020-06-01,US,West Virginia,Pleasants,4,0,0,39.37091679,-81.16771771,54073.0,53.61930294906166,0.0,4,4,0,0,4,4,7507,0,0,0,0,0
2020-06-01,US,West Virginia,Pocahontas,21,0,0,38.32758728,-80.00993811,54075.0,254.63805020007274,0.0,21,21,0,0,21,21,8414,0,0,0,0,0
2020-06-01,US,West Virginia,Preston,25,3,0,39.46770987,-79.66712803,54077.0,74.77865518066524,12.0,22,25,1,0,24,25,33839,0,2,0,-2,0
2020-06-01,US,West Virginia,Putnam,34,0,0,38.50782345,-81.9082131,54079.0,60.23029229406554,0.0,34,34,0,0,34,35,56682,0,0,0,0,-1
2020-06-01,US,West Virginia,Raleigh,16,0,0,37.76936795,-81.2456041,54081.0,21.80995351753657,0.0,16,16,0,0,16,16,74254,0,0,0,0,0
2020-06-01,US,West Virginia,Randolph,131,0,0,38.769899,-79.87919615,54083.0,456.5255270953128,0.0,131,131,0,0,131,129,28823,0,0,0,0,2
2020-06-01,US,West Virginia,Ritchie,1,0,0,39.18094587,-81.06356878,54085.0,10.466820180029307,0.0,1,1,0,0,1,1,9721,0,0,0,0,0
2020-06-01,US,West Virginia,Roane,9,0,0,38.71622686,-81.35243568,54087.0,65.7510227936879,0.0,9,9,0,0,9,9,13932,0,0,0,0,0
2020-06-01,US,West Virginia,Summers,1,0,0,37.65390597,-80.86009693,54089.0,7.953551260637875,0.0,1,1,0,0,1,1,12760,0,0,0,0,0
2020-06-01,US,West Virginia,Taylor,9,0,0,39.33602617,-80.0421439,54091.0,53.908355795148246,0.0,9,8,0,0,8,8,16862,1,0,0,1,0
2020-06-01,US,West Virginia,Tucker,4,0,0,39.11240885,-79.57053576,54093.0,58.488083053077936,0.0,4,4,0,0,4,4,6955,0,0,0,0,0
2020-06-01,US,West Virginia,Tyler,3,0,0,39.46811972,-80.88772676,54095.0,34.920265394016994,0.0,3,3,0,0,3,3,8746,0,0,0,0,0
2020-06-01,US,West Virginia,Upshur,7,0,0,38.89285061,-80.23689136,54097.0,28.95433487756453,0.0,7,7,0,0,7,7,24415,0,0,0,0,0
2020-06-01,US,West Virginia,Wayne,100,9,0,38.14901357,-82.42287994,54099.0,253.79422364346988,9.0,91,99,9,0,90,98,39944,1,0,0,1,1
2020-06-01,US,West Virginia,Wetzel,9,0,0,39.6065771,-80.64016540000001,54103.0,59.741121805509465,0.0,9,8,0,0,8,8,15270,1,0,0,1,0
2020-06-01,US,West Virginia,Wirt,4,0,0,39.02775007,-81.37473928,54105.0,68.7167153410067,0.0,4,4,0,0,4,4,5830,0,0,0,0,0
2020-06-01,US,West Virginia,Wood,53,2,0,39.20967886,-81.5162836,54107.0,63.45937402715583,3.7735849056603774,51,53,2,0,51,53,84203,0,0,0,0,0
2020-06-01,US,West Virginia,Wyoming,3,0,0,37.612327,-81.54511071,54109.0,14.710208884966164,0.0,3,3,0,0,3,3,20786,0,0,0,0,0
2020-06-01,US,Wisconsin,Adams,4,1,0,43.96974651,-89.76782777,55001.0,19.782393669634022,25.0,3,4,1,0,3,4,20348,0,0,0,0,0
2020-06-01,US,Wisconsin,Ashland,2,0,0,46.31956891,-90.67837132,55003.0,12.851818532322323,0.0,2,2,0,0,2,2,15600,0,0,0,0,0
2020-06-01,US,Wisconsin,Barron,20,0,0,45.42372701,-91.84833627,55005.0,44.204756431792056,0.0,20,17,0,0,17,17,45164,3,0,0,3,0
2020-06-01,US,Wisconsin,Bayfield,3,1,0,46.52868768,-91.19716729,55007.0,19.952114924181963,33.333333333333336,2,3,1,0,2,3,15042,0,0,0,0,0
2020-06-01,US,Wisconsin,Brown,2320,37,0,44.452655299999996,-88.00411844,55009.0,876.9873970862849,1.5948275862068966,2283,2319,37,0,2282,2318,263378,1,0,0,1,1
2020-06-01,US,Wisconsin,Buffalo,6,1,0,44.37835084,-91.75332578,55011.0,46.04404880669172,16.666666666666668,5,6,1,0,5,6,13125,0,0,0,0,0
2020-06-01,US,Wisconsin,Burnett,1,1,0,45.86303537,-92.36711412,55013.0,6.487608667445179,100.0,0,1,1,0,0,1,15392,0,0,0,0,0
2020-06-01,US,Wisconsin,Calumet,77,1,0,44.0816316,-88.21780273,55015.0,153.7263670666214,1.2987012987012987,76,76,1,0,75,76,50159,1,0,0,1,0
2020-06-01,US,Wisconsin,Chippewa,56,0,0,45.06939744,-91.28068855,55017.0,86.60954560920536,0.0,56,56,0,0,56,56,64135,0,0,0,0,0
2020-06-01,US,Wisconsin,Clark,33,4,0,44.73483377,-90.61207486,55019.0,94.89848737562546,12.12121212121212,29,32,4,0,28,31,34709,1,0,0,1,1
2020-06-01,US,Wisconsin,Columbia,44,1,0,43.46492199,-89.33589004,55021.0,76.47917680595147,2.272727272727273,43,44,1,0,43,44,57358,0,0,0,0,0
2020-06-01,US,Wisconsin,Crawford,26,0,0,43.23870316,-90.93073686,55023.0,161.18033599900812,0.0,26,26,0,0,26,26,16291,0,0,0,0,0
2020-06-01,US,Wisconsin,Dane,735,29,0,43.06601594,-89.41733797,55025.0,134.4442513650207,3.9455782312925174,706,730,29,0,701,725,542364,5,0,0,5,5
2020-06-01,US,Wisconsin,Dodge,228,2,0,43.41576662,-88.70928178,55027.0,259.5657965140769,0.8771929824561403,226,221,2,0,219,215,87847,7,0,0,7,6
2020-06-01,US,Wisconsin,Door,38,3,0,44.95856458,-87.30002707,55029.0,137.34277866126934,7.894736842105262,35,38,3,0,35,38,27610,0,0,0,0,0
2020-06-01,US,Wisconsin,Douglas,19,0,0,46.43222285,-91.91595768,55031.0,44.0324449594438,0.0,19,19,0,0,19,19,43208,0,0,0,0,0
2020-06-01,US,Wisconsin,Dunn,24,0,0,44.94562799,-91.8962481,55033.0,52.90072297654736,0.0,24,24,0,0,24,24,45131,0,0,0,0,0
2020-06-01,US,Wisconsin,Eau Claire,113,0,0,44.726614,-91.28609183,55035.0,107.98310494428837,0.0,113,108,0,0,108,108,104534,5,0,0,5,0
2020-06-01,US,Wisconsin,Florence,2,0,0,45.84963535,-88.39804137,55037.0,46.56577415599534,0.0,2,2,0,0,2,2,4321,0,0,0,0,0
2020-06-01,US,Wisconsin,Fond du Lac,214,5,0,43.75354908,-88.48885325,55039.0,206.9572449542083,2.336448598130841,209,213,5,0,208,203,103066,1,0,0,1,10
2020-06-01,US,Wisconsin,Forest,29,2,0,45.66678019,-88.77084892,55041.0,322.07907596623716,6.896551724137932,27,29,2,0,27,28,8991,0,0,0,0,1
2020-06-01,US,Wisconsin,Grant,96,12,0,42.8671731,-90.7063218,55043.0,186.62882248877307,12.5,84,95,12,0,83,95,51554,1,0,0,1,0
2020-06-01,US,Wisconsin,Green,66,0,0,42.6794956,-89.60243287,55045.0,178.5714285714286,0.0,66,66,0,0,66,66,36929,0,0,0,0,0
2020-06-01,US,Wisconsin,Green Lake,20,0,0,43.80025981,-89.04679553,55047.0,105.74736953418284,0.0,20,20,0,0,20,19,18918,0,0,0,0,1
2020-06-01,US,Wisconsin,Iowa,16,0,0,43.00050278,-90.13469017,55049.0,67.57327476982853,0.0,16,16,0,0,16,16,23771,0,0,0,0,0
2020-06-01,US,Wisconsin,Iron,2,1,0,46.26302338,-90.24295041,55051.0,35.16792685071215,50.0,1,2,1,0,1,2,5676,0,0,0,0,0
2020-06-01,US,Wisconsin,Jackson,17,1,0,44.31864893,-90.80566792,55053.0,82.35237126386669,5.882352941176472,16,17,1,0,16,17,20478,0,0,0,0,0
2020-06-01,US,Wisconsin,Jefferson,107,3,0,43.02054068,-88.77529134,55055.0,126.22538899833664,2.803738317757009,104,106,3,0,103,104,85129,1,0,0,1,2
2020-06-01,US,Wisconsin,Juneau,23,1,0,43.92456975,-90.11120239,55057.0,86.18428448308167,4.3478260869565215,22,23,1,0,22,23,26617,0,0,0,0,0
2020-06-01,US,Wisconsin,Kenosha,1178,30,0,42.57639354,-88.04051686,55059.0,694.7352280300305,2.546689303904924,1148,1168,30,0,1138,1165,169290,10,0,0,10,3
2020-06-01,US,Wisconsin,Kewaunee,35,1,0,44.51727459,-87.61468386,55061.0,171.28315552510526,2.8571428571428568,34,35,1,0,34,34,20383,0,0,0,0,1
2020-06-01,US,Wisconsin,La Crosse,53,0,0,43.90632465,-91.11451093,55063.0,44.90916485900217,0.0,53,53,0,0,53,53,118230,0,0,0,0,0
2020-06-01,US,Wisconsin,Lafayette,27,0,0,42.66005229,-90.1317729,55065.0,162.01620162016198,0.0,27,27,0,0,27,27,16665,0,0,0,0,0
2020-06-01,US,Wisconsin,Langlade,3,0,0,45.26271619,-89.07483625,55067.0,15.633956954505186,0.0,3,3,0,0,3,2,19268,0,0,0,0,1
2020-06-01,US,Wisconsin,Lincoln,7,0,0,45.33737523,-89.73411273,55069.0,25.3687529445874,0.0,7,7,0,0,7,7,27689,0,0,0,0,0
2020-06-01,US,Wisconsin,Manitowoc,36,1,0,44.11946801,-87.80928853,55071.0,45.58058267178182,2.7777777777777777,35,36,1,0,35,36,79074,0,0,0,0,0
2020-06-01,US,Wisconsin,Marathon,50,1,0,44.89792533,-89.75863384,55073.0,36.84815611826785,2.0,49,50,1,0,49,51,135428,0,0,0,0,-1
2020-06-01,US,Wisconsin,Marinette,33,2,0,45.38553432,-88.03324599999998,55075.0,81.78438661710037,6.0606060606060606,31,33,2,0,31,33,40434,0,0,0,0,0
2020-06-01,US,Wisconsin,Marquette,4,1,0,43.81911946,-89.40073763,55077.0,25.68383202773854,25.0,3,4,1,0,3,4,15434,0,0,0,0,0
2020-06-01,US,Wisconsin,Menominee,3,0,0,45.00422544,-88.70950714,55078.0,65.84723441615452,0.0,3,3,0,0,3,3,4658,0,0,0,0,0
2020-06-01,US,Wisconsin,Milwaukee,7799,299,0,43.00486062,-87.96733172,55079.0,824.6574589257353,3.8338248493396585,7500,7750,299,0,7451,7656,948201,49,0,0,49,94
2020-06-01,US,Wisconsin,Monroe,17,1,0,43.94641218,-90.61881899999999,55081.0,36.75437268933907,5.882352941176472,16,17,1,0,16,16,46051,0,0,0,0,1
2020-06-01,US,Wisconsin,Oconto,37,0,0,45.02715345,-88.26807503,55083.0,97.5481149485895,0.0,37,37,0,0,37,37,37830,0,0,0,0,0
2020-06-01,US,Wisconsin,Oneida,9,0,0,45.70677897,-89.51944105,55085.0,25.284450063211125,0.0,9,9,0,0,9,9,35470,0,0,0,0,0
2020-06-01,US,Wisconsin,Outagamie,230,8,0,44.41578887,-88.46565023,55087.0,122.41530723580914,3.4782608695652173,222,227,8,0,219,223,187365,3,0,0,3,4
2020-06-01,US,Wisconsin,Ozaukee,165,12,0,43.38352225,-87.94625009,55089.0,184.9340401923314,7.272727272727272,153,162,12,0,150,160,89147,3,0,0,3,2
2020-06-01,US,Wisconsin,Pepin,1,0,0,44.58307413,-91.99949611,55091.0,13.723068478111706,0.0,1,1,0,0,1,1,7289,0,0,0,0,0
2020-06-01,US,Wisconsin,Pierce,45,0,0,44.71850291,-92.4224416,55093.0,105.2533096318473,0.0,45,45,0,0,45,45,42555,0,0,0,0,0
2020-06-01,US,Wisconsin,Polk,19,1,0,45.46130348,-92.44182875,55095.0,43.39583856748054,5.2631578947368425,18,19,1,0,18,19,43598,0,0,0,0,0
2020-06-01,US,Wisconsin,Portage,12,0,0,44.47558711,-89.50152965,55097.0,16.955858249025038,0.0,12,11,0,0,11,11,70942,1,0,0,1,0
2020-06-01,US,Wisconsin,Price,2,0,0,45.68051754,-90.36098879999999,55099.0,14.980151299528124,0.0,2,2,0,0,2,2,13397,0,0,0,0,0
2020-06-01,US,Wisconsin,Racine,1733,40,0,42.74753117,-88.05941254,55101.0,882.7829311653447,2.308136180034622,1693,1722,37,0,1685,1714,196584,11,3,0,8,8
2020-06-01,US,Wisconsin,Richland,14,4,0,43.3762778,-90.43012729,55103.0,81.1500115928588,28.57142857142857,10,14,4,0,10,14,17377,0,0,0,0,0
2020-06-01,US,Wisconsin,Rock,639,19,0,42.67151616,-89.07147900000002,55105.0,391.17499418440923,2.97339593114241,620,636,19,0,617,632,163129,3,0,0,3,4
2020-06-01,US,Wisconsin,Rusk,5,0,0,45.47498854,-91.1333012,55107.0,35.265904923120324,0.0,5,5,0,0,5,5,14147,0,0,0,0,0
2020-06-01,US,Wisconsin,Sauk,78,3,0,43.42574087,-89.94966132,55111.0,121.03907389590641,3.8461538461538463,75,78,3,0,75,78,64249,0,0,0,0,0
2020-06-01,US,Wisconsin,Sawyer,8,0,0,45.87931905,-91.14504927,55113.0,48.31501389056649,0.0,8,8,0,0,8,8,16489,0,0,0,0,0
2020-06-01,US,Wisconsin,Shawano,48,0,0,44.78902246,-88.76443896,55115.0,117.36228269639842,0.0,48,47,0,0,47,46,40796,1,0,0,1,1
2020-06-01,US,Wisconsin,Sheboygan,90,3,0,43.72099677,-87.94579284,55117.0,78.03017166637767,3.333333333333333,87,90,3,0,87,88,115456,0,0,0,0,2
2020-06-01,US,Wisconsin,St. Croix,92,0,0,45.03437474,-92.45000068,55109.0,101.44783706595213,0.0,92,86,0,0,86,81,89694,6,0,0,6,5
2020-06-01,US,Wisconsin,Taylor,2,0,0,45.21179252,-90.5004405,55119.0,9.83139163348572,0.0,2,2,0,0,2,2,20412,0,0,0,0,0
2020-06-01,US,Wisconsin,Trempealeau,25,0,0,44.30360275,-91.35893614,55121.0,84.3198758811427,0.0,25,25,0,0,25,25,29442,0,0,0,0,0
2020-06-01,US,Wisconsin,Vernon,21,0,0,43.59422667,-90.8324691,55123.0,68.13315164492894,0.0,21,21,0,0,21,21,30785,0,0,0,0,0
2020-06-01,US,Wisconsin,Vilas,8,0,0,46.05467334,-89.51719204,55125.0,36.044154088758724,0.0,8,7,0,0,7,7,21938,1,0,0,1,0
2020-06-01,US,Wisconsin,Walworth,397,17,0,42.66858202,-88.54163073,55127.0,382.2158893980822,4.282115869017632,380,395,17,0,378,392,103718,2,0,0,2,3
2020-06-01,US,Wisconsin,Washburn,2,0,0,45.89838588,-91.79050449,55129.0,12.72264631043257,0.0,2,2,0,0,2,2,15878,0,0,0,0,0
2020-06-01,US,Wisconsin,Washington,257,7,0,43.36863664,-88.22974712,55131.0,188.92335739594512,2.723735408560312,250,252,7,0,245,248,135693,5,0,0,5,4
2020-06-01,US,Wisconsin,Waukesha,709,30,0,43.01833055,-88.30431188,55133.0,175.40908168768772,4.2313117066290555,679,696,30,0,666,690,403072,13,0,0,13,6
2020-06-01,US,Wisconsin,Waupaca,42,1,0,44.47068056,-88.96534501,55135.0,82.36909197881937,2.380952380952381,41,41,1,0,40,39,51128,1,0,0,1,2
2020-06-01,US,Wisconsin,Waushara,8,0,0,44.11324419,-89.24317107,55137.0,32.72920672585198,0.0,8,8,0,0,8,8,24263,0,0,0,0,0
2020-06-01,US,Wisconsin,Winnebago,249,7,0,44.06886922,-88.64477096,55139.0,144.84575962584418,2.8112449799196786,242,244,7,0,237,238,171020,5,0,0,5,6
2020-06-01,US,Wisconsin,Wood,10,1,0,44.45537896,-90.04158336,55141.0,13.698817792024547,10.0,9,10,1,0,9,10,73055,0,0,0,0,0
2020-06-01,US,Wyoming,Albany,25,0,0,41.65498705,-105.72354150000001,56001.0,64.30041152263375,0.0,25,25,0,0,25,25,38601,0,0,0,0,0
2020-06-01,US,Wyoming,Big Horn,6,0,0,44.52405055,-107.9960365,56003.0,50.89058524173028,0.0,6,6,0,0,6,5,11881,0,0,0,0,1
2020-06-01,US,Wyoming,Campbell,31,0,0,44.24886082,-105.54744040000001,56005.0,66.89540579616323,0.0,31,31,0,0,31,31,46140,0,0,0,0,0
2020-06-01,US,Wyoming,Carbon,16,0,0,41.69357844,-106.9326084,56007.0,108.10810810810813,0.0,16,16,0,0,16,16,14971,0,0,0,0,0
2020-06-01,US,Wyoming,Converse,24,0,0,42.97272268,-105.5081848,56009.0,173.63623209376357,0.0,24,24,0,0,24,24,13640,0,0,0,0,0
2020-06-01,US,Wyoming,Crook,5,0,0,44.58855102,-104.56977049999999,56011.0,65.92827004219409,0.0,5,5,0,0,5,5,7450,0,0,0,0,0
2020-06-01,US,Wyoming,Fremont,282,0,0,43.04183996,-108.6296893,56013.0,718.2700389699703,0.0,282,278,0,0,278,277,39531,4,0,0,4,1
2020-06-01,US,Wyoming,Goshen,5,0,0,42.08798185,-104.3534743,56015.0,37.847248505033676,0.0,5,5,0,0,5,5,13376,0,0,0,0,0
2020-06-01,US,Wyoming,Hot Springs,12,0,0,43.71930657,-108.44231740000001,56017.0,271.92386131883075,0.0,12,12,0,0,12,12,4555,0,0,0,0,0
2020-06-01,US,Wyoming,Johnson,18,1,0,44.04057166,-106.58451740000001,56019.0,213.14387211367676,5.5555555555555545,17,18,1,0,17,18,8460,0,0,0,0,0
2020-06-01,US,Wyoming,Laramie,188,0,0,41.30702520000001,-104.6887497,56021.0,188.94472361809045,0.0,188,188,0,0,188,188,98976,0,0,0,0,0
2020-06-01,US,Wyoming,Lincoln,15,0,0,42.26376367,-110.6563997,56023.0,75.642965204236,0.0,15,15,0,0,15,15,19434,0,0,0,0,0
2020-06-01,US,Wyoming,Natrona,79,0,0,42.96180148,-106.79788500000001,56025.0,98.92559292744622,0.0,79,77,0,0,77,76,79115,2,0,0,2,1
2020-06-01,US,Wyoming,Niobrara,2,0,0,43.05607708,-104.47588959999999,56027.0,84.88964346349746,0.0,2,2,0,0,2,2,2388,0,0,0,0,0
2020-06-01,US,Wyoming,Park,2,0,0,44.52157546,-109.58528249999999,56029.0,6.850722751250258,0.0,2,2,0,0,2,2,29324,0,0,0,0,0
2020-06-01,US,Wyoming,Platte,1,0,0,42.13299116,-104.96633100000001,56031.0,11.914690813773385,0.0,1,1,0,0,1,1,8566,0,0,0,0,0
2020-06-01,US,Wyoming,Sheridan,16,0,0,44.79048913,-106.8862389,56033.0,52.484828604231595,0.0,16,16,0,0,16,16,30233,0,0,0,0,0
2020-06-01,US,Wyoming,Sublette,3,0,0,42.76558279,-109.91309220000001,56035.0,30.515715593530675,0.0,3,3,0,0,3,3,9813,0,0,0,0,0
2020-06-01,US,Wyoming,Sweetwater,30,0,0,41.65943896,-108.8827882,56037.0,70.84996339418558,0.0,30,30,0,0,30,27,43051,0,0,0,0,3
2020-06-01,US,Wyoming,Teton,100,0,0,43.93522482,-110.5890801,56039.0,426.1847937265599,0.0,100,100,0,0,100,100,23081,0,0,0,0,0
2020-06-01,US,Wyoming,Uinta,12,0,0,41.2878183,-110.54757820000002,56041.0,59.32957579353307,0.0,12,12,0,0,12,12,20299,0,0,0,0,0
2020-06-01,US,Wyoming,Unassigned,0,16,0,0.0,0.0,90056.0,0.0,0.0,-16,0,15,0,-15,0,,0,1,0,-1,0
2020-06-01,US,Wyoming,Washakie,37,0,0,43.90451606,-107.68018700000002,56043.0,474.05509288917364,0.0,37,36,0,0,36,37,7885,1,0,0,1,-1
2020-06-01,US,Wyoming,Weston,1,0,0,43.83961191,-104.56748809999999,56045.0,14.436263894903998,0.0,1,1,0,0,1,1,6967,0,0,0,0,0
