Date,Country/Region,Province/State,Admin2,Confirmed,Deaths,Recovered,Latitude,Longitude,FIPS,Incidence_Rate,Case-Fatality_Ratio,Active Cases,Previous Confirmed,Previous Deaths,Previous Recovered,Previous Active,Prev2 Confirmed,Population,Daily Confirmed,Daily Deaths,Daily Recovered,Daily Active,Previous Daily Confirmed
2020-10-06,US,Alabama,Autauga,1839,27,0,32.53952745,-86.64408227,1001.0,3291.628631262417,1.4681892332789561,1812,1831,27,0,1804,1828,55601,8,0,0,8,3
2020-10-06,US,Alabama,Baldwin,6116,55,0,30.72774991,-87.72207058,1003.0,2739.72602739726,0.8992805755395683,6061,6085,53,0,6032,6073,218022,31,2,0,29,12
2020-10-06,US,Alabama,Barbour,923,7,0,31.868263,-85.3871286,1005.0,3738.961354613951,0.7583965330444203,916,921,7,0,914,921,24881,2,0,0,2,0
2020-10-06,US,Alabama,Bibb,691,10,0,32.99642064,-87.12511459999996,1007.0,3085.6479414128785,1.447178002894356,681,687,10,0,677,686,22400,4,0,0,4,1
2020-10-06,US,Alabama,Blount,1665,15,0,33.98210918,-86.56790593,1009.0,2879.3276380866737,0.9009009009009008,1650,1662,15,0,1647,1656,57840,3,0,0,3,6
2020-10-06,US,Alabama,Bullock,616,16,0,32.10030533,-85.71265535,1011.0,6098.406098406097,2.5974025974025974,600,613,15,0,598,613,10138,3,1,0,2,0
2020-10-06,US,Alabama,Butler,928,40,0,31.75300095,-86.68057478,1013.0,4771.6988893459475,4.310344827586206,888,927,40,0,887,926,19680,1,0,0,1,1
2020-10-06,US,Alabama,Calhoun,3730,45,0,33.77483727,-85.82630386,1015.0,3283.3061925091333,1.206434316353887,3685,3705,44,0,3661,3679,114277,25,1,0,24,26
2020-10-06,US,Alabama,Chambers,1210,42,0,32.91360079,-85.39072749,1017.0,3638.660010825765,3.471074380165289,1168,1208,42,0,1166,1205,33615,2,0,0,2,3
2020-10-06,US,Alabama,Cherokee,644,13,0,34.17805983,-85.60638968,1019.0,2458.390593983814,2.018633540372671,631,642,13,0,629,639,26032,2,0,0,2,3
2020-10-06,US,Alabama,Chilton,1672,30,0,32.85044126,-86.7173256,1021.0,3763.3924552084272,1.7942583732057416,1642,1661,30,0,1631,1648,44153,11,0,0,11,13
2020-10-06,US,Alabama,Choctaw,367,12,0,32.02227341,-88.26564429999998,1023.0,2915.243466518389,3.2697547683923704,355,366,12,0,354,366,12841,1,0,0,1,0
2020-10-06,US,Alabama,Clarke,1158,16,0,31.68099859,-87.83548597,1025.0,4902.209804419609,1.381692573402418,1142,1158,16,0,1142,1156,23920,0,0,0,0,2
2020-10-06,US,Alabama,Clay,614,9,0,33.26984193,-85.85836077,1027.0,4639.214204760106,1.4657980456026058,605,613,9,0,604,611,13275,1,0,0,1,2
2020-10-06,US,Alabama,Cleburne,436,6,0,33.67679204,-85.52005899,1029.0,2924.2119382964447,1.3761467889908257,430,428,6,0,422,427,14987,8,0,0,8,1
2020-10-06,US,Alabama,Coffee,1482,5,0,31.39932826,-85.98901039,1031.0,2831.3782430935003,0.3373819163292848,1477,1472,5,0,1467,1462,51909,10,0,0,10,10
2020-10-06,US,Alabama,Colbert,1755,26,0,34.69847452,-87.80168544,1033.0,3176.9881066599078,1.4814814814814814,1729,1744,26,0,1718,1734,54762,11,0,0,11,10
2020-10-06,US,Alabama,Conecuh,540,12,0,31.43401703,-86.99320044,1035.0,4475.014502361812,2.2222222222222223,528,540,12,0,528,540,12277,0,0,0,0,0
2020-10-06,US,Alabama,Coosa,179,3,0,32.93690146,-86.24847739,1037.0,1678.7020538310046,1.675977653631285,176,179,3,0,176,179,10715,0,0,0,0,0
2020-10-06,US,Alabama,Covington,1486,28,0,31.247785399999998,-86.45050893,1039.0,4010.904477853653,1.8842530282637957,1458,1480,28,0,1452,1478,36986,6,0,0,6,2
2020-10-06,US,Alabama,Crenshaw,550,30,0,31.72941803,-86.31593104,1041.0,3993.610223642173,5.454545454545454,520,547,30,0,517,547,13824,3,0,0,3,0
2020-10-06,US,Alabama,Cullman,1978,20,0,34.13020303,-86.86888037,1043.0,2361.283545029128,1.0111223458038423,1958,1971,20,0,1951,1959,83442,7,0,0,7,12
2020-10-06,US,Alabama,Dale,1521,45,0,31.43037123,-85.61095742,1045.0,3093.2237858944122,2.9585798816568047,1476,1513,44,0,1469,1509,48956,8,1,0,7,4
2020-10-06,US,Alabama,Dallas,1809,26,0,32.32688101,-87.10866709999998,1047.0,4863.426174857512,1.437258153676064,1783,1808,26,0,1782,1808,38310,1,0,0,1,0
2020-10-06,US,Alabama,DeKalb,2649,21,0,34.45946862,-85.80782906,1049.0,3704.221610056913,0.7927519818799547,2628,2623,21,0,2602,2610,71385,26,0,0,26,13
2020-10-06,US,Alabama,Elmore,2844,50,0,32.59785413,-86.14415284,1051.0,3502.0748931768644,1.7580872011251758,2794,2835,50,0,2785,2826,81887,9,0,0,9,9
2020-10-06,US,Alabama,Escambia,1653,26,0,31.1256789,-87.15918694,1053.0,4512.324952911309,1.572897761645493,1627,1652,26,0,1626,1652,36748,1,0,0,1,0
2020-10-06,US,Alabama,Etowah,3699,45,0,34.04567266,-86.04051873,1055.0,3616.9671842609614,1.2165450121654502,3654,3691,45,0,3646,3685,102501,8,0,0,8,6
2020-10-06,US,Alabama,Fayette,490,10,0,33.72076938,-87.73886638,1057.0,3005.7661636609005,2.0408163265306123,480,485,10,0,475,485,16433,5,0,0,5,0
2020-10-06,US,Alabama,Franklin,1856,30,0,34.44235334,-87.84289505,1059.0,5917.989924111983,1.6163793103448276,1826,1850,30,0,1820,1842,31363,6,0,0,6,8
2020-10-06,US,Alabama,Geneva,744,6,0,31.09389027,-85.83572839,1061.0,2832.020098207149,0.8064516129032258,738,739,6,0,733,733,26314,5,0,0,5,6
2020-10-06,US,Alabama,Greene,310,15,0,32.85504247,-87.95684022,1063.0,3821.970163974849,4.838709677419356,295,310,15,0,295,308,8233,0,0,0,0,2
2020-10-06,US,Alabama,Hale,676,28,0,32.76039258,-87.63284988,1065.0,4614.019520851819,4.142011834319527,648,669,28,0,641,666,14726,7,0,0,7,3
2020-10-06,US,Alabama,Henry,570,5,0,31.51148016,-85.24267944,1067.0,3312.990409764603,0.8771929824561403,565,570,5,0,565,566,17209,0,0,0,0,4
2020-10-06,US,Alabama,Houston,3384,23,0,31.15197924,-85.29939599,1069.0,3196.0106533688445,0.6796690307328606,3361,3368,23,0,3345,3347,104722,16,0,0,16,21
2020-10-06,US,Alabama,Jackson,1705,12,0,34.78144169,-85.99750489,1071.0,3302.599465385659,0.7038123167155426,1693,1694,12,0,1682,1690,51736,11,0,0,11,4
2020-10-06,US,Alabama,Jefferson,20842,353,0,33.55554728,-86.89506300000002,1073.0,3164.721298929656,1.6936954227041552,20489,20731,354,0,20377,20666,659300,111,-1,0,112,65
2020-10-06,US,Alabama,Lamar,403,2,0,33.77995024,-88.09668032,1075.0,2919.232162260051,0.4962779156327544,401,402,2,0,400,400,13844,1,0,0,1,2
2020-10-06,US,Alabama,Lauderdale,1851,37,0,34.90171875,-87.65624729,1077.0,1996.1392876015047,1.998919502971367,1814,1832,37,0,1795,1815,92387,19,0,0,19,17
2020-10-06,US,Alabama,Lawrence,676,26,0,34.52041498,-87.31069453,1079.0,2053.213461304824,3.8461538461538463,650,662,26,0,636,652,32957,14,0,0,14,10
2020-10-06,US,Alabama,Lee,6173,62,0,32.60154883,-85.35132246,1081.0,3751.6257247389726,1.0043738862789569,6111,6156,61,0,6095,6141,163941,17,1,0,16,15
2020-10-06,US,Alabama,Limestone,2330,22,0,34.81185586,-86.98310072,1083.0,2355.557802153364,0.944206008583691,2308,2298,22,0,2276,2258,96174,32,0,0,32,40
2020-10-06,US,Alabama,Lowndes,666,27,0,32.1597283,-86.65158371,1085.0,6847.624922887107,4.0540540540540535,639,662,27,0,635,662,9974,4,0,0,4,0
2020-10-06,US,Alabama,Macon,496,18,0,32.38759944,-85.69267724,1087.0,2745.1848572061103,3.629032258064516,478,492,18,0,474,492,18439,4,0,0,4,0
2020-10-06,US,Alabama,Madison,8316,79,0,34.76327133,-86.55069633,1089.0,2230.034673338536,0.9499759499759499,8237,8276,78,0,8198,8234,366519,40,1,0,39,42
2020-10-06,US,Alabama,Marengo,751,20,0,32.24767634,-87.78796182,1091.0,3981.3391295128026,2.6631158455392807,731,748,19,0,729,743,19066,3,1,0,2,5
2020-10-06,US,Alabama,Marion,1006,29,0,34.13697363,-87.88704173,1093.0,3386.1792722743958,2.8827037773359843,977,1002,29,0,973,997,29763,4,0,0,4,5
2020-10-06,US,Alabama,Marshall,4048,45,0,34.36975964,-86.30486727,1095.0,4182.941699216733,1.1116600790513833,4003,4038,45,0,3993,4032,96109,10,0,0,10,6
2020-10-06,US,Alabama,Mobile,13778,300,0,30.78472347,-88.20842409,1097.0,3334.382033348661,2.177384235738133,13478,13744,297,0,13447,13739,413757,34,3,0,31,5
2020-10-06,US,Alabama,Monroe,598,9,0,31.56729412,-87.36995001,1099.0,2884.2907442241835,1.5050167224080269,589,597,8,0,589,597,21067,1,1,0,0,0
2020-10-06,US,Alabama,Montgomery,9061,188,0,32.2206831,-86.20969272,1101.0,4000.6887842957176,2.074826178126034,8873,9029,186,0,8843,9007,225763,32,2,0,30,22
2020-10-06,US,Alabama,Morgan,3503,31,0,34.45500589,-86.85475946,1103.0,2926.9963819884856,0.8849557522123894,3472,3481,31,0,3450,3461,119089,22,0,0,22,20
2020-10-06,US,Alabama,Perry,544,6,0,32.64048341,-87.29770589,1105.0,6096.604281071389,1.1029411764705883,538,544,6,0,538,544,9140,0,0,0,0,0
2020-10-06,US,Alabama,Pickens,687,15,0,33.28094866,-88.08818103,1107.0,3447.0647265428997,2.183406113537118,672,684,15,0,669,684,19938,3,0,0,3,0
2020-10-06,US,Alabama,Pike,1245,12,0,31.80396383,-85.9408295,1109.0,3759.739083167241,0.9638554216867471,1233,1242,12,0,1230,1238,33338,3,0,0,3,4
2020-10-06,US,Alabama,Randolph,709,13,0,33.29526734,-85.45708831,1111.0,3120.3239151483144,1.833568406205924,696,706,13,0,693,702,22725,3,0,0,3,4
2020-10-06,US,Alabama,Russell,1823,3,0,32.28725256,-85.18415324,1113.0,3145.2183364676252,0.16456390565002746,1820,1822,3,0,1819,1821,57781,1,0,0,1,1
2020-10-06,US,Alabama,Shelby,6448,54,0,33.26879845,-86.66232561,1117.0,2961.8469283699737,0.8374689826302729,6394,6407,51,0,6356,6375,215707,41,3,0,38,32
2020-10-06,US,Alabama,St. Clair,2491,38,0,33.71902176,-86.31029372,1115.0,2782.8671016176604,1.5254917703733442,2453,2474,37,0,2437,2461,88690,17,1,0,16,13
2020-10-06,US,Alabama,Sumter,441,21,0,32.59117397,-88.19916205,1119.0,3548.724551380059,4.761904761904762,420,438,21,0,417,438,12691,3,0,0,3,0
2020-10-06,US,Alabama,Talladega,2266,31,0,33.37823223,-86.16886178,1121.0,2833.279151766736,1.3680494263018534,2235,2257,30,0,2227,2253,79828,9,1,0,8,4
2020-10-06,US,Alabama,Tallapoosa,1201,85,0,32.86698258,-85.79833053,1123.0,2975.202516907375,7.077435470441299,1116,1197,85,0,1112,1195,40497,4,0,0,4,2
2020-10-06,US,Alabama,Tuscaloosa,9291,121,0,33.28726072,-87.52556818,1125.0,4437.916457691481,1.30233559358519,9170,9219,119,0,9100,9194,208911,72,2,0,70,25
2020-10-06,US,Alabama,Walker,2448,89,0,33.80270512,-87.30027177,1127.0,3853.8436107743896,3.63562091503268,2359,2436,88,0,2348,2424,63711,12,1,0,11,12
2020-10-06,US,Alabama,Washington,584,12,0,31.4092794,-88.20689944,1129.0,3577.116256278329,2.054794520547945,572,582,12,0,570,582,16378,2,0,0,2,0
2020-10-06,US,Alabama,Wilcox,539,11,0,31.98773215,-87.30891118,1131.0,5196.182396606575,2.0408163265306123,528,538,11,0,527,538,10627,1,0,0,1,0
2020-10-06,US,Alabama,Winston,773,12,0,34.15030532,-87.37325922,1133.0,3271.403783486394,1.552393272962484,761,770,12,0,758,764,23660,3,0,0,3,6
2020-10-06,US,Alaska,Aleutians East,5,0,0,55.32222414,-161.9722021,2013.0,149.8351813005694,0.0,5,5,0,0,5,5,3515,0,0,0,0,0
2020-10-06,US,Alaska,Aleutians West,8,0,0,52.3233,-174.1596,2016.0,141.9950301739439,0.0,8,8,0,0,8,8,5723,0,0,0,0,0
2020-10-06,US,Alaska,Anchorage,4929,36,0,61.14998174,-149.14269860000005,2020.0,1711.458333333333,0.7303712720632989,4893,4862,36,0,4826,4743,291538,67,0,0,67,119
2020-10-06,US,Alaska,Bethel,137,1,0,60.90980451,-159.8561831,2050.0,745.1321657783096,0.7299270072992701,136,122,1,0,121,118,18216,15,0,0,15,4
2020-10-06,US,Alaska,Bristol Bay,10,0,0,58.74513976,-156.701064,2060.0,1196.1722488038274,0.0,10,10,0,0,10,10,877,0,0,0,0,0
2020-10-06,US,Alaska,Denali,10,0,0,63.67264044,-150.0076108,2068.0,476.8717215069146,0.0,10,10,0,0,10,10,2059,0,0,0,0,0
2020-10-06,US,Alaska,Dillingham,10,0,0,59.79603738,-158.23819419999995,2070.0,203.41741253051262,0.0,10,9,0,0,9,9,5000,1,0,0,1,0
2020-10-06,US,Alaska,Fairbanks North Star,1356,11,0,64.80726247,-146.5692662,2090.0,1400.1177090109345,0.8112094395280236,1345,1333,11,0,1322,1267,98971,23,0,0,23,66
2020-10-06,US,Alaska,Haines,5,0,0,59.09893571,-135.4679843,2100.0,197.6284584980237,0.0,5,5,0,0,5,5,2474,0,0,0,0,0
2020-10-06,US,Alaska,Juneau,304,2,0,58.45031811,-134.200436,2110.0,950.7725026584101,0.6578947368421053,302,302,2,0,300,300,32113,2,0,0,2,2
2020-10-06,US,Alaska,Kenai Peninsula,472,3,0,60.24429722,-151.53888840000005,2122.0,803.9790147850379,0.6355932203389829,469,468,3,0,465,466,58533,4,0,0,4,2
2020-10-06,US,Alaska,Ketchikan Gateway,50,0,0,55.57445008,-130.975561,2130.0,359.68635349974824,0.0,50,50,0,0,50,50,13918,0,0,0,0,0
2020-10-06,US,Alaska,Kodiak Island,36,0,0,57.65529415,-153.7493579,2150.0,276.96568702877363,0.0,36,31,0,0,31,29,13345,5,0,0,5,2
2020-10-06,US,Alaska,Kusilvak,15,0,0,62.15429159999999,-163.39678830000003,2158.0,180.418571084917,0.0,15,15,0,0,15,14,8303,0,0,0,0,1
2020-10-06,US,Alaska,Matanuska-Susitna,683,2,0,62.31305045,-149.5741743,2170.0,630.5566069961318,0.2928257686676428,681,671,2,0,669,663,107610,12,0,0,12,8
2020-10-06,US,Alaska,Nome,84,0,0,64.90320724,-164.0353804,2180.0,839.6641343462614,0.0,84,83,0,0,83,82,10008,1,0,0,1,1
2020-10-06,US,Alaska,North Slope,150,0,0,69.31479216,-153.4836093,2185.0,1525.6305939788447,0.0,150,147,0,0,147,147,9872,3,0,0,3,0
2020-10-06,US,Alaska,Northwest Arctic,139,0,0,67.04919196,-159.7503946,2188.0,1823.9076236714345,0.0,139,133,0,0,133,132,7671,6,0,0,6,1
2020-10-06,US,Alaska,Petersburg,8,1,0,57.13978948,-132.9540995,2195.0,244.94794856093085,12.5,7,8,1,0,7,8,3221,0,0,0,0,0
2020-10-06,US,Alaska,Prince of Wales-Hyder,31,0,0,55.76261984,-133.0511621,2198.0,499.7581815250685,0.0,31,31,0,0,31,31,6422,0,0,0,0,0
2020-10-06,US,Alaska,Sitka,54,0,0,57.24124555,-135.3206587,2220.0,635.8177322500883,0.0,54,54,0,0,54,54,8647,0,0,0,0,0
2020-10-06,US,Alaska,Southeast Fairbanks,34,0,0,63.87692095,-143.2127643,2240.0,493.254025823299,0.0,34,34,0,0,34,33,6918,0,0,0,0,1
2020-10-06,US,Alaska,Unassigned,21,0,0,0.0,0.0,90002.0,0.0,0.0,21,21,0,0,21,21,,0,0,0,0,0
2020-10-06,US,Alaska,Valdez-Cordova,80,0,0,61.47502768,-144.7126799,2261.0,869.376222560313,0.0,80,80,0,0,80,80,9164,0,0,0,0,0
2020-10-06,US,Alaska,Wrangell,13,0,0,56.3202004,-132.05837309999998,2275.0,519.5843325339728,0.0,13,13,0,0,13,13,2503,0,0,0,0,0
2020-10-06,US,Alaska,Yakutat,25,0,0,59.890980799999994,-140.36014509999998,2282.0,4317.789291882556,0.0,25,25,0,0,25,24,604,0,0,0,0,1
2020-10-06,US,Alaska,Yukon-Koyukuk,83,2,0,65.50815459,-151.39073869999999,2290.0,1586.9980879541108,2.409638554216868,81,83,2,0,81,83,5327,0,0,0,0,0
2020-10-06,US,Arizona,Apache,3622,165,0,35.39465006,-109.4892383,4001.0,5038.46314354473,4.555494202098288,3457,3581,165,0,3416,3579,71818,41,0,0,41,2
2020-10-06,US,Arizona,Cochise,1928,73,0,31.87934684,-109.7516088,4003.0,1531.1065580279856,3.7863070539419086,1855,1919,73,0,1846,1919,126770,9,0,0,9,0
2020-10-06,US,Arizona,Coconino,4331,144,0,35.83883429,-111.77071780000001,4005.0,3018.6233237614647,3.32486723620411,4187,4291,144,0,4147,4275,142854,40,0,0,40,16
2020-10-06,US,Arizona,Gila,1463,60,0,33.80190085,-110.8132779,4007.0,2708.356473768003,4.101161995898838,1403,1451,60,0,1391,1451,53889,12,0,0,12,0
2020-10-06,US,Arizona,Graham,898,25,0,32.93166885,-109.8882178,4009.0,2312.228029971419,2.783964365256125,873,895,25,0,870,885,38072,3,0,0,3,10
2020-10-06,US,Arizona,Greenlee,60,1,0,33.21498827,-109.2405279,4011.0,631.7119393556537,1.6666666666666667,59,60,1,0,59,60,9483,0,0,0,0,0
2020-10-06,US,Arizona,La Paz,549,15,0,33.72854224,-113.98100290000001,4012.0,2600.909607731666,2.7322404371584703,534,548,15,0,533,548,21098,1,0,0,1,0
2020-10-06,US,Arizona,Maricopa,143917,3431,0,33.34835867,-112.49181540000001,4013.0,3208.555553623367,2.384013007497377,140486,143411,3427,0,139984,143183,4410824,506,4,0,502,228
2020-10-06,US,Arizona,Mohave,4068,228,0,35.70471703,-113.7577902,4015.0,1917.2310433073649,5.604719764011801,3840,4050,228,0,3822,4050,209550,18,0,0,18,0
2020-10-06,US,Arizona,Navajo,5828,236,0,35.3997715,-110.3218983,4017.0,5254.047816523025,4.049416609471518,5592,5817,236,0,5581,5819,110445,11,0,0,11,-2
2020-10-06,US,Arizona,Pima,26052,628,0,32.0971334,-111.7890033,4019.0,2487.589267043453,2.4105634884078,25424,25980,627,0,25353,25925,1039073,72,1,0,71,55
2020-10-06,US,Arizona,Pinal,10810,211,0,32.90525627,-111.3449483,4021.0,2335.837714379555,1.9518963922294168,10599,10746,210,0,10536,10745,447138,64,1,0,63,1
2020-10-06,US,Arizona,Santa Cruz,2895,64,0,31.52508998,-110.8479088,4023.0,6226.074239752247,2.2107081174438687,2831,2889,63,0,2826,2883,46511,6,1,0,5,6
2020-10-06,US,Arizona,Unassigned,0,1,0,0.0,0.0,90004.0,0.0,0.0,-1,0,1,0,-1,0,,0,0,0,0,0
2020-10-06,US,Arizona,Yavapai,2636,84,0,34.59933926,-112.5538588,4025.0,1121.229779794895,3.1866464339908958,2552,2617,84,0,2533,2617,231993,19,0,0,19,0
2020-10-06,US,Arizona,Yuma,12877,347,0,32.76895712,-113.90666740000002,4027.0,6023.284858293535,2.6947270326939505,12530,12815,348,0,12467,12815,212128,62,-1,0,63,0
2020-10-06,US,Arkansas,Arkansas,486,10,0,34.29145151,-91.37277296,5001.0,2779.366350223036,2.05761316872428,476,460,10,0,450,459,17769,26,0,0,26,1
2020-10-06,US,Arkansas,Ashley,452,11,0,33.19153461,-91.76984709999999,5003.0,2299.435315663631,2.433628318584071,441,452,11,0,441,452,20046,0,0,0,0,0
2020-10-06,US,Arkansas,Baxter,411,2,0,36.28784385,-92.33782872,5005.0,980.1583516169037,0.4866180048661801,409,403,2,0,401,402,41619,8,0,0,8,1
2020-10-06,US,Arkansas,Benton,6958,97,0,36.33644656,-94.25680817,5007.0,2492.647085164845,1.3940787582638692,6861,6910,95,0,6815,6890,272608,48,2,0,46,20
2020-10-06,US,Arkansas,Boone,824,20,0,36.3084504,-93.09374925,5009.0,2201.3250694592857,2.4271844660194173,804,815,20,0,795,806,37480,9,0,0,9,9
2020-10-06,US,Arkansas,Bradley,345,8,0,33.46755808,-92.15980837,5011.0,3205.425996469386,2.318840579710145,337,345,8,0,337,345,10897,0,0,0,0,0
2020-10-06,US,Arkansas,Calhoun,37,0,0,33.55598792,-92.49974403,5013.0,713.0468298323376,0.0,37,37,0,0,37,36,5277,0,0,0,0,1
2020-10-06,US,Arkansas,Carroll,771,10,0,36.34038560000001,-93.54270261,5015.0,2716.701902748415,1.2970168612191961,761,759,10,0,749,757,28223,12,0,0,12,2
2020-10-06,US,Arkansas,Chicot,1014,22,0,33.26458973,-91.29539209,5017.0,10021.743427554853,2.1696252465483234,992,1013,22,0,991,1013,10438,1,0,0,1,0
2020-10-06,US,Arkansas,Clark,393,4,0,34.04613432,-93.17484713,5019.0,1760.7526881720432,1.0178117048346056,389,384,4,0,380,381,22061,9,0,0,9,3
2020-10-06,US,Arkansas,Clay,347,10,0,36.36826212,-90.4148172,5021.0,2384.7158270909217,2.8818443804034577,337,342,10,0,332,339,14847,5,0,0,5,3
2020-10-06,US,Arkansas,Cleburne,367,10,0,35.53864922,-92.02640019,5023.0,1472.7717805690438,2.7247956403269757,357,362,9,0,353,360,24965,5,1,0,4,2
2020-10-06,US,Arkansas,Cleveland,194,12,0,33.89723187,-92.18537045,5025.0,2438.4112619406737,6.185567010309278,182,192,12,0,180,192,8018,2,0,0,2,0
2020-10-06,US,Arkansas,Columbia,579,18,0,33.21230701,-93.22642793,5027.0,2468.3463358485737,3.1088082901554404,561,565,18,0,547,555,23537,14,0,0,14,10
2020-10-06,US,Arkansas,Conway,298,3,0,35.26205537,-92.70506566,5029.0,1429.5308452460904,1.0067114093959733,295,297,3,0,294,294,20891,1,0,0,1,3
2020-10-06,US,Arkansas,Craighead,3324,27,0,35.83018283,-90.63235729,5031.0,3012.7252293079077,0.8122743682310469,3297,3287,26,0,3261,3261,108558,37,1,0,36,26
2020-10-06,US,Arkansas,Crawford,1589,20,0,35.58928601,-94.2446814,5033.0,2511.9749592930425,1.2586532410320956,1569,1575,17,0,1558,1560,63406,14,3,0,11,15
2020-10-06,US,Arkansas,Crittenden,2018,48,0,35.21247318,-90.30839406,5035.0,4208.1117714524025,2.3785926660059467,1970,2007,48,0,1959,2007,48342,11,0,0,11,0
2020-10-06,US,Arkansas,Cross,487,14,0,35.29631396,-90.77185818,5037.0,2966.075887691089,2.8747433264887063,473,487,14,0,473,480,16676,0,0,0,0,7
2020-10-06,US,Arkansas,Dallas,171,5,0,33.97042763,-92.65167437,5039.0,2439.7203595377373,2.9239766081871346,166,171,5,0,166,171,7182,0,0,0,0,0
2020-10-06,US,Arkansas,Desha,326,6,0,33.83011025,-91.25500948,5041.0,2869.465716046123,1.8404907975460123,320,320,6,0,314,320,11512,6,0,0,6,0
2020-10-06,US,Arkansas,Drew,366,7,0,33.59035001,-91.71777921,5043.0,2008.891816235797,1.9125683060109289,359,363,7,0,356,363,18328,3,0,0,3,0
2020-10-06,US,Arkansas,Faulkner,2765,23,0,35.14719007,-92.33717519,5045.0,2194.3225376367973,0.8318264014466547,2742,2728,22,0,2706,2704,124806,37,1,0,36,24
2020-10-06,US,Arkansas,Franklin,333,2,0,35.51202821,-93.89299569,5047.0,1879.7629127857751,0.6006006006006006,331,327,2,0,325,325,17810,6,0,0,6,2
2020-10-06,US,Arkansas,Fulton,204,5,0,36.38177105,-91.81729127,5049.0,1635.0084154844915,2.4509803921568634,199,201,5,0,196,198,12269,3,0,0,3,3
2020-10-06,US,Arkansas,Garland,2042,54,0,34.57692074,-93.14921604,5051.0,2054.615338176403,2.6444662095984333,1988,2037,53,0,1984,2028,99154,5,1,0,4,9
2020-10-06,US,Arkansas,Grant,282,2,0,34.29017991,-92.42320562,5053.0,1543.9364905557075,0.7092198581560284,280,278,2,0,276,277,18188,4,0,0,4,1
2020-10-06,US,Arkansas,Greene,979,15,0,36.11735460000001,-90.55832668,5055.0,2159.9558742415884,1.5321756894790604,964,960,15,0,945,956,45325,19,0,0,19,4
2020-10-06,US,Arkansas,Hempstead,412,4,0,33.73325583,-93.66935133,5057.0,1913.4311722088053,0.9708737864077671,408,408,4,0,404,405,21741,4,0,0,4,3
2020-10-06,US,Arkansas,Hot Spring,1957,28,0,34.31709259,-92.95396325,5059.0,5794.912795001628,1.430761369443025,1929,1957,28,0,1929,1954,33701,0,0,0,0,3
2020-10-06,US,Arkansas,Howard,504,12,0,34.09007427,-93.9934871,5061.0,3817.603393425239,2.380952380952381,492,503,12,0,491,503,13341,1,0,0,1,0
2020-10-06,US,Arkansas,Independence,1232,24,0,35.74242707,-91.57001641,5063.0,3257.1050892267017,1.9480519480519483,1208,1217,23,0,1194,1213,37678,15,1,0,14,4
2020-10-06,US,Arkansas,Izard,272,1,0,36.09604046,-91.90847954,5065.0,1995.7443686257245,0.36764705882352944,271,268,0,0,268,268,13593,4,1,0,3,0
2020-10-06,US,Arkansas,Jackson,456,2,0,35.59802983,-91.21494602,5067.0,2727.435851426521,0.43859649122807015,454,449,2,0,447,441,16811,7,0,0,7,8
2020-10-06,US,Arkansas,Jefferson,3579,87,0,34.26767081,-91.92619839,5069.0,5355.860169998803,2.4308466051969826,3492,3562,86,0,3476,3543,68114,17,1,0,16,19
2020-10-06,US,Arkansas,Johnson,889,7,0,35.56759135,-93.46036368,5071.0,3344.871698397171,0.7874015748031497,882,885,7,0,878,883,26742,4,0,0,4,2
2020-10-06,US,Arkansas,Lafayette,126,2,0,33.24116713,-93.60677071,5073.0,1902.1739130434785,1.5873015873015872,124,123,2,0,121,122,6682,3,0,0,3,1
2020-10-06,US,Arkansas,Lawrence,501,13,0,36.04188196,-91.10867198,5075.0,3053.760819212483,2.594810379241517,488,495,13,0,482,492,16434,6,0,0,6,3
2020-10-06,US,Arkansas,Lee,1083,18,0,34.78498904,-90.78383866,5077.0,12227.616574460879,1.6620498614958448,1065,1081,18,0,1063,1081,8985,2,0,0,2,0
2020-10-06,US,Arkansas,Lincoln,2093,16,0,33.95317155,-91.74002806,5079.0,16070.331695331697,0.7644529383659818,2077,2093,16,0,2077,2088,13383,0,0,0,0,5
2020-10-06,US,Arkansas,Little River,374,27,0,33.70375665,-94.23468591,5081.0,3050.819805856921,7.219251336898396,347,373,27,0,346,373,12326,1,0,0,1,0
2020-10-06,US,Arkansas,Logan,451,2,0,35.21413234,-93.71951016,5083.0,2100.996925370353,0.4434589800443459,449,446,1,0,445,446,21737,5,1,0,4,0
2020-10-06,US,Arkansas,Lonoke,1335,17,0,34.75392199,-91.88742357,5085.0,1821.0588058764954,1.2734082397003743,1318,1318,17,0,1301,1314,73657,17,0,0,17,4
2020-10-06,US,Arkansas,Madison,379,5,0,36.01038185,-93.72524943,5087.0,2286.438223938224,1.3192612137203166,374,377,5,0,372,376,16481,2,0,0,2,1
2020-10-06,US,Arkansas,Marion,109,0,0,36.26844485,-92.68451899,5089.0,652.9291961183659,0.0,109,107,0,0,107,107,16722,2,0,0,2,0
2020-10-06,US,Arkansas,Miller,944,11,0,33.31403423,-93.89285258,5091.0,2182.3057539820143,1.1652542372881356,933,919,11,0,908,910,43592,25,0,0,25,9
2020-10-06,US,Arkansas,Mississippi,1789,53,0,35.76271485,-90.05194370000002,5093.0,4400.8757472140915,2.962548910005589,1736,1777,53,0,1724,1773,41239,12,0,0,12,4
2020-10-06,US,Arkansas,Monroe,149,0,0,34.6815935,-91.20540287,5095.0,2223.548724071034,0.0,149,148,0,0,148,145,6900,1,0,0,1,3
2020-10-06,US,Arkansas,Montgomery,170,6,0,34.53704874,-93.65824478,5097.0,1891.8317382595149,3.5294117647058822,164,169,6,0,163,169,8924,1,0,0,1,0
2020-10-06,US,Arkansas,Nevada,235,13,0,33.66340119,-93.30632432,5099.0,2847.7944740668927,5.531914893617022,222,234,13,0,221,233,8326,1,0,0,1,1
2020-10-06,US,Arkansas,Newton,259,19,0,35.91947491,-93.21612969,5101.0,3340.6423320005156,7.335907335907336,240,257,19,0,238,256,7805,2,0,0,2,1
2020-10-06,US,Arkansas,Ouachita,281,7,0,33.58839816,-92.87795984,5103.0,1201.7791463518947,2.491103202846975,274,278,7,0,271,275,23606,3,0,0,3,3
2020-10-06,US,Arkansas,Perry,104,0,0,34.945915299999996,-92.94372564,5105.0,994.7393591582976,0.0,104,98,0,0,98,96,10352,6,0,0,6,2
2020-10-06,US,Arkansas,Phillips,558,15,0,34.43268455,-90.84800154,5107.0,3138.0047238780794,2.6881720430107525,543,550,14,0,536,550,18029,8,1,0,7,0
2020-10-06,US,Arkansas,Pike,239,3,0,34.16250414,-93.65789349,5109.0,2229.893636872551,1.2552301255230125,236,237,3,0,234,237,10673,2,0,0,2,0
2020-10-06,US,Arkansas,Poinsett,731,15,0,35.57433534,-90.66268713,5111.0,3106.9364161849708,2.0519835841313268,716,718,15,0,703,711,23974,13,0,0,13,7
2020-10-06,US,Arkansas,Polk,286,4,0,34.48254879,-94.22728802,5113.0,1432.5786415547989,1.3986013986013983,282,281,4,0,277,280,20049,5,0,0,5,1
2020-10-06,US,Arkansas,Pope,2271,36,0,35.44871474,-93.03212219,5115.0,3544.4499937570226,1.5852047556142668,2235,2254,36,0,2218,2243,64000,17,0,0,17,11
2020-10-06,US,Arkansas,Prairie,166,4,0,34.83624419,-91.55162157,5117.0,2059.042421235425,2.409638554216868,162,164,3,0,161,161,8074,2,1,0,1,3
2020-10-06,US,Arkansas,Pulaski,9944,163,0,34.77054088,-92.31355101,5119.0,2537.3107669853616,1.6391794046661303,9781,9859,160,0,9699,9770,392680,85,3,0,82,89
2020-10-06,US,Arkansas,Randolph,484,23,0,36.3415714,-91.02455531,5121.0,2695.1776367078737,4.752066115702481,461,477,23,0,454,472,17948,7,0,0,7,5
2020-10-06,US,Arkansas,Saline,2292,24,0,34.64916145,-92.67583224,5125.0,1871.98314235076,1.0471204188481675,2268,2275,24,0,2251,2261,121421,17,0,0,17,14
2020-10-06,US,Arkansas,Scott,117,1,0,34.85588887,-94.0632176,5127.0,1138.0215932302306,0.8547008547008547,116,115,1,0,114,112,10319,2,0,0,2,3
2020-10-06,US,Arkansas,Searcy,154,1,0,35.9109364,-92.69936482,5129.0,1954.0667427991373,0.6493506493506493,153,154,1,0,153,154,7958,0,0,0,0,0
2020-10-06,US,Arkansas,Sebastian,4007,64,0,35.19605503,-94.27162713,5131.0,3134.705500402889,1.59720489143998,3943,3974,63,0,3911,3946,127753,33,1,0,32,28
2020-10-06,US,Arkansas,Sevier,1217,19,0,33.99780401,-94.2424869,5133.0,7155.8769918268945,1.561216105176664,1198,1214,19,0,1195,1213,17139,3,0,0,3,1
2020-10-06,US,Arkansas,Sharp,258,6,0,36.16258158,-91.47819342,5135.0,1479.188166494668,2.3255813953488373,252,256,6,0,250,254,17366,2,0,0,2,2
2020-10-06,US,Arkansas,St. Francis,1568,7,0,35.02201976,-90.74828138,5123.0,6273.505641353924,0.44642857142857145,1561,1564,6,0,1558,1563,25439,4,1,0,3,1
2020-10-06,US,Arkansas,Stone,375,16,0,35.86251946,-92.15684085,5137.0,2998.560690868383,4.266666666666667,359,373,15,0,358,373,12457,2,1,0,1,0
2020-10-06,US,Arkansas,Unassigned,1866,0,0,0.0,0.0,90005.0,0.0,0.0,1866,1965,0,0,1965,2001,,-99,0,0,-99,-36
2020-10-06,US,Arkansas,Union,948,47,0,33.16887091,-92.59746952,5139.0,2450.7522878858385,4.957805907172996,901,945,47,0,898,943,39126,3,0,0,3,2
2020-10-06,US,Arkansas,Van Buren,179,3,0,35.58095779,-92.51295036,5141.0,1081.8978543366575,1.675977653631285,176,178,3,0,175,178,16603,1,0,0,1,0
2020-10-06,US,Arkansas,Washington,10030,120,0,35.976844,-94.21800746,5143.0,4193.371713345625,1.1964107676969091,9910,9949,119,0,9830,9899,236961,81,1,0,80,50
2020-10-06,US,Arkansas,White,1001,29,0,35.25688493,-91.74908296,5145.0,1271.062689675314,2.897102897102897,972,975,29,0,946,966,78727,26,0,0,26,9
2020-10-06,US,Arkansas,Woodruff,64,0,0,35.18902527,-91.2439489,5147.0,1012.6582278481012,0.0,64,63,0,0,63,61,6490,1,0,0,1,2
2020-10-06,US,Arkansas,Yell,1271,30,0,35.00292371,-93.41171338,5149.0,5955.672180310202,2.3603461841070024,1241,1271,30,0,1241,1268,21535,0,0,0,0,3
2020-10-06,US,California,Alameda,21809,427,0,37.64629437,-121.8929271,6001.0,1304.8897015488872,1.9579072859828508,21382,21746,425,0,21321,21708,1666753,63,2,0,61,38
2020-10-06,US,California,Alpine,3,0,0,38.59678594,-119.82235940000001,6003.0,265.72187776793623,0.0,3,2,0,0,2,2,1101,1,0,0,1,0
2020-10-06,US,California,Amador,299,16,0,38.44583082,-120.65696000000001,6005.0,752.163413161602,5.351170568561873,283,297,16,0,281,296,39383,2,0,0,2,1
2020-10-06,US,California,Butte,2910,45,0,39.66727762,-121.6005252,6007.0,1327.6395390216526,1.5463917525773196,2865,2903,45,0,2858,2894,231256,7,0,0,7,9
2020-10-06,US,California,Calaveras,324,14,0,38.20537103,-120.55291299999999,6009.0,705.8054678139638,4.320987654320987,310,324,14,0,310,324,45602,0,0,0,0,0
2020-10-06,US,California,Colusa,539,6,0,39.17881957,-122.2331726,6011.0,2501.508330626073,1.1131725417439704,533,538,6,0,532,538,21627,1,0,0,1,0
2020-10-06,US,California,Contra Costa,17322,213,0,37.91923498,-121.9289527,6013.0,1501.6566596678354,1.2296501558711466,17109,17263,212,0,17051,17159,1150215,59,1,0,58,104
2020-10-06,US,California,Del Norte,152,1,0,41.74228275,-123.89740630000001,6015.0,546.5266791313102,0.6578947368421053,151,146,1,0,145,146,27828,6,0,0,6,0
2020-10-06,US,California,El Dorado,1207,4,0,38.77965956,-120.5233166,6017.0,625.89775102026,0.33140016570008285,1203,1196,4,0,1192,1188,190678,11,0,0,11,8
2020-10-06,US,California,Fresno,29136,406,0,36.75733899,-119.6466953,6019.0,2916.2216832932813,1.3934651290499724,28730,29065,399,0,28666,28975,994400,71,7,0,64,90
2020-10-06,US,California,Glenn,609,3,0,39.59875897,-122.3938452,6021.0,2144.894868453492,0.4926108374384237,606,603,3,0,600,603,28047,6,0,0,6,0
2020-10-06,US,California,Humboldt,524,8,0,40.69923009,-123.876044,6023.0,386.5504064680802,1.5267175572519085,516,522,8,0,514,518,136373,2,0,0,2,4
2020-10-06,US,California,Imperial,12109,326,0,33.0393082,-115.36690420000001,6025.0,6682.117926220236,2.6922124039970265,11783,12076,326,0,11750,12047,181827,33,0,0,33,29
2020-10-06,US,California,Inyo,197,15,0,36.51112084,-117.41119779999998,6027.0,1092.0782748489385,7.614213197969542,182,195,15,0,180,194,17987,2,0,0,2,1
2020-10-06,US,California,Kern,32522,386,0,35.34329425,-118.72777959999999,6029.0,3612.744695079549,1.186888875222926,32136,32491,386,0,32105,32443,896764,31,0,0,31,48
2020-10-06,US,California,Kings,7932,82,0,36.07409056,-119.8159973,6031.0,5186.347587289133,1.0337871911245589,7850,7919,82,0,7837,7887,151366,13,0,0,13,32
2020-10-06,US,California,Lake,593,12,0,39.10124298,-122.75362439999999,6033.0,921.0076724753827,2.023608768971332,581,589,11,0,578,588,64382,4,1,0,3,1
2020-10-06,US,California,Lassen,744,0,0,40.67311306,-120.59350990000002,6035.0,2433.51977234815,0.0,744,743,0,0,743,743,30802,1,0,0,1,0
2020-10-06,US,California,Los Angeles,275856,6681,0,34.30828379,-118.22824109999999,6037.0,2747.81412330798,2.4219157821472077,269175,274942,6654,0,268288,274565,10105518,914,27,0,887,377
2020-10-06,US,California,Madera,4718,70,0,37.21513971,-119.76655890000002,6039.0,2998.849529959893,1.483679525222552,4648,4706,70,0,4636,4642,157672,12,0,0,12,64
2020-10-06,US,California,Marin,6796,119,0,38.07122463,-122.72106310000001,6041.0,2625.702209206185,1.7510300176574456,6677,6781,119,0,6662,6773,259666,15,0,0,15,8
2020-10-06,US,California,Mariposa,77,2,0,37.57978556,-119.9073334,6043.0,447.5963494739289,2.5974025974025974,75,76,2,0,74,76,17471,1,0,0,1,0
2020-10-06,US,California,Mendocino,1010,20,0,39.4381191,-123.39113130000001,6045.0,1164.2785507613921,1.98019801980198,990,1005,20,0,985,988,87606,5,0,0,5,17
2020-10-06,US,California,Merced,9081,148,0,37.18922369,-120.72090349999999,6047.0,3270.311149524633,1.6297764563374078,8933,9033,145,0,8888,9033,274765,48,3,0,45,0
2020-10-06,US,California,Modoc,28,0,0,41.58965602,-120.7244817,6049.0,316.7062549485352,0.0,28,27,0,0,27,27,8777,1,0,0,1,0
2020-10-06,US,California,Mono,169,2,0,37.93899289,-118.8872409,6051.0,1170.0360011077264,1.183431952662722,167,169,2,0,167,169,14250,0,0,0,0,0
2020-10-06,US,California,Monterey,10402,75,0,36.21862405,-121.24133970000001,6053.0,2396.437367098173,0.7210151893866564,10327,10359,75,0,10284,10312,435594,43,0,0,43,47
2020-10-06,US,California,Napa,1760,13,0,38.50735751,-122.33283899999999,6055.0,1277.7326054129398,0.7386363636363636,1747,1759,13,0,1746,1752,139417,1,0,0,1,7
2020-10-06,US,California,Nevada,550,7,0,39.30394768,-120.76272809999999,6057.0,551.3508094832339,1.2727272727272727,543,547,7,0,540,544,99696,3,0,0,3,3
2020-10-06,US,California,Orange,54898,1289,0,33.70147516,-117.76459979999998,6059.0,1728.6940925001545,2.3479908193376806,53609,54760,1287,0,53473,54640,3185968,138,2,0,136,120
2020-10-06,US,California,Placer,3694,51,0,39.06167234,-120.72405690000001,6061.0,927.3741053249953,1.3806172171088251,3643,3684,49,0,3635,3648,393149,10,2,0,8,36
2020-10-06,US,California,Plumas,52,0,0,40.00355989,-120.8395236,6063.0,276.49279523581646,0.0,52,51,0,0,51,51,18804,1,0,0,1,0
2020-10-06,US,California,Riverside,60867,1244,0,33.74314981,-115.9933578,6065.0,2463.706403361848,2.0438004173033004,59623,60738,1238,0,59500,59991,2450758,129,6,0,123,747
2020-10-06,US,California,Sacramento,23245,432,0,38.45106826,-121.34253740000001,6067.0,1497.6888750291544,1.8584641858464184,22813,23162,430,0,22732,23076,1540975,83,2,0,81,86
2020-10-06,US,California,San Benito,1371,12,0,36.60308176,-121.069975,6069.0,2182.8429499426825,0.8752735229759301,1359,1367,12,0,1355,1365,61537,4,0,0,4,2
2020-10-06,US,California,San Bernardino,56522,966,0,34.84060306,-116.1774685,6071.0,2592.651203966818,1.7090690350659918,55556,56400,962,0,55438,56275,2171603,122,4,0,118,125
2020-10-06,US,California,San Diego,48821,806,0,33.03484597,-116.73653259999999,6073.0,1462.437805729212,1.6509289035456054,48015,48660,803,0,47857,48436,3343364,161,3,0,158,224
2020-10-06,US,California,San Francisco,11505,111,0,37.75215114,-122.43856720000001,6075.0,1305.0891101912655,0.9647979139504564,11394,11480,108,0,11372,11475,883305,25,3,0,22,5
2020-10-06,US,California,San Joaquin,20731,472,0,37.93433732,-121.2730061,6077.0,2720.075365939424,2.2767835608508995,20259,20569,471,0,20098,20485,752660,162,1,0,161,84
2020-10-06,US,California,San Luis Obispo,3742,31,0,35.38822029,-120.4039028,6079.0,1321.74306190858,0.8284339925173704,3711,3688,31,0,3657,3685,284010,54,0,0,54,3
2020-10-06,US,California,San Mateo,10309,154,0,37.422880799999994,-122.32755459999998,6081.0,1344.8164754041686,1.4938403336890096,10155,10275,152,0,10123,10207,769545,34,2,0,32,68
2020-10-06,US,California,Santa Barbara,9319,115,0,34.65329488,-120.0188492,6083.0,2087.126734886305,1.2340379869084666,9204,9276,115,0,9161,9256,446527,43,0,0,43,20
2020-10-06,US,California,Santa Clara,21978,347,0,37.23104908,-121.6970462,6085.0,1140.0252716494836,1.5788515788515791,21631,21926,345,0,21581,21840,1937570,52,2,0,50,86
2020-10-06,US,California,Santa Cruz,2519,12,0,37.05580291,-122.0066524,6087.0,921.9912668870076,0.4763795156808257,2507,2501,12,0,2489,2494,274255,18,0,0,18,7
2020-10-06,US,California,Shasta,1158,22,0,40.76391419,-122.0396884,6089.0,643.0475344291426,1.8998272884283247,1136,1158,22,0,1136,1117,180040,0,0,0,0,41
2020-10-06,US,California,Sierra,6,0,0,39.57713498,-120.52007009999998,6091.0,199.6672212978369,0.0,6,6,0,0,6,6,2987,0,0,0,0,0
2020-10-06,US,California,Siskiyou,171,0,0,41.59198861,-122.54074340000001,6093.0,392.7513263970234,0.0,171,167,1,0,166,167,43724,4,-1,0,5,0
2020-10-06,US,California,Solano,6624,72,0,38.26827353,-121.9357113,6095.0,1479.750604834656,1.0869565217391304,6552,6601,72,0,6529,6520,446610,23,0,0,23,81
2020-10-06,US,California,Sonoma,8037,122,0,38.52746429,-122.88625060000001,6097.0,1625.8172578974625,1.5179793455269381,7915,7940,122,0,7818,7861,499942,97,0,0,97,79
2020-10-06,US,California,Stanislaus,16767,377,0,37.55862499,-120.9970722,6099.0,3044.8915846438813,2.248464245243633,16390,16759,374,0,16385,16737,549815,8,3,0,5,22
2020-10-06,US,California,Sutter,1763,12,0,39.03417539,-121.6945899,6101.0,1818.0693196935172,0.6806579693703914,1751,1748,11,0,1737,1748,96807,15,1,0,14,0
2020-10-06,US,California,Tehama,642,7,0,40.12570935,-122.23701709999999,6103.0,986.4175527011247,1.0903426791277258,635,637,7,0,630,630,63916,5,0,0,5,7
2020-10-06,US,California,Trinity,26,0,0,40.64917670000001,-123.114713,6105.0,211.64021164021165,0.0,26,25,0,0,25,23,12535,1,0,0,1,2
2020-10-06,US,California,Tulare,16490,265,0,36.22026558,-118.8020203,6107.0,3537.1464730423963,1.6070345664038812,16225,16399,265,0,16134,16399,465861,91,0,0,91,0
2020-10-06,US,California,Tuolumne,233,4,0,38.02644018,-119.95250929999999,6109.0,427.6955835383091,1.7167381974248928,229,230,4,0,226,230,54539,3,0,0,3,0
2020-10-06,US,California,Ventura,13224,154,0,34.44465746,-119.09106129999999,6111.0,1563.1094814930386,1.1645493042952209,13070,13197,153,0,13044,13150,850967,27,1,0,26,47
2020-10-06,US,California,Yolo,2903,56,0,38.68278902,-121.90182879999999,6113.0,1316.5532879818595,1.9290389252497415,2847,2893,56,0,2837,2879,220408,10,0,0,10,14
2020-10-06,US,California,Yuba,1207,10,0,39.26255932,-121.35356440000001,6115.0,1534.2960288808663,0.8285004142502072,1197,1188,9,0,1179,1188,78041,19,1,0,18,0
2020-10-06,US,Colorado,Adams,10001,232,0,39.87432092,-104.3362578,8001.0,1932.8554503972587,2.31976802319768,9769,9900,231,0,9669,9824,511868,101,1,0,100,76
2020-10-06,US,Colorado,Alamosa,254,9,0,37.57250606,-105.7885451,8003.0,1564.7138544939319,3.543307086614173,245,252,9,0,243,250,16683,2,0,0,2,2
2020-10-06,US,Colorado,Arapahoe,9851,373,0,39.64977461,-104.3353617,8005.0,1500.3274493976455,3.786417622576389,9478,9750,373,0,9377,9690,651215,101,0,0,101,60
2020-10-06,US,Colorado,Archuleta,54,0,0,37.19474156,-107.04768670000001,8007.0,384.9169577304157,0.0,54,54,0,0,54,55,13765,0,0,0,0,-1
2020-10-06,US,Colorado,Baca,18,0,0,37.31940883,-102.5603223,8009.0,502.65289025411903,0.0,18,18,0,0,18,18,3585,0,0,0,0,0
2020-10-06,US,Colorado,Bent,11,0,0,37.95474293,-103.0720195,8011.0,197.23865877712032,0.0,11,11,0,0,11,11,5882,0,0,0,0,0
2020-10-06,US,Colorado,Boulder,4628,81,0,40.09313619,-105.3546767,8013.0,1418.7788936712893,1.7502160760587726,4547,4607,81,0,4526,4594,326078,21,0,0,21,13
2020-10-06,US,Colorado,Broomfield,701,37,0,39.95998787,-105.0566324,8014.0,994.8201234655504,5.278174037089872,664,695,34,0,661,690,69267,6,3,0,3,5
2020-10-06,US,Colorado,Chaffee,340,20,0,38.74745778,-106.19265729999998,8015.0,1670.2692080958932,5.882352941176472,320,337,20,0,317,337,20027,3,0,0,3,0
2020-10-06,US,Colorado,Cheyenne,14,0,0,38.82777431,-102.6032558,8017.0,764.6095030038231,0.0,14,14,0,0,14,14,1876,0,0,0,0,0
2020-10-06,US,Colorado,Clear Creek,47,1,0,39.68864463,-105.6463118,8019.0,484.5360824742268,2.127659574468085,46,47,1,0,46,47,9605,0,0,0,0,0
2020-10-06,US,Colorado,Conejos,36,0,0,37.201606,-106.19174879999998,8021.0,438.75685557586837,0.0,36,36,0,0,36,37,8200,0,0,0,0,-1
2020-10-06,US,Colorado,Costilla,33,1,0,37.27732493,-105.4276548,8023.0,848.9837921276047,3.0303030303030303,32,33,1,0,32,32,3828,0,0,0,0,1
2020-10-06,US,Colorado,Crowley,74,1,0,38.32608609,-103.7844965,8025.0,1220.9206401583895,1.351351351351351,73,74,1,0,73,74,5858,0,0,0,0,0
2020-10-06,US,Colorado,Custer,18,0,0,38.10883162,-105.3683478,8027.0,355.1696921862668,0.0,18,18,0,0,18,18,4954,0,0,0,0,0
2020-10-06,US,Colorado,Delta,191,3,0,38.86246243,-107.86313419999999,8029.0,612.9259996149158,1.5706806282722514,188,191,3,0,188,191,30953,0,0,0,0,0
2020-10-06,US,Colorado,Denver,14024,436,0,39.76018276,-104.87256950000001,8031.0,1928.4636783547007,3.1089560752994867,13588,13894,434,0,13460,13811,716492,130,2,0,128,83
2020-10-06,US,Colorado,Dolores,3,0,0,37.75208676,-108.5211585,8033.0,145.98540145985402,0.0,3,3,0,0,3,3,2074,0,0,0,0,0
2020-10-06,US,Colorado,Douglas,2845,61,0,39.33133796,-104.930001,8035.0,810.1858443873629,2.1441124780316345,2784,2803,61,0,2742,2784,342776,42,0,0,42,19
2020-10-06,US,Colorado,Eagle,1281,10,0,39.62754308,-106.6933637,8037.0,2323.7252163186818,0.7806401249024201,1271,1275,10,0,1265,1274,54993,6,0,0,6,1
2020-10-06,US,Colorado,El Paso,7284,181,0,38.83240149,-104.5251411,8041.0,1011.1007311185543,2.4848984074684237,7103,7236,177,0,7059,7187,713856,48,4,0,44,49
2020-10-06,US,Colorado,Elbert,170,3,0,39.28656773,-104.13587209999999,8039.0,636.0133188671481,1.7647058823529411,167,168,3,0,165,168,26282,2,0,0,2,0
2020-10-06,US,Colorado,Fremont,189,1,0,38.47362326,-105.43996670000001,8043.0,395.07514789188735,0.5291005291005291,188,185,1,0,184,182,48021,4,0,0,4,3
2020-10-06,US,Colorado,Garfield,982,5,0,39.59921777,-107.902708,8045.0,1635.0044121809494,0.5091649694501018,977,972,5,0,967,965,59770,10,0,0,10,7
2020-10-06,US,Colorado,Gilpin,19,0,0,39.85646523,-105.5252597,8047.0,304.340861765177,0.0,19,19,0,0,19,19,6121,0,0,0,0,0
2020-10-06,US,Colorado,Grand,100,1,0,40.10603347,-106.11780420000001,8049.0,635.5662895640014,1.0,99,96,1,0,95,85,15525,4,0,0,4,11
2020-10-06,US,Colorado,Gunnison,297,7,0,38.66611652,-107.0320729,8051.0,1700.8361012484256,2.356902356902357,290,296,7,0,289,296,17246,1,0,0,1,0
2020-10-06,US,Colorado,Hinsdale,3,0,0,37.82247444,-107.3004345,8053.0,365.8536585365854,0.0,3,3,0,0,3,3,811,0,0,0,0,0
2020-10-06,US,Colorado,Huerfano,25,1,0,37.68473101,-104.9612585,8055.0,362.4764390314631,4.0,24,25,1,0,24,25,6889,0,0,0,0,0
2020-10-06,US,Colorado,Jackson,9,0,0,40.66593870000001,-106.3408905,8057.0,646.5517241379309,0.0,9,9,0,0,9,9,1399,0,0,0,0,0
2020-10-06,US,Colorado,Jefferson,6158,257,0,39.58635604,-105.2517692,8059.0,1056.4763648154596,4.17343293277038,5901,6095,255,0,5840,6059,580233,63,2,0,61,36
2020-10-06,US,Colorado,Kiowa,1,0,0,38.43260896,-102.7392145,8061.0,71.12375533428165,0.0,1,1,0,0,1,1,1383,0,0,0,0,0
2020-10-06,US,Colorado,Kit Carson,81,3,0,39.30497777,-102.60221990000001,8063.0,1141.32732140341,3.703703703703704,78,81,3,0,78,81,7163,0,0,0,0,0
2020-10-06,US,Colorado,La Plata,269,2,0,37.28632032,-107.8429014,8067.0,478.4688995215312,0.7434944237918215,267,268,2,0,266,268,56310,1,0,0,1,0
2020-10-06,US,Colorado,Lake,99,0,0,39.20278823,-106.35556969999999,8065.0,1218.1616832779625,0.0,99,99,0,0,99,99,7824,0,0,0,0,0
2020-10-06,US,Colorado,Larimer,2815,55,0,40.66671597,-105.4625784,8069.0,788.738550682406,1.9538188277087036,2760,2775,55,0,2720,2747,350518,40,0,0,40,28
2020-10-06,US,Colorado,Las Animas,25,0,0,37.3153406,-104.03764579999999,8071.0,172.34247897421756,0.0,25,25,0,0,25,25,14503,0,0,0,0,0
2020-10-06,US,Colorado,Lincoln,21,0,0,38.98749519,-103.51366490000001,8073.0,368.3564286967199,0.0,21,20,0,0,20,20,5610,1,0,0,1,0
2020-10-06,US,Colorado,Logan,958,6,0,40.7249637,-103.110817,8075.0,4275.068053014414,0.6263048016701461,952,943,6,0,937,924,21528,15,0,0,15,19
2020-10-06,US,Colorado,Mesa,716,7,0,39.01787888,-108.469799,8077.0,464.30192594513977,0.9776536312849162,709,712,7,0,705,708,153207,4,0,0,4,4
2020-10-06,US,Colorado,Mineral,20,0,0,37.66954283,-106.92816979999999,8079.0,2600.780234070221,0.0,20,20,0,0,20,20,776,0,0,0,0,0
2020-10-06,US,Colorado,Moffat,45,1,0,40.61810999,-108.2070876,8081.0,338.7788903109237,2.2222222222222223,44,44,1,0,43,43,13188,1,0,0,1,1
2020-10-06,US,Colorado,Montezuma,150,5,0,37.33859579,-108.59588570000001,8083.0,572.8908070121836,3.333333333333333,145,147,5,0,142,147,26158,3,0,0,3,0
2020-10-06,US,Colorado,Montrose,388,13,0,38.40214114,-108.26390220000002,8085.0,907.4325272463632,3.3505154639175267,375,388,13,0,375,387,42214,0,0,0,0,1
2020-10-06,US,Colorado,Morgan,765,48,0,40.26279810000001,-103.8093302,8087.0,2631.760011008669,6.2745098039215685,717,763,48,0,715,761,28558,2,0,0,2,2
2020-10-06,US,Colorado,Otero,107,6,0,37.9014485,-103.7173385,8089.0,585.4032169821644,5.607476635514018,101,107,6,0,101,107,18432,0,0,0,0,0
2020-10-06,US,Colorado,Ouray,29,1,0,38.14717457,-107.7675136,8091.0,585.6219709208401,3.4482758620689653,28,28,1,0,27,28,4833,1,0,0,1,0
2020-10-06,US,Colorado,Park,59,1,0,39.120926000000004,-105.7182065,8093.0,313.0803926771027,1.6949152542372878,58,59,1,0,58,59,18556,0,0,0,0,0
2020-10-06,US,Colorado,Phillips,33,0,0,40.59414277,-102.3577703,8095.0,773.7397420867526,0.0,33,33,0,0,33,33,4286,0,0,0,0,0
2020-10-06,US,Colorado,Pitkin,229,2,0,39.21720112,-106.9310027,8097.0,1288.9063995046995,0.8733624454148472,227,227,2,0,225,226,17950,2,0,0,2,1
2020-10-06,US,Colorado,Prowers,95,0,0,37.95544985,-102.3926052,8099.0,780.4797896812356,0.0,95,95,0,0,95,95,12164,0,0,0,0,0
2020-10-06,US,Colorado,Pueblo,1217,37,0,38.17359144,-104.5127437,8101.0,722.5811048306655,3.0402629416598197,1180,1213,37,0,1176,1197,167529,4,0,0,4,16
2020-10-06,US,Colorado,Rio Blanco,26,0,0,39.97913541,-108.2179009,8103.0,411.13219481340917,0.0,26,25,0,0,25,26,6336,1,0,0,1,-1
2020-10-06,US,Colorado,Rio Grande,99,2,0,37.5836865,-106.3847838,8105.0,878.6722286322888,2.0202020202020203,97,99,2,0,97,99,11250,0,0,0,0,0
2020-10-06,US,Colorado,Routt,164,8,0,40.48596505,-106.9905548,8107.0,639.6754817068413,4.878048780487805,156,163,8,0,155,161,25733,1,0,0,1,2
2020-10-06,US,Colorado,Saguache,112,2,0,38.08054629,-106.28246599999999,8109.0,1641.26611957796,1.7857142857142858,110,112,2,0,110,111,6843,0,0,0,0,1
2020-10-06,US,Colorado,San Juan,6,0,0,37.76248981,-107.67632890000002,8111.0,824.1758241758242,0.0,6,6,0,0,6,6,762,0,0,0,0,0
2020-10-06,US,Colorado,San Miguel,95,0,0,38.00450883,-108.4020725,8113.0,1161.5111871866975,0.0,95,95,0,0,95,94,8191,0,0,0,0,1
2020-10-06,US,Colorado,Sedgwick,15,1,0,40.87595412,-102.3519227,8115.0,667.2597864768683,6.666666666666668,14,15,1,0,14,15,2303,0,0,0,0,0
2020-10-06,US,Colorado,Summit,492,4,0,39.63803232,-106.1150762,8117.0,1586.5338105833414,0.8130081300813008,488,489,4,0,485,487,31007,3,0,0,3,2
2020-10-06,US,Colorado,Teller,179,4,0,38.88133511,-105.16148929999999,8119.0,705.0575074838506,2.23463687150838,175,178,4,0,174,178,25083,1,0,0,1,0
2020-10-06,US,Colorado,Washington,69,0,0,39.97015535,-103.202587,8121.0,1405.8679706601467,0.0,69,68,0,0,68,68,4909,1,0,0,1,0
2020-10-06,US,Colorado,Weld,4987,151,0,40.55499405,-104.39296209999999,8123.0,1536.8637747617815,3.0278724684178866,4836,4962,151,0,4811,4949,314305,25,0,0,25,13
2020-10-06,US,Colorado,Yuma,143,1,0,40.00346839,-102.4258673,8125.0,1427.2881525102305,0.6993006993006993,142,139,1,0,138,132,10020,4,0,0,4,7
2020-10-06,US,Connecticut,Fairfield,20587,1425,0,41.26809896,-73.3881171,9001.0,2182.3705757888,6.921843882061495,19162,20587,1423,0,19164,20400,943823,0,2,0,-2,187
2020-10-06,US,Connecticut,Hartford,15272,1440,0,41.80283011,-72.73103891,9003.0,1712.6452249585075,9.429020429544265,13832,15235,1440,0,13795,14989,892697,37,0,0,37,246
2020-10-06,US,Connecticut,Litchfield,1911,141,0,41.7937534,-73.2451475,9005.0,1059.7062101778376,7.378335949764521,1770,1921,141,0,1780,1899,181111,-10,0,0,-10,22
2020-10-06,US,Connecticut,Middlesex,1631,193,0,41.45949668,-72.53714864,9007.0,1004.0877637962027,11.833231146535866,1438,1627,193,0,1434,1614,162682,4,0,0,4,13
2020-10-06,US,Connecticut,New Haven,14722,1115,0,41.408032500000004,-72.93620426,9009.0,1722.3608581152305,7.5736992256486895,13607,14715,1115,0,13600,14583,857620,7,0,0,7,132
2020-10-06,US,Connecticut,New London,2413,124,0,41.48896435,-72.10430976,9011.0,909.8587513103024,5.1388313302942406,2289,2349,122,0,2227,2206,266784,64,2,0,62,143
2020-10-06,US,Connecticut,Tolland,1477,67,0,41.85853803,-72.3308481,9013.0,979.9563431771286,4.536222071767097,1410,1473,67,0,1406,1449,150921,4,0,0,4,24
2020-10-06,US,Connecticut,Unassigned,156,0,0,0.0,0.0,90009.0,0.0,0.0,156,157,0,0,157,132,,-1,0,0,-1,25
2020-10-06,US,Connecticut,Windham,1072,16,0,41.82972709,-71.98182316,9015.0,917.9496840266479,1.492537313432836,1056,1056,16,0,1040,1025,117027,16,0,0,16,31
2020-10-06,US,Delaware,Kent,3167,118,0,39.08646628,-75.56884914,10001.0,1751.7949398736628,3.7259235869908434,3049,3162,118,0,3044,3152,178550,5,0,0,5,10
2020-10-06,US,Delaware,New Castle,11159,318,0,39.57992638,-75.64054974,10003.0,1997.1257425016065,2.8497177166412766,10841,11087,317,0,10770,11005,559335,72,1,0,71,82
2020-10-06,US,Delaware,Sussex,7050,210,0,38.66143781,-75.39031349,10005.0,3009.9263528658344,2.9787234042553186,6840,7024,210,0,6814,6996,229286,26,0,0,26,28
2020-10-06,US,Delaware,Unassigned,90,0,0,0.0,0.0,90010.0,0.0,0.0,90,90,0,0,90,90,,0,0,0,0,0
2020-10-06,US,District of Columbia,District of Columbia,15652,631,0,38.90417773,-77.01655992,11001.0,2217.7856433377874,4.031433682596473,15021,15547,631,0,14916,15519,702455,105,0,0,105,28
2020-10-06,US,Florida,Alachua,8619,63,0,29.67866525,-82.35928158,12001.0,3203.577123359463,0.7309432648799165,8556,8570,63,0,8507,8548,269956,49,0,0,49,22
2020-10-06,US,Florida,Baker,1534,13,0,30.33060121,-82.28467476,12003.0,5251.626155426224,0.8474576271186439,1521,1532,13,0,1519,1523,28355,2,0,0,2,9
2020-10-06,US,Florida,Bay,6215,113,0,30.26548745,-85.62122584,12005.0,3557.4253742022265,1.818181818181818,6102,6199,113,0,6086,6194,185287,16,0,0,16,5
2020-10-06,US,Florida,Bradford,1153,9,0,29.95079741,-82.16611613,12007.0,4088.507499734052,0.7805724197745013,1144,1151,9,0,1142,1151,27732,2,0,0,2,0
2020-10-06,US,Florida,Brevard,9511,309,0,28.29409504,-80.73091022,12009.0,1580.0525632037638,3.2488697297865627,9202,9399,308,0,9091,9373,596849,112,1,0,111,26
2020-10-06,US,Florida,Broward,78136,1429,0,26.15184651,-80.48725556,12011.0,4001.274082358568,1.8288624961605409,76707,78012,1423,0,76589,77934,1951260,124,6,0,118,78
2020-10-06,US,Florida,Calhoun,632,13,0,30.40666734,-85.19394153,12013.0,4480.6806097128665,2.056962025316456,619,630,13,0,617,630,14587,2,0,0,2,0
2020-10-06,US,Florida,Charlotte,3159,139,0,26.90131002,-81.92949121,12015.0,1672.224868985231,4.400126622348845,3020,3152,140,0,3012,3149,184998,7,-1,0,8,3
2020-10-06,US,Florida,Citrus,2863,111,0,28.84804315,-82.47614748,12017.0,1913.041154105721,3.877052043311212,2752,2846,110,0,2736,2835,147929,17,1,0,16,11
2020-10-06,US,Florida,Clay,5329,107,0,29.98319144,-81.85609986,12019.0,2430.5365515479903,2.0078814036404578,5222,5304,106,0,5198,5285,216072,25,1,0,24,19
2020-10-06,US,Florida,Collier,12961,228,0,26.11091986,-81.34687065,12021.0,3367.3506502953996,1.7591235244194117,12733,12920,228,0,12692,12909,378488,41,0,0,41,11
2020-10-06,US,Florida,Columbia,3917,61,0,30.22509788,-82.62160164,12023.0,5464.107357085066,1.5573142711258616,3856,3901,62,0,3839,3895,70503,16,-1,0,17,6
2020-10-06,US,Florida,DeSoto,1584,27,0,27.18677893,-81.80941373,12027.0,4168.3113602273625,1.7045454545454546,1557,1582,27,0,1555,1582,37489,2,0,0,2,0
2020-10-06,US,Florida,Dixie,839,10,0,29.60631086,-83.15724673,12029.0,4986.330678711518,1.1918951132300355,829,837,10,0,827,835,16700,2,0,0,2,2
2020-10-06,US,Florida,Duval,31195,438,0,30.33225875,-81.66976468,12031.0,3257.0960214251036,1.4040711652508415,30757,31056,432,0,30624,30985,950181,139,6,0,133,71
2020-10-06,US,Florida,Escambia,12512,243,0,30.67652764,-87.37284571,12033.0,3930.6852310282866,1.942135549872123,12269,12494,243,0,12251,12478,315534,18,0,0,18,16
2020-10-06,US,Florida,Flagler,1807,29,0,29.45933576,-81.31508595,12035.0,1570.1983820091934,1.6048699501936912,1778,1793,29,0,1764,1787,112067,14,0,0,14,6
2020-10-06,US,Florida,Franklin,649,4,0,29.83791238,-84.82731662,12037.0,5352.577319587629,0.6163328197226502,645,647,4,0,643,643,11736,2,0,0,2,4
2020-10-06,US,Florida,Gadsden,2913,49,0,30.57796289,-84.61915825,12039.0,6379.76346911958,1.6821146584277378,2864,2907,47,0,2860,2894,45894,6,2,0,4,13
2020-10-06,US,Florida,Gilchrist,520,16,0,29.72856978,-82.79880657,12041.0,2798.407060596276,3.0769230769230766,504,520,16,0,504,520,18256,0,0,0,0,0
2020-10-06,US,Florida,Glades,552,5,0,26.95635849,-81.18996211,12043.0,3996.814133661574,0.9057971014492754,547,549,5,0,544,549,13724,3,0,0,3,0
2020-10-06,US,Florida,Gulf,888,15,0,29.93543004,-85.24270990000002,12045.0,6510.741256690373,1.6891891891891893,873,888,14,0,874,886,16164,0,1,0,-1,2
2020-10-06,US,Florida,Hamilton,867,8,0,30.49673973,-82.94998918,12047.0,6009.148877183255,0.9227220299884659,859,865,8,0,857,865,14310,2,0,0,2,0
2020-10-06,US,Florida,Hardee,1408,11,0,27.49293939,-81.80956574,12049.0,5227.011174221331,0.78125,1397,1404,11,0,1393,1399,27245,4,0,0,4,5
2020-10-06,US,Florida,Hendry,2092,40,0,26.55386945,-81.16469006,12051.0,4978.344676597973,1.9120458891013383,2052,2089,40,0,2049,2088,41556,3,0,0,3,1
2020-10-06,US,Florida,Hernando,3259,138,0,28.55364461,-82.42700204,12053.0,1680.5899339933994,4.234427738570114,3121,3241,137,0,3104,3239,190865,18,1,0,17,2
2020-10-06,US,Florida,Highlands,2265,94,0,27.34254618,-81.34071957,12055.0,2132.3467111023238,4.150110375275938,2171,2244,92,0,2152,2235,105424,21,2,0,19,9
2020-10-06,US,Florida,Hillsborough,43166,669,0,27.9276559,-82.32013172,12057.0,2932.5365768821057,1.54983088541908,42497,43027,673,0,42354,42891,1436888,139,-4,0,143,136
2020-10-06,US,Florida,Holmes,771,9,0,30.86747479,-85.81319222,12059.0,3930.264566447469,1.1673151750972763,762,769,9,0,760,768,19477,2,0,0,2,1
2020-10-06,US,Florida,Indian River,3346,118,0,27.69308961,-80.60556721,12061.0,2092.2568986324677,3.526598924088464,3228,3339,118,0,3221,3325,157413,7,0,0,7,14
2020-10-06,US,Florida,Jackson,2888,79,0,30.795459700000002,-85.21500423,12063.0,6222.260524841643,2.735457063711912,2809,2876,81,0,2795,2875,48305,12,-2,0,14,1
2020-10-06,US,Florida,Jefferson,569,9,0,30.43669112,-83.89442308,12065.0,3994.1036080303243,1.5817223198594024,560,569,9,0,560,568,14288,0,0,0,0,1
2020-10-06,US,Florida,Lafayette,1236,13,0,29.98484137,-83.18166636,12067.0,14675.848966991214,1.051779935275081,1223,1233,13,0,1220,1233,8732,3,0,0,3,0
2020-10-06,US,Florida,Lake,7729,196,0,28.76202069,-81.7125123,12069.0,2105.3176362913287,2.535903739164187,7533,7712,197,0,7515,7693,356495,17,-1,0,18,19
2020-10-06,US,Florida,Lee,20862,472,0,26.58410348,-81.88399313,12071.0,2707.321915914957,2.2624868181382416,20390,20824,474,0,20350,20780,754610,38,-2,0,40,44
2020-10-06,US,Florida,Leon,10911,85,0,30.45955727,-84.27491114,12073.0,3716.508505289834,0.779030336357804,10826,10878,84,0,10794,10842,292502,33,1,0,32,36
2020-10-06,US,Florida,Levy,1057,10,0,29.31829741,-82.74007147,12075.0,2546.803845505144,0.9460737937559128,1047,1055,10,0,1045,1055,40770,2,0,0,2,0
2020-10-06,US,Florida,Liberty,520,8,0,30.23766008,-84.8829258,12077.0,6224.563083552789,1.5384615384615383,512,520,8,0,512,519,8457,0,0,0,0,1
2020-10-06,US,Florida,Madison,1026,20,0,30.44396917,-83.47398594,12079.0,5548.045206294272,1.9493177387914231,1006,1024,20,0,1004,1022,18529,2,0,0,2,2
2020-10-06,US,Florida,Manatee,11848,296,0,27.47196942,-82.31831044,12081.0,2938.1058541411967,2.4983119513842,11552,11785,296,0,11489,11766,394855,63,0,0,63,19
2020-10-06,US,Florida,Marion,10008,307,0,29.21227113,-82.05803627,12083.0,2737.5751889468493,3.0675459632294166,9701,9969,305,0,9664,9938,359977,39,2,0,37,31
2020-10-06,US,Florida,Martin,4999,142,0,27.0772071,-80.43109784,12085.0,3104.9689440993793,2.8405681136227248,4857,4994,143,0,4851,4985,160912,5,-1,0,6,9
2020-10-06,US,Florida,Miami-Dade,172849,3349,0,25.6112362,-80.55170587,12086.0,6361.89978431618,1.937529288569792,169500,172398,3334,0,169064,172205,2761581,451,15,0,436,193
2020-10-06,US,Florida,Monroe,1886,23,0,25.20904673,-81.07812416,12087.0,2540.820175674948,1.2195121951219512,1863,1880,22,0,1858,1869,75027,6,1,0,5,11
2020-10-06,US,Florida,Nassau,2195,48,0,30.61037141,-81.80297522,12089.0,2476.72778561354,2.1867881548974943,2147,2188,48,0,2140,2182,85832,7,0,0,7,6
2020-10-06,US,Florida,Okaloosa,5206,117,0,30.69143028,-86.59267105,12091.0,2470.366046939802,2.247406838263542,5089,5181,117,0,5064,5176,207269,25,0,0,25,5
2020-10-06,US,Florida,Okeechobee,1601,28,0,27.386336199999995,-80.88944347,12093.0,3796.7178903433883,1.7489069331667708,1573,1597,28,0,1569,1592,41537,4,0,0,4,5
2020-10-06,US,Florida,Orange,41218,487,0,28.51367621,-81.31799498,12095.0,2957.977741608609,1.1815226357416662,40731,41055,483,0,40572,40940,1380645,163,4,0,159,115
2020-10-06,US,Florida,Osceola,12846,164,0,28.06312234,-81.14882926,12097.0,3418.753376571188,1.276661995952047,12682,12798,159,0,12639,12760,367990,48,5,0,43,38
2020-10-06,US,Florida,Palm Beach,47244,1396,0,26.64676272,-80.46536002,12099.0,3156.3967743875146,2.95487257641182,45848,47153,1394,0,45759,47079,1485941,91,2,0,89,74
2020-10-06,US,Florida,Pasco,9538,210,0,28.30810945,-82.40227529,12101.0,1721.8253731855216,2.2017194380373244,9328,9499,210,0,9289,9476,539630,39,0,0,39,23
2020-10-06,US,Florida,Pinellas,22603,768,0,27.93130349,-82.72239666,12103.0,2318.2659210909587,3.3977790558775385,21835,22548,766,0,21782,22509,975280,55,2,0,53,39
2020-10-06,US,Florida,Polk,20587,532,0,27.95027105,-81.69732947,12105.0,2840.459893180937,2.584155049302958,20055,20500,533,0,19967,20425,708009,87,-1,0,88,75
2020-10-06,US,Florida,Putnam,2160,42,0,29.60779729,-81.74230285,12107.0,2898.5118288804492,1.9444444444444444,2118,2165,41,0,2124,2162,74163,-5,1,0,-6,3
2020-10-06,US,Florida,Santa Rosa,5464,77,0,30.69341450000001,-87.02458128,12113.0,2964.522307162273,1.4092240117130308,5387,5437,78,0,5359,5430,179349,27,-1,0,28,7
2020-10-06,US,Florida,Sarasota,8407,268,0,27.18546175,-82.33174248,12115.0,1938.2490051689715,3.1878196740811227,8139,8376,265,0,8111,8343,426718,31,3,0,28,33
2020-10-06,US,Florida,Seminole,9278,228,0,28.7158582,-81.24060348,12117.0,1966.402868854196,2.4574261694330675,9050,9250,228,0,9022,9213,467832,28,0,0,28,37
2020-10-06,US,Florida,St. Johns,5565,74,0,29.90096506,-81.43589967,12109.0,2102.6024664490387,1.3297394429469902,5491,5526,74,0,5452,5518,254261,39,0,0,39,8
2020-10-06,US,Florida,St. Lucie,8245,294,0,27.37763908,-80.47106649,12111.0,2511.445428986558,3.5657974530018195,7951,8228,294,0,7934,8205,321128,17,0,0,17,23
2020-10-06,US,Florida,Sumter,2481,73,0,28.70181754,-82.0794267,12119.0,1873.584050747621,2.9423619508262795,2408,2458,73,0,2385,2446,128754,23,0,0,23,12
2020-10-06,US,Florida,Suwannee,2789,72,0,30.19746066,-82.99099670000003,12121.0,6279.127361145506,2.581570455360344,2717,2776,72,0,2704,2771,44191,13,0,0,13,5
2020-10-06,US,Florida,Taylor,1361,14,0,30.04848048,-83.60445406,12123.0,6309.981918494134,1.0286554004408524,1347,1352,13,0,1339,1345,21623,9,1,0,8,7
2020-10-06,US,Florida,Unassigned,1817,0,0,0.0,0.0,90012.0,0.0,0.0,1817,1792,0,0,1792,1785,,25,0,0,25,7
2020-10-06,US,Florida,Union,1001,23,0,30.04412971,-82.37497443,12125.0,6569.534685305506,2.2977022977022976,978,1000,18,0,982,992,14940,1,5,0,-4,8
2020-10-06,US,Florida,Volusia,11190,265,0,29.05858895,-81.18263252,12127.0,2022.4694731819463,2.368185880250224,10925,11150,261,0,10889,11110,547538,40,4,0,36,40
2020-10-06,US,Florida,Wakulla,1165,10,0,30.16548905,-84.39895211,12129.0,3452.977266664692,0.8583690987124464,1155,1160,10,0,1150,1158,32461,5,0,0,5,2
2020-10-06,US,Florida,Walton,2021,26,0,30.64204028,-86.16935664,12131.0,2728.463231224096,1.286491835724889,1995,2009,25,0,1984,2007,71375,12,1,0,11,2
2020-10-06,US,Florida,Washington,1093,24,0,30.61359259,-85.66002461,12133.0,4290.8177285753545,2.195791399817017,1069,1092,23,0,1069,1090,24880,1,1,0,0,2
2020-10-06,US,Georgia,Appling,1072,33,0,31.74847232,-82.28909114,13001.0,5830.52322419232,3.0783582089552235,1039,1067,30,0,1037,1061,18507,5,3,0,2,6
2020-10-06,US,Georgia,Atkinson,449,4,0,31.29633502,-82.87545866,13003.0,5499.081445192895,0.8908685968819601,445,448,3,0,445,448,8297,1,1,0,0,0
2020-10-06,US,Georgia,Bacon,609,14,0,31.55456473,-82.45936528,13005.0,5455.034037979219,2.2988505747126435,595,605,14,0,591,604,11185,4,0,0,4,1
2020-10-06,US,Georgia,Baker,84,4,0,31.32669878,-84.44218806,13007.0,2764.976958525345,4.761904761904762,80,84,4,0,80,84,3092,0,0,0,0,0
2020-10-06,US,Georgia,Baldwin,2151,58,0,33.06882326,-83.24701748,13009.0,4791.713076409001,2.6964202696420267,2093,2149,58,0,2091,2145,44823,2,0,0,2,4
2020-10-06,US,Georgia,Banks,505,8,0,34.35607081,-83.49644388,13011.0,2625.5589061037745,1.5841584158415842,497,503,8,0,495,503,18988,2,0,0,2,0
2020-10-06,US,Georgia,Barrow,2310,48,0,33.99148694,-83.71436292,13013.0,2775.1081210956268,2.0779220779220777,2262,2286,48,0,2238,2274,80809,24,0,0,24,12
2020-10-06,US,Georgia,Bartow,3041,88,0,34.23732119,-84.83887523,13015.0,2822.588130464646,2.8937849391647483,2953,3014,88,0,2926,3007,106408,27,0,0,27,7
2020-10-06,US,Georgia,Ben Hill,812,26,0,31.76095874,-83.22145359,13017.0,4862.275449101797,3.2019704433497536,786,807,26,0,781,807,16787,5,0,0,5,0
2020-10-06,US,Georgia,Berrien,463,12,0,31.27590016,-83.22529920000002,13019.0,2386.967056761355,2.591792656587473,451,462,12,0,450,461,19252,1,0,0,1,1
2020-10-06,US,Georgia,Bibb,6168,181,0,32.80904227,-83.70489165,13021.0,4027.187432668012,2.9345006485084304,5987,6150,177,0,5973,6136,153095,18,4,0,14,14
2020-10-06,US,Georgia,Bleckley,452,21,0,32.43829035,-83.33035166,13023.0,3511.2250446671333,4.6460176991150455,431,449,21,0,428,447,12838,3,0,0,3,2
2020-10-06,US,Georgia,Brantley,354,10,0,31.19576557,-81.97743999,13025.0,1852.530221361662,2.824858757062147,344,352,10,0,342,351,18897,2,0,0,2,1
2020-10-06,US,Georgia,Brooks,528,26,0,30.83922642,-83.58303423,13027.0,3415.9280584848293,4.924242424242424,502,527,26,0,501,526,15513,1,0,0,1,1
2020-10-06,US,Georgia,Bryan,1187,11,0,32.00979311,-81.44002948,13029.0,2995.432407197113,0.9267059814658803,1176,1179,11,0,1168,1175,38109,8,0,0,8,4
2020-10-06,US,Georgia,Bulloch,2934,28,0,32.39577406,-81.74811421,13031.0,3685.559240277359,0.9543285616905248,2906,2929,28,0,2901,2922,77296,5,0,0,5,7
2020-10-06,US,Georgia,Burke,845,10,0,33.05917989,-81.99928721,13033.0,3775.186525488093,1.183431952662722,835,843,10,0,833,843,22423,2,0,0,2,0
2020-10-06,US,Georgia,Butts,704,43,0,33.283094500000004,-83.95435040000002,13035.0,2823.227462303497,6.107954545454546,661,687,43,0,644,684,24193,17,0,0,17,3
2020-10-06,US,Georgia,Calhoun,250,9,0,31.53169785,-84.62725131,13037.0,4039.4247859104853,3.6,241,250,9,0,241,250,6352,0,0,0,0,0
2020-10-06,US,Georgia,Camden,1331,16,0,30.92951916,-81.66601818,13039.0,2434.785790070611,1.2021036814425243,1315,1330,16,0,1314,1329,53677,1,0,0,1,1
2020-10-06,US,Georgia,Candler,476,21,0,32.40209349,-82.07702563,13043.0,4406.183467555309,4.411764705882354,455,475,21,0,454,475,10836,1,0,0,1,0
2020-10-06,US,Georgia,Carroll,2892,70,0,33.58138199,-85.07976677,13045.0,2410.160677378492,2.420470262793914,2822,2882,70,0,2812,2874,118121,10,0,0,10,8
2020-10-06,US,Georgia,Catoosa,1246,20,0,34.89872298,-85.13757014,13047.0,1843.7407517016868,1.6051364365971108,1226,1238,20,0,1218,1237,67420,8,0,0,8,1
2020-10-06,US,Georgia,Charlton,641,9,0,30.78371028,-82.13951596,13049.0,4786.439665471924,1.4040561622464898,632,641,9,0,632,641,12968,0,0,0,0,0
2020-10-06,US,Georgia,Chatham,8718,169,0,32.00043026,-81.12489526,13051.0,3012.1272846629577,1.938518008717596,8549,8672,169,0,8503,8652,289195,46,0,0,46,20
2020-10-06,US,Georgia,Chattahoochee,1689,1,0,32.34341231,-84.78809239,13053.0,15485.468048042541,0.059206631142687975,1688,1683,1,0,1682,1683,10684,6,0,0,6,0
2020-10-06,US,Georgia,Chattooga,815,22,0,34.47197698,-85.34535662,13055.0,3287.748598168543,2.6993865030674846,793,813,22,0,791,812,24790,2,0,0,2,1
2020-10-06,US,Georgia,Cherokee,6289,94,0,34.24393976,-84.47431861,13057.0,2430.3153729330343,1.4946732389887103,6195,6275,94,0,6181,6239,254149,14,0,0,14,36
2020-10-06,US,Georgia,Clarke,5218,45,0,33.95436462,-83.37124007,13059.0,4066.0479541186464,0.8623993867382139,5173,5202,45,0,5157,5198,127330,16,0,0,16,4
2020-10-06,US,Georgia,Clay,121,3,0,31.62221166,-84.97713865,13061.0,4269.583627381792,2.479338842975207,118,121,3,0,118,121,2887,0,0,0,0,0
2020-10-06,US,Georgia,Clayton,7182,163,0,33.54187245,-84.35594188,13063.0,2457.4345779043038,2.2695627958785853,7019,7200,163,0,7037,7178,289615,-18,0,0,-18,22
2020-10-06,US,Georgia,Clinch,391,9,0,30.91395822,-82.70432472,13065.0,5908.1293442127535,2.301790281329924,382,390,9,0,381,390,6648,1,0,0,1,0
2020-10-06,US,Georgia,Cobb,20120,435,0,33.94243204,-84.5761255,13067.0,2646.877355648492,2.162027833001988,19685,20054,431,0,19623,20010,756865,66,4,0,62,44
2020-10-06,US,Georgia,Coffee,2102,54,0,31.54892966,-82.85492059999999,13069.0,4857.532410510018,2.568981921979068,2048,2100,53,0,2047,2096,43093,2,1,0,1,4
2020-10-06,US,Georgia,Colquitt,1935,36,0,31.18810588,-83.7677946,13071.0,4243.421052631579,1.8604651162790695,1899,1922,35,0,1887,1915,45592,13,1,0,12,7
2020-10-06,US,Georgia,Columbia,3883,62,0,33.54534185,-82.263524,13073.0,2477.762037852393,1.5967035797064126,3821,3875,62,0,3813,3853,154291,8,0,0,8,22
2020-10-06,US,Georgia,Cook,555,14,0,31.16068491,-83.42947229,13075.0,3213.6653155761437,2.5225225225225225,541,555,14,0,541,555,17162,0,0,0,0,0
2020-10-06,US,Georgia,Coweta,2687,52,0,33.35334302,-84.76129976,13077.0,1809.3179537940466,1.9352437662820992,2635,2675,51,0,2624,2669,145864,12,1,0,11,6
2020-10-06,US,Georgia,Crawford,171,5,0,32.71391813,-83.98061238,13079.0,1378.587552402451,2.9239766081871346,166,171,5,0,166,170,12318,0,0,0,0,1
2020-10-06,US,Georgia,Crisp,589,19,0,31.92289565,-83.76811843,13081.0,2632.755229751475,3.2258064516129035,570,588,18,0,570,585,22601,1,1,0,0,3
2020-10-06,US,Georgia,Dade,290,5,0,34.854916700000004,-85.50490424,13083.0,1799.4539587987094,1.7241379310344829,285,290,5,0,285,290,16226,0,0,0,0,0
2020-10-06,US,Georgia,Dawson,847,8,0,34.44244079,-84.16964071,13085.0,3244.216332158725,0.9445100354191264,839,848,8,0,840,848,25083,-1,0,0,-1,0
2020-10-06,US,Georgia,DeKalb,19263,373,0,33.76944049,-84.22396017,13089.0,2536.9519437058225,1.9363546695737943,18890,19166,372,0,18794,19128,756558,97,1,0,96,38
2020-10-06,US,Georgia,Decatur,1216,32,0,30.87967778,-84.57619536,13087.0,4605.362823814574,2.631578947368421,1184,1211,32,0,1179,1206,26575,5,0,0,5,5
2020-10-06,US,Georgia,Dodge,444,12,0,32.17265114,-83.16948926,13091.0,2154.816792040767,2.702702702702702,432,440,12,0,428,439,20705,4,0,0,4,1
2020-10-06,US,Georgia,Dooly,347,14,0,32.15630737,-83.79746561,13093.0,2591.486183719193,4.034582132564841,333,346,14,0,332,346,13706,1,0,0,1,0
2020-10-06,US,Georgia,Dougherty,3184,188,0,31.53328528,-84.21722377,13095.0,3619.991814088863,5.904522613065327,2996,3183,188,0,2995,3170,91243,1,0,0,1,13
2020-10-06,US,Georgia,Douglas,3693,70,0,33.70291126,-84.77026156,13097.0,2523.5235030032186,1.895477931221229,3623,3682,69,0,3613,3671,145331,11,1,0,10,11
2020-10-06,US,Georgia,Early,515,33,0,31.32155345,-84.90255207,13099.0,5053.974484789009,6.407766990291263,482,513,33,0,480,513,10247,2,0,0,2,0
2020-10-06,US,Georgia,Echols,242,2,0,30.71101099,-82.89687287,13101.0,6040.938592111832,0.8264462809917356,240,242,2,0,240,242,4000,0,0,0,0,0
2020-10-06,US,Georgia,Effingham,1523,26,0,32.36616021,-81.34280942,13103.0,2368.732113972876,1.707156927117531,1497,1510,26,0,1484,1506,62190,13,0,0,13,4
2020-10-06,US,Georgia,Elbert,710,5,0,34.11302332,-82.83936148,13105.0,3699.072626862561,0.7042253521126759,705,709,5,0,704,709,19120,1,0,0,1,0
2020-10-06,US,Georgia,Emanuel,1115,32,0,32.59221302,-82.30239915,13107.0,4923.6068179811,2.8699551569506725,1083,1105,32,0,1073,1102,22612,10,0,0,10,3
2020-10-06,US,Georgia,Evans,433,6,0,32.15328841,-81.8870105,13109.0,4064.20123897128,1.3856812933025404,427,433,6,0,427,432,10721,0,0,0,0,1
2020-10-06,US,Georgia,Fannin,721,26,0,34.86430205,-84.316964,13111.0,2753.169390560562,3.6061026352288486,695,713,25,0,688,709,25964,8,1,0,7,4
2020-10-06,US,Georgia,Fayette,1931,52,0,33.41357794,-84.49089434,13113.0,1687.627271217696,2.692905230450544,1879,1925,52,0,1873,1922,113459,6,0,0,6,3
2020-10-06,US,Georgia,Floyd,3338,47,0,34.26268279,-85.21577392,13115.0,3388.901297488274,1.4080287597363692,3291,3319,47,0,3272,3313,97927,19,0,0,19,6
2020-10-06,US,Georgia,Forsyth,4252,47,0,34.22604035,-84.12315129999998,13117.0,1740.825049539001,1.105362182502352,4205,4226,47,0,4179,4211,236612,26,0,0,26,15
2020-10-06,US,Georgia,Franklin,780,14,0,34.37525597,-83.23159927,13119.0,3340.6141590646284,1.794871794871795,766,778,14,0,764,775,23023,2,0,0,2,3
2020-10-06,US,Georgia,Fulton,28258,581,0,33.79216944,-84.46319413,13121.0,2655.984329899233,2.0560549224998232,27677,28198,579,0,27619,28096,1050114,60,2,0,58,102
2020-10-06,US,Georgia,Gilmer,882,13,0,34.69316688,-84.45802506,13123.0,2811.693072778858,1.473922902494331,869,874,13,0,861,859,30816,8,0,0,8,15
2020-10-06,US,Georgia,Glascock,40,2,0,33.22879932,-82.61297636,13125.0,1346.348030966005,5.0,38,40,2,0,38,40,2995,0,0,0,0,0
2020-10-06,US,Georgia,Glynn,3522,97,0,31.23279254,-81.53811412,13127.0,4129.3439009520225,2.754116978989211,3425,3521,96,0,3425,3520,85219,1,1,0,0,1
2020-10-06,US,Georgia,Gordon,1923,40,0,34.50487351,-84.87296253,13129.0,3317.6336628538897,2.080083203328133,1883,1918,40,0,1878,1912,57685,5,0,0,5,6
2020-10-06,US,Georgia,Grady,814,23,0,30.87454847,-84.23418364,13131.0,3304.510209881054,2.8255528255528257,791,808,23,0,785,807,24748,6,0,0,6,1
2020-10-06,US,Georgia,Greene,521,24,0,33.5769205,-83.17139104,13133.0,2843.265662519101,4.606525911708253,497,517,24,0,493,516,17698,4,0,0,4,1
2020-10-06,US,Georgia,Gwinnett,28207,418,0,33.96044201,-84.02137802,13135.0,3012.7636849132177,1.4819016556173998,27789,28129,417,0,27712,28074,927781,78,1,0,77,55
2020-10-06,US,Georgia,Habersham,1741,71,0,34.63331566,-83.53094677,13137.0,3840.8930462407343,4.078116025272832,1670,1733,71,0,1662,1733,45388,8,0,0,8,0
2020-10-06,US,Georgia,Hall,9677,159,0,34.32207823,-83.81896936,13139.0,4733.394964806473,1.6430711997519891,9518,9639,158,0,9481,9618,202148,38,1,0,37,21
2020-10-06,US,Georgia,Hancock,399,43,0,33.2721566,-82.99766919,13141.0,4717.985101099681,10.776942355889725,356,399,43,0,356,399,8348,0,0,0,0,0
2020-10-06,US,Georgia,Haralson,520,9,0,33.79602175,-85.21005667,13143.0,1745.4350161117081,1.7307692307692308,511,518,9,0,509,518,29533,2,0,0,2,0
2020-10-06,US,Georgia,Harris,806,22,0,32.73709786,-84.90538572,13145.0,2287.433306845272,2.729528535980149,784,805,22,0,783,805,34475,1,0,0,1,0
2020-10-06,US,Georgia,Hart,529,13,0,34.34626973,-82.96567682,13147.0,2018.698721618012,2.457466918714556,516,528,13,0,515,528,26099,1,0,0,1,0
2020-10-06,US,Georgia,Heard,201,6,0,33.29686567,-85.12886832,13149.0,1685.817327853728,2.985074626865672,195,201,6,0,195,201,11879,0,0,0,0,0
2020-10-06,US,Georgia,Henry,5469,106,0,33.4533428,-84.14814659999998,13151.0,2331.5896504534007,1.9381971109892118,5363,5429,105,0,5324,5416,230220,40,1,0,39,13
2020-10-06,US,Georgia,Houston,3206,84,0,32.45802497,-83.66879087,13153.0,2030.8748725160424,2.6200873362445414,3122,3199,84,0,3115,3195,155469,7,0,0,7,4
2020-10-06,US,Georgia,Irwin,325,7,0,31.60213036,-83.27501387,13155.0,3451.571792693288,2.1538461538461537,318,323,6,0,317,323,9398,2,1,0,1,0
2020-10-06,US,Georgia,Jackson,2087,35,0,34.13794553,-83.56814788,13157.0,2859.805144086493,1.6770483948251078,2052,2074,35,0,2039,2066,70422,13,0,0,13,8
2020-10-06,US,Georgia,Jasper,228,4,0,33.31535543,-83.68844964,13159.0,1603.4882903157747,1.7543859649122806,224,227,4,0,223,225,14040,1,0,0,1,2
2020-10-06,US,Georgia,Jeff Davis,731,20,0,31.80405727,-82.63724870000001,13161.0,4836.255375454846,2.735978112175103,711,730,20,0,710,730,15029,1,0,0,1,0
2020-10-06,US,Georgia,Jefferson,817,30,0,33.05867328,-82.41609057,13163.0,5318.31792735321,3.6719706242350063,787,816,30,0,786,815,15430,1,0,0,1,1
2020-10-06,US,Georgia,Jenkins,444,30,0,32.79248718,-81.96040187,13165.0,5117.565698478562,6.756756756756758,414,440,30,0,410,438,8683,4,0,0,4,2
2020-10-06,US,Georgia,Johnson,421,22,0,32.70211082,-82.66166794,13167.0,4365.8612465000515,5.225653206650831,399,421,22,0,399,420,9708,0,0,0,0,1
2020-10-06,US,Georgia,Jones,579,11,0,33.02512137,-83.56019163,13169.0,2014.9643292152425,1.8998272884283247,568,575,10,0,565,573,28616,4,1,0,3,2
2020-10-06,US,Georgia,Lamar,382,19,0,33.07841647,-84.14263877,13171.0,2002.411280599675,4.973821989528796,363,381,19,0,362,381,19000,1,0,0,1,0
2020-10-06,US,Georgia,Lanier,297,6,0,31.03828570000001,-83.06472457,13173.0,2849.4675237455626,2.0202020202020203,291,297,6,0,291,297,10340,0,0,0,0,0
2020-10-06,US,Georgia,Laurens,1743,77,0,32.46325233,-82.92221316,13175.0,3665.923526689943,4.417670682730924,1666,1727,76,0,1651,1719,47325,16,1,0,15,8
2020-10-06,US,Georgia,Lee,716,26,0,31.779330600000005,-84.14324253,13177.0,2387.3032808749,3.6312849162011163,690,714,26,0,688,710,29764,2,0,0,2,4
2020-10-06,US,Georgia,Liberty,1147,23,0,31.82588896,-81.49251135,13179.0,1867.0139171482053,2.005231037489102,1124,1145,23,0,1122,1143,61497,2,0,0,2,2
2020-10-06,US,Georgia,Lincoln,215,7,0,33.79201475,-82.45024131,13181.0,2714.303749526575,3.255813953488372,208,215,7,0,208,214,7915,0,0,0,0,1
2020-10-06,US,Georgia,Long,257,3,0,31.75218791,-81.74952375,13183.0,1313.9731070095606,1.1673151750972763,254,256,3,0,253,256,18998,1,0,0,1,0
2020-10-06,US,Georgia,Lowndes,4012,85,0,30.83568832,-83.27056716,13185.0,3417.20184658365,2.1186440677966103,3927,3996,85,0,3911,3987,116321,16,0,0,16,9
2020-10-06,US,Georgia,Lumpkin,945,14,0,34.57286511,-84.00425681,13187.0,2811.663195477537,1.4814814814814814,931,939,14,0,925,940,32955,6,0,0,6,-1
2020-10-06,US,Georgia,Macon,236,10,0,32.35207048,-84.04234127,13193.0,1822.8160963929868,4.2372881355932215,226,236,10,0,226,236,13143,0,0,0,0,0
2020-10-06,US,Georgia,Madison,721,8,0,34.12920917,-83.21218732,13195.0,2412.985274431057,1.1095700416088763,713,718,8,0,710,714,29650,3,0,0,3,4
2020-10-06,US,Georgia,Marion,193,9,0,32.3483402,-84.52733571,13197.0,2308.888623041033,4.66321243523316,184,193,9,0,184,193,8351,0,0,0,0,0
2020-10-06,US,Georgia,McDuffie,620,14,0,33.47851918,-82.48252774,13189.0,2909.159159159159,2.2580645161290325,606,618,14,0,604,615,21531,2,0,0,2,3
2020-10-06,US,Georgia,McIntosh,297,7,0,31.49683595,-81.40163426,13191.0,2065.6558631242174,2.356902356902357,290,296,7,0,289,296,14340,1,0,0,1,0
2020-10-06,US,Georgia,Meriwether,560,14,0,33.04163534,-84.68859732,13199.0,2645.6276279113713,2.5,546,560,14,0,546,558,21068,0,0,0,0,2
2020-10-06,US,Georgia,Miller,279,1,0,31.16568912,-84.73151117,13201.0,4879.328436516264,0.35842293906810035,278,278,1,0,277,278,5686,1,0,0,1,0
2020-10-06,US,Georgia,Mitchell,826,45,0,31.22483255,-84.19381821,13205.0,3778.072542651969,5.447941888619853,781,825,45,0,780,824,22192,1,0,0,1,1
2020-10-06,US,Georgia,Monroe,711,53,0,33.014289,-83.92097166,13207.0,2578.14199724418,7.454289732770746,658,710,53,0,657,706,27520,1,0,0,1,4
2020-10-06,US,Georgia,Montgomery,327,5,0,32.17201038,-82.53527476,13209.0,3565.198430004361,1.529051987767584,322,324,5,0,319,323,9193,3,0,0,3,1
2020-10-06,US,Georgia,Morgan,491,3,0,33.59232073,-83.49129491,13211.0,2547.2089645154597,0.6109979633401222,488,490,3,0,487,489,18853,1,0,0,1,1
2020-10-06,US,Georgia,Murray,859,6,0,34.78897608,-84.74993177,13213.0,2142.358339984038,0.6984866123399301,853,853,6,0,847,853,39921,6,0,0,6,0
2020-10-06,US,Georgia,Muscogee,6122,171,0,32.50931999,-84.87142262,13215.0,3127.154963247501,2.7932048350212346,5951,6111,171,0,5940,6100,194160,11,0,0,11,11
2020-10-06,US,Georgia,Newton,2647,92,0,33.55514538,-83.84547140000002,13217.0,2368.807273768614,3.4756327918398187,2555,2645,92,0,2553,2639,109541,2,0,0,2,6
2020-10-06,US,Georgia,Oconee,777,26,0,33.83749973,-83.43679568,13219.0,1928.997020854022,3.3462033462033465,751,772,26,0,746,771,39272,5,0,0,5,1
2020-10-06,US,Georgia,Oglethorpe,351,11,0,33.878629600000004,-83.08278123,13221.0,2300.2818009043845,3.133903133903134,340,348,11,0,337,346,15054,3,0,0,3,2
2020-10-06,US,Georgia,Out of GA,16157,167,0,0.0,0.0,80013.0,0.0,1.0336077242062265,15990,16195,164,0,16031,16147,,-38,3,0,-41,48
2020-10-06,US,Georgia,Paulding,2869,58,0,33.91969522,-84.86848792,13223.0,1700.984780662489,2.021610317183688,2811,2864,58,0,2806,2860,164044,5,0,0,5,4
2020-10-06,US,Georgia,Peach,685,25,0,32.56934316,-83.82937,13225.0,2486.749437304872,3.6496350364963503,660,684,25,0,659,684,27297,1,0,0,1,0
2020-10-06,US,Georgia,Pickens,636,10,0,34.46589159,-84.46406611,13227.0,1951.458991746188,1.572327044025157,626,634,10,0,624,632,31980,2,0,0,2,2
2020-10-06,US,Georgia,Pierce,623,22,0,31.35928155,-82.21598442,13229.0,3200.61649113794,3.531300160513644,601,622,22,0,600,621,19389,1,0,0,1,1
2020-10-06,US,Georgia,Pike,351,10,0,33.09310242,-84.38790389,13231.0,1851.0705621769853,2.849002849002849,341,350,10,0,340,348,18634,1,0,0,1,2
2020-10-06,US,Georgia,Polk,1519,18,0,34.00267074,-85.18677781,13233.0,3564.639898622487,1.184990125082291,1501,1517,18,0,1499,1516,42470,2,0,0,2,1
2020-10-06,US,Georgia,Pulaski,319,22,0,32.23334561,-83.47549959999998,13235.0,2864.3261201400733,6.896551724137932,297,318,22,0,296,318,11069,1,0,0,1,0
2020-10-06,US,Georgia,Putnam,722,25,0,33.32056115,-83.37552891,13237.0,3264.1620326416205,3.4626038781163437,697,720,25,0,695,715,21809,2,0,0,2,5
2020-10-06,US,Georgia,Quitman,34,1,0,31.86728114,-85.01773177,13239.0,1478.9038712483691,2.9411764705882355,33,34,1,0,33,34,2279,0,0,0,0,0
2020-10-06,US,Georgia,Rabun,378,11,0,34.88389445,-83.40304637,13241.0,2205.753632491101,2.9100529100529102,367,378,10,0,368,378,16867,0,1,0,-1,0
2020-10-06,US,Georgia,Randolph,331,29,0,31.76622818,-84.75732369,13243.0,4883.446444378873,8.761329305135952,302,331,29,0,302,331,6833,0,0,0,0,0
2020-10-06,US,Georgia,Richmond,7302,168,0,33.35777107,-82.07026432,13245.0,3605.605427665689,2.3007395234182417,7134,7292,167,0,7125,7270,201554,10,1,0,9,22
2020-10-06,US,Georgia,Rockdale,1898,37,0,33.65145002,-84.02202167,13247.0,2088.100686498856,1.9494204425711277,1861,1897,37,0,1860,1896,90594,1,0,0,1,1
2020-10-06,US,Georgia,Schley,106,2,0,32.2654021,-84.31258912,13249.0,2016.359140194027,1.8867924528301887,104,106,2,0,104,106,5236,0,0,0,0,0
2020-10-06,US,Georgia,Screven,425,11,0,32.74976524,-81.60779441,13251.0,3043.104682801088,2.588235294117647,414,424,11,0,413,425,13938,1,0,0,1,-1
2020-10-06,US,Georgia,Seminole,375,9,0,30.93464824,-84.86823924,13253.0,4635.352286773795,2.4,366,373,9,0,364,373,8315,2,0,0,2,0
2020-10-06,US,Georgia,Spalding,1373,62,0,33.26310031,-84.28013991,13255.0,2058.37818388978,4.515659140568099,1311,1365,62,0,1303,1364,66100,8,0,0,8,1
2020-10-06,US,Georgia,Stephens,1142,38,0,34.55151201,-83.29405315,13257.0,4405.014464802314,3.327495621716287,1104,1129,38,0,1091,1123,26035,13,0,0,13,6
2020-10-06,US,Georgia,Stewart,523,15,0,32.07996777,-84.83208037,13259.0,7899.10889593717,2.8680688336520075,508,523,15,0,508,523,6199,0,0,0,0,0
2020-10-06,US,Georgia,Sumter,941,64,0,32.03650571,-84.19821492,13261.0,3187.237501693537,6.801275239107333,877,941,63,0,878,941,29733,0,1,0,-1,0
2020-10-06,US,Georgia,Talbot,166,6,0,32.69642758,-84.53351366,13263.0,2679.5803066989506,3.614457831325301,160,166,6,0,160,166,6272,0,0,0,0,0
2020-10-06,US,Georgia,Taliaferro,23,0,0,33.56543317,-82.88136816,13265.0,1496.4216005204944,0.0,23,23,0,0,23,23,1608,0,0,0,0,0
2020-10-06,US,Georgia,Tattnall,854,11,0,32.04785085,-82.05539188,13267.0,3377.362967650083,1.2880562060889928,843,851,11,0,840,850,25391,3,0,0,3,1
2020-10-06,US,Georgia,Taylor,216,11,0,32.55792548,-84.25077141,13269.0,2693.266832917706,5.092592592592593,205,216,11,0,205,217,8039,0,0,0,0,-1
2020-10-06,US,Georgia,Telfair,396,21,0,31.92829517,-82.93491155,13271.0,2496.847414880201,5.303030303030303,375,396,20,0,376,396,15876,0,1,0,-1,0
2020-10-06,US,Georgia,Terrell,333,32,0,31.77527543,-84.44069698,13273.0,3903.41108896964,9.60960960960961,301,331,32,0,299,331,8611,2,0,0,2,0
2020-10-06,US,Georgia,Thomas,1518,66,0,30.86392347,-83.91847289,13275.0,3414.9962880475127,4.3478260869565215,1452,1514,66,0,1448,1510,44448,4,0,0,4,4
2020-10-06,US,Georgia,Tift,1831,57,0,31.45743864,-83.5236119,13277.0,4504.969983269363,3.113052976515565,1774,1828,57,0,1771,1823,40571,3,0,0,3,5
2020-10-06,US,Georgia,Toombs,1374,51,0,32.12059861,-82.32957247,13279.0,5121.133060007454,3.711790393013101,1323,1364,51,0,1313,1360,26887,10,0,0,10,4
2020-10-06,US,Georgia,Towns,359,10,0,34.91369188,-83.74107459999998,13281.0,2982.4707152945093,2.7855153203342615,349,356,10,0,346,351,11852,3,0,0,3,5
2020-10-06,US,Georgia,Treutlen,267,11,0,32.40422134,-82.56904553,13283.0,3869.004492102593,4.119850187265918,256,263,11,0,252,264,6809,4,0,0,4,-1
2020-10-06,US,Georgia,Troup,2861,102,0,33.03349196,-85.02812115,13285.0,4091.702182431853,3.5651869975533037,2759,2855,101,0,2754,2850,70034,6,1,0,5,5
2020-10-06,US,Georgia,Turner,317,24,0,31.71612656,-83.62069378,13287.0,3969.943644333125,7.570977917981073,293,317,24,0,293,317,7912,0,0,0,0,0
2020-10-06,US,Georgia,Twiggs,199,9,0,32.67435595,-83.43078662,13289.0,2450.7389162561576,4.522613065326633,190,199,9,0,190,199,8188,0,0,0,0,0
2020-10-06,US,Georgia,Unassigned,2195,7,0,0.0,0.0,90013.0,0.0,0.3189066059225513,2188,2277,7,0,2270,2272,,-82,0,0,-82,5
2020-10-06,US,Georgia,Union,823,21,0,34.82995757,-83.98967069,13291.0,3357.6761454041052,2.5516403402187118,802,806,21,0,785,803,24001,17,0,0,17,3
2020-10-06,US,Georgia,Upson,809,63,0,32.87920671,-84.30024826,13293.0,3073.7082066869293,7.787391841779975,746,807,63,0,744,807,26215,2,0,0,2,0
2020-10-06,US,Georgia,Walker,1639,38,0,34.73376362,-85.30165174,13295.0,2349.4502659078853,2.318486882245272,1601,1620,38,0,1582,1618,69410,19,0,0,19,2
2020-10-06,US,Georgia,Walton,1883,57,0,33.78017694,-83.73552314,13297.0,1990.6335563942364,3.0270844397238448,1826,1870,57,0,1813,1867,93503,13,0,0,13,3
2020-10-06,US,Georgia,Ware,1525,62,0,31.05449097,-82.42224148,13299.0,4267.644260368275,4.065573770491803,1463,1523,62,0,1461,1522,35680,2,0,0,2,1
2020-10-06,US,Georgia,Warren,159,5,0,33.41146451,-82.67795848,13301.0,3026.2657023220404,3.1446540880503147,154,158,5,0,153,158,5251,1,0,0,1,0
2020-10-06,US,Georgia,Washington,692,8,0,32.96711864,-82.79357039,13303.0,3396.485717090409,1.1560693641618498,684,692,8,0,684,689,20386,0,0,0,0,3
2020-10-06,US,Georgia,Wayne,1162,31,0,31.5521809,-81.91894878,13305.0,3882.78143482474,2.667814113597246,1131,1159,31,0,1128,1156,29808,3,0,0,3,3
2020-10-06,US,Georgia,Webster,43,2,0,32.04066113,-84.54742852,13307.0,1649.4054468738013,4.651162790697675,41,43,2,0,41,43,2611,0,0,0,0,0
2020-10-06,US,Georgia,Wheeler,348,12,0,32.12009104,-82.72574721,13309.0,4430.299172501592,3.4482758620689653,336,348,12,0,336,347,7879,0,0,0,0,1
2020-10-06,US,Georgia,White,902,20,0,34.64624278,-83.74905525,13311.0,2928.7616078966166,2.217294900221729,882,894,20,0,874,892,29970,8,0,0,8,2
2020-10-06,US,Georgia,Whitfield,4739,61,0,34.80987459,-84.96093476,13313.0,4529.38028061322,1.2871913905887318,4678,4727,61,0,4666,4722,104062,12,0,0,12,5
2020-10-06,US,Georgia,Wilcox,249,24,0,31.97496928,-83.43438555,13315.0,2883.61320208454,9.63855421686747,225,249,23,0,226,249,8812,0,1,0,-1,0
2020-10-06,US,Georgia,Wilkes,269,5,0,33.78290391,-82.74286107,13317.0,2751.355221438069,1.858736059479554,264,268,5,0,263,268,9876,1,0,0,1,0
2020-10-06,US,Georgia,Wilkinson,347,18,0,32.80291082,-83.17140684,13319.0,3875.362966272057,5.187319884726224,329,347,18,0,329,346,9036,0,0,0,0,1
2020-10-06,US,Georgia,Worth,552,30,0,31.55162306,-83.85090513,13321.0,2726.329826640984,5.434782608695652,522,549,30,0,519,547,20299,3,0,0,3,2
2020-10-06,US,Hawaii,Hawaii,834,15,0,19.60121157,-155.5210167,15001.0,413.86908040672307,1.7985611510791366,819,820,15,0,805,810,200983,14,0,0,14,10
2020-10-06,US,Hawaii,Honolulu,11613,132,0,21.45803166,-157.97121819999995,15003.0,1191.611009242091,1.1366571945233792,11481,11546,129,0,11417,11505,980080,67,3,0,64,41
2020-10-06,US,Hawaii,Kauai,59,0,0,22.03935037,-159.5966786,15007.0,81.61232761124867,0.0,59,59,0,0,59,59,72133,0,0,0,0,0
2020-10-06,US,Hawaii,Maui,397,12,0,20.86399628,-156.56890969999995,15009.0,237.13242980103573,3.022670025188917,385,395,12,0,383,396,167207,2,0,0,2,-1
2020-10-06,US,Hawaii,Out of HI,34,1,0,0.0,0.0,80015.0,0.0,2.9411764705882355,33,34,1,0,33,34,,0,0,0,0,0
2020-10-06,US,Idaho,Ada,13767,153,0,43.4526575,-116.24155159999998,16001.0,2858.673510705231,1.1113532359991285,13614,13672,152,0,13520,13583,469966,95,1,0,94,89
2020-10-06,US,Idaho,Adams,28,2,0,44.89333571,-116.4545247,16003.0,652.0726595249182,7.142857142857142,26,29,2,0,27,28,4250,-1,0,0,-1,1
2020-10-06,US,Idaho,Bannock,1298,6,0,42.67002716,-112.2233311,16005.0,1478.225218658892,0.4622496147919877,1292,1272,6,0,1266,1269,87138,26,0,0,26,3
2020-10-06,US,Idaho,Bear Lake,48,1,0,42.28269683,-111.32892379999998,16007.0,783.6734693877553,2.083333333333333,47,48,1,0,47,48,6050,0,0,0,0,0
2020-10-06,US,Idaho,Benewah,155,3,0,47.21754179,-116.6586851,16009.0,1667.0251667025166,1.935483870967742,152,155,3,0,152,152,9226,0,0,0,0,3
2020-10-06,US,Idaho,Bingham,1079,10,0,43.21672879999999,-112.3978437,16011.0,2305.013778812672,0.9267840593141798,1069,1064,10,0,1054,1064,46236,15,0,0,15,0
2020-10-06,US,Idaho,Blaine,706,6,0,43.4085812,-113.9752658,16013.0,3066.7651274922896,0.8498583569405099,700,700,6,0,694,699,22601,6,0,0,6,1
2020-10-06,US,Idaho,Boise,74,2,0,43.98829931,-115.7309284,16015.0,944.962329204444,2.702702702702702,72,73,2,0,71,73,7634,1,0,0,1,0
2020-10-06,US,Idaho,Bonner,371,0,0,48.29996017,-116.6017932,16017.0,811.1239860950174,0.0,371,369,0,0,369,363,44727,2,0,0,2,6
2020-10-06,US,Idaho,Bonneville,3094,17,0,43.38713372,-111.6161537,16019.0,2598.6460835531066,0.5494505494505495,3077,3041,17,0,3024,2993,116854,53,0,0,53,48
2020-10-06,US,Idaho,Boundary,60,1,0,48.76684761,-116.4630179,16021.0,489.9959167006942,1.6666666666666667,59,59,1,0,58,59,11948,1,0,0,1,0
2020-10-06,US,Idaho,Butte,43,0,0,43.72592209,-113.1735463,16023.0,1655.7566422795533,0.0,43,43,0,0,43,43,2611,0,0,0,0,0
2020-10-06,US,Idaho,Camas,38,0,0,43.46665742,-114.8065892,16025.0,3435.8047016274872,0.0,38,37,0,0,37,37,1127,1,0,0,1,0
2020-10-06,US,Idaho,Canyon,8492,103,0,43.61970148,-116.70954990000001,16027.0,3694.5994979312495,1.2129062647197362,8389,8443,103,0,8340,8396,223499,49,0,0,49,47
2020-10-06,US,Idaho,Caribou,137,2,0,42.77149116,-111.5597683,16029.0,1914.7449336128586,1.45985401459854,135,136,1,0,135,136,7060,1,1,0,0,0
2020-10-06,US,Idaho,Cassia,861,7,0,42.28347888,-113.6012409,16031.0,3583.0212234706623,0.8130081300813008,854,815,7,0,808,806,23864,46,0,0,46,9
2020-10-06,US,Idaho,Clark,38,0,0,44.28496071,-112.35057040000001,16033.0,4497.041420118343,0.0,38,37,0,0,37,37,852,1,0,0,1,0
2020-10-06,US,Idaho,Clearwater,82,0,0,46.67459924,-115.6622393,16035.0,936.5006852444037,0.0,82,73,0,0,73,63,8758,9,0,0,9,10
2020-10-06,US,Idaho,Custer,72,1,0,44.24186819,-114.2855494,16037.0,1668.597914252607,1.3888888888888888,71,72,1,0,71,72,4280,0,0,0,0,0
2020-10-06,US,Idaho,Elmore,388,4,0,43.3507101,-115.4701578,16039.0,1410.3449529279196,1.0309278350515465,384,385,4,0,381,382,27259,3,0,0,3,3
2020-10-06,US,Idaho,Franklin,163,1,0,42.18332217,-111.81496659999999,16041.0,1174.6901124243298,0.6134969325153374,162,157,1,0,156,157,13726,6,0,0,6,0
2020-10-06,US,Idaho,Fremont,275,3,0,44.22800938,-111.48099429999999,16043.0,2099.3969005267577,1.0909090909090908,272,272,3,0,269,266,13168,3,0,0,3,6
2020-10-06,US,Idaho,Gem,349,4,0,44.06482372,-116.398376,16045.0,1926.8992932862188,1.146131805157593,345,347,4,0,343,347,17634,2,0,0,2,0
2020-10-06,US,Idaho,Gooding,344,1,0,42.96927962,-114.81083059999999,16047.0,2266.2889518413604,0.2906976744186047,343,330,1,0,329,327,15196,14,0,0,14,3
2020-10-06,US,Idaho,Idaho,233,0,0,45.84721541,-115.4634436,16049.0,1397.9720405591888,0.0,233,228,0,0,228,220,16513,5,0,0,5,8
2020-10-06,US,Idaho,Jefferson,674,3,0,43.82078483,-112.3131749,16051.0,2256.3690535971346,0.4451038575667656,671,666,3,0,663,655,29439,8,0,0,8,11
2020-10-06,US,Idaho,Jerome,830,7,0,42.68891267,-114.2655033,16053.0,3399.9672292315254,0.8433734939759037,823,811,7,0,804,810,24015,19,0,0,19,1
2020-10-06,US,Idaho,Kootenai,2884,39,0,47.67282258,-116.7020872,16055.0,1740.5263824933465,1.3522884882108184,2845,2844,38,0,2806,2812,161505,40,1,0,39,32
2020-10-06,US,Idaho,Latah,647,0,0,46.81587887,-116.71136979999999,16057.0,1613.144509823477,0.0,647,620,0,0,620,574,40134,27,0,0,27,46
2020-10-06,US,Idaho,Lemhi,117,0,0,44.9438088,-113.9309747,16059.0,1457.580665254765,0.0,117,115,0,0,115,114,7961,2,0,0,2,1
2020-10-06,US,Idaho,Lewis,41,1,0,46.23315327,-116.434146,16061.0,1068.264721208963,2.4390243902439024,40,39,1,0,38,36,3861,2,0,0,2,3
2020-10-06,US,Idaho,Lincoln,97,0,0,43.0012336,-114.1358773,16063.0,1807.6779724189341,0.0,97,95,0,0,95,96,5360,2,0,0,2,-1
2020-10-06,US,Idaho,Madison,1177,2,0,43.78141028,-111.65384740000002,16065.0,2949.3572556193158,0.16992353440951571,1175,1102,2,0,1100,1037,39304,75,0,0,75,65
2020-10-06,US,Idaho,Minidoka,799,8,0,42.85518524,-113.6357257,16067.0,3797.709016588241,1.0012515644555695,791,774,8,0,766,764,20825,25,0,0,25,10
2020-10-06,US,Idaho,Nez Perce,492,24,0,46.32638236,-116.75009750000001,16069.0,1217.580677093645,4.878048780487805,468,484,24,0,460,469,40408,8,0,0,8,15
2020-10-06,US,Idaho,Oneida,29,0,0,42.19494279999999,-112.5407838,16071.0,640.0353122930919,0.0,29,28,0,0,28,28,4488,1,0,0,1,0
2020-10-06,US,Idaho,Owyhee,345,5,0,42.58016894,-116.16938710000001,16073.0,2918.0411063181928,1.4492753623188406,340,338,5,0,333,335,11693,7,0,0,7,3
2020-10-06,US,Idaho,Payette,961,9,0,44.00545243,-116.7647695,16075.0,4012.3585654043673,0.9365244536940688,952,947,9,0,938,938,23551,14,0,0,14,9
2020-10-06,US,Idaho,Power,285,1,0,42.69254894,-112.83957420000002,16077.0,3710.454367920844,0.3508771929824561,284,283,1,0,282,283,7768,2,0,0,2,0
2020-10-06,US,Idaho,Shoshone,217,18,0,47.35364087,-115.89167490000001,16079.0,1684.521037106039,8.294930875576037,199,217,18,0,199,217,12796,0,0,0,0,0
2020-10-06,US,Idaho,Teton,209,1,0,43.75303583,-111.2056773,16081.0,1721.2979739746336,0.4784688995215311,208,204,1,0,203,199,11640,5,0,0,5,5
2020-10-06,US,Idaho,Twin Falls,2588,40,0,42.35440512,-114.6685381,16083.0,2978.889937613665,1.545595054095827,2548,2513,38,0,2475,2493,86081,75,2,0,73,20
2020-10-06,US,Idaho,Valley,103,1,0,44.76728382,-115.5676773,16085.0,904.1432584269664,0.9708737864077671,102,98,1,0,97,98,11041,5,0,0,5,0
2020-10-06,US,Idaho,Washington,392,6,0,44.45275475,-116.78476880000001,16087.0,3845.399254463409,1.5306122448979589,386,387,6,0,381,386,10161,5,0,0,5,1
2020-10-06,US,Illinois,Adams,1282,10,0,39.98815591,-91.18786813,17001.0,1959.196148850004,0.7800312012480499,1272,1267,10,0,1257,1249,65691,15,0,0,15,18
2020-10-06,US,Illinois,Alexander,94,1,0,37.18049267,-89.32910838,17003.0,1631.6611699357752,1.0638297872340423,93,91,1,0,90,90,6060,3,0,0,3,1
2020-10-06,US,Illinois,Bond,365,8,0,38.88829622,-89.43534887,17005.0,2222.0869353464027,2.191780821917808,357,363,8,0,355,361,16630,2,0,0,2,2
2020-10-06,US,Illinois,Boone,1243,24,0,42.32359279,-88.82345779,17007.0,2321.455251755565,1.9308125502815767,1219,1224,23,0,1201,1213,53577,19,1,0,18,11
2020-10-06,US,Illinois,Brown,72,0,0,39.96209138,-90.75068024,17009.0,1094.5576162967468,0.0,72,71,0,0,71,71,6556,1,0,0,1,0
2020-10-06,US,Illinois,Bureau,753,14,0,41.40385234,-89.5283051,17011.0,2307.833762412652,1.8592297476759627,739,737,13,0,724,722,32993,16,1,0,15,15
2020-10-06,US,Illinois,Calhoun,66,0,0,39.16840183,-90.66330078,17013.0,1392.698881620595,0.0,66,66,0,0,66,66,4802,0,0,0,0,0
2020-10-06,US,Illinois,Carroll,251,6,0,42.06823429,-89.93395545,17015.0,1754.6312478154491,2.3904382470119523,245,245,6,0,239,243,14312,6,0,0,6,2
2020-10-06,US,Illinois,Cass,415,11,0,39.96991073,-90.24734436,17017.0,3416.4814357454525,2.6506024096385543,404,414,11,0,403,414,12260,1,0,0,1,0
2020-10-06,US,Illinois,Champaign,5096,24,0,40.13919438,-88.20046615,17019.0,2430.2657745518363,0.4709576138147567,5072,5057,24,0,5033,5041,209983,39,0,0,39,16
2020-10-06,US,Illinois,Christian,637,16,0,39.54581621,-89.27780482,17021.0,1971.8920257553243,2.5117739403453694,621,630,16,0,614,626,32661,7,0,0,7,4
2020-10-06,US,Illinois,Clark,194,3,0,39.33425789,-87.78705622,17023.0,1256.3953111845087,1.5463917525773196,191,193,3,0,190,190,15596,1,0,0,1,3
2020-10-06,US,Illinois,Clay,221,0,0,38.75388572,-88.48914513,17025.0,1676.2742718446602,0.0,221,196,0,0,196,191,13253,25,0,0,25,5
2020-10-06,US,Illinois,Clinton,1319,22,0,38.60704876,-89.42385254,17027.0,3511.527607688621,1.6679302501895374,1297,1309,21,0,1288,1297,37639,10,1,0,9,12
2020-10-06,US,Illinois,Coles,1566,34,0,39.51949084,-88.22358557,17029.0,3093.577764169021,2.1711366538952745,1532,1564,32,0,1532,1556,50885,2,2,0,0,8
2020-10-06,US,Illinois,Cook,149588,5268,0,41.84144849,-87.81658794,17031.0,2904.4899522021624,3.5216728614594754,144320,149127,5260,0,143867,148381,5180493,461,8,0,453,746
2020-10-06,US,Illinois,Crawford,497,6,0,39.0032229,-87.75954624,17033.0,2662.452456206139,1.2072434607645874,491,491,6,0,485,481,18807,6,0,0,6,10
2020-10-06,US,Illinois,Cumberland,224,5,0,39.27432424,-88.2401158,17035.0,2080.6241872561773,2.232142857142857,219,222,5,0,217,221,10808,2,0,0,2,1
2020-10-06,US,Illinois,De Witt,144,2,0,40.17514519,-88.90959682,17039.0,920.8338662233023,1.3888888888888888,142,142,2,0,140,141,15769,2,0,0,2,1
2020-10-06,US,Illinois,DeKalb,1757,41,0,41.89373302,-88.76958483,17037.0,1674.9764054262753,2.3335230506545246,1716,1745,40,0,1705,1728,104143,12,1,0,11,17
2020-10-06,US,Illinois,Douglas,352,7,0,39.76768052,-88.21854195,17041.0,1808.3740046236835,1.9886363636363635,345,347,7,0,340,345,19479,5,0,0,5,2
2020-10-06,US,Illinois,DuPage,18414,570,0,41.85116968,-88.08642662,17043.0,1995.1870203408523,3.0954708374063213,17844,18305,568,0,17737,18209,928589,109,2,0,107,96
2020-10-06,US,Illinois,Edgar,121,8,0,39.6809186,-87.74759563,17045.0,705.0871161354232,6.6115702479338845,113,119,8,0,111,120,17360,2,0,0,2,-1
2020-10-06,US,Illinois,Edwards,74,0,0,38.41353228,-88.05720863,17047.0,1157.1540265832682,0.0,74,72,0,0,72,72,6392,2,0,0,2,0
2020-10-06,US,Illinois,Effingham,930,3,0,39.05935711,-88.58969584,17049.0,2734.650670430487,0.3225806451612903,927,924,3,0,921,918,34208,6,0,0,6,6
2020-10-06,US,Illinois,Fayette,480,9,0,39.00072038,-89.02452658,17051.0,2249.718785151856,1.875,471,471,9,0,462,463,21416,9,0,0,9,8
2020-10-06,US,Illinois,Ford,112,5,0,40.59706922,-88.22350769,17053.0,864.1308541007637,4.464285714285714,107,111,5,0,106,111,13264,1,0,0,1,0
2020-10-06,US,Illinois,Franklin,591,4,0,37.99189086,-88.92567818,17055.0,1536.3019574202606,0.6768189509306259,587,580,4,0,576,578,38701,11,0,0,11,2
2020-10-06,US,Illinois,Fulton,225,0,0,40.47289135,-90.20862357,17057.0,655.2125800815378,0.0,225,214,0,0,214,210,34844,11,0,0,11,4
2020-10-06,US,Illinois,Gallatin,79,2,0,37.76430935,-88.22953869,17059.0,1636.2883181441593,2.5316455696202533,77,78,2,0,76,78,5058,1,0,0,1,0
2020-10-06,US,Illinois,Greene,239,14,0,39.35907414,-90.388865,17061.0,1842.856041329324,5.857740585774058,225,239,14,0,225,238,13044,0,0,0,0,1
2020-10-06,US,Illinois,Grundy,747,7,0,41.28569601,-88.41905692,17063.0,1463.1566576565988,0.9370816599732262,740,728,6,0,722,718,50972,19,1,0,18,10
2020-10-06,US,Illinois,Hamilton,80,2,0,38.08163641,-88.53883373,17065.0,985.7072449482504,2.5,78,79,2,0,77,78,8163,1,0,0,1,1
2020-10-06,US,Illinois,Hancock,240,3,0,40.40423981,-91.16313899,17067.0,1355.319629545968,1.25,237,237,3,0,234,236,17844,3,0,0,3,1
2020-10-06,US,Illinois,Hardin,42,0,0,37.51810645,-88.26873022,17069.0,1099.1886940591467,0.0,42,41,0,0,41,40,3910,1,0,0,1,1
2020-10-06,US,Illinois,Henderson,78,0,0,40.81908672,-90.92491462,17071.0,1173.638278663858,0.0,78,78,0,0,78,77,6709,0,0,0,0,1
2020-10-06,US,Illinois,Henry,714,5,0,41.3533994,-90.13296166,17073.0,1459.7346308752274,0.7002801120448179,709,709,5,0,704,702,49090,5,0,0,5,7
2020-10-06,US,Illinois,Iroquois,375,19,0,40.74717633,-87.82466784,17075.0,1383.049347200708,5.066666666666666,356,374,19,0,355,372,27604,1,0,0,1,2
2020-10-06,US,Illinois,Jackson,1302,24,0,37.78595185,-89.38232563,17077.0,2294.273127753304,1.8433179723502304,1278,1296,24,0,1272,1296,57419,6,0,0,6,0
2020-10-06,US,Illinois,Jasper,220,10,0,39.01054275,-88.15437049,17079.0,2289.2819979188343,4.545454545454546,210,217,10,0,207,217,9611,3,0,0,3,0
2020-10-06,US,Illinois,Jefferson,706,38,0,38.29980057,-88.9240025,17081.0,1873.4741534868908,5.382436260623231,668,696,38,0,658,683,37820,10,0,0,10,13
2020-10-06,US,Illinois,Jersey,408,19,0,39.08869046,-90.35393073,17083.0,1873.8804941900519,4.65686274509804,389,405,19,0,386,403,21847,3,0,0,3,2
2020-10-06,US,Illinois,Jo Daviess,304,2,0,42.36542373,-90.21094405,17085.0,1431.5987756063105,0.6578947368421053,302,303,2,0,301,300,21366,1,0,0,1,3
2020-10-06,US,Illinois,Johnson,194,0,0,37.45939802,-88.88165419,17087.0,1562.374164451961,0.0,194,188,0,0,188,185,12456,6,0,0,6,3
2020-10-06,US,Illinois,Kane,13655,330,0,41.93842729,-88.42861412,17089.0,2564.786449362607,2.416697180519956,13325,13602,328,0,13274,13523,534216,53,2,0,51,79
2020-10-06,US,Illinois,Kankakee,2879,78,0,41.13746989,-87.86205334,17091.0,2620.560339334802,2.7092740534907955,2801,2869,78,0,2791,2846,110024,10,0,0,10,23
2020-10-06,US,Illinois,Kendall,2136,26,0,41.59081014,-88.42869583,17093.0,1655.9423211101637,1.2172284644194755,2110,2126,26,0,2100,2107,127915,10,0,0,10,19
2020-10-06,US,Illinois,Knox,773,4,0,40.93148779,-90.21330340000002,17095.0,1555.3632869876658,0.517464424320828,769,765,4,0,761,761,50112,8,0,0,8,4
2020-10-06,US,Illinois,LaSalle,1861,57,0,41.34426129999999,-88.88633881,17099.0,1712.5399147871058,3.0628694250403012,1804,1855,57,0,1798,1831,109430,6,0,0,6,24
2020-10-06,US,Illinois,Lake,17691,494,0,42.3224907,-88.00367925,17097.0,2539.858011442354,2.7923803063704704,17197,17606,493,0,17113,17520,700832,85,1,0,84,86
2020-10-06,US,Illinois,Lawrence,275,6,0,38.71987914,-87.72884035,17101.0,1754.050261512948,2.1818181818181817,269,275,6,0,269,270,15765,0,0,0,0,5
2020-10-06,US,Illinois,Lee,442,1,0,41.74583951,-89.29977132,17103.0,1296.3397465978414,0.2262443438914027,441,440,1,0,439,433,34223,2,0,0,2,7
2020-10-06,US,Illinois,Livingston,445,8,0,40.89188292,-88.55784752,17105.0,1248.3168761220825,1.7977528089887642,437,437,8,0,429,433,35761,8,0,0,8,4
2020-10-06,US,Illinois,Logan,486,2,0,40.12581572,-89.36638784,17107.0,1698.2318820322873,0.41152263374485604,484,483,1,0,482,482,28925,3,1,0,2,1
2020-10-06,US,Illinois,Macon,1760,47,0,39.86064913,-88.96342505,17115.0,1692.1612552759855,2.6704545454545454,1713,1746,47,0,1699,1736,104712,14,0,0,14,10
2020-10-06,US,Illinois,Macoupin,603,8,0,39.26119767,-89.92424028,17117.0,1342.2071851489115,1.326699834162521,595,595,8,0,587,597,45313,8,0,0,8,-2
2020-10-06,US,Illinois,Madison,6032,147,0,38.83042506,-89.90422563,17119.0,2293.8326627776974,2.437002652519894,5885,6021,147,0,5874,5992,264461,11,0,0,11,29
2020-10-06,US,Illinois,Marion,655,3,0,38.64963204,-88.91899208,17121.0,1760.516059669399,0.4580152671755725,652,652,2,0,650,640,37620,3,1,0,2,12
2020-10-06,US,Illinois,Marshall,118,0,0,41.0327901,-89.34510444,17123.0,1031.6488896660258,0.0,118,117,0,0,117,116,11534,1,0,0,1,1
2020-10-06,US,Illinois,Mason,180,1,0,40.23917274,-89.91824452,17125.0,1347.406242982259,0.5555555555555556,179,178,1,0,177,175,13565,2,0,0,2,3
2020-10-06,US,Illinois,Massac,128,2,0,37.22078441,-88.71036614,17127.0,929.4220156839964,1.5625,126,128,2,0,126,128,14080,0,0,0,0,0
2020-10-06,US,Illinois,McDonough,514,15,0,40.45674722,-90.67775541,17109.0,1731.689239269591,2.9182879377431905,499,509,15,0,494,507,29955,5,0,0,5,2
2020-10-06,US,Illinois,McHenry,4849,119,0,42.32451172,-88.45248227,17111.0,1575.5067029703616,2.4541142503608997,4730,4817,119,0,4698,4776,308570,32,0,0,32,41
2020-10-06,US,Illinois,McLean,3455,23,0,40.48996987,-88.84621113,17113.0,2014.3775835631448,0.6657018813314037,3432,3451,23,0,3428,3418,172828,4,0,0,4,33
2020-10-06,US,Illinois,Menard,134,1,0,40.02742725,-89.80246001,17129.0,1098.7208920957692,0.746268656716418,133,133,1,0,132,133,12288,1,0,0,1,0
2020-10-06,US,Illinois,Mercer,156,6,0,41.20596782,-90.74290052,17131.0,1010.5590464468485,3.8461538461538463,150,154,6,0,148,151,15601,2,0,0,2,3
2020-10-06,US,Illinois,Monroe,736,24,0,38.27594376,-90.17761038,17133.0,2124.8953431301793,3.260869565217391,712,731,22,0,709,733,34335,5,2,0,3,-2
2020-10-06,US,Illinois,Montgomery,420,13,0,39.23198845,-89.47809254,17135.0,1478.1445766171607,3.095238095238096,407,411,13,0,398,405,28601,9,0,0,9,6
2020-10-06,US,Illinois,Morgan,703,24,0,39.71654544,-90.20255104,17137.0,2088.656485828035,3.4139402560455183,679,698,24,0,674,692,33976,5,0,0,5,6
2020-10-06,US,Illinois,Moultrie,241,4,0,39.64187451,-88.62099969,17139.0,1661.9543479760016,1.6597510373443984,237,239,4,0,235,237,14717,2,0,0,2,2
2020-10-06,US,Illinois,Ogle,820,6,0,42.04165196,-89.32184679,17141.0,1619.1773789072531,0.7317073170731707,814,810,6,0,804,801,50923,10,0,0,10,9
2020-10-06,US,Illinois,Out of IL,1,0,0,0.0,0.0,80017.0,0.0,0.0,1,1,0,0,1,1,,0,0,0,0,0
2020-10-06,US,Illinois,Peoria,3744,55,0,40.78702156,-89.76078901,17143.0,2089.5305811506933,1.469017094017094,3689,3721,55,0,3666,3712,180621,23,0,0,23,9
2020-10-06,US,Illinois,Perry,363,15,0,38.08510853,-89.36856219,17145.0,1735.5134825014347,4.132231404958676,348,362,15,0,347,362,21174,1,0,0,1,0
2020-10-06,US,Illinois,Piatt,158,0,0,40.01360584,-88.59319339,17147.0,966.7156142927067,0.0,158,158,0,0,158,157,16396,0,0,0,0,1
2020-10-06,US,Illinois,Pike,156,2,0,39.62265059,-90.8877017,17149.0,1002.5062656641603,1.2820512820512822,154,153,1,0,152,150,15611,3,1,0,2,3
2020-10-06,US,Illinois,Pope,30,1,0,37.41391284,-88.56152109,17151.0,718.2188173330143,3.333333333333333,29,30,1,0,29,30,4212,0,0,0,0,0
2020-10-06,US,Illinois,Pulaski,197,1,0,37.22631423,-89.13085001,17153.0,3692.596063730085,0.5076142131979695,196,195,1,0,194,194,5463,2,0,0,2,1
2020-10-06,US,Illinois,Putnam,70,0,0,41.2013541,-89.2869272,17155.0,1219.7246907126678,0.0,70,69,0,0,69,66,5740,1,0,0,1,3
2020-10-06,US,Illinois,Randolph,986,12,0,38.05095369,-89.82512254,17157.0,3102.3849977974955,1.2170385395537526,974,983,12,0,971,975,32106,3,0,0,3,8
2020-10-06,US,Illinois,Richland,264,9,0,38.71240969,-88.08475366,17159.0,1701.7984915877007,3.4090909090909087,255,262,8,0,254,260,15763,2,1,0,1,2
2020-10-06,US,Illinois,Rock Island,3227,80,0,41.46613806,-90.57042164,17161.0,2274.473318813919,2.4790827393864268,3147,3208,80,0,3128,3185,143477,19,0,0,19,23
2020-10-06,US,Illinois,Saline,403,4,0,37.75332999,-88.54119706,17165.0,1715.5506364139455,0.9925558312655088,399,399,4,0,395,391,23906,4,0,0,4,8
2020-10-06,US,Illinois,Sangamon,2676,46,0,39.75836914,-89.65872023,17167.0,1374.6198734281256,1.7189835575485801,2630,2650,46,0,2604,2633,195348,26,0,0,26,17
2020-10-06,US,Illinois,Schuyler,62,1,0,40.157179799999994,-90.61114163,17169.0,916.0756501182033,1.6129032258064515,61,59,0,0,59,58,6907,3,1,0,2,1
2020-10-06,US,Illinois,Scott,82,0,0,39.642916899999996,-90.47814431,17171.0,1656.231064431428,0.0,82,81,0,0,81,81,4926,1,0,0,1,0
2020-10-06,US,Illinois,Shelby,455,4,0,39.39133527,-88.80611122,17173.0,2103.1709346399193,0.8791208791208791,451,439,4,0,435,439,21741,16,0,0,16,0
2020-10-06,US,Illinois,St. Clair,6962,197,0,38.46996033,-89.93063427,17163.0,2680.930046286669,2.829646653260557,6765,6933,196,0,6737,6905,261059,29,1,0,28,28
2020-10-06,US,Illinois,Stark,57,2,0,41.09309773,-89.79745866,17175.0,1067.016098839386,3.5087719298245608,55,56,2,0,54,56,5427,1,0,0,1,0
2020-10-06,US,Illinois,Stephenson,595,7,0,42.35129217,-89.662598,17177.0,1337.1387478088902,1.1764705882352942,588,588,7,0,581,581,44753,7,0,0,7,7
2020-10-06,US,Illinois,Tazewell,1949,34,0,40.50716185,-89.51404662,17179.0,1478.7220321236996,1.7444843509492047,1915,1924,33,0,1891,1907,132328,25,1,0,24,17
2020-10-06,US,Illinois,Unassigned,2769,249,0,0.0,0.0,90017.0,0.0,8.992416034669557,2520,2770,249,0,2521,2777,,-1,0,0,-1,-7
2020-10-06,US,Illinois,Union,585,24,0,37.47119609,-89.25548938,17181.0,3512.88056206089,4.102564102564102,561,554,24,0,530,548,16841,31,0,0,31,6
2020-10-06,US,Illinois,Vermilion,1048,5,0,40.18417171,-87.73384359,17183.0,1383.3522532273819,0.4770992366412214,1043,1011,5,0,1006,978,76806,37,0,0,37,33
2020-10-06,US,Illinois,Wabash,170,3,0,38.44272901,-87.84922065,17185.0,1475.6944444444446,1.7647058823529411,167,169,3,0,166,165,11549,1,0,0,1,4
2020-10-06,US,Illinois,Warren,363,3,0,40.84925021,-90.6147432,17187.0,2155.0700546188555,0.8264462809917356,360,357,3,0,354,354,17032,6,0,0,6,3
2020-10-06,US,Illinois,Washington,236,1,0,38.35309213,-89.40982703,17189.0,1699.431122632678,0.42372881355932196,235,232,1,0,231,231,13995,4,0,0,4,1
2020-10-06,US,Illinois,Wayne,328,6,0,38.42955355,-88.42586459,17191.0,2022.8183780450202,1.8292682926829267,322,325,6,0,319,317,16332,3,0,0,3,8
2020-10-06,US,Illinois,White,191,1,0,38.08706198,-88.17657461,17193.0,1410.947772770924,0.5235602094240838,190,189,1,0,188,189,13665,2,0,0,2,0
2020-10-06,US,Illinois,Whiteside,898,21,0,41.75509713,-89.91556058,17195.0,1627.5487086542819,2.338530066815145,877,883,21,0,862,869,55626,15,0,0,15,14
2020-10-06,US,Illinois,Will,14804,389,0,41.44619267,-87.97862712,17197.0,2143.1994243879417,2.6276681977843825,14415,14702,388,0,14314,14589,692310,102,1,0,101,113
2020-10-06,US,Illinois,Williamson,1484,54,0,37.73033511,-88.92994027,17199.0,2228.3286033905433,3.638814016172507,1430,1467,54,0,1413,1464,67056,17,0,0,17,3
2020-10-06,US,Illinois,Winnebago,6975,155,0,42.33641854,-89.16085327,17201.0,2468.3974349900204,2.2222222222222223,6820,6886,154,0,6732,6779,284081,89,1,0,88,107
2020-10-06,US,Illinois,Woodford,459,9,0,40.78579374,-89.20973757,17203.0,1193.4787695987934,1.96078431372549,450,459,9,0,450,458,38463,0,0,0,0,1
2020-10-06,US,Indiana,Adams,317,4,0,40.7457653,-84.93671406,18001.0,886.0441065489001,1.2618296529968454,313,305,4,0,301,296,35636,12,0,0,12,9
2020-10-06,US,Indiana,Allen,6701,209,0,41.09194313,-85.06800636,18003.0,1766.6801125233656,3.118937472019101,6492,6660,209,0,6451,6618,375351,41,0,0,41,42
2020-10-06,US,Indiana,Bartholomew,1232,57,0,39.20744865,-85.89558181,18005.0,1470.5355757409375,4.626623376623376,1175,1228,57,0,1171,1225,82753,4,0,0,4,3
2020-10-06,US,Indiana,Benton,92,0,0,40.60626947,-87.31093999,18007.0,1051.668952903521,0.0,92,90,0,0,90,90,8653,2,0,0,2,0
2020-10-06,US,Indiana,Blackford,147,3,0,40.47388153,-85.32499702,18009.0,1250.2126211940806,2.0408163265306123,144,141,3,0,138,136,11930,6,0,0,6,5
2020-10-06,US,Indiana,Boone,1047,46,0,40.0509304,-86.46841646,18011.0,1543.2690181743142,4.393505253104107,1001,1044,46,0,998,1041,66999,3,0,0,3,3
2020-10-06,US,Indiana,Brown,107,3,0,39.19605589,-86.22868909,18013.0,708.984892658362,2.803738317757009,104,105,3,0,102,105,15234,2,0,0,2,0
2020-10-06,US,Indiana,Carroll,289,13,0,40.580783200000006,-86.56198812,18015.0,1426.6673248753518,4.498269896193771,276,289,13,0,276,288,20127,0,0,0,0,1
2020-10-06,US,Indiana,Cass,2028,10,0,40.76135835,-86.34830753,18017.0,5380.880362970628,0.4930966469428008,2018,2019,10,0,2009,2019,37955,9,0,0,9,0
2020-10-06,US,Indiana,Clark,2425,57,0,38.48015445,-85.70510334,18019.0,2049.8385487988367,2.350515463917526,2368,2401,57,0,2344,2383,117360,24,0,0,24,18
2020-10-06,US,Indiana,Clay,338,5,0,39.39561833,-87.11723506,18021.0,1288.84652049571,1.4792899408284024,333,334,5,0,329,333,26170,4,0,0,4,1
2020-10-06,US,Indiana,Clinton,695,14,0,40.30319754,-86.47277257,18023.0,2145.127936047409,2.014388489208633,681,692,14,0,678,684,32250,3,0,0,3,8
2020-10-06,US,Indiana,Crawford,122,1,0,38.28814402,-86.44518825,18025.0,1153.4461567552235,0.819672131147541,121,122,1,0,121,122,10558,0,0,0,0,0
2020-10-06,US,Indiana,Daviess,717,30,0,38.70186039,-87.07185406,18027.0,2149.8605738958354,4.184100418410042,687,717,30,0,687,714,33147,0,0,0,0,3
2020-10-06,US,Indiana,DeKalb,535,11,0,41.39804622,-84.99906934,18033.0,1230.5922944220815,2.05607476635514,524,531,11,0,520,529,43226,4,0,0,4,2
2020-10-06,US,Indiana,Dearborn,717,28,0,39.14647946,-84.97333539,18029.0,1449.7149096202838,3.9051603905160386,689,716,28,0,688,708,49568,1,0,0,1,8
2020-10-06,US,Indiana,Decatur,468,39,0,39.30712658,-85.50087166,18031.0,1762.1145374449338,8.333333333333334,429,466,39,0,427,466,26794,2,0,0,2,0
2020-10-06,US,Indiana,Delaware,2220,67,0,40.22787247,-85.39732772,18035.0,1945.0650545406754,3.018018018018018,2153,2174,66,0,2108,2151,114772,46,1,0,45,23
2020-10-06,US,Indiana,Dubois,1092,19,0,38.36597551,-86.87924170000002,18037.0,2555.222763010109,1.73992673992674,1073,1078,19,0,1059,1074,42565,14,0,0,14,4
2020-10-06,US,Indiana,Elkhart,7090,117,0,41.59761169,-85.85875695,18039.0,3436.059726375272,1.6502115655853316,6973,7040,116,0,6924,7014,205560,50,1,0,49,26
2020-10-06,US,Indiana,Fayette,432,14,0,39.63684962,-85.17797541,18041.0,1869.9679681412865,3.2407407407407414,418,430,14,0,416,430,23047,2,0,0,2,0
2020-10-06,US,Indiana,Floyd,1497,64,0,38.32117957,-85.90385377,18043.0,1906.472071521357,4.275217100868404,1433,1490,64,0,1426,1485,77781,7,0,0,7,5
2020-10-06,US,Indiana,Fountain,150,2,0,40.12361933,-87.24217689,18045.0,917.6556955830173,1.3333333333333333,148,139,2,0,137,137,16351,11,0,0,11,2
2020-10-06,US,Indiana,Franklin,319,25,0,39.4142482,-85.06062647,18047.0,1401.7048949819846,7.836990595611285,294,319,25,0,294,319,22736,0,0,0,0,0
2020-10-06,US,Indiana,Fulton,264,2,0,41.0469907,-86.26252745,18049.0,1321.718233703815,0.7575757575757576,262,263,2,0,261,263,20092,1,0,0,1,0
2020-10-06,US,Indiana,Gibson,630,7,0,38.30393723,-87.58054938,18051.0,1871.713360468225,1.1111111111111112,623,623,6,0,617,612,33452,7,1,0,6,11
2020-10-06,US,Indiana,Grant,1032,37,0,40.51587228,-85.65468702,18053.0,1569.1283127309216,3.585271317829457,995,1018,37,0,981,1009,65936,14,0,0,14,9
2020-10-06,US,Indiana,Greene,444,36,0,39.03630547,-86.96223202,18055.0,1390.8902950942922,8.108108108108109,408,441,36,0,405,440,32006,3,0,0,3,1
2020-10-06,US,Indiana,Hamilton,5245,111,0,40.07306535,-86.05244729,18057.0,1551.7246480144138,2.1163012392755003,5134,5225,110,0,5115,5199,330086,20,1,0,19,26
2020-10-06,US,Indiana,Hancock,981,43,0,39.82304555,-85.77566351,18059.0,1254.9892539146456,4.383282364933741,938,975,43,0,932,970,76351,6,0,0,6,5
2020-10-06,US,Indiana,Harrison,638,24,0,38.19467379,-86.10948271,18061.0,1574.7254103418484,3.761755485893417,614,636,24,0,612,632,40350,2,0,0,2,4
2020-10-06,US,Indiana,Hendricks,2859,128,0,39.76719009,-86.51037283,18063.0,1678.6936839076748,4.477089891570479,2731,2847,127,0,2720,2843,167009,12,1,0,11,4
2020-10-06,US,Indiana,Henry,938,27,0,39.93029017,-85.39625719,18065.0,1955.3072625698323,2.8784648187633266,911,924,27,0,897,912,48271,14,0,0,14,12
2020-10-06,US,Indiana,Howard,1427,64,0,40.48527731,-86.11351892,18067.0,1728.7749563868967,4.484933426769446,1363,1417,64,0,1353,1407,82366,10,0,0,10,10
2020-10-06,US,Indiana,Huntington,299,3,0,40.82907273,-85.48822092,18069.0,818.7294633077765,1.0033444816053512,296,290,3,0,287,284,36240,9,0,0,9,6
2020-10-06,US,Indiana,Jackson,861,10,0,38.90915820000001,-86.03851889,18071.0,1946.598539485881,1.1614401858304295,851,831,10,0,821,820,44111,30,0,0,30,11
2020-10-06,US,Indiana,Jasper,424,3,0,41.02078733,-87.11553319,18073.0,1263.3335319706814,0.7075471698113207,421,418,3,0,415,414,33370,6,0,0,6,4
2020-10-06,US,Indiana,Jay,224,1,0,40.43781032,-85.00576229,18075.0,1096.104912898806,0.44642857142857145,223,221,1,0,220,219,20764,3,0,0,3,2
2020-10-06,US,Indiana,Jefferson,278,3,0,38.78576239,-85.43633383,18077.0,860.4679955428996,1.0791366906474822,275,268,3,0,265,267,32208,10,0,0,10,1
2020-10-06,US,Indiana,Jennings,330,13,0,38.99588883,-85.62710784,18079.0,1189.832341806382,3.939393939393939,317,327,13,0,314,326,27611,3,0,0,3,1
2020-10-06,US,Indiana,Johnson,2516,125,0,39.48994426,-86.10149107,18081.0,1590.7237287171156,4.968203497615263,2391,2487,124,0,2363,2472,156225,29,1,0,28,15
2020-10-06,US,Indiana,Knox,579,10,0,38.68861576,-87.4194665,18083.0,1582.2265945236927,1.7271157167530224,569,579,10,0,569,574,36895,0,0,0,0,5
2020-10-06,US,Indiana,Kosciusko,1374,17,0,41.24521668,-85.86312322,18085.0,1729.2589609343536,1.2372634643377,1357,1364,17,0,1347,1360,79344,10,0,0,10,4
2020-10-06,US,Indiana,LaGrange,670,12,0,41.64232188,-85.42674232,18087.0,1691.3212500631091,1.791044776119403,658,667,11,0,656,666,39330,3,1,0,2,1
2020-10-06,US,Indiana,LaPorte,1698,45,0,41.54366008,-86.74072188,18091.0,1545.209668025626,2.6501766784452303,1653,1687,43,0,1644,1653,110007,11,2,0,9,34
2020-10-06,US,Indiana,Lake,11283,332,0,41.41874274,-87.38277575,18089.0,2324.029388683256,2.9424798369228036,10951,11233,330,0,10903,11161,484411,50,2,0,48,72
2020-10-06,US,Indiana,Lawrence,573,29,0,38.84112637,-86.48361629,18093.0,1262.9490852986555,5.0610820244328085,544,568,29,0,539,555,45668,5,0,0,5,13
2020-10-06,US,Indiana,Madison,1878,79,0,40.16143691,-85.71964711,18095.0,1449.4207719439066,4.206602768903088,1799,1859,75,0,1784,1841,129641,19,4,0,15,18
2020-10-06,US,Indiana,Marion,22440,770,0,39.78163624,-86.13826325,18097.0,2326.3963043059066,3.431372549019608,21670,22340,769,0,21571,22282,954670,100,1,0,99,58
2020-10-06,US,Indiana,Marshall,1077,25,0,41.32467367,-86.26185087,18099.0,2328.245925029184,2.3212627669452184,1052,1072,25,0,1047,1068,46248,5,0,0,5,4
2020-10-06,US,Indiana,Martin,175,0,0,38.7099921,-86.80373186,18101.0,1706.4846416382252,0.0,175,174,0,0,174,173,10217,1,0,0,1,1
2020-10-06,US,Indiana,Miami,452,4,0,40.76940965,-86.04525048,18103.0,1272.6658407478321,0.8849557522123894,448,451,4,0,447,450,35567,1,0,0,1,1
2020-10-06,US,Indiana,Monroe,2846,37,0,39.16130004,-86.52414358,18105.0,1917.3892246228888,1.3000702740688683,2809,2822,37,0,2785,2798,146917,24,0,0,24,24
2020-10-06,US,Indiana,Montgomery,514,22,0,40.04034823,-86.89335024,18107.0,1340.706348792321,4.280155642023346,492,513,22,0,491,514,38346,1,0,0,1,-1
2020-10-06,US,Indiana,Morgan,779,40,0,39.47899078,-86.44573375,18109.0,1105.136971726085,5.134788189987163,739,771,40,0,731,768,70116,8,0,0,8,3
2020-10-06,US,Indiana,Newton,179,11,0,40.95610449,-87.39635768,18111.0,1280.0343249427915,6.145251396648044,168,178,11,0,167,178,14011,1,0,0,1,0
2020-10-06,US,Indiana,Noble,957,32,0,41.39672484,-85.41966713,18113.0,2004.440348525469,3.343782654127481,925,955,32,0,923,952,47532,2,0,0,2,3
2020-10-06,US,Indiana,Ohio,82,7,0,38.955304999999996,-84.96515993,18115.0,1395.7446808510638,8.536585365853659,75,82,7,0,75,81,5844,0,0,0,0,1
2020-10-06,US,Indiana,Orange,300,24,0,38.54118920000001,-86.49523093,18117.0,1527.0284027282908,8.0,276,298,24,0,274,298,19489,2,0,0,2,0
2020-10-06,US,Indiana,Owen,178,1,0,39.31145587,-86.83900724,18119.0,855.810375498822,0.5617977528089888,177,177,1,0,176,176,20845,1,0,0,1,1
2020-10-06,US,Indiana,Parke,134,2,0,39.77202286,-87.20375833,18121.0,791.1672669303891,1.492537313432836,132,127,2,0,125,125,16927,7,0,0,7,2
2020-10-06,US,Indiana,Perry,241,13,0,38.07809328,-86.63741946,18123.0,1257.2382492566126,5.394190871369295,228,240,13,0,227,238,19102,1,0,0,1,2
2020-10-06,US,Indiana,Pike,244,4,0,38.40112197,-87.23574907,18125.0,1969.4890628783603,1.639344262295082,240,244,4,0,240,240,12410,0,0,0,0,4
2020-10-06,US,Indiana,Porter,2396,47,0,41.45986947,-87.06848888,18127.0,1406.1940618232395,1.9616026711185308,2349,2378,47,0,2331,2341,169594,18,0,0,18,37
2020-10-06,US,Indiana,Posey,449,2,0,38.02097333,-87.86480429,18129.0,1765.839461989224,0.44543429844098004,447,438,2,0,436,432,25540,11,0,0,11,6
2020-10-06,US,Indiana,Pulaski,117,1,0,41.04166107,-86.69890683,18131.0,947.1383469602524,0.8547008547008547,116,116,1,0,115,116,12469,1,0,0,1,0
2020-10-06,US,Indiana,Putnam,633,13,0,39.66437981,-86.84517605,18133.0,1684.5859058973813,2.0537124802527646,620,615,11,0,604,614,37779,18,2,0,16,1
2020-10-06,US,Indiana,Randolph,256,8,0,40.15734772,-85.01139319,18135.0,1037.9079667545104,3.125,248,248,8,0,240,248,24851,8,0,0,8,0
2020-10-06,US,Indiana,Ripley,331,8,0,39.10235626,-85.26212744,18137.0,1168.6202513769242,2.416918429003021,323,330,8,0,322,325,28523,1,0,0,1,5
2020-10-06,US,Indiana,Rush,163,4,0,39.62002287,-85.4655599,18139.0,983.052891864182,2.4539877300613497,159,162,4,0,158,162,16663,1,0,0,1,0
2020-10-06,US,Indiana,Scott,436,11,0,38.68672078,-85.74627859,18143.0,1826.3310015498678,2.5229357798165144,425,433,11,0,422,424,23878,3,0,0,3,9
2020-10-06,US,Indiana,Shelby,702,29,0,39.52305623,-85.79158570000001,18145.0,1569.4515862192313,4.131054131054132,673,700,29,0,671,699,44593,2,0,0,2,1
2020-10-06,US,Indiana,Spencer,303,4,0,38.01519732,-87.0079644,18147.0,1494.303891108152,1.32013201320132,299,303,3,0,300,296,20327,0,1,0,-1,7
2020-10-06,US,Indiana,St. Joseph,7318,129,0,41.61756781,-86.29040834,18141.0,2692.163369214129,1.7627767149494398,7189,7233,125,0,7108,7181,270771,85,4,0,81,52
2020-10-06,US,Indiana,Starke,291,7,0,41.27890281,-86.64686895,18149.0,1265.4924983692108,2.405498281786941,284,289,7,0,282,287,22935,2,0,0,2,2
2020-10-06,US,Indiana,Steuben,433,9,0,41.64423868,-85.00101094,18151.0,1251.662137942996,2.07852193995381,424,431,8,0,423,428,34586,2,1,0,1,3
2020-10-06,US,Indiana,Sullivan,353,12,0,39.08952258,-87.41414469,18153.0,1707.8716919057526,3.39943342776204,341,352,12,0,340,348,20690,1,0,0,1,4
2020-10-06,US,Indiana,Switzerland,71,0,0,38.82767338,-85.03022429,18155.0,660.4036833782902,0.0,71,71,0,0,71,71,10717,0,0,0,0,0
2020-10-06,US,Indiana,Tippecanoe,2866,13,0,40.38872739,-86.89413959,18157.0,1464.2470316555289,0.4535938590369854,2853,2843,13,0,2830,2812,193048,23,0,0,23,31
2020-10-06,US,Indiana,Tipton,243,23,0,40.31123252,-86.05234925,18159.0,1604.1721679429627,9.465020576131687,220,243,23,0,220,241,15128,0,0,0,0,2
2020-10-06,US,Indiana,Unassigned,0,227,0,0.0,0.0,90018.0,0.0,0.0,-227,0,227,0,-227,0,,0,0,0,0,0
2020-10-06,US,Indiana,Union,82,0,0,39.62550777,-84.92497066,18161.0,1162.461015026935,0.0,82,81,0,0,81,80,7037,1,0,0,1,1
2020-10-06,US,Indiana,Vanderburgh,4362,35,0,38.02658833,-87.58763124,18163.0,2403.9547866917237,0.8023842274186153,4327,4298,32,0,4266,4221,180974,64,3,0,61,77
2020-10-06,US,Indiana,Vermillion,143,0,0,39.8523352,-87.46160542,18165.0,922.6997031875079,0.0,143,141,0,0,141,140,15479,2,0,0,2,1
2020-10-06,US,Indiana,Vigo,2030,28,0,39.42944561,-87.39169027,18167.0,1896.5227302453327,1.3793103448275863,2002,2015,28,0,1987,2000,107386,15,0,0,15,15
2020-10-06,US,Indiana,Wabash,290,9,0,40.84704239,-85.79328272,18169.0,935.6045941411796,3.103448275862069,281,289,8,0,281,287,31280,1,1,0,0,2
2020-10-06,US,Indiana,Warren,43,1,0,40.34728141,-87.35602659,18171.0,520.2661826981246,2.3255813953488373,42,43,1,0,42,43,8263,0,0,0,0,0
2020-10-06,US,Indiana,Warrick,1564,56,0,38.08922676,-87.2716085,18173.0,2482.6184958252647,3.5805626598465468,1508,1547,54,0,1493,1528,62567,17,2,0,15,19
2020-10-06,US,Indiana,Washington,290,2,0,38.60219804,-86.1049363,18175.0,1034.3843629619064,0.6896551724137931,288,288,2,0,286,287,27943,2,0,0,2,1
2020-10-06,US,Indiana,Wayne,845,16,0,39.863344399999995,-85.01044989,18177.0,1282.5572217837414,1.893491124260355,829,841,16,0,825,829,65936,4,0,0,4,12
2020-10-06,US,Indiana,Wells,288,4,0,40.72934187,-85.22132966,18179.0,1017.8117048346055,1.3888888888888888,284,282,4,0,278,282,28206,6,0,0,6,0
2020-10-06,US,Indiana,White,506,15,0,40.74911165,-86.86492015,18181.0,2099.4108372749147,2.9644268774703564,491,505,15,0,490,503,24133,1,0,0,1,2
2020-10-06,US,Indiana,Whitley,322,7,0,41.13863784,-85.50791236,18183.0,948.0626545754327,2.1739130434782608,315,319,7,0,312,314,34074,3,0,0,3,5
2020-10-06,US,Iowa,Adair,82,1,0,41.33075609,-94.47105874,19001.0,1146.5324384787473,1.2195121951219512,81,78,1,0,77,77,7063,4,0,0,4,1
2020-10-06,US,Iowa,Adams,45,0,0,41.02903567,-94.69932645,19003.0,1249.3059411438092,0.0,45,43,0,0,43,40,3645,2,0,0,2,3
2020-10-06,US,Iowa,Allamakee,278,8,0,43.28383218,-91.37860922,19005.0,2031.1244246365163,2.8776978417266186,270,277,8,0,269,271,13832,1,0,0,1,6
2020-10-06,US,Iowa,Appanoose,158,3,0,40.74324454,-92.86865906,19007.0,1271.5274424593595,1.8987341772151896,155,157,3,0,154,155,12437,1,0,0,1,2
2020-10-06,US,Iowa,Audubon,109,1,0,41.6844628,-94.90581859,19009.0,1983.2605531295487,0.9174311926605504,108,106,1,0,105,104,5506,3,0,0,3,2
2020-10-06,US,Iowa,Benton,371,1,0,42.08011739,-92.06463573,19011.0,1446.6757652563851,0.2695417789757412,370,366,1,0,365,365,25642,5,0,0,5,1
2020-10-06,US,Iowa,Black Hawk,4678,95,0,42.4704581,-92.30524729,19013.0,3564.788002560429,2.0307823856348866,4583,4663,94,0,4569,4648,132408,15,1,0,14,15
2020-10-06,US,Iowa,Boone,569,8,0,42.03657094,-93.9313999,19015.0,2168.9410688419607,1.40597539543058,561,562,8,0,554,559,26346,7,0,0,7,3
2020-10-06,US,Iowa,Bremer,529,7,0,42.77461496,-92.31795937,19017.0,2110.7653020509133,1.3232514177693762,522,527,7,0,520,527,24947,2,0,0,2,0
2020-10-06,US,Iowa,Buchanan,321,1,0,42.4709188,-91.83510825,19019.0,1515.9386068476974,0.3115264797507788,320,317,1,0,316,314,21199,4,0,0,4,3
2020-10-06,US,Iowa,Buena Vista,2065,12,0,42.73545875,-95.15100162,19021.0,10524.974515800204,0.5811138014527845,2053,2059,12,0,2047,2057,19874,6,0,0,6,2
2020-10-06,US,Iowa,Butler,296,2,0,42.73172833,-92.79015971,19023.0,2050.0034628436874,0.6756756756756757,294,293,2,0,291,292,14539,3,0,0,3,1
2020-10-06,US,Iowa,Calhoun,215,3,0,42.38521079,-94.64046046,19025.0,2223.831195697145,1.3953488372093024,212,214,3,0,211,209,9699,1,0,0,1,5
2020-10-06,US,Iowa,Carroll,795,5,0,42.03617207,-94.86032705,19027.0,3942.474584676421,0.6289308176100629,790,775,5,0,770,767,20154,20,0,0,20,8
2020-10-06,US,Iowa,Cass,194,2,0,41.33149454,-94.92792482,19029.0,1511.3742598940478,1.0309278350515465,192,194,2,0,192,194,12930,0,0,0,0,0
2020-10-06,US,Iowa,Cedar,285,2,0,41.77233777,-91.13246684,19031.0,1530.0370430020935,0.7017543859649122,283,282,2,0,280,280,18627,3,0,0,3,2
2020-10-06,US,Iowa,Cerro Gordo,1119,23,0,43.08177563,-93.2612239,19033.0,2636.0424028268553,2.055406613047364,1096,1113,23,0,1090,1109,42647,6,0,0,6,4
2020-10-06,US,Iowa,Cherokee,302,2,0,42.73538914,-95.62389402,19035.0,2688.0284824210057,0.6622516556291391,300,302,2,0,300,299,11321,0,0,0,0,3
2020-10-06,US,Iowa,Chickasaw,293,1,0,43.06001295,-92.31773347,19037.0,2455.375848487388,0.3412969283276451,292,292,1,0,291,292,11964,1,0,0,1,0
2020-10-06,US,Iowa,Clarke,274,3,0,41.02868181,-93.78499767,19039.0,2916.4449175093127,1.094890510948905,271,272,3,0,269,269,9423,2,0,0,2,3
2020-10-06,US,Iowa,Clay,382,4,0,43.08247182,-95.15096481,19041.0,2385.114885114885,1.0471204188481675,378,381,4,0,377,377,16134,1,0,0,1,4
2020-10-06,US,Iowa,Clayton,295,3,0,42.84443388,-91.34133693,19043.0,1681.0074648128098,1.0169491525423728,292,289,3,0,286,286,17556,6,0,0,6,3
2020-10-06,US,Iowa,Clinton,1215,23,0,41.89981633,-90.53275096,19045.0,2616.898920933037,1.8930041152263373,1192,1210,22,0,1188,1206,46518,5,1,0,4,4
2020-10-06,US,Iowa,Crawford,1168,7,0,42.03718237,-95.3819718,19047.0,6944.114149821639,0.5993150684931506,1161,1160,7,0,1153,1151,17158,8,0,0,8,9
2020-10-06,US,Iowa,Dallas,2946,39,0,41.68560356,-94.04127625,19049.0,3152.3867612596705,1.323828920570265,2907,2938,39,0,2899,2932,90180,8,0,0,8,6
2020-10-06,US,Iowa,Davis,137,4,0,40.74773536,-92.41005468,19051.0,1522.2222222222226,2.9197080291970803,133,133,4,0,129,134,9017,4,0,0,4,-1
2020-10-06,US,Iowa,Decatur,75,0,0,40.73742757,-93.78645949,19053.0,952.9860228716644,0.0,75,74,0,0,74,75,7890,1,0,0,1,-1
2020-10-06,US,Iowa,Delaware,515,4,0,42.47104597,-91.3664492,19055.0,3027.452824642877,0.7766990291262136,511,508,4,0,504,501,17069,7,0,0,7,7
2020-10-06,US,Iowa,Des Moines,908,9,0,40.92012606,-91.18326592,19057.0,2330.1768162804424,0.9911894273127754,899,897,9,0,888,896,39138,11,0,0,11,1
2020-10-06,US,Iowa,Dickinson,580,7,0,43.37787725,-95.1510206,19059.0,3360.7602271410356,1.206896551724138,573,579,7,0,572,576,17153,1,0,0,1,3
2020-10-06,US,Iowa,Dubuque,3771,47,0,42.46815349,-90.88181925,19061.0,3875.204242069242,1.2463537523203394,3724,3751,46,0,3705,3714,96854,20,1,0,19,37
2020-10-06,US,Iowa,Emmet,306,11,0,43.37782951,-94.67858943,19063.0,3323.1972198088624,3.594771241830065,295,305,10,0,295,299,9253,1,1,0,0,6
2020-10-06,US,Iowa,Fayette,258,2,0,42.86271799,-91.84412309999999,19065.0,1312.9770992366412,0.7751937984496124,256,255,2,0,253,250,19660,3,0,0,3,5
2020-10-06,US,Iowa,Floyd,378,8,0,43.06000529999999,-92.78940097,19067.0,2416.570771001151,2.1164021164021163,370,376,8,0,368,375,15761,2,0,0,2,1
2020-10-06,US,Iowa,Franklin,353,18,0,42.73270384,-93.26256925,19069.0,3505.461767626614,5.09915014164306,335,353,18,0,335,353,10124,0,0,0,0,0
2020-10-06,US,Iowa,Fremont,150,0,0,40.74542720000001,-95.60129045,19071.0,2155.172413793104,0.0,150,148,0,0,148,143,6993,2,0,0,2,5
2020-10-06,US,Iowa,Greene,136,0,0,42.03614551,-94.39658081,19073.0,1530.15301530153,0.0,136,132,0,0,132,126,8981,4,0,0,4,6
2020-10-06,US,Iowa,Grundy,244,4,0,42.40183723,-92.78829551,19075.0,1994.767822105952,1.639344262295082,240,241,4,0,237,240,12304,3,0,0,3,1
2020-10-06,US,Iowa,Guthrie,301,12,0,41.68378965,-94.50111014,19077.0,2815.9790438768828,3.986710963455149,289,296,11,0,285,292,10720,5,1,0,4,4
2020-10-06,US,Iowa,Hamilton,347,3,0,42.38382428,-93.70197703,19079.0,2348.879712989914,0.8645533141210374,344,346,3,0,343,342,14952,1,0,0,1,4
2020-10-06,US,Iowa,Hancock,216,3,0,43.08178477,-93.73454884,19081.0,2031.9849482596426,1.3888888888888888,213,214,2,0,212,215,10712,2,1,0,1,-1
2020-10-06,US,Iowa,Hardin,328,2,0,42.38353877,-93.23654611,19083.0,1947.0497447465275,0.6097560975609756,326,328,2,0,326,328,16868,0,0,0,0,0
2020-10-06,US,Iowa,Harrison,337,5,0,41.68330137,-95.81558439,19085.0,2398.7472417965687,1.483679525222552,332,329,5,0,324,320,14134,8,0,0,8,9
2020-10-06,US,Iowa,Henry,847,5,0,40.98767962,-91.54436349,19087.0,4244.7629547960305,0.5903187721369539,842,843,5,0,838,839,20067,4,0,0,4,4
2020-10-06,US,Iowa,Howard,199,7,0,43.35671042,-92.31702714,19089.0,2172.9635291548375,3.5175879396984926,192,199,7,0,192,197,9187,0,0,0,0,2
2020-10-06,US,Iowa,Humboldt,204,3,0,42.7764426,-94.20722537,19091.0,2134.3377275580665,1.4705882352941178,201,203,3,0,200,202,9547,1,0,0,1,1
2020-10-06,US,Iowa,Ida,149,2,0,42.38696136,-95.51355387,19093.0,2172.0116618075804,1.342281879194631,147,146,2,0,144,146,6841,3,0,0,3,0
2020-10-06,US,Iowa,Iowa,266,1,0,41.68630265,-92.0643373,19095.0,1643.598615916955,0.3759398496240601,265,254,1,0,253,249,16141,12,0,0,12,5
2020-10-06,US,Iowa,Jackson,410,3,0,42.17178824,-90.57354837,19097.0,2109.161993929729,0.7317073170731707,407,409,3,0,406,402,19432,1,0,0,1,7
2020-10-06,US,Iowa,Jasper,918,34,0,41.68576082,-93.05567785,19099.0,2468.7373941105284,3.703703703703704,884,912,34,0,878,909,37147,6,0,0,6,3
2020-10-06,US,Iowa,Jefferson,156,1,0,41.03192394,-91.94849466,19101.0,852.691992347636,0.6410256410256411,155,154,1,0,153,150,18381,2,0,0,2,4
2020-10-06,US,Iowa,Johnson,5305,28,0,41.67169354,-91.58754744,19103.0,3509.990737064973,0.527803958529689,5277,5286,28,0,5258,5264,151260,19,0,0,19,22
2020-10-06,US,Iowa,Jones,324,3,0,42.12118609,-91.13139641,19105.0,1566.6553841690438,0.925925925925926,321,321,3,0,318,313,20744,3,0,0,3,8
2020-10-06,US,Iowa,Keokuk,126,1,0,41.33649833,-92.1785067,19107.0,1229.7481944173335,0.7936507936507936,125,125,1,0,124,125,10225,1,0,0,1,0
2020-10-06,US,Iowa,Kossuth,329,0,0,43.20405458,-94.20691791,19109.0,2221.022075204213,0.0,329,326,0,0,326,322,14908,3,0,0,3,4
2020-10-06,US,Iowa,Lee,712,8,0,40.64181461,-91.48183025,19111.0,2115.4588941379207,1.1235955056179776,704,701,7,0,694,696,34055,11,1,0,10,5
2020-10-06,US,Iowa,Linn,4460,116,0,42.07923082,-91.59809485,19113.0,1967.3056734272586,2.600896860986547,4344,4425,116,0,4309,4387,225909,35,0,0,35,38
2020-10-06,US,Iowa,Louisa,449,15,0,41.21842119,-91.26102611,19115.0,4068.871771635705,3.3407572383073503,434,447,15,0,432,443,11169,2,0,0,2,4
2020-10-06,US,Iowa,Lucas,162,6,0,41.02958964,-93.32780803,19117.0,1883.7209302325589,3.703703703703704,156,162,6,0,156,160,8645,0,0,0,0,2
2020-10-06,US,Iowa,Lyon,445,5,0,43.38107862,-96.20926845,19119.0,3785.623139089749,1.1235955056179776,440,433,4,0,429,429,11811,12,1,0,11,4
2020-10-06,US,Iowa,Madison,273,2,0,41.33081904,-94.01554631,19121.0,1670.9511568123394,0.7326007326007326,271,271,2,0,269,266,16249,2,0,0,2,5
2020-10-06,US,Iowa,Mahaska,463,21,0,41.33521503,-92.64083907,19123.0,2095.4967187146412,4.535637149028077,442,457,21,0,436,453,22000,6,0,0,6,4
2020-10-06,US,Iowa,Marion,814,9,0,41.33445101,-93.09934783,19125.0,2447.899437644724,1.1056511056511056,805,807,9,0,798,803,33407,7,0,0,7,4
2020-10-06,US,Iowa,Marshall,1831,35,0,42.03586837,-92.99908190000001,19127.0,4650.867433767685,1.9115237575095576,1796,1827,35,0,1792,1826,39981,4,0,0,4,1
2020-10-06,US,Iowa,Mills,236,1,0,41.03299766,-95.61920963,19129.0,1561.9829240849826,0.42372881355932196,235,233,1,0,232,221,15063,3,0,0,3,12
2020-10-06,US,Iowa,Mitchell,202,0,0,43.35638371,-92.78887719,19131.0,1908.1806159078028,0.0,202,201,0,0,201,201,10569,1,0,0,1,0
2020-10-06,US,Iowa,Monona,179,1,0,42.05220391,-95.95743843,19133.0,2077.771329077191,0.5586592178770949,178,179,1,0,178,175,8679,0,0,0,0,4
2020-10-06,US,Iowa,Monroe,171,11,0,41.02988815,-92.8690667,19135.0,2218.762164266252,6.432748538011697,160,172,11,0,161,165,7790,-1,0,0,-1,7
2020-10-06,US,Iowa,Montgomery,114,5,0,41.03018714,-95.15642896,19137.0,1149.5411918927095,4.385964912280701,109,112,5,0,107,109,10003,2,0,0,2,3
2020-10-06,US,Iowa,Muscatine,1172,56,0,41.48370744,-91.11216970000001,19139.0,2747.046690418151,4.778156996587032,1116,1170,56,0,1114,1168,42929,2,0,0,2,2
2020-10-06,US,Iowa,O'Brien,470,9,0,43.08310673,-95.62474482,19141.0,3417.436195739112,1.9148936170212767,461,465,9,0,456,463,13840,5,0,0,5,2
2020-10-06,US,Iowa,Osceola,188,0,0,43.37824276,-95.62422844,19143.0,3155.4212823095,0.0,188,187,0,0,187,187,6040,1,0,0,1,0
2020-10-06,US,Iowa,Page,247,0,0,40.7393172,-95.1497813,19145.0,1635.003640696366,0.0,247,247,0,0,247,246,15249,0,0,0,0,1
2020-10-06,US,Iowa,Palo Alto,241,0,0,43.08193849,-94.67824621,19147.0,2712.131442718884,0.0,241,239,0,0,239,236,8929,2,0,0,2,3
2020-10-06,US,Iowa,Plymouth,1281,23,0,42.737633,-96.21366621,19149.0,5087.977121976407,1.795472287275566,1258,1276,23,0,1253,1270,25095,5,0,0,5,6
2020-10-06,US,Iowa,Pocahontas,180,2,0,42.73420133,-94.67862564,19151.0,2719.4440247771568,1.1111111111111112,178,178,2,0,176,178,6740,2,0,0,2,0
2020-10-06,US,Iowa,Polk,16581,271,0,41.68679484,-93.57767461,19153.0,3382.766070740023,1.6344008202159097,16310,16534,271,0,16263,16484,487204,47,0,0,47,50
2020-10-06,US,Iowa,Pottawattamie,2372,41,0,41.33640314,-95.53907776,19155.0,2544.900542883505,1.7284991568296797,2331,2364,41,0,2323,2345,93533,8,0,0,8,19
2020-10-06,US,Iowa,Poweshiek,359,10,0,41.68625425,-92.53155731,19157.0,1940.1210549070472,2.7855153203342615,349,357,9,0,348,353,18699,2,1,0,1,4
2020-10-06,US,Iowa,Ringgold,59,2,0,40.73518949,-94.24368535,19159.0,1205.5578259092767,3.3898305084745757,57,58,2,0,56,56,4968,1,0,0,1,2
2020-10-06,US,Iowa,Sac,297,0,0,42.38624071,-95.10547892,19161.0,3055.241230326098,0.0,297,297,0,0,297,290,9719,0,0,0,0,7
2020-10-06,US,Iowa,Scott,3355,29,0,41.63935978,-90.61959493,19163.0,1939.9455311865759,0.8643815201192251,3326,3327,29,0,3298,3311,173283,28,0,0,28,16
2020-10-06,US,Iowa,Shelby,291,1,0,41.6850066,-95.31015553,19165.0,2540.5971712938713,0.3436426116838488,290,288,1,0,287,284,11578,3,0,0,3,4
2020-10-06,US,Iowa,Sioux,1908,6,0,43.08221074,-96.17675679999999,19167.0,5474.107014775498,0.31446540880503143,1902,1897,4,0,1893,1880,34909,11,2,0,9,17
2020-10-06,US,Iowa,Story,3595,17,0,42.03621213,-93.46499005,19169.0,3701.720605043401,0.4728789986091794,3578,3576,17,0,3559,3556,98105,19,0,0,19,20
2020-10-06,US,Iowa,Tama,809,34,0,42.07991767,-92.53266945,19171.0,4800.047466476801,4.202719406674906,775,793,33,0,760,791,16904,16,1,0,15,2
2020-10-06,US,Iowa,Taylor,167,1,0,40.73710579,-94.69778563,19173.0,2728.3123672602514,0.5988023952095808,166,167,1,0,166,164,6191,0,0,0,0,3
2020-10-06,US,Iowa,Unassigned,1,0,0,0.0,0.0,90019.0,0.0,0.0,1,3,0,0,3,16,,-2,0,0,-2,-13
2020-10-06,US,Iowa,Union,157,3,0,41.0277278,-94.24234847,19175.0,1282.5749530267135,1.9108280254777068,154,155,3,0,152,152,12359,2,0,0,2,3
2020-10-06,US,Iowa,Van Buren,129,1,0,40.75326764,-91.95017958,19177.0,1831.3458262350935,0.7751937984496124,128,129,1,0,128,127,7020,0,0,0,0,2
2020-10-06,US,Iowa,Wapello,1391,58,0,41.03064984,-92.40954728,19179.0,3977.808916468872,4.169662113587346,1333,1388,57,0,1331,1384,35205,3,1,0,2,4
2020-10-06,US,Iowa,Warren,1002,6,0,41.33559454,-93.56007641,19181.0,1946.9164108343368,0.5988023952095808,996,997,6,0,991,998,51056,5,0,0,5,-1
2020-10-06,US,Iowa,Washington,529,11,0,41.33577126,-91.71725711,19183.0,2408.376963350785,2.0793950850661624,518,522,11,0,511,515,22141,7,0,0,7,7
2020-10-06,US,Iowa,Wayne,94,3,0,40.73969028,-93.32752197,19185.0,1459.4007141748175,3.191489361702128,91,94,3,0,91,91,6401,0,0,0,0,3
2020-10-06,US,Iowa,Webster,1400,14,0,42.42853483,-94.17987389,19187.0,3899.2869875222814,1.0,1386,1397,14,0,1383,1395,36277,3,0,0,3,2
2020-10-06,US,Iowa,Winnebago,345,14,0,43.37751174,-93.73407298,19189.0,3332.045586246861,4.057971014492754,331,345,14,0,331,346,10518,0,0,0,0,-1
2020-10-06,US,Iowa,Winneshiek,361,8,0,43.29094334,-91.84422722,19191.0,1805.8126156770547,2.21606648199446,353,358,8,0,350,355,20029,3,0,0,3,3
2020-10-06,US,Iowa,Woodbury,6016,74,0,42.38979414,-96.0459439,19193.0,5834.71539274734,1.2300531914893618,5942,5980,72,0,5908,5961,102539,36,2,0,34,19
2020-10-06,US,Iowa,Worth,118,0,0,43.37750768,-93.26087602,19195.0,1598.6993632299148,0.0,118,115,0,0,115,117,7453,3,0,0,3,-2
2020-10-06,US,Iowa,Wright,622,1,0,42.73305373,-93.73515113,19197.0,4951.4408533672995,0.1607717041800643,621,617,1,0,616,614,12690,5,0,0,5,3
2020-10-06,US,Kansas,Allen,82,1,0,37.88582951,-95.30030847,20001.0,614.4393241167435,1.3157894736842106,81,82,1,0,81,44,12444,0,0,0,0,38
2020-10-06,US,Kansas,Anderson,85,0,0,38.21413251,-95.29272815,20003.0,1068.9742937134129,0.0,85,85,0,0,85,76,7878,0,0,0,0,9
2020-10-06,US,Kansas,Atchison,366,4,0,39.53185661,-95.30870026,20005.0,2028.2461270453555,1.2269938650306749,362,366,4,0,362,366,16193,0,0,0,0,0
2020-10-06,US,Kansas,Barber,11,0,0,37.2288586,-98.68460053,20007.0,293.65258640162637,0.0,11,11,0,0,11,10,4472,0,0,0,0,1
2020-10-06,US,Kansas,Barton,573,7,0,38.47889676,-98.75636726,20009.0,2001.629233096707,1.2216404886561956,566,542,7,0,535,542,26111,31,0,0,31,0
2020-10-06,US,Kansas,Bourbon,197,3,0,37.85508555,-94.84865997,20011.0,1272.8773909453696,1.6216216216216215,194,197,3,0,194,161,14653,0,0,0,0,36
2020-10-06,US,Kansas,Brown,147,5,0,39.82652589,-95.56421698,20013.0,1589.2931827687162,3.2894736842105265,142,128,5,0,123,128,9598,19,0,0,19,0
2020-10-06,US,Kansas,Butler,643,3,0,37.78134351,-96.83878537,20015.0,1563.2706132026126,0.2868068833652008,640,637,3,0,634,581,66765,6,0,0,6,56
2020-10-06,US,Kansas,Chase,87,2,0,38.30292938,-96.59563862,20017.0,3209.969788519637,2.3529411764705883,85,87,2,0,85,82,2629,0,0,0,0,5
2020-10-06,US,Kansas,Chautauqua,18,0,0,37.14994405,-96.2454192,20019.0,676.9230769230769,0.0,18,18,0,0,18,17,3309,0,0,0,0,1
2020-10-06,US,Kansas,Cherokee,552,7,0,37.16928494,-94.8462897,20021.0,2708.260193590451,1.2962962962962965,545,540,7,0,533,540,20015,12,0,0,12,0
2020-10-06,US,Kansas,Cheyenne,74,2,0,39.78580976,-101.7318201,20023.0,2860.3688370342493,2.631578947368421,72,74,2,0,72,72,2660,0,0,0,0,2
2020-10-06,US,Kansas,Clark,53,1,0,37.23577007,-99.81883015,20025.0,2758.2748244734203,1.818181818181818,52,53,1,0,52,53,2005,0,0,0,0,0
2020-10-06,US,Kansas,Clay,63,2,0,39.34948772,-97.16518128,20027.0,687.3281679580106,3.636363636363636,61,63,2,0,61,63,7997,0,0,0,0,0
2020-10-06,US,Kansas,Cloud,72,1,0,39.48028352,-97.64925343,20029.0,842.249032551787,1.351351351351351,71,72,1,0,71,71,8729,0,0,0,0,1
2020-10-06,US,Kansas,Coffey,129,9,0,38.2365018,-95.73379515,20031.0,1613.8892285120432,6.8181818181818175,120,129,9,0,120,129,8233,0,0,0,0,0
2020-10-06,US,Kansas,Comanche,16,0,0,37.19114520000001,-99.27113247,20033.0,823.5294117647059,0.0,16,16,0,0,16,16,1748,0,0,0,0,0
2020-10-06,US,Kansas,Cowley,399,8,0,37.23781842,-96.83776647,20035.0,1203.1625988312135,1.9047619047619049,391,399,8,0,391,386,35218,0,0,0,0,13
2020-10-06,US,Kansas,Crawford,1131,8,0,37.50675523,-94.85245778,20037.0,2996.0327683033643,0.6878761822871883,1123,1131,8,0,1123,1131,39019,0,0,0,0,0
2020-10-06,US,Kansas,Decatur,28,1,0,39.78468441,-100.45940809999999,20039.0,1061.1956137247967,3.333333333333333,27,28,1,0,27,27,2871,0,0,0,0,1
2020-10-06,US,Kansas,Dickinson,235,2,0,38.86600962,-97.15532383,20041.0,1250.9476876421534,0.8658008658008658,233,235,2,0,233,226,18717,0,0,0,0,9
2020-10-06,US,Kansas,Doniphan,123,0,0,39.79067154,-95.14056866,20043.0,1578.947368421053,0.0,123,123,0,0,123,123,7682,0,0,0,0,0
2020-10-06,US,Kansas,Douglas,2479,13,0,38.88503636,-95.2925121,20045.0,1900.8825526137134,0.5244050020169423,2466,2465,13,0,2452,2414,121436,14,0,0,14,51
2020-10-06,US,Kansas,Edwards,53,0,0,37.88735543,-99.31263309,20047.0,1929.9499642601857,0.0,53,53,0,0,53,53,2849,0,0,0,0,0
2020-10-06,US,Kansas,Elk,1,0,0,37.45338105,-96.24369667,20049.0,355.73122529644274,0.0,1,1,0,0,1,1,2508,0,0,0,0,0
2020-10-06,US,Kansas,Ellis,1122,7,0,38.91458712,-99.31751551,20051.0,3915.525513956502,0.6261180679785331,1115,1122,7,0,1115,1092,28710,0,0,0,0,30
2020-10-06,US,Kansas,Ellsworth,71,0,0,38.69677695,-98.20462799,20053.0,1163.552933464438,0.0,71,71,0,0,71,62,6196,0,0,0,0,9
2020-10-06,US,Kansas,Finney,2312,12,0,38.04340344,-100.73819379999999,20055.0,5920.421202731237,0.5190311418685121,2300,2290,12,0,2278,2260,36611,22,0,0,22,30
2020-10-06,US,Kansas,Ford,2888,13,0,37.69200114,-99.88825298,20057.0,8881.882268955054,0.43536503683858,2875,2888,13,0,2875,2859,33888,0,0,0,0,29
2020-10-06,US,Kansas,Franklin,422,3,0,38.56443815,-95.28644341,20059.0,1687.2846852489822,0.6960556844547564,419,422,3,0,419,409,25631,0,0,0,0,13
2020-10-06,US,Kansas,Geary,321,3,0,38.99871131,-96.7577178,20061.0,1430.375749921061,0.6622516556291391,318,318,3,0,315,313,32594,3,0,0,3,5
2020-10-06,US,Kansas,Gove,101,0,0,38.91588178,-100.4829321,20063.0,1707.1320182094082,0.0,101,101,0,0,101,85,2612,0,0,0,0,16
2020-10-06,US,Kansas,Graham,39,1,0,39.34987223,-99.88332493,20065.0,1611.6035455278006,2.5,38,39,1,0,38,39,2492,0,0,0,0,0
2020-10-06,US,Kansas,Grant,331,6,0,37.56227336,-101.3079758,20067.0,4195.804195804196,2.0,325,321,5,0,316,321,7336,10,1,0,9,0
2020-10-06,US,Kansas,Gray,148,0,0,37.73836671,-100.4369088,20069.0,2221.108884435537,0.0,148,148,0,0,148,136,6033,0,0,0,0,12
2020-10-06,US,Kansas,Greeley,10,0,0,38.4808095,-101.8061079,20071.0,1298.7012987012986,0.0,10,10,0,0,10,8,1227,0,0,0,0,2
2020-10-06,US,Kansas,Greenwood,49,0,0,37.8774388,-96.23250453,20073.0,852.5576730190571,0.0,49,49,0,0,49,49,6055,0,0,0,0,0
2020-10-06,US,Kansas,Hamilton,45,0,0,37.99978709,-101.7921066,20075.0,1890.5080740449,0.0,45,45,0,0,45,44,2607,0,0,0,0,1
2020-10-06,US,Kansas,Harper,120,2,0,37.19175361,-98.07578384,20077.0,2207.5055187637968,1.6666666666666667,118,120,2,0,118,120,5506,0,0,0,0,0
2020-10-06,US,Kansas,Harvey,384,7,0,38.04293782,-97.42747573,20079.0,1121.147869528595,1.8134715025906736,377,384,7,0,377,369,34210,0,0,0,0,15
2020-10-06,US,Kansas,Haskell,103,1,0,37.562039399999996,-100.8710738,20081.0,3427.4193548387098,0.7352941176470589,102,103,1,0,102,103,3997,0,0,0,0,0
2020-10-06,US,Kansas,Hodgeman,26,0,0,38.08780079,-99.89829881,20083.0,1560.7580824972129,0.0,26,26,0,0,26,26,1818,0,0,0,0,0
2020-10-06,US,Kansas,Jackson,256,2,0,39.41673394,-95.79356799,20085.0,1943.6641105458966,0.78125,254,253,2,0,251,253,13280,3,0,0,3,0
2020-10-06,US,Kansas,Jefferson,220,4,0,39.2347941,-95.38289232,20087.0,1118.5212414010398,1.8779342723004693,216,217,4,0,213,203,18975,3,0,0,3,14
2020-10-06,US,Kansas,Jewell,17,1,0,39.78470589,-98.21820662,20089.0,590.4828065300452,5.882352941176472,16,17,1,0,16,17,2841,0,0,0,0,0
2020-10-06,US,Kansas,Johnson,11733,158,0,38.88548175,-94.82250877,20091.0,2003.814734703296,1.3089222102559854,11575,11657,158,0,11499,11624,597555,76,0,0,76,33
2020-10-06,US,Kansas,Kearny,105,1,0,38.00017981,-101.32168100000001,20093.0,2709.744658676394,0.9615384615384616,104,105,1,0,104,99,3943,0,0,0,0,6
2020-10-06,US,Kansas,Kingman,96,1,0,37.55909527,-98.13638678,20095.0,1454.13870246085,0.9615384615384616,95,96,1,0,95,95,7310,0,0,0,0,1
2020-10-06,US,Kansas,Kiowa,28,0,0,37.55848695,-99.2856537,20097.0,1171.7171717171718,0.0,28,28,0,0,28,28,2516,0,0,0,0,0
2020-10-06,US,Kansas,Labette,262,5,0,37.19113093,-95.29849679,20099.0,1294.729330206953,1.9685039370078738,257,253,5,0,248,249,19964,9,0,0,9,4
2020-10-06,US,Kansas,Lane,15,0,0,38.48119447,-100.46607540000001,20101.0,1042.3452768729644,0.0,15,15,0,0,15,15,1560,0,0,0,0,0
2020-10-06,US,Kansas,Leavenworth,2268,14,0,39.20183497,-95.03620809,20103.0,2842.535287066709,0.6024096385542169,2254,2268,14,0,2254,2235,81352,0,0,0,0,33
2020-10-06,US,Kansas,Lincoln,14,0,0,39.04549684,-98.20756994,20105.0,506.41458474004054,0.0,14,14,0,0,14,13,3023,0,0,0,0,1
2020-10-06,US,Kansas,Linn,84,0,0,38.21267844,-94.84254089,20107.0,906.9359991755127,0.0,84,84,0,0,84,83,9750,0,0,0,0,1
2020-10-06,US,Kansas,Logan,29,0,0,38.91735806,-101.148475,20109.0,1431.6392269148175,0.0,29,29,0,0,29,29,2844,0,0,0,0,0
2020-10-06,US,Kansas,Lyon,1168,36,0,38.45576156,-96.15275715,20111.0,3166.1394788371745,3.0821917808219177,1132,1159,35,0,1124,1153,33406,9,1,0,8,6
2020-10-06,US,Kansas,Marion,86,1,0,38.35855394,-97.09852509999999,20115.0,925.6142712891284,0.9090909090909092,85,86,1,0,85,79,11950,0,0,0,0,7
2020-10-06,US,Kansas,Marshall,38,0,0,39.78359669,-96.52278974,20117.0,412.0737612032554,0.0,38,38,0,0,38,34,9722,0,0,0,0,4
2020-10-06,US,Kansas,McPherson,290,1,0,38.39184858,-97.64769869,20113.0,935.4635274332562,0.3745318352059925,289,290,1,0,289,290,28537,0,0,0,0,0
2020-10-06,US,Kansas,Meade,127,1,0,37.23859987,-100.36483100000001,20119.0,3545.7475824448297,0.6993006993006993,126,127,1,0,126,123,4146,0,0,0,0,4
2020-10-06,US,Kansas,Miami,407,1,0,38.56383358,-94.83832189,20121.0,1250.1095306247628,0.2336448598130841,406,407,1,0,406,407,33680,0,0,0,0,0
2020-10-06,US,Kansas,Mitchell,48,0,0,39.39331582,-98.20906732,20123.0,802.8098344204718,0.0,48,48,0,0,48,47,6150,0,0,0,0,1
2020-10-06,US,Kansas,Montgomery,486,6,0,37.19236568,-95.74329258,20125.0,1526.9094222250146,1.2345679012345678,480,486,6,0,480,429,32120,0,0,0,0,57
2020-10-06,US,Kansas,Morris,42,0,0,38.68827511,-96.65128437,20127.0,782.9181494661923,0.0,42,42,0,0,42,41,5521,0,0,0,0,1
2020-10-06,US,Kansas,Morton,20,2,0,37.19141121,-101.79925190000002,20129.0,773.0962504831851,10.0,18,20,2,0,18,20,2667,0,0,0,0,0
2020-10-06,US,Kansas,Nemaha,169,1,0,39.78345387,-96.01392079,20131.0,1436.8096960218945,0.6802721088435374,168,135,1,0,134,135,10155,34,0,0,34,0
2020-10-06,US,Kansas,Neosho,187,0,0,37.55862897,-95.30670046,20133.0,1093.271693634035,0.0,187,183,0,0,183,183,15951,4,0,0,4,0
2020-10-06,US,Kansas,Ness,101,7,0,38.47974157,-99.91547333,20135.0,3454.5454545454545,7.36842105263158,94,101,7,0,94,101,2840,0,0,0,0,0
2020-10-06,US,Kansas,Norton,46,0,0,39.78443827,-99.90286639,20137.0,858.0488714792018,0.0,46,46,0,0,46,40,5430,0,0,0,0,6
2020-10-06,US,Kansas,Osage,112,0,0,38.65235984,-95.72707998,20139.0,733.5883127468808,0.0,112,112,0,0,112,112,15941,0,0,0,0,0
2020-10-06,US,Kansas,Osborne,11,0,0,39.3503437,-98.76753828,20141.0,350.77462730195845,0.0,11,11,0,0,11,11,3475,0,0,0,0,0
2020-10-06,US,Kansas,Ottawa,61,0,0,39.13237408,-97.65020313,20143.0,1069.4249649368865,0.0,61,61,0,0,61,59,5802,0,0,0,0,2
2020-10-06,US,Kansas,Pawnee,463,1,0,38.18108732,-99.23692334,20145.0,6189.585282195198,0.2159827213822894,462,463,1,0,462,463,6562,0,0,0,0,0
2020-10-06,US,Kansas,Phillips,134,8,0,39.78465501,-99.34668865,20147.0,2541.0775697363392,6.015037593984963,126,132,8,0,124,130,5317,2,0,0,2,2
2020-10-06,US,Kansas,Pottawatomie,294,0,0,39.37925655,-96.34564657,20149.0,1213.9605462822458,0.0,294,294,0,0,294,294,24277,0,0,0,0,0
2020-10-06,US,Kansas,Pratt,82,0,0,37.64780729,-98.73922153,20151.0,862.0689655172414,0.0,82,82,0,0,82,77,9378,0,0,0,0,5
2020-10-06,US,Kansas,Rawlins,50,0,0,39.78525843,-101.07616170000001,20153.0,2569.1699604743085,0.0,50,50,0,0,50,37,2508,0,0,0,0,13
2020-10-06,US,Kansas,Reno,1221,4,0,37.95230263,-98.08607292,20155.0,2008.1292944933707,0.321285140562249,1217,1197,4,0,1193,1165,62342,24,0,0,24,32
2020-10-06,US,Kansas,Republic,48,1,0,39.82799632,-97.65036709,20157.0,1056.9456427955133,2.0408163265306123,47,48,1,0,47,48,4664,0,0,0,0,0
2020-10-06,US,Kansas,Rice,90,1,0,38.34616184,-98.19992118,20159.0,922.722029988466,1.1363636363636365,89,90,1,0,89,85,9531,0,0,0,0,5
2020-10-06,US,Kansas,Riley,1945,8,0,39.28935726,-96.73420026,20161.0,2024.733268671193,0.4113110539845759,1937,1869,8,0,1861,1869,73703,76,0,0,76,0
2020-10-06,US,Kansas,Rooks,119,7,0,39.35022773,-99.32484567,20163.0,2378.048780487805,5.982905982905983,112,119,7,0,112,114,5013,0,0,0,0,5
2020-10-06,US,Kansas,Rush,64,0,0,38.52275276,-99.30863983,20165.0,2470.3557312252965,0.0,64,64,0,0,64,64,3093,0,0,0,0,0
2020-10-06,US,Kansas,Russell,116,1,0,38.91462787,-98.76254297,20167.0,1706.5344224037342,0.8547008547008547,115,116,1,0,115,110,6907,0,0,0,0,6
2020-10-06,US,Kansas,Saline,851,11,0,38.78369175,-97.65185177,20169.0,1493.8034818530539,1.3580246913580247,840,851,11,0,840,786,54401,0,0,0,0,65
2020-10-06,US,Kansas,Scott,122,1,0,38.48222076,-100.90665390000001,20171.0,2467.343976777939,0.8403361344537815,121,122,1,0,121,120,4897,0,0,0,0,2
2020-10-06,US,Kansas,Sedgwick,8978,94,0,37.6842718,-97.4608198,20173.0,1842.6794718259368,0.9885371753076032,8884,8954,93,0,8861,8901,513607,24,1,0,23,53
2020-10-06,US,Kansas,Seward,1824,7,0,37.19324632,-100.85072009999999,20175.0,7653.537427664737,0.38377192982456143,1817,1794,7,0,1787,1794,21780,30,0,0,30,0
2020-10-06,US,Kansas,Shawnee,2894,34,0,39.04100763,-95.75572640000001,20177.0,1653.7102473498232,1.1623931623931625,2860,2872,34,0,2838,2831,177499,22,0,0,22,41
2020-10-06,US,Kansas,Sheridan,38,0,0,39.35018161,-100.44182590000001,20179.0,1586.6719555731852,0.0,38,38,0,0,38,30,2533,0,0,0,0,8
2020-10-06,US,Kansas,Sherman,47,0,0,39.35147699,-101.71976240000001,20181.0,811.2219029913807,0.0,47,47,0,0,47,43,5899,0,0,0,0,4
2020-10-06,US,Kansas,Smith,11,0,0,39.78516566,-98.78566062,20183.0,334.91487580240016,0.0,11,11,0,0,11,10,3603,0,0,0,0,1
2020-10-06,US,Kansas,Stafford,60,1,0,38.03100851,-98.71762001,20185.0,1515.8806544754568,1.5873015873015872,59,60,1,0,59,60,4178,0,0,0,0,0
2020-10-06,US,Kansas,Stanton,48,2,0,37.56304714,-101.78435340000001,20187.0,3539.38185443669,2.8169014084507036,46,48,2,0,46,48,1987,0,0,0,0,0
2020-10-06,US,Kansas,Stevens,173,1,0,37.1923008,-101.3118967,20189.0,2880.583409298086,0.6329113924050633,172,173,1,0,172,171,5559,0,0,0,0,2
2020-10-06,US,Kansas,Sumner,211,3,0,37.23682549,-97.47721621,20191.0,959.0120861797162,1.3698630136986298,208,211,3,0,208,208,22996,0,0,0,0,3
2020-10-06,US,Kansas,Thomas,192,0,0,39.35107575,-101.0553705,20193.0,2275.941879902276,0.0,192,192,0,0,192,189,7711,0,0,0,0,3
2020-10-06,US,Kansas,Trego,63,3,0,38.91467218,-99.87284448,20195.0,1534.0706386014983,6.9767441860465125,60,63,3,0,60,62,2793,0,0,0,0,1
2020-10-06,US,Kansas,Wabaunsee,70,1,0,38.95471985,-96.20350509,20197.0,1038.8111383638725,1.3888888888888888,69,70,1,0,69,70,6899,0,0,0,0,0
2020-10-06,US,Kansas,Wallace,19,0,0,38.91686134,-101.76388759999999,20199.0,1251.6469038208168,0.0,19,19,0,0,19,19,1503,0,0,0,0,0
2020-10-06,US,Kansas,Washington,23,0,0,39.78420784,-97.08753229999999,20201.0,443.95116537180917,0.0,23,23,0,0,23,21,5420,0,0,0,0,2
2020-10-06,US,Kansas,Wichita,6,0,0,38.48178252,-101.3471509,20203.0,235.96035865974517,0.0,6,6,0,0,6,6,2105,0,0,0,0,0
2020-10-06,US,Kansas,Wilson,66,2,0,37.55937174,-95.74323255,20205.0,809.3841642228739,2.898550724637681,64,66,2,0,64,64,8665,0,0,0,0,2
2020-10-06,US,Kansas,Woodson,20,0,0,37.8865336,-95.74006277,20207.0,764.8183556405354,0.0,20,20,0,0,20,17,3183,0,0,0,0,3
2020-10-06,US,Kansas,Wyandotte,7338,134,0,39.11727348,-94.76378225,20209.0,4444.807137805343,1.8223854209166328,7204,7287,134,0,7153,7260,165324,51,0,0,51,27
2020-10-06,US,Kentucky,Adair,340,19,0,37.10459774,-85.28129668,21001.0,1770.6488907405478,5.588235294117646,321,336,19,0,317,336,19215,4,0,0,4,0
2020-10-06,US,Kentucky,Allen,410,9,0,36.75197631,-86.19457544,21003.0,1923.5280319024162,2.1951219512195124,401,400,9,0,391,397,21122,10,0,0,10,3
2020-10-06,US,Kentucky,Anderson,181,1,0,38.00671029,-84.99171713,21005.0,795.7093243065019,0.5524861878453039,180,179,1,0,178,178,22663,2,0,0,2,1
2020-10-06,US,Kentucky,Ballard,59,1,0,37.05842757,-88.99427697,21007.0,747.9716024340771,1.6949152542372878,58,59,1,0,58,58,7979,0,0,0,0,1
2020-10-06,US,Kentucky,Barren,824,13,0,36.96469836,-85.93338945,21009.0,1862.188976022057,1.577669902912621,811,823,13,0,810,823,44176,1,0,0,1,0
2020-10-06,US,Kentucky,Bath,93,1,0,38.14735938,-83.74588932,21011.0,744.0,1.075268817204301,92,92,1,0,91,92,12383,1,0,0,1,0
2020-10-06,US,Kentucky,Bell,532,15,0,36.73355174,-83.67766671,21013.0,2043.638598647818,2.819548872180451,517,531,15,0,516,528,26569,1,0,0,1,3
2020-10-06,US,Kentucky,Boone,1690,25,0,38.97065142,-84.72615357,21015.0,1265.1499839048965,1.4792899408284024,1665,1682,25,0,1657,1675,131533,8,0,0,8,7
2020-10-06,US,Kentucky,Bourbon,217,1,0,38.2054607,-84.21827874,21017.0,1096.624216696988,0.4608294930875576,216,214,1,0,213,212,20184,3,0,0,3,2
2020-10-06,US,Kentucky,Boyd,512,11,0,38.36176608,-82.68652187,21019.0,1095.9373260841646,2.1484375,501,509,11,0,498,507,47240,3,0,0,3,2
2020-10-06,US,Kentucky,Boyle,310,0,0,37.62680923,-84.8633779,21021.0,1031.2707917498337,0.0,310,306,0,0,306,307,30100,4,0,0,4,-1
2020-10-06,US,Kentucky,Bracken,42,0,0,38.69158994,-84.08532444,21023.0,505.8412621943876,0.0,42,42,0,0,42,42,8239,0,0,0,0,0
2020-10-06,US,Kentucky,Breathitt,98,0,0,37.52333168,-83.31959161,21025.0,775.9303246239115,0.0,98,97,0,0,97,97,12726,1,0,0,1,0
2020-10-06,US,Kentucky,Breckinridge,147,2,0,37.77377239,-86.42885017,21027.0,717.8785954973872,1.3605442176870748,145,147,2,0,145,145,20388,0,0,0,0,2
2020-10-06,US,Kentucky,Bullitt,976,11,0,37.97162523,-85.68955617,21029.0,1194.96547333366,1.1270491803278688,965,962,11,0,951,955,81069,14,0,0,14,7
2020-10-06,US,Kentucky,Butler,354,16,0,37.20946153,-86.68748787,21031.0,2748.6606102958303,4.519774011299434,338,346,16,0,330,345,12772,8,0,0,8,1
2020-10-06,US,Kentucky,Caldwell,177,0,0,37.14749129,-87.86948214,21033.0,1388.5620145916687,0.0,177,171,0,0,171,171,12715,6,0,0,6,0
2020-10-06,US,Kentucky,Calloway,676,9,0,36.62093411,-88.2731593,21035.0,1733.2888900284604,1.331360946745562,667,660,9,0,651,652,39135,16,0,0,16,8
2020-10-06,US,Kentucky,Campbell,932,16,0,38.94384345,-84.37875208,21037.0,995.8967344845273,1.7167381974248928,916,928,16,0,912,921,93152,4,0,0,4,7
2020-10-06,US,Kentucky,Carlisle,86,1,0,36.85372876,-88.96692220000001,21039.0,1806.7226890756306,1.162790697674419,85,85,1,0,84,84,4771,1,0,0,1,1
2020-10-06,US,Kentucky,Carroll,203,5,0,38.66599534,-85.12601074,21041.0,1909.5099238077319,2.4630541871921183,198,203,5,0,198,203,10737,0,0,0,0,0
2020-10-06,US,Kentucky,Carter,233,3,0,38.31690743,-83.05092385,21043.0,869.5003171996864,1.2875536480686696,230,220,3,0,217,220,27004,13,0,0,13,0
2020-10-06,US,Kentucky,Casey,283,15,0,37.32533118,-84.92726209,21045.0,1751.3459991336097,5.300353356890461,268,283,15,0,268,282,15888,0,0,0,0,1
2020-10-06,US,Kentucky,Christian,1467,25,0,36.89267803,-87.49055367,21047.0,2082.0028100651425,1.7041581458759374,1442,1438,24,0,1414,1437,71671,29,1,0,28,1
2020-10-06,US,Kentucky,Clark,370,10,0,37.9689263,-84.14615986,21049.0,1020.3237459669637,2.702702702702702,360,361,10,0,351,360,36249,9,0,0,9,1
2020-10-06,US,Kentucky,Clay,352,6,0,37.16451126,-83.712575,21051.0,1768.755338927692,1.7045454545454546,346,347,6,0,341,343,20105,5,0,0,5,4
2020-10-06,US,Kentucky,Clinton,145,2,0,36.72581156,-85.13377529,21053.0,1419.0643961636329,1.3793103448275863,143,144,2,0,142,143,10206,1,0,0,1,1
2020-10-06,US,Kentucky,Crittenden,125,1,0,37.35839237,-88.08826090000002,21055.0,1419.4867136043604,0.8,124,124,1,0,123,123,8915,1,0,0,1,1
2020-10-06,US,Kentucky,Cumberland,109,0,0,36.78926125,-85.39050034,21057.0,1648.0193528878135,0.0,109,109,0,0,109,109,6659,0,0,0,0,0
2020-10-06,US,Kentucky,Daviess,1578,17,0,37.73028906,-87.09019479999998,21059.0,1554.5113337470816,1.0773130544993663,1561,1554,17,0,1537,1522,101104,24,0,0,24,32
2020-10-06,US,Kentucky,Edmonson,142,12,0,37.21218923,-86.23955613,21061.0,1168.724279835391,8.450704225352112,130,141,12,0,129,140,12274,1,0,0,1,1
2020-10-06,US,Kentucky,Elliott,45,0,0,38.11624059,-83.09771563,21063.0,598.6430756950913,0.0,45,44,0,0,44,44,7508,1,0,0,1,0
2020-10-06,US,Kentucky,Estill,204,0,0,37.69241417,-83.95956369,21065.0,1446.193109315185,0.0,204,201,0,0,201,200,14198,3,0,0,3,1
2020-10-06,US,Kentucky,Fayette,7421,77,0,38.0368225,-84.45576892,21067.0,2296.4425409714318,1.0375960113192293,7344,7227,77,0,7150,7054,323780,194,0,0,194,173
2020-10-06,US,Kentucky,Fleming,90,0,0,38.36758311,-83.69657514,21069.0,617.2416158013854,0.0,90,89,0,0,89,87,14432,1,0,0,1,2
2020-10-06,US,Kentucky,Floyd,211,4,0,37.56213922,-82.74750924,21071.0,592.879822417039,1.895734597156398,207,211,4,0,207,212,35845,0,0,0,0,-1
2020-10-06,US,Kentucky,Franklin,731,12,0,38.2379395,-84.87962551,21073.0,1433.5863191543604,1.6415868673050615,719,719,12,0,707,715,50815,12,0,0,12,4
2020-10-06,US,Kentucky,Fulton,174,3,0,36.55238827,-89.20140068,21075.0,2915.0611492712346,1.7241379310344829,171,173,3,0,170,172,6120,1,0,0,1,1
2020-10-06,US,Kentucky,Gallatin,101,8,0,38.75398691,-84.8558382,21077.0,1138.7980606607284,7.920792079207921,93,101,8,0,93,100,8832,0,0,0,0,1
2020-10-06,US,Kentucky,Garrard,192,3,0,37.638866799999995,-84.53289319,21079.0,1086.833465413789,1.5625,189,186,3,0,183,182,17560,6,0,0,6,4
2020-10-06,US,Kentucky,Grant,191,6,0,38.64962758,-84.62415957,21081.0,761.8971638278351,3.141361256544503,185,188,6,0,182,185,25121,3,0,0,3,3
2020-10-06,US,Kentucky,Graves,782,29,0,36.72292505,-88.65143315,21083.0,2098.427521064777,3.70843989769821,753,777,29,0,748,774,37317,5,0,0,5,3
2020-10-06,US,Kentucky,Grayson,415,14,0,37.46231118,-86.34248968,21085.0,1570.3636432436526,3.3734939759036147,401,413,14,0,399,413,26321,2,0,0,2,0
2020-10-06,US,Kentucky,Green,283,8,0,37.26484328,-85.5540745,21087.0,2586.6008591536424,2.826855123674912,275,281,8,0,273,280,11049,2,0,0,2,1
2020-10-06,US,Kentucky,Greenup,469,4,0,38.54332505,-82.9215658,21089.0,1336.258476266454,0.8528784648187633,465,464,4,0,460,460,35268,5,0,0,5,4
2020-10-06,US,Kentucky,Hancock,98,0,0,37.83766422,-86.78280584,21091.0,1123.5955056179776,0.0,98,94,0,0,94,93,8758,4,0,0,4,1
2020-10-06,US,Kentucky,Hardin,1427,11,0,37.6976111,-85.96319251,21093.0,1286.0722075019378,0.7708479327259986,1416,1420,11,0,1409,1411,110356,7,0,0,7,9
2020-10-06,US,Kentucky,Harlan,500,11,0,36.85699301,-83.21899516,21095.0,1922.3375624759708,2.2,489,494,11,0,483,488,26409,6,0,0,6,6
2020-10-06,US,Kentucky,Harrison,194,0,0,38.44188174,-84.32869741,21097.0,1027.215927141798,0.0,194,190,0,0,190,190,18778,4,0,0,4,0
2020-10-06,US,Kentucky,Hart,192,1,0,37.29943898,-85.88461055,21099.0,1008.6682427107961,0.5208333333333334,191,188,1,0,187,187,18906,4,0,0,4,1
2020-10-06,US,Kentucky,Henderson,954,5,0,37.79344553,-87.57392021,21101.0,2110.1526211015257,0.5241090146750524,949,932,4,0,928,916,45591,22,1,0,21,16
2020-10-06,US,Kentucky,Henry,207,2,0,38.44942688,-85.11587507,21103.0,1283.641324569019,0.966183574879227,205,205,2,0,203,205,16106,2,0,0,2,0
2020-10-06,US,Kentucky,Hickman,84,1,0,36.67948079999999,-88.97875928,21105.0,1917.8082191780825,1.1904761904761905,83,82,1,0,81,82,4421,2,0,0,2,0
2020-10-06,US,Kentucky,Hopkins,693,39,0,37.30939025,-87.54670406,21107.0,1550.821286308911,5.627705627705628,654,684,39,0,645,683,45068,9,0,0,9,1
2020-10-06,US,Kentucky,Jackson,389,17,0,37.41866422,-83.99825483,21109.0,2918.4484957611226,4.370179948586118,372,383,17,0,366,383,13442,6,0,0,6,0
2020-10-06,US,Kentucky,Jefferson,16980,316,0,38.18664655,-85.65931031,21111.0,2214.5216802715854,1.8610129564193167,16664,16800,314,0,16486,16714,770517,180,2,0,178,86
2020-10-06,US,Kentucky,Jessamine,674,0,0,37.87119786,-84.58252003,21113.0,1245.4957035941975,0.0,674,665,0,0,665,663,53920,9,0,0,9,2
2020-10-06,US,Kentucky,Johnson,176,2,0,37.85106355,-82.8264322,21115.0,793.2215612042545,1.1363636363636365,174,165,2,0,163,163,22386,11,0,0,11,2
2020-10-06,US,Kentucky,Kenton,2144,49,0,38.93950319,-84.53241199,21117.0,1283.8477107510269,2.2854477611940296,2095,2140,49,0,2091,2131,166051,4,0,0,4,9
2020-10-06,US,Kentucky,Knott,235,1,0,37.35388197,-82.94981134,21119.0,1587.1943806564907,0.425531914893617,234,235,1,0,234,233,15126,0,0,0,0,2
2020-10-06,US,Kentucky,Knox,555,9,0,36.89225732,-83.85403396,21121.0,1781.9874779258307,1.6216216216216215,546,538,9,0,529,537,31304,17,0,0,17,1
2020-10-06,US,Kentucky,Larue,147,1,0,37.54567114,-85.70138352,21123.0,1020.9751354354773,0.6802721088435374,146,144,1,0,143,144,14307,3,0,0,3,0
2020-10-06,US,Kentucky,Laurel,1048,6,0,37.10975748,-84.11321779,21125.0,1723.315738411195,0.5725190839694656,1042,1022,6,0,1016,1021,60669,26,0,0,26,1
2020-10-06,US,Kentucky,Lawrence,70,0,0,38.07136018,-82.72882223,21127.0,457.008552588627,0.0,70,67,0,0,67,62,15571,3,0,0,3,5
2020-10-06,US,Kentucky,Lee,18,0,0,37.59645942,-83.71513901,21129.0,243.1446710792921,0.0,18,18,0,0,18,18,7033,0,0,0,0,0
2020-10-06,US,Kentucky,Leslie,95,0,0,37.09246661,-83.37999606,21131.0,961.8305153386656,0.0,95,95,0,0,95,91,10143,0,0,0,0,4
2020-10-06,US,Kentucky,Letcher,206,2,0,37.12306748,-82.85346474,21133.0,955.7834176216768,0.9708737864077671,204,200,2,0,198,196,21899,6,0,0,6,4
2020-10-06,US,Kentucky,Lewis,236,15,0,38.53184419,-83.37735618,21135.0,1777.7777777777774,6.3559322033898304,221,233,15,0,218,231,13257,3,0,0,3,2
2020-10-06,US,Kentucky,Lincoln,238,15,0,37.45475628,-84.6565327,21137.0,969.4895922440833,6.302521008403361,223,227,15,0,212,225,24644,11,0,0,11,2
2020-10-06,US,Kentucky,Livingston,95,1,0,37.21137452,-88.34797529,21139.0,1033.282575592778,1.0526315789473684,94,94,1,0,93,94,9242,1,0,0,1,0
2020-10-06,US,Kentucky,Logan,593,29,0,36.85949479,-86.877635,21141.0,2188.0304036602465,4.8903878583473865,564,584,29,0,555,580,26989,9,0,0,9,4
2020-10-06,US,Kentucky,Lyon,82,4,0,37.02080035,-88.07886257,21143.0,998.7819732034103,4.878048780487805,78,81,4,0,77,80,8009,1,0,0,1,1
2020-10-06,US,Kentucky,Madison,1941,7,0,37.71659336,-84.27220275,21151.0,2087.38855969114,0.36063884595569295,1934,1913,7,0,1906,1909,92368,28,0,0,28,4
2020-10-06,US,Kentucky,Magoffin,101,0,0,37.70820545,-83.0657714,21153.0,830.5238056080914,0.0,101,100,0,0,100,100,12362,1,0,0,1,0
2020-10-06,US,Kentucky,Marion,248,8,0,37.55218078,-85.26898542,21155.0,1286.7742437607014,3.2258064516129035,240,247,8,0,239,247,19404,1,0,0,1,0
2020-10-06,US,Kentucky,Marshall,349,4,0,36.88007070000001,-88.32803576,21157.0,1122.1864951768491,1.146131805157593,345,343,4,0,339,341,31191,6,0,0,6,2
2020-10-06,US,Kentucky,Martin,89,3,0,37.79990579,-82.51247478,21159.0,794.9977668602055,3.3707865168539324,86,84,3,0,81,83,11323,5,0,0,5,1
2020-10-06,US,Kentucky,Mason,131,2,0,38.59471935,-83.82151043,21161.0,767.4282366725249,1.5267175572519085,129,131,2,0,129,131,17150,0,0,0,0,0
2020-10-06,US,Kentucky,McCracken,806,10,0,37.05350953,-88.70445755,21145.0,1232.0767984346815,1.2406947890818858,796,800,10,0,790,793,65346,6,0,0,6,7
2020-10-06,US,Kentucky,McCreary,208,1,0,36.73874143,-84.48102924,21147.0,1207.126690267541,0.4807692307692308,207,206,1,0,205,204,17408,2,0,0,2,2
2020-10-06,US,Kentucky,McLean,91,1,0,37.5301951,-87.26803443,21149.0,988.3784077332463,1.0989010989010992,90,90,1,0,89,90,9252,1,0,0,1,0
2020-10-06,US,Kentucky,Meade,248,3,0,37.96163597,-86.21028219,21163.0,867.9826403471933,1.2096774193548387,245,246,3,0,243,244,28715,2,0,0,2,2
2020-10-06,US,Kentucky,Menifee,64,1,0,37.94090733,-83.59985712,21165.0,986.2844814301124,1.5625,63,62,1,0,61,62,6451,2,0,0,2,0
2020-10-06,US,Kentucky,Mercer,274,5,0,37.81474237,-84.87488475,21167.0,1249.2591072812656,1.8248175182481752,269,271,5,0,266,268,21774,3,0,0,3,3
2020-10-06,US,Kentucky,Metcalfe,132,2,0,36.99459295,-85.63123699,21169.0,1310.694072088174,1.5151515151515151,130,129,2,0,127,128,10030,3,0,0,3,1
2020-10-06,US,Kentucky,Monroe,220,4,0,36.71225341,-85.71596443,21171.0,2065.7276995305165,1.818181818181818,216,219,4,0,215,218,10718,1,0,0,1,1
2020-10-06,US,Kentucky,Montgomery,309,3,0,38.03253032,-83.9145241,21173.0,1097.4180487978122,0.9708737864077671,306,303,3,0,300,302,28203,6,0,0,6,1
2020-10-06,US,Kentucky,Morgan,81,0,0,37.92465657,-83.25558245,21175.0,608.6107145540611,0.0,81,70,0,0,70,69,13345,11,0,0,11,1
2020-10-06,US,Kentucky,Muhlenberg,814,12,0,37.21425819,-87.14632053,21177.0,2658.2195806936193,1.4742014742014742,802,807,12,0,795,805,30774,7,0,0,7,2
2020-10-06,US,Kentucky,Nelson,546,4,0,37.80335779,-85.4657193,21179.0,1180.9746285121018,0.7326007326007326,542,534,4,0,530,533,45851,12,0,0,12,1
2020-10-06,US,Kentucky,Nicholas,53,1,0,38.33342292,-84.01889177,21181.0,729.1236758838905,1.8867924528301887,52,52,1,0,51,49,7166,1,0,0,1,3
2020-10-06,US,Kentucky,Ohio,487,9,0,37.47751843,-86.85368087,21183.0,2029.6740851879638,1.8480492813141685,478,482,9,0,473,479,24087,5,0,0,5,3
2020-10-06,US,Kentucky,Oldham,1209,26,0,38.39791089,-85.448222,21185.0,1809.907333942125,2.150537634408602,1183,1203,26,0,1177,1195,66470,6,0,0,6,8
2020-10-06,US,Kentucky,Owen,104,2,0,38.51679143,-84.82404619,21187.0,954.0409136776442,1.9230769230769231,102,102,2,0,100,102,10880,2,0,0,2,0
2020-10-06,US,Kentucky,Owsley,49,1,0,37.42823949,-83.68811419,21189.0,1109.8527746319369,2.0408163265306123,48,48,1,0,47,48,4472,1,0,0,1,0
2020-10-06,US,Kentucky,Pendleton,102,0,0,38.69607718,-84.35599463,21191.0,699.1089787525702,0.0,102,100,0,0,100,100,14529,2,0,0,2,0
2020-10-06,US,Kentucky,Perry,351,9,0,37.25023553,-83.22922731,21193.0,1362.6834381551362,2.5641025641025643,342,350,9,0,341,349,26092,1,0,0,1,1
2020-10-06,US,Kentucky,Pike,527,3,0,37.47088263,-82.39487445,21195.0,910.5674200013824,0.5692599620493358,524,506,3,0,503,495,58402,21,0,0,21,11
2020-10-06,US,Kentucky,Powell,115,0,0,37.83218794,-83.82553961,21197.0,930.4959948215877,0.0,115,112,0,0,112,109,12442,3,0,0,3,3
2020-10-06,US,Kentucky,Pulaski,840,11,0,37.10466131,-84.57629079,21199.0,1292.72534203358,1.3095238095238095,829,830,11,0,819,827,64623,10,0,0,10,3
2020-10-06,US,Kentucky,Robertson,13,1,0,38.51923469,-84.05055616,21201.0,616.6982922201139,7.6923076923076925,12,12,1,0,11,12,2135,1,0,0,1,0
2020-10-06,US,Kentucky,Rockcastle,203,1,0,37.36642393,-84.31176452,21203.0,1215.9329140461216,0.4926108374384237,202,192,1,0,191,192,16750,11,0,0,11,0
2020-10-06,US,Kentucky,Rowan,274,1,0,38.19484205,-83.42088935,21205.0,1120.1962387571548,0.36496350364963503,273,266,1,0,265,266,24583,8,0,0,8,0
2020-10-06,US,Kentucky,Russell,273,6,0,36.99308373,-85.06070117,21207.0,1523.1825029291974,2.1978021978021984,267,270,6,0,264,270,17821,3,0,0,3,0
2020-10-06,US,Kentucky,Scott,855,14,0,38.29622293,-84.5816631,21209.0,1499.8947442284752,1.6374269005847952,841,834,14,0,820,832,56031,21,0,0,21,2
2020-10-06,US,Kentucky,Shelby,1129,24,0,38.21476019,-85.194223,21211.0,2302.9536553524804,2.1257750221434897,1105,1115,24,0,1091,1113,48518,14,0,0,14,2
2020-10-06,US,Kentucky,Simpson,292,8,0,36.74058474,-86.58047435,21213.0,1572.2593150979972,2.7397260273972597,284,291,8,0,283,291,18529,1,0,0,1,0
2020-10-06,US,Kentucky,Spencer,226,0,0,38.03223971,-85.32749335,21215.0,1167.8982998294662,0.0,226,225,0,0,225,225,18794,1,0,0,1,0
2020-10-06,US,Kentucky,Taylor,331,7,0,37.3677562,-85.3329931,21217.0,1284.489114827894,2.114803625377644,324,328,7,0,321,325,25549,3,0,0,3,3
2020-10-06,US,Kentucky,Todd,200,8,0,36.8381152,-87.17878374,21219.0,1626.8098259313485,4.0,192,199,8,0,191,199,12311,1,0,0,1,0
2020-10-06,US,Kentucky,Trigg,196,0,0,36.80767017,-87.87333656,21221.0,1337.7926421404684,0.0,196,188,0,0,188,187,14643,8,0,0,8,1
2020-10-06,US,Kentucky,Trimble,72,0,0,38.61056487,-85.33775972,21223.0,849.9586825640421,0.0,72,72,0,0,72,72,8515,0,0,0,0,0
2020-10-06,US,Kentucky,Union,388,3,0,37.66166713,-87.94300009,21225.0,2698.0043112440026,0.7731958762886598,385,383,3,0,380,379,14505,5,0,0,5,4
2020-10-06,US,Kentucky,Warren,4518,55,0,36.99903045,-86.42672751,21227.0,3399.650854803757,1.2173528109783092,4463,4499,55,0,4444,4490,131264,19,0,0,19,9
2020-10-06,US,Kentucky,Washington,153,1,0,37.75599461,-85.17407732,21229.0,1264.9855312112445,0.6535947712418301,152,149,1,0,148,148,12084,4,0,0,4,1
2020-10-06,US,Kentucky,Wayne,187,0,0,36.80310688,-84.8251971,21231.0,919.6872079870164,0.0,187,186,0,0,186,181,20468,1,0,0,1,5
2020-10-06,US,Kentucky,Webster,219,3,0,37.52168356,-87.67989953,21233.0,1692.1650440426513,1.3698630136986298,216,213,3,0,210,213,13111,6,0,0,6,0
2020-10-06,US,Kentucky,Whitley,518,2,0,36.75700531,-84.14541217,21235.0,1428.4138539598498,0.3861003861003861,516,496,2,0,494,486,36242,22,0,0,22,10
2020-10-06,US,Kentucky,Wolfe,52,0,0,37.73941626,-83.49303612,21237.0,726.5614084113455,0.0,52,52,0,0,52,51,7177,0,0,0,0,1
2020-10-06,US,Kentucky,Woodford,304,0,0,38.04178222,-84.7417556,21239.0,1137.128749906486,0.0,304,301,0,0,301,299,26533,3,0,0,3,2
2020-10-06,US,Louisiana,Acadia,3000,99,0,30.295064899999996,-92.41419698,22001.0,4835.200257877347,3.3,2901,2993,99,0,2894,2992,62190,7,0,0,7,1
2020-10-06,US,Louisiana,Allen,1706,50,0,30.65385745,-92.82442028,22003.0,6657.0414016467,2.9308323563892147,1656,1696,50,0,1646,1698,25605,10,0,0,10,-2
2020-10-06,US,Louisiana,Ascension,3826,98,0,30.20406249,-90.91328409999998,22005.0,3022.021421124135,2.561421850496602,3728,3816,98,0,3718,3806,124672,10,0,0,10,10
2020-10-06,US,Louisiana,Assumption,772,24,0,29.89946234,-91.06461642,22007.0,3526.563427892741,3.1088082901554404,748,767,24,0,743,766,22300,5,0,0,5,1
2020-10-06,US,Louisiana,Avoyelles,1592,58,0,31.07796211,-92.00079449,22009.0,3965.7233957752087,3.6432160804020093,1534,1572,58,0,1514,1571,40462,20,0,0,20,1
2020-10-06,US,Louisiana,Beauregard,1024,38,0,30.64836518,-93.34173616,22011.0,2730.885137477665,3.7109375,986,1026,38,0,988,1024,37253,-2,0,0,-2,2
2020-10-06,US,Louisiana,Bienville,507,33,0,32.34569994,-93.05398492,22013.0,3829.015935352315,6.508875739644972,474,499,33,0,466,499,13308,8,0,0,8,0
2020-10-06,US,Louisiana,Bossier,3473,108,0,32.67932307,-93.60460152,22015.0,2733.806154015696,3.1097034264324783,3365,3427,108,0,3319,3417,127185,46,0,0,46,10
2020-10-06,US,Louisiana,Caddo,8974,371,0,32.57991587,-93.88375652,22017.0,3735.9910742535512,4.134165366614663,8603,8884,371,0,8513,8850,242922,90,0,0,90,34
2020-10-06,US,Louisiana,Calcasieu,7954,217,0,30.22931235,-93.35400434,22019.0,3909.8291354529188,2.72818707568519,7737,7947,217,0,7730,7947,203112,7,0,0,7,0
2020-10-06,US,Louisiana,Caldwell,309,3,0,32.0902519,-92.11752148,22021.0,3115.547489413188,0.9708737864077671,306,308,3,0,305,302,9960,1,0,0,1,6
2020-10-06,US,Louisiana,Cameron,228,2,0,29.87592238,-93.19310676,22023.0,3269.7547683923713,0.8771929824561403,226,230,2,0,228,226,6968,-2,0,0,-2,4
2020-10-06,US,Louisiana,Catahoula,443,12,0,31.66778967,-91.84526385,22025.0,4666.104908363177,2.708803611738149,431,443,11,0,432,439,9608,0,1,0,-1,4
2020-10-06,US,Louisiana,Claiborne,541,23,0,32.82308512,-92.99526883,22027.0,3452.456924058711,4.251386321626617,518,537,23,0,514,535,15944,4,0,0,4,2
2020-10-06,US,Louisiana,Concordia,524,15,0,31.44817835,-91.63814433,22029.0,2720.805857001921,2.862595419847328,509,521,15,0,506,522,19572,3,0,0,3,-1
2020-10-06,US,Louisiana,De Soto,929,35,0,32.05457447,-93.74130302,22031.0,3382.7331318501256,3.7674919268030136,894,922,35,0,887,925,27436,7,0,0,7,-3
2020-10-06,US,Louisiana,East Baton Rouge,15332,444,0,30.53842039,-91.09777565,22033.0,3484.0782713227086,2.895903991651448,14888,15317,443,0,14874,15307,440956,15,1,0,14,10
2020-10-06,US,Louisiana,East Carroll,549,5,0,32.73926954,-91.23425694,22035.0,8001.7490161784,0.9107468123861566,544,548,5,0,543,548,7037,1,0,0,1,0
2020-10-06,US,Louisiana,East Feliciana,1751,72,0,30.84425359,-91.04976723,22037.0,9150.770838777109,4.111936036550542,1679,1750,72,0,1678,1745,19305,1,0,0,1,5
2020-10-06,US,Louisiana,Evangeline,1353,34,0,30.72985248,-92.39915924,22039.0,4051.504716274892,2.5129342202512928,1319,1344,34,0,1310,1341,33443,9,0,0,9,3
2020-10-06,US,Louisiana,Franklin,1233,41,0,32.13675181,-91.67589857,22041.0,6160.3797152135885,3.3252230332522297,1192,1228,41,0,1187,1229,20156,5,0,0,5,-1
2020-10-06,US,Louisiana,Grant,502,30,0,31.59882456,-92.56124347,22043.0,2242.172495421859,5.9760956175298805,472,502,30,0,472,500,22482,0,0,0,0,2
2020-10-06,US,Louisiana,Iberia,2998,90,0,29.86803617,-91.75871777,22045.0,4293.2836889589,3.002001334222815,2908,2989,90,0,2899,2979,70941,9,0,0,9,10
2020-10-06,US,Louisiana,Iberville,1419,58,0,30.25734305,-91.3499598,22047.0,4364.6765710067375,4.0873854827343195,1361,1419,58,0,1361,1418,32721,0,0,0,0,1
2020-10-06,US,Louisiana,Jackson,688,22,0,32.30251776,-92.55692092,22049.0,4369.918699186992,3.197674418604651,666,692,22,0,670,691,15902,-4,0,0,-4,1
2020-10-06,US,Louisiana,Jefferson,17845,573,0,29.74075478,-90.11115756,22051.0,4126.0783411523435,3.2109834687587564,17272,17795,572,0,17223,17764,434051,50,1,0,49,31
2020-10-06,US,Louisiana,Jefferson Davis,1279,39,0,30.26896765,-92.81210004,22053.0,4077.403723539913,3.0492572322126663,1240,1274,39,0,1235,1268,31582,5,0,0,5,6
2020-10-06,US,Louisiana,LaSalle,438,10,0,31.67884782,-92.15907765,22059.0,2941.1764705882347,2.2831050228310503,428,438,10,0,428,434,14917,0,0,0,0,4
2020-10-06,US,Louisiana,Lafayette,9082,135,0,30.2049055,-92.06959876,22055.0,3716.1913335242853,1.4864567275930411,8947,9073,135,0,8938,9079,242782,9,0,0,9,-6
2020-10-06,US,Louisiana,Lafourche,3725,122,0,29.52470226,-90.40976986,22057.0,3816.0509762943843,3.2751677852348995,3603,3707,122,0,3585,3708,98115,18,0,0,18,-1
2020-10-06,US,Louisiana,Lincoln,1448,48,0,32.6003154,-92.66597409999999,22061.0,3097.856317658637,3.3149171270718236,1400,1439,48,0,1391,1433,47196,9,0,0,9,6
2020-10-06,US,Louisiana,Livingston,3870,76,0,30.44143993,-90.73061664,22063.0,2748.7942950088427,1.9638242894056848,3794,3855,76,0,3779,3855,139567,15,0,0,15,0
2020-10-06,US,Louisiana,Madison,888,8,0,32.36918118,-91.23973355,22065.0,8108.8485069856615,0.9009009009009008,880,889,8,0,881,889,11161,-1,0,0,-1,0
2020-10-06,US,Louisiana,Morehouse,829,22,0,32.81686191,-91.80421614,22067.0,3332.7972983838545,2.6537997587454765,807,824,22,0,802,822,25398,5,0,0,5,2
2020-10-06,US,Louisiana,Natchitoches,1233,26,0,31.72321584,-93.09816516,22069.0,3231.3014308926045,2.10867802108678,1207,1226,26,0,1200,1225,38659,7,0,0,7,1
2020-10-06,US,Louisiana,Orleans,12837,589,0,30.06971951,-89.92660315,22071.0,3290.323572834646,4.588299446911271,12248,12780,589,0,12191,12771,391006,57,0,0,57,9
2020-10-06,US,Louisiana,Ouachita,6451,150,0,32.47645559,-92.15704172,22073.0,4208.665244423568,2.3252208959851184,6301,6437,149,0,6288,6428,154475,14,1,0,13,9
2020-10-06,US,Louisiana,Plaquemines,786,19,0,29.42245447,-89.60322085,22075.0,3388.369185670561,2.417302798982188,767,739,19,0,720,739,23410,47,0,0,47,0
2020-10-06,US,Louisiana,Pointe Coupee,1073,40,0,30.71409502,-91.60209535,22077.0,4937.873907040957,3.727865796831314,1033,1072,40,0,1032,1068,21940,1,0,0,1,4
2020-10-06,US,Louisiana,Rapides,4348,149,0,31.19778499,-92.52997303,22079.0,3353.69616191534,3.4268629254829808,4199,4339,149,0,4190,4334,130562,9,0,0,9,5
2020-10-06,US,Louisiana,Red River,365,24,0,32.09530039,-93.34213308,22081.0,4323.619995261786,6.575342465753424,341,367,24,0,343,366,8477,-2,0,0,-2,1
2020-10-06,US,Louisiana,Richland,800,13,0,32.41391005,-91.76634876,22083.0,3975.7479375807575,1.625,787,802,13,0,789,799,20192,-2,0,0,-2,3
2020-10-06,US,Louisiana,Sabine,899,14,0,31.56388699,-93.55433981,22085.0,3764.0261262770055,1.5572858731924362,885,895,14,0,881,893,24032,4,0,0,4,2
2020-10-06,US,Louisiana,St. Bernard,1464,31,0,29.87761636,-89.51887093,22087.0,3098.8061976123954,2.1174863387978142,1433,1453,31,0,1422,1445,46721,11,0,0,11,8
2020-10-06,US,Louisiana,St. Charles,1849,61,0,29.90709658,-90.35555967,22089.0,3482.1092278719398,3.299080584099513,1788,1846,61,0,1785,1838,52879,3,0,0,3,8
2020-10-06,US,Louisiana,St. Helena,422,4,0,30.82210324,-90.71013176,22091.0,4165.02171338334,0.9478672985781992,418,413,4,0,409,415,10262,9,0,0,9,-2
2020-10-06,US,Louisiana,St. James,812,40,0,30.02531716,-90.80212061,22093.0,3849.0709139173305,4.9261083743842375,772,811,40,0,771,813,21037,1,0,0,1,-2
2020-10-06,US,Louisiana,St. John the Baptist,1599,102,0,30.12597499,-90.4753503,22095.0,3732.7543945654456,6.378986866791744,1497,1600,102,0,1498,1597,43184,-1,0,0,-1,3
2020-10-06,US,Louisiana,St. Landry,3403,128,0,30.59724262,-92.00135806,22097.0,4143.733865861382,3.7613870114604757,3275,3390,128,0,3262,3382,82764,13,0,0,13,8
2020-10-06,US,Louisiana,St. Martin,2124,61,0,30.13112107,-91.61403569,22099.0,3975.2203776833667,2.871939736346516,2063,2116,61,0,2055,2126,53621,8,0,0,8,-10
2020-10-06,US,Louisiana,St. Mary,1956,78,0,29.69262097,-91.44702164,22101.0,3963.686471589528,3.987730061349693,1878,1958,78,0,1880,1949,49774,-2,0,0,-2,9
2020-10-06,US,Louisiana,St. Tammany,7164,262,0,30.40942847,-89.95642711,22103.0,2750.951351475891,3.6571747627024007,6902,7157,262,0,6895,7148,258111,7,0,0,7,9
2020-10-06,US,Louisiana,Tangipahoa,4568,120,0,30.62888673,-90.40664996,22105.0,3389.780198578192,2.626970227670753,4448,4570,120,0,4450,4575,133777,-2,0,0,-2,-5
2020-10-06,US,Louisiana,Tensas,163,2,0,32.00760749,-91.32915234,22107.0,3760.9598523304107,1.2269938650306749,161,162,2,0,160,163,4462,1,0,0,1,-1
2020-10-06,US,Louisiana,Terrebonne,3688,119,0,29.37343766,-90.82626855,22109.0,3338.7349381229574,3.2266811279826464,3569,3682,118,0,3564,3672,111021,6,1,0,5,10
2020-10-06,US,Louisiana,Unassigned,195,190,0,0.0,0.0,90022.0,0.0,97.43589743589745,5,200,190,0,10,198,,-5,0,0,-5,2
2020-10-06,US,Louisiana,Union,1011,46,0,32.83121059,-92.3749373,22111.0,4573.005246969423,4.549950544015826,965,1008,46,0,962,1007,22330,3,0,0,3,1
2020-10-06,US,Louisiana,Vermilion,2060,66,0,29.83517605,-92.30292538,22113.0,3461.5449244677447,3.2038834951456314,1994,2057,65,0,1992,2056,59830,3,1,0,2,1
2020-10-06,US,Louisiana,Vernon,1081,52,0,31.10884837,-93.18153838,22115.0,2279.1962723228407,4.810360777058278,1029,1081,52,0,1029,1081,48860,0,0,0,0,0
2020-10-06,US,Louisiana,Washington,1665,67,0,30.85288548,-90.03866652,22117.0,3604.3642031432655,4.024024024024024,1598,1659,67,0,1592,1660,46582,6,0,0,6,-1
2020-10-06,US,Louisiana,Webster,1342,28,0,32.70847669,-93.33121835,22119.0,3500.260824204486,2.0864381520119224,1314,1333,28,0,1305,1332,38798,9,0,0,9,1
2020-10-06,US,Louisiana,West Baton Rouge,920,42,0,30.46058217,-91.30989571,22121.0,3476.2894388815416,4.565217391304348,878,922,42,0,880,922,26427,-2,0,0,-2,0
2020-10-06,US,Louisiana,West Carroll,352,10,0,32.78550125,-91.461201,22123.0,3250.2308402585413,2.8409090909090913,342,350,10,0,340,350,10982,2,0,0,2,0
2020-10-06,US,Louisiana,West Feliciana,740,25,0,30.87882871,-91.41485379999999,22125.0,4753.3401849948605,3.3783783783783785,715,774,25,0,749,771,15460,-34,0,0,-34,3
2020-10-06,US,Louisiana,Winn,643,19,0,31.94449367,-92.63789413,22127.0,4624.568469505179,2.9548989113530326,624,642,19,0,623,642,14134,1,0,0,1,0
2020-10-06,US,Maine,Androscoggin,775,10,0,44.1664747,-70.20380627,23001.0,715.7568089252568,1.2903225806451613,765,771,10,0,761,767,107679,4,0,0,4,4
2020-10-06,US,Maine,Aroostook,49,1,0,46.65926321,-68.59841248,23003.0,73.0743419580941,2.0408163265306123,48,49,1,0,48,48,67111,0,0,0,0,1
2020-10-06,US,Maine,Cumberland,2361,70,0,43.8370751,-70.37226999,23005.0,800.330844093111,2.9648454044896235,2291,2357,70,0,2287,2350,293557,4,0,0,4,7
2020-10-06,US,Maine,Franklin,64,1,0,44.97330019,-70.44381045,23007.0,211.92754726977714,1.5625,63,63,1,0,62,63,29897,1,0,0,1,0
2020-10-06,US,Maine,Hancock,55,1,0,44.59816444,-68.38401854,23009.0,100.02364195173405,1.818181818181818,54,55,1,0,54,55,54811,0,0,0,0,0
2020-10-06,US,Maine,Kennebec,234,11,0,44.40759555,-69.76738544,23011.0,191.32965936779445,4.700854700854701,223,229,11,0,218,225,122083,5,0,0,5,4
2020-10-06,US,Maine,Knox,47,1,0,44.11486325,-69.10529169,23013.0,118.17358945992157,2.127659574468085,46,45,1,0,44,44,39771,2,0,0,2,1
2020-10-06,US,Maine,Lincoln,50,1,0,44.05996956,-69.54227124,23015.0,144.36680718369232,2.0,49,50,1,0,49,50,34342,0,0,0,0,0
2020-10-06,US,Maine,Oxford,153,1,0,44.49952995,-70.75682123,23017.0,263.90685640362227,0.6535947712418301,152,153,1,0,152,152,57618,0,0,0,0,1
2020-10-06,US,Maine,Penobscot,264,6,0,45.40194593,-68.65020455,23019.0,173.51526145595082,2.272727272727273,258,263,6,0,257,263,151096,1,0,0,1,0
2020-10-06,US,Maine,Piscataquis,9,0,0,45.83839062,-69.2860223,23021.0,53.61930294906166,0.0,9,9,0,0,9,9,16800,0,0,0,0,0
2020-10-06,US,Maine,Sagadahoc,72,0,0,43.95415864,-69.85074999,23023.0,200.8032128514056,0.0,72,71,0,0,71,72,35634,1,0,0,1,-1
2020-10-06,US,Maine,Somerset,92,8,0,45.51229767,-69.95995554,23025.0,182.23595594643848,8.695652173913043,84,88,8,0,80,86,50592,4,0,0,4,2
2020-10-06,US,Maine,Waldo,78,14,0,44.4858305,-69.12061935,23027.0,196.3993453355156,17.94871794871795,64,78,14,0,64,78,39694,0,0,0,0,0
2020-10-06,US,Maine,Washington,20,0,0,45.01607142,-67.62813524,23029.0,63.73689410115046,0.0,20,20,0,0,20,19,31490,0,0,0,0,1
2020-10-06,US,Maine,York,1242,17,0,43.47808377,-70.71052375,23031.0,598.1477646514899,1.3687600644122384,1225,1243,17,0,1226,1238,206229,-1,0,0,-1,5
2020-10-06,US,Maryland,Allegany,498,23,0,39.62357628,-78.69280486,24001.0,707.225630538514,4.618473895582329,475,495,23,0,472,492,70975,3,0,0,3,3
2020-10-06,US,Maryland,Anne Arundel,10473,252,0,39.00670238,-76.60329337,24003.0,1808.0775645076087,2.4061873388713835,10221,10429,252,0,10177,10376,576031,44,0,0,44,53
2020-10-06,US,Maryland,Baltimore,18455,637,0,39.45784712,-76.62911955,24005.0,2230.5619009632933,3.4516391221891087,17818,18409,634,0,17775,18354,828431,46,3,0,43,55
2020-10-06,US,Maryland,Baltimore City,16056,486,0,39.30211911,-76.61151012,24510.0,2705.3530809280696,3.0269058295964126,15570,16023,486,0,15537,15954,621342,33,0,0,33,69
2020-10-06,US,Maryland,Calvert,1019,28,0,38.53961642,-76.56820632,24009.0,1101.3239664955418,2.7477919528949952,991,1009,28,0,981,1005,92003,10,0,0,10,4
2020-10-06,US,Maryland,Caroline,666,7,0,38.87172293,-75.82904158,24011.0,1993.653834640484,1.0510510510510511,659,664,7,0,657,662,33304,2,0,0,2,2
2020-10-06,US,Maryland,Carroll,2022,126,0,39.56453592,-77.02373735,24013.0,1200.37756683111,6.231454005934718,1896,2008,126,0,1882,2003,168429,14,0,0,14,5
2020-10-06,US,Maryland,Cecil,1127,35,0,39.56647682,-75.94627411,24015.0,1095.7172718876088,3.1055900621118013,1092,1125,35,0,1090,1120,102826,2,0,0,2,5
2020-10-06,US,Maryland,Charles,2869,101,0,38.51092331,-76.98580666,24017.0,1757.3519052781812,3.5203903799233185,2768,2860,101,0,2759,2851,161503,9,0,0,9,9
2020-10-06,US,Maryland,Dorchester,616,10,0,38.45413522,-76.02752426,24019.0,1929.2805913119726,1.6233766233766234,606,615,10,0,605,614,31998,1,0,0,1,1
2020-10-06,US,Maryland,Frederick,4225,133,0,39.47296601,-77.39999394,24021.0,1627.8361915182993,3.1479289940828403,4092,4219,133,0,4086,4191,255648,6,0,0,6,28
2020-10-06,US,Maryland,Garrett,76,1,0,39.52786077,-79.27355126,24023.0,261.94251051216656,1.3157894736842106,75,76,1,0,75,76,29163,0,0,0,0,0
2020-10-06,US,Maryland,Harford,3167,76,0,39.55010644,-76.30775940000002,24025.0,1239.8166308462621,2.3997473950110515,3091,3148,76,0,3072,3141,253956,19,0,0,19,7
2020-10-06,US,Maryland,Howard,5276,123,0,39.25305293,-76.93126208,24027.0,1619.9453468021738,2.33131159969674,5153,5262,123,0,5139,5234,323196,14,0,0,14,28
2020-10-06,US,Maryland,Kent,311,24,0,39.24976208,-76.04741541,24029.0,1601.2769024817214,7.717041800643088,287,309,24,0,285,309,19383,2,0,0,2,0
2020-10-06,US,Maryland,Montgomery,23135,850,0,39.13676329,-77.20358245,24031.0,2201.8905707498325,3.6740868813486065,22285,23079,850,0,22229,22976,1052567,56,0,0,56,103
2020-10-06,US,Maryland,Prince George's,30153,831,0,38.83070039,-76.8496441,24033.0,3315.968842891501,2.7559446821211813,29322,30088,830,0,29258,30004,909308,65,1,0,64,84
2020-10-06,US,Maryland,Queen Anne's,684,26,0,39.06198912,-76.03530977,24035.0,1357.6546714039025,3.801169590643275,658,682,26,0,656,680,50251,2,0,0,2,2
2020-10-06,US,Maryland,Somerset,323,4,0,38.1163542,-75.75118623,24039.0,1260.9306683322925,1.238390092879257,319,311,4,0,307,299,25675,12,0,0,12,12
2020-10-06,US,Maryland,St. Mary's,1357,58,0,38.30058422,-76.60629279999998,24037.0,1195.489384195225,4.274134119380989,1299,1348,58,0,1290,1343,112664,9,0,0,9,5
2020-10-06,US,Maryland,Talbot,579,6,0,38.76618159,-76.10882561,24041.0,1557.2469809849115,1.0362694300518134,573,579,6,0,573,578,36968,0,0,0,0,1
2020-10-06,US,Maryland,Unassigned,0,10,0,0.0,0.0,90024.0,0.0,0.0,-10,0,9,0,-9,0,,0,1,0,-1,0
2020-10-06,US,Maryland,Washington,1897,41,0,39.60835778,-77.82002295,24043.0,1255.8838522598628,2.161307327358988,1856,1862,40,0,1822,1861,150926,35,1,0,34,1
2020-10-06,US,Maryland,Wicomico,2117,49,0,38.37301947,-75.62705831,24045.0,2043.2587902595335,2.3145961265942367,2068,2100,49,0,2051,2085,103195,17,0,0,17,15
2020-10-06,US,Maryland,Worcester,1103,30,0,38.21274277,-75.33200012,24047.0,2109.9548550003824,2.7198549410698094,1073,1091,30,0,1061,1082,51823,12,0,0,12,9
2020-10-06,US,Massachusetts,Barnstable,1832,174,0,41.72980578,-70.28854339,25001.0,860.1342786046292,9.497816593886462,1658,1827,174,0,1653,1824,213413,5,0,0,5,3
2020-10-06,US,Massachusetts,Berkshire,725,51,0,42.37428441,-73.20524838,25003.0,580.2599564604942,7.0344827586206895,674,725,51,0,674,723,126348,0,0,0,0,2
2020-10-06,US,Massachusetts,Bristol,10386,709,0,41.79228404,-71.10872211,25005.0,1837.5243490553187,6.826497207779704,9677,10340,706,0,9634,10311,564022,46,3,0,43,29
2020-10-06,US,Massachusetts,Dukes and Nantucket,191,2,0,41.40674725,-70.68763497,0.0,664.787163690787,1.0471204188481675,189,191,1,0,190,191,26707,0,1,0,-1,0
2020-10-06,US,Massachusetts,Essex,20672,1300,0,42.6687626,-70.94687179,25009.0,2619.9124499071013,6.288699690402478,19372,20617,1300,0,19317,20465,790638,55,0,0,55,152
2020-10-06,US,Massachusetts,Franklin,420,69,0,42.58119713,-72.58602547,25011.0,598.4611000284982,16.428571428571427,351,421,69,0,352,421,70963,-1,0,0,-1,0
2020-10-06,US,Massachusetts,Hampden,8574,791,0,42.13440424,-72.63235561,25013.0,1838.4465619719879,9.225565663634242,7783,8533,790,0,7743,8493,470406,41,1,0,40,40
2020-10-06,US,Massachusetts,Hampshire,1333,148,0,42.33997957,-72.65898478,25015.0,828.8254678853447,11.102775693923483,1185,1327,148,0,1179,1324,161355,6,0,0,6,3
2020-10-06,US,Massachusetts,Middlesex,28392,2172,0,42.48607732,-71.39049229,25017.0,1761.6192601720295,7.65004226542688,26220,28308,2172,0,26136,28243,1614714,84,0,0,84,65
2020-10-06,US,Massachusetts,Norfolk,10608,1074,0,42.16073095,-71.20530408,25021.0,1500.9019843656042,10.124434389140273,9534,10558,1073,0,9485,10533,705388,50,1,0,49,25
2020-10-06,US,Massachusetts,Plymouth,10007,777,0,41.94070556,-70.80802823,25023.0,1919.984957847437,7.764564804636755,9230,9959,777,0,9182,9936,518132,48,0,0,48,23
2020-10-06,US,Massachusetts,Suffolk,25117,1142,0,42.327951399999996,-71.07850442,25025.0,3124.3663757126137,4.546721344109566,23975,25052,1142,0,23910,24987,807252,65,0,0,65,65
2020-10-06,US,Massachusetts,Unassigned,2909,5,0,0.0,0.0,90025.0,0.0,0.17188037126160194,2904,2864,5,0,2859,2808,,45,0,0,45,56
2020-10-06,US,Massachusetts,Worcester,14791,1124,0,42.35026951,-71.90493363,25027.0,1780.7137301925545,7.599215739300925,13667,14740,1122,0,13618,14688,830839,51,2,0,49,52
2020-10-06,US,Michigan,Alcona,49,2,0,44.6846864,-83.59507875,26001.0,470.92743873137914,4.081632653061225,47,49,2,0,47,47,10362,0,0,0,0,2
2020-10-06,US,Michigan,Alger,29,0,0,46.41292944,-86.60260122,26003.0,318.4014053579271,0.0,29,27,0,0,27,24,9097,2,0,0,2,3
2020-10-06,US,Michigan,Allegan,850,7,0,42.59147037,-85.89102866,26005.0,719.84485226243,0.8235294117647058,843,834,7,0,827,815,117327,16,0,0,16,19
2020-10-06,US,Michigan,Alpena,145,14,0,45.03477666,-83.62212411,26007.0,510.4735081851787,9.655172413793103,131,146,14,0,132,148,28360,-1,0,0,-1,-2
2020-10-06,US,Michigan,Antrim,72,0,0,44.99690221,-85.15503082,26009.0,308.6949065340422,0.0,72,71,0,0,71,71,23365,1,0,0,1,0
2020-10-06,US,Michigan,Arenac,76,3,0,44.0636262,-83.89277559,26011.0,510.64973459651947,3.947368421052632,73,76,3,0,73,73,15041,0,0,0,0,3
2020-10-06,US,Michigan,Baraga,47,3,0,46.6720582,-88.36363591,26013.0,572.5423315872822,6.382978723404255,44,45,3,0,42,45,8320,2,0,0,2,0
2020-10-06,US,Michigan,Barry,369,4,0,42.59513984,-85.30834519,26015.0,599.5125913891145,1.084010840108401,365,354,4,0,350,347,61157,15,0,0,15,7
2020-10-06,US,Michigan,Bay,1065,53,0,43.70639106,-83.98731479,26017.0,1032.7172584993116,4.976525821596244,1012,1062,52,0,1010,1051,103923,3,1,0,2,11
2020-10-06,US,Michigan,Benzie,84,2,0,44.63899297,-86.01608482,26019.0,472.81323877068564,2.380952380952381,82,85,2,0,83,84,17753,-1,0,0,-1,1
2020-10-06,US,Michigan,Berrien,1994,75,0,41.95447397,-86.41313079999998,26021.0,1299.8611482324104,3.761283851554664,1919,1981,75,0,1906,1957,154141,13,0,0,13,24
2020-10-06,US,Michigan,Branch,670,7,0,41.91600556,-85.05929476,26023.0,1539.6281912815682,1.044776119402985,663,664,6,0,658,657,43622,6,1,0,5,7
2020-10-06,US,Michigan,Calhoun,1649,50,0,42.24633834,-85.00493569,26025.0,1229.1385594704789,3.032140691328077,1599,1622,49,0,1573,1584,134487,27,1,0,26,38
2020-10-06,US,Michigan,Cass,656,17,0,41.91522292,-85.99405727,26027.0,1266.7271709116187,2.591463414634146,639,647,17,0,630,636,51653,9,0,0,9,11
2020-10-06,US,Michigan,Charlevoix,115,4,0,45.37790017,-85.19614053,26029.0,439.8883066212753,3.4782608695652173,111,114,3,0,111,111,26244,1,1,0,0,3
2020-10-06,US,Michigan,Cheboygan,96,2,0,45.44787015,-84.50122149,26031.0,379.8069314764994,2.083333333333333,94,97,3,0,94,96,25413,-1,-1,0,0,1
2020-10-06,US,Michigan,Chippewa,87,0,0,46.29552653,-84.54353449,26033.0,232.93796353316017,0.0,87,84,0,0,84,85,37517,3,0,0,3,-1
2020-10-06,US,Michigan,Clare,125,5,0,43.98794227,-84.84819859999998,26035.0,403.8772213247173,4.0,120,123,4,0,119,118,30757,2,1,0,1,5
2020-10-06,US,Michigan,Clinton,754,14,0,42.94400871,-84.60145248,26037.0,947.2956844022867,1.856763925729443,740,746,14,0,732,738,79332,8,0,0,8,8
2020-10-06,US,Michigan,Crawford,127,5,0,44.68255561,-84.61006219,26039.0,905.2676598474588,3.9370078740157477,122,127,5,0,122,126,13901,0,0,0,0,1
2020-10-06,US,Michigan,Delta,722,10,0,45.90484910000001,-86.9080745,26041.0,2017.6615247037785,1.3850415512465375,712,709,10,0,699,655,35857,13,0,0,13,54
2020-10-06,US,Michigan,Dickinson,238,3,0,46.00999672,-87.86961634,26043.0,942.9850627996353,1.2605042016806722,235,215,2,0,213,211,25383,23,1,0,22,4
2020-10-06,US,Michigan,Eaton,749,10,0,42.59599185,-84.83740035,26045.0,679.2541807233288,1.335113484646195,739,740,10,0,730,730,109826,9,0,0,9,10
2020-10-06,US,Michigan,Emmet,174,4,0,45.52625509,-84.89083249,26047.0,520.7242256471644,2.2988505747126435,170,172,4,0,168,167,33308,2,0,0,2,5
2020-10-06,US,Michigan,Federal Correctional Institution (FCI),195,5,0,0.0,0.0,0.0,0.0,2.5641025641025643,190,195,5,0,190,195,,0,0,0,0,0
2020-10-06,US,Michigan,Genesee,5037,309,0,43.02244215,-83.70589709,26049.0,1241.2120853693696,6.134603930911258,4728,4968,309,0,4659,4883,406892,69,0,0,69,85
2020-10-06,US,Michigan,Gladwin,114,2,0,43.98901072,-84.38774817,26051.0,447.9547329954026,1.7543859649122806,112,112,2,0,110,109,25337,2,0,0,2,3
2020-10-06,US,Michigan,Gogebic,181,2,0,46.40862701,-89.69377193,26053.0,1295.169946332737,1.1049723756906078,179,179,2,0,177,175,15096,2,0,0,2,4
2020-10-06,US,Michigan,Grand Traverse,533,9,0,44.69565625,-85.55585247,26055.0,572.5764867652114,1.6885553470919326,524,532,9,0,523,525,92573,1,0,0,1,7
2020-10-06,US,Michigan,Gratiot,312,16,0,43.29265605,-84.60505416,26057.0,766.3776374935521,5.128205128205129,296,308,16,0,292,301,40599,4,0,0,4,7
2020-10-06,US,Michigan,Hillsdale,373,27,0,41.88753639,-84.59312019,26059.0,817.8927749150313,7.238605898123325,346,370,27,0,343,365,45749,3,0,0,3,5
2020-10-06,US,Michigan,Houghton,700,3,0,46.89988536,-88.68495385,26061.0,1961.663490640063,0.42857142857142855,697,672,3,0,669,641,36219,28,0,0,28,31
2020-10-06,US,Michigan,Huron,232,5,0,43.83353985,-83.04078453,26063.0,748.8460669442561,2.155172413793104,227,231,5,0,226,227,31166,1,0,0,1,4
2020-10-06,US,Michigan,Ingham,3781,51,0,42.59716886,-84.37472069,26065.0,1293.0651217827267,1.348849510711452,3730,3753,51,0,3702,3706,292735,28,0,0,28,47
2020-10-06,US,Michigan,Ionia,404,7,0,42.94502238,-85.07413319,26067.0,624.4493562298097,1.7326732673267329,397,405,7,0,398,392,64210,-1,0,0,-1,13
2020-10-06,US,Michigan,Iosco,240,13,0,44.35486835,-83.63484895,26069.0,955.1478489274484,5.416666666666668,227,238,13,0,225,236,25081,2,0,0,2,2
2020-10-06,US,Michigan,Iron,258,10,0,46.20974132,-88.53136251,26071.0,2331.4657509488525,3.875968992248062,248,255,8,0,247,246,11117,3,2,0,1,9
2020-10-06,US,Michigan,Isabella,768,15,0,43.64060976,-84.84664923,26073.0,1099.1527364323333,1.953125,753,753,15,0,738,742,70562,15,0,0,15,11
2020-10-06,US,Michigan,Jackson,1222,49,0,42.24807035,-84.42258681,26075.0,770.929278909848,4.0098199672667745,1173,1193,48,0,1145,1177,158823,29,1,0,28,16
2020-10-06,US,Michigan,Kalamazoo,3336,96,0,42.24542231,-85.53038622,26077.0,1258.5544732255362,2.8776978417266186,3240,3262,96,0,3166,3223,264870,74,0,0,74,39
2020-10-06,US,Michigan,Kalkaska,92,4,0,44.68512729,-85.09085699,26079.0,510.0343718815834,4.3478260869565215,88,92,4,0,88,91,17824,0,0,0,0,1
2020-10-06,US,Michigan,Kent,10767,176,0,43.03197711,-85.54934642,26081.0,1638.92504052789,1.634624315036686,10591,10677,175,0,10502,10498,653786,90,1,0,89,179
2020-10-06,US,Michigan,Keweenaw,15,0,0,47.63197653,-88.41434263,26083.0,708.8846880907373,0.0,15,14,0,0,14,11,2113,1,0,0,1,3
2020-10-06,US,Michigan,Lake,38,0,0,43.99050893,-85.802173,26085.0,320.593942461824,0.0,38,38,0,0,38,36,11881,0,0,0,0,2
2020-10-06,US,Michigan,Lapeer,659,36,0,43.09052506,-83.22153148,26087.0,752.2229958793248,5.462822458270106,623,654,36,0,618,648,88028,5,0,0,5,6
2020-10-06,US,Michigan,Leelanau,117,1,0,44.94430054,-85.80150326,26089.0,537.6591149303798,0.8547008547008547,116,115,1,0,114,116,21764,2,0,0,2,-1
2020-10-06,US,Michigan,Lenawee,891,18,0,41.89475156,-84.06603727,26091.0,905.0187402870464,2.0202020202020203,873,874,18,0,856,870,98266,17,0,0,17,4
2020-10-06,US,Michigan,Livingston,1496,32,0,42.60302282,-83.91297209,26093.0,779.1869579936978,2.1390374331550803,1464,1477,31,0,1446,1460,191224,19,1,0,18,17
2020-10-06,US,Michigan,Luce,17,0,0,46.47227431,-85.54471223,26095.0,272.9170011237759,0.0,17,14,0,0,14,13,6283,3,0,0,3,1
2020-10-06,US,Michigan,Mackinac,83,0,0,46.07028979,-85.04980537,26097.0,768.5896842300212,0.0,83,75,0,0,75,75,10787,8,0,0,8,0
2020-10-06,US,Michigan,Macomb,15334,1033,0,42.69158356,-82.92752801,26099.0,1754.5184513920349,6.736663623320725,14301,15267,1032,0,14235,15107,874759,67,1,0,66,160
2020-10-06,US,Michigan,Manistee,88,3,0,44.33352407,-86.05626916,26101.0,358.33536932975,3.4090909090909087,85,89,3,0,86,88,24528,-1,0,0,-1,1
2020-10-06,US,Michigan,Marquette,452,12,0,46.4338914,-87.64043701,26103.0,677.6713294052385,2.6548672566371683,440,445,12,0,433,432,66516,7,0,0,7,13
2020-10-06,US,Michigan,Mason,141,0,0,43.99509218,-86.24988902,26105.0,483.8045566840516,0.0,141,140,0,0,140,137,29100,1,0,0,1,3
2020-10-06,US,Michigan,Mecosta,251,3,0,43.64064262,-85.32463223,26107.0,577.6356062872529,1.195219123505976,248,248,3,0,245,242,43545,3,0,0,3,6
2020-10-06,US,Michigan,Menominee,492,3,0,45.58038692,-87.55370409,26109.0,2159.7892888498677,0.6097560975609756,489,471,3,0,468,456,22983,21,0,0,21,15
2020-10-06,US,Michigan,Michigan Department of Corrections (MDOC),5627,74,0,0.0,0.0,0.0,0.0,1.3150879687222319,5553,5623,74,0,5549,5623,,4,0,0,4,0
2020-10-06,US,Michigan,Midland,671,12,0,43.64330771,-84.38804374,26111.0,806.9171196305739,1.7883755588673622,659,660,11,0,649,655,83209,11,1,0,10,5
2020-10-06,US,Michigan,Missaukee,69,1,0,44.33772443,-85.09256478,26113.0,456.4095779865062,1.4492753623188406,68,68,1,0,67,68,15113,1,0,0,1,0
2020-10-06,US,Michigan,Monroe,1611,28,0,41.92734151,-83.53749864,26115.0,1070.4318936877078,1.7380509000620732,1583,1595,29,0,1566,1576,150439,16,-1,0,17,19
2020-10-06,US,Michigan,Montcalm,376,7,0,43.31082541,-85.15252824,26117.0,588.5299273729025,1.8617021276595744,369,372,7,0,365,361,63968,4,0,0,4,11
2020-10-06,US,Michigan,Montmorency,17,0,0,45.0275929,-84.12696227,26119.0,182.24699828473408,0.0,17,17,0,0,17,16,9265,0,0,0,0,1
2020-10-06,US,Michigan,Muskegon,1616,72,0,43.29123859,-86.15176712,26121.0,931.0579260915157,4.455445544554456,1544,1597,72,0,1525,1585,173588,19,0,0,19,12
2020-10-06,US,Michigan,Newaygo,426,2,0,43.554373999999996,-85.80070107,26123.0,869.7427521437321,0.4694835680751174,424,420,2,0,418,407,48892,6,0,0,6,13
2020-10-06,US,Michigan,Oakland,21358,1211,0,42.66090111,-83.38595416,26125.0,1698.3358566902887,5.670006554920873,20147,21241,1207,0,20034,21107,1259201,117,4,0,113,134
2020-10-06,US,Michigan,Oceana,535,6,0,43.64124435,-86.26726673,26127.0,2021.3851210941928,1.1214953271028036,529,536,6,0,530,534,26625,-1,0,0,-1,2
2020-10-06,US,Michigan,Ogemaw,72,5,0,44.33481032,-84.12725175,26129.0,342.90612944706385,6.9444444444444455,67,72,5,0,67,69,20952,0,0,0,0,3
2020-10-06,US,Michigan,Ontonagon,46,0,0,46.665226200000006,-89.31390481,26131.0,804.1958041958043,0.0,46,46,0,0,46,45,5795,0,0,0,0,1
2020-10-06,US,Michigan,Osceola,103,0,0,43.98992088,-85.32566756,26133.0,439.0451832907076,0.0,103,103,0,0,103,102,23341,0,0,0,0,1
2020-10-06,US,Michigan,Oscoda,35,1,0,44.68192279,-84.12939244,26135.0,424.70573959470937,2.8571428571428568,34,32,1,0,31,32,8276,3,0,0,3,0
2020-10-06,US,Michigan,Otsego,190,11,0,45.02085831,-84.59898295,26137.0,770.2286362899303,5.789473684210527,179,189,12,0,177,187,24665,1,-1,0,2,2
2020-10-06,US,Michigan,Ottawa,3725,67,0,42.95996803,-85.9969107,26139.0,1276.4280574306958,1.7986577181208054,3658,3690,67,0,3623,3635,290494,35,0,0,35,55
2020-10-06,US,Michigan,Out of MI,194,2,0,0.0,0.0,80026.0,0.0,1.0309278350515465,192,194,2,0,192,197,,0,0,0,0,-3
2020-10-06,US,Michigan,Presque Isle,28,1,0,45.34018577,-83.91498656,26141.0,222.36340533672168,3.571428571428572,27,27,1,0,26,27,12738,1,0,0,1,0
2020-10-06,US,Michigan,Roscommon,106,4,0,44.33473082,-84.61067651,26143.0,441.31729047837126,3.7735849056603774,102,105,4,0,101,104,23884,1,0,0,1,1
2020-10-06,US,Michigan,Saginaw,3111,143,0,43.33433923,-84.05131209999998,26145.0,1632.736605104467,4.596592735454838,2968,3094,141,0,2953,3070,190800,17,2,0,15,24
2020-10-06,US,Michigan,Sanilac,155,7,0,43.42406072,-82.82055898,26151.0,376.4877337867379,4.516129032258065,148,153,7,0,146,154,41182,2,0,0,2,-1
2020-10-06,US,Michigan,Schoolcraft,38,0,0,46.19235734,-86.19972234,26153.0,469.4835680751173,0.0,38,37,0,0,37,35,8068,1,0,0,1,2
2020-10-06,US,Michigan,Shiawassee,556,32,0,42.95392800000001,-84.14585902,26155.0,816.1827309826488,5.755395683453237,524,553,32,0,521,546,68192,3,0,0,3,7
2020-10-06,US,Michigan,St. Clair,1092,58,0,42.92655373,-82.67937954,26147.0,686.2400080438389,5.311355311355311,1034,1076,57,0,1019,1066,159337,16,1,0,15,10
2020-10-06,US,Michigan,St. Joseph,863,11,0,41.91441767,-85.52797979,26149.0,1415.589528246178,1.2746234067207416,852,847,11,0,836,837,61043,16,0,0,16,10
2020-10-06,US,Michigan,Tuscola,529,32,0,43.46606813,-83.41897025,26157.0,1012.537084888506,6.04914933837429,497,530,31,0,499,527,52516,-1,1,0,-2,3
2020-10-06,US,Michigan,Unassigned,22,0,0,0.0,0.0,90026.0,0.0,0.0,22,21,0,0,21,20,,1,0,0,1,1
2020-10-06,US,Michigan,Van Buren,809,18,0,42.25190229,-86.01939087,26159.0,1069.0170064881008,2.2249690976514214,791,805,18,0,787,800,75448,4,0,0,4,5
2020-10-06,US,Michigan,Washtenaw,3964,116,0,42.253105,-83.83853204,26161.0,1078.3430948229195,2.9263370332996974,3848,3928,116,0,3812,3890,370963,36,0,0,36,38
2020-10-06,US,Michigan,Wayne,36237,3002,0,42.28098405,-83.281255,26163.0,2071.463400831055,8.284350249744737,33235,36053,2998,0,33055,35863,1753893,184,4,0,180,190
2020-10-06,US,Michigan,Wexford,135,4,0,44.33853602,-85.57712739,26165.0,401.4153608278077,2.962962962962963,131,136,4,0,132,134,33466,-1,0,0,-1,2
2020-10-06,US,Minnesota,Aitkin,103,1,0,46.60962049,-93.41168259999999,27001.0,648.3696336396828,0.9708737864077671,102,101,1,0,100,95,15902,2,0,0,2,6
2020-10-06,US,Minnesota,Anoka,6826,141,0,45.27476015,-93.24604565,27003.0,1912.4680251372156,2.0656314093173163,6685,6729,140,0,6589,6635,353813,97,1,0,96,94
2020-10-06,US,Minnesota,Becker,325,2,0,46.93479392,-95.67158144,27005.0,944.136188013828,0.6153846153846154,323,324,2,0,322,321,34371,1,0,0,1,3
2020-10-06,US,Minnesota,Beltrami,557,5,0,47.97373527,-94.93732139,27007.0,1180.384843604306,0.8976660682226212,552,552,5,0,547,550,46847,5,0,0,5,2
2020-10-06,US,Minnesota,Benton,627,3,0,45.69804958,-93.99514135,27009.0,1533.4197461419942,0.4784688995215311,624,618,3,0,615,610,40545,9,0,0,9,8
2020-10-06,US,Minnesota,Big Stone,94,0,0,45.42712824,-96.41403739,27011.0,1883.390102183931,0.0,94,92,0,0,92,91,4989,2,0,0,2,1
2020-10-06,US,Minnesota,Blue Earth,1823,7,0,44.03554215,-94.06699781,27013.0,2694.63290615346,0.3839824465167307,1816,1811,7,0,1804,1806,67427,12,0,0,12,5
2020-10-06,US,Minnesota,Brown,226,2,0,44.24205652,-94.72562874,27015.0,903.7108125399872,0.8849557522123894,224,224,2,0,222,222,25111,2,0,0,2,2
2020-10-06,US,Minnesota,Carlton,318,1,0,46.59180601,-92.67601019,27017.0,886.5099941456888,0.31446540880503143,317,316,1,0,315,305,35837,2,0,0,2,11
2020-10-06,US,Minnesota,Carver,1509,7,0,44.82017001,-93.80099179999999,27019.0,1435.9257391353995,0.4638833664678595,1502,1500,7,0,1493,1494,103551,9,0,0,9,6
2020-10-06,US,Minnesota,Cass,223,4,0,46.95043611,-94.32603968,27021.0,748.8498606400484,1.7937219730941705,219,219,4,0,215,213,29519,4,0,0,4,6
2020-10-06,US,Minnesota,Chippewa,267,2,0,45.02343421,-95.56403693,27023.0,2262.71186440678,0.7490636704119851,265,260,2,0,258,258,11924,7,0,0,7,2
2020-10-06,US,Minnesota,Chisago,604,2,0,45.5021011,-92.90861945,27025.0,1067.5338906661482,0.3311258278145696,602,594,2,0,592,585,55922,10,0,0,10,9
2020-10-06,US,Minnesota,Clay,1593,42,0,46.89289518,-96.48761922,27027.0,2480.458409890692,2.6365348399246704,1551,1578,41,0,1537,1571,63955,15,1,0,14,7
2020-10-06,US,Minnesota,Clearwater,38,0,0,47.57992111,-95.37790562,27029.0,430.93672034474935,0.0,38,37,0,0,37,37,8810,1,0,0,1,0
2020-10-06,US,Minnesota,Cook,7,0,0,47.90504893,-90.52629546,27031.0,128.1347245103423,0.0,7,7,0,0,7,7,5393,0,0,0,0,0
2020-10-06,US,Minnesota,Cottonwood,241,0,0,44.00715262,-95.18138802,27033.0,2152.554483744195,0.0,241,240,0,0,240,239,11277,1,0,0,1,1
2020-10-06,US,Minnesota,Crow Wing,658,18,0,46.48096553,-94.06755609,27035.0,1011.4518484359387,2.735562310030395,640,647,18,0,629,630,64889,11,0,0,11,17
2020-10-06,US,Minnesota,Dakota,8099,130,0,44.67172617,-93.06299363,27037.0,1887.786378755352,1.6051364365971108,7969,8034,130,0,7904,7954,425423,65,0,0,65,80
2020-10-06,US,Minnesota,Dodge,289,0,0,44.02238415,-92.86244324,27039.0,1380.5292825069266,0.0,289,283,0,0,283,280,20822,6,0,0,6,3
2020-10-06,US,Minnesota,Douglas,440,3,0,45.93348491,-95.45335469,27041.0,1153.6142209171232,0.6818181818181818,437,430,3,0,427,424,37964,10,0,0,10,6
2020-10-06,US,Minnesota,Faribault,165,0,0,43.67381499,-93.94787458,27043.0,1208.5255987695011,0.0,165,165,0,0,165,163,13758,0,0,0,0,2
2020-10-06,US,Minnesota,Fillmore,174,0,0,43.67394126,-92.08980382,27045.0,825.93629847629,0.0,174,168,0,0,168,163,21058,6,0,0,6,5
2020-10-06,US,Minnesota,Freeborn,568,4,0,43.67385583,-93.34884422,27047.0,1875.763680195502,0.7042253521126759,564,564,4,0,560,559,30444,4,0,0,4,5
2020-10-06,US,Minnesota,Goodhue,423,9,0,44.40849741,-92.72341949999999,27049.0,912.8182995252482,2.127659574468085,414,419,9,0,410,416,46403,4,0,0,4,3
2020-10-06,US,Minnesota,Grant,70,4,0,45.93424769,-96.01139609,27051.0,1172.136637642331,5.7142857142857135,66,70,4,0,66,69,6021,0,0,0,0,1
2020-10-06,US,Minnesota,Hennepin,29045,944,0,45.00761521,-93.47694895,27053.0,2294.518356541846,3.2501291100017213,28101,28843,944,0,27899,28645,1259428,202,0,0,202,198
2020-10-06,US,Minnesota,Houston,154,0,0,43.67129565,-91.49143057,27055.0,827.9569892473119,0.0,154,148,0,0,148,146,18578,6,0,0,6,2
2020-10-06,US,Minnesota,Hubbard,171,1,0,47.10778564,-94.91693868,27057.0,795.6819133590808,0.5847953216374269,170,169,1,0,168,162,21332,2,0,0,2,7
2020-10-06,US,Minnesota,Isanti,365,1,0,45.56181234,-93.29487636,27059.0,899.1033599369397,0.273972602739726,364,357,1,0,356,347,39966,8,0,0,8,10
2020-10-06,US,Minnesota,Itasca,461,16,0,47.51009045,-93.63092229,27061.0,1021.4934633281633,3.470715835140998,445,450,16,0,434,431,45108,11,0,0,11,19
2020-10-06,US,Minnesota,Jackson,160,1,0,43.67423373,-95.15398258,27063.0,1625.0253910217345,0.625,159,160,1,0,159,159,9911,0,0,0,0,1
2020-10-06,US,Minnesota,Kanabec,150,9,0,45.9459309,-93.29275192,27065.0,918.161229111832,6.0,141,150,9,0,141,147,16207,0,0,0,0,3
2020-10-06,US,Minnesota,Kandiyohi,1174,3,0,45.1526059,-95.00586446,27067.0,2717.655501284752,0.2555366269165247,1171,1164,3,0,1161,1132,42855,10,0,0,10,32
2020-10-06,US,Minnesota,Kittson,14,0,0,48.77754106,-96.78317184,27069.0,325.73289902280135,0.0,14,14,0,0,14,13,4248,0,0,0,0,1
2020-10-06,US,Minnesota,Koochiching,128,4,0,48.24539665,-93.78352843,27071.0,1046.6922888216534,3.125,124,130,4,0,126,130,12440,-2,0,0,-2,0
2020-10-06,US,Minnesota,Lac qui Parle,86,2,0,44.9973857,-96.17488219,27073.0,1298.5052091197342,2.3255813953488373,84,86,2,0,84,83,6658,0,0,0,0,3
2020-10-06,US,Minnesota,Lake,77,0,0,47.64270764,-91.44557998,27075.0,723.6162014848227,0.0,77,75,0,0,75,76,10658,2,0,0,2,-1
2020-10-06,US,Minnesota,Lake of the Woods,26,1,0,48.77217001,-94.90274472,27077.0,695.187165775401,3.8461538461538463,25,27,1,0,26,26,3758,-1,0,0,-1,1
2020-10-06,US,Minnesota,Le Sueur,499,4,0,44.37136597,-93.72844721,27079.0,1727.4206390417835,0.8016032064128257,495,495,4,0,491,493,28494,4,0,0,4,2
2020-10-06,US,Minnesota,Lincoln,129,0,0,44.41311883,-96.26688165,27081.0,2287.639652420642,0.0,129,127,0,0,127,124,5673,2,0,0,2,3
2020-10-06,US,Minnesota,Lyon,791,4,0,44.41327865,-95.83806103,27083.0,3105.1267959488105,0.5056890012642224,787,784,4,0,780,779,25629,7,0,0,7,5
2020-10-06,US,Minnesota,Mahnomen,59,1,0,47.32557075,-95.80921485,27087.0,1067.4868825764431,1.6949152542372878,58,59,1,0,58,55,5519,0,0,0,0,4
2020-10-06,US,Minnesota,Marshall,60,1,0,48.35825983,-96.37017407,27089.0,642.6735218508998,1.6666666666666667,59,58,1,0,57,58,9390,2,0,0,2,0
2020-10-06,US,Minnesota,Martin,517,12,0,43.67429718,-94.55099908,27091.0,2626.632119087537,2.3210831721470018,505,510,12,0,498,506,19785,7,0,0,7,4
2020-10-06,US,Minnesota,McLeod,514,3,0,44.82367677,-94.27287017,27085.0,1432.0341013568107,0.5836575875486382,511,512,3,0,509,510,35873,2,0,0,2,2
2020-10-06,US,Minnesota,Meeker,243,2,0,45.12328869,-94.52839455,27093.0,1046.4214968564293,0.8230452674897121,241,239,2,0,237,233,23141,4,0,0,4,6
2020-10-06,US,Minnesota,Mille Lacs,195,3,0,45.93705297,-93.63236823,27095.0,742.0938463294898,1.5384615384615383,192,194,3,0,191,193,26139,1,0,0,1,1
2020-10-06,US,Minnesota,Morrison,343,3,0,46.01265363,-94.27341528,27097.0,1027.3767447433056,0.8746355685131195,340,338,3,0,335,329,33169,5,0,0,5,9
2020-10-06,US,Minnesota,Mower,1384,6,0,43.67142874,-92.75234549,27099.0,3454.6452997853335,0.4335260115606937,1378,1377,6,0,1371,1370,40011,7,0,0,7,7
2020-10-06,US,Minnesota,Murray,194,3,0,44.02216709,-95.76328482,27101.0,2367.5860385648034,1.5463917525773196,191,189,3,0,186,189,8276,5,0,0,5,0
2020-10-06,US,Minnesota,Nicollet,602,17,0,44.35291112,-94.24710352,27103.0,1756.4334480947657,2.8239202657807314,585,594,17,0,577,589,34220,8,0,0,8,5
2020-10-06,US,Minnesota,Nobles,2016,16,0,43.67434621,-95.75329576,27105.0,9320.819270423968,0.7936507936507936,2000,2013,16,0,1997,2010,21924,3,0,0,3,3
2020-10-06,US,Minnesota,Norman,70,0,0,47.32628443,-96.45620947,27107.0,1098.0392156862745,0.0,70,68,0,0,68,69,6475,2,0,0,2,-1
2020-10-06,US,Minnesota,Olmsted,2707,28,0,44.00374114,-92.40209944,27109.0,1710.1198410542474,1.0343553749538237,2679,2683,28,0,2655,2667,156277,24,0,0,24,16
2020-10-06,US,Minnesota,Otter Tail,538,6,0,46.40846929,-95.70835255,27111.0,915.8070336703777,1.1152416356877324,532,534,6,0,528,522,58812,4,0,0,4,12
2020-10-06,US,Minnesota,Pennington,136,1,0,48.06642577,-96.0370814,27113.0,963.2410227353212,0.7352941176470589,135,136,1,0,135,136,14178,0,0,0,0,0
2020-10-06,US,Minnesota,Pine,405,0,0,46.12105238,-92.74070188,27115.0,1369.2146455255418,0.0,405,384,0,0,384,379,29483,21,0,0,21,5
2020-10-06,US,Minnesota,Pipestone,281,14,0,44.02301619,-96.25841142,27117.0,3079.114617576156,4.98220640569395,267,275,14,0,261,269,9047,6,0,0,6,6
2020-10-06,US,Minnesota,Polk,359,4,0,47.77372465,-96.40134647,27119.0,1144.6244101517666,1.1142061281337048,355,357,4,0,353,355,31529,2,0,0,2,2
2020-10-06,US,Minnesota,Pope,110,0,0,45.58606667,-95.44451209,27121.0,977.8646990843632,0.0,110,110,0,0,110,109,11097,0,0,0,0,1
2020-10-06,US,Minnesota,Ramsey,11733,328,0,45.01625271,-93.09872295,27123.0,2132.028397971366,2.795533964033069,11405,11646,328,0,11318,11573,550210,87,0,0,87,73
2020-10-06,US,Minnesota,Red Lake,45,1,0,47.87197525,-96.09561104,27125.0,1109.7410604192357,2.2222222222222223,44,45,1,0,44,45,3999,0,0,0,0,0
2020-10-06,US,Minnesota,Redwood,206,7,0,44.40555844,-95.25207021,27127.0,1357.9433091628216,3.3980582524271843,199,204,7,0,197,203,15249,2,0,0,2,1
2020-10-06,US,Minnesota,Renville,176,8,0,44.72836381,-94.94553734,27129.0,1209.7882870497665,4.545454545454546,168,176,8,0,168,175,14612,0,0,0,0,1
2020-10-06,US,Minnesota,Rice,1406,8,0,44.3543376,-93.29658715,27131.0,2099.3848175356866,0.5689900426742532,1398,1398,8,0,1390,1398,66523,8,0,0,8,0
2020-10-06,US,Minnesota,Rock,193,1,0,43.67482683,-96.25296832,27133.0,2071.9269994632314,0.5181347150259067,192,192,1,0,191,191,9414,1,0,0,1,1
2020-10-06,US,Minnesota,Roseau,144,0,0,48.77501878,-95.81079919,27135.0,949.5548961424333,0.0,144,144,0,0,144,142,15150,0,0,0,0,2
2020-10-06,US,Minnesota,Scott,2794,34,0,44.6490231,-93.53340251,27139.0,1875.0041942649304,1.2168933428775948,2760,2770,33,0,2737,2759,147381,24,1,0,23,11
2020-10-06,US,Minnesota,Sherburne,1272,15,0,45.44447208,-93.77617511,27141.0,1308.130566239536,1.179245283018868,1257,1266,15,0,1251,1250,96036,6,0,0,6,16
2020-10-06,US,Minnesota,Sibley,213,3,0,44.5796592,-94.23164924,27143.0,1432.896064581231,1.4084507042253518,210,214,3,0,211,211,15028,-1,0,0,-1,3
2020-10-06,US,Minnesota,St. Louis,2007,49,0,47.604840700000004,-92.46879855,27137.0,1008.188074546642,2.4414549078226213,1958,1956,49,0,1907,1908,199754,51,0,0,51,48
2020-10-06,US,Minnesota,Stearns,4387,26,0,45.55192576,-94.61078221,27145.0,2723.5759739251903,0.5926601322087988,4361,4362,26,0,4336,4320,159256,25,0,0,25,42
2020-10-06,US,Minnesota,Steele,602,2,0,44.02240351,-93.22627088,27147.0,1642.6096209992083,0.3322259136212625,600,592,2,0,590,586,36803,10,0,0,10,6
2020-10-06,US,Minnesota,Stevens,128,1,0,45.58613007,-96.00163705,27149.0,1305.4563997960224,0.78125,127,125,1,0,124,123,9753,3,0,0,3,2
2020-10-06,US,Minnesota,Swift,156,1,0,45.2829032,-95.68264092,27151.0,1683.5743578674726,0.6410256410256411,155,155,1,0,154,155,9345,1,0,0,1,0
2020-10-06,US,Minnesota,Todd,546,2,0,46.06996226,-94.89785296,27153.0,2213.752838144664,0.3663003663003663,544,538,2,0,536,532,24582,8,0,0,8,6
2020-10-06,US,Minnesota,Traverse,40,0,0,45.77298854,-96.47062949,27155.0,1227.37035900583,0.0,40,40,0,0,40,40,3308,0,0,0,0,0
2020-10-06,US,Minnesota,Unassigned,162,53,0,0.0,0.0,90027.0,0.0,32.71604938271605,109,187,53,0,134,177,,-25,0,0,-25,10
2020-10-06,US,Minnesota,Wabasha,241,0,0,44.28424356,-92.23121312,27157.0,1114.3478059832617,0.0,241,232,0,0,232,229,21645,9,0,0,9,3
2020-10-06,US,Minnesota,Wadena,90,0,0,46.58589171,-94.96968506,27159.0,657.7985674608975,0.0,90,89,0,0,89,86,13773,1,0,0,1,3
2020-10-06,US,Minnesota,Waseca,822,9,0,44.02211116,-93.58720034,27161.0,4416.505480335268,1.094890510948905,813,820,9,0,811,819,18691,2,0,0,2,1
2020-10-06,US,Minnesota,Washington,4231,59,0,45.03864533,-92.88429635,27163.0,1612.1780216430427,1.3944693925785867,4172,4180,58,0,4122,4132,259201,51,1,0,50,48
2020-10-06,US,Minnesota,Watonwan,541,4,0,43.97823903,-94.61413846,27165.0,4964.669175002295,0.7393715341959335,537,540,4,0,536,540,10980,1,0,0,1,0
2020-10-06,US,Minnesota,Wilkin,81,3,0,46.35721532,-96.4684375,27167.0,1304.978250362494,3.703703703703704,78,81,3,0,78,80,6254,0,0,0,0,1
2020-10-06,US,Minnesota,Winona,1015,18,0,43.98772283,-91.78081305,27169.0,2010.5379922351635,1.7733990147783252,997,1001,18,0,983,985,50825,14,0,0,14,16
2020-10-06,US,Minnesota,Wright,1860,8,0,45.17297924,-93.96234781,27171.0,1344.1540140341242,0.4301075268817205,1852,1839,8,0,1831,1814,136349,21,0,0,21,25
2020-10-06,US,Minnesota,Yellow Medicine,219,3,0,44.71710183,-95.86842453,27173.0,2255.639097744361,1.3698630136986298,216,216,3,0,213,215,9795,3,0,0,3,1
2020-10-06,US,Mississippi,Adams,973,40,0,31.47669768,-91.35326037,28001.0,3170.10393249275,4.110996916752312,933,971,39,0,932,967,31192,2,1,0,1,4
2020-10-06,US,Mississippi,Alcorn,866,11,0,34.88084463,-88.57996173,28003.0,2343.5174410737964,1.2702078521939957,855,860,11,0,849,860,36925,6,0,0,6,0
2020-10-06,US,Mississippi,Amite,360,10,0,31.17467303,-90.80501621,28005.0,2927.543303244694,2.7777777777777777,350,355,10,0,345,355,12326,5,0,0,5,0
2020-10-06,US,Mississippi,Attala,695,25,0,33.08658803,-89.57838564,28007.0,3824.144382084297,3.5971223021582728,670,691,25,0,666,691,18365,4,0,0,4,0
2020-10-06,US,Mississippi,Benton,250,3,0,34.81681228,-89.18945516,28009.0,3027.0008475602367,1.2,247,248,3,0,245,248,8271,2,0,0,2,0
2020-10-06,US,Mississippi,Bolivar,1912,72,0,33.79696941,-90.87372121,28011.0,6242.653780854121,3.7656903765690375,1840,1902,71,0,1831,1902,31333,10,1,0,9,0
2020-10-06,US,Mississippi,Calhoun,553,12,0,33.93683395,-89.33686647,28013.0,3850.7067752942,2.16998191681736,541,545,12,0,533,545,14436,8,0,0,8,0
2020-10-06,US,Mississippi,Carroll,333,12,0,33.44834567,-89.91994479,28015.0,3347.7430381019403,3.603603603603604,321,332,12,0,320,332,9911,1,0,0,1,0
2020-10-06,US,Mississippi,Chickasaw,739,24,0,33.91983202,-88.9481545,28017.0,4320.87937788692,3.247631935047361,715,719,24,0,695,718,17171,20,0,0,20,1
2020-10-06,US,Mississippi,Choctaw,193,6,0,33.34598242,-89.24809382,28019.0,2350.791717417784,3.1088082901554404,187,189,6,0,183,189,8278,4,0,0,4,0
2020-10-06,US,Mississippi,Claiborne,489,16,0,31.97061673,-90.90702196,28021.0,5440.587449933244,3.2719836400818,473,477,16,0,461,477,9002,12,0,0,12,0
2020-10-06,US,Mississippi,Clarke,631,48,0,32.04158545,-88.68896219999998,28023.0,4060.227784569848,7.606973058637084,583,626,48,0,578,625,15604,5,0,0,5,1
2020-10-06,US,Mississippi,Clay,623,20,0,33.65358105,-88.77784255,28025.0,3225.3054462621667,3.2102728731942216,603,613,20,0,593,611,19386,10,0,0,10,2
2020-10-06,US,Mississippi,Coahoma,1195,31,0,34.22772299,-90.60415045,28027.0,5401.374073404449,2.5941422594142263,1164,1189,31,0,1158,1189,22628,6,0,0,6,0
2020-10-06,US,Mississippi,Copiah,1254,33,0,31.86977774,-90.44565118,28029.0,4468.198824158204,2.631578947368421,1221,1247,33,0,1214,1242,28543,7,0,0,7,5
2020-10-06,US,Mississippi,Covington,851,25,0,31.63225413,-89.55389939,28031.0,4566.43056449882,2.9377203290246765,826,847,25,0,822,845,18853,4,0,0,4,2
2020-10-06,US,Mississippi,DeSoto,5947,70,0,34.87625235,-89.99091418,28033.0,3215.5505690881073,1.1770640659155878,5877,5825,70,0,5755,5811,182001,122,0,0,122,14
2020-10-06,US,Mississippi,Forrest,2678,75,0,31.18961454,-89.25832496,28035.0,3575.577125919597,2.800597460791636,2603,2656,75,0,2581,2650,75036,22,0,0,22,6
2020-10-06,US,Mississippi,Franklin,206,3,0,31.47786634,-90.89672989,28037.0,2670.815506288085,1.4563106796116505,203,204,3,0,201,204,7788,2,0,0,2,0
2020-10-06,US,Mississippi,George,845,14,0,30.86259065,-88.64436789,28039.0,3448.9795918367345,1.656804733727811,831,822,14,0,808,820,24250,23,0,0,23,2
2020-10-06,US,Mississippi,Greene,414,17,0,31.21444233,-88.63922281,28041.0,3047.254526718681,4.106280193236715,397,405,17,0,388,405,13586,9,0,0,9,0
2020-10-06,US,Mississippi,Grenada,1131,36,0,33.77036166,-89.80245083,28043.0,5448.5017824453225,3.1830238726790454,1095,1127,36,0,1091,1123,21055,4,0,0,4,4
2020-10-06,US,Mississippi,Hancock,639,23,0,30.41830223,-89.48851033,28045.0,1341.535102452133,3.5993740219092327,616,624,22,0,602,622,47334,15,1,0,14,2
2020-10-06,US,Mississippi,Harrison,4154,76,0,30.51359752,-89.12467576,28047.0,1996.3475586312961,1.8295618680789598,4078,4097,76,0,4021,4077,206650,57,0,0,57,20
2020-10-06,US,Mississippi,Hinds,7326,164,0,32.2656285,-90.44435448,28049.0,3159.937888198757,2.2386022386022386,7162,7295,163,0,7132,7289,237085,31,1,0,30,6
2020-10-06,US,Mississippi,Holmes,1113,60,0,33.12345854,-90.08923538,28051.0,6543.20987654321,5.3908355795148255,1053,1112,60,0,1052,1111,17622,1,0,0,1,1
2020-10-06,US,Mississippi,Humphreys,382,15,0,33.12825718,-90.52252707,28053.0,4737.103174603175,3.9267015706806276,367,382,15,0,367,382,8257,0,0,0,0,0
2020-10-06,US,Mississippi,Issaquena,106,3,0,32.72531359,-90.97392828,28055.0,7987.942727957799,2.830188679245283,103,106,3,0,103,106,1308,0,0,0,0,0
2020-10-06,US,Mississippi,Itawamba,936,24,0,34.27993475,-88.3606733,28057.0,4001.7101325352724,2.5641025641025643,912,920,24,0,896,917,23517,16,0,0,16,3
2020-10-06,US,Mississippi,Jackson,3848,71,0,30.54020656,-88.64184064,28059.0,2679.3485450886733,1.845114345114345,3777,3754,70,0,3684,3739,143277,94,1,0,93,15
2020-10-06,US,Mississippi,Jasper,606,15,0,32.01922104,-89.11786866,28061.0,3698.9562351217733,2.4752475247524752,591,602,15,0,587,601,16428,4,0,0,4,1
2020-10-06,US,Mississippi,Jefferson,246,10,0,31.73397872,-91.03764977,28063.0,3519.313304721029,4.0650406504065035,236,246,10,0,236,246,7106,0,0,0,0,0
2020-10-06,US,Mississippi,Jefferson Davis,361,11,0,31.56884708,-89.82670990000004,28065.0,3244.069015097053,3.0470914127423825,350,354,11,0,343,350,11234,7,0,0,7,4
2020-10-06,US,Mississippi,Jones,2609,81,0,31.62257767,-89.16896899999998,28067.0,3831.243208317425,3.10463779225757,2528,2597,81,0,2516,2583,68461,12,0,0,12,14
2020-10-06,US,Mississippi,Kemper,295,15,0,32.75462946,-88.64105766,28069.0,3028.125641552043,5.084745762711863,280,294,15,0,279,294,10027,1,0,0,1,0
2020-10-06,US,Mississippi,Lafayette,2294,41,0,34.35687874,-89.48490961,28071.0,4246.653955089876,1.7872711421098515,2253,2269,41,0,2228,2266,54793,25,0,0,25,3
2020-10-06,US,Mississippi,Lamar,1903,37,0,31.20572971,-89.5077704,28073.0,3004.278294365597,1.944298476090384,1866,1876,37,0,1839,1869,62447,27,0,0,27,7
2020-10-06,US,Mississippi,Lauderdale,2134,127,0,32.40419769,-88.66229662,28075.0,2878.920741989882,5.951265229615745,2007,2123,127,0,1996,2123,75317,11,0,0,11,0
2020-10-06,US,Mississippi,Lawrence,449,14,0,31.55147224,-90.10841127,28077.0,3567.455903384713,3.11804008908686,435,444,14,0,430,443,12455,5,0,0,5,1
2020-10-06,US,Mississippi,Leake,985,38,0,32.7536828,-89.52402044,28079.0,4322.829807776705,3.857868020304569,947,980,38,0,942,980,22763,5,0,0,5,0
2020-10-06,US,Mississippi,Lee,3076,74,0,34.291877500000005,-88.68149954,28081.0,3600.355821901774,2.4057217165149547,3002,3046,73,0,2973,3040,85202,30,1,0,29,6
2020-10-06,US,Mississippi,Leflore,1470,82,0,33.55545125,-90.29900733,28083.0,5215.910300535785,5.578231292517007,1388,1465,82,0,1383,1463,28919,5,0,0,5,2
2020-10-06,US,Mississippi,Lincoln,1172,53,0,31.53288662,-90.45391915,28085.0,3431.616549058648,4.522184300341297,1119,1156,53,0,1103,1150,34205,16,0,0,16,6
2020-10-06,US,Mississippi,Lowndes,1659,58,0,33.47386518,-88.44191529999998,28087.0,2831.299598941889,3.4960819770946348,1601,1644,58,0,1586,1644,58930,15,0,0,15,0
2020-10-06,US,Mississippi,Madison,3441,90,0,32.63389156,-90.03513564,28089.0,3237.9177958446253,2.6155187445510024,3351,3405,90,0,3315,3389,105630,36,0,0,36,16
2020-10-06,US,Mississippi,Marion,891,40,0,31.23132643,-89.8209217,28091.0,3625.9308997680378,4.489337822671157,851,887,40,0,847,887,24715,4,0,0,4,0
2020-10-06,US,Mississippi,Marshall,1132,22,0,34.76216286,-89.50299462,28093.0,3207.3440244800818,1.9434628975265016,1110,1128,22,0,1106,1128,35451,4,0,0,4,0
2020-10-06,US,Mississippi,Monroe,1303,70,0,33.89236763,-88.4808438,28095.0,3696.244184727108,5.372217958557175,1233,1294,70,0,1224,1287,35564,9,0,0,9,7
2020-10-06,US,Mississippi,Montgomery,497,21,0,33.49419589,-89.61729103,28097.0,5084.398976982097,4.225352112676056,476,491,21,0,470,490,10023,6,0,0,6,1
2020-10-06,US,Mississippi,Neshoba,1655,108,0,32.75339664,-89.11726492,28099.0,5683.769489662752,6.525679758308157,1547,1647,106,0,1541,1646,29125,8,2,0,6,1
2020-10-06,US,Mississippi,Newton,801,25,0,32.40021118,-89.11843336,28101.0,3811.019126463032,3.1210986267166043,776,800,25,0,775,800,21443,1,0,0,1,0
2020-10-06,US,Mississippi,Noxubee,575,16,0,33.11009499,-88.56949061,28103.0,5519.823365652299,2.782608695652174,559,572,16,0,556,571,10535,3,0,0,3,1
2020-10-06,US,Mississippi,Oktibbeha,1866,54,0,33.42491685,-88.87905132,28105.0,3763.0830661262025,2.893890675241157,1812,1854,53,0,1801,1850,49599,12,1,0,11,4
2020-10-06,US,Mississippi,Panola,1558,32,0,34.36398677,-89.95064249,28107.0,4556.621431913898,2.053915275994865,1526,1548,31,0,1517,1546,34178,10,1,0,9,2
2020-10-06,US,Mississippi,Pearl River,966,54,0,30.77090935,-89.58677275,28109.0,1739.443594129828,5.590062111801243,912,952,54,0,898,952,55387,14,0,0,14,0
2020-10-06,US,Mississippi,Perry,446,21,0,31.17161885,-88.99281835,28111.0,3725.0480247222918,4.708520179372197,425,441,21,0,420,441,11931,5,0,0,5,0
2020-10-06,US,Mississippi,Pike,1277,54,0,31.17507789,-90.40392572,28113.0,3250.356342903686,4.22866092404072,1223,1261,54,0,1207,1260,39563,16,0,0,16,1
2020-10-06,US,Mississippi,Pontotoc,1353,18,0,34.226046000000004,-89.03636807,28115.0,4205.258904705663,1.3303769401330376,1335,1330,17,0,1313,1328,31833,23,1,0,22,2
2020-10-06,US,Mississippi,Prentiss,912,19,0,34.61810501,-88.51986294,28117.0,3629.706280347051,2.083333333333333,893,898,19,0,879,896,25315,14,0,0,14,2
2020-10-06,US,Mississippi,Quitman,402,5,0,34.25157572,-90.28908,28119.0,5918.727915194347,1.243781094527363,397,399,5,0,394,398,7051,3,0,0,3,1
2020-10-06,US,Mississippi,Rankin,3491,80,0,32.26469147,-89.94537876,28121.0,2248.327118393004,2.2916069894013176,3411,3458,80,0,3378,3446,153902,33,0,0,33,12
2020-10-06,US,Mississippi,Scott,1185,27,0,32.406704100000006,-89.53789439,28123.0,4213.483146067416,2.278481012658228,1158,1185,27,0,1158,1184,28287,0,0,0,0,1
2020-10-06,US,Mississippi,Sharkey,268,14,0,32.88149103,-90.81595379999999,28125.0,6202.2679935200185,5.223880597014926,254,268,14,0,254,268,4377,0,0,0,0,0
2020-10-06,US,Mississippi,Simpson,1100,48,0,31.91282117,-89.91716179,28127.0,4126.341060844775,4.363636363636363,1052,1087,47,0,1040,1085,26758,13,1,0,12,2
2020-10-06,US,Mississippi,Smith,557,15,0,32.01744532,-89.50644846,28129.0,3499.6230208595125,2.692998204667864,542,556,15,0,541,553,16002,1,0,0,1,3
2020-10-06,US,Mississippi,Stone,397,13,0,30.79187949,-89.11547539,28131.0,2165.1396160558465,3.2745591939546603,384,395,13,0,382,389,18717,2,0,0,2,6
2020-10-06,US,Mississippi,Sunflower,1518,48,0,33.60192578,-90.58882684,28133.0,6045.400238948626,3.1620553359683794,1470,1515,47,0,1468,1514,25735,3,1,0,2,1
2020-10-06,US,Mississippi,Tallahatchie,792,24,0,33.95339918,-90.1729398,28135.0,5735.389963067565,3.0303030303030303,768,790,24,0,766,788,13987,2,0,0,2,2
2020-10-06,US,Mississippi,Tate,1056,38,0,34.65133709,-89.94485778,28137.0,3728.681896825677,3.5984848484848486,1018,1041,38,0,1003,1041,28759,15,0,0,15,0
2020-10-06,US,Mississippi,Tippah,743,18,0,34.76872156,-88.90988194,28139.0,3374.971610265728,2.4226110363391657,725,736,18,0,718,736,21995,7,0,0,7,0
2020-10-06,US,Mississippi,Tishomingo,730,39,0,34.74023475,-88.23917219,28141.0,3766.1868647784136,5.3424657534246585,691,725,39,0,686,724,19454,5,0,0,5,1
2020-10-06,US,Mississippi,Tunica,508,15,0,34.64967704,-90.37481167,28143.0,5274.086378737542,2.9527559055118107,493,507,15,0,492,505,9944,1,0,0,1,2
2020-10-06,US,Mississippi,Union,1062,24,0,34.49162015,-89.00776006,28145.0,3685.58042686101,2.2598870056497176,1038,1049,24,0,1025,1046,28606,13,0,0,13,3
2020-10-06,US,Mississippi,Walthall,611,26,0,31.14971548,-90.10446654,28147.0,4276.914461710766,4.25531914893617,585,606,26,0,580,606,14465,5,0,0,5,0
2020-10-06,US,Mississippi,Warren,1438,52,0,32.35810271,-90.83352619,28149.0,3168.7270002864634,3.6161335187760777,1386,1431,51,0,1380,1429,46176,7,1,0,6,2
2020-10-06,US,Mississippi,Washington,2338,84,0,33.28392041,-90.94196237,28151.0,5324.648705276823,3.5928143712574854,2254,2319,84,0,2235,2317,45063,19,0,0,19,2
2020-10-06,US,Mississippi,Wayne,940,21,0,31.64135687,-88.69573913,28153.0,4657.384927909627,2.234042553191489,919,934,21,0,913,929,20298,6,0,0,6,5
2020-10-06,US,Mississippi,Webster,351,13,0,33.61300486,-89.28392912,28155.0,3622.6648776963566,3.703703703703704,338,348,13,0,335,347,9788,3,0,0,3,1
2020-10-06,US,Mississippi,Wilkinson,312,18,0,31.16078225,-91.31018819,28157.0,3615.295480880649,5.769230769230768,294,310,18,0,292,309,8792,2,0,0,2,1
2020-10-06,US,Mississippi,Winston,765,19,0,33.08747908,-89.03391385,28159.0,4260.651629072681,2.4836601307189543,746,763,19,0,744,763,18165,2,0,0,2,0
2020-10-06,US,Mississippi,Yalobusha,454,14,0,34.02824175,-89.70762049999998,28161.0,3749.5870498843738,3.0837004405286343,440,453,14,0,439,453,12392,1,0,0,1,0
2020-10-06,US,Mississippi,Yazoo,1086,33,0,32.77890365,-90.39656148,28163.0,3657.797238127316,3.0386740331491717,1053,1084,33,0,1051,1083,28248,2,0,0,2,1
2020-10-06,US,Missouri,Adair,379,0,0,40.19058551,-92.60078167,29001.0,1495.481987136487,0.0,379,373,0,0,373,373,25339,6,0,0,6,0
2020-10-06,US,Missouri,Andrew,301,3,0,39.98492163,-94.80163024,29003.0,1699.412827461608,0.9966777408637874,298,298,3,0,295,294,17607,3,0,0,3,4
2020-10-06,US,Missouri,Atchison,61,0,0,40.43238737,-95.42970639,29005.0,1186.0781644954307,0.0,61,61,0,0,61,61,5171,0,0,0,0,0
2020-10-06,US,Missouri,Audrain,466,5,0,39.215877,-91.84242683,29007.0,1835.5128407121474,1.072961373390558,461,467,5,0,462,464,25473,-1,0,0,-1,3
2020-10-06,US,Missouri,Barry,540,6,0,36.70978521,-93.82919888,29009.0,1508.8434993992566,1.1111111111111112,534,535,6,0,529,530,35886,5,0,0,5,5
2020-10-06,US,Missouri,Barton,265,1,0,37.50207671,-94.34757022,29011.0,2254.5516419942146,0.37735849056603776,264,259,0,0,259,247,11798,6,1,0,5,12
2020-10-06,US,Missouri,Bates,160,3,0,38.25271289,-94.34113157,29013.0,989.3643334157804,1.875,157,156,3,0,153,154,16320,4,0,0,4,2
2020-10-06,US,Missouri,Benton,395,5,0,38.29503305,-93.28756116,29015.0,2031.5794887620225,1.2658227848101269,390,395,5,0,390,389,19278,0,0,0,0,6
2020-10-06,US,Missouri,Bollinger,365,1,0,37.32449052,-90.02725304,29017.0,3008.3244045166075,0.273972602739726,364,362,1,0,361,359,12169,3,0,0,3,3
2020-10-06,US,Missouri,Boone,4801,11,0,38.99186229,-92.30723575,29019.0,2660.3791358893513,0.2291189335555093,4790,4786,11,0,4775,4531,180005,15,0,0,15,255
2020-10-06,US,Missouri,Buchanan,2277,30,0,39.65816401,-94.80138942,29021.0,2606.3367061947715,1.3175230566534917,2247,2240,30,0,2210,2219,88571,37,0,0,37,21
2020-10-06,US,Missouri,Butler,752,7,0,36.71462476,-90.40421163,29023.0,1770.3281698761712,0.9308510638297872,745,738,6,0,732,727,42639,14,1,0,13,11
2020-10-06,US,Missouri,Caldwell,119,1,0,39.65620858,-93.98308093,29025.0,1319.290465631929,0.8403361344537815,118,119,1,0,118,118,9108,0,0,0,0,1
2020-10-06,US,Missouri,Callaway,751,3,0,38.83674754,-91.92186505,29027.0,1678.4748452271865,0.3994673768308921,748,745,3,0,742,728,44889,6,0,0,6,17
2020-10-06,US,Missouri,Camden,1160,16,0,38.02199522,-92.76083747,29029.0,2505.1290357412813,1.3793103448275863,1144,1131,16,0,1115,1125,45815,29,0,0,29,6
2020-10-06,US,Missouri,Cape Girardeau,2007,18,0,37.38489388,-89.6843587,29031.0,2544.661535925752,0.8968609865470852,1989,1993,18,0,1975,1969,78753,14,0,0,14,24
2020-10-06,US,Missouri,Carroll,139,2,0,39.42762566,-93.50626255,29033.0,1601.5670008065445,1.4388489208633093,137,137,2,0,135,138,8743,2,0,0,2,-1
2020-10-06,US,Missouri,Carter,112,3,0,36.94160441,-90.96051322,29035.0,1872.2835172183213,2.6785714285714284,109,110,3,0,107,110,6054,2,0,0,2,0
2020-10-06,US,Missouri,Cass,1605,26,0,38.64789422,-94.353399,29037.0,1517.3000567214974,1.6199376947040498,1579,1591,26,0,1565,1585,104954,14,0,0,14,6
2020-10-06,US,Missouri,Cedar,154,0,0,37.72391475,-93.85445441,29039.0,1073.2455223360512,0.0,154,151,0,0,151,150,14165,3,0,0,3,1
2020-10-06,US,Missouri,Chariton,53,0,0,39.51499357,-92.9629191,29041.0,713.7085914354968,0.0,53,52,0,0,52,52,7451,1,0,0,1,0
2020-10-06,US,Missouri,Christian,1688,6,0,36.9711783,-93.18537118,29043.0,1905.2993961284494,0.35545023696682465,1682,1662,6,0,1656,1641,86983,26,0,0,26,21
2020-10-06,US,Missouri,Clark,74,0,0,40.41040752,-91.73661677,29045.0,1088.7156098278654,0.0,74,74,0,0,74,74,6842,0,0,0,0,0
2020-10-06,US,Missouri,Clay,1863,42,0,39.31132056,-94.41850862,29047.0,745.3550338470402,2.2544283413848634,1821,1850,42,0,1808,1842,246365,13,0,0,13,8
2020-10-06,US,Missouri,Clinton,274,0,0,39.6013098,-94.40465394,29049.0,1343.9937214891845,0.0,274,269,0,0,269,265,20470,5,0,0,5,4
2020-10-06,US,Missouri,Cole,1844,14,0,38.50455671,-92.27860244,29051.0,2402.762394944296,0.7592190889370932,1830,1797,14,0,1783,1753,76796,47,0,0,47,44
2020-10-06,US,Missouri,Cooper,480,2,0,38.844478,-92.80896081,29053.0,2710.486193460952,0.4166666666666667,478,475,2,0,473,473,17603,5,0,0,5,2
2020-10-06,US,Missouri,Crawford,432,5,0,37.97663738,-91.30528104,29055.0,1806.020066889632,1.1574074074074074,427,426,5,0,421,425,23957,6,0,0,6,1
2020-10-06,US,Missouri,Dade,83,0,0,37.431814,-93.8503345,29057.0,1097.7383943922764,0.0,83,83,0,0,83,80,7569,0,0,0,0,3
2020-10-06,US,Missouri,Dallas,225,1,0,37.681135499999996,-93.02127031,29059.0,1333.0963384287238,0.4444444444444444,224,222,1,0,221,217,16762,3,0,0,3,5
2020-10-06,US,Missouri,Daviess,154,1,0,39.96145298,-93.98519678,29061.0,1860.352742208263,0.6493506493506493,153,152,1,0,151,149,8313,2,0,0,2,3
2020-10-06,US,Missouri,DeKalb,169,2,0,39.89201062,-94.40476508,29063.0,1346.935522435642,1.183431952662722,167,164,2,0,162,161,12630,5,0,0,5,3
2020-10-06,US,Missouri,Dent,151,2,0,37.60663134,-91.50790473,29065.0,969.6269183843832,1.3245033112582782,149,152,2,0,150,148,15441,-1,0,0,-1,4
2020-10-06,US,Missouri,Douglas,232,3,0,36.9325593,-92.49905109,29067.0,1759.5752749336368,1.293103448275862,229,231,3,0,228,232,13373,1,0,0,1,-1
2020-10-06,US,Missouri,Dunklin,892,8,0,36.27167174,-90.09122243,29069.0,3062.0301397137073,0.8968609865470852,884,883,8,0,875,875,29423,9,0,0,9,8
2020-10-06,US,Missouri,Franklin,1954,32,0,38.41127108,-91.07522826,29071.0,1879.4425154135447,1.6376663254861823,1922,1929,32,0,1897,1916,103670,25,0,0,25,13
2020-10-06,US,Missouri,Gasconade,166,23,0,38.43947277,-91.50847147,29073.0,1128.7909696722427,13.855421686746988,143,167,22,0,145,165,14705,-1,1,0,-2,2
2020-10-06,US,Missouri,Gentry,139,9,0,40.21097916,-94.40944419,29075.0,2115.3553492619085,6.474820143884893,130,138,9,0,129,136,6628,1,0,0,1,2
2020-10-06,US,Missouri,Greene,7040,69,0,37.2575872,-93.34230916,29077.0,2402.0253440969545,0.9801136363636364,6971,6978,65,0,6913,6906,291923,62,4,0,58,72
2020-10-06,US,Missouri,Grundy,215,4,0,40.11406587,-93.56509276,29079.0,2182.741116751269,1.8604651162790695,211,213,4,0,209,212,9914,2,0,0,2,1
2020-10-06,US,Missouri,Harrison,135,1,0,40.35570088,-93.99222144,29081.0,1616.3793103448277,0.7407407407407407,134,133,1,0,132,133,8414,2,0,0,2,0
2020-10-06,US,Missouri,Henry,252,5,0,38.38482826,-93.79293734,29083.0,1154.692082111437,1.984126984126984,247,248,5,0,243,245,21792,4,0,0,4,3
2020-10-06,US,Missouri,Hickory,132,3,0,37.94163617,-93.3203037,29085.0,1383.0678960603518,2.272727272727273,129,128,3,0,125,122,9509,4,0,0,4,6
2020-10-06,US,Missouri,Holt,86,1,0,40.09799248,-95.21638879999999,29087.0,1953.2137179196,1.162790697674419,85,86,1,0,85,86,4404,0,0,0,0,0
2020-10-06,US,Missouri,Howard,188,2,0,39.1435761,-92.69756691,29089.0,1879.81201879812,1.0638297872340423,186,188,2,0,186,188,10137,0,0,0,0,0
2020-10-06,US,Missouri,Howell,795,3,0,36.77383887,-91.88683935,29091.0,1981.7035172121546,0.37735849056603776,792,781,3,0,778,769,40076,14,0,0,14,12
2020-10-06,US,Missouri,Iron,63,0,0,37.55487945,-90.7735296,29093.0,622.2222222222222,0.0,63,61,0,0,61,61,10177,2,0,0,2,0
2020-10-06,US,Missouri,Jackson,7850,104,0,39.01002188,-94.34724536,29095.0,1116.625486656681,1.32484076433121,7746,7792,103,0,7689,7766,700307,58,1,0,57,26
2020-10-06,US,Missouri,Jasper,4305,55,0,37.20351921,-94.34050458,29097.0,3548.232889357774,1.2775842044134726,4250,4277,52,0,4225,4260,120636,28,3,0,25,17
2020-10-06,US,Missouri,Jefferson,4587,66,0,38.25926778,-90.53870896,29099.0,2037.9330107827848,1.4388489208633093,4521,4762,66,0,4696,4762,224347,-175,0,0,-175,0
2020-10-06,US,Missouri,Johnson,1018,5,0,38.74719601,-93.80691168,29101.0,1883.0231955902482,0.4911591355599214,1013,1017,5,0,1012,1017,53652,1,0,0,1,0
2020-10-06,US,Missouri,Kansas City,12488,146,0,39.0997,-94.5786,0.0,2554.080946040745,1.1691223574631646,12342,12418,143,0,12275,12387,491918,70,3,0,67,31
2020-10-06,US,Missouri,Knox,55,1,0,40.12699751,-92.14780832,29103.0,1389.2397069967167,1.818181818181818,54,55,1,0,54,56,3947,0,0,0,0,-1
2020-10-06,US,Missouri,Laclede,816,9,0,37.65896829,-92.5888493,29105.0,2284.24264479467,1.1029411764705883,807,794,9,0,785,777,35713,22,0,0,22,17
2020-10-06,US,Missouri,Lafayette,606,6,0,39.06986886,-93.78076396,29107.0,1852.7577351106765,0.99009900990099,600,604,5,0,599,601,32598,2,1,0,1,3
2020-10-06,US,Missouri,Lawrence,747,4,0,37.10626634,-93.83293097,29109.0,1947.5948377004306,0.535475234270415,743,738,4,0,734,731,38359,9,0,0,9,7
2020-10-06,US,Missouri,Lewis,132,2,0,40.09673161,-91.72070156,29111.0,1350.2454991816694,1.5151515151515151,130,129,2,0,127,126,9855,3,0,0,3,3
2020-10-06,US,Missouri,Lincoln,893,3,0,39.05345619,-90.95588181,29113.0,1513.2258993781033,0.33594624860022404,890,884,3,0,881,876,57686,9,0,0,9,8
2020-10-06,US,Missouri,Linn,123,1,0,39.87001769,-93.10704106,29115.0,1031.8791946308722,0.8130081300813008,122,122,1,0,121,122,12037,1,0,0,1,0
2020-10-06,US,Missouri,Livingston,459,3,0,39.78110272,-93.54645978,29117.0,3014.382347146516,0.6535947712418301,456,456,3,0,453,444,15146,3,0,0,3,12
2020-10-06,US,Missouri,Macon,168,0,0,39.83049768,-92.56453089,29121.0,1111.3316134153602,0.0,168,168,0,0,168,168,15153,0,0,0,0,0
2020-10-06,US,Missouri,Madison,317,1,0,37.47865134,-90.34671429999999,29123.0,2622.4354731965586,0.3154574132492113,316,316,1,0,315,308,12188,1,0,0,1,8
2020-10-06,US,Missouri,Maries,94,0,0,38.16193985,-91.92249662,29125.0,1080.832470967,0.0,94,94,0,0,94,91,8769,0,0,0,0,3
2020-10-06,US,Missouri,Marion,723,14,0,39.80601912,-91.62203062,29127.0,2534.174553101998,1.9363762102351316,709,718,14,0,704,712,28592,5,0,0,5,6
2020-10-06,US,Missouri,McDonald,1117,11,0,36.62869595,-94.34867205,29119.0,4891.185357095941,0.9847806624888094,1106,1113,11,0,1102,1113,23078,4,0,0,4,0
2020-10-06,US,Missouri,Mercer,31,0,0,40.42212303,-93.56829590000001,29129.0,857.0638650815595,0.0,31,31,0,0,31,31,3641,0,0,0,0,0
2020-10-06,US,Missouri,Miller,584,2,0,38.21450288,-92.42610898,29131.0,2279.5581404426403,0.3424657534246575,582,566,2,0,564,562,25336,18,0,0,18,4
2020-10-06,US,Missouri,Mississippi,327,3,0,36.82516239,-89.29505753,29133.0,2481.03186646434,0.9174311926605504,324,325,3,0,322,323,13336,2,0,0,2,2
2020-10-06,US,Missouri,Moniteau,361,5,0,38.63571781,-92.57976951,29135.0,2237.788246962559,1.3850415512465375,356,358,5,0,353,346,16121,3,0,0,3,12
2020-10-06,US,Missouri,Monroe,92,1,0,39.49593978,-92.00043978,29137.0,1064.322073114299,1.0869565217391304,91,92,1,0,91,91,8664,0,0,0,0,1
2020-10-06,US,Missouri,Montgomery,89,1,0,38.94022054,-91.47000721,29139.0,770.4960609471042,1.1235955056179776,88,89,1,0,88,88,11534,0,0,0,0,1
2020-10-06,US,Missouri,Morgan,447,2,0,38.4181765,-92.88791859,29141.0,2167.062587870267,0.44742729306487694,445,439,2,0,437,429,20358,8,0,0,8,10
2020-10-06,US,Missouri,New Madrid,596,16,0,36.59666326,-89.66070007,29143.0,3490.2787538065118,2.684563758389262,580,593,16,0,577,591,17296,3,0,0,3,2
2020-10-06,US,Missouri,Newton,1449,13,0,36.90519407,-94.3394104,29145.0,2488.1516587677725,0.8971704623878537,1436,1442,13,0,1429,1437,58266,7,0,0,7,5
2020-10-06,US,Missouri,Nodaway,845,10,0,40.36079813,-94.88133008,29147.0,3824.9139960166576,1.183431952662722,835,823,10,0,813,820,22304,22,0,0,22,3
2020-10-06,US,Missouri,Oregon,152,0,0,36.68710164,-91.4033755,29149.0,1443.6318738721625,0.0,152,152,0,0,152,150,10541,0,0,0,0,2
2020-10-06,US,Missouri,Osage,210,1,0,38.46036182,-91.8613635,29151.0,1542.4164524421594,0.4761904761904762,209,207,1,0,206,191,13714,3,0,0,3,16
2020-10-06,US,Missouri,Ozark,139,1,0,36.64916339,-92.44459066,29153.0,1515.1515151515152,0.7194244604316546,138,138,1,0,137,137,9017,1,0,0,1,1
2020-10-06,US,Missouri,Pemiscot,579,10,0,36.2130572,-89.78742322,29155.0,3663.397658968681,1.7271157167530224,569,575,10,0,565,572,16272,4,0,0,4,3
2020-10-06,US,Missouri,Perry,671,7,0,37.70660776,-89.82741088,29157.0,3506.479933110368,1.0432190760059612,664,662,7,0,655,660,19150,9,0,0,9,2
2020-10-06,US,Missouri,Pettis,1221,12,0,38.72798918,-93.28471706,29159.0,2883.8659392049885,0.9828009828009828,1209,1215,12,0,1203,1210,42542,6,0,0,6,5
2020-10-06,US,Missouri,Phelps,513,12,0,37.87736118,-91.79351727,29161.0,1150.9209611199606,2.3391812865497075,501,512,12,0,500,509,44732,1,0,0,1,3
2020-10-06,US,Missouri,Pike,255,4,0,39.34310674,-91.16980779,29163.0,1393.290350781335,1.568627450980392,251,255,4,0,251,254,18504,0,0,0,0,1
2020-10-06,US,Missouri,Platte,750,10,0,39.38154439,-94.77068479,29165.0,718.2669654657242,1.3333333333333333,740,744,10,0,734,739,102985,6,0,0,6,5
2020-10-06,US,Missouri,Polk,739,5,0,37.616229600000004,-93.39828174,29167.0,2298.6718093875393,0.6765899864682002,734,738,5,0,733,730,32201,1,0,0,1,8
2020-10-06,US,Missouri,Pulaski,732,7,0,37.82462075,-92.20783203,29169.0,1391.4498070598968,0.9562841530054644,725,728,7,0,721,727,52014,4,0,0,4,1
2020-10-06,US,Missouri,Putnam,32,1,0,40.47942497,-93.02042674,29171.0,681.4310051107325,3.125,31,32,1,0,31,32,4757,0,0,0,0,0
2020-10-06,US,Missouri,Ralls,157,0,0,39.52817427,-91.51838643,29173.0,1522.941119410224,0.0,157,156,0,0,156,155,10212,1,0,0,1,1
2020-10-06,US,Missouri,Randolph,379,2,0,39.44007257,-92.49713740000001,29175.0,1531.4368837885888,0.5277044854881267,377,341,2,0,339,303,24763,38,0,0,38,38
2020-10-06,US,Missouri,Ray,187,0,0,39.353746799999996,-93.98905745,29177.0,812.4076809453471,0.0,187,187,0,0,187,186,22883,0,0,0,0,1
2020-10-06,US,Missouri,Reynolds,39,0,0,37.36085952,-90.97009925,29179.0,622.0095693779904,0.0,39,41,0,0,41,41,6254,-2,0,0,-2,0
2020-10-06,US,Missouri,Ripley,145,1,0,36.65460667,-90.85990261,29181.0,1091.2101143889224,0.6896551724137931,144,144,1,0,143,145,13401,1,0,0,1,-1
2020-10-06,US,Missouri,Saline,809,9,0,39.13734288,-93.20259964,29195.0,3554.325381134397,1.112484548825711,800,801,9,0,792,799,22895,8,0,0,8,2
2020-10-06,US,Missouri,Schuyler,28,0,0,40.46921489,-92.52311943,29197.0,600.8583690987125,0.0,28,28,0,0,28,27,4599,0,0,0,0,1
2020-10-06,US,Missouri,Scotland,41,1,0,40.45214695,-92.14709064,29199.0,836.3933088535292,2.4390243902439024,40,41,1,0,40,38,4966,0,0,0,0,3
2020-10-06,US,Missouri,Scott,977,17,0,37.05588075,-89.56474493,29201.0,2552.246603970742,1.7400204708290683,960,971,17,0,954,961,38458,6,0,0,6,10
2020-10-06,US,Missouri,Shannon,147,1,0,37.15772072,-91.40190382,29203.0,1800.1469507714914,0.6802721088435374,146,145,1,0,144,140,8189,2,0,0,2,5
2020-10-06,US,Missouri,Shelby,74,1,0,39.79742518,-92.07634971,29205.0,1247.8920741989882,1.351351351351351,73,72,1,0,71,72,6050,2,0,0,2,0
2020-10-06,US,Missouri,St. Charles,8213,115,0,38.77875681,-90.66662425,29183.0,2042.9230241131088,1.400219164738829,8098,8114,115,0,7999,8039,399182,99,0,0,99,75
2020-10-06,US,Missouri,St. Clair,80,0,0,38.03699437,-93.77631447,29185.0,851.3355326167926,0.0,80,79,0,0,79,77,9395,1,0,0,1,2
2020-10-06,US,Missouri,St. Francois,2259,14,0,37.81214171,-90.47598685,29187.0,3360.856951573309,0.6197432492253211,2245,2240,14,0,2226,2211,66692,19,0,0,19,29
2020-10-06,US,Missouri,St. Louis,25416,825,0,38.63770039999999,-90.4458375,29189.0,2556.414421573016,3.2459867799811137,24591,25302,819,0,24483,25110,996945,114,6,0,108,192
2020-10-06,US,Missouri,St. Louis City,7355,213,0,38.63555736,-90.24349225,29510.0,2446.968487171298,2.8959891230455472,7142,7321,213,0,7108,7287,302838,34,0,0,34,34
2020-10-06,US,Missouri,Ste. Genevieve,228,1,0,37.89090059,-90.1949941,29186.0,1274.170112887001,0.43859649122807015,227,223,1,0,222,222,17888,5,0,0,5,1
2020-10-06,US,Missouri,Stoddard,597,14,0,36.85571651,-89.9444155,29207.0,2056.847545219638,2.345058626465661,583,583,14,0,569,579,29206,14,0,0,14,4
2020-10-06,US,Missouri,Stone,525,6,0,36.75000327,-93.45256475,29209.0,1643.0896344516775,1.1428571428571428,519,517,6,0,511,515,31749,8,0,0,8,2
2020-10-06,US,Missouri,Sullivan,228,0,0,40.2099105,-93.11150106,29211.0,3744.457217933979,0.0,228,227,0,0,227,224,6221,1,0,0,1,3
2020-10-06,US,Missouri,Taney,1414,36,0,36.65465345,-93.04075153,29213.0,2528.2506079244745,2.545968882602546,1378,1405,36,0,1369,1387,55852,9,0,0,9,18
2020-10-06,US,Missouri,Texas,392,2,0,37.31728859,-91.96564727,29215.0,1543.4286164264902,0.5102040816326531,390,383,2,0,381,379,25571,9,0,0,9,4
2020-10-06,US,Missouri,Vernon,233,1,0,37.8457799,-94.34127305,29217.0,1133.1031464280506,0.4291845493562232,232,227,1,0,226,226,20528,6,0,0,6,1
2020-10-06,US,Missouri,Warren,498,1,0,38.76529479,-91.16124662,29219.0,1396.9536312379032,0.2008032128514056,497,498,1,0,497,494,34711,0,0,0,0,4
2020-10-06,US,Missouri,Washington,501,11,0,37.96130078,-90.87948158,29221.0,2025.8794985847144,2.1956087824351296,490,494,11,0,483,477,24943,7,0,0,7,17
2020-10-06,US,Missouri,Wayne,236,0,0,37.11303869,-90.46001416,29223.0,1833.294492348326,0.0,236,232,0,0,232,232,13122,4,0,0,4,0
2020-10-06,US,Missouri,Webster,808,5,0,37.2813734,-92.876329,29225.0,2040.8163265306125,0.6188118811881188,803,783,5,0,778,761,39109,25,0,0,25,22
2020-10-06,US,Missouri,Worth,21,0,0,40.47945588,-94.42328751,29227.0,1043.2190760059614,0.0,21,21,0,0,21,21,2040,0,0,0,0,0
2020-10-06,US,Missouri,Wright,440,0,0,37.27029221,-92.46914488,29229.0,2405.817704631199,0.0,440,436,0,0,436,428,18378,4,0,0,4,8
2020-10-06,US,Montana,Beaverhead,137,1,0,45.13434354,-112.89846940000001,30001.0,1449.2753623188407,0.7299270072992701,136,133,1,0,132,131,9404,4,0,0,4,2
2020-10-06,US,Montana,Big Horn,984,23,0,45.42335905,-107.492347,30003.0,7387.942037690517,2.3373983739837403,961,967,23,0,944,958,13338,17,0,0,17,9
2020-10-06,US,Montana,Blaine,83,0,0,48.43175214,-108.9582723,30005.0,1242.3289926657685,0.0,83,74,0,0,74,74,6807,9,0,0,9,0
2020-10-06,US,Montana,Broadwater,20,0,0,46.33277565,-111.49558130000001,30007.0,320.666987333654,0.0,20,18,0,0,18,18,6085,2,0,0,2,0
2020-10-06,US,Montana,Carbon,134,0,0,45.22850116,-109.0274047,30009.0,1249.4172494172494,0.0,134,133,0,0,133,131,10714,1,0,0,1,2
2020-10-06,US,Montana,Carter,9,0,0,45.5197966,-104.53955359999999,30011.0,718.8498402555913,0.0,9,9,0,0,9,9,1238,0,0,0,0,0
2020-10-06,US,Montana,Cascade,932,6,0,47.30797024,-111.3467922,30013.0,1145.4415849371976,0.6437768240343348,926,912,6,0,906,879,81643,20,0,0,20,33
2020-10-06,US,Montana,Chouteau,39,0,0,47.88084126,-110.4353362,30015.0,692.1029281277727,0.0,39,36,0,0,36,36,5745,3,0,0,3,0
2020-10-06,US,Montana,Custer,123,2,0,46.25319932,-105.57375259999998,30017.0,1078.7581126118223,1.6260162601626016,121,122,2,0,120,122,11586,1,0,0,1,0
2020-10-06,US,Montana,Daniels,6,0,0,48.78420029,-105.54763429999998,30019.0,355.0295857988166,0.0,6,6,0,0,6,6,1747,0,0,0,0,0
2020-10-06,US,Montana,Dawson,90,1,0,47.26584855,-104.89444170000002,30021.0,1044.932079414838,1.1111111111111112,89,89,1,0,88,87,8680,1,0,0,1,2
2020-10-06,US,Montana,Deer Lodge,194,0,0,46.05953325,-113.073353,30023.0,2122.5382932166303,0.0,194,194,0,0,194,174,9131,0,0,0,0,20
2020-10-06,US,Montana,Fallon,18,0,0,46.33478338,-104.41835649999999,30025.0,632.4666198172872,0.0,18,16,0,0,16,16,2920,2,0,0,2,0
2020-10-06,US,Montana,Fergus,79,1,0,47.26331584,-109.2245206,30027.0,714.9321266968326,1.2658227848101269,78,76,1,0,75,71,11113,3,0,0,3,5
2020-10-06,US,Montana,Flathead,1511,19,0,48.29575866,-114.05205690000001,30029.0,1455.5998689863784,1.2574454003970879,1492,1387,19,0,1368,1385,102106,124,0,0,124,2
2020-10-06,US,Montana,Gallatin,1630,4,0,45.54486106,-111.1692571,30031.0,1424.4018386143978,0.24539877300613494,1626,1584,4,0,1580,1579,111876,46,0,0,46,5
2020-10-06,US,Montana,Garfield,18,0,0,47.27545948,-107.0002351,30033.0,1430.8426073131955,0.0,18,18,0,0,18,18,1268,0,0,0,0,0
2020-10-06,US,Montana,Glacier,501,1,0,48.70513576,-112.9934235,30035.0,3642.8415618410527,0.1996007984031936,500,443,1,0,442,441,13747,58,0,0,58,2
2020-10-06,US,Montana,Golden Valley,5,0,0,46.3816474,-109.17685220000001,30037.0,609.0133982947625,0.0,5,5,0,0,5,5,826,0,0,0,0,0
2020-10-06,US,Montana,Granite,30,0,0,46.40605220000001,-113.4414186,30039.0,887.8366380585973,0.0,30,30,0,0,30,30,3378,0,0,0,0,0
2020-10-06,US,Montana,Hill,253,5,0,48.62879827,-110.1129252,30041.0,1534.8216452317401,1.9762845849802368,248,235,5,0,230,226,16347,18,0,0,18,9
2020-10-06,US,Montana,Jefferson,96,0,0,46.14907081,-112.094396,30043.0,785.5330987644219,0.0,96,94,0,0,94,93,12097,2,0,0,2,1
2020-10-06,US,Montana,Judith Basin,9,0,0,47.04581276,-110.26606880000001,30045.0,448.43049327354265,0.0,9,9,0,0,9,9,1952,0,0,0,0,0
2020-10-06,US,Montana,Lake,304,1,0,47.64514965,-114.0898013,30047.0,998.0957383938536,0.32894736842105265,303,294,1,0,293,292,30250,10,0,0,10,2
2020-10-06,US,Montana,Lewis and Clark,383,3,0,47.12610041,-112.39469799999999,30049.0,551.6188500979375,0.783289817232376,380,376,3,0,373,366,68700,7,0,0,7,10
2020-10-06,US,Montana,Liberty,21,0,0,48.56084317,-111.02430700000001,30051.0,898.5879332477534,0.0,21,20,0,0,20,20,2430,1,0,0,1,0
2020-10-06,US,Montana,Lincoln,154,3,0,48.54265777,-115.4046155,30053.0,770.7707707707707,1.9480519480519483,151,150,3,0,147,149,19794,4,0,0,4,1
2020-10-06,US,Montana,Madison,117,1,0,45.30080065,-111.9173017,30057.0,1360.4651162790694,0.8547008547008547,116,117,1,0,116,117,8768,0,0,0,0,0
2020-10-06,US,Montana,McCone,27,0,0,47.64469406,-105.79449939999999,30055.0,1622.5961538461538,0.0,27,27,0,0,27,27,1675,0,0,0,0,0
2020-10-06,US,Montana,Meagher,35,2,0,46.59907074,-110.8898557,30059.0,1879.6992481203006,5.7142857142857135,33,35,2,0,33,34,1866,0,0,0,0,1
2020-10-06,US,Montana,Mineral,6,0,0,47.15283992,-115.00152390000001,30061.0,136.45667500568572,0.0,6,6,0,0,6,6,4316,0,0,0,0,0
2020-10-06,US,Montana,Missoula,934,3,0,47.03728583,-113.92135079999998,30063.0,780.9364548494983,0.32119914346895073,931,885,3,0,882,884,118791,49,0,0,49,1
2020-10-06,US,Montana,Musselshell,37,1,0,46.49684637,-108.39498,30065.0,798.6186056550831,2.702702702702702,36,37,1,0,36,37,4651,0,0,0,0,0
2020-10-06,US,Montana,Park,125,0,0,45.48965095,-110.52643940000002,30067.0,752.739973503553,0.0,125,113,0,0,113,113,16736,12,0,0,12,0
2020-10-06,US,Montana,Petroleum,1,0,0,47.118246299999996,-108.2508876,30069.0,205.3388090349076,0.0,1,1,0,0,1,,513,0,0,0,0,
2020-10-06,US,Montana,Phillips,124,0,0,48.25936577,-107.9128511,30071.0,3136.064744562469,0.0,124,124,0,0,124,123,4074,0,0,0,0,1
2020-10-06,US,Montana,Pondera,77,1,0,48.22773388,-112.22527029999999,30073.0,1302.6560649636274,1.2987012987012987,76,71,0,0,71,65,5972,6,1,0,5,6
2020-10-06,US,Montana,Powder River,25,0,0,45.39617714,-105.636738,30075.0,1486.3258026159335,0.0,25,25,0,0,25,25,1716,0,0,0,0,0
2020-10-06,US,Montana,Powell,15,0,0,46.85538891,-112.93591640000001,30077.0,217.7068214804064,0.0,15,15,0,0,15,15,6968,0,0,0,0,0
2020-10-06,US,Montana,Prairie,20,0,0,46.86048047,-105.379384,30079.0,1857.0102135561747,0.0,20,16,0,0,16,14,1087,4,0,0,4,2
2020-10-06,US,Montana,Ravalli,180,2,0,46.08520862,-114.11891640000002,30081.0,410.9026160799891,1.1111111111111112,178,175,2,0,173,174,43172,5,0,0,5,1
2020-10-06,US,Montana,Richland,141,2,0,47.78668011,-104.5610786,30083.0,1305.1930019439046,1.4184397163120568,139,140,2,0,138,135,10913,1,0,0,1,5
2020-10-06,US,Montana,Roosevelt,453,8,0,48.29607488,-105.00792679999999,30085.0,4116.684841875682,1.7660044150110374,445,447,8,0,439,414,11059,6,0,0,6,33
2020-10-06,US,Montana,Rosebud,687,19,0,46.23397237,-106.72928799999998,30087.0,7687.143336690165,2.7656477438136826,668,680,19,0,661,676,9063,7,0,0,7,4
2020-10-06,US,Montana,Sanders,56,1,0,47.67657534,-115.1329916,30089.0,462.3132172046562,1.7857142857142858,55,56,1,0,55,56,11844,0,0,0,0,0
2020-10-06,US,Montana,Sheridan,21,0,0,48.72085833,-104.50382900000001,30091.0,634.6328195829558,0.0,21,21,0,0,21,19,3424,0,0,0,0,2
2020-10-06,US,Montana,Silver Bow,305,0,0,45.90018933,-112.6620092,30093.0,873.5500501217242,0.0,305,297,0,0,297,291,34993,8,0,0,8,6
2020-10-06,US,Montana,Stillwater,93,3,0,45.67071407,-109.3950061,30095.0,964.5301804604852,3.2258064516129035,90,90,2,0,88,90,9534,3,1,0,2,0
2020-10-06,US,Montana,Sweet Grass,52,2,0,45.81367654,-109.9425686,30097.0,1391.4905004013915,3.8461538461538463,50,52,2,0,50,51,3710,0,0,0,0,1
2020-10-06,US,Montana,Teton,46,0,0,47.83741052,-112.24106880000001,30099.0,748.3325199284203,0.0,46,42,0,0,42,40,6162,4,0,0,4,2
2020-10-06,US,Montana,Toole,155,6,0,48.65577551,-111.69424140000001,30101.0,3272.804054054054,3.870967741935484,149,142,6,0,136,140,4853,13,0,0,13,2
2020-10-06,US,Montana,Treasure,5,0,0,46.20973220000001,-107.26665159999999,30103.0,718.3908045977013,0.0,5,4,0,0,4,3,679,1,0,0,1,1
2020-10-06,US,Montana,Valley,114,1,0,48.36435097,-106.6669635,30105.0,1541.3737155219035,0.8771929824561403,113,114,1,0,113,110,7437,0,0,0,0,4
2020-10-06,US,Montana,Wheatland,21,1,0,46.46652491,-109.84646359999999,30107.0,987.7704609595484,4.761904761904762,20,21,1,0,20,21,2236,0,0,0,0,0
2020-10-06,US,Montana,Wibaux,21,0,0,46.95925154,-104.2510927,30109.0,2167.1826625387,0.0,21,19,0,0,19,19,1034,2,0,0,2,0
2020-10-06,US,Montana,Yellowstone,3691,69,0,45.93955949,-108.26914860000001,30111.0,2288.2827030378176,1.8694120834462205,3622,3645,69,0,3576,3611,160137,46,0,0,46,34
2020-10-06,US,Nebraska,Adams,613,12,0,40.52449420000001,-98.50117804,31001.0,1954.5324108025384,1.9575856443719413,601,607,12,0,595,596,31511,6,0,0,6,11
2020-10-06,US,Nebraska,Antelope,104,1,0,42.17695516,-98.06662829999999,31003.0,1651.317878691648,0.9615384615384616,103,102,1,0,101,100,6336,2,0,0,2,2
2020-10-06,US,Nebraska,Arthur,1,0,0,41.56896142,-101.6959559,31005.0,215.98272138228938,0.0,1,1,0,0,1,1,465,0,0,0,0,0
2020-10-06,US,Nebraska,Banner,2,0,0,41.54634427,-103.7114332,31007.0,268.4563758389262,0.0,2,2,0,0,2,2,730,0,0,0,0,0
2020-10-06,US,Nebraska,Blaine,1,0,0,41.91311716,-99.97677845,31009.0,215.05376344086025,0.0,1,1,0,0,1,1,476,0,0,0,0,0
2020-10-06,US,Nebraska,Boone,98,0,0,41.70759415,-98.06737183,31011.0,1887.5192604006165,0.0,98,98,0,0,98,97,5239,0,0,0,0,1
2020-10-06,US,Nebraska,Box Butte,116,1,0,42.22079243,-103.08788340000001,31013.0,1075.767411666512,0.8620689655172413,115,115,1,0,114,107,10772,1,0,0,1,8
2020-10-06,US,Nebraska,Boyd,35,0,0,42.899727399999996,-98.76486568,31015.0,1823.8665971860346,0.0,35,33,0,0,33,33,1955,2,0,0,2,0
2020-10-06,US,Nebraska,Brown,52,0,0,42.43018907,-99.92904055,31017.0,1759.7292724196275,0.0,52,50,0,0,50,50,2973,2,0,0,2,0
2020-10-06,US,Nebraska,Buffalo,1230,6,0,40.85486962,-99.07500296,31019.0,2476.8924062103547,0.4878048780487805,1224,1220,6,0,1214,1209,49615,10,0,0,10,11
2020-10-06,US,Nebraska,Burt,88,1,0,41.85056773,-96.32605633,31021.0,1362.4400061929089,1.1363636363636365,87,87,1,0,86,84,6488,1,0,0,1,3
2020-10-06,US,Nebraska,Butler,147,1,0,41.22703692,-97.13106306,31023.0,1833.832335329341,0.6802721088435374,146,147,1,0,146,146,8058,0,0,0,0,1
2020-10-06,US,Nebraska,Cass,374,3,0,40.90899107,-96.13971217,31025.0,1424.8704663212436,0.8021390374331551,371,374,3,0,371,365,26159,0,0,0,0,9
2020-10-06,US,Nebraska,Cedar,105,0,0,42.598885100000004,-97.25311951,31027.0,1249.702451797191,0.0,105,100,0,0,100,98,8446,5,0,0,5,2
2020-10-06,US,Nebraska,Chase,34,0,0,40.523719799999995,-101.69780259999999,31029.0,866.4627930682976,0.0,34,34,0,0,34,33,3977,0,0,0,0,1
2020-10-06,US,Nebraska,Cherry,54,4,0,42.54502621,-101.1244332,31031.0,949.2002109333804,7.407407407407407,50,53,4,0,49,52,5761,1,0,0,1,1
2020-10-06,US,Nebraska,Cheyenne,47,0,0,41.21999357,-102.9941693,31033.0,527.4971941638609,0.0,47,46,0,0,46,45,9310,1,0,0,1,1
2020-10-06,US,Nebraska,Clay,90,0,0,40.52439441,-98.05126296,31035.0,1450.9108495889084,0.0,90,86,0,0,86,83,6214,4,0,0,4,3
2020-10-06,US,Nebraska,Colfax,801,5,0,41.57486951,-97.0868542,31037.0,7479.689980390326,0.6242197253433208,796,800,5,0,795,800,10881,1,0,0,1,0
2020-10-06,US,Nebraska,Cuming,190,1,0,41.91637624,-96.78730772,31039.0,2147.863441103324,0.5263157894736842,189,189,1,0,188,173,8940,1,0,0,1,16
2020-10-06,US,Nebraska,Custer,110,4,0,41.39374521,-99.72805369,31041.0,1020.6922149021063,3.636363636363636,106,104,4,0,100,100,10840,6,0,0,6,4
2020-10-06,US,Nebraska,Dakota,2321,43,0,42.39040144,-96.56656425,31043.0,11589.933086986917,1.852649719948298,2278,2315,43,0,2272,2301,20083,6,0,0,6,14
2020-10-06,US,Nebraska,Dawes,141,0,0,42.71985036,-103.1313774,31045.0,1641.6346489696125,0.0,141,141,0,0,141,136,8716,0,0,0,0,5
2020-10-06,US,Nebraska,Dawson,1109,14,0,40.87028216,-99.82014609999999,31047.0,4700.148336511973,1.2623985572587917,1095,1109,14,0,1095,1108,23709,0,0,0,0,1
2020-10-06,US,Nebraska,Deuel,4,0,0,41.11168186,-102.33333309999999,31049.0,222.9654403567447,0.0,4,4,0,0,4,4,1825,0,0,0,0,0
2020-10-06,US,Nebraska,Dixon,123,2,0,42.49188363,-96.86782408,31051.0,2182.3988644428673,1.6260162601626016,121,119,2,0,117,102,5709,4,0,0,4,17
2020-10-06,US,Nebraska,Dodge,1309,13,0,41.58071748,-96.65598179,31053.0,3579.9261588951176,0.9931245225362872,1296,1296,13,0,1283,1290,36791,13,0,0,13,6
2020-10-06,US,Nebraska,Douglas,17352,197,0,41.29518299,-96.15085305,31055.0,3037.139851608624,1.1353158137390502,17155,17174,195,0,16979,17075,566880,178,2,0,176,99
2020-10-06,US,Nebraska,Dundy,15,1,0,40.17638677,-101.6876522,31057.0,886.0011813349084,6.666666666666668,14,14,1,0,13,14,1770,1,0,0,1,0
2020-10-06,US,Nebraska,Fillmore,58,1,0,40.52458567,-97.59646937,31059.0,1061.8820944708898,1.7241379310344829,57,58,1,0,57,58,5527,0,0,0,0,0
2020-10-06,US,Nebraska,Franklin,47,0,0,40.17636348,-98.95299073,31061.0,1577.71064115475,0.0,47,45,0,0,45,43,3023,2,0,0,2,2
2020-10-06,US,Nebraska,Frontier,12,0,0,40.52993007,-100.3924658,31063.0,456.79482299200623,0.0,12,12,0,0,12,12,2608,0,0,0,0,0
2020-10-06,US,Nebraska,Furnas,50,2,0,40.17642064,-99.91247454,31065.0,1069.28999144568,4.0,48,49,2,0,47,48,4715,1,0,0,1,1
2020-10-06,US,Nebraska,Gage,297,5,0,40.26186809,-96.68946704,31067.0,1380.560591270395,1.6835016835016836,292,297,5,0,292,297,21493,0,0,0,0,0
2020-10-06,US,Nebraska,Garden,13,0,0,41.61703149,-102.3313973,31069.0,707.6755579749591,0.0,13,13,0,0,13,13,1897,0,0,0,0,0
2020-10-06,US,Nebraska,Garfield,11,0,0,41.91428955,-98.99111827,31071.0,558.659217877095,0.0,11,11,0,0,11,11,1987,0,0,0,0,0
2020-10-06,US,Nebraska,Gosper,48,0,0,40.51481965,-99.83020279,31073.0,2412.0603015075376,0.0,48,46,0,0,46,46,1996,2,0,0,2,0
2020-10-06,US,Nebraska,Grant,2,0,0,41.91528587,-101.740701,31075.0,321.0272873194222,0.0,2,2,0,0,2,2,660,0,0,0,0,0
2020-10-06,US,Nebraska,Greeley,35,0,0,41.56742671,-98.52150266,31077.0,1485.568760611205,0.0,35,35,0,0,35,35,2356,0,0,0,0,0
2020-10-06,US,Nebraska,Hall,2096,48,0,40.87257079,-98.50218293,31079.0,3416.2958616530573,2.2900763358778624,2048,2084,48,0,2036,2079,61607,12,0,0,12,5
2020-10-06,US,Nebraska,Hamilton,158,12,0,40.87349452,-98.02099117,31081.0,1694.5516945516947,7.594936708860758,146,157,12,0,145,154,9280,1,0,0,1,3
2020-10-06,US,Nebraska,Harlan,24,0,0,40.17658508,-99.40438879,31083.0,710.0591715976332,0.0,24,24,0,0,24,25,3401,0,0,0,0,-1
2020-10-06,US,Nebraska,Hayes,2,0,0,40.52451972,-101.0603568,31085.0,216.9197396963124,0.0,2,1,0,0,1,1,916,1,0,0,1,0
2020-10-06,US,Nebraska,Hitchcock,11,0,0,40.17609175,-101.04164770000001,31087.0,398.26212889210717,0.0,11,12,0,0,12,10,2806,-1,0,0,-1,2
2020-10-06,US,Nebraska,Holt,128,1,0,42.45522056,-98.78402558,31089.0,1271.481076785537,0.78125,127,123,1,0,122,114,10178,5,0,0,5,9
2020-10-06,US,Nebraska,Hooker,13,1,0,41.91586243,-101.1354293,31091.0,1906.158357771261,7.6923076923076925,12,13,1,0,12,13,682,0,0,0,0,0
2020-10-06,US,Nebraska,Howard,108,5,0,41.2200529,-98.5166499,31093.0,1675.7176105508152,4.62962962962963,103,107,5,0,102,108,6468,1,0,0,1,-1
2020-10-06,US,Nebraska,Jefferson,37,0,0,40.17584531,-97.142601,31095.0,525.1206358217428,0.0,37,36,0,0,36,36,7097,1,0,0,1,0
2020-10-06,US,Nebraska,Johnson,72,0,0,40.39257596,-96.26522753,31097.0,1419.8382961940445,0.0,72,72,0,0,72,72,5134,0,0,0,0,0
2020-10-06,US,Nebraska,Kearney,162,0,0,40.50663314,-98.94877182,31099.0,2494.226327944573,0.0,162,158,0,0,158,157,6544,4,0,0,4,1
2020-10-06,US,Nebraska,Keith,69,0,0,41.19930341,-101.66201640000001,31101.0,858.8498879761015,0.0,69,68,0,0,68,68,8021,1,0,0,1,0
2020-10-06,US,Nebraska,Keya Paha,5,0,0,42.87990694,-99.71343729,31103.0,620.3473945409428,0.0,5,5,0,0,5,5,810,0,0,0,0,0
2020-10-06,US,Nebraska,Kimball,24,0,0,41.19774275,-103.7148131,31105.0,660.7929515418502,0.0,24,21,0,0,21,19,3618,3,0,0,3,2
2020-10-06,US,Nebraska,Knox,201,0,0,42.63758421,-97.89178836,31107.0,2412.385981757081,0.0,201,198,0,0,198,193,8419,3,0,0,3,5
2020-10-06,US,Nebraska,Lancaster,6905,26,0,40.78416049,-96.68777155,31109.0,2163.9662791062083,0.3765387400434468,6879,6862,25,0,6837,6790,317272,43,1,0,42,72
2020-10-06,US,Nebraska,Lincoln,491,4,0,41.04658298,-100.74753740000001,31111.0,1406.3126539497048,0.8146639511201629,487,477,4,0,473,469,35185,14,0,0,14,8
2020-10-06,US,Nebraska,Logan,7,0,0,41.56650314,-100.4817851,31113.0,935.8288770053476,0.0,7,7,0,0,7,7,749,0,0,0,0,0
2020-10-06,US,Nebraska,Loup,3,0,0,41.91371961,-99.45440415,31115.0,451.8072289156627,0.0,3,3,0,0,3,3,618,0,0,0,0,0
2020-10-06,US,Nebraska,Madison,901,7,0,41.91676024,-97.6005481,31119.0,2567.024701558449,0.7769145394006659,894,894,7,0,887,891,35392,7,0,0,7,3
2020-10-06,US,Nebraska,McPherson,8,0,0,41.56797682,-101.05993620000001,31117.0,1619.4331983805664,0.0,8,6,0,0,6,6,492,2,0,0,2,0
2020-10-06,US,Nebraska,Merrick,91,1,0,41.16624273,-98.0374887,31121.0,1173.4364925854288,1.0989010989010992,90,90,1,0,89,89,7733,1,0,0,1,1
2020-10-06,US,Nebraska,Morrill,79,0,0,41.71711774,-103.0061405,31123.0,1701.8526497199482,0.0,79,79,0,0,79,79,4686,0,0,0,0,0
2020-10-06,US,Nebraska,Nance,57,0,0,41.39750195,-97.99327291,31125.0,1619.7783461210572,0.0,57,56,0,0,56,56,3532,1,0,0,1,0
2020-10-06,US,Nebraska,Nemaha,139,0,0,40.38514847,-95.85433992,31127.0,1993.689041881813,0.0,139,139,0,0,139,136,6958,0,0,0,0,3
2020-10-06,US,Nebraska,Nuckolls,18,0,0,40.17637905,-98.04743961,31129.0,433.9440694310511,0.0,18,18,0,0,18,17,4195,0,0,0,0,1
2020-10-06,US,Nebraska,Otoe,196,1,0,40.64843556,-96.13374142,31131.0,1224.0819385460904,0.5102040816326531,195,192,1,0,191,187,15985,4,0,0,4,5
2020-10-06,US,Nebraska,Pawnee,21,0,0,40.13141096,-96.23705437,31133.0,803.6739380022963,0.0,21,21,0,0,21,20,2632,0,0,0,0,1
2020-10-06,US,Nebraska,Perkins,34,10,0,40.85082525,-101.6502942,31135.0,1176.063645797302,29.411764705882355,24,34,10,0,24,34,2929,0,0,0,0,0
2020-10-06,US,Nebraska,Phelps,144,0,0,40.51156033,-99.41461667,31137.0,1593.9783041841931,0.0,144,141,0,0,141,140,8996,3,0,0,3,1
2020-10-06,US,Nebraska,Pierce,115,8,0,42.26434853,-97.60122773,31139.0,1608.841634023503,6.956521739130435,107,115,8,0,107,113,7142,0,0,0,0,2
2020-10-06,US,Nebraska,Platte,1195,4,0,41.57246836,-97.52144359,31141.0,3570.3615177771144,0.3347280334728033,1191,1191,4,0,1187,1183,33363,4,0,0,4,8
2020-10-06,US,Nebraska,Polk,91,1,0,41.18813488,-97.56630712,31143.0,1745.6359102244394,1.0989010989010992,90,88,1,0,87,86,5278,3,0,0,3,2
2020-10-06,US,Nebraska,Red Willow,78,0,0,40.17556879999999,-100.476998,31145.0,727.3405445729205,0.0,78,64,0,0,64,57,10726,14,0,0,14,7
2020-10-06,US,Nebraska,Richardson,62,2,0,40.1247415,-95.71755036,31147.0,788.3026064844247,3.2258064516129035,60,61,1,0,60,61,7937,1,1,0,0,0
2020-10-06,US,Nebraska,Rock,47,1,0,42.42252217,-99.44832069,31149.0,3463.5224760501105,2.127659574468085,46,47,1,0,46,47,1360,0,0,0,0,0
2020-10-06,US,Nebraska,Saline,775,2,0,40.52418865,-97.14085859,31151.0,5448.5376827896525,0.25806451612903225,773,773,2,0,771,768,14350,2,0,0,2,5
2020-10-06,US,Nebraska,Sarpy,4066,27,0,41.11314181,-96.11156432,31153.0,2172.054958439283,0.6640432857845548,4039,4000,27,0,3973,3966,184459,66,0,0,66,34
2020-10-06,US,Nebraska,Saunders,536,4,0,41.227810299999994,-96.63773905,31155.0,2484.011493187506,0.746268656716418,532,530,4,0,526,529,21303,6,0,0,6,1
2020-10-06,US,Nebraska,Scotts Bluff,450,8,0,41.85070896,-103.70809859999999,31157.0,1263.406142961424,1.7777777777777777,442,442,8,0,434,440,35989,8,0,0,8,2
2020-10-06,US,Nebraska,Seward,253,3,0,40.87241834,-97.139673,31159.0,1463.7815320527654,1.1857707509881423,250,251,3,0,248,249,17318,2,0,0,2,2
2020-10-06,US,Nebraska,Sheridan,60,0,0,42.50284406,-102.4126613,31161.0,1143.728555089592,0.0,60,60,0,0,60,56,5190,0,0,0,0,4
2020-10-06,US,Nebraska,Sherman,27,2,0,41.22045983,-98.97588642,31163.0,899.7000999666777,7.407407407407407,25,27,2,0,25,27,3038,0,0,0,0,0
2020-10-06,US,Nebraska,Sioux,7,0,0,42.48932059,-103.7576544,31165.0,600.3430531732419,0.0,7,7,0,0,7,7,1187,0,0,0,0,0
2020-10-06,US,Nebraska,Stanton,46,0,0,41.9169835,-97.19394708,31167.0,777.027027027027,0.0,46,46,0,0,46,46,5970,0,0,0,0,0
2020-10-06,US,Nebraska,Thayer,35,0,0,40.17626377,-97.59504381,31169.0,699.5802518488907,0.0,35,35,0,0,35,34,5039,0,0,0,0,1
2020-10-06,US,Nebraska,Thomas,7,0,0,41.91358968,-100.5556632,31171.0,969.5290858725765,0.0,7,5,0,0,5,5,720,2,0,0,2,0
2020-10-06,US,Nebraska,Thurston,286,4,0,42.15725356,-96.54157099,31173.0,3959.025470653378,1.3986013986013983,282,284,4,0,280,270,7303,2,0,0,2,14
2020-10-06,US,Nebraska,Unassigned,358,1,0,0.0,0.0,90031.0,0.0,0.2793296089385475,357,351,1,0,350,334,,7,0,0,7,17
2020-10-06,US,Nebraska,Valley,48,0,0,41.56730777,-98.98197724,31175.0,1154.4011544011544,0.0,48,47,0,0,47,47,4190,1,0,0,1,0
2020-10-06,US,Nebraska,Washington,320,5,0,41.52815707,-96.22019892,31177.0,1543.7310048724012,1.5625,315,309,5,0,304,306,20667,11,0,0,11,3
2020-10-06,US,Nebraska,Wayne,207,0,0,42.20934475,-97.11926964,31179.0,2205.6473095364945,0.0,207,206,0,0,206,197,9403,1,0,0,1,9
2020-10-06,US,Nebraska,Webster,19,0,0,40.17642643,-98.50019851,31181.0,544.8809865213651,0.0,19,18,0,0,18,18,3533,1,0,0,1,0
2020-10-06,US,Nebraska,Wheeler,2,0,0,41.91482725,-98.52798941,31183.0,255.4278416347382,0.0,2,2,0,0,2,2,805,0,0,0,0,0
2020-10-06,US,Nebraska,York,224,2,0,40.87272618,-97.59710186,31185.0,1637.546604283939,0.8928571428571429,222,213,2,0,211,211,13772,11,0,0,11,2
2020-10-06,US,Nevada,Carson City,569,8,0,39.15509045,-119.7480219,32510.0,1017.5978253093926,1.40597539543058,561,568,8,0,560,567,55414,1,0,0,1,1
2020-10-06,US,Nevada,Churchill,160,3,0,39.58105744,-118.3394607,32001.0,642.3381107230317,1.875,157,154,3,0,151,154,24440,6,0,0,6,0
2020-10-06,US,Nevada,Clark,69498,1414,0,36.21458855,-115.0130241,32003.0,3066.0228568655516,2.0345909234798123,68084,69151,1409,0,67742,68851,2231647,347,5,0,342,300
2020-10-06,US,Nevada,Douglas,325,1,0,38.912862,-119.61713329999999,32005.0,664.5537266128207,0.3076923076923077,324,323,1,0,322,321,48467,2,0,0,2,2
2020-10-06,US,Nevada,Elko,1021,10,0,41.14531606,-115.3577619,32007.0,1934.5181704498086,0.9794319294809012,1011,1007,10,0,997,1005,52460,14,0,0,14,2
2020-10-06,US,Nevada,Eureka,10,0,0,39.98100864,-116.26832040000001,32011.0,492.8536224741252,0.0,10,10,0,0,10,10,2003,0,0,0,0,0
2020-10-06,US,Nevada,Humboldt,131,4,0,41.40692186,-118.11094270000001,32013.0,778.3257085140515,3.053435114503817,127,131,4,0,127,130,16786,0,0,0,0,1
2020-10-06,US,Nevada,Lander,83,1,0,39.933223299999995,-117.03970749999999,32015.0,1500.3615328994938,1.2048192771084338,82,83,1,0,82,77,5575,0,0,0,0,6
2020-10-06,US,Nevada,Lincoln,7,0,0,37.64268459,-114.8790388,32017.0,135.05691684352692,0.0,7,7,0,0,7,7,5201,0,0,0,0,0
2020-10-06,US,Nevada,Lyon,456,7,0,39.01777974,-119.18704790000001,32019.0,792.9055816379761,1.5350877192982455,449,450,7,0,443,448,55808,6,0,0,6,2
2020-10-06,US,Nevada,Mineral,14,0,0,38.53841696,-118.4344506,32021.0,310.7658157602664,0.0,14,14,0,0,14,14,4514,0,0,0,0,0
2020-10-06,US,Nevada,Nye,524,15,0,38.04264256,-116.47227020000001,32023.0,1126.324613631967,2.862595419847328,509,522,15,0,507,522,45346,2,0,0,2,0
2020-10-06,US,Nevada,Pershing,22,0,0,40.44003782,-118.40056409999998,32027.0,327.13754646840147,0.0,22,22,0,0,22,22,6666,0,0,0,0,0
2020-10-06,US,Nevada,Storey,11,0,0,39.44875482,-119.5250207,32029.0,266.79602231384916,0.0,11,11,0,0,11,11,4029,0,0,0,0,0
2020-10-06,US,Nevada,Washoe,10010,165,0,40.66562265,-119.6631594,32031.0,2122.9261175053393,1.6483516483516485,9845,9913,164,0,9749,9890,465735,97,1,0,96,23
2020-10-06,US,Nevada,White Pine,75,1,0,39.44157041,-114.89996599999999,32033.0,782.8810020876826,1.3333333333333333,74,71,1,0,70,71,9475,4,0,0,4,0
2020-10-06,US,New Hampshire,Belknap,161,4,0,43.51637314,-71.41684235,33001.0,262.62988760745804,2.4844720496894412,157,156,4,0,152,156,61022,5,0,0,5,0
2020-10-06,US,New Hampshire,Carroll,127,2,0,43.87498583,-71.20430216,33003.0,259.6606011040687,1.5748031496062993,125,126,2,0,124,126,48779,1,0,0,1,0
2020-10-06,US,New Hampshire,Cheshire,155,3,0,42.92015988,-72.25311043,33005.0,203.71952421633702,1.935483870967742,152,154,3,0,151,154,76493,1,0,0,1,0
2020-10-06,US,New Hampshire,Coos,22,0,0,44.69063265,-71.30633239,33007.0,69.70186610905174,0.0,22,22,0,0,22,22,31589,0,0,0,0,0
2020-10-06,US,New Hampshire,Grafton,156,1,0,43.93779815,-71.82057197,33009.0,173.55316734530402,0.6410256410256411,155,155,1,0,154,155,89786,1,0,0,1,0
2020-10-06,US,New Hampshire,Hillsborough,4681,294,0,42.91537785,-71.7200253,33011.0,1122.4746717822673,6.280709250160223,4387,4642,292,0,4350,4642,415247,39,2,0,37,0
2020-10-06,US,New Hampshire,Merrimack,621,24,0,43.29662971,-71.6811573,33013.0,410.1961146963822,3.864734299516908,597,616,23,0,593,616,151132,5,1,0,4,0
2020-10-06,US,New Hampshire,Rockingham,2142,104,0,42.98499744,-71.12883377,33015.0,691.4830083061896,4.855275443510737,2038,2125,104,0,2021,2125,309176,17,0,0,17,0
2020-10-06,US,New Hampshire,Strafford,598,13,0,43.291833000000004,-71.02336013,33017.0,457.7710073258672,2.1739130434782608,585,587,13,0,574,587,130090,11,0,0,11,0
2020-10-06,US,New Hampshire,Sullivan,62,1,0,43.36094111,-72.22203125,33019.0,143.69814119501228,1.6129032258064515,61,59,1,0,58,59,43144,3,0,0,3,0
2020-10-06,US,New Hampshire,Unassigned,6,0,0,0.0,0.0,90033.0,0.0,0.0,6,3,0,0,3,3,,3,0,0,3,0
2020-10-06,US,New Jersey,Atlantic,4286,257,0,39.47538693,-74.65848483,34001.0,1625.5167444153674,5.996266915538964,4029,4257,256,0,4001,4223,265429,29,1,0,28,34
2020-10-06,US,New Jersey,Bergen,22827,2048,0,40.96010917,-74.07164325,34003.0,2448.718196270765,8.97183160292636,20779,22774,2047,0,20727,22734,936692,53,1,0,52,40
2020-10-06,US,New Jersey,Burlington,7343,502,0,39.87681124,-74.66927768,34005.0,1648.8192406404864,6.836442870761268,6841,7327,502,0,6825,7306,445384,16,0,0,16,21
2020-10-06,US,New Jersey,Camden,10170,612,0,39.80343818,-74.96388753,34007.0,2008.012304751901,6.0176991150442465,9558,10149,612,0,9537,10124,507078,21,0,0,21,25
2020-10-06,US,New Jersey,Cape May,1055,97,0,39.15008829,-74.80170244,34009.0,1146.253218744228,9.19431279620853,958,1046,97,0,949,1047,92560,9,0,0,9,-1
2020-10-06,US,New Jersey,Cumberland,3820,160,0,39.37199394,-75.10712559,34011.0,2554.722558467701,4.18848167539267,3660,3815,160,0,3655,3813,150972,5,0,0,5,2
2020-10-06,US,New Jersey,Essex,21407,2130,0,40.78681335,-74.24657979,34013.0,2679.307863199725,9.950016349792122,19277,21365,2129,0,19236,21330,799767,42,1,0,41,35
2020-10-06,US,New Jersey,Gloucester,4812,230,0,39.71581067,-75.13995546,34015.0,1650.0020573591735,4.779717373233583,4582,4796,230,0,4566,4787,291408,16,0,0,16,9
2020-10-06,US,New Jersey,Hudson,20954,1519,0,40.73766234,-74.07515667,34017.0,3116.341533423261,7.249212560847571,19435,20914,1519,0,19395,20897,676061,40,0,0,40,17
2020-10-06,US,New Jersey,Hunterdon,1400,125,0,40.56335249,-74.91284156,34019.0,1125.6643429738442,8.928571428571429,1275,1398,125,0,1273,1388,124714,2,0,0,2,10
2020-10-06,US,New Jersey,Mercer,8742,636,0,40.28047017,-74.70479631,34021.0,2379.228696622486,7.27522306108442,8106,8732,636,0,8096,8721,369811,10,0,0,10,11
2020-10-06,US,New Jersey,Middlesex,19990,1430,0,40.43629879,-74.41426991,34023.0,2422.848222315413,7.153576788394197,18560,19943,1430,0,18513,19904,829685,47,0,0,47,39
2020-10-06,US,New Jersey,Monmouth,12386,868,0,40.26549699,-74.22240686,34025.0,2001.63220452654,7.007912158889067,11518,12280,868,0,11412,12224,621354,106,0,0,106,56
2020-10-06,US,New Jersey,Morris,8011,831,0,40.86095313,-74.54553709999998,34027.0,1628.765159755614,10.373236799400825,7180,7999,830,0,7169,7986,494228,12,1,0,11,13
2020-10-06,US,New Jersey,Ocean,14489,1052,0,39.8895449,-74.28089251,34029.0,2386.253965012369,7.26068051625371,13437,14363,1050,0,13313,14244,601651,126,2,0,124,119
2020-10-06,US,New Jersey,Passaic,19315,1256,0,41.03238628,-74.29954144,34031.0,3848.9436577618535,6.502718094745017,18059,19269,1256,0,18013,19237,503310,46,0,0,46,32
2020-10-06,US,New Jersey,Salem,1094,88,0,39.58719656,-75.34696629999998,34033.0,1753.6266730784644,8.043875685557587,1006,1090,88,0,1002,1090,62607,4,0,0,4,0
2020-10-06,US,New Jersey,Somerset,5934,578,0,40.56465737,-74.61683016,34035.0,1804.0093149385586,9.740478597910348,5356,5911,577,0,5334,5907,331164,23,1,0,22,4
2020-10-06,US,New Jersey,Sussex,1547,197,0,41.13891592,-74.69118243,34037.0,1101.161665053243,12.73432449903038,1350,1539,197,0,1342,1538,140799,8,0,0,8,1
2020-10-06,US,New Jersey,Unassigned,353,0,0,0.0,0.0,90034.0,0.0,0.0,353,382,0,0,382,374,,-29,0,0,-29,8
2020-10-06,US,New Jersey,Union,17944,1360,0,40.65835409,-74.30680092,34039.0,3225.35998605172,7.5791350869371374,16584,17903,1358,0,16545,17870,558067,41,2,0,39,33
2020-10-06,US,New Jersey,Warren,1463,171,0,40.85951833,-74.99556527,34041.0,1389.7992723265604,11.688311688311687,1292,1461,171,0,1290,1458,105779,2,0,0,2,3
2020-10-06,US,New Mexico,Bernalillo,7065,180,0,35.05163625,-106.6703554,35001.0,1040.3153488111839,2.5477707006369426,6885,6928,180,0,6748,6878,678701,137,0,0,137,50
2020-10-06,US,New Mexico,Catron,9,1,0,33.91514144,-108.4046587,35003.0,255.17436915225403,11.111111111111109,8,9,1,0,8,9,3578,0,0,0,0,0
2020-10-06,US,New Mexico,Chaves,1368,13,0,33.36406072,-104.4665365,35005.0,2117.1554592586867,0.9502923976608189,1355,1356,13,0,1343,1346,64689,12,0,0,12,10
2020-10-06,US,New Mexico,Cibola,446,21,0,34.91131525,-107.998876,35006.0,1671.9775070290536,4.708520179372197,425,446,21,0,425,445,26746,0,0,0,0,1
2020-10-06,US,New Mexico,Colfax,39,1,0,36.60569702,-104.64726740000002,35007.0,326.6058119085504,2.5641025641025643,38,39,1,0,38,39,12110,0,0,0,0,0
2020-10-06,US,New Mexico,Curry,930,7,0,34.57421077,-103.34688759999999,35009.0,1899.7426155166074,0.7526881720430108,923,919,7,0,912,908,49437,11,0,0,11,11
2020-10-06,US,New Mexico,De Baca,1,0,0,34.34274529,-104.4117842,35011.0,57.20823798627003,0.0,1,1,0,0,1,1,1781,0,0,0,0,0
2020-10-06,US,New Mexico,Dona Ana,3713,59,0,32.35275771,-106.83293870000001,35013.0,1701.6888562982654,1.5890115809318608,3654,3678,59,0,3619,3634,217522,35,0,0,35,44
2020-10-06,US,New Mexico,Eddy,934,13,0,32.47167456,-104.3053527,35015.0,1597.6736229900787,1.39186295503212,921,911,13,0,898,911,57900,23,0,0,23,0
2020-10-06,US,New Mexico,Grant,132,2,0,32.73911281,-108.3827845,35017.0,488.9251055633751,1.5151515151515151,130,131,2,0,129,131,27346,1,0,0,1,0
2020-10-06,US,New Mexico,Guadalupe,34,1,0,34.86319296,-104.790669,35019.0,790.6976744186046,2.9411764705882355,33,34,1,0,33,34,4341,0,0,0,0,0
2020-10-06,US,New Mexico,Harding,1,0,0,35.85751555,-103.82209379999999,35021.0,160.0,0.0,1,1,0,0,1,1,655,0,0,0,0,0
2020-10-06,US,New Mexico,Hidalgo,102,2,0,31.91383467,-108.7151824,35023.0,2429.728442115293,1.96078431372549,100,102,2,0,100,102,4240,0,0,0,0,0
2020-10-06,US,New Mexico,Lea,1543,27,0,32.79215361,-103.4123733,35025.0,2171.098916561137,1.7498379779650033,1516,1524,27,0,1497,1523,69611,19,0,0,19,1
2020-10-06,US,New Mexico,Lincoln,226,3,0,33.74526079,-105.4586166,35027.0,1154.7108113631716,1.327433628318584,223,225,3,0,222,223,19556,1,0,0,1,2
2020-10-06,US,New Mexico,Los Alamos,36,0,0,35.86631386,-106.31349850000001,35028.0,185.86400949971605,0.0,36,35,0,0,35,35,19101,1,0,0,1,0
2020-10-06,US,New Mexico,Luna,451,7,0,32.18179341,-107.75088259999998,35029.0,1902.231220211734,1.5521064301552103,444,449,7,0,442,445,23963,2,0,0,2,4
2020-10-06,US,New Mexico,McKinley,4367,257,0,35.58007720000001,-108.262245,35031.0,6119.0746423417,5.885046942981452,4110,4356,257,0,4099,4355,72290,11,0,0,11,1
2020-10-06,US,New Mexico,Mora,7,0,0,36.01095101,-104.9497716,35033.0,154.83300154833,0.0,7,7,0,0,7,7,4506,0,0,0,0,0
2020-10-06,US,New Mexico,Otero,281,13,0,32.61348406,-105.7417604,35035.0,416.3579789598458,4.6263345195729535,268,280,13,0,267,279,66781,1,0,0,1,1
2020-10-06,US,New Mexico,Quay,77,2,0,35.10403332,-103.54817270000001,35037.0,932.9940627650552,2.5974025974025974,75,77,2,0,75,76,8253,0,0,0,0,1
2020-10-06,US,New Mexico,Rio Arriba,404,14,0,36.51072137,-106.69316740000001,35039.0,1038.0000513861412,3.4653465346534653,390,404,14,0,390,404,39006,0,0,0,0,0
2020-10-06,US,New Mexico,Roosevelt,310,4,0,34.02097406,-103.4799493,35041.0,1675.6756756756754,1.2903225806451613,306,306,4,0,302,304,18743,4,0,0,4,2
2020-10-06,US,New Mexico,San Juan,3411,200,0,36.50838318,-108.32043700000001,35045.0,2751.7384920698946,5.8633831720902965,3211,3392,200,0,3192,3388,125043,19,0,0,19,4
2020-10-06,US,New Mexico,San Miguel,105,0,0,35.48014807,-104.8163562,35047.0,384.93969278146426,0.0,105,104,0,0,104,103,27591,1,0,0,1,1
2020-10-06,US,New Mexico,Sandoval,1425,42,0,35.68862401,-106.86878030000001,35043.0,971.052416387276,2.9473684210526314,1383,1419,42,0,1377,1405,145179,6,0,0,6,14
2020-10-06,US,New Mexico,Santa Fe,1093,7,0,35.50708973,-105.9774716,35049.0,726.9317229545485,0.6404391582799634,1086,1083,7,0,1076,1081,150056,10,0,0,10,2
2020-10-06,US,New Mexico,Sierra,50,1,0,33.13028233,-107.1925893,35051.0,463.3490872022982,2.0,49,50,1,0,49,49,10968,0,0,0,0,1
2020-10-06,US,New Mexico,Socorro,118,6,0,34.00715494,-106.9298354,35053.0,709.2624872272645,5.084745762711863,112,117,6,0,111,115,16735,1,0,0,1,2
2020-10-06,US,New Mexico,Taos,148,4,0,36.58006022,-105.63101979999999,35055.0,452.2812700547016,2.702702702702702,144,148,4,0,144,148,32835,0,0,0,0,0
2020-10-06,US,New Mexico,Torrance,83,1,0,34.64048375,-105.8508949,35057.0,536.8346161309099,1.2048192771084338,82,80,1,0,79,80,15591,3,0,0,3,0
2020-10-06,US,New Mexico,Unassigned,1387,0,0,0.0,0.0,90035.0,0.0,0.0,1387,1384,0,0,1384,1383,,3,0,0,3,1
2020-10-06,US,New Mexico,Union,31,2,0,36.48126404,-103.4709624,35059.0,763.7349100763735,6.451612903225807,29,31,2,0,29,31,4118,0,0,0,0,0
2020-10-06,US,New Mexico,Valencia,620,4,0,34.71669834,-106.8103733,35061.0,808.4706864176926,0.6451612903225806,616,606,4,0,602,604,76456,14,0,0,14,2
2020-10-06,US,New York,Albany,3218,135,0,42.60060306,-73.97723916,36001.0,1053.3344680628204,4.195152268489745,3083,3201,135,0,3066,3190,307117,17,0,0,17,11
2020-10-06,US,New York,Allegany,128,1,0,42.25748406,-78.02750466,36003.0,277.71148380377946,0.78125,127,125,1,0,124,124,46430,3,0,0,3,1
2020-10-06,US,New York,Bronx,53501,4959,0,40.85209301,-73.86282755,36005.0,3772.4394252743077,9.268985626436887,48542,53417,4959,0,48458,53353,1432132,84,0,0,84,64
2020-10-06,US,New York,Broome,2026,82,0,42.15903158,-75.81326086,36007.0,1063.584057788417,4.047384007897334,1944,1974,82,0,1892,1947,191659,52,0,0,52,27
2020-10-06,US,New York,Cattaraugus,311,6,0,42.24778241,-78.67923096,36009.0,408.58152580895205,1.929260450160772,305,307,6,0,301,303,76840,4,0,0,4,4
2020-10-06,US,New York,Cayuga,232,2,0,42.91261714,-76.55731592,36011.0,302.9669870455495,0.8620689655172413,230,231,2,0,229,231,77145,1,0,0,1,0
2020-10-06,US,New York,Chautauqua,636,9,0,42.22769210000001,-79.36691763,36013.0,501.1701851020072,1.4150943396226414,627,632,9,0,623,629,127939,4,0,0,4,3
2020-10-06,US,New York,Chemung,785,3,0,42.13891056,-76.7638805,36015.0,940.6154141104297,0.3821656050955414,782,747,3,0,744,721,84254,38,0,0,38,26
2020-10-06,US,New York,Chenango,263,7,0,42.49430041,-75.60887553,36017.0,557.1207659880951,2.661596958174905,256,262,7,0,255,261,47536,1,0,0,1,1
2020-10-06,US,New York,Clinton,173,5,0,44.74530905,-73.67875352,36019.0,214.9468845126421,2.8901734104046244,168,170,5,0,165,166,80695,3,0,0,3,4
2020-10-06,US,New York,Columbia,609,37,0,42.24819348,-73.63089095,36021.0,1024.2007366172786,6.075533661740558,572,608,37,0,571,608,59916,1,0,0,1,0
2020-10-06,US,New York,Cortland,237,0,0,42.59509207,-76.07048931,36023.0,498.0979802862487,0.0,237,223,0,0,223,223,47823,14,0,0,14,0
2020-10-06,US,New York,Delaware,143,7,0,42.19837623,-74.96709306,36025.0,324.0058910162003,4.895104895104895,136,141,7,0,134,141,44527,2,0,0,2,0
2020-10-06,US,New York,Dutchess,5205,157,0,41.76486060000001,-73.74356679,36027.0,1769.0963843136722,3.0163304514889533,5048,5187,157,0,5030,5179,293718,18,0,0,18,8
2020-10-06,US,New York,Erie,11864,694,0,42.76249024,-78.73063652,36029.0,1291.3871962834519,5.849629130141605,11170,11798,694,0,11104,11767,919719,66,0,0,66,31
2020-10-06,US,New York,Essex,172,0,0,44.11630765,-73.77297842,36031.0,466.3142198725769,0.0,172,171,0,0,171,170,37300,1,0,0,1,1
2020-10-06,US,New York,Franklin,70,0,0,44.59040891,-74.29926032,36033.0,139.93842709207948,0.0,70,70,0,0,70,70,50293,0,0,0,0,0
2020-10-06,US,New York,Fulton,350,24,0,43.11363907,-74.41798804,36035.0,655.6394357754341,6.857142857142858,326,348,24,0,324,347,53591,2,0,0,2,1
2020-10-06,US,New York,Genesee,351,5,0,43.0022601,-78.19135193,36037.0,612.7793296089385,1.4245014245014245,346,346,5,0,341,344,57511,5,0,0,5,2
2020-10-06,US,New York,Greene,353,18,0,42.275797,-74.12384884,36039.0,748.0715436127829,5.09915014164306,335,348,18,0,330,347,47491,5,0,0,5,1
2020-10-06,US,New York,Hamilton,15,0,0,43.66146647,-74.49721957,36041.0,339.67391304347825,0.0,15,15,0,0,15,15,4434,0,0,0,0,0
2020-10-06,US,New York,Herkimer,349,10,0,43.42034246,-74.96145307,36043.0,569.1547481204848,2.8653295128939833,339,348,10,0,338,346,61833,1,0,0,1,2
2020-10-06,US,New York,Jefferson,176,0,0,44.04200959,-75.94653457,36045.0,160.2418194730229,0.0,176,176,0,0,176,176,111755,0,0,0,0,0
2020-10-06,US,New York,Kings,70354,7342,0,40.636182500000004,-73.94935552,36047.0,2748.307260079777,10.435796116780852,63012,70131,7340,0,62791,69933,2582830,223,2,0,221,198
2020-10-06,US,New York,Lewis,53,0,0,43.784415700000004,-75.44903992,36049.0,201.5515667782172,0.0,53,53,0,0,53,51,26447,0,0,0,0,2
2020-10-06,US,New York,Livingston,212,8,0,42.72596275,-77.77966158,36051.0,336.9679244683218,3.7735849056603774,204,211,8,0,203,211,63227,1,0,0,1,0
2020-10-06,US,New York,Madison,505,17,0,42.91653905,-75.67266639,36053.0,711.8591505617343,3.366336633663366,488,503,17,0,486,503,70795,2,0,0,2,0
2020-10-06,US,New York,Monroe,6248,299,0,43.14638895,-77.69322942,36055.0,842.3096107957992,4.785531370038412,5949,6220,299,0,5921,6206,742474,28,0,0,28,14
2020-10-06,US,New York,Montgomery,241,4,0,42.90123494,-74.44011632,36057.0,489.62841063773595,1.6597510373443984,237,238,4,0,234,238,49455,3,0,0,3,0
2020-10-06,US,New York,Nassau,47392,2201,0,40.74066522,-73.58941873,36059.0,3492.605333828571,4.6442437542201205,45191,47302,2201,0,45101,47246,1358343,90,0,0,90,56
2020-10-06,US,New York,New York,34005,3183,0,40.76727260000001,-73.97152637,36061.0,2087.853793133936,9.360388178209087,30822,33935,3183,0,30752,33863,,70,0,0,70,72
2020-10-06,US,New York,Niagara,1840,101,0,43.19898042,-78.74777412,36063.0,879.2006918927184,5.489130434782608,1739,1834,101,0,1733,1828,210433,6,0,0,6,6
2020-10-06,US,New York,Oneida,2483,125,0,43.24375382,-75.43710392,36065.0,1085.8394811760127,5.034232782923882,2358,2480,125,0,2355,2478,229577,3,0,0,3,2
2020-10-06,US,New York,Onondaga,4593,207,0,43.00491923,-76.19971155,36067.0,997.3334954660736,4.506858262573481,4386,4556,207,0,4349,4537,461809,37,0,0,37,19
2020-10-06,US,New York,Ontario,500,35,0,42.85145728,-77.30874425,36069.0,455.46881405030194,7.0,465,491,35,0,456,489,109864,9,0,0,9,2
2020-10-06,US,New York,Orange,12493,499,0,41.40337468,-74.30240757,36071.0,3245.4408479243516,3.994236772592652,11994,12438,499,0,11939,12394,381951,55,0,0,55,44
2020-10-06,US,New York,Orleans,338,54,0,43.2516977,-78.2320066,36073.0,837.6288659793814,15.976331360946743,284,337,54,0,283,337,40612,1,0,0,1,0
2020-10-06,US,New York,Oswego,529,3,0,43.42778894,-76.14635194,36075.0,451.65807178716574,0.5671077504725898,526,523,3,0,520,521,117898,6,0,0,6,2
2020-10-06,US,New York,Otsego,353,5,0,42.63492579,-75.03151402,36077.0,593.3471164674836,1.4164305949008498,348,347,5,0,342,346,59749,6,0,0,6,1
2020-10-06,US,New York,Putnam,1656,63,0,41.42630093,-73.74965532,36079.0,1684.2961757526443,3.804347826086957,1593,1652,63,0,1589,1650,98892,4,0,0,4,2
2020-10-06,US,New York,Queens,73383,7267,0,40.71088124,-73.81684712,36081.0,3255.8839110538465,9.902838532085088,66116,73245,7266,0,65979,73131,2278906,138,1,0,137,114
2020-10-06,US,New York,Rensselaer,952,42,0,42.71348136,-73.51089874,36083.0,599.8210617840897,4.411764705882354,910,945,42,0,903,944,159442,7,0,0,7,1
2020-10-06,US,New York,Richmond,16209,1088,0,40.58582155,-74.14808598,36085.0,3404.229401671347,6.712320315873897,15121,16157,1086,0,15071,16137,476179,52,2,0,50,20
2020-10-06,US,New York,Rockland,16190,677,0,41.15027894,-74.02560498,36087.0,4969.474107474471,4.181593576281656,15513,16071,677,0,15394,16016,325695,119,0,0,119,55
2020-10-06,US,New York,Saratoga,1103,17,0,43.10904162,-73.86653895,36091.0,479.85104170745177,1.5412511332728922,1086,1100,17,0,1083,1095,230163,3,0,0,3,5
2020-10-06,US,New York,Schenectady,1430,48,0,42.81668777,-74.05278291,36093.0,920.80438380157,3.3566433566433567,1382,1429,48,0,1381,1429,155350,1,0,0,1,0
2020-10-06,US,New York,Schoharie,87,0,0,42.58831742,-74.44339029999998,36095.0,280.6542146520856,0.0,87,87,0,0,87,86,31097,0,0,0,0,1
2020-10-06,US,New York,Schuyler,58,0,0,42.39184015,-76.8773299,36097.0,325.714606615376,0.0,58,57,0,0,57,51,17912,1,0,0,1,6
2020-10-06,US,New York,Seneca,112,3,0,42.78081007,-76.82497064,36099.0,329.2568203198495,2.6785714285714284,109,111,3,0,108,110,34300,1,0,0,1,1
2020-10-06,US,New York,St. Lawrence,337,4,0,44.4976179,-75.06550039,36089.0,312.7900501206608,1.1869436201780414,333,336,4,0,332,335,108047,1,0,0,1,1
2020-10-06,US,New York,Steuben,570,42,0,42.2689144,-77.3829924,36101.0,597.6158273833862,7.36842105263158,528,540,42,0,498,534,95796,30,0,0,30,6
2020-10-06,US,New York,Suffolk,46980,2011,0,40.88320119,-72.8012172,36103.0,3181.6313276233727,4.2805449127288195,44969,46891,2011,0,44880,46842,1481093,89,0,0,89,49
2020-10-06,US,New York,Sullivan,1623,48,0,41.71579493,-74.76394559,36105.0,2151.606745147948,2.957486136783734,1575,1616,48,0,1568,1615,75498,7,0,0,7,1
2020-10-06,US,New York,Tioga,284,25,0,42.16852837,-76.30835812,36107.0,589.1749476173683,8.80281690140845,259,278,25,0,253,274,48560,6,0,0,6,4
2020-10-06,US,New York,Tompkins,455,0,0,42.44945765,-76.47229843,36109.0,445.29262086514007,0.0,455,451,0,0,451,445,102793,4,0,0,4,6
2020-10-06,US,New York,Ulster,2329,95,0,41.89027881,-74.26252104,36111.0,1311.5732684586058,4.079003864319452,2234,2324,95,0,2229,2315,178599,5,0,0,5,9
2020-10-06,US,New York,Unassigned,0,27,0,0.0,0.0,90036.0,0.0,0.0,-27,0,27,0,-27,0,,0,0,0,0,0
2020-10-06,US,New York,Warren,419,33,0,43.56173026,-73.8433699,36113.0,655.2608532465907,7.8758949880668245,386,416,33,0,383,413,64265,3,0,0,3,3
2020-10-06,US,New York,Washington,310,14,0,43.31153794,-73.43043448,36115.0,506.5028429514411,4.516129032258065,296,307,14,0,293,307,61197,3,0,0,3,0
2020-10-06,US,New York,Wayne,337,5,0,43.15494365,-77.02976528,36117.0,374.7859160568518,1.483679525222552,332,335,5,0,330,332,90064,2,0,0,2,3
2020-10-06,US,New York,Westchester,38567,1454,0,41.16278376,-73.75741653,36119.0,3986.228509177204,3.7700624886561047,37113,38515,1454,0,37061,38475,967612,52,0,0,52,40
2020-10-06,US,New York,Wyoming,144,5,0,42.70145109,-78.22199579,36121.0,361.2734890488974,3.4722222222222223,139,142,5,0,137,141,40085,2,0,0,2,1
2020-10-06,US,New York,Yates,67,7,0,42.63505484,-77.10369919,36123.0,268.9358969212861,10.447761194029852,60,66,7,0,59,66,24841,1,0,0,1,0
2020-10-06,US,North Carolina,Alamance,4172,59,0,36.0434701,-79.39976137,37001.0,2461.2262475738753,1.4141898370086292,4113,4155,57,0,4098,4121,166436,17,2,0,15,34
2020-10-06,US,North Carolina,Alexander,559,8,0,35.922379600000006,-81.17751948,37003.0,1490.7859295410299,1.4311270125223614,551,557,8,0,549,555,37353,2,0,0,2,2
2020-10-06,US,North Carolina,Alleghany,244,0,0,36.49360862,-81.12857041,37005.0,2190.895214151028,0.0,244,246,0,0,246,239,11161,-2,0,0,-2,7
2020-10-06,US,North Carolina,Anson,653,6,0,34.97403241,-80.09953279,37007.0,2671.193651313098,0.9188361408882084,647,647,6,0,641,644,24877,6,0,0,6,3
2020-10-06,US,North Carolina,Ashe,294,1,0,36.43296207,-81.49862729,37009.0,1080.763151123038,0.3401360544217687,293,294,1,0,293,289,27109,0,0,0,0,5
2020-10-06,US,North Carolina,Avery,431,0,0,36.07569796,-81.92308483,37011.0,2454.861308879649,0.0,431,420,0,0,420,372,17505,11,0,0,11,48
2020-10-06,US,North Carolina,Beaufort,1031,27,0,35.48531943,-76.84325809,37013.0,2193.8970932459465,2.6188166828322017,1004,1020,27,0,993,1010,47079,11,0,0,11,10
2020-10-06,US,North Carolina,Bertie,625,11,0,36.0688473,-76.96545943,37015.0,3298.6752520187893,1.76,614,627,11,0,616,624,19026,-2,0,0,-2,3
2020-10-06,US,North Carolina,Bladen,950,17,0,34.61296243,-78.56180059,37017.0,2903.2455228897998,1.7894736842105263,933,944,17,0,927,939,33190,6,0,0,6,5
2020-10-06,US,North Carolina,Brunswick,1756,27,0,34.070565,-78.22814204,37019.0,1229.5196751155302,1.5375854214123006,1729,1741,27,0,1714,1713,136744,15,0,0,15,28
2020-10-06,US,North Carolina,Buncombe,3381,88,0,35.61113393,-82.53305,37021.0,1294.4550156781818,2.6027802425317947,3293,3355,88,0,3267,3331,259103,26,0,0,26,24
2020-10-06,US,North Carolina,Burke,2253,43,0,35.74989637,-81.70755735,37023.0,2489.915455600376,1.9085663559698183,2210,2242,42,0,2200,2220,90382,11,1,0,10,22
2020-10-06,US,North Carolina,Cabarrus,4232,78,0,35.3877799,-80.55267168,37025.0,1955.1588566571038,1.8431001890359169,4154,4216,76,0,4140,4187,211342,16,2,0,14,29
2020-10-06,US,North Carolina,Caldwell,1838,18,0,35.95204977,-81.54799522,37027.0,2236.608337998004,0.9793253536452666,1820,1818,18,0,1800,1771,82029,20,0,0,20,47
2020-10-06,US,North Carolina,Camden,124,3,0,36.33804939,-76.15568396,37029.0,1141.0692923529953,2.419354838709677,121,121,3,0,118,119,10710,3,0,0,3,2
2020-10-06,US,North Carolina,Carteret,803,5,0,34.8932941,-76.54120135,37031.0,1155.8447166525125,0.6226650062266501,798,794,5,0,789,770,69524,9,0,0,9,24
2020-10-06,US,North Carolina,Caswell,467,5,0,36.39312665,-79.33353281,37033.0,2066.006016634224,1.0706638115631693,462,466,5,0,461,436,22698,1,0,0,1,30
2020-10-06,US,North Carolina,Catawba,3433,55,0,35.66211129,-81.2132617,37035.0,2151.6631045872477,1.6020972909991262,3378,3399,53,0,3346,3339,158652,34,2,0,32,60
2020-10-06,US,North Carolina,Chatham,1749,59,0,35.70394416,-79.25541492,37037.0,2348.5967503692764,3.373356203544883,1690,1735,59,0,1676,1729,73139,14,0,0,14,6
2020-10-06,US,North Carolina,Cherokee,679,12,0,35.1349263,-84.05970864,37039.0,2373.130155179645,1.7673048600883652,667,677,12,0,665,673,28383,2,0,0,2,4
2020-10-06,US,North Carolina,Chowan,400,4,0,36.12908077,-76.60118385,37041.0,2868.823065337445,1.0,396,396,4,0,392,396,14029,4,0,0,4,0
2020-10-06,US,North Carolina,Clay,134,2,0,35.05704275,-83.74353633,37043.0,1193.1261686403705,1.492537313432836,132,133,2,0,131,130,11139,1,0,0,1,3
2020-10-06,US,North Carolina,Cleveland,2467,72,0,35.33553364,-81.55204486,37045.0,2518.7090977773696,2.918524523713012,2395,2446,68,0,2378,2415,97645,21,4,0,17,31
2020-10-06,US,North Carolina,Columbus,1443,57,0,34.26744084,-78.65801424,37047.0,2599.6252792390287,3.95010395010395,1386,1429,57,0,1372,1422,55655,14,0,0,14,7
2020-10-06,US,North Carolina,Craven,1852,44,0,35.11833364,-77.08398081,37049.0,1813.2153242150405,2.3758099352051842,1808,1819,40,0,1779,1800,102912,33,4,0,29,19
2020-10-06,US,North Carolina,Cumberland,5897,80,0,35.04762133,-78.82623165,37051.0,1757.6279622901322,1.3566220111921317,5817,5839,80,0,5759,5804,332330,58,0,0,58,35
2020-10-06,US,North Carolina,Currituck,196,3,0,36.36123664,-75.95876401,37053.0,705.9755790080322,1.5306122448979589,193,194,3,0,191,191,27072,2,0,0,2,3
2020-10-06,US,North Carolina,Dare,293,3,0,35.66520691,-75.71767334,37055.0,791.6993163825017,1.023890784982935,290,289,3,0,286,287,36501,4,0,0,4,2
2020-10-06,US,North Carolina,Davidson,3015,38,0,35.79115496,-80.21256572,37057.0,1798.829418467982,1.2603648424543947,2977,2998,38,0,2960,2970,166614,17,0,0,17,28
2020-10-06,US,North Carolina,Davie,609,6,0,35.93099927,-80.54496571,37059.0,1421.369556084582,0.9852216748768472,603,608,6,0,602,599,42733,1,0,0,1,9
2020-10-06,US,North Carolina,Duplin,2507,54,0,34.93449805,-77.93140529,37061.0,4267.887846648849,2.1539688871160747,2453,2492,54,0,2438,2465,58856,15,0,0,15,27
2020-10-06,US,North Carolina,Durham,8019,97,0,36.03638492,-78.87608331,37063.0,2494.338824466232,1.2096271355530614,7922,7985,97,0,7888,7932,316739,34,0,0,34,53
2020-10-06,US,North Carolina,Edgecombe,1497,52,0,35.91230639,-77.59436892,37065.0,2908.377370220703,3.4736138944555783,1445,1487,51,0,1436,1465,52005,10,1,0,9,22
2020-10-06,US,North Carolina,Forsyth,7382,104,0,36.12859861,-80.25459052,37067.0,1930.9695392301755,1.4088322947710648,7278,7363,104,0,7259,7308,379099,19,0,0,19,55
2020-10-06,US,North Carolina,Franklin,1282,31,0,36.081519,-78.28708884,37069.0,1839.7072540718952,2.4180967238689552,1251,1270,31,0,1239,1264,67560,12,0,0,12,6
2020-10-06,US,North Carolina,Gaston,5660,89,0,35.29373559,-81.17477045,37071.0,2520.832498251896,1.5724381625441697,5571,5588,89,0,5499,5524,222846,72,0,0,72,64
2020-10-06,US,North Carolina,Gates,147,3,0,36.44667547,-76.69749701,37073.0,1271.4063310845875,2.0408163265306123,144,146,3,0,143,147,11573,1,0,0,1,-1
2020-10-06,US,North Carolina,Graham,199,5,0,35.3506925,-83.83369267,37075.0,2357.5405757611657,2.512562814070352,194,188,5,0,183,181,8484,11,0,0,11,7
2020-10-06,US,North Carolina,Granville,1792,50,0,36.30337451,-78.65184241,37077.0,2964.7767317969,2.790178571428572,1742,1791,50,0,1741,1782,60115,1,0,0,1,9
2020-10-06,US,North Carolina,Greene,705,5,0,35.48544173,-77.67578087,37079.0,3346.148369642603,0.7092198581560284,700,702,5,0,697,669,21012,3,0,0,3,33
2020-10-06,US,North Carolina,Guilford,9234,188,0,36.07959451,-79.78824948,37081.0,1718.9960794826254,2.0359540827377085,9046,9153,187,0,8966,9050,533670,81,1,0,80,103
2020-10-06,US,North Carolina,Halifax,1102,22,0,36.25669272,-77.6556109,37083.0,2203.5592881423713,1.996370235934664,1080,1095,21,0,1074,1087,50574,7,1,0,6,8
2020-10-06,US,North Carolina,Harnett,2421,56,0,35.36731853,-78.87243571,37085.0,1780.4612578690355,2.313093762907889,2365,2401,54,0,2347,2380,134214,20,2,0,18,21
2020-10-06,US,North Carolina,Haywood,636,31,0,35.55269063,-82.98196486,37087.0,1020.588282491134,4.8742138364779874,605,635,31,0,604,632,61971,1,0,0,1,3
2020-10-06,US,North Carolina,Henderson,2130,64,0,35.33788927,-82.4766782,37089.0,1814.047369631314,3.004694835680751,2066,2112,64,0,2048,2098,116748,18,0,0,18,14
2020-10-06,US,North Carolina,Hertford,806,33,0,36.3607755,-76.98104134,37091.0,3404.1474849009587,4.094292803970223,773,801,31,0,770,794,23659,5,2,0,3,7
2020-10-06,US,North Carolina,Hoke,1314,18,0,35.01888303,-79.23651674,37093.0,2378.9694753231706,1.3698630136986298,1296,1305,18,0,1287,1288,54764,9,0,0,9,17
2020-10-06,US,North Carolina,Hyde,145,5,0,35.42017674,-76.15180542,37095.0,2937.0062791168725,3.4482758620689653,140,145,5,0,140,130,5230,0,0,0,0,15
2020-10-06,US,North Carolina,Iredell,3228,33,0,35.80950511,-80.8743128,37097.0,1775.518959770305,1.0223048327137547,3195,3208,33,0,3175,3192,178435,20,0,0,20,16
2020-10-06,US,North Carolina,Jackson,711,7,0,35.28814273,-83.14093385,37099.0,1618.189266693978,0.9845288326300984,704,706,7,0,699,686,43327,5,0,0,5,20
2020-10-06,US,North Carolina,Johnston,4770,57,0,35.51745004,-78.36622717,37101.0,2278.60073851504,1.1949685534591197,4713,4726,57,0,4669,4689,202675,44,0,0,44,37
2020-10-06,US,North Carolina,Jones,160,14,0,35.02254606,-77.35870791,37103.0,1698.694128888417,8.75,146,162,14,0,148,161,9637,-2,0,0,-2,1
2020-10-06,US,North Carolina,Lee,1764,15,0,35.47623147,-79.17569362,37105.0,2855.3391929296363,0.8503401360544217,1749,1736,15,0,1721,1719,61452,28,0,0,28,17
2020-10-06,US,North Carolina,Lenoir,1069,33,0,35.24032589999999,-77.64245615,37107.0,1910.6686446585284,3.086997193638915,1036,1065,33,0,1032,1054,55976,4,0,0,4,11
2020-10-06,US,North Carolina,Lincoln,1828,15,0,35.48508185,-81.21740317,37109.0,2122.8414488276762,0.8205689277899344,1813,1811,15,0,1796,1771,83770,17,0,0,17,40
2020-10-06,US,North Carolina,Macon,658,2,0,35.14867843,-83.41696617,37113.0,1835.0158960343576,0.30395136778115506,656,658,2,0,656,645,35285,0,0,0,0,13
2020-10-06,US,North Carolina,Madison,120,1,0,35.85402722,-82.71346418,37115.0,551.5973339462191,0.8333333333333334,119,118,1,0,117,116,21763,2,0,0,2,2
2020-10-06,US,North Carolina,Martin,513,12,0,35.84326734,-77.10860251,37117.0,2286.096256684492,2.3391812865497075,501,512,12,0,500,506,22671,1,0,0,1,6
2020-10-06,US,North Carolina,McDowell,1085,27,0,35.67736232,-82.0482425,37111.0,2371.2737127371274,2.488479262672811,1058,1080,27,0,1053,1061,45507,5,0,0,5,19
2020-10-06,US,North Carolina,Mecklenburg,29701,363,0,35.24469268,-80.8317671,37119.0,2674.907867386676,1.2221810713443992,29338,29593,362,0,29231,29454,1093901,108,1,0,107,139
2020-10-06,US,North Carolina,Mitchell,172,3,0,36.01059309,-82.1582442,37121.0,1149.425287356322,1.7441860465116281,169,173,3,0,170,168,15000,-1,0,0,-1,5
2020-10-06,US,North Carolina,Montgomery,1070,35,0,35.33155144,-79.90416657,37123.0,3937.7323078055424,3.2710280373831777,1035,1070,34,0,1036,1067,27271,0,1,0,-1,3
2020-10-06,US,North Carolina,Moore,1857,33,0,35.30885257,-79.48474178,37125.0,1840.8009516256934,1.777059773828756,1824,1842,33,0,1809,1804,98682,15,0,0,15,38
2020-10-06,US,North Carolina,Nash,2638,45,0,35.96575634,-77.98422508,37127.0,2797.514263292965,1.7058377558756634,2593,2608,44,0,2564,2541,94016,30,1,0,29,67
2020-10-06,US,North Carolina,New Hanover,4516,33,0,34.25758282,-77.87075626,37129.0,1926.0213329466503,0.7307351638618246,4483,4481,33,0,4448,4458,232274,35,0,0,35,23
2020-10-06,US,North Carolina,Northampton,485,17,0,36.41736238,-77.39769443,37131.0,2489.3496894728737,3.5051546391752577,468,486,17,0,469,478,19676,-1,0,0,-1,8
2020-10-06,US,North Carolina,Onslow,2402,26,0,34.72607366,-77.42908179,37133.0,1213.5113015186573,1.0824313072439633,2376,2378,26,0,2352,2359,197683,24,0,0,24,19
2020-10-06,US,North Carolina,Orange,2765,57,0,36.06092947,-79.12167935,37135.0,1862.2538322691885,2.061482820976492,2708,2760,57,0,2703,2740,146027,5,0,0,5,20
2020-10-06,US,North Carolina,Pamlico,277,2,0,35.15253315,-76.66559823,37137.0,2176.6462360521773,0.7220216606498195,275,273,2,0,271,271,12670,4,0,0,4,2
2020-10-06,US,North Carolina,Pasquotank,753,33,0,36.26723798,-76.25134778,37139.0,1890.8196062675765,4.382470119521912,720,746,33,0,713,731,39639,7,0,0,7,15
2020-10-06,US,North Carolina,Pender,1067,8,0,34.52265624,-77.90352133,37141.0,1692.039327624485,0.7497656982193065,1059,1047,7,0,1040,1029,62162,20,1,0,19,18
2020-10-06,US,North Carolina,Perquimans,198,3,0,36.17847453,-76.40603143,37143.0,1470.69746713214,1.5151515151515151,195,196,3,0,193,196,13422,2,0,0,2,0
2020-10-06,US,North Carolina,Person,470,8,0,36.38989032,-78.97217358,37145.0,1190.1747277791846,1.702127659574468,462,466,8,0,458,456,39507,4,0,0,4,10
2020-10-06,US,North Carolina,Pitt,5174,33,0,35.59535426,-77.37353178,37147.0,2862.643989775481,0.6378044066486278,5141,5133,33,0,5100,5096,179914,41,0,0,41,37
2020-10-06,US,North Carolina,Polk,336,11,0,35.27820615,-82.16812354,37149.0,1621.3086276780546,3.273809523809524,325,335,11,0,324,333,20611,1,0,0,1,2
2020-10-06,US,North Carolina,Randolph,3031,54,0,35.71015088,-79.80570339,37151.0,2109.739884594236,1.7815902342461234,2977,3011,54,0,2957,2983,143351,20,0,0,20,28
2020-10-06,US,North Carolina,Richmond,1098,20,0,35.00417719,-79.74491009,37153.0,2449.307367998394,1.8214936247723128,1078,1086,20,0,1066,1080,44887,12,0,0,12,6
2020-10-06,US,North Carolina,Robeson,4905,84,0,34.64244496,-79.10250529999998,37155.0,3755.0239234449764,1.7125382262996942,4821,4856,83,0,4773,4790,131831,49,1,0,48,66
2020-10-06,US,North Carolina,Rockingham,1434,15,0,36.39593137,-79.77504841,37157.0,1575.6510273596314,1.0460251046025104,1419,1429,14,0,1415,1393,90690,5,1,0,4,36
2020-10-06,US,North Carolina,Rowan,3622,104,0,35.64003916,-80.52446628,37159.0,2549.124486233883,2.8713418001104363,3518,3602,103,0,3499,3563,141262,20,1,0,19,39
2020-10-06,US,North Carolina,Rutherford,1357,34,0,35.40114178,-81.92112099,37161.0,2024.4968595682467,2.5055268975681653,1323,1353,33,0,1320,1328,66826,4,1,0,3,25
2020-10-06,US,North Carolina,Sampson,2338,28,0,34.98820368,-78.36914061,37163.0,3680.0931828556136,1.1976047904191616,2310,2331,28,0,2303,2321,63626,7,0,0,7,10
2020-10-06,US,North Carolina,Scotland,1331,17,0,34.8386299,-79.4757978,37165.0,3822.186485943199,1.2772351615326822,1314,1316,17,0,1299,1297,34810,15,0,0,15,19
2020-10-06,US,North Carolina,Stanly,2128,56,0,35.31647813,-80.25093221,37167.0,3388.2113173900584,2.631578947368421,2072,2117,56,0,2061,2085,62075,11,0,0,11,32
2020-10-06,US,North Carolina,Stokes,499,4,0,36.4017975,-80.23893369,37169.0,1094.5142681669627,0.8016032064128257,495,490,4,0,486,481,45467,9,0,0,9,9
2020-10-06,US,North Carolina,Surry,1424,23,0,36.41689489,-80.69102283,37171.0,1983.7565997520308,1.6151685393258426,1401,1411,23,0,1388,1401,71948,13,0,0,13,10
2020-10-06,US,North Carolina,Swain,166,3,0,35.48665845,-83.48748932,37173.0,1163.198094036858,1.8072289156626504,163,163,3,0,160,159,14245,3,0,0,3,4
2020-10-06,US,North Carolina,Transylvania,344,9,0,35.20383864,-82.79638423,37175.0,1000.4362367311328,2.6162790697674416,335,341,9,0,332,336,34215,3,0,0,3,5
2020-10-06,US,North Carolina,Tyrrell,116,3,0,35.87147226,-76.17055253,37177.0,2888.4462151394428,2.586206896551724,113,116,3,0,113,115,4131,0,0,0,0,1
2020-10-06,US,North Carolina,Union,5141,59,0,34.98960527,-80.52955873,37179.0,2143.342547079743,1.1476366465668155,5082,5105,59,0,5046,5061,235908,36,0,0,36,44
2020-10-06,US,North Carolina,Vance,1091,45,0,36.36880673,-78.40670845,37181.0,2449.758616818233,4.124656278643447,1046,1089,44,0,1045,1083,44582,2,1,0,1,6
2020-10-06,US,North Carolina,Wake,18463,257,0,35.78879266,-78.65249174,37183.0,1660.6986573553131,1.3919731354601097,18206,18345,257,0,18088,18155,1092305,118,0,0,118,190
2020-10-06,US,North Carolina,Warren,365,7,0,36.39728256,-78.10652228,37185.0,1849.8808980791648,1.9178082191780816,358,363,7,0,356,363,19807,2,0,0,2,0
2020-10-06,US,North Carolina,Washington,220,8,0,35.83810081,-76.57299037,37187.0,1899.827288428325,3.636363636363636,212,219,8,0,211,219,11859,1,0,0,1,0
2020-10-06,US,North Carolina,Watauga,1089,2,0,36.23103603,-81.70033724,37189.0,1938.5157626786765,0.18365472910927452,1087,1041,2,0,1039,1011,55945,48,0,0,48,30
2020-10-06,US,North Carolina,Wayne,3620,73,0,35.36438125,-78.00027268,37191.0,2939.95825584134,2.016574585635359,3547,3582,71,0,3511,3535,123248,38,2,0,36,47
2020-10-06,US,North Carolina,Wilkes,1336,35,0,36.2084135,-81.16232895,37193.0,1952.8737648365784,2.619760479041916,1301,1331,35,0,1296,1320,68557,5,0,0,5,11
2020-10-06,US,North Carolina,Wilson,2389,57,0,35.70625477,-77.917978,37195.0,2920.502194349702,2.385935537881959,2332,2374,57,0,2317,2349,81455,15,0,0,15,25
2020-10-06,US,North Carolina,Yadkin,784,9,0,36.16222629,-80.66239436,37197.0,2081.397509756551,1.1479591836734695,775,783,9,0,774,776,37543,1,0,0,1,7
2020-10-06,US,North Carolina,Yancey,222,0,0,35.90079156,-82.31237181,37199.0,1228.6236094969286,0.0,222,221,0,0,221,220,17903,1,0,0,1,1
2020-10-06,US,North Dakota,Adams,28,0,0,46.09686891,-102.5285397,38001.0,1263.5379061371839,0.0,28,27,0,0,27,27,2294,1,0,0,1,0
2020-10-06,US,North Dakota,Barnes,259,0,0,46.93579637,-98.06605978,38003.0,2486.797887662026,0.0,259,255,0,0,255,255,10542,4,0,0,4,0
2020-10-06,US,North Dakota,Benson,372,7,0,48.0683985,-99.35916363,38005.0,5444.964871194379,1.8817204301075268,365,373,7,0,366,368,6962,-1,0,0,-1,5
2020-10-06,US,North Dakota,Billings,19,0,0,47.02366884,-103.3762965,38007.0,2047.4137931034488,0.0,19,18,0,0,18,18,919,1,0,0,1,0
2020-10-06,US,North Dakota,Bottineau,111,5,0,48.79106111,-100.8378166,38009.0,1766.953199617956,4.504504504504505,106,109,5,0,104,105,6411,2,0,0,2,4
2020-10-06,US,North Dakota,Bowman,51,0,0,46.11285362,-103.5203343,38011.0,1686.5079365079364,0.0,51,49,0,0,49,49,3076,2,0,0,2,0
2020-10-06,US,North Dakota,Burke,39,1,0,48.79094471,-102.51821170000001,38013.0,1843.9716312056732,2.5641025641025643,38,38,1,0,37,37,2100,1,0,0,1,1
2020-10-06,US,North Dakota,Burleigh,4188,53,0,46.97847375,-100.46452140000001,38015.0,4379.56204379562,1.265520534861509,4135,4086,53,0,4033,4036,95273,102,0,0,102,50
2020-10-06,US,North Dakota,Cass,5812,78,0,46.93201724,-97.24447190000001,38017.0,3194.7582218850835,1.3420509291121816,5734,5728,78,0,5650,5678,181516,84,0,0,84,50
2020-10-06,US,North Dakota,Cavalier,56,0,0,48.77286211,-98.46685243,38019.0,1488.5699096225412,0.0,56,56,0,0,56,56,3829,0,0,0,0,0
2020-10-06,US,North Dakota,Dickey,148,0,0,46.11017712,-98.50490079999999,38021.0,3037.766830870279,0.0,148,143,0,0,143,134,4903,5,0,0,5,9
2020-10-06,US,North Dakota,Divide,11,1,0,48.814938700000006,-103.48736109999999,38023.0,485.8657243816255,9.090909090909092,10,9,1,0,8,9,2283,2,0,0,2,0
2020-10-06,US,North Dakota,Dunn,133,3,0,47.35423935,-102.61604679999999,38025.0,3006.3291139240505,2.255639097744361,130,131,3,0,128,129,4332,2,0,0,2,2
2020-10-06,US,North Dakota,Eddy,110,3,0,47.71701474,-98.90432337,38027.0,4809.794490599038,2.727272727272727,107,105,3,0,102,104,2313,5,0,0,5,1
2020-10-06,US,North Dakota,Emmons,229,2,0,46.28398398,-100.2389766,38029.0,7065.720456649185,0.8733624454148472,227,223,2,0,221,209,3295,6,0,0,6,14
2020-10-06,US,North Dakota,Foster,76,1,0,47.457108399999996,-98.88279923,38031.0,2367.601246105919,1.3157894736842106,75,74,1,0,73,74,3216,2,0,0,2,0
2020-10-06,US,North Dakota,Golden Valley,69,0,0,46.94022281,-103.8465421,38033.0,3918.228279386712,0.0,69,69,0,0,69,67,1769,0,0,0,0,2
2020-10-06,US,North Dakota,Grand Forks,2463,13,0,47.92093639,-97.45450447,38035.0,3546.3852212351153,0.5278116118554608,2450,2432,13,0,2419,2385,70770,31,0,0,31,47
2020-10-06,US,North Dakota,Grant,41,1,0,46.35821257,-101.63900129999999,38037.0,1802.9903254177661,2.4390243902439024,40,40,1,0,39,37,2374,1,0,0,1,3
2020-10-06,US,North Dakota,Griggs,61,1,0,47.45785838,-98.23850925,38039.0,2734.199910354101,1.639344262295082,60,61,1,0,60,61,2232,0,0,0,0,0
2020-10-06,US,North Dakota,Hettinger,71,0,0,46.43375068,-102.4632417,38041.0,2841.136454581833,0.0,71,72,0,0,72,71,2514,-1,0,0,-1,1
2020-10-06,US,North Dakota,Kidder,61,0,0,46.97830064,-99.77507857,38043.0,2459.6774193548385,0.0,61,61,0,0,61,59,2450,0,0,0,0,2
2020-10-06,US,North Dakota,LaMoure,94,0,0,46.45681054,-98.53542355,38045.0,2323.2822540781017,0.0,94,89,0,0,89,89,4062,5,0,0,5,0
2020-10-06,US,North Dakota,Logan,78,0,0,46.45729487,-99.47719806,38047.0,4216.216216216216,0.0,78,79,0,0,79,79,1903,-1,0,0,-1,0
2020-10-06,US,North Dakota,McHenry,106,3,0,48.23104458,-100.6324822,38049.0,1845.0826805918189,2.830188679245283,103,98,3,0,95,96,5816,8,0,0,8,2
2020-10-06,US,North Dakota,McIntosh,92,3,0,46.11182017,-99.44145858,38051.0,3684.42130556668,3.260869565217391,89,88,3,0,85,83,2585,4,0,0,4,5
2020-10-06,US,North Dakota,McKenzie,290,2,0,47.74133370000001,-103.395905,38053.0,1930.2449414270495,0.6896551724137931,288,281,2,0,279,275,13632,9,0,0,9,6
2020-10-06,US,North Dakota,McLean,333,4,0,47.60766714,-101.3182418,38055.0,3523.809523809524,1.2012012012012012,329,327,4,0,323,324,9541,6,0,0,6,3
2020-10-06,US,North Dakota,Mercer,208,1,0,47.31213126,-101.8318399,38057.0,2540.6131672163187,0.4807692307692308,207,201,1,0,200,187,8267,7,0,0,7,14
2020-10-06,US,North Dakota,Morton,1466,36,0,46.71681782,-101.2822377,38059.0,4674.148705522255,2.4556616643929057,1430,1438,36,0,1402,1429,31095,28,0,0,28,9
2020-10-06,US,North Dakota,Mountrail,305,2,0,48.20197971,-102.3555315,38061.0,2892.366050260787,0.6557377049180327,303,291,2,0,289,288,10218,14,0,0,14,3
2020-10-06,US,North Dakota,Nelson,113,0,0,47.9226426,-98.19038437,38063.0,3924.9739492879467,0.0,113,96,0,0,96,90,2869,17,0,0,17,6
2020-10-06,US,North Dakota,Oliver,24,0,0,47.11530482,-101.3406158,38065.0,1225.1148545176109,0.0,24,25,0,0,25,25,1952,-1,0,0,-1,0
2020-10-06,US,North Dakota,Pembina,120,0,0,48.76623521,-97.5523809,38067.0,1764.4464049404498,0.0,120,113,0,0,113,113,6947,7,0,0,7,0
2020-10-06,US,North Dakota,Pierce,36,0,0,48.24977025,-99.96407787,38069.0,905.6603773584906,0.0,36,36,0,0,36,36,4081,0,0,0,0,0
2020-10-06,US,North Dakota,Ramsey,297,2,0,48.26886249,-98.72223879,38071.0,2578.348815001303,0.6734006734006734,295,284,2,0,282,276,11481,13,0,0,13,8
2020-10-06,US,North Dakota,Ransom,87,0,0,46.45621782,-97.65742504,38073.0,1667.3054810272135,0.0,87,86,0,0,86,86,5237,1,0,0,1,0
2020-10-06,US,North Dakota,Renville,76,1,0,48.71982533,-101.6603912,38075.0,3266.0077352814783,1.3157894736842106,75,74,1,0,73,72,2374,2,0,0,2,2
2020-10-06,US,North Dakota,Richland,265,2,0,46.26440649,-96.94852979,38077.0,1638.128206713235,0.7547169811320755,263,262,2,0,260,260,16239,3,0,0,3,2
2020-10-06,US,North Dakota,Rolette,233,6,0,48.77245354,-99.84097493,38079.0,1643.6230248306995,2.5751072961373387,227,226,5,0,221,223,14301,7,1,0,6,3
2020-10-06,US,North Dakota,Sargent,86,1,0,46.10830372,-97.63217159,38081.0,2206.259620318112,1.162790697674419,85,85,1,0,84,85,3870,1,0,0,1,0
2020-10-06,US,North Dakota,Sheridan,15,0,0,47.57700669,-100.3426391,38083.0,1140.6844106463875,0.0,15,15,0,0,15,15,1349,0,0,0,0,0
2020-10-06,US,North Dakota,Sioux,173,3,0,46.11323337,-101.04401490000001,38085.0,4089.8345153664313,1.7341040462427746,170,171,3,0,168,169,4358,2,0,0,2,2
2020-10-06,US,North Dakota,Slope,11,0,0,46.44737738,-103.4601547,38087.0,1466.666666666667,0.0,11,11,0,0,11,11,763,0,0,0,0,0
2020-10-06,US,North Dakota,Stark,1862,20,0,46.80851182,-102.65763259999999,38089.0,5913.176029724666,1.074113856068743,1842,1836,18,0,1818,1825,30997,26,2,0,24,11
2020-10-06,US,North Dakota,Steele,30,0,0,47.45611548,-97.72728747,38091.0,1587.3015873015872,0.0,30,30,0,0,30,30,1903,0,0,0,0,0
2020-10-06,US,North Dakota,Stutsman,558,4,0,46.97962541,-98.95637318,38093.0,2695.131375579598,0.7168458781362007,554,548,4,0,544,543,20917,10,0,0,10,5
2020-10-06,US,North Dakota,Towner,29,0,0,48.68565745,-99.24564265,38095.0,1324.805847418913,0.0,29,24,0,0,24,24,2192,5,0,0,5,0
2020-10-06,US,North Dakota,Traill,144,0,0,47.45367788,-97.16323288,38097.0,1791.936286709806,0.0,144,143,0,0,143,141,8037,1,0,0,1,2
2020-10-06,US,North Dakota,Walsh,242,1,0,48.36876964,-97.72574783,38099.0,2274.222347523729,0.4132231404958678,241,232,1,0,231,229,10667,10,0,0,10,3
2020-10-06,US,North Dakota,Ward,1290,12,0,48.22390169,-101.54367629999999,38101.0,1907.127334013394,0.9302325581395348,1278,1248,12,0,1236,1235,67744,42,0,0,42,13
2020-10-06,US,North Dakota,Wells,47,0,0,47.58614526,-99.65904998,38103.0,1225.8737610850287,0.0,47,42,0,0,42,42,3957,5,0,0,5,0
2020-10-06,US,North Dakota,Williams,1246,8,0,48.34522353,-103.4793387,38105.0,3314.799542419325,0.6420545746388443,1238,1224,8,0,1216,1202,35350,22,0,0,22,22
2020-10-06,US,Ohio,Adams,158,4,0,38.84541072,-83.4718964,39001.0,570.4382987941367,2.5316455696202533,154,158,4,0,154,153,27724,0,0,0,0,5
2020-10-06,US,Ohio,Allen,1582,72,0,40.77285242,-84.10802343,39003.0,1545.6614981778393,4.551201011378002,1510,1567,72,0,1495,1544,102663,15,0,0,15,23
2020-10-06,US,Ohio,Ashland,313,5,0,40.84772277,-82.27280781,39005.0,585.2217485603171,1.597444089456869,308,302,5,0,297,292,53745,11,0,0,11,10
2020-10-06,US,Ohio,Ashtabula,679,48,0,41.70860332,-80.74830218,39007.0,698.265135076768,7.069219440353462,631,674,48,0,626,673,97493,5,0,0,5,1
2020-10-06,US,Ohio,Athens,862,2,0,39.33425634,-82.04278644,39009.0,1319.5156673350991,0.2320185614849188,860,843,2,0,841,829,65818,19,0,0,19,14
2020-10-06,US,Ohio,Auglaize,686,15,0,40.55998859,-84.22421429999999,39011.0,1502.5407394427896,2.186588921282799,671,678,15,0,663,674,45804,8,0,0,8,4
2020-10-06,US,Ohio,Belmont,729,27,0,40.01625942,-80.9924051,39013.0,1087.9622720353402,3.703703703703704,702,725,27,0,698,724,67505,4,0,0,4,1
2020-10-06,US,Ohio,Brown,301,3,0,38.93416837,-83.86788395,39015.0,693.0373917848593,0.9966777408637874,298,300,3,0,297,296,43602,1,0,0,1,4
2020-10-06,US,Ohio,Butler,6726,114,0,39.44012838,-84.57388716,39017.0,1755.5215668669448,1.6949152542372878,6612,6617,113,0,6504,6569,382378,109,1,0,108,48
2020-10-06,US,Ohio,Carroll,164,7,0,40.578968599999996,-81.09178213,39019.0,609.3482945678828,4.2682926829268295,157,160,7,0,153,160,27081,4,0,0,4,0
2020-10-06,US,Ohio,Champaign,330,3,0,40.13923427,-83.76875242,39021.0,848.6562942008487,0.9090909090909092,327,328,3,0,325,326,38754,2,0,0,2,2
2020-10-06,US,Ohio,Clark,1987,47,0,39.91592258,-83.78498252,39023.0,1481.9179165143978,2.365374937091092,1940,1959,42,0,1917,1948,134585,28,5,0,23,11
2020-10-06,US,Ohio,Clermont,1868,32,0,39.04847534,-84.15375786,39025.0,904.9159997674734,1.7130620985010707,1836,1835,32,0,1803,1823,205466,33,0,0,33,12
2020-10-06,US,Ohio,Clinton,335,13,0,39.41485808,-83.80852286,39027.0,798.2272207396111,3.880597014925373,322,330,13,0,317,325,42057,5,0,0,5,5
2020-10-06,US,Ohio,Columbiana,1993,83,0,40.76932373,-80.78094576,39029.0,1956.1654054160165,4.164576016056197,1910,1991,82,0,1909,1981,102665,2,1,0,1,10
2020-10-06,US,Ohio,Coshocton,243,11,0,40.30096166,-81.91729018,39031.0,663.9344262295083,4.526748971193416,232,241,11,0,230,240,36629,2,0,0,2,1
2020-10-06,US,Ohio,Crawford,281,6,0,40.85065156,-82.91989099,39033.0,677.2063430857472,2.1352313167259784,275,274,6,0,268,272,41550,7,0,0,7,2
2020-10-06,US,Ohio,Cuyahoga,18035,665,0,41.424119,-81.65918339,39035.0,1460.2387553114313,3.6872747435542,17370,17995,665,0,17330,17910,1243857,40,0,0,40,85
2020-10-06,US,Ohio,Darke,916,44,0,40.13412966,-84.6194517,39037.0,1792.1076829769336,4.80349344978166,872,908,44,0,864,898,51323,8,0,0,8,10
2020-10-06,US,Ohio,Defiance,382,13,0,41.32398837,-84.49076944,39039.0,1002.9668915903064,3.4031413612565444,369,382,12,0,370,375,38165,0,1,0,-1,7
2020-10-06,US,Ohio,Delaware,2482,25,0,40.27942393,-83.00457058,39041.0,1186.5549271669447,1.0072522159548751,2457,2458,24,0,2434,2429,204826,24,1,0,23,29
2020-10-06,US,Ohio,Erie,1010,51,0,41.36796058,-82.62904521,39043.0,1359.9763014030646,5.0495049504950495,959,997,50,0,947,989,74615,13,1,0,12,8
2020-10-06,US,Ohio,Fairfield,2277,55,0,39.75107189,-82.63088163,39045.0,1445.0353484711945,2.415458937198068,2222,2260,55,0,2205,2244,155782,17,0,0,17,16
2020-10-06,US,Ohio,Fayette,301,6,0,39.56021306,-83.4562016,39047.0,1055.2147239263802,1.9933554817275747,295,293,6,0,287,279,28666,8,0,0,8,14
2020-10-06,US,Ohio,Franklin,28291,633,0,39.96995815,-83.01115755,39049.0,2148.5377700955987,2.2374606765402425,27658,28131,631,0,27500,28014,1310300,160,2,0,158,117
2020-10-06,US,Ohio,Fulton,365,1,0,41.60213491,-84.12571393,39051.0,866.4482742249443,0.273972602739726,364,359,1,0,358,348,42276,6,0,0,6,11
2020-10-06,US,Ohio,Gallia,226,13,0,38.82708533,-82.31647569,39053.0,755.9034049100275,5.7522123893805315,213,220,13,0,207,220,29979,6,0,0,6,0
2020-10-06,US,Ohio,Geauga,752,49,0,41.49952319,-81.17935342,39055.0,802.9984303089195,6.5159574468085095,703,750,49,0,701,750,94031,2,0,0,2,0
2020-10-06,US,Ohio,Greene,1707,37,0,39.69116283,-83.89032084,39057.0,1010.4358429473707,2.1675454012888107,1670,1688,37,0,1651,1661,167995,19,0,0,19,27
2020-10-06,US,Ohio,Guernsey,186,8,0,40.05026529,-81.49248905,39059.0,478.45659163987136,4.301075268817204,178,185,8,0,177,184,39022,1,0,0,1,1
2020-10-06,US,Ohio,Hamilton,13953,332,0,39.19673558,-84.54502924,39061.0,1706.8453637000855,2.3794166129147856,13621,13856,332,0,13524,13790,816684,97,0,0,97,66
2020-10-06,US,Ohio,Hancock,814,13,0,41.00250487,-83.66838948,39063.0,1074.1195254872464,1.597051597051597,801,805,13,0,792,798,75930,9,0,0,9,7
2020-10-06,US,Ohio,Hardin,267,13,0,40.66015414,-83.65929931,39065.0,851.2673362027738,4.868913857677903,254,266,13,0,253,264,31480,1,0,0,1,2
2020-10-06,US,Ohio,Harrison,69,3,0,40.29380509,-81.09068544,39067.0,458.7765957446808,4.3478260869565215,66,68,3,0,65,68,15174,1,0,0,1,0
2020-10-06,US,Ohio,Henry,367,17,0,41.333964200000004,-84.06830637,39069.0,1358.9572687550915,4.632152588555858,350,364,17,0,347,356,27086,3,0,0,3,8
2020-10-06,US,Ohio,Highland,262,4,0,39.1839264,-83.60331456,39071.0,607.0294942193184,1.5267175572519085,258,249,4,0,245,249,43058,13,0,0,13,0
2020-10-06,US,Ohio,Hocking,176,9,0,39.49537927,-82.47991446,39073.0,622.7002547410133,5.113636363636363,167,175,9,0,166,173,28385,1,0,0,1,2
2020-10-06,US,Ohio,Holmes,429,10,0,40.56163713,-81.92635677,39075.0,975.8871701546859,2.331002331002331,419,422,9,0,413,422,43892,7,1,0,6,0
2020-10-06,US,Ohio,Huron,629,7,0,41.14651175,-82.59867951,39077.0,1079.5318024233686,1.1128775834658189,622,618,7,0,611,612,58504,11,0,0,11,6
2020-10-06,US,Ohio,Jackson,306,7,0,39.01914254,-82.61818559999998,39079.0,944.0656526702252,2.2875816993464047,299,296,7,0,289,292,32384,10,0,0,10,4
2020-10-06,US,Ohio,Jefferson,362,4,0,40.38614126,-80.76259514,39081.0,554.1523153463452,1.1049723756906078,358,357,4,0,353,355,65767,5,0,0,5,2
2020-10-06,US,Ohio,Knox,301,15,0,40.39830217,-82.42027563,39083.0,482.97551426462564,4.983388704318936,286,300,15,0,285,297,61893,1,0,0,1,3
2020-10-06,US,Ohio,Lake,1711,56,0,41.69710807,-81.23676539,39085.0,743.4314292045588,3.2729398012857978,1655,1701,56,0,1645,1696,230514,10,0,0,10,5
2020-10-06,US,Ohio,Lawrence,748,22,0,38.59743452,-82.53466552,39087.0,1257.925096278358,2.9411764705882355,726,744,22,0,722,733,59866,4,0,0,4,11
2020-10-06,US,Ohio,Licking,2044,64,0,40.09136236,-82.48185785,39089.0,1155.7033167102036,3.131115459882583,1980,2028,64,0,1964,2019,175769,16,0,0,16,9
2020-10-06,US,Ohio,Logan,345,3,0,40.38996525,-83.76784341,39091.0,755.3862322648448,0.8695652173913043,342,337,3,0,334,331,45358,8,0,0,8,6
2020-10-06,US,Ohio,Lorain,2416,89,0,41.29553751,-82.15083537,39093.0,779.7749110004422,3.6837748344370866,2327,2402,88,0,2314,2387,309461,14,1,0,13,15
2020-10-06,US,Ohio,Lucas,7595,369,0,41.62101218,-83.65468618,39095.0,1773.0910381278773,4.858459512837393,7226,7562,369,0,7193,7527,429899,33,0,0,33,35
2020-10-06,US,Ohio,Madison,922,14,0,39.89381073,-83.40178317,39097.0,2061.2103462922805,1.5184381778741864,908,911,14,0,897,910,44413,11,0,0,11,1
2020-10-06,US,Ohio,Mahoning,3271,282,0,41.01631101,-80.77287029,39099.0,1430.364303424391,8.621216753286456,2989,3249,282,0,2967,3223,229642,22,0,0,22,26
2020-10-06,US,Ohio,Marion,3193,48,0,40.58610662,-83.15736305,39101.0,4905.2893552302085,1.5032884434700908,3145,3185,48,0,3137,3174,65256,8,0,0,8,11
2020-10-06,US,Ohio,Medina,1570,41,0,41.11770589,-81.89986209999998,39103.0,873.4547639446774,2.6114649681528657,1529,1560,41,0,1519,1551,179146,10,0,0,10,9
2020-10-06,US,Ohio,Meigs,189,12,0,39.09224872,-82.0305041,39105.0,825.0753044920766,6.349206349206349,177,187,12,0,175,187,23106,2,0,0,2,0
2020-10-06,US,Ohio,Mercer,1242,21,0,40.54043046,-84.62912742,39107.0,3016.613232293792,1.6908212560386473,1221,1224,21,0,1203,1221,40959,18,0,0,18,3
2020-10-06,US,Ohio,Miami,1622,55,0,40.0543329,-84.22871271,39109.0,1516.0720461364465,3.3908754623921085,1567,1605,55,0,1550,1592,106222,17,0,0,17,13
2020-10-06,US,Ohio,Monroe,112,18,0,39.72984936,-81.08464734,39111.0,820.2724476343927,16.071428571428573,94,112,18,0,94,111,13790,0,0,0,0,1
2020-10-06,US,Ohio,Montgomery,8508,181,0,39.75394919,-84.29050975,39113.0,1600.1895852258942,2.1274094969440527,8327,8417,181,0,8236,8383,532331,91,0,0,91,34
2020-10-06,US,Ohio,Morgan,55,0,0,39.62081738,-81.85308173,39115.0,379.1011855527985,0.0,55,53,0,0,53,52,14604,2,0,0,2,1
2020-10-06,US,Ohio,Morrow,273,2,0,40.52363560000001,-82.7892599,39117.0,772.758152173913,0.7326007326007326,271,270,2,0,268,270,35112,3,0,0,3,0
2020-10-06,US,Ohio,Muskingum,559,3,0,39.96575964,-81.94363275,39119.0,648.3790523690773,0.5366726296958855,556,544,3,0,541,532,86183,15,0,0,15,12
2020-10-06,US,Ohio,Noble,60,0,0,39.76818851,-81.45937183,39121.0,415.9733777038269,0.0,60,54,0,0,54,54,14354,6,0,0,6,0
2020-10-06,US,Ohio,Ottawa,492,30,0,41.53781826,-83.0940185,39123.0,1214.0653917334978,6.097560975609755,462,488,30,0,458,481,40769,4,0,0,4,7
2020-10-06,US,Ohio,Paulding,135,0,0,41.11676341,-84.5801017,39125.0,723.0077120822623,0.0,135,132,0,0,132,129,18760,3,0,0,3,3
2020-10-06,US,Ohio,Perry,319,10,0,39.73508655,-82.23804971,39127.0,882.8250401284109,3.134796238244514,309,315,10,0,305,313,36033,4,0,0,4,2
2020-10-06,US,Ohio,Pickaway,2736,45,0,39.64170392,-83.0243386,39129.0,4680.363343996442,1.6447368421052633,2691,2726,45,0,2681,2726,58086,10,0,0,10,0
2020-10-06,US,Ohio,Pike,226,0,0,39.07634001,-83.06769584,39131.0,813.7692640069133,0.0,226,222,0,0,222,219,28067,4,0,0,4,3
2020-10-06,US,Ohio,Portage,1297,67,0,41.16793482,-81.19735782,39133.0,798.3208794455455,5.165767154973015,1230,1280,67,0,1213,1256,162927,17,0,0,17,24
2020-10-06,US,Ohio,Preble,480,16,0,39.7420247,-84.64787018,39135.0,1174.110855633286,3.333333333333333,464,476,16,0,460,474,40997,4,0,0,4,2
2020-10-06,US,Ohio,Putnam,682,27,0,41.02094889,-84.1336111,39137.0,2014.11653524704,3.958944281524927,655,677,27,0,650,667,33780,5,0,0,5,10
2020-10-06,US,Ohio,Richland,1085,20,0,40.77180308,-82.53799609999999,39139.0,895.5544183435958,1.8433179723502304,1065,1070,19,0,1051,1029,121099,15,1,0,14,41
2020-10-06,US,Ohio,Ross,1001,31,0,39.33705391,-83.06000914,39141.0,1305.6635275089347,3.0969030969030964,970,986,31,0,955,972,76931,15,0,0,15,14
2020-10-06,US,Ohio,Sandusky,613,21,0,41.35624126,-83.137872,39143.0,1047.5409275778393,3.4257748776508974,592,611,21,0,590,605,58799,2,0,0,2,6
2020-10-06,US,Ohio,Scioto,592,7,0,38.80270163,-82.98907345,39145.0,786.0424356693311,1.1824324324324325,585,577,7,0,570,561,75502,15,0,0,15,16
2020-10-06,US,Ohio,Seneca,512,14,0,41.12351311,-83.12783209,39147.0,927.9060495124867,2.734375,498,510,14,0,496,510,55207,2,0,0,2,0
2020-10-06,US,Ohio,Shelby,726,14,0,40.33163494,-84.20258189,39149.0,1494.1345955958013,1.9283746556473829,712,723,14,0,709,718,48627,3,0,0,3,5
2020-10-06,US,Ohio,Stark,3168,178,0,40.81482476,-81.36437305,39151.0,854.8161659552193,5.6186868686868685,2990,3116,178,0,2938,3082,371574,52,0,0,52,34
2020-10-06,US,Ohio,Summit,5661,254,0,41.12464734,-81.53123079,39153.0,1046.3704199344563,4.486839780957427,5407,5613,253,0,5360,5576,541918,48,1,0,47,37
2020-10-06,US,Ohio,Trumbull,2015,133,0,41.31735028,-80.76109643,39155.0,1017.810419550042,6.600496277915632,1882,2008,133,0,1875,1990,198627,7,0,0,7,18
2020-10-06,US,Ohio,Tuscarawas,994,20,0,40.44214695,-81.47226262,39157.0,1080.587474317023,2.0120724346076457,974,985,20,0,965,980,92176,9,0,0,9,5
2020-10-06,US,Ohio,Union,606,2,0,40.30016061,-83.37239023,39159.0,1027.327592052621,0.33003300330033003,604,603,2,0,601,593,57835,3,0,0,3,10
2020-10-06,US,Ohio,Van Wert,153,3,0,40.8554138,-84.59111700000003,39161.0,541.1140583554377,1.96078431372549,150,143,3,0,140,140,28281,10,0,0,10,3
2020-10-06,US,Ohio,Vinton,61,3,0,39.25208988,-82.4831444,39163.0,466.1826518914788,4.918032786885246,58,57,3,0,54,56,13139,4,0,0,4,1
2020-10-06,US,Ohio,Warren,3324,58,0,39.42581994,-84.16557457,39165.0,1416.8677163877546,1.7448856799037304,3266,3271,58,0,3213,3265,232173,53,0,0,53,6
2020-10-06,US,Ohio,Washington,269,23,0,39.45690571,-81.49121382,39167.0,448.999349034401,8.550185873605948,246,268,23,0,245,268,60155,1,0,0,1,0
2020-10-06,US,Ohio,Wayne,989,68,0,40.82925852,-81.88844833,39169.0,854.7230144326334,6.875631951466128,921,981,68,0,913,973,115967,8,0,0,8,8
2020-10-06,US,Ohio,Williams,243,3,0,41.56052014,-84.58429552,39171.0,662.2697045677531,1.2345679012345678,240,242,3,0,239,237,36804,1,0,0,1,5
2020-10-06,US,Ohio,Wood,2157,81,0,41.36224827,-83.62285108,39173.0,1648.8682663568188,3.755215577190542,2076,2132,81,0,2051,2105,130696,25,0,0,25,27
2020-10-06,US,Ohio,Wyandot,226,13,0,40.84339621,-83.30734173,39175.0,1038.0304978871943,5.7522123893805315,213,223,13,0,210,223,21935,3,0,0,3,0
2020-10-06,US,Oklahoma,Adair,663,10,0,35.88494195,-94.65859267,40001.0,2987.293863206272,1.5082956259426847,653,656,10,0,646,650,22082,7,0,0,7,6
2020-10-06,US,Oklahoma,Alfalfa,81,0,0,36.73090616,-98.32408495,40003.0,1420.5541915117506,0.0,81,79,0,0,79,74,5754,2,0,0,2,5
2020-10-06,US,Oklahoma,Atoka,344,1,0,34.37366573,-96.03802487,40005.0,2500.3634249164124,0.2906976744186047,343,328,1,0,327,316,13838,16,0,0,16,12
2020-10-06,US,Oklahoma,Beaver,64,0,0,36.7496847,-100.4758872,40007.0,1205.0461306721895,0.0,64,64,0,0,64,62,5319,0,0,0,0,2
2020-10-06,US,Oklahoma,Beckham,659,7,0,35.26862449,-99.68128023,40009.0,3014.7765222562793,1.0622154779969648,652,639,6,0,633,600,21709,20,1,0,19,39
2020-10-06,US,Oklahoma,Blaine,148,1,0,35.87518314,-98.43307003,40011.0,1569.625623077739,0.6756756756756757,147,146,1,0,145,142,9485,2,0,0,2,4
2020-10-06,US,Oklahoma,Bryan,1102,5,0,33.96472458,-96.25903472,40013.0,2296.07250755287,0.4537205081669691,1097,1059,5,0,1054,1049,47192,43,0,0,43,10
2020-10-06,US,Oklahoma,Caddo,899,21,0,35.17364557,-98.37534464,40015.0,3125.651901814895,2.3359288097886544,878,879,21,0,858,864,28977,20,0,0,20,15
2020-10-06,US,Oklahoma,Canadian,2594,17,0,35.5426055,-97.98465569,40017.0,1749.0863484956778,0.6553585196607556,2577,2558,17,0,2541,2499,144447,36,0,0,36,59
2020-10-06,US,Oklahoma,Carter,614,9,0,34.25103751,-97.28552485,40019.0,1276.2154185113588,1.4657980456026058,605,606,9,0,597,591,48177,8,0,0,8,15
2020-10-06,US,Oklahoma,Cherokee,1186,8,0,35.90692775,-94.99980896,40021.0,2437.47045646053,0.6745362563237775,1178,1177,8,0,1169,1165,48675,9,0,0,9,12
2020-10-06,US,Oklahoma,Choctaw,354,2,0,34.02807439,-95.54771129,40023.0,2412.7589967284625,0.5649717514124294,352,352,2,0,350,355,14668,2,0,0,2,-3
2020-10-06,US,Oklahoma,Cimarron,28,0,0,36.74817177,-102.5173885,40025.0,1310.248011230697,0.0,28,27,0,0,27,27,2153,1,0,0,1,0
2020-10-06,US,Oklahoma,Cleveland,6587,78,0,35.20413532,-97.32519562,40027.0,2319.251867865669,1.1841505996660089,6509,6535,75,0,6460,6418,281669,52,3,0,49,117
2020-10-06,US,Oklahoma,Coal,75,0,0,34.58840127,-96.29798747,40029.0,1364.877161055505,0.0,75,74,0,0,74,75,5520,1,0,0,1,-1
2020-10-06,US,Oklahoma,Comanche,1808,13,0,34.65973764,-98.47195055,40031.0,1497.3208887858286,0.7190265486725663,1795,1773,13,0,1760,1738,120422,35,0,0,35,35
2020-10-06,US,Oklahoma,Cotton,74,3,0,34.28845626,-98.37053567,40033.0,1306.0360042357925,4.0540540540540535,71,71,3,0,68,71,5776,3,0,0,3,0
2020-10-06,US,Oklahoma,Craig,533,1,0,36.76268118,-95.20916602,40035.0,3768.91528779522,0.18761726078799248,532,525,1,0,524,520,14306,8,0,0,8,5
2020-10-06,US,Oklahoma,Creek,1280,35,0,35.90230551,-96.37086028,40037.0,1789.6591258633707,2.734375,1245,1258,34,0,1224,1238,71604,22,1,0,21,20
2020-10-06,US,Oklahoma,Custer,819,0,0,35.63853802,-99.00170785,40039.0,2823.845809054236,0.0,819,792,0,0,792,781,29036,27,0,0,27,11
2020-10-06,US,Oklahoma,Delaware,881,26,0,36.40823634,-94.80325046,40041.0,2048.40847264526,2.9511918274687856,855,873,26,0,847,844,42733,8,0,0,8,29
2020-10-06,US,Oklahoma,Dewey,73,1,0,35.98772922,-99.00730714,40043.0,1492.5373134328354,1.3698630136986298,72,72,1,0,71,71,4894,1,0,0,1,1
2020-10-06,US,Oklahoma,Ellis,15,0,0,36.218019399999996,-99.75324573,40045.0,388.7017362010884,0.0,15,14,0,0,14,14,3952,1,0,0,1,0
2020-10-06,US,Oklahoma,Garfield,1908,22,0,36.3791334,-97.78265517,40047.0,3125.0,1.1530398322851152,1886,1842,22,0,1820,1824,60913,66,0,0,66,18
2020-10-06,US,Oklahoma,Garvin,425,5,0,34.70418038,-97.30811132,40049.0,1533.6869835083542,1.1764705882352942,420,416,5,0,411,406,27811,9,0,0,9,10
2020-10-06,US,Oklahoma,Grady,1248,11,0,35.0167709,-97.88339847,40051.0,2235.1971916753228,0.8814102564102564,1237,1217,11,0,1206,1185,55551,31,0,0,31,32
2020-10-06,US,Oklahoma,Grant,55,1,0,36.796296999999996,-97.78638765,40053.0,1269.3284098776828,1.818181818181818,54,55,1,0,54,55,4326,0,0,0,0,0
2020-10-06,US,Oklahoma,Greer,116,8,0,34.93535801,-99.56056120000001,40055.0,2030.812324929972,6.896551724137932,108,113,8,0,105,110,5821,3,0,0,3,3
2020-10-06,US,Oklahoma,Harmon,53,0,0,34.7440135,-99.84741652,40057.0,1997.738409347908,0.0,53,52,0,0,52,50,2664,1,0,0,1,2
2020-10-06,US,Oklahoma,Harper,32,1,0,36.78836519,-99.6679804,40059.0,867.6789587852495,3.125,31,32,1,0,31,31,3797,0,0,0,0,1
2020-10-06,US,Oklahoma,Haskell,308,4,0,35.22257600000001,-95.11513306,40061.0,2439.217549695097,1.2987012987012987,304,306,4,0,302,304,12668,2,0,0,2,2
2020-10-06,US,Oklahoma,Hughes,307,4,0,35.04912569,-96.24921145,40063.0,2311.9210783944573,1.3029315960912051,303,304,4,0,300,301,13335,3,0,0,3,3
2020-10-06,US,Oklahoma,Jackson,861,10,0,34.58781741,-99.41138784,40065.0,3509.9877700774573,1.1614401858304295,851,845,10,0,835,827,24949,16,0,0,16,18
2020-10-06,US,Oklahoma,Jefferson,51,0,0,34.11130184,-97.83182974,40067.0,849.7167610796402,0.0,51,47,0,0,47,48,6123,4,0,0,4,-1
2020-10-06,US,Oklahoma,Johnston,225,4,0,34.31440473,-96.66011537,40069.0,2029.7699594046007,1.7777777777777777,221,213,4,0,209,212,10949,12,0,0,12,1
2020-10-06,US,Oklahoma,Kay,708,15,0,36.81799745,-97.14421435,40071.0,1626.1656483990994,2.1186440677966103,693,686,14,0,672,675,44161,22,1,0,21,11
2020-10-06,US,Oklahoma,Kingfisher,414,2,0,35.94530008,-97.94193268,40073.0,2626.070409134158,0.4830917874396135,412,403,2,0,401,393,15816,11,0,0,11,10
2020-10-06,US,Oklahoma,Kiowa,92,2,0,34.91671958,-98.97720696,40075.0,1056.499770326137,2.1739130434782608,90,92,2,0,90,85,8729,0,0,0,0,7
2020-10-06,US,Oklahoma,Latimer,152,2,0,34.87844729,-95.25215049,40077.0,1508.9844137794105,1.3157894736842106,150,148,2,0,146,146,10231,4,0,0,4,2
2020-10-06,US,Oklahoma,Le Flore,1308,20,0,34.89851864,-94.70392124,40079.0,2623.713718331896,1.529051987767584,1288,1283,19,0,1264,1253,49980,25,1,0,24,30
2020-10-06,US,Oklahoma,Lincoln,563,10,0,35.70270942,-96.8812462,40081.0,1614.2443444103565,1.7761989342806397,553,541,10,0,531,537,34920,22,0,0,22,4
2020-10-06,US,Oklahoma,Logan,586,2,0,35.91899576,-97.44352845,40083.0,1220.5536231280332,0.3412969283276451,584,569,2,0,567,564,47291,17,0,0,17,5
2020-10-06,US,Oklahoma,Love,221,1,0,33.95273467,-97.23906784,40085.0,2155.466692675315,0.4524886877828054,220,220,1,0,219,217,10134,1,0,0,1,3
2020-10-06,US,Oklahoma,Major,104,2,0,36.31149996,-98.53467076,40093.0,1363.2192947961726,1.9230769230769231,102,100,2,0,98,98,7644,4,0,0,4,2
2020-10-06,US,Oklahoma,Marshall,200,2,0,34.02311222,-96.76855464,40095.0,1181.2651349595415,1.0,198,196,2,0,194,196,16806,4,0,0,4,0
2020-10-06,US,Oklahoma,Mayes,753,11,0,36.30179091,-95.23175116,40097.0,1832.1167883211679,1.4608233731739708,742,726,11,0,715,718,41107,27,0,0,27,8
2020-10-06,US,Oklahoma,McClain,970,7,0,35.01123903,-97.44572302,40087.0,2396.6002866037456,0.7216494845360825,963,962,7,0,955,935,39985,8,0,0,8,27
2020-10-06,US,Oklahoma,McCurtain,1359,35,0,34.11664328,-94.77222373,40089.0,4139.254385964912,2.5754231052244303,1324,1349,34,0,1315,1342,32703,10,1,0,9,7
2020-10-06,US,Oklahoma,McIntosh,373,7,0,35.37235506,-95.66599306,40091.0,1903.4496836089002,1.8766756032171583,366,362,6,0,356,360,19815,11,1,0,10,2
2020-10-06,US,Oklahoma,Murray,177,1,0,34.48116015,-97.06826283,40099.0,1257.7275634193136,0.5649717514124294,176,169,1,0,168,163,13953,8,0,0,8,6
2020-10-06,US,Oklahoma,Muskogee,1987,25,0,35.61318461,-95.37802952,40101.0,2922.1877435769225,1.2581781580271767,1962,1958,25,0,1933,1949,68362,29,0,0,29,9
2020-10-06,US,Oklahoma,Noble,162,3,0,36.38953329,-97.22928674,40103.0,1455.3948432306174,1.851851851851852,159,161,3,0,158,163,11289,1,0,0,1,-2
2020-10-06,US,Oklahoma,Nowata,152,4,0,36.79843529,-95.61902331,40105.0,1508.5351329892817,2.631578947368421,148,152,4,0,148,152,10218,0,0,0,0,0
2020-10-06,US,Oklahoma,Okfuskee,183,5,0,35.46485198,-96.32639984,40107.0,1525.8901025598263,2.7322404371584703,178,179,5,0,174,153,12098,4,0,0,4,26
2020-10-06,US,Oklahoma,Oklahoma,19307,197,0,35.55140095,-97.40716948,40109.0,2421.1408091453336,1.0203553115450354,19110,19140,197,0,18943,18870,792582,167,0,0,167,270
2020-10-06,US,Oklahoma,Okmulgee,899,8,0,35.64661916,-95.96432828,40111.0,2337.1896529312357,0.8898776418242491,891,893,8,0,885,889,38335,6,0,0,6,4
2020-10-06,US,Oklahoma,Osage,1168,13,0,36.62888819,-96.39635704,40113.0,2487.064284649618,1.1130136986301369,1155,1140,13,0,1127,1132,47014,28,0,0,28,8
2020-10-06,US,Oklahoma,Ottawa,936,7,0,36.83532655,-94.81011909,40115.0,3007.0356924856237,0.7478632478632479,929,930,7,0,923,911,31175,6,0,0,6,19
2020-10-06,US,Oklahoma,Pawnee,266,4,0,36.31743373,-96.70331759999999,40117.0,1624.3282852955545,1.5037593984962403,262,264,4,0,260,263,16390,2,0,0,2,1
2020-10-06,US,Oklahoma,Payne,2460,7,0,36.07695283,-96.97584944,40119.0,3007.9233101829213,0.2845528455284553,2453,2436,7,0,2429,2416,82040,24,0,0,24,20
2020-10-06,US,Oklahoma,Pittsburg,1012,20,0,34.92065823,-95.75134320000001,40121.0,2318.229715489989,1.9762845849802368,992,1003,20,0,983,988,43877,9,0,0,9,15
2020-10-06,US,Oklahoma,Pontotoc,495,3,0,34.72959848,-96.68337199,40123.0,1292.9683418660534,0.6060606060606061,492,485,3,0,482,476,38247,10,0,0,10,9
2020-10-06,US,Oklahoma,Pottawatomie,1584,10,0,35.20614018,-96.94923008,40125.0,2182.058629050033,0.6313131313131313,1574,1555,10,0,1545,1512,72679,29,0,0,29,43
2020-10-06,US,Oklahoma,Pushmataha,203,2,0,34.41635232,-95.37603505,40127.0,1829.488103821197,0.9852216748768472,201,201,2,0,199,199,11179,2,0,0,2,2
2020-10-06,US,Oklahoma,Roger Mills,73,1,0,35.68711719,-99.69666167,40129.0,2037.398827797935,1.3698630136986298,72,71,1,0,70,64,3656,2,0,0,2,7
2020-10-06,US,Oklahoma,Rogers,2025,52,0,36.37004357,-95.60406759,40131.0,2190.15996279432,2.567901234567901,1973,1993,52,0,1941,1986,91984,32,0,0,32,7
2020-10-06,US,Oklahoma,Seminole,542,6,0,35.16478725,-96.61686741,40133.0,2234.314452963971,1.1070110701107012,536,525,6,0,519,512,24578,17,0,0,17,13
2020-10-06,US,Oklahoma,Sequoyah,997,12,0,35.49447108,-94.75463785,40135.0,2398.421900935793,1.2036108324974926,985,973,12,0,961,967,41179,24,0,0,24,6
2020-10-06,US,Oklahoma,Stephens,485,5,0,34.48556989,-97.85141892,40137.0,1124.1684630183343,1.0309278350515465,480,476,5,0,471,470,43265,9,0,0,9,6
2020-10-06,US,Oklahoma,Texas,1630,10,0,36.74777635,-101.4889765,40139.0,8156.933393384376,0.6134969325153374,1620,1602,10,0,1592,1595,20455,28,0,0,28,7
2020-10-06,US,Oklahoma,Tillman,111,2,0,34.37288446,-98.92426619,40141.0,1531.0344827586207,1.8018018018018016,109,109,2,0,107,108,7348,2,0,0,2,1
2020-10-06,US,Oklahoma,Tulsa,18182,171,0,36.11939621,-95.94013939,40143.0,2790.567752075045,0.9404905950940492,18011,17949,169,0,17780,17820,648360,233,2,0,231,129
2020-10-06,US,Oklahoma,Unassigned,42,0,0,0.0,0.0,90040.0,0.0,0.0,42,39,0,0,39,30,,3,0,0,3,9
2020-10-06,US,Oklahoma,Wagoner,1588,26,0,35.96024096,-95.51911308,40145.0,1953.523847014972,1.6372795969773302,1562,1564,26,0,1538,1555,80110,24,0,0,24,9
2020-10-06,US,Oklahoma,Washington,1049,41,0,36.71380786,-95.90514104,40147.0,2035.8258776951886,3.9084842707340326,1008,1041,41,0,1000,1035,51843,8,0,0,8,6
2020-10-06,US,Oklahoma,Washita,106,0,0,35.29071824,-98.99180434,40149.0,971.0516672773912,0.0,106,101,0,0,101,100,11127,5,0,0,5,1
2020-10-06,US,Oklahoma,Woods,118,0,0,36.76705782,-98.86573064,40151.0,1341.9765722733996,0.0,118,117,0,0,117,114,8897,1,0,0,1,3
2020-10-06,US,Oklahoma,Woodward,1134,5,0,36.42316318,-99.26283045,40153.0,5610.805996734452,0.4409171075837742,1129,1120,5,0,1115,1120,20222,14,0,0,14,0
2020-10-06,US,Oregon,Baker,102,2,0,44.70915557,-117.6749883,41001.0,632.5973703795585,1.96078431372549,100,101,2,0,99,101,16006,1,0,0,1,0
2020-10-06,US,Oregon,Benton,359,6,0,44.49167306,-123.4316987,41003.0,385.80163992563376,1.6713091922005572,353,351,6,0,345,349,92101,8,0,0,8,2
2020-10-06,US,Oregon,Clackamas,2595,64,0,45.18787398,-122.2179634,41005.0,620.5357890130492,2.466281310211946,2531,2567,63,0,2504,2542,416075,28,1,0,27,25
2020-10-06,US,Oregon,Clatsop,228,0,0,45.99712889,-123.660711,41007.0,566.8257756563246,0.0,228,225,0,0,225,225,39764,3,0,0,3,0
2020-10-06,US,Oregon,Columbia,210,1,0,45.94464254,-123.08908980000001,41009.0,401.11548305764603,0.4761904761904762,209,207,1,0,206,201,52377,3,0,0,3,6
2020-10-06,US,Oregon,Coos,186,0,0,43.17406868,-124.0594514,41011.0,288.4302262471506,0.0,186,179,0,0,179,176,64389,7,0,0,7,3
2020-10-06,US,Oregon,Crook,64,1,0,44.14230227,-120.356297,41013.0,262.25208982134075,1.5625,63,63,1,0,62,63,23867,1,0,0,1,0
2020-10-06,US,Oregon,Curry,32,0,0,42.45911325,-124.15728200000001,41015.0,139.5856052344602,0.0,32,32,0,0,32,32,22813,0,0,0,0,0
2020-10-06,US,Oregon,Deschutes,928,12,0,43.91570171,-121.2289121,41017.0,469.4170730226817,1.293103448275862,916,917,12,0,905,906,191996,11,0,0,11,11
2020-10-06,US,Oregon,Douglas,262,4,0,43.27941273,-123.16729099999999,41019.0,236.07857271580463,1.5267175572519085,258,259,4,0,255,257,110283,3,0,0,3,2
2020-10-06,US,Oregon,Gilliam,8,0,0,45.37160076,-120.20488689999999,41021.0,418.41004184100416,0.0,8,8,0,0,8,8,1894,0,0,0,0,0
2020-10-06,US,Oregon,Grant,10,0,0,44.49024544,-119.0068631,41023.0,138.90818169190166,0.0,10,10,0,0,10,10,7176,0,0,0,0,0
2020-10-06,US,Oregon,Harney,12,0,0,43.06422669,-118.96663059999999,41025.0,162.31570404436633,0.0,12,12,0,0,12,12,7329,0,0,0,0,0
2020-10-06,US,Oregon,Hood River,255,0,0,45.51872811,-121.65520359999998,41027.0,1090.5824993584806,0.0,255,254,0,0,254,254,23428,1,0,0,1,0
2020-10-06,US,Oregon,Jackson,1275,6,0,42.43201126,-122.72893090000001,41029.0,577.0693026287204,0.4705882352941176,1269,1267,6,0,1261,1254,219564,8,0,0,8,13
2020-10-06,US,Oregon,Jefferson,567,8,0,44.62806839,-121.17832,41031.0,2299.4565658204237,1.4109347442680775,559,565,8,0,557,562,24192,2,0,0,2,3
2020-10-06,US,Oregon,Josephine,222,2,0,42.3665549,-123.5561938,41033.0,253.75198600935002,0.9009009009009008,220,221,2,0,219,215,87393,1,0,0,1,6
2020-10-06,US,Oregon,Klamath,306,3,0,42.68762984,-121.64964609999998,41035.0,448.43049327354265,0.9803921568627452,303,305,3,0,302,302,67653,1,0,0,1,3
2020-10-06,US,Oregon,Lake,33,0,0,42.79246693,-120.38501629999999,41037.0,419.3671368661838,0.0,33,33,0,0,33,33,7879,0,0,0,0,0
2020-10-06,US,Oregon,Lane,1551,19,0,43.93727035,-122.847753,41039.0,405.9497417992132,1.22501611863314,1532,1500,19,0,1481,1470,379611,51,0,0,51,30
2020-10-06,US,Oregon,Lincoln,488,13,0,44.64252874,-123.86991200000001,41041.0,976.7423241663664,2.6639344262295084,475,485,13,0,472,485,49388,3,0,0,3,0
2020-10-06,US,Oregon,Linn,580,13,0,44.48899494,-122.53731540000001,41043.0,447.01693269312284,2.2413793103448274,567,575,13,0,562,568,127335,5,0,0,5,7
2020-10-06,US,Oregon,Malheur,1709,33,0,43.1937027,-117.62273950000001,41045.0,5590.2652840927685,1.9309537741369225,1676,1699,30,0,1669,1691,30725,10,3,0,7,8
2020-10-06,US,Oregon,Marion,5010,101,0,44.90287942,-122.58151170000001,41047.0,1440.4084894973807,2.0159680638722555,4909,4976,99,0,4877,4924,346868,34,2,0,32,52
2020-10-06,US,Oregon,Morrow,523,6,0,45.41846568,-119.584546,41049.0,4507.454968542618,1.147227533460803,517,522,6,0,516,521,11372,1,0,0,1,1
2020-10-06,US,Oregon,Multnomah,7623,145,0,45.54747959,-122.4169351,41051.0,937.8056356914824,1.9021382657746293,7478,7576,144,0,7432,7516,811880,47,1,0,46,60
2020-10-06,US,Oregon,Polk,567,15,0,44.90322804,-123.4128888,41053.0,658.6513329848408,2.6455026455026456,552,556,15,0,541,553,85234,11,0,0,11,3
2020-10-06,US,Oregon,Sherman,18,0,0,45.41501554,-120.6827834,41055.0,1011.2359550561798,0.0,18,18,0,0,18,18,1708,0,0,0,0,0
2020-10-06,US,Oregon,Tillamook,54,0,0,45.46248721,-123.712066,41057.0,199.7336884154461,0.0,54,54,0,0,54,54,26787,0,0,0,0,0
2020-10-06,US,Oregon,Umatilla,3108,42,0,45.59073056,-118.7353826,41059.0,3987.171263630533,1.351351351351351,3066,3102,42,0,3060,3095,77516,6,0,0,6,7
2020-10-06,US,Oregon,Union,447,2,0,45.30915495,-118.0068979,41061.0,1665.7350475125766,0.44742729306487694,445,446,2,0,444,446,26461,1,0,0,1,0
2020-10-06,US,Oregon,Wallowa,34,1,0,45.57894064,-117.18353799999998,41063.0,471.6981132075471,2.9411764705882355,33,33,1,0,32,33,7081,1,0,0,1,0
2020-10-06,US,Oregon,Wasco,306,6,0,45.16292781,-121.16709540000001,41065.0,1146.8405666741623,1.96078431372549,300,306,5,0,301,305,26505,0,1,0,-1,1
2020-10-06,US,Oregon,Washington,4840,62,0,45.55972701,-123.0955257,41067.0,804.5319751592441,1.28099173553719,4778,4810,61,0,4749,4779,597695,30,1,0,29,31
2020-10-06,US,Oregon,Yamhill,827,14,0,45.23330449,-123.3086963,41071.0,772.1755368814192,1.692865779927449,813,815,14,0,801,810,107002,12,0,0,12,5
2020-10-06,US,Pennsylvania,Adams,891,26,0,39.87140411,-77.21610347,42001.0,864.9729635274588,2.9180695847362514,865,885,26,0,859,880,102811,6,0,0,6,5
2020-10-06,US,Pennsylvania,Allegheny,12854,367,0,40.46809875,-79.98167747,42003.0,1057.0332512365908,2.855142368134433,12487,12777,364,0,12413,12731,1218452,77,3,0,74,46
2020-10-06,US,Pennsylvania,Armstrong,473,18,0,40.81665618,-79.46290811,42005.0,730.6711979609175,3.8054968287526423,455,471,18,0,453,463,65263,2,0,0,2,8
2020-10-06,US,Pennsylvania,Beaver,1993,130,0,40.6825484,-80.34921611,42007.0,1215.77024199501,6.522829904666332,1863,1973,129,0,1844,1971,164742,20,1,0,19,2
2020-10-06,US,Pennsylvania,Bedford,264,6,0,40.00522157,-78.48998442,42009.0,551.286334781156,2.272727272727273,258,262,6,0,256,262,48176,2,0,0,2,0
2020-10-06,US,Pennsylvania,Berks,7420,401,0,40.41570541,-75.92457766,42011.0,1761.7840081298496,5.4043126684636125,7019,7378,399,0,6979,7351,420152,42,2,0,40,27
2020-10-06,US,Pennsylvania,Blair,810,19,0,40.47961444,-78.34917412,42013.0,664.8663290349589,2.345679012345679,791,795,19,0,776,779,122492,15,0,0,15,16
2020-10-06,US,Pennsylvania,Bradford,258,5,0,41.78869215,-76.51570822,42015.0,427.6975614608026,1.937984496124031,253,240,5,0,235,221,60833,18,0,0,18,19
2020-10-06,US,Pennsylvania,Bucks,9086,618,0,40.33682119,-75.10836643,42017.0,1446.1935155267636,6.801672903367819,8468,9066,617,0,8449,9037,628195,20,1,0,19,29
2020-10-06,US,Pennsylvania,Butler,1150,25,0,40.91152759,-79.91351055,42019.0,612.1808009454202,2.1739130434782608,1125,1136,25,0,1111,1128,187888,14,0,0,14,8
2020-10-06,US,Pennsylvania,Cambria,667,7,0,40.49527404,-78.71377428,42021.0,512.3202654540986,1.0494752623688155,660,655,7,0,648,652,131730,12,0,0,12,3
2020-10-06,US,Pennsylvania,Cameron,8,0,0,41.43625568,-78.20376845,42023.0,179.89655947830002,0.0,8,8,0,0,8,8,4492,0,0,0,0,0
2020-10-06,US,Pennsylvania,Carbon,482,28,0,40.91545395,-75.7068525,42025.0,750.9893739677791,5.809128630705394,454,478,28,0,450,477,64227,4,0,0,4,1
2020-10-06,US,Pennsylvania,Centre,3171,11,0,40.92058903,-77.82200624,42027.0,1952.7665732672353,0.3468937243771681,3160,3044,11,0,3033,3024,162805,127,0,0,127,20
2020-10-06,US,Pennsylvania,Chester,7155,370,0,39.97291773,-75.74768357,42029.0,1362.8856985574935,5.171208944793849,6785,7135,370,0,6765,7040,522046,20,0,0,20,95
2020-10-06,US,Pennsylvania,Clarion,142,3,0,41.19265812,-79.42413524,42031.0,369.426088766325,2.112676056338028,139,139,3,0,136,137,38779,3,0,0,3,2
2020-10-06,US,Pennsylvania,Clearfield,347,6,0,41.00110782,-78.47592663,42033.0,437.82726641852247,1.7291066282420748,341,345,6,0,339,342,79388,2,0,0,2,3
2020-10-06,US,Pennsylvania,Clinton,217,6,0,41.23255967,-77.63785995,42035.0,561.7104990681299,2.7649769585253456,211,217,6,0,211,214,38684,0,0,0,0,3
2020-10-06,US,Pennsylvania,Columbia,962,36,0,41.04821986,-76.40565017,42037.0,1480.8201465427005,3.7422037422037424,926,963,36,0,927,954,65456,-1,0,0,-1,9
2020-10-06,US,Pennsylvania,Crawford,331,3,0,41.68447709,-80.10760592,42039.0,391.11888359782114,0.9063444108761328,328,330,3,0,327,324,85063,1,0,0,1,6
2020-10-06,US,Pennsylvania,Cumberland,1991,77,0,40.1625372,-77.26130755,42041.0,785.8073173619607,3.867403314917127,1914,1978,77,0,1901,1970,251423,13,0,0,13,8
2020-10-06,US,Pennsylvania,Dauphin,3982,182,0,40.41377078,-76.77993242,42043.0,1430.8351808666214,4.5705675539929675,3800,3966,182,0,3784,3946,277097,16,0,0,16,20
2020-10-06,US,Pennsylvania,Delaware,11772,758,0,39.91680171,-75.40243663,42045.0,2077.11730278237,6.4390078151546035,11014,11746,758,0,10988,11716,564751,26,0,0,26,30
2020-10-06,US,Pennsylvania,Elk,78,2,0,41.42822061,-78.64524744,42047.0,260.7823470411234,2.5641025641025643,76,78,2,0,76,77,30169,0,0,0,0,1
2020-10-06,US,Pennsylvania,Erie,1673,39,0,41.99253829,-80.03301954,42049.0,620.2544785858347,2.3311416616855953,1634,1656,39,0,1617,1643,272061,17,0,0,17,13
2020-10-06,US,Pennsylvania,Fayette,845,8,0,39.92041012,-79.64291195,42051.0,653.6503860018256,0.9467455621301776,837,831,7,0,824,828,130441,14,1,0,13,3
2020-10-06,US,Pennsylvania,Forest,15,0,0,41.51095103,-79.23229292,42053.0,206.9821995308404,0.0,15,15,0,0,15,15,7279,0,0,0,0,0
2020-10-06,US,Pennsylvania,Franklin,1847,52,0,39.92956518,-77.72157791,42055.0,1191.40536809717,2.8153762858689766,1795,1835,52,0,1783,1835,154835,12,0,0,12,0
2020-10-06,US,Pennsylvania,Fulton,55,2,0,39.92913544,-78.11163677,42057.0,378.52718513420507,3.636363636363636,53,52,2,0,50,52,14523,3,0,0,3,0
2020-10-06,US,Pennsylvania,Greene,195,1,0,39.85746531,-80.22357106,42059.0,538.1834239505423,0.5128205128205128,194,194,1,0,193,194,36506,1,0,0,1,0
2020-10-06,US,Pennsylvania,Huntingdon,449,6,0,40.42162652,-77.97673273,42061.0,994.595073542442,1.33630289532294,443,446,6,0,440,444,45168,3,0,0,3,2
2020-10-06,US,Pennsylvania,Indiana,797,12,0,40.65241041,-79.08963285,42063.0,947.9856791122003,1.5056461731493098,785,791,12,0,779,780,84501,6,0,0,6,11
2020-10-06,US,Pennsylvania,Jefferson,121,3,0,41.12913106,-78.9986361,42065.0,278.64133563615434,2.479338842975207,118,120,3,0,117,118,43641,1,0,0,1,2
2020-10-06,US,Pennsylvania,Juniata,199,7,0,40.53358749,-77.39975129999998,42067.0,803.618301498203,3.5175879396984926,192,199,7,0,192,199,24704,0,0,0,0,0
2020-10-06,US,Pennsylvania,Lackawanna,2747,216,0,41.43564672,-75.60379201,42069.0,1310.1290574892453,7.863123407353476,2531,2731,216,0,2515,2713,210793,16,0,0,16,18
2020-10-06,US,Pennsylvania,Lancaster,8257,461,0,40.03904563,-76.24770128,42071.0,1513.035893601894,5.58314157684389,7796,8218,459,0,7759,8195,543557,39,2,0,37,23
2020-10-06,US,Pennsylvania,Lawrence,564,22,0,40.99206278,-80.33393706,42073.0,659.5565534661803,3.9007092198581566,542,562,22,0,540,559,86184,2,0,0,2,3
2020-10-06,US,Pennsylvania,Lebanon,2181,62,0,40.36680311,-76.45651841,42075.0,1538.1577369827844,2.8427326914259514,2119,2164,62,0,2102,2150,141314,17,0,0,17,14
2020-10-06,US,Pennsylvania,Lehigh,5805,356,0,40.6154815,-75.59435245,42077.0,1571.8161584325705,6.1326442721791565,5449,5781,355,0,5426,5770,368100,24,1,0,23,11
2020-10-06,US,Pennsylvania,Luzerne,4222,190,0,41.17823008,-75.98447579,42079.0,1330.1114937133173,4.500236854571293,4032,4209,190,0,4019,4193,317646,13,0,0,13,16
2020-10-06,US,Pennsylvania,Lycoming,753,26,0,41.34310539,-77.06629984,42081.0,664.6131033813184,3.452855245683931,727,751,26,0,725,744,113664,2,0,0,2,7
2020-10-06,US,Pennsylvania,McKean,63,2,0,41.80938602,-78.56478358,42083.0,155.0769230769231,3.1746031746031744,61,62,2,0,60,63,40968,1,0,0,1,-1
2020-10-06,US,Pennsylvania,Mercer,784,23,0,41.30248872,-80.25816981,42085.0,716.4790174002047,2.9336734693877546,761,778,21,0,757,771,110683,6,2,0,4,7
2020-10-06,US,Pennsylvania,Mifflin,248,2,0,40.61116939,-77.61070738,42087.0,537.5178811391911,0.8064516129032258,246,241,2,0,239,238,46222,7,0,0,7,3
2020-10-06,US,Pennsylvania,Monroe,1831,134,0,41.05934058,-75.34031025,42089.0,1075.3445977295019,7.318405243036593,1697,1829,134,0,1695,1826,169507,2,0,0,2,3
2020-10-06,US,Pennsylvania,Montgomery,12543,883,0,40.21053671,-75.36652296,42091.0,1509.5406870738886,7.039783145977836,11660,12517,883,0,11634,12499,828604,26,0,0,26,18
2020-10-06,US,Pennsylvania,Montour,218,5,0,41.03023987,-76.66345939,42093.0,1195.8310477235327,2.2935779816513757,213,216,5,0,211,198,18240,2,0,0,2,18
2020-10-06,US,Pennsylvania,Northampton,4638,305,0,40.75182733,-75.30471829,42095.0,1519.236123622189,6.576110392410523,4333,4606,305,0,4301,4597,304807,32,0,0,32,9
2020-10-06,US,Pennsylvania,Northumberland,1151,71,0,40.84785433,-76.70798222,42097.0,1267.021124357408,6.168549087749783,1080,1144,69,0,1075,1132,91083,7,2,0,5,12
2020-10-06,US,Pennsylvania,Perry,252,6,0,40.40206612,-77.26297447,42099.0,544.6058091286307,2.380952380952381,246,246,6,0,240,242,46139,6,0,0,6,4
2020-10-06,US,Pennsylvania,Philadelphia,38083,1817,0,40.00338507,-75.1379271,42101.0,2404.132661306614,4.771157734422184,36266,37807,1816,0,35991,37502,1584138,276,1,0,275,305
2020-10-06,US,Pennsylvania,Pike,596,22,0,41.33155042,-75.03208106,42103.0,1067.928111953269,3.6912751677852342,574,595,22,0,573,591,55933,1,0,0,1,4
2020-10-06,US,Pennsylvania,Potter,31,0,0,41.74471626,-77.89559864,42105.0,187.58320222679413,0.0,31,30,0,0,30,30,16622,1,0,0,1,0
2020-10-06,US,Pennsylvania,Schuylkill,1297,58,0,40.70497338,-76.2150785,42107.0,917.5220537779696,4.471858134155744,1239,1277,58,0,1219,1258,142067,20,0,0,20,19
2020-10-06,US,Pennsylvania,Snyder,403,8,0,40.77129231,-77.06840691,42109.0,998.2165857525017,1.9851116625310172,395,396,8,0,388,395,40540,7,0,0,7,1
2020-10-06,US,Pennsylvania,Somerset,239,3,0,39.97172723,-79.02699593,42111.0,325.40471360300626,1.2552301255230125,236,238,3,0,235,238,73952,1,0,0,1,0
2020-10-06,US,Pennsylvania,Sullivan,15,0,0,41.44634738,-76.51246591,42113.0,247.27992087042526,0.0,15,15,0,0,15,15,6071,0,0,0,0,0
2020-10-06,US,Pennsylvania,Susquehanna,310,28,0,41.82147784,-75.80071959,42115.0,768.6966871652451,9.03225806451613,282,308,28,0,280,307,40589,2,0,0,2,1
2020-10-06,US,Pennsylvania,Tioga,101,3,0,41.77255149,-77.25433032,42117.0,248.82363085413024,2.9702970297029703,98,95,3,0,92,95,40763,6,0,0,6,0
2020-10-06,US,Pennsylvania,Union,571,7,0,40.96188846,-77.05996014,42119.0,1271.0638203147607,1.2259194395796849,564,568,7,0,561,558,44785,3,0,0,3,10
2020-10-06,US,Pennsylvania,Venango,102,1,0,41.40323442,-79.75845449,42121.0,201.3104918291624,0.9803921568627452,101,97,1,0,96,97,51266,5,0,0,5,0
2020-10-06,US,Pennsylvania,Warren,46,1,0,41.81304978,-79.26969577,42123.0,117.3738868617795,2.1739130434782608,45,45,1,0,44,45,39498,1,0,0,1,0
2020-10-06,US,Pennsylvania,Washington,1465,30,0,40.19208869,-80.24582867,42125.0,708.1913325115413,2.04778156996587,1435,1449,30,0,1419,1434,207346,16,0,0,16,15
2020-10-06,US,Pennsylvania,Wayne,257,11,0,41.64938475,-75.29956506,42127.0,500.3796655049552,4.280155642023346,246,256,11,0,245,256,51276,1,0,0,1,0
2020-10-06,US,Pennsylvania,Westmoreland,2500,57,0,40.31377979999999,-79.46615476,42129.0,716.5397435934183,2.28,2443,2461,57,0,2404,2416,350611,39,0,0,39,45
2020-10-06,US,Pennsylvania,Wyoming,80,8,0,41.51955538,-76.01074915,42131.0,298.57430768082406,10.0,72,80,8,0,72,80,27046,0,0,0,0,0
2020-10-06,US,Pennsylvania,York,5171,171,0,39.9210089,-76.73040131,42133.0,1151.521629722664,3.306903887062464,5000,5125,171,0,4954,5107,448273,46,0,0,46,18
2020-10-06,US,Puerto Rico,Adjuntas,157,0,0,18.180117000000006,-66.754367,72001.0,805.8307242211157,0.0,157,157,0,0,157,156,,0,0,0,0,1
2020-10-06,US,Puerto Rico,Aguada,371,0,0,18.360255,-67.17513100000001,72003.0,884.1964775137634,0.0,371,368,0,0,368,367,,3,0,0,3,1
2020-10-06,US,Puerto Rico,Aguadilla,450,0,0,18.459681,-67.12081500000001,72005.0,738.3222038097424,0.0,450,449,0,0,449,449,,1,0,0,1,0
2020-10-06,US,Puerto Rico,Aguas Buenas,306,0,0,18.251619,-66.126806,72007.0,1067.7274154715797,0.0,306,303,0,0,303,302,,3,0,0,3,1
2020-10-06,US,Puerto Rico,Aibonito,162,0,0,18.131361,-66.264131,72009.0,625.4826254826255,0.0,162,161,0,0,161,161,,1,0,0,1,0
2020-10-06,US,Puerto Rico,Anasco,230,0,0,18.287985,-67.120611,72011.0,786.0291856054132,0.0,230,230,0,0,230,230,,0,0,0,0,0
2020-10-06,US,Puerto Rico,Arecibo,916,0,0,18.406631,-66.675077,72013.0,949.8133554541683,0.0,916,908,0,0,908,901,,8,0,0,8,7
2020-10-06,US,Puerto Rico,Arroyo,178,0,0,17.998457000000005,-66.056546,72015.0,909.323116219668,0.0,178,178,0,0,178,178,,0,0,0,0,0
2020-10-06,US,Puerto Rico,Barceloneta,275,0,0,18.445532999999998,-66.56053100000001,72017.0,1108.1560283687943,0.0,275,270,0,0,270,265,,5,0,0,5,5
2020-10-06,US,Puerto Rico,Barranquitas,504,0,0,18.201592,-66.30963,72019.0,1662.3787848802692,0.0,504,502,0,0,502,499,,2,0,0,2,3
2020-10-06,US,Puerto Rico,Bayamon,4052,0,0,18.34946,-66.168435,72021.0,1946.9911011166848,0.0,4052,4024,0,0,4024,3985,,28,0,0,28,39
2020-10-06,US,Puerto Rico,Cabo Rojo,362,0,0,18.040993,-67.154391,72023.0,710.96097570556,0.0,362,360,0,0,360,359,,2,0,0,2,1
2020-10-06,US,Puerto Rico,Caguas,1736,0,0,18.211615,-66.050779,72025.0,1214.8950613396034,0.0,1736,1726,0,0,1726,1711,,10,0,0,10,15
2020-10-06,US,Puerto Rico,Camuy,317,0,0,18.418578,-66.860206,72027.0,901.6183622969936,0.0,317,315,0,0,315,310,,2,0,0,2,5
2020-10-06,US,Puerto Rico,Canovanas,755,0,0,18.328802,-65.887612,72029.0,1584.5366017461386,0.0,755,748,0,0,748,745,,7,0,0,7,3
2020-10-06,US,Puerto Rico,Carolina,3121,0,0,18.374986,-65.95683100000001,72031.0,1765.6509883345968,0.0,3121,3103,0,0,3103,3055,,18,0,0,18,48
2020-10-06,US,Puerto Rico,Catano,501,0,0,18.437269,-66.14330600000001,72033.0,1780.3837953091684,0.0,501,496,0,0,496,488,,5,0,0,5,8
2020-10-06,US,Puerto Rico,Cayey,388,0,0,18.102851,-66.14914,72035.0,806.3342962239445,0.0,388,385,0,0,385,381,,3,0,0,3,4
2020-10-06,US,Puerto Rico,Ceiba,148,0,0,18.251818,-65.666416,72037.0,1085.760399090309,0.0,148,146,0,0,146,145,,2,0,0,2,1
2020-10-06,US,Puerto Rico,Ciales,293,0,0,18.28885,-66.516475,72039.0,1560.0042593972953,0.0,293,292,0,0,292,290,,1,0,0,1,2
2020-10-06,US,Puerto Rico,Cidra,361,0,0,18.173559,-66.161179,72041.0,830.2667893284269,0.0,361,361,0,0,361,355,,0,0,0,0,6
2020-10-06,US,Puerto Rico,Coamo,319,0,0,18.097597,-66.36014,72043.0,787.4210110584517,0.0,319,314,0,0,314,311,,5,0,0,5,3
2020-10-06,US,Puerto Rico,Comerio,261,0,0,18.224687,-66.221622,72045.0,1256.136298007508,0.0,261,261,0,0,261,261,,0,0,0,0,0
2020-10-06,US,Puerto Rico,Corozal,689,0,0,18.304264,-66.327738,72047.0,1855.0428086802008,0.0,689,682,0,0,682,674,,7,0,0,7,8
2020-10-06,US,Puerto Rico,Culebra,22,0,0,18.31586,-65.28813000000001,72049.0,1210.1210121012102,0.0,22,22,0,0,22,22,,0,0,0,0,0
2020-10-06,US,Puerto Rico,Dorado,857,0,0,18.436115,-66.278669,72051.0,2245.512904493646,0.0,857,852,0,0,852,842,,5,0,0,5,10
2020-10-06,US,Puerto Rico,Fajardo,603,0,0,18.318373,-65.666866,72053.0,1630.0381153191145,0.0,603,592,0,0,592,586,,11,0,0,11,6
2020-10-06,US,Puerto Rico,Florida,347,0,0,18.373715,-66.560488,72054.0,2736.5930599369085,0.0,347,338,0,0,338,334,,9,0,0,9,4
2020-10-06,US,Puerto Rico,Guanica,117,0,0,17.982429,-66.91964300000001,72055.0,602.2545941215834,0.0,117,117,0,0,117,115,,0,0,0,0,2
2020-10-06,US,Puerto Rico,Guayama,322,0,0,18.007516,-66.13390799999999,72057.0,709.8452449186542,0.0,322,318,0,0,318,316,,4,0,0,4,2
2020-10-06,US,Puerto Rico,Guayanilla,201,0,0,18.039942,-66.79186,72059.0,931.374820443909,0.0,201,197,0,0,197,197,,4,0,0,4,0
2020-10-06,US,Puerto Rico,Guaynabo,1889,0,0,18.345114000000002,-66.11452299999999,72061.0,1929.047016053266,0.0,1889,1871,0,0,1871,1866,,18,0,0,18,5
2020-10-06,US,Puerto Rico,Gurabo,595,0,0,18.266461,-65.97970500000001,72063.0,1311.4681831206328,0.0,595,590,0,0,590,577,,5,0,0,5,13
2020-10-06,US,Puerto Rico,Hatillo,348,0,0,18.410928,-66.79632600000001,72065.0,829.4996782113318,0.0,348,344,0,0,344,339,,4,0,0,4,5
2020-10-06,US,Puerto Rico,Hormigueros,183,0,0,18.134532,-67.113972,72067.0,1060.8695652173913,0.0,183,180,0,0,180,179,,3,0,0,3,1
2020-10-06,US,Puerto Rico,Humacao,626,0,0,18.145211,-65.810174,72069.0,1070.707761776075,0.0,626,624,0,0,624,615,,2,0,0,2,9
2020-10-06,US,Puerto Rico,Isabela,292,0,0,18.44981,-67.005093,72071.0,639.9158466831759,0.0,292,291,0,0,291,287,,1,0,0,1,4
2020-10-06,US,Puerto Rico,Jayuya,253,0,0,18.211446,-66.58878,72073.0,1520.2499699555344,0.0,253,252,0,0,252,246,,1,0,0,1,6
2020-10-06,US,Puerto Rico,Juana Diaz,377,0,0,18.050764,-66.49458100000001,72075.0,471.85751655256144,0.0,377,374,0,0,374,373,,3,0,0,3,1
2020-10-06,US,Puerto Rico,Juncos,446,0,0,18.223793,-65.909109,72077.0,1106.9744353437577,0.0,446,445,0,0,445,433,,1,0,0,1,12
2020-10-06,US,Puerto Rico,Lajas,179,0,0,18.011661,-67.040585,72079.0,695.0646526618257,0.0,179,179,0,0,179,176,,0,0,0,0,3
2020-10-06,US,Puerto Rico,Lares,365,0,0,18.269035000000002,-66.867236,72081.0,1186.8760771306866,0.0,365,361,0,0,361,356,,4,0,0,4,5
2020-10-06,US,Puerto Rico,Las Marias,113,0,0,18.23679,-66.98362,72083.0,1143.6089464629085,0.0,113,112,0,0,112,112,,1,0,0,1,0
2020-10-06,US,Puerto Rico,Las Piedras,534,0,0,18.187527,-65.86946800000001,72085.0,1380.736910148675,0.0,534,532,0,0,532,523,,2,0,0,2,9
2020-10-06,US,Puerto Rico,Loiza,303,0,0,18.425688,-65.89943000000001,72087.0,1007.9840319361276,0.0,303,303,0,0,303,301,,0,0,0,0,2
2020-10-06,US,Puerto Rico,Luquillo,278,0,0,18.342114000000002,-65.72509699999999,72089.0,1385.2900139525616,0.0,278,278,0,0,278,276,,0,0,0,0,2
2020-10-06,US,Puerto Rico,Manati,619,0,0,18.420473,-66.490461,72091.0,1403.2144719243759,0.0,619,614,0,0,614,604,,5,0,0,5,10
2020-10-06,US,Puerto Rico,Maricao,87,0,0,18.171795,-66.942126,72093.0,1386.2332695984705,0.0,87,87,0,0,87,87,,0,0,0,0,0
2020-10-06,US,Puerto Rico,Maunabo,142,0,0,18.017889,-65.922235,72095.0,1161.5541922290388,0.0,142,140,0,0,140,139,,2,0,0,2,1
2020-10-06,US,Puerto Rico,Mayaguez,869,0,0,18.2013,-67.1452,72097.0,975.5276156264032,0.0,869,865,0,0,865,858,,4,0,0,4,7
2020-10-06,US,Puerto Rico,Moca,380,0,0,18.377805,-67.080952,72099.0,947.418285172904,0.0,380,374,0,0,374,370,,6,0,0,6,4
2020-10-06,US,Puerto Rico,Morovis,552,0,0,18.316963,-66.420383,72101.0,1692.7322907083717,0.0,552,550,0,0,550,542,,2,0,0,2,8
2020-10-06,US,Puerto Rico,Naguabo,268,0,0,18.230636999999998,-65.753897,72103.0,1002.994011976048,0.0,268,261,0,0,261,253,,7,0,0,7,8
2020-10-06,US,Puerto Rico,Naranjito,708,0,0,18.288019,-66.252703,72105.0,2328.7941582790604,0.0,708,692,0,0,692,670,,16,0,0,16,22
2020-10-06,US,Puerto Rico,Orocovis,373,0,0,18.215046,-66.433604,72107.0,1592.451863552918,0.0,373,369,0,0,369,361,,4,0,0,4,8
2020-10-06,US,Puerto Rico,Out of PR,804,0,0,0.0,0.0,72888.0,0.0,0.0,804,804,0,0,804,804,,0,0,0,0,0
2020-10-06,US,Puerto Rico,Patillas,183,0,0,18.03174,-66.012242,72109.0,949.3178399128495,0.0,183,182,0,0,182,179,,1,0,0,1,3
2020-10-06,US,Puerto Rico,Penuelas,126,0,0,18.059645,-66.721572,72111.0,518.9028910303929,0.0,126,126,0,0,126,124,,0,0,0,0,2
2020-10-06,US,Puerto Rico,Ponce,996,0,0,18.059498,-66.613748,72113.0,598.8203959669808,0.0,996,993,0,0,993,982,,3,0,0,3,11
2020-10-06,US,Puerto Rico,Quebradillas,199,0,0,18.439692,-66.926113,72115.0,767.7765345885257,0.0,199,193,0,0,193,191,,6,0,0,6,2
2020-10-06,US,Puerto Rico,Rincon,216,0,0,18.335442999999998,-67.23174,72117.0,1421.052631578947,0.0,216,216,0,0,216,208,,0,0,0,0,8
2020-10-06,US,Puerto Rico,Rio Grande,667,0,0,18.346329,-65.813742,72119.0,1228.2704773129049,0.0,667,658,0,0,658,652,,9,0,0,9,6
2020-10-06,US,Puerto Rico,Sabana Grande,209,0,0,18.08282,-66.943758,72121.0,827.2313477142293,0.0,209,209,0,0,209,209,,0,0,0,0,0
2020-10-06,US,Puerto Rico,Salinas,469,0,0,18.010386999999994,-66.256592,72123.0,1509.1061200849474,0.0,469,467,0,0,467,464,,2,0,0,2,3
2020-10-06,US,Puerto Rico,San German,273,0,0,18.111484,-67.03858100000001,72125.0,768.4296450586877,0.0,273,272,0,0,272,272,,1,0,0,1,0
2020-10-06,US,Puerto Rico,San Juan,8358,0,0,18.386933,-66.061128,72127.0,2114.204479341101,0.0,8358,8303,0,0,8303,8182,,55,0,0,55,121
2020-10-06,US,Puerto Rico,San Lorenzo,566,0,0,18.147987,-65.976392,72129.0,1378.5376784061566,0.0,566,562,0,0,562,551,,4,0,0,4,11
2020-10-06,US,Puerto Rico,San Sebastian,489,0,0,18.328646,-66.971214,72131.0,1152.4864482677347,0.0,489,447,0,0,447,442,,42,0,0,42,5
2020-10-06,US,Puerto Rico,Santa Isabel,189,0,0,17.994525,-66.388913,72133.0,812.0649651972158,0.0,189,188,0,0,188,188,,1,0,0,1,0
2020-10-06,US,Puerto Rico,Toa Alta,1405,0,0,18.362406,-66.246616,72135.0,1896.9567682877434,0.0,1405,1396,0,0,1396,1378,,9,0,0,9,18
2020-10-06,US,Puerto Rico,Toa Baja,1554,0,0,18.431445999999998,-66.213553,72137.0,1734.2008057226394,0.0,1554,1543,0,0,1543,1505,,11,0,0,11,38
2020-10-06,US,Puerto Rico,Trujillo Alto,1202,0,0,18.336159,-65.99888399999999,72139.0,1606.050078832741,0.0,1202,1189,0,0,1189,1178,,13,0,0,13,11
2020-10-06,US,Puerto Rico,Unassigned,635,696,0,0.0,0.0,72999.0,0.0,109.60629921259844,-61,622,695,0,-73,592,,13,1,0,12,30
2020-10-06,US,Puerto Rico,Utuado,170,0,0,18.271214,-66.702984,72141.0,512.8359829859121,0.0,170,168,0,0,168,168,,2,0,0,2,0
2020-10-06,US,Puerto Rico,Vega Alta,816,0,0,18.409346,-66.33725,72143.0,2042.5020650296613,0.0,816,808,0,0,808,797,,8,0,0,8,11
2020-10-06,US,Puerto Rico,Vega Baja,1040,0,0,18.428262,-66.397924,72145.0,1743.1530957728535,0.0,1040,1033,0,0,1033,1022,,7,0,0,7,11
2020-10-06,US,Puerto Rico,Vieques,97,0,0,18.123276,-65.44097099999999,72147.0,1042.89861305236,0.0,97,96,0,0,96,95,,1,0,0,1,1
2020-10-06,US,Puerto Rico,Villalba,156,0,0,18.127951,-66.473115,72149.0,598.3201012541707,0.0,156,151,0,0,151,151,,5,0,0,5,0
2020-10-06,US,Puerto Rico,Yabucoa,386,0,0,18.070399,-65.896289,72151.0,1017.3690730344482,0.0,386,384,0,0,384,376,,2,0,0,2,8
2020-10-06,US,Puerto Rico,Yauco,432,0,0,18.080374,-66.858814,72153.0,1027.5194443783746,0.0,432,432,0,0,432,432,,0,0,0,0,0
2020-10-06,US,Rhode Island,Bristol,414,0,0,41.71018079,-71.28652315,44001.0,853.9780110975888,0.0,414,414,0,0,414,414,48649,0,0,0,0,0
2020-10-06,US,Rhode Island,Kent,1945,0,0,41.67106337,-71.57641596,44003.0,1183.867747668785,0.0,1945,1945,0,0,1945,1945,163861,0,0,0,0,0
2020-10-06,US,Rhode Island,Newport,530,0,0,41.5642026,-71.26569799,44005.0,645.6957676469872,0.0,530,530,0,0,530,530,82542,0,0,0,0,0
2020-10-06,US,Rhode Island,Providence,18927,0,0,41.87064746,-71.57753536,44007.0,2962.2917028599327,0.0,18927,18927,0,0,18927,18927,636084,0,0,0,0,0
2020-10-06,US,Rhode Island,Unassigned,2903,1125,0,0.0,0.0,90044.0,0.0,38.7530141233207,1778,2726,1121,0,1605,2383,,177,4,0,173,343
2020-10-06,US,Rhode Island,Washington,877,0,0,41.45961631,-71.61435303,44009.0,698.3762950221776,0.0,877,877,0,0,877,877,126179,0,0,0,0,0
2020-10-06,US,South Carolina,Abbeville,651,14,0,34.22333378,-82.46170658,45001.0,2654.217800790965,2.150537634408602,637,640,14,0,626,638,24541,11,0,0,11,2
2020-10-06,US,South Carolina,Aiken,4417,84,0,33.54338026,-81.63645384,45003.0,2584.975888384288,1.901743264659271,4333,4399,84,0,4315,4384,169401,18,0,0,18,15
2020-10-06,US,South Carolina,Allendale,405,6,0,32.98837386,-81.35321066,45005.0,4661.602209944751,1.4814814814814814,399,403,6,0,397,402,8903,2,0,0,2,1
2020-10-06,US,South Carolina,Anderson,4808,185,0,34.51828081,-82.63959517,45007.0,2373.641129947965,3.8477537437604,4623,4757,184,0,4573,4733,200482,51,1,0,50,24
2020-10-06,US,South Carolina,Bamberg,655,35,0,33.21927586,-81.05659969,45009.0,4656.618797099389,5.343511450381679,620,650,35,0,615,650,14275,5,0,0,5,0
2020-10-06,US,South Carolina,Barnwell,776,17,0,33.26679302,-81.43584352,45011.0,3718.968657145596,2.1907216494845363,759,757,17,0,740,756,21112,19,0,0,19,1
2020-10-06,US,South Carolina,Beaufort,5773,85,0,32.39226291,-80.72619758,45013.0,3004.861494258856,1.4723713840291008,5688,5771,84,0,5687,5757,188715,2,1,0,1,14
2020-10-06,US,South Carolina,Berkeley,5576,89,0,33.20222596,-79.94654523,45015.0,2446.611995243674,1.5961262553802011,5487,5561,89,0,5472,5547,221091,15,0,0,15,14
2020-10-06,US,South Carolina,Calhoun,483,17,0,33.66926881,-80.77722168,45017.0,3318.903318903319,3.519668737060041,466,471,17,0,454,466,14520,12,0,0,12,5
2020-10-06,US,South Carolina,Charleston,16076,268,0,32.82487866,-79.96512315,45019.0,3907.5754850439703,1.6670813635232644,15808,16046,267,0,15779,16026,405905,30,1,0,29,20
2020-10-06,US,South Carolina,Cherokee,1261,42,0,35.05122251,-81.61828622,45021.0,2200.6980802792323,3.330689928628073,1219,1253,41,0,1212,1241,57078,8,1,0,7,12
2020-10-06,US,South Carolina,Chester,1074,21,0,34.69249168,-81.1583216,45023.0,3330.852251581689,1.9553072625698324,1053,1073,21,0,1052,1069,32251,1,0,0,1,4
2020-10-06,US,South Carolina,Chesterfield,1277,38,0,34.64137396,-80.15640140000002,45025.0,2797.3713033954,2.975724353954581,1239,1272,37,0,1235,1268,45754,5,1,0,4,4
2020-10-06,US,South Carolina,Clarendon,1117,67,0,33.66610974,-80.21647898,45027.0,3310.120017780412,5.998209489704566,1050,1114,67,0,1047,1112,33700,3,0,0,3,2
2020-10-06,US,South Carolina,Colleton,1091,42,0,32.87582989,-80.67641292,45029.0,2895.6657908007537,3.84967919340055,1049,1081,42,0,1039,1074,37660,10,0,0,10,7
2020-10-06,US,South Carolina,Darlington,2136,60,0,34.33358335,-79.96027485,45031.0,3206.340628658921,2.808988764044944,2076,2122,59,0,2063,2116,66802,14,1,0,13,6
2020-10-06,US,South Carolina,Dillon,1133,41,0,34.39007791,-79.37741872,45033.0,3717.313560156173,3.6187113857016766,1092,1122,40,0,1082,1119,30599,11,1,0,10,3
2020-10-06,US,South Carolina,Dorchester,4308,90,0,33.0794369,-80.40502652,45035.0,2646.0453660424178,2.0891364902506964,4218,4285,90,0,4195,4264,160647,23,0,0,23,21
2020-10-06,US,South Carolina,Edgefield,830,19,0,33.77221995,-81.96231108,45037.0,3044.754218635363,2.289156626506024,811,828,19,0,809,830,27052,2,0,0,2,-2
2020-10-06,US,South Carolina,Fairfield,799,37,0,34.39287073,-81.1195624,45039.0,3575.423994272162,4.630788485607009,762,790,37,0,753,786,22402,9,0,0,9,4
2020-10-06,US,South Carolina,Florence,5074,196,0,34.02361754,-79.70189312,45041.0,3669.0215701445477,3.862830114308238,4878,5043,194,0,4849,5032,138159,31,2,0,29,11
2020-10-06,US,South Carolina,Georgetown,1928,44,0,33.43443342,-79.33202141,45043.0,3075.941289087428,2.282157676348548,1884,1923,45,0,1878,1920,62249,5,-1,0,6,3
2020-10-06,US,South Carolina,Greenville,15089,313,0,34.89502264,-82.37295012,45045.0,2882.0992394115474,2.074358804427066,14776,15027,313,0,14714,14958,514213,62,0,0,62,69
2020-10-06,US,South Carolina,Greenwood,2338,73,0,34.15272415,-82.12715789,45047.0,3301.7469037296464,3.1223267750213863,2265,2319,73,0,2246,2316,70741,19,0,0,19,3
2020-10-06,US,South Carolina,Hampton,701,27,0,32.77419582,-81.13845571,45049.0,3646.8629695140985,3.8516405135520686,674,696,27,0,669,694,19351,5,0,0,5,2
2020-10-06,US,South Carolina,Horry,10762,202,0,33.9212828,-78.99555293,45051.0,3039.417534405969,1.8769745400483184,10560,10684,202,0,10482,10622,344147,78,0,0,78,62
2020-10-06,US,South Carolina,Jasper,835,22,0,32.43171982,-81.02487495,45053.0,2776.576995976457,2.634730538922156,813,834,22,0,812,826,28971,1,0,0,1,8
2020-10-06,US,South Carolina,Kershaw,2128,38,0,34.33988254,-80.58763164,45055.0,3197.5477453381623,1.7857142857142858,2090,2108,38,0,2070,2098,65592,20,0,0,20,10
2020-10-06,US,South Carolina,Lancaster,2258,53,0,34.68270843,-80.70513032,45057.0,2303.7995347508468,2.347209920283437,2205,2250,53,0,2197,2242,95380,8,0,0,8,8
2020-10-06,US,South Carolina,Laurens,1746,57,0,34.48244419,-82.00490796,45059.0,2586.9349414013304,3.2646048109965635,1689,1732,57,0,1675,1730,66994,14,0,0,14,2
2020-10-06,US,South Carolina,Lee,721,35,0,34.16393091,-80.25690731,45061.0,4284.525790349418,4.854368932038835,686,721,35,0,686,720,17142,0,0,0,0,1
2020-10-06,US,South Carolina,Lexington,7824,173,0,33.89665987,-81.27146426,45063.0,2618.912133891213,2.211145194274029,7651,7785,172,0,7613,7742,295032,39,1,0,38,43
2020-10-06,US,South Carolina,Marion,940,30,0,34.07859748,-79.36400756,45067.0,3066.183905796392,3.191489361702128,910,933,28,0,905,927,31039,7,2,0,5,6
2020-10-06,US,South Carolina,Marlboro,974,11,0,34.59905577,-79.67561152,45069.0,3729.2288842943562,1.1293634496919918,963,971,11,0,960,969,26398,3,0,0,3,2
2020-10-06,US,South Carolina,McCormick,247,7,0,33.90161443,-82.30794338,45065.0,2610.165909331079,2.8340080971659916,240,246,7,0,239,246,9410,1,0,0,1,0
2020-10-06,US,South Carolina,Newberry,1430,31,0,34.28629098,-81.59935761,45071.0,3720.083246618106,2.1678321678321684,1399,1398,29,0,1369,1390,38520,32,2,0,30,8
2020-10-06,US,South Carolina,Oconee,1982,28,0,34.75225169,-83.06742317,45073.0,2491.640057325321,1.4127144298688197,1954,1965,28,0,1937,1943,78374,17,0,0,17,22
2020-10-06,US,South Carolina,Orangeburg,3166,126,0,33.4391073,-80.79886287,45075.0,3673.9193501595587,3.9797852179406186,3040,3155,127,0,3028,3151,86934,11,-1,0,12,4
2020-10-06,US,South Carolina,Pickens,3400,48,0,34.88807695,-82.72791551,45077.0,2679.612874751742,1.4117647058823528,3352,3361,47,0,3314,3334,124937,39,1,0,38,27
2020-10-06,US,South Carolina,Richland,15845,251,0,34.01791263,-80.90267209,45079.0,3811.102104825151,1.5840959293152417,15594,15764,250,0,15514,15719,414576,81,1,0,80,45
2020-10-06,US,South Carolina,Saluda,694,22,0,34.00795823,-81.72713237,45081.0,3389.8305084745757,3.1700288184438037,672,691,22,0,669,691,20544,3,0,0,3,0
2020-10-06,US,South Carolina,Spartanburg,7287,206,0,34.92960077,-81.99225984,45083.0,2278.718514001595,2.8269521064910115,7081,7261,206,0,7055,7215,313888,26,0,0,26,46
2020-10-06,US,South Carolina,Sumter,3280,79,0,33.91826534,-80.37942316,45085.0,3073.434469317192,2.408536585365854,3201,3270,78,0,3192,3269,106512,10,1,0,9,1
2020-10-06,US,South Carolina,Union,628,13,0,34.68835752,-81.61730349,45087.0,2299.0188900278226,2.0700636942675157,615,623,13,0,610,617,27410,5,0,0,5,6
2020-10-06,US,South Carolina,Williamsburg,1349,45,0,33.62190129,-79.72767442,45089.0,4442.1759747102205,3.335804299481097,1304,1343,45,0,1298,1342,30606,6,0,0,6,1
2020-10-06,US,South Carolina,York,5698,84,0,34.97281497,-81.18085944,45091.0,2027.9095590773688,1.4742014742014742,5614,5661,84,0,5577,5631,274118,37,0,0,37,30
2020-10-06,US,South Dakota,Aurora,77,0,0,43.71757685,-98.56050467,46003.0,2798.9821882951646,0.0,77,73,0,0,73,71,2801,4,0,0,4,2
2020-10-06,US,South Dakota,Beadle,858,10,0,44.41464384,-98.27858469,46005.0,4649.650463339294,1.1655011655011656,848,850,10,0,840,847,18883,8,0,0,8,3
2020-10-06,US,South Dakota,Bennett,77,3,0,43.19486375,-101.6665572,46007.0,2288.2615156017832,3.8961038961038965,74,77,3,0,74,77,3468,0,0,0,0,0
2020-10-06,US,South Dakota,Bon Homme,115,1,0,42.98914167,-97.88592746,46009.0,1666.4251557745254,0.8695652173913043,114,114,1,0,113,114,6980,1,0,0,1,0
2020-10-06,US,South Dakota,Brookings,849,2,0,44.36974375,-96.79079945,46011.0,2420.3894289705504,0.23557126030624265,847,846,2,0,844,842,35232,3,0,0,3,4
2020-10-06,US,South Dakota,Brown,1380,4,0,45.58994323,-98.35165355,46013.0,3553.1295862406346,0.2898550724637681,1376,1363,4,0,1359,1356,39316,17,0,0,17,7
2020-10-06,US,South Dakota,Brule,152,1,0,43.71756379,-99.08118954,46015.0,2869.548801208231,0.6578947368421053,151,147,1,0,146,147,5229,5,0,0,5,0
2020-10-06,US,South Dakota,Buffalo,153,3,0,44.07657829,-99.20814467,46017.0,7798.165137614679,1.96078431372549,150,153,3,0,150,152,2036,0,0,0,0,1
2020-10-06,US,South Dakota,Butte,136,3,0,44.90608745,-103.5079318,46019.0,1304.055997698725,2.2058823529411766,133,132,3,0,129,127,10222,4,0,0,4,5
2020-10-06,US,South Dakota,Campbell,41,0,0,45.77074915,-100.0510181,46021.0,2979.651162790697,0.0,41,41,0,0,41,39,1377,0,0,0,0,2
2020-10-06,US,South Dakota,Charles Mix,225,0,0,43.20660134,-98.58856175,46023.0,2421.437795953509,0.0,225,217,0,0,217,213,9338,8,0,0,8,4
2020-10-06,US,South Dakota,Clark,47,0,0,44.85834507,-97.72925109,46025.0,1258.0299785867235,0.0,47,49,0,0,49,49,3739,-2,0,0,-2,0
2020-10-06,US,South Dakota,Clay,589,7,0,42.91296147,-96.97656917,46027.0,4186.211798152097,1.1884550084889642,582,586,7,0,579,585,14041,3,0,0,3,1
2020-10-06,US,South Dakota,Codington,1014,7,0,44.97788119,-97.18827677,46029.0,3620.264914848799,0.6903353057199211,1007,1001,7,0,994,989,28015,13,0,0,13,12
2020-10-06,US,South Dakota,Corson,95,1,0,45.70889983,-101.1970473,46031.0,2325.01223690651,1.0526315789473684,94,94,1,0,93,94,4165,1,0,0,1,0
2020-10-06,US,South Dakota,Custer,198,3,0,43.67741105,-103.45345209999999,46033.0,2206.8658047258136,1.5151515151515151,195,196,3,0,193,198,8726,2,0,0,2,-2
2020-10-06,US,South Dakota,Davison,434,2,0,43.67490933,-98.14458906,46035.0,2194.6902654867263,0.4608294930875576,432,423,2,0,421,412,19790,11,0,0,11,11
2020-10-06,US,South Dakota,Day,101,0,0,45.367281,-97.60737498,46037.0,1862.0943952802359,0.0,101,101,0,0,101,100,5505,0,0,0,0,1
2020-10-06,US,South Dakota,Deuel,97,0,0,44.75994309,-96.66943645,46039.0,2229.3725580326363,0.0,97,97,0,0,97,97,4337,0,0,0,0,0
2020-10-06,US,South Dakota,Dewey,183,0,0,45.15639647,-100.8709139,46041.0,3105.9063136456207,0.0,183,179,0,0,179,179,5904,4,0,0,4,0
2020-10-06,US,South Dakota,Douglas,103,1,0,43.38520741,-98.36978007,46043.0,3526.1896610749745,0.9708737864077671,102,103,1,0,102,100,2935,0,0,0,0,3
2020-10-06,US,South Dakota,Edmunds,104,0,0,45.41846445,-99.21545423,46045.0,2716.1138678506136,0.0,104,104,0,0,104,104,3875,0,0,0,0,0
2020-10-06,US,South Dakota,Fall River,106,5,0,43.23929297,-103.5275691,46047.0,1579.0257708922986,4.716981132075472,101,105,5,0,100,105,6758,1,0,0,1,0
2020-10-06,US,South Dakota,Faulk,79,1,0,45.07082625,-99.14535601,46049.0,3436.276642018269,1.2658227848101269,78,78,1,0,77,78,2330,1,0,0,1,0
2020-10-06,US,South Dakota,Grant,188,1,0,45.1723937,-96.77002276,46051.0,2665.910380034033,0.5319148936170213,187,185,1,0,184,180,7147,3,0,0,3,5
2020-10-06,US,South Dakota,Gregory,149,4,0,43.19419064,-99.18883902,46053.0,3560.3345280764643,2.684563758389262,145,149,4,0,145,147,4212,0,0,0,0,2
2020-10-06,US,South Dakota,Haakon,33,1,0,44.29299053,-101.539099,46055.0,1737.7567140600315,3.0303030303030303,32,33,1,0,32,33,1918,0,0,0,0,0
2020-10-06,US,South Dakota,Hamlin,110,0,0,44.67385954,-97.18829593,46057.0,1784.5554834523034,0.0,110,109,0,0,109,108,6111,1,0,0,1,1
2020-10-06,US,South Dakota,Hand,61,1,0,44.54708407,-99.00386459,46059.0,1911.6264493889066,1.639344262295082,60,60,1,0,59,58,3262,1,0,0,1,2
2020-10-06,US,South Dakota,Hanson,49,1,0,43.6746384,-97.78715148,46061.0,1419.0558934260064,2.0408163265306123,48,49,1,0,48,47,3376,0,0,0,0,2
2020-10-06,US,South Dakota,Harding,5,0,0,45.58015551,-103.4958629,46063.0,385.20801232665633,0.0,5,5,0,0,5,5,1249,0,0,0,0,0
2020-10-06,US,South Dakota,Hughes,570,5,0,44.39091534,-99.99661148,46065.0,3252.3108524477916,0.8771929824561403,565,566,5,0,561,538,17650,4,0,0,4,28
2020-10-06,US,South Dakota,Hutchinson,133,2,0,43.33449012,-97.75536441,46067.0,1824.1667809628311,1.5037593984962403,131,129,2,0,127,129,7380,4,0,0,4,0
2020-10-06,US,South Dakota,Hyde,20,0,0,44.54747703,-99.48572582,46069.0,1537.279016141429,0.0,20,20,0,0,20,20,1282,0,0,0,0,0
2020-10-06,US,South Dakota,Jackson,38,1,0,43.69318385,-101.6255063,46071.0,1136.3636363636365,2.631578947368421,37,38,1,0,37,38,3307,0,0,0,0,0
2020-10-06,US,South Dakota,Jerauld,102,3,0,44.06637798,-98.62965972,46073.0,5067.064083457526,2.9411764705882355,99,101,3,0,98,100,2043,1,0,0,1,1
2020-10-06,US,South Dakota,Jones,19,0,0,43.96278565,-100.6940008,46075.0,2104.0974529346618,0.0,19,19,0,0,19,18,928,0,0,0,0,1
2020-10-06,US,South Dakota,Kingsbury,69,0,0,44.36956169,-97.4913945,46077.0,1397.0439360194366,0.0,69,68,0,0,68,67,4919,1,0,0,1,1
2020-10-06,US,South Dakota,Lake,220,7,0,44.02193107,-97.12926365,46079.0,1719.1529264671408,3.1818181818181817,213,219,7,0,212,215,13057,1,0,0,1,4
2020-10-06,US,South Dakota,Lawrence,487,5,0,44.35919441,-103.79294279999999,46081.0,1884.383222411392,1.026694045174538,482,475,5,0,470,466,25741,12,0,0,12,9
2020-10-06,US,South Dakota,Lincoln,1585,3,0,43.27841182,-96.72039050000001,46083.0,2592.919774898573,0.1892744479495268,1582,1567,3,0,1564,1557,58807,18,0,0,18,10
2020-10-06,US,South Dakota,Lyman,186,3,0,43.89522709,-99.85201878,46085.0,4919.333509653531,1.6129032258064515,183,184,3,0,181,183,3821,2,0,0,2,1
2020-10-06,US,South Dakota,Marshall,48,0,0,45.75870838,-97.59855639,46091.0,972.644376899696,0.0,48,48,0,0,48,47,5112,0,0,0,0,1
2020-10-06,US,South Dakota,McCook,132,1,0,43.6742571,-97.36863144,46087.0,2363.050483351235,0.7575757575757576,131,127,1,0,126,127,5546,5,0,0,5,0
2020-10-06,US,South Dakota,McPherson,42,0,0,45.76626028,-99.22118798,46089.0,1765.447667087011,0.0,42,42,0,0,42,42,2407,0,0,0,0,0
2020-10-06,US,South Dakota,Meade,638,5,0,44.56676791,-102.71627409999999,46093.0,2251.8706762671186,0.7836990595611285,633,632,5,0,627,627,28294,6,0,0,6,5
2020-10-06,US,South Dakota,Mellette,38,0,0,43.58078848,-100.7563186,46095.0,1843.765162542455,0.0,38,38,0,0,38,36,2042,0,0,0,0,2
2020-10-06,US,South Dakota,Miner,30,0,0,44.02197882,-97.60992207,46097.0,1353.7906137184116,0.0,30,30,0,0,30,30,2213,0,0,0,0,0
2020-10-06,US,South Dakota,Minnehaha,7274,84,0,43.67441641,-96.7910885,46099.0,3766.296975157145,1.154797910365686,7190,7219,84,0,7135,7199,192876,55,0,0,55,20
2020-10-06,US,South Dakota,Moody,115,0,0,44.02266214,-96.67081159,46101.0,1748.7834549878344,0.0,115,114,0,0,114,112,6579,1,0,0,1,2
2020-10-06,US,South Dakota,Oglala Lakota,341,4,0,43.33749164,-102.55554980000001,46102.0,2405.3043662269874,1.1730205278592376,337,340,4,0,336,339,14309,1,0,0,1,1
2020-10-06,US,South Dakota,Pennington,2667,37,0,44.0025835,-102.8240777,46103.0,2344.1001977587343,1.3873265841769782,2630,2623,37,0,2586,2607,111729,44,0,0,44,16
2020-10-06,US,South Dakota,Perkins,44,0,0,45.49049506,-102.47555859999999,46105.0,1535.7766143106458,0.0,44,44,0,0,44,44,2922,0,0,0,0,0
2020-10-06,US,South Dakota,Potter,56,0,0,45.06583079,-99.95498503,46107.0,2601.0218300046445,0.0,56,54,0,0,54,53,2207,2,0,0,2,1
2020-10-06,US,South Dakota,Roberts,237,1,0,45.62975048,-96.94672673,46109.0,2280.1616317106023,0.4219409282700422,236,236,1,0,235,236,10447,1,0,0,1,0
2020-10-06,US,South Dakota,Sanborn,40,0,0,44.02351092,-98.09098159999999,46111.0,1706.4846416382252,0.0,40,40,0,0,40,40,2429,0,0,0,0,0
2020-10-06,US,South Dakota,Spink,159,0,0,44.93837606,-98.34626602,46115.0,2493.726474278545,0.0,159,153,0,0,153,153,6495,6,0,0,6,0
2020-10-06,US,South Dakota,Stanley,48,0,0,44.41381872,-100.7349153,46117.0,1549.3867010974825,0.0,48,47,0,0,47,47,3022,1,0,0,1,0
2020-10-06,US,South Dakota,Sully,18,0,0,44.71571812,-100.1278092,46119.0,1294.0330697340046,0.0,18,17,0,0,17,16,1392,1,0,0,1,1
2020-10-06,US,South Dakota,Todd,172,5,0,43.19338568,-100.71955030000001,46121.0,1690.0854868821853,2.9069767441860463,167,161,5,0,156,158,10283,11,0,0,11,3
2020-10-06,US,South Dakota,Tripp,190,1,0,43.34459388,-99.8854891,46123.0,3492.0051461128473,0.5263157894736842,189,188,1,0,187,188,5478,2,0,0,2,0
2020-10-06,US,South Dakota,Turner,188,4,0,43.3109081,-97.14865776,46125.0,2242.3664122137407,2.127659574468085,184,187,4,0,183,185,8424,1,0,0,1,2
2020-10-06,US,South Dakota,Union,462,9,0,42.83112163,-96.6557828,46127.0,2899.8242530755715,1.9480519480519483,453,458,9,0,449,458,15619,4,0,0,4,0
2020-10-06,US,South Dakota,Walworth,146,1,0,45.43019636,-100.03075140000001,46129.0,2686.292548298068,0.6849315068493149,145,146,1,0,145,145,5587,0,0,0,0,1
2020-10-06,US,South Dakota,Yankton,486,4,0,43.00924485,-97.39467635,46135.0,2130.270886297887,0.8230452674897121,482,482,4,0,478,478,22869,4,0,0,4,4
2020-10-06,US,South Dakota,Ziebach,68,1,0,44.97881876,-101.6654622,46137.0,2467.343976777939,1.4705882352941178,67,67,1,0,66,67,2742,1,0,0,1,0
2020-10-06,US,Tennessee,Anderson,1317,13,0,36.12684348,-84.19965764,47001.0,1710.8784327989815,0.9870918754745636,1304,1299,13,0,1286,1278,76482,18,0,0,18,21
2020-10-06,US,Tennessee,Bedford,1415,19,0,35.51123746,-86.45549096,47003.0,2846.3379800052307,1.342756183745583,1396,1412,18,0,1394,1402,49038,3,1,0,2,10
2020-10-06,US,Tennessee,Benton,347,8,0,36.07110411,-88.06849355,47005.0,2147.2772277227723,2.3054755043227666,339,345,8,0,337,343,16184,2,0,0,2,2
2020-10-06,US,Tennessee,Bledsoe,877,4,0,35.59942968,-85.20611967,47007.0,5821.826872012745,0.4561003420752566,873,875,4,0,871,871,14755,2,0,0,2,4
2020-10-06,US,Tennessee,Blount,2707,28,0,35.68938198,-83.92847788,47009.0,2033.9925462851647,1.0343553749538237,2679,2696,28,0,2668,2678,131349,11,0,0,11,18
2020-10-06,US,Tennessee,Bradley,3121,19,0,35.15739424,-84.857186,47011.0,2886.8744796966052,0.6087792374239026,3102,3093,19,0,3074,3060,106727,28,0,0,28,33
2020-10-06,US,Tennessee,Campbell,545,4,0,36.40355516,-84.15108559999999,47013.0,1367.9032177099546,0.7339449541284404,541,522,4,0,518,509,39583,23,0,0,23,13
2020-10-06,US,Tennessee,Cannon,326,2,0,35.80990797,-86.05738983,47015.0,2221.011036926012,0.6134969325153374,324,324,1,0,323,317,14462,2,1,0,1,7
2020-10-06,US,Tennessee,Carroll,997,21,0,35.97366108,-88.45189331,47017.0,3590.593150142255,2.106318956870612,976,992,21,0,971,974,28020,5,0,0,5,18
2020-10-06,US,Tennessee,Carter,1233,31,0,36.28969086,-82.12588974,47019.0,2186.51912539235,2.5141930251419304,1202,1233,29,0,1204,1217,56351,0,2,0,-2,16
2020-10-06,US,Tennessee,Cheatham,859,10,0,36.26136216,-87.08903581,47021.0,2112.2777682150145,1.1641443538998837,849,853,10,0,843,841,40439,6,0,0,6,12
2020-10-06,US,Tennessee,Chester,670,13,0,35.42527478,-88.6095842,47023.0,3873.5040758513037,1.9402985074626864,657,667,13,0,654,661,17276,3,0,0,3,6
2020-10-06,US,Tennessee,Claiborne,458,5,0,36.48319149,-83.65947309,47025.0,1433.0861416189493,1.091703056768559,453,456,5,0,451,453,31756,2,0,0,2,3
2020-10-06,US,Tennessee,Clay,267,6,0,36.55151008,-85.53930419,47027.0,3506.237688772161,2.247191011235955,261,267,6,0,261,259,7717,0,0,0,0,8
2020-10-06,US,Tennessee,Cocke,806,11,0,35.9278914,-83.11828725,47029.0,2238.6401510943233,1.3647642679900744,795,793,11,0,782,781,35774,13,0,0,13,12
2020-10-06,US,Tennessee,Coffee,1425,16,0,35.49090731,-86.07311784,47031.0,2521.231422505308,1.1228070175438596,1409,1411,16,0,1395,1372,55700,14,0,0,14,39
2020-10-06,US,Tennessee,Crockett,597,20,0,35.81830662,-89.14916269,47033.0,4195.361911454674,3.3500837520938025,577,593,20,0,573,581,14328,4,0,0,4,12
2020-10-06,US,Tennessee,Cumberland,1307,21,0,35.95271721,-84.99840585,47035.0,2159.6166556510243,1.6067329762815608,1286,1298,21,0,1277,1278,59673,9,0,0,9,20
2020-10-06,US,Tennessee,Davidson,27518,317,0,36.17007426,-86.78646056,47037.0,3964.3071178314585,1.151973253870194,27201,27360,316,0,27044,27185,692587,158,1,0,157,175
2020-10-06,US,Tennessee,DeKalb,598,17,0,35.97616272,-85.83689361,47041.0,2918.496827720839,2.8428093645484953,581,598,17,0,581,595,20138,0,0,0,0,3
2020-10-06,US,Tennessee,Decatur,568,10,0,35.60048904,-88.11043779,47039.0,4870.102032067221,1.7605633802816902,558,566,10,0,556,560,11706,2,0,0,2,6
2020-10-06,US,Tennessee,Dickson,1372,17,0,36.14669837,-87.35891709,47043.0,2543.189738266479,1.239067055393586,1355,1360,17,0,1343,1329,53446,12,0,0,12,31
2020-10-06,US,Tennessee,Dyer,1564,18,0,36.05931946,-89.41542855,47045.0,4208.939960709384,1.1508951406649617,1546,1549,18,0,1531,1520,37320,15,0,0,15,29
2020-10-06,US,Tennessee,Fayette,1313,22,0,35.19615831,-89.41399032,47047.0,3192.0842146208643,1.6755521706016756,1291,1301,21,0,1280,1282,40507,12,1,0,11,19
2020-10-06,US,Tennessee,Fentress,678,4,0,36.38128818,-84.92870012,47049.0,3660.314203962641,0.5899705014749262,674,666,4,0,662,653,18217,12,0,0,12,13
2020-10-06,US,Tennessee,Franklin,1056,10,0,35.15634626,-86.09201039,47051.0,2501.8953752843067,0.946969696969697,1046,1052,10,0,1042,1038,41890,4,0,0,4,14
2020-10-06,US,Tennessee,Gibson,1874,27,0,35.99438059,-88.93358327,47053.0,3814.1371379724415,1.4407684098185698,1847,1851,27,0,1824,1821,49045,23,0,0,23,30
2020-10-06,US,Tennessee,Giles,734,22,0,35.20222469,-87.03992678,47055.0,2491.1756720065164,2.9972752043596733,712,725,19,0,706,687,29503,9,3,0,6,38
2020-10-06,US,Tennessee,Grainger,443,4,0,36.27469206,-83.51254721,47057.0,1899.6569468267585,0.9029345372460496,439,434,3,0,431,430,23145,9,1,0,8,4
2020-10-06,US,Tennessee,Greene,1234,48,0,36.17470125,-82.84691273,47059.0,1786.6191779235253,3.8897893030794166,1186,1230,48,0,1182,1214,69087,4,0,0,4,16
2020-10-06,US,Tennessee,Grundy,397,8,0,35.38433717,-85.72142731,47061.0,2956.7289789230654,2.0151133501259446,389,389,7,0,382,381,13346,8,1,0,7,8
2020-10-06,US,Tennessee,Hamblen,2073,31,0,36.21990035,-83.26586179,47063.0,3192.4723565466475,1.4954172696575012,2042,2061,31,0,2030,2032,64569,12,0,0,12,29
2020-10-06,US,Tennessee,Hamilton,10094,99,0,35.17670231,-85.16652245,47065.0,2744.3964720340177,0.9807806617792748,9995,9964,96,0,9868,9900,364286,130,3,0,127,64
2020-10-06,US,Tennessee,Hancock,111,3,0,36.52692871,-83.22375847,47067.0,1676.7371601208456,2.702702702702702,108,111,3,0,108,111,6549,0,0,0,0,0
2020-10-06,US,Tennessee,Hardeman,1644,28,0,35.20772017,-88.99161161,47069.0,6562.8742514970045,1.70316301703163,1616,1637,28,0,1609,1623,25220,7,0,0,7,14
2020-10-06,US,Tennessee,Hardin,1131,16,0,35.19732531,-88.18593755,47071.0,4409.012942460627,1.4146772767462423,1115,1124,16,0,1108,1112,25776,7,0,0,7,12
2020-10-06,US,Tennessee,Hawkins,898,22,0,36.44355426,-82.94885298,47073.0,1581.3756911914913,2.4498886414253898,876,893,22,0,871,870,56530,5,0,0,5,23
2020-10-06,US,Tennessee,Haywood,1096,23,0,35.58332824,-89.28536625,47075.0,6333.795654184004,2.0985401459854014,1073,1092,23,0,1069,1058,17335,4,0,0,4,34
2020-10-06,US,Tennessee,Henderson,1252,24,0,35.65581134,-88.38600175,47077.0,4452.822136074261,1.9169329073482428,1228,1244,24,0,1220,1234,27847,8,0,0,8,10
2020-10-06,US,Tennessee,Henry,670,10,0,36.33160906,-88.30121797,47079.0,2071.4175297573042,1.492537313432836,660,666,10,0,656,657,32358,4,0,0,4,9
2020-10-06,US,Tennessee,Hickman,666,11,0,35.80609681,-87.47643507,47081.0,2645.166415124315,1.6516516516516515,655,666,11,0,655,641,25063,0,0,0,0,25
2020-10-06,US,Tennessee,Houston,313,13,0,36.28872054,-87.71878828,47083.0,3816.607730764541,4.15335463258786,300,302,13,0,289,290,8263,11,0,0,11,12
2020-10-06,US,Tennessee,Humphreys,313,3,0,36.03958805,-87.77992872,47085.0,1684.4257883973733,0.9584664536741214,310,307,3,0,304,293,18486,6,0,0,6,14
2020-10-06,US,Tennessee,Jackson,368,5,0,36.36380466,-85.67239905,47087.0,3122.3485491260817,1.358695652173913,363,362,5,0,357,359,11758,6,0,0,6,3
2020-10-06,US,Tennessee,Jefferson,1258,16,0,36.04818632,-83.45148924,47089.0,2308.46866685017,1.2718600953895072,1242,1243,16,0,1227,1216,54012,15,0,0,15,27
2020-10-06,US,Tennessee,Johnson,846,3,0,36.45523950000001,-81.84886538,47091.0,4756.015291207556,0.3546099290780142,843,783,3,0,780,771,17778,63,0,0,63,12
2020-10-06,US,Tennessee,Knox,10202,81,0,35.99508821,-83.94635435,47093.0,2169.193707169481,0.7939619682415213,10121,10088,81,0,10007,9963,465289,114,0,0,114,125
2020-10-06,US,Tennessee,Lake,938,2,0,36.34180170000001,-89.48921915,47095.0,13369.441277080958,0.2132196162046908,936,935,2,0,933,935,7411,3,0,0,3,0
2020-10-06,US,Tennessee,Lauderdale,1071,16,0,35.75893438,-89.63015909999999,47097.0,4178.2077790348385,1.4939309056956116,1055,1063,16,0,1047,1046,25825,8,0,0,8,17
2020-10-06,US,Tennessee,Lawrence,1175,14,0,35.21675201,-87.39787695,47099.0,2661.863984413937,1.1914893617021276,1161,1160,14,0,1146,1140,43734,15,0,0,15,20
2020-10-06,US,Tennessee,Lewis,242,1,0,35.52853208,-87.49022694,47101.0,1972.6116726442776,0.4132231404958678,241,240,1,0,239,227,12086,2,0,0,2,13
2020-10-06,US,Tennessee,Lincoln,680,1,0,35.13738622,-86.58910106,47103.0,1978.699877786184,0.14705882352941174,679,670,1,0,669,659,34117,10,0,0,10,11
2020-10-06,US,Tennessee,Loudon,1319,8,0,35.73939663,-84.31145275,47105.0,2439.5206036842496,0.6065200909780136,1311,1307,8,0,1299,1277,53054,12,0,0,12,30
2020-10-06,US,Tennessee,Macon,1120,22,0,36.53157855,-86.00778595,47111.0,4552.475408503374,1.9642857142857144,1098,1110,22,0,1088,1107,24265,10,0,0,10,3
2020-10-06,US,Tennessee,Madison,3225,73,0,35.61181957,-88.84076036,47113.0,3291.353690398433,2.263565891472868,3152,3194,72,0,3122,3154,97605,31,1,0,30,40
2020-10-06,US,Tennessee,Marion,589,9,0,35.12997174,-85.62265895,47115.0,2037.5687549728439,1.528013582342954,580,582,9,0,573,576,28575,7,0,0,7,6
2020-10-06,US,Tennessee,Marshall,846,5,0,35.45798777,-86.76420988,47117.0,2461.090909090909,0.5910165484633569,841,839,5,0,834,824,33683,7,0,0,7,15
2020-10-06,US,Tennessee,Maury,2582,30,0,35.618741299999996,-87.07462444,47119.0,2678.784483384689,1.161890007745933,2552,2570,29,0,2541,2528,94340,12,1,0,11,42
2020-10-06,US,Tennessee,McMinn,1239,28,0,35.42812616,-84.61520715,47107.0,2303.2308435885047,2.2598870056497176,1211,1224,28,0,1196,1200,53285,15,0,0,15,24
2020-10-06,US,Tennessee,McNairy,982,20,0,35.17468549,-88.5647812,47109.0,3821.9039464466414,2.0366598778004072,962,976,20,0,956,960,25832,6,0,0,6,16
2020-10-06,US,Tennessee,Meigs,243,3,0,35.51558739,-84.81482914,47121.0,1956.2067299951693,1.2345679012345678,240,240,3,0,237,239,12306,3,0,0,3,1
2020-10-06,US,Tennessee,Monroe,1146,20,0,35.44550387,-84.24902965,47123.0,2462.133419271673,1.7452006980802792,1126,1136,20,0,1116,1123,46357,10,0,0,10,13
2020-10-06,US,Tennessee,Montgomery,3321,46,0,36.49609412,-87.38550661,47125.0,1589.0484370289914,1.385124962360735,3275,3292,46,0,3246,3235,205950,29,0,0,29,57
2020-10-06,US,Tennessee,Moore,202,1,0,35.27724699,-86.36230578,47127.0,3113.4401972872997,0.4950495049504951,201,201,1,0,200,193,6411,1,0,0,1,8
2020-10-06,US,Tennessee,Morgan,347,4,0,36.13248031,-84.64880098,47129.0,1621.2680465355324,1.1527377521613833,343,340,4,0,336,333,21579,7,0,0,7,7
2020-10-06,US,Tennessee,Obion,1382,15,0,36.35732446,-89.14921589,47131.0,4596.095646679304,1.085383502170767,1367,1362,15,0,1347,1315,30267,20,0,0,20,47
2020-10-06,US,Tennessee,Out of TN,3118,27,0,0.0,0.0,80047.0,0.0,0.8659397049390635,3091,3103,27,0,3076,3002,,15,0,0,15,101
2020-10-06,US,Tennessee,Overton,872,8,0,36.34117832,-85.28989535,47133.0,3920.6870194685494,0.9174311926605504,864,856,7,0,849,835,22068,16,1,0,15,21
2020-10-06,US,Tennessee,Perry,157,0,0,35.63708728,-87.86139634,47135.0,1944.0316988608224,0.0,157,157,0,0,157,157,8064,0,0,0,0,0
2020-10-06,US,Tennessee,Pickett,157,2,0,36.55606529,-85.07763299999998,47137.0,3110.142630744849,1.2738853503184713,155,148,2,0,146,145,5082,9,0,0,9,3
2020-10-06,US,Tennessee,Polk,429,12,0,35.12245443,-84.52075859,47139.0,2548.716730038023,2.797202797202797,417,427,12,0,415,423,16898,2,0,0,2,4
2020-10-06,US,Tennessee,Putnam,3588,49,0,36.14005459,-85.50646123,47141.0,4471.306623465636,1.3656633221850614,3539,3556,48,0,3508,3521,78843,32,1,0,31,35
2020-10-06,US,Tennessee,Rhea,917,15,0,35.60536161,-84.93076643,47143.0,2764.796333705189,1.6357688113413305,902,913,15,0,898,896,33044,4,0,0,4,17
2020-10-06,US,Tennessee,Roane,980,6,0,35.84923189,-84.52458689,47145.0,1835.8248098610013,0.6122448979591837,974,969,6,0,963,954,53140,11,0,0,11,15
2020-10-06,US,Tennessee,Robertson,2305,38,0,36.52454807,-86.87346725,47147.0,3209.725258657903,1.648590021691974,2267,2298,38,0,2260,2285,71012,7,0,0,7,13
2020-10-06,US,Tennessee,Rutherford,9884,99,0,35.84591405,-86.4107263,47149.0,2974.5549753976256,1.001618777822744,9785,9807,98,0,9709,9709,324890,77,1,0,76,98
2020-10-06,US,Tennessee,Scott,249,3,0,36.42325673,-84.50360494,47151.0,1128.3306144643827,1.2048192771084338,246,245,3,0,242,240,22039,4,0,0,4,5
2020-10-06,US,Tennessee,Sequatchie,260,1,0,35.36979721,-85.41022136,47153.0,1730.3340875815256,0.38461538461538464,259,260,3,0,257,252,14876,0,-2,0,2,8
2020-10-06,US,Tennessee,Sevier,2786,18,0,35.78077323,-83.52244332,47155.0,2835.623409669211,0.6460875807609476,2768,2767,17,0,2750,2747,97892,19,1,0,18,20
2020-10-06,US,Tennessee,Shelby,32016,491,0,35.1864775,-89.89692423,47157.0,3416.257098528969,1.5336081959020489,31525,31840,489,0,31351,31600,935764,176,2,0,174,240
2020-10-06,US,Tennessee,Smith,809,12,0,36.25359775,-85.95411046,47159.0,4013.4940715384228,1.4833127317676142,797,808,11,0,797,797,19942,1,1,0,0,11
2020-10-06,US,Tennessee,Stewart,252,3,0,36.50235092,-87.83920548,47161.0,1837.404301859278,1.1904761904761905,249,250,3,0,247,245,13561,2,0,0,2,5
2020-10-06,US,Tennessee,Sullivan,2436,36,0,36.51240691,-82.30412917,47163.0,1538.3838128678603,1.477832512315271,2400,2395,35,0,2360,2367,157668,41,1,0,40,28
2020-10-06,US,Tennessee,Sumner,5109,104,0,36.46824103,-86.45917204,47165.0,2670.9116858267603,2.0356234096692107,5005,5088,104,0,4984,5044,187149,21,0,0,21,44
2020-10-06,US,Tennessee,Tipton,1944,22,0,35.501942,-89.73694895,47167.0,3155.895387912141,1.131687242798354,1922,1921,22,0,1899,1897,61581,23,0,0,23,24
2020-10-06,US,Tennessee,Trousdale,1697,7,0,36.39026213,-86.16087954,47169.0,15038.993264799718,0.4124926340601061,1690,1692,7,0,1685,1687,11012,5,0,0,5,5
2020-10-06,US,Tennessee,Unassigned,3316,10,0,0.0,0.0,90047.0,0.0,0.30156815440289503,3306,3273,9,0,3264,3164,,43,1,0,42,109
2020-10-06,US,Tennessee,Unicoi,297,1,0,36.10890856,-82.43709629,47171.0,1660.795168595873,0.3367003367003367,296,297,1,0,296,295,17761,0,0,0,0,2
2020-10-06,US,Tennessee,Union,420,2,0,36.28590426,-83.83651902,47173.0,2102.9441217704793,0.4761904761904762,418,417,2,0,415,412,19688,3,0,0,3,5
2020-10-06,US,Tennessee,Van Buren,171,1,0,35.69864497,-85.45221699,47175.0,2912.125340599455,0.5847953216374269,170,170,1,0,169,170,5765,1,0,0,1,0
2020-10-06,US,Tennessee,Warren,1140,8,0,35.672829899999996,-85.77969117,47177.0,2761.8286212660805,0.7017543859649122,1132,1135,8,0,1127,1120,40878,5,0,0,5,15
2020-10-06,US,Tennessee,Washington,2531,38,0,36.29472368,-82.49454720000001,47179.0,1956.3285024154584,1.5013828526274198,2493,2512,38,0,2474,2488,128607,19,0,0,19,24
2020-10-06,US,Tennessee,Wayne,1527,6,0,35.23868267,-87.78644456,47181.0,9158.519762490254,0.3929273084479371,1521,1521,6,0,1515,1519,16558,6,0,0,6,2
2020-10-06,US,Tennessee,Weakley,1300,21,0,36.29896232,-88.71990865,47183.0,3900.624099855977,1.6153846153846154,1279,1288,21,0,1267,1269,33415,12,0,0,12,19
2020-10-06,US,Tennessee,White,939,10,0,35.92929884,-85.45591799,47185.0,3433.900164563905,1.064962726304579,929,930,10,0,920,910,27107,9,0,0,9,20
2020-10-06,US,Tennessee,Williamson,5735,40,0,35.89099229,-86.89281867,47187.0,2405.499723168297,0.6974716652136007,5695,5674,40,0,5634,5572,231729,61,0,0,61,102
2020-10-06,US,Tennessee,Wilson,3827,50,0,36.15496772,-86.29775884,47189.0,2645.5684826866313,1.3065064018813692,3777,3788,49,0,3739,3717,140625,39,1,0,38,71
2020-10-06,US,Texas,Anderson,2836,37,0,31.81534745,-95.65354823,48001.0,4912.09838053174,1.304654442877292,2799,2859,36,0,2823,2821,58057,-23,1,0,-24,38
2020-10-06,US,Texas,Andrews,466,10,0,32.30468633,-102.63765479999999,48003.0,2491.312483293237,2.145922746781116,456,457,10,0,447,457,18128,9,0,0,9,0
2020-10-06,US,Texas,Angelina,2205,84,0,31.25457347,-94.60901487,48005.0,2542.812662169175,3.809523809523809,2121,2189,83,0,2106,2189,87092,16,1,0,15,0
2020-10-06,US,Texas,Aransas,335,18,0,28.10556197,-96.9995047,48007.0,1424.9255635899615,5.373134328358209,317,335,18,0,317,335,23792,0,0,0,0,0
2020-10-06,US,Texas,Archer,88,1,0,33.61569967,-98.68754589,48009.0,1028.8787559920495,1.1363636363636365,87,88,1,0,87,88,8786,0,0,0,0,0
2020-10-06,US,Texas,Armstrong,13,1,0,34.96507426,-101.35748740000001,48011.0,688.924218335983,7.6923076923076925,12,13,1,0,12,13,1892,0,0,0,0,0
2020-10-06,US,Texas,Atascosa,1244,32,0,28.89333001,-98.52730485,48013.0,2431.919926495025,2.5723472668810294,1212,1245,32,0,1213,1166,50310,-1,0,0,-1,79
2020-10-06,US,Texas,Austin,502,9,0,29.88548725,-96.27736949,48015.0,1671.5503462972827,1.792828685258964,493,502,9,0,493,502,29989,0,0,0,0,0
2020-10-06,US,Texas,Bailey,232,5,0,34.06854817,-102.8299707,48017.0,3314.285714285714,2.155172413793104,227,228,5,0,223,228,7027,4,0,0,4,0
2020-10-06,US,Texas,Bandera,177,8,0,29.74619598,-99.24598147,48019.0,765.8359293873312,4.519774011299434,169,177,8,0,169,160,22824,0,0,0,0,17
2020-10-06,US,Texas,Bastrop,1874,30,0,30.10370699,-97.31206354,48021.0,2112.1918780924907,1.6008537886873,1844,1865,30,0,1835,1865,86976,9,0,0,9,0
2020-10-06,US,Texas,Baylor,26,1,0,33.61640794,-99.21352901,48023.0,740.9518381305215,3.8461538461538463,25,20,1,0,19,20,3582,6,0,0,6,0
2020-10-06,US,Texas,Bee,1840,36,0,28.41761668,-97.74215593,48025.0,5650.237985567327,1.9565217391304348,1804,1823,36,0,1787,1838,32587,17,0,0,17,-15
2020-10-06,US,Texas,Bell,5690,90,0,31.03736027,-97.4785025,48027.0,1567.8213620482525,1.5817223198594024,5600,5623,89,0,5534,5623,355642,67,1,0,66,0
2020-10-06,US,Texas,Bexar,58746,1336,0,29.44928723,-98.52019748,48029.0,2932.0896766446026,2.27419739216287,57410,58746,1332,0,57414,58678,1986049,0,4,0,-4,68
2020-10-06,US,Texas,Blanco,146,5,0,30.26640707,-98.3999852,48031.0,1223.7029586790711,3.4246575342465757,141,145,5,0,140,145,11702,1,0,0,1,0
2020-10-06,US,Texas,Borden,1,0,0,32.74363984,-101.43165090000001,48033.0,152.9051987767584,0.0,1,1,0,0,1,1,648,0,0,0,0,0
2020-10-06,US,Texas,Bosque,355,6,0,31.89978581,-97.63613524,48035.0,1899.9197217019,1.6901408450704225,349,351,6,0,345,351,18691,4,0,0,4,0
2020-10-06,US,Texas,Bowie,1476,58,0,33.44626922,-94.41834132,48037.0,1582.9266984824924,3.9295392953929538,1418,1457,55,0,1402,1439,94324,19,3,0,16,18
2020-10-06,US,Texas,Brazoria,11603,172,0,29.18757369,-95.44563172,48039.0,3100.2180279161234,1.4823752477807464,11431,11575,171,0,11404,11575,370200,28,1,0,27,0
2020-10-06,US,Texas,Brazos,6725,65,0,30.663644800000004,-96.30205577,48041.0,2933.977863191557,0.966542750929368,6660,6686,64,0,6622,6659,226758,39,1,0,38,27
2020-10-06,US,Texas,Brewster,222,4,0,29.81008251,-103.25203259999999,48043.0,2412.256872758883,1.8018018018018016,218,220,4,0,216,220,9267,2,0,0,2,0
2020-10-06,US,Texas,Briscoe,15,1,0,34.53026962,-101.2084947,48045.0,970.2457956015525,6.666666666666668,14,15,1,0,14,15,1516,0,0,0,0,0
2020-10-06,US,Texas,Brooks,329,22,0,27.03103197,-98.21808402,48047.0,4638.375863527422,6.6869300911854115,307,329,22,0,307,325,7114,0,0,0,0,4
2020-10-06,US,Texas,Brown,593,25,0,31.77430356,-98.99907113,48049.0,1566.1314177054721,4.2158516020236085,568,592,25,0,567,592,37924,1,0,0,1,0
2020-10-06,US,Texas,Burleson,358,6,0,30.49273808,-96.62158484,48051.0,1941.1158705199805,1.675977653631285,352,354,6,0,348,354,18389,4,0,0,4,0
2020-10-06,US,Texas,Burnet,782,12,0,30.78801353,-98.181887,48053.0,1623.9227494548852,1.5345268542199488,770,771,12,0,759,771,47542,11,0,0,11,0
2020-10-06,US,Texas,Caldwell,1633,36,0,29.83668859,-97.61814775,48055.0,3739.923048735801,2.204531537048377,1597,1629,35,0,1594,1629,43247,4,1,0,3,0
2020-10-06,US,Texas,Calhoun,856,8,0,28.47048236,-96.61633945,48057.0,4020.666979802724,0.9345794392523364,848,851,8,0,843,831,21561,5,0,0,5,20
2020-10-06,US,Texas,Callahan,98,4,0,32.29760619,-99.37326312,48059.0,702.8616510076741,4.081632653061225,94,98,3,0,95,98,13994,0,1,0,-1,0
2020-10-06,US,Texas,Cameron,23029,1023,0,26.14524221,-97.48140372,48061.0,5442.110959606582,4.442225020626167,22006,22946,1023,0,21923,22946,423908,83,0,0,83,0
2020-10-06,US,Texas,Camp,366,11,0,32.97195142,-94.97790104,48063.0,2795.1733618451194,3.0054644808743167,355,363,11,0,352,363,13033,3,0,0,3,0
2020-10-06,US,Texas,Carson,33,0,0,35.40365929,-101.35426690000001,48065.0,556.8680391495107,0.0,33,31,0,0,31,31,6005,2,0,0,2,0
2020-10-06,US,Texas,Cass,400,16,0,33.07499881,-94.34646905,48067.0,1332.1787783920602,4.0,384,389,16,0,373,387,30119,11,0,0,11,2
2020-10-06,US,Texas,Castro,263,5,0,34.53016752,-102.2617243,48069.0,3492.6958831341303,1.9011406844106464,258,263,5,0,258,263,7665,0,0,0,0,0
2020-10-06,US,Texas,Chambers,1377,8,0,29.70972016,-94.67154501,48071.0,3141.182106439765,0.5809731299927379,1369,1377,8,0,1369,1377,42454,0,0,0,0,0
2020-10-06,US,Texas,Cherokee,1573,30,0,31.837258000000002,-95.16559897,48073.0,2987.881320518178,1.9071837253655437,1543,1571,30,0,1541,1571,52592,2,0,0,2,0
2020-10-06,US,Texas,Childress,77,0,0,34.529304100000004,-100.2077916,48075.0,1053.9282781275663,0.0,77,75,0,0,75,75,7291,2,0,0,2,0
2020-10-06,US,Texas,Clay,83,2,0,33.78686685,-98.20771198,48077.0,792.6654569764113,2.409638554216868,81,81,2,0,79,81,10456,2,0,0,2,0
2020-10-06,US,Texas,Cochran,60,1,0,33.60425307,-102.82844990000001,48079.0,2103.0494216614093,1.6666666666666667,59,59,1,0,58,59,2836,1,0,0,1,0
2020-10-06,US,Texas,Coke,53,3,0,31.88911733,-100.5297533,48081.0,1564.8066135222912,5.660377358490566,50,53,3,0,50,53,3370,0,0,0,0,0
2020-10-06,US,Texas,Coleman,81,4,0,31.76736834,-99.45240766,48083.0,990.8256880733943,4.938271604938271,77,80,4,0,76,80,8397,1,0,0,1,0
2020-10-06,US,Texas,Collin,15736,155,0,33.18820114,-96.57264368,48085.0,1520.7831994819903,0.9850025419420436,15581,15610,152,0,15458,15568,1005146,126,3,0,123,42
2020-10-06,US,Texas,Collingsworth,19,0,0,34.96489496,-100.27001109999999,48087.0,650.6849315068494,0.0,19,19,0,0,19,19,2962,0,0,0,0,0
2020-10-06,US,Texas,Colorado,490,4,0,29.622097999999998,-96.5273805,48089.0,2279.812031824315,0.8163265306122449,486,490,4,0,486,490,21217,0,0,0,0,0
2020-10-06,US,Texas,Comal,2761,103,0,29.80811278,-98.27647225,48091.0,1767.503792995282,3.73053241579138,2658,2757,103,0,2654,2757,148373,4,0,0,4,0
2020-10-06,US,Texas,Comanche,317,4,0,31.94854689,-98.55876441,48093.0,2324.8991565823253,1.2618296529968454,313,310,4,0,306,310,13534,7,0,0,7,0
2020-10-06,US,Texas,Concho,138,2,0,31.32635934,-99.86473038,48095.0,5062.362435803375,1.4492753623188406,136,136,2,0,134,136,4276,2,0,0,2,0
2020-10-06,US,Texas,Cooke,476,7,0,33.63979567,-97.21240912,48097.0,1153.743607145454,1.4705882352941178,469,461,7,0,454,461,40574,15,0,0,15,0
2020-10-06,US,Texas,Coryell,1854,12,0,31.39078397,-97.79936155,48099.0,2441.047517478374,0.6472491909385113,1842,1839,12,0,1827,1839,74808,15,0,0,15,0
2020-10-06,US,Texas,Cottle,32,3,0,34.07783319,-100.27850620000001,48101.0,2288.9842632331893,9.375,29,30,3,0,27,30,1389,2,0,0,2,0
2020-10-06,US,Texas,Crane,72,2,0,31.43052248,-102.5143314,48103.0,1500.93808630394,2.7777777777777777,70,72,2,0,70,72,4794,0,0,0,0,0
2020-10-06,US,Texas,Crockett,165,7,0,30.72367027,-101.4134238,48105.0,4763.279445727483,4.242424242424242,158,164,7,0,157,164,3499,1,0,0,1,0
2020-10-06,US,Texas,Crosby,90,3,0,33.61431553,-101.30003640000001,48107.0,1568.7641624542443,3.333333333333333,87,89,3,0,86,89,5779,1,0,0,1,0
2020-10-06,US,Texas,Culberson,55,2,0,31.44506775,-104.5185739,48109.0,2533.394748963611,3.636363636363636,53,55,2,0,53,55,2204,0,0,0,0,0
2020-10-06,US,Texas,Dallam,274,9,0,36.27787176,-102.60207249999999,48111.0,3760.120763002608,3.2846715328467155,265,261,9,0,252,261,7200,13,0,0,13,0
2020-10-06,US,Texas,Dallas,84491,1154,0,32.76670599,-96.77796049999999,48113.0,3205.86177431668,1.3658259459587412,83337,84245,1149,0,83096,83178,2637772,246,5,0,241,1067
2020-10-06,US,Texas,Dawson,544,10,0,32.74255572,-101.94772420000001,48115.0,4274.041483343809,1.8382352941176472,534,503,10,0,493,503,12619,41,0,0,41,0
2020-10-06,US,Texas,DeWitt,1033,41,0,29.08101855,-97.35681170000001,48123.0,5124.0079365079355,3.9690222652468536,992,996,41,0,955,996,20187,37,0,0,37,0
2020-10-06,US,Texas,Deaf Smith,917,22,0,34.96522957,-102.6054267,48117.0,4944.462417772026,2.3991275899672853,895,906,22,0,884,906,18760,11,0,0,11,0
2020-10-06,US,Texas,Delta,29,0,0,33.38570922,-95.66921122,48119.0,543.9879947477021,0.0,29,29,0,0,29,29,5349,0,0,0,0,0
2020-10-06,US,Texas,Denton,12567,157,0,33.20521901,-97.11691153,48121.0,1416.467633821645,1.2493037319964988,12410,12508,157,0,12351,12425,859064,59,0,0,59,83
2020-10-06,US,Texas,Dickens,50,2,0,33.61616822,-100.7788855,48125.0,2261.420171867933,4.0,48,50,2,0,48,50,2249,0,0,0,0,0
2020-10-06,US,Texas,Dimmit,263,7,0,28.42270064,-99.75645095,48127.0,2597.7874357961277,2.661596958174905,256,259,7,0,252,258,10308,4,0,0,4,1
2020-10-06,US,Texas,Donley,70,1,0,34.96517499,-100.8140093,48129.0,2135.4484441732766,1.4285714285714286,69,66,1,0,65,66,3319,4,0,0,4,0
2020-10-06,US,Texas,Duval,462,17,0,27.68184592,-98.50864568,48131.0,4140.898090884646,3.67965367965368,445,459,17,0,442,453,11212,3,0,0,3,6
2020-10-06,US,Texas,Eastland,196,4,0,32.32743996,-98.83243566,48133.0,1067.5381263616555,2.0408163265306123,192,191,4,0,187,191,18322,5,0,0,5,0
2020-10-06,US,Texas,Ector,5122,100,0,31.86898877,-102.54294279999999,48135.0,3081.4026939713517,1.952362358453729,5022,5088,100,0,4988,4965,162124,34,0,0,34,123
2020-10-06,US,Texas,Edwards,68,2,0,29.98202582,-100.304252,48137.0,3519.6687370600416,2.9411764705882355,66,68,2,0,66,67,1928,0,0,0,0,1
2020-10-06,US,Texas,El Paso,26030,538,0,31.76980765,-106.23632749999999,48141.0,3101.6231390856933,2.066845946984249,25492,25793,536,0,25257,25569,840758,237,2,0,235,224
2020-10-06,US,Texas,Ellis,4484,68,0,32.34894117,-96.79371841,48139.0,2426.0655968316146,1.5165031222123104,4416,4482,68,0,4414,4482,179436,2,0,0,2,0
2020-10-06,US,Texas,Erath,887,13,0,32.23602653,-98.21773417,48143.0,2077.3806735678486,1.4656144306651635,874,892,13,0,879,892,42446,-5,0,0,-5,0
2020-10-06,US,Texas,Falls,558,5,0,31.25350609,-96.93630086,48145.0,3225.992946753772,0.8960573476702509,553,436,5,0,431,306,17335,122,0,0,122,130
2020-10-06,US,Texas,Fannin,700,15,0,33.59564294,-96.10751083,48147.0,1971.0536689756152,2.142857142857143,685,701,15,0,686,701,35286,-1,0,0,-1,0
2020-10-06,US,Texas,Fayette,624,21,0,29.87788372,-96.92076062,48149.0,2461.9269312712063,3.3653846153846154,603,624,21,0,603,617,25349,0,0,0,0,7
2020-10-06,US,Texas,Fisher,70,3,0,32.74281316,-100.40193020000001,48151.0,1827.6762402088773,4.285714285714286,67,68,3,0,65,68,3839,2,0,0,2,0
2020-10-06,US,Texas,Floyd,113,9,0,34.07227468,-101.3031546,48153.0,1978.2913165266107,7.9646017699115035,104,112,9,0,103,112,5837,1,0,0,1,0
2020-10-06,US,Texas,Foard,18,0,0,33.97308618,-99.7767797,48155.0,1558.4415584415585,0.0,18,18,0,0,18,18,1200,0,0,0,0,0
2020-10-06,US,Texas,Fort Bend,16642,295,0,29.52704478,-95.77219463,48157.0,2050.295187313352,1.772623482754477,16347,16620,294,0,16326,16603,787858,22,1,0,21,17
2020-10-06,US,Texas,Franklin,152,6,0,33.17653242,-95.21917243,48159.0,1417.249417249417,3.947368421052632,146,147,6,0,141,136,10766,5,0,0,5,11
2020-10-06,US,Texas,Freestone,421,3,0,31.70422788,-96.15072516,48161.0,2135.2132677385002,0.7125890736342043,418,417,3,0,414,420,19808,4,0,0,4,-3
2020-10-06,US,Texas,Frio,996,9,0,28.86751206,-99.10804207,48163.0,4904.954200728848,0.9036144578313252,987,993,9,0,984,984,19816,3,0,0,3,9
2020-10-06,US,Texas,Gaines,389,9,0,32.74055318,-102.6353295,48165.0,1809.97580495068,2.3136246786632397,380,379,9,0,370,379,20901,10,0,0,10,0
2020-10-06,US,Texas,Galveston,11807,164,0,29.40167322,-94.90469073,48167.0,3450.936607636078,1.3890065215550098,11643,11788,164,0,11624,11788,337890,19,0,0,19,0
2020-10-06,US,Texas,Garza,106,4,0,33.17969345,-101.2984114,48169.0,1701.7177717129557,3.7735849056603774,102,105,4,0,101,105,6578,1,0,0,1,0
2020-10-06,US,Texas,Gillespie,338,10,0,30.31824095,-98.94676915,48171.0,1252.4084778420038,2.9585798816568047,328,336,10,0,326,321,26804,2,0,0,2,15
2020-10-06,US,Texas,Glasscock,9,0,0,31.86942909,-101.5207776,48173.0,638.7508871540099,0.0,9,9,0,0,9,9,1388,0,0,0,0,0
2020-10-06,US,Texas,Goliad,156,6,0,28.65696592,-97.42760647,48175.0,2037.0854008879605,3.8461538461538463,150,156,6,0,150,156,7584,0,0,0,0,0
2020-10-06,US,Texas,Gonzales,1070,18,0,29.45634206,-97.49424032,48177.0,5135.096223064741,1.6822429906542056,1052,1071,18,0,1053,1063,20826,-1,0,0,-1,8
2020-10-06,US,Texas,Gray,336,7,0,35.40081878,-100.8129222,48179.0,1535.2279996344696,2.083333333333333,329,332,7,0,325,332,21895,4,0,0,4,0
2020-10-06,US,Texas,Grayson,1983,48,0,33.62744998,-96.67753461,48181.0,1455.8188705840894,2.4205748865355523,1935,1964,47,0,1917,1964,133991,19,1,0,18,0
2020-10-06,US,Texas,Gregg,2314,75,0,32.47940482,-94.81591935,48183.0,1866.9571180765665,3.24114088159032,2239,2299,74,0,2225,2291,123707,15,1,0,14,8
2020-10-06,US,Texas,Grimes,1098,33,0,30.54579585,-95.98902499,48185.0,3801.939058171745,3.0054644808743167,1065,1093,33,0,1060,1092,28360,5,0,0,5,1
2020-10-06,US,Texas,Guadalupe,3737,78,0,29.58165339,-97.94786822,48187.0,2239.7765617601754,2.0872357506020878,3659,3743,78,0,3665,3643,163694,-6,0,0,-6,100
2020-10-06,US,Texas,Hale,1940,57,0,34.07044901,-101.82681140000001,48189.0,5807.3399988026085,2.9381443298969074,1883,1940,56,0,1884,1940,33830,0,1,0,-1,0
2020-10-06,US,Texas,Hall,35,1,0,34.5307555,-100.68138520000001,48191.0,1180.8367071524967,2.8571428571428568,34,35,1,0,34,35,3028,0,0,0,0,0
2020-10-06,US,Texas,Hamilton,157,4,0,31.70470573,-98.11083887,48193.0,1855.5726273490127,2.5477707006369426,153,154,4,0,150,154,8484,3,0,0,3,0
2020-10-06,US,Texas,Hansford,155,5,0,36.27743284,-101.3545796,48195.0,2870.902018892388,3.2258064516129035,150,145,5,0,140,145,5463,10,0,0,10,0
2020-10-06,US,Texas,Hardeman,31,0,0,34.28944521,-99.74632408,48197.0,788.2023900330537,0.0,31,25,0,0,25,25,3922,6,0,0,6,0
2020-10-06,US,Texas,Hardin,1355,32,0,30.33364686,-94.38931817,48199.0,2352.348876775112,2.3616236162361623,1323,1358,32,0,1326,1358,57207,-3,0,0,-3,0
2020-10-06,US,Texas,Harris,148769,2632,0,29.85864939,-95.39339521,48201.0,3156.349286331836,1.769185784672882,146137,148235,2628,0,145607,147808,4698619,534,4,0,530,427
2020-10-06,US,Texas,Harrison,937,32,0,32.54935988,-94.36934071,48203.0,1407.9004703018645,3.4151547491995733,905,928,32,0,896,922,66726,9,0,0,9,6
2020-10-06,US,Texas,Hartley,144,0,0,35.84008013,-102.6029022,48205.0,2582.496413199426,0.0,144,141,0,0,141,141,5619,3,0,0,3,0
2020-10-06,US,Texas,Haskell,72,3,0,33.17823584,-99.73037358,48207.0,1272.5344644750794,4.166666666666667,69,71,3,0,68,71,5813,1,0,0,1,0
2020-10-06,US,Texas,Hays,5995,67,0,30.05669873,-98.02944344,48209.0,2604.358988839703,1.1175979983319433,5928,5965,66,0,5899,5951,222631,30,1,0,29,14
2020-10-06,US,Texas,Hemphill,88,0,0,35.83764858,-100.2703577,48211.0,2304.268133019115,0.0,88,83,0,0,83,83,3825,5,0,0,5,0
2020-10-06,US,Texas,Henderson,1038,23,0,32.21128872,-95.85846587,48213.0,1254.5777584393925,2.215799614643545,1015,1022,23,0,999,1006,82299,16,0,0,16,16
2020-10-06,US,Texas,Hidalgo,32813,1784,0,26.39418217,-98.18299696,48215.0,3777.222930170932,5.436869533416632,31029,32630,1766,0,30864,32406,865939,183,18,0,165,224
2020-10-06,US,Texas,Hill,717,14,0,31.99045053,-97.13423143,48217.0,1956.3971731834424,1.9525801952580195,703,710,14,0,696,710,36354,7,0,0,7,0
2020-10-06,US,Texas,Hockley,383,9,0,33.60771256,-102.3431676,48219.0,1663.6983623647973,2.3498694516971277,374,373,9,0,364,373,22980,10,0,0,10,0
2020-10-06,US,Texas,Hood,1005,30,0,32.42990927,-97.83242024,48221.0,1630.3554337069904,2.985074626865672,975,1002,29,0,973,1002,60537,3,1,0,2,0
2020-10-06,US,Texas,Hopkins,402,14,0,33.14875072,-95.56351139,48223.0,1084.0254557221442,3.4825870646766166,388,395,13,0,382,385,36810,7,1,0,6,10
2020-10-06,US,Texas,Houston,384,11,0,31.31925973,-95.42226208,48225.0,1671.8913270637408,2.864583333333333,373,385,11,0,374,384,23169,-1,0,0,-1,1
2020-10-06,US,Texas,Howard,933,16,0,32.30621324,-101.4356444,48227.0,2544.730525856426,1.714898177920686,917,918,16,0,902,917,36459,15,0,0,15,1
2020-10-06,US,Texas,Hudspeth,62,3,0,31.45628381,-105.388178,48229.0,1268.931641424478,4.838709677419356,59,62,3,0,59,62,4795,0,0,0,0,0
2020-10-06,US,Texas,Hunt,1705,39,0,33.12351514,-96.08551032,48231.0,1729.314157048096,2.2873900293255134,1666,1705,38,0,1667,1705,96493,0,1,0,-1,0
2020-10-06,US,Texas,Hutchinson,233,6,0,35.84006574,-101.3546643,48233.0,1112.8092463463558,2.5751072961373387,227,233,6,0,227,233,21198,0,0,0,0,0
2020-10-06,US,Texas,Irion,12,0,0,31.30375559,-100.982439,48235.0,781.25,0.0,12,12,0,0,12,12,1522,0,0,0,0,0
2020-10-06,US,Texas,Jack,143,3,0,33.23377248,-98.17283469,48237.0,1600.447677672076,2.097902097902098,140,140,3,0,137,140,8843,3,0,0,3,0
2020-10-06,US,Texas,Jackson,630,16,0,28.95472367,-96.57749563,48239.0,4268.292682926829,2.5396825396825395,614,633,16,0,617,614,14874,-3,0,0,-3,19
2020-10-06,US,Texas,Jasper,495,30,0,30.74685667,-94.02667579,48241.0,1393.2280672126997,6.0606060606060606,465,489,30,0,459,483,35872,6,0,0,6,6
2020-10-06,US,Texas,Jeff Davis,14,0,0,30.71490589,-104.1399973,48243.0,615.6552330694811,0.0,14,14,0,0,14,14,2252,0,0,0,0,0
2020-10-06,US,Texas,Jefferson,7669,137,0,29.8832777,-94.16434171,48245.0,3048.516288036889,1.786412830877559,7532,7585,136,0,7449,7585,255001,84,1,0,83,0
2020-10-06,US,Texas,Jim Hogg,113,3,0,27.04453923,-98.69681870000001,48247.0,2173.076923076923,2.6548672566371683,110,113,3,0,110,111,5248,0,0,0,0,2
2020-10-06,US,Texas,Jim Wells,1539,39,0,27.73103938,-98.0904705,48249.0,3801.689639839929,2.53411306042885,1500,1535,39,0,1496,1523,40822,4,0,0,4,12
2020-10-06,US,Texas,Johnson,3196,53,0,32.37877812,-97.36615819,48251.0,1817.7991889293985,1.6583229036295368,3143,3169,53,0,3116,3169,171361,27,0,0,27,0
2020-10-06,US,Texas,Jones,577,0,0,32.73997145,-99.87861576,48253.0,2873.0767315640087,0.0,577,568,0,0,568,568,19817,9,0,0,9,0
2020-10-06,US,Texas,Karnes,946,17,0,28.90705334,-97.85960149,48255.0,6063.713864495866,1.7970401691331923,929,948,17,0,931,944,15650,-2,0,0,-2,4
2020-10-06,US,Texas,Kaufman,3221,49,0,32.599141700000004,-96.28734728,48257.0,2365.703541577919,1.5212666873641727,3172,3202,49,0,3153,3202,128622,19,0,0,19,0
2020-10-06,US,Texas,Kendall,377,9,0,29.94414155,-98.7113588,48259.0,794.8388184942337,2.3872679045092844,368,377,8,0,369,343,45641,0,1,0,-1,34
2020-10-06,US,Texas,Kenedy,7,2,0,26.92601662,-97.66413984,48261.0,1732.6732673267327,28.57142857142857,5,7,2,0,5,7,442,0,0,0,0,0
2020-10-06,US,Texas,Kent,9,0,0,33.18104136,-100.7780939,48263.0,1181.1023622047244,0.0,9,9,0,0,9,9,726,0,0,0,0,0
2020-10-06,US,Texas,Kerr,624,12,0,30.06040006,-99.34930144,48265.0,1186.3117870722433,1.9230769230769231,612,623,11,0,612,606,52405,1,1,0,0,17
2020-10-06,US,Texas,Kimble,17,1,0,30.48678918,-99.74856473,48267.0,391.97602029052337,5.882352941176472,16,17,1,0,16,17,4362,0,0,0,0,0
2020-10-06,US,Texas,Kinney,58,1,0,29.34967888,-100.41866379999999,48271.0,1581.6743932369784,1.7241379310344829,57,59,1,0,58,47,3767,-1,0,0,-1,12
2020-10-06,US,Texas,Kleberg,1022,46,0,27.42435506,-97.69894948,48273.0,3331.1603650586712,4.500978473581212,976,1021,46,0,975,1018,31129,1,0,0,1,3
2020-10-06,US,Texas,Knox,104,8,0,33.60519951,-99.74229059999999,48275.0,2838.427947598253,7.6923076923076925,96,103,8,0,95,103,3653,1,0,0,1,0
2020-10-06,US,Texas,La Salle,351,11,0,28.34453111,-99.09908775,48283.0,4667.553191489362,3.133903133903134,340,349,11,0,338,349,7531,2,0,0,2,0
2020-10-06,US,Texas,Lamar,1293,38,0,33.66981763,-95.57404777,48277.0,2593.313143063439,2.9389017788089715,1255,1261,38,0,1223,1251,49728,32,0,0,32,10
2020-10-06,US,Texas,Lamb,346,23,0,34.06859623,-102.35162890000001,48279.0,2683.6267742185682,6.647398843930636,323,346,23,0,323,346,13158,0,0,0,0,0
2020-10-06,US,Texas,Lampasas,275,9,0,31.19531316,-98.24206613,48281.0,1283.3675564681726,3.272727272727273,266,264,9,0,255,263,21229,11,0,0,11,1
2020-10-06,US,Texas,Lavaca,1042,35,0,29.38508402,-96.93186692,48285.0,5170.189540537858,3.3589251439539347,1007,1040,35,0,1005,1010,20110,2,0,0,2,30
2020-10-06,US,Texas,Lee,231,14,0,30.31120597,-96.97045773,48287.0,1339.9849179186729,6.0606060606060606,217,230,14,0,216,230,17144,1,0,0,1,0
2020-10-06,US,Texas,Leon,268,6,0,31.29872538,-95.9936328,48289.0,1539.875890599862,2.238805970149253,262,257,6,0,251,257,17270,11,0,0,11,0
2020-10-06,US,Texas,Liberty,2259,51,0,30.15152688,-94.81205615,48291.0,2560.672870923497,2.257636122177955,2208,2261,51,0,2210,2240,86323,-2,0,0,-2,21
2020-10-06,US,Texas,Limestone,594,15,0,31.5454767,-96.58095444,48293.0,2534.4540683534588,2.525252525252525,579,591,15,0,576,589,23519,3,0,0,3,2
2020-10-06,US,Texas,Lipscomb,36,1,0,36.27783108,-100.27331509999999,48295.0,1113.5168574079803,2.7777777777777777,35,36,1,0,35,36,3355,0,0,0,0,0
2020-10-06,US,Texas,Live Oak,374,9,0,28.35101362,-98.1246786,48297.0,3063.815843368559,2.406417112299465,365,374,9,0,365,374,12166,0,0,0,0,0
2020-10-06,US,Texas,Llano,143,2,0,30.70645047,-98.68475262,48299.0,656.1137875659555,1.3986013986013983,141,138,2,0,136,138,21646,5,0,0,5,0
2020-10-06,US,Texas,Lubbock,12766,132,0,33.61008596,-101.82047890000001,48303.0,4110.519723475299,1.033996553344822,12634,12640,131,0,12509,12580,307412,126,1,0,125,60
2020-10-06,US,Texas,Lynn,111,5,0,33.17657705,-101.8162849,48305.0,1865.2327339942867,4.504504504504505,106,110,5,0,105,110,5877,1,0,0,1,0
2020-10-06,US,Texas,Madison,733,6,0,30.96694679,-95.93003775,48313.0,5131.6157938952665,0.8185538881309686,727,728,6,0,722,728,14422,5,0,0,5,0
2020-10-06,US,Texas,Marion,156,14,0,32.79868409,-94.35661230000001,48315.0,1583.1134564643799,8.974358974358974,142,153,14,0,139,152,9928,3,0,0,3,1
2020-10-06,US,Texas,Martin,79,6,0,32.30600051,-101.9513518,48317.0,1368.9135331831571,7.594936708860758,73,78,6,0,72,78,5753,1,0,0,1,0
2020-10-06,US,Texas,Mason,79,2,0,30.71780434,-99.22629416,48319.0,1848.3855872718768,2.5316455696202533,77,79,2,0,77,79,4280,0,0,0,0,0
2020-10-06,US,Texas,Matagorda,1057,48,0,28.81955746,-96.01230294,48321.0,2884.5891439019733,4.541154210028382,1009,1057,48,0,1009,1056,36552,0,0,0,0,1
2020-10-06,US,Texas,Maverick,3712,129,0,28.7429195,-100.3157686,48323.0,6321.310582064643,3.4752155172413794,3583,3712,127,0,3585,3712,58485,0,2,0,-2,0
2020-10-06,US,Texas,McCulloch,172,4,0,31.1925468,-99.34682807,48307.0,2154.308617234469,2.3255813953488373,168,168,4,0,164,168,7987,4,0,0,4,0
2020-10-06,US,Texas,McLennan,8583,110,0,31.55255453,-97.20217694,48309.0,3344.594989537181,1.2816031690551088,8473,8411,110,0,8301,8385,254607,172,0,0,172,26
2020-10-06,US,Texas,McMullen,24,1,0,28.35251708,-98.56769164,48311.0,3230.1480484522212,4.166666666666667,23,24,1,0,23,24,749,0,0,0,0,0
2020-10-06,US,Texas,Medina,1236,47,0,29.355730100000002,-99.11030298,48325.0,2396.091811414392,3.802588996763754,1189,1227,47,0,1180,1226,50921,9,0,0,9,1
2020-10-06,US,Texas,Menard,31,0,0,30.88990665,-99.82047940000001,48327.0,1449.9532273152481,0.0,31,29,0,0,29,29,2139,2,0,0,2,0
2020-10-06,US,Texas,Midland,4035,85,0,31.86904128,-102.03156820000001,48329.0,2281.826818675353,2.106567534076828,3950,3987,85,0,3902,3943,172578,48,0,0,48,44
2020-10-06,US,Texas,Milam,511,6,0,30.78581830000001,-96.97718698,48331.0,2058.5747089392903,1.1741682974559686,505,511,6,0,505,511,25131,0,0,0,0,0
2020-10-06,US,Texas,Mills,61,0,0,31.49557106,-98.59272068,48333.0,1251.795608454751,0.0,61,61,0,0,61,61,4921,0,0,0,0,0
2020-10-06,US,Texas,Mitchell,101,1,0,32.30623474,-100.9212058,48335.0,1181.977764774722,0.99009900990099,100,98,1,0,97,98,8145,3,0,0,3,0
2020-10-06,US,Texas,Montague,192,4,0,33.67521893,-97.72500958,48337.0,968.8162276718136,2.083333333333333,188,190,4,0,186,190,19596,2,0,0,2,0
2020-10-06,US,Texas,Montgomery,11682,162,0,30.30079133,-95.50572772,48339.0,1923.3080503333108,1.386748844375963,11520,11444,162,0,11282,11307,590925,238,0,0,238,137
2020-10-06,US,Texas,Moore,1196,22,0,35.83769242,-101.8930281,48341.0,5711.556829035339,1.8394648829431441,1174,1185,22,0,1163,1185,21485,11,0,0,11,0
2020-10-06,US,Texas,Morris,194,4,0,33.11304005,-94.73255695,48343.0,1566.0316435259924,2.061855670103093,190,191,3,0,188,191,12339,3,1,0,2,0
2020-10-06,US,Texas,Motley,10,0,0,34.07408766,-100.77972199999999,48345.0,833.3333333333335,0.0,10,10,0,0,10,10,1234,0,0,0,0,0
2020-10-06,US,Texas,Nacogdoches,1655,65,0,31.62017125,-94.61803994,48347.0,2538.187841236734,3.9274924471299095,1590,1648,64,0,1584,1643,65711,7,1,0,6,5
2020-10-06,US,Texas,Navarro,1334,28,0,32.04620681,-96.47428766,48349.0,2661.983916349051,2.098950524737631,1306,1317,27,0,1290,1317,49565,17,1,0,16,0
2020-10-06,US,Texas,Newton,187,13,0,30.78548982,-93.74408813,48351.0,1375.5057006252298,6.951871657754011,174,188,13,0,175,182,13746,-1,0,0,-1,6
2020-10-06,US,Texas,Nolan,278,5,0,32.30365282,-100.4060208,48353.0,1889.357074894658,1.7985611510791366,273,273,5,0,268,273,14751,5,0,0,5,0
2020-10-06,US,Texas,Nueces,20727,421,0,27.736286,-97.5433285,48355.0,5721.0442347927365,2.031167076759782,20306,20707,419,0,20288,20689,362265,20,2,0,18,18
2020-10-06,US,Texas,Ochiltree,144,5,0,36.27829105,-100.8158184,48357.0,1464.0097600650672,3.4722222222222223,139,144,5,0,139,144,9947,0,0,0,0,0
2020-10-06,US,Texas,Oldham,19,1,0,35.40425596,-102.6027606,48359.0,899.6212121212121,5.2631578947368425,18,19,1,0,18,19,2131,0,0,0,0,0
2020-10-06,US,Texas,Orange,2008,44,0,30.11879481,-93.89412775,48361.0,2407.7893424145045,2.191235059760956,1964,2005,44,0,1961,2005,83572,3,0,0,3,0
2020-10-06,US,Texas,Palo Pinto,605,16,0,32.75310985,-98.31319001,48363.0,2072.698619342903,2.6446280991735542,589,594,16,0,578,594,28875,11,0,0,11,0
2020-10-06,US,Texas,Panola,410,26,0,32.163959600000005,-94.30552481,48365.0,1767.6985427265674,6.3414634146341475,384,398,26,0,372,396,23148,12,0,0,12,2
2020-10-06,US,Texas,Parker,2063,38,0,32.77757172,-97.80500621,48367.0,1443.8891921779418,1.8419777023751815,2025,2040,37,0,2003,2040,138371,23,1,0,22,0
2020-10-06,US,Texas,Parmer,445,8,0,34.52993409,-102.78446679999999,48369.0,4633.00364393545,1.7977528089887642,437,443,8,0,435,443,9864,2,0,0,2,0
2020-10-06,US,Texas,Pecos,401,5,0,30.78097267,-102.72412609999999,48371.0,2534.2855337167416,1.2468827930174564,396,392,5,0,387,392,15673,9,0,0,9,0
2020-10-06,US,Texas,Polk,876,25,0,30.79472531,-94.82766240000001,48373.0,1705.8399704009507,2.853881278538813,851,873,25,0,848,873,50031,3,0,0,3,0
2020-10-06,US,Texas,Potter,6260,75,0,35.40133773,-101.893964,48375.0,5331.516416130818,1.1980830670926517,6185,6188,75,0,6113,6127,119648,72,0,0,72,61
2020-10-06,US,Texas,Presidio,97,7,0,29.99954402,-104.24080790000001,48377.0,1446.8973747016707,7.216494845360825,90,97,7,0,90,97,6948,0,0,0,0,0
2020-10-06,US,Texas,Rains,75,4,0,32.87109387,-95.79232691,48379.0,599.3287517979862,5.333333333333333,71,75,4,0,71,72,12159,0,0,0,0,3
2020-10-06,US,Texas,Randall,3250,45,0,34.96585996,-101.8971322,48381.0,2359.9805392374,1.3846153846153846,3205,3193,45,0,3148,3193,136271,57,0,0,57,0
2020-10-06,US,Texas,Reagan,90,6,0,31.36607041,-101.52326590000001,48383.0,2338.269680436477,6.666666666666668,84,89,6,0,83,89,3741,1,0,0,1,0
2020-10-06,US,Texas,Real,120,8,0,29.83321503,-99.82018052,48385.0,3476.245654692932,6.666666666666668,112,120,8,0,112,118,3478,0,0,0,0,2
2020-10-06,US,Texas,Red River,168,14,0,33.61886692,-95.04841765,48387.0,1397.3217998835564,8.333333333333334,154,167,14,0,153,167,12175,1,0,0,1,0
2020-10-06,US,Texas,Reeves,213,6,0,31.32323325,-103.69038959999999,48389.0,1333.2498748122184,2.8169014084507036,207,212,6,0,206,212,15695,1,0,0,1,0
2020-10-06,US,Texas,Refugio,310,14,0,28.323897600000002,-97.15766311,48391.0,4461.715601611974,4.516129032258065,296,310,14,0,296,310,7032,0,0,0,0,0
2020-10-06,US,Texas,Roberts,12,0,0,35.83809685,-100.813175,48393.0,1405.1522248243564,0.0,12,12,0,0,12,12,903,0,0,0,0,0
2020-10-06,US,Texas,Robertson,333,4,0,31.02539637,-96.51272246,48395.0,1950.3338409277264,1.2012012012012012,329,328,3,0,325,326,17284,5,1,0,4,2
2020-10-06,US,Texas,Rockwall,1700,29,0,32.89779518,-96.40771592,48397.0,1620.359338512129,1.7058823529411764,1671,1680,28,0,1652,1680,100657,20,1,0,19,0
2020-10-06,US,Texas,Runnels,283,8,0,31.8314342,-99.97616148,48399.0,2757.209664848013,2.826855123674912,275,279,8,0,271,279,10234,4,0,0,4,0
2020-10-06,US,Texas,Rusk,965,17,0,32.10773545,-94.76176432,48401.0,1773.7014299893397,1.7616580310880832,948,964,12,0,952,965,54450,1,5,0,-4,-1
2020-10-06,US,Texas,Sabine,82,8,0,31.34318809,-93.85440451,48403.0,777.8410168848416,9.75609756097561,74,82,8,0,74,82,10589,0,0,0,0,0
2020-10-06,US,Texas,San Augustine,207,15,0,31.39457611,-94.17000399,48405.0,2513.050868034479,7.246376811594202,192,207,15,0,192,207,8232,0,0,0,0,0
2020-10-06,US,Texas,San Jacinto,228,9,0,30.57933681,-95.16260304,48407.0,790.04816521709,3.947368421052632,219,228,9,0,219,227,28719,0,0,0,0,1
2020-10-06,US,Texas,San Patricio,1501,77,0,28.00880118,-97.51763891,48409.0,2249.363105050202,5.129913391072618,1424,1501,77,0,1424,1501,66893,0,0,0,0,0
2020-10-06,US,Texas,San Saba,79,0,0,31.1577796,-98.81758731,48411.0,1304.7068538398019,0.0,79,69,0,0,69,69,6054,10,0,0,10,0
2020-10-06,US,Texas,Schleicher,53,2,0,30.89740592,-100.5384842,48413.0,1897.6011457214465,3.7735849056603774,51,53,2,0,51,53,2895,0,0,0,0,0
2020-10-06,US,Texas,Scurry,773,6,0,32.74613808,-100.91626640000001,48415.0,4627.911153684967,0.7761966364812419,767,774,6,0,768,759,16866,-1,0,0,-1,15
2020-10-06,US,Texas,Shackelford,29,0,0,32.73587756,-99.35401337,48417.0,888.208269525268,0.0,29,28,0,0,28,28,3253,1,0,0,1,0
2020-10-06,US,Texas,Shelby,488,27,0,31.79211404,-94.14550696,48419.0,1930.8380153517446,5.532786885245901,461,485,27,0,458,485,25418,3,0,0,3,0
2020-10-06,US,Texas,Sherman,66,1,0,36.27751473,-101.8933156,48421.0,2183.9841164791533,1.5151515151515151,65,66,1,0,65,66,3079,0,0,0,0,0
2020-10-06,US,Texas,Smith,3928,110,0,32.37474036,-95.27175679999999,48423.0,1687.6404397832873,2.80040733197556,3818,3899,110,0,3789,3876,230221,29,0,0,29,23
2020-10-06,US,Texas,Somervell,150,5,0,32.22236802,-97.77403489,48425.0,1643.295354951797,3.333333333333333,145,148,5,0,143,148,9016,2,0,0,2,0
2020-10-06,US,Texas,Starr,3461,171,0,26.56150059,-98.73892358,48427.0,5354.849689786951,4.940768563998844,3290,3452,171,0,3281,3451,64525,9,0,0,9,1
2020-10-06,US,Texas,Stephens,138,4,0,32.73553157,-98.83631615,48429.0,1473.414477898783,2.898550724637681,134,138,4,0,134,138,9433,0,0,0,0,0
2020-10-06,US,Texas,Sterling,7,0,0,31.82781912,-101.05007459999999,48431.0,542.2153369481024,0.0,7,5,0,0,5,5,1311,2,0,0,2,0
2020-10-06,US,Texas,Stonewall,16,1,0,33.17906744,-100.25384009999999,48433.0,1185.1851851851852,6.25,15,16,1,0,15,16,1362,0,0,0,0,0
2020-10-06,US,Texas,Sutton,85,3,0,30.49856623,-100.5382014,48435.0,2251.0593220338988,3.5294117647058822,82,84,3,0,81,84,3758,1,0,0,1,0
2020-10-06,US,Texas,Swisher,107,3,0,34.53028891,-101.73491740000001,48437.0,1446.5323779910775,2.803738317757009,104,107,3,0,104,107,7462,0,0,0,0,0
2020-10-06,US,Texas,Tarrant,52720,740,0,32.77143818,-97.29101614,48439.0,2507.473192819077,1.4036418816388467,51980,52366,734,0,51632,52100,2084931,354,6,0,348,266
2020-10-06,US,Texas,Taylor,1570,59,0,32.30163422,-99.89007449,48441.0,1137.4009302056015,3.7579617834394905,1511,1537,58,0,1479,1537,137640,33,1,0,32,0
2020-10-06,US,Texas,Terrell,3,0,0,30.22429013,-102.0766732,48443.0,386.59793814432993,0.0,3,3,0,0,3,3,823,0,0,0,0,0
2020-10-06,US,Texas,Terry,298,4,0,33.17402785,-102.3354521,48445.0,2415.498095160898,1.342281879194631,294,286,4,0,282,286,12287,12,0,0,12,0
2020-10-06,US,Texas,Throckmorton,9,2,0,33.17751417,-99.21226795,48447.0,599.6002664890074,22.222222222222218,7,8,2,0,6,8,1515,1,0,0,1,0
2020-10-06,US,Texas,Titus,1601,29,0,33.21339719,-94.96797273,48449.0,4888.5496183206105,1.8113678950655838,1572,1601,29,0,1572,1601,33033,0,0,0,0,0
2020-10-06,US,Texas,Tom Green,3901,69,0,31.40464436,-100.46244300000001,48451.0,3272.651006711409,1.7687772366059984,3832,3865,69,0,3796,3836,118189,36,0,0,36,29
2020-10-06,US,Texas,Travis,29952,434,0,30.33432034,-97.78535620000001,48453.0,2351.1052989354403,1.4489850427350428,29518,29857,430,0,29427,29799,1248743,95,4,0,91,58
2020-10-06,US,Texas,Trinity,199,7,0,31.0879489,-95.1367187,48455.0,1358.2690601324139,3.5175879396984926,192,198,7,0,191,198,14740,1,0,0,1,0
2020-10-06,US,Texas,Tyler,236,4,0,30.77031716,-94.37690895,48457.0,1088.9627168696936,1.6949152542372878,232,229,4,0,225,230,21696,7,0,0,7,-1
2020-10-06,US,Texas,Upshur,411,10,0,32.73706798,-94.93999853,48459.0,984.360405240342,2.4330900243309004,401,402,10,0,392,402,41260,9,0,0,9,0
2020-10-06,US,Texas,Upton,26,2,0,31.36868194,-102.0423217,48461.0,710.9652720809405,7.6923076923076925,24,25,2,0,23,25,3671,1,0,0,1,0
2020-10-06,US,Texas,Uvalde,804,35,0,29.35739637,-99.76229172,48463.0,3006.619049399798,4.353233830845771,769,803,34,0,769,802,26846,1,1,0,0,1
2020-10-06,US,Texas,Val Verde,2262,115,0,29.89149232,-101.1525205,48465.0,4613.972463029067,5.083996463306809,2147,2232,113,0,2119,2232,49208,30,2,0,28,0
2020-10-06,US,Texas,Van Zandt,604,20,0,32.56483801,-95.83766469,48467.0,1067.3263827531366,3.3112582781456954,584,599,20,0,579,595,56019,5,0,0,5,4
2020-10-06,US,Texas,Victoria,4108,96,0,28.79780988,-96.96813006,48469.0,4461.144172711872,2.3369036027263874,4012,4100,96,0,4004,4100,92035,8,0,0,8,0
2020-10-06,US,Texas,Walker,3819,57,0,30.73872995,-95.57440968,48471.0,5233.5859451014785,1.492537313432836,3762,3769,57,0,3712,3759,72480,50,0,0,50,10
2020-10-06,US,Texas,Waller,918,14,0,30.01058447,-95.99011759,48473.0,1661.6587626253486,1.5250544662309369,904,914,14,0,900,876,53126,4,0,0,4,38
2020-10-06,US,Texas,Ward,138,1,0,31.50999644,-103.09279090000001,48475.0,1150.191698616436,0.7246376811594203,137,137,1,0,136,137,11720,1,0,0,1,0
2020-10-06,US,Texas,Washington,652,48,0,30.21498498,-96.40946246,48477.0,1817.0670531185558,7.361963190184048,604,646,48,0,598,646,35108,6,0,0,6,0
2020-10-06,US,Texas,Webb,14156,315,0,27.7610369,-99.33237355,48479.0,5116.89776325492,2.2252048601299803,13841,14156,315,0,13841,14000,275910,0,0,0,0,156
2020-10-06,US,Texas,Wharton,1391,55,0,29.27765923,-96.22319248,48481.0,3347.2904033111945,3.9539899352983454,1336,1391,53,0,1338,1386,41619,0,2,0,-2,5
2020-10-06,US,Texas,Wheeler,50,0,0,35.40114335,-100.26995140000001,48483.0,988.9240506329114,0.0,50,50,0,0,50,50,5191,0,0,0,0,0
2020-10-06,US,Texas,Wichita,1989,25,0,33.98842886,-98.70410340000001,48485.0,1504.197232095591,1.256913021618904,1964,1930,25,0,1905,1930,132064,59,0,0,59,0
2020-10-06,US,Texas,Wilbarger,221,2,0,34.07945812,-99.24178437,48487.0,1730.7541702560889,0.9049773755656108,219,212,2,0,210,212,12820,9,0,0,9,0
2020-10-06,US,Texas,Willacy,1211,53,0,26.47411727,-97.61535848,48489.0,5670.006554920873,4.3765483071841444,1158,1211,53,0,1158,1206,21515,0,0,0,0,5
2020-10-06,US,Texas,Williamson,8861,144,0,30.64655664,-97.60048540000001,48491.0,1500.4631268086926,1.6250987473197156,8717,8802,144,0,8658,8706,566719,59,0,0,59,96
2020-10-06,US,Texas,Wilson,966,28,0,29.1732598,-98.08693082,48493.0,1891.521441159193,2.898550724637681,938,967,28,0,939,913,50224,-1,0,0,-1,54
2020-10-06,US,Texas,Winkler,121,4,0,31.85008651,-103.04851629999999,48495.0,1510.6117353308364,3.3057851239669422,117,120,4,0,116,120,7720,1,0,0,1,0
2020-10-06,US,Texas,Wise,791,14,0,33.21570665,-97.65460265,48497.0,1130.2583447645175,1.7699115044247788,777,784,14,0,770,784,68305,7,0,0,7,0
2020-10-06,US,Texas,Wood,553,28,0,32.78722382,-95.38236368,48499.0,1214.343749313775,5.063291139240507,525,544,26,0,518,540,45129,9,2,0,7,4
2020-10-06,US,Texas,Yoakum,260,5,0,33.17320212,-102.82764329999999,48501.0,2984.046826580971,1.9230769230769231,255,258,5,0,253,258,8591,2,0,0,2,0
2020-10-06,US,Texas,Young,360,6,0,33.17659707,-98.68790885,48503.0,1998.8895058300945,1.6666666666666667,354,346,6,0,340,346,18045,14,0,0,14,0
2020-10-06,US,Texas,Zapata,338,6,0,27.00156391,-99.16987152,48505.0,2383.807038578179,1.7751479289940828,332,335,6,0,329,335,14190,3,0,0,3,0
2020-10-06,US,Texas,Zavala,395,16,0,28.86617238,-99.76050829,48507.0,3336.148648648649,4.050632911392405,379,389,16,0,373,377,11983,6,0,0,6,12
2020-10-06,US,Utah,Bear River,3721,11,0,41.52106798,-113.08328159999999,0.0,1991.7780941879266,0.29561945713517873,3710,3679,11,0,3668,3613,,42,0,0,42,66
2020-10-06,US,Utah,Central Utah,766,5,0,39.37231946,-111.5758676,0.0,934.6706689118286,0.6527415143603134,761,764,5,0,759,752,,2,0,0,2,12
2020-10-06,US,Utah,Davis,5776,33,0,40.99001837,-112.1139997,49011.0,1624.8407087861233,0.5713296398891967,5743,5725,32,0,5693,5649,351713,51,1,0,50,76
2020-10-06,US,Utah,Salt Lake,34396,264,0,40.66616532,-111.92160109999999,49035.0,2964.0557824336865,0.7675311082684033,34132,34071,259,0,33812,33599,1152633,325,5,0,320,472
2020-10-06,US,Utah,San Juan,709,29,0,37.62762978,-109.80337140000002,49037.0,4631.565194669453,4.090267983074753,680,707,29,0,678,705,15449,2,0,0,2,2
2020-10-06,US,Utah,Southeast Utah,256,1,0,38.99617072,-110.70139579999999,0.0,636.3568569937111,0.390625,255,250,1,0,249,243,,6,0,0,6,7
2020-10-06,US,Utah,Southwest Utah,4597,38,0,37.85447192,-111.4418764,0.0,1823.9023654787693,0.8266260604742223,4559,4563,38,0,4525,4521,,34,0,0,34,42
2020-10-06,US,Utah,Summit,1088,1,0,40.86688146,-110.9535882,49043.0,2581.5636493059674,0.09191176470588236,1087,1084,1,0,1083,1065,41933,4,0,0,4,19
2020-10-06,US,Utah,Tooele,953,1,0,40.44862644,-113.12957150000001,49045.0,1318.8668539559087,0.1049317943336831,952,949,1,0,948,934,69907,4,0,0,4,15
2020-10-06,US,Utah,TriCounty,258,2,0,40.12491499,-109.5174415,0.0,455.65327964395465,0.7751937984496124,256,255,2,0,253,252,,3,0,0,3,3
2020-10-06,US,Utah,Utah,21381,63,0,40.116672200000004,-111.66576620000001,49049.0,3360.5507398995646,0.294654132173425,21318,21180,63,0,21117,20831,622213,201,0,0,201,349
2020-10-06,US,Utah,Wasatch,855,8,0,40.33110236,-111.1691419,49051.0,2507.9933120178353,0.935672514619883,847,844,8,0,836,839,33240,11,0,0,11,5
2020-10-06,US,Utah,Weber-Morgan,4683,32,0,41.27116049,-111.9145117,0.0,1719.560691349321,0.6833226564168268,4651,4652,32,0,4620,4615,,31,0,0,31,37
2020-10-06,US,Vermont,Addison,111,2,0,44.03217337,-73.14130877,50001.0,301.81907170242266,1.8018018018018016,109,111,2,0,109,85,36973,0,0,0,0,26
2020-10-06,US,Vermont,Bennington,123,1,0,43.03519828,-73.09048868,50003.0,346.7719199323372,0.8130081300813008,122,123,1,0,122,122,35631,0,0,0,0,1
2020-10-06,US,Vermont,Caledonia,34,0,0,44.46548598,-72.10314651,50005.0,113.35978394958825,0.0,34,34,0,0,34,34,30302,0,0,0,0,0
2020-10-06,US,Vermont,Chittenden,857,39,0,44.46322849,-73.08359212,50007.0,523.2820838472529,4.5507584597432915,818,856,39,0,817,852,164572,1,0,0,1,4
2020-10-06,US,Vermont,Essex,6,0,0,44.72736416,-71.73579864,50009.0,97.35518416355671,0.0,6,6,0,0,6,6,6250,0,0,0,0,0
2020-10-06,US,Vermont,Franklin,130,7,0,44.85627605,-72.91249563,50011.0,263.14724100238857,5.384615384615384,123,130,7,0,123,129,49421,0,0,0,0,1
2020-10-06,US,Vermont,Grand Isle,16,0,0,44.797582399999996,-73.29679772,50013.0,221.147201105736,0.0,16,16,0,0,16,16,7090,0,0,0,0,0
2020-10-06,US,Vermont,Lamoille,59,1,0,44.60353043,-72.64356694,50015.0,232.63149593880607,1.6949152542372878,58,59,1,0,58,59,25300,0,0,0,0,0
2020-10-06,US,Vermont,Orange,25,0,0,44.00470222,-72.37640104,50017.0,86.52914301536758,0.0,25,25,0,0,25,25,28999,0,0,0,0,0
2020-10-06,US,Vermont,Orleans,21,0,0,44.82964024,-72.24562697,50019.0,77.67133927580724,0.0,21,21,0,0,21,21,26907,0,0,0,0,0
2020-10-06,US,Vermont,Rutland,131,1,0,43.57723578,-73.03741676,50021.0,225.12072313588013,0.7633587786259542,130,131,1,0,130,131,58672,0,0,0,0,0
2020-10-06,US,Vermont,Unassigned,8,0,0,0.0,0.0,90050.0,0.0,0.0,8,8,0,0,8,8,,0,0,0,0,0
2020-10-06,US,Vermont,Washington,78,2,0,44.27343241,-72.61604978,50023.0,133.54106387714222,2.5641025641025643,76,78,2,0,76,78,58140,0,0,0,0,0
2020-10-06,US,Vermont,Windham,128,3,0,42.986982,-72.71268875,50025.0,303.15949031310686,2.34375,125,127,3,0,124,127,42756,1,0,0,1,0
2020-10-06,US,Vermont,Windsor,94,2,0,43.58010937,-72.58595157,50027.0,170.71664668918675,2.127659574468085,92,92,2,0,90,92,55286,2,0,0,2,0
2020-10-06,US,Virginia,Accomack,1188,19,0,37.76707161,-75.63234615,51001.0,3676.197549201634,1.5993265993265993,1169,1188,19,0,1169,1185,32412,0,0,0,0,3
2020-10-06,US,Virginia,Albemarle,1385,22,0,38.02080697,-78.55481085,51003.0,1266.8069148449647,1.5884476534296028,1363,1383,22,0,1361,1368,108718,2,0,0,2,15
2020-10-06,US,Virginia,Alexandria,3932,71,0,38.814003,-77.08183073,51510.0,2466.3170835737765,1.8056968463886065,3861,3927,70,0,3857,3912,160530,5,1,0,4,15
2020-10-06,US,Virginia,Alleghany,81,4,0,37.78636074,-80.00222498,51005.0,545.0874831763123,4.938271604938271,77,81,4,0,77,80,14910,0,0,0,0,1
2020-10-06,US,Virginia,Amelia,126,5,0,37.34081025,-77.98584649,51007.0,958.5393685812096,3.968253968253968,121,125,5,0,120,125,13013,1,0,0,1,0
2020-10-06,US,Virginia,Amherst,433,4,0,37.60308293,-79.14548696,51009.0,1370.0363866476825,0.9237875288683602,429,428,4,0,424,427,31666,5,0,0,5,1
2020-10-06,US,Virginia,Appomattox,227,3,0,37.37569884,-78.81340003,51011.0,1426.6859405442776,1.3215859030837005,224,224,3,0,221,224,15841,3,0,0,3,0
2020-10-06,US,Virginia,Arlington,4068,152,0,38.8767675,-77.10139853,51013.0,1717.600763378117,3.736479842674533,3916,4057,152,0,3905,4045,237521,11,0,0,11,12
2020-10-06,US,Virginia,Augusta,535,7,0,38.16404586,-79.12461614,51015.0,708.0653272982346,1.308411214953271,528,534,7,0,527,525,75457,1,0,0,1,9
2020-10-06,US,Virginia,Bath,16,0,0,38.05852573,-79.73912095,51017.0,385.82107547624787,0.0,16,15,0,0,15,15,4292,1,0,0,1,0
2020-10-06,US,Virginia,Bedford,862,15,0,37.3080028,-79.5281964,51019.0,1091.180677747256,1.740139211136891,847,846,14,0,832,843,78747,16,1,0,15,3
2020-10-06,US,Virginia,Bland,64,5,0,37.13128068,-81.13599391,51021.0,1019.108280254777,7.8125,59,64,5,0,59,64,6293,0,0,0,0,0
2020-10-06,US,Virginia,Botetourt,315,10,0,37.55531756,-79.80982182,51023.0,942.5775756306293,3.1746031746031744,305,315,10,0,305,315,33277,0,0,0,0,0
2020-10-06,US,Virginia,Bristol,198,7,0,36.616302399999995,-82.16359122,51520.0,1181.2432883904069,3.5353535353535355,191,196,7,0,189,194,16482,2,0,0,2,2
2020-10-06,US,Virginia,Brunswick,374,5,0,36.76366949,-77.8593436,51025.0,2304.2326412420675,1.3368983957219251,369,369,5,0,364,369,16384,5,0,0,5,0
2020-10-06,US,Virginia,Buchanan,181,2,0,37.26818323,-82.03749726,51027.0,861.7406208341267,1.1049723756906078,179,177,2,0,175,175,21221,4,0,0,4,2
2020-10-06,US,Virginia,Buckingham,702,9,0,37.57242268,-78.52518834,51029.0,4093.7718684394677,1.2820512820512822,693,698,9,0,689,696,16999,4,0,0,4,2
2020-10-06,US,Virginia,Buena Vista,92,1,0,37.73484642,-79.35296097,51530.0,1420.1914171040446,1.0869565217391304,91,90,1,0,89,90,6237,2,0,0,2,0
2020-10-06,US,Virginia,Campbell,494,4,0,37.20553386,-79.09678609,51031.0,900.0637697002825,0.8097165991902834,490,485,4,0,481,485,54973,9,0,0,9,0
2020-10-06,US,Virginia,Caroline,370,5,0,38.02679129,-77.34901405,51033.0,1204.2310821806348,1.351351351351351,365,370,5,0,365,370,30772,0,0,0,0,0
2020-10-06,US,Virginia,Carroll,516,24,0,36.73066666,-80.73455942,51035.0,1732.0667315632238,4.651162790697675,492,514,24,0,490,511,29636,2,0,0,2,3
2020-10-06,US,Virginia,Charles City,86,5,0,37.35358063,-77.05634116,51036.0,1235.0998132988655,5.813953488372092,81,86,5,0,81,84,6941,0,0,0,0,2
2020-10-06,US,Virginia,Charlotte,146,0,0,37.01909701,-78.66314092,51037.0,1228.9562289562289,0.0,146,142,0,0,142,140,11938,4,0,0,4,2
2020-10-06,US,Virginia,Charlottesville,1383,30,0,38.03527919,-78.48569588,51540.0,2925.993314433208,2.169197396963124,1353,1380,29,0,1351,1364,48117,3,1,0,2,16
2020-10-06,US,Virginia,Chesapeake,4448,73,0,36.67670048,-76.30545744,51550.0,1816.7337186268305,1.641187050359712,4375,4433,73,0,4360,4412,242634,15,0,0,15,21
2020-10-06,US,Virginia,Chesterfield,6192,98,0,37.37373208,-77.58680140000001,51041.0,1755.0920913146756,1.5826873385012918,6094,6180,98,0,6082,6170,348556,12,0,0,12,10
2020-10-06,US,Virginia,Clarke,99,1,0,39.11271747,-77.99199425,51043.0,677.2009029345372,1.0101010101010102,98,98,1,0,97,97,14523,1,0,0,1,1
2020-10-06,US,Virginia,Colonial Heights,268,26,0,37.26420587,-77.39609676,51570.0,1542.8900402993668,9.701492537313431,242,268,26,0,242,267,17833,0,0,0,0,1
2020-10-06,US,Virginia,Covington,33,0,0,37.7824656,-79.98631446,51580.0,595.8829902491874,0.0,33,33,0,0,33,33,5460,0,0,0,0,0
2020-10-06,US,Virginia,Craig,31,0,0,37.48133648,-80.21072274,51045.0,604.1707269538101,0.0,31,31,0,0,31,31,5064,0,0,0,0,0
2020-10-06,US,Virginia,Culpeper,1228,17,0,38.48199985,-77.95630870000002,51047.0,2334.378861324969,1.3843648208469057,1211,1226,17,0,1209,1223,51859,2,0,0,2,3
2020-10-06,US,Virginia,Cumberland,109,2,0,37.51328851,-78.24398086,51049.0,1097.4627466774064,1.834862385321101,107,107,2,0,105,107,9809,2,0,0,2,0
2020-10-06,US,Virginia,Danville,961,32,0,36.58022376,-79.40395668,51590.0,2399.860153830786,3.329864724245577,929,958,31,0,927,952,40693,3,1,0,2,6
2020-10-06,US,Virginia,Dickenson,104,1,0,37.12560977,-82.35124171,51051.0,726.3584299483168,0.9615384615384616,103,103,1,0,102,102,14523,1,0,0,1,1
2020-10-06,US,Virginia,Dinwiddie,421,11,0,37.07544585,-77.63451754,51053.0,1474.9159192825116,2.6128266033254155,410,421,11,0,410,417,28529,0,0,0,0,4
2020-10-06,US,Virginia,Emporia,261,26,0,36.69455571,-77.53406129,51595.0,4882.154882154882,9.961685823754788,235,261,26,0,235,261,5121,0,0,0,0,0
2020-10-06,US,Virginia,Essex,183,2,0,37.93357639,-76.94230311,51057.0,1670.7751301013418,1.0928961748633879,181,183,2,0,181,183,10919,0,0,0,0,0
2020-10-06,US,Virginia,Fairfax,21414,592,0,38.83677558,-77.27565836,51059.0,1866.0917516897127,2.7645465583263285,20822,21357,590,0,20767,21282,1150795,57,2,0,55,75
2020-10-06,US,Virginia,Fairfax,21414,592,0,38.83677558,-77.27565836,51059.0,1866.0917516897127,2.7645465583263285,20822,21357,590,0,20767,21282,24574,57,2,0,55,75
2020-10-06,US,Virginia,Fairfax City,140,8,0,38.85157547,-77.29779640000002,51600.0,582.8718930846412,5.7142857142857135,132,139,8,0,131,139,24574,1,0,0,1,0
2020-10-06,US,Virginia,Falls Church,72,7,0,38.88485255,-77.17560759,51610.0,492.57713621126084,9.722222222222221,65,72,7,0,65,72,14772,0,0,0,0,0
2020-10-06,US,Virginia,Fauquier,976,25,0,38.73564842,-77.80647472,51061.0,1370.363090056443,2.5614754098360657,951,973,25,0,948,964,70675,3,0,0,3,9
2020-10-06,US,Virginia,Floyd,214,13,0,36.9302126,-80.36738849,51063.0,1358.8164327893835,6.074766355140188,201,214,12,0,202,213,15795,0,1,0,-1,1
2020-10-06,US,Virginia,Fluvanna,385,9,0,37.84157909,-78.27715475,51065.0,1411.8078474514118,2.3376623376623376,376,384,9,0,375,384,26783,1,0,0,1,0
2020-10-06,US,Virginia,Franklin,194,1,0,36.99536167,-79.88023649,51067.0,346.1689447200313,0.5154639175257731,193,194,1,0,193,194,56195,0,0,0,0,0
2020-10-06,US,Virginia,Franklin,194,1,0,36.99536167,-79.88023649,51067.0,346.1689447200313,0.5154639175257731,193,194,1,0,193,194,8013,0,0,0,0,0
2020-10-06,US,Virginia,Franklin City,437,10,0,36.6831435,-76.93859681,51620.0,5485.126145349567,2.2883295194508007,427,435,10,0,425,434,8013,2,0,0,2,1
2020-10-06,US,Virginia,Frederick,954,13,0,39.20172582,-78.25974949,51069.0,1068.1535722683147,1.3626834381551365,941,951,13,0,938,944,88355,3,0,0,3,7
2020-10-06,US,Virginia,Fredericksburg,553,5,0,38.2977863,-77.4922454,51630.0,1904.5323047251688,0.9041591320072332,548,553,5,0,548,552,29144,0,0,0,0,1
2020-10-06,US,Virginia,Galax,421,30,0,36.66601852,-80.91703124,51640.0,6633.054986607845,7.1258907363420425,391,421,30,0,391,421,6423,0,0,0,0,0
2020-10-06,US,Virginia,Giles,94,0,0,37.31234791,-80.70636931,51071.0,562.200956937799,0.0,94,94,0,0,94,94,16844,0,0,0,0,0
2020-10-06,US,Virginia,Gloucester,265,2,0,37.40809042,-76.53524337,51073.0,709.5426796615616,0.7547169811320755,263,263,2,0,261,261,37349,2,0,0,2,2
2020-10-06,US,Virginia,Goochland,287,7,0,37.71714806,-77.90381514,51075.0,1208.268429251042,2.4390243902439024,280,285,7,0,278,282,23244,2,0,0,2,3
2020-10-06,US,Virginia,Grayson,325,17,0,36.65677234,-81.23215889,51077.0,2090.032154340836,5.230769230769232,308,325,17,0,308,325,15631,0,0,0,0,0
2020-10-06,US,Virginia,Greene,241,3,0,38.29545894,-78.46525378,51079.0,1216.0048438367226,1.2448132780082988,238,239,3,0,236,232,19779,2,0,0,2,7
2020-10-06,US,Virginia,Greensville,806,11,0,36.67878901,-77.56351439,51081.0,7110.0917431192665,1.3647642679900744,795,805,11,0,794,804,11627,1,0,0,1,1
2020-10-06,US,Virginia,Halifax,384,7,0,36.76654925,-78.93512622,51083.0,1132.3759252160064,1.8229166666666667,377,382,7,0,375,373,34120,2,0,0,2,9
2020-10-06,US,Virginia,Hampton,1896,27,0,37.03513786,-76.35879121,51650.0,1409.5606274626425,1.4240506329113924,1869,1889,27,0,1862,1883,134313,7,0,0,7,6
2020-10-06,US,Virginia,Hanover,1395,39,0,37.7583355,-77.49464673,51085.0,1294.471354601637,2.795698924731183,1356,1372,39,0,1333,1358,107239,23,0,0,23,14
2020-10-06,US,Virginia,Harrisonburg,2739,34,0,38.43542574,-78.87536254,51660.0,5166.364870982345,1.2413289521723256,2705,2710,34,0,2676,2695,54033,29,0,0,29,15
2020-10-06,US,Virginia,Henrico,5608,219,0,37.53460572,-77.39326555,51087.0,1695.1919182148492,3.905135520684736,5389,5593,219,0,5374,5572,329261,15,0,0,15,21
2020-10-06,US,Virginia,Henry,1113,25,0,36.68542395,-79.87634026,51089.0,2201.4755622366833,2.2461814914645104,1088,1107,26,0,1081,1104,50953,6,-1,0,7,3
2020-10-06,US,Virginia,Highland,8,0,0,38.35799465,-79.56124594,51091.0,365.296803652968,0.0,8,8,0,0,8,8,2210,0,0,0,0,0
2020-10-06,US,Virginia,Hopewell,421,7,0,37.29186313,-77.29754684,51670.0,1868.7025611434146,1.66270783847981,414,419,7,0,412,418,22596,2,0,0,2,1
2020-10-06,US,Virginia,Isle of Wight,777,20,0,36.90579348,-76.70842863,51093.0,2093.831685035975,2.574002574002574,757,774,19,0,755,772,36953,3,1,0,2,2
2020-10-06,US,Virginia,James City,868,21,0,37.31156958,-76.76950618,51095.0,1134.299491656103,2.419354838709677,847,867,21,0,846,866,76397,1,0,0,1,1
2020-10-06,US,Virginia,King George,241,4,0,38.26818502,-77.15852768,51099.0,898.0473990162468,1.6597510373443984,237,237,4,0,233,235,26575,4,0,0,4,2
2020-10-06,US,Virginia,King William,167,2,0,37.70965316,-77.09384941,51101.0,973.8745043153721,1.1976047904191616,165,165,2,0,163,165,16939,2,0,0,2,0
2020-10-06,US,Virginia,King and Queen,78,1,0,37.71044922,-76.88689628,51097.0,1110.320284697509,1.2820512820512822,77,78,1,0,77,78,7042,0,0,0,0,0
2020-10-06,US,Virginia,Lancaster,161,0,0,37.71889653,-76.46400482,51103.0,1518.4381778741863,0.0,161,161,0,0,161,161,10783,0,0,0,0,0
2020-10-06,US,Virginia,Lee,306,7,0,36.70586667,-83.12606515,51105.0,1306.4082312257185,2.2875816993464047,299,305,7,0,298,301,23541,1,0,0,1,4
2020-10-06,US,Virginia,Lexington,133,1,0,37.78258621,-79.44262866,51678.0,1786.1939296266453,0.7518796992481203,132,123,1,0,122,124,7136,10,0,0,10,-1
2020-10-06,US,Virginia,Loudoun,7026,126,0,39.08990083,-77.63481877,51107.0,1698.9974319167768,1.7933390264731002,6900,6987,126,0,6861,6985,406850,39,0,0,39,2
2020-10-06,US,Virginia,Louisa,314,7,0,37.97850256,-77.96274807,51109.0,835.3063233220716,2.2292993630573252,307,312,6,0,306,308,36778,2,1,0,1,4
2020-10-06,US,Virginia,Lunenburg,124,3,0,36.94618528,-78.24133319,51111.0,1016.7267956707117,2.419354838709677,121,123,3,0,120,123,12086,1,0,0,1,0
2020-10-06,US,Virginia,Lynchburg,1573,17,0,37.40021399,-79.19888138,51680.0,1914.3705578814136,1.080737444373808,1556,1552,15,0,1537,1548,82126,21,2,0,19,4
2020-10-06,US,Virginia,Madison,114,3,0,38.41531222,-78.28220331,51113.0,859.663675439258,2.631578947368421,111,114,3,0,111,113,13295,0,0,0,0,1
2020-10-06,US,Virginia,Manassas,1954,24,0,38.7464321,-77.48509905,51683.0,4755.993671656322,1.2282497441146367,1930,1950,24,0,1926,1947,41641,4,0,0,4,3
2020-10-06,US,Virginia,Manassas Park,616,8,0,38.77058531,-77.44399307,51685.0,3524.4307128962128,1.2987012987012987,608,616,8,0,608,616,17307,0,0,0,0,0
2020-10-06,US,Virginia,Martinsville,404,22,0,36.68212094,-79.86352771,51690.0,3218.097817428708,5.445544554455446,382,402,21,0,381,402,12902,2,1,0,1,0
2020-10-06,US,Virginia,Mathews,92,0,0,37.44164146,-76.34098896,51115.0,1041.4308354086484,0.0,92,91,0,0,91,88,8802,1,0,0,1,3
2020-10-06,US,Virginia,Mecklenburg,807,34,0,36.67882005,-78.36131056,51117.0,2638.375780560369,4.213135068153656,773,802,33,0,769,795,30650,5,1,0,4,7
2020-10-06,US,Virginia,Middlesex,127,11,0,37.63191998,-76.55064617,51119.0,1200.1512001511999,8.661417322834646,116,126,11,0,115,125,10769,1,0,0,1,1
2020-10-06,US,Virginia,Montgomery,2165,5,0,37.17746986,-80.37868691,51121.0,2197.188816156696,0.2309468822170901,2160,2155,5,0,2150,2127,98985,10,0,0,10,28
2020-10-06,US,Virginia,Nelson,110,2,0,37.78790447,-78.88498513,51125.0,736.7716008037511,1.818181818181818,108,110,2,0,108,110,14836,0,0,0,0,0
2020-10-06,US,Virginia,New Kent,229,3,0,37.50694406,-76.99828634,51127.0,991.7283790221298,1.310043668122271,226,217,3,0,214,208,22391,12,0,0,12,9
2020-10-06,US,Virginia,Newport News,2833,49,0,37.08166899,-76.51754109,51700.0,1580.6946575533548,1.7296152488528065,2784,2827,48,0,2779,2817,178626,6,1,0,5,10
2020-10-06,US,Virginia,Norfolk,4955,79,0,36.89934014,-76.26420872,51710.0,2041.2619159436767,1.5943491422805247,4876,4953,79,0,4874,4936,244076,2,0,0,2,17
2020-10-06,US,Virginia,Northampton,310,31,0,37.34062933,-75.87751591,51131.0,2647.3099914602903,10.0,279,309,31,0,278,308,11735,1,0,0,1,1
2020-10-06,US,Virginia,Northumberland,183,6,0,37.89202088,-76.41949732,51133.0,1513.0219098801153,3.278688524590164,177,182,6,0,176,180,12147,1,0,0,1,2
2020-10-06,US,Virginia,Norton,39,0,0,36.93357076,-82.62750411,51720.0,979.6533534287868,0.0,39,39,0,0,39,39,3968,0,0,0,0,0
2020-10-06,US,Virginia,Nottoway,276,20,0,37.1435975,-78.05065922,51135.0,1811.9747899159665,7.246376811594202,256,276,20,0,256,272,15420,0,0,0,0,4
2020-10-06,US,Virginia,Orange,345,5,0,38.24530219,-78.01560400000002,51137.0,931.14895684327,1.4492753623188406,340,347,5,0,342,343,36644,-2,0,0,-2,4
2020-10-06,US,Virginia,Page,414,29,0,38.61807452,-78.48797204,51139.0,1732.0726299054475,7.004830917874397,385,412,29,0,383,410,23933,2,0,0,2,2
2020-10-06,US,Virginia,Patrick,284,26,0,36.680163799999995,-80.2865648,51141.0,1612.9032258064515,9.154929577464786,258,283,26,0,257,283,17673,1,0,0,1,0
2020-10-06,US,Virginia,Petersburg,779,29,0,37.20530399,-77.39368102,51730.0,2485.1655713647674,3.722721437740693,750,779,29,0,750,774,31567,0,0,0,0,5
2020-10-06,US,Virginia,Pittsylvania,1087,10,0,36.81980341,-79.39731264,51143.0,1801.0405275540977,0.9199632014719412,1077,1080,10,0,1070,1071,60949,7,0,0,7,9
2020-10-06,US,Virginia,Poquoson,76,2,0,37.14259351,-76.35798148,51735.0,619.3464265341048,2.631578947368421,74,76,2,0,74,76,12190,0,0,0,0,0
2020-10-06,US,Virginia,Portsmouth,2633,62,0,36.85914825,-76.35971629,51740.0,2789.254009618848,2.354728446638815,2571,2627,61,0,2566,2619,94632,6,1,0,5,8
2020-10-06,US,Virginia,Powhatan,240,5,0,37.55016038,-77.91267882,51145.0,809.3889113719142,2.083333333333333,235,238,5,0,233,236,29189,2,0,0,2,2
2020-10-06,US,Virginia,Prince Edward,622,12,0,37.22554789,-78.43597949,51147.0,2727.830892027015,1.929260450160772,610,618,12,0,606,613,22950,4,0,0,4,5
2020-10-06,US,Virginia,Prince George,871,5,0,37.18497668,-77.22922187,51149.0,2271.0087867963393,0.574052812858783,866,865,5,0,860,864,38082,6,0,0,6,1
2020-10-06,US,Virginia,Prince William,12811,208,0,38.70916224,-77.48713689,51153.0,2723.8032466220884,1.623604714698306,12603,12783,208,0,12575,12744,468011,28,0,0,28,39
2020-10-06,US,Virginia,Pulaski,244,5,0,37.06474963,-80.71229738,51155.0,717.0776148352777,2.0491803278688523,239,243,5,0,238,243,34066,1,0,0,1,0
2020-10-06,US,Virginia,Radford,754,1,0,37.12222899,-80.56027320000003,51750.0,4131.733245657297,0.13262599469496025,753,754,1,0,753,752,18339,0,0,0,0,2
2020-10-06,US,Virginia,Rappahannock,65,2,0,38.68295619,-78.15826963,51157.0,881.9538670284938,3.0769230769230766,63,65,2,0,63,64,7252,0,0,0,0,1
2020-10-06,US,Virginia,Richmond,353,4,0,37.937575,-76.72920628,51159.0,3912.224315637815,1.13314447592068,349,357,4,0,353,359,9038,-4,0,0,-4,-2
2020-10-06,US,Virginia,Richmond City,4790,62,0,37.53255773,-77.47966921,51760.0,2078.668263639362,1.2943632567849688,4728,4775,62,0,4713,4757,228783,15,0,0,15,18
2020-10-06,US,Virginia,Roanoke,964,8,0,37.26865804,-80.06396753,51161.0,1023.5066782749028,0.8298755186721992,956,959,8,0,951,956,94073,5,0,0,5,3
2020-10-06,US,Virginia,Roanoke City,1941,29,0,37.27791025,-79.96189766,51770.0,1957.778158821097,1.4940752189592994,1912,1914,29,0,1885,1892,99920,27,0,0,27,22
2020-10-06,US,Virginia,Rockbridge,126,2,0,37.81204314,-79.44605905,51163.0,558.1889868426882,1.5873015873015872,124,126,2,0,124,123,22752,0,0,0,0,3
2020-10-06,US,Virginia,Rockingham,1558,22,0,38.51006137,-78.87260325,51165.0,1901.205642602626,1.4120667522464698,1536,1548,22,0,1526,1525,81244,10,0,0,10,23
2020-10-06,US,Virginia,Russell,293,5,0,36.93028320000001,-82.10095486,51167.0,1102.0838035056045,1.706484641638225,288,291,5,0,286,289,26748,2,0,0,2,2
2020-10-06,US,Virginia,Salem,299,6,0,37.2836193,-80.06219455,51775.0,1181.7714714833405,2.0066889632107023,293,292,6,0,286,292,25643,7,0,0,7,0
2020-10-06,US,Virginia,Scott,205,4,0,36.71466456,-82.60171704,51169.0,950.5703422053232,1.951219512195122,201,203,4,0,199,202,21534,2,0,0,2,1
2020-10-06,US,Virginia,Shenandoah,830,59,0,38.85905135,-78.56813762,51171.0,1902.971386647102,7.108433734939759,771,827,59,0,768,821,43497,3,0,0,3,6
2020-10-06,US,Virginia,Smyth,543,20,0,36.84455636,-81.53344948,51173.0,1803.7470103640715,3.6832412523020257,523,541,20,0,521,538,30472,2,0,0,2,3
2020-10-06,US,Virginia,Southampton,790,29,0,36.72231125,-77.10642712,51175.0,4480.744143837559,3.6708860759493667,761,789,29,0,760,788,17586,1,0,0,1,1
2020-10-06,US,Virginia,Spotsylvania,2195,46,0,38.18574462,-77.655399,51177.0,1611.4231178651394,2.095671981776765,2149,2191,46,0,2145,2187,134238,4,0,0,4,4
2020-10-06,US,Virginia,Stafford,2081,18,0,38.41758738,-77.45917053,51179.0,1361.1805183082374,0.8649687650168189,2063,2072,18,0,2054,2065,149960,9,0,0,9,7
2020-10-06,US,Virginia,Staunton,291,0,0,38.15965544,-79.05979937,51790.0,1167.1747152254131,0.0,291,285,0,0,285,281,24922,6,0,0,6,4
2020-10-06,US,Virginia,Suffolk,2132,75,0,36.70155394,-76.63603554,51800.0,2314.6740782559605,3.5178236397748592,2057,2129,75,0,2054,2114,91185,3,0,0,3,15
2020-10-06,US,Virginia,Surry,129,3,0,37.11781893,-76.88450012,51181.0,2008.7200249143566,2.3255813953488373,126,128,3,0,125,127,6474,1,0,0,1,1
2020-10-06,US,Virginia,Sussex,607,12,0,36.92432914,-77.25791182,51183.0,5439.5555157272165,1.9769357495881383,595,590,12,0,578,588,11237,17,0,0,17,2
2020-10-06,US,Virginia,Tazewell,344,2,0,37.12191123,-81.56685568,51185.0,847.3949993841608,0.5813953488372093,342,342,2,0,340,341,40855,2,0,0,2,1
2020-10-06,US,Virginia,Virginia Beach,7126,94,0,36.73285734,-76.04566934,51810.0,1583.6470551631876,1.3191131069323605,7032,7102,94,0,7008,7059,450189,24,0,0,24,43
2020-10-06,US,Virginia,Warren,460,11,0,38.90847745,-78.20280433,51187.0,1145.3042525644855,2.391304347826087,449,453,10,0,443,449,40003,7,1,0,6,4
2020-10-06,US,Virginia,Washington,651,21,0,36.72341572,-81.95666289,51191.0,1211.3881652400446,3.2258064516129035,630,643,21,0,622,634,54402,8,0,0,8,9
2020-10-06,US,Virginia,Waynesboro,295,3,0,38.06451466,-78.90293905,51820.0,1303.579319487406,1.0169491525423728,292,295,3,0,292,289,22628,0,0,0,0,6
2020-10-06,US,Virginia,Westmoreland,278,4,0,38.11021557,-76.80213247,51193.0,1543.1584790452405,1.4388489208633093,274,278,4,0,274,277,17830,0,0,0,0,1
2020-10-06,US,Virginia,Williamsburg,193,8,0,37.28131268,-76.70905141,51830.0,1290.6245820516247,4.1450777202072535,185,193,8,0,185,191,14896,0,0,0,0,2
2020-10-06,US,Virginia,Winchester,522,4,0,39.17054517,-78.17325058,51840.0,1859.1067739867515,0.7662835249042146,518,519,4,0,515,518,28108,3,0,0,3,1
2020-10-06,US,Virginia,Wise,456,9,0,36.9746148,-82.62410519,51195.0,1219.8057940775218,1.973684210526316,447,450,9,0,441,446,38012,6,0,0,6,4
2020-10-06,US,Virginia,Wythe,266,4,0,36.91582035,-81.07834059,51197.0,927.3462557523358,1.5037593984962403,262,263,4,0,259,262,28754,3,0,0,3,1
2020-10-06,US,Virginia,York,566,8,0,37.24374789,-76.54412815,51199.0,828.9396602226128,1.413427561837456,558,564,8,0,556,562,67846,2,0,0,2,2
2020-10-06,US,Washington,Adams,877,10,0,46.98299757,-118.56017340000001,53001.0,4388.730420857729,1.1402508551881414,867,877,10,0,867,877,19759,0,0,0,0,0
2020-10-06,US,Washington,Asotin,134,3,0,46.18894415,-117.2022851,53003.0,593.3929678505004,2.238805970149253,131,134,3,0,131,126,22610,0,0,0,0,8
2020-10-06,US,Washington,Benton,4730,132,0,46.23946995,-119.51208340000001,53005.0,2314.2032389060128,2.7906976744186047,4598,4706,132,0,4574,4675,201877,24,0,0,24,31
2020-10-06,US,Washington,Chelan,1887,16,0,47.87046092,-120.6173956,53007.0,2444.300518134715,0.8479067302596714,1871,1887,16,0,1871,1883,77036,0,0,0,0,4
2020-10-06,US,Washington,Clallam,239,1,0,48.04754642,-123.92263190000001,53009.0,309.0610492557965,0.41841004184100417,238,239,1,0,238,238,76737,0,0,0,0,1
2020-10-06,US,Washington,Clark,3511,68,0,45.77568046,-122.48292040000001,53011.0,719.1120778468013,1.936770150954144,3443,3470,68,0,3402,3450,481857,41,0,0,41,20
2020-10-06,US,Washington,Columbia,14,1,0,46.29442881,-117.9051983,53013.0,351.3174404015057,7.142857142857142,13,14,1,0,13,14,4059,0,0,0,0,0
2020-10-06,US,Washington,Cowlitz,711,7,0,46.19074721,-122.6782231,53015.0,642.897832593383,0.9845288326300984,704,704,7,0,697,701,108987,7,0,0,7,3
2020-10-06,US,Washington,Douglas,1199,9,0,47.7361335,-119.69293700000001,53017.0,2760.828018144558,0.7506255212677231,1190,1196,9,0,1187,1194,42907,3,0,0,3,2
2020-10-06,US,Washington,Ferry,30,0,0,48.471143100000006,-118.5154041,53019.0,393.3394519470304,0.0,30,30,0,0,30,30,7649,0,0,0,0,0
2020-10-06,US,Washington,Franklin,4409,66,0,46.53351425,-118.9018212,53021.0,4630.232509294071,1.4969380811975506,4343,4401,66,0,4335,4381,94347,8,0,0,8,20
2020-10-06,US,Washington,Garfield,14,0,0,46.43197502,-117.54540320000001,53023.0,629.2134831460675,0.0,14,14,0,0,14,14,2247,0,0,0,0,0
2020-10-06,US,Washington,Grant,3053,23,0,47.20753737,-119.4500749,53025.0,3123.816929798533,0.7533573534228628,3030,3050,23,0,3027,3035,97331,3,0,0,3,15
2020-10-06,US,Washington,Grays Harbor,548,10,0,47.14003705,-123.7820567,53027.0,730.0728740624292,1.8248175182481752,538,548,10,0,538,545,73901,0,0,0,0,3
2020-10-06,US,Washington,Island,321,12,0,48.14713305,-122.5216407,53029.0,377.02164644530836,3.7383177570093458,309,320,12,0,308,318,84460,1,0,0,1,2
2020-10-06,US,Washington,Jefferson,75,0,0,47.75003077,-123.56097040000002,53031.0,232.76744979981999,0.0,75,75,0,0,75,74,31729,0,0,0,0,1
2020-10-06,US,Washington,King,23218,775,0,47.49137892,-121.8346131,53033.0,1030.6367859828426,3.337927470066328,22443,23115,771,0,22344,23022,2233163,103,4,0,99,93
2020-10-06,US,Washington,Kitsap,1300,14,0,47.63479026,-122.6436061,53035.0,478.8689851292762,1.0769230769230769,1286,1287,14,0,1273,1278,269805,13,0,0,13,9
2020-10-06,US,Washington,Kittitas,565,22,0,47.12521214,-120.67943899999999,53037.0,1178.6794617711485,3.893805309734513,543,555,22,0,533,553,47364,10,0,0,10,2
2020-10-06,US,Washington,Klickitat,198,3,0,45.87325839,-120.7913598,53039.0,882.9431438127092,1.5151515151515151,195,199,3,0,196,199,22107,-1,0,0,-1,0
2020-10-06,US,Washington,Lewis,599,7,0,46.57756476,-122.39257690000001,53041.0,742.1908880270609,1.1686143572621035,592,598,6,0,592,589,79604,1,1,0,0,9
2020-10-06,US,Washington,Lincoln,60,1,0,47.57705241,-118.41943880000001,53043.0,548.4962062345735,1.6666666666666667,59,60,1,0,59,60,10740,0,0,0,0,0
2020-10-06,US,Washington,Mason,446,8,0,47.35007586,-123.1863685,53045.0,667.9846633117661,1.7937219730941705,438,445,8,0,437,440,65507,1,0,0,1,5
2020-10-06,US,Washington,Okanogan,1059,10,0,48.54855019,-119.73872240000001,53047.0,2506.9242241318093,0.9442870632672332,1049,1058,10,0,1048,1057,42132,1,0,0,1,1
2020-10-06,US,Washington,Pacific,91,3,0,46.55418369,-123.7285716,53049.0,404.9664011392462,3.2967032967032965,88,88,3,0,85,88,22036,3,0,0,3,0
2020-10-06,US,Washington,Pend Oreille,87,0,0,48.53234021,-117.2741804,53051.0,633.9259691052173,0.0,87,85,0,0,85,81,13602,2,0,0,2,4
2020-10-06,US,Washington,Pierce,8368,207,0,47.03892768,-122.14059579999999,53053.0,924.6613184821764,2.4737093690248564,8161,8335,207,0,8128,8294,891299,33,0,0,33,41
2020-10-06,US,Washington,San Juan,29,0,0,48.60182783,-122.96745,53055.0,164.94141735866228,0.0,29,29,0,0,29,29,17128,0,0,0,0,0
2020-10-06,US,Washington,Skagit,1138,22,0,48.48171488,-121.766131,53057.0,880.7708680004644,1.9332161687170475,1116,1134,22,0,1112,1128,128206,4,0,0,4,6
2020-10-06,US,Washington,Skamania,65,1,0,46.02408726,-121.91644029999999,53059.0,537.9458743689481,1.5384615384615383,64,65,1,0,64,65,11924,0,0,0,0,0
2020-10-06,US,Washington,Snohomish,7227,214,0,48.04615983,-121.7170703,53061.0,879.1083138807152,2.9611180296111805,7013,7177,214,0,6963,7154,814901,50,0,0,50,23
2020-10-06,US,Washington,Spokane,7477,175,0,47.62113146,-117.4046494,53063.0,1430.189097892494,2.3405109000936206,7302,7409,173,0,7236,7352,514631,68,2,0,66,57
2020-10-06,US,Washington,Stevens,201,3,0,48.40035475,-117.8542701,53065.0,439.60370054458366,1.492537313432836,198,200,3,0,197,194,45260,1,0,0,1,6
2020-10-06,US,Washington,Thurston,1202,20,0,46.9291895,-122.82906559999999,53067.0,413.7180934548559,1.6638935108153081,1182,1191,19,0,1172,1182,286419,11,1,0,10,9
2020-10-06,US,Washington,Unassigned,316,4,0,0.0,0.0,90053.0,0.0,1.2658227848101269,312,332,5,0,327,332,,-16,-1,0,-15,0
2020-10-06,US,Washington,Wahkiakum,7,0,0,46.29180039999999,-123.4250831,53069.0,155.97147950089123,0.0,7,7,0,0,7,7,4426,0,0,0,0,0
2020-10-06,US,Washington,Walla Walla,935,6,0,46.23040051,-118.4775539,53071.0,1538.8413429888085,0.6417112299465241,929,937,5,0,932,933,60922,-2,1,0,-3,4
2020-10-06,US,Washington,Whatcom,1406,48,0,48.82227976,-121.74900179999999,53073.0,613.3122788956889,3.4139402560455183,1358,1403,49,0,1354,1394,225685,3,-1,0,4,9
2020-10-06,US,Washington,Whitman,1411,1,0,46.90022523,-117.52417630000001,53075.0,2816.142423758582,0.07087172218284904,1410,1400,0,0,1400,1393,49791,11,1,0,10,7
2020-10-06,US,Washington,Yakima,11506,263,0,46.45738486,-120.73801259999999,53077.0,4586.384345864242,2.2857639492438726,11243,11502,264,0,11238,11495,251446,4,-1,0,5,7
2020-10-06,US,West Virginia,Barbour,109,1,0,39.1307219,-80.00350858,54001.0,662.9767045800132,0.9174311926605504,108,101,1,0,100,94,16535,8,0,0,8,7
2020-10-06,US,West Virginia,Berkeley,1118,16,0,39.46704621,-78.02414609,54003.0,938.1477037198648,1.4311270125223614,1102,1103,16,0,1087,1093,117123,15,0,0,15,10
2020-10-06,US,West Virginia,Boone,259,2,0,38.01974191,-81.69888019,54005.0,1207.0652933774527,0.7722007722007722,257,254,2,0,252,254,21951,5,0,0,5,0
2020-10-06,US,West Virginia,Braxton,13,0,0,38.70036159,-80.72011184,54007.0,93.14322562155192,0.0,13,13,0,0,13,13,14089,0,0,0,0,0
2020-10-06,US,West Virginia,Brooke,123,1,0,40.27367263,-80.57915332,54009.0,560.6454259537809,0.8130081300813008,122,119,1,0,118,118,22203,4,0,0,4,1
2020-10-06,US,West Virginia,Cabell,914,12,0,38.42424062,-82.23855912,54011.0,994.0725433683181,1.312910284463895,902,905,10,0,895,894,93224,9,2,0,7,11
2020-10-06,US,West Virginia,Calhoun,28,0,0,38.84315422,-81.11934872,54013.0,393.86692924461954,0.0,28,27,0,0,27,27,7254,1,0,0,1,0
2020-10-06,US,West Virginia,Clay,37,2,0,38.46231092,-81.07652217,54015.0,434.88481429243063,5.405405405405406,35,37,2,0,35,37,8632,0,0,0,0,0
2020-10-06,US,West Virginia,Doddridge,35,1,0,39.27057157,-80.70671527,54017.0,414.2992424242424,2.8571428571428568,34,32,1,0,31,32,8406,3,0,0,3,0
2020-10-06,US,West Virginia,Fayette,662,15,0,38.02974928,-81.08286634,54019.0,1561.099844361647,2.2658610271903323,647,657,15,0,642,652,43018,5,0,0,5,5
2020-10-06,US,West Virginia,Gilmer,49,0,0,38.9251277,-80.85952723,54021.0,626.3581746133196,0.0,49,49,0,0,49,49,8026,0,0,0,0,0
2020-10-06,US,West Virginia,Grant,163,7,0,39.10314817,-79.19440518,54023.0,1409.0594744121715,4.294478527607362,156,163,7,0,156,163,11626,0,0,0,0,0
2020-10-06,US,West Virginia,Greenbrier,138,3,0,37.9463652,-80.45335881,54025.0,398.13051756967286,2.1739130434782608,135,135,3,0,132,133,34786,3,0,0,3,2
2020-10-06,US,West Virginia,Hampshire,112,1,0,39.32103553,-78.60826476,54027.0,483.27939590075516,0.8928571428571429,111,111,1,0,110,111,23347,1,0,0,1,0
2020-10-06,US,West Virginia,Hancock,155,0,0,40.51943859,-80.57461608,54029.0,538.0076362374176,0.0,155,154,0,0,154,154,29094,1,0,0,1,0
2020-10-06,US,West Virginia,Hardy,96,1,0,39.00683177,-78.85855301,54031.0,696.8641114982578,1.0416666666666667,95,96,1,0,95,96,13775,0,0,0,0,0
2020-10-06,US,West Virginia,Harrison,464,9,0,39.2853852,-80.37919577,54033.0,689.9012727488997,1.9396551724137927,455,451,9,0,442,443,67554,13,0,0,13,8
2020-10-06,US,West Virginia,Jackson,295,23,0,38.84263974,-81.68148753,54035.0,1032.3348264277715,7.796610169491526,272,291,23,0,268,291,28706,4,0,0,4,0
2020-10-06,US,West Virginia,Jefferson,451,4,0,39.30776166,-77.86014147,54037.0,789.2065936373499,0.8869179600886918,447,451,4,0,447,451,56811,0,0,0,0,0
2020-10-06,US,West Virginia,Kanawha,2930,86,0,38.33860077,-81.52857054,54039.0,1644.921515348858,2.935153583617748,2844,2910,85,0,2825,2874,180454,20,1,0,19,36
2020-10-06,US,West Virginia,Lewis,41,2,0,38.9947249,-80.49988181,54041.0,257.74816118689887,4.878048780487805,39,41,2,0,39,41,16024,0,0,0,0,0
2020-10-06,US,West Virginia,Lincoln,189,2,0,38.172154,-82.07017953,54043.0,926.0620314567103,1.058201058201058,187,188,2,0,186,187,20599,1,0,0,1,1
2020-10-06,US,West Virginia,Logan,664,42,0,37.8299889,-81.93528571,54045.0,2073.7686998344734,6.325301204819278,622,652,42,0,610,650,32607,12,0,0,12,2
2020-10-06,US,West Virginia,Marion,311,5,0,39.50984542,-80.24244659,54049.0,554.6440291054358,1.6077170418006432,306,303,5,0,298,301,56097,8,0,0,8,2
2020-10-06,US,West Virginia,Marshall,186,1,0,39.86064362,-80.66591062,54051.0,609.2168615505552,0.5376344086021505,185,186,1,0,185,185,30785,0,0,0,0,1
2020-10-06,US,West Virginia,Mason,149,6,0,38.77071799,-82.02524219,54053.0,561.9248755468396,4.026845637583893,143,148,6,0,142,147,26718,1,0,0,1,1
2020-10-06,US,West Virginia,McDowell,96,1,0,37.38002939,-81.65083669,54047.0,544.7117566954154,1.0416666666666667,95,96,1,0,95,96,18223,0,0,0,0,0
2020-10-06,US,West Virginia,Mercer,449,28,0,37.40481169,-81.11023142,54055.0,764.1512645086626,6.23608017817372,421,439,28,0,411,438,59131,10,0,0,10,1
2020-10-06,US,West Virginia,Mineral,178,4,0,39.41561583,-78.94104895,54057.0,662.4981390501713,2.247191011235955,174,177,4,0,173,176,26940,1,0,0,1,1
2020-10-06,US,West Virginia,Mingo,410,10,0,37.73048351,-82.13338365,54059.0,1750.3415300546449,2.4390243902439024,400,399,10,0,389,398,23785,11,0,0,11,1
2020-10-06,US,West Virginia,Monongalia,2115,5,0,39.63218457,-80.04766838,54061.0,2002.6133393932507,0.2364066193853428,2110,2108,5,0,2103,2099,106420,7,0,0,7,9
2020-10-06,US,West Virginia,Monroe,155,8,0,37.56274716,-80.54577965,54063.0,1167.608286252354,5.161290322580644,147,151,8,0,143,151,13280,4,0,0,4,0
2020-10-06,US,West Virginia,Morgan,65,0,0,39.55439028,-78.26311676,54065.0,363.4533661373295,0.0,65,65,0,0,65,62,17787,0,0,0,0,3
2020-10-06,US,West Virginia,Nicholas,125,3,0,38.29617706,-80.79759588,54067.0,510.2873938602221,2.4,122,125,3,0,122,124,24842,0,0,0,0,1
2020-10-06,US,West Virginia,Ohio,384,7,0,40.0955451,-80.62203992,54069.0,927.289850522808,1.8229166666666667,377,383,7,0,376,383,41755,1,0,0,1,0
2020-10-06,US,West Virginia,Pendleton,53,1,0,38.68314479,-79.35084086,54071.0,760.5108336920648,1.8867924528301887,52,53,1,0,52,53,6997,0,0,0,0,0
2020-10-06,US,West Virginia,Pleasants,20,3,0,39.37091679,-81.16771771,54073.0,268.0965147453083,15.0,17,18,3,0,15,18,7507,2,0,0,2,0
2020-10-06,US,West Virginia,Pocahontas,60,0,0,38.32758728,-80.00993811,54075.0,727.5372862859223,0.0,60,60,0,0,60,60,8414,0,0,0,0,0
2020-10-06,US,West Virginia,Preston,161,5,0,39.46770987,-79.66712803,54077.0,481.57453936348406,3.1055900621118013,156,161,5,0,156,161,33839,0,0,0,0,0
2020-10-06,US,West Virginia,Putnam,641,10,0,38.50782345,-81.9082131,54079.0,1135.5181576616476,1.5600624024960998,631,630,10,0,620,627,56682,11,0,0,11,3
2020-10-06,US,West Virginia,Raleigh,567,8,0,37.76936795,-81.2456041,54081.0,772.8902277777022,1.4109347442680775,559,563,8,0,555,559,74254,4,0,0,4,4
2020-10-06,US,West Virginia,Randolph,280,2,0,38.769899,-79.87919615,54083.0,975.7797525701344,0.7142857142857143,278,270,2,0,268,269,28823,10,0,0,10,1
2020-10-06,US,West Virginia,Ritchie,13,0,0,39.18094587,-81.06356878,54085.0,136.068662340381,0.0,13,13,0,0,13,13,9721,0,0,0,0,0
2020-10-06,US,West Virginia,Roane,56,2,0,38.71622686,-81.35243568,54087.0,409.1174751607247,3.571428571428572,54,56,2,0,54,56,13932,0,0,0,0,0
2020-10-06,US,West Virginia,Summers,59,0,0,37.65390597,-80.86009693,54089.0,469.25952437763465,0.0,59,59,0,0,59,59,12760,0,0,0,0,0
2020-10-06,US,West Virginia,Taylor,150,8,0,39.33602617,-80.0421439,54091.0,898.4725965858041,5.333333333333333,142,150,8,0,142,150,16862,0,0,0,0,0
2020-10-06,US,West Virginia,Tucker,43,0,0,39.11240885,-79.57053576,54093.0,628.7468928205877,0.0,43,43,0,0,43,42,6955,0,0,0,0,1
2020-10-06,US,West Virginia,Tyler,17,1,0,39.46811972,-80.88772676,54095.0,197.8815038994296,5.882352941176472,16,17,1,0,16,17,8746,0,0,0,0,0
2020-10-06,US,West Virginia,Upshur,127,1,0,38.89285061,-80.23689136,54097.0,525.3143613500994,0.7874015748031497,126,117,1,0,116,117,24415,10,0,0,10,0
2020-10-06,US,West Virginia,Wayne,426,11,0,38.14901357,-82.42287994,54099.0,1081.1633927211817,2.582159624413145,415,421,11,0,410,420,39944,5,0,0,5,1
2020-10-06,US,West Virginia,Webster,9,0,0,38.49370949,-80.4202023,54101.0,110.9193985703722,0.0,9,8,0,0,8,8,8285,1,0,0,1,0
2020-10-06,US,West Virginia,Wetzel,66,0,0,39.6065771,-80.64016540000001,54103.0,438.1015599070694,0.0,66,66,0,0,66,66,15270,0,0,0,0,0
2020-10-06,US,West Virginia,Wirt,12,0,0,39.02775007,-81.37473928,54105.0,206.15014602302008,0.0,12,12,0,0,12,12,5830,0,0,0,0,0
2020-10-06,US,West Virginia,Wood,384,6,0,39.20967886,-81.5162836,54107.0,459.7811250269403,1.5625,378,382,6,0,376,382,84203,2,0,0,2,0
2020-10-06,US,West Virginia,Wyoming,130,4,0,37.612327,-81.54511071,54109.0,637.4423850152008,3.0769230769230766,126,130,4,0,126,129,20786,0,0,0,0,1
2020-10-06,US,Wisconsin,Adams,279,4,0,43.96974651,-89.76782777,55001.0,1379.8219584569733,1.4336917562724014,275,277,4,0,273,277,20348,2,0,0,2,0
2020-10-06,US,Wisconsin,Ashland,161,2,0,46.31956891,-90.67837132,55003.0,1034.571391851947,1.2422360248447204,159,159,2,0,157,157,15600,2,0,0,2,2
2020-10-06,US,Wisconsin,Barron,528,6,0,45.42372701,-91.84833627,55005.0,1167.0055697993105,1.1363636363636365,522,522,6,0,516,522,45164,6,0,0,6,0
2020-10-06,US,Wisconsin,Bayfield,131,1,0,46.52868768,-91.19716729,55007.0,871.2423516892792,0.7633587786259542,130,130,1,0,129,127,15042,1,0,0,1,3
2020-10-06,US,Wisconsin,Brown,10609,69,0,44.452655299999996,-88.00411844,55009.0,4010.327282624309,0.6503911773022905,10540,10482,69,0,10413,10453,263378,127,0,0,127,29
2020-10-06,US,Wisconsin,Buffalo,160,2,0,44.37835084,-91.75332578,55011.0,1227.8413015117794,1.25,158,160,2,0,158,159,13125,0,0,0,0,1
2020-10-06,US,Wisconsin,Burnett,226,4,0,45.86303537,-92.36711412,55013.0,1466.1995588426107,1.7699115044247788,222,222,4,0,218,220,15392,4,0,0,4,2
2020-10-06,US,Wisconsin,Calumet,1591,6,0,44.0816316,-88.21780273,55015.0,3176.346103934996,0.3771213073538655,1585,1571,5,0,1566,1527,50159,20,1,0,19,44
2020-10-06,US,Wisconsin,Chippewa,667,0,0,45.06939744,-91.28068855,55017.0,1031.5815521667853,0.0,667,649,0,0,649,641,64135,18,0,0,18,8
2020-10-06,US,Wisconsin,Clark,491,8,0,44.73483377,-90.61207486,55019.0,1411.9744636797607,1.6293279022403258,483,479,8,0,471,474,34709,12,0,0,12,5
2020-10-06,US,Wisconsin,Columbia,864,3,0,43.46492199,-89.33589004,55021.0,1501.7729263714111,0.3472222222222222,861,848,3,0,845,825,57358,16,0,0,16,23
2020-10-06,US,Wisconsin,Crawford,205,0,0,43.23870316,-90.93073686,55023.0,1270.8449569152565,0.0,205,202,0,0,202,197,16291,3,0,0,3,5
2020-10-06,US,Wisconsin,Dane,10671,43,0,43.06601594,-89.41733797,55025.0,1951.911029001545,0.4029612969731047,10628,10514,43,0,10471,10452,542364,157,0,0,157,62
2020-10-06,US,Wisconsin,Dodge,2226,19,0,43.41576662,-88.70928178,55027.0,2534.1818554400666,0.8535489667565139,2207,2207,19,0,2188,2178,87847,19,0,0,19,29
2020-10-06,US,Wisconsin,Door,442,4,0,44.95856458,-87.30002707,55029.0,1597.5133728495016,0.9049773755656108,438,437,3,0,434,428,27610,5,1,0,4,9
2020-10-06,US,Wisconsin,Douglas,559,0,0,46.43222285,-91.91595768,55031.0,1295.4808806488993,0.0,559,551,0,0,551,546,43208,8,0,0,8,5
2020-10-06,US,Wisconsin,Dunn,700,1,0,44.94562799,-91.8962481,55033.0,1542.937753482631,0.14285714285714285,699,688,1,0,687,682,45131,12,0,0,12,6
2020-10-06,US,Wisconsin,Eau Claire,2184,7,0,44.726614,-91.28609183,55035.0,2087.0362937904943,0.3205128205128205,2177,2152,7,0,2145,2123,104534,32,0,0,32,29
2020-10-06,US,Wisconsin,Florence,115,2,0,45.84963535,-88.39804137,55037.0,2677.5320139697324,1.7391304347826086,113,113,2,0,111,110,4321,2,0,0,2,3
2020-10-06,US,Wisconsin,Fond du Lac,2533,14,0,43.75354908,-88.48885325,55039.0,2449.63879191126,0.5527043031977892,2519,2505,14,0,2491,2455,103066,28,0,0,28,50
2020-10-06,US,Wisconsin,Forest,347,7,0,45.66678019,-88.77084892,55041.0,3853.8427365615275,2.0172910662824206,340,341,7,0,334,335,8991,6,0,0,6,6
2020-10-06,US,Wisconsin,Grant,1240,19,0,42.8671731,-90.7063218,55043.0,2410.622290479986,1.5322580645161292,1221,1220,19,0,1201,1201,51554,20,0,0,20,19
2020-10-06,US,Wisconsin,Green,619,3,0,42.6794956,-89.60243287,55045.0,1674.7835497835495,0.4846526655896608,616,613,3,0,610,598,36929,6,0,0,6,15
2020-10-06,US,Wisconsin,Green Lake,376,0,0,43.80025981,-89.04679553,55047.0,1988.0505472426373,0.0,376,366,0,0,366,353,18918,10,0,0,10,13
2020-10-06,US,Wisconsin,Iowa,240,0,0,43.00050278,-90.13469017,55049.0,1013.599121547428,0.0,240,234,0,0,234,213,23771,6,0,0,6,21
2020-10-06,US,Wisconsin,Iron,149,1,0,46.26302338,-90.24295041,55051.0,2620.010550378055,0.6711409395973155,148,149,1,0,148,147,5676,0,0,0,0,2
2020-10-06,US,Wisconsin,Jackson,181,1,0,44.31864893,-90.80566792,55053.0,876.8105411035217,0.5524861878453039,180,177,1,0,176,176,20478,4,0,0,4,1
2020-10-06,US,Wisconsin,Jefferson,1698,8,0,43.02054068,-88.77529134,55055.0,2003.0907525156601,0.4711425206124853,1690,1668,8,0,1660,1651,85129,30,0,0,30,17
2020-10-06,US,Wisconsin,Juneau,467,2,0,43.92456975,-90.11120239,55057.0,1749.9156892869187,0.4282655246252677,465,459,2,0,457,455,26617,8,0,0,8,4
2020-10-06,US,Wisconsin,Kenosha,3780,68,0,42.57639354,-88.04051686,55059.0,2229.2862155802336,1.7989417989417988,3712,3751,68,0,3683,3708,169290,29,0,0,29,43
2020-10-06,US,Wisconsin,Kewaunee,736,2,0,44.51727459,-87.61468386,55061.0,3601.840070470784,0.2717391304347826,734,707,2,0,705,703,20383,29,0,0,29,4
2020-10-06,US,Wisconsin,La Crosse,3373,6,0,43.90632465,-91.11451093,55063.0,2858.087039045553,0.17788319003854136,3367,3336,4,0,3332,3299,118230,37,2,0,35,37
2020-10-06,US,Wisconsin,Lafayette,360,0,0,42.66005229,-90.1317729,55065.0,2160.2160216021607,0.0,360,357,0,0,357,356,16665,3,0,0,3,1
2020-10-06,US,Wisconsin,Langlade,327,2,0,45.26271619,-89.07483625,55067.0,1704.1013080410653,0.6116207951070336,325,305,2,0,303,297,19268,22,0,0,22,8
2020-10-06,US,Wisconsin,Lincoln,348,2,0,45.33737523,-89.73411273,55069.0,1261.1894321023449,0.5747126436781609,346,339,1,0,338,312,27689,9,1,0,8,27
2020-10-06,US,Wisconsin,Manitowoc,1453,5,0,44.11946801,-87.80928853,55071.0,1839.6829617249718,0.3441156228492774,1448,1434,5,0,1429,1412,79074,19,0,0,19,22
2020-10-06,US,Wisconsin,Marathon,2023,22,0,44.89792533,-89.75863384,55073.0,1490.876396545117,1.0874938210578349,2001,1924,17,0,1907,1861,135428,99,5,0,94,63
2020-10-06,US,Wisconsin,Marinette,1146,9,0,45.38553432,-88.03324599999998,55075.0,2840.1486988847582,0.7853403141361257,1137,1135,9,0,1126,1118,40434,11,0,0,11,17
2020-10-06,US,Wisconsin,Marquette,348,1,0,43.81911946,-89.40073763,55077.0,2234.4933864132527,0.28735632183908044,347,345,1,0,344,342,15434,3,0,0,3,3
2020-10-06,US,Wisconsin,Menominee,131,0,0,45.00422544,-88.70950714,55078.0,2875.3292361720814,0.0,131,123,0,0,123,119,4658,8,0,0,8,4
2020-10-06,US,Wisconsin,Milwaukee,30639,546,0,43.00486062,-87.96733172,55079.0,3239.733284270497,1.7820424948594928,30093,30382,545,0,29837,30318,948201,257,1,0,256,64
2020-10-06,US,Wisconsin,Monroe,679,3,0,43.94641218,-90.61881899999999,55081.0,1468.0128856506603,0.4418262150220913,676,667,3,0,664,656,46051,12,0,0,12,11
2020-10-06,US,Wisconsin,Oconto,1255,4,0,45.02715345,-88.26807503,55083.0,3308.7266016345893,0.3187250996015936,1251,1206,4,0,1202,1173,37830,49,0,0,49,33
2020-10-06,US,Wisconsin,Oneida,633,4,0,45.70677897,-89.51944105,55085.0,1778.3396544458492,0.631911532385466,629,614,4,0,610,594,35470,19,0,0,19,20
2020-10-06,US,Wisconsin,Outagamie,5780,33,0,44.41578887,-88.46565023,55087.0,3076.349894882508,0.5709342560553633,5747,5638,32,0,5606,5486,187365,142,1,0,141,152
2020-10-06,US,Wisconsin,Ozaukee,1506,20,0,43.38352225,-87.94625009,55089.0,1687.9434213918246,1.3280212483399734,1486,1480,20,0,1460,1468,89147,26,0,0,26,12
2020-10-06,US,Wisconsin,Pepin,70,0,0,44.58307413,-91.99949611,55091.0,960.6147934678194,0.0,70,70,0,0,70,70,7289,0,0,0,0,0
2020-10-06,US,Wisconsin,Pierce,480,7,0,44.71850291,-92.4224416,55093.0,1122.7019694063713,1.4583333333333333,473,474,7,0,467,470,42555,6,0,0,6,4
2020-10-06,US,Wisconsin,Polk,294,2,0,45.46130348,-92.44182875,55095.0,671.4935020441724,0.6802721088435374,292,290,2,0,288,282,43598,4,0,0,4,8
2020-10-06,US,Wisconsin,Portage,1723,10,0,44.47558711,-89.50152965,55097.0,2434.578646922512,0.5803830528148578,1713,1702,9,0,1693,1671,70942,21,1,0,20,31
2020-10-06,US,Wisconsin,Price,185,0,0,45.68051754,-90.36098879999999,55099.0,1385.6639952063517,0.0,185,167,0,0,167,160,13397,18,0,0,18,7
2020-10-06,US,Wisconsin,Racine,5298,98,0,42.74753117,-88.05941254,55101.0,2698.778978253893,1.849754624386561,5200,5240,98,0,5142,5233,196584,58,0,0,58,7
2020-10-06,US,Wisconsin,Richland,236,4,0,43.3762778,-90.43012729,55103.0,1367.9573382796198,1.6949152542372878,232,229,4,0,225,214,17377,7,0,0,7,15
2020-10-06,US,Wisconsin,Rock,2880,33,0,42.67151616,-89.07147900000002,55105.0,1763.0422273100141,1.1458333333333333,2847,2860,33,0,2827,2783,163129,20,0,0,20,77
2020-10-06,US,Wisconsin,Rusk,77,1,0,45.47498854,-91.1333012,55107.0,543.0949358160532,1.2987012987012987,76,75,1,0,74,72,14147,2,0,0,2,3
2020-10-06,US,Wisconsin,Sauk,1079,4,0,43.42574087,-89.94966132,55111.0,1674.3738555600385,0.3707136237256719,1075,1030,4,0,1026,1030,64249,49,0,0,49,0
2020-10-06,US,Wisconsin,Sawyer,258,1,0,45.87931905,-91.14504927,55113.0,1558.1591979707694,0.3875968992248062,257,252,1,0,251,245,16489,6,0,0,6,7
2020-10-06,US,Wisconsin,Shawano,1332,5,0,44.78902246,-88.76443896,55115.0,3256.8033448250567,0.37537537537537535,1327,1304,4,0,1300,1271,40796,28,1,0,27,33
2020-10-06,US,Wisconsin,Sheboygan,2261,19,0,43.72099677,-87.94579284,55117.0,1960.291312640888,0.8403361344537815,2242,2180,19,0,2161,2169,115456,81,0,0,81,11
2020-10-06,US,Wisconsin,St. Croix,1081,9,0,45.03437474,-92.45000068,55109.0,1192.0120855249374,0.8325624421831638,1072,1066,9,0,1057,1052,89694,15,0,0,15,14
2020-10-06,US,Wisconsin,Taylor,245,4,0,45.21179252,-90.5004405,55119.0,1204.3454751020004,1.6326530612244898,241,243,4,0,239,236,20412,2,0,0,2,7
2020-10-06,US,Wisconsin,Trempealeau,742,2,0,44.30360275,-91.35893614,55121.0,2502.613916152316,0.2695417789757412,740,722,2,0,720,719,29442,20,0,0,20,3
2020-10-06,US,Wisconsin,Vernon,300,1,0,43.59422667,-90.8324691,55123.0,973.3307377846993,0.3333333333333333,299,287,1,0,286,282,30785,13,0,0,13,5
2020-10-06,US,Wisconsin,Vilas,303,1,0,46.05467334,-89.51719204,55125.0,1365.172336111737,0.33003300330033003,302,298,1,0,297,286,21938,5,0,0,5,12
2020-10-06,US,Wisconsin,Walworth,2780,35,0,42.66858202,-88.54163073,55127.0,2676.4739862132706,1.2589928057553956,2745,2760,35,0,2725,2749,103718,20,0,0,20,11
2020-10-06,US,Wisconsin,Washburn,139,2,0,45.89838588,-91.79050449,55129.0,884.2239185750636,1.4388489208633093,137,135,2,0,133,129,15878,4,0,0,4,6
2020-10-06,US,Wisconsin,Washington,2976,35,0,43.36863664,-88.22974712,55131.0,2187.688372024641,1.1760752688172045,2941,2922,35,0,2887,2916,135693,54,0,0,54,6
2020-10-06,US,Wisconsin,Waukesha,8289,94,0,43.01833055,-88.30431188,55133.0,2050.7276136942787,1.1340330558571599,8195,8227,94,0,8133,8118,403072,62,0,0,62,109
2020-10-06,US,Wisconsin,Waupaca,1391,22,0,44.47068056,-88.96534501,55135.0,2727.9858795842324,1.5815959741193386,1369,1364,21,0,1343,1320,51128,27,1,0,26,44
2020-10-06,US,Wisconsin,Waushara,481,3,0,44.11324419,-89.24317107,55137.0,1967.8435543918506,0.6237006237006237,478,471,3,0,468,448,24263,10,0,0,10,23
2020-10-06,US,Wisconsin,Winnebago,5335,37,0,44.06886922,-88.64477096,55139.0,3103.4221992123653,0.6935332708528584,5298,5193,34,0,5159,4890,171020,142,3,0,139,303
2020-10-06,US,Wisconsin,Wood,968,7,0,44.45537896,-90.04158336,55141.0,1326.0455622679765,0.7231404958677686,961,960,7,0,953,944,73055,8,0,0,8,16
2020-10-06,US,Wyoming,Albany,732,0,0,41.65498705,-105.72354150000001,56001.0,1882.7160493827162,0.0,732,720,0,0,720,698,38601,12,0,0,12,22
2020-10-06,US,Wyoming,Big Horn,85,2,0,44.52405055,-107.9960365,56003.0,720.9499575911792,2.3529411764705883,83,79,2,0,77,76,11881,6,0,0,6,3
2020-10-06,US,Wyoming,Campbell,400,2,0,44.24886082,-105.54744040000001,56005.0,863.1665264021061,0.5,398,390,2,0,388,378,46140,10,0,0,10,12
2020-10-06,US,Wyoming,Carbon,245,2,0,41.69357844,-106.9326084,56007.0,1655.4054054054056,0.8163265306122449,243,243,2,0,241,239,14971,2,0,0,2,4
2020-10-06,US,Wyoming,Converse,169,0,0,42.97272268,-105.5081848,56009.0,1222.6884676602515,0.0,169,159,0,0,159,155,13640,10,0,0,10,4
2020-10-06,US,Wyoming,Crook,53,0,0,44.58855102,-104.56977049999999,56011.0,698.8396624472574,0.0,53,49,0,0,49,49,7450,4,0,0,4,0
2020-10-06,US,Wyoming,Fremont,814,14,0,43.04183996,-108.6296893,56013.0,2073.3042968849495,1.71990171990172,800,803,14,0,789,792,39531,11,0,0,11,11
2020-10-06,US,Wyoming,Goshen,119,2,0,42.08798185,-104.3534743,56015.0,900.7645144198017,1.680672268907563,117,117,2,0,115,112,13376,2,0,0,2,5
2020-10-06,US,Wyoming,Hot Springs,38,0,0,43.71930657,-108.44231740000001,56017.0,861.0922275096308,0.0,38,38,0,0,38,38,4555,0,0,0,0,0
2020-10-06,US,Wyoming,Johnson,44,1,0,44.04057166,-106.58451740000001,56019.0,521.0183540556542,2.272727272727273,43,44,1,0,43,44,8460,0,0,0,0,0
2020-10-06,US,Wyoming,Laramie,808,4,0,41.30702520000001,-104.6887497,56021.0,812.0603015075377,0.4950495049504951,804,784,4,0,780,769,98976,24,0,0,24,15
2020-10-06,US,Wyoming,Lincoln,242,1,0,42.26376367,-110.6563997,56023.0,1220.3731719616742,0.4132231404958678,241,233,1,0,232,229,19434,9,0,0,9,4
2020-10-06,US,Wyoming,Natrona,687,6,0,42.96180148,-106.79788500000001,56025.0,860.2769916601967,0.8733624454148472,681,674,6,0,668,667,79115,13,0,0,13,7
2020-10-06,US,Wyoming,Niobrara,4,0,0,43.05607708,-104.47588959999999,56027.0,169.77928692699493,0.0,4,5,0,0,5,4,2388,-1,0,0,-1,1
2020-10-06,US,Wyoming,Park,272,2,0,44.52157546,-109.58528249999999,56029.0,931.698294170035,0.7352941176470589,270,268,2,0,266,265,29324,4,0,0,4,3
2020-10-06,US,Wyoming,Platte,51,1,0,42.13299116,-104.96633100000001,56031.0,607.6492315024425,1.96078431372549,50,47,1,0,46,44,8566,4,0,0,4,3
2020-10-06,US,Wyoming,Sheridan,346,4,0,44.79048913,-106.8862389,56033.0,1134.984418566508,1.1560693641618498,342,335,4,0,331,324,30233,11,0,0,11,11
2020-10-06,US,Wyoming,Sublette,127,1,0,42.76558279,-109.91309220000001,56035.0,1291.8319601261314,0.7874015748031497,126,123,1,0,122,123,9813,4,0,0,4,0
2020-10-06,US,Wyoming,Sweetwater,371,2,0,41.65943896,-108.8827882,56037.0,876.1778806414284,0.5390835579514824,369,363,2,0,361,361,43051,8,0,0,8,2
2020-10-06,US,Wyoming,Teton,629,1,0,43.93522482,-110.5890801,56039.0,2680.702352540061,0.1589825119236884,628,625,1,0,624,616,23081,4,0,0,4,9
2020-10-06,US,Wyoming,Uinta,368,2,0,41.2878183,-110.54757820000002,56041.0,1819.4403243350146,0.5434782608695652,366,365,2,0,363,360,20299,3,0,0,3,5
2020-10-06,US,Wyoming,Washakie,120,6,0,43.90451606,-107.68018700000002,56043.0,1537.4759769378604,5.0,114,121,6,0,115,119,7885,-1,0,0,-1,2
2020-10-06,US,Wyoming,Weston,46,0,0,43.83961191,-104.56748809999999,56045.0,664.0681391655841,0.0,46,44,0,0,44,42,6967,2,0,0,2,2
