Date,Country/Region,Province/State,Admin2,Confirmed,Deaths,Recovered,Latitude,Longitude,FIPS,Incidence_Rate,Case-Fatality_Ratio,Active Cases,Previous Confirmed,Previous Deaths,Previous Recovered,Previous Active,Prev2 Confirmed,Population,Daily Confirmed,Daily Deaths,Daily Recovered,Daily Active,Previous Daily Confirmed
2020-10-29,US,Alabama,Autauga,2126,31,0,32.53952745,-86.64408227,1001.0,3805.330326299021,1.4581373471307622,2095,2103,31,0,2072,2082,55601,23,0,0,23,21
2020-10-29,US,Alabama,Baldwin,6768,69,0,30.72774991,-87.72207058,1003.0,3031.796231756812,1.0195035460992907,6699,6743,69,0,6674,6712,218022,25,0,0,25,31
2020-10-29,US,Alabama,Barbour,1055,9,0,31.868263,-85.3871286,1005.0,4273.677387993194,0.8530805687203792,1046,1045,9,0,1036,1042,24881,10,0,0,10,3
2020-10-29,US,Alabama,Bibb,861,15,0,32.99642064,-87.12511459999996,1007.0,3844.779851746003,1.7421602787456445,846,856,15,0,841,850,22400,5,0,0,5,6
2020-10-29,US,Alabama,Blount,2009,25,0,33.98210918,-86.56790593,1009.0,3474.215750700377,1.244400199104032,1984,1988,25,0,1963,1972,57840,21,0,0,21,16
2020-10-29,US,Alabama,Bullock,651,17,0,32.10030533,-85.71265535,1011.0,6444.906444906445,2.6113671274961603,634,650,17,0,633,650,10138,1,0,0,1,0
2020-10-29,US,Alabama,Butler,1019,41,0,31.75300095,-86.68057478,1013.0,5239.613327848622,4.023552502453386,978,1015,41,0,974,1012,19680,4,0,0,4,3
2020-10-29,US,Alabama,Calhoun,4765,62,0,33.77483727,-85.82630386,1015.0,4194.357642709388,1.3011542497376705,4703,4689,62,0,4627,4647,114277,76,0,0,76,42
2020-10-29,US,Alabama,Chambers,1380,47,0,32.91360079,-85.39072749,1017.0,4149.876706561617,3.4057971014492754,1333,1370,47,0,1323,1368,33615,10,0,0,10,2
2020-10-29,US,Alabama,Cherokee,764,14,0,34.17805983,-85.60638968,1019.0,2916.4757978317302,1.8324607329842928,750,761,14,0,747,756,26032,3,0,0,3,5
2020-10-29,US,Alabama,Chilton,1923,32,0,32.85044126,-86.7173256,1021.0,4328.351490051319,1.6640665626625064,1891,1909,32,0,1877,1904,44153,14,0,0,14,5
2020-10-29,US,Alabama,Choctaw,395,12,0,32.02227341,-88.26564429999998,1023.0,3137.6598617840973,3.0379746835443036,383,394,12,0,382,393,12841,1,0,0,1,1
2020-10-29,US,Alabama,Clarke,1387,17,0,31.68099859,-87.83548597,1025.0,5871.6450766234875,1.225666906993511,1370,1380,17,0,1363,1366,23920,7,0,0,7,14
2020-10-29,US,Alabama,Clay,763,12,0,33.26984193,-85.85836077,1027.0,5765.017000377786,1.5727391874180865,751,758,12,0,746,753,13275,5,0,0,5,5
2020-10-29,US,Alabama,Cleburne,579,9,0,33.67679204,-85.52005899,1029.0,3883.299798792757,1.5544041450777202,570,577,9,0,568,573,14987,2,0,0,2,4
2020-10-29,US,Alabama,Coffee,1836,11,0,31.39932826,-85.98901039,1031.0,3507.699361889114,0.599128540305011,1825,1826,11,0,1815,1807,51909,10,0,0,10,19
2020-10-29,US,Alabama,Colbert,2102,32,0,34.69847452,-87.80168544,1033.0,3805.144729458192,1.5223596574690768,2070,2082,32,0,2050,2060,54762,20,0,0,20,22
2020-10-29,US,Alabama,Conecuh,572,13,0,31.43401703,-86.99320044,1035.0,4740.200546946217,2.272727272727273,559,565,13,0,552,565,12277,7,0,0,7,0
2020-10-29,US,Alabama,Coosa,217,3,0,32.93690146,-86.24847739,1037.0,2035.074556878927,1.3824884792626728,214,214,3,0,211,209,10715,3,0,0,3,5
2020-10-29,US,Alabama,Covington,1773,29,0,31.247785399999998,-86.45050893,1039.0,4785.554265972091,1.6356457980823462,1744,1767,29,0,1738,1759,36986,6,0,0,6,8
2020-10-29,US,Alabama,Crenshaw,612,30,0,31.72941803,-86.31593104,1041.0,4443.7990124891085,4.901960784313727,582,611,30,0,581,609,13824,1,0,0,1,2
2020-10-29,US,Alabama,Cullman,2665,25,0,34.13020303,-86.86888037,1043.0,3181.4057874128553,0.9380863039399624,2640,2600,25,0,2575,2557,83442,65,0,0,65,43
2020-10-29,US,Alabama,Dale,1849,52,0,31.43037123,-85.61095742,1045.0,3760.270072398926,2.8123309897241757,1797,1808,52,0,1756,1789,48956,41,0,0,41,19
2020-10-29,US,Alabama,Dallas,1892,27,0,32.32688101,-87.10866709999998,1047.0,5086.56844822024,1.427061310782241,1865,1881,27,0,1854,1881,38310,11,0,0,11,0
2020-10-29,US,Alabama,DeKalb,3554,29,0,34.45946862,-85.80782906,1049.0,4969.725784123167,0.8159819921215532,3525,3512,29,0,3483,3492,71385,42,0,0,42,20
2020-10-29,US,Alabama,Elmore,3278,58,0,32.59785413,-86.14415284,1051.0,4036.498417663067,1.7693715680292859,3220,3265,58,0,3207,3246,81887,13,0,0,13,19
2020-10-29,US,Alabama,Escambia,1758,31,0,31.1256789,-87.15918694,1053.0,4798.951764802227,1.7633674630261662,1727,1753,31,0,1722,1749,36748,5,0,0,5,4
2020-10-29,US,Alabama,Etowah,4419,52,0,34.04567266,-86.04051873,1055.0,4320.999726209568,1.1767368182846798,4367,4365,52,0,4313,4341,102501,54,0,0,54,24
2020-10-29,US,Alabama,Fayette,599,13,0,33.72076938,-87.73886638,1057.0,3674.3957796589375,2.1702838063439067,586,594,13,0,581,589,16433,5,0,0,5,5
2020-10-29,US,Alabama,Franklin,2094,32,0,34.44235334,-87.84289505,1059.0,6676.870097570308,1.528175740210124,2062,2077,32,0,2045,2064,31363,17,0,0,17,13
2020-10-29,US,Alabama,Geneva,942,7,0,31.09389027,-85.83572839,1061.0,3585.702866278406,0.7430997876857749,935,935,7,0,928,921,26314,7,0,0,7,14
2020-10-29,US,Alabama,Greene,345,16,0,32.85504247,-87.95684022,1063.0,4253.482924423623,4.63768115942029,329,346,16,0,330,346,8233,-1,0,0,-1,0
2020-10-29,US,Alabama,Hale,781,30,0,32.76039258,-87.63284988,1065.0,5330.694150569927,3.841229193341869,751,780,30,0,750,777,14726,1,0,0,1,3
2020-10-29,US,Alabama,Henry,731,6,0,31.51148016,-85.24267944,1067.0,4248.764893926184,0.8207934336525308,725,728,6,0,722,723,17209,3,0,0,3,5
2020-10-29,US,Alabama,Houston,4239,34,0,31.15197924,-85.29939599,1069.0,4003.513345044484,0.8020759613116301,4205,4212,34,0,4178,4193,104722,27,0,0,27,19
2020-10-29,US,Alabama,Jackson,2253,17,0,34.78144169,-85.99750489,1071.0,4364.080114670902,0.7545494895694629,2236,2219,17,0,2202,2194,51736,34,0,0,34,25
2020-10-29,US,Alabama,Jefferson,23940,385,0,33.55554728,-86.89506300000002,1073.0,3635.132323979272,1.6081871345029242,23555,23769,383,0,23386,23573,659300,171,2,0,169,196
2020-10-29,US,Alabama,Lamar,523,5,0,33.77995024,-88.09668032,1075.0,3788.482433900761,0.9560229445506692,518,516,5,0,511,508,13844,7,0,0,7,8
2020-10-29,US,Alabama,Lauderdale,2405,43,0,34.90171875,-87.65624729,1077.0,2593.579139212113,1.787941787941788,2362,2371,43,0,2328,2338,92387,34,0,0,34,33
2020-10-29,US,Alabama,Lawrence,885,33,0,34.52041498,-87.31069453,1079.0,2688.0087474182965,3.7288135593220337,852,877,33,0,844,869,32957,8,0,0,8,8
2020-10-29,US,Alabama,Lee,6649,65,0,32.60154883,-85.35132246,1081.0,4040.9135661411683,0.9775906151300948,6584,6624,65,0,6559,6571,163941,25,0,0,25,53
2020-10-29,US,Alabama,Limestone,2970,31,0,34.81185586,-86.98310072,1083.0,3002.577970985189,1.0437710437710437,2939,2951,31,0,2920,2936,96174,19,0,0,19,15
2020-10-29,US,Alabama,Lowndes,721,28,0,32.1597283,-86.65158371,1085.0,7413.119473575982,3.8834951456310685,693,717,28,0,689,716,9974,4,0,0,4,1
2020-10-29,US,Alabama,Macon,543,20,0,32.38759944,-85.69267724,1087.0,3005.313261013948,3.6832412523020257,523,541,20,0,521,539,18439,2,0,0,2,2
2020-10-29,US,Alabama,Madison,9557,98,0,34.76327133,-86.55069633,1089.0,2562.8236379384784,1.0254263890342157,9459,9467,98,0,9369,9422,366519,90,0,0,90,45
2020-10-29,US,Alabama,Marengo,1046,22,0,32.24767634,-87.78796182,1091.0,5545.247309547792,2.103250478011472,1024,1035,22,0,1013,1026,19066,11,0,0,11,9
2020-10-29,US,Alabama,Marion,1109,31,0,34.13697363,-87.88704173,1093.0,3732.875559594736,2.7953110910730388,1078,1103,31,0,1072,1103,29763,6,0,0,6,0
2020-10-29,US,Alabama,Marshall,4474,51,0,34.36975964,-86.30486727,1095.0,4623.142579618492,1.139919535091641,4423,4452,51,0,4401,4426,96109,22,0,0,22,26
2020-10-29,US,Alabama,Mobile,17123,319,0,30.78472347,-88.20842409,1097.0,4143.897775949276,1.8629912982538104,16804,17039,318,0,16721,16994,413757,84,1,0,83,45
2020-10-29,US,Alabama,Monroe,663,10,0,31.56729412,-87.36995001,1099.0,3197.800607726813,1.5082956259426847,653,660,10,0,650,655,21067,3,0,0,3,5
2020-10-29,US,Alabama,Montgomery,10503,199,0,32.2206831,-86.20969272,1101.0,4637.372729440231,1.8946967533085783,10304,10435,199,0,10236,10352,225763,68,0,0,68,83
2020-10-29,US,Alabama,Morgan,4308,35,0,34.45500589,-86.85475946,1103.0,3599.6290075953166,0.8124419684308264,4273,4263,35,0,4228,4223,119089,45,0,0,45,40
2020-10-29,US,Alabama,Perry,599,6,0,32.64048341,-87.29770589,1105.0,6712.988905076768,1.001669449081803,593,596,6,0,590,595,9140,3,0,0,3,1
2020-10-29,US,Alabama,Pickens,890,18,0,33.28094866,-88.08818103,1107.0,4465.629703963874,2.02247191011236,872,874,18,0,856,869,19938,16,0,0,16,5
2020-10-29,US,Alabama,Pike,1364,14,0,31.80396383,-85.9408295,1109.0,4119.103702361539,1.0263929618768328,1350,1355,14,0,1341,1345,33338,9,0,0,9,10
2020-10-29,US,Alabama,Randolph,846,16,0,33.29526734,-85.45708831,1111.0,3723.263797200951,1.8912529550827424,830,843,16,0,827,835,22725,3,0,0,3,8
2020-10-29,US,Alabama,Russell,1983,3,0,32.28725256,-85.18415324,1113.0,3421.266023705595,0.15128593040847202,1980,1976,3,0,1973,1960,57781,7,0,0,7,16
2020-10-29,US,Alabama,Shelby,7605,65,0,33.26879845,-86.66232561,1117.0,3493.3073651137793,0.8547008547008547,7540,7563,65,0,7498,7504,215707,42,0,0,42,59
2020-10-29,US,Alabama,St. Clair,3113,42,0,33.71902176,-86.31029372,1115.0,3477.746000536241,1.3491808544812078,3071,3070,42,0,3028,3040,88690,43,0,0,43,30
2020-10-29,US,Alabama,Sumter,486,21,0,32.59117397,-88.19916205,1119.0,3910.839301520882,4.320987654320987,465,477,21,0,456,474,12691,9,0,0,9,3
2020-10-29,US,Alabama,Talladega,2764,37,0,33.37823223,-86.16886178,1121.0,3455.950386356248,1.3386396526772792,2727,2739,37,0,2702,2714,79828,25,0,0,25,25
2020-10-29,US,Alabama,Tallapoosa,1372,87,0,32.86698258,-85.79833053,1123.0,3398.8158644437294,6.3411078717201175,1285,1353,87,0,1266,1339,40497,19,0,0,19,14
2020-10-29,US,Alabama,Tuscaloosa,10602,141,0,33.28726072,-87.52556818,1125.0,5064.125528408684,1.329937747594793,10461,10539,141,0,10398,10462,208911,63,0,0,63,77
2020-10-29,US,Alabama,Walker,2874,93,0,33.80270512,-87.30027177,1127.0,4524.487964610129,3.2359081419624216,2781,2855,93,0,2762,2837,63711,19,0,0,19,18
2020-10-29,US,Alabama,Washington,758,12,0,31.4092794,-88.20689944,1129.0,4642.900894279063,1.5831134564643798,746,754,12,0,742,751,16378,4,0,0,4,3
2020-10-29,US,Alabama,Wilcox,571,12,0,31.98773215,-87.30891118,1131.0,5504.675600115685,2.1015761821366024,559,571,12,0,559,570,10627,0,0,0,0,1
2020-10-29,US,Alabama,Winston,947,13,0,34.15030532,-87.37325922,1133.0,4007.787041347497,1.372756071805702,934,943,13,0,930,940,23660,4,0,0,4,3
2020-10-29,US,Alaska,Aleutians East,16,0,0,55.32222414,-161.9722021,2013.0,479.47258016182195,0.0,16,16,0,0,16,16,3515,0,0,0,0,0
2020-10-29,US,Alaska,Aleutians West,99,0,0,52.3233,-174.1596,2016.0,1757.1884984025562,0.0,99,98,0,0,98,97,5723,1,0,0,1,1
2020-10-29,US,Alaska,Anchorage,7952,47,0,61.14998174,-149.14269860000005,2020.0,2761.1111111111113,0.5910462776659959,7905,7792,43,0,7749,7612,291538,160,4,0,156,180
2020-10-29,US,Alaska,Bethel,424,1,0,60.90980451,-159.8561831,2050.0,2306.102469270097,0.2358490566037736,423,409,1,0,408,402,18216,15,0,0,15,7
2020-10-29,US,Alaska,Bristol Bay plus Lake and Peninsula,108,0,0,58.62403337,-156.21405890000003,2164.0,2686.567164179105,0.0,108,107,0,0,107,105,,1,0,0,1,2
2020-10-29,US,Alaska,Denali,31,0,0,63.67264044,-150.0076108,2068.0,1478.3023366714353,0.0,31,31,0,0,31,31,2059,0,0,0,0,0
2020-10-29,US,Alaska,Dillingham,59,0,0,59.79603738,-158.23819419999995,2070.0,1200.1627339300246,0.0,59,59,0,0,59,54,5000,0,0,0,0,5
2020-10-29,US,Alaska,Fairbanks North Star,2199,15,0,64.80726247,-146.5692662,2090.0,2270.544868816405,0.6821282401091405,2184,2173,14,0,2159,2140,98971,26,1,0,25,33
2020-10-29,US,Alaska,Haines,12,0,0,59.09893571,-135.4679843,2100.0,474.30830039525694,0.0,12,12,0,0,12,12,2474,0,0,0,0,0
2020-10-29,US,Alaska,Juneau,551,3,0,58.45031811,-134.200436,2110.0,1723.2751610683679,0.5444646098003629,548,542,3,0,539,535,32113,9,0,0,9,7
2020-10-29,US,Alaska,Kenai Peninsula,1016,4,0,60.24429722,-151.53888840000005,2122.0,1730.5988962322,0.3937007874015748,1012,975,4,0,971,942,58533,41,0,0,41,33
2020-10-29,US,Alaska,Ketchikan Gateway,83,0,0,55.57445008,-130.975561,2130.0,597.079346809582,0.0,83,80,0,0,80,81,13918,3,0,0,3,-1
2020-10-29,US,Alaska,Kodiak Island,111,0,0,57.65529415,-153.7493579,2150.0,853.9775350053854,0.0,111,98,0,0,98,98,13345,13,0,0,13,0
2020-10-29,US,Alaska,Kusilvak,224,0,0,62.15429159999999,-163.39678830000003,2158.0,2694.250661534761,0.0,224,209,0,0,209,208,8303,15,0,0,15,1
2020-10-29,US,Alaska,Matanuska-Susitna,1368,2,0,62.31305045,-149.5741743,2170.0,1262.9596462235845,0.14619883040935672,1366,1300,2,0,1298,1224,107610,68,0,0,68,76
2020-10-29,US,Alaska,Nome,132,0,0,64.90320724,-164.0353804,2180.0,1319.4722111155538,0.0,132,133,0,0,133,133,10008,-1,0,0,-1,0
2020-10-29,US,Alaska,North Slope,271,0,0,69.31479216,-153.4836093,2185.0,2756.3059397884467,0.0,271,267,0,0,267,266,9872,4,0,0,4,1
2020-10-29,US,Alaska,Northwest Arctic,245,0,0,67.04919196,-159.7503946,2188.0,3214.801207190657,0.0,245,243,0,0,243,238,7671,2,0,0,2,5
2020-10-29,US,Alaska,Petersburg,19,1,0,57.13978948,-132.9540995,2195.0,581.7513778322108,5.2631578947368425,18,17,1,0,16,17,3221,2,0,0,2,0
2020-10-29,US,Alaska,Prince of Wales-Hyder,35,1,0,55.76261984,-133.0511621,2198.0,564.2431081734644,2.8571428571428568,34,35,0,0,35,35,6422,0,1,0,-1,0
2020-10-29,US,Alaska,Sitka,77,0,0,57.24124555,-135.3206587,2220.0,906.6289885788296,0.0,77,75,0,0,75,75,8647,2,0,0,2,0
2020-10-29,US,Alaska,Skagway,8,0,0,59.56149996,-135.33377480000001,2230.0,676.2468300929838,0.0,8,8,0,0,8,8,1148,0,0,0,0,0
2020-10-29,US,Alaska,Southeast Fairbanks,83,0,0,63.87692095,-143.2127643,2240.0,1204.1201218627593,0.0,83,78,0,0,78,74,6918,5,0,0,5,4
2020-10-29,US,Alaska,Unassigned,60,0,0,0.0,0.0,90002.0,0.0,0.0,60,64,0,0,64,62,,-4,0,0,-4,2
2020-10-29,US,Alaska,Valdez-Cordova,164,1,0,61.47502768,-144.7126799,2261.0,1782.2212562486413,0.6097560975609756,163,163,1,0,162,163,9164,1,0,0,1,0
2020-10-29,US,Alaska,Wrangell,19,0,0,56.3202004,-132.05837309999998,2275.0,759.3924860111911,0.0,19,19,0,0,19,19,2503,0,0,0,0,0
2020-10-29,US,Alaska,Yakutat,38,0,0,59.890980799999994,-140.36014509999998,2282.0,6563.039723661485,0.0,38,38,0,0,38,37,604,0,0,0,0,1
2020-10-29,US,Alaska,Yukon-Koyukuk,118,2,0,65.50815459,-151.39073869999999,2290.0,2256.2141491395787,1.6949152542372878,116,114,2,0,112,114,5327,4,0,0,4,0
2020-10-29,US,Arizona,Apache,3965,169,0,35.39465006,-109.4892383,4001.0,5515.600873593277,4.262295081967213,3796,3934,169,0,3765,3890,71818,31,0,0,31,44
2020-10-29,US,Arizona,Cochise,2171,75,0,31.87934684,-109.7516088,4003.0,1724.0831625927165,3.4546292031321966,2096,2150,75,0,2075,2125,126770,21,0,0,21,25
2020-10-29,US,Arizona,Coconino,5243,149,0,35.83883429,-111.77071780000001,4005.0,3654.269703643815,2.8418844173183286,5094,5165,148,0,5017,5121,142854,78,1,0,77,44
2020-10-29,US,Arizona,Gila,1945,70,0,33.80190085,-110.8132779,4007.0,3600.651634640305,3.5989717223650386,1875,1914,70,0,1844,1907,53889,31,0,0,31,7
2020-10-29,US,Arizona,Graham,1197,28,0,32.93166885,-109.8882178,4009.0,3082.1124185699205,2.3391812865497075,1169,1185,28,0,1157,1162,38072,12,0,0,12,23
2020-10-29,US,Arizona,Greenlee,101,1,0,33.21498827,-109.2405279,4011.0,1063.3817645820172,0.99009900990099,100,101,1,0,100,103,9483,0,0,0,0,-2
2020-10-29,US,Arizona,La Paz,620,17,0,33.72854224,-113.98100290000001,4012.0,2937.274966837218,2.7419354838709675,603,618,17,0,601,616,21098,2,0,0,2,2
2020-10-29,US,Arizona,Maricopa,156736,3566,0,33.34835867,-112.49181540000001,4013.0,3494.348570722792,2.2751633319722337,153170,155951,3559,0,152392,155458,4410824,785,7,0,778,493
2020-10-29,US,Arizona,Mohave,4371,231,0,35.70471703,-113.7577902,4015.0,2060.033650515362,5.284831846259436,4140,4340,230,0,4110,4313,209550,31,1,0,30,27
2020-10-29,US,Arizona,Navajo,6410,240,0,35.3997715,-110.3218983,4017.0,5778.731383650067,3.74414976599064,6170,6340,239,0,6101,6307,110445,70,1,0,69,33
2020-10-29,US,Arizona,Pima,28067,638,0,32.0971334,-111.7890033,4019.0,2679.9926285163738,2.273132148074251,27429,27962,636,0,27326,27703,1039073,105,2,0,103,259
2020-10-29,US,Arizona,Pinal,11937,225,0,32.90525627,-111.3449483,4021.0,2579.3612207723168,1.8848957024377984,11712,11873,224,0,11649,11832,447138,64,1,0,63,41
2020-10-29,US,Arizona,Santa Cruz,3021,65,0,31.52508998,-110.8479088,4023.0,6497.0536367155555,2.1516054286660045,2956,3004,65,0,2939,2995,46511,17,0,0,17,9
2020-10-29,US,Arizona,Unassigned,0,1,0,0.0,0.0,90004.0,0.0,0.0,-1,0,1,0,-1,1,,0,0,0,0,-1
2020-10-29,US,Arizona,Yavapai,2961,89,0,34.59933926,-112.5538588,4025.0,1259.469415012399,3.0057413036136436,2872,2939,89,0,2850,2919,231993,22,0,0,22,20
2020-10-29,US,Arizona,Yuma,13735,354,0,32.76895712,-113.90666740000002,4027.0,6424.618896378172,2.5773571168547504,13381,13689,354,0,13335,13670,212128,46,0,0,46,19
2020-10-29,US,Arkansas,Arkansas,692,16,0,34.29145151,-91.37277296,5001.0,3957.451675626215,2.3121387283237,676,676,16,0,660,673,17769,16,0,0,16,3
2020-10-29,US,Arkansas,Ashley,552,11,0,33.19153461,-91.76984709999999,5003.0,2808.1599430228416,1.9927536231884055,541,547,11,0,536,539,20046,5,0,0,5,8
2020-10-29,US,Arkansas,Baxter,695,11,0,36.28784385,-92.33782872,5005.0,1657.4453877706762,1.5827338129496402,684,677,10,0,667,668,41619,18,1,0,17,9
2020-10-29,US,Arkansas,Benton,8340,121,0,36.33644656,-94.25680817,5007.0,2987.7373800337464,1.4508393285371703,8219,8262,119,0,8143,8177,272608,78,2,0,76,85
2020-10-29,US,Arkansas,Boone,1057,35,0,36.3084504,-93.09374925,5009.0,2823.787134002992,3.3112582781456954,1022,1045,34,0,1011,1040,37480,12,1,0,11,5
2020-10-29,US,Arkansas,Bradley,373,8,0,33.46755808,-92.15980837,5011.0,3465.5765121248724,2.1447721179624666,365,371,8,0,363,370,10897,2,0,0,2,1
2020-10-29,US,Arkansas,Calhoun,53,0,0,33.55598792,-92.49974403,5013.0,1021.3914048949704,0.0,53,53,0,0,53,53,5277,0,0,0,0,0
2020-10-29,US,Arkansas,Carroll,1014,17,0,36.34038560000001,-93.54270261,5015.0,3572.9386892177586,1.6765285996055226,997,1007,16,0,991,1000,28223,7,1,0,6,7
2020-10-29,US,Arkansas,Chicot,1053,23,0,33.26458973,-91.29539209,5017.0,10407.195097845424,2.184235517568851,1030,1053,23,0,1030,1050,10438,0,0,0,0,3
2020-10-29,US,Arkansas,Clark,506,5,0,34.04613432,-93.17484713,5019.0,2267.0250896057346,0.9881422924901184,501,501,5,0,496,497,22061,5,0,0,5,4
2020-10-29,US,Arkansas,Clay,496,13,0,36.36826212,-90.4148172,5021.0,3408.700432959934,2.620967741935484,483,493,12,0,481,490,14847,3,1,0,2,3
2020-10-29,US,Arkansas,Cleburne,463,15,0,35.53864922,-92.02640019,5023.0,1858.0199847505921,3.239740820734341,448,462,15,0,447,461,24965,1,0,0,1,1
2020-10-29,US,Arkansas,Cleveland,241,13,0,33.89723187,-92.18537045,5025.0,3029.1603821015588,5.394190871369295,228,238,13,0,225,234,8018,3,0,0,3,4
2020-10-29,US,Arkansas,Columbia,720,21,0,33.21230701,-93.22642793,5027.0,3069.4462207443407,2.9166666666666665,699,711,21,0,690,704,23537,9,0,0,9,7
2020-10-29,US,Arkansas,Conway,352,3,0,35.26205537,-92.70506566,5029.0,1688.5733474047781,0.8522727272727273,349,349,3,0,346,346,20891,3,0,0,3,3
2020-10-29,US,Arkansas,Craighead,4646,48,0,35.83018283,-90.63235729,5031.0,4210.9270202661055,1.0331467929401636,4598,4583,45,0,4538,4544,108558,63,3,0,60,39
2020-10-29,US,Arkansas,Crawford,2086,27,0,35.58928601,-94.2446814,5033.0,3297.6587571335967,1.2943432406519657,2059,2063,26,0,2037,2035,63406,23,1,0,22,28
2020-10-29,US,Arkansas,Crittenden,2442,52,0,35.21247318,-90.30839406,5035.0,5092.274006881451,2.1294021294021293,2390,2428,52,0,2376,2397,48342,14,0,0,14,31
2020-10-29,US,Arkansas,Cross,598,22,0,35.29631396,-90.77185818,5037.0,3642.1219319081542,3.6789297658862883,576,593,22,0,571,587,16676,5,0,0,5,6
2020-10-29,US,Arkansas,Dallas,180,6,0,33.97042763,-92.65167437,5039.0,2568.12669425025,3.333333333333333,174,180,6,0,174,179,7182,0,0,0,0,1
2020-10-29,US,Arkansas,Desha,420,7,0,33.83011025,-91.25500948,5041.0,3696.8576709796666,1.6666666666666667,413,414,7,0,407,410,11512,6,0,0,6,4
2020-10-29,US,Arkansas,Drew,435,7,0,33.59035001,-91.71777921,5043.0,2387.6173225753328,1.6091954022988506,428,433,7,0,426,430,18328,2,0,0,2,3
2020-10-29,US,Arkansas,Faulkner,3430,36,0,35.14719007,-92.33717519,5045.0,2722.070996055775,1.0495626822157431,3394,3389,36,0,3353,3358,124806,41,0,0,41,31
2020-10-29,US,Arkansas,Franklin,540,3,0,35.51202821,-93.89299569,5047.0,3048.264182895851,0.5555555555555556,537,537,3,0,534,529,17810,3,0,0,3,8
2020-10-29,US,Arkansas,Fulton,332,9,0,36.38177105,-91.81729127,5049.0,2660.896048729663,2.710843373493976,323,330,9,0,321,323,12269,2,0,0,2,7
2020-10-29,US,Arkansas,Garland,2591,67,0,34.57692074,-93.14921604,5051.0,2607.007023121969,2.5858741798533385,2524,2481,66,0,2415,2457,99154,110,1,0,109,24
2020-10-29,US,Arkansas,Grant,374,4,0,34.29017991,-92.42320562,5053.0,2047.6320832192719,1.0695187165775402,370,368,4,0,364,364,18188,6,0,0,6,4
2020-10-29,US,Arkansas,Greene,1557,20,0,36.11735460000001,-90.55832668,5055.0,3435.1902923331486,1.2845215157353886,1537,1541,20,0,1521,1507,45325,16,0,0,16,34
2020-10-29,US,Arkansas,Hempstead,564,5,0,33.73325583,-93.66935133,5057.0,2619.357235742152,0.8865248226950354,559,557,5,0,552,554,21741,7,0,0,7,3
2020-10-29,US,Arkansas,Hot Spring,2227,38,0,34.31709259,-92.95396325,5059.0,6594.415326759646,1.7063313875168389,2189,2212,38,0,2174,2208,33701,15,0,0,15,4
2020-10-29,US,Arkansas,Howard,599,14,0,34.09007427,-93.9934871,5061.0,4537.191334646266,2.337228714524207,585,590,14,0,576,582,13341,9,0,0,9,8
2020-10-29,US,Arkansas,Independence,1476,55,0,35.74242707,-91.57001641,5063.0,3902.1810971579653,3.7262872628726287,1421,1472,53,0,1419,1466,37678,4,2,0,2,6
2020-10-29,US,Arkansas,Izard,614,2,0,36.09604046,-91.90847954,5065.0,4505.0994203536575,0.3257328990228013,612,604,2,0,602,556,13593,10,0,0,10,48
2020-10-29,US,Arkansas,Jackson,788,6,0,35.59802983,-91.21494602,5067.0,4713.200550272146,0.7614213197969543,782,773,6,0,767,760,16811,15,0,0,15,13
2020-10-29,US,Arkansas,Jefferson,4243,102,0,34.26767081,-91.92619839,5069.0,6349.515144259547,2.4039594626443552,4141,4231,102,0,4129,4194,68114,12,0,0,12,37
2020-10-29,US,Arkansas,Johnson,1042,8,0,35.56759135,-93.46036368,5071.0,3920.535781473399,0.7677543186180422,1034,1025,8,0,1017,1017,26742,17,0,0,17,8
2020-10-29,US,Arkansas,Lafayette,176,3,0,33.24116713,-93.60677071,5073.0,2657.004830917874,1.7045454545454546,173,173,3,0,170,172,6682,3,0,0,3,1
2020-10-29,US,Arkansas,Lawrence,848,19,0,36.04188196,-91.10867198,5075.0,5168.840668048275,2.240566037735849,829,833,18,0,815,823,16434,15,1,0,14,10
2020-10-29,US,Arkansas,Lee,1111,18,0,34.78498904,-90.78383866,5077.0,12543.750705656543,1.62016201620162,1093,1110,18,0,1092,1110,8985,1,0,0,1,0
2020-10-29,US,Arkansas,Lincoln,2333,17,0,33.95317155,-91.74002806,5079.0,17913.083538083538,0.7286755250750108,2316,2333,17,0,2316,2315,13383,0,0,0,0,18
2020-10-29,US,Arkansas,Little River,465,38,0,33.70375665,-94.23468591,5081.0,3793.131576800718,8.172043010752688,427,459,38,0,421,451,12326,6,0,0,6,8
2020-10-29,US,Arkansas,Logan,603,4,0,35.21413234,-93.71951016,5083.0,2809.093450107146,0.6633499170812603,599,595,4,0,591,594,21737,8,0,0,8,1
2020-10-29,US,Arkansas,Lonoke,1806,29,0,34.75392199,-91.88742357,5085.0,2463.544721657641,1.6057585825027685,1777,1781,28,0,1753,1752,73657,25,1,0,24,29
2020-10-29,US,Arkansas,Madison,433,6,0,36.01038185,-93.72524943,5087.0,2612.2104247104253,1.3856812933025404,427,431,6,0,425,430,16481,2,0,0,2,1
2020-10-29,US,Arkansas,Marion,161,2,0,36.26844485,-92.68451899,5089.0,964.4183538996048,1.2422360248447204,159,155,2,0,153,153,16722,6,0,0,6,2
2020-10-29,US,Arkansas,Miller,1480,16,0,33.31403423,-93.89285258,5091.0,3421.4115634463788,1.0810810810810811,1464,1457,16,0,1441,1435,43592,23,0,0,23,22
2020-10-29,US,Arkansas,Mississippi,2338,68,0,35.76271485,-90.05194370000002,5093.0,5751.3960296179675,2.9084687767322497,2270,2316,68,0,2248,2297,41239,22,0,0,22,19
2020-10-29,US,Arkansas,Monroe,216,1,0,34.6815935,-91.20540287,5095.0,3223.3994926130426,0.462962962962963,215,212,1,0,211,212,6900,4,0,0,4,0
2020-10-29,US,Arkansas,Montgomery,184,8,0,34.53704874,-93.65824478,5097.0,2047.6296461161808,4.3478260869565215,176,183,8,0,175,183,8924,1,0,0,1,0
2020-10-29,US,Arkansas,Nevada,317,14,0,33.66340119,-93.30632432,5099.0,3841.4929714008726,4.416403785488959,303,311,14,0,297,301,8326,6,0,0,6,10
2020-10-29,US,Arkansas,Newton,319,20,0,35.91947491,-93.21612969,5101.0,4114.536308525732,6.269592476489028,299,314,20,0,294,307,7805,5,0,0,5,7
2020-10-29,US,Arkansas,Ouachita,391,9,0,33.58839816,-92.87795984,5103.0,1672.2264990163376,2.301790281329924,382,385,9,0,376,379,23606,6,0,0,6,6
2020-10-29,US,Arkansas,Perry,142,1,0,34.945915299999996,-92.94372564,5105.0,1358.2018173122908,0.7042253521126759,141,139,0,0,139,137,10352,3,1,0,2,2
2020-10-29,US,Arkansas,Phillips,767,16,0,34.43268455,-90.84800154,5107.0,4313.350579237431,2.0860495436766624,751,757,16,0,741,746,18029,10,0,0,10,11
2020-10-29,US,Arkansas,Pike,270,1,0,34.16250414,-93.65789349,5109.0,2519.126702743049,0.3703703703703704,269,269,1,0,268,267,10673,1,0,0,1,2
2020-10-29,US,Arkansas,Poinsett,1133,20,0,35.57433534,-90.66268713,5111.0,4815.5389323359395,1.76522506619594,1113,1115,20,0,1095,1071,23974,18,0,0,18,44
2020-10-29,US,Arkansas,Polk,364,5,0,34.48254879,-94.22728802,5113.0,1823.2819074333802,1.3736263736263736,359,360,5,0,355,358,20049,4,0,0,4,2
2020-10-29,US,Arkansas,Pope,2774,38,0,35.44871474,-93.03212219,5115.0,4329.50430765389,1.3698630136986298,2736,2759,38,0,2721,2725,64000,15,0,0,15,34
2020-10-29,US,Arkansas,Prairie,236,4,0,34.83624419,-91.55162157,5117.0,2927.3133217563877,1.6949152542372878,232,231,4,0,227,224,8074,5,0,0,5,7
2020-10-29,US,Arkansas,Pulaski,12152,212,0,34.77054088,-92.31355101,5119.0,3100.7039863642517,1.7445687952600395,11940,12058,211,0,11847,11997,392680,94,1,0,93,61
2020-10-29,US,Arkansas,Randolph,668,24,0,36.3415714,-91.02455531,5121.0,3719.79062256376,3.5928143712574854,644,659,24,0,635,650,17948,9,0,0,9,9
2020-10-29,US,Arkansas,Saline,2916,30,0,34.64916145,-92.67583224,5125.0,2381.6330030954696,1.02880658436214,2886,2884,30,0,2854,2854,121421,32,0,0,32,30
2020-10-29,US,Arkansas,Scott,225,1,0,34.85588887,-94.0632176,5127.0,2188.5030639042893,0.4444444444444444,224,220,1,0,219,219,10319,5,0,0,5,1
2020-10-29,US,Arkansas,Searcy,205,1,0,35.9109364,-92.69936482,5129.0,2601.1927420378124,0.4878048780487805,204,202,1,0,201,199,7958,3,0,0,3,3
2020-10-29,US,Arkansas,Sebastian,4920,94,0,35.19605503,-94.27162713,5131.0,3848.95209932174,1.9105691056910568,4826,4877,93,0,4784,4849,127753,43,1,0,42,28
2020-10-29,US,Arkansas,Sevier,1371,16,0,33.99780401,-94.2424869,5133.0,8061.38648791674,1.1670313639679066,1355,1362,16,0,1346,1351,17139,9,0,0,9,11
2020-10-29,US,Arkansas,Sharp,373,10,0,36.16258158,-91.47819342,5135.0,2138.516225203532,2.680965147453083,363,365,10,0,355,361,17366,8,0,0,8,4
2020-10-29,US,Arkansas,St. Francis,1774,10,0,35.02201976,-90.74828138,5123.0,7097.703448827719,0.5636978579481398,1764,1762,10,0,1752,1760,25439,12,0,0,12,2
2020-10-29,US,Arkansas,Stone,404,21,0,35.86251946,-92.15684085,5137.0,3230.4493842955376,5.198019801980198,383,404,21,0,383,401,12457,0,0,0,0,3
2020-10-29,US,Arkansas,Unassigned,2085,0,0,0.0,0.0,90005.0,0.0,0.0,2085,2095,0,0,2095,2098,,-10,0,0,-10,-3
2020-10-29,US,Arkansas,Union,1144,49,0,33.16887091,-92.59746952,5139.0,2957.4479085879743,4.283216783216783,1095,1130,49,0,1081,1122,39126,14,0,0,14,8
2020-10-29,US,Arkansas,Van Buren,212,3,0,35.58095779,-92.51295036,5141.0,1281.3538833484436,1.4150943396226414,209,211,3,0,208,210,16603,1,0,0,1,1
2020-10-29,US,Arkansas,Washington,11616,152,0,35.976844,-94.21800746,5143.0,4856.451228536668,1.3085399449035813,11464,11522,151,0,11371,11468,236961,94,1,0,93,54
2020-10-29,US,Arkansas,White,1516,33,0,35.25688493,-91.74908296,5145.0,1925.00603151626,2.1767810026385224,1483,1493,33,0,1460,1478,78727,23,0,0,23,15
2020-10-29,US,Arkansas,Woodruff,126,0,0,35.18902527,-91.2439489,5147.0,1993.6708860759495,0.0,126,124,0,0,124,120,6490,2,0,0,2,4
2020-10-29,US,Arkansas,Yell,1347,31,0,35.00292371,-93.41171338,5149.0,6311.794198959748,2.3014105419450632,1316,1345,31,0,1314,1341,21535,2,0,0,2,4
2020-10-29,US,California,Alameda,23636,463,0,37.64629437,-121.8929271,6001.0,1414.203905993374,1.958876290404468,23173,23576,462,0,23114,23471,1666753,60,1,0,59,105
2020-10-29,US,California,Alpine,4,0,0,38.59678594,-119.82235940000001,6003.0,354.29583702391494,0.0,4,3,0,0,3,3,1101,1,0,0,1,0
2020-10-29,US,California,Amador,337,16,0,38.44583082,-120.65696000000001,6005.0,847.7560877440129,4.747774480712166,321,335,16,0,319,331,39383,2,0,0,2,4
2020-10-29,US,California,Butte,3134,53,0,39.66727762,-121.6005252,6007.0,1429.8358471800207,1.6911295469049141,3081,3107,52,0,3055,3095,231256,27,1,0,26,12
2020-10-29,US,California,Calaveras,347,21,0,38.20537103,-120.55291299999999,6009.0,755.9089423810042,6.051873198847263,326,347,21,0,326,342,45602,0,0,0,0,5
2020-10-29,US,California,Colusa,553,6,0,39.17881957,-122.2331726,6011.0,2566.482572979997,1.08499095840868,547,553,6,0,547,551,21627,0,0,0,0,2
2020-10-29,US,California,Contra Costa,18877,243,0,37.91923498,-121.9289527,6013.0,1636.4607299705426,1.2872808179265771,18634,18817,243,0,18574,18763,1150215,60,0,0,60,54
2020-10-29,US,California,Del Norte,180,1,0,41.74228275,-123.89740630000001,6015.0,647.2026463397094,0.5555555555555556,179,180,1,0,179,180,27828,0,0,0,0,0
2020-10-29,US,California,El Dorado,1368,4,0,38.77965956,-120.5233166,6017.0,709.385354926028,0.29239766081871343,1364,1361,4,0,1357,1351,190678,7,0,0,7,10
2020-10-29,US,California,Fresno,31195,439,0,36.75733899,-119.6466953,6019.0,3122.3069539516027,1.407276807180638,30756,31096,439,0,30657,30969,994400,99,0,0,99,127
2020-10-29,US,California,Glenn,679,3,0,39.59875897,-122.3938452,6021.0,2391.434508505617,0.4418262150220913,676,678,3,0,675,671,28047,1,0,0,1,7
2020-10-29,US,California,Humboldt,569,10,0,40.69923009,-123.876044,6023.0,419.7465291609497,1.7574692442882252,559,568,10,0,558,568,136373,1,0,0,1,0
2020-10-29,US,California,Imperial,13023,338,0,33.0393082,-115.36690420000001,6025.0,7186.491184504594,2.595408124088152,12685,12983,336,0,12647,12967,181827,40,2,0,38,16
2020-10-29,US,California,Inyo,240,15,0,36.51112084,-117.41119779999998,6027.0,1330.4506901712955,6.25,225,234,15,0,219,231,17987,6,0,0,6,3
2020-10-29,US,California,Kern,34114,420,0,35.34329425,-118.72777959999999,6029.0,3789.5938911488756,1.2311660901682593,33694,34027,420,0,33607,33928,896764,87,0,0,87,99
2020-10-29,US,California,Kings,8486,83,0,36.07409056,-119.8159973,6031.0,5548.581142931866,0.9780815460758896,8403,8411,83,0,8328,8264,151366,75,0,0,75,147
2020-10-29,US,California,Lake,702,16,0,39.10124298,-122.75362439999999,6033.0,1090.299133351971,2.2792022792022792,686,700,16,0,684,698,64382,2,0,0,2,2
2020-10-29,US,California,Lassen,771,1,0,40.67311306,-120.59350990000002,6035.0,2521.832989893043,0.1297016861219196,770,766,1,0,765,766,30802,5,0,0,5,0
2020-10-29,US,California,Los Angeles,305070,7044,0,34.30828379,-118.22824109999999,6037.0,3038.8161018704154,2.3089782672829187,298026,303369,7040,0,296329,302077,10105518,1701,4,0,1697,1292
2020-10-29,US,California,Madera,5066,76,0,37.21513971,-119.76655890000002,6039.0,3220.0448746877532,1.5001973943939992,4990,5057,76,0,4981,5037,157672,9,0,0,9,20
2020-10-29,US,California,Marin,7107,127,0,38.07122463,-122.72106310000001,6041.0,2745.8601531530835,1.786970592373716,6980,7099,127,0,6972,7096,259666,8,0,0,8,3
2020-10-29,US,California,Mariposa,81,2,0,37.57978556,-119.9073334,6043.0,470.8481078881591,2.469135802469136,79,80,2,0,78,79,17471,1,0,0,1,1
2020-10-29,US,California,Mendocino,1154,21,0,39.4381191,-123.39113130000001,6045.0,1330.2747005729173,1.8197573656845756,1133,1142,21,0,1121,1136,87606,12,0,0,12,6
2020-10-29,US,California,Merced,9588,155,0,37.18922369,-120.72090349999999,6047.0,3452.8954191875537,1.616604088443888,9433,9572,155,0,9417,9531,274765,16,0,0,16,41
2020-10-29,US,California,Modoc,45,0,0,41.58965602,-120.7244817,6049.0,508.99219545300315,0.0,45,43,0,0,43,36,8777,2,0,0,2,7
2020-10-29,US,California,Mono,182,2,0,37.93899289,-118.8872409,6051.0,1260.0387704237053,1.0989010989010992,180,180,2,0,178,180,14250,2,0,0,2,0
2020-10-29,US,California,Monterey,11538,92,0,36.21862405,-121.24133970000001,6053.0,2658.1517344336394,0.7973652279424509,11446,11472,91,0,11381,11419,435594,66,1,0,65,53
2020-10-29,US,California,Napa,1998,16,0,38.50735751,-122.33283899999999,6055.0,1450.5169009176443,0.8008008008008008,1982,1979,16,0,1963,1966,139417,19,0,0,19,13
2020-10-29,US,California,Nevada,632,8,0,39.30394768,-120.76272809999999,6057.0,633.5522028970978,1.2658227848101269,624,628,8,0,620,623,99696,4,0,0,4,5
2020-10-29,US,California,Orange,59442,1468,0,33.70147516,-117.76459979999998,6059.0,1871.7810165469448,2.4696342653342755,57974,59213,1467,0,57746,58980,3185968,229,1,0,228,233
2020-10-29,US,California,Placer,4290,59,0,39.06167234,-120.72405690000001,6061.0,1076.999164007642,1.3752913752913754,4231,4248,57,0,4191,4207,393149,42,2,0,40,41
2020-10-29,US,California,Plumas,76,0,0,40.00355989,-120.8395236,6063.0,404.104854575424,0.0,76,73,0,0,73,70,18804,3,0,0,3,3
2020-10-29,US,California,Riverside,67552,1306,0,33.74314981,-115.9933578,6065.0,2734.2943624607683,1.9333254381809568,66246,67299,1305,0,65994,66993,2450758,253,1,0,252,306
2020-10-29,US,California,Sacramento,25882,499,0,38.45106826,-121.34253740000001,6067.0,1667.5923193591987,1.9279808361023103,25383,25750,496,0,25254,25601,1540975,132,3,0,129,149
2020-10-29,US,California,San Benito,1449,15,0,36.60308176,-121.069975,6069.0,2307.030951471151,1.0351966873706004,1434,1444,15,0,1429,1442,61537,5,0,0,5,2
2020-10-29,US,California,San Bernardino,64131,1073,0,34.84060306,-116.1774685,6071.0,2941.674292516117,1.6731377960736618,63058,63850,1073,0,62777,63367,2171603,281,0,0,281,483
2020-10-29,US,California,San Diego,55898,885,0,33.03484597,-116.73653259999999,6073.0,1674.4300293859505,1.583240903073455,55013,55540,881,0,54659,55210,3343364,358,4,0,354,330
2020-10-29,US,California,San Francisco,12277,145,0,37.75215114,-122.43856720000001,6075.0,1392.662234317094,1.181070294045777,12132,12241,145,0,12096,12189,883305,36,0,0,36,52
2020-10-29,US,California,San Joaquin,21988,492,0,37.93433732,-121.2730061,6077.0,2885.003962484976,2.237584136801892,21496,21906,490,0,21416,21729,752660,82,2,0,80,177
2020-10-29,US,California,San Luis Obispo,4240,32,0,35.38822029,-120.4039028,6079.0,1497.645799704003,0.7547169811320755,4208,4191,32,0,4159,4174,284010,49,0,0,49,17
2020-10-29,US,California,San Mateo,11278,159,0,37.422880799999994,-122.32755459999998,6081.0,1471.2232233590278,1.4098244369569073,11119,11232,159,0,11073,11198,769545,46,0,0,46,34
2020-10-29,US,California,Santa Barbara,9886,126,0,34.65329488,-120.0188492,6083.0,2214.1147012647284,1.2745296378717381,9760,9874,126,0,9748,9827,446527,12,0,0,12,47
2020-10-29,US,California,Santa Clara,24665,404,0,37.23104908,-121.6970462,6085.0,1279.403190701361,1.6379485100344615,24261,24558,402,0,24156,24425,1937570,107,2,0,105,133
2020-10-29,US,California,Santa Cruz,2848,25,0,37.05580291,-122.0066524,6087.0,1042.410134217625,0.8778089887640449,2823,2821,25,0,2796,2808,274255,27,0,0,27,13
2020-10-29,US,California,Shasta,1999,31,0,40.76391419,-122.0396884,6089.0,1110.0621945801863,1.5507753876938468,1968,1962,31,0,1931,1954,180040,37,0,0,37,8
2020-10-29,US,California,Sierra,6,0,0,39.57713498,-120.52007009999998,6091.0,199.6672212978369,0.0,6,6,0,0,6,6,2987,0,0,0,0,0
2020-10-29,US,California,Siskiyou,214,0,0,41.59198861,-122.54074340000001,6093.0,491.5133558418889,0.0,214,205,0,0,205,205,43724,9,0,0,9,0
2020-10-29,US,California,Solano,7586,76,0,38.26827353,-121.9357113,6095.0,1694.6539988338925,1.0018455048774058,7510,7480,76,0,7404,7445,446610,106,0,0,106,35
2020-10-29,US,California,Sonoma,9601,136,0,38.52746429,-122.88625060000001,6097.0,1942.2012558259967,1.4165191125924383,9465,9569,136,0,9433,9494,499942,32,0,0,32,75
2020-10-29,US,California,Stanislaus,17814,400,0,37.55862499,-120.9970722,6099.0,3235.027058438964,2.2454249466711573,17414,17760,399,0,17361,17714,549815,54,1,0,53,46
2020-10-29,US,California,Sutter,1889,12,0,39.03417539,-121.6945899,6101.0,1948.0050736818225,0.6352567496029645,1877,1878,12,0,1866,1865,96807,11,0,0,11,13
2020-10-29,US,California,Tehama,921,9,0,40.12570935,-122.23701709999999,6103.0,1415.0943396226417,0.977198697068404,912,913,9,0,904,892,63916,8,0,0,8,21
2020-10-29,US,California,Trinity,28,0,0,40.64917670000001,-123.114713,6105.0,227.9202279202279,0.0,28,28,0,0,28,27,12535,0,0,0,0,1
2020-10-29,US,California,Tulare,17730,291,0,36.22026558,-118.8020203,6107.0,3803.1295916944628,1.6412859560067683,17439,17678,288,0,17390,17590,465861,52,3,0,49,88
2020-10-29,US,California,Tuolumne,285,5,0,38.02644018,-119.95250929999999,6109.0,523.1469584052278,1.7543859649122806,280,279,4,0,275,275,54539,6,1,0,5,4
2020-10-29,US,California,Ventura,14409,166,0,34.44465746,-119.09106129999999,6111.0,1703.1794100751058,1.152057741689222,14243,14347,165,0,14182,14330,850967,62,1,0,61,17
2020-10-29,US,California,Yolo,3250,60,0,38.68278902,-121.90182879999999,6113.0,1473.922902494331,1.8461538461538465,3190,3234,60,0,3174,3219,220408,16,0,0,16,15
2020-10-29,US,California,Yuba,1338,10,0,39.26255932,-121.35356440000001,6115.0,1700.8186301927085,0.7473841554559043,1328,1334,10,0,1324,1323,78041,4,0,0,4,11
2020-10-29,US,Colorado,Adams,14411,261,0,39.87432092,-104.3362578,8001.0,2785.159473620128,1.8111165082228853,14150,14173,260,0,13913,13945,511868,238,1,0,237,228
2020-10-29,US,Colorado,Alamosa,327,9,0,37.57250606,-105.7885451,8003.0,2014.4150803917944,2.7522935779816518,318,316,9,0,307,307,16683,11,0,0,11,9
2020-10-29,US,Colorado,Arapahoe,13050,384,0,39.64977461,-104.3353617,8005.0,1987.541692684933,2.9425287356321834,12666,12810,382,0,12428,12654,651215,240,2,0,238,156
2020-10-29,US,Colorado,Archuleta,68,0,0,37.19474156,-107.04768670000001,8007.0,484.7102430679306,0.0,68,67,0,0,67,67,13765,1,0,0,1,0
2020-10-29,US,Colorado,Baca,32,0,0,37.31940883,-102.5603223,8009.0,893.6051382295447,0.0,32,31,0,0,31,31,3585,1,0,0,1,0
2020-10-29,US,Colorado,Bent,16,0,0,37.95474293,-103.0720195,8011.0,286.89259458490227,0.0,16,14,0,0,14,14,5882,2,0,0,2,0
2020-10-29,US,Colorado,Boulder,5660,85,0,40.09313619,-105.3546767,8013.0,1735.1530981373162,1.5017667844522968,5575,5651,85,0,5566,5501,326078,9,0,0,9,150
2020-10-29,US,Colorado,Broomfield,997,42,0,39.95998787,-105.0566324,8014.0,1414.886823245583,4.212637913741224,955,985,42,0,943,947,69267,12,0,0,12,38
2020-10-29,US,Colorado,Chaffee,417,20,0,38.74745778,-106.19265729999998,8015.0,2048.5360581646687,4.796163069544366,397,402,20,0,382,394,20027,15,0,0,15,8
2020-10-29,US,Colorado,Cheyenne,15,0,0,38.82777431,-102.6032558,8017.0,819.2244675040961,0.0,15,15,0,0,15,15,1876,0,0,0,0,0
2020-10-29,US,Colorado,Clear Creek,74,1,0,39.68864463,-105.6463118,8019.0,762.8865979381442,1.351351351351351,73,75,1,0,74,71,9605,-1,0,0,-1,4
2020-10-29,US,Colorado,Conejos,69,0,0,37.201606,-106.19174879999998,8021.0,840.9506398537477,0.0,69,66,0,0,66,66,8200,3,0,0,3,0
2020-10-29,US,Colorado,Costilla,36,1,0,37.27732493,-105.4276548,8023.0,926.164136866478,2.7777777777777777,35,36,1,0,35,36,3828,0,0,0,0,0
2020-10-29,US,Colorado,Crowley,95,1,0,38.32608609,-103.7844965,8025.0,1567.3981191222574,1.0526315789473684,94,92,1,0,91,91,5858,3,0,0,3,1
2020-10-29,US,Colorado,Custer,22,0,0,38.10883162,-105.3683478,8027.0,434.09629044988156,0.0,22,21,0,0,21,21,4954,1,0,0,1,0
2020-10-29,US,Colorado,Delta,211,3,0,38.86246243,-107.86313419999999,8029.0,677.1067325588857,1.4218009478672986,208,205,3,0,202,203,30953,6,0,0,6,2
2020-10-29,US,Colorado,Denver,18539,450,0,39.76018276,-104.87256950000001,8031.0,2549.328874288205,2.427315389179568,18089,18256,450,0,17806,18037,716492,283,0,0,283,219
2020-10-29,US,Colorado,Dolores,3,0,0,37.75208676,-108.5211585,8033.0,145.98540145985402,0.0,3,3,0,0,3,3,2074,0,0,0,0,0
2020-10-29,US,Colorado,Douglas,4094,65,0,39.33133796,-104.930001,8035.0,1165.870244963748,1.5876893014167073,4029,4008,64,0,3944,3943,342776,86,1,0,85,65
2020-10-29,US,Colorado,Eagle,1465,10,0,39.62754308,-106.6933637,8037.0,2657.499954650172,0.6825938566552902,1455,1447,10,0,1437,1428,54993,18,0,0,18,19
2020-10-29,US,Colorado,El Paso,10411,202,0,38.83240149,-104.5251411,8041.0,1445.1633321904544,1.9402554989914516,10209,10159,198,0,9961,10056,713856,252,4,0,248,103
2020-10-29,US,Colorado,Elbert,226,3,0,39.28656773,-104.13587209999999,8039.0,845.5235886116202,1.327433628318584,223,224,3,0,221,219,26282,2,0,0,2,5
2020-10-29,US,Colorado,Fremont,695,2,0,38.47362326,-105.43996670000001,8043.0,1452.7895649992686,0.28776978417266186,693,679,2,0,677,673,48021,16,0,0,16,6
2020-10-29,US,Colorado,Garfield,1202,5,0,39.59921777,-107.902708,8045.0,2001.2986796756632,0.41597337770382703,1197,1187,5,0,1182,1163,59770,15,0,0,15,24
2020-10-29,US,Colorado,Gilpin,29,0,0,39.85646523,-105.5252597,8047.0,464.5202626942176,0.0,29,28,0,0,28,28,6121,1,0,0,1,0
2020-10-29,US,Colorado,Grand,153,1,0,40.10603347,-106.11780420000001,8049.0,972.4164230329224,0.6535947712418301,152,153,1,0,152,153,15525,0,0,0,0,0
2020-10-29,US,Colorado,Gunnison,310,7,0,38.66611652,-107.0320729,8051.0,1775.2834726835415,2.2580645161290325,303,307,7,0,300,306,17246,3,0,0,3,1
2020-10-29,US,Colorado,Hinsdale,3,0,0,37.82247444,-107.3004345,8053.0,365.8536585365854,0.0,3,3,0,0,3,3,811,0,0,0,0,0
2020-10-29,US,Colorado,Huerfano,33,2,0,37.68473101,-104.9612585,8055.0,478.4688995215312,6.0606060606060606,31,33,2,0,31,33,6889,0,0,0,0,0
2020-10-29,US,Colorado,Jackson,9,0,0,40.66593870000001,-106.3408905,8057.0,646.5517241379309,0.0,9,9,0,0,9,9,1399,0,0,0,0,0
2020-10-29,US,Colorado,Jefferson,8783,314,0,39.58635604,-105.2517692,8059.0,1506.8255784628425,3.5750882386428326,8469,8608,311,0,8297,8464,580233,175,3,0,172,144
2020-10-29,US,Colorado,Kiowa,4,0,0,38.43260896,-102.7392145,8061.0,284.4950213371266,0.0,4,4,0,0,4,4,1383,0,0,0,0,0
2020-10-29,US,Colorado,Kit Carson,135,3,0,39.30497777,-102.60221990000001,8063.0,1902.2122023390168,2.2222222222222223,132,132,3,0,129,131,7163,3,0,0,3,1
2020-10-29,US,Colorado,La Plata,375,2,0,37.28632032,-107.8429014,8067.0,667.010547660127,0.5333333333333333,373,364,2,0,362,364,56310,11,0,0,11,0
2020-10-29,US,Colorado,Lake,135,0,0,39.20278823,-106.35556969999999,8065.0,1661.1295681063125,0.0,135,133,0,0,133,133,7824,2,0,0,2,0
2020-10-29,US,Colorado,Larimer,4183,57,0,40.66671597,-105.4625784,8069.0,1172.0402690957385,1.3626583791537177,4126,4105,57,0,4048,4071,350518,78,0,0,78,34
2020-10-29,US,Colorado,Las Animas,79,1,0,37.3153406,-104.03764579999999,8071.0,544.6022335585275,1.2658227848101269,78,74,1,0,73,70,14503,5,0,0,5,4
2020-10-29,US,Colorado,Lincoln,25,0,0,38.98749519,-103.51366490000001,8073.0,438.5195579722856,0.0,25,25,0,0,25,25,5610,0,0,0,0,0
2020-10-29,US,Colorado,Logan,1258,13,0,40.7249637,-103.110817,8075.0,5613.815877549199,1.0333863275039743,1245,1233,12,0,1221,1223,21528,25,1,0,24,10
2020-10-29,US,Colorado,Mesa,1504,15,0,39.01787888,-108.469799,8077.0,975.2934310356007,0.9973404255319148,1489,1470,13,0,1457,1419,153207,34,2,0,32,51
2020-10-29,US,Colorado,Mineral,21,0,0,37.66954283,-106.92816979999999,8079.0,2730.8192457737327,0.0,21,21,0,0,21,21,776,0,0,0,0,0
2020-10-29,US,Colorado,Moffat,70,1,0,40.61810999,-108.2070876,8081.0,526.9893849281036,1.4285714285714286,69,68,1,0,67,64,13188,2,0,0,2,4
2020-10-29,US,Colorado,Montezuma,215,5,0,37.33859579,-108.59588570000001,8083.0,821.1434900507962,2.3255813953488373,210,212,5,0,207,211,26158,3,0,0,3,1
2020-10-29,US,Colorado,Montrose,477,13,0,38.40214114,-108.26390220000002,8085.0,1115.5807100425652,2.7253668763102725,464,470,13,0,457,470,42214,7,0,0,7,0
2020-10-29,US,Colorado,Morgan,879,48,0,40.26279810000001,-103.8093302,8087.0,3023.943855786432,5.460750853242321,831,864,48,0,816,856,28558,15,0,0,15,8
2020-10-29,US,Colorado,Otero,158,7,0,37.9014485,-103.7173385,8089.0,864.4271802166539,4.4303797468354436,151,148,6,0,142,139,18432,10,1,0,9,9
2020-10-29,US,Colorado,Ouray,39,2,0,38.14717457,-107.7675136,8091.0,787.5605815831987,5.128205128205129,37,38,2,0,36,36,4833,1,0,0,1,2
2020-10-29,US,Colorado,Park,101,1,0,39.120926000000004,-105.7182065,8093.0,535.9511806845317,0.99009900990099,100,96,1,0,95,95,18556,5,0,0,5,1
2020-10-29,US,Colorado,Phillips,56,0,0,40.59414277,-102.3577703,8095.0,1313.012895662368,0.0,56,55,0,0,55,50,4286,1,0,0,1,5
2020-10-29,US,Colorado,Pitkin,288,2,0,39.21720112,-106.9310027,8097.0,1620.9827207744695,0.6944444444444444,286,291,2,0,289,287,17950,-3,0,0,-3,4
2020-10-29,US,Colorado,Prowers,189,4,0,37.95544985,-102.3926052,8099.0,1552.7440026289844,2.1164021164021163,185,182,3,0,179,175,12164,7,1,0,6,7
2020-10-29,US,Colorado,Pueblo,2141,44,0,38.17359144,-104.5127437,8101.0,1271.196504061179,2.0551144325081743,2097,2096,41,0,2055,2047,167529,45,3,0,42,49
2020-10-29,US,Colorado,Rio Blanco,29,0,0,39.97913541,-108.2179009,8103.0,458.57052498418716,0.0,29,29,0,0,29,28,6336,0,0,0,0,1
2020-10-29,US,Colorado,Rio Grande,124,3,0,37.5836865,-106.3847838,8105.0,1100.5591550545842,2.419354838709677,121,122,3,0,119,122,11250,2,0,0,2,0
2020-10-29,US,Colorado,Routt,219,8,0,40.48596505,-106.9905548,8107.0,854.2007956938919,3.6529680365296797,211,215,8,0,207,211,25733,4,0,0,4,4
2020-10-29,US,Colorado,Saguache,142,2,0,38.08054629,-106.28246599999999,8109.0,2080.8909730363425,1.4084507042253518,140,137,2,0,135,135,6843,5,0,0,5,2
2020-10-29,US,Colorado,San Juan,7,0,0,37.76248981,-107.67632890000002,8111.0,961.5384615384617,0.0,7,7,0,0,7,7,762,0,0,0,0,0
2020-10-29,US,Colorado,San Miguel,104,0,0,38.00450883,-108.4020725,8113.0,1271.5490891307006,0.0,104,104,0,0,104,102,8191,0,0,0,0,2
2020-10-29,US,Colorado,Sedgwick,41,1,0,40.87595412,-102.3519227,8115.0,1823.8434163701068,2.4390243902439024,40,40,1,0,39,40,2303,1,0,0,1,0
2020-10-29,US,Colorado,Summit,730,4,0,39.63803232,-106.1150762,8117.0,2354.0034181419496,0.547945205479452,726,718,4,0,714,695,31007,12,0,0,12,23
2020-10-29,US,Colorado,Teller,232,4,0,38.88133511,-105.16148929999999,8119.0,913.8175515991808,1.7241379310344829,228,227,4,0,223,223,25083,5,0,0,5,4
2020-10-29,US,Colorado,Washington,102,0,0,39.97015535,-103.202587,8121.0,2078.239608801956,0.0,102,102,0,0,102,96,4909,0,0,0,0,6
2020-10-29,US,Colorado,Weld,6255,159,0,40.55499405,-104.39296209999999,8123.0,1927.628416108872,2.5419664268585134,6096,6122,159,0,5963,6065,314305,133,0,0,133,57
2020-10-29,US,Colorado,Yuma,219,1,0,40.00346839,-102.4258673,8125.0,2185.846890907276,0.45662100456620996,218,218,1,0,217,214,10020,1,0,0,1,4
2020-10-29,US,Connecticut,Fairfield,23895,1435,0,41.26809896,-73.3881171,9001.0,2533.042449529964,6.005440468717304,22460,23280,1435,0,21845,23090,943823,615,0,0,615,190
2020-10-29,US,Connecticut,Hartford,17995,1479,0,41.80283011,-72.73103891,9003.0,2018.0101377113888,8.218949708252293,16516,17783,1474,0,16309,17672,892697,212,5,0,207,111
2020-10-29,US,Connecticut,Litchfield,2279,143,0,41.7937534,-73.2451475,9005.0,1263.7731308190955,6.274681878016674,2136,2228,143,0,2085,2209,181111,51,0,0,51,19
2020-10-29,US,Connecticut,Middlesex,1992,197,0,41.45949668,-72.53714864,9007.0,1226.3291388608436,9.889558232931726,1795,1965,197,0,1768,1957,162682,27,0,0,27,8
2020-10-29,US,Connecticut,New Haven,17156,1128,0,41.408032500000004,-72.93620426,9009.0,2007.120152277197,6.57495919794824,16028,16837,1128,0,15709,16715,857620,319,0,0,319,122
2020-10-29,US,Connecticut,New London,3765,140,0,41.48896435,-72.10430976,9011.0,1419.6511391144998,3.718459495351925,3625,3715,140,0,3575,3695,266784,50,0,0,50,20
2020-10-29,US,Connecticut,Tolland,1764,68,0,41.85853803,-72.3308481,9013.0,1170.374400382163,3.8548752834467117,1696,1750,68,0,1682,1738,150921,14,0,0,14,12
2020-10-29,US,Connecticut,Unassigned,155,0,0,0.0,0.0,90009.0,0.0,0.0,155,150,0,0,150,153,,5,0,0,5,-3
2020-10-29,US,Connecticut,Windham,1445,19,0,41.82972709,-71.98182316,9015.0,1237.3482214724872,1.314878892733564,1426,1419,19,0,1400,1408,117027,26,0,0,26,11
2020-10-29,US,Delaware,Kent,3505,120,0,39.08646628,-75.56884914,10001.0,1938.7563196265198,3.4236804564907275,3385,3481,120,0,3361,3462,178550,24,0,0,24,19
2020-10-29,US,Delaware,New Castle,12989,341,0,39.57992638,-75.64054974,10003.0,2324.6407625551897,2.6252983293556085,12648,12895,340,0,12555,12814,559335,94,1,0,93,81
2020-10-29,US,Delaware,Sussex,7968,228,0,38.66143781,-75.39031349,10005.0,3401.8571886007044,2.8614457831325297,7740,7925,228,0,7697,7882,229286,43,0,0,43,43
2020-10-29,US,Delaware,Unassigned,91,0,0,0.0,0.0,90010.0,0.0,0.0,91,91,0,0,91,91,,0,0,0,0,0
2020-10-29,US,District of Columbia,District of Columbia,17074,645,0,38.90417773,-77.01655992,11001.0,2419.273707791297,3.7776736558510016,16429,16973,644,0,16329,16906,702455,101,1,0,100,67
2020-10-29,US,Florida,Alachua,10385,75,0,29.67866525,-82.35928158,12001.0,3859.9777730697333,0.7221954742416947,10310,10296,74,0,10222,10196,269956,89,1,0,88,100
2020-10-29,US,Florida,Baker,1783,23,0,30.33060121,-82.28467476,12003.0,6104.073947278329,1.2899607403252944,1760,1771,19,0,1752,1758,28355,12,4,0,8,13
2020-10-29,US,Florida,Bay,6801,134,0,30.26548745,-85.62122584,12005.0,3892.8479436764833,1.970298485516836,6667,6780,133,0,6647,6724,185287,21,1,0,20,56
2020-10-29,US,Florida,Bradford,1238,15,0,29.95079741,-82.16611613,12007.0,4389.915251232226,1.2116316639741518,1223,1233,15,0,1218,1225,27732,5,0,0,5,8
2020-10-29,US,Florida,Brevard,11502,370,0,28.29409504,-80.73091022,12009.0,1910.8153277226045,3.216831855329508,11132,11318,368,0,10950,11249,596849,184,2,0,182,69
2020-10-29,US,Florida,Broward,85449,1522,0,26.15184651,-80.48725556,12011.0,4375.766216129023,1.7811794169621646,83927,84983,1520,0,83463,84338,1951260,466,2,0,464,645
2020-10-29,US,Florida,Calhoun,718,14,0,30.40666734,-85.19394153,12013.0,5090.393477490252,1.9498607242339836,704,709,14,0,695,707,14587,9,0,0,9,2
2020-10-29,US,Florida,Charlotte,3638,157,0,26.90131002,-81.92949121,12015.0,1925.7847652321207,4.315557998900495,3481,3611,157,0,3454,3588,184998,27,0,0,27,23
2020-10-29,US,Florida,Citrus,3224,134,0,28.84804315,-82.47614748,12017.0,2154.259406509552,4.156327543424316,3090,3210,131,0,3079,3195,147929,14,3,0,11,15
2020-10-29,US,Florida,Clay,6083,127,0,29.98319144,-81.85609986,12019.0,2774.433072446317,2.087785632089429,5956,6032,126,0,5906,5993,216072,51,1,0,50,39
2020-10-29,US,Florida,Collier,14404,255,0,26.11091986,-81.34687065,12021.0,3742.251274350354,1.770341571785615,14149,14326,255,0,14071,14247,378488,78,0,0,78,79
2020-10-29,US,Florida,Columbia,4255,78,0,30.22509788,-82.62160164,12023.0,5935.60806852105,1.8331374853113984,4177,4240,81,0,4159,4235,70503,15,-3,0,18,5
2020-10-29,US,Florida,DeSoto,1670,29,0,27.18677893,-81.80941373,12027.0,4394.621194179101,1.7365269461077844,1641,1666,29,0,1637,1662,37489,4,0,0,4,4
2020-10-29,US,Florida,Dixie,901,11,0,29.60631086,-83.15724673,12029.0,5354.808035183643,1.2208657047724751,890,891,11,0,880,887,16700,10,0,0,10,4
2020-10-29,US,Florida,Duval,34963,515,0,30.33225875,-81.66976468,12031.0,3650.516050555727,1.472985727769356,34448,34727,515,0,34212,34619,950181,236,0,0,236,108
2020-10-29,US,Florida,Escambia,13517,269,0,30.67652764,-87.37284571,12033.0,4246.409228565325,1.9900865576681217,13248,13445,269,0,13176,13375,315534,72,0,0,72,70
2020-10-29,US,Florida,Flagler,2117,38,0,29.45933576,-81.31508595,12035.0,1839.5738653643955,1.7949929145016532,2079,2115,38,0,2077,2103,112067,2,0,0,2,12
2020-10-29,US,Florida,Franklin,771,4,0,29.83791238,-84.82731662,12037.0,6358.7628865979395,0.5188067444876784,767,764,4,0,760,759,11736,7,0,0,7,5
2020-10-29,US,Florida,Gadsden,3064,56,0,30.57796289,-84.61915825,12039.0,6710.46868155935,1.827676240208877,3008,3060,56,0,3004,3058,45894,4,0,0,4,2
2020-10-29,US,Florida,Gilchrist,607,18,0,29.72856978,-82.79880657,12041.0,3266.6020880421916,2.9654036243822075,589,603,18,0,585,603,18256,4,0,0,4,0
2020-10-29,US,Florida,Glades,606,6,0,26.95635849,-81.18996211,12043.0,4387.806820650207,0.99009900990099,600,601,6,0,595,599,13724,5,0,0,5,2
2020-10-29,US,Florida,Gulf,939,15,0,29.93543004,-85.24270990000002,12045.0,6884.668964000293,1.597444089456869,924,938,15,0,923,937,16164,1,0,0,1,1
2020-10-29,US,Florida,Hamilton,904,10,0,30.49673973,-82.94998918,12047.0,6265.59467701691,1.106194690265487,894,903,11,0,892,901,14310,1,-1,0,2,2
2020-10-29,US,Florida,Hardee,1606,16,0,27.49293939,-81.80956574,12049.0,5962.059620596206,0.99626400996264,1590,1596,16,0,1580,1584,27245,10,0,0,10,12
2020-10-29,US,Florida,Hendry,2223,44,0,26.55386945,-81.16469006,12051.0,5290.086145352435,1.9793072424651368,2179,2209,43,0,2166,2202,41556,14,1,0,13,7
2020-10-29,US,Florida,Hernando,3715,173,0,28.55364461,-82.42700204,12053.0,1915.7384488448847,4.656796769851952,3542,3678,170,0,3508,3653,190865,37,3,0,34,25
2020-10-29,US,Florida,Highlands,2652,114,0,27.34254618,-81.34071957,12055.0,2496.681447171464,4.298642533936651,2538,2633,114,0,2519,2602,105424,19,0,0,19,31
2020-10-29,US,Florida,Hillsborough,47800,798,0,27.9276559,-82.32013172,12057.0,3247.3532033305073,1.6694560669456069,47002,47596,782,0,46814,47371,1436888,204,16,0,188,225
2020-10-29,US,Florida,Holmes,914,12,0,30.86747479,-85.81319222,12059.0,4659.224142325534,1.312910284463895,902,907,12,0,895,889,19477,7,0,0,7,18
2020-10-29,US,Florida,Indian River,3847,125,0,27.69308961,-80.60556721,12061.0,2405.532662593873,3.2492851572654016,3722,3803,125,0,3678,3764,157413,44,0,0,44,39
2020-10-29,US,Florida,Jackson,3124,84,0,30.795459700000002,-85.21500423,12063.0,6730.727797647262,2.6888604353393086,3040,3123,84,0,3039,3108,48305,1,0,0,1,15
2020-10-29,US,Florida,Jefferson,672,9,0,30.43669112,-83.89442308,12065.0,4717.113575740559,1.3392857142857142,663,665,9,0,656,665,14288,7,0,0,7,0
2020-10-29,US,Florida,Lafayette,1278,16,0,29.98484137,-83.18166636,12067.0,15174.542863927807,1.2519561815336464,1262,1276,16,0,1260,1275,8732,2,0,0,2,1
2020-10-29,US,Florida,Lake,8613,228,0,28.76202069,-81.7125123,12069.0,2346.112149227224,2.6471612678509233,8385,8580,227,0,8353,8520,356495,33,1,0,32,60
2020-10-29,US,Florida,Lee,23335,513,0,26.58410348,-81.88399313,12071.0,3028.2502592213373,2.1984143989715017,22822,23195,510,0,22685,23058,754610,140,3,0,137,137
2020-10-29,US,Florida,Leon,12316,115,0,30.45955727,-84.27491114,12073.0,4195.080079841408,0.9337447223124392,12201,12246,115,0,12131,12137,292502,70,0,0,70,109
2020-10-29,US,Florida,Levy,1139,12,0,29.31829741,-82.74007147,12075.0,2744.3799243428184,1.0535557506584723,1127,1134,12,0,1122,1129,40770,5,0,0,5,5
2020-10-29,US,Florida,Liberty,534,11,0,30.23766008,-84.8829258,12077.0,6392.147474263826,2.059925093632959,523,534,11,0,523,534,8457,0,0,0,0,0
2020-10-29,US,Florida,Madison,1078,25,0,30.44396917,-83.47398594,12079.0,5829.232682636673,2.3191094619666046,1053,1076,24,0,1052,1075,18529,2,1,0,1,1
2020-10-29,US,Florida,Manatee,13258,330,0,27.47196942,-82.31831044,12081.0,3287.762273312288,2.489063207120229,12928,13175,330,0,12845,13114,394855,83,0,0,83,61
2020-10-29,US,Florida,Marion,10819,347,0,29.21227113,-82.05803627,12083.0,2959.4150648696996,3.2073204547555227,10472,10795,348,0,10447,10755,359977,24,-1,0,25,40
2020-10-29,US,Florida,Martin,5368,165,0,27.0772071,-80.43109784,12085.0,3334.1614906832287,3.0737704918032787,5203,5342,164,0,5178,5316,160912,26,1,0,25,26
2020-10-29,US,Florida,Miami-Dade,184669,3634,0,25.6112362,-80.55170587,12086.0,6796.948037130007,1.9678451716314052,181035,183996,3625,0,180371,183250,2761581,673,9,0,664,746
2020-10-29,US,Florida,Monroe,2269,25,0,25.20904673,-81.07812416,12087.0,3056.797973810422,1.1018069634200087,2244,2229,25,0,2204,2214,75027,40,0,0,40,15
2020-10-29,US,Florida,Nassau,2480,51,0,30.61037141,-81.80297522,12089.0,2798.3074753173482,2.0564516129032255,2429,2470,51,0,2419,2457,85832,10,0,0,10,13
2020-10-29,US,Florida,Okaloosa,6373,130,0,30.69143028,-86.59267105,12091.0,3024.13423302869,2.0398556409854067,6243,6308,130,0,6178,6244,207269,65,0,0,65,64
2020-10-29,US,Florida,Okeechobee,1736,38,0,27.386336199999995,-80.88944347,12093.0,4116.8658698539175,2.1889400921658986,1698,1735,38,0,1697,1731,41537,1,0,0,1,4
2020-10-29,US,Florida,Orange,45941,559,0,28.51367621,-81.31799498,12095.0,3296.9201666078197,1.2167780414009273,45382,45755,549,0,45206,45492,1380645,186,10,0,176,263
2020-10-29,US,Florida,Osceola,14203,202,0,28.06312234,-81.14882926,12097.0,3779.896793355174,1.4222347391396184,14001,14114,202,0,13912,14044,367990,89,0,0,89,70
2020-10-29,US,Florida,Palm Beach,51779,1580,0,26.64676272,-80.46536002,12099.0,3459.3825370631425,3.0514301164564785,50199,51415,1568,0,49847,51172,1485941,364,12,0,352,243
2020-10-29,US,Florida,Pasco,10826,243,0,28.30810945,-82.40227529,12101.0,1954.3385919591585,2.2445963421392943,10583,10781,238,0,10543,10717,539630,45,5,0,40,64
2020-10-29,US,Florida,Pinellas,25674,819,0,27.93130349,-82.72239666,12103.0,2633.241572273117,3.1899976630053755,24855,25534,818,0,24716,25414,975280,140,1,0,139,120
2020-10-29,US,Florida,Polk,22960,615,0,27.95027105,-81.69732947,12105.0,3167.870945132089,2.6785714285714284,22345,22852,615,0,22237,22762,708009,108,0,0,108,90
2020-10-29,US,Florida,Putnam,2386,50,0,29.60779729,-81.74230285,12107.0,3201.782048013312,2.095557418273261,2336,2374,50,0,2324,2362,74163,12,0,0,12,12
2020-10-29,US,Florida,Santa Rosa,5941,87,0,30.69341450000001,-87.02458128,12113.0,3223.3211981791837,1.4643999326712676,5854,5918,87,0,5831,5894,179349,23,0,0,23,24
2020-10-29,US,Florida,Sarasota,9657,340,0,27.18546175,-82.33174248,12115.0,2226.4387585246527,3.5207621414517964,9317,9567,338,0,9229,9517,426718,90,2,0,88,50
2020-10-29,US,Florida,Seminole,10239,241,0,28.7158582,-81.24060348,12117.0,2170.0796480058325,2.35374548295732,9998,10188,241,0,9947,10145,467832,51,0,0,51,43
2020-10-29,US,Florida,St. Johns,6506,80,0,29.90096506,-81.43589967,12109.0,2458.136863740781,1.2296341838303104,6426,6436,80,0,6356,6384,254261,70,0,0,70,52
2020-10-29,US,Florida,St. Lucie,9061,334,0,27.37763908,-80.47106649,12111.0,2760.0008528862586,3.6861273590111465,8727,9024,333,0,8691,8981,321128,37,1,0,36,43
2020-10-29,US,Florida,Sumter,2891,86,0,28.70181754,-82.0794267,12119.0,2183.204953934451,2.9747492217225875,2805,2882,87,0,2795,2869,128754,9,-1,0,10,13
2020-10-29,US,Florida,Suwannee,2999,77,0,30.19746066,-82.99099670000003,12121.0,6751.919310174032,2.5675225075025008,2922,2989,77,0,2912,2983,44191,10,0,0,10,6
2020-10-29,US,Florida,Taylor,1476,18,0,30.04848048,-83.60445406,12123.0,6843.154527330891,1.2195121951219512,1458,1464,16,0,1448,1459,21623,12,2,0,10,5
2020-10-29,US,Florida,Unassigned,1827,0,0,0.0,0.0,90012.0,0.0,0.0,1827,1835,0,0,1835,1856,,-8,0,0,-8,-21
2020-10-29,US,Florida,Union,1133,44,0,30.04412971,-82.37497443,12125.0,7435.846951499639,3.8834951456310685,1089,1129,43,0,1086,1126,14940,4,1,0,3,3
2020-10-29,US,Florida,Volusia,12755,318,0,29.05858895,-81.18263252,12127.0,2305.326017018385,2.493139945119561,12437,12670,318,0,12352,12589,547538,85,0,0,85,81
2020-10-29,US,Florida,Wakulla,1319,11,0,30.16548905,-84.39895211,12129.0,3909.422330240967,0.8339651250947687,1308,1317,11,0,1306,1312,32461,2,0,0,2,5
2020-10-29,US,Florida,Walton,2458,30,0,30.64204028,-86.16935664,12131.0,3318.4377151651793,1.2205044751830756,2428,2427,30,0,2397,2402,71375,31,0,0,31,25
2020-10-29,US,Florida,Washington,1236,24,0,30.61359259,-85.66002461,12133.0,4852.196443292898,1.9417475728155342,1212,1232,24,0,1208,1226,24880,4,0,0,4,6
2020-10-29,US,Georgia,Appling,1173,37,0,31.74847232,-82.28909114,13001.0,6379.854236919396,3.1543052003410064,1136,1163,37,0,1126,1159,18507,10,0,0,10,4
2020-10-29,US,Georgia,Atkinson,484,6,0,31.29633502,-82.87545866,13003.0,5927.740355174527,1.2396694214876034,478,483,6,0,477,482,8297,1,0,0,1,1
2020-10-29,US,Georgia,Bacon,638,16,0,31.55456473,-82.45936528,13005.0,5714.797563597275,2.5078369905956115,622,637,16,0,621,636,11185,1,0,0,1,1
2020-10-29,US,Georgia,Baker,92,6,0,31.32669878,-84.44218806,13007.0,3028.3080974325208,6.521739130434782,86,91,6,0,85,91,3092,1,0,0,1,0
2020-10-29,US,Georgia,Baldwin,2316,64,0,33.06882326,-83.24701748,13009.0,5159.278235687236,2.763385146804836,2252,2315,64,0,2251,2306,44823,1,0,0,1,9
2020-10-29,US,Georgia,Banks,558,8,0,34.35607081,-83.49644388,13011.0,2901.112613081002,1.4336917562724014,550,555,8,0,547,556,18988,3,0,0,3,-1
2020-10-29,US,Georgia,Barrow,2631,51,0,33.99148694,-83.71436292,13013.0,3160.740028832292,1.9384264538198404,2580,2616,51,0,2565,2602,80809,15,0,0,15,14
2020-10-29,US,Georgia,Bartow,3667,96,0,34.23732119,-84.83887523,13015.0,3403.627318123596,2.617943823288792,3571,3637,94,0,3543,3614,106408,30,2,0,28,23
2020-10-29,US,Georgia,Ben Hill,877,33,0,31.76095874,-83.22145359,13017.0,5251.497005988024,3.762827822120866,844,871,33,0,838,871,16787,6,0,0,6,0
2020-10-29,US,Georgia,Berrien,493,13,0,31.27590016,-83.22529920000002,13019.0,2541.630148992112,2.636916835699797,480,493,13,0,480,491,19252,0,0,0,0,2
2020-10-29,US,Georgia,Bibb,6632,198,0,32.80904227,-83.70489165,13021.0,4330.140572868719,2.985524728588661,6434,6618,197,0,6421,6604,153095,14,1,0,13,14
2020-10-29,US,Georgia,Bleckley,516,27,0,32.43829035,-83.33035166,13023.0,4008.3896527615934,5.232558139534883,489,514,27,0,487,511,12838,2,0,0,2,3
2020-10-29,US,Georgia,Brantley,463,13,0,31.19576557,-81.97743999,13025.0,2422.942069182061,2.8077753779697625,450,462,13,0,449,455,18897,1,0,0,1,7
2020-10-29,US,Georgia,Brooks,553,26,0,30.83922642,-83.58303423,13027.0,3577.667076405512,4.701627486437613,527,554,27,0,527,552,15513,-1,-1,0,0,2
2020-10-29,US,Georgia,Bryan,1321,16,0,32.00979311,-81.44002948,13029.0,3333.585686526863,1.2112036336109009,1305,1318,16,0,1302,1310,38109,3,0,0,3,8
2020-10-29,US,Georgia,Bulloch,3103,33,0,32.39577406,-81.74811421,13031.0,3897.849462365592,1.0634869481147278,3070,3093,33,0,3060,3089,77296,10,0,0,10,4
2020-10-29,US,Georgia,Burke,896,12,0,33.05917989,-81.99928721,13033.0,4003.0380199258366,1.3392857142857142,884,893,12,0,881,886,22423,3,0,0,3,7
2020-10-29,US,Georgia,Butts,746,44,0,33.283094500000004,-83.95435040000002,13035.0,2991.6586461341035,5.898123324396782,702,743,44,0,699,740,24193,3,0,0,3,3
2020-10-29,US,Georgia,Calhoun,272,9,0,31.53169785,-84.62725131,13037.0,4394.894167070609,3.3088235294117645,263,270,9,0,261,270,6352,2,0,0,2,0
2020-10-29,US,Georgia,Camden,1436,18,0,30.92951916,-81.66601818,13039.0,2626.8613031866244,1.2534818941504178,1418,1423,18,0,1405,1416,53677,13,0,0,13,7
2020-10-29,US,Georgia,Candler,546,25,0,32.40209349,-82.07702563,13043.0,5054.1516245487355,4.5787545787545785,521,546,25,0,521,545,10836,0,0,0,0,1
2020-10-29,US,Georgia,Carroll,3360,76,0,33.58138199,-85.07976677,13045.0,2800.186679111941,2.261904761904762,3284,3341,76,0,3265,3337,118121,19,0,0,19,4
2020-10-29,US,Georgia,Catoosa,1461,22,0,34.89872298,-85.13757014,13047.0,2161.8822136726844,1.5058179329226558,1439,1444,22,0,1422,1429,67420,17,0,0,17,15
2020-10-29,US,Georgia,Charlton,647,10,0,30.78371028,-82.13951596,13049.0,4831.2425328554355,1.545595054095827,637,647,10,0,637,646,12968,0,0,0,0,1
2020-10-29,US,Georgia,Chatham,9479,188,0,32.00043026,-81.12489526,13051.0,3275.0578723698304,1.9833315750606604,9291,9446,187,0,9259,9406,289195,33,1,0,32,40
2020-10-29,US,Georgia,Chattahoochee,1753,1,0,32.34341231,-84.78809239,13053.0,16072.247180709635,0.057045065601825436,1752,1747,1,0,1746,1747,10684,6,0,0,6,0
2020-10-29,US,Georgia,Chattooga,960,29,0,34.47197698,-85.34535662,13055.0,3872.685465327363,3.020833333333333,931,944,29,0,915,940,24790,16,0,0,16,4
2020-10-29,US,Georgia,Cherokee,7219,102,0,34.24393976,-84.47431861,13057.0,2789.7037171575093,1.4129380800664912,7117,7161,102,0,7059,7082,254149,58,0,0,58,79
2020-10-29,US,Georgia,Clarke,5787,49,0,33.95436462,-83.37124007,13059.0,4509.432639034995,0.8467254190426818,5738,5748,48,0,5700,5729,127330,39,1,0,38,19
2020-10-29,US,Georgia,Clay,124,3,0,31.62221166,-84.97713865,13061.0,4375.441072688779,2.419354838709677,121,124,3,0,121,124,2887,0,0,0,0,0
2020-10-29,US,Georgia,Clayton,8298,178,0,33.54187245,-84.35594188,13063.0,2839.291579984671,2.1450952036635336,8120,8253,175,0,8078,8200,289615,45,3,0,42,53
2020-10-29,US,Georgia,Clinch,453,12,0,30.91395822,-82.70432472,13065.0,6844.968268359021,2.6490066225165565,441,450,12,0,438,448,6648,3,0,0,3,2
2020-10-29,US,Georgia,Cobb,22059,457,0,33.94243204,-84.5761255,13067.0,2901.96160975398,2.0717167595992567,21602,21977,457,0,21520,21867,756865,82,0,0,82,110
2020-10-29,US,Georgia,Coffee,2274,62,0,31.54892966,-82.85492059999999,13069.0,5255.00889700275,2.7264731750219875,2212,2260,60,0,2200,2255,43093,14,2,0,12,5
2020-10-29,US,Georgia,Colquitt,2136,40,0,31.18810588,-83.7677946,13071.0,4684.210526315789,1.8726591760299625,2096,2132,40,0,2092,2123,45592,4,0,0,4,9
2020-10-29,US,Georgia,Columbia,4415,64,0,33.54534185,-82.263524,13073.0,2817.233942085583,1.44960362400906,4351,4386,64,0,4322,4371,154291,29,0,0,29,15
2020-10-29,US,Georgia,Cook,594,16,0,31.16068491,-83.42947229,13075.0,3439.490445859873,2.6936026936026938,578,584,16,0,568,582,17162,10,0,0,10,2
2020-10-29,US,Georgia,Coweta,2983,63,0,33.35334302,-84.76129976,13077.0,2008.6324734527875,2.1119678176332557,2920,2971,63,0,2908,2964,145864,12,0,0,12,7
2020-10-29,US,Georgia,Crawford,196,6,0,32.71391813,-83.98061238,13079.0,1580.1354401805868,3.0612244897959178,190,196,6,0,190,196,12318,0,0,0,0,0
2020-10-29,US,Georgia,Crisp,651,23,0,31.92289565,-83.76811843,13081.0,2909.8873591989986,3.5330261136712746,628,647,23,0,624,643,22601,4,0,0,4,4
2020-10-29,US,Georgia,Dade,362,6,0,34.854916700000004,-85.50490424,13083.0,2246.214941672872,1.6574585635359116,356,356,6,0,350,355,16226,6,0,0,6,1
2020-10-29,US,Georgia,Dawson,922,11,0,34.44244079,-84.16964071,13085.0,3531.484602420714,1.193058568329718,911,915,11,0,904,911,25083,7,0,0,7,4
2020-10-29,US,Georgia,DeKalb,21335,401,0,33.76944049,-84.22396017,13089.0,2809.835940350087,1.879540660885868,20934,21231,398,0,20833,21101,756558,104,3,0,101,130
2020-10-29,US,Georgia,Decatur,1304,34,0,30.87967778,-84.57619536,13087.0,4938.645659748523,2.607361963190184,1270,1297,34,0,1263,1292,26575,7,0,0,7,5
2020-10-29,US,Georgia,Dodge,620,19,0,32.17265114,-83.16948926,13091.0,3008.9784033001697,3.0645161290322585,601,612,19,0,593,609,20705,8,0,0,8,3
2020-10-29,US,Georgia,Dooly,375,18,0,32.15630737,-83.79746561,13093.0,2800.597460791636,4.8,357,374,18,0,356,371,13706,1,0,0,1,3
2020-10-29,US,Georgia,Dougherty,3305,191,0,31.53328528,-84.21722377,13095.0,3757.5605984810577,5.779122541603631,3114,3300,191,0,3109,3294,91243,5,0,0,5,6
2020-10-29,US,Georgia,Douglas,4135,73,0,33.70291126,-84.77026156,13097.0,2825.5536650198505,1.7654171704957675,4062,4114,72,0,4042,4084,145331,21,1,0,20,30
2020-10-29,US,Georgia,Early,555,35,0,31.32155345,-84.90255207,13099.0,5446.516192345437,6.306306306306308,520,550,35,0,515,550,10247,5,0,0,5,0
2020-10-29,US,Georgia,Echols,246,2,0,30.71101099,-82.89687287,13101.0,6140.788816774838,0.8130081300813008,244,246,2,0,244,246,4000,0,0,0,0,0
2020-10-29,US,Georgia,Effingham,1835,28,0,32.36616021,-81.34280942,13103.0,2853.987806395421,1.5258855585831064,1807,1827,28,0,1799,1816,62190,8,0,0,8,11
2020-10-29,US,Georgia,Elbert,760,9,0,34.11302332,-82.83936148,13105.0,3959.570699176826,1.1842105263157894,751,754,9,0,745,752,19120,6,0,0,6,2
2020-10-29,US,Georgia,Emanuel,1209,39,0,32.59221302,-82.30239915,13107.0,5338.691159586682,3.2258064516129035,1170,1204,39,0,1165,1203,22612,5,0,0,5,1
2020-10-29,US,Georgia,Evans,487,7,0,32.15328841,-81.8870105,13109.0,4571.0531255866335,1.4373716632443532,480,487,7,0,480,485,10721,0,0,0,0,2
2020-10-29,US,Georgia,Fannin,835,29,0,34.86430205,-84.316964,13111.0,3188.483274782343,3.4730538922155687,806,832,29,0,803,828,25964,3,0,0,3,4
2020-10-29,US,Georgia,Fayette,2135,57,0,33.41357794,-84.49089434,13113.0,1865.9162216725952,2.6697892271662758,2078,2129,57,0,2072,2129,113459,6,0,0,6,0
2020-10-29,US,Georgia,Floyd,4040,60,0,34.26268279,-85.21577392,13115.0,4101.606123982213,1.4851485148514851,3980,3975,60,0,3915,3956,97927,65,0,0,65,19
2020-10-29,US,Georgia,Forsyth,4792,54,0,34.22604035,-84.12315129999998,13117.0,1961.9081931775381,1.1268781302170283,4738,4772,53,0,4719,4735,236612,20,1,0,19,37
2020-10-29,US,Georgia,Franklin,937,18,0,34.37525597,-83.23159927,13119.0,4013.0198295430214,1.92102454642476,919,935,18,0,917,933,23023,2,0,0,2,2
2020-10-29,US,Georgia,Fulton,31315,626,0,33.79216944,-84.46319413,13121.0,2943.3133728782814,1.999041992655277,30689,31220,620,0,30600,31038,1050114,95,6,0,89,182
2020-10-29,US,Georgia,Gilmer,1052,23,0,34.69316688,-84.45802506,13123.0,3353.629379323536,2.1863117870722437,1029,1043,23,0,1020,1036,30816,9,0,0,9,7
2020-10-29,US,Georgia,Glascock,50,2,0,33.22879932,-82.61297636,13125.0,1682.9350387075058,4.0,48,49,2,0,47,49,2995,1,0,0,1,0
2020-10-29,US,Georgia,Glynn,3751,104,0,31.23279254,-81.53811412,13127.0,4397.833325517047,2.7725939749400164,3647,3734,104,0,3630,3723,85219,17,0,0,17,11
2020-10-29,US,Georgia,Gordon,2414,45,0,34.50487351,-84.87296253,13129.0,4164.725773338164,1.864125932062966,2369,2387,45,0,2342,2370,57685,27,0,0,27,17
2020-10-29,US,Georgia,Grady,866,25,0,30.87454847,-84.23418364,13131.0,3515.609142207608,2.8868360277136267,841,860,25,0,835,858,24748,6,0,0,6,2
2020-10-29,US,Georgia,Greene,576,25,0,33.5769205,-83.17139104,13133.0,3143.4184675834967,4.340277777777779,551,573,25,0,548,570,17698,3,0,0,3,3
2020-10-29,US,Georgia,Gwinnett,30746,447,0,33.96044201,-84.02137802,13135.0,3283.9519359145534,1.4538476549795096,30299,30596,445,0,30151,30489,927781,150,2,0,148,107
2020-10-29,US,Georgia,Habersham,1897,78,0,34.63331566,-83.53094677,13137.0,4185.051182492058,4.111755403268319,1819,1884,78,0,1806,1876,45388,13,0,0,13,8
2020-10-29,US,Georgia,Hall,10740,178,0,34.32207823,-83.81896936,13139.0,5253.349377081897,1.6573556797020483,10562,10694,178,0,10516,10658,202148,46,0,0,46,36
2020-10-29,US,Georgia,Hancock,413,44,0,33.2721566,-82.99766919,13141.0,4883.528437980372,10.653753026634384,369,413,44,0,369,413,8348,0,0,0,0,0
2020-10-29,US,Georgia,Haralson,659,11,0,33.79602175,-85.21005667,13143.0,2212.0032223415687,1.6691957511380882,648,650,10,0,640,642,29533,9,1,0,8,8
2020-10-29,US,Georgia,Harris,852,25,0,32.73709786,-84.90538572,13145.0,2417.981609717335,2.9342723004694835,827,851,25,0,826,850,34475,1,0,0,1,1
2020-10-29,US,Georgia,Hart,578,17,0,34.34626973,-82.96567682,13147.0,2205.68593779813,2.9411764705882355,561,576,16,0,560,576,26099,2,1,0,1,0
2020-10-29,US,Georgia,Heard,234,6,0,33.29686567,-85.12886832,13149.0,1962.5933070535941,2.5641025641025643,228,229,6,0,223,228,11879,5,0,0,5,1
2020-10-29,US,Georgia,Henry,6269,113,0,33.4533428,-84.14814659999998,13151.0,2672.6523164549944,1.8025203381719568,6156,6223,113,0,6110,6204,230220,46,0,0,46,19
2020-10-29,US,Georgia,Houston,3640,95,0,32.45802497,-83.66879087,13153.0,2305.7967984898296,2.60989010989011,3545,3615,94,0,3521,3611,155469,25,1,0,24,4
2020-10-29,US,Georgia,Irwin,358,8,0,31.60213036,-83.27501387,13155.0,3802.039082412914,2.23463687150838,350,356,8,0,348,358,9398,2,0,0,2,-2
2020-10-29,US,Georgia,Jackson,2408,42,0,34.13794553,-83.56814788,13157.0,3299.669758965153,1.7441860465116281,2366,2392,41,0,2351,2375,70422,16,1,0,15,17
2020-10-29,US,Georgia,Jasper,249,4,0,33.31535543,-83.68844964,13159.0,1751.178001265912,1.606425702811245,245,247,4,0,243,246,14040,2,0,0,2,1
2020-10-29,US,Georgia,Jeff Davis,801,23,0,31.80405727,-82.63724870000001,13161.0,5299.371485279524,2.8714107365792763,778,798,23,0,775,792,15029,3,0,0,3,6
2020-10-29,US,Georgia,Jefferson,857,33,0,33.05867328,-82.41609057,13163.0,5578.700690014322,3.850641773628938,824,856,33,0,823,853,15430,1,0,0,1,3
2020-10-29,US,Georgia,Jenkins,472,32,0,32.79248718,-81.96040187,13165.0,5440.295066851084,6.779661016949151,440,469,32,0,437,467,8683,3,0,0,3,2
2020-10-29,US,Georgia,Johnson,441,22,0,32.70211082,-82.66166794,13167.0,4573.265581250648,4.988662131519273,419,440,22,0,418,440,9708,1,0,0,1,0
2020-10-29,US,Georgia,Jones,647,17,0,33.02512137,-83.56019163,13169.0,2251.6095354097793,2.627511591962905,630,646,16,0,630,643,28616,1,1,0,0,3
2020-10-29,US,Georgia,Lamar,424,20,0,33.07841647,-84.14263877,13171.0,2222.5716831786967,4.716981132075472,404,423,20,0,403,422,19000,1,0,0,1,1
2020-10-29,US,Georgia,Lanier,319,7,0,31.03828570000001,-83.06472457,13173.0,3060.5391921711603,2.19435736677116,312,318,7,0,311,318,10340,1,0,0,1,0
2020-10-29,US,Georgia,Laurens,2014,88,0,32.46325233,-82.92221316,13175.0,4235.897867328482,4.369414101290963,1926,2010,87,0,1923,1989,47325,4,1,0,3,21
2020-10-29,US,Georgia,Lee,748,30,0,31.779330600000005,-84.14324253,13177.0,2493.99839957322,4.0106951871657746,718,748,29,0,719,746,29764,0,1,0,-1,2
2020-10-29,US,Georgia,Liberty,1288,25,0,31.82588896,-81.49251135,13179.0,2096.5247822902256,1.940993788819876,1263,1275,25,0,1250,1247,61497,13,0,0,13,28
2020-10-29,US,Georgia,Lincoln,235,7,0,33.79201475,-82.45024131,13181.0,2966.7971215755592,2.9787234042553186,228,235,7,0,228,234,7915,0,0,0,0,1
2020-10-29,US,Georgia,Long,277,4,0,31.75218791,-81.74952375,13183.0,1416.2278235083593,1.444043321299639,273,276,4,0,272,277,18998,1,0,0,1,-1
2020-10-29,US,Georgia,Lowndes,4496,86,0,30.83568832,-83.27056716,13185.0,3829.446535952166,1.912811387900356,4410,4475,85,0,4390,4457,116321,21,1,0,20,18
2020-10-29,US,Georgia,Lumpkin,1053,15,0,34.57286511,-84.00425681,13187.0,3132.996132103541,1.4245014245014245,1038,1048,15,0,1033,1043,32955,5,0,0,5,5
2020-10-29,US,Georgia,Macon,252,10,0,32.35207048,-84.04234127,13193.0,1946.3968486908166,3.968253968253968,242,249,10,0,239,249,13143,3,0,0,3,0
2020-10-29,US,Georgia,Madison,798,11,0,34.12920917,-83.21218732,13195.0,2670.6827309236946,1.3784461152882206,787,789,11,0,778,787,29650,9,0,0,9,2
2020-10-29,US,Georgia,Marion,201,9,0,32.3483402,-84.52733571,13197.0,2404.593850939108,4.477611940298506,192,200,9,0,191,197,8351,1,0,0,1,3
2020-10-29,US,Georgia,McDuffie,689,15,0,33.47851918,-82.48252774,13189.0,3232.9204204204198,2.177068214804064,674,685,15,0,670,679,21531,4,0,0,4,6
2020-10-29,US,Georgia,McIntosh,310,8,0,31.49683595,-81.40163426,13191.0,2156.0717763249413,2.5806451612903225,302,308,8,0,300,304,14340,2,0,0,2,4
2020-10-29,US,Georgia,Meriwether,597,16,0,33.04163534,-84.68859732,13199.0,2820.4280247555157,2.680067001675042,581,596,16,0,580,598,21068,1,0,0,1,-2
2020-10-29,US,Georgia,Miller,314,2,0,31.16568912,-84.73151117,13201.0,5491.430570129416,0.6369426751592356,312,313,2,0,311,312,5686,1,0,0,1,1
2020-10-29,US,Georgia,Mitchell,848,46,0,31.22483255,-84.19381821,13205.0,3878.699172117276,5.4245283018867925,802,847,45,0,802,845,22192,1,1,0,0,2
2020-10-29,US,Georgia,Monroe,765,54,0,33.014289,-83.92097166,13207.0,2773.9502501994343,7.0588235294117645,711,762,53,0,709,756,27520,3,1,0,2,6
2020-10-29,US,Georgia,Montgomery,375,10,0,32.17201038,-82.53527476,13209.0,4088.5303096380294,2.6666666666666665,365,373,10,0,363,376,9193,2,0,0,2,-3
2020-10-29,US,Georgia,Morgan,535,6,0,33.59232073,-83.49129491,13211.0,2775.4720896451545,1.1214953271028036,529,531,6,0,525,528,18853,4,0,0,4,3
2020-10-29,US,Georgia,Murray,1064,9,0,34.78897608,-84.74993177,13213.0,2653.631284916201,0.8458646616541353,1055,1051,9,0,1042,1033,39921,13,0,0,13,18
2020-10-29,US,Georgia,Muscogee,6390,174,0,32.50931999,-84.87142262,13215.0,3264.050998881334,2.7230046948356814,6216,6378,174,0,6204,6362,194160,12,0,0,12,16
2020-10-29,US,Georgia,Newton,2878,96,0,33.55514538,-83.84547140000002,13217.0,2575.5297823596798,3.3356497567755388,2782,2868,95,0,2773,2856,109541,10,1,0,9,12
2020-10-29,US,Georgia,Oconee,871,30,0,33.83749973,-83.43679568,13219.0,2162.3634558093345,3.444316877152698,841,869,30,0,839,865,39272,2,0,0,2,4
2020-10-29,US,Georgia,Oglethorpe,425,13,0,33.878629600000004,-83.08278123,13221.0,2785.241496821548,3.0588235294117645,412,420,13,0,407,417,15054,5,0,0,5,3
2020-10-29,US,Georgia,Out of GA,14842,186,0,0.0,0.0,80013.0,0.0,1.2532003773076406,14656,14733,184,0,14549,14708,,109,2,0,107,25
2020-10-29,US,Georgia,Paulding,3193,61,0,33.91969522,-84.86848792,13223.0,1893.0792626892041,1.9104290635765735,3132,3176,61,0,3115,3147,164044,17,0,0,17,29
2020-10-29,US,Georgia,Peach,786,26,0,32.56934316,-83.82937,13225.0,2853.4088433892402,3.307888040712468,760,776,26,0,750,772,27297,10,0,0,10,4
2020-10-29,US,Georgia,Pickens,805,10,0,34.46589159,-84.46406611,13227.0,2470.007057163021,1.2422360248447204,795,785,10,0,775,775,31980,20,0,0,20,10
2020-10-29,US,Georgia,Pierce,682,24,0,31.35928155,-82.21598442,13229.0,3503.7246339583867,3.5190615835777126,658,680,24,0,656,679,19389,2,0,0,2,1
2020-10-29,US,Georgia,Pike,393,11,0,33.09310242,-84.38790389,13231.0,2072.566185001582,2.7989821882951653,382,389,11,0,378,387,18634,4,0,0,4,2
2020-10-29,US,Georgia,Polk,1728,29,0,34.00267074,-85.18677781,13233.0,4055.1005561683055,1.6782407407407407,1699,1711,29,0,1682,1707,42470,17,0,0,17,4
2020-10-29,US,Georgia,Pulaski,343,23,0,32.23334561,-83.47549959999998,13235.0,3079.824010056568,6.705539358600582,320,339,23,0,316,339,11069,4,0,0,4,0
2020-10-29,US,Georgia,Putnam,808,27,0,33.32056115,-83.37552891,13237.0,3652.9680365296804,3.341584158415841,781,800,27,0,773,795,21809,8,0,0,8,5
2020-10-29,US,Georgia,Quitman,41,1,0,31.86728114,-85.01773177,13239.0,1783.3840800347978,2.4390243902439024,40,40,1,0,39,39,2279,1,0,0,1,1
2020-10-29,US,Georgia,Rabun,432,11,0,34.88389445,-83.40304637,13241.0,2520.861294275544,2.5462962962962963,421,429,11,0,418,428,16867,3,0,0,3,1
2020-10-29,US,Georgia,Randolph,339,29,0,31.76622818,-84.75732369,13243.0,5001.475361463557,8.55457227138643,310,339,29,0,310,339,6833,0,0,0,0,0
2020-10-29,US,Georgia,Richmond,8012,185,0,33.35777107,-82.07026432,13245.0,3956.191548405574,2.3090364453320023,7827,7964,183,0,7781,7941,201554,48,2,0,46,23
2020-10-29,US,Georgia,Rockdale,2148,40,0,33.65145002,-84.02202167,13247.0,2363.140292202077,1.86219739292365,2108,2136,40,0,2096,2122,90594,12,0,0,12,14
2020-10-29,US,Georgia,Schley,109,2,0,32.2654021,-84.31258912,13249.0,2073.4259083127263,1.834862385321101,107,109,2,0,107,109,5236,0,0,0,0,0
2020-10-29,US,Georgia,Screven,450,11,0,32.74976524,-81.60779441,13251.0,3222.110840612917,2.4444444444444446,439,450,11,0,439,450,13938,0,0,0,0,0
2020-10-29,US,Georgia,Seminole,395,11,0,30.93464824,-84.86823924,13253.0,4882.571075401731,2.7848101265822787,384,393,11,0,382,393,8315,2,0,0,2,0
2020-10-29,US,Georgia,Spalding,1611,63,0,33.26310031,-84.28013991,13255.0,2415.183724869945,3.910614525139665,1548,1599,62,0,1537,1588,66100,12,1,0,11,11
2020-10-29,US,Georgia,Stephens,1287,41,0,34.55151201,-83.29405315,13257.0,4964.320154291225,3.185703185703186,1246,1280,41,0,1239,1278,26035,7,0,0,7,2
2020-10-29,US,Georgia,Stewart,568,16,0,32.07996777,-84.83208037,13259.0,8578.76453707899,2.8169014084507036,552,567,16,0,551,568,6199,1,0,0,1,-1
2020-10-29,US,Georgia,Sumter,961,68,0,32.03650571,-84.19821492,13261.0,3254.9790001354827,7.075962539021852,893,959,68,0,891,959,29733,2,0,0,2,0
2020-10-29,US,Georgia,Talbot,175,8,0,32.69642758,-84.53351366,13263.0,2824.858757062147,4.571428571428571,167,174,8,0,166,174,6272,1,0,0,1,0
2020-10-29,US,Georgia,Taliaferro,30,0,0,33.56543317,-82.88136816,13265.0,1951.854261548471,0.0,30,28,0,0,28,27,1608,2,0,0,2,1
2020-10-29,US,Georgia,Tattnall,942,16,0,32.04785085,-82.05539188,13267.0,3725.3816341058287,1.6985138004246283,926,933,15,0,918,926,25391,9,1,0,8,7
2020-10-29,US,Georgia,Taylor,235,12,0,32.55792548,-84.25077141,13269.0,2930.1745635910224,5.1063829787234045,223,232,12,0,220,230,8039,3,0,0,3,2
2020-10-29,US,Georgia,Telfair,510,24,0,31.92829517,-82.93491155,13271.0,3215.6368221941993,4.705882352941177,486,507,24,0,483,504,15876,3,0,0,3,3
2020-10-29,US,Georgia,Terrell,340,32,0,31.77527543,-84.44069698,13273.0,3985.464775524557,9.411764705882351,308,341,32,0,309,341,8611,-1,0,0,-1,0
2020-10-29,US,Georgia,Thomas,1610,70,0,30.86392347,-83.91847289,13275.0,3621.965760050392,4.3478260869565215,1540,1605,69,0,1536,1601,44448,5,1,0,4,4
2020-10-29,US,Georgia,Tift,1969,65,0,31.45743864,-83.5236119,13277.0,4844.503493750615,3.3011681056373794,1904,1964,64,0,1900,1951,40571,5,1,0,4,13
2020-10-29,US,Georgia,Toombs,1506,56,0,32.12059861,-82.32957247,13279.0,5613.119642191577,3.718459495351925,1450,1499,56,0,1443,1496,26887,7,0,0,7,3
2020-10-29,US,Georgia,Towns,444,13,0,34.91369188,-83.74107459999998,13281.0,3688.6267342361048,2.927927927927928,431,441,13,0,428,438,11852,3,0,0,3,3
2020-10-29,US,Georgia,Treutlen,315,12,0,32.40422134,-82.56904553,13283.0,4564.555861469352,3.809523809523809,303,311,12,0,299,309,6809,4,0,0,4,2
2020-10-29,US,Georgia,Troup,3054,109,0,33.03349196,-85.02812115,13285.0,4367.72403535368,3.5690897184020955,2945,3068,108,0,2960,3056,70034,-14,1,0,-15,12
2020-10-29,US,Georgia,Turner,338,24,0,31.71612656,-83.62069378,13287.0,4232.936756418284,7.100591715976331,314,335,24,0,311,335,7912,3,0,0,3,0
2020-10-29,US,Georgia,Twiggs,220,10,0,32.67435595,-83.43078662,13289.0,2709.35960591133,4.545454545454546,210,217,10,0,207,216,8188,3,0,0,3,1
2020-10-29,US,Georgia,Unassigned,1887,7,0,0.0,0.0,90013.0,0.0,0.3709591944886063,1880,1888,6,0,1882,1873,,-1,1,0,-2,15
2020-10-29,US,Georgia,Union,895,26,0,34.82995757,-83.98967069,13291.0,3651.4218106156413,2.9050279329608935,869,890,26,0,864,886,24001,5,0,0,5,4
2020-10-29,US,Georgia,Upson,843,71,0,32.87920671,-84.30024826,13293.0,3202.887537993921,8.422301304863582,772,839,70,0,769,838,26215,4,1,0,3,1
2020-10-29,US,Georgia,Walker,1910,44,0,34.73376362,-85.30165174,13295.0,2737.919467897536,2.3036649214659692,1866,1894,44,0,1850,1877,69410,16,0,0,16,17
2020-10-29,US,Georgia,Walton,2365,68,0,33.78017694,-83.73552314,13297.0,2500.185003118624,2.8752642706131075,2297,2354,68,0,2286,2339,93503,11,0,0,11,15
2020-10-29,US,Georgia,Ware,1745,64,0,31.05449097,-82.42224148,13299.0,4883.304415962389,3.6676217765042987,1681,1737,63,0,1674,1734,35680,8,1,0,7,3
2020-10-29,US,Georgia,Warren,167,5,0,33.41146451,-82.67795848,13301.0,3178.5306433193764,2.9940119760479043,162,165,5,0,160,164,5251,2,0,0,2,1
2020-10-29,US,Georgia,Washington,776,13,0,32.96711864,-82.79357039,13303.0,3808.775890841269,1.6752577319587634,763,776,13,0,763,764,20386,0,0,0,0,12
2020-10-29,US,Georgia,Wayne,1254,33,0,31.5521809,-81.91894878,13305.0,4190.196143950279,2.631578947368421,1221,1242,33,0,1209,1235,29808,12,0,0,12,7
2020-10-29,US,Georgia,Webster,44,2,0,32.04066113,-84.54742852,13307.0,1687.7637130801688,4.545454545454546,42,44,2,0,42,44,2611,0,0,0,0,0
2020-10-29,US,Georgia,Wheeler,369,17,0,32.12009104,-82.72574721,13309.0,4697.644812221515,4.607046070460704,352,369,16,0,353,369,7879,0,1,0,-1,0
2020-10-29,US,Georgia,White,1011,23,0,34.64624278,-83.74905525,13311.0,3282.6806935515287,2.274975272007913,988,1005,23,0,982,1000,29970,6,0,0,6,5
2020-10-29,US,Georgia,Whitfield,5522,64,0,34.80987459,-84.96093476,13313.0,5277.745918874489,1.1590003621876133,5458,5469,64,0,5405,5410,104062,53,0,0,53,59
2020-10-29,US,Georgia,Wilcox,257,25,0,31.97496928,-83.43438555,13315.0,2976.259409380429,9.727626459143966,232,257,25,0,232,256,8812,0,0,0,0,1
2020-10-29,US,Georgia,Wilkes,303,6,0,33.78290391,-82.74286107,13317.0,3099.1101564897212,1.98019801980198,297,300,6,0,294,297,9876,3,0,0,3,3
2020-10-29,US,Georgia,Wilkinson,368,17,0,32.80291082,-83.17140684,13319.0,4109.895018985928,4.619565217391305,351,369,17,0,352,368,9036,-1,0,0,-1,1
2020-10-29,US,Georgia,Worth,609,33,0,31.55162306,-83.85090513,13321.0,3007.8530152615203,5.41871921182266,576,607,32,0,575,604,20299,2,1,0,1,3
2020-10-29,US,Hawaii,Hawaii,1246,30,0,19.60121157,-155.5210167,15001.0,618.3223911112434,2.407704654895666,1216,1238,30,0,1208,1233,200983,8,0,0,8,5
2020-10-29,US,Hawaii,Honolulu,13013,168,0,21.45803166,-157.97121819999995,15003.0,1335.2651393496367,1.2910166756320602,12845,12953,166,0,12787,12913,980080,60,2,0,58,40
2020-10-29,US,Hawaii,Kauai,64,0,0,22.03935037,-159.5966786,15007.0,88.52862656135449,0.0,64,63,0,0,63,62,72133,1,0,0,1,1
2020-10-29,US,Hawaii,Maui,518,16,0,20.86399628,-156.56890969999995,15009.0,309.4070494633161,3.088803088803089,502,516,16,0,500,507,167207,2,0,0,2,9
2020-10-29,US,Hawaii,Out of HI,70,1,0,0.0,0.0,80015.0,0.0,1.4285714285714286,69,64,1,0,63,58,,6,0,0,6,6
2020-10-29,US,Idaho,Ada,16908,174,0,43.4526575,-116.24155159999998,16001.0,3510.892112951554,1.0290986515259049,16734,16710,167,0,16543,16551,469966,198,7,0,191,159
2020-10-29,US,Idaho,Adams,63,2,0,44.89333571,-116.4545247,16003.0,1467.1634839310666,3.1746031746031744,61,57,2,0,55,57,4250,6,0,0,6,0
2020-10-29,US,Idaho,Bannock,2582,14,0,42.67002716,-112.2233311,16005.0,2940.506559766764,0.5422153369481022,2568,2520,14,0,2506,2466,87138,62,0,0,62,54
2020-10-29,US,Idaho,Bear Lake,76,1,0,42.28269683,-111.32892379999998,16007.0,1240.8163265306125,1.3157894736842106,75,74,1,0,73,73,6050,2,0,0,2,1
2020-10-29,US,Idaho,Benewah,179,3,0,47.21754179,-116.6586851,16009.0,1925.1451925145193,1.675977653631285,176,175,3,0,172,172,9226,4,0,0,4,3
2020-10-29,US,Idaho,Bingham,1621,22,0,43.21672879999999,-112.3978437,16011.0,3462.8612932857673,1.3571869216533003,1599,1612,22,0,1590,1590,46236,9,0,0,9,22
2020-10-29,US,Idaho,Blaine,897,7,0,43.4085812,-113.9752658,16013.0,3896.4423786977113,0.7803790412486065,890,883,7,0,876,865,22601,14,0,0,14,18
2020-10-29,US,Idaho,Boise,83,2,0,43.98829931,-115.7309284,16015.0,1059.890180053633,2.409638554216868,81,82,2,0,80,77,7634,1,0,0,1,5
2020-10-29,US,Idaho,Bonner,508,1,0,48.29996017,-116.6017932,16017.0,1110.6495550842826,0.1968503937007874,507,492,1,0,491,487,44727,16,0,0,16,5
2020-10-29,US,Idaho,Bonneville,4591,37,0,43.38713372,-111.6161537,16019.0,3855.9741983168433,0.8059246351557395,4554,4553,35,0,4518,4459,116854,38,2,0,36,94
2020-10-29,US,Idaho,Boundary,173,1,0,48.76684761,-116.4630179,16021.0,1412.8215598203349,0.5780346820809249,172,156,1,0,155,147,11948,17,0,0,17,9
2020-10-29,US,Idaho,Butte,103,0,0,43.72592209,-113.1735463,16023.0,3966.114747785906,0.0,103,101,0,0,101,98,2611,2,0,0,2,3
2020-10-29,US,Idaho,Camas,41,0,0,43.46665742,-114.8065892,16025.0,3707.052441229656,0.0,41,41,0,0,41,41,1127,0,0,0,0,0
2020-10-29,US,Idaho,Canyon,10111,109,0,43.61970148,-116.70954990000001,16027.0,4398.974979225492,1.0780338245475225,10002,10013,108,0,9905,9929,223499,98,1,0,97,84
2020-10-29,US,Idaho,Caribou,293,4,0,42.77149116,-111.5597683,16029.0,4095.038434661076,1.3651877133105803,289,287,4,0,283,277,7060,6,0,0,6,10
2020-10-29,US,Idaho,Cassia,1419,9,0,42.28347888,-113.6012409,16031.0,5905.118601747815,0.6342494714587738,1410,1397,9,0,1388,1381,23864,22,0,0,22,16
2020-10-29,US,Idaho,Clark,40,0,0,44.28496071,-112.35057040000001,16033.0,4733.727810650888,0.0,40,40,0,0,40,40,852,0,0,0,0,0
2020-10-29,US,Idaho,Clearwater,145,0,0,46.67459924,-115.6622393,16035.0,1656.0073092736407,0.0,145,142,0,0,142,144,8758,3,0,0,3,-2
2020-10-29,US,Idaho,Custer,96,1,0,44.24186819,-114.2855494,16037.0,2224.797219003476,1.0416666666666667,95,95,1,0,94,94,4280,1,0,0,1,1
2020-10-29,US,Idaho,Elmore,543,4,0,43.3507101,-115.4701578,16039.0,1973.7559521645887,0.7366482504604052,539,530,4,0,526,521,27259,13,0,0,13,9
2020-10-29,US,Idaho,Franklin,374,2,0,42.18332217,-111.81496659999999,16041.0,2695.301239550303,0.5347593582887701,372,367,2,0,365,359,13726,7,0,0,7,8
2020-10-29,US,Idaho,Fremont,486,4,0,44.22800938,-111.48099429999999,16043.0,3710.206886021833,0.8230452674897121,482,481,4,0,477,477,13168,5,0,0,5,4
2020-10-29,US,Idaho,Gem,436,6,0,44.06482372,-116.398376,16045.0,2407.243816254417,1.3761467889908257,430,428,6,0,422,425,17634,8,0,0,8,3
2020-10-29,US,Idaho,Gooding,604,9,0,42.96927962,-114.81083059999999,16047.0,3979.1817642795972,1.4900662251655632,595,588,8,0,580,562,15196,16,1,0,15,26
2020-10-29,US,Idaho,Idaho,376,1,0,45.84721541,-115.4634436,16049.0,2255.954880902382,0.26595744680851063,375,373,1,0,372,370,16513,3,0,0,3,3
2020-10-29,US,Idaho,Jefferson,994,3,0,43.82078483,-112.3131749,16051.0,3327.6421947708477,0.3018108651911469,991,980,3,0,977,967,29439,14,0,0,14,13
2020-10-29,US,Idaho,Jerome,1142,9,0,42.68891267,-114.2655033,16053.0,4678.027199737834,0.7880910683012259,1133,1119,9,0,1110,1093,24015,23,0,0,23,26
2020-10-29,US,Idaho,Kootenai,4253,50,0,47.67282258,-116.7020872,16055.0,2566.7332540721923,1.175640724194686,4203,4135,49,0,4086,4068,161505,118,1,0,117,67
2020-10-29,US,Idaho,Latah,962,1,0,46.81587887,-116.71136979999999,16057.0,2398.523985239852,0.10395010395010396,961,949,1,0,948,949,40134,13,0,0,13,0
2020-10-29,US,Idaho,Lemhi,262,1,0,44.9438088,-113.9309747,16059.0,3263.984053818363,0.3816793893129771,261,251,0,0,251,230,7961,11,1,0,10,21
2020-10-29,US,Idaho,Lewis,84,3,0,46.23315327,-116.434146,16061.0,2188.6399166232413,3.571428571428572,81,81,3,0,78,81,3861,3,0,0,3,0
2020-10-29,US,Idaho,Lincoln,213,2,0,43.0012336,-114.1358773,16063.0,3969.43719716735,0.9389671361502347,211,207,2,0,205,198,5360,6,0,0,6,9
2020-10-29,US,Idaho,Madison,2644,4,0,43.78141028,-111.65384740000002,16065.0,6625.404064449846,0.15128593040847202,2640,2611,3,0,2608,2585,39304,33,1,0,32,26
2020-10-29,US,Idaho,Minidoka,1220,9,0,42.85518524,-113.6357257,16067.0,5798.754693664146,0.7377049180327869,1211,1207,9,0,1198,1199,20825,13,0,0,13,8
2020-10-29,US,Idaho,Nez Perce,895,24,0,46.32638236,-116.75009750000001,16069.0,2214.907939021976,2.681564245810056,871,862,24,0,838,853,40408,33,0,0,33,9
2020-10-29,US,Idaho,Oneida,56,0,0,42.19494279999999,-112.5407838,16071.0,1235.9302582211433,0.0,56,54,0,0,54,51,4488,2,0,0,2,3
2020-10-29,US,Idaho,Owyhee,399,5,0,42.58016894,-116.16938710000001,16073.0,3374.7779751332146,1.2531328320802004,394,398,5,0,393,392,11693,1,0,0,1,6
2020-10-29,US,Idaho,Payette,1145,10,0,44.00545243,-116.7647695,16075.0,4780.593712162331,0.8733624454148472,1135,1137,10,0,1127,1130,23551,8,0,0,8,7
2020-10-29,US,Idaho,Power,369,2,0,42.69254894,-112.83957420000002,16077.0,4804.0619710975125,0.5420054200542005,367,367,2,0,365,361,7768,2,0,0,2,6
2020-10-29,US,Idaho,Shoshone,281,20,0,47.35364087,-115.89167490000001,16079.0,2181.3383015059767,7.117437722419928,261,268,20,0,248,266,12796,13,0,0,13,2
2020-10-29,US,Idaho,Teton,289,2,0,43.75303583,-111.2056773,16081.0,2380.1680118596605,0.6920415224913494,287,288,2,0,286,283,11640,1,0,0,1,5
2020-10-29,US,Idaho,Twin Falls,4200,48,0,42.35440512,-114.6685381,16083.0,4834.365431985083,1.1428571428571428,4152,4097,46,0,4051,3987,86081,103,2,0,101,110
2020-10-29,US,Idaho,Valley,119,1,0,44.76728382,-115.5676773,16085.0,1044.5926966292134,0.8403361344537815,118,117,1,0,116,117,11041,2,0,0,2,0
2020-10-29,US,Idaho,Washington,471,8,0,44.45275475,-116.78476880000001,16087.0,4620.364920541495,1.6985138004246283,463,460,8,0,452,451,10161,11,0,0,11,9
2020-10-29,US,Illinois,Adams,2071,23,0,39.98815591,-91.18786813,17001.0,3164.972873844273,1.110574601641719,2048,2004,22,0,1982,1935,65691,67,1,0,66,69
2020-10-29,US,Illinois,Alexander,145,1,0,37.18049267,-89.32910838,17003.0,2516.9241451136954,0.6896551724137931,144,136,1,0,135,132,6060,9,0,0,9,4
2020-10-29,US,Illinois,Bond,525,9,0,38.88829622,-89.43534887,17005.0,3196.152441251674,1.7142857142857142,516,518,9,0,509,513,16630,7,0,0,7,5
2020-10-29,US,Illinois,Boone,1998,25,0,42.32359279,-88.82345779,17007.0,3731.5105333930974,1.2512512512512513,1973,1953,25,0,1928,1905,53577,45,0,0,45,48
2020-10-29,US,Illinois,Brown,122,0,0,39.96209138,-90.75068024,17009.0,1854.6670720583768,0.0,122,117,0,0,117,115,6556,5,0,0,5,2
2020-10-29,US,Illinois,Bureau,955,17,0,41.40385234,-89.5283051,17011.0,2926.93392178497,1.780104712041885,938,948,17,0,931,925,32993,7,0,0,7,23
2020-10-29,US,Illinois,Calhoun,66,0,0,39.16840183,-90.66330078,17013.0,1392.698881620595,0.0,66,64,0,0,64,66,4802,2,0,0,2,-2
2020-10-29,US,Illinois,Carroll,457,12,0,42.06823429,-89.93395545,17015.0,3194.6871723173717,2.62582056892779,445,437,12,0,425,430,14312,20,0,0,20,7
2020-10-29,US,Illinois,Cass,470,11,0,39.96991073,-90.24734436,17017.0,3869.2681320490656,2.3404255319148937,459,468,11,0,457,464,12260,2,0,0,2,4
2020-10-29,US,Illinois,Champaign,6462,28,0,40.13919438,-88.20046615,17019.0,3081.706718044342,0.4333023831631074,6434,6390,28,0,6362,6285,209983,72,0,0,72,105
2020-10-29,US,Illinois,Christian,868,30,0,39.54581621,-89.27780482,17021.0,2686.973749380881,3.4562211981566815,838,846,29,0,817,829,32661,22,1,0,21,17
2020-10-29,US,Illinois,Clark,317,18,0,39.33425789,-87.78705622,17023.0,2052.9758435334493,5.678233438485805,299,314,17,0,297,312,15596,3,1,0,2,2
2020-10-29,US,Illinois,Clay,330,14,0,38.75388572,-88.48914513,17025.0,2503.0339805825242,4.242424242424242,316,324,13,0,311,317,13253,6,1,0,5,7
2020-10-29,US,Illinois,Clinton,1856,31,0,38.60704876,-89.42385254,17027.0,4941.1639422820945,1.6702586206896552,1825,1828,29,0,1799,1811,37639,28,2,0,26,17
2020-10-29,US,Illinois,Coles,2058,40,0,39.51949084,-88.22358557,17029.0,4065.5064103830427,1.9436345966958213,2018,2030,40,0,1990,1971,50885,28,0,0,28,59
2020-10-29,US,Illinois,Cook,183649,5463,0,41.84144849,-87.81658794,17031.0,3565.8386717649473,2.974696295650942,178186,181108,5450,0,175658,178832,5180493,2541,13,0,2528,2276
2020-10-29,US,Illinois,Crawford,668,6,0,39.0032229,-87.75954624,17033.0,3578.5075266513104,0.8982035928143712,662,663,6,0,657,653,18807,5,0,0,5,10
2020-10-29,US,Illinois,Cumberland,311,6,0,39.27432424,-88.2401158,17035.0,2888.723759985139,1.929260450160772,305,308,6,0,302,302,10808,3,0,0,3,6
2020-10-29,US,Illinois,De Witt,275,6,0,40.17514519,-88.90959682,17039.0,1758.5368973014456,2.1818181818181817,269,275,6,0,269,272,15769,0,0,0,0,3
2020-10-29,US,Illinois,DeKalb,2524,43,0,41.89373302,-88.76958483,17037.0,2406.1698618644955,1.7036450079239305,2481,2469,42,0,2427,2432,104143,55,1,0,54,37
2020-10-29,US,Illinois,Douglas,742,9,0,39.76768052,-88.21854195,17041.0,3811.970202928333,1.2129380053908356,733,733,9,0,724,710,19479,9,0,0,9,23
2020-10-29,US,Illinois,DuPage,24240,617,0,41.85116968,-88.08642662,17043.0,2626.443650106564,2.545379537953796,23623,23780,615,0,23165,23408,928589,460,2,0,458,372
2020-10-29,US,Illinois,Edgar,165,11,0,39.6809186,-87.74759563,17045.0,961.4824310937593,6.666666666666668,154,159,10,0,149,157,17360,6,1,0,5,2
2020-10-29,US,Illinois,Edwards,112,0,0,38.41353228,-88.05720863,17047.0,1751.3682564503515,0.0,112,114,0,0,114,111,6392,-2,0,0,-2,3
2020-10-29,US,Illinois,Effingham,1266,4,0,39.05935711,-88.58969584,17049.0,3722.653493295695,0.315955766192733,1262,1226,4,0,1222,1204,34208,40,0,0,40,22
2020-10-29,US,Illinois,Fayette,719,24,0,39.00072038,-89.02452658,17051.0,3369.8912635920506,3.3379694019471486,695,699,24,0,675,689,21416,20,0,0,20,10
2020-10-29,US,Illinois,Ford,211,15,0,40.59706922,-88.22350769,17053.0,1627.9608054934033,7.109004739336492,196,208,14,0,194,204,13264,3,1,0,2,4
2020-10-29,US,Illinois,Franklin,1059,10,0,37.99189086,-88.92567818,17055.0,2752.8659440068627,0.9442870632672332,1049,1033,10,0,1023,1005,38701,26,0,0,26,28
2020-10-29,US,Illinois,Fulton,590,1,0,40.47289135,-90.20862357,17057.0,1718.1129877693652,0.1694915254237288,589,557,1,0,556,550,34844,33,0,0,33,7
2020-10-29,US,Illinois,Gallatin,112,2,0,37.76430935,-88.22953869,17059.0,2319.80115990058,1.7857142857142858,110,110,2,0,108,108,5058,2,0,0,2,2
2020-10-29,US,Illinois,Greene,316,15,0,39.35907414,-90.388865,17061.0,2436.579535816177,4.746835443037975,301,299,15,0,284,295,13044,17,0,0,17,4
2020-10-29,US,Illinois,Grundy,1047,7,0,41.28569601,-88.41905692,17063.0,2050.7697731813373,0.6685768863419294,1040,1019,7,0,1012,987,50972,28,0,0,28,32
2020-10-29,US,Illinois,Hamilton,139,2,0,38.08163641,-88.53883373,17065.0,1712.6663380975851,1.4388489208633093,137,135,2,0,133,127,8163,4,0,0,4,8
2020-10-29,US,Illinois,Hancock,331,4,0,40.40423981,-91.16313899,17067.0,1869.211655748814,1.2084592145015105,327,321,4,0,317,314,17844,10,0,0,10,7
2020-10-29,US,Illinois,Hardin,56,0,0,37.51810645,-88.26873022,17069.0,1465.5849254121958,0.0,56,56,0,0,56,55,3910,0,0,0,0,1
2020-10-29,US,Illinois,Henderson,132,0,0,40.81908672,-90.92491462,17071.0,1986.1570869696052,0.0,132,131,0,0,131,129,6709,1,0,0,1,2
2020-10-29,US,Illinois,Henry,869,7,0,41.3533994,-90.13296166,17073.0,1776.6238014433786,0.8055235903337169,862,863,7,0,856,862,49090,6,0,0,6,1
2020-10-29,US,Illinois,Iroquois,527,19,0,40.74717633,-87.82466784,17075.0,1943.6453492660614,3.6053130929791273,508,515,19,0,496,505,27604,12,0,0,12,10
2020-10-29,US,Illinois,Jackson,1611,26,0,37.78595185,-89.38232563,17077.0,2838.766519823789,1.6139044072004969,1585,1584,26,0,1558,1550,57419,27,0,0,27,34
2020-10-29,US,Illinois,Jasper,275,10,0,39.01054275,-88.15437049,17079.0,2861.602497398543,3.636363636363636,265,272,10,0,262,266,9611,3,0,0,3,6
2020-10-29,US,Illinois,Jefferson,939,52,0,38.29980057,-88.9240025,17081.0,2491.7736970597603,5.537806176783812,887,920,52,0,868,911,37820,19,0,0,19,9
2020-10-29,US,Illinois,Jersey,482,21,0,39.08869046,-90.35393073,17083.0,2213.7509759794243,4.356846473029045,461,481,21,0,460,477,21847,1,0,0,1,4
2020-10-29,US,Illinois,Jo Daviess,547,9,0,42.36542373,-90.21094405,17085.0,2575.935954791617,1.6453382084095065,538,536,9,0,527,518,21366,11,0,0,11,18
2020-10-29,US,Illinois,Johnson,385,0,0,37.45939802,-88.88165419,17087.0,3100.587903680438,0.0,385,376,0,0,376,366,12456,9,0,0,9,10
2020-10-29,US,Illinois,Kane,17738,351,0,41.93842729,-88.42861412,17089.0,3331.686711006512,1.9788025707520576,17387,17421,348,0,17073,17098,534216,317,3,0,314,323
2020-10-29,US,Illinois,Kankakee,3587,81,0,41.13746989,-87.86205334,17091.0,3265.005188327174,2.2581544466127683,3506,3505,81,0,3424,3444,110024,82,0,0,82,61
2020-10-29,US,Illinois,Kendall,2869,30,0,41.59081014,-88.42869583,17093.0,2224.2034266222186,1.0456605088881143,2839,2797,30,0,2767,2744,127915,72,0,0,72,53
2020-10-29,US,Illinois,Knox,1382,21,0,40.93148779,-90.21330340000002,17095.0,2780.7400551318933,1.5195369030390735,1361,1362,21,0,1341,1331,50112,20,0,0,20,31
2020-10-29,US,Illinois,LaSalle,2584,67,0,41.34426129999999,-88.88633881,17099.0,2377.863052020356,2.5928792569659445,2517,2554,65,0,2489,2473,109430,30,2,0,28,81
2020-10-29,US,Illinois,Lake,21608,518,0,42.3224907,-88.00367925,17097.0,3102.2130976907124,2.3972602739726026,21090,21373,514,0,20859,21010,700832,235,4,0,231,363
2020-10-29,US,Illinois,Lawrence,355,8,0,38.71987914,-87.72884035,17101.0,2264.319428498533,2.2535211267605635,347,351,8,0,343,338,15765,4,0,0,4,13
2020-10-29,US,Illinois,Lee,787,2,0,41.74583951,-89.29977132,17103.0,2308.188643829188,0.25412960609911056,785,769,2,0,767,754,34223,18,0,0,18,15
2020-10-29,US,Illinois,Livingston,707,11,0,40.89188292,-88.55784752,17105.0,1983.2809694793536,1.555869872701556,696,692,10,0,682,662,35761,15,1,0,14,30
2020-10-29,US,Illinois,Logan,622,4,0,40.12581572,-89.36638784,17107.0,2173.4572646586066,0.6430868167202572,618,614,4,0,610,607,28925,8,0,0,8,7
2020-10-29,US,Illinois,Macon,3445,55,0,39.86064913,-88.96342505,17115.0,3312.213366151006,1.5965166908563135,3390,3308,54,0,3254,3234,104712,137,1,0,136,74
2020-10-29,US,Illinois,Macoupin,843,11,0,39.26119767,-89.92424028,17117.0,1876.4190001335528,1.3048635824436536,832,829,11,0,818,824,45313,14,0,0,14,5
2020-10-29,US,Illinois,Madison,7440,157,0,38.83042506,-89.90422563,17119.0,2829.263098651537,2.110215053763441,7283,7373,157,0,7216,7264,264461,67,0,0,67,109
2020-10-29,US,Illinois,Marion,1147,23,0,38.64963204,-88.91899208,17121.0,3082.91896250504,2.005231037489102,1124,1102,20,0,1082,1051,37620,45,3,0,42,51
2020-10-29,US,Illinois,Marshall,170,3,0,41.0327901,-89.34510444,17123.0,1486.2738240951214,1.7647058823529411,167,166,3,0,163,161,11534,4,0,0,4,5
2020-10-29,US,Illinois,Mason,342,5,0,40.23917274,-89.91824452,17125.0,2560.0718616662925,1.4619883040935673,337,317,5,0,312,317,13565,25,0,0,25,0
2020-10-29,US,Illinois,Massac,161,2,0,37.22078441,-88.71036614,17127.0,1169.0386291025268,1.2422360248447204,159,158,2,0,156,156,14080,3,0,0,3,2
2020-10-29,US,Illinois,McDonough,799,21,0,40.45674722,-90.67775541,17109.0,2691.867124856816,2.6282853566958697,778,789,20,0,769,780,29955,10,1,0,9,9
2020-10-29,US,Illinois,McHenry,6815,121,0,42.32451172,-88.45248227,17111.0,2214.2871067731517,1.7754952311078502,6694,6671,121,0,6550,6545,308570,144,0,0,144,126
2020-10-29,US,Illinois,McLean,4324,37,0,40.48996987,-88.84621113,17113.0,2521.0329005288104,0.8556891766882516,4287,4301,38,0,4263,4255,172828,23,-1,0,24,46
2020-10-29,US,Illinois,Menard,188,1,0,40.02742725,-89.80246001,17129.0,1541.4890127910792,0.5319148936170213,187,188,1,0,187,187,12288,0,0,0,0,1
2020-10-29,US,Illinois,Mercer,299,6,0,41.20596782,-90.74290052,17131.0,1936.9048390231264,2.0066889632107023,293,287,6,0,281,287,15601,12,0,0,12,0
2020-10-29,US,Illinois,Monroe,1000,30,0,38.27594376,-90.17761038,17133.0,2887.086064035569,3.0,970,971,30,0,941,935,34335,29,0,0,29,36
2020-10-29,US,Illinois,Montgomery,656,16,0,39.23198845,-89.47809254,17135.0,2308.721053002041,2.4390243902439024,640,644,16,0,628,625,28601,12,0,0,12,19
2020-10-29,US,Illinois,Morgan,999,25,0,39.71654544,-90.20255104,17137.0,2968.0907956503656,2.5025025025025025,974,983,24,0,959,956,33976,16,1,0,15,27
2020-10-29,US,Illinois,Moultrie,453,6,0,39.64187451,-88.62099969,17139.0,3123.9224881042687,1.3245033112582782,447,443,6,0,437,434,14717,10,0,0,10,9
2020-10-29,US,Illinois,Ogle,1317,8,0,42.04165196,-89.32184679,17141.0,2600.5568390498192,0.6074411541381929,1309,1271,7,0,1264,1236,50923,46,1,0,45,35
2020-10-29,US,Illinois,Out of IL,1,0,0,0.0,0.0,80017.0,0.0,0.0,1,1,0,0,1,1,,0,0,0,0,0
2020-10-29,US,Illinois,Peoria,4830,77,0,40.78702156,-89.76078901,17143.0,2695.6283939524164,1.5942028985507246,4753,4748,77,0,4671,4680,180621,82,0,0,82,68
2020-10-29,US,Illinois,Perry,478,16,0,38.08510853,-89.36856219,17145.0,2285.331803404093,3.3472803347280333,462,465,16,0,449,451,21174,13,0,0,13,14
2020-10-29,US,Illinois,Piatt,273,1,0,40.01360584,-88.59319339,17147.0,1670.3377386196769,0.3663003663003663,272,265,1,0,264,257,16396,8,0,0,8,8
2020-10-29,US,Illinois,Pike,406,7,0,39.62265059,-90.8877017,17149.0,2609.0868196131355,1.7241379310344829,399,388,7,0,381,367,15611,18,0,0,18,21
2020-10-29,US,Illinois,Pope,43,1,0,37.41391284,-88.56152109,17151.0,1029.4469715106536,2.3255813953488373,42,42,1,0,41,42,4212,1,0,0,1,0
2020-10-29,US,Illinois,Pulaski,246,1,0,37.22631423,-89.13085001,17153.0,4611.059044048735,0.4065040650406504,245,245,1,0,244,245,5463,1,0,0,1,0
2020-10-29,US,Illinois,Putnam,98,0,0,41.2013541,-89.2869272,17155.0,1707.6145669977348,0.0,98,98,0,0,98,93,5740,0,0,0,0,5
2020-10-29,US,Illinois,Randolph,1338,15,0,38.05095369,-89.82512254,17157.0,4209.930149141023,1.1210762331838564,1323,1314,15,0,1299,1293,32106,24,0,0,24,21
2020-10-29,US,Illinois,Richland,342,18,0,38.71240969,-88.08475366,17159.0,2204.602591374976,5.2631578947368425,324,342,18,0,324,337,15763,0,0,0,0,5
2020-10-29,US,Illinois,Rock Island,4263,95,0,41.46613806,-90.57042164,17161.0,3004.6729960036373,2.228477597935726,4168,4173,93,0,4080,4128,143477,90,2,0,88,45
2020-10-29,US,Illinois,Saline,613,9,0,37.75332999,-88.54119706,17165.0,2609.510025116002,1.4681892332789561,604,596,9,0,587,573,23906,17,0,0,17,23
2020-10-29,US,Illinois,Sangamon,4322,64,0,39.75836914,-89.65872023,17167.0,2220.1446535711348,1.4807959278111986,4258,4248,63,0,4185,4151,195348,74,1,0,73,97
2020-10-29,US,Illinois,Schuyler,98,1,0,40.157179799999994,-90.61114163,17169.0,1447.9905437352247,1.020408163265306,97,93,1,0,92,94,6907,5,0,0,5,-1
2020-10-29,US,Illinois,Scott,112,0,0,39.642916899999996,-90.47814431,17171.0,2262.169258735609,0.0,112,109,0,0,109,107,4926,3,0,0,3,2
2020-10-29,US,Illinois,Shelby,732,12,0,39.39133527,-88.80611122,17173.0,3383.562910233891,1.639344262295082,720,715,12,0,703,702,21741,17,0,0,17,13
2020-10-29,US,Illinois,St. Clair,8173,223,0,38.46996033,-89.93063427,17163.0,3147.262463128548,2.728496268200171,7950,8096,221,0,7875,8042,261059,77,2,0,75,54
2020-10-29,US,Illinois,Stark,94,3,0,41.09309773,-89.79745866,17175.0,1759.6405840509174,3.191489361702128,91,92,3,0,89,88,5427,2,0,0,2,4
2020-10-29,US,Illinois,Stephenson,1129,9,0,42.35129217,-89.662598,17177.0,2537.192682817205,0.7971656333038086,1120,1075,9,0,1066,1032,44753,54,0,0,54,43
2020-10-29,US,Illinois,Tazewell,2853,58,0,40.50716185,-89.51404662,17179.0,2164.5941291169397,2.032947774272696,2795,2809,56,0,2753,2735,132328,44,2,0,42,74
2020-10-29,US,Illinois,Unassigned,4770,270,0,0.0,0.0,90017.0,0.0,5.660377358490566,4500,4786,270,0,4516,4784,,-16,0,0,-16,2
2020-10-29,US,Illinois,Union,802,25,0,37.47119609,-89.25548938,17181.0,4815.94907824416,3.1172069825436415,777,799,25,0,774,792,16841,3,0,0,3,7
2020-10-29,US,Illinois,Vermilion,1830,11,0,40.18417171,-87.73384359,17183.0,2415.5864727157527,0.6010928961748634,1819,1810,11,0,1799,1784,76806,20,0,0,20,26
2020-10-29,US,Illinois,Wabash,243,6,0,38.44272901,-87.84922065,17185.0,2109.375,2.469135802469136,237,241,5,0,236,233,11549,2,1,0,1,8
2020-10-29,US,Illinois,Warren,541,9,0,40.84925021,-90.6147432,17187.0,3211.8261695559254,1.6635859519408502,532,529,9,0,520,516,17032,12,0,0,12,13
2020-10-29,US,Illinois,Washington,332,2,0,38.35309213,-89.40982703,17189.0,2390.725138618853,0.6024096385542169,330,327,2,0,325,322,13995,5,0,0,5,5
2020-10-29,US,Illinois,Wayne,519,15,0,38.42955355,-88.42586459,17191.0,3200.740055504163,2.8901734104046244,504,509,14,0,495,502,16332,10,1,0,9,7
2020-10-29,US,Illinois,White,279,4,0,38.08706198,-88.17657461,17193.0,2061.017950801507,1.4336917562724014,275,274,4,0,270,270,13665,5,0,0,5,4
2020-10-29,US,Illinois,Whiteside,1646,30,0,41.75509713,-89.91556058,17195.0,2983.2351608518347,1.8226002430133657,1616,1584,30,0,1554,1514,55626,62,0,0,62,70
2020-10-29,US,Illinois,Will,19516,434,0,41.44619267,-87.97862712,17197.0,2825.3634130204723,2.2238163558106168,19082,19141,430,0,18711,18807,692310,375,4,0,371,334
2020-10-29,US,Illinois,Williamson,1979,61,0,37.73033511,-88.92994027,17199.0,2971.6053275673075,3.0823648307225877,1918,1938,61,0,1877,1905,67056,41,0,0,41,33
2020-10-29,US,Illinois,Winnebago,10930,185,0,42.33641854,-89.16085327,17201.0,3868.040711747802,1.6925892040256176,10745,10703,182,0,10521,10463,284081,227,3,0,224,240
2020-10-29,US,Illinois,Woodford,692,15,0,40.78579374,-89.20973757,17203.0,1799.3187550378327,2.167630057803468,677,676,15,0,661,660,38463,16,0,0,16,16
2020-10-29,US,Indiana,Adams,633,7,0,40.7457653,-84.93671406,18001.0,1769.293121279034,1.1058451816745656,626,617,7,0,610,577,35636,16,0,0,16,40
2020-10-29,US,Indiana,Allen,9123,235,0,41.09194313,-85.06800636,18003.0,2405.2264835921,2.575907048120136,8888,8886,235,0,8651,8741,375351,237,0,0,237,145
2020-10-29,US,Indiana,Bartholomew,1532,59,0,39.20744865,-85.89558181,18005.0,1828.620537366165,3.8511749347258486,1473,1507,58,0,1449,1490,82753,25,1,0,24,17
2020-10-29,US,Indiana,Benton,116,0,0,40.60626947,-87.31093999,18007.0,1326.0173754000916,0.0,116,113,0,0,113,111,8653,3,0,0,3,2
2020-10-29,US,Indiana,Blackford,255,5,0,40.47388153,-85.32499702,18009.0,2168.736179622385,1.96078431372549,250,252,5,0,247,242,11930,3,0,0,3,10
2020-10-29,US,Indiana,Boone,1348,50,0,40.0509304,-86.46841646,18011.0,1986.9404360066626,3.70919881305638,1298,1325,50,0,1275,1310,66999,23,0,0,23,15
2020-10-29,US,Indiana,Brown,152,3,0,39.19605589,-86.22868909,18013.0,1007.1561091969256,1.973684210526316,149,152,3,0,149,150,15234,0,0,0,0,2
2020-10-29,US,Indiana,Carroll,364,13,0,40.580783200000006,-86.56198812,18015.0,1796.9097102236265,3.571428571428572,351,352,13,0,339,347,20127,12,0,0,12,5
2020-10-29,US,Indiana,Cass,2344,26,0,40.76135835,-86.34830753,18017.0,6219.32128737828,1.1092150170648465,2318,2327,25,0,2302,2301,37955,17,1,0,16,26
2020-10-29,US,Indiana,Clark,3188,65,0,38.48015445,-85.70510334,18019.0,2694.7980592044087,2.0388958594730244,3123,3129,65,0,3064,3085,117360,59,0,0,59,44
2020-10-29,US,Indiana,Clay,492,7,0,39.39561833,-87.11723506,18021.0,1876.0724499523355,1.4227642276422765,485,475,7,0,468,469,26170,17,0,0,17,6
2020-10-29,US,Indiana,Clinton,978,16,0,40.30319754,-86.47277257,18023.0,3018.6116855458504,1.6359918200408998,962,952,16,0,936,935,32250,26,0,0,26,17
2020-10-29,US,Indiana,Crawford,169,1,0,38.28814402,-86.44518825,18025.0,1597.8065614068262,0.591715976331361,168,166,1,0,165,165,10558,3,0,0,3,1
2020-10-29,US,Indiana,Daviess,960,36,0,38.70186039,-87.07185406,18027.0,2878.474408563461,3.75,924,941,36,0,905,932,33147,19,0,0,19,9
2020-10-29,US,Indiana,DeKalb,824,13,0,41.39804622,-84.99906934,18033.0,1895.3421506613001,1.577669902912621,811,800,11,0,789,781,43226,24,2,0,22,19
2020-10-29,US,Indiana,Dearborn,1097,28,0,39.14647946,-84.97333539,18029.0,2218.043592543168,2.552415679124886,1069,1058,28,0,1030,1038,49568,39,0,0,39,20
2020-10-29,US,Indiana,Decatur,562,39,0,39.30712658,-85.50087166,18031.0,2116.0435257351555,6.93950177935943,523,547,39,0,508,533,26794,15,0,0,15,14
2020-10-29,US,Indiana,Delaware,3263,78,0,40.22787247,-85.39732772,18035.0,2858.8951680028035,2.3904382470119523,3185,3185,77,0,3108,3144,114772,78,1,0,77,41
2020-10-29,US,Indiana,Dubois,1557,27,0,38.36597551,-86.87924170000002,18037.0,3643.2983901160615,1.7341040462427746,1530,1535,26,0,1509,1479,42565,22,1,0,21,56
2020-10-29,US,Indiana,Elkhart,9783,146,0,41.59761169,-85.85875695,18039.0,4741.18086080808,1.4923847490544824,9637,9549,145,0,9404,9402,205560,234,1,0,233,147
2020-10-29,US,Indiana,Fayette,849,22,0,39.63684962,-85.17797541,18041.0,3675.0064929443347,2.591283863368669,827,810,22,0,788,790,23047,39,0,0,39,20
2020-10-29,US,Indiana,Floyd,1933,69,0,38.32117957,-85.90385377,18043.0,2461.730470441405,3.5695809622348684,1864,1905,69,0,1836,1884,77781,28,0,0,28,21
2020-10-29,US,Indiana,Fountain,364,3,0,40.12361933,-87.24217689,18045.0,2226.8444879481217,0.8241758241758241,361,356,3,0,353,339,16351,8,0,0,8,17
2020-10-29,US,Indiana,Franklin,396,25,0,39.4142482,-85.06062647,18047.0,1740.047455839705,6.313131313131312,371,388,25,0,363,383,22736,8,0,0,8,5
2020-10-29,US,Indiana,Fulton,415,9,0,41.0469907,-86.26252745,18049.0,2077.701011314709,2.1686746987951806,406,411,8,0,403,395,20092,4,1,0,3,16
2020-10-29,US,Indiana,Gibson,982,12,0,38.30393723,-87.58054938,18051.0,2917.4960634599956,1.2219959266802445,970,967,12,0,955,956,33452,15,0,0,15,11
2020-10-29,US,Indiana,Grant,1412,40,0,40.51587228,-85.65468702,18053.0,2146.908117806261,2.8328611898016995,1372,1381,40,0,1341,1354,65936,31,0,0,31,27
2020-10-29,US,Indiana,Greene,608,38,0,39.03630547,-86.96223202,18055.0,1904.6425662552472,6.25,570,594,38,0,556,581,32006,14,0,0,14,13
2020-10-29,US,Indiana,Hamilton,6697,120,0,40.07306535,-86.05244729,18057.0,1981.296466683037,1.791847095714499,6577,6541,119,0,6422,6462,330086,156,1,0,155,79
2020-10-29,US,Indiana,Hancock,1302,44,0,39.82304555,-85.77566351,18059.0,1665.6432299662265,3.3794162826420893,1258,1271,44,0,1227,1250,76351,31,0,0,31,21
2020-10-29,US,Indiana,Harrison,835,24,0,38.19467379,-86.10948271,18061.0,2060.9650746637053,2.8742514970059885,811,824,24,0,800,807,40350,11,0,0,11,17
2020-10-29,US,Indiana,Hendricks,3532,139,0,39.76719009,-86.51037283,18063.0,2073.8531275137834,3.9354473386183466,3393,3472,138,0,3334,3442,167009,60,1,0,59,30
2020-10-29,US,Indiana,Henry,1405,30,0,39.93029017,-85.39625719,18065.0,2928.7917952138746,2.1352313167259784,1375,1377,30,0,1347,1343,48271,28,0,0,28,34
2020-10-29,US,Indiana,Howard,1762,67,0,40.48527731,-86.11351892,18067.0,2134.6191122310524,3.802497162315551,1695,1725,66,0,1659,1701,82366,37,1,0,36,24
2020-10-29,US,Indiana,Huntington,498,5,0,40.82907273,-85.48822092,18069.0,1363.6363636363635,1.0040160642570282,493,472,5,0,467,454,36240,26,0,0,26,18
2020-10-29,US,Indiana,Jackson,1254,20,0,38.90915820000001,-86.03851889,18071.0,2835.1156428749073,1.5948963317384368,1234,1233,19,0,1214,1225,44111,21,1,0,20,8
2020-10-29,US,Indiana,Jasper,739,5,0,41.02078733,-87.11553319,18073.0,2201.895000297956,0.6765899864682002,734,723,5,0,718,707,33370,16,0,0,16,16
2020-10-29,US,Indiana,Jay,381,6,0,40.43781032,-85.00576229,18075.0,1864.3570170287728,1.5748031496062993,375,351,6,0,345,348,20764,30,0,0,30,3
2020-10-29,US,Indiana,Jefferson,416,5,0,38.78576239,-85.43633383,18077.0,1287.6067846972885,1.2019230769230769,411,409,5,0,404,365,32208,7,0,0,7,44
2020-10-29,US,Indiana,Jennings,402,13,0,38.99588883,-85.62710784,18079.0,1449.4321254732288,3.2338308457711444,389,396,13,0,383,388,27611,6,0,0,6,8
2020-10-29,US,Indiana,Johnson,3438,132,0,39.48994426,-86.10149107,18081.0,2173.6518995745005,3.8394415357766154,3306,3352,131,0,3221,3307,156225,86,1,0,85,45
2020-10-29,US,Indiana,Knox,892,10,0,38.68861576,-87.4194665,18083.0,2437.558069628901,1.1210762331838564,882,861,10,0,851,839,36895,31,0,0,31,22
2020-10-29,US,Indiana,Kosciusko,2195,29,0,41.24521668,-85.86312322,18085.0,2762.535239629481,1.3211845102505697,2166,2147,29,0,2118,2103,79344,48,0,0,48,44
2020-10-29,US,Indiana,LaGrange,851,15,0,41.64232188,-85.42674232,18087.0,2148.2304235876204,1.7626321974148058,836,831,15,0,816,828,39330,20,0,0,20,3
2020-10-29,US,Indiana,LaPorte,2488,67,0,41.54366008,-86.74072188,18091.0,2264.1234711706466,2.6929260450160766,2421,2441,65,0,2376,2414,110007,47,2,0,45,27
2020-10-29,US,Indiana,Lake,15074,371,0,41.41874274,-87.38277575,18089.0,3104.885137375822,2.461191455486268,14703,14804,364,0,14440,14627,484411,270,7,0,263,177
2020-10-29,US,Indiana,Lawrence,1042,38,0,38.84112637,-86.48361629,18093.0,2296.6718095657925,3.646833013435701,1004,1022,38,0,984,992,45668,20,0,0,20,30
2020-10-29,US,Indiana,Madison,2703,98,0,40.16143691,-85.71964711,18095.0,2086.1471493953027,3.6256011838697737,2605,2607,97,0,2510,2547,129641,96,1,0,95,60
2020-10-29,US,Indiana,Marion,26807,796,0,39.78163624,-86.13826325,18097.0,2779.1312713693605,2.969373671056068,26011,26448,794,0,25654,26255,954670,359,2,0,357,193
2020-10-29,US,Indiana,Marshall,1549,30,0,41.32467367,-86.26185087,18099.0,3348.6099701673224,1.9367333763718528,1519,1528,29,0,1499,1490,46248,21,1,0,20,38
2020-10-29,US,Indiana,Martin,207,0,0,38.7099921,-86.80373186,18101.0,2018.5275475377866,0.0,207,205,0,0,205,204,10217,2,0,0,2,1
2020-10-29,US,Indiana,Miami,720,5,0,40.76940965,-86.04525048,18103.0,2027.2553215452192,0.6944444444444444,715,698,5,0,693,690,35567,22,0,0,22,8
2020-10-29,US,Indiana,Monroe,3450,38,0,39.16130004,-86.52414358,18105.0,2324.3123067283786,1.1014492753623188,3412,3426,38,0,3388,3375,146917,24,0,0,24,51
2020-10-29,US,Indiana,Montgomery,666,22,0,40.04034823,-86.89335024,18107.0,1737.1798215869376,3.3033033033033035,644,653,22,0,631,644,38346,13,0,0,13,9
2020-10-29,US,Indiana,Morgan,1030,40,0,39.47899078,-86.44573375,18109.0,1461.2208997148487,3.8834951456310685,990,1009,40,0,969,1004,70116,21,0,0,21,5
2020-10-29,US,Indiana,Newton,244,11,0,40.95610449,-87.39635768,18111.0,1744.8512585812352,4.508196721311474,233,241,11,0,230,240,14011,3,0,0,3,1
2020-10-29,US,Indiana,Noble,1293,35,0,41.39672484,-85.41966713,18113.0,2708.1936997319035,2.7068832173240525,1258,1273,35,0,1238,1245,47532,20,0,0,20,28
2020-10-29,US,Indiana,Ohio,145,7,0,38.955304999999996,-84.96515993,18115.0,2468.085106382979,4.827586206896552,138,137,7,0,130,136,5844,8,0,0,8,1
2020-10-29,US,Indiana,Orange,436,25,0,38.54118920000001,-86.49523093,18117.0,2219.2812786317827,5.73394495412844,411,432,25,0,407,425,19489,4,0,0,4,7
2020-10-29,US,Indiana,Owen,225,1,0,39.31145587,-86.83900724,18119.0,1081.782778018174,0.4444444444444444,224,221,1,0,220,217,20845,4,0,0,4,4
2020-10-29,US,Indiana,Parke,272,4,0,39.77202286,-87.20375833,18121.0,1605.9514672019839,1.4705882352941178,268,264,4,0,260,260,16927,8,0,0,8,4
2020-10-29,US,Indiana,Perry,421,14,0,38.07809328,-86.63741946,18123.0,2196.254369033335,3.32541567695962,407,404,14,0,390,377,19102,17,0,0,17,27
2020-10-29,US,Indiana,Pike,370,18,0,38.40112197,-87.23574907,18125.0,2986.5203002663648,4.864864864864865,352,367,18,0,349,363,12410,3,0,0,3,4
2020-10-29,US,Indiana,Porter,3723,51,0,41.45986947,-87.06848888,18127.0,2185.000205412321,1.3698630136986298,3672,3614,51,0,3563,3554,169594,109,0,0,109,60
2020-10-29,US,Indiana,Posey,805,8,0,38.02097333,-87.86480429,18129.0,3165.925984190035,0.9937888198757764,797,783,7,0,776,778,25540,22,1,0,21,5
2020-10-29,US,Indiana,Pulaski,187,4,0,41.04166107,-86.69890683,18131.0,1513.8023152270707,2.1390374331550803,183,181,4,0,177,179,12469,6,0,0,6,2
2020-10-29,US,Indiana,Putnam,800,17,0,39.66437981,-86.84517605,18133.0,2129.0185224611455,2.125,783,788,17,0,771,783,37779,12,0,0,12,5
2020-10-29,US,Indiana,Randolph,439,11,0,40.15734772,-85.01139319,18135.0,1779.84998986418,2.5056947608200457,428,427,11,0,416,421,24851,12,0,0,12,6
2020-10-29,US,Indiana,Ripley,517,8,0,39.10235626,-85.26212744,18137.0,1825.3071600056487,1.5473887814313343,509,501,8,0,493,488,28523,16,0,0,16,13
2020-10-29,US,Indiana,Rush,273,4,0,39.62002287,-85.4655599,18139.0,1646.46281888909,1.465201465201465,269,265,4,0,261,254,16663,8,0,0,8,11
2020-10-29,US,Indiana,Scott,579,16,0,38.68672078,-85.74627859,18143.0,2425.334059397646,2.763385146804836,563,569,16,0,553,559,23878,10,0,0,10,10
2020-10-29,US,Indiana,Shelby,957,37,0,39.52305623,-85.79158570000001,18145.0,2139.551521384337,3.8662486938349008,920,945,36,0,909,918,44593,12,1,0,11,27
2020-10-29,US,Indiana,Spencer,443,6,0,38.01519732,-87.0079644,18147.0,2184.741332544262,1.3544018058690743,437,433,6,0,427,423,20327,10,0,0,10,10
2020-10-29,US,Indiana,St. Joseph,10092,174,0,41.61756781,-86.29040834,18141.0,3712.669133931265,1.7241379310344829,9918,9866,173,0,9693,9725,270771,226,1,0,225,141
2020-10-29,US,Indiana,Starke,492,9,0,41.27890281,-86.64686895,18149.0,2139.5955642530985,1.8292682926829267,483,473,10,0,463,460,22935,19,-1,0,20,13
2020-10-29,US,Indiana,Steuben,705,9,0,41.64423868,-85.00101094,18151.0,2037.9256518471411,1.2765957446808511,696,684,9,0,675,674,34586,21,0,0,21,10
2020-10-29,US,Indiana,Sullivan,481,14,0,39.08952258,-87.41414469,18153.0,2327.1566113503313,2.9106029106029108,467,474,14,0,460,467,20690,7,0,0,7,7
2020-10-29,US,Indiana,Switzerland,107,0,0,38.82767338,-85.03022429,18155.0,995.2562552320717,0.0,107,103,0,0,103,99,10717,4,0,0,4,4
2020-10-29,US,Indiana,Tippecanoe,4246,16,0,40.38872739,-86.89413959,18157.0,2169.2927063535853,0.3768252472915685,4230,4098,16,0,4082,4024,193048,148,0,0,148,74
2020-10-29,US,Indiana,Tipton,294,23,0,40.31123252,-86.05234925,18159.0,1940.8502772643253,7.82312925170068,271,286,23,0,263,285,15128,8,0,0,8,1
2020-10-29,US,Indiana,Unassigned,0,236,0,0.0,0.0,90018.0,0.0,0.0,-236,0,236,0,-236,0,,0,0,0,0,0
2020-10-29,US,Indiana,Union,128,0,0,39.62550777,-84.92497066,18161.0,1814.5732917493624,0.0,128,124,0,0,124,118,7037,4,0,0,4,6
2020-10-29,US,Indiana,Vanderburgh,6405,72,0,38.02658833,-87.58763124,18163.0,3529.878589812125,1.1241217798594847,6333,6269,70,0,6199,6224,180974,136,2,0,134,45
2020-10-29,US,Indiana,Vermillion,291,1,0,39.8523352,-87.46160542,18165.0,1877.6616337591947,0.3436426116838488,290,287,1,0,286,276,15479,4,0,0,4,11
2020-10-29,US,Indiana,Vigo,2930,42,0,39.42944561,-87.39169027,18167.0,2737.345615575777,1.4334470989761092,2888,2883,41,0,2842,2806,107386,47,1,0,46,77
2020-10-29,US,Indiana,Wabash,507,9,0,40.84704239,-85.79328272,18169.0,1635.6949283778551,1.7751479289940828,498,489,9,0,480,459,31280,18,0,0,18,30
2020-10-29,US,Indiana,Warren,102,1,0,40.34728141,-87.35602659,18171.0,1234.119782214156,0.9803921568627452,101,102,1,0,101,92,8263,0,0,0,0,10
2020-10-29,US,Indiana,Warrick,2121,66,0,38.08922676,-87.2716085,18173.0,3366.773548366615,3.111739745403112,2055,2089,65,0,2024,2068,62567,32,1,0,31,21
2020-10-29,US,Indiana,Washington,414,3,0,38.60219804,-86.1049363,18175.0,1476.6728491938934,0.7246376811594203,411,398,3,0,395,392,27943,16,0,0,16,6
2020-10-29,US,Indiana,Wayne,1569,33,0,39.863344399999995,-85.01044989,18177.0,2381.45832068484,2.103250478011472,1536,1498,33,0,1465,1455,65936,71,0,0,71,43
2020-10-29,US,Indiana,Wells,504,12,0,40.72934187,-85.22132966,18179.0,1781.1704834605594,2.380952380952381,492,490,11,0,479,473,28206,14,1,0,13,17
2020-10-29,US,Indiana,White,658,16,0,40.74911165,-86.86492015,18181.0,2730.063895112439,2.4316109422492405,642,640,16,0,624,630,24133,18,0,0,18,10
2020-10-29,US,Indiana,Whitley,521,6,0,41.13863784,-85.50791236,18183.0,1533.9771522788833,1.151631477927063,515,508,6,0,502,492,34074,13,0,0,13,16
2020-10-29,US,Iowa,Adair,197,1,0,41.33075609,-94.47105874,19001.0,2754.474272930649,0.5076142131979695,196,191,1,0,190,177,7063,6,0,0,6,14
2020-10-29,US,Iowa,Adams,84,1,0,41.02903567,-94.69932645,19003.0,2332.037756801777,1.1904761904761905,83,84,1,0,83,83,3645,0,0,0,0,1
2020-10-29,US,Iowa,Allamakee,399,9,0,43.28383218,-91.37860922,19005.0,2915.1749835610435,2.255639097744361,390,387,9,0,378,380,13832,12,0,0,12,7
2020-10-29,US,Iowa,Appanoose,250,3,0,40.74324454,-92.86865906,19007.0,2011.9105102205053,1.2,247,234,3,0,231,233,12437,16,0,0,16,1
2020-10-29,US,Iowa,Audubon,160,1,0,41.6844628,-94.90581859,19009.0,2911.208151382824,0.625,159,156,1,0,155,151,5506,4,0,0,4,5
2020-10-29,US,Iowa,Benton,648,2,0,42.08011739,-92.06463573,19011.0,2526.8083447065706,0.308641975308642,646,622,2,0,620,598,25642,26,0,0,26,24
2020-10-29,US,Iowa,Black Hawk,5974,102,0,42.4704581,-92.30524729,19013.0,4552.382113573322,1.7073987278205558,5872,5862,102,0,5760,5727,132408,112,0,0,112,135
2020-10-29,US,Iowa,Boone,750,9,0,42.03657094,-93.9313999,19015.0,2858.8854158725317,1.2,741,736,9,0,727,726,26346,14,0,0,14,10
2020-10-29,US,Iowa,Bremer,719,9,0,42.77461496,-92.31795937,19017.0,2868.885164791317,1.2517385257301807,710,702,9,0,693,687,24947,17,0,0,17,15
2020-10-29,US,Iowa,Buchanan,487,5,0,42.4709188,-91.83510825,19019.0,2299.8819362455724,1.026694045174538,482,475,5,0,470,462,21199,12,0,0,12,13
2020-10-29,US,Iowa,Buena Vista,2302,12,0,42.73545875,-95.15100162,19021.0,11732.925586136596,0.5212858384013901,2290,2279,12,0,2267,2268,19874,23,0,0,23,11
2020-10-29,US,Iowa,Butler,408,3,0,42.73172833,-92.79015971,19023.0,2825.680448784542,0.7352941176470589,405,396,3,0,393,388,14539,12,0,0,12,8
2020-10-29,US,Iowa,Calhoun,326,4,0,42.38521079,-94.64046046,19025.0,3371.948696731485,1.2269938650306749,322,323,4,0,319,312,9699,3,0,0,3,11
2020-10-29,US,Iowa,Carroll,1204,13,0,42.03617207,-94.86032705,19027.0,5970.7413835854195,1.079734219269103,1191,1189,13,0,1176,1168,20154,15,0,0,15,21
2020-10-29,US,Iowa,Cass,423,3,0,41.33149454,-94.92792482,19029.0,3295.4191336865065,0.7092198581560284,420,412,3,0,409,402,12930,11,0,0,11,10
2020-10-29,US,Iowa,Cedar,508,7,0,41.77233777,-91.13246684,19031.0,2727.223922263381,1.3779527559055118,501,494,7,0,487,477,18627,14,0,0,14,17
2020-10-29,US,Iowa,Cerro Gordo,1502,27,0,43.08177563,-93.2612239,19033.0,3538.2803297997643,1.7976031957390146,1475,1461,27,0,1434,1402,42647,41,0,0,41,59
2020-10-29,US,Iowa,Cherokee,412,2,0,42.73538914,-95.62389402,19035.0,3667.1117044948815,0.4854368932038835,410,411,2,0,409,406,11321,1,0,0,1,5
2020-10-29,US,Iowa,Chickasaw,373,1,0,43.06001295,-92.31773347,19037.0,3125.7856364702925,0.2680965147453083,372,369,1,0,368,364,11964,4,0,0,4,5
2020-10-29,US,Iowa,Clarke,357,3,0,41.02868181,-93.78499767,19039.0,3799.893560404471,0.8403361344537815,354,357,3,0,354,357,9423,0,0,0,0,0
2020-10-29,US,Iowa,Clay,557,4,0,43.08247182,-95.15096481,19041.0,3477.772227772228,0.7181328545780971,553,547,4,0,543,541,16134,10,0,0,10,6
2020-10-29,US,Iowa,Clayton,492,3,0,42.84443388,-91.34133693,19043.0,2803.578551484415,0.6097560975609756,489,461,3,0,458,450,17556,31,0,0,31,11
2020-10-29,US,Iowa,Clinton,1562,28,0,41.89981633,-90.53275096,19045.0,3364.276637446424,1.792573623559539,1534,1516,27,0,1489,1502,46518,46,1,0,45,14
2020-10-29,US,Iowa,Crawford,1387,14,0,42.03718237,-95.3819718,19047.0,8246.135552913198,1.009372746935833,1373,1370,14,0,1356,1363,17158,17,0,0,17,7
2020-10-29,US,Iowa,Dallas,3573,47,0,41.68560356,-94.04127625,19049.0,3823.312253218195,1.315421214665547,3526,3525,47,0,3478,3485,90180,48,0,0,48,40
2020-10-29,US,Iowa,Davis,188,4,0,40.74773536,-92.41005468,19051.0,2088.8888888888887,2.127659574468085,184,185,4,0,181,179,9017,3,0,0,3,6
2020-10-29,US,Iowa,Decatur,162,0,0,40.73742757,-93.78645949,19053.0,2058.4498094027954,0.0,162,160,0,0,160,153,7890,2,0,0,2,7
2020-10-29,US,Iowa,Delaware,827,13,0,42.47104597,-91.3664492,19055.0,4861.560166950797,1.5719467956469166,814,817,13,0,804,802,17069,10,0,0,10,15
2020-10-29,US,Iowa,Des Moines,1516,11,0,40.92012606,-91.18326592,19057.0,3890.471424538712,0.7255936675461742,1505,1473,10,0,1463,1409,39138,43,1,0,42,64
2020-10-29,US,Iowa,Dickinson,793,9,0,43.37787725,-95.1510206,19059.0,4594.9704484876565,1.1349306431273645,784,776,9,0,767,752,17153,17,0,0,17,24
2020-10-29,US,Iowa,Dubuque,5506,58,0,42.46815349,-90.88181925,19061.0,5658.1475886590415,1.0533962949509623,5448,5383,58,0,5325,5295,96854,123,0,0,123,88
2020-10-29,US,Iowa,Emmet,453,21,0,43.37782951,-94.67858943,19063.0,4919.635099913119,4.635761589403972,432,446,20,0,426,435,9253,7,1,0,6,11
2020-10-29,US,Iowa,Fayette,406,4,0,42.86271799,-91.84412309999999,19065.0,2066.1577608142493,0.9852216748768472,402,392,4,0,388,384,19660,14,0,0,14,8
2020-10-29,US,Iowa,Floyd,462,11,0,43.06000529999999,-92.78940097,19067.0,2953.5864978902955,2.380952380952381,451,452,11,0,441,440,15761,10,0,0,10,12
2020-10-29,US,Iowa,Franklin,395,18,0,42.73270384,-93.26256925,19069.0,3922.5422045680243,4.556962025316456,377,393,18,0,375,382,10124,2,0,0,2,11
2020-10-29,US,Iowa,Fremont,215,2,0,40.74542720000001,-95.60129045,19071.0,3089.080459770115,0.9302325581395348,213,212,1,0,211,209,6993,3,1,0,2,3
2020-10-29,US,Iowa,Greene,193,0,0,42.03614551,-94.39658081,19073.0,2171.467146714672,0.0,193,189,0,0,189,188,8981,4,0,0,4,1
2020-10-29,US,Iowa,Grundy,340,6,0,42.40183723,-92.78829551,19075.0,2779.5945062132123,1.7647058823529411,334,332,6,0,326,318,12304,8,0,0,8,14
2020-10-29,US,Iowa,Guthrie,420,15,0,41.68378965,-94.50111014,19077.0,3929.273084479371,3.571428571428572,405,413,15,0,398,407,10720,7,0,0,7,6
2020-10-29,US,Iowa,Hamilton,482,5,0,42.38382428,-93.70197703,19079.0,3262.708996141609,1.037344398340249,477,479,4,0,475,478,14952,3,1,0,2,1
2020-10-29,US,Iowa,Hancock,367,6,0,43.08178477,-93.73454884,19081.0,3452.492944496708,1.6348773841961852,361,339,4,0,335,331,10712,28,2,0,26,8
2020-10-29,US,Iowa,Hardin,501,7,0,42.38353877,-93.23654611,19083.0,2973.999762554909,1.3972055888223551,494,488,7,0,481,483,16868,13,0,0,13,5
2020-10-29,US,Iowa,Harrison,697,16,0,41.68330137,-95.81558439,19085.0,4961.207203359671,2.295552367288378,681,684,15,0,669,673,14134,13,1,0,12,11
2020-10-29,US,Iowa,Henry,1124,5,0,40.98767962,-91.54436349,19087.0,5632.955798336173,0.4448398576512456,1119,1095,5,0,1090,1074,20067,29,0,0,29,21
2020-10-29,US,Iowa,Howard,287,9,0,43.35671042,-92.31702714,19089.0,3133.8720244594892,3.1358885017421603,278,281,9,0,272,274,9187,6,0,0,6,7
2020-10-29,US,Iowa,Humboldt,359,3,0,42.7764426,-94.20722537,19091.0,3756.015902908559,0.8356545961002786,356,350,3,0,347,338,9547,9,0,0,9,12
2020-10-29,US,Iowa,Ida,212,2,0,42.38696136,-95.51355387,19093.0,3090.3790087463562,0.9433962264150944,210,208,2,0,206,196,6841,4,0,0,4,12
2020-10-29,US,Iowa,Iowa,442,9,0,41.68630265,-92.0643373,19095.0,2731.092436974789,2.0361990950226243,433,429,9,0,420,418,16141,13,0,0,13,11
2020-10-29,US,Iowa,Jackson,685,3,0,42.17178824,-90.57354837,19097.0,3523.8438191264977,0.4379562043795621,682,662,3,0,659,646,19432,23,0,0,23,16
2020-10-29,US,Iowa,Jasper,1197,34,0,41.68576082,-93.05567785,19099.0,3219.0399354578467,2.840434419381788,1163,1150,34,0,1116,1123,37147,47,0,0,47,27
2020-10-29,US,Iowa,Jefferson,259,1,0,41.03192394,-91.94849466,19101.0,1415.6873462694723,0.3861003861003861,258,247,1,0,246,245,18381,12,0,0,12,2
2020-10-29,US,Iowa,Johnson,6024,31,0,41.67169354,-91.58754744,19103.0,3985.7086145295752,0.5146082337317397,5993,5965,31,0,5934,5906,151260,59,0,0,59,59
2020-10-29,US,Iowa,Jones,500,4,0,42.12118609,-91.13139641,19105.0,2417.6780619892656,0.8,496,470,4,0,466,454,20744,30,0,0,30,16
2020-10-29,US,Iowa,Keokuk,173,1,0,41.33649833,-92.1785067,19107.0,1688.4637907476088,0.5780346820809249,172,171,1,0,170,164,10225,2,0,0,2,7
2020-10-29,US,Iowa,Kossuth,497,0,0,43.20405458,-94.20691791,19109.0,3355.161007223385,0.0,497,485,0,0,485,477,14908,12,0,0,12,8
2020-10-29,US,Iowa,Lee,1013,12,0,40.64181461,-91.48183025,19111.0,3009.775083934991,1.1846001974333662,1001,983,11,0,972,959,34055,30,1,0,29,24
2020-10-29,US,Iowa,Linn,6038,133,0,42.07923082,-91.59809485,19113.0,2663.3613578820145,2.2027161311692613,5905,5823,132,0,5691,5692,225909,215,1,0,214,131
2020-10-29,US,Iowa,Louisa,544,15,0,41.21842119,-91.26102611,19115.0,4929.768917082011,2.7573529411764706,529,534,15,0,519,525,11169,10,0,0,10,9
2020-10-29,US,Iowa,Lucas,213,6,0,41.02958964,-93.32780803,19117.0,2476.7441860465115,2.8169014084507036,207,210,6,0,204,206,8645,3,0,0,3,4
2020-10-29,US,Iowa,Lyon,568,8,0,43.38107862,-96.20926845,19119.0,4831.986388770736,1.4084507042253518,560,559,8,0,551,556,11811,9,0,0,9,3
2020-10-29,US,Iowa,Madison,374,3,0,41.33081904,-94.01554631,19121.0,2289.141877830824,0.8021390374331551,371,371,3,0,368,364,16249,3,0,0,3,7
2020-10-29,US,Iowa,Mahaska,738,24,0,41.33521503,-92.64083907,19123.0,3340.122199592668,3.2520325203252027,714,728,24,0,704,709,22000,10,0,0,10,19
2020-10-29,US,Iowa,Marion,1068,11,0,41.33445101,-93.09934783,19125.0,3211.740294108801,1.0299625468164797,1057,1048,11,0,1037,1032,33407,20,0,0,20,16
2020-10-29,US,Iowa,Marshall,2122,36,0,42.03586837,-92.99908190000001,19127.0,5390.027686758617,1.6965127238454287,2086,2090,36,0,2054,2044,39981,32,0,0,32,46
2020-10-29,US,Iowa,Mills,423,3,0,41.03299766,-95.61920963,19129.0,2799.6558342709645,0.7092198581560284,420,413,3,0,410,405,15063,10,0,0,10,8
2020-10-29,US,Iowa,Mitchell,296,1,0,43.35638371,-92.78887719,19131.0,2796.1458530134137,0.33783783783783783,295,288,1,0,287,283,10569,8,0,0,8,5
2020-10-29,US,Iowa,Monona,249,2,0,42.05220391,-95.95743843,19133.0,2890.307603017992,0.8032128514056225,247,247,2,0,245,245,8679,2,0,0,2,2
2020-10-29,US,Iowa,Monroe,272,12,0,41.02988815,-92.8690667,19135.0,3529.2591150901776,4.411764705882354,260,264,11,0,253,262,7790,8,1,0,7,2
2020-10-29,US,Iowa,Montgomery,190,7,0,41.03018714,-95.15642896,19137.0,1915.9019864878487,3.684210526315789,183,187,7,0,180,180,10003,3,0,0,3,7
2020-10-29,US,Iowa,Muscatine,1539,58,0,41.48370744,-91.11216970000001,19139.0,3607.256703543972,3.7686809616634176,1481,1512,58,0,1454,1487,42929,27,0,0,27,25
2020-10-29,US,Iowa,O'Brien,732,14,0,43.08310673,-95.62474482,19141.0,5322.475096342616,1.9125683060109289,718,704,14,0,690,687,13840,28,0,0,28,17
2020-10-29,US,Iowa,Osceola,302,0,0,43.37824276,-95.62422844,19143.0,5068.815038603559,0.0,302,293,0,0,293,289,6040,9,0,0,9,4
2020-10-29,US,Iowa,Page,420,0,0,40.7393172,-95.1497813,19145.0,2780.1681339776264,0.0,420,419,0,0,419,413,15249,1,0,0,1,6
2020-10-29,US,Iowa,Palo Alto,329,2,0,43.08193849,-94.67824621,19147.0,3702.4532973216296,0.6079027355623101,327,326,2,0,324,316,8929,3,0,0,3,10
2020-10-29,US,Iowa,Plymouth,1728,31,0,42.737633,-96.21366621,19149.0,6863.407077888549,1.7939814814814814,1697,1703,31,0,1672,1678,25095,25,0,0,25,25
2020-10-29,US,Iowa,Pocahontas,244,2,0,42.73420133,-94.67862564,19151.0,3686.3574558090345,0.819672131147541,242,238,2,0,236,232,6740,6,0,0,6,6
2020-10-29,US,Iowa,Polk,19732,289,0,41.68679484,-93.57767461,19153.0,4025.6160730861898,1.4646259882424488,19443,19440,289,0,19151,19173,487204,292,0,0,292,267
2020-10-29,US,Iowa,Pottawattamie,3378,45,0,41.33640314,-95.53907776,19155.0,3624.230199772546,1.3321492007104796,3333,3332,45,0,3287,3267,93533,46,0,0,46,65
2020-10-29,US,Iowa,Poweshiek,476,11,0,41.68625425,-92.53155731,19157.0,2572.4167747514052,2.310924369747899,465,472,11,0,461,462,18699,4,0,0,4,10
2020-10-29,US,Iowa,Ringgold,99,2,0,40.73518949,-94.24368535,19159.0,2022.8851655087867,2.0202020202020203,97,92,2,0,90,92,4968,7,0,0,7,0
2020-10-29,US,Iowa,Sac,411,4,0,42.38624071,-95.10547892,19161.0,4227.960086410863,0.97323600973236,407,407,4,0,403,403,9719,4,0,0,4,4
2020-10-29,US,Iowa,Scott,4873,43,0,41.63935978,-90.61959493,19163.0,2817.6913780841087,0.8824132977631849,4830,4744,42,0,4702,4662,173283,129,1,0,128,82
2020-10-29,US,Iowa,Shelby,402,2,0,41.6850066,-95.31015553,19165.0,3509.690937663698,0.4975124378109453,400,393,2,0,391,381,11578,9,0,0,9,12
2020-10-29,US,Iowa,Sioux,2544,17,0,43.08221074,-96.17675679999999,19167.0,7298.809353033997,0.6682389937106918,2527,2498,17,0,2481,2470,34909,46,0,0,46,28
2020-10-29,US,Iowa,Story,4111,18,0,42.03621213,-93.46499005,19169.0,4233.038499953665,0.4378496716127463,4093,4082,18,0,4064,4039,98105,29,0,0,29,43
2020-10-29,US,Iowa,Tama,1005,38,0,42.07991767,-92.53266945,19171.0,5962.976148095408,3.7810945273631833,967,986,37,0,949,958,16904,19,1,0,18,28
2020-10-29,US,Iowa,Taylor,260,2,0,40.73710579,-94.69778563,19173.0,4247.671949027937,0.7692307692307693,258,252,2,0,250,248,6191,8,0,0,8,4
2020-10-29,US,Iowa,Unassigned,6,0,0,0.0,0.0,90019.0,0.0,0.0,6,9,0,0,9,15,,-3,0,0,-3,-6
2020-10-29,US,Iowa,Union,264,5,0,41.0277278,-94.24234847,19175.0,2156.686545216894,1.893939393939394,259,263,5,0,258,252,12359,1,0,0,1,11
2020-10-29,US,Iowa,Van Buren,188,2,0,40.75326764,-91.95017958,19177.0,2668.938103350369,1.0638297872340423,186,184,2,0,182,181,7020,4,0,0,4,3
2020-10-29,US,Iowa,Wapello,1589,62,0,41.03064984,-92.40954728,19179.0,4544.024707598159,3.901825047199496,1527,1573,62,0,1511,1541,35205,16,0,0,16,32
2020-10-29,US,Iowa,Warren,1313,7,0,41.33559454,-93.56007641,19181.0,2551.198849726033,0.5331302361005331,1306,1294,7,0,1287,1273,51056,19,0,0,19,21
2020-10-29,US,Iowa,Washington,693,11,0,41.33577126,-91.71725711,19183.0,3155.0193489642606,1.5873015873015872,682,677,11,0,666,667,22141,16,0,0,16,10
2020-10-29,US,Iowa,Wayne,137,3,0,40.73969028,-93.32752197,19185.0,2126.9989132122337,2.18978102189781,134,134,3,0,131,132,6401,3,0,0,3,2
2020-10-29,US,Iowa,Webster,1960,15,0,42.42853483,-94.17987389,19187.0,5459.001782531194,0.7653061224489796,1945,1923,15,0,1908,1891,36277,37,0,0,37,32
2020-10-29,US,Iowa,Winnebago,521,19,0,43.37751174,-93.73407298,19189.0,5031.8717403901865,3.646833013435701,502,506,19,0,487,502,10518,15,0,0,15,4
2020-10-29,US,Iowa,Winneshiek,507,9,0,43.29094334,-91.84422722,19191.0,2536.141263568606,1.7751479289940828,498,496,9,0,487,483,20029,11,0,0,11,13
2020-10-29,US,Iowa,Woodbury,7437,99,0,42.38979414,-96.0459439,19193.0,7212.8953417323755,1.3311819281968535,7338,7359,98,0,7261,7285,102539,78,1,0,77,74
2020-10-29,US,Iowa,Worth,147,0,0,43.37750768,-93.26087602,19195.0,1991.600054193199,0.0,147,146,0,0,146,146,7453,1,0,0,1,0
2020-10-29,US,Iowa,Wright,759,1,0,42.73305373,-93.73515113,19197.0,6042.031523642732,0.13175230566534915,758,748,1,0,747,734,12690,11,0,0,11,14
2020-10-29,US,Kansas,Allen,112,1,0,37.88582951,-95.30030847,20001.0,905.489530277306,0.8928571428571429,111,112,1,0,111,112,12444,0,0,0,0,0
2020-10-29,US,Kansas,Anderson,186,0,0,38.21413251,-95.29272815,20003.0,2367.014507508272,0.0,186,186,0,0,186,177,7878,0,0,0,0,9
2020-10-29,US,Kansas,Atchison,512,5,0,39.53185661,-95.30870026,20005.0,3185.4663099608038,0.9765625,507,512,5,0,507,512,16193,0,0,0,0,0
2020-10-29,US,Kansas,Barber,48,0,0,37.2288586,-98.68460053,20007.0,1084.2557036367743,0.0,48,48,0,0,48,41,4472,0,0,0,0,7
2020-10-29,US,Kansas,Barton,757,7,0,38.47889676,-98.75636726,20009.0,2936.498700492649,0.9247027741083224,750,757,7,0,750,757,26111,0,0,0,0,0
2020-10-29,US,Kansas,Bourbon,306,3,0,37.85508555,-94.84865997,20011.0,2105.4080088069354,0.9803921568627452,303,306,3,0,303,306,14653,0,0,0,0,0
2020-10-29,US,Kansas,Brown,232,5,0,39.82652589,-95.56421698,20013.0,2425.763278962777,2.155172413793104,227,232,5,0,227,204,9598,0,0,0,0,28
2020-10-29,US,Kansas,Butler,965,3,0,37.78134351,-96.83878537,20015.0,1442.214284646769,0.31088082901554404,962,934,3,0,931,900,66765,31,0,0,31,34
2020-10-29,US,Kansas,Chase,107,3,0,38.30292938,-96.59563862,20017.0,4040.785498489426,2.803738317757009,104,107,3,0,104,107,2629,0,0,0,0,0
2020-10-29,US,Kansas,Chautauqua,25,0,0,37.14994405,-96.2454192,20019.0,769.2307692307692,0.0,25,25,0,0,25,22,3309,0,0,0,0,3
2020-10-29,US,Kansas,Cherokee,699,7,0,37.16928494,-94.8462897,20021.0,3505.6923617031957,1.0014306151645207,692,699,7,0,692,681,20015,0,0,0,0,18
2020-10-29,US,Kansas,Cheyenne,115,5,0,39.78580976,-101.7318201,20023.0,4328.189687617614,4.3478260869565215,110,115,5,0,110,111,2660,0,0,0,0,4
2020-10-29,US,Kansas,Clark,65,4,0,37.23577007,-99.81883015,20025.0,3259.779338014042,6.153846153846153,61,65,4,0,61,64,2005,0,0,0,0,1
2020-10-29,US,Kansas,Clay,114,3,0,39.34948772,-97.16518128,20027.0,1424.6438390402402,2.631578947368421,111,114,3,0,111,102,7997,0,0,0,0,12
2020-10-29,US,Kansas,Cloud,144,1,0,39.48028352,-97.64925343,20029.0,1638.9710903710445,0.6944444444444444,143,144,1,0,143,130,8729,0,0,0,0,14
2020-10-29,US,Kansas,Coffey,160,9,0,38.2365018,-95.73379515,20031.0,1956.2293678933854,5.625,151,160,9,0,151,154,8233,0,0,0,0,6
2020-10-29,US,Kansas,Comanche,20,0,0,37.19114520000001,-99.27113247,20033.0,1176.4705882352941,0.0,20,20,0,0,20,20,1748,0,0,0,0,0
2020-10-29,US,Kansas,Cowley,523,10,0,37.23781842,-96.83776647,20035.0,1498.2239028302965,1.9120458891013383,513,523,10,0,513,500,35218,0,0,0,0,23
2020-10-29,US,Kansas,Crawford,1449,12,0,37.50675523,-94.85245778,20037.0,3732.804369107115,0.8281573498964804,1437,1449,12,0,1437,1449,39019,0,0,0,0,0
2020-10-29,US,Kansas,Decatur,89,1,0,39.78468441,-100.45940809999999,20039.0,3148.2136540502297,1.1235955056179776,88,89,1,0,88,88,2871,0,0,0,0,1
2020-10-29,US,Kansas,Dickinson,326,4,0,38.86600962,-97.15532383,20041.0,1765.4066933824326,1.2269938650306749,322,326,4,0,322,303,18717,0,0,0,0,23
2020-10-29,US,Kansas,Doniphan,211,1,0,39.79067154,-95.14056866,20043.0,2776.315789473684,0.4739336492890995,210,211,1,0,210,211,7682,0,0,0,0,0
2020-10-29,US,Kansas,Douglas,2930,19,0,38.88503636,-95.2925121,20045.0,2396.5515831145353,0.6484641638225256,2911,2901,19,0,2882,2880,121436,29,0,0,29,21
2020-10-29,US,Kansas,Edwards,76,0,0,37.88735543,-99.31263309,20047.0,2716.225875625447,0.0,76,76,0,0,76,67,2849,0,0,0,0,9
2020-10-29,US,Kansas,Elk,13,0,0,37.45338105,-96.24369667,20049.0,513.8339920948616,0.0,13,13,0,0,13,13,2508,0,0,0,0,0
2020-10-29,US,Kansas,Ellis,1420,18,0,38.91458712,-99.31751551,20051.0,4973.207718978742,1.2676056338028172,1402,1420,18,0,1402,1376,28710,0,0,0,0,44
2020-10-29,US,Kansas,Ellsworth,278,1,0,38.69677695,-98.20462799,20053.0,4555.883316945265,0.3597122302158273,277,278,1,0,277,231,6196,0,0,0,0,47
2020-10-29,US,Kansas,Finney,3046,20,0,38.04340344,-100.73819379999999,20055.0,8352.757287410535,0.6565988181221274,3026,2981,18,0,2963,2981,36611,65,2,0,63,0
2020-10-29,US,Kansas,Ford,3271,13,0,37.69200114,-99.88825298,20057.0,9729.61718076088,0.3974319779883828,3258,3271,13,0,3258,3210,33888,0,0,0,0,61
2020-10-29,US,Kansas,Franklin,559,5,0,38.56443815,-95.28644341,20059.0,2188.380833072346,0.8944543828264758,554,559,5,0,554,531,25631,0,0,0,0,28
2020-10-29,US,Kansas,Geary,394,4,0,38.99871131,-96.7577178,20061.0,1244.0795705715186,1.0152284263959392,390,392,4,0,388,389,32594,2,0,0,2,3
2020-10-29,US,Kansas,Gove,182,12,0,38.91588178,-100.4829321,20063.0,6904.400606980274,6.593406593406592,170,182,12,0,170,162,2612,0,0,0,0,20
2020-10-29,US,Kansas,Graham,56,1,0,39.34987223,-99.88332493,20065.0,2256.2449637389204,1.7857142857142858,55,56,1,0,55,56,2492,0,0,0,0,0
2020-10-29,US,Kansas,Grant,448,8,0,37.56227336,-101.3079758,20067.0,6265.734265734266,1.7857142857142858,440,434,8,0,426,434,7336,14,0,0,14,0
2020-10-29,US,Kansas,Gray,211,2,0,37.73836671,-100.4369088,20069.0,3523.714094856379,0.9478672985781992,209,211,2,0,209,197,6033,0,0,0,0,14
2020-10-29,US,Kansas,Greeley,34,0,0,38.4808095,-101.8061079,20071.0,2759.74025974026,0.0,34,34,0,0,34,34,1227,0,0,0,0,0
2020-10-29,US,Kansas,Greenwood,97,0,0,37.8774388,-96.23250453,20073.0,1621.531260448011,0.0,97,97,0,0,97,89,6055,0,0,0,0,8
2020-10-29,US,Kansas,Hamilton,60,0,0,37.99978709,-101.7921066,20075.0,2363.135092556125,0.0,60,60,0,0,60,60,2607,0,0,0,0,0
2020-10-29,US,Kansas,Harper,155,2,0,37.19175361,-98.07578384,20077.0,2851.361295069905,1.2903225806451613,153,155,2,0,153,152,5506,0,0,0,0,3
2020-10-29,US,Kansas,Harvey,580,7,0,38.04293782,-97.42747573,20079.0,1684.6263324522934,1.206896551724138,573,558,7,0,551,553,34210,22,0,0,22,5
2020-10-29,US,Kansas,Haskell,103,1,0,37.562039399999996,-100.8710738,20081.0,2595.766129032258,0.9708737864077671,102,103,1,0,102,103,3997,0,0,0,0,0
2020-10-29,US,Kansas,Hodgeman,36,0,0,38.08780079,-99.89829881,20083.0,2006.6889632107025,0.0,36,36,0,0,36,33,1818,0,0,0,0,3
2020-10-29,US,Kansas,Jackson,323,4,0,39.41673394,-95.79356799,20085.0,2452.3574519778304,1.238390092879257,319,323,4,0,319,323,13280,0,0,0,0,0
2020-10-29,US,Kansas,Jefferson,287,6,0,39.2347941,-95.38289232,20087.0,1507.1154755028094,2.0905923344947737,281,282,6,0,276,282,18975,5,0,0,5,0
2020-10-29,US,Kansas,Jewell,29,1,0,39.78470589,-98.21820662,20089.0,1007.2941993747827,3.4482758620689653,28,29,1,0,28,29,2841,0,0,0,0,0
2020-10-29,US,Kansas,Johnson,14383,201,0,38.88548175,-94.82250877,20091.0,2387.612238359498,1.3974831398178404,14182,14205,199,0,14006,14037,597555,178,2,0,176,168
2020-10-29,US,Kansas,Kearny,159,6,0,38.00017981,-101.32168100000001,20093.0,4142.782699322564,3.7735849056603774,153,159,6,0,153,159,3943,0,0,0,0,0
2020-10-29,US,Kansas,Kingman,128,3,0,37.55909527,-98.13638678,20095.0,1789.7091722595078,2.34375,125,128,3,0,125,125,7310,0,0,0,0,3
2020-10-29,US,Kansas,Kiowa,69,0,0,37.55848695,-99.2856537,20097.0,2787.878787878788,0.0,69,69,0,0,69,69,2516,0,0,0,0,0
2020-10-29,US,Kansas,Labette,394,6,0,37.19113093,-95.29849679,20099.0,2008.3596696911,1.5228426395939083,388,394,6,0,388,394,19964,0,0,0,0,0
2020-10-29,US,Kansas,Lane,23,0,0,38.48119447,-100.46607540000001,20101.0,1498.3713355048858,0.0,23,23,0,0,23,23,1560,0,0,0,0,0
2020-10-29,US,Kansas,Leavenworth,2568,18,0,39.20183497,-95.03620809,20103.0,3140.977029770787,0.7009345794392523,2550,2568,18,0,2550,2540,81352,0,0,0,0,28
2020-10-29,US,Kansas,Lincoln,23,1,0,39.04549684,-98.20756994,20105.0,776.5023632680621,4.3478260869565215,22,23,1,0,22,20,3023,0,0,0,0,3
2020-10-29,US,Kansas,Linn,117,1,0,38.21267844,-94.84254089,20107.0,1205.8126352674428,0.8547008547008547,116,117,1,0,116,110,9750,0,0,0,0,7
2020-10-29,US,Kansas,Logan,68,0,0,38.91735806,-101.148475,20109.0,2433.78668575519,0.0,68,68,0,0,68,68,2844,0,0,0,0,0
2020-10-29,US,Kansas,Lyon,1332,41,0,38.45576156,-96.15275715,20111.0,4012.6525079078174,3.078078078078078,1291,1325,40,0,1285,1314,33406,7,1,0,6,11
2020-10-29,US,Kansas,Marion,124,1,0,38.35855394,-97.09852509999999,20115.0,1043.4197239986536,0.8064516129032258,123,124,1,0,123,118,11950,0,0,0,0,6
2020-10-29,US,Kansas,Marshall,71,0,0,39.78359669,-96.52278974,20117.0,731.4309261357782,0.0,71,71,0,0,71,67,9722,0,0,0,0,4
2020-10-29,US,Kansas,McPherson,445,7,0,38.39184858,-97.64769869,20113.0,1559.1058790554266,1.5730337078651686,438,412,6,0,406,412,28537,33,1,0,32,0
2020-10-29,US,Kansas,Meade,144,1,0,37.23859987,-100.36483100000001,20119.0,3570.5430200843043,0.6944444444444444,143,144,1,0,143,141,4146,0,0,0,0,3
2020-10-29,US,Kansas,Miami,563,2,0,38.56383358,-94.83832189,20121.0,1644.4197797704235,0.3552397868561279,561,526,2,0,524,509,33680,37,0,0,37,17
2020-10-29,US,Kansas,Mitchell,63,0,0,39.39331582,-98.20906732,20123.0,1053.6879076768691,0.0,63,63,0,0,63,62,6150,0,0,0,0,1
2020-10-29,US,Kansas,Montgomery,656,6,0,37.19236568,-95.74329258,20125.0,2061.0135411103083,0.9146341463414634,650,656,6,0,650,656,32120,0,0,0,0,0
2020-10-29,US,Kansas,Morris,60,0,0,38.68827511,-96.65128437,20127.0,1067.6156583629893,0.0,60,60,0,0,60,57,5521,0,0,0,0,3
2020-10-29,US,Kansas,Morton,56,2,0,37.19141121,-101.79925190000002,20129.0,2164.6695013529184,3.571428571428572,54,56,2,0,54,41,2667,0,0,0,0,15
2020-10-29,US,Kansas,Nemaha,315,2,0,39.78345387,-96.01392079,20131.0,3078.8779200469157,0.6349206349206349,313,315,2,0,313,315,10155,0,0,0,0,0
2020-10-29,US,Kansas,Neosho,274,0,0,37.55862897,-95.30670046,20133.0,1711.7511088898611,0.0,274,274,0,0,274,274,15951,0,0,0,0,0
2020-10-29,US,Kansas,Ness,148,9,0,38.47974157,-99.91547333,20135.0,5381.818181818182,6.081081081081082,139,148,9,0,139,148,2840,0,0,0,0,0
2020-10-29,US,Kansas,Norton,668,15,0,39.78443827,-99.90286639,20137.0,12460.36187278493,2.245508982035928,653,668,15,0,653,576,5430,0,0,0,0,92
2020-10-29,US,Kansas,Osage,161,3,0,38.65235984,-95.72707998,20139.0,1009.46767822434,1.8633540372670807,158,161,3,0,158,158,15941,0,0,0,0,3
2020-10-29,US,Kansas,Osborne,23,0,0,39.3503437,-98.76753828,20141.0,672.3180356620871,0.0,23,23,0,0,23,23,3475,0,0,0,0,0
2020-10-29,US,Kansas,Ottawa,114,0,0,39.13237408,-97.65020313,20143.0,1998.5974754558206,0.0,114,114,0,0,114,111,5802,0,0,0,0,3
2020-10-29,US,Kansas,Pawnee,431,1,0,38.18108732,-99.23692334,20145.0,6719.675709385719,0.2320185614849188,430,431,1,0,430,413,6562,0,0,0,0,18
2020-10-29,US,Kansas,Phillips,197,9,0,39.78465501,-99.34668865,20147.0,3763.851738632021,4.568527918781727,188,197,9,0,188,186,5317,0,0,0,0,11
2020-10-29,US,Kansas,Pottawatomie,382,0,0,39.37925655,-96.34564657,20149.0,1566.6652995939794,0.0,382,382,0,0,382,382,24277,0,0,0,0,0
2020-10-29,US,Kansas,Pratt,155,0,0,37.64780729,-98.73922153,20151.0,1691.4011348756,0.0,155,155,0,0,155,123,9378,0,0,0,0,32
2020-10-29,US,Kansas,Rawlins,92,0,0,39.78525843,-101.07616170000001,20153.0,3636.363636363637,0.0,92,92,0,0,92,85,2508,0,0,0,0,7
2020-10-29,US,Kansas,Reno,2248,16,0,37.95230263,-98.08607292,20155.0,3625.923416884416,0.7117437722419929,2232,2174,16,0,2158,2154,62342,74,0,0,74,20
2020-10-29,US,Kansas,Republic,80,1,0,39.82799632,-97.65036709,20157.0,1725.625539257981,1.25,79,80,1,0,79,79,4664,0,0,0,0,1
2020-10-29,US,Kansas,Rice,156,1,0,38.34616184,-98.19992118,20159.0,1635.734507706826,0.6410256410256411,155,156,1,0,155,143,9531,0,0,0,0,13
2020-10-29,US,Kansas,Riley,2189,11,0,39.28935726,-96.73420026,20161.0,2948.863024032762,0.5025125628140703,2178,2189,11,0,2178,2152,73703,0,0,0,0,37
2020-10-29,US,Kansas,Rooks,154,7,0,39.35022773,-99.32484567,20163.0,3130.0813008130076,4.545454545454546,147,154,7,0,147,150,5013,0,0,0,0,4
2020-10-29,US,Kansas,Rush,98,0,0,38.52275276,-99.30863983,20165.0,3227.931488801054,0.0,98,98,0,0,98,98,3093,0,0,0,0,0
2020-10-29,US,Kansas,Russell,186,4,0,38.91462787,-98.76254297,20167.0,2712.9521586931155,2.150537634408602,182,186,4,0,182,180,6907,0,0,0,0,6
2020-10-29,US,Kansas,Saline,1127,13,0,38.78369175,-97.65185177,20169.0,2078.415461788138,1.1535048802129548,1114,1127,13,0,1114,1092,54401,0,0,0,0,35
2020-10-29,US,Kansas,Scott,181,1,0,38.48222076,-100.90665390000001,20171.0,3752.850922662243,0.5524861878453039,180,179,1,0,178,177,4897,2,0,0,2,2
2020-10-29,US,Kansas,Sedgwick,11551,129,0,37.6842718,-97.4608198,20173.0,2238.3836974509827,1.116786425417713,11422,11369,129,0,11240,11194,513607,182,0,0,182,175
2020-10-29,US,Kansas,Seward,2181,13,0,37.19324632,-100.85072009999999,20175.0,10178.271420571216,0.5960568546538285,2168,2120,13,0,2107,2120,21780,61,0,0,61,0
2020-10-29,US,Kansas,Shawnee,3555,82,0,39.04100763,-95.75572640000001,20177.0,2009.893992932862,2.3066104078762306,3473,3491,82,0,3409,3455,177499,64,0,0,64,36
2020-10-29,US,Kansas,Sheridan,165,0,0,39.35018161,-100.44182590000001,20179.0,6545.02181673939,0.0,165,165,0,0,165,151,2533,0,0,0,0,14
2020-10-29,US,Kansas,Sherman,239,6,0,39.35147699,-101.71976240000001,20181.0,4039.209058644584,2.510460251046025,233,239,6,0,233,218,5899,0,0,0,0,21
2020-10-29,US,Kansas,Smith,23,0,0,39.78516566,-98.78566062,20183.0,641.920178621267,0.0,23,23,0,0,23,22,3603,0,0,0,0,1
2020-10-29,US,Kansas,Stafford,82,1,0,38.03100851,-98.71762001,20185.0,1973.051010587103,1.2195121951219512,81,82,1,0,81,77,4178,0,0,0,0,5
2020-10-29,US,Kansas,Stanton,52,2,0,37.56304714,-101.78435340000001,20187.0,2592.2233300099697,3.8461538461538463,50,52,2,0,50,50,1987,0,0,0,0,2
2020-10-29,US,Kansas,Stevens,237,1,0,37.1923008,-101.3118967,20189.0,4320.875113947129,0.4219409282700422,236,237,1,0,236,227,5559,0,0,0,0,10
2020-10-29,US,Kansas,Sumner,296,3,0,37.23682549,-97.47721621,20191.0,1296.1989840602555,1.0135135135135136,293,296,3,0,293,287,22996,0,0,0,0,9
2020-10-29,US,Kansas,Thomas,363,2,0,39.35107575,-101.0553705,20193.0,4667.609618104668,0.5509641873278237,361,355,2,0,353,340,7711,8,0,0,8,15
2020-10-29,US,Kansas,Trego,106,3,0,38.91467218,-99.87284448,20195.0,3781.662504459508,2.830188679245283,103,106,3,0,103,99,2793,0,0,0,0,7
2020-10-29,US,Kansas,Wabaunsee,84,1,0,38.95471985,-96.20350509,20197.0,1211.9463280911846,1.1904761904761905,83,84,1,0,83,82,6899,0,0,0,0,2
2020-10-29,US,Kansas,Wallace,52,0,0,38.91686134,-101.76388759999999,20199.0,3425.559947299077,0.0,52,52,0,0,52,43,1503,0,0,0,0,9
2020-10-29,US,Kansas,Washington,39,0,0,39.78420784,-97.08753229999999,20201.0,721.4206437291898,0.0,39,39,0,0,39,32,5420,0,0,0,0,7
2020-10-29,US,Kansas,Wichita,44,0,0,38.48178252,-101.3471509,20203.0,2076.4511562057573,0.0,44,44,0,0,44,35,2105,0,0,0,0,9
2020-10-29,US,Kansas,Wilson,118,3,0,37.55937174,-95.74323255,20205.0,1384.1642228739004,2.5423728813559316,115,118,3,0,115,114,8665,0,0,0,0,4
2020-10-29,US,Kansas,Woodson,27,0,0,37.8865336,-95.74006277,20207.0,860.4206500956022,0.0,27,27,0,0,27,27,3183,0,0,0,0,0
2020-10-29,US,Kansas,Wyandotte,8344,165,0,39.11727348,-94.76378225,20209.0,5043.85567222192,1.9774688398849476,8179,8270,164,0,8106,8237,165324,74,1,0,73,33
2020-10-29,US,Kentucky,Adair,511,22,0,37.10459774,-85.28129668,21001.0,2661.181126965941,4.305283757338552,489,506,21,0,485,501,19215,5,1,0,4,5
2020-10-29,US,Kentucky,Allen,551,11,0,36.75197631,-86.19457544,21003.0,2585.0340136054424,1.996370235934664,540,551,11,0,540,546,21122,0,0,0,0,5
2020-10-29,US,Kentucky,Anderson,267,1,0,38.00671029,-84.99171713,21005.0,1173.7811579548954,0.3745318352059925,266,256,1,0,255,251,22663,11,0,0,11,5
2020-10-29,US,Kentucky,Ballard,74,1,0,37.05842757,-88.99427697,21007.0,938.1338742393507,1.351351351351351,73,73,1,0,72,72,7979,1,0,0,1,1
2020-10-29,US,Kentucky,Barren,1263,13,0,36.96469836,-85.93338945,21009.0,2854.301792130896,1.0292953285827395,1250,1224,13,0,1211,1193,44176,39,0,0,39,31
2020-10-29,US,Kentucky,Bath,135,1,0,38.14735938,-83.74588932,21011.0,1080.0,0.7407407407407407,134,129,1,0,128,122,12383,6,0,0,6,7
2020-10-29,US,Kentucky,Bell,714,17,0,36.73355174,-83.67766671,21013.0,2742.778119237861,2.380952380952381,697,693,17,0,676,679,26569,21,0,0,21,14
2020-10-29,US,Kentucky,Boone,2228,25,0,38.97065142,-84.72615357,21015.0,1667.9018722722546,1.1220825852782763,2203,2196,25,0,2171,2165,131533,32,0,0,32,31
2020-10-29,US,Kentucky,Bourbon,325,1,0,38.2054607,-84.21827874,21017.0,1642.409541136042,0.3076923076923077,324,319,1,0,318,311,20184,6,0,0,6,8
2020-10-29,US,Kentucky,Boyd,707,22,0,38.36176608,-82.68652187,21019.0,1513.3353311357507,3.111739745403112,685,692,22,0,670,674,47240,15,0,0,15,18
2020-10-29,US,Kentucky,Boyle,463,0,0,37.62680923,-84.8633779,21021.0,1540.2528276779776,0.0,463,459,0,0,459,452,30100,4,0,0,4,7
2020-10-29,US,Kentucky,Bracken,72,1,0,38.69158994,-84.08532444,21023.0,867.156449476093,1.3888888888888888,71,71,1,0,70,71,8239,1,0,0,1,0
2020-10-29,US,Kentucky,Breathitt,143,1,0,37.52333168,-83.31959161,21025.0,1132.2248614410134,0.6993006993006993,142,138,1,0,137,130,12726,5,0,0,5,8
2020-10-29,US,Kentucky,Breckinridge,202,2,0,37.77377239,-86.42885017,21027.0,986.4726278263415,0.99009900990099,200,198,2,0,196,191,20388,4,0,0,4,7
2020-10-29,US,Kentucky,Bullitt,1505,14,0,37.97162523,-85.68955617,21029.0,1842.6465546794648,0.9302325581395348,1491,1483,14,0,1469,1447,81069,22,0,0,22,36
2020-10-29,US,Kentucky,Butler,425,16,0,37.20946153,-86.68748787,21031.0,3299.945647954033,3.7647058823529416,409,419,16,0,403,410,12772,6,0,0,6,9
2020-10-29,US,Kentucky,Caldwell,285,0,0,37.14749129,-87.86948214,21033.0,2235.820192986585,0.0,285,268,0,0,268,255,12715,17,0,0,17,13
2020-10-29,US,Kentucky,Calloway,1019,10,0,36.62093411,-88.2731593,21035.0,2612.753519140535,0.9813542688910696,1009,993,9,0,984,977,39135,26,1,0,25,16
2020-10-29,US,Kentucky,Campbell,1322,16,0,38.94384345,-84.37875208,21037.0,1412.6346383997266,1.2102874432677762,1306,1282,16,0,1266,1255,93152,40,0,0,40,27
2020-10-29,US,Kentucky,Carlisle,104,1,0,36.85372876,-88.96692220000001,21039.0,2184.873949579832,0.9615384615384616,103,104,1,0,103,103,4771,0,0,0,0,1
2020-10-29,US,Kentucky,Carroll,228,5,0,38.66599534,-85.12601074,21041.0,2144.671244473709,2.1929824561403506,223,226,5,0,221,224,10737,2,0,0,2,2
2020-10-29,US,Kentucky,Carter,365,4,0,38.31690743,-83.05092385,21043.0,1362.092771578908,1.095890410958904,361,350,4,0,346,343,27004,15,0,0,15,7
2020-10-29,US,Kentucky,Casey,319,16,0,37.32533118,-84.92726209,21045.0,1974.1320626276377,5.015673981191223,303,317,15,0,302,316,15888,2,1,0,1,1
2020-10-29,US,Kentucky,Christian,1936,29,0,36.89267803,-87.49055367,21047.0,2747.61925036545,1.4979338842975207,1907,1892,29,0,1863,1856,71671,44,0,0,44,36
2020-10-29,US,Kentucky,Clark,543,11,0,37.9689263,-84.14615986,21049.0,1497.3940380001654,2.0257826887661143,532,534,11,0,523,531,36249,9,0,0,9,3
2020-10-29,US,Kentucky,Clay,588,6,0,37.16451126,-83.712575,21051.0,2954.6253957087583,1.020408163265306,582,550,6,0,544,530,20105,38,0,0,38,20
2020-10-29,US,Kentucky,Clinton,244,3,0,36.72581156,-85.13377529,21053.0,2387.942845958113,1.2295081967213115,241,241,3,0,238,235,10206,3,0,0,3,6
2020-10-29,US,Kentucky,Crittenden,171,1,0,37.35839237,-88.08826090000002,21055.0,1941.8578242107653,0.5847953216374269,170,169,1,0,168,164,8915,2,0,0,2,5
2020-10-29,US,Kentucky,Cumberland,150,0,0,36.78926125,-85.39050034,21057.0,2267.916540671303,0.0,150,144,0,0,144,136,6659,6,0,0,6,8
2020-10-29,US,Kentucky,Daviess,2024,30,0,37.73028906,-87.09019479999998,21059.0,1993.8725852370678,1.4822134387351782,1994,2005,29,0,1976,1974,101104,19,1,0,18,31
2020-10-29,US,Kentucky,Edmonson,187,12,0,37.21218923,-86.23955613,21061.0,1539.0946502057614,6.4171122994652405,175,187,12,0,175,185,12274,0,0,0,0,2
2020-10-29,US,Kentucky,Elliott,335,0,0,38.11624059,-83.09771563,21063.0,4456.565119063456,0.0,335,335,0,0,335,333,7508,0,0,0,0,2
2020-10-29,US,Kentucky,Estill,291,0,0,37.69241417,-83.95956369,21065.0,2062.951935346661,0.0,291,283,0,0,283,278,14198,8,0,0,8,5
2020-10-29,US,Kentucky,Fayette,10766,90,0,38.0368225,-84.45576892,21067.0,3331.559142446898,0.8359650752368568,10676,10637,89,0,10548,10534,323780,129,1,0,128,103
2020-10-29,US,Kentucky,Fleming,192,0,0,38.36758311,-83.69657514,21069.0,1316.782113709622,0.0,192,187,0,0,187,179,14432,5,0,0,5,8
2020-10-29,US,Kentucky,Floyd,419,4,0,37.56213922,-82.74750924,21071.0,1177.3300738992384,0.9546539379474941,415,396,4,0,392,386,35845,23,0,0,23,10
2020-10-29,US,Kentucky,Franklin,886,14,0,38.2379395,-84.87962551,21073.0,1737.5615304661608,1.580135440180587,872,875,14,0,861,856,50815,11,0,0,11,19
2020-10-29,US,Kentucky,Fulton,235,3,0,36.55238827,-89.20140068,21075.0,3937.0078740157483,1.2765957446808511,232,234,3,0,231,235,6120,1,0,0,1,-1
2020-10-29,US,Kentucky,Gallatin,128,8,0,38.75398691,-84.8558382,21077.0,1443.2292253918142,6.25,120,127,8,0,119,126,8832,1,0,0,1,1
2020-10-29,US,Kentucky,Garrard,350,4,0,37.638866799999995,-84.53289319,21079.0,1981.2068379938867,1.1428571428571428,346,331,4,0,327,322,17560,19,0,0,19,9
2020-10-29,US,Kentucky,Grant,276,6,0,38.64962758,-84.62415957,21081.0,1100.9613466831545,2.1739130434782608,270,267,6,0,261,258,25121,9,0,0,9,9
2020-10-29,US,Kentucky,Graves,902,30,0,36.72292505,-88.65143315,21083.0,2420.4368593355875,3.3259423503325944,872,892,30,0,862,885,37317,10,0,0,10,7
2020-10-29,US,Kentucky,Grayson,522,16,0,37.46231118,-86.34248968,21085.0,1975.252582585992,3.0651340996168583,506,513,16,0,497,510,26321,9,0,0,9,3
2020-10-29,US,Kentucky,Green,340,8,0,37.26484328,-85.5540745,21087.0,3107.577003930171,2.3529411764705883,332,336,8,0,328,334,11049,4,0,0,4,2
2020-10-29,US,Kentucky,Greenup,646,11,0,38.54332505,-82.9215658,21089.0,1840.5607157102966,1.7027863777089782,635,638,11,0,627,628,35268,8,0,0,8,10
2020-10-29,US,Kentucky,Hancock,155,2,0,37.83766422,-86.78280584,21091.0,1777.1153405182295,1.2903225806451613,153,150,2,0,148,147,8758,5,0,0,5,3
2020-10-29,US,Kentucky,Hardin,2149,13,0,37.6976111,-85.96319251,21093.0,1936.7688674994145,0.604932526756631,2136,2084,13,0,2071,2006,110356,65,0,0,65,78
2020-10-29,US,Kentucky,Harlan,610,14,0,36.85699301,-83.21899516,21095.0,2345.2518262206845,2.295081967213114,596,596,14,0,582,589,26409,14,0,0,14,7
2020-10-29,US,Kentucky,Harrison,276,1,0,38.44188174,-84.32869741,21097.0,1461.3999788202902,0.3623188405797101,275,272,1,0,271,265,18778,4,0,0,4,7
2020-10-29,US,Kentucky,Hart,448,1,0,37.29943898,-85.88461055,21099.0,2353.559232991857,0.22321428571428573,447,431,1,0,430,408,18906,17,0,0,17,23
2020-10-29,US,Kentucky,Henderson,1343,28,0,37.79344553,-87.57392021,21101.0,2970.5817297058175,2.084884586746091,1315,1327,28,0,1299,1307,45591,16,0,0,16,20
2020-10-29,US,Kentucky,Henry,293,2,0,38.44942688,-85.11587507,21103.0,1816.9415850179835,0.6825938566552902,291,288,2,0,286,280,16106,5,0,0,5,8
2020-10-29,US,Kentucky,Hickman,124,1,0,36.67948079999999,-88.97875928,21105.0,2831.0502283105025,0.8064516129032258,123,122,1,0,121,121,4421,2,0,0,2,1
2020-10-29,US,Kentucky,Hopkins,1070,43,0,37.30939025,-87.54670406,21107.0,2394.4859687597905,4.018691588785047,1027,1036,43,0,993,1024,45068,34,0,0,34,12
2020-10-29,US,Kentucky,Jackson,479,17,0,37.41866422,-83.99825483,21109.0,3593.6679420811765,3.5490605427974953,462,463,17,0,446,454,13442,16,0,0,16,9
2020-10-29,US,Kentucky,Jefferson,22875,364,0,38.18664655,-85.65931031,21111.0,2983.344136408276,1.5912568306010928,22511,22551,360,0,22191,22204,770517,324,4,0,320,347
2020-10-29,US,Kentucky,Jessamine,1006,12,0,37.87119786,-84.58252003,21113.0,1859.0039730204198,1.1928429423459244,994,994,11,0,983,969,53920,12,1,0,11,25
2020-10-29,US,Kentucky,Johnson,330,2,0,37.85106355,-82.8264322,21115.0,1487.2904272579776,0.6060606060606061,328,322,2,0,320,314,22386,8,0,0,8,8
2020-10-29,US,Kentucky,Kenton,2796,51,0,38.93950319,-84.53241199,21117.0,1674.271548162253,1.8240343347639485,2745,2746,51,0,2695,2689,166051,50,0,0,50,57
2020-10-29,US,Kentucky,Knott,357,4,0,37.35388197,-82.94981134,21119.0,2411.184654869648,1.1204481792717087,353,354,4,0,350,345,15126,3,0,0,3,9
2020-10-29,US,Kentucky,Knox,886,10,0,36.89225732,-83.85403396,21121.0,2844.7583881842993,1.1286681715575622,876,868,10,0,858,842,31304,18,0,0,18,26
2020-10-29,US,Kentucky,Larue,288,1,0,37.54567114,-85.70138352,21123.0,2000.277816363384,0.3472222222222222,287,286,1,0,285,274,14307,2,0,0,2,12
2020-10-29,US,Kentucky,Laurel,1473,7,0,37.10975748,-84.11321779,21125.0,2422.1794682058107,0.4752206381534284,1466,1455,7,0,1448,1435,60669,18,0,0,18,20
2020-10-29,US,Kentucky,Lawrence,157,0,0,38.07136018,-82.72882223,21127.0,1025.0048965202063,0.0,157,157,0,0,157,153,15571,0,0,0,0,4
2020-10-29,US,Kentucky,Lee,179,5,0,37.59645942,-83.71513901,21129.0,2417.938673510739,2.793296089385475,174,159,4,0,155,139,7033,20,1,0,19,20
2020-10-29,US,Kentucky,Leslie,133,1,0,37.09246661,-83.37999606,21131.0,1346.5627214741319,0.7518796992481203,132,131,1,0,130,129,10143,2,0,0,2,2
2020-10-29,US,Kentucky,Letcher,309,2,0,37.12306748,-82.85346474,21133.0,1433.6751264325153,0.6472491909385113,307,304,2,0,302,303,21899,5,0,0,5,1
2020-10-29,US,Kentucky,Lewis,300,16,0,38.53184419,-83.37735618,21135.0,2259.8870056497176,5.333333333333333,284,295,16,0,279,287,13257,5,0,0,5,8
2020-10-29,US,Kentucky,Lincoln,344,19,0,37.45475628,-84.6565327,21137.0,1401.2790745040536,5.5232558139534875,325,339,19,0,320,327,24644,5,0,0,5,12
2020-10-29,US,Kentucky,Livingston,129,1,0,37.21137452,-88.34797529,21139.0,1403.088971068088,0.7751937984496124,128,129,1,0,128,126,9242,0,0,0,0,3
2020-10-29,US,Kentucky,Logan,798,31,0,36.85949479,-86.877635,21141.0,2944.4321452291333,3.884711779448621,767,786,31,0,755,777,26989,12,0,0,12,9
2020-10-29,US,Kentucky,Lyon,113,4,0,37.02080035,-88.07886257,21143.0,1376.3702801461636,3.5398230088495577,109,109,4,0,105,106,8009,4,0,0,4,3
2020-10-29,US,Kentucky,Madison,2391,13,0,37.71659336,-84.27220275,21151.0,2571.3271747663653,0.5437055625261397,2378,2369,13,0,2356,2343,92368,22,0,0,22,26
2020-10-29,US,Kentucky,Magoffin,180,0,0,37.70820545,-83.0657714,21153.0,1480.1414357371928,0.0,180,175,0,0,175,164,12362,5,0,0,5,11
2020-10-29,US,Kentucky,Marion,501,10,0,37.55218078,-85.26898542,21155.0,2599.4915166294822,1.996007984031936,491,477,10,0,467,453,19404,24,0,0,24,24
2020-10-29,US,Kentucky,Marshall,506,7,0,36.88007070000001,-88.32803576,21157.0,1627.0096463022508,1.383399209486166,499,485,7,0,478,472,31191,21,0,0,21,13
2020-10-29,US,Kentucky,Martin,211,3,0,37.79990579,-82.51247478,21159.0,1884.7699866011608,1.4218009478672986,208,206,3,0,203,195,11323,5,0,0,5,11
2020-10-29,US,Kentucky,Mason,179,2,0,38.59471935,-83.82151043,21161.0,1048.623315758641,1.11731843575419,177,176,2,0,174,171,17150,3,0,0,3,5
2020-10-29,US,Kentucky,McCracken,1187,12,0,37.05350953,-88.70445755,21145.0,1814.485309853557,1.0109519797809603,1175,1150,12,0,1138,1130,65346,37,0,0,37,20
2020-10-29,US,Kentucky,McCreary,264,1,0,36.73874143,-84.48102924,21147.0,1532.1223376472635,0.3787878787878788,263,261,1,0,260,262,17408,3,0,0,3,-1
2020-10-29,US,Kentucky,McLean,216,4,0,37.5301951,-87.26803443,21149.0,2346.041055718475,1.851851851851852,212,205,3,0,202,196,9252,11,1,0,10,9
2020-10-29,US,Kentucky,Meade,398,4,0,37.96163597,-86.21028219,21163.0,1392.9721405571888,1.0050251256281406,394,392,3,0,389,383,28715,6,1,0,5,9
2020-10-29,US,Kentucky,Menifee,89,1,0,37.94090733,-83.59985712,21165.0,1371.5518569887504,1.1235955056179776,88,86,1,0,85,84,6451,3,0,0,3,2
2020-10-29,US,Kentucky,Mercer,372,6,0,37.81474237,-84.87488475,21167.0,1696.07440842566,1.6129032258064515,366,366,6,0,360,367,21774,6,0,0,6,-1
2020-10-29,US,Kentucky,Metcalfe,206,2,0,36.99459295,-85.63123699,21169.0,2045.4771125012408,0.9708737864077671,204,200,2,0,198,193,10030,6,0,0,6,7
2020-10-29,US,Kentucky,Monroe,312,4,0,36.71225341,-85.71596443,21171.0,2929.5774647887324,1.2820512820512822,308,298,4,0,294,288,10718,14,0,0,14,10
2020-10-29,US,Kentucky,Montgomery,525,4,0,38.03253032,-83.9145241,21173.0,1864.545228539972,0.7619047619047619,521,498,4,0,494,470,28203,27,0,0,27,28
2020-10-29,US,Kentucky,Morgan,141,0,0,37.92465657,-83.25558245,21175.0,1059.433466075588,0.0,141,133,0,0,133,129,13345,8,0,0,8,4
2020-10-29,US,Kentucky,Muhlenberg,979,14,0,37.21425819,-87.14632053,21177.0,3197.047874077461,1.4300306435137895,965,974,13,0,961,973,30774,5,1,0,4,1
2020-10-29,US,Kentucky,Nelson,1001,4,0,37.80335779,-85.4657193,21179.0,2165.1201522721867,0.3996003996003996,997,959,4,0,955,892,45851,42,0,0,42,67
2020-10-29,US,Kentucky,Nicholas,119,3,0,38.33342292,-84.01889177,21181.0,1637.08900811666,2.5210084033613445,116,116,3,0,113,110,7166,3,0,0,3,6
2020-10-29,US,Kentucky,Ohio,614,10,0,37.47751843,-86.85368087,21183.0,2558.973076602484,1.6286644951140066,604,611,10,0,601,608,24087,3,0,0,3,3
2020-10-29,US,Kentucky,Oldham,1456,26,0,38.39791089,-85.448222,21185.0,2179.6733484034194,1.7857142857142858,1430,1439,26,0,1413,1423,66470,17,0,0,17,16
2020-10-29,US,Kentucky,Owen,124,3,0,38.51679143,-84.82404619,21187.0,1137.5103201541142,2.419354838709677,121,123,3,0,120,120,10880,1,0,0,1,3
2020-10-29,US,Kentucky,Owsley,98,1,0,37.42823949,-83.68811419,21189.0,2219.7055492638733,1.020408163265306,97,95,1,0,94,94,4472,3,0,0,3,1
2020-10-29,US,Kentucky,Pendleton,132,0,0,38.69607718,-84.35599463,21191.0,904.7292666209732,0.0,132,131,0,0,131,126,14529,1,0,0,1,5
2020-10-29,US,Kentucky,Perry,546,9,0,37.25023553,-83.22922731,21193.0,2119.729792685768,1.6483516483516485,537,534,9,0,525,528,26092,12,0,0,12,6
2020-10-29,US,Kentucky,Pike,963,3,0,37.47088263,-82.39487445,21195.0,1663.9021356002488,0.3115264797507788,960,928,3,0,925,868,58402,35,0,0,35,60
2020-10-29,US,Kentucky,Powell,147,0,0,37.83218794,-83.82553961,21197.0,1189.4166194675945,0.0,147,146,0,0,146,143,12442,1,0,0,1,3
2020-10-29,US,Kentucky,Pulaski,1000,13,0,37.10466131,-84.57629079,21199.0,1538.9587405161667,1.3,987,997,13,0,984,989,64623,3,0,0,3,8
2020-10-29,US,Kentucky,Robertson,35,1,0,38.51923469,-84.05055616,21201.0,1660.3415559772295,2.8571428571428568,34,31,1,0,30,28,2135,4,0,0,4,3
2020-10-29,US,Kentucky,Rockcastle,365,2,0,37.36642393,-84.31176452,21203.0,2186.28331835879,0.547945205479452,363,361,2,0,359,344,16750,4,0,0,4,17
2020-10-29,US,Kentucky,Rowan,370,2,0,38.19484205,-83.42088935,21205.0,1512.6737530662306,0.5405405405405406,368,360,1,0,359,347,24583,10,1,0,9,13
2020-10-29,US,Kentucky,Russell,398,7,0,36.99308373,-85.06070117,21207.0,2220.610388885789,1.7587939698492463,391,392,6,0,386,389,17821,6,1,0,5,3
2020-10-29,US,Kentucky,Scott,1171,20,0,38.29622293,-84.5816631,21209.0,2054.2418075924497,1.7079419299743808,1151,1152,20,0,1132,1126,56031,19,0,0,19,26
2020-10-29,US,Kentucky,Shelby,1510,25,0,38.21476019,-85.194223,21211.0,3080.1240208877284,1.6556291390728477,1485,1496,24,0,1472,1482,48518,14,1,0,13,14
2020-10-29,US,Kentucky,Simpson,361,8,0,36.74058474,-86.58047435,21213.0,1943.786345035537,2.21606648199446,353,359,8,0,351,354,18529,2,0,0,2,5
2020-10-29,US,Kentucky,Spencer,319,1,0,38.03223971,-85.32749335,21215.0,1648.4936179008835,0.31347962382445144,318,315,1,0,314,308,18794,4,0,0,4,7
2020-10-29,US,Kentucky,Taylor,522,7,0,37.3677562,-85.3329931,21217.0,2025.689782296558,1.3409961685823757,515,510,7,0,503,490,25549,12,0,0,12,20
2020-10-29,US,Kentucky,Todd,298,12,0,36.8381152,-87.17878374,21219.0,2423.946640637709,4.026845637583893,286,295,12,0,283,294,12311,3,0,0,3,1
2020-10-29,US,Kentucky,Trigg,251,0,0,36.80767017,-87.87333656,21221.0,1713.1936386594766,0.0,251,251,0,0,251,243,14643,0,0,0,0,8
2020-10-29,US,Kentucky,Trimble,90,0,0,38.61056487,-85.33775972,21223.0,1062.4483532050526,0.0,90,88,0,0,88,86,8515,2,0,0,2,2
2020-10-29,US,Kentucky,Union,519,6,0,37.66166713,-87.94300009,21225.0,3608.928447256797,1.1560693641618498,513,515,6,0,509,508,14505,4,0,0,4,7
2020-10-29,US,Kentucky,Warren,5300,58,0,36.99903045,-86.42672751,21227.0,3988.080905369613,1.0943396226415094,5242,5253,57,0,5196,5201,131264,47,1,0,46,52
2020-10-29,US,Kentucky,Washington,248,1,0,37.75599461,-85.17407732,21229.0,2050.4340636626707,0.4032258064516129,247,242,1,0,241,237,12084,6,0,0,6,5
2020-10-29,US,Kentucky,Wayne,291,2,0,36.80310688,-84.8251971,21231.0,1431.1710028033249,0.6872852233676976,289,288,2,0,286,285,20468,3,0,0,3,3
2020-10-29,US,Kentucky,Webster,328,5,0,37.52168356,-87.67989953,21233.0,2534.384175552465,1.5243902439024388,323,318,5,0,313,314,13111,10,0,0,10,4
2020-10-29,US,Kentucky,Whitley,839,7,0,36.75700531,-84.14541217,21235.0,2313.589234502537,0.834326579261025,832,819,6,0,813,806,36242,20,1,0,19,13
2020-10-29,US,Kentucky,Wolfe,67,0,0,37.73941626,-83.49303612,21237.0,936.1464300684644,0.0,67,65,0,0,65,64,7177,2,0,0,2,1
2020-10-29,US,Kentucky,Woodford,388,0,0,38.04178222,-84.7417556,21239.0,1451.3353781701205,0.0,388,380,0,0,380,374,26533,8,0,0,8,6
2020-10-29,US,Louisiana,Acadia,3158,101,0,30.295064899999996,-92.41419698,22001.0,5089.8541381255545,3.1982267257758075,3057,3147,101,0,3046,3139,62190,11,0,0,11,8
2020-10-29,US,Louisiana,Allen,1848,63,0,30.65385745,-92.82442028,22003.0,7211.144496039334,3.4090909090909087,1785,1844,60,0,1784,1840,25605,4,3,0,1,4
2020-10-29,US,Louisiana,Ascension,4186,100,0,30.20406249,-90.91328409999998,22005.0,3306.3726264572997,2.388915432393693,4086,4169,99,0,4070,4146,124672,17,1,0,16,23
2020-10-29,US,Louisiana,Assumption,797,24,0,29.89946234,-91.06461642,22007.0,3640.7656114384913,3.01129234629862,773,801,24,0,777,799,22300,-4,0,0,-4,2
2020-10-29,US,Louisiana,Avoyelles,1754,62,0,31.07796211,-92.00079449,22009.0,4369.27062574731,3.5347776510832385,1692,1743,62,0,1681,1737,40462,11,0,0,11,6
2020-10-29,US,Louisiana,Beauregard,1071,40,0,30.64836518,-93.34173616,22011.0,2856.2284982798633,3.7348272642390286,1031,1069,40,0,1029,1069,37253,2,0,0,2,0
2020-10-29,US,Louisiana,Bienville,619,35,0,32.34569994,-93.05398492,22013.0,4674.87349898044,5.6542810985460425,584,610,35,0,575,606,13308,9,0,0,9,4
2020-10-29,US,Louisiana,Bossier,4322,121,0,32.67932307,-93.60460152,22015.0,3402.104865435024,2.799629801018048,4201,4286,120,0,4166,4259,127185,36,1,0,35,27
2020-10-29,US,Louisiana,Caddo,10206,396,0,32.57991587,-93.88375652,22017.0,4248.888444821901,3.880070546737213,9810,10146,395,0,9751,10105,242922,60,1,0,59,41
2020-10-29,US,Louisiana,Calcasieu,8441,230,0,30.22931235,-93.35400434,22019.0,4149.216461196642,2.7247956403269757,8211,8419,230,0,8189,8402,203112,22,0,0,22,17
2020-10-29,US,Louisiana,Caldwell,362,3,0,32.0902519,-92.11752148,22021.0,3649.9294212542854,0.8287292817679558,359,360,3,0,357,355,9960,2,0,0,2,5
2020-10-29,US,Louisiana,Cameron,246,2,0,29.87592238,-93.19310676,22023.0,3527.8933027391367,0.8130081300813008,244,247,2,0,245,240,6968,-1,0,0,-1,7
2020-10-29,US,Louisiana,Catahoula,463,15,0,31.66778967,-91.84526385,22025.0,4876.7642721718985,3.239740820734341,448,463,14,0,449,461,9608,0,1,0,-1,2
2020-10-29,US,Louisiana,Claiborne,601,26,0,32.82308512,-92.99526883,22027.0,3835.35417996171,4.3261231281198,575,603,26,0,577,603,15944,-2,0,0,-2,0
2020-10-29,US,Louisiana,Concordia,611,16,0,31.44817835,-91.63814433,22029.0,3172.5427073056762,2.6186579378068737,595,611,16,0,595,610,19572,0,0,0,0,1
2020-10-29,US,Louisiana,De Soto,1030,35,0,32.05457447,-93.74130302,22031.0,3750.500673633616,3.3980582524271843,995,1030,35,0,995,1027,27436,0,0,0,0,3
2020-10-29,US,Louisiana,East Baton Rouge,16172,459,0,30.53842039,-91.09777565,22033.0,3674.961766490402,2.83823893148652,15713,16142,459,0,15683,16092,440956,30,0,0,30,50
2020-10-29,US,Louisiana,East Carroll,585,6,0,32.73926954,-91.23425694,22035.0,8526.453869698295,1.0256410256410255,579,584,6,0,578,586,7037,1,0,0,1,-2
2020-10-29,US,Louisiana,East Feliciana,1802,78,0,30.84425359,-91.04976723,22037.0,9417.298144760909,4.328523862375138,1724,1801,78,0,1723,1796,19305,1,0,0,1,5
2020-10-29,US,Louisiana,Evangeline,1413,40,0,30.72985248,-92.39915924,22039.0,4231.172331187304,2.8308563340410475,1373,1412,39,0,1373,1413,33443,1,1,0,0,-1
2020-10-29,US,Louisiana,Franklin,1339,47,0,32.13675181,-91.67589857,22041.0,6689.982513115164,3.51008215085885,1292,1335,47,0,1288,1329,20156,4,0,0,4,6
2020-10-29,US,Louisiana,Grant,538,30,0,31.59882456,-92.56124347,22043.0,2402.965742105498,5.5762081784386615,508,541,30,0,511,540,22482,-3,0,0,-3,1
2020-10-29,US,Louisiana,Iberia,3081,97,0,29.86803617,-91.75871777,22045.0,4412.143777745954,3.1483284647841607,2984,3080,97,0,2983,3072,70941,1,0,0,1,8
2020-10-29,US,Louisiana,Iberville,1483,61,0,30.25734305,-91.3499598,22047.0,4561.5330195933675,4.11328388401888,1422,1480,61,0,1419,1475,32721,3,0,0,3,5
2020-10-29,US,Louisiana,Jackson,861,24,0,32.30251776,-92.55692092,22049.0,5468.75,2.787456445993032,837,860,24,0,836,858,15902,1,0,0,1,2
2020-10-29,US,Louisiana,Jefferson,18757,587,0,29.74075478,-90.11115756,22051.0,4336.948806107845,3.1294983206269658,18170,18726,585,0,18141,18687,434051,31,2,0,29,39
2020-10-29,US,Louisiana,Jefferson Davis,1352,43,0,30.26896765,-92.81210004,22053.0,4310.124968120377,3.180473372781065,1309,1354,43,0,1311,1353,31582,-2,0,0,-2,1
2020-10-29,US,Louisiana,LaSalle,503,10,0,31.67884782,-92.15907765,22059.0,3377.652430835348,1.9880715705765408,493,501,10,0,491,499,14917,2,0,0,2,2
2020-10-29,US,Louisiana,Lafayette,9493,139,0,30.2049055,-92.06959876,22055.0,3884.36515405704,1.4642368060676287,9354,9477,139,0,9338,9463,242782,16,0,0,16,14
2020-10-29,US,Louisiana,Lafourche,3909,130,0,29.52470226,-90.40976986,22057.0,4004.5485278751003,3.32565873624968,3779,3905,128,0,3777,3899,98115,4,2,0,2,6
2020-10-29,US,Louisiana,Lincoln,1679,50,0,32.6003154,-92.66597409999999,22061.0,3592.0585340806983,2.977963073257892,1629,1676,49,0,1627,1672,47196,3,1,0,2,4
2020-10-29,US,Louisiana,Livingston,4227,80,0,30.44143993,-90.73061664,22063.0,3002.365241602682,1.8925952211970665,4147,4221,80,0,4141,4216,139567,6,0,0,6,5
2020-10-29,US,Louisiana,Madison,894,9,0,32.36918118,-91.23973355,22065.0,8163.638023924755,1.0067114093959733,885,893,9,0,884,892,11161,1,0,0,1,1
2020-10-29,US,Louisiana,Morehouse,892,27,0,32.81686191,-91.80421614,22067.0,3586.0738120125434,3.0269058295964126,865,895,27,0,868,892,25398,-3,0,0,-3,3
2020-10-29,US,Louisiana,Natchitoches,1495,28,0,31.72321584,-93.09816516,22069.0,3917.9202264269616,1.872909698996656,1467,1493,28,0,1465,1483,38659,2,0,0,2,10
2020-10-29,US,Louisiana,Orleans,13514,594,0,30.06971951,-89.92660315,22071.0,3463.8492454068237,4.395441764096494,12920,13499,593,0,12906,13471,391006,15,1,0,14,28
2020-10-29,US,Louisiana,Ouachita,7061,166,0,32.47645559,-92.15704172,22073.0,4606.6323501588595,2.3509417929471748,6895,7036,165,0,6871,7025,154475,25,1,0,24,11
2020-10-29,US,Louisiana,Plaquemines,894,19,0,29.42245447,-89.60322085,22075.0,3853.9466310298735,2.1252796420581657,875,894,19,0,875,893,23410,0,0,0,0,1
2020-10-29,US,Louisiana,Pointe Coupee,1140,42,0,30.71409502,-91.60209535,22077.0,5246.2034054302785,3.684210526315789,1098,1139,42,0,1097,1138,21940,1,0,0,1,1
2020-10-29,US,Louisiana,Rapides,4731,158,0,31.19778499,-92.52997303,22079.0,3649.111440207331,3.3396744874233777,4573,4715,158,0,4557,4715,130562,16,0,0,16,0
2020-10-29,US,Louisiana,Red River,442,24,0,32.09530039,-93.34213308,22081.0,5235.726131248519,5.429864253393665,418,438,24,0,414,436,8477,4,0,0,4,2
2020-10-29,US,Louisiana,Richland,895,18,0,32.41391005,-91.76634876,22083.0,4447.868005168472,2.011173184357542,877,889,18,0,871,891,20192,6,0,0,6,-2
2020-10-29,US,Louisiana,Sabine,1004,15,0,31.56388699,-93.55433981,22085.0,4203.650979735387,1.49402390438247,989,1001,15,0,986,993,24032,3,0,0,3,8
2020-10-29,US,Louisiana,St. Bernard,1554,32,0,29.87761636,-89.51887093,22087.0,3289.306578613157,2.0592020592020592,1522,1551,32,0,1519,1548,46721,3,0,0,3,3
2020-10-29,US,Louisiana,St. Charles,1954,63,0,29.90709658,-90.35555967,22089.0,3679.84934086629,3.2241555783009215,1891,1955,63,0,1892,1956,52879,-1,0,0,-1,-1
2020-10-29,US,Louisiana,St. Helena,439,4,0,30.82210324,-90.71013176,22091.0,4332.8069482826695,0.9111617312072892,435,438,4,0,434,437,10262,1,0,0,1,1
2020-10-29,US,Louisiana,St. James,845,40,0,30.02531716,-90.80212061,22093.0,4005.498672734168,4.733727810650888,805,847,40,0,807,841,21037,-2,0,0,-2,6
2020-10-29,US,Louisiana,St. John the Baptist,1654,107,0,30.12597499,-90.4753503,22095.0,3861.148072927609,6.469165659008463,1547,1653,107,0,1546,1649,43184,1,0,0,1,4
2020-10-29,US,Louisiana,St. Landry,3679,135,0,30.59724262,-92.00135806,22097.0,4479.811017485753,3.669475400924165,3544,3675,135,0,3540,3678,82764,4,0,0,4,-3
2020-10-29,US,Louisiana,St. Martin,2230,64,0,30.13112107,-91.61403569,22099.0,4173.607082031031,2.8699551569506725,2166,2230,64,0,2166,2218,53621,0,0,0,0,12
2020-10-29,US,Louisiana,St. Mary,2027,86,0,29.69262097,-91.44702164,22101.0,4107.5626165194135,4.242723236309819,1941,2021,86,0,1935,2021,49774,6,0,0,6,0
2020-10-29,US,Louisiana,St. Tammany,7765,271,0,30.40942847,-89.95642711,22103.0,2981.7332836697783,3.4900193174500966,7494,7749,270,0,7479,7727,258111,16,1,0,15,22
2020-10-29,US,Louisiana,Tangipahoa,5037,126,0,30.62888673,-90.40664996,22105.0,3737.811484290357,2.501488981536629,4911,5026,126,0,4900,5004,133777,11,0,0,11,22
2020-10-29,US,Louisiana,Tensas,186,2,0,32.00760749,-91.32915234,22107.0,4291.647438855561,1.075268817204301,184,186,2,0,184,187,4462,0,0,0,0,-1
2020-10-29,US,Louisiana,Terrebonne,3870,125,0,29.37343766,-90.82626855,22109.0,3503.4989724880274,3.2299741602067185,3745,3870,125,0,3745,3862,111021,0,0,0,0,8
2020-10-29,US,Louisiana,Unassigned,319,214,0,0.0,0.0,90022.0,0.0,67.08463949843261,105,317,214,0,103,307,,2,0,0,2,10
2020-10-29,US,Louisiana,Union,1123,51,0,32.83121059,-92.3749373,22111.0,5079.609191242989,4.541406945681211,1072,1118,51,0,1067,1118,22330,5,0,0,5,0
2020-10-29,US,Louisiana,Vermilion,2129,70,0,29.83517605,-92.30292538,22113.0,3577.4898758212767,3.2879286049788634,2059,2129,70,0,2059,2125,59830,0,0,0,0,4
2020-10-29,US,Louisiana,Vernon,1125,56,0,31.10884837,-93.18153838,22115.0,2371.966518374834,4.977777777777779,1069,1125,56,0,1069,1118,48860,0,0,0,0,7
2020-10-29,US,Louisiana,Washington,1751,72,0,30.85288548,-90.03866652,22117.0,3790.535567389704,4.111936036550542,1679,1752,71,0,1681,1747,46582,-1,1,0,-2,5
2020-10-29,US,Louisiana,Webster,1491,41,0,32.70847669,-93.33121835,22119.0,3888.888888888889,2.749832327297116,1450,1483,40,0,1443,1481,38798,8,1,0,7,2
2020-10-29,US,Louisiana,West Baton Rouge,963,42,0,30.46058217,-91.30989571,22121.0,3638.768184394483,4.361370716510903,921,964,42,0,922,970,26427,-1,0,0,-1,-6
2020-10-29,US,Louisiana,West Carroll,377,13,0,32.78550125,-91.461201,22123.0,3481.071098799631,3.4482758620689653,364,376,13,0,363,375,10982,1,0,0,1,1
2020-10-29,US,Louisiana,West Feliciana,753,25,0,30.87882871,-91.41485379999999,22125.0,4836.844809866393,3.3200531208499338,728,755,25,0,730,757,15460,-2,0,0,-2,-2
2020-10-29,US,Louisiana,Winn,695,19,0,31.94449367,-92.63789413,22127.0,4998.56156501726,2.733812949640288,676,688,19,0,669,688,14134,7,0,0,7,0
2020-10-29,US,Maine,Androscoggin,862,10,0,44.1664747,-70.20380627,23001.0,796.1062829594466,1.160092807424594,852,855,10,0,845,852,107679,7,0,0,7,3
2020-10-29,US,Maine,Aroostook,67,1,0,46.65926321,-68.59841248,23003.0,99.91797777943479,1.492537313432836,66,67,1,0,66,64,67111,0,0,0,0,3
2020-10-29,US,Maine,Cumberland,2545,70,0,43.8370751,-70.37226999,23005.0,862.7030911550052,2.7504911591355596,2475,2523,70,0,2453,2507,293557,22,0,0,22,16
2020-10-29,US,Maine,Franklin,79,1,0,44.97330019,-70.44381045,23007.0,261.59806616113116,1.2658227848101269,78,77,1,0,76,74,29897,2,0,0,2,3
2020-10-29,US,Maine,Hancock,71,1,0,44.59816444,-68.38401854,23009.0,129.1214287013294,1.4084507042253518,70,71,1,0,70,69,54811,0,0,0,0,2
2020-10-29,US,Maine,Kennebec,341,11,0,44.40759555,-69.76738544,23011.0,278.81800788212786,3.2258064516129035,330,332,11,0,321,328,122083,9,0,0,9,4
2020-10-29,US,Maine,Knox,82,1,0,44.11486325,-69.10529169,23013.0,206.17519863220355,1.2195121951219512,81,78,1,0,77,67,39771,4,0,0,4,11
2020-10-29,US,Maine,Lincoln,61,1,0,44.05996956,-69.54227124,23015.0,176.12750476410457,1.639344262295082,60,61,1,0,60,60,34342,0,0,0,0,1
2020-10-29,US,Maine,Oxford,164,2,0,44.49952995,-70.75682123,23017.0,282.8805519620526,1.2195121951219512,162,164,2,0,162,162,57618,0,0,0,0,2
2020-10-29,US,Maine,Penobscot,303,6,0,45.40194593,-68.65020455,23019.0,199.148197807398,1.98019801980198,297,302,6,0,296,300,151096,1,0,0,1,2
2020-10-29,US,Maine,Piscataquis,10,0,0,45.83839062,-69.2860223,23021.0,59.577003276735184,0.0,10,10,0,0,10,10,16800,0,0,0,0,0
2020-10-29,US,Maine,Sagadahoc,84,0,0,43.95415864,-69.85074999,23023.0,234.2704149933066,0.0,84,82,0,0,82,82,35634,2,0,0,2,0
2020-10-29,US,Maine,Somerset,172,8,0,45.51229767,-69.95995554,23025.0,340.70200459551535,4.651162790697675,164,153,8,0,145,146,50592,19,0,0,19,7
2020-10-29,US,Maine,Waldo,154,14,0,44.4858305,-69.12061935,23027.0,387.7628100214025,9.090909090909092,140,150,14,0,136,149,39694,4,0,0,4,1
2020-10-29,US,Maine,Washington,60,0,0,45.01607142,-67.62813524,23029.0,191.21068230345142,0.0,60,57,0,0,57,48,31490,3,0,0,3,9
2020-10-29,US,Maine,York,1411,20,0,43.47808377,-70.71052375,23031.0,679.5382414841,1.4174344436569808,1391,1404,20,0,1384,1391,206229,7,0,0,7,13
2020-10-29,US,Maryland,Allegany,693,24,0,39.62357628,-78.69280486,24001.0,984.1513292433538,3.463203463203463,669,679,24,0,655,660,70975,14,0,0,14,19
2020-10-29,US,Maryland,Anne Arundel,12040,274,0,39.00670238,-76.60329337,24003.0,2078.6072640763487,2.275747508305648,11766,11921,273,0,11648,11872,576031,119,1,0,118,49
2020-10-29,US,Maryland,Baltimore,20670,669,0,39.45784712,-76.62911955,24005.0,2498.277675042605,3.2365747460087078,20001,20510,666,0,19844,20419,828431,160,3,0,157,91
2020-10-29,US,Maryland,Baltimore City,17774,502,0,39.30211911,-76.61151012,24510.0,2994.8272085460576,2.8243501744120625,17272,17664,502,0,17162,17581,621342,110,0,0,110,83
2020-10-29,US,Maryland,Calvert,1188,29,0,38.53961642,-76.56820632,24009.0,1283.9773034315049,2.441077441077441,1159,1184,29,0,1155,1176,92003,4,0,0,4,8
2020-10-29,US,Maryland,Caroline,750,8,0,38.87172293,-75.82904158,24011.0,2245.1056696401847,1.0666666666666669,742,740,8,0,732,740,33304,10,0,0,10,0
2020-10-29,US,Maryland,Carroll,2258,129,0,39.56453592,-77.02373735,24013.0,1340.4809821486874,5.713020372010629,2129,2231,129,0,2102,2219,168429,27,0,0,27,12
2020-10-29,US,Maryland,Cecil,1354,36,0,39.56647682,-75.94627411,24015.0,1316.4163142287687,2.658788774002954,1318,1348,36,0,1312,1340,102826,6,0,0,6,8
2020-10-29,US,Maryland,Charles,3187,102,0,38.51092331,-76.98580666,24017.0,1952.1368149604612,3.2005020395356136,3085,3168,102,0,3066,3154,161503,19,0,0,19,14
2020-10-29,US,Maryland,Dorchester,797,11,0,38.45413522,-76.02752426,24019.0,2496.163362460459,1.3801756587202008,786,782,10,0,772,779,31998,15,1,0,14,3
2020-10-29,US,Maryland,Frederick,4786,139,0,39.47296601,-77.39999394,24021.0,1843.9820148181248,2.904304220643544,4647,4748,139,0,4609,4721,255648,38,0,0,38,27
2020-10-29,US,Maryland,Garrett,147,1,0,39.52786077,-79.27355126,24023.0,506.65196112221685,0.6802721088435374,146,142,1,0,141,139,29163,5,0,0,5,3
2020-10-29,US,Maryland,Harford,3612,81,0,39.55010644,-76.30775940000002,24025.0,1414.0251564940631,2.242524916943521,3531,3583,81,0,3502,3555,253956,29,0,0,29,28
2020-10-29,US,Maryland,Howard,5894,127,0,39.25305293,-76.93126208,24027.0,1809.696337007584,2.154733627417713,5767,5865,126,0,5739,5845,323196,29,1,0,28,20
2020-10-29,US,Maryland,Kent,343,25,0,39.24976208,-76.04741541,24029.0,1766.0385130264651,7.288629737609329,318,343,25,0,318,342,19383,0,0,0,0,1
2020-10-29,US,Maryland,Montgomery,25692,872,0,39.13676329,-77.20358245,24031.0,2445.2549186818537,3.3940526233847117,24820,25562,870,0,24692,25438,1052567,130,2,0,128,124
2020-10-29,US,Maryland,Prince George's,32800,859,0,38.83070039,-76.8496441,24033.0,3607.063245675098,2.6189024390243905,31941,32648,859,0,31789,32499,909308,152,0,0,152,149
2020-10-29,US,Maryland,Queen Anne's,784,26,0,39.06198912,-76.03530977,24035.0,1556.1421964629526,3.3163265306122454,758,777,26,0,751,773,50251,7,0,0,7,4
2020-10-29,US,Maryland,Somerset,427,6,0,38.1163542,-75.75118623,24039.0,1666.9269206745785,1.4051522248243558,421,421,6,0,415,419,25675,6,0,0,6,2
2020-10-29,US,Maryland,St. Mary's,1497,60,0,38.30058422,-76.60629279999998,24037.0,1318.826535107039,4.008016032064128,1437,1475,60,0,1415,1470,112664,22,0,0,22,5
2020-10-29,US,Maryland,Talbot,651,6,0,38.76618159,-76.10882561,24041.0,1750.8942739571287,0.9216589861751152,645,647,6,0,641,645,36968,4,0,0,4,2
2020-10-29,US,Maryland,Unassigned,0,15,0,0.0,0.0,90024.0,0.0,0.0,-15,0,11,0,-11,0,,0,4,0,-4,0
2020-10-29,US,Maryland,Washington,2304,44,0,39.60835778,-77.82002295,24043.0,1525.3328390125062,1.9097222222222223,2260,2281,44,0,2237,2252,150926,23,0,0,23,29
2020-10-29,US,Maryland,Wicomico,2519,51,0,38.37301947,-75.62705831,24045.0,2431.255971971547,2.024612941643509,2468,2494,51,0,2443,2493,103195,25,0,0,25,1
2020-10-29,US,Maryland,Worcester,1220,31,0,38.21274277,-75.33200012,24047.0,2333.7669293748568,2.540983606557377,1189,1212,31,0,1181,1210,51823,8,0,0,8,2
2020-10-29,US,Massachusetts,Barnstable,2004,183,0,41.72980578,-70.28854339,25001.0,940.8892436264612,9.131736526946106,1821,1999,183,0,1816,1992,213413,5,0,0,5,7
2020-10-29,US,Massachusetts,Berkshire,781,52,0,42.37428441,-73.20524838,25003.0,625.0800358560635,6.658130601792574,729,780,52,0,728,774,126348,1,0,0,1,6
2020-10-29,US,Massachusetts,Bristol,12338,752,0,41.79228404,-71.10872211,25005.0,2182.8784343004545,6.094991084454532,11586,12167,750,0,11417,11986,564022,171,2,0,169,181
2020-10-29,US,Massachusetts,Dukes and Nantucket,244,2,0,41.40674725,-70.68763497,0.0,849.2569002123143,0.819672131147541,242,241,2,0,239,230,26707,3,0,0,3,11
2020-10-29,US,Massachusetts,Essex,23861,1348,0,42.6687626,-70.94687179,25009.0,3024.0775429195696,5.649386027408742,22513,23642,1343,0,22299,23418,790638,219,5,0,214,224
2020-10-29,US,Massachusetts,Franklin,478,73,0,42.58119713,-72.58602547,25011.0,681.1057281276717,15.271966527196653,405,472,72,0,400,472,70963,6,1,0,5,0
2020-10-29,US,Massachusetts,Hampden,10016,816,0,42.13440424,-72.63235561,25013.0,2147.6417966773306,8.146964856230031,9200,9901,815,0,9086,9800,470406,115,1,0,114,101
2020-10-29,US,Massachusetts,Hampshire,1484,155,0,42.33997957,-72.65898478,25015.0,922.7134241124166,10.444743935309972,1329,1472,155,0,1317,1465,161355,12,0,0,12,7
2020-10-29,US,Massachusetts,Middlesex,32015,2272,0,42.48607732,-71.39049229,25017.0,1986.4130957455454,7.096673434327659,29743,31808,2265,0,29543,31594,1614714,207,7,0,200,214
2020-10-29,US,Massachusetts,Norfolk,11814,1110,0,42.16073095,-71.20530408,25021.0,1671.5362031763998,9.395632300660235,10704,11733,1108,0,10625,11676,705388,81,2,0,79,57
2020-10-29,US,Massachusetts,Plymouth,11423,835,0,41.94070556,-70.80802823,25023.0,2191.664652092663,7.309813534097872,10588,11350,832,0,10518,11294,518132,73,3,0,70,56
2020-10-29,US,Massachusetts,Suffolk,28400,1177,0,42.327951399999996,-71.07850442,25025.0,3532.746947097114,4.144366197183099,27223,28152,1173,0,26979,27992,807252,248,4,0,244,160
2020-10-29,US,Massachusetts,Unassigned,4126,5,0,0.0,0.0,90025.0,0.0,0.1211827435773146,4121,4030,5,0,4025,3995,,96,0,0,96,35
2020-10-29,US,Massachusetts,Worcester,16580,1171,0,42.35026951,-71.90493363,25027.0,1996.0944930425635,7.062726176115802,15409,16471,1169,0,15302,16349,830839,109,2,0,107,122
2020-10-29,US,Michigan,Alcona,54,3,0,44.6846864,-83.59507875,26001.0,518.9812590100913,5.5555555555555545,51,54,3,0,51,54,10362,0,0,0,0,0
2020-10-29,US,Michigan,Alger,117,1,0,46.41292944,-86.60260122,26003.0,1284.5849802371542,0.8547008547008547,116,117,1,0,116,111,9097,0,0,0,0,6
2020-10-29,US,Michigan,Allegan,1368,7,0,42.59147037,-85.89102866,26005.0,1158.5267739941228,0.5116959064327485,1361,1325,7,0,1318,1289,117327,43,0,0,43,36
2020-10-29,US,Michigan,Alpena,175,14,0,45.03477666,-83.62212411,26007.0,616.0887167752156,8.0,161,163,14,0,149,161,28360,12,0,0,12,2
2020-10-29,US,Michigan,Antrim,140,0,0,44.99690221,-85.15503082,26009.0,600.2400960384152,0.0,140,130,0,0,130,130,23365,10,0,0,10,0
2020-10-29,US,Michigan,Arenac,110,3,0,44.0636262,-83.89277559,26011.0,739.09830007391,2.727272727272727,107,102,3,0,99,98,15041,8,0,0,8,4
2020-10-29,US,Michigan,Baraga,105,4,0,46.6720582,-88.36363591,26013.0,1279.0839322694605,3.809523809523809,101,101,4,0,97,88,8320,4,0,0,4,13
2020-10-29,US,Michigan,Barry,752,6,0,42.59513984,-85.30834519,26015.0,1221.7709179528838,0.7978723404255319,746,716,6,0,710,688,61157,36,0,0,36,28
2020-10-29,US,Michigan,Bay,1480,62,0,43.70639106,-83.98731479,26017.0,1435.13759866571,4.1891891891891895,1418,1433,62,0,1371,1404,103923,47,0,0,47,29
2020-10-29,US,Michigan,Benzie,137,2,0,44.63899297,-86.01608482,26019.0,771.1358775188562,1.45985401459854,135,125,2,0,123,124,17753,12,0,0,12,1
2020-10-29,US,Michigan,Berrien,2844,83,0,41.95447397,-86.41313079999998,26021.0,1853.9644461248624,2.918424753867792,2761,2774,82,0,2692,2735,154141,70,1,0,69,39
2020-10-29,US,Michigan,Branch,924,11,0,41.91600556,-85.05929476,26023.0,2123.3081324539835,1.1904761904761905,913,899,11,0,888,875,43622,25,0,0,25,24
2020-10-29,US,Michigan,Calhoun,3087,69,0,42.24633834,-85.00493569,26025.0,2301.001050991734,2.2351797862001943,3018,2976,71,0,2905,2870,134487,111,-2,0,113,106
2020-10-29,US,Michigan,Cass,1054,24,0,41.91522292,-85.99405727,26027.0,2035.2598142390948,2.2770398481973437,1030,1025,24,0,1001,1015,51653,29,0,0,29,10
2020-10-29,US,Michigan,Charlevoix,202,4,0,45.37790017,-85.19614053,26029.0,772.6733733695444,1.98019801980198,198,190,4,0,186,183,26244,12,0,0,12,7
2020-10-29,US,Michigan,Cheboygan,172,2,0,45.44787015,-84.50122149,26031.0,680.4874188953949,1.162790697674419,170,154,2,0,152,150,25413,18,0,0,18,4
2020-10-29,US,Michigan,Chippewa,174,0,0,46.29552653,-84.54353449,26033.0,465.87592706632034,0.0,174,161,0,0,161,147,37517,13,0,0,13,14
2020-10-29,US,Michigan,Clare,301,13,0,43.98794227,-84.84819859999998,26035.0,972.5363489499193,4.318936877076412,288,291,11,0,280,276,30757,10,2,0,8,15
2020-10-29,US,Michigan,Clinton,1205,16,0,42.94400871,-84.60145248,26037.0,1513.9141905898612,1.3278008298755186,1189,1149,16,0,1133,1125,79332,56,0,0,56,24
2020-10-29,US,Michigan,Crawford,156,5,0,44.68255561,-84.61006219,26039.0,1111.9823223323115,3.2051282051282053,151,153,5,0,148,150,13901,3,0,0,3,3
2020-10-29,US,Michigan,Delta,1300,34,0,45.90484910000001,-86.9080745,26041.0,3632.908562486027,2.6153846153846154,1266,1263,27,0,1236,1201,35857,37,7,0,30,62
2020-10-29,US,Michigan,Dickinson,687,21,0,46.00999672,-87.86961634,26043.0,2721.9778913586115,3.056768558951965,666,660,20,0,640,636,25383,27,1,0,26,24
2020-10-29,US,Michigan,Eaton,1228,11,0,42.59599185,-84.83740035,26045.0,1113.650379076432,0.8957654723127035,1217,1180,11,0,1169,1156,109826,48,0,0,48,24
2020-10-29,US,Michigan,Emmet,294,4,0,45.52625509,-84.89083249,26047.0,879.8443812658984,1.3605442176870748,290,268,4,0,264,250,33308,26,0,0,26,18
2020-10-29,US,Michigan,Federal Correctional Institution (FCI),197,5,0,0.0,0.0,0.0,0.0,2.538071065989848,192,197,5,0,192,197,,0,0,0,0,0
2020-10-29,US,Michigan,Genesee,7048,340,0,43.02244215,-83.70589709,26049.0,1736.7605276321854,4.824063564131668,6708,6898,338,0,6560,6799,406892,150,2,0,148,99
2020-10-29,US,Michigan,Gladwin,228,2,0,43.98901072,-84.38774817,26051.0,895.9094659908052,0.8771929824561403,226,216,2,0,214,209,25337,12,0,0,12,7
2020-10-29,US,Michigan,Gogebic,423,11,0,46.40862701,-89.69377193,26053.0,3026.8336314847943,2.600472813238771,412,413,9,0,404,404,15096,10,2,0,8,9
2020-10-29,US,Michigan,Grand Traverse,849,14,0,44.69565625,-85.55585247,26055.0,912.0402200068753,1.6489988221436984,835,810,13,0,797,788,92573,39,1,0,38,22
2020-10-29,US,Michigan,Gratiot,562,17,0,43.29265605,-84.60505416,26057.0,1380.462282921078,3.0249110320284696,545,533,17,0,516,514,40599,29,0,0,29,19
2020-10-29,US,Michigan,Hillsdale,546,29,0,41.88753639,-84.59312019,26059.0,1197.237145049885,5.311355311355311,517,530,29,0,501,513,45749,16,0,0,16,17
2020-10-29,US,Michigan,Houghton,968,9,0,46.89988536,-88.68495385,26061.0,2712.700369913687,0.9297520661157024,959,942,9,0,933,929,36219,26,0,0,26,13
2020-10-29,US,Michigan,Huron,286,6,0,43.83353985,-83.04078453,26063.0,923.1464445950743,2.097902097902098,280,277,5,0,272,273,31166,9,1,0,8,4
2020-10-29,US,Michigan,Ingham,4777,66,0,42.59716886,-84.37472069,26065.0,1633.6874072351457,1.3816202637638686,4711,4683,65,0,4618,4630,292735,94,1,0,93,53
2020-10-29,US,Michigan,Ionia,795,8,0,42.94502238,-85.07413319,26067.0,1228.805045056185,1.0062893081761006,787,731,8,0,723,715,64210,64,0,0,64,16
2020-10-29,US,Michigan,Iosco,303,16,0,44.35486835,-83.63484895,26069.0,1205.8741592709039,5.2805280528052805,287,294,16,0,278,289,25081,9,0,0,9,5
2020-10-29,US,Michigan,Iron,452,25,0,46.20974132,-88.53136251,26071.0,4084.5834086390746,5.530973451327434,427,443,25,0,418,441,11117,9,0,0,9,2
2020-10-29,US,Michigan,Isabella,1103,15,0,43.64060976,-84.84664923,26073.0,1578.600870162583,1.3599274705349047,1088,1065,15,0,1050,1039,70562,38,0,0,38,26
2020-10-29,US,Michigan,Jackson,1926,68,0,42.24807035,-84.42258681,26075.0,1215.0652955649487,3.530633437175493,1858,1861,67,0,1794,1810,158823,65,1,0,64,51
2020-10-29,US,Michigan,Kalamazoo,5012,110,0,42.24542231,-85.53038622,26077.0,1890.849826081052,2.194732641660016,4902,4889,106,0,4783,4817,264870,123,4,0,119,72
2020-10-29,US,Michigan,Kalkaska,135,4,0,44.68512729,-85.09085699,26079.0,748.4200022175407,2.962962962962963,131,130,4,0,126,130,17824,5,0,0,5,0
2020-10-29,US,Michigan,Kent,15104,186,0,43.03197711,-85.54934642,26081.0,2299.092023045718,1.2314618644067796,14918,14778,185,0,14593,14413,653786,326,1,0,325,365
2020-10-29,US,Michigan,Keweenaw,22,0,0,47.63197653,-88.41434263,26083.0,1039.697542533081,0.0,22,23,0,0,23,20,2113,-1,0,0,-1,3
2020-10-29,US,Michigan,Lake,65,1,0,43.99050893,-85.802173,26085.0,548.3843752636463,1.5384615384615383,64,64,1,0,63,64,11881,1,0,0,1,0
2020-10-29,US,Michigan,Lapeer,958,38,0,43.09052506,-83.22153148,26087.0,1093.5199242069698,3.9665970772442583,920,942,38,0,904,915,88028,16,0,0,16,27
2020-10-29,US,Michigan,Leelanau,158,2,0,44.94430054,-85.80150326,26089.0,726.0695740085474,1.2658227848101269,156,151,2,0,149,152,21764,7,0,0,7,-1
2020-10-29,US,Michigan,Lenawee,1182,20,0,41.89475156,-84.06603727,26091.0,1200.5972514245666,1.6920473773265652,1162,1162,20,0,1142,1139,98266,20,0,0,20,23
2020-10-29,US,Michigan,Livingston,2205,35,0,42.60302282,-83.91297209,26093.0,1148.4674080054167,1.5873015873015872,2170,2142,33,0,2109,2056,191224,63,2,0,61,86
2020-10-29,US,Michigan,Luce,84,1,0,46.47227431,-85.54471223,26095.0,1348.5310643763046,1.1904761904761905,83,66,1,0,65,55,6283,18,0,0,18,11
2020-10-29,US,Michigan,Mackinac,166,0,0,46.07028979,-85.04980537,26097.0,1537.1793684600425,0.0,166,162,0,0,162,158,10787,4,0,0,4,4
2020-10-29,US,Michigan,Macomb,19127,1093,0,42.69158356,-82.92752801,26099.0,2188.5140485049865,5.714435091755111,18034,18829,1088,0,17741,18548,874759,298,5,0,293,281
2020-10-29,US,Michigan,Manistee,148,3,0,44.33352407,-86.05626916,26101.0,602.6549393273067,2.0270270270270268,145,139,3,0,136,136,24528,9,0,0,9,3
2020-10-29,US,Michigan,Marquette,1161,15,0,46.4338914,-87.64043701,26103.0,1740.6557819457566,1.2919896640826871,1146,1083,15,0,1068,1044,66516,78,0,0,78,39
2020-10-29,US,Michigan,Mason,257,2,0,43.99509218,-86.24988902,26105.0,881.8281636014273,0.7782101167315175,255,250,1,0,249,244,29100,7,1,0,6,6
2020-10-29,US,Michigan,Mecosta,558,4,0,43.64064262,-85.32463223,26107.0,1284.1460888776378,0.7168458781362007,554,541,4,0,537,524,43545,17,0,0,17,17
2020-10-29,US,Michigan,Menominee,743,6,0,45.58038692,-87.55370409,26109.0,3261.633011413521,0.8075370121130552,737,729,5,0,724,715,22983,14,1,0,13,14
2020-10-29,US,Michigan,Michigan Department of Corrections (MDOC),6883,75,0,0.0,0.0,0.0,0.0,1.0896411448496297,6808,6691,75,0,6616,6562,,192,0,0,192,129
2020-10-29,US,Michigan,Midland,1119,14,0,43.64330771,-84.38804374,26111.0,1345.6635720813892,1.2511170688114388,1105,1066,14,0,1052,1037,83209,53,0,0,53,29
2020-10-29,US,Michigan,Missaukee,92,1,0,44.33772443,-85.09256478,26113.0,608.5461039820083,1.0869565217391304,91,91,1,0,90,91,15113,1,0,0,1,0
2020-10-29,US,Michigan,Monroe,2106,39,0,41.92734151,-83.53749864,26115.0,1399.3355481727576,1.851851851851852,2067,2076,38,0,2038,2046,150439,30,1,0,29,30
2020-10-29,US,Michigan,Montcalm,717,13,0,43.31082541,-85.15252824,26117.0,1122.2764838467315,1.8131101813110184,704,680,13,0,667,645,63968,37,0,0,37,35
2020-10-29,US,Michigan,Montmorency,34,0,0,45.0275929,-84.12696227,26119.0,364.49399656946815,0.0,34,29,0,0,29,27,9265,5,0,0,5,2
2020-10-29,US,Michigan,Muskegon,2344,84,0,43.29123859,-86.15176712,26121.0,1350.4949125980895,3.583617747440273,2260,2227,82,0,2145,2149,173588,117,2,0,115,78
2020-10-29,US,Michigan,Newaygo,663,3,0,43.554373999999996,-85.80070107,26123.0,1353.6137198856675,0.4524886877828054,660,650,3,0,647,630,48892,13,0,0,13,20
2020-10-29,US,Michigan,Oakland,25903,1239,0,42.66090111,-83.38595416,26125.0,2059.7431265028813,4.783229741728757,24664,25563,1237,0,24326,25069,1259201,340,2,0,338,494
2020-10-29,US,Michigan,Oceana,650,6,0,43.64124435,-86.26726673,26127.0,2455.888464880795,0.9230769230769232,644,637,6,0,631,622,26625,13,0,0,13,15
2020-10-29,US,Michigan,Ogemaw,125,5,0,44.33481032,-84.12725175,26129.0,595.3231414011525,4.0,120,117,5,0,112,114,20952,8,0,0,8,3
2020-10-29,US,Michigan,Ontonagon,110,0,0,46.665226200000006,-89.31390481,26131.0,1923.0769230769226,0.0,110,106,0,0,106,103,5795,4,0,0,4,3
2020-10-29,US,Michigan,Osceola,192,1,0,43.98992088,-85.32566756,26133.0,818.4143222506392,0.5208333333333334,191,182,1,0,181,177,23341,10,0,0,10,5
2020-10-29,US,Michigan,Oscoda,57,2,0,44.68192279,-84.12939244,26135.0,691.663633054241,3.5087719298245608,55,56,2,0,54,56,8276,1,0,0,1,0
2020-10-29,US,Michigan,Otsego,273,12,0,45.02085831,-84.59898295,26137.0,1106.6969353007946,4.395604395604397,261,262,12,0,250,252,24665,11,0,0,11,10
2020-10-29,US,Michigan,Ottawa,5418,78,0,42.95996803,-85.9969107,26139.0,1856.5603262173183,1.4396456256921373,5340,5279,76,0,5203,5128,290494,139,2,0,137,151
2020-10-29,US,Michigan,Out of MI,322,3,0,0.0,0.0,80026.0,0.0,0.9316770186335404,319,364,3,0,361,339,,-42,0,0,-42,25
2020-10-29,US,Michigan,Presque Isle,74,1,0,45.34018577,-83.91498656,26141.0,587.6747141041933,1.351351351351351,73,65,1,0,64,66,12738,9,0,0,9,-1
2020-10-29,US,Michigan,Roscommon,208,6,0,44.33473082,-84.61067651,26143.0,865.9810982971812,2.8846153846153846,202,193,6,0,187,185,23884,15,0,0,15,8
2020-10-29,US,Michigan,Saginaw,4057,157,0,43.33433923,-84.05131209999998,26145.0,2129.2228887524343,3.8698545723440967,3900,3927,155,0,3772,3873,190800,130,2,0,128,54
2020-10-29,US,Michigan,Sanilac,218,7,0,43.42406072,-82.82055898,26151.0,529.5117804226378,3.2110091743119265,211,210,7,0,203,200,41182,8,0,0,8,10
2020-10-29,US,Michigan,Schoolcraft,88,1,0,46.19235734,-86.19972234,26153.0,1087.2251050160612,1.1363636363636365,87,81,1,0,80,74,8068,7,0,0,7,7
2020-10-29,US,Michigan,Shiawassee,758,34,0,42.95392800000001,-84.14585902,26155.0,1112.709550512316,4.485488126649076,724,728,34,0,694,719,68192,30,0,0,30,9
2020-10-29,US,Michigan,St. Clair,1658,65,0,42.92655373,-82.67937954,26147.0,1041.9285103815796,3.920386007237636,1593,1594,65,0,1529,1545,159337,64,0,0,64,49
2020-10-29,US,Michigan,St. Joseph,1302,23,0,41.91441767,-85.52797979,26149.0,2135.6866347352534,1.7665130568356375,1279,1256,21,0,1235,1210,61043,46,2,0,44,46
2020-10-29,US,Michigan,Tuscola,698,36,0,43.46606813,-83.41897025,26157.0,1336.013015599579,5.1575931232091685,662,678,35,0,643,671,52516,20,1,0,19,7
2020-10-29,US,Michigan,Unassigned,21,0,0,0.0,0.0,90026.0,0.0,0.0,21,11,0,0,11,27,,10,0,0,10,-16
2020-10-29,US,Michigan,Van Buren,1157,20,0,42.25190229,-86.01939087,26159.0,1528.8661019860724,1.728608470181504,1137,1124,19,0,1105,1092,75448,33,1,0,32,32
2020-10-29,US,Michigan,Washtenaw,5652,120,0,42.253105,-83.83853204,26161.0,1537.5366225880778,2.123142250530785,5532,5568,119,0,5449,5464,370963,84,1,0,83,104
2020-10-29,US,Michigan,Wayne,41345,3054,0,42.28098405,-83.281255,26163.0,2363.458738509257,7.386624743016084,38291,40861,3052,0,37809,40396,1753893,484,2,0,482,465
2020-10-29,US,Michigan,Wexford,185,4,0,44.33853602,-85.57712739,26165.0,550.0877166899587,2.1621621621621623,181,180,4,0,176,179,33466,5,0,0,5,1
2020-10-29,US,Minnesota,Aitkin,198,2,0,46.60962049,-93.41168259999999,27001.0,1246.3804607830791,1.0101010101010102,196,188,2,0,186,186,15902,10,0,0,10,2
2020-10-29,US,Minnesota,Anoka,9344,155,0,45.27476015,-93.24604565,27003.0,2617.9462682218195,1.6588184931506849,9189,9160,153,0,9007,9039,353813,184,2,0,182,121
2020-10-29,US,Minnesota,Becker,621,4,0,46.93479392,-95.67158144,27005.0,1804.026377712576,0.644122383252818,617,604,4,0,600,588,34371,17,0,0,17,16
2020-10-29,US,Minnesota,Beltrami,961,8,0,47.97373527,-94.93732139,27007.0,2036.5347122149692,0.8324661810613944,953,927,8,0,919,914,46847,34,0,0,34,13
2020-10-29,US,Minnesota,Benton,1033,11,0,45.69804958,-93.99514135,27009.0,2526.351830565678,1.0648596321393995,1022,1009,9,0,1000,976,40545,24,2,0,22,33
2020-10-29,US,Minnesota,Big Stone,159,1,0,45.42712824,-96.41403739,27011.0,3185.7343217792027,0.6289308176100629,158,153,1,0,152,143,4989,6,0,0,6,10
2020-10-29,US,Minnesota,Blue Earth,2114,7,0,44.03554215,-94.06699781,27013.0,3124.769042023265,0.3311258278145696,2107,2085,7,0,2078,2066,67427,29,0,0,29,19
2020-10-29,US,Minnesota,Brown,348,3,0,44.24205652,-94.72562874,27015.0,1391.5547024952014,0.8620689655172413,345,335,3,0,332,333,25111,13,0,0,13,2
2020-10-29,US,Minnesota,Carlton,509,2,0,46.59180601,-92.67601019,27017.0,1418.9735440885395,0.3929273084479371,507,483,2,0,481,462,35837,26,0,0,26,21
2020-10-29,US,Minnesota,Carver,1888,7,0,44.82017001,-93.80099179999999,27019.0,1796.5724290839194,0.3707627118644068,1881,1867,7,0,1860,1847,103551,21,0,0,21,20
2020-10-29,US,Minnesota,Cass,422,5,0,46.95043611,-94.32603968,27021.0,1417.106014305383,1.1848341232227488,417,405,5,0,400,390,29519,17,0,0,17,15
2020-10-29,US,Minnesota,Chippewa,473,3,0,45.02343421,-95.56403693,27023.0,4008.4745762711855,0.6342494714587738,470,469,3,0,466,466,11924,4,0,0,4,3
2020-10-29,US,Minnesota,Chisago,1156,2,0,45.5021011,-92.90861945,27025.0,2043.160890082893,0.17301038062283736,1154,1114,2,0,1112,1083,55922,42,0,0,42,31
2020-10-29,US,Minnesota,Clay,2529,44,0,46.89289518,-96.48761922,27027.0,3937.902899317991,1.7398181099248715,2485,2464,43,0,2421,2362,63955,65,1,0,64,102
2020-10-29,US,Minnesota,Clearwater,138,1,0,47.57992111,-95.37790562,27029.0,1564.9807212519845,0.7246376811594203,137,128,1,0,127,114,8810,10,0,0,10,14
2020-10-29,US,Minnesota,Cook,19,0,0,47.90504893,-90.52629546,27031.0,347.7942522423577,0.0,19,18,0,0,18,17,5393,1,0,0,1,1
2020-10-29,US,Minnesota,Cottonwood,295,0,0,44.00715262,-95.18138802,27033.0,2634.8695962843867,0.0,295,290,0,0,290,286,11277,5,0,0,5,4
2020-10-29,US,Minnesota,Crow Wing,1143,22,0,46.48096553,-94.06755609,27035.0,1756.9748674198754,1.9247594050743655,1121,1083,22,0,1061,1062,64889,60,0,0,60,21
2020-10-29,US,Minnesota,Dakota,10271,139,0,44.67172617,-93.06299363,27037.0,2394.0553026541825,1.3533248953363841,10132,10132,138,0,9994,10027,425423,139,1,0,138,105
2020-10-29,US,Minnesota,Dodge,413,0,0,44.02238415,-92.86244324,27039.0,1972.8671061431164,0.0,413,405,0,0,405,404,20822,8,0,0,8,1
2020-10-29,US,Minnesota,Douglas,774,4,0,45.93348491,-95.45335469,27041.0,2029.3122886133035,0.5167958656330749,770,734,4,0,730,728,37964,40,0,0,40,6
2020-10-29,US,Minnesota,Faribault,252,0,0,43.67381499,-93.94787458,27043.0,1845.7481872116016,0.0,252,244,0,0,244,239,13758,8,0,0,8,5
2020-10-29,US,Minnesota,Fillmore,277,0,0,43.67394126,-92.08980382,27045.0,1314.852613091565,0.0,277,265,0,0,265,264,21058,12,0,0,12,1
2020-10-29,US,Minnesota,Freeborn,718,5,0,43.67385583,-93.34884422,27047.0,2371.123807007695,0.6963788300835655,713,700,4,0,696,691,30444,18,1,0,17,9
2020-10-29,US,Minnesota,Goodhue,651,11,0,44.40849741,-92.72341949999999,27049.0,1404.833836858006,1.6897081413210446,640,633,11,0,622,625,46403,18,0,0,18,8
2020-10-29,US,Minnesota,Grant,105,4,0,45.93424769,-96.01139609,27051.0,1758.2049564634965,3.809523809523809,101,102,4,0,98,99,6021,3,0,0,3,3
2020-10-29,US,Minnesota,Hennepin,35484,995,0,45.00761521,-93.47694895,27053.0,2803.1912330360083,2.8040807124337728,34489,34988,995,0,33993,34657,1259428,496,0,0,496,331
2020-10-29,US,Minnesota,Houston,238,1,0,43.67129565,-91.49143057,27055.0,1279.5698924731182,0.4201680672268908,237,220,1,0,219,212,18578,18,0,0,18,8
2020-10-29,US,Minnesota,Hubbard,434,4,0,47.10778564,-94.91693868,27057.0,2019.4500023265552,0.9216589861751152,430,423,3,0,420,410,21332,11,1,0,10,13
2020-10-29,US,Minnesota,Isanti,599,5,0,45.56181234,-93.29487636,27059.0,1475.5148290471964,0.8347245409015025,594,583,5,0,578,571,39966,16,0,0,16,12
2020-10-29,US,Minnesota,Itasca,788,17,0,47.51009045,-93.63092229,27061.0,1746.0669177930426,2.1573604060913705,771,771,17,0,754,763,45108,17,0,0,17,8
2020-10-29,US,Minnesota,Jackson,221,1,0,43.67423373,-95.15398258,27063.0,2244.566321348771,0.4524886877828054,220,219,1,0,218,217,9911,2,0,0,2,2
2020-10-29,US,Minnesota,Kanabec,237,10,0,45.9459309,-93.29275192,27065.0,1450.6947419966946,4.219409282700422,227,230,10,0,220,225,16207,7,0,0,7,5
2020-10-29,US,Minnesota,Kandiyohi,1821,5,0,45.1526059,-95.00586446,27067.0,4215.375355911016,0.2745744096650192,1816,1783,5,0,1778,1753,42855,38,0,0,38,30
2020-10-29,US,Minnesota,Kittson,53,0,0,48.77754106,-96.78317184,27069.0,1233.1316891577478,0.0,53,50,0,0,50,49,4248,3,0,0,3,1
2020-10-29,US,Minnesota,Koochiching,175,5,0,48.24539665,-93.78352843,27071.0,1431.0246136233545,2.8571428571428568,170,176,5,0,171,172,12440,-1,0,0,-1,4
2020-10-29,US,Minnesota,Lac qui Parle,145,3,0,44.9973857,-96.17488219,27073.0,2189.3401781669936,2.0689655172413794,142,145,3,0,142,144,6658,0,0,0,0,1
2020-10-29,US,Minnesota,Lake,133,0,0,47.64270764,-91.44557998,27075.0,1249.8825298374213,0.0,133,129,0,0,129,126,10658,4,0,0,4,3
2020-10-29,US,Minnesota,Lake of the Woods,44,1,0,48.77217001,-94.90274472,27077.0,1176.4705882352941,2.272727272727273,43,45,1,0,44,44,3758,-1,0,0,-1,1
2020-10-29,US,Minnesota,Le Sueur,664,6,0,44.37136597,-93.72844721,27079.0,2298.611832312113,0.9036144578313252,658,651,6,0,645,645,28494,13,0,0,13,6
2020-10-29,US,Minnesota,Lincoln,193,0,0,44.41311883,-96.26688165,27081.0,3422.5926582727434,0.0,193,191,0,0,191,189,5673,2,0,0,2,2
2020-10-29,US,Minnesota,Lyon,1030,6,0,44.41327865,-95.83806103,27083.0,4043.3383057234832,0.5825242718446602,1024,1007,6,0,1001,996,25629,23,0,0,23,11
2020-10-29,US,Minnesota,Mahnomen,129,2,0,47.32557075,-95.80921485,27087.0,2333.996743260358,1.5503875968992251,127,128,2,0,126,117,5519,1,0,0,1,11
2020-10-29,US,Minnesota,Marshall,151,1,0,48.35825983,-96.37017407,27089.0,1617.3950299914306,0.6622516556291391,150,137,1,0,136,131,9390,14,0,0,14,6
2020-10-29,US,Minnesota,Martin,626,18,0,43.67429718,-94.55099908,27091.0,3180.409490423208,2.8753993610223643,608,619,18,0,601,615,19785,7,0,0,7,4
2020-10-29,US,Minnesota,McLeod,621,4,0,44.82367677,-94.27287017,27085.0,1730.1423675925669,0.644122383252818,617,615,4,0,611,610,35873,6,0,0,6,5
2020-10-29,US,Minnesota,Meeker,359,3,0,45.12328869,-94.52839455,27093.0,1545.9478081129962,0.8356545961002786,356,348,3,0,345,345,23141,11,0,0,11,3
2020-10-29,US,Minnesota,Mille Lacs,449,18,0,45.93705297,-93.63236823,27095.0,1708.7186512920043,4.0089086859688186,431,432,16,0,416,427,26139,17,2,0,15,5
2020-10-29,US,Minnesota,Morrison,825,9,0,46.01265363,-94.27341528,27097.0,2471.0956688432275,1.0909090909090908,816,802,9,0,793,776,33169,23,0,0,23,26
2020-10-29,US,Minnesota,Mower,1545,18,0,43.67142874,-92.75234549,27099.0,3856.522390295043,1.1650485436893203,1527,1539,18,0,1521,1535,40011,6,0,0,6,4
2020-10-29,US,Minnesota,Murray,297,3,0,44.02216709,-95.76328482,27101.0,3624.603368318282,1.0101010101010102,294,291,3,0,288,289,8276,6,0,0,6,2
2020-10-29,US,Minnesota,Nicollet,771,18,0,44.35291112,-94.24710352,27103.0,2249.5185855167183,2.3346303501945527,753,756,18,0,738,747,34220,15,0,0,15,9
2020-10-29,US,Minnesota,Nobles,2343,18,0,43.67434621,-95.75329576,27105.0,10832.678348513571,0.7682458386683739,2325,2319,18,0,2301,2309,21924,24,0,0,24,10
2020-10-29,US,Minnesota,Norman,134,0,0,47.32628443,-96.45620947,27107.0,2101.960784313725,0.0,134,128,0,0,128,121,6475,6,0,0,6,7
2020-10-29,US,Minnesota,Olmsted,3402,30,0,44.00374114,-92.40209944,27109.0,2149.1790540327115,0.8818342151675485,3372,3359,30,0,3329,3314,156277,43,0,0,43,45
2020-10-29,US,Minnesota,Otter Tail,950,8,0,46.40846929,-95.70835255,27111.0,1617.1313791577302,0.8421052631578947,942,921,7,0,914,901,58812,29,1,0,28,20
2020-10-29,US,Minnesota,Pennington,218,1,0,48.06642577,-96.0370814,27113.0,1544.0186982080884,0.4587155963302753,217,209,1,0,208,207,14178,9,0,0,9,2
2020-10-29,US,Minnesota,Pine,577,0,0,46.12105238,-92.74070188,27115.0,1950.7082727610807,0.0,577,563,0,0,563,554,29483,14,0,0,14,9
2020-10-29,US,Minnesota,Pipestone,366,17,0,44.02301619,-96.25841142,27117.0,4010.5193951347796,4.644808743169398,349,361,17,0,344,359,9047,5,0,0,5,2
2020-10-29,US,Minnesota,Polk,836,4,0,47.77372465,-96.40134647,27119.0,2665.4763423032778,0.4784688995215311,832,786,4,0,782,724,31529,50,0,0,50,62
2020-10-29,US,Minnesota,Pope,168,0,0,45.58606667,-95.44451209,27121.0,1493.4660858743,0.0,168,165,0,0,165,165,11097,3,0,0,3,0
2020-10-29,US,Minnesota,Ramsey,14726,372,0,45.01625271,-93.09872295,27123.0,2675.892797112958,2.5261442346869485,14354,14471,364,0,14107,14342,550210,255,8,0,247,129
2020-10-29,US,Minnesota,Red Lake,82,2,0,47.87197525,-96.09561104,27125.0,2022.1948212083846,2.4390243902439024,80,82,2,0,80,81,3999,0,0,0,0,1
2020-10-29,US,Minnesota,Redwood,299,12,0,44.40555844,-95.25207021,27127.0,1970.995385629532,4.013377926421405,287,294,11,0,283,284,15249,5,1,0,4,10
2020-10-29,US,Minnesota,Renville,272,13,0,44.72836381,-94.94553734,27129.0,1869.6728072587296,4.779411764705882,259,263,13,0,250,258,14612,9,0,0,9,5
2020-10-29,US,Minnesota,Rice,1702,10,0,44.3543376,-93.29658715,27131.0,2541.360568595831,0.5875440658049353,1692,1683,10,0,1673,1674,66523,19,0,0,19,9
2020-10-29,US,Minnesota,Rock,359,5,0,43.67482683,-96.25296832,27133.0,3853.9989264626947,1.3927576601671308,354,355,5,0,350,348,9414,4,0,0,4,7
2020-10-29,US,Minnesota,Roseau,330,0,0,48.77501878,-95.81079919,27135.0,2176.0633036597437,0.0,330,300,0,0,300,290,15150,30,0,0,30,10
2020-10-29,US,Minnesota,Scott,3604,36,0,44.6490231,-93.53340251,27139.0,2418.5809291806754,0.9988901220865704,3568,3549,34,0,3515,3496,147381,55,2,0,53,53
2020-10-29,US,Minnesota,Sherburne,1831,22,0,45.44447208,-93.77617511,27141.0,1883.0087003023514,1.2015292190060076,1809,1763,22,0,1741,1733,96036,68,0,0,68,30
2020-10-29,US,Minnesota,Sibley,266,3,0,44.5796592,-94.23164924,27143.0,1789.438277833838,1.1278195488721805,263,262,3,0,259,260,15028,4,0,0,4,2
2020-10-29,US,Minnesota,St. Louis,3258,74,0,47.604840700000004,-92.46879855,27137.0,1636.6102376048623,2.2713321055862488,3184,3142,71,0,3071,3079,199754,116,3,0,113,63
2020-10-29,US,Minnesota,Stearns,6255,50,0,45.55192576,-94.61078221,27145.0,3883.284184386156,0.7993605115907274,6205,6082,48,0,6034,5991,159256,173,2,0,171,91
2020-10-29,US,Minnesota,Steele,801,3,0,44.02240351,-93.22627088,27147.0,2185.598515648449,0.3745318352059925,798,787,3,0,784,782,36803,14,0,0,14,5
2020-10-29,US,Minnesota,Stevens,194,1,0,45.58613007,-96.00163705,27149.0,1978.5823559408466,0.5154639175257731,193,186,1,0,185,187,9753,8,0,0,8,-1
2020-10-29,US,Minnesota,Swift,225,2,0,45.2829032,-95.68264092,27151.0,2428.232246924239,0.8888888888888888,223,212,2,0,210,209,9345,13,0,0,13,3
2020-10-29,US,Minnesota,Todd,896,7,0,46.06996226,-94.89785296,27153.0,3632.8251702886796,0.78125,889,872,6,0,866,865,24582,24,1,0,23,7
2020-10-29,US,Minnesota,Traverse,59,0,0,45.77298854,-96.47062949,27155.0,1810.3712795335998,0.0,59,58,0,0,58,58,3308,1,0,0,1,0
2020-10-29,US,Minnesota,Unassigned,238,53,0,0.0,0.0,90027.0,0.0,22.268907563025213,185,195,53,0,142,193,,43,0,0,43,2
2020-10-29,US,Minnesota,Wabasha,414,1,0,44.28424356,-92.23121312,27157.0,1914.273824386184,0.24154589371980675,413,405,0,0,405,397,21645,9,1,0,8,8
2020-10-29,US,Minnesota,Wadena,264,3,0,46.58589171,-94.96968506,27159.0,1929.5424645519656,1.1363636363636365,261,257,3,0,254,255,13773,7,0,0,7,2
2020-10-29,US,Minnesota,Waseca,945,10,0,44.02211116,-93.58720034,27161.0,5077.369439071566,1.058201058201058,935,941,9,0,932,937,18691,4,1,0,3,4
2020-10-29,US,Minnesota,Washington,6362,73,0,45.03864533,-92.88429635,27163.0,2424.173144337753,1.1474379126060987,6289,6233,72,0,6161,6089,259201,129,1,0,128,144
2020-10-29,US,Minnesota,Watonwan,582,4,0,43.97823903,-94.61413846,27165.0,5340.919519133708,0.6872852233676976,578,581,4,0,577,579,10980,1,0,0,1,2
2020-10-29,US,Minnesota,Wilkin,145,4,0,46.35721532,-96.4684375,27167.0,2336.072176574835,2.7586206896551726,141,142,4,0,138,140,6254,3,0,0,3,2
2020-10-29,US,Minnesota,Winona,1336,19,0,43.98772283,-91.78081305,27169.0,2646.383012439585,1.4221556886227544,1317,1296,19,0,1277,1278,50825,40,0,0,40,18
2020-10-29,US,Minnesota,Wright,2731,16,0,45.17297924,-93.96234781,27171.0,1973.593877595265,0.585865983156353,2715,2653,15,0,2638,2609,136349,78,1,0,77,44
2020-10-29,US,Minnesota,Yellow Medicine,298,6,0,44.71710183,-95.86842453,27173.0,3069.3171284375317,2.0134228187919465,292,294,6,0,288,292,9795,4,0,0,4,2
2020-10-29,US,Mississippi,Adams,1102,45,0,31.47669768,-91.35326037,28001.0,3590.3952041182038,4.083484573502722,1057,1094,45,0,1049,1093,31192,8,0,0,8,1
2020-10-29,US,Mississippi,Alcorn,1050,12,0,34.88084463,-88.57996173,28003.0,2841.4472437961736,1.1428571428571428,1038,1045,12,0,1033,1021,36925,5,0,0,5,24
2020-10-29,US,Mississippi,Amite,434,13,0,31.17467303,-90.80501621,28005.0,3529.316093356103,2.995391705069125,421,428,13,0,415,427,12326,6,0,0,6,1
2020-10-29,US,Mississippi,Attala,809,27,0,33.08658803,-89.57838564,28007.0,4451.414108066469,3.3374536464771323,782,805,27,0,778,805,18365,4,0,0,4,0
2020-10-29,US,Mississippi,Benton,369,11,0,34.81681228,-89.18945516,28009.0,4467.85325099891,2.9810298102981028,358,367,10,0,357,360,8271,2,1,0,1,7
2020-10-29,US,Mississippi,Bolivar,2052,79,0,33.79696941,-90.87372121,28011.0,6699.751861042184,3.8499025341130606,1973,2039,79,0,1960,2028,31333,13,0,0,13,11
2020-10-29,US,Mississippi,Calhoun,636,13,0,33.93683395,-89.33686647,28013.0,4428.660956757885,2.0440251572327046,623,633,13,0,620,627,14436,3,0,0,3,6
2020-10-29,US,Mississippi,Carroll,509,12,0,33.44834567,-89.91994479,28015.0,5117.120739921586,2.357563850687623,497,503,12,0,491,497,9911,6,0,0,6,6
2020-10-29,US,Mississippi,Chickasaw,870,28,0,33.91983202,-88.9481545,28017.0,5086.826872478513,3.218390804597701,842,867,27,0,840,862,17171,3,1,0,2,5
2020-10-29,US,Mississippi,Choctaw,209,6,0,33.34598242,-89.24809382,28019.0,2545.676004872107,2.8708133971291865,203,209,6,0,203,208,8278,0,0,0,0,1
2020-10-29,US,Mississippi,Claiborne,542,16,0,31.97061673,-90.90702196,28021.0,6030.2625723186475,2.9520295202952034,526,539,16,0,523,539,9002,3,0,0,3,0
2020-10-29,US,Mississippi,Clarke,783,53,0,32.04158545,-88.68896219999998,28023.0,5038.285824593012,6.7688378033205625,730,770,53,0,717,763,15604,13,0,0,13,7
2020-10-29,US,Mississippi,Clay,715,22,0,33.65358105,-88.77784255,28025.0,3701.594533029613,3.0769230769230766,693,710,22,0,688,705,19386,5,0,0,5,5
2020-10-29,US,Mississippi,Coahoma,1265,37,0,34.22772299,-90.60415045,28027.0,5717.772554691737,2.9249011857707514,1228,1258,37,0,1221,1255,22628,7,0,0,7,3
2020-10-29,US,Mississippi,Copiah,1399,36,0,31.86977774,-90.44565118,28029.0,4984.856582932478,2.573266619013581,1363,1393,36,0,1357,1387,28543,6,0,0,6,6
2020-10-29,US,Mississippi,Covington,997,29,0,31.63225413,-89.55389939,28031.0,5349.860485082636,2.908726178535607,968,988,29,0,959,985,18853,9,0,0,9,3
2020-10-29,US,Mississippi,DeSoto,7342,80,0,34.87625235,-89.99091418,28033.0,3969.8288680418505,1.089621356578589,7262,7285,80,0,7205,7210,182001,57,0,0,57,75
2020-10-29,US,Mississippi,Forrest,3134,78,0,31.18961454,-89.25832496,28035.0,4184.413260878273,2.488832163369496,3056,3118,78,0,3040,3094,75036,16,0,0,16,24
2020-10-29,US,Mississippi,Franklin,253,3,0,31.47786634,-90.89672989,28037.0,3280.1763256839104,1.1857707509881423,250,251,3,0,248,248,7788,2,0,0,2,3
2020-10-29,US,Mississippi,George,1030,20,0,30.86259065,-88.64436789,28039.0,4204.081632653061,1.9417475728155342,1010,1017,19,0,998,1014,24250,13,1,0,12,3
2020-10-29,US,Mississippi,Greene,482,18,0,31.21444233,-88.63922281,28041.0,3547.7697629913146,3.734439834024896,464,481,18,0,463,479,13586,1,0,0,1,2
2020-10-29,US,Mississippi,Grenada,1231,39,0,33.77036166,-89.80245083,28043.0,5930.243761441372,3.1681559707554827,1192,1229,39,0,1190,1226,21055,2,0,0,2,3
2020-10-29,US,Mississippi,Hancock,881,28,0,30.41830223,-89.48851033,28045.0,1849.5969096405775,3.1782065834279227,853,868,28,0,840,859,47334,13,0,0,13,9
2020-10-29,US,Mississippi,Harrison,5537,85,0,30.51359752,-89.12467576,28047.0,2660.9957708573625,1.5351273252663895,5452,5491,85,0,5406,5398,206650,46,0,0,46,93
2020-10-29,US,Mississippi,Hinds,8109,180,0,32.2656285,-90.44435448,28049.0,3497.6708074534167,2.2197558268590454,7929,8050,179,0,7871,8011,237085,59,1,0,58,39
2020-10-29,US,Mississippi,Holmes,1151,60,0,33.12345854,-90.08923538,28051.0,6766.60787771899,5.212858384013901,1091,1150,60,0,1090,1149,17622,1,0,0,1,1
2020-10-29,US,Mississippi,Humphreys,458,17,0,33.12825718,-90.52252707,28053.0,5679.563492063492,3.711790393013101,441,451,17,0,434,449,8257,7,0,0,7,2
2020-10-29,US,Mississippi,Issaquena,107,4,0,32.72531359,-90.97392828,28055.0,8063.300678221552,3.7383177570093458,103,107,4,0,103,107,1308,0,0,0,0,0
2020-10-29,US,Mississippi,Itawamba,1178,27,0,34.27993475,-88.3606733,28057.0,5036.340316374519,2.2920203735144318,1151,1172,26,0,1146,1159,23517,6,1,0,5,13
2020-10-29,US,Mississippi,Jackson,4884,88,0,30.54020656,-88.64184064,28059.0,3400.7116149202393,1.8018018018018016,4796,4800,88,0,4712,4693,143277,84,0,0,84,107
2020-10-29,US,Mississippi,Jasper,698,17,0,32.01922104,-89.11786866,28061.0,4260.513947384484,2.4355300859598854,681,696,17,0,679,692,16428,2,0,0,2,4
2020-10-29,US,Mississippi,Jefferson,281,10,0,31.73397872,-91.03764977,28063.0,4020.0286123032906,3.5587188612099645,271,279,10,0,269,277,7106,2,0,0,2,2
2020-10-29,US,Mississippi,Jefferson Davis,424,12,0,31.56884708,-89.82670990000004,28065.0,3810.20848310568,2.830188679245283,412,421,12,0,409,417,11234,3,0,0,3,4
2020-10-29,US,Mississippi,Jones,2984,84,0,31.62257767,-89.16896899999998,28067.0,4381.920173867074,2.8150134048257374,2900,2966,84,0,2882,2961,68461,18,0,0,18,5
2020-10-29,US,Mississippi,Kemper,334,15,0,32.75462946,-88.64105766,28069.0,3428.454116197906,4.491017964071856,319,333,15,0,318,327,10027,1,0,0,1,6
2020-10-29,US,Mississippi,Lafayette,2560,43,0,34.35687874,-89.48490961,28071.0,4739.073289027935,1.6796875,2517,2550,43,0,2507,2531,54793,10,0,0,10,19
2020-10-29,US,Mississippi,Lamar,2340,40,0,31.20572971,-89.5077704,28073.0,3694.1729946481846,1.709401709401709,2300,2319,40,0,2279,2291,62447,21,0,0,21,28
2020-10-29,US,Mississippi,Lauderdale,2611,135,0,32.40419769,-88.66229662,28075.0,3522.428330522765,5.170432784373802,2476,2546,135,0,2411,2499,75317,65,0,0,65,47
2020-10-29,US,Mississippi,Lawrence,553,14,0,31.55147224,-90.10841127,28077.0,4393.77085650723,2.5316455696202533,539,544,14,0,530,534,12455,9,0,0,9,10
2020-10-29,US,Mississippi,Leake,1170,42,0,32.7536828,-89.52402044,28079.0,5134.731852892127,3.58974358974359,1128,1163,42,0,1121,1158,22763,7,0,0,7,5
2020-10-29,US,Mississippi,Lee,3686,82,0,34.291877500000005,-88.68149954,28081.0,4314.340559014935,2.2246337493217583,3604,3665,82,0,3583,3640,85202,21,0,0,21,25
2020-10-29,US,Mississippi,Leflore,1730,88,0,33.55545125,-90.29900733,28083.0,6138.452258453678,5.086705202312139,1642,1706,88,0,1618,1691,28919,24,0,0,24,15
2020-10-29,US,Mississippi,Lincoln,1448,59,0,31.53288662,-90.45391915,28085.0,4239.7446783591495,4.074585635359116,1389,1433,59,0,1374,1429,34205,15,0,0,15,4
2020-10-29,US,Mississippi,Lowndes,1828,62,0,33.47386518,-88.44191529999998,28087.0,3119.720112637597,3.3916849015317285,1766,1819,62,0,1757,1812,58930,9,0,0,9,7
2020-10-29,US,Mississippi,Madison,3880,94,0,32.63389156,-90.03513564,28089.0,3651.0087323095454,2.4226804123711343,3786,3861,94,0,3767,3843,105630,19,0,0,19,18
2020-10-29,US,Mississippi,Marion,969,44,0,31.23132643,-89.8209217,28091.0,3943.352460017092,4.540763673890608,925,959,43,0,916,954,24715,10,1,0,9,5
2020-10-29,US,Mississippi,Marshall,1505,30,0,34.76216286,-89.50299462,28093.0,4264.180880602936,1.9933554817275747,1475,1484,30,0,1454,1473,35451,21,0,0,21,11
2020-10-29,US,Mississippi,Monroe,1548,73,0,33.89236763,-88.4808438,28095.0,4391.24021332123,4.715762273901809,1475,1538,73,0,1465,1530,35564,10,0,0,10,8
2020-10-29,US,Mississippi,Montgomery,565,23,0,33.49419589,-89.61729103,28097.0,5780.05115089514,4.070796460176991,542,558,23,0,535,554,10023,7,0,0,7,4
2020-10-29,US,Mississippi,Neshoba,1883,111,0,32.75339664,-89.11726492,28099.0,6466.790301531699,5.894848645778014,1772,1868,111,0,1757,1861,29125,15,0,0,15,7
2020-10-29,US,Mississippi,Newton,881,28,0,32.40021118,-89.11843336,28101.0,4191.645256446856,3.1782065834279227,853,872,27,0,845,868,21443,9,1,0,8,4
2020-10-29,US,Mississippi,Noxubee,603,17,0,33.11009499,-88.56949061,28103.0,5788.614764327542,2.8192371475953566,586,602,17,0,585,601,10535,1,0,0,1,1
2020-10-29,US,Mississippi,Oktibbeha,2060,55,0,33.42491685,-88.87905132,28105.0,4154.314638917458,2.66990291262136,2005,2048,55,0,1993,2037,49599,12,0,0,12,11
2020-10-29,US,Mississippi,Panola,1722,41,0,34.36398677,-89.95064249,28107.0,5036.265793167992,2.380952380952381,1681,1720,40,0,1680,1706,34178,2,1,0,1,14
2020-10-29,US,Mississippi,Pearl River,1179,60,0,30.77090935,-89.58677275,28109.0,2122.985504636716,5.089058524173028,1119,1163,60,0,1103,1150,55387,16,0,0,16,13
2020-10-29,US,Mississippi,Perry,528,23,0,31.17161885,-88.99281835,28111.0,4409.9223252317715,4.356060606060606,505,524,23,0,501,512,11931,4,0,0,4,12
2020-10-29,US,Mississippi,Pike,1409,56,0,31.17507789,-90.40392572,28113.0,3586.336794950112,3.9744499645138402,1353,1406,56,0,1350,1404,39563,3,0,0,3,2
2020-10-29,US,Mississippi,Pontotoc,1515,20,0,34.226046000000004,-89.03636807,28115.0,4708.77105737552,1.32013201320132,1495,1506,20,0,1486,1490,31833,9,0,0,9,16
2020-10-29,US,Mississippi,Prentiss,1095,20,0,34.61810501,-88.51986294,28117.0,4358.035501074583,1.8264840182648399,1075,1092,20,0,1072,1083,25315,3,0,0,3,9
2020-10-29,US,Mississippi,Quitman,424,6,0,34.25157572,-90.28908,28119.0,6242.6383981154295,1.4150943396226414,418,423,6,0,417,421,7051,1,0,0,1,2
2020-10-29,US,Mississippi,Rankin,4123,86,0,32.26469147,-89.94537876,28121.0,2655.357407371628,2.085859810817366,4037,4046,86,0,3960,4016,153902,77,0,0,77,30
2020-10-29,US,Mississippi,Scott,1281,29,0,32.406704100000006,-89.53789439,28123.0,4554.828616128573,2.263856362217018,1252,1270,29,0,1241,1262,28287,11,0,0,11,8
2020-10-29,US,Mississippi,Sharkey,291,15,0,32.88149103,-90.81595379999999,28125.0,6734.552186993751,5.154639175257731,276,287,15,0,272,287,4377,4,0,0,4,0
2020-10-29,US,Mississippi,Simpson,1240,49,0,31.91282117,-89.91716179,28127.0,4651.511741315928,3.9516129032258074,1191,1231,49,0,1182,1223,26758,9,0,0,9,8
2020-10-29,US,Mississippi,Smith,608,16,0,32.01744532,-89.50644846,28129.0,3820.0552902739373,2.631578947368421,592,602,16,0,586,598,16002,6,0,0,6,4
2020-10-29,US,Mississippi,Stone,498,14,0,30.79187949,-89.11547539,28131.0,2715.968586387435,2.8112449799196786,484,491,14,0,477,486,18717,7,0,0,7,5
2020-10-29,US,Mississippi,Sunflower,1659,49,0,33.60192578,-90.58882684,28133.0,6606.929510155316,2.9535864978902957,1610,1643,49,0,1594,1640,25735,16,0,0,16,3
2020-10-29,US,Mississippi,Tallahatchie,858,26,0,33.95339918,-90.1729398,28135.0,6213.3391266565295,3.0303030303030303,832,855,26,0,829,846,13987,3,0,0,3,9
2020-10-29,US,Mississippi,Tate,1230,39,0,34.65133709,-89.94485778,28137.0,4343.066982098089,3.1707317073170733,1191,1210,39,0,1171,1193,28759,20,0,0,20,17
2020-10-29,US,Mississippi,Tippah,951,24,0,34.76872156,-88.90988194,28139.0,4319.78196684079,2.5236593059936907,927,949,24,0,925,931,21995,2,0,0,2,18
2020-10-29,US,Mississippi,Tishomingo,831,41,0,34.74023475,-88.23917219,28141.0,4287.262033740907,4.9338146811071,790,827,41,0,786,822,19454,4,0,0,4,5
2020-10-29,US,Mississippi,Tunica,539,17,0,34.64967704,-90.37481167,28143.0,5595.930232558138,3.1539888682745825,522,537,17,0,520,536,9944,2,0,0,2,1
2020-10-29,US,Mississippi,Union,1260,25,0,34.49162015,-89.00776006,28145.0,4372.722540343571,1.984126984126984,1235,1258,25,0,1233,1197,28606,2,0,0,2,61
2020-10-29,US,Mississippi,Walthall,648,27,0,31.14971548,-90.10446654,28147.0,4535.909281814364,4.166666666666667,621,644,27,0,617,641,14465,4,0,0,4,3
2020-10-29,US,Mississippi,Warren,1566,56,0,32.35810271,-90.83352619,28149.0,3450.783367488597,3.5759897828863347,1510,1561,56,0,1505,1560,46176,5,0,0,5,1
2020-10-29,US,Mississippi,Washington,2644,100,0,33.28392041,-90.94196237,28151.0,6021.544558063267,3.7821482602118,2544,2627,100,0,2527,2603,45063,17,0,0,17,24
2020-10-29,US,Mississippi,Wayne,1034,22,0,31.64135687,-88.69573913,28153.0,5123.12342070059,2.127659574468085,1012,1027,22,0,1005,1027,20298,7,0,0,7,0
2020-10-29,US,Mississippi,Webster,382,13,0,33.61300486,-89.28392912,28155.0,3942.61533698008,3.4031413612565444,369,378,13,0,365,378,9788,4,0,0,4,0
2020-10-29,US,Mississippi,Wilkinson,343,21,0,31.16078225,-91.31018819,28157.0,3974.5075318655845,6.1224489795918355,322,342,21,0,321,338,8792,1,0,0,1,4
2020-10-29,US,Mississippi,Winston,859,21,0,33.08747908,-89.03391385,28159.0,4784.182678919521,2.444703143189756,838,852,21,0,831,846,18165,7,0,0,7,6
2020-10-29,US,Mississippi,Yalobusha,566,16,0,34.02824175,-89.70762049999998,28161.0,4674.595308886685,2.826855123674912,550,564,16,0,548,556,12392,2,0,0,2,8
2020-10-29,US,Mississippi,Yazoo,1245,34,0,32.77890365,-90.39656148,28163.0,4193.3310879083865,2.7309236947791167,1211,1234,34,0,1200,1227,28248,11,0,0,11,7
2020-10-29,US,Missouri,Adair,531,0,0,40.19058551,-92.60078167,29001.0,2095.2531270962395,0.0,531,531,0,0,531,519,25339,0,0,0,0,12
2020-10-29,US,Missouri,Andrew,450,8,0,39.98492163,-94.80163024,29003.0,2540.650406504065,1.7777777777777777,442,450,8,0,442,443,17607,0,0,0,0,7
2020-10-29,US,Missouri,Atchison,77,1,0,40.43238737,-95.42970639,29005.0,1497.180633871281,1.2987012987012987,76,77,1,0,76,77,5171,0,0,0,0,0
2020-10-29,US,Missouri,Audrain,588,10,0,39.215877,-91.84242683,29007.0,2316.054829053096,1.7006802721088434,578,588,10,0,578,586,25473,0,0,0,0,2
2020-10-29,US,Missouri,Barry,844,9,0,36.70978521,-93.82919888,29009.0,2358.266506468468,1.0663507109004742,835,844,9,0,835,816,35886,0,0,0,0,28
2020-10-29,US,Missouri,Barton,436,3,0,37.50207671,-94.34757022,29011.0,3709.3755317338787,0.6880733944954128,433,436,3,0,433,432,11798,0,0,0,0,4
2020-10-29,US,Missouri,Bates,253,5,0,38.25271289,-94.34113157,29013.0,1564.4323522137024,1.9762845849802368,248,253,5,0,248,252,16320,0,0,0,0,1
2020-10-29,US,Missouri,Benton,484,5,0,38.29503305,-93.28756116,29015.0,2489.3277786349845,1.033057851239669,479,484,5,0,479,482,19278,0,0,0,0,2
2020-10-29,US,Missouri,Bollinger,511,2,0,37.32449052,-90.02725304,29017.0,4211.654166323251,0.3913894324853229,509,511,2,0,509,476,12169,0,0,0,0,35
2020-10-29,US,Missouri,Boone,6091,14,0,38.99186229,-92.30723575,29019.0,3375.207106165806,0.2298473157117058,6077,6091,14,0,6077,5978,180005,0,0,0,0,113
2020-10-29,US,Missouri,Buchanan,2985,41,0,39.65816401,-94.80138942,29021.0,3416.7391602948583,1.3735343383584588,2944,2985,41,0,2944,2976,88571,0,0,0,0,9
2020-10-29,US,Missouri,Butler,1251,8,0,36.71462476,-90.40421163,29023.0,2945.053910259429,0.6394884092725819,1243,1251,8,0,1243,1188,42639,0,0,0,0,63
2020-10-29,US,Missouri,Caldwell,174,1,0,39.65620858,-93.98308093,29025.0,1929.0465631929046,0.5747126436781609,173,174,1,0,173,170,9108,0,0,0,0,4
2020-10-29,US,Missouri,Callaway,1256,5,0,38.83674754,-91.92186505,29027.0,2807.1430167847484,0.3980891719745223,1251,1256,5,0,1251,1216,44889,0,0,0,0,40
2020-10-29,US,Missouri,Camden,1611,35,0,38.02199522,-92.76083747,29029.0,3479.10592808552,2.172563625077592,1576,1611,35,0,1576,1602,45815,0,0,0,0,9
2020-10-29,US,Missouri,Cape Girardeau,2696,50,0,37.38489388,-89.6843587,29031.0,3418.239910740323,1.8545994065281897,2646,2696,50,0,2646,2690,78753,0,0,0,0,6
2020-10-29,US,Missouri,Carroll,199,3,0,39.42762566,-93.50626255,29033.0,2292.8908860467795,1.5075376884422111,196,199,3,0,196,195,8743,0,0,0,0,4
2020-10-29,US,Missouri,Carter,179,3,0,36.94160441,-90.96051322,29035.0,2992.3102641257105,1.675977653631285,176,179,3,0,176,176,6054,0,0,0,0,3
2020-10-29,US,Missouri,Cass,2092,30,0,38.64789422,-94.353399,29037.0,1977.6895443373041,1.4340344168260035,2062,2092,30,0,2062,2058,104954,0,0,0,0,34
2020-10-29,US,Missouri,Cedar,238,4,0,37.72391475,-93.85445441,29039.0,1658.652170882989,1.680672268907563,234,238,4,0,234,232,14165,0,0,0,0,6
2020-10-29,US,Missouri,Chariton,61,0,0,39.51499357,-92.9629191,29041.0,821.4381901427417,0.0,61,61,0,0,61,60,7451,0,0,0,0,1
2020-10-29,US,Missouri,Christian,2316,13,0,36.9711783,-93.18537118,29043.0,2614.143010327897,0.5613126079447323,2303,2316,13,0,2303,2299,86983,0,0,0,0,17
2020-10-29,US,Missouri,Clark,113,1,0,40.41040752,-91.73661677,29045.0,1662.4981609533618,0.8849557522123894,112,113,1,0,112,113,6842,0,0,0,0,0
2020-10-29,US,Missouri,Clay,2570,49,0,39.31132056,-94.41850862,29047.0,1028.2138684846448,1.906614785992218,2521,2570,49,0,2521,2536,246365,0,0,0,0,34
2020-10-29,US,Missouri,Clinton,509,19,0,39.6013098,-94.40465394,29049.0,2496.6890665620253,3.7328094302554033,490,509,19,0,490,502,20470,0,0,0,0,7
2020-10-29,US,Missouri,Cole,3006,24,0,38.50455671,-92.27860244,29051.0,3916.8675483744873,0.7984031936127745,2982,3006,24,0,2982,2962,76796,0,0,0,0,44
2020-10-29,US,Missouri,Cooper,626,3,0,38.844478,-92.80896081,29053.0,3534.9257439719922,0.4792332268370607,623,626,3,0,623,613,17603,0,0,0,0,13
2020-10-29,US,Missouri,Crawford,646,8,0,37.97663738,-91.30528104,29055.0,2700.6688963210704,1.238390092879257,638,646,8,0,638,639,23957,0,0,0,0,7
2020-10-29,US,Missouri,Dade,142,0,0,37.431814,-93.8503345,29057.0,1878.0584578759424,0.0,142,142,0,0,142,140,7569,0,0,0,0,2
2020-10-29,US,Missouri,Dallas,364,1,0,37.681135499999996,-93.02127031,29059.0,2156.6536319469133,0.27472527472527475,363,364,1,0,363,359,16762,0,0,0,0,5
2020-10-29,US,Missouri,Daviess,222,3,0,39.96145298,-93.98519678,29061.0,2681.807199806717,1.351351351351351,219,222,3,0,219,222,8313,0,0,0,0,0
2020-10-29,US,Missouri,DeKalb,302,2,0,39.89201062,-94.40476508,29063.0,2406.949868494461,0.6622516556291391,300,302,2,0,300,301,12630,0,0,0,0,1
2020-10-29,US,Missouri,Dent,257,3,0,37.60663134,-91.50790473,29065.0,1650.2921723495795,1.1673151750972763,254,257,3,0,254,256,15441,0,0,0,0,1
2020-10-29,US,Missouri,Douglas,288,12,0,36.9325593,-92.49905109,29067.0,2184.3003412969283,4.166666666666667,276,288,12,0,276,288,13373,0,0,0,0,0
2020-10-29,US,Missouri,Dunklin,1147,12,0,36.27167174,-90.09122243,29069.0,3937.386289519756,1.0462074978204008,1135,1147,12,0,1135,1130,29423,0,0,0,0,17
2020-10-29,US,Missouri,Franklin,2723,44,0,38.41127108,-91.07522826,29071.0,2619.100291438629,1.615864854939405,2679,2723,44,0,2679,2694,103670,0,0,0,0,29
2020-10-29,US,Missouri,Gasconade,265,24,0,38.43947277,-91.50847147,29073.0,1801.9855841153271,9.056603773584905,241,265,24,0,241,260,14705,0,0,0,0,5
2020-10-29,US,Missouri,Gentry,184,10,0,40.21097916,-94.40944419,29075.0,2800.182620605692,5.434782608695652,174,184,10,0,174,183,6628,0,0,0,0,1
2020-10-29,US,Missouri,Greene,9098,131,0,37.2575872,-93.34230916,29077.0,3104.2083211071154,1.4398768960211037,8967,9098,131,0,8967,9019,291923,0,0,0,0,79
2020-10-29,US,Missouri,Grundy,264,11,0,40.11406587,-93.56509276,29079.0,2680.203045685279,4.166666666666667,253,264,11,0,253,259,9914,0,0,0,0,5
2020-10-29,US,Missouri,Harrison,190,1,0,40.35570088,-93.99222144,29081.0,2274.904214559387,0.5263157894736842,189,190,1,0,189,189,8414,0,0,0,0,1
2020-10-29,US,Missouri,Henry,386,7,0,38.38482826,-93.79293734,29083.0,1768.6950146627564,1.8134715025906736,379,386,7,0,379,378,21792,0,0,0,0,8
2020-10-29,US,Missouri,Hickory,211,3,0,37.94163617,-93.3203037,29085.0,2210.81307627829,1.4218009478672986,208,211,3,0,208,203,9509,0,0,0,0,8
2020-10-29,US,Missouri,Holt,120,1,0,40.09799248,-95.21638879999999,29087.0,2725.414490120373,0.8333333333333334,119,120,1,0,119,116,4404,0,0,0,0,4
2020-10-29,US,Missouri,Howard,249,2,0,39.1435761,-92.69756691,29089.0,2489.7510248975104,0.8032128514056225,247,249,2,0,247,247,10137,0,0,0,0,2
2020-10-29,US,Missouri,Howell,1188,10,0,36.77383887,-91.88683935,29091.0,2961.338086098163,0.8417508417508418,1178,1188,10,0,1178,1173,40076,0,0,0,0,15
2020-10-29,US,Missouri,Iron,102,0,0,37.55487945,-90.7735296,29093.0,1007.4074074074074,0.0,102,102,0,0,102,103,10177,0,0,0,0,-1
2020-10-29,US,Missouri,Jackson,10144,129,0,39.01002188,-94.34724536,29095.0,1442.9361702732958,1.2716876971608833,10015,10144,126,0,10018,10033,700307,0,3,0,-3,111
2020-10-29,US,Missouri,Jasper,5329,75,0,37.20351921,-94.34050458,29097.0,4392.22603191349,1.40739350722462,5254,5329,75,0,5254,5235,120636,0,0,0,0,94
2020-10-29,US,Missouri,Jefferson,5644,84,0,38.25926778,-90.53870896,29099.0,2507.5417294218532,1.48830616583983,5560,5644,84,0,5560,5597,224347,0,0,0,0,47
2020-10-29,US,Missouri,Johnson,1503,10,0,38.74719601,-93.80691168,29101.0,2780.1413192260743,0.6653359946773121,1493,1503,10,0,1493,1494,53652,0,0,0,0,9
2020-10-29,US,Missouri,Kansas City,14583,200,0,39.0997,-94.5786,0.0,2982.5562488879077,1.3714599190838648,14383,14583,200,0,14383,14435,491918,0,0,0,0,148
2020-10-29,US,Missouri,Knox,64,1,0,40.12699751,-92.14780832,29103.0,1616.5698408689066,1.5625,63,64,1,0,63,64,3947,0,0,0,0,0
2020-10-29,US,Missouri,Laclede,1213,22,0,37.65896829,-92.5888493,29105.0,3395.571480558744,1.8136850783182192,1191,1213,22,0,1191,1197,35713,0,0,0,0,16
2020-10-29,US,Missouri,Lafayette,854,24,0,39.06986886,-93.78076396,29107.0,2610.9820227467285,2.8103044496487115,830,854,24,0,830,845,32598,0,0,0,0,9
2020-10-29,US,Missouri,Lawrence,1126,21,0,37.10626634,-93.83293097,29109.0,2935.7319775778906,1.8650088809946717,1105,1126,21,0,1105,1105,38359,0,0,0,0,21
2020-10-29,US,Missouri,Lewis,204,2,0,40.09673161,-91.72070156,29111.0,2086.7430441898528,0.9803921568627452,202,204,2,0,202,201,9855,0,0,0,0,3
2020-10-29,US,Missouri,Lincoln,1224,5,0,39.05345619,-90.95588181,29113.0,2074.119261857557,0.4084967320261438,1219,1224,5,0,1219,1205,57686,0,0,0,0,19
2020-10-29,US,Missouri,Linn,164,4,0,39.87001769,-93.10704106,29115.0,1375.8389261744967,2.4390243902439024,160,164,4,0,160,161,12037,0,0,0,0,3
2020-10-29,US,Missouri,Livingston,562,8,0,39.78110272,-93.54645978,29117.0,3690.812372758915,1.4234875444839858,554,562,8,0,554,558,15146,0,0,0,0,4
2020-10-29,US,Missouri,Macon,223,1,0,39.83049768,-92.56453089,29121.0,1475.1604154263412,0.4484304932735426,222,223,1,0,222,212,15153,0,0,0,0,11
2020-10-29,US,Missouri,Madison,508,3,0,37.47865134,-90.34671429999999,29123.0,4202.514890800794,0.5905511811023622,505,508,3,0,505,499,12188,0,0,0,0,9
2020-10-29,US,Missouri,Maries,192,0,0,38.16193985,-91.92249662,29125.0,2207.657813038979,0.0,192,192,0,0,192,187,8769,0,0,0,0,5
2020-10-29,US,Missouri,Marion,938,14,0,39.80601912,-91.62203062,29127.0,3287.767262530669,1.492537313432836,924,938,14,0,924,929,28592,0,0,0,0,9
2020-10-29,US,Missouri,McDonald,1223,12,0,36.62869595,-94.34867205,29119.0,5355.344397250076,0.98119378577269,1211,1223,12,0,1211,1217,23078,0,0,0,0,6
2020-10-29,US,Missouri,Mercer,31,0,0,40.42212303,-93.56829590000001,29129.0,857.0638650815595,0.0,31,31,0,0,31,31,3641,0,0,0,0,0
2020-10-29,US,Missouri,Miller,886,11,0,38.21450288,-92.42610898,29131.0,3458.370740466061,1.2415349887133182,875,886,11,0,875,878,25336,0,0,0,0,8
2020-10-29,US,Missouri,Mississippi,447,6,0,36.82516239,-89.29505753,29133.0,3391.502276176024,1.342281879194631,441,447,6,0,441,443,13336,0,0,0,0,4
2020-10-29,US,Missouri,Moniteau,634,11,0,38.63571781,-92.57976951,29135.0,3930.076865856682,1.7350157728706626,623,634,11,0,623,623,16121,0,0,0,0,11
2020-10-29,US,Missouri,Monroe,169,2,0,39.49593978,-92.00043978,29137.0,1955.1133734382227,1.183431952662722,167,169,2,0,167,165,8664,0,0,0,0,4
2020-10-29,US,Missouri,Montgomery,163,1,0,38.94022054,-91.47000721,29139.0,1411.13323521773,0.6134969325153374,162,163,1,0,162,157,11534,0,0,0,0,6
2020-10-29,US,Missouri,Morgan,682,7,0,38.4181765,-92.88791859,29141.0,3306.346051291996,1.0263929618768328,675,682,7,0,675,672,20358,0,0,0,0,10
2020-10-29,US,Missouri,New Madrid,782,22,0,36.59666326,-89.66070007,29143.0,4579.526821269618,2.8132992327365733,760,782,22,0,760,774,17296,0,0,0,0,8
2020-10-29,US,Missouri,Newton,2045,21,0,36.90519407,-94.3394104,29145.0,3511.5735970877117,1.0268948655256724,2024,2045,21,0,2024,2031,58266,0,0,0,0,14
2020-10-29,US,Missouri,Nodaway,1183,11,0,40.36079813,-94.88133008,29147.0,5354.879594423321,0.9298393913778528,1172,1141,11,0,1130,1128,22304,42,0,0,42,13
2020-10-29,US,Missouri,Oregon,233,0,0,36.68710164,-91.4033755,29149.0,2212.935701396144,0.0,233,233,0,0,233,232,10541,0,0,0,0,1
2020-10-29,US,Missouri,Osage,494,3,0,38.46036182,-91.8613635,29151.0,3628.3510833639366,0.6072874493927125,491,494,3,0,491,488,13714,0,0,0,0,6
2020-10-29,US,Missouri,Ozark,214,1,0,36.64916339,-92.44459066,29153.0,2332.6793110965773,0.4672897196261682,213,214,1,0,213,211,9017,0,0,0,0,3
2020-10-29,US,Missouri,Pemiscot,736,12,0,36.2130572,-89.78742322,29155.0,4656.754191711484,1.6304347826086956,724,736,12,0,724,730,16272,0,0,0,0,6
2020-10-29,US,Missouri,Perry,814,8,0,37.70660776,-89.82741088,29157.0,4253.7625418060215,0.9828009828009828,806,814,8,0,806,812,19150,0,0,0,0,2
2020-10-29,US,Missouri,Pettis,1630,19,0,38.72798918,-93.28471706,29159.0,3849.878362738845,1.1656441717791408,1611,1630,19,0,1611,1617,42542,0,0,0,0,13
2020-10-29,US,Missouri,Phelps,852,24,0,37.87736118,-91.79351727,29161.0,1911.4710699302268,2.8169014084507036,828,852,24,0,828,838,44732,0,0,0,0,14
2020-10-29,US,Missouri,Pike,354,8,0,39.34310674,-91.16980779,29163.0,1934.2148399082068,2.2598870056497176,346,354,8,0,346,351,18504,0,0,0,0,3
2020-10-29,US,Missouri,Platte,1010,13,0,39.38154439,-94.77068479,29165.0,967.2661801605087,1.2871287128712872,997,1010,13,0,997,991,102985,0,0,0,0,19
2020-10-29,US,Missouri,Polk,973,10,0,37.616229600000004,-93.39828174,29167.0,3026.5327070826465,1.027749229188078,963,973,10,0,963,942,32201,0,0,0,0,31
2020-10-29,US,Missouri,Pulaski,1020,11,0,37.82462075,-92.20783203,29169.0,1938.9054688539547,1.0784313725490196,1009,1020,11,0,1009,1003,52014,0,0,0,0,17
2020-10-29,US,Missouri,Putnam,57,1,0,40.47942497,-93.02042674,29171.0,1213.7989778534925,1.7543859649122806,56,57,1,0,56,57,4757,0,0,0,0,0
2020-10-29,US,Missouri,Ralls,210,0,0,39.52817427,-91.51838643,29173.0,2037.0550004850131,0.0,210,210,0,0,210,207,10212,0,0,0,0,3
2020-10-29,US,Missouri,Randolph,627,3,0,39.44007257,-92.49713740000001,29175.0,2533.5380636819136,0.4784688995215311,624,627,3,0,624,616,24763,0,0,0,0,11
2020-10-29,US,Missouri,Ray,281,2,0,39.353746799999996,-93.98905745,29177.0,1220.7837344686764,0.7117437722419929,279,281,2,0,279,274,22883,0,0,0,0,7
2020-10-29,US,Missouri,Reynolds,83,1,0,37.36085952,-90.97009925,29179.0,1323.7639553429026,1.2048192771084338,82,83,1,0,82,80,6254,0,0,0,0,3
2020-10-29,US,Missouri,Ripley,273,4,0,36.65460667,-90.85990261,29181.0,2054.4852498494884,1.465201465201465,269,273,4,0,269,271,13401,0,0,0,0,2
2020-10-29,US,Missouri,Saline,955,10,0,39.13734288,-93.20259964,29195.0,4195.773472167304,1.0471204188481675,945,955,10,0,945,952,22895,0,0,0,0,3
2020-10-29,US,Missouri,Schuyler,42,0,0,40.46921489,-92.52311943,29197.0,901.2875536480688,0.0,42,42,0,0,42,41,4599,0,0,0,0,1
2020-10-29,US,Missouri,Scotland,73,1,0,40.45214695,-92.14709064,29199.0,1489.188086495308,1.3698630136986298,72,73,1,0,72,73,4966,0,0,0,0,0
2020-10-29,US,Missouri,Scott,1434,25,0,37.05588075,-89.56474493,29201.0,3746.0815047021943,1.7433751743375174,1409,1434,25,0,1409,1429,38458,0,0,0,0,5
2020-10-29,US,Missouri,Shannon,243,4,0,37.15772072,-91.40190382,29203.0,2975.7531227038953,1.6460905349794241,239,243,4,0,239,243,8189,0,0,0,0,0
2020-10-29,US,Missouri,Shelby,110,1,0,39.79742518,-92.07634971,29205.0,1854.9747048903878,0.9090909090909092,109,110,1,0,109,107,6050,0,0,0,0,3
2020-10-29,US,Missouri,St. Charles,10949,147,0,38.77875681,-90.66662425,29183.0,2723.482794473934,1.3425883642341767,10802,10949,147,0,10802,10827,399182,0,0,0,0,122
2020-10-29,US,Missouri,St. Clair,123,1,0,38.03699437,-93.77631447,29185.0,1308.9283813983184,0.8130081300813008,122,123,1,0,122,121,9395,0,0,0,0,2
2020-10-29,US,Missouri,St. Francois,2887,27,0,37.81214171,-90.47598685,29187.0,4295.172208584393,0.9352268791132664,2860,2887,27,0,2860,2862,66692,0,0,0,0,25
2020-10-29,US,Missouri,St. Louis,30852,890,0,38.63770039999999,-90.4458375,29189.0,3103.1829451672443,2.8847400492674704,29962,30566,886,0,29680,30135,996945,286,4,0,282,431
2020-10-29,US,Missouri,St. Louis City,8538,221,0,38.63555736,-90.24349225,29510.0,2840.5461513893324,2.588428203326306,8317,8478,221,0,8257,8428,302838,60,0,0,60,50
2020-10-29,US,Missouri,Ste. Genevieve,405,1,0,37.89090059,-90.1949941,29186.0,2263.328489996647,0.2469135802469136,404,405,1,0,404,398,17888,0,0,0,0,7
2020-10-29,US,Missouri,Stoddard,893,15,0,36.85571651,-89.9444155,29207.0,3076.65805340224,1.6797312430011198,878,893,15,0,878,876,29206,0,0,0,0,17
2020-10-29,US,Missouri,Stone,712,9,0,36.75000327,-93.45256475,29209.0,2228.3425137706563,1.2640449438202248,703,712,9,0,703,696,31749,0,0,0,0,16
2020-10-29,US,Missouri,Sullivan,319,1,0,40.2099105,-93.11150106,29211.0,5238.955493512892,0.31347962382445144,318,319,1,0,318,315,6221,0,0,0,0,4
2020-10-29,US,Missouri,Taney,1752,33,0,36.65465345,-93.04075153,29213.0,3132.599055929052,1.8835616438356164,1719,1752,33,0,1719,1725,55852,0,0,0,0,27
2020-10-29,US,Missouri,Texas,594,3,0,37.31728859,-91.96564727,29215.0,2338.7668320340185,0.5050505050505051,591,594,3,0,591,590,25571,0,0,0,0,4
2020-10-29,US,Missouri,Vernon,343,3,0,37.8457799,-94.34127305,29217.0,1668.0445460292758,0.8746355685131195,340,343,3,0,340,336,20528,0,0,0,0,7
2020-10-29,US,Missouri,Warren,636,1,0,38.76529479,-91.16124662,29219.0,1784.0612639905746,0.15723270440251572,635,636,1,0,635,629,34711,0,0,0,0,7
2020-10-29,US,Missouri,Washington,673,19,0,37.96130078,-90.87948158,29221.0,2721.3910230489278,2.823179791976226,654,673,19,0,654,667,24943,0,0,0,0,6
2020-10-29,US,Missouri,Wayne,309,1,0,37.11303869,-90.46001416,29223.0,2400.372873456071,0.32362459546925565,308,309,1,0,308,307,13122,0,0,0,0,2
2020-10-29,US,Missouri,Webster,1164,13,0,37.2813734,-92.876329,29225.0,2939.987876338654,1.1168384879725086,1151,1164,13,0,1151,1146,39109,0,0,0,0,18
2020-10-29,US,Missouri,Worth,34,0,0,40.47945588,-94.42328751,29227.0,1689.021361152509,0.0,34,34,0,0,34,34,2040,0,0,0,0,0
2020-10-29,US,Missouri,Wright,591,7,0,37.27029221,-92.46914488,29229.0,3231.4505987205425,1.1844331641285957,584,591,7,0,584,589,18378,0,0,0,0,2
2020-10-29,US,Montana,Beaverhead,280,1,0,45.13434354,-112.89846940000001,30001.0,2962.0226383158783,0.35714285714285715,279,275,1,0,274,269,9404,5,0,0,5,6
2020-10-29,US,Montana,Big Horn,1376,38,0,45.42335905,-107.492347,30003.0,10331.1059388843,2.7616279069767438,1338,1362,36,0,1326,1358,13338,14,2,0,12,4
2020-10-29,US,Montana,Blaine,326,7,0,48.43175214,-108.9582723,30005.0,4879.509055530609,2.147239263803681,319,308,7,0,301,300,6807,18,0,0,18,8
2020-10-29,US,Montana,Broadwater,80,0,0,46.33277565,-111.49558130000001,30007.0,1282.667949334616,0.0,80,77,0,0,77,77,6085,3,0,0,3,0
2020-10-29,US,Montana,Carbon,245,0,0,45.22850116,-109.0274047,30009.0,2284.3822843822845,0.0,245,241,0,0,241,235,10714,4,0,0,4,6
2020-10-29,US,Montana,Carter,69,0,0,45.5197966,-104.53955359999999,30011.0,5511.182108626197,0.0,69,66,0,0,66,56,1238,3,0,0,3,10
2020-10-29,US,Montana,Cascade,2027,13,0,47.30797024,-111.3467922,30013.0,2491.2125457807933,0.6413418845584608,2014,1904,13,0,1891,1821,81643,123,0,0,123,83
2020-10-29,US,Montana,Chouteau,105,0,0,47.88084126,-110.4353362,30015.0,1863.3540372670807,0.0,105,102,0,0,102,102,5745,3,0,0,3,0
2020-10-29,US,Montana,Custer,319,3,0,46.25319932,-105.57375259999998,30017.0,2797.7547798631817,0.9404388714733544,316,301,3,0,298,296,11586,18,0,0,18,5
2020-10-29,US,Montana,Daniels,41,1,0,48.78420029,-105.54763429999998,30019.0,2426.03550295858,2.4390243902439024,40,36,1,0,35,32,1747,5,0,0,5,4
2020-10-29,US,Montana,Dawson,247,4,0,47.26584855,-104.89444170000002,30021.0,2867.758040171833,1.6194331983805668,243,235,4,0,231,228,8680,12,0,0,12,7
2020-10-29,US,Montana,Deer Lodge,444,1,0,46.05953325,-113.073353,30023.0,4857.768052516411,0.22522522522522526,443,432,1,0,431,429,9131,12,0,0,12,3
2020-10-29,US,Montana,Fallon,67,0,0,46.33478338,-104.41835649999999,30025.0,2354.181307097681,0.0,67,63,0,0,63,62,2920,4,0,0,4,1
2020-10-29,US,Montana,Fergus,228,2,0,47.26331584,-109.2245206,30027.0,2063.348416289593,0.8771929824561403,226,211,2,0,209,210,11113,17,0,0,17,1
2020-10-29,US,Montana,Flathead,3291,27,0,48.29575866,-114.05205690000001,30029.0,3170.3369747413444,0.8204193254329991,3264,3241,26,0,3215,3176,102106,50,1,0,49,65
2020-10-29,US,Montana,Gallatin,3137,6,0,45.54486106,-111.1692571,30031.0,2741.318139713721,0.19126554032515145,3131,3036,6,0,3030,2959,111876,101,0,0,101,77
2020-10-29,US,Montana,Garfield,24,0,0,47.27545948,-107.0002351,30033.0,1907.7901430842608,0.0,24,23,0,0,23,34,1268,1,0,0,1,-11
2020-10-29,US,Montana,Glacier,964,13,0,48.70513576,-112.9934235,30035.0,7009.379771686175,1.3485477178423235,951,930,13,0,917,932,13747,34,0,0,34,-2
2020-10-29,US,Montana,Golden Valley,16,0,0,46.3816474,-109.17685220000001,30037.0,1948.84287454324,0.0,16,16,0,0,16,16,826,0,0,0,0,0
2020-10-29,US,Montana,Granite,67,0,0,46.40605220000001,-113.4414186,30039.0,1982.8351583308672,0.0,67,66,0,0,66,63,3378,1,0,0,1,3
2020-10-29,US,Montana,Hill,823,20,0,48.62879827,-110.1129252,30041.0,4992.720213540403,2.4301336573511545,803,813,19,0,794,779,16347,10,1,0,9,34
2020-10-29,US,Montana,Jefferson,174,0,0,46.14907081,-112.094396,30043.0,1423.7787415105151,0.0,174,168,0,0,168,165,12097,6,0,0,6,3
2020-10-29,US,Montana,Judith Basin,15,0,0,47.04581276,-110.26606880000001,30045.0,747.3841554559042,0.0,15,14,0,0,14,14,1952,1,0,0,1,0
2020-10-29,US,Montana,Lake,579,4,0,47.64514965,-114.0898013,30047.0,1900.9783964803992,0.690846286701209,575,560,4,0,556,550,30250,19,0,0,19,10
2020-10-29,US,Montana,Lewis and Clark,1011,6,0,47.12610041,-112.39469799999999,30049.0,1456.100933287245,0.5934718100890207,1005,972,5,0,967,940,68700,39,1,0,38,32
2020-10-29,US,Montana,Liberty,31,0,0,48.56084317,-111.02430700000001,30051.0,1326.4869490800172,0.0,31,31,0,0,31,31,2430,0,0,0,0,0
2020-10-29,US,Montana,Lincoln,313,3,0,48.54265777,-115.4046155,30053.0,1566.5665665665665,0.9584664536741214,310,306,3,0,303,301,19794,7,0,0,7,5
2020-10-29,US,Montana,Madison,177,1,0,45.30080065,-111.9173017,30057.0,2058.139534883721,0.5649717514124294,176,170,1,0,169,170,8768,7,0,0,7,0
2020-10-29,US,Montana,McCone,61,0,0,47.64469406,-105.79449939999999,30055.0,3665.865384615385,0.0,61,62,0,0,62,61,1675,-1,0,0,-1,1
2020-10-29,US,Montana,Meagher,79,4,0,46.59907074,-110.8898557,30059.0,4242.7497314715365,5.063291139240507,75,79,4,0,75,76,1866,0,0,0,0,3
2020-10-29,US,Montana,Mineral,15,0,0,47.15283992,-115.00152390000001,30061.0,341.14168751421425,0.0,15,15,0,0,15,15,4316,0,0,0,0,0
2020-10-29,US,Montana,Missoula,2229,15,0,47.03728583,-113.92135079999998,30063.0,1863.71237458194,0.6729475100942126,2214,2164,13,0,2151,2155,118791,65,2,0,63,9
2020-10-29,US,Montana,Musselshell,111,2,0,46.49684637,-108.39498,30065.0,2395.8558169652492,1.8018018018018016,109,110,1,0,109,102,4651,1,1,0,0,8
2020-10-29,US,Montana,Park,260,0,0,45.48965095,-110.52643940000002,30067.0,1565.69914488739,0.0,260,247,0,0,247,246,16736,13,0,0,13,1
2020-10-29,US,Montana,Petroleum,3,0,0,47.118246299999996,-108.2508876,30069.0,616.0164271047228,0.0,3,3,0,0,3,3,513,0,0,0,0,0
2020-10-29,US,Montana,Phillips,177,0,0,48.25936577,-107.9128511,30071.0,4476.4795144157815,0.0,177,170,0,0,170,164,4074,7,0,0,7,6
2020-10-29,US,Montana,Pondera,184,1,0,48.22773388,-112.22527029999999,30073.0,3112.84046692607,0.5434782608695652,183,179,1,0,178,160,5972,5,0,0,5,19
2020-10-29,US,Montana,Powder River,62,5,0,45.39617714,-105.636738,30075.0,3686.087990487515,8.064516129032258,57,59,5,0,54,54,1716,3,0,0,3,5
2020-10-29,US,Montana,Powell,137,0,0,46.85538891,-112.93591640000001,30077.0,1988.3889695210446,0.0,137,112,0,0,112,110,6968,25,0,0,25,2
2020-10-29,US,Montana,Prairie,33,0,0,46.86048047,-105.379384,30079.0,3064.066852367688,0.0,33,33,0,0,33,32,1087,0,0,0,0,1
2020-10-29,US,Montana,Ravalli,503,4,0,46.08520862,-114.11891640000002,30081.0,1148.2445327124135,0.7952286282306164,499,475,4,0,471,450,43172,28,0,0,28,25
2020-10-29,US,Montana,Richland,338,5,0,47.78668011,-104.5610786,30083.0,3128.760529482551,1.4792899408284024,333,331,5,0,326,323,10913,7,0,0,7,8
2020-10-29,US,Montana,Roosevelt,936,19,0,48.29607488,-105.00792679999999,30085.0,8505.997818974918,2.02991452991453,917,935,19,0,916,931,11059,1,0,0,1,4
2020-10-29,US,Montana,Rosebud,772,21,0,46.23397237,-106.72928799999998,30087.0,8638.245496251538,2.7202072538860103,751,766,21,0,745,754,9063,6,0,0,6,12
2020-10-29,US,Montana,Sanders,97,2,0,47.67657534,-115.1329916,30089.0,800.7925369437794,2.061855670103093,95,97,2,0,95,97,11844,0,0,0,0,0
2020-10-29,US,Montana,Sheridan,73,0,0,48.72085833,-104.50382900000001,30091.0,2206.104563312179,0.0,73,73,0,0,73,67,3424,0,0,0,0,6
2020-10-29,US,Montana,Silver Bow,582,2,0,45.90018933,-112.6620092,30093.0,1666.905341543749,0.3436426116838488,580,575,0,0,575,569,34993,7,2,0,5,6
2020-10-29,US,Montana,Stillwater,218,3,0,45.67071407,-109.3950061,30095.0,2260.941713337482,1.3761467889908257,215,210,3,0,207,208,9534,8,0,0,8,2
2020-10-29,US,Montana,Sweet Grass,87,2,0,45.81367654,-109.9425686,30097.0,2328.070644902328,2.2988505747126435,85,82,2,0,80,81,3710,5,0,0,5,1
2020-10-29,US,Montana,Teton,90,0,0,47.83741052,-112.24106880000001,30099.0,1464.1288433382138,0.0,90,89,0,0,89,88,6162,1,0,0,1,1
2020-10-29,US,Montana,Toole,314,6,0,48.65577551,-111.69424140000001,30101.0,6630.067567567568,1.9108280254777068,308,311,6,0,305,310,4853,3,0,0,3,1
2020-10-29,US,Montana,Treasure,24,1,0,46.20973220000001,-107.26665159999999,30103.0,3448.2758620689656,4.166666666666667,23,22,1,0,21,22,679,2,0,0,2,0
2020-10-29,US,Montana,Valley,358,4,0,48.36435097,-106.6669635,30105.0,4840.454299621417,1.11731843575419,354,343,4,0,339,341,7437,15,0,0,15,2
2020-10-29,US,Montana,Wheatland,69,3,0,46.46652491,-109.84646359999999,30107.0,3245.5315145813734,4.3478260869565215,66,67,2,0,65,66,2236,2,1,0,1,1
2020-10-29,US,Montana,Wibaux,44,0,0,46.95925154,-104.2510927,30109.0,4540.763673890609,0.0,44,42,0,0,42,41,1034,2,0,0,2,1
2020-10-29,US,Montana,Yellowstone,6521,88,0,45.93955949,-108.26914860000001,30111.0,4042.777433353999,1.3494862751111794,6433,6356,87,0,6269,6215,160137,165,1,0,164,141
2020-10-29,US,Nebraska,Adams,896,15,0,40.52449420000001,-98.50117804,31001.0,2856.8695596722246,1.6741071428571428,881,878,15,0,863,861,31511,18,0,0,18,17
2020-10-29,US,Nebraska,Antelope,171,1,0,42.17695516,-98.06662829999999,31003.0,2715.1476659256905,0.5847953216374269,170,166,1,0,165,164,6336,5,0,0,5,2
2020-10-29,US,Nebraska,Arthur,4,0,0,41.56896142,-101.6959559,31005.0,863.9308855291575,0.0,4,4,0,0,4,4,465,0,0,0,0,0
2020-10-29,US,Nebraska,Banner,4,0,0,41.54634427,-103.7114332,31007.0,536.9127516778524,0.0,4,4,0,0,4,4,730,0,0,0,0,0
2020-10-29,US,Nebraska,Blaine,2,0,0,41.91311716,-99.97677845,31009.0,430.1075268817205,0.0,2,2,0,0,2,2,476,0,0,0,0,0
2020-10-29,US,Nebraska,Boone,157,0,0,41.70759415,-98.06737183,31011.0,3023.882896764253,0.0,157,153,0,0,153,147,5239,4,0,0,4,6
2020-10-29,US,Nebraska,Box Butte,258,1,0,42.22079243,-103.08788340000001,31013.0,2392.6551052582768,0.3875968992248062,257,254,1,0,253,241,10772,4,0,0,4,13
2020-10-29,US,Nebraska,Boyd,76,0,0,42.899727399999996,-98.76486568,31015.0,3960.396039603961,0.0,76,73,0,0,73,71,1955,3,0,0,3,2
2020-10-29,US,Nebraska,Brown,80,0,0,42.43018907,-99.92904055,31017.0,2707.2758037225044,0.0,80,78,0,0,78,75,2973,2,0,0,2,3
2020-10-29,US,Nebraska,Buffalo,1907,18,0,40.85486962,-99.07500296,31019.0,3840.1900964578426,0.9438909281594128,1889,1844,17,0,1827,1820,49615,63,1,0,62,24
2020-10-29,US,Nebraska,Burt,138,1,0,41.85056773,-96.32605633,31021.0,2136.553646075244,0.7246376811594203,137,130,1,0,129,120,6488,8,0,0,8,10
2020-10-29,US,Nebraska,Butler,286,2,0,41.22703692,-97.13106306,31023.0,3567.864271457086,0.6993006993006993,284,280,2,0,278,266,8058,6,0,0,6,14
2020-10-29,US,Nebraska,Cass,560,4,0,40.90899107,-96.13971217,31025.0,2133.4958854007928,0.7142857142857143,556,549,4,0,545,532,26159,11,0,0,11,17
2020-10-29,US,Nebraska,Cedar,151,0,0,42.598885100000004,-97.25311951,31027.0,1797.1911449654847,0.0,151,145,0,0,145,141,8446,6,0,0,6,4
2020-10-29,US,Nebraska,Chase,155,0,0,40.523719799999995,-101.69780259999999,31029.0,3950.0509683995924,0.0,155,150,0,0,150,147,3977,5,0,0,5,3
2020-10-29,US,Nebraska,Cherry,76,4,0,42.54502621,-101.1244332,31031.0,1335.9114079803128,5.2631578947368425,72,71,4,0,67,69,5761,5,0,0,5,2
2020-10-29,US,Nebraska,Cheyenne,114,0,0,41.21999357,-102.9941693,31033.0,1279.4612794612794,0.0,114,102,0,0,102,97,9310,12,0,0,12,5
2020-10-29,US,Nebraska,Clay,180,1,0,40.52439441,-98.05126296,31035.0,2901.8216991778168,0.5555555555555556,179,175,1,0,174,173,6214,5,0,0,5,2
2020-10-29,US,Nebraska,Colfax,944,7,0,41.57486951,-97.0868542,31037.0,8815.015407601084,0.7415254237288136,937,919,7,0,912,915,10881,25,0,0,25,4
2020-10-29,US,Nebraska,Cuming,306,2,0,41.91637624,-96.78730772,31039.0,3459.190594619037,0.6535947712418301,304,297,2,0,295,284,8940,9,0,0,9,13
2020-10-29,US,Nebraska,Custer,232,5,0,41.39374521,-99.72805369,31041.0,2152.732671429897,2.155172413793104,227,228,5,0,223,219,10840,4,0,0,4,9
2020-10-29,US,Nebraska,Dakota,2561,49,0,42.39040144,-96.56656425,31043.0,12788.37511235394,1.9133151112846545,2512,2545,47,0,2498,2534,20083,16,2,0,14,11
2020-10-29,US,Nebraska,Dawes,248,4,0,42.71985036,-103.1313774,31045.0,2887.4141343579,1.6129032258064515,244,245,4,0,241,242,8716,3,0,0,3,3
2020-10-29,US,Nebraska,Dawson,1307,15,0,40.87028216,-99.82014609999999,31047.0,5539.309175672813,1.1476664116296864,1292,1291,15,0,1276,1277,23709,16,0,0,16,14
2020-10-29,US,Nebraska,Deuel,10,0,0,41.11168186,-102.33333309999999,31049.0,557.4136008918617,0.0,10,10,0,0,10,8,1825,0,0,0,0,2
2020-10-29,US,Nebraska,Dixon,169,2,0,42.49188363,-96.86782408,31051.0,2998.5805535841027,1.183431952662722,167,168,2,0,166,164,5709,1,0,0,1,4
2020-10-29,US,Nebraska,Dodge,1664,20,0,41.58071748,-96.65598179,31053.0,4550.799945302885,1.2019230769230769,1644,1637,20,0,1617,1616,36791,27,0,0,27,21
2020-10-29,US,Nebraska,Douglas,22806,224,0,41.29518299,-96.15085305,31055.0,3991.759535257392,0.9821976672805404,22582,22381,220,0,22161,22081,566880,425,4,0,421,300
2020-10-29,US,Nebraska,Dundy,28,1,0,40.17638677,-101.6876522,31057.0,1653.8688718251624,3.571428571428572,27,27,1,0,26,27,1770,1,0,0,1,0
2020-10-29,US,Nebraska,Fillmore,111,2,0,40.52458567,-97.59646937,31059.0,2032.2226290735998,1.8018018018018016,109,103,2,0,101,95,5527,8,0,0,8,8
2020-10-29,US,Nebraska,Franklin,92,0,0,40.17636348,-98.95299073,31061.0,3088.284659281638,0.0,92,91,0,0,91,91,3023,1,0,0,1,0
2020-10-29,US,Nebraska,Frontier,40,0,0,40.52993007,-100.3924658,31063.0,1522.6494099733536,0.0,40,39,0,0,39,37,2608,1,0,0,1,2
2020-10-29,US,Nebraska,Furnas,101,3,0,40.17642064,-99.91247454,31065.0,2159.9657827202736,2.9702970297029703,98,98,3,0,95,94,4715,3,0,0,3,4
2020-10-29,US,Nebraska,Gage,563,5,0,40.26186809,-96.68946704,31067.0,2617.022265606842,0.8880994671403197,558,555,5,0,550,535,21493,8,0,0,8,20
2020-10-29,US,Nebraska,Garden,24,0,0,41.61703149,-102.3313973,31069.0,1306.4779531845402,0.0,24,22,0,0,22,20,1897,2,0,0,2,2
2020-10-29,US,Nebraska,Garfield,33,0,0,41.91428955,-98.99111827,31071.0,1675.9776536312854,0.0,33,27,0,0,27,27,1987,6,0,0,6,0
2020-10-29,US,Nebraska,Gosper,60,0,0,40.51481965,-99.83020279,31073.0,3015.075376884422,0.0,60,60,0,0,60,59,1996,0,0,0,0,1
2020-10-29,US,Nebraska,Grant,4,0,0,41.91528587,-101.740701,31075.0,642.0545746388442,0.0,4,4,0,0,4,4,660,0,0,0,0,0
2020-10-29,US,Nebraska,Greeley,48,0,0,41.56742671,-98.52150266,31077.0,2037.351443123939,0.0,48,47,0,0,47,47,2356,1,0,0,1,0
2020-10-29,US,Nebraska,Hall,2697,50,0,40.87257079,-98.50218293,31079.0,4395.873062441934,1.8539117538005192,2647,2656,50,0,2606,2620,61607,41,0,0,41,36
2020-10-29,US,Nebraska,Hamilton,242,12,0,40.87349452,-98.02099117,31081.0,2595.452595452595,4.958677685950414,230,237,12,0,225,236,9280,5,0,0,5,1
2020-10-29,US,Nebraska,Harlan,60,0,0,40.17658508,-99.40438879,31083.0,1775.1479289940826,0.0,60,58,0,0,58,56,3401,2,0,0,2,2
2020-10-29,US,Nebraska,Hayes,23,0,0,40.52451972,-101.0603568,31085.0,2494.5770065075917,0.0,23,23,0,0,23,23,916,0,0,0,0,0
2020-10-29,US,Nebraska,Hitchcock,47,0,0,40.17609175,-101.04164770000001,31087.0,1701.6654598117307,0.0,47,47,0,0,47,42,2806,0,0,0,0,5
2020-10-29,US,Nebraska,Holt,303,4,0,42.45522056,-98.78402558,31089.0,3009.8341114532627,1.32013201320132,299,290,4,0,286,276,10178,13,0,0,13,14
2020-10-29,US,Nebraska,Hooker,22,1,0,41.91586243,-101.1354293,31091.0,3225.8064516129034,4.545454545454546,21,21,1,0,20,21,682,1,0,0,1,0
2020-10-29,US,Nebraska,Howard,155,5,0,41.2200529,-98.5166499,31093.0,2404.9650892164473,3.2258064516129035,150,148,5,0,143,145,6468,7,0,0,7,3
2020-10-29,US,Nebraska,Jefferson,93,0,0,40.17584531,-97.142601,31095.0,1319.897814362759,0.0,93,86,0,0,86,85,7097,7,0,0,7,1
2020-10-29,US,Nebraska,Johnson,112,0,0,40.39257596,-96.26522753,31097.0,2208.6373496351803,0.0,112,105,0,0,105,102,5134,7,0,0,7,3
2020-10-29,US,Nebraska,Kearney,255,0,0,40.50663314,-98.94877182,31099.0,3926.096997690531,0.0,255,262,0,0,262,261,6544,-7,0,0,-7,1
2020-10-29,US,Nebraska,Keith,113,0,0,41.19930341,-101.66201640000001,31101.0,1406.522280308688,0.0,113,107,0,0,107,104,8021,6,0,0,6,3
2020-10-29,US,Nebraska,Keya Paha,9,0,0,42.87990694,-99.71343729,31103.0,1116.6253101736972,0.0,9,9,0,0,9,9,810,0,0,0,0,0
2020-10-29,US,Nebraska,Kimball,59,0,0,41.19774275,-103.7148131,31105.0,1624.4493392070488,0.0,59,53,0,0,53,49,3618,6,0,0,6,4
2020-10-29,US,Nebraska,Knox,275,1,0,42.63758421,-97.89178836,31107.0,3300.528084493519,0.3636363636363637,274,264,1,0,263,260,8419,11,0,0,11,4
2020-10-29,US,Nebraska,Lancaster,9181,45,0,40.78416049,-96.68777155,31109.0,2877.244664514714,0.4901426859819192,9136,8981,45,0,8936,8884,317272,200,0,0,200,97
2020-10-29,US,Nebraska,Lincoln,938,8,0,41.04658298,-100.74753740000001,31111.0,2686.6013633499456,0.8528784648187633,930,902,8,0,894,888,35185,36,0,0,36,14
2020-10-29,US,Nebraska,Logan,10,0,0,41.56650314,-100.4817851,31113.0,1336.8983957219252,0.0,10,10,0,0,10,10,749,0,0,0,0,0
2020-10-29,US,Nebraska,Loup,8,0,0,41.91371961,-99.45440415,31115.0,1204.8192771084334,0.0,8,8,0,0,8,8,618,0,0,0,0,0
2020-10-29,US,Nebraska,Madison,1399,10,0,41.91676024,-97.6005481,31119.0,3985.868543263341,0.7147962830593281,1389,1362,10,0,1352,1278,35392,37,0,0,37,84
2020-10-29,US,Nebraska,McPherson,10,0,0,41.56797682,-101.05993620000001,31117.0,2024.2914979757086,0.0,10,10,0,0,10,10,492,0,0,0,0,0
2020-10-29,US,Nebraska,Merrick,148,1,0,41.16624273,-98.0374887,31121.0,1908.4461637653128,0.6756756756756757,147,141,1,0,140,138,7733,7,0,0,7,3
2020-10-29,US,Nebraska,Morrill,123,0,0,41.71711774,-103.0061405,31123.0,2649.7199482981478,0.0,123,114,0,0,114,110,4686,9,0,0,9,4
2020-10-29,US,Nebraska,Nance,104,0,0,41.39750195,-97.99327291,31125.0,2955.385052571753,0.0,104,93,0,0,93,87,3532,11,0,0,11,6
2020-10-29,US,Nebraska,Nemaha,168,0,0,40.38514847,-95.85433992,31127.0,2409.6385542168673,0.0,168,167,0,0,167,164,6958,1,0,0,1,3
2020-10-29,US,Nebraska,Nuckolls,105,0,0,40.17637905,-98.04743961,31129.0,2531.340405014465,0.0,105,99,0,0,99,96,4195,6,0,0,6,3
2020-10-29,US,Nebraska,Otoe,316,1,0,40.64843556,-96.13374142,31131.0,1973.5198601049206,0.3164556962025317,315,302,1,0,301,298,15985,14,0,0,14,4
2020-10-29,US,Nebraska,Pawnee,31,0,0,40.13141096,-96.23705437,31133.0,1186.3758132414846,0.0,31,29,0,0,29,28,2632,2,0,0,2,1
2020-10-29,US,Nebraska,Perkins,46,10,0,40.85082525,-101.6502942,31135.0,1591.1449325492908,21.73913043478261,36,45,10,0,35,45,2929,1,0,0,1,0
2020-10-29,US,Nebraska,Phelps,309,2,0,40.51156033,-99.41461667,31137.0,3420.411777728581,0.6472491909385113,307,304,2,0,302,297,8996,5,0,0,5,7
2020-10-29,US,Nebraska,Pierce,221,8,0,42.26434853,-97.60122773,31139.0,3091.773922775601,3.619909502262444,213,213,8,0,205,199,7142,8,0,0,8,14
2020-10-29,US,Nebraska,Platte,1677,7,0,41.57246836,-97.52144359,31141.0,5010.457125784285,0.4174120453190221,1670,1619,7,0,1612,1589,33363,58,0,0,58,30
2020-10-29,US,Nebraska,Polk,201,4,0,41.18813488,-97.56630712,31143.0,3855.7452522539807,1.9900497512437807,197,195,4,0,191,193,5278,6,0,0,6,2
2020-10-29,US,Nebraska,Red Willow,248,0,0,40.17556879999999,-100.476998,31145.0,2312.5699365908245,0.0,248,233,0,0,233,213,10726,15,0,0,15,20
2020-10-29,US,Nebraska,Richardson,104,2,0,40.1247415,-95.71755036,31147.0,1322.314049586777,1.9230769230769231,102,98,2,0,96,97,7937,6,0,0,6,1
2020-10-29,US,Nebraska,Rock,59,1,0,42.42252217,-99.44832069,31149.0,4347.826086956522,1.6949152542372878,58,58,1,0,57,58,1360,1,0,0,1,0
2020-10-29,US,Nebraska,Saline,961,2,0,40.52418865,-97.14085859,31151.0,6756.186726659167,0.2081165452653486,959,939,2,0,937,924,14350,22,0,0,22,15
2020-10-29,US,Nebraska,Sarpy,5981,38,0,41.11314181,-96.11156432,31153.0,3195.0469027115973,0.6353452599899683,5943,5859,37,0,5822,5739,184459,122,1,0,121,120
2020-10-29,US,Nebraska,Saunders,696,4,0,41.227810299999994,-96.63773905,31155.0,3225.5074613031793,0.5747126436781609,692,679,4,0,675,668,21303,17,0,0,17,11
2020-10-29,US,Nebraska,Scotts Bluff,890,9,0,41.85070896,-103.70809859999999,31157.0,2498.7365938570388,1.0112359550561798,881,803,9,0,794,774,35989,87,0,0,87,29
2020-10-29,US,Nebraska,Seward,386,3,0,40.87241834,-97.139673,31159.0,2233.2793334876187,0.7772020725388601,383,368,3,0,365,363,17318,18,0,0,18,5
2020-10-29,US,Nebraska,Sheridan,134,0,0,42.50284406,-102.4126613,31161.0,2554.327106366756,0.0,134,133,0,0,133,130,5190,1,0,0,1,3
2020-10-29,US,Nebraska,Sherman,50,3,0,41.22045983,-98.97588642,31163.0,1666.1112962345887,6.0,47,47,3,0,44,41,3038,3,0,0,3,6
2020-10-29,US,Nebraska,Sioux,12,0,0,42.48932059,-103.7576544,31165.0,1029.1595197255574,0.0,12,12,0,0,12,12,1187,0,0,0,0,0
2020-10-29,US,Nebraska,Stanton,80,0,0,41.9169835,-97.19394708,31167.0,1351.3513513513512,0.0,80,79,0,0,79,76,5970,1,0,0,1,3
2020-10-29,US,Nebraska,Thayer,66,0,0,40.17626377,-97.59504381,31169.0,1319.208474915051,0.0,66,65,0,0,65,64,5039,1,0,0,1,1
2020-10-29,US,Nebraska,Thomas,12,0,0,41.91358968,-100.5556632,31171.0,1662.0498614958447,0.0,12,12,0,0,12,11,720,0,0,0,0,1
2020-10-29,US,Nebraska,Thurston,345,4,0,42.15725356,-96.54157099,31173.0,4775.747508305648,1.1594202898550725,341,333,4,0,329,325,7303,12,0,0,12,8
2020-10-29,US,Nebraska,Unassigned,495,5,0,0.0,0.0,90031.0,0.0,1.0101010101010102,490,475,4,0,471,461,,20,1,0,19,14
2020-10-29,US,Nebraska,Valley,94,1,0,41.56730777,-98.98197724,31175.0,2260.702260702261,1.0638297872340423,93,93,1,0,92,90,4190,1,0,0,1,3
2020-10-29,US,Nebraska,Washington,509,7,0,41.52815707,-96.22019892,31177.0,2455.497129625163,1.3752455795677798,502,495,7,0,488,485,20667,14,0,0,14,10
2020-10-29,US,Nebraska,Wayne,359,1,0,42.20934475,-97.11926964,31179.0,3825.253063399041,0.2785515320334262,358,339,1,0,338,322,9403,20,0,0,20,17
2020-10-29,US,Nebraska,Webster,118,0,0,40.17642643,-98.50019851,31181.0,3383.997705764268,0.0,118,118,0,0,118,120,3533,0,0,0,0,-2
2020-10-29,US,Nebraska,Wheeler,3,0,0,41.91482725,-98.52798941,31183.0,383.1417624521073,0.0,3,3,0,0,3,3,805,0,0,0,0,0
2020-10-29,US,Nebraska,York,522,2,0,40.87272618,-97.59710186,31185.0,3816.0684260545363,0.3831417624521073,520,492,2,0,490,479,13772,30,0,0,30,13
2020-10-29,US,Nevada,Carson City,768,8,0,39.15509045,-119.7480219,32510.0,1373.4888046355247,1.0416666666666667,760,742,8,0,734,733,55414,26,0,0,26,9
2020-10-29,US,Nevada,Churchill,223,4,0,39.58105744,-118.3394607,32001.0,895.2587418202256,1.7937219730941705,219,223,4,0,219,214,24440,0,0,0,0,9
2020-10-29,US,Nevada,Clark,80794,1508,0,36.21458855,-115.0130241,32003.0,3564.365171625017,1.866475233309404,79286,80104,1506,0,78598,79782,2231647,690,2,0,688,322
2020-10-29,US,Nevada,Douglas,417,1,0,38.912862,-119.61713329999999,32005.0,852.6735507616808,0.23980815347721826,416,411,1,0,410,400,48467,6,0,0,6,11
2020-10-29,US,Nevada,Elko,1436,14,0,41.14531606,-115.3577619,32007.0,2720.830649134109,0.9749303621169916,1422,1393,14,0,1379,1376,52460,43,0,0,43,17
2020-10-29,US,Nevada,Eureka,11,0,0,39.98100864,-116.26832040000001,32011.0,542.1389847215377,0.0,11,11,0,0,11,11,2003,0,0,0,0,0
2020-10-29,US,Nevada,Humboldt,176,4,0,41.40692186,-118.11094270000001,32013.0,1045.6895015150617,2.272727272727273,172,173,4,0,169,173,16786,3,0,0,3,0
2020-10-29,US,Nevada,Lander,110,0,0,39.933223299999995,-117.03970749999999,32015.0,1988.430947216197,0.0,110,110,0,0,110,107,5575,0,0,0,0,3
2020-10-29,US,Nevada,Lincoln,49,0,0,37.64268459,-114.8790388,32017.0,945.3984179046885,0.0,49,49,0,0,49,48,5201,0,0,0,0,1
2020-10-29,US,Nevada,Lyon,613,13,0,39.01777974,-119.18704790000001,32019.0,1065.9015823335071,2.1207177814029365,600,607,13,0,594,598,55808,6,0,0,6,9
2020-10-29,US,Nevada,Mineral,18,0,0,38.53841696,-118.4344506,32021.0,399.5560488346282,0.0,18,18,0,0,18,18,4514,0,0,0,0,0
2020-10-29,US,Nevada,Nye,682,16,0,38.04264256,-116.47227020000001,32023.0,1465.941577284354,2.3460410557184748,666,676,16,0,660,676,45346,6,0,0,6,0
2020-10-29,US,Nevada,Pershing,24,0,0,40.44003782,-118.40056409999998,32027.0,356.8773234200744,0.0,24,24,0,0,24,24,6666,0,0,0,0,0
2020-10-29,US,Nevada,Storey,22,0,0,39.44875482,-119.5250207,32029.0,0.0,0.0,22,22,0,0,22,22,4029,0,0,0,0,0
2020-10-29,US,Nevada,Washoe,13090,196,0,40.66562265,-119.6631594,32031.0,2776.1341536608284,1.497326203208556,12894,12797,195,0,12602,12608,465735,293,1,0,292,189
2020-10-29,US,Nevada,White Pine,119,1,0,39.44157041,-114.89996599999999,32033.0,1242.1711899791233,0.8403361344537815,118,119,1,0,118,118,9475,0,0,0,0,1
2020-10-29,US,New Hampshire,Belknap,234,5,0,43.51637314,-71.41684235,33001.0,381.7105198766782,2.1367521367521367,229,233,5,0,228,229,61022,1,0,0,1,4
2020-10-29,US,New Hampshire,Carroll,152,2,0,43.87498583,-71.20430216,33003.0,310.77489265998776,1.3157894736842106,150,151,2,0,149,148,48779,1,0,0,1,3
2020-10-29,US,New Hampshire,Cheshire,195,3,0,42.92015988,-72.25311043,33005.0,256.29230465926264,1.5384615384615383,192,192,3,0,189,192,76493,3,0,0,3,0
2020-10-29,US,New Hampshire,Coos,64,0,0,44.69063265,-71.30633239,33007.0,202.7690650445141,0.0,64,49,0,0,49,43,31589,15,0,0,15,6
2020-10-29,US,New Hampshire,Grafton,230,1,0,43.93779815,-71.82057197,33009.0,255.8796698039739,0.43478260869565216,229,212,1,0,211,207,89786,18,0,0,18,5
2020-10-29,US,New Hampshire,Hillsborough,5505,322,0,42.91537785,-71.7200253,33011.0,1320.064744319885,5.849227974568574,5183,5468,318,0,5150,5430,415247,37,4,0,33,38
2020-10-29,US,New Hampshire,Merrimack,916,29,0,43.29662971,-71.6811573,33013.0,605.0557827083513,3.165938864628821,887,897,29,0,868,878,151132,19,0,0,19,19
2020-10-29,US,New Hampshire,Rockingham,2638,105,0,42.98499744,-71.12883377,33015.0,851.6023230213483,3.980288097043215,2533,2617,105,0,2512,2589,309176,21,0,0,21,28
2020-10-29,US,New Hampshire,Strafford,732,14,0,43.291833000000004,-71.02336013,33017.0,560.3484571279845,1.9125683060109289,718,723,14,0,709,714,130090,9,0,0,9,9
2020-10-29,US,New Hampshire,Sullivan,84,1,0,43.36094111,-72.22203125,33019.0,194.6878041996941,1.1904761904761905,83,81,1,0,80,79,43144,3,0,0,3,2
2020-10-29,US,New Hampshire,Unassigned,18,0,0,0.0,0.0,90033.0,0.0,0.0,18,18,0,0,18,21,,0,0,0,0,-3
2020-10-29,US,New Jersey,Atlantic,5162,267,0,39.47538693,-74.65848483,34001.0,1957.7502180756246,5.172413793103448,4895,5130,267,0,4863,5091,265429,32,0,0,32,39
2020-10-29,US,New Jersey,Bergen,25027,2062,0,40.96010917,-74.07164325,34003.0,2684.718548125835,8.239101770088304,22965,24890,2061,0,22829,24795,936692,137,1,0,136,95
2020-10-29,US,New Jersey,Burlington,8486,513,0,39.87681124,-74.66927768,34005.0,1905.4718883392568,6.045251001649777,7973,8416,513,0,7903,8334,445384,70,0,0,70,82
2020-10-29,US,New Jersey,Camden,11617,634,0,39.80343818,-74.96388753,34007.0,2293.7147437859226,5.457519152965482,10983,11519,633,0,10886,11407,507078,98,1,0,97,112
2020-10-29,US,New Jersey,Cape May,1123,100,0,39.15008829,-74.80170244,34009.0,1220.1349427959888,8.904719501335707,1023,1115,100,0,1015,1111,92560,8,0,0,8,4
2020-10-29,US,New Jersey,Cumberland,4016,162,0,39.37199394,-75.10712559,34011.0,2685.802564085416,4.03386454183267,3854,3996,162,0,3834,3986,150972,20,0,0,20,10
2020-10-29,US,New Jersey,Essex,24709,2142,0,40.78681335,-74.24657979,34013.0,3092.587377577521,8.668906066615403,22567,24455,2142,0,22313,24177,799767,254,0,0,254,278
2020-10-29,US,New Jersey,Gloucester,5559,248,0,39.71581067,-75.13995546,34015.0,1906.1432744928607,4.461234034898364,5311,5519,246,0,5273,5467,291408,40,2,0,38,52
2020-10-29,US,New Jersey,Hudson,23132,1529,0,40.73766234,-74.07515667,34017.0,3440.260205743385,6.6098910600034575,21603,22956,1528,0,21428,22837,676061,176,1,0,175,119
2020-10-29,US,New Jersey,Hunterdon,1586,127,0,40.56335249,-74.91284156,34019.0,1275.2168913975122,8.007566204287517,1459,1582,127,0,1455,1569,124714,4,0,0,4,13
2020-10-29,US,New Jersey,Mercer,9297,639,0,40.28047017,-74.70479631,34021.0,2530.2778760580245,6.873184898354308,8658,9250,639,0,8611,9220,369811,47,0,0,47,30
2020-10-29,US,New Jersey,Middlesex,22274,1447,0,40.43629879,-74.41426991,34023.0,2699.6759031442484,6.4963634731076585,20827,22111,1445,0,20666,21939,829685,163,2,0,161,172
2020-10-29,US,New Jersey,Monmouth,14111,873,0,40.26549699,-74.22240686,34025.0,2280.399809306798,6.186662887109348,13238,13996,872,0,13124,13892,621354,115,1,0,114,104
2020-10-29,US,New Jersey,Morris,9145,838,0,40.86095313,-74.54553709999998,34027.0,1859.325600544887,9.163477310005467,8307,9091,838,0,8253,9002,494228,54,0,0,54,89
2020-10-29,US,New Jersey,Ocean,16715,1067,0,39.8895449,-74.28089251,34029.0,2752.8632083084917,6.383487885133114,15648,16642,1067,0,15575,16605,601651,73,0,0,73,37
2020-10-29,US,New Jersey,Passaic,20898,1261,0,41.03238628,-74.29954144,34031.0,4164.391641724424,6.034070245956551,19637,20775,1261,0,19514,20662,503310,123,0,0,123,113
2020-10-29,US,New Jersey,Salem,1171,89,0,39.58719656,-75.34696629999998,34033.0,1877.0537789532736,7.600341588385995,1082,1169,89,0,1080,1166,62607,2,0,0,2,3
2020-10-29,US,New Jersey,Somerset,6485,594,0,40.56465737,-74.61683016,34035.0,1971.5201225777814,9.159599074787973,5891,6451,594,0,5857,6411,331164,34,0,0,34,40
2020-10-29,US,New Jersey,Sussex,1720,197,0,41.13891592,-74.69118243,34037.0,1224.3038551335346,11.453488372093025,1523,1707,197,0,1510,1692,140799,13,0,0,13,15
2020-10-29,US,New Jersey,Unassigned,524,0,0,0.0,0.0,90034.0,0.0,0.0,524,537,0,0,537,480,,-13,0,0,-13,57
2020-10-29,US,New Jersey,Union,20195,1372,0,40.65835409,-74.30680092,34039.0,3629.9679513104375,6.793760831889082,18823,20106,1372,0,18734,19918,558067,89,0,0,89,188
2020-10-29,US,New Jersey,Warren,1595,171,0,40.85951833,-74.99556527,34041.0,1515.1946953936178,10.721003134796238,1424,1584,171,0,1413,1570,105779,11,0,0,11,14
2020-10-29,US,New Mexico,Bernalillo,11116,201,0,35.05163625,-106.6703554,35001.0,1636.8217151288209,1.8082043900683702,10915,10857,200,0,10657,10589,678701,259,1,0,258,268
2020-10-29,US,New Mexico,Catron,10,1,0,33.91514144,-108.4046587,35003.0,283.5270768358378,10.0,9,10,1,0,9,10,3578,0,0,0,0,0
2020-10-29,US,New Mexico,Chaves,2066,19,0,33.36406072,-104.4665365,35005.0,3197.399984523717,0.9196515004840272,2047,2035,19,0,2016,2016,64689,31,0,0,31,19
2020-10-29,US,New Mexico,Cibola,607,22,0,34.91131525,-107.998876,35006.0,2275.538894095595,3.624382207578254,585,571,22,0,549,565,26746,36,0,0,36,6
2020-10-29,US,New Mexico,Colfax,45,1,0,36.60569702,-104.64726740000002,35007.0,376.8528598944812,2.2222222222222223,44,45,1,0,44,44,12110,0,0,0,0,1
2020-10-29,US,New Mexico,Curry,1596,12,0,34.57421077,-103.34688759999999,35009.0,3260.2034563059196,0.7518796992481203,1584,1568,12,0,1556,1555,49437,28,0,0,28,13
2020-10-29,US,New Mexico,De Baca,2,0,0,34.34274529,-104.4117842,35011.0,114.41647597254006,0.0,2,2,0,0,2,1,1781,0,0,0,0,1
2020-10-29,US,New Mexico,Dona Ana,6325,72,0,32.35275771,-106.83293870000001,35013.0,2898.7831985150897,1.1383399209486167,6253,6078,72,0,6006,5980,217522,247,0,0,247,98
2020-10-29,US,New Mexico,Eddy,1505,23,0,32.47167456,-104.3053527,35015.0,2574.409852890865,1.528239202657807,1482,1481,23,0,1458,1437,57900,24,0,0,24,44
2020-10-29,US,New Mexico,Grant,191,4,0,32.73911281,-108.3827845,35017.0,707.4598118379138,2.094240837696335,187,187,3,0,184,187,27346,4,1,0,3,0
2020-10-29,US,New Mexico,Guadalupe,43,1,0,34.86319296,-104.790669,35019.0,1000.0,2.3255813953488373,42,42,1,0,41,42,4341,1,0,0,1,0
2020-10-29,US,New Mexico,Harding,1,0,0,35.85751555,-103.82209379999999,35021.0,160.0,0.0,1,1,0,0,1,1,655,0,0,0,0,0
2020-10-29,US,New Mexico,Hidalgo,122,2,0,31.91383467,-108.7151824,35023.0,2906.1457837065277,1.639344262295082,120,117,2,0,115,117,4240,5,0,0,5,0
2020-10-29,US,New Mexico,Lea,2177,29,0,32.79215361,-103.4123733,35025.0,3063.177149289433,1.3321084060633899,2148,2110,29,0,2081,2088,69611,67,0,0,67,22
2020-10-29,US,New Mexico,Lincoln,384,6,0,33.74526079,-105.4586166,35027.0,1961.9865113427343,1.5625,378,380,6,0,374,373,19556,4,0,0,4,7
2020-10-29,US,New Mexico,Los Alamos,48,0,0,35.86631386,-106.31349850000001,35028.0,247.81867933295482,0.0,48,47,0,0,47,44,19101,1,0,0,1,3
2020-10-29,US,New Mexico,Luna,1082,11,0,32.18179341,-107.75088259999998,35029.0,4563.6678054747135,1.0166358595194085,1071,976,11,0,965,959,23963,106,0,0,106,17
2020-10-29,US,New Mexico,McKinley,4674,261,0,35.58007720000001,-108.262245,35031.0,6549.2454495775355,5.584082156611039,4413,4649,261,0,4388,4627,72290,25,0,0,25,22
2020-10-29,US,New Mexico,Mora,15,0,0,36.01095101,-104.9497716,35033.0,331.78500331785006,0.0,15,14,0,0,14,14,4506,1,0,0,1,0
2020-10-29,US,New Mexico,Otero,527,13,0,32.61348406,-105.7417604,35035.0,780.8564231738036,2.4667931688804554,514,513,13,0,500,509,66781,14,0,0,14,4
2020-10-29,US,New Mexico,Quay,104,2,0,35.10403332,-103.54817270000001,35037.0,1260.1478250333212,1.9230769230769231,102,102,2,0,100,101,8253,2,0,0,2,1
2020-10-29,US,New Mexico,Rio Arriba,513,15,0,36.51072137,-106.69316740000001,35039.0,1318.0545206957684,2.9239766081871346,498,501,15,0,486,493,39006,12,0,0,12,8
2020-10-29,US,New Mexico,Roosevelt,469,9,0,34.02097406,-103.4799493,35041.0,2535.135135135135,1.9189765458422172,460,463,9,0,454,452,18743,6,0,0,6,11
2020-10-29,US,New Mexico,San Juan,3805,204,0,36.50838318,-108.32043700000001,35045.0,3069.5880862872914,5.361366622864653,3601,3788,204,0,3584,3779,125043,17,0,0,17,9
2020-10-29,US,New Mexico,San Miguel,182,0,0,35.48014807,-104.8163562,35047.0,667.2288008212048,0.0,182,175,0,0,175,171,27591,7,0,0,7,4
2020-10-29,US,New Mexico,Sandoval,2040,48,0,35.68862401,-106.86878030000001,35043.0,1390.1381960912586,2.3529411764705883,1992,2000,47,0,1953,1981,145179,40,1,0,39,19
2020-10-29,US,New Mexico,Santa Fe,1791,13,0,35.50708973,-105.9774716,35049.0,1191.1571050426314,0.7258514796203238,1778,1740,13,0,1727,1692,150056,51,0,0,51,48
2020-10-29,US,New Mexico,Sierra,116,1,0,33.13028233,-107.1925893,35051.0,1074.9698823093318,0.8620689655172413,115,110,1,0,109,109,10968,6,0,0,6,1
2020-10-29,US,New Mexico,Socorro,248,11,0,34.00715494,-106.9298354,35053.0,1490.653362986115,4.435483870967742,237,237,11,0,226,231,16735,11,0,0,11,6
2020-10-29,US,New Mexico,Taos,245,5,0,36.58006022,-105.63101979999999,35055.0,748.708859212175,2.0408163265306123,240,228,5,0,223,224,32835,17,0,0,17,4
2020-10-29,US,New Mexico,Torrance,100,1,0,34.64048375,-105.8508949,35057.0,646.7886941336268,1.0,99,99,1,0,98,99,15591,1,0,0,1,0
2020-10-29,US,New Mexico,Unassigned,1712,0,0,0.0,0.0,90035.0,0.0,0.0,1712,1707,0,0,1707,1705,,5,0,0,5,2
2020-10-29,US,New Mexico,Union,41,2,0,36.48126404,-103.4709624,35059.0,1010.1010101010099,4.878048780487805,39,40,2,0,38,39,4118,1,0,0,1,1
2020-10-29,US,New Mexico,Valencia,1002,5,0,34.71669834,-106.8103733,35061.0,1306.5929480492384,0.499001996007984,997,953,5,0,948,935,76456,49,0,0,49,18
2020-10-29,US,New York,Albany,3660,136,0,42.60060306,-73.97723916,36001.0,1198.0124776600132,3.7158469945355193,3524,3627,136,0,3491,3613,307117,33,0,0,33,14
2020-10-29,US,New York,Allegany,314,1,0,42.25748406,-78.02750466,36003.0,681.2609837061466,0.3184713375796178,313,308,1,0,307,289,46430,6,0,0,6,19
2020-10-29,US,New York,Bronx,55527,4991,0,40.85209301,-73.86282755,36005.0,3915.2958630157655,8.988420047904622,50536,55354,4988,0,50366,55213,1432132,173,3,0,170,141
2020-10-29,US,New York,Broome,3620,83,0,42.15903158,-75.81326086,36007.0,1900.3821763050687,2.2928176795580106,3537,3566,83,0,3483,3516,191659,54,0,0,54,50
2020-10-29,US,New York,Cattaraugus,517,6,0,42.24778241,-78.67923096,36009.0,679.2175203962322,1.1605415860735009,511,502,6,0,496,470,76840,15,0,0,15,32
2020-10-29,US,New York,Cayuga,405,2,0,42.91261714,-76.55731592,36011.0,528.8863351441705,0.4938271604938271,403,397,2,0,395,389,77145,8,0,0,8,8
2020-10-29,US,New York,Chautauqua,955,13,0,42.22769210000001,-79.36691763,36013.0,752.5432810887055,1.361256544502618,942,924,13,0,911,905,127939,31,0,0,31,19
2020-10-29,US,New York,Chemung,1777,3,0,42.13891056,-76.7638805,36015.0,2129.2657208588957,0.16882386043894204,1774,1743,3,0,1740,1710,84254,34,0,0,34,33
2020-10-29,US,New York,Chenango,408,7,0,42.49430041,-75.60887553,36017.0,864.2786027495923,1.7156862745098038,401,397,7,0,390,388,47536,11,0,0,11,9
2020-10-29,US,New York,Clinton,248,5,0,44.74530905,-73.67875352,36019.0,308.1319500528049,2.0161290322580645,243,246,5,0,241,244,80695,2,0,0,2,2
2020-10-29,US,New York,Columbia,721,38,0,42.24819348,-73.63089095,36021.0,1212.559492776778,5.270457697642164,683,710,38,0,672,699,59916,11,0,0,11,11
2020-10-29,US,New York,Cortland,553,0,0,42.59509207,-76.07048931,36023.0,1162.2286206679134,0.0,553,547,0,0,547,542,47823,6,0,0,6,5
2020-10-29,US,New York,Delaware,178,7,0,42.19837623,-74.96709306,36025.0,403.30803217401154,3.9325842696629216,171,177,7,0,170,173,44527,1,0,0,1,4
2020-10-29,US,New York,Dutchess,5508,163,0,41.76486060000001,-73.74356679,36027.0,1872.0812458789069,2.959331880900508,5345,5472,163,0,5309,5465,293718,36,0,0,36,7
2020-10-29,US,New York,Erie,13161,713,0,42.76249024,-78.73063652,36029.0,1432.56464011181,5.417521464934277,12448,13021,713,0,12308,12971,919719,140,0,0,140,50
2020-10-29,US,New York,Essex,199,0,0,44.11630765,-73.77297842,36031.0,539.5147078758303,0.0,199,198,0,0,198,197,37300,1,0,0,1,1
2020-10-29,US,New York,Franklin,80,0,0,44.59040891,-74.29926032,36033.0,159.92963096237656,0.0,80,80,0,0,80,80,50293,0,0,0,0,0
2020-10-29,US,New York,Fulton,363,24,0,43.11363907,-74.41798804,36035.0,679.9917576756645,6.6115702479338845,339,362,24,0,338,362,53591,1,0,0,1,0
2020-10-29,US,New York,Genesee,396,5,0,43.0022601,-78.19135193,36037.0,691.340782122905,1.2626262626262623,391,388,5,0,383,384,57511,8,0,0,8,4
2020-10-29,US,New York,Greene,507,18,0,42.275797,-74.12384884,36039.0,1074.425701449521,3.5502958579881656,489,505,18,0,487,501,47491,2,0,0,2,4
2020-10-29,US,New York,Hamilton,17,0,0,43.66146647,-74.49721957,36041.0,384.963768115942,0.0,17,17,0,0,17,16,4434,0,0,0,0,1
2020-10-29,US,New York,Herkimer,394,10,0,43.42034246,-74.96145307,36043.0,642.5414634941861,2.538071065989848,384,394,10,0,384,390,61833,0,0,0,0,4
2020-10-29,US,New York,Jefferson,211,0,0,44.04200959,-75.94653457,36045.0,192.10809039095363,0.0,211,207,0,0,207,206,111755,4,0,0,4,1
2020-10-29,US,New York,Kings,75517,7393,0,40.636182500000004,-73.94935552,36047.0,2949.994589638748,9.789848643351828,68124,75169,7390,0,67779,74903,2582830,348,3,0,345,266
2020-10-29,US,New York,Lewis,134,0,0,43.784415700000004,-75.44903992,36049.0,509.58320657134163,0.0,134,127,0,0,127,120,26447,7,0,0,7,7
2020-10-29,US,New York,Livingston,313,8,0,42.72596275,-77.77966158,36051.0,497.5045299933242,2.5559105431309903,305,305,8,0,297,303,63227,8,0,0,8,2
2020-10-29,US,New York,Madison,570,17,0,42.91653905,-75.67266639,36053.0,803.4845857825517,2.982456140350877,553,565,17,0,548,563,70795,5,0,0,5,2
2020-10-29,US,New York,Monroe,7386,300,0,43.14638895,-77.69322942,36055.0,995.7264381142404,4.061738424045491,7086,7312,300,0,7012,7256,742474,74,0,0,74,56
2020-10-29,US,New York,Montgomery,270,4,0,42.90123494,-74.44011632,36057.0,548.5463521667581,1.4814814814814814,266,268,4,0,264,266,49455,2,0,0,2,2
2020-10-29,US,New York,Nassau,49841,2208,0,40.74066522,-73.58941873,36059.0,3673.0870704623107,4.430087678818643,47633,49663,2208,0,47455,49496,1358343,178,0,0,178,167
2020-10-29,US,New York,New York,36224,3198,0,40.76727260000001,-73.97152637,36061.0,2224.0969211140623,8.828401060070671,33026,36076,3195,0,32881,35897,,148,3,0,145,179
2020-10-29,US,New York,Niagara,2088,101,0,43.19898042,-78.74777412,36063.0,997.7016547130412,4.8371647509578555,1987,2075,101,0,1974,2065,210433,13,0,0,13,10
2020-10-29,US,New York,Oneida,2769,128,0,43.24375382,-75.43710392,36065.0,1210.9099973324119,4.6226074395088474,2641,2746,128,0,2618,2709,229577,23,0,0,23,37
2020-10-29,US,New York,Onondaga,5498,207,0,43.00491923,-76.19971155,36067.0,1193.8470625021714,3.765005456529648,5291,5454,207,0,5247,5399,461809,44,0,0,44,55
2020-10-29,US,New York,Ontario,679,35,0,42.85145728,-77.30874425,36069.0,618.5266494803101,5.154639175257731,644,669,35,0,634,663,109864,10,0,0,10,6
2020-10-29,US,New York,Orange,13672,505,0,41.40337468,-74.30240757,36071.0,3551.7223463396886,3.6936805149210064,13167,13597,505,0,13092,13548,381951,75,0,0,75,49
2020-10-29,US,New York,Orleans,412,54,0,43.2516977,-78.2320066,36073.0,1021.0150674068201,13.106796116504855,358,406,54,0,352,401,40612,6,0,0,6,5
2020-10-29,US,New York,Oswego,631,4,0,43.42778894,-76.14635194,36075.0,538.7452614323281,0.6339144215530903,627,627,4,0,623,623,117898,4,0,0,4,4
2020-10-29,US,New York,Otsego,404,5,0,42.63492579,-75.03151402,36077.0,679.0714874018793,1.2376237623762376,399,400,5,0,395,398,59749,4,0,0,4,2
2020-10-29,US,New York,Putnam,1825,63,0,41.42630093,-73.74965532,36079.0,1856.183889340928,3.4520547945205484,1762,1812,63,0,1749,1805,98892,13,0,0,13,7
2020-10-29,US,New York,Queens,76980,7294,0,40.71088124,-73.81684712,36081.0,3415.4769288925922,9.475188360613148,69686,76696,7293,0,69403,76523,2278906,284,1,0,283,173
2020-10-29,US,New York,Rensselaer,1110,42,0,42.71348136,-73.51089874,36083.0,699.3711959877513,3.783783783783784,1068,1099,42,0,1057,1094,159442,11,0,0,11,5
2020-10-29,US,New York,Richmond,17359,1096,0,40.58582155,-74.14808598,36085.0,3645.753481622117,6.313727749294313,16263,17252,1095,0,16157,17174,476179,107,1,0,106,78
2020-10-29,US,New York,Rockland,18024,683,0,41.15027894,-74.02560498,36087.0,5532.415152138347,3.789391921881936,17341,17943,683,0,17260,17832,325695,81,0,0,81,111
2020-10-29,US,New York,Saratoga,1365,17,0,43.10904162,-73.86653895,36091.0,593.8319781783063,1.2454212454212454,1348,1345,17,0,1328,1334,230163,20,0,0,20,11
2020-10-29,US,New York,Schenectady,1579,50,0,42.81668777,-74.05278291,36093.0,1016.7483370787963,3.1665611146295123,1529,1570,50,0,1520,1564,155350,9,0,0,9,6
2020-10-29,US,New York,Schoharie,112,0,0,42.58831742,-74.44339029999998,36095.0,361.3019774831446,0.0,112,111,0,0,111,110,31097,1,0,0,1,1
2020-10-29,US,New York,Schuyler,135,0,0,42.39184015,-76.8773299,36097.0,758.1288257426854,0.0,135,126,0,0,126,124,17912,9,0,0,9,2
2020-10-29,US,New York,Seneca,147,3,0,42.78081007,-76.82497064,36099.0,432.14957666980246,2.0408163265306123,144,143,3,0,140,142,34300,4,0,0,4,1
2020-10-29,US,New York,St. Lawrence,405,4,0,44.4976179,-75.06550039,36089.0,375.9049563764617,0.9876543209876544,401,399,4,0,395,396,108047,6,0,0,6,3
2020-10-29,US,New York,Steuben,1025,57,0,42.2689144,-77.3829924,36101.0,1074.6600404701244,5.560975609756096,968,1005,57,0,948,984,95796,20,0,0,20,21
2020-10-29,US,New York,Suffolk,49198,2019,0,40.88320119,-72.8012172,36103.0,3331.841167654634,4.103825358754421,47179,48998,2019,0,46979,48829,1481093,200,0,0,200,169
2020-10-29,US,New York,Sullivan,1786,48,0,41.71579493,-74.76394559,36105.0,2367.695407784495,2.6875699888017923,1738,1779,48,0,1731,1765,75498,7,0,0,7,14
2020-10-29,US,New York,Tioga,653,30,0,42.16852837,-76.30835812,36107.0,1354.6874675850052,4.59418070444104,623,629,30,0,599,610,48560,24,0,0,24,19
2020-10-29,US,New York,Tompkins,632,0,0,42.44945765,-76.47229843,36109.0,618.5163437071834,0.0,632,619,0,0,619,609,102793,13,0,0,13,10
2020-10-29,US,New York,Ulster,2531,95,0,41.89027881,-74.26252104,36111.0,1425.3293011888068,3.75345713156855,2436,2518,95,0,2423,2515,178599,13,0,0,13,3
2020-10-29,US,New York,Unassigned,0,17,0,0.0,0.0,90036.0,0.0,0.0,-17,0,19,0,-19,0,,0,-2,0,2,0
2020-10-29,US,New York,Warren,461,33,0,43.56173026,-73.8433699,36113.0,720.9433254097335,7.158351409978308,428,459,33,0,426,457,64265,2,0,0,2,2
2020-10-29,US,New York,Washington,338,14,0,43.31153794,-73.43043448,36115.0,552.2514868309262,4.142011834319527,324,336,14,0,322,335,61197,2,0,0,2,1
2020-10-29,US,New York,Wayne,512,5,0,43.15494365,-77.02976528,36117.0,569.407682555217,0.9765625,507,488,5,0,483,482,90064,24,0,0,24,6
2020-10-29,US,New York,Westchester,40554,1470,0,41.16278376,-73.75741653,36119.0,4191.601912546279,3.624796567539577,39084,40438,1470,0,38968,40322,967612,116,0,0,116,116
2020-10-29,US,New York,Wyoming,192,5,0,42.70145109,-78.22199579,36121.0,481.6979853985298,2.6041666666666665,187,188,5,0,183,186,40085,4,0,0,4,2
2020-10-29,US,New York,Yates,126,7,0,42.63505484,-77.10369919,36123.0,505.7600449564485,5.5555555555555545,119,123,7,0,116,121,24841,3,0,0,3,2
2020-10-29,US,North Carolina,Alamance,5254,79,0,36.0434701,-79.39976137,37001.0,3099.5404373809056,1.5036162923486869,5175,5181,79,0,5102,5147,166436,73,0,0,73,34
2020-10-29,US,North Carolina,Alexander,882,10,0,35.922379600000006,-81.17751948,37003.0,2352.1881750540038,1.1337868480725624,872,865,9,0,856,851,37353,17,1,0,16,14
2020-10-29,US,North Carolina,Alleghany,304,2,0,36.49360862,-81.12857041,37005.0,2729.6399389422645,0.6578947368421053,302,297,2,0,295,296,11161,7,0,0,7,1
2020-10-29,US,North Carolina,Anson,727,10,0,34.97403241,-80.09953279,37007.0,2973.9016608034035,1.375515818431912,717,728,10,0,718,723,24877,-1,0,0,-1,5
2020-10-29,US,North Carolina,Ashe,442,3,0,36.43296207,-81.49862729,37009.0,1624.8207918244311,0.6787330316742082,439,434,3,0,431,432,27109,8,0,0,8,2
2020-10-29,US,North Carolina,Avery,622,0,0,36.07569796,-81.92308483,37011.0,3542.7464828843194,0.0,622,618,0,0,618,619,17505,4,0,0,4,-1
2020-10-29,US,North Carolina,Beaufort,1388,42,0,35.48531943,-76.84325809,37013.0,2953.5685406647663,3.0259365994236314,1346,1371,42,0,1329,1362,47079,17,0,0,17,9
2020-10-29,US,North Carolina,Bertie,729,20,0,36.0688473,-76.96545943,37015.0,3847.5748139547163,2.7434842249657065,709,726,19,0,707,727,19026,3,1,0,2,-1
2020-10-29,US,North Carolina,Bladen,1090,19,0,34.61296243,-78.56180059,37017.0,3331.092231526191,1.743119266055046,1071,1088,19,0,1069,1080,33190,2,0,0,2,8
2020-10-29,US,North Carolina,Brunswick,2201,46,0,34.070565,-78.22814204,37019.0,1541.1006861784065,2.0899591094956844,2155,2186,46,0,2140,2168,136744,15,0,0,15,18
2020-10-29,US,North Carolina,Buncombe,4178,104,0,35.61113393,-82.53305,37021.0,1599.5956981672416,2.4892292963140257,4074,4116,103,0,4013,4088,259103,62,1,0,61,28
2020-10-29,US,North Carolina,Burke,2696,52,0,35.74989637,-81.70755735,37023.0,2979.4993645355585,1.9287833827893173,2644,2669,52,0,2617,2654,90382,27,0,0,27,15
2020-10-29,US,North Carolina,Cabarrus,4931,91,0,35.3877799,-80.55267168,37025.0,2278.09270372783,1.8454674508213345,4840,4894,91,0,4803,4850,211342,37,0,0,37,44
2020-10-29,US,North Carolina,Caldwell,2548,19,0,35.95204977,-81.54799522,37027.0,3100.586531675144,0.7456828885400314,2529,2487,19,0,2468,2476,82029,61,0,0,61,11
2020-10-29,US,North Carolina,Camden,137,3,0,36.33804939,-76.15568396,37029.0,1260.6975246158092,2.18978102189781,134,135,3,0,132,135,10710,2,0,0,2,0
2020-10-29,US,North Carolina,Carteret,1149,5,0,34.8932941,-76.54120135,37031.0,1653.8799245750147,0.4351610095735422,1144,1137,5,0,1132,1125,69524,12,0,0,12,12
2020-10-29,US,North Carolina,Caswell,624,5,0,36.39312665,-79.33353281,37033.0,2760.573349849584,0.8012820512820513,619,619,5,0,614,620,22698,5,0,0,5,-1
2020-10-29,US,North Carolina,Catawba,4507,62,0,35.66211129,-81.2132617,37035.0,2824.8021008956384,1.375637896605281,4445,4435,62,0,4373,4375,158652,72,0,0,72,60
2020-10-29,US,North Carolina,Chatham,1947,61,0,35.70394416,-79.25541492,37037.0,2614.4756277695715,3.133025166923472,1886,1930,61,0,1869,1925,73139,17,0,0,17,5
2020-10-29,US,North Carolina,Cherokee,776,15,0,35.1349263,-84.05970864,37039.0,2712.148748776737,1.9329896907216493,761,773,14,0,759,773,28383,3,1,0,2,0
2020-10-29,US,North Carolina,Chowan,532,11,0,36.12908077,-76.60118385,37041.0,3815.534676898801,2.0676691729323307,521,529,10,0,519,526,14029,3,1,0,2,3
2020-10-29,US,North Carolina,Clay,234,3,0,35.05704275,-83.74353633,37043.0,2083.518831804826,1.2820512820512822,231,221,3,0,218,222,11139,13,0,0,13,-1
2020-10-29,US,North Carolina,Cleveland,3204,86,0,35.33553364,-81.55204486,37045.0,3271.1568501332354,2.6841448189762795,3118,3157,86,0,3071,3132,97645,47,0,0,47,25
2020-10-29,US,North Carolina,Columbus,1714,62,0,34.26744084,-78.65801424,37047.0,3087.8431937738696,3.6172695449241536,1652,1704,62,0,1642,1673,55655,10,0,0,10,31
2020-10-29,US,North Carolina,Craven,2369,60,0,35.11833364,-77.08398081,37049.0,2319.388284592565,2.5327142254115658,2309,2329,60,0,2269,2314,102912,40,0,0,40,15
2020-10-29,US,North Carolina,Cumberland,7129,99,0,35.04762133,-78.82623165,37051.0,2124.8312265840855,1.3886940664889886,7030,7048,99,0,6949,6974,332330,81,0,0,81,74
2020-10-29,US,North Carolina,Currituck,224,4,0,36.36123664,-75.95876401,37053.0,806.8292331520369,1.7857142857142858,220,224,4,0,220,222,27072,0,0,0,0,2
2020-10-29,US,North Carolina,Dare,373,3,0,35.66520691,-75.71767334,37055.0,1007.8629522548572,0.8042895442359249,370,370,3,0,367,368,36501,3,0,0,3,2
2020-10-29,US,North Carolina,Davidson,3765,43,0,35.79115496,-80.21256572,37057.0,2246.2994230620075,1.1420982735723773,3722,3717,43,0,3674,3677,166614,48,0,0,48,40
2020-10-29,US,North Carolina,Davie,771,8,0,35.93099927,-80.54496571,37059.0,1799.4678616440274,1.0376134889753568,763,763,8,0,755,753,42733,8,0,0,8,10
2020-10-29,US,North Carolina,Duplin,2812,54,0,34.93449805,-77.93140529,37061.0,4787.116324202857,1.9203413940256044,2758,2795,54,0,2741,2774,58856,17,0,0,17,21
2020-10-29,US,North Carolina,Durham,9101,101,0,36.03638492,-78.87608331,37063.0,2830.898820484746,1.1097681573453466,9000,9021,101,0,8920,8933,316739,80,0,0,80,88
2020-10-29,US,North Carolina,Edgecombe,2020,59,0,35.91230639,-77.59436892,37065.0,3924.4637861361516,2.9207920792079207,1961,1988,57,0,1931,1973,52005,32,2,0,30,15
2020-10-29,US,North Carolina,Forsyth,8937,120,0,36.12859861,-80.25459052,37067.0,2337.7234857897697,1.342732460557234,8817,8834,119,0,8715,8756,379099,103,1,0,102,78
2020-10-29,US,North Carolina,Franklin,1474,32,0,36.081519,-78.28708884,37069.0,2115.232833464878,2.170963364993216,1442,1467,32,0,1435,1449,67560,7,0,0,7,18
2020-10-29,US,North Carolina,Gaston,7479,121,0,35.29373559,-81.17477045,37071.0,3330.972836471013,1.6178633507153364,7358,7399,116,0,7283,7302,222846,80,5,0,75,97
2020-10-29,US,North Carolina,Gates,168,3,0,36.44667547,-76.69749701,37073.0,1453.0358069538145,1.7857142857142858,165,168,3,0,165,167,11573,0,0,0,0,1
2020-10-29,US,North Carolina,Graham,247,8,0,35.3506925,-83.83369267,37075.0,2926.1935789598388,3.238866396761133,239,247,8,0,239,246,8484,0,0,0,0,1
2020-10-29,US,North Carolina,Granville,2018,50,0,36.30337451,-78.65184241,37077.0,3338.682725873964,2.4777006937561943,1968,2002,50,0,1952,2031,60115,16,0,0,16,-29
2020-10-29,US,North Carolina,Greene,962,13,0,35.48544173,-77.67578087,37079.0,4565.949973895296,1.351351351351351,949,955,13,0,942,951,21012,7,0,0,7,4
2020-10-29,US,North Carolina,Guilford,11581,209,0,36.07959451,-79.78824948,37081.0,2155.91223700328,1.8046800794404632,11372,11376,208,0,11168,11278,533670,205,1,0,204,98
2020-10-29,US,North Carolina,Halifax,1434,27,0,36.25669272,-77.6556109,37083.0,2867.426514697061,1.8828451882845187,1407,1416,27,0,1389,1394,50574,18,0,0,18,22
2020-10-29,US,North Carolina,Harnett,2969,70,0,35.36731853,-78.87243571,37085.0,2183.473554156616,2.3576961940047148,2899,2940,69,0,2871,2901,134214,29,1,0,28,39
2020-10-29,US,North Carolina,Haywood,726,36,0,35.55269063,-82.98196486,37087.0,1165.0111526549738,4.958677685950414,690,714,36,0,678,710,61971,12,0,0,12,4
2020-10-29,US,North Carolina,Henderson,2523,67,0,35.33788927,-82.4766782,37089.0,2148.7518843097682,2.655568767340468,2456,2506,66,0,2440,2504,116748,17,1,0,16,2
2020-10-29,US,North Carolina,Hertford,854,34,0,36.3607755,-76.98104134,37091.0,3606.8758710985344,3.981264637002342,820,852,34,0,818,853,23659,2,0,0,2,-1
2020-10-29,US,North Carolina,Hoke,1554,25,0,35.01888303,-79.23651674,37093.0,2813.484447984937,1.6087516087516087,1529,1548,25,0,1523,1539,54764,6,0,0,6,9
2020-10-29,US,North Carolina,Hyde,175,5,0,35.42017674,-76.15180542,37095.0,3544.6627506582945,2.8571428571428568,170,174,5,0,169,175,5230,1,0,0,1,-1
2020-10-29,US,North Carolina,Iredell,3870,34,0,35.80950511,-80.8743128,37097.0,2128.6426190554766,0.8785529715762274,3836,3818,34,0,3784,3785,178435,52,0,0,52,33
2020-10-29,US,North Carolina,Jackson,1072,7,0,35.28814273,-83.14093385,37099.0,2439.801538531567,0.6529850746268657,1065,1056,7,0,1049,1036,43327,16,0,0,16,20
2020-10-29,US,North Carolina,Johnston,5709,64,0,35.51745004,-78.36622717,37101.0,2727.1554750906425,1.1210369591872482,5645,5638,62,0,5576,5566,202675,71,2,0,69,72
2020-10-29,US,North Carolina,Jones,201,15,0,35.02254606,-77.35870791,37103.0,2133.984499416074,7.462686567164179,186,200,15,0,185,199,9637,1,0,0,1,1
2020-10-29,US,North Carolina,Lee,2116,20,0,35.47623147,-79.17569362,37105.0,3425.112093106072,0.9451795841209829,2096,2101,20,0,2081,2079,61452,15,0,0,15,22
2020-10-29,US,North Carolina,Lenoir,1470,41,0,35.24032589999999,-77.64245615,37107.0,2627.3928041609324,2.7891156462585034,1429,1450,41,0,1409,1437,55976,20,0,0,20,13
2020-10-29,US,North Carolina,Lincoln,2426,16,0,35.48508185,-81.21740317,37109.0,2817.2939577986554,0.6595218466611706,2410,2395,16,0,2379,2361,83770,31,0,0,31,34
2020-10-29,US,North Carolina,Macon,764,7,0,35.14867843,-83.41696617,37113.0,2130.6263595292544,0.9162303664921466,757,755,7,0,748,752,35285,9,0,0,9,3
2020-10-29,US,North Carolina,Madison,247,1,0,35.85402722,-82.71346418,37115.0,1135.3711790393013,0.4048582995951417,246,246,1,0,245,244,21763,1,0,0,1,2
2020-10-29,US,North Carolina,Martin,647,17,0,35.84326734,-77.10860251,37117.0,2883.2442067736188,2.627511591962905,630,640,17,0,623,636,22671,7,0,0,7,4
2020-10-29,US,North Carolina,McDowell,1340,32,0,35.67736232,-82.0482425,37111.0,2928.5776728735027,2.388059701492537,1308,1322,32,0,1290,1313,45507,18,0,0,18,9
2020-10-29,US,North Carolina,Mecklenburg,33988,389,0,35.24469268,-80.8317671,37119.0,3061.000255773824,1.1445215958573614,33599,33779,387,0,33392,33552,1093901,209,2,0,207,227
2020-10-29,US,North Carolina,Mitchell,239,4,0,36.01059309,-82.1582442,37121.0,1597.1665330125634,1.6736401673640169,235,228,4,0,224,219,15000,11,0,0,11,9
2020-10-29,US,North Carolina,Montgomery,1195,38,0,35.33155144,-79.90416657,37123.0,4397.747764324881,3.179916317991632,1157,1190,38,0,1152,1184,27271,5,0,0,5,6
2020-10-29,US,North Carolina,Moore,2281,43,0,35.30885257,-79.48474178,37125.0,2261.102299762093,1.8851380973257343,2238,2266,43,0,2223,2251,98682,15,0,0,15,15
2020-10-29,US,North Carolina,Nash,3423,76,0,35.96575634,-77.98422508,37127.0,3629.981547858915,2.22027461291265,3347,3365,75,0,3290,3334,94016,58,1,0,57,31
2020-10-29,US,North Carolina,New Hanover,5305,37,0,34.25758282,-77.87075626,37129.0,2262.520631373335,0.6974552309142319,5268,5254,37,0,5217,5229,232274,51,0,0,51,25
2020-10-29,US,North Carolina,Northampton,566,19,0,36.41736238,-77.39769443,37131.0,2905.0967510137043,3.356890459363957,547,562,19,0,543,559,19676,4,0,0,4,3
2020-10-29,US,North Carolina,Onslow,3394,29,0,34.72607366,-77.42908179,37133.0,1714.6783336196186,0.854449027695934,3365,3329,29,0,3300,3268,197683,65,0,0,65,61
2020-10-29,US,North Carolina,Orange,3109,59,0,36.06092947,-79.12167935,37135.0,2093.941108327272,1.8977163074943717,3050,3088,58,0,3030,3079,146027,21,1,0,20,9
2020-10-29,US,North Carolina,Pamlico,323,3,0,35.15253315,-76.66559823,37137.0,2538.1109539525382,0.9287925696594428,320,318,2,0,316,315,12670,5,1,0,4,3
2020-10-29,US,North Carolina,Pasquotank,881,35,0,36.26723798,-76.25134778,37139.0,2212.2338288469264,3.9727582292849033,846,873,35,0,838,863,39639,8,0,0,8,10
2020-10-29,US,North Carolina,Pender,1407,14,0,34.52265624,-77.90352133,37141.0,2231.208372978116,0.9950248756218906,1393,1398,13,0,1385,1383,62162,9,1,0,8,15
2020-10-29,US,North Carolina,Perquimans,251,4,0,36.17847453,-76.40603143,37143.0,1864.369011364481,1.593625498007968,247,250,4,0,246,246,13422,1,0,0,1,4
2020-10-29,US,North Carolina,Person,677,10,0,36.38989032,-78.97217358,37145.0,1714.3580653329957,1.4771048744460855,667,662,10,0,652,661,39507,15,0,0,15,1
2020-10-29,US,North Carolina,Pitt,6196,39,0,35.59535426,-77.37353178,37147.0,3428.090869858693,0.6294383473208521,6157,6142,39,0,6103,6113,179914,54,0,0,54,29
2020-10-29,US,North Carolina,Polk,402,11,0,35.27820615,-82.16812354,37149.0,1939.7799652576725,2.736318407960199,391,397,11,0,386,396,20611,5,0,0,5,1
2020-10-29,US,North Carolina,Randolph,3831,64,0,35.71015088,-79.80570339,37151.0,2666.583140178329,1.670582093448186,3767,3765,63,0,3702,3730,143351,66,1,0,65,35
2020-10-29,US,North Carolina,Richmond,1439,30,0,35.00417719,-79.74491009,37153.0,3209.97568538223,2.0847810979847115,1409,1426,29,0,1397,1410,44887,13,1,0,12,16
2020-10-29,US,North Carolina,Robeson,6071,95,0,34.64244496,-79.10250529999998,37155.0,4647.655502392345,1.5648163399769397,5976,6026,95,0,5931,5977,131831,45,0,0,45,49
2020-10-29,US,North Carolina,Rockingham,2003,19,0,36.39593137,-79.77504841,37157.0,2200.857048675969,0.9485771342985522,1984,1967,19,0,1948,1956,90690,36,0,0,36,11
2020-10-29,US,North Carolina,Rowan,4144,119,0,35.64003916,-80.52446628,37159.0,2916.5024491864197,2.871621621621621,4025,4122,116,0,4006,4102,141262,22,3,0,19,20
2020-10-29,US,North Carolina,Rutherford,1763,57,0,35.40114178,-81.92112099,37161.0,2630.204836712468,3.233125354509359,1706,1751,55,0,1696,1742,66826,12,2,0,10,9
2020-10-29,US,North Carolina,Sampson,2802,31,0,34.98820368,-78.36914061,37163.0,4410.445294423195,1.1063526052819417,2771,2750,31,0,2719,2724,63626,52,0,0,52,26
2020-10-29,US,North Carolina,Scotland,1652,25,0,34.8386299,-79.4757978,37165.0,4743.991040404329,1.513317191283293,1627,1630,24,0,1606,1621,34810,22,1,0,21,9
2020-10-29,US,North Carolina,Stanly,2446,63,0,35.31647813,-80.25093221,37167.0,3894.5323695188363,2.5756336876533115,2383,2438,62,0,2376,2431,62075,8,1,0,7,7
2020-10-29,US,North Carolina,Stokes,692,10,0,36.4017975,-80.23893369,37169.0,1517.8434340110987,1.4450867052023122,682,685,10,0,675,673,45467,7,0,0,7,12
2020-10-29,US,North Carolina,Surry,1885,33,0,36.41689489,-80.69102283,37171.0,2625.9699371717543,1.7506631299734747,1852,1853,30,0,1823,1810,71948,32,3,0,29,43
2020-10-29,US,North Carolina,Swain,288,4,0,35.48665845,-83.48748932,37173.0,2018.078620979609,1.3888888888888888,284,284,4,0,280,276,14245,4,0,0,4,8
2020-10-29,US,North Carolina,Transylvania,424,9,0,35.20383864,-82.79638423,37175.0,1233.0958266686055,2.1226415094339623,415,420,9,0,411,409,34215,4,0,0,4,11
2020-10-29,US,North Carolina,Tyrrell,132,3,0,35.87147226,-76.17055253,37177.0,3286.8525896414344,2.272727272727273,129,132,3,0,129,131,4131,0,0,0,0,1
2020-10-29,US,North Carolina,Unassigned,1,0,0,0.0,0.0,90037.0,0.0,0.0,1,,,,,,,,,,,
2020-10-29,US,North Carolina,Union,5940,65,0,34.98960527,-80.52955873,37179.0,2476.454917263893,1.0942760942760943,5875,5913,65,0,5848,5883,235908,27,0,0,27,30
2020-10-29,US,North Carolina,Vance,1214,47,0,36.36880673,-78.40670845,37181.0,2725.945885258785,3.8714991762767714,1167,1206,47,0,1159,1196,44582,8,0,0,8,10
2020-10-29,US,North Carolina,Wake,21344,270,0,35.78879266,-78.65249174,37183.0,1919.8370872876453,1.264992503748126,21074,21145,270,0,20875,20953,1092305,199,0,0,199,192
2020-10-29,US,North Carolina,Warren,469,7,0,36.39728256,-78.10652228,37185.0,2376.970249860625,1.492537313432836,462,433,7,0,426,423,19807,36,0,0,36,10
2020-10-29,US,North Carolina,Washington,253,8,0,35.83810081,-76.57299037,37187.0,2184.8013816925736,3.1620553359683794,245,250,8,0,242,250,11859,3,0,0,3,0
2020-10-29,US,North Carolina,Watauga,1400,6,0,36.23103603,-81.70033724,37189.0,2492.123110881677,0.42857142857142855,1394,1393,6,0,1387,1392,55945,7,0,0,7,1
2020-10-29,US,North Carolina,Wayne,4642,81,0,35.36438125,-78.00027268,37191.0,3769.9685700595296,1.7449375269280485,4561,4589,80,0,4509,4525,123248,53,1,0,52,64
2020-10-29,US,North Carolina,Wilkes,1775,38,0,36.2084135,-81.16232895,37193.0,2594.574051336023,2.140845070422535,1737,1744,38,0,1706,1705,68557,31,0,0,31,39
2020-10-29,US,North Carolina,Wilson,3056,64,0,35.70625477,-77.917978,37195.0,3735.8956491974427,2.094240837696335,2992,2994,64,0,2930,2964,81455,62,0,0,62,30
2020-10-29,US,North Carolina,Yadkin,1047,9,0,36.16222629,-80.66239436,37197.0,2779.6214192794755,0.8595988538681948,1038,1028,9,0,1019,1003,37543,19,0,0,19,25
2020-10-29,US,North Carolina,Yancey,328,1,0,35.90079156,-82.31237181,37199.0,1815.2637113287951,0.3048780487804878,327,317,0,0,317,314,17903,11,1,0,10,3
2020-10-29,US,North Dakota,Adams,85,0,0,46.09686891,-102.5285397,38001.0,3835.740072202166,0.0,85,80,0,0,80,79,2294,5,0,0,5,1
2020-10-29,US,North Dakota,Barnes,386,1,0,46.93579637,-98.06605978,38003.0,3706.1929908785414,0.2590673575129533,385,362,1,0,361,357,10542,24,0,0,24,5
2020-10-29,US,North Dakota,Benson,517,10,0,48.0683985,-99.35916363,38005.0,7567.330210772834,1.9342359767891684,507,511,10,0,501,511,6962,6,0,0,6,0
2020-10-29,US,North Dakota,Billings,33,0,0,47.02366884,-103.3762965,38007.0,3556.0344827586205,0.0,33,33,0,0,33,33,919,0,0,0,0,0
2020-10-29,US,North Dakota,Bottineau,296,16,0,48.79106111,-100.8378166,38009.0,4711.875198981216,5.405405405405406,280,290,16,0,274,279,6411,6,0,0,6,11
2020-10-29,US,North Dakota,Bowman,135,2,0,46.11285362,-103.5203343,38011.0,4464.285714285715,1.4814814814814814,133,132,2,0,130,130,3076,3,0,0,3,2
2020-10-29,US,North Dakota,Burke,79,1,0,48.79094471,-102.51821170000001,38013.0,3735.224586288416,1.2658227848101269,78,71,1,0,70,66,2100,8,0,0,8,5
2020-10-29,US,North Dakota,Burleigh,6985,78,0,46.97847375,-100.46452140000001,38015.0,7304.498776483382,1.1166785969935575,6907,6817,78,0,6739,6670,95273,168,0,0,168,147
2020-10-29,US,North Dakota,Cass,9333,85,0,46.93201724,-97.24447190000001,38017.0,5130.192444056002,0.9107468123861566,9248,9056,84,0,8972,8925,181516,277,1,0,276,131
2020-10-29,US,North Dakota,Cavalier,79,1,0,48.77286211,-98.46685243,38019.0,2099.946836788942,1.2658227848101269,78,78,1,0,77,75,3829,1,0,0,1,3
2020-10-29,US,North Dakota,Dickey,292,2,0,46.11017712,-98.50490079999999,38021.0,5993.431855500821,0.6849315068493149,290,283,1,0,282,280,4903,9,1,0,8,3
2020-10-29,US,North Dakota,Divide,62,1,0,48.814938700000006,-103.48736109999999,38023.0,2738.5159010600705,1.6129032258064515,61,62,1,0,61,60,2283,0,0,0,0,2
2020-10-29,US,North Dakota,Dunn,208,5,0,47.35423935,-102.61604679999999,38025.0,4701.627486437613,2.4038461538461537,203,203,5,0,198,202,4332,5,0,0,5,1
2020-10-29,US,North Dakota,Eddy,202,3,0,47.71701474,-98.90432337,38027.0,8832.531700918233,1.4851485148514851,199,201,3,0,198,197,2313,1,0,0,1,4
2020-10-29,US,North Dakota,Emmons,285,9,0,46.28398398,-100.2389766,38029.0,8793.582227707499,3.1578947368421053,276,281,8,0,273,279,3295,4,1,0,3,2
2020-10-29,US,North Dakota,Foster,193,2,0,47.457108399999996,-98.88279923,38031.0,6012.461059190031,1.0362694300518134,191,184,2,0,182,179,3216,9,0,0,9,5
2020-10-29,US,North Dakota,Golden Valley,115,0,0,46.94022281,-103.8465421,38033.0,6530.38046564452,0.0,115,114,0,0,114,115,1769,1,0,0,1,-1
2020-10-29,US,North Dakota,Grand Forks,4118,20,0,47.92093639,-97.45450447,38035.0,5929.360268390664,0.4856726566294318,4098,4020,20,0,4000,3991,70770,98,0,0,98,29
2020-10-29,US,North Dakota,Grant,76,3,0,46.35821257,-101.63900129999999,38037.0,3342.1284080914693,3.947368421052632,73,71,3,0,68,70,2374,5,0,0,5,1
2020-10-29,US,North Dakota,Griggs,92,1,0,47.45785838,-98.23850925,38039.0,4123.711340206186,1.0869565217391304,91,88,1,0,87,88,2232,4,0,0,4,0
2020-10-29,US,North Dakota,Hettinger,133,2,0,46.43375068,-102.4632417,38041.0,5322.128851540616,1.5037593984962403,131,131,2,0,129,130,2514,2,0,0,2,1
2020-10-29,US,North Dakota,Kidder,102,2,0,46.97830064,-99.77507857,38043.0,4112.903225806452,1.96078431372549,100,100,2,0,98,100,2450,2,0,0,2,0
2020-10-29,US,North Dakota,LaMoure,207,8,0,46.45681054,-98.53542355,38045.0,5116.164112703905,3.864734299516908,199,204,8,0,196,202,4062,3,0,0,3,2
2020-10-29,US,North Dakota,Logan,128,2,0,46.45729487,-99.47719806,38047.0,6918.918918918918,1.5625,126,128,1,0,127,126,1903,0,1,0,-1,2
2020-10-29,US,North Dakota,McHenry,202,13,0,48.23104458,-100.6324822,38049.0,3516.100957354221,6.435643564356437,189,192,13,0,179,186,5816,10,0,0,10,6
2020-10-29,US,North Dakota,McIntosh,170,5,0,46.11182017,-99.44145858,38051.0,6808.1698037645165,2.9411764705882355,165,169,5,0,164,169,2585,1,0,0,1,0
2020-10-29,US,North Dakota,McKenzie,555,4,0,47.74133370000001,-103.395905,38053.0,3694.0894568690096,0.7207207207207207,551,545,4,0,541,521,13632,10,0,0,10,24
2020-10-29,US,North Dakota,McLean,610,10,0,47.60766714,-101.3182418,38055.0,6455.026455026455,1.639344262295082,600,586,9,0,577,578,9541,24,1,0,23,8
2020-10-29,US,North Dakota,Mercer,502,3,0,47.31213126,-101.8318399,38057.0,6131.672163185538,0.5976095617529881,499,482,3,0,479,478,8267,20,0,0,20,4
2020-10-29,US,North Dakota,Morton,2353,50,0,46.71681782,-101.2822377,38059.0,7502.231858181352,2.124946876328092,2303,2293,50,0,2243,2254,31095,60,0,0,60,39
2020-10-29,US,North Dakota,Mountrail,533,8,0,48.20197971,-102.3555315,38061.0,5054.528212422949,1.50093808630394,525,527,8,0,519,510,10218,6,0,0,6,17
2020-10-29,US,North Dakota,Nelson,165,3,0,47.9226426,-98.19038437,38063.0,5731.156651615144,1.818181818181818,162,163,3,0,160,163,2869,2,0,0,2,0
2020-10-29,US,North Dakota,Oliver,84,2,0,47.11530482,-101.3406158,38065.0,4287.901990811639,2.380952380952381,82,81,1,0,80,81,1952,3,1,0,2,0
2020-10-29,US,North Dakota,Pembina,221,0,0,48.76623521,-97.5523809,38067.0,3249.522129098662,0.0,221,212,0,0,212,207,6947,9,0,0,9,5
2020-10-29,US,North Dakota,Pierce,107,1,0,48.24977025,-99.96407787,38069.0,2691.823899371069,0.9345794392523364,106,106,1,0,105,101,4081,1,0,0,1,5
2020-10-29,US,North Dakota,Ramsey,539,4,0,48.26886249,-98.72223879,38071.0,4679.225627224586,0.7421150278293135,535,519,4,0,515,513,11481,20,0,0,20,6
2020-10-29,US,North Dakota,Ransom,210,3,0,46.45621782,-97.65742504,38073.0,4024.530471444998,1.4285714285714286,207,190,2,0,188,185,5237,20,1,0,19,5
2020-10-29,US,North Dakota,Renville,112,2,0,48.71982533,-101.6603912,38075.0,4813.0640309411265,1.7857142857142858,110,108,2,0,106,108,2374,4,0,0,4,0
2020-10-29,US,North Dakota,Richland,499,3,0,46.26440649,-96.94852979,38077.0,3084.626321320393,0.6012024048096193,496,476,3,0,473,469,16239,23,0,0,23,7
2020-10-29,US,North Dakota,Rolette,407,8,0,48.77245354,-99.84097493,38079.0,2871.0496613995483,1.9656019656019657,399,383,8,0,375,362,14301,24,0,0,24,21
2020-10-29,US,North Dakota,Sargent,132,2,0,46.10830372,-97.63217159,38081.0,3386.3519753719856,1.5151515151515151,130,127,2,0,125,126,3870,5,0,0,5,1
2020-10-29,US,North Dakota,Sheridan,55,1,0,47.57700669,-100.3426391,38083.0,4182.509505703422,1.818181818181818,54,52,1,0,51,48,1349,3,0,0,3,4
2020-10-29,US,North Dakota,Sioux,258,5,0,46.11323337,-101.04401490000001,38085.0,6099.290780141844,1.937984496124031,253,250,5,0,245,249,4358,8,0,0,8,1
2020-10-29,US,North Dakota,Slope,15,0,0,46.44737738,-103.4601547,38087.0,2000.0,0.0,15,15,0,0,15,15,763,0,0,0,0,0
2020-10-29,US,North Dakota,Stark,2350,34,0,46.80851182,-102.65763259999999,38089.0,7462.923560608467,1.4468085106382982,2316,2342,34,0,2308,2328,30997,8,0,0,8,14
2020-10-29,US,North Dakota,Steele,56,0,0,47.45611548,-97.72728747,38091.0,2962.962962962963,0.0,56,47,0,0,47,47,1903,9,0,0,9,0
2020-10-29,US,North Dakota,Stutsman,946,7,0,46.97962541,-98.95637318,38093.0,4569.165378670788,0.7399577167019028,939,895,6,0,889,858,20917,51,1,0,50,37
2020-10-29,US,North Dakota,Towner,107,5,0,48.68565745,-99.24564265,38095.0,4888.0767473732285,4.672897196261682,102,101,5,0,96,98,2192,6,0,0,6,3
2020-10-29,US,North Dakota,Traill,290,3,0,47.45367788,-97.16323288,38097.0,3608.760577401693,1.0344827586206895,287,279,3,0,276,271,8037,11,0,0,11,8
2020-10-29,US,North Dakota,Walsh,529,2,0,48.36876964,-97.72574783,38099.0,4971.337280330796,0.3780718336483932,527,485,2,0,483,467,10667,44,0,0,44,18
2020-10-29,US,North Dakota,Ward,2979,51,0,48.22390169,-101.54367629999999,38101.0,4404.133587616978,1.7119838872104731,2928,2813,48,0,2765,2675,67744,166,3,0,163,138
2020-10-29,US,North Dakota,Wells,155,0,0,47.58614526,-99.65904998,38103.0,4042.775169535733,0.0,155,139,0,0,139,122,3957,16,0,0,16,17
2020-10-29,US,North Dakota,Williams,1848,16,0,48.34522353,-103.4793387,38105.0,4916.331905610684,0.8658008658008658,1832,1830,16,0,1814,1797,35350,18,0,0,18,33
2020-10-29,US,Ohio,Adams,254,6,0,38.84541072,-83.4718964,39001.0,917.0337208462704,2.3622047244094486,248,244,6,0,238,233,27724,10,0,0,10,11
2020-10-29,US,Ohio,Allen,2452,80,0,40.77285242,-84.10802343,39003.0,2395.677619173237,3.2626427406199023,2372,2367,80,0,2287,2317,102663,85,0,0,85,50
2020-10-29,US,Ohio,Ashland,473,9,0,40.84772277,-82.27280781,39005.0,884.3766360032907,1.9027484143763211,464,452,9,0,443,441,53745,21,0,0,21,11
2020-10-29,US,Ohio,Ashtabula,806,48,0,41.70860332,-80.74830218,39007.0,828.8684814018777,5.955334987593052,758,790,48,0,742,779,97493,16,0,0,16,11
2020-10-29,US,Ohio,Athens,1346,2,0,39.33425634,-82.04278644,39009.0,2060.403814655502,0.1485884101040119,1344,1331,2,0,1329,1311,65818,15,0,0,15,20
2020-10-29,US,Ohio,Auglaize,1198,19,0,40.55998859,-84.22421429999999,39011.0,2623.9705624671456,1.5859766277128549,1179,1147,19,0,1128,1127,45804,51,0,0,51,20
2020-10-29,US,Ohio,Belmont,837,27,0,40.01625942,-80.9924051,39013.0,1249.1418678924276,3.2258064516129035,810,819,27,0,792,815,67505,18,0,0,18,4
2020-10-29,US,Ohio,Brown,458,3,0,38.93416837,-83.86788395,39015.0,1054.522011420151,0.6550218340611353,455,434,3,0,431,422,43602,24,0,0,24,12
2020-10-29,US,Ohio,Butler,9082,133,0,39.44012838,-84.57388716,39017.0,2370.4500253175133,1.4644351464435146,8949,8981,132,0,8849,8821,382378,101,1,0,100,160
2020-10-29,US,Ohio,Carroll,242,7,0,40.578968599999996,-81.09178213,39019.0,899.1602883257782,2.8925619834710745,235,229,7,0,222,224,27081,13,0,0,13,5
2020-10-29,US,Ohio,Champaign,452,3,0,40.13923427,-83.76875242,39021.0,1162.4019544811626,0.6637168141592921,449,440,3,0,437,432,38754,12,0,0,12,8
2020-10-29,US,Ohio,Clark,2766,57,0,39.91592258,-83.78498252,39023.0,2062.901337231416,2.0607375271149677,2709,2705,57,0,2648,2668,134585,61,0,0,61,37
2020-10-29,US,Ohio,Clermont,2772,39,0,39.04847534,-84.15375786,39025.0,1342.841087449377,1.406926406926407,2733,2732,39,0,2693,2670,205466,40,0,0,40,62
2020-10-29,US,Ohio,Clinton,539,13,0,39.41485808,-83.80852286,39027.0,1284.3118566526878,2.411873840445269,526,524,13,0,511,509,42057,15,0,0,15,15
2020-10-29,US,Ohio,Columbiana,2227,88,0,40.76932373,-80.78094576,39029.0,2185.8406211046004,3.951504265828469,2139,2204,88,0,2116,2190,102665,23,0,0,23,14
2020-10-29,US,Ohio,Coshocton,386,12,0,40.30096166,-81.91729018,39031.0,1054.6448087431695,3.1088082901554404,374,363,12,0,351,357,36629,23,0,0,23,6
2020-10-29,US,Ohio,Crawford,581,8,0,40.85065156,-82.91989099,39033.0,1400.2024389068301,1.3769363166953528,573,548,8,0,540,540,41550,33,0,0,33,8
2020-10-29,US,Ohio,Cuyahoga,21002,686,0,41.424119,-81.65918339,39035.0,1700.4676650430097,3.266355585182364,20316,20741,686,0,20055,20582,1243857,261,0,0,261,159
2020-10-29,US,Ohio,Darke,1264,51,0,40.13412966,-84.6194517,39037.0,2472.952086553323,4.034810126582278,1213,1231,51,0,1180,1202,51323,33,0,0,33,29
2020-10-29,US,Ohio,Defiance,549,13,0,41.32398837,-84.49076944,39039.0,1441.4367106886866,2.3679417122040074,536,529,13,0,516,514,38165,20,0,0,20,15
2020-10-29,US,Ohio,Delaware,3107,28,0,40.27942393,-83.00457058,39041.0,1485.344947102215,0.9011908593498552,3079,3078,28,0,3050,3028,204826,29,0,0,29,50
2020-10-29,US,Ohio,Erie,1240,54,0,41.36796058,-82.62904521,39043.0,1669.6738749899012,4.354838709677419,1186,1202,54,0,1148,1196,74615,38,0,0,38,6
2020-10-29,US,Ohio,Fairfield,2925,58,0,39.75107189,-82.63088163,39045.0,1856.2707045578586,1.982905982905983,2867,2904,57,0,2847,2873,155782,21,1,0,20,31
2020-10-29,US,Ohio,Fayette,485,10,0,39.56021306,-83.4562016,39047.0,1700.2629272567926,2.061855670103093,475,476,10,0,466,468,28666,9,0,0,9,8
2020-10-29,US,Ohio,Franklin,33397,643,0,39.96995815,-83.01115755,39049.0,2536.3089289131776,1.9253226337695,32754,33084,643,0,32441,32767,1310300,313,0,0,313,317
2020-10-29,US,Ohio,Fulton,611,16,0,41.60213491,-84.12571393,39051.0,1450.4106727436738,2.6186579378068737,595,597,15,0,582,583,42276,14,1,0,13,14
2020-10-29,US,Ohio,Gallia,321,13,0,38.82708533,-82.31647569,39053.0,1073.6504113987558,4.0498442367601255,308,316,13,0,303,310,29979,5,0,0,5,6
2020-10-29,US,Ohio,Geauga,943,50,0,41.49952319,-81.17935342,39055.0,1006.9514890708923,5.302226935312832,893,925,50,0,875,913,94031,18,0,0,18,12
2020-10-29,US,Ohio,Greene,2654,42,0,39.69116283,-83.89032084,39057.0,1570.9998401771074,1.5825169555388094,2612,2589,42,0,2547,2535,167995,65,0,0,65,54
2020-10-29,US,Ohio,Guernsey,420,8,0,40.05026529,-81.49248905,39059.0,1080.3858520900321,1.9047619047619049,412,383,8,0,375,367,39022,37,0,0,37,16
2020-10-29,US,Ohio,Hamilton,18112,346,0,39.19673558,-84.54502924,39061.0,2215.608344251125,1.9103356890459364,17766,17917,346,0,17571,17719,816684,195,0,0,195,198
2020-10-29,US,Ohio,Hancock,1217,29,0,41.00250487,-83.66838948,39063.0,1605.9010596043968,2.38290879211175,1188,1181,29,0,1152,1159,75930,36,0,0,36,22
2020-10-29,US,Ohio,Hardin,392,14,0,40.66015414,-83.65929931,39065.0,1249.800733301451,3.571428571428572,378,379,14,0,365,374,31480,13,0,0,13,5
2020-10-29,US,Ohio,Harrison,90,3,0,40.29380509,-81.09068544,39067.0,598.4042553191489,3.333333333333333,87,89,3,0,86,87,15174,1,0,0,1,2
2020-10-29,US,Ohio,Henry,553,17,0,41.333964200000004,-84.06830637,39069.0,2047.6931052358727,3.0741410488245933,536,538,17,0,521,535,27086,15,0,0,15,3
2020-10-29,US,Ohio,Highland,542,6,0,39.1839264,-83.60331456,39071.0,1255.7633048353841,1.1070110701107012,536,501,6,0,495,491,43058,41,0,0,41,10
2020-10-29,US,Ohio,Hocking,230,9,0,39.49537927,-82.47991446,39073.0,813.7560147183698,3.9130434782608696,221,221,9,0,212,215,28385,9,0,0,9,6
2020-10-29,US,Ohio,Holmes,838,14,0,40.56163713,-81.92635677,39075.0,1906.2784349408555,1.6706443914081146,824,796,14,0,782,772,43892,42,0,0,42,24
2020-10-29,US,Ohio,Huron,752,15,0,41.14651175,-82.59867951,39077.0,1290.6326159338207,1.9946808510638296,737,741,15,0,726,737,58504,11,0,0,11,4
2020-10-29,US,Ohio,Jackson,519,8,0,39.01914254,-82.61818559999998,39079.0,1601.2093912936166,1.5414258188824663,511,510,8,0,502,502,32384,9,0,0,9,8
2020-10-29,US,Ohio,Jefferson,518,4,0,40.38614126,-80.76259514,39081.0,792.9582854955991,0.7722007722007722,514,509,4,0,505,502,65767,9,0,0,9,7
2020-10-29,US,Ohio,Knox,463,16,0,40.39830217,-82.42027563,39083.0,742.9158242675139,3.4557235421166306,447,446,16,0,430,439,61893,17,0,0,17,7
2020-10-29,US,Ohio,Lake,2221,60,0,41.69710807,-81.23676539,39085.0,965.027004245076,2.70148581719946,2161,2135,60,0,2075,2089,230514,86,0,0,86,46
2020-10-29,US,Ohio,Lawrence,1039,26,0,38.59743452,-82.53466552,39087.0,1747.3050468358474,2.5024061597690093,1013,1016,26,0,990,997,59866,23,0,0,23,19
2020-10-29,US,Ohio,Licking,2905,67,0,40.09136236,-82.48185785,39089.0,1642.523549434022,2.306368330464716,2838,2851,67,0,2784,2816,175769,54,0,0,54,35
2020-10-29,US,Ohio,Logan,491,3,0,40.38996525,-83.76784341,39091.0,1075.0569276580836,0.6109979633401222,488,483,3,0,480,470,45358,8,0,0,8,13
2020-10-29,US,Ohio,Lorain,2998,90,0,41.29553751,-82.15083537,39093.0,967.6180393954164,3.002001334222815,2908,2927,90,0,2837,2897,309461,71,0,0,71,30
2020-10-29,US,Ohio,Lucas,8789,378,0,41.62101218,-83.65468618,39095.0,2051.8363573543006,4.30083058368415,8411,8703,376,0,8327,8647,429899,86,2,0,84,56
2020-10-29,US,Ohio,Madison,1103,16,0,39.89381073,-83.40178317,39097.0,2465.8514229505263,1.4505893019038985,1087,1091,16,0,1075,1086,44413,12,0,0,12,5
2020-10-29,US,Ohio,Mahoning,3960,287,0,41.01631101,-80.77287029,39099.0,1731.6547360319744,7.2474747474747465,3673,3910,287,0,3623,3889,229642,50,0,0,50,21
2020-10-29,US,Ohio,Marion,3529,50,0,40.58610662,-83.15736305,39101.0,5421.473891201819,1.4168319637291018,3479,3505,50,0,3455,3487,65256,24,0,0,24,18
2020-10-29,US,Ohio,Medina,2086,43,0,41.11770589,-81.89986209999998,39103.0,1160.5265207570685,2.061361457334612,2043,2036,43,0,1993,2006,179146,50,0,0,50,30
2020-10-29,US,Ohio,Meigs,228,12,0,39.09224872,-82.0305041,39105.0,995.3289387523463,5.2631578947368425,216,220,12,0,208,219,23106,8,0,0,8,1
2020-10-29,US,Ohio,Mercer,1679,30,0,40.54043046,-84.62912742,39107.0,4078.0141843971633,1.786777843954735,1649,1649,30,0,1619,1616,40959,30,0,0,30,33
2020-10-29,US,Ohio,Miami,2239,59,0,40.0543329,-84.22871271,39109.0,2092.77762718835,2.635104957570344,2180,2196,58,0,2138,2152,106222,43,1,0,42,44
2020-10-29,US,Ohio,Monroe,190,18,0,39.72984936,-81.08464734,39111.0,1391.5336165226306,9.473684210526317,172,186,18,0,168,183,13790,4,0,0,4,3
2020-10-29,US,Ohio,Montgomery,11494,190,0,39.75394919,-84.29050975,39113.0,2161.7982008211598,1.6530363668000696,11304,11281,190,0,11091,11103,532331,213,0,0,213,178
2020-10-29,US,Ohio,Morgan,97,0,0,39.62081738,-81.85308173,39115.0,668.5966363385718,0.0,97,92,0,0,92,86,14604,5,0,0,5,6
2020-10-29,US,Ohio,Morrow,434,2,0,40.52363560000001,-82.7892599,39117.0,1228.4873188405795,0.4608294930875576,432,415,2,0,413,408,35112,19,0,0,19,7
2020-10-29,US,Ohio,Muskingum,1019,4,0,39.96575964,-81.94363275,39119.0,1181.9288986835238,0.3925417075564279,1015,994,4,0,990,971,86183,25,0,0,25,23
2020-10-29,US,Ohio,Noble,185,0,0,39.76818851,-81.45937183,39121.0,1282.5845812534665,0.0,185,182,0,0,182,172,14354,3,0,0,3,10
2020-10-29,US,Ohio,Ottawa,634,30,0,41.53781826,-83.0940185,39123.0,1564.466378778532,4.731861198738169,604,617,30,0,587,614,40769,17,0,0,17,3
2020-10-29,US,Ohio,Paulding,267,2,0,41.11676341,-84.5801017,39125.0,1429.948586118252,0.7490636704119851,265,251,2,0,249,249,18760,16,0,0,16,2
2020-10-29,US,Ohio,Perry,399,11,0,39.73508655,-82.23804971,39127.0,1104.2231693142194,2.7568922305764407,388,395,11,0,384,393,36033,4,0,0,4,2
2020-10-29,US,Ohio,Pickaway,3163,46,0,39.64170392,-83.0243386,39129.0,5410.814786937407,1.4543155232374327,3117,3131,46,0,3085,3109,58086,32,0,0,32,22
2020-10-29,US,Ohio,Pike,358,0,0,39.07634001,-83.06769584,39131.0,1289.0681261702434,0.0,358,344,0,0,344,341,28067,14,0,0,14,3
2020-10-29,US,Ohio,Portage,1828,68,0,41.16793482,-81.19735782,39133.0,1125.1584947004296,3.7199124726477013,1760,1780,68,0,1712,1747,162927,48,0,0,48,33
2020-10-29,US,Ohio,Preble,721,18,0,39.7420247,-84.64787018,39135.0,1763.6123477324984,2.4965325936199716,703,707,18,0,689,691,40997,14,0,0,14,16
2020-10-29,US,Ohio,Putnam,1238,28,0,41.02094889,-84.1336111,39137.0,3656.1235639821625,2.261712439418417,1210,1189,28,0,1161,1156,33780,49,0,0,49,33
2020-10-29,US,Ohio,Richland,1549,26,0,40.77180308,-82.53799609999999,39139.0,1278.5380589992901,1.6785022595222725,1523,1494,25,0,1469,1454,121099,55,1,0,54,40
2020-10-29,US,Ohio,Ross,1577,42,0,39.33705391,-83.06000914,39141.0,2056.9744084731174,2.663284717818643,1535,1534,42,0,1492,1509,76931,43,0,0,43,25
2020-10-29,US,Ohio,Sandusky,781,22,0,41.35624126,-83.137872,39143.0,1334.6320790184218,2.8169014084507036,759,758,22,0,736,747,58799,23,0,0,23,11
2020-10-29,US,Ohio,Scioto,994,9,0,38.80270163,-82.98907345,39145.0,1319.8077382691133,0.9054325955734408,985,961,9,0,952,949,75502,33,0,0,33,12
2020-10-29,US,Ohio,Seneca,671,14,0,41.12351311,-83.12783209,39147.0,1216.0643734821851,2.0864381520119224,657,652,14,0,638,643,55207,19,0,0,19,9
2020-10-29,US,Ohio,Shelby,1018,14,0,40.33163494,-84.20258189,39149.0,2095.0812924470056,1.3752455795677798,1004,999,14,0,985,975,48627,19,0,0,19,24
2020-10-29,US,Ohio,Stark,4267,185,0,40.81482476,-81.36437305,39151.0,1151.3575063544572,4.335598781345207,4082,4162,185,0,3977,4125,371574,105,0,0,105,37
2020-10-29,US,Ohio,Summit,7316,272,0,41.12464734,-81.53123079,39153.0,1352.2780413779335,3.7178786221979214,7044,7195,270,0,6925,7109,541918,121,2,0,119,86
2020-10-29,US,Ohio,Trumbull,2451,136,0,41.31735028,-80.76109643,39155.0,1238.041358966329,5.54875560995512,2315,2414,134,0,2280,2404,198627,37,2,0,35,10
2020-10-29,US,Ohio,Tuscarawas,1476,36,0,40.44214695,-81.47226262,39157.0,1604.5745594486175,2.4390243902439024,1440,1440,29,0,1411,1419,92176,36,7,0,29,21
2020-10-29,US,Ohio,Union,827,3,0,40.30016061,-83.37239023,39159.0,1401.980063741778,0.36275695284159615,824,815,3,0,812,802,57835,12,0,0,12,13
2020-10-29,US,Ohio,Van Wert,324,5,0,40.8554138,-84.59111700000003,39161.0,1145.8885941644562,1.5432098765432098,319,307,5,0,302,300,28281,17,0,0,17,7
2020-10-29,US,Ohio,Vinton,122,3,0,39.25208988,-82.4831444,39163.0,932.3653037829577,2.459016393442623,119,120,3,0,117,114,13139,2,0,0,2,6
2020-10-29,US,Ohio,Warren,4711,66,0,39.42581994,-84.16557457,39165.0,2008.0817725339084,1.4009764381235406,4645,4612,66,0,4546,4541,232173,99,0,0,99,71
2020-10-29,US,Ohio,Washington,412,25,0,39.45690571,-81.49121382,39167.0,687.686735324064,6.067961165048544,387,394,24,0,370,391,60155,18,1,0,17,3
2020-10-29,US,Ohio,Wayne,1722,72,0,40.82925852,-81.88844833,39169.0,1488.2032667876588,4.181184668989547,1650,1649,72,0,1577,1609,115967,73,0,0,73,40
2020-10-29,US,Ohio,Williams,407,4,0,41.56052014,-84.58429552,39171.0,1109.2336204077183,0.9828009828009828,403,380,4,0,376,374,36804,27,0,0,27,6
2020-10-29,US,Ohio,Wood,2687,83,0,41.36224827,-83.62285108,39173.0,2054.0143865093987,3.0889467807964266,2604,2669,83,0,2586,2648,130696,18,0,0,18,21
2020-10-29,US,Ohio,Wyandot,316,13,0,40.84339621,-83.30734173,39175.0,1451.405474921918,4.113924050632911,303,313,13,0,300,307,21935,3,0,0,3,6
2020-10-29,US,Oklahoma,Adair,819,11,0,35.88494195,-94.65859267,40001.0,3690.186536901865,1.343101343101343,808,815,11,0,804,801,22082,4,0,0,4,14
2020-10-29,US,Oklahoma,Alfalfa,124,0,0,36.73090616,-98.32408495,40003.0,2174.6755524377413,0.0,124,122,0,0,122,122,5754,2,0,0,2,0
2020-10-29,US,Oklahoma,Atoka,457,1,0,34.37366573,-96.03802487,40005.0,3321.703736008141,0.2188183807439825,456,452,1,0,451,450,13838,5,0,0,5,2
2020-10-29,US,Oklahoma,Beaver,92,1,0,36.7496847,-100.4758872,40007.0,1732.253812841273,1.0869565217391304,91,92,1,0,91,89,5319,0,0,0,0,3
2020-10-29,US,Oklahoma,Beckham,915,11,0,35.26862449,-99.68128023,40009.0,4185.9188434969565,1.2021857923497268,904,912,11,0,901,911,21709,3,0,0,3,1
2020-10-29,US,Oklahoma,Blaine,216,1,0,35.87518314,-98.43307003,40011.0,2290.804963410754,0.462962962962963,215,215,1,0,214,215,9485,1,0,0,1,0
2020-10-29,US,Oklahoma,Bryan,1584,13,0,33.96472458,-96.25903472,40013.0,3300.343785811022,0.8207070707070707,1571,1574,13,0,1561,1556,47192,10,0,0,10,18
2020-10-29,US,Oklahoma,Caddo,1156,26,0,35.17364557,-98.37534464,40015.0,4019.1919894304992,2.2491349480968856,1130,1155,26,0,1129,1146,28977,1,0,0,1,9
2020-10-29,US,Oklahoma,Canadian,4070,23,0,35.5426055,-97.98465569,40017.0,2744.3259207314604,0.5651105651105651,4047,4009,23,0,3986,3987,144447,61,0,0,61,22
2020-10-29,US,Oklahoma,Carter,894,10,0,34.25103751,-97.28552485,40019.0,1858.202905780383,1.1185682326621924,884,865,10,0,855,858,48177,29,0,0,29,7
2020-10-29,US,Oklahoma,Cherokee,1398,8,0,35.90692775,-94.99980896,40021.0,2873.1734385597138,0.5722460658082976,1390,1395,8,0,1387,1388,48675,3,0,0,3,7
2020-10-29,US,Oklahoma,Choctaw,457,2,0,34.02807439,-95.54771129,40023.0,3114.7764449291167,0.43763676148796504,455,457,2,0,455,450,14668,0,0,0,0,7
2020-10-29,US,Oklahoma,Cimarron,39,0,0,36.74817177,-102.5173885,40025.0,1824.9883013570425,0.0,39,39,0,0,39,39,2153,0,0,0,0,0
2020-10-29,US,Oklahoma,Cleveland,8485,100,0,35.20413532,-97.32519562,40027.0,2987.5287837923493,1.1785503830288744,8385,8400,99,0,8301,8369,281669,85,1,0,84,31
2020-10-29,US,Oklahoma,Coal,102,0,0,34.58840127,-96.29798747,40029.0,1856.2329390354867,0.0,102,100,0,0,100,100,5520,2,0,0,2,0
2020-10-29,US,Oklahoma,Comanche,2468,17,0,34.65973764,-98.47195055,40031.0,2043.909266329328,0.6888168557536467,2451,2437,17,0,2420,2417,120422,31,0,0,31,20
2020-10-29,US,Oklahoma,Cotton,103,3,0,34.28845626,-98.37053567,40033.0,1817.860924814684,2.9126213592233015,100,102,3,0,99,100,5776,1,0,0,1,2
2020-10-29,US,Oklahoma,Craig,632,2,0,36.76268118,-95.20916602,40035.0,4468.957714608966,0.3164556962025317,630,629,2,0,627,625,14306,3,0,0,3,4
2020-10-29,US,Oklahoma,Creek,1609,39,0,35.90230551,-96.37086028,40037.0,2249.65744805794,2.4238657551274083,1570,1597,37,0,1560,1582,71604,12,2,0,10,15
2020-10-29,US,Oklahoma,Custer,1109,6,0,35.63853802,-99.00170785,40039.0,3823.742371478813,0.5410279531109107,1103,1104,6,0,1098,1092,29036,5,0,0,5,12
2020-10-29,US,Oklahoma,Delaware,1267,28,0,36.40823634,-94.80325046,40041.0,2945.8950452230933,2.209944751381216,1239,1260,28,0,1232,1250,42733,7,0,0,7,10
2020-10-29,US,Oklahoma,Dewey,94,1,0,35.98772922,-99.00730714,40043.0,1921.8973625025562,1.0638297872340423,93,93,1,0,92,93,4894,1,0,0,1,0
2020-10-29,US,Oklahoma,Ellis,24,0,0,36.218019399999996,-99.75324573,40045.0,621.9227779217414,0.0,24,24,0,0,24,22,3952,0,0,0,0,2
2020-10-29,US,Oklahoma,Garfield,2475,28,0,36.3791334,-97.78265517,40047.0,4053.6556603773583,1.1313131313131313,2447,2455,28,0,2427,2443,60913,20,0,0,20,12
2020-10-29,US,Oklahoma,Garvin,699,6,0,34.70418038,-97.30811132,40049.0,2522.4640034643285,0.8583690987124464,693,689,6,0,683,679,27811,10,0,0,10,10
2020-10-29,US,Oklahoma,Grady,1641,16,0,35.0167709,-97.88339847,40051.0,2939.0693842461583,0.9750152346130408,1625,1631,16,0,1615,1624,55551,10,0,0,10,7
2020-10-29,US,Oklahoma,Grant,109,1,0,36.796296999999996,-97.78638765,40053.0,2515.5781213939536,0.9174311926605504,108,105,1,0,104,101,4326,4,0,0,4,4
2020-10-29,US,Oklahoma,Greer,152,8,0,34.93535801,-99.56056120000001,40055.0,2661.064425770308,5.2631578947368425,144,152,8,0,144,149,5821,0,0,0,0,3
2020-10-29,US,Oklahoma,Harmon,75,0,0,34.7440135,-99.84741652,40057.0,2826.988315114965,0.0,75,72,0,0,72,70,2664,3,0,0,3,2
2020-10-29,US,Oklahoma,Harper,72,2,0,36.78836519,-99.6679804,40059.0,1952.2776572668115,2.7777777777777777,70,72,1,0,71,72,3797,0,1,0,-1,0
2020-10-29,US,Oklahoma,Haskell,391,5,0,35.22257600000001,-95.11513306,40061.0,3096.539162112933,1.278772378516624,386,384,5,0,379,381,12668,7,0,0,7,3
2020-10-29,US,Oklahoma,Hughes,406,5,0,35.04912569,-96.24921145,40063.0,3057.4591460200318,1.2315270935960592,401,404,4,0,400,396,13335,2,1,0,1,8
2020-10-29,US,Oklahoma,Jackson,1141,13,0,34.58781741,-99.41138784,40065.0,4651.447207501019,1.1393514460999123,1128,1132,13,0,1119,1122,24949,9,0,0,9,10
2020-10-29,US,Oklahoma,Jefferson,81,0,0,34.11130184,-97.83182974,40067.0,1349.5501499500167,0.0,81,81,0,0,81,80,6123,0,0,0,0,1
2020-10-29,US,Oklahoma,Johnston,302,4,0,34.31440473,-96.66011537,40069.0,2724.402345511953,1.3245033112582782,298,299,4,0,295,291,10949,3,0,0,3,8
2020-10-29,US,Oklahoma,Kay,899,16,0,36.81799745,-97.14421435,40071.0,2064.862878405072,1.7797552836484982,883,897,16,0,881,883,44161,2,0,0,2,14
2020-10-29,US,Oklahoma,Kingfisher,570,3,0,35.94530008,-97.94193268,40073.0,3615.604186489058,0.5263157894736842,567,560,3,0,557,558,15816,10,0,0,10,2
2020-10-29,US,Oklahoma,Kiowa,181,3,0,34.91671958,-98.97720696,40075.0,2078.548461185117,1.6574585635359116,178,178,3,0,175,178,8729,3,0,0,3,0
2020-10-29,US,Oklahoma,Latimer,213,2,0,34.87844729,-95.25215049,40077.0,2114.563685098779,0.9389671361502347,211,211,2,0,209,209,10231,2,0,0,2,2
2020-10-29,US,Oklahoma,Le Flore,1689,24,0,34.89851864,-94.70392124,40079.0,3387.960604176278,1.4209591474245116,1665,1682,24,0,1658,1680,49980,7,0,0,7,2
2020-10-29,US,Oklahoma,Lincoln,803,22,0,35.70270942,-96.8812462,40081.0,2302.3769246208108,2.7397260273972597,781,802,22,0,780,794,34920,1,0,0,1,8
2020-10-29,US,Oklahoma,Logan,870,2,0,35.91899576,-97.44352845,40083.0,1812.0847305825748,0.2298850574712644,868,862,2,0,860,861,47291,8,0,0,8,1
2020-10-29,US,Oklahoma,Love,283,1,0,33.95273467,-97.23906784,40085.0,2760.167755778797,0.353356890459364,282,273,1,0,272,272,10134,10,0,0,10,1
2020-10-29,US,Oklahoma,Major,182,2,0,36.31149996,-98.53467076,40093.0,2385.633765893302,1.0989010989010992,180,177,2,0,175,176,7644,5,0,0,5,1
2020-10-29,US,Oklahoma,Marshall,280,2,0,34.02311222,-96.76855464,40095.0,1653.7711889433585,0.7142857142857143,278,276,2,0,274,273,16806,4,0,0,4,3
2020-10-29,US,Oklahoma,Mayes,986,15,0,36.30179091,-95.23175116,40097.0,2399.026763990268,1.5212981744421907,971,982,14,0,968,976,41107,4,1,0,3,6
2020-10-29,US,Oklahoma,McClain,1359,11,0,35.01123903,-97.44572302,40087.0,3357.711123190197,0.8094186902133922,1348,1337,11,0,1326,1327,39985,22,0,0,22,10
2020-10-29,US,Oklahoma,McCurtain,1634,40,0,34.11664328,-94.77222373,40089.0,4976.851851851852,2.4479804161566707,1594,1630,40,0,1590,1621,32703,4,0,0,4,9
2020-10-29,US,Oklahoma,McIntosh,514,10,0,35.37235506,-95.66599306,40091.0,2622.984282506634,1.9455252918287935,504,510,10,0,500,507,19815,4,0,0,4,3
2020-10-29,US,Oklahoma,Murray,315,3,0,34.48116015,-97.06826283,40099.0,2238.328714559796,0.9523809523809524,312,310,2,0,308,304,13953,5,1,0,4,6
2020-10-29,US,Oklahoma,Muskogee,2380,28,0,35.61318461,-95.37802952,40101.0,3500.15441857729,1.1764705882352942,2352,2364,28,0,2336,2349,68362,16,0,0,16,15
2020-10-29,US,Oklahoma,Noble,183,3,0,36.38953329,-97.22928674,40103.0,1644.057137723475,1.639344262295082,180,183,3,0,180,179,11289,0,0,0,0,4
2020-10-29,US,Oklahoma,Nowata,258,4,0,36.79843529,-95.61902331,40105.0,2560.539896784438,1.5503875968992251,254,257,4,0,253,257,10218,1,0,0,1,0
2020-10-29,US,Oklahoma,Okfuskee,553,8,0,35.46485198,-96.32639984,40107.0,4611.023096806471,1.4466546112115732,545,545,8,0,537,543,12098,8,0,0,8,2
2020-10-29,US,Oklahoma,Oklahoma,24250,231,0,35.55140095,-97.40716948,40109.0,3041.004020395418,0.9525773195876288,24019,23997,231,0,23766,23881,792582,253,0,0,253,116
2020-10-29,US,Oklahoma,Okmulgee,1256,12,0,35.64661916,-95.96432828,40111.0,3265.30612244898,0.9554140127388536,1244,1243,9,0,1234,1231,38335,13,3,0,10,12
2020-10-29,US,Oklahoma,Osage,1390,13,0,36.62888819,-96.39635704,40113.0,2959.776845601857,0.9352517985611509,1377,1388,13,0,1375,1384,47014,2,0,0,2,4
2020-10-29,US,Oklahoma,Ottawa,1263,16,0,36.83532655,-94.81011909,40115.0,4057.570597873229,1.2668250197941409,1247,1260,10,0,1250,1246,31175,3,6,0,-3,14
2020-10-29,US,Oklahoma,Pawnee,339,5,0,36.31743373,-96.70331759999999,40117.0,2070.1025891548607,1.4749262536873156,334,339,5,0,334,336,16390,0,0,0,0,3
2020-10-29,US,Oklahoma,Payne,2817,12,0,36.07695283,-96.97584944,40119.0,3444.4390100753203,0.42598509052183176,2805,2812,12,0,2800,2811,82040,5,0,0,5,1
2020-10-29,US,Oklahoma,Pittsburg,1277,21,0,34.92065823,-95.75134320000001,40121.0,2925.276034269483,1.6444792482380581,1256,1267,20,0,1247,1261,43877,10,1,0,9,6
2020-10-29,US,Oklahoma,Pontotoc,833,4,0,34.72959848,-96.68337199,40123.0,2175.8436944937835,0.4801920768307323,829,814,4,0,810,794,38247,19,0,0,19,20
2020-10-29,US,Oklahoma,Pottawatomie,2264,14,0,35.20614018,-96.94923008,40125.0,3118.800969803835,0.6183745583038869,2250,2232,14,0,2218,2211,72679,32,0,0,32,21
2020-10-29,US,Oklahoma,Pushmataha,281,6,0,34.41635232,-95.37603505,40127.0,2532.444124008652,2.1352313167259784,275,279,6,0,273,279,11179,2,0,0,2,0
2020-10-29,US,Oklahoma,Roger Mills,90,4,0,35.68711719,-99.69666167,40129.0,2511.8615685180016,4.4444444444444455,86,89,4,0,85,89,3656,1,0,0,1,0
2020-10-29,US,Oklahoma,Rogers,2480,55,0,36.37004357,-95.60406759,40131.0,2682.269979125883,2.217741935483871,2425,2469,55,0,2414,2449,91984,11,0,0,11,20
2020-10-29,US,Oklahoma,Seminole,817,6,0,35.16478725,-96.61686741,40133.0,3367.9610850028857,0.7343941248470012,811,796,6,0,790,791,24578,21,0,0,21,5
2020-10-29,US,Oklahoma,Sequoyah,1262,14,0,35.49447108,-94.75463785,40135.0,3035.9161875436025,1.109350237717908,1248,1251,13,0,1238,1242,41179,11,1,0,10,9
2020-10-29,US,Oklahoma,Stephens,765,8,0,34.48556989,-97.85141892,40137.0,1773.1729365134552,1.0457516339869282,757,756,8,0,748,741,43265,9,0,0,9,15
2020-10-29,US,Oklahoma,Texas,1816,10,0,36.74777635,-101.4889765,40139.0,9087.724565880999,0.5506607929515418,1806,1807,10,0,1797,1797,20455,9,0,0,9,10
2020-10-29,US,Oklahoma,Tillman,151,3,0,34.37288446,-98.92426619,40141.0,2082.7586206896553,1.9867549668874167,148,148,3,0,145,147,7348,3,0,0,3,1
2020-10-29,US,Oklahoma,Tulsa,22096,206,0,36.11939621,-95.94013939,40143.0,3391.287264869113,0.9322954380883418,21890,21922,204,0,21718,21829,648360,174,2,0,172,93
2020-10-29,US,Oklahoma,Unassigned,3,0,0,0.0,0.0,90040.0,0.0,0.0,3,9,0,0,9,6,,-6,0,0,-6,3
2020-10-29,US,Oklahoma,Wagoner,1951,30,0,35.96024096,-95.51911308,40145.0,2400.078731439678,1.5376729882111737,1921,1937,30,0,1907,1919,80110,14,0,0,14,18
2020-10-29,US,Oklahoma,Washington,1342,41,0,36.71380786,-95.90514104,40147.0,2604.4597977759227,3.055141579731744,1301,1341,41,0,1300,1328,51843,1,0,0,1,13
2020-10-29,US,Oklahoma,Washita,187,0,0,35.29071824,-98.99180434,40149.0,1713.081714913888,0.0,187,185,0,0,185,185,11127,2,0,0,2,0
2020-10-29,US,Oklahoma,Woods,184,0,0,36.76705782,-98.86573064,40151.0,2092.5736381212328,0.0,184,184,0,0,184,184,8897,0,0,0,0,0
2020-10-29,US,Oklahoma,Woodward,1269,5,0,36.42316318,-99.26283045,40153.0,6278.759091583792,0.3940110323089047,1264,1267,5,0,1262,1251,20222,2,0,0,2,16
2020-10-29,US,Oregon,Baker,140,3,0,44.70915557,-117.6749883,41001.0,868.2709005209625,2.142857142857143,137,133,3,0,130,125,16006,7,0,0,7,8
2020-10-29,US,Oregon,Benton,463,6,0,44.49167306,-123.4316987,41003.0,497.56590330241903,1.2958963282937366,457,448,6,0,442,445,92101,15,0,0,15,3
2020-10-29,US,Oregon,Clackamas,3267,66,0,45.18787398,-122.2179634,41005.0,781.2294499829022,2.0202020202020203,3201,3206,66,0,3140,3172,416075,61,0,0,61,34
2020-10-29,US,Oregon,Clatsop,248,0,0,45.99712889,-123.660711,41007.0,616.5473349244232,0.0,248,246,0,0,246,244,39764,2,0,0,2,2
2020-10-29,US,Oregon,Columbia,271,1,0,45.94464254,-123.08908980000001,41009.0,517.629980517248,0.3690036900369004,270,270,1,0,269,269,52377,1,0,0,1,1
2020-10-29,US,Oregon,Coos,260,1,0,43.17406868,-124.0594514,41011.0,403.1820366895653,0.38461538461538464,259,259,1,0,258,251,64389,1,0,0,1,8
2020-10-29,US,Oregon,Crook,113,2,0,44.14230227,-120.356297,41013.0,463.03884609080484,1.7699115044247788,111,112,2,0,110,110,23867,1,0,0,1,2
2020-10-29,US,Oregon,Curry,58,1,0,42.45911325,-124.15728200000001,41015.0,252.99890948745912,1.7241379310344829,57,58,1,0,57,58,22813,0,0,0,0,0
2020-10-29,US,Oregon,Deschutes,1185,13,0,43.91570171,-121.2289121,41017.0,599.417275357627,1.0970464135021096,1172,1161,13,0,1148,1136,191996,24,0,0,24,25
2020-10-29,US,Oregon,Douglas,368,8,0,43.27941273,-123.16729099999999,41019.0,331.5912777076951,2.1739130434782608,360,363,8,0,355,359,110283,5,0,0,5,4
2020-10-29,US,Oregon,Gilliam,11,0,0,45.37160076,-120.20488689999999,41021.0,575.3138075313808,0.0,11,11,0,0,11,11,1894,0,0,0,0,0
2020-10-29,US,Oregon,Grant,12,0,0,44.49024544,-119.0068631,41023.0,166.68981803028197,0.0,12,11,0,0,11,11,7176,1,0,0,1,0
2020-10-29,US,Oregon,Harney,35,0,0,43.06422669,-118.96663059999999,41025.0,473.4208034627349,0.0,35,34,0,0,34,34,7329,1,0,0,1,0
2020-10-29,US,Oregon,Hood River,284,1,0,45.51872811,-121.65520359999998,41027.0,1214.6095286972886,0.35211267605633795,283,279,1,0,278,277,23428,5,0,0,5,2
2020-10-29,US,Oregon,Jackson,1796,7,0,42.43201126,-122.72893090000001,41029.0,812.8756608009268,0.3897550111358575,1789,1742,7,0,1735,1707,219564,54,0,0,54,35
2020-10-29,US,Oregon,Jefferson,607,10,0,44.62806839,-121.17832,41031.0,2461.675723902993,1.6474464579901154,597,605,10,0,595,605,24192,2,0,0,2,0
2020-10-29,US,Oregon,Josephine,270,3,0,42.3665549,-123.5561938,41033.0,308.6172802816418,1.1111111111111112,267,269,3,0,266,269,87393,1,0,0,1,0
2020-10-29,US,Oregon,Klamath,422,3,0,42.68762984,-121.64964609999998,41035.0,618.4237521615523,0.7109004739336493,419,421,3,0,418,417,67653,1,0,0,1,4
2020-10-29,US,Oregon,Lake,43,0,0,42.79246693,-120.38501629999999,41037.0,546.448087431694,0.0,43,41,0,0,41,38,7879,2,0,0,2,3
2020-10-29,US,Oregon,Lane,2467,27,0,43.93727035,-122.847753,41039.0,645.6982675813405,1.0944466963923791,2440,2451,27,0,2424,2419,379611,16,0,0,16,32
2020-10-29,US,Oregon,Lincoln,518,13,0,44.64252874,-123.86991200000001,41041.0,1036.7879588487249,2.509652509652509,505,518,13,0,505,517,49388,0,0,0,0,1
2020-10-29,US,Oregon,Linn,845,15,0,44.48899494,-122.53731540000001,41043.0,651.2574278029117,1.7751479289940828,830,827,15,0,812,816,127335,18,0,0,18,11
2020-10-29,US,Oregon,Malheur,1949,38,0,43.1937027,-117.62273950000001,41045.0,6375.323018546988,1.9497178040020524,1911,1943,38,0,1905,1927,30725,6,0,0,6,16
2020-10-29,US,Oregon,Marion,6024,109,0,44.90287942,-122.58151170000001,41047.0,1731.940267611222,1.8094289508632135,5915,5963,108,0,5855,5929,346868,61,1,0,60,34
2020-10-29,US,Oregon,Morrow,551,7,0,45.41846568,-119.584546,41049.0,4748.771869344135,1.2704174228675136,544,546,7,0,539,545,11372,5,0,0,5,1
2020-10-29,US,Oregon,Multnomah,9502,166,0,45.54747959,-122.4169351,41051.0,1168.9661747790194,1.7470006314460114,9336,9401,165,0,9236,9292,811880,101,1,0,100,109
2020-10-29,US,Oregon,Polk,668,15,0,44.90322804,-123.4128888,41053.0,775.9772318057733,2.245508982035928,653,663,15,0,648,657,85234,5,0,0,5,6
2020-10-29,US,Oregon,Sherman,20,0,0,45.41501554,-120.6827834,41055.0,1123.5955056179776,0.0,20,19,0,0,19,19,1708,1,0,0,1,0
2020-10-29,US,Oregon,Tillamook,74,0,0,45.46248721,-123.712066,41057.0,273.709128569315,0.0,74,72,0,0,72,70,26787,2,0,0,2,2
2020-10-29,US,Oregon,Umatilla,3435,45,0,45.59073056,-118.7353826,41059.0,4406.670942912123,1.310043668122271,3390,3393,45,0,3348,3376,77516,42,0,0,42,17
2020-10-29,US,Oregon,Union,484,2,0,45.30915495,-118.0068979,41061.0,1803.6146823178688,0.4132231404958678,482,477,2,0,475,468,26461,7,0,0,7,9
2020-10-29,US,Oregon,Wallowa,49,2,0,45.57894064,-117.18353799999998,41063.0,679.8002219755826,4.081632653061225,47,46,2,0,44,46,7081,3,0,0,3,0
2020-10-29,US,Oregon,Wasco,349,16,0,45.16292781,-121.16709540000001,41065.0,1307.997901206806,4.584527220630372,333,349,16,0,333,348,26505,0,0,0,0,1
2020-10-29,US,Oregon,Washington,5991,78,0,45.55972701,-123.0955257,41067.0,995.8576576816181,1.3019529293940912,5913,5885,78,0,5807,5838,597695,106,0,0,106,47
2020-10-29,US,Oregon,Wheeler,1,0,0,44.72698162,-120.02814270000002,41069.0,75.07507507507508,0.0,1,1,0,0,1,2,1366,0,0,0,0,-1
2020-10-29,US,Oregon,Yamhill,1013,15,0,45.23330449,-123.3086963,41071.0,945.845004668534,1.4807502467917075,998,1005,15,0,990,1001,107002,8,0,0,8,4
2020-10-29,US,Pennsylvania,Adams,1144,28,0,39.87140411,-77.21610347,42001.0,1110.5825704550086,2.4475524475524475,1116,1133,27,0,1106,1118,102811,11,1,0,10,15
2020-10-29,US,Pennsylvania,Allegheny,15449,416,0,40.46809875,-79.98167747,42003.0,1270.4299594176202,2.6927309210952166,15033,15300,411,0,14889,15101,1218452,149,5,0,144,199
2020-10-29,US,Pennsylvania,Armstrong,724,21,0,40.81665618,-79.46290811,42005.0,1118.405808295358,2.9005524861878453,703,699,21,0,678,690,65263,25,0,0,25,9
2020-10-29,US,Pennsylvania,Beaver,2283,140,0,40.6825484,-80.34921611,42007.0,1392.67609757883,6.132282084975909,2143,2270,140,0,2130,2255,164742,13,0,0,13,15
2020-10-29,US,Pennsylvania,Bedford,404,7,0,40.00522157,-78.48998442,42009.0,843.6351486802539,1.7326732673267329,397,398,6,0,392,392,48176,6,1,0,5,6
2020-10-29,US,Pennsylvania,Berks,9388,423,0,40.41570541,-75.92457766,42011.0,2229.060413520624,4.505752023860247,8965,9290,422,0,8868,9155,420152,98,1,0,97,135
2020-10-29,US,Pennsylvania,Blair,1268,31,0,40.47961444,-78.34917412,42013.0,1040.803092859664,2.4447949526813884,1237,1237,29,0,1208,1212,122492,31,2,0,29,25
2020-10-29,US,Pennsylvania,Bradford,775,15,0,41.78869215,-76.51570822,42015.0,1284.7504268686905,1.935483870967742,760,745,14,0,731,701,60833,30,1,0,29,44
2020-10-29,US,Pennsylvania,Bucks,10254,626,0,40.33682119,-75.10836643,42017.0,1632.1008483613732,6.104934659645018,9628,10171,626,0,9545,10112,628195,83,0,0,83,59
2020-10-29,US,Pennsylvania,Butler,1746,28,0,40.91152759,-79.91351055,42019.0,929.4501551745246,1.6036655211912945,1718,1701,28,0,1673,1661,187888,45,0,0,45,40
2020-10-29,US,Pennsylvania,Cambria,1123,9,0,40.49527404,-78.71377428,42021.0,862.5722010569008,0.8014247551202137,1114,1095,7,0,1088,1073,131730,28,2,0,26,22
2020-10-29,US,Pennsylvania,Cameron,9,0,0,41.43625568,-78.20376845,42023.0,202.38362941308748,0.0,9,9,0,0,9,9,4492,0,0,0,0,0
2020-10-29,US,Pennsylvania,Carbon,597,30,0,40.91545395,-75.7068525,42025.0,930.1673366364404,5.025125628140704,567,587,30,0,557,581,64227,10,0,0,10,6
2020-10-29,US,Pennsylvania,Centre,4184,16,0,40.92058903,-77.82200624,42027.0,2576.592665578717,0.3824091778202677,4168,4138,16,0,4122,4097,162805,46,0,0,46,41
2020-10-29,US,Pennsylvania,Chester,8163,379,0,39.97291773,-75.74768357,42029.0,1554.8897214989267,4.642900894279063,7784,8093,379,0,7714,8039,522046,70,0,0,70,54
2020-10-29,US,Pennsylvania,Clarion,226,4,0,41.19265812,-79.42413524,42031.0,587.9598314168271,1.7699115044247788,222,222,4,0,218,220,38779,4,0,0,4,2
2020-10-29,US,Pennsylvania,Clearfield,480,7,0,41.00110782,-78.47592663,42033.0,605.6400227115008,1.4583333333333333,473,469,7,0,462,462,79388,11,0,0,11,7
2020-10-29,US,Pennsylvania,Clinton,273,7,0,41.23255967,-77.63785995,42035.0,706.6680472147442,2.5641025641025643,266,267,7,0,260,261,38684,6,0,0,6,6
2020-10-29,US,Pennsylvania,Columbia,1061,41,0,41.04821986,-76.40565017,42037.0,1633.2122406255774,3.8642789820923658,1020,1055,41,0,1014,1053,65456,6,0,0,6,2
2020-10-29,US,Pennsylvania,Crawford,532,3,0,41.68447709,-80.10760592,42039.0,628.6261210696098,0.5639097744360902,529,523,3,0,520,490,85063,9,0,0,9,33
2020-10-29,US,Pennsylvania,Cumberland,2500,79,0,40.1625372,-77.26130755,42041.0,986.699293523306,3.16,2421,2467,79,0,2388,2438,251423,33,0,0,33,29
2020-10-29,US,Pennsylvania,Dauphin,4852,196,0,40.41377078,-76.77993242,42043.0,1743.4485930599826,4.03957131079967,4656,4818,195,0,4623,4745,277097,34,1,0,33,73
2020-10-29,US,Pennsylvania,Delaware,13618,770,0,39.91680171,-75.40243663,42045.0,2402.835833273048,5.6542810985460425,12848,13527,769,0,12758,13397,564751,91,1,0,90,130
2020-10-29,US,Pennsylvania,Elk,167,2,0,41.42822061,-78.64524744,42047.0,558.3416917418923,1.1976047904191616,165,164,2,0,162,160,30169,3,0,0,3,4
2020-10-29,US,Pennsylvania,Erie,2128,40,0,41.99253829,-80.03301954,42049.0,788.9429351049948,1.8796992481203008,2088,2087,40,0,2047,2054,272061,41,0,0,41,33
2020-10-29,US,Pennsylvania,Fayette,1035,15,0,39.92041012,-79.64291195,42051.0,800.6250290081532,1.4492753623188406,1020,1019,15,0,1004,1006,130441,16,0,0,16,13
2020-10-29,US,Pennsylvania,Forest,19,1,0,41.51095103,-79.23229292,42053.0,262.17745273906445,5.2631578947368425,18,19,1,0,18,19,7279,0,0,0,0,0
2020-10-29,US,Pennsylvania,Franklin,2219,55,0,39.92956518,-77.72157791,42055.0,1431.3635689267028,2.478593961243804,2164,2190,54,0,2136,2168,154835,29,1,0,28,22
2020-10-29,US,Pennsylvania,Fulton,83,4,0,39.92913544,-78.11163677,42057.0,571.2319339298002,4.819277108433735,79,83,4,0,79,80,14523,0,0,0,0,3
2020-10-29,US,Pennsylvania,Greene,244,1,0,39.85746531,-80.22357106,42059.0,673.4192586868322,0.4098360655737705,243,240,1,0,239,231,36506,4,0,0,4,9
2020-10-29,US,Pennsylvania,Huntingdon,993,18,0,40.42162652,-77.97673273,42061.0,2199.6278575225947,1.8126888217522656,975,957,17,0,940,932,45168,36,1,0,35,25
2020-10-29,US,Pennsylvania,Indiana,1138,17,0,40.65241041,-79.08963285,42063.0,1353.5855744412593,1.493848857644991,1121,1109,16,0,1093,1087,84501,29,1,0,28,22
2020-10-29,US,Pennsylvania,Jefferson,197,4,0,41.12913106,-78.9986361,42065.0,453.65572826712713,2.0304568527918785,193,187,4,0,183,185,43641,10,0,0,10,2
2020-10-29,US,Pennsylvania,Juniata,241,8,0,40.53358749,-77.39975129999998,42067.0,973.2261842264667,3.319502074688797,233,237,8,0,229,231,24704,4,0,0,4,6
2020-10-29,US,Pennsylvania,Lackawanna,3780,218,0,41.43564672,-75.60379201,42069.0,1802.7986302545853,5.767195767195767,3562,3746,218,0,3528,3702,210793,34,0,0,34,44
2020-10-29,US,Pennsylvania,Lancaster,9647,477,0,40.03904563,-76.24770128,42071.0,1767.743401426362,4.944542344770395,9170,9573,476,0,9097,9483,543557,74,1,0,73,90
2020-10-29,US,Pennsylvania,Lawrence,903,34,0,40.99206278,-80.33393706,42073.0,1055.992141453831,3.765227021040975,869,879,34,0,845,865,86184,24,0,0,24,14
2020-10-29,US,Pennsylvania,Lebanon,3057,67,0,40.36680311,-76.45651841,42075.0,2155.9597441340547,2.191691200523389,2990,3038,66,0,2972,2964,141314,19,1,0,18,74
2020-10-29,US,Pennsylvania,Lehigh,6643,365,0,40.6154815,-75.59435245,42077.0,1798.7208855241283,5.494505494505495,6278,6593,365,0,6228,6541,368100,50,0,0,50,52
2020-10-29,US,Pennsylvania,Luzerne,5412,199,0,41.17823008,-75.98447579,42079.0,1705.0126489759527,3.6770140428677016,5213,5337,198,0,5139,5273,317646,75,1,0,74,64
2020-10-29,US,Pennsylvania,Lycoming,979,32,0,41.34310539,-77.06629984,42081.0,864.0852964280356,3.2686414708886624,947,968,32,0,936,960,113664,11,0,0,11,8
2020-10-29,US,Pennsylvania,McKean,148,2,0,41.80938602,-78.56478358,42083.0,364.3076923076923,1.351351351351351,146,136,2,0,134,132,40968,12,0,0,12,4
2020-10-29,US,Pennsylvania,Mercer,1073,27,0,41.30248872,-80.25816981,42085.0,980.5892674367598,2.516309412861137,1046,1052,26,0,1026,1034,110683,21,1,0,20,18
2020-10-29,US,Pennsylvania,Mifflin,411,3,0,40.61116939,-77.61070738,42087.0,890.8058433395465,0.7299270072992701,408,396,3,0,393,381,46222,15,0,0,15,15
2020-10-29,US,Pennsylvania,Monroe,2029,135,0,41.05934058,-75.34031025,42089.0,1191.629813650005,6.653523903400691,1894,2020,135,0,1885,2013,169507,9,0,0,9,7
2020-10-29,US,Pennsylvania,Montgomery,14008,895,0,40.21053671,-75.36652296,42091.0,1685.8523435008397,6.389206167904055,13113,13885,895,0,12990,13791,828604,123,0,0,123,94
2020-10-29,US,Pennsylvania,Montour,300,11,0,41.03023987,-76.66345939,42093.0,1645.6390565002744,3.6666666666666665,289,297,11,0,286,296,18240,3,0,0,3,1
2020-10-29,US,Pennsylvania,Northampton,5439,312,0,40.75182733,-75.30471829,42095.0,1781.6139017639255,5.73634859349145,5127,5393,311,0,5082,5341,304807,46,1,0,45,52
2020-10-29,US,Pennsylvania,Northumberland,1549,112,0,40.84785433,-76.70798222,42097.0,1705.139636515747,7.23047127178825,1437,1527,112,0,1415,1517,91083,22,0,0,22,10
2020-10-29,US,Pennsylvania,Perry,363,6,0,40.40206612,-77.26297447,42099.0,784.4917012448133,1.6528925619834711,357,360,6,0,354,359,46139,3,0,0,3,1
2020-10-29,US,Pennsylvania,Philadelphia,44139,1868,0,40.00338507,-75.1379271,42101.0,2786.4404468506323,4.232085004191305,42271,43740,1867,0,41873,43365,1584138,399,1,0,398,375
2020-10-29,US,Pennsylvania,Pike,624,23,0,41.33155042,-75.03208106,42103.0,1118.0992313067784,3.685897435897436,601,622,23,0,599,621,55933,2,0,0,2,1
2020-10-29,US,Pennsylvania,Potter,55,1,0,41.74471626,-77.89559864,42105.0,332.80890717657024,1.818181818181818,54,54,1,0,53,50,16622,1,0,0,1,4
2020-10-29,US,Pennsylvania,Schuylkill,2072,91,0,40.70497338,-76.2150785,42107.0,1465.7715462050526,4.391891891891892,1981,2015,88,0,1927,1975,142067,57,3,0,54,40
2020-10-29,US,Pennsylvania,Snyder,491,17,0,40.77129231,-77.06840691,42109.0,1216.189438224512,3.4623217922606924,474,484,17,0,467,483,40540,7,0,0,7,1
2020-10-29,US,Pennsylvania,Somerset,434,3,0,39.97172723,-79.02699593,42111.0,590.9022832790993,0.6912442396313364,431,420,3,0,417,412,73952,14,0,0,14,8
2020-10-29,US,Pennsylvania,Sullivan,19,1,0,41.44634738,-76.51246591,42113.0,313.22123310253875,5.2631578947368425,18,19,1,0,18,19,6071,0,0,0,0,0
2020-10-29,US,Pennsylvania,Susquehanna,408,28,0,41.82147784,-75.80071959,42115.0,1011.704026978774,6.862745098039214,380,406,28,0,378,403,40589,2,0,0,2,3
2020-10-29,US,Pennsylvania,Tioga,215,3,0,41.77255149,-77.25433032,42117.0,529.6740656795841,1.3953488372093024,212,213,3,0,210,205,40763,2,0,0,2,8
2020-10-29,US,Pennsylvania,Union,705,11,0,40.96188846,-77.05996014,42119.0,1569.3520023150727,1.5602836879432624,694,702,11,0,691,699,44785,3,0,0,3,3
2020-10-29,US,Pennsylvania,Venango,268,1,0,41.40323442,-79.75845449,42121.0,528.93344911976,0.373134328358209,267,260,1,0,259,229,51266,8,0,0,8,31
2020-10-29,US,Pennsylvania,Warren,66,1,0,41.81304978,-79.26969577,42123.0,168.40601158429232,1.5151515151515151,65,66,1,0,65,64,39498,0,0,0,0,2
2020-10-29,US,Pennsylvania,Washington,2024,35,0,40.19208869,-80.24582867,42125.0,978.4158750876177,1.7292490118577075,1989,1986,34,0,1952,1945,207346,38,1,0,37,41
2020-10-29,US,Pennsylvania,Wayne,289,12,0,41.64938475,-75.29956506,42127.0,562.6837483693853,4.1522491349480966,277,285,12,0,273,283,51276,4,0,0,4,2
2020-10-29,US,Pennsylvania,Westmoreland,4334,99,0,40.31377979999999,-79.46615476,42129.0,1242.1932994935496,2.2842639593908634,4235,4260,93,0,4167,4169,350611,74,6,0,68,91
2020-10-29,US,Pennsylvania,Wyoming,141,8,0,41.51955538,-76.01074915,42131.0,526.2372172874524,5.673758865248227,133,130,8,0,122,126,27046,11,0,0,11,4
2020-10-29,US,Pennsylvania,York,6545,205,0,39.9210089,-76.73040131,42133.0,1457.495468291401,3.132161955691368,6340,6484,203,0,6281,6405,448273,61,2,0,59,79
2020-10-29,US,Puerto Rico,Adjuntas,191,0,0,18.180117000000006,-66.754367,72001.0,980.3418364728224,0.0,191,180,0,0,180,180,,11,0,0,11,0
2020-10-29,US,Puerto Rico,Aguada,443,0,0,18.360255,-67.17513100000001,72003.0,1055.792559403227,0.0,443,438,0,0,438,438,,5,0,0,5,0
2020-10-29,US,Puerto Rico,Aguadilla,590,0,0,18.459681,-67.12081500000001,72005.0,968.0224449949956,0.0,590,581,0,0,581,581,,9,0,0,9,0
2020-10-29,US,Puerto Rico,Aguas Buenas,379,0,0,18.251619,-66.126806,72007.0,1322.4467008618585,0.0,379,371,0,0,371,370,,8,0,0,8,1
2020-10-29,US,Puerto Rico,Aibonito,216,0,0,18.131361,-66.264131,72009.0,833.976833976834,0.0,216,212,0,0,212,212,,4,0,0,4,0
2020-10-29,US,Puerto Rico,Anasco,287,0,0,18.287985,-67.120611,72011.0,980.8277229076243,0.0,287,279,0,0,279,278,,8,0,0,8,1
2020-10-29,US,Puerto Rico,Arecibo,1099,0,0,18.406631,-66.675077,72013.0,1139.5686437163006,0.0,1099,1083,0,0,1083,1083,,16,0,0,16,0
2020-10-29,US,Puerto Rico,Arroyo,202,0,0,17.998457000000005,-66.056546,72015.0,1031.9284802043423,0.0,202,201,0,0,201,201,,1,0,0,1,0
2020-10-29,US,Puerto Rico,Barceloneta,320,0,0,18.445532999999998,-66.56053100000001,72017.0,1289.4906511927788,0.0,320,314,0,0,314,314,,6,0,0,6,0
2020-10-29,US,Puerto Rico,Barranquitas,624,0,0,18.201592,-66.30963,72019.0,2058.1832574708096,0.0,624,606,0,0,606,605,,18,0,0,18,1
2020-10-29,US,Puerto Rico,Bayamon,4934,0,0,18.34946,-66.168435,72021.0,2370.7932114782143,0.0,4934,4857,0,0,4857,4853,,77,0,0,77,4
2020-10-29,US,Puerto Rico,Cabo Rojo,522,0,0,18.040993,-67.154391,72023.0,1025.1978710450342,0.0,522,513,0,0,513,512,,9,0,0,9,1
2020-10-29,US,Puerto Rico,Caguas,2219,0,0,18.211615,-66.050779,72025.0,1552.910219534897,0.0,2219,2190,0,0,2190,2183,,29,0,0,29,7
2020-10-29,US,Puerto Rico,Camuy,380,0,0,18.418578,-66.860206,72027.0,1080.8043459711596,0.0,380,375,0,0,375,375,,5,0,0,5,0
2020-10-29,US,Puerto Rico,Canovanas,942,0,0,18.328802,-65.887612,72029.0,1976.9979852249835,0.0,942,932,0,0,932,930,,10,0,0,10,2
2020-10-29,US,Puerto Rico,Carolina,4068,0,0,18.374986,-65.95683100000001,72031.0,2301.399622090721,0.0,4068,4010,0,0,4010,4009,,58,0,0,58,1
2020-10-29,US,Puerto Rico,Catano,605,0,0,18.437269,-66.14330600000001,72033.0,2149.9644633972994,0.0,605,599,0,0,599,599,,6,0,0,6,0
2020-10-29,US,Puerto Rico,Cayey,510,0,0,18.102851,-66.14914,72035.0,1059.8723996758038,0.0,510,497,0,0,497,496,,13,0,0,13,1
2020-10-29,US,Puerto Rico,Ceiba,198,0,0,18.251818,-65.666416,72037.0,1452.5713447289268,0.0,198,196,0,0,196,196,,2,0,0,2,0
2020-10-29,US,Puerto Rico,Ciales,344,0,0,18.28885,-66.516475,72039.0,1831.5408369715685,0.0,344,334,0,0,334,334,,10,0,0,10,0
2020-10-29,US,Puerto Rico,Cidra,438,0,0,18.173559,-66.161179,72041.0,1007.3597056117757,0.0,438,425,0,0,425,424,,13,0,0,13,1
2020-10-29,US,Puerto Rico,Coamo,415,0,0,18.097597,-66.36014,72043.0,1024.3878357030017,0.0,415,393,0,0,393,392,,22,0,0,22,1
2020-10-29,US,Puerto Rico,Comerio,292,0,0,18.224687,-66.221622,72045.0,1405.332563288093,0.0,292,287,0,0,287,287,,5,0,0,5,0
2020-10-29,US,Puerto Rico,Corozal,886,0,0,18.304264,-66.327738,72047.0,2385.439663992246,0.0,886,873,0,0,873,872,,13,0,0,13,1
2020-10-29,US,Puerto Rico,Culebra,23,0,0,18.31586,-65.28813000000001,72049.0,1265.1265126512649,0.0,23,23,0,0,23,23,,0,0,0,0,0
2020-10-29,US,Puerto Rico,Dorado,1117,0,0,18.436115,-66.278669,72051.0,2926.7653609327917,0.0,1117,1102,0,0,1102,1100,,15,0,0,15,2
2020-10-29,US,Puerto Rico,Fajardo,735,0,0,18.318373,-65.666866,72053.0,1986.86237936907,0.0,735,722,0,0,722,722,,13,0,0,13,0
2020-10-29,US,Puerto Rico,Florida,394,0,0,18.373715,-66.560488,72054.0,3107.255520504732,0.0,394,387,0,0,387,387,,7,0,0,7,0
2020-10-29,US,Puerto Rico,Guanica,161,0,0,17.982429,-66.91964300000001,72055.0,828.7435013126062,0.0,161,156,0,0,156,155,,5,0,0,5,1
2020-10-29,US,Puerto Rico,Guayama,384,0,0,18.007516,-66.13390799999999,72057.0,846.5235218905693,0.0,384,380,0,0,380,379,,4,0,0,4,1
2020-10-29,US,Puerto Rico,Guayanilla,256,0,0,18.039942,-66.79186,72059.0,1186.2286270330385,0.0,256,250,0,0,250,250,,6,0,0,6,0
2020-10-29,US,Puerto Rico,Guaynabo,2311,0,0,18.345114000000002,-66.11452299999999,72061.0,2359.993464319268,0.0,2311,2262,0,0,2262,2261,,49,0,0,49,1
2020-10-29,US,Puerto Rico,Gurabo,774,0,0,18.266461,-65.97970500000001,72063.0,1706.0107121602857,0.0,774,760,0,0,760,759,,14,0,0,14,1
2020-10-29,US,Puerto Rico,Hatillo,440,0,0,18.410928,-66.79632600000001,72065.0,1048.7926965890401,0.0,440,419,0,0,419,419,,21,0,0,21,0
2020-10-29,US,Puerto Rico,Hormigueros,221,0,0,18.134532,-67.113972,72067.0,1281.159420289855,0.0,221,218,0,0,218,218,,3,0,0,3,0
2020-10-29,US,Puerto Rico,Humacao,798,0,0,18.145211,-65.810174,72069.0,1364.8958368966578,0.0,798,779,0,0,779,779,,19,0,0,19,0
2020-10-29,US,Puerto Rico,Isabela,380,0,0,18.44981,-67.005093,72071.0,832.7671977383799,0.0,380,369,0,0,369,369,,11,0,0,11,0
2020-10-29,US,Puerto Rico,Jayuya,288,0,0,18.211446,-66.58878,72073.0,1730.5612306213195,0.0,288,284,0,0,284,284,,4,0,0,4,0
2020-10-29,US,Puerto Rico,Juana Diaz,457,0,0,18.050764,-66.49458100000001,72075.0,571.9864325318848,0.0,457,449,0,0,449,449,,8,0,0,8,0
2020-10-29,US,Puerto Rico,Juncos,594,0,0,18.223793,-65.909109,72077.0,1474.3112434847358,0.0,594,578,0,0,578,577,,16,0,0,16,1
2020-10-29,US,Puerto Rico,Lajas,219,0,0,18.011661,-67.040585,72079.0,850.3863627538541,0.0,219,217,0,0,217,216,,2,0,0,2,1
2020-10-29,US,Puerto Rico,Lares,449,0,0,18.269035000000002,-66.867236,72081.0,1460.0201606347348,0.0,449,438,0,0,438,438,,11,0,0,11,0
2020-10-29,US,Puerto Rico,Las Marias,128,0,0,18.23679,-66.98362,72083.0,1295.4154437809939,0.0,128,125,0,0,125,125,,3,0,0,3,0
2020-10-29,US,Puerto Rico,Las Piedras,693,0,0,18.187527,-65.86946800000001,72085.0,1791.8552036199094,0.0,693,688,0,0,688,685,,5,0,0,5,3
2020-10-29,US,Puerto Rico,Loiza,379,0,0,18.425688,-65.89943000000001,72087.0,1260.8117099135065,0.0,379,375,0,0,375,375,,4,0,0,4,0
2020-10-29,US,Puerto Rico,Luquillo,330,0,0,18.342114000000002,-65.72509699999999,72089.0,1644.4090093681482,0.0,330,324,0,0,324,324,,6,0,0,6,0
2020-10-29,US,Puerto Rico,Manati,749,0,0,18.420473,-66.490461,72091.0,1697.9121800829687,0.0,749,727,0,0,727,727,,22,0,0,22,0
2020-10-29,US,Puerto Rico,Maricao,95,0,0,18.171795,-66.942126,72093.0,1513.7029955385597,0.0,95,95,0,0,95,95,,0,0,0,0,0
2020-10-29,US,Puerto Rico,Maunabo,176,0,0,18.017889,-65.922235,72095.0,1439.6728016359918,0.0,176,175,0,0,175,174,,1,0,0,1,1
2020-10-29,US,Puerto Rico,Mayaguez,1009,0,0,18.2013,-67.1452,72097.0,1132.6897171082173,0.0,1009,997,0,0,997,997,,12,0,0,12,0
2020-10-29,US,Puerto Rico,Moca,457,0,0,18.377805,-67.080952,72099.0,1139.3951482210975,0.0,457,449,0,0,449,447,,8,0,0,8,2
2020-10-29,US,Puerto Rico,Morovis,613,0,0,18.316963,-66.420383,72101.0,1879.7914750076666,0.0,613,605,0,0,605,605,,8,0,0,8,0
2020-10-29,US,Puerto Rico,Naguabo,386,0,0,18.230636999999998,-65.753897,72103.0,1444.6107784431138,0.0,386,375,0,0,375,373,,11,0,0,11,2
2020-10-29,US,Puerto Rico,Naranjito,829,0,0,18.288019,-66.252703,72105.0,2726.794289849352,0.0,829,813,0,0,813,808,,16,0,0,16,5
2020-10-29,US,Puerto Rico,Orocovis,434,0,0,18.215046,-66.433604,72107.0,1852.8796482090247,0.0,434,420,0,0,420,420,,14,0,0,14,0
2020-10-29,US,Puerto Rico,Out of PR,804,0,0,0.0,0.0,72888.0,0.0,0.0,804,804,0,0,804,804,,0,0,0,0,0
2020-10-29,US,Puerto Rico,Patillas,202,0,0,18.03174,-66.012242,72109.0,1047.8808943300303,0.0,202,200,0,0,200,200,,2,0,0,2,0
2020-10-29,US,Puerto Rico,Penuelas,155,0,0,18.059645,-66.721572,72111.0,638.332921505642,0.0,155,154,0,0,154,154,,1,0,0,1,0
2020-10-29,US,Puerto Rico,Ponce,1252,0,0,18.059498,-66.613748,72113.0,752.7340720388153,0.0,1252,1231,0,0,1231,1231,,21,0,0,21,0
2020-10-29,US,Puerto Rico,Quebradillas,273,0,0,18.439692,-66.926113,72115.0,1053.2813765963192,0.0,273,271,0,0,271,271,,2,0,0,2,0
2020-10-29,US,Puerto Rico,Rincon,241,0,0,18.335442999999998,-67.23174,72117.0,1585.526315789474,0.0,241,236,0,0,236,236,,5,0,0,5,0
2020-10-29,US,Puerto Rico,Rio Grande,862,0,0,18.346329,-65.813742,72119.0,1587.3600471420154,0.0,862,847,0,0,847,846,,15,0,0,15,1
2020-10-29,US,Puerto Rico,Sabana Grande,240,0,0,18.08282,-66.943758,72121.0,949.9307342172966,0.0,240,238,0,0,238,238,,2,0,0,2,0
2020-10-29,US,Puerto Rico,Salinas,546,0,0,18.010386999999994,-66.256592,72123.0,1756.8698114421775,0.0,546,545,0,0,545,545,,1,0,0,1,0
2020-10-29,US,Puerto Rico,San German,319,0,0,18.111484,-67.03858100000001,72125.0,897.9086328707742,0.0,319,315,0,0,315,313,,4,0,0,4,2
2020-10-29,US,Puerto Rico,San Juan,10415,0,0,18.386933,-66.061128,72127.0,2634.5345360537885,0.0,10415,10234,0,0,10234,10218,,181,0,0,181,16
2020-10-29,US,Puerto Rico,San Lorenzo,731,0,0,18.147987,-65.976392,72129.0,1780.4082030298605,0.0,731,718,0,0,718,717,,13,0,0,13,1
2020-10-29,US,Puerto Rico,San Sebastian,747,0,0,18.328646,-66.971214,72131.0,1760.5467829366016,0.0,747,727,0,0,727,726,,20,0,0,20,1
2020-10-29,US,Puerto Rico,Santa Isabel,250,0,0,17.994525,-66.388913,72133.0,1074.160006874624,0.0,250,232,0,0,232,231,,18,0,0,18,1
2020-10-29,US,Puerto Rico,Toa Alta,1725,0,0,18.362406,-66.246616,72135.0,2329.003861420895,0.0,1725,1701,0,0,1701,1701,,24,0,0,24,0
2020-10-29,US,Puerto Rico,Toa Baja,1976,0,0,18.431445999999998,-66.213553,72137.0,2205.135644857101,0.0,1976,1933,0,0,1933,1934,,43,0,0,43,-1
2020-10-29,US,Puerto Rico,Trujillo Alto,1572,0,0,18.336159,-65.99888399999999,72139.0,2100.42489511237,0.0,1572,1532,0,0,1532,1530,,40,0,0,40,2
2020-10-29,US,Puerto Rico,Unassigned,1248,814,0,0.0,0.0,72999.0,0.0,65.22435897435898,434,1160,813,0,347,1141,,88,1,0,87,19
2020-10-29,US,Puerto Rico,Utuado,259,0,0,18.271214,-66.702984,72141.0,781.3207034903014,0.0,259,248,0,0,248,248,,11,0,0,11,0
2020-10-29,US,Puerto Rico,Vega Alta,977,0,0,18.409346,-66.33725,72143.0,2445.495732272033,0.0,977,974,0,0,974,971,,3,0,0,3,3
2020-10-29,US,Puerto Rico,Vega Baja,1225,0,0,18.428262,-66.397924,72145.0,2053.233213770909,0.0,1225,1214,0,0,1214,1213,,11,0,0,11,1
2020-10-29,US,Puerto Rico,Vieques,104,0,0,18.123276,-65.44097099999999,72147.0,1118.159337705623,0.0,104,104,0,0,104,104,,0,0,0,0,0
2020-10-29,US,Puerto Rico,Villalba,240,0,0,18.127951,-66.473115,72149.0,920.4924634679553,0.0,240,230,0,0,230,229,,10,0,0,10,1
2020-10-29,US,Puerto Rico,Yabucoa,484,0,0,18.070399,-65.896289,72151.0,1275.6648480535569,0.0,484,473,0,0,473,473,,11,0,0,11,0
2020-10-29,US,Puerto Rico,Yauco,568,0,0,18.080374,-66.858814,72153.0,1350.997787978974,0.0,568,559,0,0,559,559,,9,0,0,9,0
2020-10-29,US,Rhode Island,Bristol,558,19,0,41.71018079,-71.28652315,44001.0,1151.0138410445759,3.4050179211469533,539,558,19,0,539,498,48649,0,0,0,0,60
2020-10-29,US,Rhode Island,Kent,2566,121,0,41.67106337,-71.57641596,44003.0,1561.8532856134198,4.715510522213561,2445,2566,121,0,2445,2287,163861,0,0,0,0,279
2020-10-29,US,Rhode Island,Newport,678,10,0,41.5642026,-71.26569799,44005.0,826.0032650276552,1.4749262536873156,668,678,10,0,668,631,82542,0,0,0,0,47
2020-10-29,US,Rhode Island,Providence,23320,951,0,41.87064746,-71.57753536,44007.0,3649.8463840383392,4.078044596912521,22369,23320,951,0,22369,21543,636084,0,0,0,0,1777
2020-10-29,US,Rhode Island,Unassigned,3855,16,0,0.0,0.0,90044.0,0.0,0.4150453955901427,3839,3487,13,0,3474,5251,,368,3,0,365,-1764
2020-10-29,US,Rhode Island,Washington,1335,78,0,41.45961631,-71.61435303,44009.0,1063.0927638022886,5.842696629213482,1257,1335,78,0,1257,1235,126179,0,0,0,0,100
2020-10-29,US,South Carolina,Abbeville,779,17,0,34.22333378,-82.46170658,45001.0,3176.0916540954872,2.1822849807445444,762,768,17,0,751,760,24541,11,0,0,11,8
2020-10-29,US,South Carolina,Aiken,5051,87,0,33.54338026,-81.63645384,45003.0,2956.013858326701,1.7224312017422292,4964,5016,87,0,4929,4989,169401,35,0,0,35,27
2020-10-29,US,South Carolina,Allendale,425,7,0,32.98837386,-81.35321066,45005.0,4891.804788213628,1.6470588235294117,418,425,7,0,418,425,8903,0,0,0,0,0
2020-10-29,US,South Carolina,Anderson,5840,205,0,34.51828081,-82.63959517,45007.0,2883.1248333810563,3.5102739726027403,5635,5760,206,0,5554,5678,200482,80,-1,0,81,82
2020-10-29,US,South Carolina,Bamberg,695,34,0,33.21927586,-81.05659969,45009.0,4940.992464097824,4.892086330935252,661,696,35,0,661,697,14275,-1,-1,0,0,-1
2020-10-29,US,South Carolina,Barnwell,875,25,0,33.26679302,-81.43584352,45011.0,4193.4247100546345,2.8571428571428568,850,873,25,0,848,872,21112,2,0,0,2,1
2020-10-29,US,South Carolina,Beaufort,6163,93,0,32.39226291,-80.72619758,45013.0,3207.857507208961,1.509005354535129,6070,6148,92,0,6056,6138,188715,15,1,0,14,10
2020-10-29,US,South Carolina,Berkeley,6170,94,0,33.20222596,-79.94654523,45015.0,2707.244621709733,1.5235008103727714,6076,6128,94,0,6034,6113,221091,42,0,0,42,15
2020-10-29,US,South Carolina,Calhoun,515,18,0,33.66926881,-80.77722168,45017.0,3538.789253074968,3.4951456310679614,497,516,18,0,498,515,14520,-1,0,0,-1,1
2020-10-29,US,South Carolina,Charleston,17259,278,0,32.82487866,-79.96512315,45019.0,4195.12598260599,1.6107538096065819,16981,17181,277,0,16904,17134,405905,78,1,0,77,47
2020-10-29,US,South Carolina,Cherokee,1531,52,0,35.05122251,-81.61828622,45021.0,2671.902268760908,3.3964728935336383,1479,1507,52,0,1455,1501,57078,24,0,0,24,6
2020-10-29,US,South Carolina,Chester,1245,27,0,34.69249168,-81.1583216,45023.0,3861.183475995534,2.1686746987951806,1218,1241,27,0,1214,1239,32251,4,0,0,4,2
2020-10-29,US,South Carolina,Chesterfield,1491,46,0,34.64137396,-80.15640140000002,45025.0,3266.155531215772,3.085177733065057,1445,1484,46,0,1438,1482,45754,7,0,0,7,2
2020-10-29,US,South Carolina,Clarendon,1177,68,0,33.66610974,-80.21647898,45027.0,3487.924136909172,5.777400169923534,1109,1177,68,0,1109,1166,33700,0,0,0,0,11
2020-10-29,US,South Carolina,Colleton,1270,49,0,32.87582989,-80.67641292,45029.0,3370.7566950659552,3.858267716535433,1221,1259,49,0,1210,1253,37660,11,0,0,11,6
2020-10-29,US,South Carolina,Darlington,2517,67,0,34.33358335,-79.96027485,45031.0,3778.2581284337566,2.6618990862137464,2450,2503,67,0,2436,2485,66802,14,0,0,14,18
2020-10-29,US,South Carolina,Dillon,1310,48,0,34.39007791,-79.37741872,45033.0,4298.041274320024,3.66412213740458,1262,1305,48,0,1257,1299,30599,5,0,0,5,6
2020-10-29,US,South Carolina,Dorchester,4848,100,0,33.0794369,-80.40502652,45035.0,2977.722361785897,2.0627062706270634,4748,4818,100,0,4718,4787,160647,30,0,0,30,31
2020-10-29,US,South Carolina,Edgefield,924,22,0,33.77221995,-81.96231108,45037.0,3389.58180484226,2.380952380952381,902,920,22,0,898,918,27052,4,0,0,4,2
2020-10-29,US,South Carolina,Fairfield,868,40,0,34.39287073,-81.1195624,45039.0,3884.1902716248255,4.6082949308755765,828,870,40,0,830,867,22402,-2,0,0,-2,3
2020-10-29,US,South Carolina,Florence,5639,202,0,34.02361754,-79.70189312,45041.0,4077.574425314369,3.582195424720695,5437,5631,202,0,5429,5582,138159,8,0,0,8,49
2020-10-29,US,South Carolina,Georgetown,2358,55,0,33.43443342,-79.33202141,45043.0,3761.965539246969,2.3324851569126377,2303,2346,53,0,2293,2331,62249,12,2,0,10,15
2020-10-29,US,South Carolina,Greenville,17739,350,0,34.89502264,-82.37295012,45045.0,3388.2668439208314,1.973053723434241,17389,17606,348,0,17258,17482,514213,133,2,0,131,124
2020-10-29,US,South Carolina,Greenwood,2563,76,0,34.15272415,-82.12715789,45047.0,3619.4941463896853,2.96527506827936,2487,2543,76,0,2467,2534,70741,20,0,0,20,9
2020-10-29,US,South Carolina,Hampton,765,31,0,32.77419582,-81.13845571,45049.0,3979.814795546769,4.052287581699346,734,765,31,0,734,763,19351,0,0,0,0,2
2020-10-29,US,South Carolina,Horry,12510,231,0,33.9212828,-78.99555293,45051.0,3533.089886212477,1.8465227817745804,12279,12463,228,0,12235,12406,344147,47,3,0,44,57
2020-10-29,US,South Carolina,Jasper,929,23,0,32.43171982,-81.02487495,45053.0,3089.149735643268,2.4757804090419806,906,923,23,0,900,919,28971,6,0,0,6,4
2020-10-29,US,South Carolina,Kershaw,2484,46,0,34.33988254,-80.58763164,45055.0,3732.4758455921033,1.851851851851852,2438,2467,46,0,2421,2459,65592,17,0,0,17,8
2020-10-29,US,South Carolina,Lancaster,2599,62,0,34.68270843,-80.70513032,45057.0,2651.7161163939113,2.38553289726818,2537,2580,62,0,2518,2559,95380,19,0,0,19,21
2020-10-29,US,South Carolina,Laurens,1937,61,0,34.48244419,-82.00490796,45059.0,2869.9272517149925,3.149199793495096,1876,1917,61,0,1856,1912,66994,20,0,0,20,5
2020-10-29,US,South Carolina,Lee,791,36,0,34.16393091,-80.25690731,45061.0,4700.499168053245,4.551201011378002,755,786,36,0,750,786,17142,5,0,0,5,0
2020-10-29,US,South Carolina,Lexington,9017,209,0,33.89665987,-81.27146426,45063.0,3018.242677824269,2.3178440723078633,8808,8949,209,0,8740,8909,295032,68,0,0,68,40
2020-10-29,US,South Carolina,Marion,1163,41,0,34.07859748,-79.36400756,45067.0,3793.587108980005,3.52536543422184,1122,1158,41,0,1117,1151,31039,5,0,0,5,7
2020-10-29,US,South Carolina,Marlboro,1142,13,0,34.59905577,-79.67561152,45069.0,4372.463435178804,1.138353765323993,1129,1136,13,0,1123,1133,26398,6,0,0,6,3
2020-10-29,US,South Carolina,McCormick,277,7,0,33.90161443,-82.30794338,45065.0,2927.1901088449754,2.527075812274368,270,274,7,0,267,271,9410,3,0,0,3,3
2020-10-29,US,South Carolina,Newberry,1641,52,0,34.28629098,-81.59935761,45071.0,4268.990634755463,3.1687995124923827,1589,1636,52,0,1584,1631,38520,5,0,0,5,5
2020-10-29,US,South Carolina,Oconee,2484,34,0,34.75225169,-83.06742317,45073.0,3122.7214441958117,1.3687600644122384,2450,2448,34,0,2414,2444,78374,36,0,0,36,4
2020-10-29,US,South Carolina,Orangeburg,3363,131,0,33.4391073,-80.79886287,45075.0,3902.5239338555266,3.895331549212013,3232,3358,131,0,3227,3346,86934,5,0,0,5,12
2020-10-29,US,South Carolina,Pickens,4509,64,0,34.88807695,-82.72791551,45077.0,3553.63954478106,1.4193834553115992,4445,4448,63,0,4385,4406,124937,61,1,0,60,42
2020-10-29,US,South Carolina,Richland,17333,271,0,34.01791263,-80.90267209,45079.0,4169.0017534196495,1.5634916056078,17062,17241,270,0,16971,17182,414576,92,1,0,91,59
2020-10-29,US,South Carolina,Saluda,727,24,0,34.00795823,-81.72713237,45081.0,3551.018414497143,3.3012379642365888,703,723,24,0,699,723,20544,4,0,0,4,0
2020-10-29,US,South Carolina,Spartanburg,9103,232,0,34.92960077,-81.99225984,45083.0,2846.6000594149195,2.548610348236845,8871,9014,229,0,8785,8922,313888,89,3,0,86,92
2020-10-29,US,South Carolina,Sumter,3575,89,0,33.91826534,-80.37942316,45085.0,3349.8561670149265,2.4895104895104896,3486,3556,89,0,3467,3548,106512,19,0,0,19,8
2020-10-29,US,South Carolina,Union,759,18,0,34.68835752,-81.61730349,45087.0,2778.591301801142,2.3715415019762847,741,752,17,0,735,746,27410,7,1,0,6,6
2020-10-29,US,South Carolina,Williamsburg,1454,50,0,33.62190129,-79.72767442,45089.0,4787.934668071654,3.43878954607978,1404,1461,50,0,1411,1445,30606,-7,0,0,-7,16
2020-10-29,US,South Carolina,York,6777,104,0,34.97281497,-81.18085944,45091.0,2411.924022791739,1.5346023314150803,6673,6715,104,0,6611,6671,274118,62,0,0,62,44
2020-10-29,US,South Dakota,Aurora,180,0,0,43.71757685,-98.56050467,46003.0,6543.075245365321,0.0,180,176,0,0,176,166,2801,4,0,0,4,10
2020-10-29,US,South Dakota,Beadle,1290,14,0,44.41464384,-98.27858469,46005.0,6990.733214111527,1.0852713178294573,1276,1240,13,0,1227,1212,18883,50,1,0,49,28
2020-10-29,US,South Dakota,Bennett,187,5,0,43.19486375,-101.6665572,46007.0,5557.206537890044,2.6737967914438503,182,183,5,0,178,173,3468,4,0,0,4,10
2020-10-29,US,South Dakota,Bon Homme,950,1,0,42.98914167,-97.88592746,46009.0,13766.120852050428,0.10526315789473684,949,920,1,0,919,882,6980,30,0,0,30,38
2020-10-29,US,South Dakota,Brookings,1466,5,0,44.36974375,-96.79079945,46011.0,4179.3767996122815,0.34106412005457026,1461,1426,5,0,1421,1413,35232,40,0,0,40,13
2020-10-29,US,South Dakota,Brown,2033,5,0,45.58994323,-98.35165355,46013.0,5234.429310744355,0.2459419576979833,2028,2014,4,0,2010,1983,39316,19,1,0,18,31
2020-10-29,US,South Dakota,Brule,292,2,0,43.71756379,-99.08118954,46015.0,5512.554276005286,0.6849315068493149,290,282,2,0,280,275,5229,10,0,0,10,7
2020-10-29,US,South Dakota,Buffalo,254,4,0,44.07657829,-99.20814467,46017.0,12945.973496432212,1.5748031496062993,250,249,4,0,245,238,2036,5,0,0,5,11
2020-10-29,US,South Dakota,Butte,368,3,0,44.90608745,-103.5079318,46019.0,3528.622111420079,0.8152173913043478,365,355,3,0,352,315,10222,13,0,0,13,40
2020-10-29,US,South Dakota,Campbell,75,1,0,45.77074915,-100.0510181,46021.0,5450.581395348837,1.3333333333333333,74,74,1,0,73,74,1377,1,0,0,1,0
2020-10-29,US,South Dakota,Charles Mix,398,0,0,43.20660134,-98.58856175,46023.0,4283.254412397761,0.0,398,391,0,0,391,376,9338,7,0,0,7,15
2020-10-29,US,South Dakota,Clark,118,0,0,44.85834507,-97.72925109,46025.0,3158.458244111349,0.0,118,114,0,0,114,102,3739,4,0,0,4,12
2020-10-29,US,South Dakota,Clay,829,8,0,42.91296147,-96.97656917,46027.0,5891.968727789624,0.9650180940892642,821,817,8,0,809,801,14041,12,0,0,12,16
2020-10-29,US,South Dakota,Codington,1502,13,0,44.97788119,-97.18827677,46029.0,5362.562033632047,0.8655126498002663,1489,1479,12,0,1467,1443,28015,23,1,0,22,36
2020-10-29,US,South Dakota,Corson,206,1,0,45.70889983,-101.1970473,46031.0,5041.605482134117,0.4854368932038835,205,176,1,0,175,173,4165,30,0,0,30,3
2020-10-29,US,South Dakota,Custer,316,3,0,43.67741105,-103.45345209999999,46033.0,3522.0686580472584,0.9493670886075948,313,315,3,0,312,308,8726,1,0,0,1,7
2020-10-29,US,South Dakota,Davison,957,9,0,43.67490933,-98.14458906,46035.0,4839.4437420986105,0.9404388714733544,948,915,8,0,907,873,19790,42,1,0,41,42
2020-10-29,US,South Dakota,Day,160,2,0,45.367281,-97.60737498,46037.0,2949.8525073746314,1.25,158,159,2,0,157,156,5505,1,0,0,1,3
2020-10-29,US,South Dakota,Deuel,189,1,0,44.75994309,-96.66943645,46039.0,4343.829004826477,0.5291005291005291,188,184,0,0,184,182,4337,5,1,0,4,2
2020-10-29,US,South Dakota,Dewey,330,0,0,45.15639647,-100.8709139,46041.0,5600.814663951121,0.0,330,327,0,0,327,308,5904,3,0,0,3,19
2020-10-29,US,South Dakota,Douglas,165,4,0,43.38520741,-98.36978007,46043.0,5648.750427935638,2.4242424242424243,161,165,4,0,161,161,2935,0,0,0,0,4
2020-10-29,US,South Dakota,Edmunds,144,1,0,45.41846445,-99.21545423,46045.0,3760.773047793157,0.6944444444444444,143,142,1,0,141,139,3875,2,0,0,2,3
2020-10-29,US,South Dakota,Fall River,210,6,0,43.23929297,-103.5275691,46047.0,3128.2586027111574,2.8571428571428568,204,203,6,0,197,192,6758,7,0,0,7,11
2020-10-29,US,South Dakota,Faulk,218,1,0,45.07082625,-99.14535601,46049.0,9482.383645063073,0.4587155963302753,217,206,1,0,205,203,2330,12,0,0,12,3
2020-10-29,US,South Dakota,Grant,305,2,0,45.1723937,-96.77002276,46051.0,4325.014180374362,0.6557377049180327,303,304,2,0,302,290,7147,1,0,0,1,14
2020-10-29,US,South Dakota,Gregory,233,10,0,43.19419064,-99.18883902,46053.0,5567.502986857826,4.291845493562231,223,224,10,0,214,213,4212,9,0,0,9,11
2020-10-29,US,South Dakota,Haakon,98,1,0,44.29299053,-101.539099,46055.0,5160.610847814639,1.020408163265306,97,96,1,0,95,87,1918,2,0,0,2,9
2020-10-29,US,South Dakota,Hamlin,199,0,0,44.67385954,-97.18829593,46057.0,3228.423101881895,0.0,199,198,0,0,198,192,6111,1,0,0,1,6
2020-10-29,US,South Dakota,Hand,131,1,0,44.54708407,-99.00386459,46059.0,4105.296145408963,0.7633587786259542,130,121,1,0,120,119,3262,10,0,0,10,2
2020-10-29,US,South Dakota,Hanson,96,1,0,43.6746384,-97.78715148,46061.0,2780.191138140747,1.0416666666666667,95,93,1,0,92,89,3376,3,0,0,3,4
2020-10-29,US,South Dakota,Harding,56,0,0,45.58015551,-103.4958629,46063.0,4314.329738058552,0.0,56,52,0,0,52,46,1249,4,0,0,4,6
2020-10-29,US,South Dakota,Hughes,854,7,0,44.39091534,-99.99661148,46065.0,4872.7604701586215,0.819672131147541,847,846,6,0,840,843,17650,8,1,0,7,3
2020-10-29,US,South Dakota,Hutchinson,239,2,0,43.33449012,-97.75536441,46067.0,3278.0139898505013,0.8368200836820083,237,229,2,0,227,221,7380,10,0,0,10,8
2020-10-29,US,South Dakota,Hyde,44,0,0,44.54747703,-99.48572582,46069.0,3382.013835511145,0.0,44,42,0,0,42,39,1282,2,0,0,2,3
2020-10-29,US,South Dakota,Jackson,126,1,0,43.69318385,-101.6255063,46071.0,3767.942583732057,0.7936507936507936,125,121,1,0,120,115,3307,5,0,0,5,6
2020-10-29,US,South Dakota,Jerauld,162,12,0,44.06637798,-98.62965972,46073.0,8047.69001490313,7.407407407407407,150,158,12,0,146,155,2043,4,0,0,4,3
2020-10-29,US,South Dakota,Jones,32,0,0,43.96278565,-100.6940008,46075.0,3543.7430786268,0.0,32,32,0,0,32,32,928,0,0,0,0,0
2020-10-29,US,South Dakota,Kingsbury,191,2,0,44.36956169,-97.4913945,46077.0,3867.179591010326,1.0471204188481675,189,186,2,0,184,176,4919,5,0,0,5,10
2020-10-29,US,South Dakota,Lake,389,9,0,44.02193107,-97.12926365,46079.0,3039.7749472532623,2.3136246786632397,380,378,9,0,369,362,13057,11,0,0,11,16
2020-10-29,US,South Dakota,Lawrence,925,6,0,44.35919441,-103.79294279999999,46081.0,3579.1673115616773,0.6486486486486487,919,896,6,0,890,849,25741,29,0,0,29,47
2020-10-29,US,South Dakota,Lincoln,2830,20,0,43.27841182,-96.72039050000001,46083.0,4629.62962962963,0.7067137809187279,2810,2759,18,0,2741,2661,58807,71,2,0,69,98
2020-10-29,US,South Dakota,Lyman,277,5,0,43.89522709,-99.85201878,46085.0,7326.104205236709,1.8050541516245489,272,267,5,0,262,257,3821,10,0,0,10,10
2020-10-29,US,South Dakota,Marshall,65,1,0,45.75870838,-97.59855639,46091.0,1317.1225937183385,1.5384615384615383,64,64,1,0,63,64,5112,1,0,0,1,0
2020-10-29,US,South Dakota,McCook,250,1,0,43.6742571,-97.36863144,46087.0,4475.474400286429,0.4,249,234,1,0,233,225,5546,16,0,0,16,9
2020-10-29,US,South Dakota,McPherson,72,0,0,45.76626028,-99.22118798,46089.0,3026.481715006305,0.0,72,69,0,0,69,67,2407,3,0,0,3,2
2020-10-29,US,South Dakota,Meade,962,10,0,44.56676791,-102.71627409999999,46093.0,3395.453903713116,1.0395010395010396,952,944,10,0,934,916,28294,18,0,0,18,28
2020-10-29,US,South Dakota,Mellette,83,1,0,43.58078848,-100.7563186,46095.0,4027.1712760795726,1.2048192771084338,82,80,1,0,79,71,2042,3,0,0,3,9
2020-10-29,US,South Dakota,Miner,142,1,0,44.02197882,-97.60992207,46097.0,6407.942238267148,0.7042253521126759,141,142,1,0,141,137,2213,0,0,0,0,5
2020-10-29,US,South Dakota,Minnehaha,11495,110,0,43.67441641,-96.7910885,46099.0,5951.826193213003,0.9569377990430622,11385,11281,107,0,11174,10997,192876,214,3,0,211,284
2020-10-29,US,South Dakota,Moody,219,2,0,44.02266214,-96.67081159,46101.0,3330.29197080292,0.9132420091324199,217,213,2,0,211,210,6579,6,0,0,6,3
2020-10-29,US,South Dakota,Oglala Lakota,953,6,0,43.33749164,-102.55554980000001,46102.0,6722.155604147563,0.6295907660020986,947,907,6,0,901,878,14309,46,0,0,46,29
2020-10-29,US,South Dakota,Pennington,4466,49,0,44.0025835,-102.8240777,46103.0,3925.2911448033396,1.09717868338558,4417,4381,49,0,4332,4239,111729,85,0,0,85,142
2020-10-29,US,South Dakota,Perkins,80,0,0,45.49049506,-102.47555859999999,46105.0,2792.3211169284473,0.0,80,78,0,0,78,74,2922,2,0,0,2,4
2020-10-29,US,South Dakota,Potter,107,0,0,45.06583079,-99.95498503,46107.0,4969.8095680445895,0.0,107,103,0,0,103,99,2207,4,0,0,4,4
2020-10-29,US,South Dakota,Roberts,348,5,0,45.62975048,-96.94672673,46109.0,3348.0854339041753,1.4367816091954022,343,342,4,0,338,336,10447,6,1,0,5,6
2020-10-29,US,South Dakota,Sanborn,102,1,0,44.02351092,-98.09098159999999,46111.0,4351.535836177473,0.9803921568627452,101,99,0,0,99,91,2429,3,1,0,2,8
2020-10-29,US,South Dakota,Spink,278,1,0,44.93837606,-98.34626602,46115.0,4360.100376411543,0.3597122302158273,277,272,1,0,271,262,6495,6,0,0,6,10
2020-10-29,US,South Dakota,Stanley,92,0,0,44.41381872,-100.7349153,46117.0,2969.657843770174,0.0,92,90,0,0,90,90,3022,2,0,0,2,0
2020-10-29,US,South Dakota,Sully,41,0,0,44.71571812,-100.1278092,46119.0,2947.519769949677,0.0,41,41,0,0,41,41,1392,0,0,0,0,0
2020-10-29,US,South Dakota,Todd,469,6,0,43.19338568,-100.71955030000001,46121.0,4608.430775277588,1.279317697228145,463,453,6,0,447,435,10283,16,0,0,16,18
2020-10-29,US,South Dakota,Tripp,271,2,0,43.34459388,-99.8854891,46123.0,4980.702076824114,0.7380073800738007,269,269,2,0,267,262,5478,2,0,0,2,7
2020-10-29,US,South Dakota,Turner,483,16,0,43.3109081,-97.14865776,46125.0,5760.9732824427465,3.312629399585921,467,475,11,0,464,453,8424,8,5,0,3,22
2020-10-29,US,South Dakota,Union,758,11,0,42.83112163,-96.6557828,46127.0,4757.7203113231235,1.4511873350923483,747,747,11,0,736,732,15619,11,0,0,11,15
2020-10-29,US,South Dakota,Walworth,271,5,0,45.43019636,-100.03075140000001,46129.0,4986.20055197792,1.845018450184502,266,268,4,0,264,267,5587,3,1,0,2,1
2020-10-29,US,South Dakota,Yankton,876,5,0,43.00924485,-97.39467635,46135.0,3839.7475234505127,0.5707762557077626,871,842,5,0,837,801,22869,34,0,0,34,41
2020-10-29,US,South Dakota,Ziebach,93,2,0,44.97881876,-101.6654622,46137.0,3374.4557329462987,2.150537634408602,91,92,2,0,90,89,2742,1,0,0,1,3
2020-10-29,US,Tennessee,Anderson,1813,14,0,36.12684348,-84.19965764,47001.0,2355.2183740809064,0.7722007722007722,1799,1767,14,0,1753,1727,76482,46,0,0,46,40
2020-10-29,US,Tennessee,Bedford,1789,20,0,35.51123746,-86.45549096,47003.0,3598.656287087885,1.1179429849077698,1769,1763,20,0,1743,1753,49038,26,0,0,26,10
2020-10-29,US,Tennessee,Benton,434,10,0,36.07110411,-88.06849355,47005.0,2685.6435643564355,2.3041474654377883,424,431,9,0,422,426,16184,3,1,0,2,5
2020-10-29,US,Tennessee,Bledsoe,1034,4,0,35.59942968,-85.20611967,47007.0,6864.04673393521,0.3868471953578336,1030,1033,4,0,1029,1026,14755,1,0,0,1,7
2020-10-29,US,Tennessee,Blount,3515,36,0,35.68938198,-83.92847788,47009.0,2641.109641740803,1.0241820768136558,3479,3464,36,0,3428,3404,131349,51,0,0,51,60
2020-10-29,US,Tennessee,Bradley,3703,23,0,35.15739424,-84.857186,47011.0,3425.215058736472,0.6211180124223602,3680,3667,23,0,3644,3641,106727,36,0,0,36,26
2020-10-29,US,Tennessee,Campbell,1104,13,0,36.40355516,-84.15108559999999,47013.0,2770.9452336730083,1.177536231884058,1091,1071,13,0,1058,1044,39583,33,0,0,33,27
2020-10-29,US,Tennessee,Cannon,432,2,0,35.80990797,-86.05738983,47015.0,2943.1802697915255,0.462962962962963,430,430,2,0,428,427,14462,2,0,0,2,3
2020-10-29,US,Tennessee,Carroll,1169,26,0,35.97366108,-88.45189331,47017.0,4210.033492995282,2.2241231822070144,1143,1161,26,0,1135,1158,28020,8,0,0,8,3
2020-10-29,US,Tennessee,Carter,1666,36,0,36.28969086,-82.12588974,47019.0,2954.372151584473,2.1608643457382954,1630,1630,34,0,1596,1598,56351,36,2,0,34,32
2020-10-29,US,Tennessee,Cheatham,1097,12,0,36.26136216,-87.08903581,47021.0,2697.5188727961245,1.0938924339106657,1085,1091,12,0,1079,1079,40439,6,0,0,6,12
2020-10-29,US,Tennessee,Chester,741,15,0,35.42527478,-88.6095842,47023.0,4283.979880904203,2.0242914979757085,726,740,15,0,725,735,17276,1,0,0,1,5
2020-10-29,US,Tennessee,Claiborne,543,7,0,36.48319149,-83.65947309,47025.0,1699.0519102600203,1.2891344383057088,536,538,7,0,531,534,31756,5,0,0,5,4
2020-10-29,US,Tennessee,Clay,418,15,0,36.55151008,-85.53930419,47027.0,5489.166119500985,3.5885167464114827,403,415,15,0,400,410,7717,3,0,0,3,5
2020-10-29,US,Tennessee,Cocke,1150,14,0,35.9278914,-83.11828725,47029.0,3194.089545606044,1.2173913043478262,1136,1123,14,0,1109,1097,35774,27,0,0,27,26
2020-10-29,US,Tennessee,Coffee,1987,26,0,35.49090731,-86.07311784,47031.0,3515.5697098372248,1.3085052843482636,1961,1962,26,0,1936,1943,55700,25,0,0,25,19
2020-10-29,US,Tennessee,Crockett,907,22,0,35.81830662,-89.14916269,47033.0,6373.858046380888,2.4255788313120177,885,897,22,0,875,876,14328,10,0,0,10,21
2020-10-29,US,Tennessee,Cumberland,1669,27,0,35.95271721,-84.99840585,47035.0,2757.7660277594177,1.6177351707609346,1642,1651,27,0,1624,1623,59673,18,0,0,18,28
2020-10-29,US,Tennessee,Davidson,32679,345,0,36.17007426,-86.78646056,47037.0,4707.8127881246555,1.0557238593592215,32334,32483,346,0,32137,32175,692587,196,-1,0,197,308
2020-10-29,US,Tennessee,DeKalb,786,17,0,35.97616272,-85.83689361,47041.0,3836.0175695461207,2.1628498727735366,769,779,17,0,762,751,20138,7,0,0,7,28
2020-10-29,US,Tennessee,Decatur,679,11,0,35.60048904,-88.11043779,47039.0,5821.8297179113415,1.6200294550810015,668,674,11,0,663,667,11706,5,0,0,5,7
2020-10-29,US,Tennessee,Dickson,1763,19,0,36.14669837,-87.35891709,47043.0,3267.961740935716,1.0777084515031197,1744,1747,19,0,1728,1722,53446,16,0,0,16,25
2020-10-29,US,Tennessee,Dyer,2336,38,0,36.05931946,-89.41542855,47045.0,6286.498560241125,1.6267123287671232,2298,2324,38,0,2286,2285,37320,12,0,0,12,39
2020-10-29,US,Tennessee,Fayette,1759,25,0,35.19615831,-89.41399032,47047.0,4276.371769625362,1.421262080727686,1734,1744,25,0,1719,1708,40507,15,0,0,15,36
2020-10-29,US,Tennessee,Fentress,944,11,0,36.38128818,-84.92870012,47049.0,5096.366679263619,1.1652542372881356,933,934,11,0,923,926,18217,10,0,0,10,8
2020-10-29,US,Tennessee,Franklin,1336,23,0,35.15634626,-86.09201039,47051.0,3165.276724791509,1.7215568862275448,1313,1314,23,0,1291,1305,41890,22,0,0,22,9
2020-10-29,US,Tennessee,Gibson,2227,49,0,35.99438059,-88.93358327,47053.0,4532.595200781552,2.2002694207453968,2178,2205,49,0,2156,2192,49045,22,0,0,22,13
2020-10-29,US,Tennessee,Giles,1007,38,0,35.20222469,-87.03992678,47055.0,3417.730111322292,3.7735849056603774,969,994,38,0,956,986,29503,13,0,0,13,8
2020-10-29,US,Tennessee,Grainger,636,4,0,36.27469206,-83.51254721,47057.0,2727.2727272727275,0.6289308176100629,632,635,4,0,631,617,23145,1,0,0,1,18
2020-10-29,US,Tennessee,Greene,1876,54,0,36.17470125,-82.84691273,47059.0,2716.1244552548897,2.8784648187633266,1822,1831,54,0,1777,1821,69087,45,0,0,45,10
2020-10-29,US,Tennessee,Grundy,587,12,0,35.38433717,-85.72142731,47061.0,4371.788187979444,2.044293015332197,575,585,11,0,574,578,13346,2,1,0,1,7
2020-10-29,US,Tennessee,Hamblen,2547,50,0,36.21990035,-83.26586179,47063.0,3922.4443280869814,1.9630938358853556,2497,2525,50,0,2475,2495,64569,22,0,0,22,30
2020-10-29,US,Tennessee,Hamilton,12175,112,0,35.17670231,-85.16652245,47065.0,3310.1869473958955,0.919917864476386,12063,12057,111,0,11946,11952,364286,118,1,0,117,105
2020-10-29,US,Tennessee,Hancock,125,3,0,36.52692871,-83.22375847,47067.0,1888.2175226586105,2.4,122,123,3,0,120,121,6549,2,0,0,2,2
2020-10-29,US,Tennessee,Hardeman,1931,33,0,35.20772017,-88.99161161,47069.0,7708.582834331337,1.7089590885551529,1898,1929,33,0,1896,1909,25220,2,0,0,2,20
2020-10-29,US,Tennessee,Hardin,1435,22,0,35.19732531,-88.18593755,47071.0,5594.105722750663,1.5331010452961673,1413,1426,22,0,1404,1416,25776,9,0,0,9,10
2020-10-29,US,Tennessee,Hawkins,1272,28,0,36.44355426,-82.94885298,47073.0,2239.9887296164547,2.2012578616352205,1244,1245,25,0,1220,1232,56530,27,3,0,24,13
2020-10-29,US,Tennessee,Haywood,1320,28,0,35.58332824,-89.28536625,47075.0,7628.2940360610255,2.121212121212121,1292,1317,28,0,1289,1305,17335,3,0,0,3,12
2020-10-29,US,Tennessee,Henderson,1441,26,0,35.65581134,-88.38600175,47077.0,5125.013337127005,1.8043025676613464,1415,1436,26,0,1410,1426,27847,5,0,0,5,10
2020-10-29,US,Tennessee,Henry,837,12,0,36.33160906,-88.30121797,47079.0,2587.7260782192,1.4336917562724014,825,821,12,0,809,809,32358,16,0,0,16,12
2020-10-29,US,Tennessee,Hickman,829,15,0,35.80609681,-87.47643507,47081.0,3292.556994201287,1.8094089264173705,814,820,15,0,805,810,25063,9,0,0,9,10
2020-10-29,US,Tennessee,Houston,431,17,0,36.28872054,-87.71878828,47083.0,5255.45665162785,3.94431554524362,414,428,17,0,411,425,8263,3,0,0,3,3
2020-10-29,US,Tennessee,Humphreys,465,4,0,36.03958805,-87.77992872,47085.0,2502.4216984178242,0.8602150537634409,461,462,4,0,458,457,18486,3,0,0,3,5
2020-10-29,US,Tennessee,Jackson,471,6,0,36.36380466,-85.67239905,47087.0,3996.266757169523,1.2738853503184713,465,468,6,0,462,459,11758,3,0,0,3,9
2020-10-29,US,Tennessee,Jefferson,1604,24,0,36.04818632,-83.45148924,47089.0,2943.389301770805,1.4962593516209477,1580,1588,23,0,1565,1575,54012,16,1,0,15,13
2020-10-29,US,Tennessee,Johnson,1192,7,0,36.45523950000001,-81.84886538,47091.0,6701.146840566674,0.587248322147651,1185,1171,7,0,1164,1166,17778,21,0,0,21,5
2020-10-29,US,Tennessee,Knox,13193,95,0,35.99508821,-83.94635435,47093.0,2805.153163956769,0.7200788296824073,13098,13049,95,0,12954,12956,465289,144,0,0,144,93
2020-10-29,US,Tennessee,Lake,990,4,0,36.34180170000001,-89.48921915,47095.0,14110.60433295325,0.404040404040404,986,990,4,0,986,988,7411,0,0,0,0,2
2020-10-29,US,Tennessee,Lauderdale,1495,17,0,35.75893438,-89.63015909999999,47097.0,5832.3255178870995,1.1371237458193981,1478,1474,17,0,1457,1451,25825,21,0,0,21,23
2020-10-29,US,Tennessee,Lawrence,1707,20,0,35.21675201,-87.39787695,47099.0,3867.065379910289,1.1716461628588166,1687,1696,20,0,1676,1665,43734,11,0,0,11,31
2020-10-29,US,Tennessee,Lewis,442,5,0,35.52853208,-87.49022694,47101.0,3602.869253342028,1.1312217194570136,437,431,5,0,426,422,12086,11,0,0,11,9
2020-10-29,US,Tennessee,Lincoln,945,3,0,35.13738622,-86.58910106,47103.0,2749.810859570505,0.31746031746031744,942,931,3,0,928,925,34117,14,0,0,14,6
2020-10-29,US,Tennessee,Loudon,1690,12,0,35.73939663,-84.31145275,47105.0,3125.693571058667,0.7100591715976331,1678,1678,12,0,1666,1653,53054,12,0,0,12,25
2020-10-29,US,Tennessee,Macon,1381,25,0,36.53157855,-86.00778595,47111.0,5613.3647670921055,1.8102824040550325,1356,1371,25,0,1346,1357,24265,10,0,0,10,14
2020-10-29,US,Tennessee,Madison,3918,80,0,35.61181957,-88.84076036,47113.0,3998.6120182887,2.0418580908626853,3838,3892,80,0,3812,3851,97605,26,0,0,26,41
2020-10-29,US,Tennessee,Marion,812,10,0,35.12997174,-85.62265895,47115.0,2809.0081987061963,1.2315270935960592,802,809,10,0,799,794,28575,3,0,0,3,15
2020-10-29,US,Tennessee,Marshall,1190,11,0,35.45798777,-86.76420988,47117.0,3461.818181818182,0.9243697478991596,1179,1172,11,0,1161,1156,33683,18,0,0,18,16
2020-10-29,US,Tennessee,Maury,3458,39,0,35.618741299999996,-87.07462444,47119.0,3587.6207372363488,1.1278195488721805,3419,3431,38,0,3393,3407,94340,27,1,0,26,24
2020-10-29,US,Tennessee,McMinn,1712,38,0,35.42812616,-84.61520715,47107.0,3182.5110607130896,2.2196261682242997,1674,1683,38,0,1645,1673,53285,29,0,0,29,10
2020-10-29,US,Tennessee,McNairy,1150,29,0,35.17468549,-88.5647812,47109.0,4475.753094107574,2.5217391304347827,1121,1150,29,0,1121,1144,25832,0,0,0,0,6
2020-10-29,US,Tennessee,Meigs,337,6,0,35.51558739,-84.81482914,47121.0,2712.928674931573,1.7804154302670625,331,332,6,0,326,330,12306,5,0,0,5,2
2020-10-29,US,Tennessee,Monroe,1521,29,0,35.44550387,-84.24902965,47123.0,3267.8053496616176,1.9066403681788295,1492,1507,29,0,1478,1486,46357,14,0,0,14,21
2020-10-29,US,Tennessee,Montgomery,4389,60,0,36.49609412,-87.38550661,47125.0,2100.070337284024,1.367053998632946,4329,4333,60,0,4273,4275,205950,56,0,0,56,58
2020-10-29,US,Tennessee,Moore,283,2,0,35.27724699,-86.36230578,47127.0,4361.89889025894,0.7067137809187279,281,277,2,0,275,271,6411,6,0,0,6,6
2020-10-29,US,Tennessee,Morgan,458,7,0,36.13248031,-84.64880098,47129.0,2139.886931738541,1.5283842794759823,451,451,7,0,444,444,21579,7,0,0,7,7
2020-10-29,US,Tennessee,Obion,1855,23,0,36.35732446,-89.14921589,47131.0,6169.144301440021,1.2398921832884098,1832,1847,23,0,1824,1811,30267,8,0,0,8,36
2020-10-29,US,Tennessee,Out of TN,4278,36,0,0.0,0.0,80047.0,0.0,0.8415147265077139,4242,4177,35,0,4142,4171,,101,1,0,100,6
2020-10-29,US,Tennessee,Overton,1261,20,0,36.34117832,-85.28989535,47133.0,5669.709095814037,1.5860428231562251,1241,1248,18,0,1230,1232,22068,13,2,0,11,16
2020-10-29,US,Tennessee,Perry,343,5,0,35.63708728,-87.86139634,47135.0,4247.152055473007,1.4577259475218658,338,336,5,0,331,329,8064,7,0,0,7,7
2020-10-29,US,Tennessee,Pickett,287,9,0,36.55606529,-85.07763299999998,47137.0,5685.419968304279,3.1358885017421603,278,283,9,0,274,276,5082,4,0,0,4,7
2020-10-29,US,Tennessee,Polk,540,13,0,35.12245443,-84.52075859,47139.0,3208.174904942966,2.4074074074074074,527,533,13,0,520,527,16898,7,0,0,7,6
2020-10-29,US,Tennessee,Putnam,4610,59,0,36.14005459,-85.50646123,47141.0,5744.906224686896,1.2798264642082429,4551,4548,57,0,4491,4499,78843,62,2,0,60,49
2020-10-29,US,Tennessee,Rhea,1141,19,0,35.60536161,-84.93076643,47143.0,3440.166430488136,1.6652059596844873,1122,1132,19,0,1113,1130,33044,9,0,0,9,2
2020-10-29,US,Tennessee,Roane,1420,8,0,35.84923189,-84.52458689,47145.0,2660.072683676145,0.5633802816901409,1412,1387,8,0,1379,1346,53140,33,0,0,33,41
2020-10-29,US,Tennessee,Robertson,2681,43,0,36.52454807,-86.87346725,47147.0,3733.3073398966762,1.6038791495710556,2638,2669,43,0,2626,2640,71012,12,0,0,12,29
2020-10-29,US,Tennessee,Rutherford,12406,115,0,35.84591405,-86.4107263,47149.0,3733.541989557157,0.9269708205706916,12291,12271,115,0,12156,12143,324890,135,0,0,135,128
2020-10-29,US,Tennessee,Scott,408,5,0,36.42325673,-84.50360494,47151.0,1848.830886351278,1.2254901960784317,403,400,5,0,395,394,22039,8,0,0,8,6
2020-10-29,US,Tennessee,Sequatchie,363,2,0,35.36979721,-85.41022136,47153.0,2415.812591508053,0.5509641873278237,361,357,2,0,355,357,14876,6,0,0,6,0
2020-10-29,US,Tennessee,Sevier,3497,22,0,35.78077323,-83.52244332,47155.0,3559.2875318066162,0.6291106662853875,3475,3461,22,0,3439,3408,97892,36,0,0,36,53
2020-10-29,US,Tennessee,Shelby,37335,570,0,35.1864775,-89.89692423,47157.0,3983.8193020233343,1.5267175572519085,36765,37111,570,0,36541,36855,935764,224,0,0,224,256
2020-10-29,US,Tennessee,Smith,1032,14,0,36.25359775,-85.95411046,47159.0,5119.809495460634,1.3565891472868217,1018,1024,14,0,1010,1005,19942,8,0,0,8,19
2020-10-29,US,Tennessee,Stewart,348,11,0,36.50235092,-87.83920548,47161.0,2537.367845424717,3.160919540229885,337,344,11,0,333,338,13561,4,0,0,4,6
2020-10-29,US,Tennessee,Sullivan,3981,50,0,36.51240691,-82.30412917,47163.0,2514.082906004497,1.2559658377292138,3931,3923,49,0,3874,3846,157668,58,1,0,57,77
2020-10-29,US,Tennessee,Sumner,6371,113,0,36.46824103,-86.45917204,47165.0,3330.667126718004,1.7736619055093392,6258,6305,113,0,6192,6230,187149,66,0,0,66,75
2020-10-29,US,Tennessee,Tipton,2466,23,0,35.501942,-89.73694895,47167.0,4003.311742073735,0.9326845093268452,2443,2439,23,0,2416,2406,61581,27,0,0,27,33
2020-10-29,US,Tennessee,Trousdale,1789,9,0,36.39026213,-86.16087954,47169.0,15854.306983339244,0.5030743432084964,1780,1781,9,0,1772,1777,11012,8,0,0,8,4
2020-10-29,US,Tennessee,Unassigned,2230,6,0,0.0,0.0,90047.0,0.0,0.2690582959641256,2224,2107,5,0,2102,2330,,123,1,0,122,-223
2020-10-29,US,Tennessee,Unicoi,477,5,0,36.10890856,-82.43709629,47171.0,2667.3376950176144,1.0482180293501049,472,457,3,0,454,445,17761,20,2,0,18,12
2020-10-29,US,Tennessee,Union,555,4,0,36.28590426,-83.83651902,47173.0,2778.890446625275,0.7207207207207207,551,552,3,0,549,549,19688,3,1,0,2,3
2020-10-29,US,Tennessee,Van Buren,212,2,0,35.69864497,-85.45221699,47175.0,3610.3542234332426,0.9433962264150944,210,212,2,0,210,210,5765,0,0,0,0,2
2020-10-29,US,Tennessee,Warren,1507,11,0,35.672829899999996,-85.77969117,47177.0,3650.943624778933,0.7299270072992701,1496,1490,11,0,1479,1461,40878,17,0,0,17,29
2020-10-29,US,Tennessee,Washington,3767,53,0,36.29472368,-82.49454720000001,47179.0,2911.690821256039,1.406955136713565,3714,3663,53,0,3610,3615,128607,104,0,0,104,48
2020-10-29,US,Tennessee,Wayne,1619,7,0,35.23868267,-87.78644456,47181.0,9710.310082168775,0.4323656578134651,1612,1612,7,0,1605,1606,16558,7,0,0,7,6
2020-10-29,US,Tennessee,Weakley,1610,26,0,36.29896232,-88.71990865,47183.0,4830.772923667787,1.6149068322981366,1584,1601,26,0,1575,1579,33415,9,0,0,9,22
2020-10-29,US,Tennessee,White,1252,14,0,35.92929884,-85.45591799,47185.0,4578.533552751875,1.1182108626198084,1238,1228,14,0,1214,1200,27107,24,0,0,24,28
2020-10-29,US,Tennessee,Williamson,7387,56,0,35.89099229,-86.89281867,47187.0,3098.4178648725733,0.7580885339109246,7331,7319,56,0,7263,7235,231729,68,0,0,68,84
2020-10-29,US,Tennessee,Wilson,4920,63,0,36.15496772,-86.29775884,47189.0,3401.148924697733,1.2804878048780488,4857,4847,60,0,4787,4785,140625,73,3,0,70,62
2020-10-29,US,Texas,Anderson,2970,39,0,31.81534745,-95.65354823,48001.0,5144.193296960249,1.3131313131313131,2931,2961,39,0,2922,2949,58057,9,0,0,9,12
2020-10-29,US,Texas,Andrews,655,10,0,32.30468633,-102.63765479999999,48003.0,3501.737503341353,1.5267175572519085,645,628,10,0,618,628,18128,27,0,0,27,0
2020-10-29,US,Texas,Angelina,2317,92,0,31.25457347,-94.60901487,48005.0,2671.971400565069,3.9706517047906775,2225,2304,92,0,2212,2304,87092,13,0,0,13,0
2020-10-29,US,Texas,Aransas,350,18,0,28.10556197,-96.9995047,48007.0,1488.7282007656318,5.142857142857143,332,350,18,0,332,349,23792,0,0,0,0,1
2020-10-29,US,Texas,Archer,160,1,0,33.61569967,-98.68754589,48009.0,1870.688647258272,0.625,159,154,1,0,153,142,8786,6,0,0,6,12
2020-10-29,US,Texas,Armstrong,27,1,0,34.96507426,-101.35748740000001,48011.0,1430.8426073131955,3.703703703703704,26,27,1,0,26,27,1892,0,0,0,0,0
2020-10-29,US,Texas,Atascosa,1292,35,0,28.89333001,-98.52730485,48013.0,2525.7560651379194,2.7089783281733752,1257,1285,35,0,1250,1282,50310,7,0,0,7,3
2020-10-29,US,Texas,Austin,514,10,0,29.88548725,-96.27736949,48015.0,1711.5077250932336,1.9455252918287935,504,514,9,0,505,514,29989,0,1,0,-1,0
2020-10-29,US,Texas,Bailey,296,5,0,34.06854817,-102.8299707,48017.0,4228.571428571428,1.6891891891891893,291,296,5,0,291,296,7027,0,0,0,0,0
2020-10-29,US,Texas,Bandera,185,8,0,29.74619598,-99.24598147,48019.0,800.4499826929732,4.3243243243243255,177,185,8,0,177,185,22824,0,0,0,0,0
2020-10-29,US,Texas,Bastrop,2011,31,0,30.10370699,-97.31206354,48021.0,2266.6050516776936,1.5415216310293387,1980,2006,31,0,1975,1998,86976,5,0,0,5,8
2020-10-29,US,Texas,Baylor,43,3,0,33.61640794,-99.21352901,48023.0,1225.420347677401,6.9767441860465125,40,43,2,0,41,43,3582,0,1,0,-1,0
2020-10-29,US,Texas,Bee,1865,39,0,28.41761668,-97.74215593,48025.0,5727.007523414711,2.091152815013405,1826,1858,39,0,1819,1841,32587,7,0,0,7,17
2020-10-29,US,Texas,Bell,6496,100,0,31.03736027,-97.4785025,48027.0,1789.9064266898856,1.5394088669950738,6396,6427,100,0,6327,6391,355642,69,0,0,69,36
2020-10-29,US,Texas,Bexar,65423,1409,0,29.44928723,-98.52019748,48029.0,3265.347477532425,2.1536768414777683,64014,65222,1407,0,63815,64941,1986049,201,2,0,199,281
2020-10-29,US,Texas,Blanco,162,6,0,30.26640707,-98.3999852,48031.0,1357.8073925069148,3.703703703703704,156,162,6,0,156,161,11702,0,0,0,0,1
2020-10-29,US,Texas,Borden,2,0,0,32.74363984,-101.43165090000001,48033.0,305.8103975535168,0.0,2,2,0,0,2,2,648,0,0,0,0,0
2020-10-29,US,Texas,Bosque,413,11,0,31.89978581,-97.63613524,48035.0,2210.3291410222105,2.6634382566585955,402,408,11,0,397,407,18691,5,0,0,5,1
2020-10-29,US,Texas,Bowie,1963,75,0,33.44626922,-94.41834132,48037.0,2105.2067134967024,3.820682628629649,1888,1944,75,0,1869,1907,94324,19,0,0,19,37
2020-10-29,US,Texas,Brazoria,12387,184,0,29.18757369,-95.44563172,48039.0,3309.695829681722,1.4854282715750384,12203,12333,184,0,12149,12295,370200,54,0,0,54,38
2020-10-29,US,Texas,Brazos,7626,73,0,30.663644800000004,-96.30205577,48041.0,3327.0654549738015,0.957251507998951,7553,7587,68,0,7519,7564,226758,39,5,0,34,23
2020-10-29,US,Texas,Brewster,249,5,0,29.81008251,-103.25203259999999,48043.0,2705.63946539172,2.0080321285140563,244,249,5,0,244,248,9267,0,0,0,0,1
2020-10-29,US,Texas,Briscoe,22,1,0,34.53026962,-101.2084947,48045.0,1423.0271668822766,4.545454545454546,21,22,1,0,21,22,1516,0,0,0,0,0
2020-10-29,US,Texas,Brooks,359,23,0,27.03103197,-98.21808402,48047.0,5061.328069928099,6.406685236768802,336,358,23,0,335,356,7114,1,0,0,1,2
2020-10-29,US,Texas,Brown,688,28,0,31.77430356,-98.99907113,48049.0,1817.0293682653707,4.069767441860465,660,674,28,0,646,670,37924,14,0,0,14,4
2020-10-29,US,Texas,Burleson,475,6,0,30.49273808,-96.62158484,48051.0,2575.5029008295833,1.263157894736842,469,467,6,0,461,464,18389,8,0,0,8,3
2020-10-29,US,Texas,Burnet,1083,15,0,30.78801353,-98.181887,48053.0,2248.987644066037,1.3850415512465375,1068,1047,15,0,1032,950,47542,36,0,0,36,97
2020-10-29,US,Texas,Caldwell,1705,37,0,29.83668859,-97.61814775,48055.0,3904.8186148772443,2.1700879765395893,1668,1700,37,0,1663,1700,43247,5,0,0,5,0
2020-10-29,US,Texas,Calhoun,932,9,0,28.47048236,-96.61633945,48057.0,4377.6420854861435,0.965665236051502,923,930,9,0,921,930,21561,2,0,0,2,0
2020-10-29,US,Texas,Callahan,137,4,0,32.29760619,-99.37326312,48059.0,982.571899878075,2.9197080291970803,133,131,4,0,127,131,13994,6,0,0,6,0
2020-10-29,US,Texas,Cameron,24180,1081,0,26.14524221,-97.48140372,48061.0,5714.1101655863085,4.470636889991729,23099,24150,1081,0,23069,24085,423908,30,0,0,30,65
2020-10-29,US,Texas,Camp,399,13,0,32.97195142,-94.97790104,48063.0,3047.1971895524666,3.2581453634085213,386,399,13,0,386,399,13033,0,0,0,0,0
2020-10-29,US,Texas,Carson,58,0,0,35.40365929,-101.35426690000001,48065.0,978.7377657779275,0.0,58,58,0,0,58,58,6005,0,0,0,0,0
2020-10-29,US,Texas,Cass,537,23,0,33.07499881,-94.34646905,48067.0,1788.450009991341,4.283054003724395,514,533,23,0,510,515,30119,4,0,0,4,18
2020-10-29,US,Texas,Castro,311,7,0,34.53016752,-102.2617243,48069.0,4130.146082337317,2.2508038585209005,304,311,7,0,304,311,7665,0,0,0,0,0
2020-10-29,US,Texas,Chambers,1571,10,0,29.70972016,-94.67154501,48071.0,3583.7306385017223,0.6365372374283895,1561,1565,10,0,1555,1556,42454,6,0,0,6,9
2020-10-29,US,Texas,Cherokee,1643,38,0,31.837258000000002,-95.16559897,48073.0,3120.844888500551,2.31284236153378,1605,1642,37,0,1605,1640,52592,1,1,0,0,2
2020-10-29,US,Texas,Childress,122,0,0,34.529304100000004,-100.2077916,48075.0,1669.8603887215986,0.0,122,122,0,0,122,122,7291,0,0,0,0,0
2020-10-29,US,Texas,Clay,125,3,0,33.78686685,-98.20771198,48077.0,1193.7732785789326,2.4,122,117,2,0,115,110,10456,8,1,0,7,7
2020-10-29,US,Texas,Cochran,109,1,0,33.60425307,-102.82844990000001,48079.0,3820.539782684893,0.9174311926605504,108,109,1,0,108,109,2836,0,0,0,0,0
2020-10-29,US,Texas,Coke,128,6,0,31.88911733,-100.5297533,48081.0,3779.1555949217604,4.6875,122,127,5,0,122,112,3370,1,1,0,0,15
2020-10-29,US,Texas,Coleman,93,4,0,31.76736834,-99.45240766,48083.0,1137.6146788990825,4.301075268817204,89,93,4,0,89,89,8397,0,0,0,0,4
2020-10-29,US,Texas,Collin,18247,181,0,33.18820114,-96.57264368,48085.0,1763.4552008736578,0.9919438811859485,18066,18015,180,0,17835,17883,1005146,232,1,0,231,132
2020-10-29,US,Texas,Collingsworth,22,0,0,34.96489496,-100.27001109999999,48087.0,753.4246575342465,0.0,22,22,0,0,22,22,2962,0,0,0,0,0
2020-10-29,US,Texas,Colorado,504,4,0,29.622097999999998,-96.5273805,48089.0,2344.949518447867,0.7936507936507936,500,502,4,0,498,503,21217,2,0,0,2,-1
2020-10-29,US,Texas,Comal,2891,106,0,29.80811278,-98.27647225,48091.0,1850.7256304054183,3.666551366309236,2785,2872,106,0,2766,2861,148373,19,0,0,19,11
2020-10-29,US,Texas,Comanche,371,5,0,31.94854689,-98.55876441,48093.0,2720.938760542721,1.3477088948787062,366,368,5,0,363,365,13534,3,0,0,3,3
2020-10-29,US,Texas,Concho,144,2,0,31.32635934,-99.86473038,48095.0,5282.465150403522,1.3888888888888888,142,143,2,0,141,143,4276,1,0,0,1,0
2020-10-29,US,Texas,Cooke,566,9,0,33.63979567,-97.21240912,48097.0,1371.8884068158134,1.5901060070671378,557,561,9,0,552,561,40574,5,0,0,5,0
2020-10-29,US,Texas,Coryell,1976,13,0,31.39078397,-97.79936155,48099.0,2601.677397269292,0.6578947368421053,1963,1972,13,0,1959,1967,74808,4,0,0,4,5
2020-10-29,US,Texas,Cottle,40,3,0,34.07783319,-100.27850620000001,48101.0,2861.230329041488,7.5,37,40,3,0,37,39,1389,0,0,0,0,1
2020-10-29,US,Texas,Crane,77,4,0,31.43052248,-102.5143314,48103.0,1605.1698978528248,5.194805194805196,73,77,4,0,73,77,4794,0,0,0,0,0
2020-10-29,US,Texas,Crockett,166,7,0,30.72367027,-101.4134238,48105.0,4792.147806004619,4.216867469879518,159,166,7,0,159,166,3499,0,0,0,0,0
2020-10-29,US,Texas,Crosby,123,7,0,33.61431553,-101.30003640000001,48107.0,2143.9776886874674,5.691056910569106,116,123,7,0,116,123,5779,0,0,0,0,0
2020-10-29,US,Texas,Culberson,102,2,0,31.44506775,-104.5185739,48109.0,4698.295716259789,1.96078431372549,100,101,2,0,99,101,2204,1,0,0,1,0
2020-10-29,US,Texas,Dallam,371,10,0,36.27787176,-102.60207249999999,48111.0,5091.258405379443,2.6954177897574123,361,371,10,0,361,371,7200,0,0,0,0,0
2020-10-29,US,Texas,Dallas,95402,1243,0,32.76670599,-96.77796049999999,48113.0,3619.860399253884,1.3029076958554329,94159,94837,1235,0,93602,93939,2637772,565,8,0,557,898
2020-10-29,US,Texas,Dawson,870,18,0,32.74255572,-101.94772420000001,48115.0,6835.323695788812,2.0689655172413794,852,851,17,0,834,820,12619,19,1,0,18,31
2020-10-29,US,Texas,DeWitt,1086,44,0,29.08101855,-97.35681170000001,48123.0,5386.904761904762,4.051565377532229,1042,1086,44,0,1042,1084,20187,0,0,0,0,2
2020-10-29,US,Texas,Deaf Smith,1058,26,0,34.96522957,-102.6054267,48117.0,5704.734174485065,2.457466918714556,1032,1058,26,0,1032,1058,18760,0,0,0,0,0
2020-10-29,US,Texas,Delta,35,0,0,33.38570922,-95.66921122,48119.0,656.5372350403303,0.0,35,35,0,0,35,33,5349,0,0,0,0,2
2020-10-29,US,Texas,Denton,14672,174,0,33.20521901,-97.11691153,48121.0,1653.729062101629,1.1859323882224646,14498,14547,174,0,14373,14427,859064,125,0,0,125,120
2020-10-29,US,Texas,Dickens,51,2,0,33.61616822,-100.7788855,48125.0,2306.648575305292,3.92156862745098,49,51,2,0,49,51,2249,0,0,0,0,0
2020-10-29,US,Texas,Dimmit,293,7,0,28.42270064,-99.75645095,48127.0,2894.112998814697,2.389078498293516,286,292,7,0,285,290,10308,1,0,0,1,2
2020-10-29,US,Texas,Donley,99,1,0,34.96517499,-100.8140093,48129.0,3020.13422818792,1.0101010101010102,98,99,1,0,98,99,3319,0,0,0,0,0
2020-10-29,US,Texas,Duval,492,21,0,27.68184592,-98.50864568,48131.0,4409.7875773057285,4.2682926829268295,471,489,21,0,468,489,11212,3,0,0,3,0
2020-10-29,US,Texas,Eastland,256,8,0,32.32743996,-98.83243566,48133.0,1394.3355119825708,3.125,248,253,7,0,246,253,18322,3,1,0,2,0
2020-10-29,US,Texas,Ector,6486,121,0,31.86898877,-102.54294279999999,48135.0,3901.987089632602,1.8655565834104224,6365,6373,119,0,6254,6246,162124,113,2,0,111,127
2020-10-29,US,Texas,Edwards,72,2,0,29.98202582,-100.304252,48137.0,3726.7080745341614,2.7777777777777777,70,72,2,0,70,72,1928,0,0,0,0,0
2020-10-29,US,Texas,El Paso,45039,612,0,31.76980765,-106.23632749999999,48141.0,5366.654036161375,1.3588223539599014,44427,43425,601,0,42824,42332,840758,1614,11,0,1603,1093
2020-10-29,US,Texas,Ellis,4999,79,0,32.34894117,-96.79371841,48139.0,2704.706047850411,1.5803160632126425,4920,4968,78,0,4890,4945,179436,31,1,0,30,23
2020-10-29,US,Texas,Erath,1042,15,0,32.23602653,-98.21773417,48143.0,2440.3953346760973,1.4395393474088292,1027,1036,14,0,1022,1031,42446,6,1,0,5,5
2020-10-29,US,Texas,Falls,686,5,0,31.25350609,-96.93630086,48145.0,3966.00566572238,0.7288629737609329,681,675,5,0,670,674,17335,11,0,0,11,1
2020-10-29,US,Texas,Fannin,793,20,0,33.59564294,-96.10751083,48147.0,2232.922227853804,2.522068095838588,773,795,19,0,776,789,35286,-2,1,0,-3,6
2020-10-29,US,Texas,Fayette,676,22,0,29.87788372,-96.92076062,48149.0,2667.0875088771404,3.2544378698224854,654,676,22,0,654,676,25349,0,0,0,0,0
2020-10-29,US,Texas,Fisher,107,3,0,32.74281316,-100.40193020000001,48151.0,2793.7336814621412,2.803738317757009,104,106,3,0,103,106,3839,1,0,0,1,0
2020-10-29,US,Texas,Floyd,142,9,0,34.07227468,-101.3031546,48153.0,2485.9943977591042,6.338028169014086,133,142,9,0,133,142,5837,0,0,0,0,0
2020-10-29,US,Texas,Foard,22,1,0,33.97308618,-99.7767797,48155.0,1904.7619047619046,4.545454545454546,21,22,1,0,21,21,1200,0,0,0,0,1
2020-10-29,US,Texas,Fort Bend,17634,309,0,29.52704478,-95.77219463,48157.0,2172.5096342437,1.7522966995576728,17325,17585,308,0,17277,17556,787858,49,1,0,48,29
2020-10-29,US,Texas,Franklin,221,7,0,33.17653242,-95.21917243,48159.0,2060.6060606060605,3.1674208144796383,214,221,7,0,214,218,10766,0,0,0,0,3
2020-10-29,US,Texas,Freestone,460,4,0,31.70422788,-96.15072516,48161.0,2333.012121519501,0.8695652173913043,456,456,4,0,452,456,19808,4,0,0,4,0
2020-10-29,US,Texas,Frio,1017,9,0,28.86751206,-99.10804207,48163.0,5008.3719097803605,0.8849557522123894,1008,1017,9,0,1008,1016,19816,0,0,0,0,1
2020-10-29,US,Texas,Gaines,543,11,0,32.74055318,-102.6353295,48165.0,2526.5214963707426,2.0257826887661143,532,526,11,0,515,511,20901,17,0,0,17,15
2020-10-29,US,Texas,Galveston,12533,169,0,29.40167322,-94.90469073,48167.0,3663.131066613277,1.3484401180882473,12364,12490,169,0,12321,12404,337890,43,0,0,43,86
2020-10-29,US,Texas,Garza,126,8,0,33.17969345,-101.2984114,48169.0,2022.7965965644569,6.349206349206349,118,126,8,0,118,126,6578,0,0,0,0,0
2020-10-29,US,Texas,Gillespie,367,10,0,30.31824095,-98.94676915,48171.0,1359.8636431006373,2.7247956403269757,357,363,10,0,353,363,26804,4,0,0,4,0
2020-10-29,US,Texas,Glasscock,13,0,0,31.86942909,-101.5207776,48173.0,922.6401703335699,0.0,13,13,0,0,13,13,1388,0,0,0,0,0
2020-10-29,US,Texas,Goliad,166,6,0,28.65696592,-97.42760647,48175.0,2167.667798380778,3.614457831325301,160,166,6,0,160,166,7584,0,0,0,0,0
2020-10-29,US,Texas,Gonzales,1128,20,0,29.45634206,-97.49424032,48177.0,5413.447233286942,1.7730496453900708,1108,1115,20,0,1095,1112,20826,13,0,0,13,3
2020-10-29,US,Texas,Gray,495,10,0,35.40081878,-100.8129222,48179.0,2261.7198208900672,2.0202020202020203,485,495,10,0,485,495,21895,0,0,0,0,0
2020-10-29,US,Texas,Grayson,2661,71,0,33.62744998,-96.67753461,48181.0,1953.572372478196,2.6681698609545283,2590,2632,70,0,2562,2515,133991,29,1,0,28,117
2020-10-29,US,Texas,Gregg,2577,87,0,32.47940482,-94.81591935,48183.0,2079.1480091976277,3.3760186263096625,2490,2568,86,0,2482,2545,123707,9,1,0,8,23
2020-10-29,US,Texas,Grimes,1191,36,0,30.54579585,-95.98902499,48185.0,4123.9612188365645,3.022670025188917,1155,1189,35,0,1154,1187,28360,2,1,0,1,2
2020-10-29,US,Texas,Guadalupe,3899,81,0,29.58165339,-97.94786822,48187.0,2336.871505031556,2.077455757886637,3818,3888,81,0,3807,3883,163694,11,0,0,11,5
2020-10-29,US,Texas,Hale,2632,61,0,34.07044901,-101.82681140000001,48189.0,7878.824163323954,2.3176291793313064,2571,2559,61,0,2498,2537,33830,73,0,0,73,22
2020-10-29,US,Texas,Hall,47,1,0,34.5307555,-100.68138520000001,48191.0,1585.6950067476382,2.127659574468085,46,47,1,0,46,47,3028,0,0,0,0,0
2020-10-29,US,Texas,Hamilton,201,5,0,31.70470573,-98.11083887,48193.0,2375.605720364023,2.487562189054726,196,201,5,0,196,197,8484,0,0,0,0,4
2020-10-29,US,Texas,Hansford,216,6,0,36.27743284,-101.3545796,48195.0,4000.74087794036,2.7777777777777777,210,216,6,0,210,216,5463,0,0,0,0,0
2020-10-29,US,Texas,Hardeman,63,3,0,34.28944521,-99.74632408,48197.0,1601.8306636155605,4.761904761904762,60,63,3,0,60,63,3922,0,0,0,0,0
2020-10-29,US,Texas,Hardin,1452,35,0,30.33364686,-94.38931817,48199.0,2520.7458074372416,2.4104683195592287,1417,1448,35,0,1413,1434,57207,4,0,0,4,14
2020-10-29,US,Texas,Harris,160984,2800,0,29.85864939,-95.39339521,48201.0,3415.508160375107,1.7393032847984893,158184,160532,2791,0,157741,159617,4698619,452,9,0,443,915
2020-10-29,US,Texas,Harrison,1096,38,0,32.54935988,-94.36934071,48203.0,1646.8078073114661,3.4671532846715327,1058,1090,38,0,1052,1076,66726,6,0,0,6,14
2020-10-29,US,Texas,Hartley,171,0,0,35.84008013,-102.6029022,48205.0,3066.7144906743183,0.0,171,171,0,0,171,171,5619,0,0,0,0,0
2020-10-29,US,Texas,Haskell,85,3,0,33.17823584,-99.73037358,48207.0,1502.297631671969,3.5294117647058822,82,83,3,0,80,83,5813,2,0,0,2,0
2020-10-29,US,Texas,Hays,6119,87,0,30.05669873,-98.02944344,48209.0,2658.2272982001905,1.4218009478672986,6032,6376,86,0,6290,6376,222631,-257,1,0,-258,0
2020-10-29,US,Texas,Hemphill,145,0,0,35.83764858,-100.2703577,48211.0,3796.805446451952,0.0,145,145,0,0,145,145,3825,0,0,0,0,0
2020-10-29,US,Texas,Henderson,1310,35,0,32.21128872,-95.85846587,48213.0,1583.3303117106009,2.6717557251908395,1275,1295,35,0,1260,1259,82299,15,0,0,15,36
2020-10-29,US,Texas,Hidalgo,35662,1947,0,26.39418217,-98.18299696,48215.0,4105.181608988992,5.459592843923504,33715,35485,1940,0,33545,35281,865939,177,7,0,170,204
2020-10-29,US,Texas,Hill,852,16,0,31.99045053,-97.13423143,48217.0,2324.756473573631,1.8779342723004693,836,831,16,0,815,817,36354,21,0,0,21,14
2020-10-29,US,Texas,Hockley,665,14,0,33.60771256,-102.3431676,48219.0,2888.666869380131,2.1052631578947367,651,665,14,0,651,665,22980,0,0,0,0,0
2020-10-29,US,Texas,Hood,1214,39,0,32.42990927,-97.83242024,48221.0,1969.4044741495386,3.212520593080725,1175,1194,38,0,1156,1184,60537,20,1,0,19,10
2020-10-29,US,Texas,Hopkins,673,34,0,33.14875072,-95.56351139,48223.0,1814.7988350771225,5.052005943536403,639,672,29,0,643,635,36810,1,5,0,-4,37
2020-10-29,US,Texas,Houston,428,13,0,31.31925973,-95.42226208,48225.0,1863.4622082897947,3.037383177570093,415,427,13,0,414,424,23169,1,0,0,1,3
2020-10-29,US,Texas,Howard,1205,21,0,32.30621324,-101.4356444,48227.0,3286.6026620117827,1.7427385892116185,1184,1202,21,0,1181,1194,36459,3,0,0,3,8
2020-10-29,US,Texas,Hudspeth,106,3,0,31.45628381,-105.388178,48229.0,2169.4637740483013,2.830188679245283,103,106,3,0,103,101,4795,0,0,0,0,5
2020-10-29,US,Texas,Hunt,2043,45,0,33.12351514,-96.08551032,48231.0,2072.134206949713,2.202643171806167,1998,2019,45,0,1974,1992,96493,24,0,0,24,27
2020-10-29,US,Texas,Hutchinson,344,7,0,35.84006574,-101.3546643,48233.0,1642.945840099341,2.0348837209302326,337,344,7,0,337,344,21198,0,0,0,0,0
2020-10-29,US,Texas,Irion,13,0,0,31.30375559,-100.982439,48235.0,846.3541666666665,0.0,13,13,0,0,13,13,1522,0,0,0,0,0
2020-10-29,US,Texas,Jack,153,3,0,33.23377248,-98.17283469,48237.0,1712.3670956911026,1.96078431372549,150,153,3,0,150,152,8843,0,0,0,0,1
2020-10-29,US,Texas,Jackson,654,16,0,28.95472367,-96.57749563,48239.0,4430.8943089430895,2.4464831804281344,638,652,16,0,636,650,14874,2,0,0,2,2
2020-10-29,US,Texas,Jasper,515,34,0,30.74685667,-94.02667579,48241.0,1449.5201103324046,6.601941747572815,481,515,34,0,481,515,35872,0,0,0,0,0
2020-10-29,US,Texas,Jeff Davis,23,0,0,30.71490589,-104.1399973,48243.0,1011.433597185576,0.0,23,23,0,0,23,23,2252,0,0,0,0,0
2020-10-29,US,Texas,Jefferson,8387,152,0,29.8832777,-94.16434171,48245.0,3333.929600699621,1.8123286037915824,8235,8332,152,0,8180,8301,255001,55,0,0,55,31
2020-10-29,US,Texas,Jim Hogg,179,6,0,27.04453923,-98.69681870000001,48247.0,3442.3076923076924,3.35195530726257,173,169,6,0,163,169,5248,10,0,0,10,0
2020-10-29,US,Texas,Jim Wells,1637,52,0,27.73103938,-98.0904705,48249.0,4043.772540882368,3.1765424557116675,1585,1620,52,0,1568,1600,40822,17,0,0,17,20
2020-10-29,US,Texas,Johnson,3754,65,0,32.37877812,-97.36615819,48251.0,2135.1746418150688,1.7314864144912094,3689,3727,65,0,3662,3656,171361,27,0,0,27,71
2020-10-29,US,Texas,Jones,600,2,0,32.73997145,-99.87861576,48253.0,2987.6014539660414,0.3333333333333333,598,595,2,0,593,590,19817,5,0,0,5,5
2020-10-29,US,Texas,Karnes,961,18,0,28.90705334,-97.85960149,48255.0,6159.861547336709,1.8730489073881371,943,955,17,0,938,954,15650,6,1,0,5,1
2020-10-29,US,Texas,Kaufman,3594,57,0,32.599141700000004,-96.28734728,48257.0,2639.658034284707,1.5859766277128549,3537,3571,56,0,3515,3543,128622,23,1,0,22,28
2020-10-29,US,Texas,Kendall,391,10,0,29.94414155,-98.7113588,48259.0,824.3553793932239,2.557544757033248,381,388,10,0,378,387,45641,3,0,0,3,1
2020-10-29,US,Texas,Kenedy,11,2,0,26.92601662,-97.66413984,48261.0,2722.772277227723,18.181818181818183,9,11,2,0,9,11,442,0,0,0,0,0
2020-10-29,US,Texas,Kent,10,0,0,33.18104136,-100.7780939,48263.0,1312.3359580052493,0.0,10,10,0,0,10,10,726,0,0,0,0,0
2020-10-29,US,Texas,Kerr,706,13,0,30.06040006,-99.34930144,48265.0,1342.2053231939165,1.841359773371105,693,704,13,0,691,702,52405,2,0,0,2,2
2020-10-29,US,Texas,Kimble,27,2,0,30.48678918,-99.74856473,48267.0,622.5501498731843,7.407407407407407,25,26,2,0,24,26,4362,1,0,0,1,0
2020-10-29,US,Texas,King,1,0,0,33.61643847,-100.2558057,48269.0,367.6470588235293,0.0,1,1,0,0,1,1,277,0,0,0,0,0
2020-10-29,US,Texas,Kinney,79,1,0,29.34967888,-100.41866379999999,48271.0,2154.3496045814013,1.2658227848101269,78,79,1,0,78,79,3767,0,0,0,0,0
2020-10-29,US,Texas,Kleberg,1030,52,0,27.42435506,-97.69894948,48273.0,3357.2359843546283,5.048543689320389,978,1026,52,0,974,1025,31129,4,0,0,4,1
2020-10-29,US,Texas,Knox,113,9,0,33.60519951,-99.74229059999999,48275.0,3084.0611353711793,7.9646017699115035,104,113,9,0,104,113,3653,0,0,0,0,0
2020-10-29,US,Texas,La Salle,378,13,0,28.34453111,-99.09908775,48283.0,5026.595744680851,3.4391534391534386,365,376,13,0,363,376,7531,2,0,0,2,0
2020-10-29,US,Texas,Lamar,1839,49,0,33.66981763,-95.57404777,48277.0,3688.401291642432,2.6644915715062534,1790,1820,47,0,1773,1803,49728,19,2,0,17,17
2020-10-29,US,Texas,Lamb,538,24,0,34.06859623,-102.35162890000001,48279.0,4172.806949507485,4.4609665427509295,514,538,24,0,514,538,13158,0,0,0,0,0
2020-10-29,US,Texas,Lampasas,311,9,0,31.19531316,-98.24206613,48281.0,1451.3720365876422,2.893890675241157,302,305,9,0,296,305,21229,6,0,0,6,0
2020-10-29,US,Texas,Lavaca,1164,39,0,29.38508402,-96.93186692,48285.0,5775.528431080677,3.3505154639175267,1125,1159,39,0,1120,1141,20110,5,0,0,5,18
2020-10-29,US,Texas,Lee,243,14,0,30.31120597,-96.97045773,48287.0,1409.5945240443182,5.761316872427983,229,242,14,0,228,241,17144,1,0,0,1,1
2020-10-29,US,Texas,Leon,361,12,0,31.29872538,-95.9936328,48289.0,2074.235807860262,3.324099722991689,349,354,12,0,342,350,17270,7,0,0,7,4
2020-10-29,US,Texas,Liberty,2295,59,0,30.15152688,-94.81205615,48291.0,2601.480406715107,2.5708061002178653,2236,2295,58,0,2237,2308,86323,0,1,0,-1,-13
2020-10-29,US,Texas,Limestone,681,16,0,31.5454767,-96.58095444,48293.0,2905.6619874557323,2.3494860499265786,665,679,16,0,663,677,23519,2,0,0,2,2
2020-10-29,US,Texas,Lipscomb,69,1,0,36.27783108,-100.27331509999999,48295.0,2134.2406433652955,1.4492753623188406,68,69,1,0,68,69,3355,0,0,0,0,0
2020-10-29,US,Texas,Live Oak,383,10,0,28.35101362,-98.1246786,48297.0,3137.544032112722,2.610966057441253,373,383,10,0,373,383,12166,0,0,0,0,0
2020-10-29,US,Texas,Llano,188,3,0,30.70645047,-98.68475262,48299.0,862.5831612755219,1.5957446808510638,185,180,3,0,177,180,21646,8,0,0,8,0
2020-10-29,US,Texas,Lubbock,18712,179,0,33.61008596,-101.82047890000001,48303.0,6025.070113243756,0.956605386917486,18533,18015,174,0,17841,17703,307412,697,5,0,692,312
2020-10-29,US,Texas,Lynn,187,6,0,33.17657705,-101.8162849,48305.0,3142.3290203327174,3.2085561497326203,181,172,5,0,167,165,5877,15,1,0,14,7
2020-10-29,US,Texas,Madison,767,7,0,30.96694679,-95.93003775,48313.0,5369.644357322879,0.9126466753585396,760,759,6,0,753,759,14422,8,1,0,7,0
2020-10-29,US,Texas,Marion,172,14,0,32.79868409,-94.35661230000001,48315.0,1745.4840673838034,8.13953488372093,158,172,14,0,158,170,9928,0,0,0,0,2
2020-10-29,US,Texas,Martin,92,7,0,32.30600051,-101.9513518,48317.0,1594.1777854791198,7.608695652173912,85,92,7,0,85,91,5753,0,0,0,0,1
2020-10-29,US,Texas,Mason,82,2,0,30.71780434,-99.22629416,48319.0,1918.5774450163776,2.4390243902439024,80,82,2,0,80,82,4280,0,0,0,0,0
2020-10-29,US,Texas,Matagorda,1114,53,0,28.81955746,-96.01230294,48321.0,3040.144093005485,4.7576301615798915,1061,1105,53,0,1052,1100,36552,9,0,0,9,5
2020-10-29,US,Texas,Maverick,4273,148,0,28.7429195,-100.3157686,48323.0,7276.659514321719,3.4636087058272875,4125,4232,147,0,4085,4224,58485,41,1,0,40,8
2020-10-29,US,Texas,McCulloch,212,5,0,31.1925468,-99.34682807,48307.0,2655.310621242485,2.358490566037736,207,209,4,0,205,206,7987,3,1,0,2,3
2020-10-29,US,Texas,McLennan,10077,139,0,31.55255453,-97.20217694,48309.0,3926.771957307022,1.379378783368066,9938,10014,138,0,9876,9961,254607,63,1,0,62,53
2020-10-29,US,Texas,McMullen,25,1,0,28.35251708,-98.56769164,48311.0,3364.737550471063,4.0,24,25,1,0,24,25,749,0,0,0,0,0
2020-10-29,US,Texas,Medina,1285,48,0,29.355730100000002,-99.11030298,48325.0,2491.082506203474,3.7354085603112837,1237,1276,48,0,1228,1276,50921,9,0,0,9,0
2020-10-29,US,Texas,Menard,75,0,0,30.88990665,-99.82047940000001,48327.0,3507.9513564078584,0.0,75,72,0,0,72,68,2139,3,0,0,3,4
2020-10-29,US,Texas,Midland,5470,94,0,31.86904128,-102.03156820000001,48329.0,3093.3315237061165,1.7184643510054844,5376,5378,94,0,5284,5294,172578,92,0,0,92,84
2020-10-29,US,Texas,Milam,549,8,0,30.78581830000001,-96.97718698,48331.0,2211.658542480764,1.4571948998178506,541,548,8,0,540,547,25131,1,0,0,1,1
2020-10-29,US,Texas,Mills,78,1,0,31.49557106,-98.59272068,48333.0,1600.6566796634518,1.2820512820512822,77,76,1,0,75,77,4921,2,0,0,2,-1
2020-10-29,US,Texas,Mitchell,196,2,0,32.30623474,-100.9212058,48335.0,2293.7390286717373,1.020408163265306,194,193,2,0,191,193,8145,3,0,0,3,0
2020-10-29,US,Texas,Montague,290,6,0,33.67521893,-97.72500958,48337.0,1463.3161772126348,2.0689655172413794,284,284,6,0,278,279,19596,6,0,0,6,5
2020-10-29,US,Texas,Montgomery,14076,179,0,30.30079133,-95.50572772,48339.0,2317.452843390831,1.271668087524865,13897,13996,179,0,13817,13917,590925,80,0,0,80,79
2020-10-29,US,Texas,Moore,1345,22,0,35.83769242,-101.8930281,48341.0,6423.113658070677,1.6356877323420074,1323,1345,22,0,1323,1345,21485,0,0,0,0,0
2020-10-29,US,Texas,Morris,229,5,0,33.11304005,-94.73255695,48343.0,1848.5631256054248,2.183406113537118,224,228,5,0,223,224,12339,1,0,0,1,4
2020-10-29,US,Texas,Motley,17,0,0,34.07408766,-100.77972199999999,48345.0,1416.666666666667,0.0,17,17,0,0,17,17,1234,0,0,0,0,0
2020-10-29,US,Texas,Nacogdoches,1811,70,0,31.62017125,-94.61803994,48347.0,2777.4369670572355,3.865267807840972,1741,1803,69,0,1734,1800,65711,8,1,0,7,3
2020-10-29,US,Texas,Navarro,1458,34,0,32.04620681,-96.47428766,48349.0,2909.4247001775984,2.3319615912208507,1424,1417,33,0,1384,1417,49565,41,1,0,40,0
2020-10-29,US,Texas,Newton,188,14,0,30.78548982,-93.74408813,48351.0,1382.8613460831189,7.446808510638298,174,188,13,0,175,188,13746,0,1,0,-1,0
2020-10-29,US,Texas,Nolan,426,6,0,32.30365282,-100.4060208,48353.0,2895.2018485795843,1.4084507042253518,420,420,6,0,414,420,14751,6,0,0,6,0
2020-10-29,US,Texas,Nueces,21286,442,0,27.736286,-97.5433285,48355.0,5875.338813229035,2.076482194869868,20844,21247,442,0,20805,21219,362265,39,0,0,39,28
2020-10-29,US,Texas,Ochiltree,305,5,0,36.27829105,-100.8158184,48357.0,3100.854005693371,1.639344262295082,300,305,5,0,300,305,9947,0,0,0,0,0
2020-10-29,US,Texas,Oldham,27,2,0,35.40425596,-102.6027606,48359.0,1278.409090909091,7.407407407407407,25,27,2,0,25,27,2131,0,0,0,0,0
2020-10-29,US,Texas,Orange,2221,46,0,30.11879481,-93.89412775,48361.0,2663.1972756487116,2.071139126519586,2175,2187,46,0,2141,2187,83572,34,0,0,34,0
2020-10-29,US,Texas,Palo Pinto,731,18,0,32.75310985,-98.31319001,48363.0,2504.3680838672103,2.4623803009575917,713,726,17,0,709,718,28875,5,1,0,4,8
2020-10-29,US,Texas,Panola,477,28,0,32.163959600000005,-94.30552481,48365.0,2056.56635336725,5.870020964360587,449,475,28,0,447,474,23148,2,0,0,2,1
2020-10-29,US,Texas,Parker,2504,50,0,32.77757172,-97.80500621,48367.0,1752.5441285572306,1.9968051118210863,2454,2490,49,0,2441,2461,138371,14,1,0,13,29
2020-10-29,US,Texas,Parmer,579,19,0,34.52993409,-102.78446679999999,48369.0,6028.110359187924,3.281519861830742,560,579,18,0,561,579,9864,0,1,0,-1,0
2020-10-29,US,Texas,Pecos,509,8,0,30.78097267,-102.72412609999999,48371.0,3216.836251026987,1.5717092337917484,501,508,8,0,500,488,15673,1,0,0,1,20
2020-10-29,US,Texas,Polk,918,36,0,30.79472531,-94.82766240000001,48373.0,1787.6268182968865,3.92156862745098,882,914,35,0,879,914,50031,4,1,0,3,0
2020-10-29,US,Texas,Potter,8096,100,0,35.40133773,-101.893964,48375.0,6895.200783545543,1.2351778656126482,7996,8007,100,0,7907,8007,119648,89,0,0,89,0
2020-10-29,US,Texas,Presidio,135,7,0,29.99954402,-104.24080790000001,48377.0,2013.723150357996,5.185185185185184,128,133,7,0,126,133,6948,2,0,0,2,0
2020-10-29,US,Texas,Rains,95,5,0,32.87109387,-95.79232691,48379.0,759.1497522774492,5.2631578947368425,90,93,5,0,88,92,12159,2,0,0,2,1
2020-10-29,US,Texas,Randall,5218,57,0,34.96585996,-101.8971322,48381.0,3789.039524227923,1.0923725565350708,5161,5218,56,0,5162,5049,136271,0,1,0,-1,169
2020-10-29,US,Texas,Reagan,95,6,0,31.36607041,-101.52326590000001,48383.0,2468.173551571837,6.315789473684211,89,95,6,0,89,95,3741,0,0,0,0,0
2020-10-29,US,Texas,Real,125,8,0,29.83321503,-99.82018052,48385.0,3621.089223638471,6.4,117,125,8,0,117,124,3478,0,0,0,0,1
2020-10-29,US,Texas,Red River,199,17,0,33.61886692,-95.04841765,48387.0,1655.1609415287369,8.542713567839195,182,199,17,0,182,197,12175,0,0,0,0,2
2020-10-29,US,Texas,Reeves,277,7,0,31.32323325,-103.69038959999999,48389.0,1733.8507761642466,2.527075812274368,270,271,7,0,264,267,15695,6,0,0,6,4
2020-10-29,US,Texas,Refugio,312,16,0,28.323897600000002,-97.15766311,48391.0,4490.500863557859,5.128205128205129,296,311,16,0,295,310,7032,1,0,0,1,1
2020-10-29,US,Texas,Roberts,14,0,0,35.83809685,-100.813175,48393.0,1639.344262295082,0.0,14,14,0,0,14,14,903,0,0,0,0,0
2020-10-29,US,Texas,Robertson,431,4,0,31.02539637,-96.51272246,48395.0,2524.305962281832,0.9280742459396752,427,427,4,0,423,425,17284,4,0,0,4,2
2020-10-29,US,Texas,Rockwall,1962,33,0,32.89779518,-96.40771592,48397.0,1870.08530715341,1.6819571865443426,1929,1945,32,0,1913,1939,100657,17,1,0,16,6
2020-10-29,US,Texas,Runnels,302,9,0,31.8314342,-99.97616148,48399.0,2942.3226812159,2.9801324503311264,293,302,9,0,293,301,10234,0,0,0,0,1
2020-10-29,US,Texas,Rusk,1028,23,0,32.10773545,-94.76176432,48401.0,1889.4974818953792,2.2373540856031133,1005,1029,23,0,1006,1008,54450,-1,0,0,-1,21
2020-10-29,US,Texas,Sabine,99,9,0,31.34318809,-93.85440451,48403.0,939.1007398975528,9.090909090909092,90,99,9,0,90,94,10589,0,0,0,0,5
2020-10-29,US,Texas,San Augustine,221,15,0,31.39457611,-94.17000399,48405.0,2683.0156610416416,6.787330316742081,206,221,15,0,206,221,8232,0,0,0,0,0
2020-10-29,US,Texas,San Jacinto,240,13,0,30.57933681,-95.16260304,48407.0,831.6296475969368,5.416666666666668,227,239,13,0,226,238,28719,1,0,0,1,1
2020-10-29,US,Texas,San Patricio,1572,81,0,28.00880118,-97.51763891,48409.0,2355.7620260752287,5.1526717557251915,1491,1572,80,0,1492,1572,66893,0,1,0,-1,0
2020-10-29,US,Texas,San Saba,117,3,0,31.1577796,-98.81758731,48411.0,1932.2873658133774,2.5641025641025643,114,117,2,0,115,118,6054,0,1,0,-1,-1
2020-10-29,US,Texas,Schleicher,55,2,0,30.89740592,-100.5384842,48413.0,1969.2087361260294,3.636363636363636,53,55,2,0,53,55,2895,0,0,0,0,0
2020-10-29,US,Texas,Scurry,1112,16,0,32.74613808,-100.91626640000001,48415.0,6657.486679039694,1.4388489208633093,1096,1089,15,0,1074,1089,16866,23,1,0,22,0
2020-10-29,US,Texas,Shackelford,40,0,0,32.73587756,-99.35401337,48417.0,1225.1148545176109,0.0,40,39,0,0,39,39,3253,1,0,0,1,0
2020-10-29,US,Texas,Shelby,553,30,0,31.79211404,-94.14550696,48419.0,2188.0193083801537,5.4249547920433985,523,550,30,0,520,549,25418,3,0,0,3,1
2020-10-29,US,Texas,Sherman,77,1,0,36.27751473,-101.8933156,48421.0,2547.981469225678,1.2987012987012987,76,77,1,0,76,77,3079,0,0,0,0,0
2020-10-29,US,Texas,Smith,4581,139,0,32.37474036,-95.27175679999999,48423.0,1968.1977735863647,3.0342719930146256,4442,4541,137,0,4404,4498,230221,40,2,0,38,43
2020-10-29,US,Texas,Somervell,159,5,0,32.22236802,-97.77403489,48425.0,1741.8930762489044,3.1446540880503147,154,159,5,0,154,158,9016,0,0,0,0,1
2020-10-29,US,Texas,Starr,3578,185,0,26.56150059,-98.73892358,48427.0,5535.8717682917395,5.170486305198435,3393,3562,185,0,3377,3547,64525,16,0,0,16,15
2020-10-29,US,Texas,Stephens,165,4,0,32.73553157,-98.83631615,48429.0,1761.6912235746313,2.4242424242424243,161,165,4,0,161,161,9433,0,0,0,0,4
2020-10-29,US,Texas,Sterling,18,0,0,31.82781912,-101.05007459999999,48431.0,1394.26800929512,0.0,18,17,0,0,17,17,1311,1,0,0,1,0
2020-10-29,US,Texas,Stonewall,19,1,0,33.17906744,-100.25384009999999,48433.0,1407.4074074074076,5.2631578947368425,18,19,1,0,18,19,1362,0,0,0,0,0
2020-10-29,US,Texas,Sutton,111,3,0,30.49856623,-100.5382014,48435.0,2939.618644067797,2.702702702702702,108,110,3,0,107,110,3758,1,0,0,1,0
2020-10-29,US,Texas,Swisher,152,5,0,34.53028891,-101.73491740000001,48437.0,2054.8871163985395,3.2894736842105265,147,152,3,0,149,152,7462,0,2,0,-2,0
2020-10-29,US,Texas,Tarrant,66110,826,0,32.77143818,-97.29101614,48439.0,3144.329529159126,1.2494327635758584,65284,65368,821,0,64547,64727,2084931,742,5,0,737,641
2020-10-29,US,Texas,Taylor,2127,67,0,32.30163422,-99.89007449,48441.0,1540.9246997116657,3.1499764927127414,2060,2097,67,0,2030,2048,137640,30,0,0,30,49
2020-10-29,US,Texas,Terrell,4,0,0,30.22429013,-102.0766732,48443.0,515.4639175257731,0.0,4,4,0,0,4,4,823,0,0,0,0,0
2020-10-29,US,Texas,Terry,573,9,0,33.17402785,-102.3354521,48445.0,4644.565129285888,1.5706806282722514,564,535,9,0,526,505,12287,38,0,0,38,30
2020-10-29,US,Texas,Throckmorton,19,2,0,33.17751417,-99.21226795,48447.0,1265.822784810127,10.526315789473683,17,19,2,0,17,17,1515,0,0,0,0,2
2020-10-29,US,Texas,Titus,1739,36,0,33.21339719,-94.96797273,48449.0,5309.923664122138,2.0701552616446235,1703,1695,35,0,1660,1695,33033,44,1,0,43,0
2020-10-29,US,Texas,Tom Green,4862,80,0,31.40464436,-100.46244300000001,48451.0,4078.859060402685,1.6454134101192923,4782,4803,77,0,4726,4678,118189,59,3,0,56,125
2020-10-29,US,Texas,Travis,31943,450,0,30.33432034,-97.78535620000001,48453.0,2507.390376732598,1.4087593525968132,31493,31851,449,0,31402,31775,1248743,92,1,0,91,76
2020-10-29,US,Texas,Trinity,206,8,0,31.0879489,-95.1367187,48455.0,1406.047368780288,3.8834951456310685,198,206,8,0,198,206,14740,0,0,0,0,0
2020-10-29,US,Texas,Tyler,269,4,0,30.77031716,-94.37690895,48457.0,1241.2329272794389,1.4869888475836432,265,269,4,0,265,261,21696,0,0,0,0,8
2020-10-29,US,Texas,Upshur,499,15,0,32.73706798,-94.93999853,48459.0,1195.1237036859627,3.006012024048096,484,498,15,0,483,491,41260,1,0,0,1,7
2020-10-29,US,Texas,Upton,27,3,0,31.36868194,-102.0423217,48461.0,738.3100902378999,11.111111111111109,24,27,3,0,24,27,3671,0,0,0,0,0
2020-10-29,US,Texas,Uvalde,836,36,0,29.35739637,-99.76229172,48463.0,3126.2854792266558,4.30622009569378,800,833,36,0,797,833,26846,3,0,0,3,0
2020-10-29,US,Texas,Val Verde,2562,127,0,29.89149232,-101.1525205,48465.0,5225.905150433452,4.9570647931303675,2435,2562,127,0,2435,2562,49208,0,0,0,0,0
2020-10-29,US,Texas,Van Zandt,708,27,0,32.56483801,-95.83766469,48467.0,1251.104435412617,3.8135593220338975,681,696,27,0,669,684,56019,12,0,0,12,12
2020-10-29,US,Texas,Victoria,4279,98,0,28.79780988,-96.96813006,48469.0,4646.844185743452,2.290254732414116,4181,4267,98,0,4169,4258,92035,12,0,0,12,9
2020-10-29,US,Texas,Walker,3930,62,0,30.73872995,-95.57440968,48471.0,5385.701168957531,1.5776081424936388,3868,3940,62,0,3878,3935,72480,-10,0,0,-10,5
2020-10-29,US,Texas,Waller,1004,17,0,30.01058447,-95.99011759,48473.0,1817.3261412590962,1.6932270916334662,987,984,17,0,967,983,53126,20,0,0,20,1
2020-10-29,US,Texas,Ward,166,1,0,31.50999644,-103.09279090000001,48475.0,1383.5639273212205,0.6024096385542169,165,164,1,0,163,163,11720,2,0,0,2,1
2020-10-29,US,Texas,Washington,705,50,0,30.21498498,-96.40946246,48477.0,1964.773424000892,7.092198581560282,655,702,49,0,653,702,35108,3,1,0,2,0
2020-10-29,US,Texas,Webb,15175,355,0,27.7610369,-99.33237355,48479.0,5485.230542342004,2.339373970345964,14820,15175,355,0,14820,15145,275910,0,0,0,0,30
2020-10-29,US,Texas,Wharton,1440,59,0,29.27765923,-96.22319248,48481.0,3465.203580710366,4.097222222222221,1381,1433,59,0,1374,1442,41619,7,0,0,7,-9
2020-10-29,US,Texas,Wheeler,83,0,0,35.40114335,-100.26995140000001,48483.0,1641.613924050633,0.0,83,83,0,0,83,83,5191,0,0,0,0,0
2020-10-29,US,Texas,Wichita,3844,45,0,33.98842886,-98.70410340000001,48485.0,2907.0558874688045,1.1706555671175858,3799,3752,44,0,3708,3649,132064,92,1,0,91,103
2020-10-29,US,Texas,Wilbarger,365,4,0,34.07945812,-99.24178437,48487.0,2858.4853943143553,1.095890410958904,361,361,3,0,358,348,12820,4,1,0,3,13
2020-10-29,US,Texas,Willacy,1232,56,0,26.47411727,-97.61535848,48489.0,5768.330368011986,4.545454545454546,1176,1232,56,0,1176,1231,21515,0,0,0,0,1
2020-10-29,US,Texas,Williamson,9529,155,0,30.64655664,-97.60048540000001,48491.0,1613.5778281638673,1.6266134956448737,9374,9509,154,0,9355,9479,566719,20,1,0,19,30
2020-10-29,US,Texas,Wilson,1006,28,0,29.1732598,-98.08693082,48493.0,1969.845310358332,2.7833001988071566,978,1003,28,0,975,1000,50224,3,0,0,3,3
2020-10-29,US,Texas,Winkler,150,5,0,31.85008651,-103.04851629999999,48495.0,1872.6591760299625,3.333333333333333,145,149,5,0,144,142,7720,1,0,0,1,7
2020-10-29,US,Texas,Wise,944,15,0,33.21570665,-97.65460265,48497.0,1348.8797439414725,1.5889830508474576,929,930,15,0,915,925,68305,14,0,0,14,5
2020-10-29,US,Texas,Wood,655,40,0,32.78722382,-95.38236368,48499.0,1438.3275873427176,6.106870229007634,615,639,39,0,600,636,45129,16,1,0,15,3
2020-10-29,US,Texas,Yoakum,304,6,0,33.17320212,-102.82764329999999,48501.0,3489.039366463905,1.973684210526316,298,300,6,0,294,289,8591,4,0,0,4,11
2020-10-29,US,Texas,Young,591,10,0,33.17659707,-98.68790885,48503.0,3281.510272071072,1.6920473773265652,581,578,8,0,570,559,18045,13,2,0,11,19
2020-10-29,US,Texas,Zapata,352,9,0,27.00156391,-99.16987152,48505.0,2482.544608223429,2.5568181818181817,343,352,9,0,343,352,14190,0,0,0,0,0
2020-10-29,US,Texas,Zavala,469,19,0,28.86617238,-99.76050829,48507.0,3961.148648648649,4.051172707889126,450,466,19,0,447,463,11983,3,0,0,3,3
2020-10-29,US,Utah,Bear River,5336,18,0,41.52106798,-113.08328159999999,0.0,2856.255821173549,0.3373313343328336,5318,5197,17,0,5180,5149,,139,1,0,138,48
2020-10-29,US,Utah,Central Utah,1318,10,0,39.37231946,-111.5758676,0.0,1608.2192449422846,0.7587253414264037,1308,1293,8,0,1285,1261,,25,2,0,23,32
2020-10-29,US,Utah,Davis,8537,41,0,40.99001837,-112.1139997,49011.0,2401.5348218329527,0.4802623872554762,8496,8377,41,0,8336,8252,351713,160,0,0,160,125
2020-10-29,US,Utah,Salt Lake,47429,307,0,40.66616532,-111.92160109999999,49035.0,4087.1671620260295,0.6472833076809547,47122,46672,303,0,46369,45969,1152633,757,4,0,753,703
2020-10-29,US,Utah,San Juan,831,30,0,37.62762978,-109.80337140000002,49037.0,5428.53409981709,3.610108303249097,801,821,30,0,791,810,15449,10,0,0,10,11
2020-10-29,US,Utah,Southeast Utah,512,5,0,38.99617072,-110.70139579999999,0.0,1272.7137139874221,0.9765625,507,488,4,0,484,466,,24,1,0,23,22
2020-10-29,US,Utah,Southwest Utah,6273,56,0,37.85447192,-111.4418764,0.0,2488.8709024686364,0.8927148095010362,6217,6153,54,0,6099,6055,,120,2,0,118,98
2020-10-29,US,Utah,Summit,1427,1,0,40.86688146,-110.9535882,49043.0,3385.9295290069995,0.0700770847932726,1426,1403,1,0,1402,1382,41933,24,0,0,24,21
2020-10-29,US,Utah,Tooele,1477,3,0,40.44862644,-113.12957150000001,49045.0,2044.036037033449,0.2031144211238998,1474,1429,3,0,1426,1401,69907,48,0,0,48,28
2020-10-29,US,Utah,TriCounty,470,2,0,40.12491499,-109.5174415,0.0,830.0660520645688,0.425531914893617,468,453,2,0,451,441,,17,0,0,17,12
2020-10-29,US,Utah,Utah,29030,80,0,40.116672200000004,-111.66576620000001,49049.0,4562.779476136962,0.2755769893213917,28950,28681,80,0,28601,28353,622213,349,0,0,349,328
2020-10-29,US,Utah,Wasatch,1160,9,0,40.33110236,-111.1691419,49051.0,3402.6575929130845,0.7758620689655172,1151,1145,9,0,1136,1124,33240,15,0,0,15,21
2020-10-29,US,Utah,Weber-Morgan,6840,36,0,41.27116049,-111.9145117,0.0,2511.594091144428,0.5263157894736842,6804,6691,36,0,6655,6565,,149,0,0,149,126
2020-10-29,US,Vermont,Addison,122,2,0,44.03217337,-73.14130877,50001.0,331.7290697990592,1.639344262295082,120,120,2,0,118,120,36973,2,0,0,2,0
2020-10-29,US,Vermont,Bennington,142,1,0,43.03519828,-73.09048868,50003.0,400.3383140682267,0.7042253521126759,141,142,1,0,141,141,35631,0,0,0,0,1
2020-10-29,US,Vermont,Caledonia,44,0,0,44.46548598,-72.10314651,50005.0,146.7008968759377,0.0,44,44,0,0,44,43,30302,0,0,0,0,1
2020-10-29,US,Vermont,Chittenden,986,39,0,44.46322849,-73.08359212,50007.0,602.0491653131753,3.955375253549696,947,977,39,0,938,973,164572,9,0,0,9,4
2020-10-29,US,Vermont,Essex,7,0,0,44.72736416,-71.73579864,50009.0,113.58104819081615,0.0,7,7,0,0,7,7,6250,0,0,0,0,0
2020-10-29,US,Vermont,Franklin,142,7,0,44.85627605,-72.91249563,50011.0,287.4377555564552,4.929577464788731,135,142,7,0,135,142,49421,0,0,0,0,0
2020-10-29,US,Vermont,Grand Isle,17,0,0,44.797582399999996,-73.29679772,50013.0,234.96890117484446,0.0,17,17,0,0,17,17,7090,0,0,0,0,0
2020-10-29,US,Vermont,Lamoille,63,1,0,44.60353043,-72.64356694,50015.0,248.403122782115,1.5873015873015872,62,63,1,0,62,63,25300,0,0,0,0,0
2020-10-29,US,Vermont,Orange,34,0,0,44.00470222,-72.37640104,50017.0,117.67963450089992,0.0,34,33,0,0,33,33,28999,1,0,0,1,0
2020-10-29,US,Vermont,Orleans,35,0,0,44.82964024,-72.24562697,50019.0,129.45223212634536,0.0,35,35,0,0,35,35,26907,0,0,0,0,0
2020-10-29,US,Vermont,Rutland,136,1,0,43.57723578,-73.03741676,50021.0,233.71311714869998,0.7352941176470589,135,135,1,0,134,135,58672,1,0,0,1,0
2020-10-29,US,Vermont,Unassigned,8,0,0,0.0,0.0,90050.0,0.0,0.0,8,8,0,0,8,8,,0,0,0,0,0
2020-10-29,US,Vermont,Washington,133,2,0,44.27343241,-72.61604978,50023.0,227.70463455974246,1.5037593984962403,131,132,2,0,130,131,58140,1,0,0,1,1
2020-10-29,US,Vermont,Windham,148,3,0,42.986982,-72.71268875,50025.0,350.5281606745299,2.0270270270270268,145,146,3,0,143,146,42756,2,0,0,2,0
2020-10-29,US,Vermont,Windsor,124,2,0,43.58010937,-72.58595157,50027.0,225.2006828665868,1.6129032258064515,122,119,2,0,117,119,55286,5,0,0,5,0
2020-10-29,US,Virginia,Accomack,1214,19,0,37.76707161,-75.63234615,51001.0,3756.653051120188,1.5650741350906097,1195,1214,19,0,1195,1211,32412,0,0,0,0,3
2020-10-29,US,Virginia,Albemarle,1593,24,0,38.02080697,-78.55481085,51003.0,1457.0566175798044,1.5065913370998116,1569,1585,24,0,1561,1570,108718,8,0,0,8,15
2020-10-29,US,Virginia,Alexandria,4285,74,0,38.814003,-77.08183073,51510.0,2687.7336477908525,1.7269544924154026,4211,4269,74,0,4195,4248,160530,16,0,0,16,21
2020-10-29,US,Virginia,Alleghany,114,4,0,37.78636074,-80.00222498,51005.0,767.1601615074022,3.5087719298245608,110,112,4,0,108,113,14910,2,0,0,2,-1
2020-10-29,US,Virginia,Amelia,147,6,0,37.34081025,-77.98584649,51007.0,1118.2959300114112,4.081632653061225,141,147,6,0,141,147,13013,0,0,0,0,0
2020-10-29,US,Virginia,Amherst,614,6,0,37.60308293,-79.14548696,51009.0,1942.7305806043348,0.977198697068404,608,600,6,0,594,583,31666,14,0,0,14,17
2020-10-29,US,Virginia,Appomattox,300,6,0,37.37569884,-78.81340003,51011.0,1885.488027151028,2.0,294,292,6,0,286,289,15841,8,0,0,8,3
2020-10-29,US,Virginia,Arlington,4647,154,0,38.8767675,-77.10139853,51013.0,1962.0675386966839,3.3139659995696147,4493,4630,154,0,4476,4586,237521,17,0,0,17,44
2020-10-29,US,Virginia,Augusta,687,9,0,38.16404586,-79.12461614,51015.0,909.235289446518,1.310043668122271,678,679,9,0,670,664,75457,8,0,0,8,15
2020-10-29,US,Virginia,Bath,24,0,0,38.05852573,-79.73912095,51017.0,578.7316132143717,0.0,24,24,0,0,24,24,4292,0,0,0,0,0
2020-10-29,US,Virginia,Bedford,1262,18,0,37.3080028,-79.5281964,51019.0,1597.5290200893705,1.4263074484944531,1244,1234,18,0,1216,1200,78747,28,0,0,28,34
2020-10-29,US,Virginia,Bland,71,5,0,37.13128068,-81.13599391,51021.0,1130.5732484076434,7.042253521126762,66,72,5,0,67,71,6293,-1,0,0,-1,1
2020-10-29,US,Virginia,Botetourt,405,12,0,37.55531756,-79.80982182,51023.0,1211.8854543822376,2.962962962962963,393,397,12,0,385,390,33277,8,0,0,8,7
2020-10-29,US,Virginia,Bristol,284,7,0,36.616302399999995,-82.16359122,51520.0,1694.308555065028,2.4647887323943656,277,277,7,0,270,270,16482,7,0,0,7,7
2020-10-29,US,Virginia,Brunswick,421,5,0,36.76366949,-77.8593436,51025.0,2593.801983858049,1.187648456057007,416,420,5,0,415,421,16384,1,0,0,1,-1
2020-10-29,US,Virginia,Buchanan,268,3,0,37.26818323,-82.03749726,51027.0,1275.947438583127,1.1194029850746268,265,266,2,0,264,263,21221,2,1,0,1,3
2020-10-29,US,Virginia,Buckingham,751,9,0,37.57242268,-78.52518834,51029.0,4379.519477490087,1.1984021304926764,742,737,9,0,728,735,16999,14,0,0,14,2
2020-10-29,US,Virginia,Buena Vista,121,1,0,37.73484642,-79.35296097,51530.0,1867.8604507564066,0.8264462809917356,120,121,1,0,120,121,6237,0,0,0,0,0
2020-10-29,US,Virginia,Campbell,753,8,0,37.20553386,-79.09678609,51031.0,1371.9595517901066,1.0624169986719787,745,739,8,0,731,714,54973,14,0,0,14,25
2020-10-29,US,Virginia,Caroline,429,6,0,38.02679129,-77.34901405,51033.0,1396.2571196094384,1.3986013986013983,423,422,6,0,416,419,30772,7,0,0,7,3
2020-10-29,US,Virginia,Carroll,615,29,0,36.73066666,-80.73455942,51035.0,2064.381860293377,4.715447154471545,586,611,29,0,582,606,29636,4,0,0,4,5
2020-10-29,US,Virginia,Charles City,102,5,0,37.35358063,-77.05634116,51036.0,1464.8858250753985,4.901960784313727,97,102,5,0,97,101,6941,0,0,0,0,1
2020-10-29,US,Virginia,Charlotte,216,1,0,37.01909701,-78.66314092,51037.0,1818.1818181818185,0.462962962962963,215,213,1,0,212,212,11938,3,0,0,3,1
2020-10-29,US,Virginia,Charlottesville,1607,31,0,38.03527919,-78.48569588,51540.0,3399.906909829476,1.9290603609209709,1576,1597,31,0,1566,1588,48117,10,0,0,10,9
2020-10-29,US,Virginia,Chesapeake,4945,79,0,36.67670048,-76.30545744,51550.0,2019.7275716298727,1.5975733063700708,4866,4921,79,0,4842,4905,242634,24,0,0,24,16
2020-10-29,US,Virginia,Chesterfield,7162,118,0,37.37373208,-77.58680140000001,51041.0,2030.0338433455595,1.6475844736107232,7044,7111,113,0,6998,7058,348556,51,5,0,46,53
2020-10-29,US,Virginia,Clarke,121,1,0,39.11271747,-77.99199425,51043.0,827.6899924755455,0.8264462809917356,120,120,1,0,119,117,14523,1,0,0,1,3
2020-10-29,US,Virginia,Colonial Heights,309,26,0,37.26420587,-77.39609676,51570.0,1778.929188255613,8.414239482200648,283,308,26,0,282,306,17833,1,0,0,1,2
2020-10-29,US,Virginia,Covington,37,0,0,37.7824656,-79.98631446,51580.0,668.1112314915132,0.0,37,37,0,0,37,37,5460,0,0,0,0,0
2020-10-29,US,Virginia,Craig,50,0,0,37.48133648,-80.21072274,51045.0,974.4689144416292,0.0,50,49,0,0,49,50,5064,1,0,0,1,-1
2020-10-29,US,Virginia,Culpeper,1390,18,0,38.48199985,-77.95630870000002,51047.0,2642.334378861325,1.2949640287769784,1372,1381,18,0,1363,1373,51859,9,0,0,9,8
2020-10-29,US,Virginia,Cumberland,121,2,0,37.51328851,-78.24398086,51049.0,1218.2843334675795,1.6528925619834711,119,119,2,0,117,119,9809,2,0,0,2,0
2020-10-29,US,Virginia,Danville,1215,44,0,36.58022376,-79.40395668,51590.0,3034.1624213365308,3.621399176954733,1171,1201,43,0,1158,1184,40693,14,1,0,13,17
2020-10-29,US,Virginia,Dickenson,143,1,0,37.12560977,-82.35124171,51051.0,998.7428411789357,0.6993006993006993,142,142,1,0,141,137,14523,1,0,0,1,5
2020-10-29,US,Virginia,Dinwiddie,533,12,0,37.07544585,-77.63451754,51053.0,1867.292600896861,2.25140712945591,521,527,12,0,515,520,28529,6,0,0,6,7
2020-10-29,US,Virginia,Emporia,297,28,0,36.69455571,-77.53406129,51595.0,5555.555555555556,9.427609427609427,269,296,28,0,268,296,5121,1,0,0,1,0
2020-10-29,US,Virginia,Essex,198,2,0,37.93357639,-76.94230311,51057.0,1807.72391125719,1.0101010101010102,196,197,2,0,195,195,10919,1,0,0,1,2
2020-10-29,US,Virginia,Fairfax,23832,605,0,38.83677558,-77.27565836,51059.0,2076.804829843525,2.5386035582410207,23227,23648,605,0,23043,23534,1150795,184,0,0,184,114
2020-10-29,US,Virginia,Fairfax,23832,605,0,38.83677558,-77.27565836,51059.0,2076.804829843525,2.5386035582410207,23227,23648,605,0,23043,23534,24574,184,0,0,184,114
2020-10-29,US,Virginia,Fairfax City,160,8,0,38.85157547,-77.29779640000002,51600.0,666.1393063824473,5.0,152,159,8,0,151,160,24574,1,0,0,1,-1
2020-10-29,US,Virginia,Falls Church,75,7,0,38.88485255,-77.17560759,51610.0,513.1011835533967,9.333333333333334,68,75,7,0,68,75,14772,0,0,0,0,0
2020-10-29,US,Virginia,Fauquier,1110,27,0,38.73564842,-77.80647472,51061.0,1558.507202830586,2.4324324324324325,1083,1093,27,0,1066,1087,70675,17,0,0,17,6
2020-10-29,US,Virginia,Floyd,249,15,0,36.9302126,-80.36738849,51063.0,1581.0527652549367,6.024096385542169,234,248,15,0,233,246,15795,1,0,0,1,2
2020-10-29,US,Virginia,Fluvanna,430,9,0,37.84157909,-78.27715475,51065.0,1576.8243491015771,2.0930232558139537,421,428,9,0,419,426,26783,2,0,0,2,2
2020-10-29,US,Virginia,Franklin,886,6,0,36.99536167,-79.88023649,51067.0,1580.9571392883909,0.6772009029345373,880,846,6,0,840,194,56195,40,0,0,40,652
2020-10-29,US,Virginia,Franklin,886,6,0,36.99536167,-79.88023649,51067.0,1580.9571392883909,0.6772009029345373,880,846,6,0,840,194,8013,40,0,0,40,652
2020-10-29,US,Virginia,Franklin City,498,13,0,36.6831435,-76.93859681,51620.0,6250.784486004771,2.6104417670682727,485,498,13,0,485,495,8013,0,0,0,0,3
2020-10-29,US,Virginia,Frederick,1186,13,0,39.20172582,-78.25974949,51069.0,1327.914189423712,1.0961214165261384,1173,1181,13,0,1168,1169,88355,5,0,0,5,12
2020-10-29,US,Virginia,Fredericksburg,591,6,0,38.2977863,-77.4922454,51630.0,2035.4043256646921,1.0152284263959392,585,588,6,0,582,589,29144,3,0,0,3,-1
2020-10-29,US,Virginia,Galax,453,30,0,36.66601852,-80.91703124,51640.0,7137.230187490152,6.622516556291392,423,448,30,0,418,444,6423,5,0,0,5,4
2020-10-29,US,Virginia,Giles,135,0,0,37.31234791,-80.70636931,51071.0,807.4162679425838,0.0,135,134,0,0,134,133,16844,1,0,0,1,1
2020-10-29,US,Virginia,Gloucester,352,3,0,37.40809042,-76.53524337,51073.0,942.4868801542253,0.8522727272727273,349,350,3,0,347,341,37349,2,0,0,2,9
2020-10-29,US,Virginia,Goochland,331,7,0,37.71714806,-77.90381514,51075.0,1393.5081884393549,2.114803625377644,324,330,7,0,323,328,23244,1,0,0,1,2
2020-10-29,US,Virginia,Grayson,388,19,0,36.65677234,-81.23215889,51077.0,2495.176848874598,4.896907216494847,369,379,19,0,360,379,15631,9,0,0,9,0
2020-10-29,US,Virginia,Greene,293,3,0,38.29545894,-78.46525378,51079.0,1478.379332963318,1.023890784982935,290,293,3,0,290,292,19779,0,0,0,0,1
2020-10-29,US,Virginia,Greensville,906,15,0,36.67878901,-77.56351439,51081.0,7992.237120677488,1.6556291390728477,891,900,15,0,885,894,11627,6,0,0,6,6
2020-10-29,US,Virginia,Halifax,536,8,0,36.76654925,-78.93512622,51083.0,1580.608062280676,1.492537313432836,528,523,8,0,515,515,34120,13,0,0,13,8
2020-10-29,US,Virginia,Hampton,2138,32,0,37.03513786,-76.35879121,51650.0,1589.4729016430006,1.4967259120673526,2106,2125,32,0,2093,2109,134313,13,0,0,13,16
2020-10-29,US,Virginia,Hanover,1666,44,0,37.7583355,-77.49464673,51085.0,1545.9421338826714,2.641056422569028,1622,1642,44,0,1598,1629,107239,24,0,0,24,13
2020-10-29,US,Virginia,Harrisonburg,3050,35,0,38.43542574,-78.87536254,51660.0,5752.980232382677,1.147540983606557,3015,3040,35,0,3005,3032,54033,10,0,0,10,8
2020-10-29,US,Virginia,Henrico,6394,239,0,37.53460572,-77.39326555,51087.0,1932.7847940559461,3.7378792618079446,6155,6342,232,0,6110,6294,329261,52,7,0,45,48
2020-10-29,US,Virginia,Henry,1336,32,0,36.68542395,-79.87634026,51089.0,2642.561860869909,2.395209580838323,1304,1326,31,0,1295,1320,50953,10,1,0,9,6
2020-10-29,US,Virginia,Highland,10,0,0,38.35799465,-79.56124594,51091.0,456.6210045662101,0.0,10,10,0,0,10,10,2210,0,0,0,0,0
2020-10-29,US,Virginia,Hopewell,520,7,0,37.29186313,-77.29754684,51670.0,2308.1361800346217,1.3461538461538465,513,515,7,0,508,514,22596,5,0,0,5,1
2020-10-29,US,Virginia,Isle of Wight,875,26,0,36.90579348,-76.70842863,51093.0,2357.9185642297016,2.9714285714285715,849,870,26,0,844,864,36953,5,0,0,5,6
2020-10-29,US,Virginia,James City,960,22,0,37.31156958,-76.76950618,51095.0,1254.5247833984556,2.2916666666666665,938,954,22,0,932,951,76397,6,0,0,6,3
2020-10-29,US,Virginia,King George,278,5,0,38.26818502,-77.15852768,51099.0,1035.92189596065,1.7985611510791366,273,275,5,0,270,272,26575,3,0,0,3,3
2020-10-29,US,Virginia,King William,211,4,0,37.70965316,-77.09384941,51101.0,1230.4641940751108,1.895734597156398,207,208,3,0,205,203,16939,3,1,0,2,5
2020-10-29,US,Virginia,King and Queen,85,2,0,37.71044922,-76.88689628,51097.0,1209.964412811388,2.3529411764705883,83,85,2,0,83,85,7042,0,0,0,0,0
2020-10-29,US,Virginia,Lancaster,200,1,0,37.71889653,-76.46400482,51103.0,1886.2586060548904,0.5,199,200,1,0,199,198,10783,0,0,0,0,2
2020-10-29,US,Virginia,Lee,509,10,0,36.70586667,-83.12606515,51105.0,2173.0777440976817,1.9646365422396856,499,496,10,0,486,479,23541,13,0,0,13,17
2020-10-29,US,Virginia,Lexington,239,1,0,37.78258621,-79.44262866,51678.0,3209.7770615095355,0.41841004184100417,238,238,1,0,237,234,7136,1,0,0,1,4
2020-10-29,US,Virginia,Loudoun,7908,130,0,39.08990083,-77.63481877,51107.0,1912.278919954152,1.6439049064238749,7778,7876,130,0,7746,7817,406850,32,0,0,32,59
2020-10-29,US,Virginia,Louisa,404,8,0,37.97850256,-77.96274807,51109.0,1074.7253331914553,1.98019801980198,396,398,8,0,390,395,36778,6,0,0,6,3
2020-10-29,US,Virginia,Lunenburg,152,4,0,36.94618528,-78.24133319,51111.0,1246.3102656608726,2.631578947368421,148,152,4,0,148,151,12086,0,0,0,0,1
2020-10-29,US,Virginia,Lynchburg,2016,27,0,37.40021399,-79.19888138,51680.0,2453.509882192581,1.3392857142857142,1989,1987,26,0,1961,1955,82126,29,1,0,28,32
2020-10-29,US,Virginia,Madison,133,3,0,38.41531222,-78.28220331,51113.0,1002.9409546791344,2.255639097744361,130,130,3,0,127,131,13295,3,0,0,3,-1
2020-10-29,US,Virginia,Manassas,2050,27,0,38.7464321,-77.48509905,51683.0,4989.655592065231,1.3170731707317074,2023,2045,27,0,2018,2043,41641,5,0,0,5,2
2020-10-29,US,Virginia,Manassas Park,653,8,0,38.77058531,-77.44399307,51685.0,3736.125414807186,1.2251148545176107,645,648,8,0,640,644,17307,5,0,0,5,4
2020-10-29,US,Virginia,Martinsville,488,25,0,36.68212094,-79.86352771,51690.0,3887.2072646168563,5.1229508196721305,463,483,24,0,459,482,12902,5,1,0,4,1
2020-10-29,US,Virginia,Mathews,136,0,0,37.44164146,-76.34098896,51115.0,1539.5064523432193,0.0,136,135,0,0,135,134,8802,1,0,0,1,1
2020-10-29,US,Virginia,Mecklenburg,888,35,0,36.67882005,-78.36131056,51117.0,2903.194167456763,3.941441441441442,853,882,35,0,847,871,30650,6,0,0,6,11
2020-10-29,US,Virginia,Middlesex,146,11,0,37.63191998,-76.55064617,51119.0,1379.7013797013794,7.534246575342466,135,146,11,0,135,145,10769,0,0,0,0,1
2020-10-29,US,Virginia,Montgomery,2812,5,0,37.17746986,-80.37868691,51121.0,2853.8082914700362,0.17780938833570412,2807,2788,5,0,2783,2751,98985,24,0,0,24,37
2020-10-29,US,Virginia,Nelson,140,2,0,37.78790447,-78.88498513,51125.0,937.7093101138647,1.4285714285714286,138,137,2,0,135,136,14836,3,0,0,3,1
2020-10-29,US,Virginia,New Kent,294,3,0,37.50694406,-76.99828634,51127.0,1273.2233337664024,1.020408163265306,291,288,3,0,285,280,22391,6,0,0,6,8
2020-10-29,US,Virginia,Newport News,3225,51,0,37.08166899,-76.51754109,51700.0,1799.4141442321106,1.5813953488372092,3174,3205,51,0,3154,3182,178626,20,0,0,20,23
2020-10-29,US,Virginia,Norfolk,5419,84,0,36.89934014,-76.26420872,51710.0,2232.4113668009654,1.550101494740727,5335,5395,84,0,5311,5369,244076,24,0,0,24,26
2020-10-29,US,Virginia,Northampton,320,31,0,37.34062933,-75.87751591,51131.0,2732.707087959009,9.6875,289,319,31,0,288,319,11735,1,0,0,1,0
2020-10-29,US,Virginia,Northumberland,224,7,0,37.89202088,-76.41949732,51133.0,1852.0049607275726,3.125,217,224,7,0,217,218,12147,0,0,0,0,6
2020-10-29,US,Virginia,Norton,51,0,0,36.93357076,-82.62750411,51720.0,1281.085154483798,0.0,51,51,0,0,51,50,3968,0,0,0,0,1
2020-10-29,US,Virginia,Nottoway,358,21,0,37.1435975,-78.05065922,51135.0,2350.31512605042,5.865921787709497,337,356,21,0,335,351,15420,2,0,0,2,5
2020-10-29,US,Virginia,Orange,412,5,0,38.24530219,-78.01560400000002,51137.0,1111.9807832447168,1.2135922330097086,407,406,5,0,401,400,36644,6,0,0,6,6
2020-10-29,US,Virginia,Page,482,31,0,38.61807452,-78.48797204,51139.0,2016.567651242574,6.431535269709544,451,478,31,0,447,470,23933,4,0,0,4,8
2020-10-29,US,Virginia,Patrick,320,27,0,36.680163799999995,-80.2865648,51141.0,1817.3557473875512,8.4375,293,320,27,0,293,320,17673,0,0,0,0,0
2020-10-29,US,Virginia,Petersburg,936,30,0,37.20530399,-77.39368102,51730.0,2986.0269252855232,3.2051282051282053,906,925,30,0,895,926,31567,11,0,0,11,-1
2020-10-29,US,Virginia,Pittsylvania,1323,17,0,36.81980341,-79.39731264,51143.0,2192.066805845512,1.2849584278155706,1306,1307,17,0,1290,1284,60949,16,0,0,16,23
2020-10-29,US,Virginia,Poquoson,97,2,0,37.14259351,-76.35798148,51735.0,790.4816233395811,2.061855670103093,95,97,2,0,95,97,12190,0,0,0,0,0
2020-10-29,US,Virginia,Portsmouth,2852,69,0,36.85914825,-76.35971629,51740.0,3021.2504502214033,2.419354838709677,2783,2838,70,0,2768,2824,94632,14,-1,0,15,14
2020-10-29,US,Virginia,Powhatan,315,5,0,37.55016038,-77.91267882,51145.0,1062.3229461756373,1.5873015873015872,310,313,5,0,308,312,29189,2,0,0,2,1
2020-10-29,US,Virginia,Prince Edward,768,13,0,37.22554789,-78.43597949,51147.0,3368.125603017279,1.6927083333333333,755,765,13,0,752,760,22950,3,0,0,3,5
2020-10-29,US,Virginia,Prince George,1105,7,0,37.18497668,-77.22922187,51149.0,2881.130550413266,0.6334841628959276,1098,1091,7,0,1084,1087,38082,14,0,0,14,4
2020-10-29,US,Virginia,Prince William,14350,223,0,38.70916224,-77.48713689,51153.0,3051.0168284308,1.5540069686411149,14127,14235,223,0,14012,14162,468011,115,0,0,115,73
2020-10-29,US,Virginia,Pulaski,302,6,0,37.06474963,-80.71229738,51155.0,887.5304904928439,1.9867549668874167,296,299,6,0,293,296,34066,3,0,0,3,3
2020-10-29,US,Virginia,Radford,939,1,0,37.12222899,-80.56027320000003,51750.0,5145.487423968437,0.10649627263045794,938,935,1,0,934,929,18339,4,0,0,4,6
2020-10-29,US,Virginia,Rappahannock,72,2,0,38.68295619,-78.15826963,51157.0,976.9335142469472,2.7777777777777777,70,70,2,0,68,69,7252,2,0,0,2,1
2020-10-29,US,Virginia,Richmond,370,4,0,37.937575,-76.72920628,51159.0,4100.631718940485,1.0810810810810811,366,366,4,0,362,380,9038,4,0,0,4,-14
2020-10-29,US,Virginia,Richmond City,5368,77,0,37.53255773,-77.47966921,51760.0,2329.497127184989,1.4344262295081966,5291,5355,77,0,5278,5320,228783,13,0,0,13,35
2020-10-29,US,Virginia,Roanoke,1541,14,0,37.26865804,-80.06396753,51161.0,1636.1242647527233,0.9085009733939001,1527,1510,14,0,1496,1502,94073,31,0,0,31,8
2020-10-29,US,Virginia,Roanoke City,2810,41,0,37.27791025,-79.96189766,51770.0,2834.289864135643,1.4590747330960854,2769,2771,39,0,2732,2730,99920,39,2,0,37,41
2020-10-29,US,Virginia,Rockbridge,153,3,0,37.81204314,-79.44605905,51163.0,677.8009125946928,1.96078431372549,150,153,3,0,150,152,22752,0,0,0,0,1
2020-10-29,US,Virginia,Rockingham,1769,27,0,38.51006137,-78.87260325,51165.0,2158.6859959974618,1.5262860373092142,1742,1764,27,0,1737,1753,81244,5,0,0,5,11
2020-10-29,US,Virginia,Russell,494,8,0,36.93028320000001,-82.10095486,51167.0,1858.120815466787,1.6194331983805668,486,483,8,0,475,478,26748,11,0,0,11,5
2020-10-29,US,Virginia,Salem,584,7,0,37.2836193,-80.06219455,51775.0,2308.209161693214,1.1986301369863013,577,572,7,0,565,555,25643,12,0,0,12,17
2020-10-29,US,Virginia,Scott,404,6,0,36.71466456,-82.60171704,51169.0,1873.3191134192712,1.4851485148514851,398,392,6,0,386,367,21534,12,0,0,12,25
2020-10-29,US,Virginia,Shenandoah,975,61,0,38.85905135,-78.56813762,51171.0,2235.41819515774,6.2564102564102555,914,967,61,0,906,966,43497,8,0,0,8,1
2020-10-29,US,Virginia,Smyth,633,27,0,36.84455636,-81.53344948,51173.0,2102.7106032420943,4.265402843601897,606,627,27,0,600,624,30472,6,0,0,6,3
2020-10-29,US,Virginia,Southampton,923,38,0,36.72231125,-77.10642712,51175.0,5235.097271850717,4.117009750812568,885,923,38,0,885,921,17586,0,0,0,0,2
2020-10-29,US,Virginia,Spotsylvania,2468,54,0,38.18574462,-77.655399,51177.0,1811.8415739823074,2.188006482982172,2414,2450,54,0,2396,2432,134238,18,0,0,18,18
2020-10-29,US,Virginia,Stafford,2396,21,0,38.41758738,-77.45917053,51179.0,1567.2217788882929,0.8764607679465777,2375,2373,21,0,2352,2341,149960,23,0,0,23,32
2020-10-29,US,Virginia,Staunton,402,3,0,38.15965544,-79.05979937,51790.0,1612.385689074282,0.746268656716418,399,395,3,0,392,390,24922,7,0,0,7,5
2020-10-29,US,Virginia,Suffolk,2317,78,0,36.70155394,-76.63603554,51800.0,2515.525252963912,3.3664220975399224,2239,2300,78,0,2222,2290,91185,17,0,0,17,10
2020-10-29,US,Virginia,Surry,142,5,0,37.11781893,-76.88450012,51181.0,2211.149174711928,3.5211267605633805,137,141,5,0,136,141,6474,1,0,0,1,0
2020-10-29,US,Virginia,Sussex,638,13,0,36.92432914,-77.25791182,51183.0,5717.358186217403,2.0376175548589344,625,639,13,0,626,639,11237,-1,0,0,-1,0
2020-10-29,US,Virginia,Tazewell,529,2,0,37.12191123,-81.56685568,51185.0,1303.1161473087818,0.3780718336483932,527,519,2,0,517,514,40855,10,0,0,10,5
2020-10-29,US,Virginia,Virginia Beach,8001,106,0,36.73285734,-76.04566934,51810.0,1778.1027348246787,1.3248343957005375,7895,7926,106,0,7820,7881,450189,75,0,0,75,45
2020-10-29,US,Virginia,Warren,605,21,0,38.90847745,-78.20280433,51187.0,1506.3240713076386,3.471074380165289,584,603,20,0,583,583,40003,2,1,0,1,20
2020-10-29,US,Virginia,Washington,1010,26,0,36.72341572,-81.95666289,51191.0,1879.4194268701153,2.5742574257425743,984,994,26,0,968,980,54402,16,0,0,16,14
2020-10-29,US,Virginia,Waynesboro,399,4,0,38.06451466,-78.90293905,51820.0,1763.1462660185593,1.0025062656641603,395,397,4,0,393,388,22628,2,0,0,2,9
2020-10-29,US,Virginia,Westmoreland,343,5,0,38.11021557,-76.80213247,51193.0,1903.9689147932281,1.4577259475218658,338,340,5,0,335,337,17830,3,0,0,3,3
2020-10-29,US,Virginia,Williamsburg,218,8,0,37.28131268,-76.70905141,51830.0,1457.803932058312,3.669724770642202,210,216,8,0,208,215,14896,2,0,0,2,1
2020-10-29,US,Virginia,Winchester,621,5,0,39.17054517,-78.17325058,51840.0,2211.6959897428587,0.8051529790660226,616,617,5,0,612,611,28108,4,0,0,4,6
2020-10-29,US,Virginia,Wise,660,10,0,36.9746148,-82.62410519,51195.0,1765.5083861648345,1.5151515151515151,650,638,10,0,628,619,38012,22,0,0,22,19
2020-10-29,US,Virginia,Wythe,341,6,0,36.91582035,-81.07834059,51197.0,1188.816064705062,1.7595307917888563,335,339,6,0,333,339,28754,2,0,0,2,0
2020-10-29,US,Virginia,York,646,9,0,37.24374789,-76.54412815,51199.0,946.1042765084944,1.3931888544891642,637,644,9,0,635,640,67846,2,0,0,2,4
2020-10-29,US,Washington,Adams,924,11,0,46.98299757,-118.56017340000001,53001.0,4623.930340789671,1.1904761904761905,913,922,12,0,910,917,19759,2,-1,0,3,5
2020-10-29,US,Washington,Asotin,252,8,0,46.18894415,-117.2022851,53003.0,1115.933044017359,3.1746031746031744,244,237,8,0,229,234,22610,15,0,0,15,3
2020-10-29,US,Washington,Benton,5275,135,0,46.23946995,-119.51208340000001,53005.0,2580.850335143598,2.5592417061611368,5140,5265,136,0,5129,5243,201877,10,-1,0,11,22
2020-10-29,US,Washington,Chelan,2006,17,0,47.87046092,-120.6173956,53007.0,2598.4455958549224,0.8474576271186439,1989,2004,17,0,1987,2002,77036,2,0,0,2,2
2020-10-29,US,Washington,Clallam,269,1,0,48.04754642,-123.92263190000001,53009.0,347.85532322095924,0.3717472118959108,268,269,1,0,268,264,76737,0,0,0,0,5
2020-10-29,US,Washington,Clark,4417,79,0,45.77568046,-122.48292040000001,53011.0,904.6761742663972,1.7885442608105049,4338,4385,79,0,4306,4352,481857,32,0,0,32,33
2020-10-29,US,Washington,Columbia,14,1,0,46.29442881,-117.9051983,53013.0,351.3174404015057,7.142857142857142,13,14,1,0,13,14,4059,0,0,0,0,0
2020-10-29,US,Washington,Cowlitz,817,7,0,46.19074721,-122.6782231,53015.0,738.7447668478113,0.8567931456548348,810,807,7,0,800,803,108987,10,0,0,10,4
2020-10-29,US,Washington,Douglas,1237,11,0,47.7361335,-119.69293700000001,53017.0,2848.327154666237,0.889248181083266,1226,1235,11,0,1224,1233,42907,2,0,0,2,2
2020-10-29,US,Washington,Ferry,35,0,0,48.471143100000006,-118.5154041,53019.0,458.89602727153533,0.0,35,34,0,0,34,34,7649,1,0,0,1,0
2020-10-29,US,Washington,Franklin,4869,67,0,46.53351425,-118.9018212,53021.0,5113.314150091364,1.3760525775313206,4802,4858,67,0,4791,4831,94347,11,0,0,11,27
2020-10-29,US,Washington,Garfield,17,0,0,46.43197502,-117.54540320000001,53023.0,764.0449438202247,0.0,17,16,0,0,16,16,2247,1,0,0,1,0
2020-10-29,US,Washington,Grant,3350,28,0,47.20753737,-119.4500749,53025.0,3427.7060972240693,0.8358208955223879,3322,3336,27,0,3309,3335,97331,14,1,0,13,1
2020-10-29,US,Washington,Grays Harbor,714,11,0,47.14003705,-123.7820567,53027.0,951.2263359134572,1.5406162464985995,703,709,11,0,698,709,73901,5,0,0,5,0
2020-10-29,US,Washington,Island,384,12,0,48.14713305,-122.5216407,53029.0,451.0165490186866,3.125,372,382,12,0,370,382,84460,2,0,0,2,0
2020-10-29,US,Washington,Jefferson,87,0,0,47.75003077,-123.56097040000002,53031.0,270.0102417677912,0.0,87,87,0,0,87,87,31729,0,0,0,0,0
2020-10-29,US,Washington,King,27021,814,0,47.49137892,-121.8346131,53033.0,1199.4502796986126,3.0124717812072093,26207,26789,814,0,25975,26599,2233163,232,0,0,232,190
2020-10-29,US,Washington,Kitsap,1527,22,0,47.63479026,-122.6436061,53035.0,562.4868771480037,1.4407334643091028,1505,1506,22,0,1484,1491,269805,21,0,0,21,15
2020-10-29,US,Washington,Kittitas,749,22,0,47.12521214,-120.67943899999999,53037.0,1562.5325962240533,2.937249666221629,727,735,22,0,713,725,47364,14,0,0,14,10
2020-10-29,US,Washington,Klickitat,208,3,0,45.87325839,-120.7913598,53039.0,927.5362318840581,1.4423076923076923,205,208,3,0,205,208,22107,0,0,0,0,0
2020-10-29,US,Washington,Lewis,731,12,0,46.57756476,-122.39257690000001,53041.0,905.7454743702527,1.6415868673050615,719,718,12,0,706,714,79604,13,0,0,13,4
2020-10-29,US,Washington,Lincoln,79,2,0,47.57705241,-118.41943880000001,53043.0,722.1866715421886,2.5316455696202533,77,77,2,0,75,76,10740,2,0,0,2,1
2020-10-29,US,Washington,Mason,524,10,0,47.35007586,-123.1863685,53045.0,784.8070932183083,1.9083969465648856,514,520,10,0,510,520,65507,4,0,0,4,0
2020-10-29,US,Washington,Okanogan,1114,11,0,48.54855019,-119.73872240000001,53047.0,2637.123310370949,0.9874326750448832,1103,1107,11,0,1096,1105,42132,7,0,0,7,2
2020-10-29,US,Washington,Pacific,119,3,0,46.55418369,-123.7285716,53049.0,529.5714476436295,2.5210084033613445,116,118,3,0,115,118,22036,1,0,0,1,0
2020-10-29,US,Washington,Pend Oreille,144,1,0,48.53234021,-117.2741804,53051.0,1049.2567764500143,0.6944444444444444,143,143,1,0,142,142,13602,1,0,0,1,1
2020-10-29,US,Washington,Pierce,10228,225,0,47.03892768,-122.14059579999999,53053.0,1130.1907224469048,2.1998435666797027,10003,10116,223,0,9893,10027,891299,112,2,0,110,89
2020-10-29,US,Washington,San Juan,33,0,0,48.60182783,-122.96745,53055.0,187.69195768399499,0.0,33,34,0,0,34,32,17128,-1,0,0,-1,2
2020-10-29,US,Washington,Skagit,1256,24,0,48.48171488,-121.766131,53057.0,972.0986029952401,1.9108280254777068,1232,1251,23,0,1228,1246,128206,5,1,0,4,5
2020-10-29,US,Washington,Skamania,72,1,0,46.02408726,-121.91644029999999,53059.0,595.8785069932964,1.3888888888888888,71,72,1,0,71,72,11924,0,0,0,0,0
2020-10-29,US,Washington,Snohomish,8787,232,0,48.04615983,-121.7170703,53061.0,1068.870174909346,2.64026402640264,8555,8705,234,0,8471,8629,814901,82,-2,0,84,76
2020-10-29,US,Washington,Spokane,9507,201,0,47.62113146,-117.4046494,53063.0,1818.484385938737,2.1142316188071946,9306,9400,198,0,9202,9279,514631,107,3,0,104,121
2020-10-29,US,Washington,Stevens,264,5,0,48.40035475,-117.8542701,53065.0,577.3899350436324,1.893939393939394,259,252,5,0,247,251,45260,12,0,0,12,1
2020-10-29,US,Washington,Thurston,1630,33,0,46.9291895,-122.82906559999999,53067.0,561.0320235702288,2.0245398773006134,1597,1594,33,0,1561,1583,286419,36,0,0,36,11
2020-10-29,US,Washington,Unassigned,419,3,0,0.0,0.0,90053.0,0.0,0.7159904534606205,416,405,3,0,402,365,,14,0,0,14,40
2020-10-29,US,Washington,Wahkiakum,10,0,0,46.29180039999999,-123.4250831,53069.0,222.81639928698758,0.0,10,10,0,0,10,10,4426,0,0,0,0,0
2020-10-29,US,Washington,Walla Walla,1163,6,0,46.23040051,-118.4775539,53071.0,1914.0882159315336,0.5159071367153912,1157,1154,6,0,1148,1141,60922,9,0,0,9,13
2020-10-29,US,Washington,Whatcom,1588,50,0,48.82227976,-121.74900179999999,53073.0,692.7026307868805,3.1486146095717884,1538,1585,50,0,1535,1577,225685,3,0,0,3,8
2020-10-29,US,Washington,Whitman,1817,18,0,46.90022523,-117.52417630000001,53075.0,3626.4569695034334,0.9906439185470556,1799,1803,15,0,1788,1789,49791,14,3,0,11,14
2020-10-29,US,Washington,Yakima,11900,273,0,46.45738486,-120.73801259999999,53077.0,4743.43592176121,2.294117647058824,11627,11881,273,0,11608,11872,251446,19,0,0,19,9
2020-10-29,US,West Virginia,Barbour,185,1,0,39.1307219,-80.00350858,54001.0,1125.2356912596558,0.5405405405405406,184,182,1,0,181,182,16535,3,0,0,3,0
2020-10-29,US,West Virginia,Berkeley,1615,18,0,39.46704621,-78.02414609,54003.0,1355.1954754092858,1.1145510835913313,1597,1604,17,0,1587,1569,117123,11,1,0,10,35
2020-10-29,US,West Virginia,Boone,381,3,0,38.01974191,-81.69888019,54005.0,1775.644311879573,0.7874015748031497,378,353,3,0,350,352,21951,28,0,0,28,1
2020-10-29,US,West Virginia,Braxton,67,0,0,38.70036159,-80.72011184,54007.0,480.04585512646,0.0,67,65,0,0,65,63,14089,2,0,0,2,2
2020-10-29,US,West Virginia,Brooke,237,4,0,40.27367263,-80.57915332,54009.0,1080.2680158621633,1.6877637130801688,233,226,4,0,222,219,22203,11,0,0,11,7
2020-10-29,US,West Virginia,Cabell,1453,25,0,38.42424062,-82.23855912,54011.0,1580.2925662080595,1.7205781142463867,1428,1427,25,0,1402,1396,93224,26,0,0,26,31
2020-10-29,US,West Virginia,Calhoun,36,0,0,38.84315422,-81.11934872,54013.0,506.4003376002248,0.0,36,35,0,0,35,35,7254,1,0,0,1,0
2020-10-29,US,West Virginia,Clay,64,3,0,38.46231092,-81.07652217,54015.0,752.2331922896096,4.6875,61,62,3,0,59,61,8632,2,0,0,2,1
2020-10-29,US,West Virginia,Doddridge,71,1,0,39.27057157,-80.70671527,54017.0,840.4356060606059,1.4084507042253518,70,71,1,0,70,70,8406,0,0,0,0,1
2020-10-29,US,West Virginia,Fayette,786,21,0,38.02974928,-81.08286634,54019.0,1853.5112955713805,2.6717557251908395,765,776,21,0,755,766,43018,10,0,0,10,10
2020-10-29,US,West Virginia,Gilmer,64,0,0,38.9251277,-80.85952723,54021.0,818.100472964336,0.0,64,64,0,0,64,64,8026,0,0,0,0,0
2020-10-29,US,West Virginia,Grant,194,8,0,39.10314817,-79.19440518,54023.0,1677.0401106500692,4.123711340206185,186,191,8,0,183,191,11626,3,0,0,3,0
2020-10-29,US,West Virginia,Greenbrier,200,4,0,37.9463652,-80.45335881,54025.0,577.0007501009751,2.0,196,195,4,0,191,194,34786,5,0,0,5,1
2020-10-29,US,West Virginia,Hampshire,133,1,0,39.32103553,-78.60826476,54027.0,573.8942826321468,0.7518796992481203,132,130,1,0,129,127,23347,3,0,0,3,3
2020-10-29,US,West Virginia,Hancock,224,1,0,40.51943859,-80.57461608,54029.0,777.507809788268,0.44642857142857145,223,224,1,0,223,219,29094,0,0,0,0,5
2020-10-29,US,West Virginia,Hardy,107,1,0,39.00683177,-78.85855301,54031.0,776.7131242740999,0.9345794392523364,106,107,1,0,106,106,13775,0,0,0,0,1
2020-10-29,US,West Virginia,Harrison,660,12,0,39.2853852,-80.37919577,54033.0,981.3250862376593,1.818181818181818,648,649,12,0,637,648,67554,11,0,0,11,1
2020-10-29,US,West Virginia,Jackson,388,24,0,38.84263974,-81.68148753,54035.0,1357.7827547592385,6.185567010309278,364,386,24,0,362,385,28706,2,0,0,2,1
2020-10-29,US,West Virginia,Jefferson,603,5,0,39.30776166,-77.86014147,54037.0,1055.1919644419556,0.8291873963515755,598,599,5,0,594,580,56811,4,0,0,4,19
2020-10-29,US,West Virginia,Kanawha,3683,104,0,38.33860077,-81.52857054,54039.0,2067.6607307269087,2.823784957914744,3579,3650,102,0,3548,3624,180454,33,2,0,31,26
2020-10-29,US,West Virginia,Lewis,94,2,0,38.9947249,-80.49988181,54041.0,590.9348085748412,2.127659574468085,92,87,2,0,85,82,16024,7,0,0,7,5
2020-10-29,US,West Virginia,Lincoln,253,2,0,38.172154,-82.07017953,54043.0,1239.6491743838505,0.7905138339920948,251,249,2,0,247,244,20599,4,0,0,4,5
2020-10-29,US,West Virginia,Logan,770,45,0,37.8299889,-81.93528571,54045.0,2404.8221368562413,5.8441558441558445,725,757,45,0,712,751,32607,13,0,0,13,6
2020-10-29,US,West Virginia,Marion,391,5,0,39.50984542,-80.24244659,54049.0,697.3177343415608,1.278772378516624,386,380,5,0,375,377,56097,11,0,0,11,3
2020-10-29,US,West Virginia,Marshall,341,4,0,39.86064362,-80.66591062,54051.0,1116.897579509351,1.1730205278592376,337,329,4,0,325,316,30785,12,0,0,12,13
2020-10-29,US,West Virginia,Mason,178,6,0,38.77071799,-82.02524219,54053.0,671.2928043445468,3.3707865168539324,172,175,6,0,169,175,26718,3,0,0,3,0
2020-10-29,US,West Virginia,McDowell,126,1,0,37.38002939,-81.65083669,54047.0,714.9341806627327,0.7936507936507936,125,122,1,0,121,120,18223,4,0,0,4,2
2020-10-29,US,West Virginia,Mercer,762,31,0,37.40481169,-81.11023142,54055.0,1296.8446849790664,4.0682414698162725,731,748,31,0,717,732,59131,14,0,0,14,16
2020-10-29,US,West Virginia,Mineral,223,4,0,39.41561583,-78.94104895,54057.0,829.9836236415066,1.7937219730941705,219,219,4,0,215,218,26940,4,0,0,4,1
2020-10-29,US,West Virginia,Mingo,609,10,0,37.73048351,-82.13338365,54059.0,2599.8975409836066,1.6420361247947457,599,600,10,0,590,574,23785,9,0,0,9,26
2020-10-29,US,West Virginia,Monongalia,2316,5,0,39.63218457,-80.04766838,54061.0,2192.932621293035,0.2158894645941278,2311,2307,5,0,2302,2298,106420,9,0,0,9,9
2020-10-29,US,West Virginia,Monroe,257,8,0,37.56274716,-80.54577965,54063.0,1935.969868173258,3.1128404669260696,249,251,8,0,243,249,13280,6,0,0,6,2
2020-10-29,US,West Virginia,Morgan,151,0,0,39.55439028,-78.26311676,54065.0,844.3301274882576,0.0,151,150,0,0,150,147,17787,1,0,0,1,3
2020-10-29,US,West Virginia,Nicholas,188,3,0,38.29617706,-80.79759588,54067.0,767.4722403657739,1.5957446808510638,185,185,3,0,182,185,24842,3,0,0,3,0
2020-10-29,US,West Virginia,Ohio,560,9,0,40.0955451,-80.62203992,54069.0,1352.297698679095,1.6071428571428572,551,541,9,0,532,528,41755,19,0,0,19,13
2020-10-29,US,West Virginia,Pendleton,77,1,0,38.68314479,-79.35084086,54071.0,1104.8930980054527,1.2987012987012987,76,76,1,0,75,75,6997,1,0,0,1,1
2020-10-29,US,West Virginia,Pleasants,30,3,0,39.37091679,-81.16771771,54073.0,402.1447721179625,10.0,27,29,3,0,26,27,7507,1,0,0,1,2
2020-10-29,US,West Virginia,Pocahontas,70,0,0,38.32758728,-80.00993811,54075.0,848.7935006669092,0.0,70,70,0,0,70,69,8414,0,0,0,0,1
2020-10-29,US,West Virginia,Preston,200,4,0,39.46770987,-79.66712803,54077.0,598.2292414453217,2.0,196,199,4,0,195,199,33839,1,0,0,1,0
2020-10-29,US,West Virginia,Putnam,884,13,0,38.50782345,-81.9082131,54079.0,1565.9875996457047,1.4705882352941178,871,879,13,0,866,863,56682,5,0,0,5,16
2020-10-29,US,West Virginia,Raleigh,825,9,0,37.76936795,-81.2456041,54081.0,1124.5757282479792,1.0909090909090908,816,798,9,0,789,780,74254,27,0,0,27,18
2020-10-29,US,West Virginia,Randolph,419,1,0,38.769899,-79.87919615,54083.0,1460.1847011674508,0.2386634844868735,418,416,1,0,415,412,28823,3,0,0,3,4
2020-10-29,US,West Virginia,Ritchie,41,0,0,39.18094587,-81.06356878,54085.0,429.1396273812017,0.0,41,37,0,0,37,36,9721,4,0,0,4,1
2020-10-29,US,West Virginia,Roane,111,2,0,38.71622686,-81.35243568,54087.0,810.9292811221508,1.8018018018018016,109,106,2,0,104,106,13932,5,0,0,5,0
2020-10-29,US,West Virginia,Summers,119,1,0,37.65390597,-80.86009693,54089.0,946.4726000159072,0.8403361344537815,118,112,1,0,111,109,12760,7,0,0,7,3
2020-10-29,US,West Virginia,Taylor,168,8,0,39.33602617,-80.0421439,54091.0,1006.2893081761006,4.761904761904762,160,166,8,0,158,166,16862,2,0,0,2,0
2020-10-29,US,West Virginia,Tucker,64,0,0,39.11240885,-79.57053576,54093.0,935.809328849247,0.0,64,63,0,0,63,63,6955,1,0,0,1,0
2020-10-29,US,West Virginia,Tyler,35,1,0,39.46811972,-80.88772676,54095.0,407.4030962635317,2.8571428571428568,34,33,1,0,32,32,8746,2,0,0,2,1
2020-10-29,US,West Virginia,Upshur,265,4,0,38.89285061,-80.23689136,54097.0,1096.1283917935143,1.509433962264151,261,263,4,0,259,257,24415,2,0,0,2,6
2020-10-29,US,West Virginia,Wayne,595,11,0,38.14901357,-82.42287994,54099.0,1510.0756306786457,1.8487394957983196,584,586,11,0,575,580,39944,9,0,0,9,6
2020-10-29,US,West Virginia,Webster,32,0,0,38.49370949,-80.4202023,54101.0,394.3800838057678,0.0,32,31,0,0,31,29,8285,1,0,0,1,2
2020-10-29,US,West Virginia,Wetzel,183,5,0,39.6065771,-80.64016540000001,54103.0,1214.7361433786925,2.7322404371584703,178,178,1,0,177,173,15270,5,4,0,1,5
2020-10-29,US,West Virginia,Wirt,53,0,0,39.02775007,-81.37473928,54105.0,910.4964782683388,0.0,53,53,0,0,53,51,5830,0,0,0,0,2
2020-10-29,US,West Virginia,Wood,616,6,0,39.20967886,-81.5162836,54107.0,737.5655547307167,0.9740259740259741,610,591,6,0,585,580,84203,25,0,0,25,11
2020-10-29,US,West Virginia,Wyoming,309,5,0,37.612327,-81.54511071,54109.0,1515.1515151515152,1.6181229773462784,304,285,5,0,280,256,20786,24,0,0,24,29
2020-10-29,US,Wisconsin,Adams,546,4,0,43.96974651,-89.76782777,55001.0,2700.2967359050444,0.7326007326007326,542,515,5,0,510,502,20348,31,-1,0,32,13
2020-10-29,US,Wisconsin,Ashland,282,3,0,46.31956891,-90.67837132,55003.0,1812.1064130574475,1.0638297872340423,279,279,3,0,276,274,15600,3,0,0,3,5
2020-10-29,US,Wisconsin,Barron,1178,7,0,45.42372701,-91.84833627,55005.0,2603.6601538325517,0.5942275042444821,1171,1132,7,0,1125,1093,45164,46,0,0,46,39
2020-10-29,US,Wisconsin,Bayfield,245,2,0,46.52868768,-91.19716729,55007.0,1629.4227188081934,0.8163265306122449,243,230,2,0,228,225,15042,15,0,0,15,5
2020-10-29,US,Wisconsin,Brown,15738,104,0,44.452655299999996,-88.00411844,55009.0,5949.149851441359,0.6608209429406532,15634,15377,97,0,15280,15103,263378,361,7,0,354,274
2020-10-29,US,Wisconsin,Buffalo,294,3,0,44.37835084,-91.75332578,55011.0,2256.1583915278948,1.020408163265306,291,273,3,0,270,262,13125,21,0,0,21,11
2020-10-29,US,Wisconsin,Burnett,314,6,0,45.86303537,-92.36711412,55013.0,2037.1091215777865,1.9108280254777068,308,311,6,0,305,308,15392,3,0,0,3,3
2020-10-29,US,Wisconsin,Calumet,2739,11,0,44.0816316,-88.21780273,55015.0,5468.266485655533,0.4016064257028112,2728,2694,11,0,2683,2676,50159,45,0,0,45,18
2020-10-29,US,Wisconsin,Chippewa,1789,19,0,45.06939744,-91.28068855,55017.0,2766.865662408364,1.0620458356623812,1770,1685,13,0,1672,1581,64135,104,6,0,98,104
2020-10-29,US,Wisconsin,Clark,909,16,0,44.73483377,-90.61207486,55019.0,2614.021970437683,1.7601760176017602,893,889,16,0,873,867,34709,20,0,0,20,22
2020-10-29,US,Wisconsin,Columbia,1820,7,0,43.46492199,-89.33589004,55021.0,3163.456858791629,0.38461538461538464,1813,1788,6,0,1782,1761,57358,32,1,0,31,27
2020-10-29,US,Wisconsin,Crawford,347,1,0,43.23870316,-90.93073686,55023.0,2151.137561217532,0.2881844380403458,346,340,1,0,339,328,16291,7,0,0,7,12
2020-10-29,US,Wisconsin,Dane,15153,50,0,43.06601594,-89.41733797,55025.0,2771.746586304978,0.32996766316900944,15103,14929,49,0,14880,14560,542364,224,1,0,223,369
2020-10-29,US,Wisconsin,Dodge,4343,27,0,43.41576662,-88.70928178,55027.0,4944.273045002788,0.6216900759843427,4316,4158,26,0,4132,4051,87847,185,1,0,184,107
2020-10-29,US,Wisconsin,Door,871,7,0,44.95856458,-87.30002707,55029.0,3148.0410582622526,0.8036739380022963,864,822,6,0,816,780,27610,49,1,0,48,42
2020-10-29,US,Wisconsin,Douglas,798,2,0,46.43222285,-91.91595768,55031.0,1849.3626882966398,0.2506265664160401,796,781,1,0,780,774,43208,17,1,0,16,7
2020-10-29,US,Wisconsin,Dunn,1102,1,0,44.94562799,-91.8962481,55033.0,2429.0248633397987,0.09074410163339383,1101,1066,1,0,1065,1039,45131,36,0,0,36,27
2020-10-29,US,Wisconsin,Eau Claire,3656,16,0,44.726614,-91.28609183,55035.0,3493.6834661621087,0.43763676148796504,3640,3531,12,0,3519,3442,104534,125,4,0,121,89
2020-10-29,US,Wisconsin,Florence,214,7,0,45.84963535,-88.39804137,55037.0,4982.537834691501,3.2710280373831777,207,209,6,0,203,210,4321,5,1,0,4,-1
2020-10-29,US,Wisconsin,Fond du Lac,4695,20,0,43.75354908,-88.48885325,55039.0,4540.487219906579,0.42598509052183176,4675,4564,20,0,4544,4461,103066,131,0,0,131,103
2020-10-29,US,Wisconsin,Forest,486,11,0,45.66678019,-88.77084892,55041.0,5397.601066192803,2.263374485596708,475,475,11,0,464,464,8991,11,0,0,11,11
2020-10-29,US,Wisconsin,Grant,1906,32,0,42.8671731,-90.7063218,55043.0,3705.359746495849,1.6789087093389297,1874,1881,32,0,1849,1833,51554,25,0,0,25,48
2020-10-29,US,Wisconsin,Green,982,5,0,42.6794956,-89.60243287,55045.0,2656.926406926407,0.5091649694501018,977,957,5,0,952,932,36929,25,0,0,25,25
2020-10-29,US,Wisconsin,Green Lake,767,3,0,43.80025981,-89.04679553,55047.0,4055.411621635912,0.39113428943937417,764,751,3,0,748,741,18918,16,0,0,16,10
2020-10-29,US,Wisconsin,Iowa,500,1,0,43.00050278,-90.13469017,55049.0,2111.664836557142,0.2,499,480,1,0,479,466,23771,20,0,0,20,14
2020-10-29,US,Wisconsin,Iron,194,4,0,46.26302338,-90.24295041,55051.0,3411.2889045190777,2.061855670103093,190,191,4,0,187,190,5676,3,0,0,3,1
2020-10-29,US,Wisconsin,Jackson,544,1,0,44.31864893,-90.80566792,55053.0,2635.275880443734,0.18382352941176472,543,494,1,0,493,472,20478,50,0,0,50,22
2020-10-29,US,Wisconsin,Jefferson,2840,15,0,43.02054068,-88.77529134,55055.0,3350.2813528530482,0.528169014084507,2825,2768,14,0,2754,2697,85129,72,1,0,71,71
2020-10-29,US,Wisconsin,Juneau,808,4,0,43.92456975,-90.11120239,55057.0,3027.6913853186943,0.4950495049504951,804,784,4,0,780,774,26617,24,0,0,24,10
2020-10-29,US,Wisconsin,Kenosha,5241,83,0,42.57639354,-88.04051686,55059.0,3090.923030649737,1.5836672390765119,5158,5118,80,0,5038,4958,169290,123,3,0,120,160
2020-10-29,US,Wisconsin,Kewaunee,1105,7,0,44.51727459,-87.61468386,55061.0,5407.65391014975,0.6334841628959276,1098,1073,7,0,1066,1069,20383,32,0,0,32,4
2020-10-29,US,Wisconsin,La Crosse,4366,21,0,43.90632465,-91.11451093,55063.0,3699.498373101952,0.4809894640403115,4345,4256,21,0,4235,4187,118230,110,0,0,110,69
2020-10-29,US,Wisconsin,Lafayette,562,1,0,42.66005229,-90.1317729,55065.0,3372.3372337233727,0.17793594306049826,561,550,1,0,549,531,16665,12,0,0,12,19
2020-10-29,US,Wisconsin,Langlade,1024,11,0,45.26271619,-89.07483625,55067.0,5336.390640471103,1.07421875,1013,983,9,0,974,954,19268,41,2,0,39,29
2020-10-29,US,Wisconsin,Lincoln,834,10,0,45.33737523,-89.73411273,55069.0,3022.505707969412,1.1990407673860912,824,802,10,0,792,783,27689,32,0,0,32,19
2020-10-29,US,Wisconsin,Manitowoc,2867,16,0,44.11946801,-87.80928853,55071.0,3629.986958888847,0.5580746424834322,2851,2788,11,0,2777,2764,79074,79,5,0,74,24
2020-10-29,US,Wisconsin,Marathon,4896,54,0,44.89792533,-89.75863384,55073.0,3608.1714471007867,1.1029411764705883,4842,4728,54,0,4674,4620,135428,168,0,0,168,108
2020-10-29,US,Wisconsin,Marinette,1777,14,0,45.38553432,-88.03324599999998,55075.0,4403.965303593556,0.7878446820483962,1763,1738,13,0,1725,1709,40434,39,1,0,38,29
2020-10-29,US,Wisconsin,Marquette,628,2,0,43.81911946,-89.40073763,55077.0,4032.3616283549504,0.3184713375796178,626,616,2,0,614,607,15434,12,0,0,12,9
2020-10-29,US,Wisconsin,Menominee,315,0,0,45.00422544,-88.70950714,55078.0,6913.9596136962255,0.0,315,304,0,0,304,298,4658,11,0,0,11,6
2020-10-29,US,Wisconsin,Milwaukee,41292,585,0,43.00486062,-87.96733172,55079.0,4366.1694824928145,1.4167393199651264,40707,40609,582,0,40027,40143,948201,683,3,0,680,466
2020-10-29,US,Wisconsin,Monroe,1166,6,0,43.94641218,-90.61881899999999,55081.0,2520.9175621040804,0.5145797598627787,1160,1132,5,0,1127,1111,46051,34,1,0,33,21
2020-10-29,US,Wisconsin,Oconto,2158,17,0,45.02715345,-88.26807503,55083.0,5689.427893488004,0.7877664504170528,2141,2114,17,0,2097,2090,37830,44,0,0,44,24
2020-10-29,US,Wisconsin,Oneida,1287,13,0,45.70677897,-89.51944105,55085.0,3615.676359039191,1.0101010101010102,1274,1239,14,0,1225,1222,35470,48,-1,0,49,17
2020-10-29,US,Wisconsin,Outagamie,9443,77,0,44.41578887,-88.46565023,55087.0,5025.946722729329,0.815418828762046,9366,9251,75,0,9176,9176,187365,192,2,0,190,75
2020-10-29,US,Wisconsin,Ozaukee,2340,25,0,43.38352225,-87.94625009,55089.0,2622.7009336367,1.0683760683760684,2315,2246,25,0,2221,2209,89147,94,0,0,94,37
2020-10-29,US,Wisconsin,Pepin,156,0,0,44.58307413,-91.99949611,55091.0,2140.798682585426,0.0,156,146,0,0,146,140,7289,10,0,0,10,6
2020-10-29,US,Wisconsin,Pierce,737,7,0,44.71850291,-92.4224416,55093.0,1723.8153155260327,0.949796472184532,730,703,7,0,696,693,42555,34,0,0,34,10
2020-10-29,US,Wisconsin,Polk,584,3,0,45.46130348,-92.44182875,55095.0,1333.8510380741384,0.5136986301369864,581,563,3,0,560,548,43598,21,0,0,21,15
2020-10-29,US,Wisconsin,Portage,2815,21,0,44.47558711,-89.50152965,55097.0,3977.5617475837903,0.7460035523978685,2794,2776,21,0,2755,2730,70942,39,0,0,39,46
2020-10-29,US,Wisconsin,Price,372,3,0,45.68051754,-90.36098879999999,55099.0,2786.3081417122307,0.8064516129032258,369,367,2,0,365,355,13397,5,1,0,4,12
2020-10-29,US,Wisconsin,Racine,7604,113,0,42.74753117,-88.05941254,55101.0,3873.445706048056,1.4860599684376643,7491,7457,113,0,7344,7299,196584,147,0,0,147,158
2020-10-29,US,Wisconsin,Richland,478,8,0,43.3762778,-90.43012729,55103.0,2770.693252956179,1.6736401673640169,470,471,8,0,463,458,17377,7,0,0,7,13
2020-10-29,US,Wisconsin,Rock,5197,46,0,42.67151616,-89.07147900000002,55105.0,3181.434185878521,0.8851260342505292,5151,5138,44,0,5094,5077,163129,59,2,0,57,61
2020-10-29,US,Wisconsin,Rusk,223,1,0,45.47498854,-91.1333012,55107.0,1572.8593595711664,0.4484304932735426,222,211,1,0,210,205,14147,12,0,0,12,6
2020-10-29,US,Wisconsin,Sauk,1810,7,0,43.42574087,-89.94966132,55111.0,2808.7272275844953,0.3867403314917127,1803,1785,7,0,1778,1732,64249,25,0,0,25,53
2020-10-29,US,Wisconsin,Sawyer,391,3,0,45.87931905,-91.14504927,55113.0,2361.396303901437,0.7672634271099744,388,380,3,0,377,372,16489,11,0,0,11,8
2020-10-29,US,Wisconsin,Shawano,2506,25,0,44.78902246,-88.76443896,55115.0,6127.289175774469,0.997605746209098,2481,2441,24,0,2417,2406,40796,65,1,0,64,35
2020-10-29,US,Wisconsin,Sheboygan,4929,27,0,43.72099677,-87.94579284,55117.0,4273.452401595284,0.5477784540474742,4902,4802,26,0,4776,4697,115456,127,1,0,126,105
2020-10-29,US,Wisconsin,St. Croix,1912,11,0,45.03437474,-92.45000068,55109.0,2108.3507007619614,0.5753138075313807,1901,1858,11,0,1847,1806,89694,54,0,0,54,52
2020-10-29,US,Wisconsin,Taylor,502,7,0,45.21179252,-90.5004405,55119.0,2467.679300004916,1.3944223107569722,495,488,7,0,481,475,20412,14,0,0,14,13
2020-10-29,US,Wisconsin,Trempealeau,1065,3,0,44.30360275,-91.35893614,55121.0,3592.026712536679,0.28169014084507044,1062,1036,2,0,1034,1006,29442,29,1,0,28,30
2020-10-29,US,Wisconsin,Vernon,515,2,0,43.59422667,-90.8324691,55123.0,1670.884433197067,0.3883495145631068,513,499,2,0,497,495,30785,16,0,0,16,4
2020-10-29,US,Wisconsin,Vilas,585,7,0,46.05467334,-89.51719204,55125.0,2635.728767740482,1.1965811965811963,578,563,6,0,557,555,21938,22,1,0,21,8
2020-10-29,US,Wisconsin,Walworth,3449,38,0,42.66858202,-88.54163073,55127.0,3320.5607116725073,1.1017686285879966,3411,3411,38,0,3373,3385,103718,38,0,0,38,26
2020-10-29,US,Wisconsin,Washburn,252,2,0,45.89838588,-91.79050449,55129.0,1603.0534351145038,0.7936507936507936,250,245,2,0,243,242,15878,7,0,0,7,3
2020-10-29,US,Wisconsin,Washington,4583,41,0,43.36863664,-88.22974712,55131.0,3369.010688504345,0.8946105171285185,4542,4508,42,0,4466,4367,135693,75,-1,0,76,141
2020-10-29,US,Wisconsin,Waukesha,12728,122,0,43.01833055,-88.30431188,55133.0,3148.9517513693786,0.9585166561910748,12606,12446,120,0,12326,12186,403072,282,2,0,280,260
2020-10-29,US,Wisconsin,Waupaca,2457,44,0,44.47068056,-88.96534501,55135.0,4818.591880760933,1.7908017908017908,2413,2399,40,0,2359,2371,51128,58,4,0,54,28
2020-10-29,US,Wisconsin,Waushara,1051,5,0,44.11324419,-89.24317107,55137.0,4299.799533608803,0.4757373929590866,1046,1025,5,0,1020,1009,24263,26,0,0,26,16
2020-10-29,US,Wisconsin,Winnebago,8960,62,0,44.06886922,-88.64477096,55139.0,5212.12050701833,0.6919642857142857,8898,8799,62,0,8737,8726,171020,161,0,0,161,73
2020-10-29,US,Wisconsin,Wood,1773,9,0,44.45537896,-90.04158336,55141.0,2428.8003945259525,0.5076142131979695,1764,1708,9,0,1699,1679,73055,65,0,0,65,29
2020-10-29,US,Wyoming,Albany,1450,4,0,41.65498705,-105.72354150000001,56001.0,3729.423868312757,0.27586206896551724,1446,1422,4,0,1418,1386,38601,28,0,0,28,36
2020-10-29,US,Wyoming,Big Horn,245,7,0,44.52405055,-107.9960365,56003.0,2078.0322307039864,2.8571428571428568,238,241,7,0,234,233,11881,4,0,0,4,8
2020-10-29,US,Wyoming,Campbell,1043,3,0,44.24886082,-105.54744040000001,56005.0,2250.706717593492,0.28763183125599234,1040,969,3,0,966,948,46140,74,0,0,74,21
2020-10-29,US,Wyoming,Carbon,325,2,0,41.69357844,-106.9326084,56007.0,2195.945945945946,0.6153846153846154,323,321,2,0,319,315,14971,4,0,0,4,6
2020-10-29,US,Wyoming,Converse,319,0,0,42.97272268,-105.5081848,56009.0,2307.9149182462743,0.0,319,307,0,0,307,301,13640,12,0,0,12,6
2020-10-29,US,Wyoming,Crook,116,1,0,44.58855102,-104.56977049999999,56011.0,1529.535864978903,0.8620689655172413,115,112,1,0,111,109,7450,4,0,0,4,3
2020-10-29,US,Wyoming,Fremont,1373,15,0,43.04183996,-108.6296893,56013.0,3497.109090445989,1.0924981791697017,1358,1345,15,0,1330,1290,39531,28,0,0,28,55
2020-10-29,US,Wyoming,Goshen,162,3,0,42.08798185,-104.3534743,56015.0,1226.2508515630914,1.851851851851852,159,161,3,0,158,156,13376,1,0,0,1,5
2020-10-29,US,Wyoming,Hot Springs,55,0,0,43.71930657,-108.44231740000001,56017.0,1246.3176977113076,0.0,55,53,0,0,53,51,4555,2,0,0,2,2
2020-10-29,US,Wyoming,Johnson,116,2,0,44.04057166,-106.58451740000001,56019.0,1373.5938425103611,1.7241379310344829,114,112,2,0,110,105,8460,4,0,0,4,7
2020-10-29,US,Wyoming,Laramie,1656,6,0,41.30702520000001,-104.6887497,56021.0,1664.321608040201,0.3623188405797101,1650,1595,6,0,1589,1553,98976,61,0,0,61,42
2020-10-29,US,Wyoming,Lincoln,353,3,0,42.26376367,-110.6563997,56023.0,1780.1311144730207,0.8498583569405099,350,348,3,0,345,339,19434,5,0,0,5,9
2020-10-29,US,Wyoming,Natrona,1457,8,0,42.96180148,-106.79788500000001,56025.0,1824.4884670289764,0.5490734385724091,1449,1426,8,0,1418,1382,79115,31,0,0,31,44
2020-10-29,US,Wyoming,Niobrara,16,0,0,43.05607708,-104.47588959999999,56027.0,679.1171477079797,0.0,16,12,0,0,12,12,2388,4,0,0,4,0
2020-10-29,US,Wyoming,Park,661,3,0,44.52157546,-109.58528249999999,56029.0,2264.1638692882098,0.453857791225416,658,644,3,0,641,628,29324,17,0,0,17,16
2020-10-29,US,Wyoming,Platte,142,2,0,42.13299116,-104.96633100000001,56031.0,1691.8860955558202,1.4084507042253518,140,136,2,0,134,127,8566,6,0,0,6,9
2020-10-29,US,Wyoming,Sheridan,765,4,0,44.79048913,-106.8862389,56033.0,2509.430867639823,0.5228758169934641,761,731,4,0,727,721,30233,34,0,0,34,10
2020-10-29,US,Wyoming,Sublette,175,1,0,42.76558279,-109.91309220000001,56035.0,1780.0834096226224,0.5714285714285714,174,171,1,0,170,160,9813,4,0,0,4,11
2020-10-29,US,Wyoming,Sweetwater,522,2,0,41.65943896,-108.8827882,56037.0,1232.7893630588292,0.3831417624521073,520,505,2,0,503,488,43051,17,0,0,17,17
2020-10-29,US,Wyoming,Teton,779,1,0,43.93522482,-110.5890801,56039.0,3319.9795431299012,0.12836970474967907,778,772,1,0,771,761,23081,7,0,0,7,11
2020-10-29,US,Wyoming,Uinta,469,3,0,41.2878183,-110.54757820000002,56041.0,2318.7975872639176,0.6396588486140725,466,462,3,0,459,451,20299,7,0,0,7,11
2020-10-29,US,Wyoming,Unassigned,0,10,0,0.0,0.0,90056.0,0.0,0.0,-10,,,,,,,,,,,
2020-10-29,US,Wyoming,Washakie,153,7,0,43.90451606,-107.68018700000002,56043.0,1960.281870595772,4.575163398692809,146,153,7,0,146,151,7885,0,0,0,0,2
2020-10-29,US,Wyoming,Weston,155,0,0,43.83961191,-104.56748809999999,56045.0,2237.62090371012,0.0,155,148,0,0,148,139,6967,7,0,0,7,9
