Date,Country/Region,Province/State,Admin2,Confirmed,Deaths,Recovered,Latitude,Longitude,FIPS,Incidence_Rate,Case-Fatality_Ratio,Active Cases,Previous Confirmed,Previous Deaths,Previous Recovered,Previous Active,Prev2 Confirmed,Population,Daily Confirmed,Daily Deaths,Daily Recovered,Daily Active,Previous Daily Confirmed
2020-06-08,US,Alabama,Autauga,272,5,0,32.53952745,-86.64408227,1001.0,486.8531743900911,1.8382352941176472,267,265,5,0,260,259,55601,7,0,0,7,6
2020-06-08,US,Alabama,Baldwin,320,9,0,30.72774991,-87.72207058,1003.0,143.3473395629698,2.8125,311,313,9,0,304,304,218022,7,0,0,7,9
2020-06-08,US,Alabama,Barbour,197,1,0,31.868263,-85.3871286,1005.0,798.0231710281131,0.5076142131979695,196,193,1,0,192,190,24881,4,0,0,4,3
2020-06-08,US,Alabama,Bibb,79,1,0,32.99642064,-87.12511459999996,1007.0,352.77306421362863,1.2658227848101269,78,77,1,0,76,77,22400,2,0,0,2,0
2020-06-08,US,Alabama,Blount,73,1,0,33.98210918,-86.56790593,1009.0,126.24079133953585,1.3698630136986298,72,72,1,0,71,70,57840,1,0,0,1,2
2020-06-08,US,Alabama,Bullock,238,8,0,32.10030533,-85.71265535,1011.0,2356.202356202356,3.361344537815126,230,232,7,0,225,225,10138,6,1,0,5,7
2020-06-08,US,Alabama,Butler,455,24,0,31.75300095,-86.68057478,1013.0,2339.572192513369,5.2747252747252755,431,449,22,0,427,442,19680,6,2,0,4,7
2020-06-08,US,Alabama,Calhoun,178,3,0,33.77483727,-85.82630386,1015.0,156.68324457550284,1.6853932584269662,175,176,3,0,173,174,114277,2,0,0,2,2
2020-06-08,US,Alabama,Chambers,383,26,0,32.91360079,-85.39072749,1017.0,1151.7411439225355,6.788511749347259,357,378,26,0,352,373,33615,5,0,0,5,5
2020-06-08,US,Alabama,Cherokee,42,4,0,34.17805983,-85.60638968,1019.0,160.3298213467705,9.523809523809524,38,42,4,0,38,40,26032,0,0,0,0,2
2020-06-08,US,Alabama,Chilton,111,2,0,32.85044126,-86.7173256,1021.0,249.8424417034303,1.8018018018018016,109,110,2,0,108,108,44153,1,0,0,1,2
2020-06-08,US,Alabama,Choctaw,156,10,0,32.02227341,-88.26564429999998,1023.0,1239.1770593375168,6.410256410256411,146,155,10,0,145,155,12841,1,0,0,1,0
2020-06-08,US,Alabama,Clarke,158,3,0,31.68099859,-87.83548597,1025.0,668.8680044026755,1.8987341772151896,155,156,2,0,154,151,23920,2,1,0,1,5
2020-06-08,US,Alabama,Clay,29,2,0,33.26984193,-85.85836077,1027.0,219.115980355119,6.896551724137932,27,29,2,0,27,29,13275,0,0,0,0,0
2020-06-08,US,Alabama,Cleburne,19,1,0,33.67679204,-85.52005899,1029.0,127.43125419181757,5.2631578947368425,18,18,1,0,17,15,14987,1,0,0,1,3
2020-06-08,US,Alabama,Coffee,248,1,0,31.39932826,-85.98901039,1031.0,473.80688548393266,0.4032258064516129,247,246,1,0,245,244,51909,2,0,0,2,2
2020-06-08,US,Alabama,Colbert,212,4,0,34.69847452,-87.80168544,1033.0,383.7729222859832,1.8867924528301887,208,209,4,0,205,206,54762,3,0,0,3,3
2020-06-08,US,Alabama,Conecuh,52,1,0,31.43401703,-86.99320044,1035.0,430.92732244965606,1.9230769230769231,51,49,1,0,48,44,12277,3,0,0,3,5
2020-06-08,US,Alabama,Coosa,40,1,0,32.93690146,-86.24847739,1037.0,375.1289505767608,2.5,39,40,1,0,39,40,10715,0,0,0,0,0
2020-06-08,US,Alabama,Covington,88,1,0,31.247785399999998,-86.45050893,1039.0,237.52327998056634,1.1363636363636365,87,88,1,0,87,84,36986,0,0,0,0,4
2020-06-08,US,Alabama,Crenshaw,88,3,0,31.72941803,-86.31593104,1041.0,638.9776357827476,3.4090909090909087,85,84,3,0,81,83,13824,4,0,0,4,1
2020-06-08,US,Alabama,Cullman,199,1,0,34.13020303,-86.86888037,1043.0,237.56088243720757,0.5025125628140703,198,193,1,0,192,180,83442,6,0,0,6,13
2020-06-08,US,Alabama,Dale,135,0,0,31.43037123,-85.61095742,1045.0,274.54648987228506,0.0,135,131,0,0,131,131,48956,4,0,0,4,0
2020-06-08,US,Alabama,Dallas,339,4,0,32.32688101,-87.10866709999998,1047.0,911.3883213248737,1.1799410029498525,335,320,3,0,317,302,38310,19,1,0,18,18
2020-06-08,US,Alabama,DeKalb,272,3,0,34.45946862,-85.80782906,1049.0,380.3504257967083,1.1029411764705883,269,269,3,0,266,268,71385,3,0,0,3,1
2020-06-08,US,Alabama,Elmore,427,10,0,32.59785413,-86.14415284,1051.0,525.8037902202958,2.34192037470726,417,411,10,0,401,401,81887,16,0,0,16,10
2020-06-08,US,Alabama,Escambia,88,3,0,31.1256789,-87.15918694,1053.0,240.220566156198,3.4090909090909087,85,85,3,0,82,82,36748,3,0,0,3,3
2020-06-08,US,Alabama,Etowah,276,12,0,34.04567266,-86.04051873,1055.0,269.87914108029884,4.3478260869565215,264,273,12,0,261,270,102501,3,0,0,3,3
2020-06-08,US,Alabama,Fayette,19,0,0,33.72076938,-87.73886638,1057.0,116.55011655011656,0.0,19,18,0,0,18,17,16433,1,0,0,1,1
2020-06-08,US,Alabama,Franklin,625,10,0,34.44235334,-87.84289505,1059.0,1992.8575983674511,1.6,615,617,9,0,608,608,31363,8,1,0,7,9
2020-06-08,US,Alabama,Geneva,46,0,0,31.09389027,-85.83572839,1061.0,175.09801682463555,0.0,46,46,0,0,46,46,26314,0,0,0,0,0
2020-06-08,US,Alabama,Greene,99,5,0,32.85504247,-87.95684022,1063.0,1220.5646652693872,5.05050505050505,94,98,5,0,93,98,8233,1,0,0,1,0
2020-06-08,US,Alabama,Hale,207,11,0,32.76039258,-87.63284988,1065.0,1412.87284144427,5.3140096618357475,196,202,11,0,191,195,14726,5,0,0,5,7
2020-06-08,US,Alabama,Henry,89,2,0,31.51148016,-85.24267944,1067.0,517.2914850334205,2.247191011235955,87,88,2,0,86,85,17209,1,0,0,1,3
2020-06-08,US,Alabama,Houston,246,5,0,31.15197924,-85.29939599,1069.0,232.33410778035926,2.0325203252032518,241,245,5,0,240,237,104722,1,0,0,1,8
2020-06-08,US,Alabama,Jackson,94,3,0,34.78144169,-85.99750489,1071.0,182.07879750513308,3.191489361702128,91,90,3,0,87,88,51736,4,0,0,4,2
2020-06-08,US,Alabama,Jefferson,2078,109,0,33.55554728,-86.89506300000002,1073.0,315.5307004690445,5.245428296438884,1969,2039,106,0,1933,1980,659300,39,3,0,36,59
2020-06-08,US,Alabama,Lamar,29,0,0,33.77995024,-88.09668032,1075.0,210.0688156465049,0.0,29,29,0,0,29,28,13844,0,0,0,0,1
2020-06-08,US,Alabama,Lauderdale,188,3,0,34.90171875,-87.65624729,1077.0,202.741321485188,1.5957446808510638,185,184,2,0,182,181,92387,4,1,0,3,3
2020-06-08,US,Alabama,Lawrence,55,0,0,34.52041498,-87.31069453,1079.0,167.051391082493,0.0,55,55,0,0,55,53,32957,0,0,0,0,2
2020-06-08,US,Alabama,Lee,594,34,0,32.60154883,-85.35132246,1081.0,361.0020541867729,5.723905723905723,560,584,34,0,550,577,163941,10,0,0,10,7
2020-06-08,US,Alabama,Limestone,135,0,0,34.81185586,-86.98310072,1083.0,136.48081686296314,0.0,135,123,0,0,123,119,96174,12,0,0,12,4
2020-06-08,US,Alabama,Lowndes,290,13,0,32.1597283,-86.65158371,1085.0,2981.6985399958867,4.482758620689656,277,283,12,0,271,276,9974,7,1,0,6,7
2020-06-08,US,Alabama,Macon,100,5,0,32.38759944,-85.69267724,1087.0,553.4646889528449,5.0,95,98,5,0,93,96,18439,2,0,0,2,2
2020-06-08,US,Alabama,Madison,386,5,0,34.76327133,-86.55069633,1089.0,103.51050792552608,1.2953367875647668,381,376,5,0,371,371,366519,10,0,0,10,5
2020-06-08,US,Alabama,Marengo,187,6,0,32.24767634,-87.78796182,1091.0,991.3587446323489,3.2085561497326203,181,184,6,0,178,182,19066,3,0,0,3,2
2020-06-08,US,Alabama,Marion,126,11,0,34.13697363,-87.88704173,1093.0,424.1139048773099,8.730158730158731,115,126,11,0,115,126,29763,0,0,0,0,0
2020-06-08,US,Alabama,Marshall,744,9,0,34.36975964,-86.30486727,1095.0,768.8015376030753,1.2096774193548387,735,739,9,0,730,730,96109,5,0,0,5,9
2020-06-08,US,Alabama,Mobile,2461,124,0,30.78472347,-88.20842409,1097.0,595.5809394738752,5.038602194229989,2337,2433,124,0,2309,2377,413757,28,0,0,28,56
2020-06-08,US,Alabama,Monroe,62,2,0,31.56729412,-87.36995001,1099.0,299.04017749481505,3.2258064516129035,60,56,2,0,54,54,21067,6,0,0,6,2
2020-06-08,US,Alabama,Montgomery,2128,54,0,32.2206831,-86.20969272,1101.0,939.5724239025811,2.537593984962406,2074,2054,48,0,2006,1993,225763,74,6,0,68,61
2020-06-08,US,Alabama,Morgan,395,1,0,34.45500589,-86.85475946,1103.0,330.04954921080565,0.2531645569620253,394,378,1,0,377,361,119089,17,0,0,17,17
2020-06-08,US,Alabama,Perry,50,0,0,32.64048341,-87.29770589,1105.0,560.3496581867086,0.0,50,47,0,0,47,46,9140,3,0,0,3,1
2020-06-08,US,Alabama,Pickens,124,6,0,33.28094866,-88.08818103,1107.0,622.1776216758657,4.838709677419356,118,122,6,0,116,122,19938,2,0,0,2,0
2020-06-08,US,Alabama,Pike,250,1,0,31.80396383,-85.9408295,1109.0,754.96768738298,0.4,249,243,1,0,242,239,33338,7,0,0,7,4
2020-06-08,US,Alabama,Randolph,132,8,0,33.29526734,-85.45708831,1111.0,580.9347768682335,6.0606060606060606,124,132,8,0,124,129,22725,0,0,0,0,3
2020-06-08,US,Alabama,Russell,212,0,0,32.28725256,-85.18415324,1113.0,365.76318559031074,0.0,212,198,0,0,198,193,57781,14,0,0,14,5
2020-06-08,US,Alabama,Shelby,554,19,0,33.26879845,-86.66232561,1117.0,254.476302468512,3.4296028880866425,535,549,19,0,530,542,215707,5,0,0,5,7
2020-06-08,US,Alabama,St. Clair,141,2,0,33.71902176,-86.31029372,1115.0,157.52077933684868,1.4184397163120568,139,140,2,0,138,138,88690,1,0,0,1,2
2020-06-08,US,Alabama,Sumter,247,9,0,32.59117397,-88.19916205,1119.0,1987.6076285507363,3.643724696356276,238,245,8,0,237,243,12691,2,1,0,1,2
2020-06-08,US,Alabama,Talladega,134,5,0,33.37823223,-86.16886178,1121.0,167.54607517067194,3.7313432835820897,129,132,5,0,127,127,79828,2,0,0,2,5
2020-06-08,US,Alabama,Tallapoosa,446,67,0,32.86698258,-85.79833053,1123.0,1104.8628830480343,15.022421524663676,379,442,66,0,376,439,40497,4,1,0,3,3
2020-06-08,US,Alabama,Tuscaloosa,936,23,0,33.28726072,-87.52556818,1125.0,447.08748298344915,2.4572649572649574,913,915,18,0,897,896,208911,21,5,0,16,19
2020-06-08,US,Alabama,Unassigned,335,4,0,0.0,0.0,90001.0,0.0,1.1940298507462686,331,334,4,0,330,334,,1,0,0,1,0
2020-06-08,US,Alabama,Walker,460,5,0,33.80270512,-87.30027177,1127.0,724.1699595409392,1.0869565217391304,455,452,3,0,449,433,63711,8,2,0,6,19
2020-06-08,US,Alabama,Washington,79,6,0,31.4092794,-88.20689944,1129.0,483.8907264486096,7.594936708860758,73,79,6,0,73,77,16378,0,0,0,0,2
2020-06-08,US,Alabama,Wilcox,173,7,0,31.98773215,-87.30891118,1131.0,1667.7913814711271,4.0462427745664735,166,169,7,0,162,167,10627,4,0,0,4,2
2020-06-08,US,Alabama,Winston,95,0,0,34.15030532,-87.37325922,1133.0,402.0483304414068,0.0,95,93,0,0,93,93,23660,2,0,0,2,0
2020-06-08,US,Alaska,Anchorage,283,4,0,61.14998174,-149.14269860000005,2020.0,98.26388888888887,1.413427561837456,279,272,4,0,268,266,291538,11,0,0,11,6
2020-06-08,US,Alaska,Bethel,3,0,0,60.90980451,-159.8561831,2050.0,16.316762754269554,0.0,3,3,0,0,3,3,18216,0,0,0,0,0
2020-06-08,US,Alaska,Fairbanks North Star,85,2,0,64.80726247,-146.5692662,2090.0,87.76549060909252,2.3529411764705883,83,85,2,0,83,85,98971,0,0,0,0,0
2020-06-08,US,Alaska,Juneau,35,0,0,58.45031811,-134.200436,2110.0,109.46393945080378,0.0,35,34,0,0,34,33,32113,1,0,0,1,1
2020-06-08,US,Alaska,Kenai Peninsula,83,2,0,60.24429722,-151.53888840000005,2122.0,141.37766573550454,2.409638554216868,81,79,2,0,77,78,58533,4,0,0,4,1
2020-06-08,US,Alaska,Ketchikan Gateway,16,0,0,55.57445008,-130.975561,2130.0,115.09963311991943,0.0,16,16,0,0,16,16,13918,0,0,0,0,0
2020-06-08,US,Alaska,Kodiak Island,1,0,0,57.65529415,-153.7493579,2150.0,7.693491306354824,0.0,1,1,0,0,1,1,13345,0,0,0,0,0
2020-06-08,US,Alaska,Matanuska-Susitna,37,1,0,62.31305045,-149.5741743,2170.0,34.15899627943905,2.702702702702702,36,35,1,0,34,35,107610,2,0,0,2,0
2020-06-08,US,Alaska,Nome,3,0,0,64.90320724,-164.0353804,2180.0,29.98800479808077,0.0,3,3,0,0,3,3,10008,0,0,0,0,0
2020-06-08,US,Alaska,North Slope,1,0,0,69.31479216,-153.4836093,2185.0,10.17087062652563,0.0,1,1,0,0,1,1,9872,0,0,0,0,0
2020-06-08,US,Alaska,Northwest Arctic,2,0,0,67.04919196,-159.7503946,2188.0,26.243275160740065,0.0,2,2,0,0,2,2,7671,0,0,0,0,0
2020-06-08,US,Alaska,Petersburg,4,1,0,57.13978948,-132.9540995,2195.0,122.47397428046541,25.0,3,4,1,0,3,4,3221,0,0,0,0,0
2020-06-08,US,Alaska,Prince of Wales-Hyder,2,0,0,55.76261984,-133.0511621,2198.0,32.24246332419797,0.0,2,2,0,0,2,2,6422,0,0,0,0,0
2020-06-08,US,Alaska,Sitka,2,0,0,57.24124555,-135.3206587,2220.0,23.54880489815142,0.0,2,2,0,0,2,2,8647,0,0,0,0,0
2020-06-08,US,Alaska,Southeast Fairbanks,3,0,0,63.87692095,-143.2127643,2240.0,43.52241404323227,0.0,3,3,0,0,3,3,6918,0,0,0,0,0
2020-06-08,US,Alaska,Wrangell,1,0,0,56.3202004,-132.05837309999998,2275.0,39.968025579536366,0.0,1,,,,,,2503,,,,,
2020-06-08,US,Alaska,Yukon-Koyukuk,1,0,0,65.50815459,-151.39073869999999,2290.0,19.120458891013385,0.0,1,1,0,0,1,1,5327,0,0,0,0,0
2020-06-08,US,Arizona,Apache,1732,49,0,35.39465006,-109.4892383,4001.0,2409.3368759302793,2.8290993071593533,1683,1727,49,0,1678,1692,71818,5,0,0,5,35
2020-06-08,US,Arizona,Cochise,149,4,0,31.87934684,-109.7516088,4003.0,118.32721843681007,2.684563758389262,145,141,4,0,137,122,126770,8,0,0,8,19
2020-06-08,US,Arizona,Coconino,1290,85,0,35.83883429,-111.77071780000001,4005.0,899.1050768072708,6.5891472868217065,1205,1282,85,0,1197,1267,142854,8,0,0,8,15
2020-06-08,US,Arizona,Gila,46,3,0,33.80190085,-110.8132779,4007.0,85.15679958532341,6.521739130434782,43,45,3,0,42,43,53889,1,0,0,1,2
2020-06-08,US,Arizona,Graham,41,1,0,32.93166885,-109.8882178,4009.0,105.56943121250357,2.4390243902439024,40,40,1,0,39,39,38072,1,0,0,1,1
2020-06-08,US,Arizona,Greenlee,10,0,0,33.21498827,-109.2405279,4011.0,105.28532322594229,0.0,10,10,0,0,10,9,9483,0,0,0,0,1
2020-06-08,US,Arizona,La Paz,183,1,0,33.72854224,-113.98100290000001,4012.0,866.9698692438885,0.5464480874316939,182,181,1,0,180,158,21098,2,0,0,2,23
2020-06-08,US,Arizona,Maricopa,14003,491,0,33.34835867,-112.49181540000001,4013.0,312.18968862183067,3.5063914875383846,13512,13498,490,0,13008,12761,4410824,505,1,0,504,737
2020-06-08,US,Arizona,Mohave,512,58,0,35.70471703,-113.7577902,4015.0,241.30341548017967,11.328125,454,500,57,0,443,485,209550,12,1,0,11,15
2020-06-08,US,Arizona,Navajo,2229,72,0,35.3997715,-110.3218983,4017.0,2009.4839710071758,3.2301480484522207,2157,2198,72,0,2126,2152,110445,31,0,0,31,46
2020-06-08,US,Arizona,Pima,3154,205,0,32.0971334,-111.7890033,4019.0,301.16139061319865,6.499682942295498,2949,3098,205,0,2893,2950,1039073,56,0,0,56,148
2020-06-08,US,Arizona,Pinal,1127,41,0,32.90525627,-111.3449483,4021.0,243.52350639276216,3.637976929902396,1086,1112,41,0,1071,1067,447138,15,0,0,15,45
2020-06-08,US,Arizona,Santa Cruz,615,3,0,31.52508998,-110.8479088,4023.0,1322.6375327971095,0.4878048780487805,612,599,3,0,596,530,46511,16,0,0,16,69
2020-06-08,US,Arizona,Unassigned,0,2,0,0.0,0.0,90004.0,0.0,0.0,-2,0,2,0,-2,0,,0,0,0,0,0
2020-06-08,US,Arizona,Yavapai,330,6,0,34.59933926,-112.5538588,4025.0,140.36639883623494,1.818181818181818,324,327,6,0,321,326,231993,3,0,0,3,1
2020-06-08,US,Arizona,Yuma,2257,32,0,32.76895712,-113.90666740000002,4027.0,1055.7236875955978,1.4178112538768275,2225,2231,32,0,2199,1850,212128,26,0,0,26,381
2020-06-08,US,Arkansas,Arkansas,7,0,0,34.29145151,-91.37277296,5001.0,40.0320256204964,0.0,7,7,0,0,7,7,17769,0,0,0,0,0
2020-06-08,US,Arkansas,Ashley,32,0,0,33.19153461,-91.76984709999999,5003.0,162.79188075494739,0.0,32,32,0,0,32,29,20046,0,0,0,0,3
2020-06-08,US,Arkansas,Baxter,13,0,0,36.28784385,-92.33782872,5005.0,31.00257559858819,0.0,13,13,0,0,13,13,41619,0,0,0,0,0
2020-06-08,US,Arkansas,Benton,1011,4,0,36.33644656,-94.25680817,5007.0,362.18255290337135,0.3956478733926805,1007,956,3,0,953,883,272608,55,1,0,54,73
2020-06-08,US,Arkansas,Boone,7,0,0,36.3084504,-93.09374925,5009.0,18.700577046377436,0.0,7,7,0,0,7,7,37480,0,0,0,0,0
2020-06-08,US,Arkansas,Bradley,32,1,0,33.46755808,-92.15980837,5011.0,297.31487503484163,3.125,31,30,1,0,29,28,10897,2,0,0,2,2
2020-06-08,US,Arkansas,Carroll,38,1,0,36.34038560000001,-93.54270261,5015.0,133.8971106412967,2.631578947368421,37,38,1,0,37,35,28223,0,0,0,0,3
2020-06-08,US,Arkansas,Chicot,26,0,0,33.26458973,-91.29539209,5017.0,256.9677801937142,0.0,26,23,0,0,23,21,10438,3,0,0,3,2
2020-06-08,US,Arkansas,Clark,41,0,0,34.04613432,-93.17484713,5019.0,183.69175627240142,0.0,41,40,0,0,40,40,22061,1,0,0,1,0
2020-06-08,US,Arkansas,Clay,6,0,0,36.36826212,-90.4148172,5021.0,41.234279430966936,0.0,6,6,0,0,6,6,14847,0,0,0,0,0
2020-06-08,US,Arkansas,Cleburne,75,4,0,35.53864922,-92.02640019,5023.0,300.9751595168345,5.333333333333333,71,74,4,0,70,74,24965,1,0,0,1,0
2020-06-08,US,Arkansas,Cleveland,19,0,0,33.89723187,-92.18537045,5025.0,238.81347410759173,0.0,19,19,0,0,19,19,8018,0,0,0,0,0
2020-06-08,US,Arkansas,Columbia,25,2,0,33.21230701,-93.22642793,5027.0,106.57799377584517,8.0,23,23,2,0,21,23,23537,2,0,0,2,0
2020-06-08,US,Arkansas,Conway,15,1,0,35.26205537,-92.70506566,5029.0,71.95625059963542,6.666666666666668,14,15,1,0,14,15,20891,0,0,0,0,0
2020-06-08,US,Arkansas,Craighead,305,1,0,35.83018283,-90.63235729,5031.0,276.4383859623681,0.3278688524590164,304,302,1,0,301,300,108558,3,0,0,3,2
2020-06-08,US,Arkansas,Crawford,42,0,0,35.58928601,-94.2446814,5033.0,66.39581390201874,0.0,42,41,0,0,41,39,63406,1,0,0,1,2
2020-06-08,US,Arkansas,Crittenden,465,9,0,35.21247318,-90.30839406,5035.0,969.659055364404,1.935483870967742,456,463,9,0,454,452,48342,2,0,0,2,11
2020-06-08,US,Arkansas,Cross,63,0,0,35.29631396,-90.77185818,5037.0,383.7018088799562,0.0,63,61,0,0,61,60,16676,2,0,0,2,1
2020-06-08,US,Arkansas,Dallas,3,0,0,33.97042763,-92.65167437,5039.0,42.802111570837496,0.0,3,3,0,0,3,3,7182,0,0,0,0,0
2020-06-08,US,Arkansas,Desha,20,0,0,33.83011025,-91.25500948,5041.0,176.0408414752223,0.0,20,20,0,0,20,20,11512,0,0,0,0,0
2020-06-08,US,Arkansas,Drew,21,1,0,33.59035001,-91.71777921,5043.0,115.26428453811954,4.761904761904762,20,21,1,0,20,21,18328,0,0,0,0,0
2020-06-08,US,Arkansas,Faulkner,117,3,0,35.14719007,-92.33717519,5045.0,92.85198441356432,2.5641025641025643,114,113,3,0,110,110,124806,4,0,0,4,3
2020-06-08,US,Arkansas,Franklin,5,0,0,35.51202821,-93.89299569,5047.0,28.22466836014677,0.0,5,5,0,0,5,5,17810,0,0,0,0,0
2020-06-08,US,Arkansas,Fulton,8,0,0,36.38177105,-91.81729127,5049.0,64.1179770778232,0.0,8,7,0,0,7,7,12269,1,0,0,1,0
2020-06-08,US,Arkansas,Garland,142,1,0,34.57692074,-93.14921604,5051.0,142.87726641579297,0.7042253521126759,141,140,1,0,139,140,99154,2,0,0,2,0
2020-06-08,US,Arkansas,Grant,19,0,0,34.29017991,-92.42320562,5053.0,104.02408978921434,0.0,19,19,0,0,19,18,18188,0,0,0,0,1
2020-06-08,US,Arkansas,Greene,67,0,0,36.11735460000001,-90.55832668,5055.0,147.82129067843354,0.0,67,67,0,0,67,67,45325,0,0,0,0,0
2020-06-08,US,Arkansas,Hempstead,30,1,0,33.73325583,-93.66935133,5057.0,139.32751253947612,3.333333333333333,29,29,1,0,28,27,21741,1,0,0,1,2
2020-06-08,US,Arkansas,Hot Spring,34,0,0,34.31709259,-92.95396325,5059.0,100.67809659175032,0.0,34,34,0,0,34,34,33701,0,0,0,0,0
2020-06-08,US,Arkansas,Howard,33,0,0,34.09007427,-93.9934871,5061.0,249.96212695046205,0.0,33,31,0,0,31,28,13341,2,0,0,2,3
2020-06-08,US,Arkansas,Independence,36,0,0,35.74242707,-91.57001641,5063.0,95.17514871116987,0.0,36,33,0,0,33,33,37678,3,0,0,3,0
2020-06-08,US,Arkansas,Izard,17,1,0,36.09604046,-91.90847954,5065.0,124.73402303910778,5.882352941176472,16,17,1,0,16,17,13593,0,0,0,0,0
2020-06-08,US,Arkansas,Jackson,7,0,0,35.59802983,-91.21494602,5067.0,41.86853280698606,0.0,7,6,0,0,6,6,16811,1,0,0,1,0
2020-06-08,US,Arkansas,Jefferson,554,26,0,34.26767081,-91.92619839,5069.0,829.0434574404405,4.693140794223827,528,548,26,0,522,547,68114,6,0,0,6,1
2020-06-08,US,Arkansas,Johnson,66,0,0,35.56759135,-93.46036368,5071.0,248.32568289562798,0.0,66,66,0,0,66,57,26742,0,0,0,0,9
2020-06-08,US,Arkansas,Lafayette,10,1,0,33.24116713,-93.60677071,5073.0,150.96618357487924,10.0,9,10,1,0,9,9,6682,0,0,0,0,1
2020-06-08,US,Arkansas,Lawrence,89,9,0,36.04188196,-91.10867198,5075.0,542.48445690601,10.112359550561797,80,89,9,0,80,89,16434,0,0,0,0,0
2020-06-08,US,Arkansas,Lee,49,1,0,34.78498904,-90.78383866,5077.0,553.2347295924128,2.0408163265306123,48,36,1,0,35,32,8985,13,0,0,13,4
2020-06-08,US,Arkansas,Lincoln,985,11,0,33.95317155,-91.74002806,5079.0,7562.960687960688,1.116751269035533,974,985,11,0,974,985,13383,0,0,0,0,0
2020-06-08,US,Arkansas,Little River,26,0,0,33.70375665,-94.23468591,5081.0,212.08907741251326,0.0,26,25,0,0,25,17,12326,1,0,0,1,8
2020-06-08,US,Arkansas,Logan,13,0,0,35.21413234,-93.71951016,5083.0,60.56088698406783,0.0,13,12,0,0,12,12,21737,1,0,0,1,0
2020-06-08,US,Arkansas,Lonoke,60,0,0,34.75392199,-91.88742357,5085.0,81.84533958995485,0.0,60,59,0,0,59,57,73657,1,0,0,1,2
2020-06-08,US,Arkansas,Madison,54,0,0,36.01038185,-93.72524943,5087.0,325.7722007722008,0.0,54,54,0,0,54,50,16481,0,0,0,0,4
2020-06-08,US,Arkansas,Marion,2,0,0,36.26844485,-92.68451899,5089.0,11.980352222355338,0.0,2,2,0,0,2,2,16722,0,0,0,0,0
2020-06-08,US,Arkansas,Miller,59,1,0,33.31403423,-93.89285258,5091.0,136.3941096238759,1.6949152542372878,58,54,1,0,53,53,43592,5,0,0,5,1
2020-06-08,US,Arkansas,Mississippi,83,2,0,35.76271485,-90.05194370000002,5093.0,204.17701901552243,2.409638554216868,81,80,2,0,78,79,41239,3,0,0,3,1
2020-06-08,US,Arkansas,Monroe,5,0,0,34.6815935,-91.20540287,5095.0,74.61572899567228,0.0,5,5,0,0,5,5,6900,0,0,0,0,0
2020-06-08,US,Arkansas,Montgomery,2,0,0,34.53704874,-93.65824478,5097.0,22.2568439795237,0.0,2,2,0,0,2,2,8924,0,0,0,0,0
2020-06-08,US,Arkansas,Nevada,59,0,0,33.66340119,-93.30632432,5099.0,714.978187106156,0.0,59,56,0,0,56,50,8326,3,0,0,3,6
2020-06-08,US,Arkansas,Newton,3,0,0,35.91947491,-93.21612969,5101.0,38.6946988262608,0.0,3,3,0,0,3,3,7805,0,0,0,0,0
2020-06-08,US,Arkansas,Ouachita,14,0,0,33.58839816,-92.87795984,5103.0,59.87511761183816,0.0,14,14,0,0,14,12,23606,0,0,0,0,2
2020-06-08,US,Arkansas,Perry,15,0,0,34.945915299999996,-92.94372564,5105.0,143.47202295552367,0.0,15,15,0,0,15,15,10352,0,0,0,0,0
2020-06-08,US,Arkansas,Phillips,27,1,0,34.43268455,-90.84800154,5107.0,151.83893825216512,3.703703703703704,26,26,1,0,25,26,18029,1,0,0,1,0
2020-06-08,US,Arkansas,Pike,6,0,0,34.16250414,-93.65789349,5109.0,55.98059339428998,0.0,6,6,0,0,6,6,10673,0,0,0,0,0
2020-06-08,US,Arkansas,Poinsett,44,2,0,35.57433534,-90.66268713,5111.0,187.0112206732404,4.545454545454546,42,44,2,0,42,42,23974,0,0,0,0,2
2020-06-08,US,Arkansas,Polk,45,0,0,34.48254879,-94.22728802,5113.0,225.40573031456626,0.0,45,41,0,0,41,33,20049,4,0,0,4,8
2020-06-08,US,Arkansas,Pope,213,2,0,35.44871474,-93.03212219,5115.0,332.43850667998504,0.9389671361502347,211,204,2,0,202,197,64000,9,0,0,9,7
2020-06-08,US,Arkansas,Prairie,5,0,0,34.83624419,-91.55162157,5117.0,62.01935003721161,0.0,5,5,0,0,5,4,8074,0,0,0,0,1
2020-06-08,US,Arkansas,Pulaski,1118,38,0,34.77054088,-92.31355101,5119.0,285.26884930507185,3.3989266547406083,1080,1103,37,0,1066,1091,392680,15,1,0,14,12
2020-06-08,US,Arkansas,Randolph,26,0,0,36.3415714,-91.02455531,5121.0,144.78226974050563,0.0,26,26,0,0,26,26,17948,0,0,0,0,0
2020-06-08,US,Arkansas,Saline,147,1,0,34.64916145,-92.67583224,5125.0,120.06174604082099,0.6802721088435374,146,135,1,0,134,130,121421,12,0,0,12,5
2020-06-08,US,Arkansas,Scott,2,0,0,34.85588887,-94.0632176,5127.0,19.45336056803813,0.0,2,1,0,0,1,1,10319,1,0,0,1,0
2020-06-08,US,Arkansas,Searcy,7,0,0,35.9109364,-92.69936482,5129.0,88.82121558177894,0.0,7,7,0,0,7,7,7958,0,0,0,0,0
2020-06-08,US,Arkansas,Sebastian,96,1,0,35.19605503,-94.27162713,5131.0,75.10150437700955,1.0416666666666667,95,85,1,0,84,81,127753,11,0,0,11,4
2020-06-08,US,Arkansas,Sevier,355,2,0,33.99780401,-94.2424869,5133.0,2087.375786440877,0.5633802816901409,353,339,2,0,337,326,17139,16,0,0,16,13
2020-06-08,US,Arkansas,Sharp,48,3,0,36.16258158,-91.47819342,5135.0,275.1977984176126,6.25,45,48,3,0,45,48,17366,0,0,0,0,0
2020-06-08,US,Arkansas,St. Francis,755,1,0,35.02201976,-90.74828138,5123.0,3020.7249739937583,0.13245033112582782,754,753,1,0,752,744,25439,2,0,0,2,9
2020-06-08,US,Arkansas,Stone,11,0,0,35.86251946,-92.15684085,5137.0,87.95778026547258,0.0,11,10,0,0,10,10,12457,1,0,0,1,0
2020-06-08,US,Arkansas,Unassigned,300,0,0,0.0,0.0,90005.0,0.0,0.0,300,264,0,0,264,264,,36,0,0,36,0
2020-06-08,US,Arkansas,Union,188,11,0,33.16887091,-92.59746952,5139.0,486.01416679592575,5.851063829787233,177,188,11,0,177,188,39126,0,0,0,0,0
2020-06-08,US,Arkansas,Van Buren,30,2,0,35.58095779,-92.51295036,5141.0,181.3236627379873,6.666666666666668,28,30,2,0,28,29,16603,0,0,0,0,1
2020-06-08,US,Arkansas,Washington,1097,7,0,35.976844,-94.21800746,5143.0,458.6369660558475,0.6381039197812215,1090,1016,8,0,1008,913,236961,81,-1,0,82,103
2020-06-08,US,Arkansas,White,50,1,0,35.25688493,-91.74908296,5145.0,63.48964483892677,2.0,49,49,1,0,48,49,78727,1,0,0,1,0
2020-06-08,US,Arkansas,Woodruff,1,0,0,35.18902527,-91.2439489,5147.0,15.822784810126587,0.0,1,1,0,0,1,1,6490,0,0,0,0,0
2020-06-08,US,Arkansas,Yell,240,2,0,35.00292371,-93.41171338,5149.0,1124.5958483669929,0.8333333333333334,238,235,2,0,233,222,21535,5,0,0,5,13
2020-06-08,US,California,Alameda,3945,101,0,37.64629437,-121.8929271,6001.0,236.03970253612545,2.5602027883396703,3844,3805,101,0,3704,3805,1666753,140,0,0,140,0
2020-06-08,US,California,Alpine,2,0,0,38.59678594,-119.82235940000001,6003.0,177.14791851195747,0.0,2,2,0,0,2,2,1101,0,0,0,0,0
2020-06-08,US,California,Amador,10,0,0,38.44583082,-120.65696000000001,6005.0,25.155966995371298,0.0,10,10,0,0,10,10,39383,0,0,0,0,0
2020-06-08,US,California,Butte,68,1,0,39.66727762,-121.6005252,6007.0,31.02387926236165,1.4705882352941178,67,65,1,0,64,65,231256,3,0,0,3,0
2020-06-08,US,California,Calaveras,19,0,0,38.20537103,-120.55291299999999,6009.0,41.38982681625095,0.0,19,19,0,0,19,19,45602,0,0,0,0,0
2020-06-08,US,California,Colusa,7,0,0,39.17881957,-122.2331726,6011.0,32.48712117696199,0.0,7,7,0,0,7,7,21627,0,0,0,0,0
2020-06-08,US,California,Contra Costa,1706,40,0,37.91923498,-121.9289527,6013.0,147.89436909094377,2.344665885111372,1666,1668,39,0,1629,1633,1150215,38,1,0,37,35
2020-06-08,US,California,Del Norte,47,0,0,41.74228275,-123.89740630000001,6015.0,168.99180209981301,0.0,47,47,0,0,47,47,27828,0,0,0,0,0
2020-06-08,US,California,El Dorado,109,0,0,38.77965956,-120.5233166,6017.0,56.52266351384287,0.0,109,106,0,0,106,106,190678,3,0,0,3,0
2020-06-08,US,California,Fresno,2122,43,0,36.75733899,-119.6466953,6019.0,212.3909394545697,2.026390197926484,2079,2122,43,0,2079,2080,994400,0,0,0,0,42
2020-06-08,US,California,Glenn,19,0,0,39.59875897,-122.3938452,6021.0,66.91790229986265,0.0,19,18,0,0,18,18,28047,1,0,0,1,0
2020-06-08,US,California,Humboldt,105,4,0,40.69923009,-123.876044,6023.0,77.45761961669544,3.809523809523809,101,104,4,0,100,104,136373,1,0,0,1,0
2020-06-08,US,California,Imperial,3013,38,0,33.0393082,-115.36690420000001,6025.0,1662.665894103689,1.2612014603385329,2975,2568,33,0,2535,2568,181827,445,5,0,440,0
2020-06-08,US,California,Inyo,22,1,0,36.51112084,-117.41119779999998,6027.0,121.95797993236877,4.545454545454546,21,22,1,0,21,22,17987,0,0,0,0,0
2020-06-08,US,California,Kern,2794,47,0,35.34329425,-118.72777959999999,6029.0,310.37478254880574,1.6821760916249104,2747,2720,45,0,2675,2650,896764,74,2,0,72,70
2020-06-08,US,California,Kings,1538,6,0,36.07409056,-119.8159973,6031.0,1005.6231201778476,0.3901170351105331,1532,1492,6,0,1486,1483,151366,46,0,0,46,9
2020-06-08,US,California,Lake,30,0,0,39.10124298,-122.75362439999999,6033.0,46.59398005777653,0.0,30,30,0,0,30,30,64382,0,0,0,0,0
2020-06-08,US,California,Lassen,8,0,0,40.67311306,-120.59350990000002,6035.0,26.166879272560763,0.0,8,6,0,0,6,6,30802,2,0,0,2,0
2020-06-08,US,California,Los Angeles,64690,2656,0,34.30828379,-118.22824109999999,6037.0,644.3800230438823,4.105735044056268,62034,63844,2645,0,61199,62382,10105518,846,11,0,835,1462
2020-06-08,US,California,Madera,172,3,0,37.21513971,-119.76655890000002,6039.0,109.32643475055141,1.7441860465116281,169,163,3,0,160,155,157672,9,0,0,9,8
2020-06-08,US,California,Marin,589,17,0,38.07122463,-122.72106310000001,6041.0,227.56600959718108,2.8862478777589136,572,571,17,0,554,551,259666,18,0,0,18,20
2020-06-08,US,California,Mariposa,16,1,0,37.57978556,-119.9073334,6043.0,93.0070336569203,6.25,15,16,1,0,15,16,17471,0,0,0,0,0
2020-06-08,US,California,Mendocino,36,0,0,39.4381191,-123.39113130000001,6045.0,41.499037452881296,0.0,36,33,0,0,33,33,87606,3,0,0,3,0
2020-06-08,US,California,Merced,334,7,0,37.18922369,-120.72090349999999,6047.0,120.28233938346298,2.0958083832335332,327,334,7,0,327,334,274765,0,0,0,0,0
2020-06-08,US,California,Mono,38,1,0,37.93899289,-118.8872409,6051.0,263.0850180005539,2.631578947368421,37,37,1,0,36,37,14250,1,0,0,1,0
2020-06-08,US,California,Monterey,751,10,0,36.21862405,-121.24133970000001,6053.0,173.0171565747671,1.3315579227696406,741,732,10,0,722,667,435594,19,0,0,19,65
2020-06-08,US,California,Napa,153,3,0,38.50735751,-122.33283899999999,6055.0,111.07561853873852,1.96078431372549,150,141,3,0,138,141,139417,12,0,0,12,0
2020-06-08,US,California,Nevada,50,1,0,39.30394768,-120.76272809999999,6057.0,50.12280086211217,2.0,49,50,1,0,49,50,99696,0,0,0,0,0
2020-06-08,US,California,Orange,7527,177,0,33.70147516,-117.76459979999998,6059.0,237.0192071523309,2.3515344758868078,7350,7440,177,0,7263,7321,3185968,87,0,0,87,119
2020-06-08,US,California,Placer,294,9,0,39.06167234,-120.72405690000001,6061.0,73.80833431660763,3.0612244897959178,285,284,9,0,275,275,393149,10,0,0,10,9
2020-06-08,US,California,Plumas,4,0,0,40.00355989,-120.8395236,6063.0,21.268676556601264,0.0,4,4,0,0,4,4,18804,0,0,0,0,0
2020-06-08,US,California,Riverside,9206,356,0,33.74314981,-115.9933578,6065.0,372.63017972545333,3.867043232674343,8850,8777,355,0,8422,8777,2450758,429,1,0,428,0
2020-06-08,US,California,Sacramento,1588,61,0,38.45106826,-121.34253740000001,6067.0,102.31576397273814,3.841309823677582,1527,1569,59,0,1510,1537,1540975,19,2,0,17,32
2020-06-08,US,California,San Benito,107,2,0,36.60308176,-121.069975,6069.0,170.36046363520572,1.8691588785046729,105,105,2,0,103,105,61537,2,0,0,2,0
2020-06-08,US,California,San Bernardino,6247,224,0,34.84060306,-116.1774685,6071.0,286.5484602664575,3.585721146150152,6023,6040,224,0,5816,6040,2171603,207,0,0,207,0
2020-06-08,US,California,San Diego,8619,296,0,33.03484597,-116.73653259999999,6073.0,258.1829837074226,3.434273117531036,8323,8345,296,0,8049,8345,3343364,274,0,0,274,0
2020-06-08,US,California,San Francisco,2779,43,0,37.75215114,-122.43856720000001,6075.0,315.24055951512617,1.547319179560993,2736,2747,43,0,2704,2712,883305,32,0,0,32,35
2020-06-08,US,California,San Joaquin,1195,37,0,37.93433732,-121.2730061,6077.0,156.79369361331396,3.096234309623431,1158,1161,37,0,1124,1118,752660,34,0,0,34,43
2020-06-08,US,California,San Luis Obispo,299,1,0,35.38822029,-120.4039028,6079.0,105.61228634705117,0.33444816053511706,298,291,1,0,290,291,284010,8,0,0,8,0
2020-06-08,US,California,San Mateo,2394,88,0,37.422880799999994,-122.32755459999998,6081.0,312.29902435906297,3.675856307435255,2306,2330,88,0,2242,2330,769545,64,0,0,64,0
2020-06-08,US,California,Santa Barbara,1817,15,0,34.65329488,-120.0188492,6083.0,406.9438005460258,0.825536598789213,1802,1787,15,0,1772,1787,446527,30,0,0,30,0
2020-06-08,US,California,Santa Clara,2973,145,0,37.23104908,-121.6970462,6085.0,154.21308274701585,4.877228388832829,2828,2942,144,0,2798,2920,1937570,31,1,0,30,22
2020-06-08,US,California,Santa Cruz,234,2,0,37.05580291,-122.0066524,6087.0,85.64746187040879,0.8547008547008547,232,231,2,0,229,226,274255,3,0,0,3,5
2020-06-08,US,California,Shasta,46,4,0,40.76391419,-122.0396884,6089.0,25.54420257663261,8.695652173913043,42,42,4,0,38,42,180040,4,0,0,4,0
2020-06-08,US,California,Sierra,1,0,0,39.57713498,-120.52007009999998,6091.0,33.277870216306155,0.0,1,1,0,0,1,1,2987,0,0,0,0,0
2020-06-08,US,California,Siskiyou,12,0,0,41.59198861,-122.54074340000001,6093.0,27.561496589264802,0.0,12,12,0,0,12,9,43724,0,0,0,0,3
2020-06-08,US,California,Solano,590,23,0,38.26827353,-121.9357113,6095.0,131.8014578581593,3.8983050847457625,567,566,23,0,543,566,446610,24,0,0,24,0
2020-06-08,US,California,Sonoma,653,4,0,38.52746429,-122.88625060000001,6097.0,132.09638788192646,0.6125574272588055,649,642,4,0,638,624,499942,11,0,0,11,18
2020-06-08,US,California,Stanislaus,937,33,0,37.55862499,-120.9970722,6099.0,170.15944502960085,3.5218783351120604,904,865,33,0,832,840,549815,72,0,0,72,25
2020-06-08,US,California,Sutter,65,2,0,39.03417539,-121.6945899,6101.0,67.03034927968156,3.0769230769230766,63,55,2,0,53,55,96807,10,0,0,10,0
2020-06-08,US,California,Tehama,9,1,0,40.12570935,-122.23701709999999,6103.0,13.828283449081187,11.111111111111109,8,8,1,0,7,8,63916,1,0,0,1,0
2020-06-08,US,California,Trinity,2,0,0,40.64917670000001,-123.114713,6105.0,16.28001628001628,0.0,2,2,0,0,2,2,12535,0,0,0,0,0
2020-06-08,US,California,Tulare,2220,94,0,36.22026558,-118.8020203,6107.0,476.19558339321526,4.2342342342342345,2126,2116,92,0,2024,2116,465861,104,2,0,102,0
2020-06-08,US,California,Tuolumne,7,0,0,38.02644018,-119.95250929999999,6109.0,12.849223539777524,0.0,7,7,0,0,7,7,54539,0,0,0,0,0
2020-06-08,US,California,Ventura,1341,35,0,34.44465746,-119.09106129999999,6111.0,158.50951411692117,2.6099925428784494,1306,1261,35,0,1226,1261,850967,80,0,0,80,0
2020-06-08,US,California,Yolo,225,24,0,38.68278902,-121.90182879999999,6113.0,102.04081632653063,10.666666666666666,201,221,24,0,197,221,220408,4,0,0,4,0
2020-06-08,US,California,Yuba,32,1,0,39.26255932,-121.35356440000001,6115.0,40.677276656327855,3.125,31,32,1,0,31,32,78041,0,0,0,0,0
2020-06-08,US,Colorado,Adams,3605,138,0,39.87432092,-104.3362578,8001.0,696.7247173964722,3.8280166435506238,3467,3575,136,0,3439,3552,511868,30,2,0,28,23
2020-06-08,US,Colorado,Alamosa,95,2,0,37.57250606,-105.7885451,8003.0,585.2276227437935,2.1052631578947367,93,94,2,0,92,90,16683,1,0,0,1,4
2020-06-08,US,Colorado,Arapahoe,4663,326,0,39.64977461,-104.3353617,8005.0,710.1844377769992,6.9912073772249625,4337,4637,326,0,4311,4626,651215,26,0,0,26,11
2020-06-08,US,Colorado,Archuleta,8,0,0,37.19474156,-107.0476867,8007.0,57.02473447858009,0.0,8,8,0,0,8,8,13765,0,0,0,0,0
2020-06-08,US,Colorado,Baca,12,0,0,37.31940883,-102.5603223,8009.0,335.1019268360793,0.0,12,12,0,0,12,12,3585,0,0,0,0,0
2020-06-08,US,Colorado,Bent,3,0,0,37.95474293,-103.0720195,8011.0,53.79236148466918,0.0,3,3,0,0,3,2,5882,0,0,0,0,1
2020-06-08,US,Colorado,Boulder,1022,67,0,40.09313619,-105.3546767,8013.0,313.3085629498829,6.55577299412916,955,1016,67,0,949,1011,326078,6,0,0,6,5
2020-06-08,US,Colorado,Broomfield,256,27,0,39.95998787,-105.0566324,8014.0,363.3009295394877,10.546875,229,255,27,0,228,253,69267,1,0,0,1,2
2020-06-08,US,Colorado,Chaffee,78,20,0,38.74745778,-106.19265729999998,8015.0,383.1794065631754,25.64102564102564,58,78,20,0,58,78,20027,0,0,0,0,0
2020-06-08,US,Colorado,Cheyenne,5,0,0,38.82777431,-102.6032558,8017.0,273.07482250136536,0.0,5,5,0,0,5,5,1876,0,0,0,0,0
2020-06-08,US,Colorado,Clear Creek,17,1,0,39.68864463,-105.6463118,8019.0,175.2577319587629,5.882352941176472,16,17,1,0,16,17,9605,0,0,0,0,0
2020-06-08,US,Colorado,Conejos,5,0,0,37.201606,-106.19174879999998,8021.0,60.93845216331505,0.0,5,5,0,0,5,4,8200,0,0,0,0,1
2020-06-08,US,Colorado,Costilla,8,0,0,37.27732493,-105.4276548,8023.0,205.81425263699512,0.0,8,8,0,0,8,7,3828,0,0,0,0,1
2020-06-08,US,Colorado,Crowley,66,1,0,38.32608609,-103.7844965,8025.0,1088.929219600726,1.5151515151515151,65,66,1,0,65,66,5858,0,0,0,0,0
2020-06-08,US,Colorado,Custer,2,0,0,38.10883162,-105.3683478,8027.0,39.463299131807425,0.0,2,2,0,0,2,2,4954,0,0,0,0,0
2020-06-08,US,Colorado,Delta,76,1,0,38.86246243,-107.8631342,8029.0,243.88678518708684,1.3157894736842106,75,76,1,0,75,74,30953,0,0,0,0,2
2020-06-08,US,Colorado,Denver,6138,348,0,39.76018276,-104.8725695,8031.0,844.0466384584391,5.669599217986315,5790,6106,339,0,5767,6079,716492,32,9,0,23,27
2020-06-08,US,Colorado,Douglas,757,47,0,39.33133796,-104.930001,8035.0,215.57493293540725,6.208718626155878,710,756,47,0,709,753,342776,1,0,0,1,3
2020-06-08,US,Colorado,Eagle,610,8,0,39.62754308,-106.6933637,8037.0,1106.5358172946105,1.3114754098360657,602,608,8,0,600,607,54993,2,0,0,2,1
2020-06-08,US,Colorado,El Paso,1862,98,0,38.83240149,-104.5251411,8041.0,258.4664416999929,5.2631578947368425,1764,1834,96,0,1738,1817,713856,28,2,0,26,17
2020-06-08,US,Colorado,Elbert,56,2,0,39.28656773,-104.1358721,8039.0,209.51026974447228,3.571428571428572,54,54,2,0,52,54,26282,2,0,0,2,0
2020-06-08,US,Colorado,Fremont,26,0,0,38.47362326,-105.4399667,8043.0,54.34896214385753,0.0,26,26,0,0,26,26,48021,0,0,0,0,0
2020-06-08,US,Colorado,Garfield,164,2,0,39.59921777,-107.902708,8045.0,273.0557266778775,1.2195121951219512,162,162,2,0,160,161,59770,2,0,0,2,1
2020-06-08,US,Colorado,Gilpin,5,0,0,39.85646523,-105.5252597,8047.0,80.08970046452026,0.0,5,5,0,0,5,5,6121,0,0,0,0,0
2020-06-08,US,Colorado,Grand,15,0,0,40.10603347,-106.1178042,8049.0,95.33494343460023,0.0,15,15,0,0,15,15,15525,0,0,0,0,0
2020-06-08,US,Colorado,Gunnison,180,6,0,38.66611652,-107.0320729,8051.0,1030.8097583323788,3.333333333333333,174,179,6,0,173,178,17246,1,0,0,1,1
2020-06-08,US,Colorado,Hinsdale,3,0,0,37.82247444,-107.3004345,8053.0,365.8536585365854,0.0,3,3,0,0,3,3,811,0,0,0,0,0
2020-06-08,US,Colorado,Huerfano,3,0,0,37.68473101,-104.9612585,8055.0,43.497172683775545,0.0,3,3,0,0,3,3,6889,0,0,0,0,0
2020-06-08,US,Colorado,Jefferson,2384,182,0,39.58635604,-105.2517692,8059.0,409.0028667944229,7.634228187919463,2202,2373,180,0,2193,2370,580233,11,2,0,9,3
2020-06-08,US,Colorado,Kit Carson,30,3,0,39.30497777,-102.6022199,8063.0,422.7138227420037,10.0,27,30,3,0,27,30,7163,0,0,0,0,0
2020-06-08,US,Colorado,La Plata,82,1,0,37.28632032,-107.8429014,8067.0,145.85297308834777,1.2195121951219512,81,82,1,0,81,82,56310,0,0,0,0,0
2020-06-08,US,Colorado,Lake,38,0,0,39.20278823,-106.3555697,8065.0,467.5772117632583,0.0,38,37,0,0,37,36,7824,1,0,0,1,1
2020-06-08,US,Colorado,Larimer,628,28,0,40.66671597,-105.4625784,8069.0,175.9601455874071,4.4585987261146505,600,619,28,0,591,616,350518,9,0,0,9,3
2020-06-08,US,Colorado,Las Animas,5,0,0,37.3153406,-104.0376458,8071.0,34.46849579484351,0.0,5,5,0,0,5,5,14503,0,0,0,0,0
2020-06-08,US,Colorado,Lincoln,3,0,0,38.98749519,-103.5136649,8073.0,52.62234695667427,0.0,3,3,0,0,3,3,5610,0,0,0,0,0
2020-06-08,US,Colorado,Logan,631,5,0,40.7249637,-103.110817,8075.0,2815.8329242714976,0.7923930269413629,626,631,5,0,626,630,21528,0,0,0,0,1
2020-06-08,US,Colorado,Mesa,62,0,0,39.01787888,-108.469799,8077.0,40.204915375137794,0.0,62,62,0,0,62,62,153207,0,0,0,0,0
2020-06-08,US,Colorado,Mineral,2,0,0,37.66954283,-106.9281698,8079.0,260.0780234070221,0.0,2,2,0,0,2,2,776,0,0,0,0,0
2020-06-08,US,Colorado,Moffat,8,0,0,40.61810999,-108.2070876,8081.0,60.22735827749755,0.0,8,8,0,0,8,8,13188,0,0,0,0,0
2020-06-08,US,Colorado,Montezuma,57,3,0,37.33859579,-108.5958857,8083.0,217.69850666462966,5.2631578947368425,54,57,3,0,54,50,26158,0,0,0,0,7
2020-06-08,US,Colorado,Montrose,190,12,0,38.40214114,-108.26390220000002,8085.0,444.36128911548724,6.315789473684211,178,188,12,0,176,185,42214,2,0,0,2,3
2020-06-08,US,Colorado,Morgan,645,46,0,40.26279810000001,-103.8093302,8087.0,2218.9349112426034,7.1317829457364335,599,644,46,0,598,641,28558,1,0,0,1,3
2020-06-08,US,Colorado,Otero,22,1,0,37.9014485,-103.7173385,8089.0,120.3632782580151,4.545454545454546,21,21,1,0,20,21,18432,1,0,0,1,0
2020-06-08,US,Colorado,Ouray,8,1,0,38.14717457,-107.7675136,8091.0,161.55088852988692,12.5,7,8,1,0,7,8,4833,0,0,0,0,0
2020-06-08,US,Colorado,Park,23,0,0,39.120926,-105.7182065,8093.0,122.04828867073496,0.0,23,23,0,0,23,23,18556,0,0,0,0,0
2020-06-08,US,Colorado,Phillips,15,0,0,40.59414277,-102.3577703,8095.0,351.6998827667058,0.0,15,14,0,0,14,14,4286,1,0,0,1,0
2020-06-08,US,Colorado,Pitkin,61,2,0,39.21720112,-106.9310027,8097.0,343.3331457195925,3.278688524590164,59,59,2,0,57,60,17950,2,0,0,2,-1
2020-06-08,US,Colorado,Prowers,16,0,0,37.95544985,-102.3926052,8099.0,131.44922773578705,0.0,16,15,0,0,15,15,12164,1,0,0,1,0
2020-06-08,US,Colorado,Pueblo,320,18,0,38.17359144,-104.5127437,8101.0,189.99667505818647,5.625,302,320,18,0,302,313,167529,0,0,0,0,7
2020-06-08,US,Colorado,Rio Blanco,1,0,0,39.97913541,-108.2179009,8103.0,15.812776723592664,0.0,1,1,0,0,1,1,6336,0,0,0,0,0
2020-06-08,US,Colorado,Rio Grande,46,0,0,37.5836865,-106.3847838,8105.0,408.27194461702317,0.0,46,45,0,0,45,43,11250,1,0,0,1,2
2020-06-08,US,Colorado,Routt,62,6,0,40.48596505,-106.9905548,8107.0,241.82853576722053,9.677419354838712,56,62,6,0,56,62,25733,0,0,0,0,0
2020-06-08,US,Colorado,Saguache,94,2,0,38.08054629,-106.282466,8109.0,1377.4912075029306,2.127659574468085,92,93,1,0,92,93,6843,1,1,0,0,0
2020-06-08,US,Colorado,San Juan,1,0,0,37.76248981,-107.67632890000002,8111.0,137.36263736263737,0.0,1,1,0,0,1,1,762,0,0,0,0,0
2020-06-08,US,Colorado,San Miguel,23,0,0,38.00450883,-108.4020725,8113.0,281.2079716346741,0.0,23,23,0,0,23,23,8191,0,0,0,0,0
2020-06-08,US,Colorado,Summit,247,2,0,39.63803232,-106.1150762,8117.0,796.4915675083035,0.8097165991902834,245,248,2,0,246,243,31007,-1,0,0,-1,5
2020-06-08,US,Colorado,Teller,36,2,0,38.88133511,-105.1614893,8119.0,141.79927524814875,5.5555555555555545,34,34,2,0,32,34,25083,2,0,0,2,0
2020-06-08,US,Colorado,Washington,43,0,0,39.97015535,-103.202587,8121.0,876.1206193969031,0.0,43,43,0,0,43,42,4909,0,0,0,0,1
2020-06-08,US,Colorado,Weld,2598,135,0,40.55499405,-104.3929621,8123.0,800.6360711512149,5.196304849884528,2463,2583,135,0,2448,2566,314305,15,0,0,15,17
2020-06-08,US,Colorado,Yuma,48,0,0,40.00346839,-102.4258673,8125.0,479.0897295139235,0.0,48,45,0,0,45,44,10020,3,0,0,3,1
2020-06-08,US,Connecticut,Fairfield,16092,1316,0,41.26809896,-73.3881171,9001.0,1705.8681355026652,8.177976634352474,14776,16056,1312,0,14744,16020,943823,36,4,0,32,36
2020-06-08,US,Connecticut,Hartford,10844,1291,0,41.80283011,-72.73103891,9003.0,1216.0767954066298,11.905201032829215,9553,10809,1287,0,9522,10747,892697,35,4,0,31,62
2020-06-08,US,Connecticut,Litchfield,1426,134,0,41.7937534,-73.2451475,9005.0,790.7593174848752,9.396914446002805,1292,1419,134,0,1285,1413,181111,7,0,0,7,6
2020-06-08,US,Connecticut,Middlesex,1187,160,0,41.45949668,-72.53714864,9007.0,730.7493412790268,13.479359730412805,1027,1185,159,0,1026,1174,162682,2,1,0,1,11
2020-06-08,US,Connecticut,New Haven,11860,1013,0,41.408032500000004,-72.93620426,9009.0,1387.5288532296313,8.54131534569983,10847,11828,1010,0,10818,11817,857620,32,3,0,29,11
2020-06-08,US,Connecticut,New London,1120,96,0,41.48896435,-72.10430976,9011.0,422.31322066619913,8.571428571428571,1024,1119,95,0,1024,1112,266784,1,1,0,0,7
2020-06-08,US,Connecticut,Tolland,863,60,0,41.85853803,-72.3308481,9013.0,572.5811267175775,6.952491309385862,803,864,60,0,804,864,150921,-1,0,0,-1,0
2020-06-08,US,Connecticut,Unassigned,272,0,0,0.0,0.0,90009.0,0.0,0.0,272,268,0,0,268,255,,4,0,0,4,13
2020-06-08,US,Connecticut,Windham,428,14,0,41.82972709,-71.98182316,9015.0,366.49483653302735,3.2710280373831777,414,420,14,0,406,416,117027,8,0,0,8,4
2020-06-08,US,Delaware,Kent,1513,76,0,39.08646628,-75.56884914,10001.0,836.9010874735876,5.023132848645076,1437,1511,76,0,1435,1496,178550,2,0,0,2,15
2020-06-08,US,Delaware,New Castle,4095,176,0,39.57992638,-75.64054974,10003.0,732.8819711035109,4.297924297924298,3919,4070,176,0,3894,3995,559335,25,0,0,25,75
2020-06-08,US,Delaware,Sussex,4353,146,0,38.66143781,-75.39031349,10005.0,1858.4694204290747,3.3540087296117616,4207,4346,146,0,4200,4342,229286,7,0,0,7,4
2020-06-08,US,Delaware,Unassigned,11,0,0,0.0,0.0,90010.0,0.0,0.0,11,15,0,0,15,12,,-4,0,0,-4,3
2020-06-08,US,District of Columbia,District of Columbia,9389,491,0,38.90417773,-77.01655992,11001.0,1330.3596604458526,5.229523910959633,8898,9332,489,0,8843,9269,702455,57,2,0,55,63
2020-06-08,US,Florida,Alachua,399,8,0,29.67866525,-82.35928158,12001.0,148.30343105005517,2.0050125313283207,391,399,8,0,391,396,269956,0,0,0,0,3
2020-06-08,US,Florida,Baker,29,4,0,30.33060121,-82.28467476,12003.0,99.28106812735365,13.79310344827586,25,29,4,0,25,29,28355,0,0,0,0,0
2020-06-08,US,Florida,Bay,132,4,0,30.26548745,-85.62122584,12005.0,75.55593715119774,3.0303030303030303,128,130,4,0,126,123,185287,2,0,0,2,7
2020-06-08,US,Florida,Bradford,52,2,0,29.95079741,-82.16611613,12007.0,184.39062444594163,3.8461538461538463,50,52,2,0,50,52,27732,0,0,0,0,0
2020-06-08,US,Florida,Brevard,464,13,0,28.29409504,-80.73091022,12009.0,77.0838386422612,2.8017241379310347,451,457,13,0,444,453,596849,7,0,0,7,4
2020-06-08,US,Florida,Broward,7924,343,0,26.15184651,-80.48725556,12011.0,405.7808926565129,4.328621908127208,7581,7804,339,0,7465,7690,1951260,120,4,0,116,114
2020-06-08,US,Florida,Calhoun,66,4,0,30.40666734,-85.19394153,12013.0,467.9191775965969,6.0606060606060606,62,66,4,0,62,64,14587,0,0,0,0,2
2020-06-08,US,Florida,Charlotte,500,72,0,26.90131002,-81.92949121,12015.0,264.6763008840189,14.4,428,493,72,0,421,488,184998,7,0,0,7,5
2020-06-08,US,Florida,Citrus,128,12,0,28.84804315,-82.47614748,12017.0,85.52890943958519,9.375,116,128,12,0,116,125,147929,0,0,0,0,3
2020-06-08,US,Florida,Clay,405,32,0,29.98319144,-81.85609986,12019.0,184.71895353292103,7.901234567901233,373,400,32,0,368,396,216072,5,0,0,5,4
2020-06-08,US,Florida,Collier,2070,57,0,26.11091986,-81.34687065,12021.0,537.7992320123044,2.753623188405797,2013,2039,56,0,1983,1968,378488,31,1,0,30,71
2020-06-08,US,Florida,Columbia,171,2,0,30.22509788,-82.62160164,12023.0,238.54030075607508,1.1695906432748535,169,171,2,0,169,171,70503,0,0,0,0,0
2020-06-08,US,Florida,DeSoto,284,7,0,27.18677893,-81.80941373,12027.0,747.3487539801583,2.4647887323943656,277,268,7,0,261,258,37489,16,0,0,16,10
2020-06-08,US,Florida,Dixie,60,2,0,29.60631086,-83.15724673,12029.0,356.59099013431586,3.333333333333333,58,58,2,0,56,58,16700,2,0,0,2,0
2020-06-08,US,Florida,Duval,1806,55,0,30.33225875,-81.66976468,12031.0,188.5659693763019,3.0454042081949058,1751,1792,54,0,1738,1764,950181,14,1,0,13,28
2020-06-08,US,Florida,Escambia,891,36,0,30.67652764,-87.37284571,12033.0,279.9105291597029,4.040404040404041,855,888,36,0,852,879,315534,3,0,0,3,9
2020-06-08,US,Florida,Flagler,195,4,0,29.45933576,-81.31508595,12035.0,169.4458685621432,2.051282051282051,191,195,4,0,191,195,112067,0,0,0,0,0
2020-06-08,US,Florida,Franklin,2,0,0,29.83791238,-84.82731662,12037.0,16.49484536082474,0.0,2,2,0,0,2,2,11736,0,0,0,0,0
2020-06-08,US,Florida,Gadsden,294,4,0,30.57796289,-84.61915825,12039.0,643.8896189224704,1.3605442176870748,290,294,4,0,290,293,45894,0,0,0,0,1
2020-06-08,US,Florida,Gilchrist,19,0,0,29.72856978,-82.79880657,12041.0,102.24948875255623,0.0,19,20,0,0,20,19,18256,-1,0,0,-1,1
2020-06-08,US,Florida,Glades,85,1,0,26.95635849,-81.18996211,12043.0,615.4514517413655,1.1764705882352942,84,84,1,0,83,83,13724,1,0,0,1,1
2020-06-08,US,Florida,Gulf,7,0,0,29.93543004,-85.24270990000002,12045.0,51.32341080724393,0.0,7,6,0,0,6,3,16164,1,0,0,1,3
2020-06-08,US,Florida,Hamilton,262,1,0,30.49673973,-82.94998918,12047.0,1815.9135015248125,0.3816793893129771,261,263,0,0,263,261,14310,-1,1,0,-2,2
2020-06-08,US,Florida,Hardee,151,0,0,27.49293939,-81.80956574,12049.0,560.5672495081117,0.0,151,145,0,0,145,140,27245,6,0,0,6,5
2020-06-08,US,Florida,Hendry,565,18,0,26.55386945,-81.16469006,12051.0,1344.5338156203893,3.1858407079646023,547,558,18,0,540,552,41556,7,0,0,7,6
2020-06-08,US,Florida,Hernando,126,5,0,28.55364461,-82.42700204,12053.0,64.97524752475248,3.968253968253968,121,125,5,0,120,122,190865,1,0,0,1,3
2020-06-08,US,Florida,Highlands,150,9,0,27.34254618,-81.34071957,12055.0,141.21501398028641,6.0,141,146,9,0,137,143,105424,4,0,0,4,3
2020-06-08,US,Florida,Hillsborough,2861,91,0,27.9276559,-82.32013172,12057.0,194.36563838344316,3.1807060468367703,2770,2748,90,0,2658,2643,1436888,113,1,0,112,105
2020-06-08,US,Florida,Holmes,30,0,0,30.86747479,-85.81319222,12059.0,152.9285823520416,0.0,30,30,0,0,30,30,19477,0,0,0,0,0
2020-06-08,US,Florida,Indian River,167,11,0,27.69308961,-80.60556721,12061.0,104.42525465380214,6.586826347305388,156,164,11,0,153,160,157413,3,0,0,3,4
2020-06-08,US,Florida,Jackson,309,1,0,30.795459700000002,-85.21500423,12063.0,665.7474038005774,0.32362459546925565,308,308,1,0,307,298,48305,1,0,0,1,10
2020-06-08,US,Florida,Jefferson,31,3,0,30.43669112,-83.89442308,12065.0,217.60494173803173,9.677419354838712,28,31,3,0,28,31,14288,0,0,0,0,0
2020-06-08,US,Florida,Lafayette,10,0,0,29.98484137,-83.18166636,12067.0,118.73664212776063,0.0,10,10,0,0,10,10,8732,0,0,0,0,0
2020-06-08,US,Florida,Lake,337,15,0,28.76202069,-81.7125123,12069.0,91.7960982572361,4.451038575667655,322,329,15,0,314,321,356495,8,0,0,8,8
2020-06-08,US,Florida,Lee,2315,117,0,26.58410348,-81.88399313,12071.0,300.42422755934837,5.053995680345572,2198,2289,117,0,2172,2253,754610,26,0,0,26,36
2020-06-08,US,Florida,Leon,443,7,0,30.45955727,-84.27491114,12073.0,150.89480962729326,1.580135440180587,436,442,7,0,435,438,292502,1,0,0,1,4
2020-06-08,US,Florida,Levy,73,1,0,29.31829741,-82.74007147,12075.0,175.89089945305162,1.3698630136986298,72,60,1,0,59,58,40770,13,0,0,13,2
2020-06-08,US,Florida,Liberty,218,1,0,30.23766008,-84.8829258,12077.0,2609.528369643285,0.4587155963302753,217,218,1,0,217,218,8457,0,0,0,0,0
2020-06-08,US,Florida,Madison,71,3,0,30.44396917,-83.47398594,12079.0,383.9290542367383,4.225352112676056,68,71,3,0,68,71,18529,0,0,0,0,0
2020-06-08,US,Florida,Manatee,1219,105,0,27.47196942,-82.31831044,12081.0,302.2916134535887,8.613617719442166,1114,1189,105,0,1084,1177,394855,30,0,0,30,12
2020-06-08,US,Florida,Marion,281,8,0,29.21227113,-82.05803627,12083.0,76.86437131235655,2.846975088967972,273,279,8,0,271,274,359977,2,0,0,2,5
2020-06-08,US,Florida,Martin,917,13,0,27.0772071,-80.43109784,12085.0,569.5652173913044,1.4176663031624863,904,907,13,0,894,849,160912,10,0,0,10,58
2020-06-08,US,Florida,Miami-Dade,19756,767,0,25.6112362,-80.55170587,12086.0,727.1415636708945,3.8823648511844495,18989,19547,765,0,18782,19299,2761581,209,2,0,207,248
2020-06-08,US,Florida,Monroe,114,4,0,25.20904673,-81.07812416,12087.0,153.58085897504984,3.5087719298245608,110,111,4,0,107,110,75027,3,0,0,3,1
2020-06-08,US,Florida,Nassau,82,1,0,30.61037141,-81.80297522,12089.0,92.52468265162202,1.2195121951219512,81,82,1,0,81,82,85832,0,0,0,0,0
2020-06-08,US,Florida,Okaloosa,271,6,0,30.69143028,-86.59267105,12091.0,128.5956970266397,2.2140221402214024,265,262,6,0,256,253,207269,9,0,0,9,9
2020-06-08,US,Florida,Okeechobee,138,0,0,27.386336199999995,-80.88944347,12093.0,327.26237905520776,0.0,138,138,0,0,138,125,41537,0,0,0,0,13
2020-06-08,US,Florida,Orange,2378,45,0,28.51367621,-81.31799498,12095.0,170.65532217830253,1.8923465096719931,2333,2316,45,0,2271,2256,1380645,62,0,0,62,60
2020-06-08,US,Florida,Osceola,749,21,0,28.06312234,-81.14882926,12097.0,199.33413350862673,2.803738317757009,728,745,21,0,724,741,367990,4,0,0,4,4
2020-06-08,US,Florida,Palm Beach,7329,373,0,26.64676272,-80.46536002,12099.0,489.65438911790056,5.089370991949789,6956,7230,372,0,6858,7074,1485941,99,1,0,98,156
2020-06-08,US,Florida,Pasco,434,15,0,28.30810945,-82.40227529,12101.0,78.34684545633426,3.4562211981566815,419,424,15,0,409,419,539630,10,0,0,10,5
2020-06-08,US,Florida,Pinellas,1638,95,0,27.93130349,-82.72239666,12103.0,168.0006892335969,5.7997557997558,1543,1584,95,0,1489,1532,975280,54,0,0,54,52
2020-06-08,US,Florida,Polk,1206,67,0,27.95027105,-81.69732947,12105.0,166.39600870336668,5.5555555555555545,1139,1178,67,0,1111,1145,708009,28,0,0,28,33
2020-06-08,US,Florida,Putnam,174,6,0,29.60779729,-81.74230285,12107.0,233.491230659814,3.4482758620689653,168,173,6,0,167,173,74163,1,0,0,1,0
2020-06-08,US,Florida,Santa Rosa,258,9,0,30.69341450000001,-87.02458128,12113.0,139.97927438650558,3.4883720930232562,249,258,9,0,249,257,179349,0,0,0,0,1
2020-06-08,US,Florida,Sarasota,686,85,0,27.18546175,-82.33174248,12115.0,158.158536641598,12.390670553935859,601,680,85,0,595,669,426718,6,0,0,6,11
2020-06-08,US,Florida,Seminole,542,12,0,28.7158582,-81.24060348,12117.0,114.87285567137036,2.2140221402214024,530,532,12,0,520,521,467832,10,0,0,10,11
2020-06-08,US,Florida,St. Johns,282,6,0,29.90096506,-81.43589967,12109.0,106.54697134566557,2.127659574468085,276,279,6,0,273,272,254261,3,0,0,3,7
2020-06-08,US,Florida,St. Lucie,654,31,0,27.37763908,-80.47106649,12111.0,199.2098618019659,4.7400611620795114,623,627,31,0,596,607,321128,27,0,0,27,20
2020-06-08,US,Florida,Sumter,261,17,0,28.70181754,-82.0794267,12119.0,197.10013593112822,6.5134099616858245,244,261,17,0,244,261,128754,0,0,0,0,0
2020-06-08,US,Florida,Suwannee,175,18,0,30.19746066,-82.99099670000003,12121.0,393.99329085710434,10.285714285714286,157,175,18,0,157,174,44191,0,0,0,0,1
2020-06-08,US,Florida,Taylor,48,0,0,30.04848048,-83.60445406,12123.0,222.54161064490702,0.0,48,46,0,0,46,45,21623,2,0,0,2,1
2020-06-08,US,Florida,Unassigned,93,0,0,0.0,0.0,90012.0,0.0,0.0,93,97,0,0,97,97,,-4,0,0,-4,0
2020-06-08,US,Florida,Union,38,1,0,30.04412971,-82.37497443,12125.0,249.39292511649282,2.631578947368421,37,38,1,0,37,36,14940,0,0,0,0,2
2020-06-08,US,Florida,Volusia,829,45,0,29.05858895,-81.18263252,12127.0,149.83263568077157,5.428226779252112,784,819,44,0,775,804,547538,10,1,0,9,15
2020-06-08,US,Florida,Wakulla,35,1,0,30.16548905,-84.39895211,12129.0,103.7375144491538,2.8571428571428568,34,35,1,0,34,35,32461,0,0,0,0,0
2020-06-08,US,Florida,Walton,131,9,0,30.64204028,-86.16935664,12131.0,176.85733957959255,6.870229007633588,122,130,9,0,121,130,71375,1,0,0,1,0
2020-06-08,US,Florida,Washington,84,7,0,30.61359259,-85.66002461,12133.0,329.76092333058534,8.333333333333334,77,84,7,0,77,83,24880,0,0,0,0,1
2020-06-08,US,Georgia,Appling,189,13,0,31.74847232,-82.28909114,13001.0,1027.956053518982,6.878306878306877,176,185,13,0,172,185,18507,4,0,0,4,0
2020-06-08,US,Georgia,Atkinson,60,2,0,31.29633502,-82.87545866,13003.0,734.8438456827923,3.333333333333333,58,60,2,0,58,60,8297,0,0,0,0,0
2020-06-08,US,Georgia,Bacon,146,3,0,31.55456473,-82.45936528,13005.0,1307.774991042637,2.054794520547945,143,144,3,0,141,144,11185,2,0,0,2,0
2020-06-08,US,Georgia,Baker,37,3,0,31.32669878,-84.44218806,13007.0,1217.906517445688,8.108108108108109,34,36,3,0,33,36,3092,1,0,0,1,0
2020-06-08,US,Georgia,Baldwin,388,29,0,33.06882326,-83.24701748,13009.0,864.3350412118511,7.4742268041237105,359,388,27,0,361,387,44823,0,2,0,-2,1
2020-06-08,US,Georgia,Banks,92,1,0,34.35607081,-83.49644388,13011.0,478.3196423000936,1.0869565217391304,91,90,1,0,89,88,18988,2,0,0,2,2
2020-06-08,US,Georgia,Barrow,353,20,0,33.99148694,-83.71436292,13013.0,424.0749639596348,5.665722379603398,333,342,20,0,322,341,80809,11,0,0,11,1
2020-06-08,US,Georgia,Bartow,523,39,0,34.23732119,-84.83887523,13015.0,485.4368932038834,7.456978967495219,484,522,39,0,483,521,106408,1,0,0,1,1
2020-06-08,US,Georgia,Ben Hill,93,1,0,31.76095874,-83.22145359,13017.0,556.8862275449102,1.075268817204301,92,90,1,0,89,90,16787,3,0,0,3,0
2020-06-08,US,Georgia,Berrien,59,1,0,31.27590016,-83.22529920000002,13019.0,304.1707480538228,1.6949152542372878,58,58,1,0,57,55,19252,1,0,0,1,3
2020-06-08,US,Georgia,Bibb,509,31,0,32.80904227,-83.70489165,13021.0,332.3343714701715,6.090373280943027,478,503,30,0,473,504,153095,6,1,0,5,-1
2020-06-08,US,Georgia,Bleckley,51,0,0,32.43829035,-83.33035166,13023.0,396.1780470752738,0.0,51,50,0,0,50,50,12838,1,0,0,1,0
2020-06-08,US,Georgia,Brantley,63,2,0,31.19576557,-81.97743999,13025.0,329.68758176775344,3.1746031746031744,61,62,2,0,60,62,18897,1,0,0,1,0
2020-06-08,US,Georgia,Brooks,83,8,0,30.83922642,-83.58303423,13027.0,536.9735394966682,9.63855421686747,75,79,8,0,71,79,15513,4,0,0,4,0
2020-06-08,US,Georgia,Bryan,78,5,0,32.00979311,-81.44002948,13029.0,196.83549095313802,6.410256410256411,73,77,5,0,72,77,38109,1,0,0,1,0
2020-06-08,US,Georgia,Bulloch,83,3,0,32.39577406,-81.74811421,13031.0,104.26087830368809,3.614457831325301,80,82,2,0,80,82,77296,1,1,0,0,0
2020-06-08,US,Georgia,Burke,125,6,0,33.05917989,-81.99928721,13033.0,558.4595451905464,4.8,119,125,6,0,119,124,22423,0,0,0,0,1
2020-06-08,US,Georgia,Butts,244,24,0,33.283094500000004,-83.95435040000002,13035.0,978.5049727301893,9.836065573770492,220,244,24,0,220,243,24193,0,0,0,0,1
2020-06-08,US,Georgia,Calhoun,138,6,0,31.53169785,-84.62725131,13037.0,2229.7624818225886,4.3478260869565215,132,138,6,0,132,138,6352,0,0,0,0,0
2020-06-08,US,Georgia,Camden,69,1,0,30.92951916,-81.66601818,13039.0,126.2210514762375,1.4492753623188406,68,69,1,0,68,69,53677,0,0,0,0,0
2020-06-08,US,Georgia,Candler,15,0,0,32.40209349,-82.07702563,13043.0,138.8503193557345,0.0,15,13,0,0,13,13,10836,2,0,0,2,0
2020-06-08,US,Georgia,Carroll,585,28,0,33.58138199,-85.07976677,13045.0,487.5325021668111,4.786324786324786,557,580,28,0,552,580,118121,5,0,0,5,0
2020-06-08,US,Georgia,Catoosa,164,0,0,34.89872298,-85.13757014,13047.0,242.6753477360166,0.0,164,159,0,0,159,157,67420,5,0,0,5,2
2020-06-08,US,Georgia,Charlton,34,1,0,30.78371028,-82.13951596,13049.0,253.88291517323776,2.9411764705882355,33,32,1,0,31,32,12968,2,0,0,2,0
2020-06-08,US,Georgia,Chatham,552,28,0,32.00043026,-81.12489526,13051.0,190.71969042600972,5.0724637681159415,524,545,27,0,518,545,289195,7,1,0,6,0
2020-06-08,US,Georgia,Chattahoochee,173,0,0,32.34341231,-84.78809239,13053.0,1586.13734299074,0.0,173,173,0,0,173,172,10684,0,0,0,0,1
2020-06-08,US,Georgia,Chattooga,25,2,0,34.47197698,-85.34535662,13055.0,100.85118399290009,8.0,23,25,2,0,23,25,24790,0,0,0,0,0
2020-06-08,US,Georgia,Cherokee,975,35,0,34.24393976,-84.47431861,13057.0,376.7781028159816,3.58974358974359,940,959,34,0,925,958,254149,16,1,0,15,1
2020-06-08,US,Georgia,Clarke,325,15,0,33.95436462,-83.37124007,13059.0,253.25135781689536,4.615384615384615,310,321,15,0,306,318,127330,4,0,0,4,3
2020-06-08,US,Georgia,Clay,49,2,0,31.62221166,-84.97713865,13061.0,1729.0049400141145,4.081632653061225,47,47,2,0,45,43,2887,2,0,0,2,4
2020-06-08,US,Georgia,Clayton,1343,52,0,33.54187245,-84.35594188,13063.0,459.5286324318406,3.87192851824274,1291,1328,51,0,1277,1323,289615,15,1,0,14,5
2020-06-08,US,Georgia,Clinch,70,2,0,30.91395822,-82.70432472,13065.0,1057.7213659715926,2.8571428571428568,68,69,2,0,67,69,6648,1,0,0,1,0
2020-06-08,US,Georgia,Cobb,3298,196,0,33.94243204,-84.5761255,13067.0,433.8668746982468,5.942995755003032,3102,3249,193,0,3056,3242,756865,49,3,0,46,7
2020-06-08,US,Georgia,Coffee,300,14,0,31.54892966,-82.85492059999999,13069.0,693.272941557091,4.666666666666667,286,299,14,0,285,299,43093,1,0,0,1,0
2020-06-08,US,Georgia,Colquitt,569,15,0,31.18810588,-83.7677946,13071.0,1247.8070175438595,2.636203866432337,554,568,15,0,553,568,45592,1,0,0,1,0
2020-06-08,US,Georgia,Columbia,278,8,0,33.54534185,-82.263524,13073.0,177.39321311433568,2.8776978417266186,270,274,8,0,266,274,154291,4,0,0,4,0
2020-06-08,US,Georgia,Cook,56,1,0,31.16068491,-83.42947229,13075.0,324.2617255356109,1.7857142857142858,55,57,2,0,55,56,17162,-1,-1,0,0,1
2020-06-08,US,Georgia,Coweta,468,9,0,33.35334302,-84.76129976,13077.0,315.13241621719897,1.9230769230769231,459,463,9,0,454,463,145864,5,0,0,5,0
2020-06-08,US,Georgia,Crawford,29,0,0,32.71391813,-83.98061238,13079.0,233.79554982263787,0.0,29,29,0,0,29,29,12318,0,0,0,0,0
2020-06-08,US,Georgia,Crisp,239,8,0,31.92289565,-83.76811843,13081.0,1068.2996602896476,3.3472803347280333,231,238,8,0,230,238,22601,1,0,0,1,0
2020-06-08,US,Georgia,Dade,41,1,0,34.854916700000004,-85.50490424,13083.0,254.4055596922313,2.4390243902439024,40,42,1,0,41,41,16226,-1,0,0,-1,1
2020-06-08,US,Georgia,Dawson,114,1,0,34.44244079,-84.16964071,13085.0,436.64777079822284,0.8771929824561403,113,113,1,0,112,113,25083,1,0,0,1,0
2020-06-08,US,Georgia,DeKalb,4054,125,0,33.76944049,-84.22396017,13089.0,533.9149239362199,3.0833744449926,3929,4012,125,0,3887,4008,756558,42,0,0,42,4
2020-06-08,US,Georgia,Decatur,214,6,0,30.87967778,-84.57619536,13087.0,810.4832601121042,2.803738317757009,208,209,6,0,203,209,26575,5,0,0,5,0
2020-06-08,US,Georgia,Dodge,53,2,0,32.17265114,-83.16948926,13091.0,257.2191215724339,3.7735849056603774,51,53,2,0,51,53,20705,0,0,0,0,0
2020-06-08,US,Georgia,Dooly,191,12,0,32.15630737,-83.79746561,13093.0,1426.4376400298734,6.282722513089006,179,191,12,0,179,190,13706,0,0,0,0,1
2020-06-08,US,Georgia,Dougherty,1806,149,0,31.53328528,-84.21722377,13095.0,2053.299376961208,8.250276854928018,1657,1803,149,0,1654,1803,91243,3,0,0,3,0
2020-06-08,US,Georgia,Douglas,601,25,0,33.70291126,-84.77026156,13097.0,410.67902120361066,4.1597337770382685,576,592,25,0,567,592,145331,9,0,0,9,0
2020-06-08,US,Georgia,Early,249,31,0,31.32155345,-84.90255207,13099.0,2443.5721295387634,12.449799196787147,218,249,31,0,218,250,10247,0,0,0,0,-1
2020-06-08,US,Georgia,Echols,146,0,0,30.71101099,-82.89687287,13101.0,3644.5332001997,0.0,146,147,0,0,147,146,4000,-1,0,0,-1,1
2020-06-08,US,Georgia,Effingham,78,1,0,32.36616021,-81.34280942,13103.0,121.31392310563645,1.2820512820512822,77,78,1,0,77,78,62190,0,0,0,0,0
2020-06-08,US,Georgia,Elbert,82,0,0,34.11302332,-82.83936148,13105.0,427.21683859539434,0.0,82,79,0,0,79,78,19120,3,0,0,3,1
2020-06-08,US,Georgia,Emanuel,31,2,0,32.59221302,-82.30239915,13107.0,136.88951691247902,6.451612903225807,29,31,2,0,29,29,22612,0,0,0,0,2
2020-06-08,US,Georgia,Evans,6,0,0,32.15328841,-81.8870105,13109.0,56.316876290595076,0.0,6,6,0,0,6,6,10721,0,0,0,0,0
2020-06-08,US,Georgia,Fannin,55,1,0,34.86430205,-84.316964,13111.0,210.01985642278908,1.818181818181818,54,52,1,0,51,51,25964,3,0,0,3,1
2020-06-08,US,Georgia,Fayette,247,15,0,33.41357794,-84.49089434,13113.0,215.86946452137283,6.0728744939271255,232,245,15,0,230,245,113459,2,0,0,2,0
2020-06-08,US,Georgia,Floyd,326,15,0,34.26268279,-85.21577392,13115.0,330.97118723222815,4.601226993865031,311,323,15,0,308,322,97927,3,0,0,3,1
2020-06-08,US,Georgia,Forsyth,556,12,0,34.22604035,-84.12315129999998,13117.0,227.6337553019013,2.1582733812949644,544,546,12,0,534,546,236612,10,0,0,10,0
2020-06-08,US,Georgia,Franklin,134,1,0,34.37525597,-83.23159927,13119.0,573.9003811726412,0.746268656716418,133,132,1,0,131,132,23023,2,0,0,2,0
2020-06-08,US,Georgia,Fulton,4887,256,0,33.79216944,-84.46319413,13121.0,459.3317085504123,5.238387558829547,4631,4823,252,0,4571,4822,1050114,64,4,0,60,1
2020-06-08,US,Georgia,Gilmer,160,1,0,34.69316688,-84.45802506,13123.0,510.0577002773439,0.625,159,160,1,0,159,160,30816,0,0,0,0,0
2020-06-08,US,Georgia,Glascock,1,0,0,33.22879932,-82.61297636,13125.0,33.65870077415012,0.0,1,1,0,0,1,1,2995,0,0,0,0,0
2020-06-08,US,Georgia,Glynn,157,2,0,31.23279254,-81.53811412,13127.0,184.07353561881538,1.2738853503184713,155,155,2,0,153,154,85219,2,0,0,2,1
2020-06-08,US,Georgia,Gordon,203,16,0,34.50487351,-84.87296253,13129.0,350.22341838759206,7.881773399014778,187,202,16,0,186,195,57685,1,0,0,1,7
2020-06-08,US,Georgia,Grady,120,4,0,30.87454847,-84.23418364,13131.0,487.1513822920472,3.333333333333333,116,119,4,0,115,119,24748,1,0,0,1,0
2020-06-08,US,Georgia,Greene,80,7,0,33.5769205,-83.17139104,13133.0,436.5858982754857,8.75,73,78,7,0,71,76,17698,2,0,0,2,2
2020-06-08,US,Georgia,Gwinnett,4598,139,0,33.96044201,-84.02137802,13135.0,491.1081441922564,3.0230535015224014,4459,4440,137,0,4303,4433,927781,158,2,0,156,7
2020-06-08,US,Georgia,Habersham,562,26,0,34.63331566,-83.53094677,13137.0,1239.851747264384,4.6263345195729535,536,557,25,0,532,556,45388,5,1,0,4,1
2020-06-08,US,Georgia,Hall,2642,50,0,34.32207823,-83.81896936,13139.0,1292.3043812151186,1.8925056775170328,2592,2616,50,0,2566,2615,202148,26,0,0,26,1
2020-06-08,US,Georgia,Hancock,199,26,0,33.2721566,-82.99766919,13141.0,2353.080288518387,13.06532663316583,173,199,26,0,173,197,8348,0,0,0,0,2
2020-06-08,US,Georgia,Haralson,52,4,0,33.79602175,-85.21005667,13143.0,174.5435016111708,7.6923076923076925,48,52,4,0,48,52,29533,0,0,0,0,0
2020-06-08,US,Georgia,Harris,130,6,0,32.73709786,-84.90538572,13145.0,368.9408559427858,4.615384615384615,124,125,6,0,119,125,34475,5,0,0,5,0
2020-06-08,US,Georgia,Hart,40,0,0,34.34626973,-82.96567682,13147.0,152.64262545315782,0.0,40,39,0,0,39,39,26099,1,0,0,1,0
2020-06-08,US,Georgia,Heard,36,3,0,33.29686567,-85.12886832,13149.0,301.93743185439905,8.333333333333334,33,36,3,0,33,36,11879,0,0,0,0,0
2020-06-08,US,Georgia,Henry,767,22,0,33.4533428,-84.14814659999998,13151.0,326.9938310290287,2.86831812255541,745,756,22,0,734,756,230220,11,0,0,11,0
2020-06-08,US,Georgia,Houston,402,19,0,32.45802497,-83.66879087,13153.0,254.65118488816253,4.726368159203981,383,401,19,0,382,399,155469,1,0,0,1,2
2020-06-08,US,Georgia,Irwin,34,1,0,31.60213036,-83.27501387,13155.0,361.0875106202209,2.9411764705882355,33,34,1,0,33,34,9398,0,0,0,0,0
2020-06-08,US,Georgia,Jackson,232,7,0,34.13794553,-83.56814788,13157.0,317.9083820929882,3.0172413793103448,225,226,7,0,219,226,70422,6,0,0,6,0
2020-06-08,US,Georgia,Jasper,49,1,0,33.31535543,-83.68844964,13159.0,344.6093255503201,2.0408163265306123,48,48,1,0,47,47,14040,1,0,0,1,1
2020-06-08,US,Georgia,Jeff Davis,46,1,0,31.80405727,-82.63724870000001,13161.0,304.33344359907375,2.1739130434782608,45,46,1,0,45,45,15029,0,0,0,0,1
2020-06-08,US,Georgia,Jefferson,51,1,0,33.05867328,-82.41609057,13163.0,331.9880223929176,1.96078431372549,50,50,1,0,49,50,15430,1,0,0,1,0
2020-06-08,US,Georgia,Jenkins,29,2,0,32.79248718,-81.96040187,13165.0,334.25541724296914,6.896551724137932,27,27,2,0,25,27,8683,2,0,0,2,0
2020-06-08,US,Georgia,Johnson,83,2,0,32.70211082,-82.66166794,13167.0,860.7279892149746,2.409638554216868,81,82,2,0,80,82,9708,1,0,0,1,0
2020-06-08,US,Georgia,Jones,49,0,0,33.02512137,-83.56019163,13169.0,170.5237515225335,0.0,49,49,0,0,49,49,28616,0,0,0,0,0
2020-06-08,US,Georgia,Lamar,76,3,0,33.07841647,-84.14263877,13171.0,398.3854903810872,3.947368421052632,73,76,3,0,73,76,19000,0,0,0,0,0
2020-06-08,US,Georgia,Lanier,32,2,0,31.03828570000001,-83.06472457,13173.0,307.0133358917778,6.25,30,32,2,0,30,32,10340,0,0,0,0,0
2020-06-08,US,Georgia,Laurens,112,1,0,32.46325233,-82.92221316,13175.0,235.56135111260673,0.8928571428571429,111,109,1,0,108,109,47325,3,0,0,3,0
2020-06-08,US,Georgia,Lee,367,22,0,31.779330600000005,-84.14324253,13177.0,1223.6596425713526,5.994550408719347,345,366,22,0,344,365,29764,1,0,0,1,1
2020-06-08,US,Georgia,Liberty,87,1,0,31.82588896,-81.49251135,13179.0,141.613087002523,1.1494252873563218,86,87,1,0,86,87,61497,0,0,0,0,0
2020-06-08,US,Georgia,Lincoln,16,1,0,33.79201475,-82.45024131,13181.0,201.99469763918697,6.25,15,16,1,0,15,16,7915,0,0,0,0,0
2020-06-08,US,Georgia,Long,17,1,0,31.75218791,-81.74952375,13183.0,86.91650902397873,5.882352941176472,16,16,1,0,15,16,18998,1,0,0,1,0
2020-06-08,US,Georgia,Lowndes,461,4,0,30.83568832,-83.27056716,13185.0,392.6545491712519,0.8676789587852495,457,441,4,0,437,434,116321,20,0,0,20,7
2020-06-08,US,Georgia,Lumpkin,103,1,0,34.57286511,-84.00425681,13187.0,306.4564117822077,0.9708737864077671,102,102,1,0,101,102,32955,1,0,0,1,0
2020-06-08,US,Georgia,Macon,106,7,0,32.35207048,-84.04234127,13193.0,818.7224839731211,6.60377358490566,99,106,6,0,100,105,13143,0,1,0,-1,1
2020-06-08,US,Georgia,Madison,65,1,0,34.12920917,-83.21218732,13195.0,217.53681392235612,1.5384615384615383,64,65,1,0,64,65,29650,0,0,0,0,0
2020-06-08,US,Georgia,Marion,59,2,0,32.3483402,-84.52733571,13197.0,705.8260557482953,3.3898305084745757,57,59,2,0,57,59,8351,0,0,0,0,0
2020-06-08,US,Georgia,McDuffie,72,5,0,33.47851918,-82.48252774,13189.0,337.8378378378378,6.9444444444444455,67,72,5,0,67,72,21531,0,0,0,0,0
2020-06-08,US,Georgia,McIntosh,15,1,0,31.49683595,-81.40163426,13191.0,104.3260536931423,6.666666666666668,14,15,1,0,14,15,14340,0,0,0,0,0
2020-06-08,US,Georgia,Meriwether,109,2,0,33.04163534,-84.68859732,13199.0,514.9525204327491,1.834862385321101,107,106,2,0,104,106,21068,3,0,0,3,0
2020-06-08,US,Georgia,Miller,42,0,0,31.16568912,-84.73151117,13201.0,734.5225603357817,0.0,42,42,0,0,42,42,5686,0,0,0,0,0
2020-06-08,US,Georgia,Mitchell,419,34,0,31.22483255,-84.19381821,13205.0,1916.4798975437955,8.1145584725537,385,417,34,0,383,417,22192,2,0,0,2,0
2020-06-08,US,Georgia,Monroe,123,11,0,33.014289,-83.92097166,13207.0,446.00768728696784,8.943089430894311,112,123,11,0,112,123,27520,0,0,0,0,0
2020-06-08,US,Georgia,Montgomery,13,0,0,32.17201038,-82.53527476,13209.0,141.735717400785,0.0,13,13,0,0,13,13,9193,0,0,0,0,0
2020-06-08,US,Georgia,Morgan,39,0,0,33.59232073,-83.49129491,13211.0,202.32413363768418,0.0,39,39,0,0,39,39,18853,0,0,0,0,0
2020-06-08,US,Georgia,Murray,110,1,0,34.78897608,-84.74993177,13213.0,274.341580207502,0.9090909090909092,109,109,1,0,108,103,39921,1,0,0,1,6
2020-06-08,US,Georgia,Muscogee,808,22,0,32.50931999,-84.87142262,13215.0,412.73133131394655,2.722772277227723,786,776,21,0,755,776,194160,32,1,0,31,0
2020-06-08,US,Georgia,Newton,395,10,0,33.55514538,-83.84547140000002,13217.0,353.4865406643757,2.5316455696202533,385,389,10,0,379,389,109541,6,0,0,6,0
2020-06-08,US,Georgia,Oconee,125,9,0,33.83749973,-83.43679568,13219.0,310.3277060575968,7.2,116,123,9,0,114,123,39272,2,0,0,2,0
2020-06-08,US,Georgia,Oglethorpe,67,7,0,33.878629600000004,-83.08278123,13221.0,439.0851300871617,10.447761194029852,60,66,7,0,59,66,15054,1,0,0,1,0
2020-06-08,US,Georgia,Out of GA,2502,32,0,0.0,0.0,80013.0,0.0,1.2789768185451638,2470,2527,32,0,2495,2416,,-25,0,0,-25,111
2020-06-08,US,Georgia,Paulding,354,13,0,33.91969522,-84.86848792,13223.0,209.8810081403001,3.6723163841807906,341,352,12,0,340,351,164044,2,1,0,1,1
2020-06-08,US,Georgia,Peach,78,6,0,32.56934316,-83.82937,13225.0,283.1627096493138,7.6923076923076925,72,78,5,0,73,76,27297,0,1,0,-1,2
2020-06-08,US,Georgia,Pickens,52,4,0,34.46589159,-84.46406611,13227.0,159.55325089748703,7.6923076923076925,48,52,4,0,48,51,31980,0,0,0,0,1
2020-06-08,US,Georgia,Pierce,119,4,0,31.35928155,-82.21598442,13229.0,611.3537117903929,3.361344537815126,115,117,4,0,113,116,19389,2,0,0,2,1
2020-06-08,US,Georgia,Pike,62,3,0,33.09310242,-84.38790389,13231.0,326.9697289315473,4.838709677419356,59,61,3,0,58,60,18634,1,0,0,1,1
2020-06-08,US,Georgia,Polk,145,1,0,34.00267074,-85.18677781,13233.0,340.2717480581043,0.6896551724137931,144,140,1,0,139,139,42470,5,0,0,5,1
2020-06-08,US,Georgia,Pulaski,45,2,0,32.23334561,-83.47549959999998,13235.0,404.05854359342726,4.4444444444444455,43,43,2,0,41,43,11069,2,0,0,2,0
2020-06-08,US,Georgia,Putnam,100,9,0,33.32056115,-83.37552891,13237.0,452.10000452100013,9.0,91,100,9,0,91,100,21809,0,0,0,0,0
2020-06-08,US,Georgia,Quitman,14,1,0,31.86728114,-85.01773177,13239.0,608.9604175728578,7.142857142857142,13,14,1,0,13,13,2279,0,0,0,0,1
2020-06-08,US,Georgia,Rabun,26,1,0,34.88389445,-83.40304637,13241.0,151.71850382213924,3.8461538461538463,25,26,1,0,25,26,16867,0,0,0,0,0
2020-06-08,US,Georgia,Randolph,183,19,0,31.76622818,-84.75732369,13243.0,2699.911478312187,10.382513661202186,164,183,19,0,164,183,6833,0,0,0,0,0
2020-06-08,US,Georgia,Richmond,645,32,0,33.35777107,-82.07026432,13245.0,318.49020827778264,4.961240310077518,613,627,30,0,597,627,201554,18,2,0,16,0
2020-06-08,US,Georgia,Rockdale,314,8,0,33.65145002,-84.02202167,13247.0,345.44974476324586,2.5477707006369426,306,308,8,0,300,308,90594,6,0,0,6,0
2020-06-08,US,Georgia,Schley,18,1,0,32.2654021,-84.31258912,13249.0,342.4006087121933,5.5555555555555545,17,18,1,0,17,19,5236,0,0,0,0,-1
2020-06-08,US,Georgia,Screven,58,3,0,32.74976524,-81.60779441,13251.0,415.2942861234426,5.172413793103448,55,57,3,0,54,57,13938,1,0,0,1,0
2020-06-08,US,Georgia,Seminole,46,2,0,30.93464824,-84.86823924,13253.0,568.6032138442522,4.3478260869565215,44,46,2,0,44,46,8315,0,0,0,0,0
2020-06-08,US,Georgia,Spalding,296,21,0,33.26310031,-84.28013991,13255.0,443.7581518072651,7.094594594594594,275,294,21,0,273,294,66100,2,0,0,2,0
2020-06-08,US,Georgia,Stephens,145,3,0,34.55151201,-83.29405315,13257.0,559.3056894889103,2.0689655172413794,142,144,3,0,141,144,26035,1,0,0,1,0
2020-06-08,US,Georgia,Stewart,57,1,0,32.07996777,-84.83208037,13259.0,860.897145446307,1.7543859649122806,56,57,1,0,56,56,6199,0,0,0,0,1
2020-06-08,US,Georgia,Sumter,496,46,0,32.03650571,-84.19821492,13261.0,1679.9891613602492,9.274193548387096,450,494,45,0,449,493,29733,2,1,0,1,1
2020-06-08,US,Georgia,Talbot,41,2,0,32.69642758,-84.53351366,13263.0,661.8240516545601,4.878048780487805,39,41,2,0,39,41,6272,0,0,0,0,0
2020-06-08,US,Georgia,Taliaferro,1,0,0,33.56543317,-82.88136816,13265.0,65.06180871828235,0.0,1,1,0,0,1,1,1608,0,0,0,0,0
2020-06-08,US,Georgia,Tattnall,32,0,0,32.04785085,-82.05539188,13267.0,126.5522423475441,0.0,32,30,0,0,30,30,25391,2,0,0,2,0
2020-06-08,US,Georgia,Taylor,23,2,0,32.55792548,-84.25077141,13269.0,286.78304239401496,8.695652173913043,21,23,2,0,21,23,8039,0,0,0,0,0
2020-06-08,US,Georgia,Telfair,38,1,0,31.92829517,-82.93491155,13271.0,239.59646910466583,2.631578947368421,37,38,1,0,37,38,15876,0,0,0,0,0
2020-06-08,US,Georgia,Terrell,217,26,0,31.77527543,-84.44069698,13273.0,2543.664283202438,11.981566820276498,191,217,26,0,191,217,8611,0,0,0,0,0
2020-06-08,US,Georgia,Thomas,357,33,0,30.86392347,-83.91847289,13275.0,803.1315380981305,9.243697478991596,324,353,33,0,320,353,44448,4,0,0,4,0
2020-06-08,US,Georgia,Tift,320,20,0,31.45743864,-83.5236119,13277.0,787.3240822753665,6.25,300,312,19,0,293,305,40571,8,1,0,7,7
2020-06-08,US,Georgia,Toombs,68,4,0,32.12059861,-82.32957247,13279.0,253.447633246366,5.882352941176472,64,65,4,0,61,62,26887,3,0,0,3,3
2020-06-08,US,Georgia,Towns,30,1,0,34.91369188,-83.74107459999998,13281.0,249.2315360970341,3.333333333333333,29,30,1,0,29,30,11852,0,0,0,0,0
2020-06-08,US,Georgia,Treutlen,14,0,0,32.40422134,-82.56904553,13283.0,202.86914939863792,0.0,14,14,0,0,14,14,6809,0,0,0,0,0
2020-06-08,US,Georgia,Troup,446,11,0,33.03349196,-85.02812115,13285.0,637.8536083063984,2.4663677130044843,435,426,11,0,415,416,70034,20,0,0,20,10
2020-06-08,US,Georgia,Turner,140,13,0,31.71612656,-83.62069378,13287.0,1753.2874139010644,9.285714285714286,127,139,13,0,126,139,7912,1,0,0,1,0
2020-06-08,US,Georgia,Twiggs,19,1,0,32.67435595,-83.43078662,13289.0,233.99014778325127,5.2631578947368425,18,18,1,0,17,18,8188,1,0,0,1,0
2020-06-08,US,Georgia,Unassigned,1322,2,0,0.0,0.0,90013.0,0.0,0.15128593040847202,1320,1403,2,0,1401,1127,,-81,0,0,-81,276
2020-06-08,US,Georgia,Union,49,1,0,34.82995757,-83.98967069,13291.0,199.91024438007423,2.0408163265306123,48,49,1,0,48,49,24001,0,0,0,0,0
2020-06-08,US,Georgia,Upson,290,35,0,32.87920671,-84.30024826,13293.0,1101.8237082066871,12.06896551724138,255,290,35,0,255,290,26215,0,0,0,0,0
2020-06-08,US,Georgia,Walker,195,0,0,34.73376362,-85.30165174,13295.0,279.52580954974843,0.0,195,194,0,0,194,192,69410,1,0,0,1,2
2020-06-08,US,Georgia,Walton,303,16,0,33.78017694,-83.73552314,13297.0,320.3196853889823,5.2805280528052805,287,299,15,0,284,298,93503,4,1,0,3,1
2020-06-08,US,Georgia,Ware,249,14,0,31.05449097,-82.42224148,13299.0,696.8153579224269,5.622489959839356,235,248,14,0,234,247,35680,1,0,0,1,1
2020-06-08,US,Georgia,Warren,18,0,0,33.41146451,-82.67795848,13301.0,342.59611724400463,0.0,18,18,0,0,18,18,5251,0,0,0,0,0
2020-06-08,US,Georgia,Washington,75,1,0,32.96711864,-82.79357039,13303.0,368.11622656326693,1.3333333333333333,74,74,1,0,73,74,20386,1,0,0,1,0
2020-06-08,US,Georgia,Wayne,26,0,0,31.5521809,-81.91894878,13305.0,86.87806997026097,0.0,26,25,0,0,25,25,29808,1,0,0,1,0
2020-06-08,US,Georgia,Webster,14,1,0,32.04066113,-84.54742852,13307.0,537.0157268891446,7.142857142857142,13,14,1,0,13,14,2611,0,0,0,0,0
2020-06-08,US,Georgia,Wheeler,14,0,0,32.12009104,-82.72574721,13309.0,178.2304264799491,0.0,14,14,0,0,14,14,7879,0,0,0,0,0
2020-06-08,US,Georgia,White,114,3,0,34.64624278,-83.74905525,13311.0,370.15390609779854,2.631578947368421,111,113,3,0,110,113,29970,1,0,0,1,0
2020-06-08,US,Georgia,Whitfield,504,9,0,34.80987459,-84.96093476,13313.0,481.70661773139125,1.7857142857142858,495,494,7,0,487,462,104062,10,2,0,8,32
2020-06-08,US,Georgia,Wilcox,117,14,0,31.97496928,-83.43438555,13315.0,1354.950781702374,11.965811965811966,103,117,13,0,104,117,8812,0,1,0,-1,0
2020-06-08,US,Georgia,Wilkes,34,1,0,33.78290391,-82.74286107,13317.0,347.75493505165184,2.9411764705882355,33,34,1,0,33,34,9876,0,0,0,0,0
2020-06-08,US,Georgia,Wilkinson,71,7,0,32.80291082,-83.17140684,13319.0,792.941702032611,9.859154929577462,64,71,7,0,64,71,9036,0,0,0,0,0
2020-06-08,US,Georgia,Worth,240,21,0,31.55162306,-83.85090513,13321.0,1185.360794191732,8.75,219,235,21,0,214,233,20299,5,0,0,5,2
2020-06-08,US,Hawaii,Hawaii,81,0,0,19.60121157,-155.5210167,15001.0,40.195917881228496,0.0,81,81,0,0,81,81,200983,0,0,0,0,0
2020-06-08,US,Hawaii,Honolulu,442,11,0,21.45803166,-157.97121819999995,15003.0,45.353661076810845,2.4886877828054303,431,441,11,0,430,439,980080,1,0,0,1,2
2020-06-08,US,Hawaii,Kauai,21,0,0,22.03935037,-159.5966786,15007.0,29.04845559044444,0.0,21,21,0,0,21,21,72133,0,0,0,0,0
2020-06-08,US,Hawaii,Maui,120,6,0,20.86399628,-156.56890969999995,15009.0,71.67730875598058,5.0,114,120,6,0,114,120,167207,0,0,0,0,0
2020-06-08,US,Hawaii,Out of HI,12,0,0,0.0,0.0,80015.0,0.0,0.0,12,12,0,0,12,12,,0,0,0,0,0
2020-06-08,US,Idaho,Ada,844,22,0,43.4526575,-116.24155159999998,16001.0,175.2539001260416,2.6066350710900474,822,838,22,0,816,838,469966,6,0,0,6,0
2020-06-08,US,Idaho,Adams,3,0,0,44.89333571,-116.4545247,16003.0,69.86492780624127,0.0,3,3,0,0,3,3,4250,0,0,0,0,0
2020-06-08,US,Idaho,Bannock,49,1,0,42.67002716,-112.2233311,16005.0,55.80357142857143,2.0408163265306123,48,47,1,0,46,47,87138,2,0,0,2,0
2020-06-08,US,Idaho,Benewah,18,0,0,47.21754179,-116.6586851,16009.0,193.59001935900196,0.0,18,18,0,0,18,18,9226,0,0,0,0,0
2020-06-08,US,Idaho,Bingham,22,0,0,43.21672879999999,-112.3978437,16011.0,46.99750058746876,0.0,22,20,0,0,20,20,46236,2,0,0,2,0
2020-06-08,US,Idaho,Blaine,514,5,0,43.4085812,-113.9752658,16013.0,2232.7440163329134,0.9727626459143968,509,514,5,0,509,514,22601,0,0,0,0,0
2020-06-08,US,Idaho,Bonner,6,0,0,48.29996017,-116.6017932,16017.0,13.117908130916724,0.0,6,6,0,0,6,6,44727,0,0,0,0,0
2020-06-08,US,Idaho,Bonneville,64,0,0,43.38713372,-111.6161537,16019.0,53.75350657640557,0.0,64,60,0,0,60,60,116854,4,0,0,4,0
2020-06-08,US,Idaho,Camas,1,0,0,43.46665742,-114.8065892,16025.0,90.41591320072331,0.0,1,1,0,0,1,1,1127,0,0,0,0,0
2020-06-08,US,Idaho,Canyon,345,6,0,43.61970148,-116.70954990000001,16027.0,150.09854295646272,1.7391304347826086,339,340,6,0,334,340,223499,5,0,0,5,0
2020-06-08,US,Idaho,Caribou,3,0,0,42.77149116,-111.5597683,16029.0,41.9287211740042,0.0,3,3,0,0,3,3,7060,0,0,0,0,0
2020-06-08,US,Idaho,Cassia,117,1,0,42.28347888,-113.6012409,16031.0,486.8913857677903,0.8547008547008547,116,112,1,0,111,112,23864,5,0,0,5,0
2020-06-08,US,Idaho,Custer,2,0,0,44.24186819,-114.2855494,16037.0,46.349942062572424,0.0,2,2,0,0,2,2,4280,0,0,0,0,0
2020-06-08,US,Idaho,Elmore,32,2,0,43.3507101,-115.4701578,16039.0,116.31710951982843,6.25,30,32,2,0,30,32,27259,0,0,0,0,0
2020-06-08,US,Idaho,Franklin,9,0,0,42.18332217,-111.81496659999999,16041.0,64.86019025655807,0.0,9,9,0,0,9,9,13726,0,0,0,0,0
2020-06-08,US,Idaho,Fremont,4,0,0,44.22800938,-111.48099429999999,16043.0,30.536682189480114,0.0,4,4,0,0,4,4,13168,0,0,0,0,0
2020-06-08,US,Idaho,Gem,17,0,0,44.06482372,-116.398376,16045.0,93.86042402826857,0.0,17,17,0,0,17,17,17634,0,0,0,0,0
2020-06-08,US,Idaho,Gooding,57,0,0,42.96927962,-114.81083059999999,16047.0,375.51880888069036,0.0,57,56,0,0,56,56,15196,1,0,0,1,0
2020-06-08,US,Idaho,Idaho,3,0,0,45.84721541,-115.4634436,16049.0,17.999640007199854,0.0,3,3,0,0,3,3,16513,0,0,0,0,0
2020-06-08,US,Idaho,Jefferson,9,0,0,43.82078483,-112.3131749,16051.0,30.12955709551069,0.0,9,9,0,0,9,9,29439,0,0,0,0,0
2020-06-08,US,Idaho,Jerome,198,2,0,42.68891267,-114.2655033,16053.0,811.076519744388,1.0101010101010102,196,194,2,0,192,194,24015,4,0,0,4,0
2020-06-08,US,Idaho,Kootenai,85,0,0,47.67282258,-116.7020872,16055.0,51.29845440774425,0.0,85,82,0,0,82,82,161505,3,0,0,3,0
2020-06-08,US,Idaho,Latah,7,0,0,46.81587887,-116.71136979999999,16057.0,17.452877231475018,0.0,7,7,0,0,7,7,40134,0,0,0,0,0
2020-06-08,US,Idaho,Lemhi,1,0,0,44.9438088,-113.9309747,16059.0,12.457954403886884,0.0,1,1,0,0,1,1,7961,0,0,0,0,0
2020-06-08,US,Idaho,Lincoln,34,0,0,43.0012336,-114.1358773,16063.0,633.619083115915,0.0,34,34,0,0,34,34,5360,0,0,0,0,0
2020-06-08,US,Idaho,Madison,27,0,0,43.78141028,-111.65384740000002,16065.0,67.65730323000977,0.0,27,27,0,0,27,27,39304,0,0,0,0,0
2020-06-08,US,Idaho,Minidoka,78,0,0,42.85518524,-113.6357257,16067.0,370.74005418508483,0.0,78,72,0,0,72,72,20825,6,0,0,6,0
2020-06-08,US,Idaho,Nez Perce,83,19,0,46.32638236,-116.75009750000001,16069.0,205.4048703227084,22.891566265060238,64,83,19,0,64,83,40408,0,0,0,0,0
2020-06-08,US,Idaho,Owyhee,8,0,0,42.58016894,-116.16938710000001,16073.0,67.66472130592912,0.0,8,8,0,0,8,8,11693,0,0,0,0,0
2020-06-08,US,Idaho,Payette,26,2,0,44.00545243,-116.7647695,16075.0,108.55496638971232,7.6923076923076925,24,26,2,0,24,26,23551,0,0,0,0,0
2020-06-08,US,Idaho,Power,7,0,0,42.69254894,-112.83957420000002,16077.0,91.13396693138914,0.0,7,7,0,0,7,7,7768,0,0,0,0,0
2020-06-08,US,Idaho,Teton,11,0,0,43.75303583,-111.2056773,16081.0,90.59463020919122,0.0,11,11,0,0,11,11,11640,0,0,0,0,0
2020-06-08,US,Idaho,Twin Falls,456,23,0,42.35440512,-114.6685381,16083.0,524.8739611869519,5.0438596491228065,433,445,23,0,422,445,86081,11,0,0,11,0
2020-06-08,US,Idaho,Valley,3,0,0,44.76728382,-115.5676773,16085.0,26.33426966292135,0.0,3,2,0,0,2,2,11041,1,0,0,1,0
2020-06-08,US,Idaho,Washington,46,0,0,44.45275475,-116.78476880000001,16087.0,451.2458308809103,0.0,46,46,0,0,46,46,10161,0,0,0,0,0
2020-06-08,US,Illinois,Adams,45,1,0,39.98815591,-91.18786813,17001.0,68.77053564606098,2.2222222222222223,44,46,1,0,45,46,65691,-1,0,0,-1,0
2020-06-08,US,Illinois,Alexander,15,0,0,37.18049267,-89.32910838,17003.0,260.37146328762367,0.0,15,16,0,0,16,15,6060,-1,0,0,-1,1
2020-06-08,US,Illinois,Bond,12,1,0,38.88829622,-89.43534887,17005.0,73.0549129428954,8.333333333333334,11,12,1,0,11,12,16630,0,0,0,0,0
2020-06-08,US,Illinois,Boone,506,18,0,42.32359279,-88.82345779,17007.0,945.0171821305843,3.5573122529644268,488,504,18,0,486,500,53577,2,0,0,2,4
2020-06-08,US,Illinois,Brown,10,0,0,39.96209138,-90.75068024,17009.0,152.02189115232594,0.0,10,10,0,0,10,10,6556,0,0,0,0,0
2020-06-08,US,Illinois,Bureau,21,1,0,41.40385234,-89.5283051,17011.0,64.36189775652814,4.761904761904762,20,21,1,0,20,21,32993,0,0,0,0,0
2020-06-08,US,Illinois,Calhoun,1,0,0,39.16840183,-90.66330078,17013.0,21.101498206372653,0.0,1,1,0,0,1,1,4802,0,0,0,0,0
2020-06-08,US,Illinois,Carroll,18,2,0,42.06823429,-89.93395545,17015.0,125.83012932541071,11.111111111111109,16,17,2,0,15,17,14312,1,0,0,1,0
2020-06-08,US,Illinois,Cass,74,0,0,39.96991073,-90.24734436,17017.0,609.2039186630443,0.0,74,73,0,0,73,73,12260,1,0,0,1,0
2020-06-08,US,Illinois,Champaign,691,8,0,40.13919438,-88.20046615,17019.0,329.53564564664816,1.1577424023154848,683,685,8,0,677,679,209983,6,0,0,6,6
2020-06-08,US,Illinois,Christian,35,4,0,39.54581621,-89.27780482,17021.0,108.34571570084199,11.428571428571427,31,35,4,0,31,35,32661,0,0,0,0,0
2020-06-08,US,Illinois,Clark,12,0,0,39.33425789,-87.78705622,17023.0,77.71517388770155,0.0,12,11,0,0,11,11,15596,1,0,0,1,0
2020-06-08,US,Illinois,Clay,2,0,0,38.75388572,-88.48914513,17025.0,15.169902912621357,0.0,2,2,0,0,2,2,13253,0,0,0,0,0
2020-06-08,US,Illinois,Clinton,193,17,0,38.60704876,-89.42385254,17027.0,513.8171556360152,8.808290155440414,176,193,17,0,176,193,37639,0,0,0,0,0
2020-06-08,US,Illinois,Coles,139,17,0,39.51949084,-88.22358557,17029.0,274.589597202742,12.23021582733813,122,139,17,0,122,138,50885,0,0,0,0,1
2020-06-08,US,Illinois,Cook,82819,3959,0,41.84144849,-87.81658794,17031.0,1608.0631691808896,4.78030403651336,78860,82427,3944,0,78483,81924,5180493,392,15,0,377,503
2020-06-08,US,Illinois,Crawford,11,0,0,39.0032229,-87.75954624,17033.0,58.92751915144373,0.0,11,11,0,0,11,11,18807,0,0,0,0,0
2020-06-08,US,Illinois,Cumberland,10,0,0,39.27432424,-88.2401158,17035.0,92.88500835965077,0.0,10,10,0,0,10,10,10808,0,0,0,0,0
2020-06-08,US,Illinois,De Witt,4,0,0,40.17514519,-88.90959682,17039.0,25.57871850620284,0.0,4,4,0,0,4,4,15769,0,0,0,0,0
2020-06-08,US,Illinois,DeKalb,456,9,0,41.89373302,-88.76958483,17037.0,434.7121462005586,1.973684210526316,447,457,9,0,448,451,104143,-1,0,0,-1,6
2020-06-08,US,Illinois,Douglas,29,0,0,39.76768052,-88.21854195,17041.0,148.9853583354739,0.0,29,28,0,0,28,28,19479,1,0,0,1,0
2020-06-08,US,Illinois,DuPage,8157,406,0,41.85116968,-88.08642662,17043.0,883.824292653434,4.9773200931715085,7751,8111,404,0,7707,8046,928589,46,2,0,44,65
2020-06-08,US,Illinois,Edgar,1,0,0,39.6809186,-87.74759563,17045.0,5.827166249053086,0.0,1,1,0,0,1,1,17360,0,0,0,0,0
2020-06-08,US,Illinois,Edwards,2,0,0,38.41353228,-88.05720863,17047.0,31.27443315089914,0.0,2,2,0,0,2,2,6392,0,0,0,0,0
2020-06-08,US,Illinois,Effingham,8,1,0,39.05935711,-88.58969584,17049.0,23.523876734885913,12.5,7,8,1,0,7,8,34208,0,0,0,0,0
2020-06-08,US,Illinois,Fayette,21,3,0,39.00072038,-89.02452658,17051.0,98.42519685039369,14.285714285714285,18,21,3,0,18,21,21416,0,0,0,0,0
2020-06-08,US,Illinois,Ford,21,1,0,40.59706922,-88.22350769,17053.0,162.02453514389322,4.761904761904762,20,21,1,0,20,21,13264,0,0,0,0,0
2020-06-08,US,Illinois,Franklin,12,0,0,37.99189086,-88.92567818,17055.0,31.19394837401544,0.0,12,12,0,0,12,12,38701,0,0,0,0,0
2020-06-08,US,Illinois,Fulton,12,0,0,40.47289135,-90.20862357,17057.0,34.944670937682005,0.0,12,12,0,0,12,12,34844,0,0,0,0,0
2020-06-08,US,Illinois,Gallatin,2,0,0,37.76430935,-88.22953869,17059.0,41.42502071251035,0.0,2,2,0,0,2,2,5058,0,0,0,0,0
2020-06-08,US,Illinois,Greene,6,0,0,39.35907414,-90.388865,17061.0,46.26416840157298,0.0,6,6,0,0,6,6,13044,0,0,0,0,0
2020-06-08,US,Illinois,Grundy,124,2,0,41.28569601,-88.41905692,17063.0,242.88008775022527,1.6129032258064515,122,114,2,0,112,113,50972,10,0,0,10,1
2020-06-08,US,Illinois,Hamilton,2,0,0,38.08163641,-88.53883373,17065.0,24.64268112370626,0.0,2,2,0,0,2,2,8163,0,0,0,0,0
2020-06-08,US,Illinois,Hancock,18,1,0,40.40423981,-91.16313899,17067.0,101.6489722159476,5.5555555555555545,17,17,1,0,16,17,17844,1,0,0,1,0
2020-06-08,US,Illinois,Hardin,1,0,0,37.51810645,-88.26873022,17069.0,26.17115938236064,0.0,1,1,0,0,1,1,3910,0,0,0,0,0
2020-06-08,US,Illinois,Henderson,8,0,0,40.81908672,-90.92491462,17071.0,120.37315678603672,0.0,8,8,0,0,8,8,6709,0,0,0,0,0
2020-06-08,US,Illinois,Henry,71,0,0,41.3533994,-90.13296166,17073.0,145.1556845828307,0.0,71,70,0,0,70,70,49090,1,0,0,1,0
2020-06-08,US,Illinois,Iroquois,136,5,0,40.74717633,-87.82466784,17075.0,501.58589658479,3.6764705882352944,131,135,5,0,130,135,27604,1,0,0,1,0
2020-06-08,US,Illinois,Jackson,301,11,0,37.78595185,-89.38232563,17077.0,530.3964757709251,3.6544850498338866,290,301,11,0,290,300,57419,0,0,0,0,1
2020-06-08,US,Illinois,Jasper,46,7,0,39.01054275,-88.15437049,17079.0,478.6680541103018,15.217391304347824,39,46,7,0,39,46,9611,0,0,0,0,0
2020-06-08,US,Illinois,Jefferson,101,16,0,38.29980057,-88.9240025,17081.0,268.0182570852351,15.84158415841584,85,101,16,0,85,101,37820,0,0,0,0,0
2020-06-08,US,Illinois,Jersey,25,1,0,39.08869046,-90.35393073,17083.0,114.82110871262572,4.0,24,26,1,0,25,24,21847,-1,0,0,-1,2
2020-06-08,US,Illinois,Jo Daviess,34,1,0,42.36542373,-90.21094405,17085.0,160.11302095596892,2.9411764705882355,33,33,1,0,32,33,21366,1,0,0,1,0
2020-06-08,US,Illinois,Johnson,12,0,0,37.45939802,-88.88165419,17087.0,96.64170089393572,0.0,12,12,0,0,12,12,12456,0,0,0,0,0
2020-06-08,US,Illinois,Kane,6850,210,0,41.93842729,-88.42861412,17089.0,1286.619346622765,3.0656934306569337,6640,6787,210,0,6577,6734,534216,63,0,0,63,53
2020-06-08,US,Illinois,Kankakee,1004,54,0,41.13746989,-87.86205334,17091.0,913.8737689100873,5.378486055776892,950,1001,54,0,947,999,110024,3,0,0,3,2
2020-06-08,US,Illinois,Kendall,850,19,0,41.59081014,-88.42869583,17093.0,658.9658113032018,2.235294117647059,831,846,19,0,827,845,127915,4,0,0,4,1
2020-06-08,US,Illinois,Knox,105,0,0,40.93148779,-90.21330340000002,17095.0,211.27185657659112,0.0,105,104,0,0,104,103,50112,1,0,0,1,1
2020-06-08,US,Illinois,LaSalle,166,16,0,41.34426129999999,-88.88633881,17099.0,152.75745612824264,9.63855421686747,150,164,16,0,148,160,109430,2,0,0,2,4
2020-06-08,US,Illinois,Lake,8808,345,0,42.3224907,-88.00367925,17097.0,1264.5452130905126,3.9168937329700273,8463,8768,344,0,8424,8690,700832,40,1,0,39,78
2020-06-08,US,Illinois,Lawrence,4,0,0,38.71987914,-87.72884035,17101.0,25.513458349279247,0.0,4,4,0,0,4,4,15765,0,0,0,0,0
2020-06-08,US,Illinois,Lee,89,1,0,41.74583951,-89.29977132,17103.0,261.0276865321445,1.1235955056179776,88,89,1,0,88,88,34223,0,0,0,0,1
2020-06-08,US,Illinois,Livingston,36,2,0,40.89188292,-88.55784752,17105.0,100.98743267504489,5.5555555555555545,34,36,2,0,34,36,35761,0,0,0,0,0
2020-06-08,US,Illinois,Logan,10,0,0,40.12581572,-89.36638784,17107.0,34.94304284017052,0.0,10,10,0,0,10,10,28925,0,0,0,0,0
2020-06-08,US,Illinois,Macon,203,21,0,39.86064913,-88.96342505,17115.0,195.1754175119461,10.344827586206897,182,202,21,0,181,202,104712,1,0,0,1,0
2020-06-08,US,Illinois,Macoupin,46,2,0,39.26119767,-89.92424028,17117.0,102.39059787205628,4.3478260869565215,44,46,2,0,44,46,45313,0,0,0,0,0
2020-06-08,US,Illinois,Madison,642,65,0,38.83042506,-89.90422563,17119.0,244.1380254481568,10.12461059190031,577,639,65,0,574,634,264461,3,0,0,3,5
2020-06-08,US,Illinois,Marion,55,0,0,38.64963204,-88.91899208,17121.0,147.82959279666713,0.0,55,55,0,0,55,55,37620,0,0,0,0,0
2020-06-08,US,Illinois,Marshall,5,0,0,41.0327901,-89.34510444,17123.0,43.7139360027977,0.0,5,5,0,0,5,5,11534,0,0,0,0,0
2020-06-08,US,Illinois,Mason,18,0,0,40.23917274,-89.91824452,17125.0,134.74062429822592,0.0,18,18,0,0,18,18,13565,0,0,0,0,0
2020-06-08,US,Illinois,Massac,7,0,0,37.22078441,-88.71036614,17127.0,50.827766482718566,0.0,7,7,0,0,7,7,14080,0,0,0,0,0
2020-06-08,US,Illinois,McDonough,92,13,0,40.45674722,-90.67775541,17109.0,309.95215955798125,14.130434782608695,79,92,13,0,79,92,29955,0,0,0,0,0
2020-06-08,US,Illinois,McHenry,1733,83,0,42.32451172,-88.45248227,17111.0,563.075503453833,4.7893825735718405,1650,1724,83,0,1641,1707,308570,9,0,0,9,17
2020-06-08,US,Illinois,McLean,228,13,0,40.48996987,-88.84621113,17113.0,132.93142953759687,5.701754385964912,215,226,13,0,213,226,172828,2,0,0,2,0
2020-06-08,US,Illinois,Menard,22,0,0,40.02742725,-89.80246001,17129.0,180.38701213512627,0.0,22,22,0,0,22,22,12288,0,0,0,0,0
2020-06-08,US,Illinois,Mercer,18,0,0,41.20596782,-90.74290052,17131.0,116.60296689771327,0.0,18,18,0,0,18,18,15601,0,0,0,0,0
2020-06-08,US,Illinois,Monroe,104,12,0,38.27594376,-90.17761038,17133.0,300.25695065969916,11.538461538461537,92,101,12,0,89,100,34335,3,0,0,3,1
2020-06-08,US,Illinois,Montgomery,41,1,0,39.23198845,-89.47809254,17135.0,144.29506581262757,2.4390243902439024,40,41,1,0,40,41,28601,0,0,0,0,0
2020-06-08,US,Illinois,Morgan,47,1,0,39.71654544,-90.20255104,17137.0,139.63990730287006,2.127659574468085,46,47,1,0,46,46,33976,0,0,0,0,1
2020-06-08,US,Illinois,Moultrie,13,0,0,39.64187451,-88.62099969,17139.0,89.64898972484656,0.0,13,12,0,0,12,12,14717,1,0,0,1,0
2020-06-08,US,Illinois,Ogle,223,3,0,42.04165196,-89.32184679,17141.0,440.33726280038695,1.345291479820628,220,221,3,0,218,223,50923,2,0,0,2,-2
2020-06-08,US,Illinois,Out of IL,114,1,0,0.0,0.0,80017.0,0.0,0.8771929824561403,113,113,1,0,112,115,,1,0,0,1,-2
2020-06-08,US,Illinois,Peoria,324,11,0,40.78702156,-89.76078901,17143.0,180.8247618303484,3.3950617283950617,313,314,11,0,303,309,180621,10,0,0,10,5
2020-06-08,US,Illinois,Perry,42,0,0,38.08510853,-89.36856219,17145.0,200.8032128514056,0.0,42,42,0,0,42,42,21174,0,0,0,0,0
2020-06-08,US,Illinois,Piatt,12,0,0,40.01360584,-88.59319339,17147.0,73.4214390602056,0.0,12,12,0,0,12,11,16396,0,0,0,0,1
2020-06-08,US,Illinois,Pike,1,0,0,39.62265059,-90.8877017,17149.0,6.426322215795901,0.0,1,1,0,0,1,1,15611,0,0,0,0,0
2020-06-08,US,Illinois,Pope,1,0,0,37.41391284,-88.56152109,17151.0,23.94062724443381,0.0,1,1,0,0,1,1,4212,0,0,0,0,0
2020-06-08,US,Illinois,Pulaski,61,0,0,37.22631423,-89.13085001,17153.0,1143.3926897844424,0.0,61,61,0,0,61,58,5463,0,0,0,0,3
2020-06-08,US,Illinois,Putnam,1,0,0,41.2013541,-89.2869272,17155.0,17.424638438752392,0.0,1,1,0,0,1,1,5740,0,0,0,0,0
2020-06-08,US,Illinois,Randolph,276,4,0,38.05095369,-89.82512254,17157.0,868.4160845761752,1.4492753623188406,272,274,4,0,270,274,32106,2,0,0,2,0
2020-06-08,US,Illinois,Richland,4,0,0,38.71240969,-88.08475366,17159.0,25.78482563011668,0.0,4,4,0,0,4,4,15763,0,0,0,0,0
2020-06-08,US,Illinois,Rock Island,717,25,0,41.46613806,-90.57042164,17161.0,505.3602012982893,3.4867503486750353,692,715,25,0,690,711,143477,2,0,0,2,4
2020-06-08,US,Illinois,Saline,7,0,0,37.75332999,-88.54119706,17165.0,29.798646290068536,0.0,7,7,0,0,7,7,23906,0,0,0,0,0
2020-06-08,US,Illinois,Sangamon,364,31,0,39.75836914,-89.65872023,17167.0,186.98117859784665,8.516483516483516,333,363,31,0,332,362,195348,1,0,0,1,1
2020-06-08,US,Illinois,Schuyler,13,0,0,40.157179799999994,-90.61114163,17169.0,192.08037825059105,0.0,13,13,0,0,13,13,6907,0,0,0,0,0
2020-06-08,US,Illinois,Shelby,16,1,0,39.39133527,-88.80611122,17173.0,73.95765924008505,6.25,15,16,1,0,15,16,21741,0,0,0,0,0
2020-06-08,US,Illinois,St. Clair,1319,95,0,38.46996033,-89.93063427,17163.0,507.9211047187758,7.202426080363913,1224,1314,94,0,1220,1296,261059,5,1,0,4,18
2020-06-08,US,Illinois,Stark,3,0,0,41.09309773,-89.79745866,17175.0,56.15874204417821,0.0,3,3,0,0,3,3,5427,0,0,0,0,0
2020-06-08,US,Illinois,Stephenson,219,5,0,42.35129217,-89.662598,17177.0,492.15695087419664,2.2831050228310503,214,216,5,0,211,214,44753,3,0,0,3,2
2020-06-08,US,Illinois,Tazewell,81,6,0,40.50716185,-89.51404662,17179.0,61.455353823509334,7.407407407407407,75,81,6,0,75,81,132328,0,0,0,0,0
2020-06-08,US,Illinois,Unassigned,67,0,0,0.0,0.0,90017.0,0.0,0.0,67,87,0,0,87,77,,-20,0,0,-20,10
2020-06-08,US,Illinois,Union,170,14,0,37.47119609,-89.25548938,17181.0,1020.837086410857,8.235294117647058,156,170,14,0,156,170,16841,0,0,0,0,0
2020-06-08,US,Illinois,Vermilion,42,1,0,40.18417171,-87.73384359,17183.0,55.43968953773859,2.380952380952381,41,42,1,0,41,42,76806,0,0,0,0,0
2020-06-08,US,Illinois,Wabash,12,0,0,38.44272901,-87.84922065,17185.0,104.16666666666669,0.0,12,12,0,0,12,12,11549,0,0,0,0,0
2020-06-08,US,Illinois,Warren,127,0,0,40.84925021,-90.6147432,17187.0,753.9776775112799,0.0,127,126,0,0,126,125,17032,1,0,0,1,1
2020-06-08,US,Illinois,Washington,20,0,0,38.35309213,-89.40982703,17189.0,144.01958666378627,0.0,20,20,0,0,20,20,13995,0,0,0,0,0
2020-06-08,US,Illinois,Wayne,9,1,0,38.42955355,-88.42586459,17191.0,55.50416281221092,11.111111111111109,8,9,1,0,8,9,16332,0,0,0,0,0
2020-06-08,US,Illinois,White,2,0,0,38.08706198,-88.17657461,17193.0,14.774322227967794,0.0,2,2,0,0,2,2,13665,0,0,0,0,0
2020-06-08,US,Illinois,Whiteside,156,13,0,41.75509713,-89.91556058,17195.0,282.73674671499765,8.333333333333334,143,157,13,0,144,155,55626,-1,0,0,-1,2
2020-06-08,US,Illinois,Will,5917,288,0,41.44619267,-87.97862712,17197.0,856.6138201907222,4.867331417948285,5629,5890,288,0,5602,5858,692310,27,0,0,27,32
2020-06-08,US,Illinois,Williamson,77,3,0,37.73033511,-88.92994027,17199.0,115.62082376083006,3.8961038961038965,74,76,3,0,73,76,67056,1,0,0,1,0
2020-06-08,US,Illinois,Winnebago,2576,70,0,42.33641854,-89.16085327,17201.0,911.6260634457768,2.717391304347826,2506,2545,69,0,2476,2507,284081,31,1,0,30,38
2020-06-08,US,Illinois,Woodford,22,2,0,40.78579374,-89.20973757,17203.0,57.20377544917965,9.090909090909092,20,21,2,0,19,21,38463,1,0,0,1,0
2020-06-08,US,Indiana,Adams,22,1,0,40.7457653,-84.93671406,18001.0,61.49202001285742,4.545454545454546,21,22,1,0,21,22,35636,0,0,0,0,0
2020-06-08,US,Indiana,Allen,1896,77,0,41.09194313,-85.06800636,18003.0,499.8694960967469,4.061181434599156,1819,1883,74,0,1809,1851,375351,13,3,0,10,32
2020-06-08,US,Indiana,Bartholomew,536,40,0,39.20744865,-85.89558181,18005.0,639.7784647704077,7.462686567164179,496,534,40,0,494,532,82753,2,0,0,2,2
2020-06-08,US,Indiana,Benton,33,0,0,40.60626947,-87.31093999,18007.0,377.2290809327847,0.0,33,32,0,0,32,32,8653,1,0,0,1,0
2020-06-08,US,Indiana,Blackford,29,2,0,40.47388153,-85.32499702,18009.0,246.6405851335261,6.896551724137932,27,28,2,0,26,28,11930,1,0,0,1,0
2020-06-08,US,Indiana,Boone,332,36,0,40.0509304,-86.46841646,18011.0,489.365151894816,10.843373493975903,296,331,36,0,295,328,66999,1,0,0,1,3
2020-06-08,US,Indiana,Brown,34,1,0,39.19605589,-86.22868909,18013.0,225.28491916247017,2.9411764705882355,33,34,1,0,33,34,15234,0,0,0,0,0
2020-06-08,US,Indiana,Carroll,96,2,0,40.580783200000006,-86.56198812,18015.0,473.91025324579164,2.083333333333333,94,96,2,0,94,96,20127,0,0,0,0,0
2020-06-08,US,Indiana,Cass,1593,9,0,40.76135835,-86.34830753,18017.0,4226.697444877816,0.5649717514124294,1584,1593,9,0,1584,1592,37955,0,0,0,0,1
2020-06-08,US,Indiana,Clark,549,42,0,38.48015445,-85.70510334,18019.0,464.0665415631181,7.6502732240437155,507,548,42,0,506,545,117360,1,0,0,1,3
2020-06-08,US,Indiana,Clay,53,3,0,39.39561833,-87.11723506,18021.0,202.09723546234508,5.660377358490566,50,53,3,0,50,53,26170,0,0,0,0,0
2020-06-08,US,Indiana,Clinton,252,1,0,40.30319754,-86.47277257,18023.0,777.8017840056793,0.3968253968253968,251,251,1,0,250,248,32250,1,0,0,1,3
2020-06-08,US,Indiana,Crawford,27,0,0,38.28814402,-86.44518825,18025.0,255.27087075730358,0.0,27,25,0,0,25,25,10558,2,0,0,2,0
2020-06-08,US,Indiana,Daviess,110,16,0,38.70186039,-87.07185406,18027.0,329.82519264789664,14.545454545454545,94,107,16,0,91,107,33147,3,0,0,3,0
2020-06-08,US,Indiana,DeKalb,69,1,0,41.39804622,-84.99906934,18033.0,158.71190339275446,1.4492753623188406,68,67,1,0,66,55,43226,2,0,0,2,12
2020-06-08,US,Indiana,Dearborn,175,22,0,39.14647946,-84.97333539,18029.0,353.8355776618545,12.571428571428573,153,175,22,0,153,173,49568,0,0,0,0,2
2020-06-08,US,Indiana,Decatur,234,32,0,39.30712658,-85.50087166,18031.0,881.0572687224669,13.675213675213676,202,231,32,0,199,231,26794,3,0,0,3,0
2020-06-08,US,Indiana,Delaware,400,41,0,40.22787247,-85.39732772,18035.0,350.4621719893109,10.25,359,400,41,0,359,399,114772,0,0,0,0,1
2020-06-08,US,Indiana,Dubois,230,4,0,38.36597551,-86.87924170000002,18037.0,538.1879445900412,1.7391304347826086,226,228,4,0,224,216,42565,2,0,0,2,12
2020-06-08,US,Indiana,Elkhart,1741,29,0,41.59761169,-85.85875695,18039.0,843.7489398616851,1.6657093624353818,1712,1717,29,0,1688,1637,205560,24,0,0,24,80
2020-06-08,US,Indiana,Fayette,80,7,0,39.63684962,-85.17797541,18041.0,346.2903644706086,8.75,73,79,7,0,72,79,23047,1,0,0,1,0
2020-06-08,US,Indiana,Floyd,328,41,0,38.32117957,-85.90385377,18043.0,417.717327627926,12.5,287,326,41,0,285,323,77781,2,0,0,2,3
2020-06-08,US,Indiana,Fountain,23,2,0,40.12361933,-87.24217689,18045.0,140.70720665606265,8.695652173913043,21,23,2,0,21,22,16351,0,0,0,0,1
2020-06-08,US,Indiana,Franklin,117,8,0,39.4142482,-85.06062647,18047.0,514.1049301344582,6.837606837606838,109,117,8,0,109,117,22736,0,0,0,0,0
2020-06-08,US,Indiana,Fulton,51,1,0,41.0469907,-86.26252745,18049.0,255.33193151096427,1.96078431372549,50,51,1,0,50,51,20092,0,0,0,0,0
2020-06-08,US,Indiana,Gibson,20,2,0,38.30393723,-87.58054938,18051.0,59.419471760896045,10.0,18,20,2,0,18,20,33452,0,0,0,0,0
2020-06-08,US,Indiana,Grant,240,23,0,40.51587228,-85.65468702,18053.0,364.9135611002144,9.583333333333334,217,235,23,0,212,235,65936,5,0,0,5,0
2020-06-08,US,Indiana,Greene,175,28,0,39.03630547,-86.96223202,18055.0,548.2112649583361,16.0,147,175,27,0,148,174,32006,0,1,0,-1,1
2020-06-08,US,Indiana,Hamilton,1209,94,0,40.07306535,-86.05244729,18057.0,357.6806671972214,7.7750206782464835,1115,1205,94,0,1111,1203,330086,4,0,0,4,2
2020-06-08,US,Indiana,Hancock,366,27,0,39.82304555,-85.77566351,18059.0,468.2222904513356,7.3770491803278695,339,362,27,0,335,360,76351,4,0,0,4,2
2020-06-08,US,Indiana,Harrison,197,22,0,38.19467379,-86.10948271,18061.0,486.23966432185614,11.167512690355329,175,195,22,0,173,196,40350,2,0,0,2,-1
2020-06-08,US,Indiana,Hendricks,1219,79,0,39.76719009,-86.51037283,18063.0,715.7494231141852,6.480721903199344,1140,1218,79,0,1139,1212,167009,1,0,0,1,6
2020-06-08,US,Indiana,Henry,189,12,0,39.93029017,-85.39625719,18065.0,393.9798215625782,6.349206349206349,177,188,12,0,176,186,48271,1,0,0,1,2
2020-06-08,US,Indiana,Howard,446,38,0,40.48527731,-86.11351892,18067.0,540.3178910641598,8.52017937219731,408,444,37,0,407,444,82366,2,1,0,1,0
2020-06-08,US,Indiana,Huntington,44,2,0,40.82907273,-85.48822092,18069.0,120.48192771084337,4.545454545454546,42,42,2,0,40,39,36240,2,0,0,2,3
2020-06-08,US,Indiana,Jackson,404,2,0,38.90915820000001,-86.03851889,18071.0,913.3865388528408,0.4950495049504951,402,403,2,0,401,401,44111,1,0,0,1,2
2020-06-08,US,Indiana,Jasper,76,1,0,41.02078733,-87.11553319,18073.0,226.44657648531083,1.3157894736842106,75,75,1,0,74,75,33370,1,0,0,1,0
2020-06-08,US,Indiana,Jay,59,0,0,40.43781032,-85.00576229,18075.0,288.7062047367391,0.0,59,58,0,0,58,58,20764,1,0,0,1,0
2020-06-08,US,Indiana,Jefferson,51,1,0,38.78576239,-85.43633383,18077.0,157.8556394701003,1.96078431372549,50,49,1,0,48,49,32208,2,0,0,2,0
2020-06-08,US,Indiana,Jennings,133,4,0,38.99588883,-85.62710784,18079.0,479.5384892734812,3.0075187969924815,129,132,4,0,128,132,27611,1,0,0,1,0
2020-06-08,US,Indiana,Johnson,1139,114,0,39.48994426,-86.10149107,18081.0,720.124931243559,10.008779631255488,1025,1133,114,0,1019,1129,156225,6,0,0,6,4
2020-06-08,US,Indiana,Knox,33,0,0,38.68861576,-87.4194665,18083.0,90.17871782259388,0.0,33,32,0,0,32,32,36895,1,0,0,1,0
2020-06-08,US,Indiana,Kosciusko,232,2,0,41.24521668,-85.86312322,18085.0,291.9855014095852,0.8620689655172413,230,227,2,0,225,209,79344,5,0,0,5,18
2020-06-08,US,Indiana,LaGrange,171,2,0,41.64232188,-85.42674232,18087.0,431.66557277730095,1.1695906432748535,169,159,2,0,157,139,39330,12,0,0,12,20
2020-06-08,US,Indiana,LaPorte,460,24,0,41.54366008,-86.74072188,18091.0,418.60803727431573,5.217391304347826,436,457,24,0,433,455,110007,3,0,0,3,2
2020-06-08,US,Indiana,Lake,3959,215,0,41.41874274,-87.38277575,18089.0,815.4597491621919,5.430664309168981,3744,3940,211,0,3729,3915,484411,19,4,0,15,25
2020-06-08,US,Indiana,Lawrence,172,24,0,38.84112637,-86.48361629,18093.0,379.1051355521269,13.953488372093025,148,171,24,0,147,171,45668,1,0,0,1,0
2020-06-08,US,Indiana,Madison,605,61,0,40.16143691,-85.71964711,18095.0,466.9326767976908,10.082644628099173,544,603,61,0,542,603,129641,2,0,0,2,0
2020-06-08,US,Indiana,Marion,10358,623,0,39.78163624,-86.13826325,18097.0,1073.8330178253377,6.01467464761537,9735,10326,621,0,9705,10276,954670,32,2,0,30,50
2020-06-08,US,Indiana,Marshall,227,2,0,41.32467367,-86.26185087,18099.0,490.7259284880453,0.8810572687224669,225,214,2,0,212,196,46248,13,0,0,13,18
2020-06-08,US,Indiana,Martin,15,0,0,38.7099921,-86.80373186,18101.0,146.27011214041931,0.0,15,15,0,0,15,14,10217,0,0,0,0,1
2020-06-08,US,Indiana,Miami,151,1,0,40.76940965,-86.04525048,18103.0,425.160491046289,0.6622516556291391,150,150,1,0,149,149,35567,1,0,0,1,1
2020-06-08,US,Indiana,Monroe,176,15,0,39.16130004,-86.52414358,18105.0,118.57361332875207,8.522727272727273,161,174,15,0,159,174,146917,2,0,0,2,0
2020-06-08,US,Indiana,Montgomery,254,18,0,40.04034823,-86.89335024,18107.0,662.5280400646877,7.086614173228346,236,252,18,0,234,252,38346,2,0,0,2,0
2020-06-08,US,Indiana,Morgan,291,28,0,39.47899078,-86.44573375,18109.0,412.830370696137,9.621993127147766,263,290,28,0,262,287,70116,1,0,0,1,3
2020-06-08,US,Indiana,Newton,81,10,0,40.95610449,-87.39635768,18111.0,579.2334096109839,12.345679012345679,71,81,10,0,71,81,14011,0,0,0,0,0
2020-06-08,US,Indiana,Noble,299,22,0,41.39672484,-85.41966713,18113.0,626.2567024128688,7.357859531772577,277,296,22,0,274,286,47532,3,0,0,3,10
2020-06-08,US,Indiana,Ohio,13,0,0,38.955304999999996,-84.96515993,18115.0,221.27659574468086,0.0,13,13,0,0,13,13,5844,0,0,0,0,0
2020-06-08,US,Indiana,Orange,132,23,0,38.54118920000001,-86.49523093,18117.0,671.8924972004478,17.424242424242426,109,132,23,0,109,131,19489,0,0,0,0,1
2020-06-08,US,Indiana,Owen,36,1,0,39.31145587,-86.83900724,18119.0,173.08524448290783,2.7777777777777777,35,36,1,0,35,36,20845,0,0,0,0,0
2020-06-08,US,Indiana,Parke,19,0,0,39.77202286,-87.20375833,18121.0,112.18043337072682,0.0,19,19,0,0,19,18,16927,0,0,0,0,1
2020-06-08,US,Indiana,Perry,44,1,0,38.07809328,-86.63741946,18123.0,229.5372737231989,2.272727272727273,43,42,1,0,41,41,19102,2,0,0,2,1
2020-06-08,US,Indiana,Pike,6,0,0,38.40112197,-87.23574907,18125.0,48.43005892323836,0.0,6,6,0,0,6,6,12410,0,0,0,0,0
2020-06-08,US,Indiana,Porter,574,33,0,41.45986947,-87.06848888,18127.0,336.8762067973872,5.749128919860628,541,571,33,0,538,564,169594,3,0,0,3,7
2020-06-08,US,Indiana,Posey,16,0,0,38.02097333,-87.86480429,18129.0,62.9252369528454,0.0,16,16,0,0,16,16,25540,0,0,0,0,0
2020-06-08,US,Indiana,Pulaski,51,1,0,41.04166107,-86.69890683,18131.0,412.8551768801101,1.96078431372549,50,51,1,0,50,51,12469,0,0,0,0,0
2020-06-08,US,Indiana,Putnam,144,7,0,39.66437981,-86.84517605,18133.0,383.2233340430062,4.861111111111111,137,143,7,0,136,142,37779,1,0,0,1,1
2020-06-08,US,Indiana,Randolph,55,3,0,40.15734772,-85.01139319,18135.0,222.9880397324144,5.454545454545454,52,55,3,0,52,53,24851,0,0,0,0,2
2020-06-08,US,Indiana,Ripley,109,6,0,39.10235626,-85.26212744,18137.0,384.832650755543,5.504587155963303,103,108,6,0,102,108,28523,1,0,0,1,0
2020-06-08,US,Indiana,Rush,49,3,0,39.62002287,-85.4655599,18139.0,295.51896749291365,6.1224489795918355,46,49,3,0,46,49,16663,0,0,0,0,0
2020-06-08,US,Indiana,Scott,129,3,0,38.68672078,-85.74627859,18143.0,540.3594018347087,2.3255813953488373,126,128,3,0,125,128,23878,1,0,0,1,0
2020-06-08,US,Indiana,Shelby,401,22,0,39.52305623,-85.79158570000001,18145.0,896.5100941223815,5.486284289276808,379,398,22,0,376,397,44593,3,0,0,3,1
2020-06-08,US,Indiana,Spencer,22,1,0,38.01519732,-87.0079644,18147.0,108.4973122256744,4.545454545454546,21,22,1,0,21,22,20327,0,0,0,0,0
2020-06-08,US,Indiana,St. Joseph,1418,42,0,41.61756781,-86.29040834,18141.0,521.657236614599,2.9619181946403383,1376,1406,39,0,1367,1377,270771,12,3,0,9,29
2020-06-08,US,Indiana,Starke,46,3,0,41.27890281,-86.64686895,18149.0,200.04348771472058,6.521739130434782,43,46,3,0,43,45,22935,0,0,0,0,1
2020-06-08,US,Indiana,Steuben,95,2,0,41.64423868,-85.00101094,18151.0,274.61409492975656,2.1052631578947367,93,93,2,0,91,90,34586,2,0,0,2,3
2020-06-08,US,Indiana,Sullivan,39,1,0,39.08952258,-87.41414469,18153.0,188.68837389327012,2.5641025641025643,38,38,1,0,37,37,20690,1,0,0,1,1
2020-06-08,US,Indiana,Switzerland,21,0,0,38.82767338,-85.03022429,18155.0,195.33066691470557,0.0,21,21,0,0,21,21,10717,0,0,0,0,0
2020-06-08,US,Indiana,Tippecanoe,456,5,0,40.38872739,-86.89413959,18157.0,232.97161424805347,1.0964912280701755,451,453,5,0,448,441,193048,3,0,0,3,12
2020-06-08,US,Indiana,Tipton,26,1,0,40.31123252,-86.05234925,18159.0,171.6398204383417,3.8461538461538463,25,26,1,0,25,26,15128,0,0,0,0,0
2020-06-08,US,Indiana,Unassigned,0,181,0,0.0,0.0,90018.0,0.0,0.0,-181,0,182,0,-182,0,,0,-1,0,1,0
2020-06-08,US,Indiana,Union,12,0,0,39.62550777,-84.92497066,18161.0,170.1162461015027,0.0,12,12,0,0,12,10,7037,0,0,0,0,2
2020-06-08,US,Indiana,Vanderburgh,303,4,0,38.02658833,-87.58763124,18163.0,166.98723071242375,1.32013201320132,299,301,4,0,297,299,180974,2,0,0,2,2
2020-06-08,US,Indiana,Vermillion,10,0,0,39.8523352,-87.46160542,18165.0,64.5244547683572,0.0,10,10,0,0,10,10,15479,0,0,0,0,0
2020-06-08,US,Indiana,Vigo,196,8,0,39.42944561,-87.39169027,18167.0,183.11253947196323,4.081632653061225,188,194,8,0,186,185,107386,2,0,0,2,9
2020-06-08,US,Indiana,Wabash,84,2,0,40.84704239,-85.79328272,18169.0,271.00271002710025,2.380952380952381,82,83,2,0,81,83,31280,1,0,0,1,0
2020-06-08,US,Indiana,Warren,13,1,0,40.34728141,-87.35602659,18171.0,157.28977616454932,7.6923076923076925,12,13,1,0,12,13,8263,0,0,0,0,0
2020-06-08,US,Indiana,Warrick,167,29,0,38.08922676,-87.2716085,18173.0,265.0877805644624,17.365269461077844,138,167,29,0,138,167,62567,0,0,0,0,0
2020-06-08,US,Indiana,Washington,52,1,0,38.60219804,-86.1049363,18175.0,185.47581680696248,1.9230769230769231,51,51,1,0,50,51,27943,1,0,0,1,0
2020-06-08,US,Indiana,Wayne,90,6,0,39.863344399999995,-85.01044989,18177.0,136.60372776394877,6.666666666666668,84,90,6,0,84,90,65936,0,0,0,0,0
2020-06-08,US,Indiana,Wells,40,0,0,40.72934187,-85.22132966,18179.0,141.3627367825841,0.0,40,39,0,0,39,38,28206,1,0,0,1,1
2020-06-08,US,Indiana,White,243,9,0,40.74911165,-86.86492015,18181.0,1008.2150858849888,3.703703703703704,234,243,9,0,234,243,24133,0,0,0,0,0
2020-06-08,US,Indiana,Whitley,51,3,0,41.13863784,-85.50791236,18183.0,150.15899187374868,5.882352941176472,48,50,3,0,47,48,34074,1,0,0,1,2
2020-06-08,US,Iowa,Adair,9,0,0,41.33075609,-94.47105874,19001.0,125.83892617449663,0.0,9,9,0,0,9,9,7063,0,0,0,0,0
2020-06-08,US,Iowa,Adams,7,0,0,41.02903567,-94.69932645,19003.0,194.3364797334814,0.0,7,7,0,0,7,7,3645,0,0,0,0,0
2020-06-08,US,Iowa,Allamakee,120,4,0,43.28383218,-91.37860922,19005.0,876.7443559582084,3.333333333333333,116,120,4,0,116,120,13832,0,0,0,0,0
2020-06-08,US,Iowa,Appanoose,16,3,0,40.74324454,-92.86865906,19007.0,128.76227265411234,18.75,13,17,3,0,14,17,12437,-1,0,0,-1,0
2020-06-08,US,Iowa,Audubon,13,1,0,41.6844628,-94.90581859,19009.0,236.53566229985444,7.6923076923076925,12,13,1,0,12,13,5506,0,0,0,0,0
2020-06-08,US,Iowa,Benton,45,1,0,42.08011739,-92.06463573,19011.0,175.47280171573402,2.2222222222222223,44,44,1,0,43,43,25642,1,0,0,1,1
2020-06-08,US,Iowa,Black Hawk,1801,51,0,42.4704581,-92.30524729,19013.0,1372.4205200109732,2.8317601332593005,1750,1794,50,0,1744,1789,132408,7,1,0,6,5
2020-06-08,US,Iowa,Boone,78,0,0,42.03657094,-93.9313999,19015.0,297.3240832507433,0.0,78,77,0,0,77,72,26346,1,0,0,1,5
2020-06-08,US,Iowa,Bremer,74,6,0,42.77461496,-92.31795937,19017.0,295.26773601468363,8.108108108108109,68,72,6,0,66,71,24947,2,0,0,2,1
2020-06-08,US,Iowa,Buchanan,34,1,0,42.4709188,-91.83510825,19019.0,160.56670602125146,2.9411764705882355,33,34,1,0,33,34,21199,0,0,0,0,0
2020-06-08,US,Iowa,Buena Vista,1212,3,0,42.73545875,-95.15100162,19021.0,6177.37003058104,0.2475247524752475,1209,1142,2,0,1140,1112,19874,70,1,0,69,30
2020-06-08,US,Iowa,Butler,16,1,0,42.73172833,-92.79015971,19023.0,110.81099799155065,6.25,15,16,1,0,15,16,14539,0,0,0,0,0
2020-06-08,US,Iowa,Calhoun,13,0,0,42.38521079,-94.64046046,19025.0,134.46421183285065,0.0,13,14,0,0,14,11,9699,-1,0,0,-1,3
2020-06-08,US,Iowa,Carroll,17,1,0,42.03617207,-94.86032705,19027.0,84.30448797421275,5.882352941176472,16,17,1,0,16,16,20154,0,0,0,0,1
2020-06-08,US,Iowa,Cass,13,0,0,41.33149454,-94.92792482,19029.0,101.27765659083826,0.0,13,13,0,0,13,13,12930,0,0,0,0,0
2020-06-08,US,Iowa,Cedar,53,1,0,41.77233777,-91.13246684,19031.0,284.53320448810865,1.8867924528301887,52,50,1,0,49,50,18627,3,0,0,3,0
2020-06-08,US,Iowa,Cerro Gordo,32,1,0,43.08177563,-93.2612239,19033.0,75.38280329799764,3.125,31,34,1,0,33,34,42647,-2,0,0,-2,0
2020-06-08,US,Iowa,Cherokee,45,0,0,42.73538914,-95.62389402,19035.0,400.5340453938585,0.0,45,46,0,0,46,46,11321,-1,0,0,-1,0
2020-06-08,US,Iowa,Chickasaw,15,0,0,43.06001295,-92.31773347,19037.0,125.70183524679459,0.0,15,13,0,0,13,13,11964,2,0,0,2,0
2020-06-08,US,Iowa,Clarke,75,1,0,41.02868181,-93.78499767,19039.0,798.2969664715274,1.3333333333333333,74,75,1,0,74,71,9423,0,0,0,0,4
2020-06-08,US,Iowa,Clay,34,0,0,43.08247182,-95.15096481,19041.0,212.28771228771228,0.0,34,34,0,0,34,29,16134,0,0,0,0,5
2020-06-08,US,Iowa,Clayton,34,3,0,42.84443388,-91.34133693,19043.0,193.74323323266282,8.823529411764708,31,34,3,0,31,34,17556,0,0,0,0,0
2020-06-08,US,Iowa,Clinton,67,1,0,41.89981633,-90.53275096,19045.0,144.30636024898232,1.492537313432836,66,65,1,0,64,65,46518,2,0,0,2,0
2020-06-08,US,Iowa,Crawford,575,2,0,42.03718237,-95.3819718,19047.0,3418.5493460166467,0.3478260869565217,573,573,2,0,571,567,17158,2,0,0,2,6
2020-06-08,US,Iowa,Dallas,961,26,0,41.68560356,-94.04127625,19049.0,1028.3243983606733,2.705515088449532,935,959,26,0,933,957,90180,2,0,0,2,2
2020-06-08,US,Iowa,Davis,29,1,0,40.74773536,-92.41005468,19051.0,322.22222222222223,3.4482758620689653,28,28,0,0,28,28,9017,1,1,0,0,0
2020-06-08,US,Iowa,Decatur,3,0,0,40.73742757,-93.78645949,19053.0,38.11944091486657,0.0,3,2,0,0,2,2,7890,1,0,0,1,0
2020-06-08,US,Iowa,Delaware,20,1,0,42.47104597,-91.3664492,19055.0,117.57098348127684,5.0,19,19,1,0,18,19,17069,1,0,0,1,0
2020-06-08,US,Iowa,Des Moines,68,2,0,40.92012606,-91.18326592,19057.0,174.50663381835912,2.9411764705882355,66,70,2,0,68,68,39138,-2,0,0,-2,2
2020-06-08,US,Iowa,Dickinson,60,0,0,43.37787725,-95.1510206,19059.0,347.66485108355545,0.0,60,51,0,0,51,41,17153,9,0,0,9,10
2020-06-08,US,Iowa,Dubuque,367,21,0,42.46815349,-90.88181925,19061.0,377.1413303737502,5.722070844686647,346,364,21,0,343,362,96854,3,0,0,3,2
2020-06-08,US,Iowa,Emmet,32,0,0,43.37782951,-94.67858943,19063.0,347.5238922675934,0.0,32,31,0,0,31,28,9253,1,0,0,1,3
2020-06-08,US,Iowa,Fayette,28,0,0,42.86271799,-91.84412309999999,19065.0,142.4936386768448,0.0,28,28,0,0,28,27,19660,0,0,0,0,1
2020-06-08,US,Iowa,Floyd,19,1,0,43.06000529999999,-92.78940097,19067.0,121.4678429868303,5.2631578947368425,18,19,1,0,18,19,15761,0,0,0,0,0
2020-06-08,US,Iowa,Franklin,32,0,0,42.73270384,-93.26256925,19069.0,317.7755710029791,0.0,32,30,0,0,30,25,10124,2,0,0,2,5
2020-06-08,US,Iowa,Fremont,4,0,0,40.74542720000001,-95.60129045,19071.0,57.4712643678161,0.0,4,4,0,0,4,4,6993,0,0,0,0,0
2020-06-08,US,Iowa,Greene,14,0,0,42.03614551,-94.39658081,19073.0,157.5157515751575,0.0,14,14,0,0,14,15,8981,0,0,0,0,-1
2020-06-08,US,Iowa,Grundy,20,0,0,42.40183723,-92.78829551,19075.0,163.50555918901242,0.0,20,19,0,0,19,19,12304,1,0,0,1,0
2020-06-08,US,Iowa,Guthrie,55,3,0,41.68378965,-94.50111014,19077.0,514.5476658246796,5.454545454545454,52,55,3,0,52,55,10720,0,0,0,0,0
2020-06-08,US,Iowa,Hamilton,82,0,0,42.38382428,-93.70197703,19079.0,555.0666756921411,0.0,82,83,0,0,83,81,14952,-1,0,0,-1,2
2020-06-08,US,Iowa,Hancock,22,0,0,43.08178477,-93.73454884,19081.0,206.96142991533398,0.0,22,22,0,0,22,18,10712,0,0,0,0,4
2020-06-08,US,Iowa,Hardin,33,0,0,42.38353877,-93.23654611,19083.0,195.89219992876647,0.0,33,32,0,0,32,30,16868,1,0,0,1,2
2020-06-08,US,Iowa,Harrison,27,0,0,41.68330137,-95.81558439,19085.0,192.18449711723252,0.0,27,26,0,0,26,26,14134,1,0,0,1,0
2020-06-08,US,Iowa,Henry,73,2,0,40.98767962,-91.54436349,19087.0,365.8414353011928,2.7397260273972597,71,74,2,0,72,74,20067,-1,0,0,-1,0
2020-06-08,US,Iowa,Howard,12,0,0,43.35671042,-92.31702714,19089.0,131.03297663245252,0.0,12,12,0,0,12,12,9187,0,0,0,0,0
2020-06-08,US,Iowa,Humboldt,23,1,0,42.7764426,-94.20722537,19091.0,240.63611634233104,4.3478260869565215,22,20,1,0,19,20,9547,3,0,0,3,0
2020-06-08,US,Iowa,Ida,15,0,0,42.38696136,-95.51355387,19093.0,218.65889212827992,0.0,15,15,0,0,15,15,6841,0,0,0,0,0
2020-06-08,US,Iowa,Iowa,33,0,0,41.68630265,-92.0643373,19095.0,203.90509144834405,0.0,33,33,0,0,33,33,16141,0,0,0,0,0
2020-06-08,US,Iowa,Jackson,14,0,0,42.17178824,-90.57354837,19097.0,72.02016564638099,0.0,14,14,0,0,14,14,19432,0,0,0,0,0
2020-06-08,US,Iowa,Jasper,273,17,0,41.68576082,-93.05567785,19099.0,734.1670028237191,6.227106227106228,256,274,17,0,257,269,37147,-1,0,0,-1,5
2020-06-08,US,Iowa,Jefferson,38,0,0,41.03192394,-91.94849466,19101.0,207.70702377698825,0.0,38,36,0,0,36,36,18381,2,0,0,2,0
2020-06-08,US,Iowa,Johnson,625,8,0,41.67169354,-91.58754744,19103.0,413.52388513960574,1.28,617,626,8,0,618,624,151260,-1,0,0,-1,2
2020-06-08,US,Iowa,Jones,37,0,0,42.12118609,-91.13139641,19105.0,178.90817658720562,0.0,37,37,0,0,37,37,20744,0,0,0,0,0
2020-06-08,US,Iowa,Keokuk,15,0,0,41.33649833,-92.1785067,19107.0,146.3985945734921,0.0,15,15,0,0,15,15,10225,0,0,0,0,0
2020-06-08,US,Iowa,Kossuth,16,0,0,43.20405458,-94.20691791,19109.0,108.01323162087357,0.0,16,16,0,0,16,16,14908,0,0,0,0,0
2020-06-08,US,Iowa,Lee,31,0,0,40.64181461,-91.48183025,19111.0,92.10565409870159,0.0,31,31,0,0,31,30,34055,0,0,0,0,1
2020-06-08,US,Iowa,Linn,994,80,0,42.07923082,-91.59809485,19113.0,438.45332721674765,8.048289738430583,914,985,80,0,905,981,225909,9,0,0,9,4
2020-06-08,US,Iowa,Louisa,350,11,0,41.21842119,-91.26102611,19115.0,3171.7263253284996,3.1428571428571432,339,350,11,0,339,350,11169,0,0,0,0,0
2020-06-08,US,Iowa,Lucas,22,2,0,41.02958964,-93.32780803,19117.0,255.81395348837208,9.090909090909092,20,22,2,0,20,22,8645,0,0,0,0,0
2020-06-08,US,Iowa,Lyon,26,0,0,43.38107862,-96.20926845,19119.0,221.18247554232238,0.0,26,26,0,0,26,25,11811,0,0,0,0,1
2020-06-08,US,Iowa,Madison,29,2,0,41.33081904,-94.01554631,19121.0,177.50030603501042,6.896551724137932,27,29,2,0,27,29,16249,0,0,0,0,0
2020-06-08,US,Iowa,Mahaska,102,14,0,41.33521503,-92.64083907,19123.0,461.64290563475896,13.725490196078429,88,100,13,0,87,99,22000,2,1,0,1,1
2020-06-08,US,Iowa,Marion,36,0,0,41.33445101,-93.09934783,19125.0,108.26090879018436,0.0,36,35,0,0,35,35,33407,1,0,0,1,0
2020-06-08,US,Iowa,Marshall,928,18,0,42.03586837,-92.99908190000001,19127.0,2357.18458685768,1.9396551724137927,910,924,18,0,906,919,39981,4,0,0,4,5
2020-06-08,US,Iowa,Mills,21,0,0,41.03299766,-95.61920963,19129.0,138.99000595671455,0.0,21,20,0,0,20,20,15063,1,0,0,1,0
2020-06-08,US,Iowa,Mitchell,4,0,0,43.35638371,-92.78887719,19131.0,37.78575477045154,0.0,4,4,0,0,4,4,10569,0,0,0,0,0
2020-06-08,US,Iowa,Monona,27,0,0,42.05220391,-95.95743843,19133.0,313.40684852002323,0.0,27,27,0,0,27,27,8679,0,0,0,0,0
2020-06-08,US,Iowa,Monroe,44,6,0,41.02988815,-92.8690667,19135.0,570.9095627351758,13.636363636363635,38,43,6,0,37,43,7790,1,0,0,1,0
2020-06-08,US,Iowa,Montgomery,9,2,0,41.03018714,-95.15642896,19137.0,90.7532519915297,22.222222222222218,7,9,2,0,7,9,10003,0,0,0,0,0
2020-06-08,US,Iowa,Muscatine,566,41,0,41.48370744,-91.11216970000001,19139.0,1326.6454153384586,7.24381625441696,525,566,41,0,525,568,42929,0,0,0,0,-2
2020-06-08,US,Iowa,O'Brien,54,0,0,43.08310673,-95.62474482,19141.0,392.64160546789793,0.0,54,50,0,0,50,46,13840,4,0,0,4,4
2020-06-08,US,Iowa,Osceola,41,0,0,43.37824276,-95.62422844,19143.0,688.1503860355824,0.0,41,38,0,0,38,37,6040,3,0,0,3,1
2020-06-08,US,Iowa,Page,16,0,0,40.7393172,-95.1497813,19145.0,105.9111670086715,0.0,16,16,0,0,16,16,15249,0,0,0,0,0
2020-06-08,US,Iowa,Palo Alto,8,0,0,43.08193849,-94.67824621,19147.0,90.02925950934053,0.0,8,7,0,0,7,7,8929,1,0,0,1,0
2020-06-08,US,Iowa,Plymouth,169,4,0,42.737633,-96.21366621,19149.0,671.2475672240537,2.366863905325444,165,163,2,0,161,155,25095,6,2,0,4,8
2020-06-08,US,Iowa,Pocahontas,21,0,0,42.73420133,-94.67862564,19151.0,317.26846955733487,0.0,21,20,0,0,20,20,6740,1,0,0,1,0
2020-06-08,US,Iowa,Polk,4820,146,0,41.68679484,-93.57767461,19153.0,983.3503685523737,3.029045643153527,4674,4741,143,0,4598,4679,487204,79,3,0,76,62
2020-06-08,US,Iowa,Pottawattamie,372,10,0,41.33640314,-95.53907776,19155.0,399.1159367422698,2.6881720430107525,362,343,10,0,333,341,93533,29,0,0,29,2
2020-06-08,US,Iowa,Poweshiek,94,8,0,41.68625425,-92.53155731,19157.0,507.998270644185,8.51063829787234,86,93,8,0,85,92,18699,1,0,0,1,1
2020-06-08,US,Iowa,Ringgold,4,0,0,40.73518949,-94.24368535,19159.0,81.73273395995095,0.0,4,4,0,0,4,4,4968,0,0,0,0,0
2020-06-08,US,Iowa,Sac,31,0,0,42.38624071,-95.10547892,19161.0,318.89723279497986,0.0,31,30,0,0,30,30,9719,1,0,0,1,0
2020-06-08,US,Iowa,Scott,393,10,0,41.63935978,-90.61959493,19163.0,227.24250186477627,2.544529262086514,383,387,10,0,377,384,173283,6,0,0,6,3
2020-06-08,US,Iowa,Shelby,39,0,0,41.6850066,-95.31015553,19165.0,340.4924044002095,0.0,39,38,0,0,38,38,11578,1,0,0,1,0
2020-06-08,US,Iowa,Sioux,321,0,0,43.08221074,-96.17675679999999,19167.0,920.9582556304692,0.0,321,319,0,0,319,311,34909,2,0,0,2,8
2020-06-08,US,Iowa,Story,155,2,0,42.03621213,-93.46499005,19169.0,159.60130564164876,1.2903225806451613,153,149,1,0,148,143,98105,6,1,0,5,6
2020-06-08,US,Iowa,Tama,417,29,0,42.07991767,-92.53266945,19171.0,2474.190103239587,6.954436450839329,388,415,29,0,386,413,16904,2,0,0,2,2
2020-06-08,US,Iowa,Taylor,68,0,0,40.73710579,-94.69778563,19173.0,1110.9295866688446,0.0,68,67,0,0,67,66,6191,1,0,0,1,1
2020-06-08,US,Iowa,Unassigned,4,0,0,0.0,0.0,90019.0,0.0,0.0,4,4,0,0,4,9,,0,0,0,0,-5
2020-06-08,US,Iowa,Union,11,0,0,41.0277278,-94.24234847,19175.0,89.86193938403727,0.0,11,11,0,0,11,10,12359,0,0,0,0,1
2020-06-08,US,Iowa,Van Buren,10,0,0,40.75326764,-91.95017958,19177.0,141.96479273140258,0.0,10,10,0,0,10,9,7020,0,0,0,0,1
2020-06-08,US,Iowa,Wapello,654,20,0,41.03064984,-92.40954728,19179.0,1870.2279161543079,3.058103975535168,634,643,18,0,625,641,35205,11,2,0,9,2
2020-06-08,US,Iowa,Warren,173,1,0,41.33559454,-93.56007641,19181.0,336.14425057319403,0.5780346820809249,172,174,1,0,173,173,51056,-1,0,0,-1,1
2020-06-08,US,Iowa,Washington,200,9,0,41.33577126,-91.71725711,19183.0,910.5394946505804,4.5,191,200,9,0,191,199,22141,0,0,0,0,1
2020-06-08,US,Iowa,Wayne,2,0,0,40.73969028,-93.32752197,19185.0,31.051079024996124,0.0,2,2,0,0,2,2,6401,0,0,0,0,0
2020-06-08,US,Iowa,Webster,82,1,0,42.42853483,-94.17987389,19187.0,228.38680926916217,1.2195121951219512,81,81,1,0,80,78,36277,1,0,0,1,3
2020-06-08,US,Iowa,Winnebago,12,0,0,43.37751174,-93.73407298,19189.0,115.89723778249952,0.0,12,11,0,0,11,11,10518,1,0,0,1,0
2020-06-08,US,Iowa,Winneshiek,24,0,0,43.29094334,-91.84422722,19191.0,120.05402431093992,0.0,24,24,0,0,24,24,20029,0,0,0,0,0
2020-06-08,US,Iowa,Woodbury,2927,37,0,42.38979414,-96.0459439,19193.0,2838.798529682757,1.2640929279125384,2890,2915,37,0,2878,2900,102539,12,0,0,12,15
2020-06-08,US,Iowa,Worth,4,0,0,43.37750768,-93.26087602,19195.0,54.19319875355643,0.0,4,3,0,0,3,3,7453,1,0,0,1,0
2020-06-08,US,Iowa,Wright,244,0,0,42.73305373,-93.73515113,19197.0,1942.365865308072,0.0,244,242,0,0,242,235,12690,2,0,0,2,7
2020-06-08,US,Kansas,Allen,1,0,0,37.88582951,-95.30030847,20001.0,8.084727948904519,0.0,1,1,0,0,1,1,12444,0,0,0,0,0
2020-06-08,US,Kansas,Anderson,1,0,0,38.21413251,-95.29272815,20003.0,12.725884448969204,0.0,1,1,0,0,1,1,7878,0,0,0,0,0
2020-06-08,US,Kansas,Atchison,24,0,0,39.53185661,-95.30870026,20005.0,149.3187332794127,0.0,24,23,0,0,23,23,16193,1,0,0,1,0
2020-06-08,US,Kansas,Barber,1,0,0,37.2288586,-98.68460053,20007.0,22.588660492432798,0.0,1,1,0,0,1,1,4472,0,0,0,0,0
2020-06-08,US,Kansas,Barton,46,2,0,38.47889676,-98.75636726,20009.0,178.4398153535824,4.3478260869565215,44,45,2,0,43,44,26111,1,0,0,1,1
2020-06-08,US,Kansas,Bourbon,8,1,0,37.85508555,-94.84865997,20011.0,55.04334663547544,12.5,7,8,1,0,7,8,14653,0,0,0,0,0
2020-06-08,US,Kansas,Brown,9,0,0,39.82652589,-95.56421698,20013.0,94.10288582183188,0.0,9,9,0,0,9,7,9598,0,0,0,0,2
2020-06-08,US,Kansas,Butler,37,0,0,37.78134351,-96.83878537,20015.0,55.2973352662492,0.0,37,37,0,0,37,37,66765,0,0,0,0,0
2020-06-08,US,Kansas,Chase,3,0,0,38.30292938,-96.59563862,20017.0,113.2930513595166,0.0,3,4,0,0,4,4,2629,-1,0,0,-1,0
2020-06-08,US,Kansas,Chautauqua,4,0,0,37.14994405,-96.2454192,20019.0,123.07692307692308,0.0,4,4,0,0,4,4,3309,0,0,0,0,0
2020-06-08,US,Kansas,Cherokee,10,0,0,37.16928494,-94.8462897,20021.0,50.15296654797132,0.0,10,10,0,0,10,10,20015,0,0,0,0,0
2020-06-08,US,Kansas,Cheyenne,2,0,0,39.78580976,-101.7318201,20023.0,75.27286413248024,0.0,2,2,0,0,2,2,2660,0,0,0,0,0
2020-06-08,US,Kansas,Clark,33,1,0,37.23577007,-99.81883015,20025.0,1654.964894684052,3.0303030303030303,32,33,1,0,32,33,2005,0,0,0,0,0
2020-06-08,US,Kansas,Clay,5,2,0,39.34948772,-97.16518128,20027.0,62.48437890527367,40.0,3,5,2,0,3,5,7997,0,0,0,0,0
2020-06-08,US,Kansas,Cloud,5,0,0,39.48028352,-97.64925343,20029.0,56.908718415661276,0.0,5,5,0,0,5,5,8729,0,0,0,0,0
2020-06-08,US,Kansas,Coffey,52,8,0,38.2365018,-95.73379515,20031.0,635.7745445653503,15.384615384615385,44,51,8,0,43,51,8233,1,0,0,1,0
2020-06-08,US,Kansas,Comanche,2,0,0,37.19114520000001,-99.27113247,20033.0,117.64705882352942,0.0,2,2,0,0,2,2,1748,0,0,0,0,0
2020-06-08,US,Kansas,Cowley,26,1,0,37.23781842,-96.83776647,20035.0,74.48149421336082,3.8461538461538463,25,25,1,0,24,17,35218,1,0,0,1,8
2020-06-08,US,Kansas,Crawford,8,1,0,37.50675523,-94.85245778,20037.0,20.608995826678342,12.5,7,8,1,0,7,8,39019,0,0,0,0,0
2020-06-08,US,Kansas,Dickinson,5,0,0,38.86600962,-97.15532383,20041.0,27.07678977580418,0.0,5,5,0,0,5,5,18717,0,0,0,0,0
2020-06-08,US,Kansas,Doniphan,20,0,0,39.79067154,-95.14056866,20043.0,263.1578947368421,0.0,20,18,0,0,18,18,7682,2,0,0,2,0
2020-06-08,US,Kansas,Douglas,74,0,0,38.88503636,-95.2925121,20045.0,60.52724134828521,0.0,74,70,0,0,70,70,121436,4,0,0,4,0
2020-06-08,US,Kansas,Edwards,5,0,0,37.88735543,-99.31263309,20047.0,178.69907076483204,0.0,5,5,0,0,5,5,2849,0,0,0,0,0
2020-06-08,US,Kansas,Ellis,10,0,0,38.91458712,-99.31751551,20051.0,35.02258957027283,0.0,10,10,0,0,10,10,28710,0,0,0,0,0
2020-06-08,US,Kansas,Ellsworth,2,0,0,38.69677695,-98.20462799,20053.0,32.77613897082924,0.0,2,2,0,0,2,2,6196,0,0,0,0,0
2020-06-08,US,Kansas,Finney,1536,10,0,38.04340344,-100.73819379999999,20055.0,4212.027312364604,0.6510416666666666,1526,1526,10,0,1516,1526,36611,10,0,0,10,0
2020-06-08,US,Kansas,Ford,1840,8,0,37.69200114,-99.88825298,20057.0,5473.0955709569,0.43478260869565216,1832,1819,8,0,1811,1819,33888,21,0,0,21,0
2020-06-08,US,Kansas,Franklin,38,0,0,38.56443815,-95.28644341,20059.0,148.76291888506108,0.0,38,35,0,0,35,35,25631,3,0,0,3,0
2020-06-08,US,Kansas,Geary,26,1,0,38.99871131,-96.7577178,20061.0,82.09662140827281,3.8461538461538463,25,26,1,0,25,26,32594,0,0,0,0,0
2020-06-08,US,Kansas,Gove,1,0,0,38.91588178,-100.4829321,20063.0,37.93626707132018,0.0,1,1,0,0,1,1,2612,0,0,0,0,0
2020-06-08,US,Kansas,Grant,18,1,0,37.56227336,-101.3079758,20067.0,251.74825174825176,5.5555555555555545,17,18,1,0,17,18,7336,0,0,0,0,0
2020-06-08,US,Kansas,Gray,23,0,0,37.73836671,-100.4369088,20069.0,384.1015364061456,0.0,23,23,0,0,23,23,6033,0,0,0,0,0
2020-06-08,US,Kansas,Greenwood,9,0,0,37.8774388,-96.23250453,20073.0,150.45135406218657,0.0,9,9,0,0,9,9,6055,0,0,0,0,0
2020-06-08,US,Kansas,Hamilton,23,0,0,37.99978709,-101.7921066,20075.0,905.8684521465144,0.0,23,20,0,0,20,20,2607,3,0,0,3,0
2020-06-08,US,Kansas,Harper,2,0,0,37.19175361,-98.07578384,20077.0,36.79175864606328,0.0,2,2,0,0,2,2,5506,0,0,0,0,0
2020-06-08,US,Kansas,Harvey,11,0,0,38.04293782,-97.42747573,20079.0,31.949809753405557,0.0,11,11,0,0,11,11,34210,0,0,0,0,0
2020-06-08,US,Kansas,Haskell,22,0,0,37.562039399999996,-100.8710738,20081.0,554.4354838709677,0.0,22,22,0,0,22,22,3997,0,0,0,0,0
2020-06-08,US,Kansas,Hodgeman,6,0,0,38.08780079,-99.89829881,20083.0,334.4481605351171,0.0,6,5,0,0,5,5,1818,1,0,0,1,0
2020-06-08,US,Kansas,Jackson,103,1,0,39.41673394,-95.79356799,20085.0,782.0211069774506,0.9708737864077671,102,102,1,0,101,102,13280,1,0,0,1,0
2020-06-08,US,Kansas,Jefferson,23,0,0,39.2347941,-95.38289232,20087.0,120.77928897757708,0.0,23,22,0,0,22,22,18975,1,0,0,1,0
2020-06-08,US,Kansas,Jewell,4,0,0,39.78470589,-98.21820662,20089.0,138.9371309482459,0.0,4,4,0,0,4,4,2841,0,0,0,0,0
2020-06-08,US,Kansas,Johnson,948,71,0,38.88548175,-94.82250877,20091.0,157.37025668948093,7.489451476793248,877,940,69,0,871,931,597555,8,2,0,6,9
2020-06-08,US,Kansas,Kearny,46,1,0,38.00017981,-101.32168100000001,20093.0,1198.540906722251,2.1739130434782608,45,45,1,0,44,45,3943,1,0,0,1,0
2020-06-08,US,Kansas,Kiowa,3,0,0,37.55848695,-99.2856537,20097.0,121.21212121212122,0.0,3,3,0,0,3,3,2516,0,0,0,0,0
2020-06-08,US,Kansas,Labette,26,0,0,37.19113093,-95.29849679,20099.0,132.53134876134166,0.0,26,22,0,0,22,22,19964,4,0,0,4,0
2020-06-08,US,Kansas,Lane,4,0,0,38.48119447,-100.46607540000001,20101.0,260.58631921824104,0.0,4,4,0,0,4,4,1560,0,0,0,0,0
2020-06-08,US,Kansas,Leavenworth,1103,7,0,39.20183497,-95.03620809,20103.0,1349.1034516499915,0.6346328195829556,1096,1100,7,0,1093,1100,81352,3,0,0,3,0
2020-06-08,US,Kansas,Linn,11,0,0,38.21267844,-94.84254089,20107.0,113.36699989693909,0.0,11,11,0,0,11,11,9750,0,0,0,0,0
2020-06-08,US,Kansas,Lyon,400,6,0,38.45576156,-96.15275715,20111.0,1205.0007531254707,1.5,394,387,6,0,381,387,33406,13,0,0,13,0
2020-06-08,US,Kansas,Marion,5,1,0,38.35855394,-97.09852509999999,20115.0,42.07337596768765,20.0,4,5,1,0,4,5,11950,0,0,0,0,0
2020-06-08,US,Kansas,McPherson,33,0,0,38.39184858,-97.64769869,20113.0,115.61908766029009,0.0,33,33,0,0,33,33,28537,0,0,0,0,0
2020-06-08,US,Kansas,Meade,30,0,0,37.23859987,-100.36483100000001,20119.0,743.86312918423,0.0,30,30,0,0,30,30,4146,0,0,0,0,0
2020-06-08,US,Kansas,Miami,7,0,0,38.56383358,-94.83832189,20121.0,20.445716622367613,0.0,7,7,0,0,7,7,33680,0,0,0,0,0
2020-06-08,US,Kansas,Mitchell,4,0,0,39.39331582,-98.20906732,20123.0,66.9008195350393,0.0,4,4,0,0,4,4,6150,0,0,0,0,0
2020-06-08,US,Kansas,Montgomery,20,2,0,37.19236568,-95.74329258,20125.0,62.835778692387436,10.0,18,20,2,0,18,20,32120,0,0,0,0,0
2020-06-08,US,Kansas,Morris,5,0,0,38.68827511,-96.65128437,20127.0,88.96797153024912,0.0,5,5,0,0,5,5,5521,0,0,0,0,0
2020-06-08,US,Kansas,Morton,6,1,0,37.19141121,-101.79925190000002,20129.0,231.92887514495555,16.666666666666668,5,6,1,0,5,6,2667,0,0,0,0,0
2020-06-08,US,Kansas,Nemaha,19,0,0,39.78345387,-96.01392079,20131.0,185.7100967647346,0.0,19,19,0,0,19,19,10155,0,0,0,0,0
2020-06-08,US,Kansas,Neosho,3,0,0,37.55862897,-95.30670046,20133.0,18.741800462297746,0.0,3,3,0,0,3,2,15951,0,0,0,0,1
2020-06-08,US,Kansas,Ness,4,0,0,38.47974157,-99.91547333,20135.0,145.45454545454547,0.0,4,4,0,0,4,4,2840,0,0,0,0,0
2020-06-08,US,Kansas,Norton,2,0,0,39.78443827,-99.90286639,20137.0,37.30647267300878,0.0,2,2,0,0,2,2,5430,0,0,0,0,0
2020-06-08,US,Kansas,Osage,9,0,0,38.65235984,-95.72707998,20139.0,56.42987021129851,0.0,9,9,0,0,9,9,15941,0,0,0,0,0
2020-06-08,US,Kansas,Osborne,2,0,0,39.3503437,-98.76753828,20141.0,58.46243788365975,0.0,2,2,0,0,2,2,3475,0,0,0,0,0
2020-06-08,US,Kansas,Ottawa,4,0,0,39.13237408,-97.65020313,20143.0,70.12622720897616,0.0,4,4,0,0,4,4,5802,0,0,0,0,0
2020-06-08,US,Kansas,Pawnee,4,0,0,38.18108732,-99.23692334,20145.0,62.363579669473026,0.0,4,2,0,0,2,2,6562,2,0,0,2,0
2020-06-08,US,Kansas,Phillips,2,0,0,39.78465501,-99.34668865,20147.0,38.211692777990066,0.0,2,2,0,0,2,2,5317,0,0,0,0,0
2020-06-08,US,Kansas,Pottawatomie,27,0,0,39.37925655,-96.34564657,20149.0,110.73288766763727,0.0,27,27,0,0,27,27,24277,0,0,0,0,0
2020-06-08,US,Kansas,Pratt,2,0,0,37.64780729,-98.73922153,20151.0,21.824530772588393,0.0,2,2,0,0,2,2,9378,0,0,0,0,0
2020-06-08,US,Kansas,Reno,46,0,0,37.95230263,-98.08607292,20155.0,74.19594180457435,0.0,46,45,0,0,45,45,62342,1,0,0,1,0
2020-06-08,US,Kansas,Republic,4,0,0,39.82799632,-97.65036709,20157.0,86.28127696289906,0.0,4,4,0,0,4,4,4664,0,0,0,0,0
2020-06-08,US,Kansas,Rice,4,0,0,38.34616184,-98.19992118,20159.0,41.94191045402118,0.0,4,4,0,0,4,4,9531,0,0,0,0,0
2020-06-08,US,Kansas,Riley,71,1,0,39.28935726,-96.73420026,20161.0,95.64608255199914,1.4084507042253518,70,68,1,0,67,68,73703,3,0,0,3,0
2020-06-08,US,Kansas,Rooks,6,0,0,39.35022773,-99.32484567,20163.0,121.95121951219512,0.0,6,7,0,0,7,7,5013,-1,0,0,-1,0
2020-06-08,US,Kansas,Saline,26,2,0,38.78369175,-97.65185177,20169.0,47.94924756565359,7.6923076923076925,24,25,2,0,23,25,54401,1,0,0,1,0
2020-06-08,US,Kansas,Scott,15,0,0,38.48222076,-100.90665390000001,20171.0,311.0097449720091,0.0,15,14,0,0,14,14,4897,1,0,0,1,0
2020-06-08,US,Kansas,Sedgwick,660,22,0,37.6842718,-97.4608198,20173.0,127.89656655853594,3.333333333333333,638,654,21,0,633,640,513607,6,1,0,5,14
2020-06-08,US,Kansas,Seward,900,2,0,37.19324632,-100.85072009999999,20175.0,4200.112002986746,0.2222222222222222,898,891,2,0,889,891,21780,9,0,0,9,0
2020-06-08,US,Kansas,Shawnee,384,7,0,39.04100763,-95.75572640000001,20177.0,217.1024734982332,1.8229166666666667,377,372,7,0,365,372,177499,12,0,0,12,0
2020-06-08,US,Kansas,Sheridan,2,0,0,39.35018161,-100.44182590000001,20179.0,79.33359777865927,0.0,2,2,0,0,2,2,2533,0,0,0,0,0
2020-06-08,US,Kansas,Sherman,7,0,0,39.35147699,-101.71976240000001,20181.0,118.30319418624303,0.0,7,7,0,0,7,7,5899,0,0,0,0,0
2020-06-08,US,Kansas,Smith,2,0,0,39.78516566,-98.78566062,20183.0,55.81914596706671,0.0,2,2,0,0,2,2,3603,0,0,0,0,0
2020-06-08,US,Kansas,Stafford,1,0,0,38.03100851,-98.71762001,20185.0,24.06159769008662,0.0,1,1,0,0,1,1,4178,0,0,0,0,0
2020-06-08,US,Kansas,Stanton,10,0,0,37.56304714,-101.78435340000001,20187.0,498.5044865403789,0.0,10,10,0,0,10,10,1987,0,0,0,0,0
2020-06-08,US,Kansas,Stevens,30,0,0,37.1923008,-101.3118967,20189.0,546.9462169553327,0.0,30,30,0,0,30,30,5559,0,0,0,0,0
2020-06-08,US,Kansas,Sumner,8,1,0,37.23682549,-97.47721621,20191.0,35.032404974601505,12.5,7,8,1,0,7,8,22996,0,0,0,0,0
2020-06-08,US,Kansas,Trego,1,0,0,38.91467218,-99.87284448,20195.0,35.676061362825536,0.0,1,1,0,0,1,1,2793,0,0,0,0,0
2020-06-08,US,Kansas,Wabaunsee,31,0,0,38.95471985,-96.20350509,20197.0,447.2659067955562,0.0,31,31,0,0,31,31,6899,0,0,0,0,0
2020-06-08,US,Kansas,Wilson,1,0,0,37.55937174,-95.74323255,20205.0,11.730205278592374,0.0,1,1,0,0,1,1,8665,0,0,0,0,0
2020-06-08,US,Kansas,Woodson,6,0,0,37.8865336,-95.74006277,20207.0,191.20458891013385,0.0,6,6,0,0,6,6,3183,0,0,0,0,0
2020-06-08,US,Kansas,Wyandotte,1522,75,0,39.11727348,-94.76378225,20209.0,920.0321588113327,4.9277266754270705,1447,1496,75,0,1421,1486,165324,26,0,0,26,10
2020-06-08,US,Kentucky,Adair,98,19,0,37.10459774,-85.28129668,21001.0,510.3635038016872,19.387755102040817,79,99,19,0,80,99,19215,-1,0,0,-1,0
2020-06-08,US,Kentucky,Allen,105,3,0,36.75197631,-86.19457544,21003.0,492.61083743842363,2.8571428571428568,102,102,3,0,99,102,21122,3,0,0,3,0
2020-06-08,US,Kentucky,Anderson,25,1,0,38.00671029,-84.99171713,21005.0,109.90460280476546,4.0,24,25,1,0,24,25,22663,0,0,0,0,0
2020-06-08,US,Kentucky,Ballard,13,0,0,37.05842757,-88.99427697,21007.0,164.80730223123732,0.0,13,13,0,0,13,13,7979,0,0,0,0,0
2020-06-08,US,Kentucky,Barren,55,1,0,36.96469836,-85.93338945,21009.0,124.29659427331691,1.818181818181818,54,53,1,0,52,53,44176,2,0,0,2,0
2020-06-08,US,Kentucky,Bath,9,1,0,38.14735938,-83.74588932,21011.0,72.0,11.111111111111109,8,9,1,0,8,9,12383,0,0,0,0,0
2020-06-08,US,Kentucky,Bell,2,0,0,36.73355174,-83.67766671,21013.0,7.682851874615857,0.0,2,2,0,0,2,2,26569,0,0,0,0,0
2020-06-08,US,Kentucky,Boone,522,18,0,38.97065142,-84.72615357,21015.0,390.7741370404474,3.4482758620689653,504,516,18,0,498,516,131533,6,0,0,6,0
2020-06-08,US,Kentucky,Bourbon,16,1,0,38.2054607,-84.21827874,21017.0,80.85708510208207,6.25,15,14,1,0,13,14,20184,2,0,0,2,0
2020-06-08,US,Kentucky,Boyd,42,3,0,38.36176608,-82.68652187,21019.0,89.90110878034163,7.142857142857142,39,42,3,0,39,42,47240,0,0,0,0,0
2020-06-08,US,Kentucky,Boyle,28,0,0,37.62680923,-84.8633779,21021.0,93.14703925482368,0.0,28,28,0,0,28,28,30100,0,0,0,0,0
2020-06-08,US,Kentucky,Bracken,14,0,0,38.69158994,-84.08532444,21023.0,168.61375406479587,0.0,14,14,0,0,14,14,8239,0,0,0,0,0
2020-06-08,US,Kentucky,Breathitt,3,0,0,37.52333168,-83.31959161,21025.0,23.752969121140147,0.0,3,3,0,0,3,3,12726,0,0,0,0,0
2020-06-08,US,Kentucky,Breckinridge,19,2,0,37.77377239,-86.42885017,21027.0,92.78702935000244,10.526315789473683,17,19,2,0,17,19,20388,0,0,0,0,0
2020-06-08,US,Kentucky,Bullitt,121,4,0,37.97162523,-85.68955617,21029.0,148.14633429648856,3.3057851239669422,117,121,4,0,117,121,81069,0,0,0,0,0
2020-06-08,US,Kentucky,Butler,238,13,0,37.20946153,-86.68748787,21031.0,1847.9695628542588,5.46218487394958,225,237,13,0,224,237,12772,1,0,0,1,0
2020-06-08,US,Kentucky,Caldwell,12,0,0,37.14749129,-87.86948214,21033.0,94.13979759943516,0.0,12,12,0,0,12,12,12715,0,0,0,0,0
2020-06-08,US,Kentucky,Calloway,55,1,0,36.62093411,-88.2731593,21035.0,141.0220250762801,1.818181818181818,54,55,1,0,54,55,39135,0,0,0,0,0
2020-06-08,US,Kentucky,Campbell,198,12,0,38.94384345,-84.37875208,21037.0,211.5746281415627,6.0606060606060606,186,196,12,0,184,196,93152,2,0,0,2,0
2020-06-08,US,Kentucky,Carlisle,5,1,0,36.85372876,-88.96692220000001,21039.0,105.04201680672269,20.0,4,5,1,0,4,5,4771,0,0,0,0,0
2020-06-08,US,Kentucky,Carroll,15,0,0,38.66599534,-85.12601074,21041.0,141.09679239958612,0.0,15,15,0,0,15,15,10737,0,0,0,0,0
2020-06-08,US,Kentucky,Carter,17,0,0,38.31690743,-83.05092385,21043.0,63.4399373064149,0.0,17,17,0,0,17,17,27004,0,0,0,0,0
2020-06-08,US,Kentucky,Casey,8,0,0,37.32533118,-84.92726209,21045.0,49.50801410978402,0.0,8,8,0,0,8,8,15888,0,0,0,0,0
2020-06-08,US,Kentucky,Christian,127,3,0,36.89267803,-87.49055367,21047.0,180.2415520642625,2.3622047244094486,124,127,3,0,124,127,71671,0,0,0,0,0
2020-06-08,US,Kentucky,Clark,59,0,0,37.9689263,-84.14615986,21049.0,162.70027300554284,0.0,59,58,0,0,58,58,36249,1,0,0,1,0
2020-06-08,US,Kentucky,Clay,10,2,0,37.16451126,-83.712575,21051.0,50.248731219536715,20.0,8,8,2,0,6,8,20105,2,0,0,2,0
2020-06-08,US,Kentucky,Clinton,5,0,0,36.72581156,-85.13377529,21053.0,48.933255040125275,0.0,5,5,0,0,5,5,10206,0,0,0,0,0
2020-06-08,US,Kentucky,Crittenden,7,1,0,37.35839237,-88.08826090000002,21055.0,79.4912559618442,14.285714285714285,6,7,1,0,6,7,8915,0,0,0,0,0
2020-06-08,US,Kentucky,Cumberland,5,0,0,36.78926125,-85.39050034,21057.0,75.59721802237678,0.0,5,5,0,0,5,5,6659,0,0,0,0,0
2020-06-08,US,Kentucky,Daviess,342,8,0,37.73028906,-87.09019479999998,21059.0,336.90930046989985,2.3391812865497075,334,340,7,0,333,340,101104,2,1,0,1,0
2020-06-08,US,Kentucky,Edmonson,60,11,0,37.21218923,-86.23955613,21061.0,493.8271604938272,18.33333333333333,49,58,11,0,47,58,12274,2,0,0,2,0
2020-06-08,US,Kentucky,Elliott,1,0,0,38.11624059,-83.09771563,21063.0,13.303179459890915,0.0,1,1,0,0,1,1,7508,0,0,0,0,0
2020-06-08,US,Kentucky,Estill,1,0,0,37.69241417,-83.95956369,21065.0,7.089181908407768,0.0,1,1,0,0,1,1,14198,0,0,0,0,0
2020-06-08,US,Kentucky,Fayette,902,14,0,38.0368225,-84.45576892,21067.0,279.1256127147596,1.5521064301552103,888,854,14,0,840,854,323780,48,0,0,48,0
2020-06-08,US,Kentucky,Fleming,2,0,0,38.36758311,-83.69657514,21069.0,13.716480351141893,0.0,2,2,0,0,2,2,14432,0,0,0,0,0
2020-06-08,US,Kentucky,Floyd,17,0,0,37.56213922,-82.74750924,21071.0,47.767568630756685,0.0,17,17,0,0,17,17,35845,0,0,0,0,0
2020-06-08,US,Kentucky,Franklin,81,2,0,38.2379395,-84.87962551,21073.0,158.85156204036002,2.469135802469136,79,77,2,0,75,77,50815,4,0,0,4,0
2020-06-08,US,Kentucky,Fulton,12,0,0,36.55238827,-89.20140068,21075.0,201.03869994974036,0.0,12,11,0,0,11,11,6120,1,0,0,1,0
2020-06-08,US,Kentucky,Gallatin,46,5,0,38.75398691,-84.8558382,21077.0,518.6605028751832,10.869565217391305,41,46,5,0,41,46,8832,0,0,0,0,0
2020-06-08,US,Kentucky,Garrard,5,0,0,37.638866799999995,-84.53289319,21079.0,28.302954828484093,0.0,5,5,0,0,5,5,17560,0,0,0,0,0
2020-06-08,US,Kentucky,Grant,51,4,0,38.64962758,-84.62415957,21081.0,203.4385097131916,7.84313725490196,47,47,4,0,43,47,25121,4,0,0,4,0
2020-06-08,US,Kentucky,Graves,166,20,0,36.72292505,-88.65143315,21083.0,445.4462512746203,12.048192771084338,146,166,20,0,146,166,37317,0,0,0,0,0
2020-06-08,US,Kentucky,Grayson,135,10,0,37.46231118,-86.34248968,21085.0,510.8411851515496,7.407407407407407,125,135,10,0,125,135,26321,0,0,0,0,0
2020-06-08,US,Kentucky,Green,2,0,0,37.26484328,-85.5540745,21087.0,18.279864729001005,0.0,2,2,0,0,2,2,11049,0,0,0,0,0
2020-06-08,US,Kentucky,Greenup,14,0,0,38.54332505,-82.9215658,21089.0,39.88831272437176,0.0,14,14,0,0,14,14,35268,0,0,0,0,0
2020-06-08,US,Kentucky,Hancock,7,0,0,37.83766422,-86.78280584,21091.0,80.25682182985555,0.0,7,7,0,0,7,7,8758,0,0,0,0,0
2020-06-08,US,Kentucky,Hardin,119,3,0,37.6976111,-85.96319251,21093.0,107.24778745110764,2.5210084033613445,116,120,2,0,118,120,110356,-1,1,0,-2,0
2020-06-08,US,Kentucky,Harlan,8,0,0,36.85699301,-83.21899516,21095.0,30.75740099961553,0.0,8,4,0,0,4,4,26409,4,0,0,4,0
2020-06-08,US,Kentucky,Harrison,28,0,0,38.44188174,-84.32869741,21097.0,148.25796886582654,0.0,28,28,0,0,28,28,18778,0,0,0,0,0
2020-06-08,US,Kentucky,Hart,27,0,0,37.29943898,-85.88461055,21099.0,141.8439716312057,0.0,27,27,0,0,27,27,18906,0,0,0,0,0
2020-06-08,US,Kentucky,Henderson,119,3,0,37.79344553,-87.57392021,21101.0,263.21610263216104,2.5210084033613445,116,119,3,0,116,119,45591,0,0,0,0,0
2020-06-08,US,Kentucky,Henry,24,0,0,38.44942688,-85.11587507,21103.0,148.82797966017608,0.0,24,24,0,0,24,24,16106,0,0,0,0,0
2020-06-08,US,Kentucky,Hickman,5,0,0,36.67948079999999,-88.97875928,21105.0,114.15525114155253,0.0,5,5,0,0,5,5,4421,0,0,0,0,0
2020-06-08,US,Kentucky,Hopkins,224,31,0,37.30939025,-87.54670406,21107.0,501.27556729176916,13.839285714285715,193,224,31,0,193,224,45068,0,0,0,0,0
2020-06-08,US,Kentucky,Jackson,61,13,0,37.41866422,-83.99825483,21109.0,457.6487358391477,21.311475409836067,48,61,13,0,48,61,13442,0,0,0,0,0
2020-06-08,US,Kentucky,Jefferson,3104,169,0,38.18664655,-85.65931031,21111.0,404.82186664093064,5.444587628865979,2935,3043,169,0,2874,3043,770517,61,0,0,61,0
2020-06-08,US,Kentucky,Jessamine,73,0,0,37.87119786,-84.58252003,21113.0,134.89790261480178,0.0,73,73,0,0,73,73,53920,0,0,0,0,0
2020-06-08,US,Kentucky,Johnson,5,0,0,37.85106355,-82.8264322,21115.0,22.534703443302693,0.0,5,5,0,0,5,5,22386,0,0,0,0,0
2020-06-08,US,Kentucky,Kenton,680,35,0,38.93950319,-84.53241199,21117.0,407.1905052755123,5.147058823529412,645,671,35,0,636,671,166051,9,0,0,9,0
2020-06-08,US,Kentucky,Knott,4,0,0,37.35388197,-82.94981134,21119.0,27.016074564365802,0.0,4,4,0,0,4,4,15126,0,0,0,0,0
2020-06-08,US,Kentucky,Knox,10,0,0,36.89225732,-83.85403396,21121.0,32.10788248515011,0.0,10,10,0,0,10,10,31304,0,0,0,0,0
2020-06-08,US,Kentucky,Larue,11,0,0,37.54567114,-85.70138352,21123.0,76.3994999305459,0.0,11,11,0,0,11,11,14307,0,0,0,0,0
2020-06-08,US,Kentucky,Laurel,22,2,0,37.10975748,-84.11321779,21125.0,36.17647542466249,9.090909090909092,20,21,2,0,19,21,60669,1,0,0,1,0
2020-06-08,US,Kentucky,Lawrence,5,0,0,38.07136018,-82.72882223,21127.0,32.64346804204479,0.0,5,5,0,0,5,5,15571,0,0,0,0,0
2020-06-08,US,Kentucky,Lee,1,0,0,37.59645942,-83.71513901,21129.0,13.508037282182901,0.0,1,1,0,0,1,1,7033,0,0,0,0,0
2020-06-08,US,Kentucky,Leslie,6,0,0,37.09246661,-83.37999606,21131.0,60.74719044244203,0.0,6,6,0,0,6,6,10143,0,0,0,0,0
2020-06-08,US,Kentucky,Letcher,3,0,0,37.12306748,-82.85346474,21133.0,13.919175984781699,0.0,3,3,0,0,3,3,21899,0,0,0,0,0
2020-06-08,US,Kentucky,Lewis,7,0,0,38.53184419,-83.37735618,21135.0,52.730696798493405,0.0,7,7,0,0,7,7,13257,0,0,0,0,0
2020-06-08,US,Kentucky,Lincoln,11,1,0,37.45475628,-84.6565327,21137.0,44.80834249867612,9.090909090909092,10,11,1,0,10,11,24644,0,0,0,0,0
2020-06-08,US,Kentucky,Livingston,9,0,0,37.21137452,-88.34797529,21139.0,97.88992821405265,0.0,9,9,0,0,9,9,9242,0,0,0,0,0
2020-06-08,US,Kentucky,Logan,170,5,0,36.85949479,-86.877635,21141.0,627.2599808132243,2.9411764705882355,165,168,5,0,163,168,26989,2,0,0,2,0
2020-06-08,US,Kentucky,Lyon,17,3,0,37.02080035,-88.07886257,21143.0,207.06455542021928,17.647058823529417,14,17,3,0,14,17,8009,0,0,0,0,0
2020-06-08,US,Kentucky,Madison,61,1,0,37.71659336,-84.27220275,21151.0,65.60056782130836,1.639344262295082,60,59,1,0,58,59,92368,2,0,0,2,0
2020-06-08,US,Kentucky,Magoffin,2,0,0,37.70820545,-83.0657714,21153.0,16.446015952635474,0.0,2,2,0,0,2,2,12362,0,0,0,0,0
2020-06-08,US,Kentucky,Marion,34,0,0,37.55218078,-85.26898542,21155.0,176.41259793493492,0.0,34,34,0,0,34,34,19404,0,0,0,0,0
2020-06-08,US,Kentucky,Marshall,37,2,0,36.88007070000001,-88.32803576,21157.0,118.97106109324758,5.405405405405406,35,37,2,0,35,37,31191,0,0,0,0,0
2020-06-08,US,Kentucky,Martin,3,0,0,37.79990579,-82.51247478,21159.0,26.797677534613662,0.0,3,3,0,0,3,3,11323,0,0,0,0,0
2020-06-08,US,Kentucky,Mason,13,0,0,38.59471935,-83.82151043,21161.0,76.15700058582308,0.0,13,12,0,0,12,12,17150,1,0,0,1,0
2020-06-08,US,Kentucky,McCracken,112,2,0,37.05350953,-88.70445755,21145.0,171.20670151945947,1.7857142857142858,110,112,2,0,110,112,65346,0,0,0,0,0
2020-06-08,US,Kentucky,McCreary,13,0,0,36.73874143,-84.48102924,21147.0,75.44541814172132,0.0,13,13,0,0,13,13,17408,0,0,0,0,0
2020-06-08,US,Kentucky,McLean,22,1,0,37.5301951,-87.26803443,21149.0,238.94862604540023,4.545454545454546,21,22,1,0,21,22,9252,0,0,0,0,0
2020-06-08,US,Kentucky,Meade,23,2,0,37.96163597,-86.21028219,21163.0,80.49839003219934,8.695652173913043,21,23,2,0,21,23,28715,0,0,0,0,0
2020-06-08,US,Kentucky,Menifee,10,0,0,37.94090733,-83.59985712,21165.0,154.10695022345507,0.0,10,10,0,0,10,10,6451,0,0,0,0,0
2020-06-08,US,Kentucky,Mercer,15,0,0,37.81474237,-84.87488475,21167.0,68.3900971139379,0.0,15,15,0,0,15,15,21774,0,0,0,0,0
2020-06-08,US,Kentucky,Metcalfe,7,2,0,36.99459295,-85.63123699,21169.0,69.50650382285771,28.57142857142857,5,7,2,0,5,7,10030,0,0,0,0,0
2020-06-08,US,Kentucky,Monroe,27,0,0,36.71225341,-85.71596443,21171.0,253.5211267605634,0.0,27,25,0,0,25,25,10718,2,0,0,2,0
2020-06-08,US,Kentucky,Montgomery,30,0,0,38.03253032,-83.9145241,21173.0,106.54544163085556,0.0,30,30,0,0,30,30,28203,0,0,0,0,0
2020-06-08,US,Kentucky,Morgan,3,0,0,37.92465657,-83.25558245,21175.0,22.541137576076334,0.0,3,3,0,0,3,3,13345,0,0,0,0,0
2020-06-08,US,Kentucky,Muhlenberg,486,8,0,37.21425819,-87.14632053,21177.0,1587.0942459669516,1.6460905349794241,478,485,8,0,477,485,30774,1,0,0,1,0
2020-06-08,US,Kentucky,Nelson,45,1,0,37.80335779,-85.4657193,21179.0,97.33307377846992,2.2222222222222223,44,45,1,0,44,45,45851,0,0,0,0,0
2020-06-08,US,Kentucky,Nicholas,4,0,0,38.33342292,-84.01889177,21181.0,55.02820195350117,0.0,4,4,0,0,4,4,7166,0,0,0,0,0
2020-06-08,US,Kentucky,Ohio,155,0,0,37.47751843,-86.85368087,21183.0,645.9948320413438,0.0,155,151,0,0,151,151,24087,4,0,0,4,0
2020-06-08,US,Kentucky,Oldham,111,5,0,38.39791089,-85.448222,21185.0,166.1701522477881,4.504504504504505,106,109,5,0,104,109,66470,2,0,0,2,0
2020-06-08,US,Kentucky,Owen,3,0,0,38.51679143,-84.82404619,21187.0,27.520410971470515,0.0,3,3,0,0,3,3,10880,0,0,0,0,0
2020-06-08,US,Kentucky,Owsley,2,0,0,37.42823949,-83.68811419,21189.0,45.30011325028314,0.0,2,2,0,0,2,2,4472,0,0,0,0,0
2020-06-08,US,Kentucky,Pendleton,14,0,0,38.69607718,-84.35599463,21191.0,95.95613433858809,0.0,14,14,0,0,14,14,14529,0,0,0,0,0
2020-06-08,US,Kentucky,Perry,22,0,0,37.25023553,-83.22922731,21193.0,85.41035794704557,0.0,22,22,0,0,22,22,26092,0,0,0,0,0
2020-06-08,US,Kentucky,Pike,36,2,0,37.47088263,-82.39487445,21195.0,62.201948994401825,5.5555555555555545,34,36,2,0,34,36,58402,0,0,0,0,0
2020-06-08,US,Kentucky,Powell,1,0,0,37.83218794,-83.82553961,21197.0,8.091269520187717,0.0,1,1,0,0,1,1,12442,0,0,0,0,0
2020-06-08,US,Kentucky,Pulaski,65,2,0,37.10466131,-84.57629079,21199.0,100.03231813355083,3.0769230769230766,63,65,2,0,63,65,64623,0,0,0,0,0
2020-06-08,US,Kentucky,Rockcastle,13,0,0,37.36642393,-84.31176452,21203.0,77.86762503743634,0.0,13,13,0,0,13,13,16750,0,0,0,0,0
2020-06-08,US,Kentucky,Rowan,8,0,0,38.19484205,-83.42088935,21205.0,32.70645952575634,0.0,8,8,0,0,8,8,24583,0,0,0,0,0
2020-06-08,US,Kentucky,Russell,30,4,0,36.99308373,-85.06070117,21207.0,167.3826926295821,13.333333333333336,26,30,4,0,26,30,17821,0,0,0,0,0
2020-06-08,US,Kentucky,Scott,38,0,0,38.29622293,-84.5816631,21209.0,66.66198863237668,0.0,38,37,0,0,37,37,56031,1,0,0,1,0
2020-06-08,US,Kentucky,Shelby,219,5,0,38.21476019,-85.194223,21211.0,446.71997389033936,2.2831050228310503,214,216,5,0,211,216,48518,3,0,0,3,0
2020-06-08,US,Kentucky,Simpson,54,3,0,36.74058474,-86.58047435,21213.0,290.7602842989447,5.5555555555555545,51,54,3,0,51,54,18529,0,0,0,0,0
2020-06-08,US,Kentucky,Spencer,25,0,0,38.03223971,-85.32749335,21215.0,129.19228980414448,0.0,25,25,0,0,25,25,18794,0,0,0,0,0
2020-06-08,US,Kentucky,Taylor,14,1,0,37.3677562,-85.3329931,21217.0,54.328844735923006,7.142857142857142,13,13,1,0,12,13,25549,1,0,0,1,0
2020-06-08,US,Kentucky,Todd,23,0,0,36.8381152,-87.17878374,21219.0,187.0831299821051,0.0,23,23,0,0,23,23,12311,0,0,0,0,0
2020-06-08,US,Kentucky,Trigg,11,0,0,36.80767017,-87.87333656,21221.0,75.08019930380179,0.0,11,11,0,0,11,11,14643,0,0,0,0,0
2020-06-08,US,Kentucky,Trimble,6,0,0,38.61056487,-85.33775972,21223.0,70.82989021367017,0.0,6,6,0,0,6,6,8515,0,0,0,0,0
2020-06-08,US,Kentucky,Unassigned,7,0,0,0.0,0.0,90021.0,0.0,0.0,7,7,0,0,7,7,,0,0,0,0,0
2020-06-08,US,Kentucky,Union,15,0,0,37.66166713,-87.94300009,21225.0,104.30429038314443,0.0,15,15,0,0,15,15,14505,0,0,0,0,0
2020-06-08,US,Kentucky,Warren,1127,6,0,36.99903045,-86.42672751,21227.0,848.0315434625572,0.5323868677905945,1121,1112,6,0,1106,1112,131264,15,0,0,15,0
2020-06-08,US,Kentucky,Washington,8,0,0,37.75599461,-85.17407732,21229.0,66.14303431169904,0.0,8,8,0,0,8,8,12084,0,0,0,0,0
2020-06-08,US,Kentucky,Wayne,9,0,0,36.80310688,-84.8251971,21231.0,44.26302070525746,0.0,9,9,0,0,9,9,20468,0,0,0,0,0
2020-06-08,US,Kentucky,Webster,34,0,0,37.52168356,-87.67989953,21233.0,262.71055478287747,0.0,34,34,0,0,34,34,13111,0,0,0,0,0
2020-06-08,US,Kentucky,Whitley,13,0,0,36.75700531,-84.14541217,21235.0,35.848224134127506,0.0,13,13,0,0,13,13,36242,0,0,0,0,0
2020-06-08,US,Kentucky,Wolfe,1,0,0,37.73941626,-83.49303612,21237.0,13.972334777141258,0.0,1,1,0,0,1,1,7177,0,0,0,0,0
2020-06-08,US,Kentucky,Woodford,35,0,0,38.04178222,-84.7417556,21239.0,130.91942844318098,0.0,35,33,0,0,33,33,26533,2,0,0,2,0
2020-06-08,US,Louisiana,Acadia,513,29,0,30.295064899999996,-92.41419698,22001.0,826.8192440970264,5.6530214424951275,484,502,28,0,474,500,62190,11,1,0,10,2
2020-06-08,US,Louisiana,Allen,188,10,0,30.65385745,-92.82442028,22003.0,733.6012799001054,5.319148936170213,178,186,10,0,176,186,25605,2,0,0,2,0
2020-06-08,US,Louisiana,Ascension,889,58,0,30.20406249,-90.91328409999998,22005.0,702.1895042810654,6.524184476940382,831,882,58,0,824,876,124672,7,0,0,7,6
2020-06-08,US,Louisiana,Assumption,257,13,0,29.89946234,-91.06461642,22007.0,1173.9984468503035,5.058365758754863,244,257,13,0,244,254,22300,0,0,0,0,3
2020-06-08,US,Louisiana,Avoyelles,165,9,0,31.07796211,-92.00079449,22009.0,411.02032682343565,5.454545454545454,156,161,9,0,152,155,40462,4,0,0,4,6
2020-06-08,US,Louisiana,Beauregard,106,4,0,30.64836518,-93.34173616,22011.0,282.68928180921137,3.7735849056603774,102,101,4,0,97,102,37253,5,0,0,5,-1
2020-06-08,US,Louisiana,Bienville,154,23,0,32.34569994,-93.05398492,22013.0,1163.0541499886715,14.935064935064936,131,153,23,0,130,152,13308,1,0,0,1,1
2020-06-08,US,Louisiana,Bossier,464,26,0,32.67932307,-93.60460152,22015.0,365.24216972740646,5.603448275862068,438,463,26,0,437,453,127185,1,0,0,1,10
2020-06-08,US,Louisiana,Caddo,2737,206,0,32.57991587,-93.88375652,22017.0,1139.4481357512782,7.526488856412129,2531,2731,206,0,2525,2713,242922,6,0,0,6,18
2020-06-08,US,Louisiana,Calcasieu,642,51,0,30.22931235,-93.35400434,22019.0,315.5783637114375,7.94392523364486,591,637,51,0,586,632,203112,5,0,0,5,5
2020-06-08,US,Louisiana,Caldwell,72,1,0,32.0902519,-92.11752148,22021.0,725.9528130671506,1.3888888888888888,71,71,1,0,70,71,9960,1,0,0,1,0
2020-06-08,US,Louisiana,Cameron,9,0,0,29.87592238,-93.19310676,22023.0,129.06926717338305,0.0,9,9,0,0,9,9,6968,0,0,0,0,0
2020-06-08,US,Louisiana,Catahoula,121,3,0,31.66778967,-91.84526385,22025.0,1274.4891510427638,2.479338842975207,118,121,3,0,118,120,9608,0,0,0,0,1
2020-06-08,US,Louisiana,Claiborne,68,10,0,32.82308512,-92.99526883,22027.0,433.95022335673264,14.705882352941178,58,66,10,0,56,66,15944,2,0,0,2,0
2020-06-08,US,Louisiana,Concordia,96,5,0,31.44817835,-91.63814433,22029.0,498.468248611039,5.208333333333333,91,96,5,0,91,96,19572,0,0,0,0,0
2020-06-08,US,Louisiana,De Soto,263,17,0,32.05457447,-93.74130302,22031.0,957.6521137530497,6.4638783269961975,246,262,17,0,245,262,27436,1,0,0,1,0
2020-06-08,US,Louisiana,East Baton Rouge,3963,252,0,30.53842039,-91.09777565,22033.0,900.5610611304393,6.3588190764572285,3711,3949,252,0,3697,3911,440956,14,0,0,14,38
2020-06-08,US,Louisiana,East Carroll,199,0,0,32.73926954,-91.23425694,22035.0,2900.45182917942,0.0,199,195,0,0,195,187,7037,4,0,0,4,8
2020-06-08,US,Louisiana,East Feliciana,201,30,0,30.84425359,-91.04976723,22037.0,1050.431147112621,14.92537313432836,171,201,30,0,171,201,19305,0,0,0,0,0
2020-06-08,US,Louisiana,Evangeline,84,1,0,30.72985248,-92.39915924,22039.0,251.53466087737687,1.1904761904761905,83,84,1,0,83,82,33443,0,0,0,0,2
2020-06-08,US,Louisiana,Franklin,389,12,0,32.13675181,-91.67589857,22041.0,1943.542343242568,3.0848329048843186,377,386,12,0,374,384,20156,3,0,0,3,2
2020-06-08,US,Louisiana,Grant,46,1,0,31.59882456,-92.56124347,22043.0,205.45803742909462,2.1739130434782608,45,44,1,0,43,36,22482,2,0,0,2,8
2020-06-08,US,Louisiana,Iberia,427,41,0,29.86803617,-91.75871777,22045.0,611.485035085207,9.601873536299763,386,424,41,0,383,424,70941,3,0,0,3,0
2020-06-08,US,Louisiana,Iberville,599,42,0,30.25734305,-91.3499598,22047.0,1842.453323490511,7.011686143572621,557,596,42,0,554,593,32721,3,0,0,3,3
2020-06-08,US,Louisiana,Jackson,133,15,0,32.30251776,-92.55692092,22049.0,844.7662601626016,11.278195488721805,118,131,15,0,116,130,15902,2,0,0,2,1
2020-06-08,US,Louisiana,Jefferson,7885,462,0,29.74075478,-90.11115756,22051.0,1823.1508949277795,5.859226379201014,7423,7862,459,0,7403,7831,434051,23,3,0,20,31
2020-06-08,US,Louisiana,Jefferson Davis,93,7,0,30.26896765,-92.81210004,22053.0,296.4804896710023,7.526881720430107,86,91,7,0,84,89,31582,2,0,0,2,2
2020-06-08,US,Louisiana,LaSalle,63,0,0,31.67884782,-92.15907765,22059.0,423.0459307010476,0.0,63,61,0,0,61,59,14917,2,0,0,2,2
2020-06-08,US,Louisiana,Lafayette,897,30,0,30.2049055,-92.06959876,22055.0,367.03629444739965,3.3444816053511706,867,880,29,0,851,866,242782,17,1,0,16,14
2020-06-08,US,Louisiana,Lafourche,909,75,0,29.52470226,-90.40976986,22057.0,931.218882537341,8.250825082508253,834,902,75,0,827,896,98115,7,0,0,7,6
2020-06-08,US,Louisiana,Lincoln,175,17,0,32.6003154,-92.66597409999999,22061.0,374.39561850156184,9.714285714285714,158,173,17,0,156,169,47196,2,0,0,2,4
2020-06-08,US,Louisiana,Livingston,468,31,0,30.44143993,-90.73061664,22063.0,332.4123333499066,6.623931623931624,437,464,31,0,433,460,139567,4,0,0,4,4
2020-06-08,US,Louisiana,Madison,214,2,0,32.36918118,-91.23973355,22065.0,1954.1594374942927,0.9345794392523364,212,209,2,0,207,199,11161,5,0,0,5,10
2020-06-08,US,Louisiana,Morehouse,134,5,0,32.81686191,-91.80421614,22067.0,538.7151242260994,3.7313432835820897,129,133,5,0,128,133,25398,1,0,0,1,0
2020-06-08,US,Louisiana,Natchitoches,177,13,0,31.72321584,-93.09816516,22069.0,463.8607893495467,7.344632768361581,164,177,13,0,164,175,38659,0,0,0,0,2
2020-06-08,US,Louisiana,Orleans,7237,512,0,30.06971951,-89.92660315,22071.0,1854.9561187664042,7.074754732624014,6725,7230,512,0,6718,7222,391006,7,0,0,7,8
2020-06-08,US,Louisiana,Ouachita,1500,54,0,32.47645559,-92.15704172,22073.0,978.6076370539996,3.6,1446,1470,54,0,1416,1432,154475,30,0,0,30,38
2020-06-08,US,Louisiana,Plaquemines,218,17,0,29.42245447,-89.60322085,22075.0,939.7766952623184,7.798165137614678,201,218,17,0,201,218,23410,0,0,0,0,0
2020-06-08,US,Louisiana,Pointe Coupee,214,25,0,30.71409502,-91.60209535,22077.0,984.8136217211228,11.682242990654204,189,213,25,0,188,212,21940,1,0,0,1,1
2020-06-08,US,Louisiana,Rapides,975,38,0,31.19778499,-92.52997303,22079.0,752.0362828582007,3.897435897435898,937,957,38,0,919,926,130562,18,0,0,18,31
2020-06-08,US,Louisiana,Red River,51,7,0,32.09530039,-93.34213308,22081.0,604.1222459132908,13.725490196078429,44,51,7,0,44,51,8477,0,0,0,0,0
2020-06-08,US,Louisiana,Richland,156,3,0,32.41391005,-91.76634876,22083.0,775.2708478282477,1.9230769230769231,153,153,3,0,150,149,20192,3,0,0,3,4
2020-06-08,US,Louisiana,Sabine,51,0,0,31.56388699,-93.55433981,22085.0,213.5320716797856,0.0,51,51,0,0,51,51,24032,0,0,0,0,0
2020-06-08,US,Louisiana,St. Bernard,555,23,0,29.87761636,-89.51887093,22087.0,1174.752349504699,4.144144144144144,532,552,23,0,529,549,46721,3,0,0,3,3
2020-06-08,US,Louisiana,St. Charles,649,45,0,29.90709658,-90.35555967,22089.0,1222.2222222222224,6.933744221879815,604,649,45,0,604,649,52879,0,0,0,0,0
2020-06-08,US,Louisiana,St. Helena,55,1,0,30.82210324,-90.71013176,22091.0,542.8345834978287,1.818181818181818,54,55,1,0,54,55,10262,0,0,0,0,0
2020-06-08,US,Louisiana,St. James,304,27,0,30.02531716,-90.80212061,22093.0,1441.031475161168,8.881578947368421,277,304,27,0,277,304,21037,0,0,0,0,0
2020-06-08,US,Louisiana,St. John the Baptist,877,84,0,30.12597499,-90.4753503,22095.0,2047.2955622475895,9.578107183580387,793,877,84,0,793,875,43184,0,0,0,0,2
2020-06-08,US,Louisiana,St. Landry,311,54,0,30.59724262,-92.00135806,22097.0,378.6956309970289,17.363344051446944,257,309,54,0,255,309,82764,2,0,0,2,0
2020-06-08,US,Louisiana,St. Martin,288,24,0,30.13112107,-91.61403569,22099.0,539.0129325672361,8.333333333333334,264,286,24,0,262,285,53621,2,0,0,2,1
2020-06-08,US,Louisiana,St. Mary,339,32,0,29.69262097,-91.44702164,22101.0,686.9579314257924,9.43952802359882,307,339,32,0,307,337,49774,0,0,0,0,2
2020-06-08,US,Louisiana,St. Tammany,1849,166,0,30.40942847,-89.95642711,22103.0,710.0096383136407,8.97782585181179,1683,1846,165,0,1681,1837,258111,3,1,0,2,9
2020-06-08,US,Louisiana,Tangipahoa,944,39,0,30.62888673,-90.40664996,22105.0,700.5149972543375,4.13135593220339,905,944,39,0,905,935,133777,0,0,0,0,9
2020-06-08,US,Louisiana,Tensas,21,0,0,32.00760749,-91.32915234,22107.0,484.5408398707891,0.0,21,21,0,0,21,21,4462,0,0,0,0,0
2020-06-08,US,Louisiana,Terrebonne,748,55,0,29.37343766,-90.82626855,22109.0,677.1620753025953,7.352941176470589,693,744,55,0,689,738,111021,4,0,0,4,6
2020-06-08,US,Louisiana,Unassigned,120,113,0,0.0,0.0,90022.0,0.0,94.16666666666669,7,120,111,0,9,120,,0,2,0,-2,0
2020-06-08,US,Louisiana,Union,349,20,0,32.83121059,-92.3749373,22111.0,1578.6140763524515,5.730659025787967,329,348,20,0,328,344,22330,1,0,0,1,4
2020-06-08,US,Louisiana,Vermilion,61,4,0,29.83517605,-92.30292538,22113.0,102.50205844297692,6.557377049180328,57,61,4,0,57,61,59830,0,0,0,0,0
2020-06-08,US,Louisiana,Vernon,34,3,0,31.10884837,-93.18153838,22115.0,71.68609922199498,8.823529411764708,31,34,3,0,31,33,48860,0,0,0,0,1
2020-06-08,US,Louisiana,Washington,478,42,0,30.85288548,-90.03866652,22117.0,1034.76641988137,8.786610878661088,436,465,42,0,423,462,46582,13,0,0,13,3
2020-06-08,US,Louisiana,Webster,185,8,0,32.70847669,-93.33121835,22119.0,482.5247782994262,4.3243243243243255,177,182,8,0,174,179,38798,3,0,0,3,3
2020-06-08,US,Louisiana,West Baton Rouge,186,31,0,30.46058217,-91.30989571,22121.0,702.8150387303987,16.666666666666668,155,185,31,0,154,183,26427,1,0,0,1,2
2020-06-08,US,Louisiana,West Carroll,86,1,0,32.78550125,-91.461201,22123.0,794.0904893813481,1.162790697674419,85,84,1,0,83,74,10982,2,0,0,2,10
2020-06-08,US,Louisiana,West Feliciana,222,13,0,30.87882871,-91.41485379999999,22125.0,1426.0020554984585,5.855855855855856,209,222,13,0,209,220,15460,0,0,0,0,2
2020-06-08,US,Louisiana,Winn,187,2,0,31.94449367,-92.63789413,22127.0,1344.9367088607594,1.0695187165775402,185,186,2,0,184,183,14134,1,0,0,1,3
2020-06-08,US,Maine,Androscoggin,376,3,0,44.1664747,-70.20380627,23001.0,347.25749697535025,0.7978723404255319,373,367,3,0,364,346,107679,9,0,0,9,21
2020-06-08,US,Maine,Aroostook,10,1,0,46.65926321,-68.59841248,23003.0,14.913131011855938,10.0,9,10,1,0,9,10,67111,0,0,0,0,0
2020-06-08,US,Maine,Cumberland,1311,56,0,43.8370751,-70.37226999,23005.0,444.4022603159968,4.271548436308161,1255,1307,56,0,1251,1290,293557,4,0,0,4,17
2020-06-08,US,Maine,Franklin,36,1,0,44.97330019,-70.44381045,23007.0,119.20924533924965,2.7777777777777777,35,36,1,0,35,36,29897,0,0,0,0,0
2020-06-08,US,Maine,Hancock,12,1,0,44.59816444,-68.38401854,23009.0,21.82334006219652,8.333333333333334,11,12,1,0,11,12,54811,0,0,0,0,0
2020-06-08,US,Maine,Kennebec,131,9,0,44.40759555,-69.76738544,23011.0,107.11190332128665,6.870229007633588,122,130,9,0,121,130,122083,1,0,0,1,0
2020-06-08,US,Maine,Knox,21,1,0,44.11486325,-69.10529169,23013.0,52.800965503369206,4.761904761904762,20,21,1,0,20,21,39771,0,0,0,0,0
2020-06-08,US,Maine,Lincoln,20,0,0,44.05996956,-69.54227124,23015.0,57.746722873476934,0.0,20,20,0,0,20,20,34342,0,0,0,0,0
2020-06-08,US,Maine,Oxford,31,0,0,44.49952995,-70.75682123,23017.0,53.47132384648555,0.0,31,31,0,0,31,32,57618,0,0,0,0,-1
2020-06-08,US,Maine,Penobscot,101,2,0,45.40194593,-68.65020455,23019.0,66.38273260246602,1.98019801980198,99,101,2,0,99,101,151096,0,0,0,0,0
2020-06-08,US,Maine,Piscataquis,1,0,0,45.83839062,-69.2860223,23021.0,5.957700327673518,0.0,1,1,0,0,1,1,16800,0,0,0,0,0
2020-06-08,US,Maine,Sagadahoc,30,0,0,43.95415864,-69.85074999,23023.0,83.66800535475234,0.0,30,30,0,0,30,30,35634,0,0,0,0,0
2020-06-08,US,Maine,Somerset,24,0,0,45.51229767,-69.95995554,23025.0,47.53981459472308,0.0,24,22,0,0,22,22,50592,2,0,0,2,0
2020-06-08,US,Maine,Unassigned,2,0,0,0.0,0.0,90023.0,0.0,0.0,2,2,0,0,2,,,0,0,0,0,
2020-06-08,US,Maine,Waldo,53,14,0,44.4858305,-69.12061935,23027.0,133.450837215158,26.41509433962264,39,52,14,0,38,52,39694,1,0,0,1,0
2020-06-08,US,Maine,Washington,1,0,0,45.01607142,-67.62813524,23029.0,3.1868447050575224,0.0,1,1,0,0,1,1,31490,0,0,0,0,0
2020-06-08,US,Maine,York,428,11,0,43.47808377,-70.71052375,23031.0,206.12499458199486,2.5700934579439254,417,427,11,0,416,420,206229,1,0,0,1,7
2020-06-08,US,Maryland,Allegany,185,16,0,39.62357628,-78.69280486,24001.0,262.72438082254035,8.648648648648651,169,184,16,0,168,184,70975,1,0,0,1,0
2020-06-08,US,Maryland,Anne Arundel,4267,185,0,39.00670238,-76.60329337,24003.0,736.6625577918422,4.335598781345207,4082,4236,185,0,4051,4210,576031,31,0,0,31,26
2020-06-08,US,Maryland,Baltimore,6814,388,0,39.45784712,-76.62911955,24005.0,823.5734919080942,5.694159084238333,6426,6753,386,0,6367,6696,828431,61,2,0,59,57
2020-06-08,US,Maryland,Baltimore City,6296,282,0,39.30211911,-76.61151012,24510.0,1060.8434851471802,4.479034307496823,6014,6229,281,0,5948,6141,621342,67,1,0,66,88
2020-06-08,US,Maryland,Calvert,362,21,0,38.53961642,-76.56820632,24009.0,391.24560929478514,5.801104972375691,341,358,21,0,337,354,92003,4,0,0,4,4
2020-06-08,US,Maryland,Caroline,272,1,0,38.87172293,-75.82904158,24011.0,814.2249895228402,0.36764705882352944,271,272,1,0,271,270,33304,0,0,0,0,2
2020-06-08,US,Maryland,Carroll,954,101,0,39.56453592,-77.02373735,24013.0,566.3502466651231,10.587002096436061,853,952,101,0,851,950,168429,2,0,0,2,2
2020-06-08,US,Maryland,Cecil,408,24,0,39.56647682,-75.94627411,24015.0,396.67493072772345,5.882352941176472,384,404,24,0,380,399,102826,4,0,0,4,5
2020-06-08,US,Maryland,Charles,1211,80,0,38.51092331,-76.98580666,24017.0,741.7752378152237,6.6061106523534265,1131,1202,80,0,1122,1196,161503,9,0,0,9,6
2020-06-08,US,Maryland,Dorchester,156,4,0,38.45413522,-76.02752426,24019.0,488.5840458517336,2.5641025641025643,152,155,4,0,151,154,31998,1,0,0,1,1
2020-06-08,US,Maryland,Frederick,2135,111,0,39.47296601,-77.39999394,24021.0,822.5870458914957,5.1990632318501175,2024,2114,111,0,2003,2100,255648,21,0,0,21,14
2020-06-08,US,Maryland,Garrett,10,0,0,39.52786077,-79.27355126,24023.0,34.46611980423244,0.0,10,10,0,0,10,10,29163,0,0,0,0,0
2020-06-08,US,Maryland,Harford,961,53,0,39.55010644,-76.30775940000002,24025.0,376.2121194326674,5.5150884495317385,908,957,53,0,904,947,253956,4,0,0,4,10
2020-06-08,US,Maryland,Howard,2156,68,0,39.25305293,-76.93126208,24027.0,661.9791826583561,3.1539888682745825,2088,2125,67,0,2058,2094,323196,31,1,0,30,31
2020-06-08,US,Maryland,Kent,187,19,0,39.24976208,-76.04741541,24029.0,962.8256616208424,10.16042780748663,168,187,19,0,168,185,19383,0,0,0,0,2
2020-06-08,US,Maryland,Montgomery,12818,659,0,39.13676329,-77.20358245,24031.0,1219.9625388316988,5.141207676704634,12159,12734,656,0,12078,12624,1052567,84,3,0,81,110
2020-06-08,US,Maryland,Prince George's,16523,602,0,38.83070039,-76.8496441,24033.0,1817.058110008831,3.6434061611087576,15921,16434,598,0,15836,16316,909308,89,4,0,85,118
2020-06-08,US,Maryland,Queen Anne's,177,12,0,39.06198912,-76.03530977,24035.0,351.3229193545185,6.779661016949151,165,170,12,0,158,168,50251,7,0,0,7,2
2020-06-08,US,Maryland,Somerset,77,4,0,38.1163542,-75.75118623,24039.0,300.5933791380387,5.194805194805196,73,76,4,0,72,76,25675,1,0,0,1,0
2020-06-08,US,Maryland,St. Mary's,553,34,0,38.30058422,-76.60629279999998,24037.0,487.18174610166506,6.1482820976491865,519,553,34,0,519,548,112664,0,0,0,0,5
2020-06-08,US,Maryland,Talbot,108,4,0,38.76618159,-76.10882561,24041.0,290.4709394583254,3.703703703703704,104,108,4,0,104,108,36968,0,0,0,0,0
2020-06-08,US,Maryland,Unassigned,0,44,0,0.0,0.0,90024.0,0.0,0.0,-44,0,28,0,-28,0,,0,16,0,-16,0
2020-06-08,US,Maryland,Washington,551,16,0,39.60835778,-77.82002295,24043.0,364.7822891909248,2.9038112522686026,535,548,16,0,532,545,150926,3,0,0,3,3
2020-06-08,US,Maryland,Wicomico,984,32,0,38.37301947,-75.62705831,24045.0,949.7244447876151,3.2520325203252027,952,977,32,0,945,975,103195,7,0,0,7,2
2020-06-08,US,Maryland,Worcester,239,16,0,38.21274277,-75.33200012,24047.0,457.1887673119596,6.694560669456067,223,235,16,0,219,232,51823,4,0,0,4,3
2020-06-08,US,Massachusetts,Barnstable,1458,123,0,41.72980578,-70.28854339,25001.0,684.5391802432039,8.436213991769547,1335,1456,123,0,1333,1450,213413,2,0,0,2,6
2020-06-08,US,Massachusetts,Berkshire,575,41,0,42.37428441,-73.20524838,25003.0,460.20617236521963,7.130434782608695,534,574,40,0,534,573,126348,1,1,0,0,1
2020-06-08,US,Massachusetts,Bristol,7698,473,0,41.79228404,-71.10872211,25005.0,1361.954789045623,6.144453104702519,7225,7683,469,0,7214,7635,564022,15,4,0,11,48
2020-06-08,US,Massachusetts,Dukes and Nantucket,55,1,0,41.40674725,-70.68763497,0.0,191.4308586544151,1.818181818181818,54,55,1,0,54,55,26707,0,0,0,0,0
2020-06-08,US,Massachusetts,Essex,15236,1006,0,42.6687626,-70.94687179,25009.0,1930.9687541981714,6.602782882646364,14230,15217,1003,0,14214,15170,790638,19,3,0,16,47
2020-06-08,US,Massachusetts,Franklin,338,49,0,42.58119713,-72.58602547,25011.0,481.61869478483897,14.497041420118347,289,338,48,0,290,338,70963,0,1,0,-1,0
2020-06-08,US,Massachusetts,Hampden,6365,622,0,42.13440424,-72.63235561,25013.0,1364.7903390426527,9.772191673212882,5743,6353,620,0,5733,6337,470406,12,2,0,10,16
2020-06-08,US,Massachusetts,Hampshire,907,100,0,42.33997957,-72.65898478,25015.0,563.9495119069825,11.025358324145534,807,905,98,0,807,904,161355,2,2,0,0,1
2020-06-08,US,Massachusetts,Middlesex,22812,1711,0,42.48607732,-71.39049229,25017.0,1415.4007665202994,7.500438365772401,21101,22754,1705,0,21049,22686,1614714,58,6,0,52,68
2020-06-08,US,Massachusetts,Norfolk,8715,866,0,42.16073095,-71.20530408,25021.0,1233.0656856849776,9.93689041881813,7849,8713,863,0,7850,8689,705388,2,3,0,-1,24
2020-06-08,US,Massachusetts,Plymouth,8372,595,0,41.94070556,-70.80802823,25023.0,1606.2870058058106,7.107023411371237,7777,8363,591,0,7772,8347,518132,9,4,0,5,16
2020-06-08,US,Massachusetts,Suffolk,19028,931,0,42.327951399999996,-71.07850442,25025.0,2366.9404545550665,4.892789573260458,18097,19001,924,0,18077,18955,807252,27,7,0,20,46
2020-06-08,US,Massachusetts,Unassigned,309,8,0,0.0,0.0,90025.0,0.0,2.588996763754045,301,292,8,0,284,297,,17,0,0,17,-5
2020-06-08,US,Massachusetts,Worcester,11758,827,0,42.35026951,-71.90493363,25027.0,1415.5656845111255,7.033509100187107,10931,11732,823,0,10909,11696,830839,26,4,0,22,36
2020-06-08,US,Michigan,Alcona,17,1,0,44.6846864,-83.59507875,26001.0,163.3829889476213,5.882352941176472,16,17,1,0,16,17,10362,0,0,0,0,0
2020-06-08,US,Michigan,Allegan,226,6,0,42.59147037,-85.89102866,26005.0,191.39404307212845,2.6548672566371683,220,226,6,0,220,226,117327,0,0,0,0,0
2020-06-08,US,Michigan,Alpena,95,9,0,45.03477666,-83.62212411,26007.0,334.4481605351171,9.473684210526317,86,95,9,0,86,95,28360,0,0,0,0,0
2020-06-08,US,Michigan,Antrim,12,0,0,44.99690221,-85.15503082,26009.0,51.44915108900703,0.0,12,12,0,0,12,12,23365,0,0,0,0,0
2020-06-08,US,Michigan,Arenac,34,1,0,44.0636262,-83.89277559,26011.0,228.44856547739033,2.9411764705882355,33,34,1,0,33,34,15041,0,0,0,0,0
2020-06-08,US,Michigan,Baraga,1,0,0,46.6720582,-88.36363591,26013.0,12.181751735899622,0.0,1,1,0,0,1,1,8320,0,0,0,0,0
2020-06-08,US,Michigan,Barry,67,2,0,42.59513984,-85.30834519,26015.0,108.85458976441916,2.985074626865672,65,67,2,0,65,67,61157,0,0,0,0,0
2020-06-08,US,Michigan,Bay,331,25,0,43.70639106,-83.98731479,26017.0,320.9665845664527,7.552870090634442,306,331,25,0,306,331,103923,0,0,0,0,0
2020-06-08,US,Michigan,Benzie,4,0,0,44.63899297,-86.01608482,26019.0,22.514916131937408,0.0,4,4,0,0,4,4,17753,0,0,0,0,0
2020-06-08,US,Michigan,Berrien,648,53,0,41.95447397,-86.41313079999998,26021.0,422.42227886389264,8.179012345679013,595,648,53,0,595,648,154141,0,0,0,0,0
2020-06-08,US,Michigan,Branch,127,2,0,41.91600556,-85.05929476,26023.0,291.8399705862077,1.5748031496062993,125,127,2,0,125,127,43622,0,0,0,0,0
2020-06-08,US,Michigan,Calhoun,407,24,0,42.24633834,-85.00493569,26025.0,303.37137277409636,5.896805896805898,383,407,24,0,383,407,134487,0,0,0,0,0
2020-06-08,US,Michigan,Cass,88,3,0,41.91522292,-85.99405727,26027.0,169.9268156100952,3.4090909090909087,85,88,3,0,85,88,51653,0,0,0,0,0
2020-06-08,US,Michigan,Charlevoix,15,1,0,45.37790017,-85.19614053,26029.0,57.3767356462533,6.666666666666668,14,15,1,0,14,15,26244,0,0,0,0,0
2020-06-08,US,Michigan,Cheboygan,21,1,0,45.44787015,-84.50122149,26031.0,83.08276626048425,4.761904761904762,20,21,1,0,20,21,25413,0,0,0,0,0
2020-06-08,US,Michigan,Chippewa,2,0,0,46.29552653,-84.54353449,26033.0,5.354895713405981,0.0,2,2,0,0,2,2,37517,0,0,0,0,0
2020-06-08,US,Michigan,Clare,20,2,0,43.98794227,-84.84819859999998,26035.0,64.62035541195476,10.0,18,20,2,0,18,20,30757,0,0,0,0,0
2020-06-08,US,Michigan,Clinton,142,11,0,42.94400871,-84.60145248,26037.0,178.40316602801684,7.746478873239437,131,142,11,0,131,142,79332,0,0,0,0,0
2020-06-08,US,Michigan,Crawford,59,5,0,44.68255561,-84.61006219,26039.0,420.5574167795281,8.474576271186441,54,59,5,0,54,59,13901,0,0,0,0,0
2020-06-08,US,Michigan,Delta,17,2,0,45.90484910000001,-86.9080745,26041.0,47.507265817124974,11.764705882352944,15,17,2,0,15,17,35857,0,0,0,0,0
2020-06-08,US,Michigan,Dickinson,5,2,0,46.00999672,-87.86961634,26043.0,19.81061056301755,40.0,3,5,2,0,3,5,25383,0,0,0,0,0
2020-06-08,US,Michigan,Eaton,193,7,0,42.59599185,-84.83740035,26045.0,175.02811332390178,3.6269430051813467,186,193,7,0,186,193,109826,0,0,0,0,0
2020-06-08,US,Michigan,Emmet,21,2,0,45.52625509,-84.89083249,26047.0,62.84602723327846,9.523809523809524,19,21,2,0,19,21,33308,0,0,0,0,0
2020-06-08,US,Michigan,Federal Correctional Institution (FCI),154,4,0,0.0,0.0,0.0,0.0,2.5974025974025974,150,154,4,0,150,154,,0,0,0,0,0
2020-06-08,US,Michigan,Genesee,2050,254,0,43.02244215,-83.70589709,26049.0,505.1587800292253,12.390243902439025,1796,2050,254,0,1796,2050,406892,0,0,0,0,0
2020-06-08,US,Michigan,Gladwin,18,1,0,43.98901072,-84.38774817,26051.0,70.72969468348461,5.5555555555555545,17,18,1,0,17,18,25337,0,0,0,0,0
2020-06-08,US,Michigan,Gogebic,5,1,0,46.40862701,-89.69377193,26053.0,35.77817531305904,20.0,4,5,1,0,4,5,15096,0,0,0,0,0
2020-06-08,US,Michigan,Grand Traverse,28,5,0,44.69565625,-85.55585247,26055.0,30.079064970780333,17.857142857142858,23,28,5,0,23,28,92573,0,0,0,0,0
2020-06-08,US,Michigan,Gratiot,77,11,0,43.29265605,-84.60505416,26057.0,189.13807079167796,14.285714285714285,66,77,11,0,66,77,40599,0,0,0,0,0
2020-06-08,US,Michigan,Hillsdale,170,24,0,41.88753639,-84.59312019,26059.0,372.766144063151,14.117647058823529,146,170,24,0,146,170,45749,0,0,0,0,0
2020-06-08,US,Michigan,Houghton,7,0,0,46.89988536,-88.68495385,26061.0,19.616634906400627,0.0,7,7,0,0,7,7,36219,0,0,0,0,0
2020-06-08,US,Michigan,Huron,49,1,0,43.83353985,-83.04078453,26063.0,158.161453794261,2.0408163265306123,48,49,1,0,48,49,31166,0,0,0,0,0
2020-06-08,US,Michigan,Ingham,758,27,0,42.59716886,-84.37472069,26065.0,259.22860680013406,3.5620052770448547,731,758,27,0,731,758,292735,0,0,0,0,0
2020-06-08,US,Michigan,Ionia,156,4,0,42.94502238,-85.07413319,26067.0,241.1240088412136,2.5641025641025643,152,156,4,0,152,156,64210,0,0,0,0,0
2020-06-08,US,Michigan,Iosco,95,9,0,44.35486835,-83.63484895,26069.0,378.0793568671151,9.473684210526317,86,95,9,0,86,95,25081,0,0,0,0,0
2020-06-08,US,Michigan,Iron,2,0,0,46.20974132,-88.53136251,26071.0,18.073377914332188,0.0,2,2,0,0,2,2,11117,0,0,0,0,0
2020-06-08,US,Michigan,Isabella,78,7,0,43.64060976,-84.84664923,26073.0,111.63269979390887,8.974358974358974,71,78,7,0,71,78,70562,0,0,0,0,0
2020-06-08,US,Michigan,Jackson,459,28,0,42.24807035,-84.42258681,26075.0,289.57163585893636,6.100217864923748,431,459,28,0,431,459,158823,0,0,0,0,0
2020-06-08,US,Michigan,Kalamazoo,865,58,0,42.24542231,-85.53038622,26077.0,326.33381874702906,6.705202312138728,807,865,58,0,807,865,264870,0,0,0,0,0
2020-06-08,US,Michigan,Kalkaska,19,2,0,44.68512729,-85.09085699,26079.0,105.33318549728351,10.526315789473683,17,19,2,0,17,19,17824,0,0,0,0,0
2020-06-08,US,Michigan,Kent,3894,95,0,43.03197711,-85.54934642,26081.0,592.7346621914742,2.4396507447354905,3799,3894,95,0,3799,3894,653786,0,0,0,0,0
2020-06-08,US,Michigan,Lake,6,0,0,43.99050893,-85.802173,26085.0,50.62009617818274,0.0,6,6,0,0,6,6,11881,0,0,0,0,0
2020-06-08,US,Michigan,Lapeer,192,30,0,43.09052506,-83.22153148,26087.0,219.1605693608958,15.625,162,192,30,0,162,192,88028,0,0,0,0,0
2020-06-08,US,Michigan,Leelanau,11,0,0,44.94430054,-85.80150326,26089.0,50.549147557557106,0.0,11,11,0,0,11,11,21764,0,0,0,0,0
2020-06-08,US,Michigan,Lenawee,155,5,0,41.89475156,-84.06603727,26091.0,157.43872586362758,3.2258064516129035,150,155,5,0,150,155,98266,0,0,0,0,0
2020-06-08,US,Michigan,Livingston,407,27,0,42.60302282,-83.91297209,26093.0,211.98468710122657,6.6339066339066335,380,407,27,0,380,407,191224,0,0,0,0,0
2020-06-08,US,Michigan,Luce,3,0,0,46.47227431,-85.54471223,26095.0,48.16182372772515,0.0,3,3,0,0,3,3,6283,0,0,0,0,0
2020-06-08,US,Michigan,Mackinac,8,0,0,46.07028979,-85.04980537,26097.0,74.0809334197611,0.0,8,8,0,0,8,8,10787,0,0,0,0,0
2020-06-08,US,Michigan,Macomb,6817,828,0,42.69158356,-82.92752801,26099.0,780.0021053306057,12.146105324922988,5989,6817,828,0,5989,6817,874759,0,0,0,0,0
2020-06-08,US,Michigan,Manistee,11,0,0,44.33352407,-86.05626916,26101.0,44.79192116621875,0.0,11,11,0,0,11,11,24528,0,0,0,0,0
2020-06-08,US,Michigan,Marquette,57,11,0,46.4338914,-87.64043701,26103.0,85.45855260198803,19.29824561403509,46,57,11,0,46,57,66516,0,0,0,0,0
2020-06-08,US,Michigan,Mason,32,0,0,43.99509218,-86.24988902,26105.0,109.79961570134505,0.0,32,32,0,0,32,32,29100,0,0,0,0,0
2020-06-08,US,Michigan,Mecosta,21,2,0,43.64064262,-85.32463223,26107.0,48.328078613674535,9.523809523809524,19,21,2,0,19,21,43545,0,0,0,0,0
2020-06-08,US,Michigan,Menominee,8,0,0,45.58038692,-87.55370409,26109.0,35.11852502194907,0.0,8,8,0,0,8,8,22983,0,0,0,0,0
2020-06-08,US,Michigan,Michigan Department of Corrections (MDOC),3993,68,0,0.0,0.0,0.0,0.0,1.7029802153769096,3925,3993,68,0,3925,3993,,0,0,0,0,0
2020-06-08,US,Michigan,Midland,82,9,0,43.64330771,-84.38804374,26111.0,98.6098417432296,10.975609756097562,73,82,9,0,73,82,83209,0,0,0,0,0
2020-06-08,US,Michigan,Missaukee,16,1,0,44.33772443,-85.09256478,26113.0,105.83410504034927,6.25,15,16,1,0,15,16,15113,0,0,0,0,0
2020-06-08,US,Michigan,Monroe,493,20,0,41.92734151,-83.53749864,26115.0,327.5747508305648,4.056795131845842,473,493,20,0,473,493,150439,0,0,0,0,0
2020-06-08,US,Michigan,Montcalm,68,1,0,43.31082541,-85.15252824,26117.0,106.43626346105684,1.4705882352941178,67,68,1,0,67,68,63968,0,0,0,0,0
2020-06-08,US,Michigan,Montmorency,5,0,0,45.0275929,-84.12696227,26119.0,53.60205831903945,0.0,5,5,0,0,5,5,9265,0,0,0,0,0
2020-06-08,US,Michigan,Muskegon,684,38,0,43.29123859,-86.15176712,26121.0,394.08639941002264,5.5555555555555545,646,684,38,0,646,684,173588,0,0,0,0,0
2020-06-08,US,Michigan,Newaygo,114,0,0,43.554373999999996,-85.80070107,26123.0,232.7480604328297,0.0,114,114,0,0,114,114,48892,0,0,0,0,0
2020-06-08,US,Michigan,Oakland,8457,1007,0,42.66090111,-83.38595416,26125.0,672.4799297700987,11.907295731346816,7450,8457,1007,0,7450,8457,1259201,0,0,0,0,0
2020-06-08,US,Michigan,Oceana,93,2,0,43.64124435,-86.26726673,26127.0,351.38096497525214,2.150537634408602,91,93,2,0,91,93,26625,0,0,0,0,0
2020-06-08,US,Michigan,Ogemaw,23,1,0,44.33481032,-84.12725175,26129.0,109.53945801781208,4.3478260869565215,22,23,1,0,22,23,20952,0,0,0,0,0
2020-06-08,US,Michigan,Osceola,12,0,0,43.98992088,-85.32566756,26133.0,51.15089514066496,0.0,12,12,0,0,12,12,23341,0,0,0,0,0
2020-06-08,US,Michigan,Oscoda,5,1,0,44.68192279,-84.12939244,26135.0,60.6722485135299,20.0,4,5,1,0,4,5,8276,0,0,0,0,0
2020-06-08,US,Michigan,Otsego,102,10,0,45.02085831,-84.59898295,26137.0,413.49116263985735,9.803921568627453,92,102,10,0,92,102,24665,0,0,0,0,0
2020-06-08,US,Michigan,Ottawa,817,41,0,42.95996803,-85.9969107,26139.0,279.9575095089607,5.018359853121175,776,817,41,0,776,817,290494,0,0,0,0,0
2020-06-08,US,Michigan,Out of MI,28,0,0,0.0,0.0,80026.0,0.0,0.0,28,28,0,0,28,28,,0,0,0,0,0
2020-06-08,US,Michigan,Presque Isle,11,0,0,45.34018577,-83.91498656,26141.0,87.35705209656925,0.0,11,11,0,0,11,11,12738,0,0,0,0,0
2020-06-08,US,Michigan,Roscommon,21,0,0,44.33473082,-84.61067651,26143.0,87.43078396269621,0.0,21,21,0,0,21,21,23884,0,0,0,0,0
2020-06-08,US,Michigan,Saginaw,1081,110,0,43.33433923,-84.05131209999998,26145.0,567.3379203207743,10.175763182238668,971,1081,110,0,971,1081,190800,0,0,0,0,0
2020-06-08,US,Michigan,Sanilac,42,5,0,43.42406072,-82.82055898,26151.0,102.01603109059995,11.904761904761903,37,42,5,0,37,42,41182,0,0,0,0,0
2020-06-08,US,Michigan,Schoolcraft,4,0,0,46.19235734,-86.19972234,26153.0,49.419322955275504,0.0,4,4,0,0,4,4,8068,0,0,0,0,0
2020-06-08,US,Michigan,Shiawassee,239,26,0,42.95392800000001,-84.14585902,26155.0,350.84113795836885,10.878661087866108,213,239,26,0,213,239,68192,0,0,0,0,0
2020-06-08,US,Michigan,St. Clair,453,43,0,42.92655373,-82.67937954,26147.0,284.67648685335075,9.492273730684326,410,453,43,0,410,453,159337,0,0,0,0,0
2020-06-08,US,Michigan,St. Joseph,139,3,0,41.91441767,-85.52797979,26149.0,228.00341184961616,2.1582733812949644,136,139,3,0,136,139,61043,0,0,0,0,0
2020-06-08,US,Michigan,Tuscola,192,25,0,43.46606813,-83.41897025,26157.0,367.4992822279644,13.020833333333336,167,192,25,0,167,192,52516,0,0,0,0,0
2020-06-08,US,Michigan,Unassigned,5901,283,0,0.0,0.0,90026.0,0.0,4.795797322487713,5618,5901,283,0,5618,13,,0,0,0,0,5888
2020-06-08,US,Michigan,Van Buren,151,6,0,42.25190229,-86.01939087,26159.0,199.53222247182103,3.9735099337748334,145,151,6,0,145,151,75448,0,0,0,0,0
2020-06-08,US,Michigan,Washtenaw,1348,100,0,42.253105,-83.83853204,26161.0,366.7019404190957,7.418397626112759,1248,1348,100,0,1248,1348,370963,0,0,0,0,0
2020-06-08,US,Michigan,Wayne,20663,2499,0,42.28098405,-83.281255,26163.0,1181.1863082311474,12.09408120795625,18164,20663,2499,0,18164,20663,1753893,0,0,0,0,0
2020-06-08,US,Michigan,Wexford,12,3,0,44.33853602,-85.57712739,26165.0,35.681365406916235,25.0,9,12,3,0,9,12,33466,0,0,0,0,0
2020-06-08,US,Minnesota,Aitkin,12,0,0,46.60962049,-93.41168259999999,27001.0,75.53820974442904,0.0,12,12,0,0,12,12,15902,0,0,0,0,0
2020-06-08,US,Minnesota,Anoka,1616,84,0,45.27476015,-93.24604565,27003.0,452.76125529178734,5.198019801980198,1532,1585,82,0,1503,1555,353813,31,2,0,29,30
2020-06-08,US,Minnesota,Becker,44,0,0,46.93479392,-95.67158144,27005.0,127.82151468494902,0.0,44,44,0,0,44,44,34371,0,0,0,0,0
2020-06-08,US,Minnesota,Beltrami,21,0,0,47.97373527,-94.93732139,27007.0,44.50283970500975,0.0,21,21,0,0,21,20,46847,0,0,0,0,1
2020-06-08,US,Minnesota,Benton,188,3,0,45.69804958,-93.99514135,27009.0,459.78135928978446,1.5957446808510638,185,188,3,0,185,187,40545,0,0,0,0,1
2020-06-08,US,Minnesota,Big Stone,12,0,0,45.42712824,-96.41403739,27011.0,240.43277900220403,0.0,12,12,0,0,12,11,4989,0,0,0,0,1
2020-06-08,US,Minnesota,Blue Earth,152,0,0,44.03554215,-94.06699781,27013.0,224.67591976704654,0.0,152,152,0,0,152,151,67427,0,0,0,0,1
2020-06-08,US,Minnesota,Brown,17,2,0,44.24205652,-94.72562874,27015.0,67.97824696097248,11.764705882352944,15,18,2,0,16,17,25111,-1,0,0,-1,1
2020-06-08,US,Minnesota,Carlton,78,0,0,46.59180601,-92.67601019,27017.0,217.44584762064065,0.0,78,77,0,0,77,75,35837,1,0,0,1,2
2020-06-08,US,Minnesota,Carver,254,2,0,44.82017001,-93.80099179999999,27019.0,241.69989247209512,0.7874015748031497,252,250,2,0,248,247,103551,4,0,0,4,3
2020-06-08,US,Minnesota,Cass,12,2,0,46.95043611,-94.32603968,27021.0,40.296853487356856,16.666666666666668,10,11,2,0,9,11,29519,1,0,0,1,0
2020-06-08,US,Minnesota,Chippewa,52,1,0,45.02343421,-95.56403693,27023.0,440.6779661016949,1.9230769230769231,51,52,1,0,51,52,11924,0,0,0,0,0
2020-06-08,US,Minnesota,Chisago,70,1,0,45.5021011,-92.90861945,27025.0,123.72081514342777,1.4285714285714286,69,70,1,0,69,70,55922,0,0,0,0,0
2020-06-08,US,Minnesota,Clay,469,30,0,46.89289518,-96.48761922,27027.0,730.2793435271402,6.3965884861407245,439,462,30,0,432,457,63955,7,0,0,7,5
2020-06-08,US,Minnesota,Clearwater,3,0,0,47.57992111,-95.37790562,27029.0,34.02132002721706,0.0,3,3,0,0,3,3,8810,0,0,0,0,0
2020-06-08,US,Minnesota,Cottonwood,92,0,0,44.00715262,-95.18138802,27033.0,821.7220435869954,0.0,92,90,0,0,90,86,11277,2,0,0,2,4
2020-06-08,US,Minnesota,Crow Wing,85,6,0,46.48096553,-94.06755609,27035.0,130.65867343017447,7.0588235294117645,79,82,5,0,77,82,64889,3,1,0,2,0
2020-06-08,US,Minnesota,Dakota,1523,65,0,44.67172617,-93.06299363,27037.0,354.99427766939147,4.267892317793828,1458,1504,65,0,1439,1481,425423,19,0,0,19,23
2020-06-08,US,Minnesota,Dodge,55,0,0,44.02238415,-92.86244324,27039.0,262.73048629024555,0.0,55,55,0,0,55,55,20822,0,0,0,0,0
2020-06-08,US,Minnesota,Douglas,48,0,0,45.93348491,-95.45335469,27041.0,125.8488241000498,0.0,48,47,0,0,47,46,37964,1,0,0,1,1
2020-06-08,US,Minnesota,Faribault,24,0,0,43.67381499,-93.94787458,27043.0,175.78554163920018,0.0,24,23,0,0,23,23,13758,1,0,0,1,0
2020-06-08,US,Minnesota,Fillmore,20,1,0,43.67394126,-92.08980382,27045.0,94.93520672141264,5.0,19,20,1,0,19,18,21058,0,0,0,0,2
2020-06-08,US,Minnesota,Freeborn,185,0,0,43.67385583,-93.34884422,27047.0,610.944156401704,0.0,185,177,0,0,177,170,30444,8,0,0,8,7
2020-06-08,US,Minnesota,Goodhue,79,7,0,44.40849741,-92.72341949999999,27049.0,170.47906776003452,8.860759493670884,72,77,7,0,70,76,46403,2,0,0,2,1
2020-06-08,US,Minnesota,Grant,5,0,0,45.93424769,-96.01139609,27051.0,83.72404554588077,0.0,5,5,0,0,5,4,6021,0,0,0,0,1
2020-06-08,US,Minnesota,Hennepin,9480,681,0,45.00761521,-93.47694895,27053.0,748.9080399386023,7.1835443037974684,8799,9372,676,0,8696,9255,1259428,108,5,0,103,117
2020-06-08,US,Minnesota,Houston,4,0,0,43.67129565,-91.49143057,27055.0,21.505376344086017,0.0,4,3,0,0,3,3,18578,1,0,0,1,0
2020-06-08,US,Minnesota,Hubbard,5,0,0,47.10778564,-94.91693868,27057.0,23.265553022195334,0.0,5,4,0,0,4,3,21332,1,0,0,1,1
2020-06-08,US,Minnesota,Isanti,41,0,0,45.56181234,-93.29487636,27059.0,100.99517193812198,0.0,41,39,0,0,39,37,39966,2,0,0,2,2
2020-06-08,US,Minnesota,Itasca,56,11,0,47.51009045,-93.63092229,27061.0,124.08597385331265,19.642857142857142,45,56,11,0,45,56,45108,0,0,0,0,0
2020-06-08,US,Minnesota,Jackson,42,0,0,43.67423373,-95.15398258,27063.0,426.5691651432053,0.0,42,42,0,0,42,42,9911,0,0,0,0,0
2020-06-08,US,Minnesota,Kanabec,12,1,0,45.9459309,-93.29275192,27065.0,73.45289832894656,8.333333333333334,11,12,1,0,11,12,16207,0,0,0,0,0
2020-06-08,US,Minnesota,Kandiyohi,522,1,0,45.1526059,-95.00586446,27067.0,1208.36130465983,0.19157088122605365,521,521,1,0,520,517,42855,1,0,0,1,4
2020-06-08,US,Minnesota,Kittson,1,0,0,48.77754106,-96.78317184,27069.0,23.266635644485806,0.0,1,1,0,0,1,1,4248,0,0,0,0,0
2020-06-08,US,Minnesota,Koochiching,9,0,0,48.24539665,-93.78352843,27071.0,73.59555155777251,0.0,9,9,0,0,9,9,12440,0,0,0,0,0
2020-06-08,US,Minnesota,Lac qui Parle,3,0,0,44.9973857,-96.17488219,27073.0,45.29669334138608,0.0,3,3,0,0,3,3,6658,0,0,0,0,0
2020-06-08,US,Minnesota,Lake,1,0,0,47.64270764,-91.44557998,27075.0,9.3976130062964,0.0,1,1,0,0,1,1,10658,0,0,0,0,0
2020-06-08,US,Minnesota,Le Sueur,49,1,0,44.37136597,-93.72844721,27079.0,169.62647557724932,2.0408163265306123,48,49,1,0,48,48,28494,0,0,0,0,1
2020-06-08,US,Minnesota,Lincoln,6,0,0,44.41311883,-96.26688165,27081.0,106.40184429863451,0.0,6,6,0,0,6,6,5673,0,0,0,0,0
2020-06-08,US,Minnesota,Lyon,144,2,0,44.41327865,-95.83806103,27083.0,565.2822485671666,1.3888888888888888,142,133,2,0,131,110,25629,11,0,0,11,23
2020-06-08,US,Minnesota,Mahnomen,6,1,0,47.32557075,-95.80921485,27087.0,108.5579880586213,16.666666666666668,5,6,1,0,5,6,5519,0,0,0,0,0
2020-06-08,US,Minnesota,Marshall,12,0,0,48.35825983,-96.37017407,27089.0,128.53470437017995,0.0,12,12,0,0,12,12,9390,0,0,0,0,0
2020-06-08,US,Minnesota,Martin,140,5,0,43.67429718,-94.55099908,27091.0,711.273687954072,3.571428571428572,135,137,5,0,132,137,19785,3,0,0,3,0
2020-06-08,US,Minnesota,McLeod,44,0,0,44.82367677,-94.27287017,27085.0,122.58657676984372,0.0,44,43,0,0,43,43,35873,1,0,0,1,0
2020-06-08,US,Minnesota,Meeker,47,1,0,45.12328869,-94.52839455,27093.0,202.3942812849884,2.127659574468085,46,46,1,0,45,46,23141,1,0,0,1,0
2020-06-08,US,Minnesota,Mille Lacs,24,1,0,45.93705297,-93.63236823,27095.0,91.33462724055258,4.166666666666667,23,24,1,0,23,24,26139,0,0,0,0,0
2020-06-08,US,Minnesota,Morrison,51,0,0,46.01265363,-94.27341528,27097.0,152.75864134667225,0.0,51,51,0,0,51,49,33169,0,0,0,0,2
2020-06-08,US,Minnesota,Mower,524,2,0,43.67142874,-92.75234549,27099.0,1307.9726424042733,0.3816793893129771,522,504,2,0,502,482,40011,20,0,0,20,22
2020-06-08,US,Minnesota,Murray,41,0,0,44.02216709,-95.76328482,27101.0,500.36612155235537,0.0,41,41,0,0,41,41,8276,0,0,0,0,0
2020-06-08,US,Minnesota,Nicollet,90,11,0,44.35291112,-94.24710352,27103.0,262.5897181537025,12.222222222222221,79,89,11,0,78,89,34220,1,0,0,1,0
2020-06-08,US,Minnesota,Nobles,1597,5,0,43.67434621,-95.75329576,27105.0,7383.605344676129,0.31308703819661865,1592,1592,5,0,1587,1585,21924,5,0,0,5,7
2020-06-08,US,Minnesota,Norman,16,0,0,47.32628443,-96.45620947,27107.0,250.98039215686276,0.0,16,15,0,0,15,15,6475,1,0,0,1,0
2020-06-08,US,Minnesota,Olmsted,722,12,0,44.00374114,-92.40209944,27109.0,456.1161895977712,1.6620498614958448,710,711,12,0,699,699,156277,11,0,0,11,12
2020-06-08,US,Minnesota,Otter Tail,77,1,0,46.40846929,-95.70835255,27111.0,131.07275388962654,1.2987012987012987,76,76,1,0,75,75,58812,1,0,0,1,1
2020-06-08,US,Minnesota,Pennington,36,0,0,48.06642577,-96.0370814,27113.0,254.9755648417026,0.0,36,34,0,0,34,31,14178,2,0,0,2,3
2020-06-08,US,Minnesota,Pine,93,0,0,46.12105238,-92.74070188,27115.0,314.4122519354948,0.0,93,93,0,0,93,93,29483,0,0,0,0,0
2020-06-08,US,Minnesota,Pipestone,14,0,0,44.02301619,-96.25841142,27117.0,153.40784571553803,0.0,14,14,0,0,14,13,9047,0,0,0,0,1
2020-06-08,US,Minnesota,Polk,64,2,0,47.77372465,-96.40134647,27119.0,204.055605152404,3.125,62,64,2,0,62,63,31529,0,0,0,0,1
2020-06-08,US,Minnesota,Pope,10,0,0,45.58606667,-95.44451209,27121.0,88.8967908258512,0.0,10,10,0,0,10,10,11097,0,0,0,0,0
2020-06-08,US,Minnesota,Ramsey,3553,158,0,45.01625271,-93.09872295,27123.0,645.6231908286255,4.446946242611877,3395,3507,155,0,3352,3445,550210,46,3,0,43,62
2020-06-08,US,Minnesota,Red Lake,4,0,0,47.87197525,-96.09561104,27125.0,98.64364981504316,0.0,4,4,0,0,4,4,3999,0,0,0,0,0
2020-06-08,US,Minnesota,Redwood,8,0,0,44.40555844,-95.25207021,27127.0,52.735662491760046,0.0,8,7,0,0,7,7,15249,1,0,0,1,0
2020-06-08,US,Minnesota,Renville,8,0,0,44.72836381,-94.94553734,27129.0,54.99037668408029,0.0,8,8,0,0,8,7,14612,0,0,0,0,1
2020-06-08,US,Minnesota,Rice,587,3,0,44.3543376,-93.29658715,27131.0,876.4856955145433,0.5110732538330494,584,576,3,0,573,565,66523,11,0,0,11,11
2020-06-08,US,Minnesota,Rock,23,0,0,43.67482683,-96.25296832,27133.0,246.9135802469136,0.0,23,23,0,0,23,23,9414,0,0,0,0,0
2020-06-08,US,Minnesota,Roseau,5,0,0,48.77501878,-95.81079919,27135.0,32.97065611605671,0.0,5,4,0,0,4,3,15150,1,0,0,1,1
2020-06-08,US,Minnesota,Scott,493,2,0,44.6490231,-93.53340251,27139.0,330.84361767094146,0.4056795131845842,491,486,2,0,484,483,147381,7,0,0,7,3
2020-06-08,US,Minnesota,Sherburne,257,2,0,45.44447208,-93.77617511,27141.0,264.29996503424593,0.7782101167315175,255,254,2,0,252,253,96036,3,0,0,3,1
2020-06-08,US,Minnesota,Sibley,19,0,0,44.5796592,-94.23164924,27143.0,127.81701984527412,0.0,19,19,0,0,19,17,15028,0,0,0,0,2
2020-06-08,US,Minnesota,St. Louis,119,14,0,47.604840700000004,-92.46879855,27137.0,59.77796754910333,11.764705882352944,105,119,14,0,105,119,199754,0,0,0,0,0
2020-06-08,US,Minnesota,Stearns,2071,16,0,45.55192576,-94.61078221,27145.0,1285.7364581716593,0.7725736359246741,2055,2070,16,0,2054,2063,159256,1,0,0,1,7
2020-06-08,US,Minnesota,Steele,173,0,0,44.02240351,-93.22627088,27147.0,472.0456219815002,0.0,173,172,0,0,172,171,36803,1,0,0,1,1
2020-06-08,US,Minnesota,Stevens,1,0,0,45.58613007,-96.00163705,27149.0,10.198878123406423,0.0,1,1,0,0,1,1,9753,0,0,0,0,0
2020-06-08,US,Minnesota,Swift,19,1,0,45.2829032,-95.68264092,27151.0,205.05072307360246,5.2631578947368425,18,19,1,0,18,19,9345,0,0,0,0,0
2020-06-08,US,Minnesota,Todd,354,2,0,46.06996226,-94.89785296,27153.0,1435.2903016542332,0.5649717514124294,352,350,2,0,348,346,24582,4,0,0,4,4
2020-06-08,US,Minnesota,Traverse,5,0,0,45.77298854,-96.47062949,27155.0,153.42129487572873,0.0,5,5,0,0,5,5,3308,0,0,0,0,0
2020-06-08,US,Minnesota,Unassigned,88,11,0,0.0,0.0,90027.0,0.0,12.5,77,87,11,0,76,96,,1,0,0,1,-9
2020-06-08,US,Minnesota,Wabasha,20,0,0,44.28424356,-92.23121312,27157.0,92.47699634715865,0.0,20,20,0,0,20,20,21645,0,0,0,0,0
2020-06-08,US,Minnesota,Wadena,10,0,0,46.58589171,-94.96968506,27159.0,73.0887297178775,0.0,10,10,0,0,10,10,13773,0,0,0,0,0
2020-06-08,US,Minnesota,Waseca,30,0,0,44.02211116,-93.58720034,27161.0,161.18633139909736,0.0,30,30,0,0,30,31,18691,0,0,0,0,-1
2020-06-08,US,Minnesota,Washington,731,37,0,45.03864533,-92.88429635,27163.0,278.5398567291571,5.06155950752394,694,721,37,0,684,712,259201,10,0,0,10,9
2020-06-08,US,Minnesota,Watonwan,83,0,0,43.97823903,-94.61413846,27165.0,761.6775259245662,0.0,83,83,0,0,83,80,10980,0,0,0,0,3
2020-06-08,US,Minnesota,Wilkin,11,3,0,46.35721532,-96.4684375,27167.0,177.2192685677461,27.272727272727273,8,11,3,0,8,11,6254,0,0,0,0,0
2020-06-08,US,Minnesota,Winona,85,15,0,43.98772283,-91.78081305,27169.0,168.37017668964424,17.647058823529417,70,85,15,0,70,83,50825,0,0,0,0,2
2020-06-08,US,Minnesota,Wright,361,2,0,45.17297924,-93.96234781,27171.0,260.88150487436496,0.554016620498615,359,358,2,0,356,351,136349,3,0,0,3,7
2020-06-08,US,Minnesota,Yellow Medicine,7,0,0,44.71710183,-95.86842453,27173.0,72.09805335255948,0.0,7,7,0,0,7,7,9795,0,0,0,0,0
2020-06-08,US,Mississippi,Adams,222,17,0,31.47669768,-91.35326037,28001.0,723.2919558205454,7.657657657657657,205,204,16,0,188,204,31192,18,1,0,17,0
2020-06-08,US,Mississippi,Alcorn,22,1,0,34.88084463,-88.57996173,28003.0,59.535085108110295,4.545454545454546,21,20,1,0,19,20,36925,2,0,0,2,0
2020-06-08,US,Mississippi,Amite,66,2,0,31.17467303,-90.80501621,28005.0,536.7162722615274,3.0303030303030303,64,65,1,0,64,65,12326,1,1,0,0,0
2020-06-08,US,Mississippi,Attala,317,20,0,33.08658803,-89.57838564,28007.0,1744.2500275118302,6.309148264984227,297,315,20,0,295,315,18365,2,0,0,2,0
2020-06-08,US,Mississippi,Benton,16,0,0,34.81681228,-89.18945516,28009.0,193.72805424385518,0.0,16,15,0,0,15,15,8271,1,0,0,1,0
2020-06-08,US,Mississippi,Bolivar,176,11,0,33.79696941,-90.87372121,28011.0,574.6375865221366,6.25,165,174,11,0,163,170,31333,2,0,0,2,4
2020-06-08,US,Mississippi,Calhoun,72,4,0,33.93683395,-89.33686647,28013.0,501.3578441612701,5.5555555555555545,68,70,4,0,66,68,14436,2,0,0,2,2
2020-06-08,US,Mississippi,Carroll,120,11,0,33.44834567,-89.91994479,28015.0,1206.3938876043028,9.166666666666666,109,119,11,0,108,119,9911,1,0,0,1,0
2020-06-08,US,Mississippi,Chickasaw,153,15,0,33.91983202,-88.9481545,28017.0,894.5798982634625,9.803921568627453,138,147,14,0,133,146,17171,6,1,0,5,1
2020-06-08,US,Mississippi,Choctaw,58,2,0,33.34598242,-89.24809382,28019.0,706.4555420219244,3.4482758620689653,56,53,2,0,51,52,8278,5,0,0,5,1
2020-06-08,US,Mississippi,Claiborne,127,7,0,31.97061673,-90.90702196,28021.0,1412.9951045838895,5.511811023622046,120,120,6,0,114,119,9002,7,1,0,6,1
2020-06-08,US,Mississippi,Clarke,163,21,0,32.04158545,-88.68896219999998,28023.0,1048.8385560774723,12.883435582822086,142,159,19,0,140,157,15604,4,2,0,2,2
2020-06-08,US,Mississippi,Clay,134,4,0,33.65358105,-88.77784255,28025.0,693.725408987368,2.985074626865672,130,132,4,0,128,130,19386,2,0,0,2,2
2020-06-08,US,Mississippi,Coahoma,139,4,0,34.22772299,-90.60415045,28027.0,628.2769842704755,2.8776978417266186,135,134,4,0,130,132,22628,5,0,0,5,2
2020-06-08,US,Mississippi,Copiah,357,4,0,31.86977774,-90.44565118,28029.0,1272.047033671833,1.1204481792717087,353,341,4,0,337,337,28543,16,0,0,16,4
2020-06-08,US,Mississippi,Covington,190,2,0,31.63225413,-89.55389939,28031.0,1019.5320884309938,1.0526315789473684,188,188,2,0,186,186,18853,2,0,0,2,2
2020-06-08,US,Mississippi,DeSoto,633,11,0,34.87625235,-89.99091418,28033.0,342.2639162994404,1.7377567140600316,622,611,11,0,600,605,182001,22,0,0,22,6
2020-06-08,US,Mississippi,Forrest,635,40,0,31.18961454,-89.25832496,28035.0,847.8310212692097,6.299212598425197,595,610,39,0,571,607,75036,25,1,0,24,3
2020-06-08,US,Mississippi,Franklin,29,2,0,31.47786634,-90.89672989,28037.0,375.9885906910411,6.896551724137932,27,30,2,0,28,29,7788,-1,0,0,-1,1
2020-06-08,US,Mississippi,George,31,2,0,30.86259065,-88.64436789,28039.0,126.53061224489795,6.451612903225807,29,30,2,0,28,30,24250,1,0,0,1,0
2020-06-08,US,Mississippi,Greene,47,1,0,31.21444233,-88.63922281,28041.0,345.94435448255564,2.127659574468085,46,42,1,0,41,36,13586,5,0,0,5,6
2020-06-08,US,Mississippi,Grenada,127,4,0,33.77036166,-89.80245083,28043.0,611.8123133249832,3.1496062992125986,123,113,4,0,109,112,21055,14,0,0,14,1
2020-06-08,US,Mississippi,Hancock,93,12,0,30.41830223,-89.48851033,28045.0,195.2468928451461,12.903225806451614,81,92,12,0,80,92,47334,1,0,0,1,0
2020-06-08,US,Mississippi,Harrison,288,7,0,30.51359752,-89.12467576,28047.0,138.4083044982699,2.430555555555556,281,281,7,0,274,274,206650,7,0,0,7,7
2020-06-08,US,Mississippi,Hinds,1164,26,0,32.2656285,-90.44435448,28049.0,502.07039337474123,2.233676975945017,1138,1137,26,0,1111,1111,237085,27,0,0,27,26
2020-06-08,US,Mississippi,Holmes,461,31,0,33.12345854,-90.08923538,28051.0,2710.170487948266,6.724511930585682,430,454,31,0,423,444,17622,7,0,0,7,10
2020-06-08,US,Mississippi,Humphreys,74,7,0,33.12825718,-90.52252707,28053.0,917.65873015873,9.459459459459461,67,70,7,0,63,69,8257,4,0,0,4,1
2020-06-08,US,Mississippi,Itawamba,92,8,0,34.27993475,-88.3606733,28057.0,393.3304831124412,8.695652173913043,84,90,8,0,82,89,23517,2,0,0,2,1
2020-06-08,US,Mississippi,Jackson,329,16,0,30.54020656,-88.64184064,28059.0,229.08151541948376,4.863221884498481,313,321,15,0,306,317,143277,8,1,0,7,4
2020-06-08,US,Mississippi,Jasper,184,4,0,32.01922104,-89.11786866,28061.0,1123.115424525423,2.1739130434782608,180,179,4,0,175,175,16428,5,0,0,5,4
2020-06-08,US,Mississippi,Jefferson,50,1,0,31.73397872,-91.03764977,28063.0,715.307582260372,2.0,49,46,1,0,45,46,7106,4,0,0,4,0
2020-06-08,US,Mississippi,Jefferson Davis,85,3,0,31.56884708,-89.82670990000004,28065.0,763.8389647735443,3.5294117647058822,82,84,3,0,81,84,11234,1,0,0,1,0
2020-06-08,US,Mississippi,Jones,777,36,0,31.62257767,-89.16896899999998,28067.0,1141.0026726188728,4.633204633204633,741,729,34,0,695,715,68461,48,2,0,46,14
2020-06-08,US,Mississippi,Kemper,163,11,0,32.75462946,-88.64105766,28069.0,1673.1677273660441,6.7484662576687136,152,159,11,0,148,159,10027,4,0,0,4,0
2020-06-08,US,Mississippi,Lafayette,157,4,0,34.35687874,-89.48490961,28071.0,290.6384790536663,2.5477707006369426,153,156,4,0,152,156,54793,1,0,0,1,0
2020-06-08,US,Mississippi,Lamar,262,5,0,31.20572971,-89.5077704,28073.0,413.6210788879592,1.9083969465648856,257,259,5,0,254,254,62447,3,0,0,3,5
2020-06-08,US,Mississippi,Lauderdale,785,70,0,32.40419769,-88.66229662,28075.0,1059.0219224283303,8.917197452229301,715,779,70,0,709,775,75317,6,0,0,6,4
2020-06-08,US,Mississippi,Lawrence,109,1,0,31.55147224,-90.10841127,28077.0,866.0416335610997,0.9174311926605504,108,108,1,0,107,108,12455,1,0,0,1,0
2020-06-08,US,Mississippi,Leake,466,12,0,32.7536828,-89.52402044,28079.0,2045.1154217501974,2.5751072961373387,454,462,12,0,450,460,22763,4,0,0,4,2
2020-06-08,US,Mississippi,Lee,237,9,0,34.291877500000005,-88.68149954,28081.0,277.40062737019525,3.79746835443038,228,224,8,0,216,220,85202,13,1,0,12,4
2020-06-08,US,Mississippi,Leflore,309,42,0,33.55545125,-90.29900733,28083.0,1096.40563460242,13.592233009708734,267,288,40,0,248,287,28919,21,2,0,19,1
2020-06-08,US,Mississippi,Lincoln,300,32,0,31.53288662,-90.45391915,28085.0,878.4001405440225,10.666666666666666,268,289,32,0,257,286,34205,11,0,0,11,3
2020-06-08,US,Mississippi,Lowndes,274,9,0,33.47386518,-88.44191529999998,28087.0,467.6166908439288,3.2846715328467155,265,270,9,0,261,263,58930,4,0,0,4,7
2020-06-08,US,Mississippi,Madison,807,29,0,32.63389156,-90.03513564,28089.0,759.3721770551039,3.5935563816604708,778,796,29,0,767,788,105630,11,0,0,11,8
2020-06-08,US,Mississippi,Marion,127,9,0,31.23132643,-89.8209217,28091.0,516.8274122003826,7.086614173228346,118,119,9,0,110,117,24715,8,0,0,8,2
2020-06-08,US,Mississippi,Marshall,93,3,0,34.76216286,-89.50299462,28093.0,263.5008783362611,3.2258064516129035,90,90,3,0,87,89,35451,3,0,0,3,1
2020-06-08,US,Mississippi,Monroe,280,25,0,33.89236763,-88.4808438,28095.0,794.2811755361397,8.928571428571429,255,277,25,0,252,273,35564,3,0,0,3,4
2020-06-08,US,Mississippi,Montgomery,86,1,0,33.49419589,-89.61729103,28097.0,879.7953964194372,1.162790697674419,85,85,1,0,84,85,10023,1,0,0,1,0
2020-06-08,US,Mississippi,Neshoba,772,47,0,32.75339664,-89.11726492,28099.0,2651.280994573803,6.0880829015544045,725,755,45,0,710,747,29125,17,2,0,15,8
2020-06-08,US,Mississippi,Newton,301,5,0,32.40021118,-89.11843336,28101.0,1432.1058140641355,1.6611295681063123,296,298,4,0,294,297,21443,3,1,0,2,1
2020-06-08,US,Mississippi,Noxubee,204,6,0,33.11009499,-88.56949061,28103.0,1958.3373332053372,2.9411764705882355,198,200,6,0,194,196,10535,4,0,0,4,4
2020-06-08,US,Mississippi,Oktibbeha,300,16,0,33.42491685,-88.87905132,28105.0,604.9972775122512,5.333333333333333,284,297,16,0,281,290,49599,3,0,0,3,7
2020-06-08,US,Mississippi,Panola,102,3,0,34.36398677,-89.95064249,28107.0,298.315395414132,2.9411764705882355,99,96,3,0,93,93,34178,6,0,0,6,3
2020-06-08,US,Mississippi,Pearl River,217,31,0,30.77090935,-89.58677275,28109.0,390.74457549293237,14.285714285714285,186,215,31,0,184,213,55387,2,0,0,2,2
2020-06-08,US,Mississippi,Perry,52,3,0,31.17161885,-88.99281835,28111.0,434.31053203040176,5.769230769230768,49,51,3,0,48,51,11931,1,0,0,1,0
2020-06-08,US,Mississippi,Pike,211,11,0,31.17507789,-90.40392572,28113.0,537.0596619833028,5.213270142180095,200,207,11,0,196,204,39563,4,0,0,4,3
2020-06-08,US,Mississippi,Pontotoc,60,3,0,34.226046000000004,-89.03636807,28115.0,186.48598247031762,5.0,57,55,3,0,52,52,31833,5,0,0,5,3
2020-06-08,US,Mississippi,Prentiss,57,3,0,34.61810501,-88.51986294,28117.0,226.85664252169067,5.2631578947368425,54,56,3,0,53,55,25315,1,0,0,1,1
2020-06-08,US,Mississippi,Quitman,32,0,0,34.25157572,-90.28908,28119.0,471.14252061248527,0.0,32,32,0,0,32,32,7051,0,0,0,0,0
2020-06-08,US,Mississippi,Rankin,485,9,0,32.26469147,-89.94537876,28121.0,312.35710467505197,1.855670103092784,476,480,9,0,471,473,153902,5,0,0,5,7
2020-06-08,US,Mississippi,Scott,673,12,0,32.406704100000006,-89.53789439,28123.0,2392.973972407908,1.7830609212481427,661,671,12,0,659,670,28287,2,0,0,2,1
2020-06-08,US,Mississippi,Sharkey,7,0,0,32.88149103,-90.81595379999999,28125.0,161.99953714417958,0.0,7,7,0,0,7,7,4377,0,0,0,0,0
2020-06-08,US,Mississippi,Simpson,108,0,0,31.91282117,-89.91716179,28127.0,405.1316677920324,0.0,108,105,0,0,105,105,26758,3,0,0,3,0
2020-06-08,US,Mississippi,Smith,168,11,0,32.01744532,-89.50644846,28129.0,1055.5415933651668,6.547619047619048,157,165,11,0,154,164,16002,3,0,0,3,1
2020-06-08,US,Mississippi,Stone,34,0,0,30.79187949,-89.11547539,28131.0,185.4275741710297,0.0,34,32,0,0,32,32,18717,2,0,0,2,0
2020-06-08,US,Mississippi,Sunflower,103,3,0,33.60192578,-90.58882684,28133.0,410.1951413779371,2.9126213592233015,100,97,3,0,94,96,25735,6,0,0,6,1
2020-06-08,US,Mississippi,Tallahatchie,35,1,0,33.95339918,-90.1729398,28135.0,253.45788978202626,2.8571428571428568,34,32,1,0,31,31,13987,3,0,0,3,1
2020-06-08,US,Mississippi,Tate,103,1,0,34.65133709,-89.94485778,28137.0,363.6877228911408,0.9708737864077671,102,96,1,0,95,95,28759,7,0,0,7,1
2020-06-08,US,Mississippi,Tippah,84,11,0,34.76872156,-88.90988194,28139.0,381.5580286168522,13.095238095238097,73,80,11,0,69,79,21995,4,0,0,4,1
2020-06-08,US,Mississippi,Tishomingo,41,0,0,34.74023475,-88.23917219,28141.0,211.52556363823967,0.0,41,37,0,0,37,37,19454,4,0,0,4,0
2020-06-08,US,Mississippi,Tunica,58,3,0,34.64967704,-90.37481167,28143.0,602.1594684385383,5.172413793103448,55,58,3,0,55,58,9944,0,0,0,0,0
2020-06-08,US,Mississippi,Union,92,7,0,34.49162015,-89.00776006,28145.0,319.2781537393719,7.608695652173912,85,91,7,0,84,91,28606,1,0,0,1,0
2020-06-08,US,Mississippi,Walthall,76,0,0,31.14971548,-90.10446654,28147.0,531.9893602127958,0.0,76,74,0,0,74,70,14465,2,0,0,2,4
2020-06-08,US,Mississippi,Warren,214,12,0,32.35810271,-90.83352619,28149.0,471.5629889160662,5.607476635514018,202,206,11,0,195,201,46176,8,1,0,7,5
2020-06-08,US,Mississippi,Washington,215,8,0,33.28392041,-90.94196237,28151.0,489.6490468924366,3.72093023255814,207,202,8,0,194,200,45063,13,0,0,13,2
2020-06-08,US,Mississippi,Wayne,328,4,0,31.64135687,-88.69573913,28153.0,1625.1300599514443,1.2195121951219512,324,315,3,0,312,295,20298,13,1,0,12,20
2020-06-08,US,Mississippi,Webster,98,6,0,33.61300486,-89.28392912,28155.0,1011.4562906388687,6.1224489795918355,92,96,5,0,91,93,9788,2,1,0,1,3
2020-06-08,US,Mississippi,Wilkinson,85,9,0,31.16078225,-91.31018819,28157.0,984.936268829664,10.588235294117649,76,85,9,0,76,85,8792,0,0,0,0,0
2020-06-08,US,Mississippi,Winston,136,1,0,33.08747908,-89.03391385,28159.0,757.44917850181,0.7352941176470589,135,128,1,0,127,125,18165,8,0,0,8,3
2020-06-08,US,Mississippi,Yalobusha,121,7,0,34.02824175,-89.70762049999998,28161.0,999.3392798149983,5.785123966942148,114,114,7,0,107,112,12392,7,0,0,7,2
2020-06-08,US,Mississippi,Yazoo,310,6,0,32.77890365,-90.39656148,28163.0,1044.1226002020883,1.935483870967742,304,301,5,0,296,300,28248,9,1,0,8,1
2020-06-08,US,Missouri,Adair,72,0,0,40.19058551,-92.60078167,29001.0,284.1021189283037,0.0,72,72,0,0,72,68,25339,0,0,0,0,4
2020-06-08,US,Missouri,Andrew,33,0,0,39.98492163,-94.80163024,29003.0,186.31436314363143,0.0,33,33,0,0,33,33,17607,0,0,0,0,0
2020-06-08,US,Missouri,Atchison,3,0,0,40.43238737,-95.42970639,29005.0,58.331713007972,0.0,3,3,0,0,3,3,5171,0,0,0,0,0
2020-06-08,US,Missouri,Audrain,117,0,0,39.215877,-91.84242683,29007.0,460.8476445564834,0.0,117,111,0,0,111,111,25473,6,0,0,6,0
2020-06-08,US,Missouri,Barry,9,0,0,36.70978521,-93.82919888,29009.0,25.147391656654282,0.0,9,9,0,0,9,9,35886,0,0,0,0,0
2020-06-08,US,Missouri,Bates,12,1,0,38.25271289,-94.34113157,29013.0,74.20232500618353,8.333333333333334,11,12,1,0,11,12,16320,0,0,0,0,0
2020-06-08,US,Missouri,Benton,13,0,0,38.29503305,-93.28756116,29015.0,66.86210975672479,0.0,13,13,0,0,13,13,19278,0,0,0,0,0
2020-06-08,US,Missouri,Bollinger,7,0,0,37.32449052,-90.02725304,29017.0,57.6938926893596,0.0,7,7,0,0,7,7,12169,0,0,0,0,0
2020-06-08,US,Missouri,Boone,193,2,0,38.99186229,-92.30723575,29019.0,106.94713043671,1.0362694300518134,191,189,2,0,187,185,180005,4,0,0,4,4
2020-06-08,US,Missouri,Buchanan,754,2,0,39.65816401,-94.80138942,29021.0,863.0557208919006,0.26525198938992045,752,748,2,0,746,744,88571,6,0,0,6,4
2020-06-08,US,Missouri,Butler,47,0,0,36.71462476,-90.40421163,29023.0,110.6455106172607,0.0,47,47,0,0,47,47,42639,0,0,0,0,0
2020-06-08,US,Missouri,Caldwell,8,0,0,39.65620858,-93.98308093,29025.0,88.69179600886919,0.0,8,8,0,0,8,8,9108,0,0,0,0,0
2020-06-08,US,Missouri,Callaway,34,1,0,38.83674754,-91.92186505,29027.0,75.9895402632814,2.9411764705882355,33,33,1,0,32,32,44889,1,0,0,1,1
2020-06-08,US,Missouri,Camden,38,1,0,38.02199522,-92.76083747,29029.0,82.06457186049023,2.631578947368421,37,38,1,0,37,38,45815,0,0,0,0,0
2020-06-08,US,Missouri,Cape Girardeau,87,3,0,37.38489388,-89.6843587,29031.0,110.30670335104159,3.4482758620689653,84,85,3,0,82,85,78753,2,0,0,2,0
2020-06-08,US,Missouri,Carroll,9,0,0,39.42762566,-93.50626255,29033.0,103.69858278603527,0.0,9,9,0,0,9,9,8743,0,0,0,0,0
2020-06-08,US,Missouri,Carter,5,1,0,36.94160441,-90.96051322,29035.0,83.58408559010364,20.0,4,5,1,0,4,5,6054,0,0,0,0,0
2020-06-08,US,Missouri,Cass,104,8,0,38.64789422,-94.353399,29037.0,98.31726224238984,7.6923076923076925,96,102,8,0,94,102,104954,2,0,0,2,0
2020-06-08,US,Missouri,Cedar,9,0,0,37.72391475,-93.85445441,29039.0,62.72214091574325,0.0,9,9,0,0,9,9,14165,0,0,0,0,0
2020-06-08,US,Missouri,Chariton,6,0,0,39.51499357,-92.9629191,29041.0,80.79719903043363,0.0,6,6,0,0,6,6,7451,0,0,0,0,0
2020-06-08,US,Missouri,Christian,29,0,0,36.9711783,-93.18537118,29043.0,32.733224222585925,0.0,29,29,0,0,29,29,86983,0,0,0,0,0
2020-06-08,US,Missouri,Clark,1,0,0,40.41040752,-91.73661677,29045.0,14.712373105781962,0.0,1,1,0,0,1,1,6842,0,0,0,0,0
2020-06-08,US,Missouri,Clay,240,4,0,39.31132056,-94.41850862,29047.0,96.01997215420806,1.6666666666666667,236,233,4,0,229,226,246365,7,0,0,7,7
2020-06-08,US,Missouri,Clinton,20,0,0,39.6013098,-94.40465394,29049.0,98.10173149556091,0.0,20,20,0,0,20,20,20470,0,0,0,0,0
2020-06-08,US,Missouri,Cole,61,1,0,38.50455671,-92.27860244,29051.0,79.48400547266922,1.639344262295082,60,61,1,0,60,61,76796,0,0,0,0,0
2020-06-08,US,Missouri,Cooper,9,0,0,38.844478,-92.80896081,29053.0,50.82161612739286,0.0,9,9,0,0,9,9,17603,0,0,0,0,0
2020-06-08,US,Missouri,Crawford,9,0,0,37.97663738,-91.30528104,29055.0,37.625418060200666,0.0,9,9,0,0,9,9,23957,0,0,0,0,0
2020-06-08,US,Missouri,Dallas,5,0,0,37.681135499999996,-93.02127031,29059.0,29.624363076193863,0.0,5,5,0,0,5,4,16762,0,0,0,0,1
2020-06-08,US,Missouri,Daviess,5,0,0,39.96145298,-93.98519678,29061.0,60.40106305870983,0.0,5,5,0,0,5,5,8313,0,0,0,0,0
2020-06-08,US,Missouri,DeKalb,7,0,0,39.89201062,-94.40476508,29063.0,55.79022873993783,0.0,7,7,0,0,7,7,12630,0,0,0,0,0
2020-06-08,US,Missouri,Dunklin,49,2,0,36.27167174,-90.09122243,29069.0,168.20569153135838,4.081632653061225,47,49,2,0,47,48,29423,0,0,0,0,1
2020-06-08,US,Missouri,Franklin,153,18,0,38.41127108,-91.07522826,29071.0,147.16208027547202,11.764705882352944,135,150,17,0,133,150,103670,3,1,0,2,0
2020-06-08,US,Missouri,Gasconade,2,0,0,38.43947277,-91.50847147,29073.0,13.599891200870395,0.0,2,2,0,0,2,2,14705,0,0,0,0,0
2020-06-08,US,Missouri,Gentry,54,0,0,40.21097916,-94.40944419,29075.0,821.7927256125398,0.0,54,52,0,0,52,52,6628,2,0,0,2,0
2020-06-08,US,Missouri,Greene,176,8,0,37.2575872,-93.34230916,29077.0,60.05063360242386,4.545454545454546,168,174,8,0,166,174,291923,2,0,0,2,0
2020-06-08,US,Missouri,Harrison,9,0,0,40.35570088,-93.99222144,29081.0,107.75862068965515,0.0,9,9,0,0,9,9,8414,0,0,0,0,0
2020-06-08,US,Missouri,Henry,12,3,0,38.38482826,-93.79293734,29083.0,54.98533724340176,25.0,9,12,3,0,9,12,21792,0,0,0,0,0
2020-06-08,US,Missouri,Holt,2,0,0,40.09799248,-95.21638879999999,29087.0,45.42357483533954,0.0,2,2,0,0,2,2,4404,0,0,0,0,0
2020-06-08,US,Missouri,Howard,3,0,0,39.1435761,-92.69756691,29089.0,29.99700029997,0.0,3,3,0,0,3,3,10137,0,0,0,0,0
2020-06-08,US,Missouri,Howell,15,0,0,36.77383887,-91.88683935,29091.0,37.39063240022933,0.0,15,12,0,0,12,12,40076,3,0,0,3,0
2020-06-08,US,Missouri,Iron,3,0,0,37.55487945,-90.7735296,29093.0,29.62962962962963,0.0,3,3,0,0,3,3,10177,0,0,0,0,0
2020-06-08,US,Missouri,Jackson,716,22,0,39.01002188,-94.34724536,29095.0,101.84762400588328,3.0726256983240225,694,702,22,0,680,696,700307,14,0,0,14,6
2020-06-08,US,Missouri,Jasper,62,0,0,37.20351921,-94.34050458,29097.0,51.10114730317816,0.0,62,56,0,0,56,50,120636,6,0,0,6,6
2020-06-08,US,Missouri,Jefferson,407,19,0,38.25926778,-90.53870896,29099.0,180.8237923236524,4.6683046683046685,388,398,18,0,380,398,224347,9,1,0,8,0
2020-06-08,US,Missouri,Johnson,78,0,0,38.74719601,-93.80691168,29101.0,144.2787910177204,0.0,78,77,0,0,77,77,53652,1,0,0,1,0
2020-06-08,US,Missouri,Kansas City,1565,27,0,39.0997,-94.5786,0.0,320.0782095254457,1.7252396166134183,1538,1527,27,0,1500,1501,491918,38,0,0,38,26
2020-06-08,US,Missouri,Laclede,7,0,0,37.65896829,-92.5888493,29105.0,19.595218766620945,0.0,7,7,0,0,7,7,35713,0,0,0,0,0
2020-06-08,US,Missouri,Lafayette,81,3,0,39.06986886,-93.78076396,29107.0,247.64583588112998,3.703703703703704,78,81,3,0,78,81,32598,0,0,0,0,0
2020-06-08,US,Missouri,Lawrence,8,0,0,37.10626634,-93.83293097,29109.0,20.857776039629773,0.0,8,8,0,0,8,8,38359,0,0,0,0,0
2020-06-08,US,Missouri,Lewis,7,1,0,40.09673161,-91.72070156,29111.0,71.6039279869067,14.285714285714285,6,7,1,0,6,7,9855,0,0,0,0,0
2020-06-08,US,Missouri,Lincoln,121,1,0,39.05345619,-90.95588181,29113.0,205.0395675529121,0.8264462809917356,120,121,1,0,120,121,57686,0,0,0,0,0
2020-06-08,US,Missouri,Linn,10,1,0,39.87001769,-93.10704106,29115.0,83.89261744966444,10.0,9,10,1,0,9,10,12037,0,0,0,0,0
2020-06-08,US,Missouri,Livingston,5,0,0,39.78110272,-93.54645978,29117.0,32.83640901031063,0.0,5,5,0,0,5,5,15146,0,0,0,0,0
2020-06-08,US,Missouri,Macon,6,0,0,39.83049768,-92.56453089,29121.0,39.69041476483429,0.0,6,6,0,0,6,6,15153,0,0,0,0,0
2020-06-08,US,Missouri,Madison,3,0,0,37.47865134,-90.34671429999999,29123.0,24.81800132362674,0.0,3,3,0,0,3,3,12188,0,0,0,0,0
2020-06-08,US,Missouri,Maries,2,0,0,38.16193985,-91.92249662,29125.0,22.996435552489363,0.0,2,2,0,0,2,2,8769,0,0,0,0,0
2020-06-08,US,Missouri,Marion,5,0,0,39.80601912,-91.62203062,29127.0,17.525411847178407,0.0,5,5,0,0,5,5,28592,0,0,0,0,0
2020-06-08,US,Missouri,McDonald,29,0,0,36.62869595,-94.34867205,29119.0,126.98690721198057,0.0,29,26,0,0,26,25,23078,3,0,0,3,1
2020-06-08,US,Missouri,Miller,4,0,0,38.21450288,-92.42610898,29131.0,15.613411920839999,0.0,4,4,0,0,4,4,25336,0,0,0,0,0
2020-06-08,US,Missouri,Mississippi,63,0,0,36.82516239,-89.29505753,29133.0,477.99696509863435,0.0,63,61,0,0,61,61,13336,2,0,0,2,0
2020-06-08,US,Missouri,Moniteau,49,0,0,38.63571781,-92.57976951,29135.0,303.74411108356065,0.0,49,49,0,0,49,49,16121,0,0,0,0,0
2020-06-08,US,Missouri,Montgomery,13,0,0,38.94022054,-91.47000721,29139.0,112.5443684529478,0.0,13,11,0,0,11,11,11534,2,0,0,2,0
2020-06-08,US,Missouri,Morgan,9,0,0,38.4181765,-92.88791859,29141.0,43.63213264168323,0.0,9,9,0,0,9,9,20358,0,0,0,0,0
2020-06-08,US,Missouri,New Madrid,22,0,0,36.59666326,-89.66070007,29143.0,128.8357929257437,0.0,22,21,0,0,21,21,17296,1,0,0,1,0
2020-06-08,US,Missouri,Newton,28,1,0,36.90519407,-94.3394104,29145.0,48.0802252901985,3.571428571428572,27,26,1,0,25,26,58266,2,0,0,2,0
2020-06-08,US,Missouri,Nodaway,14,0,0,40.36079813,-94.88133008,29147.0,63.371356147021544,0.0,14,14,0,0,14,14,22304,0,0,0,0,0
2020-06-08,US,Missouri,Oregon,2,0,0,36.68710164,-91.4033755,29149.0,18.995156235160035,0.0,2,2,0,0,2,2,10541,0,0,0,0,0
2020-06-08,US,Missouri,Osage,6,0,0,38.46036182,-91.8613635,29151.0,44.06904149834741,0.0,6,5,0,0,5,5,13714,1,0,0,1,0
2020-06-08,US,Missouri,Pemiscot,94,5,0,36.2130572,-89.78742322,29155.0,594.7484973109774,5.319148936170213,89,91,5,0,86,91,16272,3,0,0,3,0
2020-06-08,US,Missouri,Perry,71,0,0,37.70660776,-89.82741088,29157.0,371.02842809364546,0.0,71,70,0,0,70,69,19150,1,0,0,1,1
2020-06-08,US,Missouri,Pettis,81,1,0,38.72798918,-93.28471706,29159.0,191.3129738538936,1.2345679012345678,80,81,1,0,80,79,42542,0,0,0,0,2
2020-06-08,US,Missouri,Phelps,5,0,0,37.87736118,-91.79351727,29161.0,11.217553227290065,0.0,5,5,0,0,5,5,44732,0,0,0,0,0
2020-06-08,US,Missouri,Pike,28,1,0,39.34310674,-91.16980779,29163.0,152.9887443995192,3.571428571428572,27,28,1,0,27,28,18504,0,0,0,0,0
2020-06-08,US,Missouri,Platte,79,0,0,39.38154439,-94.77068479,29165.0,75.65745369572295,0.0,79,77,0,0,77,77,102985,2,0,0,2,0
2020-06-08,US,Missouri,Polk,4,0,0,37.616229600000004,-93.39828174,29167.0,12.442066627266787,0.0,4,4,0,0,4,4,32201,0,0,0,0,0
2020-06-08,US,Missouri,Pulaski,107,1,0,37.82462075,-92.20783203,29169.0,203.394985458209,0.9345794392523364,106,107,1,0,106,107,52014,0,0,0,0,0
2020-06-08,US,Missouri,Ralls,5,0,0,39.52817427,-91.51838643,29173.0,48.50130953535746,0.0,5,5,0,0,5,5,10212,0,0,0,0,0
2020-06-08,US,Missouri,Randolph,10,0,0,39.44007257,-92.49713740000001,29175.0,40.40730564085987,0.0,10,10,0,0,10,10,24763,0,0,0,0,0
2020-06-08,US,Missouri,Ray,23,0,0,39.353746799999996,-93.98905745,29177.0,99.92180033017637,0.0,23,23,0,0,23,23,22883,0,0,0,0,0
2020-06-08,US,Missouri,Reynolds,2,0,0,37.36085952,-90.97009925,29179.0,31.897926634768737,0.0,2,2,0,0,2,2,6254,0,0,0,0,0
2020-06-08,US,Missouri,Ripley,11,0,0,36.65460667,-90.85990261,29181.0,82.78145695364239,0.0,11,11,0,0,11,11,13401,0,0,0,0,0
2020-06-08,US,Missouri,Saline,283,2,0,39.13734288,-93.20259964,29195.0,1243.3548613857035,0.7067137809187279,281,283,2,0,281,283,22895,0,0,0,0,0
2020-06-08,US,Missouri,Scotland,9,0,0,40.45214695,-92.14709064,29199.0,183.5985312117503,0.0,9,9,0,0,9,9,4966,0,0,0,0,0
2020-06-08,US,Missouri,Scott,123,11,0,37.05588075,-89.56474493,29201.0,321.31661442006265,8.943089430894311,112,121,11,0,110,121,38458,2,0,0,2,0
2020-06-08,US,Missouri,Shelby,1,0,0,39.79742518,-92.07634971,29205.0,16.863406408094434,0.0,1,1,0,0,1,1,6050,0,0,0,0,0
2020-06-08,US,Missouri,St. Charles,844,65,0,38.77875681,-90.66662425,29183.0,209.93875957037173,7.701421800947868,779,838,65,0,773,836,399182,6,0,0,6,2
2020-06-08,US,Missouri,St. Clair,3,0,0,38.03699437,-93.77631447,29185.0,31.925082473129727,0.0,3,3,0,0,3,3,9395,0,0,0,0,0
2020-06-08,US,Missouri,St. Francois,41,2,0,37.81214171,-90.47598685,29187.0,60.998289072379684,4.878048780487805,39,39,2,0,37,39,66692,2,0,0,2,0
2020-06-08,US,Missouri,St. Louis,5217,466,0,38.63770039999999,-90.4458375,29189.0,524.7408733611277,8.93233659191106,4751,5217,460,0,4757,5217,996945,0,6,0,-6,0
2020-06-08,US,Missouri,St. Louis City,2071,135,0,38.63555736,-90.24349225,29510.0,689.0104333013946,6.518590053114438,1936,2071,135,0,1936,2068,302838,0,0,0,0,3
2020-06-08,US,Missouri,Ste. Genevieve,12,1,0,37.89090059,-90.1949941,29186.0,67.06158488878954,8.333333333333334,11,12,1,0,11,12,17888,0,0,0,0,0
2020-06-08,US,Missouri,Stoddard,106,0,0,36.85571651,-89.9444155,29207.0,365.2024117140396,0.0,106,106,0,0,106,106,29206,0,0,0,0,0
2020-06-08,US,Missouri,Stone,10,0,0,36.75000327,-93.45256475,29209.0,31.296945418127194,0.0,10,10,0,0,10,10,31749,0,0,0,0,0
2020-06-08,US,Missouri,Sullivan,67,0,0,40.2099105,-93.11150106,29211.0,1100.3448842174412,0.0,67,66,0,0,66,65,6221,1,0,0,1,1
2020-06-08,US,Missouri,Taney,14,2,0,36.65465345,-93.04075153,29213.0,25.03218423687598,14.285714285714285,12,14,2,0,12,14,55852,0,0,0,0,0
2020-06-08,US,Missouri,Texas,1,0,0,37.31728859,-91.96564727,29215.0,3.937317899047169,0.0,1,1,0,0,1,1,25571,0,0,0,0,0
2020-06-08,US,Missouri,Vernon,12,0,0,37.8457799,-94.34127305,29217.0,58.357243592860954,0.0,12,11,0,0,11,10,20528,1,0,0,1,1
2020-06-08,US,Missouri,Warren,29,0,0,38.76529479,-91.16124662,29219.0,81.3487054335325,0.0,29,29,0,0,29,29,34711,0,0,0,0,0
2020-06-08,US,Missouri,Washington,13,1,0,37.96130078,-90.87948158,29221.0,52.56773150020218,7.6923076923076925,12,13,1,0,12,13,24943,0,0,0,0,0
2020-06-08,US,Missouri,Webster,18,0,0,37.2813734,-92.876329,29225.0,45.463730046474026,0.0,18,18,0,0,18,18,39109,0,0,0,0,0
2020-06-08,US,Missouri,Worth,4,0,0,40.47945588,-94.42328751,29227.0,198.7083954297069,0.0,4,4,0,0,4,4,2040,0,0,0,0,0
2020-06-08,US,Missouri,Wright,14,0,0,37.27029221,-92.46914488,29229.0,76.54874514735633,0.0,14,14,0,0,14,13,18378,0,0,0,0,1
2020-06-08,US,Montana,Beaverhead,1,0,0,45.13434354,-112.89846940000001,30001.0,10.578652279699568,0.0,1,1,0,0,1,1,9404,0,0,0,0,0
2020-06-08,US,Montana,Big Horn,39,1,0,45.42335905,-107.492347,30003.0,292.8147758840754,2.5641025641025643,38,39,1,0,38,36,13338,0,0,0,0,3
2020-06-08,US,Montana,Broadwater,4,0,0,46.33277565,-111.49558130000001,30007.0,64.1333974667308,0.0,4,4,0,0,4,4,6085,0,0,0,0,0
2020-06-08,US,Montana,Carbon,6,0,0,45.22850116,-109.0274047,30009.0,55.94405594405596,0.0,6,6,0,0,6,6,10714,0,0,0,0,0
2020-06-08,US,Montana,Cascade,17,2,0,47.30797024,-111.3467922,30013.0,20.893247793918835,11.764705882352944,15,17,2,0,15,17,81643,0,0,0,0,0
2020-06-08,US,Montana,Deer Lodge,3,0,0,46.05953325,-113.073353,30023.0,32.822757111597376,0.0,3,3,0,0,3,3,9131,0,0,0,0,0
2020-06-08,US,Montana,Flathead,37,2,0,48.29575866,-114.05205690000001,30029.0,35.64341174883918,5.405405405405406,35,37,2,0,35,37,102106,0,0,0,0,0
2020-06-08,US,Montana,Gallatin,164,1,0,45.54486106,-111.1692571,30031.0,143.3140500200989,0.6097560975609756,163,162,1,0,161,161,111876,2,0,0,2,1
2020-06-08,US,Montana,Glacier,6,0,0,48.70513576,-112.9934235,30035.0,43.62684505198866,0.0,6,6,0,0,6,6,13747,0,0,0,0,0
2020-06-08,US,Montana,Golden Valley,3,0,0,46.3816474,-109.17685220000001,30037.0,365.40803897685754,0.0,3,3,0,0,3,3,826,0,0,0,0,0
2020-06-08,US,Montana,Hill,1,0,0,48.62879827,-110.1129252,30041.0,6.066488716330987,0.0,1,1,0,0,1,1,16347,0,0,0,0,0
2020-06-08,US,Montana,Jefferson,3,0,0,46.14907081,-112.094396,30043.0,24.547909336388184,0.0,3,3,0,0,3,3,12097,0,0,0,0,0
2020-06-08,US,Montana,Lake,5,0,0,47.64514965,-114.0898013,30047.0,16.41604832884628,0.0,5,5,0,0,5,5,30250,0,0,0,0,0
2020-06-08,US,Montana,Lewis and Clark,18,0,0,47.12610041,-112.39469799999999,30049.0,25.924645696508808,0.0,18,18,0,0,18,18,68700,0,0,0,0,0
2020-06-08,US,Montana,Liberty,1,0,0,48.56084317,-111.02430700000001,30051.0,42.78990158322636,0.0,1,1,0,0,1,1,2430,0,0,0,0,0
2020-06-08,US,Montana,Lincoln,7,1,0,48.54265777,-115.4046155,30053.0,35.03503503503504,14.285714285714285,6,7,1,0,6,7,19794,0,0,0,0,0
2020-06-08,US,Montana,Madison,8,1,0,45.30080065,-111.9173017,30057.0,93.02325581395347,12.5,7,8,1,0,7,8,8768,0,0,0,0,0
2020-06-08,US,Montana,Meagher,1,0,0,46.59907074,-110.8898557,30059.0,53.705692803437174,0.0,1,1,0,0,1,1,1866,0,0,0,0,0
2020-06-08,US,Montana,Missoula,40,1,0,47.03728583,-113.92135079999998,30063.0,33.44481605351171,2.5,39,40,1,0,39,40,118791,0,0,0,0,0
2020-06-08,US,Montana,Musselshell,1,0,0,46.49684637,-108.39498,30065.0,21.58428663932657,0.0,1,1,0,0,1,1,4651,0,0,0,0,0
2020-06-08,US,Montana,Park,8,0,0,45.48965095,-110.52643940000002,30067.0,48.17535830422739,0.0,8,8,0,0,8,8,16736,0,0,0,0,0
2020-06-08,US,Montana,Pondera,2,0,0,48.22773388,-112.22527029999999,30073.0,33.83522246658772,0.0,2,2,0,0,2,2,5972,0,0,0,0,0
2020-06-08,US,Montana,Ravalli,14,0,0,46.08520862,-114.11891640000002,30081.0,31.959092361776925,0.0,14,14,0,0,14,14,43172,0,0,0,0,0
2020-06-08,US,Montana,Richland,3,0,0,47.78668011,-104.5610786,30083.0,27.770063871146906,0.0,3,3,0,0,3,3,10913,0,0,0,0,0
2020-06-08,US,Montana,Roosevelt,7,0,0,48.29607488,-105.00792679999999,30085.0,63.613231552162844,0.0,7,7,0,0,7,7,11059,0,0,0,0,0
2020-06-08,US,Montana,Rosebud,1,0,0,46.23397237,-106.72928799999998,30087.0,11.189437171310285,0.0,1,1,0,0,1,1,9063,0,0,0,0,0
2020-06-08,US,Montana,Silver Bow,11,0,0,45.90018933,-112.6620092,30093.0,31.505083774881854,0.0,11,11,0,0,11,11,34993,0,0,0,0,0
2020-06-08,US,Montana,Stillwater,2,0,0,45.67071407,-109.3950061,30095.0,20.742584526031944,0.0,2,1,0,0,1,1,9534,1,0,0,1,0
2020-06-08,US,Montana,Toole,29,6,0,48.65577551,-111.69424140000001,30101.0,612.331081081081,20.689655172413797,23,29,6,0,23,29,4853,0,0,0,0,0
2020-06-08,US,Montana,Wheatland,1,0,0,46.46652491,-109.84646359999999,30107.0,47.036688617121364,0.0,1,1,0,0,1,1,2236,0,0,0,0,0
2020-06-08,US,Montana,Yellowstone,105,3,0,45.93955949,-108.26914860000001,30111.0,65.09609423434594,2.8571428571428568,102,105,3,0,102,104,160137,0,0,0,0,1
2020-06-08,US,Nebraska,Adams,276,11,0,40.52449420000001,-98.50117804,31001.0,880.017855434748,3.985507246376812,265,275,11,0,264,275,31511,1,0,0,1,0
2020-06-08,US,Nebraska,Antelope,8,0,0,42.17695516,-98.06662829999999,31003.0,127.02445220704986,0.0,8,8,0,0,8,8,6336,0,0,0,0,0
2020-06-08,US,Nebraska,Boone,7,0,0,41.70759415,-98.06737183,31011.0,134.82280431432974,0.0,7,7,0,0,7,7,5239,0,0,0,0,0
2020-06-08,US,Nebraska,Box Butte,3,0,0,42.22079243,-103.08788340000001,31013.0,27.821570991375317,0.0,3,3,0,0,3,2,10772,0,0,0,0,1
2020-06-08,US,Nebraska,Boyd,1,0,0,42.899727399999996,-98.76486568,31015.0,52.11047420531528,0.0,1,1,0,0,1,1,1955,0,0,0,0,0
2020-06-08,US,Nebraska,Buffalo,174,1,0,40.85486962,-99.07500296,31019.0,350.3896574639038,0.5747126436781609,173,174,1,0,173,174,49615,0,0,0,0,0
2020-06-08,US,Nebraska,Burt,10,0,0,41.85056773,-96.32605633,31021.0,154.82272797646695,0.0,10,10,0,0,10,10,6488,0,0,0,0,0
2020-06-08,US,Nebraska,Butler,51,0,0,41.22703692,-97.13106306,31023.0,636.2275449101796,0.0,51,51,0,0,51,51,8058,0,0,0,0,0
2020-06-08,US,Nebraska,Cass,55,0,0,40.90899107,-96.13971217,31025.0,209.53977445900642,0.0,55,55,0,0,55,54,26159,0,0,0,0,1
2020-06-08,US,Nebraska,Cedar,8,0,0,42.598885100000004,-97.25311951,31027.0,95.21542489883362,0.0,8,8,0,0,8,8,8446,0,0,0,0,0
2020-06-08,US,Nebraska,Chase,1,0,0,40.523719799999995,-101.69780259999999,31029.0,25.4841997961264,0.0,1,1,0,0,1,1,3977,0,0,0,0,0
2020-06-08,US,Nebraska,Cherry,1,0,0,42.54502621,-101.1244332,31031.0,17.577781683951486,0.0,1,1,0,0,1,1,5761,0,0,0,0,0
2020-06-08,US,Nebraska,Cheyenne,10,0,0,41.21999357,-102.9941693,31033.0,112.23344556677891,0.0,10,10,0,0,10,10,9310,0,0,0,0,0
2020-06-08,US,Nebraska,Clay,24,0,0,40.52439441,-98.05126296,31035.0,386.90955989037565,0.0,24,24,0,0,24,24,6214,0,0,0,0,0
2020-06-08,US,Nebraska,Colfax,637,4,0,41.57486951,-97.0868542,31037.0,5948.267812120645,0.6279434850863422,633,637,4,0,633,635,10881,0,0,0,0,2
2020-06-08,US,Nebraska,Cuming,34,0,0,41.91637624,-96.78730772,31039.0,384.35451051322633,0.0,34,34,0,0,34,34,8940,0,0,0,0,0
2020-06-08,US,Nebraska,Custer,34,4,0,41.39374521,-99.72805369,31041.0,315.4866846061056,11.764705882352944,30,34,4,0,30,34,10840,0,0,0,0,0
2020-06-08,US,Nebraska,Dakota,1715,26,0,42.39040144,-96.56656425,31043.0,8563.866972935184,1.5160349854227406,1689,1704,26,0,1678,1702,20083,11,0,0,11,2
2020-06-08,US,Nebraska,Dawes,1,0,0,42.71985036,-103.1313774,31045.0,11.6427989288625,0.0,1,1,0,0,1,1,8716,0,0,0,0,0
2020-06-08,US,Nebraska,Dawson,843,8,0,40.87028216,-99.82014609999999,31047.0,3572.790845518118,0.9489916963226572,835,843,8,0,835,842,23709,0,0,0,0,1
2020-06-08,US,Nebraska,Dixon,32,1,0,42.49188363,-96.86782408,31051.0,567.7785663591201,3.125,31,32,0,0,32,32,5709,0,1,0,-1,0
2020-06-08,US,Nebraska,Dodge,571,1,0,41.58071748,-96.65598179,31053.0,1561.602625461507,0.17513134851138354,570,567,1,0,566,565,36791,4,0,0,4,2
2020-06-08,US,Nebraska,Douglas,5092,42,0,41.29518299,-96.15085305,31055.0,891.2584211843655,0.8248232521602514,5050,5032,42,0,4990,4982,566880,60,0,0,60,50
2020-06-08,US,Nebraska,Fillmore,7,1,0,40.52458567,-97.59646937,31059.0,128.15818381545222,14.285714285714285,6,7,1,0,6,7,5527,0,0,0,0,0
2020-06-08,US,Nebraska,Franklin,6,0,0,40.17636348,-98.95299073,31061.0,201.40986908358508,0.0,6,6,0,0,6,6,3023,0,0,0,0,0
2020-06-08,US,Nebraska,Frontier,1,0,0,40.52993007,-100.3924658,31063.0,38.06623524933384,0.0,1,1,0,0,1,1,2608,0,0,0,0,0
2020-06-08,US,Nebraska,Furnas,9,0,0,40.17642064,-99.91247454,31065.0,192.4721984602224,0.0,9,9,0,0,9,9,4715,0,0,0,0,0
2020-06-08,US,Nebraska,Gage,45,4,0,40.26186809,-96.68946704,31067.0,209.17584716218101,8.888888888888891,41,45,4,0,41,45,21493,0,0,0,0,0
2020-06-08,US,Nebraska,Garden,4,0,0,41.61703149,-102.3313973,31069.0,217.74632553075668,0.0,4,4,0,0,4,4,1897,0,0,0,0,0
2020-06-08,US,Nebraska,Garfield,1,0,0,41.91428955,-98.99111827,31071.0,50.787201625190455,0.0,1,1,0,0,1,1,1987,0,0,0,0,0
2020-06-08,US,Nebraska,Gosper,13,0,0,40.51481965,-99.83020279,31073.0,653.2663316582915,0.0,13,13,0,0,13,13,1996,0,0,0,0,0
2020-06-08,US,Nebraska,Greeley,3,0,0,41.56742671,-98.52150266,31077.0,127.33446519524618,0.0,3,3,0,0,3,3,2356,0,0,0,0,0
2020-06-08,US,Nebraska,Hall,1546,44,0,40.87257079,-98.50218293,31079.0,2519.844180398677,2.846054333764554,1502,1543,44,0,1499,1542,61607,3,0,0,3,1
2020-06-08,US,Nebraska,Hamilton,56,11,0,40.87349452,-98.02099117,31081.0,600.6006006006006,19.642857142857142,45,56,11,0,45,56,9280,0,0,0,0,0
2020-06-08,US,Nebraska,Hitchcock,1,0,0,40.17609175,-101.04164770000001,31087.0,36.205648081100655,0.0,1,1,0,0,1,1,2806,0,0,0,0,0
2020-06-08,US,Nebraska,Holt,1,0,0,42.45522056,-98.78402558,31089.0,9.933445912387008,0.0,1,1,0,0,1,1,10178,0,0,0,0,0
2020-06-08,US,Nebraska,Howard,43,4,0,41.2200529,-98.5166499,31093.0,667.1838634600465,9.30232558139535,39,43,4,0,39,43,6468,0,0,0,0,0
2020-06-08,US,Nebraska,Jefferson,8,0,0,40.17584531,-97.142601,31095.0,113.53959693443086,0.0,8,8,0,0,8,7,7097,0,0,0,0,1
2020-06-08,US,Nebraska,Johnson,6,0,0,40.39257596,-96.26522753,31097.0,118.3198580161704,0.0,6,6,0,0,6,6,5134,0,0,0,0,0
2020-06-08,US,Nebraska,Kearney,12,0,0,40.50663314,-98.94877182,31099.0,184.75750577367202,0.0,12,12,0,0,12,12,6544,0,0,0,0,0
2020-06-08,US,Nebraska,Keith,2,0,0,41.19930341,-101.66201640000001,31101.0,24.894199651481205,0.0,2,2,0,0,2,2,8021,0,0,0,0,0
2020-06-08,US,Nebraska,Kimball,8,0,0,41.19774275,-103.7148131,31105.0,220.26431718061676,0.0,8,8,0,0,8,8,3618,0,0,0,0,0
2020-06-08,US,Nebraska,Knox,11,0,0,42.63758421,-97.89178836,31107.0,132.02112337974077,0.0,11,11,0,0,11,11,8419,0,0,0,0,0
2020-06-08,US,Nebraska,Lancaster,1363,10,0,40.78416049,-96.68777155,31109.0,427.15221410887216,0.7336757153338225,1353,1349,10,0,1339,1340,317272,14,0,0,14,9
2020-06-08,US,Nebraska,Lincoln,49,2,0,41.04658298,-100.74753740000001,31111.0,140.34484733917623,4.081632653061225,47,49,2,0,47,49,35185,0,0,0,0,0
2020-06-08,US,Nebraska,Madison,325,4,0,41.91676024,-97.6005481,31119.0,925.9523063335138,1.2307692307692308,321,324,4,0,320,323,35392,1,0,0,1,1
2020-06-08,US,Nebraska,Merrick,36,0,0,41.16624273,-98.0374887,31121.0,464.2166344294004,0.0,36,35,0,0,35,34,7733,1,0,0,1,1
2020-06-08,US,Nebraska,Morrill,11,0,0,41.71711774,-103.0061405,31123.0,236.96682464454975,0.0,11,11,0,0,11,11,4686,0,0,0,0,0
2020-06-08,US,Nebraska,Nance,4,0,0,41.39750195,-97.99327291,31125.0,113.66865586814436,0.0,4,4,0,0,4,4,3532,0,0,0,0,0
2020-06-08,US,Nebraska,Nemaha,4,0,0,40.38514847,-95.85433992,31127.0,57.37234652897303,0.0,4,4,0,0,4,4,6958,0,0,0,0,0
2020-06-08,US,Nebraska,Nuckolls,1,0,0,40.17637905,-98.04743961,31129.0,24.10800385728061,0.0,1,1,0,0,1,1,4195,0,0,0,0,0
2020-06-08,US,Nebraska,Otoe,11,0,0,40.64843556,-96.13374142,31131.0,68.69847614289283,0.0,11,11,0,0,11,11,15985,0,0,0,0,0
2020-06-08,US,Nebraska,Phelps,20,0,0,40.51156033,-99.41461667,31137.0,221.38587558113792,0.0,20,20,0,0,20,20,8996,0,0,0,0,0
2020-06-08,US,Nebraska,Pierce,6,0,0,42.26434853,-97.60122773,31139.0,83.93956351426971,0.0,6,6,0,0,6,6,7142,0,0,0,0,0
2020-06-08,US,Nebraska,Platte,629,1,0,41.57246836,-97.52144359,31141.0,1879.2948909471168,0.1589825119236884,628,624,1,0,623,621,33363,5,0,0,5,3
2020-06-08,US,Nebraska,Polk,11,0,0,41.18813488,-97.56630712,31143.0,211.01093420295413,0.0,11,11,0,0,11,11,5278,0,0,0,0,0
2020-06-08,US,Nebraska,Red Willow,5,0,0,40.17556879999999,-100.476998,31145.0,46.624393882879524,0.0,5,5,0,0,5,5,10726,0,0,0,0,0
2020-06-08,US,Nebraska,Richardson,1,0,0,40.1247415,-95.71755036,31147.0,12.714558169103626,0.0,1,1,0,0,1,1,7937,0,0,0,0,0
2020-06-08,US,Nebraska,Saline,518,2,0,40.52418865,-97.14085859,31151.0,3641.7322834645674,0.3861003861003861,516,517,2,0,515,515,14350,1,0,0,1,2
2020-06-08,US,Nebraska,Sarpy,787,4,0,41.11314181,-96.11156432,31153.0,420.4149661317549,0.5082592121982211,783,773,4,0,769,765,184459,14,0,0,14,8
2020-06-08,US,Nebraska,Saunders,51,1,0,41.227810299999994,-96.63773905,31155.0,236.35183983687088,1.96078431372549,50,51,1,0,50,51,21303,0,0,0,0,0
2020-06-08,US,Nebraska,Scotts Bluff,145,0,0,41.85070896,-103.70809859999999,31157.0,407.0975349542366,0.0,145,143,0,0,143,140,35989,2,0,0,2,3
2020-06-08,US,Nebraska,Seward,29,1,0,40.87241834,-97.139673,31159.0,167.78523489932888,3.4482758620689653,28,29,1,0,28,29,17318,0,0,0,0,0
2020-06-08,US,Nebraska,Sherman,5,0,0,41.22045983,-98.97588642,31163.0,166.61112962345885,0.0,5,5,0,0,5,5,3038,0,0,0,0,0
2020-06-08,US,Nebraska,Stanton,21,0,0,41.9169835,-97.19394708,31167.0,354.72972972972974,0.0,21,21,0,0,21,21,5970,0,0,0,0,0
2020-06-08,US,Nebraska,Thayer,1,0,0,40.17626377,-97.59504381,31169.0,19.98800719568259,0.0,1,1,0,0,1,1,5039,0,0,0,0,0
2020-06-08,US,Nebraska,Thomas,1,0,0,41.91358968,-100.5556632,31171.0,138.50415512465375,0.0,1,1,0,0,1,1,720,0,0,0,0,0
2020-06-08,US,Nebraska,Thurston,55,0,0,42.15725356,-96.54157099,31173.0,761.3510520487265,0.0,55,51,0,0,51,50,7303,4,0,0,4,1
2020-06-08,US,Nebraska,Unassigned,217,0,0,0.0,0.0,90031.0,0.0,0.0,217,217,0,0,217,217,,0,0,0,0,0
2020-06-08,US,Nebraska,Valley,6,0,0,41.56730777,-98.98197724,31175.0,144.3001443001443,0.0,6,5,0,0,5,5,4190,1,0,0,1,0
2020-06-08,US,Nebraska,Washington,36,1,0,41.52815707,-96.22019892,31177.0,173.66973804814515,2.7777777777777777,35,36,1,0,35,34,20667,0,0,0,0,2
2020-06-08,US,Nebraska,Wayne,25,0,0,42.20934475,-97.11926964,31179.0,266.3825253063399,0.0,25,25,0,0,25,24,9403,0,0,0,0,1
2020-06-08,US,Nebraska,Webster,5,0,0,40.17642643,-98.50019851,31181.0,143.38973329509608,0.0,5,5,0,0,5,5,3533,0,0,0,0,0
2020-06-08,US,Nebraska,York,37,0,0,40.87272618,-97.59710186,31185.0,270.4876087433292,0.0,37,37,0,0,37,37,13772,0,0,0,0,0
2020-06-08,US,Nevada,Carson City,111,5,0,39.15509045,-119.7480219,32510.0,198.5120537949782,4.504504504504505,106,109,5,0,104,109,55414,2,0,0,2,0
2020-06-08,US,Nevada,Churchill,10,1,0,39.58105744,-118.3394607,32001.0,40.14613192018949,10.0,9,8,1,0,7,8,24440,2,0,0,2,0
2020-06-08,US,Nevada,Clark,7592,363,0,36.21458855,-115.0130241,32003.0,334.93403449485265,4.781348788198104,7229,7483,359,0,7124,7331,2231647,109,4,0,105,152
2020-06-08,US,Nevada,Douglas,38,0,0,38.912862,-119.61713329999999,32005.0,77.70166649626826,0.0,38,38,0,0,38,38,48467,0,0,0,0,0
2020-06-08,US,Nevada,Elko,27,1,0,41.14531606,-115.3577619,32007.0,51.15767933608701,3.703703703703704,26,27,1,0,26,27,52460,0,0,0,0,0
2020-06-08,US,Nevada,Humboldt,78,4,0,41.40692186,-118.11094270000001,32013.0,463.43057453508413,5.128205128205129,74,78,4,0,74,78,16786,0,0,0,0,0
2020-06-08,US,Nevada,Lander,23,0,0,39.933223299999995,-117.03970749999999,32015.0,415.76283441793197,0.0,23,21,0,0,21,21,5575,2,0,0,2,0
2020-06-08,US,Nevada,Lincoln,2,0,0,37.64268459,-114.8790388,32017.0,38.58769052672198,0.0,2,2,0,0,2,2,5201,0,0,0,0,0
2020-06-08,US,Nevada,Lyon,87,1,0,39.01777974,-119.18704790000001,32019.0,151.27803860198227,1.1494252873563218,86,84,1,0,83,82,55808,3,0,0,3,2
2020-06-08,US,Nevada,Mineral,4,0,0,38.53841696,-118.4344506,32021.0,88.79023307436182,0.0,4,4,0,0,4,4,4514,0,0,0,0,0
2020-06-08,US,Nevada,Nye,66,2,0,38.04264256,-116.47227020000001,32023.0,141.8653139307439,3.0303030303030303,64,66,2,0,64,66,45346,0,0,0,0,0
2020-06-08,US,Nevada,Pershing,2,0,0,40.44003782,-118.40056409999998,32027.0,29.739776951672862,0.0,2,2,0,0,2,2,6666,0,0,0,0,0
2020-06-08,US,Nevada,Storey,1,0,0,39.44875482,-119.5250207,32029.0,24.254183846713556,0.0,1,1,0,0,1,1,4029,0,0,0,0,0
2020-06-08,US,Nevada,Washoe,1772,65,0,40.66562265,-119.6631594,32031.0,375.8067013206255,3.6681715575620766,1707,1743,65,0,1678,1719,465735,29,0,0,29,24
2020-06-08,US,Nevada,White Pine,3,0,0,39.44157041,-114.89996599999999,32033.0,31.315240083507305,0.0,3,3,0,0,3,3,9475,0,0,0,0,0
2020-06-08,US,New Hampshire,Belknap,70,0,0,43.51637314,-71.41684235,33001.0,114.1869076554165,0.0,70,68,0,0,68,67,61022,2,0,0,2,1
2020-06-08,US,New Hampshire,Carroll,48,0,0,43.87498583,-71.20430216,33003.0,98.13943978736457,0.0,48,48,0,0,48,48,48779,0,0,0,0,0
2020-06-08,US,New Hampshire,Cheshire,59,2,0,42.92015988,-72.25311043,33005.0,77.54485115331538,3.3898305084745757,57,57,2,0,55,57,76493,2,0,0,2,0
2020-06-08,US,New Hampshire,Coos,6,0,0,44.69063265,-71.30633239,33007.0,19.0095998479232,0.0,6,5,0,0,5,5,31589,1,0,0,1,0
2020-06-08,US,New Hampshire,Grafton,76,1,0,43.93779815,-71.82057197,33009.0,84.55154306566095,1.3157894736842106,75,76,1,0,75,77,89786,0,0,0,0,-1
2020-06-08,US,New Hampshire,Hillsborough,2753,175,0,42.91537785,-71.7200253,33011.0,660.1522690486182,6.3567017798764995,2578,2731,175,0,2556,2709,415247,22,0,0,22,22
2020-06-08,US,New Hampshire,Merrimack,375,18,0,43.29662971,-71.6811573,33013.0,247.70296781182498,4.8,357,372,18,0,354,371,151132,3,0,0,3,1
2020-06-08,US,New Hampshire,Rockingham,1386,76,0,42.98499744,-71.12883377,33015.0,447.43018184518144,5.483405483405484,1310,1380,76,0,1304,1378,309176,6,0,0,6,2
2020-06-08,US,New Hampshire,Strafford,277,13,0,43.291833000000004,-71.02336013,33017.0,212.04442981482472,4.693140794223827,264,277,13,0,264,277,130090,0,0,0,0,0
2020-06-08,US,New Hampshire,Sullivan,20,1,0,43.36094111,-72.22203125,33019.0,46.35423909516526,5.0,19,20,1,0,19,20,43144,0,0,0,0,0
2020-06-08,US,New Hampshire,Unassigned,9,0,0,0.0,0.0,90033.0,0.0,0.0,9,9,0,0,9,10,,0,0,0,0,-1
2020-06-08,US,New Jersey,Atlantic,2383,167,0,39.47538693,-74.65848483,34001.0,903.7812417036447,7.007973143096937,2216,2364,167,0,2197,2330,265429,19,0,0,19,34
2020-06-08,US,New Jersey,Bergen,18538,1621,0,40.96010917,-74.07164325,34003.0,1988.6247830405857,8.744201100442334,16917,18512,1618,0,16894,18492,936692,26,3,0,23,20
2020-06-08,US,New Jersey,Burlington,4798,327,0,39.87681124,-74.66927768,34005.0,1077.3573085377984,6.815339724885369,4471,4785,327,0,4458,4769,445384,13,0,0,13,16
2020-06-08,US,New Jersey,Camden,6827,374,0,39.80343818,-74.96388753,34007.0,1347.954769374752,5.478248132415409,6453,6799,369,0,6430,6785,507078,28,5,0,23,14
2020-06-08,US,New Jersey,Cape May,647,51,0,39.15008829,-74.80170244,34009.0,702.962874433664,7.882534775888718,596,646,51,0,595,643,92560,1,0,0,1,3
2020-06-08,US,New Jersey,Cumberland,2575,90,0,39.37199394,-75.10712559,34011.0,1722.097012579668,3.4951456310679614,2485,2564,90,0,2474,2557,150972,11,0,0,11,7
2020-06-08,US,New Jersey,Essex,18117,1710,0,40.78681335,-74.24657979,34013.0,2267.530273162489,9.43864878291108,16407,18077,1707,0,16370,18066,799767,40,3,0,37,11
2020-06-08,US,New Jersey,Gloucester,2332,152,0,39.71581067,-75.13995546,34015.0,799.6269322031574,6.518010291595196,2180,2328,153,0,2175,2319,291408,4,-1,0,5,9
2020-06-08,US,New Jersey,Hudson,19000,1226,0,40.73766234,-74.07515667,34017.0,2825.736810873436,6.4526315789473685,17774,18916,1218,0,17698,18916,676061,84,8,0,76,0
2020-06-08,US,New Jersey,Hunterdon,1025,64,0,40.56335249,-74.91284156,34019.0,824.1471082487075,6.243902439024391,961,1023,64,0,959,1022,124714,2,0,0,2,1
2020-06-08,US,New Jersey,Mercer,7184,504,0,40.28047017,-74.70479631,34021.0,1955.202351468307,7.015590200445434,6680,7166,501,0,6665,7148,369811,18,3,0,15,18
2020-06-08,US,New Jersey,Middlesex,16227,1043,0,40.43629879,-74.41426991,34023.0,1966.7612858185205,6.427559006593947,15184,16198,1040,0,15158,16203,829685,29,3,0,26,-5
2020-06-08,US,New Jersey,Monmouth,8498,640,0,40.26549699,-74.22240686,34025.0,1373.3142640131225,7.531183807954812,7858,8478,641,0,7837,8454,621354,20,-1,0,21,24
2020-06-08,US,New Jersey,Morris,6602,625,0,40.86095313,-74.54553709999998,34027.0,1342.2927954945155,9.466828233868524,5977,6592,626,0,5966,6584,494228,10,-1,0,11,8
2020-06-08,US,New Jersey,Ocean,9041,781,0,39.8895449,-74.28089251,34029.0,1489.0000757593225,8.638424952991926,8260,9022,774,0,8248,8979,601651,19,7,0,12,43
2020-06-08,US,New Jersey,Passaic,16461,975,0,41.03238628,-74.29954144,34031.0,3280.2206342437416,5.923090942227082,15486,16449,972,0,15477,16436,503310,12,3,0,9,13
2020-06-08,US,New Jersey,Salem,682,53,0,39.58719656,-75.34696629999998,34033.0,1093.2115091768858,7.771260997067449,629,675,53,0,622,670,62607,7,0,0,7,5
2020-06-08,US,New Jersey,Somerset,4670,427,0,40.56465737,-74.61683016,34035.0,1419.7376981400525,9.143468950749464,4243,4662,426,0,4236,4664,331164,8,1,0,7,-2
2020-06-08,US,New Jersey,Sussex,1172,149,0,41.13891592,-74.69118243,34037.0,834.2349524514549,12.713310580204778,1023,1160,149,0,1011,1160,140799,12,0,0,12,0
2020-06-08,US,New Jersey,Unassigned,285,0,0,0.0,0.0,90034.0,0.0,0.0,285,373,0,0,373,390,,-88,0,0,-88,-17
2020-06-08,US,New Jersey,Union,16241,1100,0,40.65835409,-74.30680092,34039.0,2919.2527604472803,6.772981959238964,15141,16186,1098,0,15088,16116,558067,55,2,0,53,70
2020-06-08,US,New Jersey,Warren,1192,135,0,40.85951833,-74.99556527,34041.0,1132.3586689085848,11.325503355704695,1057,1189,132,0,1057,1190,105779,3,3,0,0,-1
2020-06-08,US,New Mexico,Bernalillo,1600,75,0,35.05163625,-106.6703554,35001.0,235.59866356658094,4.6875,1525,1592,75,0,1517,1575,678701,8,0,0,8,17
2020-06-08,US,New Mexico,Catron,2,1,0,33.91514144,-108.4046587,35003.0,56.70541536716757,50.0,1,2,1,0,1,2,3578,0,0,0,0,0
2020-06-08,US,New Mexico,Chaves,49,2,0,33.36406072,-104.4665365,35005.0,75.83378472490908,4.081632653061225,47,49,2,0,47,49,64689,0,0,0,0,0
2020-06-08,US,New Mexico,Cibola,168,6,0,34.91131525,-107.998876,35006.0,629.8031865042175,3.571428571428572,162,166,6,0,160,159,26746,2,0,0,2,7
2020-06-08,US,New Mexico,Colfax,5,0,0,36.60569702,-104.64726740000002,35007.0,41.87253998827568,0.0,5,5,0,0,5,5,12110,0,0,0,0,0
2020-06-08,US,New Mexico,Curry,64,0,0,34.57421077,-103.34688759999999,35009.0,130.73497569146542,0.0,64,62,0,0,62,62,49437,2,0,0,2,0
2020-06-08,US,New Mexico,Dona Ana,587,3,0,32.35275771,-106.83293870000001,35013.0,269.0254130479617,0.5110732538330494,584,570,3,0,567,558,217522,17,0,0,17,12
2020-06-08,US,New Mexico,Eddy,38,1,0,32.47167456,-104.3053527,35015.0,65.00171057133082,2.631578947368421,37,35,1,0,34,30,57900,3,0,0,3,5
2020-06-08,US,New Mexico,Grant,15,0,0,32.73911281,-108.3827845,35017.0,55.55967108674717,0.0,15,15,0,0,15,15,27346,0,0,0,0,0
2020-06-08,US,New Mexico,Guadalupe,20,0,0,34.86319296,-104.790669,35019.0,465.11627906976736,0.0,20,20,0,0,20,20,4341,0,0,0,0,0
2020-06-08,US,New Mexico,Harding,1,0,0,35.85751555,-103.82209379999999,35021.0,160.0,0.0,1,1,0,0,1,1,655,0,0,0,0,0
2020-06-08,US,New Mexico,Hidalgo,1,0,0,31.91383467,-108.7151824,35023.0,23.820867079561697,0.0,1,1,0,0,1,1,4240,0,0,0,0,0
2020-06-08,US,New Mexico,Lea,32,0,0,32.79215361,-103.4123733,35025.0,45.0260306739834,0.0,32,29,0,0,29,29,69611,3,0,0,3,0
2020-06-08,US,New Mexico,Lincoln,5,0,0,33.74526079,-105.4586166,35027.0,25.546699366441857,0.0,5,5,0,0,5,5,19556,0,0,0,0,0
2020-06-08,US,New Mexico,Los Alamos,6,0,0,35.86631386,-106.31349850000001,35028.0,30.977334916619338,0.0,6,6,0,0,6,6,19101,0,0,0,0,0
2020-06-08,US,New Mexico,Luna,12,1,0,32.18179341,-107.75088259999998,35029.0,50.613691003416434,8.333333333333334,11,12,1,0,11,11,23963,0,0,0,0,1
2020-06-08,US,New Mexico,McKinley,2746,133,0,35.58007720000001,-108.262245,35031.0,3847.7167318228308,4.843408594319008,2613,2694,130,0,2564,2657,72290,52,3,0,49,37
2020-06-08,US,New Mexico,Otero,27,4,0,32.61348406,-105.7417604,35035.0,40.005926803970965,14.814814814814815,23,26,4,0,22,25,66781,1,0,0,1,1
2020-06-08,US,New Mexico,Quay,5,1,0,35.10403332,-103.54817270000001,35037.0,60.5840300496789,20.0,4,5,1,0,4,5,8253,0,0,0,0,0
2020-06-08,US,New Mexico,Rio Arriba,57,1,0,36.51072137,-106.69316740000001,35039.0,146.45050229952983,1.7543859649122806,56,54,1,0,53,54,39006,3,0,0,3,0
2020-06-08,US,New Mexico,Roosevelt,45,0,0,34.02097406,-103.4799493,35041.0,243.24324324324328,0.0,45,42,0,0,42,42,18743,3,0,0,3,0
2020-06-08,US,New Mexico,San Juan,1990,133,0,36.50838318,-108.32043700000001,35045.0,1605.3824682553768,6.683417085427137,1857,1966,132,0,1834,1923,125043,24,1,0,23,43
2020-06-08,US,New Mexico,San Miguel,16,0,0,35.48014807,-104.8163562,35047.0,58.65747699527074,0.0,16,15,0,0,15,15,27591,1,0,0,1,0
2020-06-08,US,New Mexico,Sandoval,600,27,0,35.68862401,-106.86878030000001,35043.0,408.8641753209584,4.5,573,597,27,0,570,585,145179,3,0,0,3,12
2020-06-08,US,New Mexico,Santa Fe,155,3,0,35.50708973,-105.9774716,35049.0,103.08729831468894,1.935483870967742,152,155,3,0,152,150,150056,0,0,0,0,5
2020-06-08,US,New Mexico,Sierra,1,0,0,33.13028233,-107.1925893,35051.0,9.266981744045964,0.0,1,1,0,0,1,1,10968,0,0,0,0,0
2020-06-08,US,New Mexico,Socorro,55,5,0,34.00715494,-106.9298354,35053.0,330.58844743643687,9.090909090909092,50,55,5,0,50,55,16735,0,0,0,0,0
2020-06-08,US,New Mexico,Taos,31,0,0,36.58006022,-105.63101979999999,35055.0,94.7345903492956,0.0,31,31,0,0,31,31,32835,0,0,0,0,0
2020-06-08,US,New Mexico,Torrance,35,1,0,34.64048375,-105.8508949,35057.0,226.3760429467693,2.8571428571428568,34,35,1,0,34,35,15591,0,0,0,0,0
2020-06-08,US,New Mexico,Unassigned,608,1,0,0.0,0.0,90035.0,0.0,0.16447368421052633,607,608,1,0,607,608,,0,0,0,0,0
2020-06-08,US,New Mexico,Union,5,0,0,36.48126404,-103.4709624,35059.0,123.1830500123183,0.0,5,5,0,0,5,5,4118,0,0,0,0,0
2020-06-08,US,New Mexico,Valencia,81,2,0,34.71669834,-106.8103733,35061.0,105.62278322553725,2.469135802469136,79,81,2,0,79,81,76456,0,0,0,0,0
2020-06-08,US,New York,Albany,1978,115,0,42.60060306,-73.97723916,36001.0,647.4504592381164,5.813953488372092,1863,1961,115,0,1846,1953,307117,17,0,0,17,8
2020-06-08,US,New York,Allegany,51,0,0,42.25748406,-78.02750466,36003.0,110.6506693280684,0.0,51,51,0,0,51,51,46430,0,0,0,0,0
2020-06-08,US,New York,Broome,624,52,0,42.15903158,-75.81326086,36007.0,327.5796900592163,8.333333333333334,572,620,52,0,568,613,191659,4,0,0,4,7
2020-06-08,US,New York,Cattaraugus,95,5,0,42.24778241,-78.67923096,36009.0,124.80786158151268,5.2631578947368425,90,94,5,0,89,92,76840,1,0,0,1,2
2020-06-08,US,New York,Cayuga,101,2,0,42.91261714,-76.55731592,36011.0,131.8951107396573,1.98019801980198,99,101,2,0,99,100,77145,0,0,0,0,1
2020-06-08,US,New York,Chautauqua,101,4,0,42.22769210000001,-79.36691763,36013.0,79.58834700519294,3.96039603960396,97,101,4,0,97,99,127939,0,0,0,0,2
2020-06-08,US,New York,Chemung,137,2,0,42.13891056,-76.7638805,36015.0,164.15835889570553,1.45985401459854,135,137,2,0,135,137,84254,0,0,0,0,0
2020-06-08,US,New York,Chenango,135,5,0,42.49430041,-75.60887553,36017.0,285.97453767449736,3.703703703703704,130,134,5,0,129,133,47536,1,0,0,1,1
2020-06-08,US,New York,Clinton,97,4,0,44.74530905,-73.67875352,36019.0,120.51935143194383,4.123711340206185,93,97,4,0,93,97,80695,0,0,0,0,0
2020-06-08,US,New York,Columbia,414,34,0,42.24819348,-73.63089095,36021.0,696.2546879467212,8.21256038647343,380,414,34,0,380,412,59916,0,0,0,0,2
2020-06-08,US,New York,Cortland,42,0,0,42.59509207,-76.07048931,36023.0,88.27052815199345,0.0,42,41,0,0,41,41,47823,1,0,0,1,0
2020-06-08,US,New York,Delaware,85,4,0,42.19837623,-74.96709306,36025.0,192.59091424039883,4.705882352941177,81,85,4,0,81,85,44527,0,0,0,0,0
2020-06-08,US,New York,Dutchess,4006,142,0,41.76486060000001,-73.74356679,36027.0,1361.5754304631262,3.5446829755366944,3864,4000,142,0,3858,3995,293718,6,0,0,6,5
2020-06-08,US,New York,Erie,6531,560,0,42.76249024,-78.73063652,36029.0,710.8942834564418,8.57449088960343,5971,6486,560,0,5926,6429,919719,45,0,0,45,57
2020-06-08,US,New York,Essex,39,0,0,44.11630765,-73.77297842,36031.0,105.73403822692153,0.0,39,38,0,0,38,38,37300,1,0,0,1,0
2020-06-08,US,New York,Franklin,23,0,0,44.59040891,-74.29926032,36033.0,45.97976890168325,0.0,23,23,0,0,23,23,50293,0,0,0,0,0
2020-06-08,US,New York,Fulton,227,24,0,43.11363907,-74.41798804,36035.0,425.2290054886387,10.572687224669604,203,224,24,0,200,222,53591,3,0,0,3,2
2020-06-08,US,New York,Genesee,208,5,0,43.0022601,-78.19135193,36037.0,363.1284916201117,2.4038461538461537,203,208,5,0,203,206,57511,0,0,0,0,2
2020-06-08,US,New York,Greene,247,18,0,42.275797,-74.12384884,36039.0,523.4381622446384,7.287449392712551,229,246,18,0,228,246,47491,1,0,0,1,0
2020-06-08,US,New York,Hamilton,5,0,0,43.66146647,-74.49721957,36041.0,113.22463768115942,0.0,5,5,0,0,5,5,4434,0,0,0,0,0
2020-06-08,US,New York,Herkimer,124,3,0,43.42034246,-74.96145307,36043.0,202.22117125197732,2.419354838709677,121,123,3,0,120,122,61833,1,0,0,1,1
2020-06-08,US,New York,Jefferson,78,0,0,44.04200959,-75.94653457,36045.0,71.01626090281698,0.0,78,77,0,0,77,75,111755,1,0,0,1,2
2020-06-08,US,New York,Lewis,20,0,0,43.784415700000004,-75.44903992,36049.0,76.057195010648,0.0,20,20,0,0,20,20,26447,0,0,0,0,0
2020-06-08,US,New York,Livingston,121,7,0,42.72596275,-77.77966158,36051.0,192.32603236163646,5.785123966942148,114,121,7,0,114,121,63227,0,0,0,0,0
2020-06-08,US,New York,Madison,327,15,0,42.91653905,-75.67266639,36053.0,460.946420264727,4.587155963302751,312,327,15,0,312,325,70795,0,0,0,0,2
2020-06-08,US,New York,Monroe,3203,236,0,43.14638895,-77.69322942,36055.0,431.80500694285286,7.368092413362473,2967,3190,236,0,2954,3167,742474,13,0,0,13,23
2020-06-08,US,New York,Montgomery,100,4,0,42.90123494,-74.44011632,36057.0,203.16531561731784,4.0,96,100,4,0,96,98,49455,0,0,0,0,2
2020-06-08,US,New York,Nassau,40947,2145,0,40.74066522,-73.58941873,36059.0,3017.634001609523,5.2384790094512415,38802,40904,2142,0,38762,40853,1358343,43,3,0,40,51
2020-06-08,US,New York,New York City,207353,21877,0,40.76727260000001,-73.97152637,36061.0,2487.196252478614,10.550606935998033,185476,206969,21844,0,185125,206511,1628701,384,33,0,351,458
2020-06-08,US,New York,Niagara,1116,70,0,43.19898042,-78.74777412,36063.0,533.2543326914531,6.2724014336917575,1046,1112,70,0,1042,1109,210433,4,0,0,4,3
2020-06-08,US,New York,Oneida,1170,61,0,43.24375382,-75.43710392,36065.0,511.6521115489065,5.213675213675214,1109,1143,61,0,1082,1127,229577,27,0,0,27,16
2020-06-08,US,New York,Onondaga,2408,151,0,43.00491923,-76.19971155,36067.0,522.8780877601362,6.2707641196013295,2257,2392,151,0,2241,2375,461809,16,0,0,16,17
2020-06-08,US,New York,Ontario,221,9,0,42.85145728,-77.30874425,36069.0,201.31721581023345,4.072398190045249,212,221,9,0,212,220,109864,0,0,0,0,1
2020-06-08,US,New York,Orange,10523,465,0,41.40337468,-74.30240757,36071.0,2733.6727801735337,4.418891950964554,10058,10514,465,0,10049,10508,381951,9,0,0,9,6
2020-06-08,US,New York,Orleans,256,41,0,43.2516977,-78.2320066,36073.0,634.4171292624901,16.015625,215,255,41,0,214,254,40612,1,0,0,1,1
2020-06-08,US,New York,Oswego,115,3,0,43.42778894,-76.14635194,36075.0,98.18653734503604,2.608695652173913,112,115,3,0,112,114,117898,0,0,0,0,1
2020-06-08,US,New York,Otsego,75,5,0,42.63492579,-75.03151402,36077.0,126.06525137411123,6.666666666666668,70,74,5,0,69,74,59749,1,0,0,1,0
2020-06-08,US,New York,Putnam,1279,60,0,41.42630093,-73.74965532,36079.0,1300.854353132628,4.691164972634871,1219,1277,60,0,1217,1274,98892,2,0,0,2,3
2020-06-08,US,New York,Rensselaer,503,28,0,42.71348136,-73.51089874,36083.0,316.9222626863415,5.566600397614313,475,502,28,0,474,499,159442,1,0,0,1,3
2020-06-08,US,New York,Rockland,13340,657,0,41.15027894,-74.02560498,36087.0,4094.6747741636464,4.925037481259371,12683,13325,657,0,12668,13315,325695,15,0,0,15,10
2020-06-08,US,New York,Saratoga,504,14,0,43.10904162,-73.86653895,36091.0,219.26103809660538,2.7777777777777777,490,502,14,0,488,501,230163,2,0,0,2,1
2020-06-08,US,New York,Schenectady,712,30,0,42.81668777,-74.05278291,36093.0,458.47043445225023,4.213483146067416,682,711,30,0,681,710,155350,1,0,0,1,1
2020-06-08,US,New York,Schoharie,54,0,0,42.58831742,-74.44339029999998,36095.0,174.19916771508758,0.0,54,54,0,0,54,54,31097,0,0,0,0,0
2020-06-08,US,New York,Schuyler,12,0,0,42.39184015,-76.8773299,36097.0,67.38922895490539,0.0,12,12,0,0,12,12,17912,0,0,0,0,0
2020-06-08,US,New York,Seneca,61,0,0,42.78081007,-76.82497064,36099.0,179.32737535277516,0.0,61,61,0,0,61,61,34300,0,0,0,0,0
2020-06-08,US,New York,St. Lawrence,209,2,0,44.4976179,-75.06550039,36089.0,193.9855206979766,0.9569377990430622,207,209,2,0,207,209,108047,0,0,0,0,0
2020-06-08,US,New York,Steuben,251,41,0,42.2689144,-77.3829924,36101.0,263.16065381268413,16.33466135458167,210,251,41,0,210,251,95796,0,0,0,0,0
2020-06-08,US,New York,Suffolk,40377,1935,0,40.88320119,-72.8012172,36103.0,2734.455685726882,4.792332268370607,38442,40329,1931,0,38398,40278,1481093,48,4,0,44,51
2020-06-08,US,New York,Sullivan,1417,31,0,41.71579493,-74.76394559,36105.0,1878.5130978894897,2.187720536344389,1386,1415,31,0,1384,1411,75498,2,0,0,2,4
2020-06-08,US,New York,Tioga,134,22,0,42.16852837,-76.30835812,36107.0,277.99099641101174,16.417910447761194,112,134,22,0,112,134,48560,0,0,0,0,0
2020-06-08,US,New York,Tompkins,171,0,0,42.44945765,-76.47229843,36109.0,167.35173223722842,0.0,171,171,0,0,171,171,102793,0,0,0,0,0
2020-06-08,US,New York,Ulster,1721,79,0,41.89027881,-74.26252104,36111.0,969.178872914238,4.590354445090063,1642,1718,79,0,1639,1714,178599,3,0,0,3,4
2020-06-08,US,New York,Warren,257,28,0,43.56173026,-73.8433699,36113.0,401.9141749030401,10.894941634241247,229,257,28,0,229,257,64265,0,0,0,0,0
2020-06-08,US,New York,Washington,240,13,0,43.31153794,-73.43043448,36115.0,392.13123325272863,5.416666666666668,227,240,13,0,227,240,61197,0,0,0,0,0
2020-06-08,US,New York,Wayne,125,3,0,43.15494365,-77.02976528,36117.0,139.01554749883226,2.4,122,124,3,0,121,123,90064,1,0,0,1,1
2020-06-08,US,New York,Westchester,34000,1395,0,41.16278376,-73.75741653,36119.0,3514.1900928779773,4.102941176470588,32605,33954,1392,0,32562,33924,967612,46,3,0,43,30
2020-06-08,US,New York,Wyoming,90,5,0,42.70145109,-78.22199579,36121.0,225.79593065556082,5.5555555555555545,85,89,5,0,84,89,40085,1,0,0,1,0
2020-06-08,US,New York,Yates,39,6,0,42.63505484,-77.10369919,36123.0,156.5447758198531,15.384615384615385,33,39,6,0,33,39,24841,0,0,0,0,0
2020-06-08,US,North Carolina,Alamance,528,30,0,36.0434701,-79.39976137,37001.0,311.48788559899475,5.6818181818181825,498,465,30,0,435,458,166436,63,0,0,63,7
2020-06-08,US,North Carolina,Alexander,43,0,0,35.922379600000006,-81.17751948,37003.0,114.67584073392538,0.0,43,43,0,0,43,43,37353,0,0,0,0,0
2020-06-08,US,North Carolina,Alleghany,29,0,0,36.49360862,-81.12857041,37005.0,260.3932836490976,0.0,29,28,0,0,28,28,11161,1,0,0,1,0
2020-06-08,US,North Carolina,Anson,74,1,0,34.97403241,-80.09953279,37007.0,302.7080094903052,1.351351351351351,73,72,1,0,71,71,24877,2,0,0,2,1
2020-06-08,US,North Carolina,Ashe,40,0,0,36.43296207,-81.49862729,37009.0,147.04260559497115,0.0,40,40,0,0,40,40,27109,0,0,0,0,0
2020-06-08,US,North Carolina,Avery,4,0,0,36.07569796,-81.92308483,37011.0,22.782935581249642,0.0,4,3,0,0,3,3,17505,1,0,0,1,0
2020-06-08,US,North Carolina,Beaufort,43,0,0,35.48531943,-76.84325809,37013.0,91.50104268630038,0.0,43,43,0,0,43,43,47079,0,0,0,0,0
2020-06-08,US,North Carolina,Bertie,134,4,0,36.0688473,-76.96545943,37015.0,707.2359740328284,2.985074626865672,130,134,4,0,130,133,19026,0,0,0,0,1
2020-06-08,US,North Carolina,Bladen,165,2,0,34.61296243,-78.56180059,37017.0,504.2479066071756,1.2121212121212122,163,162,2,0,160,153,33190,3,0,0,3,9
2020-06-08,US,North Carolina,Brunswick,149,3,0,34.070565,-78.22814204,37019.0,104.32712505251364,2.0134228187919465,146,142,3,0,139,133,136744,7,0,0,7,9
2020-06-08,US,North Carolina,Buncombe,399,33,0,35.61113393,-82.53305,37021.0,152.76177203655558,8.270676691729323,366,396,33,0,363,389,259103,3,0,0,3,7
2020-06-08,US,North Carolina,Burke,567,16,0,35.74989637,-81.70755735,37023.0,626.623197215008,2.8218694885361546,551,547,16,0,531,540,90382,20,0,0,20,7
2020-06-08,US,North Carolina,Cabarrus,599,24,0,35.3877799,-80.55267168,37025.0,276.73444119508616,4.006677796327212,575,588,24,0,564,571,211342,11,0,0,11,17
2020-06-08,US,North Carolina,Caldwell,204,3,0,35.95204977,-81.54799522,37027.0,248.24162184526276,1.4705882352941178,201,201,3,0,198,196,82029,3,0,0,3,5
2020-06-08,US,North Carolina,Camden,3,0,0,36.33804939,-76.15568396,37029.0,27.606515137572465,0.0,3,3,0,0,3,3,10710,0,0,0,0,0
2020-06-08,US,North Carolina,Carteret,40,3,0,34.8932941,-76.54120135,37031.0,57.576324615318185,7.5,37,39,3,0,36,39,69524,1,0,0,1,0
2020-06-08,US,North Carolina,Caswell,97,1,0,36.39312665,-79.33353281,37033.0,429.1275880375154,1.0309278350515465,96,96,1,0,95,96,22698,1,0,0,1,0
2020-06-08,US,North Carolina,Catawba,310,9,0,35.66211129,-81.2132617,37035.0,194.29524102011268,2.9032258064516134,301,293,9,0,284,284,158652,17,0,0,17,9
2020-06-08,US,North Carolina,Chatham,733,36,0,35.70394416,-79.25541492,37037.0,984.2889754263463,4.911323328785811,697,723,29,0,694,720,73139,10,7,0,3,3
2020-06-08,US,North Carolina,Cherokee,30,1,0,35.1349263,-84.05970864,37039.0,104.85111142178108,3.333333333333333,29,30,1,0,29,30,28383,0,0,0,0,0
2020-06-08,US,North Carolina,Chowan,17,0,0,36.12908077,-76.60118385,37041.0,121.92498027684142,0.0,17,17,0,0,17,17,14029,0,0,0,0,0
2020-06-08,US,North Carolina,Clay,8,0,0,35.05704275,-83.74353633,37043.0,71.23141305315643,0.0,8,8,0,0,8,8,11139,0,0,0,0,0
2020-06-08,US,North Carolina,Cleveland,121,2,0,35.33553364,-81.55204486,37045.0,123.53619814797798,1.6528925619834711,119,121,2,0,119,113,97645,0,0,0,0,8
2020-06-08,US,North Carolina,Columbus,373,28,0,34.26744084,-78.65801424,37047.0,671.975210780428,7.506702412868633,345,368,27,0,341,361,55655,5,1,0,4,7
2020-06-08,US,North Carolina,Craven,239,5,0,35.11833364,-77.08398081,37049.0,233.9948501551807,2.092050209205021,234,232,5,0,227,223,102912,7,0,0,7,9
2020-06-08,US,North Carolina,Cumberland,781,26,0,35.04762133,-78.82623165,37051.0,232.78064075777402,3.329065300896287,755,775,26,0,749,768,332330,6,0,0,6,7
2020-06-08,US,North Carolina,Currituck,15,0,0,36.36123664,-75.95876401,37053.0,54.028743291431034,0.0,15,15,0,0,15,15,27072,0,0,0,0,0
2020-06-08,US,North Carolina,Dare,25,1,0,35.66520691,-75.71767334,37055.0,67.55113621011104,4.0,24,22,1,0,21,22,36501,3,0,0,3,0
2020-06-08,US,North Carolina,Davidson,520,13,0,35.79115496,-80.21256572,37057.0,310.24586985185766,2.5,507,511,13,0,498,505,166614,9,0,0,9,6
2020-06-08,US,North Carolina,Davie,119,2,0,35.93099927,-80.54496571,37059.0,277.7388787751482,1.680672268907563,117,117,2,0,115,115,42733,2,0,0,2,2
2020-06-08,US,North Carolina,Duplin,1047,20,0,34.93449805,-77.93140529,37061.0,1782.4007081935956,1.9102196752626552,1027,1006,20,0,986,976,58856,41,0,0,41,30
2020-06-08,US,North Carolina,Durham,2180,49,0,36.03638492,-78.87608331,37063.0,678.0968496491315,2.2477064220183487,2131,2114,49,0,2065,2025,316739,66,0,0,66,89
2020-06-08,US,North Carolina,Edgecombe,229,9,0,35.91230639,-77.59436892,37065.0,444.90208268573207,3.930131004366812,220,228,9,0,219,221,52005,1,0,0,1,7
2020-06-08,US,North Carolina,Forsyth,1816,17,0,36.12859861,-80.25459052,37067.0,475.0258308374423,0.9361233480176212,1799,1774,17,0,1757,1721,379099,42,0,0,42,53
2020-06-08,US,North Carolina,Franklin,190,22,0,36.081519,-78.28708884,37069.0,272.6555212743058,11.578947368421053,168,185,22,0,163,185,67560,5,0,0,5,0
2020-06-08,US,North Carolina,Gaston,366,8,0,35.29373559,-81.17477045,37071.0,163.00789653006962,2.1857923497267757,358,364,8,0,356,347,222846,2,0,0,2,17
2020-06-08,US,North Carolina,Gates,24,1,0,36.44667547,-76.69749701,37073.0,207.57654385054488,4.166666666666667,23,24,1,0,23,24,11573,0,0,0,0,0
2020-06-08,US,North Carolina,Graham,4,0,0,35.3506925,-83.83369267,37075.0,47.387750266556104,0.0,4,4,0,0,4,4,8484,0,0,0,0,0
2020-06-08,US,North Carolina,Granville,513,13,0,36.30337451,-78.65184241,37077.0,848.7335175289114,2.53411306042885,500,501,13,0,488,462,60115,12,0,0,12,39
2020-06-08,US,North Carolina,Greene,104,2,0,35.48544173,-77.67578087,37079.0,493.6162133940862,1.9230769230769231,102,95,2,0,93,92,21012,9,0,0,9,3
2020-06-08,US,North Carolina,Guilford,1665,78,0,36.07959451,-79.78824948,37081.0,309.9554334349764,4.684684684684684,1587,1614,78,0,1536,1573,533670,51,0,0,51,41
2020-06-08,US,North Carolina,Halifax,203,1,0,36.25669272,-77.6556109,37083.0,405.9188162367528,0.4926108374384237,202,201,1,0,200,200,50574,2,0,0,2,1
2020-06-08,US,North Carolina,Harnett,337,28,0,35.36731853,-78.87243571,37085.0,247.83785373889512,8.308605341246293,309,333,28,0,305,330,134214,4,0,0,4,3
2020-06-08,US,North Carolina,Haywood,60,0,0,35.55269063,-82.98196486,37087.0,96.2819134425598,0.0,60,59,0,0,59,59,61971,1,0,0,1,0
2020-06-08,US,North Carolina,Henderson,376,47,0,35.33788927,-82.4766782,37089.0,320.22620233867326,12.5,329,373,47,0,326,369,116748,3,0,0,3,4
2020-06-08,US,North Carolina,Hertford,135,3,0,36.3607755,-76.98104134,37091.0,570.1735861806818,2.2222222222222223,132,135,3,0,132,134,23659,0,0,0,0,1
2020-06-08,US,North Carolina,Hoke,278,1,0,35.01888303,-79.23651674,37093.0,503.31317666654604,0.3597122302158273,277,278,1,0,277,271,54764,0,0,0,0,7
2020-06-08,US,North Carolina,Hyde,2,0,0,35.42017674,-76.15180542,37095.0,40.51043143609479,0.0,2,2,0,0,2,2,5230,0,0,0,0,0
2020-06-08,US,North Carolina,Iredell,348,6,0,35.80950511,-80.8743128,37097.0,191.41282465925218,1.7241379310344829,342,332,6,0,326,325,178435,16,0,0,16,7
2020-06-08,US,North Carolina,Jackson,50,1,0,35.28814273,-83.14093385,37099.0,113.79671355091264,2.0,49,47,1,0,46,44,43327,3,0,0,3,3
2020-06-08,US,North Carolina,Johnston,648,23,0,35.51745004,-78.36622717,37101.0,309.54576070393,3.5493827160493834,625,620,23,0,597,601,202675,28,0,0,28,19
2020-06-08,US,North Carolina,Jones,28,3,0,35.02254606,-77.35870791,37103.0,297.271472555473,10.714285714285714,25,28,3,0,25,28,9637,0,0,0,0,0
2020-06-08,US,North Carolina,Lee,534,4,0,35.47623147,-79.17569362,37105.0,864.3713883358423,0.7490636704119851,530,530,4,0,526,515,61452,4,0,0,4,15
2020-06-08,US,North Carolina,Lenoir,241,7,0,35.24032589999999,-77.64245615,37107.0,430.74943251890113,2.904564315352697,234,235,7,0,228,233,55976,6,0,0,6,2
2020-06-08,US,North Carolina,Lincoln,105,0,0,35.48508185,-81.21740317,37109.0,121.93564120727898,0.0,105,101,0,0,101,101,83770,4,0,0,4,0
2020-06-08,US,North Carolina,Macon,146,1,0,35.14867843,-83.41696617,37113.0,407.16158179485745,0.6849315068493149,145,121,1,0,120,120,35285,25,0,0,25,1
2020-06-08,US,North Carolina,Madison,4,0,0,35.85402722,-82.71346418,37115.0,18.38657779820731,0.0,4,4,0,0,4,4,21763,0,0,0,0,0
2020-06-08,US,North Carolina,Martin,77,4,0,35.84326734,-77.10860251,37117.0,343.13725490196083,5.194805194805196,73,77,4,0,73,77,22671,0,0,0,0,0
2020-06-08,US,North Carolina,McDowell,101,1,0,35.67736232,-82.0482425,37111.0,220.7360783285252,0.99009900990099,100,100,1,0,99,95,45507,1,0,0,1,5
2020-06-08,US,North Carolina,Mecklenburg,5682,110,0,35.24469268,-80.8317671,37119.0,511.7277701926229,1.9359380499824008,5572,5509,109,0,5400,5358,1093901,173,1,0,172,151
2020-06-08,US,North Carolina,Mitchell,17,0,0,36.01059309,-82.1582442,37121.0,113.60598770382249,0.0,17,17,0,0,17,17,15000,0,0,0,0,0
2020-06-08,US,North Carolina,Montgomery,165,5,0,35.33155144,-79.90416657,37123.0,607.2204026055275,3.0303030303030303,160,162,5,0,157,162,27271,3,0,0,3,0
2020-06-08,US,North Carolina,Moore,259,11,0,35.30885257,-79.48474178,37125.0,256.74068199841395,4.247104247104248,248,259,11,0,248,253,98682,0,0,0,0,6
2020-06-08,US,North Carolina,Nash,242,4,0,35.96575634,-77.98422508,37127.0,256.6332265795669,1.6528925619834711,238,236,4,0,232,228,94016,6,0,0,6,8
2020-06-08,US,North Carolina,New Hanover,270,5,0,34.25758282,-77.87075626,37129.0,115.15185117262968,1.851851851851852,265,259,5,0,254,252,232274,11,0,0,11,7
2020-06-08,US,North Carolina,Northampton,165,14,0,36.41736238,-77.39769443,37131.0,846.8921623979879,8.484848484848484,151,165,14,0,151,165,19676,0,0,0,0,0
2020-06-08,US,North Carolina,Onslow,134,2,0,34.72607366,-77.42908179,37133.0,67.6979660297669,1.492537313432836,132,134,2,0,132,121,197683,0,0,0,0,13
2020-06-08,US,North Carolina,Orange,405,40,0,36.06092947,-79.12167935,37135.0,272.77135698698777,9.876543209876543,365,398,40,0,358,388,146027,7,0,0,7,10
2020-06-08,US,North Carolina,Pamlico,13,0,0,35.15253315,-76.66559823,37137.0,102.15307245010216,0.0,13,12,0,0,12,10,12670,1,0,0,1,2
2020-06-08,US,North Carolina,Pasquotank,119,13,0,36.26723798,-76.25134778,37139.0,298.8147850542386,10.92436974789916,106,119,13,0,106,119,39639,0,0,0,0,0
2020-06-08,US,North Carolina,Pender,113,1,0,34.52265624,-77.90352133,37141.0,179.19441801458927,0.8849557522123894,112,108,1,0,107,103,62162,5,0,0,5,5
2020-06-08,US,North Carolina,Perquimans,26,2,0,36.17847453,-76.40603143,37143.0,193.12188962341236,7.6923076923076925,24,26,2,0,24,26,13422,0,0,0,0,0
2020-06-08,US,North Carolina,Person,61,1,0,36.38989032,-78.97217358,37145.0,154.46948594580903,1.639344262295082,60,58,1,0,57,57,39507,3,0,0,3,1
2020-06-08,US,North Carolina,Pitt,397,2,0,35.59535426,-77.37353178,37147.0,219.65010899514226,0.5037783375314862,395,394,2,0,392,382,179914,3,0,0,3,12
2020-06-08,US,North Carolina,Polk,48,4,0,35.27820615,-82.16812354,37149.0,231.6155182397221,8.333333333333334,44,47,4,0,43,47,20611,1,0,0,1,0
2020-06-08,US,North Carolina,Randolph,801,15,0,35.71015088,-79.80570339,37151.0,557.5393096535738,1.8726591760299625,786,792,15,0,777,779,143351,9,0,0,9,13
2020-06-08,US,North Carolina,Richmond,184,3,0,35.00417719,-79.74491009,37153.0,410.44859354435744,1.6304347826086956,181,184,3,0,181,182,44887,0,0,0,0,2
2020-06-08,US,North Carolina,Robeson,905,26,0,34.64244496,-79.10250529999998,37155.0,692.8229665071772,2.8729281767955803,879,905,26,0,879,905,131831,0,0,0,0,0
2020-06-08,US,North Carolina,Rockingham,116,2,0,36.39593137,-79.77504841,37157.0,127.45852104164378,1.7241379310344829,114,115,2,0,113,113,90690,1,0,0,1,2
2020-06-08,US,North Carolina,Rowan,771,38,0,35.64003916,-80.52446628,37159.0,542.6214740161029,4.9286640726329445,733,761,38,0,723,735,141262,10,0,0,10,26
2020-06-08,US,North Carolina,Rutherford,200,7,0,35.40114178,-81.92112099,37161.0,298.37831386414837,3.5,193,198,7,0,191,194,66826,2,0,0,2,4
2020-06-08,US,North Carolina,Sampson,621,4,0,34.98820368,-78.36914061,37163.0,977.4755631109224,0.644122383252818,617,597,4,0,593,571,63626,24,0,0,24,26
2020-06-08,US,North Carolina,Scotland,98,0,0,34.8386299,-79.4757978,37165.0,281.4231973121213,0.0,98,97,0,0,97,95,34810,1,0,0,1,2
2020-06-08,US,North Carolina,Stanly,118,4,0,35.31647813,-80.25093221,37167.0,187.8801388402382,3.3898305084745757,114,118,4,0,114,115,62075,0,0,0,0,3
2020-06-08,US,North Carolina,Stokes,86,0,0,36.4017975,-80.23893369,37169.0,188.6337215678533,0.0,86,85,0,0,85,83,45467,1,0,0,1,2
2020-06-08,US,North Carolina,Surry,279,2,0,36.41689489,-80.69102283,37171.0,388.6714124514161,0.7168458781362007,277,274,2,0,272,273,71948,5,0,0,5,1
2020-06-08,US,North Carolina,Swain,25,0,0,35.48665845,-83.48748932,37173.0,175.18043584892442,0.0,25,25,0,0,25,25,14245,0,0,0,0,0
2020-06-08,US,North Carolina,Transylvania,16,1,0,35.20383864,-82.79638423,37175.0,46.531917987494545,6.25,15,16,1,0,15,16,34215,0,0,0,0,0
2020-06-08,US,North Carolina,Tyrrell,4,0,0,35.87147226,-76.17055253,37177.0,99.60159362549801,0.0,4,4,0,0,4,4,4131,0,0,0,0,0
2020-06-08,US,North Carolina,Union,592,21,0,34.98960527,-80.52955873,37179.0,246.81166852192328,3.5472972972972974,571,575,21,0,554,567,235908,17,0,0,17,8
2020-06-08,US,North Carolina,Vance,370,26,0,36.36880673,-78.40670845,37181.0,830.8072302683282,7.027027027027027,344,366,26,0,340,364,44582,4,0,0,4,2
2020-06-08,US,North Carolina,Wake,2300,40,0,35.78879266,-78.65249174,37183.0,206.87899647496175,1.7391304347826086,2260,2235,40,0,2195,2155,1092305,65,0,0,65,80
2020-06-08,US,North Carolina,Warren,93,2,0,36.39728256,-78.10652228,37185.0,471.3395164968831,2.150537634408602,91,89,2,0,87,89,19807,4,0,0,4,0
2020-06-08,US,North Carolina,Washington,32,3,0,35.83810081,-76.57299037,37187.0,276.33851468048357,9.375,29,32,3,0,29,32,11859,0,0,0,0,0
2020-06-08,US,North Carolina,Watauga,41,0,0,36.23103603,-81.70033724,37189.0,72.98360539010628,0.0,41,40,0,0,40,38,55945,1,0,0,1,2
2020-06-08,US,North Carolina,Wayne,1335,20,0,35.36438125,-78.00027268,37191.0,1084.2111247370688,1.49812734082397,1315,1306,20,0,1286,1268,123248,29,0,0,29,38
2020-06-08,US,North Carolina,Wilkes,511,6,0,36.2084135,-81.16232895,37193.0,746.9449804127929,1.1741682974559686,505,509,6,0,503,507,68557,2,0,0,2,2
2020-06-08,US,North Carolina,Wilson,445,12,0,35.70625477,-77.917978,37195.0,544.0031295460935,2.696629213483146,433,443,12,0,431,426,81455,2,0,0,2,17
2020-06-08,US,North Carolina,Yadkin,217,3,0,36.16222629,-80.66239436,37197.0,576.1010964504737,1.3824884792626728,214,216,3,0,213,215,37543,1,0,0,1,1
2020-06-08,US,North Carolina,Yancey,21,0,0,35.90079156,-82.31237181,37199.0,116.22115224970943,0.0,21,21,0,0,21,21,17903,0,0,0,0,0
2020-06-08,US,North Dakota,Barnes,9,0,0,46.93579637,-98.06605978,38003.0,86.41382621219395,0.0,9,9,0,0,9,9,10542,0,0,0,0,0
2020-06-08,US,North Dakota,Benson,2,0,0,48.0683985,-99.35916363,38005.0,29.27400468384075,0.0,2,2,0,0,2,2,6962,0,0,0,0,0
2020-06-08,US,North Dakota,Bottineau,3,0,0,48.79106111,-100.8378166,38009.0,47.75549188156638,0.0,3,3,0,0,3,3,6411,0,0,0,0,0
2020-06-08,US,North Dakota,Bowman,1,0,0,46.11285362,-103.5203343,38011.0,33.06878306878307,0.0,1,1,0,0,1,1,3076,0,0,0,0,0
2020-06-08,US,North Dakota,Burke,5,0,0,48.79094471,-102.51821170000001,38013.0,236.40661938534282,0.0,5,5,0,0,5,5,2100,0,0,0,0,0
2020-06-08,US,North Dakota,Burleigh,143,0,0,46.97847375,-100.46452140000001,38015.0,149.54091983351807,0.0,143,142,0,0,142,141,95273,1,0,0,1,1
2020-06-08,US,North Dakota,Cass,1917,60,0,46.93201724,-97.24447190000001,38017.0,1053.7425174386965,3.129890453834116,1857,1911,60,0,1851,1880,181516,6,0,0,6,31
2020-06-08,US,North Dakota,Dickey,1,0,0,46.11017712,-98.50490079999999,38021.0,20.52545155993432,0.0,1,1,0,0,1,1,4903,0,0,0,0,0
2020-06-08,US,North Dakota,Divide,1,0,0,48.814938700000006,-103.48736109999999,38023.0,44.16961130742049,0.0,1,1,0,0,1,1,2283,0,0,0,0,0
2020-06-08,US,North Dakota,Dunn,11,0,0,47.35423935,-102.61604679999999,38025.0,248.64376130198917,0.0,11,11,0,0,11,11,4332,0,0,0,0,0
2020-06-08,US,North Dakota,Eddy,5,0,0,47.71701474,-98.90432337,38027.0,218.62702229995628,0.0,5,5,0,0,5,4,2313,0,0,0,0,1
2020-06-08,US,North Dakota,Emmons,4,1,0,46.28398398,-100.2389766,38029.0,123.41869793273679,25.0,3,4,1,0,3,4,3295,0,0,0,0,0
2020-06-08,US,North Dakota,Foster,1,0,0,47.457108399999996,-98.88279923,38031.0,31.152647975077887,0.0,1,1,0,0,1,1,3216,0,0,0,0,0
2020-06-08,US,North Dakota,Grand Forks,339,4,0,47.92093639,-97.45450447,38035.0,488.1139220457589,1.1799410029498525,335,337,4,0,333,336,70770,2,0,0,2,1
2020-06-08,US,North Dakota,Grant,2,0,0,46.35821257,-101.63900129999999,38037.0,87.95074758135445,0.0,2,2,0,0,2,2,2374,0,0,0,0,0
2020-06-08,US,North Dakota,Griggs,1,0,0,47.45785838,-98.23850925,38039.0,44.822949350067226,0.0,1,1,0,0,1,1,2232,0,0,0,0,0
2020-06-08,US,North Dakota,LaMoure,1,0,0,46.45681054,-98.53542355,38045.0,24.715768660405335,0.0,1,1,0,0,1,1,4062,0,0,0,0,0
2020-06-08,US,North Dakota,McHenry,2,1,0,48.23104458,-100.6324822,38049.0,34.81288076588338,50.0,1,2,1,0,1,2,5816,0,0,0,0,0
2020-06-08,US,North Dakota,McIntosh,1,0,0,46.11182017,-99.44145858,38051.0,40.04805766920305,0.0,1,1,0,0,1,1,2585,0,0,0,0,0
2020-06-08,US,North Dakota,McKenzie,18,0,0,47.74133370000001,-103.395905,38053.0,119.8083067092652,0.0,18,18,0,0,18,18,13632,0,0,0,0,0
2020-06-08,US,North Dakota,McLean,7,0,0,47.60766714,-101.3182418,38055.0,74.07407407407408,0.0,7,7,0,0,7,7,9541,0,0,0,0,0
2020-06-08,US,North Dakota,Mercer,6,0,0,47.31213126,-101.8318399,38057.0,73.28691828508613,0.0,6,6,0,0,6,6,8267,0,0,0,0,0
2020-06-08,US,North Dakota,Morton,60,2,0,46.71681782,-101.2822377,38059.0,191.3021298303788,3.333333333333333,58,60,2,0,58,60,31095,0,0,0,0,0
2020-06-08,US,North Dakota,Mountrail,43,0,0,48.20197971,-102.3555315,38061.0,407.77619724988153,0.0,43,43,0,0,43,42,10218,0,0,0,0,1
2020-06-08,US,North Dakota,Nelson,1,0,0,47.9226426,-98.19038437,38063.0,34.734282737061484,0.0,1,1,0,0,1,1,2869,0,0,0,0,0
2020-06-08,US,North Dakota,Oliver,1,0,0,47.11530482,-101.3406158,38065.0,51.046452271567134,0.0,1,1,0,0,1,1,1952,0,0,0,0,0
2020-06-08,US,North Dakota,Pembina,6,0,0,48.76623521,-97.5523809,38067.0,88.2223202470225,0.0,6,6,0,0,6,6,6947,0,0,0,0,0
2020-06-08,US,North Dakota,Pierce,3,0,0,48.24977025,-99.96407787,38069.0,75.47169811320755,0.0,3,3,0,0,3,3,4081,0,0,0,0,0
2020-06-08,US,North Dakota,Ramsey,8,1,0,48.26886249,-98.72223879,38071.0,69.4504731313482,12.5,7,8,1,0,7,8,11481,0,0,0,0,0
2020-06-08,US,North Dakota,Ransom,11,0,0,46.45621782,-97.65742504,38073.0,210.80873898045232,0.0,11,11,0,0,11,11,5237,0,0,0,0,0
2020-06-08,US,North Dakota,Renville,3,0,0,48.71982533,-101.6603912,38075.0,128.92135797163732,0.0,3,3,0,0,3,3,2374,0,0,0,0,0
2020-06-08,US,North Dakota,Richland,28,0,0,46.26440649,-96.94852979,38077.0,173.08524448290783,0.0,28,28,0,0,28,27,16239,0,0,0,0,1
2020-06-08,US,North Dakota,Rolette,6,0,0,48.77245354,-99.84097493,38079.0,42.32505643340858,0.0,6,6,0,0,6,6,14301,0,0,0,0,0
2020-06-08,US,North Dakota,Sargent,4,0,0,46.10830372,-97.63217159,38081.0,102.6167265264238,0.0,4,4,0,0,4,4,3870,0,0,0,0,0
2020-06-08,US,North Dakota,Sheridan,1,0,0,47.57700669,-100.3426391,38083.0,76.04562737642586,0.0,1,1,0,0,1,1,1349,0,0,0,0,0
2020-06-08,US,North Dakota,Sioux,2,0,0,46.11323337,-101.04401490000001,38085.0,47.28132387706856,0.0,2,2,0,0,2,2,4358,0,0,0,0,0
2020-06-08,US,North Dakota,Slope,3,0,0,46.44737738,-103.4601547,38087.0,400.0,0.0,3,3,0,0,3,3,763,0,0,0,0,0
2020-06-08,US,North Dakota,Stark,62,2,0,46.80851182,-102.65763259999999,38089.0,196.89415351392552,3.2258064516129035,60,62,2,0,60,62,30997,0,0,0,0,0
2020-06-08,US,North Dakota,Steele,1,0,0,47.45611548,-97.72728747,38091.0,52.91005291005291,0.0,1,1,0,0,1,1,1903,0,0,0,0,0
2020-06-08,US,North Dakota,Stutsman,50,0,0,46.97962541,-98.95637318,38093.0,241.49922720247292,0.0,50,42,0,0,42,35,20917,8,0,0,8,7
2020-06-08,US,North Dakota,Traill,14,0,0,47.45367788,-97.16323288,38097.0,174.21602787456445,0.0,14,14,0,0,14,14,8037,0,0,0,0,0
2020-06-08,US,North Dakota,Walsh,16,0,0,48.36876964,-97.72574783,38099.0,150.3618081007424,0.0,16,16,0,0,16,16,10667,0,0,0,0,0
2020-06-08,US,North Dakota,Ward,44,1,0,48.22390169,-101.54367629999999,38101.0,65.04930441596072,2.272727272727273,43,44,1,0,43,43,67744,0,0,0,0,1
2020-06-08,US,North Dakota,Wells,8,0,0,47.58614526,-99.65904998,38103.0,208.65936358894103,0.0,8,6,0,0,6,5,3957,2,0,0,2,1
2020-06-08,US,North Dakota,Williams,25,0,0,48.34522353,-103.4793387,38105.0,66.5088190694086,0.0,25,25,0,0,25,25,35350,0,0,0,0,0
2020-06-08,US,Ohio,Adams,11,1,0,38.84541072,-83.4718964,39001.0,39.714058776806986,9.090909090909092,10,11,1,0,10,11,27724,0,0,0,0,0
2020-06-08,US,Ohio,Allen,224,34,0,40.77285242,-84.10802343,39003.0,218.85472540571166,15.178571428571427,190,222,33,0,189,222,102663,2,1,0,1,0
2020-06-08,US,Ohio,Ashland,24,0,0,40.84772277,-82.27280781,39005.0,44.87323311644604,0.0,24,24,0,0,24,24,53745,0,0,0,0,0
2020-06-08,US,Ohio,Ashtabula,374,38,0,41.70860332,-80.74830218,39007.0,384.6114293353626,10.16042780748663,336,372,38,0,334,372,97493,2,0,0,2,0
2020-06-08,US,Ohio,Athens,18,1,0,39.33425634,-82.04278644,39009.0,27.5536914292712,5.5555555555555545,17,18,1,0,17,18,65818,0,0,0,0,0
2020-06-08,US,Ohio,Auglaize,80,3,0,40.55998859,-84.22421429999999,39011.0,175.22340984755562,3.75,77,78,3,0,75,78,45804,2,0,0,2,0
2020-06-08,US,Ohio,Belmont,453,15,0,40.01625942,-80.9924051,39013.0,676.0588604005611,3.3112582781456954,438,451,15,0,436,450,67505,2,0,0,2,1
2020-06-08,US,Ohio,Brown,31,1,0,38.93416837,-83.86788395,39015.0,71.3759440044207,3.2258064516129035,30,31,1,0,30,31,43602,0,0,0,0,0
2020-06-08,US,Ohio,Butler,1013,32,0,39.44012838,-84.57388716,39017.0,264.3983567107069,3.15893385982231,981,999,32,0,967,985,382378,14,0,0,14,14
2020-06-08,US,Ohio,Carroll,36,3,0,40.578968599999996,-81.09178213,39019.0,133.75938173441332,8.333333333333334,33,36,3,0,33,36,27081,0,0,0,0,0
2020-06-08,US,Ohio,Champaign,34,1,0,40.13923427,-83.76875242,39021.0,87.43731516008744,2.9411764705882355,33,33,1,0,32,29,38754,1,0,0,1,4
2020-06-08,US,Ohio,Clark,371,8,0,39.91592258,-83.78498252,39023.0,276.69428637485737,2.1563342318059298,363,355,8,0,347,336,134585,16,0,0,16,19
2020-06-08,US,Ohio,Clermont,232,6,0,39.04847534,-84.15375786,39025.0,112.38785436084251,2.586206896551724,226,227,6,0,221,224,205466,5,0,0,5,3
2020-06-08,US,Ohio,Clinton,48,1,0,39.41485808,-83.80852286,39027.0,114.3728555089592,2.083333333333333,47,47,1,0,46,47,42057,1,0,0,1,0
2020-06-08,US,Ohio,Columbiana,899,54,0,40.76932373,-80.78094576,39029.0,882.3846961710982,6.0066740823136815,845,896,53,0,843,894,102665,3,1,0,2,2
2020-06-08,US,Ohio,Coshocton,48,0,0,40.30096166,-81.91729018,39031.0,131.14754098360658,0.0,48,48,0,0,48,48,36629,0,0,0,0,0
2020-06-08,US,Ohio,Crawford,121,4,0,40.85065156,-82.91989099,39033.0,291.60842531450334,3.3057851239669422,117,120,4,0,116,118,41550,1,0,0,1,2
2020-06-08,US,Ohio,Cuyahoga,4910,283,0,41.424119,-81.65918339,39035.0,397.5476733340242,5.763747454175153,4627,4858,268,0,4590,4827,1243857,52,15,0,37,31
2020-06-08,US,Ohio,Darke,193,24,0,40.13412966,-84.6194517,39037.0,377.5947410639172,12.43523316062176,169,193,23,0,170,191,51323,0,1,0,-1,2
2020-06-08,US,Ohio,Defiance,37,2,0,41.32398837,-84.49076944,39039.0,97.14600782419198,5.405405405405406,35,36,2,0,34,35,38165,1,0,0,1,1
2020-06-08,US,Ohio,Delaware,369,14,0,40.27942393,-83.00457058,39041.0,176.40562776978348,3.794037940379404,355,368,14,0,354,366,204826,1,0,0,1,2
2020-06-08,US,Ohio,Erie,190,16,0,41.36796058,-82.62904521,39043.0,255.8371260065171,8.421052631578947,174,189,16,0,173,184,74615,1,0,0,1,5
2020-06-08,US,Ohio,Fairfield,333,9,0,39.75107189,-82.63088163,39045.0,211.3292802112024,2.702702702702702,324,326,9,0,317,321,155782,7,0,0,7,5
2020-06-08,US,Ohio,Fayette,43,0,0,39.56021306,-83.4562016,39047.0,150.7449605609115,0.0,43,42,0,0,42,42,28666,1,0,0,1,0
2020-06-08,US,Ohio,Franklin,6586,300,0,39.96995815,-83.01115755,39049.0,500.1685961560077,4.555116914667477,6286,6512,299,0,6213,6406,1310300,74,1,0,73,106
2020-06-08,US,Ohio,Fulton,50,0,0,41.60213491,-84.12571393,39051.0,118.69154441437591,0.0,50,46,0,0,46,45,42276,4,0,0,4,1
2020-06-08,US,Ohio,Gallia,9,1,0,38.82708533,-82.31647569,39053.0,30.102347983142685,11.111111111111109,8,9,1,0,8,9,29979,0,0,0,0,0
2020-06-08,US,Ohio,Geauga,313,34,0,41.49952319,-81.17935342,39055.0,334.2267402748561,10.862619808306711,279,309,34,0,275,306,94031,4,0,0,4,3
2020-06-08,US,Ohio,Greene,114,5,0,39.69116283,-83.89032084,39057.0,67.48077685764515,4.385964912280701,109,111,5,0,106,108,167995,3,0,0,3,3
2020-06-08,US,Ohio,Guernsey,43,2,0,40.05026529,-81.49248905,39059.0,110.61093247588423,4.651162790697675,41,42,2,0,40,41,39022,1,0,0,1,1
2020-06-08,US,Ohio,Hamilton,2891,172,0,39.19673558,-84.54502924,39061.0,353.6508239415858,5.949498443445175,2719,2860,171,0,2689,2831,816684,31,1,0,30,29
2020-06-08,US,Ohio,Hancock,58,1,0,41.00250487,-83.66838948,39063.0,76.53431508385786,1.7241379310344829,57,56,1,0,55,54,75930,2,0,0,2,2
2020-06-08,US,Ohio,Hardin,76,3,0,40.66015414,-83.65929931,39065.0,242.30830543599555,3.947368421052632,73,73,1,0,72,73,31480,3,2,0,1,0
2020-06-08,US,Ohio,Harrison,10,0,0,40.29380509,-81.09068544,39067.0,66.48936170212765,0.0,10,10,0,0,10,10,15174,0,0,0,0,0
2020-06-08,US,Ohio,Henry,19,0,0,41.333964200000004,-84.06830637,39069.0,70.35473598459602,0.0,19,18,0,0,18,19,27086,1,0,0,1,-1
2020-06-08,US,Ohio,Highland,30,1,0,39.1839264,-83.60331456,39071.0,69.50719399457844,3.333333333333333,29,29,1,0,28,29,43058,1,0,0,1,0
2020-06-08,US,Ohio,Hocking,74,5,0,39.49537927,-82.47991446,39073.0,261.8171525615624,6.756756756756758,69,71,5,0,66,71,28385,3,0,0,3,0
2020-06-08,US,Ohio,Holmes,69,3,0,40.56163713,-81.92635677,39075.0,156.96087352138306,4.3478260869565215,66,68,3,0,65,60,43892,1,0,0,1,8
2020-06-08,US,Ohio,Huron,63,1,0,41.14651175,-82.59867951,39077.0,108.12480691998763,1.5873015873015872,62,63,1,0,62,62,58504,0,0,0,0,1
2020-06-08,US,Ohio,Jackson,15,0,0,39.01914254,-82.61818559999998,39079.0,46.277728072069856,0.0,15,15,0,0,15,15,32384,0,0,0,0,0
2020-06-08,US,Ohio,Jefferson,69,2,0,40.38614126,-80.76259514,39081.0,105.62571756601608,2.898550724637681,67,68,2,0,66,68,65767,1,0,0,1,0
2020-06-08,US,Ohio,Knox,29,1,0,40.39830217,-82.42027563,39083.0,46.53252463014665,3.4482758620689653,28,28,1,0,27,26,61893,1,0,0,1,2
2020-06-08,US,Ohio,Lake,334,12,0,41.69710807,-81.23676539,39085.0,145.12337659516226,3.5928143712574854,322,331,12,0,319,327,230514,3,0,0,3,4
2020-06-08,US,Ohio,Lawrence,30,1,0,38.59743452,-82.53466552,39087.0,50.45154129458654,3.333333333333333,29,30,1,0,29,30,59866,0,0,0,0,0
2020-06-08,US,Ohio,Licking,280,10,0,40.09136236,-82.48185785,39089.0,158.31552283701416,3.571428571428572,270,277,10,0,267,275,175769,3,0,0,3,2
2020-06-08,US,Ohio,Logan,46,0,0,40.38996525,-83.76784341,39091.0,100.71816430197931,0.0,46,44,0,0,44,43,45358,2,0,0,2,1
2020-06-08,US,Ohio,Lorain,755,62,0,41.29553751,-82.15083537,39093.0,243.67965968763818,8.211920529801324,693,747,61,0,686,737,309461,8,1,0,7,10
2020-06-08,US,Ohio,Lucas,2354,266,0,41.62101218,-83.65468618,39095.0,549.5531670510893,11.299915038232793,2088,2348,265,0,2083,2340,429899,6,1,0,5,8
2020-06-08,US,Ohio,Madison,167,7,0,39.89381073,-83.40178317,39097.0,373.3428718338512,4.1916167664670665,160,166,7,0,159,164,44413,1,0,0,1,2
2020-06-08,US,Ohio,Mahoning,1516,195,0,41.01631101,-80.77287029,39099.0,662.9264090465841,12.86279683377309,1321,1511,194,0,1317,1502,229642,5,1,0,4,9
2020-06-08,US,Ohio,Marion,2694,32,0,40.58610662,-83.15736305,39101.0,4138.693868772371,1.1878247958426131,2662,2691,32,0,2659,2689,65256,3,0,0,3,2
2020-06-08,US,Ohio,Medina,388,25,0,41.11770589,-81.89986209999998,39103.0,215.86015822327062,6.443298969072165,363,387,25,0,362,382,179146,1,0,0,1,5
2020-06-08,US,Ohio,Meigs,6,0,0,39.09224872,-82.0305041,39105.0,26.192866809272275,0.0,6,6,0,0,6,6,23106,0,0,0,0,0
2020-06-08,US,Ohio,Mercer,237,8,0,40.54043046,-84.62912742,39107.0,575.6339259691052,3.3755274261603376,229,233,8,0,225,230,40959,4,0,0,4,3
2020-06-08,US,Ohio,Miami,375,30,0,40.0543329,-84.22871271,39109.0,350.50987503154585,8.0,345,374,30,0,344,373,106222,1,0,0,1,1
2020-06-08,US,Ohio,Monroe,81,15,0,39.72984936,-81.08464734,39111.0,593.2327523070162,18.51851851851852,66,80,15,0,65,80,13790,1,0,0,1,0
2020-06-08,US,Ohio,Montgomery,817,17,0,39.75394919,-84.29050975,39113.0,153.6618348765345,2.08078335373317,800,791,17,0,774,766,532331,26,0,0,26,25
2020-06-08,US,Ohio,Morgan,6,0,0,39.62081738,-81.85308173,39115.0,41.356492969396186,0.0,6,6,0,0,6,6,14604,0,0,0,0,0
2020-06-08,US,Ohio,Morrow,108,1,0,40.52363560000001,-82.7892599,39117.0,305.70652173913044,0.925925925925926,107,108,1,0,107,108,35112,0,0,0,0,0
2020-06-08,US,Ohio,Muskingum,57,1,0,39.96575964,-81.94363275,39119.0,66.11378530418139,1.7543859649122806,56,56,1,0,55,56,86183,1,0,0,1,0
2020-06-08,US,Ohio,Noble,6,0,0,39.76818851,-81.45937183,39121.0,41.59733777038269,0.0,6,6,0,0,6,6,14354,0,0,0,0,0
2020-06-08,US,Ohio,Ottawa,109,19,0,41.53781826,-83.0940185,39123.0,268.96977174583594,17.431192660550455,90,109,19,0,90,109,40769,0,0,0,0,0
2020-06-08,US,Ohio,Paulding,14,0,0,41.11676341,-84.5801017,39125.0,74.97857754927162,0.0,14,14,0,0,14,14,18760,0,0,0,0,0
2020-06-08,US,Ohio,Perry,20,1,0,39.73508655,-82.23804971,39127.0,55.349532296452104,5.0,19,20,1,0,19,20,36033,0,0,0,0,0
2020-06-08,US,Ohio,Pickaway,2108,39,0,39.64170392,-83.0243386,39129.0,3606.069418546966,1.8500948766603416,2069,2106,38,0,2068,2099,58086,2,1,0,1,7
2020-06-08,US,Ohio,Pike,9,0,0,39.07634001,-83.06769584,39131.0,32.406740602045225,0.0,9,9,0,0,9,9,28067,0,0,0,0,0
2020-06-08,US,Ohio,Portage,341,57,0,41.16793482,-81.19735782,39133.0,209.8900693068088,16.715542521994134,284,339,57,0,282,338,162927,2,0,0,2,1
2020-06-08,US,Ohio,Preble,39,1,0,39.7420247,-84.64787018,39135.0,95.39650702020451,2.5641025641025643,38,39,1,0,38,39,40997,0,0,0,0,0
2020-06-08,US,Ohio,Putnam,97,14,0,41.02094889,-84.1336111,39137.0,286.46525501314204,14.43298969072165,83,97,14,0,83,96,33780,0,0,0,0,1
2020-06-08,US,Ohio,Richland,232,4,0,40.77180308,-82.53799609999999,39139.0,191.49182032784717,1.7241379310344829,228,231,4,0,227,223,121099,1,0,0,1,8
2020-06-08,US,Ohio,Ross,74,2,0,39.33705391,-83.06000914,39141.0,96.52257845720398,2.702702702702702,72,74,2,0,72,73,76931,0,0,0,0,1
2020-06-08,US,Ohio,Sandusky,97,12,0,41.35624126,-83.137872,39143.0,165.76096243890768,12.371134020618555,85,95,12,0,83,94,58799,2,0,0,2,1
2020-06-08,US,Ohio,Scioto,19,0,0,38.80270163,-82.98907345,39145.0,25.22771330695488,0.0,19,18,0,0,18,18,75502,1,0,0,1,0
2020-06-08,US,Ohio,Seneca,27,2,0,41.12351311,-83.12783209,39147.0,48.932545579760045,7.407407407407407,25,27,2,0,25,27,55207,0,0,0,0,0
2020-06-08,US,Ohio,Shelby,49,3,0,40.33163494,-84.20258189,39149.0,100.84379501955135,6.1224489795918355,46,49,3,0,46,47,48627,0,0,0,0,2
2020-06-08,US,Ohio,Stark,821,102,0,40.81482476,-81.36437305,39151.0,221.52906320998582,12.423873325213153,719,817,102,0,715,813,371574,4,0,0,4,4
2020-06-08,US,Ohio,Summit,1571,184,0,41.12464734,-81.53123079,39153.0,290.38119231885366,11.712285168682367,1387,1548,183,0,1365,1540,541918,23,1,0,22,8
2020-06-08,US,Ohio,Trumbull,616,53,0,41.31735028,-80.76109643,39155.0,311.15196945053384,8.603896103896103,563,612,53,0,559,607,198627,4,0,0,4,5
2020-06-08,US,Ohio,Tuscarawas,381,5,0,40.44214695,-81.47226262,39157.0,414.188961483688,1.3123359580052494,376,378,5,0,373,376,92176,3,0,0,3,2
2020-06-08,US,Ohio,Union,58,1,0,40.30016061,-83.37239023,39159.0,98.3250830677426,1.7241379310344829,57,58,1,0,57,58,57835,0,0,0,0,0
2020-06-08,US,Ohio,Van Wert,8,0,0,40.8554138,-84.59111700000003,39161.0,28.29354553492485,0.0,8,8,0,0,8,8,28281,0,0,0,0,0
2020-06-08,US,Ohio,Vinton,21,2,0,39.25208988,-82.4831444,39163.0,160.4891096675583,9.523809523809524,19,20,2,0,18,20,13139,1,0,0,1,0
2020-06-08,US,Ohio,Warren,427,20,0,39.42581994,-84.16557457,39165.0,182.01038354319232,4.68384074941452,407,419,20,0,399,413,232173,8,0,0,8,6
2020-06-08,US,Ohio,Washington,118,19,0,39.45690571,-81.49121382,39167.0,196.9588222530086,16.10169491525424,99,118,19,0,99,118,60155,0,0,0,0,0
2020-06-08,US,Ohio,Wayne,300,51,0,40.82925852,-81.88844833,39169.0,259.2688618096966,17.0,249,298,51,0,247,296,115967,2,0,0,2,2
2020-06-08,US,Ohio,Williams,58,1,0,41.56052014,-84.58429552,39171.0,158.07260438242668,1.7241379310344829,57,58,1,0,57,58,36804,0,0,0,0,0
2020-06-08,US,Ohio,Wood,308,49,0,41.36224827,-83.62285108,39173.0,235.44340567357452,15.909090909090908,259,307,49,0,258,308,130696,1,0,0,1,-1
2020-06-08,US,Ohio,Wyandot,48,2,0,40.84339621,-83.30734173,39175.0,220.46665441851917,4.166666666666667,46,48,2,0,46,48,21935,0,0,0,0,0
2020-06-08,US,Oklahoma,Adair,94,4,0,35.88494195,-94.65859267,40001.0,423.5378931242678,4.25531914893617,90,94,4,0,90,93,22082,0,0,0,0,1
2020-06-08,US,Oklahoma,Alfalfa,1,0,0,36.73090616,-98.32408495,40003.0,17.5377060680463,0.0,1,1,0,0,1,1,5754,0,0,0,0,0
2020-06-08,US,Oklahoma,Atoka,4,0,0,34.37366573,-96.03802487,40005.0,29.07399331298154,0.0,4,4,0,0,4,4,13838,0,0,0,0,0
2020-06-08,US,Oklahoma,Beaver,27,0,0,36.7496847,-100.4758872,40007.0,508.3788363773301,0.0,27,27,0,0,27,24,5319,0,0,0,0,3
2020-06-08,US,Oklahoma,Beckham,7,0,0,35.26862449,-99.68128023,40009.0,32.02342284642481,0.0,7,7,0,0,7,7,21709,0,0,0,0,0
2020-06-08,US,Oklahoma,Blaine,9,0,0,35.87518314,-98.43307003,40011.0,95.45020680878142,0.0,9,9,0,0,9,9,9485,0,0,0,0,0
2020-06-08,US,Oklahoma,Bryan,36,1,0,33.96472458,-96.25903472,40013.0,75.00781331388686,2.7777777777777777,35,36,1,0,35,35,47192,0,0,0,0,1
2020-06-08,US,Oklahoma,Caddo,170,10,0,35.17364557,-98.37534464,40015.0,591.0576455044851,5.882352941176472,160,170,10,0,160,168,28977,0,0,0,0,2
2020-06-08,US,Oklahoma,Canadian,142,3,0,35.5426055,-97.98465569,40017.0,95.74798052674878,2.112676056338028,139,142,3,0,139,141,144447,0,0,0,0,1
2020-06-08,US,Oklahoma,Carter,53,1,0,34.25103751,-97.28552485,40019.0,110.16191723306521,1.8867924528301887,52,52,1,0,51,51,48177,1,0,0,1,1
2020-06-08,US,Oklahoma,Cherokee,33,1,0,35.90692775,-94.99980896,40021.0,67.82169060977866,3.0303030303030303,32,33,1,0,32,31,48675,0,0,0,0,2
2020-06-08,US,Oklahoma,Choctaw,100,1,0,34.02807439,-95.54771129,40023.0,681.5703380588878,1.0,99,98,1,0,97,98,14668,2,0,0,2,0
2020-06-08,US,Oklahoma,Cimarron,1,0,0,36.74817177,-102.5173885,40025.0,46.79457182966776,0.0,1,1,0,0,1,1,2153,0,0,0,0,0
2020-06-08,US,Oklahoma,Cleveland,524,37,0,35.20413532,-97.32519562,40027.0,184.4979472842888,7.061068702290076,487,520,37,0,483,519,281669,4,0,0,4,1
2020-06-08,US,Oklahoma,Coal,5,0,0,34.58840127,-96.29798747,40029.0,90.99181073703366,0.0,5,5,0,0,5,5,5520,0,0,0,0,0
2020-06-08,US,Oklahoma,Comanche,310,3,0,34.65973764,-98.47195055,40031.0,256.7309046037648,0.967741935483871,307,310,3,0,307,309,120422,0,0,0,0,1
2020-06-08,US,Oklahoma,Cotton,5,2,0,34.28845626,-98.37053567,40033.0,88.24567596187786,40.0,3,5,2,0,3,5,5776,0,0,0,0,0
2020-06-08,US,Oklahoma,Craig,16,0,0,36.76268118,-95.20916602,40035.0,113.13816999010041,0.0,16,16,0,0,16,15,14306,0,0,0,0,1
2020-06-08,US,Oklahoma,Creek,100,7,0,35.90230551,-96.37086028,40037.0,139.81711920807584,7.0,93,100,7,0,93,99,71604,0,0,0,0,1
2020-06-08,US,Oklahoma,Custer,34,0,0,35.63853802,-99.00170785,40039.0,117.22925214632969,0.0,34,34,0,0,34,32,29036,0,0,0,0,2
2020-06-08,US,Oklahoma,Delaware,102,16,0,36.40823634,-94.80325046,40041.0,237.15966425631842,15.68627450980392,86,102,16,0,86,100,42733,0,0,0,0,2
2020-06-08,US,Oklahoma,Dewey,2,0,0,35.98772922,-99.00730714,40043.0,40.891433244735225,0.0,2,2,0,0,2,2,4894,0,0,0,0,0
2020-06-08,US,Oklahoma,Garfield,30,1,0,36.3791334,-97.78265517,40047.0,49.135220125786155,3.333333333333333,29,30,1,0,29,29,60913,0,0,0,0,1
2020-06-08,US,Oklahoma,Garvin,20,1,0,34.70418038,-97.30811132,40049.0,72.17350510627548,5.0,19,20,1,0,19,18,27811,0,0,0,0,2
2020-06-08,US,Oklahoma,Grady,115,3,0,35.0167709,-97.88339847,40051.0,205.9676899380306,2.608695652173913,112,115,3,0,112,107,55551,0,0,0,0,8
2020-06-08,US,Oklahoma,Grant,2,0,0,36.796296999999996,-97.78638765,40053.0,46.15739672282484,0.0,2,2,0,0,2,2,4326,0,0,0,0,0
2020-06-08,US,Oklahoma,Greer,66,7,0,34.93535801,-99.56056120000001,40055.0,1155.4621848739494,10.606060606060606,59,66,7,0,59,66,5821,0,0,0,0,0
2020-06-08,US,Oklahoma,Harper,1,0,0,36.78836519,-99.6679804,40059.0,27.11496746203905,0.0,1,1,0,0,1,1,3797,0,0,0,0,0
2020-06-08,US,Oklahoma,Haskell,6,0,0,35.22257600000001,-95.11513306,40061.0,47.517224994060356,0.0,6,6,0,0,6,6,12668,0,0,0,0,0
2020-06-08,US,Oklahoma,Hughes,3,0,0,35.04912569,-96.24921145,40063.0,22.59206265532043,0.0,3,3,0,0,3,3,13335,0,0,0,0,0
2020-06-08,US,Oklahoma,Jackson,28,3,0,34.58781741,-99.41138784,40065.0,114.1459437423563,10.714285714285714,25,28,3,0,25,27,24949,0,0,0,0,1
2020-06-08,US,Oklahoma,Jefferson,4,0,0,34.11130184,-97.83182974,40067.0,66.64445184938353,0.0,4,4,0,0,4,4,6123,0,0,0,0,0
2020-06-08,US,Oklahoma,Johnston,3,0,0,34.31440473,-96.66011537,40069.0,27.063599458728014,0.0,3,3,0,0,3,3,10949,0,0,0,0,0
2020-06-08,US,Oklahoma,Kay,59,7,0,36.81799745,-97.14421435,40071.0,135.5138040332583,11.864406779661017,52,59,7,0,52,59,44161,0,0,0,0,0
2020-06-08,US,Oklahoma,Kingfisher,12,0,0,35.94530008,-97.94193268,40073.0,76.11798287345384,0.0,12,12,0,0,12,12,15816,0,0,0,0,0
2020-06-08,US,Oklahoma,Kiowa,6,0,0,34.91671958,-98.97720696,40075.0,68.90215893431328,0.0,6,6,0,0,6,6,8729,0,0,0,0,0
2020-06-08,US,Oklahoma,Latimer,5,1,0,34.87844729,-95.25215049,40077.0,49.63764519011218,20.0,4,5,1,0,4,5,10231,0,0,0,0,0
2020-06-08,US,Oklahoma,Le Flore,16,1,0,34.89851864,-94.70392124,40079.0,32.094357410787715,6.25,15,15,1,0,14,15,49980,1,0,0,1,0
2020-06-08,US,Oklahoma,Lincoln,23,2,0,35.70270942,-96.8812462,40081.0,65.94603893683518,8.695652173913043,21,22,2,0,20,22,34920,1,0,0,1,0
2020-06-08,US,Oklahoma,Logan,21,1,0,35.91899576,-97.44352845,40083.0,43.73997625544146,4.761904761904762,20,21,1,0,20,19,47291,0,0,0,0,2
2020-06-08,US,Oklahoma,Love,17,0,0,33.95273467,-97.23906784,40085.0,165.80513020579343,0.0,17,17,0,0,17,16,10134,0,0,0,0,1
2020-06-08,US,Oklahoma,Major,6,1,0,36.31149996,-98.53467076,40093.0,78.64726700747148,16.666666666666668,5,6,1,0,5,6,7644,0,0,0,0,0
2020-06-08,US,Oklahoma,Marshall,11,0,0,34.02311222,-96.76855464,40095.0,64.96958242277479,0.0,11,11,0,0,11,9,16806,0,0,0,0,2
2020-06-08,US,Oklahoma,Mayes,34,4,0,36.30179091,-95.23175116,40097.0,82.7250608272506,11.764705882352944,30,34,4,0,30,31,41107,0,0,0,0,3
2020-06-08,US,Oklahoma,McClain,110,4,0,35.01123903,-97.44572302,40087.0,271.77941394475465,3.636363636363636,106,109,4,0,105,109,39985,1,0,0,1,0
2020-06-08,US,Oklahoma,McCurtain,97,1,0,34.11664328,-94.77222373,40089.0,295.44346978557513,1.0309278350515465,96,84,1,0,83,81,32703,13,0,0,13,3
2020-06-08,US,Oklahoma,McIntosh,14,1,0,35.37235506,-95.66599306,40091.0,71.44315166360481,7.142857142857142,13,14,1,0,13,14,19815,0,0,0,0,0
2020-06-08,US,Oklahoma,Murray,6,0,0,34.48116015,-97.06826283,40099.0,42.634832658281816,0.0,6,6,0,0,6,5,13953,0,0,0,0,1
2020-06-08,US,Oklahoma,Muskogee,64,6,0,35.61318461,-95.37802952,40101.0,94.12179949115402,9.375,58,62,6,0,56,61,68362,2,0,0,2,1
2020-06-08,US,Oklahoma,Noble,7,0,0,36.38953329,-97.22928674,40103.0,62.887431497619254,0.0,7,7,0,0,7,7,11289,0,0,0,0,0
2020-06-08,US,Oklahoma,Nowata,24,0,0,36.79843529,-95.61902331,40105.0,238.18975784041282,0.0,24,24,0,0,24,23,10218,0,0,0,0,1
2020-06-08,US,Oklahoma,Okfuskee,5,0,0,35.46485198,-96.32639984,40107.0,41.69098640873843,0.0,5,5,0,0,5,5,12098,0,0,0,0,0
2020-06-08,US,Oklahoma,Oklahoma,1384,64,0,35.55140095,-97.40716948,40109.0,173.5566830609179,4.624277456647398,1320,1369,64,0,1305,1360,792582,15,0,0,15,9
2020-06-08,US,Oklahoma,Okmulgee,27,0,0,35.64661916,-95.96432828,40111.0,70.19368256856883,0.0,27,26,0,0,26,26,38335,1,0,0,1,0
2020-06-08,US,Oklahoma,Osage,102,8,0,36.62888819,-96.39635704,40113.0,217.1922577348125,7.84313725490196,94,101,8,0,93,101,47014,1,0,0,1,0
2020-06-08,US,Oklahoma,Ottawa,35,2,0,36.83532655,-94.81011909,40115.0,112.44257397115044,5.7142857142857135,33,35,2,0,33,35,31175,0,0,0,0,0
2020-06-08,US,Oklahoma,Pawnee,34,2,0,36.31743373,-96.70331759999999,40117.0,207.6209086468002,5.882352941176472,32,34,2,0,32,33,16390,0,0,0,0,1
2020-06-08,US,Oklahoma,Payne,51,1,0,36.07695283,-96.97584944,40119.0,62.35938569891421,1.96078431372549,50,48,1,0,47,48,82040,3,0,0,3,0
2020-06-08,US,Oklahoma,Pittsburg,42,3,0,34.92065823,-95.75134320000001,40121.0,96.21111467448573,7.142857142857142,39,42,3,0,39,41,43877,0,0,0,0,1
2020-06-08,US,Oklahoma,Pontotoc,18,2,0,34.72959848,-96.68337199,40123.0,47.01703061331104,11.111111111111109,16,18,2,0,16,18,38247,0,0,0,0,0
2020-06-08,US,Oklahoma,Pottawatomie,64,4,0,35.20614018,-96.94923008,40125.0,88.16398501212255,6.25,60,64,4,0,60,63,72679,0,0,0,0,1
2020-06-08,US,Oklahoma,Pushmataha,5,0,0,34.41635232,-95.37603505,40127.0,45.061283345349686,0.0,5,5,0,0,5,5,11179,0,0,0,0,0
2020-06-08,US,Oklahoma,Rogers,87,5,0,36.37004357,-95.60406759,40131.0,94.09576136449671,5.747126436781608,82,85,5,0,80,85,91984,2,0,0,2,0
2020-06-08,US,Oklahoma,Seminole,30,2,0,35.16478725,-96.61686741,40133.0,123.67054167697256,6.666666666666668,28,30,2,0,28,30,24578,0,0,0,0,0
2020-06-08,US,Oklahoma,Sequoyah,17,3,0,35.49447108,-94.75463785,40135.0,40.89585989559527,17.647058823529417,14,17,3,0,14,17,41179,0,0,0,0,0
2020-06-08,US,Oklahoma,Stephens,44,1,0,34.48556989,-97.85141892,40137.0,101.986417263519,2.272727272727273,43,44,1,0,43,41,43265,0,0,0,0,3
2020-06-08,US,Oklahoma,Texas,947,6,0,36.74777635,-101.4889765,40139.0,4739.028173947856,0.6335797254487856,941,947,6,0,941,944,20455,0,0,0,0,3
2020-06-08,US,Oklahoma,Tillman,23,1,0,34.37288446,-98.92426619,40141.0,317.2413793103448,4.3478260869565215,22,23,1,0,22,23,7348,0,0,0,0,0
2020-06-08,US,Oklahoma,Tulsa,1196,60,0,36.11939621,-95.94013939,40143.0,183.5617111143853,5.016722408026756,1136,1188,60,0,1128,1165,648360,8,0,0,8,23
2020-06-08,US,Oklahoma,Wagoner,156,17,0,35.96024096,-95.51911308,40145.0,191.9078842155765,10.8974358974359,139,156,17,0,139,153,80110,0,0,0,0,3
2020-06-08,US,Oklahoma,Washington,340,37,0,36.71380786,-95.90514104,40147.0,659.8482349059716,10.882352941176471,303,340,37,0,303,340,51843,0,0,0,0,0
2020-06-08,US,Oklahoma,Washita,2,0,0,35.29071824,-98.99180434,40149.0,18.321729571271533,0.0,2,2,0,0,2,2,11127,0,0,0,0,0
2020-06-08,US,Oklahoma,Woods,4,0,0,36.76705782,-98.86573064,40151.0,45.49073126350506,0.0,4,4,0,0,4,4,8897,0,0,0,0,0
2020-06-08,US,Oklahoma,Woodward,7,0,0,36.42316318,-99.26283045,40153.0,34.6346049181139,0.0,7,7,0,0,7,5,20222,0,0,0,0,2
2020-06-08,US,Oregon,Baker,1,0,0,44.70915557,-117.6749883,41001.0,6.201935003721161,0.0,1,1,0,0,1,1,16006,0,0,0,0,0
2020-06-08,US,Oregon,Benton,62,5,0,44.49167306,-123.4316987,41003.0,66.62869547462199,8.064516129032258,57,62,5,0,57,62,92101,0,0,0,0,0
2020-06-08,US,Oregon,Clackamas,377,12,0,45.18787398,-122.2179634,41005.0,90.1510568238611,3.1830238726790454,365,346,12,0,334,339,416075,31,0,0,31,7
2020-06-08,US,Oregon,Clatsop,45,0,0,45.99712889,-123.660711,41007.0,111.87350835322195,0.0,45,45,0,0,45,45,39764,0,0,0,0,0
2020-06-08,US,Oregon,Columbia,16,0,0,45.94464254,-123.08908980000001,41009.0,30.561179661534933,0.0,16,16,0,0,16,16,52377,0,0,0,0,0
2020-06-08,US,Oregon,Coos,32,0,0,43.17406868,-124.0594514,41011.0,49.622404515638806,0.0,32,32,0,0,32,32,64389,0,0,0,0,0
2020-06-08,US,Oregon,Crook,6,0,0,44.14230227,-120.356297,41013.0,24.586133420750688,0.0,6,6,0,0,6,6,23867,0,0,0,0,0
2020-06-08,US,Oregon,Curry,7,0,0,42.45911325,-124.15728200000001,41015.0,30.53435114503817,0.0,7,7,0,0,7,7,22813,0,0,0,0,0
2020-06-08,US,Oregon,Deschutes,135,0,0,43.91570171,-121.2289121,41017.0,68.2880440280841,0.0,135,133,0,0,133,134,191996,2,0,0,2,-1
2020-06-08,US,Oregon,Douglas,29,0,0,43.27941273,-123.16729099999999,41019.0,26.130834384573802,0.0,29,29,0,0,29,29,110283,0,0,0,0,0
2020-06-08,US,Oregon,Grant,1,0,0,44.49024544,-119.0068631,41023.0,13.890818169190164,0.0,1,1,0,0,1,1,7176,0,0,0,0,0
2020-06-08,US,Oregon,Harney,1,0,0,43.06422669,-118.96663059999999,41025.0,13.526308670363855,0.0,1,1,0,0,1,1,7329,0,0,0,0,0
2020-06-08,US,Oregon,Hood River,59,0,0,45.51872811,-121.65520359999998,41027.0,252.33085279274655,0.0,59,44,0,0,44,37,23428,15,0,0,15,7
2020-06-08,US,Oregon,Jackson,71,0,0,42.43201126,-122.72893090000001,41029.0,32.134839597364035,0.0,71,71,0,0,71,69,219564,0,0,0,0,2
2020-06-08,US,Oregon,Jefferson,58,0,0,44.62806839,-121.17832,41031.0,235.21777921972583,0.0,58,57,0,0,57,55,24192,1,0,0,1,2
2020-06-08,US,Oregon,Josephine,23,1,0,42.3665549,-123.5561938,41033.0,26.28962017213986,4.3478260869565215,22,23,1,0,22,23,87393,0,0,0,0,0
2020-06-08,US,Oregon,Klamath,46,0,0,42.68762984,-121.64964609999998,41035.0,67.41111990386588,0.0,46,45,0,0,45,45,67653,1,0,0,1,0
2020-06-08,US,Oregon,Lake,2,0,0,42.79246693,-120.38501629999999,41037.0,25.41619011310205,0.0,2,2,0,0,2,2,7879,0,0,0,0,0
2020-06-08,US,Oregon,Lane,81,3,0,43.93727035,-122.847753,41039.0,21.20047007462042,3.703703703703704,78,80,3,0,77,80,379611,1,0,0,1,0
2020-06-08,US,Oregon,Lincoln,155,0,0,44.64252874,-123.86991200000001,41041.0,310.23577919218604,0.0,155,33,0,0,33,27,49388,122,0,0,122,6
2020-06-08,US,Oregon,Linn,125,9,0,44.48899494,-122.53731540000001,41043.0,96.33985618386271,7.2,116,124,9,0,115,124,127335,1,0,0,1,0
2020-06-08,US,Oregon,Malheur,34,1,0,43.1937027,-117.62273950000001,41045.0,111.2165123810147,2.9411764705882355,33,34,0,0,34,33,30725,0,1,0,-1,1
2020-06-08,US,Oregon,Marion,1058,27,0,44.90287942,-122.58151170000001,41047.0,304.18207223317944,2.5519848771266544,1031,1039,27,0,1012,1028,346868,19,0,0,19,11
2020-06-08,US,Oregon,Morrow,13,0,0,45.41846568,-119.584546,41049.0,112.0399896578471,0.0,13,13,0,0,13,12,11372,0,0,0,0,1
2020-06-08,US,Oregon,Multnomah,1302,65,0,45.54747959,-122.4169351,41051.0,160.17616918146533,4.99231950844854,1237,1264,65,0,1199,1236,811880,38,0,0,38,28
2020-06-08,US,Oregon,Polk,103,12,0,44.90322804,-123.4128888,41053.0,119.64918394609978,11.650485436893206,91,103,12,0,91,100,85234,0,0,0,0,3
2020-06-08,US,Oregon,Sherman,1,0,0,45.41501554,-120.6827834,41055.0,56.179775280898866,0.0,1,1,0,0,1,1,1708,0,0,0,0,0
2020-06-08,US,Oregon,Tillamook,6,0,0,45.46248721,-123.712066,41057.0,22.192632046160675,0.0,6,6,0,0,6,6,26787,0,0,0,0,0
2020-06-08,US,Oregon,Umatilla,144,3,0,45.59073056,-118.7353826,41059.0,184.73380372033355,2.083333333333333,141,131,3,0,128,125,77516,13,0,0,13,6
2020-06-08,US,Oregon,Union,6,0,0,45.30915495,-118.0068979,41061.0,22.3588596981554,0.0,6,6,0,0,6,6,26461,0,0,0,0,0
2020-06-08,US,Oregon,Wallowa,3,0,0,45.57894064,-117.18353799999998,41063.0,41.620421753607104,0.0,3,3,0,0,3,2,7081,0,0,0,0,1
2020-06-08,US,Oregon,Wasco,35,1,0,45.16292781,-121.16709540000001,41065.0,131.17457461959373,2.8571428571428568,34,33,1,0,32,32,26505,2,0,0,2,1
2020-06-08,US,Oregon,Washington,800,18,0,45.55972701,-123.0955257,41067.0,132.98049176185853,2.25,782,790,18,0,772,775,597695,10,0,0,10,15
2020-06-08,US,Oregon,Yamhill,85,7,0,45.23330449,-123.3086963,41071.0,79.36507936507937,8.235294117647058,78,81,7,0,74,79,107002,4,0,0,4,2
2020-06-08,US,Pennsylvania,Adams,275,8,0,39.87140411,-77.21610347,42001.0,266.9669640516848,2.9090909090909087,267,273,8,0,265,269,102811,2,0,0,2,4
2020-06-08,US,Pennsylvania,Allegheny,2008,169,0,40.46809875,-79.98167747,42003.0,165.12546821869256,8.416334661354579,1839,2003,168,0,1835,1989,1218452,5,1,0,4,14
2020-06-08,US,Pennsylvania,Armstrong,65,5,0,40.81665618,-79.46290811,42005.0,100.40936124198656,7.6923076923076925,60,65,5,0,60,65,65263,0,0,0,0,0
2020-06-08,US,Pennsylvania,Beaver,603,74,0,40.6825484,-80.34921611,42007.0,367.84217557601164,12.271973466003315,529,603,74,0,529,598,164742,0,0,0,0,5
2020-06-08,US,Pennsylvania,Bedford,45,2,0,40.00522157,-78.48998442,42009.0,93.96926161042431,4.4444444444444455,43,44,2,0,42,43,48176,1,0,0,1,1
2020-06-08,US,Pennsylvania,Berks,4218,334,0,40.41570541,-75.92457766,42011.0,1001.5101005783971,7.918444760550023,3884,4201,333,0,3868,4184,420152,17,1,0,16,17
2020-06-08,US,Pennsylvania,Blair,53,1,0,40.47961444,-78.34917412,42013.0,43.503599307225706,1.8867924528301887,52,53,1,0,52,53,122492,0,0,0,0,0
2020-06-08,US,Pennsylvania,Bradford,46,3,0,41.78869215,-76.51570822,42015.0,76.25615436898032,6.521739130434782,43,46,3,0,43,46,60833,0,0,0,0,0
2020-06-08,US,Pennsylvania,Bucks,5278,529,0,40.33682119,-75.10836643,42017.0,840.0846769700925,10.022735884804849,4749,5261,529,0,4732,5243,628195,17,0,0,17,18
2020-06-08,US,Pennsylvania,Butler,247,12,0,40.91152759,-79.91351055,42019.0,131.48578942045106,4.8582995951417,235,247,12,0,235,244,187888,0,0,0,0,3
2020-06-08,US,Pennsylvania,Cambria,59,2,0,40.49527404,-78.71377428,42021.0,45.31768465036254,3.3898305084745757,57,59,2,0,57,59,131730,0,0,0,0,0
2020-06-08,US,Pennsylvania,Cameron,2,0,0,41.43625568,-78.20376845,42023.0,44.974139869575005,0.0,2,2,0,0,2,2,4492,0,0,0,0,0
2020-06-08,US,Pennsylvania,Carbon,249,24,0,40.91545395,-75.7068525,42025.0,387.959240908666,9.63855421686747,225,249,24,0,225,248,64227,0,0,0,0,1
2020-06-08,US,Pennsylvania,Centre,157,7,0,40.92058903,-77.82200624,42027.0,96.68380700187824,4.4585987261146505,150,156,7,0,149,155,162805,1,0,0,1,1
2020-06-08,US,Pennsylvania,Chester,3102,298,0,39.97291773,-75.74768357,42029.0,590.8695229804815,9.606705351386202,2804,3053,297,0,2756,3014,522046,49,1,0,48,39
2020-06-08,US,Pennsylvania,Clarion,27,2,0,41.19265812,-79.42413524,42031.0,70.24298870908996,7.407407407407407,25,27,2,0,25,27,38779,0,0,0,0,0
2020-06-08,US,Pennsylvania,Clearfield,44,0,0,41.00110782,-78.47592663,42033.0,55.517002081887576,0.0,44,44,0,0,44,44,79388,0,0,0,0,0
2020-06-08,US,Pennsylvania,Clinton,61,3,0,41.23255967,-77.63785995,42035.0,157.90018637399046,4.918032786885246,58,60,3,0,57,60,38684,1,0,0,1,0
2020-06-08,US,Pennsylvania,Columbia,364,31,0,41.04821986,-76.40565017,42037.0,560.3103257188596,8.516483516483516,333,364,31,0,333,361,65456,0,0,0,0,3
2020-06-08,US,Pennsylvania,Crawford,30,0,0,41.68447709,-80.10760592,42039.0,35.448841413699796,0.0,30,30,0,0,30,30,85063,0,0,0,0,0
2020-06-08,US,Pennsylvania,Cumberland,672,57,0,40.1625372,-77.26130755,42041.0,265.2247700990646,8.482142857142858,615,669,57,0,612,665,251423,3,0,0,3,4
2020-06-08,US,Pennsylvania,Dauphin,1499,91,0,40.41377078,-76.77993242,42043.0,538.6293159515485,6.070713809206137,1408,1481,91,0,1390,1451,277097,18,0,0,18,30
2020-06-08,US,Pennsylvania,Delaware,6698,597,0,39.91680171,-75.40243663,42045.0,1181.8324578692082,8.913108390564348,6101,6688,597,0,6091,6659,564751,10,0,0,10,29
2020-06-08,US,Pennsylvania,Elk,6,0,0,41.42822061,-78.64524744,42047.0,20.060180541624874,0.0,6,6,0,0,6,6,30169,0,0,0,0,0
2020-06-08,US,Pennsylvania,Erie,378,6,0,41.99253829,-80.03301954,42049.0,140.14117926207143,1.5873015873015872,372,367,5,0,362,363,272061,11,1,0,10,4
2020-06-08,US,Pennsylvania,Fayette,95,4,0,39.92041012,-79.64291195,42051.0,73.48732150316383,4.2105263157894735,91,95,4,0,91,95,130441,0,0,0,0,0
2020-06-08,US,Pennsylvania,Forest,7,0,0,41.51095103,-79.23229292,42053.0,96.59169311439214,0.0,7,7,0,0,7,7,7279,0,0,0,0,0
2020-06-08,US,Pennsylvania,Franklin,798,39,0,39.92956518,-77.72157791,42055.0,514.7490437149659,4.887218045112782,759,795,39,0,756,792,154835,3,0,0,3,3
2020-06-08,US,Pennsylvania,Fulton,16,1,0,39.92913544,-78.11163677,42057.0,110.11699931176877,6.25,15,16,1,0,15,16,14523,0,0,0,0,0
2020-06-08,US,Pennsylvania,Greene,27,0,0,39.85746531,-80.22357106,42059.0,74.51770485469048,0.0,27,27,0,0,27,27,36506,0,0,0,0,0
2020-06-08,US,Pennsylvania,Huntingdon,236,4,0,40.42162652,-77.97673273,42061.0,522.7715754031543,1.6949152542372878,232,236,4,0,232,236,45168,0,0,0,0,0
2020-06-08,US,Pennsylvania,Indiana,92,5,0,40.65241041,-79.08963285,42063.0,109.42871076326527,5.434782608695652,87,92,5,0,87,91,84501,0,0,0,0,1
2020-06-08,US,Pennsylvania,Jefferson,16,0,0,41.12913106,-78.9986361,42065.0,36.845135290731136,0.0,16,16,0,0,16,16,43641,0,0,0,0,0
2020-06-08,US,Pennsylvania,Juniata,99,4,0,40.53358749,-77.39975129999998,42067.0,399.79000928805067,4.040404040404041,95,97,4,0,93,96,24704,2,0,0,2,1
2020-06-08,US,Pennsylvania,Lackawanna,1584,188,0,41.43564672,-75.60379201,42069.0,755.458473630493,11.868686868686867,1396,1583,187,0,1396,1579,210793,1,1,0,0,4
2020-06-08,US,Pennsylvania,Lancaster,3503,318,0,40.03904563,-76.24770128,42071.0,641.8995682799364,9.077933200114186,3185,3461,318,0,3143,3404,543557,42,0,0,42,57
2020-06-08,US,Pennsylvania,Lawrence,85,8,0,40.99206278,-80.33393706,42073.0,99.40125362522221,9.411764705882351,77,85,8,0,77,84,86184,0,0,0,0,1
2020-06-08,US,Pennsylvania,Lebanon,1072,37,0,40.36680311,-76.45651841,42075.0,756.0316799842025,3.4514925373134333,1035,1062,37,0,1025,1021,141314,10,0,0,10,41
2020-06-08,US,Pennsylvania,Lehigh,3871,249,0,40.6154815,-75.59435245,42077.0,1048.148208319118,6.432446396280032,3622,3858,248,0,3610,3846,368100,13,1,0,12,12
2020-06-08,US,Pennsylvania,Luzerne,2793,158,0,41.17823008,-75.98447579,42079.0,879.9150644105388,5.656999641962048,2635,2793,157,0,2636,2791,317646,0,1,0,-1,2
2020-06-08,US,Pennsylvania,Lycoming,168,17,0,41.34310539,-77.06629984,42081.0,148.28021430021445,10.119047619047619,151,167,17,0,150,166,113664,1,0,0,1,1
2020-06-08,US,Pennsylvania,McKean,13,1,0,41.80938602,-78.56478358,42083.0,32.0,7.6923076923076925,12,13,1,0,12,13,40968,0,0,0,0,0
2020-06-08,US,Pennsylvania,Mercer,111,6,0,41.30248872,-80.25816981,42085.0,101.44026904518203,5.405405405405406,105,111,6,0,105,111,110683,0,0,0,0,0
2020-06-08,US,Pennsylvania,Mifflin,59,1,0,40.61116939,-77.61070738,42087.0,127.8772378516624,1.6949152542372878,58,59,1,0,58,59,46222,0,0,0,0,0
2020-06-08,US,Pennsylvania,Monroe,1341,102,0,41.05934058,-75.34031025,42089.0,787.5680532797717,7.6062639821029085,1239,1338,102,0,1236,1338,169507,3,0,0,3,0
2020-06-08,US,Pennsylvania,Montgomery,7610,727,0,40.21053671,-75.36652296,42091.0,915.8578193918753,9.553219448094614,6883,7582,725,0,6857,7542,828604,28,2,0,26,40
2020-06-08,US,Pennsylvania,Montour,53,0,0,41.03023987,-76.66345939,42093.0,290.72956664838176,0.0,53,53,0,0,53,53,18240,0,0,0,0,0
2020-06-08,US,Pennsylvania,Northampton,3168,232,0,40.75182733,-75.30471829,42095.0,1037.7188528751822,7.3232323232323235,2936,3151,232,0,2919,3144,304807,17,0,0,17,7
2020-06-08,US,Pennsylvania,Northumberland,209,3,0,40.84785433,-76.70798222,42097.0,230.0672588972183,1.4354066985645932,206,209,3,0,206,208,91083,0,0,0,0,1
2020-06-08,US,Pennsylvania,Perry,68,3,0,40.40206612,-77.26297447,42099.0,146.95712309820198,4.411764705882354,65,68,3,0,65,67,46139,0,0,0,0,1
2020-06-08,US,Pennsylvania,Philadelphia,23691,1421,0,40.00338507,-75.1379271,42101.0,1495.583511777302,5.9980583343885865,22270,23529,1420,0,22109,23529,1584138,162,1,0,161,0
2020-06-08,US,Pennsylvania,Pike,482,20,0,41.33155042,-75.03208106,42103.0,863.6599831568385,4.149377593360996,462,482,20,0,462,481,55933,0,0,0,0,1
2020-06-08,US,Pennsylvania,Potter,11,0,0,41.74471626,-77.89559864,42105.0,66.56178143531405,0.0,11,11,0,0,11,11,16622,0,0,0,0,0
2020-06-08,US,Pennsylvania,Schuylkill,657,39,0,40.70497338,-76.2150785,42107.0,464.774085838185,5.936073059360732,618,656,39,0,617,656,142067,1,0,0,1,0
2020-06-08,US,Pennsylvania,Snyder,55,1,0,40.77129231,-77.06840691,42109.0,136.23303279500644,1.818181818181818,54,55,1,0,54,54,40540,0,0,0,0,1
2020-06-08,US,Pennsylvania,Somerset,39,1,0,39.97172723,-79.02699593,42111.0,53.0995139352186,2.5641025641025643,38,39,1,0,38,39,73952,0,0,0,0,0
2020-06-08,US,Pennsylvania,Sullivan,3,0,0,41.44634738,-76.51246591,42113.0,49.455984174085074,0.0,3,3,0,0,3,3,6071,0,0,0,0,0
2020-06-08,US,Pennsylvania,Susquehanna,154,16,0,41.82147784,-75.80071959,42115.0,381.8686768498314,10.389610389610391,138,148,16,0,132,133,40589,6,0,0,6,15
2020-06-08,US,Pennsylvania,Tioga,19,2,0,41.77255149,-77.25433032,42117.0,46.80840580424233,10.526315789473683,17,19,2,0,17,19,40763,0,0,0,0,0
2020-06-08,US,Pennsylvania,Union,73,2,0,40.96188846,-77.05996014,42119.0,162.50027825390112,2.7397260273972597,71,73,2,0,71,71,44785,0,0,0,0,2
2020-06-08,US,Pennsylvania,Venango,15,0,0,41.40323442,-79.75845449,42121.0,29.60448409252388,0.0,15,15,0,0,15,15,51266,0,0,0,0,0
2020-06-08,US,Pennsylvania,Warren,5,0,0,41.81304978,-79.26969577,42123.0,12.758031180628205,0.0,5,5,0,0,5,5,39498,0,0,0,0,0
2020-06-08,US,Pennsylvania,Washington,149,6,0,40.19208869,-80.24582867,42125.0,72.02765088342639,4.026845637583893,143,147,6,0,141,146,207346,2,0,0,2,1
2020-06-08,US,Pennsylvania,Wayne,124,9,0,41.64938475,-75.29956506,42127.0,241.4283210996671,7.258064516129032,115,126,9,0,117,123,51276,-2,0,0,-2,3
2020-06-08,US,Pennsylvania,Westmoreland,461,38,0,40.31377979999999,-79.46615476,42129.0,132.1299287186263,8.242950108459869,423,459,38,0,421,457,350611,2,0,0,2,2
2020-06-08,US,Pennsylvania,Wyoming,35,7,0,41.51955538,-76.01074915,42131.0,130.6262596103605,20.0,28,34,7,0,27,34,27046,1,0,0,1,0
2020-06-08,US,Pennsylvania,York,1086,29,0,39.9210089,-76.73040131,42133.0,241.83958419625083,2.6703499079189688,1057,1082,29,0,1053,1049,448273,4,0,0,4,33
2020-06-08,US,Rhode Island,Bristol,231,0,0,41.71018079,-71.28652315,44001.0,476.4949772066256,0.0,231,224,0,0,224,224,48649,7,0,0,7,0
2020-06-08,US,Rhode Island,Kent,1105,0,0,41.67106337,-71.57641596,44003.0,672.5829620431914,0.0,1105,1052,0,0,1052,1052,163861,53,0,0,53,0
2020-06-08,US,Rhode Island,Newport,269,0,0,41.5642026,-71.26569799,44005.0,327.7210594283765,0.0,269,244,0,0,244,244,82542,25,0,0,25,0
2020-06-08,US,Rhode Island,Providence,11959,0,0,41.87064746,-71.57753536,44007.0,1871.7201074920454,0.0,11959,11052,0,0,11052,11052,636084,907,0,0,907,0
2020-06-08,US,Rhode Island,Unassigned,1565,799,0,0.0,0.0,90044.0,0.0,51.054313099041536,766,2370,772,0,1598,2370,,-805,27,0,-832,0
2020-06-08,US,Rhode Island,Washington,513,0,0,41.45961631,-71.61435303,44009.0,408.51429800043,0.0,513,499,0,0,499,499,126179,14,0,0,14,0
2020-06-08,US,South Carolina,Abbeville,58,0,0,34.22333378,-82.46170658,45001.0,236.4740897786113,0.0,58,51,0,0,51,47,24541,7,0,0,7,4
2020-06-08,US,South Carolina,Aiken,212,8,0,33.54338026,-81.63645384,45003.0,124.06947890818859,3.7735849056603774,204,208,8,0,200,216,169401,4,0,0,4,-8
2020-06-08,US,South Carolina,Allendale,39,3,0,32.98837386,-81.35321066,45005.0,448.89502762430936,7.6923076923076925,36,39,3,0,36,39,8903,0,0,0,0,0
2020-06-08,US,South Carolina,Anderson,280,9,0,34.51828081,-82.63959517,45007.0,138.2320125593657,3.2142857142857144,271,279,9,0,270,263,200482,1,0,0,1,16
2020-06-08,US,South Carolina,Bamberg,36,0,0,33.21927586,-81.05659969,45009.0,255.9363002985924,0.0,36,36,0,0,36,33,14275,0,0,0,0,3
2020-06-08,US,South Carolina,Barnwell,54,1,0,33.26679302,-81.43584352,45011.0,258.7942106776574,1.851851851851852,53,54,1,0,53,52,21112,0,0,0,0,2
2020-06-08,US,South Carolina,Beaufort,444,14,0,32.39226291,-80.72619758,45013.0,231.1031532047345,3.1531531531531534,430,430,14,0,416,417,188715,14,0,0,14,13
2020-06-08,US,South Carolina,Berkeley,282,18,0,33.20222596,-79.94654523,45015.0,123.73468125156313,6.382978723404255,264,273,17,0,256,257,221091,9,1,0,8,16
2020-06-08,US,South Carolina,Calhoun,22,1,0,33.66926881,-80.77722168,45017.0,151.1715797430083,4.545454545454546,21,21,1,0,20,19,14520,1,0,0,1,2
2020-06-08,US,South Carolina,Charleston,811,14,0,32.82487866,-79.96512315,45019.0,197.12887026441035,1.7262638717632552,797,776,14,0,762,709,405905,35,0,0,35,67
2020-06-08,US,South Carolina,Cherokee,70,5,0,35.05122251,-81.61828622,45021.0,122.16404886561956,7.142857142857142,65,69,5,0,64,49,57078,1,0,0,1,20
2020-06-08,US,South Carolina,Chester,109,1,0,34.69249168,-81.1583216,45023.0,338.04738866145635,0.9174311926605504,108,103,1,0,102,96,32251,6,0,0,6,7
2020-06-08,US,South Carolina,Chesterfield,250,6,0,34.64137396,-80.15640140000002,45025.0,547.645125958379,2.4,244,247,5,0,242,236,45754,3,1,0,2,11
2020-06-08,US,South Carolina,Clarendon,306,41,0,33.66610974,-80.21647898,45027.0,906.8010075566749,13.398692810457515,265,306,40,0,266,304,33700,0,1,0,-1,2
2020-06-08,US,South Carolina,Colleton,144,14,0,32.87582989,-80.67641292,45029.0,382.1960347161398,9.722222222222221,130,142,14,0,128,128,37660,2,0,0,2,14
2020-06-08,US,South Carolina,Darlington,330,12,0,34.33358335,-79.96027485,45031.0,495.3616139782041,3.636363636363636,318,328,12,0,316,316,66802,2,0,0,2,12
2020-06-08,US,South Carolina,Dillon,189,4,0,34.39007791,-79.37741872,45033.0,620.099084615637,2.1164021164021163,185,188,3,0,185,177,30599,1,1,0,0,11
2020-06-08,US,South Carolina,Dorchester,216,3,0,33.0794369,-80.40502652,45035.0,132.67079829739143,1.3888888888888888,213,206,3,0,203,189,160647,10,0,0,10,17
2020-06-08,US,South Carolina,Edgefield,56,2,0,33.77221995,-81.96231108,45037.0,205.42920029347027,3.571428571428572,54,56,2,0,54,54,27052,0,0,0,0,2
2020-06-08,US,South Carolina,Fairfield,211,17,0,34.39287073,-81.1195624,45039.0,944.1983263972792,8.056872037914692,194,206,17,0,189,203,22402,5,0,0,5,3
2020-06-08,US,South Carolina,Florence,724,40,0,34.02361754,-79.70189312,45041.0,523.5261365361948,5.524861878453039,684,717,40,0,677,707,138159,7,0,0,7,10
2020-06-08,US,South Carolina,Georgetown,94,3,0,33.43443342,-79.33202141,45043.0,149.96809189534142,3.191489361702128,91,85,3,0,82,82,62249,9,0,0,9,3
2020-06-08,US,South Carolina,Greenville,2175,60,0,34.89502264,-82.37295012,45045.0,415.4394489840357,2.7586206896551726,2115,2060,59,0,2001,1934,514213,115,1,0,114,126
2020-06-08,US,South Carolina,Greenwood,183,3,0,34.15272415,-82.12715789,45047.0,258.4344240301648,1.639344262295082,180,172,2,0,170,160,70741,11,1,0,10,12
2020-06-08,US,South Carolina,Hampton,45,1,0,32.77419582,-81.13845571,45049.0,234.10675267922173,2.2222222222222223,44,41,1,0,40,38,19351,4,0,0,4,3
2020-06-08,US,South Carolina,Horry,676,32,0,33.9212828,-78.99555293,45051.0,190.9167676322649,4.733727810650888,644,618,31,0,587,536,344147,58,1,0,57,82
2020-06-08,US,South Carolina,Jasper,48,2,0,32.43171982,-81.02487495,45053.0,159.61161174475444,4.166666666666667,46,47,2,0,45,45,28971,1,0,0,1,2
2020-06-08,US,South Carolina,Kershaw,384,15,0,34.33988254,-80.58763164,45055.0,577.001096903127,3.90625,369,379,14,0,365,368,65592,5,1,0,4,11
2020-06-08,US,South Carolina,Lancaster,203,6,0,34.68270843,-80.70513032,45057.0,207.11749581683875,2.955665024630542,197,201,6,0,195,189,95380,2,0,0,2,12
2020-06-08,US,South Carolina,Laurens,92,4,0,34.48244419,-82.00490796,45059.0,136.31043219296816,4.3478260869565215,88,88,4,0,84,77,66994,4,0,0,4,11
2020-06-08,US,South Carolina,Lee,229,17,0,34.16393091,-80.25690731,45061.0,1360.8271927739481,7.423580786026201,212,229,18,0,211,227,17142,0,-1,0,1,2
2020-06-08,US,South Carolina,Lexington,879,37,0,33.89665987,-81.27146426,45063.0,294.22594142259413,4.209328782707623,842,836,37,0,799,766,295032,43,0,0,43,70
2020-06-08,US,South Carolina,Marion,84,5,0,34.07859748,-79.36400756,45067.0,273.999412858401,5.9523809523809526,79,84,5,0,79,74,31039,0,0,0,0,10
2020-06-08,US,South Carolina,Marlboro,211,3,0,34.59905577,-79.67561152,45069.0,807.8719656941572,1.4218009478672986,208,206,3,0,203,198,26398,5,0,0,5,8
2020-06-08,US,South Carolina,McCormick,11,1,0,33.90161443,-82.30794338,45065.0,116.24220648842864,9.090909090909092,10,10,1,0,9,10,9410,1,0,0,1,0
2020-06-08,US,South Carolina,Newberry,82,1,0,34.28629098,-81.59935761,45071.0,213.3194588969823,1.2195121951219512,81,79,1,0,78,71,38520,3,0,0,3,8
2020-06-08,US,South Carolina,Oconee,61,0,0,34.75225169,-83.06742317,45073.0,76.6851884444221,0.0,61,58,0,0,58,55,78374,3,0,0,3,3
2020-06-08,US,South Carolina,Orangeburg,273,5,0,33.4391073,-80.79886287,45075.0,316.79721496953874,1.8315018315018317,268,255,4,0,251,242,86934,18,1,0,17,13
2020-06-08,US,South Carolina,Pickens,207,4,0,34.88807695,-82.72791551,45077.0,163.14113678635604,1.932367149758454,203,197,4,0,193,186,124937,10,0,0,10,11
2020-06-08,US,South Carolina,Richland,1794,70,0,34.01791263,-80.90267209,45079.0,431.49997955546365,3.901895206243033,1724,1748,68,0,1680,1666,414576,46,2,0,44,82
2020-06-08,US,South Carolina,Saluda,154,1,0,34.00795823,-81.72713237,45081.0,752.2102281053094,0.6493506493506493,153,152,1,0,151,151,20544,2,0,0,2,1
2020-06-08,US,South Carolina,Spartanburg,813,31,0,34.92960077,-81.99225984,45083.0,254.2333130071767,3.813038130381304,782,782,30,0,752,701,313888,31,1,0,30,81
2020-06-08,US,South Carolina,Sumter,472,19,0,33.91826534,-80.37942316,45085.0,442.2747163163763,4.02542372881356,453,462,19,0,443,426,106512,10,0,0,10,36
2020-06-08,US,South Carolina,Union,41,0,0,34.68835752,-81.61730349,45087.0,150.09518231073363,0.0,41,41,0,0,41,40,27410,0,0,0,0,1
2020-06-08,US,South Carolina,Williamsburg,260,14,0,33.62190129,-79.72767442,45089.0,856.1643835616437,5.384615384615384,246,256,14,0,242,254,30606,4,0,0,4,2
2020-06-08,US,South Carolina,York,486,10,0,34.97281497,-81.18085944,45091.0,172.96666298904898,2.05761316872428,476,465,10,0,455,446,274118,21,0,0,21,19
2020-06-08,US,South Dakota,Aurora,29,0,0,43.71757685,-98.56050467,46003.0,1054.162122864413,0.0,29,29,0,0,29,29,2801,0,0,0,0,0
2020-06-08,US,South Dakota,Beadle,385,5,0,44.41464384,-98.27858469,46005.0,2086.381618165068,1.2987012987012987,380,382,5,0,377,361,18883,3,0,0,3,21
2020-06-08,US,South Dakota,Bon Homme,8,0,0,42.98914167,-97.88592746,46009.0,115.92522822779308,0.0,8,8,0,0,8,8,6980,0,0,0,0,0
2020-06-08,US,South Dakota,Brookings,23,0,0,44.36974375,-96.79079945,46011.0,65.57003164466745,0.0,23,23,0,0,23,22,35232,0,0,0,0,1
2020-06-08,US,South Dakota,Brown,299,1,0,45.58994323,-98.35165355,46013.0,769.8447436854707,0.33444816053511706,298,298,1,0,297,295,39316,1,0,0,1,3
2020-06-08,US,South Dakota,Brule,2,0,0,43.71756379,-99.08118954,46015.0,37.75722106852936,0.0,2,2,0,0,2,2,5229,0,0,0,0,0
2020-06-08,US,South Dakota,Buffalo,25,0,0,44.07657829,-99.20814467,46017.0,1274.20998980632,0.0,25,25,0,0,25,24,2036,0,0,0,0,1
2020-06-08,US,South Dakota,Charles Mix,20,0,0,43.20660134,-98.58856175,46023.0,215.23891519586743,0.0,20,20,0,0,20,20,9338,0,0,0,0,0
2020-06-08,US,South Dakota,Clark,4,0,0,44.85834507,-97.72925109,46025.0,107.06638115631692,0.0,4,4,0,0,4,4,3739,0,0,0,0,0
2020-06-08,US,South Dakota,Clay,35,0,0,42.91296147,-96.97656917,46027.0,248.75621890547265,0.0,35,32,0,0,32,27,14041,3,0,0,3,5
2020-06-08,US,South Dakota,Codington,43,0,0,44.97788119,-97.18827677,46029.0,153.5220821878682,0.0,43,41,0,0,41,41,28015,2,0,0,2,0
2020-06-08,US,South Dakota,Corson,4,0,0,45.70889983,-101.1970473,46031.0,97.89525208027409,0.0,4,4,0,0,4,4,4165,0,0,0,0,0
2020-06-08,US,South Dakota,Custer,1,0,0,43.67741105,-103.45345209999999,46033.0,11.145786892554613,0.0,1,1,0,0,1,1,8726,0,0,0,0,0
2020-06-08,US,South Dakota,Davison,30,0,0,43.67490933,-98.14458906,46035.0,151.70670037926675,0.0,30,27,0,0,27,27,19790,3,0,0,3,0
2020-06-08,US,South Dakota,Day,13,0,0,45.367281,-97.60737498,46037.0,239.6755162241888,0.0,13,13,0,0,13,13,5505,0,0,0,0,0
2020-06-08,US,South Dakota,Deuel,1,0,0,44.75994309,-96.66943645,46039.0,22.983222247759137,0.0,1,1,0,0,1,1,4337,0,0,0,0,0
2020-06-08,US,South Dakota,Dewey,1,0,0,45.15639647,-100.8709139,46041.0,16.972165648336727,0.0,1,1,0,0,1,1,5904,0,0,0,0,0
2020-06-08,US,South Dakota,Douglas,4,0,0,43.38520741,-98.36978007,46043.0,136.93940431359124,0.0,4,4,0,0,4,3,2935,0,0,0,0,1
2020-06-08,US,South Dakota,Edmunds,4,0,0,45.41846445,-99.21545423,46045.0,104.46591799425435,0.0,4,3,0,0,3,3,3875,1,0,0,1,0
2020-06-08,US,South Dakota,Fall River,6,0,0,43.23929297,-103.5275691,46047.0,89.37881722031878,0.0,6,6,0,0,6,6,6758,0,0,0,0,0
2020-06-08,US,South Dakota,Faulk,2,0,0,45.07082625,-99.14535601,46049.0,86.99434536755109,0.0,2,2,0,0,2,1,2330,0,0,0,0,1
2020-06-08,US,South Dakota,Grant,13,0,0,45.1723937,-96.77002276,46051.0,184.344866704481,0.0,13,13,0,0,13,13,7147,0,0,0,0,0
2020-06-08,US,South Dakota,Gregory,1,0,0,43.19419064,-99.18883902,46053.0,23.894862604540023,0.0,1,1,0,0,1,1,4212,0,0,0,0,0
2020-06-08,US,South Dakota,Hamlin,7,0,0,44.67385954,-97.18829593,46057.0,113.5626216742375,0.0,7,6,0,0,6,5,6111,1,0,0,1,1
2020-06-08,US,South Dakota,Hand,5,0,0,44.54708407,-99.00386459,46059.0,156.69069257286117,0.0,5,5,0,0,5,5,3262,0,0,0,0,0
2020-06-08,US,South Dakota,Hanson,3,0,0,43.6746384,-97.78715148,46061.0,86.88097306689835,0.0,3,2,0,0,2,2,3376,1,0,0,1,0
2020-06-08,US,South Dakota,Hughes,20,0,0,44.39091534,-99.99661148,46065.0,114.11617026132605,0.0,20,20,0,0,20,19,17650,0,0,0,0,1
2020-06-08,US,South Dakota,Hutchinson,6,0,0,43.33449012,-97.75536441,46067.0,82.2932382389247,0.0,6,6,0,0,6,6,7380,0,0,0,0,0
2020-06-08,US,South Dakota,Hyde,2,0,0,44.54747703,-99.48572582,46069.0,153.72790161414298,0.0,2,1,0,0,1,1,1282,1,0,0,1,0
2020-06-08,US,South Dakota,Jackson,4,0,0,43.69318385,-101.6255063,46071.0,119.61722488038279,0.0,4,4,0,0,4,4,3307,0,0,0,0,0
2020-06-08,US,South Dakota,Jerauld,40,1,0,44.06637798,-98.62965972,46073.0,1987.083954297069,2.5,39,40,1,0,39,39,2043,0,0,0,0,1
2020-06-08,US,South Dakota,Kingsbury,5,0,0,44.36956169,-97.4913945,46077.0,101.23506782749544,0.0,5,5,0,0,5,4,4919,0,0,0,0,1
2020-06-08,US,South Dakota,Lake,13,0,0,44.02193107,-97.12926365,46079.0,101.58630929124014,0.0,13,13,0,0,13,13,13057,0,0,0,0,0
2020-06-08,US,South Dakota,Lawrence,12,0,0,44.35919441,-103.79294279999999,46081.0,46.43244079863797,0.0,12,12,0,0,12,12,25741,0,0,0,0,0
2020-06-08,US,South Dakota,Lincoln,254,0,0,43.27841182,-96.72039050000001,46083.0,415.5215285957336,0.0,254,254,0,0,254,250,58807,0,0,0,0,4
2020-06-08,US,South Dakota,Lyman,24,0,0,43.89522709,-99.85201878,46085.0,634.7527109230363,0.0,24,24,0,0,24,22,3821,0,0,0,0,2
2020-06-08,US,South Dakota,Marshall,4,0,0,45.75870838,-97.59855639,46091.0,81.05369807497469,0.0,4,4,0,0,4,4,5112,0,0,0,0,0
2020-06-08,US,South Dakota,McCook,6,1,0,43.6742571,-97.36863144,46087.0,107.41138560687432,16.666666666666668,5,6,1,0,5,6,5546,0,0,0,0,0
2020-06-08,US,South Dakota,McPherson,2,0,0,45.76626028,-99.22118798,46089.0,84.06893652795294,0.0,2,2,0,0,2,2,2407,0,0,0,0,0
2020-06-08,US,South Dakota,Meade,26,1,0,44.56676791,-102.71627409999999,46093.0,91.7690244246788,3.8461538461538463,25,24,1,0,23,24,28294,2,0,0,2,0
2020-06-08,US,South Dakota,Miner,3,0,0,44.02197882,-97.60992207,46097.0,135.37906137184117,0.0,3,3,0,0,3,2,2213,0,0,0,0,1
2020-06-08,US,South Dakota,Minnehaha,3409,50,0,43.67441641,-96.7910885,46099.0,1765.0957366388104,1.4667057788207685,3359,3407,50,0,3357,3397,192876,2,0,0,2,10
2020-06-08,US,South Dakota,Moody,19,0,0,44.02266214,-96.67081159,46101.0,288.92944038929437,0.0,19,19,0,0,19,19,6579,0,0,0,0,0
2020-06-08,US,South Dakota,Oglala Lakota,39,0,0,43.33749164,-102.55554980000001,46102.0,275.0934612400367,0.0,39,39,0,0,39,35,14309,0,0,0,0,4
2020-06-08,US,South Dakota,Pennington,314,5,0,44.0025835,-102.8240777,46103.0,275.9833003735443,1.5923566878980893,309,305,5,0,300,297,111729,9,0,0,9,8
2020-06-08,US,South Dakota,Roberts,38,0,0,45.62975048,-96.94672673,46109.0,365.5955358860881,0.0,38,38,0,0,38,38,10447,0,0,0,0,0
2020-06-08,US,South Dakota,Sanborn,13,0,0,44.02351092,-98.09098159999999,46111.0,554.6075085324234,0.0,13,13,0,0,13,13,2429,0,0,0,0,0
2020-06-08,US,South Dakota,Spink,5,0,0,44.93837606,-98.34626602,46115.0,78.41907151819322,0.0,5,5,0,0,5,5,6495,0,0,0,0,0
2020-06-08,US,South Dakota,Stanley,10,0,0,44.41381872,-100.7349153,46117.0,322.7888960619755,0.0,10,10,0,0,10,10,3022,0,0,0,0,0
2020-06-08,US,South Dakota,Sully,1,0,0,44.71571812,-100.1278092,46119.0,71.89072609633357,0.0,1,1,0,0,1,1,1392,0,0,0,0,0
2020-06-08,US,South Dakota,Todd,38,1,0,43.19338568,-100.71955030000001,46121.0,373.3909796600177,2.631578947368421,37,37,1,0,36,36,10283,1,0,0,1,1
2020-06-08,US,South Dakota,Tripp,6,0,0,43.34459388,-99.8854891,46123.0,110.27384671935306,0.0,6,6,0,0,6,6,5478,0,0,0,0,0
2020-06-08,US,South Dakota,Turner,25,0,0,43.3109081,-97.14865776,46125.0,298.18702290076334,0.0,25,25,0,0,25,25,8424,0,0,0,0,0
2020-06-08,US,South Dakota,Union,100,0,0,42.83112163,-96.6557828,46127.0,627.6675872457946,0.0,100,100,0,0,100,98,15619,0,0,0,0,2
2020-06-08,US,South Dakota,Walworth,5,0,0,45.43019636,-100.03075140000001,46129.0,91.99632014719411,0.0,5,5,0,0,5,5,5587,0,0,0,0,0
2020-06-08,US,South Dakota,Yankton,58,0,0,43.00924485,-97.39467635,46135.0,254.22985885859558,0.0,58,55,0,0,55,53,22869,3,0,0,3,2
2020-06-08,US,South Dakota,Ziebach,2,0,0,44.97881876,-101.6654622,46137.0,72.5689404934688,0.0,2,2,0,0,2,2,2742,0,0,0,0,0
2020-06-08,US,Tennessee,Anderson,48,2,0,36.12684348,-84.19965764,47001.0,62.35547818857336,4.166666666666667,46,47,2,0,45,45,76482,1,0,0,1,2
2020-06-08,US,Tennessee,Bedford,332,4,0,35.51123746,-86.45549096,47003.0,667.8333635065275,1.2048192771084338,328,325,4,0,321,314,49038,7,0,0,7,11
2020-06-08,US,Tennessee,Benton,8,1,0,36.07110411,-88.06849355,47005.0,49.504950495049506,12.5,7,8,1,0,7,8,16184,0,0,0,0,0
2020-06-08,US,Tennessee,Bledsoe,614,1,0,35.59942968,-85.20611967,47007.0,4075.942644715879,0.16286644951140064,613,614,1,0,613,614,14755,0,0,0,0,0
2020-06-08,US,Tennessee,Blount,94,3,0,35.68938198,-83.92847788,47009.0,70.62995912478961,3.191489361702128,91,94,3,0,91,93,131349,0,0,0,0,1
2020-06-08,US,Tennessee,Bradley,219,2,0,35.15739424,-84.857186,47011.0,202.5714549995375,0.9132420091324199,217,199,2,0,197,184,106727,20,0,0,20,15
2020-06-08,US,Tennessee,Campbell,18,1,0,36.40355516,-84.15108559999999,47013.0,45.178454896842524,5.5555555555555545,17,18,1,0,17,18,39583,0,0,0,0,0
2020-06-08,US,Tennessee,Cannon,34,0,0,35.80990797,-86.05738983,47015.0,231.6391879002589,0.0,34,32,0,0,32,32,14462,2,0,0,2,0
2020-06-08,US,Tennessee,Carroll,28,1,0,35.97366108,-88.45189331,47017.0,100.83912558072531,3.571428571428572,27,28,1,0,27,28,28020,0,0,0,0,0
2020-06-08,US,Tennessee,Carter,19,1,0,36.28969086,-82.12588974,47019.0,33.693319856005395,5.2631578947368425,18,19,1,0,18,19,56351,0,0,0,0,0
2020-06-08,US,Tennessee,Cheatham,144,0,0,36.26136216,-87.08903581,47021.0,354.0954582339489,0.0,144,143,0,0,143,141,40439,1,0,0,1,2
2020-06-08,US,Tennessee,Chester,12,0,0,35.42527478,-88.6095842,47023.0,69.37619240330693,0.0,12,12,0,0,12,12,17276,0,0,0,0,0
2020-06-08,US,Tennessee,Claiborne,14,0,0,36.48319149,-83.65947309,47025.0,43.80612659970587,0.0,14,14,0,0,14,12,31756,0,0,0,0,2
2020-06-08,US,Tennessee,Clay,9,0,0,36.55151008,-85.53930419,47027.0,118.18778726198292,0.0,9,8,0,0,8,8,7717,1,0,0,1,0
2020-06-08,US,Tennessee,Cocke,21,0,0,35.9278914,-83.11828725,47029.0,58.326852571936456,0.0,21,21,0,0,21,21,35774,0,0,0,0,0
2020-06-08,US,Tennessee,Coffee,82,0,0,35.49090731,-86.07311784,47031.0,145.0813871196037,0.0,82,81,0,0,81,81,55700,1,0,0,1,0
2020-06-08,US,Tennessee,Crockett,16,3,0,35.81830662,-89.14916269,47033.0,112.43851018974001,18.75,13,16,3,0,13,16,14328,0,0,0,0,0
2020-06-08,US,Tennessee,Cumberland,125,2,0,35.95271721,-84.99840585,47035.0,206.5432914738929,1.6,123,125,2,0,123,124,59673,0,0,0,0,1
2020-06-08,US,Tennessee,Davidson,5947,73,0,36.17007426,-86.78646056,47037.0,856.7386594136087,1.2275096687405411,5874,5801,73,0,5728,5742,692587,146,0,0,146,59
2020-06-08,US,Tennessee,DeKalb,40,0,0,35.97616272,-85.83689361,47041.0,195.21717911176185,0.0,40,39,0,0,39,39,20138,1,0,0,1,0
2020-06-08,US,Tennessee,Decatur,8,0,0,35.60048904,-88.11043779,47039.0,68.59298636714396,0.0,8,8,0,0,8,6,11706,0,0,0,0,2
2020-06-08,US,Tennessee,Dickson,125,0,0,36.14669837,-87.35891709,47043.0,231.7046044338993,0.0,125,125,0,0,125,124,53446,0,0,0,0,1
2020-06-08,US,Tennessee,Dyer,67,0,0,36.05931946,-89.41542855,47045.0,180.30625151376518,0.0,67,61,0,0,61,60,37320,6,0,0,6,1
2020-06-08,US,Tennessee,Fayette,155,2,0,35.19615831,-89.41399032,47047.0,376.8263924342985,1.2903225806451613,153,152,2,0,150,152,40507,3,0,0,3,0
2020-06-08,US,Tennessee,Fentress,12,0,0,36.38128818,-84.92870012,47049.0,64.78432219402903,0.0,12,12,0,0,12,12,18217,0,0,0,0,0
2020-06-08,US,Tennessee,Franklin,54,1,0,35.15634626,-86.09201039,47051.0,127.93783169067476,1.851851851851852,53,54,1,0,53,54,41890,0,0,0,0,0
2020-06-08,US,Tennessee,Gibson,64,1,0,35.99438059,-88.93358327,47053.0,130.25868560845052,1.5625,63,63,1,0,62,63,49045,1,0,0,1,0
2020-06-08,US,Tennessee,Giles,18,0,0,35.20222469,-87.03992678,47055.0,61.09150149334781,0.0,18,18,0,0,18,17,29503,0,0,0,0,1
2020-06-08,US,Tennessee,Grainger,16,0,0,36.27469206,-83.51254721,47057.0,68.61063464837049,0.0,16,16,0,0,16,16,23145,0,0,0,0,0
2020-06-08,US,Tennessee,Greene,52,2,0,36.17470125,-82.84691273,47059.0,75.28703180877093,3.8461538461538463,50,52,2,0,50,52,69087,0,0,0,0,0
2020-06-08,US,Tennessee,Grundy,32,1,0,35.38433717,-85.72142731,47061.0,238.3257615252849,3.125,31,32,1,0,31,32,13346,0,0,0,0,0
2020-06-08,US,Tennessee,Hamblen,58,2,0,36.21990035,-83.26586179,47063.0,89.32146487202391,3.4482758620689653,56,45,2,0,43,45,64569,13,0,0,13,0
2020-06-08,US,Tennessee,Hamilton,1042,19,0,35.17670231,-85.16652245,47065.0,283.3030635882155,1.8234165067178505,1023,1028,19,0,1009,1013,364286,14,0,0,14,15
2020-06-08,US,Tennessee,Hancock,2,0,0,36.52692871,-83.22375847,47067.0,30.211480362537767,0.0,2,2,0,0,2,1,6549,0,0,0,0,1
2020-06-08,US,Tennessee,Hardeman,211,0,0,35.20772017,-88.99161161,47069.0,842.315369261477,0.0,211,211,0,0,211,208,25220,0,0,0,0,3
2020-06-08,US,Tennessee,Hardin,31,2,0,35.19732531,-88.18593755,47071.0,120.84827693747076,6.451612903225807,29,31,2,0,29,23,25776,0,0,0,0,8
2020-06-08,US,Tennessee,Hawkins,34,2,0,36.44355426,-82.94885298,47073.0,59.87391258408763,5.882352941176472,32,34,2,0,32,34,56530,0,0,0,0,0
2020-06-08,US,Tennessee,Haywood,36,2,0,35.58332824,-89.28536625,47075.0,208.0443828016644,5.5555555555555545,34,36,2,0,34,34,17335,0,0,0,0,2
2020-06-08,US,Tennessee,Henderson,15,0,0,35.65581134,-88.38600175,47077.0,53.34850802005904,0.0,15,15,0,0,15,15,27847,0,0,0,0,0
2020-06-08,US,Tennessee,Henry,32,0,0,36.33160906,-88.30121797,47079.0,98.93337455557273,0.0,32,32,0,0,32,32,32358,0,0,0,0,0
2020-06-08,US,Tennessee,Hickman,62,0,0,35.80609681,-87.47643507,47081.0,246.2467233298912,0.0,62,62,0,0,62,62,25063,0,0,0,0,0
2020-06-08,US,Tennessee,Houston,8,0,0,36.28872054,-87.71878828,47083.0,97.54907938056334,0.0,8,8,0,0,8,8,8263,0,0,0,0,0
2020-06-08,US,Tennessee,Humphreys,17,1,0,36.03958805,-87.77992872,47085.0,91.48638467333978,5.882352941176472,16,16,1,0,15,16,18486,1,0,0,1,0
2020-06-08,US,Tennessee,Jackson,19,0,0,36.36380466,-85.67239905,47087.0,161.20821313422704,0.0,19,19,0,0,19,19,11758,0,0,0,0,0
2020-06-08,US,Tennessee,Jefferson,29,0,0,36.04818632,-83.45148924,47089.0,53.215891366180394,0.0,29,29,0,0,29,29,54012,0,0,0,0,0
2020-06-08,US,Tennessee,Johnson,22,0,0,36.45523950000001,-81.84886538,47091.0,123.67888464133124,0.0,22,21,0,0,21,20,17778,1,0,0,1,1
2020-06-08,US,Tennessee,Knox,481,5,0,35.99508821,-83.94635435,47093.0,102.27231652112528,1.0395010395010396,476,469,5,0,464,461,465289,12,0,0,12,8
2020-06-08,US,Tennessee,Lake,835,0,0,36.34180170000001,-89.48921915,47095.0,11901.368301026228,0.0,835,835,0,0,835,835,7411,0,0,0,0,0
2020-06-08,US,Tennessee,Lauderdale,60,1,0,35.75893438,-89.63015909999999,47097.0,234.0732649319237,1.6666666666666667,59,60,1,0,59,60,25825,0,0,0,0,0
2020-06-08,US,Tennessee,Lawrence,40,0,0,35.21675201,-87.39787695,47099.0,90.61664627792123,0.0,40,38,0,0,38,36,43734,2,0,0,2,2
2020-06-08,US,Tennessee,Lewis,4,0,0,35.52853208,-87.49022694,47101.0,32.605151613955,0.0,4,4,0,0,4,3,12086,0,0,0,0,1
2020-06-08,US,Tennessee,Lincoln,32,0,0,35.13738622,-86.58910106,47103.0,93.11528836640865,0.0,32,32,0,0,32,32,34117,0,0,0,0,0
2020-06-08,US,Tennessee,Loudon,170,0,0,35.73939663,-84.31145275,47105.0,314.4188799289783,0.0,170,168,0,0,168,168,53054,2,0,0,2,0
2020-06-08,US,Tennessee,Macon,181,3,0,36.53157855,-86.00778595,47111.0,735.7125436956345,1.6574585635359116,178,178,3,0,175,177,24265,3,0,0,3,1
2020-06-08,US,Tennessee,Madison,179,2,0,35.61181957,-88.84076036,47113.0,182.6828870019595,1.11731843575419,177,178,2,0,176,174,97605,1,0,0,1,4
2020-06-08,US,Tennessee,Marion,45,1,0,35.12997174,-85.62265895,47115.0,155.6716366278064,2.2222222222222223,44,45,1,0,44,45,28575,0,0,0,0,0
2020-06-08,US,Tennessee,Marshall,36,1,0,35.45798777,-86.76420988,47117.0,104.72727272727272,2.7777777777777777,35,36,1,0,35,36,33683,0,0,0,0,0
2020-06-08,US,Tennessee,Maury,116,1,0,35.618741299999996,-87.07462444,47119.0,120.3481797337815,0.8620689655172413,115,115,1,0,114,115,94340,1,0,0,1,0
2020-06-08,US,Tennessee,McMinn,153,14,0,35.42812616,-84.61520715,47107.0,284.4183366174666,9.150326797385619,139,150,14,0,136,150,53285,3,0,0,3,0
2020-06-08,US,Tennessee,McNairy,24,0,0,35.17468549,-88.5647812,47109.0,93.40702109441895,0.0,24,23,0,0,23,19,25832,1,0,0,1,4
2020-06-08,US,Tennessee,Meigs,27,0,0,35.51558739,-84.81482914,47121.0,217.35630333279664,0.0,27,27,0,0,27,27,12306,0,0,0,0,0
2020-06-08,US,Tennessee,Monroe,76,4,0,35.44550387,-84.24902965,47123.0,163.28284455902892,5.2631578947368425,72,75,4,0,71,75,46357,1,0,0,1,0
2020-06-08,US,Tennessee,Montgomery,301,3,0,36.49609412,-87.38550661,47125.0,144.02396252506063,0.9966777408637874,298,294,3,0,291,287,205950,7,0,0,7,7
2020-06-08,US,Tennessee,Moore,5,0,0,35.27724699,-86.36230578,47127.0,77.06535141800245,0.0,5,5,0,0,5,5,6411,0,0,0,0,0
2020-06-08,US,Tennessee,Morgan,19,0,0,36.13248031,-84.64880098,47129.0,88.77260197168621,0.0,19,19,0,0,19,18,21579,0,0,0,0,1
2020-06-08,US,Tennessee,Obion,56,1,0,36.35732446,-89.14921589,47131.0,186.2383185340384,1.7857142857142858,55,56,1,0,55,52,30267,0,0,0,0,4
2020-06-08,US,Tennessee,Out of TN,426,4,0,0.0,0.0,80047.0,0.0,0.9389671361502347,422,426,4,0,422,426,,0,0,0,0,0
2020-06-08,US,Tennessee,Overton,35,0,0,36.34117832,-85.28989535,47133.0,157.36702486398994,0.0,35,35,0,0,35,34,22068,0,0,0,0,1
2020-06-08,US,Tennessee,Perry,24,0,0,35.63708728,-87.86139634,47135.0,297.1768202080238,0.0,24,24,0,0,24,24,8064,0,0,0,0,0
2020-06-08,US,Tennessee,Pickett,4,0,0,36.55606529,-85.07763299999998,47137.0,79.23930269413628,0.0,4,4,0,0,4,4,5082,0,0,0,0,0
2020-06-08,US,Tennessee,Polk,23,0,0,35.12245443,-84.52075859,47139.0,136.64448669201522,0.0,23,21,0,0,21,21,16898,2,0,0,2,0
2020-06-08,US,Tennessee,Putnam,552,6,0,36.14005459,-85.50646123,47141.0,687.893326687021,1.0869565217391304,546,552,6,0,546,529,78843,0,0,0,0,23
2020-06-08,US,Tennessee,Rhea,221,0,0,35.60536161,-84.93076643,47143.0,666.3249615581752,0.0,221,218,0,0,218,218,33044,3,0,0,3,0
2020-06-08,US,Tennessee,Roane,21,0,0,35.84923189,-84.52458689,47145.0,39.339103068450044,0.0,21,21,0,0,21,19,53140,0,0,0,0,2
2020-06-08,US,Tennessee,Robertson,567,6,0,36.52454807,-86.87346725,47147.0,789.5506384637879,1.058201058201058,561,553,6,0,547,545,71012,14,0,0,14,8
2020-06-08,US,Tennessee,Rutherford,1522,29,0,35.84591405,-86.4107263,47149.0,458.04053749040736,1.9053876478318004,1493,1479,29,0,1450,1443,324890,43,0,0,43,36
2020-06-08,US,Tennessee,Scott,14,0,0,36.42325673,-84.50360494,47151.0,63.44027551205365,0.0,14,14,0,0,14,13,22039,0,0,0,0,1
2020-06-08,US,Tennessee,Sequatchie,21,0,0,35.36979721,-85.41022136,47153.0,139.7577532277386,0.0,21,20,0,0,20,20,14876,1,0,0,1,0
2020-06-08,US,Tennessee,Sevier,129,2,0,35.78077323,-83.52244332,47155.0,131.29770992366414,1.5503875968992251,127,110,2,0,108,109,97892,19,0,0,19,1
2020-06-08,US,Tennessee,Shelby,6005,133,0,35.1864775,-89.89692423,47157.0,640.7616153381578,2.2148209825145706,5872,5860,130,0,5730,5812,935764,145,3,0,142,48
2020-06-08,US,Tennessee,Smith,37,1,0,36.25359775,-85.95411046,47159.0,183.5590613682592,2.702702702702702,36,36,1,0,35,36,19942,1,0,0,1,0
2020-06-08,US,Tennessee,Stewart,15,0,0,36.50235092,-87.83920548,47161.0,109.36930368209991,0.0,15,15,0,0,15,15,13561,0,0,0,0,0
2020-06-08,US,Tennessee,Sullivan,62,2,0,36.51240691,-82.30412917,47163.0,39.15426781519186,3.2258064516129035,60,62,2,0,60,62,157668,0,0,0,0,0
2020-06-08,US,Tennessee,Sumner,987,46,0,36.46824103,-86.45917204,47165.0,515.989397907812,4.660587639311045,941,975,46,0,929,967,187149,12,0,0,12,8
2020-06-08,US,Tennessee,Tipton,480,3,0,35.501942,-89.73694895,47167.0,779.2334291141091,0.625,477,479,3,0,476,475,61581,1,0,0,1,4
2020-06-08,US,Tennessee,Trousdale,1397,4,0,36.39026213,-86.16087954,47169.0,12380.361573909959,0.2863278453829635,1393,1394,4,0,1390,1394,11012,3,0,0,3,0
2020-06-08,US,Tennessee,Unassigned,161,0,0,0.0,0.0,90047.0,0.0,0.0,161,161,0,0,161,161,,0,0,0,0,0
2020-06-08,US,Tennessee,Unicoi,52,0,0,36.10890856,-82.43709629,47171.0,290.77895207739186,0.0,52,52,0,0,52,52,17761,0,0,0,0,0
2020-06-08,US,Tennessee,Union,4,0,0,36.28590426,-83.83651902,47173.0,20.02803925495694,0.0,4,4,0,0,4,4,19688,0,0,0,0,0
2020-06-08,US,Tennessee,Van Buren,4,0,0,35.69864497,-85.45221699,47175.0,68.11989100817439,0.0,4,4,0,0,4,4,5765,0,0,0,0,0
2020-06-08,US,Tennessee,Warren,31,0,0,35.672829899999996,-85.77969117,47177.0,75.10235724495482,0.0,31,28,0,0,28,28,40878,3,0,0,3,0
2020-06-08,US,Tennessee,Washington,86,0,0,36.29472368,-82.49454720000001,47179.0,66.47342995169082,0.0,86,86,0,0,86,86,128607,0,0,0,0,0
2020-06-08,US,Tennessee,Wayne,64,0,0,35.23868267,-87.78644456,47181.0,383.85413542853723,0.0,64,64,0,0,64,64,16558,0,0,0,0,0
2020-06-08,US,Tennessee,Weakley,26,0,0,36.29896232,-88.71990865,47183.0,78.01248199711955,0.0,26,26,0,0,26,26,33415,0,0,0,0,0
2020-06-08,US,Tennessee,White,43,0,0,35.92929884,-85.45591799,47185.0,157.24995428780397,0.0,43,41,0,0,41,38,27107,2,0,0,2,3
2020-06-08,US,Tennessee,Williamson,630,11,0,35.89099229,-86.89281867,47187.0,264.24844387027497,1.746031746031746,619,621,11,0,610,606,231729,9,0,0,9,15
2020-06-08,US,Tennessee,Wilson,477,9,0,36.15496772,-86.29775884,47189.0,329.7455359920363,1.8867924528301887,468,475,9,0,466,469,140625,2,0,0,2,6
2020-06-08,US,Texas,Anderson,88,0,0,31.81534745,-95.65354823,48001.0,152.42054213215553,0.0,88,87,0,0,87,87,58057,1,0,0,1,0
2020-06-08,US,Texas,Andrews,27,0,0,32.30468633,-102.63765479999999,48003.0,144.34643143544506,0.0,27,27,0,0,27,27,18128,0,0,0,0,0
2020-06-08,US,Texas,Angelina,237,5,0,31.25457347,-94.60901487,48005.0,273.3091160698841,2.109704641350211,232,237,5,0,232,237,87092,0,0,0,0,0
2020-06-08,US,Texas,Aransas,5,0,0,28.10556197,-96.9995047,48007.0,21.267545725223307,0.0,5,5,0,0,5,5,23792,0,0,0,0,0
2020-06-08,US,Texas,Archer,2,0,0,33.61569967,-98.68754589,48009.0,23.383608090728398,0.0,2,2,0,0,2,2,8786,0,0,0,0,0
2020-06-08,US,Texas,Armstrong,3,0,0,34.96507426,-101.35748740000001,48011.0,158.9825119236884,0.0,3,3,0,0,3,3,1892,0,0,0,0,0
2020-06-08,US,Texas,Atascosa,42,2,0,28.89333001,-98.52730485,48013.0,82.106621312533,4.761904761904762,40,42,2,0,40,41,50310,0,0,0,0,1
2020-06-08,US,Texas,Austin,29,0,0,29.88548725,-96.27736949,48015.0,96.56366542354822,0.0,29,29,0,0,29,29,29989,0,0,0,0,0
2020-06-08,US,Texas,Bailey,26,0,0,34.06854817,-102.8299707,48017.0,371.4285714285714,0.0,26,26,0,0,26,26,7027,0,0,0,0,0
2020-06-08,US,Texas,Bandera,6,0,0,29.74619598,-99.24598147,48019.0,25.960539979231573,0.0,6,6,0,0,6,6,22824,0,0,0,0,0
2020-06-08,US,Texas,Bastrop,255,3,0,30.10370699,-97.31206354,48021.0,287.411381490707,1.1764705882352942,252,255,3,0,252,250,86976,0,0,0,0,5
2020-06-08,US,Texas,Baylor,1,0,0,33.61640794,-99.21352901,48023.0,28.498147620404676,0.0,1,1,0,0,1,1,3582,0,0,0,0,0
2020-06-08,US,Texas,Bee,22,0,0,28.41761668,-97.74215593,48025.0,67.5571933056963,0.0,22,22,0,0,22,22,32587,0,0,0,0,0
2020-06-08,US,Texas,Bell,446,5,0,31.03736027,-97.4785025,48027.0,122.89074296546936,1.1210762331838564,441,446,5,0,441,446,355642,0,0,0,0,0
2020-06-08,US,Texas,Bexar,3311,78,0,29.44928723,-98.52019748,48029.0,165.25633948473563,2.3557837511325883,3233,3143,78,0,3065,3143,1986049,168,0,0,168,0
2020-06-08,US,Texas,Blanco,11,1,0,30.26640707,-98.3999852,48031.0,92.19679825664237,9.090909090909092,10,11,1,0,10,11,11702,0,0,0,0,0
2020-06-08,US,Texas,Bosque,7,0,0,31.89978581,-97.63613524,48035.0,37.46320578003746,0.0,7,7,0,0,7,7,18691,0,0,0,0,0
2020-06-08,US,Texas,Bowie,336,6,0,33.44626922,-94.41834132,48037.0,360.3410370529251,1.7857142857142858,330,336,6,0,330,312,94324,0,0,0,0,24
2020-06-08,US,Texas,Brazoria,990,13,0,29.18757369,-95.44563172,48039.0,264.5191629438044,1.3131313131313131,977,990,13,0,977,990,370200,0,0,0,0,0
2020-06-08,US,Texas,Brazos,626,22,0,30.663644800000004,-96.30205577,48041.0,273.11080183760816,3.514376996805112,604,605,22,0,583,565,226758,21,0,0,21,40
2020-06-08,US,Texas,Brewster,1,0,0,29.81008251,-103.25203259999999,48043.0,10.866021949364338,0.0,1,1,0,0,1,1,9267,0,0,0,0,0
2020-06-08,US,Texas,Briscoe,1,0,0,34.53026962,-101.2084947,48045.0,64.68305304010349,0.0,1,1,0,0,1,1,1516,0,0,0,0,0
2020-06-08,US,Texas,Brooks,1,0,0,27.03103197,-98.21808402,48047.0,14.098406880022555,0.0,1,1,0,0,1,1,7114,0,0,0,0,0
2020-06-08,US,Texas,Brown,59,10,0,31.77430356,-98.99907113,48049.0,155.8208324529896,16.949152542372882,49,59,10,0,49,59,37924,0,0,0,0,0
2020-06-08,US,Texas,Burleson,32,0,0,30.49273808,-96.62158484,48051.0,173.50756384536137,0.0,32,32,0,0,32,32,18389,0,0,0,0,0
2020-06-08,US,Texas,Burnet,54,1,0,30.78801353,-98.181887,48053.0,112.13788806977469,1.851851851851852,53,54,1,0,53,51,47542,0,0,0,0,3
2020-06-08,US,Texas,Caldwell,77,0,0,29.83668859,-97.61814775,48055.0,176.34664712348842,0.0,77,77,0,0,77,76,43247,0,0,0,0,1
2020-06-08,US,Texas,Calhoun,39,3,0,28.47048236,-96.61633945,48057.0,183.18459370596528,7.6923076923076925,36,39,3,0,36,38,21561,0,0,0,0,1
2020-06-08,US,Texas,Callahan,10,1,0,32.29760619,-99.37326312,48059.0,71.72057663343614,10.0,9,10,1,0,9,10,13994,0,0,0,0,0
2020-06-08,US,Texas,Cameron,892,39,0,26.14524221,-97.48140372,48061.0,210.79347674536763,4.372197309417039,853,892,39,0,853,863,423908,0,0,0,0,29
2020-06-08,US,Texas,Camp,92,0,0,32.97195142,-94.97790104,48063.0,702.6118833053308,0.0,92,92,0,0,92,91,13033,0,0,0,0,1
2020-06-08,US,Texas,Carson,6,0,0,35.40365929,-101.35426690000001,48065.0,101.24873439082012,0.0,6,6,0,0,6,6,6005,0,0,0,0,0
2020-06-08,US,Texas,Cass,31,1,0,33.07499881,-94.34646905,48067.0,103.24385532538469,3.2258064516129035,30,31,1,0,30,31,30119,0,0,0,0,0
2020-06-08,US,Texas,Castro,35,1,0,34.53016752,-102.2617243,48069.0,464.8074369189908,2.8571428571428568,34,35,1,0,34,35,7665,0,0,0,0,0
2020-06-08,US,Texas,Chambers,79,1,0,29.70972016,-94.67154501,48071.0,180.21306202522985,1.2658227848101269,78,76,1,0,75,76,42454,3,0,0,3,0
2020-06-08,US,Texas,Cherokee,52,2,0,31.837258000000002,-95.16559897,48073.0,98.77293621547695,3.8461538461538463,50,52,2,0,50,52,52592,0,0,0,0,0
2020-06-08,US,Texas,Childress,2,0,0,34.529304100000004,-100.2077916,48075.0,27.37476047084588,0.0,2,2,0,0,2,2,7291,0,0,0,0,0
2020-06-08,US,Texas,Clay,5,0,0,33.78686685,-98.20771198,48077.0,47.75093114315729,0.0,5,5,0,0,5,5,10456,0,0,0,0,0
2020-06-08,US,Texas,Cochran,1,0,0,33.60425307,-102.82844990000001,48079.0,35.05082369435681,0.0,1,1,0,0,1,1,2836,0,0,0,0,0
2020-06-08,US,Texas,Coke,1,0,0,31.88911733,-100.5297533,48081.0,29.524653085326253,0.0,1,1,0,0,1,1,3370,0,0,0,0,0
2020-06-08,US,Texas,Coleman,3,0,0,31.76736834,-99.45240766,48083.0,36.697247706422026,0.0,3,3,0,0,3,3,8397,0,0,0,0,0
2020-06-08,US,Texas,Collin,1447,36,0,33.18820114,-96.57264368,48085.0,139.8432441313193,2.48790601243953,1411,1447,36,0,1411,1447,1005146,0,0,0,0,0
2020-06-08,US,Texas,Collingsworth,5,0,0,34.96489496,-100.27001109999999,48087.0,171.23287671232876,0.0,5,5,0,0,5,5,2962,0,0,0,0,0
2020-06-08,US,Texas,Colorado,24,0,0,29.622097999999998,-96.5273805,48089.0,111.66426278323178,0.0,24,24,0,0,24,24,21217,0,0,0,0,0
2020-06-08,US,Texas,Comal,117,7,0,29.80811278,-98.27647225,48091.0,74.89965366912278,5.982905982905983,110,117,7,0,110,117,148373,0,0,0,0,0
2020-06-08,US,Texas,Comanche,12,1,0,31.94854689,-98.55876441,48093.0,88.008800880088,8.333333333333334,11,12,1,0,11,12,13534,0,0,0,0,0
2020-06-08,US,Texas,Concho,1,0,0,31.32635934,-99.86473038,48095.0,36.683785766691116,0.0,1,1,0,0,1,1,4276,0,0,0,0,0
2020-06-08,US,Texas,Cooke,20,0,0,33.63979567,-97.21240912,48097.0,48.47662214896866,0.0,20,20,0,0,20,20,40574,0,0,0,0,0
2020-06-08,US,Texas,Coryell,289,2,0,31.39078397,-97.79936155,48099.0,380.5084857342234,0.6920415224913494,287,289,2,0,287,290,74808,0,0,0,0,-1
2020-06-08,US,Texas,Cottle,4,1,0,34.07783319,-100.27850620000001,48101.0,286.12303290414883,25.0,3,4,1,0,3,4,1389,0,0,0,0,0
2020-06-08,US,Texas,Crane,27,5,0,31.43052248,-102.5143314,48103.0,562.8517823639775,18.51851851851852,22,27,5,0,22,27,4794,0,0,0,0,0
2020-06-08,US,Texas,Crockett,1,0,0,30.72367027,-101.4134238,48105.0,28.868360277136254,0.0,1,1,0,0,1,1,3499,0,0,0,0,0
2020-06-08,US,Texas,Crosby,3,1,0,33.61431553,-101.30003640000001,48107.0,52.292138748474805,33.333333333333336,2,3,1,0,2,3,5779,0,0,0,0,0
2020-06-08,US,Texas,Dallam,27,1,0,36.27787176,-102.60207249999999,48111.0,370.52284890901603,3.703703703703704,26,27,1,0,26,27,7200,0,0,0,0,0
2020-06-08,US,Texas,Dallas,12347,264,0,32.76670599,-96.77796049999999,48113.0,468.4851087984288,2.1381712156799217,12083,12093,264,0,11829,11830,2637772,254,0,0,254,263
2020-06-08,US,Texas,Dawson,45,1,0,32.74255572,-101.94772420000001,48115.0,353.55122564424886,2.2222222222222223,44,45,1,0,44,45,12619,0,0,0,0,0
2020-06-08,US,Texas,DeWitt,18,1,0,29.08101855,-97.35681170000001,48123.0,89.2857142857143,5.5555555555555545,17,18,1,0,17,18,20187,0,0,0,0,0
2020-06-08,US,Texas,Deaf Smith,176,13,0,34.96522957,-102.6054267,48117.0,948.9916963226573,7.386363636363638,163,176,13,0,163,176,18760,0,0,0,0,0
2020-06-08,US,Texas,Delta,2,0,0,33.38570922,-95.66921122,48119.0,37.51641343087601,0.0,2,2,0,0,2,2,5349,0,0,0,0,0
2020-06-08,US,Texas,Denton,1500,33,0,33.20521901,-97.11691153,48121.0,169.0699013871622,2.2,1467,1486,33,0,1453,1467,859064,14,0,0,14,19
2020-06-08,US,Texas,Dickens,1,0,0,33.61616822,-100.7788855,48125.0,45.22840343735866,0.0,1,1,0,0,1,1,2249,0,0,0,0,0
2020-06-08,US,Texas,Dimmit,1,0,0,28.42270064,-99.75645095,48127.0,9.877518767285656,0.0,1,1,0,0,1,1,10308,0,0,0,0,0
2020-06-08,US,Texas,Donley,27,0,0,34.96517499,-100.8140093,48129.0,823.672971323978,0.0,27,27,0,0,27,27,3319,0,0,0,0,0
2020-06-08,US,Texas,Duval,5,0,0,27.68184592,-98.50864568,48131.0,44.81491440351349,0.0,5,5,0,0,5,5,11212,0,0,0,0,0
2020-06-08,US,Texas,Eastland,7,0,0,32.32743996,-98.83243566,48133.0,38.12636165577342,0.0,7,7,0,0,7,7,18322,0,0,0,0,0
2020-06-08,US,Texas,Ector,187,5,0,31.86898877,-102.54294279999999,48135.0,112.49947359871979,2.6737967914438503,182,187,5,0,182,187,162124,0,0,0,0,0
2020-06-08,US,Texas,El Paso,3376,90,0,31.76980765,-106.23632749999999,48141.0,402.2696779697773,2.6658767772511847,3286,3376,90,0,3286,3298,840758,0,0,0,0,78
2020-06-08,US,Texas,Ellis,388,16,0,32.34894117,-96.79371841,48139.0,209.92717474814148,4.123711340206185,372,388,16,0,372,388,179436,0,0,0,0,0
2020-06-08,US,Texas,Erath,26,1,0,32.23602653,-98.21773417,48143.0,60.89278186331912,3.8461538461538463,25,26,1,0,25,26,42446,0,0,0,0,0
2020-06-08,US,Texas,Falls,11,0,0,31.25350609,-96.93630086,48145.0,63.594843036364686,0.0,11,11,0,0,11,11,17335,0,0,0,0,0
2020-06-08,US,Texas,Fannin,43,2,0,33.59564294,-96.10751083,48147.0,121.07901109421637,4.651162790697675,41,43,2,0,41,43,35286,0,0,0,0,0
2020-06-08,US,Texas,Fayette,38,2,0,29.87788372,-96.92076062,48149.0,149.92503748125938,5.2631578947368425,36,38,2,0,36,38,25349,0,0,0,0,0
2020-06-08,US,Texas,Fisher,2,1,0,32.74281316,-100.40193020000001,48151.0,52.219321148825074,50.0,1,2,1,0,1,2,3839,0,0,0,0,0
2020-06-08,US,Texas,Floyd,16,0,0,34.07227468,-101.3031546,48153.0,280.11204481792714,0.0,16,16,0,0,16,16,5837,0,0,0,0,0
2020-06-08,US,Texas,Fort Bend,2117,47,0,29.52704478,-95.77219463,48157.0,260.8145001527681,2.2201228153046766,2070,2117,47,0,2070,2117,787858,0,0,0,0,0
2020-06-08,US,Texas,Franklin,19,0,0,33.17653242,-95.21917243,48159.0,177.15617715617714,0.0,19,19,0,0,19,19,10766,0,0,0,0,0
2020-06-08,US,Texas,Freestone,11,0,0,31.70422788,-96.15072516,48161.0,55.78942029720546,0.0,11,11,0,0,11,11,19808,0,0,0,0,0
2020-06-08,US,Texas,Frio,46,0,0,28.86751206,-99.10804207,48163.0,226.53402935093075,0.0,46,46,0,0,46,40,19816,0,0,0,0,6
2020-06-08,US,Texas,Gaines,8,0,0,32.74055318,-102.6353295,48165.0,37.223152801042254,0.0,8,8,0,0,8,8,20901,0,0,0,0,0
2020-06-08,US,Texas,Galveston,994,38,0,29.40167322,-94.90469073,48167.0,290.5251958999121,3.8229376257545273,956,972,38,0,934,906,337890,22,0,0,22,66
2020-06-08,US,Texas,Garza,6,0,0,33.17969345,-101.2984114,48169.0,96.3236474554503,0.0,6,6,0,0,6,6,6578,0,0,0,0,0
2020-06-08,US,Texas,Gillespie,5,0,0,30.31824095,-98.94676915,48171.0,18.526752630798875,0.0,5,5,0,0,5,5,26804,0,0,0,0,0
2020-06-08,US,Texas,Glasscock,1,0,0,31.86942909,-101.5207776,48173.0,70.97232079489001,0.0,1,1,0,0,1,1,1388,0,0,0,0,0
2020-06-08,US,Texas,Goliad,7,0,0,28.65696592,-97.42760647,48175.0,91.40767824497256,0.0,7,7,0,0,7,7,7584,0,0,0,0,0
2020-06-08,US,Texas,Gonzales,151,3,0,29.45634206,-97.49424032,48177.0,724.672457647454,1.9867549668874167,148,151,3,0,148,149,20826,0,0,0,0,2
2020-06-08,US,Texas,Gray,104,2,0,35.40081878,-100.8129222,48179.0,475.1896189344787,1.9230769230769231,102,104,2,0,102,104,21895,0,0,0,0,0
2020-06-08,US,Texas,Grayson,377,2,0,33.62744998,-96.67753461,48181.0,276.7744398437729,0.5305039787798409,375,375,2,0,373,372,133991,2,0,0,2,3
2020-06-08,US,Texas,Gregg,257,10,0,32.47940482,-94.81591935,48183.0,207.35003428940254,3.891050583657588,247,257,10,0,247,257,123707,0,0,0,0,0
2020-06-08,US,Texas,Grimes,241,1,0,30.54579585,-95.98902499,48185.0,834.4875346260388,0.4149377593360996,240,241,1,0,240,237,28360,0,0,0,0,4
2020-06-08,US,Texas,Guadalupe,147,0,0,29.58165339,-97.94786822,48187.0,88.10467074625255,0.0,147,147,0,0,147,147,163694,0,0,0,0,0
2020-06-08,US,Texas,Hale,61,4,0,34.07044901,-101.82681140000001,48189.0,182.6019277974017,6.557377049180328,57,60,4,0,56,60,33830,1,0,0,1,0
2020-06-08,US,Texas,Hall,2,1,0,34.5307555,-100.68138520000001,48191.0,67.47638326585695,50.0,1,2,1,0,1,2,3028,0,0,0,0,0
2020-06-08,US,Texas,Hamilton,9,1,0,31.70470573,-98.11083887,48193.0,106.37040538943388,11.111111111111109,8,9,1,0,8,9,8484,0,0,0,0,0
2020-06-08,US,Texas,Hansford,20,2,0,36.27743284,-101.3545796,48195.0,370.4389701796629,10.0,18,20,2,0,18,20,5463,0,0,0,0,0
2020-06-08,US,Texas,Hardeman,3,0,0,34.28944521,-99.74632408,48197.0,76.27765064836004,0.0,3,3,0,0,3,3,3922,0,0,0,0,0
2020-06-08,US,Texas,Hardin,142,5,0,30.33364686,-94.38931817,48199.0,246.5192180827054,3.5211267605633805,137,142,5,0,137,142,57207,0,0,0,0,0
2020-06-08,US,Texas,Harris,14918,262,0,29.86,-95.39,48201.0,316.5069245171933,1.7562675961925192,14656,14586,261,0,14325,14423,4698619,332,1,0,331,163
2020-06-08,US,Texas,Harrison,256,27,0,32.54935988,-94.36934071,48203.0,384.65583820413804,10.546875,229,256,27,0,229,256,66726,0,0,0,0,0
2020-06-08,US,Texas,Hartley,12,2,0,35.84008013,-102.6029022,48205.0,215.20803443328552,16.666666666666668,10,12,2,0,10,12,5619,0,0,0,0,0
2020-06-08,US,Texas,Haskell,3,0,0,33.17823584,-99.73037358,48207.0,53.022269353128316,0.0,3,3,0,0,3,3,5813,0,0,0,0,0
2020-06-08,US,Texas,Hays,385,5,0,30.05669873,-98.02944344,48209.0,167.25241212732035,1.2987012987012987,380,385,5,0,380,385,222631,0,0,0,0,0
2020-06-08,US,Texas,Hemphill,1,0,0,35.83764858,-100.2703577,48211.0,26.18486514794449,0.0,1,1,0,0,1,1,3825,0,0,0,0,0
2020-06-08,US,Texas,Henderson,68,3,0,32.21128872,-95.85846587,48213.0,82.1881383178022,4.411764705882354,65,68,3,0,65,68,82299,0,0,0,0,0
2020-06-08,US,Texas,Hidalgo,733,12,0,26.39418217,-98.18299696,48215.0,84.37827714062394,1.6371077762619373,721,701,12,0,689,679,865939,32,0,0,32,22
2020-06-08,US,Texas,Hill,29,1,0,31.99045053,-97.13423143,48217.0,79.12903489863298,3.4482758620689653,28,29,1,0,28,27,36354,0,0,0,0,2
2020-06-08,US,Texas,Hockley,27,1,0,33.60771256,-102.3431676,48219.0,117.28421875678728,3.703703703703704,26,27,1,0,26,27,22980,0,0,0,0,0
2020-06-08,US,Texas,Hood,31,3,0,32.42990927,-97.83242024,48221.0,50.289570591956924,9.677419354838712,28,31,3,0,28,31,60537,0,0,0,0,0
2020-06-08,US,Texas,Hopkins,30,0,0,33.14875072,-95.56351139,48223.0,80.89742206881674,0.0,30,30,0,0,30,29,36810,0,0,0,0,1
2020-06-08,US,Texas,Houston,151,0,0,31.31925973,-95.42226208,48225.0,657.4364332985023,0.0,151,151,0,0,151,151,23169,0,0,0,0,0
2020-06-08,US,Texas,Howard,9,1,0,32.30621324,-101.4356444,48227.0,24.547239799258126,11.111111111111109,8,9,1,0,8,9,36459,0,0,0,0,0
2020-06-08,US,Texas,Hudspeth,4,0,0,31.45628381,-105.388178,48229.0,81.86655751125666,0.0,4,4,0,0,4,4,4795,0,0,0,0,0
2020-06-08,US,Texas,Hunt,121,5,0,33.12351514,-96.08551032,48231.0,122.72552082276812,4.132231404958676,116,121,5,0,116,114,96493,0,0,0,0,7
2020-06-08,US,Texas,Hutchinson,44,0,0,35.84006574,-101.3546643,48233.0,210.14423536154356,0.0,44,44,0,0,44,44,21198,0,0,0,0,0
2020-06-08,US,Texas,Irion,1,0,0,31.30375559,-100.982439,48235.0,65.10416666666667,0.0,1,1,0,0,1,1,1522,0,0,0,0,0
2020-06-08,US,Texas,Jack,4,0,0,33.23377248,-98.17283469,48237.0,44.76776720761052,0.0,4,4,0,0,4,4,8843,0,0,0,0,0
2020-06-08,US,Texas,Jackson,19,1,0,28.95472367,-96.57749563,48239.0,128.72628726287263,5.2631578947368425,18,19,1,0,18,19,14874,0,0,0,0,0
2020-06-08,US,Texas,Jasper,30,1,0,30.74685667,-94.02667579,48241.0,84.43806467955754,3.333333333333333,29,30,1,0,29,30,35872,0,0,0,0,0
2020-06-08,US,Texas,Jefferson,627,30,0,29.8832777,-94.16434171,48245.0,249.239759107984,4.784688995215312,597,627,30,0,597,619,255001,0,0,0,0,8
2020-06-08,US,Texas,Jim Hogg,4,0,0,27.04453923,-98.69681870000001,48247.0,76.92307692307692,0.0,4,4,0,0,4,4,5248,0,0,0,0,0
2020-06-08,US,Texas,Jim Wells,13,0,0,27.73103938,-98.0904705,48249.0,32.113037893384714,0.0,13,13,0,0,13,13,40822,0,0,0,0,0
2020-06-08,US,Texas,Johnson,202,4,0,32.37877812,-97.36615819,48251.0,114.89218903746507,1.98019801980198,198,202,4,0,198,202,171361,0,0,0,0,0
2020-06-08,US,Texas,Jones,637,0,0,32.73997145,-99.87861576,48253.0,3171.8368769606136,0.0,637,637,0,0,637,637,19817,0,0,0,0,0
2020-06-08,US,Texas,Karnes,4,0,0,28.90705334,-97.85960149,48255.0,25.63938209089161,0.0,4,4,0,0,4,4,15650,0,0,0,0,0
2020-06-08,US,Texas,Kaufman,269,2,0,32.599141700000004,-96.28734728,48257.0,197.57039822553872,0.7434944237918215,267,269,2,0,267,269,128622,0,0,0,0,0
2020-06-08,US,Texas,Kendall,33,0,0,29.94414155,-98.7113588,48259.0,69.57475069047669,0.0,33,33,0,0,33,33,45641,0,0,0,0,0
2020-06-08,US,Texas,Kerr,20,1,0,30.06040006,-99.34930144,48265.0,38.02281368821293,5.0,19,20,1,0,19,20,52405,0,0,0,0,0
2020-06-08,US,Texas,Kimble,1,0,0,30.48678918,-99.74856473,48267.0,23.057412958266077,0.0,1,1,0,0,1,1,4362,0,0,0,0,0
2020-06-08,US,Texas,Kinney,1,0,0,29.34967888,-100.41866379999999,48271.0,27.27024815925825,0.0,1,1,0,0,1,1,3767,0,0,0,0,0
2020-06-08,US,Texas,Kleberg,18,1,0,27.42435506,-97.69894948,48273.0,58.67014341590613,5.5555555555555545,17,18,1,0,17,18,31129,0,0,0,0,0
2020-06-08,US,Texas,Knox,1,0,0,33.60519951,-99.74229059999999,48275.0,27.29257641921397,0.0,1,1,0,0,1,1,3653,0,0,0,0,0
2020-06-08,US,Texas,La Salle,4,0,0,28.34453111,-99.09908775,48283.0,53.19148936170214,0.0,4,4,0,0,4,4,7531,0,0,0,0,0
2020-06-08,US,Texas,Lamar,154,11,0,33.66981763,-95.57404777,48277.0,308.87101626586974,7.142857142857142,143,154,11,0,143,155,49728,0,0,0,0,-1
2020-06-08,US,Texas,Lamb,17,0,0,34.06859623,-102.35162890000001,48279.0,131.85449468703948,0.0,17,17,0,0,17,17,13158,0,0,0,0,0
2020-06-08,US,Texas,Lampasas,9,0,0,31.19531316,-98.24206613,48281.0,42.001120029867465,0.0,9,9,0,0,9,9,21229,0,0,0,0,0
2020-06-08,US,Texas,Lavaca,19,1,0,29.38508402,-96.93186692,48285.0,94.2740895107671,5.2631578947368425,18,19,1,0,18,19,20110,0,0,0,0,0
2020-06-08,US,Texas,Lee,26,2,0,30.31120597,-96.97045773,48287.0,150.82081327223156,7.6923076923076925,24,26,2,0,24,25,17144,0,0,0,0,1
2020-06-08,US,Texas,Leon,11,0,0,31.29872538,-95.9936328,48289.0,63.203861181337615,0.0,11,11,0,0,11,11,17270,0,0,0,0,0
2020-06-08,US,Texas,Liberty,103,3,0,30.15152688,-94.81205615,48291.0,116.75489407043834,2.9126213592233015,100,103,3,0,100,101,86323,0,0,0,0,2
2020-06-08,US,Texas,Limestone,32,1,0,31.5454767,-96.58095444,48293.0,136.5362461065836,3.125,31,32,1,0,31,32,23519,0,0,0,0,0
2020-06-08,US,Texas,Lipscomb,5,0,0,36.27783108,-100.27331509999999,48295.0,154.65511908444168,0.0,5,5,0,0,5,5,3355,0,0,0,0,0
2020-06-08,US,Texas,Live Oak,9,0,0,28.35101362,-98.1246786,48297.0,73.72818874416319,0.0,9,9,0,0,9,9,12166,0,0,0,0,0
2020-06-08,US,Texas,Llano,3,0,0,30.70645047,-98.68475262,48299.0,13.764624913971096,0.0,3,3,0,0,3,3,21646,0,0,0,0,0
2020-06-08,US,Texas,Lubbock,747,50,0,33.61008596,-101.82047890000001,48303.0,240.52625986495758,6.693440428380188,697,741,50,0,691,734,307412,6,0,0,6,7
2020-06-08,US,Texas,Lynn,8,1,0,33.17657705,-101.8162849,48305.0,134.43118803562427,12.5,7,8,1,0,7,8,5877,0,0,0,0,0
2020-06-08,US,Texas,Madison,10,0,0,30.96694679,-95.93003775,48313.0,70.00840100812097,0.0,10,10,0,0,10,10,14422,0,0,0,0,0
2020-06-08,US,Texas,Marion,17,1,0,32.79868409,-94.35661230000001,48315.0,172.51877410188752,5.882352941176472,16,17,1,0,16,17,9928,0,0,0,0,0
2020-06-08,US,Texas,Martin,3,1,0,32.30600051,-101.9513518,48317.0,51.984058222145215,33.333333333333336,2,3,1,0,2,3,5753,0,0,0,0,0
2020-06-08,US,Texas,Mason,32,0,0,30.71780434,-99.22629416,48319.0,748.7131492746843,0.0,32,32,0,0,32,32,4280,0,0,0,0,0
2020-06-08,US,Texas,Matagorda,77,5,0,28.81955746,-96.01230294,48321.0,210.13563299948152,6.493506493506493,72,71,5,0,66,71,36552,6,0,0,6,0
2020-06-08,US,Texas,Maverick,133,2,0,28.7429195,-100.3157686,48323.0,226.4909233336739,1.5037593984962403,131,133,2,0,131,133,58485,0,0,0,0,0
2020-06-08,US,Texas,McCulloch,3,0,0,31.1925468,-99.34682807,48307.0,37.5751503006012,0.0,3,3,0,0,3,3,7987,0,0,0,0,0
2020-06-08,US,Texas,McLennan,129,4,0,31.55255453,-97.20217694,48309.0,50.26829239779754,3.1007751937984502,125,129,4,0,125,127,254607,0,0,0,0,2
2020-06-08,US,Texas,Medina,216,2,0,29.355730100000002,-99.11030298,48325.0,418.7344913151365,0.925925925925926,214,216,2,0,214,216,50921,0,0,0,0,0
2020-06-08,US,Texas,Midland,155,13,0,31.86904128,-102.03156820000001,48329.0,87.65381831342744,8.387096774193548,142,155,13,0,142,155,172578,0,0,0,0,0
2020-06-08,US,Texas,Milam,35,1,0,30.78581830000001,-96.97718698,48331.0,140.99826773556782,2.8571428571428568,34,35,1,0,34,35,25131,0,0,0,0,0
2020-06-08,US,Texas,Mills,1,0,0,31.49557106,-98.59272068,48333.0,20.521239482864765,0.0,1,1,0,0,1,1,4921,0,0,0,0,0
2020-06-08,US,Texas,Mitchell,1,0,0,32.30623474,-100.9212058,48335.0,11.702750146284375,0.0,1,1,0,0,1,1,8145,0,0,0,0,0
2020-06-08,US,Texas,Montague,9,1,0,33.67521893,-97.72500958,48337.0,45.41326067211626,11.111111111111109,8,9,1,0,8,9,19596,0,0,0,0,0
2020-06-08,US,Texas,Montgomery,1090,31,0,30.30079133,-95.50572772,48339.0,179.45606701449313,2.8440366972477062,1059,1064,28,0,1036,1064,590925,26,3,0,23,0
2020-06-08,US,Texas,Moore,852,14,0,35.83769242,-101.8930281,48341.0,4068.7679083094563,1.6431924882629108,838,852,14,0,838,852,21485,0,0,0,0,0
2020-06-08,US,Texas,Morris,27,0,0,33.11304005,-94.73255695,48343.0,217.95285760413304,0.0,27,27,0,0,27,27,12339,0,0,0,0,0
2020-06-08,US,Texas,Motley,1,0,0,34.07408766,-100.77972199999999,48345.0,83.33333333333333,0.0,1,1,0,0,1,1,1234,0,0,0,0,0
2020-06-08,US,Texas,Nacogdoches,304,21,0,31.62017125,-94.61803994,48347.0,466.2290657014907,6.907894736842105,283,304,21,0,283,301,65711,0,0,0,0,3
2020-06-08,US,Texas,Navarro,66,2,0,32.04620681,-96.47428766,48349.0,131.70235268293655,3.0303030303030303,64,66,2,0,64,66,49565,0,0,0,0,0
2020-06-08,US,Texas,Newton,6,0,0,30.78548982,-93.74408813,48351.0,44.13387274733358,0.0,6,6,0,0,6,6,13746,0,0,0,0,0
2020-06-08,US,Texas,Nolan,9,0,0,32.30365282,-100.4060208,48353.0,61.166236237596856,0.0,9,9,0,0,9,9,14751,0,0,0,0,0
2020-06-08,US,Texas,Nueces,289,3,0,27.736286,-97.5433285,48355.0,79.76946899479428,1.038062283737024,286,289,3,0,286,289,362265,0,0,0,0,0
2020-06-08,US,Texas,Ochiltree,51,2,0,36.27829105,-100.8158184,48357.0,518.5034566897111,3.92156862745098,49,51,2,0,49,51,9947,0,0,0,0,0
2020-06-08,US,Texas,Oldham,4,1,0,35.40425596,-102.6027606,48359.0,189.3939393939394,25.0,3,4,1,0,3,4,2131,0,0,0,0,0
2020-06-08,US,Texas,Orange,100,2,0,30.11879481,-93.89412775,48361.0,119.90982780948728,2.0,98,100,2,0,98,100,83572,0,0,0,0,0
2020-06-08,US,Texas,Palo Pinto,13,2,0,32.75310985,-98.31319001,48363.0,44.53732570488883,15.384615384615385,11,13,2,0,11,13,28875,0,0,0,0,0
2020-06-08,US,Texas,Panola,214,23,0,32.163959600000005,-94.30552481,48365.0,922.652410106062,10.747663551401871,191,214,23,0,191,213,23148,0,0,0,0,1
2020-06-08,US,Texas,Parker,92,1,0,32.77757172,-97.80500621,48367.0,64.39059897255001,1.0869565217391304,91,92,1,0,91,92,138371,0,0,0,0,0
2020-06-08,US,Texas,Parmer,89,0,0,34.52993409,-102.78446679999999,48369.0,926.60072878709,0.0,89,89,0,0,89,89,9864,0,0,0,0,0
2020-06-08,US,Texas,Pecos,105,0,0,30.78097267,-102.72412609999999,48371.0,663.5909751627378,0.0,105,105,0,0,105,104,15673,0,0,0,0,1
2020-06-08,US,Texas,Polk,61,0,0,30.79472531,-94.82766240000001,48373.0,118.78566003933558,0.0,61,61,0,0,61,61,50031,0,0,0,0,0
2020-06-08,US,Texas,Potter,2756,32,0,35.40133773,-101.893964,48375.0,2347.2299109994465,1.161103047895501,2724,2756,32,0,2724,2754,119648,0,0,0,0,2
2020-06-08,US,Texas,Presidio,2,0,0,29.99954402,-104.24080790000001,48377.0,29.832935560859188,0.0,2,2,0,0,2,2,6948,0,0,0,0,0
2020-06-08,US,Texas,Rains,4,0,0,32.87109387,-95.79232691,48379.0,31.9642000958926,0.0,4,4,0,0,4,4,12159,0,0,0,0,0
2020-06-08,US,Texas,Randall,728,6,0,34.96585996,-101.8971322,48381.0,528.6356407891775,0.8241758241758241,722,728,6,0,722,727,136271,0,0,0,0,1
2020-06-08,US,Texas,Reagan,2,0,0,31.36607041,-101.52326590000001,48383.0,51.96154845414394,0.0,2,2,0,0,2,2,3741,0,0,0,0,0
2020-06-08,US,Texas,Real,1,0,0,29.83321503,-99.82018052,48385.0,28.968713789107767,0.0,1,1,0,0,1,1,3478,0,0,0,0,0
2020-06-08,US,Texas,Red River,79,8,0,33.61886692,-95.04841765,48387.0,657.0739416119105,10.126582278481012,71,79,8,0,71,78,12175,0,0,0,0,1
2020-06-08,US,Texas,Reeves,8,0,0,31.32323325,-103.69038959999999,48389.0,50.075112669003495,0.0,8,8,0,0,8,8,15695,0,0,0,0,0
2020-06-08,US,Texas,Refugio,3,0,0,28.323897600000002,-97.15766311,48391.0,43.17789291882556,0.0,3,3,0,0,3,3,7032,0,0,0,0,0
2020-06-08,US,Texas,Roberts,2,0,0,35.83809685,-100.813175,48393.0,234.192037470726,0.0,2,2,0,0,2,2,903,0,0,0,0,0
2020-06-08,US,Texas,Robertson,16,0,0,31.02539637,-96.51272246,48395.0,93.7097340986295,0.0,16,16,0,0,16,14,17284,0,0,0,0,2
2020-06-08,US,Texas,Rockwall,202,15,0,32.89779518,-96.40771592,48397.0,192.53681551732362,7.425742574257426,187,200,14,0,186,200,100657,2,1,0,1,0
2020-06-08,US,Texas,Runnels,3,0,0,31.8314342,-99.97616148,48399.0,29.228371005455962,0.0,3,3,0,0,3,3,10234,0,0,0,0,0
2020-06-08,US,Texas,Rusk,64,2,0,32.10773545,-94.76176432,48401.0,117.63408447597692,3.125,62,64,2,0,62,63,54450,0,0,0,0,1
2020-06-08,US,Texas,Sabine,15,1,0,31.34318809,-93.85440451,48403.0,142.2879908935686,6.666666666666668,14,15,1,0,14,15,10589,0,0,0,0,0
2020-06-08,US,Texas,San Augustine,45,4,0,31.39457611,-94.17000399,48405.0,546.3154060944519,8.888888888888891,41,45,4,0,41,45,8232,0,0,0,0,0
2020-06-08,US,Texas,San Jacinto,17,0,0,30.57933681,-95.16260304,48407.0,58.90710003811636,0.0,17,17,0,0,17,17,28719,0,0,0,0,0
2020-06-08,US,Texas,San Patricio,39,0,0,28.00880118,-97.51763891,48409.0,58.444477746141175,0.0,39,39,0,0,39,38,66893,0,0,0,0,1
2020-06-08,US,Texas,San Saba,1,0,0,31.1577796,-98.81758731,48411.0,16.515276630883566,0.0,1,1,0,0,1,1,6054,0,0,0,0,0
2020-06-08,US,Texas,Scurry,26,0,0,32.74613808,-100.91626640000001,48415.0,155.66065976171944,0.0,26,26,0,0,26,26,16866,0,0,0,0,0
2020-06-08,US,Texas,Shackelford,1,0,0,32.73587756,-99.35401337,48417.0,30.627871362940283,0.0,1,1,0,0,1,1,3253,0,0,0,0,0
2020-06-08,US,Texas,Shelby,213,8,0,31.79211404,-94.14550696,48419.0,842.7633140777083,3.755868544600939,205,213,8,0,205,213,25418,0,0,0,0,0
2020-06-08,US,Texas,Sherman,28,0,0,36.27751473,-101.8933156,48421.0,926.5387160820649,0.0,28,28,0,0,28,28,3079,0,0,0,0,0
2020-06-08,US,Texas,Smith,223,4,0,32.37474036,-95.27175679999999,48423.0,95.81054431559907,1.7937219730941705,219,223,4,0,219,223,230221,0,0,0,0,0
2020-06-08,US,Texas,Starr,59,1,0,26.56150059,-98.73892358,48427.0,91.28463787848312,1.6949152542372878,58,59,1,0,58,50,64525,0,0,0,0,9
2020-06-08,US,Texas,Stephens,4,0,0,32.73553157,-98.83631615,48429.0,42.707666026051676,0.0,4,4,0,0,4,4,9433,0,0,0,0,0
2020-06-08,US,Texas,Swisher,18,1,0,34.53028891,-101.73491740000001,48437.0,243.34189536298496,5.5555555555555545,17,18,1,0,17,18,7462,0,0,0,0,0
2020-06-08,US,Texas,Tarrant,6150,178,0,32.77143818,-97.29101614,48439.0,292.50683110465326,2.894308943089431,5972,6073,176,0,5897,5985,2084931,77,2,0,75,88
2020-06-08,US,Texas,Taylor,246,5,0,32.30163422,-99.89007449,48441.0,178.21696103858469,2.0325203252032518,241,246,5,0,241,246,137640,0,0,0,0,0
2020-06-08,US,Texas,Terry,13,0,0,33.17402785,-102.3354521,48445.0,105.3740779768177,0.0,13,13,0,0,13,13,12287,0,0,0,0,0
2020-06-08,US,Texas,Throckmorton,1,0,0,33.17751417,-99.21226795,48447.0,66.62225183211193,0.0,1,1,0,0,1,1,1515,0,0,0,0,0
2020-06-08,US,Texas,Titus,629,3,0,33.21339719,-94.96797273,48449.0,1920.6106870229007,0.4769475357710652,626,583,3,0,580,583,33033,46,0,0,46,0
2020-06-08,US,Texas,Tom Green,111,1,0,31.40464436,-100.46244300000001,48451.0,93.12080536912752,0.9009009009009008,110,111,1,0,110,111,118189,0,0,0,0,0
2020-06-08,US,Texas,Travis,3697,97,0,30.33432034,-97.78535620000001,48453.0,290.1988611833708,2.6237489856640517,3600,3662,97,0,3565,3616,1248743,35,0,0,35,46
2020-06-08,US,Texas,Trinity,20,0,0,31.0879489,-95.1367187,48455.0,136.50945327963962,0.0,20,20,0,0,20,20,14740,0,0,0,0,0
2020-06-08,US,Texas,Tyler,16,0,0,30.77031716,-94.37690895,48457.0,73.82798080472499,0.0,16,16,0,0,16,15,21696,0,0,0,0,1
2020-06-08,US,Texas,Upshur,31,0,0,32.73706798,-94.93999853,48459.0,74.24616195243456,0.0,31,31,0,0,31,31,41260,0,0,0,0,0
2020-06-08,US,Texas,Uvalde,18,0,0,29.35739637,-99.76229172,48463.0,67.31236677760742,0.0,18,18,0,0,18,18,26846,0,0,0,0,0
2020-06-08,US,Texas,Val Verde,25,0,0,29.89149232,-101.1525205,48465.0,50.99439061703214,0.0,25,25,0,0,25,21,49208,0,0,0,0,4
2020-06-08,US,Texas,Van Zandt,39,1,0,32.56483801,-95.83766469,48467.0,68.91676974730518,2.5641025641025643,38,39,1,0,38,39,56019,0,0,0,0,0
2020-06-08,US,Texas,Victoria,170,7,0,28.79780988,-96.96813006,48469.0,184.6140480430911,4.117647058823529,163,170,7,0,163,170,92035,0,0,0,0,0
2020-06-08,US,Texas,Walker,1851,27,0,30.73872995,-95.57440968,48471.0,2536.624138356333,1.4586709886547813,1824,1851,27,0,1824,1850,72480,0,0,0,0,1
2020-06-08,US,Texas,Waller,72,0,0,30.01058447,-95.99011759,48473.0,130.32617746081164,0.0,72,72,0,0,72,68,53126,0,0,0,0,4
2020-06-08,US,Texas,Ward,1,0,0,31.50999644,-103.09279090000001,48475.0,8.334722453742291,0.0,1,1,0,0,1,1,11720,0,0,0,0,0
2020-06-08,US,Texas,Washington,207,25,0,30.21498498,-96.40946246,48477.0,576.8909202385597,12.07729468599034,182,207,25,0,182,206,35108,0,0,0,0,1
2020-06-08,US,Texas,Webb,594,19,0,27.7610369,-99.33237355,48479.0,214.71017740699506,3.1986531986531985,575,594,19,0,575,594,275910,0,0,0,0,0
2020-06-08,US,Texas,Wharton,76,1,0,29.27765923,-96.22319248,48481.0,182.8857445374916,1.3157894736842106,75,76,1,0,75,75,41619,0,0,0,0,1
2020-06-08,US,Texas,Wheeler,15,0,0,35.40114335,-100.26995140000001,48483.0,296.67721518987344,0.0,15,15,0,0,15,15,5191,0,0,0,0,0
2020-06-08,US,Texas,Wichita,87,2,0,33.98842886,-98.70410340000001,48485.0,65.79444906602133,2.2988505747126435,85,87,2,0,85,87,132064,0,0,0,0,0
2020-06-08,US,Texas,Wilbarger,7,0,0,34.07945812,-99.24178437,48487.0,54.82026783616571,0.0,7,7,0,0,7,7,12820,0,0,0,0,0
2020-06-08,US,Texas,Willacy,37,2,0,26.47411727,-97.61535848,48489.0,173.23719449386647,5.405405405405406,35,37,2,0,35,35,21515,0,0,0,0,2
2020-06-08,US,Texas,Williamson,698,28,0,30.64655664,-97.60048540000001,48491.0,118.19470291304222,4.011461318051576,670,691,28,0,663,684,566719,7,0,0,7,7
2020-06-08,US,Texas,Wilson,45,5,0,29.1732598,-98.08693082,48493.0,88.11435284903074,11.111111111111109,40,45,5,0,40,44,50224,0,0,0,0,1
2020-06-08,US,Texas,Winkler,3,0,0,31.85008651,-103.04851629999999,48495.0,37.453183520599254,0.0,3,3,0,0,3,3,7720,0,0,0,0,0
2020-06-08,US,Texas,Wise,52,4,0,33.21570665,-97.65460265,48497.0,74.30269775948787,7.6923076923076925,48,52,4,0,48,52,68305,0,0,0,0,0
2020-06-08,US,Texas,Wood,49,4,0,32.78722382,-95.38236368,48499.0,107.6000790531193,8.16326530612245,45,49,4,0,45,49,45129,0,0,0,0,0
2020-06-08,US,Texas,Yoakum,3,0,0,33.17320212,-102.82764329999999,48501.0,34.43130953747274,0.0,3,3,0,0,3,3,8591,0,0,0,0,0
2020-06-08,US,Texas,Young,6,1,0,33.17659707,-98.68790885,48503.0,33.31482509716824,16.666666666666668,5,6,1,0,5,6,18045,0,0,0,0,0
2020-06-08,US,Texas,Zapata,12,0,0,27.00156391,-99.16987152,48505.0,84.63220255307144,0.0,12,12,0,0,12,11,14190,0,0,0,0,1
2020-06-08,US,Texas,Zavala,12,0,0,28.86617238,-99.76050829,48507.0,101.35135135135135,0.0,12,12,0,0,12,12,11983,0,0,0,0,0
2020-06-08,US,Utah,Bear River,767,2,0,41.52106798,-113.08328159999999,0.0,410.5600102773823,0.2607561929595828,765,732,2,0,730,707,,35,0,0,35,25
2020-06-08,US,Utah,Central Utah,51,0,0,39.37231946,-111.5758676,0.0,62.230031481074754,0.0,51,46,0,0,46,45,,5,0,0,5,1
2020-06-08,US,Utah,Davis,564,3,0,40.99001837,-112.1139997,49011.0,158.65826865570875,0.5319148936170213,561,549,2,0,547,541,351713,15,1,0,14,8
2020-06-08,US,Utah,Salt Lake,6296,83,0,40.66616532,-111.92160109999999,49035.0,542.554227416051,1.318297331639136,6213,6182,81,0,6101,6086,1152633,114,2,0,112,96
2020-06-08,US,Utah,San Juan,333,5,0,37.62762978,-109.80337140000002,49037.0,2175.3331591324795,1.5015015015015014,328,333,5,0,328,333,15449,0,0,0,0,0
2020-06-08,US,Utah,Southeast Utah,26,0,0,38.99617072,-110.70139579999999,0.0,64.62999328842378,0.0,26,26,0,0,26,26,,0,0,0,0,0
2020-06-08,US,Utah,Southwest Utah,637,4,0,37.85447192,-111.4418764,0.0,252.73565516858298,0.6279434850863422,633,616,4,0,612,584,,21,0,0,21,32
2020-06-08,US,Utah,Summit,437,0,0,40.86688146,-110.9535882,49043.0,1036.896428995136,0.0,437,434,0,0,434,426,41933,3,0,0,3,8
2020-06-08,US,Utah,Tooele,150,0,0,40.44862644,-113.12957150000001,49045.0,207.5865982092196,0.0,150,148,0,0,148,145,69907,2,0,0,2,3
2020-06-08,US,Utah,TriCounty,22,0,0,40.12491499,-109.5174415,0.0,38.854155628554274,0.0,22,22,0,0,22,20,,0,0,0,0,2
2020-06-08,US,Utah,Utah,2310,17,0,40.116672200000004,-111.66576620000001,49049.0,363.07339269295153,0.7359307359307359,2293,2261,17,0,2244,2183,622213,49,0,0,49,78
2020-06-08,US,Utah,Wasatch,332,2,0,40.33110236,-111.1691419,49051.0,973.864069695814,0.6024096385542169,330,330,2,0,328,326,33240,2,0,0,2,4
2020-06-08,US,Utah,Weber-Morgan,397,8,0,41.27116049,-111.9145117,0.0,145.77527107958156,2.0151133501259446,389,387,8,0,379,376,,10,0,0,10,11
2020-06-08,US,Vermont,Addison,65,2,0,44.03217337,-73.14130877,50001.0,176.74089784376102,3.0769230769230766,63,65,2,0,63,65,36973,0,0,0,0,0
2020-06-08,US,Vermont,Bennington,66,1,0,43.03519828,-73.09048868,50003.0,186.07273752466872,1.5151515151515151,65,66,1,0,65,66,35631,0,0,0,0,0
2020-06-08,US,Vermont,Caledonia,16,0,0,44.46548598,-72.10314651,50005.0,53.34578068215917,0.0,16,16,0,0,16,16,30302,0,0,0,0,0
2020-06-08,US,Vermont,Chittenden,528,39,0,44.46322849,-73.08359212,50007.0,322.39549623261325,7.386363636363638,489,520,39,0,481,503,164572,8,0,0,8,17
2020-06-08,US,Vermont,Essex,3,0,0,44.72736416,-71.73579864,50009.0,48.67759208177836,0.0,3,3,0,0,3,3,6250,0,0,0,0,0
2020-06-08,US,Vermont,Franklin,100,5,0,44.85627605,-72.91249563,50011.0,202.42095461722198,5.0,95,100,5,0,95,100,49421,0,0,0,0,0
2020-06-08,US,Vermont,Grand Isle,7,0,0,44.797582399999996,-73.29679772,50013.0,96.7519004837595,0.0,7,7,0,0,7,7,7090,0,0,0,0,0
2020-06-08,US,Vermont,Lamoille,29,1,0,44.60353043,-72.64356694,50015.0,114.34429461398943,3.4482758620689653,28,29,1,0,28,29,25300,0,0,0,0,0
2020-06-08,US,Vermont,Orange,9,0,0,44.00470222,-72.37640104,50017.0,31.150491485532328,0.0,9,9,0,0,9,9,28999,0,0,0,0,0
2020-06-08,US,Vermont,Orleans,13,0,0,44.82964024,-72.24562697,50019.0,48.08225764692829,0.0,13,10,0,0,10,10,26907,3,0,0,3,0
2020-06-08,US,Vermont,Rutland,57,1,0,43.57723578,-73.03741676,50021.0,97.95329174614629,1.7543859649122806,56,57,1,0,56,57,58672,0,0,0,0,0
2020-06-08,US,Vermont,Unassigned,5,0,0,0.0,0.0,90050.0,0.0,0.0,5,5,0,0,5,5,,0,0,0,0,0
2020-06-08,US,Vermont,Washington,39,1,0,44.27343241,-72.61604978,50023.0,66.77053193857111,2.5641025641025643,38,39,1,0,38,39,58140,0,0,0,0,0
2020-06-08,US,Vermont,Windham,83,3,0,42.986982,-72.71268875,50025.0,196.57998199990527,3.614457831325301,80,82,3,0,79,82,42756,1,0,0,1,0
2020-06-08,US,Vermont,Windsor,55,2,0,43.58010937,-72.58595157,50027.0,99.88739965856672,3.636363636363636,53,55,2,0,53,55,55286,0,0,0,0,0
2020-06-08,US,Virginia,Accomack,983,13,0,37.76707161,-75.63234615,51001.0,3041.8368609976483,1.3224821973550356,970,983,13,0,970,970,32412,0,0,0,0,13
2020-06-08,US,Virginia,Albemarle,255,8,0,38.02080697,-78.55481085,51003.0,233.23881825665416,3.1372549019607843,247,251,8,0,243,221,108718,4,0,0,4,30
2020-06-08,US,Virginia,Alexandria,2102,45,0,38.814003,-77.08183073,51510.0,1318.4635070376594,2.14081826831589,2057,2095,45,0,2050,2070,160530,7,0,0,7,25
2020-06-08,US,Virginia,Alleghany,26,2,0,37.78636074,-80.00222498,51005.0,174.96635262449533,7.6923076923076925,24,26,2,0,24,26,14910,0,0,0,0,0
2020-06-08,US,Virginia,Amelia,32,1,0,37.34081025,-77.98584649,51007.0,243.43856979840245,3.125,31,31,1,0,30,31,13013,1,0,0,1,0
2020-06-08,US,Virginia,Amherst,27,0,0,37.60308293,-79.14548696,51009.0,85.42952064546748,0.0,27,27,0,0,27,27,31666,0,0,0,0,0
2020-06-08,US,Virginia,Appomattox,33,0,0,37.37569884,-78.81340003,51011.0,207.40368298661303,0.0,33,33,0,0,33,33,15841,0,0,0,0,0
2020-06-08,US,Virginia,Arlington,2256,122,0,38.8767675,-77.10139853,51013.0,952.5337566816696,5.407801418439718,2134,2225,121,0,2104,2195,237521,31,1,0,30,30
2020-06-08,US,Virginia,Augusta,136,2,0,38.16404586,-79.12461614,51015.0,179.99417665899043,1.4705882352941178,134,132,2,0,130,125,75457,4,0,0,4,7
2020-06-08,US,Virginia,Bedford,79,2,0,37.3080028,-79.5281964,51019.0,100.00379761256755,2.5316455696202533,77,79,2,0,77,76,78747,0,0,0,0,3
2020-06-08,US,Virginia,Botetourt,40,4,0,37.55531756,-79.80982182,51023.0,119.69239055627037,10.0,36,40,4,0,36,39,33277,0,0,0,0,1
2020-06-08,US,Virginia,Bristol,4,0,0,36.616302399999995,-82.16359122,51520.0,23.863500775563768,0.0,4,4,0,0,4,4,16482,0,0,0,0,0
2020-06-08,US,Virginia,Brunswick,41,1,0,36.76366949,-77.8593436,51025.0,252.6030435586224,2.4390243902439024,40,39,1,0,38,32,16384,2,0,0,2,7
2020-06-08,US,Virginia,Buchanan,18,0,0,37.26818323,-82.03749726,51027.0,85.69796229289659,0.0,18,18,0,0,18,18,21221,0,0,0,0,0
2020-06-08,US,Virginia,Buckingham,481,3,0,37.57242268,-78.52518834,51029.0,2804.991835782598,0.6237006237006237,478,481,3,0,478,477,16999,0,0,0,0,4
2020-06-08,US,Virginia,Buena Vista,13,0,0,37.73484642,-79.35296097,51530.0,200.6792219820932,0.0,13,13,0,0,13,13,6237,0,0,0,0,0
2020-06-08,US,Virginia,Campbell,20,1,0,37.20553386,-79.09678609,51031.0,36.43982873280496,5.0,19,20,1,0,19,20,54973,0,0,0,0,0
2020-06-08,US,Virginia,Caroline,93,3,0,38.02679129,-77.34901405,51033.0,302.6851098454028,3.2258064516129035,90,90,3,0,87,83,30772,3,0,0,3,7
2020-06-08,US,Virginia,Carroll,141,4,0,36.73066666,-80.73455942,51035.0,473.2973045550669,2.8368794326241136,137,130,2,0,128,125,29636,11,2,0,9,5
2020-06-08,US,Virginia,Charles City,28,2,0,37.35358063,-77.05634116,51036.0,402.12552060893296,7.142857142857142,26,28,2,0,26,27,6941,0,0,0,0,1
2020-06-08,US,Virginia,Charlotte,28,0,0,37.01909701,-78.66314092,51037.0,235.69023569023568,0.0,28,28,0,0,28,28,11938,0,0,0,0,0
2020-06-08,US,Virginia,Charlottesville,139,3,0,38.03527919,-78.48569588,51540.0,294.0803114289341,2.1582733812949644,136,137,3,0,134,131,48117,2,0,0,2,6
2020-06-08,US,Virginia,Chesapeake,596,15,0,36.67670048,-76.30545744,51550.0,243.42924826924252,2.5167785234899327,581,592,15,0,577,577,242634,4,0,0,4,15
2020-06-08,US,Virginia,Chesterfield,1866,37,0,37.37373208,-77.58680140000001,51041.0,528.9085662779689,1.9828510182207928,1829,1831,37,0,1794,1797,348556,35,0,0,35,34
2020-06-08,US,Virginia,Clarke,35,0,0,39.11271747,-77.99199425,51043.0,239.41446063342227,0.0,35,33,0,0,33,31,14523,2,0,0,2,2
2020-06-08,US,Virginia,Colonial Heights,101,17,0,37.26420587,-77.39609676,51570.0,581.462291306851,16.831683168316832,84,98,17,0,81,97,17833,3,0,0,3,1
2020-06-08,US,Virginia,Covington,4,0,0,37.7824656,-79.98631446,51580.0,72.22824124232575,0.0,4,4,0,0,4,4,5460,0,0,0,0,0
2020-06-08,US,Virginia,Craig,6,0,0,37.48133648,-80.21072274,51045.0,116.93626973299551,0.0,6,6,0,0,6,6,5064,0,0,0,0,0
2020-06-08,US,Virginia,Culpeper,767,8,0,38.48199985,-77.95630870000002,51047.0,1458.0363083357095,1.0430247718383312,759,764,8,0,756,745,51859,3,0,0,3,19
2020-06-08,US,Virginia,Cumberland,45,0,0,37.51328851,-78.24398086,51049.0,453.08095046314935,0.0,45,41,0,0,41,41,9809,4,0,0,4,0
2020-06-08,US,Virginia,Danville,60,2,0,36.58022376,-79.40395668,51590.0,149.8351813005694,3.333333333333333,58,60,2,0,58,60,40693,0,0,0,0,0
2020-06-08,US,Virginia,Dinwiddie,98,0,0,37.07544585,-77.63451754,51053.0,343.3295964125561,0.0,98,98,0,0,98,98,28529,0,0,0,0,0
2020-06-08,US,Virginia,Emporia,89,6,0,36.69455571,-77.53406129,51595.0,1664.7961092405535,6.741573033707866,83,89,6,0,83,88,5121,0,0,0,0,1
2020-06-08,US,Virginia,Essex,53,0,0,37.93357639,-76.94230311,51057.0,483.88569341732864,0.0,53,53,0,0,53,53,10919,0,0,0,0,0
2020-06-08,US,Virginia,Fairfax,12603,414,0,38.83677558,-77.27565836,51059.0,1098.2700264567786,3.2849321590097595,12189,12455,414,0,12041,12056,1150795,148,0,0,148,399
2020-06-08,US,Virginia,Fairfax,12603,414,0,38.83677558,-77.27565836,51059.0,1098.2700264567786,3.2849321590097595,12189,12455,414,0,12041,12056,24574,148,0,0,148,399
2020-06-08,US,Virginia,Fairfax City,69,5,0,38.85157547,-77.29779640000002,51600.0,287.27257587743037,7.246376811594202,64,69,5,0,64,68,24574,0,0,0,0,1
2020-06-08,US,Virginia,Falls Church,56,8,0,38.88485255,-77.17560759,51610.0,383.1155503865362,14.285714285714285,48,56,8,0,48,56,14772,0,0,0,0,0
2020-06-08,US,Virginia,Fauquier,363,6,0,38.73564842,-77.80647472,51061.0,509.6739771418944,1.6528925619834711,357,355,6,0,349,345,70675,8,0,0,8,10
2020-06-08,US,Virginia,Floyd,8,1,0,36.9302126,-80.36738849,51063.0,50.796875992126495,12.5,7,6,1,0,5,6,15795,2,0,0,2,0
2020-06-08,US,Virginia,Fluvanna,95,6,0,37.84157909,-78.27715475,51065.0,348.36817015034836,6.315789473684211,89,94,6,0,88,94,26783,1,0,0,1,0
2020-06-08,US,Virginia,Franklin,40,1,0,36.99536167,-79.88023649,51067.0,71.37504014846009,2.5,39,40,1,0,39,39,56195,0,0,0,0,1
2020-06-08,US,Virginia,Franklin,40,1,0,36.99536167,-79.88023649,51067.0,71.37504014846009,2.5,39,40,1,0,39,39,8013,0,0,0,0,1
2020-06-08,US,Virginia,Franklin City,42,2,0,36.6831435,-76.93859681,51620.0,527.1745952052215,4.761904761904762,40,42,2,0,40,42,8013,0,0,0,0,0
2020-06-08,US,Virginia,Frederick,409,4,0,39.20172582,-78.25974949,51069.0,457.9400535196444,0.9779951100244498,405,410,4,0,406,393,88355,-1,0,0,-1,17
2020-06-08,US,Virginia,Fredericksburg,196,0,0,38.2977863,-77.4922454,51630.0,675.0241080038572,0.0,196,208,0,0,208,192,29144,-12,0,0,-12,16
2020-06-08,US,Virginia,Galax,147,1,0,36.66601852,-80.91703124,51640.0,2316.054829053096,0.6802721088435374,146,147,1,0,146,143,6423,0,0,0,0,4
2020-06-08,US,Virginia,Giles,5,0,0,37.31234791,-80.70636931,51071.0,29.90430622009569,0.0,5,5,0,0,5,5,16844,0,0,0,0,0
2020-06-08,US,Virginia,Gloucester,33,1,0,37.40809042,-76.53524337,51073.0,88.3581450144586,3.0303030303030303,32,32,1,0,31,32,37349,1,0,0,1,0
2020-06-08,US,Virginia,Goochland,107,6,0,37.71714806,-77.90381514,51075.0,450.46941438976125,5.607476635514018,101,107,6,0,101,105,23244,0,0,0,0,2
2020-06-08,US,Virginia,Grayson,54,0,0,36.65677234,-81.23215889,51077.0,347.2668810289389,0.0,54,53,0,0,53,48,15631,1,0,0,1,5
2020-06-08,US,Virginia,Greene,44,1,0,38.29545894,-78.46525378,51079.0,222.00918310711944,2.272727272727273,43,43,1,0,42,38,19779,1,0,0,1,5
2020-06-08,US,Virginia,Greensville,255,7,0,36.67878901,-77.56351439,51081.0,2249.470712773465,2.7450980392156863,248,254,7,0,247,239,11627,1,0,0,1,15
2020-06-08,US,Virginia,Halifax,32,1,0,36.76654925,-78.93512622,51083.0,94.3646604346672,3.125,31,32,1,0,31,31,34120,0,0,0,0,1
2020-06-08,US,Virginia,Hampton,227,4,0,37.03513786,-76.35879121,51650.0,168.76068693777415,1.7621145374449338,223,226,4,0,222,215,134313,1,0,0,1,11
2020-06-08,US,Virginia,Hanover,347,24,0,37.7583355,-77.49464673,51085.0,321.993949854314,6.916426512968299,323,348,24,0,324,340,107239,-1,0,0,-1,8
2020-06-08,US,Virginia,Harrisonburg,833,23,0,38.43542574,-78.87536254,51660.0,1571.2237814999246,2.7611044417767108,810,832,23,0,809,823,54033,1,0,0,1,9
2020-06-08,US,Virginia,Henrico,2128,134,0,37.53460572,-77.39326555,51087.0,643.2539946435804,6.296992481203008,1994,2096,134,0,1962,2033,329261,32,0,0,32,63
2020-06-08,US,Virginia,Henry,169,3,0,36.68542395,-79.87634026,51089.0,334.2761635381846,1.7751479289940828,166,166,3,0,163,159,50953,3,0,0,3,7
2020-06-08,US,Virginia,Highland,3,0,0,38.35799465,-79.56124594,51091.0,136.98630136986299,0.0,3,3,0,0,3,3,2210,0,0,0,0,0
2020-06-08,US,Virginia,Hopewell,118,2,0,37.29186313,-77.29754684,51670.0,523.7693639309334,1.6949152542372878,116,116,2,0,114,114,22596,2,0,0,2,2
2020-06-08,US,Virginia,Isle of Wight,145,3,0,36.90579348,-76.70842863,51093.0,390.7407906437791,2.0689655172413794,142,142,3,0,139,142,36953,3,0,0,3,0
2020-06-08,US,Virginia,James City,217,15,0,37.31156958,-76.76950618,51095.0,283.5748729140258,6.912442396313363,202,216,15,0,201,211,76397,1,0,0,1,5
2020-06-08,US,Virginia,King George,78,4,0,38.26818502,-77.15852768,51099.0,290.6543449098226,5.128205128205129,74,78,4,0,74,73,26575,0,0,0,0,5
2020-06-08,US,Virginia,King William,32,0,0,37.70965316,-77.09384941,51101.0,186.61068346162816,0.0,32,32,0,0,32,32,16939,0,0,0,0,0
2020-06-08,US,Virginia,King and Queen,24,1,0,37.71044922,-76.88689628,51097.0,341.6370106761566,4.166666666666667,23,24,1,0,23,22,7042,0,0,0,0,2
2020-06-08,US,Virginia,Lancaster,10,0,0,37.71889653,-76.46400482,51103.0,94.3129303027445,0.0,10,10,0,0,10,10,10783,0,0,0,0,0
2020-06-08,US,Virginia,Lee,10,0,0,36.70586667,-83.12606515,51105.0,42.69307945182086,0.0,10,10,0,0,10,9,23541,0,0,0,0,1
2020-06-08,US,Virginia,Lexington,8,0,0,37.78258621,-79.44262866,51678.0,107.44023636851999,0.0,8,8,0,0,8,7,7136,0,0,0,0,1
2020-06-08,US,Virginia,Loudoun,3147,67,0,39.08990083,-77.63481877,51107.0,760.99415289526,2.129011757229107,3080,3094,67,0,3027,2939,406850,53,0,0,53,155
2020-06-08,US,Virginia,Louisa,94,1,0,37.97850256,-77.96274807,51109.0,250.05985475246732,1.0638297872340423,93,92,1,0,91,92,36778,2,0,0,2,0
2020-06-08,US,Virginia,Lunenburg,17,0,0,36.94618528,-78.24133319,51111.0,139.38996392259756,0.0,17,17,0,0,17,17,12086,0,0,0,0,0
2020-06-08,US,Virginia,Lynchburg,88,1,0,37.40021399,-79.19888138,51680.0,107.09765358777142,1.1363636363636365,87,88,1,0,87,88,82126,0,0,0,0,0
2020-06-08,US,Virginia,Madison,41,1,0,38.41531222,-78.28220331,51113.0,309.17728678078583,2.4390243902439024,40,41,1,0,40,41,13295,0,0,0,0,0
2020-06-08,US,Virginia,Manassas,1248,11,0,38.7464321,-77.48509905,51683.0,3037.604965315809,0.8814102564102564,1237,1228,11,0,1217,1214,41641,20,0,0,20,14
2020-06-08,US,Virginia,Manassas Park,359,6,0,38.77058531,-77.44399307,51685.0,2054.010756379449,1.6713091922005572,353,355,6,0,349,351,17307,4,0,0,4,4
2020-06-08,US,Virginia,Martinsville,50,1,0,36.68212094,-79.86352771,51690.0,398.2794328500877,2.0,49,48,1,0,47,47,12902,2,0,0,2,1
2020-06-08,US,Virginia,Mathews,5,0,0,37.44164146,-76.34098896,51115.0,56.599501924383055,0.0,5,5,0,0,5,5,8802,0,0,0,0,0
2020-06-08,US,Virginia,Mecklenburg,224,23,0,36.67882005,-78.36131056,51117.0,732.3372674665708,10.267857142857142,201,224,23,0,201,222,30650,0,0,0,0,2
2020-06-08,US,Virginia,Middlesex,14,0,0,37.63191998,-76.55064617,51119.0,132.3001323001323,0.0,14,14,0,0,14,14,10769,0,0,0,0,0
2020-06-08,US,Virginia,Montgomery,94,1,0,37.17746986,-80.37868691,51121.0,95.39757446592579,1.0638297872340423,93,91,1,0,90,91,98985,3,0,0,3,0
2020-06-08,US,Virginia,Nelson,17,0,0,37.78790447,-78.88498513,51125.0,113.86470194239786,0.0,17,17,0,0,17,17,14836,0,0,0,0,0
2020-06-08,US,Virginia,New Kent,44,1,0,37.50694406,-76.99828634,51127.0,190.5504309038153,2.272727272727273,43,44,1,0,43,43,22391,0,0,0,0,1
2020-06-08,US,Virginia,Newport News,322,10,0,37.08166899,-76.51754109,51700.0,179.66243548612078,3.1055900621118013,312,320,10,0,310,314,178626,2,0,0,2,6
2020-06-08,US,Virginia,Norfolk,589,7,0,36.89934014,-76.26420872,51710.0,242.64445378220498,1.1884550084889642,582,583,7,0,576,562,244076,6,0,0,6,21
2020-06-08,US,Virginia,Northampton,255,26,0,37.34062933,-75.87751591,51131.0,2177.625960717336,10.196078431372547,229,255,26,0,229,251,11735,0,0,0,0,4
2020-06-08,US,Virginia,Northumberland,25,1,0,37.89202088,-76.41949732,51133.0,206.69698222405952,4.0,24,25,1,0,24,25,12147,0,0,0,0,0
2020-06-08,US,Virginia,Norton,2,0,0,36.93357076,-82.62750411,51720.0,50.23863350916855,0.0,2,2,0,0,2,2,3968,0,0,0,0,0
2020-06-08,US,Virginia,Nottoway,50,0,0,37.1435975,-78.05065922,51135.0,328.25630252100837,0.0,50,48,0,0,48,48,15420,2,0,0,2,0
2020-06-08,US,Virginia,Orange,117,2,0,38.24530219,-78.01560400000002,51137.0,315.78095058163075,1.709401709401709,115,117,2,0,115,117,36644,0,0,0,0,0
2020-06-08,US,Virginia,Page,245,24,0,38.61807452,-78.48797204,51139.0,1025.018826876412,9.79591836734694,221,244,24,0,220,237,23933,1,0,0,1,7
2020-06-08,US,Virginia,Patrick,28,0,0,36.680163799999995,-80.2865648,51141.0,159.01862789641072,0.0,28,28,0,0,28,27,17673,0,0,0,0,1
2020-06-08,US,Virginia,Petersburg,167,3,0,37.20530399,-77.39368102,51730.0,532.7633509857717,1.7964071856287425,164,165,3,0,162,163,31567,2,0,0,2,2
2020-06-08,US,Virginia,Pittsylvania,50,1,0,36.81980341,-79.39731264,51143.0,82.84455048546907,2.0,49,50,1,0,49,47,60949,0,0,0,0,3
2020-06-08,US,Virginia,Poquoson,9,0,0,37.14259351,-76.35798148,51735.0,73.34365577377555,0.0,9,9,0,0,9,8,12190,0,0,0,0,1
2020-06-08,US,Virginia,Portsmouth,343,11,0,36.85914825,-76.35971629,51740.0,363.35515582957277,3.206997084548105,332,343,11,0,332,335,94632,0,0,0,0,8
2020-06-08,US,Virginia,Powhatan,47,0,0,37.55016038,-77.91267882,51145.0,158.50532847699986,0.0,47,45,0,0,45,44,29189,2,0,0,2,1
2020-06-08,US,Virginia,Prince Edward,151,2,0,37.22554789,-78.43597949,51147.0,662.2226120515744,1.3245033112582782,149,148,2,0,146,148,22950,3,0,0,3,0
2020-06-08,US,Virginia,Prince George,150,0,0,37.18497668,-77.22922187,51149.0,391.1036946262352,0.0,150,148,0,0,148,146,38082,2,0,0,2,2
2020-06-08,US,Virginia,Prince William,6278,118,0,38.70916224,-77.48713689,51153.0,1334.7932856368334,1.8795794839120736,6160,6207,118,0,6089,6121,468011,71,0,0,71,86
2020-06-08,US,Virginia,Pulaski,28,1,0,37.06474963,-80.71229738,51155.0,82.28759514503189,3.571428571428572,27,27,1,0,26,24,34066,1,0,0,1,3
2020-06-08,US,Virginia,Radford,7,0,0,37.12222899,-80.56027320000003,51750.0,38.35826620636748,0.0,7,7,0,0,7,7,18339,0,0,0,0,0
2020-06-08,US,Virginia,Rappahannock,15,0,0,38.68295619,-78.15826963,51157.0,203.527815468114,0.0,15,17,0,0,17,18,7252,-2,0,0,-2,-1
2020-06-08,US,Virginia,Richmond,293,6,0,37.937575,-76.72920628,51159.0,3247.2570098636816,2.04778156996587,287,293,6,0,287,291,9038,0,0,0,0,2
2020-06-08,US,Virginia,Richmond City,1651,26,0,37.53255773,-77.47966921,51760.0,716.4679129997049,1.5748031496062993,1625,1621,26,0,1595,1592,228783,30,0,0,30,29
2020-06-08,US,Virginia,Roanoke,122,6,0,37.26865804,-80.06396753,51161.0,129.5309281634213,4.918032786885246,116,122,6,0,116,122,94073,0,0,0,0,0
2020-06-08,US,Virginia,Roanoke City,199,10,0,37.27791025,-79.96189766,51770.0,200.7201718729512,5.025125628140704,189,197,10,0,187,197,99920,2,0,0,2,0
2020-06-08,US,Virginia,Rockbridge,20,0,0,37.81204314,-79.44605905,51163.0,88.60142648296636,0.0,20,19,0,0,19,18,22752,1,0,0,1,1
2020-06-08,US,Virginia,Rockingham,589,6,0,38.51006137,-78.87260325,51165.0,718.7484746424562,1.0186757215619695,583,580,6,0,574,572,81244,9,0,0,9,8
2020-06-08,US,Virginia,Russell,8,0,0,36.93028320000001,-82.10095486,51167.0,30.091025351688856,0.0,8,8,0,0,8,8,26748,0,0,0,0,0
2020-06-08,US,Virginia,Salem,40,3,0,37.2836193,-80.06219455,51775.0,158.09651792419268,7.5,37,38,3,0,35,38,25643,2,0,0,2,0
2020-06-08,US,Virginia,Scott,7,2,0,36.71466456,-82.60171704,51169.0,32.458499489937864,28.57142857142857,5,7,2,0,5,7,21534,0,0,0,0,0
2020-06-08,US,Virginia,Shenandoah,484,24,0,38.85905135,-78.56813762,51171.0,1109.6845194424066,4.958677685950414,460,480,22,0,458,476,43497,4,2,0,2,4
2020-06-08,US,Virginia,Smyth,15,0,0,36.84455636,-81.53344948,51173.0,49.827265479670466,0.0,15,15,0,0,15,15,30472,0,0,0,0,0
2020-06-08,US,Virginia,Southampton,153,2,0,36.72231125,-77.10642712,51175.0,867.7896886166411,1.30718954248366,151,153,2,0,151,152,17586,0,0,0,0,1
2020-06-08,US,Virginia,Spotsylvania,707,7,0,38.18574462,-77.655399,51177.0,519.032411995742,0.99009900990099,700,695,7,0,688,634,134238,12,0,0,12,61
2020-06-08,US,Virginia,Stafford,815,5,0,38.41758738,-77.45917053,51179.0,533.090880548397,0.6134969325153374,810,803,5,0,798,765,149960,12,0,0,12,38
2020-06-08,US,Virginia,Staunton,58,0,0,38.15965544,-79.05979937,51790.0,232.6327611102198,0.0,58,53,0,0,53,52,24922,5,0,0,5,1
2020-06-08,US,Virginia,Suffolk,325,33,0,36.70155394,-76.63603554,51800.0,352.8466582707257,10.153846153846152,292,323,33,0,290,323,91185,2,0,0,2,0
2020-06-08,US,Virginia,Surry,10,1,0,37.11781893,-76.88450012,51181.0,155.71473061351602,10.0,9,10,1,0,9,10,6474,0,0,0,0,0
2020-06-08,US,Virginia,Sussex,175,2,0,36.92432914,-77.25791182,51183.0,1568.2408817994447,1.1428571428571428,173,175,2,0,173,175,11237,0,0,0,0,0
2020-06-08,US,Virginia,Tazewell,10,0,0,37.12191123,-81.56685568,51185.0,24.633575563493036,0.0,10,10,0,0,10,10,40855,0,0,0,0,0
2020-06-08,US,Virginia,Virginia Beach,810,25,0,36.73285734,-76.04566934,51810.0,180.01040060092362,3.08641975308642,785,801,25,0,776,798,450189,9,0,0,9,3
2020-06-08,US,Virginia,Warren,220,4,0,38.90847745,-78.20280433,51187.0,547.7542077482324,1.818181818181818,216,222,4,0,218,222,40003,-2,0,0,-2,0
2020-06-08,US,Virginia,Washington,57,4,0,36.72341572,-81.95666289,51191.0,106.06624488276888,7.0175438596491215,53,57,4,0,53,53,54402,0,0,0,0,4
2020-06-08,US,Virginia,Waynesboro,49,0,0,38.06451466,-78.90293905,51820.0,216.52673442333187,0.0,49,49,0,0,49,49,22628,0,0,0,0,0
2020-06-08,US,Virginia,Westmoreland,82,1,0,38.11021557,-76.80213247,51193.0,455.1762420205384,1.2195121951219512,81,81,1,0,80,81,17830,1,0,0,1,0
2020-06-08,US,Virginia,Williamsburg,46,5,0,37.28131268,-76.70905141,51830.0,307.6100040123044,10.869565217391305,41,46,5,0,41,45,14896,0,0,0,0,1
2020-06-08,US,Virginia,Winchester,235,2,0,39.17054517,-78.17325058,51840.0,836.9541990170239,0.851063829787234,233,232,2,0,230,232,28108,3,0,0,3,0
2020-06-08,US,Virginia,Wise,27,2,0,36.9746148,-82.62410519,51195.0,72.22534307037958,7.407407407407407,25,27,2,0,25,27,38012,0,0,0,0,0
2020-06-08,US,Virginia,Wythe,36,1,0,36.91582035,-81.07834059,51197.0,125.5055082973086,2.7777777777777777,35,36,1,0,35,33,28754,0,0,0,0,3
2020-06-08,US,Virginia,York,86,3,0,37.24374789,-76.54412815,51199.0,125.95196250732279,3.4883720930232562,83,86,3,0,83,82,67846,0,0,0,0,4
2020-06-08,US,Washington,Adams,79,0,0,46.98299757,-118.56017340000001,53001.0,395.3360356302857,0.0,79,79,0,0,79,79,19759,0,0,0,0,0
2020-06-08,US,Washington,Asotin,19,2,0,46.18894415,-117.2022851,53003.0,84.13780887432469,10.526315789473683,17,19,2,0,17,19,22610,0,0,0,0,0
2020-06-08,US,Washington,Benton,959,66,0,46.23946995,-119.51208340000001,53005.0,469.2010372327413,6.882168925964546,893,930,66,0,864,906,201877,29,0,0,29,24
2020-06-08,US,Washington,Chelan,262,6,0,47.87046092,-120.6173956,53007.0,339.37823834196894,2.2900763358778624,256,262,6,0,256,261,77036,0,0,0,0,1
2020-06-08,US,Washington,Clallam,27,0,0,48.04754642,-123.92263190000001,53009.0,34.91484656864647,0.0,27,27,0,0,27,27,76737,0,0,0,0,0
2020-06-08,US,Washington,Clark,566,26,0,45.77568046,-122.48292040000001,53011.0,115.92635604138121,4.593639575971731,540,562,26,0,536,559,481857,4,0,0,4,3
2020-06-08,US,Washington,Columbia,1,0,0,46.29442881,-117.9051983,53013.0,25.094102885821833,0.0,1,1,0,0,1,1,4059,0,0,0,0,0
2020-06-08,US,Washington,Cowlitz,86,0,0,46.19074721,-122.6782231,53015.0,77.76260703661174,0.0,86,81,0,0,81,78,108987,5,0,0,5,3
2020-06-08,US,Washington,Douglas,178,3,0,47.7361335,-119.69293700000001,53017.0,409.86437633839137,1.6853932584269662,175,178,3,0,175,177,42907,0,0,0,0,1
2020-06-08,US,Washington,Ferry,1,0,0,48.471143100000006,-118.5154041,53019.0,13.111315064901008,0.0,1,1,0,0,1,1,7649,0,0,0,0,0
2020-06-08,US,Washington,Franklin,746,21,0,46.53351425,-118.9018212,53021.0,783.4324000756128,2.8150134048257374,725,722,21,0,701,704,94347,24,0,0,24,18
2020-06-08,US,Washington,Grant,218,4,0,47.20753737,-119.4500749,53025.0,223.05669528204396,1.834862385321101,214,216,4,0,212,215,97331,2,0,0,2,1
2020-06-08,US,Washington,Grays Harbor,19,0,0,47.14003705,-123.7820567,53027.0,25.31274563355138,0.0,19,19,0,0,19,19,73901,0,0,0,0,0
2020-06-08,US,Washington,Island,182,11,0,48.14713305,-122.5216407,53029.0,213.76305187864838,6.043956043956044,171,181,11,0,170,181,84460,1,0,0,1,0
2020-06-08,US,Washington,Jefferson,31,0,0,47.75003077,-123.56097040000002,53031.0,96.21054591725893,0.0,31,31,0,0,31,31,31729,0,0,0,0,0
2020-06-08,US,Washington,King,8496,579,0,47.49137892,-121.8346131,53033.0,377.133695137834,6.814971751412429,7917,8457,578,0,7879,8417,2233163,39,1,0,38,40
2020-06-08,US,Washington,Kitsap,165,2,0,47.63479026,-122.6436061,53035.0,60.7795250356389,1.2121212121212122,163,165,2,0,163,165,269805,0,0,0,0,0
2020-06-08,US,Washington,Kittitas,90,0,0,47.12521214,-120.67943899999999,53037.0,187.75425054761655,0.0,90,89,0,0,89,88,47364,1,0,0,1,1
2020-06-08,US,Washington,Klickitat,35,3,0,45.87325839,-120.7913598,53039.0,156.07580824972132,8.571428571428571,32,33,3,0,30,33,22107,2,0,0,2,0
2020-06-08,US,Washington,Lewis,37,3,0,46.57756476,-122.39257690000001,53041.0,45.844846171955346,8.108108108108109,34,37,3,0,34,37,79604,0,0,0,0,0
2020-06-08,US,Washington,Lincoln,2,0,0,47.57705241,-118.41943880000001,53043.0,18.283206874485785,0.0,2,2,0,0,2,2,10740,0,0,0,0,0
2020-06-08,US,Washington,Mason,38,1,0,47.35007586,-123.1863685,53045.0,56.913491492930746,2.631578947368421,37,38,1,0,37,37,65507,0,0,0,0,1
2020-06-08,US,Washington,Okanogan,56,1,0,48.54855019,-119.73872240000001,53047.0,132.56634235257908,1.7857142857142858,55,56,1,0,55,56,42132,0,0,0,0,0
2020-06-08,US,Washington,Pacific,9,1,0,46.55418369,-123.7285716,53049.0,40.05162209069467,11.111111111111109,8,9,1,0,8,9,22036,0,0,0,0,0
2020-06-08,US,Washington,Pend Oreille,3,0,0,48.53234021,-117.2741804,53051.0,21.85951617604197,0.0,3,3,0,0,3,3,13602,0,0,0,0,0
2020-06-08,US,Washington,Pierce,2040,85,0,47.03892768,-122.14059579999999,53053.0,225.41934628389575,4.166666666666667,1955,2034,85,0,1949,2019,891299,6,0,0,6,15
2020-06-08,US,Washington,San Juan,15,0,0,48.60182783,-122.96745,53055.0,85.31452621999773,0.0,15,15,0,0,15,15,17128,0,0,0,0,0
2020-06-08,US,Washington,Skagit,450,15,0,48.48171488,-121.766131,53057.0,348.2837351495685,3.333333333333333,435,449,15,0,434,449,128206,1,0,0,1,0
2020-06-08,US,Washington,Skamania,3,0,0,46.02408726,-121.91644029999999,53059.0,24.828271124720683,0.0,3,3,0,0,3,3,11924,0,0,0,0,0
2020-06-08,US,Washington,Snohomish,3039,153,0,48.04615983,-121.7170703,53061.0,369.670702350006,5.034550839091806,2886,3033,152,0,2881,3025,814901,6,1,0,5,8
2020-06-08,US,Washington,Spokane,753,35,0,47.62113146,-117.4046494,53063.0,144.03268566444402,4.648074369189907,718,727,35,0,692,713,514631,26,0,0,26,14
2020-06-08,US,Washington,Stevens,13,1,0,48.40035475,-117.8542701,53065.0,28.43208013472432,7.6923076923076925,12,13,1,0,12,13,45260,0,0,0,0,0
2020-06-08,US,Washington,Thurston,170,3,0,46.9291895,-122.82906559999999,53067.0,58.512542335545334,1.7647058823529411,167,166,2,0,164,163,286419,4,1,0,3,3
2020-06-08,US,Washington,Unassigned,29,0,0,0.0,0.0,90053.0,0.0,0.0,29,32,0,0,32,25,,-3,0,0,-3,7
2020-06-08,US,Washington,Wahkiakum,4,0,0,46.29180039999999,-123.4250831,53069.0,89.12655971479502,0.0,4,4,0,0,4,4,4426,0,0,0,0,0
2020-06-08,US,Washington,Walla Walla,116,2,0,46.23040051,-118.4775539,53071.0,190.91507570770244,1.7241379310344829,114,116,2,0,114,113,60922,0,0,0,0,3
2020-06-08,US,Washington,Whatcom,419,37,0,48.82227976,-121.74900179999999,53073.0,182.77229363961143,8.830548926014322,382,410,37,0,373,409,225685,9,0,0,9,1
2020-06-08,US,Washington,Whitman,20,0,0,46.90022523,-117.52417630000001,53075.0,39.91697269679067,0.0,20,20,0,0,20,20,49791,0,0,0,0,0
2020-06-08,US,Washington,Yakima,4665,101,0,46.45738486,-120.73801259999999,53077.0,1859.5066029425248,2.165058949624866,4564,4509,100,0,4409,4366,251446,156,1,0,155,143
2020-06-08,US,West Virginia,Barbour,8,1,0,39.1307219,-80.00350858,54001.0,48.65884070312025,12.5,7,8,1,0,7,8,16535,0,0,0,0,0
2020-06-08,US,West Virginia,Berkeley,347,8,0,39.46704621,-78.02414609,54003.0,291.17822288979704,2.3054755043227666,339,344,8,0,336,343,117123,3,0,0,3,1
2020-06-08,US,West Virginia,Boone,15,0,0,38.01974191,-81.69888019,54005.0,69.90725637321154,0.0,15,15,0,0,15,11,21951,0,0,0,0,4
2020-06-08,US,West Virginia,Braxton,2,0,0,38.70036159,-80.72011184,54007.0,14.329727018700293,0.0,2,2,0,0,2,2,14089,0,0,0,0,0
2020-06-08,US,West Virginia,Brooke,5,0,0,40.27367263,-80.57915332,54009.0,22.79046446966589,0.0,5,5,0,0,5,5,22203,0,0,0,0,0
2020-06-08,US,West Virginia,Cabell,70,0,0,38.42424062,-82.23855912,54011.0,76.13247049866769,0.0,70,70,0,0,70,70,93224,0,0,0,0,0
2020-06-08,US,West Virginia,Calhoun,2,0,0,38.84315422,-81.11934872,54013.0,28.133352088901397,0.0,2,2,0,0,2,2,7254,0,0,0,0,0
2020-06-08,US,West Virginia,Clay,7,0,0,38.46231092,-81.07652217,54015.0,82.27550540667606,0.0,7,7,0,0,7,7,8632,0,0,0,0,0
2020-06-08,US,West Virginia,Fayette,54,4,0,38.02974928,-81.08286634,54019.0,127.34047068811016,7.407407407407407,50,54,4,0,50,54,43018,0,0,0,0,0
2020-06-08,US,West Virginia,Gilmer,10,0,0,38.9251277,-80.85952723,54021.0,127.82819890067749,0.0,10,10,0,0,10,10,8026,0,0,0,0,0
2020-06-08,US,West Virginia,Grant,14,0,0,39.10314817,-79.19440518,54023.0,121.02351313969572,0.0,14,12,0,0,12,12,11626,2,0,0,2,0
2020-06-08,US,West Virginia,Greenbrier,9,0,0,37.9463652,-80.45335881,54025.0,25.965033754543878,0.0,9,9,0,0,9,9,34786,0,0,0,0,0
2020-06-08,US,West Virginia,Hampshire,33,1,0,39.32103553,-78.60826476,54027.0,142.39482200647248,3.0303030303030303,32,33,1,0,32,34,23347,0,0,0,0,-1
2020-06-08,US,West Virginia,Hancock,20,0,0,40.51943859,-80.57461608,54029.0,69.42034015966678,0.0,20,20,0,0,20,20,29094,0,0,0,0,0
2020-06-08,US,West Virginia,Hardy,40,0,0,39.00683177,-78.85855301,54031.0,290.36004645760744,0.0,40,40,0,0,40,40,13775,0,0,0,0,0
2020-06-08,US,West Virginia,Harrison,40,1,0,39.2853852,-80.37919577,54033.0,59.47424765076722,2.5,39,40,1,0,39,40,67554,0,0,0,0,0
2020-06-08,US,West Virginia,Jackson,140,18,0,38.84263974,-81.68148753,54035.0,489.92161254199334,12.857142857142858,122,138,18,0,120,138,28706,2,0,0,2,0
2020-06-08,US,West Virginia,Jefferson,204,4,0,39.30776166,-77.86014147,54037.0,356.98036607986563,1.96078431372549,200,204,4,0,200,204,56811,0,0,0,0,0
2020-06-08,US,West Virginia,Kanawha,242,19,0,38.33860077,-81.52857054,54039.0,135.86041184792617,7.851239669421487,223,237,19,0,218,236,180454,5,0,0,5,1
2020-06-08,US,West Virginia,Lewis,8,1,0,38.9947249,-80.49988181,54041.0,50.292324134029045,12.5,7,8,1,0,7,8,16024,0,0,0,0,0
2020-06-08,US,West Virginia,Lincoln,5,0,0,38.172154,-82.07017953,54043.0,24.498995541182808,0.0,5,5,0,0,5,5,20599,0,0,0,0,0
2020-06-08,US,West Virginia,Logan,20,1,0,37.8299889,-81.93528571,54045.0,62.462912645616655,5.0,19,20,1,0,19,20,32607,0,0,0,0,0
2020-06-08,US,West Virginia,Marion,53,2,0,39.50984542,-80.24244659,54049.0,94.5213297189328,3.7735849056603774,51,53,2,0,51,53,56097,0,0,0,0,0
2020-06-08,US,West Virginia,Marshall,32,0,0,39.86064362,-80.66591062,54051.0,104.81150306246109,0.0,32,31,0,0,31,31,30785,1,0,0,1,0
2020-06-08,US,West Virginia,Mason,15,0,0,38.77071799,-82.02524219,54053.0,56.569618343641565,0.0,15,15,0,0,15,15,26718,0,0,0,0,0
2020-06-08,US,West Virginia,McDowell,6,0,0,37.38002939,-81.65083669,54047.0,34.04448479346346,0.0,6,6,0,0,6,6,18223,0,0,0,0,0
2020-06-08,US,West Virginia,Mercer,13,0,0,37.40481169,-81.11023142,54055.0,22.124646856598247,0.0,13,13,0,0,13,13,59131,0,0,0,0,0
2020-06-08,US,West Virginia,Mineral,50,1,0,39.41561583,-78.94104895,54057.0,186.09498287926158,2.0,49,50,1,0,49,51,26940,0,0,0,0,-1
2020-06-08,US,West Virginia,Mingo,9,1,0,37.73048351,-82.13338365,54059.0,38.42213114754097,11.111111111111109,8,8,1,0,7,8,23785,1,0,0,1,0
2020-06-08,US,West Virginia,Monongalia,141,5,0,39.63218457,-80.04766838,54061.0,133.50755595955005,3.5460992907801416,136,141,5,0,136,140,106420,0,0,0,0,1
2020-06-08,US,West Virginia,Monroe,8,0,0,37.56274716,-80.54577965,54063.0,60.263653483992464,0.0,8,8,0,0,8,8,13280,0,0,0,0,0
2020-06-08,US,West Virginia,Morgan,19,0,0,39.55439028,-78.26311676,54065.0,106.24021471706553,0.0,19,19,0,0,19,19,17787,0,0,0,0,0
2020-06-08,US,West Virginia,Nicholas,7,1,0,38.29617706,-80.79759588,54067.0,28.576094056172444,14.285714285714285,6,8,1,0,7,8,24842,-1,0,0,-1,0
2020-06-08,US,West Virginia,Ohio,50,1,0,40.0955451,-80.62203992,54069.0,120.7408659534906,2.0,49,48,1,0,47,48,41755,2,0,0,2,0
2020-06-08,US,West Virginia,Pendleton,13,1,0,38.68314479,-79.35084086,54071.0,186.5403931697517,7.6923076923076925,12,13,1,0,12,13,6997,0,0,0,0,0
2020-06-08,US,West Virginia,Pleasants,4,0,0,39.37091679,-81.16771771,54073.0,53.61930294906166,0.0,4,4,0,0,4,4,7507,0,0,0,0,0
2020-06-08,US,West Virginia,Pocahontas,21,0,0,38.32758728,-80.00993811,54075.0,254.63805020007274,0.0,21,21,0,0,21,21,8414,0,0,0,0,0
2020-06-08,US,West Virginia,Preston,24,2,0,39.46770987,-79.66712803,54077.0,71.78750897343862,8.333333333333334,22,24,2,0,22,24,33839,0,0,0,0,0
2020-06-08,US,West Virginia,Putnam,40,0,0,38.50782345,-81.9082131,54079.0,70.859167404783,0.0,40,39,0,0,39,39,56682,1,0,0,1,0
2020-06-08,US,West Virginia,Raleigh,18,0,0,37.76936795,-81.2456041,54081.0,24.53619770722864,0.0,18,18,0,0,18,17,74254,0,0,0,0,1
2020-06-08,US,West Virginia,Randolph,134,0,0,38.769899,-79.87919615,54083.0,466.98031015856424,0.0,134,132,0,0,132,132,28823,2,0,0,2,0
2020-06-08,US,West Virginia,Ritchie,1,0,0,39.18094587,-81.06356878,54085.0,10.466820180029307,0.0,1,1,0,0,1,1,9721,0,0,0,0,0
2020-06-08,US,West Virginia,Roane,10,1,0,38.71622686,-81.35243568,54087.0,73.05669199298656,10.0,9,10,1,0,9,9,13932,0,0,0,0,1
2020-06-08,US,West Virginia,Summers,1,0,0,37.65390597,-80.86009693,54089.0,7.953551260637875,0.0,1,1,0,0,1,1,12760,0,0,0,0,0
2020-06-08,US,West Virginia,Taylor,9,0,0,39.33602617,-80.0421439,54091.0,53.908355795148246,0.0,9,9,0,0,9,9,16862,0,0,0,0,0
2020-06-08,US,West Virginia,Tucker,6,0,0,39.11240885,-79.57053576,54093.0,87.73212457961691,0.0,6,6,0,0,6,6,6955,0,0,0,0,0
2020-06-08,US,West Virginia,Tyler,3,0,0,39.46811972,-80.88772676,54095.0,34.920265394016994,0.0,3,3,0,0,3,3,8746,0,0,0,0,0
2020-06-08,US,West Virginia,Upshur,7,0,0,38.89285061,-80.23689136,54097.0,28.95433487756453,0.0,7,7,0,0,7,7,24415,0,0,0,0,0
2020-06-08,US,West Virginia,Wayne,103,9,0,38.14901357,-82.42287994,54099.0,261.408050352774,8.737864077669903,94,103,9,0,94,103,39944,0,0,0,0,0
2020-06-08,US,West Virginia,Wetzel,9,0,0,39.6065771,-80.64016540000001,54103.0,59.741121805509465,0.0,9,9,0,0,9,9,15270,0,0,0,0,0
2020-06-08,US,West Virginia,Wirt,4,0,0,39.02775007,-81.37473928,54105.0,68.7167153410067,0.0,4,4,0,0,4,4,5830,0,0,0,0,0
2020-06-08,US,West Virginia,Wood,53,2,0,39.20967886,-81.5162836,54107.0,63.45937402715583,3.7735849056603774,51,54,2,0,52,54,84203,-1,0,0,-1,0
2020-06-08,US,West Virginia,Wyoming,3,0,0,37.612327,-81.54511071,54109.0,14.710208884966164,0.0,3,3,0,0,3,2,20786,0,0,0,0,1
2020-06-08,US,Wisconsin,Adams,5,1,0,43.96974651,-89.76782777,55001.0,24.727992087042534,20.0,4,5,1,0,4,5,20348,0,0,0,0,0
2020-06-08,US,Wisconsin,Ashland,3,0,0,46.31956891,-90.67837132,55003.0,19.27772779848349,0.0,3,3,0,0,3,3,15600,0,0,0,0,0
2020-06-08,US,Wisconsin,Barron,20,0,0,45.42372701,-91.84833627,55005.0,44.204756431792056,0.0,20,20,0,0,20,20,45164,0,0,0,0,0
2020-06-08,US,Wisconsin,Bayfield,3,1,0,46.52868768,-91.19716729,55007.0,19.952114924181963,33.333333333333336,2,3,1,0,2,3,15042,0,0,0,0,0
2020-06-08,US,Wisconsin,Brown,2377,38,0,44.452655299999996,-88.00411844,55009.0,898.5340702043532,1.5986537652503154,2339,2377,38,0,2339,2374,263378,0,0,0,0,3
2020-06-08,US,Wisconsin,Buffalo,6,2,0,44.37835084,-91.75332578,55011.0,46.04404880669172,33.333333333333336,4,6,2,0,4,6,13125,0,0,0,0,0
2020-06-08,US,Wisconsin,Burnett,1,1,0,45.86303537,-92.36711412,55013.0,6.487608667445179,100.0,0,1,1,0,0,1,15392,0,0,0,0,0
2020-06-08,US,Wisconsin,Calumet,81,1,0,44.0816316,-88.21780273,55015.0,161.71215236878356,1.2345679012345678,80,80,1,0,79,79,50159,1,0,0,1,1
2020-06-08,US,Wisconsin,Chippewa,59,0,0,45.06939744,-91.28068855,55017.0,91.24934269541279,0.0,59,59,0,0,59,58,64135,0,0,0,0,1
2020-06-08,US,Wisconsin,Clark,42,4,0,44.73483377,-90.61207486,55019.0,120.77989302352331,9.523809523809524,38,42,4,0,38,42,34709,0,0,0,0,0
2020-06-08,US,Wisconsin,Columbia,46,1,0,43.46492199,-89.33589004,55021.0,79.95550302440381,2.1739130434782608,45,46,1,0,45,44,57358,0,0,0,0,2
2020-06-08,US,Wisconsin,Crawford,26,0,0,43.23870316,-90.93073686,55023.0,161.18033599900812,0.0,26,26,0,0,26,26,16291,0,0,0,0,0
2020-06-08,US,Wisconsin,Dane,856,29,0,43.06601594,-89.41733797,55025.0,156.57725056933026,3.38785046728972,827,843,29,0,814,814,542364,13,0,0,13,29
2020-06-08,US,Wisconsin,Dodge,400,4,0,43.41576662,-88.70928178,55027.0,455.3785903755735,1.0,396,400,4,0,396,395,87847,0,0,0,0,5
2020-06-08,US,Wisconsin,Door,39,3,0,44.95856458,-87.30002707,55029.0,140.95706231025008,7.6923076923076925,36,39,3,0,36,39,27610,0,0,0,0,0
2020-06-08,US,Wisconsin,Douglas,20,0,0,46.43222285,-91.91595768,55031.0,46.349942062572424,0.0,20,20,0,0,20,20,43208,0,0,0,0,0
2020-06-08,US,Wisconsin,Dunn,29,0,0,44.94562799,-91.8962481,55033.0,63.921706929994706,0.0,29,27,0,0,27,27,45131,2,0,0,2,0
2020-06-08,US,Wisconsin,Eau Claire,124,0,0,44.726614,-91.28609183,55035.0,118.49473462913059,0.0,124,123,0,0,123,121,104534,1,0,0,1,2
2020-06-08,US,Wisconsin,Florence,2,0,0,45.84963535,-88.39804137,55037.0,46.56577415599534,0.0,2,2,0,0,2,2,4321,0,0,0,0,0
2020-06-08,US,Wisconsin,Fond du Lac,239,6,0,43.75354908,-88.48885325,55039.0,231.1344931965224,2.510460251046025,233,233,6,0,227,233,103066,6,0,0,6,0
2020-06-08,US,Wisconsin,Forest,33,2,0,45.66678019,-88.77084892,55041.0,366.50377609951136,6.0606060606060606,31,33,2,0,31,33,8991,0,0,0,0,0
2020-06-08,US,Wisconsin,Grant,98,12,0,42.8671731,-90.7063218,55043.0,190.5169229572892,12.244897959183671,86,98,12,0,86,98,51554,0,0,0,0,0
2020-06-08,US,Wisconsin,Green,71,0,0,42.6794956,-89.60243287,55045.0,192.0995670995671,0.0,71,71,0,0,71,71,36929,0,0,0,0,0
2020-06-08,US,Wisconsin,Green Lake,23,0,0,43.80025981,-89.04679553,55047.0,121.60947496431028,0.0,23,22,0,0,22,22,18918,1,0,0,1,0
2020-06-08,US,Wisconsin,Iowa,17,0,0,43.00050278,-90.13469017,55049.0,71.79660444294281,0.0,17,17,0,0,17,16,23771,0,0,0,0,1
2020-06-08,US,Wisconsin,Iron,2,1,0,46.26302338,-90.24295041,55051.0,35.16792685071215,50.0,1,2,1,0,1,2,5676,0,0,0,0,0
2020-06-08,US,Wisconsin,Jackson,20,1,0,44.31864893,-90.80566792,55053.0,96.88514266337258,5.0,19,19,1,0,18,18,20478,1,0,0,1,1
2020-06-08,US,Wisconsin,Jefferson,130,3,0,43.02054068,-88.77529134,55055.0,153.35794925031558,2.3076923076923075,127,128,3,0,125,124,85129,2,0,0,2,4
2020-06-08,US,Wisconsin,Juneau,23,1,0,43.92456975,-90.11120239,55057.0,86.18428448308167,4.3478260869565215,22,23,1,0,22,23,26617,0,0,0,0,0
2020-06-08,US,Wisconsin,Kenosha,1286,34,0,42.57639354,-88.04051686,55059.0,758.4291199037515,2.6438569206842923,1252,1274,34,0,1240,1267,169290,12,0,0,12,7
2020-06-08,US,Wisconsin,Kewaunee,36,1,0,44.51727459,-87.61468386,55061.0,176.17695996867963,2.7777777777777777,35,36,1,0,35,36,20383,0,0,0,0,0
2020-06-08,US,Wisconsin,La Crosse,70,0,0,43.90632465,-91.11451093,55063.0,59.3139913232104,0.0,70,69,0,0,69,68,118230,1,0,0,1,1
2020-06-08,US,Wisconsin,Lafayette,33,0,0,42.66005229,-90.1317729,55065.0,198.01980198019803,0.0,33,33,0,0,33,30,16665,0,0,0,0,3
2020-06-08,US,Wisconsin,Langlade,8,0,0,45.26271619,-89.07483625,55067.0,41.690551878680495,0.0,8,4,0,0,4,4,19268,4,0,0,4,0
2020-06-08,US,Wisconsin,Lincoln,7,0,0,45.33737523,-89.73411273,55069.0,25.3687529445874,0.0,7,7,0,0,7,7,27689,0,0,0,0,0
2020-06-08,US,Wisconsin,Manitowoc,40,1,0,44.11946801,-87.80928853,55071.0,50.64509185753536,2.5,39,39,1,0,38,39,79074,1,0,0,1,0
2020-06-08,US,Wisconsin,Marathon,64,1,0,44.89792533,-89.75863384,55073.0,47.16563983138285,1.5625,63,64,1,0,63,63,135428,0,0,0,0,1
2020-06-08,US,Wisconsin,Marinette,36,3,0,45.38553432,-88.03324599999998,55075.0,89.21933085501858,8.333333333333334,33,36,3,0,33,33,40434,0,0,0,0,3
2020-06-08,US,Wisconsin,Marquette,5,1,0,43.81911946,-89.40073763,55077.0,32.10479003467317,20.0,4,5,1,0,4,5,15434,0,0,0,0,0
2020-06-08,US,Wisconsin,Menominee,3,0,0,45.00422544,-88.70950714,55078.0,65.84723441615452,0.0,3,3,0,0,3,3,4658,0,0,0,0,0
2020-06-08,US,Wisconsin,Milwaukee,8900,325,0,43.00486062,-87.96733172,55079.0,941.0759564609624,3.651685393258427,8575,8813,326,0,8487,8688,948201,87,-1,0,88,125
2020-06-08,US,Wisconsin,Monroe,19,1,0,43.94641218,-90.61881899999999,55081.0,41.078416535143674,5.2631578947368425,18,19,1,0,18,18,46051,0,0,0,0,1
2020-06-08,US,Wisconsin,Oconto,42,0,0,45.02715345,-88.26807503,55083.0,110.73029264434484,0.0,42,42,0,0,42,41,37830,0,0,0,0,1
2020-06-08,US,Wisconsin,Oneida,13,0,0,45.70677897,-89.51944105,55085.0,36.52198342463829,0.0,13,12,0,0,12,12,35470,1,0,0,1,0
2020-06-08,US,Wisconsin,Outagamie,277,8,0,44.41578887,-88.46565023,55087.0,147.4306091492136,2.888086642599278,269,270,8,0,262,263,187365,7,0,0,7,7
2020-06-08,US,Wisconsin,Ozaukee,184,13,0,43.38352225,-87.94625009,55089.0,206.2294751235696,7.065217391304348,171,183,13,0,170,180,89147,1,0,0,1,3
2020-06-08,US,Wisconsin,Pepin,1,0,0,44.58307413,-91.99949611,55091.0,13.723068478111706,0.0,1,1,0,0,1,1,7289,0,0,0,0,0
2020-06-08,US,Wisconsin,Pierce,50,0,0,44.71850291,-92.4224416,55093.0,116.94812181316368,0.0,50,50,0,0,50,50,42555,0,0,0,0,0
2020-06-08,US,Wisconsin,Polk,33,1,0,45.46130348,-92.44182875,55095.0,75.37171961720304,3.0303030303030303,32,33,1,0,32,33,43598,0,0,0,0,0
2020-06-08,US,Wisconsin,Portage,35,0,0,44.47558711,-89.50152965,55097.0,49.45458655965636,0.0,35,35,0,0,35,33,70942,0,0,0,0,2
2020-06-08,US,Wisconsin,Price,2,0,0,45.68051754,-90.36098879999999,55099.0,14.980151299528124,0.0,2,2,0,0,2,2,13397,0,0,0,0,0
2020-06-08,US,Wisconsin,Racine,1911,47,0,42.74753117,-88.05941254,55101.0,973.4553845683637,2.4594453165881736,1864,1910,47,0,1863,1906,196584,1,0,0,1,4
2020-06-08,US,Wisconsin,Richland,14,4,0,43.3762778,-90.43012729,55103.0,81.1500115928588,28.57142857142857,10,14,4,0,10,14,17377,0,0,0,0,0
2020-06-08,US,Wisconsin,Rock,707,21,0,42.67151616,-89.07147900000002,55105.0,432.8023801070069,2.9702970297029703,686,685,21,0,664,685,163129,22,0,0,22,0
2020-06-08,US,Wisconsin,Rusk,5,0,0,45.47498854,-91.1333012,55107.0,35.265904923120324,0.0,5,5,0,0,5,5,14147,0,0,0,0,0
2020-06-08,US,Wisconsin,Sauk,83,3,0,43.42574087,-89.94966132,55111.0,128.79798888923372,3.614457831325301,80,83,3,0,80,81,64249,0,0,0,0,2
2020-06-08,US,Wisconsin,Sawyer,8,0,0,45.87931905,-91.14504927,55113.0,48.31501389056649,0.0,8,8,0,0,8,8,16489,0,0,0,0,0
2020-06-08,US,Wisconsin,Shawano,57,0,0,44.78902246,-88.76443896,55115.0,139.36771070197315,0.0,57,56,0,0,56,56,40796,1,0,0,1,0
2020-06-08,US,Wisconsin,Sheboygan,114,3,0,43.72099677,-87.94579284,55117.0,98.83821744407837,2.631578947368421,111,114,3,0,111,111,115456,0,0,0,0,3
2020-06-08,US,Wisconsin,St. Croix,106,0,0,45.03437474,-92.45000068,55109.0,116.8855514020753,0.0,106,105,0,0,105,105,89694,1,0,0,1,0
2020-06-08,US,Wisconsin,Taylor,2,0,0,45.21179252,-90.5004405,55119.0,9.83139163348572,0.0,2,2,0,0,2,2,20412,0,0,0,0,0
2020-06-08,US,Wisconsin,Trempealeau,42,0,0,44.30360275,-91.35893614,55121.0,141.65739148031975,0.0,42,40,0,0,40,38,29442,2,0,0,2,2
2020-06-08,US,Wisconsin,Vernon,21,0,0,43.59422667,-90.8324691,55123.0,68.13315164492894,0.0,21,21,0,0,21,21,30785,0,0,0,0,0
2020-06-08,US,Wisconsin,Vilas,8,0,0,46.05467334,-89.51719204,55125.0,36.044154088758724,0.0,8,8,0,0,8,8,21938,0,0,0,0,0
2020-06-08,US,Wisconsin,Walworth,440,17,0,42.66858202,-88.54163073,55127.0,423.61458774598526,3.863636363636364,423,435,17,0,418,435,103718,5,0,0,5,0
2020-06-08,US,Wisconsin,Washburn,3,0,0,45.89838588,-91.79050449,55129.0,19.083969465648856,0.0,3,3,0,0,3,3,15878,0,0,0,0,0
2020-06-08,US,Wisconsin,Washington,279,9,0,43.36863664,-88.22974712,55131.0,205.0957848773101,3.2258064516129035,270,277,9,0,268,277,135693,2,0,0,2,0
2020-06-08,US,Wisconsin,Waukesha,823,33,0,43.01833055,-88.30431188,55133.0,203.61308071786598,4.0097205346294045,790,808,33,0,775,795,403072,15,0,0,15,13
2020-06-08,US,Wisconsin,Waupaca,58,1,0,44.47068056,-88.96534501,55135.0,113.74779368503627,1.7241379310344829,57,57,1,0,56,51,51128,1,0,0,1,6
2020-06-08,US,Wisconsin,Waushara,10,0,0,44.11324419,-89.24317107,55137.0,40.911508407314976,0.0,10,10,0,0,10,10,24263,0,0,0,0,0
2020-06-08,US,Wisconsin,Winnebago,397,7,0,44.06886922,-88.64477096,55139.0,230.93882157212914,1.7632241813602014,390,385,7,0,378,354,171020,12,0,0,12,31
2020-06-08,US,Wisconsin,Wood,11,1,0,44.45537896,-90.04158336,55141.0,15.068699571227008,9.090909090909092,10,11,1,0,10,11,73055,0,0,0,0,0
2020-06-08,US,Wyoming,Albany,26,0,0,41.65498705,-105.72354150000001,56001.0,66.87242798353911,0.0,26,26,0,0,26,26,38601,0,0,0,0,0
2020-06-08,US,Wyoming,Big Horn,8,0,0,44.52405055,-107.9960365,56003.0,67.85411365564038,0.0,8,8,0,0,8,6,11881,0,0,0,0,2
2020-06-08,US,Wyoming,Campbell,35,0,0,44.24886082,-105.54744040000001,56005.0,75.52707106018428,0.0,35,32,0,0,32,32,46140,3,0,0,3,0
2020-06-08,US,Wyoming,Carbon,16,0,0,41.69357844,-106.9326084,56007.0,108.10810810810813,0.0,16,16,0,0,16,16,14971,0,0,0,0,0
2020-06-08,US,Wyoming,Converse,24,0,0,42.97272268,-105.5081848,56009.0,173.63623209376357,0.0,24,24,0,0,24,24,13640,0,0,0,0,0
2020-06-08,US,Wyoming,Crook,5,0,0,44.58855102,-104.56977049999999,56011.0,65.92827004219409,0.0,5,5,0,0,5,5,7450,0,0,0,0,0
2020-06-08,US,Wyoming,Fremont,297,0,0,43.04183996,-108.6296893,56013.0,756.4758921066707,0.0,297,295,0,0,295,295,39531,2,0,0,2,0
2020-06-08,US,Wyoming,Goshen,5,0,0,42.08798185,-104.3534743,56015.0,37.847248505033676,0.0,5,5,0,0,5,5,13376,0,0,0,0,0
2020-06-08,US,Wyoming,Hot Springs,12,0,0,43.71930657,-108.44231740000001,56017.0,271.92386131883075,0.0,12,12,0,0,12,12,4555,0,0,0,0,0
2020-06-08,US,Wyoming,Johnson,18,1,0,44.04057166,-106.58451740000001,56019.0,213.14387211367676,5.5555555555555545,17,18,1,0,17,18,8460,0,0,0,0,0
2020-06-08,US,Wyoming,Laramie,188,0,0,41.30702520000001,-104.6887497,56021.0,188.94472361809045,0.0,188,188,0,0,188,188,98976,0,0,0,0,0
2020-06-08,US,Wyoming,Lincoln,15,0,0,42.26376367,-110.6563997,56023.0,75.642965204236,0.0,15,15,0,0,15,15,19434,0,0,0,0,0
2020-06-08,US,Wyoming,Natrona,87,0,0,42.96180148,-106.79788500000001,56025.0,108.94337448971923,0.0,87,82,0,0,82,82,79115,5,0,0,5,0
2020-06-08,US,Wyoming,Niobrara,2,0,0,43.05607708,-104.47588959999999,56027.0,84.88964346349746,0.0,2,2,0,0,2,2,2388,0,0,0,0,0
2020-06-08,US,Wyoming,Park,2,0,0,44.52157546,-109.58528249999999,56029.0,6.850722751250258,0.0,2,2,0,0,2,2,29324,0,0,0,0,0
2020-06-08,US,Wyoming,Platte,1,0,0,42.13299116,-104.96633100000001,56031.0,11.914690813773385,0.0,1,1,0,0,1,1,8566,0,0,0,0,0
2020-06-08,US,Wyoming,Sheridan,18,0,0,44.79048913,-106.8862389,56033.0,59.04543217976054,0.0,18,18,0,0,18,16,30233,0,0,0,0,2
2020-06-08,US,Wyoming,Sublette,3,0,0,42.76558279,-109.91309220000001,56035.0,30.515715593530675,0.0,3,3,0,0,3,3,9813,0,0,0,0,0
2020-06-08,US,Wyoming,Sweetwater,33,0,0,41.65943896,-108.8827882,56037.0,77.93495973360413,0.0,33,32,0,0,32,32,43051,1,0,0,1,0
2020-06-08,US,Wyoming,Teton,100,0,0,43.93522482,-110.5890801,56039.0,426.1847937265599,0.0,100,100,0,0,100,100,23081,0,0,0,0,0
2020-06-08,US,Wyoming,Uinta,25,0,0,41.2878183,-110.54757820000002,56041.0,123.60328290319391,0.0,25,23,0,0,23,19,20299,2,0,0,2,4
2020-06-08,US,Wyoming,Unassigned,0,16,0,0.0,0.0,90056.0,0.0,0.0,-16,0,16,0,-16,0,,0,0,0,0,0
2020-06-08,US,Wyoming,Washakie,39,0,0,43.90451606,-107.68018700000002,56043.0,499.6796925048046,0.0,39,39,0,0,39,39,7885,0,0,0,0,0
2020-06-08,US,Wyoming,Weston,1,0,0,43.83961191,-104.56748809999999,56045.0,14.436263894903998,0.0,1,1,0,0,1,1,6967,0,0,0,0,0
