Date,Country/Region,Province/State,Admin2,Confirmed,Deaths,Recovered,Latitude,Longitude,FIPS,Incidence_Rate,Case-Fatality_Ratio,Active Cases,Previous Confirmed,Previous Deaths,Previous Recovered,Previous Active,Prev2 Confirmed,Population,Daily Confirmed,Daily Deaths,Daily Recovered,Daily Active,Previous Daily Confirmed
2020-08-21,US,Alabama,Autauga,1255,22,0,32.53952745,-86.64408227,1001.0,2246.326227424869,1.752988047808765,1233,1240,22,0,1218,1241,55601,15,0,0,15,-1
2020-08-21,US,Alabama,Baldwin,3997,32,0,30.72774991,-87.72207058,1003.0,1790.4978632287196,0.8006004503377533,3965,3957,31,0,3926,3931,218022,40,1,0,39,26
2020-08-21,US,Alabama,Barbour,622,7,0,31.868263,-85.3871286,1005.0,2519.6467633476464,1.1254019292604502,615,619,7,0,612,613,24881,3,0,0,3,6
2020-08-21,US,Alabama,Bibb,501,6,0,32.99642064,-87.12511459999996,1007.0,2237.2063945699742,1.1976047904191616,495,494,6,0,488,490,22400,7,0,0,7,4
2020-08-21,US,Alabama,Blount,930,6,0,33.98210918,-86.56790593,1009.0,1608.2730951475116,0.6451612903225806,924,912,5,0,907,901,57840,18,1,0,17,11
2020-08-21,US,Alabama,Bullock,528,13,0,32.10030533,-85.71265535,1011.0,5227.205227205227,2.462121212121212,515,527,13,0,514,522,10138,1,0,0,1,5
2020-08-21,US,Alabama,Butler,802,36,0,31.75300095,-86.68057478,1013.0,4123.8173591114755,4.488778054862842,766,796,36,0,760,796,19680,6,0,0,6,0
2020-08-21,US,Alabama,Calhoun,2105,23,0,33.77483727,-85.82630386,1015.0,1852.9114035473792,1.0926365795724466,2082,2072,23,0,2049,2028,114277,33,0,0,33,44
2020-08-21,US,Alabama,Chambers,865,38,0,32.91360079,-85.39072749,1017.0,2601.190834185361,4.393063583815029,827,861,38,0,823,859,33615,4,0,0,4,2
2020-08-21,US,Alabama,Cherokee,324,9,0,34.17805983,-85.60638968,1019.0,1236.8300503893724,2.7777777777777777,315,319,9,0,310,313,26032,5,0,0,5,6
2020-08-21,US,Alabama,Chilton,912,10,0,32.85044126,-86.7173256,1021.0,2052.7595210227787,1.0964912280701755,902,891,9,0,882,884,44153,21,1,0,20,7
2020-08-21,US,Alabama,Choctaw,304,12,0,32.02227341,-88.26564429999998,1023.0,2414.8065771705456,3.947368421052632,292,301,12,0,289,301,12841,3,0,0,3,0
2020-08-21,US,Alabama,Clarke,877,10,0,31.68099859,-87.83548597,1025.0,3712.6407586148493,1.1402508551881414,867,861,11,0,850,861,23920,16,-1,0,17,0
2020-08-21,US,Alabama,Clay,317,5,0,33.26984193,-85.85836077,1027.0,2395.1643369852663,1.5772870662460567,312,314,5,0,309,313,13275,3,0,0,3,1
2020-08-21,US,Alabama,Cleburne,171,3,0,33.67679204,-85.52005899,1029.0,1146.881287726358,1.7543859649122806,168,169,2,0,167,164,14987,2,1,0,1,5
2020-08-21,US,Alabama,Coffee,861,5,0,31.39932826,-85.98901039,1031.0,1644.950517748653,0.5807200929152149,856,850,6,0,844,848,51909,11,-1,0,12,2
2020-08-21,US,Alabama,Colbert,1327,19,0,34.69847452,-87.80168544,1033.0,2402.201263554244,1.4318010550113036,1308,1316,19,0,1297,1304,54762,11,0,0,11,12
2020-08-21,US,Alabama,Conecuh,417,11,0,31.43401703,-86.99320044,1035.0,3455.7056434905107,2.6378896882494005,406,412,11,0,401,410,12277,5,0,0,5,2
2020-08-21,US,Alabama,Coosa,111,3,0,32.93690146,-86.24847739,1037.0,1040.982837850511,2.702702702702702,108,109,3,0,106,106,10715,2,0,0,2,3
2020-08-21,US,Alabama,Covington,808,22,0,31.247785399999998,-86.45050893,1039.0,2180.895570730654,2.722772277227723,786,794,21,0,773,786,36986,14,1,0,13,8
2020-08-21,US,Alabama,Crenshaw,363,13,0,31.72941803,-86.31593104,1041.0,2635.7827476038337,3.5812672176308538,350,361,11,0,350,357,13824,2,2,0,0,4
2020-08-21,US,Alabama,Cullman,1346,12,0,34.13020303,-86.86888037,1043.0,1606.8188329672428,0.8915304606240714,1334,1326,11,0,1315,1317,83442,20,1,0,19,9
2020-08-21,US,Alabama,Dale,902,35,0,31.43037123,-85.61095742,1045.0,1834.377287887416,3.8802660753880263,867,893,32,0,861,890,48956,9,3,0,6,3
2020-08-21,US,Alabama,Dallas,1400,25,0,32.32688101,-87.10866709999998,1047.0,3763.845574792989,1.7857142857142858,1375,1388,25,0,1363,1381,38310,12,0,0,12,7
2020-08-21,US,Alabama,DeKalb,1969,14,0,34.45946862,-85.80782906,1049.0,2753.3455455651424,0.7110208227526663,1955,1951,14,0,1937,1944,71385,18,0,0,18,7
2020-08-21,US,Alabama,Elmore,1899,42,0,32.59785413,-86.14415284,1051.0,2338.410767279489,2.2116903633491307,1857,1882,40,0,1842,1848,81887,17,2,0,15,34
2020-08-21,US,Alabama,Escambia,1161,20,0,31.1256789,-87.15918694,1053.0,3169.2736057652937,1.7226528854435832,1141,1152,17,0,1135,1142,36748,9,3,0,6,10
2020-08-21,US,Alabama,Etowah,2455,37,0,34.04567266,-86.04051873,1055.0,2400.5554034497595,1.5071283095723014,2418,2392,37,0,2355,2377,102501,63,0,0,63,15
2020-08-21,US,Alabama,Fayette,260,6,0,33.72076938,-87.73886638,1057.0,1594.8963317384369,2.3076923076923075,254,256,6,0,250,252,16433,4,0,0,4,4
2020-08-21,US,Alabama,Franklin,1418,22,0,34.44235334,-87.84289505,1059.0,4521.395319176073,1.5514809590973202,1396,1406,22,0,1384,1383,31363,12,0,0,12,23
2020-08-21,US,Alabama,Geneva,307,2,0,31.09389027,-85.83572839,1061.0,1168.588938373111,0.6514657980456026,305,306,2,0,304,300,26314,1,0,0,1,6
2020-08-21,US,Alabama,Greene,269,14,0,32.85504247,-87.95684022,1063.0,3316.483787449143,5.204460966542751,255,268,14,0,254,265,8233,1,0,0,1,3
2020-08-21,US,Alabama,Hale,509,26,0,32.76039258,-87.63284988,1065.0,3474.165585966828,5.108055009823183,483,507,26,0,481,504,14726,2,0,0,2,3
2020-08-21,US,Alabama,Henry,281,3,0,31.51148016,-85.24267944,1067.0,1633.2461493751816,1.0676156583629892,278,278,3,0,275,278,17209,3,0,0,3,0
2020-08-21,US,Alabama,Houston,1596,14,0,31.15197924,-85.29939599,1069.0,1507.338357794526,0.8771929824561403,1582,1568,13,0,1555,1550,104722,28,1,0,27,18
2020-08-21,US,Alabama,Jackson,1193,5,0,34.78144169,-85.99750489,1071.0,2310.8511215279127,0.4191114836546521,1188,1170,5,0,1165,1165,51736,23,0,0,23,5
2020-08-21,US,Alabama,Jefferson,14538,279,0,33.55554728,-86.89506300000002,1073.0,2207.500155639542,1.9191085431283528,14259,14419,276,0,14143,14337,659300,119,3,0,116,82
2020-08-21,US,Alabama,Lamar,259,2,0,33.77995024,-88.09668032,1075.0,1876.1318362911984,0.7722007722007722,257,255,2,0,253,249,13844,4,0,0,4,6
2020-08-21,US,Alabama,Lauderdale,1308,22,0,34.90171875,-87.65624729,1077.0,1410.5619601203507,1.6819571865443426,1286,1287,22,0,1265,1278,92387,21,0,0,21,9
2020-08-21,US,Alabama,Lawrence,389,4,0,34.52041498,-87.31069453,1079.0,1181.5089296561778,1.0282776349614395,385,383,4,0,379,379,32957,6,0,0,6,4
2020-08-21,US,Alabama,Lee,2908,47,0,32.60154883,-85.35132246,1081.0,1767.329921843663,1.6162310866574965,2861,2899,47,0,2852,2888,163941,9,0,0,9,11
2020-08-21,US,Alabama,Limestone,1516,14,0,34.81185586,-86.98310072,1083.0,1532.6290249203864,0.9234828496042216,1502,1498,14,0,1484,1492,96174,18,0,0,18,6
2020-08-21,US,Alabama,Lowndes,585,24,0,32.1597283,-86.65158371,1085.0,6014.8056755089465,4.102564102564102,561,584,24,0,560,585,9974,1,0,0,1,-1
2020-08-21,US,Alabama,Macon,369,16,0,32.38759944,-85.69267724,1087.0,2042.2847022359967,4.336043360433604,353,364,15,0,349,360,18439,5,1,0,4,4
2020-08-21,US,Alabama,Madison,5861,38,0,34.76327133,-86.55069633,1089.0,1571.6971164546844,0.648353523289541,5823,5800,38,0,5762,5769,366519,61,0,0,61,31
2020-08-21,US,Alabama,Marengo,606,17,0,32.24767634,-87.78796182,1091.0,3212.638498648147,2.8052805280528053,589,597,17,0,580,595,19066,9,0,0,9,2
2020-08-21,US,Alabama,Marion,639,27,0,34.13697363,-87.88704173,1093.0,2150.863374734929,4.225352112676056,612,628,27,0,601,622,29763,11,0,0,11,6
2020-08-21,US,Alabama,Marshall,3376,38,0,34.36975964,-86.30486727,1095.0,3488.540310413953,1.1255924170616114,3338,3326,38,0,3288,3323,96109,50,0,0,50,3
2020-08-21,US,Alabama,Mobile,11442,237,0,30.78472347,-88.20842409,1097.0,2769.052055855376,2.0713162034609334,11205,11329,235,0,11094,11264,413757,113,2,0,111,65
2020-08-21,US,Alabama,Monroe,446,6,0,31.56729412,-87.36995001,1099.0,2151.15998649496,1.345291479820628,440,440,6,0,434,438,21067,6,0,0,6,2
2020-08-21,US,Alabama,Montgomery,7375,156,0,32.2206831,-86.20969272,1101.0,3256.2719108465867,2.115254237288136,7219,7293,156,0,7137,7257,225763,82,0,0,82,36
2020-08-21,US,Alabama,Morgan,2604,22,0,34.45500589,-86.85475946,1103.0,2175.8203193542727,0.8448540706605223,2582,2577,22,0,2555,2577,119089,27,0,0,27,0
2020-08-21,US,Alabama,Perry,464,4,0,32.64048341,-87.29770589,1105.0,5200.044827972655,0.8620689655172413,460,459,4,0,455,460,9140,5,0,0,5,-1
2020-08-21,US,Alabama,Pickens,463,10,0,33.28094866,-88.08818103,1107.0,2323.1309583542397,2.159827213822894,453,461,10,0,451,457,19938,2,0,0,2,4
2020-08-21,US,Alabama,Pike,763,7,0,31.80396383,-85.9408295,1109.0,2304.161381892855,0.9174311926605504,756,753,7,0,746,740,33338,10,0,0,10,13
2020-08-21,US,Alabama,Randolph,425,11,0,33.29526734,-85.45708831,1111.0,1870.4339406742365,2.588235294117647,414,418,11,0,407,417,22725,7,0,0,7,1
2020-08-21,US,Alabama,Russell,1476,2,0,32.28725256,-85.18415324,1113.0,2546.5399147702765,0.13550135501355012,1474,1471,2,0,1469,1462,57781,5,0,0,5,9
2020-08-21,US,Alabama,Shelby,3620,39,0,33.26879845,-86.66232561,1117.0,1662.8234926642845,1.0773480662983426,3581,3582,39,0,3543,3572,215707,38,0,0,38,10
2020-08-21,US,Alabama,St. Clair,1512,23,0,33.71902176,-86.31029372,1115.0,1689.158995441952,1.5211640211640212,1489,1487,23,0,1464,1472,88690,25,0,0,25,15
2020-08-21,US,Alabama,Sumter,387,19,0,32.59117397,-88.19916205,1119.0,3114.186851211073,4.909560723514212,368,380,19,0,361,379,12691,7,0,0,7,1
2020-08-21,US,Alabama,Talladega,1213,15,0,33.37823223,-86.16886178,1121.0,1516.6670834479482,1.2366034624896949,1198,1208,15,0,1193,1190,79828,5,0,0,5,18
2020-08-21,US,Alabama,Tallapoosa,913,79,0,32.86698258,-85.79833053,1123.0,2261.748457898779,8.652792990142387,834,905,78,0,827,901,40497,8,1,0,7,4
2020-08-21,US,Alabama,Tuscaloosa,4708,86,0,33.28726072,-87.52556818,1125.0,2248.811826801366,1.826677994902294,4622,4648,86,0,4562,4617,208911,60,0,0,60,31
2020-08-21,US,Alabama,Unassigned,4966,69,0,0.0,0.0,90001.0,0.0,1.3894482480869916,4897,4966,69,0,4897,4694,,0,0,0,0,272
2020-08-21,US,Alabama,Walker,1696,67,0,33.80270512,-87.30027177,1127.0,2669.983155177028,3.950471698113208,1629,1684,67,0,1617,1658,63711,12,0,0,12,26
2020-08-21,US,Alabama,Washington,480,13,0,31.4092794,-88.20689944,1129.0,2940.095553105476,2.708333333333333,467,477,13,0,464,476,16378,3,0,0,3,1
2020-08-21,US,Alabama,Wilcox,466,10,0,31.98773215,-87.30891118,1131.0,4492.432276101417,2.145922746781116,456,461,10,0,451,458,10627,5,0,0,5,3
2020-08-21,US,Alabama,Winston,497,11,0,34.15030532,-87.37325922,1133.0,2103.347581361885,2.2132796780684103,486,492,11,0,481,488,23660,5,0,0,5,4
2020-08-21,US,Alaska,Aleutians East,2,0,0,55.32222414,-161.9722021,2013.0,59.93407252022774,0.0,2,2,0,0,2,2,3515,0,0,0,0,0
2020-08-21,US,Alaska,Aleutians West,5,0,0,52.3233,-174.1596,2016.0,88.74689385871494,0.0,5,5,0,0,5,5,5723,0,0,0,0,0
2020-08-21,US,Alaska,Anchorage,2623,16,0,61.14998174,-149.14269860000005,2020.0,910.7638888888887,0.6099885627144491,2607,2593,16,0,2577,2551,291538,30,0,0,30,42
2020-08-21,US,Alaska,Bethel,37,0,0,60.90980451,-159.8561831,2050.0,201.2400739693245,0.0,37,37,0,0,37,35,18216,0,0,0,0,2
2020-08-21,US,Alaska,Bristol Bay,11,0,0,58.74513976,-156.701064,2060.0,1315.7894736842104,0.0,11,11,0,0,11,11,877,0,0,0,0,0
2020-08-21,US,Alaska,Denali,1,0,0,63.67264044,-150.0076108,2068.0,47.687172150691474,0.0,1,1,0,0,1,1,2059,0,0,0,0,0
2020-08-21,US,Alaska,Dillingham,5,0,0,59.79603738,-158.23819419999995,2070.0,101.70870626525631,0.0,5,5,0,0,5,5,5000,0,0,0,0,0
2020-08-21,US,Alaska,Fairbanks North Star,537,7,0,64.80726247,-146.5692662,2090.0,554.4713936127373,1.303538175046555,530,528,6,0,522,517,98971,9,1,0,8,11
2020-08-21,US,Alaska,Haines,5,0,0,59.09893571,-135.4679843,2100.0,197.6284584980237,0.0,5,5,0,0,5,5,2474,0,0,0,0,0
2020-08-21,US,Alaska,Juneau,155,1,0,58.45031811,-134.200436,2110.0,484.7688747107025,0.6451612903225806,154,155,1,0,154,150,32113,0,0,0,0,5
2020-08-21,US,Alaska,Kenai Peninsula,388,2,0,60.24429722,-151.53888840000005,2122.0,660.898003679226,0.5154639175257731,386,383,2,0,381,381,58533,5,0,0,5,2
2020-08-21,US,Alaska,Ketchikan Gateway,40,0,0,55.57445008,-130.975561,2130.0,287.7490827997986,0.0,40,41,0,0,41,40,13918,-1,0,0,-1,1
2020-08-21,US,Alaska,Kodiak Island,14,0,0,57.65529415,-153.7493579,2150.0,107.70887828896757,0.0,14,14,0,0,14,12,13345,0,0,0,0,2
2020-08-21,US,Alaska,Kusilvak,8,0,0,62.15429159999999,-163.39678830000003,2158.0,96.22323791195574,0.0,8,8,0,0,8,8,8303,0,0,0,0,0
2020-08-21,US,Alaska,Matanuska-Susitna,411,2,0,62.31305045,-149.5741743,2170.0,379.4418235364717,0.4866180048661801,409,406,2,0,404,396,107610,5,0,0,5,10
2020-08-21,US,Alaska,Nome,30,0,0,64.90320724,-164.0353804,2180.0,299.88004798080766,0.0,30,27,0,0,27,26,10008,3,0,0,3,1
2020-08-21,US,Alaska,North Slope,29,0,0,69.31479216,-153.4836093,2185.0,294.9552481692433,0.0,29,28,0,0,28,26,9872,1,0,0,1,2
2020-08-21,US,Alaska,Northwest Arctic,61,0,0,67.04919196,-159.7503946,2188.0,800.4198924025717,0.0,61,54,0,0,54,51,7671,7,0,0,7,3
2020-08-21,US,Alaska,Petersburg,7,1,0,57.13978948,-132.9540995,2195.0,214.32945499081444,14.285714285714285,6,7,1,0,6,7,3221,0,0,0,0,0
2020-08-21,US,Alaska,Prince of Wales-Hyder,16,0,0,55.76261984,-133.0511621,2198.0,257.93970659358376,0.0,16,16,0,0,16,16,6422,0,0,0,0,0
2020-08-21,US,Alaska,Sitka,34,0,0,57.24124555,-135.3206587,2220.0,400.3296832685741,0.0,34,33,0,0,33,33,8647,1,0,0,1,0
2020-08-21,US,Alaska,Southeast Fairbanks,18,0,0,63.87692095,-143.2127643,2240.0,261.13448425939356,0.0,18,18,0,0,18,18,6918,0,0,0,0,0
2020-08-21,US,Alaska,Unassigned,1,0,0,0.0,0.0,90002.0,0.0,0.0,1,1,0,0,1,1,,0,0,0,0,0
2020-08-21,US,Alaska,Valdez-Cordova,69,0,0,61.47502768,-144.7126799,2261.0,749.8369919582698,0.0,69,65,0,0,65,64,9164,4,0,0,4,1
2020-08-21,US,Alaska,Wrangell,8,0,0,56.3202004,-132.05837309999998,2275.0,319.744204636291,0.0,8,8,0,0,8,8,2503,0,0,0,0,0
2020-08-21,US,Alaska,Yakutat,9,0,0,59.890980799999994,-140.36014509999998,2282.0,1554.4041450777206,0.0,9,9,0,0,9,9,604,0,0,0,0,0
2020-08-21,US,Alaska,Yukon-Koyukuk,64,1,0,65.50815459,-151.39073869999999,2290.0,1223.7093690248566,1.5625,63,60,1,0,59,60,5327,4,0,0,4,0
2020-08-21,US,Arizona,Apache,3283,145,0,35.39465006,-109.4892383,4001.0,4566.8897018932485,4.416692049954309,3138,3277,145,0,3132,3269,71818,6,0,0,6,8
2020-08-21,US,Arizona,Cochise,1780,57,0,31.87934684,-109.7516088,4003.0,1413.5734819967918,3.2022471910112364,1723,1775,57,0,1718,1769,126770,5,0,0,5,6
2020-08-21,US,Arizona,Coconino,3222,121,0,35.83883429,-111.77071780000001,4005.0,2245.6717499790907,3.7554314090626937,3101,3213,121,0,3092,3200,142854,9,0,0,9,13
2020-08-21,US,Arizona,Gila,1060,42,0,33.80190085,-110.8132779,4007.0,1962.3088600096264,3.962264150943396,1018,1033,42,0,991,1021,53889,27,0,0,27,12
2020-08-21,US,Arizona,Graham,651,22,0,32.93166885,-109.8882178,4009.0,1676.2365785204834,3.3794162826420893,629,624,21,0,603,621,38072,27,1,0,26,3
2020-08-21,US,Arizona,Greenlee,57,1,0,33.21498827,-109.2405279,4011.0,600.1263423878711,1.7543859649122806,56,57,1,0,56,57,9483,0,0,0,0,0
2020-08-21,US,Arizona,La Paz,495,13,0,33.72854224,-113.98100290000001,4012.0,2345.0824332006823,2.6262626262626263,482,494,13,0,481,492,21098,1,0,0,1,2
2020-08-21,US,Arizona,Maricopa,131166,2743,0,33.34835867,-112.49181540000001,4013.0,2924.278561577593,2.0912431575255783,128423,130800,2739,0,128061,130384,4410824,366,4,0,362,416
2020-08-21,US,Arizona,Mohave,3468,191,0,35.70471703,-113.7577902,4015.0,1634.4536032915296,5.507497116493656,3277,3454,191,0,3263,3411,209550,14,0,0,14,43
2020-08-21,US,Arizona,Navajo,5489,213,0,35.3997715,-110.3218983,4017.0,4948.433161443872,3.8804882492257238,5276,5477,213,0,5264,5470,110445,12,0,0,12,7
2020-08-21,US,Arizona,Pima,20173,534,0,32.0971334,-111.7890033,4019.0,1926.2297821306452,2.6471025628315075,19639,20139,534,0,19605,20047,1039073,34,0,0,34,92
2020-08-21,US,Arizona,Pinal,9107,176,0,32.90525627,-111.3449483,4021.0,1967.8514398570408,1.9325793345777973,8931,9065,176,0,8889,8989,447138,42,0,0,42,76
2020-08-21,US,Arizona,Santa Cruz,2718,55,0,31.52508998,-110.8479088,4023.0,5845.412705922836,2.0235467255334805,2663,2711,55,0,2656,2709,46511,7,0,0,7,2
2020-08-21,US,Arizona,Yavapai,2221,76,0,34.59933926,-112.5538588,4025.0,944.7083994402358,3.4218820351193155,2145,2197,76,0,2121,2191,231993,24,0,0,24,6
2020-08-21,US,Arizona,Yuma,12009,299,0,32.76895712,-113.90666740000002,4027.0,5617.2732673174705,2.4897993171787824,11710,11964,299,0,11665,11927,212128,45,0,0,45,37
2020-08-21,US,Arkansas,Arkansas,258,2,0,34.29145151,-91.37277296,5001.0,1475.4660871554386,0.7751937984496124,256,256,2,0,254,255,17769,2,0,0,2,1
2020-08-21,US,Arkansas,Ashley,372,7,0,33.19153461,-91.76984709999999,5003.0,1892.4556137762631,1.8817204301075268,365,369,7,0,362,367,20046,3,0,0,3,2
2020-08-21,US,Arkansas,Baxter,102,0,0,36.28784385,-92.33782872,5005.0,243.2509777735381,0.0,102,96,0,0,96,91,41619,6,0,0,6,5
2020-08-21,US,Arkansas,Benton,5046,44,0,36.33644656,-94.25680817,5007.0,1807.688587488044,0.8719778042013476,5002,5000,43,0,4957,4980,272608,46,1,0,45,20
2020-08-21,US,Arkansas,Boone,251,1,0,36.3084504,-93.09374925,5009.0,670.5492626629623,0.398406374501992,250,242,2,0,240,238,37480,9,-1,0,10,4
2020-08-21,US,Arkansas,Bradley,243,4,0,33.46755808,-92.15980837,5011.0,2257.7348322958287,1.6460905349794241,239,233,4,0,229,231,10897,10,0,0,10,2
2020-08-21,US,Arkansas,Calhoun,22,0,0,33.55598792,-92.49974403,5013.0,423.9737907111197,0.0,22,22,0,0,22,22,5277,0,0,0,0,0
2020-08-21,US,Arkansas,Carroll,422,7,0,36.34038560000001,-93.54270261,5015.0,1486.9626497533475,1.6587677725118484,415,409,7,0,402,408,28223,13,0,0,13,1
2020-08-21,US,Arkansas,Chicot,933,9,0,33.26458973,-91.29539209,5017.0,9221.18995848982,0.964630225080386,924,932,9,0,923,931,10438,1,0,0,1,1
2020-08-21,US,Arkansas,Clark,201,3,0,34.04613432,-93.17484713,5019.0,900.5376344086021,1.492537313432836,198,196,2,0,194,196,22061,5,1,0,4,0
2020-08-21,US,Arkansas,Clay,159,5,0,36.36826212,-90.4148172,5021.0,1092.708404920624,3.1446540880503147,154,154,5,0,149,150,14847,5,0,0,5,4
2020-08-21,US,Arkansas,Cleburne,242,5,0,35.53864922,-92.02640019,5023.0,971.1465147076527,2.066115702479338,237,237,5,0,232,233,24965,5,0,0,5,4
2020-08-21,US,Arkansas,Cleveland,127,2,0,33.89723187,-92.18537045,5025.0,1596.279537456008,1.5748031496062993,125,124,2,0,122,124,8018,3,0,0,3,0
2020-08-21,US,Arkansas,Columbia,265,12,0,33.21230701,-93.22642793,5027.0,1129.7267340239587,4.528301886792453,253,255,12,0,243,252,23537,10,0,0,10,3
2020-08-21,US,Arkansas,Conway,184,3,0,35.26205537,-92.70506566,5029.0,882.6633406888611,1.6304347826086956,181,178,3,0,175,175,20891,6,0,0,6,3
2020-08-21,US,Arkansas,Craighead,1621,13,0,35.83018283,-90.63235729,5031.0,1469.2020447377008,0.8019740900678594,1608,1598,13,0,1585,1560,108558,23,0,0,23,38
2020-08-21,US,Arkansas,Crawford,814,6,0,35.58928601,-94.2446814,5033.0,1286.8141075296014,0.7371007371007371,808,790,6,0,784,768,63406,24,0,0,24,22
2020-08-21,US,Arkansas,Crittenden,1554,27,0,35.21247318,-90.30839406,5035.0,3240.538004379105,1.7374517374517375,1527,1530,26,0,1504,1515,48342,24,1,0,23,15
2020-08-21,US,Arkansas,Cross,236,4,0,35.29631396,-90.77185818,5037.0,1437.3591570741214,1.6949152542372878,232,236,4,0,232,233,16676,0,0,0,0,3
2020-08-21,US,Arkansas,Dallas,86,2,0,33.97042763,-92.65167437,5039.0,1226.9938650306751,2.3255813953488373,84,70,2,0,68,70,7182,16,0,0,16,0
2020-08-21,US,Arkansas,Desha,218,4,0,33.83011025,-91.25500948,5041.0,1918.8451720799226,1.834862385321101,214,213,4,0,209,212,11512,5,0,0,5,1
2020-08-21,US,Arkansas,Drew,292,4,0,33.59035001,-91.71777921,5043.0,1602.7224326252813,1.3698630136986298,288,286,3,0,283,283,18328,6,1,0,5,3
2020-08-21,US,Arkansas,Faulkner,1468,7,0,35.14719007,-92.33717519,5045.0,1165.014642043696,0.4768392370572207,1461,1438,7,0,1431,1422,124806,30,0,0,30,16
2020-08-21,US,Arkansas,Franklin,148,2,0,35.51202821,-93.89299569,5047.0,835.4501834603442,1.351351351351351,146,147,2,0,145,147,17810,1,0,0,1,0
2020-08-21,US,Arkansas,Fulton,55,0,0,36.38177105,-91.81729127,5049.0,440.81109241003446,0.0,55,52,0,0,52,51,12269,3,0,0,3,1
2020-08-21,US,Arkansas,Garland,1276,23,0,34.57692074,-93.14921604,5051.0,1283.8830418771256,1.802507836990596,1253,1256,21,0,1235,1233,99154,20,2,0,18,23
2020-08-21,US,Arkansas,Grant,164,0,0,34.29017991,-92.42320562,5053.0,897.8921434437448,0.0,164,159,0,0,159,157,18188,5,0,0,5,2
2020-08-21,US,Arkansas,Greene,570,3,0,36.11735460000001,-90.55832668,5055.0,1257.5841147269718,0.5263157894736842,567,563,3,0,560,559,45325,7,0,0,7,4
2020-08-21,US,Arkansas,Hempstead,294,3,0,33.73325583,-93.66935133,5057.0,1365.409622886866,1.020408163265306,291,284,3,0,281,277,21741,10,0,0,10,7
2020-08-21,US,Arkansas,Hot Spring,1675,15,0,34.31709259,-92.95396325,5059.0,4959.876817387701,0.8955223880597015,1660,1659,14,0,1645,1655,33701,16,1,0,15,4
2020-08-21,US,Arkansas,Howard,386,4,0,34.09007427,-93.9934871,5061.0,2923.799424329647,1.0362694300518134,382,383,3,0,380,380,13341,3,1,0,2,3
2020-08-21,US,Arkansas,Independence,669,3,0,35.74242707,-91.57001641,5063.0,1768.6715135492398,0.4484304932735426,666,651,3,0,648,635,37678,18,0,0,18,16
2020-08-21,US,Arkansas,Izard,72,0,0,36.09604046,-91.90847954,5065.0,528.2852740479858,0.0,72,69,0,0,69,69,13593,3,0,0,3,0
2020-08-21,US,Arkansas,Jackson,160,1,0,35.59802983,-91.21494602,5067.0,956.9950355882527,0.625,159,155,1,0,154,153,16811,5,0,0,5,2
2020-08-21,US,Arkansas,Jefferson,1861,43,0,34.26767081,-91.92619839,5069.0,2784.927570932599,2.3105857066093503,1818,1831,41,0,1790,1776,68114,30,2,0,28,55
2020-08-21,US,Arkansas,Johnson,726,3,0,35.56759135,-93.46036368,5071.0,2731.5825118519074,0.4132231404958678,723,724,3,0,721,717,26742,2,0,0,2,7
2020-08-21,US,Arkansas,Lafayette,65,2,0,33.24116713,-93.60677071,5073.0,981.2801932367148,3.0769230769230766,63,64,2,0,62,63,6682,1,0,0,1,1
2020-08-21,US,Arkansas,Lawrence,239,9,0,36.04188196,-91.10867198,5075.0,1456.7841033768134,3.7656903765690375,230,238,9,0,229,234,16434,1,0,0,1,4
2020-08-21,US,Arkansas,Lee,988,8,0,34.78498904,-90.78383866,5077.0,11155.018629332732,0.8097165991902834,980,986,8,0,978,983,8985,2,0,0,2,3
2020-08-21,US,Arkansas,Lincoln,1371,12,0,33.95317155,-91.74002806,5079.0,10526.719901719902,0.8752735229759301,1359,1360,12,0,1348,1356,13383,11,0,0,11,4
2020-08-21,US,Arkansas,Little River,252,13,0,33.70375665,-94.23468591,5081.0,2055.632596459744,5.158730158730159,239,248,6,0,242,237,12326,4,7,0,-3,11
2020-08-21,US,Arkansas,Logan,344,1,0,35.21413234,-93.71951016,5083.0,1602.5342401937949,0.2906976744186047,343,343,1,0,342,339,21737,1,0,0,1,4
2020-08-21,US,Arkansas,Lonoke,635,2,0,34.75392199,-91.88742357,5085.0,866.1965106603552,0.31496062992125984,633,611,2,0,609,604,73657,24,0,0,24,7
2020-08-21,US,Arkansas,Madison,286,2,0,36.01038185,-93.72524943,5087.0,1725.3861003861005,0.6993006993006993,284,286,2,0,284,284,16481,0,0,0,0,2
2020-08-21,US,Arkansas,Marion,40,0,0,36.26844485,-92.68451899,5089.0,239.60704444710674,0.0,40,38,0,0,38,37,16722,2,0,0,2,1
2020-08-21,US,Arkansas,Miller,552,5,0,33.31403423,-93.89285258,5091.0,1276.0940425827037,0.9057971014492754,547,541,5,0,536,546,43592,11,0,0,11,-5
2020-08-21,US,Arkansas,Mississippi,1231,16,0,35.76271485,-90.05194370000002,5093.0,3028.215788049495,1.2997562956945572,1215,1216,16,0,1200,1196,41239,15,0,0,15,20
2020-08-21,US,Arkansas,Monroe,86,0,0,34.6815935,-91.20540287,5095.0,1283.3905387255636,0.0,86,84,0,0,84,81,6900,2,0,0,2,3
2020-08-21,US,Arkansas,Montgomery,58,2,0,34.53704874,-93.65824478,5097.0,645.4484754061874,3.4482758620689653,56,56,2,0,54,53,8924,2,0,0,2,3
2020-08-21,US,Arkansas,Nevada,151,9,0,33.66340119,-93.30632432,5099.0,1829.8594280174505,5.960264900662253,142,150,9,0,141,147,8326,1,0,0,1,3
2020-08-21,US,Arkansas,Newton,108,15,0,35.91947491,-93.21612969,5101.0,1393.0091577453888,13.888888888888891,93,107,12,0,95,107,7805,1,3,0,-2,0
2020-08-21,US,Arkansas,Ouachita,128,3,0,33.58839816,-92.87795984,5103.0,547.429646736806,2.34375,125,124,3,0,121,120,23606,4,0,0,4,4
2020-08-21,US,Arkansas,Perry,58,0,0,34.945915299999996,-92.94372564,5105.0,554.7584887613582,0.0,58,56,0,0,56,55,10352,2,0,0,2,1
2020-08-21,US,Arkansas,Phillips,370,9,0,34.43268455,-90.84800154,5107.0,2080.755820492633,2.4324324324324325,361,366,9,0,357,360,18029,4,0,0,4,6
2020-08-21,US,Arkansas,Pike,154,1,0,34.16250414,-93.65789349,5109.0,1436.8352304534424,0.6493506493506493,153,151,1,0,150,151,10673,3,0,0,3,0
2020-08-21,US,Arkansas,Poinsett,387,4,0,35.57433534,-90.66268713,5111.0,1644.8486909214553,1.0335917312661498,383,367,4,0,363,358,23974,20,0,0,20,9
2020-08-21,US,Arkansas,Polk,199,2,0,34.48254879,-94.22728802,5113.0,996.794229613304,1.0050251256281406,197,191,2,0,189,186,20049,8,0,0,8,5
2020-08-21,US,Arkansas,Pope,1555,14,0,35.44871474,-93.03212219,5115.0,2426.9571731801725,0.9003215434083601,1541,1520,14,0,1506,1499,64000,35,0,0,35,21
2020-08-21,US,Arkansas,Prairie,113,0,0,34.83624419,-91.55162157,5117.0,1401.6373108409823,0.0,113,112,0,0,112,112,8074,1,0,0,1,0
2020-08-21,US,Arkansas,Pulaski,6436,91,0,34.77054088,-92.31355101,5119.0,1642.2095832982488,1.413921690490988,6345,6341,91,0,6250,6284,392680,95,0,0,95,57
2020-08-21,US,Arkansas,Randolph,287,11,0,36.3415714,-91.02455531,5121.0,1598.1735159817351,3.8327526132404177,276,285,11,0,274,280,17948,2,0,0,2,5
2020-08-21,US,Arkansas,Saline,1352,10,0,34.64916145,-92.67583224,5125.0,1104.2413649468706,0.7396449704142012,1342,1334,10,0,1324,1319,121421,18,0,0,18,15
2020-08-21,US,Arkansas,Scott,84,0,0,34.85588887,-94.0632176,5127.0,817.0411438576014,0.0,84,84,0,0,84,80,10319,0,0,0,0,4
2020-08-21,US,Arkansas,Searcy,45,0,0,35.9109364,-92.69936482,5129.0,570.9935287400076,0.0,45,39,0,0,39,37,7958,6,0,0,6,2
2020-08-21,US,Arkansas,Sebastian,2622,27,0,35.19605503,-94.27162713,5131.0,2051.2098382970735,1.0297482837528604,2595,2583,27,0,2556,2552,127753,39,0,0,39,31
2020-08-21,US,Arkansas,Sevier,1109,12,0,33.99780401,-94.2424869,5133.0,6520.844358205445,1.0820559062218214,1097,1086,11,0,1075,1079,17139,23,1,0,22,7
2020-08-21,US,Arkansas,Sharp,132,5,0,36.16258158,-91.47819342,5135.0,756.7939456484347,3.787878787878788,127,130,5,0,125,128,17366,2,0,0,2,2
2020-08-21,US,Arkansas,St. Francis,1258,3,0,35.02201976,-90.74828138,5123.0,5033.207969912779,0.2384737678855326,1255,1252,3,0,1249,1245,25439,6,0,0,6,7
2020-08-21,US,Arkansas,Stone,143,1,0,35.86251946,-92.15684085,5137.0,1143.4511434511435,0.6993006993006993,142,113,1,0,112,98,12457,30,0,0,30,15
2020-08-21,US,Arkansas,Unassigned,805,0,0,0.0,0.0,90005.0,0.0,0.0,805,774,0,0,774,786,,31,0,0,31,-12
2020-08-21,US,Arkansas,Union,612,21,0,33.16887091,-92.59746952,5139.0,1582.1312238250348,3.431372549019608,591,597,21,0,576,589,39126,15,0,0,15,8
2020-08-21,US,Arkansas,Van Buren,74,2,0,35.58095779,-92.51295036,5141.0,447.265034753702,2.702702702702702,72,70,2,0,68,64,16603,4,0,0,4,6
2020-08-21,US,Arkansas,Washington,6582,53,0,35.976844,-94.21800746,5143.0,2751.821796335085,0.8052263749620177,6529,6517,53,0,6464,6507,236961,65,0,0,65,10
2020-08-21,US,Arkansas,White,439,7,0,35.25688493,-91.74908296,5145.0,557.4390816857772,1.5945330296127562,432,422,5,0,417,412,78727,17,2,0,15,10
2020-08-21,US,Arkansas,Woodruff,26,0,0,35.18902527,-91.2439489,5147.0,411.39240506329116,0.0,26,26,0,0,26,26,6490,0,0,0,0,0
2020-08-21,US,Arkansas,Yell,1104,20,0,35.00292371,-93.41171338,5149.0,5173.140902488169,1.8115942028985508,1084,1100,20,0,1080,1097,21535,4,0,0,4,3
2020-08-21,US,California,Alameda,16469,237,0,37.64629437,-121.8929271,6001.0,985.3834882300254,1.4390673386362256,16232,16184,231,0,15953,15836,1666753,285,6,0,279,348
2020-08-21,US,California,Alpine,2,0,0,38.59678594,-119.82235940000001,6003.0,177.14791851195747,0.0,2,2,0,0,2,2,1101,0,0,0,0,0
2020-08-21,US,California,Amador,264,13,0,38.44583082,-120.65696000000001,6005.0,664.1175286778024,4.924242424242424,251,262,13,0,249,262,39383,2,0,0,2,0
2020-08-21,US,California,Butte,1549,17,0,39.66727762,-121.6005252,6007.0,706.7057202558557,1.0974822466107166,1532,1517,14,0,1503,1494,231256,32,3,0,29,23
2020-08-21,US,California,Calaveras,181,1,0,38.20537103,-120.55291299999999,6009.0,394.2925607232328,0.5524861878453039,180,181,1,0,180,181,45602,0,0,0,0,0
2020-08-21,US,California,Colusa,418,5,0,39.17881957,-122.2331726,6011.0,1939.9452359957306,1.1961722488038278,413,421,5,0,416,421,21627,-3,0,0,-3,0
2020-08-21,US,California,Contra Costa,12108,161,0,37.91923498,-121.9289527,6013.0,1049.651243231622,1.3296993723158244,11947,11895,158,0,11737,11886,1150215,213,3,0,210,9
2020-08-21,US,California,Del Norte,114,1,0,41.74228275,-123.89740630000001,6015.0,409.8950093484827,0.8771929824561403,113,112,1,0,111,112,27828,2,0,0,2,0
2020-08-21,US,California,El Dorado,885,2,0,38.77965956,-120.5233166,6017.0,458.9225432087242,0.2259887005649717,883,877,2,0,875,877,190678,8,0,0,8,0
2020-08-21,US,California,Fresno,22535,208,0,36.75733899,-119.6466953,6019.0,2255.527719419759,0.9230086532061238,22327,22167,208,0,21959,21798,994400,368,0,0,368,369
2020-08-21,US,California,Glenn,424,3,0,39.59875897,-122.3938452,6021.0,1493.325819744303,0.7075471698113207,421,423,3,0,420,423,28047,1,0,0,1,0
2020-08-21,US,California,Humboldt,345,4,0,40.69923009,-123.876044,6023.0,254.50360731199933,1.1594202898550725,341,342,4,0,338,333,136373,3,0,0,3,9
2020-08-21,US,California,Imperial,10366,269,0,33.0393082,-115.36690420000001,6025.0,5720.2770190105675,2.5950221879220527,10097,10325,266,0,10059,10304,181827,41,3,0,38,21
2020-08-21,US,California,Inyo,158,9,0,36.51112084,-117.41119779999998,6027.0,875.8800376961029,5.69620253164557,149,149,9,0,140,149,17987,9,0,0,9,0
2020-08-21,US,California,Kern,27378,229,0,35.34329425,-118.72777959999999,6029.0,3041.3173932073023,0.8364380159251954,27149,27184,228,0,26956,27184,896764,194,1,0,193,0
2020-08-21,US,California,Kings,5659,68,0,36.07409056,-119.8159973,6031.0,3700.1438472603636,1.2016257289273724,5591,5631,68,0,5563,5631,151366,28,0,0,28,0
2020-08-21,US,California,Lake,282,3,0,39.10124298,-122.75362439999999,6033.0,437.98341254309935,1.0638297872340423,279,281,3,0,278,281,64382,1,0,0,1,0
2020-08-21,US,California,Lassen,703,0,0,40.67311306,-120.59350990000002,6035.0,2299.4145160762764,0.0,703,703,0,0,703,703,30802,0,0,0,0,0
2020-08-21,US,California,Los Angeles,229054,5491,0,34.30828379,-118.22824109999999,6037.0,2281.6172793058186,2.3972513031861484,223563,227346,5446,0,221900,225827,10105518,1708,45,0,1663,1519
2020-08-21,US,California,Madera,3339,49,0,37.21513971,-119.76655890000002,6039.0,2122.3311955354134,1.4675052410901468,3290,3278,49,0,3229,3236,157672,61,0,0,61,42
2020-08-21,US,California,Marin,5852,84,0,38.07122463,-122.72106310000001,6041.0,2260.9784179332833,1.4354066985645932,5768,5832,83,0,5749,5832,259666,20,1,0,19,0
2020-08-21,US,California,Mariposa,69,2,0,37.57978556,-119.9073334,6043.0,401.09283264546883,2.898550724637681,67,69,2,0,67,69,17471,0,0,0,0,0
2020-08-21,US,California,Mendocino,584,14,0,39.4381191,-123.39113130000001,6045.0,673.2066075689634,2.3972602739726026,570,579,13,0,566,579,87606,5,1,0,4,0
2020-08-21,US,California,Merced,7334,99,0,37.18922369,-120.72090349999999,6047.0,2641.169691731489,1.349877283883283,7235,7229,97,0,7132,7229,274765,105,2,0,103,0
2020-08-21,US,California,Modoc,5,0,0,41.58965602,-120.7244817,6049.0,56.55468838366701,0.0,5,5,0,0,5,5,8777,0,0,0,0,0
2020-08-21,US,California,Mono,162,2,0,37.93899289,-118.8872409,6051.0,1121.5729714760457,1.2345679012345678,160,162,2,0,160,161,14250,0,0,0,0,1
2020-08-21,US,California,Monterey,6892,49,0,36.21862405,-121.24133970000001,6053.0,1587.7952637993274,0.7109692396982008,6843,6785,47,0,6738,6785,435594,107,2,0,105,0
2020-08-21,US,California,Napa,1306,13,0,38.50735751,-122.33283899999999,6055.0,948.1356719711928,0.9954058192955588,1293,1293,13,0,1280,1282,139417,13,0,0,13,11
2020-08-21,US,California,Nevada,401,3,0,39.30394768,-120.76272809999999,6057.0,401.9848629141396,0.7481296758104738,398,398,2,0,396,394,99696,3,1,0,2,4
2020-08-21,US,California,Orange,45308,882,0,33.70147516,-117.76459979999998,6059.0,1426.7126660897845,1.9466760836938288,44426,44936,856,0,44080,44507,3185968,372,26,0,346,429
2020-08-21,US,California,Placer,2705,30,0,39.06167234,-120.72405690000001,6061.0,679.0868854640261,1.1090573012939002,2675,2689,30,0,2659,2663,393149,16,0,0,16,26
2020-08-21,US,California,Plumas,40,0,0,40.00355989,-120.8395236,6063.0,212.6867655660127,0.0,40,40,0,0,40,40,18804,0,0,0,0,0
2020-08-21,US,California,Riverside,49482,927,0,33.74314981,-115.9933578,6065.0,2002.8770968037024,1.8734085121862496,48555,48956,922,0,48034,48630,2450758,526,5,0,521,326
2020-08-21,US,California,Sacramento,15246,234,0,38.45106826,-121.34253740000001,6067.0,982.3086508365022,1.5348288075560803,15012,14764,230,0,14534,14760,1540975,482,4,0,478,4
2020-08-21,US,California,San Benito,918,7,0,36.60308176,-121.069975,6069.0,1461.5972487581198,0.7625272331154684,911,902,7,0,895,872,61537,16,0,0,16,30
2020-08-21,US,California,San Bernardino,43943,629,0,34.84060306,-116.1774685,6071.0,2015.6553528876168,1.4313997678811188,43314,43469,625,0,42844,42947,2171603,474,4,0,470,522
2020-08-21,US,California,San Diego,35912,652,0,33.03484597,-116.73653259999999,6073.0,1075.7474545656062,1.8155491200712852,35260,35608,644,0,34964,35376,3343364,304,8,0,296,232
2020-08-21,US,California,San Francisco,8702,72,0,37.75215114,-122.43856720000001,6075.0,987.1260701333676,0.8273960009193289,8630,8611,72,0,8539,8528,883305,91,0,0,91,83
2020-08-21,US,California,San Joaquin,15778,295,0,37.93433732,-121.2730061,6077.0,2070.2015881429847,1.8696919761693496,15483,15677,288,0,15389,15379,752660,101,7,0,94,298
2020-08-21,US,California,San Luis Obispo,2613,20,0,35.38822029,-120.4039028,6079.0,922.9595459024904,0.7654037504783774,2593,2579,20,0,2559,2579,284010,34,0,0,34,0
2020-08-21,US,California,San Mateo,7472,128,0,37.422880799999994,-122.32755459999998,6081.0,974.727781959448,1.7130620985010707,7344,7382,127,0,7255,7321,769545,90,1,0,89,61
2020-08-21,US,California,Santa Barbara,7578,84,0,34.65329488,-120.0188492,6083.0,1697.2042490576687,1.1084718923198733,7494,7508,82,0,7426,7508,446527,70,2,0,68,0
2020-08-21,US,California,Santa Clara,15496,222,0,37.23104908,-121.6970462,6085.0,803.7961420275003,1.4326277749096539,15274,15258,217,0,15041,15085,1937570,238,5,0,233,173
2020-08-21,US,California,Santa Cruz,1605,7,0,37.05580291,-122.0066524,6087.0,587.4537448803679,0.4361370716510904,1598,1569,7,0,1562,1546,274255,36,0,0,36,23
2020-08-21,US,California,Shasta,531,11,0,40.76391419,-122.0396884,6089.0,294.86894713460686,2.071563088512241,520,521,11,0,510,515,180040,10,0,0,10,6
2020-08-21,US,California,Sierra,6,0,0,39.57713498,-120.52007009999998,6091.0,199.6672212978369,0.0,6,6,0,0,6,6,2987,0,0,0,0,0
2020-08-21,US,California,Siskiyou,115,0,0,41.59198861,-122.54074340000001,6093.0,264.1310089804544,0.0,115,114,0,0,114,114,43724,1,0,0,1,0
2020-08-21,US,California,Solano,5048,44,0,38.26827353,-121.9357113,6095.0,1127.6843377423527,0.8716323296354992,5004,5006,44,0,4962,4943,446610,42,0,0,42,63
2020-08-21,US,California,Sonoma,4942,70,0,38.52746429,-122.88625060000001,6097.0,999.724883480062,1.4164305949008498,4872,4863,70,0,4793,4779,499942,79,0,0,79,84
2020-08-21,US,California,Stanislaus,13120,226,0,37.55862499,-120.9970722,6099.0,2382.595430937421,1.7225609756097562,12894,13084,223,0,12861,12935,549815,36,3,0,33,149
2020-08-21,US,California,Sutter,1213,7,0,39.03417539,-121.6945899,6101.0,1250.8894411731344,0.5770816158285244,1206,1186,7,0,1179,1186,96807,27,0,0,27,0
2020-08-21,US,California,Tehama,352,1,0,40.12570935,-122.23701709999999,6103.0,540.8395304529531,0.2840909090909091,351,342,1,0,341,340,63916,10,0,0,10,2
2020-08-21,US,California,Trinity,8,0,0,40.64917670000001,-123.114713,6105.0,65.12006512006512,0.0,8,8,0,0,8,8,12535,0,0,0,0,0
2020-08-21,US,California,Tulare,13022,208,0,36.22026558,-118.8020203,6107.0,2793.251750876779,1.5972968821993552,12814,12836,208,0,12628,12836,465861,186,0,0,186,0
2020-08-21,US,California,Tuolumne,170,2,0,38.02644018,-119.95250929999999,6109.0,312.0525716803113,1.1764705882352942,168,166,2,0,164,166,54539,4,0,0,4,0
2020-08-21,US,California,Ventura,9744,101,0,34.44465746,-119.09106129999999,6111.0,1151.764881100134,1.0365353037766831,9643,9587,98,0,9489,9490,850967,157,3,0,154,97
2020-08-21,US,California,Yolo,2164,47,0,38.68278902,-121.90182879999999,6113.0,981.40589569161,2.1719038817005547,2117,2147,47,0,2100,2118,220408,17,0,0,17,29
2020-08-21,US,California,Yuba,829,4,0,39.26255932,-121.35356440000001,6115.0,1053.7956983779936,0.4825090470446321,825,821,4,0,817,821,78041,8,0,0,8,0
2020-08-21,US,Colorado,Adams,7021,189,0,39.87432092,-104.3362578,8001.0,1356.9221195119642,2.6491952713288707,6832,7021,186,0,6835,6967,511868,0,3,0,-3,54
2020-08-21,US,Colorado,Alamosa,235,9,0,37.57250606,-105.7885451,8003.0,1447.6683299451736,3.8297872340425534,226,235,9,0,226,235,16683,0,0,0,0,0
2020-08-21,US,Colorado,Arapahoe,7706,364,0,39.64977461,-104.3353617,8005.0,1173.6395619793175,4.7235920062289125,7342,7706,364,0,7342,7669,651215,0,0,0,0,37
2020-08-21,US,Colorado,Archuleta,43,0,0,37.19474156,-107.04768670000001,8007.0,306.50794782236795,0.0,43,43,0,0,43,42,13765,0,0,0,0,1
2020-08-21,US,Colorado,Baca,15,0,0,37.31940883,-102.5603223,8009.0,418.8774085450991,0.0,15,15,0,0,15,15,3585,0,0,0,0,0
2020-08-21,US,Colorado,Bent,11,0,0,37.95474293,-103.0720195,8011.0,197.23865877712032,0.0,11,11,0,0,11,11,5882,0,0,0,0,0
2020-08-21,US,Colorado,Boulder,2184,79,0,40.09313619,-105.3546767,8013.0,669.5361071257771,3.571428571428572,2105,2184,78,0,2106,2166,326078,0,1,0,-1,18
2020-08-21,US,Colorado,Broomfield,505,32,0,39.95998787,-105.0566324,8014.0,716.66784928688,6.336633663366338,473,505,32,0,473,498,69267,0,0,0,0,7
2020-08-21,US,Colorado,Chaffee,306,19,0,38.74745778,-106.19265729999998,8015.0,1503.2422872863035,6.209150326797387,287,306,19,0,287,305,20027,0,0,0,0,1
2020-08-21,US,Colorado,Cheyenne,9,0,0,38.82777431,-102.6032558,8017.0,491.53468050245766,0.0,9,9,0,0,9,9,1876,0,0,0,0,0
2020-08-21,US,Colorado,Clear Creek,31,1,0,39.68864463,-105.6463118,8019.0,319.5876288659793,3.2258064516129035,30,31,1,0,30,31,9605,0,0,0,0,0
2020-08-21,US,Colorado,Conejos,29,0,0,37.201606,-106.19174879999998,8021.0,353.4430225472273,0.0,29,29,0,0,29,30,8200,0,0,0,0,-1
2020-08-21,US,Colorado,Costilla,26,0,0,37.27732493,-105.4276548,8023.0,668.8963210702342,0.0,26,26,0,0,26,25,3828,0,0,0,0,1
2020-08-21,US,Colorado,Crowley,73,1,0,38.32608609,-103.7844965,8025.0,1204.4217125886814,1.3698630136986298,72,73,1,0,72,73,5858,0,0,0,0,0
2020-08-21,US,Colorado,Custer,13,0,0,38.10883162,-105.3683478,8027.0,256.5114443567482,0.0,13,13,0,0,13,13,4954,0,0,0,0,0
2020-08-21,US,Colorado,Delta,140,1,0,38.86246243,-107.86313419999999,8029.0,449.2651306077916,0.7142857142857143,139,140,1,0,139,138,30953,0,0,0,0,2
2020-08-21,US,Colorado,Denver,10732,422,0,39.76018276,-104.87256950000001,8031.0,1475.775256424889,3.922847558702944,10310,10732,421,0,10311,10691,716492,0,1,0,-1,41
2020-08-21,US,Colorado,Dolores,2,0,0,37.75208676,-108.5211585,8033.0,97.32360097323601,0.0,2,2,0,0,2,2,2074,0,0,0,0,0
2020-08-21,US,Colorado,Douglas,1876,59,0,39.33133796,-104.930001,8035.0,534.2385392164122,3.14498933901919,1817,1876,59,0,1817,1862,342776,0,0,0,0,14
2020-08-21,US,Colorado,Eagle,1158,9,0,39.62754308,-106.6933637,8037.0,2100.6040597166543,0.7772020725388601,1149,1158,9,0,1149,1157,54993,0,0,0,0,1
2020-08-21,US,Colorado,El Paso,5622,149,0,38.83240149,-104.5251411,8041.0,780.3965280544362,2.614727854855923,5473,5622,147,0,5475,5567,713856,0,2,0,-2,55
2020-08-21,US,Colorado,Elbert,117,2,0,39.28656773,-104.13587209999999,8039.0,437.72681357327247,1.709401709401709,115,117,2,0,115,115,26282,0,0,0,0,2
2020-08-21,US,Colorado,Fremont,143,0,0,38.47362326,-105.43996670000001,8043.0,298.9192917912164,0.0,143,143,0,0,143,143,48021,0,0,0,0,0
2020-08-21,US,Colorado,Garfield,807,4,0,39.59921777,-107.902708,8045.0,1343.6339721283362,0.4956629491945477,803,807,4,0,803,805,59770,0,0,0,0,2
2020-08-21,US,Colorado,Gilpin,17,0,0,39.85646523,-105.5252597,8047.0,272.30498157936887,0.0,17,17,0,0,17,17,6121,0,0,0,0,0
2020-08-21,US,Colorado,Grand,56,1,0,40.10603347,-106.11780420000001,8049.0,355.91712215584084,1.7857142857142858,55,56,1,0,55,56,15525,0,0,0,0,0
2020-08-21,US,Colorado,Gunnison,281,7,0,38.66611652,-107.0320729,8051.0,1609.208567174436,2.491103202846975,274,281,7,0,274,280,17246,0,0,0,0,1
2020-08-21,US,Colorado,Hinsdale,3,0,0,37.82247444,-107.3004345,8053.0,365.8536585365854,0.0,3,3,0,0,3,3,811,0,0,0,0,0
2020-08-21,US,Colorado,Huerfano,8,1,0,37.68473101,-104.9612585,8055.0,115.99246049006815,12.5,7,8,1,0,7,8,6889,0,0,0,0,0
2020-08-21,US,Colorado,Jackson,9,0,0,40.66593870000001,-106.3408905,8057.0,646.5517241379309,0.0,9,9,0,0,9,9,1399,0,0,0,0,0
2020-08-21,US,Colorado,Jefferson,4501,234,0,39.58635604,-105.2517692,8059.0,772.198785000712,5.198844701177516,4267,4501,234,0,4267,4475,580233,0,0,0,0,26
2020-08-21,US,Colorado,Kit Carson,68,3,0,39.30497777,-102.60221990000001,8063.0,958.1513315485415,4.411764705882354,65,68,3,0,65,68,7163,0,0,0,0,0
2020-08-21,US,Colorado,La Plata,229,2,0,37.28632032,-107.8429014,8067.0,407.3211077711176,0.8733624454148472,227,229,2,0,227,229,56310,0,0,0,0,0
2020-08-21,US,Colorado,Lake,79,0,0,39.20278823,-106.35556969999999,8065.0,972.0684139288793,0.0,79,79,0,0,79,79,7824,0,0,0,0,0
2020-08-21,US,Colorado,Larimer,1746,37,0,40.66671597,-105.4625784,8069.0,489.2140353433325,2.119129438717068,1709,1746,37,0,1709,1725,350518,0,0,0,0,21
2020-08-21,US,Colorado,Las Animas,19,0,0,37.3153406,-104.03764579999999,8071.0,130.98028402040538,0.0,19,19,0,0,19,19,14503,0,0,0,0,0
2020-08-21,US,Colorado,Lincoln,8,0,0,38.98749519,-103.51366490000001,8073.0,140.3262585511314,0.0,8,8,0,0,8,8,5610,0,0,0,0,0
2020-08-21,US,Colorado,Logan,659,5,0,40.7249637,-103.110817,8075.0,2940.782721228078,0.7587253414264037,654,659,5,0,654,658,21528,0,0,0,0,1
2020-08-21,US,Colorado,Mesa,372,5,0,39.01787888,-108.469799,8077.0,241.2294922508268,1.3440860215053765,367,372,5,0,367,371,153207,0,0,0,0,1
2020-08-21,US,Colorado,Mineral,18,0,0,37.66954283,-106.92816979999999,8079.0,2340.702210663199,0.0,18,18,0,0,18,18,776,0,0,0,0,0
2020-08-21,US,Colorado,Moffat,33,1,0,40.61810999,-108.2070876,8081.0,248.43785289467738,3.0303030303030303,32,33,1,0,32,33,13188,0,0,0,0,0
2020-08-21,US,Colorado,Montezuma,117,5,0,37.33859579,-108.59588570000001,8083.0,446.8548294695031,4.2735042735042725,112,117,5,0,112,117,26158,0,0,0,0,0
2020-08-21,US,Colorado,Montrose,329,13,0,38.40214114,-108.26390220000002,8085.0,769.4466532578699,3.951367781155015,316,329,13,0,316,328,42214,0,0,0,0,1
2020-08-21,US,Colorado,Morgan,702,47,0,40.26279810000001,-103.8093302,8087.0,2415.026833631485,6.695156695156696,655,702,47,0,655,701,28558,0,0,0,0,1
2020-08-21,US,Colorado,Otero,79,6,0,37.9014485,-103.7173385,8089.0,432.21359010832697,7.594936708860758,73,79,6,0,73,79,18432,0,0,0,0,0
2020-08-21,US,Colorado,Ouray,13,1,0,38.14717457,-107.7675136,8091.0,262.52019386106616,7.6923076923076925,12,13,1,0,12,13,4833,0,0,0,0,0
2020-08-21,US,Colorado,Park,42,1,0,39.120926000000004,-105.7182065,8093.0,222.870788007429,2.380952380952381,41,42,1,0,41,42,18556,0,0,0,0,0
2020-08-21,US,Colorado,Phillips,19,0,0,40.59414277,-102.3577703,8095.0,445.48651817116064,0.0,19,19,0,0,19,19,4286,0,0,0,0,0
2020-08-21,US,Colorado,Pitkin,191,2,0,39.21720112,-106.9310027,8097.0,1075.0267349580683,1.0471204188481675,189,191,2,0,189,190,17950,0,0,0,0,1
2020-08-21,US,Colorado,Prowers,76,0,0,37.95544985,-102.3926052,8099.0,624.3838317449885,0.0,76,76,0,0,76,70,12164,0,0,0,0,6
2020-08-21,US,Colorado,Pueblo,779,34,0,38.17359144,-104.5127437,8101.0,462.5231558447727,4.364569961489089,745,779,34,0,745,770,167529,0,0,0,0,9
2020-08-21,US,Colorado,Rio Blanco,20,0,0,39.97913541,-108.2179009,8103.0,316.25553447185325,0.0,20,20,0,0,20,20,6336,0,0,0,0,0
2020-08-21,US,Colorado,Rio Grande,93,2,0,37.5836865,-106.3847838,8105.0,825.4193662909381,2.150537634408602,91,93,2,0,91,93,11250,0,0,0,0,0
2020-08-21,US,Colorado,Routt,131,8,0,40.48596505,-106.9905548,8107.0,510.9602933146112,6.106870229007634,123,131,8,0,123,129,25733,0,0,0,0,2
2020-08-21,US,Colorado,Saguache,108,2,0,38.08054629,-106.28246599999999,8109.0,1582.6494724501758,1.851851851851852,106,108,2,0,106,108,6843,0,0,0,0,0
2020-08-21,US,Colorado,San Juan,2,0,0,37.76248981,-107.67632890000002,8111.0,274.72527472527474,0.0,2,2,0,0,2,2,762,0,0,0,0,0
2020-08-21,US,Colorado,San Miguel,93,0,0,38.00450883,-108.4020725,8113.0,1137.0583200880305,0.0,93,93,0,0,93,93,8191,0,0,0,0,0
2020-08-21,US,Colorado,Sedgwick,11,1,0,40.87595412,-102.3519227,8115.0,489.32384341637015,9.090909090909092,10,11,1,0,10,11,2303,0,0,0,0,0
2020-08-21,US,Colorado,Summit,346,4,0,39.63803232,-106.1150762,8117.0,1115.7331269549516,1.1560693641618498,342,346,4,0,342,346,31007,0,0,0,0,0
2020-08-21,US,Colorado,Teller,149,3,0,38.88133511,-105.16148929999999,8119.0,586.89144477706,2.0134228187919465,146,149,3,0,146,147,25083,0,0,0,0,2
2020-08-21,US,Colorado,Washington,51,0,0,39.97015535,-103.202587,8121.0,1039.119804400978,0.0,51,51,0,0,51,51,4909,0,0,0,0,0
2020-08-21,US,Colorado,Weld,3887,145,0,40.55499405,-104.39296209999999,8123.0,1197.872366653107,3.730383329045536,3742,3887,145,0,3742,3865,314305,0,0,0,0,22
2020-08-21,US,Colorado,Yuma,63,0,0,40.00346839,-102.4258673,8125.0,628.8052699870246,0.0,63,63,0,0,63,63,10020,0,0,0,0,0
2020-08-21,US,Connecticut,Fairfield,18434,1411,0,41.26809896,-73.3881171,9001.0,1954.137037649523,7.6543343821199965,17023,18401,1410,0,16991,18347,943823,33,1,0,32,54
2020-08-21,US,Connecticut,Hartford,13002,1422,0,41.80283011,-72.73103891,9003.0,1458.0810119768537,10.936778957083526,11580,12978,1420,0,11558,12956,892697,24,2,0,22,22
2020-08-21,US,Connecticut,Litchfield,1645,139,0,41.7937534,-73.2451475,9005.0,912.20131645345,8.449848024316111,1506,1642,139,0,1503,1638,181111,3,0,0,3,4
2020-08-21,US,Connecticut,Middlesex,1426,192,0,41.45949668,-72.53714864,9007.0,877.8842128592185,13.46423562412342,1234,1425,192,0,1233,1425,162682,1,0,0,1,0
2020-08-21,US,Connecticut,New Haven,13442,1111,0,41.408032500000004,-72.93620426,9009.0,1572.610695203432,8.265139116202946,12331,13422,1111,0,12311,13388,857620,20,0,0,20,34
2020-08-21,US,Connecticut,New London,1505,105,0,41.48896435,-72.10430976,9011.0,567.4833902702052,6.9767441860465125,1400,1503,106,0,1397,1499,266784,2,-1,0,3,4
2020-08-21,US,Connecticut,Tolland,1083,65,0,41.85853803,-72.3308481,9013.0,718.5461879897293,6.001846722068329,1018,1082,65,0,1017,1081,150921,1,0,0,1,1
2020-08-21,US,Connecticut,Unassigned,214,0,0,0.0,0.0,90009.0,0.0,0.0,214,212,0,0,212,213,,2,0,0,2,-1
2020-08-21,US,Connecticut,Windham,768,15,0,41.82972709,-71.98182316,9015.0,657.6355945265537,1.953125,753,767,15,0,752,767,117027,1,0,0,1,0
2020-08-21,US,Delaware,Kent,2529,109,0,39.08646628,-75.56884914,10001.0,1398.8915070857254,4.3100039541320685,2420,2525,109,0,2416,2505,178550,4,0,0,4,20
2020-08-21,US,Delaware,New Castle,7737,297,0,39.57992638,-75.64054974,10003.0,1384.6905519970362,3.8386971694455214,7440,7705,292,0,7413,7661,559335,32,5,0,27,44
2020-08-21,US,Delaware,Sussex,6235,194,0,38.66143781,-75.39031349,10005.0,2661.9703276763794,3.111467522052927,6041,6221,194,0,6027,6213,229286,14,0,0,14,8
2020-08-21,US,Delaware,Unassigned,269,0,0,0.0,0.0,90010.0,0.0,0.0,269,267,0,0,267,264,,2,0,0,2,3
2020-08-21,US,District of Columbia,District of Columbia,13469,602,0,38.90417773,-77.01655992,11001.0,1908.4688749116187,4.4695226074690035,12867,13409,601,0,12808,13354,702455,60,1,0,59,55
2020-08-21,US,Florida,Alachua,4865,31,0,29.67866525,-82.35928158,12001.0,1808.2611329787435,0.6372045220966084,4834,4813,31,0,4782,4759,269956,52,0,0,52,54
2020-08-21,US,Florida,Baker,1108,4,0,30.33060121,-82.28467476,12003.0,3793.221499486477,0.36101083032490977,1104,1098,4,0,1094,1088,28355,10,0,0,10,10
2020-08-21,US,Florida,Bay,5058,69,0,30.26548745,-85.62122584,12005.0,2895.166137202713,1.3641755634638195,4989,5003,69,0,4934,4938,185287,55,0,0,55,65
2020-08-21,US,Florida,Bradford,618,4,0,29.95079741,-82.16611613,12007.0,2191.4116520690754,0.6472491909385113,614,613,4,0,609,589,27732,5,0,0,5,24
2020-08-21,US,Florida,Brevard,6797,194,0,28.29409504,-80.73091022,12009.0,1129.178558731572,2.8542003825217006,6603,6753,192,0,6561,6667,596849,44,2,0,42,86
2020-08-21,US,Florida,Broward,68542,1068,0,26.15184651,-80.48725556,12011.0,3509.9739960200295,1.558168714073123,67474,68068,1051,0,67017,67534,1951260,474,17,0,457,534
2020-08-21,US,Florida,Calhoun,531,8,0,30.40666734,-85.19394153,12013.0,3764.622474299894,1.5065913370998116,523,517,8,0,509,511,14587,14,0,0,14,6
2020-08-21,US,Florida,Charlotte,2462,107,0,26.90131002,-81.92949121,12015.0,1303.2661055529088,4.346060113728677,2355,2435,106,0,2329,2415,184998,27,1,0,26,20
2020-08-21,US,Florida,Citrus,1908,46,0,28.84804315,-82.47614748,12017.0,1274.9153063338167,2.4109014675052407,1862,1882,46,0,1836,1834,147929,26,0,0,26,48
2020-08-21,US,Florida,Clay,3609,70,0,29.98319144,-81.85609986,12019.0,1646.0511192600295,1.939595455804932,3539,3580,72,0,3508,3538,216072,29,-2,0,31,42
2020-08-21,US,Florida,Collier,11144,162,0,26.11091986,-81.34687065,12021.0,2895.282435529044,1.453697056712132,10982,11095,161,0,10934,11016,378488,49,1,0,48,79
2020-08-21,US,Florida,Columbia,3158,31,0,30.22509788,-82.62160164,12023.0,4405.323215132662,0.9816339455351488,3127,3125,31,0,3094,3095,70503,33,0,0,33,30
2020-08-21,US,Florida,DeSoto,1443,21,0,27.18677893,-81.80941373,12027.0,3797.268492934397,1.4553014553014554,1422,1438,21,0,1417,1426,37489,5,0,0,5,12
2020-08-21,US,Florida,Dixie,643,4,0,29.60631086,-83.15724673,12029.0,3821.466777606086,0.6220839813374806,639,625,4,0,621,621,16700,18,0,0,18,4
2020-08-21,US,Florida,Duval,25316,235,0,30.33225875,-81.66976468,12031.0,2643.2647180124354,0.9282667088007585,25081,25117,232,0,24885,24966,950181,199,3,0,196,151
2020-08-21,US,Florida,Escambia,10684,171,0,30.67652764,-87.37284571,12033.0,3356.413124065394,1.600524148259079,10513,10595,170,0,10425,10499,315534,89,1,0,88,96
2020-08-21,US,Florida,Flagler,1214,15,0,29.45933576,-81.31508595,12035.0,1054.9091509458556,1.2355848434925865,1199,1194,15,0,1179,1181,112067,20,0,0,20,13
2020-08-21,US,Florida,Franklin,498,3,0,29.83791238,-84.82731662,12037.0,4107.216494845361,0.6024096385542169,495,485,3,0,482,480,11736,13,0,0,13,5
2020-08-21,US,Florida,Gadsden,2111,29,0,30.57796289,-84.61915825,12039.0,4623.302671922907,1.3737565135007106,2082,2085,29,0,2056,2068,45894,26,0,0,26,17
2020-08-21,US,Florida,Gilchrist,428,9,0,29.72856978,-82.79880657,12041.0,2303.3042729523195,2.102803738317757,419,420,9,0,411,420,18256,8,0,0,8,0
2020-08-21,US,Florida,Glades,440,3,0,26.95635849,-81.18996211,12043.0,3185.8663384258925,0.6818181818181818,437,432,3,0,429,425,13724,8,0,0,8,7
2020-08-21,US,Florida,Gulf,782,7,0,29.93543004,-85.24270990000002,12045.0,5733.558178752108,0.8951406649616368,775,770,7,0,763,765,16164,12,0,0,12,5
2020-08-21,US,Florida,Hamilton,653,4,0,30.49673973,-82.94998918,12047.0,4525.921818685889,0.6125574272588055,649,645,4,0,641,642,14310,8,0,0,8,3
2020-08-21,US,Florida,Hardee,1049,8,0,27.49293939,-81.80956574,12049.0,3894.271819430523,0.7626310772163966,1041,1045,8,0,1037,1023,27245,4,0,0,4,22
2020-08-21,US,Florida,Hendry,1917,39,0,26.55386945,-81.16469006,12051.0,4561.896149635905,2.0344287949921758,1878,1900,39,0,1861,1891,41556,17,0,0,17,9
2020-08-21,US,Florida,Hernando,2396,69,0,28.55364461,-82.42700204,12053.0,1235.5610561056105,2.879799666110184,2327,2364,69,0,2295,2317,190865,32,0,0,32,47
2020-08-21,US,Florida,Highlands,1697,53,0,27.34254618,-81.34071957,12055.0,1597.6125248303067,3.123158515026517,1644,1679,50,0,1629,1660,105424,18,3,0,15,19
2020-08-21,US,Florida,Hillsborough,35293,519,0,27.9276559,-82.32013172,12057.0,2397.674405965347,1.4705465673079647,34774,35061,512,0,34549,34851,1436888,232,7,0,225,210
2020-08-21,US,Florida,Holmes,572,4,0,30.86747479,-85.81319222,12059.0,2915.83830351226,0.6993006993006993,568,562,4,0,558,557,19477,10,0,0,10,5
2020-08-21,US,Florida,Indian River,2721,72,0,27.69308961,-80.60556721,12061.0,1701.443819838297,2.6460859977949283,2649,2693,69,0,2624,2679,157413,28,3,0,25,14
2020-08-21,US,Florida,Jackson,2198,59,0,30.795459700000002,-85.21500423,12063.0,4735.640108587926,2.684258416742493,2139,2180,57,0,2123,2159,48305,18,2,0,16,21
2020-08-21,US,Florida,Jefferson,481,5,0,30.43669112,-83.89442308,12065.0,3376.3863540642988,1.0395010395010396,476,477,5,0,472,473,14288,4,0,0,4,4
2020-08-21,US,Florida,Lafayette,1143,4,0,29.98484137,-83.18166636,12067.0,13571.59819520304,0.3499562554680665,1139,1129,4,0,1125,1122,8732,14,0,0,14,7
2020-08-21,US,Florida,Lake,5947,91,0,28.76202069,-81.7125123,12069.0,1619.91512265811,1.5301832856902642,5856,5852,91,0,5761,5756,356495,95,0,0,95,96
2020-08-21,US,Florida,Lee,17816,397,0,26.58410348,-81.88399313,12071.0,2312.033709804471,2.228334081724293,17419,17730,393,0,17337,17596,754610,86,4,0,82,134
2020-08-21,US,Florida,Leon,5705,28,0,30.45955727,-84.27491114,12073.0,1943.239026915819,0.4907975460122699,5677,5643,27,0,5616,5561,292502,62,1,0,61,82
2020-08-21,US,Florida,Levy,835,5,0,29.31829741,-82.74007147,12075.0,2011.902754017782,0.5988023952095808,830,821,5,0,816,803,40770,14,0,0,14,18
2020-08-21,US,Florida,Liberty,413,7,0,30.23766008,-84.8829258,12077.0,4943.739525975579,1.6949152542372878,406,412,7,0,405,410,8457,1,0,0,1,2
2020-08-21,US,Florida,Madison,807,12,0,30.44396917,-83.47398594,12079.0,4363.81333477532,1.4869888475836432,795,782,12,0,770,778,18529,25,0,0,25,4
2020-08-21,US,Florida,Manatee,10059,248,0,27.47196942,-82.31831044,12081.0,2494.4637733631243,2.4654538224475595,9811,9997,247,0,9750,9924,394855,62,1,0,61,73
2020-08-21,US,Florida,Marion,7807,121,0,29.21227113,-82.05803627,12083.0,2135.51653678138,1.549891123350839,7686,7691,121,0,7570,7614,359977,116,0,0,116,77
2020-08-21,US,Florida,Martin,4046,112,0,27.0772071,-80.43109784,12085.0,2513.043478260869,2.7681660899653977,3934,4015,109,0,3906,3997,160912,31,3,0,28,18
2020-08-21,US,Florida,Miami-Dade,150305,2219,0,25.6112362,-80.55170587,12086.0,5532.142778272616,1.4763314593659562,148086,149162,2185,0,146977,148093,2761581,1143,34,0,1109,1069
2020-08-21,US,Florida,Monroe,1687,14,0,25.20904673,-81.07812416,12087.0,2272.7272727272725,0.8298755186721992,1673,1675,14,0,1661,1666,75027,12,0,0,12,9
2020-08-21,US,Florida,Nassau,1435,15,0,30.61037141,-81.80297522,12089.0,1619.1819464033856,1.0452961672473868,1420,1396,14,0,1382,1372,85832,39,1,0,38,24
2020-08-21,US,Florida,Okaloosa,3878,70,0,30.69143028,-86.59267105,12091.0,1840.1996792225416,1.8050541516245489,3808,3847,67,0,3780,3803,207269,31,3,0,28,44
2020-08-21,US,Florida,Okeechobee,1183,12,0,27.386336199999995,-80.88944347,12093.0,2805.444887118194,1.0143702451394758,1171,1177,12,0,1165,1169,41537,6,0,0,6,8
2020-08-21,US,Florida,Orange,34321,358,0,28.51367621,-81.31799498,12095.0,2463.0198959131712,1.0430931499664928,33963,34135,359,0,33776,33946,1380645,186,-1,0,187,189
2020-08-21,US,Florida,Osceola,10619,125,0,28.06312234,-81.14882926,12097.0,2826.0736498372594,1.177135323476787,10494,10551,124,0,10427,10480,367990,68,1,0,67,71
2020-08-21,US,Florida,Palm Beach,40157,1048,0,26.64676272,-80.46536002,12099.0,2682.9105340165825,2.6097567049331376,39109,39886,1039,0,38847,39662,1485941,271,9,0,262,224
2020-08-21,US,Florida,Pasco,7651,157,0,28.30810945,-82.40227529,12101.0,1381.179065867312,2.052019343876617,7494,7608,155,0,7453,7560,539630,43,2,0,41,48
2020-08-21,US,Florida,Pinellas,19247,591,0,27.93130349,-82.72239666,12103.0,1974.059380756434,3.0706084065049097,18656,19087,587,0,18500,18994,975280,160,4,0,156,93
2020-08-21,US,Florida,Polk,16015,399,0,27.95027105,-81.69732947,12105.0,2209.64517361892,2.4914142990945987,15616,15887,396,0,15491,15723,708009,128,3,0,125,164
2020-08-21,US,Florida,Putnam,1689,35,0,29.60779729,-81.74230285,12107.0,2266.475221749574,2.07223208999408,1654,1669,33,0,1636,1640,74163,20,2,0,18,29
2020-08-21,US,Florida,Santa Rosa,4385,53,0,30.69341450000001,-87.02458128,12113.0,2379.105109243515,1.2086659064994298,4332,4341,53,0,4288,4303,179349,44,0,0,44,38
2020-08-21,US,Florida,Sarasota,6905,180,0,27.18546175,-82.33174248,12115.0,1591.9601975367843,2.606806661839247,6725,6850,180,0,6670,6814,426718,55,0,0,55,36
2020-08-21,US,Florida,Seminole,7673,160,0,28.7158582,-81.24060348,12117.0,1626.2350951410053,2.0852339371823283,7513,7641,152,0,7489,7568,467832,32,8,0,24,73
2020-08-21,US,Florida,St. Johns,4106,51,0,29.90096506,-81.43589967,12109.0,1551.3541288840527,1.2420847540185096,4055,4075,50,0,4025,4033,254261,31,1,0,30,42
2020-08-21,US,Florida,St. Lucie,6545,212,0,27.37763908,-80.47106649,12111.0,1993.6216291955152,3.2391138273491213,6333,6458,212,0,6246,6380,321128,87,0,0,87,78
2020-08-21,US,Florida,Sumter,1680,46,0,28.70181754,-82.0794267,12119.0,1268.6905301314,2.738095238095238,1634,1628,46,0,1582,1611,128754,52,0,0,52,17
2020-08-21,US,Florida,Suwannee,2317,53,0,30.19746066,-82.99099670000003,12121.0,5216.471170948061,2.287440656020717,2264,2299,50,0,2249,2294,44191,18,3,0,15,5
2020-08-21,US,Florida,Taylor,1142,5,0,30.04848048,-83.60445406,12123.0,5294.635819926747,0.4378283712784589,1137,1125,5,0,1120,1114,21623,17,0,0,17,11
2020-08-21,US,Florida,Unassigned,812,0,0,0.0,0.0,90012.0,0.0,0.0,812,798,0,0,798,786,,14,0,0,14,12
2020-08-21,US,Florida,Union,514,5,0,30.04412971,-82.37497443,12125.0,3373.367460786244,0.9727626459143968,509,505,5,0,500,501,14940,9,0,0,9,4
2020-08-21,US,Florida,Volusia,8761,175,0,29.05858895,-81.18263252,12127.0,1583.4544284671165,1.997488871133432,8586,8666,173,0,8493,8608,547538,95,2,0,93,58
2020-08-21,US,Florida,Wakulla,827,5,0,30.16548905,-84.39895211,12129.0,2451.169269984291,0.6045949214026602,822,815,5,0,810,796,32461,12,0,0,12,19
2020-08-21,US,Florida,Walton,1548,18,0,30.64204028,-86.16935664,12131.0,2089.886730299308,1.162790697674419,1530,1535,18,0,1517,1526,71375,13,0,0,13,9
2020-08-21,US,Florida,Washington,970,14,0,30.61359259,-85.66002461,12133.0,3807.953519412712,1.443298969072165,956,965,14,0,951,957,24880,5,0,0,5,8
2020-08-21,US,Georgia,Appling,840,21,0,31.74847232,-82.28909114,13001.0,4568.693571195475,2.5,819,833,20,0,813,822,18507,7,1,0,6,11
2020-08-21,US,Georgia,Atkinson,374,3,0,31.29633502,-82.87545866,13003.0,4580.526638089406,0.8021390374331551,371,370,3,0,367,365,8297,4,0,0,4,5
2020-08-21,US,Georgia,Bacon,483,8,0,31.55456473,-82.45936528,13005.0,4326.406305983519,1.6563146997929608,475,480,8,0,472,477,11185,3,0,0,3,3
2020-08-21,US,Georgia,Baker,73,3,0,31.32669878,-84.44218806,13007.0,2402.896642527979,4.109589041095891,70,73,3,0,70,73,3092,0,0,0,0,0
2020-08-21,US,Georgia,Baldwin,1252,46,0,33.06882326,-83.24701748,13009.0,2789.0398752506126,3.674121405750799,1206,1241,46,0,1195,1219,44823,11,0,0,11,22
2020-08-21,US,Georgia,Banks,324,7,0,34.35607081,-83.49644388,13011.0,1684.5170011438079,2.1604938271604937,317,315,6,0,309,311,18988,9,1,0,8,4
2020-08-21,US,Georgia,Barrow,1553,36,0,33.99148694,-83.71436292,13013.0,1865.689572321,2.3180940115904702,1517,1524,36,0,1488,1489,80809,29,0,0,29,35
2020-08-21,US,Georgia,Bartow,2189,66,0,34.23732119,-84.83887523,13015.0,2031.7808015741891,3.0150753768844223,2123,2159,65,0,2094,2114,106408,30,1,0,29,45
2020-08-21,US,Georgia,Ben Hill,578,7,0,31.76095874,-83.22145359,13017.0,3461.077844311377,1.2110726643598615,571,569,7,0,562,556,16787,9,0,0,9,13
2020-08-21,US,Georgia,Berrien,358,2,0,31.27590016,-83.22529920000002,13019.0,1845.6462339537045,0.5586592178770949,356,354,1,0,353,339,19252,4,1,0,3,15
2020-08-21,US,Georgia,Bibb,4393,95,0,32.80904227,-83.70489165,13021.0,2868.261088150223,2.1625312997951287,4298,4354,88,0,4266,4314,153095,39,7,0,32,40
2020-08-21,US,Georgia,Bleckley,299,11,0,32.43829035,-83.33035166,13023.0,2322.690903441311,3.6789297658862883,288,295,11,0,284,292,12838,4,0,0,4,3
2020-08-21,US,Georgia,Brantley,286,8,0,31.19576557,-81.97743999,13025.0,1496.6769585012298,2.797202797202797,278,283,8,0,275,279,18897,3,0,0,3,4
2020-08-21,US,Georgia,Brooks,446,20,0,30.83922642,-83.58303423,13027.0,2885.424079704988,4.484304932735426,426,444,19,0,425,443,15513,2,1,0,1,1
2020-08-21,US,Georgia,Bryan,774,9,0,32.00979311,-81.44002948,13029.0,1953.2137179196,1.162790697674419,765,771,9,0,762,759,38109,3,0,0,3,12
2020-08-21,US,Georgia,Bulloch,1460,19,0,32.39577406,-81.74811421,13031.0,1833.9865340166816,1.3013698630136987,1441,1435,19,0,1416,1427,77296,25,0,0,25,8
2020-08-21,US,Georgia,Burke,611,7,0,33.05917989,-81.99928721,13033.0,2729.7502568913906,1.1456628477905073,604,602,7,0,595,580,22423,9,0,0,9,22
2020-08-21,US,Georgia,Butts,526,40,0,33.283094500000004,-83.95435040000002,13035.0,2109.400064164261,7.604562737642587,486,526,40,0,486,521,24193,0,0,0,0,5
2020-08-21,US,Georgia,Calhoun,221,7,0,31.53169785,-84.62725131,13037.0,3570.851510744869,3.1674208144796383,214,220,7,0,213,215,6352,1,0,0,1,5
2020-08-21,US,Georgia,Camden,923,7,0,30.92951916,-81.66601818,13039.0,1688.4352248198154,0.7583965330444203,916,908,7,0,901,888,53677,15,0,0,15,20
2020-08-21,US,Georgia,Candler,297,11,0,32.40209349,-82.07702563,13043.0,2749.2363232435437,3.703703703703704,286,293,11,0,282,289,10836,4,0,0,4,4
2020-08-21,US,Georgia,Carroll,2175,56,0,33.58138199,-85.07976677,13045.0,1812.620841389426,2.5747126436781613,2119,2136,55,0,2081,2093,118121,39,1,0,38,43
2020-08-21,US,Georgia,Catoosa,757,17,0,34.89872298,-85.13757014,13047.0,1120.1538916839302,2.2457067371202117,740,747,17,0,730,738,67420,10,0,0,10,9
2020-08-21,US,Georgia,Charlton,512,5,0,30.78371028,-82.13951596,13049.0,3823.1780167264037,0.9765625,507,510,4,0,506,504,12968,2,1,0,1,6
2020-08-21,US,Georgia,Chatham,6571,110,0,32.00043026,-81.12489526,13051.0,2270.3244307777354,1.674022218840359,6461,6498,108,0,6390,6425,289195,73,2,0,71,73
2020-08-21,US,Georgia,Chattahoochee,896,2,0,32.34341231,-84.78809239,13053.0,8214.907857339324,0.22321428571428573,894,851,2,0,849,844,10684,45,0,0,45,7
2020-08-21,US,Georgia,Chattooga,401,5,0,34.47197698,-85.34535662,13055.0,1617.6529912461172,1.2468827930174564,396,395,5,0,390,388,24790,6,0,0,6,7
2020-08-21,US,Georgia,Cherokee,4262,69,0,34.24393976,-84.47431861,13057.0,1647.0033581556036,1.6189582355701548,4193,4186,67,0,4119,4126,254149,76,2,0,74,60
2020-08-21,US,Georgia,Clarke,2416,23,0,33.95436462,-83.37124007,13059.0,1882.6316322634439,0.9519867549668874,2393,2372,22,0,2350,2341,127330,44,1,0,43,31
2020-08-21,US,Georgia,Clay,108,2,0,31.62221166,-84.97713865,13061.0,3810.868031051517,1.851851851851852,106,107,2,0,105,106,2887,1,0,0,1,1
2020-08-21,US,Georgia,Clayton,5914,119,0,33.54187245,-84.35594188,13063.0,2023.5683784079708,2.0121745011836323,5795,5827,118,0,5709,5712,289615,87,1,0,86,115
2020-08-21,US,Georgia,Clinch,226,4,0,30.91395822,-82.70432472,13065.0,3414.9289815654274,1.7699115044247788,222,223,4,0,219,218,6648,3,0,0,3,5
2020-08-21,US,Georgia,Cobb,15687,358,0,33.94243204,-84.5761255,13067.0,2063.6960774382646,2.2821444508191497,15329,15449,354,0,15095,15247,756865,238,4,0,234,202
2020-08-21,US,Georgia,Coffee,1673,33,0,31.54892966,-82.85492059999999,13069.0,3866.1521040833777,1.9725044829647342,1640,1664,33,0,1631,1630,43093,9,0,0,9,34
2020-08-21,US,Georgia,Colquitt,1653,25,0,31.18810588,-83.7677946,13071.0,3625.0,1.5124016938898972,1628,1649,24,0,1625,1645,45592,4,1,0,3,4
2020-08-21,US,Georgia,Columbia,2912,36,0,33.54534185,-82.263524,13073.0,1858.1620021185086,1.2362637362637363,2876,2869,35,0,2834,2804,154291,43,1,0,42,65
2020-08-21,US,Georgia,Cook,492,10,0,31.16068491,-83.42947229,13075.0,2848.870874348581,2.0325203252032518,482,490,10,0,480,478,17162,2,0,0,2,12
2020-08-21,US,Georgia,Coweta,1944,26,0,33.35334302,-84.76129976,13077.0,1309.0115750560574,1.337448559670782,1918,1925,26,0,1899,1875,145864,19,0,0,19,50
2020-08-21,US,Georgia,Crawford,129,0,0,32.71391813,-83.98061238,13079.0,1039.9871009351823,0.0,129,128,0,0,128,126,12318,1,0,0,1,2
2020-08-21,US,Georgia,Crisp,422,15,0,31.92289565,-83.76811843,13081.0,1886.2864294654032,3.5545023696682465,407,422,15,0,407,419,22601,0,0,0,0,3
2020-08-21,US,Georgia,Dade,173,2,0,34.854916700000004,-85.50490424,13083.0,1073.4673616281957,1.1560693641618498,171,170,2,0,168,165,16226,3,0,0,3,5
2020-08-21,US,Georgia,Dawson,564,5,0,34.44244079,-84.16964071,13085.0,2160.2573923701552,0.8865248226950354,559,548,5,0,543,528,25083,16,0,0,16,20
2020-08-21,US,Georgia,DeKalb,15731,272,0,33.76944049,-84.22396017,13089.0,2071.7848220129936,1.7290699891933126,15459,15605,268,0,15337,15422,756558,126,4,0,122,183
2020-08-21,US,Georgia,Decatur,902,19,0,30.87967778,-84.57619536,13087.0,3416.149068322981,2.106430155210643,883,883,18,0,865,870,26575,19,1,0,18,13
2020-08-21,US,Georgia,Dodge,273,5,0,32.17265114,-83.16948926,13091.0,1324.9211356466874,1.8315018315018317,268,272,5,0,267,267,20705,1,0,0,1,5
2020-08-21,US,Georgia,Dooly,273,14,0,32.15630737,-83.79746561,13093.0,2038.8349514563104,5.128205128205129,259,270,14,0,256,268,13706,3,0,0,3,2
2020-08-21,US,Georgia,Dougherty,2869,173,0,31.53328528,-84.21722377,13095.0,3261.8582018281872,6.029975601254794,2696,2863,172,0,2691,2845,91243,6,1,0,5,18
2020-08-21,US,Georgia,Douglas,2992,60,0,33.70291126,-84.77026156,13097.0,2044.5118659587408,2.005347593582888,2932,2963,60,0,2903,2928,145331,29,0,0,29,35
2020-08-21,US,Georgia,Early,395,32,0,31.32155345,-84.90255207,13099.0,3876.349362119725,8.10126582278481,363,392,32,0,360,388,10247,3,0,0,3,4
2020-08-21,US,Georgia,Echols,228,2,0,30.71101099,-82.89687287,13101.0,5691.462805791313,0.8771929824561403,226,228,2,0,226,228,4000,0,0,0,0,0
2020-08-21,US,Georgia,Effingham,910,12,0,32.36616021,-81.34280942,13103.0,1415.3291028990916,1.3186813186813189,898,884,11,0,873,864,62190,26,1,0,25,20
2020-08-21,US,Georgia,Elbert,418,1,0,34.11302332,-82.83936148,13105.0,2177.7638845472547,0.23923444976076555,417,410,1,0,409,407,19120,8,0,0,8,3
2020-08-21,US,Georgia,Emanuel,640,15,0,32.59221302,-82.30239915,13107.0,2826.10615561247,2.34375,625,637,15,0,622,626,22612,3,0,0,3,11
2020-08-21,US,Georgia,Evans,328,4,0,32.15328841,-81.8870105,13109.0,3078.655903885864,1.2195121951219512,324,326,3,0,323,322,10721,2,1,0,1,4
2020-08-21,US,Georgia,Fannin,405,5,0,34.86430205,-84.316964,13111.0,1546.5098518405375,1.2345679012345678,400,398,5,0,393,396,25964,7,0,0,7,2
2020-08-21,US,Georgia,Fayette,1394,34,0,33.41357794,-84.49089434,13113.0,1218.3078281084765,2.4390243902439024,1360,1388,34,0,1354,1365,113459,6,0,0,6,23
2020-08-21,US,Georgia,Floyd,1950,21,0,34.26268279,-85.21577392,13115.0,1979.7356291498306,1.0769230769230769,1929,1912,20,0,1892,1871,97927,38,1,0,37,41
2020-08-21,US,Georgia,Forsyth,2754,31,0,34.22604035,-84.12315129999998,13117.0,1127.52403255654,1.1256354393609296,2723,2710,31,0,2679,2681,236612,44,0,0,44,29
2020-08-21,US,Georgia,Franklin,491,6,0,34.37525597,-83.23159927,13119.0,2102.8737847445286,1.2219959266802445,485,483,6,0,477,479,23023,8,0,0,8,4
2020-08-21,US,Georgia,Fulton,23375,486,0,33.79216944,-84.46319413,13121.0,2197.0285834593587,2.079144385026738,22889,23068,481,0,22587,22760,1050114,307,5,0,302,308
2020-08-21,US,Georgia,Gilmer,707,5,0,34.69316688,-84.45802506,13123.0,2253.817463100513,0.7072135785007072,702,699,4,0,695,695,30816,8,1,0,7,4
2020-08-21,US,Georgia,Glascock,31,1,0,33.22879932,-82.61297636,13125.0,1043.4197239986536,3.2258064516129035,30,32,1,0,31,29,2995,-1,0,0,-1,3
2020-08-21,US,Georgia,Glynn,2822,61,0,31.23279254,-81.53811412,13127.0,3308.6338695305544,2.161587526576896,2761,2808,61,0,2747,2782,85219,14,0,0,14,26
2020-08-21,US,Georgia,Gordon,1415,25,0,34.50487351,-84.87296253,13129.0,2441.212497627797,1.7667844522968197,1390,1399,25,0,1374,1380,57685,16,0,0,16,19
2020-08-21,US,Georgia,Grady,603,7,0,30.87454847,-84.23418364,13131.0,2447.935696017537,1.1608623548922057,596,599,7,0,592,587,24748,4,0,0,4,12
2020-08-21,US,Georgia,Greene,392,14,0,33.5769205,-83.17139104,13133.0,2139.27090154988,3.571428571428572,378,389,14,0,375,383,17698,3,0,0,3,6
2020-08-21,US,Georgia,Gwinnett,22786,302,0,33.96044201,-84.02137802,13135.0,2433.7516688918563,1.3253752304046345,22484,22455,295,0,22160,22196,927781,331,7,0,324,259
2020-08-21,US,Georgia,Habersham,1263,54,0,34.63331566,-83.53094677,13137.0,2786.3572184962927,4.275534441805227,1209,1245,53,0,1192,1236,45388,18,1,0,17,9
2020-08-21,US,Georgia,Hall,6916,115,0,34.32207823,-83.81896936,13139.0,3382.883081182347,1.6628108733371891,6801,6848,109,0,6739,6764,202148,68,6,0,62,84
2020-08-21,US,Georgia,Hancock,342,38,0,33.2721566,-82.99766919,13141.0,4043.9872295140117,11.111111111111109,304,342,37,0,305,340,8348,0,1,0,-1,2
2020-08-21,US,Georgia,Haralson,280,7,0,33.79602175,-85.21005667,13143.0,939.8496240601503,2.5,273,269,7,0,262,257,29533,11,0,0,11,12
2020-08-21,US,Georgia,Harris,704,19,0,32.73709786,-84.90538572,13145.0,1997.9566352593936,2.698863636363636,685,699,19,0,680,696,34475,5,0,0,5,3
2020-08-21,US,Georgia,Hart,375,10,0,34.34626973,-82.96567682,13147.0,1431.0246136233545,2.6666666666666665,365,369,10,0,359,363,26099,6,0,0,6,6
2020-08-21,US,Georgia,Heard,157,5,0,33.29686567,-85.12886832,13149.0,1316.7826889205735,3.1847133757961785,152,157,5,0,152,154,11879,0,0,0,0,3
2020-08-21,US,Georgia,Henry,4006,59,0,33.4533428,-84.14814659999998,13151.0,1707.8713000029845,1.472790813779331,3947,3948,59,0,3889,3886,230220,58,0,0,58,62
2020-08-21,US,Georgia,Houston,2374,63,0,32.45802497,-83.66879087,13153.0,1503.8356042897956,2.6537489469250213,2311,2333,62,0,2271,2307,155469,41,1,0,40,26
2020-08-21,US,Georgia,Irwin,194,2,0,31.60213036,-83.27501387,13155.0,2060.322854715378,1.0309278350515465,192,190,2,0,188,185,9398,4,0,0,4,5
2020-08-21,US,Georgia,Jackson,1293,19,0,34.13794553,-83.56814788,13157.0,1771.791112268249,1.4694508894044858,1274,1271,19,0,1252,1246,70422,22,0,0,22,25
2020-08-21,US,Georgia,Jasper,187,2,0,33.31535543,-83.68844964,13159.0,1315.1417117940784,1.0695187165775402,185,186,2,0,184,186,14040,1,0,0,1,0
2020-08-21,US,Georgia,Jeff Davis,581,8,0,31.80405727,-82.63724870000001,13161.0,3843.863711544823,1.3769363166953528,573,570,8,0,562,565,15029,11,0,0,11,5
2020-08-21,US,Georgia,Jefferson,605,13,0,33.05867328,-82.41609057,13163.0,3938.289285249317,2.1487603305785123,592,600,13,0,587,594,15430,5,0,0,5,6
2020-08-21,US,Georgia,Jenkins,283,24,0,32.79248718,-81.96040187,13165.0,3261.8718303365613,8.480565371024735,259,283,24,0,259,277,8683,0,0,0,0,6
2020-08-21,US,Georgia,Johnson,283,13,0,32.70211082,-82.66166794,13167.0,2934.7713367209376,4.593639575971731,270,274,12,0,262,274,9708,9,1,0,8,0
2020-08-21,US,Georgia,Jones,372,5,0,33.02512137,-83.56019163,13169.0,1294.5884809465808,1.3440860215053765,367,371,5,0,366,366,28616,1,0,0,1,5
2020-08-21,US,Georgia,Lamar,307,14,0,33.07841647,-84.14263877,13171.0,1609.2677045657074,4.5602605863192185,293,303,14,0,289,299,19000,4,0,0,4,4
2020-08-21,US,Georgia,Lanier,243,5,0,31.03828570000001,-83.06472457,13173.0,2331.382519428188,2.05761316872428,238,242,5,0,237,238,10340,1,0,0,1,4
2020-08-21,US,Georgia,Laurens,1197,27,0,32.46325233,-82.92221316,13175.0,2517.5619400159844,2.255639097744361,1170,1179,25,0,1154,1167,47325,18,2,0,16,12
2020-08-21,US,Georgia,Lee,630,23,0,31.779330600000005,-84.14324253,13177.0,2100.560149373166,3.6507936507936503,607,624,23,0,601,617,29764,6,0,0,6,7
2020-08-21,US,Georgia,Liberty,851,12,0,31.82588896,-81.49251135,13179.0,1385.2038740131848,1.4101057579318448,839,837,11,0,826,819,61497,14,1,0,13,18
2020-08-21,US,Georgia,Lincoln,182,5,0,33.79201475,-82.45024131,13181.0,2297.689685645752,2.7472527472527477,177,180,5,0,175,178,7915,2,0,0,2,2
2020-08-21,US,Georgia,Long,167,2,0,31.75218791,-81.74952375,13183.0,853.8268827649675,1.1976047904191616,165,160,2,0,158,154,18998,7,0,0,7,6
2020-08-21,US,Georgia,Lowndes,3335,54,0,30.83568832,-83.27056716,13185.0,2840.570328603308,1.6191904047976011,3281,3306,53,0,3253,3289,116321,29,1,0,28,17
2020-08-21,US,Georgia,Lumpkin,522,10,0,34.57286511,-84.00425681,13187.0,1553.1091936923535,1.9157088122605364,512,492,10,0,482,466,32955,30,0,0,30,26
2020-08-21,US,Georgia,Macon,193,10,0,32.35207048,-84.04234127,13193.0,1490.6928245925697,5.181347150259066,183,193,10,0,183,190,13143,0,0,0,0,3
2020-08-21,US,Georgia,Madison,483,7,0,34.12920917,-83.21218732,13195.0,1616.4658634538152,1.4492753623188406,476,477,7,0,470,472,29650,6,0,0,6,5
2020-08-21,US,Georgia,Marion,164,5,0,32.3483402,-84.52733571,13197.0,1961.957171910516,3.0487804878048776,159,164,5,0,159,163,8351,0,0,0,0,1
2020-08-21,US,Georgia,McDuffie,471,12,0,33.47851918,-82.48252774,13189.0,2210.0225225225226,2.5477707006369426,459,460,12,0,448,455,21531,11,0,0,11,5
2020-08-21,US,Georgia,McIntosh,227,3,0,31.49683595,-81.40163426,13191.0,1578.8009458895535,1.3215859030837005,224,223,3,0,220,214,14340,4,0,0,4,9
2020-08-21,US,Georgia,Meriwether,447,8,0,33.04163534,-84.68859732,13199.0,2111.7777672792554,1.7897091722595078,439,447,7,0,440,441,21068,0,1,0,-1,6
2020-08-21,US,Georgia,Miller,188,0,0,31.16568912,-84.73151117,13201.0,3287.8628891220696,0.0,188,181,0,0,181,171,5686,7,0,0,7,10
2020-08-21,US,Georgia,Mitchell,679,42,0,31.22483255,-84.19381821,13205.0,3105.703700315601,6.185567010309278,637,677,41,0,636,676,22192,2,1,0,1,1
2020-08-21,US,Georgia,Monroe,522,33,0,33.014289,-83.92097166,13207.0,1892.8131119007903,6.32183908045977,489,519,32,0,487,516,27520,3,1,0,2,3
2020-08-21,US,Georgia,Montgomery,198,3,0,32.17201038,-82.53527476,13209.0,2158.744003488879,1.5151515151515151,195,194,2,0,192,189,9193,4,1,0,3,5
2020-08-21,US,Georgia,Morgan,373,2,0,33.59232073,-83.49129491,13211.0,1935.0487653040047,0.5361930294906166,371,361,1,0,360,341,18853,12,1,0,11,20
2020-08-21,US,Georgia,Murray,676,3,0,34.78897608,-84.74993177,13213.0,1685.953711093376,0.4437869822485207,673,675,3,0,672,669,39921,1,0,0,1,6
2020-08-21,US,Georgia,Muscogee,5231,117,0,32.50931999,-84.87142262,13215.0,2672.026725375315,2.2366660294398777,5114,5195,117,0,5078,5163,194160,36,0,0,36,32
2020-08-21,US,Georgia,Newton,2127,52,0,33.55514538,-83.84547140000002,13217.0,1903.4579037800686,2.444757874941232,2075,2095,52,0,2043,2078,109541,32,0,0,32,17
2020-08-21,US,Georgia,Oconee,494,19,0,33.83749973,-83.43679568,13219.0,1226.4150943396226,3.8461538461538463,475,486,18,0,468,483,39272,8,1,0,7,3
2020-08-21,US,Georgia,Oglethorpe,258,8,0,33.878629600000004,-83.08278123,13221.0,1690.8054263057868,3.1007751937984502,250,256,8,0,248,255,15054,2,0,0,2,1
2020-08-21,US,Georgia,Out of GA,16461,109,0,0.0,0.0,80013.0,0.0,0.6621711925156429,16352,16453,107,0,16346,16727,,8,2,0,6,-274
2020-08-21,US,Georgia,Paulding,2016,30,0,33.91969522,-84.86848792,13223.0,1195.2545548328956,1.488095238095238,1986,1982,29,0,1953,1945,164044,34,1,0,33,37
2020-08-21,US,Georgia,Peach,490,16,0,32.56934316,-83.82937,13225.0,1778.8426631815867,3.26530612244898,474,490,16,0,474,482,27297,0,0,0,0,8
2020-08-21,US,Georgia,Pickens,464,6,0,34.46589159,-84.46406611,13227.0,1423.705931085269,1.293103448275862,458,463,6,0,457,452,31980,1,0,0,1,11
2020-08-21,US,Georgia,Pierce,482,10,0,31.35928155,-82.21598442,13229.0,2476.239404058567,2.074688796680498,472,478,10,0,468,469,19389,4,0,0,4,9
2020-08-21,US,Georgia,Pike,261,8,0,33.09310242,-84.38790389,13231.0,1376.4370846957074,3.0651340996168583,253,261,6,0,255,258,18634,0,2,0,-2,3
2020-08-21,US,Georgia,Polk,1039,12,0,34.00267074,-85.18677781,13233.0,2438.223077464624,1.1549566891241578,1027,1018,12,0,1006,991,42470,21,0,0,21,27
2020-08-21,US,Georgia,Pulaski,157,4,0,32.23334561,-83.47549959999998,13235.0,1409.7153632037353,2.5477707006369426,153,157,4,0,153,151,11069,0,0,0,0,6
2020-08-21,US,Georgia,Putnam,546,18,0,33.32056115,-83.37552891,13237.0,2468.46602468466,3.2967032967032965,528,519,18,0,501,508,21809,27,0,0,27,11
2020-08-21,US,Georgia,Quitman,32,1,0,31.86728114,-85.01773177,13239.0,1391.9095258808175,3.125,31,32,1,0,31,32,2279,0,0,0,0,0
2020-08-21,US,Georgia,Rabun,247,4,0,34.88389445,-83.40304637,13241.0,1441.3257863103229,1.6194331983805668,243,240,4,0,236,239,16867,7,0,0,7,1
2020-08-21,US,Georgia,Randolph,299,27,0,31.76622818,-84.75732369,13243.0,4411.3307760401285,9.03010033444816,272,296,26,0,270,292,6833,3,1,0,2,4
2020-08-21,US,Georgia,Richmond,5553,110,0,33.35777107,-82.07026432,13245.0,2741.978490800818,1.980911219160814,5443,5456,105,0,5351,5369,201554,97,5,0,92,87
2020-08-21,US,Georgia,Rockdale,1569,28,0,33.65145002,-84.02202167,13247.0,1726.1485653934167,1.7845761631612491,1541,1548,27,0,1521,1522,90594,21,1,0,20,26
2020-08-21,US,Georgia,Schley,89,2,0,32.2654021,-84.31258912,13249.0,1692.9807875214,2.247191011235955,87,87,2,0,85,87,5236,2,0,0,2,0
2020-08-21,US,Georgia,Screven,247,9,0,32.74976524,-81.60779441,13251.0,1768.5808391808675,3.643724696356276,238,247,9,0,238,246,13938,0,0,0,0,1
2020-08-21,US,Georgia,Seminole,259,8,0,30.93464824,-84.86823924,13253.0,3201.4833127317675,3.088803088803089,251,256,5,0,251,252,8315,3,3,0,0,4
2020-08-21,US,Georgia,Spalding,1079,44,0,33.26310031,-84.28013991,13255.0,1617.618397973105,4.077849860982392,1035,1075,43,0,1032,1052,66100,4,1,0,3,23
2020-08-21,US,Georgia,Stephens,743,19,0,34.55151201,-83.29405315,13257.0,2865.95949855352,2.5572005383580083,724,727,19,0,708,722,26035,16,0,0,16,5
2020-08-21,US,Georgia,Stewart,313,10,0,32.07996777,-84.83208037,13259.0,4727.382570608669,3.194888178913738,303,297,10,0,287,275,6199,16,0,0,16,22
2020-08-21,US,Georgia,Sumter,811,56,0,32.03650571,-84.19821492,13261.0,2746.9177618208914,6.905055487053021,755,803,56,0,747,795,29733,8,0,0,8,8
2020-08-21,US,Georgia,Talbot,152,5,0,32.69642758,-84.53351366,13263.0,2453.591606133979,3.2894736842105265,147,149,5,0,144,149,6272,3,0,0,3,0
2020-08-21,US,Georgia,Taliaferro,18,0,0,33.56543317,-82.88136816,13265.0,1171.1125569290825,0.0,18,17,0,0,17,17,1608,1,0,0,1,0
2020-08-21,US,Georgia,Tattnall,630,4,0,32.04785085,-82.05539188,13267.0,2491.4972712172744,0.6349206349206349,626,621,3,0,618,613,25391,9,1,0,8,8
2020-08-21,US,Georgia,Taylor,112,4,0,32.55792548,-84.25077141,13269.0,1396.508728179551,3.571428571428572,108,112,4,0,108,111,8039,0,0,0,0,1
2020-08-21,US,Georgia,Telfair,325,12,0,31.92829517,-82.93491155,13271.0,2049.180327868853,3.692307692307693,313,324,12,0,312,321,15876,1,0,0,1,3
2020-08-21,US,Georgia,Terrell,309,30,0,31.77527543,-84.44069698,13273.0,3622.084163638495,9.70873786407767,279,310,30,0,280,311,8611,-1,0,0,-1,-1
2020-08-21,US,Georgia,Thomas,1305,46,0,30.86392347,-83.91847289,13275.0,2935.816966997368,3.524904214559387,1259,1286,45,0,1241,1275,44448,19,1,0,18,11
2020-08-21,US,Georgia,Tift,1422,47,0,31.45743864,-83.5236119,13277.0,3498.6713906111604,3.3052039381153304,1375,1418,47,0,1371,1415,40571,4,0,0,4,3
2020-08-21,US,Georgia,Toombs,956,10,0,32.12059861,-82.32957247,13279.0,3563.1755497577337,1.0460251046025104,946,936,10,0,926,902,26887,20,0,0,20,34
2020-08-21,US,Georgia,Towns,177,3,0,34.91369188,-83.74107459999998,13281.0,1470.4660629725015,1.6949152542372878,174,175,3,0,172,173,11852,2,0,0,2,2
2020-08-21,US,Georgia,Treutlen,165,3,0,32.40422134,-82.56904553,13283.0,2390.957832198232,1.818181818181818,162,165,3,0,162,160,6809,0,0,0,0,5
2020-08-21,US,Georgia,Troup,2483,78,0,33.03349196,-85.02812115,13285.0,3551.0997969165637,3.141361256544503,2405,2454,77,0,2377,2438,70034,29,1,0,28,16
2020-08-21,US,Georgia,Turner,273,18,0,31.71612656,-83.62069378,13287.0,3418.9104571070757,6.593406593406592,255,268,18,0,250,267,7912,5,0,0,5,1
2020-08-21,US,Georgia,Twiggs,153,6,0,32.67435595,-83.43078662,13289.0,1884.2364532019706,3.92156862745098,147,147,4,0,143,144,8188,6,2,0,4,3
2020-08-21,US,Georgia,Unassigned,2689,6,0,0.0,0.0,90013.0,0.0,0.22313127556712534,2683,2719,7,0,2712,2766,,-30,-1,0,-29,-47
2020-08-21,US,Georgia,Union,386,7,0,34.82995757,-83.98967069,13291.0,1574.803149606299,1.8134715025906736,379,384,7,0,377,371,24001,2,0,0,2,13
2020-08-21,US,Georgia,Upson,646,53,0,32.87920671,-84.30024826,13293.0,2454.407294832827,8.204334365325076,593,639,49,0,590,636,26215,7,4,0,3,3
2020-08-21,US,Georgia,Walker,882,19,0,34.73376362,-85.30165174,13295.0,1264.3167385788622,2.1541950113378685,863,863,18,0,845,847,69410,19,1,0,18,16
2020-08-21,US,Georgia,Walton,1347,44,0,33.78017694,-83.73552314,13297.0,1423.9954330658718,3.2665181885671863,1303,1330,43,0,1287,1309,93503,17,1,0,16,21
2020-08-21,US,Georgia,Ware,1281,40,0,31.05449097,-82.42224148,13299.0,3584.8211787093524,3.1225604996096803,1241,1274,40,0,1234,1248,35680,7,0,0,7,26
2020-08-21,US,Georgia,Warren,110,3,0,33.41146451,-82.67795848,13301.0,2093.6429387133608,2.727272727272727,107,100,3,0,97,98,5251,10,0,0,10,2
2020-08-21,US,Georgia,Washington,579,3,0,32.96711864,-82.79357039,13303.0,2841.8572690684205,0.5181347150259067,576,575,3,0,572,564,20386,4,0,0,4,11
2020-08-21,US,Georgia,Wayne,912,16,0,31.5521809,-81.91894878,13305.0,3047.415377418385,1.7543859649122806,896,905,15,0,890,889,29808,7,1,0,6,16
2020-08-21,US,Georgia,Webster,38,2,0,32.04066113,-84.54742852,13307.0,1457.6141158419641,5.2631578947368425,36,39,2,0,37,39,2611,-1,0,0,-1,0
2020-08-21,US,Georgia,Wheeler,129,3,0,32.12009104,-82.72574721,13309.0,1642.2660725652454,2.3255813953488373,126,127,3,0,124,120,7879,2,0,0,2,7
2020-08-21,US,Georgia,White,431,8,0,34.64624278,-83.74905525,13311.0,1399.4415221767651,1.8561484918793505,423,420,9,0,411,413,29970,11,-1,0,12,7
2020-08-21,US,Georgia,Whitfield,3805,43,0,34.80987459,-84.96093476,13313.0,3636.693810452269,1.1300919842312749,3762,3790,43,0,3747,3771,104062,15,0,0,15,19
2020-08-21,US,Georgia,Wilcox,205,20,0,31.97496928,-83.43438555,13315.0,2374.059061957151,9.75609756097561,185,203,20,0,183,201,8812,2,0,0,2,2
2020-08-21,US,Georgia,Wilkes,210,3,0,33.78290391,-82.74286107,13317.0,2147.8981282602026,1.4285714285714286,207,209,3,0,206,207,9876,1,0,0,1,2
2020-08-21,US,Georgia,Wilkinson,250,13,0,32.80291082,-83.17140684,13319.0,2792.048246593701,5.2,237,248,13,0,235,243,9036,2,0,0,2,5
2020-08-21,US,Georgia,Worth,482,24,0,31.55162306,-83.85090513,13321.0,2380.599595001729,4.979253112033195,458,480,24,0,456,476,20299,2,0,0,2,4
2020-08-21,US,Hawaii,Hawaii,177,0,0,19.60121157,-155.5210167,15001.0,87.83552425898081,0.0,177,164,0,0,164,159,200983,13,0,0,13,5
2020-08-21,US,Hawaii,Honolulu,5547,38,0,21.45803166,-157.97121819999995,15003.0,569.1781855046826,0.6850549846764017,5509,5340,37,0,5303,5111,980080,207,1,0,206,229
2020-08-21,US,Hawaii,Kauai,56,0,0,22.03935037,-159.5966786,15007.0,77.46254824118517,0.0,56,54,0,0,54,54,72133,2,0,0,2,0
2020-08-21,US,Hawaii,Maui,269,7,0,20.86399628,-156.56890969999995,15009.0,160.6766337946564,2.6022304832713754,262,263,7,0,256,262,167207,6,0,0,6,1
2020-08-21,US,Hawaii,Out of HI,23,1,0,0.0,0.0,80015.0,0.0,4.3478260869565215,22,23,1,0,22,23,,0,0,0,0,0
2020-08-21,US,Idaho,Ada,10450,109,0,43.4526575,-116.24155159999998,16001.0,2169.9090714658,1.0430622009569377,10341,10348,102,0,10246,10228,469966,102,7,0,95,120
2020-08-21,US,Idaho,Adams,23,0,0,44.89333571,-116.4545247,16003.0,535.6311131811831,0.0,23,23,0,0,23,23,4250,0,0,0,0,0
2020-08-21,US,Idaho,Bannock,556,2,0,42.67002716,-112.2233311,16005.0,633.1997084548104,0.3597122302158273,554,548,2,0,546,536,87138,8,0,0,8,12
2020-08-21,US,Idaho,Bear Lake,25,0,0,42.28269683,-111.32892379999998,16007.0,408.1632653061225,0.0,25,25,0,0,25,25,6050,0,0,0,0,0
2020-08-21,US,Idaho,Benewah,93,1,0,47.21754179,-116.6586851,16009.0,1000.21510002151,1.075268817204301,92,92,1,0,91,90,9226,1,0,0,1,2
2020-08-21,US,Idaho,Bingham,395,4,0,43.21672879999999,-112.3978437,16011.0,843.8187605477345,1.0126582278481011,391,387,4,0,383,360,46236,8,0,0,8,27
2020-08-21,US,Idaho,Blaine,593,6,0,43.4085812,-113.9752658,16013.0,2575.908952695365,1.011804384485666,587,593,6,0,587,592,22601,0,0,0,0,1
2020-08-21,US,Idaho,Boise,57,1,0,43.98829931,-115.7309284,16015.0,727.876388711531,1.7543859649122806,56,57,1,0,56,56,7634,0,0,0,0,1
2020-08-21,US,Idaho,Bonner,196,0,0,48.29996017,-116.6017932,16017.0,428.51833227661285,0.0,196,194,0,0,194,192,44727,2,0,0,2,2
2020-08-21,US,Idaho,Bonneville,1479,6,0,43.38713372,-111.6161537,16019.0,1242.2099410391224,0.4056795131845842,1473,1441,6,0,1435,1394,116854,38,0,0,38,47
2020-08-21,US,Idaho,Boundary,42,0,0,48.76684761,-116.4630179,16021.0,342.99714169048593,0.0,42,42,0,0,42,42,11948,0,0,0,0,0
2020-08-21,US,Idaho,Butte,4,0,0,43.72592209,-113.1735463,16023.0,154.02387370042356,0.0,4,4,0,0,4,4,2611,0,0,0,0,0
2020-08-21,US,Idaho,Camas,2,0,0,43.46665742,-114.8065892,16025.0,180.83182640144662,0.0,2,2,0,0,2,2,1127,0,0,0,0,0
2020-08-21,US,Idaho,Canyon,6663,63,0,43.61970148,-116.70954990000001,16027.0,2898.8596861417714,0.9455200360198108,6600,6650,63,0,6587,6589,223499,13,0,0,13,61
2020-08-21,US,Idaho,Caribou,35,0,0,42.77149116,-111.5597683,16029.0,489.1684136967156,0.0,35,35,0,0,35,34,7060,0,0,0,0,1
2020-08-21,US,Idaho,Cassia,570,1,0,42.28347888,-113.6012409,16031.0,2372.0349563046193,0.17543859649122806,569,569,1,0,568,565,23864,1,0,0,1,4
2020-08-21,US,Idaho,Clark,15,0,0,44.28496071,-112.35057040000001,16033.0,1775.1479289940826,0.0,15,15,0,0,15,15,852,0,0,0,0,0
2020-08-21,US,Idaho,Clearwater,20,0,0,46.67459924,-115.6622393,16035.0,228.41480127912288,0.0,20,20,0,0,20,18,8758,0,0,0,0,2
2020-08-21,US,Idaho,Custer,18,0,0,44.24186819,-114.2855494,16037.0,417.1494785631518,0.0,18,17,0,0,17,16,4280,1,0,0,1,1
2020-08-21,US,Idaho,Elmore,259,3,0,43.3507101,-115.4701578,16039.0,941.4416051761116,1.1583011583011582,256,253,3,0,250,245,27259,6,0,0,6,8
2020-08-21,US,Idaho,Franklin,54,0,0,42.18332217,-111.81496659999999,16041.0,389.16114153934853,0.0,54,54,0,0,54,53,13726,0,0,0,0,1
2020-08-21,US,Idaho,Fremont,97,1,0,44.22800938,-111.48099429999999,16043.0,740.5145430948927,1.0309278350515465,96,97,0,0,97,96,13168,0,1,0,-1,1
2020-08-21,US,Idaho,Gem,202,2,0,44.06482372,-116.398376,16045.0,1115.2826855123674,0.99009900990099,200,198,1,0,197,198,17634,4,1,0,3,0
2020-08-21,US,Idaho,Gooding,194,1,0,42.96927962,-114.81083059999999,16047.0,1278.0815600500694,0.5154639175257731,193,191,1,0,190,188,15196,3,0,0,3,3
2020-08-21,US,Idaho,Idaho,39,0,0,45.84721541,-115.4634436,16049.0,233.99532009359814,0.0,39,38,0,0,38,38,16513,1,0,0,1,0
2020-08-21,US,Idaho,Jefferson,294,1,0,43.82078483,-112.3131749,16051.0,984.2321984533493,0.3401360544217687,293,289,1,0,288,281,29439,5,0,0,5,8
2020-08-21,US,Idaho,Jerome,546,6,0,42.68891267,-114.2655033,16053.0,2236.6049483860397,1.0989010989010992,540,544,6,0,538,537,24015,2,0,0,2,7
2020-08-21,US,Idaho,Kootenai,2057,23,0,47.67282258,-116.7020872,16055.0,1241.422596667411,1.118133203694701,2034,2049,23,0,2026,2033,161505,8,0,0,8,16
2020-08-21,US,Idaho,Latah,176,0,0,46.81587887,-116.71136979999999,16057.0,438.81519896280037,0.0,176,172,0,0,172,156,40134,4,0,0,4,16
2020-08-21,US,Idaho,Lemhi,62,0,0,44.9438088,-113.9309747,16059.0,772.3931730409868,0.0,62,61,0,0,61,61,7961,1,0,0,1,0
2020-08-21,US,Idaho,Lincoln,63,0,0,43.0012336,-114.1358773,16063.0,1174.058889303019,0.0,63,63,0,0,63,63,5360,0,0,0,0,0
2020-08-21,US,Idaho,Madison,208,0,0,43.78141028,-111.65384740000002,16065.0,521.2118174756308,0.0,208,206,0,0,206,204,39304,2,0,0,2,2
2020-08-21,US,Idaho,Minidoka,525,2,0,42.85518524,-113.6357257,16067.0,2495.3657493226865,0.3809523809523809,523,524,2,0,522,517,20825,1,0,0,1,7
2020-08-21,US,Idaho,Nez Perce,227,19,0,46.32638236,-116.75009750000001,16069.0,561.7699465452387,8.370044052863436,208,219,19,0,200,201,40408,8,0,0,8,18
2020-08-21,US,Idaho,Oneida,18,0,0,42.19494279999999,-112.5407838,16071.0,397.26329728536746,0.0,18,18,0,0,18,18,4488,0,0,0,0,0
2020-08-21,US,Idaho,Owyhee,287,4,0,42.58016894,-116.16938710000001,16073.0,2427.471876850207,1.3937282229965158,283,286,4,0,282,283,11693,1,0,0,1,3
2020-08-21,US,Idaho,Payette,514,4,0,44.00545243,-116.7647695,16075.0,2146.0481817043133,0.7782101167315175,510,509,4,0,505,495,23551,5,0,0,5,14
2020-08-21,US,Idaho,Power,90,0,0,42.69254894,-112.83957420000002,16077.0,1171.7224319750032,0.0,90,81,0,0,81,76,7768,9,0,0,9,5
2020-08-21,US,Idaho,Shoshone,183,9,0,47.35364087,-115.89167490000001,16079.0,1420.5868653935725,4.918032786885246,174,182,9,0,173,176,12796,1,0,0,1,6
2020-08-21,US,Idaho,Teton,116,0,0,43.75303583,-111.2056773,16081.0,955.3615549332892,0.0,116,109,0,0,109,107,11640,7,0,0,7,2
2020-08-21,US,Idaho,Twin Falls,1583,33,0,42.35440512,-114.6685381,16083.0,1822.095352102949,2.084649399873657,1550,1571,33,0,1538,1548,86081,12,0,0,12,23
2020-08-21,US,Idaho,Unassigned,3,0,0,0.0,0.0,90016.0,0.0,0.0,3,3,0,0,3,3,,0,0,0,0,0
2020-08-21,US,Idaho,Valley,78,1,0,44.76728382,-115.5676773,16085.0,684.6910112359551,1.2820512820512822,77,78,1,0,77,77,11041,0,0,0,0,1
2020-08-21,US,Idaho,Washington,253,3,0,44.45275475,-116.78476880000001,16087.0,2481.852069845007,1.1857707509881423,250,253,3,0,250,245,10161,0,0,0,0,8
2020-08-21,US,Illinois,Adams,700,7,0,39.98815591,-91.18786813,17001.0,1069.7638878276152,1.0,693,692,7,0,685,693,65691,8,0,0,8,-1
2020-08-21,US,Illinois,Alexander,40,0,0,37.18049267,-89.32910838,17003.0,694.3239021003299,0.0,40,40,0,0,40,40,6060,0,0,0,0,0
2020-08-21,US,Illinois,Bond,97,3,0,38.88829622,-89.43534887,17005.0,590.5272129550713,3.0927835051546397,94,95,3,0,92,92,16630,2,0,0,2,3
2020-08-21,US,Illinois,Boone,812,23,0,42.32359279,-88.82345779,17007.0,1516.5097863439416,2.832512315270936,789,796,23,0,773,793,53577,16,0,0,16,3
2020-08-21,US,Illinois,Brown,16,0,0,39.96209138,-90.75068024,17009.0,243.2350258437215,0.0,16,16,0,0,16,15,6556,0,0,0,0,1
2020-08-21,US,Illinois,Bureau,303,4,0,41.40385234,-89.5283051,17011.0,928.6502390584774,1.32013201320132,299,291,4,0,287,281,32993,12,0,0,12,10
2020-08-21,US,Illinois,Calhoun,19,0,0,39.16840183,-90.66330078,17013.0,400.9284659210804,0.0,19,19,0,0,19,17,4802,0,0,0,0,2
2020-08-21,US,Illinois,Carroll,104,4,0,42.06823429,-89.93395545,17015.0,727.0185249912618,3.8461538461538463,100,97,4,0,93,94,14312,7,0,0,7,3
2020-08-21,US,Illinois,Cass,278,11,0,39.96991073,-90.24734436,17017.0,2288.630937680085,3.956834532374101,267,272,11,0,261,265,12260,6,0,0,6,7
2020-08-21,US,Illinois,Champaign,1881,20,0,40.13919438,-88.20046615,17019.0,897.0427633304561,1.063264221158958,1861,1835,20,0,1815,1827,209983,46,0,0,46,8
2020-08-21,US,Illinois,Christian,171,4,0,39.54581621,-89.27780482,17021.0,529.3462109955424,2.3391812865497075,167,167,4,0,163,166,32661,4,0,0,4,1
2020-08-21,US,Illinois,Clark,105,2,0,39.33425789,-87.78705622,17023.0,680.0077715173887,1.9047619047619049,103,104,2,0,102,98,15596,1,0,0,1,6
2020-08-21,US,Illinois,Clay,52,0,0,38.75388572,-88.48914513,17025.0,394.41747572815535,0.0,52,51,0,0,51,47,13253,1,0,0,1,4
2020-08-21,US,Illinois,Clinton,553,17,0,38.60704876,-89.42385254,17027.0,1472.2325754752146,3.0741410488245933,536,548,17,0,531,524,37639,5,0,0,5,24
2020-08-21,US,Illinois,Coles,733,21,0,39.51949084,-88.22358557,17029.0,1448.0156456806465,2.8649386084583903,712,697,21,0,676,676,50885,36,0,0,36,21
2020-08-21,US,Illinois,Cook,119644,4997,0,41.84144849,-87.81658794,17031.0,2323.0793635938408,4.176557119454381,114647,118757,4988,0,113769,118012,5180493,887,9,0,878,745
2020-08-21,US,Illinois,Crawford,44,0,0,39.0032229,-87.75954624,17033.0,235.71007660577493,0.0,44,43,0,0,43,40,18807,1,0,0,1,3
2020-08-21,US,Illinois,Cumberland,95,3,0,39.27432424,-88.2401158,17035.0,882.4075794166821,3.1578947368421053,92,86,3,0,83,82,10808,9,0,0,9,4
2020-08-21,US,Illinois,De Witt,37,1,0,40.17514519,-88.90959682,17039.0,236.60314618237626,2.702702702702702,36,37,1,0,36,38,15769,0,0,0,0,-1
2020-08-21,US,Illinois,DeKalb,1030,33,0,41.89373302,-88.76958483,17037.0,981.9155933916127,3.2038834951456314,997,1017,33,0,984,1013,104143,13,0,0,13,4
2020-08-21,US,Illinois,Douglas,178,3,0,39.76768052,-88.21854195,17041.0,914.46185461084,1.6853932584269662,175,167,3,0,164,161,19479,11,0,0,11,6
2020-08-21,US,Illinois,DuPage,13530,529,0,41.85116968,-88.08642662,17043.0,1465.9976314332432,3.9098300073909833,13001,13410,528,0,12882,13289,928589,120,1,0,119,121
2020-08-21,US,Illinois,Edgar,54,0,0,39.6809186,-87.74759563,17045.0,314.6669774488666,0.0,54,49,0,0,49,51,17360,5,0,0,5,-2
2020-08-21,US,Illinois,Edwards,29,0,0,38.41353228,-88.05720863,17047.0,453.4792806880375,0.0,29,28,0,0,28,29,6392,1,0,0,1,-1
2020-08-21,US,Illinois,Effingham,345,1,0,39.05935711,-88.58969584,17049.0,1014.4671841919549,0.2898550724637681,344,317,1,0,316,285,34208,28,0,0,28,32
2020-08-21,US,Illinois,Fayette,103,3,0,39.00072038,-89.02452658,17051.0,482.7521559805024,2.9126213592233015,100,97,3,0,94,87,21416,6,0,0,6,10
2020-08-21,US,Illinois,Ford,68,2,0,40.59706922,-88.22350769,17053.0,524.6508757040352,2.9411764705882355,66,63,2,0,61,62,13264,5,0,0,5,1
2020-08-21,US,Illinois,Franklin,274,1,0,37.99189086,-88.92567818,17055.0,712.2618212066859,0.36496350364963503,273,270,1,0,269,266,38701,4,0,0,4,4
2020-08-21,US,Illinois,Fulton,60,0,0,40.47289135,-90.20862357,17057.0,174.72335468840996,0.0,60,58,0,0,58,54,34844,2,0,0,2,4
2020-08-21,US,Illinois,Gallatin,57,2,0,37.76430935,-88.22953869,17059.0,1180.6130903065452,3.5087719298245608,55,57,2,0,55,56,5058,0,0,0,0,1
2020-08-21,US,Illinois,Greene,91,0,0,39.35907414,-90.388865,17061.0,701.6732207571903,0.0,91,87,0,0,87,84,13044,4,0,0,4,3
2020-08-21,US,Illinois,Grundy,412,5,0,41.28569601,-88.41905692,17063.0,806.9886786539743,1.2135922330097086,407,410,5,0,405,400,50972,2,0,0,2,10
2020-08-21,US,Illinois,Hamilton,40,0,0,38.08163641,-88.53883373,17065.0,492.8536224741252,0.0,40,42,0,0,42,39,8163,-2,0,0,-2,3
2020-08-21,US,Illinois,Hancock,111,1,0,40.40423981,-91.16313899,17067.0,626.8353286650101,0.9009009009009008,110,106,1,0,105,102,17844,5,0,0,5,4
2020-08-21,US,Illinois,Hardin,18,0,0,37.51810645,-88.26873022,17069.0,471.08086888249153,0.0,18,18,0,0,18,18,3910,0,0,0,0,0
2020-08-21,US,Illinois,Henderson,28,0,0,40.81908672,-90.92491462,17071.0,421.30604875112846,0.0,28,25,0,0,25,24,6709,3,0,0,3,1
2020-08-21,US,Illinois,Henry,352,1,0,41.3533994,-90.13296166,17073.0,719.6450841289636,0.2840909090909091,351,337,1,0,336,335,49090,15,0,0,15,2
2020-08-21,US,Illinois,Iroquois,282,15,0,40.74717633,-87.82466784,17075.0,1040.0531090949326,5.319148936170213,267,281,14,0,267,282,27604,1,1,0,0,-1
2020-08-21,US,Illinois,Jackson,824,20,0,37.78595185,-89.38232563,17077.0,1451.9823788546255,2.4271844660194173,804,814,20,0,794,807,57419,10,0,0,10,7
2020-08-21,US,Illinois,Jasper,78,7,0,39.01054275,-88.15437049,17079.0,811.6545265348593,8.974358974358974,71,75,7,0,68,73,9611,3,0,0,3,2
2020-08-21,US,Illinois,Jefferson,376,31,0,38.29980057,-88.9240025,17081.0,997.770937267806,8.24468085106383,345,369,31,0,338,360,37820,7,0,0,7,9
2020-08-21,US,Illinois,Jersey,206,2,0,39.08869046,-90.35393073,17083.0,946.125935792036,0.9708737864077671,204,199,2,0,197,174,21847,7,0,0,7,25
2020-08-21,US,Illinois,Jo Daviess,154,2,0,42.36542373,-90.21094405,17085.0,725.2178008005652,1.2987012987012987,152,152,2,0,150,149,21366,2,0,0,2,3
2020-08-21,US,Illinois,Johnson,87,0,0,37.45939802,-88.88165419,17087.0,700.6523314810339,0.0,87,87,0,0,87,86,12456,0,0,0,0,1
2020-08-21,US,Illinois,Kane,10620,306,0,41.93842729,-88.42861412,17089.0,1994.7295563698929,2.8813559322033897,10314,10516,306,0,10210,10466,534216,104,0,0,104,50
2020-08-21,US,Illinois,Kankakee,1986,71,0,41.13746989,-87.86205334,17091.0,1807.722415393857,3.575025176233636,1915,1960,71,0,1889,1935,110024,26,0,0,26,25
2020-08-21,US,Illinois,Kendall,1556,23,0,41.59081014,-88.42869583,17093.0,1206.2950616326848,1.4781491002570697,1533,1535,23,0,1512,1518,127915,21,0,0,21,17
2020-08-21,US,Illinois,Knox,406,3,0,40.93148779,-90.21330340000002,17095.0,816.9178454294855,0.7389162561576355,403,395,2,0,393,395,50112,11,1,0,10,0
2020-08-21,US,Illinois,LaSalle,1063,39,0,41.34426129999999,-88.88633881,17099.0,978.1998546043492,3.6688617121354663,1024,1031,38,0,993,1008,109430,32,1,0,31,23
2020-08-21,US,Illinois,Lake,13741,455,0,42.3224907,-88.00367925,17097.0,1972.7651876790112,3.3112582781456954,13286,13668,453,0,13215,13591,700832,73,2,0,71,77
2020-08-21,US,Illinois,Lawrence,75,0,0,38.71987914,-87.72884035,17101.0,478.37734404898583,0.0,75,74,0,0,74,68,15765,1,0,0,1,6
2020-08-21,US,Illinois,Lee,208,1,0,41.74583951,-89.29977132,17103.0,610.0422336931017,0.4807692307692308,207,205,1,0,204,203,34223,3,0,0,3,2
2020-08-21,US,Illinois,Livingston,157,3,0,40.89188292,-88.55784752,17105.0,440.4174147217235,1.9108280254777068,154,157,3,0,154,152,35761,0,0,0,0,5
2020-08-21,US,Illinois,Logan,222,1,0,40.12581572,-89.36638784,17107.0,775.7355510517856,0.4504504504504505,221,211,1,0,210,208,28925,11,0,0,11,3
2020-08-21,US,Illinois,Macon,800,24,0,39.86064913,-88.96342505,17115.0,769.1642069436299,3.0,776,785,23,0,762,778,104712,15,1,0,14,7
2020-08-21,US,Illinois,Macoupin,281,3,0,39.26119767,-89.92424028,17117.0,625.4730000445178,1.0676156583629892,278,274,3,0,271,260,45313,7,0,0,7,14
2020-08-21,US,Illinois,Madison,3441,90,0,38.83042506,-89.90422563,17119.0,1308.5341831263354,2.6155187445510024,3351,3366,88,0,3278,3289,264461,75,2,0,73,77
2020-08-21,US,Illinois,Marion,212,0,0,38.64963204,-88.91899208,17121.0,569.8158849616988,0.0,212,209,0,0,209,201,37620,3,0,0,3,8
2020-08-21,US,Illinois,Marshall,37,0,0,41.0327901,-89.34510444,17123.0,323.48312642070294,0.0,37,36,0,0,36,36,11534,1,0,0,1,0
2020-08-21,US,Illinois,Mason,67,1,0,40.23917274,-89.91824452,17125.0,501.534545998952,1.492537313432836,66,66,0,0,66,65,13565,1,1,0,0,1
2020-08-21,US,Illinois,Massac,47,0,0,37.22078441,-88.71036614,17127.0,341.27214638396754,0.0,47,47,0,0,47,47,14080,0,0,0,0,0
2020-08-21,US,Illinois,McDonough,160,15,0,40.45674722,-90.67775541,17109.0,539.0472340138805,9.375,145,160,15,0,145,158,29955,0,0,0,0,2
2020-08-21,US,Illinois,McHenry,3526,115,0,42.32451172,-88.45248227,17111.0,1145.645831031861,3.2614861032331253,3411,3496,115,0,3381,3471,308570,30,0,0,30,25
2020-08-21,US,Illinois,McLean,936,16,0,40.48996987,-88.84621113,17113.0,545.7185002069766,1.709401709401709,920,896,16,0,880,876,172828,40,0,0,40,20
2020-08-21,US,Illinois,Menard,61,0,0,40.02742725,-89.80246001,17129.0,500.1639881928501,0.0,61,61,0,0,61,61,12288,0,0,0,0,0
2020-08-21,US,Illinois,Mercer,86,4,0,41.20596782,-90.74290052,17131.0,557.1030640668523,4.651162790697675,82,83,4,0,79,83,15601,3,0,0,3,0
2020-08-21,US,Illinois,Monroe,383,13,0,38.27594376,-90.17761038,17133.0,1105.753962525623,3.3942558746736293,370,373,13,0,360,367,34335,10,0,0,10,6
2020-08-21,US,Illinois,Montgomery,204,8,0,39.23198845,-89.47809254,17135.0,717.9559372140494,3.92156862745098,196,199,8,0,191,196,28601,5,0,0,5,3
2020-08-21,US,Illinois,Morgan,430,17,0,39.71654544,-90.20255104,17137.0,1277.5565987283856,3.953488372093023,413,422,17,0,405,415,33976,8,0,0,8,7
2020-08-21,US,Illinois,Moultrie,128,0,0,39.64187451,-88.62099969,17139.0,882.6977449831046,0.0,128,124,0,0,124,123,14717,4,0,0,4,1
2020-08-21,US,Illinois,Ogle,451,5,0,42.04165196,-89.32184679,17141.0,890.5475583989888,1.1086474501108647,446,450,5,0,445,449,50923,1,0,0,1,1
2020-08-21,US,Illinois,Peoria,2095,38,0,40.78702156,-89.76078901,17143.0,1169.221839612901,1.8138424821002384,2057,2050,38,0,2012,2015,180621,45,0,0,45,35
2020-08-21,US,Illinois,Perry,246,6,0,38.08510853,-89.36856219,17145.0,1176.1331038439473,2.4390243902439024,240,242,5,0,237,239,21174,4,1,0,3,3
2020-08-21,US,Illinois,Piatt,71,0,0,40.01360584,-88.59319339,17147.0,434.41018110621627,0.0,71,71,0,0,71,71,16396,0,0,0,0,0
2020-08-21,US,Illinois,Pike,47,0,0,39.62265059,-90.8877017,17149.0,302.0371441424073,0.0,47,41,0,0,41,39,15611,6,0,0,6,2
2020-08-21,US,Illinois,Pope,11,0,0,37.41391284,-88.56152109,17151.0,263.3468996887718,0.0,11,11,0,0,11,11,4212,0,0,0,0,0
2020-08-21,US,Illinois,Pulaski,102,1,0,37.22631423,-89.13085001,17153.0,1911.9025304592315,0.9803921568627452,101,102,1,0,101,102,5463,0,0,0,0,0
2020-08-21,US,Illinois,Putnam,13,0,0,41.2013541,-89.2869272,17155.0,226.5202997037812,0.0,13,13,0,0,13,13,5740,0,0,0,0,0
2020-08-21,US,Illinois,Randolph,602,7,0,38.05095369,-89.82512254,17157.0,1894.153923604556,1.162790697674419,595,596,7,0,589,570,32106,6,0,0,6,26
2020-08-21,US,Illinois,Richland,48,1,0,38.71240969,-88.08475366,17159.0,309.4179075614001,2.083333333333333,47,46,1,0,45,46,15763,2,0,0,2,0
2020-08-21,US,Illinois,Rock Island,1957,46,0,41.46613806,-90.57042164,17161.0,1379.3443709076043,2.350536535513541,1911,1944,45,0,1899,1933,143477,13,1,0,12,11
2020-08-21,US,Illinois,Saline,149,2,0,37.75332999,-88.54119706,17165.0,634.2854710314589,1.342281879194631,147,149,2,0,147,147,23906,0,0,0,0,2
2020-08-21,US,Illinois,Sangamon,1570,36,0,39.75836914,-89.65872023,17167.0,806.4847538423605,2.2929936305732483,1534,1544,35,0,1509,1532,195348,26,1,0,25,12
2020-08-21,US,Illinois,Schuyler,19,0,0,40.157179799999994,-90.61114163,17169.0,280.73286052009456,0.0,19,19,0,0,19,19,6907,0,0,0,0,0
2020-08-21,US,Illinois,Scott,36,0,0,39.642916899999996,-90.47814431,17171.0,727.1258331650173,0.0,36,36,0,0,36,36,4926,0,0,0,0,0
2020-08-21,US,Illinois,Shelby,129,2,0,39.39133527,-88.80611122,17173.0,596.2836276231857,1.5503875968992251,127,123,2,0,121,119,21741,6,0,0,6,4
2020-08-21,US,Illinois,St. Clair,4723,166,0,38.46996033,-89.93063427,17163.0,1818.734933727656,3.514715223374973,4557,4664,166,0,4498,4626,261059,59,0,0,59,38
2020-08-21,US,Illinois,Stark,9,0,0,41.09309773,-89.79745866,17175.0,168.4762261325346,0.0,9,9,0,0,9,7,5427,0,0,0,0,2
2020-08-21,US,Illinois,Stephenson,361,6,0,42.35129217,-89.662598,17177.0,811.2724167378308,1.6620498614958448,355,355,6,0,349,353,44753,6,0,0,6,2
2020-08-21,US,Illinois,Tazewell,875,9,0,40.50716185,-89.51404662,17179.0,663.8695629082797,1.0285714285714285,866,852,9,0,843,806,132328,23,0,0,23,46
2020-08-21,US,Illinois,Unassigned,1478,209,0,0.0,0.0,90017.0,0.0,14.140730717185384,1269,1384,211,0,1173,1388,,94,-2,0,96,-4
2020-08-21,US,Illinois,Union,387,23,0,37.47119609,-89.25548938,17181.0,2323.905602594127,5.943152454780361,364,382,23,0,359,375,16841,5,0,0,5,7
2020-08-21,US,Illinois,Vermilion,282,2,0,40.18417171,-87.73384359,17183.0,372.23791546767336,0.7092198581560284,280,276,2,0,274,274,76806,6,0,0,6,2
2020-08-21,US,Illinois,Wabash,86,1,0,38.44272901,-87.84922065,17185.0,746.5277777777777,1.162790697674419,85,80,1,0,79,80,11549,6,0,0,6,0
2020-08-21,US,Illinois,Warren,219,0,0,40.84925021,-90.6147432,17187.0,1300.1662312989788,0.0,219,213,0,0,213,210,17032,6,0,0,6,3
2020-08-21,US,Illinois,Washington,82,1,0,38.35309213,-89.40982703,17189.0,590.4803053215237,1.2195121951219512,81,80,1,0,79,78,13995,2,0,0,2,2
2020-08-21,US,Illinois,Wayne,84,2,0,38.42955355,-88.42586459,17191.0,518.0388529139685,2.380952380952381,82,82,2,0,80,80,16332,2,0,0,2,2
2020-08-21,US,Illinois,White,102,0,0,38.08706198,-88.17657461,17193.0,753.4904336263572,0.0,102,101,0,0,101,98,13665,1,0,0,1,3
2020-08-21,US,Illinois,Whiteside,429,18,0,41.75509713,-89.91556058,17195.0,777.5260534662438,4.195804195804196,411,418,18,0,400,416,55626,11,0,0,11,2
2020-08-21,US,Illinois,Will,10501,354,0,41.44619267,-87.97862712,17197.0,1520.2470383340838,3.3711075135701365,10147,10357,353,0,10004,10239,692310,144,1,0,143,118
2020-08-21,US,Illinois,Williamson,654,9,0,37.73033511,-88.92994027,17199.0,982.0262173971801,1.3761467889908257,645,637,8,0,629,620,67056,17,1,0,16,17
2020-08-21,US,Illinois,Winnebago,3998,136,0,42.33641854,-89.16085327,17201.0,1414.8606372889033,3.4017008504252124,3862,3981,136,0,3845,3966,284081,17,0,0,17,15
2020-08-21,US,Illinois,Woodford,225,3,0,40.78579374,-89.20973757,17203.0,585.0386125484283,1.3333333333333333,222,214,3,0,211,205,38463,11,0,0,11,9
2020-08-21,US,Indiana,Adams,152,2,0,40.7457653,-84.93671406,18001.0,424.8539564524695,1.3157894736842106,150,148,2,0,146,142,35636,4,0,0,4,6
2020-08-21,US,Indiana,Allen,4462,172,0,41.09194313,-85.06800636,18003.0,1176.3806390209304,3.8547736441057823,4290,4421,171,0,4250,4370,375351,41,1,0,40,51
2020-08-21,US,Indiana,Bartholomew,969,50,0,39.20744865,-85.89558181,18005.0,1156.6144260494873,5.159958720330239,919,950,49,0,901,941,82753,19,1,0,18,9
2020-08-21,US,Indiana,Benton,75,0,0,40.60626947,-87.31093999,18007.0,857.3388203017832,0.0,75,72,0,0,72,72,8653,3,0,0,3,0
2020-08-21,US,Indiana,Blackford,69,2,0,40.47388153,-85.32499702,18009.0,586.8344956625276,2.898550724637681,67,68,2,0,66,67,11930,1,0,0,1,1
2020-08-21,US,Indiana,Boone,771,46,0,40.0509304,-86.46841646,18011.0,1136.4473858762142,5.9662775616083,725,757,46,0,711,751,66999,14,0,0,14,6
2020-08-21,US,Indiana,Brown,82,2,0,39.19605589,-86.22868909,18013.0,543.3342168036047,2.4390243902439024,80,81,2,0,79,81,15234,1,0,0,1,0
2020-08-21,US,Indiana,Carroll,242,9,0,40.580783200000006,-86.56198812,18015.0,1194.648763390433,3.71900826446281,233,239,9,0,230,234,20127,3,0,0,3,5
2020-08-21,US,Indiana,Cass,1834,9,0,40.76135835,-86.34830753,18017.0,4866.141314441879,0.4907306434023992,1825,1828,9,0,1819,1819,37955,6,0,0,6,9
2020-08-21,US,Indiana,Clark,1535,50,0,38.48015445,-85.70510334,18019.0,1297.5266690334904,3.2573289902280136,1485,1497,50,0,1447,1461,117360,38,0,0,38,36
2020-08-21,US,Indiana,Clay,193,5,0,39.39561833,-87.11723506,18021.0,735.9389895138228,2.5906735751295336,188,188,5,0,183,187,26170,5,0,0,5,1
2020-08-21,US,Indiana,Clinton,495,6,0,40.30319754,-86.47277257,18023.0,1527.8249328682987,1.2121212121212122,489,485,6,0,479,480,32250,10,0,0,10,5
2020-08-21,US,Indiana,Crawford,56,0,0,38.28814402,-86.44518825,18025.0,529.450694904037,0.0,56,54,0,0,54,52,10558,2,0,0,2,2
2020-08-21,US,Indiana,Daviess,380,22,0,38.70186039,-87.07185406,18027.0,1139.39612005637,5.789473684210527,358,360,22,0,338,346,33147,20,0,0,20,14
2020-08-21,US,Indiana,DeKalb,270,4,0,41.39804622,-84.99906934,18033.0,621.046578493387,1.4814814814814814,266,267,4,0,263,260,43226,3,0,0,3,7
2020-08-21,US,Indiana,Dearborn,548,28,0,39.14647946,-84.97333539,18029.0,1108.0108374782644,5.109489051094892,520,544,28,0,516,541,49568,4,0,0,4,3
2020-08-21,US,Indiana,Decatur,365,33,0,39.30712658,-85.50087166,18031.0,1374.2987311269248,9.041095890410961,332,361,32,0,329,360,26794,4,1,0,3,1
2020-08-21,US,Indiana,Delaware,847,53,0,40.22787247,-85.39732772,18035.0,742.1036491873657,6.257378984651713,794,831,53,0,778,825,114772,16,0,0,16,6
2020-08-21,US,Indiana,Dubois,783,16,0,38.36597551,-86.87924170000002,18037.0,1832.178959191314,2.0434227330779056,767,772,16,0,756,767,42565,11,0,0,11,5
2020-08-21,US,Indiana,Elkhart,5265,95,0,41.59761169,-85.85875695,18039.0,2551.6014752278993,1.8043684710351375,5170,5238,93,0,5145,5209,205560,27,2,0,25,29
2020-08-21,US,Indiana,Fayette,258,8,0,39.63684962,-85.17797541,18041.0,1116.7864254177127,3.1007751937984502,250,252,8,0,244,241,23047,6,0,0,6,11
2020-08-21,US,Indiana,Floyd,960,54,0,38.32117957,-85.90385377,18043.0,1222.5873003744173,5.625,906,937,54,0,883,925,77781,23,0,0,23,12
2020-08-21,US,Indiana,Fountain,80,2,0,40.12361933,-87.24217689,18045.0,489.4163709776092,2.5,78,81,2,0,79,77,16351,-1,0,0,-1,4
2020-08-21,US,Indiana,Franklin,257,22,0,39.4142482,-85.06062647,18047.0,1129.2732226030407,8.560311284046692,235,256,22,0,234,254,22736,1,0,0,1,2
2020-08-21,US,Indiana,Fulton,188,2,0,41.0469907,-86.26252745,18049.0,941.2235906678684,1.0638297872340423,186,186,2,0,184,184,20092,2,0,0,2,2
2020-08-21,US,Indiana,Gibson,276,4,0,38.30393723,-87.58054938,18051.0,819.9887103003655,1.4492753623188406,272,268,4,0,264,260,33452,8,0,0,8,8
2020-08-21,US,Indiana,Grant,561,30,0,40.51587228,-85.65468702,18053.0,852.9854490717511,5.3475935828877015,531,554,30,0,524,545,65936,7,0,0,7,9
2020-08-21,US,Indiana,Greene,317,35,0,39.03630547,-86.96223202,18055.0,993.0455485245284,11.041009463722398,282,302,35,0,267,291,32006,15,0,0,15,11
2020-08-21,US,Indiana,Hamilton,3343,106,0,40.07306535,-86.05244729,18057.0,989.0210673617132,3.1708046664672453,3237,3308,106,0,3202,3265,330086,35,0,0,35,43
2020-08-21,US,Indiana,Hancock,738,41,0,39.82304555,-85.77566351,18059.0,944.1203561559716,5.5555555555555545,697,735,41,0,694,729,76351,3,0,0,3,6
2020-08-21,US,Indiana,Harrison,417,24,0,38.19467379,-86.10948271,18061.0,1029.2484265087005,5.755395683453237,393,404,24,0,380,400,40350,13,0,0,13,4
2020-08-21,US,Indiana,Hendricks,2102,110,0,39.76719009,-86.51037283,18063.0,1234.2127049926312,5.233111322549952,1992,2071,110,0,1961,2045,167009,31,0,0,31,26
2020-08-21,US,Indiana,Henry,525,21,0,39.93029017,-85.39625719,18065.0,1094.3883932293836,4.0,504,523,21,0,502,516,48271,2,0,0,2,7
2020-08-21,US,Indiana,Howard,1008,61,0,40.48527731,-86.11351892,18067.0,1221.1668928086838,6.0515873015873005,947,998,61,0,937,990,82366,10,0,0,10,8
2020-08-21,US,Indiana,Huntington,145,3,0,40.82907273,-85.48822092,18069.0,397.0427163198248,2.0689655172413794,142,140,3,0,137,137,36240,5,0,0,5,3
2020-08-21,US,Indiana,Jackson,645,7,0,38.90915820000001,-86.03851889,18071.0,1458.2532612873324,1.0852713178294573,638,642,7,0,635,633,44111,3,0,0,3,9
2020-08-21,US,Indiana,Jasper,286,2,0,41.02078733,-87.11553319,18073.0,852.1542220368274,0.6993006993006993,284,283,2,0,281,276,33370,3,0,0,3,7
2020-08-21,US,Indiana,Jay,110,0,0,40.43781032,-85.00576229,18075.0,538.265805441378,0.0,110,108,0,0,108,104,20764,2,0,0,2,4
2020-08-21,US,Indiana,Jefferson,192,3,0,38.78576239,-85.43633383,18077.0,594.2800544756718,1.5625,189,191,2,0,189,189,32208,1,1,0,0,2
2020-08-21,US,Indiana,Jennings,244,12,0,38.99588883,-85.62710784,18079.0,879.7548224265369,4.918032786885246,232,240,12,0,228,238,27611,4,0,0,4,2
2020-08-21,US,Indiana,Johnson,1900,120,0,39.48994426,-86.10149107,18081.0,1201.2619572982987,6.315789473684211,1780,1885,120,0,1765,1872,156225,15,0,0,15,13
2020-08-21,US,Indiana,Knox,258,3,0,38.68861576,-87.4194665,18083.0,705.0336120675522,1.162790697674419,255,250,3,0,247,211,36895,8,0,0,8,39
2020-08-21,US,Indiana,Kosciusko,901,12,0,41.24521668,-85.86312322,18085.0,1133.9609343536044,1.3318534961154274,889,899,12,0,887,890,79344,2,0,0,2,9
2020-08-21,US,Indiana,LaGrange,577,11,0,41.64232188,-85.42674232,18087.0,1456.5557631140507,1.9064124783362215,566,575,10,0,565,575,39330,2,1,0,1,0
2020-08-21,US,Indiana,LaPorte,1067,30,0,41.54366008,-86.74072188,18091.0,970.9886429819452,2.8116213683223994,1037,1042,30,0,1012,1016,110007,25,0,0,25,26
2020-08-21,US,Indiana,Lake,8438,289,0,41.41874274,-87.38277575,18089.0,1738.027118825606,3.4249822232756584,8149,8355,288,0,8067,8298,484411,83,1,0,82,57
2020-08-21,US,Indiana,Lawrence,377,27,0,38.84112637,-86.48361629,18093.0,830.945558739255,7.161803713527853,350,373,27,0,346,372,45668,4,0,0,4,1
2020-08-21,US,Indiana,Madison,1160,67,0,40.16143691,-85.71964711,18095.0,895.2758761740848,5.775862068965517,1093,1146,67,0,1079,1137,129641,14,0,0,14,9
2020-08-21,US,Indiana,Marion,17200,743,0,39.78163624,-86.13826325,18097.0,1783.1558125695894,4.319767441860465,16457,17068,742,0,16326,16944,954670,132,1,0,131,124
2020-08-21,US,Indiana,Marshall,848,23,0,41.32467367,-86.26185087,18099.0,1833.196420078689,2.712264150943396,825,827,23,0,804,821,46248,21,0,0,21,6
2020-08-21,US,Indiana,Martin,62,0,0,38.7099921,-86.80373186,18101.0,604.5831301803997,0.0,62,61,0,0,61,56,10217,1,0,0,1,5
2020-08-21,US,Indiana,Miami,294,2,0,40.76940965,-86.04525048,18103.0,827.7959229642978,0.6802721088435374,292,291,2,0,289,289,35567,3,0,0,3,2
2020-08-21,US,Indiana,Monroe,833,35,0,39.16130004,-86.52414358,18105.0,561.2035221752868,4.201680672268908,798,822,35,0,787,809,146917,11,0,0,11,13
2020-08-21,US,Indiana,Montgomery,379,21,0,40.04034823,-86.89335024,18107.0,988.5753038760498,5.540897097625329,358,376,21,0,355,372,38346,3,0,0,3,4
2020-08-21,US,Indiana,Morgan,529,35,0,39.47899078,-86.44573375,18109.0,750.4717048050052,6.616257088846881,494,527,35,0,492,521,70116,2,0,0,2,6
2020-08-21,US,Indiana,Newton,126,10,0,40.95610449,-87.39635768,18111.0,901.0297482837527,7.936507936507938,116,123,10,0,113,123,14011,3,0,0,3,0
2020-08-21,US,Indiana,Noble,753,30,0,41.39672484,-85.41966713,18113.0,1577.161528150134,3.98406374501992,723,749,30,0,719,745,47532,4,0,0,4,4
2020-08-21,US,Indiana,Ohio,71,7,0,38.955304999999996,-84.96515993,18115.0,1208.5106382978724,9.859154929577462,64,68,7,0,61,68,5844,3,0,0,3,0
2020-08-21,US,Indiana,Orange,202,24,0,38.54118920000001,-86.49523093,18117.0,1028.1991245037157,11.881188118811881,178,198,24,0,174,196,19489,4,0,0,4,2
2020-08-21,US,Indiana,Owen,128,1,0,39.31145587,-86.83900724,18119.0,615.4142026058945,0.78125,127,123,1,0,122,118,20845,5,0,0,5,5
2020-08-21,US,Indiana,Parke,74,2,0,39.77202286,-87.20375833,18121.0,436.91326681230436,2.702702702702702,72,71,1,0,70,66,16927,3,1,0,2,5
2020-08-21,US,Indiana,Perry,196,13,0,38.07809328,-86.63741946,18123.0,1022.4842193124316,6.632653061224491,183,196,13,0,183,195,19102,0,0,0,0,1
2020-08-21,US,Indiana,Pike,79,0,0,38.40112197,-87.23574907,18125.0,637.6624424893049,0.0,79,77,0,0,77,77,12410,2,0,0,2,0
2020-08-21,US,Indiana,Porter,1528,39,0,41.45986947,-87.06848888,18127.0,896.7715052028008,2.5523560209424083,1489,1505,39,0,1466,1487,169594,23,0,0,23,18
2020-08-21,US,Indiana,Posey,197,0,0,38.02097333,-87.86480429,18129.0,774.766979981909,0.0,197,192,0,0,192,192,25540,5,0,0,5,0
2020-08-21,US,Indiana,Pulaski,91,1,0,41.04166107,-86.69890683,18131.0,736.6631587468631,1.0989010989010992,90,90,1,0,89,88,12469,1,0,0,1,2
2020-08-21,US,Indiana,Putnam,396,8,0,39.66437981,-86.84517605,18133.0,1053.864168618267,2.0202020202020203,388,386,8,0,378,375,37779,10,0,0,10,11
2020-08-21,US,Indiana,Randolph,140,6,0,40.15734772,-85.01139319,18135.0,567.6059193188729,4.285714285714286,134,140,6,0,134,139,24851,0,0,0,0,1
2020-08-21,US,Indiana,Ripley,229,8,0,39.10235626,-85.26212744,18137.0,808.5016240643978,3.4934497816593884,221,229,8,0,221,227,28523,0,0,0,0,2
2020-08-21,US,Indiana,Rush,123,4,0,39.62002287,-85.4655599,18139.0,741.8129184005791,3.2520325203252027,119,120,4,0,116,116,16663,3,0,0,3,4
2020-08-21,US,Indiana,Scott,296,10,0,38.68672078,-85.74627859,18143.0,1239.8944414191765,3.3783783783783785,286,294,10,0,284,293,23878,2,0,0,2,1
2020-08-21,US,Indiana,Shelby,603,28,0,39.52305623,-85.79158570000001,18145.0,1348.1186702139548,4.643449419568823,575,596,28,0,568,589,44593,7,0,0,7,7
2020-08-21,US,Indiana,Spencer,144,3,0,38.01519732,-87.0079644,18147.0,710.1642254771416,2.083333333333333,141,143,3,0,140,142,20327,1,0,0,1,1
2020-08-21,US,Indiana,St. Joseph,4105,87,0,41.61756781,-86.29040834,18141.0,1510.1572329357753,2.1193666260657733,4018,4041,87,0,3954,3971,270771,64,0,0,64,70
2020-08-21,US,Indiana,Starke,185,7,0,41.27890281,-86.64686895,18149.0,804.5227223309415,3.783783783783784,178,185,7,0,178,184,22935,0,0,0,0,1
2020-08-21,US,Indiana,Steuben,232,3,0,41.64423868,-85.00101094,18151.0,670.6365265653002,1.293103448275862,229,231,3,0,228,228,34586,1,0,0,1,3
2020-08-21,US,Indiana,Sullivan,241,4,0,39.08952258,-87.41414469,18153.0,1165.997387391746,1.6597510373443984,237,222,2,0,220,204,20690,19,2,0,17,18
2020-08-21,US,Indiana,Switzerland,62,0,0,38.82767338,-85.03022429,18155.0,576.6905404148451,0.0,62,62,0,0,62,62,10717,0,0,0,0,0
2020-08-21,US,Indiana,Tippecanoe,1402,13,0,40.38872739,-86.89413959,18157.0,716.2855332801994,0.927246790299572,1389,1383,12,0,1371,1369,193048,19,1,0,18,14
2020-08-21,US,Indiana,Tipton,168,18,0,40.31123252,-86.05234925,18159.0,1109.0573012939,10.714285714285714,150,167,18,0,149,166,15128,1,0,0,1,1
2020-08-21,US,Indiana,Unassigned,0,216,0,0.0,0.0,90018.0,0.0,0.0,-216,0,212,0,-212,0,,0,4,0,-4,0
2020-08-21,US,Indiana,Union,52,0,0,39.62550777,-84.92497066,18161.0,737.1703997731784,0.0,52,48,0,0,48,48,7037,4,0,0,4,0
2020-08-21,US,Indiana,Vanderburgh,2290,17,0,38.02658833,-87.58763124,18163.0,1262.0487073645227,0.74235807860262,2273,2252,17,0,2235,2240,180974,38,0,0,38,12
2020-08-21,US,Indiana,Vermillion,71,0,0,39.8523352,-87.46160542,18165.0,458.12362885533616,0.0,71,69,0,0,69,68,15479,2,0,0,2,1
2020-08-21,US,Indiana,Vigo,971,14,0,39.42944561,-87.39169027,18167.0,907.1544685065116,1.4418125643666324,957,929,14,0,915,900,107386,42,0,0,42,29
2020-08-21,US,Indiana,Wabash,191,5,0,40.84704239,-85.79328272,18169.0,616.2085430378113,2.6178010471204187,186,190,5,0,185,186,31280,1,0,0,1,4
2020-08-21,US,Indiana,Warren,33,1,0,40.34728141,-87.35602659,18171.0,399.27404718693293,3.0303030303030303,32,31,1,0,30,29,8263,2,0,0,2,2
2020-08-21,US,Indiana,Warrick,670,30,0,38.08922676,-87.2716085,18173.0,1063.5258262167054,4.477611940298506,640,653,30,0,623,644,62567,17,0,0,17,9
2020-08-21,US,Indiana,Washington,170,1,0,38.60219804,-86.1049363,18175.0,606.3632472535313,0.5882352941176471,169,167,1,0,166,163,27943,3,0,0,3,4
2020-08-21,US,Indiana,Wayne,455,10,0,39.863344399999995,-85.01044989,18177.0,690.60773480663,2.1978021978021984,445,449,10,0,439,438,65936,6,0,0,6,11
2020-08-21,US,Indiana,Wells,187,2,0,40.72934187,-85.22132966,18179.0,660.8707944585808,1.0695187165775402,185,185,2,0,183,183,28206,2,0,0,2,2
2020-08-21,US,Indiana,White,406,11,0,40.74911165,-86.86492015,18181.0,1684.5075097502279,2.70935960591133,395,399,11,0,388,398,24133,7,0,0,7,1
2020-08-21,US,Indiana,Whitley,182,6,0,41.13863784,-85.50791236,18183.0,535.8615004122012,3.2967032967032965,176,177,6,0,171,172,34074,5,0,0,5,5
2020-08-21,US,Iowa,Adair,42,1,0,41.33075609,-94.47105874,19001.0,587.248322147651,2.380952380952381,41,42,1,0,41,42,7063,0,0,0,0,0
2020-08-21,US,Iowa,Adams,20,0,0,41.02903567,-94.69932645,19003.0,555.247084952804,0.0,20,20,0,0,20,18,3645,0,0,0,0,2
2020-08-21,US,Iowa,Allamakee,165,4,0,43.28383218,-91.37860922,19005.0,1205.5234894425364,2.4242424242424243,161,164,4,0,160,163,13832,1,0,0,1,1
2020-08-21,US,Iowa,Appanoose,62,3,0,40.74324454,-92.86865906,19007.0,498.95380653468527,4.838709677419356,59,62,3,0,59,59,12437,0,0,0,0,3
2020-08-21,US,Iowa,Audubon,32,1,0,41.6844628,-94.90581859,19009.0,582.2416302765647,3.125,31,30,1,0,29,30,5506,2,0,0,2,0
2020-08-21,US,Iowa,Benton,181,1,0,42.08011739,-92.06463573,19011.0,705.7906024566192,0.5524861878453039,180,181,1,0,180,179,25642,0,0,0,0,2
2020-08-21,US,Iowa,Black Hawk,3487,69,0,42.4704581,-92.30524729,19013.0,2657.2073033194133,1.9787783194723256,3418,3433,67,0,3366,3396,132408,54,2,0,52,37
2020-08-21,US,Iowa,Boone,310,3,0,42.03657094,-93.9313999,19015.0,1181.6726385606464,0.967741935483871,307,302,3,0,299,298,26346,8,0,0,8,4
2020-08-21,US,Iowa,Bremer,260,7,0,42.77461496,-92.31795937,19017.0,1037.4271805921314,2.6923076923076925,253,257,7,0,250,250,24947,3,0,0,3,7
2020-08-21,US,Iowa,Buchanan,164,1,0,42.4709188,-91.83510825,19019.0,774.4982290436836,0.6097560975609756,163,157,1,0,156,154,21199,7,0,0,7,3
2020-08-21,US,Iowa,Buena Vista,1811,12,0,42.73545875,-95.15100162,19021.0,9230.377166156984,0.6626173384870238,1799,1809,12,0,1797,1808,19874,2,0,0,2,1
2020-08-21,US,Iowa,Butler,151,2,0,42.73172833,-92.79015971,19023.0,1045.7787935452593,1.3245033112582782,149,149,2,0,147,146,14539,2,0,0,2,3
2020-08-21,US,Iowa,Calhoun,98,2,0,42.38521079,-94.64046046,19025.0,1013.6532892014894,2.0408163265306123,96,97,2,0,95,92,9699,1,0,0,1,5
2020-08-21,US,Iowa,Carroll,286,2,0,42.03617207,-94.86032705,19027.0,1418.299032977932,0.6993006993006993,284,269,2,0,267,246,20154,17,0,0,17,23
2020-08-21,US,Iowa,Cass,103,2,0,41.33149454,-94.92792482,19029.0,802.4306637581801,1.9417475728155342,101,102,2,0,100,97,12930,1,0,0,1,5
2020-08-21,US,Iowa,Cedar,143,1,0,41.77233777,-91.13246684,19031.0,767.7027970150856,0.6993006993006993,142,142,1,0,141,140,18627,1,0,0,1,2
2020-08-21,US,Iowa,Cerro Gordo,700,20,0,43.08177563,-93.2612239,19033.0,1648.9988221436984,2.8571428571428568,680,691,20,0,671,673,42647,9,0,0,9,18
2020-08-21,US,Iowa,Cherokee,125,1,0,42.73538914,-95.62389402,19035.0,1112.5945705384959,0.8,124,123,1,0,122,122,11321,2,0,0,2,1
2020-08-21,US,Iowa,Chickasaw,84,0,0,43.06001295,-92.31773347,19037.0,703.9302773820497,0.0,84,79,0,0,79,76,11964,5,0,0,5,3
2020-08-21,US,Iowa,Clarke,215,3,0,41.02868181,-93.78499767,19039.0,2288.451303885045,1.3953488372093024,212,216,3,0,213,212,9423,-1,0,0,-1,4
2020-08-21,US,Iowa,Clay,229,1,0,43.08247182,-95.15096481,19041.0,1429.82017982018,0.4366812227074236,228,226,1,0,225,223,16134,3,0,0,3,3
2020-08-21,US,Iowa,Clayton,147,3,0,42.84443388,-91.34133693,19043.0,837.6545672118069,2.0408163265306123,144,139,3,0,136,132,17556,8,0,0,8,7
2020-08-21,US,Iowa,Clinton,625,5,0,41.89981633,-90.53275096,19045.0,1346.141420233044,0.8,620,600,5,0,595,564,46518,25,0,0,25,36
2020-08-21,US,Iowa,Crawford,776,3,0,42.03718237,-95.3819718,19047.0,4613.555291319857,0.3865979381443299,773,769,3,0,766,765,17158,7,0,0,7,4
2020-08-21,US,Iowa,Dallas,2073,35,0,41.68560356,-94.04127625,19049.0,2218.2273442265096,1.6883743367100816,2038,2056,35,0,2021,2018,90180,17,0,0,17,38
2020-08-21,US,Iowa,Davis,74,2,0,40.74773536,-92.41005468,19051.0,822.2222222222223,2.702702702702702,72,72,2,0,70,72,9017,2,0,0,2,0
2020-08-21,US,Iowa,Decatur,32,0,0,40.73742757,-93.78645949,19053.0,406.6073697585769,0.0,32,32,0,0,32,31,7890,0,0,0,0,1
2020-08-21,US,Iowa,Delaware,159,2,0,42.47104597,-91.3664492,19055.0,934.6893186761508,1.2578616352201255,157,151,2,0,149,147,17069,8,0,0,8,4
2020-08-21,US,Iowa,Des Moines,394,2,0,40.92012606,-91.18326592,19057.0,1011.1119665357868,0.5076142131979695,392,368,2,0,366,327,39138,26,0,0,26,41
2020-08-21,US,Iowa,Dickinson,399,5,0,43.37787725,-95.1510206,19059.0,2311.971259705644,1.2531328320802004,394,393,5,0,388,392,17153,6,0,0,6,1
2020-08-21,US,Iowa,Dubuque,1885,35,0,42.46815349,-90.88181925,19061.0,1937.0883045082267,1.856763925729443,1850,1868,34,0,1834,1849,96854,17,1,0,16,19
2020-08-21,US,Iowa,Emmet,210,7,0,43.37782951,-94.67858943,19063.0,2280.625543006081,3.333333333333333,203,209,6,0,203,206,9253,1,1,0,0,3
2020-08-21,US,Iowa,Fayette,120,0,0,42.86271799,-91.84412309999999,19065.0,610.6870229007634,0.0,120,114,0,0,114,114,19660,6,0,0,6,0
2020-08-21,US,Iowa,Floyd,183,3,0,43.06000529999999,-92.78940097,19067.0,1169.9271192942078,1.639344262295082,180,179,3,0,176,172,15761,4,0,0,4,7
2020-08-21,US,Iowa,Franklin,273,16,0,42.73270384,-93.26256925,19069.0,2711.0228401191657,5.86080586080586,257,268,16,0,252,267,10124,5,0,0,5,1
2020-08-21,US,Iowa,Fremont,50,0,0,40.74542720000001,-95.60129045,19071.0,718.3908045977013,0.0,50,50,0,0,50,48,6993,0,0,0,0,2
2020-08-21,US,Iowa,Greene,45,0,0,42.03614551,-94.39658081,19073.0,506.3006300630063,0.0,45,43,0,0,43,43,8981,2,0,0,2,0
2020-08-21,US,Iowa,Grundy,108,1,0,42.40183723,-92.78829551,19075.0,882.9300196206668,0.925925925925926,107,104,1,0,103,98,12304,4,0,0,4,6
2020-08-21,US,Iowa,Guthrie,156,5,0,41.68378965,-94.50111014,19077.0,1459.4442885209094,3.2051282051282053,151,155,5,0,150,150,10720,1,0,0,1,5
2020-08-21,US,Iowa,Hamilton,244,2,0,42.38382428,-93.70197703,19079.0,1651.6618154741761,0.819672131147541,242,242,2,0,240,239,14952,2,0,0,2,3
2020-08-21,US,Iowa,Hancock,130,2,0,43.08178477,-93.73454884,19081.0,1222.9539040451552,1.5384615384615383,128,129,2,0,127,126,10712,1,0,0,1,3
2020-08-21,US,Iowa,Hardin,208,1,0,42.38353877,-93.23654611,19083.0,1234.7144722782855,0.4807692307692308,207,205,1,0,204,197,16868,3,0,0,3,8
2020-08-21,US,Iowa,Harrison,131,1,0,41.68330137,-95.81558439,19085.0,932.4507082354615,0.7633587786259542,130,129,1,0,128,125,14134,2,0,0,2,4
2020-08-21,US,Iowa,Henry,197,4,0,40.98767962,-91.54436349,19087.0,987.2707226621228,2.0304568527918785,193,190,4,0,186,178,20067,7,0,0,7,12
2020-08-21,US,Iowa,Howard,83,0,0,43.35671042,-92.31702714,19089.0,906.3114217077963,0.0,83,78,0,0,78,71,9187,5,0,0,5,7
2020-08-21,US,Iowa,Humboldt,97,2,0,42.7764426,-94.20722537,19091.0,1014.8566645741788,2.061855670103093,95,96,2,0,94,96,9547,1,0,0,1,0
2020-08-21,US,Iowa,Ida,34,0,0,42.38696136,-95.51355387,19093.0,495.6268221574344,0.0,34,35,0,0,35,34,6841,-1,0,0,-1,1
2020-08-21,US,Iowa,Iowa,104,1,0,41.68630265,-92.0643373,19095.0,642.6099851705388,0.9615384615384616,103,103,1,0,102,101,16141,1,0,0,1,2
2020-08-21,US,Iowa,Jackson,177,1,0,42.17178824,-90.57354837,19097.0,910.5406656721024,0.5649717514124294,176,174,1,0,173,174,19432,3,0,0,3,0
2020-08-21,US,Iowa,Jasper,514,29,0,41.68576082,-93.05567785,19099.0,1382.277800188248,5.642023346303503,485,510,29,0,481,507,37147,4,0,0,4,3
2020-08-21,US,Iowa,Jefferson,100,0,0,41.03192394,-91.94849466,19101.0,546.5974309920744,0.0,100,98,0,0,98,95,18381,2,0,0,2,3
2020-08-21,US,Iowa,Johnson,2370,24,0,41.67169354,-91.58754744,19103.0,1568.0825724493848,1.0126582278481011,2346,2311,24,0,2287,2279,151260,59,0,0,59,32
2020-08-21,US,Iowa,Jones,146,2,0,42.12118609,-91.13139641,19105.0,705.9619941008656,1.3698630136986298,144,146,2,0,144,141,20744,0,0,0,0,5
2020-08-21,US,Iowa,Keokuk,46,1,0,41.33649833,-92.1785067,19107.0,448.95569002537576,2.1739130434782608,45,47,1,0,46,46,10225,-1,0,0,-1,1
2020-08-21,US,Iowa,Kossuth,110,0,0,43.20405458,-94.20691791,19109.0,742.5909673935057,0.0,110,109,0,0,109,106,14908,1,0,0,1,3
2020-08-21,US,Iowa,Lee,233,5,0,40.64181461,-91.48183025,19111.0,692.2779808063701,2.145922746781116,228,210,5,0,205,189,34055,23,0,0,23,21
2020-08-21,US,Iowa,Linn,2701,90,0,42.07923082,-91.59809485,19113.0,1191.4109022257906,3.3320992225101813,2611,2667,89,0,2578,2623,225909,34,1,0,33,44
2020-08-21,US,Iowa,Louisa,382,14,0,41.21842119,-91.26102611,19115.0,3461.712732215677,3.6649214659685865,368,381,14,0,367,379,11169,1,0,0,1,2
2020-08-21,US,Iowa,Lucas,79,4,0,41.02958964,-93.32780803,19117.0,918.6046511627907,5.063291139240507,75,79,4,0,75,78,8645,0,0,0,0,1
2020-08-21,US,Iowa,Lyon,132,2,0,43.38107862,-96.20926845,19119.0,1122.9264142917907,1.5151515151515151,130,132,2,0,130,132,11811,0,0,0,0,0
2020-08-21,US,Iowa,Madison,144,2,0,41.33081904,-94.01554631,19121.0,881.3808299669482,1.3888888888888888,142,144,2,0,142,141,16249,0,0,0,0,3
2020-08-21,US,Iowa,Mahaska,156,18,0,41.33521503,-92.64083907,19123.0,706.0420909708077,11.538461538461537,138,153,17,0,136,150,22000,3,1,0,2,3
2020-08-21,US,Iowa,Marion,268,0,0,41.33445101,-93.09934783,19125.0,805.9423209935945,0.0,268,247,0,0,247,222,33407,21,0,0,21,25
2020-08-21,US,Iowa,Marshall,1555,28,0,42.03586837,-92.99908190000001,19127.0,3949.808224745358,1.8006430868167205,1527,1545,28,0,1517,1528,39981,10,0,0,10,17
2020-08-21,US,Iowa,Mills,112,1,0,41.03299766,-95.61920963,19129.0,741.2800317691443,0.8928571428571429,111,111,1,0,110,104,15063,1,0,0,1,7
2020-08-21,US,Iowa,Mitchell,88,0,0,43.35638371,-92.78887719,19131.0,831.2866049499339,0.0,88,86,0,0,86,85,10569,2,0,0,2,1
2020-08-21,US,Iowa,Monona,101,1,0,42.05220391,-95.95743843,19133.0,1172.3737666860127,0.99009900990099,100,97,1,0,96,95,8679,4,0,0,4,2
2020-08-21,US,Iowa,Monroe,89,8,0,41.02988815,-92.8690667,19135.0,1154.794342805242,8.98876404494382,81,87,8,0,79,82,7790,2,0,0,2,5
2020-08-21,US,Iowa,Montgomery,68,4,0,41.03018714,-95.15642896,19137.0,685.6912372693355,5.882352941176472,64,66,4,0,62,66,10003,2,0,0,2,0
2020-08-21,US,Iowa,Muscatine,921,48,0,41.48370744,-91.11216970000001,19139.0,2158.7286705419087,5.2117263843648205,873,916,48,0,868,902,42929,5,0,0,5,14
2020-08-21,US,Iowa,O'Brien,160,7,0,43.08310673,-95.62474482,19141.0,1163.3825347196976,4.375,153,158,7,0,151,155,13840,2,0,0,2,3
2020-08-21,US,Iowa,Osceola,90,0,0,43.37824276,-95.62422844,19143.0,1510.5740181268882,0.0,90,90,0,0,90,90,6040,0,0,0,0,0
2020-08-21,US,Iowa,Page,105,0,0,40.7393172,-95.1497813,19145.0,695.0420334944066,0.0,105,105,0,0,105,104,15249,0,0,0,0,1
2020-08-21,US,Iowa,Palo Alto,104,0,0,43.08193849,-94.67824621,19147.0,1170.380373621427,0.0,104,102,0,0,102,101,8929,2,0,0,2,1
2020-08-21,US,Iowa,Plymouth,598,15,0,42.737633,-96.21366621,19149.0,2375.1836994081896,2.508361204013378,583,572,15,0,557,544,25095,26,0,0,26,28
2020-08-21,US,Iowa,Pocahontas,121,2,0,42.73420133,-94.67862564,19151.0,1828.070705544644,1.6528925619834711,119,119,2,0,117,119,6740,2,0,0,2,0
2020-08-21,US,Iowa,Polk,11546,214,0,41.68679484,-93.57767461,19153.0,2355.552563341433,1.8534557422483977,11332,11436,212,0,11224,11220,487204,110,2,0,108,216
2020-08-21,US,Iowa,Pottawattamie,1491,31,0,41.33640314,-95.53907776,19155.0,1599.682423878291,2.079141515761234,1460,1484,31,0,1453,1461,93533,7,0,0,7,23
2020-08-21,US,Iowa,Poweshiek,175,8,0,41.68625425,-92.53155731,19157.0,945.7414613056636,4.571428571428571,167,172,8,0,164,167,18699,3,0,0,3,5
2020-08-21,US,Iowa,Ringgold,29,1,0,40.73518949,-94.24368535,19159.0,592.5623212096444,3.4482758620689653,28,28,1,0,27,25,4968,1,0,0,1,3
2020-08-21,US,Iowa,Sac,98,0,0,42.38624071,-95.10547892,19161.0,1008.1267359325172,0.0,98,97,0,0,97,94,9719,1,0,0,1,3
2020-08-21,US,Iowa,Scott,1970,18,0,41.63935978,-90.61959493,19163.0,1139.1036353018046,0.9137055837563453,1952,1933,17,0,1916,1903,173283,37,1,0,36,30
2020-08-21,US,Iowa,Shelby,205,1,0,41.6850066,-95.31015553,19165.0,1789.76776671905,0.4878048780487805,204,203,1,0,202,199,11578,2,0,0,2,4
2020-08-21,US,Iowa,Sioux,757,3,0,43.08221074,-96.17675679999999,19167.0,2171.8548271410127,0.3963011889035667,754,735,3,0,732,715,34909,22,0,0,22,20
2020-08-21,US,Iowa,Story,1531,16,0,42.03621213,-93.46499005,19169.0,1576.4490254023497,1.0450685826257349,1515,1477,16,0,1461,1440,98105,54,0,0,54,37
2020-08-21,US,Iowa,Tama,582,29,0,42.07991767,-92.53266945,19171.0,3453.186187255251,4.9828178694158085,553,577,29,0,548,572,16904,5,0,0,5,5
2020-08-21,US,Iowa,Taylor,105,0,0,40.73710579,-94.69778563,19173.0,1715.4059794151285,0.0,105,105,0,0,105,104,6191,0,0,0,0,1
2020-08-21,US,Iowa,Unassigned,8,0,0,0.0,0.0,90019.0,0.0,0.0,8,5,0,0,5,4,,3,0,0,3,1
2020-08-21,US,Iowa,Union,90,3,0,41.0277278,-94.24234847,19175.0,735.2340495057592,3.333333333333333,87,89,3,0,86,89,12359,1,0,0,1,0
2020-08-21,US,Iowa,Van Buren,45,1,0,40.75326764,-91.95017958,19177.0,638.8415672913118,2.2222222222222223,44,44,1,0,43,42,7020,1,0,0,1,2
2020-08-21,US,Iowa,Wapello,991,43,0,41.03064984,-92.40954728,19179.0,2833.938631359204,4.339051463168516,948,982,39,0,943,969,35205,9,4,0,5,13
2020-08-21,US,Iowa,Warren,632,4,0,41.33559454,-93.56007641,19181.0,1227.9951812847314,0.6329113924050633,628,628,4,0,624,612,51056,4,0,0,4,16
2020-08-21,US,Iowa,Washington,316,10,0,41.33577126,-91.71725711,19183.0,1438.6524015479172,3.1645569620253164,306,316,10,0,306,313,22141,0,0,0,0,3
2020-08-21,US,Iowa,Wayne,31,2,0,40.73969028,-93.32752197,19185.0,481.2917248874398,6.451612903225807,29,31,2,0,29,27,6401,0,0,0,0,4
2020-08-21,US,Iowa,Webster,688,8,0,42.42853483,-94.17987389,19187.0,1916.2210338680927,1.162790697674419,680,687,8,0,679,683,36277,1,0,0,1,4
2020-08-21,US,Iowa,Winnebago,139,2,0,43.37751174,-93.73407298,19189.0,1342.476337647286,1.4388489208633093,137,123,2,0,121,120,10518,16,0,0,16,3
2020-08-21,US,Iowa,Winneshiek,161,1,0,43.29094334,-91.84422722,19191.0,805.3624130858886,0.6211180124223602,160,144,1,0,143,124,20029,17,0,0,17,20
2020-08-21,US,Iowa,Woodbury,3902,54,0,42.38979414,-96.0459439,19193.0,3784.418128740047,1.3839056893900563,3848,3884,54,0,3830,3858,102539,18,0,0,18,26
2020-08-21,US,Iowa,Worth,74,0,0,43.37750768,-93.26087602,19195.0,1002.574176940794,0.0,74,73,0,0,73,71,7453,1,0,0,1,2
2020-08-21,US,Iowa,Wright,490,1,0,42.73305373,-93.73515113,19197.0,3900.652762298997,0.20408163265306126,489,490,1,0,489,488,12690,0,0,0,0,2
2020-08-21,US,Kansas,Allen,20,0,0,37.88582951,-95.30030847,20001.0,161.69455897809038,0.0,20,20,0,0,20,20,12444,0,0,0,0,0
2020-08-21,US,Kansas,Anderson,32,0,0,38.21413251,-95.29272815,20003.0,407.22830236701446,0.0,32,32,0,0,32,32,7878,0,0,0,0,0
2020-08-21,US,Kansas,Atchison,99,0,0,39.53185661,-95.30870026,20005.0,615.9397747775773,0.0,99,99,0,0,99,99,16193,0,0,0,0,0
2020-08-21,US,Kansas,Barber,5,0,0,37.2288586,-98.68460053,20007.0,112.943302462164,0.0,5,6,0,0,6,6,4472,-1,0,0,-1,0
2020-08-21,US,Kansas,Barton,216,4,0,38.47889676,-98.75636726,20009.0,837.8913068776911,1.851851851851852,212,204,3,0,201,195,26111,12,1,0,11,9
2020-08-21,US,Kansas,Bourbon,82,2,0,37.85508555,-94.84865997,20011.0,564.1943030136233,2.4390243902439024,80,82,2,0,80,82,14653,0,0,0,0,0
2020-08-21,US,Kansas,Brown,59,0,0,39.82652589,-95.56421698,20013.0,616.89669594312,0.0,59,53,0,0,53,53,9598,6,0,0,6,0
2020-08-21,US,Kansas,Butler,378,2,0,37.78134351,-96.83878537,20015.0,564.9295332605999,0.5291005291005291,376,374,2,0,372,367,66765,4,0,0,4,7
2020-08-21,US,Kansas,Chase,58,0,0,38.30292938,-96.59563862,20017.0,2190.332326283988,0.0,58,58,0,0,58,58,2629,0,0,0,0,0
2020-08-21,US,Kansas,Chautauqua,7,0,0,37.14994405,-96.2454192,20019.0,215.38461538461544,0.0,7,7,0,0,7,7,3309,0,0,0,0,0
2020-08-21,US,Kansas,Cherokee,204,0,0,37.16928494,-94.8462897,20021.0,1023.1205175786148,0.0,204,191,0,0,191,191,20015,13,0,0,13,0
2020-08-21,US,Kansas,Cheyenne,5,0,0,39.78580976,-101.7318201,20023.0,188.1821603312006,0.0,5,5,0,0,5,5,2660,0,0,0,0,0
2020-08-21,US,Kansas,Clark,45,1,0,37.23577007,-99.81883015,20025.0,2256.7703109327986,2.2222222222222223,44,45,1,0,44,45,2005,0,0,0,0,0
2020-08-21,US,Kansas,Clay,23,2,0,39.34948772,-97.16518128,20027.0,287.42814296425894,8.695652173913043,21,22,2,0,20,22,7997,1,0,0,1,0
2020-08-21,US,Kansas,Cloud,43,0,0,39.48028352,-97.64925343,20029.0,489.4149783746869,0.0,43,43,0,0,43,43,8729,0,0,0,0,0
2020-08-21,US,Kansas,Coffey,73,8,0,38.2365018,-95.73379515,20031.0,892.5296491013571,10.958904109589039,65,71,8,0,63,71,8233,2,0,0,2,0
2020-08-21,US,Kansas,Comanche,9,0,0,37.19114520000001,-99.27113247,20033.0,529.4117647058823,0.0,9,9,0,0,9,9,1748,0,0,0,0,0
2020-08-21,US,Kansas,Cowley,222,2,0,37.23781842,-96.83776647,20035.0,635.9573736679271,0.9009009009009008,220,203,2,0,201,203,35218,19,0,0,19,0
2020-08-21,US,Kansas,Crawford,413,1,0,37.50675523,-94.85245778,20037.0,1063.9394095522696,0.2421307506053269,412,405,1,0,404,405,39019,8,0,0,8,0
2020-08-21,US,Kansas,Decatur,6,0,0,39.78468441,-100.45940809999999,20039.0,212.2391227449593,0.0,6,6,0,0,6,6,2871,0,0,0,0,0
2020-08-21,US,Kansas,Dickinson,64,1,0,38.86600962,-97.15532383,20041.0,346.5829091302935,1.5625,63,53,1,0,52,53,18717,11,0,0,11,0
2020-08-21,US,Kansas,Doniphan,58,0,0,39.79067154,-95.14056866,20043.0,763.1578947368422,0.0,58,58,0,0,58,58,7682,0,0,0,0,0
2020-08-21,US,Kansas,Douglas,892,8,0,38.88503636,-95.2925121,20045.0,729.5986389550052,0.8968609865470852,884,873,5,0,868,861,121436,19,3,0,16,12
2020-08-21,US,Kansas,Edwards,12,0,0,37.88735543,-99.31263309,20047.0,428.87776983559684,0.0,12,12,0,0,12,12,2849,0,0,0,0,0
2020-08-21,US,Kansas,Elk,1,0,0,37.45338105,-96.24369667,20049.0,39.52569169960474,0.0,1,1,0,0,1,1,2508,0,0,0,0,0
2020-08-21,US,Kansas,Ellis,180,1,0,38.91458712,-99.31751551,20051.0,630.4066122649109,0.5555555555555556,179,171,1,0,170,171,28710,9,0,0,9,0
2020-08-21,US,Kansas,Ellsworth,24,0,0,38.69677695,-98.20462799,20053.0,393.31366764995084,0.0,24,22,0,0,22,22,6196,2,0,0,2,0
2020-08-21,US,Kansas,Finney,1844,12,0,38.04340344,-100.73819379999999,20055.0,5056.626539062714,0.6507592190889371,1832,1837,12,0,1825,1830,36611,7,0,0,7,7
2020-08-21,US,Kansas,Ford,2202,10,0,37.69200114,-99.88825298,20057.0,6549.8676343734205,0.4541326067211626,2192,2198,10,0,2188,2198,33888,4,0,0,4,0
2020-08-21,US,Kansas,Franklin,243,2,0,38.56443815,-95.28644341,20059.0,951.2997181334167,0.8230452674897121,241,241,2,0,239,241,25631,2,0,0,2,0
2020-08-21,US,Kansas,Geary,182,2,0,38.99871131,-96.7577178,20061.0,574.6763498579098,1.0989010989010992,180,182,2,0,180,176,32594,0,0,0,0,6
2020-08-21,US,Kansas,Gove,7,0,0,38.91588178,-100.4829321,20063.0,265.5538694992413,0.0,7,6,0,0,6,6,2612,1,0,0,1,0
2020-08-21,US,Kansas,Graham,23,0,0,39.34987223,-99.88332493,20065.0,926.6720386784853,0.0,23,23,0,0,23,23,2492,0,0,0,0,0
2020-08-21,US,Kansas,Grant,135,3,0,37.56227336,-101.3079758,20067.0,1888.1118881118882,2.2222222222222223,132,135,3,0,132,132,7336,0,0,0,0,3
2020-08-21,US,Kansas,Gray,98,0,0,37.73836671,-100.4369088,20069.0,1636.6065464261856,0.0,98,98,0,0,98,98,6033,0,0,0,0,0
2020-08-21,US,Kansas,Greeley,4,0,0,38.4808095,-101.8061079,20071.0,324.67532467532465,0.0,4,4,0,0,4,4,1227,0,0,0,0,0
2020-08-21,US,Kansas,Greenwood,23,0,0,37.8774388,-96.23250453,20073.0,384.4867937144768,0.0,23,23,0,0,23,23,6055,0,0,0,0,0
2020-08-21,US,Kansas,Hamilton,42,0,0,37.99978709,-101.7921066,20075.0,1654.1945647892871,0.0,42,42,0,0,42,42,2607,0,0,0,0,0
2020-08-21,US,Kansas,Harper,35,0,0,37.19175361,-98.07578384,20077.0,643.8557763061075,0.0,35,32,0,0,32,32,5506,3,0,0,3,0
2020-08-21,US,Kansas,Harvey,271,4,0,38.04293782,-97.42747573,20079.0,787.127131197537,1.4760147601476017,267,268,4,0,264,268,34210,3,0,0,3,0
2020-08-21,US,Kansas,Haskell,44,0,0,37.562039399999996,-100.8710738,20081.0,1108.8709677419354,0.0,44,44,0,0,44,44,3997,0,0,0,0,0
2020-08-21,US,Kansas,Hodgeman,12,0,0,38.08780079,-99.89829881,20083.0,668.8963210702342,0.0,12,12,0,0,12,12,1818,0,0,0,0,0
2020-08-21,US,Kansas,Jackson,181,1,0,39.41673394,-95.79356799,20085.0,1374.2312656594033,0.5524861878453039,180,176,1,0,175,176,13280,5,0,0,5,0
2020-08-21,US,Kansas,Jefferson,104,0,0,39.2347941,-95.38289232,20087.0,546.1324371160006,0.0,104,99,0,0,99,99,18975,5,0,0,5,0
2020-08-21,US,Kansas,Jewell,14,1,0,39.78470589,-98.21820662,20089.0,486.2799583188608,7.142857142857142,13,14,1,0,13,14,2841,0,0,0,0,0
2020-08-21,US,Kansas,Johnson,7004,110,0,38.88548175,-94.82250877,20091.0,1162.6806728408485,1.5705311250713878,6894,6860,110,0,6750,6736,597555,144,0,0,144,124
2020-08-21,US,Kansas,Kearny,68,1,0,38.00017981,-101.32168100000001,20093.0,1771.756122980719,1.4705882352941178,67,68,1,0,67,68,3943,0,0,0,0,0
2020-08-21,US,Kansas,Kingman,34,0,0,37.55909527,-98.13638678,20095.0,475.39149888143163,0.0,34,33,0,0,33,31,7310,1,0,0,1,2
2020-08-21,US,Kansas,Kiowa,8,0,0,37.55848695,-99.2856537,20097.0,323.2323232323232,0.0,8,8,0,0,8,8,2516,0,0,0,0,0
2020-08-21,US,Kansas,Labette,166,1,0,37.19113093,-95.29849679,20099.0,846.1616882454888,0.6024096385542169,165,165,1,0,164,165,19964,1,0,0,1,0
2020-08-21,US,Kansas,Lane,7,0,0,38.48119447,-100.46607540000001,20101.0,456.02605863192184,0.0,7,6,0,0,6,6,1560,1,0,0,1,0
2020-08-21,US,Kansas,Leavenworth,1572,9,0,39.20183497,-95.03620809,20103.0,1922.747621027912,0.5725190839694656,1563,1560,9,0,1551,1560,81352,12,0,0,12,0
2020-08-21,US,Kansas,Lincoln,6,0,0,39.04549684,-98.20756994,20105.0,202.56583389601624,0.0,6,6,0,0,6,6,3023,0,0,0,0,0
2020-08-21,US,Kansas,Linn,50,0,0,38.21267844,-94.84254089,20107.0,515.3045449860866,0.0,50,50,0,0,50,50,9750,0,0,0,0,0
2020-08-21,US,Kansas,Logan,2,0,0,38.91735806,-101.148475,20109.0,71.58196134574086,0.0,2,2,0,0,2,2,2844,0,0,0,0,0
2020-08-21,US,Kansas,Lyon,857,14,0,38.45576156,-96.15275715,20111.0,2581.714113571321,1.633605600933489,843,842,14,0,828,765,33406,15,0,0,15,77
2020-08-21,US,Kansas,Marion,60,1,0,38.35855394,-97.09852509999999,20115.0,504.88051161225184,1.6666666666666667,59,59,1,0,58,59,11950,1,0,0,1,0
2020-08-21,US,Kansas,Marshall,13,0,0,39.78359669,-96.52278974,20117.0,133.92397239105802,0.0,13,13,0,0,13,13,9722,0,0,0,0,0
2020-08-21,US,Kansas,McPherson,195,1,0,38.39184858,-97.64769869,20113.0,683.2036998108051,0.5128205128205128,194,194,1,0,193,176,28537,1,0,0,1,18
2020-08-21,US,Kansas,Meade,58,0,0,37.23859987,-100.36483100000001,20119.0,1438.1353830895114,0.0,58,56,0,0,56,56,4146,2,0,0,2,0
2020-08-21,US,Kansas,Miami,167,0,0,38.56383358,-94.83832189,20121.0,487.7763822764845,0.0,167,165,0,0,165,165,33680,2,0,0,2,0
2020-08-21,US,Kansas,Mitchell,28,0,0,39.39331582,-98.20906732,20123.0,468.3057367452751,0.0,28,28,0,0,28,28,6150,0,0,0,0,0
2020-08-21,US,Kansas,Montgomery,204,5,0,37.19236568,-95.74329258,20125.0,640.9249426623518,2.4509803921568634,199,198,5,0,193,193,32120,6,0,0,6,5
2020-08-21,US,Kansas,Morris,15,0,0,38.68827511,-96.65128437,20127.0,266.9039145907473,0.0,15,12,0,0,12,12,5521,3,0,0,3,0
2020-08-21,US,Kansas,Morton,10,2,0,37.19141121,-101.79925190000002,20129.0,386.54812524159263,20.0,8,10,2,0,8,10,2667,0,0,0,0,0
2020-08-21,US,Kansas,Nemaha,53,1,0,39.78345387,-96.01392079,20131.0,518.0334278174176,1.8867924528301887,52,53,1,0,52,53,10155,0,0,0,0,0
2020-08-21,US,Kansas,Neosho,72,0,0,37.55862897,-95.30670046,20133.0,449.8032110951458,0.0,72,66,0,0,66,66,15951,6,0,0,6,0
2020-08-21,US,Kansas,Ness,11,0,0,38.47974157,-99.91547333,20135.0,400.0,0.0,11,9,0,0,9,9,2840,2,0,0,2,0
2020-08-21,US,Kansas,Norton,23,0,0,39.78443827,-99.90286639,20137.0,429.0244357396009,0.0,23,23,0,0,23,23,5430,0,0,0,0,0
2020-08-21,US,Kansas,Osage,53,0,0,38.65235984,-95.72707998,20139.0,332.30923568875784,0.0,53,52,0,0,52,52,15941,1,0,0,1,0
2020-08-21,US,Kansas,Osborne,4,0,0,39.3503437,-98.76753828,20141.0,116.92487576731949,0.0,4,4,0,0,4,4,3475,0,0,0,0,0
2020-08-21,US,Kansas,Ottawa,39,0,0,39.13237408,-97.65020313,20143.0,683.7307152875176,0.0,39,39,0,0,39,39,5802,0,0,0,0,0
2020-08-21,US,Kansas,Pawnee,76,0,0,38.18108732,-99.23692334,20145.0,1184.9080137199876,0.0,76,65,0,0,65,65,6562,11,0,0,11,0
2020-08-21,US,Kansas,Phillips,51,8,0,39.78465501,-99.34668865,20147.0,974.3981658387466,15.68627450980392,43,51,8,0,43,51,5317,0,0,0,0,0
2020-08-21,US,Kansas,Pottawatomie,139,0,0,39.37925655,-96.34564657,20149.0,570.0693105852438,0.0,139,139,0,0,139,139,24277,0,0,0,0,0
2020-08-21,US,Kansas,Pratt,37,0,0,37.64780729,-98.73922153,20151.0,403.7538192928852,0.0,37,35,0,0,35,35,9378,2,0,0,2,0
2020-08-21,US,Kansas,Reno,563,1,0,37.95230263,-98.08607292,20155.0,908.0938094777252,0.17761989342806395,562,549,1,0,548,538,62342,14,0,0,14,11
2020-08-21,US,Kansas,Republic,34,0,0,39.82799632,-97.65036709,20157.0,733.3908541846422,0.0,34,34,0,0,34,34,4664,0,0,0,0,0
2020-08-21,US,Kansas,Rice,42,1,0,38.34616184,-98.19992118,20159.0,440.39005976722234,2.380952380952381,41,42,1,0,41,41,9531,0,0,0,0,1
2020-08-21,US,Kansas,Riley,577,5,0,39.28935726,-96.73420026,20161.0,777.2928117254013,0.8665511265164645,572,544,5,0,539,544,73703,33,0,0,33,0
2020-08-21,US,Kansas,Rooks,20,0,0,39.35022773,-99.32484567,20163.0,406.5040650406504,0.0,20,19,0,0,19,19,5013,1,0,0,1,0
2020-08-21,US,Kansas,Rush,12,0,0,38.52275276,-99.30863983,20165.0,395.2569169960474,0.0,12,10,0,0,10,10,3093,2,0,0,2,0
2020-08-21,US,Kansas,Russell,17,0,0,38.91462787,-98.76254297,20167.0,247.9579929988332,0.0,17,17,0,0,17,17,6907,0,0,0,0,0
2020-08-21,US,Kansas,Saline,432,9,0,38.78369175,-97.65185177,20169.0,796.6951903216287,2.083333333333333,423,428,9,0,419,428,54401,4,0,0,4,0
2020-08-21,US,Kansas,Scott,82,0,0,38.48222076,-100.90665390000001,20171.0,1700.1866058469836,0.0,82,82,0,0,82,82,4897,0,0,0,0,0
2020-08-21,US,Kansas,Sedgwick,6145,48,0,37.6842718,-97.4608198,20173.0,1190.7945477306112,0.7811228641171685,6097,5615,47,0,5568,5513,513607,530,1,0,529,102
2020-08-21,US,Kansas,Seward,1332,4,0,37.19324632,-100.85072009999999,20175.0,6216.165764420384,0.3003003003003003,1328,1315,4,0,1311,1306,21780,17,0,0,17,9
2020-08-21,US,Kansas,Shawnee,1946,21,0,39.04100763,-95.75572640000001,20177.0,1100.2120141342757,1.0791366906474822,1925,1914,21,0,1893,1872,177499,32,0,0,32,42
2020-08-21,US,Kansas,Sheridan,9,0,0,39.35018161,-100.44182590000001,20179.0,357.0011900039666,0.0,9,9,0,0,9,9,2533,0,0,0,0,0
2020-08-21,US,Kansas,Sherman,17,0,0,39.35147699,-101.71976240000001,20181.0,287.30775730944737,0.0,17,17,0,0,17,17,5899,0,0,0,0,0
2020-08-21,US,Kansas,Smith,3,0,0,39.78516566,-98.78566062,20183.0,83.72871895060004,0.0,3,3,0,0,3,3,3603,0,0,0,0,0
2020-08-21,US,Kansas,Stafford,15,1,0,38.03100851,-98.71762001,20185.0,360.9239653512993,6.666666666666668,14,13,1,0,12,13,4178,2,0,0,2,0
2020-08-21,US,Kansas,Stanton,21,1,0,37.56304714,-101.78435340000001,20187.0,1046.8594217347957,4.761904761904762,20,20,1,0,19,20,1987,1,0,0,1,0
2020-08-21,US,Kansas,Stevens,47,0,0,37.1923008,-101.3118967,20189.0,856.8824065633546,0.0,47,47,0,0,47,46,5559,0,0,0,0,1
2020-08-21,US,Kansas,Sumner,110,3,0,37.23682549,-97.47721621,20191.0,481.6955684007707,2.727272727272727,107,108,3,0,105,108,22996,2,0,0,2,0
2020-08-21,US,Kansas,Thomas,52,0,0,39.35107575,-101.0553705,20193.0,668.6382924006687,0.0,52,51,0,0,51,51,7711,1,0,0,1,0
2020-08-21,US,Kansas,Trego,7,1,0,38.91467218,-99.87284448,20195.0,249.73242953977882,14.285714285714285,6,7,1,0,6,7,2793,0,0,0,0,0
2020-08-21,US,Kansas,Wabaunsee,50,0,0,38.95471985,-96.20350509,20197.0,721.3966238638002,0.0,50,46,0,0,46,46,6899,4,0,0,4,0
2020-08-21,US,Kansas,Wallace,1,0,0,38.91686134,-101.76388759999999,20199.0,65.87615283267458,0.0,1,1,0,0,1,,1503,0,0,0,0,
2020-08-21,US,Kansas,Washington,2,0,0,39.78420784,-97.08753229999999,20201.0,36.99593044765076,0.0,2,2,0,0,2,2,5420,0,0,0,0,0
2020-08-21,US,Kansas,Wichita,4,0,0,38.48178252,-101.3471509,20203.0,188.76828692779614,0.0,4,4,0,0,4,4,2105,0,0,0,0,0
2020-08-21,US,Kansas,Wilson,16,0,0,37.55937174,-95.74323255,20205.0,187.68328445747798,0.0,16,16,0,0,16,16,8665,0,0,0,0,0
2020-08-21,US,Kansas,Woodson,12,0,0,37.8865336,-95.74006277,20207.0,382.4091778202677,0.0,12,12,0,0,12,12,3183,0,0,0,0,0
2020-08-21,US,Kansas,Wyandotte,5551,111,0,39.11727348,-94.76378225,20209.0,3355.518077241596,1.9996397045577372,5440,5552,109,0,5443,5501,165324,-1,2,0,-3,51
2020-08-21,US,Kentucky,Adair,239,19,0,37.10459774,-85.28129668,21001.0,1244.6620143735029,7.949790794979079,220,237,19,0,218,237,19215,2,0,0,2,0
2020-08-21,US,Kentucky,Allen,239,8,0,36.75197631,-86.19457544,21003.0,1121.2760966455548,3.3472803347280333,231,239,8,0,231,237,21122,0,0,0,0,2
2020-08-21,US,Kentucky,Anderson,101,1,0,38.00671029,-84.99171713,21005.0,444.0145953312525,0.99009900990099,100,97,1,0,96,95,22663,4,0,0,4,2
2020-08-21,US,Kentucky,Ballard,38,0,0,37.05842757,-88.99427697,21007.0,481.74442190669373,0.0,38,38,0,0,38,38,7979,0,0,0,0,0
2020-08-21,US,Kentucky,Barren,464,6,0,36.96469836,-85.93338945,21009.0,1048.6112680512554,1.293103448275862,458,460,6,0,454,455,44176,4,0,0,4,5
2020-08-21,US,Kentucky,Bath,51,1,0,38.14735938,-83.74588932,21011.0,408.0,1.96078431372549,50,51,1,0,50,42,12383,0,0,0,0,9
2020-08-21,US,Kentucky,Bell,364,5,0,36.73355174,-83.67766671,21013.0,1398.279041180086,1.3736263736263736,359,357,5,0,352,354,26569,7,0,0,7,3
2020-08-21,US,Kentucky,Boone,1206,24,0,38.97065142,-84.72615357,21015.0,902.8230062658612,1.9900497512437807,1182,1193,24,0,1169,1183,131533,13,0,0,13,10
2020-08-21,US,Kentucky,Bourbon,102,1,0,38.2054607,-84.21827874,21017.0,515.4639175257731,0.9803921568627452,101,102,1,0,101,100,20184,0,0,0,0,2
2020-08-21,US,Kentucky,Boyd,211,4,0,38.36176608,-82.68652187,21019.0,451.64604649171633,1.895734597156398,207,208,4,0,204,205,47240,3,0,0,3,3
2020-08-21,US,Kentucky,Boyle,183,0,0,37.62680923,-84.8633779,21021.0,608.7824351297405,0.0,183,182,0,0,182,178,30100,1,0,0,1,4
2020-08-21,US,Kentucky,Bracken,37,0,0,38.69158994,-84.08532444,21023.0,445.6220643141034,0.0,37,37,0,0,37,37,8239,0,0,0,0,0
2020-08-21,US,Kentucky,Breathitt,38,0,0,37.52333168,-83.31959161,21025.0,300.87094220110845,0.0,38,36,0,0,36,34,12726,2,0,0,2,2
2020-08-21,US,Kentucky,Breckinridge,91,2,0,37.77377239,-86.42885017,21027.0,444.4010353079065,2.1978021978021984,89,90,2,0,88,89,20388,1,0,0,1,1
2020-08-21,US,Kentucky,Bullitt,526,5,0,37.97162523,-85.68955617,21029.0,644.0080317351486,0.9505703422053232,521,508,5,0,503,488,81069,18,0,0,18,20
2020-08-21,US,Kentucky,Butler,310,16,0,37.20946153,-86.68748787,21031.0,2407.019178507648,5.161290322580644,294,309,16,0,293,309,12772,1,0,0,1,0
2020-08-21,US,Kentucky,Caldwell,62,0,0,37.14749129,-87.86948214,21033.0,486.3889542637484,0.0,62,62,0,0,62,60,12715,0,0,0,0,2
2020-08-21,US,Kentucky,Calloway,326,5,0,36.62093411,-88.2731593,21035.0,835.8760031794056,1.5337423312883436,321,308,5,0,303,302,39135,18,0,0,18,6
2020-08-21,US,Kentucky,Campbell,646,13,0,38.94384345,-84.37875208,21037.0,690.2889382800479,2.0123839009287927,633,643,13,0,630,633,93152,3,0,0,3,10
2020-08-21,US,Kentucky,Carlisle,55,1,0,36.85372876,-88.96692220000001,21039.0,1155.4621848739494,1.818181818181818,54,55,1,0,54,51,4771,0,0,0,0,4
2020-08-21,US,Kentucky,Carroll,175,2,0,38.66599534,-85.12601074,21041.0,1646.1292446618381,1.1428571428571428,173,175,2,0,173,170,10737,0,0,0,0,5
2020-08-21,US,Kentucky,Carter,109,3,0,38.31690743,-83.05092385,21043.0,406.7619509646602,2.7522935779816518,106,108,3,0,105,107,27004,1,0,0,1,1
2020-08-21,US,Kentucky,Casey,221,11,0,37.32533118,-84.92726209,21045.0,1367.6588897827835,4.977375565610861,210,219,11,0,208,218,15888,2,0,0,2,1
2020-08-21,US,Kentucky,Christian,665,10,0,36.89267803,-87.49055367,21047.0,943.7845049034216,1.5037593984962403,655,631,10,0,621,560,71671,34,0,0,34,71
2020-08-21,US,Kentucky,Clark,220,8,0,37.9689263,-84.14615986,21049.0,606.6789840884649,3.636363636363636,212,208,7,0,201,205,36249,12,1,0,11,3
2020-08-21,US,Kentucky,Clay,195,6,0,37.16451126,-83.712575,21051.0,979.8502587809658,3.0769230769230766,189,192,6,0,186,191,20105,3,0,0,3,1
2020-08-21,US,Kentucky,Clinton,56,1,0,36.72581156,-85.13377529,21053.0,548.052456449403,1.7857142857142858,55,51,1,0,50,51,10206,5,0,0,5,0
2020-08-21,US,Kentucky,Crittenden,38,1,0,37.35839237,-88.08826090000002,21055.0,431.5239609357257,2.631578947368421,37,34,1,0,33,34,8915,4,0,0,4,0
2020-08-21,US,Kentucky,Cumberland,73,0,0,36.78926125,-85.39050034,21057.0,1103.7193831267011,0.0,73,70,0,0,70,69,6659,3,0,0,3,1
2020-08-21,US,Kentucky,Daviess,861,10,0,37.73028906,-87.09019479999998,21059.0,848.1839406566776,1.1614401858304295,851,859,10,0,849,846,101104,2,0,0,2,13
2020-08-21,US,Kentucky,Edmonson,115,12,0,37.21218923,-86.23955613,21061.0,946.5020576131687,10.434782608695652,103,116,12,0,104,115,12274,-1,0,0,-1,1
2020-08-21,US,Kentucky,Elliott,19,0,0,38.11624059,-83.09771563,21063.0,252.76040973792732,0.0,19,18,0,0,18,16,7508,1,0,0,1,2
2020-08-21,US,Kentucky,Estill,28,0,0,37.69241417,-83.95956369,21065.0,198.49709343541755,0.0,28,28,0,0,28,27,14198,0,0,0,0,1
2020-08-21,US,Kentucky,Fayette,3599,52,0,38.0368225,-84.45576892,21067.0,1113.7173837698667,1.4448457904973604,3547,3589,52,0,3537,3534,323780,10,0,0,10,55
2020-08-21,US,Kentucky,Fleming,64,0,0,38.36758311,-83.69657514,21069.0,438.9273712365407,0.0,64,64,0,0,64,64,14432,0,0,0,0,0
2020-08-21,US,Kentucky,Floyd,129,2,0,37.56213922,-82.74750924,21071.0,362.47155019809486,1.5503875968992251,127,127,2,0,125,126,35845,2,0,0,2,1
2020-08-21,US,Kentucky,Franklin,416,11,0,38.2379395,-84.87962551,21073.0,815.8302445529604,2.644230769230769,405,405,11,0,394,400,50815,11,0,0,11,5
2020-08-21,US,Kentucky,Fulton,109,2,0,36.55238827,-89.20140068,21075.0,1826.1015245434744,1.834862385321101,107,108,2,0,106,103,6120,1,0,0,1,5
2020-08-21,US,Kentucky,Gallatin,85,8,0,38.75398691,-84.8558382,21077.0,958.3944074867516,9.411764705882351,77,85,8,0,77,85,8832,0,0,0,0,0
2020-08-21,US,Kentucky,Garrard,99,1,0,37.638866799999995,-84.53289319,21079.0,560.3985056039851,1.0101010101010102,98,96,1,0,95,95,17560,3,0,0,3,1
2020-08-21,US,Kentucky,Grant,130,6,0,38.64962758,-84.62415957,21081.0,518.5687502493118,4.615384615384615,124,131,6,0,125,130,25121,-1,0,0,-1,1
2020-08-21,US,Kentucky,Graves,606,28,0,36.72292505,-88.65143315,21083.0,1626.1471582675895,4.62046204620462,578,602,28,0,574,591,37317,4,0,0,4,11
2020-08-21,US,Kentucky,Grayson,233,11,0,37.46231118,-86.34248968,21085.0,881.6740454837856,4.721030042918455,222,230,11,0,219,228,26321,3,0,0,3,2
2020-08-21,US,Kentucky,Green,92,3,0,37.26484328,-85.5540745,21087.0,840.8737775340463,3.260869565217391,89,66,2,0,64,65,11049,26,1,0,25,1
2020-08-21,US,Kentucky,Greenup,160,1,0,38.54332505,-82.9215658,21089.0,455.86643113567726,0.625,159,157,1,0,156,156,35268,3,0,0,3,1
2020-08-21,US,Kentucky,Hancock,55,0,0,37.83766422,-86.78280584,21091.0,630.5893143774364,0.0,55,55,0,0,55,55,8758,0,0,0,0,0
2020-08-21,US,Kentucky,Hardin,810,8,0,37.6976111,-85.96319251,21093.0,730.0059481966147,0.9876543209876544,802,799,8,0,791,789,110356,11,0,0,11,10
2020-08-21,US,Kentucky,Harlan,265,5,0,36.85699301,-83.21899516,21095.0,1018.8389081122646,1.8867924528301887,260,266,5,0,261,264,26409,-1,0,0,-1,2
2020-08-21,US,Kentucky,Harrison,138,0,0,38.44188174,-84.32869741,21097.0,730.6999894101451,0.0,138,137,0,0,137,137,18778,1,0,0,1,0
2020-08-21,US,Kentucky,Hart,117,1,0,37.29943898,-85.88461055,21099.0,614.6572104018912,0.8547008547008547,116,116,1,0,115,115,18906,1,0,0,1,1
2020-08-21,US,Kentucky,Henderson,399,3,0,37.79344553,-87.57392021,21101.0,882.5481088254811,0.7518796992481203,396,395,3,0,392,389,45591,4,0,0,4,6
2020-08-21,US,Kentucky,Henry,152,2,0,38.44942688,-85.11587507,21103.0,942.5772045144487,1.3157894736842106,150,152,2,0,150,147,16106,0,0,0,0,5
2020-08-21,US,Kentucky,Hickman,63,0,0,36.67948079999999,-88.97875928,21105.0,1438.3561643835615,0.0,63,64,0,0,64,64,4421,-1,0,0,-1,0
2020-08-21,US,Kentucky,Hopkins,468,36,0,37.30939025,-87.54670406,21107.0,1047.3078816631607,7.6923076923076925,432,466,36,0,430,455,45068,2,0,0,2,11
2020-08-21,US,Kentucky,Jackson,167,15,0,37.41866422,-83.99825483,21109.0,1252.9071948383225,8.982035928143713,152,169,15,0,154,161,13442,-2,0,0,-2,8
2020-08-21,US,Kentucky,Jefferson,10249,257,0,38.18664655,-85.65931031,21111.0,1336.6685925267066,2.5075617133378865,9992,10054,255,0,9799,9901,770517,195,2,0,193,153
2020-08-21,US,Kentucky,Jessamine,404,0,0,37.87119786,-84.58252003,21113.0,746.5582555668484,0.0,404,397,0,0,397,393,53920,7,0,0,7,4
2020-08-21,US,Kentucky,Johnson,100,0,0,37.85106355,-82.8264322,21115.0,450.69406886605367,0.0,100,98,0,0,98,98,22386,2,0,0,2,0
2020-08-21,US,Kentucky,Kenton,1599,41,0,38.93950319,-84.53241199,21117.0,957.4964969640356,2.5641025641025643,1558,1589,41,0,1548,1555,166051,10,0,0,10,34
2020-08-21,US,Kentucky,Knott,83,1,0,37.35388197,-82.94981134,21119.0,560.5835472105903,1.2048192771084338,82,83,1,0,82,83,15126,0,0,0,0,0
2020-08-21,US,Kentucky,Knox,305,8,0,36.89225732,-83.85403396,21121.0,979.2904157970779,2.622950819672131,297,305,8,0,297,293,31304,0,0,0,0,12
2020-08-21,US,Kentucky,Larue,76,1,0,37.54567114,-85.70138352,21123.0,527.8510904292261,1.3157894736842106,75,75,1,0,74,71,14307,1,0,0,1,4
2020-08-21,US,Kentucky,Laurel,508,5,0,37.10975748,-84.11321779,21125.0,835.3477052603884,0.9842519685039369,503,505,5,0,500,497,60669,3,0,0,3,8
2020-08-21,US,Kentucky,Lawrence,39,0,0,38.07136018,-82.72882223,21127.0,254.6190507279493,0.0,39,39,0,0,39,39,15571,0,0,0,0,0
2020-08-21,US,Kentucky,Lee,8,0,0,37.59645942,-83.71513901,21129.0,108.06429825746321,0.0,8,7,0,0,7,6,7033,1,0,0,1,1
2020-08-21,US,Kentucky,Leslie,37,0,0,37.09246661,-83.37999606,21131.0,374.6076743950592,0.0,37,38,0,0,38,39,10143,-1,0,0,-1,-1
2020-08-21,US,Kentucky,Letcher,66,2,0,37.12306748,-82.85346474,21133.0,306.2218716651974,3.0303030303030303,64,66,2,0,64,66,21899,0,0,0,0,0
2020-08-21,US,Kentucky,Lewis,97,2,0,38.53184419,-83.37735618,21135.0,730.6967984934088,2.061855670103093,95,87,1,0,86,86,13257,10,1,0,9,1
2020-08-21,US,Kentucky,Lincoln,130,2,0,37.45475628,-84.6565327,21137.0,529.5531386207177,1.5384615384615383,128,128,2,0,126,123,24644,2,0,0,2,5
2020-08-21,US,Kentucky,Livingston,38,1,0,37.21137452,-88.34797529,21139.0,413.3130302371112,2.631578947368421,37,38,1,0,37,38,9242,0,0,0,0,0
2020-08-21,US,Kentucky,Logan,369,25,0,36.85949479,-86.877635,21141.0,1361.523134823998,6.7750677506775085,344,367,25,0,342,362,26989,2,0,0,2,5
2020-08-21,US,Kentucky,Lyon,34,4,0,37.02080035,-88.07886257,21143.0,414.12911084043856,11.764705882352944,30,32,4,0,28,32,8009,2,0,0,2,0
2020-08-21,US,Kentucky,Madison,716,2,0,37.71659336,-84.27220275,21151.0,770.0001075419144,0.2793296089385475,714,709,1,0,708,696,92368,7,1,0,6,13
2020-08-21,US,Kentucky,Magoffin,60,0,0,37.70820545,-83.0657714,21153.0,493.3804785790642,0.0,60,55,0,0,55,55,12362,5,0,0,5,0
2020-08-21,US,Kentucky,Marion,164,1,0,37.55218078,-85.26898542,21155.0,850.93135474498,0.6097560975609756,163,161,1,0,160,153,19404,3,0,0,3,8
2020-08-21,US,Kentucky,Marshall,173,2,0,36.88007070000001,-88.32803576,21157.0,556.2700964630226,1.1560693641618498,171,169,2,0,167,165,31191,4,0,0,4,4
2020-08-21,US,Kentucky,Martin,46,0,0,37.79990579,-82.51247478,21159.0,410.89772219740956,0.0,46,45,0,0,45,44,11323,1,0,0,1,1
2020-08-21,US,Kentucky,Mason,69,2,0,38.59471935,-83.82151043,21161.0,404.21792618629166,2.898550724637681,67,67,2,0,65,67,17150,2,0,0,2,0
2020-08-21,US,Kentucky,McCracken,445,5,0,37.05350953,-88.70445755,21145.0,680.2409122871381,1.1235955056179776,440,437,5,0,432,425,65346,8,0,0,8,12
2020-08-21,US,Kentucky,McCreary,57,0,0,36.73874143,-84.48102924,21147.0,330.79914108293195,0.0,57,56,0,0,56,56,17408,1,0,0,1,0
2020-08-21,US,Kentucky,McLean,49,1,0,37.5301951,-87.26803443,21149.0,532.2037580102096,2.0408163265306123,48,46,1,0,45,45,9252,3,0,0,3,1
2020-08-21,US,Kentucky,Meade,113,3,0,37.96163597,-86.21028219,21163.0,395.49209015819685,2.6548672566371683,110,110,3,0,107,108,28715,3,0,0,3,2
2020-08-21,US,Kentucky,Menifee,28,0,0,37.94090733,-83.59985712,21165.0,431.4994606256742,0.0,28,28,0,0,28,28,6451,0,0,0,0,0
2020-08-21,US,Kentucky,Mercer,105,1,0,37.81474237,-84.87488475,21167.0,478.7306797975653,0.9523809523809524,104,99,1,0,98,95,21774,6,0,0,6,4
2020-08-21,US,Kentucky,Metcalfe,76,2,0,36.99459295,-85.63123699,21169.0,754.6420415053122,2.631578947368421,74,75,2,0,73,74,10030,1,0,0,1,1
2020-08-21,US,Kentucky,Monroe,110,2,0,36.71225341,-85.71596443,21171.0,1032.8638497652582,1.818181818181818,108,108,2,0,106,108,10718,2,0,0,2,0
2020-08-21,US,Kentucky,Montgomery,170,1,0,38.03253032,-83.9145241,21173.0,603.7575025748482,0.5882352941176471,169,160,0,0,160,160,28203,10,1,0,9,0
2020-08-21,US,Kentucky,Morgan,40,0,0,37.92465657,-83.25558245,21175.0,300.5485010143512,0.0,40,37,0,0,37,37,13345,3,0,0,3,0
2020-08-21,US,Kentucky,Muhlenberg,644,11,0,37.21425819,-87.14632053,21177.0,2103.0631572072366,1.708074534161491,633,641,11,0,630,640,30774,3,0,0,3,1
2020-08-21,US,Kentucky,Nelson,305,2,0,37.80335779,-85.4657193,21179.0,659.7019444985184,0.6557377049180327,303,291,2,0,289,279,45851,14,0,0,14,12
2020-08-21,US,Kentucky,Nicholas,21,1,0,38.33342292,-84.01889177,21181.0,288.8980602558812,4.761904761904762,20,21,1,0,20,21,7166,0,0,0,0,0
2020-08-21,US,Kentucky,Ohio,370,9,0,37.47751843,-86.85368087,21183.0,1542.0521797115946,2.4324324324324325,361,368,9,0,359,366,24087,2,0,0,2,2
2020-08-21,US,Kentucky,Oldham,733,20,0,38.39791089,-85.448222,21185.0,1097.3218161948532,2.728512960436562,713,700,20,0,680,692,66470,33,0,0,33,8
2020-08-21,US,Kentucky,Owen,71,0,0,38.51679143,-84.82404619,21187.0,651.3163929914688,0.0,71,70,0,0,70,69,10880,1,0,0,1,1
2020-08-21,US,Kentucky,Owsley,25,0,0,37.42823949,-83.68811419,21189.0,566.2514156285391,0.0,25,22,0,0,22,18,4472,3,0,0,3,4
2020-08-21,US,Kentucky,Pendleton,55,0,0,38.69607718,-84.35599463,21191.0,376.97052775873885,0.0,55,56,0,0,56,52,14529,-1,0,0,-1,4
2020-08-21,US,Kentucky,Perry,263,6,0,37.25023553,-83.22922731,21193.0,1021.0420063669541,2.281368821292776,257,263,6,0,257,264,26092,0,0,0,0,-1
2020-08-21,US,Kentucky,Pike,288,3,0,37.47088263,-82.39487445,21195.0,497.6155919552146,1.0416666666666667,285,288,3,0,285,279,58402,0,0,0,0,9
2020-08-21,US,Kentucky,Powell,70,0,0,37.83218794,-83.82553961,21197.0,566.3888664131402,0.0,70,70,0,0,70,70,12442,0,0,0,0,0
2020-08-21,US,Kentucky,Pulaski,426,6,0,37.10466131,-84.57629079,21199.0,655.5964234598872,1.4084507042253518,420,417,6,0,411,409,64623,9,0,0,9,8
2020-08-21,US,Kentucky,Robertson,3,0,0,38.51923469,-84.05055616,21201.0,142.31499051233396,0.0,3,3,0,0,3,3,2135,0,0,0,0,0
2020-08-21,US,Kentucky,Rockcastle,107,0,0,37.36642393,-84.31176452,21203.0,640.9104522312069,0.0,107,101,0,0,101,100,16750,6,0,0,6,1
2020-08-21,US,Kentucky,Rowan,89,0,0,38.19484205,-83.42088935,21205.0,363.8593622240392,0.0,89,89,0,0,89,88,24583,0,0,0,0,1
2020-08-21,US,Kentucky,Russell,148,5,0,36.99308373,-85.06070117,21207.0,825.7546169726048,3.3783783783783785,143,146,5,0,141,146,17821,2,0,0,2,0
2020-08-21,US,Kentucky,Scott,488,0,0,38.29622293,-84.5816631,21209.0,856.0802750684163,0.0,488,486,0,0,486,484,56031,2,0,0,2,2
2020-08-21,US,Kentucky,Shelby,854,22,0,38.21476019,-85.194223,21211.0,1742.003916449086,2.5761124121779857,832,847,22,0,825,841,48518,7,0,0,7,6
2020-08-21,US,Kentucky,Simpson,185,7,0,36.74058474,-86.58047435,21213.0,996.1231962093474,3.783783783783784,178,183,7,0,176,179,18529,2,0,0,2,4
2020-08-21,US,Kentucky,Spencer,149,0,0,38.03223971,-85.32749335,21215.0,769.9860472327011,0.0,149,146,0,0,146,145,18794,3,0,0,3,1
2020-08-21,US,Kentucky,Taylor,173,4,0,37.3677562,-85.3329931,21217.0,671.3492956653344,2.3121387283237,169,167,3,0,164,161,25549,6,1,0,5,6
2020-08-21,US,Kentucky,Todd,43,0,0,36.8381152,-87.17878374,21219.0,349.76411257523995,0.0,43,38,0,0,38,38,12311,5,0,0,5,0
2020-08-21,US,Kentucky,Trigg,63,0,0,36.80767017,-87.87333656,21221.0,430.0047778308648,0.0,63,61,0,0,61,61,14643,2,0,0,2,0
2020-08-21,US,Kentucky,Trimble,38,0,0,38.61056487,-85.33775972,21223.0,448.58930468657775,0.0,38,38,0,0,38,38,8515,0,0,0,0,0
2020-08-21,US,Kentucky,Union,77,0,0,37.66166713,-87.94300009,21225.0,535.4286906334746,0.0,77,77,0,0,77,76,14505,0,0,0,0,1
2020-08-21,US,Kentucky,Warren,2918,24,0,36.99903045,-86.42672751,21227.0,2195.701902239345,0.8224811514736121,2894,2901,24,0,2877,2859,131264,17,0,0,17,42
2020-08-21,US,Kentucky,Washington,113,1,0,37.75599461,-85.17407732,21229.0,934.2703596527492,0.8849557522123894,112,109,1,0,108,108,12084,4,0,0,4,1
2020-08-21,US,Kentucky,Wayne,82,0,0,36.80310688,-84.8251971,21231.0,403.2852997590125,0.0,82,81,0,0,81,80,20468,1,0,0,1,1
2020-08-21,US,Kentucky,Webster,96,1,0,37.52168356,-87.67989953,21233.0,741.7709782104776,1.0416666666666667,95,96,1,0,95,96,13111,0,0,0,0,0
2020-08-21,US,Kentucky,Whitley,173,1,0,36.75700531,-84.14541217,21235.0,477.0571365541584,0.5780346820809249,172,172,1,0,171,173,36242,1,0,0,1,-1
2020-08-21,US,Kentucky,Wolfe,23,0,0,37.73941626,-83.49303612,21237.0,321.363699874249,0.0,23,23,0,0,23,19,7177,0,0,0,0,4
2020-08-21,US,Kentucky,Woodford,189,0,0,38.04178222,-84.7417556,21239.0,706.9649135931771,0.0,189,185,0,0,185,185,26533,4,0,0,4,0
2020-08-21,US,Louisiana,Acadia,2735,92,0,30.295064899999996,-92.41419698,22001.0,4408.090901764848,3.363802559414991,2643,2731,92,0,2639,2712,62190,4,0,0,4,19
2020-08-21,US,Louisiana,Allen,1402,36,0,30.65385745,-92.82442028,22003.0,5470.79252351036,2.5677603423680457,1366,1390,36,0,1354,1389,25605,12,0,0,12,1
2020-08-21,US,Louisiana,Ascension,3175,85,0,30.20406249,-90.91328409999998,22005.0,2507.819658146662,2.677165354330709,3090,3140,83,0,3057,3118,124672,35,2,0,33,22
2020-08-21,US,Louisiana,Assumption,628,20,0,29.89946234,-91.06461642,22007.0,2868.758850669225,3.1847133757961785,608,626,20,0,606,623,22300,2,0,0,2,3
2020-08-21,US,Louisiana,Avoyelles,1196,40,0,31.07796211,-92.00079449,22009.0,2979.274611398964,3.3444816053511706,1156,1178,40,0,1138,1172,40462,18,0,0,18,6
2020-08-21,US,Louisiana,Beauregard,928,28,0,30.64836518,-93.34173616,22011.0,2474.864655839134,3.0172413793103448,900,920,28,0,892,909,37253,8,0,0,8,11
2020-08-21,US,Louisiana,Bienville,401,30,0,32.34569994,-93.05398492,22013.0,3028.4721697756972,7.481296758104738,371,401,30,0,371,401,13308,0,0,0,0,0
2020-08-21,US,Louisiana,Bossier,2520,87,0,32.67932307,-93.60460152,22015.0,1983.6428183471216,3.452380952380953,2433,2508,86,0,2422,2499,127185,12,1,0,11,9
2020-08-21,US,Louisiana,Caddo,7112,306,0,32.57991587,-93.88375652,22017.0,2960.816639190021,4.302587176602924,6806,7060,304,0,6756,7012,242922,52,2,0,50,48
2020-08-21,US,Louisiana,Calcasieu,7235,166,0,30.22931235,-93.35400434,22019.0,3556.4010302994548,2.2944022114720104,7069,7194,160,0,7034,7154,203112,41,6,0,35,40
2020-08-21,US,Louisiana,Caldwell,263,3,0,32.0902519,-92.11752148,22021.0,2651.7443032869533,1.1406844106463878,260,249,3,0,246,245,9960,14,0,0,14,4
2020-08-21,US,Louisiana,Cameron,174,1,0,29.87592238,-93.19310676,22023.0,2495.339165352072,0.5747126436781609,173,174,1,0,173,174,6968,0,0,0,0,0
2020-08-21,US,Louisiana,Catahoula,338,6,0,31.66778967,-91.84526385,22025.0,3560.1432483673907,1.7751479289940828,332,329,5,0,324,329,9608,9,1,0,8,0
2020-08-21,US,Louisiana,Claiborne,320,12,0,32.82308512,-92.99526883,22027.0,2042.1186981493304,3.75,308,311,12,0,299,308,15944,9,0,0,9,3
2020-08-21,US,Louisiana,Concordia,393,9,0,31.44817835,-91.63814433,22029.0,2040.6043927514406,2.2900763358778624,384,386,9,0,377,384,19572,7,0,0,7,2
2020-08-21,US,Louisiana,De Soto,802,30,0,32.05457447,-93.74130302,22031.0,2920.2927575283106,3.740648379052369,772,799,30,0,769,787,27436,3,0,0,3,12
2020-08-21,US,Louisiana,East Baton Rouge,13226,395,0,30.53842039,-91.09777565,22033.0,3005.506079866563,2.9865416603659463,12831,13133,392,0,12741,13018,440956,93,3,0,90,115
2020-08-21,US,Louisiana,East Carroll,527,2,0,32.73926954,-91.23425694,22035.0,7681.096050138463,0.3795066413662239,525,527,2,0,525,526,7037,0,0,0,0,1
2020-08-21,US,Louisiana,East Feliciana,708,43,0,30.84425359,-91.04976723,22037.0,3700.0261301280375,6.073446327683616,665,674,41,0,633,658,19305,34,2,0,32,16
2020-08-21,US,Louisiana,Evangeline,995,20,0,30.72985248,-92.39915924,22039.0,2979.4879472974994,2.010050251256281,975,992,17,0,975,978,33443,3,3,0,0,14
2020-08-21,US,Louisiana,Franklin,1024,24,0,32.13675181,-91.67589857,22041.0,5116.162877841619,2.34375,1000,1017,24,0,993,1004,20156,7,0,0,7,13
2020-08-21,US,Louisiana,Grant,374,25,0,31.59882456,-92.56124347,22043.0,1670.4631738800306,6.684491978609627,349,369,24,0,345,363,22482,5,1,0,4,6
2020-08-21,US,Louisiana,Iberia,2648,81,0,29.86803617,-91.75871777,22045.0,3792.0664470857796,3.0589123867069485,2567,2644,80,0,2564,2636,70941,4,1,0,3,8
2020-08-21,US,Louisiana,Iberville,1318,52,0,30.25734305,-91.3499598,22047.0,4054.012488080957,3.9453717754172986,1266,1318,52,0,1266,1303,32721,0,0,0,0,15
2020-08-21,US,Louisiana,Jackson,409,20,0,32.30251776,-92.55692092,22049.0,2597.8150406504064,4.88997555012225,389,406,19,0,387,404,15902,3,1,0,2,2
2020-08-21,US,Louisiana,Jefferson,16006,537,0,29.74075478,-90.11115756,22051.0,3700.8691470150957,3.354991878045733,15469,15964,534,0,15430,15905,434051,42,3,0,39,59
2020-08-21,US,Louisiana,Jefferson Davis,1111,32,0,30.26896765,-92.81210004,22053.0,3541.8260647793927,2.8802880288028803,1079,1098,31,0,1067,1093,31582,13,1,0,12,5
2020-08-21,US,Louisiana,LaSalle,363,4,0,31.67884782,-92.15907765,22059.0,2437.550362610798,1.1019283746556474,359,356,4,0,352,352,14917,7,0,0,7,4
2020-08-21,US,Louisiana,Lafayette,8103,103,0,30.2049055,-92.06959876,22055.0,3315.602111379353,1.2711341478464766,8000,8074,104,0,7970,8038,242782,29,-1,0,30,36
2020-08-21,US,Louisiana,Lafourche,3073,107,0,29.52470226,-90.40976986,22057.0,3148.1140000409778,3.481939472827856,2966,3061,107,0,2954,3044,98115,12,0,0,12,17
2020-08-21,US,Louisiana,Lincoln,867,38,0,32.6003154,-92.66597409999999,22061.0,1854.8628642334522,4.382929642445212,829,867,40,0,827,867,47196,0,-2,0,2,0
2020-08-21,US,Louisiana,Livingston,3236,60,0,30.44143993,-90.73061664,22063.0,2298.475022906619,1.854140914709518,3176,3197,60,0,3137,3170,139567,39,0,0,39,27
2020-08-21,US,Louisiana,Madison,650,6,0,32.36918118,-91.23973355,22065.0,5935.531001735001,0.9230769230769232,644,650,6,0,644,648,11161,0,0,0,0,2
2020-08-21,US,Louisiana,Morehouse,563,15,0,32.81686191,-91.80421614,22067.0,2263.407574173836,2.6642984014209588,548,560,15,0,545,558,25398,3,0,0,3,2
2020-08-21,US,Louisiana,Natchitoches,874,20,0,31.72321584,-93.09816516,22069.0,2290.476440064993,2.2883295194508007,854,857,20,0,837,853,38659,17,0,0,17,4
2020-08-21,US,Louisiana,Orleans,11134,569,0,30.06971951,-89.92660315,22071.0,2853.8180774278217,5.11047242680079,10565,11104,569,0,10535,11064,391006,30,0,0,30,40
2020-08-21,US,Louisiana,Ouachita,5308,122,0,32.47645559,-92.15704172,22073.0,3462.96622498842,2.298417483044461,5186,5259,121,0,5138,5220,154475,49,1,0,48,39
2020-08-21,US,Louisiana,Plaquemines,481,19,0,29.42245447,-89.60322085,22075.0,2073.543992757684,3.95010395010395,462,482,19,0,463,481,23410,-1,0,0,-1,1
2020-08-21,US,Louisiana,Pointe Coupee,874,36,0,30.71409502,-91.60209535,22077.0,4022.089277496549,4.118993135011442,838,868,34,0,834,861,21940,6,2,0,4,7
2020-08-21,US,Louisiana,Rapides,3642,130,0,31.19778499,-92.52997303,22079.0,2809.1447611995563,3.5694673256452503,3512,3597,130,0,3467,3522,130562,45,0,0,45,75
2020-08-21,US,Louisiana,Red River,298,19,0,32.09530039,-93.34213308,22081.0,3529.9692016109925,6.375838926174498,279,299,17,0,282,297,8477,-1,2,0,-3,2
2020-08-21,US,Louisiana,Richland,657,8,0,32.41391005,-91.76634876,22083.0,3265.082993738197,1.21765601217656,649,653,8,0,645,649,20192,4,0,0,4,4
2020-08-21,US,Louisiana,Sabine,709,13,0,31.56388699,-93.55433981,22085.0,2968.514486685647,1.833568406205924,696,706,13,0,693,708,24032,3,0,0,3,-2
2020-08-21,US,Louisiana,St. Bernard,1169,24,0,29.87761636,-89.51887093,22087.0,2474.3882821098982,2.0530367835757057,1145,1160,24,0,1136,1152,46721,9,0,0,9,8
2020-08-21,US,Louisiana,St. Charles,1568,54,0,29.90709658,-90.35555967,22089.0,2952.919020715631,3.4438775510204085,1514,1559,54,0,1505,1559,52879,9,0,0,9,0
2020-08-21,US,Louisiana,St. Helena,303,2,0,30.82210324,-90.71013176,22091.0,2990.525069088037,0.6600660066006601,301,301,2,0,299,298,10262,2,0,0,2,3
2020-08-21,US,Louisiana,St. James,745,33,0,30.02531716,-90.80212061,22093.0,3531.475161167994,4.429530201342282,712,743,33,0,710,742,21037,2,0,0,2,1
2020-08-21,US,Louisiana,St. John the Baptist,1484,94,0,30.12597499,-90.4753503,22095.0,3464.29488526274,6.334231805929919,1390,1484,94,0,1390,1475,43184,0,0,0,0,9
2020-08-21,US,Louisiana,St. Landry,2976,105,0,30.59724262,-92.00135806,22097.0,3623.7884175149775,3.5282258064516134,2871,2968,102,0,2866,2950,82764,8,3,0,5,18
2020-08-21,US,Louisiana,St. Martin,1827,50,0,30.13112107,-91.61403569,22099.0,3419.363290973405,2.736726874657909,1777,1809,49,0,1760,1803,53621,18,1,0,17,6
2020-08-21,US,Louisiana,St. Mary,1711,65,0,29.69262097,-91.44702164,22101.0,3467.2124503525984,3.798947983635301,1646,1703,65,0,1638,1694,49774,8,0,0,8,9
2020-08-21,US,Louisiana,St. Tammany,5760,226,0,30.40942847,-89.95642711,22103.0,2211.820182091169,3.923611111111111,5534,5717,221,0,5496,5658,258111,43,5,0,38,59
2020-08-21,US,Louisiana,Tangipahoa,3899,88,0,30.62888673,-90.40664996,22105.0,2893.334718532481,2.256988971531162,3811,3868,87,0,3781,3826,133777,31,1,0,30,42
2020-08-21,US,Louisiana,Tensas,124,1,0,32.00760749,-91.32915234,22107.0,2861.0982925703747,0.8064516129032258,123,121,1,0,120,119,4462,3,0,0,3,2
2020-08-21,US,Louisiana,Terrebonne,3285,93,0,29.37343766,-90.82626855,22109.0,2973.900290600303,2.8310502283105023,3192,3258,90,0,3168,3239,111021,27,3,0,24,19
2020-08-21,US,Louisiana,Unassigned,241,141,0,0.0,0.0,90022.0,0.0,58.50622406639004,100,248,141,0,107,248,,-7,0,0,-7,0
2020-08-21,US,Louisiana,Union,772,36,0,32.83121059,-92.3749373,22111.0,3491.9486158856516,4.66321243523316,736,768,35,0,733,762,22330,4,1,0,3,6
2020-08-21,US,Louisiana,Vermilion,1768,32,0,29.83517605,-92.30292538,22113.0,2970.879333232512,1.8099547511312215,1736,1761,32,0,1729,1753,59830,7,0,0,7,8
2020-08-21,US,Louisiana,Vernon,869,35,0,31.10884837,-93.18153838,22115.0,1832.212359526872,4.027617951668584,834,852,33,0,819,843,48860,17,2,0,15,9
2020-08-21,US,Louisiana,Washington,1383,59,0,30.85288548,-90.03866652,22117.0,2993.895311079361,4.2660882140274765,1324,1369,59,0,1310,1354,46582,14,0,0,14,15
2020-08-21,US,Louisiana,Webster,977,19,0,32.70847669,-93.33121835,22119.0,2548.2524778299426,1.9447287615148412,958,969,19,0,950,960,38798,8,0,0,8,9
2020-08-21,US,Louisiana,West Baton Rouge,771,38,0,30.46058217,-91.30989571,22121.0,2913.281692801813,4.9286640726329445,733,766,38,0,728,766,26427,5,0,0,5,0
2020-08-21,US,Louisiana,West Carroll,317,8,0,32.78550125,-91.461201,22123.0,2927.0544783010155,2.5236593059936907,309,315,8,0,307,313,10982,2,0,0,2,2
2020-08-21,US,Louisiana,West Feliciana,466,18,0,30.87882871,-91.41485379999999,22125.0,2993.3196300102777,3.862660944206009,448,455,18,0,437,454,15460,11,0,0,11,1
2020-08-21,US,Louisiana,Winn,505,15,0,31.94449367,-92.63789413,22127.0,3632.04833141542,2.9702970297029703,490,499,10,0,489,499,14134,6,5,0,1,0
2020-08-21,US,Maine,Androscoggin,586,10,0,44.1664747,-70.20380627,23001.0,541.2045032647746,1.706484641638225,576,582,9,0,573,581,107679,4,1,0,3,1
2020-08-21,US,Maine,Aroostook,37,1,0,46.65926321,-68.59841248,23003.0,55.17858474386698,2.702702702702702,36,35,1,0,34,33,67111,2,0,0,2,2
2020-08-21,US,Maine,Cumberland,2154,69,0,43.8370751,-70.37226999,23005.0,730.1620661484799,3.203342618384401,2085,2148,69,0,2079,2145,293557,6,0,0,6,3
2020-08-21,US,Maine,Franklin,47,1,0,44.97330019,-70.44381045,23007.0,155.6342925262426,2.127659574468085,46,47,1,0,46,47,29897,0,0,0,0,0
2020-08-21,US,Maine,Hancock,44,1,0,44.59816444,-68.38401854,23009.0,80.01891356138724,2.272727272727273,43,42,1,0,41,42,54811,2,0,0,2,0
2020-08-21,US,Maine,Kennebec,176,11,0,44.40759555,-69.76738544,23011.0,143.90606858432406,6.25,165,175,11,0,164,172,122083,1,0,0,1,3
2020-08-21,US,Maine,Knox,28,1,0,44.11486325,-69.10529169,23013.0,70.40128733782561,3.571428571428572,27,28,1,0,27,28,39771,0,0,0,0,0
2020-08-21,US,Maine,Lincoln,35,1,0,44.05996956,-69.54227124,23015.0,101.05676502858464,2.8571428571428568,34,35,1,0,34,35,34342,0,0,0,0,0
2020-08-21,US,Maine,Oxford,59,0,0,44.49952995,-70.75682123,23017.0,101.76800344976284,0.0,59,59,0,0,59,60,57618,0,0,0,0,-1
2020-08-21,US,Maine,Penobscot,207,5,0,45.40194593,-68.65020455,23019.0,136.05173909614322,2.415458937198068,202,202,5,0,197,200,151096,5,0,0,5,2
2020-08-21,US,Maine,Piscataquis,7,0,0,45.83839062,-69.2860223,23021.0,41.70390229371464,0.0,7,7,0,0,7,7,16800,0,0,0,0,0
2020-08-21,US,Maine,Sagadahoc,58,0,0,43.95415864,-69.85074999,23023.0,161.75814368585452,0.0,58,58,0,0,58,58,35634,0,0,0,0,0
2020-08-21,US,Maine,Somerset,42,1,0,45.51229767,-69.95995554,23025.0,83.19467554076539,2.380952380952381,41,42,1,0,41,41,50592,0,0,0,0,1
2020-08-21,US,Maine,Unassigned,1,0,0,0.0,0.0,90023.0,0.0,0.0,1,1,0,0,1,1,,0,0,0,0,0
2020-08-21,US,Maine,Waldo,66,14,0,44.4858305,-69.12061935,23027.0,166.18406143774394,21.21212121212121,52,64,14,0,50,64,39694,2,0,0,2,0
2020-08-21,US,Maine,Washington,15,0,0,45.01607142,-67.62813524,23029.0,47.802670575862855,0.0,15,15,0,0,15,15,31490,0,0,0,0,0
2020-08-21,US,Maine,York,724,14,0,43.47808377,-70.71052375,23031.0,348.67872915272034,1.9337016574585637,710,713,14,0,699,706,206229,11,0,0,11,7
2020-08-21,US,Maryland,Allegany,365,20,0,39.62357628,-78.69280486,24001.0,518.348102703931,5.479452054794519,345,358,20,0,338,354,70975,7,0,0,7,4
2020-08-21,US,Maryland,Anne Arundel,7861,230,0,39.00670238,-76.60329337,24003.0,1357.1371846265936,2.9258364075817327,7631,7809,230,0,7579,7782,576031,52,0,0,52,27
2020-08-21,US,Maryland,Baltimore,14471,584,0,39.45784712,-76.62911955,24005.0,1749.0361023484052,4.035657521940434,13887,14327,582,0,13745,14180,828431,144,2,0,142,147
2020-08-21,US,Maryland,Baltimore City,13804,449,0,39.30211911,-76.61151012,24510.0,2325.9027110819047,3.2526803824978265,13355,13708,445,0,13263,13643,621342,96,4,0,92,65
2020-08-21,US,Maryland,Calvert,757,28,0,38.53961642,-76.56820632,24009.0,818.1572547960011,3.6988110964332894,729,755,28,0,727,748,92003,2,0,0,2,7
2020-08-21,US,Maryland,Caroline,472,3,0,38.87172293,-75.82904158,24011.0,1412.9198347602228,0.6355932203389829,469,472,3,0,469,471,33304,0,0,0,0,1
2020-08-21,US,Maryland,Carroll,1632,119,0,39.56453592,-77.02373735,24013.0,968.8507364334184,7.291666666666668,1513,1625,119,0,1506,1623,168429,7,0,0,7,2
2020-08-21,US,Maryland,Cecil,752,31,0,39.56647682,-75.94627411,24015.0,731.1263429099217,4.122340425531915,721,744,31,0,713,739,102826,8,0,0,8,5
2020-08-21,US,Maryland,Charles,2234,93,0,38.51092331,-76.98580666,24017.0,1368.3946170761435,4.162936436884512,2141,2224,93,0,2131,2213,161503,10,0,0,10,11
2020-08-21,US,Maryland,Dorchester,425,5,0,38.45413522,-76.02752426,24019.0,1331.078330044787,1.1764705882352942,420,416,5,0,411,408,31998,9,0,0,9,8
2020-08-21,US,Maryland,Frederick,3309,122,0,39.47296601,-77.39999394,24021.0,1274.9135994636806,3.686914475672408,3187,3289,121,0,3168,3267,255648,20,1,0,19,22
2020-08-21,US,Maryland,Garrett,61,0,0,39.52786077,-79.27355126,24023.0,210.24333080581792,0.0,61,60,0,0,60,59,29163,1,0,0,1,1
2020-08-21,US,Maryland,Harford,2257,69,0,39.55010644,-76.30775940000002,24025.0,883.5699828923313,3.057155516171909,2188,2225,69,0,2156,2202,253956,32,0,0,32,23
2020-08-21,US,Maryland,Howard,4178,118,0,39.25305293,-76.93126208,24027.0,1282.814946728484,2.8243178554332213,4060,4148,117,0,4031,4125,323196,30,1,0,29,23
2020-08-21,US,Maryland,Kent,255,23,0,39.24976208,-76.04741541,24029.0,1312.9440840284215,9.019607843137257,232,251,23,0,228,251,19383,4,0,0,4,0
2020-08-21,US,Maryland,Montgomery,19325,814,0,39.13676329,-77.20358245,24031.0,1839.271030029847,4.2121604139715405,18511,19264,814,0,18450,19180,1052567,61,0,0,61,84
2020-08-21,US,Maryland,Prince George's,25197,773,0,38.83070039,-76.8496441,24033.0,2770.950384185227,3.067825534785887,24424,25058,772,0,24286,24949,909308,139,1,0,138,109
2020-08-21,US,Maryland,Queen Anne's,508,26,0,39.06198912,-76.03530977,24035.0,1008.3166272999742,5.118110236220472,482,498,26,0,472,495,50251,10,0,0,10,3
2020-08-21,US,Maryland,Somerset,169,3,0,38.1163542,-75.75118623,24039.0,659.7439100562149,1.7751479289940828,166,164,3,0,161,159,25675,5,0,0,5,5
2020-08-21,US,Maryland,St. Mary's,1075,52,0,38.30058422,-76.60629279999998,24037.0,947.053123072857,4.837209302325581,1023,1069,52,0,1017,1064,112664,6,0,0,6,5
2020-08-21,US,Maryland,Talbot,433,4,0,38.76618159,-76.10882561,24041.0,1164.5733035690273,0.9237875288683602,429,430,4,0,426,425,36968,3,0,0,3,5
2020-08-21,US,Maryland,Unassigned,0,9,0,0.0,0.0,90024.0,0.0,0.0,-9,0,14,0,-14,0,,0,-5,0,5,0
2020-08-21,US,Maryland,Washington,1192,32,0,39.60835778,-77.82002295,24043.0,789.1478924057756,2.684563758389262,1160,1170,31,0,1139,1160,150926,22,1,0,21,10
2020-08-21,US,Maryland,Wicomico,1428,46,0,38.37301947,-75.62705831,24045.0,1378.2586454844657,3.2212885154061626,1382,1424,45,0,1379,1415,103195,4,1,0,3,9
2020-08-21,US,Maryland,Worcester,739,21,0,38.21274277,-75.33200012,24047.0,1413.6506236131304,2.841677943166441,718,741,22,0,719,737,51823,-2,-1,0,-1,4
2020-08-21,US,Massachusetts,Barnstable,1584,164,0,41.72980578,-70.28854339,25001.0,743.6968871778018,10.353535353535351,1420,1582,164,0,1418,1803,213413,2,0,0,2,-221
2020-08-21,US,Massachusetts,Berkshire,634,46,0,42.37428441,-73.20524838,25003.0,507.4273274426943,7.255520504731861,588,633,46,0,587,667,126348,1,0,0,1,-34
2020-08-21,US,Massachusetts,Bristol,8915,649,0,41.79228404,-71.10872211,25005.0,1577.270322725608,7.27986539540101,8266,8879,645,0,8234,9408,564022,36,4,0,32,-529
2020-08-21,US,Massachusetts,Dukes and Nantucket,85,1,0,41.40674725,-70.68763497,0.0,295.8476906477324,1.1764705882352942,84,85,1,0,84,103,26707,0,0,0,0,-18
2020-08-21,US,Massachusetts,Essex,17550,1210,0,42.6687626,-70.94687179,25009.0,2224.238752702672,6.894586894586895,16340,17487,1207,0,16280,17930,790638,63,3,0,60,-443
2020-08-21,US,Massachusetts,Franklin,380,61,0,42.58119713,-72.58602547,25011.0,541.4648047876889,16.05263157894737,319,377,61,0,316,411,70963,3,0,0,3,-34
2020-08-21,US,Massachusetts,Hampden,7517,732,0,42.13440424,-72.63235561,25013.0,1611.8034530374896,9.737927364640148,6785,7505,732,0,6773,7637,470406,12,0,0,12,-132
2020-08-21,US,Massachusetts,Hampshire,1116,133,0,42.33997957,-72.65898478,25015.0,693.9003917179631,11.917562724014337,983,1110,131,0,979,1184,161355,6,2,0,4,-74
2020-08-21,US,Massachusetts,Middlesex,24671,2038,0,42.48607732,-71.39049229,25017.0,1530.744884745849,8.260710956183374,22633,24596,2036,0,22560,26565,1614714,75,2,0,73,-1969
2020-08-21,US,Massachusetts,Norfolk,9340,1004,0,42.16073095,-71.20530408,25021.0,1321.4955254501078,10.749464668094218,8336,9311,1004,0,8307,10682,705388,29,0,0,29,-1371
2020-08-21,US,Massachusetts,Plymouth,8912,732,0,41.94070556,-70.80802823,25023.0,1709.8936688654305,8.213644524236981,8180,8889,731,0,8158,9288,518132,23,1,0,22,-399
2020-08-21,US,Massachusetts,Suffolk,21576,1092,0,42.327951399999996,-71.07850442,25025.0,2683.892539808709,5.061179087875417,20484,21459,1091,0,20368,22017,807252,117,1,0,116,-558
2020-08-21,US,Massachusetts,Unassigned,9754,5,0,0.0,0.0,90025.0,0.0,0.0512610211195407,9749,9684,5,0,9679,3034,,70,0,0,70,6650
2020-08-21,US,Massachusetts,Worcester,13182,1034,0,42.35026951,-71.90493363,25027.0,1587.0034745046482,7.844029737520863,12148,13131,1034,0,12097,13686,830839,51,0,0,51,-555
2020-08-21,US,Michigan,Alcona,29,2,0,44.6846864,-83.59507875,26001.0,278.71215761653053,6.896551724137932,27,29,2,0,27,29,10362,0,0,0,0,0
2020-08-21,US,Michigan,Alger,18,0,0,46.41292944,-86.60260122,26003.0,197.6284584980237,0.0,18,18,0,0,18,17,9097,0,0,0,0,1
2020-08-21,US,Michigan,Allegan,573,6,0,42.59147037,-85.89102866,26005.0,485.2601180545558,1.0471204188481675,567,573,6,0,567,573,117327,0,0,0,0,0
2020-08-21,US,Michigan,Alpena,130,14,0,45.03477666,-83.62212411,26007.0,457.6659038901602,10.769230769230768,116,130,14,0,116,130,28360,0,0,0,0,0
2020-08-21,US,Michigan,Antrim,45,0,0,44.99690221,-85.15503082,26009.0,192.9343165837764,0.0,45,45,0,0,45,45,23365,0,0,0,0,0
2020-08-21,US,Michigan,Arenac,49,3,0,44.0636262,-83.89277559,26011.0,329.23469730565074,6.1224489795918355,46,49,3,0,46,49,15041,0,0,0,0,0
2020-08-21,US,Michigan,Baraga,8,0,0,46.6720582,-88.36363591,26013.0,97.45401388719698,0.0,8,8,0,0,8,8,8320,0,0,0,0,0
2020-08-21,US,Michigan,Barry,200,2,0,42.59513984,-85.30834519,26015.0,324.9390739236393,1.0,198,200,2,0,198,199,61157,0,0,0,0,1
2020-08-21,US,Michigan,Bay,749,36,0,43.70639106,-83.98731479,26017.0,726.2959874328493,4.806408544726302,713,749,36,0,713,734,103923,0,0,0,0,15
2020-08-21,US,Michigan,Benzie,39,1,0,44.63899297,-86.01608482,26019.0,219.52043228638973,2.5641025641025643,38,39,1,0,38,40,17753,0,0,0,0,-1
2020-08-21,US,Michigan,Berrien,1493,69,0,41.95447397,-86.41313079999998,26021.0,973.2661455922713,4.621567314132619,1424,1493,69,0,1424,1486,154141,0,0,0,0,7
2020-08-21,US,Michigan,Branch,395,3,0,41.91600556,-85.05929476,26023.0,907.691247098835,0.7594936708860759,392,395,3,0,392,388,43622,0,0,0,0,7
2020-08-21,US,Michigan,Calhoun,864,43,0,42.24633834,-85.00493569,26025.0,644.011955962701,4.976851851851851,821,864,43,0,821,862,134487,0,0,0,0,2
2020-08-21,US,Michigan,Cass,372,15,0,41.91522292,-85.99405727,26027.0,718.326993260857,4.032258064516129,357,372,15,0,357,370,51653,0,0,0,0,2
2020-08-21,US,Michigan,Charlevoix,58,2,0,45.37790017,-85.19614053,26029.0,221.85671116551282,3.4482758620689653,56,58,2,0,56,58,26244,0,0,0,0,0
2020-08-21,US,Michigan,Cheboygan,58,2,0,45.44787015,-84.50122149,26031.0,229.4666877670517,3.4482758620689653,56,58,2,0,56,58,25413,0,0,0,0,0
2020-08-21,US,Michigan,Chippewa,47,0,0,46.29552653,-84.54353449,26033.0,125.84004926504056,0.0,47,47,0,0,47,48,37517,0,0,0,0,-1
2020-08-21,US,Michigan,Clare,90,3,0,43.98794227,-84.84819859999998,26035.0,290.7915993537965,3.333333333333333,87,90,3,0,87,88,30757,0,0,0,0,2
2020-08-21,US,Michigan,Clinton,442,13,0,42.94400871,-84.60145248,26037.0,555.311263270306,2.9411764705882355,429,442,13,0,429,441,79332,0,0,0,0,1
2020-08-21,US,Michigan,Crawford,111,5,0,44.68255561,-84.61006219,26039.0,791.2181908902986,4.504504504504505,106,111,5,0,106,111,13901,0,0,0,0,0
2020-08-21,US,Michigan,Delta,121,3,0,45.90484910000001,-86.9080745,26041.0,338.1399508160072,2.479338842975207,118,121,3,0,118,122,35857,0,0,0,0,-1
2020-08-21,US,Michigan,Dickinson,60,2,0,46.00999672,-87.86961634,26043.0,237.72732675621063,3.333333333333333,58,60,2,0,58,60,25383,0,0,0,0,0
2020-08-21,US,Michigan,Eaton,479,8,0,42.59599185,-84.83740035,26045.0,434.39619835310333,1.6701461377870563,471,479,8,0,471,480,109826,0,0,0,0,-1
2020-08-21,US,Michigan,Emmet,91,2,0,45.52625509,-84.89083249,26047.0,272.33278467754,2.1978021978021984,89,91,2,0,89,88,33308,0,0,0,0,3
2020-08-21,US,Michigan,Federal Correctional Institution (FCI),195,5,0,0.0,0.0,0.0,0.0,2.5641025641025643,190,195,5,0,190,195,,0,0,0,0,0
2020-08-21,US,Michigan,Genesee,3814,300,0,43.02244215,-83.70589709,26049.0,939.8417497714464,7.865757734661773,3514,3814,300,0,3514,3787,406892,0,0,0,0,27
2020-08-21,US,Michigan,Gladwin,72,2,0,43.98901072,-84.38774817,26051.0,282.91877873393844,2.7777777777777777,70,72,2,0,70,70,25337,0,0,0,0,2
2020-08-21,US,Michigan,Gogebic,137,1,0,46.40862701,-89.69377193,26053.0,980.3220035778177,0.7299270072992701,136,137,1,0,136,137,15096,0,0,0,0,0
2020-08-21,US,Michigan,Grand Traverse,255,5,0,44.69565625,-85.55585247,26055.0,273.9343416981781,1.96078431372549,250,255,5,0,250,249,92573,0,0,0,0,6
2020-08-21,US,Michigan,Gratiot,168,15,0,43.29265605,-84.60505416,26057.0,412.6648817272973,8.928571428571429,153,168,15,0,153,168,40599,0,0,0,0,0
2020-08-21,US,Michigan,Hillsdale,284,25,0,41.88753639,-84.59312019,26059.0,622.7387347878522,8.80281690140845,259,284,25,0,259,283,45749,0,0,0,0,1
2020-08-21,US,Michigan,Houghton,57,0,0,46.89988536,-88.68495385,26061.0,159.73545566640507,0.0,57,57,0,0,57,56,36219,0,0,0,0,1
2020-08-21,US,Michigan,Huron,182,4,0,43.83353985,-83.04078453,26063.0,587.4568283786838,2.1978021978021984,178,182,4,0,178,182,31166,0,0,0,0,0
2020-08-21,US,Michigan,Ingham,1661,36,0,42.59716886,-84.37472069,26065.0,568.0457993338031,2.167369054786273,1625,1661,36,0,1625,1652,292735,0,0,0,0,9
2020-08-21,US,Michigan,Ionia,281,7,0,42.94502238,-85.07413319,26067.0,434.33234925885284,2.491103202846975,274,281,7,0,274,281,64210,0,0,0,0,0
2020-08-21,US,Michigan,Iosco,138,12,0,44.35486835,-83.63484895,26069.0,549.2100131332828,8.695652173913043,126,138,12,0,126,138,25081,0,0,0,0,0
2020-08-21,US,Michigan,Iron,23,1,0,46.20974132,-88.53136251,26071.0,207.84384601482017,4.3478260869565215,22,23,1,0,22,23,11117,0,0,0,0,0
2020-08-21,US,Michigan,Isabella,246,9,0,43.64060976,-84.84664923,26073.0,352.07236088848185,3.6585365853658534,237,246,9,0,237,231,70562,0,0,0,0,15
2020-08-21,US,Michigan,Jackson,751,36,0,42.24807035,-84.42258681,26075.0,473.7871427670178,4.793608521970706,715,751,36,0,715,750,158823,0,0,0,0,1
2020-08-21,US,Michigan,Kalamazoo,1784,86,0,42.24542231,-85.53038622,26077.0,673.039922132601,4.820627802690582,1698,1784,86,0,1698,1779,264870,0,0,0,0,5
2020-08-21,US,Michigan,Kalkaska,58,4,0,44.68512729,-85.09085699,26079.0,321.54340836012864,6.896551724137932,54,58,4,0,54,58,17824,0,0,0,0,0
2020-08-21,US,Michigan,Kent,7899,159,0,43.03197711,-85.54934642,26081.0,1202.3654588213806,2.0129130269654385,7740,7899,159,0,7740,7875,653786,0,0,0,0,24
2020-08-21,US,Michigan,Keweenaw,2,0,0,47.63197653,-88.41434263,26083.0,94.5179584120983,0.0,2,2,0,0,2,2,2113,0,0,0,0,0
2020-08-21,US,Michigan,Lake,29,0,0,43.99050893,-85.802173,26085.0,244.6637981945499,0.0,29,29,0,0,29,29,11881,0,0,0,0,0
2020-08-21,US,Michigan,Lapeer,508,35,0,43.09052506,-83.22153148,26087.0,579.8623397673701,6.889763779527558,473,508,35,0,473,508,88028,0,0,0,0,0
2020-08-21,US,Michigan,Leelanau,80,0,0,44.94430054,-85.80150326,26089.0,367.6301640549607,0.0,80,80,0,0,80,80,21764,0,0,0,0,0
2020-08-21,US,Michigan,Lenawee,487,13,0,41.89475156,-84.06603727,26091.0,494.6623193263654,2.6694045174537986,474,487,13,0,474,483,98266,0,0,0,0,4
2020-08-21,US,Michigan,Livingston,967,29,0,42.60302282,-83.91297209,26093.0,503.6589494518088,2.998965873836608,938,967,29,0,938,951,191224,0,0,0,0,16
2020-08-21,US,Michigan,Luce,4,0,0,46.47227431,-85.54471223,26095.0,64.21576497030021,0.0,4,4,0,0,4,4,6283,0,0,0,0,0
2020-08-21,US,Michigan,Mackinac,29,0,0,46.07028979,-85.04980537,26097.0,268.54338364663397,0.0,29,29,0,0,29,28,10787,0,0,0,0,1
2020-08-21,US,Michigan,Macomb,11674,958,0,42.69158356,-82.92752801,26099.0,1335.7407331127313,8.206270344354976,10716,11674,958,0,10716,11621,874759,0,0,0,0,53
2020-08-21,US,Michigan,Manistee,44,1,0,44.33352407,-86.05626916,26101.0,179.167684664875,2.272727272727273,43,44,1,0,43,43,24528,0,0,0,0,1
2020-08-21,US,Michigan,Marquette,223,11,0,46.4338914,-87.64043701,26103.0,334.33784614461985,4.932735426008969,212,223,11,0,212,217,66516,0,0,0,0,6
2020-08-21,US,Michigan,Mason,107,0,0,43.99509218,-86.24988902,26105.0,367.1424650013725,0.0,107,107,0,0,107,107,29100,0,0,0,0,0
2020-08-21,US,Michigan,Mecosta,76,2,0,43.64064262,-85.32463223,26107.0,174.90161783996498,2.631578947368421,74,76,2,0,74,76,43545,0,0,0,0,0
2020-08-21,US,Michigan,Menominee,208,0,0,45.58038692,-87.55370409,26109.0,913.081650570676,0.0,208,208,0,0,208,207,22983,0,0,0,0,1
2020-08-21,US,Michigan,Michigan Department of Corrections (MDOC),4906,69,0,0.0,0.0,0.0,0.0,1.4064410925397473,4837,4906,69,0,4837,4904,,0,0,0,0,2
2020-08-21,US,Michigan,Midland,369,10,0,43.64330771,-84.38804374,26111.0,443.7442878445332,2.710027100271003,359,369,10,0,359,365,83209,0,0,0,0,4
2020-08-21,US,Michigan,Missaukee,42,1,0,44.33772443,-85.09256478,26113.0,277.81452573091684,2.380952380952381,41,42,1,0,41,42,15113,0,0,0,0,0
2020-08-21,US,Michigan,Monroe,1136,25,0,41.92734151,-83.53749864,26115.0,754.8172757475082,2.2007042253521125,1111,1136,25,0,1111,1115,150439,0,0,0,0,21
2020-08-21,US,Michigan,Montcalm,207,3,0,43.31082541,-85.15252824,26117.0,324.0045078888054,1.4492753623188406,204,207,3,0,204,207,63968,0,0,0,0,0
2020-08-21,US,Michigan,Montmorency,11,0,0,45.0275929,-84.12696227,26119.0,117.92452830188678,0.0,11,11,0,0,11,10,9265,0,0,0,0,1
2020-08-21,US,Michigan,Muskegon,1261,63,0,43.29123859,-86.15176712,26121.0,726.5247801988869,4.9960348929421095,1198,1261,63,0,1198,1248,173588,0,0,0,0,13
2020-08-21,US,Michigan,Newaygo,271,0,0,43.554373999999996,-85.80070107,26123.0,553.2870559412005,0.0,271,271,0,0,271,271,48892,0,0,0,0,0
2020-08-21,US,Michigan,Oakland,16885,1146,0,42.66090111,-83.38595416,26125.0,1342.653850557895,6.787089132366005,15739,16885,1146,0,15739,16794,1259201,0,0,0,0,91
2020-08-21,US,Michigan,Oceana,491,6,0,43.64124435,-86.26726673,26127.0,1855.1403634714927,1.2219959266802445,485,491,6,0,485,489,26625,0,0,0,0,2
2020-08-21,US,Michigan,Ogemaw,54,3,0,44.33481032,-84.12725175,26129.0,257.17959708529787,5.5555555555555545,51,54,3,0,51,54,20952,0,0,0,0,0
2020-08-21,US,Michigan,Ontonagon,29,0,0,46.665226200000006,-89.31390481,26131.0,506.993006993007,0.0,29,29,0,0,29,30,5795,0,0,0,0,-1
2020-08-21,US,Michigan,Osceola,72,0,0,43.98992088,-85.32566756,26133.0,306.90537084398983,0.0,72,72,0,0,72,71,23341,0,0,0,0,1
2020-08-21,US,Michigan,Oscoda,29,1,0,44.68192279,-84.12939244,26135.0,351.8990413784735,3.4482758620689653,28,29,1,0,28,29,8276,0,0,0,0,0
2020-08-21,US,Michigan,Otsego,136,11,0,45.02085831,-84.59898295,26137.0,551.3215501864763,8.088235294117647,125,136,11,0,125,136,24665,0,0,0,0,0
2020-08-21,US,Michigan,Ottawa,1965,61,0,42.95996803,-85.9969107,26139.0,673.337216872837,3.1043256997455466,1904,1965,61,0,1904,1956,290494,0,0,0,0,9
2020-08-21,US,Michigan,Out of MI,92,0,0,0.0,0.0,80026.0,0.0,0.0,92,92,0,0,92,97,,0,0,0,0,-5
2020-08-21,US,Michigan,Presque Isle,21,1,0,45.34018577,-83.91498656,26141.0,166.77255400254128,4.761904761904762,20,21,1,0,20,21,12738,0,0,0,0,0
2020-08-21,US,Michigan,Roscommon,60,3,0,44.33473082,-84.61067651,26143.0,249.8022398934177,5.0,57,60,3,0,57,60,23884,0,0,0,0,0
2020-08-21,US,Michigan,Saginaw,2264,129,0,43.33433923,-84.05131209999998,26145.0,1188.2081883498915,5.6978798586572434,2135,2264,129,0,2135,2233,190800,0,0,0,0,31
2020-08-21,US,Michigan,Sanilac,116,6,0,43.42406072,-82.82055898,26151.0,281.75856205975225,5.172413793103448,110,116,6,0,110,117,41182,0,0,0,0,-1
2020-08-21,US,Michigan,Schoolcraft,14,0,0,46.19235734,-86.19972234,26153.0,172.96763034346432,0.0,14,14,0,0,14,14,8068,0,0,0,0,0
2020-08-21,US,Michigan,Shiawassee,367,29,0,42.95392800000001,-84.14585902,26155.0,538.7393206306333,7.901907356948229,338,367,29,0,338,363,68192,0,0,0,0,4
2020-08-21,US,Michigan,St. Clair,861,53,0,42.92655373,-82.67937954,26147.0,541.0738524961038,6.155632984901277,808,861,53,0,808,857,159337,0,0,0,0,4
2020-08-21,US,Michigan,St. Joseph,644,10,0,41.91441767,-85.52797979,26149.0,1056.3611311593727,1.5527950310559009,634,644,10,0,634,641,61043,0,0,0,0,3
2020-08-21,US,Michigan,Tuscola,394,29,0,43.46606813,-83.41897025,26157.0,754.1391520719687,7.3604060913705585,365,394,29,0,365,392,52516,0,0,0,0,2
2020-08-21,US,Michigan,Unassigned,6,0,0,0.0,0.0,90026.0,0.0,0.0,6,6,0,0,6,5,,0,0,0,0,1
2020-08-21,US,Michigan,Van Buren,531,14,0,42.25190229,-86.01939087,26159.0,701.6662922684567,2.6365348399246704,517,531,14,0,517,527,75448,0,0,0,0,4
2020-08-21,US,Michigan,Washtenaw,2722,115,0,42.253105,-83.83853204,26161.0,740.4767669293608,4.224834680382072,2607,2722,115,0,2607,2696,370963,0,0,0,0,26
2020-08-21,US,Michigan,Wayne,29622,2852,0,42.28098405,-83.281255,26163.0,1693.3214355332261,9.627979204645195,26770,29622,2852,0,26770,29517,1753893,0,0,0,0,105
2020-08-21,US,Michigan,Wexford,76,4,0,44.33853602,-85.57712739,26165.0,225.9819809104695,5.2631578947368425,72,76,4,0,72,76,33466,0,0,0,0,0
2020-08-21,US,Minnesota,Aitkin,44,1,0,46.60962049,-93.41168259999999,27001.0,276.97343572957317,2.272727272727273,43,44,1,0,43,44,15902,0,0,0,0,0
2020-08-21,US,Minnesota,Anoka,4229,116,0,45.27476015,-93.24604565,27003.0,1184.856032567431,2.7429652400094584,4113,4177,116,0,4061,4149,353813,52,0,0,52,28
2020-08-21,US,Minnesota,Becker,171,1,0,46.93479392,-95.67158144,27005.0,496.76088661650635,0.5847953216374269,170,170,1,0,169,168,34371,1,0,0,1,2
2020-08-21,US,Minnesota,Beltrami,287,1,0,47.97373527,-94.93732139,27007.0,608.2054759684665,0.3484320557491289,286,286,1,0,285,281,46847,1,0,0,1,5
2020-08-21,US,Minnesota,Benton,346,3,0,45.69804958,-93.99514135,27009.0,846.1933527354546,0.8670520231213873,343,342,3,0,339,340,40545,4,0,0,4,2
2020-08-21,US,Minnesota,Big Stone,30,0,0,45.42712824,-96.41403739,27011.0,601.0819475055099,0.0,30,29,0,0,29,28,4989,1,0,0,1,1
2020-08-21,US,Minnesota,Blue Earth,1034,5,0,44.03554215,-94.06699781,27013.0,1528.387506836356,0.4835589941972921,1029,1018,5,0,1013,1007,67427,16,0,0,16,11
2020-08-21,US,Minnesota,Brown,103,2,0,44.24205652,-94.72562874,27015.0,411.8682021753039,1.9417475728155342,101,101,2,0,99,101,25111,2,0,0,2,0
2020-08-21,US,Minnesota,Carlton,165,1,0,46.59180601,-92.67601019,27017.0,459.9816007359705,0.6060606060606061,164,162,1,0,161,160,35837,3,0,0,3,2
2020-08-21,US,Minnesota,Carver,999,4,0,44.82017001,-93.80099179999999,27019.0,950.6228054315866,0.4004004004004004,995,991,4,0,987,987,103551,8,0,0,8,4
2020-08-21,US,Minnesota,Cass,88,3,0,46.95043611,-94.32603968,27021.0,295.5102589072836,3.4090909090909087,85,86,3,0,83,84,29519,2,0,0,2,2
2020-08-21,US,Minnesota,Chippewa,127,1,0,45.02343421,-95.56403693,27023.0,1076.2711864406779,0.7874015748031497,126,126,1,0,125,126,11924,1,0,0,1,0
2020-08-21,US,Minnesota,Chisago,247,1,0,45.5021011,-92.90861945,27025.0,436.5577334346666,0.4048582995951417,246,238,1,0,237,233,55922,9,0,0,9,5
2020-08-21,US,Minnesota,Clay,812,40,0,46.89289518,-96.48761922,27027.0,1264.3642365544515,4.9261083743842375,772,807,40,0,767,802,63955,5,0,0,5,5
2020-08-21,US,Minnesota,Clearwater,15,0,0,47.57992111,-95.37790562,27029.0,170.10660013608532,0.0,15,15,0,0,15,15,8810,0,0,0,0,0
2020-08-21,US,Minnesota,Cook,6,0,0,47.90504893,-90.52629546,27031.0,109.82976386600771,0.0,6,6,0,0,6,6,5393,0,0,0,0,0
2020-08-21,US,Minnesota,Cottonwood,194,0,0,44.00715262,-95.18138802,27033.0,1732.7617006073597,0.0,194,193,0,0,193,188,11277,1,0,0,1,5
2020-08-21,US,Minnesota,Crow Wing,279,15,0,46.48096553,-94.06755609,27035.0,428.86788102374913,5.376344086021504,264,279,15,0,264,275,64889,0,0,0,0,4
2020-08-21,US,Minnesota,Dakota,5118,109,0,44.67172617,-93.06299363,27037.0,1192.948596921829,2.1297381789761625,5009,5048,108,0,4940,4992,425423,70,1,0,69,56
2020-08-21,US,Minnesota,Dodge,144,0,0,44.02238415,-92.86244324,27039.0,687.8761822871883,0.0,144,143,0,0,143,142,20822,1,0,0,1,1
2020-08-21,US,Minnesota,Douglas,149,1,0,45.93348491,-95.45335469,27041.0,390.6557248105713,0.6711409395973155,148,146,1,0,145,147,37964,3,0,0,3,-1
2020-08-21,US,Minnesota,Faribault,98,0,0,43.67381499,-93.94787458,27043.0,717.7909616934007,0.0,98,99,0,0,99,96,13758,-1,0,0,-1,3
2020-08-21,US,Minnesota,Fillmore,78,0,0,43.67394126,-92.08980382,27045.0,370.2473062135092,0.0,78,78,0,0,78,78,21058,0,0,0,0,0
2020-08-21,US,Minnesota,Freeborn,383,1,0,43.67385583,-93.34884422,27047.0,1264.819523793798,0.2610966057441253,382,377,1,0,376,375,30444,6,0,0,6,2
2020-08-21,US,Minnesota,Goodhue,233,9,0,44.40849741,-92.72341949999999,27049.0,502.8053517479499,3.862660944206009,224,232,9,0,223,223,46403,1,0,0,1,9
2020-08-21,US,Minnesota,Grant,55,4,0,45.93424769,-96.01139609,27051.0,920.9645010046886,7.272727272727272,51,55,4,0,51,55,6021,0,0,0,0,0
2020-08-21,US,Minnesota,Hennepin,21270,862,0,45.00761521,-93.47694895,27053.0,1680.3031655584464,4.0526563234602735,20408,21050,860,0,20190,20853,1259428,220,2,0,218,197
2020-08-21,US,Minnesota,Houston,65,0,0,43.67129565,-91.49143057,27055.0,349.46236559139777,0.0,65,63,0,0,63,63,18578,2,0,0,2,0
2020-08-21,US,Minnesota,Hubbard,40,0,0,47.10778564,-94.91693868,27057.0,186.12442417756267,0.0,40,39,0,0,39,37,21332,1,0,0,1,2
2020-08-21,US,Minnesota,Isanti,160,0,0,45.56181234,-93.29487636,27059.0,394.12750024632965,0.0,160,156,0,0,156,151,39966,4,0,0,4,5
2020-08-21,US,Minnesota,Itasca,155,12,0,47.51009045,-93.63092229,27061.0,343.45224905827615,7.741935483870968,143,153,12,0,141,151,45108,2,0,0,2,2
2020-08-21,US,Minnesota,Jackson,88,0,0,43.67423373,-95.15398258,27063.0,893.7639650619542,0.0,88,87,0,0,87,85,9911,1,0,0,1,2
2020-08-21,US,Minnesota,Kanabec,49,4,0,45.9459309,-93.29275192,27065.0,299.9326681765318,8.16326530612245,45,48,4,0,44,46,16207,1,0,0,1,2
2020-08-21,US,Minnesota,Kandiyohi,759,1,0,45.1526059,-95.00586446,27067.0,1756.9851153961895,0.13175230566534915,758,753,1,0,752,745,42855,6,0,0,6,8
2020-08-21,US,Minnesota,Kittson,3,0,0,48.77754106,-96.78317184,27069.0,69.79990693345742,0.0,3,3,0,0,3,3,4248,0,0,0,0,0
2020-08-21,US,Minnesota,Koochiching,85,3,0,48.24539665,-93.78352843,27071.0,695.0690980456293,3.5294117647058822,82,84,3,0,81,84,12440,1,0,0,1,0
2020-08-21,US,Minnesota,Lac qui Parle,11,0,0,44.9973857,-96.17488219,27073.0,166.08787558508232,0.0,11,10,0,0,10,10,6658,1,0,0,1,0
2020-08-21,US,Minnesota,Lake,25,0,0,47.64270764,-91.44557998,27075.0,234.9403251574101,0.0,25,25,0,0,25,25,10658,0,0,0,0,0
2020-08-21,US,Minnesota,Lake of the Woods,7,0,0,48.77217001,-94.90274472,27077.0,187.16577540106945,0.0,7,7,0,0,7,7,3758,0,0,0,0,0
2020-08-21,US,Minnesota,Le Sueur,302,2,0,44.37136597,-93.72844721,27079.0,1045.4529719250877,0.6622516556291391,300,285,2,0,283,263,28494,17,0,0,17,22
2020-08-21,US,Minnesota,Lincoln,62,0,0,44.41311883,-96.26688165,27081.0,1099.4857244192233,0.0,62,62,0,0,62,61,5673,0,0,0,0,1
2020-08-21,US,Minnesota,Lyon,437,3,0,44.41327865,-95.83806103,27083.0,1715.474601554526,0.6864988558352403,434,436,3,0,433,434,25629,1,0,0,1,2
2020-08-21,US,Minnesota,Mahnomen,32,1,0,47.32557075,-95.80921485,27087.0,578.975936312647,3.125,31,31,1,0,30,30,5519,1,0,0,1,1
2020-08-21,US,Minnesota,Marshall,30,0,0,48.35825983,-96.37017407,27089.0,321.3367609254499,0.0,30,30,0,0,30,30,9390,0,0,0,0,0
2020-08-21,US,Minnesota,Martin,216,6,0,43.67429718,-94.55099908,27091.0,1097.3936899862829,2.7777777777777777,210,214,6,0,208,212,19785,2,0,0,2,2
2020-08-21,US,Minnesota,McLeod,293,1,0,44.82367677,-94.27287017,27085.0,816.315158944641,0.3412969283276451,292,282,1,0,281,279,35873,11,0,0,11,3
2020-08-21,US,Minnesota,Meeker,91,2,0,45.12328869,-94.52839455,27093.0,391.86977865816897,2.1978021978021984,89,91,2,0,89,91,23141,0,0,0,0,0
2020-08-21,US,Minnesota,Mille Lacs,83,3,0,45.93705297,-93.63236823,27095.0,315.86558587357763,3.614457831325301,80,83,3,0,80,82,26139,0,0,0,0,1
2020-08-21,US,Minnesota,Morrison,104,1,0,46.01265363,-94.27341528,27097.0,311.507817648116,0.9615384615384616,103,104,1,0,103,103,33169,0,0,0,0,1
2020-08-21,US,Minnesota,Mower,1147,3,0,43.67142874,-92.75234549,27099.0,2863.0622535070643,0.26155187445510025,1144,1139,3,0,1136,1134,40011,8,0,0,8,5
2020-08-21,US,Minnesota,Murray,133,1,0,44.02216709,-95.76328482,27101.0,1623.13888210886,0.7518796992481203,132,132,1,0,131,131,8276,1,0,0,1,1
2020-08-21,US,Minnesota,Nicollet,402,14,0,44.35291112,-94.24710352,27103.0,1172.900741086538,3.4825870646766166,388,396,13,0,383,386,34220,6,1,0,5,10
2020-08-21,US,Minnesota,Nobles,1812,11,0,43.67434621,-95.75329576,27105.0,8377.641129964399,0.6070640176600441,1801,1807,11,0,1796,1803,21924,5,0,0,5,4
2020-08-21,US,Minnesota,Norman,43,0,0,47.32628443,-96.45620947,27107.0,674.5098039215686,0.0,43,43,0,0,43,43,6475,0,0,0,0,0
2020-08-21,US,Minnesota,Olmsted,1890,24,0,44.00374114,-92.40209944,27109.0,1193.9883633515065,1.2698412698412698,1866,1877,24,0,1853,1866,156277,13,0,0,13,11
2020-08-21,US,Minnesota,Otter Tail,233,4,0,46.40846929,-95.70835255,27111.0,396.6227487828959,1.7167381974248928,229,229,4,0,225,227,58812,4,0,0,4,2
2020-08-21,US,Minnesota,Pennington,74,1,0,48.06642577,-96.0370814,27113.0,524.1164388412777,1.351351351351351,73,74,1,0,73,74,14178,0,0,0,0,0
2020-08-21,US,Minnesota,Pine,136,0,0,46.12105238,-92.74070188,27115.0,459.7856587443795,0.0,136,132,0,0,132,132,29483,4,0,0,4,0
2020-08-21,US,Minnesota,Pipestone,170,9,0,44.02301619,-96.25841142,27117.0,1862.809555117248,5.294117647058823,161,166,9,0,157,165,9047,4,0,0,4,1
2020-08-21,US,Minnesota,Polk,172,4,0,47.77372465,-96.40134647,27119.0,548.3994388470858,2.3255813953488373,168,171,4,0,167,168,31529,1,0,0,1,3
2020-08-21,US,Minnesota,Pope,55,0,0,45.58606667,-95.44451209,27121.0,488.9323495421816,0.0,55,55,0,0,55,52,11097,0,0,0,0,3
2020-08-21,US,Minnesota,Ramsey,8412,282,0,45.01625271,-93.09872295,27123.0,1528.5624208416543,3.352353780313837,8130,8312,280,0,8032,8234,550210,100,2,0,98,78
2020-08-21,US,Minnesota,Red Lake,27,0,0,47.87197525,-96.09561104,27125.0,665.8446362515413,0.0,27,27,0,0,27,26,3999,0,0,0,0,1
2020-08-21,US,Minnesota,Redwood,45,0,0,44.40555844,-95.25207021,27127.0,296.6381015161503,0.0,45,40,0,0,40,39,15249,5,0,0,5,1
2020-08-21,US,Minnesota,Renville,70,5,0,44.72836381,-94.94553734,27129.0,481.1657959857025,7.142857142857142,65,69,5,0,64,69,14612,1,0,0,1,0
2020-08-21,US,Minnesota,Rice,1110,8,0,44.3543376,-93.29658715,27131.0,1657.409066475542,0.7207207207207207,1102,1096,8,0,1088,1078,66523,14,0,0,14,18
2020-08-21,US,Minnesota,Rock,95,0,0,43.67482683,-96.25296832,27133.0,1019.8604401502953,0.0,95,93,0,0,93,90,9414,2,0,0,2,3
2020-08-21,US,Minnesota,Roseau,58,0,0,48.77501878,-95.81079919,27135.0,382.4596109462578,0.0,58,58,0,0,58,57,15150,0,0,0,0,1
2020-08-21,US,Minnesota,Scott,1805,27,0,44.6490231,-93.53340251,27139.0,1211.3037117566926,1.4958448753462603,1778,1782,25,0,1757,1761,147381,23,2,0,21,21
2020-08-21,US,Minnesota,Sherburne,809,11,0,45.44447208,-93.77617511,27141.0,831.9792673646106,1.3597033374536465,798,801,11,0,790,790,96036,8,0,0,8,11
2020-08-21,US,Minnesota,Sibley,101,2,0,44.5796592,-94.23164924,27143.0,679.4483686511942,1.98019801980198,99,99,2,0,97,97,15028,2,0,0,2,2
2020-08-21,US,Minnesota,St. Louis,725,21,0,47.604840700000004,-92.46879855,27137.0,364.1934997739489,2.896551724137931,704,707,21,0,686,696,199754,18,0,0,18,11
2020-08-21,US,Minnesota,Stearns,3048,21,0,45.55192576,-94.61078221,27145.0,1892.2862020797766,0.6889763779527559,3027,3019,21,0,2998,2990,159256,29,0,0,29,29
2020-08-21,US,Minnesota,Steele,384,2,0,44.02240351,-93.22627088,27147.0,1047.7775655543126,0.5208333333333334,382,378,2,0,376,375,36803,6,0,0,6,3
2020-08-21,US,Minnesota,Stevens,23,0,0,45.58613007,-96.00163705,27149.0,234.5741968383477,0.0,23,22,0,0,22,22,9753,1,0,0,1,0
2020-08-21,US,Minnesota,Swift,58,1,0,45.2829032,-95.68264092,27151.0,625.9443125404705,1.7241379310344829,57,58,1,0,57,58,9345,0,0,0,0,0
2020-08-21,US,Minnesota,Todd,439,2,0,46.06996226,-94.89785296,27153.0,1779.9221537463513,0.4555808656036446,437,436,2,0,434,436,24582,3,0,0,3,0
2020-08-21,US,Minnesota,Traverse,21,0,0,45.77298854,-96.47062949,27155.0,644.3694384780607,0.0,21,19,0,0,19,17,3308,2,0,0,2,2
2020-08-21,US,Minnesota,Unassigned,136,46,0,0.0,0.0,90027.0,0.0,33.823529411764696,90,120,46,0,74,125,,16,0,0,16,-5
2020-08-21,US,Minnesota,Wabasha,107,0,0,44.28424356,-92.23121312,27157.0,494.75193045729867,0.0,107,107,0,0,107,103,21645,0,0,0,0,4
2020-08-21,US,Minnesota,Wadena,34,0,0,46.58589171,-94.96968506,27159.0,248.50168104078358,0.0,34,31,0,0,31,30,13773,3,0,0,3,1
2020-08-21,US,Minnesota,Waseca,202,1,0,44.02211116,-93.58720034,27161.0,1085.3212980872556,0.4950495049504951,201,193,1,0,192,183,18691,9,0,0,9,10
2020-08-21,US,Minnesota,Washington,2521,51,0,45.03864533,-92.88429635,27163.0,960.6005182136867,2.0230067433558108,2470,2478,51,0,2427,2435,259201,43,0,0,43,43
2020-08-21,US,Minnesota,Watonwan,396,3,0,43.97823903,-94.61413846,27165.0,3634.0277140497374,0.7575757575757576,393,395,3,0,392,394,10980,1,0,0,1,1
2020-08-21,US,Minnesota,Wilkin,43,3,0,46.35721532,-96.4684375,27167.0,692.7662316739163,6.9767441860465125,40,41,3,0,38,39,6254,2,0,0,2,2
2020-08-21,US,Minnesota,Winona,294,17,0,43.98772283,-91.78081305,27169.0,582.3627287853577,5.782312925170068,277,286,17,0,269,284,50825,8,0,0,8,2
2020-08-21,US,Minnesota,Wright,1043,6,0,45.17297924,-93.96234781,27171.0,753.7379766868771,0.5752636625119847,1037,1019,6,0,1013,1006,136349,24,0,0,24,13
2020-08-21,US,Minnesota,Yellow Medicine,59,0,0,44.71710183,-95.86842453,27173.0,607.6835925430013,0.0,59,57,0,0,57,56,9795,2,0,0,2,1
2020-08-21,US,Mississippi,Adams,699,28,0,31.47669768,-91.35326037,28001.0,2277.3922392727977,4.005722460658083,671,693,28,0,665,684,31192,6,0,0,6,9
2020-08-21,US,Mississippi,Alcorn,498,6,0,34.88084463,-88.57996173,28003.0,1347.6578356290422,1.2048192771084338,492,488,6,0,482,475,36925,10,0,0,10,13
2020-08-21,US,Mississippi,Amite,259,6,0,31.17467303,-90.80501621,28005.0,2106.204765389933,2.3166023166023164,253,257,6,0,251,253,12326,2,0,0,2,4
2020-08-21,US,Mississippi,Attala,568,25,0,33.08658803,-89.57838564,28007.0,3125.343897876087,4.401408450704225,543,563,25,0,538,559,18365,5,0,0,5,4
2020-08-21,US,Mississippi,Benton,183,1,0,34.81681228,-89.18945516,28009.0,2215.7646204140938,0.5464480874316939,182,181,1,0,180,174,8271,2,0,0,2,7
2020-08-21,US,Mississippi,Bolivar,1310,42,0,33.79696941,-90.87372121,28011.0,4277.132036045448,3.206106870229008,1268,1289,41,0,1248,1269,31333,21,1,0,20,20
2020-08-21,US,Mississippi,Calhoun,445,9,0,33.93683395,-89.33686647,28013.0,3098.6700090522945,2.02247191011236,436,442,9,0,433,439,14436,3,0,0,3,3
2020-08-21,US,Mississippi,Carroll,279,11,0,33.44834567,-89.91994479,28015.0,2804.8657886800042,3.942652329749104,268,279,11,0,268,275,9911,0,0,0,0,4
2020-08-21,US,Mississippi,Chickasaw,540,20,0,33.91983202,-88.9481545,28017.0,3157.3408174004558,3.703703703703704,520,535,20,0,515,528,17171,5,0,0,5,7
2020-08-21,US,Mississippi,Choctaw,147,4,0,33.34598242,-89.24809382,28019.0,1790.4993909866016,2.7210884353741496,143,147,4,0,143,147,8278,0,0,0,0,0
2020-08-21,US,Mississippi,Claiborne,420,15,0,31.97061673,-90.90702196,28021.0,4672.897196261682,3.571428571428572,405,418,15,0,403,418,9002,2,0,0,2,0
2020-08-21,US,Mississippi,Clarke,403,28,0,32.04158545,-88.68896219999998,28023.0,2593.140724535101,6.9478908188585615,375,395,28,0,367,389,15604,8,0,0,8,6
2020-08-21,US,Mississippi,Clay,442,14,0,33.65358105,-88.77784255,28025.0,2288.2584386001245,3.1674208144796383,428,435,14,0,421,431,19386,7,0,0,7,4
2020-08-21,US,Mississippi,Coahoma,895,14,0,34.22772299,-90.60415045,28027.0,4045.3805821732058,1.5642458100558658,881,890,14,0,876,875,22628,5,0,0,5,15
2020-08-21,US,Mississippi,Copiah,1006,30,0,31.86977774,-90.44565118,28029.0,3584.5358988063426,2.982107355864811,976,1002,30,0,972,996,28543,4,0,0,4,6
2020-08-21,US,Mississippi,Covington,682,17,0,31.63225413,-89.55389939,28031.0,3659.5836016312514,2.49266862170088,665,680,17,0,663,679,18853,2,0,0,2,1
2020-08-21,US,Mississippi,DeSoto,4185,37,0,34.87625235,-89.99091418,28033.0,2262.834896861229,0.8841099163679809,4148,4143,37,0,4106,4079,182001,42,0,0,42,64
2020-08-21,US,Mississippi,Forrest,1976,59,0,31.18961454,-89.25832496,28035.0,2638.2899181542653,2.9858299595141697,1917,1964,59,0,1905,1947,75036,12,0,0,12,17
2020-08-21,US,Mississippi,Franklin,164,3,0,31.47786634,-90.89672989,28037.0,2126.280305976922,1.8292682926829267,161,159,2,0,157,158,7788,5,1,0,4,1
2020-08-21,US,Mississippi,George,666,11,0,30.86259065,-88.64436789,28039.0,2718.3673469387754,1.6516516516516515,655,654,11,0,643,647,24250,12,0,0,12,7
2020-08-21,US,Mississippi,Greene,282,14,0,31.21444233,-88.63922281,28041.0,2075.666126895333,4.964539007092198,268,276,14,0,262,275,13586,6,0,0,6,1
2020-08-21,US,Mississippi,Grenada,892,28,0,33.77036166,-89.80245083,28043.0,4297.138452644764,3.1390134529147984,864,888,28,0,860,885,21055,4,0,0,4,3
2020-08-21,US,Mississippi,Hancock,448,18,0,30.41830223,-89.48851033,28045.0,940.54417198522,4.017857142857143,430,442,17,0,425,436,47334,6,1,0,5,6
2020-08-21,US,Mississippi,Harrison,2984,43,0,30.51359752,-89.12467576,28047.0,1434.0638216070745,1.441018766756032,2941,2927,41,0,2886,2868,206650,57,2,0,55,59
2020-08-21,US,Mississippi,Hinds,6150,132,0,32.2656285,-90.44435448,28049.0,2652.691511387164,2.1463414634146343,6018,6098,130,0,5968,6065,237085,52,2,0,50,33
2020-08-21,US,Mississippi,Holmes,995,50,0,33.12345854,-90.08923538,28051.0,5849.500293944739,5.025125628140704,945,983,50,0,933,978,17622,12,0,0,12,5
2020-08-21,US,Mississippi,Humphreys,321,12,0,33.12825718,-90.52252707,28053.0,3980.654761904762,3.7383177570093458,309,319,12,0,307,316,8257,2,0,0,2,3
2020-08-21,US,Mississippi,Issaquena,87,2,0,32.72531359,-90.97392828,28055.0,6556.141672946495,2.2988505747126435,85,45,2,0,43,29,1308,42,0,0,42,16
2020-08-21,US,Mississippi,Itawamba,469,13,0,34.27993475,-88.3606733,28057.0,2005.1303976058146,2.771855010660981,456,465,12,0,453,452,23517,4,1,0,3,13
2020-08-21,US,Mississippi,Jackson,2696,53,0,30.54020656,-88.64184064,28059.0,1877.2150929207544,1.9658753709198813,2643,2650,52,0,2598,2594,143277,46,1,0,45,56
2020-08-21,US,Mississippi,Jasper,454,12,0,32.01922104,-89.11786866,28061.0,2771.165232252945,2.643171806167401,442,448,12,0,436,439,16428,6,0,0,6,9
2020-08-21,US,Mississippi,Jefferson,209,8,0,31.73397872,-91.03764977,28063.0,2989.985693848355,3.827751196172249,201,208,8,0,200,207,7106,1,0,0,1,1
2020-08-21,US,Mississippi,Jefferson Davis,263,7,0,31.56884708,-89.82670990000004,28065.0,2363.4076204169664,2.661596958174905,256,261,7,0,254,260,11234,2,0,0,2,1
2020-08-21,US,Mississippi,Jones,2041,68,0,31.62257767,-89.16896899999998,28067.0,2997.1511644982234,3.3317001469867717,1973,2033,67,0,1966,2020,68461,8,1,0,7,13
2020-08-21,US,Mississippi,Kemper,255,14,0,32.75462946,-88.64105766,28069.0,2617.532334222952,5.490196078431373,241,255,14,0,241,254,10027,0,0,0,0,1
2020-08-21,US,Mississippi,Lafayette,1133,27,0,34.35687874,-89.48490961,28071.0,2097.4101704955665,2.383053839364519,1106,1122,27,0,1095,1105,54793,11,0,0,11,17
2020-08-21,US,Mississippi,Lamar,1330,24,0,31.20572971,-89.5077704,28073.0,2099.6795225991823,1.8045112781954888,1306,1317,24,0,1293,1302,62447,13,0,0,13,15
2020-08-21,US,Mississippi,Lauderdale,1588,101,0,32.40419769,-88.66229662,28075.0,2142.327150084317,6.3602015113350125,1487,1578,101,0,1477,1544,75317,10,0,0,10,34
2020-08-21,US,Mississippi,Lawrence,372,9,0,31.55147224,-90.10841127,28077.0,2955.6650246305408,2.419354838709677,363,369,9,0,360,367,12455,3,0,0,3,2
2020-08-21,US,Mississippi,Leake,834,27,0,32.7536828,-89.52402044,28079.0,3660.142192574388,3.2374100719424463,807,828,27,0,801,826,22763,6,0,0,6,2
2020-08-21,US,Mississippi,Lee,1916,46,0,34.291877500000005,-88.68149954,28081.0,2242.6143546046164,2.400835073068893,1870,1885,44,0,1841,1844,85202,31,2,0,29,41
2020-08-21,US,Mississippi,Leflore,1172,70,0,33.55545125,-90.29900733,28083.0,4158.53528722989,5.972696245733787,1102,1163,70,0,1093,1150,28919,9,0,0,9,13
2020-08-21,US,Mississippi,Lincoln,913,46,0,31.53288662,-90.45391915,28085.0,2673.2644277223085,5.038335158817087,867,903,46,0,857,896,34205,10,0,0,10,7
2020-08-21,US,Mississippi,Lowndes,1200,47,0,33.47386518,-88.44191529999998,28087.0,2047.9563102653808,3.9166666666666665,1153,1175,47,0,1128,1167,58930,25,0,0,25,8
2020-08-21,US,Mississippi,Madison,2693,79,0,32.63389156,-90.03513564,28089.0,2534.0635350797947,2.9335313776457483,2614,2668,77,0,2591,2662,105630,25,2,0,23,6
2020-08-21,US,Mississippi,Marion,739,24,0,31.23132643,-89.8209217,28091.0,3007.365808000651,3.247631935047361,715,725,24,0,701,722,24715,14,0,0,14,3
2020-08-21,US,Mississippi,Marshall,873,11,0,34.76216286,-89.50299462,28093.0,2473.508245027484,1.2600229095074456,862,859,10,0,849,823,35451,14,1,0,13,36
2020-08-21,US,Mississippi,Monroe,950,56,0,33.89236763,-88.4808438,28095.0,2694.88255985476,5.894736842105262,894,938,56,0,882,918,35564,12,0,0,12,20
2020-08-21,US,Mississippi,Montgomery,383,11,0,33.49419589,-89.61729103,28097.0,3918.158567774936,2.8720626631853787,372,381,11,0,370,379,10023,2,0,0,2,2
2020-08-21,US,Mississippi,Neshoba,1367,97,0,32.75339664,-89.11726492,28099.0,4694.690569407238,7.09583028529627,1270,1364,97,0,1267,1349,29125,3,0,0,3,15
2020-08-21,US,Mississippi,Newton,616,13,0,32.40021118,-89.11843336,28101.0,2930.82120087544,2.1103896103896105,603,614,13,0,601,604,21443,2,0,0,2,10
2020-08-21,US,Mississippi,Noxubee,502,13,0,33.11009499,-88.56949061,28103.0,4819.045790534703,2.589641434262948,489,499,13,0,486,496,10535,3,0,0,3,3
2020-08-21,US,Mississippi,Oktibbeha,1256,45,0,33.42491685,-88.87905132,28105.0,2532.921935184625,3.582802547770701,1211,1237,45,0,1192,1218,49599,19,0,0,19,19
2020-08-21,US,Mississippi,Panola,1200,20,0,34.36398677,-89.95064249,28107.0,3509.592887225082,1.6666666666666667,1180,1184,20,0,1164,1175,34178,16,0,0,16,9
2020-08-21,US,Mississippi,Pearl River,660,45,0,30.77090935,-89.58677275,28109.0,1188.439722697398,6.8181818181818175,615,643,44,0,599,632,55387,17,1,0,16,11
2020-08-21,US,Mississippi,Perry,277,9,0,31.17161885,-88.99281835,28111.0,2313.5387956234867,3.249097472924188,268,274,9,0,265,268,11931,3,0,0,3,6
2020-08-21,US,Mississippi,Pike,1062,39,0,31.17507789,-90.40392572,28113.0,2703.115455100794,3.6723163841807906,1023,1052,39,0,1013,1041,39563,10,0,0,10,11
2020-08-21,US,Mississippi,Pontotoc,955,9,0,34.226046000000004,-89.03636807,28115.0,2968.235220985889,0.9424083769633508,946,927,9,0,918,918,31833,28,0,0,28,9
2020-08-21,US,Mississippi,Prentiss,545,12,0,34.61810501,-88.51986294,28117.0,2169.0678977951125,2.201834862385321,533,537,12,0,525,524,25315,8,0,0,8,13
2020-08-21,US,Mississippi,Quitman,287,2,0,34.25157572,-90.28908,28119.0,4225.559481743228,0.6968641114982579,285,284,2,0,282,281,7051,3,0,0,3,3
2020-08-21,US,Mississippi,Rankin,2556,45,0,32.26469147,-89.94537876,28121.0,1646.1541434008927,1.7605633802816902,2511,2529,44,0,2485,2507,153902,27,1,0,26,22
2020-08-21,US,Mississippi,Scott,1065,21,0,32.406704100000006,-89.53789439,28123.0,3786.8013084909694,1.971830985915493,1044,1057,21,0,1036,1050,28287,8,0,0,8,7
2020-08-21,US,Mississippi,Sharkey,230,7,0,32.88149103,-90.81595379999999,28125.0,5322.841934737329,3.0434782608695654,223,226,7,0,219,220,4377,4,0,0,4,6
2020-08-21,US,Mississippi,Simpson,876,38,0,31.91282117,-89.91716179,28127.0,3286.0679720909297,4.337899543378995,838,873,37,0,836,872,26758,3,1,0,2,1
2020-08-21,US,Mississippi,Smith,441,13,0,32.01744532,-89.50644846,28129.0,2770.796682583564,2.947845804988662,428,439,13,0,426,435,16002,2,0,0,2,4
2020-08-21,US,Mississippi,Stone,278,9,0,30.79187949,-89.11547539,28131.0,1516.1431064572425,3.2374100719424463,269,269,9,0,260,264,18717,9,0,0,9,5
2020-08-21,US,Mississippi,Sunflower,1177,32,0,33.60192578,-90.58882684,28133.0,4687.375547590601,2.7187765505522514,1145,1165,31,0,1134,1145,25735,12,1,0,11,20
2020-08-21,US,Mississippi,Tallahatchie,595,11,0,33.95339918,-90.1729398,28135.0,4308.784126294446,1.8487394957983196,584,593,11,0,582,589,13987,2,0,0,2,4
2020-08-21,US,Mississippi,Tate,815,31,0,34.65133709,-89.94485778,28137.0,2877.7232442357263,3.803680981595092,784,801,31,0,770,791,28759,14,0,0,14,10
2020-08-21,US,Mississippi,Tippah,478,15,0,34.76872156,-88.90988194,28139.0,2171.24687712923,3.1380753138075312,463,465,14,0,451,459,21995,13,1,0,12,6
2020-08-21,US,Mississippi,Tishomingo,503,16,0,34.74023475,-88.23917219,28141.0,2595.057524634989,3.1809145129224654,487,495,14,0,481,489,19454,8,2,0,6,6
2020-08-21,US,Mississippi,Tunica,417,9,0,34.64967704,-90.37481167,28143.0,4329.318936877075,2.1582733812949644,408,411,9,0,402,399,9944,6,0,0,6,12
2020-08-21,US,Mississippi,Union,813,19,0,34.49162015,-89.00776006,28145.0,2821.447162935971,2.3370233702337018,794,802,19,0,783,796,28606,11,0,0,11,6
2020-08-21,US,Mississippi,Walthall,541,23,0,31.14971548,-90.10446654,28147.0,3786.924261514769,4.251386321626617,518,539,23,0,516,534,14465,2,0,0,2,5
2020-08-21,US,Mississippi,Warren,1236,39,0,32.35810271,-90.83352619,28149.0,2723.606795795597,3.155339805825242,1197,1220,38,0,1182,1207,46176,16,1,0,15,13
2020-08-21,US,Mississippi,Washington,1884,56,0,33.28392041,-90.94196237,28151.0,4290.692113234189,2.9723991507431,1828,1868,56,0,1812,1854,45063,16,0,0,16,14
2020-08-21,US,Mississippi,Wayne,825,21,0,31.64135687,-88.69573913,28153.0,4087.5984739632363,2.5454545454545454,804,819,21,0,798,816,20298,6,0,0,6,3
2020-08-21,US,Mississippi,Webster,279,13,0,33.61300486,-89.28392912,28155.0,2879.5541335535145,4.659498207885305,266,278,13,0,265,274,9788,1,0,0,1,4
2020-08-21,US,Mississippi,Wilkinson,247,14,0,31.16078225,-91.31018819,28157.0,2862.108922363847,5.668016194331983,233,244,14,0,230,241,8792,3,0,0,3,3
2020-08-21,US,Mississippi,Winston,674,18,0,33.08747908,-89.03391385,28159.0,3753.8290169869124,2.6706231454005933,656,667,18,0,649,658,18165,7,0,0,7,9
2020-08-21,US,Mississippi,Yalobusha,342,10,0,34.02824175,-89.70762049999998,28161.0,2824.5787908820616,2.9239766081871346,332,339,10,0,329,339,12392,3,0,0,3,0
2020-08-21,US,Mississippi,Yazoo,915,18,0,32.77890365,-90.39656148,28163.0,3081.8457393061635,1.9672131147540983,897,912,17,0,895,905,28248,3,1,0,2,7
2020-08-21,US,Missouri,Adair,199,0,0,40.19058551,-92.60078167,29001.0,785.2266898157283,0.0,199,197,0,0,197,192,25339,2,0,0,2,5
2020-08-21,US,Missouri,Andrew,104,1,0,39.98492163,-94.80163024,29003.0,587.1725383920508,0.9615384615384616,103,103,1,0,102,102,17607,1,0,0,1,1
2020-08-21,US,Missouri,Atchison,21,0,0,40.43238737,-95.42970639,29005.0,408.321991055804,0.0,21,21,0,0,21,19,5171,0,0,0,0,2
2020-08-21,US,Missouri,Audrain,235,1,0,39.215877,-91.84242683,29007.0,925.6341578698598,0.425531914893617,234,235,1,0,234,233,25473,0,0,0,0,2
2020-08-21,US,Missouri,Barry,318,4,0,36.70978521,-93.82919888,29009.0,888.5411718684512,1.2578616352201255,314,313,4,0,309,306,35886,5,0,0,5,7
2020-08-21,US,Missouri,Barton,76,0,0,37.50207671,-94.34757022,29011.0,646.5883954398503,0.0,76,75,0,0,75,74,11798,1,0,0,1,1
2020-08-21,US,Missouri,Bates,57,1,0,38.25271289,-94.34113157,29013.0,352.4610437793718,1.7543859649122806,56,56,1,0,55,56,16320,1,0,0,1,0
2020-08-21,US,Missouri,Benton,136,1,0,38.29503305,-93.28756116,29015.0,699.4805328395822,0.7352941176470589,135,130,1,0,129,125,19278,6,0,0,6,5
2020-08-21,US,Missouri,Bollinger,93,1,0,37.32449052,-90.02725304,29017.0,766.5045743014917,1.075268817204301,92,87,1,0,86,87,12169,6,0,0,6,0
2020-08-21,US,Missouri,Boone,1816,5,0,38.99186229,-92.30723575,29019.0,1006.300460482204,0.2753303964757709,1811,1762,5,0,1757,1704,180005,54,0,0,54,58
2020-08-21,US,Missouri,Buchanan,1170,10,0,39.65816401,-94.80138942,29021.0,1339.224394487432,0.8547008547008547,1160,1163,10,0,1153,1155,88571,7,0,0,7,8
2020-08-21,US,Missouri,Butler,337,2,0,36.71462476,-90.40421163,29023.0,793.3518527237628,0.5934718100890207,335,327,2,0,325,326,42639,10,0,0,10,1
2020-08-21,US,Missouri,Caldwell,38,1,0,39.65620858,-93.98308093,29025.0,421.2860310421286,2.631578947368421,37,37,1,0,36,37,9108,1,0,0,1,0
2020-08-21,US,Missouri,Callaway,235,2,0,38.83674754,-91.92186505,29027.0,525.2218224079744,0.851063829787234,233,223,1,0,222,213,44889,12,1,0,11,10
2020-08-21,US,Missouri,Camden,440,8,0,38.02199522,-92.76083747,29029.0,950.2213583846236,1.818181818181818,432,434,8,0,426,428,45815,6,0,0,6,6
2020-08-21,US,Missouri,Cape Girardeau,836,6,0,37.38489388,-89.6843587,29031.0,1059.958666683572,0.7177033492822966,830,810,6,0,804,800,78753,26,0,0,26,10
2020-08-21,US,Missouri,Carroll,107,0,0,39.42762566,-93.50626255,29033.0,1232.8609286784192,0.0,107,105,0,0,105,105,8743,2,0,0,2,0
2020-08-21,US,Missouri,Carter,24,1,0,36.94160441,-90.96051322,29035.0,401.2036108324975,4.166666666666667,23,24,1,0,23,23,6054,0,0,0,0,1
2020-08-21,US,Missouri,Cass,925,9,0,38.64789422,-94.353399,29037.0,874.4564189827945,0.972972972972973,916,912,9,0,903,901,104954,13,0,0,13,11
2020-08-21,US,Missouri,Cedar,45,0,0,37.72391475,-93.85445441,29039.0,313.6107045787163,0.0,45,45,0,0,45,45,14165,0,0,0,0,0
2020-08-21,US,Missouri,Chariton,22,0,0,39.51499357,-92.9629191,29041.0,296.25639644492327,0.0,22,22,0,0,22,22,7451,0,0,0,0,0
2020-08-21,US,Missouri,Christian,503,1,0,36.9711783,-93.18537118,29043.0,567.7521304814043,0.1988071570576541,502,498,1,0,497,489,86983,5,0,0,5,9
2020-08-21,US,Missouri,Clark,31,0,0,40.41040752,-91.73661677,29045.0,456.08356627924087,0.0,31,30,0,0,30,30,6842,1,0,0,1,0
2020-08-21,US,Missouri,Clay,1210,30,0,39.31132056,-94.41850862,29047.0,484.1006929441324,2.479338842975207,1180,1194,30,0,1164,1180,246365,16,0,0,16,14
2020-08-21,US,Missouri,Clinton,112,0,0,39.6013098,-94.40465394,29049.0,549.3696963751412,0.0,112,111,0,0,111,105,20470,1,0,0,1,6
2020-08-21,US,Missouri,Cole,690,3,0,38.50455671,-92.27860244,29051.0,899.0813733793733,0.43478260869565216,687,653,3,0,650,634,76796,37,0,0,37,19
2020-08-21,US,Missouri,Cooper,183,0,0,38.844478,-92.80896081,29053.0,1033.372861256988,0.0,183,174,0,0,174,170,17603,9,0,0,9,4
2020-08-21,US,Missouri,Crawford,132,0,0,37.97663738,-91.30528104,29055.0,551.8394648829432,0.0,132,126,0,0,126,121,23957,6,0,0,6,5
2020-08-21,US,Missouri,Dade,21,0,0,37.431814,-93.8503345,29057.0,277.74103954503374,0.0,21,19,0,0,19,19,7569,2,0,0,2,0
2020-08-21,US,Missouri,Dallas,86,1,0,37.681135499999996,-93.02127031,29059.0,509.53904491053436,1.162790697674419,85,85,1,0,84,83,16762,1,0,0,1,2
2020-08-21,US,Missouri,Daviess,20,0,0,39.96145298,-93.98519678,29061.0,241.60425223483932,0.0,20,20,0,0,20,19,8313,0,0,0,0,1
2020-08-21,US,Missouri,DeKalb,50,1,0,39.89201062,-94.40476508,29063.0,398.50163385669885,2.0,49,48,1,0,47,45,12630,2,0,0,2,3
2020-08-21,US,Missouri,Dent,30,0,0,37.60663134,-91.50790473,29065.0,192.64110961279133,0.0,30,26,0,0,26,25,15441,4,0,0,4,1
2020-08-21,US,Missouri,Douglas,97,2,0,36.9325593,-92.49905109,29067.0,735.6844899507014,2.061855670103093,95,97,2,0,95,95,13373,0,0,0,0,2
2020-08-21,US,Missouri,Dunklin,440,4,0,36.27167174,-90.09122243,29069.0,1510.4184545672995,0.9090909090909092,436,430,4,0,426,420,29423,10,0,0,10,10
2020-08-21,US,Missouri,Franklin,818,19,0,38.41127108,-91.07522826,29071.0,786.7881154597131,2.3227383863080684,799,806,19,0,787,791,103670,12,0,0,12,15
2020-08-21,US,Missouri,Gasconade,42,0,0,38.43947277,-91.50847147,29073.0,285.5977152182782,0.0,42,39,0,0,39,38,14705,3,0,0,3,1
2020-08-21,US,Missouri,Gentry,87,9,0,40.21097916,-94.40944419,29075.0,1323.9993912646478,10.344827586206897,78,87,9,0,78,87,6628,0,0,0,0,0
2020-08-21,US,Missouri,Greene,2249,10,0,37.2575872,-93.34230916,29077.0,767.3515623400639,0.4446420631391729,2239,2174,10,0,2164,2090,291923,75,0,0,75,84
2020-08-21,US,Missouri,Grundy,31,1,0,40.11406587,-93.56509276,29079.0,314.7208121827411,3.2258064516129035,30,31,1,0,30,31,9914,0,0,0,0,0
2020-08-21,US,Missouri,Harrison,62,1,0,40.35570088,-93.99222144,29081.0,742.337164750958,1.6129032258064515,61,62,1,0,61,62,8414,0,0,0,0,0
2020-08-21,US,Missouri,Henry,101,3,0,38.38482826,-93.79293734,29083.0,462.79325513196477,2.9702970297029703,98,99,3,0,96,98,21792,2,0,0,2,1
2020-08-21,US,Missouri,Hickory,49,0,0,37.94163617,-93.3203037,29085.0,513.4115674769489,0.0,49,49,0,0,49,48,9509,0,0,0,0,1
2020-08-21,US,Missouri,Holt,50,0,0,40.09799248,-95.21638879999999,29087.0,1135.5893708834885,0.0,50,49,0,0,49,49,4404,1,0,0,1,0
2020-08-21,US,Missouri,Howard,79,0,0,39.1435761,-92.69756691,29089.0,789.9210078992099,0.0,79,77,0,0,77,75,10137,2,0,0,2,2
2020-08-21,US,Missouri,Howell,196,2,0,36.77383887,-91.88683935,29091.0,488.57093002966326,1.020408163265306,194,186,2,0,184,184,40076,10,0,0,10,2
2020-08-21,US,Missouri,Iron,37,0,0,37.55487945,-90.7735296,29093.0,365.4320987654321,0.0,37,34,0,0,34,32,10177,3,0,0,3,2
2020-08-21,US,Missouri,Jackson,4869,71,0,39.01002188,-94.34724536,29095.0,692.5922922969911,1.4582049702197577,4798,4828,70,0,4758,4758,700307,41,1,0,40,70
2020-08-21,US,Missouri,Jasper,2067,35,0,37.20351921,-94.34050458,29097.0,1703.6463141236975,1.6932752781809386,2032,2025,35,0,1990,2010,120636,42,0,0,42,15
2020-08-21,US,Missouri,Jefferson,2176,30,0,38.25926778,-90.53870896,29099.0,966.763076403606,1.3786764705882353,2146,2140,30,0,2110,2088,224347,36,0,0,36,52
2020-08-21,US,Missouri,Johnson,537,3,0,38.74719601,-93.80691168,29101.0,993.3039843143056,0.5586592178770949,534,527,3,0,524,523,53652,10,0,0,10,4
2020-08-21,US,Missouri,Kansas City,8213,66,0,39.0997,-94.5786,0.0,1679.7459008514286,0.8036040423718495,8147,8073,66,0,8007,7967,491918,140,0,0,140,106
2020-08-21,US,Missouri,Knox,36,0,0,40.12699751,-92.14780832,29103.0,909.3205354887598,0.0,36,36,0,0,36,36,3947,0,0,0,0,0
2020-08-21,US,Missouri,Laclede,256,1,0,37.65896829,-92.5888493,29105.0,716.6251434649945,0.390625,255,248,1,0,247,246,35713,8,0,0,8,2
2020-08-21,US,Missouri,Lafayette,205,2,0,39.06986886,-93.78076396,29107.0,626.7579796991563,0.975609756097561,203,203,2,0,201,201,32598,2,0,0,2,2
2020-08-21,US,Missouri,Lawrence,296,2,0,37.10626634,-93.83293097,29109.0,771.7377134663018,0.6756756756756757,294,293,2,0,291,288,38359,3,0,0,3,5
2020-08-21,US,Missouri,Lewis,53,1,0,40.09673161,-91.72070156,29111.0,542.1440261865794,1.8867924528301887,52,52,1,0,51,53,9855,1,0,0,1,-1
2020-08-21,US,Missouri,Lincoln,474,1,0,39.05345619,-90.95588181,29113.0,803.2128514056226,0.2109704641350211,473,468,1,0,467,461,57686,6,0,0,6,7
2020-08-21,US,Missouri,Linn,41,1,0,39.87001769,-93.10704106,29115.0,343.9597315436242,2.4390243902439024,40,41,1,0,40,41,12037,0,0,0,0,0
2020-08-21,US,Missouri,Livingston,67,1,0,39.78110272,-93.54645978,29117.0,440.00788073816256,1.492537313432836,66,68,1,0,67,67,15146,-1,0,0,-1,1
2020-08-21,US,Missouri,Macon,71,0,0,39.83049768,-92.56453089,29121.0,469.6699080505391,0.0,71,70,0,0,70,69,15153,1,0,0,1,1
2020-08-21,US,Missouri,Madison,54,0,0,37.47865134,-90.34671429999999,29123.0,446.7240238252813,0.0,54,49,0,0,49,46,12188,5,0,0,5,3
2020-08-21,US,Missouri,Maries,33,0,0,38.16193985,-91.92249662,29125.0,379.4411866160745,0.0,33,33,0,0,33,33,8769,0,0,0,0,0
2020-08-21,US,Missouri,Marion,315,1,0,39.80601912,-91.62203062,29127.0,1104.1009463722396,0.31746031746031744,314,307,1,0,306,293,28592,8,0,0,8,14
2020-08-21,US,Missouri,McDonald,973,8,0,36.62869595,-94.34867205,29119.0,4260.629679905416,0.8221993833504625,965,971,8,0,963,967,23078,2,0,0,2,4
2020-08-21,US,Missouri,Mercer,15,0,0,40.42212303,-93.56829590000001,29129.0,414.7083218136577,0.0,15,15,0,0,15,15,3641,0,0,0,0,0
2020-08-21,US,Missouri,Miller,186,1,0,38.21450288,-92.42610898,29131.0,726.0236543190599,0.5376344086021505,185,175,1,0,174,166,25336,11,0,0,11,9
2020-08-21,US,Missouri,Mississippi,201,0,0,36.82516239,-89.29505753,29133.0,1525.0379362670712,0.0,201,191,0,0,191,184,13336,10,0,0,10,7
2020-08-21,US,Missouri,Moniteau,173,2,0,38.63571781,-92.57976951,29135.0,1072.4026779072653,1.1560693641618498,171,172,2,0,170,167,16121,1,0,0,1,5
2020-08-21,US,Missouri,Monroe,45,0,0,39.49593978,-92.00043978,29137.0,520.5923183711245,0.0,45,40,0,0,40,38,8664,5,0,0,5,2
2020-08-21,US,Missouri,Montgomery,48,1,0,38.94022054,-91.47000721,29139.0,415.5484373647303,2.083333333333333,47,47,1,0,46,47,11534,1,0,0,1,0
2020-08-21,US,Missouri,Morgan,104,0,0,38.4181765,-92.88791859,29141.0,504.19353274833963,0.0,104,103,0,0,103,101,20358,1,0,0,1,2
2020-08-21,US,Missouri,New Madrid,334,3,0,36.59666326,-89.66070007,29143.0,1955.9615835090185,0.8982035928143712,331,322,3,0,319,316,17296,12,0,0,12,6
2020-08-21,US,Missouri,Newton,999,11,0,36.90519407,-94.3394104,29145.0,1715.4337523181534,1.1011011011011012,988,985,11,0,974,974,58266,14,0,0,14,11
2020-08-21,US,Missouri,Nodaway,249,0,0,40.36079813,-94.88133008,29147.0,1127.1048343291686,0.0,249,247,0,0,247,245,22304,2,0,0,2,2
2020-08-21,US,Missouri,Oregon,27,0,0,36.68710164,-91.4033755,29149.0,256.43460917466047,0.0,27,25,0,0,25,25,10541,2,0,0,2,0
2020-08-21,US,Missouri,Osage,68,1,0,38.46036182,-91.8613635,29151.0,499.4491369812706,1.4705882352941178,67,66,1,0,65,66,13714,2,0,0,2,0
2020-08-21,US,Missouri,Ozark,18,0,0,36.64916339,-92.44459066,29153.0,196.20667102681492,0.0,18,17,0,0,17,17,9017,1,0,0,1,0
2020-08-21,US,Missouri,Pemiscot,283,9,0,36.2130572,-89.78742322,29155.0,1790.5726036064536,3.180212014134276,274,281,9,0,272,276,16272,2,0,0,2,5
2020-08-21,US,Missouri,Perry,280,4,0,37.70660776,-89.82741088,29157.0,1463.2107023411374,1.4285714285714286,276,274,4,0,270,275,19150,6,0,0,6,-1
2020-08-21,US,Missouri,Pettis,721,5,0,38.72798918,-93.28471706,29159.0,1702.9216561562625,0.6934812760055479,716,701,5,0,696,684,42542,20,0,0,20,17
2020-08-21,US,Missouri,Phelps,137,0,0,37.87736118,-91.79351727,29161.0,307.3609584277478,0.0,137,132,0,0,132,129,44732,5,0,0,5,3
2020-08-21,US,Missouri,Pike,131,1,0,39.34310674,-91.16980779,29163.0,715.7687684406076,0.7633587786259542,130,133,1,0,132,137,18504,-2,0,0,-2,-4
2020-08-21,US,Missouri,Platte,434,10,0,39.38154439,-94.77068479,29165.0,415.6371506828325,2.3041474654377883,424,424,10,0,414,421,102985,10,0,0,10,3
2020-08-21,US,Missouri,Polk,255,0,0,37.616229600000004,-93.39828174,29167.0,793.1817474882578,0.0,255,252,0,0,252,249,32201,3,0,0,3,3
2020-08-21,US,Missouri,Pulaski,324,1,0,37.82462075,-92.20783203,29169.0,615.8876195183151,0.308641975308642,323,304,1,0,303,291,52014,20,0,0,20,13
2020-08-21,US,Missouri,Putnam,18,1,0,40.47942497,-93.02042674,29171.0,383.3049403747871,5.5555555555555545,17,16,1,0,15,16,4757,2,0,0,2,0
2020-08-21,US,Missouri,Ralls,69,0,0,39.52817427,-91.51838643,29173.0,669.3180715879329,0.0,69,68,0,0,68,65,10212,1,0,0,1,3
2020-08-21,US,Missouri,Randolph,97,1,0,39.44007257,-92.49713740000001,29175.0,391.95086471634073,1.0309278350515465,96,94,1,0,93,92,24763,3,0,0,3,2
2020-08-21,US,Missouri,Ray,118,0,0,39.353746799999996,-93.98905745,29177.0,512.6422799548179,0.0,118,117,0,0,117,116,22883,1,0,0,1,1
2020-08-21,US,Missouri,Reynolds,18,0,0,37.36085952,-90.97009925,29179.0,287.08133971291863,0.0,18,17,0,0,17,16,6254,1,0,0,1,1
2020-08-21,US,Missouri,Ripley,78,0,0,36.65460667,-90.85990261,29181.0,586.9957856712823,0.0,78,77,0,0,77,77,13401,1,0,0,1,0
2020-08-21,US,Missouri,Saline,503,7,0,39.13734288,-93.20259964,29195.0,2209.920478010632,1.3916500994035783,496,502,7,0,495,496,22895,1,0,0,1,6
2020-08-21,US,Missouri,Schuyler,13,0,0,40.46921489,-92.52311943,29197.0,278.9699570815451,0.0,13,13,0,0,13,13,4599,0,0,0,0,0
2020-08-21,US,Missouri,Scotland,20,1,0,40.45214695,-92.14709064,29199.0,407.9967360261118,5.0,19,20,1,0,19,20,4966,0,0,0,0,0
2020-08-21,US,Missouri,Scott,535,13,0,37.05588075,-89.56474493,29201.0,1397.596656217346,2.4299065420560746,522,519,13,0,506,515,38458,16,0,0,16,4
2020-08-21,US,Missouri,Shannon,45,1,0,37.15772072,-91.40190382,29203.0,551.0653930933138,2.2222222222222223,44,45,1,0,44,44,8189,0,0,0,0,1
2020-08-21,US,Missouri,Shelby,43,0,0,39.79742518,-92.07634971,29205.0,725.1264755480607,0.0,43,43,0,0,43,43,6050,0,0,0,0,0
2020-08-21,US,Missouri,St. Charles,5086,96,0,38.77875681,-90.66662425,29183.0,1265.1048947570034,1.887534408179316,4990,5000,96,0,4904,4945,399182,86,0,0,86,55
2020-08-21,US,Missouri,St. Clair,26,0,0,38.03699437,-93.77631447,29185.0,276.68404810045763,0.0,26,25,0,0,25,24,9395,1,0,0,1,1
2020-08-21,US,Missouri,St. Francois,726,4,0,37.81214171,-90.47598685,29187.0,1080.1160455255524,0.5509641873278237,722,674,4,0,670,661,66692,52,0,0,52,13
2020-08-21,US,Missouri,St. Louis,17517,710,0,38.63770039999999,-90.4458375,29189.0,1761.9102700147355,4.053205457555517,16807,17294,710,0,16584,17094,996945,223,0,0,223,200
2020-08-21,US,Missouri,St. Louis City,5816,182,0,38.63555736,-90.24349225,29510.0,1934.951559672096,3.1292984869326,5634,5773,181,0,5592,5728,302838,43,1,0,42,45
2020-08-21,US,Missouri,Ste. Genevieve,82,1,0,37.89090059,-90.1949941,29186.0,458.25416340672854,1.2195121951219512,81,79,1,0,78,79,17888,3,0,0,3,0
2020-08-21,US,Missouri,Stoddard,254,9,0,36.85571651,-89.9444155,29207.0,875.1076658053403,3.543307086614173,245,250,9,0,241,250,29206,4,0,0,4,0
2020-08-21,US,Missouri,Stone,230,1,0,36.75000327,-93.45256475,29209.0,719.8297446169254,0.43478260869565216,229,223,1,0,222,209,31749,7,0,0,7,14
2020-08-21,US,Missouri,Sullivan,156,0,0,40.2099105,-93.11150106,29211.0,2561.997043849565,0.0,156,155,0,0,155,155,6221,1,0,0,1,0
2020-08-21,US,Missouri,Taney,832,3,0,36.65465345,-93.04075153,29213.0,1487.6269489343442,0.3605769230769231,829,816,3,0,813,800,55852,16,0,0,16,16
2020-08-21,US,Missouri,Texas,75,1,0,37.31728859,-91.96564727,29215.0,295.2988424285377,1.3333333333333333,74,73,1,0,72,68,25571,2,0,0,2,5
2020-08-21,US,Missouri,Vernon,69,0,0,37.8457799,-94.34127305,29217.0,335.55415065895056,0.0,69,68,0,0,68,66,20528,1,0,0,1,2
2020-08-21,US,Missouri,Warren,280,0,0,38.76529479,-91.16124662,29219.0,785.4357765996242,0.0,280,276,0,0,276,274,34711,4,0,0,4,2
2020-08-21,US,Missouri,Washington,181,1,0,37.96130078,-90.87948158,29221.0,731.9045693489688,0.5524861878453039,180,169,1,0,168,156,24943,12,0,0,12,13
2020-08-21,US,Missouri,Wayne,71,0,0,37.11303869,-90.46001416,29223.0,551.5419871047931,0.0,71,71,0,0,71,70,13122,0,0,0,0,1
2020-08-21,US,Missouri,Webster,171,1,0,37.2813734,-92.876329,29225.0,431.90543544150336,0.5847953216374269,170,166,1,0,165,164,39109,5,0,0,5,2
2020-08-21,US,Missouri,Worth,10,0,0,40.47945588,-94.42328751,29227.0,496.77098857426734,0.0,10,10,0,0,10,10,2040,0,0,0,0,0
2020-08-21,US,Missouri,Wright,76,0,0,37.27029221,-92.46914488,29229.0,415.5503307999344,0.0,76,77,0,0,77,76,18378,-1,0,0,-1,1
2020-08-21,US,Montana,Beaverhead,69,0,0,45.13434354,-112.89846940000001,30001.0,729.92700729927,0.0,69,68,0,0,68,68,9404,1,0,0,1,0
2020-08-21,US,Montana,Big Horn,573,16,0,45.42335905,-107.492347,30003.0,4302.124784142954,2.7923211169284468,557,558,16,0,542,552,13338,15,0,0,15,6
2020-08-21,US,Montana,Blaine,15,0,0,48.43175214,-108.9582723,30005.0,224.51728783116297,0.0,15,15,0,0,15,14,6807,0,0,0,0,1
2020-08-21,US,Montana,Broadwater,14,0,0,46.33277565,-111.49558130000001,30007.0,224.46689113355785,0.0,14,14,0,0,14,14,6085,0,0,0,0,0
2020-08-21,US,Montana,Carbon,82,0,0,45.22850116,-109.0274047,30009.0,764.5687645687645,0.0,82,81,0,0,81,80,10714,1,0,0,1,1
2020-08-21,US,Montana,Cascade,193,5,0,47.30797024,-111.3467922,30013.0,237.19981318978444,2.5906735751295336,188,190,5,0,185,185,81643,3,0,0,3,5
2020-08-21,US,Montana,Chouteau,10,0,0,47.88084126,-110.4353362,30015.0,177.4622892635315,0.0,10,10,0,0,10,10,5745,0,0,0,0,0
2020-08-21,US,Montana,Custer,63,2,0,46.25319932,-105.57375259999998,30017.0,552.5346430450799,3.1746031746031744,61,62,2,0,60,62,11586,1,0,0,1,0
2020-08-21,US,Montana,Daniels,3,0,0,48.78420029,-105.54763429999998,30019.0,177.5147928994083,0.0,3,3,0,0,3,3,1747,0,0,0,0,0
2020-08-21,US,Montana,Dawson,30,0,0,47.26584855,-104.89444170000002,30021.0,348.31069313827936,0.0,30,30,0,0,30,30,8680,0,0,0,0,0
2020-08-21,US,Montana,Deer Lodge,31,0,0,46.05953325,-113.073353,30023.0,339.1684901531728,0.0,31,31,0,0,31,30,9131,0,0,0,0,1
2020-08-21,US,Montana,Fallon,2,0,0,46.33478338,-104.41835649999999,30025.0,70.27406886858749,0.0,2,2,0,0,2,2,2920,0,0,0,0,0
2020-08-21,US,Montana,Fergus,25,0,0,47.26331584,-109.2245206,30027.0,226.2443438914027,0.0,25,24,0,0,24,24,11113,1,0,0,1,0
2020-08-21,US,Montana,Flathead,449,3,0,48.29575866,-114.05205690000001,30029.0,432.5376182494268,0.6681514476614699,446,432,3,0,429,414,102106,17,0,0,17,18
2020-08-21,US,Montana,Gallatin,1004,3,0,45.54486106,-111.1692571,30031.0,877.3616232937762,0.29880478087649404,1001,1003,3,0,1000,996,111876,1,0,0,1,7
2020-08-21,US,Montana,Garfield,12,0,0,47.27545948,-107.0002351,30033.0,953.8950715421304,0.0,12,12,0,0,12,12,1268,0,0,0,0,0
2020-08-21,US,Montana,Glacier,99,1,0,48.70513576,-112.9934235,30035.0,719.8429433578128,1.0101010101010102,98,92,1,0,91,92,13747,7,0,0,7,0
2020-08-21,US,Montana,Golden Valley,3,0,0,46.3816474,-109.17685220000001,30037.0,365.4080389768576,0.0,3,3,0,0,3,3,826,0,0,0,0,0
2020-08-21,US,Montana,Granite,18,0,0,46.40605220000001,-113.4414186,30039.0,532.7019828351583,0.0,18,18,0,0,18,18,3378,0,0,0,0,0
2020-08-21,US,Montana,Hill,52,2,0,48.62879827,-110.1129252,30041.0,315.4574132492114,3.8461538461538463,50,48,2,0,46,48,16347,4,0,0,4,0
2020-08-21,US,Montana,Jefferson,34,0,0,46.14907081,-112.094396,30043.0,278.20963914573275,0.0,34,33,0,0,33,33,12097,1,0,0,1,0
2020-08-21,US,Montana,Judith Basin,3,0,0,47.04581276,-110.26606880000001,30045.0,149.47683109118088,0.0,3,3,0,0,3,3,1952,0,0,0,0,0
2020-08-21,US,Montana,Lake,193,1,0,47.64514965,-114.0898013,30047.0,633.6594654934663,0.5181347150259067,192,191,1,0,190,191,30250,2,0,0,2,0
2020-08-21,US,Montana,Lewis and Clark,188,2,0,47.12610041,-112.39469799999999,30049.0,270.7685217190921,1.0638297872340423,186,185,2,0,183,183,68700,3,0,0,3,2
2020-08-21,US,Montana,Liberty,1,0,0,48.56084317,-111.02430700000001,30051.0,42.78990158322636,0.0,1,1,0,0,1,1,2430,0,0,0,0,0
2020-08-21,US,Montana,Lincoln,80,2,0,48.54265777,-115.4046155,30053.0,400.4004004004004,2.5,78,79,2,0,77,79,19794,1,0,0,1,0
2020-08-21,US,Montana,Madison,90,1,0,45.30080065,-111.9173017,30057.0,1046.5116279069769,1.1111111111111112,89,88,1,0,87,89,8768,2,0,0,2,-1
2020-08-21,US,Montana,McCone,5,0,0,47.64469406,-105.79449939999999,30055.0,300.48076923076917,0.0,5,5,0,0,5,5,1675,0,0,0,0,0
2020-08-21,US,Montana,Meagher,4,0,0,46.59907074,-110.8898557,30059.0,214.8227712137487,0.0,4,4,0,0,4,4,1866,0,0,0,0,0
2020-08-21,US,Montana,Mineral,2,0,0,47.15283992,-115.00152390000001,30061.0,45.48555833522857,0.0,2,2,0,0,2,2,4316,0,0,0,0,0
2020-08-21,US,Montana,Missoula,400,2,0,47.03728583,-113.92135079999998,30063.0,334.4481605351171,0.5,398,392,2,0,390,390,118791,8,0,0,8,2
2020-08-21,US,Montana,Musselshell,6,0,0,46.49684637,-108.39498,30065.0,129.5057198359594,0.0,6,4,0,0,4,4,4651,2,0,0,2,0
2020-08-21,US,Montana,Park,65,0,0,45.48965095,-110.52643940000002,30067.0,391.4247862218475,0.0,65,64,0,0,64,64,16736,1,0,0,1,0
2020-08-21,US,Montana,Phillips,105,0,0,48.25936577,-107.9128511,30071.0,2655.538694992413,0.0,105,104,0,0,104,96,4074,1,0,0,1,8
2020-08-21,US,Montana,Pondera,12,0,0,48.22773388,-112.22527029999999,30073.0,203.01133479952637,0.0,12,12,0,0,12,12,5972,0,0,0,0,0
2020-08-21,US,Montana,Powder River,1,0,0,45.39617714,-105.636738,30075.0,59.453032104637344,0.0,1,1,0,0,1,1,1716,0,0,0,0,0
2020-08-21,US,Montana,Powell,2,0,0,46.85538891,-112.93591640000001,30077.0,29.027576197387518,0.0,2,2,0,0,2,2,6968,0,0,0,0,0
2020-08-21,US,Montana,Prairie,1,0,0,46.86048047,-105.379384,30079.0,92.85051067780873,0.0,1,1,0,0,1,1,1087,0,0,0,0,0
2020-08-21,US,Montana,Ravalli,90,2,0,46.08520862,-114.11891640000002,30081.0,205.45130803999456,2.2222222222222223,88,90,2,0,88,89,43172,0,0,0,0,1
2020-08-21,US,Montana,Richland,52,2,0,47.78668011,-104.5610786,30083.0,481.3477737665463,3.8461538461538463,50,50,2,0,48,50,10913,2,0,0,2,0
2020-08-21,US,Montana,Roosevelt,31,1,0,48.29607488,-105.00792679999999,30085.0,281.71573973100686,3.2258064516129035,30,31,1,0,30,30,11059,0,0,0,0,1
2020-08-21,US,Montana,Rosebud,124,2,0,46.23397237,-106.72928799999998,30087.0,1387.4902092424752,1.6129032258064515,122,109,2,0,107,97,9063,15,0,0,15,12
2020-08-21,US,Montana,Sanders,28,0,0,47.67657534,-115.1329916,30089.0,231.1566086023281,0.0,28,26,0,0,26,20,11844,2,0,0,2,6
2020-08-21,US,Montana,Sheridan,5,0,0,48.72085833,-104.50382900000001,30091.0,151.1030522816561,0.0,5,5,0,0,5,5,3424,0,0,0,0,0
2020-08-21,US,Montana,Silver Bow,107,0,0,45.90018933,-112.6620092,30093.0,306.45854217385084,0.0,107,107,0,0,107,106,34993,0,0,0,0,1
2020-08-21,US,Montana,Stillwater,33,1,0,45.67071407,-109.3950061,30095.0,342.25264467952707,3.0303030303030303,32,33,1,0,32,32,9534,0,0,0,0,1
2020-08-21,US,Montana,Sweet Grass,8,1,0,45.81367654,-109.9425686,30097.0,214.07546160021408,12.5,7,8,1,0,7,7,3710,0,0,0,0,1
2020-08-21,US,Montana,Teton,16,0,0,47.83741052,-112.24106880000001,30099.0,260.2895721490158,0.0,16,16,0,0,16,16,6162,0,0,0,0,0
2020-08-21,US,Montana,Toole,47,6,0,48.65577551,-111.69424140000001,30101.0,992.3986486486486,12.76595744680851,41,47,6,0,41,47,4853,0,0,0,0,0
2020-08-21,US,Montana,Treasure,3,0,0,46.20973220000001,-107.26665159999999,30103.0,431.0344827586207,0.0,3,3,0,0,3,2,679,0,0,0,0,1
2020-08-21,US,Montana,Valley,36,0,0,48.36435097,-106.6669635,30105.0,486.749594375338,0.0,36,36,0,0,36,36,7437,0,0,0,0,0
2020-08-21,US,Montana,Wheatland,3,0,0,46.46652491,-109.84646359999999,30107.0,141.11006585136406,0.0,3,3,0,0,3,3,2236,0,0,0,0,0
2020-08-21,US,Montana,Wibaux,5,0,0,46.95925154,-104.2510927,30109.0,515.9958720330237,0.0,5,4,0,0,4,4,1034,1,0,0,1,0
2020-08-21,US,Montana,Yellowstone,1689,34,0,45.93955949,-108.26914860000001,30111.0,1047.1171729696218,2.0130254588513914,1655,1637,34,0,1603,1595,160137,52,0,0,52,42
2020-08-21,US,Nebraska,Adams,381,11,0,40.52449420000001,-98.50117804,31001.0,1214.807256958837,2.8871391076115485,370,379,11,0,368,375,31511,2,0,0,2,4
2020-08-21,US,Nebraska,Antelope,21,1,0,42.17695516,-98.06662829999999,31003.0,333.4391870435058,4.761904761904762,20,21,1,0,20,20,6336,0,0,0,0,1
2020-08-21,US,Nebraska,Arthur,1,0,0,41.56896142,-101.6959559,31005.0,215.98272138228938,0.0,1,1,0,0,1,1,465,0,0,0,0,0
2020-08-21,US,Nebraska,Banner,3,0,0,41.54634427,-103.7114332,31007.0,402.6845637583893,0.0,3,2,0,0,2,2,730,1,0,0,1,0
2020-08-21,US,Nebraska,Boone,16,0,0,41.70759415,-98.06737183,31011.0,308.1664098613251,0.0,16,16,0,0,16,16,5239,0,0,0,0,0
2020-08-21,US,Nebraska,Box Butte,18,0,0,42.22079243,-103.08788340000001,31013.0,166.92942594825192,0.0,18,18,0,0,18,18,10772,0,0,0,0,0
2020-08-21,US,Nebraska,Boyd,10,0,0,42.899727399999996,-98.76486568,31015.0,521.1047420531527,0.0,10,10,0,0,10,8,1955,0,0,0,0,2
2020-08-21,US,Nebraska,Brown,2,0,0,42.43018907,-99.92904055,31017.0,67.68189509306261,0.0,2,2,0,0,2,2,2973,0,0,0,0,0
2020-08-21,US,Nebraska,Buffalo,554,2,0,40.85486962,-99.07500296,31019.0,1115.6084496264523,0.36101083032490977,552,544,1,0,543,535,49615,10,1,0,9,9
2020-08-21,US,Nebraska,Burt,56,0,0,41.85056773,-96.32605633,31021.0,867.0072766682149,0.0,56,56,0,0,56,54,6488,0,0,0,0,2
2020-08-21,US,Nebraska,Butler,71,0,0,41.22703692,-97.13106306,31023.0,885.7285429141716,0.0,71,70,0,0,70,69,8058,1,0,0,1,1
2020-08-21,US,Nebraska,Cass,230,2,0,40.90899107,-96.13971217,31025.0,876.257238646754,0.8695652173913043,228,226,2,0,224,225,26159,4,0,0,4,1
2020-08-21,US,Nebraska,Cedar,39,0,0,42.598885100000004,-97.25311951,31027.0,464.1751963818138,0.0,39,34,0,0,34,33,8446,5,0,0,5,1
2020-08-21,US,Nebraska,Chase,11,0,0,40.523719799999995,-101.69780259999999,31029.0,280.32619775739045,0.0,11,10,0,0,10,10,3977,1,0,0,1,0
2020-08-21,US,Nebraska,Cherry,5,0,0,42.54502621,-101.1244332,31031.0,87.88890841975744,0.0,5,5,0,0,5,4,5761,0,0,0,0,1
2020-08-21,US,Nebraska,Cheyenne,27,0,0,41.21999357,-102.9941693,31033.0,303.030303030303,0.0,27,27,0,0,27,27,9310,0,0,0,0,0
2020-08-21,US,Nebraska,Clay,53,0,0,40.52439441,-98.05126296,31035.0,854.4252780912462,0.0,53,51,0,0,51,51,6214,2,0,0,2,0
2020-08-21,US,Nebraska,Colfax,710,4,0,41.57486951,-97.0868542,31037.0,6629.937435801663,0.5633802816901409,706,710,4,0,706,710,10881,0,0,0,0,0
2020-08-21,US,Nebraska,Cuming,73,0,0,41.91637624,-96.78730772,31039.0,825.2317431607506,0.0,73,73,0,0,73,73,8940,0,0,0,0,0
2020-08-21,US,Nebraska,Custer,66,4,0,41.39374521,-99.72805369,31041.0,612.4153289412639,6.0606060606060606,62,64,4,0,60,63,10840,2,0,0,2,1
2020-08-21,US,Nebraska,Dakota,1956,42,0,42.39040144,-96.56656425,31043.0,9767.302506741236,2.147239263803681,1914,1953,42,0,1911,1946,20083,3,0,0,3,7
2020-08-21,US,Nebraska,Dawes,44,0,0,42.71985036,-103.1313774,31045.0,512.2831528699501,0.0,44,39,0,0,39,22,8716,5,0,0,5,17
2020-08-21,US,Nebraska,Dawson,985,9,0,40.87028216,-99.82014609999999,31047.0,4174.6132655223555,0.9137055837563453,976,983,9,0,974,982,23709,2,0,0,2,1
2020-08-21,US,Nebraska,Deuel,2,0,0,41.11168186,-102.33333309999999,31049.0,111.48272017837236,0.0,2,2,0,0,2,2,1825,0,0,0,0,0
2020-08-21,US,Nebraska,Dixon,57,2,0,42.49188363,-96.86782408,31051.0,1011.3555713271824,3.5087719298245608,55,57,2,0,55,57,5709,0,0,0,0,0
2020-08-21,US,Nebraska,Dodge,863,11,0,41.58071748,-96.65598179,31053.0,2360.1805004785997,1.2746234067207416,852,859,11,0,848,855,36791,4,0,0,4,4
2020-08-21,US,Nebraska,Douglas,12498,148,0,41.29518299,-96.15085305,31055.0,2187.538835027927,1.1841894703152505,12350,12421,148,0,12273,12302,566880,77,0,0,77,119
2020-08-21,US,Nebraska,Dundy,6,0,0,40.17638677,-101.6876522,31057.0,354.4004725339633,0.0,6,3,0,0,3,3,1770,3,0,0,3,0
2020-08-21,US,Nebraska,Fillmore,30,1,0,40.52458567,-97.59646937,31059.0,549.2493592090809,3.333333333333333,29,29,1,0,28,29,5527,1,0,0,1,0
2020-08-21,US,Nebraska,Franklin,16,0,0,40.17636348,-98.95299073,31061.0,537.0929842228936,0.0,16,16,0,0,16,16,3023,0,0,0,0,0
2020-08-21,US,Nebraska,Frontier,4,0,0,40.52993007,-100.3924658,31063.0,152.26494099733537,0.0,4,4,0,0,4,4,2608,0,0,0,0,0
2020-08-21,US,Nebraska,Furnas,18,1,0,40.17642064,-99.91247454,31065.0,384.9443969204448,5.5555555555555545,17,17,1,0,16,17,4715,1,0,0,1,0
2020-08-21,US,Nebraska,Gage,110,4,0,40.26186809,-96.68946704,31067.0,511.31873750755364,3.636363636363636,106,110,4,0,106,109,21493,0,0,0,0,1
2020-08-21,US,Nebraska,Garden,5,0,0,41.61703149,-102.3313973,31069.0,272.18290691344583,0.0,5,5,0,0,5,5,1897,0,0,0,0,0
2020-08-21,US,Nebraska,Garfield,6,0,0,41.91428955,-98.99111827,31071.0,304.7232097511427,0.0,6,6,0,0,6,6,1987,0,0,0,0,0
2020-08-21,US,Nebraska,Gosper,22,0,0,40.51481965,-99.83020279,31073.0,1105.5276381909548,0.0,22,22,0,0,22,22,1996,0,0,0,0,0
2020-08-21,US,Nebraska,Greeley,10,0,0,41.56742671,-98.52150266,31077.0,424.44821731748726,0.0,10,10,0,0,10,10,2356,0,0,0,0,0
2020-08-21,US,Nebraska,Hall,1790,46,0,40.87257079,-98.50218293,31079.0,2917.5427444460743,2.569832402234637,1744,1783,46,0,1737,1782,61607,7,0,0,7,1
2020-08-21,US,Nebraska,Hamilton,105,12,0,40.87349452,-98.02099117,31081.0,1126.1261261261259,11.428571428571427,93,104,12,0,92,104,9280,1,0,0,1,0
2020-08-21,US,Nebraska,Harlan,2,0,0,40.17658508,-99.40438879,31083.0,59.1715976331361,0.0,2,2,0,0,2,2,3401,0,0,0,0,0
2020-08-21,US,Nebraska,Hitchcock,1,0,0,40.17609175,-101.04164770000001,31087.0,36.205648081100655,0.0,1,1,0,0,1,1,2806,0,0,0,0,0
2020-08-21,US,Nebraska,Holt,15,0,0,42.45522056,-98.78402558,31089.0,149.00168868580508,0.0,15,15,0,0,15,14,10178,0,0,0,0,1
2020-08-21,US,Nebraska,Hooker,4,0,0,41.91586243,-101.1354293,31091.0,586.5102639296188,0.0,4,4,0,0,4,4,682,0,0,0,0,0
2020-08-21,US,Nebraska,Howard,59,5,0,41.2200529,-98.5166499,31093.0,915.4383242823892,8.474576271186441,54,58,5,0,53,57,6468,1,0,0,1,1
2020-08-21,US,Nebraska,Jefferson,19,0,0,40.17584531,-97.142601,31095.0,269.6565427192733,0.0,19,19,0,0,19,19,7097,0,0,0,0,0
2020-08-21,US,Nebraska,Johnson,21,0,0,40.39257596,-96.26522753,31097.0,414.1195030565963,0.0,21,20,0,0,20,20,5134,1,0,0,1,0
2020-08-21,US,Nebraska,Kearney,96,0,0,40.50663314,-98.94877182,31099.0,1478.0600461893766,0.0,96,93,0,0,93,88,6544,3,0,0,3,5
2020-08-21,US,Nebraska,Keith,44,0,0,41.19930341,-101.66201640000001,31101.0,547.6723923325865,0.0,44,40,0,0,40,41,8021,4,0,0,4,-1
2020-08-21,US,Nebraska,Kimball,15,0,0,41.19774275,-103.7148131,31105.0,412.9955947136564,0.0,15,15,0,0,15,15,3618,0,0,0,0,0
2020-08-21,US,Nebraska,Knox,48,0,0,42.63758421,-97.89178836,31107.0,576.0921747479598,0.0,48,45,0,0,45,44,8419,3,0,0,3,1
2020-08-21,US,Nebraska,Lancaster,3572,20,0,40.78416049,-96.68777155,31109.0,1119.433388699113,0.5599104143337066,3552,3545,20,0,3525,3497,317272,27,0,0,27,48
2020-08-21,US,Nebraska,Lincoln,248,2,0,41.04658298,-100.74753740000001,31111.0,710.3167783697086,0.8064516129032258,246,245,2,0,243,222,35185,3,0,0,3,23
2020-08-21,US,Nebraska,Logan,2,0,0,41.56650314,-100.4817851,31113.0,267.379679144385,0.0,2,2,0,0,2,1,749,0,0,0,0,1
2020-08-21,US,Nebraska,Madison,540,5,0,41.91676024,-97.6005481,31119.0,1538.5053705233768,0.925925925925926,535,519,5,0,514,515,35392,21,0,0,21,4
2020-08-21,US,Nebraska,McPherson,6,0,0,41.56797682,-101.05993620000001,31117.0,1214.5748987854256,0.0,6,6,0,0,6,6,492,0,0,0,0,0
2020-08-21,US,Nebraska,Merrick,65,0,0,41.16624273,-98.0374887,31121.0,838.1689232753063,0.0,65,64,0,0,64,64,7733,1,0,0,1,0
2020-08-21,US,Nebraska,Morrill,63,0,0,41.71711774,-103.0061405,31123.0,1357.1736320551486,0.0,63,63,0,0,63,63,4686,0,0,0,0,0
2020-08-21,US,Nebraska,Nance,11,0,0,41.39750195,-97.99327291,31125.0,312.588803637397,0.0,11,11,0,0,11,11,3532,0,0,0,0,0
2020-08-21,US,Nebraska,Nemaha,59,0,0,40.38514847,-95.85433992,31127.0,846.2421113023523,0.0,59,56,0,0,56,53,6958,3,0,0,3,3
2020-08-21,US,Nebraska,Nuckolls,7,0,0,40.17637905,-98.04743961,31129.0,168.7560270009643,0.0,7,8,0,0,8,6,4195,-1,0,0,-1,2
2020-08-21,US,Nebraska,Otoe,86,1,0,40.64843556,-96.13374142,31131.0,537.0971771171621,1.162790697674419,85,81,0,0,81,77,15985,5,1,0,4,4
2020-08-21,US,Nebraska,Pawnee,10,0,0,40.13141096,-96.23705437,31133.0,382.70187523918884,0.0,10,10,0,0,10,10,2632,0,0,0,0,0
2020-08-21,US,Nebraska,Perkins,27,7,0,40.85082525,-101.6502942,31135.0,933.9328951919753,25.92592592592593,20,25,7,0,18,25,2929,2,0,0,2,0
2020-08-21,US,Nebraska,Phelps,52,0,0,40.51156033,-99.41461667,31137.0,575.6032765109586,0.0,52,52,0,0,52,51,8996,0,0,0,0,1
2020-08-21,US,Nebraska,Pierce,56,1,0,42.26434853,-97.60122773,31139.0,783.435926133184,1.7857142857142858,55,53,1,0,52,53,7142,3,0,0,3,0
2020-08-21,US,Nebraska,Platte,830,3,0,41.57246836,-97.52144359,31141.0,2479.8326859874514,0.3614457831325301,827,830,3,0,827,824,33363,0,0,0,0,6
2020-08-21,US,Nebraska,Polk,30,0,0,41.18813488,-97.56630712,31143.0,575.4843660080567,0.0,30,30,0,0,30,28,5278,0,0,0,0,2
2020-08-21,US,Nebraska,Red Willow,18,0,0,40.17556879999999,-100.476998,31145.0,167.84781797836632,0.0,18,18,0,0,18,18,10726,0,0,0,0,0
2020-08-21,US,Nebraska,Richardson,28,1,0,40.1247415,-95.71755036,31147.0,356.00762873490135,3.571428571428572,27,28,1,0,27,28,7937,0,0,0,0,0
2020-08-21,US,Nebraska,Rock,4,0,0,42.42252217,-99.44832069,31149.0,294.76787030213706,0.0,4,3,0,0,3,3,1360,1,0,0,1,0
2020-08-21,US,Nebraska,Saline,613,2,0,40.52418865,-97.14085859,31151.0,4309.617547806524,0.3262642740619902,611,608,2,0,606,607,14350,5,0,0,5,1
2020-08-21,US,Nebraska,Sarpy,2626,13,0,41.11314181,-96.11156432,31153.0,1402.8077523023996,0.4950495049504951,2613,2598,13,0,2585,2571,184459,28,0,0,28,27
2020-08-21,US,Nebraska,Saunders,190,2,0,41.227810299999994,-96.63773905,31155.0,880.5264621373622,1.0526315789473684,188,188,2,0,186,185,21303,2,0,0,2,3
2020-08-21,US,Nebraska,Scotts Bluff,323,6,0,41.85070896,-103.70809859999999,31157.0,906.8448537256444,1.8575851393188851,317,322,6,0,316,320,35989,1,0,0,1,2
2020-08-21,US,Nebraska,Seward,143,2,0,40.87241834,-97.139673,31159.0,827.3547789863459,1.3986013986013983,141,138,1,0,137,136,17318,5,1,0,4,2
2020-08-21,US,Nebraska,Sheridan,14,0,0,42.50284406,-102.4126613,31161.0,266.8699961875715,0.0,14,12,0,0,12,12,5190,2,0,0,2,0
2020-08-21,US,Nebraska,Sherman,14,1,0,41.22045983,-98.97588642,31163.0,466.5111629456848,7.142857142857142,13,14,1,0,13,14,3038,0,0,0,0,0
2020-08-21,US,Nebraska,Sioux,5,0,0,42.48932059,-103.7576544,31165.0,428.8164665523156,0.0,5,5,0,0,5,5,1187,0,0,0,0,0
2020-08-21,US,Nebraska,Stanton,32,0,0,41.9169835,-97.19394708,31167.0,540.5405405405405,0.0,32,32,0,0,32,32,5970,0,0,0,0,0
2020-08-21,US,Nebraska,Thayer,27,0,0,40.17626377,-97.59504381,31169.0,539.6761942834298,0.0,27,27,0,0,27,27,5039,0,0,0,0,0
2020-08-21,US,Nebraska,Thomas,2,0,0,41.91358968,-100.5556632,31171.0,277.0083102493075,0.0,2,2,0,0,2,2,720,0,0,0,0,0
2020-08-21,US,Nebraska,Thurston,216,4,0,42.15725356,-96.54157099,31173.0,2990.033222591362,1.851851851851852,212,215,4,0,211,212,7303,1,0,0,1,3
2020-08-21,US,Nebraska,Unassigned,183,0,0,0.0,0.0,90031.0,0.0,0.0,183,166,0,0,166,178,,17,0,0,17,-12
2020-08-21,US,Nebraska,Valley,17,0,0,41.56730777,-98.98197724,31175.0,408.85040885040877,0.0,17,17,0,0,17,15,4190,0,0,0,0,2
2020-08-21,US,Nebraska,Washington,158,1,0,41.52815707,-96.22019892,31177.0,762.2171836557477,0.6329113924050633,157,152,1,0,151,148,20667,6,0,0,6,4
2020-08-21,US,Nebraska,Wayne,43,0,0,42.20934475,-97.11926964,31179.0,458.1779435269046,0.0,43,40,0,0,40,39,9403,3,0,0,3,1
2020-08-21,US,Nebraska,Webster,11,0,0,40.17642643,-98.50019851,31181.0,315.4574132492114,0.0,11,11,0,0,11,10,3533,0,0,0,0,1
2020-08-21,US,Nebraska,Wheeler,1,0,0,41.91482725,-98.52798941,31183.0,127.7139208173691,0.0,1,1,0,0,1,1,805,0,0,0,0,0
2020-08-21,US,Nebraska,York,96,0,0,40.87272618,-97.59710186,31185.0,701.8056875502596,0.0,96,97,0,0,97,97,13772,-1,0,0,-1,0
2020-08-21,US,Nevada,Carson City,397,8,0,39.15509045,-119.7480219,32510.0,709.9935617712282,2.0151133501259446,389,396,8,0,388,396,55414,1,0,0,1,0
2020-08-21,US,Nevada,Churchill,82,1,0,39.58105744,-118.3394607,32001.0,329.1982817455538,1.2195121951219512,81,81,1,0,80,81,24440,1,0,0,1,0
2020-08-21,US,Nevada,Clark,55521,1015,0,36.21458855,-115.0130241,32003.0,2449.403652422117,1.8281371012769945,54506,54795,1006,0,53789,54353,2231647,726,9,0,717,442
2020-08-21,US,Nevada,Douglas,225,1,0,38.912862,-119.61713329999999,32005.0,460.0756568857991,0.4444444444444444,224,223,1,0,222,216,48467,2,0,0,2,7
2020-08-21,US,Nevada,Elko,701,3,0,41.14531606,-115.3577619,32007.0,1328.2049338739625,0.42796005706134094,698,669,3,0,666,643,52460,32,0,0,32,26
2020-08-21,US,Nevada,Eureka,5,0,0,39.98100864,-116.26832040000001,32011.0,246.4268112370626,0.0,5,5,0,0,5,5,2003,0,0,0,0,0
2020-08-21,US,Nevada,Humboldt,106,4,0,41.40692186,-118.11094270000001,32013.0,629.7902679579347,3.7735849056603774,102,105,4,0,101,105,16786,1,0,0,1,0
2020-08-21,US,Nevada,Lander,54,1,0,39.933223299999995,-117.03970749999999,32015.0,976.1388286334056,1.851851851851852,53,54,1,0,53,52,5575,0,0,0,0,2
2020-08-21,US,Nevada,Lincoln,5,0,0,37.64268459,-114.8790388,32017.0,96.46922631680496,0.0,5,5,0,0,5,5,5201,0,0,0,0,0
2020-08-21,US,Nevada,Lyon,284,6,0,39.01777974,-119.18704790000001,32019.0,493.8271604938272,2.112676056338028,278,281,6,0,275,276,55808,3,0,0,3,5
2020-08-21,US,Nevada,Mineral,12,0,0,38.53841696,-118.4344506,32021.0,266.37069922308547,0.0,12,12,0,0,12,12,4514,0,0,0,0,0
2020-08-21,US,Nevada,Nye,453,14,0,38.04264256,-116.47227020000001,32023.0,973.7119274337424,3.0905077262693155,439,442,13,0,429,442,45346,11,1,0,10,0
2020-08-21,US,Nevada,Pershing,17,0,0,40.44003782,-118.40056409999998,32027.0,252.78810408921933,0.0,17,17,0,0,17,17,6666,0,0,0,0,0
2020-08-21,US,Nevada,Storey,6,0,0,39.44875482,-119.5250207,32029.0,145.52510308028138,0.0,6,6,0,0,6,6,4029,0,0,0,0,0
2020-08-21,US,Nevada,Washoe,6545,131,0,40.66562265,-119.6631594,32031.0,1388.0670768304142,2.0015278838808253,6414,6473,128,0,6345,6402,465735,72,3,0,69,71
2020-08-21,US,Nevada,White Pine,20,1,0,39.44157041,-114.89996599999999,32033.0,208.76826722338203,5.0,19,20,1,0,19,17,9475,0,0,0,0,3
2020-08-21,US,New Hampshire,Belknap,121,4,0,43.51637314,-71.41684235,33001.0,197.38022609007717,3.3057851239669422,117,121,4,0,117,121,61022,0,0,0,0,0
2020-08-21,US,New Hampshire,Carroll,99,1,0,43.87498583,-71.20430216,33003.0,202.4125945614394,1.0101010101010102,98,98,1,0,97,98,48779,1,0,0,1,0
2020-08-21,US,New Hampshire,Cheshire,109,3,0,42.92015988,-72.25311043,33005.0,143.26082670697247,2.7522935779816518,106,108,3,0,105,107,76493,1,0,0,1,1
2020-08-21,US,New Hampshire,Coos,17,0,0,44.69063265,-71.30633239,33007.0,53.86053290244907,0.0,17,17,0,0,17,17,31589,0,0,0,0,0
2020-08-21,US,New Hampshire,Grafton,107,1,0,43.93779815,-71.82057197,33009.0,119.03967247402264,0.9345794392523364,106,107,1,0,106,107,89786,0,0,0,0,0
2020-08-21,US,New Hampshire,Hillsborough,3972,283,0,42.91537785,-71.7200253,33011.0,952.4608836400696,7.124874118831822,3689,3963,283,0,3680,3960,415247,9,0,0,9,3
2020-08-21,US,New Hampshire,Merrimack,483,23,0,43.29662971,-71.6811573,33013.0,319.04142254163065,4.761904761904762,460,480,23,0,457,477,151132,3,0,0,3,3
2020-08-21,US,New Hampshire,Rockingham,1747,99,0,42.98499744,-71.12883377,33015.0,563.968634692303,5.666857469948482,1648,1742,99,0,1643,1738,309176,5,0,0,5,4
2020-08-21,US,New Hampshire,Strafford,370,13,0,43.291833000000004,-71.02336013,33017.0,283.2362419909212,3.5135135135135136,357,368,13,0,355,367,130090,2,0,0,2,1
2020-08-21,US,New Hampshire,Sullivan,44,1,0,43.36094111,-72.22203125,33019.0,101.97932600936356,2.272727272727273,43,44,1,0,43,44,43144,0,0,0,0,0
2020-08-21,US,New Hampshire,Unassigned,2,0,0,0.0,0.0,90033.0,0.0,0.0,2,2,0,0,2,,,0,0,0,0,
2020-08-21,US,New Jersey,Atlantic,3651,252,0,39.47538693,-74.65848483,34001.0,1384.6854022073044,6.902218570254724,3399,3643,253,0,3390,3632,265429,8,-1,0,9,11
2020-08-21,US,New Jersey,Bergen,21282,2032,0,40.96010917,-74.07164325,34003.0,2282.981585536182,9.547974814397143,19250,21261,2034,0,19227,21307,936692,21,-2,0,23,-46
2020-08-21,US,New Jersey,Burlington,6247,480,0,39.87681124,-74.66927768,34005.0,1402.720113888209,7.683688170321754,5767,6228,480,0,5748,6201,445384,19,0,0,19,27
2020-08-21,US,New Jersey,Camden,8920,584,0,39.80343818,-74.96388753,34007.0,1761.206465918088,6.547085201793723,8336,8899,582,0,8317,8882,507078,21,2,0,19,17
2020-08-21,US,New Jersey,Cape May,867,91,0,39.15008829,-74.80170244,34009.0,941.9919816599485,10.495963091118801,776,863,90,0,773,858,92560,4,1,0,3,5
2020-08-21,US,New Jersey,Cumberland,3475,159,0,39.37199394,-75.10712559,34011.0,2323.9949975589693,4.575539568345325,3316,3465,159,0,3306,3454,150972,10,0,0,10,11
2020-08-21,US,New Jersey,Essex,20052,2112,0,40.78681335,-74.24657979,34013.0,2509.7155730780064,10.532615200478757,17940,20033,2112,0,17921,20036,799767,19,0,0,19,-3
2020-08-21,US,New Jersey,Gloucester,3516,220,0,39.71581067,-75.13995546,34015.0,1205.6124758260296,6.257110352673492,3296,3497,218,0,3279,3481,291408,19,2,0,17,16
2020-08-21,US,New Jersey,Hudson,19989,1510,0,40.73766234,-74.07515667,34017.0,2972.8238480289,7.554154785131823,18479,19970,1509,0,18461,19955,676061,19,1,0,18,15
2020-08-21,US,New Jersey,Hunterdon,1182,124,0,40.56335249,-74.91284156,34019.0,950.3823238536314,10.490693739424703,1058,1180,124,0,1056,1171,124714,2,0,0,2,9
2020-08-21,US,New Jersey,Mercer,8248,624,0,40.28047017,-74.70479631,34021.0,2244.781318890673,7.565470417070805,7624,8237,624,0,7613,8225,369811,11,0,0,11,12
2020-08-21,US,New Jersey,Middlesex,18219,1419,0,40.43629879,-74.41426991,34023.0,2208.197686961707,7.7885723695043625,16800,18185,1418,0,16767,18168,829685,34,1,0,33,17
2020-08-21,US,New Jersey,Monmouth,10545,860,0,40.26549699,-74.22240686,34025.0,1704.1184883523624,8.155523944997631,9685,10533,859,0,9674,10524,621354,12,1,0,11,9
2020-08-21,US,New Jersey,Morris,7391,830,0,40.86095313,-74.54553709999998,34027.0,1502.7091868373166,11.229874171289406,6561,7382,830,0,6552,7371,494228,9,0,0,9,11
2020-08-21,US,New Jersey,Ocean,10857,1025,0,39.8895449,-74.28089251,34029.0,1788.0847055103382,9.440913696232846,9832,10836,1024,0,9812,10826,601651,21,1,0,20,10
2020-08-21,US,New Jersey,Passaic,18085,1246,0,41.03238628,-74.29954144,34031.0,3603.8387807726185,6.889687586397566,16839,18058,1244,0,16814,18039,503310,27,2,0,25,19
2020-08-21,US,New Jersey,Salem,945,88,0,39.58719656,-75.34696629999998,34033.0,1514.787208463573,9.312169312169312,857,941,88,0,853,941,62607,4,0,0,4,0
2020-08-21,US,New Jersey,Somerset,5336,564,0,40.56465737,-74.61683016,34035.0,1622.2099266114176,10.569715142428787,4772,5331,565,0,4766,5329,331164,5,-1,0,6,2
2020-08-21,US,New Jersey,Sussex,1358,198,0,41.13891592,-74.69118243,34037.0,966.6306019019416,14.580265095729013,1160,1357,198,0,1159,1355,140799,1,0,0,1,2
2020-08-21,US,New Jersey,Unassigned,328,0,0,0.0,0.0,90034.0,0.0,0.0,328,324,0,0,324,378,,4,0,0,4,-54
2020-08-21,US,New Jersey,Union,16947,1352,0,40.65835409,-74.30680092,34039.0,3046.153348396037,7.977813182274148,15595,16927,1350,0,15577,16921,558067,20,2,0,18,6
2020-08-21,US,New Jersey,Warren,1377,171,0,40.85951833,-74.99556527,34041.0,1308.1022542677192,12.418300653594773,1206,1377,171,0,1206,1373,105779,0,0,0,0,4
2020-08-21,US,New Mexico,Bernalillo,5502,148,0,35.05163625,-106.6703554,35001.0,810.1649043395802,2.689930934205744,5354,5474,146,0,5328,5416,678701,28,2,0,26,58
2020-08-21,US,New Mexico,Catron,5,1,0,33.91514144,-108.4046587,35003.0,141.7635384179189,20.0,4,5,1,0,4,5,3578,0,0,0,0,0
2020-08-21,US,New Mexico,Chaves,593,6,0,33.36406072,-104.4665365,35005.0,917.7435579973692,1.011804384485666,587,581,6,0,575,567,64689,12,0,0,12,14
2020-08-21,US,New Mexico,Cibola,392,19,0,34.91131525,-107.998876,35006.0,1469.5407685098407,4.846938775510204,373,391,19,0,372,388,26746,1,0,0,1,3
2020-08-21,US,New Mexico,Colfax,19,1,0,36.60569702,-104.64726740000002,35007.0,159.11565195544762,5.2631578947368425,18,19,1,0,18,19,12110,0,0,0,0,0
2020-08-21,US,New Mexico,Curry,621,3,0,34.57421077,-103.34688759999999,35009.0,1268.5378110062504,0.4830917874396135,618,619,3,0,616,611,49437,2,0,0,2,8
2020-08-21,US,New Mexico,Dona Ana,2699,37,0,32.35275771,-106.83293870000001,35013.0,1236.9669332477831,1.3708781030011117,2662,2685,37,0,2648,2664,217522,14,0,0,14,21
2020-08-21,US,New Mexico,Eddy,408,5,0,32.47167456,-104.3053527,35015.0,697.9131029763942,1.2254901960784317,403,397,5,0,392,394,57900,11,0,0,11,3
2020-08-21,US,New Mexico,Grant,76,2,0,32.73911281,-108.3827845,35017.0,281.50233350618566,2.631578947368421,74,75,2,0,73,72,27346,1,0,0,1,3
2020-08-21,US,New Mexico,Guadalupe,32,0,0,34.86319296,-104.790669,35019.0,744.1860465116278,0.0,32,32,0,0,32,32,4341,0,0,0,0,0
2020-08-21,US,New Mexico,Harding,2,0,0,35.85751555,-103.82209379999999,35021.0,320.0,0.0,2,2,0,0,2,2,655,0,0,0,0,0
2020-08-21,US,New Mexico,Hidalgo,93,0,0,31.91383467,-108.7151824,35023.0,2215.340638399238,0.0,93,93,0,0,93,93,4240,0,0,0,0,0
2020-08-21,US,New Mexico,Lea,1010,7,0,32.79215361,-103.4123733,35025.0,1421.1340931476007,0.6930693069306929,1003,991,7,0,984,965,69611,19,0,0,19,26
2020-08-21,US,New Mexico,Lincoln,162,2,0,33.74526079,-105.4586166,35027.0,827.7130594727162,1.2345679012345678,160,161,2,0,159,160,19556,1,0,0,1,1
2020-08-21,US,New Mexico,Los Alamos,24,0,0,35.86631386,-106.31349850000001,35028.0,123.90933966647735,0.0,24,24,0,0,24,24,19101,0,0,0,0,0
2020-08-21,US,New Mexico,Luna,264,5,0,32.18179341,-107.75088259999998,35029.0,1113.5012020751612,1.893939393939394,259,263,5,0,258,259,23963,1,0,0,1,4
2020-08-21,US,New Mexico,McKinley,4148,237,0,35.58007720000001,-108.262245,35031.0,5812.21012512786,5.713596914175506,3911,4141,236,0,3905,4134,72290,7,1,0,6,7
2020-08-21,US,New Mexico,Mora,6,0,0,36.01095101,-104.9497716,35033.0,132.71400132713998,0.0,6,6,0,0,6,6,4506,0,0,0,0,0
2020-08-21,US,New Mexico,Otero,213,11,0,32.61348406,-105.7417604,35035.0,315.6023114535487,5.164319248826291,202,212,11,0,201,211,66781,1,0,0,1,1
2020-08-21,US,New Mexico,Quay,60,1,0,35.10403332,-103.54817270000001,35037.0,727.0083605961469,1.6666666666666667,59,58,1,0,57,51,8253,2,0,0,2,7
2020-08-21,US,New Mexico,Rio Arriba,343,10,0,36.51072137,-106.69316740000001,35039.0,881.2723208550653,2.915451895043732,333,336,10,0,326,331,39006,7,0,0,7,5
2020-08-21,US,New Mexico,Roosevelt,188,1,0,34.02097406,-103.4799493,35041.0,1016.2162162162165,0.5319148936170213,187,185,1,0,184,177,18743,3,0,0,3,8
2020-08-21,US,New Mexico,San Juan,3131,189,0,36.50838318,-108.32043700000001,35045.0,2525.855531712354,6.036410092622164,2942,3123,189,0,2934,3116,125043,8,0,0,8,7
2020-08-21,US,New Mexico,San Miguel,61,0,0,35.48014807,-104.8163562,35047.0,223.63163104446969,0.0,61,58,0,0,58,56,27591,3,0,0,3,2
2020-08-21,US,New Mexico,Sandoval,1181,35,0,35.68862401,-106.86878030000001,35043.0,804.7809850900867,2.9635901778154112,1146,1176,33,0,1143,1172,145179,5,2,0,3,4
2020-08-21,US,New Mexico,Santa Fe,748,3,0,35.50708973,-105.9774716,35049.0,497.4793492863699,0.4010695187165775,745,736,3,0,733,723,150056,12,0,0,12,13
2020-08-21,US,New Mexico,Sierra,36,1,0,33.13028233,-107.1925893,35051.0,333.6113427856547,2.7777777777777777,35,36,1,0,35,34,10968,0,0,0,0,2
2020-08-21,US,New Mexico,Socorro,76,6,0,34.00715494,-106.9298354,35053.0,456.8131273667128,7.894736842105262,70,75,6,0,69,75,16735,1,0,0,1,0
2020-08-21,US,New Mexico,Taos,115,2,0,36.58006022,-105.63101979999999,35055.0,351.43477065061273,1.7391304347826086,113,115,2,0,113,116,32835,0,0,0,0,-1
2020-08-21,US,New Mexico,Torrance,63,1,0,34.64048375,-105.8508949,35057.0,407.4768773041847,1.5873015873015872,62,63,1,0,62,63,15591,0,0,0,0,0
2020-08-21,US,New Mexico,Unassigned,1314,0,0,0.0,0.0,90035.0,0.0,0.0,1314,1314,0,0,1314,1314,,0,0,0,0,0
2020-08-21,US,New Mexico,Union,31,2,0,36.48126404,-103.4709624,35059.0,763.7349100763735,6.451612903225807,29,31,2,0,29,31,4118,0,0,0,0,0
2020-08-21,US,New Mexico,Valencia,479,4,0,34.71669834,-106.8103733,35061.0,624.608804506572,0.8350730688935282,475,474,4,0,470,468,76456,5,0,0,5,6
2020-08-21,US,New York,Albany,2691,129,0,42.60060306,-73.97723916,36001.0,880.8337643123214,4.793756967670012,2562,2684,129,0,2555,2675,307117,7,0,0,7,9
2020-08-21,US,New York,Allegany,84,1,0,42.25748406,-78.02750466,36003.0,182.24816124623032,1.1904761904761905,83,81,1,0,80,80,46430,3,0,0,3,1
2020-08-21,US,New York,Broome,1211,69,0,42.15903158,-75.81326086,36007.0,635.7355843937676,5.697770437654832,1142,1196,69,0,1127,1189,191659,15,0,0,15,7
2020-08-21,US,New York,Cattaraugus,174,6,0,42.24778241,-78.67923096,36009.0,228.59545173877052,3.4482758620689653,168,174,6,0,168,173,76840,0,0,0,0,1
2020-08-21,US,New York,Cayuga,164,2,0,42.91261714,-76.55731592,36011.0,214.16631842875046,1.2195121951219512,162,164,2,0,162,164,77145,0,0,0,0,0
2020-08-21,US,New York,Chautauqua,278,9,0,42.22769210000001,-79.36691763,36013.0,219.0649551232044,3.2374100719424463,269,275,9,0,266,272,127939,3,0,0,3,3
2020-08-21,US,New York,Chemung,193,3,0,42.13891056,-76.7638805,36015.0,231.2595858895706,1.5544041450777202,190,193,3,0,190,191,84254,0,0,0,0,2
2020-08-21,US,New York,Chenango,222,6,0,42.49430041,-75.60887553,36017.0,470.2692397313957,2.702702702702702,216,219,6,0,213,218,47536,3,0,0,3,1
2020-08-21,US,New York,Clinton,136,4,0,44.74530905,-73.67875352,36019.0,168.97558551282847,2.9411764705882355,132,135,4,0,131,134,80695,1,0,0,1,1
2020-08-21,US,New York,Columbia,561,37,0,42.24819348,-73.63089095,36021.0,943.4755554060642,6.595365418894831,524,560,37,0,523,559,59916,1,0,0,1,1
2020-08-21,US,New York,Cortland,98,0,0,42.59509207,-76.07048931,36023.0,205.9645656879847,0.0,98,98,0,0,98,97,47823,0,0,0,0,1
2020-08-21,US,New York,Delaware,109,4,0,42.19837623,-74.96709306,36025.0,246.96952532004082,3.669724770642202,105,109,4,0,105,108,44527,0,0,0,0,1
2020-08-21,US,New York,Dutchess,4734,153,0,41.76486060000001,-73.74356679,36027.0,1609.0110054449426,3.2319391634980987,4581,4721,153,0,4568,4710,293718,13,0,0,13,11
2020-08-21,US,New York,Erie,9364,676,0,42.76249024,-78.73063652,36029.0,1019.2641357045047,7.219137120888509,8688,9283,676,0,8607,9241,919719,81,0,0,81,42
2020-08-21,US,New York,Essex,85,0,0,44.11630765,-73.77297842,36031.0,230.4459807509828,0.0,85,85,0,0,85,63,37300,0,0,0,0,22
2020-08-21,US,New York,Franklin,56,0,0,44.59040891,-74.29926032,36033.0,111.9507416736636,0.0,56,56,0,0,56,56,50293,0,0,0,0,0
2020-08-21,US,New York,Fulton,306,24,0,43.11363907,-74.41798804,36035.0,573.2161924208083,7.84313725490196,282,305,24,0,281,305,53591,1,0,0,1,0
2020-08-21,US,New York,Genesee,290,5,0,43.0022601,-78.19135193,36037.0,506.2849162011173,1.7241379310344829,285,290,5,0,285,289,57511,0,0,0,0,1
2020-08-21,US,New York,Greene,304,18,0,42.275797,-74.12384884,36039.0,644.2315843010932,5.921052631578947,286,301,18,0,283,300,47491,3,0,0,3,1
2020-08-21,US,New York,Hamilton,12,0,0,43.66146647,-74.49721957,36041.0,271.7391304347826,0.0,12,12,0,0,12,11,4434,0,0,0,0,1
2020-08-21,US,New York,Herkimer,289,4,0,43.42034246,-74.96145307,36043.0,471.30579428888274,1.3840830449826989,285,284,4,0,280,284,61833,5,0,0,5,0
2020-08-21,US,New York,Jefferson,144,0,0,44.04200959,-75.94653457,36045.0,131.10694320520057,0.0,144,143,0,0,143,143,111755,1,0,0,1,0
2020-08-21,US,New York,Lewis,47,0,0,43.784415700000004,-75.44903992,36049.0,178.73440827502282,0.0,47,47,0,0,47,47,26447,0,0,0,0,0
2020-08-21,US,New York,Livingston,178,8,0,42.72596275,-77.77966158,36051.0,282.9258988460438,4.49438202247191,170,178,8,0,170,178,63227,0,0,0,0,0
2020-08-21,US,New York,Madison,431,17,0,42.91653905,-75.67266639,36053.0,607.5471166180347,3.94431554524362,414,424,17,0,407,424,70795,7,0,0,7,0
2020-08-21,US,New York,Monroe,5273,285,0,43.14638895,-77.69322942,36055.0,710.8672499561859,5.404892850369809,4988,5256,285,0,4971,5241,742474,17,0,0,17,15
2020-08-21,US,New York,Montgomery,193,4,0,42.90123494,-74.44011632,36057.0,392.10905914142336,2.0725388601036268,189,190,4,0,186,189,49455,3,0,0,3,1
2020-08-21,US,New York,Nassau,44162,2195,0,40.74066522,-73.58941873,36059.0,3254.566947006612,4.970336488383678,41967,44112,2195,0,41917,44063,1358343,50,0,0,50,49
2020-08-21,US,New York,New York City,231574,23641,0,40.76727260000001,-73.97152637,36061.0,2777.7267990889095,10.208831734132502,207933,231288,23639,0,207649,231015,1628701,286,2,0,284,273
2020-08-21,US,New York,Niagara,1556,98,0,43.19898042,-78.74777412,36063.0,743.4979764049292,6.298200514138818,1458,1547,98,0,1449,1544,210433,9,0,0,9,3
2020-08-21,US,New York,Oneida,2233,117,0,43.24375382,-75.43710392,36065.0,976.5121069134258,5.239587998208688,2116,2222,117,0,2105,2218,229577,11,0,0,11,4
2020-08-21,US,New York,Onondaga,3743,203,0,43.00491923,-76.19971155,36067.0,812.7627418962583,5.423457119957254,3540,3719,203,0,3516,3712,461809,24,0,0,24,7
2020-08-21,US,New York,Ontario,373,34,0,42.85145728,-77.30874425,36069.0,339.7797352815253,9.115281501340485,339,373,34,0,339,371,109864,0,0,0,0,2
2020-08-21,US,New York,Orange,11316,493,0,41.40337468,-74.30240757,36071.0,2939.678910999117,4.35666313184871,10823,11292,493,0,10799,11282,381951,24,0,0,24,10
2020-08-21,US,New York,Orleans,303,54,0,43.2516977,-78.2320066,36073.0,750.8921490880252,17.821782178217823,249,303,54,0,249,303,40612,0,0,0,0,0
2020-08-21,US,New York,Oswego,279,3,0,43.42778894,-76.14635194,36075.0,238.2090775588265,1.075268817204301,276,276,3,0,273,274,117898,3,0,0,3,2
2020-08-21,US,New York,Otsego,124,5,0,42.63492579,-75.03151402,36077.0,208.4278822718639,4.032258064516129,119,123,5,0,118,122,59749,1,0,0,1,1
2020-08-21,US,New York,Putnam,1470,63,0,41.42630093,-73.74965532,36079.0,1495.1179820992675,4.285714285714286,1407,1468,63,0,1405,1466,98892,2,0,0,2,2
2020-08-21,US,New York,Rensselaer,810,40,0,42.71348136,-73.51089874,36083.0,510.3519538288999,4.938271604938271,770,809,40,0,769,804,159442,1,0,0,1,5
2020-08-21,US,New York,Rockland,14106,674,0,41.15027894,-74.02560498,36087.0,4329.796279186836,4.778108606266837,13432,14089,674,0,13415,14067,325695,17,0,0,17,22
2020-08-21,US,New York,Saratoga,808,17,0,43.10904162,-73.86653895,36091.0,351.5137277421768,2.103960396039604,791,802,17,0,785,800,230163,6,0,0,6,2
2020-08-21,US,New York,Schenectady,1159,37,0,42.81668777,-74.05278291,36093.0,746.3022942839298,3.1924072476272647,1122,1143,37,0,1106,1133,155350,16,0,0,16,10
2020-08-21,US,New York,Schoharie,69,0,0,42.58831742,-74.44339029999998,36095.0,222.58782541372295,0.0,69,69,0,0,69,69,31097,0,0,0,0,0
2020-08-21,US,New York,Schuyler,24,0,0,42.39184015,-76.8773299,36097.0,134.77845790981078,0.0,24,23,0,0,23,23,17912,1,0,0,1,0
2020-08-21,US,New York,Seneca,95,3,0,42.78081007,-76.82497064,36099.0,279.28033866415797,3.1578947368421053,92,95,3,0,92,95,34300,0,0,0,0,0
2020-08-21,US,New York,St. Lawrence,265,4,0,44.4976179,-75.06550039,36089.0,245.96250232040097,1.509433962264151,261,264,4,0,260,264,108047,1,0,0,1,0
2020-08-21,US,New York,Steuben,308,42,0,42.2689144,-77.3829924,36101.0,322.9222365510228,13.636363636363635,266,307,42,0,265,307,95796,1,0,0,1,0
2020-08-21,US,New York,Suffolk,44400,2000,0,40.88320119,-72.8012172,36103.0,3006.9057247015276,4.504504504504505,42400,44353,2000,0,42353,44305,1481093,47,0,0,47,48
2020-08-21,US,New York,Sullivan,1495,48,0,41.71579493,-74.76394559,36105.0,1981.917488599003,3.210702341137124,1447,1495,48,0,1447,1494,75498,0,0,0,0,1
2020-08-21,US,New York,Tioga,203,25,0,42.16852837,-76.30835812,36107.0,421.13561396593565,12.31527093596059,178,203,25,0,178,199,48560,0,0,0,0,4
2020-08-21,US,New York,Tompkins,244,0,0,42.44945765,-76.47229843,36109.0,238.79428459581126,0.0,244,240,0,0,240,238,102793,4,0,0,4,2
2020-08-21,US,New York,Ulster,2115,93,0,41.89027881,-74.26252104,36111.0,1191.0594516058186,4.3971631205673765,2022,2113,93,0,2020,2106,178599,2,0,0,2,7
2020-08-21,US,New York,Warren,314,33,0,43.56173026,-73.8433699,36113.0,491.0546728387339,10.509554140127387,281,313,33,0,280,313,64265,1,0,0,1,0
2020-08-21,US,New York,Washington,264,14,0,43.31153794,-73.43043448,36115.0,431.34435657800145,5.303030303030303,250,264,14,0,250,262,61197,0,0,0,0,2
2020-08-21,US,New York,Wayne,272,3,0,43.15494365,-77.02976528,36117.0,302.497831357459,1.1029411764705883,269,270,3,0,267,270,90064,2,0,0,2,0
2020-08-21,US,New York,Westchester,36621,1449,0,41.16278376,-73.75741653,36119.0,3785.092805626012,3.956746129270091,35172,36586,1448,0,35138,36563,967612,35,1,0,34,23
2020-08-21,US,New York,Wyoming,121,5,0,42.70145109,-78.22199579,36121.0,303.5700845480318,4.132231404958676,116,120,5,0,115,120,40085,1,0,0,1,0
2020-08-21,US,New York,Yates,59,7,0,42.63505484,-77.10369919,36123.0,236.82414803516238,11.864406779661017,52,59,7,0,52,59,24841,0,0,0,0,0
2020-08-21,US,North Carolina,Alamance,2786,44,0,36.0434701,-79.39976137,37001.0,1643.570547876514,1.5793251974156497,2742,2726,44,0,2682,2698,166436,60,0,0,60,28
2020-08-21,US,North Carolina,Alexander,358,2,0,35.922379600000006,-81.17751948,37003.0,954.7430461103556,0.5586592178770949,356,354,2,0,352,351,37353,4,0,0,4,3
2020-08-21,US,North Carolina,Alleghany,184,0,0,36.49360862,-81.12857041,37005.0,1652.1504893597917,0.0,184,181,0,0,181,182,11161,3,0,0,3,-1
2020-08-21,US,North Carolina,Anson,395,3,0,34.97403241,-80.09953279,37007.0,1615.8062668739265,0.7594936708860759,392,388,3,0,385,384,24877,7,0,0,7,4
2020-08-21,US,North Carolina,Ashe,180,1,0,36.43296207,-81.49862729,37009.0,661.6917251773701,0.5555555555555556,179,179,1,0,178,177,27109,1,0,0,1,2
2020-08-21,US,North Carolina,Avery,116,0,0,36.07569796,-81.92308483,37011.0,660.7051318562396,0.0,116,114,0,0,114,113,17505,2,0,0,2,1
2020-08-21,US,North Carolina,Beaufort,479,9,0,35.48531943,-76.84325809,37013.0,1019.2790569008812,1.8789144050104385,470,470,9,0,461,465,47079,9,0,0,9,5
2020-08-21,US,North Carolina,Bertie,347,5,0,36.0688473,-76.96545943,37015.0,1831.424499920832,1.4409221902017288,342,340,5,0,335,328,19026,7,0,0,7,12
2020-08-21,US,North Carolina,Bladen,668,9,0,34.61296243,-78.56180059,37017.0,2041.4400097793534,1.3473053892215572,659,663,8,0,655,659,33190,5,1,0,4,4
2020-08-21,US,North Carolina,Brunswick,1343,22,0,34.070565,-78.22814204,37019.0,940.3444895672876,1.6381236038719285,1321,1337,22,0,1315,1330,136744,6,0,0,6,7
2020-08-21,US,North Carolina,Buncombe,2214,62,0,35.61113393,-82.53305,37021.0,847.6555470900604,2.800361336946702,2152,2167,54,0,2113,2135,259103,47,8,0,39,32
2020-08-21,US,North Carolina,Burke,1775,27,0,35.74989637,-81.70755735,37023.0,1961.6511023926612,1.5211267605633805,1748,1753,27,0,1726,1731,90382,22,0,0,22,22
2020-08-21,US,North Carolina,Cabarrus,2906,51,0,35.3877799,-80.55267168,37025.0,1342.554734746111,1.7549896765313144,2855,2866,51,0,2815,2840,211342,40,0,0,40,26
2020-08-21,US,North Carolina,Caldwell,1336,14,0,35.95204977,-81.54799522,37027.0,1625.7392489474066,1.0479041916167664,1322,1320,14,0,1306,1296,82029,16,0,0,16,24
2020-08-21,US,North Carolina,Camden,83,2,0,36.33804939,-76.15568396,37029.0,763.7802521395047,2.409638554216868,81,83,2,0,81,82,10710,0,0,0,0,1
2020-08-21,US,North Carolina,Carteret,409,5,0,34.8932941,-76.54120135,37031.0,588.7179191916283,1.2224938875305624,404,399,5,0,394,392,69524,10,0,0,10,7
2020-08-21,US,North Carolina,Caswell,214,2,0,36.39312665,-79.33353281,37033.0,946.7350911343125,0.9345794392523364,212,207,2,0,205,205,22698,7,0,0,7,2
2020-08-21,US,North Carolina,Catawba,2391,38,0,35.66211129,-81.2132617,37035.0,1498.5803912228696,1.589293182768716,2353,2345,38,0,2307,2322,158652,46,0,0,46,23
2020-08-21,US,North Carolina,Chatham,1396,55,0,35.70394416,-79.25541492,37037.0,1874.580367933396,3.939828080229226,1341,1380,55,0,1325,1377,73139,16,0,0,16,3
2020-08-21,US,North Carolina,Cherokee,352,5,0,35.1349263,-84.05970864,37039.0,1230.2530406822314,1.4204545454545454,347,346,5,0,341,311,28383,6,0,0,6,35
2020-08-21,US,North Carolina,Chowan,174,2,0,36.12908077,-76.60118385,37041.0,1247.9380334217888,1.1494252873563218,172,170,2,0,168,168,14029,4,0,0,4,2
2020-08-21,US,North Carolina,Clay,81,1,0,35.05704275,-83.74353633,37043.0,721.2180571632091,1.2345679012345678,80,80,1,0,79,77,11139,1,0,0,1,3
2020-08-21,US,North Carolina,Cleveland,1422,25,0,35.33553364,-81.55204486,37045.0,1451.8055683175596,1.7580872011251758,1397,1398,25,0,1373,1358,97645,24,0,0,24,40
2020-08-21,US,North Carolina,Columbus,1021,50,0,34.26744084,-78.65801424,37047.0,1839.374504575917,4.897159647404505,971,1013,50,0,963,1003,55655,8,0,0,8,10
2020-08-21,US,North Carolina,Craven,857,23,0,35.11833364,-77.08398081,37049.0,839.0526635271542,2.6837806301050176,834,844,23,0,821,798,102912,13,0,0,13,46
2020-08-21,US,North Carolina,Cumberland,3629,64,0,35.04762133,-78.82623165,37051.0,1081.6401348399002,1.7635712317442822,3565,3573,63,0,3510,3528,332330,56,1,0,55,45
2020-08-21,US,North Carolina,Currituck,88,0,0,36.36123664,-75.95876401,37053.0,316.9686273097288,0.0,88,86,0,0,86,85,27072,2,0,0,2,1
2020-08-21,US,North Carolina,Dare,218,2,0,35.66520691,-75.71767334,37055.0,589.0459077521683,0.9174311926605504,216,218,2,0,216,216,36501,0,0,0,0,2
2020-08-21,US,North Carolina,Davidson,1992,31,0,35.79115496,-80.21256572,37057.0,1188.4803322017315,1.5562248995983936,1961,1965,31,0,1934,1933,166614,27,0,0,27,32
2020-08-21,US,North Carolina,Davie,454,6,0,35.93099927,-80.54496571,37059.0,1059.608831629557,1.3215859030837005,448,449,5,0,444,443,42733,5,1,0,4,6
2020-08-21,US,North Carolina,Duplin,2048,49,0,34.93449805,-77.93140529,37061.0,3486.4915476413407,2.392578125,1999,2043,49,0,1994,2037,58856,5,0,0,5,6
2020-08-21,US,North Carolina,Durham,6535,81,0,36.03638492,-78.87608331,37063.0,2032.735280943612,1.2394797245600613,6454,6508,81,0,6427,6461,316739,27,0,0,27,47
2020-08-21,US,North Carolina,Edgecombe,815,17,0,35.91230639,-77.59436892,37065.0,1583.3851414361206,2.085889570552147,798,792,16,0,776,772,52005,23,1,0,22,20
2020-08-21,US,North Carolina,Forsyth,5740,66,0,36.12859861,-80.25459052,37067.0,1501.4582979112988,1.1498257839721255,5674,5681,63,0,5618,5620,379099,59,3,0,56,61
2020-08-21,US,North Carolina,Franklin,962,28,0,36.081519,-78.28708884,37069.0,1380.4979550835903,2.9106029106029108,934,956,28,0,928,942,67560,6,0,0,6,14
2020-08-21,US,North Carolina,Gaston,3746,59,0,35.29373559,-81.17477045,37071.0,1668.3813672175972,1.5750133475707422,3687,3716,59,0,3657,3655,222846,30,0,0,30,61
2020-08-21,US,North Carolina,Gates,67,2,0,36.44667547,-76.69749701,37073.0,579.4845182494378,2.985074626865672,65,66,2,0,64,60,11573,1,0,0,1,6
2020-08-21,US,North Carolina,Graham,50,0,0,35.3506925,-83.83369267,37075.0,592.3468783319512,0.0,50,49,0,0,49,49,8484,1,0,0,1,0
2020-08-21,US,North Carolina,Granville,1404,35,0,36.30337451,-78.65184241,37077.0,2322.8496269212314,2.492877492877493,1369,1391,35,0,1356,1370,60115,13,0,0,13,21
2020-08-21,US,North Carolina,Greene,359,3,0,35.48544173,-77.67578087,37079.0,1703.9251981584314,0.8356545961002786,356,355,3,0,352,349,21012,4,0,0,4,6
2020-08-21,US,North Carolina,Guilford,6257,163,0,36.07959451,-79.78824948,37081.0,1164.7994876892774,2.605082307815247,6094,6165,160,0,6005,6069,533670,92,3,0,89,96
2020-08-21,US,North Carolina,Halifax,794,9,0,36.25669272,-77.6556109,37083.0,1587.6824635072985,1.1335012594458438,785,789,9,0,780,767,50574,5,0,0,5,22
2020-08-21,US,North Carolina,Harnett,1470,42,0,35.36731853,-78.87243571,37085.0,1081.0731305524505,2.8571428571428568,1428,1463,41,0,1422,1447,134214,7,1,0,6,16
2020-08-21,US,North Carolina,Haywood,477,25,0,35.55269063,-82.98196486,37087.0,765.4412118683505,5.2410901467505235,452,474,25,0,449,469,61971,3,0,0,3,5
2020-08-21,US,North Carolina,Henderson,1627,59,0,35.33788927,-82.4766782,37089.0,1385.6596574601633,3.626306084818685,1568,1620,59,0,1561,1596,116748,7,0,0,7,24
2020-08-21,US,North Carolina,Hertford,437,12,0,36.3607755,-76.98104134,37091.0,1845.6730160070958,2.7459954233409607,425,425,12,0,413,420,23659,12,0,0,12,5
2020-08-21,US,North Carolina,Hoke,797,12,0,35.01888303,-79.23651674,37093.0,1442.9518050476154,1.5056461731493098,785,794,12,0,782,791,54764,3,0,0,3,3
2020-08-21,US,North Carolina,Hyde,69,0,0,35.42017674,-76.15180542,37095.0,1397.6098845452705,0.0,69,64,0,0,64,63,5230,5,0,0,5,1
2020-08-21,US,North Carolina,Iredell,2123,18,0,35.80950511,-80.8743128,37097.0,1167.728237791932,0.8478568064060292,2105,2083,18,0,2065,2050,178435,40,0,0,40,33
2020-08-21,US,North Carolina,Jackson,465,7,0,35.28814273,-83.14093385,37099.0,1058.3094360234875,1.5053763440860215,458,462,7,0,455,465,43327,3,0,0,3,-3
2020-08-21,US,North Carolina,Johnston,3538,48,0,35.51745004,-78.36622717,37101.0,1690.0816379174448,1.3566986998304127,3490,3507,47,0,3460,3469,202675,31,1,0,30,38
2020-08-21,US,North Carolina,Jones,122,4,0,35.02254606,-77.35870791,37103.0,1295.254273277418,3.278688524590164,118,120,4,0,116,118,9637,2,0,0,2,2
2020-08-21,US,North Carolina,Lee,1368,11,0,35.47623147,-79.17569362,37105.0,2214.3446802311464,0.8040935672514621,1357,1362,11,0,1351,1345,61452,6,0,0,6,17
2020-08-21,US,North Carolina,Lenoir,694,11,0,35.24032589999999,-77.64245615,37107.0,1240.4153782909434,1.5850144092219018,683,689,11,0,678,672,55976,5,0,0,5,17
2020-08-21,US,North Carolina,Lincoln,984,10,0,35.48508185,-81.21740317,37109.0,1142.7111518853576,1.0162601626016259,974,966,10,0,956,952,83770,18,0,0,18,14
2020-08-21,US,North Carolina,Macon,497,2,0,35.14867843,-83.41696617,37113.0,1386.0226448770154,0.4024144869215292,495,492,2,0,490,485,35285,5,0,0,5,7
2020-08-21,US,North Carolina,Madison,57,1,0,35.85402722,-82.71346418,37115.0,262.00873362445407,1.7543859649122806,56,52,1,0,51,50,21763,5,0,0,5,2
2020-08-21,US,North Carolina,Martin,298,7,0,35.84326734,-77.10860251,37117.0,1327.9857397504456,2.348993288590604,291,294,7,0,287,290,22671,4,0,0,4,4
2020-08-21,US,North Carolina,McDowell,743,22,0,35.67736232,-82.0482425,37111.0,1623.8307544365766,2.960969044414536,721,735,22,0,713,729,45507,8,0,0,8,6
2020-08-21,US,North Carolina,Mecklenburg,23809,269,0,35.24469268,-80.8317671,37119.0,2144.267244019036,1.1298248561468351,23540,23593,266,0,23327,23434,1093901,216,3,0,213,159
2020-08-21,US,North Carolina,Mitchell,84,3,0,36.01059309,-82.1582442,37121.0,561.3472333600641,3.571428571428572,81,83,3,0,80,82,15000,1,0,0,1,1
2020-08-21,US,North Carolina,Montgomery,753,17,0,35.33155144,-79.90416657,37123.0,2771.1331100724988,2.257636122177955,736,739,16,0,723,725,27271,14,1,0,13,14
2020-08-21,US,North Carolina,Moore,1148,21,0,35.30885257,-79.48474178,37125.0,1137.9857256145915,1.8292682926829267,1127,1132,21,0,1111,1117,98682,16,0,0,16,15
2020-08-21,US,North Carolina,Nash,1419,17,0,35.96575634,-77.98422508,37127.0,1504.8039194892788,1.1980267794221282,1402,1391,17,0,1374,1378,94016,28,0,0,28,13
2020-08-21,US,North Carolina,New Hanover,2803,21,0,34.25758282,-77.87075626,37129.0,1195.4468105069666,0.7491972886193364,2782,2770,21,0,2749,2736,232274,33,0,0,33,34
2020-08-21,US,North Carolina,Northampton,325,17,0,36.41736238,-77.39769443,37131.0,1668.120925935431,5.230769230769232,308,322,16,0,306,320,19676,3,1,0,2,2
2020-08-21,US,North Carolina,Onslow,1313,12,0,34.72607366,-77.42908179,37133.0,663.3390253513728,0.9139375476009141,1301,1280,12,0,1268,1254,197683,33,0,0,33,26
2020-08-21,US,North Carolina,Orange,1734,49,0,36.06092947,-79.12167935,37135.0,1167.8655136183625,2.8258362168396767,1685,1650,49,0,1601,1562,146027,84,0,0,84,88
2020-08-21,US,North Carolina,Pamlico,81,2,0,35.15253315,-76.66559823,37137.0,636.4922206506366,2.469135802469136,79,77,2,0,75,75,12670,4,0,0,4,2
2020-08-21,US,North Carolina,Pasquotank,483,21,0,36.26723798,-76.25134778,37139.0,1212.8364805142628,4.3478260869565215,462,468,21,0,447,464,39639,15,0,0,15,4
2020-08-21,US,North Carolina,Pender,724,4,0,34.52265624,-77.90352133,37141.0,1148.1129083412625,0.5524861878453039,720,716,4,0,712,708,62162,8,0,0,8,8
2020-08-21,US,North Carolina,Perquimans,98,2,0,36.17847453,-76.40603143,37143.0,727.9209685805542,2.0408163265306123,96,97,2,0,95,94,13422,1,0,0,1,3
2020-08-21,US,North Carolina,Person,265,2,0,36.38989032,-78.97217358,37145.0,671.0559635350721,0.7547169811320755,263,259,2,0,257,252,39507,6,0,0,6,7
2020-08-21,US,North Carolina,Pitt,2493,14,0,35.59535426,-77.37353178,37147.0,1379.3141605160947,0.5615724027276374,2479,2404,14,0,2390,2350,179914,89,0,0,89,54
2020-08-21,US,North Carolina,Polk,197,6,0,35.27820615,-82.16812354,37149.0,950.5886894421927,3.045685279187817,191,190,6,0,184,188,20611,7,0,0,7,2
2020-08-21,US,North Carolina,Randolph,2297,42,0,35.71015088,-79.80570339,37151.0,1598.8361975958292,1.8284719198955157,2255,2289,42,0,2247,2280,143351,8,0,0,8,9
2020-08-21,US,North Carolina,Richmond,596,9,0,35.00417719,-79.74491009,37153.0,1329.4965312632448,1.5100671140939597,587,584,9,0,575,575,44887,12,0,0,12,9
2020-08-21,US,North Carolina,Robeson,3155,56,0,34.64244496,-79.10250529999998,37155.0,2415.311004784689,1.7749603803486529,3099,3128,56,0,3072,3102,131831,27,0,0,27,26
2020-08-21,US,North Carolina,Rockingham,667,6,0,36.39593137,-79.77504841,37157.0,732.8864959894518,0.8995502248875562,661,651,6,0,645,637,90690,16,0,0,16,14
2020-08-21,US,North Carolina,Rowan,2466,54,0,35.64003916,-80.52446628,37159.0,1735.5441698102584,2.18978102189781,2412,2443,53,0,2390,2412,141262,23,1,0,22,31
2020-08-21,US,North Carolina,Rutherford,867,17,0,35.40114178,-81.92112099,37161.0,1293.469990601083,1.96078431372549,850,855,17,0,838,844,66826,12,0,0,12,11
2020-08-21,US,North Carolina,Sampson,1541,19,0,34.98820368,-78.36914061,37163.0,2425.587508460437,1.2329656067488644,1522,1531,19,0,1512,1523,63626,10,0,0,10,8
2020-08-21,US,North Carolina,Scotland,534,8,0,34.8386299,-79.4757978,37165.0,1533.4692588231915,1.49812734082397,526,495,7,0,488,470,34810,39,1,0,38,25
2020-08-21,US,North Carolina,Stanly,1345,31,0,35.31647813,-80.25093221,37167.0,2141.515141865427,2.3048327137546467,1314,1300,31,0,1269,1276,62075,45,0,0,45,24
2020-08-21,US,North Carolina,Stokes,314,3,0,36.4017975,-80.23893369,37169.0,688.7324252593712,0.9554140127388536,311,310,3,0,307,308,45467,4,0,0,4,2
2020-08-21,US,North Carolina,Surry,1062,11,0,36.41689489,-80.69102283,37171.0,1479.4589248150671,1.0357815442561205,1051,1041,11,0,1030,1019,71948,21,0,0,21,22
2020-08-21,US,North Carolina,Swain,123,3,0,35.48665845,-83.48748932,37173.0,861.887744376708,2.4390243902439024,120,123,2,0,121,123,14245,0,1,0,-1,0
2020-08-21,US,North Carolina,Transylvania,206,1,0,35.20383864,-82.79638423,37175.0,599.0984440889922,0.4854368932038835,205,180,1,0,179,175,34215,26,0,0,26,5
2020-08-21,US,North Carolina,Tyrrell,103,2,0,35.87147226,-76.17055253,37177.0,2564.741035856573,1.9417475728155342,101,103,2,0,101,103,4131,0,0,0,0,0
2020-08-21,US,North Carolina,Union,3600,47,0,34.98960527,-80.52955873,37179.0,1500.8817680387228,1.3055555555555556,3553,3551,47,0,3504,3475,235908,49,0,0,49,76
2020-08-21,US,North Carolina,Vance,841,41,0,36.36880673,-78.40670845,37181.0,1888.4023801504434,4.875148632580262,800,832,41,0,791,821,44582,9,0,0,9,11
2020-08-21,US,North Carolina,Wake,13362,188,0,35.78879266,-78.65249174,37183.0,1201.8770221297564,1.4069750037419548,13174,13163,187,0,12976,12951,1092305,199,1,0,198,212
2020-08-21,US,North Carolina,Warren,278,6,0,36.39728256,-78.10652228,37185.0,1408.9503826465964,2.1582733812949644,272,277,6,0,271,274,19807,1,0,0,1,3
2020-08-21,US,North Carolina,Washington,156,4,0,35.83810081,-76.57299037,37187.0,1347.1502590673574,2.5641025641025643,152,155,4,0,151,153,11859,1,0,0,1,2
2020-08-21,US,North Carolina,Watauga,367,0,0,36.23103603,-81.70033724,37189.0,653.2922726382683,0.0,367,358,0,0,358,349,55945,9,0,0,9,9
2020-08-21,US,North Carolina,Wayne,2634,44,0,35.36438125,-78.00027268,37191.0,2139.1850955486434,1.6704631738800304,2590,2618,44,0,2574,2583,123248,16,0,0,16,35
2020-08-21,US,North Carolina,Wilkes,956,19,0,36.2084135,-81.16232895,37193.0,1397.4156580716833,1.9874476987447696,937,945,19,0,926,933,68557,11,0,0,11,12
2020-08-21,US,North Carolina,Wilson,1620,36,0,35.70625477,-77.917978,37195.0,1980.4158873363406,2.2222222222222223,1584,1604,36,0,1568,1584,81455,16,0,0,16,20
2020-08-21,US,North Carolina,Yadkin,594,7,0,36.16222629,-80.66239436,37197.0,1576.9771948920807,1.1784511784511784,587,587,7,0,580,584,37543,7,0,0,7,3
2020-08-21,US,North Carolina,Yancey,86,0,0,35.90079156,-82.31237181,37199.0,475.95329016547686,0.0,86,83,0,0,83,83,17903,3,0,0,3,0
2020-08-21,US,North Dakota,Adams,5,0,0,46.09686891,-102.5285397,38001.0,225.6317689530686,0.0,5,5,0,0,5,5,2294,0,0,0,0,0
2020-08-21,US,North Dakota,Barnes,51,0,0,46.93579637,-98.06605978,38003.0,489.67834853576574,0.0,51,48,0,0,48,48,10542,3,0,0,3,0
2020-08-21,US,North Dakota,Benson,202,3,0,48.0683985,-99.35916363,38005.0,2956.674473067916,1.4851485148514851,199,197,2,0,195,177,6962,5,1,0,4,20
2020-08-21,US,North Dakota,Billings,3,0,0,47.02366884,-103.3762965,38007.0,323.27586206896547,0.0,3,3,0,0,3,3,919,0,0,0,0,0
2020-08-21,US,North Dakota,Bottineau,23,0,0,48.79106111,-100.8378166,38009.0,366.1254377586756,0.0,23,24,0,0,24,23,6411,-1,0,0,-1,1
2020-08-21,US,North Dakota,Bowman,15,0,0,46.11285362,-103.5203343,38011.0,496.03174603174597,0.0,15,14,0,0,14,14,3076,1,0,0,1,0
2020-08-21,US,North Dakota,Burke,24,1,0,48.79094471,-102.51821170000001,38013.0,1134.7517730496456,4.166666666666667,23,24,0,0,24,24,2100,0,1,0,-1,0
2020-08-21,US,North Dakota,Burleigh,1625,12,0,46.97847375,-100.46452140000001,38015.0,1699.3286344717965,0.7384615384615385,1613,1552,12,0,1540,1502,95273,73,0,0,73,50
2020-08-21,US,North Dakota,Cass,3223,76,0,46.93201724,-97.24447190000001,38017.0,1771.6286560797698,2.358051504809184,3147,3203,76,0,3127,3182,181516,20,0,0,20,21
2020-08-21,US,North Dakota,Cavalier,31,0,0,48.77286211,-98.46685243,38019.0,824.0297713981925,0.0,31,31,0,0,31,31,3829,0,0,0,0,0
2020-08-21,US,North Dakota,Dickey,15,0,0,46.11017712,-98.50490079999999,38021.0,307.88177339901483,0.0,15,15,0,0,15,14,4903,0,0,0,0,1
2020-08-21,US,North Dakota,Divide,5,0,0,48.814938700000006,-103.48736109999999,38023.0,220.84805653710248,0.0,5,5,0,0,5,5,2283,0,0,0,0,0
2020-08-21,US,North Dakota,Dunn,37,0,0,47.35423935,-102.61604679999999,38025.0,836.3471971066907,0.0,37,36,0,0,36,33,4332,1,0,0,1,3
2020-08-21,US,North Dakota,Eddy,22,0,0,47.71701474,-98.90432337,38027.0,961.9588981198076,0.0,22,22,0,0,22,21,2313,0,0,0,0,1
2020-08-21,US,North Dakota,Emmons,24,1,0,46.28398398,-100.2389766,38029.0,740.5121875964209,4.166666666666667,23,24,1,0,23,23,3295,0,0,0,0,1
2020-08-21,US,North Dakota,Foster,27,0,0,47.457108399999996,-98.88279923,38031.0,841.1214953271028,0.0,27,26,0,0,26,26,3216,1,0,0,1,0
2020-08-21,US,North Dakota,Golden Valley,15,0,0,46.94022281,-103.8465421,38033.0,851.7887563884157,0.0,15,15,0,0,15,14,1769,0,0,0,0,1
2020-08-21,US,North Dakota,Grand Forks,903,10,0,47.92093639,-97.45450447,38035.0,1300.1972613785258,1.1074197120708749,893,858,10,0,848,827,70770,45,0,0,45,31
2020-08-21,US,North Dakota,Grant,5,0,0,46.35821257,-101.63900129999999,38037.0,219.87686895338607,0.0,5,4,0,0,4,4,2374,1,0,0,1,0
2020-08-21,US,North Dakota,Griggs,38,1,0,47.45785838,-98.23850925,38039.0,1703.2720753025546,2.631578947368421,37,38,1,0,37,38,2232,0,0,0,0,0
2020-08-21,US,North Dakota,Hettinger,10,0,0,46.43375068,-102.4632417,38041.0,400.16006402561027,0.0,10,10,0,0,10,8,2514,0,0,0,0,2
2020-08-21,US,North Dakota,Kidder,24,0,0,46.97830064,-99.77507857,38043.0,967.741935483871,0.0,24,24,0,0,24,24,2450,0,0,0,0,0
2020-08-21,US,North Dakota,LaMoure,17,0,0,46.45681054,-98.53542355,38045.0,420.16806722689074,0.0,17,16,0,0,16,16,4062,1,0,0,1,0
2020-08-21,US,North Dakota,Logan,7,0,0,46.45729487,-99.47719806,38047.0,378.3783783783784,0.0,7,7,0,0,7,7,1903,0,0,0,0,0
2020-08-21,US,North Dakota,McHenry,25,1,0,48.23104458,-100.6324822,38049.0,435.16100957354223,4.0,24,25,1,0,24,25,5816,0,0,0,0,0
2020-08-21,US,North Dakota,McIntosh,43,2,0,46.11182017,-99.44145858,38051.0,1722.0664797757308,4.651162790697675,41,42,2,0,40,42,2585,1,0,0,1,0
2020-08-21,US,North Dakota,McKenzie,96,2,0,47.74133370000001,-103.395905,38053.0,638.9776357827476,2.083333333333333,94,94,2,0,92,94,13632,2,0,0,2,0
2020-08-21,US,North Dakota,McLean,116,1,0,47.60766714,-101.3182418,38055.0,1227.5132275132275,0.8620689655172413,115,113,1,0,112,108,9541,3,0,0,3,5
2020-08-21,US,North Dakota,Mercer,35,0,0,47.31213126,-101.8318399,38057.0,427.507023329669,0.0,35,34,0,0,34,34,8267,1,0,0,1,0
2020-08-21,US,North Dakota,Morton,516,4,0,46.71681782,-101.2822377,38059.0,1645.1983165412576,0.7751937984496124,512,498,4,0,494,484,31095,18,0,0,18,14
2020-08-21,US,North Dakota,Mountrail,159,1,0,48.20197971,-102.3555315,38061.0,1507.823613086771,0.6289308176100629,158,156,1,0,155,156,10218,3,0,0,3,0
2020-08-21,US,North Dakota,Nelson,27,0,0,47.9226426,-98.19038437,38063.0,937.8256339006599,0.0,27,27,0,0,27,27,2869,0,0,0,0,0
2020-08-21,US,North Dakota,Oliver,7,0,0,47.11530482,-101.3406158,38065.0,357.32516590096986,0.0,7,7,0,0,7,7,1952,0,0,0,0,0
2020-08-21,US,North Dakota,Pembina,27,0,0,48.76623521,-97.5523809,38067.0,397.00044111160116,0.0,27,27,0,0,27,27,6947,0,0,0,0,0
2020-08-21,US,North Dakota,Pierce,21,0,0,48.24977025,-99.96407787,38069.0,528.3018867924528,0.0,21,20,0,0,20,18,4081,1,0,0,1,2
2020-08-21,US,North Dakota,Ramsey,98,2,0,48.26886249,-98.72223879,38071.0,850.7682958590158,2.0408163265306123,96,95,2,0,93,89,11481,3,0,0,3,6
2020-08-21,US,North Dakota,Ransom,33,0,0,46.45621782,-97.65742504,38073.0,632.4262169413569,0.0,33,31,0,0,31,30,5237,2,0,0,2,1
2020-08-21,US,North Dakota,Renville,10,0,0,48.71982533,-101.6603912,38075.0,429.7378599054577,0.0,10,10,0,0,10,10,2374,0,0,0,0,0
2020-08-21,US,North Dakota,Richland,121,1,0,46.26440649,-96.94852979,38077.0,747.9755208011377,0.8264462809917356,120,119,1,0,118,119,16239,2,0,0,2,0
2020-08-21,US,North Dakota,Rolette,97,0,0,48.77245354,-99.84097493,38079.0,684.255079006772,0.0,97,92,0,0,92,92,14301,5,0,0,5,0
2020-08-21,US,North Dakota,Sargent,10,0,0,46.10830372,-97.63217159,38081.0,256.5418163160595,0.0,10,10,0,0,10,10,3870,0,0,0,0,0
2020-08-21,US,North Dakota,Sheridan,9,0,0,47.57700669,-100.3426391,38083.0,684.4106463878327,0.0,9,9,0,0,9,9,1349,0,0,0,0,0
2020-08-21,US,North Dakota,Sioux,106,2,0,46.11323337,-101.04401490000001,38085.0,2505.9101654846336,1.8867924528301887,104,106,2,0,104,104,4358,0,0,0,0,2
2020-08-21,US,North Dakota,Slope,5,0,0,46.44737738,-103.4601547,38087.0,666.6666666666666,0.0,5,5,0,0,5,4,763,0,0,0,0,1
2020-08-21,US,North Dakota,Stark,491,6,0,46.80851182,-102.65763259999999,38089.0,1559.274667344152,1.2219959266802445,485,483,6,0,477,418,30997,8,0,0,8,65
2020-08-21,US,North Dakota,Steele,17,0,0,47.45611548,-97.72728747,38091.0,899.4708994708992,0.0,17,16,0,0,16,16,1903,1,0,0,1,0
2020-08-21,US,North Dakota,Stutsman,135,3,0,46.97962541,-98.95637318,38093.0,652.0479134466771,2.2222222222222223,132,134,3,0,131,131,20917,1,0,0,1,3
2020-08-21,US,North Dakota,Towner,6,0,0,48.68565745,-99.24564265,38095.0,274.09776153494744,0.0,6,6,0,0,6,6,2192,0,0,0,0,0
2020-08-21,US,North Dakota,Traill,67,0,0,47.45367788,-97.16323288,38097.0,833.7481333997014,0.0,67,65,0,0,65,64,8037,2,0,0,2,1
2020-08-21,US,North Dakota,Walsh,137,0,0,48.36876964,-97.72574783,38099.0,1287.472981862607,0.0,137,132,0,0,132,127,10667,5,0,0,5,5
2020-08-21,US,North Dakota,Ward,363,1,0,48.22390169,-101.54367629999999,38101.0,536.656761431676,0.27548209366391185,362,343,1,0,342,309,67744,20,0,0,20,34
2020-08-21,US,North Dakota,Wells,27,0,0,47.58614526,-99.65904998,38103.0,704.2253521126761,0.0,27,26,0,0,26,26,3957,1,0,0,1,0
2020-08-21,US,North Dakota,Williams,319,2,0,48.34522353,-103.4793387,38105.0,848.6525313256537,0.6269592476489029,317,316,2,0,314,313,35350,3,0,0,3,3
2020-08-21,US,Ohio,Adams,83,3,0,38.84541072,-83.4718964,39001.0,299.66062531590734,3.614457831325301,80,79,3,0,76,77,27724,4,0,0,4,2
2020-08-21,US,Ohio,Allen,962,47,0,40.77285242,-84.10802343,39003.0,939.9028832156012,4.885654885654887,915,945,47,0,898,914,102663,17,0,0,17,31
2020-08-21,US,Ohio,Ashland,162,3,0,40.84772277,-82.27280781,39005.0,302.89432353601075,1.851851851851852,159,162,3,0,159,162,53745,0,0,0,0,0
2020-08-21,US,Ohio,Ashtabula,592,46,0,41.70860332,-80.74830218,39007.0,608.7967009800392,7.77027027027027,546,591,46,0,545,590,97493,1,0,0,1,1
2020-08-21,US,Ohio,Athens,370,2,0,39.33425634,-82.04278644,39009.0,566.3814349350192,0.5405405405405406,368,369,2,0,367,368,65818,1,0,0,1,1
2020-08-21,US,Ohio,Auglaize,340,8,0,40.55998859,-84.22421429999999,39011.0,744.6994918521115,2.3529411764705883,332,333,8,0,325,320,45804,7,0,0,7,13
2020-08-21,US,Ohio,Belmont,671,26,0,40.01625942,-80.9924051,39013.0,1001.4028594454228,3.8748137108792853,645,666,26,0,640,649,67505,5,0,0,5,17
2020-08-21,US,Ohio,Brown,183,2,0,38.93416837,-83.86788395,39015.0,421.3483146067416,1.0928961748633879,181,182,2,0,180,179,43602,1,0,0,1,3
2020-08-21,US,Ohio,Butler,3374,69,0,39.44012838,-84.57388716,39017.0,880.6318416011109,2.0450503852993482,3305,3333,69,0,3264,3301,382378,41,0,0,41,32
2020-08-21,US,Ohio,Carroll,121,6,0,40.578968599999996,-81.09178213,39019.0,449.58014416288916,4.958677685950414,115,119,6,0,113,118,27081,2,0,0,2,1
2020-08-21,US,Ohio,Champaign,227,2,0,40.13923427,-83.76875242,39021.0,583.7726629805837,0.8810572687224669,225,223,2,0,221,219,38754,4,0,0,4,4
2020-08-21,US,Ohio,Clark,1312,19,0,39.91592258,-83.78498252,39023.0,978.4983927865576,1.4481707317073171,1293,1307,17,0,1290,1291,134585,5,2,0,3,16
2020-08-21,US,Ohio,Clermont,1117,13,0,39.04847534,-84.15375786,39025.0,541.1087643149185,1.1638316920322291,1104,1100,12,0,1088,1081,205466,17,1,0,16,19
2020-08-21,US,Ohio,Clinton,203,6,0,39.41485808,-83.80852286,39027.0,483.7018680899733,2.955665024630542,197,196,6,0,190,192,42057,7,0,0,7,4
2020-08-21,US,Ohio,Columbiana,1755,63,0,40.76932373,-80.78094576,39029.0,1722.5641176643796,3.58974358974359,1692,1746,63,0,1683,1737,102665,9,0,0,9,9
2020-08-21,US,Ohio,Coshocton,209,9,0,40.30096166,-81.91729018,39031.0,571.0382513661202,4.30622009569378,200,208,9,0,199,204,36629,1,0,0,1,4
2020-08-21,US,Ohio,Crawford,187,5,0,40.85065156,-82.91989099,39033.0,450.66756639514153,2.6737967914438503,182,185,5,0,180,184,41550,2,0,0,2,1
2020-08-21,US,Ohio,Cuyahoga,14774,552,0,41.424119,-81.65918339,39035.0,1196.2055653435589,3.736293488560985,14222,14673,544,0,14129,14585,1243857,101,8,0,93,88
2020-08-21,US,Ohio,Darke,516,31,0,40.13412966,-84.6194517,39037.0,1009.5279087511984,6.007751937984496,485,505,31,0,474,498,51323,11,0,0,11,7
2020-08-21,US,Ohio,Defiance,184,4,0,41.32398837,-84.49076944,39039.0,483.1044713419277,2.1739130434782608,180,184,4,0,180,180,38165,0,0,0,0,4
2020-08-21,US,Ohio,Delaware,1483,20,0,40.27942393,-83.00457058,39041.0,708.9689593024091,1.3486176668914365,1463,1469,19,0,1450,1457,204826,14,1,0,13,12
2020-08-21,US,Ohio,Erie,693,33,0,41.36796058,-82.62904521,39043.0,933.1322543290337,4.761904761904762,660,677,33,0,644,672,74615,16,0,0,16,5
2020-08-21,US,Ohio,Fairfield,1561,37,0,39.75107189,-82.63088163,39045.0,990.6456648939546,2.3702754644458683,1524,1538,37,0,1501,1530,155782,23,0,0,23,8
2020-08-21,US,Ohio,Fayette,166,0,0,39.56021306,-83.4562016,39047.0,581.9456617002629,0.0,166,147,0,0,147,142,28666,19,0,0,19,5
2020-08-21,US,Ohio,Franklin,20316,551,0,39.96995815,-83.01115755,39049.0,1542.8826601131873,2.712148060641858,19765,20150,547,0,19603,19980,1310300,166,4,0,162,170
2020-08-21,US,Ohio,Fulton,169,1,0,41.60213491,-84.12571393,39051.0,401.17742012059057,0.591715976331361,168,169,1,0,168,166,42276,0,0,0,0,3
2020-08-21,US,Ohio,Gallia,101,2,0,38.82708533,-82.31647569,39053.0,337.81523847749014,1.98019801980198,99,100,2,0,98,92,29979,1,0,0,1,8
2020-08-21,US,Ohio,Geauga,588,46,0,41.49952319,-81.17935342,39055.0,627.8764322096339,7.82312925170068,542,586,46,0,540,583,94031,2,0,0,2,3
2020-08-21,US,Ohio,Greene,854,14,0,39.69116283,-83.89032084,39057.0,505.51388979323656,1.639344262295082,840,842,14,0,828,821,167995,12,0,0,12,21
2020-08-21,US,Ohio,Guernsey,126,7,0,40.05026529,-81.49248905,39059.0,324.1157556270097,5.5555555555555545,119,124,7,0,117,122,39022,2,0,0,2,2
2020-08-21,US,Ohio,Hamilton,10437,276,0,39.19673558,-84.54502924,39061.0,1276.739415246742,2.644438056912906,10161,10362,274,0,10088,10314,816684,75,2,0,73,48
2020-08-21,US,Ohio,Hancock,461,5,0,41.00250487,-83.66838948,39063.0,608.3158492010082,1.084598698481562,456,457,4,0,453,452,75930,4,1,0,3,5
2020-08-21,US,Ohio,Hardin,199,12,0,40.66015414,-83.65929931,39065.0,634.4651681810935,6.030150753768845,187,195,12,0,183,194,31480,4,0,0,4,1
2020-08-21,US,Ohio,Harrison,28,1,0,40.29380509,-81.09068544,39067.0,186.17021276595744,3.571428571428572,27,28,1,0,27,27,15174,0,0,0,0,1
2020-08-21,US,Ohio,Henry,150,2,0,41.333964200000004,-84.06830637,39069.0,555.4321261941792,1.3333333333333333,148,144,2,0,142,139,27086,6,0,0,6,5
2020-08-21,US,Ohio,Highland,181,3,0,39.1839264,-83.60331456,39071.0,419.3600704339566,1.6574585635359116,178,180,3,0,177,176,43058,1,0,0,1,4
2020-08-21,US,Ohio,Hocking,130,9,0,39.49537927,-82.47991446,39073.0,459.9490517973394,6.9230769230769225,121,130,9,0,121,129,28385,0,0,0,0,1
2020-08-21,US,Ohio,Holmes,339,7,0,40.56163713,-81.92635677,39075.0,771.1555959963604,2.0648967551622417,332,339,7,0,332,339,43892,0,0,0,0,0
2020-08-21,US,Ohio,Huron,459,6,0,41.14651175,-82.59867951,39077.0,787.7664504170531,1.30718954248366,453,425,6,0,419,425,58504,34,0,0,34,0
2020-08-21,US,Ohio,Jackson,108,0,0,39.01914254,-82.61818559999998,39079.0,333.1996421189029,0.0,108,102,0,0,102,91,32384,6,0,0,6,11
2020-08-21,US,Ohio,Jefferson,260,4,0,40.38614126,-80.76259514,39081.0,398.0099502487562,1.5384615384615383,256,259,4,0,255,257,65767,1,0,0,1,2
2020-08-21,US,Ohio,Knox,232,13,0,40.39830217,-82.42027563,39083.0,372.2601970411732,5.603448275862068,219,232,13,0,219,231,61893,0,0,0,0,1
2020-08-21,US,Ohio,Lake,1225,44,0,41.69710807,-81.23676539,39085.0,532.2638812247718,3.591836734693877,1181,1216,45,0,1171,1205,230514,9,-1,0,10,11
2020-08-21,US,Ohio,Lawrence,387,6,0,38.59743452,-82.53466552,39087.0,650.8248827001664,1.5503875968992251,381,380,6,0,374,367,59866,7,0,0,7,13
2020-08-21,US,Ohio,Licking,1484,55,0,40.09136236,-82.48185785,39089.0,839.0722710361753,3.7061994609164417,1429,1469,55,0,1414,1457,175769,15,0,0,15,12
2020-08-21,US,Ohio,Logan,206,2,0,40.38996525,-83.76784341,39091.0,451.0422140479944,0.9708737864077671,204,201,2,0,199,196,45358,5,0,0,5,5
2020-08-21,US,Ohio,Lorain,1976,80,0,41.29553751,-82.15083537,39093.0,637.7629238977128,4.048582995951417,1896,1965,79,0,1886,1959,309461,11,1,0,10,6
2020-08-21,US,Ohio,Lucas,5981,337,0,41.62101218,-83.65468618,39095.0,1396.2946015856269,5.634509279384719,5644,5909,333,0,5576,5843,429899,72,4,0,68,66
2020-08-21,US,Ohio,Madison,632,11,0,39.89381073,-83.40178317,39097.0,1412.8903892155329,1.7405063291139242,621,628,11,0,617,605,44413,4,0,0,4,23
2020-08-21,US,Ohio,Mahoning,2741,262,0,41.01631101,-80.77287029,39099.0,1198.6024321877885,9.558555271798612,2479,2729,262,0,2467,2710,229642,12,0,0,12,19
2020-08-21,US,Ohio,Marion,2974,45,0,40.58610662,-83.15736305,39101.0,4568.847648748712,1.5131136516476127,2929,2974,46,0,2928,2970,65256,0,-1,0,1,4
2020-08-21,US,Ohio,Medina,1052,36,0,41.11770589,-81.89986209999998,39103.0,585.2703259043317,3.4220532319391634,1016,1038,36,0,1002,1027,179146,14,0,0,14,11
2020-08-21,US,Ohio,Meigs,75,0,0,39.09224872,-82.0305041,39105.0,327.4108351159033,0.0,75,74,0,0,74,74,23106,1,0,0,1,0
2020-08-21,US,Ohio,Mercer,741,14,0,40.54043046,-84.62912742,39107.0,1799.7668318274555,1.889338731443995,727,733,14,0,719,720,40959,8,0,0,8,13
2020-08-21,US,Ohio,Miami,974,40,0,40.0543329,-84.22871271,39109.0,910.3909820819352,4.106776180698152,934,964,40,0,924,943,106222,10,0,0,10,21
2020-08-21,US,Ohio,Monroe,101,18,0,39.72984936,-81.08464734,39111.0,739.7099750988722,17.821782178217823,83,101,18,0,83,100,13790,0,0,0,0,1
2020-08-21,US,Ohio,Montgomery,4908,115,0,39.75394919,-84.29050975,39113.0,923.0994927466724,2.3431132844335782,4793,4853,114,0,4739,4783,532331,55,1,0,54,70
2020-08-21,US,Ohio,Morgan,40,0,0,39.62081738,-81.85308173,39115.0,275.709953129308,0.0,40,39,0,0,39,36,14604,1,0,0,1,3
2020-08-21,US,Ohio,Morrow,209,2,0,40.52363560000001,-82.7892599,39117.0,591.598731884058,0.9569377990430622,207,204,2,0,202,199,35112,5,0,0,5,5
2020-08-21,US,Ohio,Muskingum,290,1,0,39.96575964,-81.94363275,39119.0,336.368381372151,0.3448275862068966,289,289,1,0,288,285,86183,1,0,0,1,4
2020-08-21,US,Ohio,Noble,22,0,0,39.76818851,-81.45937183,39121.0,152.52357182473656,0.0,22,21,0,0,21,20,14354,1,0,0,1,1
2020-08-21,US,Ohio,Ottawa,432,28,0,41.53781826,-83.0940185,39123.0,1066.0086366440469,6.481481481481483,404,432,28,0,404,429,40769,0,0,0,0,3
2020-08-21,US,Ohio,Paulding,76,0,0,41.11676341,-84.5801017,39125.0,407.0265638389032,0.0,76,76,0,0,76,75,18760,0,0,0,0,1
2020-08-21,US,Ohio,Perry,192,5,0,39.73508655,-82.23804971,39127.0,531.3555100459402,2.6041666666666665,187,187,5,0,182,185,36033,5,0,0,5,2
2020-08-21,US,Ohio,Pickaway,2443,42,0,39.64170392,-83.0243386,39129.0,4179.140222727817,1.7191977077363896,2401,2438,42,0,2396,2431,58086,5,0,0,5,7
2020-08-21,US,Ohio,Pike,90,0,0,39.07634001,-83.06769584,39131.0,324.0674060204522,0.0,90,90,0,0,90,87,28067,0,0,0,0,3
2020-08-21,US,Ohio,Portage,807,65,0,41.16793482,-81.19735782,39133.0,496.71931357945664,8.054522924411401,742,804,65,0,739,798,162927,3,0,0,3,6
2020-08-21,US,Ohio,Preble,298,2,0,39.7420247,-84.64787018,39135.0,728.927156205665,0.6711409395973155,296,289,2,0,287,270,40997,9,0,0,9,19
2020-08-21,US,Ohio,Putnam,248,17,0,41.02094889,-84.1336111,39137.0,732.4060128171053,6.854838709677418,231,242,17,0,225,242,33780,6,0,0,6,0
2020-08-21,US,Ohio,Richland,665,15,0,40.77180308,-82.53799609999999,39139.0,548.8881918880103,2.255639097744361,650,661,15,0,646,659,121099,4,0,0,4,2
2020-08-21,US,Ohio,Ross,598,6,0,39.33705391,-83.06000914,39141.0,780.0067826676753,1.0033444816053512,592,592,6,0,586,565,76931,6,0,0,6,27
2020-08-21,US,Ohio,Sandusky,469,17,0,41.35624126,-83.137872,39143.0,801.4627977716258,3.6247334754797436,452,492,17,0,475,480,58799,-23,0,0,-23,12
2020-08-21,US,Ohio,Scioto,299,1,0,38.80270163,-82.98907345,39145.0,397.00454098839515,0.33444816053511706,298,285,1,0,284,282,75502,14,0,0,14,3
2020-08-21,US,Ohio,Seneca,282,10,0,41.12351311,-83.12783209,39147.0,511.0732538330494,3.5460992907801416,272,279,10,0,269,270,55207,3,0,0,3,9
2020-08-21,US,Ohio,Shelby,279,4,0,40.33163494,-84.20258189,39149.0,574.1922206215271,1.4336917562724014,275,272,4,0,268,265,48627,7,0,0,7,7
2020-08-21,US,Ohio,Stark,2109,147,0,40.81482476,-81.36437305,39151.0,569.0679589645067,6.970128022759602,1962,2091,146,0,1945,2065,371574,18,1,0,17,26
2020-08-21,US,Ohio,Summit,3980,231,0,41.12464734,-81.53123079,39153.0,735.6569990000238,5.8040201005025125,3749,3937,231,0,3706,3874,541918,43,0,0,43,63
2020-08-21,US,Ohio,Trumbull,1684,114,0,41.31735028,-80.76109643,39155.0,850.6167476537323,6.7695961995249405,1570,1675,114,0,1561,1662,198627,9,0,0,9,13
2020-08-21,US,Ohio,Tuscarawas,822,15,0,40.44214695,-81.47226262,39157.0,893.6045310750432,1.8248175182481752,807,818,15,0,803,818,92176,4,0,0,4,0
2020-08-21,US,Ohio,Union,317,1,0,40.30016061,-83.37239023,39159.0,537.3974367668002,0.3154574132492113,316,312,1,0,311,309,57835,5,0,0,5,3
2020-08-21,US,Ohio,Van Wert,77,2,0,40.8554138,-84.59111700000003,39161.0,272.32537577365156,2.5974025974025974,75,78,2,0,76,76,28281,-1,0,0,-1,2
2020-08-21,US,Ohio,Vinton,35,2,0,39.25208988,-82.4831444,39163.0,267.48184944593044,5.7142857142857135,33,35,2,0,33,35,13139,0,0,0,0,0
2020-08-21,US,Ohio,Warren,2067,41,0,39.42581994,-84.16557457,39165.0,881.0666575732517,1.9835510401548135,2026,2034,41,0,1993,2009,232173,33,0,0,33,25
2020-08-21,US,Ohio,Washington,222,23,0,39.45690571,-81.49121382,39167.0,370.5496486454908,10.360360360360358,199,218,23,0,195,217,60155,4,0,0,4,1
2020-08-21,US,Ohio,Wayne,630,61,0,40.82925852,-81.88844833,39169.0,544.464609800363,9.682539682539682,569,618,60,0,558,610,115967,12,1,0,11,8
2020-08-21,US,Ohio,Williams,145,3,0,41.56052014,-84.58429552,39171.0,395.1815109560668,2.0689655172413794,142,143,3,0,140,143,36804,2,0,0,2,0
2020-08-21,US,Ohio,Wood,1206,60,0,41.36224827,-83.62285108,39173.0,921.8985300075676,4.975124378109452,1146,1186,59,0,1127,1168,130696,20,1,0,19,18
2020-08-21,US,Ohio,Wyandot,173,10,0,40.84339621,-83.30734173,39175.0,794.5985669667463,5.780346820809249,163,171,10,0,161,170,21935,2,0,0,2,1
2020-08-21,US,Oklahoma,Adair,395,6,0,35.88494195,-94.65859267,40001.0,1779.760295575381,1.5189873417721518,389,400,6,0,394,385,22082,-5,0,0,-5,15
2020-08-21,US,Oklahoma,Alfalfa,7,0,0,36.73090616,-98.32408495,40003.0,122.7639424763241,0.0,7,6,0,0,6,6,5754,1,0,0,1,0
2020-08-21,US,Oklahoma,Atoka,91,1,0,34.37366573,-96.03802487,40005.0,661.43334787033,1.0989010989010992,90,90,1,0,89,89,13838,1,0,0,1,1
2020-08-21,US,Oklahoma,Beaver,41,0,0,36.7496847,-100.4758872,40007.0,771.9826774618716,0.0,41,40,0,0,40,40,5319,1,0,0,1,0
2020-08-21,US,Oklahoma,Beckham,109,1,0,35.26862449,-99.68128023,40009.0,498.6504414657578,0.9174311926605504,108,103,1,0,102,102,21709,6,0,0,6,1
2020-08-21,US,Oklahoma,Blaine,53,0,0,35.87518314,-98.43307003,40011.0,562.0956623183795,0.0,53,50,0,0,50,46,9485,3,0,0,3,4
2020-08-21,US,Oklahoma,Bryan,538,3,0,33.96472458,-96.25903472,40013.0,1120.9500989686426,0.5576208178438662,535,532,3,0,529,522,47192,6,0,0,6,10
2020-08-21,US,Oklahoma,Caddo,499,20,0,35.17364557,-98.37534464,40015.0,1734.9280300396356,4.008016032064128,479,492,20,0,472,483,28977,7,0,0,7,9
2020-08-21,US,Oklahoma,Canadian,1393,9,0,35.5426055,-97.98465569,40017.0,939.2742033363452,0.6460875807609476,1384,1361,9,0,1352,1347,144447,32,0,0,32,14
2020-08-21,US,Oklahoma,Carter,388,6,0,34.25103751,-97.28552485,40019.0,806.4683752156471,1.5463917525773196,382,375,5,0,370,375,48177,13,1,0,12,0
2020-08-21,US,Oklahoma,Cherokee,562,3,0,35.90692775,-94.99980896,40021.0,1155.023943111988,0.5338078291814946,559,569,2,0,567,531,48675,-7,1,0,-8,38
2020-08-21,US,Oklahoma,Choctaw,218,1,0,34.02807439,-95.54771129,40023.0,1485.8233369683746,0.4587155963302753,217,211,1,0,210,209,14668,7,0,0,7,2
2020-08-21,US,Oklahoma,Cimarron,14,0,0,36.74817177,-102.5173885,40025.0,655.1240056153488,0.0,14,14,0,0,14,14,2153,0,0,0,0,0
2020-08-21,US,Oklahoma,Cleveland,3469,62,0,35.20413532,-97.32519562,40027.0,1221.4186624603012,1.7872585759584896,3407,3399,62,0,3337,3336,281669,70,0,0,70,63
2020-08-21,US,Oklahoma,Coal,46,0,0,34.58840127,-96.29798747,40029.0,837.1246587807096,0.0,46,46,0,0,46,46,5520,0,0,0,0,0
2020-08-21,US,Oklahoma,Comanche,987,11,0,34.65973764,-98.47195055,40031.0,817.3980736900513,1.1144883485309016,976,923,11,0,912,905,120422,64,0,0,64,18
2020-08-21,US,Oklahoma,Cotton,22,2,0,34.28845626,-98.37053567,40033.0,388.2809742322626,9.090909090909092,20,22,2,0,20,21,5776,0,0,0,0,1
2020-08-21,US,Oklahoma,Craig,98,1,0,36.76268118,-95.20916602,40035.0,692.9712911893649,1.020408163265306,97,97,1,0,96,95,14306,1,0,0,1,2
2020-08-21,US,Oklahoma,Creek,735,19,0,35.90230551,-96.37086028,40037.0,1027.6558261793573,2.5850340136054424,716,721,19,0,702,711,71604,14,0,0,14,10
2020-08-21,US,Oklahoma,Custer,257,0,0,35.63853802,-99.00170785,40039.0,886.1152294590213,0.0,257,249,0,0,249,247,29036,8,0,0,8,2
2020-08-21,US,Oklahoma,Delaware,493,20,0,36.40823634,-94.80325046,40041.0,1146.2717105722058,4.056795131845842,473,493,20,0,473,480,42733,0,0,0,0,13
2020-08-21,US,Oklahoma,Dewey,18,0,0,35.98772922,-99.00730714,40043.0,368.02289920261705,0.0,18,19,0,0,19,14,4894,-1,0,0,-1,5
2020-08-21,US,Oklahoma,Ellis,6,0,0,36.218019399999996,-99.75324573,40045.0,155.48069448043537,0.0,6,6,0,0,6,5,3952,0,0,0,0,1
2020-08-21,US,Oklahoma,Garfield,704,9,0,36.3791334,-97.78265517,40047.0,1153.0398322851156,1.2784090909090908,695,671,9,0,662,656,60913,33,0,0,33,15
2020-08-21,US,Oklahoma,Garvin,250,4,0,34.70418038,-97.30811132,40049.0,902.1688138284436,1.6,246,250,4,0,246,248,27811,0,0,0,0,2
2020-08-21,US,Oklahoma,Grady,489,7,0,35.0167709,-97.88339847,40051.0,875.8104380843214,1.4314928425357871,482,481,7,0,474,478,55551,8,0,0,8,3
2020-08-21,US,Oklahoma,Grant,18,0,0,36.796296999999996,-97.78638765,40053.0,415.4165705054235,0.0,18,18,0,0,18,17,4326,0,0,0,0,1
2020-08-21,US,Oklahoma,Greer,84,8,0,34.93535801,-99.56056120000001,40055.0,1470.588235294117,9.523809523809524,76,84,8,0,76,84,5821,0,0,0,0,0
2020-08-21,US,Oklahoma,Harmon,36,0,0,34.7440135,-99.84741652,40057.0,1356.9543912551828,0.0,36,32,0,0,32,32,2664,4,0,0,4,0
2020-08-21,US,Oklahoma,Harper,14,0,0,36.78836519,-99.6679804,40059.0,379.6095444685466,0.0,14,13,0,0,13,13,3797,1,0,0,1,0
2020-08-21,US,Oklahoma,Haskell,139,2,0,35.22257600000001,-95.11513306,40061.0,1100.815712362398,1.4388489208633093,137,133,1,0,132,94,12668,6,1,0,5,39
2020-08-21,US,Oklahoma,Hughes,191,3,0,35.04912569,-96.24921145,40063.0,1438.3613223887342,1.5706806282722514,188,185,3,0,182,184,13335,6,0,0,6,1
2020-08-21,US,Oklahoma,Jackson,555,7,0,34.58781741,-99.41138784,40065.0,2262.5356706074194,1.2612612612612613,548,553,7,0,546,546,24949,2,0,0,2,7
2020-08-21,US,Oklahoma,Jefferson,34,0,0,34.11130184,-97.83182974,40067.0,566.47784071976,0.0,34,34,0,0,34,34,6123,0,0,0,0,0
2020-08-21,US,Oklahoma,Johnston,61,0,0,34.31440473,-96.66011537,40069.0,550.2931889941362,0.0,61,60,0,0,60,60,10949,1,0,0,1,0
2020-08-21,US,Oklahoma,Kay,281,11,0,36.81799745,-97.14421435,40071.0,645.4132022600946,3.9145907473309607,270,275,11,0,264,271,44161,6,0,0,6,4
2020-08-21,US,Oklahoma,Kingfisher,192,0,0,35.94530008,-97.94193268,40073.0,1217.8877259752614,0.0,192,186,0,0,186,171,15816,6,0,0,6,15
2020-08-21,US,Oklahoma,Kiowa,36,1,0,34.91671958,-98.97720696,40075.0,413.4129536058797,2.7777777777777777,35,36,1,0,35,34,8729,0,0,0,0,2
2020-08-21,US,Oklahoma,Latimer,104,2,0,34.87844729,-95.25215049,40077.0,1032.4630199543333,1.9230769230769231,102,103,2,0,101,102,10231,1,0,0,1,1
2020-08-21,US,Oklahoma,Le Flore,504,3,0,34.89851864,-94.70392124,40079.0,1010.9722584398128,0.5952380952380952,501,481,3,0,478,449,49980,23,0,0,23,32
2020-08-21,US,Oklahoma,Lincoln,261,5,0,35.70270942,-96.8812462,40081.0,748.3441809788685,1.9157088122605364,256,250,5,0,245,250,34920,11,0,0,11,0
2020-08-21,US,Oklahoma,Logan,259,1,0,35.91899576,-97.44352845,40083.0,539.4597071504447,0.3861003861003861,258,253,1,0,252,248,47291,6,0,0,6,5
2020-08-21,US,Oklahoma,Love,83,0,0,33.95273467,-97.23906784,40085.0,809.5191651224033,0.0,83,82,0,0,82,81,10134,1,0,0,1,1
2020-08-21,US,Oklahoma,Major,42,1,0,36.31149996,-98.53467076,40093.0,550.5308690523003,2.380952380952381,41,38,1,0,37,38,7644,4,0,0,4,0
2020-08-21,US,Oklahoma,Marshall,124,1,0,34.02311222,-96.76855464,40095.0,732.384383674916,0.8064516129032258,123,123,1,0,122,123,16806,1,0,0,1,0
2020-08-21,US,Oklahoma,Mayes,383,8,0,36.30179091,-95.23175116,40097.0,931.8734793187348,2.0887728459530033,375,380,8,0,372,376,41107,3,0,0,3,4
2020-08-21,US,Oklahoma,McClain,519,4,0,35.01123903,-97.44572302,40087.0,1282.3046894302515,0.7707129094412332,515,506,4,0,502,503,39985,13,0,0,13,3
2020-08-21,US,Oklahoma,McCurtain,929,29,0,34.11664328,-94.77222373,40089.0,2829.556530214425,3.1216361679224973,900,914,29,0,885,902,32703,15,0,0,15,12
2020-08-21,US,Oklahoma,McIntosh,217,3,0,35.37235506,-95.66599306,40091.0,1107.3688507858749,1.3824884792626728,214,213,3,0,210,210,19815,4,0,0,4,3
2020-08-21,US,Oklahoma,Murray,84,0,0,34.48116015,-97.06826283,40099.0,596.8876572159454,0.0,84,84,0,0,84,81,13953,0,0,0,0,3
2020-08-21,US,Oklahoma,Muskogee,639,16,0,35.61318461,-95.37802952,40101.0,939.7473417944908,2.503912363067293,623,628,16,0,612,614,68362,11,0,0,11,14
2020-08-21,US,Oklahoma,Noble,93,2,0,36.38953329,-97.22928674,40103.0,835.5044470397987,2.150537634408602,91,92,2,0,90,92,11289,1,0,0,1,0
2020-08-21,US,Oklahoma,Nowata,73,1,0,36.79843529,-95.61902331,40105.0,724.4938467645891,1.3698630136986298,72,70,1,0,69,67,10218,3,0,0,3,3
2020-08-21,US,Oklahoma,Okfuskee,90,3,0,35.46485198,-96.32639984,40107.0,750.4377553572917,3.333333333333333,87,89,3,0,86,89,12098,1,0,0,1,0
2020-08-21,US,Oklahoma,Oklahoma,12328,139,0,35.55140095,-97.40716948,40109.0,1545.958662409679,1.1275146009085009,12189,12037,139,0,11898,11921,792582,291,0,0,291,116
2020-08-21,US,Oklahoma,Okmulgee,553,4,0,35.64661916,-95.96432828,40111.0,1437.6706096451321,0.7233273056057866,549,531,3,0,528,522,38335,22,1,0,21,9
2020-08-21,US,Oklahoma,Osage,589,12,0,36.62888819,-96.39635704,40113.0,1254.178821625535,2.037351443123939,577,582,12,0,570,575,47014,7,0,0,7,7
2020-08-21,US,Oklahoma,Ottawa,456,3,0,36.83532655,-94.81011909,40115.0,1464.9661065955606,0.6578947368421053,453,442,3,0,439,433,31175,14,0,0,14,9
2020-08-21,US,Oklahoma,Pawnee,186,3,0,36.31743373,-96.70331759999999,40117.0,1135.80850024426,1.6129032258064515,183,178,3,0,175,172,16390,8,0,0,8,6
2020-08-21,US,Oklahoma,Payne,874,4,0,36.07695283,-96.97584944,40119.0,1068.668688251981,0.4576659038901602,870,847,4,0,843,836,82040,27,0,0,27,11
2020-08-21,US,Oklahoma,Pittsburg,510,12,0,34.92065823,-95.75134320000001,40121.0,1168.2778210473266,2.3529411764705883,498,502,11,0,491,493,43877,8,1,0,7,9
2020-08-21,US,Oklahoma,Pontotoc,220,2,0,34.72959848,-96.68337199,40123.0,574.6525963849127,0.9090909090909092,218,215,2,0,213,213,38247,5,0,0,5,2
2020-08-21,US,Oklahoma,Pottawatomie,640,9,0,35.20614018,-96.94923008,40125.0,881.6398501212254,1.40625,631,631,9,0,622,631,72679,9,0,0,9,0
2020-08-21,US,Oklahoma,Pushmataha,119,0,0,34.41635232,-95.37603505,40127.0,1072.4585436193222,0.0,119,118,0,0,118,118,11179,1,0,0,1,0
2020-08-21,US,Oklahoma,Roger Mills,10,1,0,35.68711719,-99.69666167,40129.0,279.09572983533354,10.0,9,9,1,0,8,9,3656,1,0,0,1,0
2020-08-21,US,Oklahoma,Rogers,1185,24,0,36.37004357,-95.60406759,40131.0,1281.6491634129725,2.0253164556962027,1161,1179,23,0,1156,1163,91984,6,1,0,5,16
2020-08-21,US,Oklahoma,Seminole,277,5,0,35.16478725,-96.61686741,40133.0,1141.89133481738,1.8050541516245489,272,273,5,0,268,268,24578,4,0,0,4,5
2020-08-21,US,Oklahoma,Sequoyah,488,5,0,35.49447108,-94.75463785,40135.0,1173.9517428853233,1.024590163934426,483,483,5,0,478,451,41179,5,0,0,5,32
2020-08-21,US,Oklahoma,Stephens,228,3,0,34.48556989,-97.85141892,40137.0,528.4750712745985,1.3157894736842106,225,224,3,0,221,224,43265,4,0,0,4,0
2020-08-21,US,Oklahoma,Texas,1090,7,0,36.74777635,-101.4889765,40139.0,5454.636440974829,0.6422018348623854,1083,1083,7,0,1076,1083,20455,7,0,0,7,0
2020-08-21,US,Oklahoma,Tillman,59,1,0,34.37288446,-98.92426619,40141.0,813.7931034482757,1.6949152542372878,58,59,1,0,58,59,7348,0,0,0,0,0
2020-08-21,US,Oklahoma,Tulsa,12095,123,0,36.11939621,-95.94013939,40143.0,1856.3368695054266,1.0169491525423728,11972,11873,123,0,11750,11763,648360,222,0,0,222,110
2020-08-21,US,Oklahoma,Unassigned,17,0,0,0.0,0.0,90040.0,0.0,0.0,17,17,0,0,17,7,,0,0,0,0,10
2020-08-21,US,Oklahoma,Wagoner,1034,23,0,35.96024096,-95.51911308,40145.0,1272.0048223006802,2.224371373307544,1011,1003,23,0,980,996,80110,31,0,0,31,7
2020-08-21,US,Oklahoma,Washington,729,39,0,36.71380786,-95.90514104,40147.0,1414.7922448425095,5.349794238683128,690,724,39,0,685,716,51843,5,0,0,5,8
2020-08-21,US,Oklahoma,Washita,37,0,0,35.29071824,-98.99180434,40149.0,338.95199706852327,0.0,37,37,0,0,37,36,11127,0,0,0,0,1
2020-08-21,US,Oklahoma,Woods,24,0,0,36.76705782,-98.86573064,40151.0,272.9443875810304,0.0,24,24,0,0,24,22,8897,0,0,0,0,2
2020-08-21,US,Oklahoma,Woodward,71,0,0,36.42316318,-99.26283045,40153.0,351.29384988372664,0.0,71,63,0,0,63,56,20222,8,0,0,8,7
2020-08-21,US,Oregon,Baker,55,1,0,44.70915557,-117.6749883,41001.0,341.1064252046639,1.818181818181818,54,55,1,0,54,55,16006,0,0,0,0,0
2020-08-21,US,Oregon,Benton,196,6,0,44.49167306,-123.4316987,41003.0,210.63265021009533,3.0612244897959178,190,194,6,0,188,190,92101,2,0,0,2,4
2020-08-21,US,Oregon,Clackamas,1769,55,0,45.18787398,-122.2179634,41005.0,423.0164974042713,3.1091011871113623,1714,1756,55,0,1701,1725,416075,13,0,0,13,31
2020-08-21,US,Oregon,Clatsop,92,0,0,45.99712889,-123.660711,41007.0,228.71917263325372,0.0,92,92,0,0,92,91,39764,0,0,0,0,1
2020-08-21,US,Oregon,Columbia,121,1,0,45.94464254,-123.08908980000001,41009.0,231.118921190358,0.8264462809917356,120,120,1,0,119,118,52377,1,0,0,1,2
2020-08-21,US,Oregon,Coos,94,0,0,43.17406868,-124.0594514,41011.0,145.765813264689,0.0,94,93,0,0,93,93,64389,1,0,0,1,0
2020-08-21,US,Oregon,Crook,54,1,0,44.14230227,-120.356297,41013.0,221.27520078675627,1.851851851851852,53,54,1,0,53,54,23867,0,0,0,0,0
2020-08-21,US,Oregon,Curry,20,0,0,42.45911325,-124.15728200000001,41015.0,87.24100327153762,0.0,20,19,0,0,19,19,22813,1,0,0,1,0
2020-08-21,US,Oregon,Deschutes,657,11,0,43.91570171,-121.2289121,41017.0,332.33514760334265,1.67427701674277,646,655,11,0,644,654,191996,2,0,0,2,1
2020-08-21,US,Oregon,Douglas,169,2,0,43.27941273,-123.16729099999999,41019.0,152.2796900342404,1.183431952662722,167,168,2,0,166,166,110283,1,0,0,1,2
2020-08-21,US,Oregon,Gilliam,4,0,0,45.37160076,-120.20488689999999,41021.0,209.20502092050208,0.0,4,4,0,0,4,4,1894,0,0,0,0,0
2020-08-21,US,Oregon,Grant,4,0,0,44.49024544,-119.0068631,41023.0,55.563272676760654,0.0,4,4,0,0,4,4,7176,0,0,0,0,0
2020-08-21,US,Oregon,Harney,11,0,0,43.06422669,-118.96663059999999,41025.0,148.7893953740024,0.0,11,11,0,0,11,11,7329,0,0,0,0,0
2020-08-21,US,Oregon,Hood River,223,0,0,45.51872811,-121.65520359999998,41027.0,953.7250876742792,0.0,223,221,0,0,221,221,23428,2,0,0,2,0
2020-08-21,US,Oregon,Jackson,654,2,0,42.43201126,-122.72893090000001,41029.0,296.00260699543776,0.3058103975535168,652,636,2,0,634,618,219564,18,0,0,18,18
2020-08-21,US,Oregon,Jefferson,436,6,0,44.62806839,-121.17832,41031.0,1768.1888231000082,1.3761467889908257,430,430,6,0,424,426,24192,6,0,0,6,4
2020-08-21,US,Oregon,Josephine,149,2,0,42.3665549,-123.5561938,41033.0,170.31101763690606,1.342281879194631,147,149,2,0,147,150,87393,0,0,0,0,-1
2020-08-21,US,Oregon,Klamath,221,2,0,42.68762984,-121.64964609999998,41035.0,323.86646736422523,0.9049773755656108,219,219,2,0,217,217,67653,2,0,0,2,2
2020-08-21,US,Oregon,Lake,32,0,0,42.79246693,-120.38501629999999,41037.0,406.6590418096328,0.0,32,32,0,0,32,32,7879,0,0,0,0,0
2020-08-21,US,Oregon,Lane,647,5,0,43.93727035,-122.847753,41039.0,169.34202639851125,0.7727975270479135,642,643,4,0,639,636,379611,4,1,0,3,7
2020-08-21,US,Oregon,Lincoln,450,11,0,44.64252874,-123.86991200000001,41041.0,900.6845202353787,2.4444444444444446,439,444,11,0,433,440,49388,6,0,0,6,4
2020-08-21,US,Oregon,Linn,353,12,0,44.48899494,-122.53731540000001,41043.0,272.0637538632282,3.39943342776204,341,350,12,0,338,344,127335,3,0,0,3,6
2020-08-21,US,Oregon,Malheur,991,16,0,43.1937027,-117.62273950000001,41045.0,3241.6342285172223,1.6145307769929365,975,963,16,0,947,956,30725,28,0,0,28,7
2020-08-21,US,Oregon,Marion,3425,74,0,44.90287942,-122.58151170000001,41047.0,984.7103945166724,2.1605839416058394,3351,3369,73,0,3296,3315,346868,56,1,0,55,54
2020-08-21,US,Oregon,Morrow,418,3,0,45.41846568,-119.584546,41049.0,3602.51659053693,0.7177033492822966,415,415,3,0,412,410,11372,3,0,0,3,5
2020-08-21,US,Oregon,Multnomah,5543,108,0,45.54747959,-122.4169351,41051.0,681.9174391496639,1.9484033916651635,5435,5505,108,0,5397,5448,811880,38,0,0,38,57
2020-08-21,US,Oregon,Polk,387,13,0,44.90322804,-123.4128888,41053.0,449.55567171981176,3.3591731266149867,374,379,13,0,366,374,85234,8,0,0,8,5
2020-08-21,US,Oregon,Sherman,17,0,0,45.41501554,-120.6827834,41055.0,955.0561797752812,0.0,17,17,0,0,17,16,1708,0,0,0,0,1
2020-08-21,US,Oregon,Tillamook,36,0,0,45.46248721,-123.712066,41057.0,133.15579227696406,0.0,36,37,0,0,37,36,26787,-1,0,0,-1,1
2020-08-21,US,Oregon,Umatilla,2514,32,0,45.59073056,-118.7353826,41059.0,3225.144323284157,1.2728719172633254,2482,2497,32,0,2465,2478,77516,17,0,0,17,19
2020-08-21,US,Oregon,Union,407,2,0,45.30915495,-118.0068979,41061.0,1516.6759828582074,0.4914004914004914,405,406,2,0,404,403,26461,1,0,0,1,3
2020-08-21,US,Oregon,Wallowa,21,1,0,45.57894064,-117.18353799999998,41063.0,291.34295227524973,4.761904761904762,20,21,1,0,20,21,7081,0,0,0,0,0
2020-08-21,US,Oregon,Wasco,206,3,0,45.16292781,-121.16709540000001,41065.0,772.0560677610374,1.4563106796116505,203,205,3,0,202,204,26505,1,0,0,1,1
2020-08-21,US,Oregon,Washington,3477,32,0,45.55972701,-123.0955257,41067.0,577.9664623199776,0.92033362093759,3445,3452,32,0,3420,3403,597695,25,0,0,25,49
2020-08-21,US,Oregon,Yamhill,568,13,0,45.23330449,-123.3086963,41071.0,530.3454715219422,2.2887323943661966,555,550,13,0,537,538,107002,18,0,0,18,12
2020-08-21,US,Pennsylvania,Adams,561,23,0,39.87140411,-77.21610347,42001.0,544.612606665437,4.09982174688057,538,557,23,0,534,552,102811,4,0,0,4,5
2020-08-21,US,Pennsylvania,Allegheny,9756,287,0,40.46809875,-79.98167747,42003.0,802.2729422019744,2.9417794177941783,9469,9676,282,0,9394,9576,1218452,80,5,0,75,100
2020-08-21,US,Pennsylvania,Armstrong,269,9,0,40.81665618,-79.46290811,42005.0,415.5402796014521,3.3457249070631967,260,266,9,0,257,250,65263,3,0,0,3,16
2020-08-21,US,Pennsylvania,Beaver,1485,95,0,40.6825484,-80.34921611,42007.0,905.8799846274914,6.397306397306397,1390,1447,95,0,1352,1437,164742,38,0,0,38,10
2020-08-21,US,Pennsylvania,Bedford,159,5,0,40.00522157,-78.48998442,42009.0,332.0247243568326,3.1446540880503147,154,157,4,0,153,156,48176,2,1,0,1,1
2020-08-21,US,Pennsylvania,Berks,5743,376,0,40.41570541,-75.92457766,42011.0,1363.6018273166744,6.5471008183876025,5367,5705,376,0,5329,5683,420152,38,0,0,38,22
2020-08-21,US,Pennsylvania,Blair,390,8,0,40.47961444,-78.34917412,42013.0,320.1208250909061,2.051282051282051,382,376,8,0,368,366,122492,14,0,0,14,10
2020-08-21,US,Pennsylvania,Bradford,94,3,0,41.78869215,-76.51570822,42015.0,155.827793710525,3.191489361702128,91,94,3,0,91,93,60833,0,0,0,0,1
2020-08-21,US,Pennsylvania,Bucks,7535,584,0,40.33682119,-75.10836643,42017.0,1199.3251309150526,7.750497677504977,6951,7512,584,0,6928,7481,628195,23,0,0,23,31
2020-08-21,US,Pennsylvania,Butler,740,17,0,40.91152759,-79.91351055,42019.0,393.92503713009637,2.2972972972972974,723,737,17,0,720,732,187888,3,0,0,3,5
2020-08-21,US,Pennsylvania,Cambria,416,3,0,40.49527404,-78.71377428,42021.0,319.5280816025562,0.7211538461538461,413,412,3,0,409,407,131730,4,0,0,4,5
2020-08-21,US,Pennsylvania,Cameron,8,0,0,41.43625568,-78.20376845,42023.0,179.89655947830002,0.0,8,8,0,0,8,8,4492,0,0,0,0,0
2020-08-21,US,Pennsylvania,Carbon,411,28,0,40.91545395,-75.7068525,42025.0,640.3664578853884,6.81265206812652,383,411,28,0,383,408,64227,0,0,0,0,3
2020-08-21,US,Pennsylvania,Centre,410,11,0,40.92058903,-77.82200624,42027.0,252.48637497305785,2.6829268292682933,399,407,11,0,396,406,162805,3,0,0,3,1
2020-08-21,US,Pennsylvania,Chester,5439,352,0,39.97291773,-75.74768357,42029.0,1036.0217071214825,6.471777900349329,5087,5427,351,0,5076,5417,522046,12,1,0,11,10
2020-08-21,US,Pennsylvania,Clarion,95,3,0,41.19265812,-79.42413524,42031.0,247.15125656902023,3.1578947368421053,92,95,3,0,92,93,38779,0,0,0,0,2
2020-08-21,US,Pennsylvania,Clearfield,205,1,0,41.00110782,-78.47592663,42033.0,258.65875969970347,0.4878048780487805,204,201,1,0,200,201,79388,4,0,0,4,0
2020-08-21,US,Pennsylvania,Clinton,129,5,0,41.23255967,-77.63785995,42035.0,333.92006626630774,3.875968992248062,124,129,5,0,124,128,38684,0,0,0,0,1
2020-08-21,US,Pennsylvania,Columbia,505,35,0,41.04821986,-76.40565017,42037.0,777.3536112308356,6.9306930693069315,470,499,35,0,464,496,65456,6,0,0,6,3
2020-08-21,US,Pennsylvania,Crawford,181,2,0,41.68447709,-80.10760592,42039.0,213.8746765293221,1.1049723756906078,179,178,2,0,176,177,85063,3,0,0,3,1
2020-08-21,US,Pennsylvania,Cumberland,1424,71,0,40.1625372,-77.26130755,42041.0,562.023917590875,4.985955056179775,1353,1410,71,0,1339,1394,251423,14,0,0,14,16
2020-08-21,US,Pennsylvania,Dauphin,3073,161,0,40.41377078,-76.77993242,42043.0,1104.2080639887317,5.239179954441913,2912,3063,161,0,2902,3034,277097,10,0,0,10,29
2020-08-21,US,Pennsylvania,Delaware,9946,718,0,39.91680171,-75.40243663,42045.0,1754.927683781299,7.218982505529861,9228,9906,717,0,9189,9822,564751,40,1,0,39,84
2020-08-21,US,Pennsylvania,Elk,63,2,0,41.42822061,-78.64524744,42047.0,210.6318956870612,3.1746031746031744,61,63,2,0,61,60,30169,0,0,0,0,3
2020-08-21,US,Pennsylvania,Erie,1271,28,0,41.99253829,-80.03301954,42049.0,471.2154466722032,2.2029897718332023,1243,1264,28,0,1236,1245,272061,7,0,0,7,19
2020-08-21,US,Pennsylvania,Fayette,653,6,0,39.92041012,-79.64291195,42051.0,505.12864149016815,0.9188361408882084,647,644,6,0,638,639,130441,9,0,0,9,5
2020-08-21,US,Pennsylvania,Forest,13,0,0,41.51095103,-79.23229292,42053.0,179.38457292672834,0.0,13,13,0,0,13,13,7279,0,0,0,0,0
2020-08-21,US,Pennsylvania,Franklin,1448,46,0,39.92956518,-77.72157791,42055.0,934.0308462396872,3.176795580110497,1402,1439,46,0,1393,1432,154835,9,0,0,9,7
2020-08-21,US,Pennsylvania,Fulton,28,2,0,39.92913544,-78.11163677,42057.0,192.70474879559532,7.142857142857142,26,28,2,0,26,28,14523,0,0,0,0,0
2020-08-21,US,Pennsylvania,Greene,132,1,0,39.85746531,-80.22357106,42059.0,364.3087792895978,0.7575757575757576,131,131,1,0,130,129,36506,1,0,0,1,2
2020-08-21,US,Pennsylvania,Huntingdon,346,5,0,40.42162652,-77.97673273,42061.0,766.4362927520822,1.4450867052023122,341,343,5,0,338,341,45168,3,0,0,3,2
2020-08-21,US,Pennsylvania,Indiana,388,9,0,40.65241041,-79.08963285,42063.0,461.50369321898825,2.31958762886598,379,382,9,0,373,374,84501,6,0,0,6,8
2020-08-21,US,Pennsylvania,Jefferson,83,1,0,41.12913106,-78.9986361,42065.0,191.13413932066783,1.2048192771084338,82,80,1,0,79,79,43641,3,0,0,3,1
2020-08-21,US,Pennsylvania,Juniata,142,6,0,40.53358749,-77.39975129999998,42067.0,573.4361749384162,4.225352112676056,136,142,6,0,136,140,24704,0,0,0,0,2
2020-08-21,US,Pennsylvania,Lackawanna,1981,213,0,41.43564672,-75.60379201,42069.0,944.800022892681,10.752145381120648,1768,1975,213,0,1762,1970,210793,6,0,0,6,5
2020-08-21,US,Pennsylvania,Lancaster,6393,427,0,40.03904563,-76.24770128,42071.0,1171.4712931811684,6.679180353511652,5966,6328,425,0,5903,6287,543557,65,2,0,63,41
2020-08-21,US,Pennsylvania,Lawrence,436,16,0,40.99206278,-80.33393706,42073.0,509.86995977172796,3.669724770642202,420,433,16,0,417,431,86184,3,0,0,3,2
2020-08-21,US,Pennsylvania,Lebanon,1663,56,0,40.36680311,-76.45651841,42075.0,1172.836458781463,3.3674082982561635,1607,1663,55,0,1608,1655,141314,0,1,0,-1,8
2020-08-21,US,Pennsylvania,Lehigh,5112,342,0,40.6154815,-75.59435245,42077.0,1384.1729891313178,6.690140845070423,4770,5103,342,0,4761,5093,368100,9,0,0,9,10
2020-08-21,US,Pennsylvania,Luzerne,3666,185,0,41.17823008,-75.98447579,42079.0,1154.94759259901,5.0463720676486625,3481,3651,185,0,3466,3645,317646,15,0,0,15,6
2020-08-21,US,Pennsylvania,Lycoming,467,20,0,41.34310539,-77.06629984,42081.0,412.18369094166763,4.282655246252677,447,457,20,0,437,456,113664,10,0,0,10,1
2020-08-21,US,Pennsylvania,McKean,35,1,0,41.80938602,-78.56478358,42083.0,86.15384615384615,2.8571428571428568,34,34,1,0,33,34,40968,1,0,0,1,0
2020-08-21,US,Pennsylvania,Mercer,513,12,0,41.30248872,-80.25816981,42085.0,468.8185407223278,2.3391812865497075,501,510,12,0,498,504,110683,3,0,0,3,6
2020-08-21,US,Pennsylvania,Mifflin,136,1,0,40.61116939,-77.61070738,42087.0,294.76787030213706,0.7352941176470589,135,132,1,0,131,132,46222,4,0,0,4,0
2020-08-21,US,Pennsylvania,Monroe,1686,127,0,41.05934058,-75.34031025,42089.0,990.186232535194,7.53262158956109,1559,1679,125,0,1554,1671,169507,7,2,0,5,8
2020-08-21,US,Pennsylvania,Montgomery,10607,861,0,40.21053671,-75.36652296,42091.0,1276.5445322325388,8.117281040822098,9746,10568,860,0,9708,10523,828604,39,1,0,38,45
2020-08-21,US,Pennsylvania,Montour,122,3,0,41.03023987,-76.66345939,42093.0,669.2265496434449,2.459016393442623,119,119,3,0,116,116,18240,3,0,0,3,3
2020-08-21,US,Pennsylvania,Northampton,4049,296,0,40.75182733,-75.30471829,42095.0,1326.3016525541707,7.310447023956533,3753,4036,296,0,3740,4022,304807,13,0,0,13,14
2020-08-21,US,Pennsylvania,Northumberland,602,22,0,40.84785433,-76.70798222,42097.0,662.681769646533,3.6544850498338866,580,595,22,0,573,590,91083,7,0,0,7,5
2020-08-21,US,Pennsylvania,Perry,155,5,0,40.40206612,-77.26297447,42099.0,334.97579529737214,3.2258064516129035,150,154,5,0,149,151,46139,1,0,0,1,3
2020-08-21,US,Pennsylvania,Philadelphia,32791,1735,0,40.00338507,-75.1379271,42101.0,2070.0552502929177,5.2910859687109255,31056,32674,1735,0,30939,32569,1584138,117,0,0,117,105
2020-08-21,US,Pennsylvania,Pike,532,21,0,41.33155042,-75.03208106,42103.0,953.2512677166764,3.947368421052632,511,531,21,0,510,529,55933,1,0,0,1,2
2020-08-21,US,Pennsylvania,Potter,22,0,0,41.74471626,-77.89559864,42105.0,133.1235628706281,0.0,22,22,0,0,22,22,16622,0,0,0,0,0
2020-08-21,US,Pennsylvania,Schuylkill,963,51,0,40.70497338,-76.2150785,42107.0,681.2442080093946,5.29595015576324,912,962,51,0,911,957,142067,1,0,0,1,5
2020-08-21,US,Pennsylvania,Snyder,134,2,0,40.77129231,-77.06840691,42109.0,331.91320717328836,1.492537313432836,132,131,2,0,129,129,40540,3,0,0,3,2
2020-08-21,US,Pennsylvania,Somerset,151,3,0,39.97172723,-79.02699593,42111.0,205.5904257491797,1.9867549668874167,148,146,3,0,143,145,73952,5,0,0,5,1
2020-08-21,US,Pennsylvania,Sullivan,10,0,0,41.44634738,-76.51246591,42113.0,164.85328058028355,0.0,10,10,0,0,10,10,6071,0,0,0,0,0
2020-08-21,US,Pennsylvania,Susquehanna,240,27,0,41.82147784,-75.80071959,42115.0,595.1200158698671,11.25,213,235,27,0,208,229,40589,5,0,0,5,6
2020-08-21,US,Pennsylvania,Tioga,45,3,0,41.77255149,-77.25433032,42117.0,110.8620137468897,6.666666666666668,42,45,3,0,42,42,40763,0,0,0,0,3
2020-08-21,US,Pennsylvania,Union,347,3,0,40.96188846,-77.05996014,42119.0,772.4328295082698,0.8645533141210374,344,344,2,0,342,322,44785,3,1,0,2,22
2020-08-21,US,Pennsylvania,Venango,69,0,0,41.40323442,-79.75845449,42121.0,136.18062682560986,0.0,69,68,0,0,68,68,51266,1,0,0,1,0
2020-08-21,US,Pennsylvania,Warren,26,1,0,41.81304978,-79.26969577,42123.0,66.34176213926665,3.8461538461538463,25,23,1,0,22,23,39498,3,0,0,3,0
2020-08-21,US,Pennsylvania,Washington,956,22,0,40.19208869,-80.24582867,42125.0,462.13714258091034,2.301255230125523,934,941,21,0,920,930,207346,15,1,0,14,11
2020-08-21,US,Pennsylvania,Wayne,169,10,0,41.64938475,-75.29956506,42127.0,329.04343762777205,5.9171597633136095,159,168,10,0,158,165,51276,1,0,0,1,3
2020-08-21,US,Pennsylvania,Westmoreland,1696,49,0,40.31377979999999,-79.46615476,42129.0,486.10056205377487,2.8891509433962264,1647,1678,49,0,1629,1658,350611,18,0,0,18,20
2020-08-21,US,Pennsylvania,Wyoming,64,8,0,41.51955538,-76.01074915,42131.0,238.85944614465924,12.5,56,64,8,0,56,64,27046,0,0,0,0,0
2020-08-21,US,Pennsylvania,York,3038,112,0,39.9210089,-76.73040131,42133.0,676.5273082764364,3.6866359447004617,2926,3011,111,0,2900,2966,448273,27,1,0,26,45
2020-08-21,US,Puerto Rico,Adjuntas,105,0,0,18.180117000000006,-66.754367,72001.0,538.931376071447,0.0,105,104,0,0,104,103,,1,0,0,1,1
2020-08-21,US,Puerto Rico,Aguada,178,0,0,18.360255,-67.17513100000001,72003.0,424.223646893396,0.0,178,177,0,0,177,175,,1,0,0,1,2
2020-08-21,US,Puerto Rico,Aguadilla,272,0,0,18.459681,-67.12081500000001,72005.0,446.2747543027778,0.0,272,263,0,0,263,260,,9,0,0,9,3
2020-08-21,US,Puerto Rico,Aguas Buenas,171,0,0,18.251619,-66.126806,72007.0,596.6712027635298,0.0,171,168,0,0,168,165,,3,0,0,3,3
2020-08-21,US,Puerto Rico,Aibonito,110,0,0,18.131361,-66.264131,72009.0,424.7104247104247,0.0,110,104,0,0,104,103,,6,0,0,6,1
2020-08-21,US,Puerto Rico,Anasco,169,0,0,18.287985,-67.120611,72011.0,577.5605755100646,0.0,169,166,0,0,166,166,,3,0,0,3,0
2020-08-21,US,Puerto Rico,Arecibo,426,0,0,18.406631,-66.675077,72013.0,441.7254251347989,0.0,426,420,0,0,420,414,,6,0,0,6,6
2020-08-21,US,Puerto Rico,Arroyo,108,0,0,17.998457000000005,-66.056546,72015.0,551.7241379310344,0.0,108,107,0,0,107,107,,1,0,0,1,0
2020-08-21,US,Puerto Rico,Barceloneta,115,0,0,18.445532999999998,-66.56053100000001,72017.0,463.4107027724049,0.0,115,112,0,0,112,112,,3,0,0,3,0
2020-08-21,US,Puerto Rico,Barranquitas,297,0,0,18.201592,-66.30963,72019.0,979.6160696615872,0.0,297,289,0,0,289,288,,8,0,0,8,1
2020-08-21,US,Puerto Rico,Bayamon,2125,0,0,18.34946,-66.168435,72021.0,1021.065175190759,0.0,2125,2040,0,0,2040,2016,,85,0,0,85,24
2020-08-21,US,Puerto Rico,Cabo Rojo,250,0,0,18.040993,-67.154391,72023.0,490.9951489679282,0.0,250,247,0,0,247,244,,3,0,0,3,3
2020-08-21,US,Puerto Rico,Caguas,955,0,0,18.211615,-66.050779,72025.0,668.3322486056,0.0,955,939,0,0,939,933,,16,0,0,16,6
2020-08-21,US,Puerto Rico,Camuy,176,0,0,18.418578,-66.860206,72027.0,500.5830655024318,0.0,176,172,0,0,172,169,,4,0,0,4,3
2020-08-21,US,Puerto Rico,Canovanas,458,0,0,18.328802,-65.887612,72029.0,961.2155809267964,0.0,458,448,0,0,448,445,,10,0,0,10,3
2020-08-21,US,Puerto Rico,Carolina,1641,0,0,18.374986,-65.95683100000001,72031.0,928.3669566988381,0.0,1641,1595,0,0,1595,1589,,46,0,0,46,6
2020-08-21,US,Puerto Rico,Catano,259,0,0,18.437269,-66.14330600000001,72033.0,920.3980099502487,0.0,259,252,0,0,252,248,,7,0,0,7,4
2020-08-21,US,Puerto Rico,Cayey,237,0,0,18.102851,-66.14914,72035.0,492.5289386728736,0.0,237,232,0,0,232,229,,5,0,0,5,3
2020-08-21,US,Puerto Rico,Ceiba,80,0,0,18.251818,-65.666416,72037.0,586.8975130217884,0.0,80,78,0,0,78,77,,2,0,0,2,1
2020-08-21,US,Puerto Rico,Ciales,178,0,0,18.28885,-66.516475,72039.0,947.7158982004048,0.0,178,174,0,0,174,173,,4,0,0,4,1
2020-08-21,US,Puerto Rico,Cidra,213,0,0,18.173559,-66.161179,72041.0,489.8804047838087,0.0,213,211,0,0,211,209,,2,0,0,2,2
2020-08-21,US,Puerto Rico,Coamo,191,0,0,18.097597,-66.36014,72043.0,471.46524486571883,0.0,191,187,0,0,187,186,,4,0,0,4,1
2020-08-21,US,Puerto Rico,Comerio,150,0,0,18.224687,-66.221622,72045.0,721.917412647993,0.0,150,146,0,0,146,144,,4,0,0,4,2
2020-08-21,US,Puerto Rico,Corozal,322,0,0,18.304264,-66.327738,72047.0,866.9430833019223,0.0,322,318,0,0,318,311,,4,0,0,4,7
2020-08-21,US,Puerto Rico,Culebra,19,0,0,18.31586,-65.28813000000001,72049.0,1045.1045104510451,0.0,19,19,0,0,19,19,,0,0,0,0,0
2020-08-21,US,Puerto Rico,Dorado,410,0,0,18.436115,-66.278669,72051.0,1074.2827197694223,0.0,410,400,0,0,400,398,,10,0,0,10,2
2020-08-21,US,Puerto Rico,Fajardo,312,0,0,18.318373,-65.666866,72053.0,843.4028059362582,0.0,312,306,0,0,306,303,,6,0,0,6,3
2020-08-21,US,Puerto Rico,Florida,197,0,0,18.373715,-66.560488,72054.0,1553.627760252366,0.0,197,195,0,0,195,195,,2,0,0,2,0
2020-08-21,US,Puerto Rico,Guanica,73,0,0,17.982429,-66.91964300000001,72055.0,375.76568693056055,0.0,73,72,0,0,72,70,,1,0,0,1,2
2020-08-21,US,Puerto Rico,Guayama,203,0,0,18.007516,-66.13390799999999,72057.0,447.51113266610815,0.0,203,196,0,0,196,196,,7,0,0,7,0
2020-08-21,US,Puerto Rico,Guayanilla,139,0,0,18.039942,-66.79186,72059.0,644.085074834345,0.0,139,139,0,0,139,137,,0,0,0,0,2
2020-08-21,US,Puerto Rico,Guaynabo,1113,0,0,18.345114000000002,-66.11452299999999,72061.0,1136.5957272987214,0.0,1113,1088,0,0,1088,1080,,25,0,0,25,8
2020-08-21,US,Puerto Rico,Gurabo,319,0,0,18.266461,-65.97970500000001,72063.0,703.1232780092132,0.0,319,315,0,0,315,308,,4,0,0,4,7
2020-08-21,US,Puerto Rico,Hatillo,147,0,0,18.410928,-66.79632600000001,72065.0,350.39210545133835,0.0,147,144,0,0,144,138,,3,0,0,3,6
2020-08-21,US,Puerto Rico,Hormigueros,112,0,0,18.134532,-67.113972,72067.0,649.2753623188406,0.0,112,111,0,0,111,111,,1,0,0,1,0
2020-08-21,US,Puerto Rico,Humacao,252,0,0,18.145211,-65.810174,72069.0,431.01973796736564,0.0,252,241,0,0,241,238,,11,0,0,11,3
2020-08-21,US,Puerto Rico,Isabela,166,0,0,18.44981,-67.005093,72071.0,363.7877758541342,0.0,166,163,0,0,163,161,,3,0,0,3,2
2020-08-21,US,Puerto Rico,Jayuya,189,0,0,18.211446,-66.58878,72073.0,1135.680807595241,0.0,189,186,0,0,186,186,,3,0,0,3,0
2020-08-21,US,Puerto Rico,Juana Diaz,237,0,0,18.050764,-66.49458100000001,72075.0,296.6319135887456,0.0,237,232,0,0,232,229,,5,0,0,5,3
2020-08-21,US,Puerto Rico,Juncos,194,0,0,18.223793,-65.909109,72077.0,481.5090593199305,0.0,194,185,0,0,185,184,,9,0,0,9,1
2020-08-21,US,Puerto Rico,Lajas,98,0,0,18.011661,-67.040585,72079.0,380.5381897254689,0.0,98,93,0,0,93,92,,5,0,0,5,1
2020-08-21,US,Puerto Rico,Lares,216,0,0,18.269035000000002,-66.867236,72081.0,702.3705004389816,0.0,216,208,0,0,208,207,,8,0,0,8,1
2020-08-21,US,Puerto Rico,Las Marias,80,0,0,18.23679,-66.98362,72083.0,809.6346523631212,0.0,80,79,0,0,79,79,,1,0,0,1,0
2020-08-21,US,Puerto Rico,Las Piedras,221,0,0,18.187527,-65.86946800000001,72085.0,571.4285714285714,0.0,221,209,0,0,209,206,,12,0,0,12,3
2020-08-21,US,Puerto Rico,Loiza,168,0,0,18.425688,-65.89943000000001,72087.0,558.8822355289421,0.0,168,167,0,0,167,165,,1,0,0,1,2
2020-08-21,US,Puerto Rico,Luquillo,147,0,0,18.342114000000002,-65.72509699999999,72089.0,732.509467809448,0.0,147,143,0,0,143,140,,4,0,0,4,3
2020-08-21,US,Puerto Rico,Manati,315,0,0,18.420473,-66.490461,72091.0,714.0752159227437,0.0,315,308,0,0,308,306,,7,0,0,7,2
2020-08-21,US,Puerto Rico,Maricao,47,0,0,18.171795,-66.942126,72093.0,748.8846398980243,0.0,47,45,0,0,45,44,,2,0,0,2,1
2020-08-21,US,Puerto Rico,Maunabo,77,0,0,18.017889,-65.922235,72095.0,629.8568507157464,0.0,77,75,0,0,75,74,,2,0,0,2,1
2020-08-21,US,Puerto Rico,Mayaguez,578,0,0,18.2013,-67.1452,72097.0,648.8549618320611,0.0,578,572,0,0,572,570,,6,0,0,6,2
2020-08-21,US,Puerto Rico,Moca,237,0,0,18.377805,-67.080952,72099.0,590.8898252262585,0.0,237,224,0,0,224,219,,13,0,0,13,5
2020-08-21,US,Puerto Rico,Morovis,334,0,0,18.316963,-66.420383,72101.0,1024.2256976387614,0.0,334,323,0,0,323,320,,11,0,0,11,3
2020-08-21,US,Puerto Rico,Naguabo,111,0,0,18.230636999999998,-65.753897,72103.0,415.4191616766466,0.0,111,111,0,0,111,111,,0,0,0,0,0
2020-08-21,US,Puerto Rico,Naranjito,395,0,0,18.288019,-66.252703,72105.0,1299.2566278534307,0.0,395,386,0,0,386,384,,9,0,0,9,2
2020-08-21,US,Puerto Rico,Orocovis,256,0,0,18.215046,-66.433604,72107.0,1092.942833966614,0.0,256,251,0,0,251,249,,5,0,0,5,2
2020-08-21,US,Puerto Rico,Out of PR,712,0,0,0.0,0.0,72888.0,0.0,0.0,712,700,0,0,700,685,,12,0,0,12,15
2020-08-21,US,Puerto Rico,Patillas,125,0,0,18.03174,-66.012242,72109.0,648.4411474814544,0.0,125,122,0,0,122,121,,3,0,0,3,1
2020-08-21,US,Puerto Rico,Penuelas,88,0,0,18.059645,-66.721572,72111.0,362.4083683386871,0.0,88,87,0,0,87,85,,1,0,0,1,2
2020-08-21,US,Puerto Rico,Ponce,599,0,0,18.059498,-66.613748,72113.0,360.1339529962063,0.0,599,584,0,0,584,583,,15,0,0,15,1
2020-08-21,US,Puerto Rico,Quebradillas,101,0,0,18.439692,-66.926113,72115.0,389.6755276052317,0.0,101,91,0,0,91,88,,10,0,0,10,3
2020-08-21,US,Puerto Rico,Rincon,117,0,0,18.335442999999998,-67.23174,72117.0,769.736842105263,0.0,117,115,0,0,115,115,,2,0,0,2,0
2020-08-21,US,Puerto Rico,Rio Grande,388,0,0,18.346329,-65.813742,72119.0,714.4961697112552,0.0,388,381,0,0,381,378,,7,0,0,7,3
2020-08-21,US,Puerto Rico,Sabana Grande,139,0,0,18.08282,-66.943758,72121.0,550.168216900851,0.0,139,138,0,0,138,136,,1,0,0,1,2
2020-08-21,US,Puerto Rico,Salinas,267,0,0,18.010386999999994,-66.256592,72123.0,859.1286440568892,0.0,267,261,0,0,261,259,,6,0,0,6,2
2020-08-21,US,Puerto Rico,San German,167,0,0,18.111484,-67.03858100000001,72125.0,470.0650209699665,0.0,167,166,0,0,166,164,,1,0,0,1,2
2020-08-21,US,Puerto Rico,San Juan,4537,0,0,18.386933,-66.061128,72127.0,1147.6604119132055,0.0,4537,4412,0,0,4412,4359,,125,0,0,125,53
2020-08-21,US,Puerto Rico,San Lorenzo,229,0,0,18.147987,-65.976392,72129.0,557.7475765989576,0.0,229,223,0,0,223,220,,6,0,0,6,3
2020-08-21,US,Puerto Rico,San Sebastian,262,0,0,18.328646,-66.971214,72131.0,617.4876266792364,0.0,262,258,0,0,258,257,,4,0,0,4,1
2020-08-21,US,Puerto Rico,Santa Isabel,119,0,0,17.994525,-66.388913,72133.0,511.3001632723211,0.0,119,118,0,0,118,117,,1,0,0,1,1
2020-08-21,US,Puerto Rico,Toa Alta,780,0,0,18.362406,-66.246616,72135.0,1053.1147895120566,0.0,780,755,0,0,755,749,,25,0,0,25,6
2020-08-21,US,Puerto Rico,Toa Baja,761,0,0,18.431445999999998,-66.213553,72137.0,849.2450535102499,0.0,761,738,0,0,738,725,,23,0,0,23,13
2020-08-21,US,Puerto Rico,Trujillo Alto,658,0,0,18.336159,-65.99888399999999,72139.0,879.1854840864755,0.0,658,643,0,0,643,636,,15,0,0,15,7
2020-08-21,US,Puerto Rico,Unassigned,591,374,0,0.0,0.0,72999.0,0.0,63.28257191201354,217,605,367,0,238,681,,-14,7,0,-21,-76
2020-08-21,US,Puerto Rico,Utuado,92,0,0,18.271214,-66.702984,72141.0,277.5347672629642,0.0,92,90,0,0,90,90,,2,0,0,2,0
2020-08-21,US,Puerto Rico,Vega Alta,361,0,0,18.409346,-66.33725,72143.0,903.606918475132,0.0,361,351,0,0,351,345,,10,0,0,10,6
2020-08-21,US,Puerto Rico,Vega Baja,578,0,0,18.428262,-66.397924,72145.0,968.7908551506822,0.0,578,551,0,0,551,542,,27,0,0,27,9
2020-08-21,US,Puerto Rico,Vieques,77,0,0,18.123276,-65.44097099999999,72147.0,827.867971185894,0.0,77,76,0,0,76,76,,1,0,0,1,0
2020-08-21,US,Puerto Rico,Villalba,90,0,0,18.127951,-66.473115,72149.0,345.18467380048327,0.0,90,90,0,0,90,90,,0,0,0,0,0
2020-08-21,US,Puerto Rico,Yabucoa,176,0,0,18.070399,-65.896289,72151.0,463.87812656492974,0.0,176,171,0,0,171,167,,5,0,0,5,4
2020-08-21,US,Puerto Rico,Yauco,284,0,0,18.080374,-66.858814,72153.0,675.498893989487,0.0,284,282,0,0,282,281,,2,0,0,2,1
2020-08-21,US,Rhode Island,Bristol,329,0,0,41.71018079,-71.28652315,44001.0,678.6443614761031,0.0,329,329,0,0,329,329,48649,0,0,0,0,0
2020-08-21,US,Rhode Island,Kent,1592,0,0,41.67106337,-71.57641596,44003.0,969.0064032332676,0.0,1592,1592,0,0,1592,1592,163861,0,0,0,0,0
2020-08-21,US,Rhode Island,Newport,411,0,0,41.5642026,-71.26569799,44005.0,500.7187934017202,0.0,411,411,0,0,411,411,82542,0,0,0,0,0
2020-08-21,US,Rhode Island,Providence,16142,0,0,41.87064746,-71.57753536,44007.0,2526.407389843348,0.0,16142,16142,0,0,16142,16142,636084,0,0,0,0,0
2020-08-21,US,Rhode Island,Unassigned,1889,1030,0,0.0,0.0,90044.0,0.0,54.52620434092112,859,1738,1028,0,710,1662,,151,2,0,149,76
2020-08-21,US,Rhode Island,Washington,659,0,0,41.45961631,-71.61435303,44009.0,524.7776264761859,0.0,659,659,0,0,659,659,126179,0,0,0,0,0
2020-08-21,US,South Carolina,Abbeville,381,10,0,34.22333378,-82.46170658,45001.0,1553.3901414767402,2.6246719160104988,371,376,8,0,368,371,24541,5,2,0,3,5
2020-08-21,US,South Carolina,Aiken,2207,53,0,33.54338026,-81.63645384,45003.0,1291.6100941055292,2.4014499320344362,2154,2184,51,0,2133,2172,169401,23,2,0,21,12
2020-08-21,US,South Carolina,Allendale,266,6,0,32.98837386,-81.35321066,45005.0,3061.694290976059,2.255639097744361,260,260,6,0,254,254,8903,6,0,0,6,6
2020-08-21,US,South Carolina,Anderson,2805,86,0,34.51828081,-82.63959517,45007.0,1384.7885543893601,3.0659536541889483,2719,2761,83,0,2678,2735,200482,44,3,0,41,26
2020-08-21,US,South Carolina,Bamberg,504,27,0,33.21927586,-81.05659969,45009.0,3583.108204180293,5.357142857142857,477,499,27,0,472,495,14275,5,0,0,5,4
2020-08-21,US,South Carolina,Barnwell,491,11,0,33.26679302,-81.43584352,45011.0,2353.110323013515,2.240325865580448,480,480,10,0,470,472,21112,11,1,0,10,8
2020-08-21,US,South Carolina,Beaufort,4483,64,0,32.39226291,-80.72619758,45013.0,2333.4131437315873,1.427615436091903,4419,4452,62,0,4390,4416,188715,31,2,0,29,36
2020-08-21,US,South Carolina,Berkeley,4564,75,0,33.20222596,-79.94654523,45015.0,2002.5712242274265,1.6432953549517966,4489,4552,75,0,4477,4520,221091,12,0,0,12,32
2020-08-21,US,South Carolina,Calhoun,398,16,0,33.66926881,-80.77722168,45017.0,2734.8313062598777,4.0201005025125625,382,399,16,0,383,399,14520,-1,0,0,-1,0
2020-08-21,US,South Carolina,Charleston,13156,221,0,32.82487866,-79.96512315,45019.0,3197.81432453586,1.6798418972332017,12935,13111,217,0,12894,13062,405905,45,4,0,41,49
2020-08-21,US,South Carolina,Cherokee,755,31,0,35.05122251,-81.61828622,45021.0,1317.6265270506108,4.105960264900662,724,747,31,0,716,735,57078,8,0,0,8,12
2020-08-21,US,South Carolina,Chester,786,16,0,34.69249168,-81.1583216,45023.0,2437.6628209899523,2.0356234096692107,770,778,15,0,763,765,32251,8,1,0,7,13
2020-08-21,US,South Carolina,Chesterfield,885,23,0,34.64137396,-80.15640140000002,45025.0,1938.6637458926612,2.5988700564971747,862,874,23,0,851,848,45754,11,0,0,11,26
2020-08-21,US,South Carolina,Clarendon,939,61,0,33.66610974,-80.21647898,45027.0,2782.634464365091,6.496272630457934,878,930,60,0,870,916,33700,9,1,0,8,14
2020-08-21,US,South Carolina,Colleton,863,36,0,32.87582989,-80.67641292,45029.0,2290.522069166865,4.171494785631518,827,859,36,0,823,852,37660,4,0,0,4,7
2020-08-21,US,South Carolina,Darlington,1516,43,0,34.33358335,-79.96027485,45031.0,2275.661232699871,2.8364116094986813,1473,1498,42,0,1456,1473,66802,18,1,0,17,25
2020-08-21,US,South Carolina,Dillon,704,28,0,34.39007791,-79.37741872,45033.0,2309.787066504807,3.977272727272727,676,696,27,0,669,690,30599,8,1,0,7,6
2020-08-21,US,South Carolina,Dorchester,3379,67,0,33.0794369,-80.40502652,45035.0,2075.438090031878,1.9828351583308672,3312,3353,62,0,3291,3325,160647,26,5,0,21,28
2020-08-21,US,South Carolina,Edgefield,390,8,0,33.77221995,-81.96231108,45037.0,1430.6676449009533,2.051282051282051,382,373,8,0,365,372,27052,17,0,0,17,1
2020-08-21,US,South Carolina,Fairfield,600,26,0,34.39287073,-81.1195624,45039.0,2684.924150892737,4.333333333333333,574,597,25,0,572,592,22402,3,1,0,2,5
2020-08-21,US,South Carolina,Florence,3941,141,0,34.02361754,-79.70189312,45041.0,2849.746552609315,3.5777721390510018,3800,3896,139,0,3757,3845,138159,45,2,0,43,51
2020-08-21,US,South Carolina,Georgetown,1630,33,0,33.43443342,-79.33202141,45043.0,2600.510529674537,2.0245398773006134,1597,1596,31,0,1565,1565,62249,34,2,0,32,31
2020-08-21,US,South Carolina,Greenville,11482,243,0,34.89502264,-82.37295012,45045.0,2193.138277349286,2.116356035533879,11239,11388,240,0,11148,11350,514213,94,3,0,91,38
2020-08-21,US,South Carolina,Greenwood,1638,25,0,34.15272415,-82.12715789,45047.0,2313.1999265650816,1.5262515262515262,1613,1596,23,0,1573,1578,70741,42,2,0,40,18
2020-08-21,US,South Carolina,Hampton,500,17,0,32.77419582,-81.13845571,45049.0,2601.186140880241,3.4,483,493,16,0,477,481,19351,7,1,0,6,12
2020-08-21,US,South Carolina,Horry,9045,177,0,33.9212828,-78.99555293,45051.0,2554.500241470172,1.956882255389718,8868,9002,176,0,8826,8961,344147,43,1,0,42,41
2020-08-21,US,South Carolina,Jasper,652,18,0,32.43171982,-81.02487495,45053.0,2168.057726199581,2.7607361963190185,634,645,19,0,626,644,28971,7,-1,0,8,1
2020-08-21,US,South Carolina,Kershaw,1484,29,0,34.33988254,-80.58763164,45055.0,2229.868822406876,1.954177897574124,1455,1478,29,0,1449,1466,65592,6,0,0,6,12
2020-08-21,US,South Carolina,Lancaster,1477,28,0,34.68270843,-80.70513032,45057.0,1506.9583316328612,1.895734597156398,1449,1450,27,0,1423,1418,95380,27,1,0,26,32
2020-08-21,US,South Carolina,Laurens,1406,52,0,34.48244419,-82.00490796,45059.0,2083.178996340361,3.6984352773826457,1354,1394,51,0,1343,1394,66994,12,1,0,11,0
2020-08-21,US,South Carolina,Lee,603,30,0,34.16393091,-80.25690731,45061.0,3583.313525077252,4.975124378109452,573,595,30,0,565,592,17142,8,0,0,8,3
2020-08-21,US,South Carolina,Lexington,5405,130,0,33.89665987,-81.27146426,45063.0,1809.2050209205026,2.40518038852914,5275,5347,127,0,5220,5310,295032,58,3,0,55,37
2020-08-21,US,South Carolina,Marion,625,17,0,34.07859748,-79.36400756,45067.0,2038.6861075773886,2.72,608,609,16,0,593,594,31039,16,1,0,15,15
2020-08-21,US,South Carolina,Marlboro,623,5,0,34.59905577,-79.67561152,45069.0,2385.328126196493,0.8025682182985554,618,615,5,0,610,606,26398,8,0,0,8,9
2020-08-21,US,South Carolina,McCormick,150,3,0,33.90161443,-82.30794338,45065.0,1585.1209975694812,2.0,147,149,3,0,146,148,9410,1,0,0,1,1
2020-08-21,US,South Carolina,Newberry,909,13,0,34.28629098,-81.59935761,45071.0,2364.724245577524,1.4301430143014302,896,904,13,0,891,901,38520,5,0,0,5,3
2020-08-21,US,South Carolina,Oconee,924,15,0,34.75225169,-83.06742317,45073.0,1161.5920347974754,1.6233766233766234,909,903,15,0,888,891,78374,21,0,0,21,12
2020-08-21,US,South Carolina,Orangeburg,2702,90,0,33.4391073,-80.79886287,45075.0,3135.480127647229,3.3308660251665434,2612,2669,84,0,2585,2628,86934,33,6,0,27,41
2020-08-21,US,South Carolina,Pickens,1993,30,0,34.88807695,-82.72791551,45077.0,1570.726017464771,1.5052684395383844,1963,1964,30,0,1934,1949,124937,29,0,0,29,15
2020-08-21,US,South Carolina,Richland,9777,183,0,34.01791263,-80.90267209,45079.0,2351.60273139006,1.8717397974838907,9594,9681,179,0,9502,9564,414576,96,4,0,92,117
2020-08-21,US,South Carolina,Saluda,501,11,0,34.00795823,-81.72713237,45081.0,2447.125482342597,2.1956087824351296,490,497,11,0,486,495,20544,4,0,0,4,2
2020-08-21,US,South Carolina,Spartanburg,4651,126,0,34.92960077,-81.99225984,45083.0,1454.4146848663943,2.709094818318641,4525,4559,123,0,4436,4526,313888,92,3,0,89,33
2020-08-21,US,South Carolina,Sumter,2709,59,0,33.91826534,-80.37942316,45085.0,2538.3945052988634,2.177925433739387,2650,2698,59,0,2639,2667,106512,11,0,0,11,31
2020-08-21,US,South Carolina,Union,417,5,0,34.68835752,-81.61730349,45087.0,1526.5778298433154,1.1990407673860912,412,413,5,0,408,409,27410,4,0,0,4,4
2020-08-21,US,South Carolina,Williamsburg,1127,34,0,33.62190129,-79.72767442,45089.0,3711.143308746049,3.0168589174800355,1093,1108,34,0,1074,1100,30606,19,0,0,19,8
2020-08-21,US,South Carolina,York,3935,37,0,34.97281497,-81.18085944,45091.0,1400.460532637671,0.9402795425667091,3898,3892,32,0,3860,3865,274118,43,5,0,38,27
2020-08-21,US,South Dakota,Aurora,40,0,0,43.71757685,-98.56050467,46003.0,1454.0167211922933,0.0,40,40,0,0,40,40,2801,0,0,0,0,0
2020-08-21,US,South Dakota,Beadle,605,9,0,44.41464384,-98.27858469,46005.0,3278.5996856879638,1.487603305785124,596,602,9,0,593,598,18883,3,0,0,3,4
2020-08-21,US,South Dakota,Bennett,6,0,0,43.19486375,-101.6665572,46007.0,178.30609212481426,0.0,6,6,0,0,6,6,3468,0,0,0,0,0
2020-08-21,US,South Dakota,Bon Homme,36,0,0,42.98914167,-97.88592746,46009.0,521.6635270250688,0.0,36,32,0,0,32,28,6980,4,0,0,4,4
2020-08-21,US,South Dakota,Brookings,169,1,0,44.36974375,-96.79079945,46011.0,481.7971890412521,0.591715976331361,168,166,1,0,165,162,35232,3,0,0,3,4
2020-08-21,US,South Dakota,Brown,521,3,0,45.58994323,-98.35165355,46013.0,1341.435155385051,0.5758157389635317,518,503,3,0,500,496,39316,18,0,0,18,7
2020-08-21,US,South Dakota,Brule,48,0,0,43.71756379,-99.08118954,46015.0,906.1733056447046,0.0,48,48,0,0,48,47,5229,0,0,0,0,1
2020-08-21,US,South Dakota,Buffalo,109,3,0,44.07657829,-99.20814467,46017.0,5555.555555555556,2.7522935779816518,106,109,3,0,106,109,2036,0,0,0,0,0
2020-08-21,US,South Dakota,Butte,24,1,0,44.90608745,-103.5079318,46019.0,230.12752900565727,4.166666666666667,23,22,1,0,21,21,10222,2,0,0,2,1
2020-08-21,US,South Dakota,Campbell,4,0,0,45.77074915,-100.0510181,46021.0,290.6976744186046,0.0,4,4,0,0,4,3,1377,0,0,0,0,1
2020-08-21,US,South Dakota,Charles Mix,116,0,0,43.20660134,-98.58856175,46023.0,1248.385708136031,0.0,116,114,0,0,114,114,9338,2,0,0,2,0
2020-08-21,US,South Dakota,Clark,17,0,0,44.85834507,-97.72925109,46025.0,455.0321199143468,0.0,17,17,0,0,17,17,3739,0,0,0,0,0
2020-08-21,US,South Dakota,Clay,142,1,0,42.91296147,-96.97656917,46027.0,1009.2395167022032,0.7042253521126759,141,142,0,0,142,142,14041,0,1,0,-1,0
2020-08-21,US,South Dakota,Codington,195,1,0,44.97788119,-97.18827677,46029.0,696.2047913170767,0.5128205128205128,194,191,1,0,190,183,28015,4,0,0,4,8
2020-08-21,US,South Dakota,Corson,52,0,0,45.70889983,-101.1970473,46031.0,1272.6382770435634,0.0,52,49,0,0,49,49,4165,3,0,0,3,0
2020-08-21,US,South Dakota,Custer,64,0,0,43.67741105,-103.45345209999999,46033.0,713.3303611234952,0.0,64,58,0,0,58,51,8726,6,0,0,6,7
2020-08-21,US,South Dakota,Davison,104,2,0,43.67490933,-98.14458906,46035.0,525.9165613147915,1.9230769230769231,102,104,2,0,102,101,19790,0,0,0,0,3
2020-08-21,US,South Dakota,Day,30,0,0,45.367281,-97.60737498,46037.0,553.0973451327434,0.0,30,30,0,0,30,29,5505,0,0,0,0,1
2020-08-21,US,South Dakota,Deuel,27,0,0,44.75994309,-96.66943645,46039.0,620.5470006894967,0.0,27,26,0,0,26,26,4337,1,0,0,1,0
2020-08-21,US,South Dakota,Dewey,62,0,0,45.15639647,-100.8709139,46041.0,1052.274270196877,0.0,62,61,0,0,61,60,5904,1,0,0,1,1
2020-08-21,US,South Dakota,Douglas,20,0,0,43.38520741,-98.36978007,46043.0,684.6970215679562,0.0,20,20,0,0,20,20,2935,0,0,0,0,0
2020-08-21,US,South Dakota,Edmunds,22,0,0,45.41846445,-99.21545423,46045.0,574.562548968399,0.0,22,22,0,0,22,21,3875,0,0,0,0,1
2020-08-21,US,South Dakota,Fall River,23,0,0,43.23929297,-103.5275691,46047.0,342.6187993445553,0.0,23,23,0,0,23,23,6758,0,0,0,0,0
2020-08-21,US,South Dakota,Faulk,29,1,0,45.07082625,-99.14535601,46049.0,1261.418007829491,3.4482758620689653,28,29,1,0,28,29,2330,0,0,0,0,0
2020-08-21,US,South Dakota,Grant,38,0,0,45.1723937,-96.77002276,46051.0,538.8542257515599,0.0,38,34,0,0,34,34,7147,4,0,0,4,0
2020-08-21,US,South Dakota,Gregory,8,0,0,43.19419064,-99.18883902,46053.0,191.15890083632016,0.0,8,8,0,0,8,8,4212,0,0,0,0,0
2020-08-21,US,South Dakota,Haakon,3,0,0,44.29299053,-101.539099,46055.0,157.9778830963665,0.0,3,3,0,0,3,3,1918,0,0,0,0,0
2020-08-21,US,South Dakota,Hamlin,36,0,0,44.67385954,-97.18829593,46057.0,584.0363400389358,0.0,36,34,0,0,34,34,6111,2,0,0,2,0
2020-08-21,US,South Dakota,Hand,12,0,0,44.54708407,-99.00386459,46059.0,376.0576621748668,0.0,12,12,0,0,12,12,3262,0,0,0,0,0
2020-08-21,US,South Dakota,Hanson,22,0,0,43.6746384,-97.78715148,46061.0,637.1271358239213,0.0,22,22,0,0,22,22,3376,0,0,0,0,0
2020-08-21,US,South Dakota,Harding,2,0,0,45.58015551,-103.4958629,46063.0,154.08320493066256,0.0,2,2,0,0,2,2,1249,0,0,0,0,0
2020-08-21,US,South Dakota,Hughes,103,3,0,44.39091534,-99.99661148,46065.0,587.698276845829,2.9126213592233015,100,101,3,0,98,100,17650,2,0,0,2,1
2020-08-21,US,South Dakota,Hutchinson,35,0,0,43.33449012,-97.75536441,46067.0,480.0438897270608,0.0,35,35,0,0,35,35,7380,0,0,0,0,0
2020-08-21,US,South Dakota,Hyde,4,0,0,44.54747703,-99.48572582,46069.0,307.455803228286,0.0,4,4,0,0,4,4,1282,0,0,0,0,0
2020-08-21,US,South Dakota,Jackson,12,1,0,43.69318385,-101.6255063,46071.0,358.85167464114835,8.333333333333334,11,12,1,0,11,12,3307,0,0,0,0,0
2020-08-21,US,South Dakota,Jerauld,39,1,0,44.06637798,-98.62965972,46073.0,1937.4068554396426,2.5641025641025643,38,39,1,0,38,39,2043,0,0,0,0,0
2020-08-21,US,South Dakota,Jones,2,0,0,43.96278565,-100.6940008,46075.0,221.48394241417492,0.0,2,2,0,0,2,2,928,0,0,0,0,0
2020-08-21,US,South Dakota,Kingsbury,17,0,0,44.36956169,-97.4913945,46077.0,344.1992306134845,0.0,17,16,0,0,16,15,4919,1,0,0,1,1
2020-08-21,US,South Dakota,Lake,105,6,0,44.02193107,-97.12926365,46079.0,820.5048058138626,5.7142857142857135,99,105,5,0,100,105,13057,0,1,0,-1,0
2020-08-21,US,South Dakota,Lawrence,90,1,0,44.35919441,-103.79294279999999,46081.0,348.24330598978486,1.1111111111111112,89,83,1,0,82,82,25741,7,0,0,7,1
2020-08-21,US,South Dakota,Lincoln,768,2,0,43.27841182,-96.72039050000001,46083.0,1256.380054966627,0.2604166666666667,766,750,2,0,748,738,58807,18,0,0,18,12
2020-08-21,US,South Dakota,Lyman,92,3,0,43.89522709,-99.85201878,46085.0,2433.218725204972,3.260869565217391,89,91,3,0,88,91,3821,1,0,0,1,0
2020-08-21,US,South Dakota,Marshall,13,0,0,45.75870838,-97.59855639,46091.0,263.4245187436677,0.0,13,13,0,0,13,12,5112,0,0,0,0,1
2020-08-21,US,South Dakota,McCook,37,1,0,43.6742571,-97.36863144,46087.0,662.3702112423917,2.702702702702702,36,37,1,0,36,37,5546,0,0,0,0,0
2020-08-21,US,South Dakota,McPherson,9,0,0,45.76626028,-99.22118798,46089.0,378.3102143757881,0.0,9,8,0,0,8,8,2407,1,0,0,1,0
2020-08-21,US,South Dakota,Meade,138,1,0,44.56676791,-102.71627409999999,46093.0,487.0817450232952,0.7246376811594203,137,127,1,0,126,120,28294,11,0,0,11,7
2020-08-21,US,South Dakota,Mellette,24,0,0,43.58078848,-100.7563186,46095.0,1164.4832605531294,0.0,24,24,0,0,24,24,2042,0,0,0,0,0
2020-08-21,US,South Dakota,Miner,15,0,0,44.02197882,-97.60992207,46097.0,676.8953068592058,0.0,15,15,0,0,15,15,2213,0,0,0,0,0
2020-08-21,US,South Dakota,Minnehaha,4819,70,0,43.67441641,-96.7910885,46099.0,2495.158801661023,1.4525835235526043,4749,4757,70,0,4687,4727,192876,62,0,0,62,30
2020-08-21,US,South Dakota,Moody,34,0,0,44.02266214,-96.67081159,46101.0,517.0316301703161,0.0,34,34,0,0,34,34,6579,0,0,0,0,0
2020-08-21,US,South Dakota,Oglala Lakota,160,2,0,43.33749164,-102.55554980000001,46102.0,1128.5885589334841,1.25,158,159,2,0,157,159,14309,1,0,0,1,0
2020-08-21,US,South Dakota,Pennington,994,33,0,44.0025835,-102.8240777,46103.0,873.654141946825,3.3199195171026163,961,975,33,0,942,962,111729,19,0,0,19,13
2020-08-21,US,South Dakota,Perkins,6,0,0,45.49049506,-102.47555859999999,46105.0,209.42408376963348,0.0,6,6,0,0,6,6,2922,0,0,0,0,0
2020-08-21,US,South Dakota,Potter,3,0,0,45.06583079,-99.95498503,46107.0,139.34045517882026,0.0,3,3,0,0,3,2,2207,0,0,0,0,1
2020-08-21,US,South Dakota,Roberts,88,1,0,45.62975048,-96.94672673,46109.0,846.6422936309409,1.1363636363636365,87,87,1,0,86,87,10447,1,0,0,1,0
2020-08-21,US,South Dakota,Sanborn,13,0,0,44.02351092,-98.09098159999999,46111.0,554.6075085324234,0.0,13,13,0,0,13,13,2429,0,0,0,0,0
2020-08-21,US,South Dakota,Spink,29,0,0,44.93837606,-98.34626602,46115.0,454.8306148055207,0.0,29,27,0,0,27,27,6495,2,0,0,2,0
2020-08-21,US,South Dakota,Stanley,20,0,0,44.41381872,-100.7349153,46117.0,645.577792123951,0.0,20,19,0,0,19,17,3022,1,0,0,1,2
2020-08-21,US,South Dakota,Sully,6,0,0,44.71571812,-100.1278092,46119.0,431.34435657800145,0.0,6,4,0,0,4,4,1392,2,0,0,2,0
2020-08-21,US,South Dakota,Todd,76,5,0,43.19338568,-100.71955030000001,46121.0,746.7819593200354,6.578947368421053,71,75,5,0,70,75,10283,1,0,0,1,0
2020-08-21,US,South Dakota,Tripp,20,0,0,43.34459388,-99.8854891,46123.0,367.5794890645102,0.0,20,20,0,0,20,20,5478,0,0,0,0,0
2020-08-21,US,South Dakota,Turner,65,0,0,43.3109081,-97.14865776,46125.0,775.2862595419847,0.0,65,64,0,0,64,63,8424,1,0,0,1,1
2020-08-21,US,South Dakota,Union,231,4,0,42.83112163,-96.6557828,46127.0,1449.9121265377858,1.7316017316017316,227,230,4,0,226,224,15619,1,0,0,1,6
2020-08-21,US,South Dakota,Walworth,27,0,0,45.43019636,-100.03075140000001,46129.0,496.78012879484817,0.0,27,24,0,0,24,23,5587,3,0,0,3,1
2020-08-21,US,South Dakota,Yankton,166,3,0,43.00924485,-97.39467635,46135.0,727.6233891470151,1.8072289156626504,163,164,3,0,161,159,22869,2,0,0,2,5
2020-08-21,US,South Dakota,Ziebach,38,0,0,44.97881876,-101.6654622,46137.0,1378.809869375907,0.0,38,35,0,0,35,35,2742,3,0,0,3,0
2020-08-21,US,Tennessee,Anderson,816,7,0,36.12684348,-84.19965764,47001.0,1060.0431292057472,0.8578431372549019,809,808,6,0,802,799,76482,8,1,0,7,9
2020-08-21,US,Tennessee,Bedford,1023,13,0,35.51123746,-86.45549096,47003.0,2057.8118399613777,1.270772238514174,1010,1016,13,0,1003,1006,49038,7,0,0,7,10
2020-08-21,US,Tennessee,Benton,212,3,0,36.07110411,-88.06849355,47005.0,1311.881188118812,1.4150943396226414,209,205,3,0,202,197,16184,7,0,0,7,8
2020-08-21,US,Tennessee,Bledsoe,760,3,0,35.59942968,-85.20611967,47007.0,5045.140732873075,0.3947368421052632,757,759,3,0,756,758,14755,1,0,0,1,1
2020-08-21,US,Tennessee,Blount,1677,15,0,35.68938198,-83.92847788,47009.0,1260.0685260880018,0.8944543828264758,1662,1648,15,0,1633,1584,131349,29,0,0,29,64
2020-08-21,US,Tennessee,Bradley,2276,16,0,35.15739424,-84.857186,47011.0,2105.2631578947367,0.70298769771529,2260,2247,16,0,2231,2232,106727,29,0,0,29,15
2020-08-21,US,Tennessee,Campbell,292,2,0,36.40355516,-84.15108559999999,47013.0,732.8949349932233,0.6849315068493149,290,288,2,0,286,284,39583,4,0,0,4,4
2020-08-21,US,Tennessee,Cannon,178,0,0,35.80990797,-86.05738983,47015.0,1212.6992778307672,0.0,178,175,0,0,175,172,14462,3,0,0,3,3
2020-08-21,US,Tennessee,Carroll,463,6,0,35.97366108,-88.45189331,47017.0,1667.4469694241363,1.2958963282937366,457,449,6,0,443,426,28020,14,0,0,14,23
2020-08-21,US,Tennessee,Carter,694,14,0,36.28969086,-82.12588974,47019.0,1230.6928410561968,2.0172910662824206,680,688,9,0,679,679,56351,6,5,0,1,9
2020-08-21,US,Tennessee,Cheatham,678,9,0,36.26136216,-87.08903581,47021.0,1667.1994491848432,1.327433628318584,669,672,9,0,663,670,40439,6,0,0,6,2
2020-08-21,US,Tennessee,Chester,319,4,0,35.42527478,-88.6095842,47023.0,1844.250448054576,1.2539184952978055,315,306,3,0,303,295,17276,13,1,0,12,11
2020-08-21,US,Tennessee,Claiborne,334,2,0,36.48319149,-83.65947309,47025.0,1045.0890203072686,0.5988023952095808,332,328,2,0,326,323,31756,6,0,0,6,5
2020-08-21,US,Tennessee,Clay,96,0,0,36.55151008,-85.53930419,47027.0,1260.6697307944846,0.0,96,95,0,0,95,94,7717,1,0,0,1,1
2020-08-21,US,Tennessee,Cocke,588,6,0,35.9278914,-83.11828725,47029.0,1633.1518720142205,1.020408163265306,582,583,6,0,577,578,35774,5,0,0,5,5
2020-08-21,US,Tennessee,Coffee,670,5,0,35.49090731,-86.07311784,47031.0,1185.4210898796887,0.746268656716418,665,660,5,0,655,650,55700,10,0,0,10,10
2020-08-21,US,Tennessee,Crockett,345,12,0,35.81830662,-89.14916269,47033.0,2424.4553759662685,3.4782608695652173,333,340,11,0,329,320,14328,5,1,0,4,20
2020-08-21,US,Tennessee,Cumberland,669,7,0,35.95271721,-84.99840585,47035.0,1105.419695968275,1.0463378176382658,662,658,7,0,651,627,59673,11,0,0,11,31
2020-08-21,US,Tennessee,Davidson,22617,245,0,36.17007426,-86.78646056,47037.0,3258.257652590817,1.0832559579077683,22372,22461,242,0,22219,22326,692587,156,3,0,153,135
2020-08-21,US,Tennessee,DeKalb,409,5,0,35.97616272,-85.83689361,47041.0,1996.095656417765,1.2224938875305624,404,405,4,0,401,398,20138,4,1,0,3,7
2020-08-21,US,Tennessee,Decatur,260,4,0,35.60048904,-88.11043779,47039.0,2229.2720569321787,1.5384615384615383,256,252,3,0,249,250,11706,8,1,0,7,2
2020-08-21,US,Tennessee,Dickson,832,7,0,36.14669837,-87.35891709,47043.0,1542.2258471120338,0.8413461538461539,825,813,5,0,808,807,53446,19,2,0,17,6
2020-08-21,US,Tennessee,Dyer,809,9,0,36.05931946,-89.41542855,47045.0,2177.130708576657,1.112484548825711,800,794,9,0,785,772,37320,15,0,0,15,22
2020-08-21,US,Tennessee,Fayette,803,10,0,35.19615831,-89.41399032,47047.0,1952.203826611237,1.2453300124533002,793,797,10,0,787,787,40507,6,0,0,6,10
2020-08-21,US,Tennessee,Fentress,140,0,0,36.38128818,-84.92870012,47049.0,755.8170922636722,0.0,140,137,0,0,137,135,18217,3,0,0,3,2
2020-08-21,US,Tennessee,Franklin,412,4,0,35.15634626,-86.09201039,47051.0,976.1182714177407,0.9708737864077671,408,400,4,0,396,391,41890,12,0,0,12,9
2020-08-21,US,Tennessee,Gibson,959,11,0,35.99438059,-88.93358327,47053.0,1951.8449921641254,1.1470281543274243,948,912,11,0,901,877,49045,47,0,0,47,35
2020-08-21,US,Tennessee,Giles,427,14,0,35.20222469,-87.03992678,47055.0,1449.2261743144174,3.278688524590164,413,424,14,0,410,420,29503,3,0,0,3,4
2020-08-21,US,Tennessee,Grainger,244,1,0,36.27469206,-83.51254721,47057.0,1046.3121783876502,0.4098360655737705,243,242,1,0,241,234,23145,2,0,0,2,8
2020-08-21,US,Tennessee,Greene,685,10,0,36.17470125,-82.84691273,47059.0,991.7618613270787,1.45985401459854,675,669,9,0,660,653,69087,16,1,0,15,16
2020-08-21,US,Tennessee,Grundy,139,2,0,35.38433717,-85.72142731,47061.0,1035.2275266254562,1.4388489208633093,137,139,2,0,137,136,13346,0,0,0,0,3
2020-08-21,US,Tennessee,Hamblen,1559,17,0,36.21990035,-83.26586179,47063.0,2400.8993747497457,1.0904425914047466,1542,1539,16,0,1523,1530,64569,20,1,0,19,9
2020-08-21,US,Tennessee,Hamilton,7312,61,0,35.17670231,-85.16652245,47065.0,1988.0153560048288,0.8342450765864332,7251,7223,61,0,7162,7145,364286,89,0,0,89,78
2020-08-21,US,Tennessee,Hancock,88,2,0,36.52692871,-83.22375847,47067.0,1329.3051359516614,2.272727272727273,86,87,2,0,85,84,6549,1,0,0,1,3
2020-08-21,US,Tennessee,Hardeman,1155,22,0,35.20772017,-88.99161161,47069.0,4610.778443113773,1.9047619047619049,1133,1133,22,0,1111,1108,25220,22,0,0,22,25
2020-08-21,US,Tennessee,Hardin,579,8,0,35.19732531,-88.18593755,47071.0,2257.133946670825,1.381692573402418,571,563,8,0,555,549,25776,16,0,0,16,14
2020-08-21,US,Tennessee,Hawkins,622,12,0,36.44355426,-82.94885298,47073.0,1095.3404008030147,1.929260450160772,610,613,10,0,603,606,56530,9,2,0,7,7
2020-08-21,US,Tennessee,Haywood,663,10,0,35.58332824,-89.28536625,47075.0,3831.484049930652,1.5082956259426847,653,655,9,0,646,648,17335,8,1,0,7,7
2020-08-21,US,Tennessee,Henderson,767,5,0,35.65581134,-88.38600175,47077.0,2727.887043425685,0.651890482398957,762,750,4,0,746,732,27847,17,1,0,16,18
2020-08-21,US,Tennessee,Henry,373,4,0,36.33160906,-88.30121797,47079.0,1153.1921471633946,1.0723860589812333,369,368,4,0,364,357,32358,5,0,0,5,11
2020-08-21,US,Tennessee,Hickman,327,1,0,35.80609681,-87.47643507,47081.0,1298.7528794979746,0.3058103975535168,326,323,1,0,322,319,25063,4,0,0,4,4
2020-08-21,US,Tennessee,Houston,72,0,0,36.28872054,-87.71878828,47083.0,877.9417144250702,0.0,72,70,0,0,70,68,8263,2,0,0,2,2
2020-08-21,US,Tennessee,Humphreys,150,3,0,36.03958805,-87.77992872,47085.0,807.2328059412332,2.0,147,147,3,0,144,146,18486,3,0,0,3,1
2020-08-21,US,Tennessee,Jackson,187,1,0,36.36380466,-85.67239905,47087.0,1586.6282029526556,0.5347593582887701,186,174,1,0,173,170,11758,13,0,0,13,4
2020-08-21,US,Tennessee,Jefferson,682,5,0,36.04818632,-83.45148924,47089.0,1251.4909624736215,0.7331378299120235,677,671,4,0,667,667,54012,11,1,0,10,4
2020-08-21,US,Tennessee,Johnson,372,1,0,36.45523950000001,-81.84886538,47091.0,2091.2975039352373,0.26881720430107525,371,366,1,0,365,362,17778,6,0,0,6,4
2020-08-21,US,Tennessee,Knox,5607,49,0,35.99508821,-83.94635435,47093.0,1192.1847790726601,0.8739076154806492,5558,5520,48,0,5472,5466,465289,87,1,0,86,54
2020-08-21,US,Tennessee,Lake,812,1,0,36.34180170000001,-89.48921915,47095.0,11573.546180159636,0.12315270935960593,811,809,1,0,808,807,7411,3,0,0,3,2
2020-08-21,US,Tennessee,Lauderdale,607,12,0,35.75893438,-89.63015909999999,47097.0,2368.041196894628,1.9769357495881383,595,598,11,0,587,578,25825,9,1,0,8,20
2020-08-21,US,Tennessee,Lawrence,690,8,0,35.21675201,-87.39787695,47099.0,1563.1371482941415,1.1594202898550725,682,678,8,0,670,671,43734,12,0,0,12,7
2020-08-21,US,Tennessee,Lewis,107,1,0,35.52853208,-87.49022694,47101.0,872.1878056732962,0.9345794392523364,106,98,1,0,97,93,12086,9,0,0,9,5
2020-08-21,US,Tennessee,Lincoln,373,1,0,35.13738622,-86.58910106,47103.0,1085.375080020951,0.2680965147453083,372,369,1,0,368,362,34117,4,0,0,4,7
2020-08-21,US,Tennessee,Loudon,834,3,0,35.73939663,-84.31145275,47105.0,1542.5020344751053,0.3597122302158273,831,828,3,0,825,823,53054,6,0,0,6,5
2020-08-21,US,Tennessee,Macon,876,14,0,36.53157855,-86.00778595,47111.0,3560.6861230794243,1.5981735159817352,862,875,14,0,861,876,24265,1,0,0,1,-1
2020-08-21,US,Tennessee,Madison,1513,30,0,35.61181957,-88.84076036,47113.0,1544.1296538210322,1.9828155981493718,1483,1487,28,0,1459,1458,97605,26,2,0,24,29
2020-08-21,US,Tennessee,Marion,285,5,0,35.12997174,-85.62265895,47115.0,985.9203653094406,1.7543859649122806,280,278,5,0,273,276,28575,7,0,0,7,2
2020-08-21,US,Tennessee,Marshall,416,4,0,35.45798777,-86.76420988,47117.0,1210.1818181818182,0.9615384615384616,412,405,4,0,401,400,33683,11,0,0,11,5
2020-08-21,US,Tennessee,Maury,1519,11,0,35.618741299999996,-87.07462444,47119.0,1575.9386639277081,0.7241606319947334,1508,1492,11,0,1481,1470,94340,27,0,0,27,22
2020-08-21,US,Tennessee,McMinn,684,20,0,35.42812616,-84.61520715,47107.0,1271.5172695839685,2.9239766081871346,664,661,20,0,641,651,53285,23,0,0,23,10
2020-08-21,US,Tennessee,McNairy,473,7,0,35.17468549,-88.5647812,47109.0,1840.8967074025063,1.4799154334038056,466,454,7,0,447,445,25832,19,0,0,19,9
2020-08-21,US,Tennessee,Meigs,131,2,0,35.51558739,-84.81482914,47121.0,1054.5805828369023,1.5267175572519085,129,130,1,0,129,124,12306,1,1,0,0,6
2020-08-21,US,Tennessee,Monroe,580,10,0,35.44550387,-84.24902965,47123.0,1246.1059190031153,1.7241379310344829,570,562,10,0,552,547,46357,18,0,0,18,15
2020-08-21,US,Tennessee,Montgomery,2277,23,0,36.49609412,-87.38550661,47125.0,1089.5101749819369,1.0101010101010102,2254,2240,22,0,2218,2212,205950,37,1,0,36,28
2020-08-21,US,Tennessee,Moore,83,0,0,35.27724699,-86.36230578,47127.0,1279.284833538841,0.0,83,81,0,0,81,80,6411,2,0,0,2,1
2020-08-21,US,Tennessee,Morgan,170,1,0,36.13248031,-84.64880098,47129.0,794.2811755361397,0.5882352941176471,169,167,1,0,166,162,21579,3,0,0,3,5
2020-08-21,US,Tennessee,Obion,730,5,0,36.35732446,-89.14921589,47131.0,2427.7495094615715,0.6849315068493149,725,716,5,0,711,700,30267,14,0,0,14,16
2020-08-21,US,Tennessee,Out of TN,2912,21,0,0.0,0.0,80047.0,0.0,0.7211538461538461,2891,2915,20,0,2895,2990,,-3,1,0,-4,-75
2020-08-21,US,Tennessee,Overton,331,1,0,36.34117832,-85.28989535,47133.0,1488.2424351423047,0.3021148036253776,330,316,1,0,315,307,22068,15,0,0,15,9
2020-08-21,US,Tennessee,Perry,95,0,0,35.63708728,-87.86139634,47135.0,1176.3249133234274,0.0,95,93,0,0,93,93,8064,2,0,0,2,0
2020-08-21,US,Tennessee,Pickett,43,1,0,36.55606529,-85.07763299999998,47137.0,851.8225039619651,2.3255813953488373,42,41,1,0,40,41,5082,2,0,0,2,0
2020-08-21,US,Tennessee,Polk,296,10,0,35.12245443,-84.52075859,47139.0,1758.555133079848,3.3783783783783785,286,294,10,0,284,288,16898,2,0,0,2,6
2020-08-21,US,Tennessee,Putnam,2087,23,0,36.14005459,-85.50646123,47141.0,2600.785095644589,1.1020603737422137,2064,2062,22,0,2040,2008,78843,25,1,0,24,54
2020-08-21,US,Tennessee,Rhea,606,2,0,35.60536161,-84.93076643,47143.0,1827.1173154038647,0.33003300330033003,604,602,2,0,600,596,33044,4,0,0,4,6
2020-08-21,US,Tennessee,Roane,573,2,0,35.84923189,-84.52458689,47145.0,1073.395526581994,0.34904013961605584,571,567,2,0,565,559,53140,6,0,0,6,8
2020-08-21,US,Tennessee,Robertson,1708,25,0,36.52454807,-86.87346725,47147.0,2378.39945413783,1.4637002341920375,1683,1694,23,0,1671,1678,71012,14,2,0,12,16
2020-08-21,US,Tennessee,Rutherford,7363,65,0,35.84591405,-86.4107263,47149.0,2215.868907714763,0.8827923400787723,7298,7300,61,0,7239,7223,324890,63,4,0,59,77
2020-08-21,US,Tennessee,Scott,151,2,0,36.42325673,-84.50360494,47151.0,684.2486858800072,1.3245033112582782,149,151,2,0,149,145,22039,0,0,0,0,6
2020-08-21,US,Tennessee,Sequatchie,136,1,0,35.36979721,-85.41022136,47153.0,905.0978304272594,0.7352941176470589,135,132,1,0,131,132,14876,4,0,0,4,0
2020-08-21,US,Tennessee,Sevier,2126,11,0,35.78077323,-83.52244332,47155.0,2163.8676844783718,0.5174035747883349,2115,2108,11,0,2097,2096,97892,18,0,0,18,12
2020-08-21,US,Tennessee,Shelby,25427,360,0,35.1864775,-89.89692423,47157.0,2713.1799489097984,1.4158178314390215,25067,25210,346,0,24864,25096,935764,217,14,0,203,114
2020-08-21,US,Tennessee,Smith,494,8,0,36.25359775,-85.95411046,47159.0,2450.761522051893,1.6194331983805668,486,492,7,0,485,489,19942,2,1,0,1,3
2020-08-21,US,Tennessee,Stewart,89,0,0,36.50235092,-87.83920548,47161.0,648.9245351804592,0.0,89,89,0,0,89,89,13561,0,0,0,0,0
2020-08-21,US,Tennessee,Sullivan,1273,22,0,36.51240691,-82.30412917,47163.0,803.9255311086972,1.7282010997643362,1251,1228,21,0,1207,1221,157668,45,1,0,44,7
2020-08-21,US,Tennessee,Sumner,3808,81,0,36.46824103,-86.45917204,47165.0,1990.7676061124093,2.1271008403361344,3727,3781,80,0,3701,3730,187149,27,1,0,26,51
2020-08-21,US,Tennessee,Tipton,1301,13,0,35.501942,-89.73694895,47167.0,2112.0472734947,0.9992313604919292,1288,1295,13,0,1282,1295,61581,6,0,0,6,0
2020-08-21,US,Tennessee,Trousdale,1591,6,0,36.39026213,-86.16087954,47169.0,14099.610067352005,0.3771213073538655,1585,1589,6,0,1583,1586,11012,2,0,0,2,3
2020-08-21,US,Tennessee,Unassigned,3250,6,0,0.0,0.0,90047.0,0.0,0.18461538461538465,3244,3187,4,0,3183,3182,,63,2,0,61,5
2020-08-21,US,Tennessee,Unicoi,201,1,0,36.10890856,-82.43709629,47171.0,1123.9724878376112,0.4975124378109453,200,195,0,0,195,191,17761,6,1,0,5,4
2020-08-21,US,Tennessee,Union,199,0,0,36.28590426,-83.83651902,47173.0,996.3949529341078,0.0,199,196,0,0,196,185,19688,3,0,0,3,11
2020-08-21,US,Tennessee,Van Buren,49,0,0,35.69864497,-85.45221699,47175.0,834.4686648501363,0.0,49,49,0,0,49,46,5765,0,0,0,0,3
2020-08-21,US,Tennessee,Warren,696,6,0,35.672829899999996,-85.77969117,47177.0,1686.1690529835016,0.8620689655172413,690,669,6,0,663,641,40878,27,0,0,27,28
2020-08-21,US,Tennessee,Washington,1541,6,0,36.29472368,-82.49454720000001,47179.0,1191.111111111111,0.3893575600259572,1535,1524,4,0,1520,1513,128607,17,2,0,15,11
2020-08-21,US,Tennessee,Wayne,252,2,0,35.23868267,-87.78644456,47181.0,1511.4256582498651,0.7936507936507936,250,246,2,0,244,244,16558,6,0,0,6,2
2020-08-21,US,Tennessee,Weakley,686,7,0,36.29896232,-88.71990865,47183.0,2058.3293326932308,1.020408163265306,679,671,7,0,664,658,33415,15,0,0,15,13
2020-08-21,US,Tennessee,White,400,7,0,35.92929884,-85.45591799,47185.0,1462.7902724446885,1.75,393,384,6,0,378,364,27107,16,1,0,15,20
2020-08-21,US,Tennessee,Williamson,4055,27,0,35.89099229,-86.89281867,47187.0,1700.8372061808966,0.6658446362515413,4028,4014,26,0,3988,3979,231729,41,1,0,40,35
2020-08-21,US,Tennessee,Wilson,2604,28,0,36.15496772,-86.29775884,47189.0,1800.1202845351415,1.075268817204301,2576,2581,27,0,2554,2563,140625,23,1,0,22,18
2020-08-21,US,Texas,Anderson,2417,18,0,31.81534745,-95.65354823,48001.0,4186.368753788863,0.7447248655357882,2399,2416,17,0,2399,2423,58057,1,1,0,0,-7
2020-08-21,US,Texas,Andrews,355,8,0,32.30468633,-102.63765479999999,48003.0,1897.8882651697406,2.2535211267605635,347,350,7,0,343,346,18128,5,1,0,4,4
2020-08-21,US,Texas,Angelina,1953,58,0,31.25457347,-94.60901487,48005.0,2252.205500778412,2.9697900665642596,1895,1953,55,0,1898,1930,87092,0,3,0,-3,23
2020-08-21,US,Texas,Aransas,194,16,0,28.10556197,-96.9995047,48007.0,825.1807741386644,8.24742268041237,178,190,16,0,174,190,23792,4,0,0,4,0
2020-08-21,US,Texas,Archer,36,0,0,33.61569967,-98.68754589,48009.0,420.9049456331112,0.0,36,33,0,0,33,33,8786,3,0,0,3,0
2020-08-21,US,Texas,Armstrong,10,0,0,34.96507426,-101.35748740000001,48011.0,529.9417064122946,0.0,10,9,0,0,9,8,1892,1,0,0,1,1
2020-08-21,US,Texas,Atascosa,526,21,0,28.89333001,-98.52730485,48013.0,1028.2876859617227,3.9923954372623576,505,519,21,0,498,523,50310,7,0,0,7,-4
2020-08-21,US,Texas,Austin,368,4,0,29.88548725,-96.27736949,48015.0,1225.3596164091634,1.0869565217391304,364,352,4,0,348,344,29989,16,0,0,16,8
2020-08-21,US,Texas,Bailey,196,4,0,34.06854817,-102.8299707,48017.0,2800.0,2.0408163265306123,192,196,4,0,192,195,7027,0,0,0,0,1
2020-08-21,US,Texas,Bandera,105,3,0,29.74619598,-99.24598147,48019.0,454.30944963655236,2.8571428571428568,102,103,3,0,100,102,22824,2,0,0,2,1
2020-08-21,US,Texas,Bastrop,1513,25,0,30.10370699,-97.31206354,48021.0,1705.3075301781948,1.652346331791143,1488,1501,25,0,1476,1477,86976,12,0,0,12,24
2020-08-21,US,Texas,Baylor,12,0,0,33.61640794,-99.21352901,48023.0,341.9777714448561,0.0,12,13,0,0,13,13,3582,-1,0,0,-1,0
2020-08-21,US,Texas,Bee,1450,18,0,28.41761668,-97.74215593,48025.0,4452.633195148165,1.2413793103448276,1432,1438,18,0,1420,1429,32587,12,0,0,12,9
2020-08-21,US,Texas,Bell,4501,52,0,31.03736027,-97.4785025,48027.0,1240.2045607344792,1.1552988224838925,4449,4452,51,0,4401,4423,355642,49,1,0,48,29
2020-08-21,US,Texas,Bexar,44814,981,0,29.44928723,-98.52019748,48029.0,2236.725339072468,2.189048065336725,43833,44642,957,0,43685,44456,1986049,172,24,0,148,186
2020-08-21,US,Texas,Blanco,128,5,0,30.26640707,-98.3999852,48031.0,1072.8354706227474,3.90625,123,128,5,0,123,128,11702,0,0,0,0,0
2020-08-21,US,Texas,Bosque,194,4,0,31.89978581,-97.63613524,48035.0,1038.2659887610382,2.061855670103093,190,193,3,0,190,188,18691,1,1,0,0,5
2020-08-21,US,Texas,Bowie,859,41,0,33.44626922,-94.41834132,48037.0,921.2290203228056,4.7729918509895235,818,812,40,0,772,812,94324,47,1,0,46,0
2020-08-21,US,Texas,Brazoria,8514,122,0,29.18757369,-95.44563172,48039.0,2274.8648013167176,1.432933991073526,8392,8438,121,0,8317,8367,370200,76,1,0,75,71
2020-08-21,US,Texas,Brazos,4275,53,0,30.663644800000004,-96.30205577,48041.0,1865.093734593889,1.239766081871345,4222,4251,53,0,4198,4225,226758,24,0,0,24,26
2020-08-21,US,Texas,Brewster,187,2,0,29.81008251,-103.25203259999999,48043.0,2031.9461045311316,1.0695187165775402,185,187,2,0,185,187,9267,0,0,0,0,0
2020-08-21,US,Texas,Briscoe,12,1,0,34.53026962,-101.2084947,48045.0,776.1966364812421,8.333333333333334,11,12,1,0,11,12,1516,0,0,0,0,0
2020-08-21,US,Texas,Brooks,182,10,0,27.03103197,-98.21808402,48047.0,2565.910052164105,5.494505494505495,172,167,9,0,158,152,7114,15,1,0,14,15
2020-08-21,US,Texas,Brown,428,19,0,31.77430356,-98.99907113,48049.0,1130.361293048806,4.439252336448599,409,427,19,0,408,427,37924,1,0,0,1,0
2020-08-21,US,Texas,Burleson,267,6,0,30.49273808,-96.62158484,48051.0,1447.7037358347338,2.247191011235955,261,266,6,0,260,265,18389,1,0,0,1,1
2020-08-21,US,Texas,Burnet,593,12,0,30.78801353,-98.181887,48053.0,1231.4401412106736,2.023608768971332,581,595,11,0,584,586,47542,-2,1,0,-3,9
2020-08-21,US,Texas,Caldwell,1198,31,0,29.83668859,-97.61814775,48055.0,2743.6790032979115,2.5876460767946576,1167,1195,30,0,1165,1195,43247,3,1,0,2,0
2020-08-21,US,Texas,Calhoun,579,7,0,28.47048236,-96.61633945,48057.0,2719.5866604039456,1.2089810017271156,572,565,7,0,558,562,21561,14,0,0,14,3
2020-08-21,US,Texas,Callahan,56,3,0,32.29760619,-99.37326312,48059.0,401.63522914724234,5.357142857142857,53,56,3,0,53,56,13994,0,0,0,0,0
2020-08-21,US,Texas,Cameron,18874,629,0,26.14524221,-97.48140372,48061.0,4460.219820731018,3.3326268941400867,18245,18559,611,0,17948,18338,423908,315,18,0,297,221
2020-08-21,US,Texas,Camp,270,7,0,32.97195142,-94.97790104,48063.0,2062.0131357873834,2.592592592592593,263,270,7,0,263,262,13033,0,0,0,0,8
2020-08-21,US,Texas,Carson,17,0,0,35.40365929,-101.35426690000001,48065.0,286.87141410732363,0.0,17,17,0,0,17,17,6005,0,0,0,0,0
2020-08-21,US,Texas,Cass,222,9,0,33.07499881,-94.34646905,48067.0,739.3592220075934,4.0540540540540535,213,218,9,0,209,213,30119,4,0,0,4,5
2020-08-21,US,Texas,Castro,214,4,0,34.53016752,-102.2617243,48069.0,2841.9654714475428,1.8691588785046729,210,209,4,0,205,210,7665,5,0,0,5,-1
2020-08-21,US,Texas,Chambers,1080,5,0,29.70972016,-94.67154501,48071.0,2463.672240344914,0.462962962962963,1075,1080,5,0,1075,1054,42454,0,0,0,0,26
2020-08-21,US,Texas,Cherokee,1325,13,0,31.837258000000002,-95.16559897,48073.0,2516.810393952057,0.981132075471698,1312,1307,13,0,1294,1284,52592,18,0,0,18,23
2020-08-21,US,Texas,Childress,53,0,0,34.529304100000004,-100.2077916,48075.0,725.4311524774158,0.0,53,53,0,0,53,53,7291,0,0,0,0,0
2020-08-21,US,Texas,Clay,59,1,0,33.78686685,-98.20771198,48077.0,563.460987489256,1.6949152542372878,58,51,1,0,50,50,10456,8,0,0,8,1
2020-08-21,US,Texas,Cochran,35,1,0,33.60425307,-102.82844990000001,48079.0,1226.7788293024887,2.8571428571428568,34,35,0,0,35,35,2836,0,1,0,-1,0
2020-08-21,US,Texas,Coke,45,2,0,31.88911733,-100.5297533,48081.0,1328.6093888396808,4.4444444444444455,43,44,2,0,42,43,3370,1,0,0,1,1
2020-08-21,US,Texas,Coleman,43,2,0,31.76736834,-99.45240766,48083.0,525.9938837920489,4.651162790697675,41,37,1,0,36,37,8397,6,1,0,5,0
2020-08-21,US,Texas,Collin,10521,107,0,33.18820114,-96.57264368,48085.0,1016.7869879098897,1.0170135918638912,10414,10451,106,0,10345,10412,1005146,70,1,0,69,39
2020-08-21,US,Texas,Collingsworth,16,0,0,34.96489496,-100.27001109999999,48087.0,547.9452054794519,0.0,16,16,0,0,16,15,2962,0,0,0,0,1
2020-08-21,US,Texas,Colorado,399,3,0,29.622097999999998,-96.5273805,48089.0,1856.418368771228,0.7518796992481203,396,378,3,0,375,370,21217,21,0,0,21,8
2020-08-21,US,Texas,Comal,2263,92,0,29.80811278,-98.27647225,48091.0,1448.7001389164514,4.065399911621741,2171,2256,91,0,2165,2200,148373,7,1,0,6,56
2020-08-21,US,Texas,Comanche,185,3,0,31.94854689,-98.55876441,48093.0,1356.8023469013567,1.6216216216216215,182,183,3,0,180,182,13534,2,0,0,2,1
2020-08-21,US,Texas,Concho,35,0,0,31.32635934,-99.86473038,48095.0,1283.9325018341892,0.0,35,36,0,0,36,36,4276,-1,0,0,-1,0
2020-08-21,US,Texas,Cooke,284,4,0,33.63979567,-97.21240912,48097.0,688.368034515355,1.4084507042253518,280,283,3,0,280,282,40574,1,1,0,0,1
2020-08-21,US,Texas,Coryell,763,7,0,31.39078397,-97.79936155,48099.0,1004.5950678727072,0.9174311926605504,756,763,6,0,757,739,74808,0,1,0,-1,24
2020-08-21,US,Texas,Cottle,18,2,0,34.07783319,-100.27850620000001,48101.0,1287.5536480686694,11.111111111111109,16,18,2,0,16,18,1389,0,0,0,0,0
2020-08-21,US,Texas,Crane,70,2,0,31.43052248,-102.5143314,48103.0,1459.245361684386,2.8571428571428568,68,71,2,0,69,70,4794,-1,0,0,-1,1
2020-08-21,US,Texas,Crockett,159,4,0,30.72367027,-101.4134238,48105.0,4590.069284064665,2.5157232704402515,155,157,4,0,153,157,3499,2,0,0,2,0
2020-08-21,US,Texas,Crosby,74,1,0,33.61431553,-101.30003640000001,48107.0,1289.872755795712,1.351351351351351,73,72,1,0,71,72,5779,2,0,0,2,0
2020-08-21,US,Texas,Culberson,22,2,0,31.44506775,-104.5185739,48109.0,1013.3578995854443,9.090909090909092,20,22,2,0,20,22,2204,0,0,0,0,0
2020-08-21,US,Texas,Dallam,201,6,0,36.27787176,-102.60207249999999,48111.0,2758.336764100453,2.985074626865672,195,199,6,0,193,199,7200,2,0,0,2,0
2020-08-21,US,Texas,Dallas,67486,868,0,32.76670599,-96.77796049999999,48113.0,2560.6370820742504,1.286192691817562,66618,66772,854,0,65918,66464,2637772,714,14,0,700,308
2020-08-21,US,Texas,Dawson,184,7,0,32.74255572,-101.94772420000001,48115.0,1445.6316781898174,3.804347826086957,177,181,7,0,174,177,12619,3,0,0,3,4
2020-08-21,US,Texas,DeWitt,776,24,0,29.08101855,-97.35681170000001,48123.0,3849.206349206349,3.0927835051546397,752,777,23,0,754,763,20187,-1,1,0,-2,14
2020-08-21,US,Texas,Deaf Smith,762,19,0,34.96522957,-102.6054267,48117.0,4108.702685215141,2.493438320209974,743,761,19,0,742,754,18760,1,0,0,1,7
2020-08-21,US,Texas,Delta,18,0,0,33.38570922,-95.66921122,48119.0,337.64772087788407,0.0,18,18,0,0,18,17,5349,0,0,0,0,1
2020-08-21,US,Texas,Denton,8950,116,0,33.20521901,-97.11691153,48121.0,1008.7837449434012,1.2960893854748603,8834,8841,109,0,8732,8690,859064,109,7,0,102,151
2020-08-21,US,Texas,Dickens,6,1,0,33.61616822,-100.7788855,48125.0,271.370420624152,16.666666666666668,5,5,1,0,4,5,2249,1,0,0,1,0
2020-08-21,US,Texas,Dimmit,169,4,0,28.42270064,-99.75645095,48127.0,1669.3006716712762,2.366863905325444,165,169,4,0,165,168,10308,0,0,0,0,1
2020-08-21,US,Texas,Donley,52,1,0,34.96517499,-100.8140093,48129.0,1586.333129957291,1.9230769230769231,51,50,1,0,49,49,3319,2,0,0,2,1
2020-08-21,US,Texas,Duval,212,8,0,27.68184592,-98.50864568,48131.0,1900.1523707089718,3.7735849056603774,204,212,7,0,205,211,11212,0,1,0,-1,1
2020-08-21,US,Texas,Eastland,102,1,0,32.32743996,-98.83243566,48133.0,555.5555555555555,0.9803921568627452,101,100,1,0,99,98,18322,2,0,0,2,2
2020-08-21,US,Texas,Ector,4007,64,0,31.86898877,-102.54294279999999,48135.0,2410.6170626206963,1.59720489143998,3943,3958,64,0,3894,3931,162124,49,0,0,49,27
2020-08-21,US,Texas,Edwards,34,0,0,29.98202582,-100.304252,48137.0,1759.8343685300208,0.0,34,30,0,0,30,30,1928,4,0,0,4,0
2020-08-21,US,Texas,El Paso,19177,387,0,31.76980765,-106.23632749999999,48141.0,2285.04905640593,2.01804244668092,18790,19057,382,0,18675,18914,840758,120,5,0,115,143
2020-08-21,US,Texas,Ellis,3486,54,0,32.34894117,-96.79371841,48139.0,1886.0982762165493,1.5490533562822721,3432,3445,54,0,3391,3427,179436,41,0,0,41,18
2020-08-21,US,Texas,Erath,614,7,0,32.23602653,-98.21773417,48143.0,1438.0064640029975,1.1400651465798046,607,602,7,0,595,602,42446,12,0,0,12,0
2020-08-21,US,Texas,Falls,150,3,0,31.25350609,-96.93630086,48145.0,867.2024050413366,2.0,147,151,3,0,148,149,17335,-1,0,0,-1,2
2020-08-21,US,Texas,Fannin,384,10,0,33.59564294,-96.10751083,48147.0,1081.263726980909,2.6041666666666665,374,371,10,0,361,355,35286,13,0,0,13,16
2020-08-21,US,Texas,Fayette,442,15,0,29.87788372,-96.92076062,48149.0,1743.864909650438,3.3936651583710407,427,431,15,0,416,418,25349,11,0,0,11,13
2020-08-21,US,Texas,Fisher,47,1,0,32.74281316,-100.40193020000001,48151.0,1227.154046997389,2.127659574468085,46,45,1,0,44,42,3839,2,0,0,2,3
2020-08-21,US,Texas,Floyd,98,7,0,34.07227468,-101.3031546,48153.0,1715.686274509804,7.142857142857142,91,97,7,0,90,96,5837,1,0,0,1,1
2020-08-21,US,Texas,Foard,3,0,0,33.97308618,-99.7767797,48155.0,259.7402597402597,0.0,3,3,0,0,3,3,1200,0,0,0,0,0
2020-08-21,US,Texas,Fort Bend,13794,211,0,29.52704478,-95.77219463,48157.0,1699.4214525778375,1.5296505727127736,13583,13688,204,0,13484,13605,787858,106,7,0,99,83
2020-08-21,US,Texas,Franklin,100,4,0,33.17653242,-95.21917243,48159.0,932.4009324009323,4.0,96,100,4,0,96,99,10766,0,0,0,0,1
2020-08-21,US,Texas,Freestone,199,0,0,31.70422788,-96.15072516,48161.0,1009.2813308312624,0.0,199,199,0,0,199,191,19808,0,0,0,0,8
2020-08-21,US,Texas,Frio,607,7,0,28.86751206,-99.10804207,48163.0,2989.2642568698907,1.1532125205930808,600,604,7,0,597,604,19816,3,0,0,3,0
2020-08-21,US,Texas,Gaines,225,5,0,32.74055318,-102.6353295,48165.0,1046.9011725293133,2.2222222222222223,220,216,4,0,212,209,20901,9,1,0,8,7
2020-08-21,US,Texas,Galveston,10308,130,0,29.40167322,-94.90469073,48167.0,3012.8105828332928,1.2611563833915405,10178,10283,129,0,10154,10212,337890,25,1,0,24,71
2020-08-21,US,Texas,Garza,101,3,0,33.17969345,-101.2984114,48169.0,1621.4480655000802,2.9702970297029703,98,101,3,0,98,101,6578,0,0,0,0,0
2020-08-21,US,Texas,Gillespie,192,6,0,30.31824095,-98.94676915,48171.0,711.4273010226767,3.125,186,192,6,0,186,191,26804,0,0,0,0,1
2020-08-21,US,Texas,Glasscock,6,0,0,31.86942909,-101.5207776,48173.0,425.83392476934,0.0,6,6,0,0,6,6,1388,0,0,0,0,0
2020-08-21,US,Texas,Goliad,121,6,0,28.65696592,-97.42760647,48175.0,1580.0470096630975,4.958677685950414,115,121,6,0,115,121,7584,0,0,0,0,0
2020-08-21,US,Texas,Gonzales,749,11,0,29.45634206,-97.49424032,48177.0,3594.5673561453186,1.4686248331108145,738,749,11,0,738,750,20826,0,0,0,0,-1
2020-08-21,US,Texas,Gray,238,3,0,35.40081878,-100.8129222,48179.0,1087.4531664077492,1.2605042016806722,235,235,3,0,232,232,21895,3,0,0,3,3
2020-08-21,US,Texas,Grayson,1353,18,0,33.62744998,-96.67753461,48181.0,993.3045546647872,1.3303769401330376,1335,1344,17,0,1327,1322,133991,9,1,0,8,22
2020-08-21,US,Texas,Gregg,1751,43,0,32.47940482,-94.81591935,48183.0,1412.7233853725445,2.4557395773843522,1708,1728,38,0,1690,1719,123707,23,5,0,18,9
2020-08-21,US,Texas,Grimes,955,29,0,30.54579585,-95.98902499,48185.0,3306.786703601108,3.0366492146596857,926,952,29,0,923,936,28360,3,0,0,3,16
2020-08-21,US,Texas,Guadalupe,1851,66,0,29.58165339,-97.94786822,48187.0,1109.399629600772,3.5656401944894647,1785,1840,64,0,1776,1816,163694,11,2,0,9,24
2020-08-21,US,Texas,Hale,1538,39,0,34.07044901,-101.82681140000001,48189.0,4603.963359875472,2.5357607282184653,1499,1532,36,0,1496,1520,33830,6,3,0,3,12
2020-08-21,US,Texas,Hall,16,1,0,34.5307555,-100.68138520000001,48191.0,539.8110661268556,6.25,15,15,1,0,14,15,3028,1,0,0,1,0
2020-08-21,US,Texas,Hamilton,95,3,0,31.70470573,-98.11083887,48193.0,1122.7987235551354,3.1578947368421053,92,97,3,0,94,97,8484,-2,0,0,-2,0
2020-08-21,US,Texas,Hansford,99,2,0,36.27743284,-101.3545796,48195.0,1833.6729023893313,2.0202020202020203,97,99,2,0,97,98,5463,0,0,0,0,1
2020-08-21,US,Texas,Hardeman,22,0,0,34.28944521,-99.74632408,48197.0,559.3694380879734,0.0,22,22,0,0,22,22,3922,0,0,0,0,0
2020-08-21,US,Texas,Hardin,1217,18,0,30.33364686,-94.38931817,48199.0,2112.77386201868,1.4790468364831553,1199,1177,18,0,1159,1156,57207,40,0,0,40,21
2020-08-21,US,Texas,Harris,96658,1978,0,29.85864939,-95.39339521,48201.0,2050.739127898034,2.0463903660328167,94680,95631,1953,0,93678,94676,4698619,1027,25,0,1002,955
2020-08-21,US,Texas,Harrison,772,26,0,32.54935988,-94.36934071,48203.0,1159.9777620843538,3.3678756476683938,746,760,26,0,734,753,66726,12,0,0,12,7
2020-08-21,US,Texas,Hartley,98,0,0,35.84008013,-102.6029022,48205.0,1757.5322812051652,0.0,98,97,0,0,97,97,5619,1,0,0,1,0
2020-08-21,US,Texas,Haskell,51,1,0,33.17823584,-99.73037358,48207.0,901.3785790031814,1.96078431372549,50,51,0,0,51,53,5813,0,1,0,-1,-2
2020-08-21,US,Texas,Hays,5250,48,0,30.05669873,-98.02944344,48209.0,2280.714710827096,0.9142857142857144,5202,5230,47,0,5183,5210,222631,20,1,0,19,20
2020-08-21,US,Texas,Hemphill,47,0,0,35.83764858,-100.2703577,48211.0,1230.688661953391,0.0,47,47,0,0,47,47,3825,0,0,0,0,0
2020-08-21,US,Texas,Henderson,745,14,0,32.21128872,-95.85846587,48213.0,900.4435742170973,1.8791946308724832,731,741,13,0,728,726,82299,4,1,0,3,15
2020-08-21,US,Texas,Hidalgo,23993,1071,0,26.39418217,-98.18299696,48215.0,2761.9208778103553,4.463801942233151,22922,23513,1048,0,22465,23116,865939,480,23,0,457,397
2020-08-21,US,Texas,Hill,343,7,0,31.99045053,-97.13423143,48217.0,935.9054817321072,2.0408163265306123,336,343,7,0,336,343,36354,0,0,0,0,0
2020-08-21,US,Texas,Hockley,236,5,0,33.60771256,-102.3431676,48219.0,1025.1509491334,2.1186440677966103,231,232,5,0,227,230,22980,4,0,0,4,2
2020-08-21,US,Texas,Hood,675,18,0,32.42990927,-97.83242024,48221.0,1095.0148435345457,2.6666666666666665,657,668,15,0,653,664,60537,7,3,0,4,4
2020-08-21,US,Texas,Hopkins,232,3,0,33.14875072,-95.56351139,48223.0,625.6067306655161,1.293103448275862,229,227,3,0,224,223,36810,5,0,0,5,4
2020-08-21,US,Texas,Houston,323,8,0,31.31925973,-95.42226208,48225.0,1406.3044235458026,2.476780185758514,315,325,8,0,317,324,23169,-2,0,0,-2,1
2020-08-21,US,Texas,Howard,244,8,0,32.30621324,-101.4356444,48227.0,665.502945668776,3.278688524590164,236,229,8,0,221,226,36459,15,0,0,15,3
2020-08-21,US,Texas,Hudspeth,36,2,0,31.45628381,-105.388178,48229.0,736.7990176013099,5.5555555555555545,34,36,2,0,34,36,4795,0,0,0,0,0
2020-08-21,US,Texas,Hunt,1336,24,0,33.12351514,-96.08551032,48231.0,1355.0520315637868,1.7964071856287425,1312,1310,23,0,1287,1301,96493,26,1,0,25,9
2020-08-21,US,Texas,Hutchinson,138,3,0,35.84006574,-101.3546643,48233.0,659.0887381793867,2.1739130434782608,135,137,3,0,134,133,21198,1,0,0,1,4
2020-08-21,US,Texas,Irion,9,0,0,31.30375559,-100.982439,48235.0,585.9375,0.0,9,9,0,0,9,9,1522,0,0,0,0,0
2020-08-21,US,Texas,Jack,112,0,0,33.23377248,-98.17283469,48237.0,1253.4974818130945,0.0,112,103,0,0,103,102,8843,9,0,0,9,1
2020-08-21,US,Texas,Jackson,477,13,0,28.95472367,-96.57749563,48239.0,3231.707317073171,2.7253668763102725,464,463,13,0,450,443,14874,14,0,0,14,20
2020-08-21,US,Texas,Jasper,390,16,0,30.74685667,-94.02667579,48241.0,1097.694840834248,4.102564102564102,374,377,16,0,361,370,35872,13,0,0,13,7
2020-08-21,US,Texas,Jeff Davis,8,0,0,30.71490589,-104.1399973,48243.0,351.8029903254178,0.0,8,8,0,0,8,8,2252,0,0,0,0,0
2020-08-21,US,Texas,Jefferson,6456,98,0,29.8832777,-94.16434171,48245.0,2566.334744499433,1.5179677819083024,6358,6388,97,0,6291,6360,255001,68,1,0,67,28
2020-08-21,US,Texas,Jim Hogg,69,2,0,27.04453923,-98.69681870000001,48247.0,1326.923076923077,2.898550724637681,67,69,2,0,67,68,5248,0,0,0,0,1
2020-08-21,US,Texas,Jim Wells,906,21,0,27.73103938,-98.0904705,48249.0,2238.0317178005043,2.3178807947019866,885,899,20,0,879,879,40822,7,1,0,6,20
2020-08-21,US,Texas,Johnson,2379,38,0,32.37877812,-97.36615819,48251.0,1353.111473862027,1.5973097940311054,2341,2346,36,0,2310,2327,171361,33,2,0,31,19
2020-08-21,US,Texas,Jones,600,0,0,32.73997145,-99.87861576,48253.0,2987.6014539660414,0.0,600,607,0,0,607,605,19817,-7,0,0,-7,2
2020-08-21,US,Texas,Karnes,696,10,0,28.90705334,-97.85960149,48255.0,4461.252483815139,1.4367816091954022,686,694,10,0,684,693,15650,2,0,0,2,1
2020-08-21,US,Texas,Kaufman,2653,32,0,32.599141700000004,-96.28734728,48257.0,1948.528871718789,1.206181681115718,2621,2620,32,0,2588,2607,128622,33,0,0,33,13
2020-08-21,US,Texas,Kendall,191,4,0,29.94414155,-98.7113588,48259.0,402.6902236933651,2.094240837696335,187,183,4,0,179,186,45641,8,0,0,8,-3
2020-08-21,US,Texas,Kenedy,7,1,0,26.92601662,-97.66413984,48261.0,1732.6732673267327,14.285714285714285,6,7,1,0,6,7,442,0,0,0,0,0
2020-08-21,US,Texas,Kent,6,0,0,33.18104136,-100.7780939,48263.0,787.4015748031495,0.0,6,4,0,0,4,4,726,2,0,0,2,0
2020-08-21,US,Texas,Kerr,423,8,0,30.06040006,-99.34930144,48265.0,804.1825095057035,1.8912529550827424,415,422,7,0,415,419,52405,1,1,0,0,3
2020-08-21,US,Texas,Kimble,16,1,0,30.48678918,-99.74856473,48267.0,368.9186073322573,6.25,15,16,1,0,15,16,4362,0,0,0,0,0
2020-08-21,US,Texas,Kinney,22,0,0,29.34967888,-100.41866379999999,48271.0,599.9454595036815,0.0,22,22,0,0,22,21,3767,0,0,0,0,1
2020-08-21,US,Texas,Kleberg,544,20,0,27.42435506,-97.69894948,48273.0,1773.142112125163,3.6764705882352944,524,541,20,0,521,529,31129,3,0,0,3,12
2020-08-21,US,Texas,Knox,63,6,0,33.60519951,-99.74229059999999,48275.0,1719.4323144104806,9.523809523809524,57,62,5,0,57,62,3653,1,1,0,0,0
2020-08-21,US,Texas,La Salle,368,2,0,28.34453111,-99.09908775,48283.0,4893.617021276597,0.5434782608695652,366,368,2,0,366,367,7531,0,0,0,0,1
2020-08-21,US,Texas,Lamar,773,20,0,33.66981763,-95.57404777,48277.0,1550.3720491786844,2.5873221216041395,753,766,20,0,746,743,49728,7,0,0,7,23
2020-08-21,US,Texas,Lamb,256,18,0,34.06859623,-102.35162890000001,48279.0,1985.5735670518886,7.03125,238,256,18,0,238,255,13158,0,0,0,0,1
2020-08-21,US,Texas,Lampasas,140,5,0,31.19531316,-98.24206613,48281.0,653.3507560201606,3.571428571428572,135,137,5,0,132,132,21229,3,0,0,3,5
2020-08-21,US,Texas,Lavaca,661,28,0,29.38508402,-96.93186692,48285.0,3279.745956137739,4.236006051437216,633,656,27,0,629,657,20110,5,1,0,4,-1
2020-08-21,US,Texas,Lee,187,13,0,30.31120597,-96.97045773,48287.0,1084.749695457973,6.951871657754011,174,187,13,0,174,186,17144,0,0,0,0,1
2020-08-21,US,Texas,Leon,162,4,0,31.29872538,-95.9936328,48289.0,930.820501034245,2.469135802469136,158,161,3,0,158,159,17270,1,1,0,0,2
2020-08-21,US,Texas,Liberty,1268,39,0,30.15152688,-94.81205615,48291.0,1437.3320939933576,3.0757097791798107,1229,1206,39,0,1167,1183,86323,62,0,0,62,23
2020-08-21,US,Texas,Limestone,355,5,0,31.5454767,-96.58095444,48293.0,1514.6989802449118,1.4084507042253518,350,337,5,0,332,320,23519,18,0,0,18,17
2020-08-21,US,Texas,Lipscomb,22,0,0,36.27783108,-100.27331509999999,48295.0,680.4825239715435,0.0,22,22,0,0,22,22,3355,0,0,0,0,0
2020-08-21,US,Texas,Live Oak,255,5,0,28.35101362,-98.1246786,48297.0,2088.9653477512893,1.96078431372549,250,255,5,0,250,240,12166,0,0,0,0,15
2020-08-21,US,Texas,Llano,95,1,0,30.70645047,-98.68475262,48299.0,435.879788942418,1.0526315789473684,94,95,1,0,94,95,21646,0,0,0,0,0
2020-08-21,US,Texas,Lubbock,6750,82,0,33.61008596,-101.82047890000001,48303.0,2173.430059020701,1.2148148148148148,6668,6706,82,0,6624,6656,307412,44,0,0,44,50
2020-08-21,US,Texas,Lynn,76,4,0,33.17657705,-101.8162849,48305.0,1277.0962863384304,5.2631578947368425,72,76,4,0,72,75,5877,0,0,0,0,1
2020-08-21,US,Texas,Madison,688,3,0,30.96694679,-95.93003775,48313.0,4816.577989358723,0.43604651162790703,685,685,3,0,682,685,14422,3,0,0,3,0
2020-08-21,US,Texas,Marion,139,10,0,32.79868409,-94.35661230000001,48315.0,1410.5946823624924,7.1942446043165456,129,136,10,0,126,136,9928,3,0,0,3,0
2020-08-21,US,Texas,Martin,68,5,0,32.30600051,-101.9513518,48317.0,1178.305319701958,7.352941176470589,63,68,5,0,63,68,5753,0,0,0,0,0
2020-08-21,US,Texas,Mason,64,0,0,30.71780434,-99.22629416,48319.0,1497.4262985493685,0.0,64,64,0,0,64,63,4280,0,0,0,0,1
2020-08-21,US,Texas,Matagorda,852,37,0,28.81955746,-96.01230294,48321.0,2325.1371339682887,4.342723004694836,815,848,37,0,811,845,36552,4,0,0,4,3
2020-08-21,US,Texas,Maverick,2596,67,0,28.7429195,-100.3157686,48323.0,4420.830353189605,2.5808936825885977,2529,2596,57,0,2539,2596,58485,0,10,0,-10,0
2020-08-21,US,Texas,McCulloch,74,1,0,31.1925468,-99.34682807,48307.0,926.8537074148296,1.351351351351351,73,71,1,0,70,69,7987,3,0,0,3,2
2020-08-21,US,Texas,McLennan,5595,72,0,31.55255453,-97.20217694,48309.0,2180.241053997498,1.28686327077748,5523,5547,69,0,5478,5435,254607,48,3,0,45,112
2020-08-21,US,Texas,McMullen,10,0,0,28.35251708,-98.56769164,48311.0,1345.8950201884254,0.0,10,10,0,0,10,10,749,0,0,0,0,0
2020-08-21,US,Texas,Medina,1064,33,0,29.355730100000002,-99.11030298,48325.0,2062.655086848635,3.101503759398496,1031,1063,33,0,1030,1056,50921,1,0,0,1,7
2020-08-21,US,Texas,Menard,20,0,0,30.88990665,-99.82047940000001,48327.0,935.4536950420952,0.0,20,19,0,0,19,19,2139,1,0,0,1,0
2020-08-21,US,Texas,Midland,3082,62,0,31.86904128,-102.03156820000001,48329.0,1742.897213174086,2.0116807268007793,3020,3011,61,0,2950,2978,172578,71,1,0,70,33
2020-08-21,US,Texas,Milam,400,4,0,30.78581830000001,-96.97718698,48331.0,1611.4087741207752,1.0,396,396,4,0,392,391,25131,4,0,0,4,5
2020-08-21,US,Texas,Mills,31,0,0,31.49557106,-98.59272068,48333.0,636.1584239688077,0.0,31,30,0,0,30,27,4921,1,0,0,1,3
2020-08-21,US,Texas,Mitchell,72,1,0,32.30623474,-100.9212058,48335.0,842.5980105324751,1.3888888888888888,71,72,1,0,71,71,8145,0,0,0,0,1
2020-08-21,US,Texas,Montague,104,3,0,33.67521893,-97.72500958,48337.0,524.7754566555657,2.8846153846153846,101,96,2,0,94,89,19596,8,1,0,7,7
2020-08-21,US,Texas,Montgomery,7915,110,0,30.30079133,-95.50572772,48339.0,1303.1144682749664,1.3897662665824384,7805,7743,110,0,7633,7533,590925,172,0,0,172,210
2020-08-21,US,Texas,Moore,1101,16,0,35.83769242,-101.8930281,48341.0,5257.879656160459,1.4532243415077202,1085,1100,15,0,1085,1096,21485,1,1,0,0,4
2020-08-21,US,Texas,Morris,137,3,0,33.11304005,-94.73255695,48343.0,1105.9089441394901,2.18978102189781,134,137,3,0,134,135,12339,0,0,0,0,2
2020-08-21,US,Texas,Motley,6,0,0,34.07408766,-100.77972199999999,48345.0,500.0,0.0,6,6,0,0,6,6,1234,0,0,0,0,0
2020-08-21,US,Texas,Nacogdoches,1251,44,0,31.62017125,-94.61803994,48347.0,1918.5939512913321,3.5171862509992007,1207,1244,44,0,1200,1226,65711,7,0,0,7,18
2020-08-21,US,Texas,Navarro,1006,13,0,32.04620681,-96.47428766,48349.0,2007.4631333186999,1.2922465208747516,993,1003,13,0,990,991,49565,3,0,0,3,12
2020-08-21,US,Texas,Newton,162,6,0,30.78548982,-93.74408813,48351.0,1191.6145641780067,3.703703703703704,156,157,6,0,151,124,13746,5,0,0,5,33
2020-08-21,US,Texas,Nolan,143,4,0,32.30365282,-100.4060208,48353.0,971.8635313307054,2.797202797202797,139,143,4,0,139,142,14751,0,0,0,0,1
2020-08-21,US,Texas,Nueces,17854,306,0,27.736286,-97.5433285,48355.0,4928.04186655037,1.7139016466898174,17548,17600,303,0,17297,17494,362265,254,3,0,251,106
2020-08-21,US,Texas,Ochiltree,102,3,0,36.27829105,-100.8158184,48357.0,1037.0069133794223,2.9411764705882355,99,101,2,0,99,100,9947,1,1,0,0,1
2020-08-21,US,Texas,Oldham,14,1,0,35.40425596,-102.6027606,48359.0,662.8787878787879,7.142857142857142,13,14,1,0,13,15,2131,0,0,0,0,-1
2020-08-21,US,Texas,Orange,1704,31,0,30.11879481,-93.89412775,48361.0,2043.263465873663,1.81924882629108,1673,1651,31,0,1620,1639,83572,53,0,0,53,12
2020-08-21,US,Texas,Palo Pinto,397,10,0,32.75310985,-98.31319001,48363.0,1360.1014080646821,2.5188916876574305,387,392,10,0,382,388,28875,5,0,0,5,4
2020-08-21,US,Texas,Panola,302,18,0,32.163959600000005,-94.30552481,48365.0,1302.0608778132275,5.960264900662253,284,302,18,0,284,301,23148,0,0,0,0,1
2020-08-21,US,Texas,Parker,1566,22,0,32.77757172,-97.80500621,48367.0,1096.0399781631884,1.40485312899106,1544,1531,20,0,1511,1502,138371,35,2,0,33,29
2020-08-21,US,Texas,Parmer,369,7,0,34.52993409,-102.78446679999999,48369.0,3841.7490890161375,1.897018970189702,362,366,7,0,359,366,9864,3,0,0,3,0
2020-08-21,US,Texas,Pecos,270,2,0,30.78097267,-102.72412609999999,48371.0,1706.3767932756116,0.7407407407407407,268,268,2,0,266,267,15673,2,0,0,2,1
2020-08-21,US,Texas,Polk,773,15,0,30.79472531,-94.82766240000001,48373.0,1505.2674624656788,1.9404915912031049,758,773,15,0,758,772,50031,0,0,0,0,1
2020-08-21,US,Texas,Potter,3928,51,0,35.40133773,-101.893964,48375.0,3345.3987991312865,1.2983706720977597,3877,3901,51,0,3850,3886,119648,27,0,0,27,15
2020-08-21,US,Texas,Presidio,49,4,0,29.99954402,-104.24080790000001,48377.0,730.9069212410501,8.16326530612245,45,50,4,0,46,50,6948,-1,0,0,-1,0
2020-08-21,US,Texas,Rains,55,1,0,32.87109387,-95.79232691,48379.0,439.5077513185233,1.818181818181818,54,55,1,0,54,55,12159,0,0,0,0,0
2020-08-21,US,Texas,Randall,2010,25,0,34.96585996,-101.8971322,48381.0,1459.5571950360531,1.243781094527363,1985,1992,25,0,1967,1978,136271,18,0,0,18,14
2020-08-21,US,Texas,Reagan,72,5,0,31.36607041,-101.52326590000001,48383.0,1870.6157443491816,6.9444444444444455,67,70,5,0,65,68,3741,2,0,0,2,2
2020-08-21,US,Texas,Real,91,5,0,29.83321503,-99.82018052,48385.0,2636.1529548088065,5.494505494505495,86,91,5,0,86,91,3478,0,0,0,0,0
2020-08-21,US,Texas,Red River,140,13,0,33.61886692,-95.04841765,48387.0,1164.4348332362972,9.285714285714286,127,140,13,0,127,140,12175,0,0,0,0,0
2020-08-21,US,Texas,Reeves,159,5,0,31.32323325,-103.69038959999999,48389.0,995.2428642964444,3.1446540880503147,154,158,5,0,153,157,15695,1,0,0,1,1
2020-08-21,US,Texas,Refugio,247,9,0,28.323897600000002,-97.15766311,48391.0,3554.979850316638,3.643724696356276,238,247,9,0,238,246,7032,0,0,0,0,1
2020-08-21,US,Texas,Roberts,6,0,0,35.83809685,-100.813175,48393.0,702.5761124121782,0.0,6,6,0,0,6,6,903,0,0,0,0,0
2020-08-21,US,Texas,Robertson,242,3,0,31.02539637,-96.51272246,48395.0,1417.3597282417707,1.2396694214876034,239,241,3,0,238,241,17284,1,0,0,1,0
2020-08-21,US,Texas,Rockwall,1260,20,0,32.89779518,-96.40771592,48397.0,1200.9722156031073,1.5873015873015872,1240,1246,18,0,1228,1243,100657,14,2,0,12,3
2020-08-21,US,Texas,Runnels,175,3,0,31.8314342,-99.97616148,48399.0,1704.988308651598,1.7142857142857142,172,170,3,0,167,166,10234,5,0,0,5,4
2020-08-21,US,Texas,Rusk,440,3,0,32.10773545,-94.76176432,48401.0,808.7343307723413,0.6818181818181818,437,433,3,0,430,420,54450,7,0,0,7,13
2020-08-21,US,Texas,Sabine,72,6,0,31.34318809,-93.85440451,48403.0,682.9823562891291,8.333333333333334,66,69,6,0,63,69,10589,3,0,0,3,0
2020-08-21,US,Texas,San Augustine,185,12,0,31.39457611,-94.17000399,48405.0,2245.96333616608,6.486486486486488,173,185,12,0,173,181,8232,0,0,0,0,4
2020-08-21,US,Texas,San Jacinto,193,8,0,30.57933681,-95.16260304,48407.0,668.7688416092034,4.1450777202072535,185,191,8,0,183,191,28719,2,0,0,2,0
2020-08-21,US,Texas,San Patricio,1168,50,0,28.00880118,-97.51763891,48409.0,1750.3371796793049,4.280821917808218,1118,1168,48,0,1120,1168,66893,0,2,0,-2,0
2020-08-21,US,Texas,San Saba,32,0,0,31.1577796,-98.81758731,48411.0,528.4888521882741,0.0,32,31,0,0,31,29,6054,1,0,0,1,2
2020-08-21,US,Texas,Schleicher,36,1,0,30.89740592,-100.5384842,48413.0,1288.936627282492,2.7777777777777777,35,36,1,0,35,36,2895,0,0,0,0,0
2020-08-21,US,Texas,Scurry,507,2,0,32.74613808,-100.91626640000001,48415.0,3035.3828653535293,0.3944773175542407,505,507,2,0,505,507,16866,0,0,0,0,0
2020-08-21,US,Texas,Shackelford,20,0,0,32.73587756,-99.35401337,48417.0,612.5574272588054,0.0,20,20,0,0,20,20,3253,0,0,0,0,0
2020-08-21,US,Texas,Shelby,425,18,0,31.79211404,-94.14550696,48419.0,1681.5699928780566,4.235294117647058,407,419,18,0,401,416,25418,6,0,0,6,3
2020-08-21,US,Texas,Sherman,49,0,0,36.27751473,-101.8933156,48421.0,1621.4427531436136,0.0,49,47,0,0,47,46,3079,2,0,0,2,1
2020-08-21,US,Texas,Smith,2955,46,0,32.37474036,-95.27175679999999,48423.0,1269.5971231058086,1.55668358714044,2909,2928,41,0,2887,2897,230221,27,5,0,22,31
2020-08-21,US,Texas,Somervell,108,1,0,32.22236802,-97.77403489,48425.0,1183.1726555652933,0.925925925925926,107,106,0,0,106,105,9016,2,1,0,1,1
2020-08-21,US,Texas,Starr,2517,100,0,26.56150059,-98.73892358,48427.0,3894.295483731221,3.9729837107667865,2417,2504,99,0,2405,2469,64525,13,1,0,12,35
2020-08-21,US,Texas,Stephens,115,3,0,32.73553157,-98.83631615,48429.0,1227.8453982489855,2.608695652173913,112,120,3,0,117,130,9433,-5,0,0,-5,-10
2020-08-21,US,Texas,Sterling,1,0,0,31.82781912,-101.05007459999999,48431.0,77.45933384972889,0.0,1,1,0,0,1,1,1311,0,0,0,0,0
2020-08-21,US,Texas,Stonewall,7,1,0,33.17906744,-100.25384009999999,48433.0,518.5185185185185,14.285714285714285,6,7,0,0,7,7,1362,0,1,0,-1,0
2020-08-21,US,Texas,Sutton,76,2,0,30.49856623,-100.5382014,48435.0,2012.71186440678,2.631578947368421,74,72,2,0,70,71,3758,4,0,0,4,1
2020-08-21,US,Texas,Swisher,88,3,0,34.53028891,-101.73491740000001,48437.0,1189.67148844126,3.4090909090909087,85,87,3,0,84,85,7462,1,0,0,1,2
2020-08-21,US,Texas,Tarrant,37210,547,0,32.77143818,-97.29101614,48439.0,1769.7852333990484,1.470034936844934,36663,37020,537,0,36483,36690,2084931,190,10,0,180,330
2020-08-21,US,Texas,Taylor,1210,31,0,32.30163422,-99.89007449,48441.0,876.5956213686483,2.56198347107438,1179,1199,31,0,1168,1178,137640,11,0,0,11,21
2020-08-21,US,Texas,Terrell,3,0,0,30.22429013,-102.0766732,48443.0,386.59793814432993,0.0,3,3,0,0,3,3,823,0,0,0,0,0
2020-08-21,US,Texas,Terry,188,2,0,33.17402785,-102.3354521,48445.0,1523.871281510902,1.0638297872340423,186,188,2,0,186,182,12287,0,0,0,0,6
2020-08-21,US,Texas,Throckmorton,4,2,0,33.17751417,-99.21226795,48447.0,266.4890073284477,50.0,2,4,2,0,2,4,1515,0,0,0,0,0
2020-08-21,US,Texas,Titus,1429,18,0,33.21339719,-94.96797273,48449.0,4363.358778625954,1.2596221133659902,1411,1429,18,0,1411,1397,33033,0,0,0,0,32
2020-08-21,US,Texas,Tom Green,3023,41,0,31.40464436,-100.46244300000001,48451.0,2536.073825503356,1.3562686073436985,2982,2996,41,0,2955,2966,118189,27,0,0,27,30
2020-08-21,US,Texas,Travis,25559,353,0,30.33432034,-97.78535620000001,48453.0,2006.273381927448,1.381118197112563,25206,25353,346,0,25007,25062,1248743,206,7,0,199,291
2020-08-21,US,Texas,Trinity,169,4,0,31.0879489,-95.1367187,48455.0,1153.5048802129547,2.366863905325444,165,168,4,0,164,167,14740,1,0,0,1,1
2020-08-21,US,Texas,Tyler,172,3,0,30.77031716,-94.37690895,48457.0,793.6507936507936,1.7441860465116281,169,166,3,0,163,157,21696,6,0,0,6,9
2020-08-21,US,Texas,Upshur,309,5,0,32.73706798,-94.93999853,48459.0,740.0665820420088,1.6181229773462784,304,290,3,0,287,283,41260,19,2,0,17,7
2020-08-21,US,Texas,Upton,18,1,0,31.36868194,-102.0423217,48461.0,492.2067268252666,5.5555555555555545,17,17,1,0,16,16,3671,1,0,0,1,1
2020-08-21,US,Texas,Uvalde,647,15,0,29.35739637,-99.76229172,48463.0,2419.5056280617778,2.3183925811437405,632,625,15,0,610,615,26846,22,0,0,22,10
2020-08-21,US,Texas,Val Verde,1869,83,0,29.89149232,-101.1525205,48465.0,3812.340642529322,4.4408774745853385,1786,1800,80,0,1720,1775,49208,69,3,0,66,25
2020-08-21,US,Texas,Van Zandt,485,9,0,32.56483801,-95.83766469,48467.0,857.0418801908464,1.855670103092784,476,476,9,0,467,469,56019,9,0,0,9,7
2020-08-21,US,Texas,Victoria,3681,67,0,28.79780988,-96.96813006,48469.0,3997.437122627167,1.8201575658788371,3614,3658,65,0,3593,3632,92035,23,2,0,21,26
2020-08-21,US,Texas,Walker,3247,46,0,30.73872995,-95.57440968,48471.0,4449.712899645065,1.4166923313828148,3201,3223,44,0,3179,3202,72480,24,2,0,22,21
2020-08-21,US,Texas,Waller,579,5,0,30.01058447,-95.99011759,48473.0,1048.0396770806938,0.8635578583765112,574,576,5,0,571,550,53126,3,0,0,3,26
2020-08-21,US,Texas,Ward,100,1,0,31.50999644,-103.09279090000001,48475.0,833.4722453742288,1.0,99,100,1,0,99,100,11720,0,0,0,0,0
2020-08-21,US,Texas,Washington,553,43,0,30.21498498,-96.40946246,48477.0,1541.1626999609832,7.7757685352622055,510,549,42,0,507,548,35108,4,1,0,3,1
2020-08-21,US,Texas,Webb,10087,218,0,27.7610369,-99.33237355,48479.0,3646.0969015224896,2.161197581044909,9869,10047,215,0,9832,9957,275910,40,3,0,37,90
2020-08-21,US,Texas,Wharton,1067,36,0,29.27765923,-96.22319248,48481.0,2567.619597651362,3.373945641986879,1031,1058,34,0,1024,1049,41619,9,2,0,7,9
2020-08-21,US,Texas,Wheeler,40,0,0,35.40114335,-100.26995140000001,48483.0,791.1392405063292,0.0,40,40,0,0,40,39,5191,0,0,0,0,1
2020-08-21,US,Texas,Wichita,1192,14,0,33.98842886,-98.70410340000001,48485.0,901.4595780080164,1.174496644295302,1178,1185,13,0,1172,1163,132064,7,1,0,6,22
2020-08-21,US,Texas,Wilbarger,92,2,0,34.07945812,-99.24178437,48487.0,720.4949487038922,2.1739130434782608,90,89,2,0,87,88,12820,3,0,0,3,1
2020-08-21,US,Texas,Willacy,802,39,0,26.47411727,-97.61535848,48489.0,3755.033242812997,4.8628428927680805,763,799,35,0,764,787,21515,3,4,0,-1,12
2020-08-21,US,Texas,Williamson,7687,112,0,30.64655664,-97.60048540000001,48491.0,1301.6657325108247,1.457005333680239,7575,7646,112,0,7534,7624,566719,41,0,0,41,22
2020-08-21,US,Texas,Wilson,520,23,0,29.1732598,-98.08693082,48493.0,1018.2102995887996,4.4230769230769225,497,514,22,0,492,507,50224,6,1,0,5,7
2020-08-21,US,Texas,Winkler,88,1,0,31.85008651,-103.04851629999999,48495.0,1098.6267166042446,1.1363636363636365,87,88,1,0,87,88,7720,0,0,0,0,0
2020-08-21,US,Texas,Wise,599,11,0,33.21570665,-97.65460265,48497.0,855.909922267947,1.8363939899833053,588,586,11,0,575,569,68305,13,0,0,13,17
2020-08-21,US,Texas,Wood,377,12,0,32.78722382,-95.38236368,48499.0,827.8618327148157,3.1830238726790454,365,374,12,0,362,373,45129,3,0,0,3,1
2020-08-21,US,Texas,Yoakum,135,4,0,33.17320212,-102.82764329999999,48501.0,1549.4089291862729,2.962962962962963,131,132,3,0,129,129,8591,3,1,0,2,3
2020-08-21,US,Texas,Young,207,6,0,33.17659707,-98.68790885,48503.0,1149.3614658523045,2.898550724637681,201,206,6,0,200,203,18045,1,0,0,1,3
2020-08-21,US,Texas,Zapata,235,3,0,27.00156391,-99.16987152,48505.0,1657.3806333309824,1.2765957446808511,232,233,3,0,230,231,14190,2,0,0,2,2
2020-08-21,US,Texas,Zavala,253,8,0,28.86617238,-99.76050829,48507.0,2136.824324324324,3.1620553359683794,245,249,8,0,241,248,11983,4,0,0,4,1
2020-08-21,US,Utah,Bear River,2443,9,0,41.52106798,-113.08328159999999,0.0,1307.6898371677248,0.3683995088006549,2434,2427,9,0,2418,2413,,16,0,0,16,14
2020-08-21,US,Utah,Central Utah,475,2,0,39.37231946,-111.5758676,0.0,579.5934304609904,0.42105263157894735,473,472,2,0,470,467,,3,0,0,3,5
2020-08-21,US,Utah,Davis,3542,21,0,40.99001837,-112.1139997,49011.0,996.3964318768093,0.5928853754940712,3521,3496,21,0,3475,3466,351713,46,0,0,46,30
2020-08-21,US,Utah,Salt Lake,22483,222,0,40.66616532,-111.92160109999999,49035.0,1937.459767311797,0.9874127118267136,22261,22302,220,0,22082,22102,1152633,181,2,0,179,200
2020-08-21,US,Utah,San Juan,660,27,0,37.62762978,-109.80337140000002,49037.0,4311.471126208518,4.090909090909091,633,659,27,0,632,658,15449,1,0,0,1,1
2020-08-21,US,Utah,Southeast Utah,127,1,0,38.99617072,-110.70139579999999,0.0,315.6926595242238,0.7874015748031497,126,120,1,0,119,120,,7,0,0,7,0
2020-08-21,US,Utah,Southwest Utah,3429,26,0,37.85447192,-111.4418764,0.0,1360.4875377913204,0.7582385535141439,3403,3408,26,0,3382,3384,,21,0,0,21,24
2020-08-21,US,Utah,Summit,792,1,0,40.86688146,-110.9535882,49043.0,1879.226480009491,0.12626262626262627,791,787,1,0,786,765,41933,5,0,0,5,22
2020-08-21,US,Utah,Tooele,635,0,0,40.44862644,-113.12957150000001,49045.0,878.7832657523628,0.0,635,634,0,0,634,629,69907,1,0,0,1,5
2020-08-21,US,Utah,TriCounty,196,0,0,40.12491499,-109.5174415,0.0,346.15520469075625,0.0,196,195,0,0,195,193,,1,0,0,1,2
2020-08-21,US,Utah,Utah,9949,42,0,40.116672200000004,-111.66576620000001,49049.0,1563.730382641634,0.422152980199015,9907,9804,42,0,9762,9683,622213,145,0,0,145,121
2020-08-21,US,Utah,Wasatch,609,4,0,40.33110236,-111.1691419,49051.0,1786.3952362793698,0.6568144499178982,605,604,4,0,600,601,33240,5,0,0,5,3
2020-08-21,US,Utah,Weber-Morgan,3105,28,0,41.27116049,-111.9145117,0.0,1140.1315282168785,0.9017713365539451,3077,3074,28,0,3046,3040,,31,0,0,31,34
2020-08-21,US,Vermont,Addison,76,2,0,44.03217337,-73.14130877,50001.0,206.65089594039762,2.631578947368421,74,76,2,0,74,76,36973,0,0,0,0,0
2020-08-21,US,Vermont,Bennington,92,1,0,43.03519828,-73.09048868,50003.0,259.37411897378064,1.0869565217391304,91,92,1,0,91,92,35631,0,0,0,0,0
2020-08-21,US,Vermont,Caledonia,30,0,0,44.46548598,-72.10314651,50005.0,100.02333877904844,0.0,30,30,0,0,30,29,30302,0,0,0,0,1
2020-08-21,US,Vermont,Chittenden,766,39,0,44.46322849,-73.08359212,50007.0,467.71770854958663,5.091383812010443,727,766,39,0,727,764,164572,0,0,0,0,2
2020-08-21,US,Vermont,Essex,6,0,0,44.72736416,-71.73579864,50009.0,97.35518416355671,0.0,6,6,0,0,6,6,6250,0,0,0,0,0
2020-08-21,US,Vermont,Franklin,122,7,0,44.85627605,-72.91249563,50011.0,246.9535646330108,5.737704918032787,115,122,7,0,115,122,49421,0,0,0,0,0
2020-08-21,US,Vermont,Grand Isle,13,0,0,44.797582399999996,-73.29679772,50013.0,179.68210089841045,0.0,13,13,0,0,13,13,7090,0,0,0,0,0
2020-08-21,US,Vermont,Lamoille,45,1,0,44.60353043,-72.64356694,50015.0,177.43080198722495,2.2222222222222223,44,45,1,0,44,45,25300,0,0,0,0,0
2020-08-21,US,Vermont,Orange,20,0,0,44.00470222,-72.37640104,50017.0,69.22331441229406,0.0,20,19,0,0,19,18,28999,1,0,0,1,1
2020-08-21,US,Vermont,Orleans,15,0,0,44.82964024,-72.24562697,50019.0,55.479528054148034,0.0,15,15,0,0,15,15,26907,0,0,0,0,0
2020-08-21,US,Vermont,Rutland,103,1,0,43.57723578,-73.03741676,50021.0,177.00331666408894,0.9708737864077671,102,102,1,0,101,102,58672,1,0,0,1,0
2020-08-21,US,Vermont,Unassigned,8,0,0,0.0,0.0,90050.0,0.0,0.0,8,8,0,0,8,8,,0,0,0,0,0
2020-08-21,US,Vermont,Washington,59,2,0,44.27343241,-72.61604978,50023.0,101.01183036860758,3.3898305084745757,57,59,2,0,57,59,58140,0,0,0,0,0
2020-08-21,US,Vermont,Windham,111,3,0,42.986982,-72.71268875,50025.0,262.8961205058974,2.702702702702702,108,109,3,0,106,109,42756,2,0,0,2,0
2020-08-21,US,Vermont,Windsor,75,2,0,43.58010937,-72.58595157,50027.0,136.21009044350006,2.6666666666666665,73,75,2,0,73,75,55286,0,0,0,0,0
2020-08-21,US,Virginia,Accomack,1133,18,0,37.76707161,-75.63234615,51001.0,3506.003218220077,1.588702559576346,1115,1131,18,0,1113,1129,32412,2,0,0,2,2
2020-08-21,US,Virginia,Albemarle,943,16,0,38.02080697,-78.55481085,51003.0,862.5262965334309,1.6967126193001059,927,930,16,0,914,921,108718,13,0,0,13,9
2020-08-21,US,Virginia,Alexandria,3203,61,0,38.814003,-77.08183073,51510.0,2009.057380133979,1.9044645644708087,3142,3186,61,0,3125,3165,160530,17,0,0,17,21
2020-08-21,US,Virginia,Alleghany,60,4,0,37.78636074,-80.00222498,51005.0,403.7685060565277,6.666666666666668,56,59,4,0,55,59,14910,1,0,0,1,0
2020-08-21,US,Virginia,Amelia,91,2,0,37.34081025,-77.98584649,51007.0,692.2784328642067,2.1978021978021984,89,89,2,0,87,85,13013,2,0,0,2,4
2020-08-21,US,Virginia,Amherst,246,1,0,37.60308293,-79.14548696,51009.0,778.3578547698149,0.4065040650406504,245,237,1,0,236,228,31666,9,0,0,9,9
2020-08-21,US,Virginia,Appomattox,125,0,0,37.37569884,-78.81340003,51011.0,785.6200113129281,0.0,125,121,0,0,121,113,15841,4,0,0,4,8
2020-08-21,US,Virginia,Arlington,3334,137,0,38.8767675,-77.10139853,51013.0,1407.689514528673,4.109178164367127,3197,3310,137,0,3173,3293,237521,24,0,0,24,17
2020-08-21,US,Virginia,Augusta,335,4,0,38.16404586,-79.12461614,51015.0,443.36800868207206,1.1940298507462686,331,327,4,0,323,323,75457,8,0,0,8,4
2020-08-21,US,Virginia,Bath,4,0,0,38.05852573,-79.73912095,51017.0,96.45526886906195,0.0,4,4,0,0,4,4,4292,0,0,0,0,0
2020-08-21,US,Virginia,Bedford,453,8,0,37.3080028,-79.5281964,51019.0,573.4394977024442,1.7660044150110374,445,447,8,0,439,436,78747,6,0,0,6,11
2020-08-21,US,Virginia,Bland,38,0,0,37.13128068,-81.13599391,51021.0,605.0955414012739,0.0,38,38,0,0,38,38,6293,0,0,0,0,0
2020-08-21,US,Virginia,Botetourt,224,7,0,37.55531756,-79.80982182,51023.0,670.2773871151143,3.125,217,221,7,0,214,220,33277,3,0,0,3,1
2020-08-21,US,Virginia,Bristol,103,2,0,36.616302399999995,-82.16359122,51520.0,614.4851449707672,1.9417475728155342,101,103,2,0,101,103,16482,0,0,0,0,0
2020-08-21,US,Virginia,Brunswick,261,2,0,36.76366949,-77.8593436,51025.0,1608.0340089951328,0.7662835249042146,259,259,2,0,257,254,16384,2,0,0,2,5
2020-08-21,US,Virginia,Buchanan,93,1,0,37.26818323,-82.03749726,51027.0,442.7728051799656,1.075268817204301,92,88,1,0,87,87,21221,5,0,0,5,1
2020-08-21,US,Virginia,Buckingham,631,8,0,37.57242268,-78.52518834,51029.0,3679.729414508981,1.2678288431061806,623,629,8,0,621,622,16999,2,0,0,2,7
2020-08-21,US,Virginia,Buena Vista,70,1,0,37.73484642,-79.35296097,51530.0,1080.580426057425,1.4285714285714286,69,68,1,0,67,67,6237,2,0,0,2,1
2020-08-21,US,Virginia,Campbell,277,3,0,37.20553386,-79.09678609,51031.0,504.69162794934863,1.083032490974729,274,270,3,0,267,264,54973,7,0,0,7,6
2020-08-21,US,Virginia,Caroline,240,5,0,38.02679129,-77.34901405,51033.0,781.1228641171684,2.083333333333333,235,235,5,0,230,231,30772,5,0,0,5,4
2020-08-21,US,Virginia,Carroll,363,16,0,36.73066666,-80.73455942,51035.0,1218.4888053438958,4.40771349862259,347,358,16,0,342,354,29636,5,0,0,5,4
2020-08-21,US,Virginia,Charles City,60,5,0,37.35358063,-77.05634116,51036.0,861.6975441619992,8.333333333333334,55,58,5,0,53,57,6941,2,0,0,2,1
2020-08-21,US,Virginia,Charlotte,59,0,0,37.01909701,-78.66314092,51037.0,496.6329966329968,0.0,59,59,0,0,59,59,11938,0,0,0,0,0
2020-08-21,US,Virginia,Charlottesville,575,14,0,38.03527919,-78.48569588,51540.0,1216.5192738966698,2.4347826086956523,561,570,14,0,556,566,48117,5,0,0,5,4
2020-08-21,US,Virginia,Chesapeake,3412,41,0,36.67670048,-76.30545744,51550.0,1393.5916025078113,1.201641266119578,3371,3384,41,0,3343,3358,242634,28,0,0,28,26
2020-08-21,US,Virginia,Chesterfield,4772,76,0,37.37373208,-77.58680140000001,51041.0,1352.6000419498755,1.592623637887678,4696,4747,76,0,4671,4720,348556,25,0,0,25,27
2020-08-21,US,Virginia,Clarke,75,0,0,39.11271747,-77.99199425,51043.0,513.0309870716192,0.0,75,75,0,0,75,75,14523,0,0,0,0,0
2020-08-21,US,Virginia,Colonial Heights,212,22,0,37.26420587,-77.39609676,51570.0,1220.4951065054693,10.377358490566039,190,212,22,0,190,210,17833,0,0,0,0,2
2020-08-21,US,Virginia,Covington,16,0,0,37.7824656,-79.98631446,51580.0,288.912964969303,0.0,16,15,0,0,15,15,5460,1,0,0,1,0
2020-08-21,US,Virginia,Craig,20,0,0,37.48133648,-80.21072274,51045.0,389.78756577665166,0.0,20,20,0,0,20,20,5064,0,0,0,0,0
2020-08-21,US,Virginia,Culpeper,1060,13,0,38.48199985,-77.95630870000002,51047.0,2015.01758387986,1.2264150943396226,1047,1055,13,0,1042,1050,51859,5,0,0,5,5
2020-08-21,US,Virginia,Cumberland,89,0,0,37.51328851,-78.24398086,51049.0,896.093435360451,0.0,89,86,0,0,86,85,9809,3,0,0,3,1
2020-08-21,US,Virginia,Danville,522,12,0,36.58022376,-79.40395668,51590.0,1303.5660773149534,2.2988505747126435,510,506,9,0,497,496,40693,16,3,0,13,10
2020-08-21,US,Virginia,Dickenson,55,1,0,37.12560977,-82.35124171,51051.0,384.13186199189835,1.818181818181818,54,55,1,0,54,54,14523,0,0,0,0,1
2020-08-21,US,Virginia,Dinwiddie,251,7,0,37.07544585,-77.63451754,51053.0,879.3441704035872,2.7888446215139444,244,250,7,0,243,246,28529,1,0,0,1,4
2020-08-21,US,Virginia,Emporia,204,15,0,36.69455571,-77.53406129,51595.0,3815.9371492704827,7.352941176470589,189,204,15,0,189,203,5121,0,0,0,0,1
2020-08-21,US,Virginia,Essex,110,2,0,37.93357639,-76.94230311,51057.0,1004.29106180955,1.818181818181818,108,109,2,0,107,109,10919,1,0,0,1,0
2020-08-21,US,Virginia,Fairfax,17419,539,0,38.83677558,-77.27565836,51059.0,1517.9533119773566,3.0943222917503874,16880,17330,539,0,16791,17230,1150795,89,0,0,89,100
2020-08-21,US,Virginia,Fairfax,17419,539,0,38.83677558,-77.27565836,51059.0,1517.9533119773566,3.0943222917503874,16880,17330,539,0,16791,17230,24574,89,0,0,89,100
2020-08-21,US,Virginia,Fairfax City,106,7,0,38.85157547,-77.29779640000002,51600.0,441.31729047837126,6.60377358490566,99,105,7,0,98,103,24574,1,0,0,1,2
2020-08-21,US,Virginia,Falls Church,64,7,0,38.88485255,-77.17560759,51610.0,437.84634329889855,10.9375,57,64,7,0,57,63,14772,0,0,0,0,1
2020-08-21,US,Virginia,Fauquier,667,9,0,38.73564842,-77.80647472,51061.0,936.5083822414424,1.3493253373313343,658,658,9,0,649,653,70675,9,0,0,9,5
2020-08-21,US,Virginia,Floyd,120,2,0,36.9302126,-80.36738849,51063.0,761.9531398818973,1.6666666666666667,118,118,2,0,116,117,15795,2,0,0,2,1
2020-08-21,US,Virginia,Fluvanna,207,9,0,37.84157909,-78.27715475,51065.0,759.0759075907591,4.3478260869565215,198,204,9,0,195,204,26783,3,0,0,3,0
2020-08-21,US,Virginia,Franklin,194,1,0,36.99536167,-79.88023649,51067.0,346.1689447200313,0.5154639175257731,193,194,1,0,193,194,56195,0,0,0,0,0
2020-08-21,US,Virginia,Franklin,194,1,0,36.99536167,-79.88023649,51067.0,346.1689447200313,0.5154639175257731,193,194,1,0,193,194,8013,0,0,0,0,0
2020-08-21,US,Virginia,Franklin City,240,6,0,36.6831435,-76.93859681,51620.0,3012.426258315552,2.5,234,222,6,0,216,220,8013,18,0,0,18,2
2020-08-21,US,Virginia,Frederick,724,10,0,39.20172582,-78.25974949,51069.0,810.6322707780503,1.3812154696132597,714,719,10,0,709,715,88355,5,0,0,5,4
2020-08-21,US,Virginia,Fredericksburg,440,4,0,38.2977863,-77.4922454,51630.0,1515.3602424576388,0.9090909090909092,436,439,4,0,435,431,29144,1,0,0,1,8
2020-08-21,US,Virginia,Galax,388,26,0,36.66601852,-80.91703124,51640.0,6113.124310697967,6.7010309278350535,362,388,26,0,362,388,6423,0,0,0,0,0
2020-08-21,US,Virginia,Giles,34,0,0,37.31234791,-80.70636931,51071.0,203.34928229665073,0.0,34,34,0,0,34,34,16844,0,0,0,0,0
2020-08-21,US,Virginia,Gloucester,184,2,0,37.40809042,-76.53524337,51073.0,492.66359644425415,1.0869565217391304,182,181,2,0,179,179,37349,3,0,0,3,2
2020-08-21,US,Virginia,Goochland,177,7,0,37.71714806,-77.90381514,51075.0,745.1690312802592,3.9548022598870056,170,175,7,0,168,175,23244,2,0,0,2,0
2020-08-21,US,Virginia,Grayson,168,5,0,36.65677234,-81.23215889,51077.0,1080.3858520900321,2.9761904761904763,163,166,5,0,161,166,15631,2,0,0,2,0
2020-08-21,US,Virginia,Greene,188,2,0,38.29545894,-78.46525378,51079.0,948.584691457692,1.0638297872340423,186,185,2,0,183,182,19779,3,0,0,3,3
2020-08-21,US,Virginia,Greensville,579,11,0,36.67878901,-77.56351439,51081.0,5107.621736062103,1.8998272884283247,568,578,11,0,567,577,11627,1,0,0,1,1
2020-08-21,US,Virginia,Halifax,178,2,0,36.76654925,-78.93512622,51083.0,524.9034236678364,1.1235955056179776,176,176,2,0,174,170,34120,2,0,0,2,6
2020-08-21,US,Virginia,Hampton,1417,10,0,37.03513786,-76.35879121,51650.0,1053.4532748494537,0.7057163020465773,1407,1388,9,0,1379,1377,134313,29,1,0,28,11
2020-08-21,US,Virginia,Hanover,732,33,0,37.7583355,-77.49464673,51085.0,679.2494849952675,4.508196721311474,699,729,33,0,696,722,107239,3,0,0,3,7
2020-08-21,US,Virginia,Harrisonburg,1119,31,0,38.43542574,-78.87536254,51660.0,2110.6835672249886,2.770330652368186,1088,1115,31,0,1084,1115,54033,4,0,0,4,0
2020-08-21,US,Virginia,Henrico,4259,188,0,37.53460572,-77.39326555,51087.0,1287.4148323247225,4.414181732801128,4071,4224,188,0,4036,4202,329261,35,0,0,35,22
2020-08-21,US,Virginia,Henry,723,14,0,36.68542395,-79.87634026,51089.0,1430.0690309947186,1.9363762102351316,709,717,13,0,704,699,50953,6,1,0,5,18
2020-08-21,US,Virginia,Highland,6,0,0,38.35799465,-79.56124594,51091.0,273.97260273972597,0.0,6,6,0,0,6,6,2210,0,0,0,0,0
2020-08-21,US,Virginia,Hopewell,309,4,0,37.29186313,-77.29754684,51670.0,1371.5655377513424,1.2944983818770226,305,302,4,0,298,301,22596,7,0,0,7,1
2020-08-21,US,Virginia,Isle of Wight,463,10,0,36.90579348,-76.70842863,51093.0,1247.6757659866878,2.159827213822894,453,452,10,0,442,450,36953,11,0,0,11,2
2020-08-21,US,Virginia,James City,667,17,0,37.31156958,-76.76950618,51095.0,871.6333651320517,2.548725637181409,650,662,17,0,645,652,76397,5,0,0,5,10
2020-08-21,US,Virginia,King George,180,4,0,38.26818502,-77.15852768,51099.0,670.7407959457445,2.2222222222222223,176,177,4,0,173,171,26575,3,0,0,3,6
2020-08-21,US,Virginia,King William,106,2,0,37.70965316,-77.09384941,51101.0,618.1478889666432,1.8867924528301887,104,104,2,0,102,105,16939,2,0,0,2,-1
2020-08-21,US,Virginia,King and Queen,45,1,0,37.71044922,-76.88689628,51097.0,640.5693950177937,2.2222222222222223,44,44,1,0,43,44,7042,1,0,0,1,0
2020-08-21,US,Virginia,Lancaster,54,0,0,37.71889653,-76.46400482,51103.0,509.2898236348203,0.0,54,52,0,0,52,49,10783,2,0,0,2,3
2020-08-21,US,Virginia,Lee,153,2,0,36.70586667,-83.12606515,51105.0,653.2041156128591,1.30718954248366,151,153,2,0,151,153,23541,0,0,0,0,0
2020-08-21,US,Virginia,Lexington,39,0,0,37.78258621,-79.44262866,51678.0,523.7711522965351,0.0,39,38,0,0,38,37,7136,1,0,0,1,1
2020-08-21,US,Virginia,Loudoun,5647,115,0,39.08990083,-77.63481877,51107.0,1365.5335180805632,2.0364795466619445,5532,5614,115,0,5499,5580,406850,33,0,0,33,34
2020-08-21,US,Virginia,Louisa,225,2,0,37.97850256,-77.96274807,51109.0,598.5475246734591,0.8888888888888888,223,223,2,0,221,219,36778,2,0,0,2,4
2020-08-21,US,Virginia,Lunenburg,78,1,0,36.94618528,-78.24133319,51111.0,639.5539521154477,1.2820512820512822,77,74,1,0,73,71,12086,4,0,0,4,3
2020-08-21,US,Virginia,Lynchburg,803,5,0,37.40021399,-79.19888138,51680.0,977.266088988414,0.6226650062266501,798,789,5,0,784,762,82126,14,0,0,14,27
2020-08-21,US,Virginia,Madison,83,1,0,38.41531222,-78.28220331,51113.0,625.8954829952493,1.2048192771084338,82,78,1,0,77,78,13295,5,0,0,5,0
2020-08-21,US,Virginia,Manassas,1740,23,0,38.7464321,-77.48509905,51683.0,4235.122307411464,1.3218390804597702,1717,1734,23,0,1711,1729,41641,6,0,0,6,5
2020-08-21,US,Virginia,Manassas Park,549,7,0,38.77058531,-77.44399307,51685.0,3141.0916580844487,1.275045537340619,542,546,7,0,539,542,17307,3,0,0,3,4
2020-08-21,US,Virginia,Martinsville,271,3,0,36.68212094,-79.86352771,51690.0,2158.674526047475,1.1070110701107012,268,265,3,0,262,260,12902,6,0,0,6,5
2020-08-21,US,Virginia,Mathews,23,0,0,37.44164146,-76.34098896,51115.0,260.3577088521621,0.0,23,23,0,0,23,23,8802,0,0,0,0,0
2020-08-21,US,Virginia,Mecklenburg,476,33,0,36.67882005,-78.36131056,51117.0,1556.2166933664628,6.932773109243697,443,470,33,0,437,465,30650,6,0,0,6,5
2020-08-21,US,Virginia,Middlesex,54,1,0,37.63191998,-76.55064617,51119.0,510.3005103005103,1.851851851851852,53,54,1,0,53,54,10769,0,0,0,0,0
2020-08-21,US,Virginia,Montgomery,353,3,0,37.17746986,-80.37868691,51121.0,358.24833815395544,0.8498583569405099,350,341,3,0,338,337,98985,12,0,0,12,4
2020-08-21,US,Virginia,Nelson,79,0,0,37.78790447,-78.88498513,51125.0,529.1359678499665,0.0,79,76,0,0,76,75,14836,3,0,0,3,1
2020-08-21,US,Virginia,New Kent,138,1,0,37.50694406,-76.99828634,51127.0,597.6354423801481,0.7246376811594203,137,137,1,0,136,136,22391,1,0,0,1,1
2020-08-21,US,Virginia,Newport News,2072,20,0,37.08166899,-76.51754109,51700.0,1156.0887153019944,0.9652509652509652,2052,2048,20,0,2028,2034,178626,24,0,0,24,14
2020-08-21,US,Virginia,Norfolk,4119,39,0,36.89934014,-76.26420872,51710.0,1696.8633363818374,0.946831755280408,4080,4091,39,0,4052,4062,244076,28,0,0,28,29
2020-08-21,US,Virginia,Northampton,303,29,0,37.34062933,-75.87751591,51131.0,2587.532023911187,9.570957095709572,274,301,29,0,272,300,11735,2,0,0,2,1
2020-08-21,US,Virginia,Northumberland,81,3,0,37.89202088,-76.41949732,51133.0,669.6982224059527,3.703703703703704,78,81,3,0,78,81,12147,0,0,0,0,0
2020-08-21,US,Virginia,Norton,22,0,0,36.93357076,-82.62750411,51720.0,552.624968600854,0.0,22,22,0,0,22,22,3968,0,0,0,0,0
2020-08-21,US,Virginia,Nottoway,184,14,0,37.1435975,-78.05065922,51135.0,1207.9831932773109,7.608695652173912,170,183,14,0,169,183,15420,1,0,0,1,0
2020-08-21,US,Virginia,Orange,243,3,0,38.24530219,-78.01560400000002,51137.0,655.8527435156948,1.2345679012345678,240,243,3,0,240,243,36644,0,0,0,0,0
2020-08-21,US,Virginia,Page,357,25,0,38.61807452,-78.48797204,51139.0,1493.5988620199146,7.002801120448179,332,357,25,0,332,353,23933,0,0,0,0,4
2020-08-21,US,Virginia,Patrick,193,9,0,36.680163799999995,-80.2865648,51141.0,1096.0926851431168,4.66321243523316,184,190,9,0,181,186,17673,3,0,0,3,4
2020-08-21,US,Virginia,Petersburg,575,19,0,37.20530399,-77.39368102,51730.0,1834.3648312384353,3.3043478260869565,556,564,19,0,545,552,31567,11,0,0,11,12
2020-08-21,US,Virginia,Pittsylvania,611,4,0,36.81980341,-79.39731264,51143.0,1012.3604069324319,0.6546644844517185,607,603,2,0,601,588,60949,8,2,0,6,15
2020-08-21,US,Virginia,Poquoson,53,0,0,37.14259351,-76.35798148,51735.0,431.9126395566784,0.0,53,50,0,0,50,49,12190,3,0,0,3,1
2020-08-21,US,Virginia,Portsmouth,2057,30,0,36.85914825,-76.35971629,51740.0,2179.0715904997987,1.4584346135148274,2027,2045,28,0,2017,2024,94632,12,2,0,10,21
2020-08-21,US,Virginia,Powhatan,175,4,0,37.55016038,-77.91267882,51145.0,590.1794145420207,2.2857142857142856,171,172,4,0,168,168,29189,3,0,0,3,4
2020-08-21,US,Virginia,Prince Edward,451,11,0,37.22554789,-78.43597949,51147.0,1977.8966757301996,2.4390243902439024,440,447,11,0,436,447,22950,4,0,0,4,0
2020-08-21,US,Virginia,Prince George,481,2,0,37.18497668,-77.22922187,51149.0,1254.1391807681275,0.4158004158004158,479,475,2,0,473,473,38082,6,0,0,6,2
2020-08-21,US,Virginia,Prince William,10187,180,0,38.70916224,-77.48713689,51153.0,2165.903026566171,1.7669578875036809,10007,10100,180,0,9920,10034,468011,87,0,0,87,66
2020-08-21,US,Virginia,Pulaski,102,3,0,37.06474963,-80.71229738,51155.0,299.7619537426162,2.9411764705882355,99,99,3,0,96,96,34066,3,0,0,3,3
2020-08-21,US,Virginia,Radford,91,0,0,37.12222899,-80.56027320000003,51750.0,498.6574606827771,0.0,91,75,0,0,75,72,18339,16,0,0,16,3
2020-08-21,US,Virginia,Rappahannock,48,2,0,38.68295619,-78.15826963,51157.0,651.2890094979648,4.166666666666667,46,47,2,0,45,46,7252,1,0,0,1,1
2020-08-21,US,Virginia,Richmond,326,4,0,37.937575,-76.72920628,51159.0,3612.9890280394548,1.2269938650306749,322,325,4,0,321,323,9038,1,0,0,1,2
2020-08-21,US,Virginia,Richmond City,3502,43,0,37.53255773,-77.47966921,51760.0,1519.7278203058552,1.2278697886921761,3459,3480,43,0,3437,3455,228783,22,0,0,22,25
2020-08-21,US,Virginia,Roanoke,542,4,0,37.26865804,-80.06396753,51161.0,575.4570742997897,0.7380073800738007,538,530,4,0,526,526,94073,12,0,0,12,4
2020-08-21,US,Virginia,Roanoke City,1122,15,0,37.27791025,-79.96189766,51770.0,1131.6986574947298,1.3368983957219251,1107,1104,15,0,1089,1085,99920,18,0,0,18,19
2020-08-21,US,Virginia,Rockbridge,78,1,0,37.81204314,-79.44605905,51163.0,345.54556328356887,1.2820512820512822,77,80,1,0,79,80,22752,-2,0,0,-2,0
2020-08-21,US,Virginia,Rockingham,990,20,0,38.51006137,-78.87260325,51165.0,1208.0831746961487,2.0202020202020203,970,987,20,0,967,982,81244,3,0,0,3,5
2020-08-21,US,Virginia,Russell,166,4,0,36.93028320000001,-82.10095486,51167.0,624.3887760475437,2.409638554216868,162,166,4,0,162,161,26748,0,0,0,0,5
2020-08-21,US,Virginia,Salem,183,3,0,37.2836193,-80.06219455,51775.0,723.2915695031818,1.639344262295082,180,176,3,0,173,173,25643,7,0,0,7,3
2020-08-21,US,Virginia,Scott,136,3,0,36.71466456,-82.60171704,51169.0,630.6222758045071,2.2058823529411766,133,133,3,0,130,128,21534,3,0,0,3,5
2020-08-21,US,Virginia,Shenandoah,750,47,0,38.85905135,-78.56813762,51171.0,1719.5524578136465,6.2666666666666675,703,749,47,0,702,748,43497,1,0,0,1,1
2020-08-21,US,Virginia,Smyth,203,3,0,36.84455636,-81.53344948,51173.0,674.3289928248737,1.477832512315271,200,192,3,0,189,185,30472,11,0,0,11,7
2020-08-21,US,Virginia,Southampton,320,13,0,36.72231125,-77.10642712,51175.0,1814.9849696557199,4.0625,307,311,13,0,298,311,17586,9,0,0,9,0
2020-08-21,US,Virginia,Spotsylvania,1673,35,0,38.18574462,-77.655399,51177.0,1228.2054105641814,2.092050209205021,1638,1662,35,0,1627,1649,134238,11,0,0,11,13
2020-08-21,US,Virginia,Stafford,1570,10,0,38.41758738,-77.45917053,51179.0,1026.9358067005926,0.6369426751592356,1560,1556,10,0,1546,1543,149960,14,0,0,14,13
2020-08-21,US,Virginia,Staunton,162,0,0,38.15965544,-79.05979937,51790.0,649.7673672388897,0.0,162,162,0,0,162,161,24922,0,0,0,0,1
2020-08-21,US,Virginia,Suffolk,1503,57,0,36.70155394,-76.63603554,51800.0,1631.7800842489253,3.7924151696606794,1446,1483,57,0,1426,1476,91185,20,0,0,20,7
2020-08-21,US,Virginia,Surry,56,2,0,37.11781893,-76.88450012,51181.0,872.0024914356896,3.571428571428572,54,53,2,0,51,52,6474,3,0,0,3,1
2020-08-21,US,Virginia,Sussex,319,9,0,36.92432914,-77.25791182,51183.0,2858.6790931087016,2.8213166144200628,310,319,9,0,310,318,11237,0,0,0,0,1
2020-08-21,US,Virginia,Tazewell,148,0,0,37.12191123,-81.56685568,51185.0,364.576918339697,0.0,148,145,0,0,145,140,40855,3,0,0,3,5
2020-08-21,US,Virginia,Virginia Beach,5623,61,0,36.73285734,-76.04566934,51810.0,1249.6277562703626,1.084830161835319,5562,5562,61,0,5501,5522,450189,61,0,0,61,40
2020-08-21,US,Virginia,Warren,378,6,0,38.90847745,-78.20280433,51187.0,941.141320585599,1.5873015873015872,372,380,6,0,374,375,40003,-2,0,0,-2,5
2020-08-21,US,Virginia,Washington,301,7,0,36.72341572,-81.95666289,51191.0,560.1042054335691,2.3255813953488373,294,297,7,0,290,295,54402,4,0,0,4,2
2020-08-21,US,Virginia,Waynesboro,198,3,0,38.06451466,-78.90293905,51820.0,874.9447635881572,1.5151515151515151,195,197,3,0,194,196,22628,1,0,0,1,1
2020-08-21,US,Virginia,Westmoreland,219,3,0,38.11021557,-76.80213247,51193.0,1215.653621981682,1.3698630136986298,216,219,3,0,216,220,17830,0,0,0,0,-1
2020-08-21,US,Virginia,Williamsburg,141,6,0,37.28131268,-76.70905141,51830.0,942.8915340377156,4.25531914893617,135,140,6,0,134,139,14896,1,0,0,1,1
2020-08-21,US,Virginia,Winchester,428,4,0,39.17054517,-78.17325058,51840.0,1524.3250943799414,0.9345794392523364,424,427,4,0,423,424,28108,1,0,0,1,3
2020-08-21,US,Virginia,Wise,276,5,0,36.9746148,-82.62410519,51195.0,738.3035069416577,1.8115942028985508,271,269,5,0,264,262,38012,7,0,0,7,7
2020-08-21,US,Virginia,Wythe,133,3,0,36.91582035,-81.07834059,51197.0,463.6731278761679,2.255639097744361,130,131,3,0,128,131,28754,2,0,0,2,0
2020-08-21,US,Virginia,York,419,4,0,37.24374789,-76.54412815,51199.0,613.6496777973052,0.9546539379474941,415,413,4,0,409,412,67846,6,0,0,6,1
2020-08-21,US,Washington,Adams,524,6,0,46.98299757,-118.56017340000001,53001.0,2622.2288945603764,1.1450381679389312,518,521,6,0,515,505,19759,3,0,0,3,16
2020-08-21,US,Washington,Asotin,45,2,0,46.18894415,-117.2022851,53003.0,199.27375786024268,4.4444444444444455,43,44,2,0,42,42,22610,1,0,0,1,2
2020-08-21,US,Washington,Benton,3949,122,0,46.23946995,-119.51208340000001,53005.0,1932.0906110866479,3.0893897189161814,3827,3932,122,0,3810,3913,201877,17,0,0,17,19
2020-08-21,US,Washington,Chelan,1592,11,0,47.87046092,-120.6173956,53007.0,2062.1761658031087,0.6909547738693468,1581,1577,10,0,1567,1565,77036,15,1,0,14,12
2020-08-21,US,Washington,Clallam,177,1,0,48.04754642,-123.92263190000001,53009.0,228.88621639446015,0.5649717514124294,176,174,1,0,173,173,76737,3,0,0,3,1
2020-08-21,US,Washington,Clark,2028,52,0,45.77568046,-122.48292040000001,53011.0,415.36863966770517,2.5641025641025643,1976,2000,51,0,1949,1982,481857,28,1,0,27,18
2020-08-21,US,Washington,Columbia,13,1,0,46.29442881,-117.9051983,53013.0,326.2233375156838,7.6923076923076925,12,13,1,0,12,13,4059,0,0,0,0,0
2020-08-21,US,Washington,Cowlitz,514,6,0,46.19074721,-122.6782231,53015.0,464.76720949788864,1.1673151750972763,508,514,6,0,508,512,108987,0,0,0,0,2
2020-08-21,US,Washington,Douglas,1083,7,0,47.7361335,-119.69293700000001,53017.0,2493.725390867853,0.6463527239150508,1076,1082,7,0,1075,1061,42907,1,0,0,1,21
2020-08-21,US,Washington,Ferry,23,0,0,48.471143100000006,-118.5154041,53019.0,301.5602464927232,0.0,23,23,0,0,23,22,7649,0,0,0,0,1
2020-08-21,US,Washington,Franklin,3803,55,0,46.53351425,-118.9018212,53021.0,3993.8249564176335,1.4462266631606626,3748,3776,55,0,3721,3758,94347,27,0,0,27,18
2020-08-21,US,Washington,Garfield,4,0,0,46.43197502,-117.54540320000001,53023.0,179.77528089887642,0.0,4,4,0,0,4,4,2247,0,0,0,0,0
2020-08-21,US,Washington,Grant,1948,15,0,47.20753737,-119.4500749,53025.0,1993.1855156395486,0.7700205338809035,1933,1935,15,0,1920,1902,97331,13,0,0,13,33
2020-08-21,US,Washington,Grays Harbor,167,5,0,47.14003705,-123.7820567,53027.0,222.48571162121482,2.9940119760479043,162,165,3,0,162,148,73901,2,2,0,0,17
2020-08-21,US,Washington,Island,261,11,0,48.14713305,-122.5216407,53029.0,306.5503106611386,4.21455938697318,250,259,11,0,248,258,84460,2,0,0,2,1
2020-08-21,US,Washington,Jefferson,65,0,0,47.75003077,-123.56097040000002,53031.0,201.73178982651058,0.0,65,63,0,0,63,62,31729,2,0,0,2,1
2020-08-21,US,Washington,King,18334,710,0,47.49137892,-121.8346131,53033.0,813.8381787496527,3.872586451401767,17624,18297,707,0,17590,18054,2233163,37,3,0,34,243
2020-08-21,US,Washington,Kitsap,893,8,0,47.63479026,-122.6436061,53035.0,328.94615670803364,0.8958566629339306,885,869,8,0,861,853,269805,24,0,0,24,16
2020-08-21,US,Washington,Kittitas,447,21,0,47.12521214,-120.67943899999999,53037.0,932.5127777198288,4.697986577181208,426,447,21,0,426,446,47364,0,0,0,0,1
2020-08-21,US,Washington,Klickitat,160,3,0,45.87325839,-120.7913598,53039.0,713.4894091415831,1.875,157,159,3,0,156,154,22107,1,0,0,1,5
2020-08-21,US,Washington,Lewis,293,4,0,46.57756476,-122.39257690000001,53041.0,363.0416196860248,1.3651877133105803,289,285,4,0,281,278,79604,8,0,0,8,7
2020-08-21,US,Washington,Lincoln,31,1,0,47.57705241,-118.41943880000001,53043.0,283.3897065545296,3.2258064516129035,30,31,1,0,30,31,10740,0,0,0,0,0
2020-08-21,US,Washington,Mason,271,1,0,47.35007586,-123.1863685,53045.0,405.88305775221664,0.3690036900369004,270,272,1,0,271,270,65507,-1,0,0,-1,2
2020-08-21,US,Washington,Okanogan,946,6,0,48.54855019,-119.73872240000001,53047.0,2239.424283313212,0.6342494714587738,940,945,6,0,939,933,42132,1,0,0,1,12
2020-08-21,US,Washington,Pacific,59,2,0,46.55418369,-123.7285716,53049.0,262.560633705665,3.3898305084745757,57,59,2,0,57,59,22036,0,0,0,0,0
2020-08-21,US,Washington,Pend Oreille,53,0,0,48.53234021,-117.2741804,53051.0,386.1847857767415,0.0,53,52,0,0,52,51,13602,1,0,0,1,1
2020-08-21,US,Washington,Pierce,6383,157,0,47.03892768,-122.14059579999999,53053.0,705.3194545735817,2.4596584678051068,6226,6332,155,0,6177,6277,891299,51,2,0,49,55
2020-08-21,US,Washington,San Juan,29,0,0,48.60182783,-122.96745,53055.0,164.94141735866228,0.0,29,29,0,0,29,29,17128,0,0,0,0,0
2020-08-21,US,Washington,Skagit,964,22,0,48.48171488,-121.766131,53057.0,746.1011570759648,2.282157676348548,942,958,22,0,936,947,128206,6,0,0,6,11
2020-08-21,US,Washington,Skamania,58,1,0,46.02408726,-121.91644029999999,53059.0,480.01324174459984,1.7241379310344829,57,58,1,0,57,58,11924,0,0,0,0,0
2020-08-21,US,Washington,Snohomish,5897,207,0,48.04615983,-121.7170703,53061.0,717.3241631319465,3.510259453959641,5690,5855,207,0,5648,5823,814901,42,0,0,42,32
2020-08-21,US,Washington,Spokane,4942,120,0,47.62113146,-117.4046494,53063.0,945.2981840022342,2.4281667341157425,4822,4908,118,0,4790,4853,514631,34,2,0,32,55
2020-08-21,US,Washington,Stevens,120,1,0,48.40035475,-117.8542701,53065.0,262.44997047437835,0.8333333333333334,119,120,1,0,119,121,45260,0,0,0,0,-1
2020-08-21,US,Washington,Thurston,842,11,0,46.9291895,-122.82906559999999,53067.0,289.80918027370103,1.3064133016627075,831,838,11,0,827,813,286419,4,0,0,4,25
2020-08-21,US,Washington,Unassigned,242,4,0,0.0,0.0,90053.0,0.0,1.6528925619834711,238,223,5,0,218,214,,19,-1,0,20,9
2020-08-21,US,Washington,Wahkiakum,6,0,0,46.29180039999999,-123.4250831,53069.0,133.6898395721925,0.0,6,6,0,0,6,4,4426,0,0,0,0,2
2020-08-21,US,Washington,Walla Walla,684,5,0,46.23040051,-118.4775539,53071.0,1125.7406188281764,0.7309941520467836,679,678,4,0,674,661,60922,6,1,0,5,17
2020-08-21,US,Washington,Whatcom,1043,39,0,48.82227976,-121.74900179999999,53073.0,454.96778583798266,3.7392138063279,1004,1038,39,0,999,1032,225685,5,0,0,5,6
2020-08-21,US,Washington,Whitman,128,0,0,46.90022523,-117.52417630000001,53075.0,255.4686252594603,0.0,128,128,0,0,128,128,49791,0,0,0,0,0
2020-08-21,US,Washington,Yakima,10758,233,0,46.45738486,-120.73801259999999,53077.0,4288.225516496394,2.165830079940509,10525,10720,231,0,10489,10680,251446,38,2,0,36,40
2020-08-21,US,West Virginia,Barbour,33,1,0,39.1307219,-80.00350858,54001.0,200.717717900371,3.0303030303030303,32,33,1,0,32,33,16535,0,0,0,0,0
2020-08-21,US,West Virginia,Berkeley,757,11,0,39.46704621,-78.02414609,54003.0,635.2216562754361,1.4531043593130781,746,753,11,0,742,748,117123,4,0,0,4,5
2020-08-21,US,West Virginia,Boone,127,0,0,38.01974191,-81.69888019,54005.0,591.8814372931912,0.0,127,125,0,0,125,124,21951,2,0,0,2,1
2020-08-21,US,West Virginia,Braxton,10,0,0,38.70036159,-80.72011184,54007.0,71.64863509350147,0.0,10,10,0,0,10,10,14089,0,0,0,0,0
2020-08-21,US,West Virginia,Brooke,83,1,0,40.27367263,-80.57915332,54009.0,378.3217101964538,1.2048192771084338,82,82,1,0,81,79,22203,1,0,0,1,3
2020-08-21,US,West Virginia,Cabell,487,4,0,38.42424062,-82.23855912,54011.0,529.6644733264452,0.8213552361396304,483,485,4,0,481,478,93224,2,0,0,2,7
2020-08-21,US,West Virginia,Calhoun,8,0,0,38.84315422,-81.11934872,54013.0,112.53340835560556,0.0,8,7,0,0,7,7,7254,1,0,0,1,0
2020-08-21,US,West Virginia,Clay,19,1,0,38.46231092,-81.07652217,54015.0,223.3192289609779,5.2631578947368425,18,19,1,0,18,18,8632,0,0,0,0,1
2020-08-21,US,West Virginia,Doddridge,6,0,0,39.27057157,-80.70671527,54017.0,71.02272727272727,0.0,6,6,0,0,6,6,8406,0,0,0,0,0
2020-08-21,US,West Virginia,Fayette,183,8,0,38.02974928,-81.08286634,54019.0,431.5427062208178,4.371584699453551,175,183,7,0,176,178,43018,0,1,0,-1,5
2020-08-21,US,West Virginia,Gilmer,18,0,0,38.9251277,-80.85952723,54021.0,230.09075802121947,0.0,18,18,0,0,18,18,8026,0,0,0,0,0
2020-08-21,US,West Virginia,Grant,131,5,0,39.10314817,-79.19440518,54023.0,1132.4343015214386,3.816793893129771,126,131,5,0,126,131,11626,0,0,0,0,0
2020-08-21,US,West Virginia,Greenbrier,96,3,0,37.9463652,-80.45335881,54025.0,276.9603600484681,3.125,93,96,3,0,93,96,34786,0,0,0,0,0
2020-08-21,US,West Virginia,Hampshire,91,1,0,39.32103553,-78.60826476,54027.0,392.6645091693636,1.0989010989010992,90,91,1,0,90,90,23347,0,0,0,0,1
2020-08-21,US,West Virginia,Hancock,116,0,0,40.51943859,-80.57461608,54029.0,402.6379729260673,0.0,116,115,0,0,115,115,29094,1,0,0,1,0
2020-08-21,US,West Virginia,Hardy,64,0,0,39.00683177,-78.85855301,54031.0,464.5760743321719,0.0,64,64,0,0,64,64,13775,0,0,0,0,0
2020-08-21,US,West Virginia,Harrison,250,1,0,39.2853852,-80.37919577,54033.0,371.7140478172951,0.4,249,250,1,0,249,248,67554,0,0,0,0,2
2020-08-21,US,West Virginia,Jackson,182,19,0,38.84263974,-81.68148753,54035.0,636.8980963045913,10.43956043956044,163,178,19,0,159,172,28706,4,0,0,4,6
2020-08-21,US,West Virginia,Jefferson,315,4,0,39.30776166,-77.86014147,54037.0,551.2196829174395,1.2698412698412698,311,312,4,0,308,310,56811,3,0,0,3,2
2020-08-21,US,West Virginia,Kanawha,1178,27,0,38.33860077,-81.52857054,54039.0,661.3370461027148,2.2920203735144318,1151,1161,26,0,1135,1122,180454,17,1,0,16,39
2020-08-21,US,West Virginia,Lewis,32,2,0,38.9947249,-80.49988181,54041.0,201.16929653611615,6.25,30,30,2,0,28,28,16024,2,0,0,2,2
2020-08-21,US,West Virginia,Lincoln,116,0,0,38.172154,-82.07017953,54043.0,568.3766965554413,0.0,116,116,0,0,116,111,20599,0,0,0,0,5
2020-08-21,US,West Virginia,Logan,425,12,0,37.8299889,-81.93528571,54045.0,1327.3368937193538,2.8235294117647056,413,418,12,0,406,380,32607,7,0,0,7,38
2020-08-21,US,West Virginia,Marion,206,2,0,39.50984542,-80.24244659,54049.0,367.38479098302184,0.9708737864077671,204,205,2,0,203,203,56097,1,0,0,1,2
2020-08-21,US,West Virginia,Marshall,134,1,0,39.86064362,-80.66591062,54051.0,438.8981690740559,0.746268656716418,133,133,1,0,132,131,30785,1,0,0,1,2
2020-08-21,US,West Virginia,Mason,82,1,0,38.77071799,-82.02524219,54053.0,309.24724694524065,1.2195121951219512,81,82,1,0,81,77,26718,0,0,0,0,5
2020-08-21,US,West Virginia,McDowell,67,0,0,37.38002939,-81.65083669,54047.0,380.1634135270086,0.0,67,67,0,0,67,67,18223,0,0,0,0,0
2020-08-21,US,West Virginia,Mercer,264,20,0,37.40481169,-81.11023142,54055.0,449.30052078014916,7.575757575757576,244,256,18,0,238,245,59131,8,2,0,6,11
2020-08-21,US,West Virginia,Mineral,129,4,0,39.41561583,-78.94104895,54057.0,480.12505582849485,3.1007751937984502,125,129,4,0,125,129,26940,0,0,0,0,0
2020-08-21,US,West Virginia,Mingo,210,5,0,37.73048351,-82.13338365,54059.0,896.516393442623,2.380952380952381,205,210,5,0,205,204,23785,0,0,0,0,6
2020-08-21,US,West Virginia,Monongalia,1030,5,0,39.63218457,-80.04766838,54061.0,975.2679619740179,0.4854368932038835,1025,1014,5,0,1009,1003,106420,16,0,0,16,11
2020-08-21,US,West Virginia,Monroe,31,0,0,37.56274716,-80.54577965,54063.0,233.5216572504708,0.0,31,27,0,0,27,22,13280,4,0,0,4,5
2020-08-21,US,West Virginia,Morgan,37,0,0,39.55439028,-78.26311676,54065.0,206.8888391858645,0.0,37,34,0,0,34,33,17787,3,0,0,3,1
2020-08-21,US,West Virginia,Nicholas,40,1,0,38.29617706,-80.79759588,54067.0,163.29196603527106,2.5,39,40,1,0,39,40,24842,0,0,0,0,0
2020-08-21,US,West Virginia,Ohio,285,4,0,40.0955451,-80.62203992,54069.0,688.2229359348967,1.4035087719298245,281,285,4,0,281,285,41755,0,0,0,0,0
2020-08-21,US,West Virginia,Pendleton,47,1,0,38.68314479,-79.35084086,54071.0,674.4152676137179,2.127659574468085,46,47,1,0,46,47,6997,0,0,0,0,0
2020-08-21,US,West Virginia,Pleasants,14,2,0,39.37091679,-81.16771771,54073.0,187.66756032171585,14.285714285714285,12,14,2,0,12,14,7507,0,0,0,0,0
2020-08-21,US,West Virginia,Pocahontas,42,0,0,38.32758728,-80.00993811,54075.0,509.2761004001455,0.0,42,42,0,0,42,42,8414,0,0,0,0,0
2020-08-21,US,West Virginia,Preston,133,4,0,39.46770987,-79.66712803,54077.0,397.82244556113915,3.0075187969924815,129,132,4,0,128,131,33839,1,0,0,1,1
2020-08-21,US,West Virginia,Putnam,237,0,0,38.50782345,-81.9082131,54079.0,419.8405668733392,0.0,237,236,0,0,236,228,56682,1,0,0,1,8
2020-08-21,US,West Virginia,Raleigh,319,3,0,37.76936795,-81.2456041,54081.0,434.8359482558852,0.9404388714733544,316,314,3,0,311,310,74254,5,0,0,5,4
2020-08-21,US,West Virginia,Randolph,218,0,0,38.769899,-79.87919615,54083.0,759.7142359296045,0.0,218,218,0,0,218,218,28823,0,0,0,0,0
2020-08-21,US,West Virginia,Ritchie,3,0,0,39.18094587,-81.06356878,54085.0,31.400460540087924,0.0,3,3,0,0,3,3,9721,0,0,0,0,0
2020-08-21,US,West Virginia,Roane,23,1,0,38.71622686,-81.35243568,54087.0,168.0303915838691,4.3478260869565215,22,20,1,0,19,20,13932,3,0,0,3,0
2020-08-21,US,West Virginia,Summers,19,0,0,37.65390597,-80.86009693,54089.0,151.1174739521196,0.0,19,19,0,0,19,19,12760,0,0,0,0,0
2020-08-21,US,West Virginia,Taylor,88,1,0,39.33602617,-80.0421439,54091.0,527.1039233303384,1.1363636363636365,87,87,1,0,86,86,16862,1,0,0,1,1
2020-08-21,US,West Virginia,Tucker,11,0,0,39.11240885,-79.57053576,54093.0,160.84222839596433,0.0,11,11,0,0,11,11,6955,0,0,0,0,0
2020-08-21,US,West Virginia,Tyler,15,0,0,39.46811972,-80.88772676,54095.0,174.60132697008495,0.0,15,15,0,0,15,15,8746,0,0,0,0,0
2020-08-21,US,West Virginia,Upshur,41,0,0,38.89285061,-80.23689136,54097.0,169.58967571144942,0.0,41,40,0,0,40,40,24415,1,0,0,1,0
2020-08-21,US,West Virginia,Wayne,224,9,0,38.14901357,-82.42287994,54099.0,568.4990609613725,4.017857142857143,215,223,9,0,214,221,39944,1,0,0,1,2
2020-08-21,US,West Virginia,Webster,7,0,0,38.49370949,-80.4202023,54101.0,86.27064333251171,0.0,7,7,0,0,7,7,8285,0,0,0,0,0
2020-08-21,US,West Virginia,Wetzel,45,0,0,39.6065771,-80.64016540000001,54103.0,298.70560902754727,0.0,45,45,0,0,45,45,15270,0,0,0,0,0
2020-08-21,US,West Virginia,Wirt,7,0,0,39.02775007,-81.37473928,54105.0,120.25425184676172,0.0,7,7,0,0,7,7,5830,0,0,0,0,0
2020-08-21,US,West Virginia,Wood,290,5,0,39.20967886,-81.5162836,54107.0,347.2305371297205,1.7241379310344829,285,290,5,0,285,290,84203,0,0,0,0,0
2020-08-21,US,West Virginia,Wyoming,52,2,0,37.612327,-81.54511071,54109.0,254.97695400608018,3.8461538461538463,50,52,2,0,50,48,20786,0,0,0,0,4
2020-08-21,US,Wisconsin,Adams,98,2,0,43.96974651,-89.76782777,55001.0,484.6686449060337,2.0408163265306123,96,97,2,0,95,96,20348,1,0,0,1,1
2020-08-21,US,Wisconsin,Ashland,30,1,0,46.31956891,-90.67837132,55003.0,192.77727798483485,3.333333333333333,29,30,1,0,29,30,15600,0,0,0,0,0
2020-08-21,US,Wisconsin,Barron,347,3,0,45.42372701,-91.84833627,55005.0,766.9525240915923,0.8645533141210374,344,346,3,0,343,343,45164,1,0,0,1,3
2020-08-21,US,Wisconsin,Bayfield,40,1,0,46.52868768,-91.19716729,55007.0,266.02819898909286,2.5,39,40,1,0,39,39,15042,0,0,0,0,1
2020-08-21,US,Wisconsin,Brown,4739,57,0,44.452655299999996,-88.00411844,55009.0,1791.3979632723724,1.2027853977632412,4682,4682,57,0,4625,4656,263378,57,0,0,57,26
2020-08-21,US,Wisconsin,Buffalo,51,2,0,44.37835084,-91.75332578,55011.0,391.37441485687975,3.92156862745098,49,50,2,0,48,49,13125,1,0,0,1,1
2020-08-21,US,Wisconsin,Burnett,33,1,0,45.86303537,-92.36711412,55013.0,214.0910860256909,3.0303030303030303,32,31,1,0,30,29,15392,2,0,0,2,2
2020-08-21,US,Wisconsin,Calumet,428,2,0,44.0816316,-88.21780273,55015.0,854.4790273313503,0.4672897196261682,426,417,2,0,415,412,50159,11,0,0,11,5
2020-08-21,US,Wisconsin,Chippewa,293,0,0,45.06939744,-91.28068855,55017.0,453.1535154195923,0.0,293,288,0,0,288,284,64135,5,0,0,5,4
2020-08-21,US,Wisconsin,Clark,211,8,0,44.73483377,-90.61207486,55019.0,606.775176856272,3.791469194312796,203,206,8,0,198,202,34709,5,0,0,5,4
2020-08-21,US,Wisconsin,Columbia,310,2,0,43.46492199,-89.33589004,55021.0,538.8305638601126,0.6451612903225806,308,307,2,0,305,297,57358,3,0,0,3,10
2020-08-21,US,Wisconsin,Crawford,94,0,0,43.23870316,-90.93073686,55023.0,582.728907073337,0.0,94,93,0,0,93,93,16291,1,0,0,1,0
2020-08-21,US,Wisconsin,Dane,4998,39,0,43.06601594,-89.41733797,55025.0,914.2209092821408,0.78031212484994,4959,4955,39,0,4916,4924,542364,43,0,0,43,31
2020-08-21,US,Wisconsin,Dodge,993,5,0,43.41576662,-88.70928178,55027.0,1130.4773506073614,0.5035246727089627,988,982,5,0,977,967,87847,11,0,0,11,15
2020-08-21,US,Wisconsin,Door,123,3,0,44.95856458,-87.30002707,55029.0,444.5568888246349,2.4390243902439024,120,121,3,0,118,121,27610,2,0,0,2,0
2020-08-21,US,Wisconsin,Douglas,235,0,0,46.43222285,-91.91595768,55031.0,544.611819235226,0.0,235,233,0,0,233,231,43208,2,0,0,2,2
2020-08-21,US,Wisconsin,Dunn,152,0,0,44.94562799,-91.8962481,55033.0,335.0379121847998,0.0,152,150,0,0,150,147,45131,2,0,0,2,3
2020-08-21,US,Wisconsin,Eau Claire,699,4,0,44.726614,-91.28609183,55035.0,667.9662863367926,0.5722460658082976,695,687,4,0,683,679,104534,12,0,0,12,8
2020-08-21,US,Wisconsin,Florence,18,0,0,45.84963535,-88.39804137,55037.0,419.0919674039581,0.0,18,17,0,0,17,17,4321,1,0,0,1,0
2020-08-21,US,Wisconsin,Fond du Lac,868,8,0,43.75354908,-88.48885325,55039.0,839.4340589731439,0.9216589861751152,860,844,8,0,836,815,103066,24,0,0,24,29
2020-08-21,US,Wisconsin,Forest,63,4,0,45.66678019,-88.77084892,55041.0,699.6890270990671,6.349206349206349,59,62,4,0,58,62,8991,1,0,0,1,0
2020-08-21,US,Wisconsin,Grant,414,16,0,42.8671731,-90.7063218,55043.0,804.836796982834,3.864734299516908,398,410,16,0,394,409,51554,4,0,0,4,1
2020-08-21,US,Wisconsin,Green,235,1,0,42.6794956,-89.60243287,55045.0,635.8225108225107,0.425531914893617,234,229,1,0,228,225,36929,6,0,0,6,4
2020-08-21,US,Wisconsin,Green Lake,68,0,0,43.80025981,-89.04679553,55047.0,359.54105641622164,0.0,68,67,0,0,67,65,18918,1,0,0,1,2
2020-08-21,US,Wisconsin,Iowa,107,0,0,43.00050278,-90.13469017,55049.0,451.8962750232283,0.0,107,106,0,0,106,105,23771,1,0,0,1,1
2020-08-21,US,Wisconsin,Iron,100,1,0,46.26302338,-90.24295041,55051.0,1758.3963425356076,1.0,99,98,1,0,97,92,5676,2,0,0,2,6
2020-08-21,US,Wisconsin,Jackson,66,1,0,44.31864893,-90.80566792,55053.0,319.72097078912947,1.5151515151515151,65,65,1,0,64,65,20478,1,0,0,1,0
2020-08-21,US,Wisconsin,Jefferson,801,6,0,43.02054068,-88.77529134,55055.0,944.9209026884828,0.7490636704119851,795,765,6,0,759,748,85129,36,0,0,36,17
2020-08-21,US,Wisconsin,Juneau,163,1,0,43.92456975,-90.11120239,55057.0,610.784276988796,0.6134969325153374,162,162,1,0,161,155,26617,1,0,0,1,7
2020-08-21,US,Wisconsin,Kenosha,2852,60,0,42.57639354,-88.04051686,55059.0,1681.9905520727054,2.1037868162692845,2792,2843,60,0,2783,2813,169290,9,0,0,9,30
2020-08-21,US,Wisconsin,Kewaunee,153,2,0,44.51727459,-87.61468386,55061.0,748.7520798668884,1.30718954248366,151,149,2,0,147,149,20383,4,0,0,4,0
2020-08-21,US,Wisconsin,La Crosse,1016,1,0,43.90632465,-91.11451093,55063.0,860.9002169197397,0.0984251968503937,1015,1008,1,0,1007,987,118230,8,0,0,8,21
2020-08-21,US,Wisconsin,Lafayette,180,0,0,42.66005229,-90.1317729,55065.0,1080.1080108010801,0.0,180,178,0,0,178,177,16665,2,0,0,2,1
2020-08-21,US,Wisconsin,Langlade,76,2,0,45.26271619,-89.07483625,55067.0,396.0602428474647,2.631578947368421,74,75,2,0,73,74,19268,1,0,0,1,1
2020-08-21,US,Wisconsin,Lincoln,74,1,0,45.33737523,-89.73411273,55069.0,268.1839596999239,1.351351351351351,73,73,1,0,72,73,27689,1,0,0,1,0
2020-08-21,US,Wisconsin,Manitowoc,436,1,0,44.11946801,-87.80928853,55071.0,552.0315012471353,0.22935779816513766,435,429,1,0,428,424,79074,7,0,0,7,5
2020-08-21,US,Wisconsin,Marathon,720,13,0,44.89792533,-89.75863384,55073.0,530.6134481030571,1.805555555555556,707,718,13,0,705,717,135428,2,0,0,2,1
2020-08-21,US,Wisconsin,Marinette,542,5,0,45.38553432,-88.03324599999998,55075.0,1343.2465923172242,0.922509225092251,537,530,5,0,525,523,40434,12,0,0,12,7
2020-08-21,US,Wisconsin,Marquette,81,1,0,43.81911946,-89.40073763,55077.0,520.0975985617054,1.2345679012345678,80,81,1,0,80,81,15434,0,0,0,0,0
2020-08-21,US,Wisconsin,Menominee,28,0,0,45.00422544,-88.70950714,55078.0,614.5741878841087,0.0,28,28,0,0,28,26,4658,0,0,0,0,2
2020-08-21,US,Wisconsin,Milwaukee,22960,475,0,43.00486062,-87.96733172,55079.0,2427.7644899262577,2.068815331010453,22485,22778,474,0,22304,22556,948201,182,1,0,181,222
2020-08-21,US,Wisconsin,Monroe,261,2,0,43.94641218,-90.61881899999999,55081.0,564.2877218774997,0.7662835249042146,259,254,2,0,252,254,46051,7,0,0,7,0
2020-08-21,US,Wisconsin,Oconto,341,1,0,45.02715345,-88.26807503,55083.0,899.024518850514,0.2932551319648094,340,327,2,0,325,321,37830,14,-1,0,15,6
2020-08-21,US,Wisconsin,Oneida,190,0,0,45.70677897,-89.51944105,55085.0,533.7828346677903,0.0,190,187,0,0,187,186,35470,3,0,0,3,1
2020-08-21,US,Wisconsin,Outagamie,1507,17,0,44.41578887,-88.46565023,55087.0,802.086382627671,1.12806901128069,1490,1484,16,0,1468,1454,187365,23,1,0,22,30
2020-08-21,US,Wisconsin,Ozaukee,830,18,0,43.38352225,-87.94625009,55089.0,930.2742627856668,2.1686746987951806,812,824,18,0,806,815,89147,6,0,0,6,9
2020-08-21,US,Wisconsin,Pepin,46,0,0,44.58307413,-91.99949611,55091.0,631.2611499931385,0.0,46,46,0,0,46,46,7289,0,0,0,0,0
2020-08-21,US,Wisconsin,Pierce,261,4,0,44.71850291,-92.4224416,55093.0,610.4691958647144,1.5325670498084292,257,256,4,0,252,253,42555,5,0,0,5,3
2020-08-21,US,Wisconsin,Polk,152,2,0,45.46130348,-92.44182875,55095.0,347.1667085398443,1.3157894736842106,150,150,2,0,148,147,43598,2,0,0,2,3
2020-08-21,US,Wisconsin,Portage,497,0,0,44.47558711,-89.50152965,55097.0,702.2551291471202,0.0,497,487,0,0,487,481,70942,10,0,0,10,6
2020-08-21,US,Wisconsin,Price,33,0,0,45.68051754,-90.36098879999999,55099.0,247.17249644221405,0.0,33,33,0,0,33,33,13397,0,0,0,0,0
2020-08-21,US,Wisconsin,Racine,3794,85,0,42.74753117,-88.05941254,55101.0,1932.6476865789487,2.2403795466526093,3709,3762,85,0,3677,3745,196584,32,0,0,32,17
2020-08-21,US,Wisconsin,Richland,40,4,0,43.3762778,-90.43012729,55103.0,231.85717597959652,10.0,36,38,4,0,34,38,17377,2,0,0,2,0
2020-08-21,US,Wisconsin,Rock,1535,26,0,42.67151616,-89.07147900000002,55105.0,939.677020458636,1.6938110749185669,1509,1514,26,0,1488,1506,163129,21,0,0,21,8
2020-08-21,US,Wisconsin,Rusk,22,1,0,45.47498854,-91.1333012,55107.0,155.16998166172942,4.545454545454546,21,22,1,0,21,22,14147,0,0,0,0,0
2020-08-21,US,Wisconsin,Sauk,560,3,0,43.42574087,-89.94966132,55111.0,868.9984792526615,0.5357142857142857,557,547,3,0,544,537,64249,13,0,0,13,10
2020-08-21,US,Wisconsin,Sawyer,134,0,0,45.87931905,-91.14504927,55113.0,809.2764826669887,0.0,134,127,0,0,127,120,16489,7,0,0,7,7
2020-08-21,US,Wisconsin,Shawano,228,0,0,44.78902246,-88.76443896,55115.0,557.4708428078926,0.0,228,223,0,0,223,224,40796,5,0,0,5,-1
2020-08-21,US,Wisconsin,Sheboygan,917,8,0,43.72099677,-87.94579284,55117.0,795.040749089648,0.8724100327153762,909,903,8,0,895,893,115456,14,0,0,14,10
2020-08-21,US,Wisconsin,St. Croix,562,6,0,45.03437474,-92.45000068,55109.0,619.7139612072292,1.0676156583629892,556,554,6,0,548,552,89694,8,0,0,8,2
2020-08-21,US,Wisconsin,Taylor,79,2,0,45.21179252,-90.5004405,55119.0,388.33996952268575,2.5316455696202533,77,78,2,0,76,77,20412,1,0,0,1,1
2020-08-21,US,Wisconsin,Trempealeau,392,2,0,44.30360275,-91.35893614,55121.0,1322.1356538163175,0.5102040816326531,390,389,2,0,387,387,29442,3,0,0,3,2
2020-08-21,US,Wisconsin,Vernon,84,0,0,43.59422667,-90.8324691,55123.0,272.53260657971583,0.0,84,80,0,0,80,79,30785,4,0,0,4,1
2020-08-21,US,Wisconsin,Vilas,88,0,0,46.05467334,-89.51719204,55125.0,396.485694976346,0.0,88,89,0,0,89,83,21938,-1,0,0,-1,6
2020-08-21,US,Wisconsin,Walworth,1573,25,0,42.66858202,-88.54163073,55127.0,1514.4221511918977,1.5893197711379532,1548,1546,25,0,1521,1534,103718,27,0,0,27,12
2020-08-21,US,Wisconsin,Washburn,53,0,0,45.89838588,-91.79050449,55129.0,337.1501272264632,0.0,53,52,0,0,52,51,15878,1,0,0,1,1
2020-08-21,US,Wisconsin,Washington,1403,25,0,43.36863664,-88.22974712,55131.0,1031.359807107047,1.7818959372772631,1378,1357,25,0,1332,1320,135693,46,0,0,46,37
2020-08-21,US,Wisconsin,Waukesha,5138,70,0,43.01833055,-88.30431188,55133.0,1271.1591843601402,1.3623978201634876,5068,5063,70,0,4993,4998,403072,75,0,0,75,65
2020-08-21,US,Wisconsin,Waupaca,571,16,0,44.47068056,-88.96534501,55135.0,1119.8274171406156,2.8021015761821366,555,563,16,0,547,554,51128,8,0,0,8,9
2020-08-21,US,Wisconsin,Waushara,132,1,0,44.11324419,-89.24317107,55137.0,540.0319109765577,0.7575757575757576,131,128,1,0,127,128,24263,4,0,0,4,0
2020-08-21,US,Wisconsin,Winnebago,1335,19,0,44.06886922,-88.64477096,55139.0,776.5826871506105,1.4232209737827717,1316,1321,19,0,1302,1309,171020,14,0,0,14,12
2020-08-21,US,Wisconsin,Wood,406,2,0,44.45537896,-90.04158336,55141.0,556.1720023561967,0.4926108374384237,404,399,2,0,397,389,73055,7,0,0,7,10
2020-08-21,US,Wyoming,Albany,126,0,0,41.65498705,-105.72354150000001,56001.0,324.07407407407413,0.0,126,107,0,0,107,105,38601,19,0,0,19,2
2020-08-21,US,Wyoming,Big Horn,38,0,0,44.52405055,-107.9960365,56003.0,322.30703986429177,0.0,38,39,0,0,39,38,11881,-1,0,0,-1,1
2020-08-21,US,Wyoming,Campbell,156,0,0,44.24886082,-105.54744040000001,56005.0,336.63494529682134,0.0,156,155,0,0,155,152,46140,1,0,0,1,3
2020-08-21,US,Wyoming,Carbon,182,0,0,41.69357844,-106.9326084,56007.0,1229.7297297297298,0.0,182,180,0,0,180,180,14971,2,0,0,2,0
2020-08-21,US,Wyoming,Converse,35,0,0,42.97272268,-105.5081848,56009.0,253.21950513673846,0.0,35,34,0,0,34,34,13640,1,0,0,1,0
2020-08-21,US,Wyoming,Crook,13,0,0,44.58855102,-104.56977049999999,56011.0,171.41350210970464,0.0,13,13,0,0,13,13,7450,0,0,0,0,0
2020-08-21,US,Wyoming,Fremont,568,0,0,43.04183996,-108.6296893,56013.0,1446.7283054430607,0.0,568,560,0,0,560,551,39531,8,0,0,8,9
2020-08-21,US,Wyoming,Goshen,40,0,0,42.08798185,-104.3534743,56015.0,302.7779880402694,0.0,40,40,0,0,40,40,13376,0,0,0,0,0
2020-08-21,US,Wyoming,Hot Springs,26,0,0,43.71930657,-108.44231740000001,56017.0,589.1683661907997,0.0,26,23,0,0,23,23,4555,3,0,0,3,0
2020-08-21,US,Wyoming,Johnson,26,1,0,44.04057166,-106.58451740000001,56019.0,307.8744819419775,3.8461538461538463,25,26,1,0,25,26,8460,0,0,0,0,0
2020-08-21,US,Wyoming,Laramie,538,0,0,41.30702520000001,-104.6887497,56021.0,540.7035175879397,0.0,538,534,0,0,534,533,98976,4,0,0,4,1
2020-08-21,US,Wyoming,Lincoln,107,0,0,42.26376367,-110.6563997,56023.0,539.5864851235502,0.0,107,107,0,0,107,104,19434,0,0,0,0,3
2020-08-21,US,Wyoming,Natrona,261,0,0,42.96180148,-106.79788500000001,56025.0,326.83012346915774,0.0,261,256,0,0,256,251,79115,5,0,0,5,5
2020-08-21,US,Wyoming,Niobrara,2,0,0,43.05607708,-104.47588959999999,56027.0,84.88964346349746,0.0,2,2,0,0,2,2,2388,0,0,0,0,0
2020-08-21,US,Wyoming,Park,156,0,0,44.52157546,-109.58528249999999,56029.0,534.35637459752,0.0,156,153,0,0,153,152,29324,3,0,0,3,1
2020-08-21,US,Wyoming,Platte,7,0,0,42.13299116,-104.96633100000001,56031.0,83.40283569641367,0.0,7,7,0,0,7,7,8566,0,0,0,0,0
2020-08-21,US,Wyoming,Sheridan,112,0,0,44.79048913,-106.8862389,56033.0,367.3938002296212,0.0,112,108,0,0,108,101,30233,4,0,0,4,7
2020-08-21,US,Wyoming,Sublette,44,0,0,42.76558279,-109.91309220000001,56035.0,447.5638287051165,0.0,44,41,0,0,41,41,9813,3,0,0,3,0
2020-08-21,US,Wyoming,Sweetwater,288,0,0,41.65943896,-108.8827882,56037.0,680.1596485841816,0.0,288,285,0,0,285,285,43051,3,0,0,3,0
2020-08-21,US,Wyoming,Teton,399,0,0,43.93522482,-110.5890801,56039.0,1700.4773269689738,0.0,399,398,0,0,398,394,23081,1,0,0,1,4
2020-08-21,US,Wyoming,Uinta,283,0,0,41.2878183,-110.54757820000002,56041.0,1399.189162464155,0.0,283,283,0,0,283,283,20299,0,0,0,0,0
2020-08-21,US,Wyoming,Unassigned,0,36,0,0.0,0.0,90056.0,0.0,0.0,-36,0,33,0,-33,0,,0,3,0,-3,0
2020-08-21,US,Wyoming,Washakie,106,0,0,43.90451606,-107.68018700000002,56043.0,1358.1037796284434,0.0,106,106,0,0,106,104,7885,0,0,0,0,2
2020-08-21,US,Wyoming,Weston,11,0,0,43.83961191,-104.56748809999999,56045.0,158.79890284394398,0.0,11,,,,,12,6967,,,,,
