Date,Country/Region,Province/State,Admin2,Confirmed,Deaths,Recovered,Latitude,Longitude,FIPS,Incidence_Rate,Case-Fatality_Ratio,Active Cases,Previous Confirmed,Previous Deaths,Previous Recovered,Previous Active,Prev2 Confirmed,Population,Daily Confirmed,Daily Deaths,Daily Recovered,Daily Active,Previous Daily Confirmed
2020-06-17,US,Alabama,Autauga,369,6,0,32.53952745,-86.64408227,1001.0,660.4736079042045,1.6260162601626016,363,367,6,0,361,364,55601,2,0,0,2,3
2020-06-17,US,Alabama,Baldwin,377,9,0,30.72774991,-87.72207058,1003.0,168.88108442262381,2.3872679045092844,368,374,9,0,365,368,218022,3,0,0,3,6
2020-06-17,US,Alabama,Barbour,250,1,0,31.868263,-85.3871286,1005.0,1012.7197601879608,0.4,249,244,1,0,243,237,24881,6,0,0,6,7
2020-06-17,US,Alabama,Bibb,115,1,0,32.99642064,-87.12511459999996,1007.0,513.5304099312316,0.8695652173913043,114,113,1,0,112,108,22400,2,0,0,2,5
2020-06-17,US,Alabama,Blount,121,1,0,33.98210918,-86.56790593,1009.0,209.24843496005258,0.8264462809917356,120,119,1,0,118,114,57840,2,0,0,2,5
2020-06-17,US,Alabama,Bullock,311,8,0,32.10030533,-85.71265535,1011.0,3078.9030789030794,2.5723472668810294,303,308,8,0,300,305,10138,3,0,0,3,3
2020-06-17,US,Alabama,Butler,551,25,0,31.75300095,-86.68057478,1013.0,2833.196215549157,4.537205081669692,526,548,25,0,523,541,19680,3,0,0,3,7
2020-06-17,US,Alabama,Calhoun,200,4,0,33.77483727,-85.82630386,1015.0,176.04858941067738,2.0,196,198,4,0,194,196,114277,2,0,0,2,2
2020-06-17,US,Alabama,Chambers,472,26,0,32.91360079,-85.39072749,1017.0,1419.3781199254224,5.508474576271187,446,471,26,0,445,461,33615,1,0,0,1,10
2020-06-17,US,Alabama,Cherokee,51,5,0,34.17805983,-85.60638968,1019.0,194.68621163536415,9.803921568627453,46,51,5,0,46,51,26032,0,0,0,0,0
2020-06-17,US,Alabama,Chilton,143,2,0,32.85044126,-86.7173256,1021.0,321.8690915638786,1.3986013986013983,141,138,2,0,136,135,44153,5,0,0,5,3
2020-06-17,US,Alabama,Choctaw,180,11,0,32.02227341,-88.26564429999998,1023.0,1429.8196838509812,6.111111111111112,169,177,11,0,166,175,12841,3,0,0,3,2
2020-06-17,US,Alabama,Clarke,197,3,0,31.68099859,-87.83548597,1025.0,833.9683346033357,1.5228426395939083,194,194,3,0,191,191,23920,3,0,0,3,3
2020-06-17,US,Alabama,Clay,30,2,0,33.26984193,-85.85836077,1027.0,226.67170381564037,6.666666666666668,28,30,2,0,28,30,13275,0,0,0,0,0
2020-06-17,US,Alabama,Cleburne,22,1,0,33.67679204,-85.52005899,1029.0,147.55197853789403,4.545454545454546,21,22,1,0,21,22,14987,0,0,0,0,0
2020-06-17,US,Alabama,Coffee,297,1,0,31.39932826,-85.98901039,1031.0,567.4219555997096,0.3367003367003367,296,296,1,0,295,290,51909,1,0,0,1,6
2020-06-17,US,Alabama,Colbert,276,5,0,34.69847452,-87.80168544,1033.0,499.628898825148,1.8115942028985508,271,269,5,0,264,265,54762,7,0,0,7,4
2020-06-17,US,Alabama,Conecuh,109,1,0,31.43401703,-86.99320044,1035.0,903.2899643656253,0.9174311926605504,108,107,1,0,106,100,12277,2,0,0,2,7
2020-06-17,US,Alabama,Coosa,46,1,0,32.93690146,-86.24847739,1037.0,431.39829316327484,2.1739130434782608,45,46,1,0,45,46,10715,0,0,0,0,0
2020-06-17,US,Alabama,Covington,182,1,0,31.247785399999998,-86.45050893,1039.0,491.2413290507166,0.5494505494505495,181,180,1,0,179,171,36986,2,0,0,2,9
2020-06-17,US,Alabama,Crenshaw,112,3,0,31.72941803,-86.31593104,1041.0,813.2442637234968,2.6785714285714284,109,112,3,0,109,112,13824,0,0,0,0,0
2020-06-17,US,Alabama,Cullman,282,1,0,34.13020303,-86.86888037,1043.0,336.6440645592589,0.3546099290780142,281,278,1,0,277,273,83442,4,0,0,4,5
2020-06-17,US,Alabama,Dale,183,0,0,31.43037123,-85.61095742,1045.0,372.1630196046531,0.0,183,182,0,0,182,178,48956,1,0,0,1,4
2020-06-17,US,Alabama,Dallas,531,6,0,32.32688101,-87.10866709999998,1047.0,1427.5728572964836,1.1299435028248588,525,523,6,0,517,503,38310,8,0,0,8,20
2020-06-17,US,Alabama,DeKalb,352,5,0,34.45946862,-85.80782906,1049.0,492.21819808985776,1.4204545454545454,347,335,5,0,330,322,71385,17,0,0,17,13
2020-06-17,US,Alabama,Elmore,576,10,0,32.59785413,-86.14415284,1051.0,709.2809910231624,1.7361111111111112,566,568,10,0,558,547,81887,8,0,0,8,21
2020-06-17,US,Alabama,Escambia,113,4,0,31.1256789,-87.15918694,1053.0,308.4650451778451,3.5398230088495577,109,112,4,0,108,107,36748,1,0,0,1,5
2020-06-17,US,Alabama,Etowah,342,12,0,34.04567266,-86.04051873,1055.0,334.4154574255876,3.5087719298245608,330,339,12,0,327,330,102501,3,0,0,3,9
2020-06-17,US,Alabama,Fayette,49,0,0,33.72076938,-87.73886638,1057.0,300.57661636609004,0.0,49,47,0,0,47,45,16433,2,0,0,2,2
2020-06-17,US,Alabama,Franklin,754,10,0,34.44235334,-87.84289505,1059.0,2404.183406670493,1.326259946949602,744,737,10,0,727,730,31363,17,0,0,17,7
2020-06-17,US,Alabama,Geneva,48,0,0,31.09389027,-85.83572839,1061.0,182.71097407788056,0.0,48,48,0,0,48,46,26314,0,0,0,0,2
2020-06-17,US,Alabama,Greene,135,5,0,32.85504247,-87.95684022,1063.0,1664.4063617309823,3.703703703703704,130,135,5,0,130,132,8233,0,0,0,0,3
2020-06-17,US,Alabama,Hale,237,15,0,32.76039258,-87.63284988,1065.0,1617.6370213637294,6.329113924050633,222,236,15,0,221,235,14726,1,0,0,1,1
2020-06-17,US,Alabama,Henry,109,2,0,31.51148016,-85.24267944,1067.0,633.5367625690208,1.834862385321101,107,109,2,0,107,108,17209,0,0,0,0,1
2020-06-17,US,Alabama,Houston,328,5,0,31.15197924,-85.29939599,1069.0,309.77881037381235,1.5243902439024388,323,319,5,0,314,315,104722,9,0,0,9,4
2020-06-17,US,Alabama,Jackson,134,3,0,34.78144169,-85.99750489,1071.0,259.5591368690195,2.238805970149253,131,125,3,0,122,122,51736,9,0,0,9,3
2020-06-17,US,Alabama,Jefferson,2647,120,0,33.55554728,-86.89506300000002,1073.0,401.9296266321274,4.5334340763128065,2527,2599,118,0,2481,2537,659300,48,2,0,46,62
2020-06-17,US,Alabama,Lamar,50,0,0,33.77995024,-88.09668032,1075.0,362.18761318362914,0.0,50,49,0,0,49,45,13844,1,0,0,1,4
2020-06-17,US,Alabama,Lauderdale,265,4,0,34.90171875,-87.65624729,1077.0,285.77899039135553,1.509433962264151,261,260,4,0,256,249,92387,5,0,0,5,11
2020-06-17,US,Alabama,Lawrence,67,0,0,34.52041498,-87.31069453,1079.0,203.49896731867332,0.0,67,66,0,0,66,65,32957,1,0,0,1,1
2020-06-17,US,Alabama,Lee,753,35,0,32.60154883,-85.35132246,1081.0,457.6339171761617,4.648074369189907,718,739,35,0,704,710,163941,14,0,0,14,29
2020-06-17,US,Alabama,Limestone,242,0,0,34.81185586,-86.98310072,1083.0,244.65450133953397,0.0,242,236,0,0,236,226,96174,6,0,0,6,10
2020-06-17,US,Alabama,Lowndes,401,14,0,32.1597283,-86.65158371,1085.0,4122.969360477072,3.491271820448878,387,398,14,0,384,393,9974,3,0,0,3,5
2020-06-17,US,Alabama,Macon,133,6,0,32.38759944,-85.69267724,1087.0,736.1080363072837,4.511278195488722,127,132,6,0,126,126,18439,1,0,0,1,6
2020-06-17,US,Alabama,Madison,577,6,0,34.76327133,-86.55069633,1089.0,154.7294380130273,1.0398613518197577,571,577,6,0,571,566,366519,0,0,0,0,11
2020-06-17,US,Alabama,Marengo,225,9,0,32.24767634,-87.78796182,1091.0,1192.8113237555,4.0,216,222,9,0,213,221,19066,3,0,0,3,1
2020-06-17,US,Alabama,Marion,149,12,0,34.13697363,-87.88704173,1093.0,501.53152243427917,8.053691275167786,137,145,12,0,133,142,29763,4,0,0,4,3
2020-06-17,US,Alabama,Marshall,956,9,0,34.36975964,-86.30486727,1095.0,987.8686424039515,0.9414225941422594,947,926,9,0,917,896,96109,30,0,0,30,30
2020-06-17,US,Alabama,Mobile,2788,130,0,30.78472347,-88.20842409,1097.0,674.7174560151012,4.66284074605452,2658,2771,129,0,2642,2723,413757,17,1,0,16,48
2020-06-17,US,Alabama,Monroe,148,2,0,31.56729412,-87.36995001,1099.0,713.8378430521391,1.351351351351351,146,144,2,0,142,136,21067,4,0,0,4,8
2020-06-17,US,Alabama,Montgomery,2956,71,0,32.2206831,-86.20969272,1101.0,1305.157934706781,2.401894451962111,2885,2922,70,0,2852,2871,225763,34,1,0,33,51
2020-06-17,US,Alabama,Morgan,676,2,0,34.45500589,-86.85475946,1103.0,564.8442918139356,0.2958579881656805,674,664,2,0,662,638,119089,12,0,0,12,26
2020-06-17,US,Alabama,Perry,79,0,0,32.64048341,-87.29770589,1105.0,885.3524599349994,0.0,79,79,0,0,79,75,9140,0,0,0,0,4
2020-06-17,US,Alabama,Pickens,142,6,0,33.28094866,-88.08818103,1107.0,712.4937280481687,4.225352112676056,136,142,6,0,136,141,19938,0,0,0,0,1
2020-06-17,US,Alabama,Pike,342,2,0,31.80396383,-85.9408295,1109.0,1032.7957963399167,0.5847953216374269,340,340,2,0,338,334,33338,2,0,0,2,6
2020-06-17,US,Alabama,Randolph,141,8,0,33.29526734,-85.45708831,1111.0,620.5439662001585,5.673758865248227,133,141,8,0,133,141,22725,0,0,0,0,0
2020-06-17,US,Alabama,Russell,313,0,0,32.28725256,-85.18415324,1113.0,540.0182881592797,0.0,313,301,0,0,301,298,57781,12,0,0,12,3
2020-06-17,US,Alabama,Shelby,687,20,0,33.26879845,-86.66232561,1117.0,315.5689888012053,2.9112081513828234,667,674,20,0,654,655,215707,13,0,0,13,19
2020-06-17,US,Alabama,St. Clair,180,2,0,33.71902176,-86.31029372,1115.0,201.09035660023238,1.1111111111111112,178,176,2,0,174,173,88690,4,0,0,4,3
2020-06-17,US,Alabama,Sumter,264,11,0,32.59117397,-88.19916205,1119.0,2124.4065341594915,4.166666666666667,253,263,11,0,252,263,12691,1,0,0,1,0
2020-06-17,US,Alabama,Talladega,166,6,0,33.37823223,-86.16886178,1121.0,207.55707819650402,3.614457831325301,160,165,6,0,159,163,79828,1,0,0,1,2
2020-06-17,US,Alabama,Tallapoosa,482,68,0,32.86698258,-85.79833053,1123.0,1194.0446404241088,14.107883817427386,414,474,67,0,407,473,40497,8,1,0,7,1
2020-06-17,US,Alabama,Tuscaloosa,1418,25,0,33.28726072,-87.52556818,1125.0,677.3184304172339,1.7630465444287728,1393,1405,25,0,1380,1342,208911,13,0,0,13,63
2020-06-17,US,Alabama,Unassigned,398,6,0,0.0,0.0,90001.0,0.0,1.5075376884422111,392,388,6,0,382,380,,10,0,0,10,8
2020-06-17,US,Alabama,Walker,616,6,0,33.80270512,-87.30027177,1127.0,969.758032776562,0.9740259740259741,610,611,6,0,605,578,63711,5,0,0,5,33
2020-06-17,US,Alabama,Washington,88,6,0,31.4092794,-88.20689944,1129.0,539.0175180693373,6.8181818181818175,82,88,6,0,82,87,16378,0,0,0,0,1
2020-06-17,US,Alabama,Wilcox,230,8,0,31.98773215,-87.30891118,1131.0,2217.294900221729,3.4782608695652173,222,226,8,0,218,223,10627,4,0,0,4,3
2020-06-17,US,Alabama,Winston,149,1,0,34.15030532,-87.37325922,1133.0,630.5810656396801,0.6711409395973155,148,132,1,0,131,127,23660,17,0,0,17,5
2020-06-17,US,Alaska,Anchorage,330,6,0,61.14998174,-149.14269860000005,2020.0,114.58333333333331,1.818181818181818,324,326,6,0,320,320,291538,4,0,0,4,6
2020-06-17,US,Alaska,Bethel,5,0,0,60.90980451,-159.8561831,2050.0,27.194604590449252,0.0,5,5,0,0,5,4,18216,0,0,0,0,1
2020-06-17,US,Alaska,Fairbanks North Star,102,2,0,64.80726247,-146.5692662,2090.0,105.318588730911,1.96078431372549,100,96,2,0,94,96,98971,6,0,0,6,0
2020-06-17,US,Alaska,Haines,1,0,0,59.09893571,-135.4679843,2100.0,39.52569169960474,0.0,1,1,0,0,1,1,2474,0,0,0,0,0
2020-06-17,US,Alaska,Juneau,38,0,0,58.45031811,-134.200436,2110.0,118.84656283230123,0.0,38,37,0,0,37,37,32113,1,0,0,1,0
2020-06-17,US,Alaska,Kenai Peninsula,115,2,0,60.24429722,-151.53888840000005,2122.0,195.8847175853376,1.7391304347826086,113,113,2,0,111,109,58533,2,0,0,2,4
2020-06-17,US,Alaska,Ketchikan Gateway,20,0,0,55.57445008,-130.975561,2130.0,143.8745413998993,0.0,20,19,0,0,19,19,13918,1,0,0,1,0
2020-06-17,US,Alaska,Kodiak Island,3,0,0,57.65529415,-153.7493579,2150.0,23.08047391906447,0.0,3,2,0,0,2,2,13345,1,0,0,1,0
2020-06-17,US,Alaska,Matanuska-Susitna,48,1,0,62.31305045,-149.5741743,2170.0,44.31437355170472,2.083333333333333,47,46,1,0,45,45,107610,2,0,0,2,1
2020-06-17,US,Alaska,Nome,5,0,0,64.90320724,-164.0353804,2180.0,49.980007996801284,0.0,5,5,0,0,5,5,10008,0,0,0,0,0
2020-06-17,US,Alaska,North Slope,2,0,0,69.31479216,-153.4836093,2185.0,20.34174125305126,0.0,2,1,0,0,1,1,9872,1,0,0,1,0
2020-06-17,US,Alaska,Northwest Arctic,4,0,0,67.04919196,-159.7503946,2188.0,52.48655032148013,0.0,4,4,0,0,4,4,7671,0,0,0,0,0
2020-06-17,US,Alaska,Petersburg,4,1,0,57.13978948,-132.9540995,2195.0,122.47397428046541,25.0,3,4,1,0,3,4,3221,0,0,0,0,0
2020-06-17,US,Alaska,Prince of Wales-Hyder,2,0,0,55.76261984,-133.0511621,2198.0,32.24246332419797,0.0,2,2,0,0,2,2,6422,0,0,0,0,0
2020-06-17,US,Alaska,Sitka,9,0,0,57.24124555,-135.3206587,2220.0,105.9696220416814,0.0,9,8,0,0,8,8,8647,1,0,0,1,0
2020-06-17,US,Alaska,Southeast Fairbanks,3,0,0,63.87692095,-143.2127643,2240.0,43.52241404323227,0.0,3,3,0,0,3,3,6918,0,0,0,0,0
2020-06-17,US,Alaska,Wrangell,3,0,0,56.3202004,-132.05837309999998,2275.0,119.90407673860909,0.0,3,2,0,0,2,2,2503,1,0,0,1,0
2020-06-17,US,Alaska,Yukon-Koyukuk,1,0,0,65.50815459,-151.39073869999999,2290.0,19.120458891013385,0.0,1,1,0,0,1,1,5327,0,0,0,0,0
2020-06-17,US,Arizona,Apache,1998,58,0,35.39465006,-109.4892383,4001.0,2779.3620543352763,2.9029029029029028,1940,1996,57,0,1939,1975,71818,2,1,0,1,21
2020-06-17,US,Arizona,Cochise,248,5,0,31.87934684,-109.7516088,4003.0,196.94731659281143,2.0161290322580645,243,241,5,0,236,221,126770,7,0,0,7,20
2020-06-17,US,Arizona,Coconino,1410,88,0,35.83883429,-111.77071780000001,4005.0,982.7427583707381,6.24113475177305,1322,1393,88,0,1305,1373,142854,17,0,0,17,20
2020-06-17,US,Arizona,Gila,99,3,0,33.80190085,-110.8132779,4007.0,183.27224258580472,3.0303030303030303,96,91,3,0,88,87,53889,8,0,0,8,4
2020-06-17,US,Arizona,Graham,56,1,0,32.93166885,-109.8882178,4009.0,144.19239385122438,1.7857142857142858,55,55,1,0,54,50,38072,1,0,0,1,5
2020-06-17,US,Arizona,Greenlee,12,1,0,33.21498827,-109.2405279,4011.0,126.34238787113077,8.333333333333334,11,12,1,0,11,12,9483,0,0,0,0,0
2020-06-17,US,Arizona,La Paz,238,3,0,33.72854224,-113.98100290000001,4012.0,1127.5345840439645,1.2605042016806722,235,238,3,0,235,222,21098,0,0,0,0,16
2020-06-17,US,Arizona,Maricopa,22272,579,0,33.34835867,-112.49181540000001,4013.0,496.54279404309165,2.599676724137931,21693,20775,568,0,20207,19372,4410824,1497,11,0,1486,1403
2020-06-17,US,Arizona,Mohave,636,71,0,35.70471703,-113.7577902,4015.0,299.74408641678565,11.163522012578616,565,624,67,0,557,618,209550,12,4,0,8,6
2020-06-17,US,Arizona,Navajo,2771,90,0,35.3997715,-110.3218983,4017.0,2498.106811871191,3.2479249368459038,2681,2749,88,0,2661,2636,110445,22,2,0,20,113
2020-06-17,US,Arizona,Pima,4385,229,0,32.0971334,-111.7890033,4019.0,418.70408935918704,5.222348916761687,4156,4329,226,0,4103,3944,1039073,56,3,0,53,385
2020-06-17,US,Arizona,Pinal,1793,47,0,32.90525627,-111.3449483,4021.0,387.4335820427884,2.6213050752928053,1746,1727,47,0,1680,1568,447138,66,0,0,66,159
2020-06-17,US,Arizona,Santa Cruz,1165,13,0,31.52508998,-110.8479088,4023.0,2505.484106843305,1.1158798283261802,1152,1104,13,0,1091,988,46511,61,0,0,61,116
2020-06-17,US,Arizona,Unassigned,0,1,0,0.0,0.0,90004.0,0.0,0.0,-1,0,1,0,-1,0,,0,0,0,0,0
2020-06-17,US,Arizona,Yavapai,387,7,0,34.59933926,-112.5538588,4025.0,164.61150408976644,1.8087855297157625,380,384,7,0,377,374,231993,3,0,0,3,10
2020-06-17,US,Arizona,Yuma,3467,53,0,32.76895712,-113.90666740000002,4027.0,1621.7075874585453,1.5286991635419667,3414,3467,53,0,3414,3404,212128,0,0,0,0,63
2020-06-17,US,Arkansas,Arkansas,14,0,0,34.29145151,-91.37277296,5001.0,80.0640512409928,0.0,14,8,0,0,8,8,17769,6,0,0,6,0
2020-06-17,US,Arkansas,Ashley,48,1,0,33.19153461,-91.76984709999999,5003.0,244.18782113242105,2.083333333333333,47,47,1,0,46,45,20046,1,0,0,1,2
2020-06-17,US,Arkansas,Baxter,14,0,0,36.28784385,-92.33782872,5005.0,33.38738910617189,0.0,14,14,0,0,14,14,41619,0,0,0,0,0
2020-06-17,US,Arkansas,Benton,1612,9,0,36.33644656,-94.25680817,5007.0,577.4859300496881,0.5583126550868487,1603,1514,8,0,1506,1480,272608,98,1,0,97,34
2020-06-17,US,Arkansas,Boone,10,0,0,36.3084504,-93.09374925,5009.0,26.715110066253477,0.0,10,10,0,0,10,10,37480,0,0,0,0,0
2020-06-17,US,Arkansas,Bradley,35,2,0,33.46755808,-92.15980837,5011.0,325.188144569358,5.7142857142857135,33,35,1,0,34,35,10897,0,1,0,-1,0
2020-06-17,US,Arkansas,Carroll,95,1,0,36.34038560000001,-93.54270261,5015.0,334.7427766032418,1.0526315789473684,94,92,1,0,91,88,28223,3,0,0,3,4
2020-06-17,US,Arkansas,Chicot,62,2,0,33.26458973,-91.29539209,5017.0,612.7693220003954,3.2258064516129035,60,58,2,0,56,54,10438,4,0,0,4,4
2020-06-17,US,Arkansas,Clark,50,0,0,34.04613432,-93.17484713,5019.0,224.01433691756276,0.0,50,48,0,0,48,48,22061,2,0,0,2,0
2020-06-17,US,Arkansas,Clay,23,0,0,36.36826212,-90.4148172,5021.0,158.06473781870662,0.0,23,22,0,0,22,20,14847,1,0,0,1,2
2020-06-17,US,Arkansas,Cleburne,75,4,0,35.53864922,-92.02640019,5023.0,300.9751595168345,5.333333333333333,71,75,4,0,71,75,24965,0,0,0,0,0
2020-06-17,US,Arkansas,Cleveland,20,0,0,33.89723187,-92.18537045,5025.0,251.3826043237808,0.0,20,20,0,0,20,20,8018,0,0,0,0,0
2020-06-17,US,Arkansas,Columbia,28,2,0,33.21230701,-93.22642793,5027.0,119.36735302894657,7.142857142857142,26,29,2,0,27,28,23537,-1,0,0,-1,1
2020-06-17,US,Arkansas,Conway,24,3,0,35.26205537,-92.70506566,5029.0,115.13000095941669,12.5,21,24,2,0,22,24,20891,0,1,0,-1,0
2020-06-17,US,Arkansas,Craighead,369,2,0,35.83018283,-90.63235729,5031.0,334.44512924627486,0.5420054200542005,367,365,2,0,363,363,108558,4,0,0,4,2
2020-06-17,US,Arkansas,Crawford,69,0,0,35.58928601,-94.2446814,5033.0,109.07883712474508,0.0,69,65,0,0,65,61,63406,4,0,0,4,4
2020-06-17,US,Arkansas,Crittenden,554,10,0,35.21247318,-90.30839406,5035.0,1155.24971327286,1.8050541516245489,544,545,10,0,535,537,48342,9,0,0,9,8
2020-06-17,US,Arkansas,Cross,79,1,0,35.29631396,-90.77185818,5037.0,481.14988732565934,1.2658227848101269,78,79,0,0,79,79,16676,0,1,0,-1,0
2020-06-17,US,Arkansas,Dallas,4,0,0,33.97042763,-92.65167437,5039.0,57.069482094449995,0.0,4,4,0,0,4,3,7182,0,0,0,0,1
2020-06-17,US,Arkansas,Desha,25,0,0,33.83011025,-91.25500948,5041.0,220.05105184402785,0.0,25,23,0,0,23,22,11512,2,0,0,2,1
2020-06-17,US,Arkansas,Drew,27,1,0,33.59035001,-91.71777921,5043.0,148.19693726329658,3.703703703703704,26,26,1,0,25,26,18328,1,0,0,1,0
2020-06-17,US,Arkansas,Faulkner,195,3,0,35.14719007,-92.33717519,5045.0,154.75330735594054,1.5384615384615383,192,180,3,0,177,172,124806,15,0,0,15,8
2020-06-17,US,Arkansas,Franklin,9,0,0,35.51202821,-93.89299569,5047.0,50.80440304826418,0.0,9,9,0,0,9,6,17810,0,0,0,0,3
2020-06-17,US,Arkansas,Fulton,9,0,0,36.38177105,-91.81729127,5049.0,72.1327242125511,0.0,9,9,0,0,9,9,12269,0,0,0,0,0
2020-06-17,US,Arkansas,Garland,168,1,0,34.57692074,-93.14921604,5051.0,169.03789266093816,0.5952380952380952,167,165,1,0,164,165,99154,3,0,0,3,0
2020-06-17,US,Arkansas,Grant,24,0,0,34.29017991,-92.42320562,5053.0,131.3988502600602,0.0,24,24,0,0,24,24,18188,0,0,0,0,0
2020-06-17,US,Arkansas,Greene,76,0,0,36.11735460000001,-90.55832668,5055.0,167.67788196359623,0.0,76,74,0,0,74,73,45325,2,0,0,2,1
2020-06-17,US,Arkansas,Hempstead,40,1,0,33.73325583,-93.66935133,5057.0,185.77001671930148,2.5,39,40,1,0,39,39,21741,0,0,0,0,1
2020-06-17,US,Arkansas,Hot Spring,44,0,0,34.31709259,-92.95396325,5059.0,130.28930147167688,0.0,44,43,0,0,43,42,33701,1,0,0,1,1
2020-06-17,US,Arkansas,Howard,45,0,0,34.09007427,-93.9934871,5061.0,340.8574458415392,0.0,45,42,0,0,42,41,13341,3,0,0,3,1
2020-06-17,US,Arkansas,Independence,43,0,0,35.74242707,-91.57001641,5063.0,113.68142762723066,0.0,43,43,0,0,43,42,37678,0,0,0,0,1
2020-06-17,US,Arkansas,Izard,20,1,0,36.09604046,-91.90847954,5065.0,146.74590945777388,5.0,19,20,1,0,19,20,13593,0,0,0,0,0
2020-06-17,US,Arkansas,Jackson,20,0,0,35.59802983,-91.21494602,5067.0,119.62437944853158,0.0,20,16,0,0,16,16,16811,4,0,0,4,0
2020-06-17,US,Arkansas,Jefferson,634,28,0,34.26767081,-91.92619839,5069.0,948.7609242188437,4.416403785488959,606,633,28,0,605,633,68114,1,0,0,1,0
2020-06-17,US,Arkansas,Johnson,99,0,0,35.56759135,-93.46036368,5071.0,372.488524343442,0.0,99,93,0,0,93,92,26742,6,0,0,6,1
2020-06-17,US,Arkansas,Lafayette,12,1,0,33.24116713,-93.60677071,5073.0,181.15942028985503,8.333333333333334,11,11,1,0,10,11,6682,1,0,0,1,0
2020-06-17,US,Arkansas,Lawrence,92,9,0,36.04188196,-91.10867198,5075.0,560.7704498354261,9.782608695652174,83,91,9,0,82,91,16434,1,0,0,1,0
2020-06-17,US,Arkansas,Lee,569,1,0,34.78498904,-90.78383866,5077.0,6424.297166083324,0.1757469244288225,568,545,1,0,544,543,8985,24,0,0,24,2
2020-06-17,US,Arkansas,Lincoln,995,11,0,33.95317155,-91.74002806,5079.0,7639.742014742014,1.105527638190955,984,995,11,0,984,995,13383,0,0,0,0,0
2020-06-17,US,Arkansas,Little River,34,0,0,33.70375665,-94.23468591,5081.0,277.34725507790193,0.0,34,34,0,0,34,34,12326,0,0,0,0,0
2020-06-17,US,Arkansas,Logan,20,0,0,35.21413234,-93.71951016,5083.0,93.17059536010436,0.0,20,20,0,0,20,20,21737,0,0,0,0,0
2020-06-17,US,Arkansas,Lonoke,78,0,0,34.75392199,-91.88742357,5085.0,106.39894146694132,0.0,78,75,0,0,75,73,73657,3,0,0,3,2
2020-06-17,US,Arkansas,Madison,128,0,0,36.01038185,-93.72524943,5087.0,772.2007722007722,0.0,128,122,0,0,122,119,16481,6,0,0,6,3
2020-06-17,US,Arkansas,Marion,2,0,0,36.26844485,-92.68451899,5089.0,11.980352222355338,0.0,2,2,0,0,2,2,16722,0,0,0,0,0
2020-06-17,US,Arkansas,Miller,77,2,0,33.31403423,-93.89285258,5091.0,178.0058718820075,2.5974025974025974,75,73,2,0,71,71,43592,4,0,0,4,2
2020-06-17,US,Arkansas,Mississippi,102,2,0,35.76271485,-90.05194370000002,5093.0,250.91633662148533,1.96078431372549,100,98,2,0,96,96,41239,4,0,0,4,2
2020-06-17,US,Arkansas,Monroe,7,0,0,34.6815935,-91.20540287,5095.0,104.46202059394122,0.0,7,7,0,0,7,7,6900,0,0,0,0,0
2020-06-17,US,Arkansas,Montgomery,2,0,0,34.53704874,-93.65824478,5097.0,22.2568439795237,0.0,2,2,0,0,2,2,8924,0,0,0,0,0
2020-06-17,US,Arkansas,Nevada,86,1,0,33.66340119,-93.30632432,5099.0,1042.1715947649054,1.162790697674419,85,83,1,0,82,83,8326,3,0,0,3,0
2020-06-17,US,Arkansas,Newton,3,0,0,35.91947491,-93.21612969,5101.0,38.6946988262608,0.0,3,3,0,0,3,3,7805,0,0,0,0,0
2020-06-17,US,Arkansas,Ouachita,17,0,0,33.58839816,-92.87795984,5103.0,72.70549995723206,0.0,17,16,0,0,16,15,23606,1,0,0,1,1
2020-06-17,US,Arkansas,Perry,16,0,0,34.945915299999996,-92.94372564,5105.0,153.0368244858919,0.0,16,16,0,0,16,16,10352,0,0,0,0,0
2020-06-17,US,Arkansas,Phillips,53,1,0,34.43268455,-90.84800154,5107.0,298.05421212462034,1.8867924528301887,52,52,1,0,51,49,18029,1,0,0,1,3
2020-06-17,US,Arkansas,Pike,7,0,0,34.16250414,-93.65789349,5109.0,65.31069229333829,0.0,7,7,0,0,7,7,10673,0,0,0,0,0
2020-06-17,US,Arkansas,Poinsett,52,3,0,35.57433534,-90.66268713,5111.0,221.01326079564774,5.769230769230768,49,51,3,0,48,51,23974,1,0,0,1,0
2020-06-17,US,Arkansas,Polk,60,0,0,34.48254879,-94.22728802,5113.0,300.54097375275495,0.0,60,58,0,0,58,56,20049,2,0,0,2,2
2020-06-17,US,Arkansas,Pope,291,2,0,35.44871474,-93.03212219,5115.0,454.1765513796978,0.6872852233676976,289,285,2,0,283,281,64000,6,0,0,6,4
2020-06-17,US,Arkansas,Prairie,12,0,0,34.83624419,-91.55162157,5117.0,148.8464400893079,0.0,12,9,0,0,9,7,8074,3,0,0,3,2
2020-06-17,US,Arkansas,Pulaski,1365,46,0,34.77054088,-92.31355101,5119.0,348.2933625236342,3.36996336996337,1319,1343,43,0,1300,1302,392680,22,3,0,19,41
2020-06-17,US,Arkansas,Randolph,29,0,0,36.3415714,-91.02455531,5121.0,161.48791624902555,0.0,29,29,0,0,29,28,17948,0,0,0,0,1
2020-06-17,US,Arkansas,Saline,189,2,0,34.64916145,-92.67583224,5125.0,154.36510205248413,1.058201058201058,187,184,2,0,182,181,121421,5,0,0,5,3
2020-06-17,US,Arkansas,Scott,5,0,0,34.85588887,-94.0632176,5127.0,48.63340142009533,0.0,5,5,0,0,5,5,10319,0,0,0,0,0
2020-06-17,US,Arkansas,Searcy,7,0,0,35.9109364,-92.69936482,5129.0,88.82121558177894,0.0,7,7,0,0,7,7,7958,0,0,0,0,0
2020-06-17,US,Arkansas,Sebastian,187,2,0,35.19605503,-94.27162713,5131.0,146.2914720677165,1.0695187165775402,185,169,2,0,167,165,127753,18,0,0,18,4
2020-06-17,US,Arkansas,Sevier,498,5,0,33.99780401,-94.2424869,5133.0,2928.2060328100188,1.0040160642570282,493,478,5,0,473,465,17139,20,0,0,20,13
2020-06-17,US,Arkansas,Sharp,50,3,0,36.16258158,-91.47819342,5135.0,286.6643733516798,6.0,47,50,3,0,47,50,17366,0,0,0,0,0
2020-06-17,US,Arkansas,St. Francis,779,3,0,35.02201976,-90.74828138,5123.0,3116.7480195246862,0.3851091142490372,776,779,3,0,776,778,25439,0,0,0,0,1
2020-06-17,US,Arkansas,Stone,11,0,0,35.86251946,-92.15684085,5137.0,87.95778026547258,0.0,11,11,0,0,11,11,12457,0,0,0,0,0
2020-06-17,US,Arkansas,Unassigned,391,0,0,0.0,0.0,90005.0,0.0,0.0,391,396,0,0,396,344,,-5,0,0,-5,52
2020-06-17,US,Arkansas,Union,213,11,0,33.16887091,-92.59746952,5139.0,550.6437102528308,5.164319248826291,202,209,11,0,198,208,39126,4,0,0,4,1
2020-06-17,US,Arkansas,Van Buren,30,2,0,35.58095779,-92.51295036,5141.0,181.3236627379873,6.666666666666668,28,30,2,0,28,30,16603,0,0,0,0,0
2020-06-17,US,Arkansas,Washington,2080,15,0,35.976844,-94.21800746,5143.0,869.6124789390727,0.7211538461538461,2065,1977,13,0,1964,1925,236961,103,2,0,101,52
2020-06-17,US,Arkansas,White,65,1,0,35.25688493,-91.74908296,5145.0,82.5365382906048,1.5384615384615383,64,61,1,0,60,59,78727,4,0,0,4,2
2020-06-17,US,Arkansas,Woodruff,5,0,0,35.18902527,-91.2439489,5147.0,79.11392405063293,0.0,5,5,0,0,5,5,6490,0,0,0,0,0
2020-06-17,US,Arkansas,Yell,324,2,0,35.00292371,-93.41171338,5149.0,1518.2043952954407,0.6172839506172839,322,309,2,0,307,308,21535,15,0,0,15,1
2020-06-17,US,California,Alameda,4533,116,0,37.64629437,-121.8929271,6001.0,271.22128557573046,2.5590116920361794,4417,4481,112,0,4369,4373,1666753,52,4,0,48,108
2020-06-17,US,California,Alpine,2,0,0,38.59678594,-119.82235940000001,6003.0,177.14791851195747,0.0,2,2,0,0,2,2,1101,0,0,0,0,0
2020-06-17,US,California,Amador,12,0,0,38.44583082,-120.65696000000001,6005.0,30.187160394445566,0.0,12,12,0,0,12,11,39383,0,0,0,0,1
2020-06-17,US,California,Butte,90,1,0,39.66727762,-121.6005252,6007.0,41.06101667077277,1.1111111111111112,89,88,1,0,87,82,231256,2,0,0,2,6
2020-06-17,US,California,Calaveras,26,0,0,38.20537103,-120.55291299999999,6009.0,56.63871038013289,0.0,26,26,0,0,26,26,45602,0,0,0,0,0
2020-06-17,US,California,Colusa,7,0,0,39.17881957,-122.2331726,6011.0,32.48712117696199,0.0,7,7,0,0,7,7,21627,0,0,0,0,0
2020-06-17,US,California,Contra Costa,2071,50,0,37.91923498,-121.9289527,6013.0,179.53648205588775,2.4142926122646067,2021,2026,49,0,1977,1983,1150215,45,1,0,44,43
2020-06-17,US,California,Del Norte,48,0,0,41.74228275,-123.89740630000001,6015.0,172.58737235725587,0.0,48,48,0,0,48,47,27828,0,0,0,0,1
2020-06-17,US,California,El Dorado,121,0,0,38.77965956,-120.5233166,6017.0,62.74534206582557,0.0,121,118,0,0,118,117,190678,3,0,0,3,1
2020-06-17,US,California,Fresno,2788,57,0,36.75733899,-119.6466953,6019.0,279.05086672918947,2.0444763271162123,2731,2788,57,0,2731,2706,994400,0,0,0,0,82
2020-06-17,US,California,Glenn,34,0,0,39.59875897,-122.3938452,6021.0,119.74782516817524,0.0,34,34,0,0,34,32,28047,0,0,0,0,2
2020-06-17,US,California,Humboldt,107,4,0,40.69923009,-123.876044,6023.0,78.93300284748962,3.7383177570093458,103,107,4,0,103,106,136373,0,0,0,0,1
2020-06-17,US,California,Imperial,4478,54,0,33.0393082,-115.36690420000001,6025.0,2471.097867174351,1.205895489057615,4424,4389,52,0,4337,4298,181827,89,2,0,87,91
2020-06-17,US,California,Inyo,24,1,0,36.51112084,-117.41119779999998,6027.0,133.04506901712955,4.166666666666667,23,24,1,0,23,24,17987,0,0,0,0,0
2020-06-17,US,California,Kern,3512,57,0,35.34329425,-118.72777959999999,6029.0,390.1346586654995,1.6230068337129842,3455,3452,54,0,3398,3367,896764,60,3,0,57,85
2020-06-17,US,California,Kings,1870,9,0,36.07409056,-119.8159973,6031.0,1222.7017130901006,0.481283422459893,1861,1831,8,0,1823,1831,151366,39,1,0,38,0
2020-06-17,US,California,Lake,34,0,0,39.10124298,-122.75362439999999,6033.0,52.80651073214674,0.0,34,34,0,0,34,34,64382,0,0,0,0,0
2020-06-17,US,California,Lassen,9,0,0,40.67311306,-120.59350990000002,6035.0,29.43773918163085,0.0,9,9,0,0,9,9,30802,0,0,0,0,0
2020-06-17,US,California,Los Angeles,77260,2992,0,34.30828379,-118.22824109999999,6037.0,769.5903629675428,3.872637846233497,74268,75162,2960,0,72202,73832,10105518,2098,32,0,2066,1330
2020-06-17,US,California,Madera,275,4,0,37.21513971,-119.76655890000002,6039.0,174.79517183954442,1.4545454545454546,271,250,4,0,246,226,157672,25,0,0,25,24
2020-06-17,US,California,Marin,842,18,0,38.07122463,-122.72106310000001,6041.0,325.3150765379058,2.1377672209026133,824,772,18,0,754,751,259666,70,0,0,70,21
2020-06-17,US,California,Mariposa,18,1,0,37.57978556,-119.9073334,6043.0,104.63291286403536,5.5555555555555545,17,17,1,0,16,17,17471,1,0,0,1,0
2020-06-17,US,California,Mendocino,47,0,0,39.4381191,-123.39113130000001,6045.0,54.179298896817244,0.0,47,47,0,0,47,38,87606,0,0,0,0,9
2020-06-17,US,California,Merced,470,7,0,37.18922369,-120.72090349999999,6047.0,169.2595793719389,1.4893617021276595,463,470,7,0,463,409,274765,0,0,0,0,61
2020-06-17,US,California,Mono,37,1,0,37.93899289,-118.8872409,6051.0,256.1617280531709,2.702702702702702,36,37,1,0,36,37,14250,0,0,0,0,0
2020-06-17,US,California,Monterey,1075,12,0,36.21862405,-121.24133970000001,6053.0,247.6610430331221,1.1162790697674418,1063,1015,12,0,1003,995,435594,60,0,0,60,20
2020-06-17,US,California,Napa,202,4,0,38.50735751,-122.33283899999999,6055.0,146.64885584853062,1.98019801980198,198,199,3,0,196,190,139417,3,1,0,2,9
2020-06-17,US,California,Nevada,57,1,0,39.30394768,-120.76272809999999,6057.0,57.13999298280788,1.7543859649122806,56,57,1,0,56,55,99696,0,0,0,0,2
2020-06-17,US,California,Orange,9197,243,0,33.70147516,-117.76459979999998,6059.0,289.6061708755131,2.6421659236707624,8954,8999,233,0,8766,8759,3185968,198,10,0,188,240
2020-06-17,US,California,Placer,432,9,0,39.06167234,-120.72405690000001,6061.0,108.45306266930099,2.083333333333333,423,411,9,0,402,390,393149,21,0,0,21,21
2020-06-17,US,California,Plumas,5,0,0,40.00355989,-120.8395236,6063.0,26.585845695751587,0.0,5,5,0,0,5,5,18804,0,0,0,0,0
2020-06-17,US,California,Riverside,11951,399,0,33.74314981,-115.9933578,6065.0,483.7392220181288,3.338632750397456,11552,11694,395,0,11299,11285,2450758,257,4,0,253,409
2020-06-17,US,California,Sacramento,1892,67,0,38.45106826,-121.34253740000001,6067.0,121.90266085416913,3.5412262156448198,1825,1825,63,0,1762,1794,1540975,67,4,0,63,31
2020-06-17,US,California,San Benito,140,2,0,36.60308176,-121.069975,6069.0,222.90154120494202,1.4285714285714286,138,129,2,0,127,129,61537,11,0,0,11,0
2020-06-17,US,California,San Bernardino,8014,229,0,34.84060306,-116.1774685,6071.0,367.6003458580743,2.8574993760918392,7785,7796,228,0,7568,7515,2171603,218,1,0,217,281
2020-06-17,US,California,San Diego,9730,323,0,33.03484597,-116.73653259999999,6073.0,291.46309681787005,3.3196300102774923,9407,9730,323,0,9407,9610,3343364,0,0,0,0,120
2020-06-17,US,California,San Francisco,2982,47,0,37.75215114,-122.43856720000001,6075.0,338.26820743940493,1.5761234071093226,2935,2971,46,0,2925,2952,883305,11,1,0,10,19
2020-06-17,US,California,San Joaquin,1888,46,0,37.93433732,-121.2730061,6077.0,247.720915097855,2.4364406779661016,1842,1749,47,0,1702,1716,752660,139,-1,0,140,33
2020-06-17,US,California,San Luis Obispo,376,1,0,35.38822029,-120.4039028,6079.0,132.81009921903424,0.26595744680851063,375,356,1,0,355,347,284010,20,0,0,20,9
2020-06-17,US,California,San Mateo,2653,99,0,37.422880799999994,-122.32755459999998,6081.0,346.0857609125288,3.731624575951753,2554,2625,99,0,2526,2594,769545,28,0,0,28,31
2020-06-17,US,California,Santa Barbara,2115,22,0,34.65329488,-120.0188492,6083.0,473.6852714115821,1.0401891252955082,2093,2115,22,0,2093,2069,446527,0,0,0,0,46
2020-06-17,US,California,Santa Clara,3288,151,0,37.23104908,-121.6970462,6085.0,170.5525112923606,4.592457420924574,3137,3254,151,0,3103,3230,1937570,34,0,0,34,24
2020-06-17,US,California,Santa Cruz,269,2,0,37.05580291,-122.0066524,6087.0,98.45797967153831,0.7434944237918215,267,260,2,0,258,257,274255,9,0,0,9,3
2020-06-17,US,California,Shasta,51,4,0,40.76391419,-122.0396884,6089.0,28.32074633496224,7.84313725490196,47,51,4,0,47,51,180040,0,0,0,0,0
2020-06-17,US,California,Sierra,1,0,0,39.57713498,-120.52007009999998,6091.0,33.277870216306155,0.0,1,1,0,0,1,1,2987,0,0,0,0,0
2020-06-17,US,California,Siskiyou,20,0,0,41.59198861,-122.54074340000001,6093.0,45.935827648774655,0.0,20,20,0,0,20,18,43724,0,0,0,0,2
2020-06-17,US,California,Solano,687,23,0,38.26827353,-121.9357113,6095.0,153.4705110992465,3.347889374090248,664,687,23,0,664,685,446610,0,0,0,0,2
2020-06-17,US,California,Sonoma,774,4,0,38.52746429,-122.88625060000001,6097.0,156.57366649404457,0.5167958656330749,770,765,4,0,761,758,499942,9,0,0,9,7
2020-06-17,US,California,Stanislaus,1267,35,0,37.55862499,-120.9970722,6099.0,230.0875313260451,2.7624309392265194,1232,1267,35,0,1232,1242,549815,0,0,0,0,25
2020-06-17,US,California,Sutter,89,3,0,39.03417539,-121.6945899,6101.0,91.7800167060255,3.3707865168539324,86,89,3,0,86,88,96807,0,0,0,0,1
2020-06-17,US,California,Tehama,28,1,0,40.12570935,-122.23701709999999,6103.0,43.02132628603036,3.571428571428572,27,28,1,0,27,27,63916,0,0,0,0,1
2020-06-17,US,California,Trinity,2,0,0,40.64917670000001,-123.114713,6105.0,16.28001628001628,0.0,2,2,0,0,2,2,12535,0,0,0,0,0
2020-06-17,US,California,Tulare,2881,106,0,36.22026558,-118.8020203,6107.0,617.98174583597,3.67927802846234,2775,2664,98,0,2566,2664,465861,217,8,0,209,0
2020-06-17,US,California,Tuolumne,9,0,0,38.02644018,-119.95250929999999,6109.0,16.520430265428246,0.0,9,9,0,0,9,9,54539,0,0,0,0,0
2020-06-17,US,California,Ventura,1706,41,0,34.44465746,-119.09106129999999,6111.0,201.65341616962527,2.403282532239156,1665,1655,41,0,1614,1633,850967,51,0,0,51,22
2020-06-17,US,California,Yolo,265,24,0,38.68278902,-121.90182879999999,6113.0,120.18140589569158,9.056603773584905,241,265,24,0,241,255,220408,0,0,0,0,10
2020-06-17,US,California,Yuba,37,1,0,39.26255932,-121.35356440000001,6115.0,47.033101133879086,2.702702702702702,36,37,1,0,36,36,78041,0,0,0,0,1
2020-06-17,US,Colorado,Adams,3791,149,0,39.87432092,-104.3362578,8001.0,732.6722340221986,3.9303613822210495,3642,3771,146,0,3625,3759,511868,20,3,0,17,12
2020-06-17,US,Colorado,Alamosa,130,3,0,37.57250606,-105.7885451,8003.0,800.8377995441385,2.3076923076923075,127,129,3,0,126,127,16683,1,0,0,1,2
2020-06-17,US,Colorado,Arapahoe,4861,339,0,39.64977461,-104.3353617,8005.0,740.3402427694605,6.9738736885414525,4522,4826,338,0,4488,4818,651215,35,1,0,34,8
2020-06-17,US,Colorado,Archuleta,8,0,0,37.19474156,-107.0476867,8007.0,57.02473447858009,0.0,8,8,0,0,8,8,13765,0,0,0,0,0
2020-06-17,US,Colorado,Baca,12,0,0,37.31940883,-102.5603223,8009.0,335.1019268360793,0.0,12,12,0,0,12,12,3585,0,0,0,0,0
2020-06-17,US,Colorado,Bent,3,0,0,37.95474293,-103.0720195,8011.0,53.79236148466918,0.0,3,3,0,0,3,3,5882,0,0,0,0,0
2020-06-17,US,Colorado,Boulder,1137,70,0,40.09313619,-105.3546767,8013.0,348.5634403855351,6.156552330694812,1067,1100,70,0,1030,1088,326078,37,0,0,37,12
2020-06-17,US,Colorado,Broomfield,270,28,0,39.95998787,-105.0566324,8014.0,383.1689491236784,10.370370370370368,242,268,28,0,240,265,69267,2,0,0,2,3
2020-06-17,US,Colorado,Chaffee,78,20,0,38.74745778,-106.19265729999998,8015.0,383.1794065631754,25.64102564102564,58,78,20,0,58,78,20027,0,0,0,0,0
2020-06-17,US,Colorado,Cheyenne,5,0,0,38.82777431,-102.6032558,8017.0,273.07482250136536,0.0,5,5,0,0,5,5,1876,0,0,0,0,0
2020-06-17,US,Colorado,Clear Creek,18,1,0,39.68864463,-105.6463118,8019.0,185.56701030927837,5.5555555555555545,17,17,1,0,16,17,9605,1,0,0,1,0
2020-06-17,US,Colorado,Conejos,7,0,0,37.201606,-106.19174879999998,8021.0,85.31383302864106,0.0,7,7,0,0,7,5,8200,0,0,0,0,2
2020-06-17,US,Colorado,Costilla,15,0,0,37.27732493,-105.4276548,8023.0,385.9017236943658,0.0,15,15,0,0,15,15,3828,0,0,0,0,0
2020-06-17,US,Colorado,Crowley,68,1,0,38.32608609,-103.7844965,8025.0,1121.927074740142,1.4705882352941178,67,68,1,0,67,68,5858,0,0,0,0,0
2020-06-17,US,Colorado,Custer,2,0,0,38.10883162,-105.3683478,8027.0,39.463299131807425,0.0,2,2,0,0,2,2,4954,0,0,0,0,0
2020-06-17,US,Colorado,Delta,79,1,0,38.86246243,-107.8631342,8029.0,253.5138951286824,1.2658227848101269,78,78,1,0,77,78,30953,1,0,0,1,0
2020-06-17,US,Colorado,Denver,6445,364,0,39.76018276,-104.8725695,8031.0,886.2627215484914,5.647788983708301,6081,6401,363,0,6038,6376,716492,44,1,0,43,25
2020-06-17,US,Colorado,Douglas,820,50,0,39.33133796,-104.930001,8035.0,233.51577940163008,6.097560975609755,770,815,50,0,765,807,342776,5,0,0,5,8
2020-06-17,US,Colorado,Eagle,632,8,0,39.62754308,-106.6933637,8037.0,1146.4436664429406,1.2658227848101269,624,628,8,0,620,626,54993,4,0,0,4,2
2020-06-17,US,Colorado,El Paso,2001,113,0,38.83240149,-104.5251411,8041.0,277.7611975519258,5.647176411794102,1888,1960,106,0,1854,1941,713856,41,7,0,34,19
2020-06-17,US,Colorado,Elbert,54,2,0,39.28656773,-104.1358721,8039.0,202.02776011074118,3.703703703703704,52,54,2,0,52,54,26282,0,0,0,0,0
2020-06-17,US,Colorado,Fremont,30,0,0,38.47362326,-105.4399667,8043.0,62.71034093522022,0.0,30,29,0,0,29,29,48021,1,0,0,1,0
2020-06-17,US,Colorado,Garfield,199,2,0,39.59921777,-107.902708,8045.0,331.3298146884001,1.0050251256281406,197,195,2,0,193,193,59770,4,0,0,4,2
2020-06-17,US,Colorado,Gilpin,6,0,0,39.85646523,-105.5252597,8047.0,96.10764055742432,0.0,6,6,0,0,6,6,6121,0,0,0,0,0
2020-06-17,US,Colorado,Grand,17,0,0,40.10603347,-106.1178042,8049.0,108.04626922588028,0.0,17,17,0,0,17,17,15525,0,0,0,0,0
2020-06-17,US,Colorado,Gunnison,182,6,0,38.66611652,-107.0320729,8051.0,1042.2632000916276,3.2967032967032965,176,182,6,0,176,181,17246,0,0,0,0,1
2020-06-17,US,Colorado,Hinsdale,3,0,0,37.82247444,-107.3004345,8053.0,365.8536585365854,0.0,3,3,0,0,3,3,811,0,0,0,0,0
2020-06-17,US,Colorado,Huerfano,3,0,0,37.68473101,-104.9612585,8055.0,43.497172683775545,0.0,3,3,0,0,3,3,6889,0,0,0,0,0
2020-06-17,US,Colorado,Jefferson,2488,200,0,39.58635604,-105.2517692,8059.0,426.8452737351192,8.038585209003216,2288,2477,198,0,2279,2466,580233,11,2,0,9,11
2020-06-17,US,Colorado,Kit Carson,31,3,0,39.30497777,-102.6022199,8063.0,436.80428350007037,9.677419354838712,28,31,3,0,28,31,7163,0,0,0,0,0
2020-06-17,US,Colorado,La Plata,85,1,0,37.28632032,-107.8429014,8067.0,151.18905746962878,1.1764705882352942,84,86,1,0,85,85,56310,-1,0,0,-1,1
2020-06-17,US,Colorado,Lake,40,0,0,39.20278823,-106.3555697,8065.0,492.18653869816666,0.0,40,39,0,0,39,39,7824,1,0,0,1,0
2020-06-17,US,Colorado,Larimer,658,29,0,40.66671597,-105.4625784,8069.0,184.365885026296,4.407294832826747,629,659,29,0,630,652,350518,-1,0,0,-1,7
2020-06-17,US,Colorado,Las Animas,7,0,0,37.3153406,-104.0376458,8071.0,48.25589411278092,0.0,7,7,0,0,7,7,14503,0,0,0,0,0
2020-06-17,US,Colorado,Lincoln,3,0,0,38.98749519,-103.5136649,8073.0,52.62234695667427,0.0,3,3,0,0,3,3,5610,0,0,0,0,0
2020-06-17,US,Colorado,Logan,634,5,0,40.7249637,-103.110817,8075.0,2829.2204025168458,0.7886435331230284,629,633,5,0,628,633,21528,1,0,0,1,0
2020-06-17,US,Colorado,Mesa,73,0,0,39.01787888,-108.469799,8077.0,47.33804552233967,0.0,73,81,0,0,81,72,153207,-8,0,0,-8,9
2020-06-17,US,Colorado,Mineral,2,0,0,37.66954283,-106.9281698,8079.0,260.0780234070221,0.0,2,2,0,0,2,2,776,0,0,0,0,0
2020-06-17,US,Colorado,Moffat,8,0,0,40.61810999,-108.2070876,8081.0,60.22735827749755,0.0,8,8,0,0,8,8,13188,0,0,0,0,0
2020-06-17,US,Colorado,Montezuma,65,3,0,37.33859579,-108.5958857,8083.0,248.25268303861287,4.615384615384615,62,65,3,0,62,62,26158,0,0,0,0,3
2020-06-17,US,Colorado,Montrose,198,12,0,38.40214114,-108.26390220000002,8085.0,463.07123813087617,6.0606060606060606,186,197,12,0,185,195,42214,1,0,0,1,2
2020-06-17,US,Colorado,Morgan,646,45,0,40.26279810000001,-103.8093302,8087.0,2222.375120407321,6.965944272445821,601,646,45,0,601,646,28558,0,0,0,0,0
2020-06-17,US,Colorado,Otero,22,1,0,37.9014485,-103.7173385,8089.0,120.3632782580151,4.545454545454546,21,22,1,0,21,22,18432,0,0,0,0,0
2020-06-17,US,Colorado,Ouray,8,1,0,38.14717457,-107.7675136,8091.0,161.55088852988692,12.5,7,8,1,0,7,8,4833,0,0,0,0,0
2020-06-17,US,Colorado,Park,23,0,0,39.120926,-105.7182065,8093.0,122.04828867073496,0.0,23,23,0,0,23,23,18556,0,0,0,0,0
2020-06-17,US,Colorado,Phillips,15,0,0,40.59414277,-102.3577703,8095.0,351.6998827667058,0.0,15,15,0,0,15,15,4286,0,0,0,0,0
2020-06-17,US,Colorado,Pitkin,75,2,0,39.21720112,-106.9310027,8097.0,422.13091686835145,2.6666666666666665,73,72,2,0,70,67,17950,3,0,0,3,5
2020-06-17,US,Colorado,Prowers,16,0,0,37.95544985,-102.3926052,8099.0,131.44922773578705,0.0,16,16,0,0,16,16,12164,0,0,0,0,0
2020-06-17,US,Colorado,Pueblo,351,23,0,38.17359144,-104.5127437,8101.0,208.40260295444833,6.552706552706553,328,351,23,0,328,352,167529,0,0,0,0,-1
2020-06-17,US,Colorado,Rio Blanco,2,0,0,39.97913541,-108.2179009,8103.0,31.625553447185325,0.0,2,2,0,0,2,1,6336,0,0,0,0,1
2020-06-17,US,Colorado,Rio Grande,55,0,0,37.5836865,-106.3847838,8105.0,488.15123812904943,0.0,55,55,0,0,55,54,11250,0,0,0,0,1
2020-06-17,US,Colorado,Routt,63,6,0,40.48596505,-106.9905548,8107.0,245.72899602153052,9.523809523809524,57,63,6,0,57,63,25733,0,0,0,0,0
2020-06-17,US,Colorado,Saguache,99,2,0,38.08054629,-106.282466,8109.0,1450.762016412661,2.0202020202020203,97,99,2,0,97,99,6843,0,0,0,0,0
2020-06-17,US,Colorado,San Juan,1,0,0,37.76248981,-107.67632890000002,8111.0,137.36263736263737,0.0,1,1,0,0,1,1,762,0,0,0,0,0
2020-06-17,US,Colorado,San Miguel,25,0,0,38.00450883,-108.4020725,8113.0,305.6608387333415,0.0,25,25,0,0,25,24,8191,0,0,0,0,1
2020-06-17,US,Colorado,Summit,262,3,0,39.63803232,-106.1150762,8117.0,844.8615007577955,1.1450381679389312,259,258,3,0,255,257,31007,4,0,0,4,1
2020-06-17,US,Colorado,Teller,39,2,0,38.88133511,-105.1614893,8119.0,153.61588151882782,5.128205128205129,37,39,2,0,37,38,25083,0,0,0,0,1
2020-06-17,US,Colorado,Washington,44,0,0,39.97015535,-103.202587,8121.0,896.4955175224122,0.0,44,44,0,0,44,44,4909,0,0,0,0,0
2020-06-17,US,Colorado,Weld,2693,136,0,40.55499405,-104.3929621,8123.0,829.9126018515094,5.0501299665800214,2557,2671,136,0,2535,2666,314305,22,0,0,22,5
2020-06-17,US,Colorado,Yuma,49,0,0,40.00346839,-102.4258673,8125.0,489.0707655454637,0.0,49,49,0,0,49,49,10020,0,0,0,0,0
2020-06-17,US,Connecticut,Fairfield,16381,1352,0,41.26809896,-73.3881171,9001.0,1736.5042212073795,8.253464379464013,15029,16359,1350,0,15009,16338,943823,22,2,0,20,21
2020-06-17,US,Connecticut,Hartford,11284,1331,0,41.80283011,-72.73103891,9003.0,1265.419638451532,11.795462601914215,9953,11261,1330,0,9931,11231,892697,23,1,0,22,30
2020-06-17,US,Connecticut,Litchfield,1444,135,0,41.7937534,-73.2451475,9005.0,800.7408516466759,9.349030470914126,1309,1443,135,0,1308,1441,181111,1,0,0,1,2
2020-06-17,US,Connecticut,Middlesex,1241,171,0,41.45949668,-72.53714864,9007.0,763.9932034770618,13.779210314262693,1070,1235,171,0,1064,1233,162682,6,0,0,6,2
2020-06-17,US,Connecticut,New Haven,12089,1052,0,41.408032500000004,-72.93620426,9009.0,1414.3200933130704,8.702125899578128,11037,12078,1046,0,11032,12055,857620,11,6,0,5,23
2020-06-17,US,Connecticut,New London,1285,101,0,41.48896435,-72.10430976,9011.0,484.52900763934446,7.8599221789883265,1184,1276,102,0,1174,1240,266784,9,-1,0,10,36
2020-06-17,US,Connecticut,Tolland,889,63,0,41.85853803,-72.3308481,9013.0,589.831543049741,7.086614173228346,826,888,62,0,826,888,150921,1,1,0,0,0
2020-06-17,US,Connecticut,Unassigned,345,0,0,0.0,0.0,90009.0,0.0,0.0,345,340,0,0,340,342,,5,0,0,5,-2
2020-06-17,US,Connecticut,Windham,471,14,0,41.82972709,-71.98182316,9015.0,403.315579455738,2.9723991507431,457,469,14,0,455,467,117027,2,0,0,2,2
2020-06-17,US,Delaware,Kent,1579,84,0,39.08646628,-75.56884914,10001.0,873.4083391413052,5.319822672577581,1495,1573,84,0,1489,1565,178550,6,0,0,6,8
2020-06-17,US,Delaware,New Castle,4422,191,0,39.57992638,-75.64054974,10003.0,791.4051468180037,4.319312528267752,4231,4386,190,0,4196,4345,559335,36,1,0,35,41
2020-06-17,US,Delaware,Sussex,4429,151,0,38.66143781,-75.39031349,10005.0,1890.9168534528767,3.409347482501693,4278,4428,150,0,4278,4416,229286,1,1,0,0,12
2020-06-17,US,Delaware,Unassigned,14,0,0,0.0,0.0,90010.0,0.0,0.0,14,16,0,0,16,14,,-2,0,0,-2,2
2020-06-17,US,District of Columbia,District of Columbia,9847,523,0,38.90417773,-77.01655992,11001.0,1395.2552536383332,5.311262313394943,9324,9818,520,0,9298,9799,702455,29,3,0,26,19
2020-06-17,US,Florida,Alachua,580,10,0,29.67866525,-82.35928158,12001.0,215.57892232840103,1.7241379310344829,570,564,10,0,554,551,269956,16,0,0,16,13
2020-06-17,US,Florida,Baker,35,4,0,30.33060121,-82.28467476,12003.0,119.82197877439232,11.428571428571427,31,34,4,0,30,30,28355,1,0,0,1,4
2020-06-17,US,Florida,Bay,161,4,0,30.26548745,-85.62122584,12005.0,92.15534758593056,2.4844720496894412,157,157,4,0,153,153,185287,4,0,0,4,4
2020-06-17,US,Florida,Bradford,56,2,0,29.95079741,-82.16611613,12007.0,198.574518634091,3.571428571428572,54,53,2,0,51,52,27732,3,0,0,3,1
2020-06-17,US,Florida,Brevard,650,16,0,28.29409504,-80.73091022,12009.0,107.98382568420212,2.4615384615384617,634,608,16,0,592,565,596849,42,0,0,42,43
2020-06-17,US,Florida,Broward,9812,360,0,26.15184651,-80.48725556,12011.0,502.46366970541453,3.668976763147167,9452,9498,358,0,9140,9086,1951260,314,2,0,312,412
2020-06-17,US,Florida,Calhoun,66,5,0,30.40666734,-85.19394153,12013.0,467.9191775965969,7.575757575757576,61,66,5,0,61,66,14587,0,0,0,0,0
2020-06-17,US,Florida,Charlotte,551,73,0,26.90131002,-81.92949121,12015.0,291.6732835741888,13.248638838475499,478,543,73,0,470,537,184998,8,0,0,8,6
2020-06-17,US,Florida,Citrus,157,12,0,28.84804315,-82.47614748,12017.0,104.9065529844912,7.643312101910827,145,152,12,0,140,150,147929,5,0,0,5,2
2020-06-17,US,Florida,Clay,450,32,0,29.98319144,-81.85609986,12019.0,205.24328170324557,7.111111111111112,418,443,32,0,411,440,216072,7,0,0,7,3
2020-06-17,US,Florida,Collier,2817,60,0,26.11091986,-81.34687065,12021.0,731.8746070428317,2.1299254526091587,2757,2729,60,0,2669,2592,378488,88,0,0,88,137
2020-06-17,US,Florida,Columbia,202,3,0,30.22509788,-82.62160164,12023.0,281.78444884635775,1.4851485148514851,199,187,2,0,185,183,70503,15,1,0,14,4
2020-06-17,US,Florida,DeSoto,406,10,0,27.18677893,-81.80941373,12027.0,1068.392937027973,2.4630541871921183,396,402,10,0,392,387,37489,4,0,0,4,15
2020-06-17,US,Florida,Dixie,60,3,0,29.60631086,-83.15724673,12029.0,356.59099013431586,5.0,57,60,3,0,57,60,16700,0,0,0,0,0
2020-06-17,US,Florida,Duval,2194,59,0,30.33225875,-81.66976468,12031.0,229.07737364983737,2.6891522333637194,2135,2112,59,0,2053,2032,950181,82,0,0,82,80
2020-06-17,US,Florida,Escambia,1052,38,0,30.67652764,-87.37284571,12033.0,330.4891994119052,3.612167300380228,1014,1020,38,0,982,999,315534,32,0,0,32,21
2020-06-17,US,Florida,Flagler,214,5,0,29.45933576,-81.31508595,12035.0,185.95597883230076,2.336448598130841,209,208,5,0,203,207,112067,6,0,0,6,1
2020-06-17,US,Florida,Franklin,2,0,0,29.83791238,-84.82731662,12037.0,16.49484536082474,0.0,2,2,0,0,2,2,11736,0,0,0,0,0
2020-06-17,US,Florida,Gadsden,312,5,0,30.57796289,-84.61915825,12039.0,683.311432325887,1.6025641025641026,307,309,5,0,304,305,45894,3,0,0,3,4
2020-06-17,US,Florida,Gilchrist,73,0,0,29.72856978,-82.79880657,12041.0,392.8532988914003,0.0,73,73,0,0,73,26,18256,0,0,0,0,47
2020-06-17,US,Florida,Glades,119,1,0,26.95635849,-81.18996211,12043.0,861.6320324379117,0.8403361344537815,118,118,1,0,117,116,13724,1,0,0,1,2
2020-06-17,US,Florida,Gulf,11,0,0,29.93543004,-85.24270990000002,12045.0,80.65107412566906,0.0,11,11,0,0,11,9,16164,0,0,0,0,2
2020-06-17,US,Florida,Hamilton,279,2,0,30.49673973,-82.94998918,12047.0,1933.7399500970334,0.7168458781362007,277,277,2,0,275,272,14310,2,0,0,2,5
2020-06-17,US,Florida,Hardee,221,1,0,27.49293939,-81.80956574,12049.0,820.4328618628653,0.4524886877828054,220,213,1,0,212,205,27245,8,0,0,8,8
2020-06-17,US,Florida,Hendry,675,21,0,26.55386945,-81.16469006,12051.0,1606.3014611394033,3.111111111111111,654,659,20,0,639,650,41556,16,1,0,15,9
2020-06-17,US,Florida,Hernando,147,5,0,28.55364461,-82.42700204,12053.0,75.80445544554455,3.4013605442176873,142,146,5,0,141,141,190865,1,0,0,1,5
2020-06-17,US,Florida,Highlands,197,9,0,27.34254618,-81.34071957,12055.0,185.46238502744282,4.568527918781727,188,192,9,0,183,172,105424,5,0,0,5,20
2020-06-17,US,Florida,Hillsborough,4273,104,0,27.9276559,-82.32013172,12057.0,290.29163677471246,2.4338871986894453,4169,4029,103,0,3926,3826,1436888,244,1,0,243,203
2020-06-17,US,Florida,Holmes,32,0,0,30.86747479,-85.81319222,12059.0,163.12382117551104,0.0,32,31,0,0,31,31,19477,1,0,0,1,0
2020-06-17,US,Florida,Indian River,256,12,0,27.69308961,-80.60556721,12061.0,160.07703707409192,4.6875,244,234,12,0,222,216,157413,22,0,0,22,18
2020-06-17,US,Florida,Jackson,329,2,0,30.795459700000002,-85.21500423,12063.0,708.8378506485112,0.6079027355623101,327,326,1,0,325,320,48305,3,1,0,2,6
2020-06-17,US,Florida,Jefferson,36,4,0,30.43669112,-83.89442308,12065.0,252.70251298610137,11.111111111111109,32,33,4,0,29,32,14288,3,0,0,3,1
2020-06-17,US,Florida,Lafayette,15,0,0,29.98484137,-83.18166636,12067.0,178.1049631916409,0.0,15,15,0,0,15,13,8732,0,0,0,0,2
2020-06-17,US,Florida,Lake,552,16,0,28.76202069,-81.7125123,12069.0,150.36037459345496,2.898550724637681,536,498,16,0,482,482,356495,54,0,0,54,16
2020-06-17,US,Florida,Lee,3187,137,0,26.58410348,-81.88399313,12071.0,413.58618282144414,4.29871352368999,3050,3015,136,0,2879,2877,754610,172,1,0,171,138
2020-06-17,US,Florida,Leon,485,8,0,30.45955727,-84.27491114,12073.0,165.20086381317657,1.649484536082474,477,483,8,0,475,474,292502,2,0,0,2,9
2020-06-17,US,Florida,Levy,131,1,0,29.31829741,-82.74007147,12075.0,315.6398332650652,0.7633587786259542,130,127,1,0,126,101,40770,4,0,0,4,26
2020-06-17,US,Florida,Liberty,220,1,0,30.23766008,-84.8829258,12077.0,2633.4689968877187,0.4545454545454545,219,220,1,0,219,220,8457,0,0,0,0,0
2020-06-17,US,Florida,Madison,86,3,0,30.44396917,-83.47398594,12079.0,465.0408262585843,3.4883720930232562,83,84,3,0,81,82,18529,2,0,0,2,2
2020-06-17,US,Florida,Manatee,1523,117,0,27.47196942,-82.31831044,12081.0,377.67852935998,7.682206172028892,1406,1483,116,0,1367,1421,394855,40,1,0,39,62
2020-06-17,US,Florida,Marion,331,8,0,29.21227113,-82.05803627,12083.0,90.54130570957304,2.416918429003021,323,325,8,0,317,315,359977,6,0,0,6,10
2020-06-17,US,Florida,Martin,1311,18,0,27.0772071,-80.43109784,12085.0,814.2857142857142,1.3729977116704806,1293,1296,18,0,1278,1218,160912,15,0,0,15,78
2020-06-17,US,Florida,Miami-Dade,23273,850,0,25.6112362,-80.55170587,12086.0,856.5886622450256,3.652300949598247,22423,22741,847,0,21894,22197,2761581,532,3,0,529,544
2020-06-17,US,Florida,Monroe,137,4,0,25.20904673,-81.07812416,12087.0,184.56647087352482,2.9197080291970803,133,131,4,0,127,130,75027,6,0,0,6,1
2020-06-17,US,Florida,Nassau,96,1,0,30.61037141,-81.80297522,12089.0,108.32157968970378,1.0416666666666667,95,94,1,0,93,93,85832,2,0,0,2,1
2020-06-17,US,Florida,Okaloosa,351,6,0,30.69143028,-86.59267105,12091.0,166.55752640719757,1.709401709401709,345,344,6,0,338,337,207269,7,0,0,7,7
2020-06-17,US,Florida,Okeechobee,200,0,0,27.386336199999995,-80.88944347,12093.0,474.29330297856194,0.0,200,195,0,0,195,189,41537,5,0,0,5,6
2020-06-17,US,Florida,Orange,3584,48,0,28.51367621,-81.31799498,12095.0,257.2029750576266,1.3392857142857142,3536,3437,47,0,3390,3282,1380645,147,1,0,146,155
2020-06-17,US,Florida,Osceola,892,22,0,28.06312234,-81.14882926,12097.0,237.39125112108815,2.4663677130044843,870,866,21,0,845,848,367990,26,1,0,25,18
2020-06-17,US,Florida,Palm Beach,9472,444,0,26.64676272,-80.46536002,12099.0,632.8293592201875,4.6875,9028,9262,438,0,8824,9015,1485941,210,6,0,204,247
2020-06-17,US,Florida,Pasco,583,16,0,28.30810945,-82.40227529,12101.0,105.24472557843978,2.74442538593482,567,560,16,0,544,543,539630,23,0,0,23,17
2020-06-17,US,Florida,Pinellas,2684,110,0,27.93130349,-82.72239666,12103.0,275.28318064894626,4.0983606557377055,2574,2523,107,0,2416,2389,975280,161,3,0,158,134
2020-06-17,US,Florida,Polk,1634,75,0,27.95027105,-81.69732947,12105.0,225.44865524154326,4.589963280293758,1559,1566,75,0,1491,1509,708009,68,0,0,68,57
2020-06-17,US,Florida,Putnam,205,6,0,29.60779729,-81.74230285,12107.0,275.09024301874643,2.9268292682926833,199,198,6,0,192,191,74163,7,0,0,7,7
2020-06-17,US,Florida,Santa Rosa,305,9,0,30.69341450000001,-87.02458128,12113.0,165.4793747592411,2.950819672131148,296,297,9,0,288,293,179349,8,0,0,8,4
2020-06-17,US,Florida,Sarasota,803,92,0,27.18546175,-82.33174248,12115.0,185.1330975556898,11.45703611457036,711,789,92,0,697,780,426718,14,0,0,14,9
2020-06-17,US,Florida,Seminole,876,13,0,28.7158582,-81.24060348,12117.0,185.66166340981636,1.4840182648401827,863,836,13,0,823,790,467832,40,0,0,40,46
2020-06-17,US,Florida,St. Johns,347,6,0,29.90096506,-81.43589967,12109.0,131.10567041470196,1.7291066282420748,341,333,6,0,327,315,254261,14,0,0,14,18
2020-06-17,US,Florida,St. Lucie,1037,40,0,27.37763908,-80.47106649,12111.0,315.87251787253615,3.8572806171648986,997,981,38,0,943,926,321128,56,2,0,54,55
2020-06-17,US,Florida,Sumter,269,17,0,28.70181754,-82.0794267,12119.0,203.14151940794446,6.319702602230484,252,268,17,0,251,267,128754,1,0,0,1,1
2020-06-17,US,Florida,Suwannee,217,18,0,30.19746066,-82.99099670000003,12121.0,488.5516806628093,8.294930875576037,199,208,18,0,190,200,44191,9,0,0,9,8
2020-06-17,US,Florida,Taylor,62,0,0,30.04848048,-83.60445406,12123.0,287.44958041633834,0.0,62,60,0,0,60,59,21623,2,0,0,2,1
2020-06-17,US,Florida,Unassigned,105,0,0,0.0,0.0,90012.0,0.0,0.0,105,97,0,0,97,97,,8,0,0,8,0
2020-06-17,US,Florida,Union,38,1,0,30.04412971,-82.37497443,12125.0,249.39292511649282,2.631578947368421,37,38,1,0,37,38,14940,0,0,0,0,0
2020-06-17,US,Florida,Volusia,995,50,0,29.05858895,-81.18263252,12127.0,179.83531061805508,5.025125628140704,945,969,49,0,920,946,547538,26,1,0,25,23
2020-06-17,US,Florida,Wakulla,36,1,0,30.16548905,-84.39895211,12129.0,106.70144343341532,2.7777777777777777,35,35,1,0,34,35,32461,1,0,0,1,0
2020-06-17,US,Florida,Walton,157,9,0,30.64204028,-86.16935664,12131.0,211.958796290046,5.732484076433121,148,152,9,0,143,150,71375,5,0,0,5,2
2020-06-17,US,Florida,Washington,95,9,0,30.61359259,-85.66002461,12133.0,372.9439013857809,9.473684210526317,86,94,9,0,85,91,24880,1,0,0,1,3
2020-06-17,US,Georgia,Appling,208,13,0,31.74847232,-82.28909114,13001.0,1131.295550962689,6.25,195,207,13,0,194,204,18507,1,0,0,1,3
2020-06-17,US,Georgia,Atkinson,80,2,0,31.29633502,-82.87545866,13003.0,979.7917942437233,2.5,78,77,2,0,75,76,8297,3,0,0,3,1
2020-06-17,US,Georgia,Bacon,179,3,0,31.55456473,-82.45936528,13005.0,1603.3679684700824,1.675977653631285,176,181,3,0,178,177,11185,-2,0,0,-2,4
2020-06-17,US,Georgia,Baker,37,4,0,31.32669878,-84.44218806,13007.0,1217.906517445688,10.810810810810812,33,36,3,0,33,37,3092,1,1,0,0,-1
2020-06-17,US,Georgia,Baldwin,431,33,0,33.06882326,-83.24701748,13009.0,960.1247493873914,7.656612529002321,398,430,32,0,398,429,44823,1,1,0,0,1
2020-06-17,US,Georgia,Banks,108,0,0,34.35607081,-83.49644388,13011.0,561.5056670479361,0.0,108,110,1,0,109,109,18988,-2,-1,0,-1,1
2020-06-17,US,Georgia,Barrow,401,25,0,33.99148694,-83.71436292,13013.0,481.73954829408933,6.234413965087283,376,395,23,0,372,388,80809,6,2,0,4,7
2020-06-17,US,Georgia,Bartow,570,39,0,34.23732119,-84.83887523,13015.0,529.0612411591082,6.842105263157895,531,562,39,0,523,548,106408,8,0,0,8,14
2020-06-17,US,Georgia,Ben Hill,109,1,0,31.76095874,-83.22145359,13017.0,652.6946107784431,0.9174311926605504,108,104,1,0,103,105,16787,5,0,0,5,-1
2020-06-17,US,Georgia,Berrien,80,0,0,31.27590016,-83.22529920000002,13019.0,412.43491261535286,0.0,80,77,0,0,77,73,19252,3,0,0,3,4
2020-06-17,US,Georgia,Bibb,570,36,0,32.80904227,-83.70489165,13021.0,372.1622627465575,6.315789473684211,534,560,35,0,525,542,153095,10,1,0,9,18
2020-06-17,US,Georgia,Bleckley,52,1,0,32.43829035,-83.33035166,13023.0,403.9462440767498,1.9230769230769231,51,52,1,0,51,54,12838,0,0,0,0,-2
2020-06-17,US,Georgia,Brantley,71,2,0,31.19576557,-81.97743999,13025.0,371.5526715160395,2.8169014084507036,69,70,2,0,68,69,18897,1,0,0,1,1
2020-06-17,US,Georgia,Brooks,100,11,0,30.83922642,-83.58303423,13027.0,646.9560716827327,11.0,89,99,11,0,88,98,15513,1,0,0,1,1
2020-06-17,US,Georgia,Bryan,89,5,0,32.00979311,-81.44002948,13029.0,224.59434224140102,5.617977528089888,84,87,5,0,82,86,38109,2,0,0,2,1
2020-06-17,US,Georgia,Bulloch,115,3,0,32.39577406,-81.74811421,13031.0,144.45784343282082,2.608695652173913,112,110,3,0,107,108,77296,5,0,0,5,2
2020-06-17,US,Georgia,Burke,127,6,0,33.05917989,-81.99928721,13033.0,567.3948979135953,4.724409448818896,121,126,6,0,120,126,22423,1,0,0,1,0
2020-06-17,US,Georgia,Butts,247,32,0,33.283094500000004,-83.95435040000002,13035.0,990.5357715752327,12.955465587044534,215,246,32,0,214,245,24193,1,0,0,1,1
2020-06-17,US,Georgia,Calhoun,152,6,0,31.53169785,-84.62725131,13037.0,2455.970269833576,3.947368421052632,146,149,6,0,143,148,6352,3,0,0,3,1
2020-06-17,US,Georgia,Camden,75,1,0,30.92951916,-81.66601818,13039.0,137.19679508286686,1.3333333333333333,74,75,1,0,74,75,53677,0,0,0,0,0
2020-06-17,US,Georgia,Candler,18,0,0,32.40209349,-82.07702563,13043.0,166.62038322688142,0.0,18,17,0,0,17,17,10836,1,0,0,1,0
2020-06-17,US,Georgia,Carroll,619,40,0,33.58138199,-85.07976677,13045.0,515.8677245149677,6.462035541195476,579,619,39,0,580,614,118121,0,1,0,-1,5
2020-06-17,US,Georgia,Catoosa,254,3,0,34.89872298,-85.13757014,13047.0,375.85084344480623,1.1811023622047243,251,249,3,0,246,234,67420,5,0,0,5,15
2020-06-17,US,Georgia,Charlton,36,2,0,30.78371028,-82.13951596,13049.0,268.81720430107526,5.5555555555555545,34,37,2,0,35,39,12968,-1,0,0,-1,-2
2020-06-17,US,Georgia,Chatham,684,31,0,32.00043026,-81.12489526,13051.0,236.326572919186,4.5321637426900585,653,651,30,0,621,636,289195,33,1,0,32,15
2020-06-17,US,Georgia,Chattahoochee,304,0,0,32.34341231,-84.78809239,13053.0,2787.200880168699,0.0,304,272,0,0,272,252,10684,32,0,0,32,20
2020-06-17,US,Georgia,Chattooga,43,2,0,34.47197698,-85.34535662,13055.0,173.46403646778813,4.651162790697675,41,41,2,0,39,36,24790,2,0,0,2,5
2020-06-17,US,Georgia,Cherokee,1058,39,0,34.24393976,-84.47431861,13057.0,408.8525464403164,3.6862003780718338,1019,1052,38,0,1014,1040,254149,6,1,0,5,12
2020-06-17,US,Georgia,Clarke,361,15,0,33.95436462,-83.37124007,13059.0,281.3038159135361,4.1551246537396125,346,353,15,0,338,348,127330,8,0,0,8,5
2020-06-17,US,Georgia,Clay,53,2,0,31.62221166,-84.97713865,13061.0,1870.1482004234297,3.7735849056603774,51,53,2,0,51,52,2887,0,0,0,0,1
2020-06-17,US,Georgia,Clayton,1495,74,0,33.54187245,-84.35594188,13063.0,511.53782984780474,4.949832775919734,1421,1461,73,0,1388,1440,289615,34,1,0,33,21
2020-06-17,US,Georgia,Clinch,80,2,0,30.91395822,-82.70432472,13065.0,1208.8244182532487,2.5,78,80,2,0,78,80,6648,0,0,0,0,0
2020-06-17,US,Georgia,Cobb,3712,222,0,33.94243204,-84.5761255,13067.0,488.3304544814712,5.980603448275862,3490,3679,218,0,3461,3618,756865,33,4,0,29,61
2020-06-17,US,Georgia,Coffee,369,15,0,31.54892966,-82.85492059999999,13069.0,852.725718115222,4.0650406504065035,354,359,14,0,345,346,43093,10,1,0,9,13
2020-06-17,US,Georgia,Colquitt,708,17,0,31.18810588,-83.7677946,13071.0,1552.6315789473686,2.4011299435028253,691,697,17,0,680,679,45592,11,0,0,11,18
2020-06-17,US,Georgia,Columbia,324,8,0,33.54534185,-82.263524,13073.0,206.7460469390099,2.469135802469136,316,305,8,0,297,301,154291,19,0,0,19,4
2020-06-17,US,Georgia,Cook,82,1,0,31.16068491,-83.42947229,13075.0,474.8118123914303,1.2195121951219512,81,78,1,0,77,75,17162,4,0,0,4,3
2020-06-17,US,Georgia,Coweta,526,13,0,33.35334302,-84.76129976,13077.0,354.18728831249285,2.4714828897338403,513,519,12,0,507,515,145864,7,1,0,6,4
2020-06-17,US,Georgia,Crawford,32,0,0,32.71391813,-83.98061238,13079.0,257.9812963560142,0.0,32,32,0,0,32,32,12318,0,0,0,0,0
2020-06-17,US,Georgia,Crisp,249,11,0,31.92289565,-83.76811843,13081.0,1112.9983908457,4.417670682730924,238,246,11,0,235,242,22601,3,0,0,3,4
2020-06-17,US,Georgia,Dade,52,1,0,34.854916700000004,-85.50490424,13083.0,322.6607098535617,1.9230769230769231,51,51,1,0,50,48,16226,1,0,0,1,3
2020-06-17,US,Georgia,Dawson,121,3,0,34.44244079,-84.16964071,13085.0,463.4594760226751,2.479338842975207,118,121,3,0,118,119,25083,0,0,0,0,2
2020-06-17,US,Georgia,DeKalb,4489,155,0,33.76944049,-84.22396017,13089.0,591.2047591390457,3.452884829583426,4334,4411,152,0,4259,4355,756558,78,3,0,75,56
2020-06-17,US,Georgia,Decatur,235,8,0,30.87967778,-84.57619536,13087.0,890.0166641417967,3.404255319148936,227,236,8,0,228,224,26575,-1,0,0,-1,12
2020-06-17,US,Georgia,Dodge,62,2,0,32.17265114,-83.16948926,13091.0,300.897840330017,3.2258064516129035,60,59,2,0,57,56,20705,3,0,0,3,3
2020-06-17,US,Georgia,Dooly,193,12,0,32.15630737,-83.79746561,13093.0,1441.374159820762,6.217616580310881,181,193,12,0,181,191,13706,0,0,0,0,2
2020-06-17,US,Georgia,Dougherty,1845,151,0,31.53328528,-84.21722377,13095.0,2097.639728955387,8.184281842818429,1694,1841,151,0,1690,1839,91243,4,0,0,4,2
2020-06-17,US,Georgia,Douglas,682,33,0,33.70291126,-84.77026156,13097.0,466.0284400347129,4.838709677419356,649,669,32,0,637,660,145331,13,1,0,12,9
2020-06-17,US,Georgia,Early,256,31,0,31.32155345,-84.90255207,13099.0,2512.2669283611385,12.109375,225,255,31,0,224,255,10247,1,0,0,1,0
2020-06-17,US,Georgia,Echols,164,0,0,30.71101099,-82.89687287,13101.0,4093.859211183225,0.0,164,162,0,0,162,161,4000,2,0,0,2,1
2020-06-17,US,Georgia,Effingham,88,1,0,32.36616021,-81.34280942,13103.0,136.8669901704616,1.1363636363636365,87,86,1,0,85,86,62190,2,0,0,2,0
2020-06-17,US,Georgia,Elbert,87,0,0,34.11302332,-82.83936148,13105.0,453.26664582682093,0.0,87,87,0,0,87,86,19120,0,0,0,0,1
2020-06-17,US,Georgia,Emanuel,47,2,0,32.59221302,-82.30239915,13107.0,207.5421708027908,4.25531914893617,45,47,2,0,45,53,22612,0,0,0,0,-6
2020-06-17,US,Georgia,Evans,11,0,0,32.15328841,-81.8870105,13109.0,103.24760653275764,0.0,11,10,0,0,10,8,10721,1,0,0,1,2
2020-06-17,US,Georgia,Fannin,70,1,0,34.86430205,-84.316964,13111.0,267.2979990835497,1.4285714285714286,69,69,1,0,68,67,25964,1,0,0,1,2
2020-06-17,US,Georgia,Fayette,271,16,0,33.41357794,-84.49089434,13113.0,236.84463516312562,5.904059040590407,255,270,16,0,254,261,113459,1,0,0,1,9
2020-06-17,US,Georgia,Floyd,380,15,0,34.26268279,-85.21577392,13115.0,385.7946354240695,3.947368421052632,365,375,15,0,360,371,97927,5,0,0,5,4
2020-06-17,US,Georgia,Forsyth,616,13,0,34.22604035,-84.12315129999998,13117.0,252.19854903951656,2.1103896103896105,603,603,13,0,590,598,236612,13,0,0,13,5
2020-06-17,US,Georgia,Franklin,144,1,0,34.37525597,-83.23159927,13119.0,616.7287678273159,0.6944444444444444,143,142,1,0,141,140,23023,2,0,0,2,2
2020-06-17,US,Georgia,Fulton,5292,299,0,33.79216944,-84.46319413,13121.0,497.39787224243537,5.650037792894937,4993,5148,295,0,4853,5157,1050114,144,4,0,140,-9
2020-06-17,US,Georgia,Gilmer,176,2,0,34.69316688,-84.45802506,13123.0,561.0634703050782,1.1363636363636365,174,172,2,0,170,170,30816,4,0,0,4,2
2020-06-17,US,Georgia,Glascock,2,0,0,33.22879932,-82.61297636,13125.0,67.31740154830024,0.0,2,1,0,0,1,1,2995,1,0,0,1,0
2020-06-17,US,Georgia,Glynn,208,3,0,31.23279254,-81.53811412,13127.0,243.8681236223796,1.4423076923076923,205,196,3,0,193,190,85219,12,0,0,12,6
2020-06-17,US,Georgia,Gordon,267,18,0,34.50487351,-84.87296253,13129.0,460.63868329796594,6.741573033707866,249,260,18,0,242,256,57685,7,0,0,7,4
2020-06-17,US,Georgia,Grady,146,4,0,30.87454847,-84.23418364,13131.0,592.7008484553241,2.7397260273972597,142,147,4,0,143,139,24748,-1,0,0,-1,8
2020-06-17,US,Georgia,Greene,87,8,0,33.5769205,-83.17139104,13133.0,474.7871643745907,9.195402298850574,79,86,8,0,78,86,17698,1,0,0,1,0
2020-06-17,US,Georgia,Gwinnett,5658,158,0,33.96044201,-84.02137802,13135.0,604.3257676902538,2.7925061859314244,5500,5451,156,0,5295,5308,927781,207,2,0,205,143
2020-06-17,US,Georgia,Habersham,612,33,0,34.63331566,-83.53094677,13137.0,1350.1588422167313,5.3921568627450975,579,600,31,0,569,596,45388,12,2,0,10,4
2020-06-17,US,Georgia,Hall,2822,58,0,34.32207823,-83.81896936,13139.0,1380.3493428421893,2.0552799433026223,2764,2787,56,0,2731,2755,202148,35,2,0,33,32
2020-06-17,US,Georgia,Hancock,203,30,0,33.2721566,-82.99766919,13141.0,2400.3783847700133,14.778325123152712,173,203,30,0,173,202,8348,0,0,0,0,1
2020-06-17,US,Georgia,Haralson,61,4,0,33.79602175,-85.21005667,13143.0,204.75295381310417,6.557377049180328,57,58,4,0,54,57,29533,3,0,0,3,1
2020-06-17,US,Georgia,Harris,226,6,0,32.73709786,-84.90538572,13145.0,641.3894880236122,2.6548672566371683,220,210,6,0,204,203,34475,16,0,0,16,7
2020-06-17,US,Georgia,Hart,44,0,0,34.34626973,-82.96567682,13147.0,167.90688799847356,0.0,44,44,0,0,44,44,26099,0,0,0,0,0
2020-06-17,US,Georgia,Heard,45,3,0,33.29686567,-85.12886832,13149.0,377.4217898179989,6.666666666666668,42,45,3,0,42,43,11879,0,0,0,0,2
2020-06-17,US,Georgia,Henry,886,31,0,33.4533428,-84.14814659999998,13151.0,377.7269025967658,3.4988713318284423,855,856,31,0,825,852,230220,30,0,0,30,4
2020-06-17,US,Georgia,Houston,470,20,0,32.45802497,-83.66879087,13153.0,297.72650969511534,4.25531914893617,450,456,20,0,436,446,155469,14,0,0,14,10
2020-06-17,US,Georgia,Irwin,41,1,0,31.60213036,-83.27501387,13155.0,435.429056924384,2.4390243902439024,40,38,1,0,37,38,9398,3,0,0,3,0
2020-06-17,US,Georgia,Jackson,276,7,0,34.13794553,-83.56814788,13157.0,378.2013511106239,2.5362318840579707,269,266,7,0,259,262,70422,10,0,0,10,4
2020-06-17,US,Georgia,Jasper,59,1,0,33.31535543,-83.68844964,13159.0,414.93775933609965,1.6949152542372878,58,56,1,0,55,56,14040,3,0,0,3,0
2020-06-17,US,Georgia,Jeff Davis,64,2,0,31.80405727,-82.63724870000001,13161.0,423.42044326827653,3.125,62,62,2,0,60,55,15029,2,0,0,2,7
2020-06-17,US,Georgia,Jefferson,61,1,0,33.05867328,-82.41609057,13163.0,397.0837130581955,1.639344262295082,60,58,1,0,57,56,15430,3,0,0,3,2
2020-06-17,US,Georgia,Jenkins,49,7,0,32.79248718,-81.96040187,13165.0,564.7763946519133,14.285714285714285,42,47,7,0,40,45,8683,2,0,0,2,2
2020-06-17,US,Georgia,Johnson,78,2,0,32.70211082,-82.66166794,13167.0,808.8769055273256,2.5641025641025643,76,78,2,0,76,77,9708,0,0,0,0,1
2020-06-17,US,Georgia,Jones,51,0,0,33.02512137,-83.56019163,13169.0,177.4839046459022,0.0,51,51,0,0,51,51,28616,0,0,0,0,0
2020-06-17,US,Georgia,Lamar,84,5,0,33.07841647,-84.14263877,13171.0,440.3208051580437,5.9523809523809526,79,79,5,0,74,79,19000,5,0,0,5,0
2020-06-17,US,Georgia,Lanier,102,2,0,31.03828570000001,-83.06472457,13173.0,978.6050081550418,1.96078431372549,100,98,2,0,96,98,10340,4,0,0,4,0
2020-06-17,US,Georgia,Laurens,121,1,0,32.46325233,-82.92221316,13175.0,254.4903882555841,0.8264462809917356,120,118,1,0,117,118,47325,3,0,0,3,0
2020-06-17,US,Georgia,Lee,372,22,0,31.779330600000005,-84.14324253,13177.0,1240.3307548679647,5.913978494623656,350,374,22,0,352,374,29764,-2,0,0,-2,0
2020-06-17,US,Georgia,Liberty,97,1,0,31.82588896,-81.49251135,13179.0,157.8904533246521,1.0309278350515465,96,96,1,0,95,95,61497,1,0,0,1,1
2020-06-17,US,Georgia,Lincoln,18,1,0,33.79201475,-82.45024131,13181.0,227.24403484408532,5.5555555555555545,17,18,1,0,17,18,7915,0,0,0,0,0
2020-06-17,US,Georgia,Long,27,1,0,31.75218791,-81.74952375,13183.0,138.043867273378,3.703703703703704,26,25,1,0,24,24,18998,2,0,0,2,1
2020-06-17,US,Georgia,Lowndes,758,4,0,30.83568832,-83.27056716,13185.0,645.6228812837504,0.5277044854881267,754,689,4,0,685,651,116321,69,0,0,69,38
2020-06-17,US,Georgia,Lumpkin,110,1,0,34.57286511,-84.00425681,13187.0,327.28354656352275,0.9090909090909092,109,109,1,0,108,107,32955,1,0,0,1,2
2020-06-17,US,Georgia,Macon,112,8,0,32.35207048,-84.04234127,13193.0,865.0652660848073,7.142857142857142,104,112,8,0,104,116,13143,0,0,0,0,-4
2020-06-17,US,Georgia,Madison,75,2,0,34.12920917,-83.21218732,13195.0,251.00401606425706,2.6666666666666665,73,74,2,0,72,73,29650,1,0,0,1,1
2020-06-17,US,Georgia,Marion,66,2,0,32.3483402,-84.52733571,13197.0,789.56813015911,3.0303030303030303,64,63,2,0,61,62,8351,3,0,0,3,1
2020-06-17,US,Georgia,McDuffie,76,5,0,33.47851918,-82.48252774,13189.0,356.6066066066066,6.578947368421053,71,75,5,0,70,74,21531,1,0,0,1,1
2020-06-17,US,Georgia,McIntosh,19,1,0,31.49683595,-81.40163426,13191.0,132.14633467798024,5.2631578947368425,18,19,1,0,18,19,14340,0,0,0,0,0
2020-06-17,US,Georgia,Meriwether,135,3,0,33.04163534,-84.68859732,13199.0,637.7852317286342,2.2222222222222223,132,133,3,0,130,127,21068,2,0,0,2,6
2020-06-17,US,Georgia,Miller,45,0,0,31.16568912,-84.73151117,13201.0,786.9884575026233,0.0,45,45,0,0,45,45,5686,0,0,0,0,0
2020-06-17,US,Georgia,Mitchell,433,38,0,31.22483255,-84.19381821,13205.0,1980.5150253853546,8.775981524249422,395,433,38,0,395,432,22192,0,0,0,0,1
2020-06-17,US,Georgia,Monroe,135,15,0,33.014289,-83.92097166,13207.0,489.52063238813554,11.111111111111109,120,133,14,0,119,131,27520,2,1,0,1,2
2020-06-17,US,Georgia,Montgomery,23,0,0,32.17201038,-82.53527476,13209.0,250.76319232446576,0.0,23,22,0,0,22,21,9193,1,0,0,1,1
2020-06-17,US,Georgia,Morgan,42,0,0,33.59232073,-83.49129491,13211.0,217.88752853289063,0.0,42,41,0,0,41,40,18853,1,0,0,1,1
2020-06-17,US,Georgia,Murray,152,1,0,34.78897608,-84.74993177,13213.0,379.0901835594573,0.6578947368421053,151,148,1,0,147,143,39921,4,0,0,4,5
2020-06-17,US,Georgia,Muscogee,1099,32,0,32.50931999,-84.87142262,13215.0,561.3759073193406,2.9117379435850768,1067,1078,29,0,1049,1022,194160,21,3,0,18,56
2020-06-17,US,Georgia,Newton,440,11,0,33.55514538,-83.84547140000002,13217.0,393.75715922107673,2.5,429,425,11,0,414,420,109541,15,0,0,15,5
2020-06-17,US,Georgia,Oconee,131,10,0,33.83749973,-83.43679568,13219.0,325.2234359483615,7.633587786259542,121,130,9,0,121,130,39272,1,1,0,0,0
2020-06-17,US,Georgia,Oglethorpe,77,7,0,33.878629600000004,-83.08278123,13221.0,504.62022413002165,9.090909090909092,70,77,7,0,70,75,15054,0,0,0,0,2
2020-06-17,US,Georgia,Out of GA,2813,39,0,0.0,0.0,80013.0,0.0,1.3864201919658727,2774,2776,37,0,2739,2909,,37,2,0,35,-133
2020-06-17,US,Georgia,Paulding,425,13,0,33.91969522,-84.86848792,13223.0,251.9757866091174,3.0588235294117645,412,415,13,0,402,408,164044,10,0,0,10,7
2020-06-17,US,Georgia,Peach,92,9,0,32.56934316,-83.82937,13225.0,333.98678574021636,9.782608695652174,83,91,8,0,83,91,27297,1,1,0,0,0
2020-06-17,US,Georgia,Pickens,73,4,0,34.46589159,-84.46406611,13227.0,223.9882176060876,5.479452054794519,69,71,4,0,67,68,31980,2,0,0,2,3
2020-06-17,US,Georgia,Pierce,132,4,0,31.35928155,-82.21598442,13229.0,678.1402517338812,3.0303030303030303,128,132,4,0,128,131,19389,0,0,0,0,1
2020-06-17,US,Georgia,Pike,76,3,0,33.09310242,-84.38790389,13231.0,400.80160320641284,3.947368421052632,73,71,4,0,67,70,18634,5,-1,0,6,1
2020-06-17,US,Georgia,Polk,174,1,0,34.00267074,-85.18677781,13233.0,408.3260976697252,0.5747126436781609,173,167,1,0,166,165,42470,7,0,0,7,2
2020-06-17,US,Georgia,Pulaski,46,2,0,32.23334561,-83.47549959999998,13235.0,413.0376223399479,4.3478260869565215,44,46,2,0,44,46,11069,0,0,0,0,0
2020-06-17,US,Georgia,Putnam,112,11,0,33.32056115,-83.37552891,13237.0,506.35200506352,9.821428571428571,101,111,11,0,100,112,21809,1,0,0,1,-1
2020-06-17,US,Georgia,Quitman,14,1,0,31.86728114,-85.01773177,13239.0,608.9604175728578,7.142857142857142,13,14,1,0,13,14,2279,0,0,0,0,0
2020-06-17,US,Georgia,Rabun,33,3,0,34.88389445,-83.40304637,13241.0,192.5657933127152,9.090909090909092,30,33,3,0,30,32,16867,0,0,0,0,1
2020-06-17,US,Georgia,Randolph,191,23,0,31.76622818,-84.75732369,13243.0,2817.9403953968717,12.041884816753926,168,191,23,0,168,191,6833,0,0,0,0,0
2020-06-17,US,Georgia,Richmond,703,40,0,33.35777107,-82.07026432,13245.0,347.1296378593508,5.689900426742533,663,687,38,0,649,682,201554,16,2,0,14,5
2020-06-17,US,Georgia,Rockdale,353,9,0,33.65145002,-84.02202167,13247.0,388.3559232529484,2.54957507082153,344,347,9,0,338,345,90594,6,0,0,6,2
2020-06-17,US,Georgia,Schley,20,1,0,32.2654021,-84.31258912,13249.0,380.44512079132585,5.0,19,20,1,0,19,19,5236,0,0,0,0,1
2020-06-17,US,Georgia,Screven,66,4,0,32.74976524,-81.60779441,13251.0,472.57625662322783,6.0606060606060606,62,65,4,0,61,63,13938,1,0,0,1,2
2020-06-17,US,Georgia,Seminole,48,2,0,30.93464824,-84.86823924,13253.0,593.3250927070458,4.166666666666667,46,48,2,0,46,48,8315,0,0,0,0,0
2020-06-17,US,Georgia,Spalding,332,29,0,33.26310031,-84.28013991,13255.0,497.7287378378783,8.734939759036145,303,326,25,0,301,317,66100,6,4,0,2,9
2020-06-17,US,Georgia,Stephens,161,6,0,34.55151201,-83.29405315,13257.0,621.0221793635487,3.7267080745341614,155,158,6,0,152,153,26035,3,0,0,3,5
2020-06-17,US,Georgia,Stewart,70,1,0,32.07996777,-84.83208037,13259.0,1057.2421084428333,1.4285714285714286,69,68,1,0,67,63,6199,2,0,0,2,5
2020-06-17,US,Georgia,Sumter,526,49,0,32.03650571,-84.19821492,13261.0,1781.6014090231674,9.315589353612168,477,523,50,0,473,512,29733,3,-1,0,4,11
2020-06-17,US,Georgia,Talbot,52,2,0,32.69642758,-84.53351366,13263.0,839.3866020984665,3.8461538461538463,50,50,2,0,48,47,6272,2,0,0,2,3
2020-06-17,US,Georgia,Taliaferro,2,0,0,33.56543317,-82.88136816,13265.0,130.1236174365647,0.0,2,2,0,0,2,2,1608,0,0,0,0,0
2020-06-17,US,Georgia,Tattnall,61,0,0,32.04785085,-82.05539188,13267.0,241.24021197500596,0.0,61,58,0,0,58,56,25391,3,0,0,3,2
2020-06-17,US,Georgia,Taylor,26,2,0,32.55792548,-84.25077141,13269.0,324.18952618453864,7.6923076923076925,24,26,2,0,24,26,8039,0,0,0,0,0
2020-06-17,US,Georgia,Telfair,58,2,0,31.92829517,-82.93491155,13271.0,365.69987389659514,3.4482758620689653,56,54,2,0,52,54,15876,4,0,0,4,0
2020-06-17,US,Georgia,Terrell,220,27,0,31.77527543,-84.44069698,13273.0,2578.8301488688307,12.272727272727273,193,218,27,0,191,218,8611,2,0,0,2,0
2020-06-17,US,Georgia,Thomas,365,33,0,30.86392347,-83.91847289,13275.0,821.1288834896852,9.041095890410961,332,365,33,0,332,364,44448,0,0,0,0,1
2020-06-17,US,Georgia,Tift,448,22,0,31.45743864,-83.5236119,13277.0,1102.2537151855133,4.910714285714286,426,433,22,0,411,423,40571,15,0,0,15,10
2020-06-17,US,Georgia,Toombs,129,5,0,32.12059861,-82.32957247,13279.0,480.80506895266495,3.875968992248062,124,126,5,0,121,108,26887,3,0,0,3,18
2020-06-17,US,Georgia,Towns,35,1,0,34.91369188,-83.74107459999998,13281.0,290.7701254465398,2.8571428571428568,34,35,1,0,34,35,11852,0,0,0,0,0
2020-06-17,US,Georgia,Treutlen,17,0,0,32.40422134,-82.56904553,13283.0,246.3411099840603,0.0,17,17,0,0,17,17,6809,0,0,0,0,0
2020-06-17,US,Georgia,Troup,844,25,0,33.03349196,-85.02812115,13285.0,1207.0592946426018,2.962085308056872,819,805,23,0,782,792,70034,39,2,0,37,13
2020-06-17,US,Georgia,Turner,157,15,0,31.71612656,-83.62069378,13287.0,1966.186599874765,9.554140127388537,142,155,14,0,141,153,7912,2,1,0,1,2
2020-06-17,US,Georgia,Twiggs,22,1,0,32.67435595,-83.43078662,13289.0,270.935960591133,4.545454545454546,21,22,1,0,21,22,8188,0,0,0,0,0
2020-06-17,US,Georgia,Unassigned,1154,2,0,0.0,0.0,90013.0,0.0,0.1733102253032929,1152,1470,2,0,1468,1551,,-316,0,0,-316,-81
2020-06-17,US,Georgia,Union,56,3,0,34.82995757,-83.98967069,13291.0,228.46885072008487,5.357142857142857,53,55,3,0,52,54,24001,1,0,0,1,1
2020-06-17,US,Georgia,Upson,308,42,0,32.87920671,-84.30024826,13293.0,1170.2127659574471,13.636363636363635,266,300,42,0,258,295,26215,8,0,0,8,5
2020-06-17,US,Georgia,Walker,253,4,0,34.73376362,-85.30165174,13295.0,362.66681956967363,1.5810276679841897,249,236,3,0,233,225,69410,17,1,0,16,11
2020-06-17,US,Georgia,Walton,335,25,0,33.78017694,-83.73552314,13297.0,354.148827080228,7.462686567164179,310,331,23,0,308,327,93503,4,2,0,2,4
2020-06-17,US,Georgia,Ware,298,15,0,31.05449097,-82.42224148,13299.0,833.9396653047518,5.033557046979865,283,290,15,0,275,286,35680,8,0,0,8,4
2020-06-17,US,Georgia,Warren,19,0,0,33.41146451,-82.67795848,13301.0,361.6292348686714,0.0,19,20,0,0,20,20,5251,-1,0,0,-1,0
2020-06-17,US,Georgia,Washington,76,1,0,32.96711864,-82.79357039,13303.0,373.0244429174438,1.3157894736842106,75,76,1,0,75,76,20386,0,0,0,0,0
2020-06-17,US,Georgia,Wayne,41,0,0,31.5521809,-81.91894878,13305.0,137.0000334146423,0.0,41,39,0,0,39,39,29808,2,0,0,2,0
2020-06-17,US,Georgia,Webster,16,1,0,32.04066113,-84.54742852,13307.0,613.7322593018797,6.25,15,15,1,0,14,15,2611,1,0,0,1,0
2020-06-17,US,Georgia,Wheeler,28,0,0,32.12009104,-82.72574721,13309.0,356.46085295989815,0.0,28,30,0,0,30,28,7879,-2,0,0,-2,2
2020-06-17,US,Georgia,White,124,4,0,34.64624278,-83.74905525,13311.0,402.6235469835704,3.2258064516129035,120,124,4,0,120,124,29970,0,0,0,0,0
2020-06-17,US,Georgia,Whitfield,668,10,0,34.80987459,-84.96093476,13313.0,638.4524219138282,1.497005988023952,658,637,10,0,627,618,104062,31,0,0,31,19
2020-06-17,US,Georgia,Wilcox,119,14,0,31.97496928,-83.43438555,13315.0,1378.1123335263462,11.764705882352944,105,119,14,0,105,118,8812,0,0,0,0,1
2020-06-17,US,Georgia,Wilkes,42,1,0,33.78290391,-82.74286107,13317.0,429.5796256520405,2.380952380952381,41,41,1,0,40,39,9876,1,0,0,1,2
2020-06-17,US,Georgia,Wilkinson,74,7,0,32.80291082,-83.17140684,13319.0,826.4462809917355,9.459459459459461,67,74,7,0,67,73,9036,0,0,0,0,1
2020-06-17,US,Georgia,Worth,269,21,0,31.55162306,-83.85090513,13321.0,1328.5918901565665,7.806691449814126,248,265,21,0,244,260,20299,4,0,0,4,5
2020-06-17,US,Hawaii,Hawaii,83,0,0,19.60121157,-155.5210167,15001.0,41.18840968076501,0.0,83,82,0,0,82,82,200983,1,0,0,1,0
2020-06-17,US,Hawaii,Honolulu,508,11,0,21.45803166,-157.97121819999995,15003.0,52.12592721045228,2.1653543307086616,497,501,11,0,490,501,980080,7,0,0,7,0
2020-06-17,US,Hawaii,Kauai,21,0,0,22.03935037,-159.5966786,15007.0,29.04845559044444,0.0,21,21,0,0,21,21,72133,0,0,0,0,0
2020-06-17,US,Hawaii,Maui,120,6,0,20.86399628,-156.56890969999995,15009.0,71.67730875598058,5.0,114,120,6,0,114,120,167207,0,0,0,0,0
2020-06-17,US,Hawaii,Out of HI,12,0,0,0.0,0.0,80015.0,0.0,0.0,12,12,0,0,12,12,,0,0,0,0,0
2020-06-17,US,Idaho,Ada,986,22,0,43.4526575,-116.24155159999998,16001.0,204.73974588184484,2.231237322515213,964,915,22,0,893,892,469966,71,0,0,71,23
2020-06-17,US,Idaho,Adams,9,0,0,44.89333571,-116.4545247,16003.0,209.59478341872384,0.0,9,6,0,0,6,4,4250,3,0,0,3,2
2020-06-17,US,Idaho,Bannock,69,1,0,42.67002716,-112.2233311,16005.0,78.5805393586006,1.4492753623188406,68,64,1,0,63,63,87138,5,0,0,5,1
2020-06-17,US,Idaho,Benewah,20,0,0,47.21754179,-116.6586851,16009.0,215.10002151000216,0.0,20,18,0,0,18,19,9226,2,0,0,2,-1
2020-06-17,US,Idaho,Bingham,26,0,0,43.21672879999999,-112.3978437,16011.0,55.54250069428125,0.0,26,25,0,0,25,24,46236,1,0,0,1,1
2020-06-17,US,Idaho,Blaine,515,5,0,43.4085812,-113.9752658,16013.0,2237.087876286869,0.9708737864077671,510,515,5,0,510,515,22601,0,0,0,0,0
2020-06-17,US,Idaho,Bonner,10,0,0,48.29996017,-116.6017932,16017.0,21.863180218194536,0.0,10,7,0,0,7,7,44727,3,0,0,3,0
2020-06-17,US,Idaho,Bonneville,90,1,0,43.38713372,-111.6161537,16019.0,75.59086862307035,1.1111111111111112,89,86,1,0,85,79,116854,4,0,0,4,7
2020-06-17,US,Idaho,Camas,1,0,0,43.46665742,-114.8065892,16025.0,90.41591320072331,0.0,1,1,0,0,1,1,1127,0,0,0,0,0
2020-06-17,US,Idaho,Canyon,369,6,0,43.61970148,-116.70954990000001,16027.0,160.5401807273471,1.6260162601626016,363,360,6,0,354,356,223499,9,0,0,9,4
2020-06-17,US,Idaho,Caribou,6,0,0,42.77149116,-111.5597683,16029.0,83.85744234800839,0.0,6,5,0,0,5,5,7060,1,0,0,1,0
2020-06-17,US,Idaho,Cassia,152,1,0,42.28347888,-113.6012409,16031.0,632.5426550145651,0.6578947368421053,151,143,1,0,142,136,23864,9,0,0,9,7
2020-06-17,US,Idaho,Custer,2,0,0,44.24186819,-114.2855494,16037.0,46.349942062572424,0.0,2,2,0,0,2,2,4280,0,0,0,0,0
2020-06-17,US,Idaho,Elmore,37,2,0,43.3507101,-115.4701578,16039.0,134.49165788230164,5.405405405405406,35,35,2,0,33,34,27259,2,0,0,2,1
2020-06-17,US,Idaho,Franklin,17,0,0,42.18332217,-111.81496659999999,16041.0,122.51369270683195,0.0,17,15,0,0,15,14,13726,2,0,0,2,1
2020-06-17,US,Idaho,Fremont,4,0,0,44.22800938,-111.48099429999999,16043.0,30.536682189480114,0.0,4,4,0,0,4,4,13168,0,0,0,0,0
2020-06-17,US,Idaho,Gem,17,0,0,44.06482372,-116.398376,16045.0,93.86042402826857,0.0,17,17,0,0,17,17,17634,0,0,0,0,0
2020-06-17,US,Idaho,Gooding,60,0,0,42.96927962,-114.81083059999999,16047.0,395.28295671651625,0.0,60,59,0,0,59,59,15196,1,0,0,1,0
2020-06-17,US,Idaho,Idaho,3,0,0,45.84721541,-115.4634436,16049.0,17.999640007199854,0.0,3,3,0,0,3,3,16513,0,0,0,0,0
2020-06-17,US,Idaho,Jefferson,11,0,0,43.82078483,-112.3131749,16051.0,36.82501422784641,0.0,11,12,0,0,12,12,29439,-1,0,0,-1,0
2020-06-17,US,Idaho,Jerome,214,3,0,42.68891267,-114.2655033,16053.0,876.6180566934296,1.4018691588785046,211,208,3,0,205,206,24015,6,0,0,6,2
2020-06-17,US,Idaho,Kootenai,105,0,0,47.67282258,-116.7020872,16055.0,63.36867897427232,0.0,105,101,0,0,101,98,161505,4,0,0,4,3
2020-06-17,US,Idaho,Latah,8,0,0,46.81587887,-116.71136979999999,16057.0,19.94614540740002,0.0,8,8,0,0,8,7,40134,0,0,0,0,1
2020-06-17,US,Idaho,Lemhi,2,0,0,44.9438088,-113.9309747,16059.0,24.915908807773768,0.0,2,2,0,0,2,1,7961,0,0,0,0,1
2020-06-17,US,Idaho,Lincoln,35,0,0,43.0012336,-114.1358773,16063.0,652.2549385016772,0.0,35,35,0,0,35,35,5360,0,0,0,0,0
2020-06-17,US,Idaho,Madison,30,0,0,43.78141028,-111.65384740000002,16065.0,75.17478136667751,0.0,30,29,0,0,29,29,39304,1,0,0,1,0
2020-06-17,US,Idaho,Minidoka,109,0,0,42.85518524,-113.6357257,16067.0,518.0854603355673,0.0,109,103,0,0,103,101,20825,6,0,0,6,2
2020-06-17,US,Idaho,Nez Perce,84,19,0,46.32638236,-116.75009750000001,16069.0,207.87962779647597,22.619047619047624,65,84,19,0,65,84,40408,0,0,0,0,0
2020-06-17,US,Idaho,Owyhee,18,0,0,42.58016894,-116.16938710000001,16073.0,152.24562293834052,0.0,18,9,0,0,9,8,11693,9,0,0,9,1
2020-06-17,US,Idaho,Payette,30,2,0,44.00545243,-116.7647695,16075.0,125.25573044966808,6.666666666666668,28,28,2,0,26,27,23551,2,0,0,2,1
2020-06-17,US,Idaho,Power,9,0,0,42.69254894,-112.83957420000002,16077.0,117.17224319750031,0.0,9,9,0,0,9,9,7768,0,0,0,0,0
2020-06-17,US,Idaho,Teton,12,0,0,43.75303583,-111.2056773,16081.0,98.83050568275408,0.0,12,11,0,0,11,11,11640,1,0,0,1,0
2020-06-17,US,Idaho,Twin Falls,499,26,0,42.35440512,-114.6685381,16083.0,574.3686548953705,5.210420841683367,473,483,26,0,457,479,86081,16,0,0,16,4
2020-06-17,US,Idaho,Valley,3,0,0,44.76728382,-115.5676773,16085.0,26.33426966292135,0.0,3,3,0,0,3,3,11041,0,0,0,0,0
2020-06-17,US,Idaho,Washington,70,0,0,44.45275475,-116.78476880000001,16087.0,686.6784382970375,0.0,70,57,0,0,57,55,10161,13,0,0,13,2
2020-06-17,US,Illinois,Adams,45,1,0,39.98815591,-91.18786813,17001.0,68.77053564606098,2.2222222222222223,44,45,1,0,44,46,65691,0,0,0,0,-1
2020-06-17,US,Illinois,Alexander,17,0,0,37.18049267,-89.32910838,17003.0,295.0876583926401,0.0,17,17,0,0,17,17,6060,0,0,0,0,0
2020-06-17,US,Illinois,Bond,12,1,0,38.88829622,-89.43534887,17005.0,73.0549129428954,8.333333333333334,11,12,1,0,11,12,16630,0,0,0,0,0
2020-06-17,US,Illinois,Boone,542,19,0,42.32359279,-88.82345779,17007.0,1012.2516061556853,3.505535055350553,523,537,19,0,518,525,53577,5,0,0,5,12
2020-06-17,US,Illinois,Brown,10,0,0,39.96209138,-90.75068024,17009.0,152.02189115232594,0.0,10,10,0,0,10,10,6556,0,0,0,0,0
2020-06-17,US,Illinois,Bureau,24,1,0,41.40385234,-89.5283051,17011.0,73.55645457888929,4.166666666666667,23,24,1,0,23,23,32993,0,0,0,0,1
2020-06-17,US,Illinois,Calhoun,1,0,0,39.16840183,-90.66330078,17013.0,21.101498206372653,0.0,1,1,0,0,1,1,4802,0,0,0,0,0
2020-06-17,US,Illinois,Carroll,20,2,0,42.06823429,-89.93395545,17015.0,139.81125480601187,10.0,18,20,2,0,18,20,14312,0,0,0,0,0
2020-06-17,US,Illinois,Cass,78,0,0,39.96991073,-90.24734436,17017.0,642.1338602123982,0.0,78,76,0,0,76,76,12260,2,0,0,2,0
2020-06-17,US,Illinois,Champaign,754,10,0,40.13919438,-88.20046615,17019.0,359.5801401122615,1.326259946949602,744,740,9,0,731,736,209983,14,1,0,13,4
2020-06-17,US,Illinois,Christian,39,4,0,39.54581621,-89.27780482,17021.0,120.72808320950966,10.256410256410255,35,39,4,0,35,39,32661,0,0,0,0,0
2020-06-17,US,Illinois,Clark,13,0,0,39.33425789,-87.78705622,17023.0,84.19143837834338,0.0,13,13,0,0,13,13,15596,0,0,0,0,0
2020-06-17,US,Illinois,Clay,2,0,0,38.75388572,-88.48914513,17025.0,15.169902912621357,0.0,2,2,0,0,2,2,13253,0,0,0,0,0
2020-06-17,US,Illinois,Clinton,216,17,0,38.60704876,-89.42385254,17027.0,575.0492519035195,7.87037037037037,199,214,17,0,197,213,37639,2,0,0,2,1
2020-06-17,US,Illinois,Coles,145,17,0,39.51949084,-88.22358557,17029.0,286.44238557120565,11.724137931034482,128,143,17,0,126,143,50885,2,0,0,2,0
2020-06-17,US,Illinois,Cook,85858,4304,0,41.84144849,-87.81658794,17031.0,1667.070208279897,5.012928323510914,81554,85538,4253,0,81285,85184,5180493,320,51,0,269,354
2020-06-17,US,Illinois,Crawford,17,0,0,39.0032229,-87.75954624,17033.0,91.06980232495847,0.0,17,17,0,0,17,17,18807,0,0,0,0,0
2020-06-17,US,Illinois,Cumberland,10,0,0,39.27432424,-88.2401158,17035.0,92.88500835965077,0.0,10,10,0,0,10,10,10808,0,0,0,0,0
2020-06-17,US,Illinois,De Witt,4,0,0,40.17514519,-88.90959682,17039.0,25.57871850620284,0.0,4,4,0,0,4,4,15769,0,0,0,0,0
2020-06-17,US,Illinois,DeKalb,499,16,0,41.89373302,-88.76958483,17037.0,475.70473893438333,3.2064128256513027,483,490,15,0,475,490,104143,9,1,0,8,0
2020-06-17,US,Illinois,Douglas,39,0,0,39.76768052,-88.21854195,17041.0,200.3596198304649,0.0,39,38,0,0,38,38,19479,1,0,0,1,0
2020-06-17,US,Illinois,DuPage,8546,435,0,41.85116968,-88.08642662,17043.0,925.9730789525863,5.090100631874561,8111,8495,432,0,8063,8465,928589,51,3,0,48,30
2020-06-17,US,Illinois,Edgar,2,0,0,39.6809186,-87.74759563,17045.0,11.654332498106172,0.0,2,2,0,0,2,2,17360,0,0,0,0,0
2020-06-17,US,Illinois,Edwards,2,0,0,38.41353228,-88.05720863,17047.0,31.27443315089914,0.0,2,2,0,0,2,2,6392,0,0,0,0,0
2020-06-17,US,Illinois,Effingham,9,1,0,39.05935711,-88.58969584,17049.0,26.46436132674665,11.111111111111109,8,9,1,0,8,8,34208,0,0,0,0,1
2020-06-17,US,Illinois,Fayette,23,3,0,39.00072038,-89.02452658,17051.0,107.79902512185976,13.043478260869565,20,22,3,0,19,22,21416,1,0,0,1,0
2020-06-17,US,Illinois,Ford,22,1,0,40.59706922,-88.22350769,17053.0,169.73998919836433,4.545454545454546,21,22,1,0,21,22,13264,0,0,0,0,0
2020-06-17,US,Illinois,Franklin,12,0,0,37.99189086,-88.92567818,17055.0,31.19394837401544,0.0,12,12,0,0,12,12,38701,0,0,0,0,0
2020-06-17,US,Illinois,Fulton,11,0,0,40.47289135,-90.20862357,17057.0,32.032615026208504,0.0,11,12,0,0,12,12,34844,-1,0,0,-1,0
2020-06-17,US,Illinois,Gallatin,2,0,0,37.76430935,-88.22953869,17059.0,41.42502071251035,0.0,2,2,0,0,2,2,5058,0,0,0,0,0
2020-06-17,US,Illinois,Greene,8,0,0,39.35907414,-90.388865,17061.0,61.68555786876398,0.0,8,8,0,0,8,7,13044,0,0,0,0,1
2020-06-17,US,Illinois,Grundy,133,2,0,41.28569601,-88.41905692,17063.0,260.5084812159674,1.5037593984962403,131,129,2,0,127,129,50972,4,0,0,4,0
2020-06-17,US,Illinois,Hamilton,2,0,0,38.08163641,-88.53883373,17065.0,24.64268112370626,0.0,2,2,0,0,2,2,8163,0,0,0,0,0
2020-06-17,US,Illinois,Hancock,18,1,0,40.40423981,-91.16313899,17067.0,101.6489722159476,5.5555555555555545,17,18,1,0,17,18,17844,0,0,0,0,0
2020-06-17,US,Illinois,Hardin,1,0,0,37.51810645,-88.26873022,17069.0,26.17115938236064,0.0,1,1,0,0,1,1,3910,0,0,0,0,0
2020-06-17,US,Illinois,Henderson,8,0,0,40.81908672,-90.92491462,17071.0,120.37315678603672,0.0,8,8,0,0,8,8,6709,0,0,0,0,0
2020-06-17,US,Illinois,Henry,71,1,0,41.3533994,-90.13296166,17073.0,145.1556845828307,1.4084507042253518,70,72,1,0,71,72,49090,-1,0,0,-1,0
2020-06-17,US,Illinois,Iroquois,142,5,0,40.74717633,-87.82466784,17075.0,523.7146861400015,3.5211267605633805,137,139,5,0,134,138,27604,3,0,0,3,1
2020-06-17,US,Illinois,Jackson,321,18,0,37.78595185,-89.38232563,17077.0,565.6387665198238,5.607476635514018,303,320,15,0,305,317,57419,1,3,0,-2,3
2020-06-17,US,Illinois,Jasper,46,7,0,39.01054275,-88.15437049,17079.0,478.6680541103018,15.217391304347824,39,46,7,0,39,46,9611,0,0,0,0,0
2020-06-17,US,Illinois,Jefferson,104,16,0,38.29980057,-88.9240025,17081.0,275.97919541449954,15.384615384615385,88,104,16,0,88,104,37820,0,0,0,0,0
2020-06-17,US,Illinois,Jersey,29,1,0,39.08869046,-90.35393073,17083.0,133.19248610664584,3.4482758620689653,28,29,1,0,28,28,21847,0,0,0,0,1
2020-06-17,US,Illinois,Jo Daviess,35,1,0,42.36542373,-90.21094405,17085.0,164.82222745467388,2.8571428571428568,34,35,1,0,34,34,21366,0,0,0,0,1
2020-06-17,US,Illinois,Johnson,20,0,0,37.45939802,-88.88165419,17087.0,161.0695014898929,0.0,20,19,0,0,19,19,12456,1,0,0,1,0
2020-06-17,US,Illinois,Kane,7202,236,0,41.93842729,-88.42861412,17089.0,1352.7346765514094,3.2768675367953346,6966,7167,232,0,6935,7128,534216,35,4,0,31,39
2020-06-17,US,Illinois,Kankakee,1109,60,0,41.13746989,-87.86205334,17091.0,1009.4482168538713,5.410279531109107,1049,1096,59,0,1037,1071,110024,13,1,0,12,25
2020-06-17,US,Illinois,Kendall,897,20,0,41.59081014,-88.42869583,17093.0,695.4027443987906,2.2296544035674466,877,891,19,0,872,881,127915,6,1,0,5,10
2020-06-17,US,Illinois,Knox,113,0,0,40.93148779,-90.21330340000002,17095.0,227.36875993480754,0.0,113,113,0,0,113,113,50112,0,0,0,0,0
2020-06-17,US,Illinois,LaSalle,183,16,0,41.34426129999999,-88.88633881,17099.0,168.40129199679762,8.743169398907106,167,183,16,0,167,181,109430,0,0,0,0,2
2020-06-17,US,Illinois,Lake,9154,389,0,42.3224907,-88.00367925,17097.0,1314.2196730961114,4.249508411623333,8765,9133,386,0,8747,9109,700832,21,3,0,18,24
2020-06-17,US,Illinois,Lawrence,4,0,0,38.71987914,-87.72884035,17101.0,25.513458349279247,0.0,4,4,0,0,4,4,15765,0,0,0,0,0
2020-06-17,US,Illinois,Lee,90,1,0,41.74583951,-89.29977132,17103.0,263.9605818864383,1.1111111111111112,89,89,1,0,88,89,34223,1,0,0,1,0
2020-06-17,US,Illinois,Livingston,35,2,0,40.89188292,-88.55784752,17105.0,98.18222621184921,5.7142857142857135,33,35,2,0,33,37,35761,0,0,0,0,-2
2020-06-17,US,Illinois,Logan,11,0,0,40.12581572,-89.36638784,17107.0,38.43734712418758,0.0,11,11,0,0,11,11,28925,0,0,0,0,0
2020-06-17,US,Illinois,Macon,213,21,0,39.86064913,-88.96342505,17115.0,204.78997009874146,9.859154929577462,192,212,21,0,191,209,104712,1,0,0,1,3
2020-06-17,US,Illinois,Macoupin,45,3,0,39.26119767,-89.92424028,17117.0,100.16471530962026,6.666666666666668,42,45,2,0,43,45,45313,0,1,0,-1,0
2020-06-17,US,Illinois,Madison,750,66,0,38.83042506,-89.90422563,17119.0,285.20797365438875,8.8,684,740,66,0,674,733,264461,10,0,0,10,7
2020-06-17,US,Illinois,Marion,55,0,0,38.64963204,-88.91899208,17121.0,147.82959279666713,0.0,55,55,0,0,55,55,37620,0,0,0,0,0
2020-06-17,US,Illinois,Marshall,5,0,0,41.0327901,-89.34510444,17123.0,43.7139360027977,0.0,5,5,0,0,5,5,11534,0,0,0,0,0
2020-06-17,US,Illinois,Mason,18,0,0,40.23917274,-89.91824452,17125.0,134.74062429822592,0.0,18,18,0,0,18,18,13565,0,0,0,0,0
2020-06-17,US,Illinois,Massac,7,0,0,37.22078441,-88.71036614,17127.0,50.827766482718566,0.0,7,7,0,0,7,7,14080,0,0,0,0,0
2020-06-17,US,Illinois,McDonough,100,15,0,40.45674722,-90.67775541,17109.0,336.9045212586753,15.0,85,103,15,0,88,103,29955,-3,0,0,-3,0
2020-06-17,US,Illinois,McHenry,1872,88,0,42.32451172,-88.45248227,17111.0,608.2385126748849,4.700854700854701,1784,1864,86,0,1778,1856,308570,8,2,0,6,8
2020-06-17,US,Illinois,McLean,246,13,0,40.48996987,-88.84621113,17113.0,143.42601608003872,5.284552845528455,233,243,13,0,230,241,172828,3,0,0,3,2
2020-06-17,US,Illinois,Menard,23,0,0,40.02742725,-89.80246001,17129.0,188.58642177763198,0.0,23,23,0,0,23,23,12288,0,0,0,0,0
2020-06-17,US,Illinois,Mercer,19,0,0,41.20596782,-90.74290052,17131.0,123.0809095031418,0.0,19,19,0,0,19,19,15601,0,0,0,0,0
2020-06-17,US,Illinois,Monroe,109,12,0,38.27594376,-90.17761038,17133.0,314.692380979877,11.009174311926603,97,111,12,0,99,112,34335,-2,0,0,-2,-1
2020-06-17,US,Illinois,Montgomery,41,1,0,39.23198845,-89.47809254,17135.0,144.29506581262757,2.4390243902439024,40,42,1,0,41,42,28601,-1,0,0,-1,0
2020-06-17,US,Illinois,Morgan,110,2,0,39.71654544,-90.20255104,17137.0,326.81680432586614,1.818181818181818,108,108,2,0,106,106,33976,2,0,0,2,2
2020-06-17,US,Illinois,Moultrie,16,0,0,39.64187451,-88.62099969,17139.0,110.33721812288807,0.0,16,15,0,0,15,15,14717,1,0,0,1,0
2020-06-17,US,Illinois,Ogle,230,4,0,42.04165196,-89.32184679,17141.0,454.15950871788806,1.7391304347826086,226,229,4,0,225,227,50923,1,0,0,1,2
2020-06-17,US,Illinois,Out of IL,58,0,0,0.0,0.0,80017.0,0.0,0.0,58,111,1,0,110,114,,-53,-1,0,-52,-3
2020-06-17,US,Illinois,Peoria,405,21,0,40.78702156,-89.76078901,17143.0,226.03095228793552,5.185185185185184,384,397,20,0,377,395,180621,8,1,0,7,2
2020-06-17,US,Illinois,Perry,44,0,0,38.08510853,-89.36856219,17145.0,210.36527060623447,0.0,44,44,0,0,44,44,21174,0,0,0,0,0
2020-06-17,US,Illinois,Piatt,14,0,0,40.01360584,-88.59319339,17147.0,85.65834557023985,0.0,14,11,0,0,11,11,16396,3,0,0,3,0
2020-06-17,US,Illinois,Pike,2,0,0,39.62265059,-90.8877017,17149.0,12.852644431591802,0.0,2,2,0,0,2,2,15611,0,0,0,0,0
2020-06-17,US,Illinois,Pope,1,0,0,37.41391284,-88.56152109,17151.0,23.94062724443381,0.0,1,1,0,0,1,1,4212,0,0,0,0,0
2020-06-17,US,Illinois,Pulaski,62,0,0,37.22631423,-89.13085001,17153.0,1162.1368322399248,0.0,62,61,0,0,61,59,5463,1,0,0,1,2
2020-06-17,US,Illinois,Putnam,1,0,0,41.2013541,-89.2869272,17155.0,17.424638438752392,0.0,1,1,0,0,1,1,5740,0,0,0,0,0
2020-06-17,US,Illinois,Randolph,279,7,0,38.05095369,-89.82512254,17157.0,877.8553898433075,2.508960573476702,272,279,7,0,272,278,32106,0,0,0,0,1
2020-06-17,US,Illinois,Richland,4,0,0,38.71240969,-88.08475366,17159.0,25.78482563011668,0.0,4,4,0,0,4,4,15763,0,0,0,0,0
2020-06-17,US,Illinois,Rock Island,760,28,0,41.46613806,-90.57042164,17161.0,535.667716857322,3.684210526315789,732,757,28,0,729,757,143477,3,0,0,3,0
2020-06-17,US,Illinois,Saline,7,0,0,37.75332999,-88.54119706,17165.0,29.798646290068536,0.0,7,7,0,0,7,7,23906,0,0,0,0,0
2020-06-17,US,Illinois,Sangamon,382,31,0,39.75836914,-89.65872023,17167.0,196.22750061642148,8.115183246073299,351,382,31,0,351,382,195348,0,0,0,0,0
2020-06-17,US,Illinois,Schuyler,13,0,0,40.1571798,-90.61114163,17169.0,192.08037825059105,0.0,13,13,0,0,13,13,6907,0,0,0,0,0
2020-06-17,US,Illinois,Shelby,16,1,0,39.39133527,-88.80611122,17173.0,73.95765924008505,6.25,15,16,1,0,15,16,21741,0,0,0,0,0
2020-06-17,US,Illinois,St. Clair,1520,122,0,38.46996033,-89.93063427,17163.0,585.3222738230016,8.026315789473685,1398,1492,117,0,1375,1465,261059,28,5,0,23,27
2020-06-17,US,Illinois,Stark,3,0,0,41.09309773,-89.79745866,17175.0,56.15874204417821,0.0,3,3,0,0,3,3,5427,0,0,0,0,0
2020-06-17,US,Illinois,Stephenson,233,5,0,42.35129217,-89.662598,17177.0,523.6190390579352,2.145922746781116,228,231,5,0,226,231,44753,2,0,0,2,0
2020-06-17,US,Illinois,Tazewell,97,7,0,40.50716185,-89.51404662,17179.0,73.59468297383216,7.216494845360825,90,95,6,0,89,92,132328,2,1,0,1,3
2020-06-17,US,Illinois,Unassigned,44,0,0,0.0,0.0,90017.0,0.0,0.0,44,49,0,0,49,45,,-5,0,0,-5,4
2020-06-17,US,Illinois,Union,174,18,0,37.47119609,-89.25548938,17181.0,1044.8567825617006,10.344827586206897,156,174,17,0,157,174,16841,0,1,0,-1,0
2020-06-17,US,Illinois,Vermilion,47,2,0,40.18417171,-87.73384359,17183.0,62.03965257794557,4.25531914893617,45,46,1,0,45,44,76806,1,1,0,0,2
2020-06-17,US,Illinois,Wabash,14,0,0,38.44272901,-87.84922065,17185.0,121.52777777777777,0.0,14,14,0,0,14,13,11549,0,0,0,0,1
2020-06-17,US,Illinois,Warren,127,0,0,40.84925021,-90.6147432,17187.0,753.9776775112799,0.0,127,127,0,0,127,127,17032,0,0,0,0,0
2020-06-17,US,Illinois,Washington,19,0,0,38.35309213,-89.40982703,17189.0,136.81860733059696,0.0,19,19,0,0,19,19,13995,0,0,0,0,0
2020-06-17,US,Illinois,Wayne,9,1,0,38.42955355,-88.42586459,17191.0,55.50416281221092,11.111111111111109,8,9,1,0,8,9,16332,0,0,0,0,0
2020-06-17,US,Illinois,White,3,0,0,38.08706198,-88.17657461,17193.0,22.16148334195169,0.0,3,3,0,0,3,3,13665,0,0,0,0,0
2020-06-17,US,Illinois,Whiteside,163,15,0,41.75509713,-89.91556058,17195.0,295.42365201631173,9.202453987730062,148,163,15,0,148,163,55626,0,0,0,0,0
2020-06-17,US,Illinois,Will,6222,308,0,41.44619267,-87.97862712,17197.0,900.7691717469451,4.9501767920282855,5914,6191,302,0,5889,6158,692310,31,6,0,25,33
2020-06-17,US,Illinois,Williamson,89,3,0,37.73033511,-88.92994027,17199.0,133.63965343784255,3.3707865168539324,86,87,3,0,84,86,67056,2,0,0,2,1
2020-06-17,US,Illinois,Winnebago,2776,81,0,42.33641854,-89.16085327,17201.0,982.4044845207593,2.917867435158501,2695,2763,79,0,2684,2744,284081,13,2,0,11,19
2020-06-17,US,Illinois,Woodford,28,2,0,40.78579374,-89.20973757,17203.0,72.80480511713773,7.142857142857142,26,28,2,0,26,27,38463,0,0,0,0,1
2020-06-17,US,Indiana,Adams,28,1,0,40.7457653,-84.93671406,18001.0,78.26257092545491,3.571428571428572,27,28,1,0,27,27,35636,0,0,0,0,1
2020-06-17,US,Indiana,Allen,2277,90,0,41.09194313,-85.06800636,18003.0,600.3179549642894,3.9525691699604737,2187,2261,87,0,2174,2224,375351,16,3,0,13,37
2020-06-17,US,Indiana,Bartholomew,561,42,0,39.20744865,-85.89558181,18005.0,669.6188782391769,7.4866310160427805,519,558,42,0,516,554,82753,3,0,0,3,4
2020-06-17,US,Indiana,Benton,37,0,0,40.60626947,-87.31093999,18007.0,422.95381801554635,0.0,37,38,0,0,38,37,8653,-1,0,0,-1,1
2020-06-17,US,Indiana,Blackford,31,2,0,40.47388153,-85.32499702,18009.0,263.6502806599762,6.451612903225807,29,29,2,0,27,29,11930,2,0,0,2,0
2020-06-17,US,Indiana,Boone,383,39,0,40.0509304,-86.46841646,18011.0,564.5387143846822,10.182767624020887,344,382,38,0,344,386,66999,1,1,0,0,-4
2020-06-17,US,Indiana,Brown,36,1,0,39.19605589,-86.22868909,18013.0,238.53697323085083,2.7777777777777777,35,36,1,0,35,36,15234,0,0,0,0,0
2020-06-17,US,Indiana,Carroll,102,2,0,40.580783200000006,-86.56198812,18015.0,503.5296440736536,1.96078431372549,100,102,2,0,100,101,20127,0,0,0,0,1
2020-06-17,US,Indiana,Cass,1608,9,0,40.76135835,-86.34830753,18017.0,4266.496855846533,0.5597014925373134,1599,1608,9,0,1599,1606,37955,0,0,0,0,2
2020-06-17,US,Indiana,Clark,581,43,0,38.48015445,-85.70510334,18019.0,491.1159574647935,7.401032702237521,538,577,42,0,535,568,117360,4,1,0,3,9
2020-06-17,US,Indiana,Clay,56,3,0,39.39561833,-87.11723506,18021.0,213.53670162059106,5.357142857142857,53,56,3,0,53,56,26170,0,0,0,0,0
2020-06-17,US,Indiana,Clinton,262,1,0,40.30319754,-86.47277257,18023.0,808.6669341646347,0.3816793893129771,261,261,1,0,260,262,32250,1,0,0,1,-1
2020-06-17,US,Indiana,Crawford,27,0,0,38.28814402,-86.44518825,18025.0,255.27087075730358,0.0,27,27,0,0,27,27,10558,0,0,0,0,0
2020-06-17,US,Indiana,Daviess,128,16,0,38.70186039,-87.07185406,18027.0,383.7965878084616,12.5,112,126,16,0,110,123,33147,2,0,0,2,3
2020-06-17,US,Indiana,DeKalb,123,3,0,41.39804622,-84.99906934,18033.0,282.9212190914318,2.4390243902439024,120,123,3,0,120,121,43226,0,0,0,0,2
2020-06-17,US,Indiana,Dearborn,180,22,0,39.14647946,-84.97333539,18029.0,363.94516559505036,12.222222222222221,158,180,22,0,158,179,49568,0,0,0,0,1
2020-06-17,US,Indiana,Decatur,238,32,0,39.30712658,-85.50087166,18031.0,896.1180767348168,13.445378151260504,206,237,32,0,205,237,26794,1,0,0,1,0
2020-06-17,US,Indiana,Delaware,403,44,0,40.22787247,-85.39732772,18035.0,353.09063827923075,10.918114143920596,359,402,44,0,358,402,114772,1,0,0,1,0
2020-06-17,US,Indiana,Dubois,243,5,0,38.36597551,-86.87924170000002,18037.0,568.6072631973044,2.05761316872428,238,242,5,0,237,241,42565,1,0,0,1,1
2020-06-17,US,Indiana,Elkhart,2280,35,0,41.59761169,-85.85875695,18039.0,1104.967020611512,1.5350877192982455,2245,2248,35,0,2213,2168,205560,32,0,0,32,80
2020-06-17,US,Indiana,Fayette,85,7,0,39.63684962,-85.17797541,18041.0,367.9335122500216,8.235294117647058,78,84,7,0,77,84,23047,1,0,0,1,0
2020-06-17,US,Indiana,Floyd,338,42,0,38.32117957,-85.90385377,18043.0,430.4526120068261,12.426035502958579,296,337,42,0,295,335,77781,1,0,0,1,2
2020-06-17,US,Indiana,Fountain,24,2,0,40.12361933,-87.24217689,18045.0,146.82491129328275,8.333333333333334,22,24,2,0,22,24,16351,0,0,0,0,0
2020-06-17,US,Indiana,Franklin,120,8,0,39.4142482,-85.06062647,18047.0,527.2871078302136,6.666666666666668,112,120,8,0,112,120,22736,0,0,0,0,0
2020-06-17,US,Indiana,Fulton,56,1,0,41.0469907,-86.26252745,18049.0,280.3644738159608,1.7857142857142858,55,56,1,0,55,55,20092,0,0,0,0,1
2020-06-17,US,Indiana,Gibson,24,2,0,38.30393723,-87.58054938,18051.0,71.30336611307527,8.333333333333334,22,24,2,0,22,24,33452,0,0,0,0,0
2020-06-17,US,Indiana,Grant,265,24,0,40.51587228,-85.65468702,18053.0,402.92539038148664,9.056603773584905,241,264,24,0,240,262,65936,1,0,0,1,2
2020-06-17,US,Indiana,Greene,182,29,0,39.03630547,-86.96223202,18055.0,570.1397155566692,15.934065934065936,153,181,29,0,152,181,32006,1,0,0,1,0
2020-06-17,US,Indiana,Hamilton,1371,96,0,40.07306535,-86.05244729,18057.0,405.60810151148934,7.002188183807441,1275,1368,96,0,1272,1357,330086,3,0,0,3,11
2020-06-17,US,Indiana,Hancock,382,30,0,39.82304555,-85.77566351,18059.0,488.69102446013716,7.853403141361255,352,381,29,0,352,386,76351,1,1,0,0,-5
2020-06-17,US,Indiana,Harrison,200,22,0,38.19467379,-86.10948271,18061.0,493.6443292607676,11.0,178,199,22,0,177,198,40350,1,0,0,1,1
2020-06-17,US,Indiana,Hendricks,1283,93,0,39.76719009,-86.51037283,18063.0,753.3277357305167,7.248636009353079,1190,1281,92,0,1189,1276,167009,2,1,0,1,5
2020-06-17,US,Indiana,Henry,204,15,0,39.93029017,-85.39625719,18065.0,425.248061369132,7.352941176470589,189,204,14,0,190,204,48271,0,1,0,-1,0
2020-06-17,US,Indiana,Howard,479,47,0,40.48527731,-86.11351892,18067.0,580.2965691025393,9.812108559498958,432,476,47,0,429,472,82366,3,0,0,3,4
2020-06-17,US,Indiana,Huntington,55,2,0,40.82907273,-85.48822092,18069.0,150.60240963855418,3.636363636363636,53,55,2,0,53,52,36240,0,0,0,0,3
2020-06-17,US,Indiana,Jackson,422,2,0,38.90915820000001,-86.03851889,18071.0,954.0819787027198,0.4739336492890995,420,421,2,0,419,419,44111,1,0,0,1,2
2020-06-17,US,Indiana,Jasper,86,1,0,41.02078733,-87.11553319,18073.0,256.24217865443063,1.162790697674419,85,85,1,0,84,84,33370,1,0,0,1,1
2020-06-17,US,Indiana,Jay,64,0,0,40.43781032,-85.00576229,18075.0,313.17283225680166,0.0,64,62,0,0,62,62,20764,2,0,0,2,0
2020-06-17,US,Indiana,Jefferson,54,1,0,38.78576239,-85.43633383,18077.0,167.14126532128262,1.851851851851852,53,53,1,0,52,53,32208,1,0,0,1,0
2020-06-17,US,Indiana,Jennings,142,4,0,38.99588883,-85.62710784,18079.0,511.9884622318371,2.8169014084507036,138,142,4,0,138,142,27611,0,0,0,0,0
2020-06-17,US,Indiana,Johnson,1177,115,0,39.48994426,-86.10149107,18081.0,744.150170389525,9.770603228547154,1062,1174,115,0,1059,1172,156225,3,0,0,3,2
2020-06-17,US,Indiana,Knox,38,0,0,38.68861576,-87.4194665,18083.0,103.84215991692629,0.0,38,37,0,0,37,35,36895,1,0,0,1,2
2020-06-17,US,Indiana,Kosciusko,335,2,0,41.24521668,-85.86312322,18085.0,421.6169955698752,0.5970149253731343,333,330,2,0,328,311,79344,5,0,0,5,19
2020-06-17,US,Indiana,LaGrange,320,2,0,41.64232188,-85.42674232,18087.0,807.7952239107386,0.625,318,294,2,0,292,277,39330,26,0,0,26,17
2020-06-17,US,Indiana,LaPorte,473,25,0,41.54366008,-86.74072188,18091.0,430.43826441467684,5.2854122621564485,448,471,24,0,447,470,110007,2,1,0,1,1
2020-06-17,US,Indiana,Lake,4222,231,0,41.41874274,-87.38277575,18089.0,869.6314879926178,5.471340596873519,3991,4211,230,0,3981,4172,484411,11,1,0,10,39
2020-06-17,US,Indiana,Lawrence,186,24,0,38.84112637,-86.48361629,18093.0,409.9625303063698,12.903225806451614,162,182,24,0,158,182,45668,4,0,0,4,0
2020-06-17,US,Indiana,Madison,615,62,0,40.16143691,-85.71964711,18095.0,474.6505722819501,10.08130081300813,553,615,62,0,553,614,129641,0,0,0,0,1
2020-06-17,US,Indiana,Marion,10862,657,0,39.78163624,-86.13826325,18097.0,1126.0836300076096,6.048609832443381,10205,10834,654,0,10180,10788,954670,28,3,0,25,46
2020-06-17,US,Indiana,Marshall,322,3,0,41.32467367,-86.26185087,18099.0,696.0958104544078,0.9316770186335404,319,315,3,0,312,305,46248,7,0,0,7,10
2020-06-17,US,Indiana,Martin,16,0,0,38.7099921,-86.80373186,18101.0,156.0214529497806,0.0,16,16,0,0,16,16,10217,0,0,0,0,0
2020-06-17,US,Indiana,Miami,177,1,0,40.76940965,-86.04525048,18103.0,498.3669332131997,0.5649717514124294,176,176,1,0,175,170,35567,1,0,0,1,6
2020-06-17,US,Indiana,Monroe,202,23,0,39.16130004,-86.52414358,18105.0,136.09016984322682,11.386138613861384,179,190,18,0,172,188,146917,12,5,0,7,2
2020-06-17,US,Indiana,Montgomery,268,19,0,40.04034823,-86.89335024,18107.0,699.0453336115602,7.08955223880597,249,267,19,0,248,266,38346,1,0,0,1,1
2020-06-17,US,Indiana,Morgan,300,30,0,39.47899078,-86.44573375,18109.0,425.5983203052959,10.0,270,300,29,0,271,299,70116,0,1,0,-1,1
2020-06-17,US,Indiana,Newton,88,10,0,40.95610449,-87.39635768,18111.0,629.2906178489702,11.363636363636365,78,88,10,0,78,88,14011,0,0,0,0,0
2020-06-17,US,Indiana,Noble,346,27,0,41.39672484,-85.41966713,18113.0,724.6983914209115,7.803468208092487,319,341,27,0,314,337,47532,5,0,0,5,4
2020-06-17,US,Indiana,Ohio,13,0,0,38.955305,-84.96515993,18115.0,221.27659574468086,0.0,13,13,0,0,13,13,5844,0,0,0,0,0
2020-06-17,US,Indiana,Orange,132,23,0,38.54118920000001,-86.49523093,18117.0,671.8924972004478,17.424242424242426,109,132,23,0,109,132,19489,0,0,0,0,0
2020-06-17,US,Indiana,Owen,39,1,0,39.31145587,-86.83900724,18119.0,187.50901485648345,2.5641025641025643,38,37,1,0,36,37,20845,2,0,0,2,0
2020-06-17,US,Indiana,Parke,20,0,0,39.77202286,-87.20375833,18121.0,118.08466670602822,0.0,20,20,0,0,20,20,16927,0,0,0,0,0
2020-06-17,US,Indiana,Perry,94,1,0,38.07809328,-86.63741946,18123.0,490.3750847722886,1.0638297872340423,93,92,1,0,91,92,19102,2,0,0,2,0
2020-06-17,US,Indiana,Pike,6,0,0,38.40112197,-87.23574907,18125.0,48.43005892323836,0.0,6,6,0,0,6,6,12410,0,0,0,0,0
2020-06-17,US,Indiana,Porter,597,35,0,41.45986947,-87.06848888,18127.0,350.37473076313614,5.8626465661641545,562,593,34,0,559,589,169594,4,1,0,3,4
2020-06-17,US,Indiana,Posey,22,0,0,38.02097333,-87.86480429,18129.0,86.52220081016243,0.0,22,20,0,0,20,19,25540,2,0,0,2,1
2020-06-17,US,Indiana,Pulaski,53,1,0,41.04166107,-86.69890683,18131.0,429.04557597344774,1.8867924528301887,52,53,1,0,52,53,12469,0,0,0,0,0
2020-06-17,US,Indiana,Putnam,158,8,0,39.66437981,-86.84517605,18133.0,420.4811581860762,5.063291139240507,150,159,8,0,151,156,37779,-1,0,0,-1,3
2020-06-17,US,Indiana,Randolph,68,3,0,40.15734772,-85.01139319,18135.0,275.69430366916686,4.411764705882354,65,68,3,0,65,68,24851,0,0,0,0,0
2020-06-17,US,Indiana,Ripley,111,6,0,39.10235626,-85.26212744,18137.0,391.8938003106906,5.405405405405406,105,111,6,0,105,109,28523,0,0,0,0,2
2020-06-17,US,Indiana,Rush,51,3,0,39.62002287,-85.4655599,18139.0,307.58096616609373,5.882352941176472,48,51,3,0,48,51,16663,0,0,0,0,0
2020-06-17,US,Indiana,Scott,145,4,0,38.68672078,-85.74627859,18143.0,607.380722992502,2.7586206896551726,141,146,3,0,143,144,23878,-1,1,0,-2,2
2020-06-17,US,Indiana,Shelby,408,23,0,39.52305623,-85.79158570000001,18145.0,912.1598962641687,5.637254901960786,385,408,23,0,385,406,44593,0,0,0,0,2
2020-06-17,US,Indiana,Spencer,23,1,0,38.01519732,-87.0079644,18147.0,113.42900823593234,4.3478260869565215,22,23,1,0,22,23,20327,0,0,0,0,0
2020-06-17,US,Indiana,St. Joseph,1583,53,0,41.61756781,-86.29040834,18141.0,582.3578318483147,3.3480732785849647,1530,1571,51,0,1520,1552,270771,12,2,0,10,19
2020-06-17,US,Indiana,Starke,55,3,0,41.27890281,-86.64686895,18149.0,239.18243096325287,5.454545454545454,52,54,3,0,51,52,22935,1,0,0,1,2
2020-06-17,US,Indiana,Steuben,107,2,0,41.64423868,-85.00101094,18151.0,309.30219113141015,1.8691588785046729,105,106,2,0,104,105,34586,1,0,0,1,1
2020-06-17,US,Indiana,Sullivan,41,1,0,39.08952258,-87.41414469,18153.0,198.36470075959167,2.4390243902439024,40,41,1,0,40,41,20690,0,0,0,0,0
2020-06-17,US,Indiana,Switzerland,22,0,0,38.82767338,-85.03022429,18155.0,204.63212724397732,0.0,22,22,0,0,22,22,10717,0,0,0,0,0
2020-06-17,US,Indiana,Tippecanoe,497,6,0,40.38872739,-86.89413959,18157.0,253.91862342386528,1.2072434607645874,491,492,5,0,487,491,193048,5,1,0,4,1
2020-06-17,US,Indiana,Tipton,28,1,0,40.31123252,-86.05234925,18159.0,184.8428835489834,3.571428571428572,27,28,1,0,27,28,15128,0,0,0,0,0
2020-06-17,US,Indiana,Unassigned,0,186,0,0.0,0.0,90018.0,0.0,0.0,-186,0,182,0,-182,0,,0,4,0,-4,0
2020-06-17,US,Indiana,Union,12,0,0,39.62550777,-84.92497066,18161.0,170.1162461015027,0.0,12,12,0,0,12,12,7037,0,0,0,0,0
2020-06-17,US,Indiana,Vanderburgh,335,5,0,38.02658833,-87.58763124,18163.0,184.62284583716817,1.492537313432836,330,329,5,0,324,330,180974,6,0,0,6,-1
2020-06-17,US,Indiana,Vermillion,12,0,0,39.8523352,-87.46160542,18165.0,77.42934572202864,0.0,12,12,0,0,12,11,15479,0,0,0,0,1
2020-06-17,US,Indiana,Vigo,202,8,0,39.42944561,-87.39169027,18167.0,188.7180253741662,3.96039603960396,194,201,8,0,193,200,107386,1,0,0,1,1
2020-06-17,US,Indiana,Wabash,88,2,0,40.84704239,-85.79328272,18169.0,283.9076009807717,2.272727272727273,86,88,2,0,86,88,31280,0,0,0,0,0
2020-06-17,US,Indiana,Warren,15,1,0,40.34728141,-87.35602659,18171.0,181.48820326678765,6.666666666666668,14,14,1,0,13,14,8263,1,0,0,1,0
2020-06-17,US,Indiana,Warrick,176,29,0,38.08922676,-87.2716085,18173.0,279.37394837931356,16.477272727272727,147,176,29,0,147,175,62567,0,0,0,0,1
2020-06-17,US,Indiana,Washington,59,1,0,38.60219804,-86.1049363,18175.0,210.4437152232844,1.6949152542372878,58,58,1,0,57,58,27943,1,0,0,1,0
2020-06-17,US,Indiana,Wayne,104,6,0,39.8633444,-85.01044989,18177.0,157.8531965272297,5.769230769230768,98,103,6,0,97,104,65936,1,0,0,1,-1
2020-06-17,US,Indiana,Wells,63,0,0,40.72934187,-85.22132966,18179.0,222.64631043257,0.0,63,62,0,0,62,56,28206,1,0,0,1,6
2020-06-17,US,Indiana,White,242,10,0,40.74911165,-86.86492015,18181.0,1004.066052609742,4.132231404958676,232,242,10,0,232,245,24133,0,0,0,0,-3
2020-06-17,US,Indiana,Whitley,65,3,0,41.13863784,-85.50791236,18183.0,191.37910729007183,4.615384615384615,62,64,3,0,61,64,34074,1,0,0,1,0
2020-06-17,US,Iowa,Adair,12,0,0,41.33075609,-94.47105874,19001.0,167.78523489932888,0.0,12,11,0,0,11,11,7063,1,0,0,1,0
2020-06-17,US,Iowa,Adams,8,0,0,41.02903567,-94.69932645,19003.0,222.0988339811216,0.0,8,8,0,0,8,8,3645,0,0,0,0,0
2020-06-17,US,Iowa,Allamakee,121,4,0,43.28383218,-91.37860922,19005.0,884.050558924527,3.3057851239669422,117,121,4,0,117,120,13832,0,0,0,0,1
2020-06-17,US,Iowa,Appanoose,17,3,0,40.74324454,-92.86865906,19007.0,136.80991469499438,17.647058823529417,14,17,3,0,14,17,12437,0,0,0,0,0
2020-06-17,US,Iowa,Audubon,14,1,0,41.6844628,-94.90581859,19009.0,254.7307132459971,7.142857142857142,13,14,1,0,13,14,5506,0,0,0,0,0
2020-06-17,US,Iowa,Benton,48,1,0,42.08011739,-92.06463573,19011.0,187.170988496783,2.083333333333333,47,46,1,0,45,46,25642,2,0,0,2,0
2020-06-17,US,Iowa,Black Hawk,1843,56,0,42.4704581,-92.30524729,19013.0,1404.4258847197245,3.0385241454150838,1787,1838,55,0,1783,1836,132408,5,1,0,4,2
2020-06-17,US,Iowa,Boone,101,1,0,42.03657094,-93.9313999,19015.0,384.99656933750094,0.99009900990099,100,101,1,0,100,101,26346,0,0,0,0,0
2020-06-17,US,Iowa,Bremer,75,6,0,42.77461496,-92.31795937,19017.0,299.2578405554225,8.0,69,74,6,0,68,74,24947,1,0,0,1,0
2020-06-17,US,Iowa,Buchanan,35,1,0,42.4709188,-91.83510825,19019.0,165.28925619834712,2.8571428571428568,34,35,1,0,34,35,21199,0,0,0,0,0
2020-06-17,US,Iowa,Buena Vista,1620,10,0,42.73545875,-95.15100162,19021.0,8256.880733944954,0.6172839506172839,1610,1600,8,0,1592,1595,19874,20,2,0,18,5
2020-06-17,US,Iowa,Butler,27,2,0,42.73172833,-92.79015971,19023.0,186.99355911074173,7.407407407407407,25,23,2,0,21,23,14539,4,0,0,4,0
2020-06-17,US,Iowa,Calhoun,24,0,0,42.38521079,-94.64046046,19025.0,248.24162184526276,0.0,24,24,0,0,24,24,9699,0,0,0,0,0
2020-06-17,US,Iowa,Carroll,57,1,0,42.03617207,-94.86032705,19027.0,282.66798909000744,1.7543859649122806,56,49,1,0,48,48,20154,8,0,0,8,1
2020-06-17,US,Iowa,Cass,14,0,0,41.33149454,-94.92792482,19029.0,109.06824555936429,0.0,14,14,0,0,14,14,12930,0,0,0,0,0
2020-06-17,US,Iowa,Cedar,54,1,0,41.77233777,-91.13246684,19031.0,289.9017555161862,1.851851851851852,53,54,1,0,53,54,18627,0,0,0,0,0
2020-06-17,US,Iowa,Cerro Gordo,48,1,0,43.08177563,-93.2612239,19033.0,113.07420494699646,2.083333333333333,47,48,1,0,47,44,42647,0,0,0,0,4
2020-06-17,US,Iowa,Cherokee,62,0,0,42.73538914,-95.62389402,19035.0,551.8469069870939,0.0,62,59,0,0,59,59,11321,3,0,0,3,0
2020-06-17,US,Iowa,Chickasaw,15,0,0,43.06001295,-92.31773347,19037.0,125.70183524679459,0.0,15,15,0,0,15,15,11964,0,0,0,0,0
2020-06-17,US,Iowa,Clarke,89,1,0,41.02868181,-93.78499767,19039.0,947.3124002128792,1.1235955056179776,88,89,1,0,88,89,9423,0,0,0,0,0
2020-06-17,US,Iowa,Clay,85,0,0,43.08247182,-95.15096481,19041.0,530.7192807192807,0.0,85,83,0,0,83,77,16134,2,0,0,2,6
2020-06-17,US,Iowa,Clayton,35,3,0,42.84443388,-91.34133693,19043.0,199.44156362185882,8.571428571428571,32,35,3,0,32,35,17556,0,0,0,0,0
2020-06-17,US,Iowa,Clinton,70,1,0,41.89981633,-90.53275096,19045.0,150.7678390661009,1.4285714285714286,69,68,1,0,67,68,46518,2,0,0,2,0
2020-06-17,US,Iowa,Crawford,628,2,0,42.03718237,-95.3819718,19047.0,3733.650416171225,0.3184713375796178,626,622,2,0,620,622,17158,6,0,0,6,0
2020-06-17,US,Iowa,Dallas,1038,28,0,41.68560356,-94.04127625,19049.0,1110.7187570222466,2.697495183044316,1010,1029,27,0,1002,1029,90180,9,1,0,8,0
2020-06-17,US,Iowa,Davis,34,1,0,40.74773536,-92.41005468,19051.0,377.77777777777777,2.9411764705882355,33,34,1,0,33,34,9017,0,0,0,0,0
2020-06-17,US,Iowa,Decatur,8,0,0,40.73742757,-93.78645949,19053.0,101.6518424396442,0.0,8,9,0,0,9,7,7890,-1,0,0,-1,2
2020-06-17,US,Iowa,Delaware,29,1,0,42.47104597,-91.3664492,19055.0,170.47792604785138,3.4482758620689653,28,27,1,0,26,27,17069,2,0,0,2,0
2020-06-17,US,Iowa,Des Moines,66,2,0,40.92012606,-91.18326592,19057.0,169.37408576487798,3.0303030303030303,64,66,2,0,64,66,39138,0,0,0,0,0
2020-06-17,US,Iowa,Dickinson,168,1,0,43.37787725,-95.1510206,19059.0,973.4615830339552,0.5952380952380952,167,158,0,0,158,151,17153,10,1,0,9,7
2020-06-17,US,Iowa,Dubuque,393,22,0,42.46815349,-90.88181925,19061.0,403.8597897462774,5.597964376590331,371,390,22,0,368,387,96854,3,0,0,3,3
2020-06-17,US,Iowa,Emmet,45,0,0,43.37782951,-94.67858943,19063.0,488.7054735013032,0.0,45,41,0,0,41,39,9253,4,0,0,4,2
2020-06-17,US,Iowa,Fayette,28,0,0,42.86271799,-91.84412309999999,19065.0,142.4936386768448,0.0,28,28,0,0,28,28,19660,0,0,0,0,0
2020-06-17,US,Iowa,Floyd,22,1,0,43.06000529999999,-92.78940097,19067.0,140.64697609001408,4.545454545454546,21,21,1,0,20,20,15761,1,0,0,1,1
2020-06-17,US,Iowa,Franklin,51,0,0,42.73270384,-93.26256925,19069.0,506.454816285998,0.0,51,50,0,0,50,49,10124,1,0,0,1,1
2020-06-17,US,Iowa,Fremont,4,0,0,40.74542720000001,-95.60129045,19071.0,57.4712643678161,0.0,4,4,0,0,4,4,6993,0,0,0,0,0
2020-06-17,US,Iowa,Greene,23,0,0,42.03614551,-94.39658081,19073.0,258.7758775877588,0.0,23,21,0,0,21,21,8981,2,0,0,2,0
2020-06-17,US,Iowa,Grundy,24,0,0,42.40183723,-92.78829551,19075.0,196.2066710268149,0.0,24,23,0,0,23,23,12304,1,0,0,1,0
2020-06-17,US,Iowa,Guthrie,60,3,0,41.68378965,-94.50111014,19077.0,561.3247263541961,5.0,57,59,3,0,56,59,10720,1,0,0,1,0
2020-06-17,US,Iowa,Hamilton,130,0,0,42.38382428,-93.70197703,19079.0,879.9837541460772,0.0,130,125,0,0,125,123,14952,5,0,0,5,2
2020-06-17,US,Iowa,Hancock,30,0,0,43.08178477,-93.73454884,19081.0,282.2201317027281,0.0,30,32,0,0,32,32,10712,-2,0,0,-2,0
2020-06-17,US,Iowa,Hardin,46,0,0,42.38353877,-93.23654611,19083.0,273.0618544461593,0.0,46,45,0,0,45,45,16868,1,0,0,1,0
2020-06-17,US,Iowa,Harrison,40,0,0,41.68330137,-95.81558439,19085.0,284.7177735070112,0.0,40,40,0,0,40,40,14134,0,0,0,0,0
2020-06-17,US,Iowa,Henry,75,3,0,40.98767962,-91.54436349,19087.0,375.8644883231432,4.0,72,74,2,0,72,74,20067,1,1,0,0,0
2020-06-17,US,Iowa,Howard,12,0,0,43.35671042,-92.31702714,19089.0,131.03297663245252,0.0,12,12,0,0,12,12,9187,0,0,0,0,0
2020-06-17,US,Iowa,Humboldt,34,1,0,42.7764426,-94.20722537,19091.0,355.7229545930111,2.9411764705882355,33,34,1,0,33,34,9547,0,0,0,0,0
2020-06-17,US,Iowa,Ida,19,0,0,42.38696136,-95.51355387,19093.0,276.9679300291545,0.0,19,18,0,0,18,18,6841,1,0,0,1,0
2020-06-17,US,Iowa,Iowa,35,0,0,41.68630265,-92.0643373,19095.0,216.26297577854672,0.0,35,34,0,0,34,34,16141,1,0,0,1,0
2020-06-17,US,Iowa,Jackson,14,0,0,42.17178824,-90.57354837,19097.0,72.02016564638099,0.0,14,14,0,0,14,14,19432,0,0,0,0,0
2020-06-17,US,Iowa,Jasper,286,17,0,41.68576082,-93.05567785,19099.0,769.1273362915152,5.944055944055943,269,282,17,0,265,282,37147,4,0,0,4,0
2020-06-17,US,Iowa,Jefferson,46,0,0,41.03192394,-91.94849466,19101.0,251.4348182563542,0.0,46,46,0,0,46,47,18381,0,0,0,0,-1
2020-06-17,US,Iowa,Johnson,668,8,0,41.67169354,-91.58754744,19103.0,441.97432843721054,1.1976047904191616,660,650,8,0,642,643,151260,18,0,0,18,7
2020-06-17,US,Iowa,Jones,41,0,0,42.12118609,-91.13139641,19105.0,198.24960108311973,0.0,41,41,0,0,41,41,20744,0,0,0,0,0
2020-06-17,US,Iowa,Keokuk,16,1,0,41.33649833,-92.1785067,19107.0,156.15850087839158,6.25,15,16,0,0,16,15,10225,0,1,0,-1,1
2020-06-17,US,Iowa,Kossuth,20,0,0,43.20405458,-94.20691791,19109.0,135.01653952609195,0.0,20,19,0,0,19,19,14908,1,0,0,1,0
2020-06-17,US,Iowa,Lee,40,1,0,40.64181461,-91.48183025,19111.0,118.84600528864723,2.5,39,40,1,0,39,40,34055,0,0,0,0,0
2020-06-17,US,Iowa,Linn,1036,80,0,42.07923082,-91.59809485,19113.0,456.979524141399,7.722007722007723,956,1021,80,0,941,1019,225909,15,0,0,15,2
2020-06-17,US,Iowa,Louisa,354,13,0,41.21842119,-91.26102611,19115.0,3207.974626189397,3.6723163841807906,341,355,12,0,343,355,11169,-1,1,0,-2,0
2020-06-17,US,Iowa,Lucas,25,3,0,41.02958964,-93.32780803,19117.0,290.6976744186046,12.0,22,25,3,0,22,25,8645,0,0,0,0,0
2020-06-17,US,Iowa,Lyon,32,0,0,43.38107862,-96.20926845,19119.0,272.2245852828584,0.0,32,31,0,0,31,31,11811,1,0,0,1,0
2020-06-17,US,Iowa,Madison,34,2,0,41.33081904,-94.01554631,19121.0,208.10380707552943,5.882352941176472,32,34,2,0,32,34,16249,0,0,0,0,0
2020-06-17,US,Iowa,Mahaska,108,15,0,41.33521503,-92.64083907,19123.0,488.7983706720978,13.888888888888891,93,108,15,0,93,108,22000,0,0,0,0,0
2020-06-17,US,Iowa,Marion,41,0,0,41.33445101,-93.09934783,19125.0,123.2971461221544,0.0,41,41,0,0,41,42,33407,0,0,0,0,-1
2020-06-17,US,Iowa,Marshall,944,18,0,42.03586837,-92.99908190000001,19127.0,2397.825700424192,1.9067796610169487,926,942,18,0,924,941,39981,2,0,0,2,1
2020-06-17,US,Iowa,Mills,24,0,0,41.03299766,-95.61920963,19129.0,158.84572109338802,0.0,24,24,0,0,24,24,15063,0,0,0,0,0
2020-06-17,US,Iowa,Mitchell,8,0,0,43.35638371,-92.78887719,19131.0,75.57150954090308,0.0,8,8,0,0,8,8,10569,0,0,0,0,0
2020-06-17,US,Iowa,Monona,52,0,0,42.05220391,-95.95743843,19133.0,603.5983749274521,0.0,52,49,0,0,49,49,8679,3,0,0,3,0
2020-06-17,US,Iowa,Monroe,48,6,0,41.02988815,-92.8690667,19135.0,622.8104320747373,12.5,42,47,6,0,41,47,7790,1,0,0,1,0
2020-06-17,US,Iowa,Montgomery,9,2,0,41.03018714,-95.15642896,19137.0,90.7532519915297,22.222222222222218,7,9,2,0,7,9,10003,0,0,0,0,0
2020-06-17,US,Iowa,Muscatine,575,43,0,41.48370744,-91.11216970000001,19139.0,1347.7404837802362,7.478260869565218,532,574,43,0,531,574,42929,1,0,0,1,0
2020-06-17,US,Iowa,O'Brien,68,1,0,43.08310673,-95.62474482,19141.0,494.43757725587153,1.4705882352941178,67,66,1,0,65,66,13840,2,0,0,2,0
2020-06-17,US,Iowa,Osceola,49,0,0,43.37824276,-95.62422844,19143.0,822.4236320913056,0.0,49,49,0,0,49,49,6040,0,0,0,0,0
2020-06-17,US,Iowa,Page,17,0,0,40.7393172,-95.1497813,19145.0,112.53061494671343,0.0,17,17,0,0,17,16,15249,0,0,0,0,1
2020-06-17,US,Iowa,Palo Alto,16,0,0,43.08193849,-94.67824621,19147.0,180.0585190186811,0.0,16,16,0,0,16,16,8929,0,0,0,0,0
2020-06-17,US,Iowa,Plymouth,205,4,0,42.737633,-96.21366621,19149.0,814.2352146800653,1.951219512195122,201,203,4,0,199,201,25095,2,0,0,2,2
2020-06-17,US,Iowa,Pocahontas,31,0,0,42.73420133,-94.67862564,19151.0,468.34869315606585,0.0,31,30,0,0,30,30,6740,1,0,0,1,0
2020-06-17,US,Iowa,Polk,5244,164,0,41.68679484,-93.57767461,19153.0,1069.8525586490966,3.1273836765827614,5080,5199,163,0,5036,5175,487204,45,1,0,44,24
2020-06-17,US,Iowa,Pottawattamie,532,11,0,41.33640314,-95.53907776,19155.0,570.7787052335686,2.0676691729323307,521,517,11,0,506,510,93533,15,0,0,15,7
2020-06-17,US,Iowa,Poweshiek,95,8,0,41.68625425,-92.53155731,19157.0,513.4025075659317,8.421052631578947,87,95,8,0,87,95,18699,0,0,0,0,0
2020-06-17,US,Iowa,Ringgold,9,0,0,40.73518949,-94.24368535,19159.0,183.89865140988965,0.0,9,8,0,0,8,8,4968,1,0,0,1,0
2020-06-17,US,Iowa,Sac,40,0,0,42.38624071,-95.10547892,19161.0,411.48030038061927,0.0,40,38,0,0,38,38,9719,2,0,0,2,0
2020-06-17,US,Iowa,Scott,413,10,0,41.63935978,-90.61959493,19163.0,238.80700577646968,2.4213075060532687,403,408,10,0,398,407,173283,5,0,0,5,1
2020-06-17,US,Iowa,Shelby,56,0,0,41.6850066,-95.31015553,19165.0,488.91217042081365,0.0,56,50,0,0,50,49,11578,6,0,0,6,1
2020-06-17,US,Iowa,Sioux,362,0,0,43.08221074,-96.17675679999999,19167.0,1038.5884378138,0.0,362,362,0,0,362,359,34909,0,0,0,0,3
2020-06-17,US,Iowa,Story,301,3,0,42.03621213,-93.46499005,19169.0,309.9354386976533,0.9966777408637874,298,259,3,0,256,255,98105,42,0,0,42,4
2020-06-17,US,Iowa,Tama,429,29,0,42.07991767,-92.53266945,19171.0,2545.3898184407267,6.759906759906759,400,429,29,0,400,429,16904,0,0,0,0,0
2020-06-17,US,Iowa,Taylor,74,0,0,40.73710579,-94.69778563,19173.0,1208.9527854925666,0.0,74,74,0,0,74,74,6191,0,0,0,0,0
2020-06-17,US,Iowa,Unassigned,5,0,0,0.0,0.0,90019.0,0.0,0.0,5,5,0,0,5,6,,0,0,0,0,-1
2020-06-17,US,Iowa,Union,11,0,0,41.0277278,-94.24234847,19175.0,89.86193938403727,0.0,11,10,0,0,10,10,12359,1,0,0,1,0
2020-06-17,US,Iowa,Van Buren,11,0,0,40.75326764,-91.95017958,19177.0,156.16127200454287,0.0,11,12,0,0,12,11,7020,-1,0,0,-1,1
2020-06-17,US,Iowa,Wapello,678,26,0,41.03064984,-92.40954728,19179.0,1938.860133260888,3.834808259587021,652,675,26,0,649,675,35205,3,0,0,3,0
2020-06-17,US,Iowa,Warren,200,1,0,41.33559454,-93.56007641,19181.0,388.6060700268138,0.5,199,197,1,0,196,197,51056,3,0,0,3,0
2020-06-17,US,Iowa,Washington,209,9,0,41.33577126,-91.71725711,19183.0,951.5137719098566,4.30622009569378,200,208,9,0,199,208,22141,1,0,0,1,0
2020-06-17,US,Iowa,Wayne,5,0,0,40.73969028,-93.32752197,19185.0,77.6276975624903,0.0,5,5,0,0,5,5,6401,0,0,0,0,0
2020-06-17,US,Iowa,Webster,103,1,0,42.42853483,-94.17987389,19187.0,286.87611408199643,0.9708737864077671,102,101,1,0,100,99,36277,2,0,0,2,2
2020-06-17,US,Iowa,Winnebago,13,0,0,43.37751174,-93.73407298,19189.0,125.55534093104114,0.0,13,13,0,0,13,13,10518,0,0,0,0,0
2020-06-17,US,Iowa,Winneshiek,24,0,0,43.29094334,-91.84422722,19191.0,120.05402431093992,0.0,24,24,0,0,24,24,20029,0,0,0,0,0
2020-06-17,US,Iowa,Woodbury,3026,41,0,42.38979414,-96.0459439,19193.0,2934.815288971651,1.3549239920687377,2985,3015,40,0,2975,3008,102539,11,1,0,10,7
2020-06-17,US,Iowa,Worth,5,0,0,43.37750768,-93.26087602,19195.0,67.74149844194554,0.0,5,5,0,0,5,4,7453,0,0,0,0,1
2020-06-17,US,Iowa,Wright,292,0,0,42.73305373,-93.73515113,19197.0,2324.470625696545,0.0,292,291,0,0,291,293,12690,1,0,0,1,-2
2020-06-17,US,Kansas,Allen,2,0,0,37.88582951,-95.30030847,20001.0,16.169455897809037,0.0,2,2,0,0,2,2,12444,0,0,0,0,0
2020-06-17,US,Kansas,Anderson,3,0,0,38.21413251,-95.29272815,20003.0,38.17765334690761,0.0,3,2,0,0,2,2,7878,1,0,0,1,0
2020-06-17,US,Kansas,Atchison,27,0,0,39.53185661,-95.30870026,20005.0,167.98357493933926,0.0,27,27,0,0,27,27,16193,0,0,0,0,0
2020-06-17,US,Kansas,Barber,1,0,0,37.2288586,-98.68460053,20007.0,22.588660492432798,0.0,1,1,0,0,1,1,4472,0,0,0,0,0
2020-06-17,US,Kansas,Barton,49,1,0,38.47889676,-98.75636726,20009.0,190.07719461577253,2.0408163265306123,48,49,1,0,48,49,26111,0,0,0,0,0
2020-06-17,US,Kansas,Bourbon,9,1,0,37.85508555,-94.84865997,20011.0,61.92376496490986,11.111111111111109,8,8,1,0,7,8,14653,1,0,0,1,0
2020-06-17,US,Kansas,Brown,10,0,0,39.82652589,-95.56421698,20013.0,104.55876202425765,0.0,10,10,0,0,10,10,9598,0,0,0,0,0
2020-06-17,US,Kansas,Butler,37,0,0,37.78134351,-96.83878537,20015.0,55.2973352662492,0.0,37,37,0,0,37,37,66765,0,0,0,0,0
2020-06-17,US,Kansas,Chase,3,0,0,38.30292938,-96.59563862,20017.0,113.2930513595166,0.0,3,3,0,0,3,3,2629,0,0,0,0,0
2020-06-17,US,Kansas,Chautauqua,4,0,0,37.14994405,-96.2454192,20019.0,123.07692307692308,0.0,4,4,0,0,4,4,3309,0,0,0,0,0
2020-06-17,US,Kansas,Cherokee,17,0,0,37.16928494,-94.8462897,20021.0,85.26004313155124,0.0,17,17,0,0,17,16,20015,0,0,0,0,1
2020-06-17,US,Kansas,Cheyenne,2,0,0,39.78580976,-101.7318201,20023.0,75.27286413248024,0.0,2,2,0,0,2,2,2660,0,0,0,0,0
2020-06-17,US,Kansas,Clark,34,1,0,37.23577007,-99.81883015,20025.0,1705.1153460381142,2.9411764705882355,33,34,1,0,33,34,2005,0,0,0,0,0
2020-06-17,US,Kansas,Clay,6,2,0,39.34948772,-97.16518128,20027.0,74.9812546863284,33.333333333333336,4,6,2,0,4,6,7997,0,0,0,0,0
2020-06-17,US,Kansas,Cloud,6,0,0,39.48028352,-97.64925343,20029.0,68.29046209879354,0.0,6,5,0,0,5,5,8729,1,0,0,1,0
2020-06-17,US,Kansas,Coffey,52,8,0,38.2365018,-95.73379515,20031.0,635.7745445653503,15.384615384615385,44,52,8,0,44,52,8233,0,0,0,0,0
2020-06-17,US,Kansas,Comanche,2,0,0,37.19114520000001,-99.27113247,20033.0,117.64705882352942,0.0,2,2,0,0,2,2,1748,0,0,0,0,0
2020-06-17,US,Kansas,Cowley,45,1,0,37.23781842,-96.83776647,20035.0,128.91027844620143,2.2222222222222223,44,41,1,0,40,41,35218,4,0,0,4,0
2020-06-17,US,Kansas,Crawford,156,1,0,37.50675523,-94.85245778,20037.0,401.87541862022766,0.6410256410256411,155,98,1,0,97,98,39019,58,0,0,58,0
2020-06-17,US,Kansas,Dickinson,6,1,0,38.86600962,-97.15532383,20041.0,32.492147730965016,16.666666666666668,5,6,1,0,5,6,18717,0,0,0,0,0
2020-06-17,US,Kansas,Doniphan,23,0,0,39.79067154,-95.14056866,20043.0,302.63157894736844,0.0,23,20,0,0,20,20,7682,3,0,0,3,0
2020-06-17,US,Kansas,Douglas,86,0,0,38.88503636,-95.2925121,20045.0,70.34246967503415,0.0,86,83,0,0,83,82,121436,3,0,0,3,1
2020-06-17,US,Kansas,Edwards,5,0,0,37.88735543,-99.31263309,20047.0,178.69907076483204,0.0,5,5,0,0,5,5,2849,0,0,0,0,0
2020-06-17,US,Kansas,Ellis,13,0,0,38.91458712,-99.31751551,20051.0,45.529366441354675,0.0,13,13,0,0,13,13,28710,0,0,0,0,0
2020-06-17,US,Kansas,Ellsworth,3,0,0,38.69677695,-98.20462799,20053.0,49.164208456243855,0.0,3,3,0,0,3,3,6196,0,0,0,0,0
2020-06-17,US,Kansas,Finney,1545,10,0,38.04340344,-100.73819379999999,20055.0,4236.70715989799,0.6472491909385113,1535,1543,10,0,1533,1540,36611,2,0,0,2,3
2020-06-17,US,Kansas,Ford,1873,8,0,37.69200114,-99.88825298,20057.0,5571.254350218625,0.4271222637479979,1865,1863,8,0,1855,1863,33888,10,0,0,10,0
2020-06-17,US,Kansas,Franklin,53,0,0,38.56443815,-95.28644341,20059.0,207.4851237081115,0.0,53,51,0,0,51,51,25631,2,0,0,2,0
2020-06-17,US,Kansas,Geary,30,1,0,38.99871131,-96.7577178,20061.0,94.7268708556994,3.333333333333333,29,29,1,0,28,29,32594,1,0,0,1,0
2020-06-17,US,Kansas,Gove,1,0,0,38.91588178,-100.4829321,20063.0,37.93626707132018,0.0,1,1,0,0,1,1,2612,0,0,0,0,0
2020-06-17,US,Kansas,Grant,18,1,0,37.56227336,-101.3079758,20067.0,251.74825174825176,5.5555555555555545,17,18,1,0,17,18,7336,0,0,0,0,0
2020-06-17,US,Kansas,Gray,23,0,0,37.73836671,-100.4369088,20069.0,384.1015364061456,0.0,23,23,0,0,23,23,6033,0,0,0,0,0
2020-06-17,US,Kansas,Greenwood,11,0,0,37.8774388,-96.23250453,20073.0,183.884988298228,0.0,11,11,0,0,11,11,6055,0,0,0,0,0
2020-06-17,US,Kansas,Hamilton,28,0,0,37.99978709,-101.7921066,20075.0,1102.7963765261914,0.0,28,28,0,0,28,28,2607,0,0,0,0,0
2020-06-17,US,Kansas,Harper,2,0,0,37.19175361,-98.07578384,20077.0,36.79175864606328,0.0,2,2,0,0,2,2,5506,0,0,0,0,0
2020-06-17,US,Kansas,Harvey,12,0,0,38.04293782,-97.42747573,20079.0,34.854337912806066,0.0,12,12,0,0,12,12,34210,0,0,0,0,0
2020-06-17,US,Kansas,Haskell,22,0,0,37.562039399999996,-100.8710738,20081.0,554.4354838709677,0.0,22,22,0,0,22,22,3997,0,0,0,0,0
2020-06-17,US,Kansas,Hodgeman,7,0,0,38.08780079,-99.89829881,20083.0,390.1895206243032,0.0,7,6,0,0,6,6,1818,1,0,0,1,0
2020-06-17,US,Kansas,Jackson,103,1,0,39.41673394,-95.79356799,20085.0,782.0211069774506,0.9708737864077671,102,103,1,0,102,103,13280,0,0,0,0,0
2020-06-17,US,Kansas,Jefferson,22,0,0,39.2347941,-95.38289232,20087.0,115.52801554376936,0.0,22,22,0,0,22,22,18975,0,0,0,0,0
2020-06-17,US,Kansas,Jewell,4,0,0,39.78470589,-98.21820662,20089.0,138.9371309482459,0.0,4,4,0,0,4,4,2841,0,0,0,0,0
2020-06-17,US,Kansas,Johnson,1107,73,0,38.88548175,-94.82250877,20091.0,183.76463518486855,6.594399277326107,1034,1080,72,0,1008,1075,597555,27,1,0,26,5
2020-06-17,US,Kansas,Kearny,46,1,0,38.00017981,-101.32168100000001,20093.0,1198.540906722251,2.1739130434782608,45,46,1,0,45,46,3943,0,0,0,0,0
2020-06-17,US,Kansas,Kiowa,3,0,0,37.55848695,-99.2856537,20097.0,121.21212121212122,0.0,3,3,0,0,3,3,2516,0,0,0,0,0
2020-06-17,US,Kansas,Labette,27,0,0,37.19113093,-95.29849679,20099.0,137.62870832908553,0.0,27,27,0,0,27,27,19964,0,0,0,0,0
2020-06-17,US,Kansas,Lane,4,0,0,38.48119447,-100.46607540000001,20101.0,260.58631921824104,0.0,4,4,0,0,4,4,1560,0,0,0,0,0
2020-06-17,US,Kansas,Leavenworth,1118,7,0,39.20183497,-95.03620809,20103.0,1367.4502800949142,0.6261180679785331,1111,1111,7,0,1104,1109,81352,7,0,0,7,2
2020-06-17,US,Kansas,Linn,12,0,0,38.21267844,-94.84254089,20107.0,123.67309079666084,0.0,12,12,0,0,12,12,9750,0,0,0,0,0
2020-06-17,US,Kansas,Lyon,476,6,0,38.45576156,-96.15275715,20111.0,1433.9508962193104,1.2605042016806722,470,465,6,0,459,414,33406,11,0,0,11,51
2020-06-17,US,Kansas,Marion,7,1,0,38.35855394,-97.09852509999999,20115.0,58.902726354762706,14.285714285714285,6,5,1,0,4,5,11950,2,0,0,2,0
2020-06-17,US,Kansas,McPherson,39,0,0,38.39184858,-97.64769869,20113.0,136.64073996216104,0.0,39,39,0,0,39,38,28537,0,0,0,0,1
2020-06-17,US,Kansas,Meade,30,0,0,37.23859987,-100.36483100000001,20119.0,743.86312918423,0.0,30,30,0,0,30,30,4146,0,0,0,0,0
2020-06-17,US,Kansas,Miami,16,0,0,38.56383358,-94.83832189,20121.0,46.73306656541169,0.0,16,16,0,0,16,16,33680,0,0,0,0,0
2020-06-17,US,Kansas,Mitchell,4,0,0,39.39331582,-98.20906732,20123.0,66.9008195350393,0.0,4,4,0,0,4,4,6150,0,0,0,0,0
2020-06-17,US,Kansas,Montgomery,25,3,0,37.19236568,-95.74329258,20125.0,78.5447233654843,12.0,22,25,3,0,22,23,32120,0,0,0,0,2
2020-06-17,US,Kansas,Morris,5,0,0,38.68827511,-96.65128437,20127.0,88.96797153024912,0.0,5,5,0,0,5,5,5521,0,0,0,0,0
2020-06-17,US,Kansas,Morton,6,1,0,37.19141121,-101.79925190000002,20129.0,231.92887514495555,16.666666666666668,5,6,1,0,5,6,2667,0,0,0,0,0
2020-06-17,US,Kansas,Nemaha,22,0,0,39.78345387,-96.01392079,20131.0,215.0327436223243,0.0,22,21,0,0,21,21,10155,1,0,0,1,0
2020-06-17,US,Kansas,Neosho,10,0,0,37.55862897,-95.30670046,20133.0,62.47266820765915,0.0,10,8,0,0,8,8,15951,2,0,0,2,0
2020-06-17,US,Kansas,Ness,4,0,0,38.47974157,-99.91547333,20135.0,145.45454545454547,0.0,4,4,0,0,4,4,2840,0,0,0,0,0
2020-06-17,US,Kansas,Norton,3,0,0,39.78443827,-99.90286639,20137.0,55.95970900951315,0.0,3,3,0,0,3,3,5430,0,0,0,0,0
2020-06-17,US,Kansas,Osage,10,0,0,38.65235984,-95.72707998,20139.0,62.699855790331675,0.0,10,10,0,0,10,10,15941,0,0,0,0,0
2020-06-17,US,Kansas,Osborne,2,0,0,39.3503437,-98.76753828,20141.0,58.46243788365975,0.0,2,2,0,0,2,2,3475,0,0,0,0,0
2020-06-17,US,Kansas,Ottawa,4,0,0,39.13237408,-97.65020313,20143.0,70.12622720897616,0.0,4,4,0,0,4,4,5802,0,0,0,0,0
2020-06-17,US,Kansas,Pawnee,3,0,0,38.18108732,-99.23692334,20145.0,46.772684752104766,0.0,3,3,0,0,3,3,6562,0,0,0,0,0
2020-06-17,US,Kansas,Phillips,2,0,0,39.78465501,-99.34668865,20147.0,38.211692777990066,0.0,2,2,0,0,2,2,5317,0,0,0,0,0
2020-06-17,US,Kansas,Pottawatomie,40,0,0,39.37925655,-96.34564657,20149.0,164.04872247057375,0.0,40,34,0,0,34,34,24277,6,0,0,6,0
2020-06-17,US,Kansas,Pratt,6,0,0,37.64780729,-98.73922153,20151.0,65.47359231776517,0.0,6,6,0,0,6,2,9378,0,0,0,0,4
2020-06-17,US,Kansas,Reno,50,0,0,37.95230263,-98.08607292,20155.0,80.64776283105907,0.0,50,50,0,0,50,50,62342,0,0,0,0,0
2020-06-17,US,Kansas,Republic,4,0,0,39.82799632,-97.65036709,20157.0,86.28127696289906,0.0,4,4,0,0,4,4,4664,0,0,0,0,0
2020-06-17,US,Kansas,Rice,4,0,0,38.34616184,-98.19992118,20159.0,41.94191045402118,0.0,4,4,0,0,4,4,9531,0,0,0,0,0
2020-06-17,US,Kansas,Riley,91,3,0,39.28935726,-96.73420026,20161.0,122.588641017351,3.2967032967032965,88,80,3,0,77,80,73703,11,0,0,11,0
2020-06-17,US,Kansas,Rooks,6,0,0,39.35022773,-99.32484567,20163.0,121.95121951219512,0.0,6,6,0,0,6,6,5013,0,0,0,0,0
2020-06-17,US,Kansas,Saline,33,2,0,38.78369175,-97.65185177,20169.0,60.858660371791096,6.0606060606060606,31,32,2,0,30,32,54401,1,0,0,1,0
2020-06-17,US,Kansas,Scott,16,0,0,38.48222076,-100.90665390000001,20171.0,331.74372797014314,0.0,16,16,0,0,16,16,4897,0,0,0,0,0
2020-06-17,US,Kansas,Sedgwick,810,25,0,37.6842718,-97.4608198,20173.0,156.96396804911228,3.08641975308642,785,791,25,0,766,764,513607,19,0,0,19,27
2020-06-17,US,Kansas,Seward,940,2,0,37.19324632,-100.85072009999999,20175.0,4386.783647563935,0.2127659574468085,938,934,2,0,932,934,21780,6,0,0,6,0
2020-06-17,US,Kansas,Shawnee,456,9,0,39.04100763,-95.75572640000001,20177.0,257.809187279152,1.973684210526316,447,452,9,0,443,457,177499,4,0,0,4,-5
2020-06-17,US,Kansas,Sheridan,3,0,0,39.35018161,-100.44182590000001,20179.0,119.00039666798891,0.0,3,2,0,0,2,2,2533,1,0,0,1,0
2020-06-17,US,Kansas,Sherman,7,0,0,39.35147699,-101.71976240000001,20181.0,118.30319418624303,0.0,7,7,0,0,7,7,5899,0,0,0,0,0
2020-06-17,US,Kansas,Smith,3,0,0,39.78516566,-98.78566062,20183.0,83.72871895060004,0.0,3,3,0,0,3,3,3603,0,0,0,0,0
2020-06-17,US,Kansas,Stafford,1,0,0,38.03100851,-98.71762001,20185.0,24.06159769008662,0.0,1,1,0,0,1,1,4178,0,0,0,0,0
2020-06-17,US,Kansas,Stanton,9,0,0,37.56304714,-101.78435340000001,20187.0,448.65403788634103,0.0,9,9,0,0,9,9,1987,0,0,0,0,0
2020-06-17,US,Kansas,Stevens,30,0,0,37.1923008,-101.3118967,20189.0,546.9462169553327,0.0,30,30,0,0,30,30,5559,0,0,0,0,0
2020-06-17,US,Kansas,Sumner,9,1,0,37.23682549,-97.47721621,20191.0,39.411455596426684,11.111111111111109,8,9,1,0,8,9,22996,0,0,0,0,0
2020-06-17,US,Kansas,Trego,1,0,0,38.91467218,-99.87284448,20195.0,35.676061362825536,0.0,1,1,0,0,1,1,2793,0,0,0,0,0
2020-06-17,US,Kansas,Wabaunsee,32,0,0,38.95471985,-96.20350509,20197.0,461.6938392728322,0.0,32,31,0,0,31,31,6899,1,0,0,1,0
2020-06-17,US,Kansas,Washington,1,0,0,39.78420784,-97.08753229999999,20201.0,18.49796522382538,0.0,1,1,0,0,1,1,5420,0,0,0,0,0
2020-06-17,US,Kansas,Wilson,1,0,0,37.55937174,-95.74323255,20205.0,11.730205278592374,0.0,1,1,0,0,1,1,8665,0,0,0,0,0
2020-06-17,US,Kansas,Woodson,6,0,0,37.8865336,-95.74006277,20207.0,191.20458891013385,0.0,6,6,0,0,6,6,3183,0,0,0,0,0
2020-06-17,US,Kansas,Wyandotte,1745,76,0,39.11727348,-94.76378225,20209.0,1054.8331912784338,4.355300859598853,1669,1698,76,0,1622,1698,165324,47,0,0,47,0
2020-06-17,US,Kentucky,Adair,102,19,0,37.10459774,-85.28129668,21001.0,531.1946672221644,18.62745098039216,83,101,19,0,82,101,19215,1,0,0,1,0
2020-06-17,US,Kentucky,Allen,137,4,0,36.75197631,-86.19457544,21003.0,642.7398545625148,2.9197080291970803,133,135,3,0,132,135,21122,2,1,0,1,0
2020-06-17,US,Kentucky,Anderson,27,1,0,38.00671029,-84.99171713,21005.0,118.69697102914671,3.703703703703704,26,25,1,0,24,25,22663,2,0,0,2,0
2020-06-17,US,Kentucky,Ballard,14,0,0,37.05842757,-88.99427697,21007.0,177.4847870182556,0.0,14,14,0,0,14,14,7979,0,0,0,0,0
2020-06-17,US,Kentucky,Barren,67,2,0,36.96469836,-85.93338945,21009.0,151.41585120567697,2.985074626865672,65,66,2,0,64,66,44176,1,0,0,1,0
2020-06-17,US,Kentucky,Bath,10,1,0,38.14735938,-83.74588932,21011.0,80.0,10.0,9,10,1,0,9,10,12383,0,0,0,0,0
2020-06-17,US,Kentucky,Bell,4,0,0,36.73355174,-83.67766671,21013.0,15.365703749231715,0.0,4,4,0,0,4,4,26569,0,0,0,0,0
2020-06-17,US,Kentucky,Boone,552,23,0,38.97065142,-84.72615357,21015.0,413.23242077840416,4.166666666666667,529,541,21,0,520,541,131533,11,2,0,9,0
2020-06-17,US,Kentucky,Bourbon,26,1,0,38.2054607,-84.21827874,21017.0,131.39276329088335,3.8461538461538463,25,25,1,0,24,25,20184,1,0,0,1,0
2020-06-17,US,Kentucky,Boyd,44,3,0,38.36176608,-82.68652187,21019.0,94.18211396035791,6.8181818181818175,41,44,3,0,41,44,47240,0,0,0,0,0
2020-06-17,US,Kentucky,Boyle,30,0,0,37.62680923,-84.8633779,21021.0,99.80039920159679,0.0,30,30,0,0,30,30,30100,0,0,0,0,0
2020-06-17,US,Kentucky,Bracken,14,0,0,38.69158994,-84.08532444,21023.0,168.61375406479587,0.0,14,14,0,0,14,14,8239,0,0,0,0,0
2020-06-17,US,Kentucky,Breathitt,4,0,0,37.52333168,-83.31959161,21025.0,31.670625494853525,0.0,4,4,0,0,4,4,12726,0,0,0,0,0
2020-06-17,US,Kentucky,Breckinridge,23,2,0,37.77377239,-86.42885017,21027.0,112.32114079210821,8.695652173913043,21,23,2,0,21,23,20388,0,0,0,0,0
2020-06-17,US,Kentucky,Bullitt,136,4,0,37.97162523,-85.68955617,21029.0,166.51158234977228,2.9411764705882355,132,135,4,0,131,135,81069,1,0,0,1,0
2020-06-17,US,Kentucky,Butler,246,13,0,37.20946153,-86.68748787,21031.0,1910.0861868157465,5.284552845528455,233,244,13,0,231,244,12772,2,0,0,2,0
2020-06-17,US,Kentucky,Caldwell,12,0,0,37.14749129,-87.86948214,21033.0,94.13979759943516,0.0,12,12,0,0,12,12,12715,0,0,0,0,0
2020-06-17,US,Kentucky,Calloway,61,1,0,36.62093411,-88.2731593,21035.0,156.40624599369247,1.639344262295082,60,60,1,0,59,60,39135,1,0,0,1,0
2020-06-17,US,Kentucky,Campbell,212,12,0,38.94384345,-84.37875208,21037.0,226.5344503333903,5.660377358490566,200,207,12,0,195,207,93152,5,0,0,5,0
2020-06-17,US,Kentucky,Carlisle,5,1,0,36.85372876,-88.96692220000001,21039.0,105.04201680672269,20.0,4,5,1,0,4,5,4771,0,0,0,0,0
2020-06-17,US,Kentucky,Carroll,25,0,0,38.66599534,-85.12601074,21041.0,235.16132066597686,0.0,25,17,0,0,17,17,10737,8,0,0,8,0
2020-06-17,US,Kentucky,Carter,21,0,0,38.31690743,-83.05092385,21043.0,78.36698137851252,0.0,21,18,0,0,18,18,27004,3,0,0,3,0
2020-06-17,US,Kentucky,Casey,10,0,0,37.32533118,-84.92726209,21045.0,61.885017637230035,0.0,10,10,0,0,10,10,15888,0,0,0,0,0
2020-06-17,US,Kentucky,Christian,139,3,0,36.89267803,-87.49055367,21047.0,197.27224989710618,2.1582733812949644,136,138,3,0,135,138,71671,1,0,0,1,0
2020-06-17,US,Kentucky,Clark,78,0,0,37.9689263,-84.14615986,21049.0,215.0952761768193,0.0,78,77,0,0,77,77,36249,1,0,0,1,0
2020-06-17,US,Kentucky,Clay,23,3,0,37.16451126,-83.712575,21051.0,115.57208180493444,13.043478260869565,20,17,2,0,15,17,20105,6,1,0,5,0
2020-06-17,US,Kentucky,Clinton,5,0,0,36.72581156,-85.13377529,21053.0,48.933255040125275,0.0,5,5,0,0,5,5,10206,0,0,0,0,0
2020-06-17,US,Kentucky,Crittenden,7,1,0,37.35839237,-88.08826090000002,21055.0,79.4912559618442,14.285714285714285,6,7,1,0,6,7,8915,0,0,0,0,0
2020-06-17,US,Kentucky,Cumberland,5,0,0,36.78926125,-85.39050034,21057.0,75.59721802237678,0.0,5,5,0,0,5,5,6659,0,0,0,0,0
2020-06-17,US,Kentucky,Daviess,368,8,0,37.73028906,-87.09019479999998,21059.0,362.5222882249215,2.1739130434782608,360,360,8,0,352,360,101104,8,0,0,8,0
2020-06-17,US,Kentucky,Edmonson,69,11,0,37.21218923,-86.23955613,21061.0,567.9012345679013,15.942028985507244,58,67,11,0,56,67,12274,2,0,0,2,0
2020-06-17,US,Kentucky,Elliott,2,0,0,38.11624059,-83.09771563,21063.0,26.60635891978183,0.0,2,2,0,0,2,2,7508,0,0,0,0,0
2020-06-17,US,Kentucky,Estill,5,0,0,37.69241417,-83.95956369,21065.0,35.44590954203885,0.0,5,5,0,0,5,5,14198,0,0,0,0,0
2020-06-17,US,Kentucky,Fayette,1106,18,0,38.0368225,-84.45576892,21067.0,342.25380006931715,1.6274864376130198,1088,1064,17,0,1047,1064,323780,42,1,0,41,0
2020-06-17,US,Kentucky,Fleming,9,0,0,38.36758311,-83.69657514,21069.0,61.72416158013854,0.0,9,6,0,0,6,6,14432,3,0,0,3,0
2020-06-17,US,Kentucky,Floyd,22,0,0,37.56213922,-82.74750924,21071.0,61.816853522155725,0.0,22,19,0,0,19,19,35845,3,0,0,3,0
2020-06-17,US,Kentucky,Franklin,105,2,0,38.2379395,-84.87962551,21073.0,205.9186915338001,1.9047619047619049,103,98,2,0,96,98,50815,7,0,0,7,0
2020-06-17,US,Kentucky,Fulton,12,0,0,36.55238827,-89.20140068,21075.0,201.03869994974036,0.0,12,12,0,0,12,12,6120,0,0,0,0,0
2020-06-17,US,Kentucky,Gallatin,57,7,0,38.75398691,-84.8558382,21077.0,642.6880144322922,12.280701754385964,50,57,7,0,50,57,8832,0,0,0,0,0
2020-06-17,US,Kentucky,Garrard,13,0,0,37.638866799999995,-84.53289319,21079.0,73.58768255405866,0.0,13,11,0,0,11,11,17560,2,0,0,2,0
2020-06-17,US,Kentucky,Grant,53,4,0,38.64962758,-84.62415957,21081.0,211.41649048625797,7.547169811320754,49,53,4,0,49,53,25121,0,0,0,0,0
2020-06-17,US,Kentucky,Graves,176,20,0,36.72292505,-88.65143315,21083.0,472.2803627971877,11.363636363636365,156,175,20,0,155,175,37317,1,0,0,1,0
2020-06-17,US,Kentucky,Grayson,137,11,0,37.46231118,-86.34248968,21085.0,518.4092027093503,8.02919708029197,126,137,11,0,126,137,26321,0,0,0,0,0
2020-06-17,US,Kentucky,Green,2,1,0,37.26484328,-85.5540745,21087.0,18.279864729001005,50.0,1,3,0,0,3,3,11049,-1,1,0,-2,0
2020-06-17,US,Kentucky,Greenup,16,0,0,38.54332505,-82.9215658,21089.0,45.586643113567725,0.0,16,16,0,0,16,16,35268,0,0,0,0,0
2020-06-17,US,Kentucky,Hancock,11,0,0,37.83766422,-86.78280584,21091.0,126.11786287548729,0.0,11,9,0,0,9,9,8758,2,0,0,2,0
2020-06-17,US,Kentucky,Hardin,135,5,0,37.6976111,-85.96319251,21093.0,121.66765803276917,3.703703703703704,130,133,4,0,129,133,110356,2,1,0,1,0
2020-06-17,US,Kentucky,Harlan,15,0,0,36.85699301,-83.21899516,21095.0,57.67012687427912,0.0,15,13,0,0,13,13,26409,2,0,0,2,0
2020-06-17,US,Kentucky,Harrison,37,0,0,38.44188174,-84.32869741,21097.0,195.91231600127082,0.0,37,34,0,0,34,34,18778,3,0,0,3,0
2020-06-17,US,Kentucky,Hart,31,0,0,37.29943898,-85.88461055,21099.0,162.85789335434725,0.0,31,30,0,0,30,30,18906,1,0,0,1,0
2020-06-17,US,Kentucky,Henderson,140,3,0,37.79344553,-87.57392021,21101.0,309.66600309666,2.142857142857143,137,133,3,0,130,133,45591,7,0,0,7,0
2020-06-17,US,Kentucky,Henry,27,2,0,38.44942688,-85.11587507,21103.0,167.4314771176981,7.407407407407407,25,26,2,0,24,26,16106,1,0,0,1,0
2020-06-17,US,Kentucky,Hickman,5,0,0,36.67948079999999,-88.97875928,21105.0,114.15525114155253,0.0,5,5,0,0,5,5,4421,0,0,0,0,0
2020-06-17,US,Kentucky,Hopkins,231,31,0,37.30939025,-87.54670406,21107.0,516.940428769637,13.41991341991342,200,229,31,0,198,229,45068,2,0,0,2,0
2020-06-17,US,Kentucky,Jackson,74,13,0,37.41866422,-83.99825483,21109.0,555.1804336409333,17.567567567567572,61,63,13,0,50,63,13442,11,0,0,11,0
2020-06-17,US,Kentucky,Jefferson,3451,182,0,38.18664655,-85.65931031,21111.0,450.0774039232769,5.273833671399594,3269,3363,176,0,3187,3363,770517,88,6,0,82,0
2020-06-17,US,Kentucky,Jessamine,88,0,0,37.87119786,-84.58252003,21113.0,162.6166497274323,0.0,88,83,0,0,83,83,53920,5,0,0,5,0
2020-06-17,US,Kentucky,Johnson,7,0,0,37.85106355,-82.8264322,21115.0,31.54858482062376,0.0,7,6,0,0,6,6,22386,1,0,0,1,0
2020-06-17,US,Kentucky,Kenton,699,36,0,38.93950319,-84.53241199,21117.0,418.5678870405633,5.150214592274677,663,690,36,0,654,690,166051,9,0,0,9,0
2020-06-17,US,Kentucky,Knott,4,0,0,37.35388197,-82.94981134,21119.0,27.016074564365802,0.0,4,4,0,0,4,4,15126,0,0,0,0,0
2020-06-17,US,Kentucky,Knox,12,0,0,36.89225732,-83.85403396,21121.0,38.52945898218013,0.0,12,11,0,0,11,11,31304,1,0,0,1,0
2020-06-17,US,Kentucky,Larue,11,1,0,37.54567114,-85.70138352,21123.0,76.3994999305459,9.090909090909092,10,11,1,0,10,11,14307,0,0,0,0,0
2020-06-17,US,Kentucky,Laurel,47,2,0,37.10975748,-84.11321779,21125.0,77.28610658905168,4.25531914893617,45,30,2,0,28,30,60669,17,0,0,17,0
2020-06-17,US,Kentucky,Lawrence,5,0,0,38.07136018,-82.72882223,21127.0,32.64346804204479,0.0,5,5,0,0,5,5,15571,0,0,0,0,0
2020-06-17,US,Kentucky,Lee,1,0,0,37.59645942,-83.71513901,21129.0,13.508037282182901,0.0,1,1,0,0,1,1,7033,0,0,0,0,0
2020-06-17,US,Kentucky,Leslie,7,0,0,37.09246661,-83.37999606,21131.0,70.87172218284904,0.0,7,6,0,0,6,6,10143,1,0,0,1,0
2020-06-17,US,Kentucky,Letcher,5,0,0,37.12306748,-82.85346474,21133.0,23.198626641302834,0.0,5,4,0,0,4,4,21899,1,0,0,1,0
2020-06-17,US,Kentucky,Lewis,15,0,0,38.53184419,-83.37735618,21135.0,112.99435028248587,0.0,15,14,0,0,14,14,13257,1,0,0,1,0
2020-06-17,US,Kentucky,Lincoln,15,1,0,37.45475628,-84.6565327,21137.0,61.10228522546743,6.666666666666668,14,15,1,0,14,15,24644,0,0,0,0,0
2020-06-17,US,Kentucky,Livingston,9,0,0,37.21137452,-88.34797529,21139.0,97.88992821405265,0.0,9,9,0,0,9,9,9242,0,0,0,0,0
2020-06-17,US,Kentucky,Logan,201,9,0,36.85949479,-86.877635,21141.0,741.6426831968122,4.477611940298506,192,199,9,0,190,199,26989,2,0,0,2,0
2020-06-17,US,Kentucky,Lyon,18,3,0,37.02080035,-88.07886257,21143.0,219.2448233861145,16.666666666666668,15,18,3,0,15,18,8009,0,0,0,0,0
2020-06-17,US,Kentucky,Madison,82,1,0,37.71659336,-84.27220275,21151.0,88.1843698581522,1.2195121951219512,81,77,1,0,76,77,92368,5,0,0,5,0
2020-06-17,US,Kentucky,Magoffin,4,0,0,37.70820545,-83.0657714,21153.0,32.89203190527095,0.0,4,4,0,0,4,4,12362,0,0,0,0,0
2020-06-17,US,Kentucky,Marion,43,0,0,37.55218078,-85.26898542,21155.0,223.11005032947648,0.0,43,42,0,0,42,42,19404,1,0,0,1,0
2020-06-17,US,Kentucky,Marshall,47,2,0,36.88007070000001,-88.32803576,21157.0,151.12540192926045,4.25531914893617,45,44,2,0,42,44,31191,3,0,0,3,0
2020-06-17,US,Kentucky,Martin,3,0,0,37.79990579,-82.51247478,21159.0,26.797677534613662,0.0,3,3,0,0,3,3,11323,0,0,0,0,0
2020-06-17,US,Kentucky,Mason,17,0,0,38.59471935,-83.82151043,21161.0,99.5899238429994,0.0,17,16,0,0,16,16,17150,1,0,0,1,0
2020-06-17,US,Kentucky,McCracken,126,3,0,37.05350953,-88.70445755,21145.0,192.6075392093919,2.380952380952381,123,123,3,0,120,123,65346,3,0,0,3,0
2020-06-17,US,Kentucky,McCreary,13,0,0,36.73874143,-84.48102924,21147.0,75.44541814172132,0.0,13,13,0,0,13,13,17408,0,0,0,0,0
2020-06-17,US,Kentucky,McLean,24,1,0,37.5301951,-87.26803443,21149.0,260.67122841316393,4.166666666666667,23,23,1,0,22,23,9252,1,0,0,1,0
2020-06-17,US,Kentucky,Meade,24,2,0,37.96163597,-86.21028219,21163.0,83.99832003359933,8.333333333333334,22,24,2,0,22,24,28715,0,0,0,0,0
2020-06-17,US,Kentucky,Menifee,10,0,0,37.94090733,-83.59985712,21165.0,154.10695022345507,0.0,10,10,0,0,10,10,6451,0,0,0,0,0
2020-06-17,US,Kentucky,Mercer,16,0,0,37.81474237,-84.87488475,21167.0,72.94943692153376,0.0,16,16,0,0,16,16,21774,0,0,0,0,0
2020-06-17,US,Kentucky,Metcalfe,8,2,0,36.99459295,-85.63123699,21169.0,79.43600436898024,25.0,6,8,2,0,6,8,10030,0,0,0,0,0
2020-06-17,US,Kentucky,Monroe,31,0,0,36.71225341,-85.71596443,21171.0,291.0798122065728,0.0,31,31,0,0,31,31,10718,0,0,0,0,0
2020-06-17,US,Kentucky,Montgomery,40,0,0,38.03253032,-83.9145241,21173.0,142.06058884114074,0.0,40,37,0,0,37,37,28203,3,0,0,3,0
2020-06-17,US,Kentucky,Morgan,7,0,0,37.92465657,-83.25558245,21175.0,52.59598767751147,0.0,7,6,0,0,6,6,13345,1,0,0,1,0
2020-06-17,US,Kentucky,Muhlenberg,482,8,0,37.21425819,-87.14632053,21177.0,1574.031741884919,1.6597510373443984,474,482,8,0,474,482,30774,0,0,0,0,0
2020-06-17,US,Kentucky,Nelson,49,1,0,37.80335779,-85.4657193,21179.0,105.98490255877836,2.0408163265306123,48,48,1,0,47,48,45851,1,0,0,1,0
2020-06-17,US,Kentucky,Nicholas,4,0,0,38.33342292,-84.01889177,21181.0,55.02820195350117,0.0,4,4,0,0,4,4,7166,0,0,0,0,0
2020-06-17,US,Kentucky,Ohio,168,0,0,37.47751843,-86.85368087,21183.0,700.1750437609403,0.0,168,164,0,0,164,164,24087,4,0,0,4,0
2020-06-17,US,Kentucky,Oldham,114,6,0,38.39791089,-85.448222,21185.0,170.6612374436743,5.2631578947368425,108,113,6,0,107,113,66470,1,0,0,1,0
2020-06-17,US,Kentucky,Owen,5,0,0,38.51679143,-84.82404619,21187.0,45.86735161911753,0.0,5,4,0,0,4,4,10880,1,0,0,1,0
2020-06-17,US,Kentucky,Owsley,2,0,0,37.42823949,-83.68811419,21189.0,45.30011325028314,0.0,2,2,0,0,2,2,4472,0,0,0,0,0
2020-06-17,US,Kentucky,Pendleton,14,0,0,38.69607718,-84.35599463,21191.0,95.95613433858809,0.0,14,14,0,0,14,14,14529,0,0,0,0,0
2020-06-17,US,Kentucky,Perry,25,0,0,37.25023553,-83.22922731,21193.0,97.05722493982452,0.0,25,24,0,0,24,24,26092,1,0,0,1,0
2020-06-17,US,Kentucky,Pike,53,2,0,37.47088263,-82.39487445,21195.0,91.57509157509158,3.7735849056603774,51,48,2,0,46,48,58402,5,0,0,5,0
2020-06-17,US,Kentucky,Powell,5,0,0,37.83218794,-83.82553961,21197.0,40.456347600938585,0.0,5,5,0,0,5,5,12442,0,0,0,0,0
2020-06-17,US,Kentucky,Pulaski,73,2,0,37.10466131,-84.57629079,21199.0,112.34398805768019,2.7397260273972597,71,72,2,0,70,72,64623,1,0,0,1,0
2020-06-17,US,Kentucky,Rockcastle,15,0,0,37.36642393,-84.31176452,21203.0,89.8472596585804,0.0,15,14,0,0,14,14,16750,1,0,0,1,0
2020-06-17,US,Kentucky,Rowan,15,0,0,38.19484205,-83.42088935,21205.0,61.32461161079314,0.0,15,15,0,0,15,15,24583,0,0,0,0,0
2020-06-17,US,Kentucky,Russell,38,4,0,36.99308373,-85.06070117,21207.0,212.01807733080398,10.526315789473683,34,38,4,0,34,38,17821,0,0,0,0,0
2020-06-17,US,Kentucky,Scott,45,0,0,38.29622293,-84.5816631,21209.0,78.94182864360396,0.0,45,43,0,0,43,43,56031,2,0,0,2,0
2020-06-17,US,Kentucky,Shelby,281,6,0,38.21476019,-85.194223,21211.0,573.1886422976502,2.1352313167259784,275,277,6,0,271,277,48518,4,0,0,4,0
2020-06-17,US,Kentucky,Simpson,60,3,0,36.74058474,-86.58047435,21213.0,323.06698255438295,5.0,57,59,3,0,56,59,18529,1,0,0,1,0
2020-06-17,US,Kentucky,Spencer,26,0,0,38.03223971,-85.32749335,21215.0,134.35998139631027,0.0,26,26,0,0,26,26,18794,0,0,0,0,0
2020-06-17,US,Kentucky,Taylor,21,1,0,37.3677562,-85.3329931,21217.0,81.49326710388449,4.761904761904762,20,17,1,0,16,17,25549,4,0,0,4,0
2020-06-17,US,Kentucky,Todd,23,0,0,36.8381152,-87.17878374,21219.0,187.0831299821051,0.0,23,23,0,0,23,23,12311,0,0,0,0,0
2020-06-17,US,Kentucky,Trigg,17,0,0,36.80767017,-87.87333656,21221.0,116.03303528769369,0.0,17,17,0,0,17,17,14643,0,0,0,0,0
2020-06-17,US,Kentucky,Trimble,4,0,0,38.61056487,-85.33775972,21223.0,47.21992680911345,0.0,4,4,0,0,4,4,8515,0,0,0,0,0
2020-06-17,US,Kentucky,Unassigned,14,0,0,0.0,0.0,90021.0,0.0,0.0,14,11,0,0,11,11,,3,0,0,3,0
2020-06-17,US,Kentucky,Union,20,0,0,37.66166713,-87.94300009,21225.0,139.0723871775259,0.0,20,19,0,0,19,19,14505,1,0,0,1,0
2020-06-17,US,Kentucky,Warren,1299,10,0,36.99903045,-86.42672751,21227.0,977.4560558632313,0.7698229407236336,1289,1275,10,0,1265,1275,131264,24,0,0,24,0
2020-06-17,US,Kentucky,Washington,15,0,0,37.75599461,-85.17407732,21229.0,124.01818933443572,0.0,15,14,0,0,14,14,12084,1,0,0,1,0
2020-06-17,US,Kentucky,Wayne,10,0,0,36.80310688,-84.8251971,21231.0,49.18113411695274,0.0,10,10,0,0,10,10,20468,0,0,0,0,0
2020-06-17,US,Kentucky,Webster,37,0,0,37.52168356,-87.67989953,21233.0,285.8908978519549,0.0,37,37,0,0,37,37,13111,0,0,0,0,0
2020-06-17,US,Kentucky,Whitley,18,0,0,36.75700531,-84.14541217,21235.0,49.63600264725348,0.0,18,17,0,0,17,17,36242,1,0,0,1,0
2020-06-17,US,Kentucky,Wolfe,1,0,0,37.73941626,-83.49303612,21237.0,13.972334777141258,0.0,1,1,0,0,1,1,7177,0,0,0,0,0
2020-06-17,US,Kentucky,Woodford,55,0,0,38.04178222,-84.7417556,21239.0,205.73053041071296,0.0,55,51,0,0,51,51,26533,4,0,0,4,0
2020-06-17,US,Louisiana,Acadia,625,32,0,30.295064899999996,-92.41419698,22001.0,1007.3333870577808,5.12,593,604,32,0,572,597,62190,21,0,0,21,7
2020-06-17,US,Louisiana,Allen,243,10,0,30.65385745,-92.82442028,22003.0,948.2186756155617,4.11522633744856,233,230,10,0,220,226,25605,13,0,0,13,4
2020-06-17,US,Louisiana,Ascension,962,58,0,30.20406249,-90.91328409999998,22005.0,759.8496098069571,6.029106029106028,904,957,58,0,899,948,124672,5,0,0,5,9
2020-06-17,US,Louisiana,Assumption,282,14,0,29.89946234,-91.06461642,22007.0,1288.2006303960534,4.964539007092198,268,276,14,0,262,274,22300,6,0,0,6,2
2020-06-17,US,Louisiana,Avoyelles,193,10,0,31.07796211,-92.00079449,22009.0,480.76923076923083,5.181347150259066,183,188,9,0,179,188,40462,5,1,0,4,0
2020-06-17,US,Louisiana,Beauregard,139,6,0,30.64836518,-93.34173616,22011.0,370.6963223724565,4.316546762589929,133,136,6,0,130,136,37253,3,0,0,3,0
2020-06-17,US,Louisiana,Bienville,183,24,0,32.34569994,-93.05398492,22013.0,1382.0708405709536,13.114754098360656,159,176,24,0,152,175,13308,7,0,0,7,1
2020-06-17,US,Louisiana,Bossier,528,28,0,32.67932307,-93.60460152,22015.0,415.62040003463517,5.303030303030303,500,513,28,0,485,510,127185,15,0,0,15,3
2020-06-17,US,Louisiana,Caddo,2933,217,0,32.57991587,-93.88375652,22017.0,1221.0454447053335,7.398568019093079,2716,2888,217,0,2671,2869,242922,45,0,0,45,19
2020-06-17,US,Louisiana,Calcasieu,824,52,0,30.22931235,-93.35400434,22019.0,405.04138893804435,6.310679611650484,772,789,51,0,738,772,203112,35,1,0,34,17
2020-06-17,US,Louisiana,Caldwell,86,1,0,32.0902519,-92.11752148,22021.0,867.1103044968744,1.162790697674419,85,83,1,0,82,83,9960,3,0,0,3,0
2020-06-17,US,Louisiana,Cameron,12,0,0,29.87592238,-93.19310676,22023.0,172.0923562311774,0.0,12,11,0,0,11,11,6968,1,0,0,1,0
2020-06-17,US,Louisiana,Catahoula,164,3,0,31.66778967,-91.84526385,22025.0,1727.406783231515,1.8292682926829267,161,162,3,0,159,131,9608,2,0,0,2,31
2020-06-17,US,Louisiana,Claiborne,85,10,0,32.82308512,-92.99526883,22027.0,542.4377791959157,11.764705882352944,75,81,10,0,71,78,15944,4,0,0,4,3
2020-06-17,US,Louisiana,Concordia,117,5,0,31.44817835,-91.63814433,22029.0,607.5081779947037,4.2735042735042725,112,109,5,0,104,107,19572,8,0,0,8,2
2020-06-17,US,Louisiana,De Soto,275,17,0,32.05457447,-93.74130302,22031.0,1001.3472672322763,6.1818181818181825,258,273,17,0,256,271,27436,2,0,0,2,2
2020-06-17,US,Louisiana,East Baton Rouge,4357,260,0,30.53842039,-91.09777565,22033.0,990.0945100543337,5.967408767500575,4097,4301,260,0,4041,4284,440956,56,0,0,56,17
2020-06-17,US,Louisiana,East Carroll,244,0,0,32.73926954,-91.23425694,22035.0,3556.3328960792887,0.0,244,243,0,0,243,243,7037,1,0,0,1,0
2020-06-17,US,Louisiana,East Feliciana,231,32,0,30.84425359,-91.04976723,22037.0,1207.211915338385,13.852813852813853,199,229,32,0,197,227,19305,2,0,0,2,2
2020-06-17,US,Louisiana,Evangeline,100,1,0,30.72985248,-92.39915924,22039.0,299.4460248540201,1.0,99,93,1,0,92,91,33443,7,0,0,7,2
2020-06-17,US,Louisiana,Franklin,439,14,0,32.13675181,-91.67589857,22041.0,2193.3549837621786,3.1890660592255125,425,425,14,0,411,424,20156,14,0,0,14,1
2020-06-17,US,Louisiana,Grant,61,1,0,31.59882456,-92.56124347,22043.0,272.4552235472777,1.639344262295082,60,61,1,0,60,61,22482,0,0,0,0,0
2020-06-17,US,Louisiana,Iberia,501,42,0,29.86803617,-91.75871777,22045.0,717.4566805098095,8.383233532934131,459,476,42,0,434,465,70941,25,0,0,25,11
2020-06-17,US,Louisiana,Iberville,618,43,0,30.25734305,-91.3499598,22047.0,1900.8950816646673,6.957928802588997,575,617,43,0,574,615,32721,1,0,0,1,2
2020-06-17,US,Louisiana,Jackson,173,15,0,32.30251776,-92.55692092,22049.0,1098.831300813008,8.670520231213873,158,169,15,0,154,162,15902,4,0,0,4,7
2020-06-17,US,Louisiana,Jefferson,8507,472,0,29.74075478,-90.11115756,22051.0,1966.9682515092732,5.5483719289996465,8035,8468,471,0,7997,8416,434051,39,1,0,38,52
2020-06-17,US,Louisiana,Jefferson Davis,162,7,0,30.26896765,-92.81210004,22053.0,516.4498852333588,4.320987654320987,155,147,7,0,140,133,31582,15,0,0,15,14
2020-06-17,US,Louisiana,LaSalle,90,0,0,31.67884782,-92.15907765,22059.0,604.351329572925,0.0,90,85,0,0,85,80,14917,5,0,0,5,5
2020-06-17,US,Louisiana,Lafayette,1302,32,0,30.2049055,-92.06959876,22055.0,532.7550227096035,2.457757296466974,1270,1243,32,0,1211,1202,242782,59,0,0,59,41
2020-06-17,US,Louisiana,Lafourche,1013,78,0,29.52470226,-90.40976986,22057.0,1037.76097690905,7.699901283316881,935,999,77,0,922,983,98115,14,1,0,13,16
2020-06-17,US,Louisiana,Lincoln,259,18,0,32.6003154,-92.66597409999999,22061.0,554.1055153823114,6.94980694980695,241,248,18,0,230,241,47196,11,0,0,11,7
2020-06-17,US,Louisiana,Livingston,573,33,0,30.44143993,-90.73061664,22063.0,406.9920235245651,5.7591623036649215,540,561,33,0,528,546,139567,12,0,0,12,15
2020-06-17,US,Louisiana,Madison,287,2,0,32.36918118,-91.23973355,22065.0,2620.765226919916,0.6968641114982579,285,287,2,0,285,286,11161,0,0,0,0,1
2020-06-17,US,Louisiana,Morehouse,186,6,0,32.81686191,-91.80421614,22067.0,747.7687545227948,3.2258064516129035,180,165,6,0,159,161,25398,21,0,0,21,4
2020-06-17,US,Louisiana,Natchitoches,195,13,0,31.72321584,-93.09816516,22069.0,511.03307301221236,6.666666666666668,182,195,13,0,182,194,38659,0,0,0,0,1
2020-06-17,US,Louisiana,Orleans,7459,523,0,30.06971951,-89.92660315,22071.0,1911.8581856955386,7.011663761898378,6936,7428,522,0,6906,7411,391006,31,1,0,30,17
2020-06-17,US,Louisiana,Ouachita,1889,66,0,32.47645559,-92.15704172,22073.0,1232.3932175966702,3.493912122816305,1823,1832,61,0,1771,1813,154475,57,5,0,52,19
2020-06-17,US,Louisiana,Plaquemines,228,17,0,29.42245447,-89.60322085,22075.0,982.8857179807733,7.456140350877192,211,228,17,0,211,228,23410,0,0,0,0,0
2020-06-17,US,Louisiana,Pointe Coupee,224,27,0,30.71409502,-91.60209535,22077.0,1030.8329498389323,12.053571428571427,197,223,25,0,198,221,21940,1,2,0,-1,2
2020-06-17,US,Louisiana,Rapides,1229,47,0,31.19778499,-92.52997303,22079.0,947.9513760335678,3.824247355573637,1182,1209,45,0,1164,1193,130562,20,2,0,18,16
2020-06-17,US,Louisiana,Red River,52,8,0,32.09530039,-93.34213308,22081.0,615.9677801468846,15.384615384615385,44,52,8,0,44,53,8477,0,0,0,0,-1
2020-06-17,US,Louisiana,Richland,167,3,0,32.41391005,-91.76634876,22083.0,829.9373819699831,1.7964071856287425,164,164,3,0,161,164,20192,3,0,0,3,0
2020-06-17,US,Louisiana,Sabine,63,1,0,31.56388699,-93.55433981,22085.0,263.7749120750293,1.5873015873015872,62,62,1,0,61,59,24032,1,0,0,1,3
2020-06-17,US,Louisiana,St. Bernard,580,23,0,29.87761636,-89.51887093,22087.0,1227.6691220049104,3.9655172413793114,557,575,23,0,552,571,46721,5,0,0,5,4
2020-06-17,US,Louisiana,St. Charles,667,46,0,29.90709658,-90.35555967,22089.0,1256.120527306968,6.896551724137932,621,665,46,0,619,661,52879,2,0,0,2,4
2020-06-17,US,Louisiana,St. Helena,60,1,0,30.82210324,-90.71013176,22091.0,592.1831819976312,1.6666666666666667,59,60,1,0,59,58,10262,0,0,0,0,2
2020-06-17,US,Louisiana,St. James,313,28,0,30.02531716,-90.80212061,22093.0,1483.6935912021233,8.945686900958467,285,309,27,0,282,308,21037,4,1,0,3,1
2020-06-17,US,Louisiana,St. John the Baptist,904,83,0,30.12597499,-90.4753503,22095.0,2110.3251861708336,9.181415929203538,821,894,83,0,811,892,43184,10,0,0,10,2
2020-06-17,US,Louisiana,St. Landry,393,55,0,30.59724262,-92.00135806,22097.0,478.5446398129658,13.994910941475826,338,379,55,0,324,370,82764,14,0,0,14,9
2020-06-17,US,Louisiana,St. Martin,441,28,0,30.13112107,-91.61403569,22099.0,825.3635529935805,6.349206349206349,413,381,28,0,353,351,53621,60,0,0,60,30
2020-06-17,US,Louisiana,St. Mary,363,35,0,29.69262097,-91.44702164,22101.0,735.5921212612468,9.641873278236917,328,360,33,0,327,359,49774,3,2,0,1,1
2020-06-17,US,Louisiana,St. Tammany,1999,170,0,30.40942847,-89.95642711,22103.0,767.6091222222649,8.504252126063031,1829,1962,169,0,1793,1954,258111,37,1,0,36,8
2020-06-17,US,Louisiana,Tangipahoa,1082,42,0,30.62888673,-90.40664996,22105.0,802.9207913444842,3.8817005545286505,1040,1062,42,0,1020,1048,133777,20,0,0,20,14
2020-06-17,US,Louisiana,Tensas,22,0,0,32.00760749,-91.32915234,22107.0,507.6142131979696,0.0,22,22,0,0,22,22,4462,0,0,0,0,0
2020-06-17,US,Louisiana,Terrebonne,826,58,0,29.37343766,-90.82626855,22109.0,747.7752328876254,7.021791767554479,768,818,58,0,760,812,111021,8,0,0,8,6
2020-06-17,US,Louisiana,Unassigned,458,112,0,0.0,0.0,90022.0,0.0,24.45414847161572,346,393,112,0,281,319,,65,0,0,65,74
2020-06-17,US,Louisiana,Union,435,20,0,32.83121059,-92.3749373,22111.0,1967.6135335625115,4.597701149425287,415,422,20,0,402,422,22330,13,0,0,13,0
2020-06-17,US,Louisiana,Vermilion,99,5,0,29.83517605,-92.30292538,22113.0,166.35579976811007,5.05050505050505,94,85,5,0,80,81,59830,14,0,0,14,4
2020-06-17,US,Louisiana,Vernon,67,3,0,31.10884837,-93.18153838,22115.0,141.26378376099012,4.477611940298506,64,58,3,0,55,54,48860,9,0,0,9,4
2020-06-17,US,Louisiana,Washington,560,43,0,30.85288548,-90.03866652,22117.0,1212.2786509070445,7.678571428571429,517,556,43,0,513,546,46582,4,0,0,4,10
2020-06-17,US,Louisiana,Webster,331,10,0,32.70847669,-93.33121835,22119.0,863.3281168492438,3.0211480362537766,321,252,8,0,244,248,38798,79,2,0,77,4
2020-06-17,US,Louisiana,West Baton Rouge,205,30,0,30.46058217,-91.30989571,22121.0,774.6079727942564,14.634146341463413,175,204,31,0,173,204,26427,1,-1,0,2,0
2020-06-17,US,Louisiana,West Carroll,115,3,0,32.78550125,-91.461201,22123.0,1061.865189289012,2.608695652173913,112,114,3,0,111,115,10982,1,0,0,1,-1
2020-06-17,US,Louisiana,West Feliciana,239,14,0,30.87882871,-91.41485379999999,22125.0,1535.2004110996916,5.857740585774058,225,234,14,0,220,231,15460,5,0,0,5,3
2020-06-17,US,Louisiana,Winn,215,5,0,31.94449367,-92.63789413,22127.0,1546.3176064441886,2.3255813953488373,210,215,4,0,211,214,14134,0,1,0,-1,1
2020-06-17,US,Maine,Androscoggin,434,4,0,44.1664747,-70.20380627,23001.0,400.8238129981437,0.9216589861751152,430,428,4,0,424,429,107679,6,0,0,6,-1
2020-06-17,US,Maine,Aroostook,10,1,0,46.65926321,-68.59841248,23003.0,14.913131011855938,10.0,9,10,1,0,9,10,67111,0,0,0,0,0
2020-06-17,US,Maine,Cumberland,1461,58,0,43.8370751,-70.37226999,23005.0,495.24920085558455,3.969883641341547,1403,1450,57,0,1393,1445,293557,11,1,0,10,5
2020-06-17,US,Maine,Franklin,37,1,0,44.97330019,-70.44381045,23007.0,122.52061326533993,2.702702702702702,36,37,1,0,36,37,29897,0,0,0,0,0
2020-06-17,US,Maine,Hancock,13,1,0,44.59816444,-68.38401854,23009.0,23.64195173404623,7.6923076923076925,12,13,1,0,12,13,54811,0,0,0,0,0
2020-06-17,US,Maine,Kennebec,138,9,0,44.40759555,-69.76738544,23011.0,112.83544013998136,6.521739130434782,129,137,9,0,128,136,122083,1,0,0,1,1
2020-06-17,US,Maine,Knox,23,1,0,44.11486325,-69.10529169,23013.0,57.82962888464246,4.3478260869565215,22,23,1,0,22,23,39771,0,0,0,0,0
2020-06-17,US,Maine,Lincoln,21,0,0,44.05996956,-69.54227124,23015.0,60.63405901715078,0.0,21,21,0,0,21,21,34342,0,0,0,0,0
2020-06-17,US,Maine,Oxford,34,0,0,44.49952995,-70.75682123,23017.0,58.64596808969383,0.0,34,34,0,0,34,34,57618,0,0,0,0,0
2020-06-17,US,Maine,Penobscot,101,2,0,45.40194593,-68.65020455,23019.0,66.38273260246602,1.98019801980198,99,101,2,0,99,102,151096,0,0,0,0,-1
2020-06-17,US,Maine,Piscataquis,1,0,0,45.83839062,-69.2860223,23021.0,5.957700327673518,0.0,1,1,0,0,1,1,16800,0,0,0,0,0
2020-06-17,US,Maine,Sagadahoc,30,0,0,43.95415864,-69.85074999,23023.0,83.66800535475234,0.0,30,30,0,0,30,30,35634,0,0,0,0,0
2020-06-17,US,Maine,Somerset,26,0,0,45.51229767,-69.95995554,23025.0,51.50146581095,0.0,26,25,0,0,25,25,50592,1,0,0,1,0
2020-06-17,US,Maine,Unassigned,1,0,0,0.0,0.0,90023.0,0.0,0.0,1,3,0,0,3,2,,-2,0,0,-2,1
2020-06-17,US,Maine,Waldo,55,14,0,44.4858305,-69.12061935,23027.0,138.48671786478658,25.45454545454545,41,55,14,0,41,55,39694,0,0,0,0,0
2020-06-17,US,Maine,Washington,1,0,0,45.01607142,-67.62813524,23029.0,3.1868447050575224,0.0,1,1,0,0,1,1,31490,0,0,0,0,0
2020-06-17,US,Maine,York,450,11,0,43.47808377,-70.71052375,23031.0,216.72020458387314,2.4444444444444446,439,450,11,0,439,446,206229,0,0,0,0,4
2020-06-17,US,Maryland,Allegany,188,17,0,39.62357628,-78.69280486,24001.0,266.9847761872302,9.04255319148936,171,188,17,0,171,187,70975,0,0,0,0,1
2020-06-17,US,Maryland,Anne Arundel,4796,195,0,39.00670238,-76.60329337,24003.0,827.990069643702,4.065888240200167,4601,4751,194,0,4557,4623,576031,45,1,0,44,128
2020-06-17,US,Maryland,Baltimore,7329,432,0,39.45784712,-76.62911955,24005.0,885.8189201929004,5.894392140810479,6897,7248,427,0,6821,7199,828431,81,5,0,76,49
2020-06-17,US,Maryland,Baltimore City,6866,307,0,39.30211911,-76.61151012,24510.0,1156.8855414581544,4.471307893970288,6559,6782,304,0,6478,6747,621342,84,3,0,81,35
2020-06-17,US,Maryland,Calvert,382,22,0,38.53961642,-76.56820632,24009.0,412.86138881383414,5.7591623036649215,360,380,21,0,359,376,92003,2,1,0,1,4
2020-06-17,US,Maryland,Caroline,284,2,0,38.87172293,-75.82904158,24011.0,850.1466802370833,0.7042253521126759,282,284,2,0,282,283,33304,0,0,0,0,1
2020-06-17,US,Maryland,Carroll,1006,105,0,39.56453592,-77.02373735,24013.0,597.2204907181488,10.43737574552684,901,987,105,0,882,992,168429,19,0,0,19,-5
2020-06-17,US,Maryland,Cecil,455,30,0,39.56647682,-75.94627411,24015.0,442.37032715959367,6.593406593406592,425,450,30,0,420,445,102826,5,0,0,5,5
2020-06-17,US,Maryland,Charles,1291,85,0,38.51092331,-76.98580666,24017.0,790.7777308170552,6.584043377226956,1206,1277,83,0,1194,1272,161503,14,2,0,12,5
2020-06-17,US,Maryland,Dorchester,170,4,0,38.45413522,-76.02752426,24019.0,532.4313320179148,2.3529411764705883,166,166,4,0,162,165,31998,4,0,0,4,1
2020-06-17,US,Maryland,Frederick,2336,115,0,39.47296601,-77.39999394,24021.0,900.0296670737863,4.9229452054794525,2221,2308,115,0,2193,2298,255648,28,0,0,28,10
2020-06-17,US,Maryland,Garrett,10,0,0,39.52786077,-79.27355126,24023.0,34.46611980423244,0.0,10,10,0,0,10,10,29163,0,0,0,0,0
2020-06-17,US,Maryland,Harford,1032,61,0,39.55010644,-76.30775940000002,24025.0,404.00718756973237,5.9108527131782935,971,1023,59,0,964,1019,253956,9,2,0,7,4
2020-06-17,US,Maryland,Howard,2343,77,0,39.25305293,-76.93126208,24027.0,719.39574441954,3.286384976525821,2266,2327,76,0,2251,2350,323196,16,1,0,15,-23
2020-06-17,US,Maryland,Kent,192,24,0,39.24976208,-76.04741541,24029.0,988.5696632684584,12.5,168,193,24,0,169,193,19383,-1,0,0,-1,0
2020-06-17,US,Maryland,Montgomery,13819,704,0,39.13676329,-77.20358245,24031.0,1315.2334470366084,5.094435197915913,13115,13709,698,0,13011,13657,1052567,110,6,0,104,52
2020-06-17,US,Maryland,Prince George's,17611,648,0,38.83070039,-76.8496441,24033.0,1936.7070371824439,3.679518482766453,16963,17499,644,0,16855,17400,909308,112,4,0,108,99
2020-06-17,US,Maryland,Queen Anne's,187,14,0,39.06198912,-76.03530977,24035.0,371.17167186042366,7.4866310160427805,173,183,13,0,170,183,50251,4,1,0,3,0
2020-06-17,US,Maryland,Somerset,82,3,0,38.1163542,-75.75118623,24039.0,320.1124297314179,3.6585365853658534,79,82,3,0,79,80,25675,0,0,0,0,2
2020-06-17,US,Maryland,St. Mary's,587,41,0,38.30058422,-76.60629279999998,24037.0,517.1350541802484,6.984667802385008,546,585,40,0,545,582,112664,2,1,0,1,3
2020-06-17,US,Maryland,Talbot,110,4,0,38.76618159,-76.10882561,24041.0,295.850030929776,3.636363636363636,106,109,4,0,105,107,36968,1,0,0,1,2
2020-06-17,US,Maryland,Unassigned,0,31,0,0.0,0.0,90024.0,0.0,0.0,-31,0,45,0,-45,0,,0,-14,0,14,0
2020-06-17,US,Maryland,Washington,593,22,0,39.60835778,-77.82002295,24043.0,392.58783573542365,3.7099494097807764,571,579,22,0,557,579,150926,14,0,0,14,0
2020-06-17,US,Maryland,Wicomico,1035,36,0,38.37301947,-75.62705831,24045.0,998.9479678406316,3.4782608695652173,999,1031,35,0,996,1027,103195,4,1,0,3,4
2020-06-17,US,Maryland,Worcester,265,17,0,38.21274277,-75.33200012,24047.0,506.9247838396205,6.415094339622643,248,258,17,0,241,258,51823,7,0,0,7,0
2020-06-17,US,Massachusetts,Barnstable,1497,133,0,41.72980578,-70.28854339,25001.0,702.8498990562938,8.88443553774215,1364,1494,131,0,1363,1489,213413,3,2,0,1,5
2020-06-17,US,Massachusetts,Berkshire,582,42,0,42.37428441,-73.20524838,25003.0,465.80868228966585,7.216494845360825,540,578,42,0,536,579,126348,4,0,0,4,-1
2020-06-17,US,Massachusetts,Bristol,7956,528,0,41.79228404,-71.10872211,25005.0,1407.6009744929822,6.6365007541478125,7428,7940,520,0,7420,7925,564022,16,8,0,8,15
2020-06-17,US,Massachusetts,Dukes and Nantucket,57,0,0,41.40674725,-70.68763497,0.0,198.39198078730288,0.0,57,57,0,0,57,0,26707,0,0,0,0,57
2020-06-17,US,Massachusetts,Essex,15703,1057,0,42.6687626,-70.94687179,25009.0,1990.1550503527094,6.731197860281474,14646,15667,1052,0,14615,15627,790638,36,5,0,31,40
2020-06-17,US,Massachusetts,Franklin,354,52,0,42.58119713,-72.58602547,25011.0,504.4172128811627,14.689265536723163,302,353,51,0,302,353,70963,1,1,0,0,0
2020-06-17,US,Massachusetts,Hampden,6518,645,0,42.13440424,-72.63235561,25013.0,1397.5967682450919,9.895673519484504,5873,6503,642,0,5861,6489,470406,15,3,0,12,14
2020-06-17,US,Massachusetts,Hampshire,936,105,0,42.33997957,-72.65898478,25015.0,581.9809736989367,11.217948717948715,831,930,103,0,827,926,161355,6,2,0,4,4
2020-06-17,US,Massachusetts,Middlesex,23346,1781,0,42.48607732,-71.39049229,25017.0,1448.5335040848197,7.628715839972585,21565,23269,1765,0,21504,23227,1614714,77,16,0,61,42
2020-06-17,US,Massachusetts,Norfolk,8908,903,0,42.16073095,-71.20530408,25021.0,1260.3728202044495,10.13695554557701,8005,8892,891,0,8001,8872,705388,16,12,0,4,20
2020-06-17,US,Massachusetts,Plymouth,8522,631,0,41.94070556,-70.80802823,25023.0,1635.0666344334827,7.404365172494719,7891,8514,629,0,7885,8512,518132,8,2,0,6,2
2020-06-17,US,Massachusetts,Suffolk,19434,959,0,42.327951399999996,-71.07850442,25025.0,2417.443808798779,4.934650612328908,18475,19367,952,0,18415,19334,807252,67,7,0,60,33
2020-06-17,US,Massachusetts,Unassigned,306,9,0,0.0,0.0,90025.0,0.0,2.9411764705882355,297,307,9,0,298,311,,-1,0,0,-1,-4
2020-06-17,US,Massachusetts,Worcester,12032,888,0,42.35026951,-71.90493363,25027.0,1448.5530120801038,7.38031914893617,11144,12014,877,0,11137,11991,830839,18,11,0,7,23
2020-06-17,US,Michigan,Alcona,21,1,0,44.6846864,-83.59507875,26001.0,201.8260451705911,4.761904761904762,20,21,1,0,20,21,10362,0,0,0,0,0
2020-06-17,US,Michigan,Alger,2,0,0,46.41292944,-86.60260122,26003.0,21.95871761089152,0.0,2,1,0,0,1,1,9097,1,0,0,1,0
2020-06-17,US,Michigan,Allegan,288,6,0,42.59147037,-85.89102866,26005.0,243.9003734724469,2.083333333333333,282,288,6,0,282,287,117327,0,0,0,0,1
2020-06-17,US,Michigan,Alpena,114,11,0,45.03477666,-83.62212411,26007.0,401.3377926421405,9.649122807017543,103,114,11,0,103,114,28360,0,0,0,0,0
2020-06-17,US,Michigan,Antrim,14,0,0,44.99690221,-85.15503082,26009.0,60.02400960384154,0.0,14,14,0,0,14,14,23365,0,0,0,0,0
2020-06-17,US,Michigan,Arenac,38,1,0,44.0636262,-83.89277559,26011.0,255.32486729825973,2.631578947368421,37,38,1,0,37,38,15041,0,0,0,0,0
2020-06-17,US,Michigan,Baraga,1,0,0,46.6720582,-88.36363591,26013.0,12.181751735899622,0.0,1,1,0,0,1,1,8320,0,0,0,0,0
2020-06-17,US,Michigan,Barry,92,2,0,42.59513984,-85.30834519,26015.0,149.47197400487408,2.1739130434782608,90,91,2,0,89,91,61157,1,0,0,1,0
2020-06-17,US,Michigan,Bay,378,29,0,43.70639106,-83.98731479,26017.0,366.5419001997556,7.6719576719576725,349,376,29,0,347,378,103923,2,0,0,2,-2
2020-06-17,US,Michigan,Benzie,5,0,0,44.63899297,-86.01608482,26019.0,28.14364516492176,0.0,5,5,0,0,5,5,17753,0,0,0,0,0
2020-06-17,US,Michigan,Berrien,829,57,0,41.95447397,-86.41313079999998,26021.0,540.4136870033442,6.875753920386008,772,827,57,0,770,824,154141,2,0,0,2,3
2020-06-17,US,Michigan,Branch,238,2,0,41.91600556,-85.05929476,26023.0,546.9127007836018,0.8403361344537815,236,237,2,0,235,235,43622,1,0,0,1,2
2020-06-17,US,Michigan,Calhoun,495,28,0,42.24633834,-85.00493569,26025.0,368.9651831036308,5.656565656565657,467,492,28,0,464,487,134487,3,0,0,3,5
2020-06-17,US,Michigan,Cass,118,4,0,41.91522292,-85.99405727,26027.0,227.85641184080947,3.3898305084745757,114,116,4,0,112,115,51653,2,0,0,2,1
2020-06-17,US,Michigan,Charlevoix,22,2,0,45.37790017,-85.19614053,26029.0,84.15254561450485,9.090909090909092,20,22,2,0,20,20,26244,0,0,0,0,2
2020-06-17,US,Michigan,Cheboygan,26,1,0,45.44787015,-84.50122149,26031.0,102.86437727488527,3.8461538461538463,25,26,1,0,25,26,25413,0,0,0,0,0
2020-06-17,US,Michigan,Chippewa,4,0,0,46.29552653,-84.54353449,26033.0,10.709791426811963,0.0,4,4,0,0,4,3,37517,0,0,0,0,1
2020-06-17,US,Michigan,Clare,25,2,0,43.98794227,-84.84819859999998,26035.0,80.77544426494346,8.0,23,25,2,0,23,25,30757,0,0,0,0,0
2020-06-17,US,Michigan,Clinton,191,11,0,42.94400871,-84.60145248,26037.0,239.96482191092412,5.7591623036649215,180,190,11,0,179,190,79332,1,0,0,1,0
2020-06-17,US,Michigan,Crawford,65,5,0,44.68255561,-84.61006219,26039.0,463.3259676384632,7.6923076923076925,60,65,5,0,60,65,13901,0,0,0,0,0
2020-06-17,US,Michigan,Delta,21,2,0,45.90484910000001,-86.9080745,26041.0,58.685446009389665,9.523809523809524,19,21,2,0,19,21,35857,0,0,0,0,0
2020-06-17,US,Michigan,Dickinson,7,2,0,46.00999672,-87.86961634,26043.0,27.734854788224567,28.57142857142857,5,7,2,0,5,7,25383,0,0,0,0,0
2020-06-17,US,Michigan,Eaton,261,7,0,42.59599185,-84.83740035,26045.0,236.69604962455108,2.681992337164751,254,258,7,0,251,258,109826,3,0,0,3,0
2020-06-17,US,Michigan,Emmet,26,2,0,45.52625509,-84.89083249,26047.0,77.80936705072574,7.6923076923076925,24,26,2,0,24,26,33308,0,0,0,0,0
2020-06-17,US,Michigan,Federal Correctional Institution (FCI),168,5,0,0.0,0.0,0.0,0.0,2.9761904761904763,163,166,5,0,161,165,,2,0,0,2,1
2020-06-17,US,Michigan,Genesee,2596,283,0,43.02244215,-83.70589709,26049.0,639.7035087589603,10.901386748844377,2313,2589,283,0,2306,2583,406892,7,0,0,7,6
2020-06-17,US,Michigan,Gladwin,20,1,0,43.98901072,-84.38774817,26051.0,78.58854964831625,5.0,19,20,1,0,19,20,25337,0,0,0,0,0
2020-06-17,US,Michigan,Gogebic,5,1,0,46.40862701,-89.69377193,26053.0,35.77817531305904,20.0,4,5,1,0,4,5,15096,0,0,0,0,0
2020-06-17,US,Michigan,Grand Traverse,36,5,0,44.69565625,-85.55585247,26055.0,38.673083533860435,13.888888888888891,31,37,5,0,32,37,92573,-1,0,0,-1,0
2020-06-17,US,Michigan,Gratiot,91,12,0,43.29265605,-84.60505416,26057.0,223.52681093561932,13.186813186813184,79,90,12,0,78,91,40599,1,0,0,1,-1
2020-06-17,US,Michigan,Hillsdale,182,25,0,41.88753639,-84.59312019,26059.0,399.0790483499616,13.736263736263735,157,182,25,0,157,182,45749,0,0,0,0,0
2020-06-17,US,Michigan,Houghton,8,0,0,46.89988536,-88.68495385,26061.0,22.419011321600717,0.0,8,8,0,0,8,8,36219,0,0,0,0,0
2020-06-17,US,Michigan,Huron,60,1,0,43.83353985,-83.04078453,26063.0,193.66708627868687,1.6666666666666667,59,60,1,0,59,61,31166,0,0,0,0,-1
2020-06-17,US,Michigan,Ingham,818,29,0,42.59716886,-84.37472069,26065.0,279.7480215864244,3.5452322738386317,789,817,29,0,788,822,292735,1,0,0,1,-5
2020-06-17,US,Michigan,Ionia,182,4,0,42.94502238,-85.07413319,26067.0,281.3113436480826,2.1978021978021984,178,180,4,0,176,180,64210,2,0,0,2,0
2020-06-17,US,Michigan,Iosco,111,10,0,44.35486835,-83.63484895,26069.0,441.7558801289449,9.00900900900901,101,111,10,0,101,112,25081,0,0,0,0,-1
2020-06-17,US,Michigan,Iron,3,0,0,46.20974132,-88.53136251,26071.0,27.110066871498283,0.0,3,3,0,0,3,3,11117,0,0,0,0,0
2020-06-17,US,Michigan,Isabella,99,8,0,43.64060976,-84.84664923,26073.0,141.68765743073047,8.080808080808081,91,99,8,0,91,97,70562,0,0,0,0,2
2020-06-17,US,Michigan,Jackson,487,30,0,42.24807035,-84.42258681,26075.0,307.23613652135515,6.160164271047227,457,486,30,0,456,487,158823,1,0,0,1,-1
2020-06-17,US,Michigan,Kalamazoo,969,63,0,42.24542231,-85.53038622,26077.0,365.5693299027412,6.5015479876160995,906,958,63,0,895,955,264870,11,0,0,11,3
2020-06-17,US,Michigan,Kalkaska,30,2,0,44.68512729,-85.09085699,26079.0,166.3155560483424,6.666666666666668,28,30,2,0,28,30,17824,0,0,0,0,0
2020-06-17,US,Michigan,Kent,4491,115,0,43.03197711,-85.54934642,26081.0,683.6084663333105,2.5606769093743043,4376,4471,115,0,4356,4463,653786,20,0,0,20,8
2020-06-17,US,Michigan,Keweenaw,1,0,0,47.63197653,-88.41434263,26083.0,47.25897920604915,0.0,1,1,0,0,1,1,2113,0,0,0,0,0
2020-06-17,US,Michigan,Lake,7,0,0,43.99050893,-85.802173,26085.0,59.05677887454653,0.0,7,7,0,0,7,7,11881,0,0,0,0,0
2020-06-17,US,Michigan,Lapeer,231,31,0,43.09052506,-83.22153148,26087.0,263.67756001232783,13.41991341991342,200,230,31,0,199,229,88028,1,0,0,1,1
2020-06-17,US,Michigan,Leelanau,12,0,0,44.94430054,-85.80150326,26089.0,55.144524608244105,0.0,12,12,0,0,12,12,21764,0,0,0,0,0
2020-06-17,US,Michigan,Lenawee,199,6,0,41.89475156,-84.06603727,26091.0,202.13100933459285,3.0150753768844223,193,201,6,0,195,198,98266,-2,0,0,-2,3
2020-06-17,US,Michigan,Livingston,527,28,0,42.60302282,-83.91297209,26093.0,274.48631474777994,5.313092979127135,499,526,28,0,498,521,191224,1,0,0,1,5
2020-06-17,US,Michigan,Luce,3,0,0,46.47227431,-85.54471223,26095.0,48.16182372772515,0.0,3,3,0,0,3,3,6283,0,0,0,0,0
2020-06-17,US,Michigan,Mackinac,8,0,0,46.07028979,-85.04980537,26097.0,74.0809334197611,0.0,8,8,0,0,8,8,10787,0,0,0,0,0
2020-06-17,US,Michigan,Macomb,7102,892,0,42.69158356,-82.92752801,26099.0,812.6118456884202,12.559842297944241,6210,7091,891,0,6200,7060,874759,11,1,0,10,31
2020-06-17,US,Michigan,Manistee,12,1,0,44.33352407,-86.05626916,26101.0,48.863913999511354,8.333333333333334,11,12,1,0,11,12,24528,0,0,0,0,0
2020-06-17,US,Michigan,Marquette,59,11,0,46.4338914,-87.64043701,26103.0,88.45709830732096,18.644067796610173,48,59,11,0,48,59,66516,0,0,0,0,0
2020-06-17,US,Michigan,Mason,38,0,0,43.99509218,-86.24988902,26105.0,130.38704364534723,0.0,38,38,0,0,38,39,29100,0,0,0,0,-1
2020-06-17,US,Michigan,Mecosta,26,2,0,43.64064262,-85.32463223,26107.0,59.834763997882774,7.6923076923076925,24,26,2,0,24,25,43545,0,0,0,0,1
2020-06-17,US,Michigan,Menominee,9,0,0,45.58038692,-87.55370409,26109.0,39.50834064969271,0.0,9,9,0,0,9,9,22983,0,0,0,0,0
2020-06-17,US,Michigan,Michigan Department of Corrections (MDOC),4067,68,0,0.0,0.0,0.0,0.0,1.6719940988443571,3999,4058,68,0,3990,4059,,9,0,0,9,-1
2020-06-17,US,Michigan,Midland,153,9,0,43.64330771,-84.38804374,26111.0,183.9915339843186,5.882352941176472,144,152,9,0,143,153,83209,1,0,0,1,-1
2020-06-17,US,Michigan,Missaukee,24,1,0,44.33772443,-85.09256478,26113.0,158.75115756052386,4.166666666666667,23,24,1,0,23,24,15113,0,0,0,0,0
2020-06-17,US,Michigan,Monroe,570,21,0,41.92734151,-83.53749864,26115.0,378.7375415282392,3.684210526315789,549,571,21,0,550,570,150439,-1,0,0,-1,1
2020-06-17,US,Michigan,Montcalm,81,1,0,43.31082541,-85.15252824,26117.0,126.78437265214123,1.2345679012345678,80,81,1,0,80,80,63968,0,0,0,0,1
2020-06-17,US,Michigan,Montmorency,5,0,0,45.0275929,-84.12696227,26119.0,53.60205831903945,0.0,5,5,0,0,5,5,9265,0,0,0,0,0
2020-06-17,US,Michigan,Muskegon,748,43,0,43.29123859,-86.15176712,26121.0,430.9599806413698,5.748663101604277,705,742,43,0,699,742,173588,6,0,0,6,0
2020-06-17,US,Michigan,Newaygo,130,0,0,43.554373999999996,-85.80070107,26123.0,265.4144548795427,0.0,130,128,0,0,128,127,48892,2,0,0,2,1
2020-06-17,US,Michigan,Oakland,11384,1069,0,42.66090111,-83.38595416,26125.0,905.2278018804311,9.390372452565003,10315,11372,1069,0,10303,11313,1259201,12,0,0,12,59
2020-06-17,US,Michigan,Oceana,119,3,0,43.64124435,-86.26726673,26127.0,449.616503570484,2.5210084033613445,116,116,3,0,113,112,26625,3,0,0,3,4
2020-06-17,US,Michigan,Ogemaw,32,2,0,44.33481032,-84.12725175,26129.0,152.40272419869504,6.25,30,32,2,0,30,32,20952,0,0,0,0,0
2020-06-17,US,Michigan,Osceola,22,0,0,43.98992088,-85.32566756,26133.0,93.77664109121908,0.0,22,22,0,0,22,22,23341,0,0,0,0,0
2020-06-17,US,Michigan,Oscoda,8,1,0,44.68192279,-84.12939244,26135.0,97.07559762164786,12.5,7,8,1,0,7,8,8276,0,0,0,0,0
2020-06-17,US,Michigan,Otsego,120,10,0,45.02085831,-84.59898295,26137.0,486.4601913410085,8.333333333333334,110,120,10,0,110,120,24665,0,0,0,0,0
2020-06-17,US,Michigan,Ottawa,936,51,0,42.95996803,-85.9969107,26139.0,320.7346742966796,5.44871794871795,885,936,51,0,885,936,290494,0,0,0,0,0
2020-06-17,US,Michigan,Out of MI,40,0,0,0.0,0.0,80026.0,0.0,0.0,40,35,0,0,35,34,,5,0,0,5,1
2020-06-17,US,Michigan,Presque Isle,12,0,0,45.34018577,-83.91498656,26141.0,95.29860228716646,0.0,12,12,0,0,12,12,12738,0,0,0,0,0
2020-06-17,US,Michigan,Roscommon,25,0,0,44.33473082,-84.61067651,26143.0,104.08426662225736,0.0,25,25,0,0,25,25,23884,0,0,0,0,0
2020-06-17,US,Michigan,Saginaw,1171,120,0,43.33433923,-84.05131209999998,26145.0,614.5723447693123,10.247651579846286,1051,1168,120,0,1048,1160,190800,3,0,0,3,8
2020-06-17,US,Michigan,Sanilac,43,6,0,43.42406072,-82.82055898,26151.0,104.44498421180471,13.953488372093025,37,43,6,0,37,43,41182,0,0,0,0,0
2020-06-17,US,Michigan,Schoolcraft,4,0,0,46.19235734,-86.19972234,26153.0,49.419322955275504,0.0,4,4,0,0,4,4,8068,0,0,0,0,0
2020-06-17,US,Michigan,Shiawassee,264,27,0,42.95392800000001,-84.14585902,26155.0,387.5400017615455,10.227272727272727,237,265,27,0,238,265,68192,-1,0,0,-1,0
2020-06-17,US,Michigan,St. Clair,518,48,0,42.92655373,-82.67937954,26147.0,325.52410637976976,9.266409266409266,470,518,48,0,470,518,159337,0,0,0,0,0
2020-06-17,US,Michigan,St. Joseph,200,3,0,41.91441767,-85.52797979,26149.0,328.06246309297285,1.5,197,193,3,0,190,186,61043,7,0,0,7,7
2020-06-17,US,Michigan,Tuscola,230,26,0,43.46606813,-83.41897025,26157.0,440.2335151689157,11.304347826086955,204,216,26,0,190,211,52516,14,0,0,14,5
2020-06-17,US,Michigan,Unassigned,4,0,0,0.0,0.0,90026.0,0.0,0.0,4,10,0,0,10,2,,-6,0,0,-6,8
2020-06-17,US,Michigan,Van Buren,210,7,0,42.25190229,-86.01939087,26159.0,277.4951438349829,3.333333333333333,203,207,7,0,200,205,75448,3,0,0,3,2
2020-06-17,US,Michigan,Washtenaw,1592,101,0,42.253105,-83.83853204,26161.0,433.0782560439172,6.344221105527638,1491,1584,101,0,1483,1571,370963,8,0,0,8,13
2020-06-17,US,Michigan,Wayne,21897,2676,0,42.28098405,-83.281255,26163.0,1251.7270769654665,12.220852171530346,19221,21805,2675,0,19130,21793,1753893,92,1,0,91,12
2020-06-17,US,Michigan,Wexford,17,3,0,44.33853602,-85.57712739,26165.0,50.548600993131345,17.647058823529417,14,17,3,0,14,17,33466,0,0,0,0,0
2020-06-17,US,Minnesota,Aitkin,13,0,0,46.60962049,-93.41168259999999,27001.0,81.83306055646482,0.0,13,13,0,0,13,13,15902,0,0,0,0,0
2020-06-17,US,Minnesota,Anoka,1786,91,0,45.27476015,-93.24604565,27003.0,500.3908427915421,5.09518477043673,1695,1770,90,0,1680,1760,353813,16,1,0,15,10
2020-06-17,US,Minnesota,Becker,49,0,0,46.93479392,-95.67158144,27005.0,142.34668680823867,0.0,49,50,0,0,50,50,34371,-1,0,0,-1,0
2020-06-17,US,Minnesota,Beltrami,23,0,0,47.97373527,-94.93732139,27007.0,48.741205391201156,0.0,23,23,0,0,23,23,46847,0,0,0,0,0
2020-06-17,US,Minnesota,Benton,195,3,0,45.69804958,-93.99514135,27009.0,476.9008779867446,1.5384615384615383,192,193,3,0,190,193,40545,2,0,0,2,0
2020-06-17,US,Minnesota,Big Stone,14,0,0,45.42712824,-96.41403739,27011.0,280.50490883590464,0.0,14,13,0,0,13,13,4989,1,0,0,1,0
2020-06-17,US,Minnesota,Blue Earth,169,2,0,44.03554215,-94.06699781,27013.0,249.80414763572938,1.183431952662722,167,164,2,0,162,163,67427,5,0,0,5,1
2020-06-17,US,Minnesota,Brown,20,2,0,44.24205652,-94.72562874,27015.0,79.9744081893794,10.0,18,20,2,0,18,19,25111,0,0,0,0,1
2020-06-17,US,Minnesota,Carlton,81,0,0,46.59180601,-92.67601019,27017.0,225.8091494522037,0.0,81,80,0,0,80,80,35837,1,0,0,1,0
2020-06-17,US,Minnesota,Carver,278,2,0,44.82017001,-93.80099179999999,27019.0,264.53767758756857,0.7194244604316546,276,276,2,0,274,271,103551,2,0,0,2,5
2020-06-17,US,Minnesota,Cass,11,2,0,46.95043611,-94.32603968,27021.0,36.93878236341045,18.181818181818183,9,11,2,0,9,11,29519,0,0,0,0,0
2020-06-17,US,Minnesota,Chippewa,58,1,0,45.02343421,-95.56403693,27023.0,491.5254237288136,1.7241379310344829,57,57,1,0,56,56,11924,1,0,0,1,1
2020-06-17,US,Minnesota,Chisago,81,1,0,45.5021011,-92.90861945,27025.0,143.16265752310932,1.2345679012345678,80,80,1,0,79,80,55922,1,0,0,1,0
2020-06-17,US,Minnesota,Clay,512,37,0,46.89289518,-96.48761922,27027.0,797.2345925072406,7.2265625,475,506,37,0,469,506,63955,6,0,0,6,0
2020-06-17,US,Minnesota,Clearwater,6,0,0,47.57992111,-95.37790562,27029.0,68.04264005443412,0.0,6,5,0,0,5,5,8810,1,0,0,1,0
2020-06-17,US,Minnesota,Cook,1,0,0,47.90504893,-90.52629546,27031.0,18.304960644334614,0.0,1,1,0,0,1,1,5393,0,0,0,0,0
2020-06-17,US,Minnesota,Cottonwood,115,0,0,44.00715262,-95.18138802,27033.0,1027.152554483744,0.0,115,111,0,0,111,110,11277,4,0,0,4,1
2020-06-17,US,Minnesota,Crow Wing,91,10,0,46.48096553,-94.06755609,27035.0,139.8816386134809,10.989010989010987,81,90,10,0,80,90,64889,1,0,0,1,0
2020-06-17,US,Minnesota,Dakota,1776,75,0,44.67172617,-93.06299363,27037.0,413.9657499283252,4.222972972972973,1701,1758,74,0,1684,1730,425423,18,1,0,17,28
2020-06-17,US,Minnesota,Dodge,61,0,0,44.02238415,-92.86244324,27039.0,291.39199388554505,0.0,61,59,0,0,59,59,20822,2,0,0,2,0
2020-06-17,US,Minnesota,Douglas,51,0,0,45.93348491,-95.45335469,27041.0,133.71437560630292,0.0,51,48,0,0,48,48,37964,3,0,0,3,0
2020-06-17,US,Minnesota,Faribault,30,0,0,43.67381499,-93.94787458,27043.0,219.73192704900023,0.0,30,28,0,0,28,27,13758,2,0,0,2,1
2020-06-17,US,Minnesota,Fillmore,20,1,0,43.67394126,-92.08980382,27045.0,94.93520672141264,5.0,19,20,1,0,19,20,21058,0,0,0,0,0
2020-06-17,US,Minnesota,Freeborn,235,0,0,43.67385583,-93.34884422,27047.0,776.0641986724347,0.0,235,222,0,0,222,220,30444,13,0,0,13,2
2020-06-17,US,Minnesota,Goodhue,97,7,0,44.40849741,-92.72341949999999,27049.0,209.32239965472596,7.216494845360825,90,94,7,0,87,94,46403,3,0,0,3,0
2020-06-17,US,Minnesota,Grant,6,0,0,45.93424769,-96.01139609,27051.0,100.46885465505692,0.0,6,6,0,0,6,6,6021,0,0,0,0,0
2020-06-17,US,Minnesota,Hennepin,10415,727,0,45.00761521,-93.47694895,27053.0,822.7718603333905,6.980316850696112,9688,10323,724,0,9599,10281,1259428,92,3,0,89,42
2020-06-17,US,Minnesota,Houston,7,0,0,43.67129565,-91.49143057,27055.0,37.63440860215053,0.0,7,5,0,0,5,5,18578,2,0,0,2,0
2020-06-17,US,Minnesota,Hubbard,5,0,0,47.10778564,-94.91693868,27057.0,23.265553022195334,0.0,5,5,0,0,5,5,21332,0,0,0,0,0
2020-06-17,US,Minnesota,Isanti,50,0,0,45.56181234,-93.29487636,27059.0,123.16484382697806,0.0,50,50,0,0,50,50,39966,0,0,0,0,0
2020-06-17,US,Minnesota,Itasca,59,12,0,47.51009045,-93.63092229,27061.0,130.73343673831155,20.338983050847453,47,59,12,0,47,59,45108,0,0,0,0,0
2020-06-17,US,Minnesota,Jackson,48,0,0,43.67423373,-95.15398258,27063.0,487.5076173065204,0.0,48,48,0,0,48,48,9911,0,0,0,0,0
2020-06-17,US,Minnesota,Kanabec,13,1,0,45.9459309,-93.29275192,27065.0,79.57397318969211,7.6923076923076925,12,13,1,0,12,13,16207,0,0,0,0,0
2020-06-17,US,Minnesota,Kandiyohi,552,1,0,45.1526059,-95.00586446,27067.0,1277.8073566517744,0.18115942028985507,551,548,1,0,547,546,42855,4,0,0,4,2
2020-06-17,US,Minnesota,Kittson,1,0,0,48.77754106,-96.78317184,27069.0,23.266635644485806,0.0,1,1,0,0,1,1,4248,0,0,0,0,0
2020-06-17,US,Minnesota,Koochiching,9,0,0,48.24539665,-93.78352843,27071.0,73.59555155777251,0.0,9,9,0,0,9,9,12440,0,0,0,0,0
2020-06-17,US,Minnesota,Lac qui Parle,3,0,0,44.9973857,-96.17488219,27073.0,45.29669334138608,0.0,3,3,0,0,3,3,6658,0,0,0,0,0
2020-06-17,US,Minnesota,Lake,4,0,0,47.64270764,-91.44557998,27075.0,37.590452025185606,0.0,4,2,0,0,2,1,10658,2,0,0,2,1
2020-06-17,US,Minnesota,Le Sueur,53,1,0,44.37136597,-93.72844721,27079.0,183.47353480804514,1.8867924528301887,52,52,1,0,51,52,28494,1,0,0,1,0
2020-06-17,US,Minnesota,Lincoln,6,0,0,44.41311883,-96.26688165,27081.0,106.40184429863451,0.0,6,6,0,0,6,6,5673,0,0,0,0,0
2020-06-17,US,Minnesota,Lyon,229,2,0,44.41327865,-95.83806103,27083.0,898.955798068619,0.8733624454148472,227,222,2,0,220,214,25629,7,0,0,7,8
2020-06-17,US,Minnesota,Mahnomen,6,1,0,47.32557075,-95.80921485,27087.0,108.5579880586213,16.666666666666668,5,6,1,0,5,6,5519,0,0,0,0,0
2020-06-17,US,Minnesota,Marshall,12,0,0,48.35825983,-96.37017407,27089.0,128.53470437017995,0.0,12,12,0,0,12,12,9390,0,0,0,0,0
2020-06-17,US,Minnesota,Martin,147,5,0,43.67429718,-94.55099908,27091.0,746.8373723517758,3.4013605442176873,142,147,5,0,142,143,19785,0,0,0,0,4
2020-06-17,US,Minnesota,McLeod,56,0,0,44.82367677,-94.27287017,27085.0,156.01927952525563,0.0,56,54,0,0,54,54,35873,2,0,0,2,0
2020-06-17,US,Minnesota,Meeker,50,1,0,45.12328869,-94.52839455,27093.0,215.31306519679612,2.0,49,50,1,0,49,50,23141,0,0,0,0,0
2020-06-17,US,Minnesota,Mille Lacs,28,1,0,45.93705297,-93.63236823,27095.0,106.557065113978,3.571428571428572,27,28,1,0,27,28,26139,0,0,0,0,0
2020-06-17,US,Minnesota,Morrison,54,1,0,46.01265363,-94.27341528,27097.0,161.74444377882946,1.851851851851852,53,54,1,0,53,54,33169,0,0,0,0,0
2020-06-17,US,Minnesota,Mower,733,2,0,43.67142874,-92.75234549,27099.0,1829.6640207678101,0.2728512960436562,731,661,2,0,659,651,40011,72,0,0,72,10
2020-06-17,US,Minnesota,Murray,43,0,0,44.02216709,-95.76328482,27101.0,524.7742250427142,0.0,43,43,0,0,43,43,8276,0,0,0,0,0
2020-06-17,US,Minnesota,Nicollet,95,11,0,44.35291112,-94.24710352,27103.0,277.1780358289082,11.578947368421053,84,95,11,0,84,95,34220,0,0,0,0,0
2020-06-17,US,Minnesota,Nobles,1620,6,0,43.67434621,-95.75329576,27105.0,7489.944056590689,0.3703703703703704,1614,1620,6,0,1614,1620,21924,0,0,0,0,0
2020-06-17,US,Minnesota,Norman,18,0,0,47.32628443,-96.45620947,27107.0,282.35294117647067,0.0,18,17,0,0,17,17,6475,1,0,0,1,0
2020-06-17,US,Minnesota,Olmsted,810,12,0,44.00374114,-92.40209944,27109.0,511.7092985792169,1.4814814814814814,798,781,12,0,769,778,156277,29,0,0,29,3
2020-06-17,US,Minnesota,Otter Tail,83,1,0,46.40846929,-95.70835255,27111.0,141.28621523167538,1.2048192771084338,82,83,1,0,82,83,58812,0,0,0,0,0
2020-06-17,US,Minnesota,Pennington,51,0,0,48.06642577,-96.0370814,27113.0,361.2153835257455,0.0,51,51,0,0,51,51,14178,0,0,0,0,0
2020-06-17,US,Minnesota,Pine,96,0,0,46.12105238,-92.74070188,27115.0,324.5545826430914,0.0,96,96,0,0,96,96,29483,0,0,0,0,0
2020-06-17,US,Minnesota,Pipestone,14,0,0,44.02301619,-96.25841142,27117.0,153.40784571553803,0.0,14,14,0,0,14,14,9047,0,0,0,0,0
2020-06-17,US,Minnesota,Polk,67,2,0,47.77372465,-96.40134647,27119.0,213.62071164392296,2.985074626865672,65,67,2,0,65,67,31529,0,0,0,0,0
2020-06-17,US,Minnesota,Pope,10,0,0,45.58606667,-95.44451209,27121.0,88.8967908258512,0.0,10,10,0,0,10,10,11097,0,0,0,0,0
2020-06-17,US,Minnesota,Ramsey,4079,199,0,45.01625271,-93.09872295,27123.0,741.203770163232,4.878646727139005,3880,4033,192,0,3841,3992,550210,46,7,0,39,41
2020-06-17,US,Minnesota,Red Lake,4,0,0,47.87197525,-96.09561104,27125.0,98.64364981504316,0.0,4,4,0,0,4,4,3999,0,0,0,0,0
2020-06-17,US,Minnesota,Redwood,12,0,0,44.40555844,-95.25207021,27127.0,79.10349373764008,0.0,12,12,0,0,12,10,15249,0,0,0,0,2
2020-06-17,US,Minnesota,Renville,12,0,0,44.72836381,-94.94553734,27129.0,82.48556502612044,0.0,12,12,0,0,12,12,14612,0,0,0,0,0
2020-06-17,US,Minnesota,Rice,701,3,0,44.3543376,-93.29658715,27131.0,1046.706086125545,0.42796005706134094,698,697,3,0,694,694,66523,4,0,0,4,3
2020-06-17,US,Minnesota,Rock,25,0,0,43.67482683,-96.25296832,27133.0,268.38432635534093,0.0,25,25,0,0,25,25,9414,0,0,0,0,0
2020-06-17,US,Minnesota,Roseau,6,0,0,48.77501878,-95.81079919,27135.0,39.564787339268044,0.0,6,6,0,0,6,6,15150,0,0,0,0,0
2020-06-17,US,Minnesota,Scott,546,4,0,44.6490231,-93.53340251,27139.0,366.4109842765397,0.7326007326007326,542,541,4,0,537,536,147381,5,0,0,5,5
2020-06-17,US,Minnesota,Sherburne,272,3,0,45.44447208,-93.77617511,27141.0,279.7260330323536,1.1029411764705883,269,270,3,0,267,267,96036,2,0,0,2,3
2020-06-17,US,Minnesota,Sibley,26,2,0,44.5796592,-94.23164924,27143.0,174.90750084090146,7.6923076923076925,24,25,2,0,23,25,15028,1,0,0,1,0
2020-06-17,US,Minnesota,St. Louis,127,14,0,47.604840700000004,-92.46879855,27137.0,63.796654443160705,11.023622047244093,113,124,14,0,110,123,199754,3,0,0,3,1
2020-06-17,US,Minnesota,Stearns,2111,19,0,45.55192576,-94.61078221,27145.0,1310.5696104299236,0.9000473709142587,2092,2109,19,0,2090,2108,159256,2,0,0,2,1
2020-06-17,US,Minnesota,Steele,179,0,0,44.02240351,-93.22627088,27147.0,488.4171464432863,0.0,179,175,0,0,175,175,36803,4,0,0,4,0
2020-06-17,US,Minnesota,Stevens,1,0,0,45.58613007,-96.00163705,27149.0,10.198878123406423,0.0,1,1,0,0,1,1,9753,0,0,0,0,0
2020-06-17,US,Minnesota,Swift,20,1,0,45.2829032,-95.68264092,27151.0,215.8428663932657,5.0,19,20,1,0,19,20,9345,0,0,0,0,0
2020-06-17,US,Minnesota,Todd,379,2,0,46.06996226,-94.89785296,27153.0,1536.652611093091,0.5277044854881267,377,375,2,0,373,373,24582,4,0,0,4,2
2020-06-17,US,Minnesota,Traverse,5,0,0,45.77298854,-96.47062949,27155.0,153.42129487572873,0.0,5,5,0,0,5,5,3308,0,0,0,0,0
2020-06-17,US,Minnesota,Unassigned,59,32,0,0.0,0.0,90027.0,0.0,54.23728813559321,27,55,31,0,24,56,,4,1,0,3,-1
2020-06-17,US,Minnesota,Wabasha,24,0,0,44.28424356,-92.23121312,27157.0,110.97239561659036,0.0,24,21,0,0,21,21,21645,3,0,0,3,0
2020-06-17,US,Minnesota,Wadena,10,0,0,46.58589171,-94.96968506,27159.0,73.0887297178775,0.0,10,10,0,0,10,10,13773,0,0,0,0,0
2020-06-17,US,Minnesota,Waseca,34,0,0,44.02211116,-93.58720034,27161.0,182.67784225231037,0.0,34,34,0,0,34,33,18691,0,0,0,0,1
2020-06-17,US,Minnesota,Washington,826,37,0,45.03864533,-92.88429635,27163.0,314.73860691967684,4.4794188861985464,789,802,37,0,765,799,259201,24,0,0,24,3
2020-06-17,US,Minnesota,Watonwan,108,0,0,43.97823903,-94.61413846,27165.0,991.0984674681104,0.0,108,99,0,0,99,98,10980,9,0,0,9,1
2020-06-17,US,Minnesota,Wilkin,15,3,0,46.35721532,-96.4684375,27167.0,241.66263895601742,20.0,12,15,3,0,12,15,6254,0,0,0,0,0
2020-06-17,US,Minnesota,Winona,89,15,0,43.98772283,-91.78081305,27169.0,176.2934791220981,16.853932584269664,74,85,15,0,70,84,50825,4,0,0,4,1
2020-06-17,US,Minnesota,Wright,390,2,0,45.17297924,-93.96234781,27171.0,281.83874487812284,0.5128205128205128,388,383,2,0,381,378,136349,7,0,0,7,5
2020-06-17,US,Minnesota,Yellow Medicine,10,0,0,44.71710183,-95.86842453,27173.0,102.99721907508496,0.0,10,11,0,0,11,10,9795,-1,0,0,-1,1
2020-06-17,US,Mississippi,Adams,227,18,0,31.47669768,-91.35326037,28001.0,739.582315185873,7.929515418502202,209,226,17,0,209,226,31192,1,1,0,0,0
2020-06-17,US,Mississippi,Alcorn,32,1,0,34.88084463,-88.57996173,28003.0,86.59648742997862,3.125,31,32,1,0,31,30,36925,0,0,0,0,2
2020-06-17,US,Mississippi,Amite,73,2,0,31.17467303,-90.80501621,28005.0,593.640725380174,2.7397260273972597,71,71,2,0,69,72,12326,2,0,0,2,-1
2020-06-17,US,Mississippi,Attala,335,23,0,33.08658803,-89.57838564,28007.0,1843.2926158248047,6.865671641791044,312,333,23,0,310,332,18365,2,0,0,2,1
2020-06-17,US,Mississippi,Benton,18,0,0,34.81681228,-89.18945516,28009.0,217.9440610243371,0.0,18,19,0,0,19,17,8271,-1,0,0,-1,2
2020-06-17,US,Mississippi,Bolivar,197,13,0,33.79696941,-90.87372121,28011.0,643.2022985503462,6.598984771573603,184,194,13,0,181,194,31333,3,0,0,3,0
2020-06-17,US,Mississippi,Calhoun,83,4,0,33.93683395,-89.33686647,28013.0,577.9541814636864,4.819277108433735,79,82,4,0,78,80,14436,1,0,0,1,2
2020-06-17,US,Mississippi,Carroll,122,11,0,33.44834567,-89.91994479,28015.0,1226.500452397708,9.016393442622949,111,122,11,0,111,122,9911,0,0,0,0,0
2020-06-17,US,Mississippi,Chickasaw,177,16,0,33.91983202,-88.9481545,28017.0,1034.906156814594,9.039548022598868,161,168,16,0,152,168,17171,9,0,0,9,0
2020-06-17,US,Mississippi,Choctaw,71,2,0,33.34598242,-89.24809382,28019.0,864.7990255785628,2.8169014084507036,69,66,2,0,64,65,8278,5,0,0,5,1
2020-06-17,US,Mississippi,Claiborne,144,9,0,31.97061673,-90.90702196,28021.0,1602.136181575434,6.25,135,142,9,0,133,140,9002,2,0,0,2,2
2020-06-17,US,Mississippi,Clarke,168,21,0,32.04158545,-88.68896219999998,28023.0,1081.0115179203397,12.5,147,166,21,0,145,166,15604,2,0,0,2,0
2020-06-17,US,Mississippi,Clay,185,6,0,33.65358105,-88.77784255,28025.0,957.7552288258439,3.2432432432432434,179,174,6,0,168,174,19386,11,0,0,11,0
2020-06-17,US,Mississippi,Coahoma,156,6,0,34.22772299,-90.60415045,28027.0,705.1166154402458,3.8461538461538463,150,153,6,0,147,150,22628,3,0,0,3,3
2020-06-17,US,Mississippi,Copiah,425,7,0,31.86977774,-90.44565118,28029.0,1514.3417067521825,1.6470588235294117,418,418,7,0,411,412,28543,7,0,0,7,6
2020-06-17,US,Mississippi,Covington,213,3,0,31.63225413,-89.55389939,28031.0,1142.9491307147455,1.4084507042253518,210,209,3,0,206,206,18853,4,0,0,4,3
2020-06-17,US,Mississippi,DeSoto,790,14,0,34.87625235,-89.99091418,28033.0,427.15401876233483,1.7721518987341771,776,740,13,0,727,718,182001,50,1,0,49,22
2020-06-17,US,Mississippi,Forrest,697,41,0,31.18961454,-89.25832496,28035.0,930.6113729521877,5.882352941176472,656,689,41,0,648,681,75036,8,0,0,8,8
2020-06-17,US,Mississippi,Franklin,30,2,0,31.47786634,-90.89672989,28037.0,388.9537145079735,6.666666666666668,28,30,2,0,28,30,7788,0,0,0,0,0
2020-06-17,US,Mississippi,George,41,2,0,30.86259065,-88.64436789,28039.0,167.3469387755102,4.878048780487805,39,40,2,0,38,37,24250,1,0,0,1,3
2020-06-17,US,Mississippi,Greene,56,4,0,31.21444233,-88.63922281,28041.0,412.1890181068747,7.142857142857142,52,56,4,0,52,54,13586,0,0,0,0,2
2020-06-17,US,Mississippi,Grenada,170,4,0,33.77036166,-89.80245083,28043.0,818.9613642932844,2.3529411764705883,166,167,4,0,163,164,21055,3,0,0,3,3
2020-06-17,US,Mississippi,Hancock,100,13,0,30.41830223,-89.48851033,28045.0,209.9428955324152,13.0,87,100,12,0,88,100,47334,0,1,0,-1,0
2020-06-17,US,Mississippi,Harrison,393,7,0,30.51359752,-89.12467576,28047.0,188.8696655132641,1.7811704834605595,386,377,7,0,370,367,206650,16,0,0,16,10
2020-06-17,US,Mississippi,Hinds,1390,29,0,32.2656285,-90.44435448,28049.0,599.5514147688061,2.0863309352517985,1361,1349,28,0,1321,1308,237085,41,1,0,40,41
2020-06-17,US,Mississippi,Holmes,477,35,0,33.12345854,-90.08923538,28051.0,2804.232804232804,7.337526205450734,442,474,34,0,440,471,17622,3,1,0,2,3
2020-06-17,US,Mississippi,Humphreys,83,8,0,33.12825718,-90.52252707,28053.0,1029.265873015873,9.63855421686747,75,83,8,0,75,82,8257,0,0,0,0,1
2020-06-17,US,Mississippi,Itawamba,106,8,0,34.27993475,-88.3606733,28057.0,453.1851218469432,7.547169811320754,98,106,8,0,98,103,23517,0,0,0,0,3
2020-06-17,US,Mississippi,Jackson,385,16,0,30.54020656,-88.64184064,28059.0,268.0741137887576,4.155844155844156,369,378,16,0,362,367,143277,7,0,0,7,11
2020-06-17,US,Mississippi,Jasper,203,4,0,32.01922104,-89.11786866,28061.0,1239.089299884026,1.9704433497536944,199,200,4,0,196,197,16428,3,0,0,3,3
2020-06-17,US,Mississippi,Jefferson,57,2,0,31.73397872,-91.03764977,28063.0,815.450643776824,3.5087719298245608,55,54,2,0,52,55,7106,3,0,0,3,-1
2020-06-17,US,Mississippi,Jefferson Davis,86,3,0,31.56884708,-89.82670990000004,28065.0,772.8253055355859,3.4883720930232562,83,84,3,0,81,84,11234,2,0,0,2,0
2020-06-17,US,Mississippi,Jones,910,44,0,31.62257767,-89.16896899999998,28067.0,1336.3094364004817,4.835164835164835,866,899,43,0,856,881,68461,11,1,0,10,18
2020-06-17,US,Mississippi,Kemper,169,13,0,32.75462946,-88.64105766,28069.0,1734.7567234654075,7.6923076923076925,156,170,12,0,158,169,10027,-1,1,0,-2,1
2020-06-17,US,Mississippi,Lafayette,209,4,0,34.35687874,-89.48490961,28071.0,386.9009052370463,1.9138755980861244,205,195,4,0,191,181,54793,14,0,0,14,14
2020-06-17,US,Mississippi,Lamar,300,6,0,31.20572971,-89.5077704,28073.0,473.611922390793,2.0,294,292,6,0,286,288,62447,8,0,0,8,4
2020-06-17,US,Mississippi,Lauderdale,818,75,0,32.40419769,-88.66229662,28075.0,1103.5413153456998,9.168704156479217,743,816,75,0,741,811,75317,2,0,0,2,5
2020-06-17,US,Mississippi,Lawrence,121,1,0,31.55147224,-90.10841127,28077.0,961.3856666136977,0.8264462809917356,120,120,1,0,119,118,12455,1,0,0,1,2
2020-06-17,US,Mississippi,Leake,496,16,0,32.7536828,-89.52402044,28079.0,2176.775212849996,3.2258064516129035,480,491,15,0,476,487,22763,5,1,0,4,4
2020-06-17,US,Mississippi,Lee,330,14,0,34.291877500000005,-88.68149954,28081.0,386.2540381103984,4.242424242424242,316,310,12,0,298,301,85202,20,2,0,18,9
2020-06-17,US,Mississippi,Leflore,385,47,0,33.55545125,-90.29900733,28083.0,1366.0717453784196,12.207792207792208,338,376,45,0,331,368,28919,9,2,0,7,8
2020-06-17,US,Mississippi,Lincoln,330,32,0,31.53288662,-90.45391915,28085.0,966.2401545984247,9.696969696969695,298,329,32,0,297,327,34205,1,0,0,1,2
2020-06-17,US,Mississippi,Lowndes,352,10,0,33.47386518,-88.44191529999998,28087.0,600.7338510111783,2.8409090909090913,342,335,9,0,326,317,58930,17,1,0,16,18
2020-06-17,US,Mississippi,Madison,922,31,0,32.63389156,-90.03513564,28089.0,867.5850647395363,3.362255965292841,891,905,31,0,874,889,105630,17,0,0,17,16
2020-06-17,US,Mississippi,Marion,163,9,0,31.23132643,-89.8209217,28091.0,663.329670776869,5.521472392638037,154,152,9,0,143,145,24715,11,0,0,11,7
2020-06-17,US,Mississippi,Marshall,122,3,0,34.76216286,-89.50299462,28093.0,345.6678188927297,2.459016393442623,119,110,3,0,107,107,35451,12,0,0,12,3
2020-06-17,US,Mississippi,Monroe,301,26,0,33.89236763,-88.4808438,28095.0,853.8522637013502,8.637873754152825,275,297,25,0,272,295,35564,4,1,0,3,2
2020-06-17,US,Mississippi,Montgomery,98,1,0,33.49419589,-89.61729103,28097.0,1002.5575447570333,1.020408163265306,97,98,1,0,97,97,10023,0,0,0,0,1
2020-06-17,US,Mississippi,Neshoba,921,56,0,32.75339664,-89.11726492,28099.0,3162.991963733773,6.080347448425624,865,895,54,0,841,881,29125,26,2,0,24,14
2020-06-17,US,Mississippi,Newton,325,8,0,32.40021118,-89.11843336,28101.0,1546.2936530592826,2.4615384615384617,317,324,7,0,317,322,21443,1,1,0,0,2
2020-06-17,US,Mississippi,Noxubee,218,6,0,33.11009499,-88.56949061,28103.0,2092.7330325429584,2.7522935779816518,212,216,6,0,210,212,10535,2,0,0,2,4
2020-06-17,US,Mississippi,Oktibbeha,386,18,0,33.42491685,-88.87905132,28105.0,778.4298303990965,4.66321243523316,368,374,17,0,357,363,49599,12,1,0,11,11
2020-06-17,US,Mississippi,Panola,146,4,0,34.36398677,-89.95064249,28107.0,427.0004679457183,2.7397260273972597,142,137,4,0,133,127,34178,9,0,0,9,10
2020-06-17,US,Mississippi,Pearl River,224,32,0,30.77090935,-89.58677275,28109.0,403.34923921851083,14.285714285714285,192,223,31,0,192,223,55387,1,1,0,0,0
2020-06-17,US,Mississippi,Perry,55,3,0,31.17161885,-88.99281835,28111.0,459.36690887830946,5.454545454545454,52,54,3,0,51,54,11931,1,0,0,1,0
2020-06-17,US,Mississippi,Pike,248,11,0,31.17507789,-90.40392572,28113.0,631.2360008144981,4.435483870967742,237,247,11,0,236,244,39563,1,0,0,1,3
2020-06-17,US,Mississippi,Pontotoc,93,3,0,34.226046000000004,-89.03636807,28115.0,289.05327282899236,3.2258064516129035,90,79,3,0,76,77,31833,14,0,0,14,2
2020-06-17,US,Mississippi,Prentiss,70,3,0,34.61810501,-88.51986294,28117.0,278.59587678102366,4.285714285714286,67,68,3,0,65,66,25315,2,0,0,2,2
2020-06-17,US,Mississippi,Quitman,52,0,0,34.25157572,-90.28908,28119.0,765.6065959952887,0.0,52,51,0,0,51,50,7051,1,0,0,1,1
2020-06-17,US,Mississippi,Rankin,563,10,0,32.26469147,-89.94537876,28121.0,362.59185553000884,1.7761989342806397,553,550,10,0,540,539,153902,13,0,0,13,11
2020-06-17,US,Mississippi,Scott,696,12,0,32.406704100000006,-89.53789439,28123.0,2474.754657943393,1.7241379310344829,684,692,12,0,680,690,28287,4,0,0,4,2
2020-06-17,US,Mississippi,Sharkey,9,0,0,32.88149103,-90.81595379999999,28125.0,208.28511918537376,0.0,9,8,0,0,8,8,4377,1,0,0,1,0
2020-06-17,US,Mississippi,Simpson,126,1,0,31.91282117,-89.91716179,28127.0,472.65361242403776,0.7936507936507936,125,123,1,0,122,119,26758,3,0,0,3,4
2020-06-17,US,Mississippi,Smith,182,11,0,32.01744532,-89.50644846,28129.0,1143.5033928122646,6.043956043956044,171,182,11,0,171,180,16002,0,0,0,0,2
2020-06-17,US,Mississippi,Stone,35,1,0,30.79187949,-89.11547539,28131.0,190.88132635253052,2.8571428571428568,34,34,0,0,34,35,18717,1,1,0,0,-1
2020-06-17,US,Mississippi,Sunflower,128,4,0,33.60192578,-90.58882684,28133.0,509.7570688968538,3.125,124,127,4,0,123,121,25735,1,0,0,1,6
2020-06-17,US,Mississippi,Tallahatchie,49,1,0,33.95339918,-90.1729398,28135.0,354.8410456948367,2.0408163265306123,48,45,1,0,44,43,13987,4,0,0,4,2
2020-06-17,US,Mississippi,Tate,155,1,0,34.65133709,-89.94485778,28137.0,547.2970587196779,0.6451612903225806,154,135,1,0,134,134,28759,20,0,0,20,1
2020-06-17,US,Mississippi,Tippah,100,11,0,34.76872156,-88.90988194,28139.0,454.23574835339537,11.0,89,95,11,0,84,94,21995,5,0,0,5,1
2020-06-17,US,Mississippi,Tishomingo,47,1,0,34.74023475,-88.23917219,28141.0,242.480524170665,2.127659574468085,46,47,0,0,47,47,19454,0,1,0,-1,0
2020-06-17,US,Mississippi,Tunica,67,3,0,34.64967704,-90.37481167,28143.0,695.5980066445183,4.477611940298506,64,67,3,0,64,66,9944,0,0,0,0,1
2020-06-17,US,Mississippi,Union,109,8,0,34.49162015,-89.00776006,28145.0,378.27520388686446,7.339449541284404,101,108,8,0,100,102,28606,1,0,0,1,6
2020-06-17,US,Mississippi,Walthall,111,1,0,31.14971548,-90.10446654,28147.0,776.9844603107938,0.9009009009009008,110,107,1,0,106,105,14465,4,0,0,4,2
2020-06-17,US,Mississippi,Warren,280,14,0,32.35810271,-90.83352619,28149.0,616.9983032546661,5.0,266,262,12,0,250,259,46176,18,2,0,16,3
2020-06-17,US,Mississippi,Washington,276,9,0,33.28392041,-90.94196237,28151.0,628.5727299642442,3.260869565217391,267,269,9,0,260,266,45063,7,0,0,7,3
2020-06-17,US,Mississippi,Wayne,409,8,0,31.64135687,-88.69573913,28153.0,2026.4579101223803,1.9559902200489,401,398,8,0,390,389,20298,11,0,0,11,9
2020-06-17,US,Mississippi,Webster,109,8,0,33.61300486,-89.28392912,28155.0,1124.9870987718032,7.339449541284404,101,109,8,0,101,109,9788,0,0,0,0,0
2020-06-17,US,Mississippi,Wilkinson,85,9,0,31.16078225,-91.31018819,28157.0,984.936268829664,10.588235294117649,76,85,9,0,76,85,8792,0,0,0,0,0
2020-06-17,US,Mississippi,Winston,158,2,0,33.08747908,-89.03391385,28159.0,879.9777220829852,1.2658227848101269,156,155,2,0,153,150,18165,3,0,0,3,5
2020-06-17,US,Mississippi,Yalobusha,139,7,0,34.02824175,-89.70762049999998,28161.0,1148.0013214403698,5.035971223021583,132,139,7,0,132,138,12392,0,0,0,0,1
2020-06-17,US,Mississippi,Yazoo,354,6,0,32.77890365,-90.39656148,28163.0,1192.320646682385,1.6949152542372878,348,350,6,0,344,348,28248,4,0,0,4,2
2020-06-17,US,Missouri,Adair,85,0,0,40.19058551,-92.60078167,29001.0,335.39833484591406,0.0,85,84,0,0,84,83,25339,1,0,0,1,1
2020-06-17,US,Missouri,Andrew,35,0,0,39.98492163,-94.80163024,29003.0,197.606142728094,0.0,35,35,0,0,35,35,17607,0,0,0,0,0
2020-06-17,US,Missouri,Atchison,3,0,0,40.43238737,-95.42970639,29005.0,58.331713007972,0.0,3,3,0,0,3,3,5171,0,0,0,0,0
2020-06-17,US,Missouri,Audrain,122,1,0,39.215877,-91.84242683,29007.0,480.5419883409485,0.819672131147541,121,122,1,0,121,122,25473,0,0,0,0,0
2020-06-17,US,Missouri,Barry,20,0,0,36.70978521,-93.82919888,29009.0,55.88309257034285,0.0,20,15,0,0,15,14,35886,5,0,0,5,1
2020-06-17,US,Missouri,Barton,11,0,0,37.50207671,-94.34757022,29011.0,93.58516249787307,0.0,11,9,0,0,9,7,11798,2,0,0,2,2
2020-06-17,US,Missouri,Bates,12,1,0,38.25271289,-94.34113157,29013.0,74.20232500618353,8.333333333333334,11,12,1,0,11,12,16320,0,0,0,0,0
2020-06-17,US,Missouri,Benton,14,0,0,38.29503305,-93.28756116,29015.0,72.00534896878055,0.0,14,14,0,0,14,14,19278,0,0,0,0,0
2020-06-17,US,Missouri,Bollinger,10,0,0,37.32449052,-90.02725304,29017.0,82.41984669908514,0.0,10,10,0,0,10,10,12169,0,0,0,0,0
2020-06-17,US,Missouri,Boone,222,2,0,38.99186229,-92.30723575,29019.0,123.01690651269236,0.9009009009009008,220,216,2,0,214,215,180005,6,0,0,6,1
2020-06-17,US,Missouri,Buchanan,793,3,0,39.65816401,-94.80138942,29021.0,907.6965340414816,0.37831021437578816,790,791,2,0,789,787,88571,2,1,0,1,4
2020-06-17,US,Missouri,Butler,53,0,0,36.71462476,-90.40421163,29023.0,124.7704694194642,0.0,53,48,0,0,48,46,42639,5,0,0,5,2
2020-06-17,US,Missouri,Caldwell,8,0,0,39.65620858,-93.98308093,29025.0,88.69179600886919,0.0,8,7,0,0,7,7,9108,1,0,0,1,0
2020-06-17,US,Missouri,Callaway,40,1,0,38.83674754,-91.92186505,29027.0,89.39945913327225,2.5,39,40,1,0,39,40,44889,0,0,0,0,0
2020-06-17,US,Missouri,Camden,45,1,0,38.02199522,-92.76083747,29029.0,97.18172983479107,2.2222222222222223,44,43,1,0,42,40,45815,2,0,0,2,3
2020-06-17,US,Missouri,Cape Girardeau,111,3,0,37.38489388,-89.6843587,29031.0,140.73613875822545,2.702702702702702,108,110,3,0,107,108,78753,1,0,0,1,2
2020-06-17,US,Missouri,Carroll,11,0,0,39.42762566,-93.50626255,29033.0,126.74271229404309,0.0,11,11,0,0,11,10,8743,0,0,0,0,1
2020-06-17,US,Missouri,Carter,5,1,0,36.94160441,-90.96051322,29035.0,83.58408559010364,20.0,4,5,1,0,4,5,6054,0,0,0,0,0
2020-06-17,US,Missouri,Cass,109,8,0,38.64789422,-94.353399,29037.0,103.04405369635091,7.339449541284404,101,115,8,0,107,114,104954,-6,0,0,-6,1
2020-06-17,US,Missouri,Cedar,9,0,0,37.72391475,-93.85445441,29039.0,62.72214091574325,0.0,9,9,0,0,9,9,14165,0,0,0,0,0
2020-06-17,US,Missouri,Chariton,6,0,0,39.51499357,-92.9629191,29041.0,80.79719903043363,0.0,6,6,0,0,6,6,7451,0,0,0,0,0
2020-06-17,US,Missouri,Christian,30,0,0,36.9711783,-93.18537118,29043.0,33.86195609233027,0.0,30,30,0,0,30,30,86983,0,0,0,0,0
2020-06-17,US,Missouri,Clark,1,0,0,40.41040752,-91.73661677,29045.0,14.712373105781962,0.0,1,1,0,0,1,1,6842,0,0,0,0,0
2020-06-17,US,Missouri,Clay,301,3,0,39.31132056,-94.41850862,29047.0,120.4250484100693,0.9966777408637874,298,299,3,0,296,293,246365,2,0,0,2,6
2020-06-17,US,Missouri,Clinton,21,0,0,39.6013098,-94.40465394,29049.0,103.00681807033894,0.0,21,21,0,0,21,21,20470,0,0,0,0,0
2020-06-17,US,Missouri,Cole,57,1,0,38.50455671,-92.27860244,29051.0,74.27193954003519,1.7543859649122806,56,57,1,0,56,57,76796,0,0,0,0,0
2020-06-17,US,Missouri,Cooper,11,0,0,38.844478,-92.80896081,29053.0,62.11530860014682,0.0,11,9,0,0,9,9,17603,2,0,0,2,0
2020-06-17,US,Missouri,Crawford,9,0,0,37.97663738,-91.30528104,29055.0,37.625418060200666,0.0,9,9,0,0,9,9,23957,0,0,0,0,0
2020-06-17,US,Missouri,Dade,1,0,0,37.431814,-93.8503345,29057.0,13.225763787858751,0.0,1,1,0,0,1,1,7569,0,0,0,0,0
2020-06-17,US,Missouri,Dallas,6,0,0,37.6811355,-93.02127031,29059.0,35.549235691432635,0.0,6,6,0,0,6,6,16762,0,0,0,0,0
2020-06-17,US,Missouri,Daviess,7,0,0,39.96145298,-93.98519678,29061.0,84.56148828219376,0.0,7,7,0,0,7,7,8313,0,0,0,0,0
2020-06-17,US,Missouri,DeKalb,9,0,0,39.89201062,-94.40476508,29063.0,71.7302940942058,0.0,9,9,0,0,9,9,12630,0,0,0,0,0
2020-06-17,US,Missouri,Dent,1,0,0,37.60663134,-91.50790473,29065.0,6.421370320426379,0.0,1,1,0,0,1,1,15441,0,0,0,0,0
2020-06-17,US,Missouri,Douglas,3,0,0,36.9325593,-92.49905109,29067.0,22.75312855517633,0.0,3,3,0,0,3,3,13373,0,0,0,0,0
2020-06-17,US,Missouri,Dunklin,64,3,0,36.27167174,-90.09122243,29069.0,219.6972297552436,4.6875,61,64,3,0,61,61,29423,0,0,0,0,3
2020-06-17,US,Missouri,Franklin,173,18,0,38.41127108,-91.07522826,29071.0,166.3989535140958,10.404624277456648,155,172,18,0,154,168,103670,1,0,0,1,4
2020-06-17,US,Missouri,Gasconade,2,0,0,38.43947277,-91.50847147,29073.0,13.599891200870395,0.0,2,2,0,0,2,2,14705,0,0,0,0,0
2020-06-17,US,Missouri,Gentry,54,8,0,40.21097916,-94.40944419,29075.0,821.7927256125398,14.814814814814815,46,54,8,0,46,54,6628,0,0,0,0,0
2020-06-17,US,Missouri,Greene,199,9,0,37.2575872,-93.34230916,29077.0,67.8981595845588,4.522613065326633,190,197,9,0,188,193,291923,2,0,0,2,4
2020-06-17,US,Missouri,Grundy,11,0,0,40.11406587,-93.56509276,29079.0,111.67512690355329,0.0,11,11,0,0,11,12,9914,0,0,0,0,-1
2020-06-17,US,Missouri,Harrison,9,0,0,40.35570088,-93.99222144,29081.0,107.75862068965515,0.0,9,9,0,0,9,9,8414,0,0,0,0,0
2020-06-17,US,Missouri,Henry,18,3,0,38.38482826,-93.79293734,29083.0,82.47800586510266,16.666666666666668,15,17,3,0,14,16,21792,1,0,0,1,1
2020-06-17,US,Missouri,Holt,1,0,0,40.09799248,-95.2163888,29087.0,22.71178741766977,0.0,1,1,0,0,1,1,4404,0,0,0,0,0
2020-06-17,US,Missouri,Howard,3,0,0,39.1435761,-92.69756691,29089.0,29.99700029997,0.0,3,3,0,0,3,3,10137,0,0,0,0,0
2020-06-17,US,Missouri,Howell,28,0,0,36.77383887,-91.88683935,29091.0,69.79584714709475,0.0,28,27,0,0,27,26,40076,1,0,0,1,1
2020-06-17,US,Missouri,Iron,2,0,0,37.55487945,-90.7735296,29093.0,19.753086419753085,0.0,2,2,0,0,2,2,10177,0,0,0,0,0
2020-06-17,US,Missouri,Jackson,916,22,0,39.01002188,-94.34724536,29095.0,130.29668099076684,2.4017467248908297,894,889,22,0,867,865,700307,27,0,0,27,24
2020-06-17,US,Missouri,Jasper,184,0,0,37.20351921,-94.34050458,29097.0,151.65501780298035,0.0,184,178,0,0,178,139,120636,6,0,0,6,39
2020-06-17,US,Missouri,Jefferson,388,19,0,38.25926778,-90.53870896,29099.0,172.38238678520176,4.896907216494847,369,381,19,0,362,378,224347,7,0,0,7,3
2020-06-17,US,Missouri,Johnson,84,0,0,38.74719601,-93.80691168,29101.0,155.37715955754504,0.0,84,81,0,0,81,80,53652,3,0,0,3,1
2020-06-17,US,Missouri,Kansas City,1802,30,0,39.0997,-94.5786,0.0,368.5501172938359,1.664816870144284,1772,1762,29,0,1733,1737,491918,40,1,0,39,25
2020-06-17,US,Missouri,Knox,2,0,0,40.12699751,-92.14780832,29103.0,50.51780752715332,0.0,2,2,0,0,2,2,3947,0,0,0,0,0
2020-06-17,US,Missouri,Laclede,10,0,0,37.65896829,-92.5888493,29105.0,27.993169666601354,0.0,10,9,0,0,9,9,35713,1,0,0,1,0
2020-06-17,US,Missouri,Lafayette,86,2,0,39.06986886,-93.78076396,29107.0,262.93261587379243,2.3255813953488373,84,85,2,0,83,85,32598,1,0,0,1,0
2020-06-17,US,Missouri,Lawrence,8,0,0,37.10626634,-93.83293097,29109.0,20.857776039629773,0.0,8,8,0,0,8,7,38359,0,0,0,0,1
2020-06-17,US,Missouri,Lewis,7,1,0,40.09673161,-91.72070156,29111.0,71.6039279869067,14.285714285714285,6,7,1,0,6,7,9855,0,0,0,0,0
2020-06-17,US,Missouri,Lincoln,90,1,0,39.05345619,-90.95588181,29113.0,152.5087692542321,1.1111111111111112,89,87,1,0,86,87,57686,3,0,0,3,0
2020-06-17,US,Missouri,Linn,12,1,0,39.87001769,-93.10704106,29115.0,100.67114093959732,8.333333333333334,11,11,1,0,10,11,12037,1,0,0,1,0
2020-06-17,US,Missouri,Livingston,6,0,0,39.78110272,-93.54645978,29117.0,39.40369081237276,0.0,6,6,0,0,6,6,15146,0,0,0,0,0
2020-06-17,US,Missouri,Macon,7,0,0,39.83049768,-92.56453089,29121.0,46.30548389230668,0.0,7,7,0,0,7,7,15153,0,0,0,0,0
2020-06-17,US,Missouri,Madison,3,0,0,37.47865134,-90.3467143,29123.0,24.81800132362674,0.0,3,3,0,0,3,3,12188,0,0,0,0,0
2020-06-17,US,Missouri,Maries,2,0,0,38.16193985,-91.92249662,29125.0,22.996435552489363,0.0,2,2,0,0,2,2,8769,0,0,0,0,0
2020-06-17,US,Missouri,Marion,9,0,0,39.80601912,-91.62203062,29127.0,31.54574132492113,0.0,9,8,0,0,8,8,28592,1,0,0,1,0
2020-06-17,US,Missouri,McDonald,116,0,0,36.62869595,-94.34867205,29119.0,507.9476288479222,0.0,116,98,0,0,98,78,23078,18,0,0,18,20
2020-06-17,US,Missouri,Mercer,5,0,0,40.42212303,-93.5682959,29129.0,138.23610727121923,0.0,5,5,0,0,5,5,3641,0,0,0,0,0
2020-06-17,US,Missouri,Miller,7,0,0,38.21450288,-92.42610898,29131.0,27.323470861470003,0.0,7,7,0,0,7,6,25336,0,0,0,0,1
2020-06-17,US,Missouri,Mississippi,75,0,0,36.82516239,-89.29505753,29133.0,569.0440060698028,0.0,75,75,0,0,75,74,13336,0,0,0,0,1
2020-06-17,US,Missouri,Moniteau,49,1,0,38.63571781,-92.57976951,29135.0,303.74411108356065,2.0408163265306123,48,49,1,0,48,49,16121,0,0,0,0,0
2020-06-17,US,Missouri,Monroe,3,0,0,39.49593978,-92.00043978,29137.0,34.706154558074964,0.0,3,3,0,0,3,3,8664,0,0,0,0,0
2020-06-17,US,Missouri,Montgomery,12,0,0,38.94022054,-91.47000721,29139.0,103.88710934118258,0.0,12,12,0,0,12,12,11534,0,0,0,0,0
2020-06-17,US,Missouri,Morgan,11,0,0,38.4181765,-92.88791859,29141.0,53.32816211761285,0.0,11,9,0,0,9,9,20358,2,0,0,2,0
2020-06-17,US,Missouri,New Madrid,34,2,0,36.59666326,-89.66070007,29143.0,199.10986179433124,5.882352941176472,32,34,1,0,33,35,17296,0,1,0,-1,-1
2020-06-17,US,Missouri,Newton,88,2,0,36.90519407,-94.3394104,29145.0,151.109279483481,2.272727272727273,86,84,1,0,83,79,58266,4,1,0,3,5
2020-06-17,US,Missouri,Nodaway,16,0,0,40.36079813,-94.88133008,29147.0,72.42440702516748,0.0,16,15,0,0,15,15,22304,1,0,0,1,0
2020-06-17,US,Missouri,Oregon,6,0,0,36.68710164,-91.4033755,29149.0,56.9854687054801,0.0,6,4,0,0,4,4,10541,2,0,0,2,0
2020-06-17,US,Missouri,Osage,5,0,0,38.46036182,-91.8613635,29151.0,36.72420124862284,0.0,5,5,0,0,5,5,13714,0,0,0,0,0
2020-06-17,US,Missouri,Pemiscot,104,6,0,36.2130572,-89.78742322,29155.0,658.0196140461879,5.769230769230768,98,104,6,0,98,104,16272,0,0,0,0,0
2020-06-17,US,Missouri,Perry,87,0,0,37.70660776,-89.82741088,29157.0,454.64046822742483,0.0,87,86,0,0,86,85,19150,1,0,0,1,1
2020-06-17,US,Missouri,Pettis,89,1,0,38.72798918,-93.28471706,29159.0,210.20808238267318,1.1235955056179776,88,89,1,0,88,86,42542,0,0,0,0,3
2020-06-17,US,Missouri,Phelps,7,0,0,37.87736118,-91.79351727,29161.0,15.704574518206089,0.0,7,6,0,0,6,6,44732,1,0,0,1,0
2020-06-17,US,Missouri,Pike,31,1,0,39.34310674,-91.16980779,29163.0,169.38039558518196,3.2258064516129035,30,31,1,0,30,32,18504,0,0,0,0,-1
2020-06-17,US,Missouri,Platte,99,3,0,39.38154439,-94.77068479,29165.0,94.8112394414756,3.0303030303030303,96,99,3,0,96,98,102985,0,0,0,0,1
2020-06-17,US,Missouri,Polk,10,0,0,37.6162296,-93.39828174,29167.0,31.105166568166965,0.0,10,9,0,0,9,10,32201,1,0,0,1,-1
2020-06-17,US,Missouri,Pulaski,106,1,0,37.82462075,-92.20783203,29169.0,201.49409774364628,0.9433962264150944,105,106,1,0,105,106,52014,0,0,0,0,0
2020-06-17,US,Missouri,Putnam,2,0,0,40.47942497,-93.02042674,29171.0,42.58943781942078,0.0,2,2,0,0,2,1,4757,0,0,0,0,1
2020-06-17,US,Missouri,Ralls,5,0,0,39.52817427,-91.51838643,29173.0,48.50130953535746,0.0,5,5,0,0,5,5,10212,0,0,0,0,0
2020-06-17,US,Missouri,Randolph,11,0,0,39.44007257,-92.4971374,29175.0,44.44803620494586,0.0,11,11,0,0,11,11,24763,0,0,0,0,0
2020-06-17,US,Missouri,Ray,25,0,0,39.3537468,-93.98905745,29177.0,108.61065253280043,0.0,25,25,0,0,25,25,22883,0,0,0,0,0
2020-06-17,US,Missouri,Reynolds,2,0,0,37.36085952,-90.97009925,29179.0,31.897926634768737,0.0,2,2,0,0,2,2,6254,0,0,0,0,0
2020-06-17,US,Missouri,Ripley,12,0,0,36.65460667,-90.85990261,29181.0,90.30704394942805,0.0,12,11,0,0,11,11,13401,1,0,0,1,0
2020-06-17,US,Missouri,Saline,274,4,0,39.13734288,-93.20259964,29195.0,1203.813540705593,1.45985401459854,270,272,4,0,268,270,22895,2,0,0,2,2
2020-06-17,US,Missouri,Schuyler,1,0,0,40.46921489,-92.52311943,29197.0,21.45922746781116,0.0,1,1,0,0,1,1,4599,0,0,0,0,0
2020-06-17,US,Missouri,Scotland,8,1,0,40.45214695,-92.14709064,29199.0,163.19869441044472,12.5,7,8,1,0,7,8,4966,0,0,0,0,0
2020-06-17,US,Missouri,Scott,149,10,0,37.05588075,-89.56474493,29201.0,389.2371995820272,6.711409395973154,139,145,10,0,135,145,38458,4,0,0,4,0
2020-06-17,US,Missouri,Shannon,6,0,0,37.15772072,-91.40190382,29203.0,73.47538574577517,0.0,6,6,0,0,6,6,8189,0,0,0,0,0
2020-06-17,US,Missouri,Shelby,1,0,0,39.79742518,-92.07634971,29205.0,16.863406408094434,0.0,1,1,0,0,1,1,6050,0,0,0,0,0
2020-06-17,US,Missouri,St. Charles,926,64,0,38.77875681,-90.66662425,29183.0,230.33565327270645,6.911447084233261,862,922,63,0,859,910,399182,4,1,0,3,12
2020-06-17,US,Missouri,St. Clair,2,0,0,38.03699437,-93.77631447,29185.0,21.283388315419813,0.0,2,2,0,0,2,2,9395,0,0,0,0,0
2020-06-17,US,Missouri,St. Francois,43,2,0,37.81214171,-90.47598685,29187.0,63.97381536859332,4.651162790697675,41,43,2,0,41,42,66692,0,0,0,0,1
2020-06-17,US,Missouri,St. Louis,5669,516,0,38.63770039999999,-90.4458375,29189.0,570.2043341162034,9.102134415240783,5153,5653,503,0,5150,5604,996945,16,13,0,3,49
2020-06-17,US,Missouri,St. Louis City,2254,142,0,38.63555736,-90.24349225,29510.0,749.8935377408708,6.299911268855367,2112,2234,142,0,2092,2219,302838,20,0,0,20,15
2020-06-17,US,Missouri,Ste. Genevieve,14,1,0,37.89090059,-90.1949941,29186.0,78.2385157035878,7.142857142857142,13,14,1,0,13,14,17888,0,0,0,0,0
2020-06-17,US,Missouri,Stoddard,124,7,0,36.85571651,-89.9444155,29207.0,427.2179155900086,5.645161290322582,117,121,7,0,114,118,29206,3,0,0,3,3
2020-06-17,US,Missouri,Stone,7,0,0,36.75000327,-93.45256475,29209.0,21.907861792689037,0.0,7,7,0,0,7,7,31749,0,0,0,0,0
2020-06-17,US,Missouri,Sullivan,91,0,0,40.2099105,-93.11150106,29211.0,1494.4982755789126,0.0,91,78,0,0,78,77,6221,13,0,0,13,1
2020-06-17,US,Missouri,Taney,27,2,0,36.65465345,-93.04075153,29213.0,48.2763553139751,7.407407407407407,25,26,2,0,24,24,55852,1,0,0,1,2
2020-06-17,US,Missouri,Texas,1,0,0,37.31728859,-91.96564727,29215.0,3.937317899047169,0.0,1,1,0,0,1,1,25571,0,0,0,0,0
2020-06-17,US,Missouri,Vernon,12,0,0,37.8457799,-94.34127305,29217.0,58.357243592860954,0.0,12,12,0,0,12,12,20528,0,0,0,0,0
2020-06-17,US,Missouri,Warren,32,0,0,38.76529479,-91.16124662,29219.0,89.76408875424275,0.0,32,32,0,0,32,30,34711,0,0,0,0,2
2020-06-17,US,Missouri,Washington,13,1,0,37.96130078,-90.87948158,29221.0,52.56773150020218,7.6923076923076925,12,13,1,0,12,13,24943,0,0,0,0,0
2020-06-17,US,Missouri,Webster,19,0,0,37.2813734,-92.876329,29225.0,47.989492826833704,0.0,19,18,0,0,18,18,39109,1,0,0,1,0
2020-06-17,US,Missouri,Worth,4,0,0,40.47945588,-94.42328751,29227.0,198.7083954297069,0.0,4,4,0,0,4,4,2040,0,0,0,0,0
2020-06-17,US,Missouri,Wright,14,0,0,37.27029221,-92.46914488,29229.0,76.54874514735633,0.0,14,14,0,0,14,14,18378,0,0,0,0,0
2020-06-17,US,Montana,Beaverhead,1,0,0,45.13434354,-112.89846940000001,30001.0,10.578652279699568,0.0,1,1,0,0,1,1,9404,0,0,0,0,0
2020-06-17,US,Montana,Big Horn,49,3,0,45.42335905,-107.492347,30003.0,367.89548764922284,6.1224489795918355,46,47,2,0,45,47,13338,2,1,0,1,0
2020-06-17,US,Montana,Broadwater,4,0,0,46.33277565,-111.49558130000001,30007.0,64.1333974667308,0.0,4,4,0,0,4,4,6085,0,0,0,0,0
2020-06-17,US,Montana,Carbon,7,0,0,45.22850116,-109.0274047,30009.0,65.26806526806527,0.0,7,6,0,0,6,6,10714,1,0,0,1,0
2020-06-17,US,Montana,Cascade,20,2,0,47.30797024,-111.3467922,30013.0,24.580291522257447,10.0,18,19,2,0,17,19,81643,1,0,0,1,0
2020-06-17,US,Montana,Custer,19,0,0,46.25319932,-105.57375259999998,30017.0,166.63743202946853,0.0,19,13,0,0,13,11,11586,6,0,0,6,2
2020-06-17,US,Montana,Deer Lodge,3,0,0,46.05953325,-113.073353,30023.0,32.822757111597376,0.0,3,3,0,0,3,3,9131,0,0,0,0,0
2020-06-17,US,Montana,Flathead,41,2,0,48.29575866,-114.05205690000001,30029.0,39.4967535595245,4.878048780487805,39,39,2,0,37,39,102106,2,0,0,2,0
2020-06-17,US,Montana,Gallatin,191,1,0,45.54486106,-111.1692571,30031.0,166.90843630389568,0.5235602094240838,190,188,1,0,187,188,111876,3,0,0,3,0
2020-06-17,US,Montana,Glacier,6,0,0,48.70513576,-112.9934235,30035.0,43.62684505198866,0.0,6,6,0,0,6,6,13747,0,0,0,0,0
2020-06-17,US,Montana,Golden Valley,3,0,0,46.3816474,-109.17685220000001,30037.0,365.40803897685754,0.0,3,3,0,0,3,3,826,0,0,0,0,0
2020-06-17,US,Montana,Hill,1,0,0,48.62879827,-110.1129252,30041.0,6.066488716330987,0.0,1,1,0,0,1,1,16347,0,0,0,0,0
2020-06-17,US,Montana,Jefferson,3,0,0,46.14907081,-112.094396,30043.0,24.547909336388184,0.0,3,3,0,0,3,3,12097,0,0,0,0,0
2020-06-17,US,Montana,Lake,9,0,0,47.64514965,-114.0898013,30047.0,29.548886991923304,0.0,9,9,0,0,9,9,30250,0,0,0,0,0
2020-06-17,US,Montana,Lewis and Clark,20,0,0,47.12610041,-112.39469799999999,30049.0,28.8051618850098,0.0,20,20,0,0,20,20,68700,0,0,0,0,0
2020-06-17,US,Montana,Liberty,1,0,0,48.56084317,-111.02430700000001,30051.0,42.78990158322636,0.0,1,1,0,0,1,1,2430,0,0,0,0,0
2020-06-17,US,Montana,Lincoln,7,1,0,48.54265777,-115.4046155,30053.0,35.03503503503504,14.285714285714285,6,7,1,0,6,7,19794,0,0,0,0,0
2020-06-17,US,Montana,Madison,8,1,0,45.30080065,-111.9173017,30057.0,93.02325581395347,12.5,7,8,1,0,7,8,8768,0,0,0,0,0
2020-06-17,US,Montana,Meagher,1,0,0,46.59907074,-110.8898557,30059.0,53.705692803437174,0.0,1,1,0,0,1,1,1866,0,0,0,0,0
2020-06-17,US,Montana,Missoula,44,1,0,47.03728583,-113.92135079999998,30063.0,36.78929765886288,2.272727272727273,43,42,1,0,41,40,118791,2,0,0,2,2
2020-06-17,US,Montana,Musselshell,1,0,0,46.49684637,-108.39498,30065.0,21.58428663932657,0.0,1,1,0,0,1,1,4651,0,0,0,0,0
2020-06-17,US,Montana,Park,8,0,0,45.48965095,-110.52643940000002,30067.0,48.17535830422739,0.0,8,8,0,0,8,8,16736,0,0,0,0,0
2020-06-17,US,Montana,Pondera,2,0,0,48.22773388,-112.22527029999999,30073.0,33.83522246658772,0.0,2,2,0,0,2,2,5972,0,0,0,0,0
2020-06-17,US,Montana,Ravalli,17,0,0,46.08520862,-114.11891640000002,30081.0,38.80746929644341,0.0,17,18,0,0,18,18,43172,-1,0,0,-1,0
2020-06-17,US,Montana,Richland,3,0,0,47.78668011,-104.5610786,30083.0,27.770063871146906,0.0,3,3,0,0,3,3,10913,0,0,0,0,0
2020-06-17,US,Montana,Roosevelt,7,0,0,48.29607488,-105.00792679999999,30085.0,63.613231552162844,0.0,7,7,0,0,7,7,11059,0,0,0,0,0
2020-06-17,US,Montana,Rosebud,1,0,0,46.23397237,-106.72928799999998,30087.0,11.189437171310285,0.0,1,1,0,0,1,1,9063,0,0,0,0,0
2020-06-17,US,Montana,Silver Bow,11,0,0,45.90018933,-112.6620092,30093.0,31.505083774881854,0.0,11,11,0,0,11,11,34993,0,0,0,0,0
2020-06-17,US,Montana,Stillwater,3,0,0,45.67071407,-109.3950061,30095.0,31.113876789047914,0.0,3,3,0,0,3,3,9534,0,0,0,0,0
2020-06-17,US,Montana,Toole,29,6,0,48.65577551,-111.69424140000001,30101.0,612.331081081081,20.689655172413797,23,29,6,0,23,29,4853,0,0,0,0,0
2020-06-17,US,Montana,Wheatland,1,0,0,46.46652491,-109.84646359999999,30107.0,47.036688617121364,0.0,1,1,0,0,1,1,2236,0,0,0,0,0
2020-06-17,US,Montana,Yellowstone,109,3,0,45.93955949,-108.26914860000001,30111.0,67.5759454432734,2.7522935779816518,106,109,3,0,106,108,160137,0,0,0,0,1
2020-06-17,US,Nebraska,Adams,278,11,0,40.52449420000001,-98.50117804,31001.0,886.394796416159,3.956834532374101,267,278,11,0,267,278,31511,0,0,0,0,0
2020-06-17,US,Nebraska,Antelope,8,0,0,42.17695516,-98.06662829999999,31003.0,127.02445220704986,0.0,8,8,0,0,8,8,6336,0,0,0,0,0
2020-06-17,US,Nebraska,Banner,1,0,0,41.54634427,-103.7114332,31007.0,134.2281879194631,0.0,1,1,0,0,1,1,730,0,0,0,0,0
2020-06-17,US,Nebraska,Boone,7,0,0,41.70759415,-98.06737183,31011.0,134.82280431432974,0.0,7,7,0,0,7,7,5239,0,0,0,0,0
2020-06-17,US,Nebraska,Box Butte,3,0,0,42.22079243,-103.08788340000001,31013.0,27.821570991375317,0.0,3,3,0,0,3,3,10772,0,0,0,0,0
2020-06-17,US,Nebraska,Boyd,1,0,0,42.899727399999996,-98.76486568,31015.0,52.11047420531528,0.0,1,1,0,0,1,1,1955,0,0,0,0,0
2020-06-17,US,Nebraska,Buffalo,176,1,0,40.85486962,-99.07500296,31019.0,354.4171247910752,0.5681818181818182,175,176,1,0,175,176,49615,0,0,0,0,0
2020-06-17,US,Nebraska,Burt,11,0,0,41.85056773,-96.32605633,31021.0,170.3050007741136,0.0,11,11,0,0,11,11,6488,0,0,0,0,0
2020-06-17,US,Nebraska,Butler,51,0,0,41.22703692,-97.13106306,31023.0,636.2275449101796,0.0,51,51,0,0,51,51,8058,0,0,0,0,0
2020-06-17,US,Nebraska,Cass,60,0,0,40.90899107,-96.13971217,31025.0,228.5888448643706,0.0,60,60,0,0,60,60,26159,0,0,0,0,0
2020-06-17,US,Nebraska,Cedar,8,0,0,42.598885100000004,-97.25311951,31027.0,95.21542489883362,0.0,8,8,0,0,8,8,8446,0,0,0,0,0
2020-06-17,US,Nebraska,Chase,1,0,0,40.523719799999995,-101.69780259999999,31029.0,25.4841997961264,0.0,1,1,0,0,1,1,3977,0,0,0,0,0
2020-06-17,US,Nebraska,Cherry,1,0,0,42.54502621,-101.1244332,31031.0,17.577781683951486,0.0,1,1,0,0,1,1,5761,0,0,0,0,0
2020-06-17,US,Nebraska,Cheyenne,11,0,0,41.21999357,-102.9941693,31033.0,123.45679012345678,0.0,11,11,0,0,11,10,9310,0,0,0,0,1
2020-06-17,US,Nebraska,Clay,24,0,0,40.52439441,-98.05126296,31035.0,386.90955989037565,0.0,24,24,0,0,24,24,6214,0,0,0,0,0
2020-06-17,US,Nebraska,Colfax,653,4,0,41.57486951,-97.0868542,31037.0,6097.6748529274455,0.6125574272588055,649,651,4,0,647,647,10881,2,0,0,2,4
2020-06-17,US,Nebraska,Cuming,34,0,0,41.91637624,-96.78730772,31039.0,384.35451051322633,0.0,34,34,0,0,34,34,8940,0,0,0,0,0
2020-06-17,US,Nebraska,Custer,34,4,0,41.39374521,-99.72805369,31041.0,315.4866846061056,11.764705882352944,30,34,4,0,30,34,10840,0,0,0,0,0
2020-06-17,US,Nebraska,Dakota,1729,28,0,42.39040144,-96.56656425,31043.0,8633.776091081594,1.6194331983805668,1701,1725,28,0,1697,1724,20083,4,0,0,4,1
2020-06-17,US,Nebraska,Dawes,1,0,0,42.71985036,-103.1313774,31045.0,11.6427989288625,0.0,1,1,0,0,1,1,8716,0,0,0,0,0
2020-06-17,US,Nebraska,Dawson,847,8,0,40.87028216,-99.82014609999999,31047.0,3589.7435897435903,0.9445100354191264,839,846,8,0,838,845,23709,1,0,0,1,1
2020-06-17,US,Nebraska,Dixon,40,1,0,42.49188363,-96.86782408,31051.0,709.7232079488998,2.5,39,40,1,0,39,40,5709,0,0,0,0,0
2020-06-17,US,Nebraska,Dodge,642,6,0,41.58071748,-96.65598179,31053.0,1755.7773827430606,0.9345794392523364,636,639,5,0,634,638,36791,3,1,0,2,1
2020-06-17,US,Nebraska,Douglas,5953,69,0,41.29518299,-96.15085305,31055.0,1041.960208427048,1.159079455736603,5884,5850,68,0,5782,5734,566880,103,1,0,102,116
2020-06-17,US,Nebraska,Fillmore,13,1,0,40.52458567,-97.59646937,31059.0,238.00805565726841,7.6923076923076925,12,13,1,0,12,11,5527,0,0,0,0,2
2020-06-17,US,Nebraska,Franklin,6,0,0,40.17636348,-98.95299073,31061.0,201.40986908358508,0.0,6,6,0,0,6,6,3023,0,0,0,0,0
2020-06-17,US,Nebraska,Frontier,1,0,0,40.52993007,-100.3924658,31063.0,38.06623524933384,0.0,1,1,0,0,1,1,2608,0,0,0,0,0
2020-06-17,US,Nebraska,Furnas,9,1,0,40.17642064,-99.91247454,31065.0,192.4721984602224,11.111111111111109,8,9,1,0,8,9,4715,0,0,0,0,0
2020-06-17,US,Nebraska,Gage,46,4,0,40.26186809,-96.68946704,31067.0,213.8241993213406,8.695652173913043,42,45,4,0,41,45,21493,1,0,0,1,0
2020-06-17,US,Nebraska,Garden,4,0,0,41.61703149,-102.3313973,31069.0,217.74632553075668,0.0,4,4,0,0,4,4,1897,0,0,0,0,0
2020-06-17,US,Nebraska,Garfield,1,0,0,41.91428955,-98.99111827,31071.0,50.787201625190455,0.0,1,1,0,0,1,1,1987,0,0,0,0,0
2020-06-17,US,Nebraska,Gosper,13,0,0,40.51481965,-99.83020279,31073.0,653.2663316582915,0.0,13,13,0,0,13,13,1996,0,0,0,0,0
2020-06-17,US,Nebraska,Greeley,3,0,0,41.56742671,-98.52150266,31077.0,127.33446519524618,0.0,3,3,0,0,3,3,2356,0,0,0,0,0
2020-06-17,US,Nebraska,Hall,1567,45,0,40.87257079,-98.50218293,31079.0,2554.0723355011164,2.8717294192724947,1522,1564,45,0,1519,1562,61607,3,0,0,3,2
2020-06-17,US,Nebraska,Hamilton,57,11,0,40.87349452,-98.02099117,31081.0,611.3256113256114,19.29824561403509,46,56,11,0,45,56,9280,1,0,0,1,0
2020-06-17,US,Nebraska,Hitchcock,1,0,0,40.17609175,-101.04164770000001,31087.0,36.205648081100655,0.0,1,1,0,0,1,1,2806,0,0,0,0,0
2020-06-17,US,Nebraska,Holt,1,0,0,42.45522056,-98.78402558,31089.0,9.933445912387008,0.0,1,1,0,0,1,1,10178,0,0,0,0,0
2020-06-17,US,Nebraska,Howard,44,4,0,41.2200529,-98.5166499,31093.0,682.6997672614431,9.090909090909092,40,44,4,0,40,44,6468,0,0,0,0,0
2020-06-17,US,Nebraska,Jefferson,9,0,0,40.17584531,-97.142601,31095.0,127.73204655123476,0.0,9,9,0,0,9,9,7097,0,0,0,0,0
2020-06-17,US,Nebraska,Johnson,6,0,0,40.39257596,-96.26522753,31097.0,118.3198580161704,0.0,6,6,0,0,6,6,5134,0,0,0,0,0
2020-06-17,US,Nebraska,Kearney,12,0,0,40.50663314,-98.94877182,31099.0,184.75750577367202,0.0,12,12,0,0,12,12,6544,0,0,0,0,0
2020-06-17,US,Nebraska,Keith,2,0,0,41.19930341,-101.66201640000001,31101.0,24.894199651481205,0.0,2,2,0,0,2,2,8021,0,0,0,0,0
2020-06-17,US,Nebraska,Kimball,8,0,0,41.19774275,-103.7148131,31105.0,220.26431718061676,0.0,8,8,0,0,8,8,3618,0,0,0,0,0
2020-06-17,US,Nebraska,Knox,13,0,0,42.63758421,-97.89178836,31107.0,156.0249639942391,0.0,13,13,0,0,13,13,8419,0,0,0,0,0
2020-06-17,US,Nebraska,Lancaster,1538,10,0,40.78416049,-96.68777155,31109.0,481.9956752013538,0.6501950585175552,1528,1516,10,0,1506,1480,317272,22,0,0,22,36
2020-06-17,US,Nebraska,Lincoln,54,2,0,41.04658298,-100.74753740000001,31111.0,154.66575012888813,3.703703703703704,52,53,2,0,51,53,35185,1,0,0,1,0
2020-06-17,US,Nebraska,Madison,339,4,0,41.91676024,-97.6005481,31119.0,965.839482606342,1.1799410029498525,335,334,4,0,330,333,35392,5,0,0,5,1
2020-06-17,US,Nebraska,Merrick,36,0,0,41.16624273,-98.0374887,31121.0,464.2166344294004,0.0,36,36,0,0,36,36,7733,0,0,0,0,0
2020-06-17,US,Nebraska,Morrill,14,0,0,41.71711774,-103.0061405,31123.0,301.5941404566997,0.0,14,12,0,0,12,12,4686,2,0,0,2,0
2020-06-17,US,Nebraska,Nance,4,0,0,41.39750195,-97.99327291,31125.0,113.66865586814436,0.0,4,4,0,0,4,4,3532,0,0,0,0,0
2020-06-17,US,Nebraska,Nemaha,4,0,0,40.38514847,-95.85433992,31127.0,57.37234652897303,0.0,4,4,0,0,4,4,6958,0,0,0,0,0
2020-06-17,US,Nebraska,Nuckolls,1,0,0,40.17637905,-98.04743961,31129.0,24.10800385728061,0.0,1,1,0,0,1,1,4195,0,0,0,0,0
2020-06-17,US,Nebraska,Otoe,14,0,0,40.64843556,-96.13374142,31131.0,87.43442418186359,0.0,14,13,0,0,13,12,15985,1,0,0,1,1
2020-06-17,US,Nebraska,Phelps,21,0,0,40.51156033,-99.41461667,31137.0,232.45516936019482,0.0,21,20,0,0,20,20,8996,1,0,0,1,0
2020-06-17,US,Nebraska,Pierce,6,0,0,42.26434853,-97.60122773,31139.0,83.93956351426971,0.0,6,6,0,0,6,6,7142,0,0,0,0,0
2020-06-17,US,Nebraska,Platte,650,1,0,41.57246836,-97.52144359,31141.0,1942.0376456528236,0.15384615384615385,649,648,1,0,647,647,33363,2,0,0,2,1
2020-06-17,US,Nebraska,Polk,12,0,0,41.18813488,-97.56630712,31143.0,230.19374640322275,0.0,12,12,0,0,12,12,5278,0,0,0,0,0
2020-06-17,US,Nebraska,Red Willow,6,0,0,40.17556879999999,-100.476998,31145.0,55.949272659455424,0.0,6,6,0,0,6,5,10726,0,0,0,0,1
2020-06-17,US,Nebraska,Richardson,1,1,0,40.1247415,-95.71755036,31147.0,12.714558169103626,100.0,0,1,1,0,0,1,7937,0,0,0,0,0
2020-06-17,US,Nebraska,Saline,525,2,0,40.52418865,-97.14085859,31151.0,3690.944881889764,0.3809523809523809,523,523,2,0,521,520,14350,2,0,0,2,3
2020-06-17,US,Nebraska,Sarpy,948,8,0,41.11314181,-96.11156432,31153.0,506.42107737344816,0.8438818565400844,940,920,7,0,913,907,184459,28,1,0,27,13
2020-06-17,US,Nebraska,Saunders,59,2,0,41.227810299999994,-96.63773905,31155.0,273.42663824265463,3.3898305084745757,57,57,2,0,55,57,21303,2,0,0,2,0
2020-06-17,US,Nebraska,Scotts Bluff,184,2,0,41.85070896,-103.70809859999999,31157.0,516.5927340108934,1.0869565217391304,182,178,2,0,176,177,35989,6,0,0,6,1
2020-06-17,US,Nebraska,Seward,32,1,0,40.87241834,-97.139673,31159.0,185.1423281647767,3.125,31,32,1,0,31,32,17318,0,0,0,0,0
2020-06-17,US,Nebraska,Sherman,5,0,0,41.22045983,-98.97588642,31163.0,166.61112962345885,0.0,5,5,0,0,5,5,3038,0,0,0,0,0
2020-06-17,US,Nebraska,Sioux,1,0,0,42.48932059,-103.7576544,31165.0,85.76329331046313,0.0,1,1,0,0,1,1,1187,0,0,0,0,0
2020-06-17,US,Nebraska,Stanton,21,0,0,41.9169835,-97.19394708,31167.0,354.72972972972974,0.0,21,21,0,0,21,21,5970,0,0,0,0,0
2020-06-17,US,Nebraska,Thayer,1,0,0,40.17626377,-97.59504381,31169.0,19.98800719568259,0.0,1,1,0,0,1,1,5039,0,0,0,0,0
2020-06-17,US,Nebraska,Thomas,1,0,0,41.91358968,-100.5556632,31171.0,138.50415512465375,0.0,1,1,0,0,1,1,720,0,0,0,0,0
2020-06-17,US,Nebraska,Thurston,71,1,0,42.15725356,-96.54157099,31173.0,982.8349944629016,1.4084507042253518,70,68,1,0,67,66,7303,3,0,0,3,2
2020-06-17,US,Nebraska,Unassigned,176,1,0,0.0,0.0,90031.0,0.0,0.5681818181818182,175,176,1,0,175,176,,0,0,0,0,0
2020-06-17,US,Nebraska,Valley,7,0,0,41.56730777,-98.98197724,31175.0,168.3501683501684,0.0,7,7,0,0,7,7,4190,0,0,0,0,0
2020-06-17,US,Nebraska,Washington,41,1,0,41.52815707,-96.22019892,31177.0,197.7905349992764,2.4390243902439024,40,41,1,0,40,41,20667,0,0,0,0,0
2020-06-17,US,Nebraska,Wayne,26,0,0,42.20934475,-97.11926964,31179.0,277.0378263185935,0.0,26,26,0,0,26,26,9403,0,0,0,0,0
2020-06-17,US,Nebraska,Webster,6,0,0,40.17642643,-98.50019851,31181.0,172.0676799541153,0.0,6,6,0,0,6,6,3533,0,0,0,0,0
2020-06-17,US,Nebraska,York,37,0,0,40.87272618,-97.59710186,31185.0,270.4876087433292,0.0,37,37,0,0,37,37,13772,0,0,0,0,0
2020-06-17,US,Nevada,Carson City,124,5,0,39.15509045,-119.7480219,32510.0,221.7612132484441,4.032258064516129,119,124,5,0,119,123,55414,0,0,0,0,1
2020-06-17,US,Nevada,Churchill,10,1,0,39.58105744,-118.3394607,32001.0,40.14613192018949,10.0,9,10,1,0,9,10,24440,0,0,0,0,0
2020-06-17,US,Nevada,Clark,9318,386,0,36.21458855,-115.0130241,32003.0,411.07946962895636,4.142519854045933,8932,9157,380,0,8777,8815,2231647,161,6,0,155,342
2020-06-17,US,Nevada,Douglas,47,0,0,38.912862,-119.61713329999999,32005.0,96.10469277170023,0.0,47,47,0,0,47,46,48467,0,0,0,0,1
2020-06-17,US,Nevada,Elko,47,1,0,41.14531606,-115.3577619,32007.0,89.05225662207737,2.127659574468085,46,47,1,0,46,37,52460,0,0,0,0,10
2020-06-17,US,Nevada,Humboldt,78,4,0,41.40692186,-118.11094270000001,32013.0,463.43057453508413,5.128205128205129,74,78,4,0,74,78,16786,0,0,0,0,0
2020-06-17,US,Nevada,Lander,23,0,0,39.933223299999995,-117.03970749999999,32015.0,415.76283441793197,0.0,23,23,0,0,23,22,5575,0,0,0,0,1
2020-06-17,US,Nevada,Lincoln,2,0,0,37.64268459,-114.8790388,32017.0,38.58769052672198,0.0,2,2,0,0,2,2,5201,0,0,0,0,0
2020-06-17,US,Nevada,Lyon,94,2,0,39.01777974,-119.18704790000001,32019.0,163.44983481133715,2.127659574468085,92,92,2,0,90,92,55808,2,0,0,2,0
2020-06-17,US,Nevada,Mineral,4,0,0,38.53841696,-118.4344506,32021.0,88.79023307436182,0.0,4,4,0,0,4,4,4514,0,0,0,0,0
2020-06-17,US,Nevada,Nye,75,3,0,38.04264256,-116.47227020000001,32023.0,161.21058401220898,4.0,72,74,3,0,71,74,45346,1,0,0,1,0
2020-06-17,US,Nevada,Pershing,5,0,0,40.44003782,-118.40056409999998,32027.0,74.34944237918216,0.0,5,5,0,0,5,5,6666,0,0,0,0,0
2020-06-17,US,Nevada,Storey,1,0,0,39.44875482,-119.5250207,32029.0,24.254183846713556,0.0,1,1,0,0,1,1,4029,0,0,0,0,0
2020-06-17,US,Nevada,Washoe,2023,71,0,40.66562265,-119.6631594,32031.0,429.0389146566735,3.509639149777558,1952,2016,71,0,1945,2003,465735,7,0,0,7,13
2020-06-17,US,Nevada,White Pine,3,0,0,39.44157041,-114.89996599999999,32033.0,31.315240083507305,0.0,3,3,0,0,3,3,9475,0,0,0,0,0
2020-06-17,US,New Hampshire,Belknap,74,1,0,43.51637314,-71.41684235,33001.0,120.71187380715463,1.351351351351351,73,74,1,0,73,74,61022,0,0,0,0,0
2020-06-17,US,New Hampshire,Carroll,49,0,0,43.87498583,-71.20430216,33003.0,100.1840114496013,0.0,49,49,0,0,49,49,48779,0,0,0,0,0
2020-06-17,US,New Hampshire,Cheshire,63,2,0,42.92015988,-72.25311043,33005.0,82.80212919760794,3.1746031746031744,61,62,2,0,60,60,76493,1,0,0,1,2
2020-06-17,US,New Hampshire,Coos,6,0,0,44.69063265,-71.30633239,33007.0,19.0095998479232,0.0,6,6,0,0,6,6,31589,0,0,0,0,0
2020-06-17,US,New Hampshire,Grafton,75,1,0,43.93779815,-71.82057197,33009.0,83.43902276216541,1.3333333333333333,74,75,1,0,74,76,89786,0,0,0,0,-1
2020-06-17,US,New Hampshire,Hillsborough,3048,213,0,42.91537785,-71.7200253,33011.0,730.8914333673041,6.988188976377952,2835,2981,209,0,2772,2963,415247,67,4,0,63,18
2020-06-17,US,New Hampshire,Merrimack,392,18,0,43.29662971,-71.6811573,33013.0,258.9321690192944,4.591836734693878,374,392,18,0,374,392,151132,0,0,0,0,0
2020-06-17,US,New Hampshire,Rockingham,1422,81,0,42.98499744,-71.12883377,33015.0,459.0517450099913,5.69620253164557,1341,1418,81,0,1337,1416,309176,4,0,0,4,2
2020-06-17,US,New Hampshire,Strafford,280,13,0,43.291833000000004,-71.02336013,33017.0,214.34093988502136,4.642857142857143,267,279,13,0,266,279,130090,1,0,0,1,0
2020-06-17,US,New Hampshire,Sullivan,24,1,0,43.36094111,-72.22203125,33019.0,55.62508691419831,4.166666666666667,23,24,1,0,23,25,43144,0,0,0,0,-1
2020-06-17,US,New Hampshire,Unassigned,3,0,0,0.0,0.0,90033.0,0.0,0.0,3,4,0,0,4,5,,-1,0,0,-1,-1
2020-06-17,US,New Jersey,Atlantic,2553,184,0,39.47538693,-74.65848483,34001.0,968.2557742632837,7.207207207207206,2369,2539,180,0,2359,2497,265429,14,4,0,10,42
2020-06-17,US,New Jersey,Bergen,18928,1681,0,40.96010917,-74.07164325,34003.0,2030.4612090512567,8.881022823330516,17247,18901,1673,0,17228,18848,936692,27,8,0,19,53
2020-06-17,US,New Jersey,Burlington,4935,364,0,39.87681124,-74.66927768,34005.0,1108.119699381833,7.375886524822695,4571,4929,364,0,4565,4894,445384,6,0,0,6,35
2020-06-17,US,New Jersey,Camden,7047,417,0,39.80343818,-74.96388753,34007.0,1391.3925970095029,5.917411664538102,6630,7040,417,0,6623,7025,507078,7,0,0,7,15
2020-06-17,US,New Jersey,Cape May,682,61,0,39.15008829,-74.80170244,34009.0,740.990232401482,8.944281524926685,621,681,61,0,620,672,92560,1,0,0,1,9
2020-06-17,US,New Jersey,Cumberland,2745,118,0,39.37199394,-75.10712559,34011.0,1835.788854186869,4.298724954462659,2627,2728,114,0,2614,2697,150972,17,4,0,13,31
2020-06-17,US,New Jersey,Essex,18421,1755,0,40.78681335,-74.24657979,34013.0,2305.5790231233773,9.527170077628792,16666,18388,1751,0,16637,18375,799767,33,4,0,29,13
2020-06-17,US,New Jersey,Gloucester,2428,166,0,39.71581067,-75.13995546,34015.0,832.5446789833902,6.8369028006589785,2262,2423,164,0,2259,2416,291408,5,2,0,3,7
2020-06-17,US,New Jersey,Hudson,19238,1290,0,40.73766234,-74.07515667,34017.0,2861.132882504376,6.7054787399937625,17948,19238,1289,0,17949,19195,676061,0,1,0,-1,43
2020-06-17,US,New Jersey,Hunterdon,1049,67,0,40.56335249,-74.91284156,34019.0,843.4442112711162,6.3870352716873215,982,1042,66,0,976,1041,124714,7,1,0,6,1
2020-06-17,US,New Jersey,Mercer,7393,523,0,40.28047017,-74.70479631,34021.0,2012.0839343548432,7.0742594346002985,6870,7381,522,0,6859,7371,369811,12,1,0,11,10
2020-06-17,US,New Jersey,Middlesex,16513,1094,0,40.43629879,-74.41426991,34023.0,2001.425347428436,6.625083267728456,15419,16474,1085,0,15389,16458,829685,39,9,0,30,16
2020-06-17,US,New Jersey,Monmouth,8804,688,0,40.26549699,-74.22240686,34025.0,1422.7652130350116,7.81462971376647,8116,8786,687,0,8099,8761,621354,18,1,0,17,25
2020-06-17,US,New Jersey,Morris,6627,640,0,40.86095313,-74.54553709999998,34027.0,1347.3756976283178,9.657461898294855,5987,6599,640,0,5959,6588,494228,28,0,0,28,11
2020-06-17,US,New Jersey,Ocean,9306,828,0,39.8895449,-74.28089251,34029.0,1532.6440332945756,8.897485493230176,8478,9279,826,0,8453,9258,601651,27,2,0,25,21
2020-06-17,US,New Jersey,Passaic,16683,1007,0,41.03238628,-74.29954144,34031.0,3324.4590754564333,6.036084637055684,15676,16664,1006,0,15658,16649,503310,19,1,0,18,15
2020-06-17,US,New Jersey,Salem,723,60,0,39.58719656,-75.34696629999998,34033.0,1158.9324356816542,8.298755186721992,663,711,58,0,653,708,62607,12,2,0,10,3
2020-06-17,US,New Jersey,Somerset,4780,438,0,40.56465737,-74.61683016,34035.0,1453.1790571968845,9.163179916317992,4342,4767,438,0,4329,4764,331164,13,0,0,13,3
2020-06-17,US,New Jersey,Sussex,1203,183,0,41.13891592,-74.69118243,34037.0,856.3008940265361,15.211970074812967,1020,1190,181,0,1009,1190,140799,13,2,0,11,0
2020-06-17,US,New Jersey,Unassigned,124,0,0,0.0,0.0,90034.0,0.0,0.0,124,141,0,0,141,186,,-17,0,0,-17,-45
2020-06-17,US,New Jersey,Union,16315,1131,0,40.65835409,-74.30680092,34039.0,2932.5539552181126,6.932270916334661,15184,16320,1130,0,15190,16308,558067,-5,1,0,-6,12
2020-06-17,US,New Jersey,Warren,1206,140,0,40.85951833,-74.99556527,34041.0,1145.6581834763028,11.608623548922054,1066,1205,140,0,1065,1202,105779,1,0,0,1,3
2020-06-17,US,New Mexico,Bernalillo,1752,81,0,35.05163625,-106.6703554,35001.0,257.9805366054061,4.623287671232877,1671,1733,80,0,1653,1705,678701,19,1,0,18,28
2020-06-17,US,New Mexico,Catron,2,1,0,33.91514144,-108.4046587,35003.0,56.70541536716757,50.0,1,2,1,0,1,2,3578,0,0,0,0,0
2020-06-17,US,New Mexico,Chaves,61,2,0,33.36406072,-104.4665365,35005.0,94.40532384121336,3.278688524590164,59,59,2,0,57,59,64689,2,0,0,2,0
2020-06-17,US,New Mexico,Cibola,186,10,0,34.91131525,-107.998876,35006.0,697.2820993439549,5.376344086021504,176,186,9,0,177,185,26746,0,1,0,-1,1
2020-06-17,US,New Mexico,Colfax,8,0,0,36.60569702,-104.64726740000002,35007.0,66.99606398124111,0.0,8,8,0,0,8,8,12110,0,0,0,0,0
2020-06-17,US,New Mexico,Curry,92,0,0,34.57421077,-103.34688759999999,35009.0,187.9315275564816,0.0,92,89,0,0,89,83,49437,3,0,0,3,6
2020-06-17,US,New Mexico,Dona Ana,676,6,0,32.35275771,-106.83293870000001,35013.0,309.81461536698816,0.8875739644970414,670,659,6,0,653,657,217522,17,0,0,17,2
2020-06-17,US,New Mexico,Eddy,48,1,0,32.47167456,-104.3053527,35015.0,82.10742387957578,2.083333333333333,47,48,1,0,47,47,57900,0,0,0,0,1
2020-06-17,US,New Mexico,Grant,16,0,0,32.73911281,-108.3827845,35017.0,59.26364915919698,0.0,16,16,0,0,16,16,27346,0,0,0,0,0
2020-06-17,US,New Mexico,Guadalupe,20,0,0,34.86319296,-104.790669,35019.0,465.11627906976736,0.0,20,20,0,0,20,20,4341,0,0,0,0,0
2020-06-17,US,New Mexico,Harding,1,0,0,35.85751555,-103.82209379999999,35021.0,160.0,0.0,1,1,0,0,1,1,655,0,0,0,0,0
2020-06-17,US,New Mexico,Hidalgo,23,0,0,31.91383467,-108.7151824,35023.0,547.8799428299192,0.0,23,23,0,0,23,20,4240,0,0,0,0,3
2020-06-17,US,New Mexico,Lea,55,0,0,32.79215361,-103.4123733,35025.0,77.38849022090896,0.0,55,49,0,0,49,44,69611,6,0,0,6,5
2020-06-17,US,New Mexico,Lincoln,6,0,0,33.74526079,-105.4586166,35027.0,30.65603923973023,0.0,6,6,0,0,6,6,19556,0,0,0,0,0
2020-06-17,US,New Mexico,Los Alamos,7,0,0,35.86631386,-106.31349850000001,35028.0,36.14022406938923,0.0,7,7,0,0,7,7,19101,0,0,0,0,0
2020-06-17,US,New Mexico,Luna,32,1,0,32.18179341,-107.75088259999998,35029.0,134.96984267577713,3.125,31,32,1,0,31,29,23963,0,0,0,0,3
2020-06-17,US,New Mexico,McKinley,2968,152,0,35.58007720000001,-108.262245,35031.0,4158.784872560147,5.1212938005390845,2816,2949,151,0,2798,2936,72290,19,1,0,18,13
2020-06-17,US,New Mexico,Otero,31,5,0,32.61348406,-105.7417604,35035.0,45.93273077492962,16.129032258064516,26,30,4,0,26,30,66781,1,1,0,0,0
2020-06-17,US,New Mexico,Quay,4,1,0,35.10403332,-103.54817270000001,35037.0,48.467224039743115,25.0,3,4,1,0,3,4,8253,0,0,0,0,0
2020-06-17,US,New Mexico,Rio Arriba,61,1,0,36.51072137,-106.69316740000001,35039.0,156.72773053107574,1.639344262295082,60,59,1,0,58,59,39006,2,0,0,2,0
2020-06-17,US,New Mexico,Roosevelt,53,1,0,34.02097406,-103.4799493,35041.0,286.4864864864865,1.8867924528301887,52,53,1,0,52,53,18743,0,0,0,0,0
2020-06-17,US,New Mexico,San Juan,2140,152,0,36.50838318,-108.32043700000001,35045.0,1726.3911970183447,7.102803738317758,1988,2129,151,0,1978,2123,125043,11,1,0,10,6
2020-06-17,US,New Mexico,San Miguel,16,0,0,35.48014807,-104.8163562,35047.0,58.65747699527074,0.0,16,16,0,0,16,16,27591,0,0,0,0,0
2020-06-17,US,New Mexico,Sandoval,651,27,0,35.68862401,-106.86878030000001,35043.0,443.6176302232398,4.147465437788019,624,642,27,0,615,634,145179,9,0,0,9,8
2020-06-17,US,New Mexico,Santa Fe,182,3,0,35.50708973,-105.9774716,35049.0,121.0444406017638,1.6483516483516485,179,178,3,0,175,173,150056,4,0,0,4,5
2020-06-17,US,New Mexico,Sierra,4,0,0,33.13028233,-107.1925893,35051.0,37.067926976183855,0.0,4,4,0,0,4,4,10968,0,0,0,0,0
2020-06-17,US,New Mexico,Socorro,55,5,0,34.00715494,-106.9298354,35053.0,330.58844743643687,9.090909090909092,50,55,5,0,50,55,16735,0,0,0,0,0
2020-06-17,US,New Mexico,Taos,33,0,0,36.58006022,-105.63101979999999,35055.0,100.84649940408887,0.0,33,33,0,0,33,33,32835,0,0,0,0,0
2020-06-17,US,New Mexico,Torrance,34,1,0,34.64048375,-105.8508949,35057.0,219.90815600543306,2.9411764705882355,33,34,1,0,33,34,15591,0,0,0,0,0
2020-06-17,US,New Mexico,Unassigned,749,0,0,0.0,0.0,90035.0,0.0,0.0,749,711,0,0,711,708,,38,0,0,38,3
2020-06-17,US,New Mexico,Union,5,0,0,36.48126404,-103.4709624,35059.0,123.1830500123183,0.0,5,5,0,0,5,5,4118,0,0,0,0,0
2020-06-17,US,New Mexico,Valencia,94,2,0,34.71669834,-106.8103733,35061.0,122.57458794074692,2.127659574468085,92,93,2,0,91,89,76456,1,0,0,1,4
2020-06-17,US,New York,Albany,2029,118,0,42.60060306,-73.97723916,36001.0,664.1440757301002,5.815672745194679,1911,2026,118,0,1908,2022,307117,3,0,0,3,4
2020-06-17,US,New York,Allegany,55,0,0,42.25748406,-78.02750466,36003.0,119.32915319693649,0.0,55,55,0,0,55,55,46430,0,0,0,0,0
2020-06-17,US,New York,Broome,657,52,0,42.15903158,-75.81326086,36007.0,344.9036159758095,7.9147640791476395,605,656,52,0,604,655,191659,1,0,0,1,1
2020-06-17,US,New York,Cattaraugus,109,5,0,42.24778241,-78.67923096,36009.0,143.2005990777356,4.587155963302751,104,107,5,0,102,106,76840,2,0,0,2,1
2020-06-17,US,New York,Cayuga,106,2,0,42.91261714,-76.55731592,36011.0,138.42457166736315,1.8867924528301887,104,106,2,0,104,106,77145,0,0,0,0,0
2020-06-17,US,New York,Chautauqua,108,4,0,42.22769210000001,-79.36691763,36013.0,85.1043710550578,3.703703703703704,104,108,4,0,104,107,127939,0,0,0,0,1
2020-06-17,US,New York,Chemung,138,2,0,42.13891056,-76.7638805,36015.0,165.35659509202455,1.4492753623188406,136,138,2,0,136,138,84254,0,0,0,0,0
2020-06-17,US,New York,Chenango,139,5,0,42.49430041,-75.60887553,36017.0,294.4478573092974,3.5971223021582728,134,139,5,0,134,138,47536,0,0,0,0,1
2020-06-17,US,New York,Clinton,99,4,0,44.74530905,-73.67875352,36019.0,123.00428651301485,4.040404040404041,95,99,4,0,95,98,80695,0,0,0,0,1
2020-06-17,US,New York,Columbia,442,37,0,42.24819348,-73.63089095,36021.0,743.3443769865962,8.371040723981901,405,442,37,0,405,439,59916,0,0,0,0,3
2020-06-17,US,New York,Cortland,42,0,0,42.59509207,-76.07048931,36023.0,88.27052815199345,0.0,42,42,0,0,42,42,47823,0,0,0,0,0
2020-06-17,US,New York,Delaware,89,4,0,42.19837623,-74.96709306,36025.0,201.65401608700577,4.49438202247191,85,88,4,0,84,88,44527,1,0,0,1,0
2020-06-17,US,New York,Dutchess,4077,145,0,41.76486060000001,-73.74356679,36027.0,1385.7071967044847,3.5565366691194504,3932,4075,145,0,3930,4068,293718,2,0,0,2,7
2020-06-17,US,New York,Erie,6882,602,0,42.76249024,-78.73063652,36029.0,749.100361161726,8.747457134553906,6280,6852,602,0,6250,6817,919719,30,0,0,30,35
2020-06-17,US,New York,Essex,40,0,0,44.11630765,-73.77297842,36031.0,108.4451674122272,0.0,40,40,0,0,40,40,37300,0,0,0,0,0
2020-06-17,US,New York,Franklin,25,0,0,44.59040891,-74.29926032,36033.0,49.97800967574268,0.0,25,25,0,0,25,25,50293,0,0,0,0,0
2020-06-17,US,New York,Fulton,236,24,0,43.11363907,-74.41798804,36035.0,442.08830526572126,10.169491525423727,212,236,24,0,212,235,53591,0,0,0,0,1
2020-06-17,US,New York,Genesee,216,5,0,43.0022601,-78.19135193,36037.0,377.0949720670391,2.314814814814815,211,213,5,0,208,213,57511,3,0,0,3,0
2020-06-17,US,New York,Greene,252,18,0,42.275797,-74.12384884,36039.0,534.034076460117,7.142857142857142,234,252,18,0,234,251,47491,0,0,0,0,1
2020-06-17,US,New York,Hamilton,6,0,0,43.66146647,-74.49721957,36041.0,135.8695652173913,0.0,6,6,0,0,6,6,4434,0,0,0,0,0
2020-06-17,US,New York,Herkimer,128,3,0,43.42034246,-74.96145307,36043.0,208.74443484075084,2.34375,125,128,3,0,125,128,61833,0,0,0,0,0
2020-06-17,US,New York,Jefferson,82,0,0,44.04200959,-75.94653457,36045.0,74.65812043629477,0.0,82,81,0,0,81,81,111755,1,0,0,1,0
2020-06-17,US,New York,Lewis,21,0,0,43.784415700000004,-75.44903992,36049.0,79.86005476118041,0.0,21,20,0,0,20,20,26447,1,0,0,1,0
2020-06-17,US,New York,Livingston,123,8,0,42.72596275,-77.77966158,36051.0,195.5049750453,6.5040650406504055,115,123,8,0,115,123,63227,0,0,0,0,0
2020-06-17,US,New York,Madison,338,17,0,42.91653905,-75.67266639,36053.0,476.45226314824987,5.029585798816568,321,336,17,0,319,335,70795,2,0,0,2,1
2020-06-17,US,New York,Monroe,3418,247,0,43.14638895,-77.69322942,36055.0,460.78973266646005,7.2264482153306036,3171,3402,247,0,3155,3380,742474,16,0,0,16,22
2020-06-17,US,New York,Montgomery,104,4,0,42.90123494,-74.44011632,36057.0,211.29192824201053,3.8461538461538463,100,104,4,0,100,104,49455,0,0,0,0,0
2020-06-17,US,New York,Nassau,41320,2171,0,40.74066522,-73.58941873,36059.0,3045.1226450412846,5.254114230396903,39149,41290,2170,0,39120,41240,1358343,30,1,0,29,50
2020-06-17,US,New York,New York City,210941,22171,0,40.76727260000001,-73.97152637,36061.0,2530.2342608695867,10.510521899488484,188770,210591,22145,0,188446,210259,1628701,350,26,0,324,332
2020-06-17,US,New York,Niagara,1177,78,0,43.19898042,-78.74777412,36063.0,562.4017469335487,6.627017841971113,1099,1171,78,0,1093,1169,210433,6,0,0,6,2
2020-06-17,US,New York,Oneida,1307,77,0,43.24375382,-75.43710392,36065.0,571.5635126448042,5.891354246365722,1230,1301,77,0,1224,1280,229577,6,0,0,6,21
2020-06-17,US,New York,Onondaga,2558,174,0,43.00491923,-76.19971155,36067.0,555.449397213633,6.802189210320562,2384,2545,174,0,2371,2531,461809,13,0,0,13,14
2020-06-17,US,New York,Ontario,234,9,0,42.85145728,-77.30874425,36069.0,213.15940497554126,3.8461538461538463,225,234,9,0,225,233,109864,0,0,0,0,1
2020-06-17,US,New York,Orange,10599,473,0,41.40337468,-74.30240757,36071.0,2753.416116797423,4.462685158977262,10126,10580,473,0,10107,10573,381951,19,0,0,19,7
2020-06-17,US,New York,Orleans,270,49,0,43.2516977,-78.2320066,36073.0,669.1118160190325,18.14814814814815,221,268,49,0,219,268,40612,2,0,0,2,0
2020-06-17,US,New York,Oswego,139,3,0,43.42778894,-76.14635194,36075.0,118.67764079095659,2.1582733812949644,136,139,3,0,136,126,117898,0,0,0,0,13
2020-06-17,US,New York,Otsego,82,5,0,42.63492579,-75.03151402,36077.0,137.83134150236162,6.097560975609755,77,81,5,0,76,80,59749,1,0,0,1,1
2020-06-17,US,New York,Putnam,1294,62,0,41.42630093,-73.74965532,36079.0,1316.1106590724166,4.791344667697064,1232,1292,62,0,1230,1291,98892,2,0,0,2,1
2020-06-17,US,New York,Rensselaer,515,28,0,42.71348136,-73.51089874,36083.0,324.4830323726956,5.436893203883495,487,514,28,0,486,514,159442,1,0,0,1,0
2020-06-17,US,New York,Rockland,13467,665,0,41.15027894,-74.02560498,36087.0,4133.6570602445145,4.937996584242963,12802,13460,665,0,12795,13441,325695,7,0,0,7,19
2020-06-17,US,New York,Saratoga,523,14,0,43.10904162,-73.86653895,36091.0,227.5268311994536,2.676864244741874,509,522,14,0,508,517,230163,1,0,0,1,5
2020-06-17,US,New York,Schenectady,737,36,0,42.81668777,-74.05278291,36093.0,474.5684131900399,4.884667571234735,701,735,36,0,699,732,155350,2,0,0,2,3
2020-06-17,US,New York,Schoharie,55,0,0,42.58831742,-74.44339029999998,36095.0,177.42507822832994,0.0,55,54,0,0,54,54,31097,1,0,0,1,0
2020-06-17,US,New York,Schuyler,12,0,0,42.39184015,-76.8773299,36097.0,67.38922895490539,0.0,12,12,0,0,12,12,17912,0,0,0,0,0
2020-06-17,US,New York,Seneca,64,0,0,42.78081007,-76.82497064,36099.0,188.14675446848545,0.0,64,64,0,0,64,64,34300,0,0,0,0,0
2020-06-17,US,New York,St. Lawrence,215,2,0,44.4976179,-75.06550039,36089.0,199.55448301466487,0.9302325581395348,213,215,2,0,213,215,108047,0,0,0,0,0
2020-06-17,US,New York,Steuben,257,41,0,42.2689144,-77.3829924,36101.0,269.45134673250925,15.95330739299611,216,257,41,0,216,256,95796,0,0,0,0,1
2020-06-17,US,New York,Suffolk,40770,1958,0,40.88320119,-72.8012172,36103.0,2761.070864776605,4.802550895266127,38812,40738,1957,0,38781,40692,1481093,32,1,0,31,46
2020-06-17,US,New York,Sullivan,1433,45,0,41.71579493,-74.76394559,36105.0,1899.7242549581078,3.14026517794836,1388,1433,45,0,1388,1432,75498,0,0,0,0,1
2020-06-17,US,New York,Tioga,140,24,0,42.16852837,-76.30835812,36107.0,290.438354459266,17.142857142857142,116,140,24,0,116,139,48560,0,0,0,0,1
2020-06-17,US,New York,Tompkins,173,0,0,42.44945765,-76.47229843,36109.0,169.30906243883342,0.0,173,173,0,0,173,173,102793,0,0,0,0,0
2020-06-17,US,New York,Ulster,1744,83,0,41.89027881,-74.26252104,36111.0,982.1312924825284,4.759174311926606,1661,1742,83,0,1659,1741,178599,2,0,0,2,1
2020-06-17,US,New York,Warren,257,30,0,43.56173026,-73.8433699,36113.0,401.9141749030401,11.673151750972762,227,257,30,0,227,257,64265,0,0,0,0,0
2020-06-17,US,New York,Washington,243,14,0,43.31153794,-73.43043448,36115.0,397.0328736683877,5.761316872427983,229,243,14,0,229,243,61197,0,0,0,0,0
2020-06-17,US,New York,Wayne,137,3,0,43.15494365,-77.02976528,36117.0,152.36104005872016,2.18978102189781,134,134,3,0,131,133,90064,3,0,0,3,1
2020-06-17,US,New York,Westchester,34385,1407,0,41.16278376,-73.75741653,36119.0,3553.983127753213,4.0919005380253015,32978,34358,1405,0,32953,34327,967612,27,2,0,25,31
2020-06-17,US,New York,Wyoming,93,5,0,42.70145109,-78.22199579,36121.0,233.32246167741292,5.376344086021504,88,93,5,0,88,92,40085,0,0,0,0,1
2020-06-17,US,New York,Yates,40,6,0,42.63505484,-77.10369919,36123.0,160.55874443061856,15.0,34,40,6,0,34,40,24841,0,0,0,0,0
2020-06-17,US,North Carolina,Alamance,827,35,0,36.0434701,-79.39976137,37001.0,487.87969960297096,4.2321644498186215,792,796,34,0,762,778,166436,31,1,0,30,18
2020-06-17,US,North Carolina,Alexander,51,0,0,35.922379600000006,-81.17751948,37003.0,136.01088087046963,0.0,51,50,0,0,50,50,37353,1,0,0,1,0
2020-06-17,US,North Carolina,Alleghany,30,0,0,36.49360862,-81.12857041,37005.0,269.37236239561815,0.0,30,30,0,0,30,30,11161,0,0,0,0,0
2020-06-17,US,North Carolina,Anson,91,1,0,34.97403241,-80.09953279,37007.0,372.2490386975375,1.0989010989010992,90,89,1,0,88,87,24877,2,0,0,2,2
2020-06-17,US,North Carolina,Ashe,43,1,0,36.43296207,-81.49862729,37009.0,158.07080101459397,2.3255813953488373,42,43,1,0,42,43,27109,0,0,0,0,0
2020-06-17,US,North Carolina,Avery,6,0,0,36.07569796,-81.92308483,37011.0,34.17440337187447,0.0,6,6,0,0,6,6,17505,0,0,0,0,0
2020-06-17,US,North Carolina,Beaufort,53,0,0,35.48531943,-76.84325809,37013.0,112.78035493892835,0.0,53,52,0,0,52,51,47079,1,0,0,1,1
2020-06-17,US,North Carolina,Bertie,135,4,0,36.0688473,-76.96545943,37015.0,712.5138544360585,2.962962962962963,131,135,4,0,131,135,19026,0,0,0,0,0
2020-06-17,US,North Carolina,Bladen,214,2,0,34.61296243,-78.56180059,37017.0,653.9942546299127,0.9345794392523364,212,199,2,0,197,196,33190,15,0,0,15,3
2020-06-17,US,North Carolina,Brunswick,268,3,0,34.070565,-78.22814204,37019.0,187.6487886850581,1.1194029850746268,265,263,3,0,260,241,136744,5,0,0,5,22
2020-06-17,US,North Carolina,Buncombe,464,35,0,35.61113393,-82.53305,37021.0,177.6477749999043,7.543103448275862,429,461,35,0,426,456,259103,3,0,0,3,5
2020-06-17,US,North Carolina,Burke,838,18,0,35.74989637,-81.70755735,37023.0,926.1203514394651,2.1479713603818618,820,775,18,0,757,775,90382,63,0,0,63,0
2020-06-17,US,North Carolina,Cabarrus,769,25,0,35.3877799,-80.55267168,37025.0,355.27343118367503,3.250975292587776,744,729,25,0,704,716,211342,40,0,0,40,13
2020-06-17,US,North Carolina,Caldwell,258,4,0,35.95204977,-81.54799522,37027.0,313.9526393925382,1.5503875968992251,254,252,4,0,248,249,82029,6,0,0,6,3
2020-06-17,US,North Carolina,Camden,7,0,0,36.33804939,-76.15568396,37029.0,64.41520198766909,0.0,7,7,0,0,7,6,10710,0,0,0,0,1
2020-06-17,US,North Carolina,Carteret,48,3,0,34.8932941,-76.54120135,37031.0,69.09158953838181,6.25,45,48,3,0,45,47,69524,0,0,0,0,1
2020-06-17,US,North Carolina,Caswell,106,1,0,36.39312665,-79.33353281,37033.0,468.9435498141922,0.9433962264150944,105,104,1,0,103,103,22698,2,0,0,2,1
2020-06-17,US,North Carolina,Catawba,465,11,0,35.66211129,-81.2132617,37035.0,291.442861530169,2.3655913978494625,454,452,11,0,441,435,158652,13,0,0,13,17
2020-06-17,US,North Carolina,Chatham,821,39,0,35.70394416,-79.25541492,37037.0,1102.457365382033,4.7503045066991465,782,813,39,0,774,808,73139,8,0,0,8,5
2020-06-17,US,North Carolina,Cherokee,30,1,0,35.1349263,-84.05970864,37039.0,104.85111142178108,3.333333333333333,29,30,1,0,29,30,28383,0,0,0,0,0
2020-06-17,US,North Carolina,Chowan,19,0,0,36.12908077,-76.60118385,37041.0,136.26909560352863,0.0,19,19,0,0,19,19,14029,0,0,0,0,0
2020-06-17,US,North Carolina,Clay,9,0,0,35.05704275,-83.74353633,37043.0,80.135339684801,0.0,9,9,0,0,9,9,11139,0,0,0,0,0
2020-06-17,US,North Carolina,Cleveland,180,2,0,35.33553364,-81.55204486,37045.0,183.77285674905815,1.1111111111111112,178,164,2,0,162,159,97645,16,0,0,16,5
2020-06-17,US,North Carolina,Columbus,432,33,0,34.26744084,-78.65801424,37047.0,778.2661958636592,7.638888888888888,399,429,33,0,396,427,55655,3,0,0,3,2
2020-06-17,US,North Carolina,Craven,280,5,0,35.11833364,-77.08398081,37049.0,274.13622612322416,1.7857142857142858,275,276,5,0,271,276,102912,4,0,0,4,0
2020-06-17,US,North Carolina,Cumberland,935,30,0,35.04762133,-78.82623165,37051.0,278.6810487945182,3.2085561497326203,905,904,30,0,874,895,332330,31,0,0,31,9
2020-06-17,US,North Carolina,Currituck,16,0,0,36.36123664,-75.95876401,37053.0,57.630659510859786,0.0,16,16,0,0,16,16,27072,0,0,0,0,0
2020-06-17,US,North Carolina,Dare,27,1,0,35.66520691,-75.71767334,37055.0,72.95522710691993,3.703703703703704,26,25,1,0,24,25,36501,2,0,0,2,0
2020-06-17,US,North Carolina,Davidson,678,15,0,35.79115496,-80.21256572,37057.0,404.5128841529989,2.2123893805309733,663,664,15,0,649,655,166614,14,0,0,14,9
2020-06-17,US,North Carolina,Davie,145,2,0,35.93099927,-80.54496571,37059.0,338.42132287728145,1.3793103448275863,143,144,2,0,142,142,42733,1,0,0,1,2
2020-06-17,US,North Carolina,Duplin,1231,20,0,34.93449805,-77.93140529,37061.0,2095.640183176997,1.6246953696181965,1211,1228,20,0,1208,1213,58856,3,0,0,3,15
2020-06-17,US,North Carolina,Durham,2841,57,0,36.03638492,-78.87608331,37063.0,883.7032797491664,2.006335797254488,2784,2800,56,0,2744,2712,316739,41,1,0,40,88
2020-06-17,US,North Carolina,Edgecombe,256,9,0,35.91230639,-77.59436892,37065.0,497.35778675784894,3.515625,247,254,9,0,245,253,52005,2,0,0,2,1
2020-06-17,US,North Carolina,Forsyth,2333,26,0,36.12859861,-80.25459052,37067.0,610.2617088897317,1.1144449207029576,2307,2283,25,0,2258,2250,379099,50,1,0,49,33
2020-06-17,US,North Carolina,Franklin,237,22,0,36.081519,-78.28708884,37069.0,340.1018870632131,9.282700421940927,215,232,22,0,210,231,67560,5,0,0,5,1
2020-06-17,US,North Carolina,Gaston,576,9,0,35.29373559,-81.17477045,37071.0,256.53701748994564,1.5625,567,549,8,0,541,525,222846,27,1,0,26,24
2020-06-17,US,North Carolina,Gates,25,2,0,36.44667547,-76.69749701,37073.0,216.22556651098427,8.0,23,25,2,0,23,24,11573,0,0,0,0,1
2020-06-17,US,North Carolina,Graham,6,0,0,35.3506925,-83.83369267,37075.0,71.08162539983414,0.0,6,6,0,0,6,6,8484,0,0,0,0,0
2020-06-17,US,North Carolina,Granville,703,16,0,36.30337451,-78.65184241,37077.0,1163.0792647618418,2.275960170697013,687,688,16,0,672,680,60115,15,0,0,15,8
2020-06-17,US,North Carolina,Greene,128,2,0,35.48544173,-77.67578087,37079.0,607.5276472542597,1.5625,126,124,2,0,122,122,21012,4,0,0,4,2
2020-06-17,US,North Carolina,Guilford,2194,98,0,36.07959451,-79.78824948,37081.0,408.4337663401431,4.466727438468551,2096,2103,95,0,2008,2061,533670,91,3,0,88,42
2020-06-17,US,North Carolina,Halifax,241,3,0,36.25669272,-77.6556109,37083.0,481.9036192761448,1.2448132780082988,238,241,3,0,238,239,50574,0,0,0,0,2
2020-06-17,US,North Carolina,Harnett,422,30,0,35.36731853,-78.87243571,37085.0,310.3488850973701,7.109004739336492,392,417,30,0,387,411,134214,5,0,0,5,6
2020-06-17,US,North Carolina,Haywood,67,0,0,35.55269063,-82.98196486,37087.0,107.5148033441918,0.0,67,65,0,0,65,65,61971,2,0,0,2,0
2020-06-17,US,North Carolina,Henderson,464,48,0,35.33788927,-82.4766782,37089.0,395.1727603328309,10.344827586206897,416,459,48,0,411,448,116748,5,0,0,5,11
2020-06-17,US,North Carolina,Hertford,152,7,0,36.3607755,-76.98104134,37091.0,641.9732229589897,4.605263157894737,145,152,7,0,145,151,23659,0,0,0,0,1
2020-06-17,US,North Carolina,Hoke,308,2,0,35.01888303,-79.23651674,37093.0,557.6275482492666,0.6493506493506493,306,303,2,0,301,300,54764,5,0,0,5,3
2020-06-17,US,North Carolina,Hyde,3,0,0,35.42017674,-76.15180542,37095.0,60.76564715414219,0.0,3,3,0,0,3,3,5230,0,0,0,0,0
2020-06-17,US,North Carolina,Iredell,475,6,0,35.80950511,-80.8743128,37097.0,261.26750492282986,1.263157894736842,469,454,6,0,448,446,178435,21,0,0,21,8
2020-06-17,US,North Carolina,Jackson,61,1,0,35.28814273,-83.14093385,37099.0,138.83199053211342,1.639344262295082,60,59,1,0,58,59,43327,2,0,0,2,0
2020-06-17,US,North Carolina,Johnston,935,25,0,35.51745004,-78.36622717,37101.0,446.6439602749607,2.6737967914438503,910,903,25,0,878,875,202675,32,0,0,32,28
2020-06-17,US,North Carolina,Jones,28,3,0,35.02254606,-77.35870791,37103.0,297.271472555473,10.714285714285714,25,28,3,0,25,28,9637,0,0,0,0,0
2020-06-17,US,North Carolina,Lee,606,6,0,35.47623147,-79.17569362,37105.0,980.9158451901133,0.99009900990099,600,604,6,0,598,596,61452,2,0,0,2,8
2020-06-17,US,North Carolina,Lenoir,305,10,0,35.24032589999999,-77.64245615,37107.0,545.1393233123023,3.278688524590164,295,303,10,0,293,298,55976,2,0,0,2,5
2020-06-17,US,North Carolina,Lincoln,157,0,0,35.48508185,-81.21740317,37109.0,182.3228159004076,0.0,157,148,0,0,148,140,83770,9,0,0,9,8
2020-06-17,US,North Carolina,Macon,237,1,0,35.14867843,-83.41696617,37113.0,660.9403759272686,0.4219409282700422,236,237,1,0,236,231,35285,0,0,0,0,6
2020-06-17,US,North Carolina,Madison,5,0,0,35.85402722,-82.71346418,37115.0,22.983222247759137,0.0,5,5,0,0,5,5,21763,0,0,0,0,0
2020-06-17,US,North Carolina,Martin,101,4,0,35.84326734,-77.10860251,37117.0,450.0891265597148,3.96039603960396,97,101,4,0,97,100,22671,0,0,0,0,1
2020-06-17,US,North Carolina,McDowell,168,1,0,35.67736232,-82.0482425,37111.0,367.1649619722004,0.5952380952380952,167,163,1,0,162,159,45507,5,0,0,5,4
2020-06-17,US,North Carolina,Mecklenburg,7563,130,0,35.24469268,-80.8317671,37119.0,681.1328979174248,1.7188946185376173,7433,7468,129,0,7339,7321,1093901,95,1,0,94,147
2020-06-17,US,North Carolina,Mitchell,19,0,0,36.01059309,-82.1582442,37121.0,126.97139802191928,0.0,19,18,0,0,18,17,15000,1,0,0,1,1
2020-06-17,US,North Carolina,Montgomery,218,5,0,35.33155144,-79.90416657,37123.0,802.2669561697273,2.2935779816513757,213,211,5,0,206,210,27271,7,0,0,7,1
2020-06-17,US,North Carolina,Moore,320,11,0,35.30885257,-79.48474178,37125.0,317.20856463124505,3.4375,309,319,11,0,308,318,98682,1,0,0,1,1
2020-06-17,US,North Carolina,Nash,301,4,0,35.96575634,-77.98422508,37127.0,319.2008314068167,1.32890365448505,297,294,4,0,290,292,94016,7,0,0,7,2
2020-06-17,US,North Carolina,New Hanover,421,5,0,34.25758282,-77.87075626,37129.0,179.55159016176705,1.187648456057007,416,413,5,0,408,385,232274,8,0,0,8,28
2020-06-17,US,North Carolina,Northampton,171,15,0,36.41736238,-77.39769443,37131.0,877.6882410306421,8.771929824561402,156,171,15,0,156,170,19676,0,0,0,0,1
2020-06-17,US,North Carolina,Onslow,178,3,0,34.72607366,-77.42908179,37133.0,89.92714890521275,1.6853932584269662,175,166,3,0,163,160,197683,12,0,0,12,6
2020-06-17,US,North Carolina,Orange,487,40,0,36.06092947,-79.12167935,37135.0,327.99913790781,8.213552361396303,447,479,40,0,439,478,146027,8,0,0,8,1
2020-06-17,US,North Carolina,Pamlico,15,0,0,35.15253315,-76.66559823,37137.0,117.86892975011787,0.0,15,15,0,0,15,15,12670,0,0,0,0,0
2020-06-17,US,North Carolina,Pasquotank,147,15,0,36.26723798,-76.25134778,37139.0,369.1241462434713,10.20408163265306,132,131,14,0,117,131,39639,16,1,0,15,0
2020-06-17,US,North Carolina,Pender,145,1,0,34.52265624,-77.90352133,37141.0,229.9397399302252,0.6896551724137931,144,143,1,0,142,143,62162,2,0,0,2,0
2020-06-17,US,North Carolina,Perquimans,30,2,0,36.17847453,-76.40603143,37143.0,222.83294956547576,6.666666666666668,28,30,2,0,28,29,13422,0,0,0,0,1
2020-06-17,US,North Carolina,Person,83,1,0,36.38989032,-78.97217358,37145.0,210.1797923524943,1.2048192771084338,82,82,1,0,81,79,39507,1,0,0,1,3
2020-06-17,US,North Carolina,Pitt,502,3,0,35.59535426,-77.37353178,37147.0,277.74396653793804,0.5976095617529881,499,500,2,0,498,493,179914,2,1,0,1,7
2020-06-17,US,North Carolina,Polk,56,4,0,35.27820615,-82.16812354,37149.0,270.21810461300913,7.142857142857142,52,55,4,0,51,55,20611,1,0,0,1,0
2020-06-17,US,North Carolina,Randolph,969,21,0,35.71015088,-79.80570339,37151.0,674.4763933262336,2.1671826625387,948,947,20,0,927,927,143351,22,1,0,21,20
2020-06-17,US,North Carolina,Richmond,215,5,0,35.00417719,-79.74491009,37153.0,479.60025876106977,2.3255813953488373,210,215,5,0,210,211,44887,0,0,0,0,4
2020-06-17,US,North Carolina,Robeson,1127,26,0,34.64244496,-79.10250529999998,37155.0,862.7751196172247,2.3070097604259097,1101,1040,26,0,1014,1040,131831,87,0,0,87,0
2020-06-17,US,North Carolina,Rockingham,147,2,0,36.39593137,-79.77504841,37157.0,161.5207120096693,1.3605442176870748,145,141,2,0,139,137,90690,6,0,0,6,4
2020-06-17,US,North Carolina,Rowan,937,39,0,35.64003916,-80.52446628,37159.0,659.4504813918135,4.16221985058698,898,921,39,0,882,901,141262,16,0,0,16,20
2020-06-17,US,North Carolina,Rutherford,226,7,0,35.40114178,-81.92112099,37161.0,337.16749466648764,3.0973451327433628,219,226,7,0,219,226,66826,0,0,0,0,0
2020-06-17,US,North Carolina,Sampson,791,4,0,34.98820368,-78.36914061,37163.0,1245.061466055941,0.5056890012642224,787,783,4,0,779,779,63626,8,0,0,8,4
2020-06-17,US,North Carolina,Scotland,114,1,0,34.8386299,-79.4757978,37165.0,327.36984177124316,0.8771929824561403,113,114,1,0,113,111,34810,0,0,0,0,3
2020-06-17,US,North Carolina,Stanly,174,5,0,35.31647813,-80.25093221,37167.0,277.0435945610292,2.8735632183908044,169,167,5,0,162,164,62075,7,0,0,7,3
2020-06-17,US,North Carolina,Stokes,96,0,0,36.4017975,-80.23893369,37169.0,210.567875238534,0.0,96,95,0,0,95,95,45467,1,0,0,1,0
2020-06-17,US,North Carolina,Surry,346,2,0,36.41689489,-80.69102283,37171.0,482.0082749397489,0.5780346820809249,344,342,2,0,340,339,71948,4,0,0,4,3
2020-06-17,US,North Carolina,Swain,39,0,0,35.48665845,-83.48748932,37173.0,273.28147992432207,0.0,39,39,0,0,39,39,14245,0,0,0,0,0
2020-06-17,US,North Carolina,Transylvania,17,1,0,35.20383864,-82.79638423,37175.0,49.44016286171296,5.882352941176472,16,17,1,0,16,17,34215,0,0,0,0,0
2020-06-17,US,North Carolina,Tyrrell,5,0,0,35.87147226,-76.17055253,37177.0,124.5019920318725,0.0,5,5,0,0,5,5,4131,0,0,0,0,0
2020-06-17,US,North Carolina,Union,764,22,0,34.98960527,-80.52955873,37179.0,318.52046410599564,2.8795811518324608,742,758,22,0,736,733,235908,6,0,0,6,25
2020-06-17,US,North Carolina,Vance,421,33,0,36.36880673,-78.40670845,37181.0,945.3239025485573,7.838479809976247,388,417,32,0,385,417,44582,4,1,0,3,0
2020-06-17,US,North Carolina,Wake,3249,43,0,35.78879266,-78.65249174,37183.0,292.23906936832645,1.3234841489689135,3206,3163,43,0,3120,3099,1092305,86,0,0,86,64
2020-06-17,US,North Carolina,Warren,136,2,0,36.39728256,-78.10652228,37185.0,689.2706907911409,1.4705882352941178,134,136,2,0,134,133,19807,0,0,0,0,3
2020-06-17,US,North Carolina,Washington,35,3,0,35.83810081,-76.57299037,37187.0,302.24525043177886,8.571428571428571,32,35,3,0,32,35,11859,0,0,0,0,0
2020-06-17,US,North Carolina,Watauga,44,0,0,36.23103603,-81.70033724,37189.0,78.32386919913844,0.0,44,44,0,0,44,44,55945,0,0,0,0,0
2020-06-17,US,North Carolina,Wayne,1540,22,0,35.36438125,-78.00027268,37191.0,1250.700473479465,1.4285714285714286,1518,1535,22,0,1513,1533,123248,5,0,0,5,2
2020-06-17,US,North Carolina,Wilkes,550,6,0,36.2084135,-81.16232895,37193.0,803.9525229491902,1.0909090909090908,544,547,6,0,541,544,68557,3,0,0,3,3
2020-06-17,US,North Carolina,Wilson,540,15,0,35.70625477,-77.917978,37195.0,660.1386291121137,2.7777777777777777,525,524,15,0,509,518,81455,16,0,0,16,6
2020-06-17,US,North Carolina,Yadkin,255,4,0,36.16222629,-80.66239436,37197.0,676.9851594233678,1.568627450980392,251,251,4,0,247,248,37543,4,0,0,4,3
2020-06-17,US,North Carolina,Yancey,31,0,0,35.90079156,-82.31237181,37199.0,171.56455808290443,0.0,31,29,0,0,29,27,17903,2,0,0,2,2
2020-06-17,US,North Dakota,Barnes,11,0,0,46.93579637,-98.06605978,38003.0,105.61689870379259,0.0,11,9,0,0,9,9,10542,2,0,0,2,0
2020-06-17,US,North Dakota,Benson,3,0,0,48.0683985,-99.35916363,38005.0,43.911007025761116,0.0,3,3,0,0,3,3,6962,0,0,0,0,0
2020-06-17,US,North Dakota,Bottineau,4,0,0,48.79106111,-100.8378166,38009.0,63.673989175421845,0.0,4,4,0,0,4,4,6411,0,0,0,0,0
2020-06-17,US,North Dakota,Bowman,1,0,0,46.11285362,-103.5203343,38011.0,33.06878306878307,0.0,1,1,0,0,1,1,3076,0,0,0,0,0
2020-06-17,US,North Dakota,Burke,5,0,0,48.79094471,-102.51821170000001,38013.0,236.40661938534282,0.0,5,5,0,0,5,5,2100,0,0,0,0,0
2020-06-17,US,North Dakota,Burleigh,180,0,0,46.97847375,-100.46452140000001,38015.0,188.23332566456818,0.0,180,176,0,0,176,167,95273,4,0,0,4,9
2020-06-17,US,North Dakota,Cass,2084,62,0,46.93201724,-97.24447190000001,38017.0,1145.5395964226625,2.9750479846449136,2022,2067,62,0,2005,2058,181516,17,0,0,17,9
2020-06-17,US,North Dakota,Dickey,3,0,0,46.11017712,-98.50490079999999,38021.0,61.57635467980296,0.0,3,3,0,0,3,3,4903,0,0,0,0,0
2020-06-17,US,North Dakota,Divide,1,0,0,48.814938700000006,-103.48736109999999,38023.0,44.16961130742049,0.0,1,1,0,0,1,1,2283,0,0,0,0,0
2020-06-17,US,North Dakota,Dunn,11,0,0,47.35423935,-102.61604679999999,38025.0,248.64376130198917,0.0,11,11,0,0,11,11,4332,0,0,0,0,0
2020-06-17,US,North Dakota,Eddy,5,0,0,47.71701474,-98.90432337,38027.0,218.62702229995628,0.0,5,5,0,0,5,5,2313,0,0,0,0,0
2020-06-17,US,North Dakota,Emmons,4,1,0,46.28398398,-100.2389766,38029.0,123.41869793273679,25.0,3,4,1,0,3,4,3295,0,0,0,0,0
2020-06-17,US,North Dakota,Foster,1,0,0,47.457108399999996,-98.88279923,38031.0,31.152647975077887,0.0,1,1,0,0,1,1,3216,0,0,0,0,0
2020-06-17,US,North Dakota,Grand Forks,350,4,0,47.92093639,-97.45450447,38035.0,503.9524268909015,1.1428571428571428,346,346,4,0,342,345,70770,4,0,0,4,1
2020-06-17,US,North Dakota,Grant,2,0,0,46.35821257,-101.63900129999999,38037.0,87.95074758135445,0.0,2,2,0,0,2,2,2374,0,0,0,0,0
2020-06-17,US,North Dakota,Griggs,1,0,0,47.45785838,-98.23850925,38039.0,44.822949350067226,0.0,1,1,0,0,1,1,2232,0,0,0,0,0
2020-06-17,US,North Dakota,Kidder,2,0,0,46.97830064,-99.77507857,38043.0,80.64516129032258,0.0,2,2,0,0,2,2,2450,0,0,0,0,0
2020-06-17,US,North Dakota,LaMoure,10,0,0,46.45681054,-98.53542355,38045.0,247.15768660405342,0.0,10,10,0,0,10,10,4062,0,0,0,0,0
2020-06-17,US,North Dakota,McHenry,2,1,0,48.23104458,-100.6324822,38049.0,34.81288076588338,50.0,1,2,1,0,1,2,5816,0,0,0,0,0
2020-06-17,US,North Dakota,McIntosh,1,0,0,46.11182017,-99.44145858,38051.0,40.04805766920305,0.0,1,1,0,0,1,1,2585,0,0,0,0,0
2020-06-17,US,North Dakota,McKenzie,22,0,0,47.74133370000001,-103.395905,38053.0,146.43237486687966,0.0,22,21,0,0,21,21,13632,1,0,0,1,0
2020-06-17,US,North Dakota,McLean,11,0,0,47.60766714,-101.3182418,38055.0,116.40211640211642,0.0,11,11,0,0,11,10,9541,0,0,0,0,1
2020-06-17,US,North Dakota,Mercer,6,0,0,47.31213126,-101.8318399,38057.0,73.28691828508613,0.0,6,6,0,0,6,6,8267,0,0,0,0,0
2020-06-17,US,North Dakota,Morton,70,2,0,46.71681782,-101.2822377,38059.0,223.1858181354419,2.8571428571428568,68,68,2,0,66,67,31095,2,0,0,2,1
2020-06-17,US,North Dakota,Mountrail,43,0,0,48.20197971,-102.3555315,38061.0,407.77619724988153,0.0,43,43,0,0,43,43,10218,0,0,0,0,0
2020-06-17,US,North Dakota,Nelson,1,0,0,47.9226426,-98.19038437,38063.0,34.734282737061484,0.0,1,1,0,0,1,1,2869,0,0,0,0,0
2020-06-17,US,North Dakota,Oliver,1,0,0,47.11530482,-101.3406158,38065.0,51.046452271567134,0.0,1,1,0,0,1,1,1952,0,0,0,0,0
2020-06-17,US,North Dakota,Pembina,7,0,0,48.76623521,-97.5523809,38067.0,102.92604028819292,0.0,7,7,0,0,7,7,6947,0,0,0,0,0
2020-06-17,US,North Dakota,Pierce,3,0,0,48.24977025,-99.96407787,38069.0,75.47169811320755,0.0,3,3,0,0,3,3,4081,0,0,0,0,0
2020-06-17,US,North Dakota,Ramsey,8,1,0,48.26886249,-98.72223879,38071.0,69.4504731313482,12.5,7,8,1,0,7,8,11481,0,0,0,0,0
2020-06-17,US,North Dakota,Ransom,13,0,0,46.45621782,-97.65742504,38073.0,249.13760061326175,0.0,13,13,0,0,13,12,5237,0,0,0,0,1
2020-06-17,US,North Dakota,Renville,3,0,0,48.71982533,-101.6603912,38075.0,128.92135797163732,0.0,3,3,0,0,3,3,2374,0,0,0,0,0
2020-06-17,US,North Dakota,Richland,37,0,0,46.26440649,-96.94852979,38077.0,228.719787352414,0.0,37,37,0,0,37,37,16239,0,0,0,0,0
2020-06-17,US,North Dakota,Rolette,7,0,0,48.77245354,-99.84097493,38079.0,49.37923250564334,0.0,7,7,0,0,7,7,14301,0,0,0,0,0
2020-06-17,US,North Dakota,Sargent,4,0,0,46.10830372,-97.63217159,38081.0,102.6167265264238,0.0,4,4,0,0,4,4,3870,0,0,0,0,0
2020-06-17,US,North Dakota,Sheridan,1,0,0,47.57700669,-100.3426391,38083.0,76.04562737642586,0.0,1,1,0,0,1,1,1349,0,0,0,0,0
2020-06-17,US,North Dakota,Sioux,7,0,0,46.11323337,-101.04401490000001,38085.0,165.48463356973994,0.0,7,4,0,0,4,4,4358,3,0,0,3,0
2020-06-17,US,North Dakota,Slope,3,0,0,46.44737738,-103.4601547,38087.0,400.0,0.0,3,3,0,0,3,3,763,0,0,0,0,0
2020-06-17,US,North Dakota,Stark,63,2,0,46.80851182,-102.65763259999999,38089.0,200.06986566737592,3.1746031746031744,61,63,2,0,61,63,30997,0,0,0,0,0
2020-06-17,US,North Dakota,Steele,1,0,0,47.45611548,-97.72728747,38091.0,52.91005291005291,0.0,1,1,0,0,1,1,1903,0,0,0,0,0
2020-06-17,US,North Dakota,Stutsman,60,0,0,46.97962541,-98.95637318,38093.0,289.7990726429676,0.0,60,52,0,0,52,52,20917,8,0,0,8,0
2020-06-17,US,North Dakota,Traill,15,0,0,47.45367788,-97.16323288,38097.0,186.66002986560483,0.0,15,15,0,0,15,15,8037,0,0,0,0,0
2020-06-17,US,North Dakota,Walsh,17,0,0,48.36876964,-97.72574783,38099.0,159.7594211070388,0.0,17,17,0,0,17,16,10667,0,0,0,0,1
2020-06-17,US,North Dakota,Ward,48,1,0,48.22390169,-101.54367629999999,38101.0,70.96287754468445,2.083333333333333,47,47,1,0,46,47,67744,1,0,0,1,0
2020-06-17,US,North Dakota,Wells,8,0,0,47.58614526,-99.65904998,38103.0,208.65936358894103,0.0,8,8,0,0,8,8,3957,0,0,0,0,0
2020-06-17,US,North Dakota,Williams,26,0,0,48.34522353,-103.4793387,38105.0,69.16917183218493,0.0,26,26,0,0,26,26,35350,0,0,0,0,0
2020-06-17,US,Ohio,Adams,17,1,0,38.84541072,-83.4718964,39001.0,61.37627265506536,5.882352941176472,16,17,1,0,16,15,27724,0,0,0,0,2
2020-06-17,US,Ohio,Allen,242,36,0,40.77285242,-84.10802343,39003.0,236.4412658400993,14.87603305785124,206,241,36,0,205,241,102663,1,0,0,1,0
2020-06-17,US,Ohio,Ashland,31,0,0,40.84772277,-82.27280781,39005.0,57.96125944207613,0.0,31,29,0,0,29,28,53745,2,0,0,2,1
2020-06-17,US,Ohio,Ashtabula,397,41,0,41.70860332,-80.74830218,39007.0,408.26400386668183,10.327455919395463,356,392,41,0,351,390,97493,5,0,0,5,2
2020-06-17,US,Ohio,Athens,24,1,0,39.33425634,-82.04278644,39009.0,36.73825523902827,4.166666666666667,23,23,1,0,22,23,65818,1,0,0,1,0
2020-06-17,US,Ohio,Auglaize,86,3,0,40.55998859,-84.22421429999999,39011.0,188.36516558612232,3.4883720930232562,83,86,3,0,83,85,45804,0,0,0,0,1
2020-06-17,US,Ohio,Belmont,472,21,0,40.01625942,-80.9924051,39013.0,704.4145300420857,4.4491525423728815,451,469,21,0,448,469,67505,3,0,0,3,0
2020-06-17,US,Ohio,Brown,39,1,0,38.93416837,-83.86788395,39015.0,89.79554245717443,2.5641025641025643,38,38,1,0,37,38,43602,1,0,0,1,0
2020-06-17,US,Ohio,Butler,1129,35,0,39.44012838,-84.57388716,39017.0,294.6749701148945,3.1000885739592565,1094,1120,35,0,1085,1103,382378,9,0,0,9,17
2020-06-17,US,Ohio,Carroll,37,3,0,40.5789686,-81.09178213,39019.0,137.4749201159248,8.108108108108109,34,37,3,0,34,37,27081,0,0,0,0,0
2020-06-17,US,Ohio,Champaign,36,1,0,40.13923427,-83.76875242,39021.0,92.58068664009258,2.7777777777777777,35,36,1,0,35,35,38754,0,0,0,0,1
2020-06-17,US,Ohio,Clark,502,8,0,39.91592258,-83.78498252,39023.0,374.3949643131493,1.593625498007968,494,460,8,0,452,425,134585,42,0,0,42,35
2020-06-17,US,Ohio,Clermont,252,6,0,39.04847534,-84.15375786,39025.0,122.0764624953979,2.380952380952381,246,244,6,0,238,240,205466,8,0,0,8,4
2020-06-17,US,Ohio,Clinton,54,0,0,39.41485808,-83.80852286,39027.0,128.66946244757912,0.0,54,54,1,0,53,54,42057,0,-1,0,1,0
2020-06-17,US,Ohio,Columbiana,923,58,0,40.76932373,-80.78094576,39029.0,905.9411285494143,6.2838569880823405,865,921,57,0,864,920,102665,2,1,0,1,1
2020-06-17,US,Ohio,Coshocton,53,0,0,40.30096166,-81.91729018,39031.0,144.8087431693989,0.0,53,52,0,0,52,51,36629,1,0,0,1,1
2020-06-17,US,Ohio,Crawford,122,5,0,40.85065156,-82.91989099,39033.0,294.01841230057363,4.0983606557377055,117,123,5,0,118,123,41550,-1,0,0,-1,0
2020-06-17,US,Ohio,Cuyahoga,5336,319,0,41.424119,-81.65918339,39035.0,432.03958959477677,5.978260869565218,5017,5271,318,0,4953,5220,1243857,65,1,0,64,51
2020-06-17,US,Ohio,Darke,223,25,0,40.13412966,-84.6194517,39037.0,436.2882241308473,11.210762331838565,198,222,25,0,197,222,51323,1,0,0,1,0
2020-06-17,US,Ohio,Defiance,40,2,0,41.32398837,-84.49076944,39039.0,105.02271116128864,5.0,38,40,2,0,38,40,38165,0,0,0,0,0
2020-06-17,US,Ohio,Delaware,403,15,0,40.27942393,-83.00457058,39041.0,192.65980485426215,3.7220843672456576,388,403,15,0,388,402,204826,0,0,0,0,1
2020-06-17,US,Ohio,Erie,215,22,0,41.36796058,-82.62904521,39043.0,289.4999057442168,10.232558139534882,193,215,20,0,195,213,74615,0,2,0,-2,2
2020-06-17,US,Ohio,Fairfield,387,12,0,39.75107189,-82.63088163,39045.0,245.59889321842442,3.1007751937984502,375,374,10,0,364,370,155782,13,2,0,11,4
2020-06-17,US,Ohio,Fayette,45,0,0,39.56021306,-83.4562016,39047.0,157.75635407537246,0.0,45,45,0,0,45,45,28666,0,0,0,0,0
2020-06-17,US,Ohio,Franklin,7365,337,0,39.96995815,-83.01115755,39049.0,559.3291391875184,4.5756958587915815,7028,7289,334,0,6955,7202,1310300,76,3,0,73,87
2020-06-17,US,Ohio,Fulton,53,0,0,41.60213491,-84.12571393,39051.0,125.8130370792385,0.0,53,53,0,0,53,53,42276,0,0,0,0,0
2020-06-17,US,Ohio,Gallia,9,1,0,38.82708533,-82.31647569,39053.0,30.102347983142685,11.111111111111109,8,9,1,0,8,9,29979,0,0,0,0,0
2020-06-17,US,Ohio,Geauga,344,37,0,41.49952319,-81.17935342,39055.0,367.3290691838673,10.755813953488374,307,342,36,0,306,337,94031,2,1,0,1,5
2020-06-17,US,Ohio,Greene,150,6,0,39.69116283,-83.89032084,39057.0,88.79049586532257,4.0,144,151,6,0,145,143,167995,-1,0,0,-1,8
2020-06-17,US,Ohio,Guernsey,44,3,0,40.05026529,-81.49248905,39059.0,113.18327974276528,6.8181818181818175,41,44,3,0,41,44,39022,0,0,0,0,0
2020-06-17,US,Ohio,Hamilton,3374,181,0,39.19673558,-84.54502924,39061.0,412.73534416427214,5.364552459988143,3193,3316,181,0,3135,3250,816684,58,0,0,58,66
2020-06-17,US,Ohio,Hancock,61,1,0,41.00250487,-83.66838948,39063.0,80.49298655371256,1.639344262295082,60,61,1,0,60,61,75930,0,0,0,0,0
2020-06-17,US,Ohio,Hardin,96,4,0,40.66015414,-83.65929931,39065.0,306.0736489717838,4.166666666666667,92,94,4,0,90,93,31480,2,0,0,2,1
2020-06-17,US,Ohio,Harrison,11,0,0,40.29380509,-81.09068544,39067.0,73.13829787234044,0.0,11,11,0,0,11,10,15174,0,0,0,0,1
2020-06-17,US,Ohio,Henry,20,0,0,41.3339642,-84.06830637,39069.0,74.05761682589055,0.0,20,20,0,0,20,20,27086,0,0,0,0,0
2020-06-17,US,Ohio,Highland,35,1,0,39.1839264,-83.60331456,39071.0,81.09172632700817,2.8571428571428568,34,34,1,0,33,34,43058,1,0,0,1,0
2020-06-17,US,Ohio,Hocking,73,7,0,39.49537927,-82.47991446,39073.0,258.2790829323521,9.58904109589041,66,73,7,0,66,73,28385,0,0,0,0,0
2020-06-17,US,Ohio,Holmes,92,3,0,40.56163713,-81.92635677,39075.0,209.2811646951774,3.260869565217391,89,92,3,0,89,90,43892,0,0,0,0,2
2020-06-17,US,Ohio,Huron,81,1,0,41.14651175,-82.59867951,39077.0,139.01760889712696,1.2345679012345678,80,79,1,0,78,77,58504,2,0,0,2,2
2020-06-17,US,Ohio,Jackson,16,0,0,39.01914254,-82.61818559999998,39079.0,49.362909943541176,0.0,16,16,0,0,16,16,32384,0,0,0,0,0
2020-06-17,US,Ohio,Jefferson,71,2,0,40.38614126,-80.76259514,39081.0,108.68733256792959,2.8169014084507036,69,71,2,0,69,71,65767,0,0,0,0,0
2020-06-17,US,Ohio,Knox,33,1,0,40.39830217,-82.42027563,39083.0,52.95080388947722,3.0303030303030303,32,33,1,0,32,32,61893,0,0,0,0,1
2020-06-17,US,Ohio,Lake,354,12,0,41.69710807,-81.23676539,39085.0,153.81339914577075,3.3898305084745757,342,350,12,0,338,348,230514,4,0,0,4,2
2020-06-17,US,Ohio,Lawrence,37,0,0,38.59743452,-82.53466552,39087.0,62.22356759665674,0.0,37,35,1,0,34,34,59866,2,-1,0,3,1
2020-06-17,US,Ohio,Licking,321,11,0,40.09136236,-82.48185785,39089.0,181.49743868100552,3.4267912772585665,310,317,11,0,306,314,175769,4,0,0,4,3
2020-06-17,US,Ohio,Logan,48,0,0,40.38996525,-83.76784341,39091.0,105.09721492380451,0.0,48,48,0,0,48,48,45358,0,0,0,0,0
2020-06-17,US,Ohio,Lorain,814,63,0,41.29553751,-82.15083537,39093.0,262.7221761400496,7.739557739557741,751,807,63,0,744,804,309461,7,0,0,7,3
2020-06-17,US,Ohio,Lucas,2462,289,0,41.62101218,-83.65468618,39095.0,574.7663115037308,11.738424045491472,2173,2460,286,0,2174,2457,429899,2,3,0,-1,3
2020-06-17,US,Ohio,Madison,169,7,0,39.89381073,-83.40178317,39097.0,377.81404395162184,4.142011834319527,162,168,7,0,161,168,44413,1,0,0,1,0
2020-06-17,US,Ohio,Mahoning,1606,218,0,41.01631101,-80.77287029,39099.0,702.2821985018562,13.574097135740972,1388,1607,218,0,1389,1600,229642,-1,0,0,-1,7
2020-06-17,US,Ohio,Marion,2712,33,0,40.58610662,-83.15736305,39101.0,4166.346611770851,1.2168141592920354,2679,2712,33,0,2679,2706,65256,0,0,0,0,6
2020-06-17,US,Ohio,Medina,402,31,0,41.11770589,-81.89986209999998,39103.0,223.6489268189556,7.711442786069652,371,400,30,0,370,398,179146,2,1,0,1,2
2020-06-17,US,Ohio,Meigs,8,0,0,39.09224872,-82.0305041,39105.0,34.92382241236303,0.0,8,7,0,0,7,6,23106,1,0,0,1,1
2020-06-17,US,Ohio,Mercer,253,8,0,40.54043046,-84.62912742,39107.0,614.4952880598465,3.1620553359683794,245,247,8,0,239,246,40959,6,0,0,6,1
2020-06-17,US,Ohio,Miami,392,30,0,40.0543329,-84.22871271,39109.0,366.399656032976,7.653061224489796,362,388,30,0,358,388,106222,4,0,0,4,0
2020-06-17,US,Ohio,Monroe,82,15,0,39.72984936,-81.08464734,39111.0,600.5566134466089,18.29268292682927,67,82,15,0,67,82,13790,0,0,0,0,0
2020-06-17,US,Ohio,Montgomery,1058,18,0,39.75394919,-84.29050975,39113.0,198.98925495639355,1.7013232514177694,1040,1026,17,0,1009,992,532331,32,1,0,31,34
2020-06-17,US,Ohio,Morgan,6,0,0,39.62081738,-81.85308173,39115.0,41.356492969396186,0.0,6,6,0,0,6,6,14604,0,0,0,0,0
2020-06-17,US,Ohio,Morrow,110,1,0,40.52363560000001,-82.7892599,39117.0,311.3677536231884,0.9090909090909092,109,110,1,0,109,110,35112,0,0,0,0,0
2020-06-17,US,Ohio,Muskingum,60,1,0,39.96575964,-81.94363275,39119.0,69.5934582149278,1.6666666666666667,59,58,1,0,57,58,86183,2,0,0,2,0
2020-06-17,US,Ohio,Noble,6,0,0,39.76818851,-81.45937183,39121.0,41.59733777038269,0.0,6,6,0,0,6,6,14354,0,0,0,0,0
2020-06-17,US,Ohio,Ottawa,118,22,0,41.53781826,-83.0940185,39123.0,291.1782850092536,18.644067796610173,96,118,22,0,96,118,40769,0,0,0,0,0
2020-06-17,US,Ohio,Paulding,17,0,0,41.11676341,-84.5801017,39125.0,91.04541559554413,0.0,17,17,0,0,17,16,18760,0,0,0,0,1
2020-06-17,US,Ohio,Perry,24,1,0,39.73508655,-82.23804971,39127.0,66.41943875574252,4.166666666666667,23,24,1,0,23,23,36033,0,0,0,0,1
2020-06-17,US,Ohio,Pickaway,2128,40,0,39.64170392,-83.0243386,39129.0,3640.282600886121,1.8796992481203008,2088,2125,40,0,2085,2126,58086,3,0,0,3,-1
2020-06-17,US,Ohio,Pike,11,0,0,39.07634001,-83.06769584,39131.0,39.60823851361083,0.0,11,9,0,0,9,9,28067,2,0,0,2,0
2020-06-17,US,Ohio,Portage,359,58,0,41.16793482,-81.19735782,39133.0,220.96931050188962,16.15598885793872,301,354,58,0,296,353,162927,5,0,0,5,1
2020-06-17,US,Ohio,Preble,45,1,0,39.7420247,-84.64787018,39135.0,110.07289271562055,2.2222222222222223,44,44,1,0,43,44,40997,1,0,0,1,0
2020-06-17,US,Ohio,Putnam,101,15,0,41.02094889,-84.1336111,39137.0,298.2782552198695,14.851485148514852,86,101,15,0,86,101,33780,0,0,0,0,0
2020-06-17,US,Ohio,Richland,257,4,0,40.77180308,-82.53799609999999,39139.0,212.12671475972732,1.5564202334630348,253,253,4,0,249,252,121099,4,0,0,4,1
2020-06-17,US,Ohio,Ross,81,2,0,39.33705391,-83.06000914,39141.0,105.65309263558815,2.469135802469136,79,81,2,0,79,79,76931,0,0,0,0,2
2020-06-17,US,Ohio,Sandusky,104,13,0,41.35624126,-83.137872,39143.0,177.72309374893192,12.5,91,104,13,0,91,104,58799,0,0,0,0,0
2020-06-17,US,Ohio,Scioto,21,0,0,38.80270163,-82.98907345,39145.0,27.883262076108032,0.0,21,21,0,0,21,21,75502,0,0,0,0,0
2020-06-17,US,Ohio,Seneca,30,2,0,41.12351311,-83.12783209,39147.0,54.36949508862229,6.666666666666668,28,29,2,0,27,29,55207,1,0,0,1,0
2020-06-17,US,Ohio,Shelby,50,3,0,40.33163494,-84.20258189,39149.0,102.90183165260342,6.0,47,49,3,0,46,49,48627,1,0,0,1,0
2020-06-17,US,Ohio,Stark,891,105,0,40.81482476,-81.36437305,39151.0,240.41704667490544,11.784511784511785,786,881,105,0,776,870,371574,10,0,0,10,11
2020-06-17,US,Ohio,Summit,1712,195,0,41.12464734,-81.53123079,39153.0,316.44341263518623,11.390186915887849,1517,1706,196,0,1510,1675,541918,6,-1,0,7,31
2020-06-17,US,Ohio,Trumbull,675,54,0,41.31735028,-80.76109643,39155.0,340.95386262842595,8.0,621,665,54,0,611,658,198627,10,0,0,10,7
2020-06-17,US,Ohio,Tuscarawas,405,9,0,40.44214695,-81.47226262,39157.0,440.2796047267548,2.2222222222222223,396,406,9,0,397,405,92176,-1,0,0,-1,1
2020-06-17,US,Ohio,Union,63,1,0,40.30016061,-83.37239023,39159.0,106.80138333220316,1.5873015873015872,62,62,1,0,61,62,57835,1,0,0,1,0
2020-06-17,US,Ohio,Van Wert,14,0,0,40.8554138,-84.59111700000003,39161.0,49.51370468611848,0.0,14,14,0,0,14,14,28281,0,0,0,0,0
2020-06-17,US,Ohio,Vinton,22,2,0,39.25208988,-82.4831444,39163.0,168.13144822315633,9.090909090909092,20,22,2,0,20,22,13139,0,0,0,0,0
2020-06-17,US,Ohio,Warren,532,20,0,39.42581994,-84.16557457,39165.0,226.7670352341412,3.7593984962406015,512,525,20,0,505,517,232173,7,0,0,7,8
2020-06-17,US,Ohio,Washington,118,19,0,39.45690571,-81.49121382,39167.0,196.9588222530086,16.10169491525424,99,118,19,0,99,118,60155,0,0,0,0,0
2020-06-17,US,Ohio,Wayne,313,52,0,40.82925852,-81.88844833,39169.0,270.50384582145017,16.61341853035144,261,311,52,0,259,308,115967,2,0,0,2,3
2020-06-17,US,Ohio,Williams,59,1,0,41.56052014,-84.58429552,39171.0,160.79799411315818,1.6949152542372878,58,59,1,0,58,59,36804,0,0,0,0,0
2020-06-17,US,Ohio,Wood,329,51,0,41.36224827,-83.62285108,39173.0,251.49636515131826,15.501519756838903,278,329,51,0,278,321,130696,0,0,0,0,8
2020-06-17,US,Ohio,Wyandot,50,4,0,40.84339621,-83.30734173,39175.0,229.65276501929085,8.0,46,49,4,0,45,48,21935,1,0,0,1,1
2020-06-17,US,Oklahoma,Adair,96,4,0,35.88494195,-94.65859267,40001.0,432.5493376588267,4.166666666666667,92,96,4,0,92,96,22082,0,0,0,0,0
2020-06-17,US,Oklahoma,Alfalfa,1,0,0,36.73090616,-98.32408495,40003.0,17.5377060680463,0.0,1,1,0,0,1,1,5754,0,0,0,0,0
2020-06-17,US,Oklahoma,Atoka,9,0,0,34.37366573,-96.03802487,40005.0,65.41648495420846,0.0,9,9,0,0,9,8,13838,0,0,0,0,1
2020-06-17,US,Oklahoma,Beaver,30,0,0,36.7496847,-100.4758872,40007.0,564.865373752589,0.0,30,30,0,0,30,30,5319,0,0,0,0,0
2020-06-17,US,Oklahoma,Beckham,8,0,0,35.26862449,-99.68128023,40009.0,36.59819753877122,0.0,8,8,0,0,8,8,21709,0,0,0,0,0
2020-06-17,US,Oklahoma,Blaine,11,0,0,35.87518314,-98.43307003,40011.0,116.66136387739952,0.0,11,11,0,0,11,12,9485,0,0,0,0,-1
2020-06-17,US,Oklahoma,Bryan,57,1,0,33.96472458,-96.25903472,40013.0,118.76237108032086,1.7543859649122806,56,51,1,0,50,48,47192,6,0,0,6,3
2020-06-17,US,Oklahoma,Caddo,178,10,0,35.17364557,-98.37534464,40015.0,618.8721229399903,5.617977528089888,168,176,10,0,166,176,28977,2,0,0,2,0
2020-06-17,US,Oklahoma,Canadian,167,3,0,35.5426055,-97.98465569,40017.0,112.60501935188057,1.7964071856287425,164,160,3,0,157,156,144447,7,0,0,7,4
2020-06-17,US,Oklahoma,Carter,60,1,0,34.25103751,-97.28552485,40019.0,124.7116044147908,1.6666666666666667,59,60,1,0,59,60,48177,0,0,0,0,0
2020-06-17,US,Oklahoma,Cherokee,52,1,0,35.90692775,-94.99980896,40021.0,106.87054277904517,1.9230769230769231,51,50,1,0,49,48,48675,2,0,0,2,2
2020-06-17,US,Oklahoma,Choctaw,106,1,0,34.02807439,-95.54771129,40023.0,722.4645583424208,0.9433962264150944,105,105,1,0,104,102,14668,1,0,0,1,3
2020-06-17,US,Oklahoma,Cimarron,1,0,0,36.74817177,-102.5173885,40025.0,46.79457182966776,0.0,1,1,0,0,1,1,2153,0,0,0,0,0
2020-06-17,US,Oklahoma,Cleveland,576,40,0,35.20413532,-97.32519562,40027.0,202.80690388501972,6.9444444444444455,536,564,40,0,524,552,281669,12,0,0,12,12
2020-06-17,US,Oklahoma,Coal,6,0,0,34.58840127,-96.29798747,40029.0,109.1901728844404,0.0,6,6,0,0,6,6,5520,0,0,0,0,0
2020-06-17,US,Oklahoma,Comanche,342,4,0,34.65973764,-98.47195055,40031.0,283.23215927254057,1.1695906432748535,338,339,4,0,335,341,120422,3,0,0,3,-2
2020-06-17,US,Oklahoma,Cotton,5,2,0,34.28845626,-98.37053567,40033.0,88.24567596187786,40.0,3,5,2,0,3,5,5776,0,0,0,0,0
2020-06-17,US,Oklahoma,Craig,16,0,0,36.76268118,-95.20916602,40035.0,113.13816999010041,0.0,16,16,0,0,16,16,14306,0,0,0,0,0
2020-06-17,US,Oklahoma,Creek,108,7,0,35.90230551,-96.37086028,40037.0,151.00248874472192,6.481481481481483,101,108,7,0,101,106,71604,0,0,0,0,2
2020-06-17,US,Oklahoma,Custer,42,0,0,35.63853802,-99.00170785,40039.0,144.8126055925249,0.0,42,42,0,0,42,41,29036,0,0,0,0,1
2020-06-17,US,Oklahoma,Delaware,112,16,0,36.40823634,-94.80325046,40041.0,260.4106117324281,14.285714285714285,96,111,16,0,95,109,42733,1,0,0,1,2
2020-06-17,US,Oklahoma,Dewey,4,0,0,35.98772922,-99.00730714,40043.0,81.78286648947045,0.0,4,4,0,0,4,5,4894,0,0,0,0,-1
2020-06-17,US,Oklahoma,Garfield,51,1,0,36.3791334,-97.78265517,40047.0,83.5298742138365,1.96078431372549,50,51,1,0,50,47,60913,0,0,0,0,4
2020-06-17,US,Oklahoma,Garvin,33,1,0,34.70418038,-97.30811132,40049.0,119.08628342535455,3.0303030303030303,32,33,1,0,32,30,27811,0,0,0,0,3
2020-06-17,US,Oklahoma,Grady,120,4,0,35.0167709,-97.88339847,40051.0,214.922806891858,3.333333333333333,116,118,4,0,114,118,55551,2,0,0,2,0
2020-06-17,US,Oklahoma,Grant,2,0,0,36.796296999999996,-97.78638765,40053.0,46.15739672282484,0.0,2,2,0,0,2,2,4326,0,0,0,0,0
2020-06-17,US,Oklahoma,Greer,66,7,0,34.93535801,-99.56056120000001,40055.0,1155.4621848739494,10.606060606060606,59,66,7,0,59,66,5821,0,0,0,0,0
2020-06-17,US,Oklahoma,Harmon,1,0,0,34.7440135,-99.84741652,40057.0,37.69317753486619,0.0,1,,,,,,2664,,,,,
2020-06-17,US,Oklahoma,Harper,1,0,0,36.78836519,-99.6679804,40059.0,27.11496746203905,0.0,1,1,0,0,1,1,3797,0,0,0,0,0
2020-06-17,US,Oklahoma,Haskell,6,0,0,35.22257600000001,-95.11513306,40061.0,47.517224994060356,0.0,6,6,0,0,6,6,12668,0,0,0,0,0
2020-06-17,US,Oklahoma,Hughes,3,0,0,35.04912569,-96.24921145,40063.0,22.59206265532043,0.0,3,3,0,0,3,3,13335,0,0,0,0,0
2020-06-17,US,Oklahoma,Jackson,32,3,0,34.58781741,-99.41138784,40065.0,130.45250713412148,9.375,29,32,3,0,29,30,24949,0,0,0,0,2
2020-06-17,US,Oklahoma,Jefferson,4,0,0,34.11130184,-97.83182974,40067.0,66.64445184938353,0.0,4,4,0,0,4,4,6123,0,0,0,0,0
2020-06-17,US,Oklahoma,Johnston,6,0,0,34.31440473,-96.66011537,40069.0,54.12719891745603,0.0,6,5,0,0,5,5,10949,1,0,0,1,0
2020-06-17,US,Oklahoma,Kay,70,7,0,36.81799745,-97.14421435,40071.0,160.77908953098444,10.0,63,69,7,0,62,65,44161,1,0,0,1,4
2020-06-17,US,Oklahoma,Kingfisher,13,0,0,35.94530008,-97.94193268,40073.0,82.46114811290835,0.0,13,13,0,0,13,13,15816,0,0,0,0,0
2020-06-17,US,Oklahoma,Kiowa,6,0,0,34.91671958,-98.97720696,40075.0,68.90215893431328,0.0,6,6,0,0,6,6,8729,0,0,0,0,0
2020-06-17,US,Oklahoma,Latimer,7,1,0,34.87844729,-95.25215049,40077.0,69.49270326615705,14.285714285714285,6,7,1,0,6,6,10231,0,0,0,0,1
2020-06-17,US,Oklahoma,Le Flore,20,1,0,34.89851864,-94.70392124,40079.0,40.11794676348465,5.0,19,20,1,0,19,20,49980,0,0,0,0,0
2020-06-17,US,Oklahoma,Lincoln,24,2,0,35.70270942,-96.8812462,40081.0,68.81325802104539,8.333333333333334,22,27,2,0,25,24,34920,-3,0,0,-3,3
2020-06-17,US,Oklahoma,Logan,24,1,0,35.91899576,-97.44352845,40083.0,49.988544291933096,4.166666666666667,23,24,1,0,23,25,47291,0,0,0,0,-1
2020-06-17,US,Oklahoma,Love,25,0,0,33.95273467,-97.23906784,40085.0,243.83107383204919,0.0,25,26,0,0,26,25,10134,-1,0,0,-1,1
2020-06-17,US,Oklahoma,Major,6,1,0,36.31149996,-98.53467076,40093.0,78.64726700747148,16.666666666666668,5,6,1,0,5,6,7644,0,0,0,0,0
2020-06-17,US,Oklahoma,Marshall,20,0,0,34.02311222,-96.76855464,40095.0,118.12651349595416,0.0,20,20,0,0,20,16,16806,0,0,0,0,4
2020-06-17,US,Oklahoma,Mayes,59,4,0,36.30179091,-95.23175116,40097.0,143.55231143552308,6.779661016949151,55,59,4,0,55,56,41107,0,0,0,0,3
2020-06-17,US,Oklahoma,McClain,118,4,0,35.01123903,-97.44572302,40087.0,291.5451895043732,3.3898305084745757,114,118,4,0,114,116,39985,0,0,0,0,2
2020-06-17,US,Oklahoma,McCurtain,166,2,0,34.11664328,-94.77222373,40089.0,505.60428849902536,1.2048192771084338,164,158,2,0,156,151,32703,8,0,0,8,7
2020-06-17,US,Oklahoma,McIntosh,23,1,0,35.37235506,-95.66599306,40091.0,117.37089201877933,4.3478260869565215,22,21,1,0,20,16,19815,2,0,0,2,5
2020-06-17,US,Oklahoma,Murray,13,0,0,34.48116015,-97.06826283,40099.0,92.3754707596106,0.0,13,11,0,0,11,11,13953,2,0,0,2,0
2020-06-17,US,Oklahoma,Muskogee,77,8,0,35.61318461,-95.37802952,40101.0,113.24029001279469,10.389610389610391,69,77,8,0,69,79,68362,0,0,0,0,-2
2020-06-17,US,Oklahoma,Noble,20,0,0,36.38953329,-97.22928674,40103.0,179.6783757074836,0.0,20,18,0,0,18,14,11289,2,0,0,2,4
2020-06-17,US,Oklahoma,Nowata,26,1,0,36.79843529,-95.61902331,40105.0,258.0389043271139,3.8461538461538463,25,26,1,0,25,25,10218,0,0,0,0,1
2020-06-17,US,Oklahoma,Okfuskee,6,0,0,35.46485198,-96.32639984,40107.0,50.02918369048611,0.0,6,6,0,0,6,6,12098,0,0,0,0,0
2020-06-17,US,Oklahoma,Oklahoma,1754,65,0,35.55140095,-97.40716948,40109.0,219.9555072896315,3.70581527936146,1689,1673,64,0,1609,1643,792582,81,1,0,80,30
2020-06-17,US,Oklahoma,Okmulgee,31,0,0,35.64661916,-95.96432828,40111.0,80.59274665280125,0.0,31,31,0,0,31,30,38335,0,0,0,0,1
2020-06-17,US,Oklahoma,Osage,116,8,0,36.62888819,-96.39635704,40113.0,247.0029597768456,6.896551724137932,108,114,8,0,106,114,47014,2,0,0,2,0
2020-06-17,US,Oklahoma,Ottawa,42,2,0,36.83532655,-94.81011909,40115.0,134.93108876538057,4.761904761904762,40,41,2,0,39,37,31175,1,0,0,1,4
2020-06-17,US,Oklahoma,Pawnee,41,2,0,36.31743373,-96.70331759999999,40117.0,250.36638983878845,4.878048780487805,39,41,2,0,39,41,16390,0,0,0,0,0
2020-06-17,US,Oklahoma,Payne,156,1,0,36.07695283,-96.97584944,40119.0,190.74635625550232,0.6410256410256411,155,142,1,0,141,104,82040,14,0,0,14,38
2020-06-17,US,Oklahoma,Pittsburg,44,3,0,34.92065823,-95.75134320000001,40121.0,100.79259632565172,6.8181818181818175,41,43,3,0,40,43,43877,1,0,0,1,0
2020-06-17,US,Oklahoma,Pontotoc,22,2,0,34.72959848,-96.68337199,40123.0,57.465259638491275,9.090909090909092,20,21,2,0,19,21,38247,1,0,0,1,0
2020-06-17,US,Oklahoma,Pottawatomie,78,4,0,35.20614018,-96.94923008,40125.0,107.44985673352436,5.128205128205129,74,75,4,0,71,72,72679,3,0,0,3,3
2020-06-17,US,Oklahoma,Pushmataha,7,0,0,34.41635232,-95.37603505,40127.0,63.085796683489555,0.0,7,7,0,0,7,7,11179,0,0,0,0,0
2020-06-17,US,Oklahoma,Rogers,98,5,0,36.37004357,-95.60406759,40131.0,105.99292659449051,5.1020408163265305,93,100,5,0,95,99,91984,-2,0,0,-2,1
2020-06-17,US,Oklahoma,Seminole,31,3,0,35.16478725,-96.61686741,40133.0,127.79289306620495,9.677419354838712,28,31,3,0,28,31,24578,0,0,0,0,0
2020-06-17,US,Oklahoma,Sequoyah,21,3,0,35.49447108,-94.75463785,40135.0,50.518415165147104,14.285714285714285,18,21,3,0,18,21,41179,0,0,0,0,0
2020-06-17,US,Oklahoma,Stephens,48,1,0,34.48556989,-97.85141892,40137.0,111.25790974202071,2.083333333333333,47,47,1,0,46,45,43265,1,0,0,1,2
2020-06-17,US,Oklahoma,Texas,975,6,0,36.74777635,-101.4889765,40139.0,4879.1472751839065,0.6153846153846154,969,975,6,0,969,975,20455,0,0,0,0,0
2020-06-17,US,Oklahoma,Tillman,23,1,0,34.37288446,-98.92426619,40141.0,317.2413793103448,4.3478260869565215,22,23,1,0,22,23,7348,0,0,0,0,0
2020-06-17,US,Oklahoma,Tulsa,1825,64,0,36.11939621,-95.94013939,40143.0,280.1004371101616,3.506849315068493,1761,1729,64,0,1665,1653,648360,96,0,0,96,76
2020-06-17,US,Oklahoma,Wagoner,181,17,0,35.96024096,-95.51911308,40145.0,222.6623528398676,9.392265193370166,164,173,17,0,156,171,80110,8,0,0,8,2
2020-06-17,US,Oklahoma,Washington,357,38,0,36.71380786,-95.90514104,40147.0,692.8406466512703,10.644257703081232,319,353,38,0,315,350,51843,4,0,0,4,3
2020-06-17,US,Oklahoma,Washita,3,0,0,35.29071824,-98.99180434,40149.0,27.482594356907292,0.0,3,3,0,0,3,2,11127,0,0,0,0,1
2020-06-17,US,Oklahoma,Woods,5,0,0,36.76705782,-98.86573064,40151.0,56.863414079381336,0.0,5,5,0,0,5,5,8897,0,0,0,0,0
2020-06-17,US,Oklahoma,Woodward,11,0,0,36.42316318,-99.26283045,40153.0,54.4258077284647,0.0,11,11,0,0,11,11,20222,0,0,0,0,0
2020-06-17,US,Oregon,Baker,1,0,0,44.70915557,-117.6749883,41001.0,6.201935003721161,0.0,1,1,0,0,1,1,16006,0,0,0,0,0
2020-06-17,US,Oregon,Benton,66,5,0,44.49167306,-123.4316987,41003.0,70.92732098911372,7.575757575757576,61,63,5,0,58,63,92101,3,0,0,3,0
2020-06-17,US,Oregon,Clackamas,526,20,0,45.18787398,-122.2179634,41005.0,125.78105010437916,3.8022813688212933,506,509,19,0,490,488,416075,17,1,0,16,21
2020-06-17,US,Oregon,Clatsop,46,0,0,45.99712889,-123.660711,41007.0,114.35958631662687,0.0,46,46,0,0,46,46,39764,0,0,0,0,0
2020-06-17,US,Oregon,Columbia,22,0,0,45.94464254,-123.08908980000001,41009.0,42.02162203461054,0.0,22,22,0,0,22,22,52377,0,0,0,0,0
2020-06-17,US,Oregon,Coos,32,0,0,43.17406868,-124.0594514,41011.0,49.622404515638806,0.0,32,32,0,0,32,32,64389,0,0,0,0,0
2020-06-17,US,Oregon,Crook,9,0,0,44.14230227,-120.356297,41013.0,36.87920013112605,0.0,9,9,0,0,9,8,23867,0,0,0,0,1
2020-06-17,US,Oregon,Curry,7,0,0,42.45911325,-124.15728200000001,41015.0,30.53435114503817,0.0,7,7,0,0,7,7,22813,0,0,0,0,0
2020-06-17,US,Oregon,Deschutes,139,0,0,43.91570171,-121.2289121,41017.0,70.31139348076806,0.0,139,137,0,0,137,137,191996,2,0,0,2,0
2020-06-17,US,Oregon,Douglas,29,0,0,43.27941273,-123.16729099999999,41019.0,26.130834384573802,0.0,29,29,0,0,29,29,110283,0,0,0,0,0
2020-06-17,US,Oregon,Grant,1,0,0,44.49024544,-119.0068631,41023.0,13.890818169190164,0.0,1,1,0,0,1,1,7176,0,0,0,0,0
2020-06-17,US,Oregon,Harney,1,0,0,43.06422669,-118.96663059999999,41025.0,13.526308670363855,0.0,1,1,0,0,1,1,7329,0,0,0,0,0
2020-06-17,US,Oregon,Hood River,82,0,0,45.51872811,-121.65520359999998,41027.0,350.69711744076636,0.0,82,83,0,0,83,82,23428,-1,0,0,-1,1
2020-06-17,US,Oregon,Jackson,85,0,0,42.43201126,-122.72893090000001,41029.0,38.47128684191469,0.0,85,83,0,0,83,82,219564,2,0,0,2,1
2020-06-17,US,Oregon,Jefferson,69,0,0,44.62806839,-121.17832,41031.0,279.82804769243245,0.0,69,69,0,0,69,68,24192,0,0,0,0,1
2020-06-17,US,Oregon,Josephine,26,1,0,42.3665549,-123.5561938,41033.0,29.718701064158108,3.8461538461538463,25,24,1,0,23,23,87393,2,0,0,2,1
2020-06-17,US,Oregon,Klamath,64,0,0,42.68762984,-121.64964609999998,41035.0,93.78938421407429,0.0,64,61,0,0,61,53,67653,3,0,0,3,8
2020-06-17,US,Oregon,Lake,6,0,0,42.79246693,-120.38501629999999,41037.0,76.24857033930614,0.0,6,5,0,0,5,5,7879,1,0,0,1,0
2020-06-17,US,Oregon,Lane,90,3,0,43.93727035,-122.847753,41039.0,23.55607786068936,3.333333333333333,87,90,3,0,87,89,379611,0,0,0,0,1
2020-06-17,US,Oregon,Lincoln,226,0,0,44.64252874,-123.86991200000001,41041.0,452.34378127376806,0.0,226,223,0,0,223,206,49388,3,0,0,3,17
2020-06-17,US,Oregon,Linn,125,9,0,44.48899494,-122.53731540000001,41043.0,96.33985618386271,7.2,116,126,9,0,117,126,127335,-1,0,0,-1,0
2020-06-17,US,Oregon,Malheur,38,1,0,43.1937027,-117.62273950000001,41045.0,124.30080795525171,2.631578947368421,37,38,1,0,37,38,30725,0,0,0,0,0
2020-06-17,US,Oregon,Marion,1218,31,0,44.90287942,-122.58151170000001,41047.0,350.1831417580458,2.5451559934318557,1187,1201,31,0,1170,1179,346868,17,0,0,17,22
2020-06-17,US,Oregon,Morrow,18,0,0,45.41846568,-119.584546,41049.0,155.13229337240367,0.0,18,17,0,0,17,15,11372,1,0,0,1,2
2020-06-17,US,Oregon,Multnomah,1632,68,0,45.54747959,-122.4169351,41051.0,200.77381574819614,4.166666666666667,1564,1598,68,0,1530,1556,811880,34,0,0,34,42
2020-06-17,US,Oregon,Polk,128,12,0,44.90322804,-123.4128888,41053.0,148.6902480106871,9.375,116,127,12,0,115,127,85234,1,0,0,1,0
2020-06-17,US,Oregon,Sherman,1,0,0,45.41501554,-120.6827834,41055.0,56.179775280898866,0.0,1,1,0,0,1,1,1708,0,0,0,0,0
2020-06-17,US,Oregon,Tillamook,6,0,0,45.46248721,-123.712066,41057.0,22.192632046160675,0.0,6,6,0,0,6,6,26787,0,0,0,0,0
2020-06-17,US,Oregon,Umatilla,193,4,0,45.59073056,-118.7353826,41059.0,247.59461193072482,2.0725388601036268,189,181,4,0,177,180,77516,12,0,0,12,1
2020-06-17,US,Oregon,Union,242,0,0,45.30915495,-118.0068979,41061.0,901.8073411589344,0.0,242,240,0,0,240,121,26461,2,0,0,2,119
2020-06-17,US,Oregon,Wallowa,4,0,0,45.57894064,-117.18353799999998,41063.0,55.493895671476146,0.0,4,4,0,0,4,4,7081,0,0,0,0,0
2020-06-17,US,Oregon,Wasco,42,1,0,45.16292781,-121.16709540000001,41065.0,157.40948954351248,2.380952380952381,41,42,1,0,41,41,26505,0,0,0,0,1
2020-06-17,US,Oregon,Washington,950,20,0,45.55972701,-123.0955257,41067.0,157.914333967207,2.1052631578947367,930,928,20,0,908,891,597695,22,0,0,22,37
2020-06-17,US,Oregon,Yamhill,94,8,0,45.23330449,-123.3086963,41071.0,87.7684407096172,8.51063829787234,86,94,8,0,86,92,107002,0,0,0,0,2
2020-06-17,US,Pennsylvania,Adams,300,10,0,39.87140411,-77.21610347,42001.0,291.23668805638334,3.333333333333333,290,298,10,0,288,296,102811,2,0,0,2,2
2020-06-17,US,Pennsylvania,Allegheny,2113,177,0,40.46809875,-79.98167747,42003.0,173.7600171046302,8.376715570279224,1936,2113,177,0,1936,2086,1218452,0,0,0,0,27
2020-06-17,US,Pennsylvania,Armstrong,68,5,0,40.81665618,-79.46290811,42005.0,105.04363945315515,7.352941176470589,63,68,5,0,63,66,65263,0,0,0,0,2
2020-06-17,US,Pennsylvania,Beaver,615,77,0,40.6825484,-80.34921611,42007.0,375.1624178760317,12.520325203252034,538,613,77,0,536,613,164742,2,0,0,2,0
2020-06-17,US,Pennsylvania,Bedford,59,2,0,40.00522157,-78.48998442,42009.0,123.20414300033413,3.3898305084745757,57,53,2,0,51,52,48176,6,0,0,6,1
2020-06-17,US,Pennsylvania,Berks,4350,340,0,40.41570541,-75.92457766,42011.0,1032.851810696071,7.816091954022988,4010,4341,338,0,4003,4324,420152,9,2,0,7,17
2020-06-17,US,Pennsylvania,Blair,55,1,0,40.47961444,-78.34917412,42013.0,45.14524456410214,1.818181818181818,54,55,1,0,54,55,122492,0,0,0,0,0
2020-06-17,US,Pennsylvania,Bradford,47,3,0,41.78869215,-76.51570822,42015.0,77.91389685526252,6.382978723404255,44,47,3,0,44,47,60833,0,0,0,0,0
2020-06-17,US,Pennsylvania,Bucks,5466,546,0,40.33682119,-75.10836643,42017.0,870.0081175290877,9.989023051591657,4920,5452,544,0,4908,5439,628195,14,2,0,12,13
2020-06-17,US,Pennsylvania,Butler,263,13,0,40.91152759,-79.91351055,42019.0,140.00308752056128,4.942965779467682,250,260,12,0,248,257,187888,3,1,0,2,3
2020-06-17,US,Pennsylvania,Cambria,61,3,0,40.49527404,-78.71377428,42021.0,46.85387735037483,4.918032786885246,58,61,3,0,58,61,131730,0,0,0,0,0
2020-06-17,US,Pennsylvania,Cameron,2,0,0,41.43625568,-78.20376845,42023.0,44.974139869575005,0.0,2,2,0,0,2,2,4492,0,0,0,0,0
2020-06-17,US,Pennsylvania,Carbon,262,24,0,40.91545395,-75.7068525,42025.0,408.21414103642763,9.16030534351145,238,259,24,0,235,259,64227,3,0,0,3,0
2020-06-17,US,Pennsylvania,Centre,172,6,0,40.92058903,-77.82200624,42027.0,105.92111340333159,3.4883720930232562,166,177,6,0,171,171,162805,-5,0,0,-5,6
2020-06-17,US,Pennsylvania,Chester,3367,311,0,39.97291773,-75.74768357,42029.0,641.3467710752035,9.236709236709236,3056,3343,309,0,3034,3315,522046,24,2,0,22,28
2020-06-17,US,Pennsylvania,Clarion,31,2,0,41.19265812,-79.42413524,42031.0,80.64935740673292,6.451612903225807,29,31,2,0,29,31,38779,0,0,0,0,0
2020-06-17,US,Pennsylvania,Clearfield,57,0,0,41.00110782,-78.47592663,42033.0,71.91975269699074,0.0,57,57,0,0,57,55,79388,0,0,0,0,2
2020-06-17,US,Pennsylvania,Clinton,64,3,0,41.23255967,-77.63785995,42035.0,165.66576931041624,4.6875,61,64,3,0,61,64,38684,0,0,0,0,0
2020-06-17,US,Pennsylvania,Columbia,387,33,0,41.04821986,-76.40565017,42037.0,595.7145495966997,8.527131782945737,354,385,33,0,352,380,65456,2,0,0,2,5
2020-06-17,US,Pennsylvania,Crawford,35,0,0,41.68447709,-80.10760592,42039.0,41.35698164931643,0.0,35,35,0,0,35,36,85063,0,0,0,0,-1
2020-06-17,US,Pennsylvania,Cumberland,751,61,0,40.1625372,-77.26130755,42041.0,296.40446777440116,8.122503328894807,690,746,61,0,685,738,251423,5,0,0,5,8
2020-06-17,US,Pennsylvania,Dauphin,1693,111,0,40.41377078,-76.77993242,42043.0,608.3385136130564,6.556408741878323,1582,1674,108,0,1566,1655,277097,19,3,0,16,19
2020-06-17,US,Pennsylvania,Delaware,6967,629,0,39.91680171,-75.40243663,42045.0,1229.296317404415,9.028276159035453,6338,6936,622,0,6314,6921,564751,31,7,0,24,15
2020-06-17,US,Pennsylvania,Elk,6,0,0,41.42822061,-78.64524744,42047.0,20.060180541624874,0.0,6,6,0,0,6,6,30169,0,0,0,0,0
2020-06-17,US,Pennsylvania,Erie,478,9,0,41.99253829,-80.03301954,42049.0,177.21556531023845,1.8828451882845187,469,472,8,0,464,468,272061,6,1,0,5,4
2020-06-17,US,Pennsylvania,Fayette,98,4,0,39.92041012,-79.64291195,42051.0,75.80797376115845,4.081632653061225,94,95,4,0,91,95,130441,3,0,0,3,0
2020-06-17,US,Pennsylvania,Forest,7,0,0,41.51095103,-79.23229292,42053.0,96.59169311439214,0.0,7,7,0,0,7,7,7279,0,0,0,0,0
2020-06-17,US,Pennsylvania,Franklin,852,42,0,39.92956518,-77.72157791,42055.0,549.5816857708658,4.929577464788731,810,849,42,0,807,843,154835,3,0,0,3,6
2020-06-17,US,Pennsylvania,Fulton,17,1,0,39.92913544,-78.11163677,42057.0,116.9993117687543,5.882352941176472,16,17,1,0,16,16,14523,0,0,0,0,1
2020-06-17,US,Pennsylvania,Greene,30,0,0,39.85746531,-80.22357106,42059.0,82.79744983854499,0.0,30,30,0,0,30,30,36506,0,0,0,0,0
2020-06-17,US,Pennsylvania,Huntingdon,239,4,0,40.42162652,-77.97673273,42061.0,529.4169767853979,1.6736401673640169,235,239,4,0,235,239,45168,0,0,0,0,0
2020-06-17,US,Pennsylvania,Indiana,95,5,0,40.65241041,-79.08963285,42063.0,112.99703828815433,5.2631578947368425,90,95,5,0,90,93,84501,0,0,0,0,2
2020-06-17,US,Pennsylvania,Jefferson,19,1,0,41.12913106,-78.9986361,42065.0,43.75359815774323,5.2631578947368425,18,19,1,0,18,19,43641,0,0,0,0,0
2020-06-17,US,Pennsylvania,Juniata,108,5,0,40.53358749,-77.39975129999998,42067.0,436.1345555869645,4.62962962962963,103,108,5,0,103,108,24704,0,0,0,0,0
2020-06-17,US,Pennsylvania,Lackawanna,1611,199,0,41.43564672,-75.60379201,42069.0,768.33560670374,12.352576039726875,1412,1608,197,0,1411,1602,210793,3,2,0,1,6
2020-06-17,US,Pennsylvania,Lancaster,3830,336,0,40.03904563,-76.24770128,42071.0,701.819967602671,8.77284595300261,3494,3802,333,0,3469,3777,543557,28,3,0,25,25
2020-06-17,US,Pennsylvania,Lawrence,88,8,0,40.99206278,-80.33393706,42073.0,102.90953316493591,9.090909090909092,80,87,8,0,79,87,86184,1,0,0,1,0
2020-06-17,US,Pennsylvania,Lebanon,1200,40,0,40.36680311,-76.45651841,42075.0,846.3041193853011,3.333333333333333,1160,1193,40,0,1153,1190,141314,7,0,0,7,3
2020-06-17,US,Pennsylvania,Lehigh,3978,273,0,40.6154815,-75.59435245,42077.0,1077.1205302747226,6.862745098039214,3705,3973,271,0,3702,3957,368100,5,2,0,3,16
2020-06-17,US,Pennsylvania,Luzerne,2841,169,0,41.17823008,-75.98447579,42079.0,895.0371278160907,5.948609644491376,2672,2840,169,0,2671,2835,317646,1,0,0,1,5
2020-06-17,US,Pennsylvania,Lycoming,172,18,0,41.34310539,-77.06629984,42081.0,151.81069559307673,10.465116279069766,154,172,17,0,155,171,113664,0,1,0,-1,1
2020-06-17,US,Pennsylvania,McKean,13,1,0,41.80938602,-78.56478358,42083.0,32.0,7.6923076923076925,12,13,1,0,12,13,40968,0,0,0,0,0
2020-06-17,US,Pennsylvania,Mercer,117,6,0,41.30248872,-80.25816981,42085.0,106.9235268314081,5.128205128205129,111,117,6,0,111,115,110683,0,0,0,0,2
2020-06-17,US,Pennsylvania,Mifflin,60,1,0,40.61116939,-77.61070738,42087.0,130.04464866270752,1.6666666666666667,59,60,1,0,59,59,46222,0,0,0,0,1
2020-06-17,US,Pennsylvania,Monroe,1357,105,0,41.05934058,-75.34031025,42089.0,796.9648384046608,7.737656595431098,1252,1356,105,0,1251,1350,169507,1,0,0,1,6
2020-06-17,US,Pennsylvania,Montgomery,7990,770,0,40.21053671,-75.36652296,42091.0,961.590535734702,9.637046307884855,7220,7950,769,0,7181,7930,828604,40,1,0,39,20
2020-06-17,US,Pennsylvania,Montour,67,0,0,41.03023987,-76.66345939,42093.0,367.5260559517279,0.0,67,65,0,0,65,65,18240,2,0,0,2,0
2020-06-17,US,Pennsylvania,Northampton,3255,247,0,40.75182733,-75.30471829,42095.0,1066.2168137969438,7.588325652841783,3008,3250,244,0,3006,3246,304807,5,3,0,2,4
2020-06-17,US,Pennsylvania,Northumberland,234,4,0,40.84785433,-76.70798222,42097.0,257.5872659423401,1.709401709401709,230,231,4,0,227,228,91083,3,0,0,3,3
2020-06-17,US,Pennsylvania,Perry,76,5,0,40.40206612,-77.26297447,42099.0,164.24619640387274,6.578947368421053,71,73,5,0,68,72,46139,3,0,0,3,1
2020-06-17,US,Pennsylvania,Philadelphia,24655,1528,0,40.00338507,-75.1379271,42101.0,1556.439638802473,6.197525856824174,23127,24591,1518,0,23073,24475,1584138,64,10,0,54,116
2020-06-17,US,Pennsylvania,Pike,486,20,0,41.33155042,-75.03208106,42103.0,870.8272859216255,4.11522633744856,466,485,20,0,465,482,55933,1,0,0,1,3
2020-06-17,US,Pennsylvania,Potter,13,0,0,41.74471626,-77.89559864,42105.0,78.66392351446206,0.0,13,13,0,0,13,13,16622,0,0,0,0,0
2020-06-17,US,Pennsylvania,Schuylkill,698,43,0,40.70497338,-76.2150785,42107.0,493.77825253432746,6.160458452722063,655,696,43,0,653,691,142067,2,0,0,2,5
2020-06-17,US,Pennsylvania,Snyder,60,1,0,40.77129231,-77.06840691,42109.0,148.61785395818885,1.6666666666666667,59,60,1,0,59,60,40540,0,0,0,0,0
2020-06-17,US,Pennsylvania,Somerset,41,1,0,39.97172723,-79.02699593,42111.0,55.82256593189647,2.4390243902439024,40,41,1,0,40,41,73952,0,0,0,0,0
2020-06-17,US,Pennsylvania,Sullivan,3,0,0,41.44634738,-76.51246591,42113.0,49.455984174085074,0.0,3,3,0,0,3,3,6071,0,0,0,0,0
2020-06-17,US,Pennsylvania,Susquehanna,172,18,0,41.82147784,-75.80071959,42115.0,426.50267804007143,10.465116279069766,154,172,17,0,155,171,40589,0,1,0,-1,1
2020-06-17,US,Pennsylvania,Tioga,20,2,0,41.77255149,-77.25433032,42117.0,49.27200610972876,10.0,18,20,2,0,18,20,40763,0,0,0,0,0
2020-06-17,US,Pennsylvania,Union,83,2,0,40.96188846,-77.05996014,42119.0,184.76059034347665,2.409638554216868,81,84,2,0,82,88,44785,-1,0,0,-1,-4
2020-06-17,US,Pennsylvania,Venango,17,0,0,41.40323442,-79.75845449,42121.0,33.55174863819373,0.0,17,17,0,0,17,17,51266,0,0,0,0,0
2020-06-17,US,Pennsylvania,Warren,5,0,0,41.81304978,-79.26969577,42123.0,12.758031180628205,0.0,5,5,0,0,5,5,39498,0,0,0,0,0
2020-06-17,US,Pennsylvania,Washington,158,6,0,40.19208869,-80.24582867,42125.0,76.3783143596065,3.79746835443038,152,156,6,0,150,156,207346,2,0,0,2,0
2020-06-17,US,Pennsylvania,Wayne,126,9,0,41.64938475,-75.29956506,42127.0,245.322326278694,7.142857142857142,117,126,9,0,117,126,51276,0,0,0,0,0
2020-06-17,US,Pennsylvania,Westmoreland,498,38,0,40.31377979999999,-79.46615476,42129.0,142.7347169238089,7.630522088353413,460,493,38,0,455,492,350611,5,0,0,5,1
2020-06-17,US,Pennsylvania,Wyoming,36,7,0,41.51955538,-76.01074915,42131.0,134.35843845637086,19.444444444444443,29,36,7,0,29,36,27046,0,0,0,0,0
2020-06-17,US,Pennsylvania,York,1195,34,0,39.9210089,-76.73040131,42133.0,266.11261796917097,2.8451882845188283,1161,1183,32,0,1151,1169,448273,12,2,0,10,14
2020-06-17,US,Rhode Island,Bristol,240,0,0,41.71018079,-71.28652315,44001.0,495.05971657831225,0.0,240,240,0,0,240,240,48649,0,0,0,0,0
2020-06-17,US,Rhode Island,Kent,1128,0,0,41.67106337,-71.57641596,44003.0,686.5824264115113,0.0,1128,1128,0,0,1128,1128,163861,0,0,0,0,0
2020-06-17,US,Rhode Island,Newport,277,0,0,41.5642026,-71.26569799,44005.0,337.4674106381423,0.0,277,277,0,0,277,277,82542,0,0,0,0,0
2020-06-17,US,Rhode Island,Providence,12363,0,0,41.87064746,-71.57753536,44007.0,1934.9507223784728,0.0,12363,12363,0,0,12363,12363,636084,0,0,0,0,0
2020-06-17,US,Rhode Island,Unassigned,1689,876,0,0.0,0.0,90044.0,0.0,51.86500888099467,813,1640,865,0,775,1569,,49,11,0,38,71
2020-06-17,US,Rhode Island,Washington,516,0,0,41.45961631,-71.61435303,44009.0,410.90327050335645,0.0,516,516,0,0,516,516,126179,0,0,0,0,0
2020-06-17,US,South Carolina,Abbeville,73,0,0,34.22333378,-82.46170658,45001.0,297.63118196273496,0.0,73,73,0,0,73,70,24541,0,0,0,0,3
2020-06-17,US,South Carolina,Aiken,246,9,0,33.54338026,-81.63645384,45003.0,143.96741420478486,3.6585365853658534,237,240,9,0,231,234,169401,6,0,0,6,6
2020-06-17,US,South Carolina,Allendale,41,3,0,32.98837386,-81.35321066,45005.0,471.91528545119706,7.317073170731707,38,41,3,0,38,40,8903,0,0,0,0,1
2020-06-17,US,South Carolina,Anderson,361,10,0,34.51828081,-82.63959517,45007.0,178.22055904975366,2.770083102493075,351,352,9,0,343,347,200482,9,1,0,8,5
2020-06-17,US,South Carolina,Bamberg,50,0,0,33.21927586,-81.05659969,45009.0,355.46708374804496,0.0,50,50,0,0,50,48,14275,0,0,0,0,2
2020-06-17,US,South Carolina,Barnwell,56,1,0,33.26679302,-81.43584352,45011.0,268.3791814434966,1.7857142857142858,55,56,1,0,55,55,21112,0,0,0,0,1
2020-06-17,US,South Carolina,Beaufort,673,15,0,32.39226291,-80.72619758,45013.0,350.29824798825746,2.2288261515601784,658,647,14,0,633,615,188715,26,1,0,25,32
2020-06-17,US,South Carolina,Berkeley,434,20,0,33.20222596,-79.94654523,45015.0,190.42855199708652,4.6082949308755765,414,427,19,0,408,406,221091,7,1,0,6,21
2020-06-17,US,South Carolina,Calhoun,47,1,0,33.66926881,-80.77722168,45017.0,322.95746581460867,2.127659574468085,46,46,1,0,45,38,14520,1,0,0,1,8
2020-06-17,US,South Carolina,Charleston,1264,17,0,32.82487866,-79.96512315,45019.0,307.23907769940155,1.3449367088607596,1247,1230,16,0,1214,1165,405905,34,1,0,33,65
2020-06-17,US,South Carolina,Cherokee,96,6,0,35.05122251,-81.61828622,45021.0,167.5392670157068,6.25,90,93,6,0,87,93,57078,3,0,0,3,0
2020-06-17,US,South Carolina,Chester,127,1,0,34.69249168,-81.1583216,45023.0,393.87172807344,0.7874015748031497,126,125,1,0,124,123,32251,2,0,0,2,2
2020-06-17,US,South Carolina,Chesterfield,295,8,0,34.64137396,-80.15640140000002,45025.0,646.2212486308872,2.7118644067796613,287,293,8,0,285,292,45754,2,0,0,2,1
2020-06-17,US,South Carolina,Clarendon,347,41,0,33.66610974,-80.21647898,45027.0,1028.3004889613276,11.815561959654179,306,342,41,0,301,343,33700,5,0,0,5,-1
2020-06-17,US,South Carolina,Colleton,211,18,0,32.87582989,-80.67641292,45029.0,560.0233564243438,8.530805687203793,193,209,17,0,192,201,37660,2,1,0,1,8
2020-06-17,US,South Carolina,Darlington,363,13,0,34.33358335,-79.96027485,45031.0,544.8977753760245,3.5812672176308538,350,357,13,0,344,353,66802,6,0,0,6,4
2020-06-17,US,South Carolina,Dillon,207,5,0,34.39007791,-79.37741872,45033.0,679.1561402933168,2.415458937198068,202,202,5,0,197,202,30599,5,0,0,5,0
2020-06-17,US,South Carolina,Dorchester,286,3,0,33.0794369,-80.40502652,45035.0,175.6659644122868,1.048951048951049,283,277,3,0,274,276,160647,9,0,0,9,1
2020-06-17,US,South Carolina,Edgefield,61,2,0,33.77221995,-81.96231108,45037.0,223.77109317681584,3.278688524590164,59,61,2,0,59,61,27052,0,0,0,0,0
2020-06-17,US,South Carolina,Fairfield,233,20,0,34.39287073,-81.1195624,45039.0,1042.6455452633463,8.583690987124463,213,232,20,0,212,231,22402,1,0,0,1,1
2020-06-17,US,South Carolina,Florence,855,43,0,34.02361754,-79.70189312,45041.0,618.2525507437108,5.029239766081871,812,833,43,0,790,826,138159,22,0,0,22,7
2020-06-17,US,South Carolina,Georgetown,202,3,0,33.43443342,-79.33202141,45043.0,322.27185705169114,1.4851485148514851,199,180,3,0,177,181,62249,22,0,0,22,-1
2020-06-17,US,South Carolina,Greenville,3143,70,0,34.89502264,-82.37295012,45045.0,600.3338796123328,2.2271714922049,3073,3072,69,0,3003,3011,514213,71,1,0,70,61
2020-06-17,US,South Carolina,Greenwood,320,5,0,34.15272415,-82.12715789,45047.0,451.907189560944,1.5625,315,315,5,0,310,312,70741,5,0,0,5,3
2020-06-17,US,South Carolina,Hampton,50,1,0,32.77419582,-81.13845571,45049.0,260.1186140880241,2.0,49,50,1,0,49,50,19351,0,0,0,0,0
2020-06-17,US,South Carolina,Horry,1417,35,0,33.9212828,-78.99555293,45051.0,400.19091676763225,2.4700070571630204,1382,1297,34,0,1263,1194,344147,120,1,0,119,103
2020-06-17,US,South Carolina,Jasper,57,3,0,32.43171982,-81.02487495,45053.0,189.5387889468959,5.2631578947368425,54,56,3,0,53,55,28971,1,0,0,1,1
2020-06-17,US,South Carolina,Kershaw,469,15,0,34.33988254,-80.58763164,45055.0,704.7226938738713,3.1982942430703623,454,461,15,0,446,448,65592,8,0,0,8,13
2020-06-17,US,South Carolina,Lancaster,270,7,0,34.68270843,-80.70513032,45057.0,275.4764722687018,2.592592592592593,263,259,6,0,253,248,95380,11,1,0,10,11
2020-06-17,US,South Carolina,Laurens,179,4,0,34.48244419,-82.00490796,45059.0,265.212688723275,2.23463687150838,175,171,4,0,167,163,66994,8,0,0,8,8
2020-06-17,US,South Carolina,Lee,238,19,0,34.16393091,-80.25690731,45061.0,1414.3094841930115,7.9831932773109235,219,238,19,0,219,236,17142,0,0,0,0,2
2020-06-17,US,South Carolina,Lexington,1254,42,0,33.89665987,-81.27146426,45063.0,419.7489539748954,3.3492822966507183,1212,1216,40,0,1176,1184,295032,38,2,0,36,32
2020-06-17,US,South Carolina,Marion,113,5,0,34.07859748,-79.36400756,45067.0,368.59444824999184,4.424778761061948,108,108,5,0,103,105,31039,5,0,0,5,3
2020-06-17,US,South Carolina,Marlboro,241,3,0,34.59905577,-79.67561152,45069.0,922.7352783520944,1.2448132780082988,238,237,3,0,234,237,26398,4,0,0,4,0
2020-06-17,US,South Carolina,McCormick,11,1,0,33.90161443,-82.30794338,45065.0,116.24220648842864,9.090909090909092,10,11,1,0,10,11,9410,0,0,0,0,0
2020-06-17,US,South Carolina,Newberry,110,2,0,34.28629098,-81.59935761,45071.0,286.1602497398543,1.818181818181818,108,108,2,0,106,105,38520,2,0,0,2,3
2020-06-17,US,South Carolina,Oconee,95,0,0,34.75225169,-83.06742317,45073.0,119.42775249541144,0.0,95,94,0,0,94,87,78374,1,0,0,1,7
2020-06-17,US,South Carolina,Orangeburg,417,6,0,33.4391073,-80.79886287,45075.0,483.8990426457789,1.4388489208633093,411,415,6,0,409,394,86934,2,0,0,2,21
2020-06-17,US,South Carolina,Pickens,348,4,0,34.88807695,-82.72791551,45077.0,274.2662589451783,1.1494252873563218,344,326,4,0,322,303,124937,22,0,0,22,23
2020-06-17,US,South Carolina,Richland,2368,74,0,34.01791263,-80.90267209,45079.0,569.5607310966209,3.125,2294,2316,74,0,2242,2257,414576,52,0,0,52,59
2020-06-17,US,South Carolina,Saluda,171,1,0,34.00795823,-81.72713237,45081.0,835.2464221169345,0.5847953216374269,170,170,1,0,169,166,20544,1,0,0,1,4
2020-06-17,US,South Carolina,Spartanburg,1046,36,0,34.92960077,-81.99225984,45083.0,327.0947667964414,3.4416826003824093,1010,1026,37,0,989,992,313888,20,-1,0,21,34
2020-06-17,US,South Carolina,Sumter,655,19,0,33.91826534,-80.37942316,45085.0,613.7498711593782,2.9007633587786263,636,648,19,0,629,633,106512,7,0,0,7,15
2020-06-17,US,South Carolina,Unassigned,5,0,0,0.0,0.0,90045.0,0.0,0.0,5,,,,,,,,,,,
2020-06-17,US,South Carolina,Union,50,0,0,34.68835752,-81.61730349,45087.0,183.04290525699227,0.0,50,49,0,0,49,47,27410,1,0,0,1,2
2020-06-17,US,South Carolina,Williamsburg,302,15,0,33.62190129,-79.72767442,45089.0,994.4678609062172,4.966887417218543,287,296,15,0,281,289,30606,6,0,0,6,7
2020-06-17,US,South Carolina,York,699,11,0,34.97281497,-81.18085944,45091.0,248.7730399780767,1.5736766809728182,688,685,10,0,675,651,274118,14,1,0,13,34
2020-06-17,US,South Dakota,Aurora,33,0,0,43.71757685,-98.56050467,46003.0,1199.5637949836425,0.0,33,33,0,0,33,33,2801,0,0,0,0,0
2020-06-17,US,South Dakota,Beadle,467,6,0,44.41464384,-98.27858469,46005.0,2530.7538069690563,1.284796573875803,461,452,6,0,446,448,18883,15,0,0,15,4
2020-06-17,US,South Dakota,Bennett,2,0,0,43.19486375,-101.6665572,46007.0,59.43536404160476,0.0,2,1,0,0,1,1,3468,1,0,0,1,0
2020-06-17,US,South Dakota,Bon Homme,11,0,0,42.98914167,-97.88592746,46009.0,159.39718881321548,0.0,11,9,0,0,9,9,6980,2,0,0,2,0
2020-06-17,US,South Dakota,Brookings,39,0,0,44.36974375,-96.79079945,46011.0,111.18396670182742,0.0,39,38,0,0,38,36,35232,1,0,0,1,2
2020-06-17,US,South Dakota,Brown,315,2,0,45.58994323,-98.35165355,46013.0,811.0404490331883,0.6349206349206349,313,313,2,0,311,313,39316,2,0,0,2,0
2020-06-17,US,South Dakota,Brule,12,0,0,43.71756379,-99.08118954,46015.0,226.5433264111761,0.0,12,10,0,0,10,10,5229,2,0,0,2,0
2020-06-17,US,South Dakota,Buffalo,55,0,0,44.07657829,-99.20814467,46017.0,2803.261977573904,0.0,55,54,0,0,54,53,2036,1,0,0,1,1
2020-06-17,US,South Dakota,Charles Mix,37,0,0,43.20660134,-98.58856175,46023.0,398.19199311235474,0.0,37,32,0,0,32,32,9338,5,0,0,5,0
2020-06-17,US,South Dakota,Clark,11,0,0,44.85834507,-97.72925109,46025.0,294.4325481798715,0.0,11,11,0,0,11,11,3739,0,0,0,0,0
2020-06-17,US,South Dakota,Clay,69,0,0,42.91296147,-96.97656917,46027.0,490.40511727078894,0.0,69,67,0,0,67,66,14041,2,0,0,2,1
2020-06-17,US,South Dakota,Codington,47,0,0,44.97788119,-97.18827677,46029.0,167.80320611232102,0.0,47,46,0,0,46,46,28015,1,0,0,1,0
2020-06-17,US,South Dakota,Corson,12,0,0,45.70889983,-101.1970473,46031.0,293.6857562408224,0.0,12,11,0,0,11,11,4165,1,0,0,1,0
2020-06-17,US,South Dakota,Custer,2,0,0,43.67741105,-103.45345209999999,46033.0,22.29157378510923,0.0,2,2,0,0,2,2,8726,0,0,0,0,0
2020-06-17,US,South Dakota,Davison,33,0,0,43.67490933,-98.14458906,46035.0,166.87737041719342,0.0,33,33,0,0,33,33,19790,0,0,0,0,0
2020-06-17,US,South Dakota,Day,13,0,0,45.367281,-97.60737498,46037.0,239.6755162241888,0.0,13,13,0,0,13,13,5505,0,0,0,0,0
2020-06-17,US,South Dakota,Deuel,1,0,0,44.75994309,-96.66943645,46039.0,22.983222247759137,0.0,1,1,0,0,1,1,4337,0,0,0,0,0
2020-06-17,US,South Dakota,Dewey,4,0,0,45.15639647,-100.8709139,46041.0,67.88866259334691,0.0,4,4,0,0,4,2,5904,0,0,0,0,2
2020-06-17,US,South Dakota,Douglas,4,0,0,43.38520741,-98.36978007,46043.0,136.93940431359124,0.0,4,4,0,0,4,4,2935,0,0,0,0,0
2020-06-17,US,South Dakota,Edmunds,4,0,0,45.41846445,-99.21545423,46045.0,104.46591799425435,0.0,4,4,0,0,4,4,3875,0,0,0,0,0
2020-06-17,US,South Dakota,Fall River,6,0,0,43.23929297,-103.5275691,46047.0,89.37881722031878,0.0,6,6,0,0,6,6,6758,0,0,0,0,0
2020-06-17,US,South Dakota,Faulk,20,0,0,45.07082625,-99.14535601,46049.0,869.9434536755111,0.0,20,20,0,0,20,20,2330,0,0,0,0,0
2020-06-17,US,South Dakota,Grant,13,0,0,45.1723937,-96.77002276,46051.0,184.344866704481,0.0,13,13,0,0,13,13,7147,0,0,0,0,0
2020-06-17,US,South Dakota,Gregory,1,0,0,43.19419064,-99.18883902,46053.0,23.894862604540023,0.0,1,1,0,0,1,1,4212,0,0,0,0,0
2020-06-17,US,South Dakota,Hamlin,11,0,0,44.67385954,-97.18829593,46057.0,178.45554834523037,0.0,11,11,0,0,11,11,6111,0,0,0,0,0
2020-06-17,US,South Dakota,Hand,6,0,0,44.54708407,-99.00386459,46059.0,188.02883108743345,0.0,6,6,0,0,6,6,3262,0,0,0,0,0
2020-06-17,US,South Dakota,Hanson,3,0,0,43.6746384,-97.78715148,46061.0,86.88097306689835,0.0,3,3,0,0,3,3,3376,0,0,0,0,0
2020-06-17,US,South Dakota,Hughes,25,0,0,44.39091534,-99.99661148,46065.0,142.6452128266575,0.0,25,23,0,0,23,22,17650,2,0,0,2,1
2020-06-17,US,South Dakota,Hutchinson,9,0,0,43.33449012,-97.75536441,46067.0,123.43985735838707,0.0,9,9,0,0,9,9,7380,0,0,0,0,0
2020-06-17,US,South Dakota,Hyde,3,0,0,44.54747703,-99.48572582,46069.0,230.59185242121444,0.0,3,3,0,0,3,3,1282,0,0,0,0,0
2020-06-17,US,South Dakota,Jackson,6,0,0,43.69318385,-101.6255063,46071.0,179.42583732057415,0.0,6,6,0,0,6,5,3307,0,0,0,0,1
2020-06-17,US,South Dakota,Jerauld,40,1,0,44.06637798,-98.62965972,46073.0,1987.083954297069,2.5,39,40,1,0,39,40,2043,0,0,0,0,0
2020-06-17,US,South Dakota,Kingsbury,5,0,0,44.36956169,-97.4913945,46077.0,101.23506782749544,0.0,5,5,0,0,5,5,4919,0,0,0,0,0
2020-06-17,US,South Dakota,Lake,17,1,0,44.02193107,-97.12926365,46079.0,132.84363522700633,5.882352941176472,16,16,1,0,15,15,13057,1,0,0,1,1
2020-06-17,US,South Dakota,Lawrence,13,0,0,44.35919441,-103.79294279999999,46081.0,50.30181086519114,0.0,13,12,0,0,12,12,25741,1,0,0,1,0
2020-06-17,US,South Dakota,Lincoln,272,1,0,43.27841182,-96.72039050000001,46083.0,444.9679361340139,0.36764705882352944,271,271,0,0,271,270,58807,1,1,0,0,1
2020-06-17,US,South Dakota,Lyman,39,0,0,43.89522709,-99.85201878,46085.0,1031.4731552499338,0.0,39,33,0,0,33,33,3821,6,0,0,6,0
2020-06-17,US,South Dakota,Marshall,5,0,0,45.75870838,-97.59855639,46091.0,101.31712259371834,0.0,5,5,0,0,5,4,5112,0,0,0,0,1
2020-06-17,US,South Dakota,McCook,8,1,0,43.6742571,-97.36863144,46087.0,143.21518080916576,12.5,7,8,1,0,7,8,5546,0,0,0,0,0
2020-06-17,US,South Dakota,McPherson,3,0,0,45.76626028,-99.22118798,46089.0,126.10340479192938,0.0,3,3,0,0,3,3,2407,0,0,0,0,0
2020-06-17,US,South Dakota,Meade,39,1,0,44.56676791,-102.71627409999999,46093.0,137.65353663701822,2.5641025641025643,38,39,1,0,38,37,28294,0,0,0,0,2
2020-06-17,US,South Dakota,Mellette,2,0,0,43.58078848,-100.7563186,46095.0,97.0402717127608,0.0,2,2,0,0,2,1,2042,0,0,0,0,1
2020-06-17,US,South Dakota,Miner,3,0,0,44.02197882,-97.60992207,46097.0,135.37906137184117,0.0,3,3,0,0,3,3,2213,0,0,0,0,0
2020-06-17,US,South Dakota,Minnehaha,3499,54,0,43.67441641,-96.7910885,46099.0,1811.6955067466117,1.5432980851671907,3445,3488,54,0,3434,3485,192876,11,0,0,11,3
2020-06-17,US,South Dakota,Moody,20,0,0,44.02266214,-96.67081159,46101.0,304.1362530413625,0.0,20,20,0,0,20,20,6579,0,0,0,0,0
2020-06-17,US,South Dakota,Oglala Lakota,49,0,0,43.33749164,-102.55554980000001,46102.0,345.63024617337936,0.0,49,48,0,0,48,46,14309,1,0,0,1,2
2020-06-17,US,South Dakota,Pennington,424,9,0,44.0025835,-102.8240777,46103.0,372.66534827510435,2.1226415094339623,415,402,9,0,393,392,111729,22,0,0,22,10
2020-06-17,US,South Dakota,Roberts,40,0,0,45.62975048,-96.94672673,46109.0,384.83740619588224,0.0,40,40,0,0,40,40,10447,0,0,0,0,0
2020-06-17,US,South Dakota,Sanborn,13,0,0,44.02351092,-98.09098159999999,46111.0,554.6075085324234,0.0,13,13,0,0,13,13,2429,0,0,0,0,0
2020-06-17,US,South Dakota,Spink,5,0,0,44.93837606,-98.34626602,46115.0,78.41907151819322,0.0,5,5,0,0,5,5,6495,0,0,0,0,0
2020-06-17,US,South Dakota,Stanley,11,0,0,44.41381872,-100.7349153,46117.0,355.0677856681731,0.0,11,11,0,0,11,11,3022,0,0,0,0,0
2020-06-17,US,South Dakota,Sully,1,0,0,44.71571812,-100.1278092,46119.0,71.89072609633357,0.0,1,1,0,0,1,1,1392,0,0,0,0,0
2020-06-17,US,South Dakota,Todd,50,1,0,43.19338568,-100.71955030000001,46121.0,491.3039206052864,2.0,49,48,1,0,47,47,10283,2,0,0,2,1
2020-06-17,US,South Dakota,Tripp,9,0,0,43.34459388,-99.8854891,46123.0,165.4107700790296,0.0,9,8,0,0,8,7,5478,1,0,0,1,1
2020-06-17,US,South Dakota,Turner,25,0,0,43.3109081,-97.14865776,46125.0,298.18702290076334,0.0,25,25,0,0,25,25,8424,0,0,0,0,0
2020-06-17,US,South Dakota,Union,113,1,0,42.83112163,-96.6557828,46127.0,709.264373587748,0.8849557522123894,112,113,1,0,112,113,15619,0,0,0,0,0
2020-06-17,US,South Dakota,Walworth,7,0,0,45.43019636,-100.03075140000001,46129.0,128.79484820607175,0.0,7,6,0,0,6,5,5587,1,0,0,1,1
2020-06-17,US,South Dakota,Yankton,62,0,0,43.00924485,-97.39467635,46135.0,271.7629525729815,0.0,62,60,0,0,60,58,22869,2,0,0,2,2
2020-06-17,US,South Dakota,Ziebach,2,0,0,44.97881876,-101.6654622,46137.0,72.5689404934688,0.0,2,2,0,0,2,2,2742,0,0,0,0,0
2020-06-17,US,Tennessee,Anderson,66,2,0,36.12684348,-84.19965764,47001.0,85.73878250928838,3.0303030303030303,64,65,2,0,63,60,76482,1,0,0,1,5
2020-06-17,US,Tennessee,Bedford,403,4,0,35.51123746,-86.45549096,47003.0,810.6531490756944,0.9925558312655088,399,392,4,0,388,379,49038,11,0,0,11,13
2020-06-17,US,Tennessee,Benton,8,1,0,36.07110411,-88.06849355,47005.0,49.504950495049506,12.5,7,8,1,0,7,8,16184,0,0,0,0,0
2020-06-17,US,Tennessee,Bledsoe,614,1,0,35.59942968,-85.20611967,47007.0,4075.942644715879,0.16286644951140064,613,614,1,0,613,614,14755,0,0,0,0,0
2020-06-17,US,Tennessee,Blount,115,3,0,35.68938198,-83.92847788,47009.0,86.40899254628515,2.608695652173913,112,110,3,0,107,106,131349,5,0,0,5,4
2020-06-17,US,Tennessee,Bradley,303,2,0,35.15739424,-84.857186,47011.0,280.27009527333274,0.6600660066006601,301,302,2,0,300,288,106727,1,0,0,1,14
2020-06-17,US,Tennessee,Campbell,25,1,0,36.40355516,-84.15108559999999,47013.0,62.7478540233924,4.0,24,25,1,0,24,24,39583,0,0,0,0,1
2020-06-17,US,Tennessee,Cannon,34,0,0,35.80990797,-86.05738983,47015.0,231.6391879002589,0.0,34,34,0,0,34,34,14462,0,0,0,0,0
2020-06-17,US,Tennessee,Carroll,36,1,0,35.97366108,-88.45189331,47017.0,129.6503043180754,2.7777777777777777,35,36,1,0,35,36,28020,0,0,0,0,0
2020-06-17,US,Tennessee,Carter,22,1,0,36.28969086,-82.12588974,47019.0,39.01331772800624,4.545454545454546,21,22,1,0,21,20,56351,0,0,0,0,2
2020-06-17,US,Tennessee,Cheatham,159,0,0,36.26136216,-87.08903581,47021.0,390.98040179998526,0.0,159,158,0,0,158,155,40439,1,0,0,1,3
2020-06-17,US,Tennessee,Chester,14,0,0,35.42527478,-88.6095842,47023.0,80.93889113719142,0.0,14,12,0,0,12,12,17276,2,0,0,2,0
2020-06-17,US,Tennessee,Claiborne,15,0,0,36.48319149,-83.65947309,47025.0,46.93513564254201,0.0,15,15,0,0,15,15,31756,0,0,0,0,0
2020-06-17,US,Tennessee,Clay,11,0,0,36.55151008,-85.53930419,47027.0,144.45173998686803,0.0,11,11,0,0,11,11,7717,0,0,0,0,0
2020-06-17,US,Tennessee,Cocke,27,0,0,35.9278914,-83.11828725,47029.0,74.99166759248972,0.0,27,27,0,0,27,26,35774,0,0,0,0,1
2020-06-17,US,Tennessee,Coffee,97,0,0,35.49090731,-86.07311784,47031.0,171.6206652512385,0.0,97,96,0,0,96,94,55700,1,0,0,1,2
2020-06-17,US,Tennessee,Crockett,19,3,0,35.81830662,-89.14916269,47033.0,133.52073085031623,15.789473684210524,16,19,3,0,16,18,14328,0,0,0,0,1
2020-06-17,US,Tennessee,Cumberland,137,3,0,35.95271721,-84.99840585,47035.0,226.37144745538663,2.18978102189781,134,137,2,0,135,133,59673,0,1,0,-1,4
2020-06-17,US,Tennessee,Davidson,7082,91,0,36.17007426,-86.78646056,47037.0,1020.2494007007193,1.2849477548715051,6991,7016,90,0,6926,6818,692587,66,1,0,65,198
2020-06-17,US,Tennessee,DeKalb,41,0,0,35.97616272,-85.83689361,47041.0,200.0976085895559,0.0,41,41,0,0,41,41,20138,0,0,0,0,0
2020-06-17,US,Tennessee,Decatur,14,0,0,35.60048904,-88.11043779,47039.0,120.03772614250192,0.0,14,14,0,0,14,14,11706,0,0,0,0,0
2020-06-17,US,Tennessee,Dickson,140,0,0,36.14669837,-87.35891709,47043.0,259.50915696596724,0.0,140,138,0,0,138,138,53446,2,0,0,2,0
2020-06-17,US,Tennessee,Dyer,116,0,0,36.05931946,-89.41542855,47045.0,312.17201754622033,0.0,116,106,0,0,106,99,37320,10,0,0,10,7
2020-06-17,US,Tennessee,Fayette,186,2,0,35.19615831,-89.41399032,47047.0,452.1916709211582,1.075268817204301,184,183,2,0,181,177,40507,3,0,0,3,6
2020-06-17,US,Tennessee,Fentress,15,0,0,36.38128818,-84.92870012,47049.0,80.98040274253631,0.0,15,15,0,0,15,14,18217,0,0,0,0,1
2020-06-17,US,Tennessee,Franklin,64,2,0,35.15634626,-86.09201039,47051.0,151.6300227445034,3.125,62,63,2,0,61,63,41890,1,0,0,1,0
2020-06-17,US,Tennessee,Gibson,69,1,0,35.99438059,-88.93358327,47053.0,140.43514542161074,1.4492753623188406,68,69,1,0,68,69,49045,0,0,0,0,0
2020-06-17,US,Tennessee,Giles,23,0,0,35.20222469,-87.03992678,47055.0,78.06136301927776,0.0,23,22,0,0,22,23,29503,1,0,0,1,-1
2020-06-17,US,Tennessee,Grainger,22,0,0,36.27469206,-83.51254721,47057.0,94.33962264150944,0.0,22,22,0,0,22,20,23145,0,0,0,0,2
2020-06-17,US,Tennessee,Greene,55,2,0,36.17470125,-82.84691273,47059.0,79.63051441312311,3.636363636363636,53,55,2,0,53,53,69087,0,0,0,0,2
2020-06-17,US,Tennessee,Grundy,37,1,0,35.38433717,-85.72142731,47061.0,275.5641617636106,2.702702702702702,36,36,1,0,35,36,13346,1,0,0,1,0
2020-06-17,US,Tennessee,Hamblen,92,4,0,36.21990035,-83.26586179,47063.0,141.68232359010688,4.3478260869565215,88,88,3,0,85,75,64569,4,1,0,3,13
2020-06-17,US,Tennessee,Hamilton,1881,21,0,35.17670231,-85.16652245,47065.0,511.41368772498396,1.116427432216906,1860,1836,21,0,1815,1731,364286,45,0,0,45,105
2020-06-17,US,Tennessee,Hancock,1,0,0,36.52692871,-83.22375847,47067.0,15.105740181268883,0.0,1,1,0,0,1,1,6549,0,0,0,0,0
2020-06-17,US,Tennessee,Hardeman,226,0,0,35.20772017,-88.99161161,47069.0,902.1956087824353,0.0,226,225,0,0,225,220,25220,1,0,0,1,5
2020-06-17,US,Tennessee,Hardin,44,5,0,35.19732531,-88.18593755,47071.0,171.52658662092625,11.363636363636365,39,40,5,0,35,37,25776,4,0,0,4,3
2020-06-17,US,Tennessee,Hawkins,37,2,0,36.44355426,-82.94885298,47073.0,65.1569048709189,5.405405405405406,35,35,2,0,33,34,56530,2,0,0,2,1
2020-06-17,US,Tennessee,Haywood,39,2,0,35.58332824,-89.28536625,47075.0,225.381414701803,5.128205128205129,37,37,2,0,35,37,17335,2,0,0,2,0
2020-06-17,US,Tennessee,Henderson,19,0,0,35.65581134,-88.38600175,47077.0,67.57477682540812,0.0,19,19,0,0,19,19,27847,0,0,0,0,0
2020-06-17,US,Tennessee,Henry,35,0,0,36.33160906,-88.30121797,47079.0,108.20837842015769,0.0,35,35,0,0,35,35,32358,0,0,0,0,0
2020-06-17,US,Tennessee,Hickman,62,0,0,35.80609681,-87.47643507,47081.0,246.2467233298912,0.0,62,62,0,0,62,62,25063,0,0,0,0,0
2020-06-17,US,Tennessee,Houston,10,0,0,36.28872054,-87.71878828,47083.0,121.93634922570419,0.0,10,10,0,0,10,10,8263,0,0,0,0,0
2020-06-17,US,Tennessee,Humphreys,18,1,0,36.03958805,-87.77992872,47085.0,96.867936712948,5.5555555555555545,17,18,1,0,17,18,18486,0,0,0,0,0
2020-06-17,US,Tennessee,Jackson,20,0,0,36.36380466,-85.67239905,47087.0,169.6928559307653,0.0,20,20,0,0,20,20,11758,0,0,0,0,0
2020-06-17,US,Tennessee,Jefferson,48,0,0,36.04818632,-83.45148924,47089.0,88.08147536471235,0.0,48,46,0,0,46,45,54012,2,0,0,2,1
2020-06-17,US,Tennessee,Johnson,25,0,0,36.45523950000001,-81.84886538,47091.0,140.54418709242185,0.0,25,25,0,0,25,25,17778,0,0,0,0,0
2020-06-17,US,Tennessee,Knox,573,5,0,35.99508821,-83.94635435,47093.0,121.83375751892888,0.8726003490401396,568,569,5,0,564,560,465289,4,0,0,4,9
2020-06-17,US,Tennessee,Lake,689,0,0,36.34180170000001,-89.48921915,47095.0,9820.410490307868,0.0,689,689,0,0,689,691,7411,0,0,0,0,-2
2020-06-17,US,Tennessee,Lauderdale,71,1,0,35.75893438,-89.63015909999999,47097.0,276.98669683610973,1.4084507042253518,70,68,1,0,67,65,25825,3,0,0,3,3
2020-06-17,US,Tennessee,Lawrence,72,2,0,35.21675201,-87.39787695,47099.0,163.10996330025824,2.7777777777777777,70,70,2,0,68,65,43734,2,0,0,2,5
2020-06-17,US,Tennessee,Lewis,5,0,0,35.52853208,-87.49022694,47101.0,40.75643951744376,0.0,5,5,0,0,5,6,12086,0,0,0,0,-1
2020-06-17,US,Tennessee,Lincoln,48,0,0,35.13738622,-86.58910106,47103.0,139.672932549613,0.0,48,47,0,0,47,47,34117,1,0,0,1,0
2020-06-17,US,Tennessee,Loudon,214,1,0,35.73939663,-84.31145275,47105.0,395.79788414589035,0.4672897196261682,213,210,1,0,209,199,53054,4,0,0,4,11
2020-06-17,US,Tennessee,Macon,209,3,0,36.53157855,-86.00778595,47111.0,849.5244289082189,1.4354066985645932,206,209,3,0,206,207,24265,0,0,0,0,2
2020-06-17,US,Tennessee,Madison,188,2,0,35.61181957,-88.84076036,47113.0,191.86806009144348,1.0638297872340423,186,183,2,0,181,184,97605,5,0,0,5,-1
2020-06-17,US,Tennessee,Marion,49,2,0,35.12997174,-85.62265895,47115.0,169.50911543916698,4.081632653061225,47,49,2,0,47,49,28575,0,0,0,0,0
2020-06-17,US,Tennessee,Marshall,44,1,0,35.45798777,-86.76420988,47117.0,128.0,2.272727272727273,43,43,1,0,42,41,33683,1,0,0,1,2
2020-06-17,US,Tennessee,Maury,177,1,0,35.618741299999996,-87.07462444,47119.0,183.63472252482185,0.5649717514124294,176,171,1,0,170,163,94340,6,0,0,6,8
2020-06-17,US,Tennessee,McMinn,170,15,0,35.42812616,-84.61520715,47107.0,316.02037401940737,8.823529411764708,155,169,15,0,154,168,53285,1,0,0,1,1
2020-06-17,US,Tennessee,McNairy,33,0,0,35.17468549,-88.5647812,47109.0,128.43465400482606,0.0,33,31,0,0,31,31,25832,2,0,0,2,0
2020-06-17,US,Tennessee,Meigs,29,0,0,35.51558739,-84.81482914,47121.0,233.45677024633721,0.0,29,30,0,0,30,29,12306,-1,0,0,-1,1
2020-06-17,US,Tennessee,Monroe,93,4,0,35.44550387,-84.24902965,47123.0,199.8066387367064,4.301075268817204,89,91,4,0,87,86,46357,2,0,0,2,5
2020-06-17,US,Tennessee,Montgomery,341,5,0,36.49609412,-87.38550661,47125.0,163.16335953835775,1.4662756598240467,336,341,5,0,336,339,205950,0,0,0,0,2
2020-06-17,US,Tennessee,Moore,5,0,0,35.27724699,-86.36230578,47127.0,77.06535141800245,0.0,5,5,0,0,5,5,6411,0,0,0,0,0
2020-06-17,US,Tennessee,Morgan,21,1,0,36.13248031,-84.64880098,47129.0,98.11708638975844,4.761904761904762,20,21,1,0,20,20,21579,0,0,0,0,1
2020-06-17,US,Tennessee,Obion,67,1,0,36.35732446,-89.14921589,47131.0,222.82084538893884,1.492537313432836,66,67,1,0,66,63,30267,0,0,0,0,4
2020-06-17,US,Tennessee,Out of TN,463,7,0,0.0,0.0,80047.0,0.0,1.5118790496760257,456,463,7,0,456,463,,0,0,0,0,0
2020-06-17,US,Tennessee,Overton,38,0,0,36.34117832,-85.28989535,47133.0,170.85562699518906,0.0,38,38,0,0,38,38,22068,0,0,0,0,0
2020-06-17,US,Tennessee,Perry,28,0,0,35.63708728,-87.86139634,47135.0,346.7062902426944,0.0,28,28,0,0,28,27,8064,0,0,0,0,1
2020-06-17,US,Tennessee,Pickett,4,0,0,36.55606529,-85.07763299999998,47137.0,79.23930269413628,0.0,4,4,0,0,4,4,5082,0,0,0,0,0
2020-06-17,US,Tennessee,Polk,32,0,0,35.12245443,-84.52075859,47139.0,190.11406844106463,0.0,32,29,0,0,29,29,16898,3,0,0,3,0
2020-06-17,US,Tennessee,Putnam,612,6,0,36.14005459,-85.50646123,47141.0,762.6643404573492,0.9803921568627452,606,613,6,0,607,610,78843,-1,0,0,-1,3
2020-06-17,US,Tennessee,Rhea,243,0,0,35.60536161,-84.93076643,47143.0,732.6559532065004,0.0,243,239,0,0,239,239,33044,4,0,0,4,0
2020-06-17,US,Tennessee,Roane,32,0,0,35.84923189,-84.52458689,47145.0,59.94529991382864,0.0,32,32,0,0,32,33,53140,0,0,0,0,-1
2020-06-17,US,Tennessee,Robertson,658,9,0,36.52454807,-86.87346725,47147.0,916.2686421678526,1.3677811550151977,649,657,9,0,648,649,71012,1,0,0,1,8
2020-06-17,US,Tennessee,Rutherford,1851,31,0,35.84591405,-86.4107263,47149.0,557.0519283145493,1.6747703943814154,1820,1820,31,0,1789,1775,324890,31,0,0,31,45
2020-06-17,US,Tennessee,Scott,14,0,0,36.42325673,-84.50360494,47151.0,63.44027551205365,0.0,14,14,0,0,14,14,22039,0,0,0,0,0
2020-06-17,US,Tennessee,Sequatchie,23,0,0,35.36979721,-85.41022136,47153.0,153.06801543990414,0.0,23,22,0,0,22,22,14876,1,0,0,1,0
2020-06-17,US,Tennessee,Sevier,297,3,0,35.78077323,-83.52244332,47155.0,302.29007633587787,1.0101010101010102,294,285,2,0,283,248,97892,12,1,0,11,37
2020-06-17,US,Tennessee,Shelby,7183,155,0,35.1864775,-89.89692423,47157.0,766.4597307200645,2.1578727551162467,7028,7104,155,0,6949,6954,935764,79,0,0,79,150
2020-06-17,US,Tennessee,Smith,43,1,0,36.25359775,-85.95411046,47159.0,213.32539564419307,2.3255813953488373,42,43,1,0,42,41,19942,0,0,0,0,2
2020-06-17,US,Tennessee,Stewart,16,0,0,36.50235092,-87.83920548,47161.0,116.66059059423988,0.0,16,16,0,0,16,16,13561,0,0,0,0,0
2020-06-17,US,Tennessee,Sullivan,71,2,0,36.51240691,-82.30412917,47163.0,44.837951852881005,2.8169014084507036,69,70,2,0,68,70,157668,1,0,0,1,0
2020-06-17,US,Tennessee,Sumner,1119,48,0,36.46824103,-86.45917204,47165.0,584.9970985398597,4.289544235924933,1071,1112,48,0,1064,1105,187149,7,0,0,7,7
2020-06-17,US,Tennessee,Tipton,534,4,0,35.501942,-89.73694895,47167.0,866.8971898894463,0.7490636704119851,530,525,3,0,522,520,61581,9,1,0,8,5
2020-06-17,US,Tennessee,Trousdale,1460,4,0,36.39026213,-86.16087954,47169.0,12938.67422899681,0.273972602739726,1456,1460,4,0,1456,1458,11012,0,0,0,0,2
2020-06-17,US,Tennessee,Unassigned,152,0,0,0.0,0.0,90047.0,0.0,0.0,152,152,0,0,152,152,,0,0,0,0,0
2020-06-17,US,Tennessee,Unicoi,52,0,0,36.10890856,-82.43709629,47171.0,290.77895207739186,0.0,52,52,0,0,52,53,17761,0,0,0,0,-1
2020-06-17,US,Tennessee,Union,9,0,0,36.28590426,-83.83651902,47173.0,45.063088323653105,0.0,9,9,0,0,9,8,19688,0,0,0,0,1
2020-06-17,US,Tennessee,Van Buren,5,0,0,35.69864497,-85.45221699,47175.0,85.14986376021798,0.0,5,5,0,0,5,5,5765,0,0,0,0,0
2020-06-17,US,Tennessee,Warren,35,0,0,35.672829899999996,-85.77969117,47177.0,84.7929839862393,0.0,35,35,0,0,35,33,40878,0,0,0,0,2
2020-06-17,US,Tennessee,Washington,93,0,0,36.29472368,-82.49454720000001,47179.0,71.8840579710145,0.0,93,91,0,0,91,90,128607,2,0,0,2,1
2020-06-17,US,Tennessee,Wayne,64,0,0,35.23868267,-87.78644456,47181.0,383.85413542853723,0.0,64,64,0,0,64,64,16558,0,0,0,0,0
2020-06-17,US,Tennessee,Weakley,35,0,0,36.29896232,-88.71990865,47183.0,105.01680268843016,0.0,35,32,0,0,32,30,33415,3,0,0,3,2
2020-06-17,US,Tennessee,White,50,2,0,35.92929884,-85.45591799,47185.0,182.848784055586,4.0,48,49,2,0,47,48,27107,1,0,0,1,1
2020-06-17,US,Tennessee,Williamson,730,12,0,35.89099229,-86.89281867,47187.0,306.1926413100012,1.643835616438356,718,723,12,0,711,703,231729,7,0,0,7,20
2020-06-17,US,Tennessee,Wilson,544,14,0,36.15496772,-86.29775884,47189.0,376.0619949259282,2.573529411764706,530,537,14,0,523,518,140625,7,0,0,7,19
2020-06-17,US,Texas,Anderson,990,2,0,31.81534745,-95.65354823,48001.0,1714.7310989867499,0.202020202020202,988,102,2,0,100,102,58057,888,0,0,888,0
2020-06-17,US,Texas,Andrews,30,0,0,32.30468633,-102.63765479999999,48003.0,160.38492381716117,0.0,30,30,0,0,30,28,18128,0,0,0,0,2
2020-06-17,US,Texas,Angelina,352,5,0,31.25457347,-94.60901487,48005.0,405.92746352995437,1.4204545454545454,347,331,5,0,326,309,87092,21,0,0,21,22
2020-06-17,US,Texas,Aransas,7,0,0,28.10556197,-96.9995047,48007.0,29.774564015312638,0.0,7,7,0,0,7,6,23792,0,0,0,0,1
2020-06-17,US,Texas,Archer,3,0,0,33.61569967,-98.68754589,48009.0,35.0754121360926,0.0,3,3,0,0,3,3,8786,0,0,0,0,0
2020-06-17,US,Texas,Armstrong,3,0,0,34.96507426,-101.35748740000001,48011.0,158.9825119236884,0.0,3,2,0,0,2,2,1892,1,0,0,1,0
2020-06-17,US,Texas,Atascosa,42,2,0,28.89333001,-98.52730485,48013.0,82.106621312533,4.761904761904762,40,42,2,0,40,42,50310,0,0,0,0,0
2020-06-17,US,Texas,Austin,37,0,0,29.88548725,-96.27736949,48015.0,123.2019179541822,0.0,37,36,0,0,36,34,29989,1,0,0,1,2
2020-06-17,US,Texas,Bailey,52,0,0,34.06854817,-102.8299707,48017.0,742.8571428571429,0.0,52,40,0,0,40,34,7027,12,0,0,12,6
2020-06-17,US,Texas,Bandera,7,0,0,29.74619598,-99.24598147,48019.0,30.28729664243683,0.0,7,7,0,0,7,7,22824,0,0,0,0,0
2020-06-17,US,Texas,Bastrop,338,4,0,30.10370699,-97.31206354,48021.0,380.9609684072901,1.183431952662722,334,313,4,0,309,295,86976,25,0,0,25,18
2020-06-17,US,Texas,Baylor,1,0,0,33.61640794,-99.21352901,48023.0,28.498147620404676,0.0,1,1,0,0,1,1,3582,0,0,0,0,0
2020-06-17,US,Texas,Bee,32,0,0,28.41761668,-97.74215593,48025.0,98.26500844464917,0.0,32,32,0,0,32,31,32587,0,0,0,0,1
2020-06-17,US,Texas,Bell,672,7,0,31.03736027,-97.4785025,48027.0,185.1627337955054,1.0416666666666667,665,651,7,0,644,629,355642,21,0,0,21,22
2020-06-17,US,Texas,Bexar,4876,89,0,29.44928723,-98.52019748,48029.0,243.3675358887257,1.8252666119770304,4787,4437,89,0,4348,4393,1986049,439,0,0,439,44
2020-06-17,US,Texas,Blanco,12,1,0,30.26640707,-98.3999852,48031.0,100.57832537088258,8.333333333333334,11,11,1,0,10,11,11702,1,0,0,1,0
2020-06-17,US,Texas,Bosque,7,0,0,31.89978581,-97.63613524,48035.0,37.46320578003746,0.0,7,7,0,0,7,7,18691,0,0,0,0,0
2020-06-17,US,Texas,Bowie,381,8,0,33.44626922,-94.41834132,48037.0,408.6009973725133,2.0997375328083994,373,377,8,0,369,372,94324,4,0,0,4,5
2020-06-17,US,Texas,Brazoria,1525,18,0,29.18757369,-95.44563172,48039.0,407.4663873629309,1.180327868852459,1507,1495,18,0,1477,864,370200,30,0,0,30,631
2020-06-17,US,Texas,Brazos,880,25,0,30.663644800000004,-96.30205577,48041.0,383.9257278228357,2.8409090909090913,855,821,25,0,796,803,226758,59,0,0,59,18
2020-06-17,US,Texas,Brewster,18,0,0,29.81008251,-103.25203259999999,48043.0,195.5883950885581,0.0,18,13,0,0,13,11,9267,5,0,0,5,2
2020-06-17,US,Texas,Briscoe,1,0,0,34.53026962,-101.2084947,48045.0,64.68305304010349,0.0,1,1,0,0,1,1,1516,0,0,0,0,0
2020-06-17,US,Texas,Brooks,3,0,0,27.03103197,-98.21808402,48047.0,42.295220640067676,0.0,3,3,0,0,3,2,7114,0,0,0,0,1
2020-06-17,US,Texas,Brown,61,10,0,31.77430356,-98.99907113,48049.0,161.10289457004015,16.393442622950822,51,61,10,0,51,60,37924,0,0,0,0,1
2020-06-17,US,Texas,Burleson,48,0,0,30.49273808,-96.62158484,48051.0,260.26134576804213,0.0,48,45,0,0,45,41,18389,3,0,0,3,4
2020-06-17,US,Texas,Burnet,66,1,0,30.78801353,-98.181887,48053.0,137.05741875194684,1.5151515151515151,65,62,1,0,61,62,47542,4,0,0,4,0
2020-06-17,US,Texas,Caldwell,170,1,0,29.83668859,-97.61814775,48055.0,389.33675338952,0.5882352941176471,169,157,0,0,157,147,43247,13,1,0,12,10
2020-06-17,US,Texas,Calhoun,46,3,0,28.47048236,-96.61633945,48057.0,216.06387975575387,6.521739130434782,43,46,3,0,43,46,21561,0,0,0,0,0
2020-06-17,US,Texas,Callahan,13,2,0,32.29760619,-99.37326312,48059.0,93.23674962346699,15.384615384615385,11,13,2,0,11,13,13994,0,0,0,0,0
2020-06-17,US,Texas,Cameron,1236,45,0,26.14524221,-97.48140372,48061.0,292.08602831533005,3.6407766990291264,1191,1178,44,0,1134,1138,423908,58,1,0,57,40
2020-06-17,US,Texas,Camp,109,1,0,32.97195142,-94.97790104,48063.0,832.4423400030548,0.9174311926605504,108,109,1,0,108,108,13033,0,0,0,0,1
2020-06-17,US,Texas,Carson,6,0,0,35.40365929,-101.35426690000001,48065.0,101.24873439082012,0.0,6,6,0,0,6,6,6005,0,0,0,0,0
2020-06-17,US,Texas,Cass,35,2,0,33.07499881,-94.34646905,48067.0,116.56564310930528,5.7142857142857135,33,34,2,0,32,34,30119,1,0,0,1,0
2020-06-17,US,Texas,Castro,48,1,0,34.53016752,-102.2617243,48069.0,637.4501992031873,2.083333333333333,47,48,1,0,47,42,7665,0,0,0,0,6
2020-06-17,US,Texas,Chambers,128,1,0,29.70972016,-94.67154501,48071.0,291.99078404087874,0.78125,127,116,1,0,115,109,42454,12,0,0,12,7
2020-06-17,US,Texas,Cherokee,61,2,0,31.837258000000002,-95.16559897,48073.0,115.8682520989249,3.278688524590164,59,61,2,0,59,54,52592,0,0,0,0,7
2020-06-17,US,Texas,Childress,6,0,0,34.529304100000004,-100.2077916,48075.0,82.12428141253764,0.0,6,6,0,0,6,6,7291,0,0,0,0,0
2020-06-17,US,Texas,Clay,5,0,0,33.78686685,-98.20771198,48077.0,47.75093114315729,0.0,5,5,0,0,5,5,10456,0,0,0,0,0
2020-06-17,US,Texas,Cochran,1,0,0,33.60425307,-102.82844990000001,48079.0,35.05082369435681,0.0,1,1,0,0,1,1,2836,0,0,0,0,0
2020-06-17,US,Texas,Coke,4,0,0,31.88911733,-100.5297533,48081.0,118.09861234130501,0.0,4,4,0,0,4,4,3370,0,0,0,0,0
2020-06-17,US,Texas,Coleman,3,0,0,31.76736834,-99.45240766,48083.0,36.697247706422026,0.0,3,3,0,0,3,3,8397,0,0,0,0,0
2020-06-17,US,Texas,Collin,1866,38,0,33.18820114,-96.57264368,48085.0,180.336899481024,2.0364415862808145,1828,1787,38,0,1749,1667,1005146,79,0,0,79,120
2020-06-17,US,Texas,Collingsworth,5,0,0,34.96489496,-100.27001109999999,48087.0,171.23287671232876,0.0,5,5,0,0,5,5,2962,0,0,0,0,0
2020-06-17,US,Texas,Colorado,41,0,0,29.622097999999998,-96.5273805,48089.0,190.75978225468756,0.0,41,36,0,0,36,34,21217,5,0,0,5,2
2020-06-17,US,Texas,Comal,197,7,0,29.80811278,-98.27647225,48091.0,126.11309207536057,3.5532994923857872,190,159,7,0,152,159,148373,38,0,0,38,0
2020-06-17,US,Texas,Comanche,14,1,0,31.94854689,-98.55876441,48093.0,102.67693436010269,7.142857142857142,13,14,1,0,13,12,13534,0,0,0,0,2
2020-06-17,US,Texas,Concho,1,0,0,31.32635934,-99.86473038,48095.0,36.683785766691116,0.0,1,1,0,0,1,1,4276,0,0,0,0,0
2020-06-17,US,Texas,Cooke,26,0,0,33.63979567,-97.21240912,48097.0,63.01960879365926,0.0,26,24,0,0,24,23,40574,2,0,0,2,1
2020-06-17,US,Texas,Coryell,303,2,0,31.39078397,-97.79936155,48099.0,398.9414227594106,0.6600660066006601,301,300,2,0,298,300,74808,3,0,0,3,0
2020-06-17,US,Texas,Cottle,4,1,0,34.07783319,-100.27850620000001,48101.0,286.12303290414883,25.0,3,4,1,0,3,4,1389,0,0,0,0,0
2020-06-17,US,Texas,Crane,39,5,0,31.43052248,-102.5143314,48103.0,813.0081300813008,12.82051282051282,34,39,5,0,34,32,4794,0,0,0,0,7
2020-06-17,US,Texas,Crockett,5,0,0,30.72367027,-101.4134238,48105.0,144.3418013856813,0.0,5,5,0,0,5,5,3499,0,0,0,0,0
2020-06-17,US,Texas,Crosby,8,1,0,33.61431553,-101.30003640000001,48107.0,139.44570332926614,12.5,7,7,1,0,6,4,5779,1,0,0,1,3
2020-06-17,US,Texas,Dallam,39,1,0,36.27787176,-102.60207249999999,48111.0,535.1996706463565,2.5641025641025643,38,36,1,0,35,35,7200,3,0,0,3,1
2020-06-17,US,Texas,Dallas,15256,302,0,32.76670599,-96.77796049999999,48113.0,578.8619761746846,1.9795490298898797,14954,14843,293,0,14550,14537,2637772,413,9,0,404,306
2020-06-17,US,Texas,Dawson,45,1,0,32.74255572,-101.94772420000001,48115.0,353.55122564424886,2.2222222222222223,44,45,1,0,44,45,12619,0,0,0,0,0
2020-06-17,US,Texas,DeWitt,31,1,0,29.08101855,-97.35681170000001,48123.0,153.7698412698413,3.2258064516129035,30,31,1,0,30,28,20187,0,0,0,0,3
2020-06-17,US,Texas,Deaf Smith,223,16,0,34.96522957,-102.6054267,48117.0,1202.4156152270032,7.174887892376683,207,222,14,0,208,212,18760,1,2,0,-1,10
2020-06-17,US,Texas,Delta,3,0,0,33.38570922,-95.66921122,48119.0,56.27462014631402,0.0,3,2,0,0,2,2,5349,1,0,0,1,0
2020-06-17,US,Texas,Denton,1812,36,0,33.20521901,-97.11691153,48121.0,204.23644087569198,1.9867549668874167,1776,1772,36,0,1736,1736,859064,40,0,0,40,36
2020-06-17,US,Texas,Dickens,2,0,0,33.61616822,-100.7788855,48125.0,90.45680687471732,0.0,2,2,0,0,2,2,2249,0,0,0,0,0
2020-06-17,US,Texas,Dimmit,1,0,0,28.42270064,-99.75645095,48127.0,9.877518767285656,0.0,1,1,0,0,1,1,10308,0,0,0,0,0
2020-06-17,US,Texas,Donley,27,0,0,34.96517499,-100.8140093,48129.0,823.672971323978,0.0,27,28,0,0,28,28,3319,-1,0,0,-1,0
2020-06-17,US,Texas,Duval,5,0,0,27.68184592,-98.50864568,48131.0,44.81491440351349,0.0,5,5,0,0,5,5,11212,0,0,0,0,0
2020-06-17,US,Texas,Eastland,7,0,0,32.32743996,-98.83243566,48133.0,38.12636165577342,0.0,7,7,0,0,7,7,18322,0,0,0,0,0
2020-06-17,US,Texas,Ector,275,7,0,31.86898877,-102.54294279999999,48135.0,165.4404023510585,2.5454545454545454,268,260,6,0,254,238,162124,15,1,0,14,22
2020-06-17,US,Texas,El Paso,3999,113,0,31.76980765,-106.23632749999999,48141.0,476.50368548611954,2.825706426606652,3886,3948,109,0,3839,3911,840758,51,4,0,47,37
2020-06-17,US,Texas,Ellis,470,19,0,32.34894117,-96.79371841,48139.0,254.29322714336726,4.042553191489361,451,458,19,0,439,448,179436,12,0,0,12,10
2020-06-17,US,Texas,Erath,41,1,0,32.23602653,-98.21773417,48143.0,96.02323293831093,2.4390243902439024,40,37,1,0,36,36,42446,4,0,0,4,1
2020-06-17,US,Texas,Falls,19,0,0,31.25350609,-96.93630086,48145.0,109.84563797190263,0.0,19,18,0,0,18,17,17335,1,0,0,1,1
2020-06-17,US,Texas,Fannin,59,6,0,33.59564294,-96.10751083,48147.0,166.13166638508758,10.169491525423727,53,55,6,0,49,54,35286,4,0,0,4,1
2020-06-17,US,Texas,Fayette,52,2,0,29.87788372,-96.92076062,48149.0,205.16057760593387,3.8461538461538463,50,45,2,0,43,44,25349,7,0,0,7,1
2020-06-17,US,Texas,Fisher,2,1,0,32.74281316,-100.40193020000001,48151.0,52.219321148825074,50.0,1,2,1,0,1,2,3839,0,0,0,0,0
2020-06-17,US,Texas,Floyd,16,1,0,34.07227468,-101.3031546,48153.0,280.11204481792714,6.25,15,16,1,0,15,16,5837,0,0,0,0,0
2020-06-17,US,Texas,Fort Bend,2496,50,0,29.52704478,-95.77219463,48157.0,307.5073180828101,2.003205128205128,2446,2402,49,0,2353,2385,787858,94,1,0,93,17
2020-06-17,US,Texas,Franklin,29,0,0,33.17653242,-95.21917243,48159.0,270.3962703962704,0.0,29,27,0,0,27,27,10766,2,0,0,2,0
2020-06-17,US,Texas,Freestone,17,0,0,31.70422788,-96.15072516,48161.0,86.22001318659025,0.0,17,17,0,0,17,15,19808,0,0,0,0,2
2020-06-17,US,Texas,Frio,80,0,0,28.86751206,-99.10804207,48163.0,393.97222495814043,0.0,80,79,0,0,79,79,19816,1,0,0,1,0
2020-06-17,US,Texas,Gaines,14,0,0,32.74055318,-102.6353295,48165.0,65.14051740182393,0.0,14,14,0,0,14,14,20901,0,0,0,0,0
2020-06-17,US,Texas,Galveston,1378,40,0,29.40167322,-94.90469073,48167.0,402.7602816399183,2.902757619738752,1338,1312,40,0,1272,1255,337890,66,0,0,66,57
2020-06-17,US,Texas,Garza,7,0,0,33.17969345,-101.2984114,48169.0,112.37758869802536,0.0,7,7,0,0,7,6,6578,0,0,0,0,1
2020-06-17,US,Texas,Gillespie,9,0,0,30.31824095,-98.94676915,48171.0,33.34815473543797,0.0,9,9,0,0,9,6,26804,0,0,0,0,3
2020-06-17,US,Texas,Glasscock,3,0,0,31.86942909,-101.5207776,48173.0,212.91696238467,0.0,3,3,0,0,3,2,1388,0,0,0,0,1
2020-06-17,US,Texas,Goliad,7,0,0,28.65696592,-97.42760647,48175.0,91.40767824497256,0.0,7,7,0,0,7,7,7584,0,0,0,0,0
2020-06-17,US,Texas,Gonzales,172,4,0,29.45634206,-97.49424032,48177.0,825.4547199692854,2.3255813953488373,168,169,4,0,165,166,20826,3,0,0,3,3
2020-06-17,US,Texas,Gray,111,4,0,35.40081878,-100.8129222,48179.0,507.1735355935301,3.603603603603604,107,111,3,0,108,111,21895,0,1,0,-1,0
2020-06-17,US,Texas,Grayson,473,4,0,33.62744998,-96.67753461,48181.0,347.2528117933809,0.8456659619450317,469,440,4,0,436,438,133991,33,0,0,33,2
2020-06-17,US,Texas,Gregg,296,12,0,32.47940482,-94.81591935,48183.0,238.81560369518738,4.0540540540540535,284,285,12,0,273,278,123707,11,0,0,11,7
2020-06-17,US,Texas,Grimes,287,2,0,30.54579585,-95.98902499,48185.0,993.7673130193906,0.6968641114982579,285,281,2,0,279,274,28360,6,0,0,6,7
2020-06-17,US,Texas,Guadalupe,184,0,0,29.58165339,-97.94786822,48187.0,110.28067630823448,0.0,184,175,0,0,175,171,163694,9,0,0,9,4
2020-06-17,US,Texas,Hale,110,5,0,34.07044901,-101.82681140000001,48189.0,329.2821648805604,4.545454545454546,105,100,5,0,95,85,33830,10,0,0,10,15
2020-06-17,US,Texas,Hall,2,1,0,34.5307555,-100.68138520000001,48191.0,67.47638326585695,50.0,1,2,1,0,1,2,3028,0,0,0,0,0
2020-06-17,US,Texas,Hamilton,18,1,0,31.70470573,-98.11083887,48193.0,212.7408107788677,5.5555555555555545,17,15,1,0,14,11,8484,3,0,0,3,4
2020-06-17,US,Texas,Hansford,23,2,0,36.27743284,-101.3545796,48195.0,426.0048157066124,8.695652173913043,21,23,2,0,21,21,5463,0,0,0,0,2
2020-06-17,US,Texas,Hardeman,4,0,0,34.28944521,-99.74632408,48197.0,101.70353419781335,0.0,4,4,0,0,4,4,3922,0,0,0,0,0
2020-06-17,US,Texas,Hardin,155,5,0,30.33364686,-94.38931817,48199.0,269.087878893094,3.2258064516129035,150,147,5,0,142,146,57207,8,0,0,8,1
2020-06-17,US,Texas,Harris,18157,298,0,29.86,-95.39,48201.0,385.22698943951457,1.641240292999945,17859,17707,289,0,17418,17282,4698619,450,9,0,441,425
2020-06-17,US,Texas,Harrison,269,29,0,32.54935988,-94.36934071,48203.0,404.1891424879419,10.780669144981413,240,269,29,0,240,270,66726,0,0,0,0,-1
2020-06-17,US,Texas,Hartley,13,2,0,35.84008013,-102.6029022,48205.0,233.14203730272598,15.384615384615385,11,13,2,0,11,13,5619,0,0,0,0,0
2020-06-17,US,Texas,Haskell,4,0,0,33.17823584,-99.73037358,48207.0,70.69635913750443,0.0,4,4,0,0,4,4,5813,0,0,0,0,0
2020-06-17,US,Texas,Hays,1093,5,0,30.05669873,-98.02944344,48209.0,474.8230817017173,0.4574565416285453,1088,938,5,0,933,673,222631,155,0,0,155,265
2020-06-17,US,Texas,Hemphill,2,0,0,35.83764858,-100.2703577,48211.0,52.36973029588898,0.0,2,1,0,0,1,1,3825,1,0,0,1,0
2020-06-17,US,Texas,Henderson,85,3,0,32.21128872,-95.85846587,48213.0,102.73517289725274,3.5294117647058822,82,82,3,0,79,80,82299,3,0,0,3,2
2020-06-17,US,Texas,Hidalgo,1255,17,0,26.39418217,-98.18299696,48215.0,144.46758228033158,1.3545816733067728,1238,1112,15,0,1097,1050,865939,143,2,0,141,62
2020-06-17,US,Texas,Hill,41,1,0,31.99045053,-97.13423143,48217.0,111.87208382220524,2.4390243902439024,40,38,1,0,37,36,36354,3,0,0,3,2
2020-06-17,US,Texas,Hockley,29,1,0,33.60771256,-102.3431676,48219.0,125.97193866469743,3.4482758620689653,28,28,1,0,27,28,22980,1,0,0,1,0
2020-06-17,US,Texas,Hood,35,4,0,32.42990927,-97.83242024,48221.0,56.778547442531995,11.428571428571427,31,35,4,0,31,35,60537,0,0,0,0,0
2020-06-17,US,Texas,Hopkins,44,0,0,33.14875072,-95.56351139,48223.0,118.64955236759786,0.0,44,44,0,0,44,41,36810,0,0,0,0,3
2020-06-17,US,Texas,Houston,148,0,0,31.31925973,-95.42226208,48225.0,644.3747823058168,0.0,148,147,0,0,147,156,23169,1,0,0,1,-9
2020-06-17,US,Texas,Howard,24,1,0,32.30621324,-101.4356444,48227.0,65.459306131355,4.166666666666667,23,23,1,0,22,18,36459,1,0,0,1,5
2020-06-17,US,Texas,Hudspeth,13,0,0,31.45628381,-105.388178,48229.0,266.06631191158414,0.0,13,13,0,0,13,13,4795,0,0,0,0,0
2020-06-17,US,Texas,Hunt,217,5,0,33.12351514,-96.08551032,48231.0,220.0945290788486,2.3041474654377883,212,185,5,0,180,185,96493,32,0,0,32,0
2020-06-17,US,Texas,Hutchinson,47,0,0,35.84006574,-101.3546643,48233.0,224.47225140892158,0.0,47,45,0,0,45,45,21198,2,0,0,2,0
2020-06-17,US,Texas,Irion,1,0,0,31.30375559,-100.982439,48235.0,65.10416666666667,0.0,1,1,0,0,1,1,1522,0,0,0,0,0
2020-06-17,US,Texas,Jack,4,0,0,33.23377248,-98.17283469,48237.0,44.76776720761052,0.0,4,4,0,0,4,4,8843,0,0,0,0,0
2020-06-17,US,Texas,Jackson,21,1,0,28.95472367,-96.57749563,48239.0,142.27642276422762,4.761904761904762,20,21,1,0,20,21,14874,0,0,0,0,0
2020-06-17,US,Texas,Jasper,33,1,0,30.74685667,-94.02667579,48241.0,92.8818711475133,3.0303030303030303,32,32,1,0,31,32,35872,1,0,0,1,0
2020-06-17,US,Texas,Jefferson,1319,32,0,29.8832777,-94.16434171,48245.0,524.3177707550733,2.4260803639120545,1287,1279,32,0,1247,1242,255001,40,0,0,40,37
2020-06-17,US,Texas,Jim Hogg,4,0,0,27.04453923,-98.69681870000001,48247.0,76.92307692307692,0.0,4,4,0,0,4,4,5248,0,0,0,0,0
2020-06-17,US,Texas,Jim Wells,19,0,0,27.73103938,-98.0904705,48249.0,46.93443999802381,0.0,19,18,0,0,18,18,40822,1,0,0,1,0
2020-06-17,US,Texas,Johnson,244,4,0,32.37877812,-97.36615819,48251.0,138.78066398584892,1.639344262295082,240,232,4,0,228,232,171361,12,0,0,12,0
2020-06-17,US,Texas,Jones,615,0,0,32.73997145,-99.87861576,48253.0,3062.2914903151923,0.0,615,630,0,0,630,631,19817,-15,0,0,-15,-1
2020-06-17,US,Texas,Karnes,7,0,0,28.90705334,-97.85960149,48255.0,44.86891865906031,0.0,7,4,0,0,4,4,15650,3,0,0,3,0
2020-06-17,US,Texas,Kaufman,343,4,0,32.599141700000004,-96.28734728,48257.0,251.9206192987353,1.1661807580174928,339,339,4,0,335,330,128622,4,0,0,4,9
2020-06-17,US,Texas,Kendall,36,0,0,29.94414155,-98.7113588,48259.0,75.89972802597455,0.0,36,36,0,0,36,36,45641,0,0,0,0,0
2020-06-17,US,Texas,Kerr,20,1,0,30.06040006,-99.34930144,48265.0,38.02281368821293,5.0,19,20,1,0,19,20,52405,0,0,0,0,0
2020-06-17,US,Texas,Kimble,1,0,0,30.48678918,-99.74856473,48267.0,23.057412958266077,0.0,1,1,0,0,1,1,4362,0,0,0,0,0
2020-06-17,US,Texas,Kinney,1,0,0,29.34967888,-100.41866379999999,48271.0,27.27024815925825,0.0,1,1,0,0,1,1,3767,0,0,0,0,0
2020-06-17,US,Texas,Kleberg,20,1,0,27.42435506,-97.69894948,48273.0,65.18904823989571,5.0,19,20,1,0,19,20,31129,0,0,0,0,0
2020-06-17,US,Texas,Knox,1,0,0,33.60519951,-99.74229059999999,48275.0,27.29257641921397,0.0,1,1,0,0,1,1,3653,0,0,0,0,0
2020-06-17,US,Texas,La Salle,5,0,0,28.34453111,-99.09908775,48283.0,66.48936170212765,0.0,5,4,0,0,4,4,7531,1,0,0,1,0
2020-06-17,US,Texas,Lamar,180,12,0,33.66981763,-95.57404777,48277.0,361.0180709601075,6.666666666666668,168,174,12,0,162,165,49728,6,0,0,6,9
2020-06-17,US,Texas,Lamb,25,0,0,34.06859623,-102.35162890000001,48279.0,193.903668657411,0.0,25,20,0,0,20,18,13158,5,0,0,5,2
2020-06-17,US,Texas,Lampasas,13,0,0,31.19531316,-98.24206613,48281.0,60.66828448758635,0.0,13,11,0,0,11,9,21229,2,0,0,2,2
2020-06-17,US,Texas,Lavaca,22,1,0,29.38508402,-96.93186692,48285.0,109.15947206509874,4.545454545454546,21,22,1,0,21,22,20110,0,0,0,0,0
2020-06-17,US,Texas,Lee,39,3,0,30.31120597,-96.97045773,48287.0,226.23121990834736,7.6923076923076925,36,36,2,0,34,35,17144,3,1,0,2,1
2020-06-17,US,Texas,Leon,13,0,0,31.29872538,-95.9936328,48289.0,74.6954723052172,0.0,13,12,0,0,12,11,17270,1,0,0,1,1
2020-06-17,US,Texas,Liberty,156,3,0,30.15152688,-94.81205615,48291.0,176.8326550969746,1.9230769230769231,153,137,3,0,134,127,86323,19,0,0,19,10
2020-06-17,US,Texas,Limestone,41,1,0,31.5454767,-96.58095444,48293.0,174.93706532406026,2.4390243902439024,40,40,1,0,39,39,23519,1,0,0,1,1
2020-06-17,US,Texas,Lipscomb,9,0,0,36.27783108,-100.27331509999999,48295.0,278.3792143519951,0.0,9,9,0,0,9,7,3355,0,0,0,0,2
2020-06-17,US,Texas,Live Oak,10,0,0,28.35101362,-98.1246786,48297.0,81.92020971573687,0.0,10,10,0,0,10,9,12166,0,0,0,0,1
2020-06-17,US,Texas,Llano,5,0,0,30.70645047,-98.68475262,48299.0,22.94104152328516,0.0,5,5,0,0,5,4,21646,0,0,0,0,1
2020-06-17,US,Texas,Lubbock,955,51,0,33.61008596,-101.82047890000001,48303.0,307.50010464663245,5.340314136125653,904,894,51,0,843,857,307412,61,0,0,61,37
2020-06-17,US,Texas,Lynn,21,1,0,33.17657705,-101.8162849,48305.0,352.88186859351373,4.761904761904762,20,21,1,0,20,19,5877,0,0,0,0,2
2020-06-17,US,Texas,Madison,23,0,0,30.96694679,-95.93003775,48313.0,161.01932231867823,0.0,23,22,0,0,22,20,14422,1,0,0,1,2
2020-06-17,US,Texas,Marion,21,1,0,32.79868409,-94.35661230000001,48315.0,213.11142683174344,4.761904761904762,20,21,1,0,20,21,9928,0,0,0,0,0
2020-06-17,US,Texas,Martin,4,1,0,32.30600051,-101.9513518,48317.0,69.31207762952694,25.0,3,4,1,0,3,4,5753,0,0,0,0,0
2020-06-17,US,Texas,Mason,33,0,0,30.71780434,-99.22629416,48319.0,772.1104351895182,0.0,33,33,0,0,33,33,4280,0,0,0,0,0
2020-06-17,US,Texas,Matagorda,94,5,0,28.81955746,-96.01230294,48321.0,256.5292143110553,5.319148936170213,89,85,5,0,80,81,36552,9,0,0,9,4
2020-06-17,US,Texas,Maverick,199,2,0,28.7429195,-100.3157686,48323.0,338.88491536391814,1.0050251256281406,197,199,2,0,197,160,58485,0,0,0,0,39
2020-06-17,US,Texas,McCulloch,4,0,0,31.1925468,-99.34682807,48307.0,50.100200400801604,0.0,4,4,0,0,4,3,7987,0,0,0,0,1
2020-06-17,US,Texas,McLennan,196,4,0,31.55255453,-97.20217694,48309.0,76.37663030983194,2.0408163265306123,192,178,4,0,174,163,254607,18,0,0,18,15
2020-06-17,US,Texas,Medina,227,2,0,29.355730100000002,-99.11030298,48325.0,440.0589330024814,0.8810572687224669,225,221,2,0,219,221,50921,6,0,0,6,0
2020-06-17,US,Texas,Midland,222,13,0,31.86904128,-102.03156820000001,48329.0,125.542888165038,5.855855855855856,209,222,13,0,209,201,172578,0,0,0,0,21
2020-06-17,US,Texas,Milam,48,1,0,30.78581830000001,-96.97718698,48331.0,193.36905289449302,2.083333333333333,47,44,1,0,43,44,25131,4,0,0,4,0
2020-06-17,US,Texas,Mills,1,0,0,31.49557106,-98.59272068,48333.0,20.521239482864765,0.0,1,1,0,0,1,1,4921,0,0,0,0,0
2020-06-17,US,Texas,Mitchell,2,0,0,32.30623474,-100.9212058,48335.0,23.405500292568757,0.0,2,2,0,0,2,2,8145,0,0,0,0,0
2020-06-17,US,Texas,Montague,9,1,0,33.67521893,-97.72500958,48337.0,45.41326067211626,11.111111111111109,8,9,1,0,8,9,19596,0,0,0,0,0
2020-06-17,US,Texas,Montgomery,1428,33,0,30.30079133,-95.50572772,48339.0,235.10391164834513,2.310924369747899,1395,1359,33,0,1326,1300,590925,69,0,0,69,59
2020-06-17,US,Texas,Moore,872,14,0,35.83769242,-101.8930281,48341.0,4164.278892072588,1.6055045871559632,858,872,14,0,858,873,21485,0,0,0,0,-1
2020-06-17,US,Texas,Morris,31,0,0,33.11304005,-94.73255695,48343.0,250.2421698417824,0.0,31,31,0,0,31,31,12339,0,0,0,0,0
2020-06-17,US,Texas,Motley,1,0,0,34.07408766,-100.77972199999999,48345.0,83.33333333333333,0.0,1,1,0,0,1,1,1234,0,0,0,0,0
2020-06-17,US,Texas,Nacogdoches,329,25,0,31.62017125,-94.61803994,48347.0,504.57027176246856,7.598784194528875,304,326,25,0,301,324,65711,3,0,0,3,2
2020-06-17,US,Texas,Navarro,98,4,0,32.04620681,-96.47428766,48349.0,195.55803883223916,4.081632653061225,94,98,4,0,94,87,49565,0,0,0,0,11
2020-06-17,US,Texas,Newton,6,0,0,30.78548982,-93.74408813,48351.0,44.13387274733358,0.0,6,6,0,0,6,6,13746,0,0,0,0,0
2020-06-17,US,Texas,Nolan,5,0,0,32.30365282,-100.4060208,48353.0,33.98124235422047,0.0,5,5,0,0,5,4,14751,0,0,0,0,1
2020-06-17,US,Texas,Nueces,391,4,0,27.736286,-97.5433285,48355.0,107.92339922825107,1.0230179028132993,387,360,4,0,356,336,362265,31,0,0,31,24
2020-06-17,US,Texas,Ochiltree,53,2,0,36.27829105,-100.8158184,48357.0,538.8369255795038,3.7735849056603774,51,53,2,0,51,53,9947,0,0,0,0,0
2020-06-17,US,Texas,Oldham,4,1,0,35.40425596,-102.6027606,48359.0,189.3939393939394,25.0,3,4,1,0,3,4,2131,0,0,0,0,0
2020-06-17,US,Texas,Orange,118,3,0,30.11879481,-93.89412775,48361.0,141.49359681519496,2.5423728813559316,115,107,2,0,105,106,83572,11,1,0,10,1
2020-06-17,US,Texas,Palo Pinto,14,2,0,32.75310985,-98.31319001,48363.0,47.96327383603412,14.285714285714285,12,14,2,0,12,14,28875,0,0,0,0,0
2020-06-17,US,Texas,Panola,209,23,0,32.163959600000005,-94.30552481,48365.0,901.0951108045184,11.004784688995215,186,209,23,0,186,221,23148,0,0,0,0,-12
2020-06-17,US,Texas,Parker,118,1,0,32.77757172,-97.80500621,48367.0,82.58794216044457,0.8474576271186439,117,116,1,0,115,112,138371,2,0,0,2,4
2020-06-17,US,Texas,Parmer,132,0,0,34.52993409,-102.78446679999999,48369.0,1374.2842269651226,0.0,132,124,0,0,124,120,9864,8,0,0,8,4
2020-06-17,US,Texas,Pecos,111,0,0,30.78097267,-102.72412609999999,48371.0,701.5104594577513,0.0,111,112,0,0,112,107,15673,-1,0,0,-1,5
2020-06-17,US,Texas,Polk,72,0,0,30.79472531,-94.82766240000001,48373.0,140.20602496446168,0.0,72,71,0,0,71,65,50031,1,0,0,1,6
2020-06-17,US,Texas,Potter,2798,37,0,35.40133773,-101.893964,48375.0,2383.000468423966,1.3223731236597571,2761,2789,36,0,2753,2785,119648,9,1,0,8,4
2020-06-17,US,Texas,Presidio,11,0,0,29.99954402,-104.24080790000001,48377.0,164.08114558472553,0.0,11,2,0,0,2,2,6948,9,0,0,9,0
2020-06-17,US,Texas,Rains,6,0,0,32.87109387,-95.79232691,48379.0,47.946300143838904,0.0,6,5,0,0,5,5,12159,1,0,0,1,0
2020-06-17,US,Texas,Randall,763,7,0,34.96585996,-101.8971322,48381.0,554.0508158271189,0.9174311926605504,756,758,7,0,751,751,136271,5,0,0,5,7
2020-06-17,US,Texas,Reagan,2,0,0,31.36607041,-101.52326590000001,48383.0,51.96154845414394,0.0,2,2,0,0,2,2,3741,0,0,0,0,0
2020-06-17,US,Texas,Real,1,0,0,29.83321503,-99.82018052,48385.0,28.968713789107767,0.0,1,1,0,0,1,1,3478,0,0,0,0,0
2020-06-17,US,Texas,Red River,95,8,0,33.61886692,-95.04841765,48387.0,790.1522082674874,8.421052631578947,87,95,8,0,87,93,12175,0,0,0,0,2
2020-06-17,US,Texas,Reeves,14,0,0,31.32323325,-103.69038959999999,48389.0,87.63144717075613,0.0,14,14,0,0,14,12,15695,0,0,0,0,2
2020-06-17,US,Texas,Refugio,6,0,0,28.323897600000002,-97.15766311,48391.0,86.35578583765113,0.0,6,6,0,0,6,5,7032,0,0,0,0,1
2020-06-17,US,Texas,Roberts,2,0,0,35.83809685,-100.813175,48393.0,234.192037470726,0.0,2,2,0,0,2,2,903,0,0,0,0,0
2020-06-17,US,Texas,Robertson,18,0,0,31.02539637,-96.51272246,48395.0,105.4234508609582,0.0,18,18,0,0,18,17,17284,0,0,0,0,1
2020-06-17,US,Texas,Rockwall,247,16,0,32.89779518,-96.40771592,48397.0,235.42868036029162,6.477732793522267,231,233,15,0,218,233,100657,14,1,0,13,0
2020-06-17,US,Texas,Runnels,2,0,0,31.8314342,-99.97616148,48399.0,19.48558067030397,0.0,2,2,0,0,2,2,10234,0,0,0,0,0
2020-06-17,US,Texas,Rusk,233,2,0,32.10773545,-94.76176432,48401.0,428.2615887953535,0.8583690987124464,231,232,2,0,230,128,54450,1,0,0,1,104
2020-06-17,US,Texas,Sabine,15,1,0,31.34318809,-93.85440451,48403.0,142.2879908935686,6.666666666666668,14,15,1,0,14,15,10589,0,0,0,0,0
2020-06-17,US,Texas,San Augustine,74,5,0,31.39457611,-94.17000399,48405.0,898.3853344664319,6.756756756756758,69,61,4,0,57,55,8232,13,1,0,12,6
2020-06-17,US,Texas,San Jacinto,22,0,0,30.57933681,-95.16260304,48407.0,76.23271769638588,0.0,22,19,0,0,19,20,28719,3,0,0,3,-1
2020-06-17,US,Texas,San Patricio,58,0,0,28.00880118,-97.51763891,48409.0,86.91742844297916,0.0,58,58,0,0,58,41,66893,0,0,0,0,17
2020-06-17,US,Texas,San Saba,2,0,0,31.1577796,-98.81758731,48411.0,33.03055326176713,0.0,2,2,0,0,2,2,6054,0,0,0,0,0
2020-06-17,US,Texas,Schleicher,8,0,0,30.89740592,-100.5384842,48413.0,286.4303616183315,0.0,8,6,0,0,6,1,2895,2,0,0,2,5
2020-06-17,US,Texas,Scurry,28,0,0,32.74613808,-100.91626640000001,48415.0,167.6345566664671,0.0,28,28,0,0,28,28,16866,0,0,0,0,0
2020-06-17,US,Texas,Shackelford,1,0,0,32.73587756,-99.35401337,48417.0,30.627871362940283,0.0,1,1,0,0,1,1,3253,0,0,0,0,0
2020-06-17,US,Texas,Shelby,230,8,0,31.79211404,-94.14550696,48419.0,910.0261137928303,3.4782608695652173,222,230,8,0,222,230,25418,0,0,0,0,0
2020-06-17,US,Texas,Sherman,28,0,0,36.27751473,-101.8933156,48421.0,926.5387160820649,0.0,28,28,0,0,28,28,3079,0,0,0,0,0
2020-06-17,US,Texas,Smith,297,4,0,32.37474036,-95.27175679999999,48423.0,127.60417785530458,1.3468013468013469,293,283,4,0,279,271,230221,14,0,0,14,12
2020-06-17,US,Texas,Somervell,3,0,0,32.22236802,-97.77403489,48425.0,32.86590709903594,0.0,3,3,0,0,3,2,9016,0,0,0,0,1
2020-06-17,US,Texas,Starr,166,1,0,26.56150059,-98.73892358,48427.0,256.8347438614949,0.6024096385542169,165,153,1,0,152,127,64525,13,0,0,13,26
2020-06-17,US,Texas,Stephens,5,0,0,32.73553157,-98.83631615,48429.0,53.38458253256459,0.0,5,5,0,0,5,5,9433,0,0,0,0,0
2020-06-17,US,Texas,Swisher,23,1,0,34.53028891,-101.73491740000001,48437.0,310.9368662971475,4.3478260869565215,22,21,1,0,20,21,7462,2,0,0,2,0
2020-06-17,US,Texas,Tarrant,7822,199,0,32.77143818,-97.29101614,48439.0,372.0306394960321,2.544106366658144,7623,7642,198,0,7444,7334,2084931,180,1,0,179,308
2020-06-17,US,Texas,Taylor,259,5,0,32.30163422,-99.89007449,48441.0,187.6349305243636,1.9305019305019304,254,255,5,0,250,255,137640,4,0,0,4,0
2020-06-17,US,Texas,Terry,13,0,0,33.17402785,-102.3354521,48445.0,105.3740779768177,0.0,13,13,0,0,13,13,12287,0,0,0,0,0
2020-06-17,US,Texas,Throckmorton,1,0,0,33.17751417,-99.21226795,48447.0,66.62225183211193,0.0,1,1,0,0,1,1,1515,0,0,0,0,0
2020-06-17,US,Texas,Titus,719,5,0,33.21339719,-94.96797273,48449.0,2195.4198473282445,0.6954102920723226,714,717,5,0,712,714,33033,2,0,0,2,3
2020-06-17,US,Texas,Tom Green,164,1,0,31.40464436,-100.46244300000001,48451.0,137.58389261744966,0.6097560975609756,163,164,1,0,163,164,118189,0,0,0,0,0
2020-06-17,US,Texas,Travis,4771,106,0,30.33432034,-97.78535620000001,48453.0,374.5033180161921,2.221756445189688,4665,4664,106,0,4558,4545,1248743,107,0,0,107,119
2020-06-17,US,Texas,Trinity,20,0,0,31.0879489,-95.1367187,48455.0,136.50945327963962,0.0,20,17,0,0,17,22,14740,3,0,0,3,-5
2020-06-17,US,Texas,Tyler,14,0,0,30.77031716,-94.37690895,48457.0,64.59948320413437,0.0,14,14,0,0,14,16,21696,0,0,0,0,-2
2020-06-17,US,Texas,Upshur,42,0,0,32.73706798,-94.93999853,48459.0,100.59157425813714,0.0,42,41,0,0,41,38,41260,1,0,0,1,3
2020-06-17,US,Texas,Upton,1,0,0,31.36868194,-102.0423217,48461.0,27.344818156959253,0.0,1,1,0,0,1,1,3671,0,0,0,0,0
2020-06-17,US,Texas,Uvalde,29,0,0,29.35739637,-99.76229172,48463.0,108.44770203058971,0.0,29,26,0,0,26,26,26846,3,0,0,3,0
2020-06-17,US,Texas,Val Verde,36,0,0,29.89149232,-101.1525205,48465.0,73.43192248852627,0.0,36,36,0,0,36,36,49208,0,0,0,0,0
2020-06-17,US,Texas,Van Zandt,53,1,0,32.56483801,-95.83766469,48467.0,93.65612298992755,1.8867924528301887,52,52,1,0,51,46,56019,1,0,0,1,6
2020-06-17,US,Texas,Victoria,207,8,0,28.79780988,-96.96813006,48469.0,224.7947526171756,3.864734299516908,199,202,8,0,194,199,92035,5,0,0,5,3
2020-06-17,US,Texas,Walker,1879,27,0,30.73872995,-95.57440968,48471.0,2574.995546175878,1.4369345396487494,1852,1873,27,0,1846,1878,72480,6,0,0,6,-5
2020-06-17,US,Texas,Waller,99,0,0,30.01058447,-95.99011759,48473.0,179.198494008616,0.0,99,92,0,0,92,90,53126,7,0,0,7,2
2020-06-17,US,Texas,Ward,7,0,0,31.50999644,-103.09279090000001,48475.0,58.343057176196034,0.0,7,7,0,0,7,4,11720,0,0,0,0,3
2020-06-17,US,Texas,Washington,219,26,0,30.21498498,-96.40946246,48477.0,610.3338721364472,11.872146118721464,193,218,26,0,192,218,35108,1,0,0,1,0
2020-06-17,US,Texas,Webb,756,21,0,27.7610369,-99.33237355,48479.0,273.2674985179937,2.7777777777777777,735,718,20,0,698,675,275910,38,1,0,37,43
2020-06-17,US,Texas,Wharton,98,1,0,29.27765923,-96.22319248,48481.0,235.82635479834443,1.020408163265306,97,98,1,0,97,94,41619,0,0,0,0,4
2020-06-17,US,Texas,Wheeler,16,0,0,35.40114335,-100.26995140000001,48483.0,316.4556962025317,0.0,16,15,0,0,15,15,5191,1,0,0,1,0
2020-06-17,US,Texas,Wichita,120,2,0,33.98842886,-98.70410340000001,48485.0,90.75096422899492,1.6666666666666667,118,117,2,0,115,99,132064,3,0,0,3,18
2020-06-17,US,Texas,Wilbarger,7,0,0,34.07945812,-99.24178437,48487.0,54.82026783616571,0.0,7,7,0,0,7,7,12820,0,0,0,0,0
2020-06-17,US,Texas,Willacy,65,3,0,26.47411727,-97.61535848,48489.0,304.3356119486844,4.615384615384615,62,61,3,0,58,59,21515,4,0,0,4,2
2020-06-17,US,Texas,Williamson,1068,32,0,30.64655664,-97.60048540000001,48491.0,180.84805546007038,2.9962546816479403,1036,1021,30,0,991,960,566719,47,2,0,45,61
2020-06-17,US,Texas,Wilson,53,5,0,29.1732598,-98.08693082,48493.0,103.77912668885843,9.433962264150944,48,53,5,0,48,52,50224,0,0,0,0,1
2020-06-17,US,Texas,Winkler,4,0,0,31.85008651,-103.04851629999999,48495.0,49.93757802746567,0.0,4,4,0,0,4,4,7720,0,0,0,0,0
2020-06-17,US,Texas,Wise,58,5,0,33.21570665,-97.65460265,48497.0,82.8760859625057,8.620689655172415,53,56,5,0,51,56,68305,2,0,0,2,0
2020-06-17,US,Texas,Wood,62,5,0,32.78722382,-95.38236368,48499.0,136.14703880190606,8.064516129032258,57,56,5,0,51,53,45129,6,0,0,6,3
2020-06-17,US,Texas,Yoakum,10,0,0,33.17320212,-102.82764329999999,48501.0,114.7710317915758,0.0,10,10,0,0,10,9,8591,0,0,0,0,1
2020-06-17,US,Texas,Young,15,1,0,33.17659707,-98.68790885,48503.0,83.28706274292058,6.666666666666668,14,15,1,0,14,15,18045,0,0,0,0,0
2020-06-17,US,Texas,Zapata,24,0,0,27.00156391,-99.16987152,48505.0,169.26440510614287,0.0,24,23,0,0,23,15,14190,1,0,0,1,8
2020-06-17,US,Texas,Zavala,13,0,0,28.86617238,-99.76050829,48507.0,109.79729729729729,0.0,13,13,0,0,13,13,11983,0,0,0,0,0
2020-06-17,US,Utah,Bear River,1096,2,0,41.52106798,-113.08328159999999,0.0,586.667237632348,0.18248175182481752,1094,1039,2,0,1037,1009,,57,0,0,57,30
2020-06-17,US,Utah,Central Utah,81,0,0,39.37231946,-111.5758676,0.0,98.8359323522952,0.0,81,79,0,0,79,77,,2,0,0,2,2
2020-06-17,US,Utah,Davis,715,4,0,40.99001837,-112.1139997,49011.0,201.135925689418,0.5594405594405595,711,691,4,0,687,672,351713,24,0,0,24,19
2020-06-17,US,Utah,Salt Lake,7809,99,0,40.66616532,-111.92160109999999,49035.0,672.9361438837267,1.2677679600461007,7710,7616,96,0,7520,7468,1152633,193,3,0,190,148
2020-06-17,US,Utah,San Juan,367,6,0,37.62762978,-109.80337140000002,49037.0,2397.4392474523124,1.6348773841961852,361,365,6,0,359,363,15449,2,0,0,2,2
2020-06-17,US,Utah,Southeast Utah,29,0,0,38.99617072,-110.70139579999999,0.0,72.08730020631883,0.0,29,29,0,0,29,29,,0,0,0,0,0
2020-06-17,US,Utah,Southwest Utah,889,8,0,37.85447192,-111.4418764,0.0,352.71899127923126,0.8998875140607424,881,855,7,0,848,827,,34,1,0,33,28
2020-06-17,US,Utah,Summit,451,0,0,40.86688146,-110.9535882,49043.0,1070.1150788942934,0.0,451,448,0,0,448,447,41933,3,0,0,3,1
2020-06-17,US,Utah,Tooele,181,0,0,40.44862644,-113.12957150000001,49045.0,250.4878285057917,0.0,181,178,0,0,178,170,69907,3,0,0,3,8
2020-06-17,US,Utah,TriCounty,33,0,0,40.12491499,-109.5174415,0.0,58.2812334428314,0.0,33,31,0,0,31,30,,2,0,0,2,1
2020-06-17,US,Utah,Utah,2776,19,0,40.116672200000004,-111.66576620000001,49049.0,436.31676974702737,0.6844380403458213,2757,2711,19,0,2692,2654,622213,65,0,0,65,57
2020-06-17,US,Utah,Wasatch,362,2,0,40.33110236,-111.1691419,49051.0,1061.8638350297733,0.5524861878453039,360,356,2,0,354,351,33240,6,0,0,6,5
2020-06-17,US,Utah,Weber-Morgan,555,9,0,41.27116049,-111.9145117,0.0,203.79162581654347,1.6216216216216215,546,539,9,0,530,511,,16,0,0,16,28
2020-06-17,US,Vermont,Addison,66,2,0,44.03217337,-73.14130877,50001.0,179.4599885798189,3.0303030303030303,64,66,2,0,64,66,36973,0,0,0,0,0
2020-06-17,US,Vermont,Bennington,67,1,0,43.03519828,-73.09048868,50003.0,188.89202142655762,1.492537313432836,66,67,1,0,66,67,35631,0,0,0,0,0
2020-06-17,US,Vermont,Caledonia,16,0,0,44.46548598,-72.10314651,50005.0,53.34578068215917,0.0,16,16,0,0,16,16,30302,0,0,0,0,0
2020-06-17,US,Vermont,Chittenden,572,39,0,44.46322849,-73.08359212,50007.0,349.261787585331,6.8181818181818175,533,573,39,0,534,570,164572,-1,0,0,-1,3
2020-06-17,US,Vermont,Essex,3,0,0,44.72736416,-71.73579864,50009.0,48.67759208177836,0.0,3,3,0,0,3,3,6250,0,0,0,0,0
2020-06-17,US,Vermont,Franklin,102,5,0,44.85627605,-72.91249563,50011.0,206.4693737095664,4.901960784313727,97,102,5,0,97,102,49421,0,0,0,0,0
2020-06-17,US,Vermont,Grand Isle,8,0,0,44.797582399999996,-73.29679772,50013.0,110.573600552868,0.0,8,8,0,0,8,8,7090,0,0,0,0,0
2020-06-17,US,Vermont,Lamoille,29,1,0,44.60353043,-72.64356694,50015.0,114.34429461398943,3.4482758620689653,28,29,1,0,28,29,25300,0,0,0,0,0
2020-06-17,US,Vermont,Orange,9,0,0,44.00470222,-72.37640104,50017.0,31.150491485532328,0.0,9,9,0,0,9,9,28999,0,0,0,0,0
2020-06-17,US,Vermont,Orleans,13,0,0,44.82964024,-72.24562697,50019.0,48.08225764692829,0.0,13,13,0,0,13,13,26907,0,0,0,0,0
2020-06-17,US,Vermont,Rutland,59,1,0,43.57723578,-73.03741676,50021.0,101.39024935127424,1.6949152542372878,58,59,1,0,58,59,58672,0,0,0,0,0
2020-06-17,US,Vermont,Unassigned,5,0,0,0.0,0.0,90050.0,0.0,0.0,5,5,0,0,5,5,,0,0,0,0,0
2020-06-17,US,Vermont,Washington,41,1,0,44.27343241,-72.61604978,50023.0,70.19466178157475,2.4390243902439024,40,41,1,0,40,41,58140,0,0,0,0,0
2020-06-17,US,Vermont,Windham,85,3,0,42.986982,-72.71268875,50025.0,201.31684903604759,3.5294117647058822,82,85,3,0,82,85,42756,0,0,0,0,0
2020-06-17,US,Vermont,Windsor,55,2,0,43.58010937,-72.58595157,50027.0,99.88739965856672,3.636363636363636,53,55,2,0,53,55,55286,0,0,0,0,0
2020-06-17,US,Virginia,Accomack,1018,14,0,37.76707161,-75.63234615,51001.0,3150.142344349548,1.3752455795677798,1004,1007,14,0,993,996,32412,11,0,0,11,11
2020-06-17,US,Virginia,Albemarle,293,8,0,38.02080697,-78.55481085,51003.0,267.9959754870576,2.7303754266211606,285,293,8,0,285,290,108718,0,0,0,0,3
2020-06-17,US,Virginia,Alexandria,2175,48,0,38.814003,-77.08183073,51510.0,1364.2522016207945,2.2068965517241383,2127,2168,47,0,2121,2160,160530,7,1,0,6,8
2020-06-17,US,Virginia,Alleghany,30,2,0,37.78636074,-80.00222498,51005.0,201.88425302826383,6.666666666666668,28,30,2,0,28,28,14910,0,0,0,0,2
2020-06-17,US,Virginia,Amelia,38,1,0,37.34081025,-77.98584649,51007.0,289.0833016356029,2.631578947368421,37,38,1,0,37,39,13013,0,0,0,0,-1
2020-06-17,US,Virginia,Amherst,28,0,0,37.60308293,-79.14548696,51009.0,88.59357696566998,0.0,28,28,0,0,28,27,31666,0,0,0,0,1
2020-06-17,US,Virginia,Appomattox,34,0,0,37.37569884,-78.81340003,51011.0,213.68864307711647,0.0,34,34,0,0,34,34,15841,0,0,0,0,0
2020-06-17,US,Virginia,Arlington,2372,124,0,38.8767675,-77.10139853,51013.0,1001.5115562273584,5.2276559865092755,2248,2363,125,0,2238,2346,237521,9,-1,0,10,17
2020-06-17,US,Virginia,Augusta,157,2,0,38.16404586,-79.12461614,51015.0,207.78739511368752,1.2738853503184713,155,152,2,0,150,146,75457,5,0,0,5,6
2020-06-17,US,Virginia,Bedford,96,2,0,37.3080028,-79.5281964,51019.0,121.52360216210742,2.083333333333333,94,94,2,0,92,91,78747,2,0,0,2,3
2020-06-17,US,Virginia,Botetourt,51,4,0,37.55531756,-79.80982182,51023.0,152.60779795924475,7.84313725490196,47,50,4,0,46,47,33277,1,0,0,1,3
2020-06-17,US,Virginia,Bristol,4,0,0,36.616302399999995,-82.16359122,51520.0,23.863500775563768,0.0,4,4,0,0,4,4,16482,0,0,0,0,0
2020-06-17,US,Virginia,Brunswick,59,1,0,36.76366949,-77.8593436,51025.0,363.50194073070054,1.6949152542372878,58,54,1,0,53,46,16384,5,0,0,5,8
2020-06-17,US,Virginia,Buchanan,18,0,0,37.26818323,-82.03749726,51027.0,85.69796229289659,0.0,18,18,0,0,18,18,21221,0,0,0,0,0
2020-06-17,US,Virginia,Buckingham,542,3,0,37.57242268,-78.52518834,51029.0,3160.718451131327,0.5535055350553506,539,534,3,0,531,521,16999,8,0,0,8,13
2020-06-17,US,Virginia,Buena Vista,12,0,0,37.73484642,-79.35296097,51530.0,185.24235875270145,0.0,12,12,0,0,12,12,6237,0,0,0,0,0
2020-06-17,US,Virginia,Campbell,28,1,0,37.20553386,-79.09678609,51031.0,51.01576022592693,3.571428571428572,27,28,1,0,27,25,54973,0,0,0,0,3
2020-06-17,US,Virginia,Caroline,116,4,0,38.02679129,-77.34901405,51033.0,377.5427176566314,3.4482758620689653,112,113,4,0,109,111,30772,3,0,0,3,2
2020-06-17,US,Virginia,Carroll,177,5,0,36.73066666,-80.73455942,51035.0,594.1391695478501,2.824858757062147,172,175,5,0,170,173,29636,2,0,0,2,2
2020-06-17,US,Virginia,Charles City,34,3,0,37.35358063,-77.05634116,51036.0,488.2952750251329,8.823529411764708,31,33,3,0,30,32,6941,1,0,0,1,1
2020-06-17,US,Virginia,Charlotte,30,0,0,37.01909701,-78.66314092,51037.0,252.52525252525248,0.0,30,30,0,0,30,30,11938,0,0,0,0,0
2020-06-17,US,Virginia,Charlottesville,161,3,0,38.03527919,-78.48569588,51540.0,340.62539669106764,1.8633540372670807,158,160,3,0,157,154,48117,1,0,0,1,6
2020-06-17,US,Virginia,Chesapeake,684,16,0,36.67670048,-76.30545744,51550.0,279.3718218391978,2.3391812865497075,668,678,16,0,662,672,242634,6,0,0,6,6
2020-06-17,US,Virginia,Chesterfield,2316,40,0,37.37373208,-77.58680140000001,51041.0,656.4588636118842,1.7271157167530224,2276,2259,39,0,2220,2194,348556,57,1,0,56,65
2020-06-17,US,Virginia,Clarke,40,0,0,39.11271747,-77.99199425,51043.0,273.61652643819684,0.0,40,40,0,0,40,38,14523,0,0,0,0,2
2020-06-17,US,Virginia,Colonial Heights,117,17,0,37.26420587,-77.39609676,51570.0,673.5751295336787,14.52991452991453,100,117,17,0,100,115,17833,0,0,0,0,2
2020-06-17,US,Virginia,Covington,4,0,0,37.7824656,-79.98631446,51580.0,72.22824124232575,0.0,4,4,0,0,4,4,5460,0,0,0,0,0
2020-06-17,US,Virginia,Craig,6,0,0,37.48133648,-80.21072274,51045.0,116.93626973299551,0.0,6,6,0,0,6,6,5064,0,0,0,0,0
2020-06-17,US,Virginia,Culpeper,790,9,0,38.48199985,-77.95630870000002,51047.0,1501.7583879859326,1.139240506329114,781,787,9,0,778,783,51859,3,0,0,3,4
2020-06-17,US,Virginia,Cumberland,50,0,0,37.51328851,-78.24398086,51049.0,503.4232782923882,0.0,50,50,0,0,50,49,9809,0,0,0,0,1
2020-06-17,US,Virginia,Danville,66,2,0,36.58022376,-79.40395668,51590.0,164.8186994306263,3.0303030303030303,64,66,2,0,64,66,40693,0,0,0,0,0
2020-06-17,US,Virginia,Dickenson,1,0,0,37.12560977,-82.35124171,51051.0,6.984215672579969,0.0,1,1,0,0,1,,14523,0,0,0,0,
2020-06-17,US,Virginia,Dinwiddie,113,0,0,37.07544585,-77.63451754,51053.0,395.8800448430494,0.0,113,110,0,0,110,110,28529,3,0,0,3,0
2020-06-17,US,Virginia,Emporia,106,6,0,36.69455571,-77.53406129,51595.0,1982.7908716797608,5.660377358490566,100,101,6,0,95,98,5121,5,0,0,5,3
2020-06-17,US,Virginia,Essex,53,0,0,37.93357639,-76.94230311,51057.0,483.88569341732864,0.0,53,53,0,0,53,53,10919,0,0,0,0,0
2020-06-17,US,Virginia,Fairfax,13153,429,0,38.83677558,-77.27565836,51059.0,1146.1989731005326,3.2616133201550976,12724,13103,428,0,12675,13092,1150795,50,1,0,49,11
2020-06-17,US,Virginia,Fairfax,13153,429,0,38.83677558,-77.27565836,51059.0,1146.1989731005326,3.2616133201550976,12724,13103,428,0,12675,13092,24574,50,1,0,49,11
2020-06-17,US,Virginia,Fairfax City,68,7,0,38.85157547,-77.29779640000002,51600.0,283.10920521254013,10.294117647058824,61,67,6,0,61,67,24574,1,1,0,0,0
2020-06-17,US,Virginia,Falls Church,58,7,0,38.88485255,-77.17560759,51610.0,396.79824861462686,12.06896551724138,51,58,7,0,51,56,14772,0,0,0,0,2
2020-06-17,US,Virginia,Fauquier,398,6,0,38.73564842,-77.80647472,51061.0,558.816096150066,1.5075376884422111,392,393,6,0,387,386,70675,5,0,0,5,7
2020-06-17,US,Virginia,Floyd,10,1,0,36.9302126,-80.36738849,51063.0,63.4960949901581,10.0,9,10,1,0,9,10,15795,0,0,0,0,0
2020-06-17,US,Virginia,Fluvanna,103,6,0,37.84157909,-78.27715475,51065.0,377.7044371103777,5.825242718446603,97,102,6,0,96,102,26783,1,0,0,1,0
2020-06-17,US,Virginia,Franklin,46,1,0,36.99536167,-79.88023649,51067.0,82.08129617072909,2.1739130434782608,45,43,1,0,42,43,56195,3,0,0,3,0
2020-06-17,US,Virginia,Franklin,46,1,0,36.99536167,-79.88023649,51067.0,82.08129617072909,2.1739130434782608,45,43,1,0,42,43,8013,3,0,0,3,0
2020-06-17,US,Virginia,Franklin City,44,2,0,36.6831435,-76.93859681,51620.0,552.2781473578511,4.545454545454546,42,44,2,0,42,44,8013,0,0,0,0,0
2020-06-17,US,Virginia,Frederick,440,4,0,39.20172582,-78.25974949,51069.0,492.6494463292018,0.9090909090909092,436,435,4,0,431,435,88355,5,0,0,5,0
2020-06-17,US,Virginia,Fredericksburg,215,0,0,38.2977863,-77.4922454,51630.0,740.4601184736189,0.0,215,213,0,0,213,211,29144,2,0,0,2,2
2020-06-17,US,Virginia,Galax,208,11,0,36.66601852,-80.91703124,51640.0,3277.138805734993,5.288461538461538,197,206,10,0,196,205,6423,2,1,0,1,1
2020-06-17,US,Virginia,Giles,6,0,0,37.31234791,-80.70636931,51071.0,35.88516746411483,0.0,6,6,0,0,6,6,16844,0,0,0,0,0
2020-06-17,US,Virginia,Gloucester,38,1,0,37.40809042,-76.53524337,51073.0,101.74574274392204,2.631578947368421,37,38,1,0,37,38,37349,0,0,0,0,0
2020-06-17,US,Virginia,Goochland,116,6,0,37.71714806,-77.90381514,51075.0,488.3593651328253,5.172413793103448,110,116,6,0,110,116,23244,0,0,0,0,0
2020-06-17,US,Virginia,Grayson,68,2,0,36.65677234,-81.23215889,51077.0,437.29903536977486,2.9411764705882355,66,66,2,0,64,66,15631,2,0,0,2,0
2020-06-17,US,Virginia,Greene,46,1,0,38.29545894,-78.46525378,51079.0,232.10050961198849,2.1739130434782608,45,45,1,0,44,45,19779,1,0,0,1,0
2020-06-17,US,Virginia,Greensville,343,7,0,36.67878901,-77.56351439,51081.0,3025.7586450246995,2.0408163265306123,336,342,7,0,335,344,11627,1,0,0,1,-2
2020-06-17,US,Virginia,Halifax,39,1,0,36.76654925,-78.93512622,51083.0,115.00692990475069,2.5641025641025643,38,38,1,0,37,37,34120,1,0,0,1,1
2020-06-17,US,Virginia,Hampton,248,5,0,37.03513786,-76.35879121,51650.0,184.372909077392,2.0161290322580645,243,246,5,0,241,241,134313,2,0,0,2,5
2020-06-17,US,Virginia,Hanover,378,25,0,37.7583355,-77.49464673,51085.0,350.75997995657264,6.613756613756614,353,375,25,0,350,374,107239,3,0,0,3,1
2020-06-17,US,Virginia,Harrisonburg,864,23,0,38.43542574,-78.87536254,51660.0,1629.6966953372564,2.662037037037037,841,859,22,0,837,856,54033,5,1,0,4,3
2020-06-17,US,Virginia,Henrico,2332,140,0,37.53460572,-77.39326555,51087.0,704.9193211977582,6.003430531732419,2192,2311,137,0,2174,2289,329261,21,3,0,18,22
2020-06-17,US,Virginia,Henry,212,3,0,36.68542395,-79.87634026,51089.0,419.328678521273,1.4150943396226414,209,210,3,0,207,202,50953,2,0,0,2,8
2020-06-17,US,Virginia,Highland,3,0,0,38.35799465,-79.56124594,51091.0,136.98630136986299,0.0,3,3,0,0,3,3,2210,0,0,0,0,0
2020-06-17,US,Virginia,Hopewell,149,2,0,37.29186313,-77.29754684,51670.0,661.3697900483821,1.342281879194631,147,144,2,0,142,141,22596,5,0,0,5,3
2020-06-17,US,Virginia,Isle of Wight,158,8,0,36.90579348,-76.70842863,51093.0,425.7727235980489,5.063291139240507,150,158,8,0,150,156,36953,0,0,0,0,2
2020-06-17,US,Virginia,James City,236,15,0,37.31156958,-76.76950618,51095.0,308.40400925212026,6.3559322033898304,221,236,15,0,221,233,76397,0,0,0,0,3
2020-06-17,US,Virginia,King George,93,4,0,38.26818502,-77.15852768,51099.0,346.54941123863466,4.301075268817204,89,91,4,0,87,88,26575,2,0,0,2,3
2020-06-17,US,Virginia,King William,33,0,0,37.70965316,-77.09384941,51101.0,192.44226731980405,0.0,33,33,0,0,33,33,16939,0,0,0,0,0
2020-06-17,US,Virginia,King and Queen,24,1,0,37.71044922,-76.88689628,51097.0,341.6370106761566,4.166666666666667,23,24,1,0,23,24,7042,0,0,0,0,0
2020-06-17,US,Virginia,Lancaster,11,0,0,37.71889653,-76.46400482,51103.0,103.74422333301895,0.0,11,11,0,0,11,11,10783,0,0,0,0,0
2020-06-17,US,Virginia,Lee,9,0,0,36.70586667,-83.12606515,51105.0,38.42377150663877,0.0,9,9,0,0,9,9,23541,0,0,0,0,0
2020-06-17,US,Virginia,Lexington,8,0,0,37.78258621,-79.44262866,51678.0,107.44023636851999,0.0,8,8,0,0,8,8,7136,0,0,0,0,0
2020-06-17,US,Virginia,Loudoun,3458,80,0,39.08990083,-77.63481877,51107.0,836.1988499243117,2.313475997686524,3378,3439,76,0,3363,3404,406850,19,4,0,15,35
2020-06-17,US,Virginia,Louisa,101,1,0,37.97850256,-77.96274807,51109.0,268.68133329786383,0.99009900990099,100,99,1,0,98,99,36778,2,0,0,2,0
2020-06-17,US,Virginia,Lunenburg,21,0,0,36.94618528,-78.24133319,51111.0,172.18760249262056,0.0,21,21,0,0,21,21,12086,0,0,0,0,0
2020-06-17,US,Virginia,Lynchburg,96,1,0,37.40021399,-79.19888138,51680.0,116.83380391393244,1.0416666666666667,95,96,1,0,95,92,82126,0,0,0,0,4
2020-06-17,US,Virginia,Madison,42,1,0,38.41531222,-78.28220331,51113.0,316.7181962144635,2.380952380952381,41,42,1,0,41,42,13295,0,0,0,0,0
2020-06-17,US,Virginia,Manassas,1320,14,0,38.7464321,-77.48509905,51683.0,3212.8514056224894,1.0606060606060606,1306,1317,14,0,1303,1314,41641,3,0,0,3,3
2020-06-17,US,Virginia,Manassas Park,390,6,0,38.77058531,-77.44399307,51685.0,2231.376587710264,1.5384615384615383,384,388,6,0,382,384,17307,2,0,0,2,4
2020-06-17,US,Virginia,Martinsville,58,1,0,36.68212094,-79.86352771,51690.0,462.0041421061017,1.7241379310344829,57,56,1,0,55,54,12902,2,0,0,2,2
2020-06-17,US,Virginia,Mathews,5,0,0,37.44164146,-76.34098896,51115.0,56.599501924383055,0.0,5,5,0,0,5,5,8802,0,0,0,0,0
2020-06-17,US,Virginia,Mecklenburg,231,24,0,36.67882005,-78.36131056,51117.0,755.2228070749011,10.389610389610391,207,231,24,0,207,229,30650,0,0,0,0,2
2020-06-17,US,Virginia,Middlesex,14,0,0,37.63191998,-76.55064617,51119.0,132.3001323001323,0.0,14,14,0,0,14,14,10769,0,0,0,0,0
2020-06-17,US,Virginia,Montgomery,97,2,0,37.17746986,-80.37868691,51121.0,98.4421779063277,2.061855670103093,95,97,2,0,95,95,98985,0,0,0,0,2
2020-06-17,US,Virginia,Nelson,18,0,0,37.78790447,-78.88498513,51125.0,120.56262558606831,0.0,18,18,0,0,18,18,14836,0,0,0,0,0
2020-06-17,US,Virginia,New Kent,47,1,0,37.50694406,-76.99828634,51127.0,203.5425057381664,2.127659574468085,46,46,1,0,45,46,22391,1,0,0,1,0
2020-06-17,US,Virginia,Newport News,399,10,0,37.08166899,-76.51754109,51700.0,222.62519179801924,2.506265664160401,389,390,10,0,380,381,178626,9,0,0,9,9
2020-06-17,US,Virginia,Norfolk,698,7,0,36.89934014,-76.26420872,51710.0,287.5480963327318,1.002865329512894,691,681,7,0,674,668,244076,17,0,0,17,13
2020-06-17,US,Virginia,Northampton,265,27,0,37.34062933,-75.87751591,51131.0,2263.0230572160544,10.18867924528302,238,264,27,0,237,262,11735,1,0,0,1,2
2020-06-17,US,Virginia,Northumberland,27,1,0,37.89202088,-76.41949732,51133.0,223.23274080198428,3.703703703703704,26,27,1,0,26,27,12147,0,0,0,0,0
2020-06-17,US,Virginia,Norton,2,0,0,36.93357076,-82.62750411,51720.0,50.23863350916855,0.0,2,2,0,0,2,2,3968,0,0,0,0,0
2020-06-17,US,Virginia,Nottoway,68,0,0,37.1435975,-78.05065922,51135.0,446.4285714285714,0.0,68,68,0,0,68,67,15420,0,0,0,0,1
2020-06-17,US,Virginia,Orange,135,2,0,38.24530219,-78.01560400000002,51137.0,364.362635286497,1.4814814814814814,133,133,2,0,131,131,36644,2,0,0,2,2
2020-06-17,US,Virginia,Page,256,24,0,38.61807452,-78.48797204,51139.0,1071.040080328006,9.375,232,256,24,0,232,252,23933,0,0,0,0,4
2020-06-17,US,Virginia,Patrick,33,0,0,36.680163799999995,-80.2865648,51141.0,187.41481144934122,0.0,33,32,0,0,32,32,17673,1,0,0,1,0
2020-06-17,US,Virginia,Petersburg,194,3,0,37.20530399,-77.39368102,51730.0,618.8987430613156,1.5463917525773196,191,192,3,0,189,191,31567,2,0,0,2,1
2020-06-17,US,Virginia,Pittsylvania,73,1,0,36.81980341,-79.39731264,51143.0,120.95304370878485,1.3698630136986298,72,70,1,0,69,70,60949,3,0,0,3,0
2020-06-17,US,Virginia,Poquoson,12,0,0,37.14259351,-76.35798148,51735.0,97.79154103170076,0.0,12,12,0,0,12,12,12190,0,0,0,0,0
2020-06-17,US,Virginia,Portsmouth,395,13,0,36.85914825,-76.35971629,51740.0,418.44106866670893,3.2911392405063293,382,387,12,0,375,386,94632,8,1,0,7,1
2020-06-17,US,Virginia,Powhatan,54,0,0,37.55016038,-77.91267882,51145.0,182.11250505868068,0.0,54,53,0,0,53,51,29189,1,0,0,1,2
2020-06-17,US,Virginia,Prince Edward,171,3,0,37.22554789,-78.43597949,51147.0,749.9342162968161,1.7543859649122806,168,171,3,0,168,170,22950,0,0,0,0,1
2020-06-17,US,Virginia,Prince George,169,0,0,37.18497668,-77.22922187,51149.0,440.6434959455584,0.0,169,168,0,0,168,167,38082,1,0,0,1,1
2020-06-17,US,Virginia,Prince William,6654,127,0,38.70916224,-77.48713689,51153.0,1414.736304974114,1.9086263901412683,6527,6621,127,0,6494,6608,468011,33,0,0,33,13
2020-06-17,US,Virginia,Pulaski,30,1,0,37.06474963,-80.71229738,51155.0,88.16528051253418,3.333333333333333,29,30,1,0,29,30,34066,0,0,0,0,0
2020-06-17,US,Virginia,Radford,9,0,0,37.12222899,-80.56027320000003,51750.0,49.317770836758186,0.0,9,9,0,0,9,8,18339,0,0,0,0,1
2020-06-17,US,Virginia,Rappahannock,17,0,0,38.68295619,-78.15826963,51157.0,230.66485753052916,0.0,17,17,0,0,17,17,7252,0,0,0,0,0
2020-06-17,US,Virginia,Richmond,294,6,0,37.937575,-76.72920628,51159.0,3258.3397982932506,2.0408163265306123,288,294,6,0,288,292,9038,0,0,0,0,2
2020-06-17,US,Virginia,Richmond City,1872,28,0,37.53255773,-77.47966921,51760.0,812.3730667083269,1.4957264957264955,1844,1848,29,0,1819,1832,228783,24,-1,0,25,16
2020-06-17,US,Virginia,Roanoke,148,5,0,37.26865804,-80.06396753,51161.0,157.13588006710125,3.3783783783783785,143,141,5,0,136,134,94073,7,0,0,7,7
2020-06-17,US,Virginia,Roanoke City,277,10,0,37.27791025,-79.96189766,51770.0,279.39441009451,3.610108303249097,267,270,10,0,260,250,99920,7,0,0,7,20
2020-06-17,US,Virginia,Rockbridge,18,0,0,37.81204314,-79.44605905,51163.0,79.74128383466973,0.0,18,18,0,0,18,19,22752,0,0,0,0,-1
2020-06-17,US,Virginia,Rockingham,636,7,0,38.51006137,-78.87260325,51165.0,776.1019182896471,1.1006289308176103,629,631,7,0,624,629,81244,5,0,0,5,2
2020-06-17,US,Virginia,Russell,9,0,0,36.93028320000001,-82.10095486,51167.0,33.852403520649965,0.0,9,8,0,0,8,8,26748,1,0,0,1,0
2020-06-17,US,Virginia,Salem,48,3,0,37.2836193,-80.06219455,51775.0,189.7158215090313,6.25,45,47,3,0,44,44,25643,1,0,0,1,3
2020-06-17,US,Virginia,Scott,8,2,0,36.71466456,-82.60171704,51169.0,37.095427988500425,25.0,6,8,2,0,6,8,21534,0,0,0,0,0
2020-06-17,US,Virginia,Shenandoah,522,27,0,38.85905135,-78.56813762,51171.0,1196.8085106382978,5.172413793103448,495,516,27,0,489,511,43497,6,0,0,6,5
2020-06-17,US,Virginia,Smyth,26,0,0,36.84455636,-81.53344948,51173.0,86.36726016476216,0.0,26,22,0,0,22,20,30472,4,0,0,4,2
2020-06-17,US,Virginia,Southampton,154,2,0,36.72231125,-77.10642712,51175.0,873.4615166468152,1.2987012987012987,152,155,2,0,153,155,17586,-1,0,0,-1,0
2020-06-17,US,Virginia,Spotsylvania,858,17,0,38.18574462,-77.655399,51177.0,629.8865763682413,1.981351981351981,841,849,17,0,832,837,134238,9,0,0,9,12
2020-06-17,US,Virginia,Stafford,906,5,0,38.41758738,-77.45917053,51179.0,592.6139113826349,0.5518763796909493,901,900,5,0,895,893,149960,6,0,0,6,7
2020-06-17,US,Virginia,Staunton,61,0,0,38.15965544,-79.05979937,51790.0,244.6654901331622,0.0,61,60,0,0,60,60,24922,1,0,0,1,0
2020-06-17,US,Virginia,Suffolk,348,34,0,36.70155394,-76.63603554,51800.0,377.8173448560386,9.770114942528737,314,347,34,0,313,345,91185,1,0,0,1,2
2020-06-17,US,Virginia,Surry,13,1,0,37.11781893,-76.88450012,51181.0,202.4291497975709,7.6923076923076925,12,13,1,0,12,13,6474,0,0,0,0,0
2020-06-17,US,Virginia,Sussex,184,2,0,36.92432914,-77.25791182,51183.0,1648.8932700062728,1.0869565217391304,182,183,2,0,181,183,11237,1,0,0,1,0
2020-06-17,US,Virginia,Tazewell,9,0,0,37.12191123,-81.56685568,51185.0,22.170218007143742,0.0,9,9,0,0,9,9,40855,0,0,0,0,0
2020-06-17,US,Virginia,Virginia Beach,923,28,0,36.73285734,-76.04566934,51810.0,205.12296266006481,3.0335861321776814,895,909,27,0,882,899,450189,14,1,0,13,10
2020-06-17,US,Virginia,Warren,233,4,0,38.90847745,-78.20280433,51187.0,580.1215018424459,1.7167381974248928,229,233,4,0,229,231,40003,0,0,0,0,2
2020-06-17,US,Virginia,Washington,58,4,0,36.72341572,-81.95666289,51191.0,107.9270561965017,6.896551724137932,54,58,4,0,54,58,54402,0,0,0,0,0
2020-06-17,US,Virginia,Waynesboro,58,0,0,38.06451466,-78.90293905,51820.0,256.2969509500663,0.0,58,55,0,0,55,54,22628,3,0,0,3,1
2020-06-17,US,Virginia,Westmoreland,87,1,0,38.11021557,-76.80213247,51193.0,482.9308909242298,1.1494252873563218,86,87,1,0,86,87,17830,0,0,0,0,0
2020-06-17,US,Virginia,Williamsburg,54,5,0,37.28131268,-76.70905141,51830.0,361.10739601444425,9.25925925925926,49,53,5,0,48,50,14896,1,0,0,1,3
2020-06-17,US,Virginia,Winchester,273,3,0,39.17054517,-78.17325058,51840.0,972.2914737516916,1.0989010989010992,270,269,3,0,266,265,28108,4,0,0,4,4
2020-06-17,US,Virginia,Wise,27,2,0,36.9746148,-82.62410519,51195.0,72.22534307037958,7.407407407407407,25,27,2,0,25,27,38012,0,0,0,0,0
2020-06-17,US,Virginia,Wythe,42,1,0,36.91582035,-81.07834059,51197.0,146.42309301352668,2.380952380952381,41,42,1,0,41,42,28754,0,0,0,0,0
2020-06-17,US,Virginia,York,94,3,0,37.24374789,-76.54412815,51199.0,137.66842413591095,3.191489361702128,91,94,3,0,91,93,67846,0,0,0,0,1
2020-06-17,US,Washington,Adams,101,0,0,46.98299757,-118.56017340000001,53001.0,505.42961517289694,0.0,101,100,0,0,100,93,19759,1,0,0,1,7
2020-06-17,US,Washington,Asotin,20,2,0,46.18894415,-117.2022851,53003.0,88.56611460455228,10.0,18,20,2,0,18,20,22610,0,0,0,0,0
2020-06-17,US,Washington,Benton,1236,74,0,46.23946995,-119.51208340000001,53005.0,604.7262586232204,5.9870550161812295,1162,1218,74,0,1144,1171,201877,18,0,0,18,47
2020-06-17,US,Washington,Chelan,276,6,0,47.87046092,-120.6173956,53007.0,357.5129533678756,2.1739130434782608,270,273,6,0,267,273,77036,3,0,0,3,0
2020-06-17,US,Washington,Clallam,32,0,0,48.04754642,-123.92263190000001,53009.0,41.38055889617359,0.0,32,29,0,0,29,29,76737,3,0,0,3,0
2020-06-17,US,Washington,Clark,630,27,0,45.77568046,-122.48292040000001,53011.0,129.03463658316284,4.285714285714286,603,629,27,0,602,620,481857,1,0,0,1,9
2020-06-17,US,Washington,Columbia,1,0,0,46.29442881,-117.9051983,53013.0,25.094102885821833,0.0,1,1,0,0,1,1,4059,0,0,0,0,0
2020-06-17,US,Washington,Cowlitz,120,0,0,46.19074721,-122.6782231,53015.0,108.50596330690009,0.0,120,118,0,0,118,109,108987,2,0,0,2,9
2020-06-17,US,Washington,Douglas,184,3,0,47.7361335,-119.69293700000001,53017.0,423.6800294733934,1.6304347826086956,181,183,3,0,180,183,42907,1,0,0,1,0
2020-06-17,US,Washington,Ferry,1,0,0,48.471143100000006,-118.5154041,53019.0,13.111315064901008,0.0,1,1,0,0,1,1,7649,0,0,0,0,0
2020-06-17,US,Washington,Franklin,1044,26,0,46.53351425,-118.9018212,53021.0,1096.3852891138604,2.490421455938697,1018,1005,26,0,979,946,94347,39,0,0,39,59
2020-06-17,US,Washington,Grant,310,5,0,47.20753737,-119.4500749,53025.0,317.1907134744661,1.6129032258064515,305,268,5,0,263,264,97331,42,0,0,42,4
2020-06-17,US,Washington,Grays Harbor,21,0,0,47.14003705,-123.7820567,53027.0,27.97724517392521,0.0,21,20,0,0,20,20,73901,1,0,0,1,0
2020-06-17,US,Washington,Island,184,11,0,48.14713305,-122.5216407,53029.0,216.11209640478737,5.978260869565218,173,183,11,0,172,182,84460,1,0,0,1,1
2020-06-17,US,Washington,Jefferson,32,0,0,47.75003077,-123.56097040000002,53031.0,99.31411191458986,0.0,32,32,0,0,32,32,31729,0,0,0,0,0
2020-06-17,US,Washington,King,8885,591,0,47.49137892,-121.8346131,53033.0,394.40123367462985,6.6516601012943175,8294,8850,595,0,8255,8785,2233163,35,-4,0,39,65
2020-06-17,US,Washington,Kitsap,180,2,0,47.63479026,-122.6436061,53035.0,66.30493640251517,1.1111111111111112,178,178,2,0,176,178,269805,2,0,0,2,0
2020-06-17,US,Washington,Kittitas,92,0,0,47.12521214,-120.67943899999999,53037.0,191.92656722645248,0.0,92,92,0,0,92,92,47364,0,0,0,0,0
2020-06-17,US,Washington,Klickitat,49,3,0,45.87325839,-120.7913598,53039.0,218.50613154960982,6.1224489795918355,46,49,3,0,46,46,22107,0,0,0,0,3
2020-06-17,US,Washington,Lewis,41,3,0,46.57756476,-122.39257690000001,53041.0,50.80104575811268,7.317073170731707,38,40,3,0,37,39,79604,1,0,0,1,1
2020-06-17,US,Washington,Lincoln,2,0,0,47.57705241,-118.41943880000001,53043.0,18.283206874485785,0.0,2,2,0,0,2,2,10740,0,0,0,0,0
2020-06-17,US,Washington,Mason,41,1,0,47.35007586,-123.1863685,53045.0,61.4066618739516,2.4390243902439024,40,40,1,0,39,40,65507,1,0,0,1,0
2020-06-17,US,Washington,Okanogan,61,1,0,48.54855019,-119.73872240000001,53047.0,144.4026229197737,1.639344262295082,60,58,1,0,57,58,42132,3,0,0,3,0
2020-06-17,US,Washington,Pacific,12,1,0,46.55418369,-123.7285716,53049.0,53.4021627875929,8.333333333333334,11,12,1,0,11,12,22036,0,0,0,0,0
2020-06-17,US,Washington,Pend Oreille,3,0,0,48.53234021,-117.2741804,53051.0,21.85951617604197,0.0,3,3,0,0,3,3,13602,0,0,0,0,0
2020-06-17,US,Washington,Pierce,2179,89,0,47.03892768,-122.14059579999999,53053.0,240.77880174147492,4.084442404772831,2090,2161,89,0,2072,2143,891299,18,0,0,18,18
2020-06-17,US,Washington,San Juan,16,0,0,48.60182783,-122.96745,53055.0,91.00216130133091,0.0,16,16,0,0,16,15,17128,0,0,0,0,1
2020-06-17,US,Washington,Skagit,469,15,0,48.48171488,-121.766131,53057.0,362.9890484114392,3.1982942430703623,454,464,15,0,449,463,128206,5,0,0,5,1
2020-06-17,US,Washington,Skamania,3,0,0,46.02408726,-121.91644029999999,53059.0,24.828271124720683,0.0,3,3,0,0,3,3,11924,0,0,0,0,0
2020-06-17,US,Washington,Snohomish,3187,159,0,48.04615983,-121.7170703,53061.0,387.67375070400436,4.989017885158456,3028,3171,158,0,3013,3152,814901,16,1,0,15,19
2020-06-17,US,Washington,Spokane,870,37,0,47.62113146,-117.4046494,53063.0,166.4122663055329,4.252873563218391,833,846,37,0,809,833,514631,24,0,0,24,13
2020-06-17,US,Washington,Stevens,16,1,0,48.40035475,-117.8542701,53065.0,34.993329396583775,6.25,15,15,1,0,14,15,45260,1,0,0,1,0
2020-06-17,US,Washington,Thurston,197,5,0,46.9291895,-122.82906559999999,53067.0,67.80571082413195,2.538071065989848,192,197,5,0,192,190,286419,0,0,0,0,7
2020-06-17,US,Washington,Unassigned,25,0,0,0.0,0.0,90053.0,0.0,0.0,25,47,0,0,47,91,,-22,0,0,-22,-44
2020-06-17,US,Washington,Wahkiakum,4,0,0,46.29180039999999,-123.4250831,53069.0,89.12655971479502,0.0,4,4,0,0,4,4,4426,0,0,0,0,0
2020-06-17,US,Washington,Walla Walla,124,3,0,46.23040051,-118.4775539,53071.0,204.08163265306126,2.419354838709677,121,122,3,0,119,120,60922,2,0,0,2,2
2020-06-17,US,Washington,Whatcom,457,39,0,48.82227976,-121.74900179999999,53073.0,199.34830117733281,8.533916849015316,418,455,39,0,416,453,225685,2,0,0,2,2
2020-06-17,US,Washington,Whitman,28,0,0,46.90022523,-117.52417630000001,53075.0,55.883761775506954,0.0,28,29,0,0,29,27,49791,-1,0,0,-1,2
2020-06-17,US,Washington,Yakima,5651,122,0,46.45738486,-120.73801259999999,53077.0,2252.5341507455964,2.15890992744647,5529,5597,124,0,5473,5450,251446,54,-2,0,56,147
2020-06-17,US,West Virginia,Barbour,11,1,0,39.1307219,-80.00350858,54001.0,66.90590596679034,9.090909090909092,10,10,1,0,9,10,16535,1,0,0,1,0
2020-06-17,US,West Virginia,Berkeley,407,9,0,39.46704621,-78.02414609,54003.0,341.5260424096466,2.211302211302211,398,399,9,0,390,395,117123,8,0,0,8,4
2020-06-17,US,West Virginia,Boone,20,0,0,38.01974191,-81.69888019,54005.0,93.20967516428206,0.0,20,19,0,0,19,18,21951,1,0,0,1,1
2020-06-17,US,West Virginia,Braxton,3,0,0,38.70036159,-80.72011184,54007.0,21.49459052805044,0.0,3,3,0,0,3,3,14089,0,0,0,0,0
2020-06-17,US,West Virginia,Brooke,6,0,0,40.27367263,-80.57915332,54009.0,27.34855736359907,0.0,6,6,0,0,6,6,22203,0,0,0,0,0
2020-06-17,US,West Virginia,Cabell,77,0,0,38.42424062,-82.23855912,54011.0,83.74571754853444,0.0,77,75,0,0,75,75,93224,2,0,0,2,0
2020-06-17,US,West Virginia,Calhoun,2,0,0,38.84315422,-81.11934872,54013.0,28.133352088901397,0.0,2,2,0,0,2,2,7254,0,0,0,0,0
2020-06-17,US,West Virginia,Clay,10,0,0,38.46231092,-81.07652217,54015.0,117.53643629525152,0.0,10,10,0,0,10,10,8632,0,0,0,0,0
2020-06-17,US,West Virginia,Fayette,54,4,0,38.02974928,-81.08286634,54019.0,127.34047068811016,7.407407407407407,50,54,4,0,50,54,43018,0,0,0,0,0
2020-06-17,US,West Virginia,Gilmer,10,0,0,38.9251277,-80.85952723,54021.0,127.82819890067749,0.0,10,10,0,0,10,10,8026,0,0,0,0,0
2020-06-17,US,West Virginia,Grant,16,0,0,39.10314817,-79.19440518,54023.0,138.31258644536652,0.0,16,16,0,0,16,16,11626,0,0,0,0,0
2020-06-17,US,West Virginia,Greenbrier,37,0,0,37.9463652,-80.45335881,54025.0,106.7451387686804,0.0,37,37,0,0,37,30,34786,0,0,0,0,7
2020-06-17,US,West Virginia,Hampshire,40,1,0,39.32103553,-78.60826476,54027.0,172.5997842502697,2.5,39,40,1,0,39,39,23347,0,0,0,0,1
2020-06-17,US,West Virginia,Hancock,20,0,0,40.51943859,-80.57461608,54029.0,69.42034015966678,0.0,20,20,0,0,20,20,29094,0,0,0,0,0
2020-06-17,US,West Virginia,Hardy,41,0,0,39.00683177,-78.85855301,54031.0,297.61904761904765,0.0,41,40,0,0,40,40,13775,1,0,0,1,0
2020-06-17,US,West Virginia,Harrison,49,1,0,39.2853852,-80.37919577,54033.0,72.85595337218984,2.0408163265306123,48,49,1,0,48,48,67554,0,0,0,0,1
2020-06-17,US,West Virginia,Jackson,141,18,0,38.84263974,-81.68148753,54035.0,493.4210526315789,12.76595744680851,123,141,18,0,123,141,28706,0,0,0,0,0
2020-06-17,US,West Virginia,Jefferson,213,4,0,39.30776166,-77.86014147,54037.0,372.7294998775067,1.8779342723004693,209,211,4,0,207,209,56811,2,0,0,2,2
2020-06-17,US,West Virginia,Kanawha,253,20,0,38.33860077,-81.52857054,54039.0,142.035885113741,7.905138339920947,233,249,20,0,229,247,180454,4,0,0,4,2
2020-06-17,US,West Virginia,Lewis,8,1,0,38.9947249,-80.49988181,54041.0,50.292324134029045,12.5,7,8,1,0,7,8,16024,0,0,0,0,0
2020-06-17,US,West Virginia,Lincoln,5,0,0,38.172154,-82.07017953,54043.0,24.498995541182808,0.0,5,5,0,0,5,5,20599,0,0,0,0,0
2020-06-17,US,West Virginia,Logan,21,1,0,37.8299889,-81.93528571,54045.0,65.58605827789751,4.761904761904762,20,21,1,0,20,21,32607,0,0,0,0,0
2020-06-17,US,West Virginia,Marion,53,2,0,39.50984542,-80.24244659,54049.0,94.5213297189328,3.7735849056603774,51,53,2,0,51,53,56097,0,0,0,0,0
2020-06-17,US,West Virginia,Marshall,38,0,0,39.86064362,-80.66591062,54051.0,124.46365988667256,0.0,38,38,0,0,38,37,30785,0,0,0,0,1
2020-06-17,US,West Virginia,Mason,15,0,0,38.77071799,-82.02524219,54053.0,56.569618343641565,0.0,15,15,0,0,15,15,26718,0,0,0,0,0
2020-06-17,US,West Virginia,McDowell,6,0,0,37.38002939,-81.65083669,54047.0,34.04448479346346,0.0,6,6,0,0,6,6,18223,0,0,0,0,0
2020-06-17,US,West Virginia,Mercer,15,0,0,37.40481169,-81.11023142,54055.0,25.52843868069029,0.0,15,14,0,0,14,14,59131,1,0,0,1,0
2020-06-17,US,West Virginia,Mineral,52,2,0,39.41561583,-78.94104895,54057.0,193.53878219443203,3.8461538461538463,50,51,2,0,49,51,26940,1,0,0,1,0
2020-06-17,US,West Virginia,Mingo,12,2,0,37.73048351,-82.13338365,54059.0,51.22950819672131,16.666666666666668,10,12,2,0,10,12,23785,0,0,0,0,0
2020-06-17,US,West Virginia,Monongalia,147,5,0,39.63218457,-80.04766838,54061.0,139.18872855357347,3.4013605442176873,142,145,5,0,140,145,106420,2,0,0,2,0
2020-06-17,US,West Virginia,Monroe,9,0,0,37.56274716,-80.54577965,54063.0,67.79661016949153,0.0,9,9,0,0,9,9,13280,0,0,0,0,0
2020-06-17,US,West Virginia,Morgan,19,0,0,39.55439028,-78.26311676,54065.0,106.24021471706553,0.0,19,19,0,0,19,19,17787,0,0,0,0,0
2020-06-17,US,West Virginia,Nicholas,7,1,0,38.29617706,-80.79759588,54067.0,28.576094056172444,14.285714285714285,6,7,1,0,6,7,24842,0,0,0,0,0
2020-06-17,US,West Virginia,Ohio,58,1,0,40.0955451,-80.62203992,54069.0,140.0594045060491,1.7241379310344829,57,56,1,0,55,57,41755,2,0,0,2,-1
2020-06-17,US,West Virginia,Pendleton,13,1,0,38.68314479,-79.35084086,54071.0,186.5403931697517,7.6923076923076925,12,13,1,0,12,13,6997,0,0,0,0,0
2020-06-17,US,West Virginia,Pleasants,4,0,0,39.37091679,-81.16771771,54073.0,53.61930294906166,0.0,4,4,0,0,4,4,7507,0,0,0,0,0
2020-06-17,US,West Virginia,Pocahontas,21,0,0,38.32758728,-80.00993811,54075.0,254.63805020007274,0.0,21,21,0,0,21,21,8414,0,0,0,0,0
2020-06-17,US,West Virginia,Preston,29,2,0,39.46770987,-79.66712803,54077.0,86.74324000957165,6.896551724137932,27,25,2,0,23,24,33839,4,0,0,4,1
2020-06-17,US,West Virginia,Putnam,40,0,0,38.50782345,-81.9082131,54079.0,70.859167404783,0.0,40,42,0,0,42,42,56682,-2,0,0,-2,0
2020-06-17,US,West Virginia,Raleigh,27,0,0,37.76936795,-81.2456041,54081.0,36.804296560842964,0.0,27,25,0,0,25,26,74254,2,0,0,2,-1
2020-06-17,US,West Virginia,Randolph,144,0,0,38.769899,-79.87919615,54083.0,501.829587036069,0.0,144,141,0,0,141,140,28823,3,0,0,3,1
2020-06-17,US,West Virginia,Ritchie,2,0,0,39.18094587,-81.06356878,54085.0,20.933640360058615,0.0,2,2,0,0,2,2,9721,0,0,0,0,0
2020-06-17,US,West Virginia,Roane,11,1,0,38.71622686,-81.35243568,54087.0,80.3623611922852,9.090909090909092,10,11,1,0,10,11,13932,0,0,0,0,0
2020-06-17,US,West Virginia,Summers,1,0,0,37.65390597,-80.86009693,54089.0,7.953551260637875,0.0,1,1,0,0,1,1,12760,0,0,0,0,0
2020-06-17,US,West Virginia,Taylor,12,0,0,39.33602617,-80.0421439,54091.0,71.87780772686433,0.0,12,10,0,0,10,10,16862,2,0,0,2,0
2020-06-17,US,West Virginia,Tucker,5,0,0,39.11240885,-79.57053576,54093.0,73.11010381634742,0.0,5,5,0,0,5,5,6955,0,0,0,0,0
2020-06-17,US,West Virginia,Tyler,3,0,0,39.46811972,-80.88772676,54095.0,34.920265394016994,0.0,3,3,0,0,3,3,8746,0,0,0,0,0
2020-06-17,US,West Virginia,Upshur,9,0,0,38.89285061,-80.23689136,54097.0,37.22700198544009,0.0,9,7,0,0,7,7,24415,2,0,0,2,0
2020-06-17,US,West Virginia,Wayne,106,9,0,38.14901357,-82.42287994,54099.0,269.0218770620781,8.49056603773585,97,106,9,0,97,106,39944,0,0,0,0,0
2020-06-17,US,West Virginia,Wetzel,9,0,0,39.6065771,-80.64016540000001,54103.0,59.741121805509465,0.0,9,9,0,0,9,9,15270,0,0,0,0,0
2020-06-17,US,West Virginia,Wirt,4,0,0,39.02775007,-81.37473928,54105.0,68.7167153410067,0.0,4,4,0,0,4,4,5830,0,0,0,0,0
2020-06-17,US,West Virginia,Wood,56,2,0,39.20967886,-81.5162836,54107.0,67.05141406642879,3.571428571428572,54,56,2,0,54,56,84203,0,0,0,0,0
2020-06-17,US,West Virginia,Wyoming,5,0,0,37.612327,-81.54511071,54109.0,24.517014808276944,0.0,5,5,0,0,5,5,20786,0,0,0,0,0
2020-06-17,US,Wisconsin,Adams,9,2,0,43.96974651,-89.76782777,55001.0,44.51038575667656,22.222222222222218,7,8,2,0,6,8,20348,1,0,0,1,0
2020-06-17,US,Wisconsin,Ashland,3,0,0,46.31956891,-90.67837132,55003.0,19.27772779848349,0.0,3,3,0,0,3,3,15600,0,0,0,0,0
2020-06-17,US,Wisconsin,Barron,26,0,0,45.42372701,-91.84833627,55005.0,57.466183361329676,0.0,26,26,0,0,26,25,45164,0,0,0,0,1
2020-06-17,US,Wisconsin,Bayfield,3,1,0,46.52868768,-91.19716729,55007.0,19.952114924181963,33.333333333333336,2,3,1,0,2,3,15042,0,0,0,0,0
2020-06-17,US,Wisconsin,Brown,2507,39,0,44.452655299999996,-88.00411844,55009.0,947.6756053859124,1.5556441962504983,2468,2492,39,0,2453,2469,263378,15,0,0,15,23
2020-06-17,US,Wisconsin,Buffalo,7,2,0,44.37835084,-91.75332578,55011.0,53.718056941140354,28.57142857142857,5,7,2,0,5,7,13125,0,0,0,0,0
2020-06-17,US,Wisconsin,Burnett,3,1,0,45.86303537,-92.36711412,55013.0,19.46282600233554,33.333333333333336,2,3,1,0,2,2,15392,0,0,0,0,1
2020-06-17,US,Wisconsin,Calumet,88,2,0,44.0816316,-88.21780273,55015.0,175.68727664756733,2.272727272727273,86,87,2,0,85,86,50159,1,0,0,1,1
2020-06-17,US,Wisconsin,Chippewa,63,0,0,45.06939744,-91.28068855,55017.0,97.43573881035604,0.0,63,63,0,0,63,62,64135,0,0,0,0,1
2020-06-17,US,Wisconsin,Clark,53,4,0,44.73483377,-90.61207486,55019.0,152.4127221487318,7.547169811320754,49,51,4,0,47,51,34709,2,0,0,2,0
2020-06-17,US,Wisconsin,Columbia,59,1,0,43.46492199,-89.33589004,55021.0,102.55162344434403,1.6949152542372878,58,58,1,0,57,56,57358,1,0,0,1,2
2020-06-17,US,Wisconsin,Crawford,27,0,0,43.23870316,-90.93073686,55023.0,167.37957969127766,0.0,27,27,0,0,27,27,16291,0,0,0,0,0
2020-06-17,US,Wisconsin,Dane,1000,31,0,43.06601594,-89.41733797,55025.0,182.91734879594654,3.1,969,980,30,0,950,968,542364,20,1,0,19,12
2020-06-17,US,Wisconsin,Dodge,425,5,0,43.41576662,-88.70928178,55027.0,483.83975227404676,1.1764705882352942,420,424,4,0,420,424,87847,1,1,0,0,0
2020-06-17,US,Wisconsin,Door,39,3,0,44.95856458,-87.30002707,55029.0,140.95706231025008,7.6923076923076925,36,39,3,0,36,39,27610,0,0,0,0,0
2020-06-17,US,Wisconsin,Douglas,20,0,0,46.43222285,-91.91595768,55031.0,46.349942062572424,0.0,20,20,0,0,20,20,43208,0,0,0,0,0
2020-06-17,US,Wisconsin,Dunn,29,0,0,44.94562799,-91.8962481,55033.0,63.921706929994706,0.0,29,29,0,0,29,29,45131,0,0,0,0,0
2020-06-17,US,Wisconsin,Eau Claire,140,0,0,44.726614,-91.28609183,55035.0,133.78437780708293,0.0,140,138,0,0,138,137,104534,2,0,0,2,1
2020-06-17,US,Wisconsin,Florence,2,0,0,45.84963535,-88.39804137,55037.0,46.56577415599534,0.0,2,2,0,0,2,2,4321,0,0,0,0,0
2020-06-17,US,Wisconsin,Fond du Lac,274,6,0,43.75354908,-88.48885325,55039.0,264.982640735762,2.18978102189781,268,272,6,0,266,269,103066,2,0,0,2,3
2020-06-17,US,Wisconsin,Forest,34,2,0,45.66678019,-88.77084892,55041.0,377.6099511328298,5.882352941176472,32,34,2,0,32,34,8991,0,0,0,0,0
2020-06-17,US,Wisconsin,Grant,113,12,0,42.8671731,-90.7063218,55043.0,219.67767647116005,10.619469026548671,101,107,12,0,95,107,51554,6,0,0,6,0
2020-06-17,US,Wisconsin,Green,78,1,0,42.6794956,-89.60243287,55045.0,211.03896103896102,1.2820512820512822,77,77,1,0,76,75,36929,1,0,0,1,2
2020-06-17,US,Wisconsin,Green Lake,24,0,0,43.80025981,-89.04679553,55047.0,126.8968434410194,0.0,24,24,0,0,24,24,18918,0,0,0,0,0
2020-06-17,US,Wisconsin,Iowa,18,0,0,43.00050278,-90.13469017,55049.0,76.01993411605709,0.0,18,17,0,0,17,17,23771,1,0,0,1,0
2020-06-17,US,Wisconsin,Iron,2,1,0,46.26302338,-90.24295041,55051.0,35.16792685071215,50.0,1,2,1,0,1,2,5676,0,0,0,0,0
2020-06-17,US,Wisconsin,Jackson,22,1,0,44.31864893,-90.80566792,55053.0,106.57365692970984,4.545454545454546,21,21,1,0,20,21,20478,1,0,0,1,0
2020-06-17,US,Wisconsin,Jefferson,161,4,0,43.02054068,-88.77529134,55055.0,189.9279217638524,2.4844720496894412,157,161,4,0,157,160,85129,0,0,0,0,1
2020-06-17,US,Wisconsin,Juneau,25,1,0,43.92456975,-90.11120239,55057.0,93.67857009030615,4.0,24,25,1,0,24,25,26617,0,0,0,0,0
2020-06-17,US,Wisconsin,Kenosha,1382,37,0,42.57639354,-88.04051686,55059.0,815.0459126803923,2.6772793053545585,1345,1374,37,0,1337,1357,169290,8,0,0,8,17
2020-06-17,US,Wisconsin,Kewaunee,39,1,0,44.51727459,-87.61468386,55061.0,190.85837329940296,2.5641025641025643,38,39,1,0,38,37,20383,0,0,0,0,2
2020-06-17,US,Wisconsin,La Crosse,152,0,0,43.90632465,-91.11451093,55063.0,128.79609544468548,0.0,152,132,0,0,132,123,118230,20,0,0,20,9
2020-06-17,US,Wisconsin,Lafayette,43,0,0,42.66005229,-90.1317729,55065.0,258.02580258025796,0.0,43,43,0,0,43,43,16665,0,0,0,0,0
2020-06-17,US,Wisconsin,Langlade,6,0,0,45.26271619,-89.07483625,55067.0,31.26791390901037,0.0,6,6,0,0,6,6,19268,0,0,0,0,0
2020-06-17,US,Wisconsin,Lincoln,8,0,0,45.33737523,-89.73411273,55069.0,28.99286050809988,0.0,8,7,0,0,7,8,27689,1,0,0,1,-1
2020-06-17,US,Wisconsin,Manitowoc,50,1,0,44.11946801,-87.80928853,55071.0,63.3063648219192,2.0,49,48,1,0,47,47,79074,2,0,0,2,1
2020-06-17,US,Wisconsin,Marathon,88,1,0,44.89792533,-89.75863384,55073.0,64.8527547681514,1.1363636363636365,87,83,1,0,82,82,135428,5,0,0,5,1
2020-06-17,US,Wisconsin,Marinette,40,3,0,45.38553432,-88.03324599999998,55075.0,99.13258983890955,7.5,37,40,3,0,37,40,40434,0,0,0,0,0
2020-06-17,US,Wisconsin,Marquette,9,1,0,43.81911946,-89.40073763,55077.0,57.78862206241171,11.111111111111109,8,9,1,0,8,9,15434,0,0,0,0,0
2020-06-17,US,Wisconsin,Menominee,4,0,0,45.00422544,-88.70950714,55078.0,87.7963125548727,0.0,4,4,0,0,4,4,4658,0,0,0,0,0
2020-06-17,US,Wisconsin,Milwaukee,9750,356,0,43.00486062,-87.96733172,55079.0,1030.9539972465598,3.651282051282051,9394,9658,352,0,9306,9588,948201,92,4,0,88,70
2020-06-17,US,Wisconsin,Monroe,38,1,0,43.94641218,-90.61881899999999,55081.0,82.15683307028733,2.631578947368421,37,36,1,0,35,33,46051,2,0,0,2,3
2020-06-17,US,Wisconsin,Oconto,45,0,0,45.02715345,-88.26807503,55083.0,118.63959926179804,0.0,45,45,0,0,45,45,37830,0,0,0,0,0
2020-06-17,US,Wisconsin,Oneida,17,0,0,45.70677897,-89.51944105,55085.0,47.75951678606546,0.0,17,17,0,0,17,16,35470,0,0,0,0,1
2020-06-17,US,Wisconsin,Outagamie,354,8,0,44.41578887,-88.46565023,55087.0,188.4131250498976,2.2598870056497176,346,345,8,0,337,343,187365,9,0,0,9,2
2020-06-17,US,Wisconsin,Ozaukee,199,15,0,43.38352225,-87.94625009,55089.0,223.04166059559967,7.537688442211055,184,199,15,0,184,193,89147,0,0,0,0,6
2020-06-17,US,Wisconsin,Pepin,1,0,0,44.58307413,-91.99949611,55091.0,13.723068478111706,0.0,1,1,0,0,1,1,7289,0,0,0,0,0
2020-06-17,US,Wisconsin,Pierce,57,0,0,44.71850291,-92.4224416,55093.0,133.3208588670066,0.0,57,57,0,0,57,57,42555,0,0,0,0,0
2020-06-17,US,Wisconsin,Polk,37,1,0,45.46130348,-92.44182875,55095.0,84.50768563140943,2.702702702702702,36,36,1,0,35,37,43598,1,0,0,1,-1
2020-06-17,US,Wisconsin,Portage,82,0,0,44.47558711,-89.50152965,55097.0,115.86503136833777,0.0,82,82,0,0,82,79,70942,0,0,0,0,3
2020-06-17,US,Wisconsin,Price,2,0,0,45.68051754,-90.36098879999999,55099.0,14.980151299528124,0.0,2,2,0,0,2,2,13397,0,0,0,0,0
2020-06-17,US,Wisconsin,Racine,2039,56,0,42.74753117,-88.05941254,55101.0,1038.6580476896354,2.746444335458558,1983,2033,55,0,1978,1991,196584,6,1,0,5,42
2020-06-17,US,Wisconsin,Richland,14,4,0,43.3762778,-90.43012729,55103.0,81.1500115928588,28.57142857142857,10,14,4,0,10,14,17377,0,0,0,0,0
2020-06-17,US,Wisconsin,Rock,767,22,0,42.67151616,-89.07147900000002,55105.0,469.5324265092988,2.86831812255541,745,761,22,0,739,754,163129,6,0,0,6,7
2020-06-17,US,Wisconsin,Rusk,10,0,0,45.47498854,-91.1333012,55107.0,70.53180984624065,0.0,10,10,0,0,10,10,14147,0,0,0,0,0
2020-06-17,US,Wisconsin,Sauk,87,3,0,43.42574087,-89.94966132,55111.0,135.0051208838956,3.4482758620689653,84,87,3,0,84,85,64249,0,0,0,0,2
2020-06-17,US,Wisconsin,Sawyer,9,0,0,45.87931905,-91.14504927,55113.0,54.35439062688731,0.0,9,9,0,0,9,9,16489,0,0,0,0,0
2020-06-17,US,Wisconsin,Shawano,64,0,0,44.78902246,-88.76443896,55115.0,156.4830435951979,0.0,64,64,0,0,64,64,40796,0,0,0,0,0
2020-06-17,US,Wisconsin,Sheboygan,171,4,0,43.72099677,-87.94579284,55117.0,148.25732616611756,2.3391812865497075,167,166,4,0,162,158,115456,5,0,0,5,8
2020-06-17,US,Wisconsin,St. Croix,116,0,0,45.03437474,-92.45000068,55109.0,127.91249021359181,0.0,116,116,0,0,116,111,89694,0,0,0,0,5
2020-06-17,US,Wisconsin,Taylor,5,0,0,45.21179252,-90.5004405,55119.0,24.5784790837143,0.0,5,5,0,0,5,5,20412,0,0,0,0,0
2020-06-17,US,Wisconsin,Trempealeau,80,0,0,44.30360275,-91.35893614,55121.0,269.8236028196566,0.0,80,71,0,0,71,64,29442,9,0,0,9,7
2020-06-17,US,Wisconsin,Vernon,26,0,0,43.59422667,-90.8324691,55123.0,84.35533060800726,0.0,26,24,0,0,24,24,30785,2,0,0,2,0
2020-06-17,US,Wisconsin,Vilas,8,0,0,46.05467334,-89.51719204,55125.0,36.044154088758724,0.0,8,8,0,0,8,8,21938,0,0,0,0,0
2020-06-17,US,Wisconsin,Walworth,481,17,0,42.66858202,-88.54163073,55127.0,463.0877652404976,3.5343035343035343,464,480,17,0,463,471,103718,1,0,0,1,9
2020-06-17,US,Wisconsin,Washburn,3,0,0,45.89838588,-91.79050449,55129.0,19.083969465648856,0.0,3,3,0,0,3,3,15878,0,0,0,0,0
2020-06-17,US,Wisconsin,Washington,299,12,0,43.36863664,-88.22974712,55131.0,219.79799167855091,4.013377926421405,287,296,11,0,285,294,135693,3,1,0,2,2
2020-06-17,US,Wisconsin,Waukesha,942,35,0,43.01833055,-88.30431188,55133.0,233.05409724936786,3.7154989384288752,907,928,35,0,893,915,403072,14,0,0,14,13
2020-06-17,US,Wisconsin,Waupaca,82,5,0,44.47068056,-88.96534501,55135.0,160.81584624436164,6.097560975609755,77,80,4,0,76,79,51128,2,1,0,1,1
2020-06-17,US,Wisconsin,Waushara,20,0,0,44.11324419,-89.24317107,55137.0,81.82301681462995,0.0,20,20,0,0,20,16,24263,0,0,0,0,4
2020-06-17,US,Wisconsin,Winnebago,551,10,0,44.06886922,-88.64477096,55139.0,320.5221427865066,1.8148820326678765,541,537,9,0,528,532,171020,14,1,0,13,5
2020-06-17,US,Wisconsin,Wood,25,1,0,44.45537896,-90.04158336,55141.0,34.24704448006137,4.0,24,23,1,0,22,23,73055,2,0,0,2,0
2020-06-17,US,Wyoming,Albany,28,0,0,41.65498705,-105.72354150000001,56001.0,72.0164609053498,0.0,28,28,0,0,28,27,38601,0,0,0,0,1
2020-06-17,US,Wyoming,Big Horn,11,0,0,44.52405055,-107.9960365,56003.0,93.29940627650551,0.0,11,11,0,0,11,11,11881,0,0,0,0,0
2020-06-17,US,Wyoming,Campbell,46,0,0,44.24886082,-105.54744040000001,56005.0,99.2641505362422,0.0,46,46,0,0,46,45,46140,0,0,0,0,1
2020-06-17,US,Wyoming,Carbon,21,0,0,41.69357844,-106.9326084,56007.0,141.8918918918919,0.0,21,22,0,0,22,22,14971,-1,0,0,-1,0
2020-06-17,US,Wyoming,Converse,24,0,0,42.97272268,-105.5081848,56009.0,173.63623209376357,0.0,24,24,0,0,24,24,13640,0,0,0,0,0
2020-06-17,US,Wyoming,Crook,6,0,0,44.58855102,-104.56977049999999,56011.0,79.11392405063293,0.0,6,6,0,0,6,6,7450,0,0,0,0,0
2020-06-17,US,Wyoming,Fremont,315,0,0,43.04183996,-108.6296893,56013.0,802.3229158707113,0.0,315,310,0,0,310,308,39531,5,0,0,5,2
2020-06-17,US,Wyoming,Goshen,5,0,0,42.08798185,-104.3534743,56015.0,37.847248505033676,0.0,5,5,0,0,5,5,13376,0,0,0,0,0
2020-06-17,US,Wyoming,Hot Springs,12,0,0,43.71930657,-108.44231740000001,56017.0,271.92386131883075,0.0,12,12,0,0,12,12,4555,0,0,0,0,0
2020-06-17,US,Wyoming,Johnson,19,1,0,44.04057166,-106.58451740000001,56019.0,224.98519834221432,5.2631578947368425,18,18,1,0,17,18,8460,1,0,0,1,0
2020-06-17,US,Wyoming,Laramie,197,0,0,41.30702520000001,-104.6887497,56021.0,197.9899497487437,0.0,197,196,0,0,196,196,98976,1,0,0,1,0
2020-06-17,US,Wyoming,Lincoln,15,0,0,42.26376367,-110.6563997,56023.0,75.642965204236,0.0,15,15,0,0,15,15,19434,0,0,0,0,0
2020-06-17,US,Wyoming,Natrona,88,0,0,42.96180148,-106.79788500000001,56025.0,110.19559718500338,0.0,88,88,0,0,88,87,79115,0,0,0,0,1
2020-06-17,US,Wyoming,Niobrara,2,0,0,43.05607708,-104.47588959999999,56027.0,84.88964346349746,0.0,2,2,0,0,2,2,2388,0,0,0,0,0
2020-06-17,US,Wyoming,Park,8,0,0,44.52157546,-109.58528249999999,56029.0,27.40289100500103,0.0,8,7,0,0,7,5,29324,1,0,0,1,2
2020-06-17,US,Wyoming,Platte,1,0,0,42.13299116,-104.96633100000001,56031.0,11.914690813773385,0.0,1,1,0,0,1,1,8566,0,0,0,0,0
2020-06-17,US,Wyoming,Sheridan,19,0,0,44.79048913,-106.8862389,56033.0,62.325733967525004,0.0,19,19,0,0,19,19,30233,0,0,0,0,0
2020-06-17,US,Wyoming,Sublette,3,0,0,42.76558279,-109.91309220000001,56035.0,30.515715593530675,0.0,3,3,0,0,3,3,9813,0,0,0,0,0
2020-06-17,US,Wyoming,Sweetwater,43,0,0,41.65943896,-108.8827882,56037.0,101.55161419833266,0.0,43,40,0,0,40,40,43051,3,0,0,3,0
2020-06-17,US,Wyoming,Teton,107,0,0,43.93522482,-110.5890801,56039.0,456.017729287419,0.0,107,105,0,0,105,105,23081,2,0,0,2,0
2020-06-17,US,Wyoming,Uinta,104,0,0,41.2878183,-110.54757820000002,56041.0,514.1896568772867,0.0,104,91,0,0,91,88,20299,13,0,0,13,3
2020-06-17,US,Wyoming,Unassigned,0,17,0,0.0,0.0,90056.0,0.0,0.0,-17,0,17,0,-17,0,,0,0,0,0,0
2020-06-17,US,Wyoming,Washakie,39,0,0,43.90451606,-107.68018700000002,56043.0,499.6796925048046,0.0,39,39,0,0,39,39,7885,0,0,0,0,0
2020-06-17,US,Wyoming,Weston,1,0,0,43.83961191,-104.56748809999999,56045.0,14.436263894903998,0.0,1,1,0,0,1,1,6967,0,0,0,0,0
