Date,Country/Region,Province/State,Admin2,Confirmed,Deaths,Recovered,Latitude,Longitude,FIPS,Incidence_Rate,Case-Fatality_Ratio,Active Cases,Previous Confirmed,Previous Deaths,Previous Recovered,Previous Active,Prev2 Confirmed,Population,Daily Confirmed,Daily Deaths,Daily Recovered,Daily Active,Previous Daily Confirmed
2020-06-12,US,Alabama,Autauga,323,6,0,32.53952745,-86.64408227,1001.0,578.1381445882332,1.8575851393188851,317,312,6,0,306,295,55601,11,0,0,11,17
2020-06-12,US,Alabama,Baldwin,353,9,0,30.72774991,-87.72207058,1003.0,158.13003395540105,2.54957507082153,344,343,9,0,334,331,218022,10,0,0,10,12
2020-06-12,US,Alabama,Barbour,221,1,0,31.868263,-85.3871286,1005.0,895.2442680061572,0.4524886877828054,220,214,1,0,213,208,24881,7,0,0,7,6
2020-06-12,US,Alabama,Bibb,97,1,0,32.99642064,-87.12511459999996,1007.0,433.15173707243,1.0309278350515465,96,93,1,0,92,89,22400,4,0,0,4,4
2020-06-12,US,Alabama,Blount,95,1,0,33.98210918,-86.56790593,1009.0,164.28596133227268,1.0526315789473684,94,87,1,0,86,79,57840,8,0,0,8,8
2020-06-12,US,Alabama,Bullock,258,8,0,32.10030533,-85.71265535,1011.0,2554.202554202554,3.1007751937984502,250,253,8,0,245,248,10138,5,0,0,5,5
2020-06-12,US,Alabama,Butler,499,25,0,31.75300095,-86.68057478,1013.0,2565.8165364047723,5.0100200400801596,474,484,25,0,459,471,19680,15,0,0,15,13
2020-06-12,US,Alabama,Calhoun,188,3,0,33.77483727,-85.82630386,1015.0,165.48567404603668,1.5957446808510638,185,184,3,0,181,182,114277,4,0,0,4,2
2020-06-12,US,Alabama,Chambers,427,26,0,32.91360079,-85.39072749,1017.0,1284.0560534071092,6.088992974238876,401,417,26,0,391,401,33615,10,0,0,10,16
2020-06-12,US,Alabama,Cherokee,46,5,0,34.17805983,-85.60638968,1019.0,175.59932814170105,10.869565217391305,41,42,4,0,38,42,26032,4,1,0,3,0
2020-06-12,US,Alabama,Chilton,122,2,0,32.85044126,-86.7173256,1021.0,274.6016025929594,1.639344262295082,120,121,2,0,119,118,44153,1,0,0,1,3
2020-06-12,US,Alabama,Choctaw,166,11,0,32.02227341,-88.26564429999998,1023.0,1318.6114862181266,6.626506024096385,155,162,11,0,151,158,12841,4,0,0,4,4
2020-06-12,US,Alabama,Clarke,175,3,0,31.68099859,-87.83548597,1025.0,740.8348150029633,1.7142857142857142,172,165,3,0,162,163,23920,10,0,0,10,2
2020-06-12,US,Alabama,Clay,30,2,0,33.26984193,-85.85836077,1027.0,226.67170381564037,6.666666666666668,28,30,2,0,28,30,13275,0,0,0,0,0
2020-06-12,US,Alabama,Cleburne,20,1,0,33.67679204,-85.52005899,1029.0,134.1381623071764,5.0,19,20,1,0,19,19,14987,0,0,0,0,1
2020-06-12,US,Alabama,Coffee,265,1,0,31.39932826,-85.98901039,1031.0,506.28558327920217,0.37735849056603776,264,260,1,0,259,250,51909,5,0,0,5,10
2020-06-12,US,Alabama,Colbert,241,5,0,34.69847452,-87.80168544,1033.0,436.27016165529227,2.074688796680498,236,230,5,0,225,219,54762,11,0,0,11,11
2020-06-12,US,Alabama,Conecuh,76,1,0,31.43401703,-86.99320044,1035.0,629.8168558879589,1.3157894736842106,75,70,1,0,69,64,12277,6,0,0,6,6
2020-06-12,US,Alabama,Coosa,43,1,0,32.93690146,-86.24847739,1037.0,403.2636218700178,2.3255813953488373,42,43,1,0,42,41,10715,0,0,0,0,2
2020-06-12,US,Alabama,Covington,106,1,0,31.247785399999998,-86.45050893,1039.0,286.10758724931844,0.9433962264150944,105,98,1,0,97,92,36986,8,0,0,8,6
2020-06-12,US,Alabama,Crenshaw,105,3,0,31.72941803,-86.31593104,1041.0,762.4164972407783,2.8571428571428568,102,99,3,0,96,96,13824,6,0,0,6,3
2020-06-12,US,Alabama,Cullman,239,1,0,34.13020303,-86.86888037,1043.0,285.3118135803648,0.41841004184100417,238,220,1,0,219,212,83442,19,0,0,19,8
2020-06-12,US,Alabama,Dale,164,0,0,31.43037123,-85.61095742,1045.0,333.5231432522574,0.0,164,149,0,0,149,141,48956,15,0,0,15,8
2020-06-12,US,Alabama,Dallas,421,6,0,32.32688101,-87.10866709999998,1047.0,1131.8421335627486,1.4251781472684086,415,406,6,0,400,375,38310,15,0,0,15,31
2020-06-12,US,Alabama,DeKalb,303,5,0,34.45946862,-85.80782906,1049.0,423.69918756030364,1.6501650165016502,298,291,5,0,286,278,71385,12,0,0,12,13
2020-06-12,US,Alabama,Elmore,485,9,0,32.59785413,-86.14415284,1051.0,597.2244455663781,1.855670103092784,476,471,9,0,462,447,81887,14,0,0,14,24
2020-06-12,US,Alabama,Escambia,99,3,0,31.1256789,-87.15918694,1053.0,270.2481369257227,3.0303030303030303,96,93,3,0,90,91,36748,6,0,0,6,2
2020-06-12,US,Alabama,Etowah,298,12,0,34.04567266,-86.04051873,1055.0,291.39124652872846,4.026845637583893,286,287,12,0,275,280,102501,11,0,0,11,7
2020-06-12,US,Alabama,Fayette,26,0,0,33.72076938,-87.73886638,1057.0,159.48963317384369,0.0,26,23,0,0,23,23,16433,3,0,0,3,0
2020-06-12,US,Alabama,Franklin,665,10,0,34.44235334,-87.84289505,1059.0,2120.400484662968,1.5037593984962403,655,652,10,0,642,634,31363,13,0,0,13,18
2020-06-12,US,Alabama,Geneva,46,0,0,31.09389027,-85.83572839,1061.0,175.09801682463555,0.0,46,46,0,0,46,46,26314,0,0,0,0,0
2020-06-12,US,Alabama,Greene,117,5,0,32.85504247,-87.95684022,1063.0,1442.4855135001847,4.2735042735042725,112,112,5,0,107,107,8233,5,0,0,5,5
2020-06-12,US,Alabama,Hale,223,14,0,32.76039258,-87.63284988,1065.0,1522.0804040679818,6.278026905829598,209,219,11,0,208,210,14726,4,3,0,1,9
2020-06-12,US,Alabama,Henry,97,2,0,31.51148016,-85.24267944,1067.0,563.7895960476606,2.061855670103093,95,94,2,0,92,93,17209,3,0,0,3,1
2020-06-12,US,Alabama,Houston,279,5,0,31.15197924,-85.29939599,1069.0,263.5008783362611,1.7921146953405018,274,270,5,0,265,259,104722,9,0,0,9,11
2020-06-12,US,Alabama,Jackson,113,3,0,34.78144169,-85.99750489,1071.0,218.88195870297912,2.6548672566371683,110,107,3,0,104,101,51736,6,0,0,6,6
2020-06-12,US,Alabama,Jefferson,2339,117,0,33.55554728,-86.89506300000002,1073.0,355.16184234701393,5.002137665669089,2222,2250,116,0,2134,2187,659300,89,1,0,88,63
2020-06-12,US,Alabama,Lamar,34,0,0,33.77995024,-88.09668032,1075.0,246.2875769648678,0.0,34,30,0,0,30,30,13844,4,0,0,4,0
2020-06-12,US,Alabama,Lauderdale,216,3,0,34.90171875,-87.65624729,1077.0,232.93683745106708,1.3888888888888888,213,207,3,0,204,196,92387,9,0,0,9,11
2020-06-12,US,Alabama,Lawrence,60,0,0,34.52041498,-87.31069453,1079.0,182.23788118090144,0.0,60,60,0,0,60,58,32957,0,0,0,0,2
2020-06-12,US,Alabama,Lee,642,35,0,32.60154883,-85.35132246,1081.0,390.1739373533809,5.451713395638629,607,625,35,0,590,605,163941,17,0,0,17,20
2020-06-12,US,Alabama,Limestone,175,0,0,34.81185586,-86.98310072,1083.0,176.91957741495224,0.0,175,162,0,0,162,151,96174,13,0,0,13,11
2020-06-12,US,Alabama,Lowndes,336,13,0,32.1597283,-86.65158371,1085.0,3454.6576187538562,3.8690476190476186,323,326,13,0,313,307,9974,10,0,0,10,19
2020-06-12,US,Alabama,Macon,117,5,0,32.38759944,-85.69267724,1087.0,647.5536860748283,4.2735042735042725,112,110,5,0,105,105,18439,7,0,0,7,5
2020-06-12,US,Alabama,Madison,456,5,0,34.76327133,-86.55069633,1089.0,122.28184355968881,1.0964912280701755,451,428,5,0,423,413,366519,28,0,0,28,15
2020-06-12,US,Alabama,Marengo,204,9,0,32.24767634,-87.78796182,1091.0,1081.4822668716536,4.411764705882354,195,200,7,0,193,192,19066,4,2,0,2,8
2020-06-12,US,Alabama,Marion,132,12,0,34.13697363,-87.88704173,1093.0,444.30980510956283,9.090909090909092,120,129,12,0,117,126,29763,3,0,0,3,3
2020-06-12,US,Alabama,Marshall,811,9,0,34.36975964,-86.30486727,1095.0,838.0350094033521,1.1097410604192357,802,786,9,0,777,764,96109,25,0,0,25,22
2020-06-12,US,Alabama,Mobile,2623,129,0,30.78472347,-88.20842409,1097.0,634.7861862007213,4.918032786885246,2494,2593,128,0,2465,2545,413757,30,1,0,29,48
2020-06-12,US,Alabama,Monroe,107,2,0,31.56729412,-87.36995001,1099.0,516.0854676120193,1.8691588785046729,105,95,2,0,93,79,21067,12,0,0,12,16
2020-06-12,US,Alabama,Montgomery,2543,68,0,32.2206831,-86.20969272,1101.0,1122.806707699372,2.674007078254031,2475,2436,65,0,2371,2290,225763,107,3,0,104,146
2020-06-12,US,Alabama,Morgan,516,2,0,34.45500589,-86.85475946,1103.0,431.153335171584,0.3875968992248062,514,477,1,0,476,456,119089,39,1,0,38,21
2020-06-12,US,Alabama,Perry,62,0,0,32.64048341,-87.29770589,1105.0,694.8335761515185,0.0,62,56,0,0,56,54,9140,6,0,0,6,2
2020-06-12,US,Alabama,Pickens,137,6,0,33.28094866,-88.08818103,1107.0,687.4059207225289,4.37956204379562,131,131,6,0,125,128,19938,6,0,0,6,3
2020-06-12,US,Alabama,Pike,298,2,0,31.80396383,-85.9408295,1109.0,899.9214833605122,0.6711409395973155,296,283,1,0,282,266,33338,15,1,0,14,17
2020-06-12,US,Alabama,Randolph,138,8,0,33.29526734,-85.45708831,1111.0,607.3409030895167,5.797101449275362,130,137,8,0,129,136,22725,1,0,0,1,1
2020-06-12,US,Alabama,Russell,265,0,0,32.28725256,-85.18415324,1113.0,457.2039819878884,0.0,265,250,0,0,250,236,57781,15,0,0,15,14
2020-06-12,US,Alabama,Shelby,596,20,0,33.26879845,-86.66232561,1117.0,273.76872973146783,3.355704697986577,576,580,20,0,560,567,215707,16,0,0,16,13
2020-06-12,US,Alabama,St. Clair,158,2,0,33.71902176,-86.31029372,1115.0,176.51264634909282,1.2658227848101269,156,153,2,0,151,149,88690,5,0,0,5,4
2020-06-12,US,Alabama,Sumter,257,11,0,32.59117397,-88.19916205,1119.0,2068.0775730264745,4.280155642023346,246,253,11,0,242,248,12691,4,0,0,4,5
2020-06-12,US,Alabama,Talladega,149,5,0,33.37823223,-86.16886178,1121.0,186.30123283903077,3.355704697986577,144,146,5,0,141,140,79828,3,0,0,3,6
2020-06-12,US,Alabama,Tallapoosa,455,66,0,32.86698258,-85.79833053,1123.0,1127.1583223920532,14.505494505494505,389,454,66,0,388,451,40497,1,0,0,1,3
2020-06-12,US,Alabama,Tuscaloosa,1156,24,0,33.28726072,-87.52556818,1125.0,552.1721477872513,2.0761245674740483,1132,1070,23,0,1047,1009,208911,86,1,0,85,61
2020-06-12,US,Alabama,Unassigned,377,5,0,0.0,0.0,90001.0,0.0,1.326259946949602,372,371,5,0,366,363,,6,0,0,6,8
2020-06-12,US,Alabama,Walker,523,6,0,33.80270512,-87.30027177,1127.0,823.349758347633,1.147227533460803,517,500,6,0,494,481,63711,23,0,0,23,19
2020-06-12,US,Alabama,Washington,86,6,0,31.4092794,-88.20689944,1129.0,526.7671199313978,6.9767441860465125,80,84,6,0,78,83,16378,2,0,0,2,1
2020-06-12,US,Alabama,Wilcox,200,8,0,31.98773215,-87.30891118,1131.0,1928.0825219319388,4.0,192,190,8,0,182,183,10627,10,0,0,10,7
2020-06-12,US,Alabama,Winston,111,0,0,34.15030532,-87.37325922,1133.0,469.76173346311737,0.0,111,106,0,0,106,98,23660,5,0,0,5,8
2020-06-12,US,Alaska,Anchorage,307,6,0,61.14998174,-149.14269860000005,2020.0,106.59722222222223,1.954397394136808,301,301,5,0,296,297,291538,6,1,0,5,4
2020-06-12,US,Alaska,Bethel,3,0,0,60.90980451,-159.8561831,2050.0,16.316762754269554,0.0,3,3,0,0,3,3,18216,0,0,0,0,0
2020-06-12,US,Alaska,Fairbanks North Star,89,2,0,64.80726247,-146.5692662,2090.0,91.89563134363804,2.247191011235955,87,88,2,0,86,85,98971,1,0,0,1,3
2020-06-12,US,Alaska,Haines,1,0,0,59.09893571,-135.4679843,2100.0,39.52569169960474,0.0,1,1,0,0,1,1,2474,0,0,0,0,0
2020-06-12,US,Alaska,Juneau,37,0,0,58.45031811,-134.200436,2110.0,115.71902170513542,0.0,37,37,0,0,37,35,32113,0,0,0,0,2
2020-06-12,US,Alaska,Kenai Peninsula,102,2,0,60.24429722,-151.53888840000005,2122.0,173.7412277713429,1.96078431372549,100,97,2,0,95,94,58533,5,0,0,5,3
2020-06-12,US,Alaska,Ketchikan Gateway,16,0,0,55.57445008,-130.975561,2130.0,115.09963311991943,0.0,16,16,0,0,16,16,13918,0,0,0,0,0
2020-06-12,US,Alaska,Kodiak Island,2,0,0,57.65529415,-153.7493579,2150.0,15.386982612709648,0.0,2,2,0,0,2,1,13345,0,0,0,0,1
2020-06-12,US,Alaska,Matanuska-Susitna,41,1,0,62.31305045,-149.5741743,2170.0,37.851860742081115,2.4390243902439024,40,39,1,0,38,38,107610,2,0,0,2,1
2020-06-12,US,Alaska,Nome,4,0,0,64.90320724,-164.0353804,2180.0,39.98400639744102,0.0,4,4,0,0,4,4,10008,0,0,0,0,0
2020-06-12,US,Alaska,North Slope,1,0,0,69.31479216,-153.4836093,2185.0,10.17087062652563,0.0,1,1,0,0,1,1,9872,0,0,0,0,0
2020-06-12,US,Alaska,Northwest Arctic,4,0,0,67.04919196,-159.7503946,2188.0,52.48655032148013,0.0,4,4,0,0,4,3,7671,0,0,0,0,1
2020-06-12,US,Alaska,Petersburg,4,1,0,57.13978948,-132.9540995,2195.0,122.47397428046541,25.0,3,4,1,0,3,4,3221,0,0,0,0,0
2020-06-12,US,Alaska,Prince of Wales-Hyder,2,0,0,55.76261984,-133.0511621,2198.0,32.24246332419797,0.0,2,2,0,0,2,2,6422,0,0,0,0,0
2020-06-12,US,Alaska,Sitka,6,0,0,57.24124555,-135.3206587,2220.0,70.64641469445425,0.0,6,5,0,0,5,3,8647,1,0,0,1,2
2020-06-12,US,Alaska,Southeast Fairbanks,3,0,0,63.87692095,-143.2127643,2240.0,43.52241404323227,0.0,3,3,0,0,3,3,6918,0,0,0,0,0
2020-06-12,US,Alaska,Wrangell,1,0,0,56.3202004,-132.05837309999998,2275.0,39.968025579536366,0.0,1,1,0,0,1,1,2503,0,0,0,0,0
2020-06-12,US,Alaska,Yukon-Koyukuk,1,0,0,65.50815459,-151.39073869999999,2290.0,19.120458891013385,0.0,1,1,0,0,1,1,5327,0,0,0,0,0
2020-06-12,US,Arizona,Apache,1927,53,0,35.39465006,-109.4892383,4001.0,2680.595935287326,2.75038920601972,1874,1887,52,0,1835,1811,71818,40,1,0,39,76
2020-06-12,US,Arizona,Cochise,178,4,0,31.87934684,-109.7516088,4003.0,141.35734819967917,2.247191011235955,174,171,4,0,167,167,126770,7,0,0,7,4
2020-06-12,US,Arizona,Coconino,1345,86,0,35.83883429,-111.77071780000001,4005.0,937.4390141905267,6.394052044609666,1259,1317,86,0,1231,1310,142854,28,0,0,28,7
2020-06-12,US,Arizona,Gila,54,3,0,33.80190085,-110.8132779,4007.0,99.96667777407532,5.5555555555555545,51,49,3,0,46,48,53889,5,0,0,5,1
2020-06-12,US,Arizona,Graham,48,1,0,32.93166885,-109.8882178,4009.0,123.5934804439066,2.083333333333333,47,48,1,0,47,45,38072,0,0,0,0,3
2020-06-12,US,Arizona,Greenlee,11,1,0,33.21498827,-109.2405279,4011.0,115.81385554853655,9.090909090909092,10,12,1,0,11,10,9483,-1,0,0,-1,2
2020-06-12,US,Arizona,La Paz,217,1,0,33.72854224,-113.98100290000001,4012.0,1028.0462383930264,0.4608294930875576,216,211,1,0,210,205,21098,6,0,0,6,6
2020-06-12,US,Arizona,Maricopa,17010,536,0,33.34835867,-112.49181540000001,4013.0,379.2292082737514,3.15108759553204,16474,16018,532,0,15486,15282,4410824,992,4,0,988,736
2020-06-12,US,Arizona,Mohave,584,64,0,35.70471703,-113.7577902,4015.0,275.23670828207986,10.958904109589039,520,563,62,0,501,552,209550,21,2,0,19,11
2020-06-12,US,Arizona,Navajo,2512,79,0,35.3997715,-110.3218983,4017.0,2264.613609318092,3.1449044585987256,2433,2479,79,0,2400,2388,110445,33,0,0,33,91
2020-06-12,US,Arizona,Pima,3628,222,0,32.0971334,-111.7890033,4019.0,346.42153619045166,6.119073869900773,3406,3479,218,0,3261,3350,1039073,149,4,0,145,129
2020-06-12,US,Arizona,Pinal,1363,43,0,32.90525627,-111.3449483,4021.0,294.5186683348135,3.1548055759354368,1320,1281,42,0,1239,1209,447138,82,1,0,81,72
2020-06-12,US,Arizona,Santa Cruz,833,9,0,31.52508998,-110.8479088,4023.0,1791.474902146329,1.0804321728691475,824,805,6,0,799,688,46511,28,3,0,25,117
2020-06-12,US,Arizona,Unassigned,0,2,0,0.0,0.0,90004.0,0.0,0.0,-2,0,2,0,-2,0,,0,0,0,0,0
2020-06-12,US,Arizona,Yavapai,367,7,0,34.59933926,-112.5538588,4025.0,156.1044496148431,1.9073569482288828,360,359,7,0,352,348,231993,8,0,0,8,11
2020-06-12,US,Arizona,Yuma,2962,45,0,32.76895712,-113.90666740000002,4027.0,1385.4911664413644,1.5192437542201216,2917,2588,39,0,2549,2439,212128,374,6,0,368,149
2020-06-12,US,Arkansas,Arkansas,7,0,0,34.29145151,-91.37277296,5001.0,40.0320256204964,0.0,7,7,0,0,7,7,17769,0,0,0,0,0
2020-06-12,US,Arkansas,Ashley,38,1,0,33.19153461,-91.76984709999999,5003.0,193.31535839650002,2.631578947368421,37,35,1,0,34,34,20046,3,0,0,3,1
2020-06-12,US,Arkansas,Baxter,14,0,0,36.28784385,-92.33782872,5005.0,33.38738910617189,0.0,14,14,0,0,14,14,41619,0,0,0,0,0
2020-06-12,US,Arkansas,Benton,1306,6,0,36.33644656,-94.25680817,5007.0,467.86391107003266,0.4594180704441042,1300,1219,5,0,1214,1137,272608,87,1,0,86,82
2020-06-12,US,Arkansas,Boone,9,0,0,36.3084504,-93.09374925,5009.0,24.043599059628125,0.0,9,7,0,0,7,7,37480,2,0,0,2,0
2020-06-12,US,Arkansas,Bradley,34,1,0,33.46755808,-92.15980837,5011.0,315.8970547245192,2.9411764705882355,33,34,1,0,33,34,10897,0,0,0,0,0
2020-06-12,US,Arkansas,Carroll,66,1,0,36.34038560000001,-93.54270261,5015.0,232.55813953488368,1.5151515151515151,65,56,1,0,55,42,28223,10,0,0,10,14
2020-06-12,US,Arkansas,Chicot,40,1,0,33.26458973,-91.29539209,5017.0,395.335046451868,2.5,39,32,1,0,31,30,10438,8,0,0,8,2
2020-06-12,US,Arkansas,Clark,45,0,0,34.04613432,-93.17484713,5019.0,201.61290322580646,0.0,45,43,0,0,43,41,22061,2,0,0,2,2
2020-06-12,US,Arkansas,Clay,9,0,0,36.36826212,-90.4148172,5021.0,61.851419146450425,0.0,9,9,0,0,9,8,14847,0,0,0,0,1
2020-06-12,US,Arkansas,Cleburne,74,4,0,35.53864922,-92.02640019,5023.0,296.9621573899434,5.405405405405406,70,74,4,0,70,74,24965,0,0,0,0,0
2020-06-12,US,Arkansas,Cleveland,19,0,0,33.89723187,-92.18537045,5025.0,238.81347410759173,0.0,19,19,0,0,19,19,8018,0,0,0,0,0
2020-06-12,US,Arkansas,Columbia,27,2,0,33.21230701,-93.22642793,5027.0,115.10423327791278,7.407407407407407,25,27,2,0,25,26,23537,0,0,0,0,1
2020-06-12,US,Arkansas,Conway,19,2,0,35.26205537,-92.70506566,5029.0,91.14458409287155,10.526315789473683,17,16,1,0,15,16,20891,3,1,0,2,0
2020-06-12,US,Arkansas,Craighead,346,1,0,35.83018283,-90.63235729,5031.0,313.59895587862087,0.28901734104046245,345,337,1,0,336,331,108558,9,0,0,9,6
2020-06-12,US,Arkansas,Crawford,51,0,0,35.58928601,-94.2446814,5033.0,80.62348830959421,0.0,51,47,0,0,47,43,63406,4,0,0,4,4
2020-06-12,US,Arkansas,Crittenden,508,9,0,35.21247318,-90.30839406,5035.0,1059.3264518819726,1.7716535433070866,499,500,9,0,491,489,48342,8,0,0,8,11
2020-06-12,US,Arkansas,Cross,74,0,0,35.29631396,-90.77185818,5037.0,450.69736281137705,0.0,74,72,0,0,72,67,16676,2,0,0,2,5
2020-06-12,US,Arkansas,Dallas,3,0,0,33.97042763,-92.65167437,5039.0,42.802111570837496,0.0,3,3,0,0,3,3,7182,0,0,0,0,0
2020-06-12,US,Arkansas,Desha,20,0,0,33.83011025,-91.25500948,5041.0,176.0408414752223,0.0,20,20,0,0,20,20,11512,0,0,0,0,0
2020-06-12,US,Arkansas,Drew,25,1,0,33.59035001,-91.71777921,5043.0,137.21938635490423,4.0,24,25,1,0,24,23,18328,0,0,0,0,2
2020-06-12,US,Arkansas,Faulkner,142,3,0,35.14719007,-92.33717519,5045.0,112.69215202330031,2.112676056338028,139,136,3,0,133,124,124806,6,0,0,6,12
2020-06-12,US,Arkansas,Franklin,6,0,0,35.51202821,-93.89299569,5047.0,33.869602032176125,0.0,6,6,0,0,6,5,17810,0,0,0,0,1
2020-06-12,US,Arkansas,Fulton,9,0,0,36.38177105,-91.81729127,5049.0,72.1327242125511,0.0,9,8,0,0,8,8,12269,1,0,0,1,0
2020-06-12,US,Arkansas,Garland,154,1,0,34.57692074,-93.14921604,5051.0,154.95140160586,0.6493506493506493,153,154,1,0,153,153,99154,0,0,0,0,1
2020-06-12,US,Arkansas,Grant,23,0,0,34.29017991,-92.42320562,5053.0,125.92389816589106,0.0,23,22,0,0,22,22,18188,1,0,0,1,0
2020-06-12,US,Arkansas,Greene,69,0,0,36.11735460000001,-90.55832668,5055.0,152.23386651958083,0.0,69,68,0,0,68,67,45325,1,0,0,1,1
2020-06-12,US,Arkansas,Hempstead,33,1,0,33.73325583,-93.66935133,5057.0,153.26026379342375,3.0303030303030303,32,33,1,0,32,34,21741,0,0,0,0,-1
2020-06-12,US,Arkansas,Hot Spring,37,0,0,34.31709259,-92.95396325,5059.0,109.56145805572828,0.0,37,37,0,0,37,34,33701,0,0,0,0,3
2020-06-12,US,Arkansas,Howard,38,0,0,34.09007427,-93.9934871,5061.0,287.83517648841087,0.0,38,38,0,0,38,35,13341,0,0,0,0,3
2020-06-12,US,Arkansas,Independence,39,0,0,35.74242707,-91.57001641,5063.0,103.10641110376734,0.0,39,37,0,0,37,36,37678,2,0,0,2,1
2020-06-12,US,Arkansas,Izard,17,1,0,36.09604046,-91.90847954,5065.0,124.73402303910778,5.882352941176472,16,17,1,0,16,17,13593,0,0,0,0,0
2020-06-12,US,Arkansas,Jackson,15,0,0,35.59802983,-91.21494602,5067.0,89.7182845863987,0.0,15,14,0,0,14,14,16811,1,0,0,1,0
2020-06-12,US,Arkansas,Jefferson,625,28,0,34.26767081,-91.92619839,5069.0,935.2927092062732,4.48,597,578,28,0,550,573,68114,47,0,0,47,5
2020-06-12,US,Arkansas,Johnson,78,0,0,35.56759135,-93.46036368,5071.0,293.4758070584694,0.0,78,75,0,0,75,71,26742,3,0,0,3,4
2020-06-12,US,Arkansas,Lafayette,10,1,0,33.24116713,-93.60677071,5073.0,150.96618357487924,10.0,9,10,1,0,9,10,6682,0,0,0,0,0
2020-06-12,US,Arkansas,Lawrence,90,9,0,36.04188196,-91.10867198,5075.0,548.579787882482,10.0,81,89,9,0,80,89,16434,1,0,0,1,0
2020-06-12,US,Arkansas,Lee,317,1,0,34.78498904,-90.78383866,5077.0,3579.0899853223436,0.3154574132492113,316,120,1,0,119,120,8985,197,0,0,197,0
2020-06-12,US,Arkansas,Lincoln,986,11,0,33.95317155,-91.74002806,5079.0,7570.638820638821,1.1156186612576064,975,986,11,0,975,985,13383,0,0,0,0,1
2020-06-12,US,Arkansas,Little River,33,0,0,33.70375665,-94.23468591,5081.0,269.1899828697284,0.0,33,33,0,0,33,31,12326,0,0,0,0,2
2020-06-12,US,Arkansas,Logan,17,0,0,35.21413234,-93.71951016,5083.0,79.1950060560887,0.0,17,15,0,0,15,14,21737,2,0,0,2,1
2020-06-12,US,Arkansas,Lonoke,69,0,0,34.75392199,-91.88742357,5085.0,94.12214052844809,0.0,69,67,0,0,67,64,73657,2,0,0,2,3
2020-06-12,US,Arkansas,Madison,99,0,0,36.01038185,-93.72524943,5087.0,597.2490347490348,0.0,99,67,0,0,67,58,16481,32,0,0,32,9
2020-06-12,US,Arkansas,Marion,2,0,0,36.26844485,-92.68451899,5089.0,11.980352222355338,0.0,2,2,0,0,2,2,16722,0,0,0,0,0
2020-06-12,US,Arkansas,Miller,66,1,0,33.31403423,-93.89285258,5091.0,152.57646161314932,1.5151515151515151,65,64,1,0,63,60,43592,2,0,0,2,4
2020-06-12,US,Arkansas,Mississippi,89,2,0,35.76271485,-90.05194370000002,5093.0,218.93680352266853,2.247191011235955,87,86,2,0,84,86,41239,3,0,0,3,0
2020-06-12,US,Arkansas,Monroe,5,0,0,34.6815935,-91.20540287,5095.0,74.61572899567228,0.0,5,5,0,0,5,5,6900,0,0,0,0,0
2020-06-12,US,Arkansas,Montgomery,2,0,0,34.53704874,-93.65824478,5097.0,22.2568439795237,0.0,2,2,0,0,2,3,8924,0,0,0,0,-1
2020-06-12,US,Arkansas,Nevada,73,0,0,33.66340119,-93.30632432,5099.0,884.6340281143965,0.0,73,71,0,0,71,70,8326,2,0,0,2,1
2020-06-12,US,Arkansas,Newton,3,0,0,35.91947491,-93.21612969,5101.0,38.6946988262608,0.0,3,3,0,0,3,3,7805,0,0,0,0,0
2020-06-12,US,Arkansas,Ouachita,13,0,0,33.58839816,-92.87795984,5103.0,55.59832349670687,0.0,13,12,0,0,12,12,23606,1,0,0,1,0
2020-06-12,US,Arkansas,Perry,15,0,0,34.945915299999996,-92.94372564,5105.0,143.47202295552367,0.0,15,15,0,0,15,15,10352,0,0,0,0,0
2020-06-12,US,Arkansas,Phillips,32,1,0,34.43268455,-90.84800154,5107.0,179.95726015071418,3.125,31,31,1,0,30,30,18029,1,0,0,1,1
2020-06-12,US,Arkansas,Pike,6,0,0,34.16250414,-93.65789349,5109.0,55.98059339428998,0.0,6,6,0,0,6,6,10673,0,0,0,0,0
2020-06-12,US,Arkansas,Poinsett,50,3,0,35.57433534,-90.66268713,5111.0,212.5127507650459,6.0,47,46,3,0,43,44,23974,4,0,0,4,2
2020-06-12,US,Arkansas,Polk,48,0,0,34.48254879,-94.22728802,5113.0,240.43277900220403,0.0,48,48,0,0,48,47,20049,0,0,0,0,1
2020-06-12,US,Arkansas,Pope,234,2,0,35.44871474,-93.03212219,5115.0,365.2141340991385,0.8547008547008547,232,232,2,0,230,222,64000,2,0,0,2,10
2020-06-12,US,Arkansas,Prairie,6,0,0,34.83624419,-91.55162157,5117.0,74.42322004465395,0.0,6,5,0,0,5,5,8074,1,0,0,1,0
2020-06-12,US,Arkansas,Pulaski,1241,41,0,34.77054088,-92.31355101,5119.0,316.6535259280806,3.30378726833199,1200,1225,41,0,1184,1188,392680,16,0,0,16,37
2020-06-12,US,Arkansas,Randolph,28,0,0,36.3415714,-91.02455531,5121.0,155.91936741285218,0.0,28,28,0,0,28,27,17948,0,0,0,0,1
2020-06-12,US,Arkansas,Saline,166,2,0,34.64916145,-92.67583224,5125.0,135.57993090324004,1.2048192771084338,164,163,2,0,161,159,121421,3,0,0,3,4
2020-06-12,US,Arkansas,Scott,2,0,0,34.85588887,-94.0632176,5127.0,19.45336056803813,0.0,2,2,0,0,2,2,10319,0,0,0,0,0
2020-06-12,US,Arkansas,Searcy,7,0,0,35.9109364,-92.69936482,5129.0,88.82121558177894,0.0,7,7,0,0,7,7,7958,0,0,0,0,0
2020-06-12,US,Arkansas,Sebastian,133,2,0,35.19605503,-94.27162713,5131.0,104.04687585564864,1.5037593984962403,131,109,2,0,107,102,127753,24,0,0,24,7
2020-06-12,US,Arkansas,Sevier,393,4,0,33.99780401,-94.2424869,5133.0,2310.813194566943,1.0178117048346056,389,387,4,0,383,382,17139,6,0,0,6,5
2020-06-12,US,Arkansas,Sharp,51,3,0,36.16258158,-91.47819342,5135.0,292.39766081871346,5.882352941176472,48,50,3,0,47,50,17366,1,0,0,1,0
2020-06-12,US,Arkansas,St. Francis,767,2,0,35.02201976,-90.74828138,5123.0,3068.7364967592216,0.2607561929595828,765,768,1,0,767,764,25439,-1,1,0,-2,4
2020-06-12,US,Arkansas,Stone,11,0,0,35.86251946,-92.15684085,5137.0,87.95778026547258,0.0,11,11,0,0,11,11,12457,0,0,0,0,0
2020-06-12,US,Arkansas,Unassigned,300,0,0,0.0,0.0,90005.0,0.0,0.0,300,302,0,0,302,278,,-2,0,0,-2,24
2020-06-12,US,Arkansas,Union,199,11,0,33.16887091,-92.59746952,5139.0,514.451165916964,5.527638190954773,188,194,11,0,183,190,39126,5,0,0,5,4
2020-06-12,US,Arkansas,Van Buren,30,2,0,35.58095779,-92.51295036,5141.0,181.3236627379873,6.666666666666668,28,30,2,0,28,30,16603,0,0,0,0,0
2020-06-12,US,Arkansas,Washington,1605,12,0,35.976844,-94.21800746,5143.0,671.0230907198134,0.7476635514018691,1593,1389,10,0,1379,1235,236961,216,2,0,214,154
2020-06-12,US,Arkansas,White,54,1,0,35.25688493,-91.74908296,5145.0,68.56881642604091,1.851851851851852,53,55,1,0,54,52,78727,-1,0,0,-1,3
2020-06-12,US,Arkansas,Woodruff,1,0,0,35.18902527,-91.2439489,5147.0,15.822784810126587,0.0,1,1,0,0,1,1,6490,0,0,0,0,0
2020-06-12,US,Arkansas,Yell,275,2,0,35.00292371,-93.41171338,5149.0,1288.5994095871795,0.7272727272727273,273,261,2,0,259,251,21535,14,0,0,14,10
2020-06-12,US,California,Alameda,4216,109,0,37.64629437,-121.8929271,6001.0,252.25434369893657,2.5853889943074004,4107,4232,109,0,4123,4033,1666753,-16,0,0,-16,199
2020-06-12,US,California,Alpine,2,0,0,38.59678594,-119.82235940000001,6003.0,177.14791851195747,0.0,2,2,0,0,2,2,1101,0,0,0,0,0
2020-06-12,US,California,Amador,10,0,0,38.44583082,-120.65696000000001,6005.0,25.155966995371298,0.0,10,10,0,0,10,10,39383,0,0,0,0,0
2020-06-12,US,California,Butte,74,1,0,39.66727762,-121.6005252,6007.0,33.7612803737465,1.351351351351351,73,73,1,0,72,73,231256,1,0,0,1,0
2020-06-12,US,California,Calaveras,25,0,0,38.20537103,-120.55291299999999,6009.0,54.460298442435466,0.0,25,25,0,0,25,21,45602,0,0,0,0,4
2020-06-12,US,California,Colusa,7,0,0,39.17881957,-122.2331726,6011.0,32.48712117696199,0.0,7,7,0,0,7,7,21627,0,0,0,0,0
2020-06-12,US,California,Contra Costa,1877,44,0,37.91923498,-121.9289527,6013.0,162.7184822882189,2.344166222695791,1833,1829,44,0,1785,1798,1150215,48,0,0,48,31
2020-06-12,US,California,Del Norte,47,0,0,41.74228275,-123.89740630000001,6015.0,168.99180209981301,0.0,47,47,0,0,47,47,27828,0,0,0,0,0
2020-06-12,US,California,El Dorado,113,0,0,38.77965956,-120.5233166,6017.0,58.596889697837106,0.0,113,111,0,0,111,111,190678,2,0,0,2,0
2020-06-12,US,California,Fresno,2395,51,0,36.75733899,-119.6466953,6019.0,239.71550423831025,2.1294363256784967,2344,2395,51,0,2344,2318,994400,0,0,0,0,77
2020-06-12,US,California,Glenn,24,0,0,39.59875897,-122.3938452,6021.0,84.52787658930018,0.0,24,23,0,0,23,23,28047,1,0,0,1,0
2020-06-12,US,California,Humboldt,105,4,0,40.69923009,-123.876044,6023.0,77.45761961669544,3.809523809523809,101,105,4,0,101,105,136373,0,0,0,0,0
2020-06-12,US,California,Imperial,3724,43,0,33.0393082,-115.36690420000001,6025.0,2055.0175206246718,1.154672395273899,3681,3405,43,0,3362,3386,181827,319,0,0,319,19
2020-06-12,US,California,Inyo,22,1,0,36.51112084,-117.41119779999998,6027.0,121.95797993236877,4.545454545454546,21,22,1,0,21,22,17987,0,0,0,0,0
2020-06-12,US,California,Kern,3130,53,0,35.34329425,-118.72777959999999,6029.0,347.69973850313596,1.6932907348242812,3077,3016,51,0,2965,2942,896764,114,2,0,112,74
2020-06-12,US,California,Kings,1724,6,0,36.07409056,-119.8159973,6031.0,1127.239440303387,0.3480278422273782,1718,1688,6,0,1682,1637,151366,36,0,0,36,51
2020-06-12,US,California,Lake,32,0,0,39.10124298,-122.75362439999999,6033.0,49.70024539496164,0.0,32,31,0,0,31,30,64382,1,0,0,1,1
2020-06-12,US,California,Lassen,9,0,0,40.67311306,-120.59350990000002,6035.0,29.43773918163085,0.0,9,9,0,0,9,9,30802,0,0,0,0,0
2020-06-12,US,California,Los Angeles,70529,2834,0,34.30828379,-118.22824109999999,6037.0,702.5425667840775,4.018205277261837,67695,68959,2818,0,66141,67111,10105518,1570,16,0,1554,1848
2020-06-12,US,California,Madera,188,3,0,37.21513971,-119.76655890000002,6039.0,119.49633565757944,1.5957446808510638,185,188,3,0,185,178,157672,0,0,0,0,10
2020-06-12,US,California,Marin,664,17,0,38.07122463,-122.72106310000001,6041.0,256.5430057258544,2.560240963855421,647,651,17,0,634,635,259666,13,0,0,13,16
2020-06-12,US,California,Mariposa,16,1,0,37.57978556,-119.9073334,6043.0,93.0070336569203,6.25,15,16,1,0,15,16,17471,0,0,0,0,0
2020-06-12,US,California,Mendocino,38,0,0,39.4381191,-123.39113130000001,6045.0,43.80453953359692,0.0,38,36,0,0,36,36,87606,2,0,0,2,0
2020-06-12,US,California,Merced,391,7,0,37.18922369,-120.72090349999999,6047.0,140.80956496686838,1.7902813299232736,384,391,7,0,384,387,274765,0,0,0,0,4
2020-06-12,US,California,Mono,37,1,0,37.93899289,-118.8872409,6051.0,256.1617280531709,2.702702702702702,36,37,1,0,36,38,14250,0,0,0,0,-1
2020-06-12,US,California,Monterey,865,11,0,36.21862405,-121.24133970000001,6053.0,199.28074625455866,1.2716763005780347,854,814,11,0,803,791,435594,51,0,0,51,23
2020-06-12,US,California,Napa,168,3,0,38.50735751,-122.33283899999999,6055.0,121.96538506214426,1.7857142857142858,165,163,3,0,160,161,139417,5,0,0,5,2
2020-06-12,US,California,Nevada,52,1,0,39.30394768,-120.76272809999999,6057.0,52.12771289659666,1.9230769230769231,51,52,1,0,51,50,99696,0,0,0,0,2
2020-06-12,US,California,Orange,8153,210,0,33.70147516,-117.76459979999998,6059.0,256.73144624856565,2.575738991782166,7943,7987,202,0,7785,7737,3185968,166,8,0,158,250
2020-06-12,US,California,Placer,344,9,0,39.06167234,-120.72405690000001,6061.0,86.3607721255545,2.6162790697674416,335,327,9,0,318,314,393149,17,0,0,17,13
2020-06-12,US,California,Plumas,4,0,0,40.00355989,-120.8395236,6063.0,21.268676556601264,0.0,4,4,0,0,4,4,18804,0,0,0,0,0
2020-06-12,US,California,Riverside,10490,383,0,33.74314981,-115.9933578,6065.0,424.6024967760163,3.6510962821734982,10107,10240,377,0,9863,9911,2450758,250,6,0,244,329
2020-06-12,US,California,Sacramento,1704,63,0,38.45106826,-121.34253740000001,6067.0,109.78971146696837,3.6971830985915495,1641,1670,63,0,1607,1642,1540975,34,0,0,34,28
2020-06-12,US,California,San Benito,112,2,0,36.60308176,-121.069975,6069.0,178.32123296395363,1.7857142857142858,110,109,2,0,107,109,61537,3,0,0,3,0
2020-06-12,US,California,San Bernardino,6976,229,0,34.84060306,-116.1774685,6071.0,319.9875234222519,3.2826834862385317,6747,6742,227,0,6515,6593,2171603,234,2,0,232,149
2020-06-12,US,California,San Diego,8998,308,0,33.03484597,-116.73653259999999,6073.0,269.5359655875842,3.4229828850855744,8690,8998,308,0,8690,8837,3343364,0,0,0,0,161
2020-06-12,US,California,San Francisco,2878,44,0,37.75215114,-122.43856720000001,6075.0,326.4707917540602,1.5288394718554552,2834,2840,44,0,2796,2809,883305,38,0,0,38,31
2020-06-12,US,California,San Joaquin,1444,42,0,37.93433732,-121.2730061,6077.0,189.46451345407982,2.9085872576177287,1402,1388,42,0,1346,1309,752660,56,0,0,56,79
2020-06-12,US,California,San Luis Obispo,324,1,0,35.38822029,-120.4039028,6079.0,114.442745071721,0.308641975308642,323,317,1,0,316,306,284010,7,0,0,7,11
2020-06-12,US,California,San Mateo,2533,99,0,37.422880799999994,-122.32755459999998,6081.0,330.43167447849066,3.908409001184366,2434,2494,93,0,2401,2475,769545,39,6,0,33,19
2020-06-12,US,California,Santa Barbara,1910,16,0,34.65329488,-120.0188492,6083.0,427.7725146080954,0.837696335078534,1894,1910,16,0,1894,1864,446527,0,0,0,0,46
2020-06-12,US,California,Santa Clara,3117,150,0,37.23104908,-121.6970462,6085.0,161.68253579631633,4.8123195380173245,2967,3063,148,0,2915,3032,1937570,54,2,0,52,31
2020-06-12,US,California,Santa Cruz,254,2,0,37.05580291,-122.0066524,6087.0,92.9677577567685,0.7874015748031497,252,249,2,0,247,239,274255,5,0,0,5,10
2020-06-12,US,California,Shasta,48,4,0,40.76391419,-122.0396884,6089.0,26.654820079964463,8.333333333333334,44,48,4,0,44,47,180040,0,0,0,0,1
2020-06-12,US,California,Sierra,1,0,0,39.57713498,-120.52007009999998,6091.0,33.277870216306155,0.0,1,1,0,0,1,1,2987,0,0,0,0,0
2020-06-12,US,California,Siskiyou,14,0,0,41.59198861,-122.54074340000001,6093.0,32.155079354142266,0.0,14,14,0,0,14,14,43724,0,0,0,0,0
2020-06-12,US,California,Solano,643,23,0,38.26827353,-121.9357113,6095.0,143.64124983524817,3.576982892690513,620,643,23,0,620,617,446610,0,0,0,0,26
2020-06-12,US,California,Sonoma,701,4,0,38.52746429,-122.88625060000001,6097.0,141.80638270326256,0.5706134094151213,697,680,4,0,676,671,499942,21,0,0,21,9
2020-06-12,US,California,Stanislaus,1072,33,0,37.55862499,-120.9970722,6099.0,194.67548033269168,3.0783582089552235,1039,1072,33,0,1039,1023,549815,0,0,0,0,49
2020-06-12,US,California,Sutter,69,2,0,39.03417539,-121.6945899,6101.0,71.15529385073889,2.898550724637681,67,69,2,0,67,67,96807,0,0,0,0,2
2020-06-12,US,California,Tehama,20,1,0,40.12570935,-122.23701709999999,6103.0,30.72951877573597,5.0,19,12,1,0,11,12,63916,8,0,0,8,0
2020-06-12,US,California,Trinity,2,0,0,40.64917670000001,-123.114713,6105.0,16.28001628001628,0.0,2,2,0,0,2,2,12535,0,0,0,0,0
2020-06-12,US,California,Tulare,2564,98,0,36.22026558,-118.8020203,6107.0,549.9844485676596,3.822152886115445,2466,2475,98,0,2377,2432,465861,89,0,0,89,43
2020-06-12,US,California,Tuolumne,8,0,0,38.02644018,-119.95250929999999,6109.0,14.684826902602884,0.0,8,8,0,0,8,7,54539,0,0,0,0,1
2020-06-12,US,California,Ventura,1518,40,0,34.44465746,-119.09106129999999,6111.0,179.4313515506982,2.635046113306983,1478,1404,38,0,1366,1404,850967,114,2,0,112,0
2020-06-12,US,California,Yolo,240,24,0,38.68278902,-121.90182879999999,6113.0,108.843537414966,10.0,216,240,24,0,216,227,220408,0,0,0,0,13
2020-06-12,US,California,Yuba,34,1,0,39.26255932,-121.35356440000001,6115.0,43.219606447348355,2.9411764705882355,33,34,1,0,33,33,78041,0,0,0,0,1
2020-06-12,US,Colorado,Adams,3698,143,0,39.87432092,-104.3362578,8001.0,714.6984757093352,3.866955110870741,3555,3663,143,0,3520,3643,511868,35,0,0,35,20
2020-06-12,US,Colorado,Alamosa,114,2,0,37.57250606,-105.7885451,8003.0,702.2731472925522,1.7543859649122806,112,112,2,0,110,107,16683,2,0,0,2,5
2020-06-12,US,Colorado,Arapahoe,4754,334,0,39.64977461,-104.3353617,8005.0,724.0439239098981,7.025662599915861,4420,4723,334,0,4389,4709,651215,31,0,0,31,14
2020-06-12,US,Colorado,Archuleta,8,0,0,37.19474156,-107.0476867,8007.0,57.02473447858009,0.0,8,8,0,0,8,8,13765,0,0,0,0,0
2020-06-12,US,Colorado,Baca,12,0,0,37.31940883,-102.5603223,8009.0,335.1019268360793,0.0,12,12,0,0,12,12,3585,0,0,0,0,0
2020-06-12,US,Colorado,Bent,3,0,0,37.95474293,-103.0720195,8011.0,53.79236148466918,0.0,3,3,0,0,3,3,5882,0,0,0,0,0
2020-06-12,US,Colorado,Boulder,1049,68,0,40.09313619,-105.3546767,8013.0,321.5857950434708,6.482364156339371,981,1040,68,0,972,1031,326078,9,0,0,9,9
2020-06-12,US,Colorado,Broomfield,261,28,0,39.95998787,-105.0566324,8014.0,370.3966508195558,10.727969348659004,233,259,28,0,231,258,69267,2,0,0,2,1
2020-06-12,US,Colorado,Chaffee,78,20,0,38.74745778,-106.19265729999998,8015.0,383.1794065631754,25.64102564102564,58,78,20,0,58,78,20027,0,0,0,0,0
2020-06-12,US,Colorado,Cheyenne,5,0,0,38.82777431,-102.6032558,8017.0,273.07482250136536,0.0,5,5,0,0,5,5,1876,0,0,0,0,0
2020-06-12,US,Colorado,Clear Creek,17,1,0,39.68864463,-105.6463118,8019.0,175.2577319587629,5.882352941176472,16,17,1,0,16,17,9605,0,0,0,0,0
2020-06-12,US,Colorado,Conejos,5,0,0,37.201606,-106.19174879999998,8021.0,60.93845216331505,0.0,5,5,0,0,5,5,8200,0,0,0,0,0
2020-06-12,US,Colorado,Costilla,12,0,0,37.27732493,-105.4276548,8023.0,308.7213789554927,0.0,12,12,0,0,12,10,3828,0,0,0,0,2
2020-06-12,US,Colorado,Crowley,66,1,0,38.32608609,-103.7844965,8025.0,1088.929219600726,1.5151515151515151,65,66,1,0,65,66,5858,0,0,0,0,0
2020-06-12,US,Colorado,Custer,2,0,0,38.10883162,-105.3683478,8027.0,39.463299131807425,0.0,2,2,0,0,2,2,4954,0,0,0,0,0
2020-06-12,US,Colorado,Delta,76,1,0,38.86246243,-107.8631342,8029.0,243.88678518708684,1.3157894736842106,75,76,1,0,75,76,30953,0,0,0,0,0
2020-06-12,US,Colorado,Denver,6257,358,0,39.76018276,-104.8725695,8031.0,860.4105273435083,5.721591817164775,5899,6232,358,0,5874,6204,716492,25,0,0,25,28
2020-06-12,US,Colorado,Douglas,790,48,0,39.33133796,-104.930001,8035.0,224.97251917961918,6.075949367088607,742,779,48,0,731,771,342776,11,0,0,11,8
2020-06-12,US,Colorado,Eagle,621,8,0,39.62754308,-106.6933637,8037.0,1126.4897418687758,1.288244766505636,613,617,8,0,609,615,54993,4,0,0,4,2
2020-06-12,US,Colorado,El Paso,1920,100,0,38.83240149,-104.5251411,8041.0,266.51749090439654,5.208333333333333,1820,1907,100,0,1807,1888,713856,13,0,0,13,19
2020-06-12,US,Colorado,Elbert,54,2,0,39.28656773,-104.1358721,8039.0,202.02776011074118,3.703703703703704,52,54,2,0,52,54,26282,0,0,0,0,0
2020-06-12,US,Colorado,Fremont,26,0,0,38.47362326,-105.4399667,8043.0,54.34896214385753,0.0,26,26,0,0,26,26,48021,0,0,0,0,0
2020-06-12,US,Colorado,Garfield,177,2,0,39.59921777,-107.902708,8045.0,294.70038793892877,1.1299435028248588,175,176,2,0,174,171,59770,1,0,0,1,5
2020-06-12,US,Colorado,Gilpin,6,0,0,39.85646523,-105.5252597,8047.0,96.10764055742432,0.0,6,5,0,0,5,5,6121,1,0,0,1,0
2020-06-12,US,Colorado,Grand,15,0,0,40.10603347,-106.1178042,8049.0,95.33494343460023,0.0,15,15,0,0,15,15,15525,0,0,0,0,0
2020-06-12,US,Colorado,Gunnison,181,6,0,38.66611652,-107.0320729,8051.0,1036.536479212003,3.3149171270718236,175,181,6,0,175,181,17246,0,0,0,0,0
2020-06-12,US,Colorado,Hinsdale,3,0,0,37.82247444,-107.3004345,8053.0,365.8536585365854,0.0,3,3,0,0,3,3,811,0,0,0,0,0
2020-06-12,US,Colorado,Huerfano,3,0,0,37.68473101,-104.9612585,8055.0,43.497172683775545,0.0,3,3,0,0,3,3,6889,0,0,0,0,0
2020-06-12,US,Colorado,Jefferson,2445,192,0,39.58635604,-105.2517692,8059.0,419.46812471156204,7.852760736196319,2253,2436,192,0,2244,2424,580233,9,0,0,9,12
2020-06-12,US,Colorado,Kit Carson,30,3,0,39.30497777,-102.6022199,8063.0,422.7138227420037,10.0,27,30,3,0,27,30,7163,0,0,0,0,0
2020-06-12,US,Colorado,La Plata,84,1,0,37.28632032,-107.8429014,8067.0,149.41036267586844,1.1904761904761905,83,84,1,0,83,84,56310,0,0,0,0,0
2020-06-12,US,Colorado,Lake,38,0,0,39.20278823,-106.3555697,8065.0,467.5772117632583,0.0,38,38,0,0,38,38,7824,0,0,0,0,0
2020-06-12,US,Colorado,Larimer,637,27,0,40.66671597,-105.4625784,8069.0,178.48186741907375,4.23861852433281,610,635,27,0,608,636,350518,2,0,0,2,-1
2020-06-12,US,Colorado,Las Animas,6,0,0,37.3153406,-104.0376458,8071.0,41.362194953812214,0.0,6,6,0,0,6,6,14503,0,0,0,0,0
2020-06-12,US,Colorado,Lincoln,3,0,0,38.98749519,-103.5136649,8073.0,52.62234695667427,0.0,3,3,0,0,3,3,5610,0,0,0,0,0
2020-06-12,US,Colorado,Logan,632,5,0,40.7249637,-103.110817,8075.0,2820.2954170199473,0.7911392405063291,627,632,5,0,627,631,21528,0,0,0,0,1
2020-06-12,US,Colorado,Mesa,66,0,0,39.01787888,-108.469799,8077.0,42.798780883211215,0.0,66,65,0,0,65,65,153207,1,0,0,1,0
2020-06-12,US,Colorado,Mineral,2,0,0,37.66954283,-106.9281698,8079.0,260.0780234070221,0.0,2,2,0,0,2,2,776,0,0,0,0,0
2020-06-12,US,Colorado,Moffat,8,0,0,40.61810999,-108.2070876,8081.0,60.22735827749755,0.0,8,8,0,0,8,8,13188,0,0,0,0,0
2020-06-12,US,Colorado,Montezuma,59,3,0,37.33859579,-108.5958857,8083.0,225.33705075812549,5.084745762711863,56,58,3,0,55,58,26158,1,0,0,1,0
2020-06-12,US,Colorado,Montrose,191,12,0,38.40214114,-108.26390220000002,8085.0,446.7000327424108,6.282722513089006,179,191,12,0,179,190,42214,0,0,0,0,1
2020-06-12,US,Colorado,Morgan,645,45,0,40.26279810000001,-103.8093302,8087.0,2218.9349112426034,6.9767441860465125,600,645,45,0,600,644,28558,0,0,0,0,1
2020-06-12,US,Colorado,Otero,22,1,0,37.9014485,-103.7173385,8089.0,120.3632782580151,4.545454545454546,21,22,1,0,21,22,18432,0,0,0,0,0
2020-06-12,US,Colorado,Ouray,8,1,0,38.14717457,-107.7675136,8091.0,161.55088852988692,12.5,7,8,1,0,7,8,4833,0,0,0,0,0
2020-06-12,US,Colorado,Park,23,0,0,39.120926,-105.7182065,8093.0,122.04828867073496,0.0,23,23,0,0,23,24,18556,0,0,0,0,-1
2020-06-12,US,Colorado,Phillips,15,0,0,40.59414277,-102.3577703,8095.0,351.6998827667058,0.0,15,15,0,0,15,15,4286,0,0,0,0,0
2020-06-12,US,Colorado,Pitkin,63,2,0,39.21720112,-106.9310027,8097.0,354.5899701694152,3.1746031746031744,61,64,2,0,62,63,17950,-1,0,0,-1,1
2020-06-12,US,Colorado,Prowers,17,0,0,37.95544985,-102.3926052,8099.0,139.66480446927375,0.0,17,17,0,0,17,16,12164,0,0,0,0,1
2020-06-12,US,Colorado,Pueblo,332,20,0,38.17359144,-104.5127437,8101.0,197.12155037286846,6.024096385542169,312,326,20,0,306,324,167529,6,0,0,6,2
2020-06-12,US,Colorado,Rio Blanco,1,0,0,39.97913541,-108.2179009,8103.0,15.812776723592664,0.0,1,1,0,0,1,1,6336,0,0,0,0,0
2020-06-12,US,Colorado,Rio Grande,53,0,0,37.5836865,-106.3847838,8105.0,470.4002840152658,0.0,53,51,0,0,51,48,11250,2,0,0,2,3
2020-06-12,US,Colorado,Routt,64,6,0,40.48596505,-106.9905548,8107.0,249.62945627584054,9.375,58,64,6,0,58,63,25733,0,0,0,0,1
2020-06-12,US,Colorado,Saguache,97,2,0,38.08054629,-106.282466,8109.0,1421.4536928487692,2.061855670103093,95,95,2,0,93,95,6843,2,0,0,2,0
2020-06-12,US,Colorado,San Juan,1,0,0,37.76248981,-107.67632890000002,8111.0,137.36263736263737,0.0,1,1,0,0,1,1,762,0,0,0,0,0
2020-06-12,US,Colorado,San Miguel,23,0,0,38.00450883,-108.4020725,8113.0,281.2079716346741,0.0,23,23,0,0,23,23,8191,0,0,0,0,0
2020-06-12,US,Colorado,Summit,254,2,0,39.63803232,-106.1150762,8117.0,819.0642030247333,0.7874015748031497,252,253,2,0,251,252,31007,1,0,0,1,1
2020-06-12,US,Colorado,Teller,38,2,0,38.88133511,-105.1614893,8119.0,149.67701276193478,5.2631578947368425,36,37,2,0,35,37,25083,1,0,0,1,0
2020-06-12,US,Colorado,Washington,44,0,0,39.97015535,-103.202587,8121.0,896.4955175224122,0.0,44,44,0,0,44,43,4909,0,0,0,0,1
2020-06-12,US,Colorado,Weld,2646,136,0,40.55499405,-104.3929621,8123.0,815.4284235050479,5.139833711262282,2510,2629,136,0,2493,2616,314305,17,0,0,17,13
2020-06-12,US,Colorado,Yuma,47,0,0,40.00346839,-102.4258673,8125.0,469.10869348238333,0.0,47,47,0,0,47,48,10020,0,0,0,0,-1
2020-06-12,US,Connecticut,Fairfield,16178,1337,0,41.26809896,-73.3881171,9001.0,1714.9847561621993,8.264309556187415,14841,16155,1333,0,14822,16134,943823,23,4,0,19,21
2020-06-12,US,Connecticut,Hartford,11103,1313,0,41.80283011,-72.73103891,9003.0,1245.1217871080607,11.825632711879672,9790,10967,1308,0,9659,10924,892697,136,5,0,131,43
2020-06-12,US,Connecticut,Litchfield,1435,135,0,41.7937534,-73.2451475,9005.0,795.7500845657754,9.40766550522648,1300,1435,135,0,1300,1430,181111,0,0,0,0,5
2020-06-12,US,Connecticut,Middlesex,1216,166,0,41.45949668,-72.53714864,9007.0,748.6025265335271,13.651315789473687,1050,1210,165,0,1045,1199,162682,6,1,0,5,11
2020-06-12,US,Connecticut,New Haven,11979,1034,0,41.408032500000004,-72.93620426,9009.0,1401.4509386878376,8.631772268135903,10945,11930,1031,0,10899,11911,857620,49,3,0,46,19
2020-06-12,US,Connecticut,New London,1150,98,0,41.48896435,-72.10430976,9011.0,433.62518193404367,8.521739130434783,1052,1147,98,0,1049,1130,266784,3,0,0,3,17
2020-06-12,US,Connecticut,Tolland,886,62,0,41.85853803,-72.3308481,9013.0,587.8411103960298,6.997742663656885,824,883,62,0,821,878,150921,3,0,0,3,5
2020-06-12,US,Connecticut,Unassigned,289,0,0,0.0,0.0,90009.0,0.0,0.0,289,293,0,0,293,304,,-4,0,0,-4,-11
2020-06-12,US,Connecticut,Windham,453,14,0,41.82972709,-71.98182316,9015.0,387.9022452090219,3.0905077262693155,439,441,14,0,427,437,117027,12,0,0,12,4
2020-06-12,US,Delaware,Kent,1544,79,0,39.08646628,-75.56884914,10001.0,854.0484329538792,5.116580310880829,1465,1543,79,0,1464,1530,178550,1,0,0,1,13
2020-06-12,US,Delaware,New Castle,4224,186,0,39.57992638,-75.64054974,10003.0,755.9690954679437,4.403409090909091,4038,4171,186,0,3985,4139,559335,53,0,0,53,32
2020-06-12,US,Delaware,Sussex,4389,149,0,38.66143781,-75.39031349,10005.0,1873.83925712456,3.3948507632718163,4240,4379,149,0,4230,4373,229286,10,0,0,10,6
2020-06-12,US,Delaware,Unassigned,16,0,0,0.0,0.0,90010.0,0.0,0.0,16,13,0,0,13,14,,3,0,0,3,-1
2020-06-12,US,District of Columbia,District of Columbia,9654,506,0,38.90417773,-77.01655992,11001.0,1367.9084206991438,5.241350735446448,9148,9589,502,0,9087,9537,702455,65,4,0,61,52
2020-06-12,US,Florida,Alachua,506,10,0,29.67866525,-82.35928158,12001.0,188.074025341674,1.9762845849802368,496,443,9,0,434,412,269956,63,1,0,62,31
2020-06-12,US,Florida,Baker,30,4,0,30.33060121,-82.28467476,12003.0,102.70455323519344,13.333333333333336,26,29,4,0,25,29,28355,1,0,0,1,0
2020-06-12,US,Florida,Bay,139,4,0,30.26548745,-85.62122584,12005.0,79.56269139406426,2.8776978417266186,135,135,4,0,131,135,185287,4,0,0,4,0
2020-06-12,US,Florida,Bradford,52,2,0,29.95079741,-82.16611613,12007.0,184.39062444594163,3.8461538461538463,50,52,2,0,50,52,27732,0,0,0,0,0
2020-06-12,US,Florida,Brevard,519,13,0,28.29409504,-80.73091022,12009.0,86.22093158477063,2.5048169556840083,506,506,13,0,493,484,596849,13,0,0,13,22
2020-06-12,US,Florida,Broward,8589,350,0,26.15184651,-80.48725556,12011.0,439.834942835284,4.074979625101873,8239,8337,351,0,7986,8193,1951260,252,-1,0,253,144
2020-06-12,US,Florida,Calhoun,65,5,0,30.40666734,-85.19394153,12013.0,460.8294930875576,7.6923076923076925,60,64,4,0,60,64,14587,1,1,0,0,0
2020-06-12,US,Florida,Charlotte,522,72,0,26.90131002,-81.92949121,12015.0,276.3220581229157,13.79310344827586,450,515,72,0,443,505,184998,7,0,0,7,10
2020-06-12,US,Florida,Citrus,135,12,0,28.84804315,-82.47614748,12017.0,90.20627167456249,8.888888888888891,123,132,12,0,120,130,147929,3,0,0,3,2
2020-06-12,US,Florida,Clay,429,32,0,29.98319144,-81.85609986,12019.0,195.66526189042744,7.459207459207459,397,427,32,0,395,420,216072,2,0,0,2,7
2020-06-12,US,Florida,Collier,2364,59,0,26.11091986,-81.34687065,12021.0,614.1823113415883,2.4957698815566842,2305,2291,59,0,2232,2230,378488,73,0,0,73,61
2020-06-12,US,Florida,Columbia,177,2,0,30.22509788,-82.62160164,12023.0,246.91013587032336,1.1299435028248588,175,177,2,0,175,175,70503,0,0,0,0,2
2020-06-12,US,Florida,DeSoto,329,10,0,27.18677893,-81.80941373,12027.0,865.7666903502541,3.0395136778115504,319,304,10,0,294,299,37489,25,0,0,25,5
2020-06-12,US,Florida,Dixie,60,3,0,29.60631086,-83.15724673,12029.0,356.59099013431586,5.0,57,60,3,0,57,60,16700,0,0,0,0,0
2020-06-12,US,Florida,Duval,1923,57,0,30.33225875,-81.66976468,12031.0,200.78203715981644,2.9641185647425896,1866,1893,57,0,1836,1848,950181,30,0,0,30,45
2020-06-12,US,Florida,Escambia,956,37,0,30.67652764,-87.37284571,12033.0,300.3304891994119,3.8702928870292888,919,944,37,0,907,915,315534,12,0,0,12,29
2020-06-12,US,Florida,Flagler,202,5,0,29.45933576,-81.31508595,12035.0,175.5285407669381,2.4752475247524752,197,201,4,0,197,200,112067,1,1,0,0,1
2020-06-12,US,Florida,Franklin,2,0,0,29.83791238,-84.82731662,12037.0,16.49484536082474,0.0,2,2,0,0,2,2,11736,0,0,0,0,0
2020-06-12,US,Florida,Gadsden,302,4,0,30.57796289,-84.61915825,12039.0,661.4104248795445,1.3245033112582782,298,300,4,0,296,298,45894,2,0,0,2,2
2020-06-12,US,Florida,Gilchrist,22,0,0,29.72856978,-82.79880657,12041.0,118.3941448713809,0.0,22,20,0,0,20,19,18256,2,0,0,2,1
2020-06-12,US,Florida,Glades,109,1,0,26.95635849,-81.18996211,12043.0,789.2259792918687,0.9174311926605504,108,107,1,0,106,104,13724,2,0,0,2,3
2020-06-12,US,Florida,Gulf,8,0,0,29.93543004,-85.24270990000002,12045.0,58.65532663685021,0.0,8,8,0,0,8,8,16164,0,0,0,0,0
2020-06-12,US,Florida,Hamilton,268,2,0,30.49673973,-82.94998918,12047.0,1857.499306903244,0.746268656716418,266,268,2,0,266,267,14310,0,0,0,0,1
2020-06-12,US,Florida,Hardee,177,0,0,27.49293939,-81.80956574,12049.0,657.0887626684487,0.0,177,164,0,0,164,160,27245,13,0,0,13,4
2020-06-12,US,Florida,Hendry,597,19,0,26.55386945,-81.16469006,12051.0,1420.6844034077387,3.1825795644891124,578,590,19,0,571,580,41556,7,0,0,7,10
2020-06-12,US,Florida,Hernando,132,5,0,28.55364461,-82.42700204,12053.0,68.06930693069307,3.787878787878788,127,130,5,0,125,129,190865,2,0,0,2,1
2020-06-12,US,Florida,Highlands,169,9,0,27.34254618,-81.34071957,12055.0,159.102249084456,5.325443786982248,160,160,9,0,151,153,105424,9,0,0,9,7
2020-06-12,US,Florida,Hillsborough,3295,99,0,27.9276559,-82.32013172,12057.0,223.8499749994565,3.004552352048558,3196,3174,96,0,3078,3027,1436888,121,3,0,118,147
2020-06-12,US,Florida,Holmes,31,0,0,30.86747479,-85.81319222,12059.0,158.02620176377633,0.0,31,31,0,0,31,31,19477,0,0,0,0,0
2020-06-12,US,Florida,Indian River,190,11,0,27.69308961,-80.60556721,12061.0,118.8071759534276,5.789473684210527,179,177,11,0,166,172,157413,13,0,0,13,5
2020-06-12,US,Florida,Jackson,316,1,0,30.795459700000002,-85.21500423,12063.0,680.8290601973542,0.3164556962025317,315,315,1,0,314,311,48305,1,0,0,1,4
2020-06-12,US,Florida,Jefferson,31,4,0,30.43669112,-83.89442308,12065.0,217.60494173803173,12.903225806451614,27,31,4,0,27,31,14288,0,0,0,0,0
2020-06-12,US,Florida,Lafayette,12,0,0,29.98484137,-83.18166636,12067.0,142.48397055331276,0.0,12,12,0,0,12,12,8732,0,0,0,0,0
2020-06-12,US,Florida,Lake,383,15,0,28.76202069,-81.7125123,12069.0,104.32612947335735,3.91644908616188,368,355,15,0,340,342,356495,28,0,0,28,13
2020-06-12,US,Florida,Lee,2563,128,0,26.58410348,-81.88399313,12071.0,332.6079029091188,4.99414748341787,2435,2500,128,0,2372,2422,754610,63,0,0,63,78
2020-06-12,US,Florida,Leon,464,8,0,30.45955727,-84.27491114,12073.0,158.0478367202349,1.7241379310344829,456,456,8,0,448,451,292502,8,0,0,8,5
2020-06-12,US,Florida,Levy,98,1,0,29.31829741,-82.74007147,12075.0,236.1275088547816,1.020408163265306,97,95,1,0,94,90,40770,3,0,0,3,5
2020-06-12,US,Florida,Liberty,218,1,0,30.23766008,-84.8829258,12077.0,2609.528369643285,0.4587155963302753,217,218,1,0,217,218,8457,0,0,0,0,0
2020-06-12,US,Florida,Madison,75,3,0,30.44396917,-83.47398594,12079.0,405.5588601092305,4.0,72,75,3,0,72,71,18529,0,0,0,0,4
2020-06-12,US,Florida,Manatee,1309,114,0,27.47196942,-82.31831044,12081.0,324.6101082942966,8.708938120702827,1195,1253,114,0,1139,1245,394855,56,0,0,56,8
2020-06-12,US,Florida,Marion,299,8,0,29.21227113,-82.05803627,12083.0,81.7880676953545,2.6755852842809364,291,292,8,0,284,286,359977,7,0,0,7,6
2020-06-12,US,Florida,Martin,1056,17,0,27.0772071,-80.43109784,12085.0,655.9006211180124,1.6098484848484849,1039,1020,16,0,1004,958,160912,36,1,0,35,62
2020-06-12,US,Florida,Miami-Dade,20872,809,0,25.6112362,-80.55170587,12086.0,768.2171855101695,3.876006132617861,20063,20548,798,0,19750,20277,2761581,324,11,0,313,271
2020-06-12,US,Florida,Monroe,121,4,0,25.20904673,-81.07812416,12087.0,163.01126259632485,3.3057851239669422,117,120,4,0,116,116,75027,1,0,0,1,4
2020-06-12,US,Florida,Nassau,87,1,0,30.61037141,-81.80297522,12089.0,98.16643159379407,1.1494252873563218,86,86,1,0,85,84,85832,1,0,0,1,2
2020-06-12,US,Florida,Okaloosa,312,6,0,30.69143028,-86.59267105,12091.0,148.0511345841756,1.9230769230769231,306,294,6,0,288,287,207269,18,0,0,18,7
2020-06-12,US,Florida,Okeechobee,158,0,0,27.386336199999995,-80.88944347,12093.0,374.6917093530639,0.0,158,154,0,0,154,149,41537,4,0,0,4,5
2020-06-12,US,Florida,Orange,2773,46,0,28.51367621,-81.31799498,12095.0,199.00219024408452,1.6588532275513883,2727,2678,46,0,2632,2542,1380645,95,0,0,95,136
2020-06-12,US,Florida,Osceola,796,21,0,28.06312234,-81.14882926,12097.0,211.84241691971542,2.6381909547738696,775,785,21,0,764,770,367990,11,0,0,11,15
2020-06-12,US,Florida,Palm Beach,8209,416,0,26.64676272,-80.46536002,12099.0,548.447657288695,5.067608722134243,7793,7887,407,0,7480,7678,1485941,322,9,0,313,209
2020-06-12,US,Florida,Pasco,484,15,0,28.30810945,-82.40227529,12101.0,87.3729797254972,3.0991735537190084,469,473,15,0,458,457,539630,11,0,0,11,16
2020-06-12,US,Florida,Pinellas,1941,102,0,27.93130349,-82.72239666,12103.0,199.077739806112,5.255023183925812,1839,1862,101,0,1761,1746,975280,79,1,0,78,116
2020-06-12,US,Florida,Polk,1373,74,0,27.95027105,-81.69732947,12105.0,189.43757873111318,5.3896576839038595,1299,1325,73,0,1252,1287,708009,48,1,0,47,38
2020-06-12,US,Florida,Putnam,183,6,0,29.60779729,-81.74230285,12107.0,245.56836328014919,3.278688524590164,177,181,6,0,175,176,74163,2,0,0,2,5
2020-06-12,US,Florida,Santa Rosa,275,9,0,30.69341450000001,-87.02458128,12113.0,149.2027149468567,3.272727272727273,266,273,9,0,264,262,179349,2,0,0,2,11
2020-06-12,US,Florida,Sarasota,724,89,0,27.18546175,-82.33174248,12115.0,166.91950514361068,12.292817679558013,635,716,89,0,627,705,426718,8,0,0,8,11
2020-06-12,US,Florida,Seminole,663,12,0,28.7158582,-81.24060348,12117.0,140.5179027861966,1.8099547511312215,651,621,12,0,609,585,467832,42,0,0,42,36
2020-06-12,US,Florida,St. Johns,292,6,0,29.90096506,-81.43589967,12109.0,110.32523274090195,2.054794520547945,286,287,6,0,281,288,254261,5,0,0,5,-1
2020-06-12,US,Florida,St. Lucie,793,33,0,27.37763908,-80.47106649,12111.0,241.5495724907629,4.16141235813367,760,760,33,0,727,696,321128,33,0,0,33,64
2020-06-12,US,Florida,Sumter,266,17,0,28.70181754,-82.0794267,12119.0,200.87600060413837,6.390977443609022,249,265,17,0,248,265,128754,1,0,0,1,0
2020-06-12,US,Florida,Suwannee,185,18,0,30.19746066,-82.99099670000003,12121.0,416.50719319179586,9.72972972972973,167,182,18,0,164,178,44191,3,0,0,3,4
2020-06-12,US,Florida,Taylor,52,0,0,30.04848048,-83.60445406,12123.0,241.08674486531598,0.0,52,51,0,0,51,47,21623,1,0,0,1,4
2020-06-12,US,Florida,Unassigned,100,0,0,0.0,0.0,90012.0,0.0,0.0,100,96,0,0,96,96,,4,0,0,4,0
2020-06-12,US,Florida,Union,38,1,0,30.04412971,-82.37497443,12125.0,249.39292511649282,2.631578947368421,37,38,1,0,37,38,14940,0,0,0,0,0
2020-06-12,US,Florida,Volusia,884,46,0,29.05858895,-81.18263252,12127.0,159.7732809913173,5.203619909502263,838,860,46,0,814,849,547538,24,0,0,24,11
2020-06-12,US,Florida,Wakulla,35,1,0,30.16548905,-84.39895211,12129.0,103.7375144491538,2.8571428571428568,34,35,1,0,34,35,32461,0,0,0,0,0
2020-06-12,US,Florida,Walton,145,9,0,30.64204028,-86.16935664,12131.0,195.7581239621444,6.206896551724138,136,142,9,0,133,135,71375,3,0,0,3,7
2020-06-12,US,Florida,Washington,87,9,0,30.61359259,-85.66002461,12133.0,341.5380991638205,10.344827586206897,78,87,8,0,79,85,24880,0,1,0,-1,2
2020-06-12,US,Georgia,Appling,199,13,0,31.74847232,-82.28909114,13001.0,1082.3452626998803,6.532663316582915,186,200,13,0,187,199,18507,-1,0,0,-1,1
2020-06-12,US,Georgia,Atkinson,70,2,0,31.29633502,-82.87545866,13003.0,857.3178199632578,2.8571428571428568,68,71,2,0,69,62,8297,-1,0,0,-1,9
2020-06-12,US,Georgia,Bacon,165,3,0,31.55456473,-82.45936528,13005.0,1477.964887137227,1.818181818181818,162,164,3,0,161,152,11185,1,0,0,1,12
2020-06-12,US,Georgia,Baker,37,3,0,31.32669878,-84.44218806,13007.0,1217.906517445688,8.108108108108109,34,37,3,0,34,37,3092,0,0,0,0,0
2020-06-12,US,Georgia,Baldwin,421,30,0,33.06882326,-83.24701748,13009.0,937.8480730674984,7.1258907363420425,391,414,30,0,384,407,44823,7,0,0,7,7
2020-06-12,US,Georgia,Banks,107,1,0,34.35607081,-83.49644388,13011.0,556.3065405011959,0.9345794392523364,106,103,1,0,102,100,18988,4,0,0,4,3
2020-06-12,US,Georgia,Barrow,378,23,0,33.99148694,-83.71436292,13013.0,454.1086016338299,6.084656084656085,355,377,21,0,356,366,80809,1,2,0,-1,11
2020-06-12,US,Georgia,Bartow,539,39,0,34.23732119,-84.83887523,13015.0,500.2877350609813,7.235621521335807,500,532,39,0,493,530,106408,7,0,0,7,2
2020-06-12,US,Georgia,Ben Hill,98,1,0,31.76095874,-83.22145359,13017.0,586.8263473053893,1.020408163265306,97,96,1,0,95,96,16787,2,0,0,2,0
2020-06-12,US,Georgia,Berrien,62,0,0,31.27590016,-83.22529920000002,13019.0,319.6370572768985,0.0,62,59,0,0,59,59,19252,3,0,0,3,0
2020-06-12,US,Georgia,Bibb,530,35,0,32.80904227,-83.70489165,13021.0,346.0456127292552,6.60377358490566,495,525,34,0,491,516,153095,5,1,0,4,9
2020-06-12,US,Georgia,Bleckley,53,0,0,32.43829035,-83.33035166,13023.0,411.7144410782257,0.0,53,54,0,0,54,53,12838,-1,0,0,-1,1
2020-06-12,US,Georgia,Brantley,68,2,0,31.19576557,-81.97743999,13025.0,355.85326286043227,2.9411764705882355,66,64,2,0,62,63,18897,4,0,0,4,1
2020-06-12,US,Georgia,Brooks,93,10,0,30.83922642,-83.58303423,13027.0,601.6691466649414,10.752688172043008,83,91,10,0,81,87,15513,2,0,0,2,4
2020-06-12,US,Georgia,Bryan,83,5,0,32.00979311,-81.44002948,13029.0,209.4531506296212,6.024096385542169,78,83,5,0,78,80,38109,0,0,0,0,3
2020-06-12,US,Georgia,Bulloch,92,3,0,32.39577406,-81.74811421,13031.0,115.56627474625664,3.260869565217391,89,87,3,0,84,87,77296,5,0,0,5,0
2020-06-12,US,Georgia,Burke,125,6,0,33.05917989,-81.99928721,13033.0,558.4595451905464,4.8,119,125,6,0,119,125,22423,0,0,0,0,0
2020-06-12,US,Georgia,Butts,242,28,0,33.283094500000004,-83.95435040000002,13035.0,970.4844401668272,11.570247933884296,214,255,26,0,229,254,24193,-13,2,0,-15,1
2020-06-12,US,Georgia,Calhoun,146,6,0,31.53169785,-84.62725131,13037.0,2359.024074971724,4.109589041095891,140,145,6,0,139,139,6352,1,0,0,1,6
2020-06-12,US,Georgia,Camden,71,1,0,30.92951916,-81.66601818,13039.0,129.8796326784473,1.4084507042253518,70,70,1,0,69,70,53677,1,0,0,1,0
2020-06-12,US,Georgia,Candler,17,0,0,32.40209349,-82.07702563,13043.0,157.36369526983245,0.0,17,17,0,0,17,17,10836,0,0,0,0,0
2020-06-12,US,Georgia,Carroll,602,37,0,33.58138199,-85.07976677,13045.0,501.70011334088935,6.146179401993356,565,593,37,0,556,591,118121,9,0,0,9,2
2020-06-12,US,Georgia,Catoosa,217,0,0,34.89872298,-85.13757014,13047.0,321.1009174311927,0.0,217,184,0,0,184,175,67420,33,0,0,33,9
2020-06-12,US,Georgia,Charlton,38,1,0,30.78371028,-82.13951596,13049.0,283.7514934289128,2.631578947368421,37,37,1,0,36,36,12968,1,0,0,1,1
2020-06-12,US,Georgia,Chatham,597,29,0,32.00043026,-81.12489526,13051.0,206.2674912759562,4.857621440536013,568,584,29,0,555,562,289195,13,0,0,13,22
2020-06-12,US,Georgia,Chattahoochee,246,0,0,32.34341231,-84.78809239,13053.0,2255.4322911891445,0.0,246,232,0,0,232,191,10684,14,0,0,14,41
2020-06-12,US,Georgia,Chattooga,32,2,0,34.47197698,-85.34535662,13055.0,129.0895155109121,6.25,30,30,2,0,28,27,24790,2,0,0,2,3
2020-06-12,US,Georgia,Cherokee,1014,38,0,34.24393976,-84.47431861,13057.0,391.8492269286209,3.7475345167652865,976,1000,37,0,963,990,254149,14,1,0,13,10
2020-06-12,US,Georgia,Clarke,338,15,0,33.95436462,-83.37124007,13059.0,263.3814121295712,4.437869822485207,323,332,15,0,317,331,127330,6,0,0,6,1
2020-06-12,US,Georgia,Clay,51,2,0,31.62221166,-84.97713865,13061.0,1799.576570218772,3.92156862745098,49,51,2,0,49,50,2887,0,0,0,0,1
2020-06-12,US,Georgia,Clayton,1413,65,0,33.54187245,-84.35594188,13063.0,483.48023650498186,4.6001415428167025,1348,1399,59,0,1340,1378,289615,14,6,0,8,21
2020-06-12,US,Georgia,Clinch,75,2,0,30.91395822,-82.70432472,13065.0,1133.2728921124208,2.6666666666666665,73,73,2,0,71,72,6648,2,0,0,2,1
2020-06-12,US,Georgia,Cobb,3522,215,0,33.94243204,-84.5761255,13067.0,463.3350917790252,6.104486087450312,3307,3471,214,0,3257,3370,756865,51,1,0,50,101
2020-06-12,US,Georgia,Coffee,328,14,0,31.54892966,-82.85492059999999,13069.0,757.9784161024195,4.2682926829268295,314,321,14,0,307,310,43093,7,0,0,7,11
2020-06-12,US,Georgia,Colquitt,634,16,0,31.18810588,-83.7677946,13071.0,1390.3508771929826,2.5236593059936907,618,615,16,0,599,603,45592,19,0,0,19,12
2020-06-12,US,Georgia,Columbia,295,8,0,33.54534185,-82.263524,13073.0,188.24099952780224,2.7118644067796613,287,290,8,0,282,289,154291,5,0,0,5,1
2020-06-12,US,Georgia,Cook,67,1,0,31.16068491,-83.42947229,13075.0,387.9559930515345,1.492537313432836,66,62,1,0,61,59,17162,5,0,0,5,3
2020-06-12,US,Georgia,Coweta,507,11,0,33.35334302,-84.76129976,13077.0,341.39345090196554,2.1696252465483234,496,488,11,0,477,476,145864,19,0,0,19,12
2020-06-12,US,Georgia,Crawford,31,0,0,32.71391813,-83.98061238,13079.0,249.91938084488876,0.0,31,31,0,0,31,31,12318,0,0,0,0,0
2020-06-12,US,Georgia,Crisp,241,10,0,31.92289565,-83.76811843,13081.0,1077.2394064008581,4.149377593360996,231,240,10,0,230,240,22601,1,0,0,1,0
2020-06-12,US,Georgia,Dade,47,1,0,34.854916700000004,-85.50490424,13083.0,291.6356415984115,2.127659574468085,46,45,1,0,44,43,16226,2,0,0,2,2
2020-06-12,US,Georgia,Dawson,118,3,0,34.44244079,-84.16964071,13085.0,451.96874521219553,2.5423728813559316,115,118,3,0,115,116,25083,0,0,0,0,2
2020-06-12,US,Georgia,DeKalb,4282,142,0,33.76944049,-84.22396017,13089.0,563.9426996287357,3.3162073797290987,4140,4229,139,0,4090,4186,756558,53,3,0,50,43
2020-06-12,US,Georgia,Decatur,222,7,0,30.87967778,-84.57619536,13087.0,840.7816997424633,3.1531531531531534,215,219,7,0,212,219,26575,3,0,0,3,0
2020-06-12,US,Georgia,Dodge,54,2,0,32.17265114,-83.16948926,13091.0,262.0723125454987,3.703703703703704,52,53,2,0,51,53,20705,1,0,0,1,0
2020-06-12,US,Georgia,Dooly,197,13,0,32.15630737,-83.79746561,13093.0,1471.2471994025393,6.598984771573603,184,196,13,0,183,196,13706,1,0,0,1,0
2020-06-12,US,Georgia,Dougherty,1828,150,0,31.53328528,-84.21722377,13095.0,2078.3118832143346,8.205689277899344,1678,1827,150,0,1677,1820,91243,1,0,0,1,7
2020-06-12,US,Georgia,Douglas,641,28,0,33.70291126,-84.77026156,13097.0,438.0120675399575,4.3681747269890785,613,634,27,0,607,624,145331,7,1,0,6,10
2020-06-12,US,Georgia,Early,254,31,0,31.32155345,-84.90255207,13099.0,2492.639842983317,12.204724409448819,223,254,31,0,223,253,10247,0,0,0,0,1
2020-06-12,US,Georgia,Echols,153,0,0,30.71101099,-82.89687287,13101.0,3819.27109335996,0.0,153,153,0,0,153,149,4000,0,0,0,0,4
2020-06-12,US,Georgia,Effingham,83,1,0,32.36616021,-81.34280942,13103.0,129.09045663804906,1.2048192771084338,82,84,1,0,83,81,62190,-1,0,0,-1,3
2020-06-12,US,Georgia,Elbert,84,0,0,34.11302332,-82.83936148,13105.0,437.63676148796503,0.0,84,83,0,0,83,82,19120,1,0,0,1,1
2020-06-12,US,Georgia,Emanuel,38,2,0,32.59221302,-82.30239915,13107.0,167.8000529894904,5.2631578947368425,36,36,2,0,34,34,22612,2,0,0,2,2
2020-06-12,US,Georgia,Evans,7,0,0,32.15328841,-81.8870105,13109.0,65.70302233902761,0.0,7,7,0,0,7,6,10721,0,0,0,0,1
2020-06-12,US,Georgia,Fannin,65,1,0,34.86430205,-84.316964,13111.0,248.20528486329616,1.5384615384615383,64,63,1,0,62,59,25964,2,0,0,2,4
2020-06-12,US,Georgia,Fayette,259,14,0,33.41357794,-84.49089434,13113.0,226.35704984224927,5.405405405405406,245,258,14,0,244,254,113459,1,0,0,1,4
2020-06-12,US,Georgia,Floyd,365,15,0,34.26268279,-85.21577392,13115.0,370.5658998152248,4.109589041095891,350,356,15,0,341,349,97927,9,0,0,9,7
2020-06-12,US,Georgia,Forsyth,589,13,0,34.22604035,-84.12315129999998,13117.0,241.14439185758968,2.2071307300509337,576,579,13,0,566,579,236612,10,0,0,10,0
2020-06-12,US,Georgia,Franklin,137,1,0,34.37525597,-83.23159927,13119.0,586.7488971690436,0.7299270072992701,136,134,1,0,133,134,23023,3,0,0,3,0
2020-06-12,US,Georgia,Fulton,5069,280,0,33.79216944,-84.46319413,13121.0,476.43798457991403,5.523771947129611,4789,5031,273,0,4758,4989,1050114,38,7,0,31,42
2020-06-12,US,Georgia,Gilmer,169,1,0,34.69316688,-84.45802506,13123.0,538.7484459179444,0.591715976331361,168,167,1,0,166,166,30816,2,0,0,2,1
2020-06-12,US,Georgia,Glascock,1,0,0,33.22879932,-82.61297636,13125.0,33.65870077415012,0.0,1,1,0,0,1,1,2995,0,0,0,0,0
2020-06-12,US,Georgia,Glynn,177,2,0,31.23279254,-81.53811412,13127.0,207.52239365942881,1.1299435028248588,175,172,2,0,170,166,85219,5,0,0,5,6
2020-06-12,US,Georgia,Gordon,240,18,0,34.50487351,-84.87296253,13129.0,414.057243413902,7.5,222,234,17,0,217,219,57685,6,1,0,5,15
2020-06-12,US,Georgia,Grady,137,4,0,30.87454847,-84.23418364,13131.0,556.1644947834208,2.9197080291970803,133,133,4,0,129,129,24748,4,0,0,4,4
2020-06-12,US,Georgia,Greene,86,8,0,33.5769205,-83.17139104,13133.0,469.32984064614715,9.30232558139535,78,86,7,0,79,83,17698,0,1,0,-1,3
2020-06-12,US,Georgia,Gwinnett,5089,152,0,33.96044201,-84.02137802,13135.0,543.5514018691589,2.986834348595009,4937,4980,150,0,4830,4808,927781,109,2,0,107,172
2020-06-12,US,Georgia,Habersham,581,29,0,34.63331566,-83.53094677,13137.0,1281.768443346276,4.991394148020653,552,576,28,0,548,572,45388,5,1,0,4,4
2020-06-12,US,Georgia,Hall,2727,55,0,34.32207823,-83.81896936,13139.0,1333.881168650124,2.0168683535020167,2672,2699,54,0,2645,2686,202148,28,1,0,27,13
2020-06-12,US,Georgia,Hancock,201,29,0,33.2721566,-82.99766919,13141.0,2376.7293366442,14.427860696517413,172,201,29,0,172,202,8348,0,0,0,0,-1
2020-06-12,US,Georgia,Haralson,57,4,0,33.79602175,-85.21005667,13143.0,191.3265306122449,7.0175438596491215,53,56,4,0,52,56,29533,1,0,0,1,0
2020-06-12,US,Georgia,Harris,190,6,0,32.73709786,-84.90538572,13145.0,539.2212509933023,3.1578947368421053,184,185,6,0,179,173,34475,5,0,0,5,12
2020-06-12,US,Georgia,Hart,41,0,0,34.34626973,-82.96567682,13147.0,156.4586910894867,0.0,41,39,0,0,39,39,26099,2,0,0,2,0
2020-06-12,US,Georgia,Heard,42,3,0,33.29686567,-85.12886832,13149.0,352.26033716346564,7.142857142857142,39,41,3,0,38,39,11879,1,0,0,1,2
2020-06-12,US,Georgia,Henry,829,28,0,33.4533428,-84.14814659999998,13151.0,353.4261876441522,3.3775633293124248,801,810,25,0,785,787,230220,19,3,0,16,23
2020-06-12,US,Georgia,Houston,421,20,0,32.45802497,-83.66879087,13153.0,266.6869374077523,4.750593824228028,401,415,20,0,395,408,155469,6,0,0,6,7
2020-06-12,US,Georgia,Irwin,34,1,0,31.60213036,-83.27501387,13155.0,361.0875106202209,2.9411764705882355,33,34,1,0,33,34,9398,0,0,0,0,0
2020-06-12,US,Georgia,Jackson,256,7,0,34.13794553,-83.56814788,13157.0,350.79545610260766,2.734375,249,247,7,0,240,239,70422,9,0,0,9,8
2020-06-12,US,Georgia,Jasper,56,1,0,33.31535543,-83.68844964,13159.0,393.83922920036565,1.7857142857142858,55,55,1,0,54,51,14040,1,0,0,1,4
2020-06-12,US,Georgia,Jeff Davis,52,2,0,31.80405727,-82.63724870000001,13161.0,344.0291101554747,3.8461538461538463,50,51,1,0,50,49,15029,1,1,0,0,2
2020-06-12,US,Georgia,Jefferson,52,1,0,33.05867328,-82.41609057,13163.0,338.4975914594454,1.9230769230769231,51,52,1,0,51,52,15430,0,0,0,0,0
2020-06-12,US,Georgia,Jenkins,44,6,0,32.79248718,-81.96040187,13165.0,507.1461502996773,13.636363636363635,38,44,6,0,38,40,8683,0,0,0,0,4
2020-06-12,US,Georgia,Johnson,77,2,0,32.70211082,-82.66166794,13167.0,798.5066887897957,2.5974025974025974,75,83,2,0,81,83,9708,-6,0,0,-6,0
2020-06-12,US,Georgia,Jones,50,0,0,33.02512137,-83.56019163,13169.0,174.00382808421784,0.0,50,50,0,0,50,50,28616,0,0,0,0,0
2020-06-12,US,Georgia,Lamar,79,5,0,33.07841647,-84.14263877,13171.0,414.11123342244593,6.329113924050633,74,79,5,0,74,78,19000,0,0,0,0,1
2020-06-12,US,Georgia,Lanier,37,2,0,31.03828570000001,-83.06472457,13173.0,354.9841696248681,5.405405405405406,35,36,2,0,34,36,10340,1,0,0,1,0
2020-06-12,US,Georgia,Laurens,113,1,0,32.46325233,-82.92221316,13175.0,237.66457746182644,0.8849557522123894,112,116,1,0,115,116,47325,-3,0,0,-3,0
2020-06-12,US,Georgia,Lee,371,22,0,31.779330600000005,-84.14324253,13177.0,1236.9965324086422,5.929919137466308,349,370,22,0,348,369,29764,1,0,0,1,1
2020-06-12,US,Georgia,Liberty,90,1,0,31.82588896,-81.49251135,13179.0,146.49629689916168,1.1111111111111112,89,86,1,0,85,86,61497,4,0,0,4,0
2020-06-12,US,Georgia,Lincoln,17,1,0,33.79201475,-82.45024131,13181.0,214.61936624163616,5.882352941176472,16,17,1,0,16,17,7915,0,0,0,0,0
2020-06-12,US,Georgia,Long,19,1,0,31.75218791,-81.74952375,13183.0,97.14198067385858,5.2631578947368425,18,19,1,0,18,18,18998,0,0,0,0,1
2020-06-12,US,Georgia,Lowndes,567,4,0,30.83568832,-83.27056716,13185.0,482.9395431238608,0.7054673721340388,563,531,4,0,527,505,116321,36,0,0,36,26
2020-06-12,US,Georgia,Lumpkin,107,1,0,34.57286511,-84.00425681,13187.0,318.3576316572449,0.9345794392523364,106,106,1,0,105,105,32955,1,0,0,1,1
2020-06-12,US,Georgia,Macon,106,7,0,32.35207048,-84.04234127,13193.0,818.7224839731211,6.60377358490566,99,106,7,0,99,106,13143,0,0,0,0,0
2020-06-12,US,Georgia,Madison,72,2,0,34.12920917,-83.21218732,13195.0,240.96385542168682,2.7777777777777777,70,68,2,0,66,67,29650,4,0,0,4,1
2020-06-12,US,Georgia,Marion,61,2,0,32.3483402,-84.52733571,13197.0,729.7523627228137,3.278688524590164,59,61,2,0,59,59,8351,0,0,0,0,2
2020-06-12,US,Georgia,McDuffie,73,5,0,33.47851918,-82.48252774,13189.0,342.53003003003005,6.849315068493151,68,73,5,0,68,73,21531,0,0,0,0,0
2020-06-12,US,Georgia,McIntosh,17,1,0,31.49683595,-81.40163426,13191.0,118.23619418556127,5.882352941176472,16,16,1,0,15,16,14340,1,0,0,1,0
2020-06-12,US,Georgia,Meriwether,123,2,0,33.04163534,-84.68859732,13199.0,581.0932111305334,1.6260162601626016,121,119,2,0,117,114,21068,4,0,0,4,5
2020-06-12,US,Georgia,Miller,45,0,0,31.16568912,-84.73151117,13201.0,786.9884575026233,0.0,45,45,0,0,45,45,5686,0,0,0,0,0
2020-06-12,US,Georgia,Mitchell,427,37,0,31.22483255,-84.19381821,13205.0,1953.0713991675436,8.665105386416862,390,427,37,0,390,425,22192,0,0,0,0,2
2020-06-12,US,Georgia,Monroe,127,14,0,33.014289,-83.92097166,13207.0,460.5120023206904,11.023622047244093,113,126,14,0,112,126,27520,1,0,0,1,0
2020-06-12,US,Georgia,Montgomery,19,0,0,32.17201038,-82.53527476,13209.0,207.15220235499345,0.0,19,19,0,0,19,17,9193,0,0,0,0,2
2020-06-12,US,Georgia,Morgan,40,0,0,33.59232073,-83.49129491,13211.0,207.5119319360863,0.0,40,40,0,0,40,40,18853,0,0,0,0,0
2020-06-12,US,Georgia,Murray,130,1,0,34.78897608,-84.74993177,13213.0,324.22186751795687,0.7692307692307693,129,127,1,0,126,120,39921,3,0,0,3,7
2020-06-12,US,Georgia,Muscogee,955,25,0,32.50931999,-84.87142262,13215.0,487.81982847131064,2.6178010471204187,930,919,25,0,894,904,194160,36,0,0,36,15
2020-06-12,US,Georgia,Newton,412,11,0,33.55514538,-83.84547140000002,13217.0,368.69988545246287,2.66990291262136,401,407,11,0,396,402,109541,5,0,0,5,5
2020-06-12,US,Georgia,Oconee,128,9,0,33.83749973,-83.43679568,13219.0,317.7755710029791,7.03125,119,129,9,0,120,127,39272,-1,0,0,-1,2
2020-06-12,US,Georgia,Oglethorpe,71,7,0,33.878629600000004,-83.08278123,13221.0,465.2991677043057,9.859154929577462,64,71,7,0,64,71,15054,0,0,0,0,0
2020-06-12,US,Georgia,Out of GA,2582,34,0,0.0,0.0,80013.0,0.0,1.3168086754453912,2548,2641,38,0,2603,2515,,-59,-4,0,-55,126
2020-06-12,US,Georgia,Paulding,401,13,0,33.91969522,-84.86848792,13223.0,237.7465657182496,3.2418952618453867,388,397,13,0,384,382,164044,4,0,0,4,15
2020-06-12,US,Georgia,Peach,86,8,0,32.56934316,-83.82937,13225.0,312.2050388441153,9.30232558139535,78,80,8,0,72,80,27297,6,0,0,6,0
2020-06-12,US,Georgia,Pickens,59,4,0,34.46589159,-84.46406611,13227.0,181.03157313368717,6.779661016949151,55,59,4,0,55,57,31980,0,0,0,0,2
2020-06-12,US,Georgia,Pierce,126,4,0,31.35928155,-82.21598442,13229.0,647.3156948368868,3.1746031746031744,122,125,4,0,121,122,19389,1,0,0,1,3
2020-06-12,US,Georgia,Pike,66,3,0,33.09310242,-84.38790389,13231.0,348.06455015293744,4.545454545454546,63,65,3,0,62,65,18634,1,0,0,1,0
2020-06-12,US,Georgia,Polk,162,1,0,34.00267074,-85.18677781,13233.0,380.16567714077866,0.6172839506172839,161,157,1,0,156,154,42470,5,0,0,5,3
2020-06-12,US,Georgia,Pulaski,46,2,0,32.23334561,-83.47549959999998,13235.0,413.0376223399479,4.3478260869565215,44,46,2,0,44,46,11069,0,0,0,0,0
2020-06-12,US,Georgia,Putnam,104,10,0,33.32056115,-83.37552891,13237.0,470.1840047018401,9.615384615384617,94,104,10,0,94,103,21809,0,0,0,0,1
2020-06-12,US,Georgia,Quitman,14,1,0,31.86728114,-85.01773177,13239.0,608.9604175728578,7.142857142857142,13,15,1,0,14,15,2279,-1,0,0,-1,0
2020-06-12,US,Georgia,Rabun,30,2,0,34.88389445,-83.40304637,13241.0,175.05981210246838,6.666666666666668,28,30,2,0,28,28,16867,0,0,0,0,2
2020-06-12,US,Georgia,Randolph,190,21,0,31.76622818,-84.75732369,13243.0,2803.1867807612866,11.052631578947368,169,188,20,0,168,186,6833,2,1,0,1,2
2020-06-12,US,Georgia,Richmond,664,36,0,33.35777107,-82.07026432,13245.0,327.8720903820895,5.421686746987952,628,658,35,0,623,659,201554,6,1,0,5,-1
2020-06-12,US,Georgia,Rockdale,333,9,0,33.65145002,-84.02202167,13247.0,366.35275479669065,2.702702702702702,324,329,8,0,321,325,90594,4,1,0,3,4
2020-06-12,US,Georgia,Schley,18,1,0,32.2654021,-84.31258912,13249.0,342.4006087121933,5.5555555555555545,17,18,1,0,17,18,5236,0,0,0,0,0
2020-06-12,US,Georgia,Screven,61,4,0,32.74976524,-81.60779441,13251.0,436.7750250608621,6.557377049180328,57,60,4,0,56,60,13938,1,0,0,1,0
2020-06-12,US,Georgia,Seminole,48,2,0,30.93464824,-84.86823924,13253.0,593.3250927070458,4.166666666666667,46,47,2,0,45,47,8315,1,0,0,1,0
2020-06-12,US,Georgia,Spalding,309,24,0,33.26310031,-84.28013991,13255.0,463.2475300960977,7.766990291262137,285,308,24,0,284,302,66100,1,0,0,1,6
2020-06-12,US,Georgia,Stephens,152,4,0,34.55151201,-83.29405315,13257.0,586.3066538090646,2.631578947368421,148,148,4,0,144,147,26035,4,0,0,4,1
2020-06-12,US,Georgia,Stewart,60,1,0,32.07996777,-84.83208037,13259.0,906.2075215224287,1.6666666666666667,59,60,1,0,59,59,6199,0,0,0,0,1
2020-06-12,US,Georgia,Sumter,506,50,0,32.03650571,-84.19821492,13261.0,1713.8599105812218,9.881422924901186,456,502,49,0,453,499,29733,4,1,0,3,3
2020-06-12,US,Georgia,Talbot,45,2,0,32.69642758,-84.53351366,13263.0,726.3922518159807,4.4444444444444455,43,45,2,0,43,44,6272,0,0,0,0,1
2020-06-12,US,Georgia,Taliaferro,2,0,0,33.56543317,-82.88136816,13265.0,130.1236174365647,0.0,2,1,0,0,1,1,1608,1,0,0,1,0
2020-06-12,US,Georgia,Tattnall,38,0,0,32.04785085,-82.05539188,13267.0,150.28078778770862,0.0,38,37,0,0,37,35,25391,1,0,0,1,2
2020-06-12,US,Georgia,Taylor,25,2,0,32.55792548,-84.25077141,13269.0,311.72069825436415,8.0,23,25,2,0,23,24,8039,0,0,0,0,1
2020-06-12,US,Georgia,Telfair,47,1,0,31.92829517,-82.93491155,13271.0,296.34300126103403,2.127659574468085,46,45,1,0,44,39,15876,2,0,0,2,6
2020-06-12,US,Georgia,Terrell,218,26,0,31.77527543,-84.44069698,13273.0,2555.386238424569,11.926605504587155,192,218,26,0,192,217,8611,0,0,0,0,1
2020-06-12,US,Georgia,Thomas,359,33,0,30.86392347,-83.91847289,13275.0,807.6308744460193,9.192200557103064,326,358,33,0,325,356,44448,1,0,0,1,2
2020-06-12,US,Georgia,Tift,372,22,0,31.45743864,-83.5236119,13277.0,915.2642456451136,5.913978494623656,350,357,22,0,335,345,40571,15,0,0,15,12
2020-06-12,US,Georgia,Toombs,96,4,0,32.12059861,-82.32957247,13279.0,357.80842340663435,4.166666666666667,92,91,4,0,87,83,26887,5,0,0,5,8
2020-06-12,US,Georgia,Towns,32,1,0,34.91369188,-83.74107459999998,13281.0,265.8469718368364,3.125,31,32,1,0,31,31,11852,0,0,0,0,1
2020-06-12,US,Georgia,Treutlen,17,0,0,32.40422134,-82.56904553,13283.0,246.3411099840603,0.0,17,17,0,0,17,17,6809,0,0,0,0,0
2020-06-12,US,Georgia,Troup,701,22,0,33.03349196,-85.02812115,13285.0,1002.5456937730613,3.138373751783167,679,613,13,0,600,545,70034,88,9,0,79,68
2020-06-12,US,Georgia,Turner,148,14,0,31.71612656,-83.62069378,13287.0,1853.4752661239825,9.459459459459461,134,145,14,0,131,144,7912,3,0,0,3,1
2020-06-12,US,Georgia,Twiggs,21,1,0,32.67435595,-83.43078662,13289.0,258.62068965517244,4.761904761904762,20,20,1,0,19,19,8188,1,0,0,1,1
2020-06-12,US,Georgia,Unassigned,1021,1,0,0.0,0.0,90013.0,0.0,0.0979431929480901,1020,1019,2,0,1017,1160,,2,-1,0,3,-141
2020-06-12,US,Georgia,Union,53,2,0,34.82995757,-83.98967069,13291.0,216.22944800293743,3.7735849056603774,51,53,2,0,51,51,24001,0,0,0,0,2
2020-06-12,US,Georgia,Upson,295,38,0,32.87920671,-84.30024826,13293.0,1120.820668693009,12.881355932203391,257,295,38,0,257,291,26215,0,0,0,0,4
2020-06-12,US,Georgia,Walker,216,1,0,34.73376362,-85.30165174,13295.0,309.62858903972136,0.462962962962963,215,211,1,0,210,206,69410,5,0,0,5,5
2020-06-12,US,Georgia,Walton,321,21,0,33.78017694,-83.73552314,13297.0,339.348577590308,6.542056074766355,300,317,21,0,296,309,93503,4,0,0,4,8
2020-06-12,US,Georgia,Ware,263,14,0,31.05449097,-82.42224148,13299.0,735.9937314602339,5.32319391634981,249,254,14,0,240,252,35680,9,0,0,9,2
2020-06-12,US,Georgia,Warren,19,0,0,33.41146451,-82.67795848,13301.0,361.6292348686714,0.0,19,19,0,0,19,19,5251,0,0,0,0,0
2020-06-12,US,Georgia,Washington,76,1,0,32.96711864,-82.79357039,13303.0,373.0244429174438,1.3157894736842106,75,75,1,0,74,75,20386,1,0,0,1,0
2020-06-12,US,Georgia,Wayne,33,0,0,31.5521809,-81.91894878,13305.0,110.26831957763893,0.0,33,33,0,0,33,32,29808,0,0,0,0,1
2020-06-12,US,Georgia,Webster,14,1,0,32.04066113,-84.54742852,13307.0,537.0157268891446,7.142857142857142,13,14,1,0,13,14,2611,0,0,0,0,0
2020-06-12,US,Georgia,Wheeler,16,0,0,32.12009104,-82.72574721,13309.0,203.69191597708462,0.0,16,15,0,0,15,15,7879,1,0,0,1,0
2020-06-12,US,Georgia,White,124,3,0,34.64624278,-83.74905525,13311.0,402.6235469835704,2.419354838709677,121,122,3,0,119,117,29970,2,0,0,2,5
2020-06-12,US,Georgia,Whitfield,562,10,0,34.80987459,-84.96093476,13313.0,537.1411094544482,1.7793594306049825,552,539,9,0,530,520,104062,23,1,0,22,19
2020-06-12,US,Georgia,Wilcox,117,14,0,31.97496928,-83.43438555,13315.0,1354.950781702374,11.965811965811966,103,118,14,0,104,118,8812,-1,0,0,-1,0
2020-06-12,US,Georgia,Wilkes,35,1,0,33.78290391,-82.74286107,13317.0,357.98302137670044,2.8571428571428568,34,35,1,0,34,34,9876,0,0,0,0,1
2020-06-12,US,Georgia,Wilkinson,73,7,0,32.80291082,-83.17140684,13319.0,815.2780880053607,9.58904109589041,66,73,7,0,66,71,9036,0,0,0,0,2
2020-06-12,US,Georgia,Worth,256,21,0,31.55162306,-83.85090513,13321.0,1264.3848471378474,8.203125,235,255,21,0,234,247,20299,1,0,0,1,8
2020-06-12,US,Hawaii,Hawaii,81,0,0,19.60121157,-155.5210167,15001.0,40.195917881228496,0.0,81,81,0,0,81,81,200983,0,0,0,0,0
2020-06-12,US,Hawaii,Honolulu,472,11,0,21.45803166,-157.97121819999995,15003.0,48.431963864829676,2.3305084745762707,461,458,11,0,447,451,980080,14,0,0,14,7
2020-06-12,US,Hawaii,Kauai,21,0,0,22.03935037,-159.5966786,15007.0,29.04845559044444,0.0,21,21,0,0,21,21,72133,0,0,0,0,0
2020-06-12,US,Hawaii,Maui,120,6,0,20.86399628,-156.56890969999995,15009.0,71.67730875598058,5.0,114,120,6,0,114,120,167207,0,0,0,0,0
2020-06-12,US,Hawaii,Out of HI,12,0,0,0.0,0.0,80015.0,0.0,0.0,12,12,0,0,12,12,,0,0,0,0,0
2020-06-12,US,Idaho,Ada,877,22,0,43.4526575,-116.24155159999998,16001.0,182.1062445622494,2.508551881413911,855,854,22,0,832,854,469966,23,0,0,23,0
2020-06-12,US,Idaho,Adams,4,0,0,44.89333571,-116.4545247,16003.0,93.15323707498837,0.0,4,3,0,0,3,3,4250,1,0,0,1,0
2020-06-12,US,Idaho,Bannock,59,1,0,42.67002716,-112.2233311,16005.0,67.192055393586,1.6949152542372878,58,52,1,0,51,52,87138,7,0,0,7,0
2020-06-12,US,Idaho,Benewah,19,0,0,47.21754179,-116.6586851,16009.0,204.34502043450203,0.0,19,19,0,0,19,19,9226,0,0,0,0,0
2020-06-12,US,Idaho,Bingham,23,0,0,43.21672879999999,-112.3978437,16011.0,49.13375061417189,0.0,23,23,0,0,23,23,46236,0,0,0,0,0
2020-06-12,US,Idaho,Blaine,515,5,0,43.4085812,-113.9752658,16013.0,2237.087876286869,0.9708737864077671,510,515,5,0,510,515,22601,0,0,0,0,0
2020-06-12,US,Idaho,Bonner,7,0,0,48.29996017,-116.6017932,16017.0,15.304226152736176,0.0,7,7,0,0,7,7,44727,0,0,0,0,0
2020-06-12,US,Idaho,Bonneville,73,0,0,43.38713372,-111.6161537,16019.0,61.312593438712604,0.0,73,68,0,0,68,68,116854,5,0,0,5,0
2020-06-12,US,Idaho,Camas,1,0,0,43.46665742,-114.8065892,16025.0,90.41591320072331,0.0,1,1,0,0,1,1,1127,0,0,0,0,0
2020-06-12,US,Idaho,Canyon,356,6,0,43.61970148,-116.70954990000001,16027.0,154.8842936014514,1.6853932584269662,350,351,6,0,345,351,223499,5,0,0,5,0
2020-06-12,US,Idaho,Caribou,3,0,0,42.77149116,-111.5597683,16029.0,41.9287211740042,0.0,3,3,0,0,3,3,7060,0,0,0,0,0
2020-06-12,US,Idaho,Cassia,131,1,0,42.28347888,-113.6012409,16031.0,545.1518934665002,0.7633587786259542,130,123,1,0,122,123,23864,8,0,0,8,0
2020-06-12,US,Idaho,Custer,2,0,0,44.24186819,-114.2855494,16037.0,46.349942062572424,0.0,2,2,0,0,2,2,4280,0,0,0,0,0
2020-06-12,US,Idaho,Elmore,34,2,0,43.3507101,-115.4701578,16039.0,123.58692886481772,5.882352941176472,32,33,2,0,31,33,27259,1,0,0,1,0
2020-06-12,US,Idaho,Franklin,12,0,0,42.18332217,-111.81496659999999,16041.0,86.48025367541078,0.0,12,10,0,0,10,10,13726,2,0,0,2,0
2020-06-12,US,Idaho,Fremont,4,0,0,44.22800938,-111.48099429999999,16043.0,30.536682189480114,0.0,4,4,0,0,4,4,13168,0,0,0,0,0
2020-06-12,US,Idaho,Gem,17,0,0,44.06482372,-116.398376,16045.0,93.86042402826857,0.0,17,17,0,0,17,17,17634,0,0,0,0,0
2020-06-12,US,Idaho,Gooding,58,0,0,42.96927962,-114.81083059999999,16047.0,382.106858159299,0.0,58,57,0,0,57,57,15196,1,0,0,1,0
2020-06-12,US,Idaho,Idaho,3,0,0,45.84721541,-115.4634436,16049.0,17.999640007199854,0.0,3,3,0,0,3,3,16513,0,0,0,0,0
2020-06-12,US,Idaho,Jefferson,10,0,0,43.82078483,-112.3131749,16051.0,33.47728566167855,0.0,10,9,0,0,9,9,29439,1,0,0,1,0
2020-06-12,US,Idaho,Jerome,205,3,0,42.68891267,-114.2655033,16053.0,839.7509421595937,1.4634146341463414,202,202,2,0,200,202,24015,3,1,0,2,0
2020-06-12,US,Idaho,Kootenai,98,0,0,47.67282258,-116.7020872,16055.0,59.14410037598749,0.0,98,91,0,0,91,91,161505,7,0,0,7,0
2020-06-12,US,Idaho,Latah,7,0,0,46.81587887,-116.71136979999999,16057.0,17.452877231475018,0.0,7,7,0,0,7,7,40134,0,0,0,0,0
2020-06-12,US,Idaho,Lemhi,1,0,0,44.9438088,-113.9309747,16059.0,12.457954403886884,0.0,1,1,0,0,1,1,7961,0,0,0,0,0
2020-06-12,US,Idaho,Lincoln,35,0,0,43.0012336,-114.1358773,16063.0,652.2549385016772,0.0,35,34,0,0,34,34,5360,1,0,0,1,0
2020-06-12,US,Idaho,Madison,29,0,0,43.78141028,-111.65384740000002,16065.0,72.6689553211216,0.0,29,27,0,0,27,27,39304,2,0,0,2,0
2020-06-12,US,Idaho,Minidoka,98,0,0,42.85518524,-113.6357257,16067.0,465.80160654023484,0.0,98,85,0,0,85,85,20825,13,0,0,13,0
2020-06-12,US,Idaho,Nez Perce,84,19,0,46.32638236,-116.75009750000001,16069.0,207.87962779647597,22.619047619047624,65,84,19,0,65,84,40408,0,0,0,0,0
2020-06-12,US,Idaho,Owyhee,8,0,0,42.58016894,-116.16938710000001,16073.0,67.66472130592912,0.0,8,8,0,0,8,8,11693,0,0,0,0,0
2020-06-12,US,Idaho,Payette,27,2,0,44.00545243,-116.7647695,16075.0,112.73015740470127,7.407407407407407,25,26,2,0,24,26,23551,1,0,0,1,0
2020-06-12,US,Idaho,Power,9,0,0,42.69254894,-112.83957420000002,16077.0,117.17224319750031,0.0,9,9,0,0,9,9,7768,0,0,0,0,0
2020-06-12,US,Idaho,Teton,11,0,0,43.75303583,-111.2056773,16081.0,90.59463020919122,0.0,11,11,0,0,11,11,11640,0,0,0,0,0
2020-06-12,US,Idaho,Twin Falls,480,26,0,42.35440512,-114.6685381,16083.0,552.4989065125809,5.416666666666668,454,469,25,0,444,469,86081,11,1,0,10,0
2020-06-12,US,Idaho,Valley,3,0,0,44.76728382,-115.5676773,16085.0,26.33426966292135,0.0,3,3,0,0,3,3,11041,0,0,0,0,0
2020-06-12,US,Idaho,Washington,50,0,0,44.45275475,-116.78476880000001,16087.0,490.4845987835982,0.0,50,49,0,0,49,49,10161,1,0,0,1,0
2020-06-12,US,Illinois,Adams,45,1,0,39.98815591,-91.18786813,17001.0,68.77053564606098,2.2222222222222223,44,45,1,0,44,45,65691,0,0,0,0,0
2020-06-12,US,Illinois,Alexander,16,0,0,37.18049267,-89.32910838,17003.0,277.7295608401319,0.0,16,16,0,0,16,16,6060,0,0,0,0,0
2020-06-12,US,Illinois,Bond,12,1,0,38.88829622,-89.43534887,17005.0,73.0549129428954,8.333333333333334,11,12,1,0,11,12,16630,0,0,0,0,0
2020-06-12,US,Illinois,Boone,518,18,0,42.32359279,-88.82345779,17007.0,967.4286568056177,3.474903474903475,500,515,18,0,497,511,53577,3,0,0,3,4
2020-06-12,US,Illinois,Brown,10,0,0,39.96209138,-90.75068024,17009.0,152.02189115232594,0.0,10,10,0,0,10,10,6556,0,0,0,0,0
2020-06-12,US,Illinois,Bureau,22,1,0,41.40385234,-89.5283051,17011.0,67.42675003064852,4.545454545454546,21,22,1,0,21,22,32993,0,0,0,0,0
2020-06-12,US,Illinois,Calhoun,1,0,0,39.16840183,-90.66330078,17013.0,21.101498206372653,0.0,1,1,0,0,1,1,4802,0,0,0,0,0
2020-06-12,US,Illinois,Carroll,18,2,0,42.06823429,-89.93395545,17015.0,125.83012932541071,11.111111111111109,16,18,2,0,16,19,14312,0,0,0,0,-1
2020-06-12,US,Illinois,Cass,77,0,0,39.96991073,-90.24734436,17017.0,633.9013748250596,0.0,77,75,0,0,75,74,12260,2,0,0,2,1
2020-06-12,US,Illinois,Champaign,724,9,0,40.13919438,-88.20046615,17019.0,345.27323798577896,1.2430939226519335,715,704,9,0,695,700,209983,20,0,0,20,4
2020-06-12,US,Illinois,Christian,35,4,0,39.54581621,-89.27780482,17021.0,108.34571570084199,11.428571428571427,31,35,4,0,31,35,32661,0,0,0,0,0
2020-06-12,US,Illinois,Clark,12,0,0,39.33425789,-87.78705622,17023.0,77.71517388770155,0.0,12,12,0,0,12,12,15596,0,0,0,0,0
2020-06-12,US,Illinois,Clay,2,0,0,38.75388572,-88.48914513,17025.0,15.169902912621357,0.0,2,2,0,0,2,2,13253,0,0,0,0,0
2020-06-12,US,Illinois,Clinton,203,17,0,38.60704876,-89.42385254,17027.0,540.4398061871041,8.374384236453201,186,198,17,0,181,197,37639,5,0,0,5,1
2020-06-12,US,Illinois,Coles,142,17,0,39.51949084,-88.22358557,17029.0,280.5159913869738,11.971830985915492,125,142,17,0,125,142,50885,0,0,0,0,0
2020-06-12,US,Illinois,Cook,84249,4162,0,41.84144849,-87.81658794,17031.0,1635.8289032748614,4.940117983596243,80087,83978,4111,0,79867,83585,5180493,271,51,0,220,393
2020-06-12,US,Illinois,Crawford,13,0,0,39.0032229,-87.75954624,17033.0,69.6416135426153,0.0,13,11,0,0,11,11,18807,2,0,0,2,0
2020-06-12,US,Illinois,Cumberland,10,0,0,39.27432424,-88.2401158,17035.0,92.88500835965077,0.0,10,10,0,0,10,10,10808,0,0,0,0,0
2020-06-12,US,Illinois,De Witt,4,0,0,40.17514519,-88.90959682,17039.0,25.57871850620284,0.0,4,4,0,0,4,4,15769,0,0,0,0,0
2020-06-12,US,Illinois,DeKalb,471,15,0,41.89373302,-88.76958483,17037.0,449.01188785189277,3.1847133757961785,456,466,13,0,453,460,104143,5,2,0,3,6
2020-06-12,US,Illinois,Douglas,33,0,0,39.76768052,-88.21854195,17041.0,169.5350629334703,0.0,33,30,0,0,30,30,19479,3,0,0,3,0
2020-06-12,US,Illinois,DuPage,8355,429,0,41.85116968,-88.08642662,17043.0,905.2779165280667,5.134649910233393,7926,8311,425,0,7886,8255,928589,44,4,0,40,56
2020-06-12,US,Illinois,Edgar,1,0,0,39.6809186,-87.74759563,17045.0,5.827166249053086,0.0,1,1,0,0,1,1,17360,0,0,0,0,0
2020-06-12,US,Illinois,Edwards,2,0,0,38.41353228,-88.05720863,17047.0,31.27443315089914,0.0,2,2,0,0,2,2,6392,0,0,0,0,0
2020-06-12,US,Illinois,Effingham,8,1,0,39.05935711,-88.58969584,17049.0,23.523876734885913,12.5,7,8,1,0,7,8,34208,0,0,0,0,0
2020-06-12,US,Illinois,Fayette,22,3,0,39.00072038,-89.02452658,17051.0,103.11211098612672,13.636363636363635,19,22,3,0,19,22,21416,0,0,0,0,0
2020-06-12,US,Illinois,Ford,21,1,0,40.59706922,-88.22350769,17053.0,162.02453514389322,4.761904761904762,20,22,1,0,21,22,13264,-1,0,0,-1,0
2020-06-12,US,Illinois,Franklin,12,0,0,37.99189086,-88.92567818,17055.0,31.19394837401544,0.0,12,12,0,0,12,12,38701,0,0,0,0,0
2020-06-12,US,Illinois,Fulton,12,0,0,40.47289135,-90.20862357,17057.0,34.944670937682005,0.0,12,12,0,0,12,12,34844,0,0,0,0,0
2020-06-12,US,Illinois,Gallatin,2,0,0,37.76430935,-88.22953869,17059.0,41.42502071251035,0.0,2,2,0,0,2,2,5058,0,0,0,0,0
2020-06-12,US,Illinois,Greene,7,0,0,39.35907414,-90.388865,17061.0,53.974863135168476,0.0,7,7,0,0,7,7,13044,0,0,0,0,0
2020-06-12,US,Illinois,Grundy,128,2,0,41.28569601,-88.41905692,17063.0,250.7149292905551,1.5625,126,126,2,0,124,125,50972,2,0,0,2,1
2020-06-12,US,Illinois,Hamilton,2,0,0,38.08163641,-88.53883373,17065.0,24.64268112370626,0.0,2,2,0,0,2,2,8163,0,0,0,0,0
2020-06-12,US,Illinois,Hancock,18,1,0,40.40423981,-91.16313899,17067.0,101.6489722159476,5.5555555555555545,17,18,1,0,17,18,17844,0,0,0,0,0
2020-06-12,US,Illinois,Hardin,1,0,0,37.51810645,-88.26873022,17069.0,26.17115938236064,0.0,1,1,0,0,1,1,3910,0,0,0,0,0
2020-06-12,US,Illinois,Henderson,8,0,0,40.81908672,-90.92491462,17071.0,120.37315678603672,0.0,8,8,0,0,8,8,6709,0,0,0,0,0
2020-06-12,US,Illinois,Henry,72,1,0,41.3533994,-90.13296166,17073.0,147.20013084456076,1.3888888888888888,71,72,0,0,72,71,49090,0,1,0,-1,1
2020-06-12,US,Illinois,Iroquois,136,5,0,40.74717633,-87.82466784,17075.0,501.58589658479,3.6764705882352944,131,136,5,0,131,136,27604,0,0,0,0,0
2020-06-12,US,Illinois,Jackson,311,12,0,37.78595185,-89.38232563,17077.0,548.0176211453745,3.858520900321544,299,307,12,0,295,307,57419,4,0,0,4,0
2020-06-12,US,Illinois,Jasper,46,7,0,39.01054275,-88.15437049,17079.0,478.6680541103018,15.217391304347824,39,46,7,0,39,46,9611,0,0,0,0,0
2020-06-12,US,Illinois,Jefferson,103,16,0,38.29980057,-88.9240025,17081.0,273.3255493047447,15.533980582524274,87,101,16,0,85,101,37820,2,0,0,2,0
2020-06-12,US,Illinois,Jersey,28,1,0,39.08869046,-90.35393073,17083.0,128.59964175814082,3.571428571428572,27,28,1,0,27,27,21847,0,0,0,0,1
2020-06-12,US,Illinois,Jo Daviess,34,1,0,42.36542373,-90.21094405,17085.0,160.11302095596892,2.9411764705882355,33,34,1,0,33,33,21366,0,0,0,0,1
2020-06-12,US,Illinois,Johnson,14,0,0,37.45939802,-88.88165419,17087.0,112.74865104292502,0.0,14,14,0,0,14,13,12456,0,0,0,0,1
2020-06-12,US,Illinois,Kane,7030,226,0,41.93842729,-88.42861412,17089.0,1320.428322154458,3.2147937411095304,6804,6992,223,0,6769,6948,534216,38,3,0,35,44
2020-06-12,US,Illinois,Kankakee,1059,57,0,41.13746989,-87.86205334,17091.0,963.9365749758788,5.382436260623231,1002,1051,57,0,994,1047,110024,8,0,0,8,4
2020-06-12,US,Illinois,Kendall,869,19,0,41.59081014,-88.42869583,17093.0,673.6956353205675,2.186421173762946,850,867,19,0,848,863,127915,2,0,0,2,4
2020-06-12,US,Illinois,Knox,111,0,0,40.93148779,-90.21330340000002,17095.0,223.34453409525344,0.0,111,107,0,0,107,106,50112,4,0,0,4,1
2020-06-12,US,Illinois,LaSalle,177,16,0,41.34426129999999,-88.88633881,17099.0,162.87993816083704,9.039548022598868,161,175,16,0,159,172,109430,2,0,0,2,3
2020-06-12,US,Illinois,Lake,8980,372,0,42.3224907,-88.00367925,17097.0,1289.2388752898275,4.142538975501114,8608,8934,367,0,8567,8886,700832,46,5,0,41,48
2020-06-12,US,Illinois,Lawrence,4,0,0,38.71987914,-87.72884035,17101.0,25.513458349279247,0.0,4,4,0,0,4,4,15765,0,0,0,0,0
2020-06-12,US,Illinois,Lee,88,1,0,41.74583951,-89.29977132,17103.0,258.0947911778508,1.1363636363636365,87,88,1,0,87,89,34223,0,0,0,0,-1
2020-06-12,US,Illinois,Livingston,36,2,0,40.89188292,-88.55784752,17105.0,100.98743267504489,5.5555555555555545,34,36,2,0,34,36,35761,0,0,0,0,0
2020-06-12,US,Illinois,Logan,10,0,0,40.12581572,-89.36638784,17107.0,34.94304284017052,0.0,10,10,0,0,10,10,28925,0,0,0,0,0
2020-06-12,US,Illinois,Macon,206,21,0,39.86064913,-88.96342505,17115.0,198.0597832879847,10.194174757281553,185,206,21,0,185,204,104712,0,0,0,0,2
2020-06-12,US,Illinois,Macoupin,46,2,0,39.26119767,-89.92424028,17117.0,102.39059787205628,4.3478260869565215,44,46,2,0,44,46,45313,0,0,0,0,0
2020-06-12,US,Illinois,Madison,683,65,0,38.83042506,-89.90422563,17119.0,259.72939467459673,9.51683748169839,618,681,65,0,616,660,264461,2,0,0,2,21
2020-06-12,US,Illinois,Marion,55,0,0,38.64963204,-88.91899208,17121.0,147.82959279666713,0.0,55,55,0,0,55,55,37620,0,0,0,0,0
2020-06-12,US,Illinois,Marshall,5,0,0,41.0327901,-89.34510444,17123.0,43.7139360027977,0.0,5,5,0,0,5,5,11534,0,0,0,0,0
2020-06-12,US,Illinois,Mason,18,0,0,40.23917274,-89.91824452,17125.0,134.74062429822592,0.0,18,18,0,0,18,18,13565,0,0,0,0,0
2020-06-12,US,Illinois,Massac,7,0,0,37.22078441,-88.71036614,17127.0,50.827766482718566,0.0,7,7,0,0,7,7,14080,0,0,0,0,0
2020-06-12,US,Illinois,McDonough,102,15,0,40.45674722,-90.67775541,17109.0,343.6426116838488,14.705882352941178,87,97,15,0,82,93,29955,5,0,0,5,4
2020-06-12,US,Illinois,McHenry,1810,85,0,42.32451172,-88.45248227,17111.0,588.0938610798833,4.696132596685083,1725,1788,84,0,1704,1776,308570,22,1,0,21,12
2020-06-12,US,Illinois,McLean,238,13,0,40.48996987,-88.84621113,17113.0,138.76175539450898,5.46218487394958,225,235,13,0,222,231,172828,3,0,0,3,4
2020-06-12,US,Illinois,Menard,22,0,0,40.02742725,-89.80246001,17129.0,180.38701213512627,0.0,22,22,0,0,22,22,12288,0,0,0,0,0
2020-06-12,US,Illinois,Mercer,18,0,0,41.20596782,-90.74290052,17131.0,116.60296689771327,0.0,18,18,0,0,18,18,15601,0,0,0,0,0
2020-06-12,US,Illinois,Monroe,106,12,0,38.27594376,-90.17761038,17133.0,306.0311227877703,11.320754716981131,94,105,12,0,93,105,34335,1,0,0,1,0
2020-06-12,US,Illinois,Montgomery,41,1,0,39.23198845,-89.47809254,17135.0,144.29506581262757,2.4390243902439024,40,41,1,0,40,41,28601,0,0,0,0,0
2020-06-12,US,Illinois,Morgan,105,2,0,39.71654544,-90.20255104,17137.0,311.9614950383267,1.9047619047619049,103,100,1,0,99,56,33976,5,1,0,4,44
2020-06-12,US,Illinois,Moultrie,13,0,0,39.64187451,-88.62099969,17139.0,89.64898972484656,0.0,13,13,0,0,13,14,14717,0,0,0,0,-1
2020-06-12,US,Illinois,Ogle,224,4,0,42.04165196,-89.32184679,17141.0,442.31186936002996,1.7857142857142858,220,224,4,0,220,224,50923,0,0,0,0,0
2020-06-12,US,Illinois,Out of IL,111,1,0,0.0,0.0,80017.0,0.0,0.9009009009009008,110,118,1,0,117,115,,-7,0,0,-7,3
2020-06-12,US,Illinois,Peoria,367,18,0,40.78702156,-89.76078901,17143.0,204.82310985104283,4.9046321525885554,349,354,17,0,337,342,180621,13,1,0,12,12
2020-06-12,US,Illinois,Perry,43,0,0,38.08510853,-89.36856219,17145.0,205.58424172882005,0.0,43,43,0,0,43,43,21174,0,0,0,0,0
2020-06-12,US,Illinois,Piatt,11,0,0,40.01360584,-88.59319339,17147.0,67.30298580518844,0.0,11,11,0,0,11,11,16396,0,0,0,0,0
2020-06-12,US,Illinois,Pike,2,0,0,39.62265059,-90.8877017,17149.0,12.852644431591802,0.0,2,1,0,0,1,1,15611,1,0,0,1,0
2020-06-12,US,Illinois,Pope,1,0,0,37.41391284,-88.56152109,17151.0,23.94062724443381,0.0,1,1,0,0,1,1,4212,0,0,0,0,0
2020-06-12,US,Illinois,Pulaski,59,0,0,37.22631423,-89.13085001,17153.0,1105.904404873477,0.0,59,59,0,0,59,59,5463,0,0,0,0,0
2020-06-12,US,Illinois,Putnam,1,0,0,41.2013541,-89.2869272,17155.0,17.424638438752392,0.0,1,1,0,0,1,1,5740,0,0,0,0,0
2020-06-12,US,Illinois,Randolph,276,7,0,38.05095369,-89.82512254,17157.0,868.4160845761752,2.5362318840579707,269,276,7,0,269,276,32106,0,0,0,0,0
2020-06-12,US,Illinois,Richland,4,0,0,38.71240969,-88.08475366,17159.0,25.78482563011668,0.0,4,4,0,0,4,4,15763,0,0,0,0,0
2020-06-12,US,Illinois,Rock Island,737,28,0,41.46613806,-90.57042164,17161.0,519.4567201629558,3.799185888738128,709,728,28,0,700,719,143477,9,0,0,9,9
2020-06-12,US,Illinois,Saline,7,0,0,37.75332999,-88.54119706,17165.0,29.798646290068536,0.0,7,7,0,0,7,7,23906,0,0,0,0,0
2020-06-12,US,Illinois,Sangamon,377,31,0,39.75836914,-89.65872023,17167.0,193.659077833484,8.222811671087532,346,375,31,0,344,367,195348,2,0,0,2,8
2020-06-12,US,Illinois,Schuyler,13,0,0,40.157179799999994,-90.61114163,17169.0,192.08037825059105,0.0,13,13,0,0,13,13,6907,0,0,0,0,0
2020-06-12,US,Illinois,Shelby,16,1,0,39.39133527,-88.80611122,17173.0,73.95765924008505,6.25,15,16,1,0,15,16,21741,0,0,0,0,0
2020-06-12,US,Illinois,St. Clair,1392,107,0,38.46996033,-89.93063427,17163.0,536.031977080012,7.686781609195402,1285,1368,107,0,1261,1354,261059,24,0,0,24,14
2020-06-12,US,Illinois,Stark,3,0,0,41.09309773,-89.79745866,17175.0,56.15874204417821,0.0,3,3,0,0,3,3,5427,0,0,0,0,0
2020-06-12,US,Illinois,Stephenson,226,5,0,42.35129217,-89.662598,17177.0,507.8879949660659,2.2123893805309733,221,223,5,0,218,222,44753,3,0,0,3,1
2020-06-12,US,Illinois,Tazewell,85,6,0,40.50716185,-89.51404662,17179.0,64.49018611109004,7.0588235294117645,79,82,6,0,76,82,132328,3,0,0,3,0
2020-06-12,US,Illinois,Unassigned,43,0,0,0.0,0.0,90017.0,0.0,0.0,43,48,0,0,48,53,,-5,0,0,-5,-5
2020-06-12,US,Illinois,Union,172,17,0,37.47119609,-89.25548938,17181.0,1032.8469344862788,9.883720930232558,155,172,15,0,157,172,16841,0,2,0,-2,0
2020-06-12,US,Illinois,Vermilion,44,1,0,40.18417171,-87.73384359,17183.0,58.07967475382138,2.272727272727273,43,44,1,0,43,44,76806,0,0,0,0,0
2020-06-12,US,Illinois,Wabash,12,0,0,38.44272901,-87.84922065,17185.0,104.16666666666669,0.0,12,12,0,0,12,12,11549,0,0,0,0,0
2020-06-12,US,Illinois,Warren,127,0,0,40.84925021,-90.6147432,17187.0,753.9776775112799,0.0,127,127,0,0,127,127,17032,0,0,0,0,0
2020-06-12,US,Illinois,Washington,19,0,0,38.35309213,-89.40982703,17189.0,136.81860733059696,0.0,19,19,0,0,19,19,13995,0,0,0,0,0
2020-06-12,US,Illinois,Wayne,9,1,0,38.42955355,-88.42586459,17191.0,55.50416281221092,11.111111111111109,8,9,1,0,8,9,16332,0,0,0,0,0
2020-06-12,US,Illinois,White,2,0,0,38.08706198,-88.17657461,17193.0,14.774322227967794,0.0,2,2,0,0,2,2,13665,0,0,0,0,0
2020-06-12,US,Illinois,Whiteside,161,14,0,41.75509713,-89.91556058,17195.0,291.798821930222,8.695652173913043,147,158,14,0,144,157,55626,3,0,0,3,1
2020-06-12,US,Illinois,Will,6086,299,0,41.44619267,-87.97862712,17197.0,881.080228102203,4.912914886625041,5787,6051,297,0,5754,6011,692310,35,2,0,33,40
2020-06-12,US,Illinois,Williamson,80,3,0,37.73033511,-88.92994027,17199.0,120.1255311800832,3.75,77,81,3,0,78,81,67056,-1,0,0,-1,0
2020-06-12,US,Illinois,Winnebago,2667,79,0,42.33641854,-89.16085327,17201.0,943.8302450348938,2.9621297337832773,2588,2652,77,0,2575,2627,284081,15,2,0,13,25
2020-06-12,US,Illinois,Woodford,22,2,0,40.78579374,-89.20973757,17203.0,57.20377544917965,9.090909090909092,20,22,2,0,20,22,38463,0,0,0,0,0
2020-06-12,US,Indiana,Adams,24,1,0,40.7457653,-84.93671406,18001.0,67.08220365038991,4.166666666666667,23,24,1,0,23,24,35636,0,0,0,0,0
2020-06-12,US,Indiana,Allen,2127,79,0,41.09194313,-85.06800636,18003.0,560.7713176148632,3.714151386929948,2048,2089,78,0,2011,2014,375351,38,1,0,37,75
2020-06-12,US,Indiana,Bartholomew,547,41,0,39.20744865,-85.89558181,18005.0,652.9082466966663,7.495429616087751,506,542,40,0,502,540,82753,5,1,0,4,2
2020-06-12,US,Indiana,Benton,37,0,0,40.60626947,-87.31093999,18007.0,422.95381801554635,0.0,37,37,0,0,37,33,8653,0,0,0,0,4
2020-06-12,US,Indiana,Blackford,29,2,0,40.47388153,-85.32499702,18009.0,246.6405851335261,6.896551724137932,27,29,2,0,27,29,11930,0,0,0,0,0
2020-06-12,US,Indiana,Boone,357,36,0,40.0509304,-86.46841646,18011.0,526.2149374290642,10.084033613445378,321,347,36,0,311,339,66999,10,0,0,10,8
2020-06-12,US,Indiana,Brown,36,1,0,39.19605589,-86.22868909,18013.0,238.53697323085083,2.7777777777777777,35,35,1,0,34,35,15234,1,0,0,1,0
2020-06-12,US,Indiana,Carroll,98,2,0,40.580783200000006,-86.56198812,18015.0,483.7833835217456,2.0408163265306123,96,97,2,0,95,96,20127,1,0,0,1,1
2020-06-12,US,Indiana,Cass,1596,9,0,40.76135835,-86.34830753,18017.0,4234.657327071559,0.5639097744360902,1587,1592,9,0,1583,1592,37955,4,0,0,4,0
2020-06-12,US,Indiana,Clark,559,42,0,38.48015445,-85.70510334,18019.0,472.5194840323917,7.513416815742397,517,552,42,0,510,549,117360,7,0,0,7,3
2020-06-12,US,Indiana,Clay,56,3,0,39.39561833,-87.11723506,18021.0,213.53670162059106,5.357142857142857,53,56,3,0,53,56,26170,0,0,0,0,0
2020-06-12,US,Indiana,Clinton,253,1,0,40.30319754,-86.47277257,18023.0,780.8882990215747,0.3952569169960474,252,251,1,0,250,249,32250,2,0,0,2,2
2020-06-12,US,Indiana,Crawford,27,0,0,38.28814402,-86.44518825,18025.0,255.27087075730358,0.0,27,27,0,0,27,27,10558,0,0,0,0,0
2020-06-12,US,Indiana,Daviess,117,16,0,38.70186039,-87.07185406,18027.0,350.8140685436718,13.675213675213676,101,116,16,0,100,113,33147,1,0,0,1,3
2020-06-12,US,Indiana,DeKalb,95,2,0,41.39804622,-84.99906934,18033.0,218.5163887291547,2.1052631578947367,93,94,2,0,92,84,43226,1,0,0,1,10
2020-06-12,US,Indiana,Dearborn,179,22,0,39.14647946,-84.97333539,18029.0,361.9232480084112,12.290502793296088,157,177,22,0,155,175,49568,2,0,0,2,2
2020-06-12,US,Indiana,Decatur,235,32,0,39.30712658,-85.50087166,18031.0,884.8224707255545,13.617021276595745,203,235,32,0,203,235,26794,0,0,0,0,0
2020-06-12,US,Indiana,Delaware,399,43,0,40.22787247,-85.39732772,18035.0,349.5860165593376,10.776942355889725,356,399,43,0,356,399,114772,0,0,0,0,0
2020-06-12,US,Indiana,Dubois,236,4,0,38.36597551,-86.87924170000002,18037.0,552.2276301010858,1.6949152542372878,232,233,4,0,229,231,42565,3,0,0,3,2
2020-06-12,US,Indiana,Elkhart,1929,32,0,41.59761169,-85.85875695,18039.0,934.8602555963188,1.6588906168999482,1897,1876,30,0,1846,1832,205560,53,2,0,51,44
2020-06-12,US,Indiana,Fayette,81,7,0,39.63684962,-85.17797541,18041.0,350.61899402649124,8.641975308641975,74,80,7,0,73,80,23047,1,0,0,1,0
2020-06-12,US,Indiana,Floyd,333,42,0,38.32117957,-85.90385377,18043.0,424.084969817376,12.612612612612612,291,332,42,0,290,329,77781,1,0,0,1,3
2020-06-12,US,Indiana,Fountain,23,2,0,40.12361933,-87.24217689,18045.0,140.70720665606265,8.695652173913043,21,23,2,0,21,24,16351,0,0,0,0,-1
2020-06-12,US,Indiana,Franklin,119,8,0,39.4142482,-85.06062647,18047.0,522.8930485982951,6.722689075630252,111,119,8,0,111,119,22736,0,0,0,0,0
2020-06-12,US,Indiana,Fulton,53,1,0,41.0469907,-86.26252745,18049.0,265.34494843296284,1.8867924528301887,52,52,1,0,51,51,20092,1,0,0,1,1
2020-06-12,US,Indiana,Gibson,22,2,0,38.30393723,-87.58054938,18051.0,65.36141893698564,9.090909090909092,20,22,2,0,20,21,33452,0,0,0,0,1
2020-06-12,US,Indiana,Grant,253,24,0,40.51587228,-85.65468702,18053.0,384.67971232647596,9.48616600790514,229,250,24,0,226,245,65936,3,0,0,3,5
2020-06-12,US,Indiana,Greene,177,28,0,39.03630547,-86.96223202,18055.0,554.4765365578596,15.819209039548022,149,177,28,0,149,177,32006,0,0,0,0,0
2020-06-12,US,Indiana,Hamilton,1250,96,0,40.07306535,-86.05244729,18057.0,369.81044995577065,7.68,1154,1245,95,0,1150,1242,330086,5,1,0,4,3
2020-06-12,US,Indiana,Hancock,371,28,0,39.82304555,-85.77566351,18059.0,474.61876982908615,7.547169811320754,343,367,28,0,339,367,76351,4,0,0,4,0
2020-06-12,US,Indiana,Harrison,198,22,0,38.19467379,-86.10948271,18061.0,488.70788596815987,11.111111111111109,176,198,22,0,176,198,40350,0,0,0,0,0
2020-06-12,US,Indiana,Hendricks,1261,90,0,39.76719009,-86.51037283,18063.0,740.4101907686528,7.137192704203013,1171,1246,86,0,1160,1234,167009,15,4,0,11,12
2020-06-12,US,Indiana,Henry,201,14,0,39.93029017,-85.39625719,18065.0,418.9944134078213,6.965174129353233,187,200,13,0,187,192,48271,1,1,0,0,8
2020-06-12,US,Indiana,Howard,458,44,0,40.48527731,-86.11351892,18067.0,554.8555921690249,9.60698689956332,414,454,44,0,410,451,82366,4,0,0,4,3
2020-06-12,US,Indiana,Huntington,49,2,0,40.82907273,-85.48822092,18069.0,134.17305585980284,4.081632653061225,47,49,2,0,47,49,36240,0,0,0,0,0
2020-06-12,US,Indiana,Jackson,414,2,0,38.90915820000001,-86.03851889,18071.0,935.995116547218,0.4830917874396135,412,413,2,0,411,407,44111,1,0,0,1,6
2020-06-12,US,Indiana,Jasper,81,1,0,41.02078733,-87.11553319,18073.0,241.3443775698707,1.2345679012345678,80,81,1,0,80,82,33370,0,0,0,0,-1
2020-06-12,US,Indiana,Jay,60,0,0,40.43781032,-85.00576229,18075.0,293.5995302407516,0.0,60,60,0,0,60,59,20764,0,0,0,0,1
2020-06-12,US,Indiana,Jefferson,52,1,0,38.78576239,-85.43633383,18077.0,160.95084808716106,1.9230769230769231,51,51,1,0,50,51,32208,1,0,0,1,0
2020-06-12,US,Indiana,Jennings,139,4,0,38.99588883,-85.62710784,18079.0,501.17180457905175,2.8776978417266186,135,136,4,0,132,135,27611,3,0,0,3,1
2020-06-12,US,Indiana,Johnson,1160,114,0,39.48994426,-86.10149107,18081.0,733.4020370873822,9.827586206896553,1046,1157,114,0,1043,1155,156225,3,0,0,3,2
2020-06-12,US,Indiana,Knox,34,0,0,38.68861576,-87.4194665,18083.0,92.91140624146036,0.0,34,34,0,0,34,33,36895,0,0,0,0,1
2020-06-12,US,Indiana,Kosciusko,277,2,0,41.24521668,-85.86312322,18085.0,348.62062021747886,0.7220216606498195,275,271,2,0,269,252,79344,6,0,0,6,19
2020-06-12,US,Indiana,LaGrange,235,2,0,41.64232188,-85.42674232,18087.0,593.2246175594488,0.851063829787234,233,219,3,0,216,188,39330,16,-1,0,17,31
2020-06-12,US,Indiana,LaPorte,465,24,0,41.54366008,-86.74072188,18091.0,423.158124635993,5.161290322580644,441,465,24,0,441,463,110007,0,0,0,0,2
2020-06-12,US,Indiana,Lake,4081,224,0,41.41874274,-87.38277575,18089.0,840.5888447413248,5.48885077186964,3857,4057,223,0,3834,4033,484411,24,1,0,23,24
2020-06-12,US,Indiana,Lawrence,176,24,0,38.84112637,-86.48361629,18093.0,387.92153405333914,13.636363636363635,152,172,24,0,148,172,45668,4,0,0,4,0
2020-06-12,US,Indiana,Madison,612,61,0,40.16143691,-85.71964711,18095.0,472.33520363667236,9.967320261437909,551,610,61,0,549,606,129641,2,0,0,2,4
2020-06-12,US,Indiana,Marion,10577,643,0,39.78163624,-86.13826325,18097.0,1096.5371528807298,6.079228514701711,9934,10492,643,0,9849,10464,954670,85,0,0,85,28
2020-06-12,US,Indiana,Marshall,276,3,0,41.32467367,-86.26185087,18099.0,596.6535518180639,1.0869565217391304,273,261,3,0,258,247,46248,15,0,0,15,14
2020-06-12,US,Indiana,Martin,15,0,0,38.7099921,-86.80373186,18101.0,146.27011214041931,0.0,15,15,0,0,15,15,10217,0,0,0,0,0
2020-06-12,US,Indiana,Miami,161,1,0,40.76940965,-86.04525048,18103.0,453.3168149566392,0.6211180124223602,160,153,1,0,152,152,35567,8,0,0,8,1
2020-06-12,US,Indiana,Monroe,185,18,0,39.16130004,-86.52414358,18105.0,124.63703673760872,9.72972972972973,167,184,18,0,166,181,146917,1,0,0,1,3
2020-06-12,US,Indiana,Montgomery,262,19,0,40.04034823,-86.89335024,18107.0,683.3950649486151,7.251908396946565,243,260,19,0,241,259,38346,2,0,0,2,1
2020-06-12,US,Indiana,Morgan,296,28,0,39.47899078,-86.44573375,18109.0,419.92367603455864,9.459459459459461,268,294,28,0,266,294,70116,2,0,0,2,0
2020-06-12,US,Indiana,Newton,87,10,0,40.95610449,-87.39635768,18111.0,622.1395881006865,11.494252873563216,77,86,10,0,76,82,14011,1,0,0,1,4
2020-06-12,US,Indiana,Noble,318,25,0,41.39672484,-85.41966713,18113.0,666.0522788203754,7.861635220125786,293,311,24,0,287,310,47532,7,1,0,6,1
2020-06-12,US,Indiana,Ohio,13,0,0,38.955304999999996,-84.96515993,18115.0,221.27659574468086,0.0,13,13,0,0,13,13,5844,0,0,0,0,0
2020-06-12,US,Indiana,Orange,132,23,0,38.54118920000001,-86.49523093,18117.0,671.8924972004478,17.424242424242426,109,132,23,0,109,132,19489,0,0,0,0,0
2020-06-12,US,Indiana,Owen,37,1,0,39.31145587,-86.83900724,18119.0,177.89316794076638,2.702702702702702,36,37,1,0,36,37,20845,0,0,0,0,0
2020-06-12,US,Indiana,Parke,20,0,0,39.77202286,-87.20375833,18121.0,118.08466670602822,0.0,20,19,0,0,19,19,16927,1,0,0,1,0
2020-06-12,US,Indiana,Perry,68,1,0,38.07809328,-86.63741946,18123.0,354.739423026762,1.4705882352941178,67,55,1,0,54,48,19102,13,0,0,13,7
2020-06-12,US,Indiana,Pike,6,0,0,38.40112197,-87.23574907,18125.0,48.43005892323836,0.0,6,6,0,0,6,6,12410,0,0,0,0,0
2020-06-12,US,Indiana,Porter,585,33,0,41.45986947,-87.06848888,18127.0,343.3320226070932,5.641025641025642,552,582,33,0,549,576,169594,3,0,0,3,6
2020-06-12,US,Indiana,Posey,18,0,0,38.02097333,-87.86480429,18129.0,70.79089157195108,0.0,18,18,0,0,18,17,25540,0,0,0,0,1
2020-06-12,US,Indiana,Pulaski,52,1,0,41.04166107,-86.69890683,18131.0,420.95037642677886,1.9230769230769231,51,52,1,0,51,52,12469,0,0,0,0,0
2020-06-12,US,Indiana,Putnam,152,8,0,39.66437981,-86.84517605,18133.0,404.5135192676177,5.2631578947368425,144,149,8,0,141,148,37779,3,0,0,3,1
2020-06-12,US,Indiana,Randolph,64,3,0,40.15734772,-85.01139319,18135.0,259.4769916886276,4.6875,61,62,3,0,59,57,24851,2,0,0,2,5
2020-06-12,US,Indiana,Ripley,109,6,0,39.10235626,-85.26212744,18137.0,384.832650755543,5.504587155963303,103,109,6,0,103,109,28523,0,0,0,0,0
2020-06-12,US,Indiana,Rush,49,3,0,39.62002287,-85.4655599,18139.0,295.51896749291365,6.1224489795918355,46,50,3,0,47,50,16663,-1,0,0,-1,0
2020-06-12,US,Indiana,Scott,142,3,0,38.68672078,-85.74627859,18143.0,594.8142252754158,2.112676056338028,139,140,3,0,137,132,23878,2,0,0,2,8
2020-06-12,US,Indiana,Shelby,405,22,0,39.52305623,-85.79158570000001,18145.0,905.4528382034027,5.432098765432099,383,406,22,0,384,403,44593,-1,0,0,-1,3
2020-06-12,US,Indiana,Spencer,22,1,0,38.01519732,-87.0079644,18147.0,108.4973122256744,4.545454545454546,21,22,1,0,21,22,20327,0,0,0,0,0
2020-06-12,US,Indiana,St. Joseph,1496,50,0,41.61756781,-86.29040834,18141.0,550.3520634523555,3.3422459893048133,1446,1481,45,0,1436,1453,270771,15,5,0,10,28
2020-06-12,US,Indiana,Starke,48,3,0,41.27890281,-86.64686895,18149.0,208.7410306588389,6.25,45,48,3,0,45,47,22935,0,0,0,0,1
2020-06-12,US,Indiana,Steuben,102,2,0,41.64423868,-85.00101094,18151.0,294.84881771405446,1.96078431372549,100,100,2,0,98,98,34586,2,0,0,2,2
2020-06-12,US,Indiana,Sullivan,41,1,0,39.08952258,-87.41414469,18153.0,198.36470075959167,2.4390243902439024,40,41,1,0,40,39,20690,0,0,0,0,2
2020-06-12,US,Indiana,Switzerland,22,0,0,38.82767338,-85.03022429,18155.0,204.63212724397732,0.0,22,21,0,0,21,21,10717,1,0,0,1,0
2020-06-12,US,Indiana,Tippecanoe,472,5,0,40.38872739,-86.89413959,18157.0,241.14605685324835,1.0593220338983051,467,466,5,0,461,466,193048,6,0,0,6,0
2020-06-12,US,Indiana,Tipton,27,1,0,40.31123252,-86.05234925,18159.0,178.24135199366253,3.703703703703704,26,27,1,0,26,27,15128,0,0,0,0,0
2020-06-12,US,Indiana,Unassigned,0,182,0,0.0,0.0,90018.0,0.0,0.0,-182,0,182,0,-182,0,,0,0,0,0,0
2020-06-12,US,Indiana,Union,12,0,0,39.62550777,-84.92497066,18161.0,170.1162461015027,0.0,12,12,0,0,12,12,7037,0,0,0,0,0
2020-06-12,US,Indiana,Vanderburgh,321,4,0,38.02658833,-87.58763124,18163.0,176.90726422009251,1.2461059190031152,317,316,4,0,312,313,180974,5,0,0,5,3
2020-06-12,US,Indiana,Vermillion,11,0,0,39.8523352,-87.46160542,18165.0,70.97690024519292,0.0,11,10,0,0,10,10,15479,1,0,0,1,0
2020-06-12,US,Indiana,Vigo,198,8,0,39.42944561,-87.39169027,18167.0,184.98103477269757,4.040404040404041,190,198,8,0,190,197,107386,0,0,0,0,1
2020-06-12,US,Indiana,Wabash,88,2,0,40.84704239,-85.79328272,18169.0,283.9076009807717,2.272727272727273,86,88,2,0,86,87,31280,0,0,0,0,1
2020-06-12,US,Indiana,Warren,14,1,0,40.34728141,-87.35602659,18171.0,169.38898971566852,7.142857142857142,13,14,1,0,13,13,8263,0,0,0,0,1
2020-06-12,US,Indiana,Warrick,171,29,0,38.08922676,-87.2716085,18173.0,271.4371884821741,16.95906432748538,142,170,29,0,141,170,62567,1,0,0,1,0
2020-06-12,US,Indiana,Washington,56,1,0,38.60219804,-86.1049363,18175.0,199.74318733057495,1.7857142857142858,55,56,1,0,55,56,27943,0,0,0,0,0
2020-06-12,US,Indiana,Wayne,96,6,0,39.863344399999995,-85.01044989,18177.0,145.71064294821198,6.25,90,94,6,0,88,91,65936,2,0,0,2,3
2020-06-12,US,Indiana,Wells,49,0,0,40.72934187,-85.22132966,18179.0,173.16935255866554,0.0,49,47,0,0,47,45,28206,2,0,0,2,2
2020-06-12,US,Indiana,White,240,9,0,40.74911165,-86.86492015,18181.0,995.7679860592482,3.75,231,241,9,0,232,242,24133,-1,0,0,-1,-1
2020-06-12,US,Indiana,Whitley,60,3,0,41.13863784,-85.50791236,18183.0,176.65763749852786,5.0,57,62,3,0,59,58,34074,-2,0,0,-2,4
2020-06-12,US,Iowa,Adair,11,0,0,41.33075609,-94.47105874,19001.0,153.80313199105146,0.0,11,10,0,0,10,10,7063,1,0,0,1,0
2020-06-12,US,Iowa,Adams,7,0,0,41.02903567,-94.69932645,19003.0,194.3364797334814,0.0,7,7,0,0,7,7,3645,0,0,0,0,0
2020-06-12,US,Iowa,Allamakee,121,4,0,43.28383218,-91.37860922,19005.0,884.050558924527,3.3057851239669422,117,121,4,0,117,121,13832,0,0,0,0,0
2020-06-12,US,Iowa,Appanoose,16,3,0,40.74324454,-92.86865906,19007.0,128.76227265411234,18.75,13,16,3,0,13,16,12437,0,0,0,0,0
2020-06-12,US,Iowa,Audubon,13,1,0,41.6844628,-94.90581859,19009.0,236.53566229985444,7.6923076923076925,12,13,1,0,12,13,5506,0,0,0,0,0
2020-06-12,US,Iowa,Benton,46,1,0,42.08011739,-92.06463573,19011.0,179.37219730941703,2.1739130434782608,45,46,1,0,45,46,25642,0,0,0,0,0
2020-06-12,US,Iowa,Black Hawk,1824,53,0,42.4704581,-92.30524729,19013.0,1389.9472673514801,2.905701754385965,1771,1817,53,0,1764,1813,132408,7,0,0,7,4
2020-06-12,US,Iowa,Boone,93,0,0,42.03657094,-93.9313999,19015.0,354.501791568194,0.0,93,81,0,0,81,79,26346,12,0,0,12,2
2020-06-12,US,Iowa,Bremer,74,6,0,42.77461496,-92.31795937,19017.0,295.26773601468363,8.108108108108109,68,74,6,0,68,74,24947,0,0,0,0,0
2020-06-12,US,Iowa,Buchanan,34,1,0,42.4709188,-91.83510825,19019.0,160.56670602125146,2.9411764705882355,33,34,1,0,33,34,21199,0,0,0,0,0
2020-06-12,US,Iowa,Buena Vista,1475,6,0,42.73545875,-95.15100162,19021.0,7517.838939857287,0.4067796610169492,1469,1415,4,0,1411,1343,19874,60,2,0,58,72
2020-06-12,US,Iowa,Butler,19,2,0,42.73172833,-92.79015971,19023.0,131.58806011496642,10.526315789473683,17,19,2,0,17,18,14539,0,0,0,0,1
2020-06-12,US,Iowa,Calhoun,19,0,0,42.38521079,-94.64046046,19025.0,196.5246172941663,0.0,19,17,0,0,17,16,9699,2,0,0,2,1
2020-06-12,US,Iowa,Carroll,33,1,0,42.03617207,-94.86032705,19027.0,163.64988842053063,3.0303030303030303,32,20,1,0,19,17,20154,13,0,0,13,3
2020-06-12,US,Iowa,Cass,13,0,0,41.33149454,-94.92792482,19029.0,101.27765659083826,0.0,13,14,0,0,14,13,12930,-1,0,0,-1,1
2020-06-12,US,Iowa,Cedar,53,1,0,41.77233777,-91.13246684,19031.0,284.53320448810865,1.8867924528301887,52,52,1,0,51,52,18627,1,0,0,1,0
2020-06-12,US,Iowa,Cerro Gordo,40,1,0,43.08177563,-93.2612239,19033.0,94.22850412249706,2.5,39,39,1,0,38,36,42647,1,0,0,1,3
2020-06-12,US,Iowa,Cherokee,56,0,0,42.73538914,-95.62389402,19035.0,498.442367601246,0.0,56,54,0,0,54,51,11321,2,0,0,2,3
2020-06-12,US,Iowa,Chickasaw,15,0,0,43.06001295,-92.31773347,19037.0,125.70183524679459,0.0,15,15,0,0,15,15,11964,0,0,0,0,0
2020-06-12,US,Iowa,Clarke,86,1,0,41.02868181,-93.78499767,19039.0,915.380521554018,1.162790697674419,85,85,1,0,84,83,9423,1,0,0,1,2
2020-06-12,US,Iowa,Clay,59,0,0,43.08247182,-95.15096481,19041.0,368.38161838161835,0.0,59,50,0,0,50,38,16134,9,0,0,9,12
2020-06-12,US,Iowa,Clayton,35,3,0,42.84443388,-91.34133693,19043.0,199.44156362185882,8.571428571428571,32,35,3,0,32,34,17556,0,0,0,0,1
2020-06-12,US,Iowa,Clinton,68,1,0,41.89981633,-90.53275096,19045.0,146.46018652135518,1.4705882352941178,67,67,1,0,66,67,46518,1,0,0,1,0
2020-06-12,US,Iowa,Crawford,593,2,0,42.03718237,-95.3819718,19047.0,3525.564803804994,0.3372681281618887,591,592,2,0,590,587,17158,1,0,0,1,5
2020-06-12,US,Iowa,Dallas,995,26,0,41.68560356,-94.04127625,19049.0,1064.7063229644848,2.613065326633166,969,980,26,0,954,973,90180,15,0,0,15,7
2020-06-12,US,Iowa,Davis,33,1,0,40.74773536,-92.41005468,19051.0,366.66666666666674,3.0303030303030303,32,31,1,0,30,30,9017,2,0,0,2,1
2020-06-12,US,Iowa,Decatur,4,0,0,40.73742757,-93.78645949,19053.0,50.8259212198221,0.0,4,3,0,0,3,3,7890,1,0,0,1,0
2020-06-12,US,Iowa,Delaware,27,1,0,42.47104597,-91.3664492,19055.0,158.72082769972369,3.703703703703704,26,26,1,0,25,25,17069,1,0,0,1,1
2020-06-12,US,Iowa,Des Moines,68,2,0,40.92012606,-91.18326592,19057.0,174.50663381835912,2.9411764705882355,66,67,2,0,65,68,39138,1,0,0,1,-1
2020-06-12,US,Iowa,Dickinson,119,0,0,43.37787725,-95.1510206,19059.0,689.535287982385,0.0,119,101,0,0,101,84,17153,18,0,0,18,17
2020-06-12,US,Iowa,Dubuque,381,21,0,42.46815349,-90.88181925,19061.0,391.52819311280336,5.511811023622046,360,377,21,0,356,371,96854,4,0,0,4,6
2020-06-12,US,Iowa,Emmet,38,0,0,43.37782951,-94.67858943,19063.0,412.6846220677672,0.0,38,34,0,0,34,34,9253,4,0,0,4,0
2020-06-12,US,Iowa,Fayette,28,0,0,42.86271799,-91.84412309999999,19065.0,142.4936386768448,0.0,28,28,0,0,28,28,19660,0,0,0,0,0
2020-06-12,US,Iowa,Floyd,20,1,0,43.06000529999999,-92.78940097,19067.0,127.86088735455824,5.0,19,20,1,0,19,19,15761,0,0,0,0,1
2020-06-12,US,Iowa,Franklin,41,0,0,42.73270384,-93.26256925,19069.0,407.14995034756697,0.0,41,42,0,0,42,38,10124,-1,0,0,-1,4
2020-06-12,US,Iowa,Fremont,4,0,0,40.74542720000001,-95.60129045,19071.0,57.4712643678161,0.0,4,4,0,0,4,4,6993,0,0,0,0,0
2020-06-12,US,Iowa,Greene,20,0,0,42.03614551,-94.39658081,19073.0,225.02250225022502,0.0,20,16,0,0,16,15,8981,4,0,0,4,1
2020-06-12,US,Iowa,Grundy,23,0,0,42.40183723,-92.78829551,19075.0,188.03139306736432,0.0,23,23,0,0,23,23,12304,0,0,0,0,0
2020-06-12,US,Iowa,Guthrie,57,3,0,41.68378965,-94.50111014,19077.0,533.2584900364861,5.2631578947368425,54,55,3,0,52,55,10720,2,0,0,2,0
2020-06-12,US,Iowa,Hamilton,112,0,0,42.38382428,-93.70197703,19079.0,758.1398497258513,0.0,112,108,0,0,108,104,14952,4,0,0,4,4
2020-06-12,US,Iowa,Hancock,26,0,0,43.08178477,-93.73454884,19081.0,244.59078080903103,0.0,26,25,0,0,25,24,10712,1,0,0,1,1
2020-06-12,US,Iowa,Hardin,42,0,0,42.38353877,-93.23654611,19083.0,249.31734536388458,0.0,42,40,0,0,40,36,16868,2,0,0,2,4
2020-06-12,US,Iowa,Harrison,33,0,0,41.68330137,-95.81558439,19085.0,234.89216314328425,0.0,33,32,0,0,32,28,14134,1,0,0,1,4
2020-06-12,US,Iowa,Henry,73,2,0,40.98767962,-91.54436349,19087.0,365.8414353011928,2.7397260273972597,71,73,2,0,71,74,20067,0,0,0,0,-1
2020-06-12,US,Iowa,Howard,12,0,0,43.35671042,-92.31702714,19089.0,131.03297663245252,0.0,12,12,0,0,12,12,9187,0,0,0,0,0
2020-06-12,US,Iowa,Humboldt,30,1,0,42.7764426,-94.20722537,19091.0,313.87319522912736,3.333333333333333,29,27,1,0,26,26,9547,3,0,0,3,1
2020-06-12,US,Iowa,Ida,17,0,0,42.38696136,-95.51355387,19093.0,247.8134110787172,0.0,17,17,0,0,17,15,6841,0,0,0,0,2
2020-06-12,US,Iowa,Iowa,34,0,0,41.68630265,-92.0643373,19095.0,210.08403361344537,0.0,34,34,0,0,34,35,16141,0,0,0,0,-1
2020-06-12,US,Iowa,Jackson,14,0,0,42.17178824,-90.57354837,19097.0,72.02016564638099,0.0,14,14,0,0,14,14,19432,0,0,0,0,0
2020-06-12,US,Iowa,Jasper,279,17,0,41.68576082,-93.05567785,19099.0,750.3025413473175,6.093189964157706,262,278,17,0,261,276,37147,1,0,0,1,2
2020-06-12,US,Iowa,Jefferson,44,0,0,41.03192394,-91.94849466,19101.0,240.50286963651268,0.0,44,42,0,0,42,43,18381,2,0,0,2,-1
2020-06-12,US,Iowa,Johnson,635,8,0,41.67169354,-91.58754744,19103.0,420.14026730183934,1.2598425196850394,627,629,8,0,621,633,151260,6,0,0,6,-4
2020-06-12,US,Iowa,Jones,40,0,0,42.12118609,-91.13139641,19105.0,193.41424495914123,0.0,40,38,0,0,38,38,20744,2,0,0,2,0
2020-06-12,US,Iowa,Keokuk,15,0,0,41.33649833,-92.1785067,19107.0,146.3985945734921,0.0,15,16,0,0,16,15,10225,-1,0,0,-1,1
2020-06-12,US,Iowa,Kossuth,16,0,0,43.20405458,-94.20691791,19109.0,108.01323162087357,0.0,16,16,0,0,16,16,14908,0,0,0,0,0
2020-06-12,US,Iowa,Lee,37,1,0,40.64181461,-91.48183025,19111.0,109.93255489199869,2.702702702702702,36,37,1,0,36,36,34055,0,0,0,0,1
2020-06-12,US,Iowa,Linn,1012,80,0,42.07923082,-91.59809485,19113.0,446.3931258987412,7.905138339920947,932,1007,80,0,927,1005,225909,5,0,0,5,2
2020-06-12,US,Iowa,Louisa,355,11,0,41.21842119,-91.26102611,19115.0,3217.036701404621,3.0985915492957745,344,355,11,0,344,354,11169,0,0,0,0,1
2020-06-12,US,Iowa,Lucas,23,2,0,41.02958964,-93.32780803,19117.0,267.4418604651163,8.695652173913043,21,22,2,0,20,22,8645,1,0,0,1,0
2020-06-12,US,Iowa,Lyon,29,0,0,43.38107862,-96.20926845,19119.0,246.7035304125904,0.0,29,26,0,0,26,26,11811,3,0,0,3,0
2020-06-12,US,Iowa,Madison,31,2,0,41.33081904,-94.01554631,19121.0,189.741706451218,6.451612903225807,29,30,2,0,28,30,16249,1,0,0,1,0
2020-06-12,US,Iowa,Mahaska,107,14,0,41.33521503,-92.64083907,19123.0,484.2724598325413,13.08411214953271,93,107,14,0,93,104,22000,0,0,0,0,3
2020-06-12,US,Iowa,Marion,40,0,0,41.33445101,-93.09934783,19125.0,120.28989865576038,0.0,40,39,0,0,39,38,33407,1,0,0,1,1
2020-06-12,US,Iowa,Marshall,940,18,0,42.03586837,-92.99908190000001,19127.0,2387.665422032564,1.9148936170212767,922,937,18,0,919,931,39981,3,0,0,3,6
2020-06-12,US,Iowa,Mills,22,0,0,41.03299766,-95.61920963,19129.0,145.60857766893903,0.0,22,22,0,0,22,21,15063,0,0,0,0,1
2020-06-12,US,Iowa,Mitchell,6,0,0,43.35638371,-92.78887719,19131.0,56.678632155677306,0.0,6,6,0,0,6,6,10569,0,0,0,0,0
2020-06-12,US,Iowa,Monona,31,0,0,42.05220391,-95.95743843,19133.0,359.8374927452118,0.0,31,29,0,0,29,29,8679,2,0,0,2,0
2020-06-12,US,Iowa,Monroe,47,6,0,41.02988815,-92.8690667,19135.0,609.8352147398471,12.76595744680851,41,46,6,0,40,45,7790,1,0,0,1,1
2020-06-12,US,Iowa,Montgomery,9,2,0,41.03018714,-95.15642896,19137.0,90.7532519915297,22.222222222222218,7,9,2,0,7,9,10003,0,0,0,0,0
2020-06-12,US,Iowa,Muscatine,571,43,0,41.48370744,-91.11216970000001,19139.0,1338.3648978061128,7.530647985989492,528,569,43,0,526,568,42929,2,0,0,2,1
2020-06-12,US,Iowa,O'Brien,64,1,0,43.08310673,-95.62474482,19141.0,465.353013887879,1.5625,63,61,1,0,60,60,13840,3,0,0,3,1
2020-06-12,US,Iowa,Osceola,49,0,0,43.37824276,-95.62422844,19143.0,822.4236320913056,0.0,49,49,0,0,49,41,6040,0,0,0,0,8
2020-06-12,US,Iowa,Page,16,0,0,40.7393172,-95.1497813,19145.0,105.9111670086715,0.0,16,16,0,0,16,16,15249,0,0,0,0,0
2020-06-12,US,Iowa,Palo Alto,13,0,0,43.08193849,-94.67824621,19147.0,146.29754670267837,0.0,13,12,0,0,12,9,8929,1,0,0,1,3
2020-06-12,US,Iowa,Plymouth,190,4,0,42.737633,-96.21366621,19149.0,754.6570282400604,2.1052631578947367,186,186,4,0,182,173,25095,4,0,0,4,13
2020-06-12,US,Iowa,Pocahontas,30,0,0,42.73420133,-94.67862564,19151.0,453.2406707961928,0.0,30,29,0,0,29,29,6740,1,0,0,1,0
2020-06-12,US,Iowa,Polk,5026,157,0,41.68679484,-93.57767461,19153.0,1025.377376005027,3.123756466374851,4869,4969,155,0,4814,4906,487204,57,2,0,55,63
2020-06-12,US,Iowa,Pottawattamie,482,10,0,41.33640314,-95.53907776,19155.0,517.1340900800378,2.074688796680498,472,454,10,0,444,438,93533,28,0,0,28,16
2020-06-12,US,Iowa,Poweshiek,95,8,0,41.68625425,-92.53155731,19157.0,513.4025075659317,8.421052631578947,87,95,8,0,87,94,18699,0,0,0,0,1
2020-06-12,US,Iowa,Ringgold,8,0,0,40.73518949,-94.24368535,19159.0,163.4654679199019,0.0,8,8,0,0,8,7,4968,0,0,0,0,1
2020-06-12,US,Iowa,Sac,37,0,0,42.38624071,-95.10547892,19161.0,380.6192778520729,0.0,37,36,0,0,36,34,9719,1,0,0,1,2
2020-06-12,US,Iowa,Scott,401,10,0,41.63935978,-90.61959493,19163.0,231.86830342945362,2.4937655860349133,391,399,10,0,389,397,173283,2,0,0,2,2
2020-06-12,US,Iowa,Shelby,43,0,0,41.6850066,-95.31015553,19165.0,375.41470228741053,0.0,43,45,0,0,45,42,11578,-2,0,0,-2,3
2020-06-12,US,Iowa,Sioux,349,0,0,43.08221074,-96.17675679999999,19167.0,1001.2910629751829,0.0,349,341,0,0,341,332,34909,8,0,0,8,9
2020-06-12,US,Iowa,Story,210,2,0,42.03621213,-93.46499005,19169.0,216.23402699836282,0.9523809523809524,208,187,2,0,185,169,98105,23,0,0,23,18
2020-06-12,US,Iowa,Tama,426,29,0,42.07991767,-92.53266945,19171.0,2527.589889640441,6.807511737089202,397,419,29,0,390,419,16904,7,0,0,7,0
2020-06-12,US,Iowa,Taylor,71,0,0,40.73710579,-94.69778563,19173.0,1159.9411860807056,0.0,71,70,0,0,70,69,6191,1,0,0,1,1
2020-06-12,US,Iowa,Unassigned,4,0,0,0.0,0.0,90019.0,0.0,0.0,4,8,0,0,8,4,,-4,0,0,-4,4
2020-06-12,US,Iowa,Union,10,0,0,41.0277278,-94.24234847,19175.0,81.6926721673066,0.0,10,10,0,0,10,10,12359,0,0,0,0,0
2020-06-12,US,Iowa,Van Buren,11,0,0,40.75326764,-91.95017958,19177.0,156.16127200454287,0.0,11,11,0,0,11,11,7020,0,0,0,0,0
2020-06-12,US,Iowa,Wapello,672,24,0,41.03064984,-92.40954728,19179.0,1921.7020789842431,3.571428571428572,648,667,24,0,643,661,35205,5,0,0,5,6
2020-06-12,US,Iowa,Warren,191,1,0,41.33559454,-93.56007641,19181.0,371.11879687560725,0.5235602094240838,190,187,1,0,186,182,51056,4,0,0,4,5
2020-06-12,US,Iowa,Washington,206,9,0,41.33577126,-91.71725711,19183.0,937.8556794900978,4.368932038834951,197,205,9,0,196,206,22141,1,0,0,1,-1
2020-06-12,US,Iowa,Wayne,4,0,0,40.73969028,-93.32752197,19185.0,62.10215804999225,0.0,4,4,0,0,4,3,6401,0,0,0,0,1
2020-06-12,US,Iowa,Webster,94,1,0,42.42853483,-94.17987389,19187.0,261.8092691622104,1.0638297872340423,93,90,1,0,89,88,36277,4,0,0,4,2
2020-06-12,US,Iowa,Winnebago,12,0,0,43.37751174,-93.73407298,19189.0,115.89723778249952,0.0,12,12,0,0,12,12,10518,0,0,0,0,0
2020-06-12,US,Iowa,Winneshiek,24,0,0,43.29094334,-91.84422722,19191.0,120.05402431093992,0.0,24,25,0,0,25,25,20029,-1,0,0,-1,0
2020-06-12,US,Iowa,Woodbury,2987,39,0,42.38979414,-96.0459439,19193.0,2896.99050500936,1.3056578506863072,2948,2965,39,0,2926,2957,102539,22,0,0,22,8
2020-06-12,US,Iowa,Worth,4,0,0,43.37750768,-93.26087602,19195.0,54.19319875355643,0.0,4,4,0,0,4,3,7453,0,0,0,0,1
2020-06-12,US,Iowa,Wright,278,0,0,42.73305373,-93.73515113,19197.0,2213.023403916574,0.0,278,267,0,0,267,263,12690,11,0,0,11,4
2020-06-12,US,Kansas,Allen,2,0,0,37.88582951,-95.30030847,20001.0,16.169455897809037,0.0,2,1,0,0,1,1,12444,1,0,0,1,0
2020-06-12,US,Kansas,Anderson,1,0,0,38.21413251,-95.29272815,20003.0,12.725884448969204,0.0,1,1,0,0,1,1,7878,0,0,0,0,0
2020-06-12,US,Kansas,Atchison,26,0,0,39.53185661,-95.30870026,20005.0,161.76196105269707,0.0,26,26,0,0,26,25,16193,0,0,0,0,1
2020-06-12,US,Kansas,Barber,1,0,0,37.2288586,-98.68460053,20007.0,22.588660492432798,0.0,1,1,0,0,1,1,4472,0,0,0,0,0
2020-06-12,US,Kansas,Barton,48,2,0,38.47889676,-98.75636726,20009.0,186.19806819504245,4.166666666666667,46,47,2,0,45,47,26111,1,0,0,1,0
2020-06-12,US,Kansas,Bourbon,8,1,0,37.85508555,-94.84865997,20011.0,55.04334663547544,12.5,7,8,1,0,7,8,14653,0,0,0,0,0
2020-06-12,US,Kansas,Brown,10,0,0,39.82652589,-95.56421698,20013.0,104.55876202425765,0.0,10,9,0,0,9,9,9598,1,0,0,1,0
2020-06-12,US,Kansas,Butler,37,0,0,37.78134351,-96.83878537,20015.0,55.2973352662492,0.0,37,37,0,0,37,37,66765,0,0,0,0,0
2020-06-12,US,Kansas,Chase,3,0,0,38.30292938,-96.59563862,20017.0,113.2930513595166,0.0,3,3,0,0,3,3,2629,0,0,0,0,0
2020-06-12,US,Kansas,Chautauqua,4,0,0,37.14994405,-96.2454192,20019.0,123.07692307692308,0.0,4,4,0,0,4,4,3309,0,0,0,0,0
2020-06-12,US,Kansas,Cherokee,16,0,0,37.16928494,-94.8462897,20021.0,80.24474647675409,0.0,16,16,0,0,16,11,20015,0,0,0,0,5
2020-06-12,US,Kansas,Cheyenne,2,0,0,39.78580976,-101.7318201,20023.0,75.27286413248024,0.0,2,2,0,0,2,2,2660,0,0,0,0,0
2020-06-12,US,Kansas,Clark,33,1,0,37.23577007,-99.81883015,20025.0,1654.964894684052,3.0303030303030303,32,33,1,0,32,33,2005,0,0,0,0,0
2020-06-12,US,Kansas,Clay,6,2,0,39.34948772,-97.16518128,20027.0,74.9812546863284,33.333333333333336,4,6,2,0,4,6,7997,0,0,0,0,0
2020-06-12,US,Kansas,Cloud,5,0,0,39.48028352,-97.64925343,20029.0,56.908718415661276,0.0,5,5,0,0,5,5,8729,0,0,0,0,0
2020-06-12,US,Kansas,Coffey,52,8,0,38.2365018,-95.73379515,20031.0,635.7745445653503,15.384615384615385,44,52,8,0,44,52,8233,0,0,0,0,0
2020-06-12,US,Kansas,Comanche,2,0,0,37.19114520000001,-99.27113247,20033.0,117.64705882352942,0.0,2,2,0,0,2,2,1748,0,0,0,0,0
2020-06-12,US,Kansas,Cowley,39,1,0,37.23781842,-96.83776647,20035.0,111.72224132004123,2.5641025641025643,38,32,1,0,31,28,35218,7,0,0,7,4
2020-06-12,US,Kansas,Crawford,20,1,0,37.50675523,-94.85245778,20037.0,51.52248956669586,5.0,19,14,1,0,13,13,39019,6,0,0,6,1
2020-06-12,US,Kansas,Dickinson,6,1,0,38.86600962,-97.15532383,20041.0,32.492147730965016,16.666666666666668,5,6,1,0,5,6,18717,0,0,0,0,0
2020-06-12,US,Kansas,Doniphan,20,0,0,39.79067154,-95.14056866,20043.0,263.1578947368421,0.0,20,20,0,0,20,20,7682,0,0,0,0,0
2020-06-12,US,Kansas,Douglas,79,0,0,38.88503636,-95.2925121,20045.0,64.61691981776393,0.0,79,78,0,0,78,76,121436,1,0,0,1,2
2020-06-12,US,Kansas,Edwards,5,0,0,37.88735543,-99.31263309,20047.0,178.69907076483204,0.0,5,5,0,0,5,5,2849,0,0,0,0,0
2020-06-12,US,Kansas,Ellis,12,0,0,38.91458712,-99.31751551,20051.0,42.027107484327395,0.0,12,12,0,0,12,12,28710,0,0,0,0,0
2020-06-12,US,Kansas,Ellsworth,3,0,0,38.69677695,-98.20462799,20053.0,49.164208456243855,0.0,3,3,0,0,3,3,6196,0,0,0,0,0
2020-06-12,US,Kansas,Finney,1538,10,0,38.04340344,-100.73819379999999,20055.0,4217.511722927578,0.6501950585175552,1528,1537,10,0,1527,1537,36611,1,0,0,1,0
2020-06-12,US,Kansas,Ford,1842,8,0,37.69200114,-99.88825298,20057.0,5479.044587881853,0.43431053203040176,1834,1837,8,0,1829,1837,33888,5,0,0,5,0
2020-06-12,US,Kansas,Franklin,49,0,0,38.56443815,-95.28644341,20059.0,191.82586908863135,0.0,49,49,0,0,49,46,25631,0,0,0,0,3
2020-06-12,US,Kansas,Geary,29,1,0,38.99871131,-96.7577178,20061.0,91.56930849384277,3.4482758620689653,28,29,1,0,28,26,32594,0,0,0,0,3
2020-06-12,US,Kansas,Gove,1,0,0,38.91588178,-100.4829321,20063.0,37.93626707132018,0.0,1,1,0,0,1,1,2612,0,0,0,0,0
2020-06-12,US,Kansas,Grant,18,1,0,37.56227336,-101.3079758,20067.0,251.74825174825176,5.5555555555555545,17,18,1,0,17,18,7336,0,0,0,0,0
2020-06-12,US,Kansas,Gray,23,0,0,37.73836671,-100.4369088,20069.0,384.1015364061456,0.0,23,23,0,0,23,23,6033,0,0,0,0,0
2020-06-12,US,Kansas,Greenwood,11,0,0,37.8774388,-96.23250453,20073.0,183.884988298228,0.0,11,10,0,0,10,10,6055,1,0,0,1,0
2020-06-12,US,Kansas,Hamilton,27,0,0,37.99978709,-101.7921066,20075.0,1063.410791650256,0.0,27,25,0,0,25,25,2607,2,0,0,2,0
2020-06-12,US,Kansas,Harper,2,0,0,37.19175361,-98.07578384,20077.0,36.79175864606328,0.0,2,2,0,0,2,2,5506,0,0,0,0,0
2020-06-12,US,Kansas,Harvey,12,0,0,38.04293782,-97.42747573,20079.0,34.854337912806066,0.0,12,12,0,0,12,11,34210,0,0,0,0,1
2020-06-12,US,Kansas,Haskell,22,0,0,37.562039399999996,-100.8710738,20081.0,554.4354838709677,0.0,22,22,0,0,22,22,3997,0,0,0,0,0
2020-06-12,US,Kansas,Hodgeman,5,0,0,38.08780079,-99.89829881,20083.0,278.70680044593087,0.0,5,5,0,0,5,5,1818,0,0,0,0,0
2020-06-12,US,Kansas,Jackson,102,1,0,39.41673394,-95.79356799,20085.0,774.4286690456305,0.9803921568627452,101,102,1,0,101,102,13280,0,0,0,0,0
2020-06-12,US,Kansas,Jefferson,22,0,0,39.2347941,-95.38289232,20087.0,115.52801554376936,0.0,22,23,0,0,23,23,18975,-1,0,0,-1,0
2020-06-12,US,Kansas,Jewell,4,0,0,39.78470589,-98.21820662,20089.0,138.9371309482459,0.0,4,4,0,0,4,4,2841,0,0,0,0,0
2020-06-12,US,Kansas,Johnson,1015,71,0,38.88548175,-94.82250877,20091.0,168.49241618124805,6.9950738916256165,944,992,71,0,921,972,597555,23,0,0,23,20
2020-06-12,US,Kansas,Kearny,46,1,0,38.00017981,-101.32168100000001,20093.0,1198.540906722251,2.1739130434782608,45,46,1,0,45,46,3943,0,0,0,0,0
2020-06-12,US,Kansas,Kiowa,3,0,0,37.55848695,-99.2856537,20097.0,121.21212121212122,0.0,3,3,0,0,3,3,2516,0,0,0,0,0
2020-06-12,US,Kansas,Labette,27,0,0,37.19113093,-95.29849679,20099.0,137.62870832908553,0.0,27,27,0,0,27,27,19964,0,0,0,0,0
2020-06-12,US,Kansas,Lane,4,0,0,38.48119447,-100.46607540000001,20101.0,260.58631921824104,0.0,4,4,0,0,4,4,1560,0,0,0,0,0
2020-06-12,US,Kansas,Leavenworth,1106,7,0,39.20183497,-95.03620809,20103.0,1352.772817338976,0.6329113924050633,1099,1105,7,0,1098,1103,81352,1,0,0,1,2
2020-06-12,US,Kansas,Linn,11,0,0,38.21267844,-94.84254089,20107.0,113.36699989693909,0.0,11,11,0,0,11,11,9750,0,0,0,0,0
2020-06-12,US,Kansas,Lyon,406,6,0,38.45576156,-96.15275715,20111.0,1223.0757644223527,1.477832512315271,400,405,6,0,399,401,33406,1,0,0,1,4
2020-06-12,US,Kansas,Marion,5,1,0,38.35855394,-97.09852509999999,20115.0,42.07337596768765,20.0,4,5,1,0,4,5,11950,0,0,0,0,0
2020-06-12,US,Kansas,McPherson,38,0,0,38.39184858,-97.64769869,20113.0,133.1371312451825,0.0,38,38,0,0,38,38,28537,0,0,0,0,0
2020-06-12,US,Kansas,Meade,30,0,0,37.23859987,-100.36483100000001,20119.0,743.86312918423,0.0,30,30,0,0,30,30,4146,0,0,0,0,0
2020-06-12,US,Kansas,Miami,16,0,0,38.56383358,-94.83832189,20121.0,46.73306656541169,0.0,16,10,0,0,10,10,33680,6,0,0,6,0
2020-06-12,US,Kansas,Mitchell,4,0,0,39.39331582,-98.20906732,20123.0,66.9008195350393,0.0,4,4,0,0,4,4,6150,0,0,0,0,0
2020-06-12,US,Kansas,Montgomery,22,3,0,37.19236568,-95.74329258,20125.0,69.11935656162619,13.636363636363635,19,22,3,0,19,20,32120,0,0,0,0,2
2020-06-12,US,Kansas,Morris,5,0,0,38.68827511,-96.65128437,20127.0,88.96797153024912,0.0,5,5,0,0,5,5,5521,0,0,0,0,0
2020-06-12,US,Kansas,Morton,6,1,0,37.19141121,-101.79925190000002,20129.0,231.92887514495555,16.666666666666668,5,6,1,0,5,6,2667,0,0,0,0,0
2020-06-12,US,Kansas,Nemaha,20,0,0,39.78345387,-96.01392079,20131.0,195.4843123839312,0.0,20,20,0,0,20,19,10155,0,0,0,0,1
2020-06-12,US,Kansas,Neosho,6,0,0,37.55862897,-95.30670046,20133.0,37.48360092459549,0.0,6,4,0,0,4,4,15951,2,0,0,2,0
2020-06-12,US,Kansas,Ness,4,0,0,38.47974157,-99.91547333,20135.0,145.45454545454547,0.0,4,4,0,0,4,4,2840,0,0,0,0,0
2020-06-12,US,Kansas,Norton,3,0,0,39.78443827,-99.90286639,20137.0,55.95970900951315,0.0,3,3,0,0,3,3,5430,0,0,0,0,0
2020-06-12,US,Kansas,Osage,10,0,0,38.65235984,-95.72707998,20139.0,62.699855790331675,0.0,10,10,0,0,10,10,15941,0,0,0,0,0
2020-06-12,US,Kansas,Osborne,2,0,0,39.3503437,-98.76753828,20141.0,58.46243788365975,0.0,2,2,0,0,2,2,3475,0,0,0,0,0
2020-06-12,US,Kansas,Ottawa,4,0,0,39.13237408,-97.65020313,20143.0,70.12622720897616,0.0,4,4,0,0,4,4,5802,0,0,0,0,0
2020-06-12,US,Kansas,Pawnee,3,0,0,38.18108732,-99.23692334,20145.0,46.772684752104766,0.0,3,3,0,0,3,3,6562,0,0,0,0,0
2020-06-12,US,Kansas,Phillips,2,0,0,39.78465501,-99.34668865,20147.0,38.211692777990066,0.0,2,2,0,0,2,2,5317,0,0,0,0,0
2020-06-12,US,Kansas,Pottawatomie,32,0,0,39.37925655,-96.34564657,20149.0,131.238977976459,0.0,32,29,0,0,29,29,24277,3,0,0,3,0
2020-06-12,US,Kansas,Pratt,2,0,0,37.64780729,-98.73922153,20151.0,21.824530772588393,0.0,2,2,0,0,2,2,9378,0,0,0,0,0
2020-06-12,US,Kansas,Reno,48,0,0,37.95230263,-98.08607292,20155.0,77.4218523178167,0.0,48,47,0,0,47,47,62342,1,0,0,1,0
2020-06-12,US,Kansas,Republic,4,0,0,39.82799632,-97.65036709,20157.0,86.28127696289906,0.0,4,4,0,0,4,4,4664,0,0,0,0,0
2020-06-12,US,Kansas,Rice,4,0,0,38.34616184,-98.19992118,20159.0,41.94191045402118,0.0,4,4,0,0,4,4,9531,0,0,0,0,0
2020-06-12,US,Kansas,Riley,74,3,0,39.28935726,-96.73420026,20161.0,99.68746632180194,4.0540540540540535,71,71,3,0,68,71,73703,3,0,0,3,0
2020-06-12,US,Kansas,Rooks,6,0,0,39.35022773,-99.32484567,20163.0,121.95121951219512,0.0,6,6,0,0,6,6,5013,0,0,0,0,0
2020-06-12,US,Kansas,Saline,28,2,0,38.78369175,-97.65185177,20169.0,51.637651224550005,7.142857142857142,26,27,2,0,25,27,54401,1,0,0,1,0
2020-06-12,US,Kansas,Scott,16,0,0,38.48222076,-100.90665390000001,20171.0,331.74372797014314,0.0,16,15,0,0,15,15,4897,1,0,0,1,0
2020-06-12,US,Kansas,Sedgwick,728,23,0,37.6842718,-97.4608198,20173.0,141.07378856759718,3.1593406593406588,705,717,23,0,694,710,513607,11,0,0,11,7
2020-06-12,US,Kansas,Seward,924,2,0,37.19324632,-100.85072009999999,20175.0,4312.114989733061,0.21645021645021645,922,917,2,0,915,917,21780,7,0,0,7,0
2020-06-12,US,Kansas,Shawnee,435,8,0,39.04100763,-95.75572640000001,20177.0,245.93639575971733,1.839080459770115,427,420,8,0,412,409,177499,15,0,0,15,11
2020-06-12,US,Kansas,Sheridan,2,0,0,39.35018161,-100.44182590000001,20179.0,79.33359777865927,0.0,2,2,0,0,2,2,2533,0,0,0,0,0
2020-06-12,US,Kansas,Sherman,7,0,0,39.35147699,-101.71976240000001,20181.0,118.30319418624303,0.0,7,7,0,0,7,7,5899,0,0,0,0,0
2020-06-12,US,Kansas,Smith,2,0,0,39.78516566,-98.78566062,20183.0,55.81914596706671,0.0,2,2,0,0,2,2,3603,0,0,0,0,0
2020-06-12,US,Kansas,Stafford,1,0,0,38.03100851,-98.71762001,20185.0,24.06159769008662,0.0,1,1,0,0,1,1,4178,0,0,0,0,0
2020-06-12,US,Kansas,Stanton,9,0,0,37.56304714,-101.78435340000001,20187.0,448.65403788634103,0.0,9,9,0,0,9,9,1987,0,0,0,0,0
2020-06-12,US,Kansas,Stevens,31,0,0,37.1923008,-101.3118967,20189.0,565.1777575205105,0.0,31,31,0,0,31,31,5559,0,0,0,0,0
2020-06-12,US,Kansas,Sumner,9,1,0,37.23682549,-97.47721621,20191.0,39.411455596426684,11.111111111111109,8,10,1,0,9,10,22996,-1,0,0,-1,0
2020-06-12,US,Kansas,Trego,1,0,0,38.91467218,-99.87284448,20195.0,35.676061362825536,0.0,1,1,0,0,1,1,2793,0,0,0,0,0
2020-06-12,US,Kansas,Wabaunsee,31,0,0,38.95471985,-96.20350509,20197.0,447.2659067955562,0.0,31,31,0,0,31,31,6899,0,0,0,0,0
2020-06-12,US,Kansas,Washington,1,0,0,39.78420784,-97.08753229999999,20201.0,18.49796522382538,0.0,1,1,0,0,1,1,5420,0,0,0,0,0
2020-06-12,US,Kansas,Wilson,1,0,0,37.55937174,-95.74323255,20205.0,11.730205278592374,0.0,1,1,0,0,1,1,8665,0,0,0,0,0
2020-06-12,US,Kansas,Woodson,6,0,0,37.8865336,-95.74006277,20207.0,191.20458891013385,0.0,6,6,0,0,6,6,3183,0,0,0,0,0
2020-06-12,US,Kansas,Wyandotte,1626,76,0,39.11727348,-94.76378225,20209.0,982.899008033658,4.6740467404674035,1550,1575,76,0,1499,1569,165324,51,0,0,51,6
2020-06-12,US,Kentucky,Adair,101,19,0,37.10459774,-85.28129668,21001.0,525.9868763670449,18.811881188118807,82,101,19,0,82,101,19215,0,0,0,0,0
2020-06-12,US,Kentucky,Allen,127,3,0,36.75197631,-86.19457544,21003.0,595.8245367112363,2.3622047244094486,124,123,3,0,120,120,21122,4,0,0,4,3
2020-06-12,US,Kentucky,Anderson,25,1,0,38.00671029,-84.99171713,21005.0,109.90460280476546,4.0,24,25,1,0,24,25,22663,0,0,0,0,0
2020-06-12,US,Kentucky,Ballard,14,0,0,37.05842757,-88.99427697,21007.0,177.4847870182556,0.0,14,13,0,0,13,13,7979,1,0,0,1,0
2020-06-12,US,Kentucky,Barren,61,2,0,36.96469836,-85.93338945,21009.0,137.85622273949693,3.278688524590164,59,59,2,0,57,59,44176,2,0,0,2,0
2020-06-12,US,Kentucky,Bath,10,1,0,38.14735938,-83.74588932,21011.0,80.0,10.0,9,9,1,0,8,9,12383,1,0,0,1,0
2020-06-12,US,Kentucky,Bell,3,0,0,36.73355174,-83.67766671,21013.0,11.524277811923788,0.0,3,3,0,0,3,3,26569,0,0,0,0,0
2020-06-12,US,Kentucky,Boone,538,21,0,38.97065142,-84.72615357,21015.0,402.7518883673577,3.903345724907063,517,535,21,0,514,532,131533,3,0,0,3,3
2020-06-12,US,Kentucky,Bourbon,22,1,0,38.2054607,-84.21827874,21017.0,111.17849201536283,4.545454545454546,21,21,1,0,20,21,20184,1,0,0,1,0
2020-06-12,US,Kentucky,Boyd,43,3,0,38.36176608,-82.68652187,21019.0,92.04161137034977,6.9767441860465125,40,43,3,0,40,43,47240,0,0,0,0,0
2020-06-12,US,Kentucky,Boyle,28,0,0,37.62680923,-84.8633779,21021.0,93.14703925482368,0.0,28,28,0,0,28,28,30100,0,0,0,0,0
2020-06-12,US,Kentucky,Bracken,14,0,0,38.69158994,-84.08532444,21023.0,168.61375406479587,0.0,14,14,0,0,14,14,8239,0,0,0,0,0
2020-06-12,US,Kentucky,Breathitt,3,0,0,37.52333168,-83.31959161,21025.0,23.752969121140147,0.0,3,3,0,0,3,3,12726,0,0,0,0,0
2020-06-12,US,Kentucky,Breckinridge,21,2,0,37.77377239,-86.42885017,21027.0,102.55408507105531,9.523809523809524,19,20,2,0,18,19,20388,1,0,0,1,1
2020-06-12,US,Kentucky,Bullitt,128,4,0,37.97162523,-85.68955617,21029.0,156.71678338802099,3.125,124,127,4,0,123,127,81069,1,0,0,1,0
2020-06-12,US,Kentucky,Butler,243,13,0,37.20946153,-86.68748787,21031.0,1886.7924528301885,5.349794238683128,230,240,13,0,227,240,12772,3,0,0,3,0
2020-06-12,US,Kentucky,Caldwell,12,0,0,37.14749129,-87.86948214,21033.0,94.13979759943516,0.0,12,12,0,0,12,12,12715,0,0,0,0,0
2020-06-12,US,Kentucky,Calloway,57,1,0,36.62093411,-88.2731593,21035.0,146.15009871541756,1.7543859649122806,56,57,1,0,56,56,39135,0,0,0,0,1
2020-06-12,US,Kentucky,Campbell,201,12,0,38.94384345,-84.37875208,21037.0,214.7803043255257,5.970149253731344,189,201,12,0,189,198,93152,0,0,0,0,3
2020-06-12,US,Kentucky,Carlisle,5,1,0,36.85372876,-88.96692220000001,21039.0,105.04201680672269,20.0,4,5,1,0,4,5,4771,0,0,0,0,0
2020-06-12,US,Kentucky,Carroll,16,0,0,38.66599534,-85.12601074,21041.0,150.50324522622518,0.0,16,16,0,0,16,16,10737,0,0,0,0,0
2020-06-12,US,Kentucky,Carter,17,0,0,38.31690743,-83.05092385,21043.0,63.4399373064149,0.0,17,17,0,0,17,17,27004,0,0,0,0,0
2020-06-12,US,Kentucky,Casey,10,0,0,37.32533118,-84.92726209,21045.0,61.885017637230035,0.0,10,9,0,0,9,8,15888,1,0,0,1,1
2020-06-12,US,Kentucky,Christian,137,3,0,36.89267803,-87.49055367,21047.0,194.4338002582989,2.18978102189781,134,136,3,0,133,136,71671,1,0,0,1,0
2020-06-12,US,Kentucky,Clark,68,0,0,37.9689263,-84.14615986,21049.0,187.51895871825283,0.0,68,63,0,0,63,62,36249,5,0,0,5,1
2020-06-12,US,Kentucky,Clay,12,2,0,37.16451126,-83.712575,21051.0,60.298477463444044,16.666666666666668,10,12,2,0,10,12,20105,0,0,0,0,0
2020-06-12,US,Kentucky,Clinton,5,0,0,36.72581156,-85.13377529,21053.0,48.933255040125275,0.0,5,5,0,0,5,5,10206,0,0,0,0,0
2020-06-12,US,Kentucky,Crittenden,7,1,0,37.35839237,-88.08826090000002,21055.0,79.4912559618442,14.285714285714285,6,7,1,0,6,7,8915,0,0,0,0,0
2020-06-12,US,Kentucky,Cumberland,5,0,0,36.78926125,-85.39050034,21057.0,75.59721802237678,0.0,5,5,0,0,5,5,6659,0,0,0,0,0
2020-06-12,US,Kentucky,Daviess,350,8,0,37.73028906,-87.09019479999998,21059.0,344.79021977913726,2.2857142857142856,342,347,8,0,339,343,101104,3,0,0,3,4
2020-06-12,US,Kentucky,Edmonson,63,11,0,37.21218923,-86.23955613,21061.0,518.5185185185185,17.460317460317462,52,63,11,0,52,63,12274,0,0,0,0,0
2020-06-12,US,Kentucky,Elliott,1,0,0,38.11624059,-83.09771563,21063.0,13.303179459890915,0.0,1,1,0,0,1,1,7508,0,0,0,0,0
2020-06-12,US,Kentucky,Estill,3,0,0,37.69241417,-83.95956369,21065.0,21.267545725223307,0.0,3,2,0,0,2,1,14198,1,0,0,1,1
2020-06-12,US,Kentucky,Fayette,995,16,0,38.0368225,-84.45576892,21067.0,307.9046393028668,1.6080402010050252,979,970,15,0,955,956,323780,25,1,0,24,14
2020-06-12,US,Kentucky,Fleming,4,0,0,38.36758311,-83.69657514,21069.0,27.432960702283797,0.0,4,2,0,0,2,2,14432,2,0,0,2,0
2020-06-12,US,Kentucky,Floyd,17,0,0,37.56213922,-82.74750924,21071.0,47.767568630756685,0.0,17,17,0,0,17,17,35845,0,0,0,0,0
2020-06-12,US,Kentucky,Franklin,92,2,0,38.2379395,-84.87962551,21073.0,180.4239963915201,2.1739130434782608,90,88,2,0,86,88,50815,4,0,0,4,0
2020-06-12,US,Kentucky,Fulton,12,0,0,36.55238827,-89.20140068,21075.0,201.03869994974036,0.0,12,12,0,0,12,12,6120,0,0,0,0,0
2020-06-12,US,Kentucky,Gallatin,51,7,0,38.75398691,-84.8558382,21077.0,575.036644492051,13.725490196078429,44,51,7,0,44,51,8832,0,0,0,0,0
2020-06-12,US,Kentucky,Garrard,9,0,0,37.638866799999995,-84.53289319,21079.0,50.945318691271375,0.0,9,9,0,0,9,6,17560,0,0,0,0,3
2020-06-12,US,Kentucky,Grant,52,4,0,38.64962758,-84.62415957,21081.0,207.4275000997248,7.6923076923076925,48,51,4,0,47,51,25121,1,0,0,1,0
2020-06-12,US,Kentucky,Graves,168,20,0,36.72292505,-88.65143315,21083.0,450.81307357913386,11.904761904761903,148,167,20,0,147,167,37317,1,0,0,1,0
2020-06-12,US,Kentucky,Grayson,136,10,0,37.46231118,-86.34248968,21085.0,514.6251939304499,7.352941176470589,126,135,10,0,125,135,26321,1,0,0,1,0
2020-06-12,US,Kentucky,Green,2,0,0,37.26484328,-85.5540745,21087.0,18.279864729001005,0.0,2,2,0,0,2,2,11049,0,0,0,0,0
2020-06-12,US,Kentucky,Greenup,14,0,0,38.54332505,-82.9215658,21089.0,39.88831272437176,0.0,14,14,0,0,14,14,35268,0,0,0,0,0
2020-06-12,US,Kentucky,Hancock,9,0,0,37.83766422,-86.78280584,21091.0,103.18734235267141,0.0,9,7,0,0,7,7,8758,2,0,0,2,0
2020-06-12,US,Kentucky,Hardin,133,4,0,37.6976111,-85.96319251,21093.0,119.8651742100615,3.0075187969924815,129,127,4,0,123,125,110356,6,0,0,6,2
2020-06-12,US,Kentucky,Harlan,8,0,0,36.85699301,-83.21899516,21095.0,30.75740099961553,0.0,8,8,0,0,8,8,26409,0,0,0,0,0
2020-06-12,US,Kentucky,Harrison,32,0,0,38.44188174,-84.32869741,21097.0,169.43767870380174,0.0,32,32,0,0,32,31,18778,0,0,0,0,1
2020-06-12,US,Kentucky,Hart,30,0,0,37.29943898,-85.88461055,21099.0,157.60441292356185,0.0,30,26,0,0,26,26,18906,4,0,0,4,0
2020-06-12,US,Kentucky,Henderson,124,3,0,37.79344553,-87.57392021,21101.0,274.275602742756,2.419354838709677,121,121,3,0,118,120,45591,3,0,0,3,1
2020-06-12,US,Kentucky,Henry,25,1,0,38.44942688,-85.11587507,21103.0,155.02914547935012,4.0,24,24,1,0,23,24,16106,1,0,0,1,0
2020-06-12,US,Kentucky,Hickman,5,0,0,36.67948079999999,-88.97875928,21105.0,114.15525114155253,0.0,5,5,0,0,5,5,4421,0,0,0,0,0
2020-06-12,US,Kentucky,Hopkins,225,31,0,37.30939025,-87.54670406,21107.0,503.51340464575037,13.777777777777779,194,225,31,0,194,225,45068,0,0,0,0,0
2020-06-12,US,Kentucky,Jackson,63,13,0,37.41866422,-83.99825483,21109.0,472.65361242403776,20.63492063492064,50,62,13,0,49,61,13442,1,0,0,1,1
2020-06-12,US,Kentucky,Jefferson,3278,175,0,38.18664655,-85.65931031,21111.0,427.51484499000327,5.338621110433191,3103,3229,172,0,3057,3226,770517,49,3,0,46,3
2020-06-12,US,Kentucky,Jessamine,79,0,0,37.87119786,-84.58252003,21113.0,145.98540145985402,0.0,79,79,0,0,79,80,53920,0,0,0,0,-1
2020-06-12,US,Kentucky,Johnson,5,0,0,37.85106355,-82.8264322,21115.0,22.534703443302693,0.0,5,5,0,0,5,5,22386,0,0,0,0,0
2020-06-12,US,Kentucky,Kenton,681,36,0,38.93950319,-84.53241199,21117.0,407.7893148420939,5.286343612334802,645,683,36,0,647,681,166051,-2,0,0,-2,2
2020-06-12,US,Kentucky,Knott,4,0,0,37.35388197,-82.94981134,21119.0,27.016074564365802,0.0,4,4,0,0,4,4,15126,0,0,0,0,0
2020-06-12,US,Kentucky,Knox,10,0,0,36.89225732,-83.85403396,21121.0,32.10788248515011,0.0,10,10,0,0,10,10,31304,0,0,0,0,0
2020-06-12,US,Kentucky,Larue,11,1,0,37.54567114,-85.70138352,21123.0,76.3994999305459,9.090909090909092,10,11,1,0,10,11,14307,0,0,0,0,0
2020-06-12,US,Kentucky,Laurel,25,2,0,37.10975748,-84.11321779,21125.0,41.109631164389185,8.0,23,22,2,0,20,22,60669,3,0,0,3,0
2020-06-12,US,Kentucky,Lawrence,5,0,0,38.07136018,-82.72882223,21127.0,32.64346804204479,0.0,5,5,0,0,5,5,15571,0,0,0,0,0
2020-06-12,US,Kentucky,Lee,1,0,0,37.59645942,-83.71513901,21129.0,13.508037282182901,0.0,1,1,0,0,1,1,7033,0,0,0,0,0
2020-06-12,US,Kentucky,Leslie,6,0,0,37.09246661,-83.37999606,21131.0,60.74719044244203,0.0,6,6,0,0,6,6,10143,0,0,0,0,0
2020-06-12,US,Kentucky,Letcher,3,0,0,37.12306748,-82.85346474,21133.0,13.919175984781699,0.0,3,3,0,0,3,3,21899,0,0,0,0,0
2020-06-12,US,Kentucky,Lewis,9,0,0,38.53184419,-83.37735618,21135.0,67.79661016949153,0.0,9,8,0,0,8,8,13257,1,0,0,1,0
2020-06-12,US,Kentucky,Lincoln,15,1,0,37.45475628,-84.6565327,21137.0,61.10228522546743,6.666666666666668,14,14,1,0,13,14,24644,1,0,0,1,0
2020-06-12,US,Kentucky,Livingston,9,0,0,37.21137452,-88.34797529,21139.0,97.88992821405265,0.0,9,9,0,0,9,9,9242,0,0,0,0,0
2020-06-12,US,Kentucky,Logan,187,8,0,36.85949479,-86.877635,21141.0,689.9859788945465,4.2780748663101615,179,178,8,0,170,176,26989,9,0,0,9,2
2020-06-12,US,Kentucky,Lyon,17,3,0,37.02080035,-88.07886257,21143.0,207.06455542021928,17.647058823529417,14,17,3,0,14,17,8009,0,0,0,0,0
2020-06-12,US,Kentucky,Madison,72,1,0,37.71659336,-84.27220275,21151.0,77.43017841203607,1.3888888888888888,71,71,1,0,70,70,92368,1,0,0,1,1
2020-06-12,US,Kentucky,Magoffin,4,0,0,37.70820545,-83.0657714,21153.0,32.89203190527095,0.0,4,2,0,0,2,2,12362,2,0,0,2,0
2020-06-12,US,Kentucky,Marion,41,0,0,37.55218078,-85.26898542,21155.0,212.732838686245,0.0,41,38,0,0,38,37,19404,3,0,0,3,1
2020-06-12,US,Kentucky,Marshall,41,2,0,36.88007070000001,-88.32803576,21157.0,131.83279742765274,4.878048780487805,39,40,2,0,38,37,31191,1,0,0,1,3
2020-06-12,US,Kentucky,Martin,3,0,0,37.79990579,-82.51247478,21159.0,26.797677534613662,0.0,3,3,0,0,3,3,11323,0,0,0,0,0
2020-06-12,US,Kentucky,Mason,16,0,0,38.59471935,-83.82151043,21161.0,93.73169302870535,0.0,16,15,0,0,15,15,17150,1,0,0,1,0
2020-06-12,US,Kentucky,McCracken,116,3,0,37.05350953,-88.70445755,21145.0,177.32122657372588,2.586206896551724,113,113,3,0,110,113,65346,3,0,0,3,0
2020-06-12,US,Kentucky,McCreary,13,0,0,36.73874143,-84.48102924,21147.0,75.44541814172132,0.0,13,13,0,0,13,13,17408,0,0,0,0,0
2020-06-12,US,Kentucky,McLean,23,1,0,37.5301951,-87.26803443,21149.0,249.80992722928212,4.3478260869565215,22,23,1,0,22,23,9252,0,0,0,0,0
2020-06-12,US,Kentucky,Meade,23,2,0,37.96163597,-86.21028219,21163.0,80.49839003219934,8.695652173913043,21,23,2,0,21,23,28715,0,0,0,0,0
2020-06-12,US,Kentucky,Menifee,10,0,0,37.94090733,-83.59985712,21165.0,154.10695022345507,0.0,10,10,0,0,10,10,6451,0,0,0,0,0
2020-06-12,US,Kentucky,Mercer,16,0,0,37.81474237,-84.87488475,21167.0,72.94943692153376,0.0,16,16,0,0,16,15,21774,0,0,0,0,1
2020-06-12,US,Kentucky,Metcalfe,7,2,0,36.99459295,-85.63123699,21169.0,69.50650382285771,28.57142857142857,5,7,2,0,5,7,10030,0,0,0,0,0
2020-06-12,US,Kentucky,Monroe,27,0,0,36.71225341,-85.71596443,21171.0,253.5211267605634,0.0,27,27,0,0,27,27,10718,0,0,0,0,0
2020-06-12,US,Kentucky,Montgomery,33,0,0,38.03253032,-83.9145241,21173.0,117.19998579394111,0.0,33,31,0,0,31,31,28203,2,0,0,2,0
2020-06-12,US,Kentucky,Morgan,6,0,0,37.92465657,-83.25558245,21175.0,45.08227515215268,0.0,6,4,0,0,4,4,13345,2,0,0,2,0
2020-06-12,US,Kentucky,Muhlenberg,482,8,0,37.21425819,-87.14632053,21177.0,1574.031741884919,1.6597510373443984,474,484,8,0,476,484,30774,-2,0,0,-2,0
2020-06-12,US,Kentucky,Nelson,47,1,0,37.80335779,-85.4657193,21179.0,101.65898816862415,2.127659574468085,46,47,1,0,46,47,45851,0,0,0,0,0
2020-06-12,US,Kentucky,Nicholas,4,0,0,38.33342292,-84.01889177,21181.0,55.02820195350117,0.0,4,4,0,0,4,4,7166,0,0,0,0,0
2020-06-12,US,Kentucky,Ohio,162,0,0,37.47751843,-86.85368087,21183.0,675.1687921980495,0.0,162,158,0,0,158,157,24087,4,0,0,4,1
2020-06-12,US,Kentucky,Oldham,112,5,0,38.39791089,-85.448222,21185.0,167.66718064641682,4.464285714285714,107,113,5,0,108,113,66470,-1,0,0,-1,0
2020-06-12,US,Kentucky,Owen,4,0,0,38.51679143,-84.82404619,21187.0,36.693881295294005,0.0,4,4,0,0,4,4,10880,0,0,0,0,0
2020-06-12,US,Kentucky,Owsley,2,0,0,37.42823949,-83.68811419,21189.0,45.30011325028314,0.0,2,2,0,0,2,2,4472,0,0,0,0,0
2020-06-12,US,Kentucky,Pendleton,14,0,0,38.69607718,-84.35599463,21191.0,95.95613433858809,0.0,14,14,0,0,14,14,14529,0,0,0,0,0
2020-06-12,US,Kentucky,Perry,23,0,0,37.25023553,-83.22922731,21193.0,89.29264694463856,0.0,23,22,0,0,22,22,26092,1,0,0,1,0
2020-06-12,US,Kentucky,Pike,38,2,0,37.47088263,-82.39487445,21195.0,65.65761282742415,5.2631578947368425,36,38,2,0,36,38,58402,0,0,0,0,0
2020-06-12,US,Kentucky,Powell,4,0,0,37.83218794,-83.82553961,21197.0,32.36507808075087,0.0,4,3,0,0,3,3,12442,1,0,0,1,0
2020-06-12,US,Kentucky,Pulaski,71,2,0,37.10466131,-84.57629079,21199.0,109.26607057664783,2.8169014084507036,69,68,2,0,66,66,64623,3,0,0,3,2
2020-06-12,US,Kentucky,Rockcastle,14,0,0,37.36642393,-84.31176452,21203.0,83.85744234800839,0.0,14,13,0,0,13,13,16750,1,0,0,1,0
2020-06-12,US,Kentucky,Rowan,13,0,0,38.19484205,-83.42088935,21205.0,53.14799672935405,0.0,13,11,0,0,11,11,24583,2,0,0,2,0
2020-06-12,US,Kentucky,Russell,37,4,0,36.99308373,-85.06070117,21207.0,206.4386542431513,10.810810810810812,33,36,4,0,32,36,17821,1,0,0,1,0
2020-06-12,US,Kentucky,Scott,40,0,0,38.29622293,-84.5816631,21209.0,70.17051434987019,0.0,40,39,0,0,39,39,56031,1,0,0,1,0
2020-06-12,US,Kentucky,Shelby,256,6,0,38.21476019,-85.194223,21211.0,522.1932114882507,2.34375,250,233,6,0,227,233,48518,23,0,0,23,0
2020-06-12,US,Kentucky,Simpson,57,3,0,36.74058474,-86.58047435,21213.0,306.9136334266638,5.2631578947368425,54,57,3,0,54,58,18529,0,0,0,0,-1
2020-06-12,US,Kentucky,Spencer,25,0,0,38.03223971,-85.32749335,21215.0,129.19228980414448,0.0,25,25,0,0,25,25,18794,0,0,0,0,0
2020-06-12,US,Kentucky,Taylor,16,1,0,37.3677562,-85.3329931,21217.0,62.09010826962629,6.25,15,15,1,0,14,15,25549,1,0,0,1,0
2020-06-12,US,Kentucky,Todd,23,0,0,36.8381152,-87.17878374,21219.0,187.0831299821051,0.0,23,23,0,0,23,23,12311,0,0,0,0,0
2020-06-12,US,Kentucky,Trigg,16,0,0,36.80767017,-87.87333656,21221.0,109.2075626237117,0.0,16,14,0,0,14,13,14643,2,0,0,2,1
2020-06-12,US,Kentucky,Trimble,4,0,0,38.61056487,-85.33775972,21223.0,47.21992680911345,0.0,4,5,0,0,5,6,8515,-1,0,0,-1,-1
2020-06-12,US,Kentucky,Unassigned,9,0,0,0.0,0.0,90021.0,0.0,0.0,9,7,0,0,7,6,,2,0,0,2,1
2020-06-12,US,Kentucky,Union,16,0,0,37.66166713,-87.94300009,21225.0,111.25790974202071,0.0,16,15,0,0,15,15,14505,1,0,0,1,0
2020-06-12,US,Kentucky,Warren,1208,8,0,36.99903045,-86.42672751,21227.0,908.9814591861307,0.6622516556291391,1200,1184,8,0,1176,1179,131264,24,0,0,24,5
2020-06-12,US,Kentucky,Washington,10,0,0,37.75599461,-85.17407732,21229.0,82.67879288962381,0.0,10,8,0,0,8,8,12084,2,0,0,2,0
2020-06-12,US,Kentucky,Wayne,10,0,0,36.80310688,-84.8251971,21231.0,49.18113411695274,0.0,10,10,0,0,10,9,20468,0,0,0,0,1
2020-06-12,US,Kentucky,Webster,34,0,0,37.52168356,-87.67989953,21233.0,262.71055478287747,0.0,34,34,0,0,34,34,13111,0,0,0,0,0
2020-06-12,US,Kentucky,Whitley,17,0,0,36.75700531,-84.14541217,21235.0,46.87844694462828,0.0,17,15,0,0,15,15,36242,2,0,0,2,0
2020-06-12,US,Kentucky,Wolfe,1,0,0,37.73941626,-83.49303612,21237.0,13.972334777141258,0.0,1,1,0,0,1,1,7177,0,0,0,0,0
2020-06-12,US,Kentucky,Woodford,45,0,0,38.04178222,-84.7417556,21239.0,168.32497942694695,0.0,45,46,0,0,46,45,26533,-1,0,0,-1,1
2020-06-12,US,Louisiana,Acadia,535,31,0,30.295064899999996,-92.41419698,22001.0,862.2773793214602,5.794392523364487,504,529,31,0,498,520,62190,6,0,0,6,9
2020-06-12,US,Louisiana,Allen,193,10,0,30.65385745,-92.82442028,22003.0,753.1119522378741,5.181347150259066,183,189,10,0,179,189,25605,4,0,0,4,0
2020-06-12,US,Louisiana,Ascension,918,58,0,30.20406249,-90.91328409999998,22005.0,725.0955735995703,6.318082788671024,860,912,58,0,854,906,124672,6,0,0,6,6
2020-06-12,US,Louisiana,Assumption,258,14,0,29.89946234,-91.06461642,22007.0,1178.5665341921338,5.426356589147288,244,258,14,0,244,259,22300,0,0,0,0,-1
2020-06-12,US,Louisiana,Avoyelles,181,9,0,31.07796211,-92.00079449,22009.0,450.8768433638901,4.972375690607736,172,178,9,0,169,178,40462,3,0,0,3,0
2020-06-12,US,Louisiana,Beauregard,127,6,0,30.64836518,-93.34173616,22011.0,338.6937621676401,4.724409448818896,121,117,6,0,111,116,37253,10,0,0,10,1
2020-06-12,US,Louisiana,Bienville,170,24,0,32.34569994,-93.05398492,22013.0,1283.8909447926894,14.117647058823529,146,167,24,0,143,166,13308,3,0,0,3,1
2020-06-12,US,Louisiana,Bossier,488,26,0,32.67932307,-93.60460152,22015.0,384.13400609261726,5.327868852459017,462,484,26,0,458,478,127185,4,0,0,4,6
2020-06-12,US,Louisiana,Caddo,2803,210,0,32.57991587,-93.88375652,22017.0,1166.924780603154,7.491972886193363,2593,2794,210,0,2584,2784,242922,9,0,0,9,10
2020-06-12,US,Louisiana,Calcasieu,701,51,0,30.22931235,-93.35400434,22019.0,344.5801136475354,7.275320970042796,650,684,51,0,633,673,203112,17,0,0,17,11
2020-06-12,US,Louisiana,Caldwell,76,1,0,32.0902519,-92.11752148,22021.0,766.2835249042146,1.3157894736842106,75,76,1,0,75,76,9960,0,0,0,0,0
2020-06-12,US,Louisiana,Cameron,11,0,0,29.87592238,-93.19310676,22023.0,157.75132654524594,0.0,11,11,0,0,11,10,6968,0,0,0,0,1
2020-06-12,US,Louisiana,Catahoula,124,3,0,31.66778967,-91.84526385,22025.0,1306.088055614072,2.419354838709677,121,123,3,0,120,123,9608,1,0,0,1,0
2020-06-12,US,Louisiana,Claiborne,73,10,0,32.82308512,-92.99526883,22027.0,465.8583280153159,13.698630136986301,63,72,10,0,62,71,15944,1,0,0,1,1
2020-06-12,US,Louisiana,Concordia,97,5,0,31.44817835,-91.63814433,22029.0,503.6606262007372,5.154639175257731,92,97,5,0,92,97,19572,0,0,0,0,0
2020-06-12,US,Louisiana,De Soto,269,17,0,32.05457447,-93.74130302,22031.0,979.4996904926628,6.319702602230484,252,266,17,0,249,263,27436,3,0,0,3,3
2020-06-12,US,Louisiana,East Baton Rouge,4150,256,0,30.53842039,-91.09777565,22033.0,943.0553630308664,6.168674698795182,3894,4088,254,0,3834,4054,440956,62,2,0,60,34
2020-06-12,US,Louisiana,East Carroll,216,0,0,32.73926954,-91.23425694,22035.0,3148.2291211193706,0.0,216,212,0,0,212,208,7037,4,0,0,4,4
2020-06-12,US,Louisiana,East Feliciana,216,32,0,30.84425359,-91.04976723,22037.0,1128.821531225503,14.814814814814815,184,210,31,0,179,210,19305,6,1,0,5,0
2020-06-12,US,Louisiana,Evangeline,87,1,0,30.72985248,-92.39915924,22039.0,260.51804162299743,1.1494252873563218,86,85,1,0,84,85,33443,2,0,0,2,0
2020-06-12,US,Louisiana,Franklin,395,13,0,32.13675181,-91.67589857,22041.0,1973.5198601049206,3.2911392405063293,382,395,13,0,382,391,20156,0,0,0,0,4
2020-06-12,US,Louisiana,Grant,54,1,0,31.59882456,-92.56124347,22043.0,241.1898700254589,1.851851851851852,53,51,1,0,50,51,22482,3,0,0,3,0
2020-06-12,US,Louisiana,Iberia,435,42,0,29.86803617,-91.75871777,22045.0,622.941429185164,9.655172413793103,393,430,41,0,389,428,70941,5,1,0,4,2
2020-06-12,US,Louisiana,Iberville,610,43,0,30.25734305,-91.3499598,22047.0,1876.2880255913385,7.049180327868853,567,607,43,0,564,607,32721,3,0,0,3,0
2020-06-12,US,Louisiana,Jackson,154,15,0,32.30251776,-92.55692092,22049.0,978.1504065040649,9.74025974025974,139,149,15,0,134,148,15902,5,0,0,5,1
2020-06-12,US,Louisiana,Jefferson,8091,465,0,29.74075478,-90.11115756,22051.0,1870.7817236348333,5.747126436781608,7626,8032,464,0,7568,7971,434051,59,1,0,58,61
2020-06-12,US,Louisiana,Jefferson Davis,114,7,0,30.26896765,-92.81210004,22053.0,363.42769701606727,6.140350877192982,107,106,7,0,99,102,31582,8,0,0,8,4
2020-06-12,US,Louisiana,LaSalle,72,0,0,31.67884782,-92.15907765,22059.0,483.48106365834013,0.0,72,68,0,0,68,67,14917,4,0,0,4,1
2020-06-12,US,Louisiana,Lafayette,988,32,0,30.2049055,-92.06959876,22055.0,404.27186055075896,3.238866396761133,956,957,33,0,924,931,242782,31,-1,0,32,26
2020-06-12,US,Louisiana,Lafourche,945,77,0,29.52470226,-90.40976986,22057.0,968.098838281394,8.148148148148149,868,937,77,0,860,928,98115,8,0,0,8,9
2020-06-12,US,Louisiana,Lincoln,202,18,0,32.6003154,-92.66597409999999,22061.0,432.159513927517,8.910891089108912,184,196,18,0,178,193,47196,6,0,0,6,3
2020-06-12,US,Louisiana,Livingston,514,31,0,30.44143993,-90.73061664,22063.0,365.08534047404265,6.031128404669262,483,495,31,0,464,484,139567,19,0,0,19,11
2020-06-12,US,Louisiana,Madison,251,2,0,32.36918118,-91.23973355,22065.0,2292.028125285362,0.796812749003984,249,249,2,0,247,221,11161,2,0,0,2,28
2020-06-12,US,Louisiana,Morehouse,138,6,0,32.81686191,-91.80421614,22067.0,554.7961727104606,4.3478260869565215,132,138,6,0,132,136,25398,0,0,0,0,2
2020-06-12,US,Louisiana,Natchitoches,188,13,0,31.72321584,-93.09816516,22069.0,492.6882960322868,6.914893617021277,175,182,13,0,169,180,38659,6,0,0,6,2
2020-06-12,US,Louisiana,Orleans,7319,516,0,30.06971951,-89.92660315,22071.0,1875.973999343832,7.050143462221615,6803,7294,515,0,6779,7279,391006,25,1,0,24,15
2020-06-12,US,Louisiana,Ouachita,1679,59,0,32.47645559,-92.15704172,22073.0,1095.3881484091105,3.5139964264443115,1620,1631,57,0,1574,1592,154475,48,2,0,46,39
2020-06-12,US,Louisiana,Plaquemines,223,17,0,29.42245447,-89.60322085,22075.0,961.331206621546,7.623318385650223,206,222,17,0,205,220,23410,1,0,0,1,2
2020-06-12,US,Louisiana,Pointe Coupee,217,25,0,30.71409502,-91.60209535,22077.0,998.6194201564656,11.52073732718894,192,217,25,0,192,217,21940,0,0,0,0,0
2020-06-12,US,Louisiana,Rapides,1098,41,0,31.19778499,-92.52997303,22079.0,846.9085523880043,3.734061930783242,1057,1074,41,0,1033,1007,130562,24,0,0,24,67
2020-06-12,US,Louisiana,Red River,52,7,0,32.09530039,-93.34213308,22081.0,615.9677801468846,13.461538461538463,45,52,7,0,45,52,8477,0,0,0,0,0
2020-06-12,US,Louisiana,Richland,160,3,0,32.41391005,-91.76634876,22083.0,795.1495875161514,1.875,157,159,3,0,156,157,20192,1,0,0,1,2
2020-06-12,US,Louisiana,Sabine,53,0,0,31.56388699,-93.55433981,22085.0,221.90587841232625,0.0,53,53,0,0,53,53,24032,0,0,0,0,0
2020-06-12,US,Louisiana,St. Bernard,562,23,0,29.87761636,-89.51887093,22087.0,1189.5690458047584,4.092526690391459,539,559,23,0,536,558,46721,3,0,0,3,1
2020-06-12,US,Louisiana,St. Charles,655,46,0,29.90709658,-90.35555967,22089.0,1233.5216572504708,7.022900763358778,609,654,46,0,608,653,52879,1,0,0,1,1
2020-06-12,US,Louisiana,St. Helena,56,1,0,30.82210324,-90.71013176,22091.0,552.7043031977892,1.7857142857142858,55,56,1,0,55,56,10262,0,0,0,0,0
2020-06-12,US,Louisiana,St. James,308,27,0,30.02531716,-90.80212061,22093.0,1459.9924156238146,8.766233766233766,281,306,27,0,279,306,21037,2,0,0,2,0
2020-06-12,US,Louisiana,St. John the Baptist,886,83,0,30.12597499,-90.4753503,22095.0,2068.305436888671,9.367945823927766,803,883,83,0,800,883,43184,3,0,0,3,0
2020-06-12,US,Louisiana,St. Landry,326,55,0,30.59724262,-92.00135806,22097.0,396.96069358530997,16.87116564417178,271,324,55,0,269,323,82764,2,0,0,2,1
2020-06-12,US,Louisiana,St. Martin,316,26,0,30.13112107,-91.61403569,22099.0,591.4169676779397,8.227848101265822,290,307,25,0,282,295,53621,9,1,0,8,12
2020-06-12,US,Louisiana,St. Mary,348,33,0,29.69262097,-91.44702164,22101.0,705.1957526140877,9.482758620689657,315,346,33,0,313,342,49774,2,0,0,2,4
2020-06-12,US,Louisiana,St. Tammany,1906,167,0,30.40942847,-89.95642711,22103.0,731.8974421989178,8.761804826862539,1739,1885,167,0,1718,1872,258111,21,0,0,21,13
2020-06-12,US,Louisiana,Tangipahoa,1001,42,0,30.62888673,-90.40664996,22105.0,742.8130426393982,4.195804195804196,959,984,42,0,942,973,133777,17,0,0,17,11
2020-06-12,US,Louisiana,Tensas,21,0,0,32.00760749,-91.32915234,22107.0,484.5408398707891,0.0,21,21,0,0,21,21,4462,0,0,0,0,0
2020-06-12,US,Louisiana,Terrebonne,780,57,0,29.37343766,-90.82626855,22109.0,706.1315758503001,7.3076923076923075,723,771,56,0,715,761,111021,9,1,0,8,10
2020-06-12,US,Louisiana,Unassigned,240,113,0,0.0,0.0,90022.0,0.0,47.08333333333334,127,214,113,0,101,214,,26,0,0,26,0
2020-06-12,US,Louisiana,Union,385,20,0,32.83121059,-92.3749373,22111.0,1741.4510584403836,5.194805194805196,365,383,20,0,363,375,22330,2,0,0,2,8
2020-06-12,US,Louisiana,Vermilion,69,4,0,29.83517605,-92.30292538,22113.0,115.94495135353128,5.797101449275362,65,65,4,0,61,62,59830,4,0,0,4,3
2020-06-12,US,Louisiana,Vernon,43,3,0,31.10884837,-93.18153838,22115.0,90.66183136899366,6.9767441860465125,40,39,3,0,36,39,48860,4,0,0,4,0
2020-06-12,US,Louisiana,Washington,520,43,0,30.85288548,-90.03866652,22117.0,1125.6873186993982,8.26923076923077,477,509,43,0,466,500,46582,11,0,0,11,9
2020-06-12,US,Louisiana,Webster,206,8,0,32.70847669,-93.33121835,22119.0,537.2978612415233,3.8834951456310685,198,204,8,0,196,203,38798,2,0,0,2,1
2020-06-12,US,Louisiana,West Baton Rouge,200,31,0,30.46058217,-91.30989571,22121.0,755.7150954090307,15.5,169,197,31,0,166,195,26427,3,0,0,3,2
2020-06-12,US,Louisiana,West Carroll,99,1,0,32.78550125,-91.461201,22123.0,914.1274238227147,1.0101010101010102,98,99,1,0,98,99,10982,0,0,0,0,0
2020-06-12,US,Louisiana,West Feliciana,226,13,0,30.87882871,-91.41485379999999,22125.0,1451.6957862281604,5.7522123893805315,213,225,13,0,212,225,15460,1,0,0,1,0
2020-06-12,US,Louisiana,Winn,197,3,0,31.94449367,-92.63789413,22127.0,1416.8584579976985,1.5228426395939083,194,195,3,0,192,194,14134,2,0,0,2,1
2020-06-12,US,Maine,Androscoggin,415,3,0,44.1664747,-70.20380627,23001.0,383.2762267148148,0.7228915662650602,412,397,3,0,394,390,107679,18,0,0,18,7
2020-06-12,US,Maine,Aroostook,10,1,0,46.65926321,-68.59841248,23003.0,14.913131011855938,10.0,9,10,1,0,9,10,67111,0,0,0,0,0
2020-06-12,US,Maine,Cumberland,1388,57,0,43.8370751,-70.37226999,23005.0,470.50368979298514,4.106628242074929,1331,1361,57,0,1304,1339,293557,27,0,0,27,22
2020-06-12,US,Maine,Franklin,37,1,0,44.97330019,-70.44381045,23007.0,122.52061326533993,2.702702702702702,36,36,1,0,35,36,29897,1,0,0,1,0
2020-06-12,US,Maine,Hancock,13,1,0,44.59816444,-68.38401854,23009.0,23.64195173404623,7.6923076923076925,12,12,1,0,11,12,54811,1,0,0,1,0
2020-06-12,US,Maine,Kennebec,134,9,0,44.40759555,-69.76738544,23011.0,109.5648476721558,6.7164179104477615,125,133,9,0,124,132,122083,1,0,0,1,1
2020-06-12,US,Maine,Knox,21,1,0,44.11486325,-69.10529169,23013.0,52.800965503369206,4.761904761904762,20,21,1,0,20,21,39771,0,0,0,0,0
2020-06-12,US,Maine,Lincoln,21,0,0,44.05996956,-69.54227124,23015.0,60.63405901715078,0.0,21,20,0,0,20,20,34342,1,0,0,1,0
2020-06-12,US,Maine,Oxford,31,0,0,44.49952995,-70.75682123,23017.0,53.47132384648555,0.0,31,31,0,0,31,31,57618,0,0,0,0,0
2020-06-12,US,Maine,Penobscot,102,2,0,45.40194593,-68.65020455,23019.0,67.03998738070824,1.96078431372549,100,101,2,0,99,101,151096,1,0,0,1,0
2020-06-12,US,Maine,Piscataquis,1,0,0,45.83839062,-69.2860223,23021.0,5.957700327673518,0.0,1,1,0,0,1,1,16800,0,0,0,0,0
2020-06-12,US,Maine,Sagadahoc,30,0,0,43.95415864,-69.85074999,23023.0,83.66800535475234,0.0,30,30,0,0,30,30,35634,0,0,0,0,0
2020-06-12,US,Maine,Somerset,25,0,0,45.51229767,-69.95995554,23025.0,49.52064020283654,0.0,25,25,0,0,25,25,50592,0,0,0,0,0
2020-06-12,US,Maine,Unassigned,4,0,0,0.0,0.0,90023.0,0.0,0.0,4,2,0,0,2,2,,2,0,0,2,0
2020-06-12,US,Maine,Waldo,55,14,0,44.4858305,-69.12061935,23027.0,138.48671786478658,25.45454545454545,41,55,14,0,41,54,39694,0,0,0,0,1
2020-06-12,US,Maine,Washington,1,0,0,45.01607142,-67.62813524,23029.0,3.1868447050575224,0.0,1,1,0,0,1,1,31490,0,0,0,0,0
2020-06-12,US,Maine,York,433,11,0,43.47808377,-70.71052375,23031.0,208.53299685514904,2.540415704387991,422,431,11,0,420,432,206229,2,0,0,2,-1
2020-06-12,US,Maryland,Allegany,187,17,0,39.62357628,-78.69280486,24001.0,265.5646443990002,9.090909090909092,170,185,17,0,168,185,70975,2,0,0,2,0
2020-06-12,US,Maryland,Anne Arundel,4453,192,0,39.00670238,-76.60329337,24003.0,768.7739324694337,4.3116999775432285,4261,4421,191,0,4230,4348,576031,32,1,0,31,73
2020-06-12,US,Maryland,Baltimore,7051,410,0,39.45784712,-76.62911955,24005.0,852.2184754100342,5.814778045667281,6641,6985,406,0,6579,6916,828431,66,4,0,62,69
2020-06-12,US,Maryland,Baltimore City,6559,294,0,39.30211911,-76.61151012,24510.0,1105.1576269187346,4.4823906083244385,6265,6509,292,0,6217,6428,621342,50,2,0,48,81
2020-06-12,US,Maryland,Calvert,370,21,0,38.53961642,-76.56820632,24009.0,399.8919211024048,5.6756756756756745,349,366,21,0,345,363,92003,4,0,0,4,3
2020-06-12,US,Maryland,Caroline,279,2,0,38.87172293,-75.82904158,24011.0,835.1793091061487,0.7168458781362007,277,278,2,0,276,276,33304,1,0,0,1,2
2020-06-12,US,Maryland,Carroll,977,103,0,39.56453592,-77.02373735,24013.0,580.0043930731922,10.542476970317297,874,976,103,0,873,969,168429,1,0,0,1,7
2020-06-12,US,Maryland,Cecil,435,28,0,39.56647682,-75.94627411,24015.0,422.92547761411697,6.436781609195402,407,429,27,0,402,423,102826,6,1,0,5,6
2020-06-12,US,Maryland,Charles,1248,82,0,38.51092331,-76.98580666,24017.0,764.4388908285711,6.57051282051282,1166,1235,83,0,1152,1231,161503,13,-1,0,14,4
2020-06-12,US,Maryland,Dorchester,160,4,0,38.45413522,-76.02752426,24019.0,501.1118418992138,2.5,156,159,4,0,155,157,31998,1,0,0,1,2
2020-06-12,US,Maryland,Frederick,2225,114,0,39.47296601,-77.39999394,24021.0,857.2628464208793,5.1235955056179785,2111,2202,112,0,2090,2178,255648,23,2,0,21,24
2020-06-12,US,Maryland,Garrett,10,0,0,39.52786077,-79.27355126,24023.0,34.46611980423244,0.0,10,10,0,0,10,10,29163,0,0,0,0,0
2020-06-12,US,Maryland,Harford,991,58,0,39.55010644,-76.30775940000002,24025.0,387.9565144201597,5.852674066599394,933,990,57,0,933,982,253956,1,1,0,0,8
2020-06-12,US,Maryland,Howard,2332,73,0,39.25305293,-76.93126208,24027.0,716.0182996100586,3.130360205831904,2259,2311,73,0,2238,2220,323196,21,0,0,21,91
2020-06-12,US,Maryland,Kent,189,22,0,39.24976208,-76.04741541,24029.0,973.1232622798888,11.640211640211643,167,188,21,0,167,189,19383,1,1,0,0,-1
2020-06-12,US,Maryland,Montgomery,13348,679,0,39.13676329,-77.20358245,24031.0,1270.4056770420905,5.08690440515433,12669,13276,674,0,12602,13124,1052567,72,5,0,67,152
2020-06-12,US,Maryland,Prince George's,17042,631,0,38.83070039,-76.8496441,24033.0,1874.133287585214,3.7026170637249143,16411,16940,620,0,16320,16753,909308,102,11,0,91,187
2020-06-12,US,Maryland,Queen Anne's,179,12,0,39.06198912,-76.03530977,24035.0,355.2926698556996,6.70391061452514,167,178,12,0,166,178,50251,1,0,0,1,0
2020-06-12,US,Maryland,Somerset,78,3,0,38.1163542,-75.75118623,24039.0,304.49718925671453,3.8461538461538463,75,78,3,0,75,77,25675,0,0,0,0,1
2020-06-12,US,Maryland,St. Mary's,575,40,0,38.30058422,-76.60629279999998,24037.0,506.5632983878072,6.956521739130435,535,573,36,0,537,565,112664,2,4,0,-2,8
2020-06-12,US,Maryland,Talbot,107,4,0,38.76618159,-76.10882561,24041.0,287.78139372260017,3.7383177570093458,103,107,4,0,103,108,36968,0,0,0,0,-1
2020-06-12,US,Maryland,Unassigned,0,40,0,0.0,0.0,90024.0,0.0,0.0,-40,0,48,0,-48,0,,0,-8,0,8,0
2020-06-12,US,Maryland,Washington,568,21,0,39.60835778,-77.82002295,24043.0,376.03691517322187,3.6971830985915495,547,560,20,0,540,551,150926,8,1,0,7,9
2020-06-12,US,Maryland,Wicomico,1004,34,0,38.37301947,-75.62705831,24045.0,969.0277871613471,3.3864541832669324,970,998,33,0,965,992,103195,6,1,0,5,6
2020-06-12,US,Maryland,Worcester,246,16,0,38.21274277,-75.33200012,24047.0,470.579233300176,6.5040650406504055,230,243,16,0,227,242,51823,3,0,0,3,1
2020-06-12,US,Massachusetts,Barnstable,1479,127,0,41.72980578,-70.28854339,25001.0,694.3987980656369,8.586883029073697,1352,1474,127,0,1347,1467,213413,5,0,0,5,7
2020-06-12,US,Massachusetts,Berkshire,575,42,0,42.37428441,-73.20524838,25003.0,460.20617236521963,7.304347826086956,533,575,41,0,534,574,126348,0,1,0,-1,1
2020-06-12,US,Massachusetts,Bristol,7872,496,0,41.79228404,-71.10872211,25005.0,1392.739425742679,6.30081300813008,7376,7793,492,0,7301,7754,564022,79,4,0,75,39
2020-06-12,US,Massachusetts,Dukes and Nantucket,55,1,0,41.40674725,-70.68763497,0.0,191.4308586544151,1.818181818181818,54,55,1,0,54,55,26707,0,0,0,0,0
2020-06-12,US,Massachusetts,Essex,15518,1035,0,42.6687626,-70.94687179,25009.0,1966.7086589424537,6.6696739270524565,14483,15465,1031,0,14434,15365,790638,53,4,0,49,100
2020-06-12,US,Massachusetts,Franklin,348,50,0,42.58119713,-72.58602547,25011.0,495.8677685950413,14.367816091954026,298,348,49,0,299,344,70963,0,1,0,-1,4
2020-06-12,US,Massachusetts,Hampden,6431,632,0,42.13440424,-72.63235561,25013.0,1378.9421320319402,9.827398538329962,5799,6415,633,0,5782,6395,470406,16,-1,0,17,20
2020-06-12,US,Massachusetts,Hampshire,918,103,0,42.33997957,-72.65898478,25015.0,570.7890318970342,11.22004357298475,815,913,100,0,813,905,161355,5,3,0,2,8
2020-06-12,US,Massachusetts,Middlesex,23075,1744,0,42.48607732,-71.39049229,25017.0,1431.7189500024508,7.557963163596966,21331,22996,1733,0,21263,22889,1614714,79,11,0,68,107
2020-06-12,US,Massachusetts,Norfolk,8842,882,0,42.16073095,-71.20530408,25021.0,1251.034629125252,9.975118751413707,7960,8809,876,0,7933,8774,705388,33,6,0,27,35
2020-06-12,US,Massachusetts,Plymouth,8462,619,0,41.94070556,-70.80802823,25023.0,1623.5547829824136,7.315055542424957,7843,8440,612,0,7828,8418,518132,22,7,0,15,22
2020-06-12,US,Massachusetts,Suffolk,19249,941,0,42.327951399999996,-71.07850442,25025.0,2394.431196643393,4.888565639773495,18308,19195,938,0,18257,19099,807252,54,3,0,51,96
2020-06-12,US,Massachusetts,Unassigned,298,10,0,0.0,0.0,90025.0,0.0,3.355704697986577,288,304,10,0,294,297,,-6,0,0,-6,7
2020-06-12,US,Massachusetts,Worcester,11937,856,0,42.35026951,-71.90493363,25027.0,1437.1157999667719,7.170980983496691,11081,11885,849,0,11036,11820,830839,52,7,0,45,65
2020-06-12,US,Michigan,Alcona,20,1,0,44.6846864,-83.59507875,26001.0,192.21528111484864,5.0,19,20,1,0,19,20,10362,0,0,0,0,0
2020-06-12,US,Michigan,Alger,1,0,0,46.41292944,-86.60260122,26003.0,10.97935880544576,0.0,1,1,0,0,1,1,9097,0,0,0,0,0
2020-06-12,US,Michigan,Allegan,280,6,0,42.59147037,-85.89102866,26005.0,237.12536309821223,2.142857142857143,274,277,6,0,271,274,117327,3,0,0,3,3
2020-06-12,US,Michigan,Alpena,113,12,0,45.03477666,-83.62212411,26007.0,397.81728568913917,10.619469026548671,101,114,11,0,103,112,28360,-1,1,0,-2,2
2020-06-12,US,Michigan,Antrim,14,0,0,44.99690221,-85.15503082,26009.0,60.02400960384154,0.0,14,14,0,0,14,14,23365,0,0,0,0,0
2020-06-12,US,Michigan,Arenac,38,1,0,44.0636262,-83.89277559,26011.0,255.32486729825973,2.631578947368421,37,38,1,0,37,38,15041,0,0,0,0,0
2020-06-12,US,Michigan,Baraga,1,0,0,46.6720582,-88.36363591,26013.0,12.181751735899622,0.0,1,1,0,0,1,1,8320,0,0,0,0,0
2020-06-12,US,Michigan,Barry,91,2,0,42.59513984,-85.30834519,26015.0,147.84727863525592,2.1978021978021984,89,90,2,0,88,89,61157,1,0,0,1,1
2020-06-12,US,Michigan,Bay,381,28,0,43.70639106,-83.98731479,26017.0,369.45096289975373,7.349081364829396,353,385,28,0,357,372,103923,-4,0,0,-4,13
2020-06-12,US,Michigan,Benzie,5,0,0,44.63899297,-86.01608482,26019.0,28.14364516492176,0.0,5,5,0,0,5,5,17753,0,0,0,0,0
2020-06-12,US,Michigan,Berrien,816,57,0,41.95447397,-86.41313079999998,26021.0,531.9391659767539,6.985294117647059,759,816,57,0,759,808,154141,0,0,0,0,8
2020-06-12,US,Michigan,Branch,161,2,0,41.91600556,-85.05929476,26023.0,369.9703564124365,1.2422360248447204,159,160,2,0,158,155,43622,1,0,0,1,5
2020-06-12,US,Michigan,Calhoun,481,26,0,42.24633834,-85.00493569,26025.0,358.5298041875685,5.405405405405406,455,477,26,0,451,475,134487,4,0,0,4,2
2020-06-12,US,Michigan,Cass,114,4,0,41.91522292,-85.99405727,26027.0,220.13246567671425,3.5087719298245608,110,112,4,0,108,110,51653,2,0,0,2,2
2020-06-12,US,Michigan,Charlevoix,20,2,0,45.37790017,-85.19614053,26029.0,76.5023141950044,10.0,18,19,1,0,18,19,26244,1,1,0,0,0
2020-06-12,US,Michigan,Cheboygan,26,1,0,45.44787015,-84.50122149,26031.0,102.86437727488527,3.8461538461538463,25,26,1,0,25,26,25413,0,0,0,0,0
2020-06-12,US,Michigan,Chippewa,3,0,0,46.29552653,-84.54353449,26033.0,8.032343570108972,0.0,3,3,0,0,3,3,37517,0,0,0,0,0
2020-06-12,US,Michigan,Clare,24,2,0,43.98794227,-84.84819859999998,26035.0,77.5444264943457,8.333333333333334,22,24,2,0,22,24,30757,0,0,0,0,0
2020-06-12,US,Michigan,Clinton,188,11,0,42.94400871,-84.60145248,26037.0,236.19574093850122,5.851063829787233,177,188,11,0,177,187,79332,0,0,0,0,1
2020-06-12,US,Michigan,Crawford,63,5,0,44.68255561,-84.61006219,26039.0,449.0697840188182,7.936507936507938,58,63,5,0,58,63,13901,0,0,0,0,0
2020-06-12,US,Michigan,Delta,21,2,0,45.90484910000001,-86.9080745,26041.0,58.685446009389665,9.523809523809524,19,20,2,0,18,20,35857,1,0,0,1,0
2020-06-12,US,Michigan,Dickinson,7,2,0,46.00999672,-87.86961634,26043.0,27.734854788224567,28.57142857142857,5,6,2,0,4,6,25383,1,0,0,1,0
2020-06-12,US,Michigan,Eaton,256,7,0,42.59599185,-84.83740035,26045.0,232.16164254362099,2.734375,249,255,7,0,248,255,109826,1,0,0,1,0
2020-06-12,US,Michigan,Emmet,26,2,0,45.52625509,-84.89083249,26047.0,77.80936705072574,7.6923076923076925,24,26,2,0,24,26,33308,0,0,0,0,0
2020-06-12,US,Michigan,Federal Correctional Institution (FCI),163,5,0,0.0,0.0,0.0,0.0,3.0674846625766867,158,161,5,0,156,159,,2,0,0,2,2
2020-06-12,US,Michigan,Genesee,2566,281,0,43.02244215,-83.70589709,26049.0,632.3109412463376,10.950896336710834,2285,2564,283,0,2281,2558,406892,2,-2,0,4,6
2020-06-12,US,Michigan,Gladwin,20,1,0,43.98901072,-84.38774817,26051.0,78.58854964831625,5.0,19,20,1,0,19,20,25337,0,0,0,0,0
2020-06-12,US,Michigan,Gogebic,5,1,0,46.40862701,-89.69377193,26053.0,35.77817531305904,20.0,4,5,1,0,4,5,15096,0,0,0,0,0
2020-06-12,US,Michigan,Grand Traverse,36,5,0,44.69565625,-85.55585247,26055.0,38.673083533860435,13.888888888888891,31,35,5,0,30,35,92573,1,0,0,1,0
2020-06-12,US,Michigan,Gratiot,88,12,0,43.29265605,-84.60505416,26057.0,216.15779519048905,13.636363636363635,76,89,11,0,78,88,40599,-1,1,0,-2,1
2020-06-12,US,Michigan,Hillsdale,179,25,0,41.88753639,-84.59312019,26059.0,392.50082227825897,13.966480446927376,154,179,25,0,154,179,45749,0,0,0,0,0
2020-06-12,US,Michigan,Houghton,8,0,0,46.89988536,-88.68495385,26061.0,22.419011321600717,0.0,8,8,0,0,8,8,36219,0,0,0,0,0
2020-06-12,US,Michigan,Huron,60,1,0,43.83353985,-83.04078453,26063.0,193.66708627868687,1.6666666666666667,59,60,1,0,59,60,31166,0,0,0,0,0
2020-06-12,US,Michigan,Ingham,815,29,0,42.59716886,-84.37472069,26065.0,278.7220508471098,3.5582822085889574,786,832,29,0,803,810,292735,-17,0,0,-17,22
2020-06-12,US,Michigan,Ionia,179,4,0,42.94502238,-85.07413319,26067.0,276.67434347805926,2.23463687150838,175,177,4,0,173,176,64210,2,0,0,2,1
2020-06-12,US,Michigan,Iosco,111,10,0,44.35486835,-83.63484895,26069.0,441.7558801289449,9.00900900900901,101,110,10,0,100,110,25081,1,0,0,1,0
2020-06-12,US,Michigan,Iron,2,0,0,46.20974132,-88.53136251,26071.0,18.073377914332188,0.0,2,2,0,0,2,2,11117,0,0,0,0,0
2020-06-12,US,Michigan,Isabella,95,7,0,43.64060976,-84.84664923,26073.0,135.9629035951454,7.36842105263158,88,95,7,0,88,95,70562,0,0,0,0,0
2020-06-12,US,Michigan,Jackson,484,30,0,42.24807035,-84.42258681,26075.0,305.3435114503817,6.198347107438017,454,488,30,0,458,484,158823,-4,0,0,-4,4
2020-06-12,US,Michigan,Kalamazoo,949,63,0,42.24542231,-85.53038622,26077.0,358.0240392958735,6.638566912539514,886,943,63,0,880,940,264870,6,0,0,6,3
2020-06-12,US,Michigan,Kalkaska,30,2,0,44.68512729,-85.09085699,26079.0,166.3155560483424,6.666666666666668,28,30,2,0,28,30,17824,0,0,0,0,0
2020-06-12,US,Michigan,Kent,4420,114,0,43.03197711,-85.54934642,26081.0,672.8010289898091,2.5791855203619907,4306,4291,112,0,4179,4261,653786,129,2,0,127,30
2020-06-12,US,Michigan,Keweenaw,1,0,0,47.63197653,-88.41434263,26083.0,47.25897920604915,0.0,1,1,0,0,1,1,2113,0,0,0,0,0
2020-06-12,US,Michigan,Lake,7,0,0,43.99050893,-85.802173,26085.0,59.05677887454653,0.0,7,7,0,0,7,7,11881,0,0,0,0,0
2020-06-12,US,Michigan,Lapeer,226,31,0,43.09052506,-83.22153148,26087.0,257.97025351855444,13.716814159292035,195,226,31,0,195,225,88028,0,0,0,0,1
2020-06-12,US,Michigan,Leelanau,12,0,0,44.94430054,-85.80150326,26089.0,55.144524608244105,0.0,12,12,0,0,12,12,21764,0,0,0,0,0
2020-06-12,US,Michigan,Lenawee,195,6,0,41.89475156,-84.06603727,26091.0,198.068074473596,3.0769230769230766,189,193,6,0,187,191,98266,2,0,0,2,2
2020-06-12,US,Michigan,Livingston,520,28,0,42.60302282,-83.91297209,26093.0,270.84038646839764,5.384615384615384,492,520,28,0,492,519,191224,0,0,0,0,1
2020-06-12,US,Michigan,Luce,3,0,0,46.47227431,-85.54471223,26095.0,48.16182372772515,0.0,3,3,0,0,3,3,6283,0,0,0,0,0
2020-06-12,US,Michigan,Mackinac,8,0,0,46.07028979,-85.04980537,26097.0,74.0809334197611,0.0,8,8,0,0,8,8,10787,0,0,0,0,0
2020-06-12,US,Michigan,Macomb,7016,881,0,42.69158356,-82.92752801,26099.0,802.7717135102727,12.55701254275941,6135,7006,879,0,6127,7000,874759,10,2,0,8,6
2020-06-12,US,Michigan,Manistee,12,1,0,44.33352407,-86.05626916,26101.0,48.863913999511354,8.333333333333334,11,12,1,0,11,12,24528,0,0,0,0,0
2020-06-12,US,Michigan,Marquette,59,11,0,46.4338914,-87.64043701,26103.0,88.45709830732096,18.644067796610173,48,59,11,0,48,59,66516,0,0,0,0,0
2020-06-12,US,Michigan,Mason,38,0,0,43.99509218,-86.24988902,26105.0,130.38704364534723,0.0,38,38,0,0,38,38,29100,0,0,0,0,0
2020-06-12,US,Michigan,Mecosta,24,2,0,43.64064262,-85.32463223,26107.0,55.23208984419948,8.333333333333334,22,24,2,0,22,24,43545,0,0,0,0,0
2020-06-12,US,Michigan,Menominee,9,0,0,45.58038692,-87.55370409,26109.0,39.50834064969271,0.0,9,9,0,0,9,9,22983,0,0,0,0,0
2020-06-12,US,Michigan,Michigan Department of Corrections (MDOC),4154,70,0,0.0,0.0,0.0,0.0,1.6851227732306209,4084,4144,70,0,4074,4129,,10,0,0,10,15
2020-06-12,US,Michigan,Midland,145,9,0,43.64330771,-84.38804374,26111.0,174.37106161912553,6.206896551724138,136,140,9,0,131,138,83209,5,0,0,5,2
2020-06-12,US,Michigan,Missaukee,23,1,0,44.33772443,-85.09256478,26113.0,152.13652599550204,4.3478260869565215,22,23,1,0,22,23,15113,0,0,0,0,0
2020-06-12,US,Michigan,Monroe,562,21,0,41.92734151,-83.53749864,26115.0,373.421926910299,3.736654804270463,541,561,21,0,540,560,150439,1,0,0,1,1
2020-06-12,US,Michigan,Montcalm,80,1,0,43.31082541,-85.15252824,26117.0,125.21913348359631,1.25,79,81,1,0,80,81,63968,-1,0,0,-1,0
2020-06-12,US,Michigan,Montmorency,5,0,0,45.0275929,-84.12696227,26119.0,53.60205831903945,0.0,5,5,0,0,5,5,9265,0,0,0,0,0
2020-06-12,US,Michigan,Muskegon,733,40,0,43.29123859,-86.15176712,26121.0,422.3177350402729,5.457025920873124,693,730,40,0,690,726,173588,3,0,0,3,4
2020-06-12,US,Michigan,Newaygo,125,0,0,43.554373999999996,-85.80070107,26123.0,255.20620661494488,0.0,125,125,0,0,125,125,48892,0,0,0,0,0
2020-06-12,US,Michigan,Oakland,11286,1062,0,42.66090111,-83.38595416,26125.0,897.4350818712708,9.409888357256778,10224,11283,1061,0,10222,11262,1259201,3,1,0,2,21
2020-06-12,US,Michigan,Oceana,105,3,0,43.64124435,-86.26726673,26127.0,396.7204443268977,2.8571428571428568,102,103,3,0,100,103,26625,2,0,0,2,0
2020-06-12,US,Michigan,Ogemaw,32,2,0,44.33481032,-84.12725175,26129.0,152.40272419869504,6.25,30,31,2,0,29,31,20952,1,0,0,1,0
2020-06-12,US,Michigan,Osceola,18,0,0,43.98992088,-85.32566756,26133.0,76.72634271099744,0.0,18,18,0,0,18,18,23341,0,0,0,0,0
2020-06-12,US,Michigan,Oscoda,8,1,0,44.68192279,-84.12939244,26135.0,97.07559762164786,12.5,7,8,1,0,7,8,8276,0,0,0,0,0
2020-06-12,US,Michigan,Otsego,120,10,0,45.02085831,-84.59898295,26137.0,486.4601913410085,8.333333333333334,110,120,10,0,110,120,24665,0,0,0,0,0
2020-06-12,US,Michigan,Ottawa,922,49,0,42.95996803,-85.9969107,26139.0,315.93736079224203,5.314533622559654,873,908,49,0,859,900,290494,14,0,0,14,8
2020-06-12,US,Michigan,Out of MI,36,0,0,0.0,0.0,80026.0,0.0,0.0,36,30,0,0,30,23,,6,0,0,6,7
2020-06-12,US,Michigan,Presque Isle,12,0,0,45.34018577,-83.91498656,26141.0,95.29860228716646,0.0,12,12,0,0,12,11,12738,0,0,0,0,1
2020-06-12,US,Michigan,Roscommon,25,0,0,44.33473082,-84.61067651,26143.0,104.08426662225736,0.0,25,24,0,0,24,24,23884,1,0,0,1,0
2020-06-12,US,Michigan,Saginaw,1147,117,0,43.33433923,-84.05131209999998,26145.0,601.9764982497022,10.20052310374891,1030,1148,117,0,1031,1138,190800,-1,0,0,-1,10
2020-06-12,US,Michigan,Sanilac,43,6,0,43.42406072,-82.82055898,26151.0,104.44498421180471,13.953488372093025,37,42,6,0,36,42,41182,1,0,0,1,0
2020-06-12,US,Michigan,Schoolcraft,4,0,0,46.19235734,-86.19972234,26153.0,49.419322955275504,0.0,4,4,0,0,4,4,8068,0,0,0,0,0
2020-06-12,US,Michigan,Shiawassee,264,27,0,42.95392800000001,-84.14585902,26155.0,387.5400017615455,10.227272727272727,237,263,27,0,236,262,68192,1,0,0,1,1
2020-06-12,US,Michigan,St. Clair,513,45,0,42.92655373,-82.67937954,26147.0,322.3819818008145,8.771929824561402,468,514,45,0,469,514,159337,-1,0,0,-1,0
2020-06-12,US,Michigan,St. Joseph,171,3,0,41.91441767,-85.52797979,26149.0,280.4934059444918,1.7543859649122806,168,166,3,0,163,160,61043,5,0,0,5,6
2020-06-12,US,Michigan,Tuscola,208,25,0,43.46606813,-83.41897025,26157.0,398.12422241362816,12.019230769230768,183,207,25,0,182,206,52516,1,0,0,1,1
2020-06-12,US,Michigan,Unassigned,6,0,0,0.0,0.0,90026.0,0.0,0.0,6,5,0,0,5,8,,1,0,0,1,-3
2020-06-12,US,Michigan,Van Buren,200,7,0,42.25190229,-86.01939087,26159.0,264.2810893666504,3.5,193,195,8,0,187,195,75448,5,-1,0,6,0
2020-06-12,US,Michigan,Washtenaw,1560,101,0,42.253105,-83.83853204,26161.0,424.37316547017014,6.474358974358975,1459,1569,101,0,1468,1551,370963,-9,0,0,-9,18
2020-06-12,US,Michigan,Wayne,21660,2664,0,42.28098405,-83.281255,26163.0,1238.1791335375626,12.299168975069252,18996,21629,2664,0,18965,21570,1753893,31,0,0,31,59
2020-06-12,US,Michigan,Wexford,15,3,0,44.33853602,-85.57712739,26165.0,44.6017067586453,20.0,12,14,3,0,11,14,33466,1,0,0,1,0
2020-06-12,US,Minnesota,Aitkin,13,0,0,46.60962049,-93.41168259999999,27001.0,81.83306055646482,0.0,13,13,0,0,13,13,15902,0,0,0,0,0
2020-06-12,US,Minnesota,Anoka,1691,88,0,45.27476015,-93.24604565,27003.0,473.77430860050265,5.2040212891780016,1603,1674,88,0,1586,1654,353813,17,0,0,17,20
2020-06-12,US,Minnesota,Becker,47,0,0,46.93479392,-95.67158144,27005.0,136.53661795892282,0.0,47,45,0,0,45,45,34371,2,0,0,2,0
2020-06-12,US,Minnesota,Beltrami,21,0,0,47.97373527,-94.93732139,27007.0,44.50283970500975,0.0,21,21,0,0,21,21,46847,0,0,0,0,0
2020-06-12,US,Minnesota,Benton,190,3,0,45.69804958,-93.99514135,27009.0,464.6726503460589,1.5789473684210529,187,190,3,0,187,190,40545,0,0,0,0,0
2020-06-12,US,Minnesota,Big Stone,12,0,0,45.42712824,-96.41403739,27011.0,240.43277900220403,0.0,12,13,0,0,13,13,4989,-1,0,0,-1,0
2020-06-12,US,Minnesota,Blue Earth,159,1,0,44.03554215,-94.06699781,27013.0,235.02283712473945,0.6289308176100629,158,157,1,0,156,154,67427,2,0,0,2,3
2020-06-12,US,Minnesota,Brown,18,2,0,44.24205652,-94.72562874,27015.0,71.97696737044146,11.111111111111109,16,18,2,0,16,17,25111,0,0,0,0,1
2020-06-12,US,Minnesota,Carlton,80,0,0,46.59180601,-92.67601019,27017.0,223.02138217501602,0.0,80,79,0,0,79,78,35837,1,0,0,1,1
2020-06-12,US,Minnesota,Carver,268,2,0,44.82017001,-93.80099179999999,27019.0,255.0219337894546,0.746268656716418,266,266,2,0,264,261,103551,2,0,0,2,5
2020-06-12,US,Minnesota,Cass,11,2,0,46.95043611,-94.32603968,27021.0,36.93878236341045,18.181818181818183,9,11,2,0,9,11,29519,0,0,0,0,0
2020-06-12,US,Minnesota,Chippewa,55,1,0,45.02343421,-95.56403693,27023.0,466.1016949152543,1.818181818181818,54,54,1,0,53,54,11924,1,0,0,1,0
2020-06-12,US,Minnesota,Chisago,77,1,0,45.5021011,-92.90861945,27025.0,136.09289665777055,1.2987012987012987,76,74,1,0,73,73,55922,3,0,0,3,1
2020-06-12,US,Minnesota,Clay,503,36,0,46.89289518,-96.48761922,27027.0,783.2207031858243,7.1570576540755475,467,499,31,0,468,490,63955,4,5,0,-1,9
2020-06-12,US,Minnesota,Clearwater,3,0,0,47.57992111,-95.37790562,27029.0,34.02132002721706,0.0,3,3,0,0,3,3,8810,0,0,0,0,0
2020-06-12,US,Minnesota,Cottonwood,101,0,0,44.00715262,-95.18138802,27033.0,902.1078956770276,0.0,101,96,0,0,96,94,11277,5,0,0,5,2
2020-06-12,US,Minnesota,Crow Wing,88,9,0,46.48096553,-94.06755609,27035.0,135.2701560218277,10.227272727272727,79,88,9,0,79,87,64889,0,0,0,0,1
2020-06-12,US,Minnesota,Dakota,1648,72,0,44.67172617,-93.06299363,27037.0,384.13038056412165,4.368932038834951,1576,1623,72,0,1551,1572,425423,25,0,0,25,51
2020-06-12,US,Minnesota,Dodge,58,0,0,44.02238415,-92.86244324,27039.0,277.06124008789527,0.0,58,57,0,0,57,55,20822,1,0,0,1,2
2020-06-12,US,Minnesota,Douglas,49,0,0,45.93348491,-95.45335469,27041.0,128.47067460213418,0.0,49,48,0,0,48,48,37964,1,0,0,1,0
2020-06-12,US,Minnesota,Faribault,25,0,0,43.67381499,-93.94787458,27043.0,183.1099392075002,0.0,25,25,0,0,25,25,13758,0,0,0,0,0
2020-06-12,US,Minnesota,Fillmore,20,1,0,43.67394126,-92.08980382,27045.0,94.93520672141264,5.0,19,20,1,0,19,20,21058,0,0,0,0,0
2020-06-12,US,Minnesota,Freeborn,217,0,0,43.67385583,-93.34884422,27047.0,716.6209834549718,0.0,217,200,0,0,200,197,30444,17,0,0,17,3
2020-06-12,US,Minnesota,Goodhue,92,7,0,44.40849741,-92.72341949999999,27049.0,198.53258523953392,7.608695652173912,85,86,7,0,79,86,46403,6,0,0,6,0
2020-06-12,US,Minnesota,Grant,6,0,0,45.93424769,-96.01139609,27051.0,100.46885465505692,0.0,6,6,0,0,6,6,6021,0,0,0,0,0
2020-06-12,US,Minnesota,Hennepin,9934,708,0,45.00761521,-93.47694895,27053.0,784.7734671677292,7.127038453795048,9226,9815,700,0,9115,9674,1259428,119,8,0,111,141
2020-06-12,US,Minnesota,Houston,5,0,0,43.67129565,-91.49143057,27055.0,26.88172043010753,0.0,5,5,0,0,5,5,18578,0,0,0,0,0
2020-06-12,US,Minnesota,Hubbard,5,0,0,47.10778564,-94.91693868,27057.0,23.265553022195334,0.0,5,5,0,0,5,5,21332,0,0,0,0,0
2020-06-12,US,Minnesota,Isanti,48,0,0,45.56181234,-93.29487636,27059.0,118.23825007389893,0.0,48,48,0,0,48,44,39966,0,0,0,0,4
2020-06-12,US,Minnesota,Itasca,58,12,0,47.51009045,-93.63092229,27061.0,128.51761577664524,20.689655172413797,46,58,12,0,46,58,45108,0,0,0,0,0
2020-06-12,US,Minnesota,Jackson,43,0,0,43.67423373,-95.15398258,27063.0,436.7255738370912,0.0,43,43,0,0,43,43,9911,0,0,0,0,0
2020-06-12,US,Minnesota,Kanabec,13,1,0,45.9459309,-93.29275192,27065.0,79.57397318969211,7.6923076923076925,12,13,1,0,12,12,16207,0,0,0,0,1
2020-06-12,US,Minnesota,Kandiyohi,541,1,0,45.1526059,-95.00586446,27067.0,1252.3438042547282,0.18484288354898334,540,540,1,0,539,534,42855,1,0,0,1,6
2020-06-12,US,Minnesota,Kittson,1,0,0,48.77754106,-96.78317184,27069.0,23.266635644485806,0.0,1,1,0,0,1,1,4248,0,0,0,0,0
2020-06-12,US,Minnesota,Koochiching,9,0,0,48.24539665,-93.78352843,27071.0,73.59555155777251,0.0,9,9,0,0,9,9,12440,0,0,0,0,0
2020-06-12,US,Minnesota,Lac qui Parle,3,0,0,44.9973857,-96.17488219,27073.0,45.29669334138608,0.0,3,3,0,0,3,3,6658,0,0,0,0,0
2020-06-12,US,Minnesota,Lake,1,0,0,47.64270764,-91.44557998,27075.0,9.3976130062964,0.0,1,1,0,0,1,1,10658,0,0,0,0,0
2020-06-12,US,Minnesota,Le Sueur,51,1,0,44.37136597,-93.72844721,27079.0,176.55000519264718,1.96078431372549,50,50,1,0,49,50,28494,1,0,0,1,0
2020-06-12,US,Minnesota,Lincoln,6,0,0,44.41311883,-96.26688165,27081.0,106.40184429863451,0.0,6,6,0,0,6,6,5673,0,0,0,0,0
2020-06-12,US,Minnesota,Lyon,183,2,0,44.41327865,-95.83806103,27083.0,718.3795242207741,1.0928961748633879,181,174,2,0,172,158,25629,9,0,0,9,16
2020-06-12,US,Minnesota,Mahnomen,6,1,0,47.32557075,-95.80921485,27087.0,108.5579880586213,16.666666666666668,5,6,1,0,5,6,5519,0,0,0,0,0
2020-06-12,US,Minnesota,Marshall,12,0,0,48.35825983,-96.37017407,27089.0,128.53470437017995,0.0,12,12,0,0,12,12,9390,0,0,0,0,0
2020-06-12,US,Minnesota,Martin,143,5,0,43.67429718,-94.55099908,27091.0,726.5152669816594,3.4965034965034967,138,143,5,0,138,143,19785,0,0,0,0,0
2020-06-12,US,Minnesota,McLeod,52,0,0,44.82367677,-94.27287017,27085.0,144.87504527345166,0.0,52,52,0,0,52,46,35873,0,0,0,0,6
2020-06-12,US,Minnesota,Meeker,49,1,0,45.12328869,-94.52839455,27093.0,211.00680389286018,2.0408163265306123,48,50,1,0,49,47,23141,-1,0,0,-1,3
2020-06-12,US,Minnesota,Mille Lacs,26,1,0,45.93705297,-93.63236823,27095.0,98.9458461772653,3.8461538461538463,25,26,1,0,25,24,26139,0,0,0,0,2
2020-06-12,US,Minnesota,Morrison,54,1,0,46.01265363,-94.27341528,27097.0,161.74444377882946,1.851851851851852,53,53,1,0,52,52,33169,1,0,0,1,1
2020-06-12,US,Minnesota,Mower,638,2,0,43.67142874,-92.75234549,27099.0,1592.5315760571116,0.31347962382445144,636,604,2,0,602,574,40011,34,0,0,34,30
2020-06-12,US,Minnesota,Murray,42,0,0,44.02216709,-95.76328482,27101.0,512.5701732975348,0.0,42,42,0,0,42,41,8276,0,0,0,0,1
2020-06-12,US,Minnesota,Nicollet,95,11,0,44.35291112,-94.24710352,27103.0,277.1780358289082,11.578947368421053,84,93,11,0,82,93,34220,2,0,0,2,0
2020-06-12,US,Minnesota,Nobles,1607,6,0,43.67434621,-95.75329576,27105.0,7429.839567247675,0.37336652146857496,1601,1602,6,0,1596,1599,21924,5,0,0,5,3
2020-06-12,US,Minnesota,Norman,17,0,0,47.32628443,-96.45620947,27107.0,266.6666666666667,0.0,17,17,0,0,17,16,6475,0,0,0,0,1
2020-06-12,US,Minnesota,Olmsted,765,12,0,44.00374114,-92.40209944,27109.0,483.281004213705,1.568627450980392,753,752,12,0,740,740,156277,13,0,0,13,12
2020-06-12,US,Minnesota,Otter Tail,80,1,0,46.40846929,-95.70835255,27111.0,136.17948456065093,1.25,79,80,1,0,79,78,58812,0,0,0,0,2
2020-06-12,US,Minnesota,Pennington,50,0,0,48.06642577,-96.0370814,27113.0,354.1327289468092,0.0,50,37,0,0,37,37,14178,13,0,0,13,0
2020-06-12,US,Minnesota,Pine,95,0,0,46.12105238,-92.74070188,27115.0,321.1738057405592,0.0,95,95,0,0,95,94,29483,0,0,0,0,1
2020-06-12,US,Minnesota,Pipestone,15,0,0,44.02301619,-96.25841142,27117.0,164.3655489809336,0.0,15,15,0,0,15,14,9047,0,0,0,0,1
2020-06-12,US,Minnesota,Polk,67,2,0,47.77372465,-96.40134647,27119.0,213.62071164392296,2.985074626865672,65,67,2,0,65,67,31529,0,0,0,0,0
2020-06-12,US,Minnesota,Pope,10,0,0,45.58606667,-95.44451209,27121.0,88.8967908258512,0.0,10,10,0,0,10,10,11097,0,0,0,0,0
2020-06-12,US,Minnesota,Ramsey,3813,180,0,45.01625271,-93.09872295,27123.0,692.868344111891,4.720692368214005,3633,3740,169,0,3571,3680,550210,73,11,0,62,60
2020-06-12,US,Minnesota,Red Lake,4,0,0,47.87197525,-96.09561104,27125.0,98.64364981504316,0.0,4,4,0,0,4,4,3999,0,0,0,0,0
2020-06-12,US,Minnesota,Redwood,10,0,0,44.40555844,-95.25207021,27127.0,65.91957811470007,0.0,10,8,0,0,8,8,15249,2,0,0,2,0
2020-06-12,US,Minnesota,Renville,9,0,0,44.72836381,-94.94553734,27129.0,61.86417376959032,0.0,9,8,0,0,8,8,14612,1,0,0,1,0
2020-06-12,US,Minnesota,Rice,685,3,0,44.3543376,-93.29658715,27131.0,1022.8155049871588,0.4379562043795621,682,604,3,0,601,594,66523,81,0,0,81,10
2020-06-12,US,Minnesota,Rock,23,0,0,43.67482683,-96.25296832,27133.0,246.9135802469136,0.0,23,23,0,0,23,23,9414,0,0,0,0,0
2020-06-12,US,Minnesota,Roseau,6,0,0,48.77501878,-95.81079919,27135.0,39.564787339268044,0.0,6,6,0,0,6,5,15150,0,0,0,0,1
2020-06-12,US,Minnesota,Scott,525,4,0,44.6490231,-93.53340251,27139.0,352.31825411205733,0.7619047619047619,521,517,4,0,513,504,147381,8,0,0,8,13
2020-06-12,US,Minnesota,Sherburne,262,2,0,45.44447208,-93.77617511,27141.0,269.44198770028186,0.7633587786259542,260,261,2,0,259,260,96036,1,0,0,1,1
2020-06-12,US,Minnesota,Sibley,25,2,0,44.5796592,-94.23164924,27143.0,168.18028927009757,8.0,23,25,1,0,24,25,15028,0,1,0,-1,0
2020-06-12,US,Minnesota,St. Louis,123,14,0,47.604840700000004,-92.46879855,27137.0,61.78731099613202,11.382113821138212,109,123,14,0,109,119,199754,0,0,0,0,4
2020-06-12,US,Minnesota,Stearns,2096,17,0,45.55192576,-94.61078221,27145.0,1301.2571783330748,0.8110687022900763,2079,2088,17,0,2071,2081,159256,8,0,0,8,7
2020-06-12,US,Minnesota,Steele,175,0,0,44.02240351,-93.22627088,27147.0,477.5027968020955,0.0,175,173,0,0,173,173,36803,2,0,0,2,0
2020-06-12,US,Minnesota,Stevens,1,0,0,45.58613007,-96.00163705,27149.0,10.198878123406423,0.0,1,1,0,0,1,1,9753,0,0,0,0,0
2020-06-12,US,Minnesota,Swift,19,1,0,45.2829032,-95.68264092,27151.0,205.05072307360246,5.2631578947368425,18,19,1,0,18,19,9345,0,0,0,0,0
2020-06-12,US,Minnesota,Todd,371,2,0,46.06996226,-94.89785296,27153.0,1504.2166720726566,0.5390835579514824,369,368,2,0,366,364,24582,3,0,0,3,4
2020-06-12,US,Minnesota,Traverse,5,0,0,45.77298854,-96.47062949,27155.0,153.42129487572873,0.0,5,5,0,0,5,5,3308,0,0,0,0,0
2020-06-12,US,Minnesota,Unassigned,65,31,0,0.0,0.0,90027.0,0.0,47.69230769230769,34,83,31,0,52,82,,-18,0,0,-18,1
2020-06-12,US,Minnesota,Wabasha,21,0,0,44.28424356,-92.23121312,27157.0,97.10084616451658,0.0,21,20,0,0,20,20,21645,1,0,0,1,0
2020-06-12,US,Minnesota,Wadena,10,0,0,46.58589171,-94.96968506,27159.0,73.0887297178775,0.0,10,10,0,0,10,10,13773,0,0,0,0,0
2020-06-12,US,Minnesota,Waseca,33,0,0,44.02211116,-93.58720034,27161.0,177.3049645390071,0.0,33,32,0,0,32,32,18691,1,0,0,1,0
2020-06-12,US,Minnesota,Washington,766,36,0,45.03864533,-92.88429635,27163.0,291.876238378296,4.699738903394255,730,748,36,0,712,735,259201,18,0,0,18,13
2020-06-12,US,Minnesota,Watonwan,96,0,0,43.97823903,-94.61413846,27165.0,880.9764155272093,0.0,96,86,0,0,86,86,10980,10,0,0,10,0
2020-06-12,US,Minnesota,Wilkin,12,3,0,46.35721532,-96.4684375,27167.0,193.33011116481396,25.0,9,12,3,0,9,12,6254,0,0,0,0,0
2020-06-12,US,Minnesota,Winona,84,15,0,43.98772283,-91.78081305,27169.0,166.38935108153078,17.857142857142858,69,84,15,0,69,86,50825,0,0,0,0,-2
2020-06-12,US,Minnesota,Wright,372,2,0,45.17297924,-93.96234781,27171.0,268.8308028068248,0.5376344086021505,370,367,2,0,365,362,136349,5,0,0,5,5
2020-06-12,US,Minnesota,Yellow Medicine,8,0,0,44.71710183,-95.86842453,27173.0,82.39777526006797,0.0,8,8,0,0,8,8,9795,0,0,0,0,0
2020-06-12,US,Mississippi,Adams,225,17,0,31.47669768,-91.35326037,28001.0,733.066171439742,7.5555555555555545,208,222,17,0,205,222,31192,3,0,0,3,0
2020-06-12,US,Mississippi,Alcorn,28,1,0,34.88084463,-88.57996173,28003.0,75.77192650123129,3.571428571428572,27,26,1,0,25,26,36925,2,0,0,2,0
2020-06-12,US,Mississippi,Amite,67,2,0,31.17467303,-90.80501621,28005.0,544.8483369927625,2.985074626865672,65,67,2,0,65,67,12326,0,0,0,0,0
2020-06-12,US,Mississippi,Attala,328,23,0,33.08658803,-89.57838564,28007.0,1804.7760537030927,7.012195121951219,305,323,22,0,301,323,18365,5,1,0,4,0
2020-06-12,US,Mississippi,Benton,17,0,0,34.81681228,-89.18945516,28009.0,205.8360576340961,0.0,17,17,0,0,17,17,8271,0,0,0,0,0
2020-06-12,US,Mississippi,Bolivar,185,11,0,33.79696941,-90.87372121,28011.0,604.022463105655,5.945945945945946,174,180,11,0,169,180,31333,5,0,0,5,0
2020-06-12,US,Mississippi,Calhoun,77,4,0,33.93683395,-89.33686647,28013.0,536.1743611169138,5.194805194805196,73,75,4,0,71,75,14436,2,0,0,2,0
2020-06-12,US,Mississippi,Carroll,122,11,0,33.44834567,-89.91994479,28015.0,1226.500452397708,9.016393442622949,111,123,11,0,112,123,9911,-1,0,0,-1,0
2020-06-12,US,Mississippi,Chickasaw,163,15,0,33.91983202,-88.9481545,28017.0,953.0491726597674,9.202453987730062,148,158,15,0,143,158,17171,5,0,0,5,0
2020-06-12,US,Mississippi,Choctaw,62,2,0,33.34598242,-89.24809382,28019.0,755.1766138855055,3.2258064516129035,60,62,2,0,60,62,8278,0,0,0,0,0
2020-06-12,US,Mississippi,Claiborne,138,7,0,31.97061673,-90.90702196,28021.0,1535.3805073431245,5.0724637681159415,131,131,7,0,124,131,9002,7,0,0,7,0
2020-06-12,US,Mississippi,Clarke,165,21,0,32.04158545,-88.68896219999998,28023.0,1061.7077408146197,12.727272727272727,144,164,21,0,143,164,15604,1,0,0,1,0
2020-06-12,US,Mississippi,Clay,169,5,0,33.65358105,-88.77784255,28025.0,874.9223441706357,2.9585798816568047,164,145,5,0,140,145,19386,24,0,0,24,0
2020-06-12,US,Mississippi,Coahoma,145,4,0,34.22772299,-90.60415045,28027.0,655.3968540951004,2.7586206896551726,141,141,4,0,137,141,22628,4,0,0,4,0
2020-06-12,US,Mississippi,Copiah,388,6,0,31.86977774,-90.44565118,28029.0,1382.504899340816,1.5463917525773196,382,366,5,0,361,366,28543,22,1,0,21,0
2020-06-12,US,Mississippi,Covington,201,2,0,31.63225413,-89.55389939,28031.0,1078.557630392788,0.9950248756218906,199,200,2,0,198,200,18853,1,0,0,1,0
2020-06-12,US,Mississippi,DeSoto,694,12,0,34.87625235,-89.99091418,28033.0,375.2466949633675,1.7291066282420748,682,664,11,0,653,664,182001,30,1,0,29,0
2020-06-12,US,Mississippi,Forrest,672,41,0,31.18961454,-89.25832496,28035.0,897.2321988864708,6.101190476190476,631,667,41,0,626,667,75036,5,0,0,5,0
2020-06-12,US,Mississippi,Franklin,30,2,0,31.47786634,-90.89672989,28037.0,388.9537145079735,6.666666666666668,28,29,2,0,27,29,7788,1,0,0,1,0
2020-06-12,US,Mississippi,George,35,2,0,30.86259065,-88.64436789,28039.0,142.85714285714286,5.7142857142857135,33,32,2,0,30,32,24250,3,0,0,3,0
2020-06-12,US,Mississippi,Greene,49,2,0,31.21444233,-88.63922281,28041.0,360.6653908435154,4.081632653061225,47,45,2,0,43,45,13586,4,0,0,4,0
2020-06-12,US,Mississippi,Grenada,153,4,0,33.77036166,-89.80245083,28043.0,737.065227863956,2.6143790849673203,149,138,4,0,134,138,21055,15,0,0,15,0
2020-06-12,US,Mississippi,Hancock,98,12,0,30.41830223,-89.48851033,28045.0,205.7440376217669,12.244897959183671,86,94,12,0,82,94,47334,4,0,0,4,0
2020-06-12,US,Mississippi,Harrison,319,7,0,30.51359752,-89.12467576,28047.0,153.30642060745868,2.19435736677116,312,311,7,0,304,311,206650,8,0,0,8,0
2020-06-12,US,Mississippi,Hinds,1245,27,0,32.2656285,-90.44435448,28049.0,537.008281573499,2.1686746987951806,1218,1206,26,0,1180,1206,237085,39,1,0,38,0
2020-06-12,US,Mississippi,Holmes,463,32,0,33.12345854,-90.08923538,28051.0,2721.928277483833,6.911447084233261,431,460,32,0,428,460,17622,3,0,0,3,0
2020-06-12,US,Mississippi,Humphreys,80,8,0,33.12825718,-90.52252707,28053.0,992.0634920634919,10.0,72,78,8,0,70,78,8257,2,0,0,2,0
2020-06-12,US,Mississippi,Itawamba,99,8,0,34.27993475,-88.3606733,28057.0,423.25780247969215,8.080808080808081,91,96,8,0,88,96,23517,3,0,0,3,0
2020-06-12,US,Mississippi,Jackson,344,16,0,30.54020656,-88.64184064,28059.0,239.52596141125355,4.651162790697675,328,339,16,0,323,339,143277,5,0,0,5,0
2020-06-12,US,Mississippi,Jasper,190,4,0,32.01922104,-89.11786866,28061.0,1159.7387535860346,2.1052631578947367,186,189,4,0,185,189,16428,1,0,0,1,0
2020-06-12,US,Mississippi,Jefferson,52,2,0,31.73397872,-91.03764977,28063.0,743.9198855507867,3.8461538461538463,50,50,2,0,48,50,7106,2,0,0,2,0
2020-06-12,US,Mississippi,Jefferson Davis,84,3,0,31.56884708,-89.82670990000004,28065.0,754.8526240115025,3.571428571428572,81,84,3,0,81,84,11234,0,0,0,0,0
2020-06-12,US,Mississippi,Jones,845,37,0,31.62257767,-89.16896899999998,28067.0,1240.858762371876,4.378698224852071,808,812,36,0,776,812,68461,33,1,0,32,0
2020-06-12,US,Mississippi,Kemper,167,12,0,32.75462946,-88.64105766,28069.0,1714.227058098953,7.185628742514971,155,166,11,0,155,166,10027,1,1,0,0,0
2020-06-12,US,Mississippi,Lafayette,169,4,0,34.35687874,-89.48490961,28071.0,312.8528850959848,2.366863905325444,165,161,4,0,157,161,54793,8,0,0,8,0
2020-06-12,US,Mississippi,Lamar,287,5,0,31.20572971,-89.5077704,28073.0,453.088739087192,1.7421602787456445,282,278,5,0,273,278,62447,9,0,0,9,0
2020-06-12,US,Mississippi,Lauderdale,801,75,0,32.40419769,-88.66229662,28075.0,1080.6070826306914,9.363295880149813,726,795,74,0,721,795,75317,6,1,0,5,0
2020-06-12,US,Mississippi,Lawrence,115,1,0,31.55147224,-90.10841127,28077.0,913.7136500873987,0.8695652173913043,114,113,1,0,112,113,12455,2,0,0,2,0
2020-06-12,US,Mississippi,Leake,478,15,0,32.7536828,-89.52402044,28079.0,2097.779338190117,3.1380753138075312,463,472,14,0,458,472,22763,6,1,0,5,0
2020-06-12,US,Mississippi,Lee,287,11,0,34.291877500000005,-88.68149954,28081.0,335.92396647783136,3.8327526132404177,276,261,11,0,250,261,85202,26,0,0,26,0
2020-06-12,US,Mississippi,Leflore,350,44,0,33.55545125,-90.29900733,28083.0,1241.8834048894726,12.571428571428573,306,330,44,0,286,330,28919,20,0,0,20,0
2020-06-12,US,Mississippi,Lincoln,316,32,0,31.53288662,-90.45391915,28085.0,925.2481480397037,10.126582278481012,284,314,32,0,282,314,34205,2,0,0,2,0
2020-06-12,US,Mississippi,Lowndes,311,9,0,33.47386518,-88.44191529999998,28087.0,530.7620104104445,2.893890675241157,302,290,9,0,281,290,58930,21,0,0,21,0
2020-06-12,US,Mississippi,Madison,864,30,0,32.63389156,-90.03513564,28089.0,813.0081300813008,3.4722222222222223,834,843,30,0,813,843,105630,21,0,0,21,0
2020-06-12,US,Mississippi,Marion,137,9,0,31.23132643,-89.8209217,28091.0,557.5224840271843,6.569343065693432,128,132,9,0,123,132,24715,5,0,0,5,0
2020-06-12,US,Mississippi,Marshall,98,3,0,34.76216286,-89.50299462,28093.0,277.66759222530743,3.0612244897959178,95,98,3,0,95,98,35451,0,0,0,0,0
2020-06-12,US,Mississippi,Monroe,291,25,0,33.89236763,-88.4808438,28095.0,825.4850788607739,8.59106529209622,266,290,25,0,265,290,35564,1,0,0,1,0
2020-06-12,US,Mississippi,Montgomery,93,1,0,33.49419589,-89.61729103,28097.0,951.4066496163684,1.075268817204301,92,88,1,0,87,88,10023,5,0,0,5,0
2020-06-12,US,Mississippi,Neshoba,855,50,0,32.75339664,-89.11726492,28099.0,2936.3280445085525,5.847953216374268,805,821,49,0,772,821,29125,34,1,0,33,0
2020-06-12,US,Mississippi,Newton,320,6,0,32.40021118,-89.11843336,28101.0,1522.5045199352935,1.875,314,313,6,0,307,313,21443,7,0,0,7,0
2020-06-12,US,Mississippi,Noxubee,212,6,0,33.11009499,-88.56949061,28103.0,2035.1348756839786,2.830188679245283,206,209,6,0,203,209,10535,3,0,0,3,0
2020-06-12,US,Mississippi,Oktibbeha,348,17,0,33.42491685,-88.87905132,28105.0,701.7968419142114,4.885057471264369,331,327,17,0,310,327,49599,21,0,0,21,0
2020-06-12,US,Mississippi,Panola,118,3,0,34.36398677,-89.95064249,28107.0,345.10996724379964,2.5423728813559316,115,110,3,0,107,110,34178,8,0,0,8,0
2020-06-12,US,Mississippi,Pearl River,219,31,0,30.77090935,-89.58677275,28109.0,394.3459079859548,14.155251141552514,188,221,31,0,190,221,55387,-2,0,0,-2,0
2020-06-12,US,Mississippi,Perry,53,3,0,31.17161885,-88.99281835,28111.0,442.662657646371,5.660377358490566,50,52,3,0,49,52,11931,1,0,0,1,0
2020-06-12,US,Mississippi,Pike,220,11,0,31.17507789,-90.40392572,28113.0,559.9674200773774,5.0,209,213,11,0,202,213,39563,7,0,0,7,0
2020-06-12,US,Mississippi,Pontotoc,70,3,0,34.226046000000004,-89.03636807,28115.0,217.56697954870396,4.285714285714286,67,64,3,0,61,64,31833,6,0,0,6,0
2020-06-12,US,Mississippi,Prentiss,65,3,0,34.61810501,-88.51986294,28117.0,258.69617129666483,4.615384615384615,62,63,3,0,60,63,25315,2,0,0,2,0
2020-06-12,US,Mississippi,Quitman,39,0,0,34.25157572,-90.28908,28119.0,574.2049469964663,0.0,39,34,0,0,34,34,7051,5,0,0,5,0
2020-06-12,US,Mississippi,Rankin,529,10,0,32.26469147,-89.94537876,28121.0,340.6946564393866,1.8903591682419658,519,505,10,0,495,505,153902,24,0,0,24,0
2020-06-12,US,Mississippi,Scott,685,12,0,32.406704100000006,-89.53789439,28123.0,2435.6421561655525,1.7518248175182485,673,682,12,0,670,682,28287,3,0,0,3,0
2020-06-12,US,Mississippi,Sharkey,8,0,0,32.88149103,-90.81595379999999,28125.0,185.1423281647767,0.0,8,7,0,0,7,7,4377,1,0,0,1,0
2020-06-12,US,Mississippi,Simpson,117,1,0,31.91282117,-89.91716179,28127.0,438.89264010803515,0.8547008547008547,116,117,1,0,116,117,26758,0,0,0,0,0
2020-06-12,US,Mississippi,Smith,173,11,0,32.01744532,-89.50644846,28129.0,1086.9565217391305,6.3583815028901745,162,173,11,0,162,173,16002,0,0,0,0,0
2020-06-12,US,Mississippi,Stone,34,0,0,30.79187949,-89.11547539,28131.0,185.4275741710297,0.0,34,33,0,0,33,33,18717,1,0,0,1,0
2020-06-12,US,Mississippi,Sunflower,113,4,0,33.60192578,-90.58882684,28133.0,450.01991238550386,3.5398230088495577,109,109,4,0,105,109,25735,4,0,0,4,0
2020-06-12,US,Mississippi,Tallahatchie,39,1,0,33.95339918,-90.1729398,28135.0,282.42450575711484,2.5641025641025643,38,35,1,0,34,35,13987,4,0,0,4,0
2020-06-12,US,Mississippi,Tate,123,1,0,34.65133709,-89.94485778,28137.0,434.30669820980904,0.8130081300813008,122,118,1,0,117,118,28759,5,0,0,5,0
2020-06-12,US,Mississippi,Tippah,92,11,0,34.76872156,-88.90988194,28139.0,417.89688848512384,11.956521739130435,81,90,11,0,79,90,21995,2,0,0,2,0
2020-06-12,US,Mississippi,Tishomingo,44,0,0,34.74023475,-88.23917219,28141.0,227.0030439044524,0.0,44,43,0,0,43,43,19454,1,0,0,1,0
2020-06-12,US,Mississippi,Tunica,62,3,0,34.64967704,-90.37481167,28143.0,643.687707641196,4.838709677419356,59,61,3,0,58,61,9944,1,0,0,1,0
2020-06-12,US,Mississippi,Union,96,8,0,34.49162015,-89.00776006,28145.0,333.15981259760537,8.333333333333334,88,93,7,0,86,93,28606,3,1,0,2,0
2020-06-12,US,Mississippi,Walthall,97,1,0,31.14971548,-90.10446654,28147.0,678.9864202715946,1.0309278350515465,96,85,0,0,85,85,14465,12,1,0,11,0
2020-06-12,US,Mississippi,Warren,245,12,0,32.35810271,-90.83352619,28149.0,539.8735153478328,4.8979591836734695,233,232,12,0,220,232,46176,13,0,0,13,0
2020-06-12,US,Mississippi,Washington,236,8,0,33.28392041,-90.94196237,28151.0,537.475232867977,3.3898305084745757,228,222,8,0,214,222,45063,14,0,0,14,0
2020-06-12,US,Mississippi,Wayne,373,7,0,31.64135687,-88.69573913,28153.0,1848.0899767130757,1.8766756032171583,366,346,5,0,341,346,20298,27,2,0,25,0
2020-06-12,US,Mississippi,Webster,109,8,0,33.61300486,-89.28392912,28155.0,1124.9870987718032,7.339449541284404,101,99,8,0,91,99,9788,10,0,0,10,0
2020-06-12,US,Mississippi,Wilkinson,85,9,0,31.16078225,-91.31018819,28157.0,984.936268829664,10.588235294117649,76,85,9,0,76,85,8792,0,0,0,0,0
2020-06-12,US,Mississippi,Winston,143,2,0,33.08747908,-89.03391385,28159.0,796.4355332776386,1.3986013986013983,141,139,2,0,137,139,18165,4,0,0,4,0
2020-06-12,US,Mississippi,Yalobusha,136,7,0,34.02824175,-89.70762049999998,28161.0,1123.224314502808,5.147058823529412,129,128,7,0,121,128,12392,8,0,0,8,0
2020-06-12,US,Mississippi,Yazoo,337,6,0,32.77890365,-90.39656148,28163.0,1135.0623105422699,1.7804154302670625,331,329,6,0,323,329,28248,8,0,0,8,0
2020-06-12,US,Missouri,Adair,75,0,0,40.19058551,-92.60078167,29001.0,295.939707216983,0.0,75,74,0,0,74,74,25339,1,0,0,1,0
2020-06-12,US,Missouri,Andrew,34,0,0,39.98492163,-94.80163024,29003.0,191.96025293586268,0.0,34,34,0,0,34,34,17607,0,0,0,0,0
2020-06-12,US,Missouri,Atchison,3,0,0,40.43238737,-95.42970639,29005.0,58.331713007972,0.0,3,3,0,0,3,3,5171,0,0,0,0,0
2020-06-12,US,Missouri,Audrain,122,1,0,39.215877,-91.84242683,29007.0,480.5419883409485,0.819672131147541,121,120,0,0,120,119,25473,2,1,0,1,1
2020-06-12,US,Missouri,Barry,9,0,0,36.70978521,-93.82919888,29009.0,25.147391656654282,0.0,9,9,0,0,9,9,35886,0,0,0,0,0
2020-06-12,US,Missouri,Barton,1,0,0,37.50207671,-94.34757022,29011.0,8.507742045261187,0.0,1,,,,,,11798,,,,,
2020-06-12,US,Missouri,Bates,12,1,0,38.25271289,-94.34113157,29013.0,74.20232500618353,8.333333333333334,11,12,1,0,11,12,16320,0,0,0,0,0
2020-06-12,US,Missouri,Benton,14,0,0,38.29503305,-93.28756116,29015.0,72.00534896878055,0.0,14,13,0,0,13,13,19278,1,0,0,1,0
2020-06-12,US,Missouri,Bollinger,8,0,0,37.32449052,-90.02725304,29017.0,65.9358773592681,0.0,8,8,0,0,8,7,12169,0,0,0,0,1
2020-06-12,US,Missouri,Boone,204,2,0,38.99186229,-92.30723575,29019.0,113.04256274139296,0.9803921568627452,202,204,2,0,202,197,180005,0,0,0,0,7
2020-06-12,US,Missouri,Buchanan,772,2,0,39.65816401,-94.80138942,29021.0,883.6591731147843,0.2590673575129533,770,768,2,0,766,762,88571,4,0,0,4,6
2020-06-12,US,Missouri,Butler,40,0,0,36.71462476,-90.40421163,29023.0,94.16639201468996,0.0,40,51,0,0,51,51,42639,-11,0,0,-11,0
2020-06-12,US,Missouri,Caldwell,7,0,0,39.65620858,-93.98308093,29025.0,77.60532150776055,0.0,7,8,0,0,8,8,9108,-1,0,0,-1,0
2020-06-12,US,Missouri,Callaway,34,1,0,38.83674754,-91.92186505,29027.0,75.9895402632814,2.9411764705882355,33,34,1,0,33,34,44889,0,0,0,0,0
2020-06-12,US,Missouri,Camden,38,1,0,38.02199522,-92.76083747,29029.0,82.06457186049023,2.631578947368421,37,38,1,0,37,38,45815,0,0,0,0,0
2020-06-12,US,Missouri,Cape Girardeau,101,3,0,37.38489388,-89.6843587,29031.0,128.05720733856552,2.9702970297029703,98,98,3,0,95,88,78753,3,0,0,3,10
2020-06-12,US,Missouri,Carroll,9,0,0,39.42762566,-93.50626255,29033.0,103.69858278603527,0.0,9,9,0,0,9,9,8743,0,0,0,0,0
2020-06-12,US,Missouri,Carter,5,1,0,36.94160441,-90.96051322,29035.0,83.58408559010364,20.0,4,5,1,0,4,5,6054,0,0,0,0,0
2020-06-12,US,Missouri,Cass,111,8,0,38.64789422,-94.353399,29037.0,104.93477027793536,7.207207207207206,103,110,8,0,102,108,104954,1,0,0,1,2
2020-06-12,US,Missouri,Cedar,9,0,0,37.72391475,-93.85445441,29039.0,62.72214091574325,0.0,9,9,0,0,9,9,14165,0,0,0,0,0
2020-06-12,US,Missouri,Chariton,6,0,0,39.51499357,-92.9629191,29041.0,80.79719903043363,0.0,6,6,0,0,6,6,7451,0,0,0,0,0
2020-06-12,US,Missouri,Christian,29,0,0,36.9711783,-93.18537118,29043.0,32.733224222585925,0.0,29,29,0,0,29,29,86983,0,0,0,0,0
2020-06-12,US,Missouri,Clark,1,0,0,40.41040752,-91.73661677,29045.0,14.712373105781962,0.0,1,2,0,0,2,2,6842,-1,0,0,-1,0
2020-06-12,US,Missouri,Clay,284,3,0,39.31132056,-94.41850862,29047.0,113.62363371581287,1.056338028169014,281,262,4,0,258,254,246365,22,-1,0,23,8
2020-06-12,US,Missouri,Clinton,19,0,0,39.6013098,-94.40465394,29049.0,93.19664492078286,0.0,19,20,0,0,20,20,20470,-1,0,0,-1,0
2020-06-12,US,Missouri,Cole,57,1,0,38.50455671,-92.27860244,29051.0,74.27193954003519,1.7543859649122806,56,61,1,0,60,61,76796,-4,0,0,-4,0
2020-06-12,US,Missouri,Cooper,9,0,0,38.844478,-92.80896081,29053.0,50.82161612739286,0.0,9,9,0,0,9,9,17603,0,0,0,0,0
2020-06-12,US,Missouri,Crawford,8,0,0,37.97663738,-91.30528104,29055.0,33.44481605351171,0.0,8,9,0,0,9,9,23957,-1,0,0,-1,0
2020-06-12,US,Missouri,Dallas,6,0,0,37.6811355,-93.02127031,29059.0,35.549235691432635,0.0,6,6,0,0,6,6,16762,0,0,0,0,0
2020-06-12,US,Missouri,Daviess,7,0,0,39.96145298,-93.98519678,29061.0,84.56148828219376,0.0,7,7,0,0,7,7,8313,0,0,0,0,0
2020-06-12,US,Missouri,DeKalb,7,0,0,39.89201062,-94.40476508,29063.0,55.79022873993783,0.0,7,7,0,0,7,7,12630,0,0,0,0,0
2020-06-12,US,Missouri,Dent,1,0,0,37.60663134,-91.50790473,29065.0,6.421370320426379,0.0,1,,,,,,15441,,,,,
2020-06-12,US,Missouri,Douglas,3,0,0,36.9325593,-92.49905109,29067.0,22.75312855517633,0.0,3,,,,,,13373,,,,,
2020-06-12,US,Missouri,Dunklin,54,3,0,36.27167174,-90.09122243,29069.0,185.36953760598675,5.5555555555555545,51,54,3,0,51,52,29423,0,0,0,0,2
2020-06-12,US,Missouri,Franklin,166,18,0,38.41127108,-91.07522826,29071.0,159.66604788057748,10.843373493975903,148,164,18,0,146,156,103670,2,0,0,2,8
2020-06-12,US,Missouri,Gasconade,2,0,0,38.43947277,-91.50847147,29073.0,13.599891200870395,0.0,2,2,0,0,2,2,14705,0,0,0,0,0
2020-06-12,US,Missouri,Gentry,54,6,0,40.21097916,-94.40944419,29075.0,821.7927256125398,11.111111111111109,48,54,0,0,54,54,6628,0,6,0,-6,0
2020-06-12,US,Missouri,Greene,185,10,0,37.2575872,-93.34230916,29077.0,63.121404638911436,5.405405405405406,175,184,8,0,176,183,291923,1,2,0,-1,1
2020-06-12,US,Missouri,Grundy,8,0,0,40.11406587,-93.56509276,29079.0,81.21827411167513,0.0,8,,,,,,9914,,,,,
2020-06-12,US,Missouri,Harrison,9,0,0,40.35570088,-93.99222144,29081.0,107.75862068965515,0.0,9,9,0,0,9,9,8414,0,0,0,0,0
2020-06-12,US,Missouri,Henry,16,3,0,38.38482826,-93.79293734,29083.0,73.31378299120234,18.75,13,15,3,0,12,15,21792,1,0,0,1,0
2020-06-12,US,Missouri,Holt,1,0,0,40.09799248,-95.2163888,29087.0,22.71178741766977,0.0,1,2,0,0,2,2,4404,-1,0,0,-1,0
2020-06-12,US,Missouri,Howard,3,0,0,39.1435761,-92.69756691,29089.0,29.99700029997,0.0,3,3,0,0,3,3,10137,0,0,0,0,0
2020-06-12,US,Missouri,Howell,19,0,0,36.77383887,-91.88683935,29091.0,47.36146770695715,0.0,19,18,0,0,18,17,40076,1,0,0,1,1
2020-06-12,US,Missouri,Iron,2,0,0,37.55487945,-90.7735296,29093.0,19.753086419753085,0.0,2,3,0,0,3,3,10177,-1,0,0,-1,0
2020-06-12,US,Missouri,Jackson,791,22,0,39.01002188,-94.34724536,29095.0,112.5160203752146,2.781289506953224,769,782,22,0,760,752,700307,9,0,0,9,30
2020-06-12,US,Missouri,Jasper,107,0,0,37.20351921,-94.34050458,29097.0,88.19068970064619,0.0,107,87,0,0,87,79,120636,20,0,0,20,8
2020-06-12,US,Missouri,Jefferson,374,19,0,38.25926778,-90.53870896,29099.0,166.16240375686976,5.080213903743315,355,427,20,0,407,411,224347,-53,-1,0,-52,16
2020-06-12,US,Missouri,Johnson,79,0,0,38.74719601,-93.80691168,29101.0,146.1285191076912,0.0,79,79,0,0,79,78,53652,0,0,0,0,1
2020-06-12,US,Missouri,Kansas City,1680,28,0,39.0997,-94.5786,0.0,343.5983335480823,1.6666666666666667,1652,1654,28,0,1626,1626,491918,26,0,0,26,28
2020-06-12,US,Missouri,Knox,2,0,0,40.12699751,-92.14780832,29103.0,50.51780752715332,0.0,2,,,,,,3947,,,,,
2020-06-12,US,Missouri,Laclede,9,0,0,37.65896829,-92.5888493,29105.0,25.19385269994121,0.0,9,8,0,0,8,7,35713,1,0,0,1,1
2020-06-12,US,Missouri,Lafayette,84,2,0,39.06986886,-93.78076396,29107.0,256.8179038767274,2.380952380952381,82,83,3,0,80,83,32598,1,-1,0,2,0
2020-06-12,US,Missouri,Lawrence,7,0,0,37.10626634,-93.83293097,29109.0,18.25055403467605,0.0,7,8,0,0,8,8,38359,-1,0,0,-1,0
2020-06-12,US,Missouri,Lewis,7,1,0,40.09673161,-91.72070156,29111.0,71.6039279869067,14.285714285714285,6,7,1,0,6,7,9855,0,0,0,0,0
2020-06-12,US,Missouri,Lincoln,88,1,0,39.05345619,-90.95588181,29113.0,149.11968549302696,1.1363636363636365,87,121,1,0,120,121,57686,-33,0,0,-33,0
2020-06-12,US,Missouri,Linn,11,1,0,39.87001769,-93.10704106,29115.0,92.28187919463087,9.090909090909092,10,11,1,0,10,11,12037,0,0,0,0,0
2020-06-12,US,Missouri,Livingston,4,0,0,39.78110272,-93.54645978,29117.0,26.269127208248506,0.0,4,5,0,0,5,5,15146,-1,0,0,-1,0
2020-06-12,US,Missouri,Macon,6,0,0,39.83049768,-92.56453089,29121.0,39.69041476483429,0.0,6,6,0,0,6,6,15153,0,0,0,0,0
2020-06-12,US,Missouri,Madison,3,0,0,37.47865134,-90.3467143,29123.0,24.81800132362674,0.0,3,3,0,0,3,3,12188,0,0,0,0,0
2020-06-12,US,Missouri,Maries,2,0,0,38.16193985,-91.92249662,29125.0,22.996435552489363,0.0,2,2,0,0,2,2,8769,0,0,0,0,0
2020-06-12,US,Missouri,Marion,7,0,0,39.80601912,-91.62203062,29127.0,24.53557658604977,0.0,7,7,0,0,7,6,28592,0,0,0,0,1
2020-06-12,US,Missouri,McDonald,63,0,0,36.62869595,-94.34867205,29119.0,275.8681087708543,0.0,63,46,0,0,46,42,23078,17,0,0,17,4
2020-06-12,US,Missouri,Mercer,5,0,0,40.42212303,-93.5682959,29129.0,138.23610727121923,0.0,5,,,,,,3641,,,,,
2020-06-12,US,Missouri,Miller,4,0,0,38.21450288,-92.42610898,29131.0,15.613411920839999,0.0,4,5,0,0,5,5,25336,-1,0,0,-1,0
2020-06-12,US,Missouri,Mississippi,70,0,0,36.82516239,-89.29505753,29133.0,531.1077389984825,0.0,70,68,0,0,68,66,13336,2,0,0,2,2
2020-06-12,US,Missouri,Moniteau,49,1,0,38.63571781,-92.57976951,29135.0,303.74411108356065,2.0408163265306123,48,49,0,0,49,49,16121,0,1,0,-1,0
2020-06-12,US,Missouri,Monroe,3,0,0,39.49593978,-92.00043978,29137.0,34.706154558074964,0.0,3,,,,,,8664,,,,,
2020-06-12,US,Missouri,Montgomery,12,0,0,38.94022054,-91.47000721,29139.0,103.88710934118258,0.0,12,13,0,0,13,13,11534,-1,0,0,-1,0
2020-06-12,US,Missouri,Morgan,9,0,0,38.4181765,-92.88791859,29141.0,43.63213264168323,0.0,9,9,0,0,9,9,20358,0,0,0,0,0
2020-06-12,US,Missouri,New Madrid,32,1,0,36.59666326,-89.66070007,29143.0,187.39751698290002,3.125,31,28,0,0,28,24,17296,4,1,0,3,4
2020-06-12,US,Missouri,Newton,49,1,0,36.90519407,-94.3394104,29145.0,84.14039425784738,2.0408163265306123,48,47,1,0,46,44,58266,2,0,0,2,3
2020-06-12,US,Missouri,Nodaway,15,0,0,40.36079813,-94.88133008,29147.0,67.8978815860945,0.0,15,15,0,0,15,14,22304,0,0,0,0,1
2020-06-12,US,Missouri,Oregon,3,0,0,36.68710164,-91.4033755,29149.0,28.49273435274005,0.0,3,3,0,0,3,2,10541,0,0,0,0,1
2020-06-12,US,Missouri,Osage,5,0,0,38.46036182,-91.8613635,29151.0,36.72420124862284,0.0,5,6,0,0,6,6,13714,-1,0,0,-1,0
2020-06-12,US,Missouri,Pemiscot,99,6,0,36.2130572,-89.78742322,29155.0,626.3840556785827,6.0606060606060606,93,99,6,0,93,99,16272,0,0,0,0,0
2020-06-12,US,Missouri,Perry,80,0,0,37.70660776,-89.82741088,29157.0,418.06020066889636,0.0,80,79,0,0,79,75,19150,1,0,0,1,4
2020-06-12,US,Missouri,Pettis,84,1,0,38.72798918,-93.28471706,29159.0,198.39863955218598,1.1904761904761905,83,84,1,0,83,84,42542,0,0,0,0,0
2020-06-12,US,Missouri,Phelps,6,0,0,37.87736118,-91.79351727,29161.0,13.461063872748074,0.0,6,6,0,0,6,6,44732,0,0,0,0,0
2020-06-12,US,Missouri,Pike,31,1,0,39.34310674,-91.16980779,29163.0,169.38039558518196,3.2258064516129035,30,29,1,0,28,29,18504,2,0,0,2,0
2020-06-12,US,Missouri,Platte,89,3,0,39.38154439,-94.77068479,29165.0,85.23434656859928,3.3707865168539324,86,84,0,0,84,81,102985,5,3,0,2,3
2020-06-12,US,Missouri,Polk,7,0,0,37.6162296,-93.39828174,29167.0,21.77361659771688,0.0,7,7,0,0,7,4,32201,0,0,0,0,3
2020-06-12,US,Missouri,Pulaski,106,1,0,37.82462075,-92.20783203,29169.0,201.49409774364628,0.9433962264150944,105,109,1,0,108,109,52014,-3,0,0,-3,0
2020-06-12,US,Missouri,Putnam,1,0,0,40.47942497,-93.02042674,29171.0,21.29471890971039,0.0,1,,,,,,4757,,,,,
2020-06-12,US,Missouri,Ralls,5,0,0,39.52817427,-91.51838643,29173.0,48.50130953535746,0.0,5,5,0,0,5,5,10212,0,0,0,0,0
2020-06-12,US,Missouri,Randolph,10,0,0,39.44007257,-92.4971374,29175.0,40.40730564085987,0.0,10,10,0,0,10,10,24763,0,0,0,0,0
2020-06-12,US,Missouri,Ray,24,0,0,39.3537468,-93.98905745,29177.0,104.2662264314884,0.0,24,24,0,0,24,24,22883,0,0,0,0,0
2020-06-12,US,Missouri,Reynolds,2,0,0,37.36085952,-90.97009925,29179.0,31.897926634768737,0.0,2,2,0,0,2,2,6254,0,0,0,0,0
2020-06-12,US,Missouri,Ripley,12,0,0,36.65460667,-90.85990261,29181.0,90.30704394942805,0.0,12,11,0,0,11,11,13401,1,0,0,1,0
2020-06-12,US,Missouri,Saline,270,3,0,39.13734288,-93.20259964,29195.0,1186.2396204033216,1.1111111111111112,267,283,3,0,280,283,22895,-13,0,0,-13,0
2020-06-12,US,Missouri,Schuyler,1,0,0,40.46921489,-92.52311943,29197.0,21.45922746781116,0.0,1,,,,,,4599,,,,,
2020-06-12,US,Missouri,Scotland,8,1,0,40.45214695,-92.14709064,29199.0,163.19869441044472,12.5,7,9,0,0,9,9,4966,-1,1,0,-2,0
2020-06-12,US,Missouri,Scott,134,10,0,37.05588075,-89.56474493,29201.0,350.05224660397073,7.462686567164179,124,132,11,0,121,128,38458,2,-1,0,3,4
2020-06-12,US,Missouri,Shannon,6,0,0,37.15772072,-91.40190382,29203.0,73.47538574577517,0.0,6,,,,,,8189,,,,,
2020-06-12,US,Missouri,Shelby,1,0,0,39.79742518,-92.07634971,29205.0,16.863406408094434,0.0,1,1,0,0,1,1,6050,0,0,0,0,0
2020-06-12,US,Missouri,St. Charles,882,62,0,38.77875681,-90.66662425,29183.0,219.39097860316105,7.029478458049887,820,879,65,0,814,871,399182,3,-3,0,6,8
2020-06-12,US,Missouri,St. Clair,2,0,0,38.03699437,-93.77631447,29185.0,21.283388315419813,0.0,2,3,0,0,3,3,9395,-1,0,0,-1,0
2020-06-12,US,Missouri,St. Francois,40,2,0,37.81214171,-90.47598685,29187.0,59.51052592427286,5.0,38,41,2,0,39,41,66692,-1,0,0,-1,0
2020-06-12,US,Missouri,St. Louis,5460,499,0,38.63770039999999,-90.4458375,29189.0,549.1825126608696,9.13919413919414,4961,5217,496,0,4721,5217,996945,243,3,0,240,0
2020-06-12,US,Missouri,St. Louis City,2179,141,0,38.63555736,-90.24349225,29510.0,724.941445757479,6.470858191831115,2038,2162,139,0,2023,2145,302838,17,2,0,15,17
2020-06-12,US,Missouri,Ste. Genevieve,13,1,0,37.89090059,-90.1949941,29186.0,72.65005029618867,7.6923076923076925,12,13,1,0,12,13,17888,0,0,0,0,0
2020-06-12,US,Missouri,Stoddard,113,6,0,36.85571651,-89.9444155,29207.0,389.3195521102498,5.3097345132743365,107,109,0,0,109,109,29206,4,6,0,-2,0
2020-06-12,US,Missouri,Stone,7,0,0,36.75000327,-93.45256475,29209.0,21.907861792689037,0.0,7,10,0,0,10,10,31749,-3,0,0,-3,0
2020-06-12,US,Missouri,Sullivan,72,0,0,40.2099105,-93.11150106,29211.0,1182.4601740844146,0.0,72,71,0,0,71,71,6221,1,0,0,1,0
2020-06-12,US,Missouri,Taney,15,2,0,36.65465345,-93.04075153,29213.0,26.82019739665284,13.333333333333336,13,15,2,0,13,14,55852,0,0,0,0,1
2020-06-12,US,Missouri,Texas,1,0,0,37.31728859,-91.96564727,29215.0,3.937317899047169,0.0,1,1,0,0,1,1,25571,0,0,0,0,0
2020-06-12,US,Missouri,Unassigned,1,0,0,0.0,0.0,90029.0,0.0,0.0,1,,,,,,,,,,,
2020-06-12,US,Missouri,Vernon,12,0,0,37.8457799,-94.34127305,29217.0,58.357243592860954,0.0,12,12,0,0,12,12,20528,0,0,0,0,0
2020-06-12,US,Missouri,Warren,31,0,0,38.76529479,-91.16124662,29219.0,86.95896098067267,0.0,31,31,0,0,31,31,34711,0,0,0,0,0
2020-06-12,US,Missouri,Washington,13,1,0,37.96130078,-90.87948158,29221.0,52.56773150020218,7.6923076923076925,12,13,1,0,12,13,24943,0,0,0,0,0
2020-06-12,US,Missouri,Webster,18,0,0,37.2813734,-92.876329,29225.0,45.463730046474026,0.0,18,18,0,0,18,18,39109,0,0,0,0,0
2020-06-12,US,Missouri,Worth,4,0,0,40.47945588,-94.42328751,29227.0,198.7083954297069,0.0,4,4,0,0,4,4,2040,0,0,0,0,0
2020-06-12,US,Missouri,Wright,14,0,0,37.27029221,-92.46914488,29229.0,76.54874514735633,0.0,14,14,0,0,14,14,18378,0,0,0,0,0
2020-06-12,US,Montana,Beaverhead,1,0,0,45.13434354,-112.89846940000001,30001.0,10.578652279699568,0.0,1,1,0,0,1,1,9404,0,0,0,0,0
2020-06-12,US,Montana,Big Horn,43,1,0,45.42335905,-107.492347,30003.0,322.8470605901344,2.3255813953488373,42,42,1,0,41,43,13338,1,0,0,1,-1
2020-06-12,US,Montana,Broadwater,4,0,0,46.33277565,-111.49558130000001,30007.0,64.1333974667308,0.0,4,4,0,0,4,4,6085,0,0,0,0,0
2020-06-12,US,Montana,Carbon,6,0,0,45.22850116,-109.0274047,30009.0,55.94405594405596,0.0,6,6,0,0,6,6,10714,0,0,0,0,0
2020-06-12,US,Montana,Cascade,17,2,0,47.30797024,-111.3467922,30013.0,20.893247793918835,11.764705882352944,15,17,2,0,15,17,81643,0,0,0,0,0
2020-06-12,US,Montana,Custer,1,0,0,46.25319932,-105.57375259999998,30017.0,8.770391159445712,0.0,1,,,,,,11586,,,,,
2020-06-12,US,Montana,Deer Lodge,3,0,0,46.05953325,-113.073353,30023.0,32.822757111597376,0.0,3,3,0,0,3,3,9131,0,0,0,0,0
2020-06-12,US,Montana,Flathead,37,2,0,48.29575866,-114.05205690000001,30029.0,35.64341174883918,5.405405405405406,35,37,2,0,35,37,102106,0,0,0,0,0
2020-06-12,US,Montana,Gallatin,182,1,0,45.54486106,-111.1692571,30031.0,159.04364087596343,0.5494505494505495,181,176,1,0,175,174,111876,6,0,0,6,2
2020-06-12,US,Montana,Glacier,6,0,0,48.70513576,-112.9934235,30035.0,43.62684505198866,0.0,6,6,0,0,6,6,13747,0,0,0,0,0
2020-06-12,US,Montana,Golden Valley,3,0,0,46.3816474,-109.17685220000001,30037.0,365.40803897685754,0.0,3,3,0,0,3,3,826,0,0,0,0,0
2020-06-12,US,Montana,Hill,1,0,0,48.62879827,-110.1129252,30041.0,6.066488716330987,0.0,1,1,0,0,1,1,16347,0,0,0,0,0
2020-06-12,US,Montana,Jefferson,3,0,0,46.14907081,-112.094396,30043.0,24.547909336388184,0.0,3,3,0,0,3,3,12097,0,0,0,0,0
2020-06-12,US,Montana,Lake,6,0,0,47.64514965,-114.0898013,30047.0,19.699257994615536,0.0,6,5,0,0,5,5,30250,1,0,0,1,0
2020-06-12,US,Montana,Lewis and Clark,19,0,0,47.12610041,-112.39469799999999,30049.0,27.364903790759307,0.0,19,18,0,0,18,18,68700,1,0,0,1,0
2020-06-12,US,Montana,Liberty,1,0,0,48.56084317,-111.02430700000001,30051.0,42.78990158322636,0.0,1,1,0,0,1,1,2430,0,0,0,0,0
2020-06-12,US,Montana,Lincoln,7,1,0,48.54265777,-115.4046155,30053.0,35.03503503503504,14.285714285714285,6,7,1,0,6,7,19794,0,0,0,0,0
2020-06-12,US,Montana,Madison,8,1,0,45.30080065,-111.9173017,30057.0,93.02325581395347,12.5,7,8,1,0,7,8,8768,0,0,0,0,0
2020-06-12,US,Montana,Meagher,1,0,0,46.59907074,-110.8898557,30059.0,53.705692803437174,0.0,1,1,0,0,1,1,1866,0,0,0,0,0
2020-06-12,US,Montana,Missoula,39,1,0,47.03728583,-113.92135079999998,30063.0,32.608695652173914,2.5641025641025643,38,39,1,0,38,39,118791,0,0,0,0,0
2020-06-12,US,Montana,Musselshell,1,0,0,46.49684637,-108.39498,30065.0,21.58428663932657,0.0,1,1,0,0,1,1,4651,0,0,0,0,0
2020-06-12,US,Montana,Park,8,0,0,45.48965095,-110.52643940000002,30067.0,48.17535830422739,0.0,8,8,0,0,8,8,16736,0,0,0,0,0
2020-06-12,US,Montana,Pondera,2,0,0,48.22773388,-112.22527029999999,30073.0,33.83522246658772,0.0,2,2,0,0,2,2,5972,0,0,0,0,0
2020-06-12,US,Montana,Ravalli,14,0,0,46.08520862,-114.11891640000002,30081.0,31.959092361776925,0.0,14,14,0,0,14,14,43172,0,0,0,0,0
2020-06-12,US,Montana,Richland,3,0,0,47.78668011,-104.5610786,30083.0,27.770063871146906,0.0,3,3,0,0,3,3,10913,0,0,0,0,0
2020-06-12,US,Montana,Roosevelt,7,0,0,48.29607488,-105.00792679999999,30085.0,63.613231552162844,0.0,7,7,0,0,7,7,11059,0,0,0,0,0
2020-06-12,US,Montana,Rosebud,1,0,0,46.23397237,-106.72928799999998,30087.0,11.189437171310285,0.0,1,1,0,0,1,1,9063,0,0,0,0,0
2020-06-12,US,Montana,Silver Bow,11,0,0,45.90018933,-112.6620092,30093.0,31.505083774881854,0.0,11,11,0,0,11,11,34993,0,0,0,0,0
2020-06-12,US,Montana,Stillwater,2,0,0,45.67071407,-109.3950061,30095.0,20.742584526031944,0.0,2,2,0,0,2,2,9534,0,0,0,0,0
2020-06-12,US,Montana,Toole,29,6,0,48.65577551,-111.69424140000001,30101.0,612.331081081081,20.689655172413797,23,29,6,0,23,29,4853,0,0,0,0,0
2020-06-12,US,Montana,Wheatland,1,0,0,46.46652491,-109.84646359999999,30107.0,47.036688617121364,0.0,1,1,0,0,1,1,2236,0,0,0,0,0
2020-06-12,US,Montana,Yellowstone,106,3,0,45.93955949,-108.26914860000001,30111.0,65.71605703657782,2.830188679245283,103,106,3,0,103,105,160137,0,0,0,0,1
2020-06-12,US,Nebraska,Adams,278,11,0,40.52449420000001,-98.50117804,31001.0,886.394796416159,3.956834532374101,267,277,11,0,266,277,31511,1,0,0,1,0
2020-06-12,US,Nebraska,Antelope,8,0,0,42.17695516,-98.06662829999999,31003.0,127.02445220704986,0.0,8,8,0,0,8,8,6336,0,0,0,0,0
2020-06-12,US,Nebraska,Banner,1,0,0,41.54634427,-103.7114332,31007.0,134.2281879194631,0.0,1,1,0,0,1,,730,0,0,0,0,
2020-06-12,US,Nebraska,Boone,7,0,0,41.70759415,-98.06737183,31011.0,134.82280431432974,0.0,7,7,0,0,7,7,5239,0,0,0,0,0
2020-06-12,US,Nebraska,Box Butte,3,0,0,42.22079243,-103.08788340000001,31013.0,27.821570991375317,0.0,3,3,0,0,3,3,10772,0,0,0,0,0
2020-06-12,US,Nebraska,Boyd,1,0,0,42.899727399999996,-98.76486568,31015.0,52.11047420531528,0.0,1,1,0,0,1,1,1955,0,0,0,0,0
2020-06-12,US,Nebraska,Buffalo,177,1,0,40.85486962,-99.07500296,31019.0,356.4308584546608,0.5649717514124294,176,177,1,0,176,175,49615,0,0,0,0,2
2020-06-12,US,Nebraska,Burt,9,0,0,41.85056773,-96.32605633,31021.0,139.34045517882026,0.0,9,9,0,0,9,10,6488,0,0,0,0,-1
2020-06-12,US,Nebraska,Butler,51,0,0,41.22703692,-97.13106306,31023.0,636.2275449101796,0.0,51,50,0,0,50,51,8058,1,0,0,1,-1
2020-06-12,US,Nebraska,Cass,59,0,0,40.90899107,-96.13971217,31025.0,224.77903078329777,0.0,59,59,0,0,59,58,26159,0,0,0,0,1
2020-06-12,US,Nebraska,Cedar,8,0,0,42.598885100000004,-97.25311951,31027.0,95.21542489883362,0.0,8,8,0,0,8,8,8446,0,0,0,0,0
2020-06-12,US,Nebraska,Chase,1,0,0,40.523719799999995,-101.69780259999999,31029.0,25.4841997961264,0.0,1,1,0,0,1,1,3977,0,0,0,0,0
2020-06-12,US,Nebraska,Cherry,1,0,0,42.54502621,-101.1244332,31031.0,17.577781683951486,0.0,1,1,0,0,1,1,5761,0,0,0,0,0
2020-06-12,US,Nebraska,Cheyenne,10,0,0,41.21999357,-102.9941693,31033.0,112.23344556677891,0.0,10,10,0,0,10,10,9310,0,0,0,0,0
2020-06-12,US,Nebraska,Clay,24,0,0,40.52439441,-98.05126296,31035.0,386.90955989037565,0.0,24,24,0,0,24,24,6214,0,0,0,0,0
2020-06-12,US,Nebraska,Colfax,646,4,0,41.57486951,-97.0868542,31037.0,6032.30927257447,0.6191950464396285,642,643,4,0,639,639,10881,3,0,0,3,4
2020-06-12,US,Nebraska,Cuming,34,0,0,41.91637624,-96.78730772,31039.0,384.35451051322633,0.0,34,34,0,0,34,34,8940,0,0,0,0,0
2020-06-12,US,Nebraska,Custer,34,4,0,41.39374521,-99.72805369,31041.0,315.4866846061056,11.764705882352944,30,34,4,0,30,34,10840,0,0,0,0,0
2020-06-12,US,Nebraska,Dakota,1719,27,0,42.39040144,-96.56656425,31043.0,8583.841006691302,1.5706806282722514,1692,1719,27,0,1692,1717,20083,0,0,0,0,2
2020-06-12,US,Nebraska,Dawes,1,0,0,42.71985036,-103.1313774,31045.0,11.6427989288625,0.0,1,1,0,0,1,1,8716,0,0,0,0,0
2020-06-12,US,Nebraska,Dawson,844,8,0,40.87028216,-99.82014609999999,31047.0,3577.029031574486,0.9478672985781992,836,844,8,0,836,844,23709,0,0,0,0,0
2020-06-12,US,Nebraska,Dixon,38,1,0,42.49188363,-96.86782408,31051.0,674.2370475514548,2.631578947368421,37,35,1,0,34,34,5709,3,0,0,3,1
2020-06-12,US,Nebraska,Dodge,616,2,0,41.58071748,-96.65598179,31053.0,1684.6711335977027,0.3246753246753247,614,611,1,0,610,591,36791,5,1,0,4,20
2020-06-12,US,Nebraska,Douglas,5540,60,0,41.29518299,-96.15085305,31055.0,969.6723592618588,1.083032490974729,5480,5403,58,0,5345,5245,566880,137,2,0,135,158
2020-06-12,US,Nebraska,Fillmore,9,1,0,40.52458567,-97.59646937,31059.0,164.7748077627243,11.111111111111109,8,9,1,0,8,9,5527,0,0,0,0,0
2020-06-12,US,Nebraska,Franklin,6,0,0,40.17636348,-98.95299073,31061.0,201.40986908358508,0.0,6,6,0,0,6,6,3023,0,0,0,0,0
2020-06-12,US,Nebraska,Frontier,1,0,0,40.52993007,-100.3924658,31063.0,38.06623524933384,0.0,1,1,0,0,1,1,2608,0,0,0,0,0
2020-06-12,US,Nebraska,Furnas,9,1,0,40.17642064,-99.91247454,31065.0,192.4721984602224,11.111111111111109,8,9,1,0,8,9,4715,0,0,0,0,0
2020-06-12,US,Nebraska,Gage,45,4,0,40.26186809,-96.68946704,31067.0,209.17584716218101,8.888888888888891,41,45,4,0,41,45,21493,0,0,0,0,0
2020-06-12,US,Nebraska,Garden,4,0,0,41.61703149,-102.3313973,31069.0,217.74632553075668,0.0,4,4,0,0,4,4,1897,0,0,0,0,0
2020-06-12,US,Nebraska,Garfield,1,0,0,41.91428955,-98.99111827,31071.0,50.787201625190455,0.0,1,1,0,0,1,1,1987,0,0,0,0,0
2020-06-12,US,Nebraska,Gosper,13,0,0,40.51481965,-99.83020279,31073.0,653.2663316582915,0.0,13,13,0,0,13,13,1996,0,0,0,0,0
2020-06-12,US,Nebraska,Greeley,3,0,0,41.56742671,-98.52150266,31077.0,127.33446519524618,0.0,3,3,0,0,3,3,2356,0,0,0,0,0
2020-06-12,US,Nebraska,Hall,1560,45,0,40.87257079,-98.50218293,31079.0,2542.66295046697,2.8846153846153846,1515,1559,45,0,1514,1553,61607,1,0,0,1,6
2020-06-12,US,Nebraska,Hamilton,56,11,0,40.87349452,-98.02099117,31081.0,600.6006006006006,19.642857142857142,45,56,11,0,45,56,9280,0,0,0,0,0
2020-06-12,US,Nebraska,Hitchcock,1,0,0,40.17609175,-101.04164770000001,31087.0,36.205648081100655,0.0,1,1,0,0,1,1,2806,0,0,0,0,0
2020-06-12,US,Nebraska,Holt,1,0,0,42.45522056,-98.78402558,31089.0,9.933445912387008,0.0,1,1,0,0,1,1,10178,0,0,0,0,0
2020-06-12,US,Nebraska,Howard,44,4,0,41.2200529,-98.5166499,31093.0,682.6997672614431,9.090909090909092,40,44,4,0,40,44,6468,0,0,0,0,0
2020-06-12,US,Nebraska,Jefferson,9,0,0,40.17584531,-97.142601,31095.0,127.73204655123476,0.0,9,9,0,0,9,9,7097,0,0,0,0,0
2020-06-12,US,Nebraska,Johnson,6,0,0,40.39257596,-96.26522753,31097.0,118.3198580161704,0.0,6,6,0,0,6,6,5134,0,0,0,0,0
2020-06-12,US,Nebraska,Kearney,12,0,0,40.50663314,-98.94877182,31099.0,184.75750577367202,0.0,12,12,0,0,12,12,6544,0,0,0,0,0
2020-06-12,US,Nebraska,Keith,2,0,0,41.19930341,-101.66201640000001,31101.0,24.894199651481205,0.0,2,2,0,0,2,2,8021,0,0,0,0,0
2020-06-12,US,Nebraska,Kimball,8,0,0,41.19774275,-103.7148131,31105.0,220.26431718061676,0.0,8,8,0,0,8,8,3618,0,0,0,0,0
2020-06-12,US,Nebraska,Knox,11,0,0,42.63758421,-97.89178836,31107.0,132.02112337974077,0.0,11,11,0,0,11,11,8419,0,0,0,0,0
2020-06-12,US,Nebraska,Lancaster,1445,10,0,40.78416049,-96.68777155,31109.0,452.8502930207778,0.6920415224913494,1435,1428,10,0,1418,1393,317272,17,0,0,17,35
2020-06-12,US,Nebraska,Lincoln,52,2,0,41.04658298,-100.74753740000001,31111.0,148.93738901300335,3.8461538461538463,50,52,2,0,50,51,35185,0,0,0,0,1
2020-06-12,US,Nebraska,Madison,331,4,0,41.91676024,-97.6005481,31119.0,943.04681045044,1.2084592145015105,327,331,4,0,327,328,35392,0,0,0,0,3
2020-06-12,US,Nebraska,Merrick,37,0,0,41.16624273,-98.0374887,31121.0,477.1115409413282,0.0,37,37,0,0,37,36,7733,0,0,0,0,1
2020-06-12,US,Nebraska,Morrill,12,0,0,41.71711774,-103.0061405,31123.0,258.5092632485997,0.0,12,11,0,0,11,11,4686,1,0,0,1,0
2020-06-12,US,Nebraska,Nance,4,0,0,41.39750195,-97.99327291,31125.0,113.66865586814436,0.0,4,4,0,0,4,4,3532,0,0,0,0,0
2020-06-12,US,Nebraska,Nemaha,4,0,0,40.38514847,-95.85433992,31127.0,57.37234652897303,0.0,4,4,0,0,4,4,6958,0,0,0,0,0
2020-06-12,US,Nebraska,Nuckolls,1,0,0,40.17637905,-98.04743961,31129.0,24.10800385728061,0.0,1,1,0,0,1,1,4195,0,0,0,0,0
2020-06-12,US,Nebraska,Otoe,12,0,0,40.64843556,-96.13374142,31131.0,74.94379215588309,0.0,12,11,0,0,11,11,15985,1,0,0,1,0
2020-06-12,US,Nebraska,Phelps,20,0,0,40.51156033,-99.41461667,31137.0,221.38587558113792,0.0,20,20,0,0,20,20,8996,0,0,0,0,0
2020-06-12,US,Nebraska,Pierce,6,0,0,42.26434853,-97.60122773,31139.0,83.93956351426971,0.0,6,6,0,0,6,6,7142,0,0,0,0,0
2020-06-12,US,Nebraska,Platte,639,1,0,41.57246836,-97.52144359,31141.0,1909.1723931879294,0.1564945226917058,638,639,1,0,638,631,33363,0,0,0,0,8
2020-06-12,US,Nebraska,Polk,12,0,0,41.18813488,-97.56630712,31143.0,230.19374640322275,0.0,12,12,0,0,12,12,5278,0,0,0,0,0
2020-06-12,US,Nebraska,Red Willow,5,0,0,40.17556879999999,-100.476998,31145.0,46.624393882879524,0.0,5,5,0,0,5,5,10726,0,0,0,0,0
2020-06-12,US,Nebraska,Richardson,1,1,0,40.1247415,-95.71755036,31147.0,12.714558169103626,100.0,0,1,1,0,0,1,7937,0,0,0,0,0
2020-06-12,US,Nebraska,Saline,518,2,0,40.52418865,-97.14085859,31151.0,3641.7322834645674,0.3861003861003861,516,518,2,0,516,518,14350,0,0,0,0,0
2020-06-12,US,Nebraska,Sarpy,868,5,0,41.11314181,-96.11156432,31153.0,463.6851214769546,0.5760368663594471,863,842,5,0,837,809,184459,26,0,0,26,33
2020-06-12,US,Nebraska,Saunders,56,1,0,41.227810299999994,-96.63773905,31155.0,259.5235888404857,1.7857142857142858,55,56,1,0,55,55,21303,0,0,0,0,1
2020-06-12,US,Nebraska,Scotts Bluff,170,2,0,41.85070896,-103.70809859999999,31157.0,477.28676511876023,1.1764705882352942,168,162,2,0,160,149,35989,8,0,0,8,13
2020-06-12,US,Nebraska,Seward,31,1,0,40.87241834,-97.139673,31159.0,179.35663040962743,3.2258064516129035,30,30,1,0,29,29,17318,1,0,0,1,1
2020-06-12,US,Nebraska,Sherman,4,0,0,41.22045983,-98.97588642,31163.0,133.2889036987671,0.0,4,4,0,0,4,5,3038,0,0,0,0,-1
2020-06-12,US,Nebraska,Sioux,2,0,0,42.48932059,-103.7576544,31165.0,171.52658662092625,0.0,2,1,0,0,1,,1187,1,0,0,1,
2020-06-12,US,Nebraska,Stanton,21,0,0,41.9169835,-97.19394708,31167.0,354.72972972972974,0.0,21,21,0,0,21,21,5970,0,0,0,0,0
2020-06-12,US,Nebraska,Thayer,1,0,0,40.17626377,-97.59504381,31169.0,19.98800719568259,0.0,1,1,0,0,1,1,5039,0,0,0,0,0
2020-06-12,US,Nebraska,Thomas,1,0,0,41.91358968,-100.5556632,31171.0,138.50415512465375,0.0,1,1,0,0,1,1,720,0,0,0,0,0
2020-06-12,US,Nebraska,Thurston,63,0,0,42.15725356,-96.54157099,31173.0,872.0930232558139,0.0,63,63,0,0,63,61,7303,0,0,0,0,2
2020-06-12,US,Nebraska,Unassigned,180,1,0,0.0,0.0,90031.0,0.0,0.5555555555555556,179,180,1,0,179,217,,0,0,0,0,-37
2020-06-12,US,Nebraska,Valley,7,0,0,41.56730777,-98.98197724,31175.0,168.3501683501684,0.0,7,7,0,0,7,7,4190,0,0,0,0,0
2020-06-12,US,Nebraska,Washington,39,1,0,41.52815707,-96.22019892,31177.0,188.1422162188239,2.5641025641025643,38,38,1,0,37,36,20667,1,0,0,1,2
2020-06-12,US,Nebraska,Wayne,26,0,0,42.20934475,-97.11926964,31179.0,277.0378263185935,0.0,26,26,0,0,26,26,9403,0,0,0,0,0
2020-06-12,US,Nebraska,Webster,6,0,0,40.17642643,-98.50019851,31181.0,172.0676799541153,0.0,6,6,0,0,6,5,3533,0,0,0,0,1
2020-06-12,US,Nebraska,York,37,0,0,40.87272618,-97.59710186,31185.0,270.4876087433292,0.0,37,37,0,0,37,37,13772,0,0,0,0,0
2020-06-12,US,Nevada,Carson City,115,5,0,39.15509045,-119.7480219,32510.0,205.66564131912156,4.3478260869565215,110,115,5,0,110,115,55414,0,0,0,0,0
2020-06-12,US,Nevada,Churchill,10,1,0,39.58105744,-118.3394607,32001.0,40.14613192018949,10.0,9,10,1,0,9,10,24440,0,0,0,0,0
2020-06-12,US,Nevada,Clark,8314,377,0,36.21458855,-115.0130241,32003.0,366.7862964686783,4.5345200866009145,7937,8100,375,0,7725,7915,2231647,214,2,0,212,185
2020-06-12,US,Nevada,Douglas,39,0,0,38.912862,-119.61713329999999,32005.0,79.74644719353849,0.0,39,39,0,0,39,39,48467,0,0,0,0,0
2020-06-12,US,Nevada,Elko,37,1,0,41.14531606,-115.3577619,32007.0,70.10496797908219,2.702702702702702,36,39,1,0,38,33,52460,-2,0,0,-2,6
2020-06-12,US,Nevada,Humboldt,78,4,0,41.40692186,-118.11094270000001,32013.0,463.43057453508413,5.128205128205129,74,78,4,0,74,78,16786,0,0,0,0,0
2020-06-12,US,Nevada,Lander,22,0,0,39.933223299999995,-117.03970749999999,32015.0,397.68618944323936,0.0,22,24,0,0,24,24,5575,-2,0,0,-2,0
2020-06-12,US,Nevada,Lincoln,2,0,0,37.64268459,-114.8790388,32017.0,38.58769052672198,0.0,2,2,0,0,2,2,5201,0,0,0,0,0
2020-06-12,US,Nevada,Lyon,91,2,0,39.01777974,-119.18704790000001,32019.0,158.23335072161362,2.1978021978021984,89,89,2,0,87,89,55808,2,0,0,2,0
2020-06-12,US,Nevada,Mineral,4,0,0,38.53841696,-118.4344506,32021.0,88.79023307436182,0.0,4,4,0,0,4,4,4514,0,0,0,0,0
2020-06-12,US,Nevada,Nye,69,2,0,38.04264256,-116.47227020000001,32023.0,148.31373729123231,2.898550724637681,67,72,2,0,70,69,45346,-3,0,0,-3,3
2020-06-12,US,Nevada,Pershing,5,0,0,40.44003782,-118.40056409999998,32027.0,74.34944237918216,0.0,5,4,0,0,4,4,6666,1,0,0,1,0
2020-06-12,US,Nevada,Storey,1,0,0,39.44875482,-119.5250207,32029.0,24.254183846713556,0.0,1,1,0,0,1,1,4029,0,0,0,0,0
2020-06-12,US,Nevada,Washoe,1914,69,0,40.66562265,-119.6631594,32031.0,405.92213675376814,3.6050156739811916,1845,1893,69,0,1824,1832,465735,21,0,0,21,61
2020-06-12,US,Nevada,White Pine,3,0,0,39.44157041,-114.89996599999999,32033.0,31.315240083507305,0.0,3,3,0,0,3,3,9475,0,0,0,0,0
2020-06-12,US,New Hampshire,Belknap,73,1,0,43.51637314,-71.41684235,33001.0,119.08063226922009,1.3698630136986298,72,72,0,0,72,70,61022,1,1,0,0,2
2020-06-12,US,New Hampshire,Carroll,49,0,0,43.87498583,-71.20430216,33003.0,100.1840114496013,0.0,49,49,0,0,49,49,48779,0,0,0,0,0
2020-06-12,US,New Hampshire,Cheshire,60,2,0,42.92015988,-72.25311043,33005.0,78.85917066438851,3.333333333333333,58,60,2,0,58,59,76493,0,0,0,0,1
2020-06-12,US,New Hampshire,Coos,6,0,0,44.69063265,-71.30633239,33007.0,19.0095998479232,0.0,6,6,0,0,6,6,31589,0,0,0,0,0
2020-06-12,US,New Hampshire,Grafton,76,1,0,43.93779815,-71.82057197,33009.0,84.55154306566095,1.3157894736842106,75,76,1,0,75,76,89786,0,0,0,0,0
2020-06-12,US,New Hampshire,Hillsborough,2883,200,0,42.91537785,-71.7200253,33011.0,691.3254601043103,6.93721817551162,2683,2853,194,0,2659,2833,415247,30,6,0,24,20
2020-06-12,US,New Hampshire,Merrimack,390,18,0,43.29662971,-71.6811573,33013.0,257.611086524298,4.615384615384615,372,386,18,0,368,383,151132,4,0,0,4,3
2020-06-12,US,New Hampshire,Rockingham,1406,79,0,42.98499744,-71.12883377,33015.0,453.8866058256314,5.61877667140825,1327,1400,79,0,1321,1392,309176,6,0,0,6,8
2020-06-12,US,New Hampshire,Strafford,278,13,0,43.291833000000004,-71.02336013,33017.0,212.80993317155696,4.676258992805756,265,278,13,0,265,278,130090,0,0,0,0,0
2020-06-12,US,New Hampshire,Sullivan,25,1,0,43.36094111,-72.22203125,33019.0,57.942798868956565,4.0,24,25,1,0,24,24,43144,0,0,0,0,1
2020-06-12,US,New Hampshire,Unassigned,5,0,0,0.0,0.0,90033.0,0.0,0.0,5,4,0,0,4,8,,1,0,0,1,-4
2020-06-12,US,New Jersey,Atlantic,2453,172,0,39.47538693,-74.65848483,34001.0,930.3295786399666,7.011822258459031,2281,2431,171,0,2260,2422,265429,22,1,0,21,9
2020-06-12,US,New Jersey,Bergen,18743,1649,0,40.96010917,-74.07164325,34003.0,2010.6157249179896,8.797951235127783,17094,18719,1646,0,17073,18667,936692,24,3,0,21,52
2020-06-12,US,New Jersey,Burlington,4848,350,0,39.87681124,-74.66927768,34005.0,1088.5844584808767,7.219471947194719,4498,4832,349,0,4483,4826,445384,16,1,0,15,6
2020-06-12,US,New Jersey,Camden,6952,399,0,39.80343818,-74.96388753,34007.0,1372.6353532581331,5.739355581127733,6553,6938,400,0,6538,6903,507078,14,-1,0,15,35
2020-06-12,US,New Jersey,Cape May,664,57,0,39.15008829,-74.80170244,34009.0,721.4333054466043,8.58433734939759,607,663,55,0,608,662,92560,1,2,0,-1,1
2020-06-12,US,New Jersey,Cumberland,2645,104,0,39.37199394,-75.10712559,34011.0,1768.9113003002801,3.9319470699432886,2541,2627,102,0,2525,2604,150972,18,2,0,16,23
2020-06-12,US,New Jersey,Essex,18295,1728,0,40.78681335,-74.24657979,34013.0,2289.8088175474827,9.445203607543043,16567,18234,1723,0,16511,18206,799767,61,5,0,56,28
2020-06-12,US,New Jersey,Gloucester,2379,156,0,39.71581067,-75.13995546,34015.0,815.7429123976464,6.557377049180328,2223,2367,155,0,2212,2357,291408,12,1,0,11,10
2020-06-12,US,New Jersey,Hudson,19149,1246,0,40.73766234,-74.07515667,34017.0,2847.896536390285,6.506867199331558,17903,19066,1242,0,17824,19066,676061,83,4,0,79,0
2020-06-12,US,New Jersey,Hunterdon,1034,66,0,40.56335249,-74.91284156,34019.0,831.3835218821107,6.382978723404255,968,1032,65,0,967,1028,124714,2,1,0,1,4
2020-06-12,US,New Jersey,Mercer,7295,515,0,40.28047017,-74.70479631,34021.0,1985.4121873554147,7.059629883481837,6780,7275,510,0,6765,7245,369811,20,5,0,15,30
2020-06-12,US,New Jersey,Middlesex,16353,1070,0,40.43629879,-74.41426991,34023.0,1982.0328654089026,6.543141931144133,15283,16327,1069,0,15258,16288,829685,26,1,0,25,39
2020-06-12,US,New Jersey,Monmouth,8660,662,0,40.26549699,-74.22240686,34025.0,1399.4941782011813,7.644341801385681,7998,8627,661,0,7966,8563,621354,33,1,0,32,64
2020-06-12,US,New Jersey,Morris,6556,632,0,40.86095313,-74.54553709999998,34027.0,1332.9402555683193,9.640024405125075,5924,6601,631,0,5970,6596,494228,-45,1,0,-46,5
2020-06-12,US,New Jersey,Ocean,9200,807,0,39.8895449,-74.28089251,34029.0,1515.1864502804742,8.771739130434783,8393,9166,803,0,8363,9100,601651,34,4,0,30,66
2020-06-12,US,New Jersey,Passaic,16581,988,0,41.03238628,-74.29954144,34031.0,3304.133305169521,5.958627344550992,15593,16555,984,0,15571,16524,503310,26,4,0,22,31
2020-06-12,US,New Jersey,Salem,699,56,0,39.58719656,-75.34696629999998,34033.0,1120.4616494349602,8.011444921316166,643,689,55,0,634,687,62607,10,1,0,9,2
2020-06-12,US,New Jersey,Somerset,4736,433,0,40.56465737,-74.61683016,34035.0,1439.8025135741516,9.142736486486486,4303,4721,432,0,4289,4698,331164,15,1,0,14,23
2020-06-12,US,New Jersey,Sussex,1179,149,0,41.13891592,-74.69118243,34037.0,839.2175844200218,12.63782866836302,1030,1179,149,0,1030,1179,140799,0,0,0,0,0
2020-06-12,US,New Jersey,Unassigned,192,0,0,0.0,0.0,90034.0,0.0,0.0,192,232,0,0,232,211,,-40,0,0,-40,21
2020-06-12,US,New Jersey,Union,16351,1112,0,40.65835409,-74.30680092,34039.0,2939.024806728248,6.800807290074003,15239,16337,1104,0,15233,16317,558067,14,8,0,6,20
2020-06-12,US,New Jersey,Warren,1200,138,0,40.85951833,-74.99556527,34041.0,1139.9583915187095,11.5,1062,1198,137,0,1061,1197,105779,2,1,0,1,1
2020-06-12,US,New Mexico,Bernalillo,1669,77,0,35.05163625,-106.6703554,35001.0,245.7588559328897,4.613541042540444,1592,1652,77,0,1575,1623,678701,17,0,0,17,29
2020-06-12,US,New Mexico,Catron,2,1,0,33.91514144,-108.4046587,35003.0,56.70541536716757,50.0,1,2,1,0,1,2,3578,0,0,0,0,0
2020-06-12,US,New Mexico,Chaves,53,2,0,33.36406072,-104.4665365,35005.0,82.02429776367717,3.7735849056603774,51,52,2,0,50,50,64689,1,0,0,1,2
2020-06-12,US,New Mexico,Cibola,180,7,0,34.91131525,-107.998876,35006.0,674.7891283973759,3.888888888888889,173,172,7,0,165,170,26746,8,0,0,8,2
2020-06-12,US,New Mexico,Colfax,5,0,0,36.60569702,-104.64726740000002,35007.0,41.87253998827568,0.0,5,6,0,0,6,6,12110,-1,0,0,-1,0
2020-06-12,US,New Mexico,Curry,71,0,0,34.57421077,-103.34688759999999,35009.0,145.0341136577195,0.0,71,68,0,0,68,68,49437,3,0,0,3,0
2020-06-12,US,New Mexico,Dona Ana,637,5,0,32.35275771,-106.83293870000001,35013.0,291.94069524966204,0.7849293563579278,632,632,5,0,627,615,217522,5,0,0,5,17
2020-06-12,US,New Mexico,Eddy,46,1,0,32.47167456,-104.3053527,35015.0,78.6862812179268,2.1739130434782608,45,45,1,0,44,42,57900,1,0,0,1,3
2020-06-12,US,New Mexico,Grant,17,0,0,32.73911281,-108.3827845,35017.0,62.96762723164679,0.0,17,16,0,0,16,15,27346,1,0,0,1,1
2020-06-12,US,New Mexico,Guadalupe,20,0,0,34.86319296,-104.790669,35019.0,465.11627906976736,0.0,20,20,0,0,20,20,4341,0,0,0,0,0
2020-06-12,US,New Mexico,Harding,1,0,0,35.85751555,-103.82209379999999,35021.0,160.0,0.0,1,1,0,0,1,1,655,0,0,0,0,0
2020-06-12,US,New Mexico,Hidalgo,2,0,0,31.91383467,-108.7151824,35023.0,47.6417341591234,0.0,2,1,0,0,1,1,4240,1,0,0,1,0
2020-06-12,US,New Mexico,Lea,38,0,0,32.79215361,-103.4123733,35025.0,53.46841142535529,0.0,38,35,0,0,35,34,69611,3,0,0,3,1
2020-06-12,US,New Mexico,Lincoln,5,0,0,33.74526079,-105.4586166,35027.0,25.546699366441857,0.0,5,5,0,0,5,5,19556,0,0,0,0,0
2020-06-12,US,New Mexico,Los Alamos,6,0,0,35.86631386,-106.31349850000001,35028.0,30.977334916619338,0.0,6,6,0,0,6,6,19101,0,0,0,0,0
2020-06-12,US,New Mexico,Luna,20,1,0,32.18179341,-107.75088259999998,35029.0,84.35615167236071,5.0,19,20,1,0,19,12,23963,0,0,0,0,8
2020-06-12,US,New Mexico,McKinley,2870,139,0,35.58007720000001,-108.262245,35031.0,4021.466504126557,4.843205574912892,2731,2822,139,0,2683,2807,72290,48,0,0,48,15
2020-06-12,US,New Mexico,Otero,30,4,0,32.61348406,-105.7417604,35035.0,44.45102978218996,13.333333333333336,26,28,4,0,24,28,66781,2,0,0,2,0
2020-06-12,US,New Mexico,Quay,4,1,0,35.10403332,-103.54817270000001,35037.0,48.467224039743115,25.0,3,4,1,0,3,4,8253,0,0,0,0,0
2020-06-12,US,New Mexico,Rio Arriba,60,1,0,36.51072137,-106.69316740000001,35039.0,154.15842347318932,1.6666666666666667,59,60,1,0,59,59,39006,0,0,0,0,1
2020-06-12,US,New Mexico,Roosevelt,53,0,0,34.02097406,-103.4799493,35041.0,286.4864864864865,0.0,53,51,0,0,51,46,18743,2,0,0,2,5
2020-06-12,US,New Mexico,San Juan,2081,143,0,36.50838318,-108.32043700000001,35045.0,1678.7944303715774,6.871696299855839,1938,2043,143,0,1900,2034,125043,38,0,0,38,9
2020-06-12,US,New Mexico,San Miguel,16,0,0,35.48014807,-104.8163562,35047.0,58.65747699527074,0.0,16,16,0,0,16,16,27591,0,0,0,0,0
2020-06-12,US,New Mexico,Sandoval,609,27,0,35.68862401,-106.86878030000001,35043.0,414.99713795077275,4.433497536945813,582,607,27,0,580,604,145179,2,0,0,2,3
2020-06-12,US,New Mexico,Santa Fe,165,3,0,35.50708973,-105.9774716,35049.0,109.7380917543463,1.818181818181818,162,161,3,0,158,160,150056,4,0,0,4,1
2020-06-12,US,New Mexico,Sierra,3,0,0,33.13028233,-107.1925893,35051.0,27.80094523213789,0.0,3,3,0,0,3,3,10968,0,0,0,0,0
2020-06-12,US,New Mexico,Socorro,55,5,0,34.00715494,-106.9298354,35053.0,330.58844743643687,9.090909090909092,50,55,5,0,50,55,16735,0,0,0,0,0
2020-06-12,US,New Mexico,Taos,32,0,0,36.58006022,-105.63101979999999,35055.0,97.79054487669224,0.0,32,31,0,0,31,31,32835,1,0,0,1,0
2020-06-12,US,New Mexico,Torrance,34,1,0,34.64048375,-105.8508949,35057.0,219.90815600543306,2.9411764705882355,33,35,1,0,34,35,15591,-1,0,0,-1,0
2020-06-12,US,New Mexico,Unassigned,650,0,0,0.0,0.0,90035.0,0.0,0.0,650,627,0,0,627,609,,23,0,0,23,18
2020-06-12,US,New Mexico,Union,5,0,0,36.48126404,-103.4709624,35059.0,123.1830500123183,0.0,5,5,0,0,5,5,4118,0,0,0,0,0
2020-06-12,US,New Mexico,Valencia,87,2,0,34.71669834,-106.8103733,35061.0,113.44669309409555,2.2988505747126435,85,86,2,0,84,84,76456,1,0,0,1,2
2020-06-12,US,New York,Albany,2007,118,0,42.60060306,-73.97723916,36001.0,656.9429078315974,5.8794220229197816,1889,1996,115,0,1881,1986,307117,11,3,0,8,10
2020-06-12,US,New York,Allegany,53,0,0,42.25748406,-78.02750466,36003.0,114.98991126250245,0.0,53,53,0,0,53,52,46430,0,0,0,0,1
2020-06-12,US,New York,Broome,644,52,0,42.15903158,-75.81326086,36007.0,338.0790390995758,8.074534161490684,592,641,52,0,589,630,191659,3,0,0,3,11
2020-06-12,US,New York,Cattaraugus,101,5,0,42.24778241,-78.67923096,36009.0,132.6904633656082,4.950495049504951,96,98,5,0,93,96,76840,3,0,0,3,2
2020-06-12,US,New York,Cayuga,103,2,0,42.91261714,-76.55731592,36011.0,134.50689511073966,1.9417475728155342,101,102,2,0,100,102,77145,1,0,0,1,0
2020-06-12,US,New York,Chautauqua,106,4,0,42.22769210000001,-79.36691763,36013.0,83.52836418366785,3.7735849056603774,102,106,4,0,102,105,127939,0,0,0,0,1
2020-06-12,US,New York,Chemung,138,2,0,42.13891056,-76.7638805,36015.0,165.35659509202455,1.4492753623188406,136,138,2,0,136,138,84254,0,0,0,0,0
2020-06-12,US,New York,Chenango,138,5,0,42.49430041,-75.60887553,36017.0,292.3295274005974,3.6231884057971016,133,137,5,0,132,137,47536,1,0,0,1,0
2020-06-12,US,New York,Clinton,98,4,0,44.74530905,-73.67875352,36019.0,121.76181897247936,4.081632653061225,94,98,4,0,94,97,80695,0,0,0,0,1
2020-06-12,US,New York,Columbia,428,37,0,42.24819348,-73.63089095,36021.0,719.7995324666588,8.644859813084112,391,424,34,0,390,420,59916,4,3,0,1,4
2020-06-12,US,New York,Cortland,42,0,0,42.59509207,-76.07048931,36023.0,88.27052815199345,0.0,42,42,0,0,42,42,47823,0,0,0,0,0
2020-06-12,US,New York,Delaware,88,4,0,42.19837623,-74.96709306,36025.0,199.38824062535403,4.545454545454546,84,88,4,0,84,87,44527,0,0,0,0,1
2020-06-12,US,New York,Dutchess,4035,145,0,41.76486060000001,-73.74356679,36027.0,1371.4320673786106,3.5935563816604708,3890,4027,142,0,3885,4022,293718,8,3,0,5,5
2020-06-12,US,New York,Erie,6717,587,0,42.76249024,-78.73063652,36029.0,731.1402391635155,8.739020396010124,6130,6659,580,0,6079,6616,919719,58,7,0,51,43
2020-06-12,US,New York,Essex,40,0,0,44.11630765,-73.77297842,36031.0,108.4451674122272,0.0,40,40,0,0,40,40,37300,0,0,0,0,0
2020-06-12,US,New York,Franklin,24,0,0,44.59040891,-74.29926032,36033.0,47.978889288712956,0.0,24,23,0,0,23,23,50293,1,0,0,1,0
2020-06-12,US,New York,Fulton,231,24,0,43.11363907,-74.41798804,36035.0,432.7220276117865,10.389610389610391,207,230,24,0,206,228,53591,1,0,0,1,2
2020-06-12,US,New York,Genesee,212,5,0,43.0022601,-78.19135193,36037.0,370.11173184357534,2.358490566037736,207,212,5,0,207,211,57511,0,0,0,0,1
2020-06-12,US,New York,Greene,249,18,0,42.275797,-74.12384884,36039.0,527.6765279308298,7.2289156626506035,231,249,18,0,231,249,47491,0,0,0,0,0
2020-06-12,US,New York,Hamilton,5,0,0,43.66146647,-74.49721957,36041.0,113.22463768115942,0.0,5,5,0,0,5,5,4434,0,0,0,0,0
2020-06-12,US,New York,Herkimer,127,3,0,43.42034246,-74.96145307,36043.0,207.11361894355747,2.3622047244094486,124,125,3,0,122,125,61833,2,0,0,2,0
2020-06-12,US,New York,Jefferson,80,0,0,44.04200959,-75.94653457,36045.0,72.83719066955588,0.0,80,79,0,0,79,79,111755,1,0,0,1,0
2020-06-12,US,New York,Lewis,20,0,0,43.784415700000004,-75.44903992,36049.0,76.057195010648,0.0,20,20,0,0,20,20,26447,0,0,0,0,0
2020-06-12,US,New York,Livingston,121,8,0,42.72596275,-77.77966158,36051.0,192.32603236163646,6.6115702479338845,113,121,7,0,114,121,63227,0,1,0,-1,0
2020-06-12,US,New York,Madison,333,17,0,42.91653905,-75.67266639,36053.0,469.40415274664866,5.105105105105106,316,333,15,0,318,331,70795,0,2,0,-2,2
2020-06-12,US,New York,Monroe,3320,247,0,43.14638895,-77.69322942,36055.0,447.5780902436065,7.439759036144578,3073,3293,236,0,3057,3255,742474,27,11,0,16,38
2020-06-12,US,New York,Montgomery,103,4,0,42.90123494,-74.44011632,36057.0,209.26027508583732,3.8834951456310685,99,101,4,0,97,100,49455,2,0,0,2,1
2020-06-12,US,New York,Nassau,41114,2163,0,40.74066522,-73.58941873,36059.0,3029.941249473073,5.260981660748164,38951,41060,2151,0,38909,41015,1358343,54,12,0,42,45
2020-06-12,US,New York,New York City,208954,22043,0,40.76727260000001,-73.97152637,36061.0,2506.4002244501708,10.549211788240472,186911,208517,21993,0,186524,208118,1628701,437,50,0,387,399
2020-06-12,US,New York,Niagara,1143,78,0,43.19898042,-78.74777412,36063.0,546.1556471920528,6.8241469816272975,1065,1136,70,0,1066,1129,210433,7,8,0,-1,7
2020-06-12,US,New York,Oneida,1237,77,0,43.24375382,-75.43710392,36065.0,540.9518478512798,6.224737267582863,1160,1216,61,0,1155,1203,229577,21,16,0,5,13
2020-06-12,US,New York,Onondaga,2474,166,0,43.00491923,-76.19971155,36067.0,537.2094639196748,6.709781729991916,2308,2454,151,0,2303,2433,461809,20,15,0,5,21
2020-06-12,US,New York,Ontario,230,9,0,42.85145728,-77.30874425,36069.0,209.51565446313893,3.9130434782608696,221,229,9,0,220,222,109864,1,0,0,1,7
2020-06-12,US,New York,Orange,10558,473,0,41.40337468,-74.30240757,36071.0,2742.765106250325,4.4800151543853,10085,10550,467,0,10083,10541,381951,8,6,0,2,9
2020-06-12,US,New York,Orleans,260,49,0,43.2516977,-78.2320066,36073.0,644.3298969072165,18.846153846153847,211,260,41,0,219,259,40612,0,8,0,-8,1
2020-06-12,US,New York,Oswego,120,3,0,43.42778894,-76.14635194,36075.0,102.45551722960282,2.5,117,119,3,0,116,115,117898,1,0,0,1,4
2020-06-12,US,New York,Otsego,78,5,0,42.63492579,-75.03151402,36077.0,131.10786142907568,6.410256410256411,73,78,5,0,73,77,59749,0,0,0,0,1
2020-06-12,US,New York,Putnam,1282,62,0,41.42630093,-73.74965532,36079.0,1303.9056143205858,4.8361934477379105,1220,1282,60,0,1222,1282,98892,0,2,0,-2,0
2020-06-12,US,New York,Rensselaer,510,28,0,42.71348136,-73.51089874,36083.0,321.332711670048,5.490196078431373,482,508,28,0,480,507,159442,2,0,0,2,1
2020-06-12,US,New York,Rockland,13396,661,0,41.15027894,-74.02560498,36087.0,4111.863813695367,4.9343087488802615,12735,13385,661,0,12724,13372,325695,11,0,0,11,13
2020-06-12,US,New York,Saratoga,514,14,0,43.10904162,-73.86653895,36091.0,223.61145551915703,2.723735408560312,500,513,14,0,499,511,230163,1,0,0,1,2
2020-06-12,US,New York,Schenectady,721,36,0,42.81668777,-74.05278291,36093.0,464.26570679785453,4.993065187239943,685,717,30,0,687,716,155350,4,6,0,-2,1
2020-06-12,US,New York,Schoharie,54,0,0,42.58831742,-74.44339029999998,36095.0,174.19916771508758,0.0,54,54,0,0,54,54,31097,0,0,0,0,0
2020-06-12,US,New York,Schuyler,12,0,0,42.39184015,-76.8773299,36097.0,67.38922895490539,0.0,12,12,0,0,12,12,17912,0,0,0,0,0
2020-06-12,US,New York,Seneca,63,0,0,42.78081007,-76.82497064,36099.0,185.2069614299153,0.0,63,62,0,0,62,61,34300,1,0,0,1,1
2020-06-12,US,New York,St. Lawrence,214,2,0,44.4976179,-75.06550039,36089.0,198.62632262855018,0.9345794392523364,212,212,2,0,210,209,108047,2,0,0,2,3
2020-06-12,US,New York,Steuben,254,41,0,42.2689144,-77.3829924,36101.0,266.3060002725967,16.141732283464567,213,254,41,0,213,253,95796,0,0,0,0,1
2020-06-12,US,New York,Suffolk,40559,1945,0,40.88320119,-72.8012172,36103.0,2746.781290274082,4.7954831233511666,38614,40512,1945,0,38567,40464,1481093,47,0,0,47,48
2020-06-12,US,New York,Sullivan,1428,45,0,41.71579493,-74.76394559,36105.0,1893.0957683741651,3.1512605042016806,1383,1426,31,0,1395,1425,75498,2,14,0,-12,1
2020-06-12,US,New York,Tioga,137,24,0,42.16852837,-76.30835812,36107.0,284.2146754351389,17.51824817518248,113,135,22,0,113,135,48560,2,2,0,0,0
2020-06-12,US,New York,Tompkins,172,0,0,42.44945765,-76.47229843,36109.0,168.3303973380309,0.0,172,171,0,0,171,171,102793,1,0,0,1,0
2020-06-12,US,New York,Ulster,1734,83,0,41.89027881,-74.26252104,36111.0,976.4998057137063,4.786620530565167,1651,1729,79,0,1650,1726,178599,5,4,0,1,3
2020-06-12,US,New York,Warren,257,30,0,43.56173026,-73.8433699,36113.0,401.9141749030401,11.673151750972762,227,257,28,0,229,257,64265,0,2,0,-2,0
2020-06-12,US,New York,Washington,242,14,0,43.31153794,-73.43043448,36115.0,395.39899352983457,5.785123966942148,228,241,13,0,228,240,61197,1,1,0,0,1
2020-06-12,US,New York,Wayne,129,3,0,43.15494365,-77.02976528,36117.0,143.4640450187949,2.3255813953488373,126,127,3,0,124,126,90064,2,0,0,2,1
2020-06-12,US,New York,Westchester,34175,1402,0,41.16278376,-73.75741653,36119.0,3532.2778360030848,4.102414045354792,32773,34106,1400,0,32706,34076,967612,69,2,0,67,30
2020-06-12,US,New York,Wyoming,91,5,0,42.70145109,-78.22199579,36121.0,228.30477432951156,5.494505494505495,86,91,5,0,86,91,40085,0,0,0,0,0
2020-06-12,US,New York,Yates,39,6,0,42.63505484,-77.10369919,36123.0,156.5447758198531,15.384615384615385,33,39,6,0,33,39,24841,0,0,0,0,0
2020-06-12,US,North Carolina,Alamance,641,31,0,36.0434701,-79.39976137,37001.0,378.15101263059785,4.8361934477379105,610,581,30,0,551,574,166436,60,1,0,59,7
2020-06-12,US,North Carolina,Alexander,46,0,0,35.922379600000006,-81.17751948,37003.0,122.67648078512948,0.0,46,43,0,0,43,43,37353,3,0,0,3,0
2020-06-12,US,North Carolina,Alleghany,30,0,0,36.49360862,-81.12857041,37005.0,269.37236239561815,0.0,30,30,0,0,30,30,11161,0,0,0,0,0
2020-06-12,US,North Carolina,Anson,83,1,0,34.97403241,-80.09953279,37007.0,339.5238484823693,1.2048192771084338,82,81,1,0,80,78,24877,2,0,0,2,3
2020-06-12,US,North Carolina,Ashe,43,1,0,36.43296207,-81.49862729,37009.0,158.07080101459397,2.3255813953488373,42,42,1,0,41,42,27109,1,0,0,1,0
2020-06-12,US,North Carolina,Avery,6,0,0,36.07569796,-81.92308483,37011.0,34.17440337187447,0.0,6,6,0,0,6,6,17505,0,0,0,0,0
2020-06-12,US,North Carolina,Beaufort,49,0,0,35.48531943,-76.84325809,37013.0,104.26863003787716,0.0,49,45,0,0,45,44,47079,4,0,0,4,1
2020-06-12,US,North Carolina,Bertie,135,4,0,36.0688473,-76.96545943,37015.0,712.5138544360585,2.962962962962963,131,135,4,0,131,134,19026,0,0,0,0,1
2020-06-12,US,North Carolina,Bladen,186,2,0,34.61296243,-78.56180059,37017.0,568.4249129026343,1.075268817204301,184,173,2,0,171,165,33190,13,0,0,13,8
2020-06-12,US,North Carolina,Brunswick,190,3,0,34.070565,-78.22814204,37019.0,133.0345889931382,1.5789473684210529,187,183,3,0,180,163,136744,7,0,0,7,20
2020-06-12,US,North Carolina,Buncombe,426,34,0,35.61113393,-82.53305,37021.0,163.09903480594662,7.981220657276995,392,417,34,0,383,408,259103,9,0,0,9,9
2020-06-12,US,North Carolina,Burke,775,18,0,35.74989637,-81.70755735,37023.0,856.4955517489087,2.3225806451612905,757,710,18,0,692,710,90382,65,0,0,65,0
2020-06-12,US,North Carolina,Cabarrus,685,25,0,35.3877799,-80.55267168,37025.0,316.465930248137,3.6496350364963503,660,662,25,0,637,617,211342,23,0,0,23,45
2020-06-12,US,North Carolina,Caldwell,238,3,0,35.95204977,-81.54799522,37027.0,289.6152254861398,1.2605042016806722,235,228,3,0,225,219,82029,10,0,0,10,9
2020-06-12,US,North Carolina,Camden,3,0,0,36.33804939,-76.15568396,37029.0,27.606515137572465,0.0,3,3,0,0,3,3,10710,0,0,0,0,0
2020-06-12,US,North Carolina,Carteret,45,3,0,34.8932941,-76.54120135,37031.0,64.77336519223296,6.666666666666668,42,43,3,0,40,42,69524,2,0,0,2,1
2020-06-12,US,North Carolina,Caswell,101,1,0,36.39312665,-79.33353281,37033.0,446.8235710493717,0.99009900990099,100,101,1,0,100,98,22698,0,0,0,0,3
2020-06-12,US,North Carolina,Catawba,379,11,0,35.66211129,-81.2132617,37035.0,237.54160111813775,2.9023746701846966,368,341,11,0,330,338,158652,38,0,0,38,3
2020-06-12,US,North Carolina,Chatham,780,37,0,35.70394416,-79.25541492,37037.0,1047.401638243588,4.743589743589744,743,759,37,0,722,749,73139,21,0,0,21,10
2020-06-12,US,North Carolina,Cherokee,30,1,0,35.1349263,-84.05970864,37039.0,104.85111142178108,3.333333333333333,29,30,1,0,29,30,28383,0,0,0,0,0
2020-06-12,US,North Carolina,Chowan,19,0,0,36.12908077,-76.60118385,37041.0,136.26909560352863,0.0,19,19,0,0,19,18,14029,0,0,0,0,1
2020-06-12,US,North Carolina,Clay,8,0,0,35.05704275,-83.74353633,37043.0,71.23141305315643,0.0,8,8,0,0,8,8,11139,0,0,0,0,0
2020-06-12,US,North Carolina,Cleveland,143,2,0,35.33553364,-81.55204486,37045.0,145.99732508397395,1.3986013986013983,141,134,2,0,132,127,97645,9,0,0,9,7
2020-06-12,US,North Carolina,Columbus,404,29,0,34.26744084,-78.65801424,37047.0,727.8230165021257,7.1782178217821775,375,388,28,0,360,379,55655,16,1,0,15,9
2020-06-12,US,North Carolina,Craven,256,5,0,35.11833364,-77.08398081,37049.0,250.63883531266217,1.953125,251,243,5,0,238,241,102912,13,0,0,13,2
2020-06-12,US,North Carolina,Cumberland,855,30,0,35.04762133,-78.82623165,37051.0,254.8366809832225,3.5087719298245608,825,828,30,0,798,811,332330,27,0,0,27,17
2020-06-12,US,North Carolina,Currituck,15,0,0,36.36123664,-75.95876401,37053.0,54.028743291431034,0.0,15,15,0,0,15,15,27072,0,0,0,0,0
2020-06-12,US,North Carolina,Dare,25,1,0,35.66520691,-75.71767334,37055.0,67.55113621011104,4.0,24,25,1,0,24,25,36501,0,0,0,0,0
2020-06-12,US,North Carolina,Davidson,589,13,0,35.79115496,-80.21256572,37057.0,351.4131102745079,2.2071307300509337,576,556,13,0,543,544,166614,33,0,0,33,12
2020-06-12,US,North Carolina,Davie,132,2,0,35.93099927,-80.54496571,37059.0,308.08010082621485,1.5151515151515151,130,131,2,0,129,126,42733,1,0,0,1,5
2020-06-12,US,North Carolina,Duplin,1130,20,0,34.93449805,-77.93140529,37061.0,1923.6989496263254,1.7699115044247788,1110,1096,20,0,1076,1072,58856,34,0,0,34,24
2020-06-12,US,North Carolina,Durham,2473,54,0,36.03638492,-78.87608331,37063.0,769.235554670781,2.183582693085321,2419,2370,53,0,2317,2284,316739,103,1,0,102,86
2020-06-12,US,North Carolina,Edgecombe,235,9,0,35.91230639,-77.59436892,37065.0,456.5589058128691,3.8297872340425534,226,234,9,0,225,231,52005,1,0,0,1,3
2020-06-12,US,North Carolina,Forsyth,2051,25,0,36.12859861,-80.25459052,37067.0,536.4966844975738,1.2189176011701608,2026,1967,25,0,1942,1925,379099,84,0,0,84,42
2020-06-12,US,North Carolina,Franklin,209,22,0,36.081519,-78.28708884,37069.0,299.92107340173635,10.526315789473683,187,202,22,0,180,197,67560,7,0,0,7,5
2020-06-12,US,North Carolina,Gaston,452,8,0,35.29373559,-81.17477045,37071.0,201.31029844697116,1.7699115044247788,444,406,8,0,398,392,222846,46,0,0,46,14
2020-06-12,US,North Carolina,Gates,24,1,0,36.44667547,-76.69749701,37073.0,207.57654385054488,4.166666666666667,23,24,1,0,23,24,11573,0,0,0,0,0
2020-06-12,US,North Carolina,Graham,6,0,0,35.3506925,-83.83369267,37075.0,71.08162539983414,0.0,6,6,0,0,6,6,8484,0,0,0,0,0
2020-06-12,US,North Carolina,Granville,653,15,0,36.30337451,-78.65184241,37077.0,1080.3566997005444,2.2970903522205206,638,631,14,0,617,610,60115,22,1,0,21,21
2020-06-12,US,North Carolina,Greene,117,2,0,35.48544173,-77.67578087,37079.0,555.3182400683469,1.709401709401709,115,107,2,0,105,106,21012,10,0,0,10,1
2020-06-12,US,North Carolina,Guilford,1899,91,0,36.07959451,-79.78824948,37081.0,353.51673759340554,4.791995787256451,1808,1853,85,0,1768,1853,533670,46,6,0,40,0
2020-06-12,US,North Carolina,Halifax,231,2,0,36.25669272,-77.6556109,37083.0,461.9076184763047,0.8658008658008658,229,231,2,0,229,219,50574,0,0,0,0,12
2020-06-12,US,North Carolina,Harnett,381,30,0,35.36731853,-78.87243571,37085.0,280.1965052656351,7.874015748031495,351,363,30,0,333,352,134214,18,0,0,18,11
2020-06-12,US,North Carolina,Haywood,63,0,0,35.55269063,-82.98196486,37087.0,101.0960091146878,0.0,63,63,0,0,63,63,61971,0,0,0,0,0
2020-06-12,US,North Carolina,Henderson,415,48,0,35.33788927,-82.4766782,37089.0,353.4411541769931,11.566265060240966,367,399,48,0,351,389,116748,16,0,0,16,10
2020-06-12,US,North Carolina,Hertford,143,7,0,36.3607755,-76.98104134,37091.0,603.9616505469443,4.895104895104895,136,140,7,0,133,140,23659,3,0,0,3,0
2020-06-12,US,North Carolina,Hoke,296,1,0,35.01888303,-79.23651674,37093.0,535.9017996161783,0.33783783783783783,295,291,1,0,290,288,54764,5,0,0,5,3
2020-06-12,US,North Carolina,Hyde,2,0,0,35.42017674,-76.15180542,37095.0,40.51043143609479,0.0,2,2,0,0,2,2,5230,0,0,0,0,0
2020-06-12,US,North Carolina,Iredell,404,6,0,35.80950511,-80.8743128,37097.0,222.21488839752263,1.4851485148514851,398,378,6,0,372,363,178435,26,0,0,26,15
2020-06-12,US,North Carolina,Jackson,59,1,0,35.28814273,-83.14093385,37099.0,134.28012199007694,1.6949152542372878,58,55,1,0,54,55,43327,4,0,0,4,0
2020-06-12,US,North Carolina,Johnston,756,25,0,35.51745004,-78.36622717,37101.0,361.13672082125163,3.306878306878307,731,699,23,0,676,677,202675,57,2,0,55,22
2020-06-12,US,North Carolina,Jones,28,3,0,35.02254606,-77.35870791,37103.0,297.271472555473,10.714285714285714,25,28,3,0,25,28,9637,0,0,0,0,0
2020-06-12,US,North Carolina,Lee,574,4,0,35.47623147,-79.17569362,37105.0,929.1183088104373,0.6968641114982579,570,561,4,0,557,554,61452,13,0,0,13,7
2020-06-12,US,North Carolina,Lenoir,277,8,0,35.24032589999999,-77.64245615,37107.0,495.0937460901893,2.888086642599278,269,266,8,0,258,261,55976,11,0,0,11,5
2020-06-12,US,North Carolina,Lincoln,118,0,0,35.48508185,-81.21740317,37109.0,137.03243488056114,0.0,118,113,0,0,113,108,83770,5,0,0,5,5
2020-06-12,US,North Carolina,Macon,178,1,0,35.14867843,-83.41696617,37113.0,496.40247643482627,0.5617977528089888,177,159,1,0,158,158,35285,19,0,0,19,1
2020-06-12,US,North Carolina,Madison,4,0,0,35.85402722,-82.71346418,37115.0,18.38657779820731,0.0,4,4,0,0,4,4,21763,0,0,0,0,0
2020-06-12,US,North Carolina,Martin,88,4,0,35.84326734,-77.10860251,37117.0,392.156862745098,4.545454545454546,84,82,4,0,78,78,22671,6,0,0,6,4
2020-06-12,US,North Carolina,McDowell,129,1,0,35.67736232,-82.0482425,37111.0,281.9302386572253,0.7751937984496124,128,121,1,0,120,106,45507,8,0,0,8,15
2020-06-12,US,North Carolina,Mecklenburg,6538,118,0,35.24469268,-80.8317671,37119.0,588.8201621822192,1.8048332823493425,6420,6155,117,0,6038,5861,1093901,383,1,0,382,294
2020-06-12,US,North Carolina,Mitchell,17,0,0,36.01059309,-82.1582442,37121.0,113.60598770382249,0.0,17,17,0,0,17,17,15000,0,0,0,0,0
2020-06-12,US,North Carolina,Montgomery,205,5,0,35.33155144,-79.90416657,37123.0,754.4253486917162,2.4390243902439024,200,205,5,0,200,170,27271,0,0,0,0,35
2020-06-12,US,North Carolina,Moore,288,11,0,35.30885257,-79.48474178,37125.0,285.4877081681205,3.8194444444444446,277,288,11,0,277,266,98682,0,0,0,0,22
2020-06-12,US,North Carolina,Nash,262,4,0,35.96575634,-77.98422508,37127.0,277.8425841481261,1.5267175572519085,258,255,4,0,251,248,94016,7,0,0,7,7
2020-06-12,US,North Carolina,New Hanover,315,5,0,34.25758282,-77.87075626,37129.0,134.34382636806797,1.5873015873015872,310,304,5,0,299,304,232274,11,0,0,11,0
2020-06-12,US,North Carolina,Northampton,170,14,0,36.41736238,-77.39769443,37131.0,872.5555612585332,8.235294117647058,156,170,14,0,156,170,19676,0,0,0,0,0
2020-06-12,US,North Carolina,Onslow,149,2,0,34.72607366,-77.42908179,37133.0,75.27609655548706,1.342281879194631,147,145,2,0,143,136,197683,4,0,0,4,9
2020-06-12,US,North Carolina,Orange,440,40,0,36.06092947,-79.12167935,37135.0,296.3441903068509,9.090909090909092,400,427,40,0,387,415,146027,13,0,0,13,12
2020-06-12,US,North Carolina,Pamlico,15,0,0,35.15253315,-76.66559823,37137.0,117.86892975011787,0.0,15,14,0,0,14,13,12670,1,0,0,1,1
2020-06-12,US,North Carolina,Pasquotank,128,14,0,36.26723798,-76.25134778,37139.0,321.4142225793492,10.9375,114,125,14,0,111,120,39639,3,0,0,3,5
2020-06-12,US,North Carolina,Pender,123,1,0,34.52265624,-77.90352133,37141.0,195.0523311132255,0.8130081300813008,122,122,1,0,121,117,62162,1,0,0,1,5
2020-06-12,US,North Carolina,Perquimans,29,2,0,36.17847453,-76.40603143,37143.0,215.4051845799599,6.896551724137932,27,28,2,0,26,26,13422,1,0,0,1,2
2020-06-12,US,North Carolina,Person,72,1,0,36.38989032,-78.97217358,37145.0,182.3246391491517,1.3888888888888888,71,70,1,0,69,65,39507,2,0,0,2,5
2020-06-12,US,North Carolina,Pitt,451,2,0,35.59535426,-77.37353178,37147.0,249.52695001715148,0.4434589800443459,449,432,2,0,430,416,179914,19,0,0,19,16
2020-06-12,US,North Carolina,Polk,53,4,0,35.27820615,-82.16812354,37149.0,255.74213472302642,7.547169811320754,49,51,4,0,47,51,20611,2,0,0,2,0
2020-06-12,US,North Carolina,Randolph,882,18,0,35.71015088,-79.80570339,37151.0,613.9196892814634,2.0408163265306123,864,866,17,0,849,862,143351,16,1,0,15,4
2020-06-12,US,North Carolina,Richmond,196,4,0,35.00417719,-79.74491009,37153.0,437.216980079859,2.0408163265306123,192,190,4,0,186,188,44887,6,0,0,6,2
2020-06-12,US,North Carolina,Robeson,1040,26,0,34.64244496,-79.10250529999998,37155.0,796.1722488038279,2.5,1014,1001,26,0,975,1001,131831,39,0,0,39,0
2020-06-12,US,North Carolina,Rockingham,124,2,0,36.39593137,-79.77504841,37157.0,136.24876387210196,1.6129032258064515,122,123,2,0,121,118,90690,1,0,0,1,5
2020-06-12,US,North Carolina,Rowan,835,39,0,35.64003916,-80.52446628,37159.0,587.6639828838466,4.6706586826347305,796,808,39,0,769,788,141262,27,0,0,27,20
2020-06-12,US,North Carolina,Rutherford,205,7,0,35.40114178,-81.92112099,37161.0,305.83777171075207,3.414634146341464,198,200,7,0,193,200,66826,5,0,0,5,0
2020-06-12,US,North Carolina,Sampson,702,4,0,34.98820368,-78.36914061,37163.0,1104.9723756906078,0.5698005698005698,698,642,4,0,638,627,63626,60,0,0,60,15
2020-06-12,US,North Carolina,Scotland,104,1,0,34.8386299,-79.4757978,37165.0,298.653188984292,0.9615384615384616,103,102,1,0,101,99,34810,2,0,0,2,3
2020-06-12,US,North Carolina,Stanly,144,4,0,35.31647813,-80.25093221,37167.0,229.27745756774829,2.7777777777777777,140,130,4,0,126,124,62075,14,0,0,14,6
2020-06-12,US,North Carolina,Stokes,91,0,0,36.4017975,-80.23893369,37169.0,199.60079840319358,0.0,91,90,0,0,90,89,45467,1,0,0,1,1
2020-06-12,US,North Carolina,Surry,315,2,0,36.41689489,-80.69102283,37171.0,438.8225624451472,0.6349206349206349,313,300,2,0,298,294,71948,15,0,0,15,6
2020-06-12,US,North Carolina,Swain,37,0,0,35.48665845,-83.48748932,37173.0,259.2670450564081,0.0,37,33,0,0,33,32,14245,4,0,0,4,1
2020-06-12,US,North Carolina,Transylvania,16,1,0,35.20383864,-82.79638423,37175.0,46.531917987494545,6.25,15,16,1,0,15,16,34215,0,0,0,0,0
2020-06-12,US,North Carolina,Tyrrell,5,0,0,35.87147226,-76.17055253,37177.0,124.5019920318725,0.0,5,4,0,0,4,4,4131,1,0,0,1,0
2020-06-12,US,North Carolina,Union,672,22,0,34.98960527,-80.52955873,37179.0,280.1645967005616,3.273809523809524,650,647,22,0,625,616,235908,25,0,0,25,31
2020-06-12,US,North Carolina,Vance,403,31,0,36.36880673,-78.40670845,37181.0,904.9062535084764,7.6923076923076925,372,390,30,0,360,377,44582,13,1,0,12,13
2020-06-12,US,North Carolina,Wake,2769,42,0,35.78879266,-78.65249174,37183.0,249.0643222778997,1.516793066088841,2727,2601,42,0,2559,2541,1092305,168,0,0,168,60
2020-06-12,US,North Carolina,Warren,125,2,0,36.39728256,-78.10652228,37185.0,633.5208555065633,1.6,123,118,2,0,116,113,19807,7,0,0,7,5
2020-06-12,US,North Carolina,Washington,33,3,0,35.83810081,-76.57299037,37187.0,284.9740932642487,9.090909090909092,30,32,3,0,29,32,11859,1,0,0,1,0
2020-06-12,US,North Carolina,Watauga,41,0,0,36.23103603,-81.70033724,37189.0,72.98360539010628,0.0,41,41,0,0,41,41,55945,0,0,0,0,0
2020-06-12,US,North Carolina,Wayne,1448,22,0,35.36438125,-78.00027268,37191.0,1175.9833023365359,1.5193370165745856,1426,1403,22,0,1381,1367,123248,45,0,0,45,36
2020-06-12,US,North Carolina,Wilkes,530,6,0,36.2084135,-81.16232895,37193.0,774.7178857510378,1.1320754716981132,524,516,6,0,510,513,68557,14,0,0,14,3
2020-06-12,US,North Carolina,Wilson,482,13,0,35.70625477,-77.917978,37195.0,589.2348504297014,2.6970954356846475,469,464,13,0,451,456,81455,18,0,0,18,8
2020-06-12,US,North Carolina,Yadkin,228,4,0,36.16222629,-80.66239436,37197.0,605.3043778373643,1.7543859649122806,224,225,4,0,221,225,37543,3,0,0,3,0
2020-06-12,US,North Carolina,Yancey,23,0,0,35.90079156,-82.31237181,37199.0,127.28983341634844,0.0,23,23,0,0,23,23,17903,0,0,0,0,0
2020-06-12,US,North Dakota,Barnes,9,0,0,46.93579637,-98.06605978,38003.0,86.41382621219395,0.0,9,9,0,0,9,9,10542,0,0,0,0,0
2020-06-12,US,North Dakota,Benson,3,0,0,48.0683985,-99.35916363,38005.0,43.911007025761116,0.0,3,3,0,0,3,3,6962,0,0,0,0,0
2020-06-12,US,North Dakota,Bottineau,4,0,0,48.79106111,-100.8378166,38009.0,63.673989175421845,0.0,4,4,0,0,4,4,6411,0,0,0,0,0
2020-06-12,US,North Dakota,Bowman,1,0,0,46.11285362,-103.5203343,38011.0,33.06878306878307,0.0,1,1,0,0,1,1,3076,0,0,0,0,0
2020-06-12,US,North Dakota,Burke,5,0,0,48.79094471,-102.51821170000001,38013.0,236.40661938534282,0.0,5,5,0,0,5,5,2100,0,0,0,0,0
2020-06-12,US,North Dakota,Burleigh,156,0,0,46.97847375,-100.46452140000001,38015.0,163.13554890929242,0.0,156,150,0,0,150,147,95273,6,0,0,6,3
2020-06-12,US,North Dakota,Cass,2006,62,0,46.93201724,-97.24447190000001,38017.0,1102.6643140229658,3.0907278165503485,1944,1984,62,0,1922,1958,181516,22,0,0,22,26
2020-06-12,US,North Dakota,Dickey,2,0,0,46.11017712,-98.50490079999999,38021.0,41.05090311986864,0.0,2,2,0,0,2,1,4903,0,0,0,0,1
2020-06-12,US,North Dakota,Divide,1,0,0,48.814938700000006,-103.48736109999999,38023.0,44.16961130742049,0.0,1,1,0,0,1,1,2283,0,0,0,0,0
2020-06-12,US,North Dakota,Dunn,11,0,0,47.35423935,-102.61604679999999,38025.0,248.64376130198917,0.0,11,11,0,0,11,11,4332,0,0,0,0,0
2020-06-12,US,North Dakota,Eddy,5,0,0,47.71701474,-98.90432337,38027.0,218.62702229995628,0.0,5,5,0,0,5,5,2313,0,0,0,0,0
2020-06-12,US,North Dakota,Emmons,4,1,0,46.28398398,-100.2389766,38029.0,123.41869793273679,25.0,3,4,1,0,3,4,3295,0,0,0,0,0
2020-06-12,US,North Dakota,Foster,1,0,0,47.457108399999996,-98.88279923,38031.0,31.152647975077887,0.0,1,1,0,0,1,1,3216,0,0,0,0,0
2020-06-12,US,North Dakota,Grand Forks,341,4,0,47.92093639,-97.45450447,38035.0,490.99365019942115,1.1730205278592376,337,339,4,0,335,339,70770,2,0,0,2,0
2020-06-12,US,North Dakota,Grant,2,0,0,46.35821257,-101.63900129999999,38037.0,87.95074758135445,0.0,2,2,0,0,2,2,2374,0,0,0,0,0
2020-06-12,US,North Dakota,Griggs,1,0,0,47.45785838,-98.23850925,38039.0,44.822949350067226,0.0,1,1,0,0,1,1,2232,0,0,0,0,0
2020-06-12,US,North Dakota,Kidder,2,0,0,46.97830064,-99.77507857,38043.0,80.64516129032258,0.0,2,2,0,0,2,2,2450,0,0,0,0,0
2020-06-12,US,North Dakota,LaMoure,8,0,0,46.45681054,-98.53542355,38045.0,197.72614928324268,0.0,8,6,0,0,6,6,4062,2,0,0,2,0
2020-06-12,US,North Dakota,McHenry,2,1,0,48.23104458,-100.6324822,38049.0,34.81288076588338,50.0,1,2,1,0,1,2,5816,0,0,0,0,0
2020-06-12,US,North Dakota,McIntosh,1,0,0,46.11182017,-99.44145858,38051.0,40.04805766920305,0.0,1,1,0,0,1,1,2585,0,0,0,0,0
2020-06-12,US,North Dakota,McKenzie,21,0,0,47.74133370000001,-103.395905,38053.0,139.77635782747603,0.0,21,21,0,0,21,18,13632,0,0,0,0,3
2020-06-12,US,North Dakota,McLean,9,0,0,47.60766714,-101.3182418,38055.0,95.23809523809523,0.0,9,8,0,0,8,8,9541,1,0,0,1,0
2020-06-12,US,North Dakota,Mercer,6,0,0,47.31213126,-101.8318399,38057.0,73.28691828508613,0.0,6,6,0,0,6,6,8267,0,0,0,0,0
2020-06-12,US,North Dakota,Morton,62,2,0,46.71681782,-101.2822377,38059.0,197.6788674913914,3.2258064516129035,60,61,2,0,59,60,31095,1,0,0,1,1
2020-06-12,US,North Dakota,Mountrail,43,0,0,48.20197971,-102.3555315,38061.0,407.77619724988153,0.0,43,43,0,0,43,43,10218,0,0,0,0,0
2020-06-12,US,North Dakota,Nelson,1,0,0,47.9226426,-98.19038437,38063.0,34.734282737061484,0.0,1,1,0,0,1,1,2869,0,0,0,0,0
2020-06-12,US,North Dakota,Oliver,1,0,0,47.11530482,-101.3406158,38065.0,51.046452271567134,0.0,1,1,0,0,1,1,1952,0,0,0,0,0
2020-06-12,US,North Dakota,Pembina,6,0,0,48.76623521,-97.5523809,38067.0,88.2223202470225,0.0,6,6,0,0,6,6,6947,0,0,0,0,0
2020-06-12,US,North Dakota,Pierce,3,0,0,48.24977025,-99.96407787,38069.0,75.47169811320755,0.0,3,3,0,0,3,3,4081,0,0,0,0,0
2020-06-12,US,North Dakota,Ramsey,8,1,0,48.26886249,-98.72223879,38071.0,69.4504731313482,12.5,7,8,1,0,7,8,11481,0,0,0,0,0
2020-06-12,US,North Dakota,Ransom,12,0,0,46.45621782,-97.65742504,38073.0,229.97316979685704,0.0,12,12,0,0,12,11,5237,0,0,0,0,1
2020-06-12,US,North Dakota,Renville,3,0,0,48.71982533,-101.6603912,38075.0,128.92135797163732,0.0,3,3,0,0,3,3,2374,0,0,0,0,0
2020-06-12,US,North Dakota,Richland,33,0,0,46.26440649,-96.94852979,38077.0,203.99332385485562,0.0,33,32,0,0,32,31,16239,1,0,0,1,1
2020-06-12,US,North Dakota,Rolette,7,0,0,48.77245354,-99.84097493,38079.0,49.37923250564334,0.0,7,7,0,0,7,7,14301,0,0,0,0,0
2020-06-12,US,North Dakota,Sargent,4,0,0,46.10830372,-97.63217159,38081.0,102.6167265264238,0.0,4,4,0,0,4,4,3870,0,0,0,0,0
2020-06-12,US,North Dakota,Sheridan,1,0,0,47.57700669,-100.3426391,38083.0,76.04562737642586,0.0,1,1,0,0,1,1,1349,0,0,0,0,0
2020-06-12,US,North Dakota,Sioux,3,0,0,46.11323337,-101.04401490000001,38085.0,70.92198581560285,0.0,3,2,0,0,2,2,4358,1,0,0,1,0
2020-06-12,US,North Dakota,Slope,3,0,0,46.44737738,-103.4601547,38087.0,400.0,0.0,3,3,0,0,3,3,763,0,0,0,0,0
2020-06-12,US,North Dakota,Stark,63,2,0,46.80851182,-102.65763259999999,38089.0,200.06986566737592,3.1746031746031744,61,63,2,0,61,63,30997,0,0,0,0,0
2020-06-12,US,North Dakota,Steele,1,0,0,47.45611548,-97.72728747,38091.0,52.91005291005291,0.0,1,1,0,0,1,1,1903,0,0,0,0,0
2020-06-12,US,North Dakota,Stutsman,51,0,0,46.97962541,-98.95637318,38093.0,246.32921174652242,0.0,51,51,0,0,51,51,20917,0,0,0,0,0
2020-06-12,US,North Dakota,Traill,15,0,0,47.45367788,-97.16323288,38097.0,186.66002986560483,0.0,15,15,0,0,15,14,8037,0,0,0,0,1
2020-06-12,US,North Dakota,Walsh,16,0,0,48.36876964,-97.72574783,38099.0,150.3618081007424,0.0,16,16,0,0,16,16,10667,0,0,0,0,0
2020-06-12,US,North Dakota,Ward,45,1,0,48.22390169,-101.54367629999999,38101.0,66.52769769814167,2.2222222222222223,44,45,1,0,44,44,67744,0,0,0,0,1
2020-06-12,US,North Dakota,Wells,8,0,0,47.58614526,-99.65904998,38103.0,208.65936358894103,0.0,8,8,0,0,8,8,3957,0,0,0,0,0
2020-06-12,US,North Dakota,Williams,26,0,0,48.34522353,-103.4793387,38105.0,69.16917183218493,0.0,26,26,0,0,26,25,35350,0,0,0,0,1
2020-06-12,US,Ohio,Adams,12,1,0,38.84541072,-83.4718964,39001.0,43.32442775651671,8.333333333333334,11,12,1,0,11,12,27724,0,0,0,0,0
2020-06-12,US,Ohio,Allen,232,34,0,40.77285242,-84.10802343,39003.0,226.67096559877285,14.655172413793107,198,233,34,0,199,229,102663,-1,0,0,-1,4
2020-06-12,US,Ohio,Ashland,26,0,0,40.84772277,-82.27280781,39005.0,48.612669209483215,0.0,26,26,0,0,26,26,53745,0,0,0,0,0
2020-06-12,US,Ohio,Ashtabula,381,38,0,41.70860332,-80.74830218,39007.0,391.81003897532935,9.973753280839896,343,382,38,0,344,377,97493,-1,0,0,-1,5
2020-06-12,US,Ohio,Athens,23,1,0,39.33425634,-82.04278644,39009.0,35.207494604068756,4.3478260869565215,22,23,1,0,22,22,65818,0,0,0,0,1
2020-06-12,US,Ohio,Auglaize,84,3,0,40.55998859,-84.22421429999999,39011.0,183.98458033993344,3.571428571428572,81,82,3,0,79,81,45804,2,0,0,2,1
2020-06-12,US,Ohio,Belmont,463,18,0,40.01625942,-80.9924051,39013.0,690.9828970539952,3.887688984881209,445,462,16,0,446,460,67505,1,2,0,-1,2
2020-06-12,US,Ohio,Brown,37,1,0,38.93416837,-83.86788395,39015.0,85.190642843986,2.702702702702702,36,36,1,0,35,32,43602,1,0,0,1,4
2020-06-12,US,Ohio,Butler,1065,33,0,39.44012838,-84.57388716,39017.0,277.97063168499795,3.0985915492957745,1032,1048,33,0,1015,1045,382378,17,0,0,17,3
2020-06-12,US,Ohio,Carroll,36,3,0,40.578968599999996,-81.09178213,39019.0,133.75938173441332,8.333333333333334,33,36,3,0,33,36,27081,0,0,0,0,0
2020-06-12,US,Ohio,Champaign,34,1,0,40.13923427,-83.76875242,39021.0,87.43731516008744,2.9411764705882355,33,34,1,0,33,34,38754,0,0,0,0,0
2020-06-12,US,Ohio,Clark,400,8,0,39.91592258,-83.78498252,39023.0,298.322680727609,2.0,392,394,8,0,386,384,134585,6,0,0,6,10
2020-06-12,US,Ohio,Clermont,236,6,0,39.04847534,-84.15375786,39025.0,114.3255759877536,2.5423728813559316,230,235,6,0,229,237,205466,1,0,0,1,-2
2020-06-12,US,Ohio,Clinton,52,1,0,39.41485808,-83.80852286,39027.0,123.90392680137249,1.9230769230769231,51,50,1,0,49,49,42057,2,0,0,2,1
2020-06-12,US,Ohio,Columbiana,914,55,0,40.76932373,-80.78094576,39029.0,897.107466407546,6.0175054704595174,859,911,55,0,856,903,102665,3,0,0,3,8
2020-06-12,US,Ohio,Coshocton,50,0,0,40.30096166,-81.91729018,39031.0,136.6120218579235,0.0,50,49,0,0,49,48,36629,1,0,0,1,1
2020-06-12,US,Ohio,Crawford,122,4,0,40.85065156,-82.91989099,39033.0,294.01841230057363,3.278688524590164,118,123,4,0,119,121,41550,-1,0,0,-1,2
2020-06-12,US,Ohio,Cuyahoga,5112,304,0,41.424119,-81.65918339,39035.0,413.90299512902885,5.94679186228482,4808,5057,303,0,4754,5011,1243857,55,1,0,54,46
2020-06-12,US,Ohio,Darke,220,25,0,40.13412966,-84.6194517,39037.0,430.41887582415427,11.363636363636365,195,210,25,0,185,195,51323,10,0,0,10,15
2020-06-12,US,Ohio,Defiance,40,2,0,41.32398837,-84.49076944,39039.0,105.02271116128864,5.0,38,40,2,0,38,39,38165,0,0,0,0,1
2020-06-12,US,Ohio,Delaware,389,15,0,40.27942393,-83.00457058,39041.0,185.96690840771214,3.8560411311053984,374,387,14,0,373,384,204826,2,1,0,1,3
2020-06-12,US,Ohio,Erie,191,18,0,41.36796058,-82.62904521,39043.0,257.1836371960251,9.424083769633508,173,191,17,0,174,191,74615,0,1,0,-1,0
2020-06-12,US,Ohio,Fairfield,353,9,0,39.75107189,-82.63088163,39045.0,224.02172947313642,2.54957507082153,344,348,9,0,339,342,155782,5,0,0,5,6
2020-06-12,US,Ohio,Fayette,44,0,0,39.56021306,-83.4562016,39047.0,154.25065731814198,0.0,44,44,0,0,44,43,28666,0,0,0,0,1
2020-06-12,US,Ohio,Franklin,6918,325,0,39.96995815,-83.01115755,39049.0,525.3820753427362,4.697889563457647,6593,6844,320,0,6524,6741,1310300,74,5,0,69,103
2020-06-12,US,Ohio,Fulton,52,0,0,41.60213491,-84.12571393,39051.0,123.43920619095094,0.0,52,52,0,0,52,52,42276,0,0,0,0,0
2020-06-12,US,Ohio,Gallia,9,1,0,38.82708533,-82.31647569,39053.0,30.102347983142685,11.111111111111109,8,9,1,0,8,9,29979,0,0,0,0,0
2020-06-12,US,Ohio,Geauga,331,35,0,41.49952319,-81.17935342,39055.0,353.4474473833143,10.574018126888216,296,331,35,0,296,327,94031,0,0,0,0,4
2020-06-12,US,Ohio,Greene,132,6,0,39.69116283,-83.89032084,39057.0,78.13563636148386,4.545454545454546,126,129,6,0,123,122,167995,3,0,0,3,7
2020-06-12,US,Ohio,Guernsey,44,3,0,40.05026529,-81.49248905,39059.0,113.18327974276528,6.8181818181818175,41,44,2,0,42,44,39022,0,1,0,-1,0
2020-06-12,US,Ohio,Hamilton,3078,178,0,39.19673558,-84.54502924,39061.0,376.5261971955037,5.782975958414554,2900,3011,177,0,2834,2975,816684,67,1,0,66,36
2020-06-12,US,Ohio,Hancock,61,1,0,41.00250487,-83.66838948,39063.0,80.49298655371256,1.639344262295082,60,61,1,0,60,60,75930,0,0,0,0,1
2020-06-12,US,Ohio,Hardin,87,4,0,40.66015414,-83.65929931,39065.0,277.3792443806791,4.597701149425287,83,87,4,0,83,78,31480,0,0,0,0,9
2020-06-12,US,Ohio,Harrison,10,0,0,40.29380509,-81.09068544,39067.0,66.48936170212765,0.0,10,10,0,0,10,10,15174,0,0,0,0,0
2020-06-12,US,Ohio,Henry,19,0,0,41.333964200000004,-84.06830637,39069.0,70.35473598459602,0.0,19,19,0,0,19,19,27086,0,0,0,0,0
2020-06-12,US,Ohio,Highland,32,1,0,39.1839264,-83.60331456,39071.0,74.14100692755035,3.125,31,33,1,0,32,31,43058,-1,0,0,-1,2
2020-06-12,US,Ohio,Hocking,73,7,0,39.49537927,-82.47991446,39073.0,258.2790829323521,9.58904109589041,66,73,7,0,66,73,28385,0,0,0,0,0
2020-06-12,US,Ohio,Holmes,84,3,0,40.56163713,-81.92635677,39075.0,191.08280254777068,3.571428571428572,81,74,3,0,71,72,43892,10,0,0,10,2
2020-06-12,US,Ohio,Huron,72,1,0,41.14651175,-82.59867951,39077.0,123.57120790855733,1.3888888888888888,71,71,1,0,70,64,58504,1,0,0,1,7
2020-06-12,US,Ohio,Jackson,16,0,0,39.01914254,-82.61818559999998,39079.0,49.362909943541176,0.0,16,16,0,0,16,16,32384,0,0,0,0,0
2020-06-12,US,Ohio,Jefferson,69,2,0,40.38614126,-80.76259514,39081.0,105.62571756601608,2.898550724637681,67,69,2,0,67,69,65767,0,0,0,0,0
2020-06-12,US,Ohio,Knox,31,1,0,40.39830217,-82.42027563,39083.0,49.741664259811934,3.2258064516129035,30,30,1,0,29,29,61893,1,0,0,1,1
2020-06-12,US,Ohio,Lake,344,12,0,41.69710807,-81.23676539,39085.0,149.46838787046653,3.4883720930232562,332,338,12,0,326,337,230514,6,0,0,6,1
2020-06-12,US,Ohio,Lawrence,32,1,0,38.59743452,-82.53466552,39087.0,53.81497738089232,3.125,31,32,1,0,31,30,59866,0,0,0,0,2
2020-06-12,US,Ohio,Licking,297,11,0,40.09136236,-82.48185785,39089.0,167.92753672354718,3.703703703703704,286,287,11,0,276,285,175769,10,0,0,10,2
2020-06-12,US,Ohio,Logan,47,0,0,40.38996525,-83.76784341,39091.0,102.90768961289193,0.0,47,47,0,0,47,46,45358,0,0,0,0,1
2020-06-12,US,Ohio,Lorain,779,61,0,41.29553751,-82.15083537,39093.0,251.42576807505975,7.830551989730424,718,772,61,0,711,762,309461,7,0,0,7,10
2020-06-12,US,Ohio,Lucas,2411,272,0,41.62101218,-83.65468618,39095.0,562.8601044010943,11.28162588137702,2139,2394,272,0,2122,2390,429899,17,0,0,17,4
2020-06-12,US,Ohio,Madison,168,7,0,39.89381073,-83.40178317,39097.0,375.5784578927366,4.166666666666667,161,167,7,0,160,167,44413,1,0,0,1,0
2020-06-12,US,Ohio,Mahoning,1576,204,0,41.01631101,-80.77287029,39099.0,689.1636020167656,12.944162436548224,1372,1563,202,0,1361,1529,229642,13,2,0,11,34
2020-06-12,US,Ohio,Marion,2701,33,0,40.58610662,-83.15736305,39101.0,4149.44771327178,1.2217697149204,2668,2699,33,0,2666,2697,65256,2,0,0,2,2
2020-06-12,US,Ohio,Medina,397,26,0,41.11770589,-81.89986209999998,39103.0,220.8672237490681,6.549118387909321,371,394,26,0,368,394,179146,3,0,0,3,0
2020-06-12,US,Ohio,Meigs,6,0,0,39.09224872,-82.0305041,39105.0,26.192866809272275,0.0,6,6,0,0,6,6,23106,0,0,0,0,0
2020-06-12,US,Ohio,Mercer,244,8,0,40.54043046,-84.62912742,39107.0,592.6357718838045,3.278688524590164,236,242,8,0,234,239,40959,2,0,0,2,3
2020-06-12,US,Ohio,Miami,382,30,0,40.0543329,-84.22871271,39109.0,357.0527260321348,7.853403141361255,352,380,30,0,350,379,106222,2,0,0,2,1
2020-06-12,US,Ohio,Monroe,83,15,0,39.72984936,-81.08464734,39111.0,607.8804745862019,18.072289156626507,68,83,15,0,68,83,13790,0,0,0,0,0
2020-06-12,US,Ohio,Montgomery,901,17,0,39.75394919,-84.29050975,39113.0,169.46060370104968,1.8867924528301887,884,874,17,0,857,847,532331,27,0,0,27,27
2020-06-12,US,Ohio,Morgan,6,0,0,39.62081738,-81.85308173,39115.0,41.356492969396186,0.0,6,6,0,0,6,6,14604,0,0,0,0,0
2020-06-12,US,Ohio,Morrow,110,1,0,40.52363560000001,-82.7892599,39117.0,311.3677536231884,0.9090909090909092,109,110,1,0,109,108,35112,0,0,0,0,2
2020-06-12,US,Ohio,Muskingum,56,1,0,39.96575964,-81.94363275,39119.0,64.95389433393261,1.7857142857142858,55,55,1,0,54,55,86183,1,0,0,1,0
2020-06-12,US,Ohio,Noble,6,0,0,39.76818851,-81.45937183,39121.0,41.59733777038269,0.0,6,6,0,0,6,6,14354,0,0,0,0,0
2020-06-12,US,Ohio,Ottawa,114,21,0,41.53781826,-83.0940185,39123.0,281.30783466995683,18.42105263157895,93,111,21,0,90,111,40769,3,0,0,3,0
2020-06-12,US,Ohio,Paulding,14,0,0,41.11676341,-84.5801017,39125.0,74.97857754927162,0.0,14,14,0,0,14,14,18760,0,0,0,0,0
2020-06-12,US,Ohio,Perry,22,1,0,39.73508655,-82.23804971,39127.0,60.884485526097315,4.545454545454546,21,22,1,0,21,21,36033,0,0,0,0,1
2020-06-12,US,Ohio,Pickaway,2115,39,0,39.64170392,-83.0243386,39129.0,3618.044032365671,1.8439716312056735,2076,2121,39,0,2082,2110,58086,-6,0,0,-6,11
2020-06-12,US,Ohio,Pike,9,0,0,39.07634001,-83.06769584,39131.0,32.406740602045225,0.0,9,10,0,0,10,9,28067,-1,0,0,-1,1
2020-06-12,US,Ohio,Portage,352,58,0,41.16793482,-81.19735782,39133.0,216.66071670380265,16.477272727272727,294,348,58,0,290,346,162927,4,0,0,4,2
2020-06-12,US,Ohio,Preble,41,1,0,39.7420247,-84.64787018,39135.0,100.28863558534321,2.4390243902439024,40,40,1,0,39,40,40997,1,0,0,1,0
2020-06-12,US,Ohio,Putnam,100,15,0,41.02094889,-84.1336111,39137.0,295.32500516818766,15.0,85,100,15,0,85,99,33780,0,0,0,0,1
2020-06-12,US,Ohio,Richland,242,4,0,40.77180308,-82.53799609999999,39139.0,199.74577810059924,1.6528925619834711,238,238,4,0,234,234,121099,4,0,0,4,4
2020-06-12,US,Ohio,Ross,79,2,0,39.33705391,-83.06000914,39141.0,103.04437429890693,2.5316455696202533,77,78,2,0,76,77,76931,1,0,0,1,1
2020-06-12,US,Ohio,Sandusky,102,13,0,41.35624126,-83.137872,39143.0,174.3053419460679,12.745098039215687,89,102,13,0,89,102,58799,0,0,0,0,0
2020-06-12,US,Ohio,Scioto,19,0,0,38.80270163,-82.98907345,39145.0,25.22771330695488,0.0,19,19,0,0,19,19,75502,0,0,0,0,0
2020-06-12,US,Ohio,Seneca,29,2,0,41.12351311,-83.12783209,39147.0,52.55717858566821,6.896551724137932,27,29,2,0,27,28,55207,0,0,0,0,1
2020-06-12,US,Ohio,Shelby,49,3,0,40.33163494,-84.20258189,39149.0,100.84379501955135,6.1224489795918355,46,49,3,0,46,49,48627,0,0,0,0,0
2020-06-12,US,Ohio,Stark,847,105,0,40.81482476,-81.36437305,39151.0,228.54459992552742,12.396694214876034,742,845,105,0,740,839,371574,2,0,0,2,6
2020-06-12,US,Ohio,Summit,1638,190,0,41.12464734,-81.53123079,39153.0,302.76536793016066,11.5995115995116,1448,1623,188,0,1435,1621,541918,15,2,0,13,2
2020-06-12,US,Ohio,Trumbull,642,53,0,41.31735028,-80.76109643,39155.0,324.28500712214736,8.255451713395637,589,625,53,0,572,620,198627,17,0,0,17,5
2020-06-12,US,Ohio,Tuscarawas,397,7,0,40.44214695,-81.47226262,39157.0,431.5827236457325,1.7632241813602014,390,392,7,0,385,389,92176,5,0,0,5,3
2020-06-12,US,Ohio,Union,62,1,0,40.30016061,-83.37239023,39159.0,105.10612327931105,1.6129032258064515,61,62,1,0,61,61,57835,0,0,0,0,1
2020-06-12,US,Ohio,Van Wert,10,0,0,40.8554138,-84.59111700000003,39161.0,35.366931918656064,0.0,10,9,0,0,9,8,28281,1,0,0,1,1
2020-06-12,US,Ohio,Vinton,21,2,0,39.25208988,-82.4831444,39163.0,160.4891096675583,9.523809523809524,19,21,2,0,19,21,13139,0,0,0,0,0
2020-06-12,US,Ohio,Warren,497,20,0,39.42581994,-84.16557457,39165.0,211.84815133715824,4.024144869215292,477,473,20,0,453,461,232173,24,0,0,24,12
2020-06-12,US,Ohio,Washington,117,19,0,39.45690571,-81.49121382,39167.0,195.28967969154246,16.23931623931624,98,117,19,0,98,118,60155,0,0,0,0,-1
2020-06-12,US,Ohio,Wayne,304,52,0,40.82925852,-81.88844833,39169.0,262.72577996715927,17.105263157894736,252,304,52,0,252,302,115967,0,0,0,0,2
2020-06-12,US,Ohio,Williams,58,1,0,41.56052014,-84.58429552,39171.0,158.07260438242668,1.7241379310344829,57,58,1,0,57,58,36804,0,0,0,0,0
2020-06-12,US,Ohio,Wood,316,50,0,41.36224827,-83.62285108,39173.0,241.55881880795312,15.822784810126587,266,314,50,0,264,312,130696,2,0,0,2,2
2020-06-12,US,Ohio,Wyandot,48,4,0,40.84339621,-83.30734173,39175.0,220.46665441851917,8.333333333333334,44,49,2,0,47,48,21935,-1,2,0,-3,1
2020-06-12,US,Oklahoma,Adair,95,4,0,35.88494195,-94.65859267,40001.0,428.0436153915473,4.2105263157894735,91,95,4,0,91,95,22082,0,0,0,0,0
2020-06-12,US,Oklahoma,Alfalfa,1,0,0,36.73090616,-98.32408495,40003.0,17.5377060680463,0.0,1,1,0,0,1,1,5754,0,0,0,0,0
2020-06-12,US,Oklahoma,Atoka,8,0,0,34.37366573,-96.03802487,40005.0,58.14798662596308,0.0,8,5,0,0,5,5,13838,3,0,0,3,0
2020-06-12,US,Oklahoma,Beaver,30,0,0,36.7496847,-100.4758872,40007.0,564.865373752589,0.0,30,29,0,0,29,27,5319,1,0,0,1,2
2020-06-12,US,Oklahoma,Beckham,7,0,0,35.26862449,-99.68128023,40009.0,32.02342284642481,0.0,7,7,0,0,7,7,21709,0,0,0,0,0
2020-06-12,US,Oklahoma,Blaine,9,0,0,35.87518314,-98.43307003,40011.0,95.45020680878142,0.0,9,9,0,0,9,10,9485,0,0,0,0,-1
2020-06-12,US,Oklahoma,Bryan,49,1,0,33.96472458,-96.25903472,40013.0,102.09396812167934,2.0408163265306123,48,47,1,0,46,46,47192,2,0,0,2,1
2020-06-12,US,Oklahoma,Caddo,173,10,0,35.17364557,-98.37534464,40015.0,601.4880745427995,5.780346820809249,163,173,10,0,163,174,28977,0,0,0,0,-1
2020-06-12,US,Oklahoma,Canadian,146,3,0,35.5426055,-97.98465569,40017.0,98.44510673876984,2.054794520547945,143,144,3,0,141,144,144447,2,0,0,2,0
2020-06-12,US,Oklahoma,Carter,57,1,0,34.25103751,-97.28552485,40019.0,118.47602419405126,1.7543859649122806,56,57,1,0,56,55,48177,0,0,0,0,2
2020-06-12,US,Oklahoma,Cherokee,41,1,0,35.90692775,-94.99980896,40021.0,84.26331257578559,2.4390243902439024,40,39,1,0,38,37,48675,2,0,0,2,2
2020-06-12,US,Oklahoma,Choctaw,102,1,0,34.02807439,-95.54771129,40023.0,695.2017448200653,0.9803921568627452,101,101,1,0,100,101,14668,1,0,0,1,0
2020-06-12,US,Oklahoma,Cimarron,1,0,0,36.74817177,-102.5173885,40025.0,46.79457182966776,0.0,1,1,0,0,1,1,2153,0,0,0,0,0
2020-06-12,US,Oklahoma,Cleveland,539,40,0,35.20413532,-97.32519562,40027.0,189.7793770729612,7.421150278293135,499,533,40,0,493,529,281669,6,0,0,6,4
2020-06-12,US,Oklahoma,Coal,6,0,0,34.58840127,-96.29798747,40029.0,109.1901728844404,0.0,6,6,0,0,6,5,5520,0,0,0,0,1
2020-06-12,US,Oklahoma,Comanche,319,4,0,34.65973764,-98.47195055,40031.0,264.18438247935796,1.2539184952978055,315,317,3,0,314,312,120422,2,1,0,1,5
2020-06-12,US,Oklahoma,Cotton,5,2,0,34.28845626,-98.37053567,40033.0,88.24567596187786,40.0,3,5,2,0,3,5,5776,0,0,0,0,0
2020-06-12,US,Oklahoma,Craig,16,0,0,36.76268118,-95.20916602,40035.0,113.13816999010041,0.0,16,16,0,0,16,16,14306,0,0,0,0,0
2020-06-12,US,Oklahoma,Creek,102,7,0,35.90230551,-96.37086028,40037.0,142.61346159223734,6.862745098039214,95,101,7,0,94,102,71604,1,0,0,1,-1
2020-06-12,US,Oklahoma,Custer,40,0,0,35.63853802,-99.00170785,40039.0,137.91676723097612,0.0,40,38,0,0,38,37,29036,2,0,0,2,1
2020-06-12,US,Oklahoma,Delaware,107,16,0,36.40823634,-94.80325046,40041.0,248.7851379943733,14.953271028037387,91,104,16,0,88,104,42733,3,0,0,3,0
2020-06-12,US,Oklahoma,Dewey,2,0,0,35.98772922,-99.00730714,40043.0,40.891433244735225,0.0,2,2,0,0,2,2,4894,0,0,0,0,0
2020-06-12,US,Oklahoma,Garfield,45,1,0,36.3791334,-97.78265517,40047.0,73.70283018867924,2.2222222222222223,44,31,1,0,30,31,60913,14,0,0,14,0
2020-06-12,US,Oklahoma,Garvin,20,1,0,34.70418038,-97.30811132,40049.0,72.17350510627548,5.0,19,20,1,0,19,20,27811,0,0,0,0,0
2020-06-12,US,Oklahoma,Grady,116,3,0,35.0167709,-97.88339847,40051.0,207.7587133287961,2.586206896551724,113,115,3,0,112,115,55551,1,0,0,1,0
2020-06-12,US,Oklahoma,Grant,2,0,0,36.796296999999996,-97.78638765,40053.0,46.15739672282484,0.0,2,2,0,0,2,2,4326,0,0,0,0,0
2020-06-12,US,Oklahoma,Greer,66,7,0,34.93535801,-99.56056120000001,40055.0,1155.4621848739494,10.606060606060606,59,66,7,0,59,66,5821,0,0,0,0,0
2020-06-12,US,Oklahoma,Harper,1,0,0,36.78836519,-99.6679804,40059.0,27.11496746203905,0.0,1,1,0,0,1,1,3797,0,0,0,0,0
2020-06-12,US,Oklahoma,Haskell,6,0,0,35.22257600000001,-95.11513306,40061.0,47.517224994060356,0.0,6,6,0,0,6,6,12668,0,0,0,0,0
2020-06-12,US,Oklahoma,Hughes,3,0,0,35.04912569,-96.24921145,40063.0,22.59206265532043,0.0,3,3,0,0,3,3,13335,0,0,0,0,0
2020-06-12,US,Oklahoma,Jackson,32,3,0,34.58781741,-99.41138784,40065.0,130.45250713412148,9.375,29,30,3,0,27,30,24949,2,0,0,2,0
2020-06-12,US,Oklahoma,Jefferson,4,0,0,34.11130184,-97.83182974,40067.0,66.64445184938353,0.0,4,4,0,0,4,4,6123,0,0,0,0,0
2020-06-12,US,Oklahoma,Johnston,4,0,0,34.31440473,-96.66011537,40069.0,36.08479927830401,0.0,4,4,0,0,4,3,10949,0,0,0,0,1
2020-06-12,US,Oklahoma,Kay,65,7,0,36.81799745,-97.14421435,40071.0,149.29486885019986,10.769230769230768,58,64,7,0,57,60,44161,1,0,0,1,4
2020-06-12,US,Oklahoma,Kingfisher,12,0,0,35.94530008,-97.94193268,40073.0,76.11798287345384,0.0,12,12,0,0,12,12,15816,0,0,0,0,0
2020-06-12,US,Oklahoma,Kiowa,6,0,0,34.91671958,-98.97720696,40075.0,68.90215893431328,0.0,6,6,0,0,6,6,8729,0,0,0,0,0
2020-06-12,US,Oklahoma,Latimer,5,1,0,34.87844729,-95.25215049,40077.0,49.63764519011218,20.0,4,5,1,0,4,5,10231,0,0,0,0,0
2020-06-12,US,Oklahoma,Le Flore,18,1,0,34.89851864,-94.70392124,40079.0,36.10615208713618,5.5555555555555545,17,17,1,0,16,16,49980,1,0,0,1,1
2020-06-12,US,Oklahoma,Lincoln,22,2,0,35.70270942,-96.8812462,40081.0,63.07881985262494,9.090909090909092,20,22,2,0,20,22,34920,0,0,0,0,0
2020-06-12,US,Oklahoma,Logan,22,1,0,35.91899576,-97.44352845,40083.0,45.82283226760534,4.545454545454546,21,22,1,0,21,21,47291,0,0,0,0,1
2020-06-12,US,Oklahoma,Love,21,0,0,33.95273467,-97.23906784,40085.0,204.81810201892128,0.0,21,20,0,0,20,21,10134,1,0,0,1,-1
2020-06-12,US,Oklahoma,Major,6,1,0,36.31149996,-98.53467076,40093.0,78.64726700747148,16.666666666666668,5,6,1,0,5,6,7644,0,0,0,0,0
2020-06-12,US,Oklahoma,Marshall,13,0,0,34.02311222,-96.76855464,40095.0,76.7822337723702,0.0,13,13,0,0,13,12,16806,0,0,0,0,1
2020-06-12,US,Oklahoma,Mayes,50,4,0,36.30179091,-95.23175116,40097.0,121.65450121654499,8.0,46,46,4,0,42,37,41107,4,0,0,4,9
2020-06-12,US,Oklahoma,McClain,114,4,0,35.01123903,-97.44572302,40087.0,281.66230172456386,3.5087719298245608,110,112,4,0,108,110,39985,2,0,0,2,2
2020-06-12,US,Oklahoma,McCurtain,137,2,0,34.11664328,-94.77222373,40089.0,417.275828460039,1.45985401459854,135,122,2,0,120,117,32703,15,0,0,15,5
2020-06-12,US,Oklahoma,McIntosh,15,1,0,35.37235506,-95.66599306,40091.0,76.54623392529088,6.666666666666668,14,14,1,0,13,14,19815,1,0,0,1,0
2020-06-12,US,Oklahoma,Murray,6,0,0,34.48116015,-97.06826283,40099.0,42.634832658281816,0.0,6,6,0,0,6,6,13953,0,0,0,0,0
2020-06-12,US,Oklahoma,Muskogee,70,8,0,35.61318461,-95.37802952,40101.0,102.94571819344972,11.428571428571427,62,69,7,0,62,67,68362,1,1,0,0,2
2020-06-12,US,Oklahoma,Noble,8,0,0,36.38953329,-97.22928674,40103.0,71.87135028299345,0.0,8,7,0,0,7,7,11289,1,0,0,1,0
2020-06-12,US,Oklahoma,Nowata,25,2,0,36.79843529,-95.61902331,40105.0,248.1143310837634,8.0,23,24,2,0,22,24,10218,1,0,0,1,0
2020-06-12,US,Oklahoma,Okfuskee,6,0,0,35.46485198,-96.32639984,40107.0,50.02918369048611,0.0,6,6,0,0,6,6,12098,0,0,0,0,0
2020-06-12,US,Oklahoma,Oklahoma,1517,64,0,35.55140095,-97.40716948,40109.0,190.23517933772573,4.218852999340804,1453,1461,64,0,1397,1436,792582,56,0,0,56,25
2020-06-12,US,Oklahoma,Okmulgee,29,0,0,35.64661916,-95.96432828,40111.0,75.39321461068505,0.0,29,29,0,0,29,29,38335,0,0,0,0,0
2020-06-12,US,Oklahoma,Osage,104,8,0,36.62888819,-96.39635704,40113.0,221.45092945510297,7.6923076923076925,96,104,8,0,96,103,47014,0,0,0,0,1
2020-06-12,US,Oklahoma,Ottawa,36,2,0,36.83532655,-94.81011909,40115.0,115.65521894175474,5.5555555555555545,34,36,2,0,34,35,31175,0,0,0,0,1
2020-06-12,US,Oklahoma,Pawnee,36,2,0,36.31743373,-96.70331759999999,40117.0,219.83390327308257,5.5555555555555545,34,35,2,0,33,35,16390,1,0,0,1,0
2020-06-12,US,Oklahoma,Payne,72,1,0,36.07695283,-96.97584944,40119.0,88.03677981023182,1.3888888888888888,71,60,1,0,59,55,82040,12,0,0,12,5
2020-06-12,US,Oklahoma,Pittsburg,44,3,0,34.92065823,-95.75134320000001,40121.0,100.79259632565172,6.8181818181818175,41,44,3,0,41,44,43877,0,0,0,0,0
2020-06-12,US,Oklahoma,Pontotoc,20,2,0,34.72959848,-96.68337199,40123.0,52.241145125901156,10.0,18,20,2,0,18,20,38247,0,0,0,0,0
2020-06-12,US,Oklahoma,Pottawatomie,67,4,0,35.20614018,-96.94923008,40125.0,92.2966718095658,5.970149253731344,63,66,4,0,62,66,72679,1,0,0,1,0
2020-06-12,US,Oklahoma,Pushmataha,7,0,0,34.41635232,-95.37603505,40127.0,63.085796683489555,0.0,7,6,0,0,6,6,11179,1,0,0,1,0
2020-06-12,US,Oklahoma,Rogers,93,5,0,36.37004357,-95.60406759,40131.0,100.5851242172206,5.376344086021504,88,92,5,0,87,92,91984,1,0,0,1,0
2020-06-12,US,Oklahoma,Seminole,31,3,0,35.16478725,-96.61686741,40133.0,127.79289306620495,9.677419354838712,28,30,3,0,27,30,24578,1,0,0,1,0
2020-06-12,US,Oklahoma,Sequoyah,19,3,0,35.49447108,-94.75463785,40135.0,45.70713753037119,15.789473684210524,16,19,3,0,16,19,41179,0,0,0,0,0
2020-06-12,US,Oklahoma,Stephens,44,1,0,34.48556989,-97.85141892,40137.0,101.986417263519,2.272727272727273,43,44,1,0,43,43,43265,0,0,0,0,1
2020-06-12,US,Oklahoma,Texas,963,6,0,36.74777635,-101.4889765,40139.0,4819.096231797027,0.6230529595015576,957,956,6,0,950,955,20455,7,0,0,7,1
2020-06-12,US,Oklahoma,Tillman,23,1,0,34.37288446,-98.92426619,40141.0,317.2413793103448,4.3478260869565215,22,23,1,0,22,23,7348,0,0,0,0,0
2020-06-12,US,Oklahoma,Tulsa,1443,62,0,36.11939621,-95.94013939,40143.0,221.4711949314867,4.296604296604297,1381,1372,62,0,1310,1308,648360,71,0,0,71,64
2020-06-12,US,Oklahoma,Wagoner,165,17,0,35.96024096,-95.51911308,40145.0,202.97949292032126,10.303030303030305,148,164,17,0,147,161,80110,1,0,0,1,3
2020-06-12,US,Oklahoma,Washington,345,37,0,36.71380786,-95.90514104,40147.0,669.5518854192948,10.72463768115942,308,344,37,0,307,343,51843,1,0,0,1,1
2020-06-12,US,Oklahoma,Washita,2,0,0,35.29071824,-98.99180434,40149.0,18.321729571271533,0.0,2,2,0,0,2,2,11127,0,0,0,0,0
2020-06-12,US,Oklahoma,Woods,5,0,0,36.76705782,-98.86573064,40151.0,56.863414079381336,0.0,5,5,0,0,5,5,8897,0,0,0,0,0
2020-06-12,US,Oklahoma,Woodward,9,0,0,36.42316318,-99.26283045,40153.0,44.5302063232893,0.0,9,9,0,0,9,8,20222,0,0,0,0,1
2020-06-12,US,Oregon,Baker,1,0,0,44.70915557,-117.6749883,41001.0,6.201935003721161,0.0,1,1,0,0,1,1,16006,0,0,0,0,0
2020-06-12,US,Oregon,Benton,63,5,0,44.49167306,-123.4316987,41003.0,67.70335185324492,7.936507936507938,58,63,5,0,58,63,92101,0,0,0,0,0
2020-06-12,US,Oregon,Clackamas,455,14,0,45.18787398,-122.2179634,41005.0,108.80299961500477,3.0769230769230766,441,446,14,0,432,399,416075,9,0,0,9,47
2020-06-12,US,Oregon,Clatsop,46,0,0,45.99712889,-123.660711,41007.0,114.35958631662687,0.0,46,46,0,0,46,45,39764,0,0,0,0,1
2020-06-12,US,Oregon,Columbia,20,0,0,45.94464254,-123.08908980000001,41009.0,38.20147457691867,0.0,20,17,0,0,17,17,52377,3,0,0,3,0
2020-06-12,US,Oregon,Coos,32,0,0,43.17406868,-124.0594514,41011.0,49.622404515638806,0.0,32,32,0,0,32,32,64389,0,0,0,0,0
2020-06-12,US,Oregon,Crook,8,0,0,44.14230227,-120.356297,41013.0,32.781511227667586,0.0,8,8,0,0,8,6,23867,0,0,0,0,2
2020-06-12,US,Oregon,Curry,7,0,0,42.45911325,-124.15728200000001,41015.0,30.53435114503817,0.0,7,7,0,0,7,7,22813,0,0,0,0,0
2020-06-12,US,Oregon,Deschutes,137,0,0,43.91570171,-121.2289121,41017.0,69.29971875442608,0.0,137,135,0,0,135,134,191996,2,0,0,2,1
2020-06-12,US,Oregon,Douglas,29,0,0,43.27941273,-123.16729099999999,41019.0,26.130834384573802,0.0,29,29,0,0,29,29,110283,0,0,0,0,0
2020-06-12,US,Oregon,Grant,1,0,0,44.49024544,-119.0068631,41023.0,13.890818169190164,0.0,1,1,0,0,1,1,7176,0,0,0,0,0
2020-06-12,US,Oregon,Harney,1,0,0,43.06422669,-118.96663059999999,41025.0,13.526308670363855,0.0,1,1,0,0,1,1,7329,0,0,0,0,0
2020-06-12,US,Oregon,Hood River,71,0,0,45.51872811,-121.65520359999998,41027.0,303.6523821743222,0.0,71,68,0,0,68,67,23428,3,0,0,3,1
2020-06-12,US,Oregon,Jackson,78,0,0,42.43201126,-122.72893090000001,41029.0,35.303063219639355,0.0,78,76,0,0,76,77,219564,2,0,0,2,-1
2020-06-12,US,Oregon,Jefferson,65,0,0,44.62806839,-121.17832,41031.0,263.6061318841755,0.0,65,67,0,0,67,64,24192,-2,0,0,-2,3
2020-06-12,US,Oregon,Josephine,23,1,0,42.3665549,-123.5561938,41033.0,26.28962017213986,4.3478260869565215,22,23,1,0,22,23,87393,0,0,0,0,0
2020-06-12,US,Oregon,Klamath,48,0,0,42.68762984,-121.64964609999998,41035.0,70.3420381605557,0.0,48,46,0,0,46,46,67653,2,0,0,2,0
2020-06-12,US,Oregon,Lake,4,0,0,42.79246693,-120.38501629999999,41037.0,50.8323802262041,0.0,4,4,0,0,4,2,7879,0,0,0,0,2
2020-06-12,US,Oregon,Lane,85,3,0,43.93727035,-122.847753,41039.0,22.24740686842884,3.5294117647058822,82,85,3,0,82,82,379611,0,0,0,0,3
2020-06-12,US,Oregon,Lincoln,184,0,0,44.64252874,-123.86991200000001,41041.0,368.27989271846604,0.0,184,170,0,0,170,161,49388,14,0,0,14,9
2020-06-12,US,Oregon,Linn,124,9,0,44.48899494,-122.53731540000001,41043.0,95.56913733439178,7.258064516129032,115,124,9,0,115,124,127335,0,0,0,0,0
2020-06-12,US,Oregon,Malheur,33,1,0,43.1937027,-117.62273950000001,41045.0,107.94543848745545,3.0303030303030303,32,33,1,0,32,33,30725,0,0,0,0,0
2020-06-12,US,Oregon,Marion,1134,30,0,44.90287942,-122.58151170000001,41047.0,326.0325802574909,2.6455026455026456,1104,1105,30,0,1075,1071,346868,29,0,0,29,34
2020-06-12,US,Oregon,Morrow,13,0,0,45.41846568,-119.584546,41049.0,112.0399896578471,0.0,13,13,0,0,13,13,11372,0,0,0,0,0
2020-06-12,US,Oregon,Multnomah,1440,67,0,45.54747959,-122.4169351,41051.0,177.15336683664367,4.652777777777779,1373,1404,66,0,1338,1361,811880,36,1,0,35,43
2020-06-12,US,Oregon,Polk,117,12,0,44.90322804,-123.4128888,41053.0,135.91217982226868,10.256410256410255,105,108,12,0,96,104,85234,9,0,0,9,4
2020-06-12,US,Oregon,Sherman,1,0,0,45.41501554,-120.6827834,41055.0,56.179775280898866,0.0,1,1,0,0,1,1,1708,0,0,0,0,0
2020-06-12,US,Oregon,Tillamook,6,0,0,45.46248721,-123.712066,41057.0,22.192632046160675,0.0,6,6,0,0,6,6,26787,0,0,0,0,0
2020-06-12,US,Oregon,Umatilla,157,3,0,45.59073056,-118.7353826,41059.0,201.41116100064144,1.9108280254777068,154,152,3,0,149,148,77516,5,0,0,5,4
2020-06-12,US,Oregon,Union,12,0,0,45.30915495,-118.0068979,41061.0,44.717719396310784,0.0,12,8,0,0,8,7,26461,4,0,0,4,1
2020-06-12,US,Oregon,Wallowa,4,0,0,45.57894064,-117.18353799999998,41063.0,55.493895671476146,0.0,4,4,0,0,4,3,7081,0,0,0,0,1
2020-06-12,US,Oregon,Wasco,38,1,0,45.16292781,-121.16709540000001,41065.0,142.41810958698747,2.631578947368421,37,35,1,0,34,34,26505,3,0,0,3,1
2020-06-12,US,Oregon,Washington,849,19,0,45.55972701,-123.0955257,41067.0,141.12554688227237,2.237926972909305,830,828,18,0,810,813,597695,21,1,0,20,15
2020-06-12,US,Oregon,Yamhill,91,8,0,45.23330449,-123.3086963,41071.0,84.9673202614379,8.791208791208794,83,91,8,0,83,85,107002,0,0,0,0,6
2020-06-12,US,Pennsylvania,Adams,284,9,0,39.87140411,-77.21610347,42001.0,275.7040646933763,3.1690140845070425,275,279,9,0,270,278,102811,5,0,0,5,1
2020-06-12,US,Pennsylvania,Allegheny,2065,171,0,40.46809875,-79.98167747,42003.0,169.81279475677297,8.28087167070218,1894,2055,171,0,1884,2034,1218452,10,0,0,10,21
2020-06-12,US,Pennsylvania,Armstrong,66,5,0,40.81665618,-79.46290811,42005.0,101.95412064570944,7.575757575757576,61,65,5,0,60,65,65263,1,0,0,1,0
2020-06-12,US,Pennsylvania,Beaver,611,75,0,40.6825484,-80.34921611,42007.0,372.7223371093583,12.274959083469724,536,610,75,0,535,610,164742,1,0,0,1,0
2020-06-12,US,Pennsylvania,Bedford,46,2,0,40.00522157,-78.48998442,42009.0,96.05746742398931,4.3478260869565215,44,46,2,0,44,45,48176,0,0,0,0,1
2020-06-12,US,Pennsylvania,Berks,4281,338,0,40.41570541,-75.92457766,42011.0,1016.4686440436503,7.89535155337538,3943,4262,336,0,3926,4251,420152,19,2,0,17,11
2020-06-12,US,Pennsylvania,Blair,54,1,0,40.47961444,-78.34917412,42013.0,44.32442193566392,1.851851851851852,53,53,1,0,52,53,122492,1,0,0,1,0
2020-06-12,US,Pennsylvania,Bradford,46,3,0,41.78869215,-76.51570822,42015.0,76.25615436898032,6.521739130434782,43,46,3,0,43,46,60833,0,0,0,0,0
2020-06-12,US,Pennsylvania,Bucks,5396,541,0,40.33682119,-75.10836643,42017.0,858.8664109379725,10.02594514455152,4855,5365,540,0,4825,5340,628195,31,1,0,30,25
2020-06-12,US,Pennsylvania,Butler,256,12,0,40.91152759,-79.91351055,42019.0,136.27676960176308,4.6875,244,255,12,0,243,250,187888,1,0,0,1,5
2020-06-12,US,Pennsylvania,Cambria,62,3,0,40.49527404,-78.71377428,42021.0,47.62197370038098,4.838709677419356,59,61,2,0,59,60,131730,1,1,0,0,1
2020-06-12,US,Pennsylvania,Cameron,2,0,0,41.43625568,-78.20376845,42023.0,44.974139869575005,0.0,2,2,0,0,2,2,4492,0,0,0,0,0
2020-06-12,US,Pennsylvania,Carbon,257,24,0,40.91545395,-75.7068525,42025.0,400.4237948334424,9.33852140077821,233,255,24,0,231,255,64227,2,0,0,2,0
2020-06-12,US,Pennsylvania,Centre,165,7,0,40.92058903,-77.82200624,42027.0,101.61037041598671,4.242424242424242,158,158,7,0,151,158,162805,7,0,0,7,0
2020-06-12,US,Pennsylvania,Chester,3247,306,0,39.97291773,-75.74768357,42029.0,618.4891492964615,9.424083769633508,2941,3189,304,0,2885,3161,522046,58,2,0,56,28
2020-06-12,US,Pennsylvania,Clarion,30,2,0,41.19265812,-79.42413524,42031.0,78.04776523232219,6.666666666666668,28,30,2,0,28,30,38779,0,0,0,0,0
2020-06-12,US,Pennsylvania,Clearfield,50,0,0,41.00110782,-78.47592663,42033.0,63.08750236578135,0.0,50,49,0,0,49,48,79388,1,0,0,1,1
2020-06-12,US,Pennsylvania,Clinton,61,3,0,41.23255967,-77.63785995,42035.0,157.90018637399046,4.918032786885246,58,61,3,0,58,62,38684,0,0,0,0,-1
2020-06-12,US,Pennsylvania,Columbia,371,33,0,41.04821986,-76.40565017,42037.0,571.0855242903763,8.894878706199462,338,369,33,0,336,368,65456,2,0,0,2,1
2020-06-12,US,Pennsylvania,Crawford,35,0,0,41.68447709,-80.10760592,42039.0,41.35698164931643,0.0,35,32,0,0,32,31,85063,3,0,0,3,1
2020-06-12,US,Pennsylvania,Cumberland,709,58,0,40.1625372,-77.26130755,42041.0,279.82791964320955,8.180535966149506,651,692,58,0,634,688,251423,17,0,0,17,4
2020-06-12,US,Pennsylvania,Dauphin,1587,107,0,40.41377078,-76.77993242,42043.0,570.2499829320262,6.7422810333963445,1480,1561,104,0,1457,1541,277097,26,3,0,23,20
2020-06-12,US,Pennsylvania,Delaware,6837,612,0,39.91680171,-75.40243663,42045.0,1206.358392721973,8.951294427380429,6225,6805,605,0,6200,6754,564751,32,7,0,25,51
2020-06-12,US,Pennsylvania,Elk,6,0,0,41.42822061,-78.64524744,42047.0,20.060180541624874,0.0,6,6,0,0,6,6,30169,0,0,0,0,0
2020-06-12,US,Pennsylvania,Erie,439,7,0,41.99253829,-80.03301954,42049.0,162.7565547514533,1.5945330296127562,432,427,7,0,420,408,272061,12,0,0,12,19
2020-06-12,US,Pennsylvania,Fayette,95,4,0,39.92041012,-79.64291195,42051.0,73.48732150316383,4.2105263157894735,91,96,4,0,92,95,130441,-1,0,0,-1,1
2020-06-12,US,Pennsylvania,Forest,7,0,0,41.51095103,-79.23229292,42053.0,96.59169311439214,0.0,7,7,0,0,7,7,7279,0,0,0,0,0
2020-06-12,US,Pennsylvania,Franklin,837,42,0,39.92956518,-77.72157791,42055.0,539.9059518664491,5.017921146953405,795,827,40,0,787,807,154835,10,2,0,8,20
2020-06-12,US,Pennsylvania,Fulton,16,1,0,39.92913544,-78.11163677,42057.0,110.11699931176877,6.25,15,16,1,0,15,16,14523,0,0,0,0,0
2020-06-12,US,Pennsylvania,Greene,30,0,0,39.85746531,-80.22357106,42059.0,82.79744983854499,0.0,30,30,0,0,30,28,36506,0,0,0,0,2
2020-06-12,US,Pennsylvania,Huntingdon,237,4,0,40.42162652,-77.97673273,42061.0,524.9867091972355,1.6877637130801688,233,237,4,0,233,237,45168,0,0,0,0,0
2020-06-12,US,Pennsylvania,Indiana,93,5,0,40.65241041,-79.08963285,42063.0,110.61815327156162,5.376344086021504,88,92,5,0,87,92,84501,1,0,0,1,0
2020-06-12,US,Pennsylvania,Jefferson,18,1,0,41.12913106,-78.9986361,42065.0,41.45077720207254,5.5555555555555545,17,16,0,0,16,16,43641,2,1,0,1,0
2020-06-12,US,Pennsylvania,Juniata,105,5,0,40.53358749,-77.39975129999998,42067.0,424.01970682065996,4.761904761904762,100,105,5,0,100,102,24704,0,0,0,0,3
2020-06-12,US,Pennsylvania,Lackawanna,1598,191,0,41.43564672,-75.60379201,42069.0,762.135505594399,11.95244055068836,1407,1595,191,0,1404,1591,210793,3,0,0,3,4
2020-06-12,US,Pennsylvania,Lancaster,3682,325,0,40.03904563,-76.24770128,42071.0,674.7000315177636,8.826724606192288,3357,3632,322,0,3310,3600,543557,50,3,0,47,32
2020-06-12,US,Pennsylvania,Lawrence,86,8,0,40.99206278,-80.33393706,42073.0,100.5706801384601,9.30232558139535,78,86,8,0,78,87,86184,0,0,0,0,-1
2020-06-12,US,Pennsylvania,Lebanon,1140,39,0,40.36680311,-76.45651841,42075.0,803.9889134160361,3.421052631578948,1101,1106,38,0,1068,1091,141314,34,1,0,33,15
2020-06-12,US,Pennsylvania,Lehigh,3926,264,0,40.6154815,-75.59435245,42077.0,1063.040523343027,6.724401426388181,3662,3907,263,0,3644,3895,368100,19,1,0,18,12
2020-06-12,US,Pennsylvania,Luzerne,2823,162,0,41.17823008,-75.98447579,42079.0,889.3663540390087,5.738575982996813,2661,2813,161,0,2652,2810,317646,10,1,0,9,3
2020-06-12,US,Pennsylvania,Lycoming,168,17,0,41.34310539,-77.06629984,42081.0,148.28021430021445,10.119047619047619,151,168,17,0,151,168,113664,0,0,0,0,0
2020-06-12,US,Pennsylvania,McKean,13,1,0,41.80938602,-78.56478358,42083.0,32.0,7.6923076923076925,12,13,1,0,12,13,40968,0,0,0,0,0
2020-06-12,US,Pennsylvania,Mercer,114,6,0,41.30248872,-80.25816981,42085.0,104.18189793829508,5.2631578947368425,108,114,6,0,108,114,110683,0,0,0,0,0
2020-06-12,US,Pennsylvania,Mifflin,59,1,0,40.61116939,-77.61070738,42087.0,127.8772378516624,1.6949152542372878,58,59,1,0,58,59,46222,0,0,0,0,0
2020-06-12,US,Pennsylvania,Monroe,1347,103,0,41.05934058,-75.34031025,42089.0,791.091847701605,7.646622123236822,1244,1346,103,0,1243,1344,169507,1,0,0,1,2
2020-06-12,US,Pennsylvania,Montgomery,7834,753,0,40.21053671,-75.36652296,42091.0,942.8160521834365,9.611947919326015,7081,7754,748,0,7006,7709,828604,80,5,0,75,45
2020-06-12,US,Pennsylvania,Montour,56,0,0,41.03023987,-76.66345939,42093.0,307.18595721338454,0.0,56,55,0,0,55,53,18240,1,0,0,1,2
2020-06-12,US,Pennsylvania,Northampton,3217,238,0,40.75182733,-75.30471829,42095.0,1053.7694285667492,7.398197078023004,2979,3202,238,0,2964,3193,304807,15,0,0,15,9
2020-06-12,US,Pennsylvania,Northumberland,219,4,0,40.84785433,-76.70798222,42097.0,241.075261715267,1.8264840182648399,215,213,3,0,210,211,91083,6,1,0,5,2
2020-06-12,US,Pennsylvania,Perry,70,5,0,40.40206612,-77.26297447,42099.0,151.2793914246196,7.142857142857142,65,69,4,0,65,68,46139,1,1,0,0,1
2020-06-12,US,Pennsylvania,Philadelphia,24228,1487,0,40.00338507,-75.1379271,42101.0,1529.4836572259708,6.137526828462937,22741,24107,1471,0,22636,23951,1584138,121,16,0,105,156
2020-06-12,US,Pennsylvania,Pike,482,20,0,41.33155042,-75.03208106,42103.0,863.6599831568385,4.149377593360996,462,482,20,0,462,483,55933,0,0,0,0,-1
2020-06-12,US,Pennsylvania,Potter,13,0,0,41.74471626,-77.89559864,42105.0,78.66392351446206,0.0,13,12,0,0,12,12,16622,1,0,0,1,0
2020-06-12,US,Pennsylvania,Schuylkill,677,43,0,40.70497338,-76.2150785,42107.0,478.92245983630335,6.3515509601181686,634,668,42,0,626,664,142067,9,1,0,8,4
2020-06-12,US,Pennsylvania,Snyder,59,1,0,40.77129231,-77.06840691,42109.0,146.14088972555237,1.6949152542372878,58,59,1,0,58,59,40540,0,0,0,0,0
2020-06-12,US,Pennsylvania,Somerset,39,1,0,39.97172723,-79.02699593,42111.0,53.0995139352186,2.5641025641025643,38,39,1,0,38,39,73952,0,0,0,0,0
2020-06-12,US,Pennsylvania,Sullivan,3,0,0,41.44634738,-76.51246591,42113.0,49.455984174085074,0.0,3,3,0,0,3,3,6071,0,0,0,0,0
2020-06-12,US,Pennsylvania,Susquehanna,166,17,0,41.82147784,-75.80071959,42115.0,411.62467764332473,10.240963855421684,149,164,17,0,147,155,40589,2,0,0,2,9
2020-06-12,US,Pennsylvania,Tioga,20,2,0,41.77255149,-77.25433032,42117.0,49.27200610972876,10.0,18,20,2,0,18,19,40763,0,0,0,0,1
2020-06-12,US,Pennsylvania,Union,81,2,0,40.96188846,-77.05996014,42119.0,180.30852792556152,2.469135802469136,79,79,2,0,77,75,44785,2,0,0,2,4
2020-06-12,US,Pennsylvania,Venango,17,0,0,41.40323442,-79.75845449,42121.0,33.55174863819373,0.0,17,16,0,0,16,16,51266,1,0,0,1,0
2020-06-12,US,Pennsylvania,Warren,5,0,0,41.81304978,-79.26969577,42123.0,12.758031180628205,0.0,5,5,0,0,5,5,39498,0,0,0,0,0
2020-06-12,US,Pennsylvania,Washington,153,6,0,40.19208869,-80.24582867,42125.0,73.961279095062,3.92156862745098,147,151,6,0,145,151,207346,2,0,0,2,0
2020-06-12,US,Pennsylvania,Wayne,125,9,0,41.64938475,-75.29956506,42127.0,243.37532368918048,7.2,116,125,9,0,116,123,51276,0,0,0,0,2
2020-06-12,US,Pennsylvania,Westmoreland,483,38,0,40.31377979999999,-79.46615476,42129.0,138.4354784622484,7.867494824016562,445,474,38,0,436,473,350611,9,0,0,9,1
2020-06-12,US,Pennsylvania,Wyoming,36,7,0,41.51955538,-76.01074915,42131.0,134.35843845637086,19.444444444444443,29,36,7,0,29,36,27046,0,0,0,0,0
2020-06-12,US,Pennsylvania,York,1141,31,0,39.9210089,-76.73040131,42133.0,254.0874452743298,2.7169149868536366,1110,1117,31,0,1086,1102,448273,24,0,0,24,15
2020-06-12,US,Rhode Island,Bristol,231,0,0,41.71018079,-71.28652315,44001.0,476.4949772066256,0.0,231,231,0,0,231,231,48649,0,0,0,0,0
2020-06-12,US,Rhode Island,Kent,1105,0,0,41.67106337,-71.57641596,44003.0,672.5829620431914,0.0,1105,1105,0,0,1105,1105,163861,0,0,0,0,0
2020-06-12,US,Rhode Island,Newport,269,0,0,41.5642026,-71.26569799,44005.0,327.7210594283765,0.0,269,269,0,0,269,269,82542,0,0,0,0,0
2020-06-12,US,Rhode Island,Providence,11959,0,0,41.87064746,-71.57753536,44007.0,1871.7201074920454,0.0,11959,11959,0,0,11959,11959,636084,0,0,0,0,0
2020-06-12,US,Rhode Island,Unassigned,1870,833,0,0.0,0.0,90044.0,0.0,44.54545454545455,1037,1785,823,0,962,1679,,85,10,0,75,106
2020-06-12,US,Rhode Island,Washington,513,0,0,41.45961631,-71.61435303,44009.0,408.51429800043,0.0,513,513,0,0,513,513,126179,0,0,0,0,0
2020-06-12,US,South Carolina,Abbeville,62,0,0,34.22333378,-82.46170658,45001.0,252.78264769437763,0.0,62,63,0,0,63,60,24541,-1,0,0,-1,3
2020-06-12,US,South Carolina,Aiken,225,9,0,33.54338026,-81.63645384,45003.0,131.67751299218128,4.0,216,222,8,0,214,216,169401,3,1,0,2,6
2020-06-12,US,South Carolina,Allendale,40,3,0,32.98837386,-81.35321066,45005.0,460.4051565377532,7.5,37,40,3,0,37,39,8903,0,0,0,0,1
2020-06-12,US,South Carolina,Anderson,306,9,0,34.51828081,-82.63959517,45007.0,151.06784229702112,2.9411764705882355,297,295,9,0,286,287,200482,11,0,0,11,8
2020-06-12,US,South Carolina,Bamberg,40,0,0,33.21927586,-81.05659969,45009.0,284.373666998436,0.0,40,39,0,0,39,36,14275,1,0,0,1,3
2020-06-12,US,South Carolina,Barnwell,54,1,0,33.26679302,-81.43584352,45011.0,258.7942106776574,1.851851851851852,53,54,1,0,53,54,21112,0,0,0,0,0
2020-06-12,US,South Carolina,Beaufort,540,14,0,32.39226291,-80.72619758,45013.0,281.07140254629866,2.592592592592593,526,507,14,0,493,483,188715,33,0,0,33,24
2020-06-12,US,South Carolina,Berkeley,346,19,0,33.20222596,-79.94654523,45015.0,151.81631103915194,5.491329479768787,327,335,19,0,316,315,221091,11,0,0,11,20
2020-06-12,US,South Carolina,Calhoun,27,1,0,33.66926881,-80.77722168,45017.0,185.52875695732843,3.703703703703704,26,24,1,0,23,23,14520,3,0,0,3,1
2020-06-12,US,South Carolina,Charleston,959,15,0,32.82487866,-79.96512315,45019.0,233.10306607098582,1.5641293013555788,944,910,14,0,896,869,405905,49,1,0,48,41
2020-06-12,US,South Carolina,Cherokee,86,5,0,35.05122251,-81.61828622,45021.0,150.087260034904,5.813953488372092,81,78,5,0,73,76,57078,8,0,0,8,2
2020-06-12,US,South Carolina,Chester,114,1,0,34.69249168,-81.1583216,45023.0,353.5541496092297,0.8771929824561403,113,113,1,0,112,110,32251,1,0,0,1,3
2020-06-12,US,South Carolina,Chesterfield,281,7,0,34.64137396,-80.15640140000002,45025.0,615.553121577218,2.491103202846975,274,272,7,0,265,265,45754,9,0,0,9,7
2020-06-12,US,South Carolina,Clarendon,325,41,0,33.66610974,-80.21647898,45027.0,963.1056452807824,12.615384615384615,284,320,41,0,279,311,33700,5,0,0,5,9
2020-06-12,US,South Carolina,Colleton,177,16,0,32.87582989,-80.67641292,45029.0,469.7826260052552,9.039548022598868,161,165,16,0,149,159,37660,12,0,0,12,6
2020-06-12,US,South Carolina,Darlington,343,12,0,34.33358335,-79.96027485,45031.0,514.8758593773455,3.498542274052478,331,342,12,0,330,334,66802,1,0,0,1,8
2020-06-12,US,South Carolina,Dillon,198,4,0,34.39007791,-79.37741872,45033.0,649.6276124544769,2.0202020202020203,194,192,4,0,188,190,30599,6,0,0,6,2
2020-06-12,US,South Carolina,Dorchester,230,3,0,33.0794369,-80.40502652,45035.0,141.2698315203705,1.3043478260869563,227,223,3,0,220,214,160647,7,0,0,7,9
2020-06-12,US,South Carolina,Edgefield,58,2,0,33.77221995,-81.96231108,45037.0,212.7659574468085,3.4482758620689653,56,57,2,0,55,56,27052,1,0,0,1,1
2020-06-12,US,South Carolina,Fairfield,223,20,0,34.39287073,-81.1195624,45039.0,997.8968094151339,8.968609865470851,203,224,20,0,204,219,22402,-1,0,0,-1,5
2020-06-12,US,South Carolina,Florence,770,43,0,34.02361754,-79.70189312,45041.0,556.7888468686051,5.584415584415583,727,751,43,0,708,730,138159,19,0,0,19,21
2020-06-12,US,South Carolina,Georgetown,132,3,0,33.43443342,-79.33202141,45043.0,210.59349074664962,2.272727272727273,129,117,3,0,114,103,62249,15,0,0,15,14
2020-06-12,US,South Carolina,Greenville,2624,67,0,34.89502264,-82.37295012,45045.0,501.2014317857975,2.553353658536585,2557,2492,67,0,2425,2371,514213,132,0,0,132,121
2020-06-12,US,South Carolina,Greenwood,259,5,0,34.15272415,-82.12715789,45047.0,365.7623815508889,1.9305019305019304,254,235,5,0,230,199,70741,24,0,0,24,36
2020-06-12,US,South Carolina,Hampton,50,1,0,32.77419582,-81.13845571,45049.0,260.1186140880241,2.0,49,50,1,0,49,45,19351,0,0,0,0,5
2020-06-12,US,South Carolina,Horry,936,33,0,33.9212828,-78.99555293,45051.0,264.3462936446745,3.525641025641025,903,849,33,0,816,803,344147,87,0,0,87,46
2020-06-12,US,South Carolina,Jasper,54,2,0,32.43171982,-81.02487495,45053.0,179.5630632128487,3.703703703703704,52,52,2,0,50,50,28971,2,0,0,2,2
2020-06-12,US,South Carolina,Kershaw,419,15,0,34.33988254,-80.58763164,45055.0,629.5923427146098,3.5799522673031032,404,404,15,0,389,397,65592,15,0,0,15,7
2020-06-12,US,South Carolina,Lancaster,230,6,0,34.68270843,-80.70513032,45057.0,234.66514304370887,2.608695652173913,224,232,6,0,226,220,95380,-2,0,0,-2,12
2020-06-12,US,South Carolina,Laurens,120,4,0,34.48244419,-82.00490796,45059.0,177.79621590387148,3.333333333333333,116,109,4,0,105,101,66994,11,0,0,11,8
2020-06-12,US,South Carolina,Lee,233,19,0,34.16393091,-80.25690731,45061.0,1384.5971000713098,8.15450643776824,214,232,19,0,213,233,17142,1,0,0,1,-1
2020-06-12,US,South Carolina,Lexington,1049,39,0,33.89665987,-81.27146426,45063.0,351.12970711297066,3.717826501429933,1010,992,38,0,954,941,295032,57,1,0,56,51
2020-06-12,US,South Carolina,Marion,88,5,0,34.07859748,-79.36400756,45067.0,287.0470039468963,5.6818181818181825,83,86,5,0,81,83,31039,2,0,0,2,3
2020-06-12,US,South Carolina,Marlboro,226,3,0,34.59905577,-79.67561152,45069.0,865.303622023126,1.327433628318584,223,221,3,0,218,215,26398,5,0,0,5,6
2020-06-12,US,South Carolina,McCormick,11,1,0,33.90161443,-82.30794338,45065.0,116.24220648842864,9.090909090909092,10,11,1,0,10,11,9410,0,0,0,0,0
2020-06-12,US,South Carolina,Newberry,93,2,0,34.28629098,-81.59935761,45071.0,241.93548387096772,2.150537634408602,91,90,2,0,88,88,38520,3,0,0,3,2
2020-06-12,US,South Carolina,Oconee,73,0,0,34.75225169,-83.06742317,45073.0,91.77079928594776,0.0,73,70,0,0,70,65,78374,3,0,0,3,5
2020-06-12,US,South Carolina,Orangeburg,309,6,0,33.4391073,-80.79886287,45075.0,358.5726718885988,1.9417475728155342,303,301,5,0,296,287,86934,8,1,0,7,14
2020-06-12,US,South Carolina,Pickens,262,4,0,34.88807695,-82.72791551,45077.0,206.48781564263425,1.5267175572519085,258,242,4,0,238,226,124937,20,0,0,20,16
2020-06-12,US,South Carolina,Richland,2076,71,0,34.01791263,-80.90267209,45079.0,499.32773553909834,3.420038535645472,2005,2006,70,0,1936,1938,414576,70,1,0,69,68
2020-06-12,US,South Carolina,Saluda,158,1,0,34.00795823,-81.72713237,45081.0,771.7481561080448,0.6329113924050633,157,156,1,0,155,154,20544,2,0,0,2,2
2020-06-12,US,South Carolina,Spartanburg,887,37,0,34.92960077,-81.99225984,45083.0,277.3738605625655,4.1713641488162345,850,843,37,0,806,835,313888,44,0,0,44,8
2020-06-12,US,South Carolina,Sumter,580,19,0,33.91826534,-80.37942316,45085.0,543.4731683548691,3.2758620689655173,561,556,19,0,537,509,106512,24,0,0,24,47
2020-06-12,US,South Carolina,Union,43,0,0,34.68835752,-81.61730349,45087.0,157.41689852101334,0.0,43,42,0,0,42,41,27410,1,0,0,1,1
2020-06-12,US,South Carolina,Williamsburg,274,15,0,33.62190129,-79.72767442,45089.0,902.2655426765016,5.474452554744525,259,270,15,0,255,262,30606,4,0,0,4,8
2020-06-12,US,South Carolina,York,580,10,0,34.97281497,-81.18085944,45091.0,206.42112043960583,1.7241379310344829,570,557,10,0,547,536,274118,23,0,0,23,21
2020-06-12,US,South Dakota,Aurora,30,0,0,43.71757685,-98.56050467,46003.0,1090.5125408942204,0.0,30,29,0,0,29,29,2801,1,0,0,1,0
2020-06-12,US,South Dakota,Beadle,418,6,0,44.41464384,-98.27858469,46005.0,2265.2143282935026,1.4354066985645932,412,411,6,0,405,398,18883,7,0,0,7,13
2020-06-12,US,South Dakota,Bon Homme,8,0,0,42.98914167,-97.88592746,46009.0,115.92522822779308,0.0,8,8,0,0,8,8,6980,0,0,0,0,0
2020-06-12,US,South Dakota,Brookings,26,0,0,44.36974375,-96.79079945,46011.0,74.12264446788494,0.0,26,26,0,0,26,26,35232,0,0,0,0,0
2020-06-12,US,South Dakota,Brown,307,2,0,45.58994323,-98.35165355,46013.0,790.4425963593295,0.6514657980456026,305,305,2,0,303,305,39316,2,0,0,2,0
2020-06-12,US,South Dakota,Brule,7,0,0,43.71756379,-99.08118954,46015.0,132.15027373985274,0.0,7,3,0,0,3,2,5229,4,0,0,4,1
2020-06-12,US,South Dakota,Buffalo,39,0,0,44.07657829,-99.20814467,46017.0,1987.7675840978595,0.0,39,31,0,0,31,30,2036,8,0,0,8,1
2020-06-12,US,South Dakota,Charles Mix,21,0,0,43.20660134,-98.58856175,46023.0,226.0008609556608,0.0,21,21,0,0,21,20,9338,0,0,0,0,1
2020-06-12,US,South Dakota,Clark,7,0,0,44.85834507,-97.72925109,46025.0,187.36616702355462,0.0,7,6,0,0,6,6,3739,1,0,0,1,0
2020-06-12,US,South Dakota,Clay,56,0,0,42.91296147,-96.97656917,46027.0,398.0099502487562,0.0,56,50,0,0,50,43,14041,6,0,0,6,7
2020-06-12,US,South Dakota,Codington,44,0,0,44.97788119,-97.18827677,46029.0,157.0923631689814,0.0,44,44,0,0,44,44,28015,0,0,0,0,0
2020-06-12,US,South Dakota,Corson,9,0,0,45.70889983,-101.1970473,46031.0,220.26431718061676,0.0,9,8,0,0,8,6,4165,1,0,0,1,2
2020-06-12,US,South Dakota,Custer,2,0,0,43.67741105,-103.45345209999999,46033.0,22.29157378510923,0.0,2,1,0,0,1,1,8726,1,0,0,1,0
2020-06-12,US,South Dakota,Davison,31,0,0,43.67490933,-98.14458906,46035.0,156.76359039190896,0.0,31,30,0,0,30,30,19790,1,0,0,1,0
2020-06-12,US,South Dakota,Day,13,0,0,45.367281,-97.60737498,46037.0,239.6755162241888,0.0,13,13,0,0,13,13,5505,0,0,0,0,0
2020-06-12,US,South Dakota,Deuel,1,0,0,44.75994309,-96.66943645,46039.0,22.983222247759137,0.0,1,1,0,0,1,1,4337,0,0,0,0,0
2020-06-12,US,South Dakota,Dewey,2,0,0,45.15639647,-100.8709139,46041.0,33.944331296673454,0.0,2,2,0,0,2,1,5904,0,0,0,0,1
2020-06-12,US,South Dakota,Douglas,4,0,0,43.38520741,-98.36978007,46043.0,136.93940431359124,0.0,4,4,0,0,4,4,2935,0,0,0,0,0
2020-06-12,US,South Dakota,Edmunds,4,0,0,45.41846445,-99.21545423,46045.0,104.46591799425435,0.0,4,4,0,0,4,4,3875,0,0,0,0,0
2020-06-12,US,South Dakota,Fall River,6,0,0,43.23929297,-103.5275691,46047.0,89.37881722031878,0.0,6,6,0,0,6,6,6758,0,0,0,0,0
2020-06-12,US,South Dakota,Faulk,19,0,0,45.07082625,-99.14535601,46049.0,826.4462809917355,0.0,19,15,0,0,15,15,2330,4,0,0,4,0
2020-06-12,US,South Dakota,Grant,13,0,0,45.1723937,-96.77002276,46051.0,184.344866704481,0.0,13,13,0,0,13,13,7147,0,0,0,0,0
2020-06-12,US,South Dakota,Gregory,1,0,0,43.19419064,-99.18883902,46053.0,23.894862604540023,0.0,1,1,0,0,1,1,4212,0,0,0,0,0
2020-06-12,US,South Dakota,Hamlin,9,0,0,44.67385954,-97.18829593,46057.0,146.00908500973395,0.0,9,9,0,0,9,9,6111,0,0,0,0,0
2020-06-12,US,South Dakota,Hand,6,0,0,44.54708407,-99.00386459,46059.0,188.02883108743345,0.0,6,5,0,0,5,5,3262,1,0,0,1,0
2020-06-12,US,South Dakota,Hanson,3,0,0,43.6746384,-97.78715148,46061.0,86.88097306689835,0.0,3,3,0,0,3,3,3376,0,0,0,0,0
2020-06-12,US,South Dakota,Hughes,21,0,0,44.39091534,-99.99661148,46065.0,119.82197877439232,0.0,21,21,0,0,21,21,17650,0,0,0,0,0
2020-06-12,US,South Dakota,Hutchinson,8,0,0,43.33449012,-97.75536441,46067.0,109.72431765189958,0.0,8,8,0,0,8,8,7380,0,0,0,0,0
2020-06-12,US,South Dakota,Hyde,3,0,0,44.54747703,-99.48572582,46069.0,230.59185242121444,0.0,3,3,0,0,3,3,1282,0,0,0,0,0
2020-06-12,US,South Dakota,Jackson,4,0,0,43.69318385,-101.6255063,46071.0,119.61722488038279,0.0,4,4,0,0,4,4,3307,0,0,0,0,0
2020-06-12,US,South Dakota,Jerauld,40,1,0,44.06637798,-98.62965972,46073.0,1987.083954297069,2.5,39,40,1,0,39,40,2043,0,0,0,0,0
2020-06-12,US,South Dakota,Kingsbury,5,0,0,44.36956169,-97.4913945,46077.0,101.23506782749544,0.0,5,5,0,0,5,5,4919,0,0,0,0,0
2020-06-12,US,South Dakota,Lake,14,1,0,44.02193107,-97.12926365,46079.0,109.4006407751817,7.142857142857142,13,13,1,0,12,13,13057,1,0,0,1,0
2020-06-12,US,South Dakota,Lawrence,12,0,0,44.35919441,-103.79294279999999,46081.0,46.43244079863797,0.0,12,12,0,0,12,12,25741,0,0,0,0,0
2020-06-12,US,South Dakota,Lincoln,262,0,0,43.27841182,-96.72039050000001,46083.0,428.60882083496926,0.0,262,259,0,0,259,258,58807,3,0,0,3,1
2020-06-12,US,South Dakota,Lyman,32,0,0,43.89522709,-99.85201878,46085.0,846.3369478973816,0.0,32,32,0,0,32,30,3821,0,0,0,0,2
2020-06-12,US,South Dakota,Marshall,4,0,0,45.75870838,-97.59855639,46091.0,81.05369807497469,0.0,4,4,0,0,4,4,5112,0,0,0,0,0
2020-06-12,US,South Dakota,McCook,8,1,0,43.6742571,-97.36863144,46087.0,143.21518080916576,12.5,7,7,1,0,6,7,5546,1,0,0,1,0
2020-06-12,US,South Dakota,McPherson,3,0,0,45.76626028,-99.22118798,46089.0,126.10340479192938,0.0,3,3,0,0,3,3,2407,0,0,0,0,0
2020-06-12,US,South Dakota,Meade,30,1,0,44.56676791,-102.71627409999999,46093.0,105.8873358746294,3.333333333333333,29,28,1,0,27,28,28294,2,0,0,2,0
2020-06-12,US,South Dakota,Miner,3,0,0,44.02197882,-97.60992207,46097.0,135.37906137184117,0.0,3,3,0,0,3,3,2213,0,0,0,0,0
2020-06-12,US,South Dakota,Minnehaha,3458,53,0,43.67441641,-96.7910885,46099.0,1790.4667225863907,1.5326778484673222,3405,3444,52,0,3392,3430,192876,14,1,0,13,14
2020-06-12,US,South Dakota,Moody,20,0,0,44.02266214,-96.67081159,46101.0,304.1362530413625,0.0,20,19,0,0,19,19,6579,1,0,0,1,0
2020-06-12,US,South Dakota,Oglala Lakota,45,0,0,43.33749164,-102.55554980000001,46102.0,317.4155322000423,0.0,45,45,0,0,45,45,14309,0,0,0,0,0
2020-06-12,US,South Dakota,Pennington,362,7,0,44.0025835,-102.8240777,46103.0,318.17183036695235,1.9337016574585637,355,351,7,0,344,335,111729,11,0,0,11,16
2020-06-12,US,South Dakota,Roberts,40,0,0,45.62975048,-96.94672673,46109.0,384.83740619588224,0.0,40,39,0,0,39,39,10447,1,0,0,1,0
2020-06-12,US,South Dakota,Sanborn,13,0,0,44.02351092,-98.09098159999999,46111.0,554.6075085324234,0.0,13,13,0,0,13,13,2429,0,0,0,0,0
2020-06-12,US,South Dakota,Spink,5,0,0,44.93837606,-98.34626602,46115.0,78.41907151819322,0.0,5,5,0,0,5,5,6495,0,0,0,0,0
2020-06-12,US,South Dakota,Stanley,11,0,0,44.41381872,-100.7349153,46117.0,355.0677856681731,0.0,11,11,0,0,11,10,3022,0,0,0,0,1
2020-06-12,US,South Dakota,Sully,1,0,0,44.71571812,-100.1278092,46119.0,71.89072609633357,0.0,1,1,0,0,1,1,1392,0,0,0,0,0
2020-06-12,US,South Dakota,Todd,46,1,0,43.19338568,-100.71955030000001,46121.0,451.9996069568635,2.1739130434782608,45,45,1,0,44,44,10283,1,0,0,1,1
2020-06-12,US,South Dakota,Tripp,7,0,0,43.34459388,-99.8854891,46123.0,128.65282117257857,0.0,7,6,0,0,6,6,5478,1,0,0,1,0
2020-06-12,US,South Dakota,Turner,25,0,0,43.3109081,-97.14865776,46125.0,298.18702290076334,0.0,25,25,0,0,25,25,8424,0,0,0,0,0
2020-06-12,US,South Dakota,Union,109,1,0,42.83112163,-96.6557828,46127.0,684.1576700979161,0.9174311926605504,108,105,1,0,104,105,15619,4,0,0,4,0
2020-06-12,US,South Dakota,Walworth,5,0,0,45.43019636,-100.03075140000001,46129.0,91.99632014719411,0.0,5,5,0,0,5,5,5587,0,0,0,0,0
2020-06-12,US,South Dakota,Yankton,58,0,0,43.00924485,-97.39467635,46135.0,254.22985885859558,0.0,58,58,0,0,58,58,22869,0,0,0,0,0
2020-06-12,US,South Dakota,Ziebach,2,0,0,44.97881876,-101.6654622,46137.0,72.5689404934688,0.0,2,2,0,0,2,2,2742,0,0,0,0,0
2020-06-12,US,Tennessee,Anderson,59,2,0,36.12684348,-84.19965764,47001.0,76.64527527345476,3.3898305084745757,57,55,2,0,53,54,76482,4,0,0,4,1
2020-06-12,US,Tennessee,Bedford,376,4,0,35.51123746,-86.45549096,47003.0,756.3413996338986,1.0638297872340423,372,372,4,0,368,346,49038,4,0,0,4,26
2020-06-12,US,Tennessee,Benton,8,1,0,36.07110411,-88.06849355,47005.0,49.504950495049506,12.5,7,8,1,0,7,8,16184,0,0,0,0,0
2020-06-12,US,Tennessee,Bledsoe,614,1,0,35.59942968,-85.20611967,47007.0,4075.942644715879,0.16286644951140064,613,614,1,0,613,613,14755,0,0,0,0,1
2020-06-12,US,Tennessee,Blount,104,3,0,35.68938198,-83.92847788,47009.0,78.14378456359701,2.8846153846153846,101,97,3,0,94,96,131349,7,0,0,7,1
2020-06-12,US,Tennessee,Bradley,266,2,0,35.15739424,-84.857186,47011.0,246.04569420035148,0.7518796992481203,264,241,2,0,239,238,106727,25,0,0,25,3
2020-06-12,US,Tennessee,Campbell,22,1,0,36.40355516,-84.15108559999999,47013.0,55.218111540585305,4.545454545454546,21,18,1,0,17,18,39583,4,0,0,4,0
2020-06-12,US,Tennessee,Cannon,34,0,0,35.80990797,-86.05738983,47015.0,231.6391879002589,0.0,34,34,0,0,34,34,14462,0,0,0,0,0
2020-06-12,US,Tennessee,Carroll,34,1,0,35.97366108,-88.45189331,47017.0,122.44750963373791,2.9411764705882355,33,29,1,0,28,29,28020,5,0,0,5,0
2020-06-12,US,Tennessee,Carter,20,1,0,36.28969086,-82.12588974,47019.0,35.46665248000568,5.0,19,19,1,0,18,19,56351,1,0,0,1,0
2020-06-12,US,Tennessee,Cheatham,152,0,0,36.26136216,-87.08903581,47021.0,373.76742813583496,0.0,152,151,0,0,151,149,40439,1,0,0,1,2
2020-06-12,US,Tennessee,Chester,12,0,0,35.42527478,-88.6095842,47023.0,69.37619240330693,0.0,12,12,0,0,12,12,17276,0,0,0,0,0
2020-06-12,US,Tennessee,Claiborne,15,0,0,36.48319149,-83.65947309,47025.0,46.93513564254201,0.0,15,15,0,0,15,15,31756,0,0,0,0,0
2020-06-12,US,Tennessee,Clay,9,0,0,36.55151008,-85.53930419,47027.0,118.18778726198292,0.0,9,9,0,0,9,9,7717,0,0,0,0,0
2020-06-12,US,Tennessee,Cocke,26,0,0,35.9278914,-83.11828725,47029.0,72.21419842239752,0.0,26,23,0,0,23,22,35774,3,0,0,3,1
2020-06-12,US,Tennessee,Coffee,92,0,0,35.49090731,-86.07311784,47031.0,162.77423920736024,0.0,92,88,0,0,88,87,55700,4,0,0,4,1
2020-06-12,US,Tennessee,Crockett,18,3,0,35.81830662,-89.14916269,47033.0,126.49332396345748,16.666666666666668,15,16,3,0,13,16,14328,2,0,0,2,0
2020-06-12,US,Tennessee,Cumberland,130,2,0,35.95271721,-84.99840585,47035.0,214.80502313284862,1.5384615384615383,128,129,2,0,127,127,59673,1,0,0,1,2
2020-06-12,US,Tennessee,Davidson,6379,84,0,36.17007426,-86.78646056,47037.0,918.9735847316983,1.31682081831008,6295,6290,81,0,6209,6190,692587,89,3,0,86,100
2020-06-12,US,Tennessee,DeKalb,41,0,0,35.97616272,-85.83689361,47041.0,200.0976085895559,0.0,41,41,0,0,41,41,20138,0,0,0,0,0
2020-06-12,US,Tennessee,Decatur,14,0,0,35.60048904,-88.11043779,47039.0,120.03772614250192,0.0,14,14,0,0,14,14,11706,0,0,0,0,0
2020-06-12,US,Tennessee,Dickson,131,0,0,36.14669837,-87.35891709,47043.0,242.8264254467265,0.0,131,129,0,0,129,128,53446,2,0,0,2,1
2020-06-12,US,Tennessee,Dyer,82,0,0,36.05931946,-89.41542855,47045.0,220.6733227481902,0.0,82,73,0,0,73,71,37320,9,0,0,9,2
2020-06-12,US,Tennessee,Fayette,167,2,0,35.19615831,-89.41399032,47047.0,406.0000486227603,1.1976047904191616,165,163,2,0,161,162,40507,4,0,0,4,1
2020-06-12,US,Tennessee,Fentress,14,0,0,36.38128818,-84.92870012,47049.0,75.58170922636721,0.0,14,13,0,0,13,13,18217,1,0,0,1,0
2020-06-12,US,Tennessee,Franklin,59,2,0,35.15634626,-86.09201039,47051.0,139.78392721758908,3.3898305084745757,57,55,2,0,53,55,41890,4,0,0,4,0
2020-06-12,US,Tennessee,Gibson,68,1,0,35.99438059,-88.93358327,47053.0,138.3998534589787,1.4705882352941178,67,64,1,0,63,64,49045,4,0,0,4,0
2020-06-12,US,Tennessee,Giles,21,0,0,35.20222469,-87.03992678,47055.0,71.27341840890578,0.0,21,19,0,0,19,19,29503,2,0,0,2,0
2020-06-12,US,Tennessee,Grainger,18,0,0,36.27469206,-83.51254721,47057.0,77.1869639794168,0.0,18,16,0,0,16,16,23145,2,0,0,2,0
2020-06-12,US,Tennessee,Greene,53,2,0,36.17470125,-82.84691273,47059.0,76.734859343555,3.7735849056603774,51,52,2,0,50,52,69087,1,0,0,1,0
2020-06-12,US,Tennessee,Grundy,32,1,0,35.38433717,-85.72142731,47061.0,238.3257615252849,3.125,31,32,1,0,31,32,13346,0,0,0,0,0
2020-06-12,US,Tennessee,Hamblen,75,3,0,36.21990035,-83.26586179,47063.0,115.5018942310654,4.0,72,65,3,0,62,63,64569,10,0,0,10,2
2020-06-12,US,Tennessee,Hamilton,1433,20,0,35.17670231,-85.16652245,47065.0,389.60968341834234,1.3956734124214931,1413,1210,19,0,1191,1156,364286,223,1,0,222,54
2020-06-12,US,Tennessee,Hancock,1,0,0,36.52692871,-83.22375847,47067.0,15.105740181268883,0.0,1,1,0,0,1,1,6549,0,0,0,0,0
2020-06-12,US,Tennessee,Hardeman,215,0,0,35.20772017,-88.99161161,47069.0,858.2834331337325,0.0,215,214,0,0,214,213,25220,1,0,0,1,1
2020-06-12,US,Tennessee,Hardin,30,3,0,35.19732531,-88.18593755,47071.0,116.9499454233588,10.0,27,30,3,0,27,31,25776,0,0,0,0,-1
2020-06-12,US,Tennessee,Hawkins,34,2,0,36.44355426,-82.94885298,47073.0,59.87391258408763,5.882352941176472,32,34,2,0,32,34,56530,0,0,0,0,0
2020-06-12,US,Tennessee,Haywood,36,2,0,35.58332824,-89.28536625,47075.0,208.0443828016644,5.5555555555555545,34,35,2,0,33,35,17335,1,0,0,1,0
2020-06-12,US,Tennessee,Henderson,17,0,0,35.65581134,-88.38600175,47077.0,60.461642422733576,0.0,17,17,0,0,17,16,27847,0,0,0,0,1
2020-06-12,US,Tennessee,Henry,34,0,0,36.33160906,-88.30121797,47079.0,105.11671046529602,0.0,34,34,0,0,34,33,32358,0,0,0,0,1
2020-06-12,US,Tennessee,Hickman,61,0,0,35.80609681,-87.47643507,47081.0,242.27500198586068,0.0,61,60,0,0,60,60,25063,1,0,0,1,0
2020-06-12,US,Tennessee,Houston,9,0,0,36.28872054,-87.71878828,47083.0,109.74271430313378,0.0,9,9,0,0,9,9,8263,0,0,0,0,0
2020-06-12,US,Tennessee,Humphreys,18,1,0,36.03958805,-87.77992872,47085.0,96.867936712948,5.5555555555555545,17,17,1,0,16,18,18486,1,0,0,1,-1
2020-06-12,US,Tennessee,Jackson,19,0,0,36.36380466,-85.67239905,47087.0,161.20821313422704,0.0,19,19,0,0,19,19,11758,0,0,0,0,0
2020-06-12,US,Tennessee,Jefferson,42,0,0,36.04818632,-83.45148924,47089.0,77.07129094412332,0.0,42,36,0,0,36,31,54012,6,0,0,6,5
2020-06-12,US,Tennessee,Johnson,24,0,0,36.45523950000001,-81.84886538,47091.0,134.922419608725,0.0,24,24,0,0,24,23,17778,0,0,0,0,1
2020-06-12,US,Tennessee,Knox,525,5,0,35.99508821,-83.94635435,47093.0,111.62778830268353,0.9523809523809524,520,511,5,0,506,500,465289,14,0,0,14,11
2020-06-12,US,Tennessee,Lake,691,0,0,36.34180170000001,-89.48921915,47095.0,9848.916761687571,0.0,691,688,0,0,688,730,7411,3,0,0,3,-42
2020-06-12,US,Tennessee,Lauderdale,61,1,0,35.75893438,-89.63015909999999,47097.0,237.9744860141224,1.639344262295082,60,60,1,0,59,60,25825,1,0,0,1,0
2020-06-12,US,Tennessee,Lawrence,57,0,0,35.21675201,-87.39787695,47099.0,129.1287209460378,0.0,57,52,0,0,52,48,43734,5,0,0,5,4
2020-06-12,US,Tennessee,Lewis,5,0,0,35.52853208,-87.49022694,47101.0,40.75643951744376,0.0,5,5,0,0,5,4,12086,0,0,0,0,1
2020-06-12,US,Tennessee,Lincoln,42,0,0,35.13738622,-86.58910106,47103.0,122.21381598091135,0.0,42,36,0,0,36,34,34117,6,0,0,6,2
2020-06-12,US,Tennessee,Loudon,188,1,0,35.73939663,-84.31145275,47105.0,347.7102907449878,0.5319148936170213,187,174,1,0,173,174,53054,14,0,0,14,0
2020-06-12,US,Tennessee,Macon,191,3,0,36.53157855,-86.00778595,47111.0,776.3596455572717,1.5706806282722514,188,191,3,0,188,186,24265,0,0,0,0,5
2020-06-12,US,Tennessee,Madison,182,2,0,35.61181957,-88.84076036,47113.0,185.74461136512085,1.0989010989010992,180,182,2,0,180,183,97605,0,0,0,0,-1
2020-06-12,US,Tennessee,Marion,48,2,0,35.12997174,-85.62265895,47115.0,166.04974573632686,4.166666666666667,46,47,1,0,46,46,28575,1,1,0,0,1
2020-06-12,US,Tennessee,Marshall,40,1,0,35.45798777,-86.76420988,47117.0,116.36363636363636,2.5,39,39,1,0,38,40,33683,1,0,0,1,-1
2020-06-12,US,Tennessee,Maury,147,1,0,35.618741299999996,-87.07462444,47119.0,152.5101932833266,0.6802721088435374,146,139,1,0,138,128,94340,8,0,0,8,11
2020-06-12,US,Tennessee,McMinn,162,14,0,35.42812616,-84.61520715,47107.0,301.1488270067294,8.641975308641975,148,161,14,0,147,159,53285,1,0,0,1,2
2020-06-12,US,Tennessee,McNairy,26,0,0,35.17468549,-88.5647812,47109.0,101.19093951895384,0.0,26,25,0,0,25,24,25832,1,0,0,1,1
2020-06-12,US,Tennessee,Meigs,29,0,0,35.51558739,-84.81482914,47121.0,233.45677024633721,0.0,29,28,0,0,28,27,12306,1,0,0,1,1
2020-06-12,US,Tennessee,Monroe,85,4,0,35.44550387,-84.24902965,47123.0,182.6189708883876,4.705882352941177,81,75,4,0,71,75,46357,10,0,0,10,0
2020-06-12,US,Tennessee,Montgomery,319,5,0,36.49609412,-87.38550661,47125.0,152.63669118104434,1.567398119122257,314,312,4,0,308,310,205950,7,1,0,6,2
2020-06-12,US,Tennessee,Moore,5,0,0,35.27724699,-86.36230578,47127.0,77.06535141800245,0.0,5,5,0,0,5,5,6411,0,0,0,0,0
2020-06-12,US,Tennessee,Morgan,18,0,0,36.13248031,-84.64880098,47129.0,84.10035976265009,0.0,18,18,0,0,18,19,21579,0,0,0,0,-1
2020-06-12,US,Tennessee,Obion,56,1,0,36.35732446,-89.14921589,47131.0,186.2383185340384,1.7857142857142858,55,53,1,0,52,53,30267,3,0,0,3,0
2020-06-12,US,Tennessee,Out of TN,457,5,0,0.0,0.0,80047.0,0.0,1.0940919037199124,452,457,5,0,452,457,,0,0,0,0,0
2020-06-12,US,Tennessee,Overton,37,0,0,36.34117832,-85.28989535,47133.0,166.35942628478938,0.0,37,36,0,0,36,36,22068,1,0,0,1,0
2020-06-12,US,Tennessee,Perry,25,0,0,35.63708728,-87.86139634,47135.0,309.55918771669144,0.0,25,24,0,0,24,24,8064,1,0,0,1,0
2020-06-12,US,Tennessee,Pickett,4,0,0,36.55606529,-85.07763299999998,47137.0,79.23930269413628,0.0,4,4,0,0,4,4,5082,0,0,0,0,0
2020-06-12,US,Tennessee,Polk,28,0,0,35.12245443,-84.52075859,47139.0,166.34980988593156,0.0,28,24,0,0,24,24,16898,4,0,0,4,0
2020-06-12,US,Tennessee,Putnam,588,6,0,36.14005459,-85.50646123,47141.0,732.7559349492179,1.020408163265306,582,572,6,0,566,571,78843,16,0,0,16,1
2020-06-12,US,Tennessee,Rhea,222,0,0,35.60536161,-84.93076643,47143.0,669.3400066330992,0.0,222,220,0,0,220,220,33044,2,0,0,2,0
2020-06-12,US,Tennessee,Roane,33,0,0,35.84923189,-84.52458689,47145.0,61.818590536135765,0.0,33,23,0,0,23,23,53140,10,0,0,10,0
2020-06-12,US,Tennessee,Robertson,597,8,0,36.52454807,-86.87346725,47147.0,831.3258045200729,1.340033500837521,589,594,7,0,587,584,71012,3,1,0,2,10
2020-06-12,US,Tennessee,Rutherford,1653,30,0,35.84591405,-86.4107263,47149.0,497.4645259340626,1.8148820326678765,1623,1620,29,0,1591,1600,324890,33,1,0,32,20
2020-06-12,US,Tennessee,Scott,14,0,0,36.42325673,-84.50360494,47151.0,63.44027551205365,0.0,14,14,0,0,14,14,22039,0,0,0,0,0
2020-06-12,US,Tennessee,Sequatchie,21,0,0,35.36979721,-85.41022136,47153.0,139.7577532277386,0.0,21,21,0,0,21,21,14876,0,0,0,0,0
2020-06-12,US,Tennessee,Sevier,206,2,0,35.78077323,-83.52244332,47155.0,209.6692111959288,0.9708737864077671,204,184,2,0,182,178,97892,22,0,0,22,6
2020-06-12,US,Tennessee,Shelby,6451,151,0,35.1864775,-89.89692423,47157.0,688.351903504822,2.34072236862502,6300,6365,135,0,6230,6204,935764,86,16,0,70,161
2020-06-12,US,Tennessee,Smith,39,1,0,36.25359775,-85.95411046,47159.0,193.4811727935705,2.5641025641025643,38,37,1,0,36,37,19942,2,0,0,2,0
2020-06-12,US,Tennessee,Stewart,14,0,0,36.50235092,-87.83920548,47161.0,102.0780167699599,0.0,14,14,0,0,14,14,13561,0,0,0,0,0
2020-06-12,US,Tennessee,Sullivan,70,2,0,36.51240691,-82.30412917,47163.0,44.20643140424887,2.8571428571428568,68,67,2,0,65,67,157668,3,0,0,3,0
2020-06-12,US,Tennessee,Sumner,1059,47,0,36.46824103,-86.45917204,47165.0,553.629961888929,4.4381491973559966,1012,1049,47,0,1002,1033,187149,10,0,0,10,16
2020-06-12,US,Tennessee,Tipton,497,3,0,35.501942,-89.73694895,47167.0,806.8312797285671,0.6036217303822937,494,491,3,0,488,488,61581,6,0,0,6,3
2020-06-12,US,Tennessee,Trousdale,1458,4,0,36.39026213,-86.16087954,47169.0,12920.950017724212,0.27434842249657065,1454,1399,4,0,1395,1397,11012,59,0,0,59,2
2020-06-12,US,Tennessee,Unassigned,148,0,0,0.0,0.0,90047.0,0.0,0.0,148,148,0,0,148,170,,0,0,0,0,-22
2020-06-12,US,Tennessee,Unicoi,52,0,0,36.10890856,-82.43709629,47171.0,290.77895207739186,0.0,52,52,0,0,52,52,17761,0,0,0,0,0
2020-06-12,US,Tennessee,Union,7,0,0,36.28590426,-83.83651902,47173.0,35.04906869617464,0.0,7,6,0,0,6,5,19688,1,0,0,1,1
2020-06-12,US,Tennessee,Van Buren,4,0,0,35.69864497,-85.45221699,47175.0,68.11989100817439,0.0,4,4,0,0,4,4,5765,0,0,0,0,0
2020-06-12,US,Tennessee,Warren,32,0,0,35.672829899999996,-85.77969117,47177.0,77.52501393027596,0.0,32,32,0,0,32,32,40878,0,0,0,0,0
2020-06-12,US,Tennessee,Washington,88,0,0,36.29472368,-82.49454720000001,47179.0,68.01932367149759,0.0,88,88,0,0,88,87,128607,0,0,0,0,1
2020-06-12,US,Tennessee,Wayne,64,0,0,35.23868267,-87.78644456,47181.0,383.85413542853723,0.0,64,64,0,0,64,64,16558,0,0,0,0,0
2020-06-12,US,Tennessee,Weakley,28,0,0,36.29896232,-88.71990865,47183.0,84.01344215074413,0.0,28,27,0,0,27,26,33415,1,0,0,1,1
2020-06-12,US,Tennessee,White,46,0,0,35.92929884,-85.45591799,47185.0,168.22088133113914,0.0,46,44,0,0,44,45,27107,2,0,0,2,-1
2020-06-12,US,Tennessee,Williamson,670,12,0,35.89099229,-86.89281867,47187.0,281.02612284616544,1.791044776119403,658,662,11,0,651,654,231729,8,1,0,7,8
2020-06-12,US,Tennessee,Wilson,511,11,0,36.15496772,-86.29775884,47189.0,353.24941067490687,2.152641878669276,500,501,11,0,490,499,140625,10,0,0,10,2
2020-06-12,US,Texas,Anderson,95,0,0,31.81534745,-95.65354823,48001.0,164.54490343812245,0.0,95,95,0,0,95,91,58057,0,0,0,0,4
2020-06-12,US,Texas,Andrews,27,0,0,32.30468633,-102.63765479999999,48003.0,144.34643143544506,0.0,27,27,0,0,27,27,18128,0,0,0,0,0
2020-06-12,US,Texas,Angelina,309,5,0,31.25457347,-94.60901487,48005.0,356.3397336101021,1.6181229773462784,304,281,5,0,276,281,87092,28,0,0,28,0
2020-06-12,US,Texas,Aransas,6,0,0,28.10556197,-96.9995047,48007.0,25.521054870267967,0.0,6,5,0,0,5,5,23792,1,0,0,1,0
2020-06-12,US,Texas,Archer,3,0,0,33.61569967,-98.68754589,48009.0,35.0754121360926,0.0,3,3,0,0,3,3,8786,0,0,0,0,0
2020-06-12,US,Texas,Armstrong,3,0,0,34.96507426,-101.35748740000001,48011.0,158.9825119236884,0.0,3,3,0,0,3,3,1892,0,0,0,0,0
2020-06-12,US,Texas,Atascosa,43,2,0,28.89333001,-98.52730485,48013.0,84.0615408675933,4.651162790697675,41,43,2,0,41,45,50310,0,0,0,0,-2
2020-06-12,US,Texas,Austin,33,0,0,29.88548725,-96.27736949,48015.0,109.8827916888652,0.0,33,31,0,0,31,31,29989,2,0,0,2,0
2020-06-12,US,Texas,Bailey,30,0,0,34.06854817,-102.8299707,48017.0,428.57142857142856,0.0,30,29,0,0,29,28,7027,1,0,0,1,1
2020-06-12,US,Texas,Bandera,7,0,0,29.74619598,-99.24598147,48019.0,30.28729664243683,0.0,7,6,0,0,6,6,22824,1,0,0,1,0
2020-06-12,US,Texas,Bastrop,288,4,0,30.10370699,-97.31206354,48021.0,324.6057955659751,1.3888888888888888,284,285,4,0,281,279,86976,3,0,0,3,6
2020-06-12,US,Texas,Baylor,1,0,0,33.61640794,-99.21352901,48023.0,28.498147620404676,0.0,1,1,0,0,1,1,3582,0,0,0,0,0
2020-06-12,US,Texas,Bee,31,0,0,28.41761668,-97.74215593,48025.0,95.19422693075389,0.0,31,27,0,0,27,26,32587,4,0,0,4,1
2020-06-12,US,Texas,Bell,574,6,0,31.03736027,-97.4785025,48027.0,158.1598351169942,1.0452961672473868,568,530,6,0,524,507,355642,44,0,0,44,23
2020-06-12,US,Texas,Bexar,3840,82,0,29.44928723,-98.52019748,48029.0,191.65942120851247,2.1354166666666665,3758,3648,80,0,3568,3513,1986049,192,2,0,190,135
2020-06-12,US,Texas,Blanco,11,1,0,30.26640707,-98.3999852,48031.0,92.19679825664237,9.090909090909092,10,11,1,0,10,12,11702,0,0,0,0,-1
2020-06-12,US,Texas,Bosque,7,0,0,31.89978581,-97.63613524,48035.0,37.46320578003746,0.0,7,7,0,0,7,7,18691,0,0,0,0,0
2020-06-12,US,Texas,Bowie,367,7,0,33.44626922,-94.41834132,48037.0,393.586787495308,1.9073569482288828,360,363,7,0,356,358,94324,4,0,0,4,5
2020-06-12,US,Texas,Brazoria,813,11,0,29.18757369,-95.44563172,48039.0,217.2263429023363,1.3530135301353017,802,790,11,0,779,770,370200,23,0,0,23,20
2020-06-12,US,Texas,Brazos,710,24,0,30.663644800000004,-96.30205577,48041.0,309.7582576752425,3.380281690140845,686,684,24,0,660,665,226758,26,0,0,26,19
2020-06-12,US,Texas,Brewster,1,0,0,29.81008251,-103.25203259999999,48043.0,10.866021949364338,0.0,1,1,0,0,1,1,9267,0,0,0,0,0
2020-06-12,US,Texas,Briscoe,1,0,0,34.53026962,-101.2084947,48045.0,64.68305304010349,0.0,1,1,0,0,1,1,1516,0,0,0,0,0
2020-06-12,US,Texas,Brooks,1,0,0,27.03103197,-98.21808402,48047.0,14.098406880022555,0.0,1,1,0,0,1,1,7114,0,0,0,0,0
2020-06-12,US,Texas,Brown,60,10,0,31.77430356,-98.99907113,48049.0,158.4618635115149,16.666666666666668,50,60,10,0,50,60,37924,0,0,0,0,0
2020-06-12,US,Texas,Burleson,40,0,0,30.49273808,-96.62158484,48051.0,216.88445480670174,0.0,40,39,0,0,39,39,18389,1,0,0,1,0
2020-06-12,US,Texas,Burnet,56,1,0,30.78801353,-98.181887,48053.0,116.29114318347004,1.7857142857142858,55,56,1,0,55,55,47542,0,0,0,0,1
2020-06-12,US,Texas,Caldwell,87,0,0,29.83668859,-97.61814775,48055.0,199.24880908757785,0.0,87,85,0,0,85,81,43247,2,0,0,2,4
2020-06-12,US,Texas,Calhoun,46,3,0,28.47048236,-96.61633945,48057.0,216.06387975575387,6.521739130434782,43,45,3,0,42,42,21561,1,0,0,1,3
2020-06-12,US,Texas,Callahan,12,1,0,32.29760619,-99.37326312,48059.0,86.06469196012335,8.333333333333334,11,12,1,0,11,10,13994,0,0,0,0,2
2020-06-12,US,Texas,Cameron,1031,44,0,26.14524221,-97.48140372,48061.0,243.64133915299774,4.267701260911736,987,990,42,0,948,951,423908,41,2,0,39,39
2020-06-12,US,Texas,Camp,98,1,0,32.97195142,-94.97790104,48063.0,748.4343974339392,1.020408163265306,97,98,1,0,97,95,13033,0,0,0,0,3
2020-06-12,US,Texas,Carson,6,0,0,35.40365929,-101.35426690000001,48065.0,101.24873439082012,0.0,6,6,0,0,6,6,6005,0,0,0,0,0
2020-06-12,US,Texas,Cass,34,1,0,33.07499881,-94.34646905,48067.0,113.23519616332511,2.9411764705882355,33,33,1,0,32,32,30119,1,0,0,1,1
2020-06-12,US,Texas,Castro,39,1,0,34.53016752,-102.2617243,48069.0,517.9282868525896,2.5641025641025643,38,37,1,0,36,37,7665,2,0,0,2,0
2020-06-12,US,Texas,Chambers,98,1,0,29.70972016,-94.67154501,48071.0,223.55544403129772,1.020408163265306,97,88,1,0,87,86,42454,10,0,0,10,2
2020-06-12,US,Texas,Cherokee,54,2,0,31.837258000000002,-95.16559897,48073.0,102.5718953006876,3.703703703703704,52,54,2,0,52,54,52592,0,0,0,0,0
2020-06-12,US,Texas,Childress,6,0,0,34.529304100000004,-100.2077916,48075.0,82.12428141253764,0.0,6,6,0,0,6,6,7291,0,0,0,0,0
2020-06-12,US,Texas,Clay,5,0,0,33.78686685,-98.20771198,48077.0,47.75093114315729,0.0,5,5,0,0,5,5,10456,0,0,0,0,0
2020-06-12,US,Texas,Cochran,1,0,0,33.60425307,-102.82844990000001,48079.0,35.05082369435681,0.0,1,1,0,0,1,1,2836,0,0,0,0,0
2020-06-12,US,Texas,Coke,4,0,0,31.88911733,-100.5297533,48081.0,118.09861234130501,0.0,4,2,0,0,2,1,3370,2,0,0,2,1
2020-06-12,US,Texas,Coleman,3,0,0,31.76736834,-99.45240766,48083.0,36.697247706422026,0.0,3,3,0,0,3,3,8397,0,0,0,0,0
2020-06-12,US,Texas,Collin,1560,37,0,33.18820114,-96.57264368,48085.0,150.76396741178857,2.371794871794872,1523,1553,37,0,1516,1546,1005146,7,0,0,7,7
2020-06-12,US,Texas,Collingsworth,5,0,0,34.96489496,-100.27001109999999,48087.0,171.23287671232876,0.0,5,5,0,0,5,5,2962,0,0,0,0,0
2020-06-12,US,Texas,Colorado,31,0,0,29.622097999999998,-96.5273805,48089.0,144.23300609500768,0.0,31,28,0,0,28,27,21217,3,0,0,3,1
2020-06-12,US,Texas,Comal,141,7,0,29.80811278,-98.27647225,48091.0,90.26368519099412,4.964539007092198,134,137,7,0,130,134,148373,4,0,0,4,3
2020-06-12,US,Texas,Comanche,12,1,0,31.94854689,-98.55876441,48093.0,88.008800880088,8.333333333333334,11,12,1,0,11,12,13534,0,0,0,0,0
2020-06-12,US,Texas,Concho,1,0,0,31.32635934,-99.86473038,48095.0,36.683785766691116,0.0,1,1,0,0,1,1,4276,0,0,0,0,0
2020-06-12,US,Texas,Cooke,23,0,0,33.63979567,-97.21240912,48097.0,55.748115471313966,0.0,23,23,0,0,23,20,40574,0,0,0,0,3
2020-06-12,US,Texas,Coryell,299,2,0,31.39078397,-97.79936155,48099.0,393.6748693236429,0.6688963210702341,297,296,2,0,294,299,74808,3,0,0,3,-3
2020-06-12,US,Texas,Cottle,4,1,0,34.07783319,-100.27850620000001,48101.0,286.12303290414883,25.0,3,4,1,0,3,4,1389,0,0,0,0,0
2020-06-12,US,Texas,Crane,32,5,0,31.43052248,-102.5143314,48103.0,667.0835939128623,15.625,27,32,5,0,27,31,4794,0,0,0,0,1
2020-06-12,US,Texas,Crockett,5,0,0,30.72367027,-101.4134238,48105.0,144.3418013856813,0.0,5,5,0,0,5,5,3499,0,0,0,0,0
2020-06-12,US,Texas,Crosby,4,1,0,33.61431553,-101.30003640000001,48107.0,69.72285166463307,25.0,3,4,1,0,3,4,5779,0,0,0,0,0
2020-06-12,US,Texas,Dallam,36,1,0,36.27787176,-102.60207249999999,48111.0,494.0304652120214,2.7777777777777777,35,35,1,0,34,32,7200,1,0,0,1,3
2020-06-12,US,Texas,Dallas,13585,280,0,32.76670599,-96.77796049999999,48113.0,515.4588323500976,2.061096797938903,13305,13257,277,0,12980,12945,2637772,328,3,0,325,312
2020-06-12,US,Texas,Dawson,45,1,0,32.74255572,-101.94772420000001,48115.0,353.55122564424886,2.2222222222222223,44,45,1,0,44,45,12619,0,0,0,0,0
2020-06-12,US,Texas,DeWitt,26,1,0,29.08101855,-97.35681170000001,48123.0,128.96825396825398,3.8461538461538463,25,25,1,0,24,24,20187,1,0,0,1,1
2020-06-12,US,Texas,Deaf Smith,203,14,0,34.96522957,-102.6054267,48117.0,1094.575649735792,6.896551724137932,189,192,14,0,178,190,18760,11,0,0,11,2
2020-06-12,US,Texas,Delta,2,0,0,33.38570922,-95.66921122,48119.0,37.51641343087601,0.0,2,2,0,0,2,2,5349,0,0,0,0,0
2020-06-12,US,Texas,Denton,1632,36,0,33.20521901,-97.11691153,48121.0,183.94805270923248,2.2058823529411766,1596,1599,36,0,1563,1559,859064,33,0,0,33,40
2020-06-12,US,Texas,Dickens,2,0,0,33.61616822,-100.7788855,48125.0,90.45680687471732,0.0,2,1,0,0,1,1,2249,1,0,0,1,0
2020-06-12,US,Texas,Dimmit,1,0,0,28.42270064,-99.75645095,48127.0,9.877518767285656,0.0,1,1,0,0,1,1,10308,0,0,0,0,0
2020-06-12,US,Texas,Donley,28,0,0,34.96517499,-100.8140093,48129.0,854.1793776693106,0.0,28,27,0,0,27,27,3319,1,0,0,1,0
2020-06-12,US,Texas,Duval,5,0,0,27.68184592,-98.50864568,48131.0,44.81491440351349,0.0,5,5,0,0,5,5,11212,0,0,0,0,0
2020-06-12,US,Texas,Eastland,7,0,0,32.32743996,-98.83243566,48133.0,38.12636165577342,0.0,7,7,0,0,7,7,18322,0,0,0,0,0
2020-06-12,US,Texas,Ector,227,6,0,31.86898877,-102.54294279999999,48135.0,136.56353212251008,2.643171806167401,221,221,6,0,215,214,162124,6,0,0,6,7
2020-06-12,US,Texas,El Paso,3650,97,0,31.76980765,-106.23632749999999,48141.0,434.918342591732,2.6575342465753424,3553,3650,97,0,3553,3582,840758,0,0,0,0,68
2020-06-12,US,Texas,Ellis,437,18,0,32.34894117,-96.79371841,48139.0,236.43859630138616,4.118993135011442,419,429,18,0,411,418,179436,8,0,0,8,11
2020-06-12,US,Texas,Erath,32,1,0,32.23602653,-98.21773417,48143.0,74.94496229331584,3.125,31,30,1,0,29,29,42446,2,0,0,2,1
2020-06-12,US,Texas,Falls,14,0,0,31.25350609,-96.93630086,48145.0,80.93889113719142,0.0,14,14,0,0,14,13,17335,0,0,0,0,1
2020-06-12,US,Texas,Fannin,52,2,0,33.59564294,-96.10751083,48147.0,146.4211296953314,3.8461538461538463,50,51,2,0,49,50,35286,1,0,0,1,1
2020-06-12,US,Texas,Fayette,44,2,0,29.87788372,-96.92076062,48149.0,173.59741182040557,4.545454545454546,42,43,2,0,41,39,25349,1,0,0,1,4
2020-06-12,US,Texas,Fisher,2,1,0,32.74281316,-100.40193020000001,48151.0,52.219321148825074,50.0,1,2,1,0,1,2,3839,0,0,0,0,0
2020-06-12,US,Texas,Floyd,16,1,0,34.07227468,-101.3031546,48153.0,280.11204481792714,6.25,15,16,0,0,16,16,5837,0,1,0,-1,0
2020-06-12,US,Texas,Fort Bend,2320,47,0,29.52704478,-95.77219463,48157.0,285.82410975645814,2.0258620689655173,2273,2299,47,0,2252,2225,787858,21,0,0,21,74
2020-06-12,US,Texas,Franklin,24,0,0,33.17653242,-95.21917243,48159.0,223.77622377622384,0.0,24,24,0,0,24,22,10766,0,0,0,0,2
2020-06-12,US,Texas,Freestone,15,0,0,31.70422788,-96.15072516,48161.0,76.076482223462,0.0,15,12,0,0,12,13,19808,3,0,0,3,-1
2020-06-12,US,Texas,Frio,57,0,0,28.86751206,-99.10804207,48163.0,280.70521028267507,0.0,57,54,0,0,54,54,19816,3,0,0,3,0
2020-06-12,US,Texas,Gaines,9,0,0,32.74055318,-102.6353295,48165.0,41.876046901172536,0.0,9,9,0,0,9,9,20901,0,0,0,0,0
2020-06-12,US,Texas,Galveston,1114,40,0,29.40167322,-94.90469073,48167.0,325.598660193664,3.5906642728904847,1074,1084,38,0,1046,1051,337890,30,2,0,28,33
2020-06-12,US,Texas,Garza,6,0,0,33.17969345,-101.2984114,48169.0,96.3236474554503,0.0,6,6,0,0,6,7,6578,0,0,0,0,-1
2020-06-12,US,Texas,Gillespie,5,0,0,30.31824095,-98.94676915,48171.0,18.526752630798875,0.0,5,5,0,0,5,5,26804,0,0,0,0,0
2020-06-12,US,Texas,Glasscock,1,0,0,31.86942909,-101.5207776,48173.0,70.97232079489001,0.0,1,1,0,0,1,1,1388,0,0,0,0,0
2020-06-12,US,Texas,Goliad,7,0,0,28.65696592,-97.42760647,48175.0,91.40767824497256,0.0,7,7,0,0,7,7,7584,0,0,0,0,0
2020-06-12,US,Texas,Gonzales,157,4,0,29.45634206,-97.49424032,48177.0,753.4673897394058,2.5477707006369426,153,157,4,0,153,155,20826,0,0,0,0,2
2020-06-12,US,Texas,Gray,111,3,0,35.40081878,-100.8129222,48179.0,507.1735355935301,2.702702702702702,108,107,3,0,104,106,21895,4,0,0,4,1
2020-06-12,US,Texas,Grayson,408,4,0,33.62744998,-96.67753461,48181.0,299.5330807858339,0.9803921568627452,404,403,4,0,399,389,133991,5,0,0,5,14
2020-06-12,US,Texas,Gregg,274,11,0,32.47940482,-94.81591935,48183.0,221.065795312437,4.014598540145985,263,274,11,0,263,273,123707,0,0,0,0,1
2020-06-12,US,Texas,Grimes,270,1,0,30.54579585,-95.98902499,48185.0,934.9030470914128,0.3703703703703704,269,252,1,0,251,252,28360,18,0,0,18,0
2020-06-12,US,Texas,Guadalupe,160,0,0,29.58165339,-97.94786822,48187.0,95.89624026802997,0.0,160,154,0,0,154,151,163694,6,0,0,6,3
2020-06-12,US,Texas,Hale,76,5,0,34.07044901,-101.82681140000001,48189.0,227.50404119020538,6.578947368421053,71,67,5,0,62,67,33830,9,0,0,9,0
2020-06-12,US,Texas,Hall,2,1,0,34.5307555,-100.68138520000001,48191.0,67.47638326585695,50.0,1,2,1,0,1,2,3028,0,0,0,0,0
2020-06-12,US,Texas,Hamilton,11,1,0,31.70470573,-98.11083887,48193.0,130.00827325375252,9.090909090909092,10,10,1,0,9,10,8484,1,0,0,1,0
2020-06-12,US,Texas,Hansford,21,2,0,36.27743284,-101.3545796,48195.0,388.960918688646,9.523809523809524,19,21,2,0,19,21,5463,0,0,0,0,0
2020-06-12,US,Texas,Hardeman,4,0,0,34.28944521,-99.74632408,48197.0,101.70353419781335,0.0,4,4,0,0,4,4,3922,0,0,0,0,0
2020-06-12,US,Texas,Hardin,145,5,0,30.33364686,-94.38931817,48199.0,251.7273705774105,3.4482758620689653,140,144,5,0,139,144,57207,1,0,0,1,0
2020-06-12,US,Texas,Harris,16188,271,0,29.86,-95.39,48201.0,343.4518094975416,1.674079565109958,15917,15864,267,0,15597,15552,4698619,324,4,0,320,312
2020-06-12,US,Texas,Harrison,267,28,0,32.54935988,-94.36934071,48203.0,401.184018751972,10.486891385767793,239,261,28,0,233,259,66726,6,0,0,6,2
2020-06-12,US,Texas,Hartley,12,2,0,35.84008013,-102.6029022,48205.0,215.20803443328552,16.666666666666668,10,12,2,0,10,12,5619,0,0,0,0,0
2020-06-12,US,Texas,Haskell,4,0,0,33.17823584,-99.73037358,48207.0,70.69635913750443,0.0,4,3,0,0,3,3,5813,1,0,0,1,0
2020-06-12,US,Texas,Hays,574,5,0,30.05669873,-98.02944344,48209.0,249.3581417170958,0.8710801393728222,569,492,5,0,487,465,222631,82,0,0,82,27
2020-06-12,US,Texas,Hemphill,1,0,0,35.83764858,-100.2703577,48211.0,26.18486514794449,0.0,1,1,0,0,1,1,3825,0,0,0,0,0
2020-06-12,US,Texas,Henderson,74,3,0,32.21128872,-95.85846587,48213.0,89.44003287525534,4.0540540540540535,71,74,3,0,71,71,82299,0,0,0,0,3
2020-06-12,US,Texas,Hidalgo,912,12,0,26.39418217,-98.18299696,48215.0,104.98361357742023,1.3157894736842106,900,842,12,0,830,804,865939,70,0,0,70,38
2020-06-12,US,Texas,Hill,34,1,0,31.99045053,-97.13423143,48217.0,92.77197195012144,2.9411764705882355,33,33,1,0,32,30,36354,1,0,0,1,3
2020-06-12,US,Texas,Hockley,28,1,0,33.60771256,-102.3431676,48219.0,121.62807871074236,3.571428571428572,27,28,1,0,27,27,22980,0,0,0,0,1
2020-06-12,US,Texas,Hood,34,4,0,32.42990927,-97.83242024,48221.0,55.15630322988823,11.764705882352944,30,31,4,0,27,31,60537,3,0,0,3,0
2020-06-12,US,Texas,Hopkins,41,0,0,33.14875072,-95.56351139,48223.0,110.55981016071621,0.0,41,41,0,0,41,39,36810,0,0,0,0,2
2020-06-12,US,Texas,Houston,154,0,0,31.31925973,-95.42226208,48225.0,670.4980842911878,0.0,154,153,0,0,153,153,23169,1,0,0,1,0
2020-06-12,US,Texas,Howard,18,1,0,32.30621324,-101.4356444,48227.0,49.09447959851625,5.5555555555555545,17,18,1,0,17,17,36459,0,0,0,0,1
2020-06-12,US,Texas,Hudspeth,12,0,0,31.45628381,-105.388178,48229.0,245.59967253377,0.0,12,11,0,0,11,11,4795,1,0,0,1,0
2020-06-12,US,Texas,Hunt,162,5,0,33.12351514,-96.08551032,48231.0,164.31020143213584,3.08641975308642,157,147,5,0,142,132,96493,15,0,0,15,15
2020-06-12,US,Texas,Hutchinson,45,0,0,35.84006574,-101.3546643,48233.0,214.9202407106696,0.0,45,44,0,0,44,44,21198,1,0,0,1,0
2020-06-12,US,Texas,Irion,1,0,0,31.30375559,-100.982439,48235.0,65.10416666666667,0.0,1,1,0,0,1,1,1522,0,0,0,0,0
2020-06-12,US,Texas,Jack,4,0,0,33.23377248,-98.17283469,48237.0,44.76776720761052,0.0,4,4,0,0,4,4,8843,0,0,0,0,0
2020-06-12,US,Texas,Jackson,20,1,0,28.95472367,-96.57749563,48239.0,135.50135501355012,5.0,19,20,1,0,19,19,14874,0,0,0,0,1
2020-06-12,US,Texas,Jasper,32,1,0,30.74685667,-94.02667579,48241.0,90.06726899152805,3.125,31,32,1,0,31,32,35872,0,0,0,0,0
2020-06-12,US,Texas,Jefferson,1222,31,0,29.8832777,-94.16434171,48245.0,485.75914773517786,2.536824877250409,1191,1187,31,0,1156,1184,255001,35,0,0,35,3
2020-06-12,US,Texas,Jim Hogg,4,0,0,27.04453923,-98.69681870000001,48247.0,76.92307692307692,0.0,4,4,0,0,4,4,5248,0,0,0,0,0
2020-06-12,US,Texas,Jim Wells,17,0,0,27.73103938,-98.0904705,48249.0,41.993972629810784,0.0,17,15,0,0,15,15,40822,2,0,0,2,0
2020-06-12,US,Texas,Johnson,229,4,0,32.37877812,-97.36615819,48251.0,130.24906578999756,1.7467248908296944,225,220,4,0,216,214,171361,9,0,0,9,6
2020-06-12,US,Texas,Jones,633,0,0,32.73997145,-99.87861576,48253.0,3151.919533934173,0.0,633,633,0,0,633,636,19817,0,0,0,0,-3
2020-06-12,US,Texas,Karnes,4,0,0,28.90705334,-97.85960149,48255.0,25.63938209089161,0.0,4,4,0,0,4,4,15650,0,0,0,0,0
2020-06-12,US,Texas,Kaufman,325,3,0,32.599141700000004,-96.28734728,48257.0,238.7002952539037,0.9230769230769232,322,316,3,0,313,308,128622,9,0,0,9,8
2020-06-12,US,Texas,Kendall,35,0,0,29.94414155,-98.7113588,48259.0,73.79140224747528,0.0,35,35,0,0,35,35,45641,0,0,0,0,0
2020-06-12,US,Texas,Kerr,20,1,0,30.06040006,-99.34930144,48265.0,38.02281368821293,5.0,19,20,1,0,19,20,52405,0,0,0,0,0
2020-06-12,US,Texas,Kimble,1,0,0,30.48678918,-99.74856473,48267.0,23.057412958266077,0.0,1,1,0,0,1,1,4362,0,0,0,0,0
2020-06-12,US,Texas,Kinney,1,0,0,29.34967888,-100.41866379999999,48271.0,27.27024815925825,0.0,1,1,0,0,1,1,3767,0,0,0,0,0
2020-06-12,US,Texas,Kleberg,20,1,0,27.42435506,-97.69894948,48273.0,65.18904823989571,5.0,19,20,1,0,19,20,31129,0,0,0,0,0
2020-06-12,US,Texas,Knox,1,0,0,33.60519951,-99.74229059999999,48275.0,27.29257641921397,0.0,1,1,0,0,1,1,3653,0,0,0,0,0
2020-06-12,US,Texas,La Salle,4,0,0,28.34453111,-99.09908775,48283.0,53.19148936170214,0.0,4,4,0,0,4,4,7531,0,0,0,0,0
2020-06-12,US,Texas,Lamar,163,11,0,33.66981763,-95.57404777,48277.0,326.9219198138752,6.7484662576687136,152,160,11,0,149,158,49728,3,0,0,3,2
2020-06-12,US,Texas,Lamb,18,0,0,34.06859623,-102.35162890000001,48279.0,139.61064143333593,0.0,18,18,0,0,18,18,13158,0,0,0,0,0
2020-06-12,US,Texas,Lampasas,9,0,0,31.19531316,-98.24206613,48281.0,42.001120029867465,0.0,9,9,0,0,9,9,21229,0,0,0,0,0
2020-06-12,US,Texas,Lavaca,21,1,0,29.38508402,-96.93186692,48285.0,104.19767788032152,4.761904761904762,20,21,1,0,20,20,20110,0,0,0,0,1
2020-06-12,US,Texas,Lee,35,2,0,30.31120597,-96.97045773,48287.0,203.0280178664656,5.7142857142857135,33,32,2,0,30,29,17144,3,0,0,3,3
2020-06-12,US,Texas,Leon,11,0,0,31.29872538,-95.9936328,48289.0,63.203861181337615,0.0,11,11,0,0,11,11,17270,0,0,0,0,0
2020-06-12,US,Texas,Liberty,121,3,0,30.15152688,-94.81205615,48291.0,137.1586619662431,2.479338842975207,118,115,3,0,112,110,86323,6,0,0,6,5
2020-06-12,US,Texas,Limestone,36,1,0,31.5454767,-96.58095444,48293.0,153.60327686990655,2.7777777777777777,35,36,1,0,35,34,23519,0,0,0,0,2
2020-06-12,US,Texas,Lipscomb,7,0,0,36.27783108,-100.27331509999999,48295.0,216.51716671821842,0.0,7,7,0,0,7,7,3355,0,0,0,0,0
2020-06-12,US,Texas,Live Oak,9,0,0,28.35101362,-98.1246786,48297.0,73.72818874416319,0.0,9,9,0,0,9,9,12166,0,0,0,0,0
2020-06-12,US,Texas,Llano,4,0,0,30.70645047,-98.68475262,48299.0,18.352833218628124,0.0,4,4,0,0,4,3,21646,0,0,0,0,1
2020-06-12,US,Texas,Lubbock,790,51,0,33.61008596,-101.82047890000001,48303.0,254.37181431501529,6.4556962025316444,739,775,50,0,725,759,307412,15,1,0,14,16
2020-06-12,US,Texas,Lynn,14,1,0,33.17657705,-101.8162849,48305.0,235.25457906234246,7.142857142857142,13,14,1,0,13,10,5877,0,0,0,0,4
2020-06-12,US,Texas,Madison,19,0,0,30.96694679,-95.93003775,48313.0,133.01596191542984,0.0,19,19,0,0,19,17,14422,0,0,0,0,2
2020-06-12,US,Texas,Marion,19,1,0,32.79868409,-94.35661230000001,48315.0,192.8151004668155,5.2631578947368425,18,18,1,0,17,18,9928,1,0,0,1,0
2020-06-12,US,Texas,Martin,3,1,0,32.30600051,-101.9513518,48317.0,51.984058222145215,33.333333333333336,2,3,1,0,2,3,5753,0,0,0,0,0
2020-06-12,US,Texas,Mason,33,0,0,30.71780434,-99.22629416,48319.0,772.1104351895182,0.0,33,33,0,0,33,32,4280,0,0,0,0,1
2020-06-12,US,Texas,Matagorda,80,5,0,28.81955746,-96.01230294,48321.0,218.32273558387686,6.25,75,77,5,0,72,77,36552,3,0,0,3,0
2020-06-12,US,Texas,Maverick,149,2,0,28.7429195,-100.3157686,48323.0,253.73795170464217,1.342281879194631,147,153,2,0,151,149,58485,-4,0,0,-4,4
2020-06-12,US,Texas,McCulloch,3,0,0,31.1925468,-99.34682807,48307.0,37.5751503006012,0.0,3,3,0,0,3,3,7987,0,0,0,0,0
2020-06-12,US,Texas,McLennan,150,4,0,31.55255453,-97.20217694,48309.0,58.45150278813669,2.6666666666666665,146,141,4,0,137,138,254607,9,0,0,9,3
2020-06-12,US,Texas,Medina,220,2,0,29.355730100000002,-99.11030298,48325.0,426.48883374689837,0.9090909090909092,218,218,2,0,216,216,50921,2,0,0,2,2
2020-06-12,US,Texas,Midland,194,13,0,31.86904128,-102.03156820000001,48329.0,109.70865001809628,6.7010309278350535,181,180,13,0,167,177,172578,14,0,0,14,3
2020-06-12,US,Texas,Milam,40,1,0,30.78581830000001,-96.97718698,48331.0,161.14087741207751,2.5,39,38,1,0,37,37,25131,2,0,0,2,1
2020-06-12,US,Texas,Mills,1,0,0,31.49557106,-98.59272068,48333.0,20.521239482864765,0.0,1,1,0,0,1,1,4921,0,0,0,0,0
2020-06-12,US,Texas,Mitchell,2,0,0,32.30623474,-100.9212058,48335.0,23.405500292568757,0.0,2,2,0,0,2,1,8145,0,0,0,0,1
2020-06-12,US,Texas,Montague,9,1,0,33.67521893,-97.72500958,48337.0,45.41326067211626,11.111111111111109,8,9,1,0,8,9,19596,0,0,0,0,0
2020-06-12,US,Texas,Montgomery,1258,32,0,30.30079133,-95.50572772,48339.0,207.11535073782787,2.5437201907790143,1226,1197,32,0,1165,1162,590925,61,0,0,61,35
2020-06-12,US,Texas,Moore,871,14,0,35.83769242,-101.8930281,48341.0,4159.503342884432,1.6073478760045925,857,866,14,0,852,864,21485,5,0,0,5,2
2020-06-12,US,Texas,Morris,28,0,0,33.11304005,-94.73255695,48343.0,226.0251856635454,0.0,28,28,0,0,28,27,12339,0,0,0,0,1
2020-06-12,US,Texas,Motley,1,0,0,34.07408766,-100.77972199999999,48345.0,83.33333333333333,0.0,1,1,0,0,1,1,1234,0,0,0,0,0
2020-06-12,US,Texas,Nacogdoches,317,25,0,31.62017125,-94.61803994,48347.0,486.16649285319914,7.886435331230284,292,317,24,0,293,315,65711,0,1,0,-1,2
2020-06-12,US,Texas,Navarro,84,3,0,32.04620681,-96.47428766,48349.0,167.62117614191925,3.571428571428572,81,74,3,0,71,70,49565,10,0,0,10,4
2020-06-12,US,Texas,Newton,6,0,0,30.78548982,-93.74408813,48351.0,44.13387274733358,0.0,6,6,0,0,6,6,13746,0,0,0,0,0
2020-06-12,US,Texas,Nolan,3,0,0,32.30365282,-100.4060208,48353.0,20.38874541253228,0.0,3,3,0,0,3,3,14751,0,0,0,0,0
2020-06-12,US,Texas,Nueces,321,3,0,27.736286,-97.5433285,48355.0,88.60207455823169,0.9345794392523364,318,310,3,0,307,303,362265,11,0,0,11,7
2020-06-12,US,Texas,Ochiltree,53,2,0,36.27829105,-100.8158184,48357.0,538.8369255795038,3.7735849056603774,51,52,2,0,50,52,9947,1,0,0,1,0
2020-06-12,US,Texas,Oldham,4,1,0,35.40425596,-102.6027606,48359.0,189.3939393939394,25.0,3,4,1,0,3,4,2131,0,0,0,0,0
2020-06-12,US,Texas,Orange,105,2,0,30.11879481,-93.89412775,48361.0,125.90531919996162,1.9047619047619049,103,102,2,0,100,102,83572,3,0,0,3,0
2020-06-12,US,Texas,Palo Pinto,14,2,0,32.75310985,-98.31319001,48363.0,47.96327383603412,14.285714285714285,12,14,2,0,12,13,28875,0,0,0,0,1
2020-06-12,US,Texas,Panola,216,23,0,32.163959600000005,-94.30552481,48365.0,931.2753298266794,10.648148148148149,193,214,23,0,191,214,23148,2,0,0,2,0
2020-06-12,US,Texas,Parker,110,1,0,32.77757172,-97.80500621,48367.0,76.9887596410924,0.9090909090909092,109,105,1,0,104,105,138371,5,0,0,5,0
2020-06-12,US,Texas,Parmer,111,0,0,34.52993409,-102.78446679999999,48369.0,1155.6480999479438,0.0,111,100,0,0,100,98,9864,11,0,0,11,2
2020-06-12,US,Texas,Pecos,107,0,0,30.78097267,-102.72412609999999,48371.0,676.2308032610756,0.0,107,107,0,0,107,107,15673,0,0,0,0,0
2020-06-12,US,Texas,Polk,65,0,0,30.79472531,-94.82766240000001,48373.0,126.57488364847235,0.0,65,62,0,0,62,62,50031,3,0,0,3,0
2020-06-12,US,Texas,Potter,2785,36,0,35.40133773,-101.893964,48375.0,2371.9286292211386,1.2926391382405744,2749,2778,36,0,2742,2766,119648,7,0,0,7,12
2020-06-12,US,Texas,Presidio,2,0,0,29.99954402,-104.24080790000001,48377.0,29.832935560859188,0.0,2,2,0,0,2,2,6948,0,0,0,0,0
2020-06-12,US,Texas,Rains,4,0,0,32.87109387,-95.79232691,48379.0,31.9642000958926,0.0,4,4,0,0,4,4,12159,0,0,0,0,0
2020-06-12,US,Texas,Randall,748,7,0,34.96585996,-101.8971322,48381.0,543.1585979537152,0.9358288770053476,741,747,6,0,741,740,136271,1,1,0,0,7
2020-06-12,US,Texas,Reagan,2,0,0,31.36607041,-101.52326590000001,48383.0,51.96154845414394,0.0,2,2,0,0,2,2,3741,0,0,0,0,0
2020-06-12,US,Texas,Real,1,0,0,29.83321503,-99.82018052,48385.0,28.968713789107767,0.0,1,1,0,0,1,1,3478,0,0,0,0,0
2020-06-12,US,Texas,Red River,89,8,0,33.61886692,-95.04841765,48387.0,740.247858271646,8.98876404494382,81,86,8,0,78,83,12175,3,0,0,3,3
2020-06-12,US,Texas,Reeves,12,0,0,31.32323325,-103.69038959999999,48389.0,75.11266900350527,0.0,12,11,0,0,11,11,15695,1,0,0,1,0
2020-06-12,US,Texas,Refugio,5,0,0,28.323897600000002,-97.15766311,48391.0,71.96315486470927,0.0,5,5,0,0,5,5,7032,0,0,0,0,0
2020-06-12,US,Texas,Roberts,2,0,0,35.83809685,-100.813175,48393.0,234.192037470726,0.0,2,2,0,0,2,2,903,0,0,0,0,0
2020-06-12,US,Texas,Robertson,18,0,0,31.02539637,-96.51272246,48395.0,105.4234508609582,0.0,18,18,0,0,18,17,17284,0,0,0,0,1
2020-06-12,US,Texas,Rockwall,233,15,0,32.89779518,-96.40771592,48397.0,222.08454463136826,6.437768240343348,218,230,15,0,215,224,100657,3,0,0,3,6
2020-06-12,US,Texas,Runnels,2,0,0,31.8314342,-99.97616148,48399.0,19.48558067030397,0.0,2,2,0,0,2,2,10234,0,0,0,0,0
2020-06-12,US,Texas,Rusk,68,2,0,32.10773545,-94.76176432,48401.0,124.98621475572548,2.9411764705882355,66,68,2,0,66,65,54450,0,0,0,0,3
2020-06-12,US,Texas,Sabine,15,1,0,31.34318809,-93.85440451,48403.0,142.2879908935686,6.666666666666668,14,15,1,0,14,15,10589,0,0,0,0,0
2020-06-12,US,Texas,San Augustine,55,4,0,31.39457611,-94.17000399,48405.0,667.7188296709968,7.272727272727272,51,49,4,0,45,49,8232,6,0,0,6,0
2020-06-12,US,Texas,San Jacinto,20,0,0,30.57933681,-95.16260304,48407.0,69.30247063307807,0.0,20,20,0,0,20,19,28719,0,0,0,0,1
2020-06-12,US,Texas,San Patricio,41,0,0,28.00880118,-97.51763891,48409.0,61.441630451071475,0.0,41,41,0,0,41,41,66893,0,0,0,0,0
2020-06-12,US,Texas,San Saba,1,0,0,31.1577796,-98.81758731,48411.0,16.515276630883566,0.0,1,1,0,0,1,1,6054,0,0,0,0,0
2020-06-12,US,Texas,Scurry,28,0,0,32.74613808,-100.91626640000001,48415.0,167.6345566664671,0.0,28,27,0,0,27,26,16866,1,0,0,1,1
2020-06-12,US,Texas,Shackelford,1,0,0,32.73587756,-99.35401337,48417.0,30.627871362940283,0.0,1,1,0,0,1,1,3253,0,0,0,0,0
2020-06-12,US,Texas,Shelby,226,8,0,31.79211404,-94.14550696,48419.0,894.1995726833902,3.5398230088495577,218,224,8,0,216,215,25418,2,0,0,2,9
2020-06-12,US,Texas,Sherman,28,0,0,36.27751473,-101.8933156,48421.0,926.5387160820649,0.0,28,28,0,0,28,28,3079,0,0,0,0,0
2020-06-12,US,Texas,Smith,244,4,0,32.37474036,-95.27175679999999,48423.0,104.83306194173171,1.639344262295082,240,244,4,0,240,238,230221,0,0,0,0,6
2020-06-12,US,Texas,Somervell,2,0,0,32.22236802,-97.77403489,48425.0,21.910604732690626,0.0,2,2,0,0,2,1,9016,0,0,0,0,1
2020-06-12,US,Texas,Starr,88,1,0,26.56150059,-98.73892358,48427.0,136.15335819163585,1.1363636363636365,87,72,1,0,71,68,64525,16,0,0,16,4
2020-06-12,US,Texas,Stephens,4,0,0,32.73553157,-98.83631615,48429.0,42.707666026051676,0.0,4,4,0,0,4,4,9433,0,0,0,0,0
2020-06-12,US,Texas,Swisher,21,1,0,34.53028891,-101.73491740000001,48437.0,283.89887792348253,4.761904761904762,20,19,1,0,18,18,7462,2,0,0,2,1
2020-06-12,US,Texas,Tarrant,7120,191,0,32.77143818,-97.29101614,48439.0,338.64205487237905,2.6825842696629207,6929,6824,190,0,6634,6599,2084931,296,1,0,295,225
2020-06-12,US,Texas,Taylor,252,5,0,32.30163422,-99.89007449,48441.0,182.56371618586726,1.984126984126984,247,249,5,0,244,248,137640,3,0,0,3,1
2020-06-12,US,Texas,Terry,13,0,0,33.17402785,-102.3354521,48445.0,105.3740779768177,0.0,13,13,0,0,13,13,12287,0,0,0,0,0
2020-06-12,US,Texas,Throckmorton,1,0,0,33.17751417,-99.21226795,48447.0,66.62225183211193,0.0,1,1,0,0,1,1,1515,0,0,0,0,0
2020-06-12,US,Texas,Titus,655,5,0,33.21339719,-94.96797273,48449.0,2000.0,0.7633587786259542,650,645,3,0,642,637,33033,10,2,0,8,8
2020-06-12,US,Texas,Tom Green,137,1,0,31.40464436,-100.46244300000001,48451.0,114.93288590604028,0.7299270072992701,136,122,1,0,121,122,118189,15,0,0,15,0
2020-06-12,US,Texas,Travis,4314,104,0,30.33432034,-97.78535620000001,48453.0,338.63075118881835,2.4107556791840516,4210,4109,99,0,4010,3976,1248743,205,5,0,200,133
2020-06-12,US,Texas,Trinity,22,0,0,31.0879489,-95.1367187,48455.0,150.16039860760358,0.0,22,22,0,0,22,22,14740,0,0,0,0,0
2020-06-12,US,Texas,Tyler,16,0,0,30.77031716,-94.37690895,48457.0,73.82798080472499,0.0,16,16,0,0,16,16,21696,0,0,0,0,0
2020-06-12,US,Texas,Upshur,37,0,0,32.73706798,-94.93999853,48459.0,88.61638684645416,0.0,37,35,0,0,35,35,41260,2,0,0,2,0
2020-06-12,US,Texas,Uvalde,24,0,0,29.35739637,-99.76229172,48463.0,89.74982237014322,0.0,24,22,0,0,22,21,26846,2,0,0,2,1
2020-06-12,US,Texas,Val Verde,32,0,0,29.89149232,-101.1525205,48465.0,65.27281998980112,0.0,32,32,0,0,32,27,49208,0,0,0,0,5
2020-06-12,US,Texas,Van Zandt,44,1,0,32.56483801,-95.83766469,48467.0,77.75225304824173,2.272727272727273,43,44,1,0,43,41,56019,0,0,0,0,3
2020-06-12,US,Texas,Victoria,184,8,0,28.79780988,-96.96813006,48469.0,199.81755788193385,4.3478260869565215,176,184,8,0,176,180,92035,0,0,0,0,4
2020-06-12,US,Texas,Walker,1868,27,0,30.73872995,-95.57440968,48471.0,2559.921064532485,1.4453961456102784,1841,1866,27,0,1839,1854,72480,2,0,0,2,12
2020-06-12,US,Texas,Waller,90,0,0,30.01058447,-95.99011759,48473.0,162.90772182601455,0.0,90,86,0,0,86,85,53126,4,0,0,4,1
2020-06-12,US,Texas,Ward,4,0,0,31.50999644,-103.09279090000001,48475.0,33.338889814969164,0.0,4,2,0,0,2,2,11720,2,0,0,2,0
2020-06-12,US,Texas,Washington,216,26,0,30.21498498,-96.40946246,48477.0,601.9731341619754,12.037037037037035,190,214,25,0,189,213,35108,2,1,0,1,1
2020-06-12,US,Texas,Webb,661,20,0,27.7610369,-99.33237355,48479.0,238.9283287306797,3.02571860816944,641,652,20,0,632,634,275910,9,0,0,9,18
2020-06-12,US,Texas,Wharton,89,1,0,29.27765923,-96.22319248,48481.0,214.1688324189046,1.1235955056179776,88,87,1,0,86,86,41619,2,0,0,2,1
2020-06-12,US,Texas,Wheeler,15,0,0,35.40114335,-100.26995140000001,48483.0,296.67721518987344,0.0,15,15,0,0,15,15,5191,0,0,0,0,0
2020-06-12,US,Texas,Wichita,93,2,0,33.98842886,-98.70410340000001,48485.0,70.33199727747107,2.150537634408602,91,92,2,0,90,90,132064,1,0,0,1,2
2020-06-12,US,Texas,Wilbarger,7,0,0,34.07945812,-99.24178437,48487.0,54.82026783616571,0.0,7,7,0,0,7,7,12820,0,0,0,0,0
2020-06-12,US,Texas,Willacy,52,3,0,26.47411727,-97.61535848,48489.0,243.46848955894745,5.769230769230768,49,48,3,0,45,45,21515,4,0,0,4,3
2020-06-12,US,Texas,Williamson,820,30,0,30.64655664,-97.60048540000001,48491.0,138.85337591503531,3.6585365853658534,790,787,30,0,757,763,566719,33,0,0,33,24
2020-06-12,US,Texas,Wilson,50,5,0,29.1732598,-98.08693082,48493.0,97.90483649892306,10.0,45,46,5,0,41,46,50224,4,0,0,4,0
2020-06-12,US,Texas,Winkler,4,0,0,31.85008651,-103.04851629999999,48495.0,49.93757802746567,0.0,4,3,0,0,3,3,7720,1,0,0,1,0
2020-06-12,US,Texas,Wise,55,5,0,33.21570665,-97.65460265,48497.0,78.5893918609968,9.090909090909092,50,55,5,0,50,55,68305,0,0,0,0,0
2020-06-12,US,Texas,Wood,51,5,0,32.78722382,-95.38236368,48499.0,111.99191901447114,9.803921568627453,46,51,5,0,46,51,45129,0,0,0,0,0
2020-06-12,US,Texas,Yoakum,8,0,0,33.17320212,-102.82764329999999,48501.0,91.81682543326063,0.0,8,8,0,0,8,8,8591,0,0,0,0,0
2020-06-12,US,Texas,Young,14,1,0,33.17659707,-98.68790885,48503.0,77.73459189339256,7.142857142857142,13,13,1,0,12,11,18045,1,0,0,1,2
2020-06-12,US,Texas,Zapata,14,0,0,27.00156391,-99.16987152,48505.0,98.73756964525002,0.0,14,12,0,0,12,12,14190,2,0,0,2,0
2020-06-12,US,Texas,Zavala,12,0,0,28.86617238,-99.76050829,48507.0,101.35135135135135,0.0,12,12,0,0,12,12,11983,0,0,0,0,0
2020-06-12,US,Utah,Bear River,927,2,0,41.52106798,-113.08328159999999,0.0,496.2048624864842,0.21574973031283712,925,878,2,0,876,837,,49,0,0,49,41
2020-06-12,US,Utah,Central Utah,61,0,0,39.37231946,-111.5758676,0.0,74.43199843814823,0.0,61,54,0,0,54,50,,7,0,0,7,4
2020-06-12,US,Utah,Davis,628,4,0,40.99001837,-112.1139997,49011.0,176.662043822314,0.6369426751592356,624,620,4,0,616,593,351713,8,0,0,8,27
2020-06-12,US,Utah,Salt Lake,6942,93,0,40.66616532,-111.92160109999999,49035.0,598.2229108516877,1.3396715643906656,6849,6776,87,0,6689,6591,1152633,166,6,0,160,185
2020-06-12,US,Utah,San Juan,350,5,0,37.62762978,-109.80337140000002,49037.0,2286.3862032923957,1.4285714285714286,345,343,5,0,338,339,15449,7,0,0,7,4
2020-06-12,US,Utah,Southeast Utah,28,0,0,38.99617072,-110.70139579999999,0.0,69.60153123368714,0.0,28,28,0,0,28,28,,0,0,0,0,0
2020-06-12,US,Utah,Southwest Utah,739,5,0,37.85447192,-111.4418764,0.0,293.20510073717867,0.6765899864682002,734,718,4,0,714,680,,21,1,0,20,38
2020-06-12,US,Utah,Summit,444,0,0,40.86688146,-110.9535882,49043.0,1053.5057539447146,0.0,444,442,0,0,442,443,41933,2,0,0,2,-1
2020-06-12,US,Utah,Tooele,159,0,0,40.44862644,-113.12957150000001,49045.0,220.0417941017728,0.0,159,158,0,0,158,153,69907,1,0,0,1,5
2020-06-12,US,Utah,TriCounty,27,0,0,40.12491499,-109.5174415,0.0,47.68464554413479,0.0,27,27,0,0,27,23,,0,0,0,0,4
2020-06-12,US,Utah,Utah,2491,19,0,40.116672200000004,-111.66576620000001,49049.0,391.5220005186763,0.7627458851866721,2472,2444,19,0,2425,2376,622213,47,0,0,47,68
2020-06-12,US,Utah,Wasatch,342,2,0,40.33110236,-111.1691419,49051.0,1003.1973248071339,0.5847953216374269,340,341,2,0,339,337,33240,1,0,0,1,4
2020-06-12,US,Utah,Weber-Morgan,439,9,0,41.27116049,-111.9145117,0.0,161.19734006029296,2.050113895216401,430,423,8,0,415,414,,16,1,0,15,9
2020-06-12,US,Vermont,Addison,66,2,0,44.03217337,-73.14130877,50001.0,179.4599885798189,3.0303030303030303,64,66,2,0,64,66,36973,0,0,0,0,0
2020-06-12,US,Vermont,Bennington,67,1,0,43.03519828,-73.09048868,50003.0,188.89202142655762,1.492537313432836,66,67,1,0,66,67,35631,0,0,0,0,0
2020-06-12,US,Vermont,Caledonia,16,0,0,44.46548598,-72.10314651,50005.0,53.34578068215917,0.0,16,16,0,0,16,16,30302,0,0,0,0,0
2020-06-12,US,Vermont,Chittenden,564,39,0,44.46322849,-73.08359212,50007.0,344.3770073393823,6.914893617021277,525,559,39,0,520,544,164572,5,0,0,5,15
2020-06-12,US,Vermont,Essex,3,0,0,44.72736416,-71.73579864,50009.0,48.67759208177836,0.0,3,3,0,0,3,3,6250,0,0,0,0,0
2020-06-12,US,Vermont,Franklin,102,5,0,44.85627605,-72.91249563,50011.0,206.4693737095664,4.901960784313727,97,101,5,0,96,101,49421,1,0,0,1,0
2020-06-12,US,Vermont,Grand Isle,8,0,0,44.797582399999996,-73.29679772,50013.0,110.573600552868,0.0,8,8,0,0,8,7,7090,0,0,0,0,1
2020-06-12,US,Vermont,Lamoille,29,1,0,44.60353043,-72.64356694,50015.0,114.34429461398943,3.4482758620689653,28,29,1,0,28,29,25300,0,0,0,0,0
2020-06-12,US,Vermont,Orange,9,0,0,44.00470222,-72.37640104,50017.0,31.150491485532328,0.0,9,9,0,0,9,9,28999,0,0,0,0,0
2020-06-12,US,Vermont,Orleans,13,0,0,44.82964024,-72.24562697,50019.0,48.08225764692829,0.0,13,13,0,0,13,13,26907,0,0,0,0,0
2020-06-12,US,Vermont,Rutland,58,1,0,43.57723578,-73.03741676,50021.0,99.67177054871028,1.7241379310344829,57,57,1,0,56,57,58672,1,0,0,1,0
2020-06-12,US,Vermont,Unassigned,5,0,0,0.0,0.0,90050.0,0.0,0.0,5,5,0,0,5,5,,0,0,0,0,0
2020-06-12,US,Vermont,Washington,40,1,0,44.27343241,-72.61604978,50023.0,68.48259686007293,2.5,39,39,1,0,38,39,58140,1,0,0,1,0
2020-06-12,US,Vermont,Windham,84,3,0,42.986982,-72.71268875,50025.0,198.94841551797643,3.571428571428572,81,83,3,0,80,83,42756,1,0,0,1,0
2020-06-12,US,Vermont,Windsor,55,2,0,43.58010937,-72.58595157,50027.0,99.88739965856672,3.636363636363636,53,55,2,0,53,56,55286,0,0,0,0,-1
2020-06-12,US,Virginia,Accomack,987,13,0,37.76707161,-75.63234615,51001.0,3054.2146305235797,1.3171225937183384,974,984,13,0,971,984,32412,3,0,0,3,0
2020-06-12,US,Virginia,Albemarle,272,8,0,38.02080697,-78.55481085,51003.0,248.78807280709782,2.9411764705882355,264,269,8,0,261,260,108718,3,0,0,3,9
2020-06-12,US,Virginia,Alexandria,2128,48,0,38.814003,-77.08183073,51510.0,1334.771809217954,2.255639097744361,2080,2127,48,0,2079,2125,160530,1,0,0,1,2
2020-06-12,US,Virginia,Alleghany,27,2,0,37.78636074,-80.00222498,51005.0,181.69582772543743,7.407407407407407,25,26,2,0,24,26,14910,1,0,0,1,0
2020-06-12,US,Virginia,Amelia,37,1,0,37.34081025,-77.98584649,51007.0,281.4758463294028,2.702702702702702,36,34,1,0,33,34,13013,3,0,0,3,0
2020-06-12,US,Virginia,Amherst,27,0,0,37.60308293,-79.14548696,51009.0,85.42952064546748,0.0,27,27,0,0,27,27,31666,0,0,0,0,0
2020-06-12,US,Virginia,Appomattox,34,0,0,37.37569884,-78.81340003,51011.0,213.68864307711647,0.0,34,33,0,0,33,33,15841,1,0,0,1,0
2020-06-12,US,Virginia,Arlington,2307,125,0,38.8767675,-77.10139853,51013.0,974.0670995853776,5.418292154312961,2182,2299,124,0,2175,2280,237521,8,1,0,7,19
2020-06-12,US,Virginia,Augusta,141,2,0,38.16404586,-79.12461614,51015.0,186.6116096243945,1.4184397163120568,139,139,2,0,137,139,75457,2,0,0,2,0
2020-06-12,US,Virginia,Bedford,86,2,0,37.3080028,-79.5281964,51019.0,108.86489360355455,2.3255813953488373,84,82,2,0,80,83,78747,4,0,0,4,-1
2020-06-12,US,Virginia,Botetourt,44,4,0,37.55531756,-79.80982182,51023.0,131.6616296118974,9.090909090909092,40,44,4,0,40,40,33277,0,0,0,0,4
2020-06-12,US,Virginia,Bristol,4,0,0,36.616302399999995,-82.16359122,51520.0,23.863500775563768,0.0,4,4,0,0,4,4,16482,0,0,0,0,0
2020-06-12,US,Virginia,Brunswick,44,1,0,36.76366949,-77.8593436,51025.0,271.0861930873021,2.272727272727273,43,44,1,0,43,43,16384,0,0,0,0,1
2020-06-12,US,Virginia,Buchanan,18,0,0,37.26818323,-82.03749726,51027.0,85.69796229289659,0.0,18,18,0,0,18,18,21221,0,0,0,0,0
2020-06-12,US,Virginia,Buckingham,518,3,0,37.57242268,-78.52518834,51029.0,3020.760438535106,0.5791505791505791,515,517,3,0,514,497,16999,1,0,0,1,20
2020-06-12,US,Virginia,Buena Vista,12,0,0,37.73484642,-79.35296097,51530.0,185.24235875270145,0.0,12,12,0,0,12,13,6237,0,0,0,0,-1
2020-06-12,US,Virginia,Campbell,22,1,0,37.20553386,-79.09678609,51031.0,40.083811606085455,4.545454545454546,21,22,1,0,21,22,54973,0,0,0,0,0
2020-06-12,US,Virginia,Caroline,101,3,0,38.02679129,-77.34901405,51033.0,328.7225386493084,2.9702970297029703,98,100,3,0,97,99,30772,1,0,0,1,1
2020-06-12,US,Virginia,Carroll,159,5,0,36.73066666,-80.73455942,51035.0,533.7182370514585,3.1446540880503147,154,158,5,0,153,153,29636,1,0,0,1,5
2020-06-12,US,Virginia,Charles City,28,2,0,37.35358063,-77.05634116,51036.0,402.12552060893296,7.142857142857142,26,28,2,0,26,28,6941,0,0,0,0,0
2020-06-12,US,Virginia,Charlotte,30,0,0,37.01909701,-78.66314092,51037.0,252.52525252525248,0.0,30,29,0,0,29,29,11938,1,0,0,1,0
2020-06-12,US,Virginia,Charlottesville,146,3,0,38.03527919,-78.48569588,51540.0,308.89011128506746,2.054794520547945,143,144,3,0,141,142,48117,2,0,0,2,2
2020-06-12,US,Virginia,Chesapeake,636,16,0,36.67670048,-76.30545744,51550.0,259.7667817101313,2.5157232704402515,620,622,15,0,607,617,242634,14,1,0,13,5
2020-06-12,US,Virginia,Chesterfield,2109,38,0,37.37373208,-77.58680140000001,51041.0,597.7857268382833,1.8018018018018016,2071,2041,38,0,2003,1995,348556,68,0,0,68,46
2020-06-12,US,Virginia,Clarke,37,0,0,39.11271747,-77.99199425,51043.0,253.0952869553321,0.0,37,36,0,0,36,35,14523,1,0,0,1,1
2020-06-12,US,Virginia,Colonial Heights,111,17,0,37.26420587,-77.39609676,51570.0,639.0328151986182,15.315315315315313,94,106,17,0,89,106,17833,5,0,0,5,0
2020-06-12,US,Virginia,Covington,4,0,0,37.7824656,-79.98631446,51580.0,72.22824124232575,0.0,4,4,0,0,4,4,5460,0,0,0,0,0
2020-06-12,US,Virginia,Craig,6,0,0,37.48133648,-80.21072274,51045.0,116.93626973299551,0.0,6,6,0,0,6,6,5064,0,0,0,0,0
2020-06-12,US,Virginia,Culpeper,774,9,0,38.48199985,-77.95630870000002,51047.0,1471.3430282292559,1.162790697674419,765,774,9,0,765,773,51859,0,0,0,0,1
2020-06-12,US,Virginia,Cumberland,46,0,0,37.51328851,-78.24398086,51049.0,463.14941602899717,0.0,46,46,0,0,46,45,9809,0,0,0,0,1
2020-06-12,US,Virginia,Danville,63,2,0,36.58022376,-79.40395668,51590.0,157.32694036559784,3.1746031746031744,61,61,2,0,59,61,40693,2,0,0,2,0
2020-06-12,US,Virginia,Dinwiddie,105,0,0,37.07544585,-77.63451754,51053.0,367.8531390134529,0.0,105,101,0,0,101,101,28529,4,0,0,4,0
2020-06-12,US,Virginia,Emporia,94,6,0,36.69455571,-77.53406129,51595.0,1758.3239805462026,6.382978723404255,88,94,6,0,88,93,5121,0,0,0,0,1
2020-06-12,US,Virginia,Essex,52,0,0,37.93357639,-76.94230311,51057.0,474.75577467360534,0.0,52,52,0,0,52,53,10919,0,0,0,0,-1
2020-06-12,US,Virginia,Fairfax,12863,421,0,38.83677558,-77.27565836,51059.0,1120.9273466883712,3.2729534323252736,12442,12812,418,0,12394,12746,1150795,51,3,0,48,66
2020-06-12,US,Virginia,Fairfax,12863,421,0,38.83677558,-77.27565836,51059.0,1120.9273466883712,3.2729534323252736,12442,12812,418,0,12394,12746,24574,51,3,0,48,66
2020-06-12,US,Virginia,Fairfax City,68,6,0,38.85157547,-77.29779640000002,51600.0,283.10920521254013,8.823529411764708,62,68,6,0,62,69,24574,0,0,0,0,-1
2020-06-12,US,Virginia,Falls Church,56,8,0,38.88485255,-77.17560759,51610.0,383.1155503865362,14.285714285714285,48,56,8,0,48,56,14772,0,0,0,0,0
2020-06-12,US,Virginia,Fauquier,376,6,0,38.73564842,-77.80647472,51061.0,527.9267642020724,1.5957446808510638,370,374,6,0,368,370,70675,2,0,0,2,4
2020-06-12,US,Virginia,Floyd,8,1,0,36.9302126,-80.36738849,51063.0,50.796875992126495,12.5,7,8,1,0,7,8,15795,0,0,0,0,0
2020-06-12,US,Virginia,Fluvanna,101,6,0,37.84157909,-78.27715475,51065.0,370.3703703703704,5.9405940594059405,95,98,6,0,92,98,26783,3,0,0,3,0
2020-06-12,US,Virginia,Franklin,42,1,0,36.99536167,-79.88023649,51067.0,74.94379215588309,2.380952380952381,41,42,1,0,41,41,56195,0,0,0,0,1
2020-06-12,US,Virginia,Franklin,42,1,0,36.99536167,-79.88023649,51067.0,74.94379215588309,2.380952380952381,41,42,1,0,41,41,8013,0,0,0,0,1
2020-06-12,US,Virginia,Franklin City,43,2,0,36.6831435,-76.93859681,51620.0,539.7263712815363,4.651162790697675,41,43,2,0,41,42,8013,0,0,0,0,1
2020-06-12,US,Virginia,Frederick,423,4,0,39.20172582,-78.25974949,51069.0,473.61526317557366,0.9456264775413712,419,416,4,0,412,415,88355,7,0,0,7,1
2020-06-12,US,Virginia,Fredericksburg,199,0,0,38.2977863,-77.4922454,51630.0,685.3561096569774,0.0,199,197,0,0,197,194,29144,2,0,0,2,3
2020-06-12,US,Virginia,Galax,171,8,0,36.66601852,-80.91703124,51640.0,2694.186229714826,4.678362573099415,163,165,7,0,158,154,6423,6,1,0,5,11
2020-06-12,US,Virginia,Giles,5,0,0,37.31234791,-80.70636931,51071.0,29.90430622009569,0.0,5,5,0,0,5,5,16844,0,0,0,0,0
2020-06-12,US,Virginia,Gloucester,35,1,0,37.40809042,-76.53524337,51073.0,93.71318410624396,2.8571428571428568,34,34,1,0,33,33,37349,1,0,0,1,1
2020-06-12,US,Virginia,Goochland,112,6,0,37.71714806,-77.90381514,51075.0,471.5193870247969,5.357142857142857,106,109,6,0,103,106,23244,3,0,0,3,3
2020-06-12,US,Virginia,Grayson,63,2,0,36.65677234,-81.23215889,51077.0,405.14469453376205,3.1746031746031744,61,63,2,0,61,60,15631,0,0,0,0,3
2020-06-12,US,Virginia,Greene,45,1,0,38.29545894,-78.46525378,51079.0,227.05484635955398,2.2222222222222223,44,45,1,0,44,44,19779,0,0,0,0,1
2020-06-12,US,Virginia,Greensville,306,7,0,36.67878901,-77.56351439,51081.0,2699.3648553281587,2.2875816993464047,299,303,7,0,296,300,11627,3,0,0,3,3
2020-06-12,US,Virginia,Halifax,32,1,0,36.76654925,-78.93512622,51083.0,94.3646604346672,3.125,31,32,1,0,31,32,34120,0,0,0,0,0
2020-06-12,US,Virginia,Hampton,234,5,0,37.03513786,-76.35879121,51650.0,173.96476098431344,2.1367521367521367,229,233,5,0,228,231,134313,1,0,0,1,2
2020-06-12,US,Virginia,Hanover,362,25,0,37.7583355,-77.49464673,51085.0,335.9129966779875,6.906077348066297,337,357,25,0,332,354,107239,5,0,0,5,3
2020-06-12,US,Virginia,Harrisonburg,850,23,0,38.43542574,-78.87536254,51660.0,1603.2895729591064,2.7058823529411766,827,846,23,0,823,842,54033,4,0,0,4,4
2020-06-12,US,Virginia,Henrico,2193,136,0,37.53460572,-77.39326555,51087.0,662.9022604574117,6.2015503875969005,2057,2170,135,0,2035,2162,329261,23,1,0,22,8
2020-06-12,US,Virginia,Henry,193,3,0,36.68542395,-79.87634026,51089.0,381.7473346915363,1.5544041450777202,190,188,3,0,185,182,50953,5,0,0,5,6
2020-06-12,US,Virginia,Highland,2,0,0,38.35799465,-79.56124594,51091.0,91.324200913242,0.0,2,2,0,0,2,2,2210,0,0,0,0,0
2020-06-12,US,Virginia,Hopewell,129,2,0,37.29186313,-77.29754684,51670.0,572.595321585512,1.5503875968992251,127,120,2,0,118,120,22596,9,0,0,9,0
2020-06-12,US,Virginia,Isle of Wight,150,8,0,36.90579348,-76.70842863,51093.0,404.214611010806,5.333333333333333,142,150,8,0,142,150,36953,0,0,0,0,0
2020-06-12,US,Virginia,James City,230,15,0,37.31156958,-76.76950618,51095.0,300.56322935587986,6.521739130434782,215,225,15,0,210,224,76397,5,0,0,5,1
2020-06-12,US,Virginia,King George,87,4,0,38.26818502,-77.15852768,51099.0,324.1913847071099,4.597701149425287,83,83,4,0,79,83,26575,4,0,0,4,0
2020-06-12,US,Virginia,King William,32,0,0,37.70965316,-77.09384941,51101.0,186.61068346162816,0.0,32,32,0,0,32,32,16939,0,0,0,0,0
2020-06-12,US,Virginia,King and Queen,24,1,0,37.71044922,-76.88689628,51097.0,341.6370106761566,4.166666666666667,23,24,1,0,23,24,7042,0,0,0,0,0
2020-06-12,US,Virginia,Lancaster,11,0,0,37.71889653,-76.46400482,51103.0,103.74422333301895,0.0,11,11,0,0,11,10,10783,0,0,0,0,1
2020-06-12,US,Virginia,Lee,9,0,0,36.70586667,-83.12606515,51105.0,38.42377150663877,0.0,9,9,0,0,9,9,23541,0,0,0,0,0
2020-06-12,US,Virginia,Lexington,8,0,0,37.78258621,-79.44262866,51678.0,107.44023636851999,0.0,8,8,0,0,8,8,7136,0,0,0,0,0
2020-06-12,US,Virginia,Loudoun,3280,70,0,39.08990083,-77.63481877,51107.0,793.1556471231181,2.1341463414634148,3210,3229,69,0,3160,3180,406850,51,1,0,50,49
2020-06-12,US,Virginia,Louisa,98,1,0,37.97850256,-77.96274807,51109.0,260.70069963555113,1.020408163265306,97,95,1,0,94,94,36778,3,0,0,3,1
2020-06-12,US,Virginia,Lunenburg,19,0,0,36.94618528,-78.24133319,51111.0,155.78878320760901,0.0,19,18,0,0,18,18,12086,1,0,0,1,0
2020-06-12,US,Virginia,Lynchburg,91,1,0,37.40021399,-79.19888138,51680.0,110.74870996008178,1.0989010989010992,90,89,1,0,88,89,82126,2,0,0,2,0
2020-06-12,US,Virginia,Madison,42,1,0,38.41531222,-78.28220331,51113.0,316.7181962144635,2.380952380952381,41,41,1,0,40,41,13295,1,0,0,1,0
2020-06-12,US,Virginia,Manassas,1282,12,0,38.7464321,-77.48509905,51683.0,3120.3602287939643,0.93603744149766,1270,1271,12,0,1259,1262,41641,11,0,0,11,9
2020-06-12,US,Virginia,Manassas Park,369,6,0,38.77058531,-77.44399307,51685.0,2111.225540679712,1.6260162601626016,363,361,6,0,355,360,17307,8,0,0,8,1
2020-06-12,US,Virginia,Martinsville,54,1,0,36.68212094,-79.86352771,51690.0,430.1417874780946,1.851851851851852,53,53,1,0,52,52,12902,1,0,0,1,1
2020-06-12,US,Virginia,Mathews,5,0,0,37.44164146,-76.34098896,51115.0,56.599501924383055,0.0,5,5,0,0,5,5,8802,0,0,0,0,0
2020-06-12,US,Virginia,Mecklenburg,226,24,0,36.67882005,-78.36131056,51117.0,738.8759930689508,10.619469026548671,202,225,24,0,201,224,30650,1,0,0,1,1
2020-06-12,US,Virginia,Middlesex,14,0,0,37.63191998,-76.55064617,51119.0,132.3001323001323,0.0,14,14,0,0,14,14,10769,0,0,0,0,0
2020-06-12,US,Virginia,Montgomery,96,2,0,37.17746986,-80.37868691,51121.0,97.42731009286041,2.083333333333333,94,96,2,0,94,96,98985,0,0,0,0,0
2020-06-12,US,Virginia,Nelson,18,0,0,37.78790447,-78.88498513,51125.0,120.56262558606831,0.0,18,18,0,0,18,17,14836,0,0,0,0,1
2020-06-12,US,Virginia,New Kent,44,1,0,37.50694406,-76.99828634,51127.0,190.5504309038153,2.272727272727273,43,45,1,0,44,45,22391,-1,0,0,-1,0
2020-06-12,US,Virginia,Newport News,351,10,0,37.08166899,-76.51754109,51700.0,195.84321383735528,2.849002849002849,341,337,10,0,327,328,178626,14,0,0,14,9
2020-06-12,US,Virginia,Norfolk,630,7,0,36.89934014,-76.26420872,51710.0,259.53481474157746,1.1111111111111112,623,619,7,0,612,605,244076,11,0,0,11,14
2020-06-12,US,Virginia,Northampton,259,27,0,37.34062933,-75.87751591,51131.0,2211.7847993168234,10.424710424710424,232,259,27,0,232,257,11735,0,0,0,0,2
2020-06-12,US,Virginia,Northumberland,25,1,0,37.89202088,-76.41949732,51133.0,206.69698222405952,4.0,24,25,1,0,24,25,12147,0,0,0,0,0
2020-06-12,US,Virginia,Norton,2,0,0,36.93357076,-82.62750411,51720.0,50.23863350916855,0.0,2,2,0,0,2,2,3968,0,0,0,0,0
2020-06-12,US,Virginia,Nottoway,63,0,0,37.1435975,-78.05065922,51135.0,413.60294117647067,0.0,63,58,0,0,58,51,15420,5,0,0,5,7
2020-06-12,US,Virginia,Orange,124,2,0,38.24530219,-78.01560400000002,51137.0,334.6738279668565,1.6129032258064515,122,119,2,0,117,119,36644,5,0,0,5,0
2020-06-12,US,Virginia,Page,250,24,0,38.61807452,-78.48797204,51139.0,1045.9375784453184,9.6,226,249,24,0,225,247,23933,1,0,0,1,2
2020-06-12,US,Virginia,Patrick,31,0,0,36.680163799999995,-80.2865648,51141.0,176.05633802816902,0.0,31,29,0,0,29,28,17673,2,0,0,2,1
2020-06-12,US,Virginia,Petersburg,178,3,0,37.20530399,-77.39368102,51730.0,567.8555477572896,1.6853932584269662,175,176,3,0,173,174,31567,2,0,0,2,2
2020-06-12,US,Virginia,Pittsylvania,59,1,0,36.81980341,-79.39731264,51143.0,97.75656957285351,1.6949152542372878,58,56,1,0,55,54,60949,3,0,0,3,2
2020-06-12,US,Virginia,Poquoson,11,0,0,37.14259351,-76.35798148,51735.0,89.64224594572569,0.0,11,10,0,0,10,9,12190,1,0,0,1,1
2020-06-12,US,Virginia,Portsmouth,370,11,0,36.85914825,-76.35971629,51740.0,391.9574567257781,2.972972972972973,359,364,11,0,353,354,94632,6,0,0,6,10
2020-06-12,US,Virginia,Powhatan,50,0,0,37.55016038,-77.91267882,51145.0,168.62268986914881,0.0,50,48,0,0,48,48,29189,2,0,0,2,0
2020-06-12,US,Virginia,Prince Edward,161,3,0,37.22554789,-78.43597949,51147.0,706.0784141741952,1.8633540372670807,158,155,3,0,152,153,22950,6,0,0,6,2
2020-06-12,US,Virginia,Prince George,158,0,0,37.18497668,-77.22922187,51149.0,411.9625583396344,0.0,158,158,0,0,158,153,38082,0,0,0,0,5
2020-06-12,US,Virginia,Prince William,6439,120,0,38.70916224,-77.48713689,51153.0,1369.024206150935,1.863643422891753,6319,6396,118,0,6278,6376,468011,43,2,0,41,20
2020-06-12,US,Virginia,Pulaski,30,1,0,37.06474963,-80.71229738,51155.0,88.16528051253418,3.333333333333333,29,30,1,0,29,30,34066,0,0,0,0,0
2020-06-12,US,Virginia,Radford,7,0,0,37.12222899,-80.56027320000003,51750.0,38.35826620636748,0.0,7,7,0,0,7,7,18339,0,0,0,0,0
2020-06-12,US,Virginia,Rappahannock,16,0,0,38.68295619,-78.15826963,51157.0,217.09633649932158,0.0,16,16,0,0,16,16,7252,0,0,0,0,0
2020-06-12,US,Virginia,Richmond,290,5,0,37.937575,-76.72920628,51159.0,3214.0086445749757,1.7241379310344829,285,290,5,0,285,290,9038,0,0,0,0,0
2020-06-12,US,Virginia,Richmond City,1733,28,0,37.53255773,-77.47966921,51760.0,752.0526306653475,1.6156953260242355,1705,1709,26,0,1683,1686,228783,24,2,0,22,23
2020-06-12,US,Virginia,Roanoke,132,5,0,37.26865804,-80.06396753,51161.0,140.14821735714438,3.787878787878788,127,128,5,0,123,125,94073,4,0,0,4,3
2020-06-12,US,Virginia,Roanoke City,232,10,0,37.27791025,-79.96189766,51770.0,234.00542650514916,4.310344827586206,222,222,10,0,212,207,99920,10,0,0,10,15
2020-06-12,US,Virginia,Rockbridge,19,0,0,37.81204314,-79.44605905,51163.0,84.17135515881806,0.0,19,19,0,0,19,19,22752,0,0,0,0,0
2020-06-12,US,Virginia,Rockingham,614,7,0,38.51006137,-78.87260325,51165.0,749.2556255186215,1.1400651465798046,607,606,7,0,599,602,81244,8,0,0,8,4
2020-06-12,US,Virginia,Russell,8,0,0,36.93028320000001,-82.10095486,51167.0,30.091025351688856,0.0,8,8,0,0,8,8,26748,0,0,0,0,0
2020-06-12,US,Virginia,Salem,43,3,0,37.2836193,-80.06219455,51775.0,169.95375676850716,6.9767441860465125,40,42,3,0,39,42,25643,1,0,0,1,0
2020-06-12,US,Virginia,Scott,7,2,0,36.71466456,-82.60171704,51169.0,32.458499489937864,28.57142857142857,5,7,2,0,5,7,21534,0,0,0,0,0
2020-06-12,US,Virginia,Shenandoah,505,26,0,38.85905135,-78.56813762,51171.0,1157.8319882611886,5.148514851485149,479,499,25,0,474,492,43497,6,1,0,5,7
2020-06-12,US,Virginia,Smyth,18,0,0,36.84455636,-81.53344948,51173.0,59.792718575604574,0.0,18,16,0,0,16,15,30472,2,0,0,2,1
2020-06-12,US,Virginia,Southampton,155,2,0,36.72231125,-77.10642712,51175.0,879.1333446769894,1.2903225806451613,153,155,2,0,153,154,17586,0,0,0,0,1
2020-06-12,US,Virginia,Spotsylvania,739,12,0,38.18574462,-77.655399,51177.0,542.5246852402452,1.6238159675236807,727,729,11,0,718,723,134238,10,1,0,9,6
2020-06-12,US,Virginia,Stafford,862,5,0,38.41758738,-77.45917053,51179.0,563.8335448254209,0.580046403712297,857,841,5,0,836,831,149960,21,0,0,21,10
2020-06-12,US,Virginia,Staunton,57,0,0,38.15965544,-79.05979937,51790.0,228.6218514359056,0.0,57,55,0,0,55,58,24922,2,0,0,2,-3
2020-06-12,US,Virginia,Suffolk,337,33,0,36.70155394,-76.63603554,51800.0,365.87484257610635,9.792284866468842,304,333,33,0,300,330,91185,4,0,0,4,3
2020-06-12,US,Virginia,Surry,13,1,0,37.11781893,-76.88450012,51181.0,202.4291497975709,7.6923076923076925,12,11,1,0,10,10,6474,2,0,0,2,1
2020-06-12,US,Virginia,Sussex,177,2,0,36.92432914,-77.25791182,51183.0,1586.163634734295,1.1299435028248588,175,176,2,0,174,175,11237,1,0,0,1,1
2020-06-12,US,Virginia,Tazewell,9,0,0,37.12191123,-81.56685568,51185.0,22.170218007143742,0.0,9,9,0,0,9,9,40855,0,0,0,0,0
2020-06-12,US,Virginia,Virginia Beach,847,27,0,36.73285734,-76.04566934,51810.0,188.23309791232379,3.187721369539551,820,832,27,0,805,823,450189,15,0,0,15,9
2020-06-12,US,Virginia,Warren,228,4,0,38.90847745,-78.20280433,51187.0,567.6725425754407,1.7543859649122806,224,225,4,0,221,225,40003,3,0,0,3,0
2020-06-12,US,Virginia,Washington,58,4,0,36.72341572,-81.95666289,51191.0,107.9270561965017,6.896551724137932,54,58,4,0,54,58,54402,0,0,0,0,0
2020-06-12,US,Virginia,Waynesboro,53,0,0,38.06451466,-78.90293905,51820.0,234.2023862129916,0.0,53,53,0,0,53,51,22628,0,0,0,0,2
2020-06-12,US,Virginia,Westmoreland,84,1,0,38.11021557,-76.80213247,51193.0,466.278101582015,1.1904761904761905,83,83,1,0,82,83,17830,1,0,0,1,0
2020-06-12,US,Virginia,Williamsburg,49,5,0,37.28131268,-76.70905141,51830.0,327.67152601310687,10.20408163265306,44,49,5,0,44,48,14896,0,0,0,0,1
2020-06-12,US,Virginia,Winchester,260,3,0,39.17054517,-78.17325058,51840.0,925.991879763516,1.1538461538461535,257,250,3,0,247,248,28108,10,0,0,10,2
2020-06-12,US,Virginia,Wise,27,2,0,36.9746148,-82.62410519,51195.0,72.22534307037958,7.407407407407407,25,27,2,0,25,27,38012,0,0,0,0,0
2020-06-12,US,Virginia,Wythe,42,1,0,36.91582035,-81.07834059,51197.0,146.42309301352668,2.380952380952381,41,42,1,0,41,38,28754,0,0,0,0,4
2020-06-12,US,Virginia,York,90,3,0,37.24374789,-76.54412815,51199.0,131.81019332161688,3.333333333333333,87,89,3,0,86,86,67846,1,0,0,1,3
2020-06-12,US,Washington,Adams,89,0,0,46.98299757,-118.56017340000001,53001.0,445.3785717860181,0.0,89,89,0,0,89,80,19759,0,0,0,0,9
2020-06-12,US,Washington,Asotin,20,2,0,46.18894415,-117.2022851,53003.0,88.56611460455228,10.0,18,19,2,0,17,19,22610,1,0,0,1,0
2020-06-12,US,Washington,Benton,1075,72,0,46.23946995,-119.51208340000001,53005.0,525.9552815695483,6.697674418604652,1003,1041,70,0,971,979,201877,34,2,0,32,62
2020-06-12,US,Washington,Chelan,271,6,0,47.87046092,-120.6173956,53007.0,351.0362694300518,2.2140221402214024,265,268,6,0,262,264,77036,3,0,0,3,4
2020-06-12,US,Washington,Clallam,28,0,0,48.04754642,-123.92263190000001,53009.0,36.20798903415189,0.0,28,28,0,0,28,27,76737,0,0,0,0,1
2020-06-12,US,Washington,Clark,604,27,0,45.77568046,-122.48292040000001,53011.0,123.70939761306404,4.470198675496689,577,595,27,0,568,571,481857,9,0,0,9,24
2020-06-12,US,Washington,Columbia,1,0,0,46.29442881,-117.9051983,53013.0,25.094102885821833,0.0,1,1,0,0,1,1,4059,0,0,0,0,0
2020-06-12,US,Washington,Cowlitz,102,0,0,46.19074721,-122.6782231,53015.0,92.23006881086506,0.0,102,101,0,0,101,89,108987,1,0,0,1,12
2020-06-12,US,Washington,Douglas,178,3,0,47.7361335,-119.69293700000001,53017.0,409.86437633839137,1.6853932584269662,175,178,3,0,175,178,42907,0,0,0,0,0
2020-06-12,US,Washington,Ferry,1,0,0,48.471143100000006,-118.5154041,53019.0,13.111315064901008,0.0,1,1,0,0,1,1,7649,0,0,0,0,0
2020-06-12,US,Washington,Franklin,847,25,0,46.53351425,-118.9018212,53021.0,889.5003255550188,2.9515938606847696,822,826,25,0,801,764,94347,21,0,0,21,62
2020-06-12,US,Washington,Grant,241,5,0,47.20753737,-119.4500749,53025.0,246.5901998301495,2.074688796680498,236,235,4,0,231,222,97331,6,1,0,5,13
2020-06-12,US,Washington,Grays Harbor,20,0,0,47.14003705,-123.7820567,53027.0,26.64499540373829,0.0,20,19,0,0,19,19,73901,1,0,0,1,0
2020-06-12,US,Washington,Island,182,11,0,48.14713305,-122.5216407,53029.0,213.76305187864838,6.043956043956044,171,182,11,0,171,181,84460,0,0,0,0,1
2020-06-12,US,Washington,Jefferson,31,0,0,47.75003077,-123.56097040000002,53031.0,96.21054591725893,0.0,31,31,0,0,31,31,31729,0,0,0,0,0
2020-06-12,US,Washington,King,8611,586,0,47.49137892,-121.8346131,53033.0,382.2384944481978,6.805249099988388,8025,8550,583,0,7967,8529,2233163,61,3,0,58,21
2020-06-12,US,Washington,Kitsap,173,2,0,47.63479026,-122.6436061,53035.0,63.72641109797291,1.1560693641618498,171,170,2,0,168,170,269805,3,0,0,3,0
2020-06-12,US,Washington,Kittitas,92,0,0,47.12521214,-120.67943899999999,53037.0,191.92656722645248,0.0,92,90,0,0,90,90,47364,2,0,0,2,0
2020-06-12,US,Washington,Klickitat,42,3,0,45.87325839,-120.7913598,53039.0,187.29096989966555,7.142857142857142,39,42,3,0,39,37,22107,0,0,0,0,5
2020-06-12,US,Washington,Lewis,38,3,0,46.57756476,-122.39257690000001,53041.0,47.08389606849468,7.894736842105262,35,37,3,0,34,37,79604,1,0,0,1,0
2020-06-12,US,Washington,Lincoln,2,0,0,47.57705241,-118.41943880000001,53043.0,18.283206874485785,0.0,2,2,0,0,2,2,10740,0,0,0,0,0
2020-06-12,US,Washington,Mason,39,1,0,47.35007586,-123.1863685,53045.0,58.41121495327103,2.5641025641025643,38,39,1,0,38,39,65507,0,0,0,0,0
2020-06-12,US,Washington,Okanogan,57,1,0,48.54855019,-119.73872240000001,53047.0,134.93359846601805,1.7543859649122806,56,56,1,0,55,56,42132,1,0,0,1,0
2020-06-12,US,Washington,Pacific,11,1,0,46.55418369,-123.7285716,53049.0,48.95198255529349,9.090909090909092,10,10,1,0,9,10,22036,1,0,0,1,0
2020-06-12,US,Washington,Pend Oreille,3,0,0,48.53234021,-117.2741804,53051.0,21.85951617604197,0.0,3,3,0,0,3,3,13602,0,0,0,0,0
2020-06-12,US,Washington,Pierce,2097,88,0,47.03892768,-122.14059579999999,53053.0,231.71782801829875,4.196471149260849,2009,2078,87,0,1991,2050,891299,19,1,0,18,28
2020-06-12,US,Washington,San Juan,15,0,0,48.60182783,-122.96745,53055.0,85.31452621999773,0.0,15,14,0,0,14,15,17128,1,0,0,1,-1
2020-06-12,US,Washington,Skagit,454,15,0,48.48171488,-121.766131,53057.0,351.37959057312025,3.3039647577092515,439,452,15,0,437,450,128206,2,0,0,2,2
2020-06-12,US,Washington,Skamania,3,0,0,46.02408726,-121.91644029999999,53059.0,24.828271124720683,0.0,3,3,0,0,3,3,11924,0,0,0,0,0
2020-06-12,US,Washington,Snohomish,3107,156,0,48.04615983,-121.7170703,53061.0,377.9423732153566,5.02092050209205,2951,3075,156,0,2919,3064,814901,32,0,0,32,11
2020-06-12,US,Washington,Spokane,791,37,0,47.62113146,-117.4046494,53063.0,151.30126741112247,4.677623261694059,754,778,37,0,741,769,514631,13,0,0,13,9
2020-06-12,US,Washington,Stevens,15,1,0,48.40035475,-117.8542701,53065.0,32.80624630929729,6.666666666666668,14,15,1,0,14,13,45260,0,0,0,0,2
2020-06-12,US,Washington,Thurston,183,4,0,46.9291895,-122.82906559999999,53067.0,62.98703086708704,2.1857923497267757,179,172,4,0,168,171,286419,11,0,0,11,1
2020-06-12,US,Washington,Unassigned,34,0,0,0.0,0.0,90053.0,0.0,0.0,34,20,0,0,20,25,,14,0,0,14,-5
2020-06-12,US,Washington,Wahkiakum,4,0,0,46.29180039999999,-123.4250831,53069.0,89.12655971479502,0.0,4,4,0,0,4,4,4426,0,0,0,0,0
2020-06-12,US,Washington,Walla Walla,118,3,0,46.23040051,-118.4775539,53071.0,194.2067149440421,2.5423728813559316,115,118,2,0,116,117,60922,0,1,0,-1,1
2020-06-12,US,Washington,Whatcom,436,38,0,48.82227976,-121.74900179999999,53073.0,190.18787595911837,8.715596330275227,398,428,38,0,390,420,225685,8,0,0,8,8
2020-06-12,US,Washington,Whitman,27,0,0,46.90022523,-117.52417630000001,53075.0,53.88791314066742,0.0,27,21,0,0,21,20,49791,6,0,0,6,1
2020-06-12,US,Washington,Yakima,5129,114,0,46.45738486,-120.73801259999999,53077.0,2044.4607430851468,2.2226554883992984,5015,4988,112,0,4876,4834,251446,141,2,0,139,154
2020-06-12,US,West Virginia,Barbour,10,1,0,39.1307219,-80.00350858,54001.0,60.823550878900306,10.0,9,10,1,0,9,9,16535,0,0,0,0,1
2020-06-12,US,West Virginia,Berkeley,376,9,0,39.46704621,-78.02414609,54003.0,315.513002324391,2.3936170212765955,367,369,8,0,361,361,117123,7,1,0,6,8
2020-06-12,US,West Virginia,Boone,17,0,0,38.01974191,-81.69888019,54005.0,79.22822388963975,0.0,17,17,0,0,17,15,21951,0,0,0,0,2
2020-06-12,US,West Virginia,Braxton,3,0,0,38.70036159,-80.72011184,54007.0,21.49459052805044,0.0,3,3,0,0,3,2,14089,0,0,0,0,1
2020-06-12,US,West Virginia,Brooke,5,0,0,40.27367263,-80.57915332,54009.0,22.79046446966589,0.0,5,5,0,0,5,5,22203,0,0,0,0,0
2020-06-12,US,West Virginia,Cabell,72,0,0,38.42424062,-82.23855912,54011.0,78.30768394148677,0.0,72,71,0,0,71,71,93224,1,0,0,1,0
2020-06-12,US,West Virginia,Calhoun,2,0,0,38.84315422,-81.11934872,54013.0,28.133352088901397,0.0,2,2,0,0,2,2,7254,0,0,0,0,0
2020-06-12,US,West Virginia,Clay,8,0,0,38.46231092,-81.07652217,54015.0,94.0291490362012,0.0,8,7,0,0,7,7,8632,1,0,0,1,0
2020-06-12,US,West Virginia,Fayette,54,4,0,38.02974928,-81.08286634,54019.0,127.34047068811016,7.407407407407407,50,54,4,0,50,54,43018,0,0,0,0,0
2020-06-12,US,West Virginia,Gilmer,10,0,0,38.9251277,-80.85952723,54021.0,127.82819890067749,0.0,10,10,0,0,10,10,8026,0,0,0,0,0
2020-06-12,US,West Virginia,Grant,16,0,0,39.10314817,-79.19440518,54023.0,138.31258644536652,0.0,16,16,0,0,16,14,11626,0,0,0,0,2
2020-06-12,US,West Virginia,Greenbrier,11,0,0,37.9463652,-80.45335881,54025.0,31.73504125555363,0.0,11,9,0,0,9,9,34786,2,0,0,2,0
2020-06-12,US,West Virginia,Hampshire,35,1,0,39.32103553,-78.60826476,54027.0,151.02481121898597,2.8571428571428568,34,35,1,0,34,35,23347,0,0,0,0,0
2020-06-12,US,West Virginia,Hancock,20,0,0,40.51943859,-80.57461608,54029.0,69.42034015966678,0.0,20,20,0,0,20,20,29094,0,0,0,0,0
2020-06-12,US,West Virginia,Hardy,40,0,0,39.00683177,-78.85855301,54031.0,290.36004645760744,0.0,40,40,0,0,40,40,13775,0,0,0,0,0
2020-06-12,US,West Virginia,Harrison,43,1,0,39.2853852,-80.37919577,54033.0,63.93481622457475,2.3255813953488373,42,43,1,0,42,41,67554,0,0,0,0,2
2020-06-12,US,West Virginia,Jackson,141,18,0,38.84263974,-81.68148753,54035.0,493.4210526315789,12.76595744680851,123,141,18,0,123,141,28706,0,0,0,0,0
2020-06-12,US,West Virginia,Jefferson,205,4,0,39.30776166,-77.86014147,54037.0,358.73026983515905,1.951219512195122,201,205,4,0,201,204,56811,0,0,0,0,1
2020-06-12,US,West Virginia,Kanawha,247,20,0,38.33860077,-81.52857054,54039.0,138.66744515056928,8.097165991902834,227,244,20,0,224,241,180454,3,0,0,3,3
2020-06-12,US,West Virginia,Lewis,8,1,0,38.9947249,-80.49988181,54041.0,50.292324134029045,12.5,7,8,1,0,7,8,16024,0,0,0,0,0
2020-06-12,US,West Virginia,Lincoln,5,0,0,38.172154,-82.07017953,54043.0,24.498995541182808,0.0,5,5,0,0,5,5,20599,0,0,0,0,0
2020-06-12,US,West Virginia,Logan,21,1,0,37.8299889,-81.93528571,54045.0,65.58605827789751,4.761904761904762,20,21,1,0,20,20,32607,0,0,0,0,1
2020-06-12,US,West Virginia,Marion,53,2,0,39.50984542,-80.24244659,54049.0,94.5213297189328,3.7735849056603774,51,53,2,0,51,53,56097,0,0,0,0,0
2020-06-12,US,West Virginia,Marshall,37,0,0,39.86064362,-80.66591062,54051.0,121.18830041597064,0.0,37,34,0,0,34,34,30785,3,0,0,3,0
2020-06-12,US,West Virginia,Mason,15,0,0,38.77071799,-82.02524219,54053.0,56.569618343641565,0.0,15,15,0,0,15,15,26718,0,0,0,0,0
2020-06-12,US,West Virginia,McDowell,6,0,0,37.38002939,-81.65083669,54047.0,34.04448479346346,0.0,6,6,0,0,6,6,18223,0,0,0,0,0
2020-06-12,US,West Virginia,Mercer,13,0,0,37.40481169,-81.11023142,54055.0,22.124646856598247,0.0,13,13,0,0,13,13,59131,0,0,0,0,0
2020-06-12,US,West Virginia,Mineral,51,2,0,39.41561583,-78.94104895,54057.0,189.8168825368468,3.92156862745098,49,51,2,0,49,51,26940,0,0,0,0,0
2020-06-12,US,West Virginia,Mingo,12,2,0,37.73048351,-82.13338365,54059.0,51.22950819672131,16.666666666666668,10,11,1,0,10,10,23785,1,1,0,0,1
2020-06-12,US,West Virginia,Monongalia,142,5,0,39.63218457,-80.04766838,54061.0,134.45441805855396,3.5211267605633805,137,142,5,0,137,142,106420,0,0,0,0,0
2020-06-12,US,West Virginia,Monroe,9,0,0,37.56274716,-80.54577965,54063.0,67.79661016949153,0.0,9,8,0,0,8,8,13280,1,0,0,1,0
2020-06-12,US,West Virginia,Morgan,19,0,0,39.55439028,-78.26311676,54065.0,106.24021471706553,0.0,19,19,0,0,19,19,17787,0,0,0,0,0
2020-06-12,US,West Virginia,Nicholas,7,1,0,38.29617706,-80.79759588,54067.0,28.576094056172444,14.285714285714285,6,7,1,0,6,7,24842,0,0,0,0,0
2020-06-12,US,West Virginia,Ohio,53,1,0,40.0955451,-80.62203992,54069.0,127.98531791070005,1.8867924528301887,52,53,1,0,52,52,41755,0,0,0,0,1
2020-06-12,US,West Virginia,Pendleton,13,1,0,38.68314479,-79.35084086,54071.0,186.5403931697517,7.6923076923076925,12,13,1,0,12,13,6997,0,0,0,0,0
2020-06-12,US,West Virginia,Pleasants,4,0,0,39.37091679,-81.16771771,54073.0,53.61930294906166,0.0,4,4,0,0,4,4,7507,0,0,0,0,0
2020-06-12,US,West Virginia,Pocahontas,21,0,0,38.32758728,-80.00993811,54075.0,254.63805020007274,0.0,21,21,0,0,21,21,8414,0,0,0,0,0
2020-06-12,US,West Virginia,Preston,24,2,0,39.46770987,-79.66712803,54077.0,71.78750897343862,8.333333333333334,22,24,2,0,22,24,33839,0,0,0,0,0
2020-06-12,US,West Virginia,Putnam,42,0,0,38.50782345,-81.9082131,54079.0,74.40212577502214,0.0,42,41,0,0,41,41,56682,1,0,0,1,0
2020-06-12,US,West Virginia,Raleigh,23,0,0,37.76936795,-81.2456041,54081.0,31.351808181458807,0.0,23,19,0,0,19,18,74254,4,0,0,4,1
2020-06-12,US,West Virginia,Randolph,141,0,0,38.769899,-79.87919615,54083.0,491.37480397281763,0.0,141,138,0,0,138,140,28823,3,0,0,3,-2
2020-06-12,US,West Virginia,Ritchie,2,0,0,39.18094587,-81.06356878,54085.0,20.933640360058615,0.0,2,2,0,0,2,2,9721,0,0,0,0,0
2020-06-12,US,West Virginia,Roane,10,1,0,38.71622686,-81.35243568,54087.0,73.05669199298656,10.0,9,9,1,0,8,10,13932,1,0,0,1,-1
2020-06-12,US,West Virginia,Summers,1,0,0,37.65390597,-80.86009693,54089.0,7.953551260637875,0.0,1,1,0,0,1,1,12760,0,0,0,0,0
2020-06-12,US,West Virginia,Taylor,10,0,0,39.33602617,-80.0421439,54091.0,59.89817310572028,0.0,10,10,0,0,10,9,16862,0,0,0,0,1
2020-06-12,US,West Virginia,Tucker,5,0,0,39.11240885,-79.57053576,54093.0,73.11010381634742,0.0,5,4,0,0,4,4,6955,1,0,0,1,0
2020-06-12,US,West Virginia,Tyler,3,0,0,39.46811972,-80.88772676,54095.0,34.920265394016994,0.0,3,3,0,0,3,3,8746,0,0,0,0,0
2020-06-12,US,West Virginia,Upshur,7,0,0,38.89285061,-80.23689136,54097.0,28.95433487756453,0.0,7,7,0,0,7,7,24415,0,0,0,0,0
2020-06-12,US,West Virginia,Wayne,104,9,0,38.14901357,-82.42287994,54099.0,263.9459925892087,8.653846153846152,95,103,9,0,94,103,39944,1,0,0,1,0
2020-06-12,US,West Virginia,Wetzel,9,0,0,39.6065771,-80.64016540000001,54103.0,59.741121805509465,0.0,9,9,0,0,9,9,15270,0,0,0,0,0
2020-06-12,US,West Virginia,Wirt,4,0,0,39.02775007,-81.37473928,54105.0,68.7167153410067,0.0,4,4,0,0,4,4,5830,0,0,0,0,0
2020-06-12,US,West Virginia,Wood,55,2,0,39.20967886,-81.5162836,54107.0,65.85406738667113,3.636363636363636,53,53,2,0,51,54,84203,2,0,0,2,-1
2020-06-12,US,West Virginia,Wyoming,5,0,0,37.612327,-81.54511071,54109.0,24.517014808276944,0.0,5,5,0,0,5,3,20786,0,0,0,0,2
2020-06-12,US,Wisconsin,Adams,7,1,0,43.96974651,-89.76782777,55001.0,34.619188921859546,14.285714285714285,6,6,1,0,5,6,20348,1,0,0,1,0
2020-06-12,US,Wisconsin,Ashland,3,0,0,46.31956891,-90.67837132,55003.0,19.27772779848349,0.0,3,3,0,0,3,3,15600,0,0,0,0,0
2020-06-12,US,Wisconsin,Barron,24,0,0,45.42372701,-91.84833627,55005.0,53.045707718150474,0.0,24,21,0,0,21,21,45164,3,0,0,3,0
2020-06-12,US,Wisconsin,Bayfield,3,1,0,46.52868768,-91.19716729,55007.0,19.952114924181963,33.333333333333336,2,3,1,0,2,3,15042,0,0,0,0,0
2020-06-12,US,Wisconsin,Brown,2442,38,0,44.452655299999996,-88.00411844,55009.0,923.1048377951328,1.5561015561015559,2404,2421,38,0,2383,2405,263378,21,0,0,21,16
2020-06-12,US,Wisconsin,Buffalo,7,2,0,44.37835084,-91.75332578,55011.0,53.718056941140354,28.57142857142857,5,7,2,0,5,6,13125,0,0,0,0,1
2020-06-12,US,Wisconsin,Burnett,2,1,0,45.86303537,-92.36711412,55013.0,12.975217334890358,50.0,1,1,1,0,0,1,15392,1,0,0,1,0
2020-06-12,US,Wisconsin,Calumet,84,2,0,44.0816316,-88.21780273,55015.0,167.70149134540515,2.380952380952381,82,83,2,0,81,81,50159,1,0,0,1,2
2020-06-12,US,Wisconsin,Chippewa,64,0,0,45.06939744,-91.28068855,55017.0,98.98233783909184,0.0,64,61,0,0,61,60,64135,3,0,0,3,1
2020-06-12,US,Wisconsin,Clark,50,4,0,44.73483377,-90.61207486,55019.0,143.78558693276585,8.0,46,45,4,0,41,45,34709,5,0,0,5,0
2020-06-12,US,Wisconsin,Columbia,55,1,0,43.46492199,-89.33589004,55021.0,95.5989710074393,1.818181818181818,54,50,1,0,49,49,57358,5,0,0,5,1
2020-06-12,US,Wisconsin,Crawford,26,0,0,43.23870316,-90.93073686,55023.0,161.18033599900812,0.0,26,26,0,0,26,26,16291,0,0,0,0,0
2020-06-12,US,Wisconsin,Dane,930,31,0,43.06601594,-89.41733797,55025.0,170.11313438023032,3.333333333333333,899,896,31,0,865,884,542364,34,0,0,34,12
2020-06-12,US,Wisconsin,Dodge,415,4,0,43.41576662,-88.70928178,55027.0,472.4552875146575,0.9638554216867471,411,414,4,0,410,410,87847,1,0,0,1,4
2020-06-12,US,Wisconsin,Door,41,3,0,44.95856458,-87.30002707,55029.0,148.18562960821166,7.317073170731707,38,39,3,0,36,39,27610,2,0,0,2,0
2020-06-12,US,Wisconsin,Douglas,20,0,0,46.43222285,-91.91595768,55031.0,46.349942062572424,0.0,20,20,0,0,20,20,43208,0,0,0,0,0
2020-06-12,US,Wisconsin,Dunn,29,0,0,44.94562799,-91.8962481,55033.0,63.921706929994706,0.0,29,29,0,0,29,29,45131,0,0,0,0,0
2020-06-12,US,Wisconsin,Eau Claire,130,0,0,44.726614,-91.28609183,55035.0,124.22835082086272,0.0,130,126,0,0,126,126,104534,4,0,0,4,0
2020-06-12,US,Wisconsin,Florence,2,0,0,45.84963535,-88.39804137,55037.0,46.56577415599534,0.0,2,2,0,0,2,2,4321,0,0,0,0,0
2020-06-12,US,Wisconsin,Fond du Lac,253,6,0,43.75354908,-88.48885325,55039.0,244.67375221221818,2.3715415019762847,247,251,6,0,245,247,103066,2,0,0,2,4
2020-06-12,US,Wisconsin,Forest,34,2,0,45.66678019,-88.77084892,55041.0,377.6099511328298,5.882352941176472,32,34,2,0,32,34,8991,0,0,0,0,0
2020-06-12,US,Wisconsin,Grant,103,12,0,42.8671731,-90.7063218,55043.0,200.23717412857948,11.650485436893206,91,101,12,0,89,99,51554,2,0,0,2,2
2020-06-12,US,Wisconsin,Green,75,0,0,42.6794956,-89.60243287,55045.0,202.922077922078,0.0,75,72,0,0,72,71,36929,3,0,0,3,1
2020-06-12,US,Wisconsin,Green Lake,24,0,0,43.80025981,-89.04679553,55047.0,126.8968434410194,0.0,24,23,0,0,23,23,18918,1,0,0,1,0
2020-06-12,US,Wisconsin,Iowa,16,0,0,43.00050278,-90.13469017,55049.0,67.57327476982853,0.0,16,16,0,0,16,16,23771,0,0,0,0,0
2020-06-12,US,Wisconsin,Iron,2,1,0,46.26302338,-90.24295041,55051.0,35.16792685071215,50.0,1,2,1,0,1,2,5676,0,0,0,0,0
2020-06-12,US,Wisconsin,Jackson,21,1,0,44.31864893,-90.80566792,55053.0,101.7293997965412,4.761904761904762,20,22,1,0,21,20,20478,-1,0,0,-1,2
2020-06-12,US,Wisconsin,Jefferson,152,4,0,43.02054068,-88.77529134,55055.0,179.31083296959977,2.631578947368421,148,142,4,0,138,138,85129,10,0,0,10,4
2020-06-12,US,Wisconsin,Juneau,24,1,0,43.92456975,-90.11120239,55057.0,89.9314272866939,4.166666666666667,23,24,1,0,23,23,26617,0,0,0,0,1
2020-06-12,US,Wisconsin,Kenosha,1336,36,0,42.57639354,-88.04051686,55059.0,787.9170328082517,2.6946107784431144,1300,1319,36,0,1283,1308,169290,17,0,0,17,11
2020-06-12,US,Wisconsin,Kewaunee,37,1,0,44.51727459,-87.61468386,55061.0,181.0707644122541,2.702702702702702,36,37,1,0,36,37,20383,0,0,0,0,0
2020-06-12,US,Wisconsin,La Crosse,100,0,0,43.90632465,-91.11451093,55063.0,84.73427331887201,0.0,100,94,0,0,94,81,118230,6,0,0,6,13
2020-06-12,US,Wisconsin,Lafayette,38,0,0,42.66005229,-90.1317729,55065.0,228.02280228022803,0.0,38,36,0,0,36,36,16665,2,0,0,2,0
2020-06-12,US,Wisconsin,Langlade,5,0,0,45.26271619,-89.07483625,55067.0,26.05659492417531,0.0,5,6,0,0,6,5,19268,-1,0,0,-1,1
2020-06-12,US,Wisconsin,Lincoln,7,0,0,45.33737523,-89.73411273,55069.0,25.3687529445874,0.0,7,7,0,0,7,7,27689,0,0,0,0,0
2020-06-12,US,Wisconsin,Manitowoc,42,1,0,44.11946801,-87.80928853,55071.0,53.17734645041213,2.380952380952381,41,40,1,0,39,40,79074,2,0,0,2,0
2020-06-12,US,Wisconsin,Marathon,80,1,0,44.89792533,-89.75863384,55073.0,58.95704978922854,1.25,79,70,1,0,69,69,135428,10,0,0,10,1
2020-06-12,US,Wisconsin,Marinette,37,3,0,45.38553432,-88.03324599999998,55075.0,91.69764560099131,8.108108108108109,34,37,3,0,34,37,40434,0,0,0,0,0
2020-06-12,US,Wisconsin,Marquette,9,1,0,43.81911946,-89.40073763,55077.0,57.78862206241171,11.111111111111109,8,9,1,0,8,7,15434,0,0,0,0,2
2020-06-12,US,Wisconsin,Menominee,3,0,0,45.00422544,-88.70950714,55078.0,65.84723441615452,0.0,3,4,0,0,4,3,4658,-1,0,0,-1,1
2020-06-12,US,Wisconsin,Milwaukee,9310,349,0,43.00486062,-87.96733172,55079.0,984.4288937810741,3.748657357679914,8961,9220,346,0,8874,9096,948201,90,3,0,87,124
2020-06-12,US,Wisconsin,Monroe,29,1,0,43.94641218,-90.61881899999999,55081.0,62.69863576416665,3.4482758620689653,28,26,1,0,25,23,46051,3,0,0,3,3
2020-06-12,US,Wisconsin,Oconto,43,0,0,45.02715345,-88.26807503,55083.0,113.36672818349592,0.0,43,43,0,0,43,42,37830,0,0,0,0,1
2020-06-12,US,Wisconsin,Oneida,14,0,0,45.70677897,-89.51944105,55085.0,39.33136676499508,0.0,14,14,0,0,14,13,35470,0,0,0,0,1
2020-06-12,US,Wisconsin,Outagamie,318,8,0,44.41578887,-88.46565023,55087.0,169.25246826516218,2.5157232704402515,310,306,8,0,298,294,187365,12,0,0,12,12
2020-06-12,US,Wisconsin,Ozaukee,188,13,0,43.38352225,-87.94625009,55089.0,210.71272458277758,6.914893617021277,175,185,13,0,172,185,89147,3,0,0,3,0
2020-06-12,US,Wisconsin,Pepin,1,0,0,44.58307413,-91.99949611,55091.0,13.723068478111706,0.0,1,1,0,0,1,1,7289,0,0,0,0,0
2020-06-12,US,Wisconsin,Pierce,51,0,0,44.71850291,-92.4224416,55093.0,119.28708424942695,0.0,51,51,0,0,51,51,42555,0,0,0,0,0
2020-06-12,US,Wisconsin,Polk,36,1,0,45.46130348,-92.44182875,55095.0,82.22369412785785,2.7777777777777777,35,37,1,0,36,36,43598,-1,0,0,-1,1
2020-06-12,US,Wisconsin,Portage,68,0,0,44.47558711,-89.50152965,55097.0,96.08319674447522,0.0,68,66,0,0,66,51,70942,2,0,0,2,15
2020-06-12,US,Wisconsin,Price,2,0,0,45.68051754,-90.36098879999999,55099.0,14.980151299528124,0.0,2,2,0,0,2,2,13397,0,0,0,0,0
2020-06-12,US,Wisconsin,Racine,1975,52,0,42.74753117,-88.05941254,55101.0,1006.0567161289994,2.632911392405063,1923,1966,51,0,1915,1952,196584,9,1,0,8,14
2020-06-12,US,Wisconsin,Richland,14,4,0,43.3762778,-90.43012729,55103.0,81.1500115928588,28.57142857142857,10,14,4,0,10,14,17377,0,0,0,0,0
2020-06-12,US,Wisconsin,Rock,744,21,0,42.67151616,-89.07147900000002,55105.0,455.45257538842026,2.8225806451612905,723,729,21,0,708,724,163129,15,0,0,15,5
2020-06-12,US,Wisconsin,Rusk,9,0,0,45.47498854,-91.1333012,55107.0,63.47862886161659,0.0,9,7,0,0,7,5,14147,2,0,0,2,2
2020-06-12,US,Wisconsin,Sauk,84,3,0,43.42574087,-89.94966132,55111.0,130.3497718878992,3.571428571428572,81,84,3,0,81,84,64249,0,0,0,0,0
2020-06-12,US,Wisconsin,Sawyer,9,0,0,45.87931905,-91.14504927,55113.0,54.35439062688731,0.0,9,9,0,0,9,9,16489,0,0,0,0,0
2020-06-12,US,Wisconsin,Shawano,62,0,0,44.78902246,-88.76443896,55115.0,151.592948482848,0.0,62,60,0,0,60,60,40796,2,0,0,2,0
2020-06-12,US,Wisconsin,Sheboygan,137,4,0,43.72099677,-87.94579284,55117.0,118.77926131437486,2.9197080291970803,133,129,4,0,125,120,115456,8,0,0,8,9
2020-06-12,US,Wisconsin,St. Croix,110,0,0,45.03437474,-92.45000068,55109.0,121.29632692668189,0.0,110,108,0,0,108,108,89694,2,0,0,2,0
2020-06-12,US,Wisconsin,Taylor,2,0,0,45.21179252,-90.5004405,55119.0,9.83139163348572,0.0,2,2,0,0,2,2,20412,0,0,0,0,0
2020-06-12,US,Wisconsin,Trempealeau,49,0,0,44.30360275,-91.35893614,55121.0,165.26695672703968,0.0,49,49,0,0,49,44,29442,0,0,0,0,5
2020-06-12,US,Wisconsin,Vernon,23,0,0,43.59422667,-90.8324691,55123.0,74.62202323016028,0.0,23,23,0,0,23,22,30785,0,0,0,0,1
2020-06-12,US,Wisconsin,Vilas,8,0,0,46.05467334,-89.51719204,55125.0,36.044154088758724,0.0,8,8,0,0,8,8,21938,0,0,0,0,0
2020-06-12,US,Wisconsin,Walworth,469,17,0,42.66858202,-88.54163073,55127.0,451.5346401201525,3.6247334754797436,452,468,17,0,451,456,103718,1,0,0,1,12
2020-06-12,US,Wisconsin,Washburn,3,0,0,45.89838588,-91.79050449,55129.0,19.083969465648856,0.0,3,3,0,0,3,3,15878,0,0,0,0,0
2020-06-12,US,Wisconsin,Washington,289,11,0,43.36863664,-88.22974712,55131.0,212.44688827793053,3.8062283737024223,278,287,10,0,277,283,135693,2,1,0,1,4
2020-06-12,US,Wisconsin,Waukesha,884,34,0,43.01833055,-88.30431188,55133.0,218.70469423401403,3.8461538461538463,850,865,34,0,831,842,403072,19,0,0,19,23
2020-06-12,US,Wisconsin,Waupaca,66,3,0,44.47068056,-88.96534501,55135.0,129.43714453814474,4.545454545454546,63,63,2,0,61,61,51128,3,1,0,2,2
2020-06-12,US,Wisconsin,Waushara,16,0,0,44.11324419,-89.24317107,55137.0,65.45841345170396,0.0,16,14,0,0,14,13,24263,2,0,0,2,1
2020-06-12,US,Wisconsin,Winnebago,485,9,0,44.06886922,-88.64477096,55139.0,282.1292908374877,1.855670103092784,476,473,8,0,465,457,171020,12,1,0,11,16
2020-06-12,US,Wisconsin,Wood,16,1,0,44.45537896,-90.04158336,55141.0,21.91810846723928,6.25,15,15,1,0,14,13,73055,1,0,0,1,2
2020-06-12,US,Wyoming,Albany,25,0,0,41.65498705,-105.72354150000001,56001.0,64.30041152263375,0.0,25,26,0,0,26,26,38601,-1,0,0,-1,0
2020-06-12,US,Wyoming,Big Horn,10,0,0,44.52405055,-107.9960365,56003.0,84.81764206955047,0.0,10,10,0,0,10,9,11881,0,0,0,0,1
2020-06-12,US,Wyoming,Campbell,40,0,0,44.24886082,-105.54744040000001,56005.0,86.31665264021059,0.0,40,39,0,0,39,37,46140,1,0,0,1,2
2020-06-12,US,Wyoming,Carbon,20,0,0,41.69357844,-106.9326084,56007.0,135.13513513513513,0.0,20,20,0,0,20,16,14971,0,0,0,0,4
2020-06-12,US,Wyoming,Converse,24,0,0,42.97272268,-105.5081848,56009.0,173.63623209376357,0.0,24,24,0,0,24,24,13640,0,0,0,0,0
2020-06-12,US,Wyoming,Crook,5,0,0,44.58855102,-104.56977049999999,56011.0,65.92827004219409,0.0,5,5,0,0,5,5,7450,0,0,0,0,0
2020-06-12,US,Wyoming,Fremont,303,0,0,43.04183996,-108.6296893,56013.0,771.7582333613509,0.0,303,302,0,0,302,296,39531,1,0,0,1,6
2020-06-12,US,Wyoming,Goshen,5,0,0,42.08798185,-104.3534743,56015.0,37.847248505033676,0.0,5,5,0,0,5,5,13376,0,0,0,0,0
2020-06-12,US,Wyoming,Hot Springs,12,0,0,43.71930657,-108.44231740000001,56017.0,271.92386131883075,0.0,12,12,0,0,12,12,4555,0,0,0,0,0
2020-06-12,US,Wyoming,Johnson,18,1,0,44.04057166,-106.58451740000001,56019.0,213.14387211367676,5.5555555555555545,17,18,1,0,17,18,8460,0,0,0,0,0
2020-06-12,US,Wyoming,Laramie,191,0,0,41.30702520000001,-104.6887497,56021.0,191.95979899497488,0.0,191,188,0,0,188,188,98976,3,0,0,3,0
2020-06-12,US,Wyoming,Lincoln,15,0,0,42.26376367,-110.6563997,56023.0,75.642965204236,0.0,15,15,0,0,15,15,19434,0,0,0,0,0
2020-06-12,US,Wyoming,Natrona,87,0,0,42.96180148,-106.79788500000001,56025.0,108.94337448971923,0.0,87,87,0,0,87,87,79115,0,0,0,0,0
2020-06-12,US,Wyoming,Niobrara,2,0,0,43.05607708,-104.47588959999999,56027.0,84.88964346349746,0.0,2,2,0,0,2,2,2388,0,0,0,0,0
2020-06-12,US,Wyoming,Park,3,0,0,44.52157546,-109.58528249999999,56029.0,10.276084126875386,0.0,3,2,0,0,2,2,29324,1,0,0,1,0
2020-06-12,US,Wyoming,Platte,1,0,0,42.13299116,-104.96633100000001,56031.0,11.914690813773385,0.0,1,1,0,0,1,1,8566,0,0,0,0,0
2020-06-12,US,Wyoming,Sheridan,19,0,0,44.79048913,-106.8862389,56033.0,62.325733967525004,0.0,19,19,0,0,19,19,30233,0,0,0,0,0
2020-06-12,US,Wyoming,Sublette,3,0,0,42.76558279,-109.91309220000001,56035.0,30.515715593530675,0.0,3,3,0,0,3,3,9813,0,0,0,0,0
2020-06-12,US,Wyoming,Sweetwater,38,0,0,41.65943896,-108.8827882,56037.0,89.7432869659684,0.0,38,36,0,0,36,35,43051,2,0,0,2,1
2020-06-12,US,Wyoming,Teton,104,0,0,43.93522482,-110.5890801,56039.0,443.2321854756222,0.0,104,102,0,0,102,101,23081,2,0,0,2,1
2020-06-12,US,Wyoming,Uinta,62,0,0,41.2878183,-110.54757820000002,56041.0,306.5361415999209,0.0,62,53,0,0,53,39,20299,9,0,0,9,14
2020-06-12,US,Wyoming,Unassigned,0,17,0,0.0,0.0,90056.0,0.0,0.0,-17,0,17,0,-17,0,,0,0,0,0,0
2020-06-12,US,Wyoming,Washakie,39,0,0,43.90451606,-107.68018700000002,56043.0,499.6796925048046,0.0,39,39,0,0,39,39,7885,0,0,0,0,0
2020-06-12,US,Wyoming,Weston,1,0,0,43.83961191,-104.56748809999999,56045.0,14.436263894903998,0.0,1,1,0,0,1,1,6967,0,0,0,0,0
