Date,Country/Region,Province/State,Admin2,Confirmed,Deaths,Recovered,Latitude,Longitude,FIPS,Incidence_Rate,Case-Fatality_Ratio,Active Cases,Previous Confirmed,Previous Deaths,Previous Recovered,Previous Active,Prev2 Confirmed,Population,Daily Confirmed,Daily Deaths,Daily Recovered,Daily Active,Previous Daily Confirmed
2020-09-22,US,Alabama,Autauga,1714,25,0,32.53952745,-86.64408227,1001.0,3067.890959208148,1.4585764294049008,1689,1691,24,0,1667,1690,55601,23,1,0,22,1
2020-09-22,US,Alabama,Baldwin,5124,49,0,30.72774991,-87.72207058,1003.0,2295.349274752054,0.9562841530054644,5075,5087,49,0,5038,5061,218022,37,0,0,37,26
2020-09-22,US,Alabama,Barbour,848,7,0,31.868263,-85.3871286,1005.0,3435.145426557563,0.8254716981132075,841,838,7,0,831,835,24881,10,0,0,10,3
2020-09-22,US,Alabama,Bibb,635,10,0,32.99642064,-87.12511459999996,1007.0,2835.5809591854963,1.5748031496062993,625,636,10,0,626,632,22400,-1,0,0,-1,4
2020-09-22,US,Alabama,Blount,1573,14,0,33.98210918,-86.56790593,1009.0,2720.229654480684,0.8900190718372537,1559,1560,14,0,1546,1551,57840,13,0,0,13,9
2020-09-22,US,Alabama,Bullock,593,14,0,32.10030533,-85.71265535,1011.0,5870.70587070587,2.360876897133221,579,591,14,0,577,587,10138,2,0,0,2,4
2020-09-22,US,Alabama,Butler,911,38,0,31.75300095,-86.68057478,1013.0,4684.286301933361,4.171240395170143,873,911,38,0,873,909,19680,0,0,0,0,2
2020-09-22,US,Alabama,Calhoun,3390,40,0,33.77483727,-85.82630386,1015.0,2984.0235905109807,1.1799410029498525,3350,3374,39,0,3335,3338,114277,16,1,0,15,36
2020-09-22,US,Alabama,Chambers,1140,42,0,32.91360079,-85.39072749,1017.0,3428.159018463944,3.684210526315789,1098,1132,42,0,1090,1130,33615,8,0,0,8,2
2020-09-22,US,Alabama,Cherokee,575,16,0,34.17805983,-85.60638968,1019.0,2194.9916017712626,2.782608695652174,559,569,16,0,553,565,26032,6,0,0,6,4
2020-09-22,US,Alabama,Chilton,1513,28,0,32.85044126,-86.7173256,1021.0,3405.5100387143243,1.8506278916060803,1485,1502,27,0,1475,1485,44153,11,1,0,10,17
2020-09-22,US,Alabama,Choctaw,346,12,0,32.02227341,-88.26564429999998,1023.0,2748.431170069108,3.4682080924855487,334,345,12,0,333,345,12841,1,0,0,1,0
2020-09-22,US,Alabama,Clarke,1063,17,0,31.68099859,-87.83548597,1025.0,4500.0423334179995,1.599247412982126,1046,1055,17,0,1038,1049,23920,8,0,0,8,6
2020-09-22,US,Alabama,Clay,553,7,0,33.26984193,-85.85836077,1027.0,4178.315073668304,1.2658227848101269,546,552,7,0,545,542,13275,1,0,0,1,10
2020-09-22,US,Alabama,Cleburne,334,6,0,33.67679204,-85.52005899,1029.0,2240.1073105298456,1.7964071856287425,328,332,6,0,326,323,14987,2,0,0,2,9
2020-09-22,US,Alabama,Coffee,1289,8,0,31.39932826,-85.98901039,1031.0,2462.64949753544,0.6206361520558572,1281,1283,8,0,1275,1277,51909,6,0,0,6,6
2020-09-22,US,Alabama,Colbert,1621,26,0,34.69847452,-87.80168544,1033.0,2934.4146557810327,1.6039481801357187,1595,1609,26,0,1583,1606,54762,12,0,0,12,3
2020-09-22,US,Alabama,Conecuh,530,11,0,31.43401703,-86.99320044,1035.0,4392.143863429187,2.0754716981132075,519,524,11,0,513,523,12277,6,0,0,6,1
2020-09-22,US,Alabama,Coosa,167,3,0,32.93690146,-86.24847739,1037.0,1566.1633686579764,1.7964071856287425,164,165,3,0,162,164,10715,2,0,0,2,1
2020-09-22,US,Alabama,Covington,1334,27,0,31.247785399999998,-86.45050893,1039.0,3600.636994250857,2.0239880059970017,1307,1311,27,0,1284,1309,36986,23,0,0,23,2
2020-09-22,US,Alabama,Crenshaw,525,32,0,31.72941803,-86.31593104,1041.0,3812.082486203892,6.095238095238094,493,523,31,0,492,523,13824,2,1,0,1,0
2020-09-22,US,Alabama,Cullman,1868,19,0,34.13020303,-86.86888037,1043.0,2229.9684843854457,1.0171306209850106,1849,1862,18,0,1844,1845,83442,6,1,0,5,17
2020-09-22,US,Alabama,Dale,1341,43,0,31.43037123,-85.61095742,1045.0,2727.161799398031,3.2065622669649514,1298,1333,43,0,1290,1330,48956,8,0,0,8,3
2020-09-22,US,Alabama,Dallas,1762,26,0,32.32688101,-87.10866709999998,1047.0,4737.068501989461,1.4755959137343928,1736,1749,26,0,1723,1748,38310,13,0,0,13,1
2020-09-22,US,Alabama,DeKalb,2375,19,0,34.45946862,-85.80782906,1049.0,3321.074489952876,0.8,2356,2371,19,0,2352,2355,71385,4,0,0,4,16
2020-09-22,US,Alabama,Elmore,2586,47,0,32.59785413,-86.14415284,1051.0,3184.37611594774,1.817478731631864,2539,2558,47,0,2511,2549,81887,28,0,0,28,9
2020-09-22,US,Alabama,Escambia,1573,25,0,31.1256789,-87.15918694,1053.0,4293.942620042039,1.5893197711379532,1548,1564,25,0,1539,1562,36748,9,0,0,9,2
2020-09-22,US,Alabama,Etowah,3384,47,0,34.04567266,-86.04051873,1055.0,3308.9529471584465,1.3888888888888888,3337,3365,47,0,3318,3355,102501,19,0,0,19,10
2020-09-22,US,Alabama,Fayette,429,9,0,33.72076938,-87.73886638,1057.0,2631.578947368421,2.097902097902098,420,426,9,0,417,421,16433,3,0,0,3,5
2020-09-22,US,Alabama,Franklin,1748,28,0,34.44235334,-87.84289505,1059.0,5573.624131114088,1.6018306636155606,1720,1745,28,0,1717,1743,31363,3,0,0,3,2
2020-09-22,US,Alabama,Geneva,584,4,0,31.09389027,-85.83572839,1061.0,2222.9835179475467,0.6849315068493149,580,581,4,0,577,572,26314,3,0,0,3,9
2020-09-22,US,Alabama,Greene,302,15,0,32.85504247,-87.95684022,1063.0,3723.338675872272,4.966887417218543,287,300,15,0,285,300,8233,2,0,0,2,0
2020-09-22,US,Alabama,Hale,616,28,0,32.76039258,-87.63284988,1065.0,4204.4911610129,4.545454545454546,588,615,28,0,587,615,14726,1,0,0,1,0
2020-09-22,US,Alabama,Henry,480,5,0,31.51148016,-85.24267944,1067.0,2789.8866608544026,1.0416666666666667,475,475,4,0,471,472,17209,5,1,0,4,3
2020-09-22,US,Alabama,Houston,2753,22,0,31.15197924,-85.29939599,1069.0,2600.064222436297,0.7991282237559026,2731,2727,22,0,2705,2708,104722,26,0,0,26,19
2020-09-22,US,Alabama,Jackson,1527,11,0,34.78144169,-85.99750489,1071.0,2957.811955216364,0.7203667321545514,1516,1516,11,0,1505,1506,51736,11,0,0,11,10
2020-09-22,US,Alabama,Jefferson,19230,342,0,33.55554728,-86.89506300000002,1073.0,2919.9496487101646,1.778471138845554,18888,19123,337,0,18786,19015,659300,107,5,0,102,108
2020-09-22,US,Alabama,Lamar,355,2,0,33.77995024,-88.09668032,1075.0,2571.5320536037666,0.5633802816901409,353,353,2,0,351,346,13844,2,0,0,2,7
2020-09-22,US,Alabama,Lauderdale,1662,33,0,34.90171875,-87.65624729,1077.0,1792.3195548318215,1.985559566787004,1629,1653,33,0,1620,1646,92387,9,0,0,9,7
2020-09-22,US,Alabama,Lawrence,603,20,0,34.52041498,-87.31069453,1079.0,1831.4907058680603,3.316749585406302,583,592,20,0,572,585,32957,11,0,0,11,7
2020-09-22,US,Alabama,Lee,5765,60,0,32.60154883,-85.35132246,1081.0,3503.664717822805,1.0407632263660018,5705,5751,59,0,5692,5713,163941,14,1,0,13,38
2020-09-22,US,Alabama,Limestone,2021,19,0,34.81185586,-86.98310072,1083.0,2043.1683768892483,0.9401286491835724,2002,2001,19,0,1982,1995,96174,20,0,0,20,6
2020-09-22,US,Alabama,Lowndes,651,27,0,32.1597283,-86.65158371,1085.0,6693.399136335594,4.147465437788019,624,649,27,0,622,648,9974,2,0,0,2,1
2020-09-22,US,Alabama,Macon,479,20,0,32.38759944,-85.69267724,1087.0,2651.095860084127,4.175365344467641,459,478,20,0,458,477,18439,1,0,0,1,1
2020-09-22,US,Alabama,Madison,7674,75,0,34.76327133,-86.55069633,1089.0,2057.8747093795,0.977326035965598,7599,7630,75,0,7555,7583,366519,44,0,0,44,47
2020-09-22,US,Alabama,Marengo,702,19,0,32.24767634,-87.78796182,1091.0,3721.57133011716,2.7065527065527064,683,701,19,0,682,699,19066,1,0,0,1,2
2020-09-22,US,Alabama,Marion,952,28,0,34.13697363,-87.88704173,1093.0,3204.4161701841194,2.9411764705882355,924,948,28,0,920,942,29763,4,0,0,4,6
2020-09-22,US,Alabama,Marshall,3889,43,0,34.36975964,-86.30486727,1095.0,4018.641370616074,1.1056826947801492,3846,3879,43,0,3836,3835,96109,10,0,0,10,44
2020-09-22,US,Alabama,Mobile,13192,291,0,30.78472347,-88.20842409,1097.0,3192.56552358365,2.2058823529411766,12901,13122,290,0,12832,13066,413757,70,1,0,69,56
2020-09-22,US,Alabama,Monroe,579,8,0,31.56729412,-87.36995001,1099.0,2792.6493995080305,1.381692573402418,571,576,8,0,568,575,21067,3,0,0,3,1
2020-09-22,US,Alabama,Montgomery,8711,175,0,32.2206831,-86.20969272,1101.0,3846.1538461538453,2.0089541958443347,8536,8688,173,0,8515,8674,225763,23,2,0,21,14
2020-09-22,US,Alabama,Morgan,3226,26,0,34.45500589,-86.85475946,1103.0,2695.543913301415,0.805951642901426,3200,3214,26,0,3188,3197,119089,12,0,0,12,17
2020-09-22,US,Alabama,Perry,539,6,0,32.64048341,-87.29770589,1105.0,6040.569315252717,1.1131725417439704,533,538,6,0,532,537,9140,1,0,0,1,1
2020-09-22,US,Alabama,Pickens,639,14,0,33.28094866,-88.08818103,1107.0,3206.221776216759,2.1909233176838807,625,638,14,0,624,635,19938,1,0,0,1,3
2020-09-22,US,Alabama,Pike,1172,9,0,31.80396383,-85.9408295,1109.0,3539.288518451411,0.7679180887372014,1163,1161,9,0,1152,1155,33338,11,0,0,11,6
2020-09-22,US,Alabama,Randolph,624,13,0,33.29526734,-85.45708831,1111.0,2746.237127013467,2.083333333333333,611,622,12,0,610,608,22725,2,1,0,1,14
2020-09-22,US,Alabama,Russell,1730,2,0,32.28725256,-85.18415324,1113.0,2984.7656182605547,0.11560693641618495,1728,1731,2,0,1729,1713,57781,-1,0,0,-1,18
2020-09-22,US,Alabama,Shelby,5765,50,0,33.26879845,-86.66232561,1117.0,2648.115313593812,0.8673026886383348,5715,5719,50,0,5669,5684,215707,46,0,0,46,35
2020-09-22,US,Alabama,St. Clair,2255,35,0,33.71902176,-86.31029372,1115.0,2519.2153007418,1.5521064301552103,2220,2243,35,0,2208,2234,88690,12,0,0,12,9
2020-09-22,US,Alabama,Sumter,423,19,0,32.59117397,-88.19916205,1119.0,3403.8786513237305,4.491725768321513,404,418,19,0,399,418,12691,5,0,0,5,0
2020-09-22,US,Alabama,Talladega,2099,27,0,33.37823223,-86.16886178,1121.0,2624.4717297256752,1.2863268222963316,2072,2077,26,0,2051,2069,79828,22,1,0,21,8
2020-09-22,US,Alabama,Tallapoosa,1139,84,0,32.86698258,-85.79833053,1123.0,2821.611712537468,7.374890254609307,1055,1136,83,0,1053,1136,40497,3,1,0,2,0
2020-09-22,US,Alabama,Tuscaloosa,7355,114,0,33.28726072,-87.52556818,1125.0,3513.1714074180213,1.549966009517335,7241,7323,114,0,7209,7240,208911,32,0,0,32,83
2020-09-22,US,Alabama,Walker,2250,80,0,33.80270512,-87.30027177,1127.0,3542.135671667637,3.555555555555556,2170,2243,80,0,2163,2226,63711,7,0,0,7,17
2020-09-22,US,Alabama,Washington,549,13,0,31.4092794,-88.20689944,1129.0,3362.734288864388,2.3679417122040074,536,549,13,0,536,546,16378,0,0,0,0,3
2020-09-22,US,Alabama,Wilcox,530,11,0,31.98773215,-87.30891118,1131.0,5109.418683119638,2.0754716981132075,519,531,11,0,520,531,10627,-1,0,0,-1,0
2020-09-22,US,Alabama,Winston,718,12,0,34.15030532,-87.37325922,1133.0,3038.638960599264,1.6713091922005572,706,716,12,0,704,709,23660,2,0,0,2,7
2020-09-22,US,Alaska,Aleutians East,2,0,0,55.32222414,-161.9722021,2013.0,59.93407252022774,0.0,2,2,0,0,2,2,3515,0,0,0,0,0
2020-09-22,US,Alaska,Aleutians West,8,0,0,52.3233,-174.1596,2016.0,141.9950301739439,0.0,8,7,0,0,7,7,5723,1,0,0,1,0
2020-09-22,US,Alaska,Anchorage,3904,28,0,61.14998174,-149.14269860000005,2020.0,1355.5555555555557,0.7172131147540983,3876,3873,28,0,3845,3838,291538,31,0,0,31,35
2020-09-22,US,Alaska,Bethel,95,1,0,60.90980451,-159.8561831,2050.0,516.6974872185358,1.0526315789473684,94,95,1,0,94,95,18216,0,0,0,0,0
2020-09-22,US,Alaska,Bristol Bay,10,0,0,58.74513976,-156.701064,2060.0,1196.1722488038274,0.0,10,10,0,0,10,10,877,0,0,0,0,0
2020-09-22,US,Alaska,Denali,2,0,0,63.67264044,-150.0076108,2068.0,95.37434430138292,0.0,2,2,0,0,2,2,2059,0,0,0,0,0
2020-09-22,US,Alaska,Dillingham,8,0,0,59.79603738,-158.23819419999995,2070.0,162.73393002441009,0.0,8,8,0,0,8,7,5000,0,0,0,0,1
2020-09-22,US,Alaska,Fairbanks North Star,987,9,0,64.80726247,-146.5692662,2090.0,1019.1122262491092,0.9118541033434652,978,985,9,0,976,966,98971,2,0,0,2,19
2020-09-22,US,Alaska,Haines,5,0,0,59.09893571,-135.4679843,2100.0,197.6284584980237,0.0,5,5,0,0,5,5,2474,0,0,0,0,0
2020-09-22,US,Alaska,Juneau,271,1,0,58.45031811,-134.200436,2110.0,847.5636454619379,0.3690036900369004,270,272,1,0,271,267,32113,-1,0,0,-1,5
2020-09-22,US,Alaska,Kenai Peninsula,435,2,0,60.24429722,-151.53888840000005,2122.0,740.9552360836682,0.4597701149425287,433,435,2,0,433,436,58533,0,0,0,0,-1
2020-09-22,US,Alaska,Ketchikan Gateway,49,0,0,55.57445008,-130.975561,2130.0,352.49262642975333,0.0,49,49,0,0,49,49,13918,0,0,0,0,0
2020-09-22,US,Alaska,Kodiak Island,21,0,0,57.65529415,-153.7493579,2150.0,161.56331743345132,0.0,21,20,0,0,20,20,13345,1,0,0,1,0
2020-09-22,US,Alaska,Kusilvak,12,0,0,62.15429159999999,-163.39678830000003,2158.0,144.3348568679336,0.0,12,12,0,0,12,11,8303,0,0,0,0,1
2020-09-22,US,Alaska,Matanuska-Susitna,584,2,0,62.31305045,-149.5741743,2170.0,539.1582115457409,0.3424657534246575,582,579,2,0,577,579,107610,5,0,0,5,0
2020-09-22,US,Alaska,Nome,57,0,0,64.90320724,-164.0353804,2180.0,569.7720911635346,0.0,57,57,0,0,57,57,10008,0,0,0,0,0
2020-09-22,US,Alaska,North Slope,93,0,0,69.31479216,-153.4836093,2185.0,945.8909682668836,0.0,93,93,0,0,93,86,9872,0,0,0,0,7
2020-09-22,US,Alaska,Northwest Arctic,98,0,0,67.04919196,-159.7503946,2188.0,1285.920482876263,0.0,98,93,0,0,93,91,7671,5,0,0,5,2
2020-09-22,US,Alaska,Petersburg,7,1,0,57.13978948,-132.9540995,2195.0,214.32945499081444,14.285714285714285,6,7,1,0,6,7,3221,0,0,0,0,0
2020-09-22,US,Alaska,Prince of Wales-Hyder,30,0,0,55.76261984,-133.0511621,2198.0,483.6369498629695,0.0,30,30,0,0,30,30,6422,0,0,0,0,0
2020-09-22,US,Alaska,Sitka,44,0,0,57.24124555,-135.3206587,2220.0,518.0737077593312,0.0,44,44,0,0,44,44,8647,0,0,0,0,0
2020-09-22,US,Alaska,Southeast Fairbanks,22,0,0,63.87692095,-143.2127643,2240.0,319.16436965036996,0.0,22,22,0,0,22,22,6918,0,0,0,0,0
2020-09-22,US,Alaska,Unassigned,1,0,0,0.0,0.0,90002.0,0.0,0.0,1,1,0,0,1,1,,0,0,0,0,0
2020-09-22,US,Alaska,Valdez-Cordova,76,0,0,61.47502768,-144.7126799,2261.0,825.9074114322972,0.0,76,76,0,0,76,76,9164,0,0,0,0,0
2020-09-22,US,Alaska,Wrangell,13,0,0,56.3202004,-132.05837309999998,2275.0,519.5843325339728,0.0,13,13,0,0,13,13,2503,0,0,0,0,0
2020-09-22,US,Alaska,Yakutat,23,0,0,59.890980799999994,-140.36014509999998,2282.0,3972.3661485319517,0.0,23,23,0,0,23,22,604,0,0,0,0,1
2020-09-22,US,Alaska,Yukon-Koyukuk,79,1,0,65.50815459,-151.39073869999999,2290.0,1510.5162523900574,1.2658227848101269,78,79,1,0,78,79,5327,0,0,0,0,0
2020-09-22,US,Arizona,Apache,3462,163,0,35.39465006,-109.4892383,4001.0,4815.891607662025,4.708261120739457,3299,3451,163,0,3288,3451,71818,11,0,0,11,0
2020-09-22,US,Arizona,Cochise,1887,70,0,31.87934684,-109.7516088,4003.0,1498.5467193977224,3.7095919448860624,1817,1881,69,0,1812,1881,126770,6,1,0,5,0
2020-09-22,US,Arizona,Coconino,3777,133,0,35.83883429,-111.77071780000001,4005.0,2632.4960272101252,3.5213132115435535,3644,3749,133,0,3616,3744,142854,28,0,0,28,5
2020-09-22,US,Arizona,Gila,1247,51,0,33.80190085,-110.8132779,4007.0,2308.489762671702,4.0898155573376105,1196,1233,51,0,1182,1233,53889,14,0,0,14,0
2020-09-22,US,Arizona,Graham,797,24,0,32.93166885,-109.8882178,4009.0,2052.166748204032,3.01129234629862,773,793,24,0,769,792,38072,4,0,0,4,1
2020-09-22,US,Arizona,Greenlee,58,1,0,33.21498827,-109.2405279,4011.0,610.6548747104654,1.7241379310344829,57,58,1,0,57,58,9483,0,0,0,0,0
2020-09-22,US,Arizona,La Paz,536,15,0,33.72854224,-113.98100290000001,4012.0,2539.3215842334657,2.7985074626865667,521,535,15,0,520,535,21098,1,0,0,1,0
2020-09-22,US,Arizona,Maricopa,140314,3275,0,33.34835867,-112.49181540000001,4013.0,3128.2285202659114,2.334050771840301,137039,140006,3262,0,136744,139856,4410824,308,13,0,295,150
2020-09-22,US,Arizona,Mohave,3914,223,0,35.70471703,-113.7577902,4015.0,1844.6515003699676,5.697496167603473,3691,3895,222,0,3673,3896,209550,19,1,0,18,-1
2020-09-22,US,Arizona,Navajo,5751,233,0,35.3997715,-110.3218983,4017.0,5184.630918466698,4.051469309685272,5518,5747,232,0,5515,5748,110445,4,1,0,3,-1
2020-09-22,US,Arizona,Pima,24798,617,0,32.0971334,-111.7890033,4019.0,2367.8504008960363,2.4881038793451085,24181,24647,615,0,24032,24610,1039073,151,2,0,149,37
2020-09-22,US,Arizona,Pinal,10397,205,0,32.90525627,-111.3449483,4021.0,2246.596180980965,1.9717226122920075,10192,10375,204,0,10171,10361,447138,22,1,0,21,14
2020-09-22,US,Arizona,Santa Cruz,2824,63,0,31.52508998,-110.8479088,4023.0,6073.379500193557,2.2308781869688383,2761,2820,63,0,2757,2819,46511,4,0,0,4,1
2020-09-22,US,Arizona,Unassigned,1,2,0,0.0,0.0,90004.0,0.0,200.0,-1,1,1,0,0,4,,0,1,0,-1,-3
2020-09-22,US,Arizona,Yavapai,2489,79,0,34.59933926,-112.5538588,4025.0,1058.7029294042084,3.1739654479710726,2410,2480,79,0,2401,2480,231993,9,0,0,9,0
2020-09-22,US,Arizona,Yuma,12594,344,0,32.76895712,-113.90666740000002,4027.0,5890.910111466085,2.7314594251230746,12250,12580,344,0,12236,12553,212128,14,0,0,14,27
2020-09-22,US,Arkansas,Arkansas,363,4,0,34.29145151,-91.37277296,5001.0,2075.9464714628853,1.1019283746556474,359,359,4,0,355,354,17769,4,0,0,4,5
2020-09-22,US,Arkansas,Ashley,425,9,0,33.19153461,-91.76984709999999,5003.0,2162.0796662766447,2.117647058823529,416,425,9,0,416,422,20046,0,0,0,0,3
2020-09-22,US,Arkansas,Baxter,290,1,0,36.28784385,-92.33782872,5005.0,691.595917199275,0.3448275862068966,289,285,1,0,284,273,41619,5,0,0,5,12
2020-09-22,US,Arkansas,Benton,6335,82,0,36.33644656,-94.25680817,5007.0,2269.46238639254,1.2943962115232834,6253,6268,80,0,6188,6226,272608,67,2,0,65,42
2020-09-22,US,Arkansas,Boone,656,9,0,36.3084504,-93.09374925,5009.0,1752.5112203462281,1.3719512195121952,647,637,9,0,628,626,37480,19,0,0,19,11
2020-09-22,US,Arkansas,Bradley,336,8,0,33.46755808,-92.15980837,5011.0,3121.806187865837,2.380952380952381,328,336,8,0,328,335,10897,0,0,0,0,1
2020-09-22,US,Arkansas,Calhoun,34,0,0,33.55598792,-92.49974403,5013.0,655.232222008094,0.0,34,34,0,0,34,34,5277,0,0,0,0,0
2020-09-22,US,Arkansas,Carroll,628,9,0,36.34038560000001,-93.54270261,5015.0,2212.8259337561663,1.4331210191082802,619,625,9,0,616,612,28223,3,0,0,3,13
2020-09-22,US,Arkansas,Chicot,998,18,0,33.26458973,-91.29539209,5017.0,9863.609408974104,1.8036072144288575,980,995,17,0,978,994,10438,3,1,0,2,1
2020-09-22,US,Arkansas,Clark,316,4,0,34.04613432,-93.17484713,5019.0,1415.7706093189965,1.2658227848101269,312,314,4,0,310,310,22061,2,0,0,2,4
2020-09-22,US,Arkansas,Clay,267,7,0,36.36826212,-90.4148172,5021.0,1834.925434678029,2.621722846441948,260,264,7,0,257,260,14847,3,0,0,3,4
2020-09-22,US,Arkansas,Cleburne,316,8,0,35.53864922,-92.02640019,5023.0,1268.108672097596,2.5316455696202533,308,314,8,0,306,314,24965,2,0,0,2,0
2020-09-22,US,Arkansas,Cleveland,179,10,0,33.89723187,-92.18537045,5025.0,2249.874308697838,5.58659217877095,169,179,10,0,169,179,8018,0,0,0,0,0
2020-09-22,US,Arkansas,Columbia,393,18,0,33.21230701,-93.22642793,5027.0,1675.406062156286,4.580152671755725,375,383,18,0,365,376,23537,10,0,0,10,7
2020-09-22,US,Arkansas,Conway,252,3,0,35.26205537,-92.70506566,5029.0,1208.865010073875,1.1904761904761905,249,248,3,0,245,246,20891,4,0,0,4,2
2020-09-22,US,Arkansas,Craighead,2676,21,0,35.83018283,-90.63235729,5031.0,2425.4069535583512,0.7847533632286996,2655,2640,21,0,2619,2600,108558,36,0,0,36,40
2020-09-22,US,Arkansas,Crawford,1290,15,0,35.58928601,-94.2446814,5033.0,2039.2999984191476,1.162790697674419,1275,1271,15,0,1256,1250,63406,19,0,0,19,21
2020-09-22,US,Arkansas,Crittenden,1895,45,0,35.21247318,-90.30839406,5035.0,3951.621311646335,2.3746701846965697,1850,1887,45,0,1842,1871,48342,8,0,0,8,16
2020-09-22,US,Arkansas,Cross,418,8,0,35.29631396,-90.77185818,5037.0,2545.8310493939953,1.9138755980861244,410,415,8,0,407,405,16676,3,0,0,3,10
2020-09-22,US,Arkansas,Dallas,157,2,0,33.97042763,-92.65167437,5039.0,2239.9771722071623,1.2738853503184713,155,156,2,0,154,156,7182,1,0,0,1,0
2020-09-22,US,Arkansas,Desha,281,5,0,33.83011025,-91.25500948,5041.0,2473.3738227268727,1.7793594306049825,276,280,5,0,275,280,11512,1,0,0,1,0
2020-09-22,US,Arkansas,Drew,350,6,0,33.59035001,-91.71777921,5043.0,1921.0714089686594,1.7142857142857142,344,350,6,0,344,348,18328,0,0,0,0,2
2020-09-22,US,Arkansas,Faulkner,2308,19,0,35.14719007,-92.33717519,5045.0,1831.6442737308248,0.8232235701906413,2289,2277,19,0,2258,2260,124806,31,0,0,31,17
2020-09-22,US,Arkansas,Franklin,251,2,0,35.51202821,-93.89299569,5047.0,1416.8783516793674,0.796812749003984,249,248,2,0,246,236,17810,3,0,0,3,12
2020-09-22,US,Arkansas,Fulton,128,3,0,36.38177105,-91.81729127,5049.0,1025.8876332451712,2.34375,125,127,3,0,124,122,12269,1,0,0,1,5
2020-09-22,US,Arkansas,Garland,1771,49,0,34.57692074,-93.14921604,5051.0,1781.9411184673895,2.766798418972332,1722,1750,49,0,1701,1746,99154,21,0,0,21,4
2020-09-22,US,Arkansas,Grant,250,2,0,34.29017991,-92.42320562,5053.0,1368.738023542294,0.8,248,249,2,0,247,247,18188,1,0,0,1,2
2020-09-22,US,Arkansas,Greene,805,8,0,36.11735460000001,-90.55832668,5055.0,1776.061776061776,0.9937888198757764,797,795,7,0,788,788,45325,10,1,0,9,7
2020-09-22,US,Arkansas,Hempstead,359,4,0,33.73325583,-93.66935133,5057.0,1667.285900055731,1.1142061281337048,355,358,4,0,354,355,21741,1,0,0,1,3
2020-09-22,US,Arkansas,Hot Spring,1849,26,0,34.31709259,-92.95396325,5059.0,5475.111782298422,1.4061654948620876,1823,1847,26,0,1821,1839,33701,2,0,0,2,8
2020-09-22,US,Arkansas,Howard,458,8,0,34.09007427,-93.9934871,5061.0,3469.171337676109,1.7467248908296944,450,456,8,0,448,456,13341,2,0,0,2,0
2020-09-22,US,Arkansas,Independence,1035,16,0,35.74242707,-91.57001641,5063.0,2736.2855254461333,1.5458937198067633,1019,1030,14,0,1016,1025,37678,5,2,0,3,5
2020-09-22,US,Arkansas,Izard,197,0,0,36.09604046,-91.90847954,5065.0,1445.4472081590725,0.0,197,194,0,0,194,149,13593,3,0,0,3,45
2020-09-22,US,Arkansas,Jackson,293,1,0,35.59802983,-91.21494602,5067.0,1752.4971589209879,0.3412969283276451,292,290,1,0,289,287,16811,3,0,0,3,3
2020-09-22,US,Arkansas,Jefferson,2945,63,0,34.26767081,-91.92619839,5069.0,4407.099245779959,2.139219015280136,2882,2928,63,0,2865,2891,68114,17,0,0,17,37
2020-09-22,US,Arkansas,Johnson,822,5,0,35.56759135,-93.46036368,5071.0,3092.7835051546394,0.6082725060827251,817,819,5,0,814,816,26742,3,0,0,3,3
2020-09-22,US,Arkansas,Lafayette,93,2,0,33.24116713,-93.60677071,5073.0,1403.9855072463768,2.150537634408602,91,92,2,0,90,90,6682,1,0,0,1,2
2020-09-22,US,Arkansas,Lawrence,379,12,0,36.04188196,-91.10867198,5075.0,2310.130440082897,3.16622691292876,367,374,11,0,363,363,16434,5,1,0,4,11
2020-09-22,US,Arkansas,Lee,1050,18,0,34.78498904,-90.78383866,5077.0,11855.029919837418,1.7142857142857142,1032,1050,18,0,1032,1046,8985,0,0,0,0,4
2020-09-22,US,Arkansas,Lincoln,1941,15,0,33.95317155,-91.74002806,5079.0,14903.255528255528,0.7727975270479135,1926,1941,15,0,1926,1930,13383,0,0,0,0,11
2020-09-22,US,Arkansas,Little River,351,25,0,33.70375665,-94.23468591,5081.0,2863.202545068929,7.1225071225071215,326,345,25,0,320,344,12326,6,0,0,6,1
2020-09-22,US,Arkansas,Logan,394,1,0,35.21413234,-93.71951016,5083.0,1835.460728594056,0.2538071065989848,393,393,1,0,392,391,21737,1,0,0,1,2
2020-09-22,US,Arkansas,Lonoke,1052,11,0,34.75392199,-91.88742357,5085.0,1435.0216208105414,1.0456273764258557,1041,1042,11,0,1031,1033,73657,10,0,0,10,9
2020-09-22,US,Arkansas,Madison,333,2,0,36.01038185,-93.72524943,5087.0,2008.928571428572,0.6006006006006006,331,332,2,0,330,332,16481,1,0,0,1,0
2020-09-22,US,Arkansas,Marion,81,0,0,36.26844485,-92.68451899,5089.0,485.20426500539116,0.0,81,76,0,0,76,76,16722,5,0,0,5,0
2020-09-22,US,Arkansas,Miller,786,11,0,33.31403423,-93.89285258,5091.0,1817.0469519384146,1.3994910941475829,775,774,11,0,763,770,43592,12,0,0,12,4
2020-09-22,US,Arkansas,Mississippi,1619,50,0,35.76271485,-90.05194370000002,5093.0,3982.681852844949,3.0883261272390365,1569,1596,50,0,1546,1588,41239,23,0,0,23,8
2020-09-22,US,Arkansas,Monroe,119,0,0,34.6815935,-91.20540287,5095.0,1775.8543500970004,0.0,119,119,0,0,119,118,6900,0,0,0,0,1
2020-09-22,US,Arkansas,Montgomery,139,4,0,34.53704874,-93.65824478,5097.0,1546.8506565768973,2.8776978417266186,135,139,4,0,135,136,8924,0,0,0,0,3
2020-09-22,US,Arkansas,Nevada,211,13,0,33.66340119,-93.30632432,5099.0,2556.9558894813376,6.161137440758294,198,209,13,0,196,208,8326,2,0,0,2,1
2020-09-22,US,Arkansas,Newton,222,18,0,35.91947491,-93.21612969,5101.0,2863.4077131433,8.108108108108109,204,217,18,0,199,214,7805,5,0,0,5,3
2020-09-22,US,Arkansas,Ouachita,246,6,0,33.58839816,-92.87795984,5103.0,1052.0913523222991,2.4390243902439024,240,247,6,0,241,244,23606,-1,0,0,-1,3
2020-09-22,US,Arkansas,Perry,84,0,0,34.945915299999996,-92.94372564,5105.0,803.4433285509326,0.0,84,83,0,0,83,81,10352,1,0,0,1,2
2020-09-22,US,Arkansas,Phillips,465,11,0,34.43268455,-90.84800154,5107.0,2615.003936565066,2.3655913978494625,454,460,11,0,449,456,18029,5,0,0,5,4
2020-09-22,US,Arkansas,Pike,223,3,0,34.16250414,-93.65789349,5109.0,2080.612054487777,1.345291479820628,220,221,3,0,218,218,10673,2,0,0,2,3
2020-09-22,US,Arkansas,Poinsett,622,10,0,35.57433534,-90.66268713,5111.0,2643.6586195171712,1.6077170418006432,612,615,9,0,606,606,23974,7,1,0,6,9
2020-09-22,US,Arkansas,Polk,252,4,0,34.48254879,-94.22728802,5113.0,1262.2720897615711,1.5873015873015872,248,251,4,0,247,251,20049,1,0,0,1,0
2020-09-22,US,Arkansas,Pope,2036,30,0,35.44871474,-93.03212219,5115.0,3177.6751154950675,1.4734774066797642,2006,2028,30,0,1998,2017,64000,8,0,0,8,11
2020-09-22,US,Arkansas,Prairie,138,1,0,34.83624419,-91.55162157,5117.0,1711.7340610270403,0.7246376811594203,137,137,1,0,136,136,8074,1,0,0,1,1
2020-09-22,US,Arkansas,Pulaski,8804,137,0,34.77054088,-92.31355101,5119.0,2246.4283982843044,1.5561108587005907,8667,8670,137,0,8533,8596,392680,134,0,0,134,74
2020-09-22,US,Arkansas,Randolph,390,22,0,36.3415714,-91.02455531,5121.0,2171.7340461075837,5.641025641025642,368,387,22,0,365,383,17948,3,0,0,3,4
2020-09-22,US,Arkansas,Saline,1968,23,0,34.64916145,-92.67583224,5125.0,1607.35725311793,1.1686991869918701,1945,1951,21,0,1930,1938,121421,17,2,0,15,13
2020-09-22,US,Arkansas,Scott,96,1,0,34.85588887,-94.0632176,5127.0,933.7613072658304,1.0416666666666667,95,95,1,0,94,95,10319,1,0,0,1,0
2020-09-22,US,Arkansas,Searcy,141,0,0,35.9109364,-92.69936482,5129.0,1789.1130567186906,0.0,141,141,0,0,141,141,7958,0,0,0,0,0
2020-09-22,US,Arkansas,Sebastian,3492,57,0,35.19605503,-94.27162713,5131.0,2731.8172217137226,1.6323024054982818,3435,3459,56,0,3403,3434,127753,33,1,0,32,25
2020-09-22,US,Arkansas,Sevier,1194,16,0,33.99780401,-94.2424869,5133.0,7020.638560592696,1.340033500837521,1178,1194,16,0,1178,1194,17139,0,0,0,0,0
2020-09-22,US,Arkansas,Sharp,202,6,0,36.16258158,-91.47819342,5135.0,1158.1240683407864,2.9702970297029703,196,198,6,0,192,191,17366,4,0,0,4,7
2020-09-22,US,Arkansas,St. Francis,1478,5,0,35.02201976,-90.74828138,5123.0,5913.4192206129455,0.3382949932341001,1473,1474,5,0,1469,1468,25439,4,0,0,4,6
2020-09-22,US,Arkansas,Stone,317,7,0,35.86251946,-92.15684085,5137.0,2534.7833040140727,2.2082018927444795,310,309,7,0,302,302,12457,8,0,0,8,7
2020-09-22,US,Arkansas,Unassigned,1592,0,0,0.0,0.0,90005.0,0.0,0.0,1592,1686,0,0,1686,1691,,-94,0,0,-94,-5
2020-09-22,US,Arkansas,Union,849,31,0,33.16887091,-92.59746952,5139.0,2194.8192957964943,3.6513545347467615,818,841,31,0,810,840,39126,8,0,0,8,1
2020-09-22,US,Arkansas,Van Buren,169,2,0,35.58095779,-92.51295036,5141.0,1021.4566334239952,1.183431952662722,167,169,2,0,167,169,16603,0,0,0,0,0
2020-09-22,US,Arkansas,Washington,9103,108,0,35.976844,-94.21800746,5143.0,3805.808844126144,1.1864220586619796,8995,9006,107,0,8899,8950,236961,97,1,0,96,56
2020-09-22,US,Arkansas,White,744,20,0,35.25688493,-91.74908296,5145.0,944.7259152032304,2.6881720430107525,724,731,20,0,711,718,78727,13,0,0,13,13
2020-09-22,US,Arkansas,Woodruff,46,0,0,35.18902527,-91.2439489,5147.0,727.8481012658227,0.0,46,46,0,0,46,45,6490,0,0,0,0,1
2020-09-22,US,Arkansas,Yell,1234,29,0,35.00292371,-93.41171338,5149.0,5782.29698702029,2.3500810372771475,1205,1233,29,0,1204,1232,21535,1,0,0,1,1
2020-09-22,US,California,Alameda,20748,390,0,37.64629437,-121.8929271,6001.0,1241.407287254634,1.8796992481203008,20358,20641,374,0,20267,20558,1666753,107,16,0,91,83
2020-09-22,US,California,Alpine,2,0,0,38.59678594,-119.82235940000001,6003.0,177.14791851195747,0.0,2,2,0,0,2,2,1101,0,0,0,0,0
2020-09-22,US,California,Amador,286,16,0,38.44583082,-120.65696000000001,6005.0,719.4606560676193,5.594405594405594,270,286,16,0,270,286,39383,0,0,0,0,0
2020-09-22,US,California,Butte,2769,40,0,39.66727762,-121.6005252,6007.0,1263.3106129041091,1.4445648248465148,2729,2764,35,0,2729,2748,231256,5,5,0,0,16
2020-09-22,US,California,Calaveras,311,14,0,38.20537103,-120.55291299999999,6009.0,677.4861126238973,4.501607717041801,297,311,14,0,297,311,45602,0,0,0,0,0
2020-09-22,US,California,Colusa,519,6,0,39.17881957,-122.2331726,6011.0,2408.687984406182,1.1560693641618498,513,510,6,0,504,509,21627,9,0,0,9,1
2020-09-22,US,California,Contra Costa,16056,201,0,37.91923498,-121.9289527,6013.0,1391.9062075757288,1.25186846038864,15855,15958,201,0,15757,15837,1150215,98,0,0,98,121
2020-09-22,US,California,Del Norte,138,1,0,41.74228275,-123.89740630000001,6015.0,496.1886955271106,0.7246376811594203,137,136,1,0,135,136,27828,2,0,0,2,0
2020-09-22,US,California,El Dorado,1074,4,0,38.77965956,-120.5233166,6017.0,556.9297304024517,0.37243947858473,1070,1073,4,0,1069,1068,190678,1,0,0,1,5
2020-09-22,US,California,Fresno,27843,362,0,36.75733899,-119.6466953,6019.0,2786.805337998861,1.300147254247028,27481,27769,355,0,27414,27668,994400,74,7,0,67,101
2020-09-22,US,California,Glenn,563,3,0,39.59875897,-122.3938452,6021.0,1982.8831049906669,0.5328596802841918,560,550,3,0,547,550,28047,13,0,0,13,0
2020-09-22,US,California,Humboldt,489,6,0,40.69923009,-123.876044,6023.0,360.73119992918157,1.2269938650306749,483,485,6,0,479,482,136373,4,0,0,4,3
2020-09-22,US,California,Imperial,11606,314,0,33.0393082,-115.36690420000001,6025.0,6404.547084954336,2.705497156643116,11292,11583,314,0,11269,11558,181827,23,0,0,23,25
2020-09-22,US,California,Inyo,187,14,0,36.51112084,-117.41119779999998,6027.0,1036.6428294251343,7.4866310160427805,173,187,14,0,173,187,17987,0,0,0,0,0
2020-09-22,US,California,Kern,31572,354,0,35.34329425,-118.72777959999999,6029.0,3507.212825565817,1.1212466742683391,31218,31509,354,0,31155,31379,896764,63,0,0,63,130
2020-09-22,US,California,Kings,7534,77,0,36.07409056,-119.8159973,6031.0,4926.114816267816,1.0220334483674012,7457,7430,77,0,7353,7283,151366,104,0,0,104,147
2020-09-22,US,California,Lake,512,11,0,39.10124298,-122.75362439999999,6033.0,795.2039263193863,2.1484375,501,492,10,0,482,465,64382,20,1,0,19,27
2020-09-22,US,California,Lassen,735,0,0,40.67311306,-120.59350990000002,6035.0,2404.0820331665195,0.0,735,735,0,0,735,731,30802,0,0,0,0,4
2020-09-22,US,California,Los Angeles,262133,6401,0,34.30828379,-118.22824109999999,6037.0,2611.118698107312,2.4418901855165127,255732,261446,6366,0,255080,260797,10105518,687,35,0,652,649
2020-09-22,US,California,Madera,4424,65,0,37.21513971,-119.76655890000002,6039.0,2811.9776007932523,1.4692585895117543,4359,4391,62,0,4329,4296,157672,33,3,0,30,95
2020-09-22,US,California,Marin,6613,113,0,38.07122463,-122.72106310000001,6041.0,2554.998338652222,1.7087554816270982,6500,6591,112,0,6479,6557,259666,22,1,0,21,34
2020-09-22,US,California,Mariposa,75,2,0,37.57978556,-119.9073334,6043.0,435.97047026681395,2.6666666666666665,73,75,2,0,73,75,17471,0,0,0,0,0
2020-09-22,US,California,Mendocino,875,18,0,39.4381191,-123.39113130000001,6045.0,1008.6571603130873,2.057142857142857,857,851,18,0,833,849,87606,24,0,0,24,2
2020-09-22,US,California,Merced,8820,137,0,37.18922369,-120.72090349999999,6047.0,3176.318063958513,1.5532879818594103,8683,8750,134,0,8616,8750,274765,70,3,0,67,0
2020-09-22,US,California,Modoc,25,0,0,41.58965602,-120.7244817,6049.0,282.7734419183351,0.0,25,24,0,0,24,24,8777,1,0,0,1,0
2020-09-22,US,California,Mono,165,2,0,37.93899289,-118.8872409,6051.0,1142.3428413181944,1.2121212121212122,163,165,2,0,163,165,14250,0,0,0,0,0
2020-09-22,US,California,Monterey,9568,69,0,36.21862405,-121.24133970000001,6053.0,2204.2984741775927,0.7211538461538461,9499,9550,67,0,9483,9467,435594,18,2,0,16,83
2020-09-22,US,California,Napa,1641,13,0,38.50735751,-122.33283899999999,6055.0,1191.3404576605878,0.7921998781230957,1628,1626,13,0,1613,1614,139417,15,0,0,15,12
2020-09-22,US,California,Nevada,524,6,0,39.30394768,-120.76272809999999,6057.0,525.2869530349357,1.1450381679389312,518,511,6,0,505,506,99696,13,0,0,13,5
2020-09-22,US,California,Orange,52382,1150,0,33.70147516,-117.76459979999998,6059.0,1649.4672657172046,2.1954106372418005,51232,52201,1128,0,51073,52063,3185968,181,22,0,159,138
2020-09-22,US,California,Placer,3507,42,0,39.06167234,-120.72405690000001,6061.0,880.4279879195337,1.1976047904191616,3465,3488,41,0,3447,3466,393149,19,1,0,18,22
2020-09-22,US,California,Plumas,50,0,0,40.00355989,-120.8395236,6063.0,265.85845695751584,0.0,50,49,0,0,49,49,18804,1,0,0,1,0
2020-09-22,US,California,Riverside,57482,1172,0,33.74314981,-115.9933578,6065.0,2326.692156308767,2.038899133641836,56310,57419,1162,0,56257,56681,2450758,63,10,0,53,738
2020-09-22,US,California,Sacramento,21628,383,0,38.45106826,-121.34253740000001,6067.0,1393.5046241828588,1.7708525984834471,21245,21628,383,0,21245,21297,1540975,0,0,0,0,331
2020-09-22,US,California,San Benito,1312,11,0,36.60308176,-121.069975,6069.0,2088.905871863457,0.8384146341463414,1301,1310,11,0,1299,1301,61537,2,0,0,2,9
2020-09-22,US,California,San Bernardino,52873,908,0,34.84060306,-116.1774685,6071.0,2425.272409103315,1.7173226410455242,51965,52649,908,0,51741,52471,2171603,224,0,0,224,178
2020-09-22,US,California,San Diego,45147,765,0,33.03484597,-116.73653259999999,6073.0,1352.3827782154553,1.6944647484882716,44382,44925,760,0,44165,44577,3343364,222,5,0,217,348
2020-09-22,US,California,San Francisco,10865,99,0,37.75215114,-122.43856720000001,6075.0,1232.4896290506824,0.9111826967326278,10766,10807,99,0,10708,10745,883305,58,0,0,58,62
2020-09-22,US,California,San Joaquin,20019,421,0,37.93433732,-121.2730061,6077.0,2626.655190330487,2.1030021479594385,19598,19841,415,0,19426,19793,752660,178,6,0,172,48
2020-09-22,US,California,San Luis Obispo,3438,27,0,35.38822029,-120.4039028,6079.0,1214.3646838165946,0.7853403141361257,3411,3393,27,0,3366,3369,284010,45,0,0,45,24
2020-09-22,US,California,San Mateo,9625,144,0,37.422880799999994,-122.32755459999998,6081.0,1255.5881827301512,1.4961038961038962,9481,9598,143,0,9455,9522,769545,27,1,0,26,76
2020-09-22,US,California,Santa Barbara,8930,110,0,34.65329488,-120.0188492,6083.0,2000.0044792933468,1.2318029115341544,8820,8880,110,0,8770,8862,446527,50,0,0,50,18
2020-09-22,US,California,Santa Clara,20587,299,0,37.23104908,-121.6970462,6085.0,1067.8724300413105,1.4523728566571137,20288,20511,297,0,20214,20410,1937570,76,2,0,74,101
2020-09-22,US,California,Santa Cruz,2276,8,0,37.05580291,-122.0066524,6087.0,833.049671867737,0.351493848857645,2268,2218,8,0,2210,2218,274255,58,0,0,58,0
2020-09-22,US,California,Shasta,724,14,0,40.76391419,-122.0396884,6089.0,402.0435362061306,1.9337016574585637,710,709,14,0,695,687,180040,15,0,0,15,22
2020-09-22,US,California,Sierra,6,0,0,39.57713498,-120.52007009999998,6091.0,199.6672212978369,0.0,6,6,0,0,6,6,2987,0,0,0,0,0
2020-09-22,US,California,Siskiyou,163,0,0,41.59198861,-122.54074340000001,6093.0,374.3769953375135,0.0,163,161,0,0,161,161,43724,2,0,0,2,0
2020-09-22,US,California,Solano,6194,57,0,38.26827353,-121.9357113,6095.0,1383.6919152092182,0.9202453987730062,6137,6175,55,0,6120,6085,446610,19,2,0,17,90
2020-09-22,US,California,Sonoma,7160,120,0,38.52746429,-122.88625060000001,6097.0,1448.4075608493008,1.675977653631285,7040,7112,114,0,6998,7060,499942,48,6,0,42,52
2020-09-22,US,California,Stanislaus,16398,339,0,37.55862499,-120.9970722,6099.0,2977.881088148767,2.0673252835711677,16059,16351,337,0,16014,16319,549815,47,2,0,45,32
2020-09-22,US,California,Sutter,1679,10,0,39.03417539,-121.6945899,6101.0,1731.445483701313,0.5955926146515783,1669,1642,10,0,1632,1642,96807,37,0,0,37,0
2020-09-22,US,California,Tehama,513,4,0,40.12570935,-122.23701709999999,6103.0,788.2121565976278,0.7797270955165692,509,509,4,0,505,498,63916,4,0,0,4,11
2020-09-22,US,California,Trinity,15,0,0,40.64917670000001,-123.114713,6105.0,122.10012210012206,0.0,15,15,0,0,15,15,12535,0,0,0,0,0
2020-09-22,US,California,Tulare,15687,256,0,36.22026558,-118.8020203,6107.0,3364.9009534636793,1.6319245234907886,15431,15599,256,0,15343,15599,465861,88,0,0,88,0
2020-09-22,US,California,Tuolumne,226,4,0,38.02644018,-119.95250929999999,6109.0,414.8463599985315,1.7699115044247788,222,221,4,0,217,221,54539,5,0,0,5,0
2020-09-22,US,California,Ventura,12477,146,0,34.44465746,-119.09106129999999,6111.0,1474.8122353742172,1.1701530816702732,12331,12406,143,0,12263,12328,850967,71,3,0,68,78
2020-09-22,US,California,Yolo,2765,54,0,38.68278902,-121.90182879999999,6113.0,1253.968253968254,1.9529837251356241,2711,2754,54,0,2700,2747,220408,11,0,0,11,7
2020-09-22,US,California,Yuba,1130,7,0,39.26255932,-121.35356440000001,6115.0,1436.4163319265774,0.6194690265486725,1123,1118,7,0,1111,1118,78041,12,0,0,12,0
2020-09-22,US,Colorado,Adams,8609,222,0,39.87432092,-104.3362578,8001.0,1663.828874359564,2.5786967127424787,8387,8509,221,0,8288,8448,511868,100,1,0,99,61
2020-09-22,US,Colorado,Alamosa,241,9,0,37.57250606,-105.7885451,8003.0,1484.6300745395185,3.734439834024896,232,241,9,0,232,241,16683,0,0,0,0,0
2020-09-22,US,Colorado,Arapahoe,8940,369,0,39.64977461,-104.3353617,8005.0,1361.5802860232413,4.12751677852349,8571,8873,369,0,8504,8838,651215,67,0,0,67,35
2020-09-22,US,Colorado,Archuleta,51,0,0,37.19474156,-107.04768670000001,8007.0,363.532682300948,0.0,51,50,0,0,50,48,13765,1,0,0,1,2
2020-09-22,US,Colorado,Baca,17,0,0,37.31940883,-102.5603223,8009.0,474.7277296844457,0.0,17,17,0,0,17,17,3585,0,0,0,0,0
2020-09-22,US,Colorado,Bent,11,0,0,37.95474293,-103.0720195,8011.0,197.23865877712032,0.0,11,11,0,0,11,11,5882,0,0,0,0,0
2020-09-22,US,Colorado,Boulder,3824,79,0,40.09313619,-105.3546767,8013.0,1172.3013157733387,2.0658995815899583,3745,3673,79,0,3594,3475,326078,151,0,0,151,198
2020-09-22,US,Colorado,Broomfield,606,33,0,39.95998787,-105.0566324,8014.0,860.001419144256,5.445544554455446,573,597,33,0,564,595,69267,9,0,0,9,2
2020-09-22,US,Colorado,Chaffee,321,19,0,38.74745778,-106.19265729999998,8015.0,1576.9306347022991,5.919003115264799,302,321,19,0,302,321,20027,0,0,0,0,0
2020-09-22,US,Colorado,Cheyenne,13,0,0,38.82777431,-102.6032558,8017.0,709.99453850355,0.0,13,13,0,0,13,13,1876,0,0,0,0,0
2020-09-22,US,Colorado,Clear Creek,37,1,0,39.68864463,-105.6463118,8019.0,381.4432989690722,2.702702702702702,36,37,1,0,36,37,9605,0,0,0,0,0
2020-09-22,US,Colorado,Conejos,31,0,0,37.201606,-106.19174879999998,8021.0,377.8184034125533,0.0,31,31,0,0,31,31,8200,0,0,0,0,0
2020-09-22,US,Colorado,Costilla,32,1,0,37.27732493,-105.4276548,8023.0,823.2570105479805,3.125,31,32,1,0,31,32,3828,0,0,0,0,0
2020-09-22,US,Colorado,Crowley,73,1,0,38.32608609,-103.7844965,8025.0,1204.4217125886814,1.3698630136986298,72,73,1,0,72,73,5858,0,0,0,0,0
2020-09-22,US,Colorado,Custer,17,0,0,38.10883162,-105.3683478,8027.0,335.43804262036303,0.0,17,17,0,0,17,17,4954,0,0,0,0,0
2020-09-22,US,Colorado,Delta,187,3,0,38.86246243,-107.86313419999999,8029.0,600.0898530261215,1.60427807486631,184,187,3,0,184,186,30953,0,0,0,0,1
2020-09-22,US,Colorado,Denver,12588,434,0,39.76018276,-104.87256950000001,8031.0,1730.9969183634464,3.447727994915793,12154,12494,430,0,12064,12422,716492,94,4,0,90,72
2020-09-22,US,Colorado,Dolores,3,0,0,37.75208676,-108.5211585,8033.0,145.98540145985402,0.0,3,3,0,0,3,3,2074,0,0,0,0,0
2020-09-22,US,Colorado,Douglas,2428,60,0,39.33133796,-104.930001,8035.0,691.4345273014119,2.4711696869851734,2368,2399,60,0,2339,2371,342776,29,0,0,29,28
2020-09-22,US,Colorado,Eagle,1238,9,0,39.62754308,-106.6933637,8037.0,2245.723511165128,0.7269789983844911,1229,1237,9,0,1228,1231,54993,1,0,0,1,6
2020-09-22,US,Colorado,El Paso,6712,169,0,38.83240149,-104.5251411,8041.0,931.700728619953,2.5178784266984504,6543,6687,168,0,6519,6663,713856,25,1,0,24,24
2020-09-22,US,Colorado,Elbert,152,3,0,39.28656773,-104.13587209999999,8039.0,568.6707321635678,1.973684210526316,149,148,3,0,145,147,26282,4,0,0,4,1
2020-09-22,US,Colorado,Fremont,169,1,0,38.47362326,-105.43996670000001,8043.0,353.2682539350738,0.591715976331361,168,167,1,0,166,167,48021,2,0,0,2,0
2020-09-22,US,Colorado,Garfield,937,5,0,39.59921777,-107.902708,8045.0,1560.080584738849,0.5336179295624333,932,936,5,0,931,929,59770,1,0,0,1,7
2020-09-22,US,Colorado,Gilpin,18,0,0,39.85646523,-105.5252597,8047.0,288.32292167227297,0.0,18,18,0,0,18,18,6121,0,0,0,0,0
2020-09-22,US,Colorado,Grand,71,1,0,40.10603347,-106.11780420000001,8049.0,451.25206559044113,1.4084507042253518,70,71,1,0,70,71,15525,0,0,0,0,0
2020-09-22,US,Colorado,Gunnison,296,7,0,38.66611652,-107.0320729,8051.0,1695.1093803688007,2.3648648648648654,289,296,7,0,289,296,17246,0,0,0,0,0
2020-09-22,US,Colorado,Hinsdale,3,0,0,37.82247444,-107.3004345,8053.0,365.8536585365854,0.0,3,3,0,0,3,3,811,0,0,0,0,0
2020-09-22,US,Colorado,Huerfano,14,1,0,37.68473101,-104.9612585,8055.0,202.98680585761932,7.142857142857142,13,13,1,0,12,13,6889,1,0,0,1,0
2020-09-22,US,Colorado,Jackson,9,0,0,40.66593870000001,-106.3408905,8057.0,646.5517241379309,0.0,9,9,0,0,9,9,1399,0,0,0,0,0
2020-09-22,US,Colorado,Jefferson,5470,247,0,39.58635604,-105.2517692,8059.0,938.4419804385457,4.515539305301647,5223,5399,247,0,5152,5364,580233,71,0,0,71,35
2020-09-22,US,Colorado,Kit Carson,79,3,0,39.30497777,-102.60221990000001,8063.0,1113.1463998872764,3.79746835443038,76,79,3,0,76,79,7163,0,0,0,0,0
2020-09-22,US,Colorado,La Plata,252,2,0,37.28632032,-107.8429014,8067.0,448.23108802760527,0.7936507936507936,250,250,2,0,248,250,56310,2,0,0,2,0
2020-09-22,US,Colorado,Lake,91,0,0,39.20278823,-106.35556969999999,8065.0,1119.724375538329,0.0,91,91,0,0,91,90,7824,0,0,0,0,1
2020-09-22,US,Colorado,Larimer,2404,50,0,40.66671597,-105.4625784,8069.0,673.5799203696282,2.0798668885191347,2354,2373,50,0,2323,2350,350518,31,0,0,31,23
2020-09-22,US,Colorado,Las Animas,21,0,0,37.3153406,-104.03764579999999,8071.0,144.76768233834275,0.0,21,21,0,0,21,21,14503,0,0,0,0,0
2020-09-22,US,Colorado,Lincoln,8,0,0,38.98749519,-103.51366490000001,8073.0,140.3262585511314,0.0,8,9,0,0,9,9,5610,-1,0,0,-1,0
2020-09-22,US,Colorado,Logan,846,5,0,40.7249637,-103.110817,8075.0,3775.268865188094,0.5910165484633569,841,839,5,0,834,834,21528,7,0,0,7,5
2020-09-22,US,Colorado,Mesa,550,7,0,39.01787888,-108.469799,8077.0,356.65650736009337,1.2727272727272727,543,544,7,0,537,539,153207,6,0,0,6,5
2020-09-22,US,Colorado,Mineral,20,0,0,37.66954283,-106.92816979999999,8079.0,2600.780234070221,0.0,20,20,0,0,20,20,776,0,0,0,0,0
2020-09-22,US,Colorado,Moffat,40,1,0,40.61810999,-108.2070876,8081.0,301.13679138748785,2.5,39,38,1,0,37,38,13188,2,0,0,2,0
2020-09-22,US,Colorado,Montezuma,131,5,0,37.33859579,-108.59588570000001,8083.0,500.3246381239736,3.816793893129771,126,130,5,0,125,130,26158,1,0,0,1,0
2020-09-22,US,Colorado,Montrose,371,13,0,38.40214114,-108.26390220000002,8085.0,867.6738855886618,3.5040431266846364,358,370,13,0,357,370,42214,1,0,0,1,0
2020-09-22,US,Colorado,Morgan,736,48,0,40.26279810000001,-103.8093302,8087.0,2531.99394523187,6.521739130434782,688,733,48,0,685,732,28558,3,0,0,3,1
2020-09-22,US,Colorado,Otero,91,6,0,37.9014485,-103.7173385,8089.0,497.8662873399716,6.593406593406592,85,91,6,0,85,91,18432,0,0,0,0,0
2020-09-22,US,Colorado,Ouray,25,1,0,38.14717457,-107.7675136,8091.0,504.8465266558966,4.0,24,25,1,0,24,25,4833,0,0,0,0,0
2020-09-22,US,Colorado,Park,54,1,0,39.120926000000004,-105.7182065,8093.0,286.54815600955163,1.851851851851852,53,51,1,0,50,51,18556,3,0,0,3,0
2020-09-22,US,Colorado,Phillips,34,0,0,40.59414277,-102.3577703,8095.0,797.1864009378662,0.0,34,34,0,0,34,34,4286,0,0,0,0,0
2020-09-22,US,Colorado,Pitkin,217,2,0,39.21720112,-106.9310027,8097.0,1221.3654528057637,0.9216589861751152,215,213,2,0,211,219,17950,4,0,0,4,-6
2020-09-22,US,Colorado,Prowers,94,0,0,37.95544985,-102.3926052,8099.0,772.2642129477489,0.0,94,94,0,0,94,94,12164,0,0,0,0,0
2020-09-22,US,Colorado,Pueblo,1037,37,0,38.17359144,-104.5127437,8101.0,615.7079751104355,3.5679845708775315,1000,1041,36,0,1005,1035,167529,-4,1,0,-5,6
2020-09-22,US,Colorado,Rio Blanco,25,0,0,39.97913541,-108.2179009,8103.0,395.31941808981657,0.0,25,25,0,0,25,25,6336,0,0,0,0,0
2020-09-22,US,Colorado,Rio Grande,95,2,0,37.5836865,-106.3847838,8105.0,843.1703204047217,2.1052631578947367,93,95,2,0,93,95,11250,0,0,0,0,0
2020-09-22,US,Colorado,Routt,148,8,0,40.48596505,-106.9905548,8107.0,577.2681176378812,5.405405405405406,140,145,8,0,137,144,25733,3,0,0,3,1
2020-09-22,US,Colorado,Saguache,111,2,0,38.08054629,-106.28246599999999,8109.0,1626.6119577960142,1.8018018018018016,109,111,2,0,109,111,6843,0,0,0,0,0
2020-09-22,US,Colorado,San Juan,6,0,0,37.76248981,-107.67632890000002,8111.0,824.1758241758242,0.0,6,6,0,0,6,6,762,0,0,0,0,0
2020-09-22,US,Colorado,San Miguel,95,0,0,38.00450883,-108.4020725,8113.0,1161.5111871866975,0.0,95,95,0,0,95,95,8191,0,0,0,0,0
2020-09-22,US,Colorado,Sedgwick,12,1,0,40.87595412,-102.3519227,8115.0,533.8078291814946,8.333333333333334,11,12,1,0,11,12,2303,0,0,0,0,0
2020-09-22,US,Colorado,Summit,422,4,0,39.63803232,-106.1150762,8117.0,1360.8074554190448,0.9478672985781992,418,422,4,0,418,423,31007,0,0,0,0,-1
2020-09-22,US,Colorado,Teller,174,4,0,38.88133511,-105.16148929999999,8119.0,685.3631636993855,2.2988505747126435,170,173,4,0,169,173,25083,1,0,0,1,0
2020-09-22,US,Colorado,Washington,59,0,0,39.97015535,-103.202587,8121.0,1202.1189894050528,0.0,59,59,0,0,59,58,4909,0,0,0,0,1
2020-09-22,US,Colorado,Weld,4576,149,0,40.55499405,-104.39296209999999,8123.0,1410.2042577320858,3.2561188811188813,4427,4540,149,0,4391,4507,314305,36,0,0,36,33
2020-09-22,US,Colorado,Yuma,91,0,0,40.00346839,-102.4258673,8125.0,908.2742788701468,0.0,91,88,0,0,88,87,10020,3,0,0,3,1
2020-09-22,US,Connecticut,Fairfield,19891,1421,0,41.26809896,-73.3881171,9001.0,2108.589552776753,7.1439344427127836,18470,19848,1420,0,18428,19716,943823,43,1,0,42,132
2020-09-22,US,Connecticut,Hartford,14414,1434,0,41.80283011,-72.73103891,9003.0,1616.4266810209485,9.948661024004439,12980,14370,1434,0,12936,14253,892697,44,0,0,44,117
2020-09-22,US,Connecticut,Litchfield,1845,140,0,41.7937534,-73.2451475,9005.0,1023.1072515845683,7.588075880758808,1705,1841,140,0,1701,1822,181111,4,0,0,4,19
2020-09-22,US,Connecticut,Middlesex,1556,193,0,41.45949668,-72.53714864,9007.0,957.9157329655987,12.403598971722364,1363,1552,193,0,1359,1542,162682,4,0,0,4,10
2020-09-22,US,Connecticut,New Haven,14278,1113,0,41.408032500000004,-72.93620426,9009.0,1670.4162703552006,7.795209413083064,13165,14261,1112,0,13149,14164,857620,17,1,0,16,97
2020-09-22,US,Connecticut,New London,1782,114,0,41.48896435,-72.10430976,9011.0,671.9304993099704,6.397306397306397,1668,1774,114,0,1660,1717,266784,8,0,0,8,57
2020-09-22,US,Connecticut,Tolland,1323,66,0,41.85853803,-72.3308481,9013.0,877.7808002866224,4.988662131519273,1257,1312,66,0,1246,1293,150921,11,0,0,11,19
2020-09-22,US,Connecticut,Unassigned,137,0,0,0.0,0.0,90009.0,0.0,0.0,137,142,1,0,141,121,,-5,-1,0,-4,21
2020-09-22,US,Connecticut,Windham,934,15,0,41.82972709,-71.98182316,9015.0,799.7807881351578,1.6059957173447537,919,924,15,0,909,899,117027,10,0,0,10,25
2020-09-22,US,Delaware,Kent,2882,115,0,39.08646628,-75.56884914,10001.0,1594.1499894903366,3.9902845246356695,2767,2875,115,0,2760,2865,178550,7,0,0,7,10
2020-09-22,US,Delaware,New Castle,9731,310,0,39.57992638,-75.64054974,10003.0,1741.556644886023,3.1856952009043265,9421,9663,309,0,9354,9590,559335,68,1,0,67,73
2020-09-22,US,Delaware,Sussex,6666,203,0,38.66143781,-75.39031349,10005.0,2845.981428113993,3.0453045304530453,6463,6649,203,0,6446,6631,229286,17,0,0,17,18
2020-09-22,US,Delaware,Unassigned,482,0,0,0.0,0.0,90010.0,0.0,0.0,482,480,0,0,480,480,,2,0,0,2,0
2020-09-22,US,District of Columbia,District of Columbia,15021,621,0,38.90417773,-77.01655992,11001.0,2128.377085904479,4.134212103055722,14400,14978,621,0,14357,14955,702455,43,0,0,43,23
2020-09-22,US,Florida,Alachua,7651,48,0,29.67866525,-82.35928158,12001.0,2843.783335749304,0.6273689713762907,7603,7581,46,0,7535,7502,269956,70,2,0,68,79
2020-09-22,US,Florida,Baker,1417,11,0,30.33060121,-82.28467476,12003.0,4851.078397808969,0.7762879322512349,1406,1412,11,0,1401,1410,28355,5,0,0,5,2
2020-09-22,US,Florida,Bay,5896,97,0,30.26548745,-85.62122584,12005.0,3374.8318594201646,1.6451831750339212,5799,5878,94,0,5784,5839,185287,18,3,0,15,39
2020-09-22,US,Florida,Bradford,1043,7,0,29.95079741,-82.16611613,12007.0,3698.450409559945,0.6711409395973155,1036,1033,7,0,1026,1027,27732,10,0,0,10,6
2020-09-22,US,Florida,Brevard,8502,281,0,28.29409504,-80.73091022,12009.0,1412.4284399493638,3.3051046812514704,8221,8429,277,0,8152,8395,596849,73,4,0,69,34
2020-09-22,US,Florida,Broward,75944,1328,0,26.15184651,-80.48725556,12011.0,3889.0237395136573,1.7486569050879597,74616,75801,1322,0,74479,75682,1951260,143,6,0,137,119
2020-09-22,US,Florida,Calhoun,608,10,0,30.40666734,-85.19394153,12013.0,4310.528181495924,1.6447368421052633,598,607,10,0,597,607,14587,1,0,0,1,0
2020-09-22,US,Florida,Charlotte,2965,131,0,26.90131002,-81.92949121,12015.0,1569.5304642422318,4.418212478920743,2834,2957,131,0,2826,2953,184998,8,0,0,8,4
2020-09-22,US,Florida,Citrus,2660,88,0,28.84804315,-82.47614748,12017.0,1777.3976492913794,3.3082706766917283,2572,2646,86,0,2560,2623,147929,14,2,0,12,23
2020-09-22,US,Florida,Clay,4862,91,0,29.98319144,-81.85609986,12019.0,2217.5396347581773,1.8716577540106951,4771,4831,91,0,4740,4811,216072,31,0,0,31,20
2020-09-22,US,Florida,Collier,12520,205,0,26.11091986,-81.34687065,12021.0,3252.776031301474,1.6373801916932906,12315,12487,202,0,12285,12466,378488,33,3,0,30,21
2020-09-22,US,Florida,Columbia,3667,50,0,30.22509788,-82.62160164,12023.0,5115.364227324722,1.3635124079629124,3617,3649,50,0,3599,3644,70503,18,0,0,18,5
2020-09-22,US,Florida,DeSoto,1550,23,0,27.18677893,-81.80941373,12027.0,4078.8400305255127,1.4838709677419355,1527,1549,23,0,1526,1549,37489,1,0,0,1,0
2020-09-22,US,Florida,Dixie,827,7,0,29.60631086,-83.15724673,12029.0,4915.012480684654,0.8464328899637243,820,826,6,0,820,823,16700,1,1,0,0,3
2020-09-22,US,Florida,Duval,29580,354,0,30.33225875,-81.66976468,12031.0,3088.472521678301,1.1967545638945234,29226,29449,353,0,29096,29381,950181,131,1,0,130,68
2020-09-22,US,Florida,Escambia,12069,218,0,30.67652764,-87.37284571,12033.0,3791.5153495268846,1.8062805534841329,11851,12043,217,0,11826,12033,315534,26,1,0,25,10
2020-09-22,US,Florida,Flagler,1675,23,0,29.45933576,-81.31508595,12035.0,1455.4965632902042,1.3731343283582091,1652,1662,23,0,1639,1653,112067,13,0,0,13,9
2020-09-22,US,Florida,Franklin,600,3,0,29.83791238,-84.82731662,12037.0,4948.4536082474215,0.5,597,596,3,0,593,596,11736,4,0,0,4,0
2020-09-22,US,Florida,Gadsden,2739,45,0,30.57796289,-84.61915825,12039.0,5998.685939553219,1.642935377875137,2694,2712,44,0,2668,2705,45894,27,1,0,26,7
2020-09-22,US,Florida,Gilchrist,505,12,0,29.72856978,-82.79880657,12041.0,2717.683780002153,2.376237623762376,493,501,12,0,489,501,18256,4,0,0,4,0
2020-09-22,US,Florida,Glades,505,4,0,26.95635849,-81.18996211,12043.0,3656.505683875172,0.7920792079207921,501,502,4,0,498,500,13724,3,0,0,3,2
2020-09-22,US,Florida,Gulf,871,14,0,29.93543004,-85.24270990000002,12045.0,6386.098687587067,1.6073478760045925,857,866,14,0,852,866,16164,5,0,0,5,0
2020-09-22,US,Florida,Hamilton,835,8,0,30.49673973,-82.94998918,12047.0,5787.357915164957,0.9580838323353292,827,830,8,0,822,827,14310,5,0,0,5,3
2020-09-22,US,Florida,Hardee,1306,10,0,27.49293939,-81.80956574,12049.0,4848.3498533615475,0.7656967840735069,1296,1299,10,0,1289,1297,27245,7,0,0,7,2
2020-09-22,US,Florida,Hendry,2046,42,0,26.55386945,-81.16469006,12051.0,4868.878206653658,2.0527859237536656,2004,2046,42,0,2004,2046,41556,0,0,0,0,0
2020-09-22,US,Florida,Hernando,3037,114,0,28.55364461,-82.42700204,12053.0,1566.109735973597,3.753704313467237,2923,3031,113,0,2918,3023,190865,6,1,0,5,8
2020-09-22,US,Florida,Highlands,2104,81,0,27.34254618,-81.34071957,12055.0,1980.7759294301504,3.849809885931559,2023,2081,81,0,2000,2078,105424,23,0,0,23,3
2020-09-22,US,Florida,Hillsborough,41016,605,0,27.9276559,-82.32013172,12057.0,2786.473618991717,1.47503413302126,40411,40898,604,0,40294,40751,1436888,118,1,0,117,147
2020-09-22,US,Florida,Holmes,728,5,0,30.86747479,-85.81319222,12059.0,3711.066931742876,0.6868131868131868,723,727,5,0,722,727,19477,1,0,0,1,0
2020-09-22,US,Florida,Indian River,3111,113,0,27.69308961,-80.60556721,12061.0,1945.311181005859,3.632272581163613,2998,3099,110,0,2989,3087,157413,12,3,0,9,12
2020-09-22,US,Florida,Jackson,2750,77,0,30.795459700000002,-85.21500423,12063.0,5924.9364415908985,2.8,2673,2727,76,0,2651,2722,48305,23,1,0,22,5
2020-09-22,US,Florida,Jefferson,548,8,0,30.43669112,-83.89442308,12065.0,3846.693808788432,1.45985401459854,540,546,8,0,538,546,14288,2,0,0,2,0
2020-09-22,US,Florida,Lafayette,1231,12,0,29.98484137,-83.18166636,12067.0,14616.480645927331,0.9748172217709179,1219,1230,12,0,1218,1230,8732,1,0,0,1,0
2020-09-22,US,Florida,Lake,7339,172,0,28.76202069,-81.7125123,12069.0,1999.0847629372568,2.343643548167325,7167,7313,169,0,7144,7293,356495,26,3,0,23,20
2020-09-22,US,Florida,Lee,20063,460,0,26.58410348,-81.88399313,12071.0,2603.633381219528,2.2927777500872253,19603,20025,458,0,19567,19964,754610,38,2,0,36,61
2020-09-22,US,Florida,Leon,10125,57,0,30.45955727,-84.27491114,12073.0,3448.7809198111604,0.562962962962963,10068,9990,57,0,9933,9938,292502,135,0,0,135,52
2020-09-22,US,Florida,Levy,1009,9,0,29.31829741,-82.74007147,12075.0,2431.149555453823,0.8919722497522299,1000,1006,9,0,997,1004,40770,3,0,0,3,2
2020-09-22,US,Florida,Liberty,496,7,0,30.23766008,-84.8829258,12077.0,5937.275556619584,1.4112903225806452,489,491,7,0,484,491,8457,5,0,0,5,0
2020-09-22,US,Florida,Madison,1007,18,0,30.44396917,-83.47398594,12079.0,5445.303628399935,1.7874875868917577,989,1005,18,0,987,1004,18529,2,0,0,2,1
2020-09-22,US,Florida,Manatee,11279,278,0,27.47196942,-82.31831044,12081.0,2797.003370092721,2.464757513964004,11001,11241,277,0,10964,11210,394855,38,1,0,37,31
2020-09-22,US,Florida,Marion,9491,261,0,29.21227113,-82.05803627,12083.0,2596.1556872796305,2.749973659256137,9230,9453,260,0,9193,9431,359977,38,1,0,37,22
2020-09-22,US,Florida,Martin,4780,132,0,27.0772071,-80.43109784,12085.0,2968.944099378881,2.7615062761506275,4648,4759,132,0,4627,4739,160912,21,0,0,21,20
2020-09-22,US,Florida,Miami-Dade,167515,3085,0,25.6112362,-80.55170587,12086.0,6165.575978858569,1.8416261230337585,164430,167153,3055,0,164098,166881,2761581,362,30,0,332,272
2020-09-22,US,Florida,Monroe,1811,22,0,25.20904673,-81.07812416,12087.0,2439.780136875573,1.2147984538928769,1789,1808,22,0,1786,1809,75027,3,0,0,3,-1
2020-09-22,US,Florida,Nassau,2036,40,0,30.61037141,-81.80297522,12089.0,2297.320169252468,1.9646365422396856,1996,2031,37,0,1994,2024,85832,5,3,0,2,7
2020-09-22,US,Florida,Okaloosa,4769,102,0,30.69143028,-86.59267105,12091.0,2262.999553948505,2.138813168379115,4667,4750,102,0,4648,4746,207269,19,0,0,19,4
2020-09-22,US,Florida,Okeechobee,1489,23,0,27.386336199999995,-80.88944347,12093.0,3531.113640675393,1.5446608462055071,1466,1464,23,0,1441,1453,41537,25,0,0,25,11
2020-09-22,US,Florida,Orange,39232,432,0,28.51367621,-81.31799498,12095.0,2815.453994827235,1.101141924959217,38800,39056,431,0,38625,38971,1380645,176,1,0,175,85
2020-09-22,US,Florida,Osceola,12209,138,0,28.06312234,-81.14882926,12097.0,3249.2262162974957,1.130313703005979,12071,12139,137,0,12002,12107,367990,70,1,0,69,32
2020-09-22,US,Florida,Palm Beach,45602,1286,0,26.64676272,-80.46536002,12099.0,3046.6938808233726,2.8200517521161355,44316,45425,1277,0,44148,45329,1485941,177,9,0,168,96
2020-09-22,US,Florida,Pasco,8934,204,0,28.30810945,-82.40227529,12101.0,1612.7896712140332,2.283411685695097,8730,8893,205,0,8688,8865,539630,41,-1,0,42,28
2020-09-22,US,Florida,Pinellas,21620,729,0,27.93130349,-82.72239666,12103.0,2217.444994646132,3.371877890841813,20891,21561,728,0,20833,21498,975280,59,1,0,58,63
2020-09-22,US,Florida,Polk,19339,512,0,27.95027105,-81.69732947,12105.0,2668.2689986023292,2.647499870727545,18827,19243,507,0,18736,19126,708009,96,5,0,91,117
2020-09-22,US,Florida,Putnam,2067,38,0,29.60779729,-81.74230285,12107.0,2773.714791803653,1.8384131591678758,2029,2060,38,0,2022,2054,74163,7,0,0,7,6
2020-09-22,US,Florida,Santa Rosa,5227,71,0,30.69341450000001,-87.02458128,12113.0,2835.9366946444375,1.358331739047255,5156,5219,71,0,5148,5215,179349,8,0,0,8,4
2020-09-22,US,Florida,Sarasota,7912,248,0,27.18546175,-82.33174248,12115.0,1824.1258628401208,3.134479271991911,7664,7903,247,0,7656,7877,426718,9,1,0,8,26
2020-09-22,US,Florida,Seminole,8887,200,0,28.7158582,-81.24060348,12117.0,1883.533336441824,2.2504782266231573,8687,8860,200,0,8660,8836,467832,27,0,0,27,24
2020-09-22,US,Florida,St. Johns,5143,68,0,29.90096506,-81.43589967,12109.0,1943.1598355700642,1.3221854948473653,5075,5112,67,0,5045,5102,254261,31,1,0,30,10
2020-09-22,US,Florida,St. Lucie,7846,269,0,27.37763908,-80.47106649,12111.0,2389.909137153249,3.4284985980117257,7577,7822,265,0,7557,7808,321128,24,4,0,20,14
2020-09-22,US,Florida,Sumter,2180,65,0,28.70181754,-82.0794267,12119.0,1646.2769974324121,2.9816513761467887,2115,2164,65,0,2099,2163,128754,16,0,0,16,1
2020-09-22,US,Florida,Suwannee,2640,65,0,30.19746066,-82.99099670000003,12121.0,5943.670216358602,2.462121212121212,2575,2615,65,0,2550,2609,44191,25,0,0,25,6
2020-09-22,US,Florida,Taylor,1302,12,0,30.04848048,-83.60445406,12123.0,6036.441188743103,0.9216589861751152,1290,1291,12,0,1279,1286,21623,11,0,0,11,5
2020-09-22,US,Florida,Unassigned,1613,0,0,0.0,0.0,90012.0,0.0,0.0,1613,1600,0,0,1600,1598,,13,0,0,13,2
2020-09-22,US,Florida,Union,895,12,0,30.04412971,-82.37497443,12125.0,5873.859683664763,1.340782122905028,883,885,12,0,873,884,14940,10,0,0,10,1
2020-09-22,US,Florida,Volusia,10614,226,0,29.05858895,-81.18263252,12127.0,1918.3638059296848,2.1292632372338423,10388,10537,220,0,10317,10519,547538,77,6,0,71,18
2020-09-22,US,Florida,Wakulla,1103,9,0,30.16548905,-84.39895211,12129.0,3269.2136696404755,0.8159564823209429,1094,1098,9,0,1089,1086,32461,5,0,0,5,12
2020-09-22,US,Florida,Walton,1905,23,0,30.64204028,-86.16935664,12131.0,2571.8567320543802,1.207349081364829,1882,1877,22,0,1855,1875,71375,28,1,0,27,2
2020-09-22,US,Florida,Washington,1062,18,0,30.61359259,-85.66002461,12133.0,4169.120244965257,1.6949152542372878,1044,1059,18,0,1041,1059,24880,3,0,0,3,0
2020-09-22,US,Georgia,Appling,1011,26,0,31.74847232,-82.28909114,13001.0,5498.749048188839,2.5717111770524235,985,1010,26,0,984,1007,18507,1,0,0,1,3
2020-09-22,US,Georgia,Atkinson,436,3,0,31.29633502,-82.87545866,13003.0,5339.865278628292,0.6880733944954128,433,435,3,0,432,435,8297,1,0,0,1,0
2020-09-22,US,Georgia,Bacon,593,11,0,31.55456473,-82.45936528,13005.0,5311.716230741668,1.8549747048903882,582,592,10,0,582,592,11185,1,1,0,0,0
2020-09-22,US,Georgia,Baker,79,4,0,31.32669878,-84.44218806,13007.0,2600.394996708361,5.063291139240507,75,78,3,0,75,78,3092,1,1,0,0,0
2020-09-22,US,Georgia,Baldwin,2061,56,0,33.06882326,-83.24701748,13009.0,4591.222989529962,2.7171276079573023,2005,2058,55,0,2003,2056,44823,3,1,0,2,2
2020-09-22,US,Georgia,Banks,471,7,0,34.35607081,-83.49644388,13011.0,2448.788603514609,1.4861995753715498,464,470,7,0,463,469,18988,1,0,0,1,1
2020-09-22,US,Georgia,Barrow,2106,46,0,33.99148694,-83.71436292,13013.0,2530.033637674195,2.184235517568851,2060,2103,46,0,2057,2086,80809,3,0,0,3,17
2020-09-22,US,Georgia,Bartow,2821,82,0,34.23732119,-84.83887523,13015.0,2618.389054929551,2.9067706487061327,2739,2808,82,0,2726,2801,106408,13,0,0,13,7
2020-09-22,US,Georgia,Ben Hill,744,21,0,31.76095874,-83.22145359,13017.0,4455.0898203592815,2.8225806451612905,723,740,20,0,720,738,16787,4,1,0,3,2
2020-09-22,US,Georgia,Berrien,440,12,0,31.27590016,-83.22529920000002,13019.0,2268.392019384441,2.727272727272727,428,439,11,0,428,438,19252,1,1,0,0,1
2020-09-22,US,Georgia,Bibb,5974,158,0,32.80904227,-83.70489165,13021.0,3900.5216800840963,2.6447941078004686,5816,5963,157,0,5806,5954,153095,11,1,0,10,9
2020-09-22,US,Georgia,Bleckley,427,19,0,32.43829035,-83.33035166,13023.0,3317.0201196302337,4.4496487119437935,408,427,19,0,408,426,12838,0,0,0,0,1
2020-09-22,US,Georgia,Brantley,343,10,0,31.19576557,-81.97743999,13025.0,1794.9657229577685,2.915451895043732,333,343,10,0,333,342,18897,0,0,0,0,1
2020-09-22,US,Georgia,Brooks,513,27,0,30.83922642,-83.58303423,13027.0,3318.8846477324187,5.2631578947368425,486,512,27,0,485,510,15513,1,0,0,1,2
2020-09-22,US,Georgia,Bryan,1101,11,0,32.00979311,-81.44002948,13029.0,2778.4086607616027,0.9990917347865576,1090,1067,11,0,1056,1059,38109,34,0,0,34,8
2020-09-22,US,Georgia,Bulloch,2796,26,0,32.39577406,-81.74811421,13031.0,3512.2098281579742,0.9298998569384836,2770,2788,25,0,2763,2782,77296,8,1,0,7,6
2020-09-22,US,Georgia,Burke,771,9,0,33.05917989,-81.99928721,13033.0,3444.57847473529,1.1673151750972763,762,767,9,0,758,766,22423,4,0,0,4,1
2020-09-22,US,Georgia,Butts,631,42,0,33.283094500000004,-83.95435040000002,13035.0,2530.4780237407763,6.6561014263074485,589,630,42,0,588,630,24193,1,0,0,1,0
2020-09-22,US,Georgia,Calhoun,234,7,0,31.53169785,-84.62725131,13037.0,3780.901599612215,2.9914529914529915,227,233,7,0,226,233,6352,1,0,0,1,0
2020-09-22,US,Georgia,Camden,1243,8,0,30.92951916,-81.66601818,13039.0,2273.80821717338,0.6436041834271923,1235,1239,7,0,1232,1234,53677,4,1,0,3,5
2020-09-22,US,Georgia,Candler,422,17,0,32.40209349,-82.07702563,13043.0,3906.322317874664,4.028436018957346,405,422,17,0,405,416,10836,0,0,0,0,6
2020-09-22,US,Georgia,Carroll,2661,63,0,33.58138199,-85.07976677,13045.0,2217.6478431895457,2.367531003382187,2598,2649,63,0,2586,2644,118121,12,0,0,12,5
2020-09-22,US,Georgia,Catoosa,1118,17,0,34.89872298,-85.13757014,13047.0,1654.3356022491864,1.520572450805009,1101,1108,17,0,1091,1101,67420,10,0,0,10,7
2020-09-22,US,Georgia,Charlton,618,6,0,30.78371028,-82.13951596,13049.0,4614.695340501792,0.9708737864077671,612,614,6,0,608,613,12968,4,0,0,4,1
2020-09-22,US,Georgia,Chatham,8199,147,0,32.00043026,-81.12489526,13051.0,2832.8093148602425,1.7929015733626052,8052,8142,146,0,7996,8114,289195,57,1,0,56,28
2020-09-22,US,Georgia,Chattahoochee,1626,1,0,32.34341231,-84.78809239,13053.0,14907.857339323371,0.06150061500615006,1625,1626,1,0,1625,1624,10684,0,0,0,0,2
2020-09-22,US,Georgia,Chattooga,729,12,0,34.47197698,-85.34535662,13055.0,2940.8205252329662,1.6460905349794241,717,725,12,0,713,723,24790,4,0,0,4,2
2020-09-22,US,Georgia,Cherokee,5811,91,0,34.24393976,-84.47431861,13057.0,2245.5974927832503,1.5659955257270697,5720,5786,91,0,5695,5770,254149,25,0,0,25,16
2020-09-22,US,Georgia,Clarke,4916,42,0,33.95436462,-83.37124007,13059.0,3830.719000085716,0.8543531326281529,4874,4890,41,0,4849,4874,127330,26,1,0,25,16
2020-09-22,US,Georgia,Clay,120,2,0,31.62221166,-84.97713865,13061.0,4234.297812279464,1.6666666666666667,118,120,2,0,118,120,2887,0,0,0,0,0
2020-09-22,US,Georgia,Clayton,7069,159,0,33.54187245,-84.35594188,13063.0,2418.769845614804,2.2492573206959965,6910,7043,158,0,6885,7015,289615,26,1,0,25,28
2020-09-22,US,Georgia,Clinch,368,6,0,30.91395822,-82.70432472,13065.0,5560.592323964944,1.6304347826086956,362,368,6,0,362,365,6648,0,0,0,0,3
2020-09-22,US,Georgia,Cobb,19174,421,0,33.94243204,-84.5761255,13067.0,2522.4267602984187,2.195681652237405,18753,19092,421,0,18671,19041,756865,82,0,0,82,51
2020-09-22,US,Georgia,Coffee,2004,43,0,31.54892966,-82.85492059999999,13069.0,4631.063249601368,2.1457085828343314,1961,1982,43,0,1939,1981,43093,22,0,0,22,1
2020-09-22,US,Georgia,Colquitt,1884,33,0,31.18810588,-83.7677946,13071.0,4131.578947368421,1.751592356687898,1851,1911,33,0,1878,1907,45592,-27,0,0,-27,4
2020-09-22,US,Georgia,Columbia,3645,58,0,33.54534185,-82.263524,13073.0,2325.893028063861,1.5912208504801095,3587,3637,57,0,3580,3625,154291,8,1,0,7,12
2020-09-22,US,Georgia,Cook,542,12,0,31.16068491,-83.42947229,13075.0,3138.390272148234,2.2140221402214024,530,542,12,0,530,542,17162,0,0,0,0,0
2020-09-22,US,Georgia,Coweta,2527,42,0,33.35334302,-84.76129976,13077.0,1701.5803756001321,1.6620498614958448,2485,2513,41,0,2472,2505,145864,14,1,0,13,8
2020-09-22,US,Georgia,Crawford,166,4,0,32.71391813,-83.98061238,13079.0,1338.2779748468233,2.409638554216868,162,165,4,0,161,165,12318,1,0,0,1,0
2020-09-22,US,Georgia,Crisp,536,17,0,31.92289565,-83.76811843,13081.0,2395.8519578043984,3.1716417910447765,519,532,17,0,515,531,22601,4,0,0,4,1
2020-09-22,US,Georgia,Dade,274,5,0,34.854916700000004,-85.50490424,13083.0,1700.1737403822287,1.8248175182481752,269,274,5,0,269,273,16226,0,0,0,0,1
2020-09-22,US,Georgia,Dawson,795,6,0,34.44244079,-84.16964071,13085.0,3045.0436647770807,0.7547169811320755,789,795,6,0,789,792,25083,0,0,0,0,3
2020-09-22,US,Georgia,DeKalb,18192,351,0,33.76944049,-84.22396017,13089.0,2395.9004184133482,1.9294195250659631,17841,18110,349,0,17761,18072,756558,82,2,0,80,38
2020-09-22,US,Georgia,Decatur,1121,29,0,30.87967778,-84.57619536,13087.0,4245.56885320406,2.5869759143621764,1092,1115,27,0,1088,1108,26575,6,2,0,4,7
2020-09-22,US,Georgia,Dodge,407,12,0,32.17265114,-83.16948926,13091.0,1975.2487260373694,2.9484029484029484,395,401,11,0,390,401,20705,6,1,0,5,0
2020-09-22,US,Georgia,Dooly,330,14,0,32.15630737,-83.79746561,13093.0,2464.5257654966395,4.242424242424242,316,326,14,0,312,325,13706,4,0,0,4,1
2020-09-22,US,Georgia,Dougherty,3128,183,0,31.53328528,-84.21722377,13095.0,3556.3236163536308,5.850383631713555,2945,3126,182,0,2944,3124,91243,2,1,0,1,2
2020-09-22,US,Georgia,Douglas,3457,71,0,33.70291126,-84.77026156,13097.0,2362.258529618772,2.053803876193231,3386,3447,70,0,3377,3440,145331,10,1,0,9,7
2020-09-22,US,Georgia,Early,475,32,0,31.32155345,-84.90255207,13099.0,4661.432777232581,6.7368421052631575,443,474,32,0,442,469,10247,1,0,0,1,5
2020-09-22,US,Georgia,Echols,239,2,0,30.71101099,-82.89687287,13101.0,5966.050923614576,0.8368200836820083,237,239,2,0,237,239,4000,0,0,0,0,0
2020-09-22,US,Georgia,Effingham,1384,23,0,32.36616021,-81.34280942,13103.0,2152.5444817718053,1.6618497109826589,1361,1380,23,0,1357,1376,62190,4,0,0,4,4
2020-09-22,US,Georgia,Elbert,600,3,0,34.11302332,-82.83936148,13105.0,3125.9768677711786,0.5,597,596,3,0,593,594,19120,4,0,0,4,2
2020-09-22,US,Georgia,Emanuel,1000,30,0,32.59221302,-82.30239915,13107.0,4415.790868144485,3.0,970,998,29,0,969,993,22612,2,1,0,1,5
2020-09-22,US,Georgia,Evans,415,6,0,32.15328841,-81.8870105,13109.0,3895.250610099493,1.4457831325301205,409,415,6,0,409,414,10721,0,0,0,0,1
2020-09-22,US,Georgia,Fannin,602,13,0,34.86430205,-84.316964,13111.0,2298.762792118528,2.159468438538206,589,598,12,0,586,597,25964,4,1,0,3,1
2020-09-22,US,Georgia,Fayette,1754,49,0,33.41357794,-84.49089434,13113.0,1532.935387734769,2.7936145952109466,1705,1752,49,0,1703,1745,113459,2,0,0,2,7
2020-09-22,US,Georgia,Floyd,3010,41,0,34.26268279,-85.21577392,13115.0,3055.8996121748664,1.362126245847176,2969,2984,40,0,2944,2975,97927,26,1,0,25,9
2020-09-22,US,Georgia,Forsyth,3772,44,0,34.22604035,-84.12315129999998,13117.0,1544.3066996380787,1.1664899257688228,3728,3751,42,0,3709,3731,236612,21,2,0,19,20
2020-09-22,US,Georgia,Franklin,729,11,0,34.37525597,-83.23159927,13119.0,3122.1893871257867,1.5089163237311385,718,726,11,0,715,713,23023,3,0,0,3,13
2020-09-22,US,Georgia,Fulton,27122,565,0,33.79216944,-84.46319413,13121.0,2549.211090506299,2.083179706511319,26557,27080,564,0,26516,26992,1050114,42,1,0,41,88
2020-09-22,US,Georgia,Gilmer,796,11,0,34.69316688,-84.45802506,13123.0,2537.537058879786,1.3819095477386936,785,794,11,0,783,794,30816,2,0,0,2,0
2020-09-22,US,Georgia,Glascock,38,2,0,33.22879932,-82.61297636,13125.0,1279.0306294177044,5.2631578947368425,36,37,2,0,35,37,2995,1,0,0,1,0
2020-09-22,US,Georgia,Glynn,3416,94,0,31.23279254,-81.53811412,13127.0,4005.064953336772,2.7517564402810306,3322,3419,94,0,3325,3417,85219,-3,0,0,-3,2
2020-09-22,US,Georgia,Gordon,1802,36,0,34.50487351,-84.87296253,13129.0,3108.879802632714,1.997780244173141,1766,1791,36,0,1755,1783,57685,11,0,0,11,8
2020-09-22,US,Georgia,Grady,757,21,0,30.87454847,-84.23418364,13131.0,3073.113303292331,2.7741083223249667,736,760,21,0,739,752,24748,-3,0,0,-3,8
2020-09-22,US,Georgia,Greene,497,23,0,33.5769205,-83.17139104,13133.0,2712.289893036455,4.627766599597585,474,492,23,0,469,492,17698,5,0,0,5,0
2020-09-22,US,Georgia,Gwinnett,26744,396,0,33.96044201,-84.02137802,13135.0,2856.502002670227,1.4807059527370623,26348,26678,391,0,26287,26618,927781,66,5,0,61,60
2020-09-22,US,Georgia,Habersham,1565,67,0,34.63331566,-83.53094677,13137.0,3452.6120720084723,4.281150159744409,1498,1563,66,0,1497,1557,45388,2,1,0,1,6
2020-09-22,US,Georgia,Hall,8864,145,0,34.32207823,-83.81896936,13139.0,4335.725221457537,1.6358303249097472,8719,8827,144,0,8683,8785,202148,37,1,0,36,42
2020-09-22,US,Georgia,Hancock,386,42,0,33.2721566,-82.99766919,13141.0,4564.266288281897,10.880829015544041,344,388,41,0,347,387,8348,-2,1,0,-3,1
2020-09-22,US,Georgia,Haralson,446,8,0,33.79602175,-85.21005667,13143.0,1497.046186895811,1.7937219730941705,438,444,8,0,436,438,29533,2,0,0,2,6
2020-09-22,US,Georgia,Harris,780,21,0,32.73709786,-84.90538572,13145.0,2213.6451356567145,2.6923076923076925,759,777,21,0,756,777,34475,3,0,0,3,0
2020-09-22,US,Georgia,Hart,488,13,0,34.34626973,-82.96567682,13147.0,1862.240030528525,2.6639344262295084,475,486,13,0,473,484,26099,2,0,0,2,2
2020-09-22,US,Georgia,Heard,189,5,0,33.29686567,-85.12886832,13149.0,1585.171517235595,2.6455026455026456,184,189,5,0,184,189,11879,0,0,0,0,0
2020-09-22,US,Georgia,Henry,5026,99,0,33.4533428,-84.14814659999998,13151.0,2142.726199155017,1.9697572622363708,4927,4994,98,0,4896,4977,230220,32,1,0,31,17
2020-09-22,US,Georgia,Houston,3069,78,0,32.45802497,-83.66879087,13153.0,1944.090762243211,2.541544477028348,2991,3058,77,0,2981,3043,155469,11,1,0,10,15
2020-09-22,US,Georgia,Irwin,288,4,0,31.60213036,-83.27501387,13155.0,3058.623619371283,1.3888888888888888,284,285,4,0,281,284,9398,3,0,0,3,1
2020-09-22,US,Georgia,Jackson,1903,31,0,34.13794553,-83.56814788,13157.0,2607.670910012744,1.62900683131897,1872,1894,30,0,1864,1883,70422,9,1,0,8,11
2020-09-22,US,Georgia,Jasper,210,4,0,33.31535543,-83.68844964,13159.0,1476.8971095013715,1.9047619047619049,206,210,4,0,206,210,14040,0,0,0,0,0
2020-09-22,US,Georgia,Jeff Davis,707,19,0,31.80405727,-82.63724870000001,13161.0,4677.472709229242,2.6874115983026874,688,704,19,0,685,703,15029,3,0,0,3,1
2020-09-22,US,Georgia,Jefferson,774,23,0,33.05867328,-82.41609057,13163.0,5038.406457492514,2.9715762273901807,751,775,23,0,752,767,15430,-1,0,0,-1,8
2020-09-22,US,Georgia,Jenkins,398,29,0,32.79248718,-81.96040187,13165.0,4587.367450437991,7.286432160804019,369,398,29,0,369,396,8683,0,0,0,0,2
2020-09-22,US,Georgia,Johnson,411,22,0,32.70211082,-82.66166794,13167.0,4262.159079124754,5.35279805352798,389,411,22,0,389,410,9708,0,0,0,0,1
2020-09-22,US,Georgia,Jones,535,8,0,33.02512137,-83.56019163,13169.0,1861.8409605011316,1.4953271028037385,527,532,8,0,524,532,28616,3,0,0,3,0
2020-09-22,US,Georgia,Lamar,353,17,0,33.07841647,-84.14263877,13171.0,1850.3957645332073,4.81586402266289,336,351,17,0,334,351,19000,2,0,0,2,0
2020-09-22,US,Georgia,Lanier,295,5,0,31.03828570000001,-83.06472457,13173.0,2830.279190252327,1.6949152542372878,290,294,5,0,289,294,10340,1,0,0,1,0
2020-09-22,US,Georgia,Laurens,1595,64,0,32.46325233,-82.92221316,13175.0,3354.646027005427,4.012539184952978,1531,1587,62,0,1525,1586,47325,8,2,0,6,1
2020-09-22,US,Georgia,Lee,696,25,0,31.779330600000005,-84.14324253,13177.0,2320.6188316884504,3.5919540229885056,671,698,25,0,673,693,29764,-2,0,0,-2,5
2020-09-22,US,Georgia,Liberty,1078,22,0,31.82588896,-81.49251135,13179.0,1754.7000895255148,2.0408163265306123,1056,1064,22,0,1042,1062,61497,14,0,0,14,2
2020-09-22,US,Georgia,Lincoln,213,7,0,33.79201475,-82.45024131,13181.0,2689.0544123216764,3.286384976525821,206,212,7,0,205,210,7915,1,0,0,1,2
2020-09-22,US,Georgia,Long,231,3,0,31.75218791,-81.74952375,13183.0,1181.0419755611229,1.2987012987012987,228,231,3,0,228,230,18998,0,0,0,0,1
2020-09-22,US,Georgia,Lowndes,3828,76,0,30.83568832,-83.27056716,13185.0,3260.4807250055364,1.9853709508881925,3752,3818,76,0,3742,3814,116321,10,0,0,10,4
2020-09-22,US,Georgia,Lumpkin,886,14,0,34.57286511,-84.00425681,13187.0,2636.120202320738,1.580135440180587,872,881,14,0,867,874,32955,5,0,0,5,7
2020-09-22,US,Georgia,Macon,227,10,0,32.35207048,-84.04234127,13193.0,1753.3019232254574,4.405286343612334,217,227,10,0,217,227,13143,0,0,0,0,0
2020-09-22,US,Georgia,Madison,674,8,0,34.12920917,-83.21218732,13195.0,2255.6894243641227,1.1869436201780414,666,667,8,0,659,664,29650,7,0,0,7,3
2020-09-22,US,Georgia,Marion,189,8,0,32.3483402,-84.52733571,13197.0,2261.036009091997,4.232804232804233,181,187,8,0,179,187,8351,2,0,0,2,0
2020-09-22,US,Georgia,McDuffie,580,14,0,33.47851918,-82.48252774,13189.0,2721.4714714714714,2.413793103448276,566,580,13,0,567,579,21531,0,1,0,-1,1
2020-09-22,US,Georgia,McIntosh,284,7,0,31.49683595,-81.40163426,13191.0,1975.239949923494,2.4647887323943656,277,282,7,0,275,282,14340,2,0,0,2,0
2020-09-22,US,Georgia,Meriwether,535,13,0,33.04163534,-84.68859732,13199.0,2527.5192516653283,2.4299065420560746,522,536,12,0,524,534,21068,-1,1,0,-2,2
2020-09-22,US,Georgia,Miller,246,1,0,31.16568912,-84.73151117,13201.0,4302.203567681007,0.4065040650406504,245,243,1,0,242,241,5686,3,0,0,3,2
2020-09-22,US,Georgia,Mitchell,781,45,0,31.22483255,-84.19381821,13205.0,3572.2453460183874,5.761843790012804,736,782,45,0,737,779,22192,-1,0,0,-1,3
2020-09-22,US,Georgia,Monroe,665,49,0,33.014289,-83.92097166,13207.0,2411.342374356371,7.36842105263158,616,660,48,0,612,659,27520,5,1,0,4,1
2020-09-22,US,Georgia,Montgomery,293,5,0,32.17201038,-82.53527476,13209.0,3194.5050152638464,1.706484641638225,288,292,5,0,287,292,9193,1,0,0,1,0
2020-09-22,US,Georgia,Morgan,473,2,0,33.59232073,-83.49129491,13211.0,2453.828595144221,0.4228329809725159,471,472,2,0,470,470,18853,1,0,0,1,2
2020-09-22,US,Georgia,Murray,798,5,0,34.78897608,-84.74993177,13213.0,1990.2234636871508,0.6265664160401002,793,796,5,0,791,795,39921,2,0,0,2,1
2020-09-22,US,Georgia,Muscogee,5883,166,0,32.50931999,-84.87142262,13215.0,3005.072304603895,2.821689614142444,5717,5874,163,0,5711,5864,194160,9,3,0,6,10
2020-09-22,US,Georgia,Newton,2540,82,0,33.55514538,-83.84547140000002,13217.0,2273.052691867125,3.228346456692913,2458,2535,80,0,2455,2529,109541,5,2,0,3,6
2020-09-22,US,Georgia,Oconee,722,26,0,33.83749973,-83.43679568,13219.0,1792.4528301886792,3.601108033240997,696,716,26,0,690,708,39272,6,0,0,6,8
2020-09-22,US,Georgia,Oglethorpe,322,11,0,33.878629600000004,-83.08278123,13221.0,2110.230028180091,3.4161490683229814,311,319,11,0,308,317,15054,3,0,0,3,2
2020-09-22,US,Georgia,Out of GA,17364,149,0,0.0,0.0,80013.0,0.0,0.8580972126238194,17215,17364,149,0,17215,17059,,0,0,0,0,305
2020-09-22,US,Georgia,Paulding,2728,50,0,33.91969522,-84.86848792,13223.0,1617.3881079286405,1.8328445747800584,2678,2717,49,0,2668,2716,164044,11,1,0,10,1
2020-09-22,US,Georgia,Peach,660,23,0,32.56934316,-83.82937,13225.0,2395.9921585711168,3.484848484848485,637,659,21,0,638,658,27297,1,2,0,-1,1
2020-09-22,US,Georgia,Pickens,610,10,0,34.46589159,-84.46406611,13227.0,1871.6823662974439,1.639344262295082,600,603,10,0,593,602,31980,7,0,0,7,1
2020-09-22,US,Georgia,Pierce,594,17,0,31.35928155,-82.21598442,13229.0,3051.631132802466,2.8619528619528616,577,591,17,0,574,591,19389,3,0,0,3,0
2020-09-22,US,Georgia,Pike,315,9,0,33.09310242,-84.38790389,13231.0,1661.2171711844742,2.8571428571428568,306,315,9,0,306,314,18634,0,0,0,0,1
2020-09-22,US,Georgia,Polk,1417,17,0,34.00267074,-85.18677781,13233.0,3325.2763241264397,1.1997177134791814,1400,1409,17,0,1392,1400,42470,8,0,0,8,9
2020-09-22,US,Georgia,Pulaski,310,14,0,32.23334561,-83.47549959999998,13235.0,2783.514411421388,4.516129032258065,296,310,13,0,297,311,11069,0,1,0,-1,-1
2020-09-22,US,Georgia,Putnam,675,23,0,33.32056115,-83.37552891,13237.0,3051.6750305167493,3.4074074074074074,652,676,23,0,653,676,21809,-1,0,0,-1,0
2020-09-22,US,Georgia,Quitman,32,1,0,31.86728114,-85.01773177,13239.0,1391.9095258808175,3.125,31,32,1,0,31,32,2279,0,0,0,0,0
2020-09-22,US,Georgia,Rabun,321,8,0,34.88389445,-83.40304637,13241.0,1873.1399894964115,2.4922118380062304,313,321,7,0,314,320,16867,0,1,0,-1,1
2020-09-22,US,Georgia,Randolph,331,28,0,31.76622818,-84.75732369,13243.0,4883.446444378873,8.459214501510575,303,331,28,0,303,331,6833,0,0,0,0,0
2020-09-22,US,Georgia,Richmond,6921,158,0,33.35777107,-82.07026432,13245.0,3417.4740023109057,2.2829070943505267,6763,6900,153,0,6747,6867,201554,21,5,0,16,33
2020-09-22,US,Georgia,Rockdale,1818,35,0,33.65145002,-84.02202167,13247.0,2000.088012673825,1.9251925192519248,1783,1817,35,0,1782,1811,90594,1,0,0,1,6
2020-09-22,US,Georgia,Schley,104,2,0,32.2654021,-84.31258912,13249.0,1978.3146281148945,1.9230769230769231,102,104,2,0,102,104,5236,0,0,0,0,0
2020-09-22,US,Georgia,Screven,392,10,0,32.74976524,-81.60779441,13251.0,2806.8165544894746,2.5510204081632653,382,389,9,0,380,380,13938,3,1,0,2,9
2020-09-22,US,Georgia,Seminole,346,9,0,30.93464824,-84.86823924,13253.0,4276.885043263288,2.601156069364162,337,347,9,0,338,344,8315,-1,0,0,-1,3
2020-09-22,US,Georgia,Spalding,1295,56,0,33.26310031,-84.28013991,13255.0,1941.4419141567846,4.3243243243243255,1239,1289,56,0,1233,1279,66100,6,0,0,6,10
2020-09-22,US,Georgia,Stephens,1019,34,0,34.55151201,-83.29405315,13257.0,3930.568948891032,3.336604514229637,985,1017,33,0,984,1000,26035,2,1,0,1,17
2020-09-22,US,Georgia,Stewart,462,13,0,32.07996777,-84.83208037,13259.0,6977.7979157227,2.813852813852814,449,462,13,0,449,462,6199,0,0,0,0,0
2020-09-22,US,Georgia,Sumter,922,61,0,32.03650571,-84.19821492,13261.0,3122.883078173689,6.616052060737528,861,919,60,0,859,919,29733,3,1,0,2,0
2020-09-22,US,Georgia,Talbot,160,5,0,32.69642758,-84.53351366,13263.0,2582.72800645682,3.125,155,159,5,0,154,158,6272,1,0,0,1,1
2020-09-22,US,Georgia,Taliaferro,21,0,0,33.56543317,-82.88136816,13265.0,1366.2979830839295,0.0,21,21,0,0,21,21,1608,0,0,0,0,0
2020-09-22,US,Georgia,Tattnall,793,10,0,32.04785085,-82.05539188,13267.0,3136.122755675077,1.261034047919294,783,792,9,0,783,788,25391,1,1,0,0,4
2020-09-22,US,Georgia,Taylor,206,10,0,32.55792548,-84.25077141,13269.0,2568.57855361596,4.854368932038835,196,205,9,0,196,204,8039,1,1,0,0,1
2020-09-22,US,Georgia,Telfair,381,18,0,31.92829517,-82.93491155,13271.0,2402.2698612862546,4.724409448818896,363,379,17,0,362,379,15876,2,1,0,1,0
2020-09-22,US,Georgia,Terrell,327,31,0,31.77527543,-84.44069698,13273.0,3833.0793576368537,9.48012232415902,296,326,31,0,295,326,8611,1,0,0,1,0
2020-09-22,US,Georgia,Thomas,1472,59,0,30.86392347,-83.91847289,13275.0,3311.511552046073,4.008152173913044,1413,1476,58,0,1418,1474,44448,-4,1,0,-5,2
2020-09-22,US,Georgia,Tift,1713,56,0,31.45743864,-83.5236119,13277.0,4214.644227930322,3.269118505545826,1657,1697,56,0,1641,1693,40571,16,0,0,16,4
2020-09-22,US,Georgia,Toombs,1280,43,0,32.12059861,-82.32957247,13279.0,4770.7789787551255,3.359375,1237,1279,43,0,1236,1277,26887,1,0,0,1,2
2020-09-22,US,Georgia,Towns,309,8,0,34.91369188,-83.74107459999998,13281.0,2567.084821799452,2.588996763754045,301,304,8,0,296,297,11852,5,0,0,5,7
2020-09-22,US,Georgia,Treutlen,245,8,0,32.40422134,-82.56904553,13283.0,3550.2101144761627,3.26530612244898,237,244,8,0,236,244,6809,1,0,0,1,0
2020-09-22,US,Georgia,Troup,2763,94,0,33.03349196,-85.02812115,13285.0,3951.5460084093706,3.4020991675714805,2669,2758,93,0,2665,2754,70034,5,1,0,4,4
2020-09-22,US,Georgia,Turner,294,22,0,31.71612656,-83.62069378,13287.0,3681.903569192235,7.482993197278912,272,293,22,0,271,293,7912,1,0,0,1,0
2020-09-22,US,Georgia,Twiggs,185,7,0,32.67435595,-83.43078662,13289.0,2278.3251231527092,3.783783783783784,178,184,7,0,177,184,8188,1,0,0,1,0
2020-09-22,US,Georgia,Unassigned,2342,5,0,0.0,0.0,90013.0,0.0,0.2134927412467976,2337,2386,5,0,2381,2386,,-44,0,0,-44,0
2020-09-22,US,Georgia,Union,675,18,0,34.82995757,-83.98967069,13291.0,2753.865611358165,2.6666666666666665,657,675,17,0,658,666,24001,0,1,0,-1,9
2020-09-22,US,Georgia,Upson,757,60,0,32.87920671,-84.30024826,13293.0,2876.139817629179,7.926023778071334,697,755,59,0,696,751,26215,2,1,0,1,4
2020-09-22,US,Georgia,Walker,1481,30,0,34.73376362,-85.30165174,13295.0,2122.962686888089,2.0256583389601617,1451,1470,30,0,1440,1465,69410,11,0,0,11,5
2020-09-22,US,Georgia,Walton,1752,53,0,33.78017694,-83.73552314,13297.0,1852.1455075956994,3.0251141552511416,1699,1742,53,0,1689,1739,93503,10,0,0,10,3
2020-09-22,US,Georgia,Ware,1472,54,0,31.05449097,-82.42224148,13299.0,4119.32613197515,3.668478260869565,1418,1465,53,0,1412,1463,35680,7,1,0,6,2
2020-09-22,US,Georgia,Warren,138,5,0,33.41146451,-82.67795848,13301.0,2626.570232204035,3.6231884057971016,133,136,5,0,131,135,5251,2,0,0,2,1
2020-09-22,US,Georgia,Washington,655,8,0,32.96711864,-82.79357039,13303.0,3214.881711985864,1.2213740458015268,647,654,8,0,646,654,20386,1,0,0,1,0
2020-09-22,US,Georgia,Wayne,1094,27,0,31.5521809,-81.91894878,13305.0,3655.5618672102114,2.4680073126142594,1067,1092,27,0,1065,1089,29808,2,0,0,2,3
2020-09-22,US,Georgia,Webster,43,2,0,32.04066113,-84.54742852,13307.0,1649.4054468738013,4.651162790697675,41,43,2,0,41,43,2611,0,0,0,0,0
2020-09-22,US,Georgia,Wheeler,324,11,0,32.12009104,-82.72574721,13309.0,4124.761298535965,3.3950617283950617,313,322,11,0,311,322,7879,2,0,0,2,0
2020-09-22,US,Georgia,White,736,17,0,34.64624278,-83.74905525,13311.0,2389.765569192805,2.3097826086956523,719,727,17,0,710,723,29970,9,0,0,9,4
2020-09-22,US,Georgia,Whitfield,4469,60,0,34.80987459,-84.96093476,13313.0,4271.323163971403,1.3425822331617812,4409,4457,60,0,4397,4451,104062,12,0,0,12,6
2020-09-22,US,Georgia,Wilcox,245,20,0,31.97496928,-83.43438555,13315.0,2837.2900984365947,8.16326530612245,225,245,20,0,225,245,8812,0,0,0,0,0
2020-09-22,US,Georgia,Wilkes,260,4,0,33.78290391,-82.74286107,13317.0,2659.302444512632,1.5384615384615383,256,260,4,0,256,260,9876,0,0,0,0,0
2020-09-22,US,Georgia,Wilkinson,331,18,0,32.80291082,-83.17140684,13319.0,3696.671878490061,5.4380664652567985,313,332,17,0,315,332,9036,-1,1,0,-2,0
2020-09-22,US,Georgia,Worth,523,29,0,31.55162306,-83.85090513,13321.0,2583.098730676149,5.544933078393881,494,523,29,0,494,522,20299,0,0,0,0,1
2020-09-22,US,Hawaii,Hawaii,659,15,0,19.60121157,-155.5210167,15001.0,327.0260479472788,2.276176024279211,644,651,15,0,636,644,200983,8,0,0,8,7
2020-09-22,US,Hawaii,Honolulu,10393,95,0,21.45803166,-157.97121819999995,15003.0,1066.4266958626583,0.9140767824497258,10298,10338,95,0,10243,10289,980080,55,0,0,55,49
2020-09-22,US,Hawaii,Kauai,57,0,0,22.03935037,-159.5966786,15007.0,78.84580803120635,0.0,57,57,0,0,57,57,72133,0,0,0,0,0
2020-09-22,US,Hawaii,Maui,385,9,0,20.86399628,-156.56890969999995,15009.0,229.9646989254377,2.3376623376623376,376,385,9,0,376,385,167207,0,0,0,0,0
2020-09-22,US,Hawaii,Out of HI,28,1,0,0.0,0.0,80015.0,0.0,3.571428571428572,27,28,1,0,27,28,,0,0,0,0,0
2020-09-22,US,Idaho,Ada,12455,146,0,43.4526575,-116.24155159999998,16001.0,2586.240907665697,1.172219991971096,12309,12417,145,0,12272,12351,469966,38,1,0,37,66
2020-09-22,US,Idaho,Adams,28,1,0,44.89333571,-116.4545247,16003.0,652.0726595249182,3.571428571428572,27,28,1,0,27,28,4250,0,0,0,0,0
2020-09-22,US,Idaho,Bannock,922,4,0,42.67002716,-112.2233311,16005.0,1050.0182215743441,0.4338394793926248,918,900,4,0,896,893,87138,22,0,0,22,7
2020-09-22,US,Idaho,Bear Lake,37,1,0,42.28269683,-111.32892379999998,16007.0,604.0816326530612,2.702702702702702,36,35,1,0,34,35,6050,2,0,0,2,0
2020-09-22,US,Idaho,Benewah,137,3,0,47.21754179,-116.6586851,16009.0,1473.4351473435147,2.18978102189781,134,137,3,0,134,136,9226,0,0,0,0,1
2020-09-22,US,Idaho,Bingham,822,10,0,43.21672879999999,-112.3978437,16011.0,1755.9975219499688,1.2165450121654502,812,766,10,0,756,747,46236,56,0,0,56,19
2020-09-22,US,Idaho,Blaine,641,6,0,43.4085812,-113.9752658,16013.0,2784.414230485209,0.93603744149766,635,638,6,0,632,631,22601,3,0,0,3,7
2020-09-22,US,Idaho,Boise,67,1,0,43.98829931,-115.7309284,16015.0,855.5740007661858,1.492537313432836,66,66,1,0,65,66,7634,1,0,0,1,0
2020-09-22,US,Idaho,Bonner,302,0,0,48.29996017,-116.6017932,16017.0,660.268042589475,0.0,302,293,0,0,293,283,44727,9,0,0,9,10
2020-09-22,US,Idaho,Bonneville,2505,16,0,43.38713372,-111.6161537,16019.0,2103.945843342124,0.6387225548902196,2489,2464,15,0,2449,2452,116854,41,1,0,40,12
2020-09-22,US,Idaho,Boundary,56,1,0,48.76684761,-116.4630179,16021.0,457.32952225398117,1.7857142857142858,55,56,1,0,55,56,11948,0,0,0,0,0
2020-09-22,US,Idaho,Butte,27,0,0,43.72592209,-113.1735463,16023.0,1039.661147477859,0.0,27,27,0,0,27,27,2611,0,0,0,0,0
2020-09-22,US,Idaho,Camas,21,0,0,43.46665742,-114.8065892,16025.0,1898.73417721519,0.0,21,21,0,0,21,20,1127,0,0,0,0,1
2020-09-22,US,Idaho,Canyon,7973,100,0,43.61970148,-116.70954990000001,16027.0,3468.7990811358763,1.2542330364981813,7873,7929,99,0,7830,7896,223499,44,1,0,43,33
2020-09-22,US,Idaho,Caribou,97,0,0,42.77149116,-111.5597683,16029.0,1355.6953179594686,0.0,97,96,0,0,96,96,7060,1,0,0,1,0
2020-09-22,US,Idaho,Cassia,650,5,0,42.28347888,-113.6012409,16031.0,2704.9521431543903,0.7692307692307693,645,639,5,0,634,634,23864,11,0,0,11,5
2020-09-22,US,Idaho,Clark,32,0,0,44.28496071,-112.35057040000001,16033.0,3786.982248520711,0.0,32,31,0,0,31,31,852,1,0,0,1,0
2020-09-22,US,Idaho,Clearwater,38,0,0,46.67459924,-115.6622393,16035.0,433.9881224303335,0.0,38,34,0,0,34,30,8758,4,0,0,4,4
2020-09-22,US,Idaho,Custer,59,1,0,44.24186819,-114.2855494,16037.0,1367.3232908458865,1.6949152542372878,58,57,1,0,56,57,4280,2,0,0,2,0
2020-09-22,US,Idaho,Elmore,326,3,0,43.3507101,-115.4701578,16039.0,1184.9805532332518,0.9202453987730062,323,321,3,0,318,319,27259,5,0,0,5,2
2020-09-22,US,Idaho,Franklin,97,0,0,42.18332217,-111.81496659999999,16041.0,699.0487172095703,0.0,97,85,0,0,85,85,13726,12,0,0,12,0
2020-09-22,US,Idaho,Fremont,171,3,0,44.22800938,-111.48099429999999,16043.0,1305.4431636002748,1.7543859649122806,168,161,3,0,158,161,13168,10,0,0,10,0
2020-09-22,US,Idaho,Gem,291,2,0,44.06482372,-116.398376,16045.0,1606.6696113074204,0.6872852233676976,289,276,2,0,274,271,17634,15,0,0,15,5
2020-09-22,US,Idaho,Gooding,265,1,0,42.96927962,-114.81083059999999,16047.0,1745.8330588312801,0.37735849056603776,264,263,1,0,262,263,15196,2,0,0,2,0
2020-09-22,US,Idaho,Idaho,184,0,0,45.84721541,-115.4634436,16049.0,1103.977920441591,0.0,184,179,0,0,179,88,16513,5,0,0,5,91
2020-09-22,US,Idaho,Jefferson,504,1,0,43.82078483,-112.3131749,16051.0,1687.255197348599,0.1984126984126984,503,489,1,0,488,483,29439,15,0,0,15,6
2020-09-22,US,Idaho,Jerome,733,7,0,42.68891267,-114.2655033,16053.0,3002.621661477962,0.9549795361527968,726,728,7,0,721,724,24015,5,0,0,5,4
2020-09-22,US,Idaho,Kootenai,2517,35,0,47.67282258,-116.7020872,16055.0,1519.0377616975566,1.3905442987683752,2482,2504,35,0,2469,2474,161505,13,0,0,13,30
2020-09-22,US,Idaho,Latah,335,0,0,46.81587887,-116.71136979999999,16057.0,835.2448389348758,0.0,335,324,0,0,324,310,40134,11,0,0,11,14
2020-09-22,US,Idaho,Lemhi,79,0,0,44.9438088,-113.9309747,16059.0,984.1783979070636,0.0,79,76,0,0,76,72,7961,3,0,0,3,4
2020-09-22,US,Idaho,Lewis,14,0,0,46.23315327,-116.434146,16061.0,364.77331943720685,0.0,14,12,0,0,12,12,3861,2,0,0,2,0
2020-09-22,US,Idaho,Lincoln,87,0,0,43.0012336,-114.1358773,16063.0,1621.319418561312,0.0,87,87,0,0,87,87,5360,0,0,0,0,0
2020-09-22,US,Idaho,Madison,547,1,0,43.78141028,-111.65384740000002,16065.0,1370.686846919087,0.18281535648994515,546,510,1,0,509,486,39304,37,0,0,37,24
2020-09-22,US,Idaho,Minidoka,637,7,0,42.85518524,-113.6357257,16067.0,3027.710442511527,1.0989010989010992,630,628,7,0,621,620,20825,9,0,0,9,8
2020-09-22,US,Idaho,Nez Perce,413,24,0,46.32638236,-116.75009750000001,16069.0,1022.0748366660068,5.811138014527844,389,402,24,0,378,390,40408,11,0,0,11,12
2020-09-22,US,Idaho,Oneida,23,0,0,42.19494279999999,-112.5407838,16071.0,507.6142131979696,0.0,23,23,0,0,23,23,4488,0,0,0,0,0
2020-09-22,US,Idaho,Owyhee,324,5,0,42.58016894,-116.16938710000001,16073.0,2740.421212890129,1.5432098765432098,319,323,5,0,318,323,11693,1,0,0,1,0
2020-09-22,US,Idaho,Payette,839,7,0,44.00545243,-116.7647695,16075.0,3502.9852615757172,0.834326579261025,832,814,6,0,808,812,23551,25,1,0,24,2
2020-09-22,US,Idaho,Power,210,1,0,42.69254894,-112.83957420000002,16077.0,2734.0190079416743,0.4761904761904762,209,207,1,0,206,205,7768,3,0,0,3,2
2020-09-22,US,Idaho,Shoshone,214,18,0,47.35364087,-115.89167490000001,16079.0,1661.2327278372925,8.411214953271028,196,213,18,0,195,212,12796,1,0,0,1,1
2020-09-22,US,Idaho,Teton,146,0,0,43.75303583,-111.2056773,16081.0,1202.4378191401745,0.0,146,144,0,0,144,143,11640,2,0,0,2,1
2020-09-22,US,Idaho,Twin Falls,2090,35,0,42.35440512,-114.6685381,16083.0,2405.6723221068623,1.6746411483253592,2055,2072,35,0,2037,2037,86081,18,0,0,18,35
2020-09-22,US,Idaho,Unassigned,3,0,0,0.0,0.0,90016.0,0.0,0.0,3,3,0,0,3,3,,0,0,0,0,0
2020-09-22,US,Idaho,Valley,87,1,0,44.76728382,-115.5676773,16085.0,763.6938202247189,1.1494252873563218,86,87,1,0,86,86,11041,0,0,0,0,1
2020-09-22,US,Idaho,Washington,342,5,0,44.45275475,-116.78476880000001,16087.0,3354.914655679812,1.4619883040935673,337,336,5,0,331,333,10161,6,0,0,6,3
2020-09-22,US,Illinois,Adams,1020,10,0,39.98815591,-91.18786813,17001.0,1558.7988079773822,0.9803921568627452,1010,990,10,0,980,981,65691,30,0,0,30,9
2020-09-22,US,Illinois,Alexander,73,1,0,37.18049267,-89.32910838,17003.0,1267.1411213331019,1.3698630136986298,72,71,1,0,70,71,6060,2,0,0,2,0
2020-09-22,US,Illinois,Bond,294,4,0,38.88829622,-89.43534887,17005.0,1789.8453671009374,1.3605442176870748,290,290,4,0,286,288,16630,4,0,0,4,2
2020-09-22,US,Illinois,Boone,1056,23,0,42.32359279,-88.82345779,17007.0,1972.2097714029583,2.178030303030303,1033,1033,23,0,1010,1026,53577,23,0,0,23,7
2020-09-22,US,Illinois,Brown,41,0,0,39.96209138,-90.75068024,17009.0,623.2897537245364,0.0,41,39,0,0,39,37,6556,2,0,0,2,2
2020-09-22,US,Illinois,Bureau,587,11,0,41.40385234,-89.5283051,17011.0,1799.0682849086677,1.8739352640545144,576,580,11,0,569,573,32993,7,0,0,7,7
2020-09-22,US,Illinois,Calhoun,44,0,0,39.16840183,-90.66330078,17013.0,928.4659210803967,0.0,44,40,0,0,40,37,4802,4,0,0,4,3
2020-09-22,US,Illinois,Carroll,212,4,0,42.06823429,-89.93395545,17015.0,1481.999300943726,1.8867924528301887,208,204,4,0,200,204,14312,8,0,0,8,0
2020-09-22,US,Illinois,Cass,384,11,0,39.96991073,-90.24734436,17017.0,3161.27438873796,2.864583333333333,373,384,11,0,373,384,12260,0,0,0,0,0
2020-09-22,US,Illinois,Champaign,4411,20,0,40.13919438,-88.20046615,17019.0,2103.5915093304848,0.4534119247336205,4391,4379,20,0,4359,4330,209983,32,0,0,32,49
2020-09-22,US,Illinois,Christian,443,10,0,39.54581621,-89.27780482,17021.0,1371.3472015849432,2.2573363431151243,433,438,10,0,428,427,32661,5,0,0,5,11
2020-09-22,US,Illinois,Clark,151,2,0,39.33425789,-87.78705622,17023.0,977.9159380869116,1.3245033112582782,149,147,2,0,145,147,15596,4,0,0,4,0
2020-09-22,US,Illinois,Clay,141,0,0,38.75388572,-88.48914513,17025.0,1069.478155339806,0.0,141,141,0,0,141,138,13253,0,0,0,0,3
2020-09-22,US,Illinois,Clinton,1084,20,0,38.60704876,-89.42385254,17027.0,2885.895319738033,1.845018450184502,1064,1071,20,0,1051,1064,37639,13,0,0,13,7
2020-09-22,US,Illinois,Coles,1366,30,0,39.51949084,-88.22358557,17029.0,2698.484818553565,2.1961932650073206,1336,1354,28,0,1326,1349,50885,12,2,0,10,5
2020-09-22,US,Illinois,Cook,140078,5172,0,41.84144849,-87.81658794,17031.0,2719.8381121786138,3.692228615485658,134906,139583,5167,0,134416,139088,5180493,495,5,0,490,495
2020-09-22,US,Illinois,Crawford,389,2,0,39.0032229,-87.75954624,17033.0,2083.8913590828734,0.5141388174807198,387,389,1,0,388,352,18807,0,1,0,-1,37
2020-09-22,US,Illinois,Cumberland,200,4,0,39.27432424,-88.2401158,17035.0,1857.7001671930152,2.0,196,196,4,0,192,196,10808,4,0,0,4,0
2020-09-22,US,Illinois,De Witt,103,1,0,40.17514519,-88.90959682,17039.0,658.6520015347231,0.9708737864077671,102,101,1,0,100,100,15769,2,0,0,2,1
2020-09-22,US,Illinois,DeKalb,1480,38,0,41.89373302,-88.76958483,17037.0,1410.9078429316378,2.5675675675675675,1442,1465,38,0,1427,1440,104143,15,0,0,15,25
2020-09-22,US,Illinois,Douglas,281,6,0,39.76768052,-88.21854195,17041.0,1443.6167480092474,2.1352313167259784,275,280,6,0,274,275,19479,1,0,0,1,5
2020-09-22,US,Illinois,DuPage,16883,551,0,41.85116968,-88.08642662,17043.0,1829.300666037505,3.2636379790321626,16332,16799,550,0,16249,16694,928589,84,1,0,83,105
2020-09-22,US,Illinois,Edgar,109,7,0,39.6809186,-87.74759563,17045.0,635.1611211467863,6.422018348623853,102,109,7,0,102,109,17360,0,0,0,0,0
2020-09-22,US,Illinois,Edwards,61,0,0,38.41353228,-88.05720863,17047.0,953.8702111024236,0.0,61,61,0,0,61,60,6392,0,0,0,0,1
2020-09-22,US,Illinois,Effingham,834,1,0,39.05935711,-88.58969584,17049.0,2452.364149611856,0.11990407673860913,833,825,1,0,824,820,34208,9,0,0,9,5
2020-09-22,US,Illinois,Fayette,351,3,0,39.00072038,-89.02452658,17051.0,1645.1068616422947,0.8547008547008547,348,346,3,0,343,339,21416,5,0,0,5,7
2020-09-22,US,Illinois,Ford,98,5,0,40.59706922,-88.22350769,17053.0,756.1144973381682,5.1020408163265305,93,98,5,0,93,98,13264,0,0,0,0,0
2020-09-22,US,Illinois,Franklin,499,2,0,37.99189086,-88.92567818,17055.0,1297.1483532194757,0.4008016032064128,497,494,2,0,492,489,38701,5,0,0,5,5
2020-09-22,US,Illinois,Fulton,148,0,0,40.47289135,-90.20862357,17057.0,430.98427489807807,0.0,148,145,0,0,145,144,34844,3,0,0,3,1
2020-09-22,US,Illinois,Gallatin,67,2,0,37.76430935,-88.22953869,17059.0,1387.738193869097,2.985074626865672,65,67,2,0,65,67,5058,0,0,0,0,0
2020-09-22,US,Illinois,Greene,216,7,0,39.35907414,-90.388865,17061.0,1665.5100624566269,3.2407407407407414,209,208,6,0,202,208,13044,8,1,0,7,0
2020-09-22,US,Illinois,Grundy,635,5,0,41.28569601,-88.41905692,17063.0,1243.7810945273634,0.7874015748031497,630,627,5,0,622,627,50972,8,0,0,8,0
2020-09-22,US,Illinois,Hamilton,67,0,0,38.08163641,-88.53883373,17065.0,825.5298176441597,0.0,67,67,0,0,67,67,8163,0,0,0,0,0
2020-09-22,US,Illinois,Hancock,194,3,0,40.40423981,-91.16313899,17067.0,1095.5500338829906,1.5463917525773196,191,187,3,0,184,192,17844,7,0,0,7,-5
2020-09-22,US,Illinois,Hardin,36,0,0,37.51810645,-88.26873022,17069.0,942.1617377649832,0.0,36,35,0,0,35,34,3910,1,0,0,1,1
2020-09-22,US,Illinois,Henderson,63,0,0,40.81908672,-90.92491462,17071.0,947.9386096900392,0.0,63,63,0,0,63,62,6709,0,0,0,0,1
2020-09-22,US,Illinois,Henry,624,5,0,41.3533994,-90.13296166,17073.0,1275.7344673195266,0.8012820512820513,619,622,5,0,617,616,49090,2,0,0,2,6
2020-09-22,US,Illinois,Iroquois,357,19,0,40.74717633,-87.82466784,17075.0,1316.6629785350742,5.322128851540616,338,354,19,0,335,352,27604,3,0,0,3,2
2020-09-22,US,Illinois,Jackson,1242,24,0,37.78595185,-89.38232563,17077.0,2188.546255506608,1.932367149758454,1218,1241,24,0,1217,1236,57419,1,0,0,1,5
2020-09-22,US,Illinois,Jasper,199,9,0,39.01054275,-88.15437049,17079.0,2070.7596253902184,4.522613065326633,190,198,9,0,189,196,9611,1,0,0,1,2
2020-09-22,US,Illinois,Jefferson,564,38,0,38.29980057,-88.9240025,17081.0,1496.656405901709,6.73758865248227,526,564,37,0,527,557,37820,0,1,0,-1,7
2020-09-22,US,Illinois,Jersey,385,14,0,39.08869046,-90.35393073,17083.0,1768.2450741744362,3.636363636363636,371,381,13,0,368,380,21847,4,1,0,3,1
2020-09-22,US,Illinois,Jo Daviess,243,2,0,42.36542373,-90.21094405,17085.0,1144.3371791853074,0.8230452674897121,241,243,2,0,241,236,21366,0,0,0,0,7
2020-09-22,US,Illinois,Johnson,144,0,0,37.45939802,-88.88165419,17087.0,1159.7004107272287,0.0,144,144,0,0,144,144,12456,0,0,0,0,0
2020-09-22,US,Illinois,Kane,12716,325,0,41.93842729,-88.42861412,17089.0,2388.4162936722746,2.555835168291916,12391,12657,325,0,12332,12616,534216,59,0,0,59,41
2020-09-22,US,Illinois,Kankakee,2660,76,0,41.13746989,-87.86205334,17091.0,2421.2193479091948,2.8571428571428568,2584,2648,76,0,2572,2642,110024,12,0,0,12,6
2020-09-22,US,Illinois,Kendall,1932,25,0,41.59081014,-88.42869583,17093.0,1497.790526397395,1.2939958592132506,1907,1909,25,0,1884,1903,127915,23,0,0,23,6
2020-09-22,US,Illinois,Knox,613,3,0,40.93148779,-90.21330340000002,17095.0,1233.4252198233364,0.4893964110929853,610,605,3,0,602,598,50112,8,0,0,8,7
2020-09-22,US,Illinois,LaSalle,1630,56,0,41.34426129999999,-88.88633881,17099.0,1499.9677921026237,3.4355828220858897,1574,1616,55,0,1561,1608,109430,14,1,0,13,8
2020-09-22,US,Illinois,Lake,16489,486,0,42.3224907,-88.00367925,17097.0,2367.289511654117,2.9474194917824006,16003,16405,485,0,15920,16299,700832,84,1,0,83,106
2020-09-22,US,Illinois,Lawrence,250,2,0,38.71987914,-87.72884035,17101.0,1594.5911468299528,0.8,248,249,2,0,247,245,15765,1,0,0,1,4
2020-09-22,US,Illinois,Lee,333,1,0,41.74583951,-89.29977132,17103.0,976.6541529798217,0.3003003003003003,332,330,1,0,329,326,34223,3,0,0,3,4
2020-09-22,US,Illinois,Livingston,340,6,0,40.89188292,-88.55784752,17105.0,953.770197486535,1.7647058823529411,334,332,5,0,327,313,35761,8,1,0,7,19
2020-09-22,US,Illinois,Logan,436,1,0,40.12581572,-89.36638784,17107.0,1523.5166678314347,0.22935779816513766,435,431,1,0,430,430,28925,5,0,0,5,1
2020-09-22,US,Illinois,Macon,1417,40,0,39.86064913,-88.96342505,17115.0,1362.3821015489045,2.8228652081863093,1377,1396,40,0,1356,1374,104712,21,0,0,21,22
2020-09-22,US,Illinois,Macoupin,498,7,0,39.26119767,-89.92424028,17117.0,1108.489516093131,1.4056224899598393,491,496,7,0,489,495,45313,2,0,0,2,1
2020-09-22,US,Illinois,Madison,5414,131,0,38.83042506,-89.90422563,17119.0,2058.821292486481,2.4196527521241227,5283,5379,130,0,5249,5341,264461,35,1,0,34,38
2020-09-22,US,Illinois,Marion,516,0,0,38.64963204,-88.91899208,17121.0,1386.9103615105496,0.0,516,512,0,0,512,495,37620,4,0,0,4,17
2020-09-22,US,Illinois,Marshall,94,0,0,41.0327901,-89.34510444,17123.0,821.8219968525966,0.0,94,94,0,0,94,94,11534,0,0,0,0,0
2020-09-22,US,Illinois,Mason,128,1,0,40.23917274,-89.91824452,17125.0,958.155550565162,0.78125,127,127,1,0,126,127,13565,1,0,0,1,0
2020-09-22,US,Illinois,Massac,96,2,0,37.22078441,-88.71036614,17127.0,697.0665117629975,2.083333333333333,94,94,2,0,92,94,14080,2,0,0,2,0
2020-09-22,US,Illinois,McDonough,453,15,0,40.45674722,-90.67775541,17109.0,1526.1774813017996,3.3112582781456954,438,447,15,0,432,445,29955,6,0,0,6,2
2020-09-22,US,Illinois,McHenry,4446,118,0,42.32451172,-88.45248227,17111.0,1444.5664676028516,2.654071075123707,4328,4427,118,0,4309,4406,308570,19,0,0,19,21
2020-09-22,US,Illinois,McLean,3188,20,0,40.48996987,-88.84621113,17113.0,1858.707883183591,0.6273525721455459,3168,3171,19,0,3152,3147,172828,17,1,0,16,24
2020-09-22,US,Illinois,Menard,119,0,0,40.02742725,-89.80246001,17129.0,975.7297474581827,0.0,119,118,0,0,118,115,12288,1,0,0,1,3
2020-09-22,US,Illinois,Mercer,127,5,0,41.20596782,-90.74290052,17131.0,822.6987108894217,3.9370078740157477,122,126,5,0,121,126,15601,1,0,0,1,0
2020-09-22,US,Illinois,Monroe,627,15,0,38.27594376,-90.17761038,17133.0,1810.2029621503016,2.392344497607656,612,627,15,0,612,627,34335,0,0,0,0,0
2020-09-22,US,Illinois,Montgomery,331,13,0,39.23198845,-89.47809254,17135.0,1164.918702048286,3.9274924471299095,318,326,13,0,313,322,28601,5,0,0,5,4
2020-09-22,US,Illinois,Morgan,625,23,0,39.71654544,-90.20255104,17137.0,1856.9136609424206,3.68,602,617,21,0,596,615,33976,8,2,0,6,2
2020-09-22,US,Illinois,Moultrie,207,3,0,39.64187451,-88.62099969,17139.0,1427.4877594648644,1.4492753623188406,204,208,3,0,205,207,14717,-1,0,0,-1,1
2020-09-22,US,Illinois,Ogle,641,6,0,42.04165196,-89.32184679,17141.0,1265.7228047311573,0.93603744149766,635,631,6,0,625,622,50923,10,0,0,10,9
2020-09-22,US,Illinois,Out of IL,2,0,0,0.0,0.0,80017.0,0.0,0.0,2,5,0,0,5,2,,-3,0,0,-3,3
2020-09-22,US,Illinois,Peoria,3256,48,0,40.78702156,-89.76078901,17143.0,1817.1772361716492,1.4742014742014742,3208,3225,48,0,3177,3208,180621,31,0,0,31,17
2020-09-22,US,Illinois,Perry,338,15,0,38.08510853,-89.36856219,17145.0,1615.9877605660736,4.437869822485207,323,338,15,0,323,337,21174,0,0,0,0,1
2020-09-22,US,Illinois,Piatt,131,0,0,40.01360584,-88.59319339,17147.0,801.5173764072442,0.0,131,129,0,0,129,129,16396,2,0,0,2,0
2020-09-22,US,Illinois,Pike,110,1,0,39.62265059,-90.8877017,17149.0,706.8954437375488,0.9090909090909092,109,110,1,0,109,108,15611,0,0,0,0,2
2020-09-22,US,Illinois,Pope,26,1,0,37.41391284,-88.56152109,17151.0,622.4563083552789,3.8461538461538463,25,26,1,0,25,26,4212,0,0,0,0,0
2020-09-22,US,Illinois,Pulaski,159,1,0,37.22631423,-89.13085001,17153.0,2980.3186504217438,0.6289308176100629,158,157,1,0,156,156,5463,2,0,0,2,1
2020-09-22,US,Illinois,Putnam,52,0,0,41.2013541,-89.2869272,17155.0,906.0811988151248,0.0,52,49,0,0,49,43,5740,3,0,0,3,6
2020-09-22,US,Illinois,Randolph,923,11,0,38.05095369,-89.82512254,17157.0,2904.159587187716,1.191765980498375,912,922,11,0,911,915,32106,1,0,0,1,7
2020-09-22,US,Illinois,Richland,159,4,0,38.71240969,-88.08475366,17159.0,1024.9468187971381,2.5157232704402515,155,156,4,0,152,144,15763,3,0,0,3,12
2020-09-22,US,Illinois,Rock Island,2827,71,0,41.46613806,-90.57042164,17161.0,1992.5429415205915,2.511496285815352,2756,2813,71,0,2742,2789,143477,14,0,0,14,24
2020-09-22,US,Illinois,Saline,278,3,0,37.75332999,-88.54119706,17165.0,1183.431952662722,1.0791366906474822,275,266,3,0,263,256,23906,12,0,0,12,10
2020-09-22,US,Illinois,Sangamon,2267,44,0,39.75836914,-89.65872023,17167.0,1164.5228897838415,1.9408910454344952,2223,2246,44,0,2202,2232,195348,21,0,0,21,14
2020-09-22,US,Illinois,Schuyler,45,0,0,40.157179799999994,-90.61114163,17169.0,664.8936170212768,0.0,45,44,0,0,44,44,6907,1,0,0,1,0
2020-09-22,US,Illinois,Scott,74,0,0,39.642916899999996,-90.47814431,17171.0,1494.647545950313,0.0,74,69,0,0,69,69,4926,5,0,0,5,0
2020-09-22,US,Illinois,Shelby,352,4,0,39.39133527,-88.80611122,17173.0,1627.068503281871,1.1363636363636365,348,348,4,0,344,346,21741,4,0,0,4,2
2020-09-22,US,Illinois,St. Clair,6339,187,0,38.46996033,-89.93063427,17163.0,2441.0249301079,2.9499921123205555,6152,6317,183,0,6134,6278,261059,22,4,0,18,39
2020-09-22,US,Illinois,Stark,50,2,0,41.09309773,-89.79745866,17175.0,935.9790340696367,4.0,48,50,2,0,48,50,5427,0,0,0,0,0
2020-09-22,US,Illinois,Stephenson,475,6,0,42.35129217,-89.662598,17177.0,1067.463706233988,1.263157894736842,469,470,6,0,464,463,44753,5,0,0,5,7
2020-09-22,US,Illinois,Tazewell,1609,20,0,40.50716185,-89.51404662,17179.0,1220.7612876793394,1.2430080795525171,1589,1576,18,0,1558,1556,132328,33,2,0,31,20
2020-09-22,US,Illinois,Unassigned,2250,236,0,0.0,0.0,90017.0,0.0,10.488888888888887,2014,2238,236,0,2002,2238,,12,0,0,12,0
2020-09-22,US,Illinois,Union,497,24,0,37.47119609,-89.25548938,17181.0,2984.4472467423293,4.82897384305835,473,496,24,0,472,496,16841,1,0,0,1,0
2020-09-22,US,Illinois,Vermilion,622,4,0,40.18417171,-87.73384359,17183.0,821.0354022017476,0.6430868167202572,618,619,4,0,615,588,76806,3,0,0,3,31
2020-09-22,US,Illinois,Wabash,146,1,0,38.44272901,-87.84922065,17185.0,1267.361111111111,0.6849315068493149,145,140,1,0,139,139,11549,6,0,0,6,1
2020-09-22,US,Illinois,Warren,307,2,0,40.84925021,-90.6147432,17187.0,1822.6074566611248,0.6514657980456026,305,305,2,0,303,304,17032,2,0,0,2,1
2020-09-22,US,Illinois,Washington,197,1,0,38.35309213,-89.40982703,17189.0,1418.5929286382948,0.5076142131979695,196,193,1,0,192,193,13995,4,0,0,4,0
2020-09-22,US,Illinois,Wayne,249,5,0,38.42955355,-88.42586459,17191.0,1535.6151711378354,2.0080321285140563,244,245,5,0,240,240,16332,4,0,0,4,5
2020-09-22,US,Illinois,White,159,0,0,38.08706198,-88.17657461,17193.0,1174.5586171234395,0.0,159,159,0,0,159,156,13665,0,0,0,0,3
2020-09-22,US,Illinois,Whiteside,694,20,0,41.75509713,-89.91556058,17195.0,1257.8160398731309,2.8818443804034577,674,685,20,0,665,678,55626,9,0,0,9,7
2020-09-22,US,Illinois,Will,13539,373,0,41.44619267,-87.97862712,17197.0,1960.063294162952,2.755004062338429,13166,13451,372,0,13079,13416,692310,88,1,0,87,35
2020-09-22,US,Illinois,Williamson,1337,37,0,37.73033511,-88.92994027,17199.0,2007.59793984714,2.7673896783844434,1300,1325,34,0,1291,1315,67056,12,3,0,9,10
2020-09-22,US,Illinois,Winnebago,5399,149,0,42.33641854,-89.16085327,17201.0,1910.663476919157,2.7597703278384884,5250,5320,149,0,5171,5274,284081,79,0,0,79,46
2020-09-22,US,Illinois,Woodford,402,6,0,40.78579374,-89.20973757,17203.0,1045.2689877531916,1.492537313432836,396,397,6,0,391,389,38463,5,0,0,5,8
2020-09-22,US,Indiana,Adams,245,3,0,40.7457653,-84.93671406,18001.0,684.7974955977304,1.2244897959183674,242,244,3,0,241,244,35636,1,0,0,1,0
2020-09-22,US,Indiana,Allen,6029,200,0,41.09194313,-85.06800636,18003.0,1589.5111771979361,3.317299718029524,5829,5998,200,0,5798,5965,375351,31,0,0,31,33
2020-09-22,US,Indiana,Bartholomew,1153,57,0,39.20744865,-85.89558181,18005.0,1376.2398691796275,4.943625325238508,1096,1151,57,0,1094,1149,82753,2,0,0,2,2
2020-09-22,US,Indiana,Benton,88,0,0,40.60626947,-87.31093999,18007.0,1005.9442158207588,0.0,88,88,0,0,88,88,8653,0,0,0,0,0
2020-09-22,US,Indiana,Blackford,113,3,0,40.47388153,-85.32499702,18009.0,961.0477972444294,2.6548672566371683,110,113,3,0,110,113,11930,0,0,0,0,0
2020-09-22,US,Indiana,Boone,951,46,0,40.0509304,-86.46841646,18011.0,1401.7658417228013,4.837013669821242,905,945,46,0,899,944,66999,6,0,0,6,1
2020-09-22,US,Indiana,Brown,102,3,0,39.19605589,-86.22868909,18013.0,675.8547574874108,2.9411764705882355,99,102,3,0,99,101,15234,0,0,0,0,1
2020-09-22,US,Indiana,Carroll,270,13,0,40.580783200000006,-86.56198812,18015.0,1332.8725872537887,4.814814814814816,257,270,13,0,257,270,20127,0,0,0,0,0
2020-09-22,US,Indiana,Cass,1932,9,0,40.76135835,-86.34830753,18017.0,5126.164132770835,0.4658385093167702,1923,1932,9,0,1923,1931,37955,0,0,0,0,1
2020-09-22,US,Indiana,Clark,2150,56,0,38.48015445,-85.70510334,18019.0,1817.3826308938144,2.6046511627906983,2094,2136,56,0,2080,2117,117360,14,0,0,14,19
2020-09-22,US,Indiana,Clay,293,5,0,39.39561833,-87.11723506,18021.0,1117.254528122021,1.706484641638225,288,293,5,0,288,292,26170,0,0,0,0,1
2020-09-22,US,Indiana,Clinton,592,12,0,40.30319754,-86.47277257,18023.0,1827.216889410167,2.0270270270270268,580,591,12,0,579,591,32250,1,0,0,1,0
2020-09-22,US,Indiana,Crawford,103,0,0,38.28814402,-86.44518825,18025.0,973.8110995556397,0.0,103,103,0,0,103,103,10558,0,0,0,0,0
2020-09-22,US,Indiana,Daviess,644,27,0,38.70186039,-87.07185406,18027.0,1930.976582411322,4.192546583850931,617,643,27,0,616,641,33147,1,0,0,1,2
2020-09-22,US,Indiana,DeKalb,456,11,0,41.39804622,-84.99906934,18033.0,1048.8786658999422,2.4122807017543857,445,451,11,0,440,450,43226,5,0,0,5,1
2020-09-22,US,Indiana,Dearborn,632,28,0,39.14647946,-84.97333539,18029.0,1277.8519147559543,4.4303797468354436,604,628,28,0,600,626,49568,4,0,0,4,2
2020-09-22,US,Indiana,Decatur,454,39,0,39.30712658,-85.50087166,18031.0,1709.4017094017097,8.590308370044053,415,453,39,0,414,453,26794,1,0,0,1,0
2020-09-22,US,Indiana,Delaware,1882,61,0,40.22787247,-85.39732772,18035.0,1648.9245192097076,3.2412327311370883,1821,1882,61,0,1821,1870,114772,0,0,0,0,12
2020-09-22,US,Indiana,Dubois,954,18,0,38.36597551,-86.87924170000002,18037.0,2232.309996256084,1.8867924528301887,936,951,18,0,933,949,42565,3,0,0,3,2
2020-09-22,US,Indiana,Elkhart,6415,109,0,41.59761169,-85.85875695,18039.0,3108.931332115285,1.6991426344505067,6306,6387,109,0,6278,6368,205560,28,0,0,28,19
2020-09-22,US,Indiana,Fayette,418,13,0,39.63684962,-85.17797541,18041.0,1809.36715435893,3.1100478468899517,405,418,13,0,405,418,23047,0,0,0,0,0
2020-09-22,US,Indiana,Floyd,1314,61,0,38.32117957,-85.90385377,18043.0,1673.4163673874834,4.642313546423137,1253,1309,61,0,1248,1303,77781,5,0,0,5,6
2020-09-22,US,Indiana,Fountain,118,2,0,40.12361933,-87.24217689,18045.0,721.8891471919736,1.6949152542372878,116,116,2,0,114,115,16351,2,0,0,2,1
2020-09-22,US,Indiana,Franklin,299,25,0,39.4142482,-85.06062647,18047.0,1313.8237103436156,8.361204013377927,274,299,25,0,274,297,22736,0,0,0,0,2
2020-09-22,US,Indiana,Fulton,234,2,0,41.0469907,-86.26252745,18049.0,1171.522979873836,0.8547008547008547,232,234,2,0,232,235,20092,0,0,0,0,-1
2020-09-22,US,Indiana,Gibson,485,4,0,38.30393723,-87.58054938,18051.0,1440.922190201729,0.8247422680412371,481,479,4,0,475,474,33452,6,0,0,6,5
2020-09-22,US,Indiana,Grant,891,33,0,40.51587228,-85.65468702,18053.0,1354.7415955845458,3.703703703703704,858,888,33,0,855,882,65936,3,0,0,3,6
2020-09-22,US,Indiana,Greene,418,35,0,39.03630547,-86.96223202,18055.0,1309.4417643004824,8.373205741626794,383,418,35,0,383,418,32006,0,0,0,0,0
2020-09-22,US,Indiana,Hamilton,4724,109,0,40.07306535,-86.05244729,18057.0,1397.5876524728485,2.3073666384419984,4615,4695,109,0,4586,4676,330086,29,0,0,29,19
2020-09-22,US,Indiana,Hancock,911,43,0,39.82304555,-85.77566351,18059.0,1165.4385426261385,4.7200878155872665,868,907,42,0,865,905,76351,4,1,0,3,2
2020-09-22,US,Indiana,Harrison,560,24,0,38.19467379,-86.10948271,18061.0,1382.2041219301493,4.285714285714286,536,561,24,0,537,560,40350,-1,0,0,-1,1
2020-09-22,US,Indiana,Hendricks,2673,122,0,39.76719009,-86.51037283,18063.0,1569.4817128664624,4.564160119715675,2551,2661,122,0,2539,2650,167009,12,0,0,12,11
2020-09-22,US,Indiana,Henry,770,24,0,39.93029017,-85.39625719,18065.0,1605.1029767364294,3.116883116883117,746,769,24,0,745,763,48271,1,0,0,1,6
2020-09-22,US,Indiana,Howard,1285,63,0,40.48527731,-86.11351892,18067.0,1556.7454933126576,4.9027237354085615,1222,1277,63,0,1214,1275,82366,8,0,0,8,2
2020-09-22,US,Indiana,Huntington,222,3,0,40.82907273,-85.48822092,18069.0,607.8860898138007,1.351351351351351,219,223,3,0,220,221,36240,-1,0,0,-1,2
2020-09-22,US,Indiana,Jackson,740,9,0,38.90915820000001,-86.03851889,18071.0,1673.0347493839167,1.2162162162162162,731,740,9,0,731,734,44111,0,0,0,0,6
2020-09-22,US,Indiana,Jasper,386,2,0,41.02078733,-87.11553319,18073.0,1150.1102437280258,0.5181347150259067,384,384,2,0,382,382,33370,2,0,0,2,2
2020-09-22,US,Indiana,Jay,173,0,0,40.43781032,-85.00576229,18075.0,846.5453121941672,0.0,173,172,0,0,172,170,20764,1,0,0,1,2
2020-09-22,US,Indiana,Jefferson,244,3,0,38.78576239,-85.43633383,18077.0,755.2309025628327,1.2295081967213115,241,243,3,0,240,243,32208,1,0,0,1,0
2020-09-22,US,Indiana,Jennings,312,12,0,38.99588883,-85.62710784,18079.0,1124.93239588967,3.8461538461538463,300,310,12,0,298,309,27611,2,0,0,2,1
2020-09-22,US,Indiana,Johnson,2268,123,0,39.48994426,-86.10149107,18081.0,1433.9274311329166,5.423280423280422,2145,2258,122,0,2136,2257,156225,10,1,0,9,1
2020-09-22,US,Indiana,Knox,501,9,0,38.68861576,-87.4194665,18083.0,1369.0768978521069,1.7964071856287425,492,491,9,0,482,486,36895,10,0,0,10,5
2020-09-22,US,Indiana,Kosciusko,1202,17,0,41.24521668,-85.86312322,18085.0,1512.7869512686264,1.4143094841930115,1185,1198,17,0,1181,1190,79344,4,0,0,4,8
2020-09-22,US,Indiana,LaGrange,631,11,0,41.64232188,-85.42674232,18087.0,1592.8712071489874,1.7432646592709984,620,630,11,0,619,630,39330,1,0,0,1,0
2020-09-22,US,Indiana,LaPorte,1377,39,0,41.54366008,-86.74072188,18091.0,1253.0940594059407,2.832244008714597,1338,1372,37,0,1335,1367,110007,5,2,0,3,5
2020-09-22,US,Indiana,Lake,10292,318,0,41.41874274,-87.38277575,18089.0,2119.9069811511185,3.089778468713564,9974,10264,319,0,9945,10217,484411,28,-1,0,29,47
2020-09-22,US,Indiana,Lawrence,505,28,0,38.84112637,-86.48361629,18093.0,1113.070310778047,5.544554455445543,477,504,28,0,476,503,45668,1,0,0,1,1
2020-09-22,US,Indiana,Madison,1595,75,0,40.16143691,-85.71964711,18095.0,1231.0043297393668,4.702194357366771,1520,1585,75,0,1510,1577,129641,10,0,0,10,8
2020-09-22,US,Indiana,Marion,20832,759,0,39.78163624,-86.13826325,18097.0,2159.6919702005634,3.6434331797235022,20073,20746,758,0,19988,20699,954670,86,1,0,85,47
2020-09-22,US,Indiana,Marshall,989,24,0,41.32467367,-86.26185087,18099.0,2138.0085606813955,2.426693629929221,965,988,24,0,964,985,46248,1,0,0,1,3
2020-09-22,US,Indiana,Martin,164,0,0,38.7099921,-86.80373186,18101.0,1599.2198927352508,0.0,164,164,0,0,164,162,10217,0,0,0,0,2
2020-09-22,US,Indiana,Miami,426,3,0,40.76940965,-86.04525048,18103.0,1199.4593985809213,0.7042253521126759,423,425,3,0,422,424,35567,1,0,0,1,1
2020-09-22,US,Indiana,Monroe,2474,36,0,39.16130004,-86.52414358,18105.0,1666.7677237234811,1.4551333872271626,2438,2422,36,0,2386,2408,146917,52,0,0,52,14
2020-09-22,US,Indiana,Montgomery,505,21,0,40.04034823,-86.89335024,18107.0,1317.230945797903,4.158415841584159,484,505,21,0,484,505,38346,0,0,0,0,0
2020-09-22,US,Indiana,Morgan,700,38,0,39.47899078,-86.44573375,18109.0,993.0627473790236,5.428571428571429,662,701,38,0,663,696,70116,-1,0,0,-1,5
2020-09-22,US,Indiana,Newton,171,11,0,40.95610449,-87.39635768,18111.0,1222.8260869565215,6.432748538011697,160,170,11,0,159,170,14011,1,0,0,1,0
2020-09-22,US,Indiana,Noble,891,32,0,41.39672484,-85.41966713,18113.0,1866.20308310992,3.591470258136925,859,886,32,0,854,881,47532,5,0,0,5,5
2020-09-22,US,Indiana,Ohio,76,7,0,38.955304999999996,-84.96515993,18115.0,1293.6170212765958,9.210526315789474,69,76,7,0,69,76,5844,0,0,0,0,0
2020-09-22,US,Indiana,Orange,285,24,0,38.54118920000001,-86.49523093,18117.0,1450.676982591876,8.421052631578947,261,284,24,0,260,282,19489,1,0,0,1,2
2020-09-22,US,Indiana,Owen,165,1,0,39.31145587,-86.83900724,18119.0,793.3073705466609,0.6060606060606061,164,165,1,0,164,164,20845,0,0,0,0,1
2020-09-22,US,Indiana,Parke,94,1,0,39.77202286,-87.20375833,18121.0,554.9979335183326,1.0638297872340423,93,94,1,0,93,93,16927,0,0,0,0,1
2020-09-22,US,Indiana,Perry,214,13,0,38.07809328,-86.63741946,18123.0,1116.385831290104,6.074766355140188,201,208,13,0,195,209,19102,6,0,0,6,-1
2020-09-22,US,Indiana,Pike,140,1,0,38.40112197,-87.23574907,18125.0,1130.034708208895,0.7142857142857143,139,141,1,0,140,141,12410,-1,0,0,-1,0
2020-09-22,US,Indiana,Porter,2078,45,0,41.45986947,-87.06848888,18127.0,1219.562295688102,2.165543792107796,2033,2070,45,0,2025,2052,169594,8,0,0,8,18
2020-09-22,US,Indiana,Posey,306,0,0,38.02097333,-87.86480429,18129.0,1203.4451567231686,0.0,306,302,0,0,302,302,25540,4,0,0,4,0
2020-09-22,US,Indiana,Pulaski,115,1,0,41.04166107,-86.69890683,18131.0,930.9479478669148,0.8695652173913043,114,114,1,0,113,114,12469,1,0,0,1,0
2020-09-22,US,Indiana,Putnam,537,10,0,39.66437981,-86.84517605,18133.0,1429.1036832020438,1.86219739292365,527,534,9,0,525,532,37779,3,1,0,2,2
2020-09-22,US,Indiana,Randolph,208,7,0,40.15734772,-85.01139319,18135.0,843.3002229880395,3.3653846153846154,201,207,7,0,200,206,24851,1,0,0,1,1
2020-09-22,US,Indiana,Ripley,283,8,0,39.10235626,-85.26212744,18137.0,999.1526620533824,2.826855123674912,275,279,8,0,271,278,28523,4,0,0,4,1
2020-09-22,US,Indiana,Rush,152,4,0,39.62002287,-85.4655599,18139.0,916.7118991616912,2.631578947368421,148,151,4,0,147,151,16663,1,0,0,1,0
2020-09-22,US,Indiana,Scott,356,10,0,38.68672078,-85.74627859,18143.0,1491.2243957609014,2.808988764044944,346,354,10,0,344,353,23878,2,0,0,2,1
2020-09-22,US,Indiana,Shelby,665,29,0,39.52305623,-85.79158570000001,18145.0,1486.7312034697848,4.360902255639099,636,665,29,0,636,665,44593,0,0,0,0,0
2020-09-22,US,Indiana,Spencer,215,3,0,38.01519732,-87.0079644,18147.0,1060.3146422054544,1.3953488372093024,212,221,4,0,217,219,20327,-6,-1,0,-5,2
2020-09-22,US,Indiana,St. Joseph,6156,102,0,41.61756781,-86.29040834,18141.0,2264.684025810629,1.6569200779727096,6054,6109,100,0,6009,6045,270771,47,2,0,45,64
2020-09-22,US,Indiana,Starke,253,7,0,41.27890281,-86.64686895,18149.0,1100.2391824309632,2.766798418972332,246,253,7,0,246,251,22935,0,0,0,0,2
2020-09-22,US,Indiana,Steuben,370,7,0,41.64423868,-85.00101094,18151.0,1069.549632884315,1.891891891891892,363,369,7,0,362,367,34586,1,0,0,1,2
2020-09-22,US,Indiana,Sullivan,330,12,0,39.08952258,-87.41414469,18153.0,1596.5939329430548,3.636363636363636,318,330,12,0,318,329,20690,0,0,0,0,1
2020-09-22,US,Indiana,Switzerland,70,0,0,38.82767338,-85.03022429,18155.0,651.1022230490188,0.0,70,69,0,0,69,68,10717,1,0,0,1,1
2020-09-22,US,Indiana,Tippecanoe,2269,13,0,40.38872739,-86.89413959,18157.0,1159.2381419491958,0.5729396209784046,2256,2233,13,0,2220,2210,193048,36,0,0,36,23
2020-09-22,US,Indiana,Tipton,217,22,0,40.31123252,-86.05234925,18159.0,1432.5323475046216,10.138248847926267,195,217,22,0,195,217,15128,0,0,0,0,0
2020-09-22,US,Indiana,Unassigned,0,225,0,0.0,0.0,90018.0,0.0,0.0,-225,0,225,0,-225,0,,0,0,0,0,0
2020-09-22,US,Indiana,Union,77,0,0,39.62550777,-84.92497066,18161.0,1091.5792458179756,0.0,77,77,0,0,77,77,7037,0,0,0,0,0
2020-09-22,US,Indiana,Vanderburgh,3445,30,0,38.02658833,-87.58763124,18163.0,1898.5841907732665,0.8708272859216255,3415,3383,30,0,3353,3341,180974,62,0,0,62,42
2020-09-22,US,Indiana,Vermillion,126,0,0,39.8523352,-87.46160542,18165.0,813.0081300813008,0.0,126,126,0,0,126,126,15479,0,0,0,0,0
2020-09-22,US,Indiana,Vigo,1781,23,0,39.42944561,-87.39169027,18167.0,1663.8950653039108,1.2914093206064008,1758,1769,22,0,1747,1766,107386,12,1,0,11,3
2020-09-22,US,Indiana,Wabash,261,8,0,40.84704239,-85.79328272,18169.0,842.0441347270613,3.0651340996168583,253,262,8,0,254,263,31280,-1,0,0,-1,-1
2020-09-22,US,Indiana,Warren,39,1,0,40.34728141,-87.35602659,18171.0,471.8693284936479,2.5641025641025643,38,40,1,0,39,40,8263,-1,0,0,-1,0
2020-09-22,US,Indiana,Warrick,1199,36,0,38.08922676,-87.2716085,18173.0,1903.2350233340744,3.0025020850708923,1163,1170,35,0,1135,1141,62567,29,1,0,28,29
2020-09-22,US,Indiana,Washington,261,1,0,38.60219804,-86.1049363,18175.0,930.9459266657157,0.3831417624521073,260,259,1,0,258,258,27943,2,0,0,2,1
2020-09-22,US,Indiana,Wayne,744,14,0,39.863344399999995,-85.01044989,18177.0,1129.2574828486431,1.8817204301075268,730,742,14,0,728,739,65936,2,0,0,2,3
2020-09-22,US,Indiana,Wells,248,2,0,40.72934187,-85.22132966,18179.0,876.4489680520213,0.8064516129032258,246,247,2,0,245,247,28206,1,0,0,1,0
2020-09-22,US,Indiana,White,481,14,0,40.74911165,-86.86492015,18181.0,1995.6850053937435,2.9106029106029108,467,480,14,0,466,479,24133,1,0,0,1,1
2020-09-22,US,Indiana,Whitley,252,6,0,41.13863784,-85.50791236,18183.0,741.962077493817,2.380952380952381,246,254,6,0,248,252,34074,-2,0,0,-2,2
2020-09-22,US,Iowa,Adair,68,1,0,41.33075609,-94.47105874,19001.0,950.7829977628636,1.4705882352941178,67,67,1,0,66,66,7063,1,0,0,1,1
2020-09-22,US,Iowa,Adams,29,0,0,41.02903567,-94.69932645,19003.0,805.1082731815657,0.0,29,29,0,0,29,28,3645,0,0,0,0,1
2020-09-22,US,Iowa,Allamakee,251,6,0,43.28383218,-91.37860922,19005.0,1833.8569445459195,2.3904382470119523,245,248,6,0,242,245,13832,3,0,0,3,3
2020-09-22,US,Iowa,Appanoose,126,3,0,40.74324454,-92.86865906,19007.0,1014.0028971511348,2.380952380952381,123,125,3,0,122,123,12437,1,0,0,1,2
2020-09-22,US,Iowa,Audubon,70,1,0,41.6844628,-94.90581859,19009.0,1273.6535662299855,1.4285714285714286,69,68,1,0,67,64,5506,2,0,0,2,4
2020-09-22,US,Iowa,Benton,292,1,0,42.08011739,-92.06463573,19011.0,1138.6235133554296,0.3424657534246575,291,287,1,0,286,286,25642,5,0,0,5,1
2020-09-22,US,Iowa,Black Hawk,4396,88,0,42.4704581,-92.30524729,19013.0,3349.894839515957,2.001819836214741,4308,4375,86,0,4289,4349,132408,21,2,0,19,26
2020-09-22,US,Iowa,Boone,480,8,0,42.03657094,-93.9313999,19015.0,1829.6866661584204,1.6666666666666667,472,478,8,0,470,467,26346,2,0,0,2,11
2020-09-22,US,Iowa,Bremer,471,7,0,42.77461496,-92.31795937,19017.0,1879.3392386880537,1.4861995753715498,464,468,7,0,461,462,24947,3,0,0,3,6
2020-09-22,US,Iowa,Buchanan,255,1,0,42.4709188,-91.83510825,19019.0,1204.250295159386,0.392156862745098,254,251,1,0,250,242,21199,4,0,0,4,9
2020-09-22,US,Iowa,Buena Vista,1955,12,0,42.73545875,-95.15100162,19021.0,9964.322120285424,0.6138107416879796,1943,1951,12,0,1939,1947,19874,4,0,0,4,4
2020-09-22,US,Iowa,Butler,263,2,0,42.73172833,-92.79015971,19023.0,1821.455779486114,0.7604562737642585,261,262,2,0,260,259,14539,1,0,0,1,3
2020-09-22,US,Iowa,Calhoun,176,2,0,42.38521079,-94.64046046,19025.0,1820.4385601985928,1.1363636363636365,174,172,2,0,170,170,9699,4,0,0,4,2
2020-09-22,US,Iowa,Carroll,644,5,0,42.03617207,-94.86032705,19027.0,3193.6523679642946,0.7763975155279503,639,637,5,0,632,634,20154,7,0,0,7,3
2020-09-22,US,Iowa,Cass,139,2,0,41.33149454,-94.92792482,19029.0,1082.8918666251168,1.4388489208633093,137,136,2,0,134,133,12930,3,0,0,3,3
2020-09-22,US,Iowa,Cedar,226,1,0,41.77233777,-91.13246684,19031.0,1213.29253234552,0.4424778761061947,225,223,1,0,222,221,18627,3,0,0,3,2
2020-09-22,US,Iowa,Cerro Gordo,1007,21,0,43.08177563,-93.2612239,19033.0,2372.2025912838635,2.0854021847070507,986,1002,21,0,981,996,42647,5,0,0,5,6
2020-09-22,US,Iowa,Cherokee,212,2,0,42.73538914,-95.62389402,19035.0,1886.960391633289,0.9433962264150944,210,204,2,0,202,194,11321,8,0,0,8,10
2020-09-22,US,Iowa,Chickasaw,225,0,0,43.06001295,-92.31773347,19037.0,1885.527528701919,0.0,225,222,0,0,222,221,11964,3,0,0,3,1
2020-09-22,US,Iowa,Clarke,261,3,0,41.02868181,-93.78499767,19039.0,2778.0734433209154,1.1494252873563218,258,256,3,0,253,255,9423,5,0,0,5,1
2020-09-22,US,Iowa,Clay,301,4,0,43.08247182,-95.15096481,19041.0,1879.3706293706293,1.32890365448505,297,296,3,0,293,292,16134,5,1,0,4,4
2020-09-22,US,Iowa,Clayton,238,3,0,42.84443388,-91.34133693,19043.0,1356.2026326286398,1.2605042016806722,235,234,3,0,231,232,17556,4,0,0,4,2
2020-09-22,US,Iowa,Clinton,1080,20,0,41.89981633,-90.53275096,19045.0,2326.1323741626998,1.851851851851852,1060,1074,19,0,1055,1070,46518,6,1,0,5,4
2020-09-22,US,Iowa,Crawford,1021,5,0,42.03718237,-95.3819718,19047.0,6070.1545778834725,0.4897159647404506,1016,1014,5,0,1009,1001,17158,7,0,0,7,13
2020-09-22,US,Iowa,Dallas,2700,38,0,41.68560356,-94.04127625,19049.0,2889.152836185034,1.4074074074074074,2662,2698,38,0,2660,2690,90180,2,0,0,2,8
2020-09-22,US,Iowa,Davis,118,4,0,40.74773536,-92.41005468,19051.0,1311.111111111111,3.3898305084745757,114,116,4,0,112,114,9017,2,0,0,2,2
2020-09-22,US,Iowa,Decatur,63,0,0,40.73742757,-93.78645949,19053.0,800.5082592121981,0.0,63,60,0,0,60,59,7890,3,0,0,3,1
2020-09-22,US,Iowa,Delaware,349,3,0,42.47104597,-91.3664492,19055.0,2051.6136617482807,0.8595988538681948,346,342,3,0,339,335,17069,7,0,0,7,7
2020-09-22,US,Iowa,Des Moines,747,7,0,40.92012606,-91.18326592,19057.0,1917.0066979752094,0.9370816599732262,740,740,7,0,733,741,39138,7,0,0,7,-1
2020-09-22,US,Iowa,Dickinson,487,6,0,43.37787725,-95.1510206,19059.0,2821.879707961525,1.2320328542094456,481,487,6,0,481,485,17153,0,0,0,0,2
2020-09-22,US,Iowa,Dubuque,2891,41,0,42.46815349,-90.88181925,19061.0,2970.887155614473,1.4181943964026291,2850,2823,41,0,2782,2798,96854,68,0,0,68,25
2020-09-22,US,Iowa,Emmet,253,10,0,43.37782951,-94.67858943,19063.0,2747.6107732406604,3.9525691699604737,243,252,10,0,242,252,9253,1,0,0,1,0
2020-09-22,US,Iowa,Fayette,203,2,0,42.86271799,-91.84412309999999,19065.0,1033.0788804071246,0.9852216748768472,201,200,2,0,198,191,19660,3,0,0,3,9
2020-09-22,US,Iowa,Floyd,306,3,0,43.06000529999999,-92.78940097,19067.0,1956.2715765247406,0.9803921568627452,303,302,3,0,299,298,15761,4,0,0,4,4
2020-09-22,US,Iowa,Franklin,344,18,0,42.73270384,-93.26256925,19069.0,3416.0873882820256,5.232558139534883,326,342,18,0,324,336,10124,2,0,0,2,6
2020-09-22,US,Iowa,Fremont,90,0,0,40.74542720000001,-95.60129045,19071.0,1293.1034482758619,0.0,90,90,0,0,90,87,6993,0,0,0,0,3
2020-09-22,US,Iowa,Greene,94,0,0,42.03614551,-94.39658081,19073.0,1057.6057605760575,0.0,94,89,0,0,89,87,8981,5,0,0,5,2
2020-09-22,US,Iowa,Grundy,210,3,0,42.40183723,-92.78829551,19075.0,1716.8083714846305,1.4285714285714286,207,206,2,0,204,205,12304,4,1,0,3,1
2020-09-22,US,Iowa,Guthrie,231,5,0,41.68378965,-94.50111014,19077.0,2161.1001964636544,2.1645021645021645,226,231,5,0,226,223,10720,0,0,0,0,8
2020-09-22,US,Iowa,Hamilton,317,3,0,42.38382428,-93.70197703,19079.0,2145.806538956204,0.946372239747634,314,315,3,0,312,314,14952,2,0,0,2,1
2020-09-22,US,Iowa,Hancock,176,2,0,43.08178477,-93.73454884,19081.0,1655.6914393226716,1.1363636363636365,174,174,2,0,172,172,10712,2,0,0,2,2
2020-09-22,US,Iowa,Hardin,285,1,0,42.38353877,-93.23654611,19083.0,1691.796272112074,0.3508771929824561,284,284,1,0,283,276,16868,1,0,0,1,8
2020-09-22,US,Iowa,Harrison,189,2,0,41.68330137,-95.81558439,19085.0,1345.2914798206275,1.058201058201058,187,181,2,0,179,178,14134,8,0,0,8,3
2020-09-22,US,Iowa,Henry,631,4,0,40.98767962,-91.54436349,19087.0,3162.2732284253784,0.6339144215530903,627,620,4,0,616,607,20067,11,0,0,11,13
2020-09-22,US,Iowa,Howard,183,6,0,43.35671042,-92.31702714,19089.0,1998.2528936449007,3.278688524590164,177,182,6,0,176,182,9187,1,0,0,1,0
2020-09-22,US,Iowa,Humboldt,177,3,0,42.7764426,-94.20722537,19091.0,1851.8518518518522,1.6949152542372878,174,176,3,0,173,173,9547,1,0,0,1,3
2020-09-22,US,Iowa,Ida,105,0,0,42.38696136,-95.51355387,19093.0,1530.6122448979593,0.0,105,103,0,0,103,97,6841,2,0,0,2,6
2020-09-22,US,Iowa,Iowa,193,1,0,41.68630265,-92.0643373,19095.0,1192.5358378645576,0.5181347150259067,192,192,1,0,191,185,16141,1,0,0,1,7
2020-09-22,US,Iowa,Jackson,310,3,0,42.17178824,-90.57354837,19097.0,1594.732239312722,0.967741935483871,307,304,3,0,301,300,19432,6,0,0,6,4
2020-09-22,US,Iowa,Jasper,783,32,0,41.68576082,-93.05567785,19099.0,2105.687777329568,4.086845466155811,751,772,32,0,740,766,37147,11,0,0,11,6
2020-09-22,US,Iowa,Jefferson,134,1,0,41.03192394,-91.94849466,19101.0,732.4405575293796,0.746268656716418,133,134,1,0,133,134,18381,0,0,0,0,0
2020-09-22,US,Iowa,Johnson,5028,27,0,41.67169354,-91.58754744,19103.0,3326.716951171099,0.5369928400954654,5001,5011,27,0,4984,4995,151260,17,0,0,17,16
2020-09-22,US,Iowa,Jones,251,3,0,42.12118609,-91.13139641,19105.0,1213.6743871186113,1.195219123505976,248,248,3,0,245,244,20744,3,0,0,3,4
2020-09-22,US,Iowa,Keokuk,95,1,0,41.33649833,-92.1785067,19107.0,927.19109896545,1.0526315789473684,94,91,1,0,90,91,10225,4,0,0,4,0
2020-09-22,US,Iowa,Kossuth,237,0,0,43.20405458,-94.20691791,19109.0,1599.9459933841895,0.0,237,231,0,0,231,219,14908,6,0,0,6,12
2020-09-22,US,Iowa,Lee,609,7,0,40.64181461,-91.48183025,19111.0,1809.4304305196545,1.1494252873563218,602,599,7,0,592,596,34055,10,0,0,10,3
2020-09-22,US,Iowa,Linn,3832,108,0,42.07923082,-91.59809485,19113.0,1690.2949194110433,2.8183716075156577,3724,3808,108,0,3700,3783,225909,24,0,0,24,25
2020-09-22,US,Iowa,Louisa,426,15,0,41.21842119,-91.26102611,19115.0,3860.4440416855455,3.5211267605633805,411,425,15,0,410,425,11169,1,0,0,1,0
2020-09-22,US,Iowa,Lucas,153,6,0,41.02958964,-93.32780803,19117.0,1779.0697674418604,3.92156862745098,147,152,6,0,146,142,8645,1,0,0,1,10
2020-09-22,US,Iowa,Lyon,269,4,0,43.38107862,-96.20926845,19119.0,2288.387920034028,1.4869888475836432,265,260,3,0,257,248,11811,9,1,0,8,12
2020-09-22,US,Iowa,Madison,207,2,0,41.33081904,-94.01554631,19121.0,1266.984943077488,0.966183574879227,205,206,2,0,204,205,16249,1,0,0,1,1
2020-09-22,US,Iowa,Mahaska,358,19,0,41.33521503,-92.64083907,19123.0,1620.2760805612133,5.307262569832402,339,346,19,0,327,340,22000,12,0,0,12,6
2020-09-22,US,Iowa,Marion,734,5,0,41.33445101,-93.09934783,19125.0,2207.319640333203,0.6811989100817438,729,726,5,0,721,715,33407,8,0,0,8,11
2020-09-22,US,Iowa,Marshall,1764,34,0,42.03586837,-92.99908190000001,19127.0,4480.6827707079165,1.9274376417233559,1730,1762,34,0,1728,1761,39981,2,0,0,2,1
2020-09-22,US,Iowa,Mills,168,1,0,41.03299766,-95.61920963,19129.0,1111.9200476537164,0.5952380952380952,167,169,1,0,168,168,15063,-1,0,0,-1,1
2020-09-22,US,Iowa,Mitchell,183,0,0,43.35638371,-92.78887719,19131.0,1728.698280748158,0.0,183,183,0,0,183,183,10569,0,0,0,0,0
2020-09-22,US,Iowa,Monona,142,1,0,42.05220391,-95.95743843,19133.0,1648.2878699941962,0.7042253521126759,141,140,1,0,139,138,8679,2,0,0,2,2
2020-09-22,US,Iowa,Monroe,151,10,0,41.02988815,-92.8690667,19135.0,1959.2578175684448,6.622516556291392,141,150,10,0,140,148,7790,1,0,0,1,2
2020-09-22,US,Iowa,Montgomery,90,5,0,41.03018714,-95.15642896,19137.0,907.5325199152968,5.5555555555555545,85,88,5,0,83,86,10003,2,0,0,2,2
2020-09-22,US,Iowa,Muscatine,1078,54,0,41.48370744,-91.11216970000001,19139.0,2526.720420026252,5.009276437847866,1024,1068,54,0,1014,1064,42929,10,0,0,10,4
2020-09-22,US,Iowa,O'Brien,322,9,0,43.08310673,-95.62474482,19141.0,2341.307351123391,2.7950310559006213,313,309,9,0,300,304,13840,13,0,0,13,5
2020-09-22,US,Iowa,Osceola,139,0,0,43.37824276,-95.62422844,19143.0,2332.997650218194,0.0,139,130,0,0,130,126,6040,9,0,0,9,4
2020-09-22,US,Iowa,Page,142,0,0,40.7393172,-95.1497813,19145.0,939.9616072019594,0.0,142,142,0,0,142,142,15249,0,0,0,0,0
2020-09-22,US,Iowa,Palo Alto,165,0,0,43.08193849,-94.67824621,19147.0,1856.8534773801487,0.0,165,163,0,0,163,160,8929,2,0,0,2,3
2020-09-22,US,Iowa,Plymouth,1062,20,0,42.737633,-96.21366621,19149.0,4218.1355999523375,1.8832391713747645,1042,1058,20,0,1038,1052,25095,4,0,0,4,6
2020-09-22,US,Iowa,Pocahontas,154,2,0,42.73420133,-94.67862564,19151.0,2326.6354434204563,1.2987012987012987,152,154,2,0,152,152,6740,0,0,0,0,2
2020-09-22,US,Iowa,Polk,15404,259,0,41.68679484,-93.57767461,19153.0,3142.6408873819014,1.6813814593612049,15145,15366,259,0,15107,15318,487204,38,0,0,38,48
2020-09-22,US,Iowa,Pottawattamie,2006,38,0,41.33640314,-95.53907776,19155.0,2152.221959959659,1.89431704885344,1968,2002,38,0,1964,2000,93533,4,0,0,4,2
2020-09-22,US,Iowa,Poweshiek,258,8,0,41.68625425,-92.53155731,19157.0,1394.2931258106353,3.1007751937984502,250,252,8,0,244,249,18699,6,0,0,6,3
2020-09-22,US,Iowa,Ringgold,45,2,0,40.73518949,-94.24368535,19159.0,919.4932570494484,4.4444444444444455,43,44,2,0,42,41,4968,1,0,0,1,3
2020-09-22,US,Iowa,Sac,222,0,0,42.38624071,-95.10547892,19161.0,2283.715667112437,0.0,222,220,0,0,220,214,9719,2,0,0,2,6
2020-09-22,US,Iowa,Scott,2835,28,0,41.63935978,-90.61959493,19163.0,1639.2684294825465,0.9876543209876544,2807,2818,27,0,2791,2797,173283,17,1,0,16,21
2020-09-22,US,Iowa,Shelby,250,1,0,41.6850066,-95.31015553,19165.0,2182.643617950061,0.4,249,244,1,0,243,242,11578,6,0,0,6,2
2020-09-22,US,Iowa,Sioux,1416,3,0,43.08221074,-96.17675679999999,19167.0,4062.544828575528,0.21186440677966098,1413,1372,3,0,1369,1350,34909,44,0,0,44,22
2020-09-22,US,Iowa,Story,3340,17,0,42.03621213,-93.46499005,19169.0,3439.1507151168184,0.5089820359281437,3323,3315,17,0,3298,3286,98105,25,0,0,25,29
2020-09-22,US,Iowa,Tama,695,31,0,42.07991767,-92.53266945,19171.0,4123.650172065978,4.460431654676259,664,694,31,0,663,690,16904,1,0,0,1,4
2020-09-22,US,Iowa,Taylor,125,1,0,40.73710579,-94.69778563,19173.0,2042.1499754942004,0.8,124,124,1,0,123,123,6191,1,0,0,1,1
2020-09-22,US,Iowa,Unassigned,8,0,0,0.0,0.0,90019.0,0.0,0.0,8,7,0,0,7,16,,1,0,0,1,-9
2020-09-22,US,Iowa,Union,123,3,0,41.0277278,-94.24234847,19175.0,1004.8198676578712,2.4390243902439024,120,122,3,0,119,122,12359,1,0,0,1,0
2020-09-22,US,Iowa,Van Buren,111,1,0,40.75326764,-91.95017958,19177.0,1575.809199318569,0.9009009009009008,110,111,1,0,110,110,7020,0,0,0,0,1
2020-09-22,US,Iowa,Wapello,1280,57,0,41.03064984,-92.40954728,19179.0,3660.3849123509385,4.453125,1223,1271,57,0,1214,1267,35205,9,0,0,9,4
2020-09-22,US,Iowa,Warren,939,6,0,41.33559454,-93.56007641,19181.0,1824.5054987758908,0.6389776357827476,933,932,6,0,926,928,51056,7,0,0,7,4
2020-09-22,US,Iowa,Washington,440,11,0,41.33577126,-91.71725711,19183.0,2003.186888231277,2.5,429,432,11,0,421,431,22141,8,0,0,8,1
2020-09-22,US,Iowa,Wayne,84,2,0,40.73969028,-93.32752197,19185.0,1304.1453190498364,2.380952380952381,82,84,2,0,82,82,6401,0,0,0,0,2
2020-09-22,US,Iowa,Webster,1209,14,0,42.42853483,-94.17987389,19187.0,3367.312834224599,1.1579818031430935,1195,1202,14,0,1188,1193,36277,7,0,0,7,9
2020-09-22,US,Iowa,Winnebago,278,13,0,43.37751174,-93.73407298,19189.0,2684.952675294572,4.676258992805756,265,275,11,0,264,271,10518,3,2,0,1,4
2020-09-22,US,Iowa,Winneshiek,304,5,0,43.29094334,-91.84422722,19191.0,1520.6843079385724,1.6447368421052633,299,299,5,0,294,298,20029,5,0,0,5,1
2020-09-22,US,Iowa,Woodbury,5064,63,0,42.38979414,-96.0459439,19193.0,4911.402717565248,1.2440758293838865,5001,5042,63,0,4979,4989,102539,22,0,0,22,53
2020-09-22,US,Iowa,Worth,103,0,0,43.37750768,-93.26087602,19195.0,1395.474867904078,0.0,103,103,0,0,103,102,7453,0,0,0,0,1
2020-09-22,US,Iowa,Wright,565,1,0,42.73305373,-93.73515113,19197.0,4497.691450405986,0.17699115044247787,564,563,1,0,562,562,12690,2,0,0,2,1
2020-09-22,US,Kansas,Allen,32,0,0,37.88582951,-95.30030847,20001.0,258.7112943649446,0.0,32,32,0,0,32,32,12444,0,0,0,0,0
2020-09-22,US,Kansas,Anderson,65,0,0,38.21413251,-95.29272815,20003.0,827.1824891829982,0.0,65,65,0,0,65,56,7878,0,0,0,0,9
2020-09-22,US,Kansas,Atchison,307,2,0,39.53185661,-95.30870026,20005.0,1910.0354631991531,0.6514657980456026,305,307,1,0,306,307,16193,0,1,0,-1,0
2020-09-22,US,Kansas,Barber,5,0,0,37.2288586,-98.68460053,20007.0,112.943302462164,0.0,5,5,0,0,5,5,4472,0,0,0,0,0
2020-09-22,US,Kansas,Barton,447,5,0,38.47889676,-98.75636726,20009.0,1733.969510066333,1.1185682326621924,442,447,5,0,442,433,26111,0,0,0,0,14
2020-09-22,US,Kansas,Bourbon,141,2,0,37.85508555,-94.84865997,20011.0,970.1389844502548,1.4184397163120568,139,141,2,0,139,130,14653,0,0,0,0,11
2020-09-22,US,Kansas,Brown,105,3,0,39.82652589,-95.56421698,20013.0,1097.8670012547052,2.8571428571428568,102,96,3,0,93,96,9598,9,0,0,9,0
2020-09-22,US,Kansas,Butler,515,3,0,37.78134351,-96.83878537,20015.0,769.6791260031982,0.5825242718446602,512,494,3,0,491,488,66765,21,0,0,21,6
2020-09-22,US,Kansas,Chase,81,1,0,38.30292938,-96.59563862,20017.0,3058.912386706949,1.2345679012345678,80,81,1,0,80,81,2629,0,0,0,0,0
2020-09-22,US,Kansas,Chautauqua,13,0,0,37.14994405,-96.2454192,20019.0,400.0,0.0,13,13,0,0,13,13,3309,0,0,0,0,0
2020-09-22,US,Kansas,Cherokee,462,7,0,37.16928494,-94.8462897,20021.0,2317.067054516275,1.5151515151515151,455,462,7,0,455,442,20015,0,0,0,0,20
2020-09-22,US,Kansas,Cheyenne,53,0,0,39.78580976,-101.7318201,20023.0,1994.7308995107267,0.0,53,53,0,0,53,24,2660,0,0,0,0,29
2020-09-22,US,Kansas,Clark,48,1,0,37.23577007,-99.81883015,20025.0,2407.221664994985,2.083333333333333,47,48,1,0,47,48,2005,0,0,0,0,0
2020-09-22,US,Kansas,Clay,47,2,0,39.34948772,-97.16518128,20027.0,587.3531617095726,4.25531914893617,45,47,2,0,45,46,7997,0,0,0,0,1
2020-09-22,US,Kansas,Cloud,64,0,0,39.48028352,-97.64925343,20029.0,728.4315957204643,0.0,64,64,0,0,64,64,8729,0,0,0,0,0
2020-09-22,US,Kansas,Coffey,108,8,0,38.2365018,-95.73379515,20031.0,1320.4548233280352,7.407407407407407,100,108,8,0,100,108,8233,0,0,0,0,0
2020-09-22,US,Kansas,Comanche,10,0,0,37.19114520000001,-99.27113247,20033.0,588.2352941176471,0.0,10,10,0,0,10,10,1748,0,0,0,0,0
2020-09-22,US,Kansas,Cowley,342,3,0,37.23781842,-96.83776647,20035.0,979.718116191131,0.8771929824561403,339,342,3,0,339,321,35218,0,0,0,0,21
2020-09-22,US,Kansas,Crawford,978,6,0,37.50675523,-94.85245778,20037.0,2519.449739811428,0.6134969325153374,972,978,6,0,972,951,39019,0,0,0,0,27
2020-09-22,US,Kansas,Decatur,21,0,0,39.78468441,-100.45940809999999,20039.0,742.8369296073578,0.0,21,21,0,0,21,15,2871,0,0,0,0,6
2020-09-22,US,Kansas,Dickinson,130,1,0,38.86600962,-97.15532383,20041.0,703.9965341709088,0.7692307692307693,129,130,1,0,129,112,18717,0,0,0,0,18
2020-09-22,US,Kansas,Doniphan,105,0,0,39.79067154,-95.14056866,20043.0,1381.578947368421,0.0,105,105,0,0,105,105,7682,0,0,0,0,0
2020-09-22,US,Kansas,Douglas,2121,10,0,38.88503636,-95.2925121,20045.0,1734.8416067528772,0.4714757190004714,2111,2087,10,0,2077,1999,121436,34,0,0,34,88
2020-09-22,US,Kansas,Edwards,44,0,0,37.88735543,-99.31263309,20047.0,1572.5518227305215,0.0,44,44,0,0,44,44,2849,0,0,0,0,0
2020-09-22,US,Kansas,Elk,1,0,0,37.45338105,-96.24369667,20049.0,39.52569169960474,0.0,1,1,0,0,1,1,2508,0,0,0,0,0
2020-09-22,US,Kansas,Ellis,889,3,0,38.91458712,-99.31751551,20051.0,3113.508212797254,0.3374578177727784,886,889,3,0,886,775,28710,0,0,0,0,114
2020-09-22,US,Kansas,Ellsworth,32,0,0,38.69677695,-98.20462799,20053.0,524.4182235332678,0.0,32,32,0,0,32,26,6196,0,0,0,0,6
2020-09-22,US,Kansas,Finney,2063,12,0,38.04340344,-100.73819379999999,20055.0,5657.169495708448,0.58167716917111,2051,2031,12,0,2019,2031,36611,32,0,0,32,0
2020-09-22,US,Kansas,Ford,2655,10,0,37.69200114,-99.88825298,20057.0,7897.319967875309,0.3766478342749529,2645,2655,10,0,2645,2593,33888,0,0,0,0,62
2020-09-22,US,Kansas,Franklin,320,3,0,38.56443815,-95.28644341,20059.0,1252.740369558409,0.9375,317,320,3,0,317,304,25631,0,0,0,0,16
2020-09-22,US,Kansas,Geary,286,2,0,38.99871131,-96.7577178,20061.0,903.0628354910008,0.6993006993006993,284,286,2,0,284,281,32594,0,0,0,0,5
2020-09-22,US,Kansas,Gove,25,0,0,38.91588178,-100.4829321,20063.0,948.4066767830043,0.0,25,25,0,0,25,25,2612,0,0,0,0,0
2020-09-22,US,Kansas,Graham,30,1,0,39.34987223,-99.88332493,20065.0,1208.70265914585,3.333333333333333,29,30,1,0,29,30,2492,0,0,0,0,0
2020-09-22,US,Kansas,Grant,248,5,0,37.56227336,-101.3079758,20067.0,3468.5314685314684,2.0161290322580645,243,240,5,0,235,236,7336,8,0,0,8,4
2020-09-22,US,Kansas,Gray,122,0,0,37.73836671,-100.4369088,20069.0,2037.408149632599,0.0,122,122,0,0,122,122,6033,0,0,0,0,0
2020-09-22,US,Kansas,Greeley,7,0,0,38.4808095,-101.8061079,20071.0,568.1818181818181,0.0,7,7,0,0,7,6,1227,0,0,0,0,1
2020-09-22,US,Kansas,Greenwood,47,0,0,37.8774388,-96.23250453,20073.0,785.6904045469742,0.0,47,47,0,0,47,47,6055,0,0,0,0,0
2020-09-22,US,Kansas,Hamilton,42,0,0,37.99978709,-101.7921066,20075.0,1654.1945647892871,0.0,42,42,0,0,42,42,2607,0,0,0,0,0
2020-09-22,US,Kansas,Harper,120,2,0,37.19175361,-98.07578384,20077.0,2207.5055187637968,1.6666666666666667,118,120,2,0,118,119,5506,0,0,0,0,1
2020-09-22,US,Kansas,Harvey,343,4,0,38.04293782,-97.42747573,20079.0,996.2531586743734,1.1661807580174928,339,341,4,0,337,335,34210,2,0,0,2,6
2020-09-22,US,Kansas,Haskell,103,1,0,37.562039399999996,-100.8710738,20081.0,2595.766129032258,0.9708737864077671,102,103,1,0,102,103,3997,0,0,0,0,0
2020-09-22,US,Kansas,Hodgeman,22,0,0,38.08780079,-99.89829881,20083.0,1226.3099219620958,0.0,22,22,0,0,22,21,1818,0,0,0,0,1
2020-09-22,US,Kansas,Jackson,234,2,0,39.41673394,-95.79356799,20085.0,1776.6304760458584,0.8547008547008547,232,234,2,0,232,231,13280,0,0,0,0,3
2020-09-22,US,Kansas,Jefferson,181,2,0,39.2347941,-95.38289232,20087.0,950.4804915191934,1.1049723756906078,179,180,2,0,178,177,18975,1,0,0,1,3
2020-09-22,US,Kansas,Jewell,15,1,0,39.78470589,-98.21820662,20089.0,521.0142410559222,6.666666666666668,14,15,1,0,14,15,2841,0,0,0,0,0
2020-09-22,US,Kansas,Johnson,10320,143,0,38.88548175,-94.82250877,20091.0,1713.1445664930834,1.3856589147286822,10177,10236,141,0,10095,10180,597555,84,2,0,82,56
2020-09-22,US,Kansas,Kearny,80,1,0,38.00017981,-101.32168100000001,20093.0,2084.4189682126107,1.25,79,80,1,0,79,79,3943,0,0,0,0,1
2020-09-22,US,Kansas,Kingman,74,1,0,37.55909527,-98.13638678,20095.0,1034.675615212528,1.351351351351351,73,74,1,0,73,73,7310,0,0,0,0,1
2020-09-22,US,Kansas,Kiowa,24,0,0,37.55848695,-99.2856537,20097.0,969.6969696969696,0.0,24,24,0,0,24,17,2516,0,0,0,0,7
2020-09-22,US,Kansas,Labette,226,4,0,37.19113093,-95.29849679,20099.0,1152.0032623101233,1.7699115044247788,222,226,4,0,222,225,19964,0,0,0,0,1
2020-09-22,US,Kansas,Lane,12,0,0,38.48119447,-100.46607540000001,20101.0,781.7589576547231,0.0,12,12,0,0,12,12,1560,0,0,0,0,0
2020-09-22,US,Kansas,Leavenworth,1923,11,0,39.20183497,-95.03620809,20103.0,2352.0634066391062,0.5720228809152366,1912,1923,11,0,1912,1877,81352,0,0,0,0,46
2020-09-22,US,Kansas,Lincoln,12,0,0,39.04549684,-98.20756994,20105.0,405.1316677920324,0.0,12,12,0,0,12,12,3023,0,0,0,0,0
2020-09-22,US,Kansas,Linn,68,0,0,38.21267844,-94.84254089,20107.0,700.8141811810782,0.0,68,68,0,0,68,66,9750,0,0,0,0,2
2020-09-22,US,Kansas,Logan,7,0,0,38.91735806,-101.148475,20109.0,250.53686471009303,0.0,7,7,0,0,7,7,2844,0,0,0,0,0
2020-09-22,US,Kansas,Lyon,1092,33,0,38.45576156,-96.15275715,20111.0,3289.652056032535,3.021978021978022,1059,1088,27,0,1061,1073,33406,4,6,0,-2,15
2020-09-22,US,Kansas,Marion,72,1,0,38.35855394,-97.09852509999999,20115.0,605.8566139347022,1.3888888888888888,71,72,1,0,71,72,11950,0,0,0,0,0
2020-09-22,US,Kansas,Marshall,19,0,0,39.78359669,-96.52278974,20117.0,195.73503657154632,0.0,19,19,0,0,19,19,9722,0,0,0,0,0
2020-09-22,US,Kansas,McPherson,273,1,0,38.39184858,-97.64769869,20113.0,956.4851797351273,0.3663003663003663,272,273,1,0,272,269,28537,0,0,0,0,4
2020-09-22,US,Kansas,Meade,99,1,0,37.23859987,-100.36483100000001,20119.0,2454.7483263079603,1.0101010101010102,98,99,1,0,98,95,4146,0,0,0,0,4
2020-09-22,US,Kansas,Miami,328,1,0,38.56383358,-94.83832189,20121.0,958.0278645909397,0.3048780487804878,327,328,1,0,327,314,33680,0,0,0,0,14
2020-09-22,US,Kansas,Mitchell,45,0,0,39.39331582,-98.20906732,20123.0,752.6342197691922,0.0,45,45,0,0,45,44,6150,0,0,0,0,1
2020-09-22,US,Kansas,Montgomery,368,5,0,37.19236568,-95.74329258,20125.0,1156.178327939929,1.358695652173913,363,368,5,0,363,358,32120,0,0,0,0,10
2020-09-22,US,Kansas,Morris,28,0,0,38.68827511,-96.65128437,20127.0,498.220640569395,0.0,28,28,0,0,28,27,5521,0,0,0,0,1
2020-09-22,US,Kansas,Morton,15,2,0,37.19141121,-101.79925190000002,20129.0,579.8221878623889,13.333333333333336,13,15,2,0,13,14,2667,0,0,0,0,1
2020-09-22,US,Kansas,Nemaha,84,1,0,39.78345387,-96.01392079,20131.0,821.034112012511,1.1904761904761905,83,84,1,0,83,75,10155,0,0,0,0,9
2020-09-22,US,Kansas,Neosho,166,0,0,37.55862897,-95.30670046,20133.0,1037.0462922471418,0.0,166,161,0,0,161,161,15951,5,0,0,5,0
2020-09-22,US,Kansas,Ness,67,6,0,38.47974157,-99.91547333,20135.0,2436.3636363636365,8.955223880597012,61,67,6,0,61,64,2840,0,0,0,0,3
2020-09-22,US,Kansas,Norton,29,0,0,39.78443827,-99.90286639,20137.0,540.9438537586271,0.0,29,29,0,0,29,28,5430,0,0,0,0,1
2020-09-22,US,Kansas,Osage,91,0,0,38.65235984,-95.72707998,20139.0,570.5686876920183,0.0,91,91,0,0,91,90,15941,0,0,0,0,1
2020-09-22,US,Kansas,Osborne,5,0,0,39.3503437,-98.76753828,20141.0,146.1560947091494,0.0,5,5,0,0,5,5,3475,0,0,0,0,0
2020-09-22,US,Kansas,Ottawa,50,0,0,39.13237408,-97.65020313,20143.0,876.577840112202,0.0,50,50,0,0,50,48,5802,0,0,0,0,2
2020-09-22,US,Kansas,Pawnee,336,1,0,38.18108732,-99.23692334,20145.0,5238.540692235734,0.2976190476190476,335,336,1,0,335,328,6562,0,0,0,0,8
2020-09-22,US,Kansas,Phillips,103,8,0,39.78465501,-99.34668865,20147.0,1967.9021780664887,7.766990291262137,95,96,8,0,88,86,5317,7,0,0,7,10
2020-09-22,US,Kansas,Pottawatomie,230,0,0,39.37925655,-96.34564657,20149.0,943.2801542057992,0.0,230,230,0,0,230,219,24277,0,0,0,0,11
2020-09-22,US,Kansas,Pratt,67,0,0,37.64780729,-98.73922153,20151.0,731.1217808817113,0.0,67,67,0,0,67,63,9378,0,0,0,0,4
2020-09-22,US,Kansas,Rawlins,6,0,0,39.78525843,-101.07616170000001,20153.0,237.15415019762847,0.0,6,6,0,0,6,4,2508,0,0,0,0,2
2020-09-22,US,Kansas,Reno,994,3,0,37.95230263,-98.08607292,20155.0,1603.2775250814545,0.3018108651911469,991,960,3,0,957,957,62342,34,0,0,34,3
2020-09-22,US,Kansas,Republic,45,1,0,39.82799632,-97.65036709,20157.0,970.6643658326144,2.2222222222222223,44,45,1,0,44,42,4664,0,0,0,0,3
2020-09-22,US,Kansas,Rice,67,1,0,38.34616184,-98.19992118,20159.0,702.5270001048548,1.492537313432836,66,67,1,0,66,66,9531,0,0,0,0,1
2020-09-22,US,Kansas,Riley,1655,8,0,39.28935726,-96.73420026,20161.0,2229.496713007867,0.4833836858006042,1647,1655,8,0,1647,1588,73703,0,0,0,0,67
2020-09-22,US,Kansas,Rooks,57,0,0,39.35022773,-99.32484567,20163.0,1158.5365853658534,0.0,57,57,0,0,57,54,5013,0,0,0,0,3
2020-09-22,US,Kansas,Rush,40,0,0,38.52275276,-99.30863983,20165.0,1317.5230566534915,0.0,40,40,0,0,40,40,3093,0,0,0,0,0
2020-09-22,US,Kansas,Russell,83,0,0,38.91462787,-98.76254297,20167.0,1210.6184364060678,0.0,83,83,0,0,83,75,6907,0,0,0,0,8
2020-09-22,US,Kansas,Saline,667,11,0,38.78369175,-97.65185177,20169.0,1230.0826202419596,1.6491754122938531,656,667,11,0,656,637,54401,0,0,0,0,30
2020-09-22,US,Kansas,Scott,106,1,0,38.48222076,-100.90665390000001,20171.0,2197.802197802198,0.9433962264150944,105,106,1,0,105,102,4897,0,0,0,0,4
2020-09-22,US,Kansas,Sedgwick,8131,85,0,37.6842718,-97.4608198,20173.0,1575.646943465842,1.045381871848481,8046,8090,82,0,8008,8049,513607,41,3,0,38,41
2020-09-22,US,Kansas,Seward,1661,5,0,37.19324632,-100.85072009999999,20175.0,7751.540041067762,0.30102347983142685,1656,1637,5,0,1632,1637,21780,24,0,0,24,0
2020-09-22,US,Kansas,Shawnee,2612,30,0,39.04100763,-95.75572640000001,20177.0,1476.749116607774,1.1485451761102603,2582,2577,30,0,2547,2537,177499,35,0,0,35,40
2020-09-22,US,Kansas,Sheridan,13,0,0,39.35018161,-100.44182590000001,20179.0,515.6683855612852,0.0,13,13,0,0,13,12,2533,0,0,0,0,1
2020-09-22,US,Kansas,Sherman,27,0,0,39.35147699,-101.71976240000001,20181.0,456.3123204326517,0.0,27,27,0,0,27,24,5899,0,0,0,0,3
2020-09-22,US,Kansas,Smith,5,0,0,39.78516566,-98.78566062,20183.0,139.54786491766677,0.0,5,5,0,0,5,5,3603,0,0,0,0,0
2020-09-22,US,Kansas,Stafford,54,1,0,38.03100851,-98.71762001,20185.0,1299.3262752646774,1.851851851851852,53,54,1,0,53,53,4178,0,0,0,0,1
2020-09-22,US,Kansas,Stanton,48,2,0,37.56304714,-101.78435340000001,20187.0,2392.8215353938185,4.166666666666667,46,48,2,0,46,48,1987,0,0,0,0,0
2020-09-22,US,Kansas,Stevens,128,1,0,37.1923008,-101.3118967,20189.0,2333.6371923427528,0.78125,127,128,1,0,127,121,5559,0,0,0,0,7
2020-09-22,US,Kansas,Sumner,182,3,0,37.23682549,-97.47721621,20191.0,796.9872131721843,1.6483516483516485,179,182,3,0,179,169,22996,0,0,0,0,13
2020-09-22,US,Kansas,Thomas,126,0,0,39.35107575,-101.0553705,20193.0,1620.1620162016202,0.0,126,126,0,0,126,126,7711,0,0,0,0,0
2020-09-22,US,Kansas,Trego,46,3,0,38.91467218,-99.87284448,20195.0,1641.0988226899753,6.521739130434782,43,46,3,0,43,46,2793,0,0,0,0,0
2020-09-22,US,Kansas,Wabaunsee,66,1,0,38.95471985,-96.20350509,20197.0,952.2435435002163,1.5151515151515151,65,66,1,0,65,66,6899,0,0,0,0,0
2020-09-22,US,Kansas,Wallace,17,0,0,38.91686134,-101.76388759999999,20199.0,1119.8945981554677,0.0,17,17,0,0,17,16,1503,0,0,0,0,1
2020-09-22,US,Kansas,Washington,17,0,0,39.78420784,-97.08753229999999,20201.0,314.46540880503153,0.0,17,17,0,0,17,16,5420,0,0,0,0,1
2020-09-22,US,Kansas,Wichita,6,0,0,38.48178252,-101.3471509,20203.0,283.15243039169417,0.0,6,6,0,0,6,5,2105,0,0,0,0,1
2020-09-22,US,Kansas,Wilson,59,2,0,37.55937174,-95.74323255,20205.0,692.0821114369502,3.3898305084745757,57,59,2,0,57,58,8665,0,0,0,0,1
2020-09-22,US,Kansas,Woodson,15,0,0,37.8865336,-95.74006277,20207.0,478.0114722753346,0.0,15,15,0,0,15,13,3183,0,0,0,0,2
2020-09-22,US,Kansas,Wyandotte,6725,134,0,39.11727348,-94.76378225,20209.0,4065.188086732072,1.9925650557620815,6591,6693,133,0,6560,6684,165324,32,1,0,31,9
2020-09-22,US,Kentucky,Adair,299,19,0,37.10459774,-85.28129668,21001.0,1557.1294656806585,6.354515050167223,280,295,19,0,276,294,19215,4,0,0,4,1
2020-09-22,US,Kentucky,Allen,312,9,0,36.75197631,-86.19457544,21003.0,1463.7579169598873,2.8846153846153846,303,307,9,0,298,302,21122,5,0,0,5,5
2020-09-22,US,Kentucky,Anderson,147,1,0,38.00671029,-84.99171713,21005.0,646.2390644920209,0.6802721088435374,146,144,1,0,143,143,22663,3,0,0,3,1
2020-09-22,US,Kentucky,Ballard,52,1,0,37.05842757,-88.99427697,21007.0,659.2292089249493,1.9230769230769231,51,52,1,0,51,52,7979,0,0,0,0,0
2020-09-22,US,Kentucky,Barren,655,13,0,36.96469836,-85.93338945,21009.0,1480.2594408913196,1.984732824427481,642,651,13,0,638,647,44176,4,0,0,4,4
2020-09-22,US,Kentucky,Bath,83,1,0,38.14735938,-83.74588932,21011.0,664.0,1.2048192771084338,82,79,1,0,78,79,12383,4,0,0,4,0
2020-09-22,US,Kentucky,Bell,480,12,0,36.73355174,-83.67766671,21013.0,1843.8844499078052,2.5,468,476,12,0,464,472,26569,4,0,0,4,4
2020-09-22,US,Kentucky,Boone,1526,25,0,38.97065142,-84.72615357,21015.0,1142.3780328040664,1.6382699868938402,1501,1509,25,0,1484,1504,131533,17,0,0,17,5
2020-09-22,US,Kentucky,Bourbon,174,1,0,38.2054607,-84.21827874,21017.0,879.3208004851425,0.5747126436781609,173,170,1,0,169,169,20184,4,0,0,4,1
2020-09-22,US,Kentucky,Boyd,408,6,0,38.36176608,-82.68652187,21019.0,873.3250567233188,1.4705882352941178,402,401,6,0,395,398,47240,7,0,0,7,3
2020-09-22,US,Kentucky,Boyle,263,0,0,37.62680923,-84.8633779,21021.0,874.9168330006653,0.0,263,256,0,0,256,253,30100,7,0,0,7,3
2020-09-22,US,Kentucky,Bracken,39,0,0,38.69158994,-84.08532444,21023.0,469.70974346621705,0.0,39,39,0,0,39,39,8239,0,0,0,0,0
2020-09-22,US,Kentucky,Breathitt,83,0,0,37.52333168,-83.31959161,21025.0,657.1654790182106,0.0,83,82,0,0,82,82,12726,1,0,0,1,0
2020-09-22,US,Kentucky,Breckinridge,124,2,0,37.77377239,-86.42885017,21027.0,605.557454705279,1.6129032258064515,122,124,2,0,122,124,20388,0,0,0,0,0
2020-09-22,US,Kentucky,Bullitt,824,9,0,37.97162523,-85.68955617,21029.0,1008.864293060385,1.0922330097087378,815,817,9,0,808,814,81069,7,0,0,7,3
2020-09-22,US,Kentucky,Butler,335,16,0,37.20946153,-86.68748787,21031.0,2601.133628387297,4.776119402985074,319,334,16,0,318,334,12772,1,0,0,1,0
2020-09-22,US,Kentucky,Caldwell,144,0,0,37.14749129,-87.86948214,21033.0,1129.677571193222,0.0,144,140,0,0,140,139,12715,4,0,0,4,1
2020-09-22,US,Kentucky,Calloway,548,8,0,36.62093411,-88.2731593,21035.0,1405.0921771236635,1.45985401459854,540,536,8,0,528,534,39135,12,0,0,12,2
2020-09-22,US,Kentucky,Campbell,842,16,0,38.94384345,-84.37875208,21037.0,899.7264489656352,1.9002375296912115,826,831,16,0,815,831,93152,11,0,0,11,0
2020-09-22,US,Kentucky,Carlisle,75,1,0,36.85372876,-88.96692220000001,21039.0,1575.6302521008404,1.3333333333333333,74,75,1,0,74,75,4771,0,0,0,0,0
2020-09-22,US,Kentucky,Carroll,195,5,0,38.66599534,-85.12601074,21041.0,1834.2583011946194,2.5641025641025643,190,195,5,0,190,195,10737,0,0,0,0,0
2020-09-22,US,Kentucky,Carter,163,3,0,38.31690743,-83.05092385,21043.0,608.2770459379783,1.8404907975460123,160,161,3,0,158,158,27004,2,0,0,2,3
2020-09-22,US,Kentucky,Casey,270,15,0,37.32533118,-84.92726209,21045.0,1670.8954762052108,5.5555555555555545,255,269,15,0,254,267,15888,1,0,0,1,2
2020-09-22,US,Kentucky,Christian,1188,18,0,36.89267803,-87.49055367,21047.0,1686.0390854515265,1.5151515151515151,1170,1112,18,0,1094,1110,71671,76,0,0,76,2
2020-09-22,US,Kentucky,Clark,301,8,0,37.9689263,-84.14615986,21049.0,830.0471555028541,2.6578073089701,293,300,8,0,292,298,36249,1,0,0,1,2
2020-09-22,US,Kentucky,Clay,303,6,0,37.16451126,-83.712575,21051.0,1522.5365559519619,1.98019801980198,297,291,6,0,285,290,20105,12,0,0,12,1
2020-09-22,US,Kentucky,Clinton,107,2,0,36.72581156,-85.13377529,21053.0,1047.1716578586806,1.8691588785046729,105,106,2,0,104,106,10206,1,0,0,1,0
2020-09-22,US,Kentucky,Crittenden,120,1,0,37.35839237,-88.08826090000002,21055.0,1362.7072450601866,0.8333333333333334,119,118,1,0,117,118,8915,2,0,0,2,0
2020-09-22,US,Kentucky,Cumberland,99,0,0,36.78926125,-85.39050034,21057.0,1496.8249168430602,0.0,99,97,0,0,97,97,6659,2,0,0,2,0
2020-09-22,US,Kentucky,Daviess,1293,14,0,37.73028906,-87.09019479999998,21059.0,1273.7535833554984,1.082753286929621,1279,1281,14,0,1267,1275,101104,12,0,0,12,6
2020-09-22,US,Kentucky,Edmonson,131,12,0,37.21218923,-86.23955613,21061.0,1078.1893004115227,9.16030534351145,119,131,12,0,119,130,12274,0,0,0,0,1
2020-09-22,US,Kentucky,Elliott,37,0,0,38.11624059,-83.09771563,21063.0,492.2176400159638,0.0,37,35,0,0,35,35,7508,2,0,0,2,0
2020-09-22,US,Kentucky,Estill,129,0,0,37.69241417,-83.95956369,21065.0,914.5044661846024,0.0,129,127,0,0,127,126,14198,2,0,0,2,1
2020-09-22,US,Kentucky,Fayette,5688,70,0,38.0368225,-84.45576892,21067.0,1760.1624003564887,1.230661040787623,5618,5573,70,0,5503,5446,323780,115,0,0,115,127
2020-09-22,US,Kentucky,Fleming,82,0,0,38.36758311,-83.69657514,21069.0,562.3756943968177,0.0,82,82,0,0,82,82,14432,0,0,0,0,0
2020-09-22,US,Kentucky,Floyd,176,2,0,37.56213922,-82.74750924,21071.0,494.5348281772458,1.1363636363636365,174,173,2,0,171,172,35845,3,0,0,3,1
2020-09-22,US,Kentucky,Franklin,604,12,0,38.2379395,-84.87962551,21073.0,1184.5227589182405,1.9867549668874167,592,597,12,0,585,595,50815,7,0,0,7,2
2020-09-22,US,Kentucky,Fulton,139,2,0,36.55238827,-89.20140068,21075.0,2328.698274417825,1.4388489208633093,137,140,2,0,138,140,6120,-1,0,0,-1,0
2020-09-22,US,Kentucky,Gallatin,97,8,0,38.75398691,-84.8558382,21077.0,1093.6971473672343,8.24742268041237,89,96,8,0,88,96,8832,1,0,0,1,0
2020-09-22,US,Kentucky,Garrard,149,3,0,37.638866799999995,-84.53289319,21079.0,843.428053888826,2.0134228187919465,146,148,3,0,145,148,17560,1,0,0,1,0
2020-09-22,US,Kentucky,Grant,156,6,0,38.64962758,-84.62415957,21081.0,622.2825002991742,3.8461538461538463,150,154,6,0,148,153,25121,2,0,0,2,1
2020-09-22,US,Kentucky,Graves,719,29,0,36.72292505,-88.65143315,21083.0,1929.3726184726024,4.033379694019471,690,715,29,0,686,712,37317,4,0,0,4,3
2020-09-22,US,Kentucky,Grayson,376,13,0,37.46231118,-86.34248968,21085.0,1422.787300866538,3.4574468085106385,363,376,13,0,363,366,26321,0,0,0,0,10
2020-09-22,US,Kentucky,Green,256,8,0,37.26484328,-85.5540745,21087.0,2339.822685312129,3.125,248,254,8,0,246,252,11049,2,0,0,2,2
2020-09-22,US,Kentucky,Greenup,373,4,0,38.54332505,-82.9215658,21089.0,1062.7386175850477,1.0723860589812333,369,369,4,0,365,365,35268,4,0,0,4,4
2020-09-22,US,Kentucky,Hancock,77,0,0,37.83766422,-86.78280584,21091.0,882.8250401284109,0.0,77,73,0,0,73,73,8758,4,0,0,4,0
2020-09-22,US,Kentucky,Hardin,1233,11,0,37.6976111,-85.96319251,21093.0,1111.2312766992916,0.8921330089213301,1222,1209,10,0,1199,1206,110356,24,1,0,23,3
2020-09-22,US,Kentucky,Harlan,367,10,0,36.85699301,-83.21899516,21095.0,1410.9957708573625,2.7247956403269757,357,366,10,0,356,366,26409,1,0,0,1,0
2020-09-22,US,Kentucky,Harrison,169,0,0,38.44188174,-84.32869741,21097.0,894.842740654453,0.0,169,167,0,0,167,167,18778,2,0,0,2,0
2020-09-22,US,Kentucky,Hart,166,1,0,37.29943898,-85.88461055,21099.0,872.0777515103758,0.6024096385542169,165,165,1,0,164,165,18906,1,0,0,1,0
2020-09-22,US,Kentucky,Henderson,673,3,0,37.79344553,-87.57392021,21101.0,1488.6087148860877,0.4457652303120357,670,662,3,0,659,655,45591,11,0,0,11,7
2020-09-22,US,Kentucky,Henry,185,2,0,38.44942688,-85.11587507,21103.0,1147.215676547191,1.0810810810810811,183,187,2,0,185,186,16106,-2,0,0,-2,1
2020-09-22,US,Kentucky,Hickman,75,0,0,36.67948079999999,-88.97875928,21105.0,1712.3287671232874,0.0,75,74,0,0,74,74,4421,1,0,0,1,0
2020-09-22,US,Kentucky,Hopkins,609,39,0,37.30939025,-87.54670406,21107.0,1362.8429485744975,6.403940886699507,570,602,39,0,563,595,45068,7,0,0,7,7
2020-09-22,US,Kentucky,Jackson,350,17,0,37.41866422,-83.99825483,21109.0,2625.853402355765,4.857142857142857,333,345,17,0,328,345,13442,5,0,0,5,0
2020-09-22,US,Kentucky,Jefferson,14694,297,0,38.18664655,-85.65931031,21111.0,1916.3828957544567,2.0212331563903634,14397,14564,296,0,14268,14504,770517,130,1,0,129,60
2020-09-22,US,Kentucky,Jessamine,580,0,0,37.87119786,-84.58252003,21113.0,1071.7915550217128,0.0,580,576,0,0,576,575,53920,4,0,0,4,1
2020-09-22,US,Kentucky,Johnson,145,1,0,37.85106355,-82.8264322,21115.0,653.5063998557779,0.6896551724137931,144,146,1,0,145,146,22386,-1,0,0,-1,0
2020-09-22,US,Kentucky,Kenton,1963,45,0,38.93950319,-84.53241199,21117.0,1175.4631791997508,2.2924095771777893,1918,1952,45,0,1907,1947,166051,11,0,0,11,5
2020-09-22,US,Kentucky,Knott,165,1,0,37.35388197,-82.94981134,21119.0,1114.4130757800892,0.6060606060606061,164,158,1,0,157,147,15126,7,0,0,7,11
2020-09-22,US,Kentucky,Knox,448,9,0,36.89225732,-83.85403396,21121.0,1438.4331353347247,2.008928571428572,439,448,9,0,439,448,31304,0,0,0,0,0
2020-09-22,US,Kentucky,Larue,112,1,0,37.54567114,-85.70138352,21123.0,777.8858174746492,0.8928571428571429,111,112,1,0,111,112,14307,0,0,0,0,0
2020-09-22,US,Kentucky,Laurel,793,6,0,37.10975748,-84.11321779,21125.0,1303.9975005344252,0.7566204287515763,787,765,6,0,759,762,60669,28,0,0,28,3
2020-09-22,US,Kentucky,Lawrence,55,0,0,38.07136018,-82.72882223,21127.0,359.0781484624926,0.0,55,55,0,0,55,55,15571,0,0,0,0,0
2020-09-22,US,Kentucky,Lee,18,0,0,37.59645942,-83.71513901,21129.0,243.1446710792921,0.0,18,18,0,0,18,18,7033,0,0,0,0,0
2020-09-22,US,Kentucky,Leslie,65,0,0,37.09246661,-83.37999606,21131.0,658.0945631264556,0.0,65,64,0,0,64,60,10143,1,0,0,1,4
2020-09-22,US,Kentucky,Letcher,120,2,0,37.12306748,-82.85346474,21133.0,556.767039391268,1.6666666666666667,118,119,2,0,117,117,21899,1,0,0,1,2
2020-09-22,US,Kentucky,Lewis,221,14,0,38.53184419,-83.37735618,21135.0,1664.7834274952918,6.334841628959277,207,220,14,0,206,218,13257,1,0,0,1,2
2020-09-22,US,Kentucky,Lincoln,183,13,0,37.45475628,-84.6565327,21137.0,745.4478797507028,7.103825136612022,170,179,13,0,166,179,24644,4,0,0,4,0
2020-09-22,US,Kentucky,Livingston,85,1,0,37.21137452,-88.34797529,21139.0,924.515988688275,1.1764705882352942,84,83,1,0,82,82,9242,2,0,0,2,1
2020-09-22,US,Kentucky,Logan,532,27,0,36.85949479,-86.877635,21141.0,1962.9547634860892,5.075187969924812,505,528,27,0,501,548,26989,4,0,0,4,-20
2020-09-22,US,Kentucky,Lyon,66,4,0,37.02080035,-88.07886257,21143.0,803.8976857490865,6.0606060606060606,62,66,4,0,62,66,8009,0,0,0,0,0
2020-09-22,US,Kentucky,Madison,1670,6,0,37.71659336,-84.27220275,21151.0,1795.9499715013926,0.3592814371257485,1664,1632,6,0,1626,1615,92368,38,0,0,38,17
2020-09-22,US,Kentucky,Magoffin,80,0,0,37.70820545,-83.0657714,21153.0,657.840638105419,0.0,80,80,0,0,80,80,12362,0,0,0,0,0
2020-09-22,US,Kentucky,Marion,217,8,0,37.55218078,-85.26898542,21155.0,1125.9274632906138,3.6866359447004617,209,217,7,0,210,216,19404,0,1,0,-1,1
2020-09-22,US,Kentucky,Marshall,280,2,0,36.88007070000001,-88.32803576,21157.0,900.3215434083603,0.7142857142857143,278,276,2,0,274,271,31191,4,0,0,4,5
2020-09-22,US,Kentucky,Martin,74,3,0,37.79990579,-82.51247478,21159.0,661.0093791871371,4.0540540540540535,71,74,3,0,71,74,11323,0,0,0,0,0
2020-09-22,US,Kentucky,Mason,122,2,0,38.59471935,-83.82151043,21161.0,714.7041593438781,1.639344262295082,120,120,2,0,118,120,17150,2,0,0,2,0
2020-09-22,US,Kentucky,McCracken,696,9,0,37.05350953,-88.70445755,21145.0,1063.9273594423553,1.293103448275862,687,691,6,0,685,682,65346,5,3,0,2,9
2020-09-22,US,Kentucky,McCreary,143,0,0,36.73874143,-84.48102924,21147.0,829.8995995589345,0.0,143,143,0,0,143,143,17408,0,0,0,0,0
2020-09-22,US,Kentucky,McLean,73,1,0,37.5301951,-87.26803443,21149.0,792.8749864233736,1.3698630136986298,72,72,1,0,71,72,9252,1,0,0,1,0
2020-09-22,US,Kentucky,Meade,193,3,0,37.96163597,-86.21028219,21163.0,675.4864902701946,1.5544041450777202,190,191,3,0,188,189,28715,2,0,0,2,2
2020-09-22,US,Kentucky,Menifee,44,0,0,37.94090733,-83.59985712,21165.0,678.0705809832024,0.0,44,42,0,0,42,42,6451,2,0,0,2,0
2020-09-22,US,Kentucky,Mercer,200,2,0,37.81474237,-84.87488475,21167.0,911.867961519172,1.0,198,195,2,0,193,195,21774,5,0,0,5,0
2020-09-22,US,Kentucky,Metcalfe,109,2,0,36.99459295,-85.63123699,21169.0,1082.3155595273558,1.834862385321101,107,107,2,0,105,106,10030,2,0,0,2,1
2020-09-22,US,Kentucky,Monroe,204,4,0,36.71225341,-85.71596443,21171.0,1915.4929577464789,1.96078431372549,200,202,4,0,198,200,10718,2,0,0,2,2
2020-09-22,US,Kentucky,Montgomery,255,3,0,38.03253032,-83.9145241,21173.0,905.6362538622724,1.1764705882352942,252,242,3,0,239,240,28203,13,0,0,13,2
2020-09-22,US,Kentucky,Morgan,53,0,0,37.92465657,-83.25558245,21175.0,398.22676384401535,0.0,53,52,0,0,52,52,13345,1,0,0,1,0
2020-09-22,US,Kentucky,Muhlenberg,750,12,0,37.21425819,-87.14632053,21177.0,2449.2195153810985,1.6,738,738,12,0,726,736,30774,12,0,0,12,2
2020-09-22,US,Kentucky,Nelson,483,4,0,37.80335779,-85.4657193,21179.0,1044.708325222244,0.8281573498964804,479,474,4,0,470,474,45851,9,0,0,9,0
2020-09-22,US,Kentucky,Nicholas,31,1,0,38.33342292,-84.01889177,21181.0,426.4685651396341,3.2258064516129035,30,29,1,0,28,29,7166,2,0,0,2,0
2020-09-22,US,Kentucky,Ohio,444,9,0,37.47751843,-86.85368087,21183.0,1850.4626156539127,2.0270270270270268,435,440,9,0,431,440,24087,4,0,0,4,0
2020-09-22,US,Kentucky,Oldham,1073,25,0,38.39791089,-85.448222,21185.0,1606.3114717286187,2.3299161230195717,1048,1062,25,0,1037,1060,66470,11,0,0,11,2
2020-09-22,US,Kentucky,Owen,92,2,0,38.51679143,-84.82404619,21187.0,843.9592697917623,2.1739130434782608,90,91,2,0,89,91,10880,1,0,0,1,0
2020-09-22,US,Kentucky,Owsley,37,1,0,37.42823949,-83.68811419,21189.0,838.0520951302377,2.702702702702702,36,37,1,0,36,37,4472,0,0,0,0,0
2020-09-22,US,Kentucky,Pendleton,92,0,0,38.69607718,-84.35599463,21191.0,630.5688827964359,0.0,92,92,0,0,92,92,14529,0,0,0,0,0
2020-09-22,US,Kentucky,Perry,327,8,0,37.25023553,-83.22922731,21193.0,1269.508502212905,2.4464831804281344,319,326,8,0,318,326,26092,1,0,0,1,0
2020-09-22,US,Kentucky,Pike,392,3,0,37.47088263,-82.39487445,21195.0,677.3101112723755,0.7653061224489796,389,392,3,0,389,387,58402,0,0,0,0,5
2020-09-22,US,Kentucky,Powell,91,0,0,37.83218794,-83.82553961,21197.0,736.3055263370823,0.0,91,91,0,0,91,91,12442,0,0,0,0,0
2020-09-22,US,Kentucky,Pulaski,752,10,0,37.10466131,-84.57629079,21199.0,1157.2969728681576,1.3297872340425532,742,746,10,0,736,740,64623,6,0,0,6,6
2020-09-22,US,Kentucky,Robertson,12,0,0,38.51923469,-84.05055616,21201.0,569.2599620493359,0.0,12,12,0,0,12,12,2135,0,0,0,0,0
2020-09-22,US,Kentucky,Rockcastle,165,1,0,37.36642393,-84.31176452,21203.0,988.3198562443846,0.6060606060606061,164,159,1,0,158,159,16750,6,0,0,6,0
2020-09-22,US,Kentucky,Rowan,209,1,0,38.19484205,-83.42088935,21205.0,854.4562551103842,0.4784688995215311,208,206,1,0,205,204,24583,3,0,0,3,2
2020-09-22,US,Kentucky,Russell,241,6,0,36.99308373,-85.06070117,21207.0,1344.6409641243094,2.489626556016597,235,240,6,0,234,239,17821,1,0,0,1,1
2020-09-22,US,Kentucky,Scott,723,10,0,38.29622293,-84.5816631,21209.0,1268.3320468739034,1.3831258644536653,713,716,10,0,706,715,56031,7,0,0,7,1
2020-09-22,US,Kentucky,Shelby,1036,24,0,38.21476019,-85.194223,21211.0,2113.2506527415144,2.3166023166023164,1012,1031,24,0,1007,1030,48518,5,0,0,5,1
2020-09-22,US,Kentucky,Simpson,266,8,0,36.74058474,-86.58047435,21213.0,1432.263622657765,3.0075187969924815,258,264,8,0,256,264,18529,2,0,0,2,0
2020-09-22,US,Kentucky,Spencer,197,0,0,38.03223971,-85.32749335,21215.0,1018.0352436566586,0.0,197,197,0,0,197,197,18794,0,0,0,0,0
2020-09-22,US,Kentucky,Taylor,287,7,0,37.3677562,-85.3329931,21217.0,1113.7413170864218,2.4390243902439024,280,286,6,0,280,285,25549,1,1,0,0,1
2020-09-22,US,Kentucky,Todd,179,8,0,36.8381152,-87.17878374,21219.0,1455.994794208557,4.46927374301676,171,175,8,0,167,178,12311,4,0,0,4,-3
2020-09-22,US,Kentucky,Trigg,168,0,0,36.80767017,-87.87333656,21221.0,1146.6794075489727,0.0,168,162,0,0,162,162,14643,6,0,0,6,0
2020-09-22,US,Kentucky,Trimble,58,0,0,38.61056487,-85.33775972,21223.0,684.688938732145,0.0,58,57,0,0,57,57,8515,1,0,0,1,0
2020-09-22,US,Kentucky,Union,300,2,0,37.66166713,-87.94300009,21225.0,2086.0858076628883,0.6666666666666666,298,290,2,0,288,289,14505,10,0,0,10,1
2020-09-22,US,Kentucky,Warren,4190,41,0,36.99903045,-86.42672751,21227.0,3152.841319528052,0.9785202863961814,4149,4158,41,0,4117,4143,131264,32,0,0,32,15
2020-09-22,US,Kentucky,Washington,143,1,0,37.75599461,-85.17407732,21229.0,1182.3067383216205,0.6993006993006993,142,142,1,0,141,142,12084,1,0,0,1,0
2020-09-22,US,Kentucky,Wayne,130,0,0,36.80310688,-84.8251971,21231.0,639.3547435203856,0.0,130,129,0,0,129,126,20468,1,0,0,1,3
2020-09-22,US,Kentucky,Webster,150,3,0,37.52168356,-87.67989953,21233.0,1159.017153453871,2.0,147,149,3,0,146,148,13111,1,0,0,1,1
2020-09-22,US,Kentucky,Whitley,299,2,0,36.75700531,-84.14541217,21235.0,824.5091550849327,0.6688963210702341,297,282,2,0,280,277,36242,17,0,0,17,5
2020-09-22,US,Kentucky,Wolfe,31,0,0,37.73941626,-83.49303612,21237.0,433.1423780913791,0.0,31,31,0,0,31,30,7177,0,0,0,0,1
2020-09-22,US,Kentucky,Woodford,257,0,0,38.04178222,-84.7417556,21239.0,961.3226602827859,0.0,257,256,0,0,256,252,26533,1,0,0,1,4
2020-09-22,US,Louisiana,Acadia,2930,96,0,30.295064899999996,-92.41419698,22001.0,4722.378918526876,3.2764505119453924,2834,2929,96,0,2833,2920,62190,1,0,0,1,9
2020-09-22,US,Louisiana,Allen,1541,46,0,30.65385745,-92.82442028,22003.0,6013.189214500332,2.985074626865672,1495,1534,46,0,1488,1529,25605,7,0,0,7,5
2020-09-22,US,Louisiana,Ascension,3693,97,0,30.20406249,-90.91328409999998,22005.0,2916.969448042716,2.626590847549418,3596,3685,96,0,3589,3684,124672,8,1,0,7,1
2020-09-22,US,Louisiana,Assumption,758,24,0,29.89946234,-91.06461642,22007.0,3462.6102051071216,3.16622691292876,734,753,24,0,729,750,22300,5,0,0,5,3
2020-09-22,US,Louisiana,Avoyelles,1483,53,0,31.07796211,-92.00079449,22009.0,3694.2008768433643,3.5738368172623063,1430,1469,53,0,1416,1468,40462,14,0,0,14,1
2020-09-22,US,Louisiana,Beauregard,985,37,0,30.64836518,-93.34173616,22011.0,2626.876816812012,3.756345177664975,948,986,37,0,949,983,37253,-1,0,0,-1,3
2020-09-22,US,Louisiana,Bienville,468,32,0,32.34569994,-93.05398492,22013.0,3534.476248017521,6.837606837606838,436,453,32,0,421,454,13308,15,0,0,15,-1
2020-09-22,US,Louisiana,Bossier,3138,106,0,32.67932307,-93.60460152,22015.0,2470.107604751297,3.3779477374123648,3032,3122,106,0,3016,3119,127185,16,0,0,16,3
2020-09-22,US,Louisiana,Caddo,8312,349,0,32.57991587,-93.88375652,22017.0,3460.3920001332203,4.198748796920116,7963,8270,348,0,7922,8236,242922,42,1,0,41,34
2020-09-22,US,Louisiana,Calcasieu,7773,210,0,30.22931235,-93.35400434,22019.0,3820.8576653099744,2.7016595908915475,7563,7745,209,0,7536,7744,203112,28,1,0,27,1
2020-09-22,US,Louisiana,Caldwell,299,3,0,32.0902519,-92.11752148,22021.0,3014.720709820529,1.0033444816053512,296,301,3,0,298,300,9960,-2,0,0,-2,1
2020-09-22,US,Louisiana,Cameron,222,2,0,29.87592238,-93.19310676,22023.0,3183.7085902767817,0.9009009009009008,220,223,2,0,221,221,6968,-1,0,0,-1,2
2020-09-22,US,Louisiana,Catahoula,432,10,0,31.66778967,-91.84526385,22025.0,4550.2422582683785,2.314814814814815,422,429,10,0,419,430,9608,3,0,0,3,-1
2020-09-22,US,Louisiana,Claiborne,504,21,0,32.82308512,-92.99526883,22027.0,3216.336949585195,4.166666666666667,483,494,21,0,473,493,15944,10,0,0,10,1
2020-09-22,US,Louisiana,Concordia,507,13,0,31.44817835,-91.63814433,22029.0,2632.5354379770497,2.5641025641025643,494,501,13,0,488,499,19572,6,0,0,6,2
2020-09-22,US,Louisiana,De Soto,884,35,0,32.05457447,-93.74130302,22031.0,3218.876306303026,3.959276018099548,849,880,35,0,845,882,27436,4,0,0,4,-2
2020-09-22,US,Louisiana,East Baton Rouge,14960,439,0,30.53842039,-91.09777565,22033.0,3399.5441520341587,2.9344919786096257,14521,14909,437,0,14472,14890,440956,51,2,0,49,19
2020-09-22,US,Louisiana,East Carroll,542,4,0,32.73926954,-91.23425694,22035.0,7899.723072438421,0.7380073800738007,538,541,4,0,537,541,7037,1,0,0,1,0
2020-09-22,US,Louisiana,East Feliciana,1718,66,0,30.84425359,-91.04976723,22037.0,8978.31199372877,3.841676367869616,1652,1731,66,0,1665,1731,19305,-13,0,0,-13,0
2020-09-22,US,Louisiana,Evangeline,1303,32,0,30.72985248,-92.39915924,22039.0,3901.7817038478815,2.4558710667689945,1271,1297,32,0,1265,1296,33443,6,0,0,6,1
2020-09-22,US,Louisiana,Franklin,1191,37,0,32.13675181,-91.67589857,22041.0,5950.537097177115,3.1066330814441647,1154,1193,37,0,1156,1188,20156,-2,0,0,-2,5
2020-09-22,US,Louisiana,Grant,487,30,0,31.59882456,-92.56124347,22043.0,2175.175309303676,6.160164271047227,457,483,30,0,453,483,22482,4,0,0,4,0
2020-09-22,US,Louisiana,Iberia,2896,89,0,29.86803617,-91.75871777,22045.0,4147.214664184448,3.0732044198895028,2807,2880,89,0,2791,2869,70941,16,0,0,16,11
2020-09-22,US,Louisiana,Iberville,1402,58,0,30.25734305,-91.3499598,22047.0,4312.386576850912,4.136947218259629,1344,1400,58,0,1342,1401,32721,2,0,0,2,-1
2020-09-22,US,Louisiana,Jackson,630,22,0,32.30251776,-92.55692092,22049.0,4001.5243902439024,3.492063492063492,608,628,22,0,606,628,15902,2,0,0,2,0
2020-09-22,US,Louisiana,Jefferson,17344,565,0,29.74075478,-90.11115756,22051.0,4010.2383159958654,3.2576107011070112,16779,17299,565,0,16734,17274,434051,45,0,0,45,25
2020-09-22,US,Louisiana,Jefferson Davis,1224,39,0,30.26896765,-92.81210004,22053.0,3902.0657995409333,3.1862745098039214,1185,1225,39,0,1186,1228,31582,-1,0,0,-1,-3
2020-09-22,US,Louisiana,LaSalle,420,7,0,31.67884782,-92.15907765,22059.0,2820.3062046736504,1.6666666666666667,413,421,7,0,414,418,14917,-1,0,0,-1,3
2020-09-22,US,Louisiana,Lafayette,8870,124,0,30.2049055,-92.06959876,22055.0,3629.44473996481,1.3979706877113869,8746,8822,123,0,8699,8829,242782,48,1,0,47,-7
2020-09-22,US,Louisiana,Lafourche,3576,119,0,29.52470226,-90.40976986,22057.0,3663.408937242609,3.3277404921700224,3457,3548,119,0,3429,3540,98115,28,0,0,28,8
2020-09-22,US,Louisiana,Lincoln,1191,47,0,32.6003154,-92.66597409999999,22061.0,2548.0296093449147,3.9462636439966414,1144,1162,47,0,1115,1139,47196,29,0,0,29,23
2020-09-22,US,Louisiana,Livingston,3726,74,0,30.44143993,-90.73061664,22063.0,2646.513577055025,1.9860440150295224,3652,3714,73,0,3641,3710,139567,12,1,0,11,4
2020-09-22,US,Louisiana,Madison,866,8,0,32.36918118,-91.23973355,22065.0,7907.953611542325,0.9237875288683602,858,863,8,0,855,862,11161,3,0,0,3,1
2020-09-22,US,Louisiana,Morehouse,765,22,0,32.81686191,-91.80421614,22067.0,3075.500522634076,2.8758169934640523,743,748,20,0,728,747,25398,17,2,0,15,1
2020-09-22,US,Louisiana,Natchitoches,1096,25,0,31.72321584,-93.09816516,22069.0,2872.267938571204,2.281021897810219,1071,1087,25,0,1062,1085,38659,9,0,0,9,2
2020-09-22,US,Louisiana,Orleans,12407,587,0,30.06971951,-89.92660315,22071.0,3180.107857611549,4.7312001289594585,11820,12345,587,0,11758,12343,391006,62,0,0,62,2
2020-09-22,US,Louisiana,Ouachita,6120,141,0,32.47645559,-92.15704172,22073.0,3992.71915918032,2.3039215686274512,5979,6092,141,0,5951,6077,154475,28,0,0,28,15
2020-09-22,US,Louisiana,Plaquemines,665,19,0,29.42245447,-89.60322085,22075.0,2866.7500107772557,2.8571428571428568,646,664,19,0,645,665,23410,1,0,0,1,-1
2020-09-22,US,Louisiana,Pointe Coupee,1053,40,0,30.71409502,-91.60209535,22077.0,4845.835250805339,3.7986704653371315,1013,1045,40,0,1005,1041,21940,8,0,0,8,4
2020-09-22,US,Louisiana,Rapides,4122,146,0,31.19778499,-92.52997303,22079.0,3179.3780081451314,3.5419699175157686,3976,4097,146,0,3951,4088,130562,25,0,0,25,9
2020-09-22,US,Louisiana,Red River,354,21,0,32.09530039,-93.34213308,22081.0,4193.319118692253,5.932203389830509,333,355,21,0,334,355,8477,-1,0,0,-1,0
2020-09-22,US,Louisiana,Richland,748,10,0,32.41391005,-91.76634876,22083.0,3717.324321638008,1.3368983957219251,738,745,10,0,735,744,20192,3,0,0,3,1
2020-09-22,US,Louisiana,Sabine,839,13,0,31.56388699,-93.55433981,22085.0,3512.8119243007873,1.5494636471990464,826,835,13,0,822,835,24032,4,0,0,4,0
2020-09-22,US,Louisiana,St. Bernard,1386,29,0,29.87761636,-89.51887093,22087.0,2933.705867411735,2.0923520923520917,1357,1361,29,0,1332,1359,46721,25,0,0,25,2
2020-09-22,US,Louisiana,St. Charles,1772,59,0,29.90709658,-90.35555967,22089.0,3337.099811676083,3.329571106094808,1713,1763,59,0,1704,1763,52879,9,0,0,9,0
2020-09-22,US,Louisiana,St. Helena,413,4,0,30.82210324,-90.71013176,22091.0,4076.194236083695,0.9685230024213076,409,399,4,0,395,398,10262,14,0,0,14,1
2020-09-22,US,Louisiana,St. James,806,40,0,30.02531716,-90.80212061,22093.0,3820.62950322336,4.962779156327543,766,792,40,0,752,791,21037,14,0,0,14,1
2020-09-22,US,Louisiana,St. John the Baptist,1573,98,0,30.12597499,-90.4753503,22095.0,3672.0592011578774,6.2301335028607765,1475,1579,98,0,1481,1579,43184,-6,0,0,-6,0
2020-09-22,US,Louisiana,St. Landry,3271,124,0,30.59724262,-92.00135806,22097.0,3983.001315084506,3.7908896361968822,3147,3260,124,0,3136,3260,82764,11,0,0,11,0
2020-09-22,US,Louisiana,St. Martin,2073,61,0,30.13112107,-91.61403569,22099.0,3879.7701708745853,2.9425952725518574,2012,2058,61,0,1997,2056,53621,15,0,0,15,2
2020-09-22,US,Louisiana,St. Mary,1900,77,0,29.69262097,-91.44702164,22101.0,3850.206695306801,4.052631578947368,1823,1891,77,0,1814,1889,49774,9,0,0,9,2
2020-09-22,US,Louisiana,St. Tammany,6842,251,0,30.40942847,-89.95642711,22103.0,2627.3044593520444,3.668517977199649,6591,6828,251,0,6577,6814,258111,14,0,0,14,14
2020-09-22,US,Louisiana,Tangipahoa,4394,117,0,30.62888673,-90.40664996,22105.0,3260.659849508007,2.662721893491124,4277,4385,117,0,4268,4376,133777,9,0,0,9,9
2020-09-22,US,Louisiana,Tensas,160,2,0,32.00760749,-91.32915234,22107.0,3691.739732348869,1.25,158,159,2,0,157,160,4462,1,0,0,1,-1
2020-09-22,US,Louisiana,Terrebonne,3601,110,0,29.37343766,-90.82626855,22109.0,3259.974108508885,3.0547070258261595,3491,3588,110,0,3478,3585,111021,13,0,0,13,3
2020-09-22,US,Louisiana,Unassigned,193,170,0,0.0,0.0,90022.0,0.0,88.08290155440416,23,196,170,0,26,195,,-3,0,0,-3,1
2020-09-22,US,Louisiana,Union,953,42,0,32.83121059,-92.3749373,22111.0,4310.656775827754,4.4071353620146905,911,945,42,0,903,942,22330,8,0,0,8,3
2020-09-22,US,Louisiana,Vermilion,2019,59,0,29.83517605,-92.30292538,22113.0,3392.6500983011547,2.922238732045567,1960,2002,58,0,1944,2007,59830,17,1,0,16,-5
2020-09-22,US,Louisiana,Vernon,1040,46,0,31.10884837,-93.18153838,22115.0,2192.7512703198463,4.4230769230769225,994,1036,46,0,990,1035,48860,4,0,0,4,1
2020-09-22,US,Louisiana,Washington,1604,65,0,30.85288548,-90.03866652,22117.0,3472.3124215266052,4.052369077306733,1539,1598,65,0,1533,1595,46582,6,0,0,6,3
2020-09-22,US,Louisiana,Webster,1211,22,0,32.70847669,-93.33121835,22119.0,3158.5811163275953,1.8166804293971923,1189,1177,22,0,1155,1179,38798,34,0,0,34,-2
2020-09-22,US,Louisiana,West Baton Rouge,895,41,0,30.46058217,-91.30989571,22121.0,3381.825051955413,4.581005586592179,854,889,41,0,848,886,26427,6,0,0,6,3
2020-09-22,US,Louisiana,West Carroll,342,10,0,32.78550125,-91.461201,22123.0,3157.894736842105,2.9239766081871346,332,339,9,0,330,341,10982,3,1,0,2,-2
2020-09-22,US,Louisiana,West Feliciana,711,25,0,30.87882871,-91.41485379999999,22125.0,4567.060637204522,3.516174402250352,686,708,25,0,683,682,15460,3,0,0,3,26
2020-09-22,US,Louisiana,Winn,611,18,0,31.94449367,-92.63789413,22127.0,4394.418872266973,2.9459901800327333,593,606,18,0,588,608,14134,5,0,0,5,-2
2020-09-22,US,Maine,Androscoggin,687,10,0,44.1664747,-70.20380627,23001.0,634.4837777182596,1.4556040756914117,677,687,10,0,677,682,107679,0,0,0,0,5
2020-09-22,US,Maine,Aroostook,42,1,0,46.65926321,-68.59841248,23003.0,62.63515024979496,2.380952380952381,41,42,1,0,41,42,67111,0,0,0,0,0
2020-09-22,US,Maine,Cumberland,2288,70,0,43.8370751,-70.37226999,23005.0,775.5853330305116,3.05944055944056,2218,2283,70,0,2213,2282,293557,5,0,0,5,1
2020-09-22,US,Maine,Franklin,60,1,0,44.97330019,-70.44381045,23007.0,198.6820755654161,1.6666666666666667,59,59,1,0,58,59,29897,1,0,0,1,0
2020-09-22,US,Maine,Hancock,53,1,0,44.59816444,-68.38401854,23009.0,96.38641860803465,1.8867924528301887,52,53,1,0,52,53,54811,0,0,0,0,0
2020-09-22,US,Maine,Kennebec,208,11,0,44.40759555,-69.76738544,23011.0,170.07080832692841,5.288461538461538,197,206,11,0,195,206,122083,2,0,0,2,0
2020-09-22,US,Maine,Knox,36,1,0,44.11486325,-69.10529169,23013.0,90.51594086291864,2.7777777777777777,35,36,1,0,35,35,39771,0,0,0,0,1
2020-09-22,US,Maine,Lincoln,41,1,0,44.05996956,-69.54227124,23015.0,118.3807818906277,2.4390243902439024,40,39,1,0,38,39,34342,2,0,0,2,0
2020-09-22,US,Maine,Oxford,129,1,0,44.49952995,-70.75682123,23017.0,222.509702457956,0.7751937984496124,128,125,1,0,124,121,57618,4,0,0,4,4
2020-09-22,US,Maine,Penobscot,252,6,0,45.40194593,-68.65020455,23019.0,165.62820411704394,2.380952380952381,246,252,6,0,246,252,151096,0,0,0,0,0
2020-09-22,US,Maine,Piscataquis,9,0,0,45.83839062,-69.2860223,23021.0,53.61930294906166,0.0,9,8,0,0,8,8,16800,1,0,0,1,0
2020-09-22,US,Maine,Sagadahoc,64,0,0,43.95415864,-69.85074999,23023.0,178.491744756805,0.0,64,64,0,0,64,64,35634,0,0,0,0,0
2020-09-22,US,Maine,Somerset,86,8,0,45.51229767,-69.95995554,23025.0,170.35100229775767,9.30232558139535,78,86,8,0,78,86,50592,0,0,0,0,0
2020-09-22,US,Maine,Waldo,73,14,0,44.4858305,-69.12061935,23027.0,183.809643711444,19.17808219178082,59,73,14,0,59,73,39694,0,0,0,0,0
2020-09-22,US,Maine,Washington,15,0,0,45.01607142,-67.62813524,23029.0,47.802670575862855,0.0,15,15,0,0,15,15,31490,0,0,0,0,0
2020-09-22,US,Maine,York,1103,15,0,43.47808377,-70.71052375,23031.0,531.2053014578047,1.3599274705349047,1088,1078,15,0,1063,1060,206229,25,0,0,25,18
2020-09-22,US,Maryland,Allegany,450,22,0,39.62357628,-78.69280486,24001.0,639.0593047034765,4.888888888888889,428,447,22,0,425,444,70975,3,0,0,3,3
2020-09-22,US,Maryland,Anne Arundel,9713,245,0,39.00670238,-76.60329337,24003.0,1676.8697970077726,2.522392669618038,9468,9677,244,0,9433,9622,576031,36,1,0,35,55
2020-09-22,US,Maryland,Baltimore,17523,619,0,39.45784712,-76.62911955,24005.0,2117.915805504188,3.5325001426696336,16904,17486,619,0,16867,17423,828431,37,0,0,37,63
2020-09-22,US,Maryland,Baltimore City,15292,482,0,39.30211911,-76.61151012,24510.0,2576.6230265042373,3.1519748888307615,14810,15259,483,0,14776,15226,621342,33,-1,0,34,33
2020-09-22,US,Maryland,Calvert,914,28,0,38.53961642,-76.56820632,24009.0,987.841124020535,3.063457330415755,886,913,28,0,885,907,92003,1,0,0,1,6
2020-09-22,US,Maryland,Caroline,638,5,0,38.87172293,-75.82904158,24011.0,1909.8365563072505,0.7836990595611285,633,636,4,0,632,634,33304,2,1,0,1,2
2020-09-22,US,Maryland,Carroll,1917,124,0,39.56453592,-77.02373735,24013.0,1138.0434201855776,6.4684402712571725,1793,1912,124,0,1788,1909,168429,5,0,0,5,3
2020-09-22,US,Maryland,Cecil,1017,33,0,39.56647682,-75.94627411,24015.0,988.7705993874872,3.2448377581120944,984,1010,33,0,977,997,102826,7,0,0,7,13
2020-09-22,US,Maryland,Charles,2716,99,0,38.51092331,-76.98580666,24017.0,1663.6346374121786,3.645066273932253,2617,2703,99,0,2604,2694,161503,13,0,0,13,9
2020-09-22,US,Maryland,Dorchester,578,10,0,38.45413522,-76.02752426,24019.0,1810.26652886091,1.7301038062283738,568,575,10,0,565,571,31998,3,0,0,3,4
2020-09-22,US,Maryland,Frederick,3938,130,0,39.47296601,-77.39999394,24021.0,1517.2589164968194,3.3011681056373794,3808,3935,129,0,3806,3914,255648,3,1,0,2,21
2020-09-22,US,Maryland,Garrett,72,1,0,39.52786077,-79.27355126,24023.0,248.1560625904736,1.3888888888888888,71,72,1,0,71,72,29163,0,0,0,0,0
2020-09-22,US,Maryland,Harford,2945,76,0,39.55010644,-76.30775940000002,24025.0,1152.9081079388195,2.5806451612903225,2869,2937,76,0,2861,2931,253956,8,0,0,8,6
2020-09-22,US,Maryland,Howard,4968,122,0,39.25305293,-76.93126208,24027.0,1525.3768921366946,2.455716586151369,4846,4961,120,0,4841,4941,323196,7,2,0,5,20
2020-09-22,US,Maryland,Kent,297,24,0,39.24976208,-76.04741541,24029.0,1529.1936978683966,8.080808080808081,273,296,24,0,272,295,19383,1,0,0,1,1
2020-09-22,US,Maryland,Montgomery,21933,841,0,39.13676329,-77.20358245,24031.0,2087.489340317963,3.834404778188119,21092,21877,838,0,21039,21814,1052567,56,3,0,53,63
2020-09-22,US,Maryland,Prince George's,28715,818,0,38.83070039,-76.8496441,24033.0,3157.8299115719647,2.848685356085669,27897,28629,816,0,27813,28555,909308,86,2,0,84,74
2020-09-22,US,Maryland,Queen Anne's,640,26,0,39.06198912,-76.03530977,24035.0,1270.3201603779205,4.0625,614,638,26,0,612,637,50251,2,0,0,2,1
2020-09-22,US,Maryland,Somerset,246,4,0,38.1163542,-75.75118623,24039.0,960.3372891942537,1.6260162601626016,242,246,4,0,242,244,25675,0,0,0,0,2
2020-09-22,US,Maryland,St. Mary's,1257,57,0,38.30058422,-76.60629279999998,24037.0,1107.3914192582151,4.534606205250596,1200,1259,57,0,1202,1253,112664,-2,0,0,-2,6
2020-09-22,US,Maryland,Talbot,543,5,0,38.76618159,-76.10882561,24041.0,1460.4233344988031,0.9208103130755064,538,542,5,0,537,539,36968,1,0,0,1,3
2020-09-22,US,Maryland,Unassigned,0,13,0,0.0,0.0,90024.0,0.0,0.0,-13,0,10,0,-10,0,,0,3,0,-3,0
2020-09-22,US,Maryland,Washington,1676,37,0,39.60835778,-77.82002295,24043.0,1109.57371449,2.2076372315035804,1639,1654,37,0,1617,1646,150926,22,0,0,22,8
2020-09-22,US,Maryland,Wicomico,1914,48,0,38.37301947,-75.62705831,24045.0,1847.3298651661526,2.5078369905956115,1866,1902,48,0,1854,1893,103195,12,0,0,12,9
2020-09-22,US,Maryland,Worcester,1010,26,0,38.21274277,-75.33200012,24047.0,1932.0529497283649,2.5742574257425743,984,1002,26,0,976,995,51823,8,0,0,8,7
2020-09-22,US,Massachusetts,Barnstable,1714,173,0,41.72980578,-70.28854339,25001.0,804.7326165547678,10.093348891481913,1541,1713,172,0,1541,1706,213413,1,1,0,0,7
2020-09-22,US,Massachusetts,Berkshire,704,49,0,42.37428441,-73.20524838,25003.0,563.4524266871557,6.9602272727272725,655,702,49,0,653,701,126348,2,0,0,2,1
2020-09-22,US,Massachusetts,Bristol,9826,686,0,41.79228404,-71.10872211,25005.0,1738.4473573866321,6.981477712192142,9140,9811,685,0,9126,9788,564022,15,1,0,14,23
2020-09-22,US,Massachusetts,Dukes and Nantucket,150,1,0,41.40674725,-70.68763497,0.0,522.0841599665866,0.6666666666666666,149,150,1,0,149,150,26707,0,0,0,0,0
2020-09-22,US,Massachusetts,Essex,19120,1271,0,42.6687626,-70.94687179,25009.0,2423.216236562683,6.647489539748953,17849,19086,1269,0,17817,19074,790638,34,2,0,32,12
2020-09-22,US,Massachusetts,Franklin,404,67,0,42.58119713,-72.58602547,25011.0,575.6625819321744,16.584158415841586,337,403,67,0,336,403,70963,1,0,0,1,0
2020-09-22,US,Massachusetts,Hampden,8025,773,0,42.13440424,-72.63235561,25013.0,1720.7293748338236,9.632398753894082,7252,8011,772,0,7239,7986,470406,14,1,0,13,25
2020-09-22,US,Massachusetts,Hampshire,1205,141,0,42.33997957,-72.65898478,25015.0,749.238326182926,11.701244813278008,1064,1206,141,0,1065,1206,161355,-1,0,0,-1,0
2020-09-22,US,Massachusetts,Middlesex,26820,2127,0,42.48607732,-71.39049229,25017.0,1664.082437229284,7.930648769574944,24693,26784,2123,0,24661,26732,1614714,36,4,0,32,52
2020-09-22,US,Massachusetts,Norfolk,10080,1048,0,42.16073095,-71.20530408,25021.0,1426.1964557320223,10.396825396825397,9032,10065,1048,0,9017,10044,705388,15,0,0,15,21
2020-09-22,US,Massachusetts,Plymouth,9551,762,0,41.94070556,-70.80802823,25023.0,1832.4948868193133,7.978222175688408,8789,9540,761,0,8779,9533,518132,11,1,0,10,7
2020-09-22,US,Massachusetts,Suffolk,23822,1131,0,42.327951399999996,-71.07850442,25025.0,2963.2780906249104,4.747712198807824,22691,23798,1131,0,22667,23741,807252,24,0,0,24,57
2020-09-22,US,Massachusetts,Unassigned,2429,5,0,0.0,0.0,90025.0,0.0,0.2058460271716756,2424,2413,5,0,2408,2397,,16,0,0,16,16
2020-09-22,US,Massachusetts,Worcester,14119,1094,0,42.35026951,-71.90493363,25027.0,1699.810503454038,7.748424109356186,13025,14114,1093,0,13021,14079,830839,5,1,0,4,35
2020-09-22,US,Michigan,Alcona,41,2,0,44.6846864,-83.59507875,26001.0,394.0413262854397,4.878048780487805,39,41,2,0,39,41,10362,0,0,0,0,0
2020-09-22,US,Michigan,Alger,17,0,0,46.41292944,-86.60260122,26003.0,186.649099692578,0.0,17,17,0,0,17,17,9097,0,0,0,0,0
2020-09-22,US,Michigan,Allegan,737,7,0,42.59147037,-85.89102866,26005.0,624.1478307263658,0.949796472184532,730,737,7,0,730,729,117327,0,0,0,0,8
2020-09-22,US,Michigan,Alpena,150,14,0,45.03477666,-83.62212411,26007.0,528.0760429501847,9.333333333333334,136,145,14,0,131,139,28360,5,0,0,5,6
2020-09-22,US,Michigan,Antrim,67,0,0,44.99690221,-85.15503082,26009.0,287.2577602469558,0.0,67,67,0,0,67,66,23365,0,0,0,0,1
2020-09-22,US,Michigan,Arenac,68,3,0,44.0636262,-83.89277559,26011.0,456.8971309547807,4.411764705882354,65,69,3,0,66,69,15041,-1,0,0,-1,0
2020-09-22,US,Michigan,Baraga,18,0,0,46.6720582,-88.36363591,26013.0,219.2715312461932,0.0,18,14,0,0,14,13,8320,4,0,0,4,1
2020-09-22,US,Michigan,Barry,283,3,0,42.59513984,-85.30834519,26015.0,459.7887896019497,1.060070671378092,280,282,2,0,280,272,61157,1,1,0,0,10
2020-09-22,US,Michigan,Bay,976,48,0,43.70639106,-83.98731479,26017.0,946.4150650660356,4.918032786885246,928,971,48,0,923,956,103923,5,0,0,5,15
2020-09-22,US,Michigan,Benzie,79,2,0,44.63899297,-86.01608482,26019.0,444.6695936057638,2.5316455696202533,77,79,2,0,77,69,17753,0,0,0,0,10
2020-09-22,US,Michigan,Berrien,1826,73,0,41.95447397,-86.41313079999998,26021.0,1190.3442611195496,3.9978094194961664,1753,1812,72,0,1740,1784,154141,14,1,0,13,28
2020-09-22,US,Michigan,Branch,587,5,0,41.91600556,-85.05929476,26023.0,1348.8981317645978,0.8517887563884157,582,576,4,0,572,568,43622,11,1,0,10,8
2020-09-22,US,Michigan,Calhoun,1250,45,0,42.24633834,-85.00493569,26025.0,931.730260362704,3.6,1205,1239,45,0,1194,1222,134487,11,0,0,11,17
2020-09-22,US,Michigan,Cass,537,16,0,41.91522292,-85.99405727,26027.0,1036.9397725297854,2.97951582867784,521,533,16,0,517,514,51653,4,0,0,4,19
2020-09-22,US,Michigan,Charlevoix,97,3,0,45.37790017,-85.19614053,26029.0,371.0362238457714,3.0927835051546397,94,96,3,0,93,94,26244,1,0,0,1,2
2020-09-22,US,Michigan,Cheboygan,89,2,0,45.44787015,-84.50122149,26031.0,352.11267605633805,2.247191011235955,87,89,2,0,87,88,25413,0,0,0,0,1
2020-09-22,US,Michigan,Chippewa,76,0,0,46.29552653,-84.54353449,26033.0,203.4860371094273,0.0,76,74,0,0,74,75,37517,2,0,0,2,-1
2020-09-22,US,Michigan,Clare,111,4,0,43.98794227,-84.84819859999998,26035.0,358.64297253634896,3.603603603603604,107,111,4,0,107,108,30757,0,0,0,0,3
2020-09-22,US,Michigan,Clinton,648,13,0,42.94400871,-84.60145248,26037.0,814.1214900433446,2.0061728395061733,635,633,13,0,620,620,79332,15,0,0,15,13
2020-09-22,US,Michigan,Crawford,121,5,0,44.68255561,-84.61006219,26039.0,862.4991089885237,4.132231404958676,116,119,5,0,114,118,13901,2,0,0,2,1
2020-09-22,US,Michigan,Delta,297,5,0,45.90484910000001,-86.9080745,26041.0,829.979879275654,1.6835016835016836,292,286,5,0,281,261,35857,11,0,0,11,25
2020-09-22,US,Michigan,Dickinson,115,2,0,46.00999672,-87.86961634,26043.0,455.6440429494037,1.7391304347826086,113,108,2,0,106,97,25383,7,0,0,7,11
2020-09-22,US,Michigan,Eaton,624,10,0,42.59599185,-84.83740035,26045.0,565.8940037000763,1.6025641025641026,614,618,10,0,608,610,109826,6,0,0,6,8
2020-09-22,US,Michigan,Emmet,156,4,0,45.52625509,-84.89083249,26047.0,466.8562023043543,2.5641025641025643,152,154,4,0,150,152,33308,2,0,0,2,2
2020-09-22,US,Michigan,Federal Correctional Institution (FCI),195,5,0,0.0,0.0,0.0,0.0,2.5641025641025643,190,195,5,0,190,195,,0,0,0,0,0
2020-09-22,US,Michigan,Genesee,4369,308,0,43.02244215,-83.70589709,26049.0,1076.6042487549685,7.049668116273747,4061,4334,306,0,4028,4267,406892,35,2,0,33,67
2020-09-22,US,Michigan,Gladwin,91,2,0,43.98901072,-84.38774817,26051.0,357.5779008998389,2.1978021978021984,89,91,2,0,89,91,25337,0,0,0,0,0
2020-09-22,US,Michigan,Gogebic,156,1,0,46.40862701,-89.69377193,26053.0,1116.2790697674418,0.6410256410256411,155,154,1,0,153,153,15096,2,0,0,2,1
2020-09-22,US,Michigan,Grand Traverse,460,7,0,44.69565625,-85.55585247,26055.0,494.1560673771056,1.5217391304347827,453,457,7,0,450,455,92573,3,0,0,3,2
2020-09-22,US,Michigan,Gratiot,254,15,0,43.29265605,-84.60505416,26057.0,623.9099997543661,5.905511811023621,239,250,15,0,235,244,40599,4,0,0,4,6
2020-09-22,US,Michigan,Hillsdale,331,27,0,41.88753639,-84.59312019,26059.0,725.797609911194,8.157099697885196,304,330,27,0,303,325,45749,1,0,0,1,5
2020-09-22,US,Michigan,Houghton,344,2,0,46.89988536,-88.68495385,26061.0,964.0174868288307,0.5813953488372093,342,337,1,0,336,300,36219,7,1,0,6,37
2020-09-22,US,Michigan,Huron,219,5,0,43.83353985,-83.04078453,26063.0,706.8848649172072,2.2831050228310503,214,218,5,0,213,214,31166,1,0,0,1,4
2020-09-22,US,Michigan,Ingham,3297,47,0,42.59716886,-84.37472069,26065.0,1127.5418425066514,1.4255383682135274,3250,3242,47,0,3195,3158,292735,55,0,0,55,84
2020-09-22,US,Michigan,Ionia,352,7,0,42.94502238,-85.07413319,26067.0,544.0746866160719,1.9886363636363635,345,349,7,0,342,349,64210,3,0,0,3,0
2020-09-22,US,Michigan,Iosco,205,12,0,44.35486835,-83.63484895,26069.0,815.8554542921954,5.853658536585367,193,204,12,0,192,190,25081,1,0,0,1,14
2020-09-22,US,Michigan,Iron,97,1,0,46.20974132,-88.53136251,26071.0,876.5588288451113,1.0309278350515465,96,91,1,0,90,66,11117,6,0,0,6,25
2020-09-22,US,Michigan,Isabella,674,13,0,43.64060976,-84.84664923,26073.0,964.6210212960845,1.9287833827893173,661,672,12,0,660,652,70562,2,1,0,1,20
2020-09-22,US,Michigan,Jackson,1026,44,0,42.24807035,-84.42258681,26075.0,647.2777742729165,4.288499025341131,982,998,44,0,954,980,158823,28,0,0,28,18
2020-09-22,US,Michigan,Kalamazoo,2661,91,0,42.24542231,-85.53038622,26077.0,1003.9009152437508,3.4197670048853817,2570,2616,91,0,2525,2580,264870,45,0,0,45,36
2020-09-22,US,Michigan,Kalkaska,82,4,0,44.68512729,-85.09085699,26079.0,454.5958531988025,4.878048780487805,78,81,4,0,77,79,17824,1,0,0,1,2
2020-09-22,US,Michigan,Kent,9522,174,0,43.03197711,-85.54934642,26081.0,1449.4143434481814,1.8273471959672336,9348,9457,174,0,9283,9342,653786,65,0,0,65,115
2020-09-22,US,Michigan,Keweenaw,8,0,0,47.63197653,-88.41434263,26083.0,378.0718336483932,0.0,8,7,0,0,7,7,2113,1,0,0,1,0
2020-09-22,US,Michigan,Lake,32,0,0,43.99050893,-85.802173,26085.0,269.97384628364125,0.0,32,32,0,0,32,32,11881,0,0,0,0,0
2020-09-22,US,Michigan,Lapeer,588,36,0,43.09052506,-83.22153148,26087.0,671.1792436677432,6.1224489795918355,552,587,36,0,551,580,88028,1,0,0,1,7
2020-09-22,US,Michigan,Leelanau,110,1,0,44.94430054,-85.80150326,26089.0,505.491475575571,0.9090909090909092,109,110,1,0,109,108,21764,0,0,0,0,2
2020-09-22,US,Michigan,Lenawee,786,18,0,41.89475156,-84.06603727,26091.0,798.3667001858793,2.2900763358778624,768,787,16,0,771,779,98266,-1,2,0,-3,8
2020-09-22,US,Michigan,Livingston,1328,30,0,42.60302282,-83.91297209,26093.0,691.6846792885233,2.2590361445783134,1298,1332,30,0,1302,1312,191224,-4,0,0,-4,20
2020-09-22,US,Michigan,Luce,12,0,0,46.47227431,-85.54471223,26095.0,192.6472949109006,0.0,12,12,0,0,12,12,6283,0,0,0,0,0
2020-09-22,US,Michigan,Mackinac,54,0,0,46.07028979,-85.04980537,26097.0,500.0463005833874,0.0,54,54,0,0,54,54,10787,0,0,0,0,0
2020-09-22,US,Michigan,Macomb,14163,1013,0,42.69158356,-82.92752801,26099.0,1620.5324655709796,7.152439454917745,13150,14121,1010,0,13111,13971,874759,42,3,0,39,150
2020-09-22,US,Michigan,Manistee,71,2,0,44.33352407,-86.05626916,26101.0,289.11149116377555,2.8169014084507036,69,70,2,0,68,69,24528,1,0,0,1,1
2020-09-22,US,Michigan,Marquette,333,12,0,46.4338914,-87.64043701,26103.0,499.2578599379302,3.603603603603604,321,328,12,0,316,315,66516,5,0,0,5,13
2020-09-22,US,Michigan,Mason,134,0,0,43.99509218,-86.24988902,26105.0,459.7858907493824,0.0,134,133,0,0,133,133,29100,1,0,0,1,0
2020-09-22,US,Michigan,Mecosta,193,3,0,43.64064262,-85.32463223,26107.0,444.1580558304375,1.5544041450777202,190,193,3,0,190,186,43545,0,0,0,0,7
2020-09-22,US,Michigan,Menominee,328,1,0,45.58038692,-87.55370409,26109.0,1439.8595258999121,0.3048780487804878,327,324,1,0,323,302,22983,4,0,0,4,22
2020-09-22,US,Michigan,Michigan Department of Corrections (MDOC),5588,73,0,0.0,0.0,0.0,0.0,1.306370794559771,5515,5588,73,0,5515,5563,,0,0,0,0,25
2020-09-22,US,Michigan,Midland,579,11,0,43.64330771,-84.38804374,26111.0,696.2816874308528,1.8998272884283247,568,570,11,0,559,553,83209,9,0,0,9,17
2020-09-22,US,Michigan,Missaukee,59,1,0,44.33772443,-85.09256478,26113.0,390.2632623362878,1.6949152542372878,58,59,1,0,58,58,15113,0,0,0,0,1
2020-09-22,US,Michigan,Monroe,1476,28,0,41.92734151,-83.53749864,26115.0,980.7308970099667,1.897018970189702,1448,1471,28,0,1443,1458,150439,5,0,0,5,13
2020-09-22,US,Michigan,Montcalm,300,5,0,43.31082541,-85.15252824,26117.0,469.5717505634861,1.6666666666666667,295,294,5,0,289,289,63968,6,0,0,6,5
2020-09-22,US,Michigan,Montmorency,14,0,0,45.0275929,-84.12696227,26119.0,150.08576329331046,0.0,14,14,0,0,14,14,9265,0,0,0,0,0
2020-09-22,US,Michigan,Muskegon,1469,69,0,43.29123859,-86.15176712,26121.0,846.3639192007653,4.6970728386657585,1400,1456,69,0,1387,1444,173588,13,0,0,13,12
2020-09-22,US,Michigan,Newaygo,333,1,0,43.554373999999996,-85.80070107,26123.0,679.8693344222131,0.3003003003003003,332,328,1,0,327,317,48892,5,0,0,5,11
2020-09-22,US,Michigan,Oakland,20178,1195,0,42.66090111,-83.38595416,26125.0,1604.505146375908,5.922291604718009,18983,20089,1194,0,18895,19884,1259201,89,1,0,88,205
2020-09-22,US,Michigan,Oceana,514,6,0,43.64124435,-86.26726673,26127.0,1942.0410322288133,1.1673151750972763,508,514,6,0,508,513,26625,0,0,0,0,1
2020-09-22,US,Michigan,Ogemaw,62,5,0,44.33481032,-84.12725175,26129.0,295.28027813497164,8.064516129032258,57,62,5,0,57,61,20952,0,0,0,0,1
2020-09-22,US,Michigan,Ontonagon,42,0,0,46.665226200000006,-89.31390481,26131.0,734.2657342657343,0.0,42,42,0,0,42,42,5795,0,0,0,0,0
2020-09-22,US,Michigan,Osceola,92,0,0,43.98992088,-85.32566756,26133.0,392.156862745098,0.0,92,91,0,0,91,89,23341,1,0,0,1,2
2020-09-22,US,Michigan,Oscoda,30,1,0,44.68192279,-84.12939244,26135.0,364.0334910811795,3.333333333333333,29,30,1,0,29,30,8276,0,0,0,0,0
2020-09-22,US,Michigan,Otsego,171,11,0,45.02085831,-84.59898295,26137.0,693.2057726609372,6.432748538011697,160,171,11,0,160,168,24665,0,0,0,0,3
2020-09-22,US,Michigan,Ottawa,3255,66,0,42.95996803,-85.9969107,26139.0,1115.3753897817223,2.0276497695852536,3189,3215,66,0,3149,3146,290494,40,0,0,40,69
2020-09-22,US,Michigan,Out of MI,203,2,0,0.0,0.0,80026.0,0.0,0.9852216748768472,201,229,2,0,227,204,,-26,0,0,-26,25
2020-09-22,US,Michigan,Presque Isle,26,1,0,45.34018577,-83.91498656,26141.0,206.48030495552726,3.8461538461538463,25,26,1,0,25,26,12738,0,0,0,0,0
2020-09-22,US,Michigan,Roscommon,92,4,0,44.33473082,-84.61067651,26143.0,383.03010116990714,4.3478260869565215,88,91,4,0,87,88,23884,1,0,0,1,3
2020-09-22,US,Michigan,Saginaw,2882,139,0,43.33433923,-84.05131209999998,26145.0,1512.5512362298532,4.823039555863984,2743,2876,140,0,2736,2863,190800,6,-1,0,7,13
2020-09-22,US,Michigan,Sanilac,146,7,0,43.42406072,-82.82055898,26151.0,354.62715569589506,4.794520547945205,139,146,7,0,139,144,41182,0,0,0,0,2
2020-09-22,US,Michigan,Schoolcraft,21,0,0,46.19235734,-86.19972234,26153.0,259.45144551519644,0.0,21,21,0,0,21,21,8068,0,0,0,0,0
2020-09-22,US,Michigan,Shiawassee,499,31,0,42.95392800000001,-84.14585902,26155.0,732.5093215114059,6.212424849699398,468,496,31,0,465,491,68192,3,0,0,3,5
2020-09-22,US,Michigan,St. Clair,978,53,0,42.92655373,-82.67937954,26147.0,614.5995676436578,5.419222903885482,925,980,53,0,927,977,159337,-2,0,0,-2,3
2020-09-22,US,Michigan,St. Joseph,736,11,0,41.91441767,-85.52797979,26149.0,1207.2698641821405,1.4945652173913044,725,732,11,0,721,726,61043,4,0,0,4,6
2020-09-22,US,Michigan,Tuscola,495,31,0,43.46606813,-83.41897025,26157.0,947.4590869939708,6.262626262626263,464,493,31,0,462,488,52516,2,0,0,2,5
2020-09-22,US,Michigan,Unassigned,6,0,0,0.0,0.0,90026.0,0.0,0.0,6,29,0,0,29,4,,-23,0,0,-23,25
2020-09-22,US,Michigan,Van Buren,743,17,0,42.25190229,-86.01939087,26159.0,981.804246997106,2.288021534320323,726,744,17,0,727,738,75448,-1,0,0,-1,6
2020-09-22,US,Michigan,Washtenaw,3382,115,0,42.253105,-83.83853204,26161.0,920.0192600128944,3.400354819633353,3267,3347,115,0,3232,3305,370963,35,0,0,35,42
2020-09-22,US,Michigan,Wayne,34421,2963,0,42.28098405,-83.281255,26163.0,1967.652998868719,8.608117137793789,31458,34302,2959,0,31343,34082,1753893,119,4,0,115,220
2020-09-22,US,Michigan,Wexford,120,4,0,44.33853602,-85.57712739,26165.0,356.8136540691624,3.333333333333333,116,120,4,0,116,119,33466,0,0,0,0,1
2020-09-22,US,Minnesota,Aitkin,76,1,0,46.60962049,-93.41168259999999,27001.0,478.4086617147174,1.3157894736842106,75,73,1,0,72,71,15902,3,0,0,3,2
2020-09-22,US,Minnesota,Anoka,5836,132,0,45.27476015,-93.24604565,27003.0,1635.0957214621726,2.2618231665524333,5704,5801,132,0,5669,5753,353813,35,0,0,35,48
2020-09-22,US,Minnesota,Becker,251,2,0,46.93479392,-95.67158144,27005.0,729.163640589141,0.796812749003984,249,248,2,0,246,244,34371,3,0,0,3,4
2020-09-22,US,Minnesota,Beltrami,380,5,0,47.97373527,-94.93732139,27007.0,805.2894803763669,1.3157894736842106,375,379,5,0,374,376,46847,1,0,0,1,3
2020-09-22,US,Minnesota,Benton,517,3,0,45.69804958,-93.99514135,27009.0,1264.3987380469075,0.5802707930367504,514,515,3,0,512,511,40545,2,0,0,2,4
2020-09-22,US,Minnesota,Big Stone,71,0,0,45.42712824,-96.41403739,27011.0,1422.5606090963736,0.0,71,70,0,0,70,68,4989,1,0,0,1,2
2020-09-22,US,Minnesota,Blue Earth,1616,6,0,44.03554215,-94.06699781,27013.0,2388.659778575969,0.3712871287128713,1610,1611,6,0,1605,1598,67427,5,0,0,5,13
2020-09-22,US,Minnesota,Brown,181,2,0,44.24205652,-94.72562874,27015.0,723.7683941138838,1.1049723756906078,179,180,2,0,178,173,25111,1,0,0,1,7
2020-09-22,US,Minnesota,Carlton,246,1,0,46.59180601,-92.67601019,27017.0,685.7907501881742,0.4065040650406504,245,245,1,0,244,239,35837,1,0,0,1,6
2020-09-22,US,Minnesota,Carver,1365,7,0,44.82017001,-93.80099179999999,27019.0,1298.899028442558,0.5128205128205128,1358,1360,7,0,1353,1351,103551,5,0,0,5,9
2020-09-22,US,Minnesota,Cass,134,3,0,46.95043611,-94.32603968,27021.0,449.9815306088183,2.238805970149253,131,131,3,0,128,125,29519,3,0,0,3,6
2020-09-22,US,Minnesota,Chippewa,198,1,0,45.02343421,-95.56403693,27023.0,1677.9661016949149,0.5050505050505051,197,197,1,0,196,192,11924,1,0,0,1,5
2020-09-22,US,Minnesota,Chisago,462,1,0,45.5021011,-92.90861945,27025.0,816.5573799466232,0.21645021645021645,461,458,1,0,457,444,55922,4,0,0,4,14
2020-09-22,US,Minnesota,Clay,1288,40,0,46.89289518,-96.48761922,27027.0,2005.5432717760266,3.1055900621118013,1248,1281,40,0,1241,1261,63955,7,0,0,7,20
2020-09-22,US,Minnesota,Clearwater,26,0,0,47.57992111,-95.37790562,27029.0,294.85144023588117,0.0,26,26,0,0,26,26,8810,0,0,0,0,0
2020-09-22,US,Minnesota,Cook,6,0,0,47.90504893,-90.52629546,27031.0,109.82976386600771,0.0,6,6,0,0,6,6,5393,0,0,0,0,0
2020-09-22,US,Minnesota,Cottonwood,219,0,0,44.00715262,-95.18138802,27033.0,1956.0557341907825,0.0,219,219,0,0,219,219,11277,0,0,0,0,0
2020-09-22,US,Minnesota,Crow Wing,444,18,0,46.48096553,-94.06755609,27035.0,682.499423564676,4.0540540540540535,426,439,18,0,421,433,64889,5,0,0,5,6
2020-09-22,US,Minnesota,Dakota,7250,125,0,44.67172617,-93.06299363,27037.0,1689.8939678943455,1.7241379310344829,7125,7216,125,0,7091,7125,425423,34,0,0,34,91
2020-09-22,US,Minnesota,Dodge,209,0,0,44.02238415,-92.86244324,27039.0,998.3758479029332,0.0,209,202,0,0,202,199,20822,7,0,0,7,3
2020-09-22,US,Minnesota,Douglas,267,2,0,45.93348491,-95.45335469,27041.0,700.0340840565271,0.7490636704119851,265,262,2,0,260,249,37964,5,0,0,5,13
2020-09-22,US,Minnesota,Faribault,133,0,0,43.67381499,-93.94787458,27043.0,974.144876583901,0.0,133,132,0,0,132,132,13758,1,0,0,1,0
2020-09-22,US,Minnesota,Fillmore,110,0,0,43.67394126,-92.08980382,27045.0,522.1436369677695,0.0,110,111,0,0,111,108,21058,-1,0,0,-1,3
2020-09-22,US,Minnesota,Freeborn,526,3,0,43.67385583,-93.34884422,27047.0,1737.0628446880885,0.5703422053231939,523,522,3,0,519,516,30444,4,0,0,4,6
2020-09-22,US,Minnesota,Goodhue,340,9,0,44.40849741,-92.72341949999999,27049.0,733.70738023306,2.647058823529412,331,332,9,0,323,330,46403,8,0,0,8,2
2020-09-22,US,Minnesota,Grant,59,4,0,45.93424769,-96.01139609,27051.0,987.9437374413933,6.779661016949151,55,59,4,0,55,58,6021,0,0,0,0,1
2020-09-22,US,Minnesota,Hennepin,26147,923,0,45.00761521,-93.47694895,27053.0,2065.5800126871973,3.5300416873828735,25224,26054,922,0,25132,25857,1259428,93,1,0,92,197
2020-09-22,US,Minnesota,Houston,115,0,0,43.67129565,-91.49143057,27055.0,618.2795698924731,0.0,115,114,0,0,114,110,18578,1,0,0,1,4
2020-09-22,US,Minnesota,Hubbard,85,1,0,47.10778564,-94.91693868,27057.0,395.5144013773207,1.1764705882352942,84,83,0,0,83,82,21332,2,1,0,1,1
2020-09-22,US,Minnesota,Isanti,268,0,0,45.56181234,-93.29487636,27059.0,660.1635629126023,0.0,268,265,0,0,265,258,39966,3,0,0,3,7
2020-09-22,US,Minnesota,Itasca,289,13,0,47.51009045,-93.63092229,27061.0,640.3722579215599,4.498269896193771,276,282,13,0,269,277,45108,7,0,0,7,5
2020-09-22,US,Minnesota,Jackson,136,1,0,43.67423373,-95.15398258,27063.0,1381.2715823684744,0.7352941176470589,135,134,1,0,133,133,9911,2,0,0,2,1
2020-09-22,US,Minnesota,Kanabec,114,8,0,45.9459309,-93.29275192,27065.0,697.8025341249922,7.0175438596491215,106,109,8,0,101,105,16207,5,0,0,5,4
2020-09-22,US,Minnesota,Kandiyohi,936,2,0,45.1526059,-95.00586446,27067.0,2166.716822148661,0.21367521367521367,934,933,2,0,931,931,42855,3,0,0,3,2
2020-09-22,US,Minnesota,Kittson,12,0,0,48.77754106,-96.78317184,27069.0,279.1996277338297,0.0,12,12,0,0,12,12,4248,0,0,0,0,0
2020-09-22,US,Minnesota,Koochiching,110,3,0,48.24539665,-93.78352843,27071.0,899.5011857061086,2.727272727272727,107,111,3,0,108,105,12440,-1,0,0,-1,6
2020-09-22,US,Minnesota,Lac qui Parle,47,1,0,44.9973857,-96.17488219,27073.0,709.6481956817153,2.127659574468085,46,47,0,0,47,46,6658,0,1,0,-1,1
2020-09-22,US,Minnesota,Lake,56,0,0,47.64270764,-91.44557998,27075.0,526.2663283525983,0.0,56,57,0,0,57,53,10658,-1,0,0,-1,4
2020-09-22,US,Minnesota,Lake of the Woods,21,1,0,48.77217001,-94.90274472,27077.0,561.4973262032087,4.761904761904762,20,21,1,0,20,20,3758,0,0,0,0,1
2020-09-22,US,Minnesota,Le Sueur,446,4,0,44.37136597,-93.72844721,27079.0,1543.9471042337384,0.8968609865470852,442,445,4,0,441,444,28494,1,0,0,1,1
2020-09-22,US,Minnesota,Lincoln,103,0,0,44.41311883,-96.26688165,27081.0,1826.564993793225,0.0,103,102,0,0,102,102,5673,1,0,0,1,0
2020-09-22,US,Minnesota,Lyon,655,4,0,44.41327865,-95.83806103,27083.0,2571.2491167464873,0.6106870229007634,651,652,4,0,648,646,25629,3,0,0,3,6
2020-09-22,US,Minnesota,Mahnomen,46,1,0,47.32557075,-95.80921485,27087.0,832.2779084494299,2.1739130434782608,45,46,1,0,45,45,5519,0,0,0,0,1
2020-09-22,US,Minnesota,Marshall,50,1,0,48.35825983,-96.37017407,27089.0,535.5612682090831,2.0,49,50,1,0,49,49,9390,0,0,0,0,1
2020-09-22,US,Minnesota,Martin,343,10,0,43.67429718,-94.55099908,27091.0,1742.6205354874764,2.915451895043732,333,329,9,0,320,319,19785,14,1,0,13,10
2020-09-22,US,Minnesota,McLeod,461,2,0,44.82367677,-94.27287017,27085.0,1284.3729975204078,0.4338394793926248,459,452,2,0,450,446,35873,9,0,0,9,6
2020-09-22,US,Minnesota,Meeker,187,2,0,45.12328869,-94.52839455,27093.0,805.2708638360176,1.0695187165775402,185,183,2,0,181,177,23141,4,0,0,4,6
2020-09-22,US,Minnesota,Mille Lacs,152,3,0,45.93705297,-93.63236823,27095.0,578.4526391901662,1.973684210526316,149,150,3,0,147,145,26139,2,0,0,2,5
2020-09-22,US,Minnesota,Morrison,213,1,0,46.01265363,-94.27341528,27097.0,637.9919726831606,0.4694835680751174,212,208,1,0,207,203,33169,5,0,0,5,5
2020-09-22,US,Minnesota,Mower,1301,5,0,43.67142874,-92.75234549,27099.0,3247.466427038091,0.3843197540353574,1296,1293,5,0,1288,1286,40011,8,0,0,8,7
2020-09-22,US,Minnesota,Murray,155,2,0,44.02216709,-95.76328482,27101.0,1891.628020502807,1.2903225806451613,153,157,2,0,155,154,8276,-2,0,0,-2,3
2020-09-22,US,Minnesota,Nicollet,513,16,0,44.35291112,-94.24710352,27103.0,1496.7613934761043,3.1189083820662766,497,504,16,0,488,499,34220,9,0,0,9,5
2020-09-22,US,Minnesota,Nobles,1938,16,0,43.67434621,-95.75329576,27105.0,8960.192334365898,0.8255933952528379,1922,1936,16,0,1920,1931,21924,2,0,0,2,5
2020-09-22,US,Minnesota,Norman,52,0,0,47.32628443,-96.45620947,27107.0,815.686274509804,0.0,52,52,0,0,52,51,6475,0,0,0,0,1
2020-09-22,US,Minnesota,Olmsted,2329,27,0,44.00374114,-92.40209944,27109.0,1471.3221683839465,1.15929583512237,2302,2319,27,0,2292,2287,156277,10,0,0,10,32
2020-09-22,US,Minnesota,Otter Tail,402,4,0,46.40846929,-95.70835255,27111.0,684.301909917271,0.9950248756218906,398,400,4,0,396,392,58812,2,0,0,2,8
2020-09-22,US,Minnesota,Pennington,113,1,0,48.06642577,-96.0370814,27113.0,800.339967419789,0.8849557522123894,112,112,1,0,111,112,14178,1,0,0,1,0
2020-09-22,US,Minnesota,Pine,287,0,0,46.12105238,-92.74070188,27115.0,970.282971026742,0.0,287,284,0,0,284,281,29483,3,0,0,3,3
2020-09-22,US,Minnesota,Pipestone,215,10,0,44.02301619,-96.25841142,27117.0,2355.9062020600477,4.651162790697675,205,215,9,0,206,212,9047,0,1,0,-1,3
2020-09-22,US,Minnesota,Polk,277,4,0,47.77372465,-96.40134647,27119.0,883.1781660502487,1.444043321299639,273,275,4,0,271,273,31529,2,0,0,2,2
2020-09-22,US,Minnesota,Pope,89,0,0,45.58606667,-95.44451209,27121.0,791.1814383500757,0.0,89,89,0,0,89,88,11097,0,0,0,0,1
2020-09-22,US,Minnesota,Ramsey,10595,318,0,45.01625271,-93.09872295,27123.0,1925.2399962930729,3.0014157621519586,10277,10572,318,0,10254,10492,550210,23,0,0,23,80
2020-09-22,US,Minnesota,Red Lake,38,1,0,47.87197525,-96.09561104,27125.0,937.11467324291,2.631578947368421,37,39,0,0,39,39,3999,-1,1,0,-2,0
2020-09-22,US,Minnesota,Redwood,144,1,0,44.40555844,-95.25207021,27127.0,949.241924851681,0.6944444444444444,143,142,0,0,142,140,15249,2,1,0,1,2
2020-09-22,US,Minnesota,Renville,136,7,0,44.72836381,-94.94553734,27129.0,934.8364036293648,5.147058823529412,129,136,7,0,129,128,14612,0,0,0,0,8
2020-09-22,US,Minnesota,Rice,1309,8,0,44.3543376,-93.29658715,27131.0,1954.5481693842205,0.6111535523300229,1301,1308,8,0,1300,1301,66523,1,0,0,1,7
2020-09-22,US,Minnesota,Rock,159,0,0,43.67482683,-96.25296832,27133.0,1706.9243156199677,0.0,159,155,0,0,155,152,9414,4,0,0,4,3
2020-09-22,US,Minnesota,Roseau,117,0,0,48.77501878,-95.81079919,27135.0,771.5133531157269,0.0,117,117,0,0,117,116,15150,0,0,0,0,1
2020-09-22,US,Minnesota,Scott,2473,33,0,44.6490231,-93.53340251,27139.0,1659.5867474649865,1.3344116457743629,2440,2458,33,0,2425,2426,147381,15,0,0,15,32
2020-09-22,US,Minnesota,Sherburne,1109,14,0,45.44447208,-93.77617511,27141.0,1140.5006273267652,1.2623985572587917,1095,1104,14,0,1090,1093,96036,5,0,0,5,11
2020-09-22,US,Minnesota,Sibley,187,3,0,44.5796592,-94.23164924,27143.0,1257.9885637403295,1.60427807486631,184,184,3,0,181,179,15028,3,0,0,3,5
2020-09-22,US,Minnesota,St. Louis,1419,36,0,47.604840700000004,-92.46879855,27137.0,712.8145878334254,2.5369978858350954,1383,1400,34,0,1366,1352,199754,19,2,0,17,48
2020-09-22,US,Minnesota,Stearns,3833,24,0,45.55192576,-94.61078221,27145.0,2379.636815148223,0.6261414036003131,3809,3812,23,0,3789,3770,159256,21,1,0,20,42
2020-09-22,US,Minnesota,Steele,526,2,0,44.02240351,-93.22627088,27147.0,1435.2369778165844,0.3802281368821293,524,522,2,0,520,521,36803,4,0,0,4,1
2020-09-22,US,Minnesota,Stevens,93,1,0,45.58613007,-96.00163705,27149.0,948.4956654767976,1.075268817204301,92,93,1,0,92,93,9753,0,0,0,0,0
2020-09-22,US,Minnesota,Swift,123,1,0,45.2829032,-95.68264092,27151.0,1327.4336283185844,0.8130081300813008,122,123,1,0,122,114,9345,0,0,0,0,9
2020-09-22,US,Minnesota,Todd,481,2,0,46.06996226,-94.89785296,27153.0,1950.2108336036329,0.4158004158004158,479,479,2,0,477,479,24582,2,0,0,2,0
2020-09-22,US,Minnesota,Traverse,30,0,0,45.77298854,-96.47062949,27155.0,920.5277692543724,0.0,30,30,0,0,30,30,3308,0,0,0,0,0
2020-09-22,US,Minnesota,Unassigned,220,52,0,0.0,0.0,90027.0,0.0,23.63636363636364,168,212,52,0,160,209,,8,0,0,8,3
2020-09-22,US,Minnesota,Wabasha,181,0,0,44.28424356,-92.23121312,27157.0,836.9168169417858,0.0,181,180,0,0,180,174,21645,1,0,0,1,6
2020-09-22,US,Minnesota,Wadena,67,0,0,46.58589171,-94.96968506,27159.0,489.6944891097793,0.0,67,67,0,0,67,65,13773,0,0,0,0,2
2020-09-22,US,Minnesota,Waseca,550,8,0,44.02211116,-93.58720034,27161.0,2955.0827423167852,1.4545454545454546,542,533,8,0,525,532,18691,17,0,0,17,1
2020-09-22,US,Minnesota,Washington,3627,55,0,45.03864533,-92.88429635,27163.0,1382.0301783264747,1.5164047422111941,3572,3610,55,0,3555,3573,259201,17,0,0,17,37
2020-09-22,US,Minnesota,Watonwan,511,4,0,43.97823903,-94.61413846,27165.0,4689.3640451500405,0.7827788649706457,507,506,4,0,502,505,10980,5,0,0,5,1
2020-09-22,US,Minnesota,Wilkin,57,3,0,46.35721532,-96.4684375,27167.0,918.3180280328661,5.2631578947368425,54,56,3,0,53,55,6254,1,0,0,1,1
2020-09-22,US,Minnesota,Winona,853,18,0,43.98772283,-91.78081305,27169.0,1689.6442437207834,2.1101992966002343,835,852,18,0,834,850,50825,1,0,0,1,2
2020-09-22,US,Minnesota,Wright,1549,7,0,45.17297924,-93.96234781,27171.0,1119.4056815800313,0.4519044544867656,1542,1540,7,0,1533,1533,136349,9,0,0,9,7
2020-09-22,US,Minnesota,Yellow Medicine,162,2,0,44.71710183,-95.86842453,27173.0,1668.5549490163767,1.2345679012345678,160,162,2,0,160,158,9795,0,0,0,0,4
2020-09-22,US,Mississippi,Adams,922,36,0,31.47669768,-91.35326037,28001.0,3003.942266966409,3.9045553145336234,886,921,36,0,885,919,31192,1,0,0,1,2
2020-09-22,US,Mississippi,Alcorn,776,11,0,34.88084463,-88.57996173,28003.0,2099.964820176981,1.4175257731958764,765,775,11,0,764,773,36925,1,0,0,1,2
2020-09-22,US,Mississippi,Amite,314,10,0,31.17467303,-90.80501621,28005.0,2553.468325607872,3.1847133757961785,304,311,10,0,301,311,12326,3,0,0,3,0
2020-09-22,US,Mississippi,Attala,643,25,0,33.08658803,-89.57838564,28007.0,3538.021349180148,3.888024883359253,618,641,25,0,616,641,18365,2,0,0,2,0
2020-09-22,US,Mississippi,Benton,223,2,0,34.81681228,-89.18945516,28009.0,2700.084756023732,0.8968609865470852,221,220,1,0,219,219,8271,3,1,0,2,1
2020-09-22,US,Mississippi,Bolivar,1797,65,0,33.79696941,-90.87372121,28011.0,5867.180357842498,3.6171396772398436,1732,1795,65,0,1730,1794,31333,2,0,0,2,1
2020-09-22,US,Mississippi,Calhoun,507,12,0,33.93683395,-89.33686647,28013.0,3530.394819302277,2.366863905325444,495,506,12,0,494,506,14436,1,0,0,1,0
2020-09-22,US,Mississippi,Carroll,314,12,0,33.44834567,-89.91994479,28015.0,3156.730672564592,3.8216560509554136,302,312,12,0,300,312,9911,2,0,0,2,0
2020-09-22,US,Mississippi,Chickasaw,662,24,0,33.91983202,-88.9481545,28017.0,3870.665965035374,3.625377643504532,638,656,24,0,632,655,17171,6,0,0,6,1
2020-09-22,US,Mississippi,Choctaw,180,6,0,33.34598242,-89.24809382,28019.0,2192.448233861145,3.333333333333333,174,179,5,0,174,179,8278,1,1,0,0,0
2020-09-22,US,Mississippi,Claiborne,456,16,0,31.97061673,-90.90702196,28021.0,5073.4312416555385,3.5087719298245608,440,452,16,0,436,452,9002,4,0,0,4,0
2020-09-22,US,Mississippi,Clarke,563,42,0,32.04158545,-88.68896219999998,28023.0,3622.675503506853,7.460035523978687,521,537,39,0,498,535,15604,26,3,0,23,2
2020-09-22,US,Mississippi,Clay,582,17,0,33.65358105,-88.77784255,28025.0,3013.046179333195,2.9209621993127146,565,581,17,0,564,578,19386,1,0,0,1,3
2020-09-22,US,Mississippi,Coahoma,1136,27,0,34.22772299,-90.60415045,28027.0,5134.695353462304,2.376760563380281,1109,1128,27,0,1101,1123,22628,8,0,0,8,5
2020-09-22,US,Mississippi,Copiah,1164,33,0,31.86977774,-90.44565118,28029.0,4147.514698022448,2.8350515463917527,1131,1163,33,0,1130,1162,28543,1,0,0,1,1
2020-09-22,US,Mississippi,Covington,808,22,0,31.63225413,-89.55389939,28031.0,4335.694355011805,2.722772277227723,786,809,22,0,787,805,18853,-1,0,0,-1,4
2020-09-22,US,Mississippi,DeSoto,5448,59,0,34.87625235,-89.99091418,28033.0,2945.740625591392,1.0829662261380324,5389,5425,55,0,5370,5411,182001,23,4,0,19,14
2020-09-22,US,Mississippi,Forrest,2409,71,0,31.18961454,-89.25832496,28035.0,3216.4172129724825,2.9472810294728102,2338,2395,70,0,2325,2390,75036,14,1,0,13,5
2020-09-22,US,Mississippi,Franklin,191,3,0,31.47786634,-90.89672989,28037.0,2476.338649034098,1.5706806282722514,188,189,3,0,186,189,7788,2,0,0,2,0
2020-09-22,US,Mississippi,George,755,13,0,30.86259065,-88.64436789,28039.0,3081.632653061225,1.7218543046357615,742,751,13,0,738,749,24250,4,0,0,4,2
2020-09-22,US,Mississippi,Greene,354,17,0,31.21444233,-88.63922281,28041.0,2605.6234358898864,4.8022598870056505,337,346,17,0,329,345,13586,8,0,0,8,1
2020-09-22,US,Mississippi,Grenada,1068,35,0,33.77036166,-89.80245083,28043.0,5145.0043356778115,3.2771535580524342,1033,1062,35,0,1027,1061,21055,6,0,0,6,1
2020-09-22,US,Mississippi,Hancock,569,21,0,30.41830223,-89.48851033,28045.0,1194.5750755794425,3.690685413005272,548,564,21,0,543,561,47334,5,0,0,5,3
2020-09-22,US,Mississippi,Harrison,3780,73,0,30.51359752,-89.12467576,28047.0,1816.6089965397925,1.9312169312169312,3707,3743,72,0,3671,3732,206650,37,1,0,36,11
2020-09-22,US,Mississippi,Hinds,7017,157,0,32.2656285,-90.44435448,28049.0,3026.6563146997933,2.2374234003135243,6860,6979,155,0,6824,6974,237085,38,2,0,36,5
2020-09-22,US,Mississippi,Holmes,1094,58,0,33.12345854,-90.08923538,28051.0,6431.5108759553195,5.3016453382084086,1036,1092,58,0,1034,1092,17622,2,0,0,2,0
2020-09-22,US,Mississippi,Humphreys,374,15,0,33.12825718,-90.52252707,28053.0,4637.896825396825,4.0106951871657746,359,373,15,0,358,373,8257,1,0,0,1,0
2020-09-22,US,Mississippi,Issaquena,103,3,0,32.72531359,-90.97392828,28055.0,7761.86887716654,2.9126213592233015,100,103,3,0,100,103,1308,0,0,0,0,0
2020-09-22,US,Mississippi,Itawamba,780,21,0,34.27993475,-88.3606733,28057.0,3334.7584437793926,2.6923076923076925,759,770,21,0,749,762,23517,10,0,0,10,8
2020-09-22,US,Mississippi,Jackson,3418,69,0,30.54020656,-88.64184064,28059.0,2379.9410933246068,2.018724400234055,3349,3399,67,0,3332,3388,143277,19,2,0,17,11
2020-09-22,US,Mississippi,Jasper,559,15,0,32.01922104,-89.11786866,28061.0,3412.073490813649,2.683363148479428,544,555,15,0,540,554,16428,4,0,0,4,1
2020-09-22,US,Mississippi,Jefferson,243,9,0,31.73397872,-91.03764977,28063.0,3476.3948497854076,3.703703703703704,234,243,9,0,234,242,7106,0,0,0,0,1
2020-09-22,US,Mississippi,Jefferson Davis,329,11,0,31.56884708,-89.82670990000004,28065.0,2956.506110711718,3.3434650455927053,318,328,11,0,317,325,11234,1,0,0,1,3
2020-09-22,US,Mississippi,Jones,2438,78,0,31.62257767,-89.16896899999998,28067.0,3580.134512026785,3.199343724364233,2360,2427,78,0,2349,2420,68461,11,0,0,11,7
2020-09-22,US,Mississippi,Kemper,286,15,0,32.75462946,-88.64105766,28069.0,2935.742147402997,5.244755244755245,271,286,15,0,271,286,10027,0,0,0,0,0
2020-09-22,US,Mississippi,Lafayette,2116,39,0,34.35687874,-89.48490961,28071.0,3917.140265462152,1.8431001890359169,2077,2092,39,0,2053,2084,54793,24,0,0,24,8
2020-09-22,US,Mississippi,Lamar,1639,34,0,31.20572971,-89.5077704,28073.0,2587.499802661699,2.074435631482612,1605,1635,34,0,1601,1631,62447,4,0,0,4,4
2020-09-22,US,Mississippi,Lauderdale,2015,124,0,32.40419769,-88.66229662,28075.0,2718.381112984823,6.153846153846153,1891,2007,124,0,1883,1999,75317,8,0,0,8,8
2020-09-22,US,Mississippi,Lawrence,427,12,0,31.55147224,-90.10841127,28077.0,3392.65850945495,2.8103044496487115,415,425,12,0,413,425,12455,2,0,0,2,0
2020-09-22,US,Mississippi,Leake,941,38,0,32.7536828,-89.52402044,28079.0,4129.728780830335,4.038257173219979,903,940,37,0,903,939,22763,1,1,0,0,1
2020-09-22,US,Mississippi,Lee,2633,68,0,34.291877500000005,-88.68149954,28081.0,3081.839037408118,2.5826053930877326,2565,2610,67,0,2543,2606,85202,23,1,0,22,4
2020-09-22,US,Mississippi,Leflore,1377,81,0,33.55545125,-90.29900733,28083.0,4885.924138665153,5.882352941176472,1296,1370,80,0,1290,1369,28919,7,1,0,6,1
2020-09-22,US,Mississippi,Lincoln,1073,53,0,31.53288662,-90.45391915,28085.0,3141.744502679121,4.939422180801492,1020,1068,53,0,1015,1067,34205,5,0,0,5,1
2020-09-22,US,Mississippi,Lowndes,1412,57,0,33.47386518,-88.44191529999998,28087.0,2409.761925078932,4.036827195467422,1355,1403,57,0,1346,1399,58930,9,0,0,9,4
2020-09-22,US,Mississippi,Madison,3218,86,0,32.63389156,-90.03513564,28089.0,3028.0788919000292,2.672467371037912,3132,3212,86,0,3126,3208,105630,6,0,0,6,4
2020-09-22,US,Mississippi,Marion,842,34,0,31.23132643,-89.8209217,28091.0,3426.525047816709,4.0380047505938235,808,841,33,0,808,841,24715,1,1,0,0,0
2020-09-22,US,Mississippi,Marshall,1080,15,0,34.76216286,-89.50299462,28093.0,3060.0102000340003,1.3888888888888888,1065,1076,15,0,1061,1076,35451,4,0,0,4,0
2020-09-22,US,Mississippi,Monroe,1199,66,0,33.89236763,-88.4808438,28095.0,3401.225462385113,5.504587155963303,1133,1189,65,0,1124,1188,35564,10,1,0,9,1
2020-09-22,US,Mississippi,Montgomery,458,21,0,33.49419589,-89.61729103,28097.0,4685.42199488491,4.585152838427947,437,455,20,0,435,455,10023,3,1,0,2,0
2020-09-22,US,Mississippi,Neshoba,1548,104,0,32.75339664,-89.11726492,28099.0,5316.299196373378,6.718346253229973,1444,1540,103,0,1437,1536,29125,8,1,0,7,4
2020-09-22,US,Mississippi,Newton,761,23,0,32.40021118,-89.11843336,28101.0,3620.70606147112,3.0223390275952693,738,759,23,0,736,757,21443,2,0,0,2,2
2020-09-22,US,Mississippi,Noxubee,545,15,0,33.11009499,-88.56949061,28103.0,5231.8325813573965,2.7522935779816518,530,543,15,0,528,543,10535,2,0,0,2,0
2020-09-22,US,Mississippi,Oktibbeha,1759,50,0,33.42491685,-88.87905132,28105.0,3547.3007038134997,2.842524161455372,1709,1754,50,0,1704,1750,49599,5,0,0,5,4
2020-09-22,US,Mississippi,Panola,1449,27,0,34.36398677,-89.95064249,28107.0,4237.833411324286,1.8633540372670807,1422,1445,27,0,1418,1440,34178,4,0,0,4,5
2020-09-22,US,Mississippi,Pearl River,869,52,0,30.77090935,-89.58677275,28109.0,1564.7789682182404,5.983889528193326,817,867,50,0,817,865,55387,2,2,0,0,2
2020-09-22,US,Mississippi,Perry,413,18,0,31.17161885,-88.99281835,28111.0,3449.4278793953063,4.358353510895884,395,409,18,0,391,407,11931,4,0,0,4,2
2020-09-22,US,Mississippi,Pike,1217,49,0,31.17507789,-90.40392572,28113.0,3097.6379556098555,4.0262941659819225,1168,1213,48,0,1165,1212,39563,4,1,0,3,1
2020-09-22,US,Mississippi,Pontotoc,1241,16,0,34.226046000000004,-89.03636807,28115.0,3857.151737427737,1.2892828364222402,1225,1236,16,0,1220,1234,31833,5,0,0,5,2
2020-09-22,US,Mississippi,Prentiss,826,17,0,34.61810501,-88.51986294,28117.0,3287.4313460160797,2.0581113801452786,809,815,17,0,798,811,25315,11,0,0,11,4
2020-09-22,US,Mississippi,Quitman,375,5,0,34.25157572,-90.28908,28119.0,5521.201413427561,1.3333333333333333,370,375,5,0,370,374,7051,0,0,0,0,1
2020-09-22,US,Mississippi,Rankin,3202,76,0,32.26469147,-89.94537876,28121.0,2062.2009261227145,2.3735165521549035,3126,3193,75,0,3118,3190,153902,9,1,0,8,3
2020-09-22,US,Mississippi,Scott,1168,25,0,32.406704100000006,-89.53789439,28123.0,4153.036552410752,2.1404109589041096,1143,1164,25,0,1139,1164,28287,4,0,0,4,0
2020-09-22,US,Mississippi,Sharkey,263,13,0,32.88149103,-90.81595379999999,28125.0,6086.554038417033,4.942965779467682,250,263,12,0,251,263,4377,0,1,0,-1,0
2020-09-22,US,Mississippi,Simpson,1015,44,0,31.91282117,-89.91716179,28127.0,3807.48743341586,4.334975369458128,971,1014,43,0,971,1011,26758,1,1,0,0,3
2020-09-22,US,Mississippi,Smith,526,14,0,32.01744532,-89.50644846,28129.0,3304.85046494094,2.661596958174905,512,524,14,0,510,523,16002,2,0,0,2,1
2020-09-22,US,Mississippi,Stone,360,12,0,30.79187949,-89.11547539,28131.0,1963.3507853403141,3.333333333333333,348,357,11,0,346,355,18717,3,1,0,2,2
2020-09-22,US,Mississippi,Sunflower,1429,45,0,33.60192578,-90.58882684,28133.0,5690.959776981283,3.149055283414976,1384,1421,44,0,1377,1417,25735,8,1,0,7,4
2020-09-22,US,Mississippi,Tallahatchie,762,21,0,33.95339918,-90.1729398,28135.0,5518.140343254399,2.755905511811024,741,757,18,0,739,754,13987,5,3,0,2,3
2020-09-22,US,Mississippi,Tate,958,37,0,34.65133709,-89.94485778,28137.0,3382.6489177642034,3.862212943632568,921,955,37,0,918,951,28759,3,0,0,3,4
2020-09-22,US,Mississippi,Tippah,650,17,0,34.76872156,-88.90988194,28139.0,2952.5323642970698,2.6153846153846154,633,645,16,0,629,642,21995,5,1,0,4,3
2020-09-22,US,Mississippi,Tishomingo,665,37,0,34.74023475,-88.23917219,28141.0,3430.841459010473,5.56390977443609,628,661,37,0,624,658,19454,4,0,0,4,3
2020-09-22,US,Mississippi,Tunica,481,13,0,34.64967704,-90.37481167,28143.0,4993.770764119601,2.702702702702702,468,481,13,0,468,479,9944,0,0,0,0,2
2020-09-22,US,Mississippi,Union,983,24,0,34.49162015,-89.00776006,28145.0,3411.417664410897,2.4415055951169893,959,978,24,0,954,978,28606,5,0,0,5,0
2020-09-22,US,Mississippi,Walthall,595,25,0,31.14971548,-90.10446654,28147.0,4164.916701665967,4.201680672268908,570,594,25,0,569,593,14465,1,0,0,1,1
2020-09-22,US,Mississippi,Warren,1382,50,0,32.35810271,-90.83352619,28149.0,3045.3273396355303,3.61794500723589,1332,1381,50,0,1331,1381,46176,1,0,0,1,0
2020-09-22,US,Mississippi,Washington,2186,71,0,33.28392041,-90.94196237,28151.0,4978.478216311007,3.247941445562672,2115,2181,71,0,2110,2179,45063,5,0,0,5,2
2020-09-22,US,Mississippi,Wayne,877,21,0,31.64135687,-88.69573913,28153.0,4345.241044443344,2.394526795895097,856,877,21,0,856,877,20298,0,0,0,0,0
2020-09-22,US,Mississippi,Webster,332,13,0,33.61300486,-89.28392912,28155.0,3426.566209103107,3.9156626506024095,319,331,13,0,318,331,9788,1,0,0,1,0
2020-09-22,US,Mississippi,Wilkinson,301,18,0,31.16078225,-91.31018819,28157.0,3487.833140208574,5.980066445182724,283,302,17,0,285,302,8792,-1,1,0,-2,0
2020-09-22,US,Mississippi,Winston,731,19,0,33.08747908,-89.03391385,28159.0,4071.289334447229,2.5991792065663475,712,725,19,0,706,724,18165,6,0,0,6,1
2020-09-22,US,Mississippi,Yalobusha,419,14,0,34.02824175,-89.70762049999998,28161.0,3460.521968946152,3.3412887828162283,405,418,14,0,404,417,12392,1,0,0,1,1
2020-09-22,US,Mississippi,Yazoo,1041,30,0,32.77890365,-90.39656148,28163.0,3506.2310542270125,2.8818443804034577,1011,1039,29,0,1010,1038,28248,2,1,0,1,1
2020-09-22,US,Missouri,Adair,322,0,0,40.19058551,-92.60078167,29001.0,1270.5678096515805,0.0,322,319,0,0,319,319,25339,3,0,0,3,0
2020-09-22,US,Missouri,Andrew,230,1,0,39.98492163,-94.80163024,29003.0,1298.5546522131888,0.43478260869565216,229,225,1,0,224,221,17607,5,0,0,5,4
2020-09-22,US,Missouri,Atchison,44,0,0,40.43238737,-95.42970639,29005.0,855.5317907835894,0.0,44,44,0,0,44,44,5171,0,0,0,0,0
2020-09-22,US,Missouri,Audrain,411,2,0,39.215877,-91.84242683,29007.0,1618.8750590830316,0.4866180048661801,409,411,2,0,409,405,25473,0,0,0,0,6
2020-09-22,US,Missouri,Barry,452,6,0,36.70978521,-93.82919888,29009.0,1262.9578920897482,1.327433628318584,446,433,6,0,427,434,35886,19,0,0,19,-1
2020-09-22,US,Missouri,Barton,175,0,0,37.50207671,-94.34757022,29011.0,1488.854857920708,0.0,175,169,0,0,169,166,11798,6,0,0,6,3
2020-09-22,US,Missouri,Bates,101,1,0,38.25271289,-94.34113157,29013.0,624.5362354687112,0.99009900990099,100,101,1,0,100,99,16320,0,0,0,0,2
2020-09-22,US,Missouri,Benton,251,2,0,38.29503305,-93.28756116,29015.0,1290.9530422259938,0.796812749003984,249,248,2,0,246,245,19278,3,0,0,3,3
2020-09-22,US,Missouri,Bollinger,317,1,0,37.32449052,-90.02725304,29017.0,2612.7091403609993,0.3154574132492113,316,316,1,0,315,311,12169,1,0,0,1,5
2020-09-22,US,Missouri,Boone,4466,6,0,38.99186229,-92.30723575,29019.0,2474.74551570128,0.13434841021047916,4460,4453,6,0,4447,4403,180005,13,0,0,13,50
2020-09-22,US,Missouri,Buchanan,1805,14,0,39.65816401,-94.80138942,29021.0,2066.06840346138,0.775623268698061,1791,1772,13,0,1759,1750,88571,33,1,0,32,22
2020-09-22,US,Missouri,Butler,583,4,0,36.71462476,-90.40421163,29023.0,1372.475163614106,0.6861063464837049,579,576,4,0,572,559,42639,7,0,0,7,17
2020-09-22,US,Missouri,Caldwell,78,1,0,39.65620858,-93.98308093,29025.0,864.7450110864745,1.2820512820512822,77,78,1,0,77,78,9108,0,0,0,0,0
2020-09-22,US,Missouri,Callaway,589,2,0,38.83674754,-91.92186505,29027.0,1316.4070357374335,0.3395585738539898,587,584,2,0,582,580,44889,5,0,0,5,4
2020-09-22,US,Missouri,Camden,863,10,0,38.02199522,-92.76083747,29029.0,1863.7296188316595,1.1587485515643106,853,837,10,0,827,809,45815,26,0,0,26,28
2020-09-22,US,Missouri,Cape Girardeau,1548,10,0,37.38489388,-89.6843587,29031.0,1962.6985837633608,0.6459948320413437,1538,1532,10,0,1522,1501,78753,16,0,0,16,31
2020-09-22,US,Missouri,Carroll,136,1,0,39.42762566,-93.50626255,29033.0,1567.0008065445327,0.7352941176470589,135,136,1,0,135,134,8743,0,0,0,0,2
2020-09-22,US,Missouri,Carter,83,1,0,36.94160441,-90.96051322,29035.0,1387.4958207957204,1.2048192771084338,82,82,1,0,81,77,6054,1,0,0,1,5
2020-09-22,US,Missouri,Cass,1420,19,0,38.64789422,-94.353399,29037.0,1342.4087729249386,1.3380281690140845,1401,1405,17,0,1388,1389,104954,15,2,0,13,16
2020-09-22,US,Missouri,Cedar,91,0,0,37.72391475,-93.85445441,29039.0,634.1905359258485,0.0,91,91,0,0,91,87,14165,0,0,0,0,4
2020-09-22,US,Missouri,Chariton,44,0,0,39.51499357,-92.9629191,29041.0,592.5127928898465,0.0,44,43,0,0,43,44,7451,1,0,0,1,-1
2020-09-22,US,Missouri,Christian,1279,3,0,36.9711783,-93.18537118,29043.0,1443.6480614030136,0.23455824863174354,1276,1255,3,0,1252,1235,86983,24,0,0,24,20
2020-09-22,US,Missouri,Clark,61,0,0,40.41040752,-91.73661677,29045.0,897.4547594526997,0.0,61,60,0,0,60,60,6842,1,0,0,1,0
2020-09-22,US,Missouri,Clay,1743,40,0,39.31132056,-94.41850862,29047.0,697.3450477699362,2.2948938611589216,1703,1736,40,0,1696,1724,246365,7,0,0,7,12
2020-09-22,US,Missouri,Clinton,206,0,0,39.6013098,-94.40465394,29049.0,1010.4478344042772,0.0,206,202,0,0,202,196,20470,4,0,0,4,6
2020-09-22,US,Missouri,Cole,1398,7,0,38.50455671,-92.27860244,29051.0,1821.6170434556,0.5007153075822603,1391,1386,7,0,1379,1374,76796,12,0,0,12,12
2020-09-22,US,Missouri,Cooper,389,2,0,38.844478,-92.80896081,29053.0,2196.6231859506465,0.5141388174807198,387,381,2,0,379,377,17603,8,0,0,8,4
2020-09-22,US,Missouri,Crawford,362,2,0,37.97663738,-91.30528104,29055.0,1513.3779264214047,0.5524861878453039,360,361,2,0,359,349,23957,1,0,0,1,12
2020-09-22,US,Missouri,Dade,52,0,0,37.431814,-93.8503345,29057.0,687.739716968655,0.0,52,50,0,0,50,48,7569,2,0,0,2,2
2020-09-22,US,Missouri,Dallas,180,1,0,37.681135499999996,-93.02127031,29059.0,1066.4770707429789,0.5555555555555556,179,173,1,0,172,167,16762,7,0,0,7,6
2020-09-22,US,Missouri,Daviess,94,0,0,39.96145298,-93.98519678,29061.0,1135.539985503745,0.0,94,91,0,0,91,86,8313,3,0,0,3,5
2020-09-22,US,Missouri,DeKalb,123,2,0,39.89201062,-94.40476508,29063.0,980.3140192874788,1.6260162601626016,121,122,2,0,120,112,12630,1,0,0,1,10
2020-09-22,US,Missouri,Dent,129,1,0,37.60663134,-91.50790473,29065.0,828.3567713350029,0.7751937984496124,128,126,0,0,126,120,15441,3,1,0,2,6
2020-09-22,US,Missouri,Douglas,169,3,0,36.9325593,-92.49905109,29067.0,1281.7595752749335,1.7751479289940828,166,165,3,0,162,164,13373,4,0,0,4,1
2020-09-22,US,Missouri,Dunklin,751,6,0,36.27167174,-90.09122243,29069.0,2578.009680409186,0.7989347536617842,745,746,6,0,740,744,29423,5,0,0,5,2
2020-09-22,US,Missouri,Franklin,1573,28,0,38.41127108,-91.07522826,29071.0,1512.9800802177615,1.7800381436745074,1545,1553,28,0,1525,1529,103670,20,0,0,20,24
2020-09-22,US,Missouri,Gasconade,157,17,0,38.43947277,-91.50847147,29073.0,1067.591459268326,10.828025477707007,140,155,16,0,139,154,14705,2,1,0,1,1
2020-09-22,US,Missouri,Gentry,117,9,0,40.21097916,-94.40944419,29075.0,1780.5509054938364,7.6923076923076925,108,117,9,0,108,120,6628,0,0,0,0,-3
2020-09-22,US,Missouri,Greene,5597,19,0,37.2575872,-93.34230916,29077.0,1909.6783879134448,0.3394675719135251,5578,5473,19,0,5454,5386,291923,124,0,0,124,87
2020-09-22,US,Missouri,Grundy,173,2,0,40.11406587,-93.56509276,29079.0,1756.3451776649747,1.1560693641618498,171,172,2,0,170,170,9914,1,0,0,1,2
2020-09-22,US,Missouri,Harrison,101,1,0,40.35570088,-93.99222144,29081.0,1209.2911877394636,0.99009900990099,100,101,1,0,100,100,8414,0,0,0,0,1
2020-09-22,US,Missouri,Henry,167,4,0,38.38482826,-93.79293734,29083.0,765.2126099706744,2.395209580838323,163,167,4,0,163,162,21792,0,0,0,0,5
2020-09-22,US,Missouri,Hickory,88,2,0,37.94163617,-93.3203037,29085.0,922.0452640402347,2.272727272727273,86,88,2,0,86,87,9509,0,0,0,0,1
2020-09-22,US,Missouri,Holt,75,0,0,40.09799248,-95.21638879999999,29087.0,1703.384056325233,0.0,75,75,0,0,75,75,4404,0,0,0,0,0
2020-09-22,US,Missouri,Howard,165,2,0,39.1435761,-92.69756691,29089.0,1649.83501649835,1.2121212121212122,163,164,2,0,162,162,10137,1,0,0,1,2
2020-09-22,US,Missouri,Howell,541,3,0,36.77383887,-91.88683935,29091.0,1348.5554752349378,0.5545286506469501,538,528,3,0,525,505,40076,13,0,0,13,23
2020-09-22,US,Missouri,Iron,54,0,0,37.55487945,-90.7735296,29093.0,533.3333333333334,0.0,54,54,0,0,54,47,10177,0,0,0,0,7
2020-09-22,US,Missouri,Jackson,7064,92,0,39.01002188,-94.34724536,29095.0,1021.0366551874722,1.3023782559456398,6972,7064,92,0,6972,7064,700307,0,0,0,0,0
2020-09-22,US,Missouri,Jasper,3590,47,0,37.20351921,-94.34050458,29097.0,2958.921271264671,1.309192200557103,3543,3540,45,0,3495,3521,120636,50,2,0,48,19
2020-09-22,US,Missouri,Jefferson,3950,53,0,38.25926778,-90.53870896,29099.0,1754.9237829936774,1.3417721518987342,3897,3895,52,0,3843,3840,224347,55,1,0,54,55
2020-09-22,US,Missouri,Johnson,1020,4,0,38.74719601,-93.80691168,29101.0,1886.7226517701893,0.392156862745098,1016,995,4,0,991,984,53652,25,0,0,25,11
2020-09-22,US,Missouri,Kansas City,10710,107,0,39.0997,-94.5786,0.0,2190.4393763690246,0.9990662931839402,10603,10675,106,0,10569,10545,491918,35,1,0,34,130
2020-09-22,US,Missouri,Knox,49,1,0,40.12699751,-92.14780832,29103.0,1237.6862844152565,2.0408163265306123,48,48,1,0,47,48,3947,1,0,0,1,0
2020-09-22,US,Missouri,Laclede,572,3,0,37.65896829,-92.5888493,29105.0,1601.2093049295972,0.5244755244755245,569,560,3,0,557,513,35713,12,0,0,12,47
2020-09-22,US,Missouri,Lafayette,476,2,0,39.06986886,-93.78076396,29107.0,1455.3014553014555,0.4201680672268908,474,464,2,0,462,440,32598,12,0,0,12,24
2020-09-22,US,Missouri,Lawrence,555,2,0,37.10626634,-93.83293097,29109.0,1447.0082127493156,0.3603603603603603,553,532,2,0,530,524,38359,23,0,0,23,8
2020-09-22,US,Missouri,Lewis,77,2,0,40.09673161,-91.72070156,29111.0,787.6432078559739,2.5974025974025974,75,75,2,0,73,73,9855,2,0,0,2,2
2020-09-22,US,Missouri,Lincoln,722,3,0,39.05345619,-90.95588181,29113.0,1223.4592377950619,0.4155124653739612,719,719,3,0,716,711,57686,3,0,0,3,8
2020-09-22,US,Missouri,Linn,63,1,0,39.87001769,-93.10704106,29115.0,528.5234899328859,1.5873015873015872,62,62,1,0,61,62,12037,1,0,0,1,0
2020-09-22,US,Missouri,Livingston,388,1,0,39.78110272,-93.54645978,29117.0,2548.105339200105,0.25773195876288657,387,385,1,0,384,380,15146,3,0,0,3,5
2020-09-22,US,Missouri,Macon,146,0,0,39.83049768,-92.56453089,29121.0,965.8000926109676,0.0,146,144,0,0,144,144,15153,2,0,0,2,0
2020-09-22,US,Missouri,Madison,284,0,0,37.47865134,-90.34671429999999,29123.0,2349.4374586366644,0.0,284,281,0,0,281,271,12188,3,0,0,3,10
2020-09-22,US,Missouri,Maries,72,0,0,38.16193985,-91.92249662,29125.0,827.8716798896173,0.0,72,71,0,0,71,69,8769,1,0,0,1,2
2020-09-22,US,Missouri,Marion,634,14,0,39.80601912,-91.62203062,29127.0,2222.222222222222,2.2082018927444795,620,631,14,0,617,628,28592,3,0,0,3,3
2020-09-22,US,Missouri,McDonald,1049,11,0,36.62869595,-94.34867205,29119.0,4593.422953978194,1.0486177311725453,1038,1048,11,0,1037,1043,23078,1,0,0,1,5
2020-09-22,US,Missouri,Mercer,28,0,0,40.42212303,-93.56829590000001,29129.0,774.1222007188278,0.0,28,28,0,0,28,28,3641,0,0,0,0,0
2020-09-22,US,Missouri,Miller,454,1,0,38.21450288,-92.42610898,29131.0,1772.1222530153402,0.22026431718061676,453,443,1,0,442,442,25336,11,0,0,11,1
2020-09-22,US,Missouri,Mississippi,289,3,0,36.82516239,-89.29505753,29133.0,2192.7162367223063,1.038062283737024,286,289,3,0,286,284,13336,0,0,0,0,5
2020-09-22,US,Missouri,Moniteau,281,4,0,38.63571781,-92.57976951,29135.0,1741.8794941730719,1.4234875444839858,277,280,4,0,276,277,16121,1,0,0,1,3
2020-09-22,US,Missouri,Monroe,86,0,0,39.49593978,-92.00043978,29137.0,994.9097639981493,0.0,86,86,0,0,86,86,8664,0,0,0,0,0
2020-09-22,US,Missouri,Montgomery,83,1,0,38.94022054,-91.47000721,29139.0,718.5525062765129,1.2048192771084338,82,81,1,0,80,79,11534,2,0,0,2,2
2020-09-22,US,Missouri,Morgan,306,1,0,38.4181765,-92.88791859,29141.0,1483.4925098172296,0.32679738562091504,305,302,1,0,301,299,20358,4,0,0,4,3
2020-09-22,US,Missouri,New Madrid,509,15,0,36.59666326,-89.66070007,29143.0,2980.7917545092528,2.9469548133595285,494,508,14,0,494,507,17296,1,1,0,0,1
2020-09-22,US,Missouri,Newton,1379,14,0,36.90519407,-94.3394104,29145.0,2367.951095542276,1.0152284263959392,1365,1352,14,0,1338,1347,58266,27,0,0,27,5
2020-09-22,US,Missouri,Nodaway,726,9,0,40.36079813,-94.88133008,29147.0,3286.2574687669744,1.2396694214876034,717,719,9,0,710,718,22304,7,0,0,7,1
2020-09-22,US,Missouri,Oregon,101,0,0,36.68710164,-91.4033755,29149.0,959.2553898755816,0.0,101,99,0,0,99,97,10541,2,0,0,2,2
2020-09-22,US,Missouri,Osage,128,1,0,38.46036182,-91.8613635,29151.0,940.1395519647447,0.78125,127,127,1,0,126,127,13714,1,0,0,1,0
2020-09-22,US,Missouri,Ozark,117,0,0,36.64916339,-92.44459066,29153.0,1275.3433616742968,0.0,117,114,0,0,114,112,9017,3,0,0,3,2
2020-09-22,US,Missouri,Pemiscot,486,9,0,36.2130572,-89.78742322,29155.0,3074.9762733312236,1.851851851851852,477,485,9,0,476,466,16272,1,0,0,1,19
2020-09-22,US,Missouri,Perry,605,4,0,37.70660776,-89.82741088,29157.0,3161.580267558528,0.6611570247933884,601,599,4,0,595,575,19150,6,0,0,6,24
2020-09-22,US,Missouri,Pettis,1043,10,0,38.72798918,-93.28471706,29159.0,2463.4497744396413,0.9587727708533078,1033,1026,9,0,1017,1004,42542,17,1,0,16,22
2020-09-22,US,Missouri,Phelps,419,5,0,37.87736118,-91.79351727,29161.0,940.0309604469072,1.1933174224343674,414,415,1,0,414,411,44732,4,4,0,0,4
2020-09-22,US,Missouri,Pike,229,3,0,39.34310674,-91.16980779,29163.0,1251.2293738389246,1.310043668122271,226,228,3,0,225,226,18504,1,0,0,1,2
2020-09-22,US,Missouri,Platte,643,10,0,39.38154439,-94.77068479,29165.0,615.7942117259478,1.5552099533437014,633,640,10,0,630,631,102985,3,0,0,3,9
2020-09-22,US,Missouri,Polk,493,3,0,37.616229600000004,-93.39828174,29167.0,1533.4847118106318,0.6085192697768763,490,487,2,0,485,463,32201,6,1,0,5,24
2020-09-22,US,Missouri,Pulaski,590,5,0,37.82462075,-92.20783203,29169.0,1121.5237515919935,0.8474576271186439,585,578,5,0,573,556,52014,12,0,0,12,22
2020-09-22,US,Missouri,Putnam,32,1,0,40.47942497,-93.02042674,29171.0,681.4310051107325,3.125,31,32,1,0,31,32,4757,0,0,0,0,0
2020-09-22,US,Missouri,Ralls,144,0,0,39.52817427,-91.51838643,29173.0,1396.8377146182947,0.0,144,144,0,0,144,140,10212,0,0,0,0,4
2020-09-22,US,Missouri,Randolph,224,3,0,39.44007257,-92.49713740000001,29175.0,905.1236463552608,1.3392857142857142,221,219,2,0,217,217,24763,5,1,0,4,2
2020-09-22,US,Missouri,Ray,158,0,0,39.353746799999996,-93.98905745,29177.0,686.4193240072988,0.0,158,158,0,0,158,156,22883,0,0,0,0,2
2020-09-22,US,Missouri,Reynolds,37,0,0,37.36085952,-90.97009925,29179.0,590.1116427432216,0.0,37,35,0,0,35,32,6254,2,0,0,2,3
2020-09-22,US,Missouri,Ripley,145,0,0,36.65460667,-90.85990261,29181.0,1091.2101143889224,0.0,145,144,0,0,144,139,13401,1,0,0,1,5
2020-09-22,US,Missouri,Saline,676,9,0,39.13734288,-93.20259964,29195.0,2969.992531083872,1.331360946745562,667,672,9,0,663,665,22895,4,0,0,4,7
2020-09-22,US,Missouri,Schuyler,22,0,0,40.46921489,-92.52311943,29197.0,472.1030042918455,0.0,22,22,0,0,22,22,4599,0,0,0,0,0
2020-09-22,US,Missouri,Scotland,29,1,0,40.45214695,-92.14709064,29199.0,591.5952672378621,3.4482758620689653,28,28,1,0,27,28,4966,1,0,0,1,0
2020-09-22,US,Missouri,Scott,827,16,0,37.05588075,-89.56474493,29201.0,2160.3970741901776,1.9347037484885128,811,824,16,0,808,814,38458,3,0,0,3,10
2020-09-22,US,Missouri,Shannon,87,1,0,37.15772072,-91.40190382,29203.0,1065.3930933137399,1.1494252873563218,86,86,1,0,85,84,8189,1,0,0,1,2
2020-09-22,US,Missouri,Shelby,60,1,0,39.79742518,-92.07634971,29205.0,1011.804384485666,1.6666666666666667,59,59,1,0,58,59,6050,1,0,0,1,0
2020-09-22,US,Missouri,St. Charles,7321,115,0,38.77875681,-90.66662425,29183.0,1821.0446194486872,1.5708236579702226,7206,7274,108,0,7166,7150,399182,47,7,0,40,124
2020-09-22,US,Missouri,St. Clair,47,0,0,38.03699437,-93.77631447,29185.0,500.15962541236564,0.0,47,46,0,0,46,42,9395,1,0,0,1,4
2020-09-22,US,Missouri,St. Francois,1949,9,0,37.81214171,-90.47598685,29187.0,2899.6503756601946,0.4617752693689071,1940,1948,9,0,1939,1913,66692,1,0,0,1,35
2020-09-22,US,Missouri,St. Louis,23137,782,0,38.63770039999999,-90.4458375,29189.0,2327.18604311988,3.379867744305657,22355,22992,782,0,22210,22833,996945,145,0,0,145,159
2020-09-22,US,Missouri,St. Louis City,6886,195,0,38.63555736,-90.24349225,29510.0,2290.934738635153,2.831832704037177,6691,6858,195,0,6663,6830,302838,28,0,0,28,28
2020-09-22,US,Missouri,Ste. Genevieve,183,1,0,37.89090059,-90.1949941,29186.0,1022.6891695540404,0.5464480874316939,182,182,1,0,181,179,17888,1,0,0,1,3
2020-09-22,US,Missouri,Stoddard,466,9,0,36.85571651,-89.9444155,29207.0,1605.5124892334195,1.931330472103004,457,458,9,0,449,445,29206,8,0,0,8,13
2020-09-22,US,Missouri,Stone,406,4,0,36.75000327,-93.45256475,29209.0,1270.655983975964,0.9852216748768472,402,400,4,0,396,395,31749,6,0,0,6,5
2020-09-22,US,Missouri,Sullivan,185,0,0,40.2099105,-93.11150106,29211.0,3038.265725078009,0.0,185,185,0,0,185,185,6221,0,0,0,0,0
2020-09-22,US,Missouri,Taney,1142,28,0,36.65465345,-93.04075153,29213.0,2041.9110284651695,2.4518388791593697,1114,1135,28,0,1107,1127,55852,7,0,0,7,8
2020-09-22,US,Missouri,Texas,280,2,0,37.31728859,-91.96564727,29215.0,1102.4490117332073,0.7142857142857143,278,279,2,0,277,278,25571,1,0,0,1,1
2020-09-22,US,Missouri,Vernon,162,1,0,37.8457799,-94.34127305,29217.0,787.8227885036232,0.6172839506172839,161,158,1,0,157,154,20528,4,0,0,4,4
2020-09-22,US,Missouri,Warren,451,0,0,38.76529479,-91.16124662,29219.0,1265.112625880109,0.0,451,447,0,0,447,441,34711,4,0,0,4,6
2020-09-22,US,Missouri,Washington,342,10,0,37.96130078,-90.87948158,29221.0,1382.9357056207034,2.9239766081871346,332,340,6,0,334,339,24943,2,4,0,-2,1
2020-09-22,US,Missouri,Wayne,192,0,0,37.11303869,-90.46001416,29223.0,1491.4938242833841,0.0,192,181,0,0,181,180,13122,11,0,0,11,1
2020-09-22,US,Missouri,Webster,575,3,0,37.2813734,-92.876329,29225.0,1452.3135987068094,0.5217391304347826,572,529,2,0,527,521,39109,46,1,0,45,8
2020-09-22,US,Missouri,Worth,19,0,0,40.47945588,-94.42328751,29227.0,943.8648782911076,0.0,19,19,0,0,19,19,2040,0,0,0,0,0
2020-09-22,US,Missouri,Wright,259,0,0,37.27029221,-92.46914488,29229.0,1416.1517852260922,0.0,259,252,0,0,252,248,18378,7,0,0,7,4
2020-09-22,US,Montana,Beaverhead,77,1,0,45.13434354,-112.89846940000001,30001.0,814.5562255368666,1.2987012987012987,76,77,1,0,76,76,9404,0,0,0,0,1
2020-09-22,US,Montana,Big Horn,857,21,0,45.42335905,-107.492347,30003.0,6434.416998273145,2.4504084014002334,836,832,21,0,811,832,13338,25,0,0,25,0
2020-09-22,US,Montana,Blaine,16,0,0,48.43175214,-108.9582723,30005.0,239.4851070199072,0.0,16,16,0,0,16,16,6807,0,0,0,0,0
2020-09-22,US,Montana,Broadwater,17,0,0,46.33277565,-111.49558130000001,30007.0,272.5669392336059,0.0,17,17,0,0,17,17,6085,0,0,0,0,0
2020-09-22,US,Montana,Carbon,112,0,0,45.22850116,-109.0274047,30009.0,1044.2890442890443,0.0,112,111,0,0,111,107,10714,1,0,0,1,4
2020-09-22,US,Montana,Cascade,603,5,0,47.30797024,-111.3467922,30013.0,741.0957893960623,0.8291873963515755,598,544,5,0,539,526,81643,59,0,0,59,18
2020-09-22,US,Montana,Chouteau,18,0,0,47.88084126,-110.4353362,30015.0,319.43212067435667,0.0,18,18,0,0,18,18,5745,0,0,0,0,0
2020-09-22,US,Montana,Custer,104,2,0,46.25319932,-105.57375259999998,30017.0,912.120680582354,1.9230769230769231,102,103,2,0,101,102,11586,1,0,0,1,1
2020-09-22,US,Montana,Daniels,4,0,0,48.78420029,-105.54763429999998,30019.0,236.6863905325444,0.0,4,4,0,0,4,3,1747,0,0,0,0,1
2020-09-22,US,Montana,Dawson,75,1,0,47.26584855,-104.89444170000002,30021.0,870.7767328456982,1.3333333333333333,74,70,1,0,69,67,8680,5,0,0,5,3
2020-09-22,US,Montana,Deer Lodge,113,0,0,46.05953325,-113.073353,30023.0,1236.3238512035014,0.0,113,113,0,0,113,113,9131,0,0,0,0,0
2020-09-22,US,Montana,Fallon,5,0,0,46.33478338,-104.41835649999999,30025.0,175.68517217146874,0.0,5,5,0,0,5,5,2920,0,0,0,0,0
2020-09-22,US,Montana,Fergus,58,1,0,47.26331584,-109.2245206,30027.0,524.8868778280543,1.7241379310344829,57,56,1,0,55,55,11113,2,0,0,2,1
2020-09-22,US,Montana,Flathead,903,16,0,48.29575866,-114.05205690000001,30029.0,869.8919137622103,1.7718715393133997,887,865,16,0,849,863,102106,38,0,0,38,2
2020-09-22,US,Montana,Gallatin,1234,4,0,45.54486106,-111.1692571,30031.0,1078.3508397853784,0.3241491085899514,1230,1207,4,0,1203,1204,111876,27,0,0,27,3
2020-09-22,US,Montana,Garfield,16,0,0,47.27545948,-107.0002351,30033.0,1271.8600953895073,0.0,16,16,0,0,16,16,1268,0,0,0,0,0
2020-09-22,US,Montana,Glacier,209,1,0,48.70513576,-112.9934235,30035.0,1519.668435977605,0.4784688995215311,208,198,1,0,197,182,13747,11,0,0,11,16
2020-09-22,US,Montana,Golden Valley,3,0,0,46.3816474,-109.17685220000001,30037.0,365.4080389768576,0.0,3,3,0,0,3,3,826,0,0,0,0,0
2020-09-22,US,Montana,Granite,22,0,0,46.40605220000001,-113.4414186,30039.0,651.0802012429713,0.0,22,22,0,0,22,22,3378,0,0,0,0,0
2020-09-22,US,Montana,Hill,135,3,0,48.62879827,-110.1129252,30041.0,818.9759767046834,2.2222222222222223,132,134,3,0,131,131,16347,1,0,0,1,3
2020-09-22,US,Montana,Jefferson,65,0,0,46.14907081,-112.094396,30043.0,531.8713689550773,0.0,65,55,0,0,55,55,12097,10,0,0,10,0
2020-09-22,US,Montana,Judith Basin,6,0,0,47.04581276,-110.26606880000001,30045.0,298.95366218236165,0.0,6,6,0,0,6,6,1952,0,0,0,0,0
2020-09-22,US,Montana,Lake,255,1,0,47.64514965,-114.0898013,30047.0,837.2184647711603,0.392156862745098,254,254,1,0,253,251,30250,1,0,0,1,3
2020-09-22,US,Montana,Lewis and Clark,227,3,0,47.12610041,-112.39469799999999,30049.0,326.9385873948612,1.3215859030837005,224,226,3,0,223,223,68700,1,0,0,1,3
2020-09-22,US,Montana,Liberty,16,0,0,48.56084317,-111.02430700000001,30051.0,684.6384253316218,0.0,16,16,0,0,16,16,2430,0,0,0,0,0
2020-09-22,US,Montana,Lincoln,106,3,0,48.54265777,-115.4046155,30053.0,530.5305305305304,2.830188679245283,103,105,3,0,102,105,19794,1,0,0,1,0
2020-09-22,US,Montana,Madison,97,1,0,45.30080065,-111.9173017,30057.0,1127.9069767441858,1.0309278350515465,96,97,1,0,96,97,8768,0,0,0,0,0
2020-09-22,US,Montana,McCone,19,0,0,47.64469406,-105.79449939999999,30055.0,1141.826923076923,0.0,19,19,0,0,19,19,1675,0,0,0,0,0
2020-09-22,US,Montana,Meagher,25,2,0,46.59907074,-110.8898557,30059.0,1342.6423200859292,8.0,23,25,2,0,23,25,1866,0,0,0,0,0
2020-09-22,US,Montana,Mineral,2,0,0,47.15283992,-115.00152390000001,30061.0,45.48555833522857,0.0,2,2,0,0,2,2,4316,0,0,0,0,0
2020-09-22,US,Montana,Missoula,583,3,0,47.03728583,-113.92135079999998,30063.0,487.45819397993307,0.5145797598627787,580,581,3,0,578,571,118791,2,0,0,2,10
2020-09-22,US,Montana,Musselshell,35,1,0,46.49684637,-108.39498,30065.0,755.4500323764299,2.8571428571428568,34,35,1,0,34,33,4651,0,0,0,0,2
2020-09-22,US,Montana,Park,88,0,0,45.48965095,-110.52643940000002,30067.0,529.9289413465011,0.0,88,88,0,0,88,88,16736,0,0,0,0,0
2020-09-22,US,Montana,Phillips,118,0,0,48.25936577,-107.9128511,30071.0,2984.319676277188,0.0,118,117,0,0,117,117,4074,1,0,0,1,0
2020-09-22,US,Montana,Pondera,23,0,0,48.22773388,-112.22527029999999,30073.0,389.10505836575874,0.0,23,21,0,0,21,21,5972,2,0,0,2,0
2020-09-22,US,Montana,Powder River,3,0,0,45.39617714,-105.636738,30075.0,178.359096313912,0.0,3,3,0,0,3,3,1716,0,0,0,0,0
2020-09-22,US,Montana,Powell,10,0,0,46.85538891,-112.93591640000001,30077.0,145.1378809869376,0.0,10,10,0,0,10,10,6968,0,0,0,0,0
2020-09-22,US,Montana,Prairie,1,0,0,46.86048047,-105.379384,30079.0,92.85051067780873,0.0,1,1,0,0,1,1,1087,0,0,0,0,0
2020-09-22,US,Montana,Ravalli,129,2,0,46.08520862,-114.11891640000002,30081.0,294.4802081906588,1.5503875968992251,127,126,2,0,124,126,43172,3,0,0,3,0
2020-09-22,US,Montana,Richland,77,2,0,47.78668011,-104.5610786,30083.0,712.7649726927707,2.5974025974025974,75,74,2,0,72,73,10913,3,0,0,3,1
2020-09-22,US,Montana,Roosevelt,199,1,0,48.29607488,-105.00792679999999,30085.0,1808.4332969829159,0.5025125628140703,198,168,1,0,167,151,11059,31,0,0,31,17
2020-09-22,US,Montana,Rosebud,593,18,0,46.23397237,-106.72928799999998,30087.0,6635.336242586998,3.0354131534569984,575,592,17,0,575,584,9063,1,1,0,0,8
2020-09-22,US,Montana,Sanders,45,1,0,47.67657534,-115.1329916,30089.0,371.5016923965987,2.2222222222222223,44,45,1,0,44,45,11844,0,0,0,0,0
2020-09-22,US,Montana,Sheridan,14,0,0,48.72085833,-104.50382900000001,30091.0,423.08854638863687,0.0,14,12,0,0,12,9,3424,2,0,0,2,3
2020-09-22,US,Montana,Silver Bow,234,0,0,45.90018933,-112.6620092,30093.0,670.1990548474868,0.0,234,217,0,0,217,210,34993,17,0,0,17,7
2020-09-22,US,Montana,Stillwater,55,2,0,45.67071407,-109.3950061,30095.0,570.4210744658784,3.636363636363636,53,51,2,0,49,51,9534,4,0,0,4,0
2020-09-22,US,Montana,Sweet Grass,38,1,0,45.81367654,-109.9425686,30097.0,1016.8584426010167,2.631578947368421,37,37,1,0,36,37,3710,1,0,0,1,0
2020-09-22,US,Montana,Teton,20,0,0,47.83741052,-112.24106880000001,30099.0,325.36196518626974,0.0,20,20,0,0,20,20,6162,0,0,0,0,0
2020-09-22,US,Montana,Toole,71,6,0,48.65577551,-111.69424140000001,30101.0,1499.1554054054056,8.450704225352112,65,71,6,0,65,70,4853,0,0,0,0,1
2020-09-22,US,Montana,Treasure,3,0,0,46.20973220000001,-107.26665159999999,30103.0,431.0344827586207,0.0,3,3,0,0,3,3,679,0,0,0,0,0
2020-09-22,US,Montana,Valley,61,0,0,48.36435097,-106.6669635,30105.0,824.7701460248783,0.0,61,60,0,0,60,60,7437,1,0,0,1,0
2020-09-22,US,Montana,Wheatland,10,0,0,46.46652491,-109.84646359999999,30107.0,470.3668861712136,0.0,10,9,0,0,9,9,2236,1,0,0,1,0
2020-09-22,US,Montana,Wibaux,9,0,0,46.95925154,-104.2510927,30109.0,928.7925696594427,0.0,9,9,0,0,9,9,1034,0,0,0,0,0
2020-09-22,US,Montana,Yellowstone,2882,61,0,45.93955949,-108.26914860000001,30111.0,1786.732796032238,2.116585704371964,2821,2863,59,0,2804,2841,160137,19,2,0,17,22
2020-09-22,US,Nebraska,Adams,514,12,0,40.52449420000001,-98.50117804,31001.0,1638.8738322226827,2.3346303501945527,502,510,12,0,498,508,31511,4,0,0,4,2
2020-09-22,US,Nebraska,Antelope,64,1,0,42.17695516,-98.06662829999999,31003.0,1016.1956176563988,1.5625,63,59,1,0,58,55,6336,5,0,0,5,4
2020-09-22,US,Nebraska,Arthur,1,0,0,41.56896142,-101.6959559,31005.0,215.98272138228938,0.0,1,1,0,0,1,1,465,0,0,0,0,0
2020-09-22,US,Nebraska,Banner,2,0,0,41.54634427,-103.7114332,31007.0,268.4563758389262,0.0,2,2,0,0,2,2,730,0,0,0,0,0
2020-09-22,US,Nebraska,Boone,71,0,0,41.70759415,-98.06737183,31011.0,1367.4884437596302,0.0,71,63,0,0,63,63,5239,8,0,0,8,0
2020-09-22,US,Nebraska,Box Butte,58,1,0,42.22079243,-103.08788340000001,31013.0,537.883705833256,1.7241379310344829,57,56,0,0,56,53,10772,2,1,0,1,3
2020-09-22,US,Nebraska,Boyd,17,0,0,42.899727399999996,-98.76486568,31015.0,885.8780614903595,0.0,17,17,0,0,17,17,1955,0,0,0,0,0
2020-09-22,US,Nebraska,Brown,24,0,0,42.43018907,-99.92904055,31017.0,812.1827411167512,0.0,24,24,0,0,24,24,2973,0,0,0,0,0
2020-09-22,US,Nebraska,Buffalo,998,4,0,40.85486962,-99.07500296,31019.0,2009.7061962584824,0.4008016032064128,994,988,4,0,984,966,49615,10,0,0,10,22
2020-09-22,US,Nebraska,Burt,75,0,0,41.85056773,-96.32605633,31021.0,1161.1704598235021,0.0,75,75,0,0,75,75,6488,0,0,0,0,0
2020-09-22,US,Nebraska,Butler,108,1,0,41.22703692,-97.13106306,31023.0,1347.3053892215567,0.925925925925926,107,108,1,0,107,107,8058,0,0,0,0,1
2020-09-22,US,Nebraska,Cass,314,2,0,40.90899107,-96.13971217,31025.0,1196.281621456873,0.6369426751592356,312,311,2,0,309,304,26159,3,0,0,3,7
2020-09-22,US,Nebraska,Cedar,76,0,0,42.598885100000004,-97.25311951,31027.0,904.5465365389192,0.0,76,74,0,0,74,73,8446,2,0,0,2,1
2020-09-22,US,Nebraska,Chase,20,0,0,40.523719799999995,-101.69780259999999,31029.0,509.683995922528,0.0,20,20,0,0,20,20,3977,0,0,0,0,0
2020-09-22,US,Nebraska,Cherry,46,4,0,42.54502621,-101.1244332,31031.0,808.5779574617682,8.695652173913043,42,46,4,0,42,45,5761,0,0,0,0,1
2020-09-22,US,Nebraska,Cheyenne,36,0,0,41.21999357,-102.9941693,31033.0,404.040404040404,0.0,36,36,0,0,36,36,9310,0,0,0,0,0
2020-09-22,US,Nebraska,Clay,72,0,0,40.52439441,-98.05126296,31035.0,1160.7286796711267,0.0,72,71,0,0,71,68,6214,1,0,0,1,3
2020-09-22,US,Nebraska,Colfax,765,5,0,41.57486951,-97.0868542,31037.0,7143.5241385750305,0.6535947712418301,760,762,5,0,757,760,10881,3,0,0,3,2
2020-09-22,US,Nebraska,Cuming,120,0,0,41.91637624,-96.78730772,31039.0,1356.5453312231516,0.0,120,120,0,0,120,121,8940,0,0,0,0,-1
2020-09-22,US,Nebraska,Custer,81,4,0,41.39374521,-99.72805369,31041.0,751.6006309733693,4.938271604938271,77,81,4,0,77,81,10840,0,0,0,0,0
2020-09-22,US,Nebraska,Dakota,2159,43,0,42.39040144,-96.56656425,31043.0,10780.984719864176,1.9916628068550253,2116,2155,43,0,2112,2150,20083,4,0,0,4,5
2020-09-22,US,Nebraska,Dawes,118,0,0,42.71985036,-103.1313774,31045.0,1373.8502736057746,0.0,118,114,0,0,114,114,8716,4,0,0,4,0
2020-09-22,US,Nebraska,Dawson,1071,12,0,40.87028216,-99.82014609999999,31047.0,4539.097266369994,1.1204481792717087,1059,1068,12,0,1056,1067,23709,3,0,0,3,1
2020-09-22,US,Nebraska,Deuel,4,0,0,41.11168186,-102.33333309999999,31049.0,222.9654403567447,0.0,4,4,0,0,4,4,1825,0,0,0,0,0
2020-09-22,US,Nebraska,Dixon,86,2,0,42.49188363,-96.86782408,31051.0,1525.904897090135,2.3255813953488373,84,84,2,0,82,84,5709,2,0,0,2,0
2020-09-22,US,Nebraska,Dodge,1113,11,0,41.58071748,-96.65598179,31053.0,3043.8944345685773,0.9883198562443846,1102,1102,11,0,1091,1084,36791,11,0,0,11,18
2020-09-22,US,Nebraska,Douglas,15349,190,0,41.29518299,-96.15085305,31055.0,2686.552534713045,1.2378656590005863,15159,15238,182,0,15056,15184,566880,111,8,0,103,54
2020-09-22,US,Nebraska,Dundy,11,1,0,40.17638677,-101.6876522,31057.0,649.7341996455996,9.090909090909092,10,11,1,0,10,11,1770,0,0,0,0,0
2020-09-22,US,Nebraska,Fillmore,53,1,0,40.52458567,-97.59646937,31059.0,970.3405346027097,1.8867924528301887,52,53,1,0,52,52,5527,0,0,0,0,1
2020-09-22,US,Nebraska,Franklin,23,0,0,40.17636348,-98.95299073,31061.0,772.0711648204095,0.0,23,23,0,0,23,23,3023,0,0,0,0,0
2020-09-22,US,Nebraska,Frontier,7,0,0,40.52993007,-100.3924658,31063.0,266.46364674533686,0.0,7,7,0,0,7,7,2608,0,0,0,0,0
2020-09-22,US,Nebraska,Furnas,37,1,0,40.17642064,-99.91247454,31065.0,791.2745936698033,2.702702702702702,36,37,1,0,36,34,4715,0,0,0,0,3
2020-09-22,US,Nebraska,Gage,211,5,0,40.26186809,-96.68946704,31067.0,980.8023055826708,2.3696682464454977,206,206,5,0,201,201,21493,5,0,0,5,5
2020-09-22,US,Nebraska,Garden,9,0,0,41.61703149,-102.3313973,31069.0,489.9292324442025,0.0,9,9,0,0,9,9,1897,0,0,0,0,0
2020-09-22,US,Nebraska,Garfield,8,0,0,41.91428955,-98.99111827,31071.0,406.29761300152364,0.0,8,8,0,0,8,7,1987,0,0,0,0,1
2020-09-22,US,Nebraska,Gosper,34,0,0,40.51481965,-99.83020279,31073.0,1708.5427135678394,0.0,34,33,0,0,33,33,1996,1,0,0,1,0
2020-09-22,US,Nebraska,Grant,1,0,0,41.91528587,-101.740701,31075.0,160.5136436597111,0.0,1,1,0,0,1,1,660,0,0,0,0,0
2020-09-22,US,Nebraska,Greeley,22,0,0,41.56742671,-98.52150266,31077.0,933.786078098472,0.0,22,22,0,0,22,22,2356,0,0,0,0,0
2020-09-22,US,Nebraska,Hall,1973,47,0,40.87257079,-98.50218293,31079.0,3215.8166674816225,2.382159148504815,1926,1963,47,0,1916,1959,61607,10,0,0,10,4
2020-09-22,US,Nebraska,Hamilton,124,12,0,40.87349452,-98.02099117,31081.0,1329.9013299013302,9.677419354838712,112,122,12,0,110,121,9280,2,0,0,2,1
2020-09-22,US,Nebraska,Harlan,18,0,0,40.17658508,-99.40438879,31083.0,532.5443786982248,0.0,18,17,0,0,17,16,3401,1,0,0,1,1
2020-09-22,US,Nebraska,Hitchcock,4,0,0,40.17609175,-101.04164770000001,31087.0,144.82259232440262,0.0,4,4,0,0,4,4,2806,0,0,0,0,0
2020-09-22,US,Nebraska,Holt,56,0,0,42.45522056,-98.78402558,31089.0,556.2729710936724,0.0,56,54,0,0,54,50,10178,2,0,0,2,4
2020-09-22,US,Nebraska,Hooker,7,0,0,41.91586243,-101.1354293,31091.0,1026.392961876833,0.0,7,7,0,0,7,7,682,0,0,0,0,0
2020-09-22,US,Nebraska,Howard,93,5,0,41.2200529,-98.5166499,31093.0,1442.9790535298682,5.376344086021504,88,90,5,0,85,89,6468,3,0,0,3,1
2020-09-22,US,Nebraska,Jefferson,29,0,0,40.17584531,-97.142601,31095.0,411.58103888731193,0.0,29,29,0,0,29,29,7097,0,0,0,0,0
2020-09-22,US,Nebraska,Johnson,41,0,0,40.39257596,-96.26522753,31097.0,808.5190297771643,0.0,41,40,0,0,40,40,5134,1,0,0,1,0
2020-09-22,US,Nebraska,Kearney,139,0,0,40.50663314,-98.94877182,31099.0,2140.107775211701,0.0,139,137,0,0,137,137,6544,2,0,0,2,0
2020-09-22,US,Nebraska,Keith,61,0,0,41.19930341,-101.66201640000001,31101.0,759.2730893701766,0.0,61,60,0,0,60,60,8021,1,0,0,1,0
2020-09-22,US,Nebraska,Keya Paha,4,0,0,42.87990694,-99.71343729,31103.0,496.27791563275434,0.0,4,4,0,0,4,4,810,0,0,0,0,0
2020-09-22,US,Nebraska,Kimball,15,0,0,41.19774275,-103.7148131,31105.0,412.9955947136564,0.0,15,15,0,0,15,15,3618,0,0,0,0,0
2020-09-22,US,Nebraska,Knox,146,0,0,42.63758421,-97.89178836,31107.0,1752.2803648583774,0.0,146,140,0,0,140,132,8419,6,0,0,6,8
2020-09-22,US,Nebraska,Lancaster,5806,24,0,40.78416049,-96.68777155,31109.0,1819.549343445423,0.4133654839820875,5782,5737,24,0,5713,5681,317272,69,0,0,69,56
2020-09-22,US,Nebraska,Lincoln,362,2,0,41.04658298,-100.74753740000001,31111.0,1036.8333619751388,0.5524861878453039,360,358,2,0,356,357,35185,4,0,0,4,1
2020-09-22,US,Nebraska,Logan,7,0,0,41.56650314,-100.4817851,31113.0,935.8288770053476,0.0,7,6,0,0,6,6,749,1,0,0,1,0
2020-09-22,US,Nebraska,Loup,3,0,0,41.91371961,-99.45440415,31115.0,451.8072289156627,0.0,3,3,0,0,3,3,618,0,0,0,0,0
2020-09-22,US,Nebraska,Madison,793,5,0,41.91676024,-97.6005481,31119.0,2259.323627453773,0.6305170239596469,788,786,5,0,781,780,35392,7,0,0,7,6
2020-09-22,US,Nebraska,McPherson,6,0,0,41.56797682,-101.05993620000001,31117.0,1214.5748987854256,0.0,6,6,0,0,6,6,492,0,0,0,0,0
2020-09-22,US,Nebraska,Merrick,81,1,0,41.16624273,-98.0374887,31121.0,1044.4874274661508,1.2345679012345678,80,81,1,0,80,81,7733,0,0,0,0,0
2020-09-22,US,Nebraska,Morrill,76,0,0,41.71711774,-103.0061405,31123.0,1637.2253339077984,0.0,76,75,0,0,75,75,4686,1,0,0,1,0
2020-09-22,US,Nebraska,Nance,27,0,0,41.39750195,-97.99327291,31125.0,767.2634271099744,0.0,27,25,0,0,25,25,3532,2,0,0,2,0
2020-09-22,US,Nebraska,Nemaha,119,0,0,40.38514847,-95.85433992,31127.0,1706.8273092369477,0.0,119,116,0,0,116,116,6958,3,0,0,3,0
2020-09-22,US,Nebraska,Nuckolls,14,0,0,40.17637905,-98.04743961,31129.0,337.5120540019286,0.0,14,13,0,0,13,13,4195,1,0,0,1,0
2020-09-22,US,Nebraska,Otoe,143,1,0,40.64843556,-96.13374142,31131.0,893.0801898576068,0.6993006993006993,142,139,1,0,138,137,15985,4,0,0,4,2
2020-09-22,US,Nebraska,Pawnee,16,0,0,40.13141096,-96.23705437,31133.0,612.3230003827017,0.0,16,15,0,0,15,15,2632,1,0,0,1,0
2020-09-22,US,Nebraska,Perkins,33,10,0,40.85082525,-101.6502942,31135.0,1141.4735385679696,30.303030303030305,23,33,10,0,23,33,2929,0,0,0,0,0
2020-09-22,US,Nebraska,Phelps,103,0,0,40.51156033,-99.41461667,31137.0,1140.1372592428606,0.0,103,103,0,0,103,102,8996,0,0,0,0,1
2020-09-22,US,Nebraska,Pierce,101,7,0,42.26434853,-97.60122773,31139.0,1412.9826524902066,6.9306930693069315,94,101,7,0,94,99,7142,0,0,0,0,2
2020-09-22,US,Nebraska,Platte,1037,3,0,41.57246836,-97.52144359,31141.0,3098.2969823722738,0.2892960462873674,1034,1028,3,0,1025,1019,33363,9,0,0,9,9
2020-09-22,US,Nebraska,Polk,52,1,0,41.18813488,-97.56630712,31143.0,997.5062344139653,1.9230769230769231,51,51,1,0,50,51,5278,1,0,0,1,0
2020-09-22,US,Nebraska,Red Willow,27,0,0,40.17556879999999,-100.476998,31145.0,251.77172696754943,0.0,27,26,0,0,26,25,10726,1,0,0,1,1
2020-09-22,US,Nebraska,Richardson,53,1,0,40.1247415,-95.71755036,31147.0,673.8715829624922,1.8867924528301887,52,52,1,0,51,51,7937,1,0,0,1,1
2020-09-22,US,Nebraska,Rock,39,1,0,42.42252217,-99.44832069,31149.0,2873.986735445837,2.5641025641025643,38,39,1,0,38,37,1360,0,0,0,0,2
2020-09-22,US,Nebraska,Saline,701,2,0,40.52418865,-97.14085859,31151.0,4928.290213723285,0.28530670470756064,699,698,2,0,696,695,14350,3,0,0,3,3
2020-09-22,US,Nebraska,Sarpy,3439,15,0,41.11314181,-96.11156432,31153.0,1837.1119041005152,0.43617330619366096,3424,3407,15,0,3392,3381,184459,32,0,0,32,26
2020-09-22,US,Nebraska,Saunders,423,3,0,41.227810299999994,-96.63773905,31155.0,1960.3299657058114,0.7092198581560284,420,413,3,0,410,405,21303,10,0,0,10,8
2020-09-22,US,Nebraska,Scotts Bluff,406,7,0,41.85070896,-103.70809859999999,31157.0,1139.8730978718625,1.7241379310344829,399,405,7,0,398,405,35989,1,0,0,1,0
2020-09-22,US,Nebraska,Seward,212,3,0,40.87241834,-97.139673,31159.0,1226.5679240916454,1.4150943396226414,209,207,3,0,204,206,17318,5,0,0,5,1
2020-09-22,US,Nebraska,Sheridan,48,0,0,42.50284406,-102.4126613,31161.0,914.9828440716736,0.0,48,47,0,0,47,47,5190,1,0,0,1,0
2020-09-22,US,Nebraska,Sherman,23,1,0,41.22045983,-98.97588642,31163.0,766.4111962679108,4.3478260869565215,22,23,1,0,22,23,3038,0,0,0,0,0
2020-09-22,US,Nebraska,Sioux,7,0,0,42.48932059,-103.7576544,31165.0,600.3430531732419,0.0,7,7,0,0,7,7,1187,0,0,0,0,0
2020-09-22,US,Nebraska,Stanton,39,0,0,41.9169835,-97.19394708,31167.0,658.7837837837837,0.0,39,39,0,0,39,39,5970,0,0,0,0,0
2020-09-22,US,Nebraska,Thayer,29,0,0,40.17626377,-97.59504381,31169.0,579.6522086747951,0.0,29,29,0,0,29,29,5039,0,0,0,0,0
2020-09-22,US,Nebraska,Thomas,5,0,0,41.91358968,-100.5556632,31171.0,692.5207756232687,0.0,5,5,0,0,5,5,720,0,0,0,0,0
2020-09-22,US,Nebraska,Thurston,246,4,0,42.15725356,-96.54157099,31173.0,3405.3156146179413,1.6260162601626016,242,245,4,0,241,245,7303,1,0,0,1,0
2020-09-22,US,Nebraska,Unassigned,249,2,0,0.0,0.0,90031.0,0.0,0.8032128514056225,247,223,2,0,221,196,,26,0,0,26,27
2020-09-22,US,Nebraska,Valley,30,0,0,41.56730777,-98.98197724,31175.0,721.5007215007214,0.0,30,30,0,0,30,30,4190,0,0,0,0,0
2020-09-22,US,Nebraska,Washington,249,2,0,41.52815707,-96.22019892,31177.0,1201.215688166337,0.8032128514056225,247,248,2,0,246,244,20667,1,0,0,1,4
2020-09-22,US,Nebraska,Wayne,124,0,0,42.20934475,-97.11926964,31179.0,1321.2573255194459,0.0,124,123,0,0,123,121,9403,1,0,0,1,2
2020-09-22,US,Nebraska,Webster,17,0,0,40.17642643,-98.50019851,31181.0,487.52509320332666,0.0,17,16,0,0,16,15,3533,1,0,0,1,1
2020-09-22,US,Nebraska,Wheeler,1,0,0,41.91482725,-98.52798941,31183.0,127.7139208173691,0.0,1,1,0,0,1,1,805,0,0,0,0,0
2020-09-22,US,Nebraska,York,151,2,0,40.87272618,-97.59710186,31185.0,1103.8818627092624,1.3245033112582782,149,148,2,0,146,148,13772,3,0,0,3,0
2020-09-22,US,Nevada,Carson City,526,8,0,39.15509045,-119.7480219,32510.0,940.6967594248517,1.520912547528517,518,525,8,0,517,524,55414,1,0,0,1,1
2020-09-22,US,Nevada,Churchill,138,3,0,39.58105744,-118.3394607,32001.0,554.016620498615,2.1739130434782608,135,138,3,0,135,137,24440,0,0,0,0,1
2020-09-22,US,Nevada,Clark,64470,1343,0,36.21458855,-115.0130241,32003.0,2844.2040574134808,2.0831394447029625,63127,64288,1328,0,62960,64160,2231647,182,15,0,167,128
2020-09-22,US,Nevada,Douglas,294,1,0,38.912862,-119.61713329999999,32005.0,601.165524997444,0.3401360544217687,293,294,1,0,293,292,48467,0,0,0,0,2
2020-09-22,US,Nevada,Elko,912,9,0,41.14531606,-115.3577619,32007.0,1727.9927242411609,0.986842105263158,903,905,9,0,896,904,52460,7,0,0,7,1
2020-09-22,US,Nevada,Eureka,10,0,0,39.98100864,-116.26832040000001,32011.0,492.8536224741252,0.0,10,10,0,0,10,10,2003,0,0,0,0,0
2020-09-22,US,Nevada,Humboldt,120,4,0,41.40692186,-118.11094270000001,32013.0,712.9701146693602,3.333333333333333,116,120,4,0,116,118,16786,0,0,0,0,2
2020-09-22,US,Nevada,Lander,70,1,0,39.933223299999995,-117.03970749999999,32015.0,1265.3651482284888,1.4285714285714286,69,70,1,0,69,70,5575,0,0,0,0,0
2020-09-22,US,Nevada,Lincoln,7,0,0,37.64268459,-114.8790388,32017.0,135.05691684352692,0.0,7,7,0,0,7,7,5201,0,0,0,0,0
2020-09-22,US,Nevada,Lyon,414,7,0,39.01777974,-119.18704790000001,32019.0,719.8748043818466,1.6908212560386473,407,412,7,0,405,407,55808,2,0,0,2,5
2020-09-22,US,Nevada,Mineral,13,0,0,38.53841696,-118.4344506,32021.0,288.56825749167587,0.0,13,13,0,0,13,13,4514,0,0,0,0,0
2020-09-22,US,Nevada,Nye,495,15,0,38.04264256,-116.47227020000001,32023.0,1063.9898544805794,3.0303030303030303,480,495,15,0,480,495,45346,0,0,0,0,0
2020-09-22,US,Nevada,Pershing,21,0,0,40.44003782,-118.40056409999998,32027.0,312.2676579925651,0.0,21,21,0,0,21,21,6666,0,0,0,0,0
2020-09-22,US,Nevada,Storey,9,0,0,39.44875482,-119.5250207,32029.0,218.287654620422,0.0,9,9,0,0,9,9,4029,0,0,0,0,0
2020-09-22,US,Nevada,Washoe,8743,154,0,40.66562265,-119.6631594,32031.0,1854.2200844504675,1.7614091273018415,8589,8677,154,0,8523,8585,465735,66,0,0,66,92
2020-09-22,US,Nevada,White Pine,56,1,0,39.44157041,-114.89996599999999,32033.0,584.5511482254698,1.7857142857142858,55,52,1,0,51,52,9475,4,0,0,4,0
2020-09-22,US,New Hampshire,Belknap,146,4,0,43.51637314,-71.41684235,33001.0,238.16126453844018,2.7397260273972597,142,146,4,0,142,145,61022,0,0,0,0,1
2020-09-22,US,New Hampshire,Carroll,120,2,0,43.87498583,-71.20430216,33003.0,245.34859946841138,1.6666666666666667,118,119,2,0,117,119,48779,1,0,0,1,0
2020-09-22,US,New Hampshire,Cheshire,143,3,0,42.92015988,-72.25311043,33005.0,187.9476900834593,2.097902097902098,140,142,3,0,139,142,76493,1,0,0,1,0
2020-09-22,US,New Hampshire,Coos,22,0,0,44.69063265,-71.30633239,33007.0,69.70186610905174,0.0,22,21,0,0,21,21,31589,1,0,0,1,0
2020-09-22,US,New Hampshire,Grafton,137,1,0,43.93779815,-71.82057197,33009.0,152.41528157888882,0.7299270072992701,136,134,1,0,133,134,89786,3,0,0,3,0
2020-09-22,US,New Hampshire,Hillsborough,4302,288,0,42.91537785,-71.7200253,33011.0,1031.5928301660572,6.694560669456067,4014,4296,288,0,4008,4294,415247,6,0,0,6,2
2020-09-22,US,New Hampshire,Merrimack,560,23,0,43.29662971,-71.6811573,33013.0,369.903098598992,4.107142857142857,537,558,23,0,535,558,151132,2,0,0,2,0
2020-09-22,US,New Hampshire,Rockingham,1989,103,0,42.98499744,-71.12883377,33015.0,642.0913648557472,5.178481649069885,1886,1977,103,0,1874,1975,309176,12,0,0,12,2
2020-09-22,US,New Hampshire,Strafford,513,13,0,43.291833000000004,-71.02336013,33017.0,392.70322200362847,2.53411306042885,500,503,13,0,490,502,130090,10,0,0,10,1
2020-09-22,US,New Hampshire,Sullivan,52,1,0,43.36094111,-72.22203125,33019.0,120.52102164742966,1.9230769230769231,51,51,1,0,50,51,43144,1,0,0,1,0
2020-09-22,US,New Hampshire,Unassigned,6,0,0,0.0,0.0,90033.0,0.0,0.0,6,5,0,0,5,6,,1,0,0,1,-1
2020-09-22,US,New Jersey,Atlantic,3983,256,0,39.47538693,-74.65848483,34001.0,1510.600371676717,6.4273160933969375,3727,3971,256,0,3715,3965,265429,12,0,0,12,6
2020-09-22,US,New Jersey,Bergen,22251,2044,0,40.96010917,-74.07164325,34003.0,2386.92901323962,9.186103995326054,20207,22197,2044,0,20153,22168,936692,54,0,0,54,29
2020-09-22,US,New Jersey,Burlington,6974,493,0,39.87681124,-74.66927768,34005.0,1565.9628740605685,7.069113851448237,6481,6946,491,0,6455,6930,445384,28,2,0,26,16
2020-09-22,US,New Jersey,Camden,9748,605,0,39.80343818,-74.96388753,34007.0,1924.6906535616056,6.206401313089866,9143,9729,605,0,9124,9707,507078,19,0,0,19,22
2020-09-22,US,New Jersey,Cape May,1004,95,0,39.15008829,-74.80170244,34009.0,1090.8419257054074,9.46215139442231,909,999,95,0,904,997,92560,5,0,0,5,2
2020-09-22,US,New Jersey,Cumberland,3749,157,0,39.37199394,-75.10712559,34011.0,2507.239495208223,4.187783408909042,3592,3744,157,0,3587,3735,150972,5,0,0,5,9
2020-09-22,US,New Jersey,Essex,20874,2126,0,40.78681335,-74.24657979,34013.0,2612.597390406458,10.18491903803775,18748,20854,2125,0,18729,20833,799767,20,1,0,19,21
2020-09-22,US,New Jersey,Gloucester,4358,226,0,39.71581067,-75.13995546,34015.0,1494.3285465443225,5.185865075722809,4132,4330,224,0,4106,4313,291408,28,2,0,26,17
2020-09-22,US,New Jersey,Hudson,20540,1513,0,40.73766234,-74.07515667,34017.0,3054.770215544229,7.366114897760467,19027,20506,1513,0,18993,20482,676061,34,0,0,34,24
2020-09-22,US,New Jersey,Hunterdon,1292,125,0,40.56335249,-74.91284156,34019.0,1038.827379373005,9.674922600619196,1167,1288,125,0,1163,1286,124714,4,0,0,4,2
2020-09-22,US,New Jersey,Mercer,8583,635,0,40.28047017,-74.70479631,34021.0,2335.9551479193315,7.398345566818128,7948,8576,636,0,7940,8567,369811,7,-1,0,8,9
2020-09-22,US,New Jersey,Middlesex,19158,1425,0,40.43629879,-74.41426991,34023.0,2322.007315813842,7.438145944253054,17733,19116,1425,0,17691,19089,829685,42,0,0,42,27
2020-09-22,US,New Jersey,Monmouth,11584,865,0,40.26549699,-74.22240686,34025.0,1872.0254688547907,7.467196132596685,10719,11544,865,0,10679,11500,621354,40,0,0,40,44
2020-09-22,US,New Jersey,Morris,7775,831,0,40.86095313,-74.54553709999998,34027.0,1580.78256361252,10.688102893890676,6944,7763,831,0,6932,7742,494228,12,0,0,12,21
2020-09-22,US,New Jersey,Ocean,12382,1043,0,39.8895449,-74.28089251,34029.0,2039.2433290622644,8.423518010014536,11339,12317,1042,0,11275,12241,601651,65,1,0,64,76
2020-09-22,US,New Jersey,Passaic,18846,1253,0,41.03238628,-74.29954144,34031.0,3755.484968893601,6.648625703066964,17593,18832,1251,0,17581,18822,503310,14,2,0,12,10
2020-09-22,US,New Jersey,Salem,1047,89,0,39.58719656,-75.34696629999998,34033.0,1678.288050012022,8.500477554918815,958,1047,89,0,958,1044,62607,0,0,0,0,3
2020-09-22,US,New Jersey,Somerset,5709,569,0,40.56465737,-74.61683016,34035.0,1735.6065350495844,9.966719215274127,5140,5703,569,0,5134,5691,331164,6,0,0,6,12
2020-09-22,US,New Jersey,Sussex,1456,198,0,41.13891592,-74.69118243,34037.0,1036.3874494618758,13.5989010989011,1258,1453,198,0,1255,1452,140799,3,0,0,3,1
2020-09-22,US,New Jersey,Unassigned,326,0,0,0.0,0.0,90034.0,0.0,0.0,326,340,0,0,340,330,,-14,0,0,-14,10
2020-09-22,US,New Jersey,Union,17505,1357,0,40.65835409,-74.30680092,34039.0,3146.451546803129,7.7520708369037425,16148,17466,1357,0,16109,17440,558067,39,0,0,39,26
2020-09-22,US,New Jersey,Warren,1436,171,0,40.85951833,-74.99556527,34041.0,1364.150208517389,11.908077994428972,1265,1433,171,0,1262,1428,105779,3,0,0,3,5
2020-09-22,US,New Mexico,Bernalillo,6247,173,0,35.05163625,-106.6703554,35001.0,919.8655320627693,2.769329278053465,6074,6226,172,0,6054,6206,678701,21,1,0,20,20
2020-09-22,US,New Mexico,Catron,9,1,0,33.91514144,-108.4046587,35003.0,255.17436915225403,11.111111111111109,8,9,1,0,8,9,3578,0,0,0,0,0
2020-09-22,US,New Mexico,Chaves,1044,11,0,33.36406072,-104.4665365,35005.0,1615.7239031184708,1.053639846743295,1033,1040,11,0,1029,1028,64689,4,0,0,4,12
2020-09-22,US,New Mexico,Cibola,406,20,0,34.91131525,-107.998876,35006.0,1522.024367385192,4.9261083743842375,386,404,20,0,384,406,26746,2,0,0,2,-2
2020-09-22,US,New Mexico,Colfax,27,1,0,36.60569702,-104.64726740000002,35007.0,226.11171593668868,3.703703703703704,26,27,1,0,26,27,12110,0,0,0,0,0
2020-09-22,US,New Mexico,Curry,744,5,0,34.57421077,-103.34688759999999,35009.0,1519.794092413286,0.6720430107526881,739,743,5,0,738,740,49437,1,0,0,1,3
2020-09-22,US,New Mexico,De Baca,1,0,0,34.34274529,-104.4117842,35011.0,57.20823798627003,0.0,1,1,0,0,1,1,1781,0,0,0,0,0
2020-09-22,US,New Mexico,Dona Ana,3165,53,0,32.35275771,-106.83293870000001,35013.0,1450.53736336763,1.6745655608214849,3112,3147,53,0,3094,3129,217522,18,0,0,18,18
2020-09-22,US,New Mexico,Eddy,713,7,0,32.47167456,-104.3053527,35015.0,1219.6373588778654,0.9817671809256662,706,699,6,0,693,694,57900,14,1,0,13,5
2020-09-22,US,New Mexico,Grant,110,2,0,32.73911281,-108.3827845,35017.0,407.43758796947924,1.818181818181818,108,108,2,0,106,108,27346,2,0,0,2,0
2020-09-22,US,New Mexico,Guadalupe,34,1,0,34.86319296,-104.790669,35019.0,790.6976744186046,2.9411764705882355,33,34,1,0,33,34,4341,0,0,0,0,0
2020-09-22,US,New Mexico,Harding,2,0,0,35.85751555,-103.82209379999999,35021.0,320.0,0.0,2,2,0,0,2,2,655,0,0,0,0,0
2020-09-22,US,New Mexico,Hidalgo,99,2,0,31.91383467,-108.7151824,35023.0,2358.265840876608,2.0202020202020203,97,99,2,0,97,99,4240,0,0,0,0,0
2020-09-22,US,New Mexico,Lea,1342,21,0,32.79215361,-103.4123733,35025.0,1888.2791613901786,1.5648286140089418,1321,1334,21,0,1313,1327,69611,8,0,0,8,7
2020-09-22,US,New Mexico,Lincoln,189,3,0,33.74526079,-105.4586166,35027.0,965.6652360515021,1.5873015873015872,186,189,3,0,186,189,19556,0,0,0,0,0
2020-09-22,US,New Mexico,Los Alamos,31,0,0,35.86631386,-106.31349850000001,35028.0,160.0495637358666,0.0,31,31,0,0,31,31,19101,0,0,0,0,0
2020-09-22,US,New Mexico,Luna,409,6,0,32.18179341,-107.75088259999998,35029.0,1725.0833016997767,1.4669926650366751,403,408,6,0,402,401,23963,1,0,0,1,7
2020-09-22,US,New Mexico,McKinley,4300,255,0,35.58007720000001,-108.262245,35031.0,6025.193716984039,5.930232558139535,4045,4295,255,0,4040,4292,72290,5,0,0,5,3
2020-09-22,US,New Mexico,Mora,7,0,0,36.01095101,-104.9497716,35033.0,154.83300154833,0.0,7,7,0,0,7,7,4506,0,0,0,0,0
2020-09-22,US,New Mexico,Otero,247,13,0,32.61348406,-105.7417604,35035.0,365.9801452066972,5.2631578947368425,234,248,13,0,235,247,66781,-1,0,0,-1,1
2020-09-22,US,New Mexico,Quay,73,2,0,35.10403332,-103.54817270000001,35037.0,884.526838725312,2.7397260273972597,71,73,2,0,71,73,8253,0,0,0,0,0
2020-09-22,US,New Mexico,Rio Arriba,386,13,0,36.51072137,-106.69316740000001,35039.0,991.7525243441844,3.3678756476683938,373,386,13,0,373,384,39006,0,0,0,0,2
2020-09-22,US,New Mexico,Roosevelt,270,3,0,34.02097406,-103.4799493,35041.0,1459.4594594594596,1.1111111111111112,267,268,3,0,265,267,18743,2,0,0,2,1
2020-09-22,US,New Mexico,San Juan,3276,197,0,36.50838318,-108.32043700000001,35045.0,2642.8306361832238,6.0134310134310125,3079,3266,197,0,3069,3262,125043,10,0,0,10,4
2020-09-22,US,New Mexico,San Miguel,103,0,0,35.48014807,-104.8163562,35047.0,377.60750815705535,0.0,103,94,0,0,94,94,27591,9,0,0,9,0
2020-09-22,US,New Mexico,Sandoval,1315,41,0,35.68862401,-106.86878030000001,35043.0,896.0939842451005,3.1178707224334596,1274,1314,41,0,1273,1313,145179,1,0,0,1,1
2020-09-22,US,New Mexico,Santa Fe,960,6,0,35.50708973,-105.9774716,35049.0,638.4761702071057,0.625,954,957,5,0,952,942,150056,3,1,0,2,15
2020-09-22,US,New Mexico,Sierra,43,1,0,33.13028233,-107.1925893,35051.0,398.4802149939765,2.3255813953488373,42,42,1,0,41,42,10968,1,0,0,1,0
2020-09-22,US,New Mexico,Socorro,91,6,0,34.00715494,-106.9298354,35053.0,546.9736130311956,6.593406593406592,85,89,6,0,83,89,16735,2,0,0,2,0
2020-09-22,US,New Mexico,Taos,131,4,0,36.58006022,-105.63101979999999,35055.0,400.3300430889589,3.053435114503817,127,131,4,0,127,129,32835,0,0,0,0,2
2020-09-22,US,New Mexico,Torrance,66,1,0,34.64048375,-105.8508949,35057.0,426.8805381281935,1.5151515151515151,65,65,1,0,64,65,15591,1,0,0,1,0
2020-09-22,US,New Mexico,Unassigned,1361,0,0,0.0,0.0,90035.0,0.0,0.0,1361,1361,0,0,1361,1361,,0,0,0,0,0
2020-09-22,US,New Mexico,Union,31,2,0,36.48126404,-103.4709624,35059.0,763.7349100763735,6.451612903225807,29,31,2,0,29,31,4118,0,0,0,0,0
2020-09-22,US,New Mexico,Valencia,558,4,0,34.71669834,-106.8103733,35061.0,727.6236177759233,0.7168458781362007,554,555,4,0,551,550,76456,3,0,0,3,5
2020-09-22,US,New York,Albany,3037,134,0,42.60060306,-73.97723916,36001.0,994.0884958069563,4.412248929864998,2903,3024,134,0,2890,3016,307117,13,0,0,13,8
2020-09-22,US,New York,Allegany,99,1,0,42.25748406,-78.02750466,36003.0,214.7924757544857,1.0101010101010102,98,99,1,0,98,98,46430,0,0,0,0,1
2020-09-22,US,New York,Bronx,52666,4942,0,40.85209301,-73.86282755,36005.0,3713.5622655931047,9.38366308434284,47724,52619,4942,0,47677,52578,1432132,47,0,0,47,41
2020-09-22,US,New York,Broome,1476,69,0,42.15903158,-75.81326086,36007.0,774.8519591785309,4.674796747967481,1407,1472,69,0,1403,1465,191659,4,0,0,4,7
2020-09-22,US,New York,Cattaraugus,255,6,0,42.24778241,-78.67923096,36009.0,335.0105758240603,2.3529411764705883,249,255,6,0,249,254,76840,0,0,0,0,1
2020-09-22,US,New York,Cayuga,202,2,0,42.91261714,-76.55731592,36011.0,263.7902214793146,0.99009900990099,200,199,2,0,197,199,77145,3,0,0,3,0
2020-09-22,US,New York,Chautauqua,547,9,0,42.22769210000001,-79.36691763,36013.0,431.0378793251539,1.6453382084095065,538,541,9,0,532,537,127939,6,0,0,6,4
2020-09-22,US,New York,Chemung,349,3,0,42.13891056,-76.7638805,36015.0,418.1844325153375,0.8595988538681948,346,338,3,0,335,330,84254,11,0,0,11,8
2020-09-22,US,New York,Chenango,248,7,0,42.49430041,-75.60887553,36017.0,525.3458173575953,2.8225806451612905,241,248,7,0,241,248,47536,0,0,0,0,0
2020-09-22,US,New York,Clinton,155,5,0,44.74530905,-73.67875352,36019.0,192.58246878300304,3.2258064516129035,150,154,5,0,149,154,80695,1,0,0,1,0
2020-09-22,US,New York,Columbia,582,37,0,42.24819348,-73.63089095,36021.0,978.7928221859706,6.3573883161512015,545,582,37,0,545,581,59916,0,0,0,0,1
2020-09-22,US,New York,Cortland,162,0,0,42.59509207,-76.07048931,36023.0,340.47203715768904,0.0,162,161,0,0,161,159,47823,1,0,0,1,2
2020-09-22,US,New York,Delaware,131,4,0,42.19837623,-74.96709306,36025.0,296.8165854763793,3.053435114503817,127,130,4,0,126,130,44527,1,0,0,1,0
2020-09-22,US,New York,Dutchess,5084,153,0,41.76486060000001,-73.74356679,36027.0,1727.9704164938926,3.0094413847364283,4931,5076,153,0,4923,5059,293718,8,0,0,8,17
2020-09-22,US,New York,Erie,11082,689,0,42.76249024,-78.73063652,36029.0,1206.2671029343574,6.217289297960657,10393,11042,689,0,10353,10999,919719,40,0,0,40,43
2020-09-22,US,New York,Essex,161,0,0,44.11630765,-73.77297842,36031.0,436.4917988342145,0.0,161,160,0,0,160,160,37300,1,0,0,1,0
2020-09-22,US,New York,Franklin,65,0,0,44.59040891,-74.29926032,36033.0,129.94282515693095,0.0,65,65,0,0,65,65,50293,0,0,0,0,0
2020-09-22,US,New York,Fulton,332,24,0,43.11363907,-74.41798804,36035.0,621.9208362212688,7.2289156626506035,308,332,24,0,308,332,53591,0,0,0,0,0
2020-09-22,US,New York,Genesee,317,5,0,43.0022601,-78.19135193,36037.0,553.4217877094973,1.5772870662460567,312,316,5,0,311,314,57511,1,0,0,1,2
2020-09-22,US,New York,Greene,321,18,0,42.275797,-74.12384884,36039.0,680.2576926337205,5.607476635514018,303,320,18,0,302,319,47491,1,0,0,1,1
2020-09-22,US,New York,Hamilton,15,0,0,43.66146647,-74.49721957,36041.0,339.67391304347825,0.0,15,15,0,0,15,15,4434,0,0,0,0,0
2020-09-22,US,New York,Herkimer,322,10,0,43.42034246,-74.96145307,36043.0,525.1227188962638,3.1055900621118013,312,321,10,0,311,321,61833,1,0,0,1,0
2020-09-22,US,New York,Jefferson,164,0,0,44.04200959,-75.94653457,36045.0,149.31624087258953,0.0,164,163,0,0,163,163,111755,1,0,0,1,0
2020-09-22,US,New York,Kings,67391,7319,0,40.636182500000004,-73.94935552,36047.0,2632.560686869776,10.860500660325565,60072,67227,7318,0,59909,67136,2582830,164,1,0,163,91
2020-09-22,US,New York,Lewis,50,0,0,43.784415700000004,-75.44903992,36049.0,190.14298752661998,0.0,50,50,0,0,50,50,26447,0,0,0,0,0
2020-09-22,US,New York,Livingston,202,8,0,42.72596275,-77.77966158,36051.0,321.07321105000483,3.96039603960396,194,201,8,0,193,201,63227,1,0,0,1,0
2020-09-22,US,New York,Madison,489,17,0,42.91653905,-75.67266639,36053.0,689.3051972766101,3.476482617586912,472,488,17,0,471,487,70795,1,0,0,1,1
2020-09-22,US,New York,Monroe,5925,289,0,43.14638895,-77.69322942,36055.0,798.7651158714964,4.877637130801689,5636,5911,289,0,5622,5894,742474,14,0,0,14,17
2020-09-22,US,New York,Montgomery,229,4,0,42.90123494,-74.44011632,36057.0,465.24857276365776,1.7467248908296944,225,227,4,0,223,227,49455,2,0,0,2,0
2020-09-22,US,New York,Nassau,46325,2201,0,40.74066522,-73.58941873,36059.0,3413.9716004728343,4.7512142471667556,44124,46259,2201,0,44058,46218,1358343,66,0,0,66,41
2020-09-22,US,New York,New York,33146,3173,0,40.76727260000001,-73.97152637,36061.0,2035.1125371921023,9.572799131116877,29973,33105,3174,0,29931,33070,,41,-1,0,42,35
2020-09-22,US,New York,Niagara,1733,101,0,43.19898042,-78.74777412,36063.0,828.0732603533049,5.8280438545874205,1632,1728,101,0,1627,1724,210433,5,0,0,5,4
2020-09-22,US,New York,Oneida,2378,123,0,43.24375382,-75.43710392,36065.0,1039.9219839857262,5.172413793103448,2255,2378,123,0,2255,2375,229577,0,0,0,0,3
2020-09-22,US,New York,Onondaga,4253,205,0,43.00491923,-76.19971155,36067.0,923.5051940381476,4.8201269691982125,4048,4231,205,0,4026,4220,461809,22,0,0,22,11
2020-09-22,US,New York,Ontario,465,35,0,42.85145728,-77.30874425,36069.0,423.58599706678086,7.526881720430107,430,464,35,0,429,461,109864,1,0,0,1,3
2020-09-22,US,New York,Orange,11835,498,0,41.40337468,-74.30240757,36071.0,3074.505117680677,4.207858048162231,11337,11822,498,0,11324,11812,381951,13,0,0,13,10
2020-09-22,US,New York,Orleans,325,54,0,43.2516977,-78.2320066,36073.0,805.4123711340206,16.615384615384613,271,324,54,0,270,323,40612,1,0,0,1,1
2020-09-22,US,New York,Oswego,464,3,0,43.42778894,-76.14635194,36075.0,396.1613332877976,0.646551724137931,461,456,3,0,453,447,117898,8,0,0,8,9
2020-09-22,US,New York,Otsego,332,5,0,42.63492579,-75.03151402,36077.0,558.0488460827324,1.5060240963855422,327,332,5,0,327,332,59749,0,0,0,0,0
2020-09-22,US,New York,Putnam,1583,63,0,41.42630093,-73.74965532,36079.0,1610.0488201790076,3.9797852179406186,1520,1577,63,0,1514,1574,98892,6,0,0,6,3
2020-09-22,US,New York,Queens,71818,7245,0,40.71088124,-73.81684712,36081.0,3186.447415941909,10.088000222785373,64573,71752,7244,0,64508,71682,2278906,66,1,0,65,70
2020-09-22,US,New York,Rensselaer,901,42,0,42.71348136,-73.51089874,36083.0,567.6877906170847,4.661487236403995,859,901,42,0,859,899,159442,0,0,0,0,2
2020-09-22,US,New York,Richmond,15786,1085,0,40.58582155,-74.14808598,36085.0,3315.3905444372804,6.873178765995187,14701,15753,1085,0,14668,15730,476179,33,0,0,33,23
2020-09-22,US,New York,Rockland,14891,675,0,41.15027894,-74.02560498,36087.0,4570.7497797654305,4.532939359344571,14216,14833,675,0,14158,14823,325695,58,0,0,58,10
2020-09-22,US,New York,Saratoga,1006,17,0,43.10904162,-73.86653895,36091.0,437.6519927087004,1.6898608349900597,989,1004,17,0,987,998,230163,2,0,0,2,6
2020-09-22,US,New York,Schenectady,1383,48,0,42.81668777,-74.05278291,36093.0,890.5401837745253,3.470715835140998,1335,1383,48,0,1335,1380,155350,0,0,0,0,3
2020-09-22,US,New York,Schoharie,83,0,0,42.58831742,-74.44339029999998,36095.0,267.7505725991161,0.0,83,83,0,0,83,83,31097,0,0,0,0,0
2020-09-22,US,New York,Schuyler,39,0,0,42.39184015,-76.8773299,36097.0,219.01499410344246,0.0,39,38,0,0,38,38,17912,1,0,0,1,0
2020-09-22,US,New York,Seneca,105,3,0,42.78081007,-76.82497064,36099.0,308.67826904985884,2.8571428571428568,102,105,3,0,102,105,34300,0,0,0,0,0
2020-09-22,US,New York,St. Lawrence,319,4,0,44.4976179,-75.06550039,36089.0,296.08316317059587,1.2539184952978055,315,318,4,0,314,318,108047,1,0,0,1,0
2020-09-22,US,New York,Steuben,360,42,0,42.2689144,-77.3829924,36101.0,377.4415751895072,11.666666666666664,318,353,42,0,311,350,95796,7,0,0,7,3
2020-09-22,US,New York,Suffolk,46176,2011,0,40.88320119,-72.8012172,36103.0,3127.181953689588,4.355076230076231,44165,46109,2011,0,44098,46061,1481093,67,0,0,67,48
2020-09-22,US,New York,Sullivan,1573,48,0,41.71579493,-74.76394559,36105.0,2085.321879308516,3.0514939605848697,1525,1573,48,0,1525,1571,75498,0,0,0,0,2
2020-09-22,US,New York,Tioga,225,25,0,42.16852837,-76.30835812,36107.0,466.7759268095346,11.111111111111109,200,224,25,0,199,224,48560,1,0,0,1,0
2020-09-22,US,New York,Tompkins,399,0,0,42.44945765,-76.47229843,36109.0,390.4873752201997,0.0,399,398,0,0,398,397,102793,1,0,0,1,1
2020-09-22,US,New York,Ulster,2244,95,0,41.89027881,-74.26252104,36111.0,1263.7056309236202,4.233511586452763,2149,2242,95,0,2147,2242,178599,2,0,0,2,0
2020-09-22,US,New York,Unassigned,0,16,0,0.0,0.0,90036.0,0.0,0.0,-16,0,19,0,-19,0,,0,-3,0,3,0
2020-09-22,US,New York,Warren,363,33,0,43.56173026,-73.8433699,36113.0,567.6842236957337,9.090909090909092,330,363,33,0,330,360,64265,0,0,0,0,3
2020-09-22,US,New York,Washington,288,14,0,43.31153794,-73.43043448,36115.0,470.5574799032743,4.861111111111111,274,287,14,0,273,287,61197,1,0,0,1,0
2020-09-22,US,New York,Wayne,311,5,0,43.15494365,-77.02976528,36117.0,345.87068217709464,1.6077170418006432,306,311,5,0,306,310,90064,0,0,0,0,1
2020-09-22,US,New York,Westchester,37866,1454,0,41.16278376,-73.75741653,36119.0,3913.774178144632,3.839856335498864,36412,37837,1454,0,36383,37801,967612,29,0,0,29,36
2020-09-22,US,New York,Wyoming,132,5,0,42.70145109,-78.22199579,36121.0,331.16736496148917,3.787878787878788,127,132,5,0,127,132,40085,0,0,0,0,0
2020-09-22,US,New York,Yates,62,7,0,42.63505484,-77.10369919,36123.0,248.8660538674588,11.290322580645164,55,62,7,0,55,62,24841,0,0,0,0,0
2020-09-22,US,North Carolina,Alamance,3771,54,0,36.0434701,-79.39976137,37001.0,2224.6606374882754,1.431980906921241,3717,3749,54,0,3695,3728,166436,22,0,0,22,21
2020-09-22,US,North Carolina,Alexander,491,6,0,35.922379600000006,-81.17751948,37003.0,1309.4380883804038,1.2219959266802445,485,488,5,0,483,485,37353,3,1,0,2,3
2020-09-22,US,North Carolina,Alleghany,220,0,0,36.49360862,-81.12857041,37005.0,1975.3973242345335,0.0,220,220,0,0,220,220,11161,0,0,0,0,0
2020-09-22,US,North Carolina,Anson,556,4,0,34.97403241,-80.09953279,37007.0,2274.4007199541848,0.7194244604316546,552,553,4,0,549,552,24877,3,0,0,3,1
2020-09-22,US,North Carolina,Ashe,252,1,0,36.43296207,-81.49862729,37009.0,926.3684152483182,0.3968253968253968,251,251,1,0,250,248,27109,1,0,0,1,3
2020-09-22,US,North Carolina,Avery,326,0,0,36.07569796,-81.92308483,37011.0,1856.809249871846,0.0,326,325,0,0,325,324,17505,1,0,0,1,1
2020-09-22,US,North Carolina,Beaufort,866,17,0,35.48531943,-76.84325809,37013.0,1842.7884410775848,1.9630484988452657,849,855,17,0,838,849,47079,11,0,0,11,6
2020-09-22,US,North Carolina,Bertie,554,8,0,36.0688473,-76.96545943,37015.0,2923.945743389455,1.444043321299639,546,553,7,0,546,551,19026,1,1,0,0,2
2020-09-22,US,North Carolina,Bladen,825,14,0,34.61296243,-78.56180059,37017.0,2521.239533035878,1.6969696969696968,811,821,12,0,809,820,33190,4,2,0,2,1
2020-09-22,US,North Carolina,Brunswick,1543,26,0,34.070565,-78.22814204,37019.0,1080.3808990337488,1.685029163966299,1517,1535,26,0,1509,1529,136744,8,0,0,8,6
2020-09-22,US,North Carolina,Buncombe,2892,80,0,35.61113393,-82.53305,37021.0,1107.2357010769897,2.7662517289073305,2812,2874,79,0,2795,2861,259103,18,1,0,17,13
2020-09-22,US,North Carolina,Burke,2033,35,0,35.74989637,-81.70755735,37023.0,2246.78123445875,1.7215937038858828,1998,2031,35,0,1996,2025,90382,2,0,0,2,6
2020-09-22,US,North Carolina,Cabarrus,3811,62,0,35.3877799,-80.55267168,37025.0,1760.6593579206574,1.6268695880346369,3749,3770,61,0,3709,3761,211342,41,1,0,40,9
2020-09-22,US,North Carolina,Caldwell,1580,18,0,35.95204977,-81.54799522,37027.0,1922.6556986054661,1.139240506329114,1562,1571,18,0,1553,1560,82029,9,0,0,9,11
2020-09-22,US,North Carolina,Camden,111,3,0,36.33804939,-76.15568396,37029.0,1021.4410600901813,2.702702702702702,108,109,3,0,106,109,10710,2,0,0,2,0
2020-09-22,US,North Carolina,Carteret,619,5,0,34.8932941,-76.54120135,37031.0,890.9936234220488,0.8077544426494345,614,615,5,0,610,610,69524,4,0,0,4,5
2020-09-22,US,North Carolina,Caswell,324,3,0,36.39312665,-79.33353281,37033.0,1433.374623960361,0.925925925925926,321,318,3,0,315,317,22698,6,0,0,6,1
2020-09-22,US,North Carolina,Catawba,3006,52,0,35.66211129,-81.2132617,37035.0,1884.0370790530926,1.7298735861610113,2954,2987,51,0,2936,2972,158652,19,1,0,18,15
2020-09-22,US,North Carolina,Chatham,1613,57,0,35.70394416,-79.25541492,37037.0,2165.9728749832148,3.533787972721637,1556,1604,57,0,1547,1598,73139,9,0,0,9,6
2020-09-22,US,North Carolina,Cherokee,581,10,0,35.1349263,-84.05970864,37039.0,2030.6165245351601,1.721170395869191,571,579,10,0,569,573,28383,2,0,0,2,6
2020-09-22,US,North Carolina,Chowan,313,3,0,36.12908077,-76.60118385,37041.0,2244.854048626551,0.9584664536741214,310,313,3,0,310,311,14029,0,0,0,0,2
2020-09-22,US,North Carolina,Clay,112,2,0,35.05704275,-83.74353633,37043.0,997.2397827441902,1.7857142857142858,110,112,2,0,110,112,11139,0,0,0,0,0
2020-09-22,US,North Carolina,Cleveland,2071,60,0,35.33553364,-81.55204486,37045.0,2114.4088129294414,2.8971511347175283,2011,2040,60,0,1980,2022,97645,31,0,0,31,18
2020-09-22,US,North Carolina,Columbus,1320,54,0,34.26744084,-78.65801424,37047.0,2378.0355984722923,4.090909090909091,1266,1312,54,0,1258,1309,55655,8,0,0,8,3
2020-09-22,US,North Carolina,Craven,1294,32,0,35.11833364,-77.08398081,37049.0,1266.9009878694721,2.4729520865533234,1262,1287,30,0,1257,1267,102912,7,2,0,5,20
2020-09-22,US,North Carolina,Cumberland,5178,75,0,35.04762133,-78.82623165,37051.0,1543.3267065861123,1.4484356894553885,5103,5089,75,0,5014,5065,332330,89,0,0,89,24
2020-09-22,US,North Carolina,Currituck,170,1,0,36.36123664,-75.95876401,37053.0,612.3257573028851,0.5882352941176471,169,166,1,0,165,166,27072,4,0,0,4,0
2020-09-22,US,North Carolina,Dare,264,2,0,35.66520691,-75.71767334,37055.0,713.3399983787727,0.7575757575757576,262,264,2,0,262,261,36501,0,0,0,0,3
2020-09-22,US,North Carolina,Davidson,2638,34,0,35.79115496,-80.21256572,37057.0,1573.9011628253852,1.288855193328279,2604,2613,34,0,2579,2598,166614,25,0,0,25,15
2020-09-22,US,North Carolina,Davie,534,6,0,35.93099927,-80.54496571,37059.0,1246.3240442515055,1.1235955056179776,528,533,6,0,527,531,42733,1,0,0,1,2
2020-09-22,US,North Carolina,Duplin,2146,53,0,34.93449805,-77.93140529,37061.0,3653.3256158390222,2.4697110904007458,2093,2140,53,0,2087,2139,58856,6,0,0,6,1
2020-09-22,US,North Carolina,Durham,7563,91,0,36.03638492,-78.87608331,37063.0,2352.4983825212757,1.203226232976332,7472,7523,90,0,7433,7506,316739,40,1,0,39,17
2020-09-22,US,North Carolina,Edgecombe,1284,39,0,35.91230639,-77.59436892,37065.0,2494.560149207336,3.037383177570093,1245,1279,37,0,1242,1272,52005,5,2,0,3,7
2020-09-22,US,North Carolina,Forsyth,6850,95,0,36.12859861,-80.25459052,37067.0,1791.8099896676651,1.3868613138686132,6755,6833,94,0,6739,6814,379099,17,1,0,16,19
2020-09-22,US,North Carolina,Franklin,1191,31,0,36.081519,-78.28708884,37069.0,1709.1196096720957,2.6028547439126783,1160,1189,32,0,1157,1184,67560,2,-1,0,3,5
2020-09-22,US,North Carolina,Gaston,4892,77,0,35.29373559,-81.17477045,37071.0,2178.7831415986348,1.5739983646770237,4815,4861,75,0,4786,4840,222846,31,2,0,29,21
2020-09-22,US,North Carolina,Gates,128,3,0,36.44667547,-76.69749701,37073.0,1107.0749005362395,2.34375,125,127,3,0,124,127,11573,1,0,0,1,0
2020-09-22,US,North Carolina,Graham,126,2,0,35.3506925,-83.83369267,37075.0,1492.7141333965174,1.5873015873015872,124,122,1,0,121,122,8484,4,1,0,3,0
2020-09-22,US,North Carolina,Granville,1696,49,0,36.30337451,-78.65184241,37077.0,2805.949406879209,2.8891509433962264,1647,1689,48,0,1641,1684,60115,7,1,0,6,5
2020-09-22,US,North Carolina,Greene,507,5,0,35.48544173,-77.67578087,37079.0,2406.37904029617,0.9861932938856016,502,505,5,0,500,502,21012,2,0,0,2,3
2020-09-22,US,North Carolina,Guilford,8209,176,0,36.07959451,-79.78824948,37081.0,1528.1826745151475,2.143988305518333,8033,8157,176,0,7981,8124,533670,52,0,0,52,33
2020-09-22,US,North Carolina,Halifax,977,18,0,36.25669272,-77.6556109,37083.0,1953.609278144371,1.8423746161719552,959,964,18,0,946,963,50574,13,0,0,13,1
2020-09-22,US,North Carolina,Harnett,2077,52,0,35.36731853,-78.87243571,37085.0,1527.4754368417953,2.5036109773712085,2025,2064,51,0,2013,2057,134214,13,1,0,12,7
2020-09-22,US,North Carolina,Haywood,585,31,0,35.55269063,-82.98196486,37087.0,938.7486560649584,5.299145299145299,554,580,31,0,549,580,61971,5,0,0,5,0
2020-09-22,US,North Carolina,Henderson,1923,64,0,35.33788927,-82.4766782,37089.0,1637.7526252586933,3.3281331253250133,1859,1906,64,0,1842,1902,116748,17,0,0,17,4
2020-09-22,US,North Carolina,Hertford,707,27,0,36.3607755,-76.98104134,37091.0,2986.020188368459,3.818953323903819,680,693,26,0,667,691,23659,14,1,0,13,2
2020-09-22,US,North Carolina,Hoke,1077,17,0,35.01888303,-79.23651674,37093.0,1949.885939819676,1.5784586815227484,1060,1068,16,0,1052,1066,54764,9,1,0,8,2
2020-09-22,US,North Carolina,Hyde,124,5,0,35.42017674,-76.15180542,37095.0,2511.646749037877,4.032258064516129,119,124,4,0,120,124,5230,0,1,0,-1,0
2020-09-22,US,North Carolina,Iredell,2686,27,0,35.80950511,-80.8743128,37097.0,1477.3989857320441,1.0052122114668651,2659,2683,27,0,2656,2670,178435,3,0,0,3,13
2020-09-22,US,North Carolina,Jackson,534,7,0,35.28814273,-83.14093385,37099.0,1215.3489007237472,1.310861423220974,527,532,7,0,525,531,43327,2,0,0,2,1
2020-09-22,US,North Carolina,Johnston,4263,55,0,35.51745004,-78.36622717,37101.0,2036.4098424087247,1.2901712409101571,4208,4254,55,0,4199,4233,202675,9,0,0,9,21
2020-09-22,US,North Carolina,Jones,148,11,0,35.02254606,-77.35870791,37103.0,1571.2920692217858,7.432432432432432,137,144,11,0,133,144,9637,4,0,0,4,0
2020-09-22,US,North Carolina,Lee,1583,13,0,35.47623147,-79.17569362,37105.0,2562.3593777820943,0.8212255211623499,1570,1572,13,0,1559,1572,61452,11,0,0,11,0
2020-09-22,US,North Carolina,Lenoir,947,29,0,35.24032589999999,-77.64245615,37107.0,1692.6129153336076,3.0623020063357966,918,939,27,0,912,939,55976,8,2,0,6,0
2020-09-22,US,North Carolina,Lincoln,1500,14,0,35.48508185,-81.21740317,37109.0,1741.9377315325567,0.9333333333333332,1486,1473,14,0,1459,1457,83770,27,0,0,27,16
2020-09-22,US,North Carolina,Macon,585,2,0,35.14867843,-83.41696617,37113.0,1631.435105136929,0.3418803418803419,583,583,2,0,581,583,35285,2,0,0,2,0
2020-09-22,US,North Carolina,Madison,91,1,0,35.85402722,-82.71346418,37115.0,418.2946449092163,1.0989010989010992,90,90,1,0,89,90,21763,1,0,0,1,0
2020-09-22,US,North Carolina,Martin,422,10,0,35.84326734,-77.10860251,37117.0,1880.5704099821744,2.3696682464454977,412,420,10,0,410,419,22671,2,0,0,2,1
2020-09-22,US,North Carolina,McDowell,884,26,0,35.67736232,-82.0482425,37111.0,1931.987061806102,2.9411764705882355,858,883,26,0,857,882,45507,1,0,0,1,1
2020-09-22,US,North Carolina,Mecklenburg,27687,342,0,35.24469268,-80.8317671,37119.0,2493.5245993176964,1.235236753711128,27345,27586,341,0,27245,27531,1093901,101,1,0,100,55
2020-09-22,US,North Carolina,Mitchell,105,3,0,36.01059309,-82.1582442,37121.0,701.6840417000802,2.8571428571428568,102,105,3,0,102,104,15000,0,0,0,0,1
2020-09-22,US,North Carolina,Montgomery,1028,26,0,35.33155144,-79.90416657,37123.0,3783.167114415044,2.5291828793774314,1002,1026,25,0,1001,1025,27271,2,1,0,1,1
2020-09-22,US,North Carolina,Moore,1536,27,0,35.30885257,-79.48474178,37125.0,1522.6011102299765,1.7578125,1509,1535,27,0,1508,1524,98682,1,0,0,1,11
2020-09-22,US,North Carolina,Nash,2210,38,0,35.96575634,-77.98422508,37127.0,2343.634011325797,1.7194570135746607,2172,2177,36,0,2141,2119,94016,33,2,0,31,58
2020-09-22,US,North Carolina,New Hanover,3934,29,0,34.25758282,-77.87075626,37129.0,1677.805120418982,0.7371631926792069,3905,3914,29,0,3885,3900,232274,20,0,0,20,14
2020-09-22,US,North Carolina,Northampton,410,17,0,36.41736238,-77.39769443,37131.0,2104.3987065646975,4.146341463414634,393,407,17,0,390,407,19676,3,0,0,3,0
2020-09-22,US,North Carolina,Onslow,1877,23,0,34.72607366,-77.42908179,37133.0,948.2767331184513,1.2253596164091636,1854,1859,23,0,1836,1851,197683,18,0,0,18,8
2020-09-22,US,North Carolina,Orange,2604,55,0,36.06092947,-79.12167935,37135.0,1753.8187989978178,2.112135176651306,2549,2594,54,0,2540,2581,146027,10,1,0,9,13
2020-09-22,US,North Carolina,Pamlico,235,2,0,35.15253315,-76.66559823,37137.0,1846.6132327518467,0.851063829787234,233,233,2,0,231,231,12670,2,0,0,2,2
2020-09-22,US,North Carolina,Pasquotank,683,29,0,36.26723798,-76.25134778,37139.0,1715.0462032944959,4.24597364568082,654,677,29,0,648,677,39639,6,0,0,6,0
2020-09-22,US,North Carolina,Pender,907,5,0,34.52265624,-77.90352133,37141.0,1438.312718046305,0.5512679162072768,902,904,5,0,899,898,62162,3,0,0,3,6
2020-09-22,US,North Carolina,Perquimans,179,3,0,36.17847453,-76.40603143,37143.0,1329.5699324073387,1.675977653631285,176,177,3,0,174,177,13422,2,0,0,2,0
2020-09-22,US,North Carolina,Person,414,6,0,36.38989032,-78.97217358,37145.0,1048.366675107622,1.4492753623188406,408,410,6,0,404,407,39507,4,0,0,4,3
2020-09-22,US,North Carolina,Pitt,4609,27,0,35.59535426,-77.37353178,37147.0,2550.0437087118657,0.585810371013235,4582,4572,27,0,4545,4542,179914,37,0,0,37,30
2020-09-22,US,North Carolina,Polk,259,8,0,35.27820615,-82.16812354,37149.0,1249.7587338351668,3.088803088803089,251,258,8,0,250,257,20611,1,0,0,1,1
2020-09-22,US,North Carolina,Randolph,2687,51,0,35.71015088,-79.80570339,37151.0,1870.297284693075,1.8980275400074436,2636,2672,51,0,2621,2654,143351,15,0,0,15,18
2020-09-22,US,North Carolina,Richmond,931,14,0,35.00417719,-79.74491009,37153.0,2076.7806553793303,1.5037593984962403,917,911,13,0,898,898,44887,20,1,0,19,13
2020-09-22,US,North Carolina,Robeson,4263,72,0,34.64244496,-79.10250529999998,37155.0,3263.5406698564593,1.6889514426460241,4191,4252,72,0,4180,4235,131831,11,0,0,11,17
2020-09-22,US,North Carolina,Rockingham,1168,14,0,36.39593137,-79.77504841,37157.0,1283.375453246896,1.1986301369863013,1154,1158,13,0,1145,1150,90690,10,1,0,9,8
2020-09-22,US,North Carolina,Rowan,3213,88,0,35.64003916,-80.52446628,37159.0,2261.274703000957,2.7388733271086214,3125,3194,87,0,3107,3178,141262,19,1,0,18,16
2020-09-22,US,North Carolina,Rutherford,1134,22,0,35.40114178,-81.92112099,37161.0,1691.8050396097215,1.9400352733686064,1112,1119,22,0,1097,1111,66826,15,0,0,15,8
2020-09-22,US,North Carolina,Sampson,1765,24,0,34.98820368,-78.36914061,37163.0,2778.1712864585797,1.359773371104816,1741,1766,24,0,1742,1761,63626,-1,0,0,-1,5
2020-09-22,US,North Carolina,Scotland,968,12,0,34.8386299,-79.4757978,37165.0,2779.771989776872,1.2396694214876034,956,962,12,0,950,957,34810,6,0,0,6,5
2020-09-22,US,North Carolina,Stanly,1830,56,0,35.31647813,-80.25093221,37167.0,2913.7343565901347,3.0601092896174866,1774,1814,56,0,1758,1801,62075,16,0,0,16,13
2020-09-22,US,North Carolina,Stokes,413,3,0,36.4017975,-80.23893369,37169.0,905.8805465991096,0.7263922518159807,410,407,3,0,404,407,45467,6,0,0,6,0
2020-09-22,US,North Carolina,Surry,1277,21,0,36.41689489,-80.69102283,37171.0,1778.9727372776285,1.6444792482380581,1256,1275,21,0,1254,1275,71948,2,0,0,2,0
2020-09-22,US,North Carolina,Swain,139,3,0,35.48665845,-83.48748932,37173.0,974.0032233200196,2.1582733812949644,136,139,3,0,136,139,14245,0,0,0,0,0
2020-09-22,US,North Carolina,Transylvania,313,7,0,35.20383864,-82.79638423,37175.0,910.280645630362,2.236421725239617,306,303,7,0,296,302,34215,10,0,0,10,1
2020-09-22,US,North Carolina,Tyrrell,113,2,0,35.87147226,-76.17055253,37177.0,2813.7450199203186,1.7699115044247788,111,112,2,0,110,111,4131,1,0,0,1,1
2020-09-22,US,North Carolina,Union,4611,58,0,34.98960527,-80.52955873,37179.0,1922.379397896264,1.2578616352201255,4553,4581,58,0,4523,4567,235908,30,0,0,30,14
2020-09-22,US,North Carolina,Vance,1024,44,0,36.36880673,-78.40670845,37181.0,2299.315145391265,4.296875,980,1018,43,0,975,1017,44582,6,1,0,5,1
2020-09-22,US,North Carolina,Wake,17010,233,0,35.78879266,-78.65249174,37183.0,1530.0051000170001,1.369782480893592,16777,16943,228,0,16715,16880,1092305,67,5,0,62,63
2020-09-22,US,North Carolina,Warren,323,7,0,36.39728256,-78.10652228,37185.0,1637.0178906289593,2.1671826625387,316,316,7,0,309,316,19807,7,0,0,7,0
2020-09-22,US,North Carolina,Washington,200,8,0,35.83810081,-76.57299037,37187.0,1727.1157167530225,4.0,192,200,8,0,192,200,11859,0,0,0,0,0
2020-09-22,US,North Carolina,Watauga,603,1,0,36.23103603,-81.70033724,37189.0,1073.3930256154654,0.16583747927031509,602,595,1,0,594,589,55945,8,0,0,8,6
2020-09-22,US,North Carolina,Wayne,3192,66,0,35.36438125,-78.00027268,37191.0,2592.3609813938,2.0676691729323307,3126,3165,64,0,3101,3159,123248,27,2,0,25,6
2020-09-22,US,North Carolina,Wilkes,1172,32,0,36.2084135,-81.16232895,37193.0,1713.1497398117292,2.7303754266211606,1140,1160,32,0,1128,1157,68557,12,0,0,12,3
2020-09-22,US,North Carolina,Wilson,2116,47,0,35.70625477,-77.917978,37195.0,2586.7654429652453,2.22117202268431,2069,2094,46,0,2048,2073,81455,22,1,0,21,21
2020-09-22,US,North Carolina,Yadkin,713,7,0,36.16222629,-80.66239436,37197.0,1892.9036026229853,0.9817671809256662,706,711,7,0,704,709,37543,2,0,0,2,2
2020-09-22,US,North Carolina,Yancey,120,0,0,35.90079156,-82.31237181,37199.0,664.1208699983398,0.0,120,120,0,0,120,119,17903,0,0,0,0,1
2020-09-22,US,North Dakota,Adams,18,0,0,46.09686891,-102.5285397,38001.0,812.2743682310469,0.0,18,18,0,0,18,17,2294,0,0,0,0,1
2020-09-22,US,North Dakota,Barnes,214,0,0,46.93579637,-98.06605978,38003.0,2054.7287566010564,0.0,214,215,0,0,215,213,10542,-1,0,0,-1,2
2020-09-22,US,North Dakota,Benson,325,5,0,48.0683985,-99.35916363,38005.0,4757.025761124121,1.5384615384615383,320,322,5,0,317,320,6962,3,0,0,3,2
2020-09-22,US,North Dakota,Billings,15,0,0,47.02366884,-103.3762965,38007.0,1616.3793103448277,0.0,15,15,0,0,15,14,919,0,0,0,0,1
2020-09-22,US,North Dakota,Bottineau,51,0,0,48.79106111,-100.8378166,38009.0,811.8433619866286,0.0,51,48,0,0,48,47,6411,3,0,0,3,1
2020-09-22,US,North Dakota,Bowman,30,0,0,46.11285362,-103.5203343,38011.0,992.0634920634919,0.0,30,30,0,0,30,29,3076,0,0,0,0,1
2020-09-22,US,North Dakota,Burke,30,1,0,48.79094471,-102.51821170000001,38013.0,1418.4397163120568,3.333333333333333,29,28,1,0,27,28,2100,2,0,0,2,0
2020-09-22,US,North Dakota,Burleigh,3201,36,0,46.97847375,-100.46452140000001,38015.0,3347.415974734905,1.1246485473289598,3165,3121,36,0,3085,3080,95273,80,0,0,80,41
2020-09-22,US,North Dakota,Cass,4767,77,0,46.93201724,-97.24447190000001,38017.0,2620.3393743506867,1.6152716593245229,4690,4722,77,0,4645,4676,181516,45,0,0,45,46
2020-09-22,US,North Dakota,Cavalier,47,0,0,48.77286211,-98.46685243,38019.0,1249.3354598617755,0.0,47,47,0,0,47,46,3829,0,0,0,0,1
2020-09-22,US,North Dakota,Dickey,52,0,0,46.11017712,-98.50490079999999,38021.0,1067.3234811165846,0.0,52,50,0,0,50,48,4903,2,0,0,2,2
2020-09-22,US,North Dakota,Divide,6,0,0,48.814938700000006,-103.48736109999999,38023.0,265.01766784452303,0.0,6,6,0,0,6,6,2283,0,0,0,0,0
2020-09-22,US,North Dakota,Dunn,86,1,0,47.35423935,-102.61604679999999,38025.0,1943.942133815552,1.162790697674419,85,79,1,0,78,76,4332,7,0,0,7,3
2020-09-22,US,North Dakota,Eddy,62,3,0,47.71701474,-98.90432337,38027.0,2710.9750765194576,4.838709677419356,59,61,3,0,58,61,2313,1,0,0,1,0
2020-09-22,US,North Dakota,Emmons,127,1,0,46.28398398,-100.2389766,38029.0,3918.5436593643935,0.7874015748031497,126,127,1,0,126,116,3295,0,0,0,0,11
2020-09-22,US,North Dakota,Foster,58,0,0,47.457108399999996,-98.88279923,38031.0,1806.8535825545166,0.0,58,55,0,0,55,53,3216,3,0,0,3,2
2020-09-22,US,North Dakota,Golden Valley,41,0,0,46.94022281,-103.8465421,38033.0,2328.222600795003,0.0,41,41,0,0,41,41,1769,0,0,0,0,0
2020-09-22,US,North Dakota,Grand Forks,2110,13,0,47.92093639,-97.45450447,38035.0,3038.1132021137205,0.6161137440758294,2097,2099,12,0,2087,2058,70770,11,1,0,10,41
2020-09-22,US,North Dakota,Grant,12,0,0,46.35821257,-101.63900129999999,38037.0,527.7044854881267,0.0,12,12,0,0,12,12,2374,0,0,0,0,0
2020-09-22,US,North Dakota,Griggs,56,1,0,47.45785838,-98.23850925,38039.0,2510.085163603765,1.7857142857142858,55,54,1,0,53,50,2232,2,0,0,2,4
2020-09-22,US,North Dakota,Hettinger,55,0,0,46.43375068,-102.4632417,38041.0,2200.8803521408568,0.0,55,55,0,0,55,55,2514,0,0,0,0,0
2020-09-22,US,North Dakota,Kidder,42,0,0,46.97830064,-99.77507857,38043.0,1693.548387096774,0.0,42,41,0,0,41,41,2450,1,0,0,1,0
2020-09-22,US,North Dakota,LaMoure,45,0,0,46.45681054,-98.53542355,38045.0,1112.2095897182403,0.0,45,46,0,0,46,46,4062,-1,0,0,-1,0
2020-09-22,US,North Dakota,Logan,38,0,0,46.45729487,-99.47719806,38047.0,2054.054054054054,0.0,38,32,0,0,32,30,1903,6,0,0,6,2
2020-09-22,US,North Dakota,McHenry,56,1,0,48.23104458,-100.6324822,38049.0,974.7606614447343,1.7857142857142858,55,56,1,0,55,56,5816,0,0,0,0,0
2020-09-22,US,North Dakota,McIntosh,56,3,0,46.11182017,-99.44145858,38051.0,2242.6912294753706,5.357142857142857,53,54,3,0,51,53,2585,2,0,0,2,1
2020-09-22,US,North Dakota,McKenzie,187,2,0,47.74133370000001,-103.395905,38053.0,1244.6751863684774,1.0695187165775402,185,176,2,0,174,168,13632,11,0,0,11,8
2020-09-22,US,North Dakota,McLean,246,2,0,47.60766714,-101.3182418,38055.0,2603.1746031746034,0.8130081300813008,244,244,2,0,242,239,9541,2,0,0,2,5
2020-09-22,US,North Dakota,Mercer,120,0,0,47.31213126,-101.8318399,38057.0,1465.7383657017222,0.0,120,115,0,0,115,108,8267,5,0,0,5,7
2020-09-22,US,North Dakota,Morton,1125,18,0,46.71681782,-101.2822377,38059.0,3586.914934319603,1.6,1107,1089,17,0,1072,1072,31095,36,1,0,35,17
2020-09-22,US,North Dakota,Mountrail,223,2,0,48.20197971,-102.3555315,38061.0,2114.746325272641,0.8968609865470852,221,218,2,0,216,218,10218,5,0,0,5,0
2020-09-22,US,North Dakota,Nelson,42,0,0,47.9226426,-98.19038437,38063.0,1458.8398749565827,0.0,42,43,0,0,43,40,2869,-1,0,0,-1,3
2020-09-22,US,North Dakota,Oliver,19,0,0,47.11530482,-101.3406158,38065.0,969.8825931597754,0.0,19,19,0,0,19,19,1952,0,0,0,0,0
2020-09-22,US,North Dakota,Pembina,58,0,0,48.76623521,-97.5523809,38067.0,852.8157623878841,0.0,58,57,0,0,57,52,6947,1,0,0,1,5
2020-09-22,US,North Dakota,Pierce,31,0,0,48.24977025,-99.96407787,38069.0,779.874213836478,0.0,31,31,0,0,31,31,4081,0,0,0,0,0
2020-09-22,US,North Dakota,Ramsey,191,2,0,48.26886249,-98.72223879,38071.0,1658.1300460109385,1.0471204188481675,189,190,2,0,188,189,11481,1,0,0,1,1
2020-09-22,US,North Dakota,Ransom,74,0,0,46.45621782,-97.65742504,38073.0,1418.1678804139515,0.0,74,72,0,0,72,71,5237,2,0,0,2,1
2020-09-22,US,North Dakota,Renville,38,0,0,48.71982533,-101.6603912,38075.0,1633.0038676407391,0.0,38,39,0,0,39,39,2374,-1,0,0,-1,0
2020-09-22,US,North Dakota,Richland,210,1,0,46.26440649,-96.94852979,38077.0,1298.1393336218084,0.4761904761904762,209,209,1,0,208,208,16239,1,0,0,1,1
2020-09-22,US,North Dakota,Rolette,160,4,0,48.77245354,-99.84097493,38079.0,1128.668171557562,2.5,156,161,4,0,157,159,14301,-1,0,0,-1,2
2020-09-22,US,North Dakota,Sargent,56,0,0,46.10830372,-97.63217159,38081.0,1436.6341713699333,0.0,56,56,0,0,56,55,3870,0,0,0,0,1
2020-09-22,US,North Dakota,Sheridan,9,0,0,47.57700669,-100.3426391,38083.0,684.4106463878327,0.0,9,9,0,0,9,9,1349,0,0,0,0,0
2020-09-22,US,North Dakota,Sioux,141,3,0,46.11323337,-101.04401490000001,38085.0,3333.333333333333,2.127659574468085,138,142,3,0,139,142,4358,-1,0,0,-1,0
2020-09-22,US,North Dakota,Slope,7,0,0,46.44737738,-103.4601547,38087.0,933.3333333333336,0.0,7,7,0,0,7,7,763,0,0,0,0,0
2020-09-22,US,North Dakota,Stark,1366,6,0,46.80851182,-102.65763259999999,38089.0,4338.022801613261,0.43923865300146414,1360,1348,6,0,1342,1331,30997,18,0,0,18,17
2020-09-22,US,North Dakota,Steele,28,0,0,47.45611548,-97.72728747,38091.0,1481.4814814814815,0.0,28,28,0,0,28,27,1903,0,0,0,0,1
2020-09-22,US,North Dakota,Stutsman,494,3,0,46.97962541,-98.95637318,38093.0,2386.0123647604332,0.6072874493927125,491,492,3,0,489,479,20917,2,0,0,2,13
2020-09-22,US,North Dakota,Towner,13,0,0,48.68565745,-99.24564265,38095.0,593.8784833257196,0.0,13,12,0,0,12,12,2192,1,0,0,1,0
2020-09-22,US,North Dakota,Traill,104,0,0,47.45367788,-97.16323288,38097.0,1294.1762070681932,0.0,104,100,0,0,100,98,8037,4,0,0,4,2
2020-09-22,US,North Dakota,Walsh,170,1,0,48.36876964,-97.72574783,38099.0,1597.5942110703882,0.5882352941176471,169,170,1,0,169,170,10667,0,0,0,0,0
2020-09-22,US,North Dakota,Ward,915,4,0,48.22390169,-101.54367629999999,38101.0,1352.729853195547,0.4371584699453552,911,913,4,0,909,898,67744,2,0,0,2,15
2020-09-22,US,North Dakota,Wells,33,0,0,47.58614526,-99.65904998,38103.0,860.7198748043819,0.0,33,34,0,0,34,34,3957,-1,0,0,-1,0
2020-09-22,US,North Dakota,Williams,848,6,0,48.34522353,-103.4793387,38105.0,2255.97914283434,0.7075471698113207,842,836,5,0,831,811,35350,12,1,0,11,25
2020-09-22,US,Ohio,Adams,123,4,0,38.84541072,-83.4718964,39001.0,444.0753845042963,3.2520325203252027,119,121,4,0,117,121,27724,2,0,0,2,0
2020-09-22,US,Ohio,Allen,1388,69,0,40.77285242,-84.10802343,39003.0,1356.1176734961066,4.9711815561959645,1319,1378,68,0,1310,1367,102663,10,1,0,9,11
2020-09-22,US,Ohio,Ashland,224,4,0,40.84772277,-82.27280781,39005.0,418.81684242016297,1.7857142857142858,220,222,4,0,218,223,53745,2,0,0,2,-1
2020-09-22,US,Ohio,Ashtabula,651,48,0,41.70860332,-80.74830218,39007.0,669.4706965169013,7.3732718894009235,603,651,48,0,603,643,97493,0,0,0,0,8
2020-09-22,US,Ohio,Athens,629,2,0,39.33425634,-82.04278644,39009.0,962.8484393895328,0.3179650238473768,627,616,2,0,614,597,65818,13,0,0,13,19
2020-09-22,US,Ohio,Auglaize,570,9,0,40.55998859,-84.22421429999999,39011.0,1248.4667951638341,1.5789473684210529,561,568,9,0,559,565,45804,2,0,0,2,3
2020-09-22,US,Ohio,Belmont,712,27,0,40.01625942,-80.9924051,39013.0,1062.5914097245022,3.792134831460674,685,710,27,0,683,707,67505,2,0,0,2,3
2020-09-22,US,Ohio,Brown,281,2,0,38.93416837,-83.86788395,39015.0,646.9883956529748,0.7117437722419929,279,277,2,0,275,275,43602,4,0,0,4,2
2020-09-22,US,Ohio,Butler,5727,102,0,39.44012838,-84.57388716,39017.0,1494.7772841877775,1.78103719224725,5625,5693,99,0,5594,5632,382378,34,3,0,31,61
2020-09-22,US,Ohio,Carroll,151,7,0,40.578968599999996,-81.09178213,39019.0,561.0462956082337,4.635761589403972,144,151,7,0,144,150,27081,0,0,0,0,1
2020-09-22,US,Ohio,Champaign,294,3,0,40.13923427,-83.76875242,39021.0,756.0756075607561,1.020408163265306,291,294,3,0,291,293,38754,0,0,0,0,1
2020-09-22,US,Ohio,Clark,1759,38,0,39.91592258,-83.78498252,39023.0,1311.8739884996608,2.160318362706083,1721,1742,38,0,1704,1723,134585,17,0,0,17,19
2020-09-22,US,Ohio,Clermont,1655,20,0,39.04847534,-84.15375786,39025.0,801.7323231344585,1.2084592145015105,1635,1640,20,0,1620,1626,205466,15,0,0,15,14
2020-09-22,US,Ohio,Clinton,282,13,0,39.41485808,-83.80852286,39027.0,671.9405261151353,4.609929078014185,269,281,13,0,268,278,42057,1,0,0,1,3
2020-09-22,US,Ohio,Columbiana,1921,80,0,40.76932373,-80.78094576,39029.0,1885.496108281068,4.1644976574700685,1841,1920,80,0,1840,1919,102665,1,0,0,1,1
2020-09-22,US,Ohio,Coshocton,231,11,0,40.30096166,-81.91729018,39031.0,631.1475409836065,4.761904761904762,220,230,11,0,219,230,36629,1,0,0,1,0
2020-09-22,US,Ohio,Crawford,227,6,0,40.85065156,-82.91989099,39033.0,547.0670458379525,2.643171806167401,221,222,6,0,216,218,41550,5,0,0,5,4
2020-09-22,US,Ohio,Cuyahoga,17196,644,0,41.424119,-81.65918339,39035.0,1392.3074930044565,3.7450569899976736,16552,17155,644,0,16511,17092,1243857,41,0,0,41,63
2020-09-22,US,Ohio,Darke,768,39,0,40.13412966,-84.6194517,39037.0,1502.5531665134115,5.078125,729,766,39,0,727,760,51323,2,0,0,2,6
2020-09-22,US,Ohio,Defiance,287,10,0,41.32398837,-84.49076944,39039.0,753.5379525822459,3.484320557491289,277,283,10,0,273,281,38165,4,0,0,4,2
2020-09-22,US,Ohio,Delaware,2166,20,0,40.27942393,-83.00457058,39041.0,1035.4866930876722,0.9233610341643582,2146,2156,20,0,2136,2135,204826,10,0,0,10,21
2020-09-22,US,Ohio,Erie,912,44,0,41.36796058,-82.62904521,39043.0,1228.0182048312822,4.824561403508771,868,901,44,0,857,899,74615,11,0,0,11,2
2020-09-22,US,Ohio,Fairfield,2038,50,0,39.75107189,-82.63088163,39045.0,1293.3605797910825,2.4533856722276743,1988,2030,50,0,1980,2020,155782,8,0,0,8,10
2020-09-22,US,Ohio,Fayette,226,6,0,39.56021306,-83.4562016,39047.0,792.2874671340927,2.6548672566371683,220,226,6,0,220,225,28666,0,0,0,0,1
2020-09-22,US,Ohio,Franklin,26242,603,0,39.96995815,-83.01115755,39049.0,1992.9280747534087,2.297843152198765,25639,26134,603,0,25531,25977,1310300,108,0,0,108,157
2020-09-22,US,Ohio,Fulton,237,1,0,41.60213491,-84.12571393,39051.0,562.5979205241418,0.4219409282700422,236,237,1,0,236,234,42276,0,0,0,0,3
2020-09-22,US,Ohio,Gallia,186,12,0,38.82708533,-82.31647569,39053.0,622.1151916516155,6.451612903225807,174,184,12,0,172,180,29979,2,0,0,2,4
2020-09-22,US,Ohio,Geauga,705,47,0,41.49952319,-81.17935342,39055.0,752.811028414612,6.666666666666668,658,705,47,0,658,703,94031,0,0,0,0,2
2020-09-22,US,Ohio,Greene,1376,32,0,39.69116283,-83.89032084,39057.0,814.504815404559,2.3255813953488373,1344,1367,28,0,1339,1352,167995,9,4,0,5,15
2020-09-22,US,Ohio,Guernsey,157,8,0,40.05026529,-81.49248905,39059.0,403.85852090032165,5.095541401273885,149,156,7,0,149,156,39022,1,1,0,0,0
2020-09-22,US,Ohio,Hamilton,12850,309,0,39.19673558,-84.54502924,39061.0,1571.9173599617354,2.404669260700389,12541,12786,309,0,12477,12756,816684,64,0,0,64,30
2020-09-22,US,Ohio,Hancock,674,10,0,41.00250487,-83.66838948,39063.0,889.381523560693,1.483679525222552,664,664,9,0,655,657,75930,10,1,0,9,7
2020-09-22,US,Ohio,Hardin,250,13,0,40.66015414,-83.65929931,39065.0,797.0667941973538,5.2,237,250,13,0,237,250,31480,0,0,0,0,0
2020-09-22,US,Ohio,Harrison,62,2,0,40.29380509,-81.09068544,39067.0,412.2340425531915,3.2258064516129035,60,62,2,0,60,61,15174,0,0,0,0,1
2020-09-22,US,Ohio,Henry,300,12,0,41.333964200000004,-84.06830637,39069.0,1110.8642523883584,4.0,288,299,12,0,287,297,27086,1,0,0,1,2
2020-09-22,US,Ohio,Highland,220,3,0,39.1839264,-83.60331456,39071.0,509.71942262690857,1.3636363636363635,217,220,3,0,217,220,43058,0,0,0,0,0
2020-09-22,US,Ohio,Hocking,161,9,0,39.49537927,-82.47991446,39073.0,569.6292103028587,5.590062111801243,152,161,9,0,152,161,28385,0,0,0,0,0
2020-09-22,US,Ohio,Holmes,377,7,0,40.56163713,-81.92635677,39075.0,857.5978161965422,1.856763925729443,370,375,7,0,368,371,43892,2,0,0,2,4
2020-09-22,US,Ohio,Huron,533,7,0,41.14651175,-82.59867951,39077.0,914.7701918786256,1.3133208255159474,526,530,7,0,523,523,58504,3,0,0,3,7
2020-09-22,US,Ohio,Jackson,234,4,0,39.01914254,-82.61818559999998,39079.0,721.9325579242897,1.709401709401709,230,233,4,0,229,231,32384,1,0,0,1,2
2020-09-22,US,Ohio,Jefferson,328,4,0,40.38614126,-80.76259514,39081.0,502.1048603138156,1.2195121951219512,324,324,4,0,320,318,65767,4,0,0,4,6
2020-09-22,US,Ohio,Knox,280,15,0,40.39830217,-82.42027563,39083.0,449.2795481531401,5.357142857142857,265,279,15,0,264,278,61893,1,0,0,1,1
2020-09-22,US,Ohio,Lake,1586,49,0,41.69710807,-81.23676539,39085.0,689.1187882632555,3.08953341740227,1537,1581,49,0,1532,1576,230514,5,0,0,5,5
2020-09-22,US,Ohio,Lawrence,616,18,0,38.59743452,-82.53466552,39087.0,1035.9383145821769,2.9220779220779223,598,604,18,0,586,594,59866,12,0,0,12,10
2020-09-22,US,Ohio,Licking,1875,62,0,40.09136236,-82.48185785,39089.0,1060.148590426434,3.306666666666666,1813,1868,62,0,1806,1857,175769,7,0,0,7,11
2020-09-22,US,Ohio,Logan,301,3,0,40.38996525,-83.76784341,39091.0,659.0471185846908,0.9966777408637874,298,297,3,0,294,293,45358,4,0,0,4,4
2020-09-22,US,Ohio,Lorain,2277,86,0,41.29553751,-82.15083537,39093.0,734.9120332566254,3.776899429073342,2191,2277,86,0,2191,2263,309461,0,0,0,0,14
2020-09-22,US,Ohio,Lucas,7187,358,0,41.62101218,-83.65468618,39095.0,1677.841381306788,4.9812160845971905,6829,7149,357,0,6792,7119,429899,38,1,0,37,30
2020-09-22,US,Ohio,Madison,787,12,0,39.89381073,-83.40178317,39097.0,1759.40622834276,1.5247776365946633,775,780,12,0,768,780,44413,7,0,0,7,0
2020-09-22,US,Ohio,Mahoning,3002,279,0,41.01631101,-80.77287029,39099.0,1312.7342216080776,9.293804130579613,2723,3003,279,0,2724,2991,229642,-1,0,0,-1,12
2020-09-22,US,Ohio,Marion,3072,47,0,40.58610662,-83.15736305,39101.0,4719.4014717404325,1.5299479166666667,3025,3068,47,0,3021,3063,65256,4,0,0,4,5
2020-09-22,US,Ohio,Medina,1439,39,0,41.11770589,-81.89986209999998,39103.0,800.5741435136247,2.710215427380125,1400,1432,39,0,1393,1430,179146,7,0,0,7,2
2020-09-22,US,Ohio,Meigs,172,10,0,39.09224872,-82.0305041,39105.0,750.8621818658052,5.813953488372092,162,172,10,0,162,172,23106,0,0,0,0,0
2020-09-22,US,Ohio,Mercer,1077,17,0,40.54043046,-84.62912742,39107.0,2615.855435733023,1.5784586815227484,1060,1065,17,0,1048,1053,40959,12,0,0,12,12
2020-09-22,US,Ohio,Miami,1380,49,0,40.0543329,-84.22871271,39109.0,1289.8763401160886,3.5507246376811588,1331,1359,49,0,1310,1350,106222,21,0,0,21,9
2020-09-22,US,Ohio,Monroe,109,18,0,39.72984936,-81.08464734,39111.0,798.3008642156145,16.513761467889907,91,108,18,0,90,106,13790,1,0,0,1,2
2020-09-22,US,Ohio,Montgomery,7583,152,0,39.75394919,-84.29050975,39113.0,1426.215047574983,2.0044837135698272,7431,7540,152,0,7388,7501,532331,43,0,0,43,39
2020-09-22,US,Ohio,Morgan,47,0,0,39.62081738,-81.85308173,39115.0,323.9591949269368,0.0,47,47,0,0,47,47,14604,0,0,0,0,0
2020-09-22,US,Ohio,Morrow,252,2,0,40.52363560000001,-82.7892599,39117.0,713.3152173913044,0.7936507936507936,250,250,2,0,248,249,35112,2,0,0,2,1
2020-09-22,US,Ohio,Muskingum,380,2,0,39.96575964,-81.94363275,39119.0,440.7585686945427,0.5263157894736842,378,379,2,0,377,371,86183,1,0,0,1,8
2020-09-22,US,Ohio,Noble,27,0,0,39.76818851,-81.45937183,39121.0,187.1880199667221,0.0,27,27,0,0,27,27,14354,0,0,0,0,0
2020-09-22,US,Ohio,Ottawa,466,30,0,41.53781826,-83.0940185,39123.0,1149.907464528069,6.437768240343348,436,466,30,0,436,465,40769,0,0,0,0,1
2020-09-22,US,Ohio,Paulding,105,0,0,41.11676341,-84.5801017,39125.0,562.3393316195372,0.0,105,103,0,0,103,101,18760,2,0,0,2,2
2020-09-22,US,Ohio,Perry,288,9,0,39.73508655,-82.23804971,39127.0,797.0332650689102,3.125,279,288,9,0,279,285,36033,0,0,0,0,3
2020-09-22,US,Ohio,Pickaway,2634,44,0,39.64170392,-83.0243386,39129.0,4505.87611406675,1.6704631738800304,2590,2634,44,0,2590,2633,58086,0,0,0,0,1
2020-09-22,US,Ohio,Pike,167,0,0,39.07634001,-83.06769584,39131.0,601.3250756157281,0.0,167,161,0,0,161,158,28067,6,0,0,6,3
2020-09-22,US,Ohio,Portage,1094,66,0,41.16793482,-81.19735782,39133.0,673.371659301023,6.032906764168191,1028,1086,66,0,1020,1074,162927,8,0,0,8,12
2020-09-22,US,Ohio,Preble,422,13,0,39.7420247,-84.64787018,39135.0,1032.2391272442642,3.080568720379147,409,420,13,0,407,420,40997,2,0,0,2,0
2020-09-22,US,Ohio,Putnam,558,23,0,41.02094889,-84.1336111,39137.0,1647.9135288384866,4.121863799283154,535,548,23,0,525,541,33780,10,0,0,10,7
2020-09-22,US,Ohio,Richland,808,19,0,40.77180308,-82.53799609999999,39139.0,666.9197880383642,2.351485148514852,789,804,19,0,785,784,121099,4,0,0,4,20
2020-09-22,US,Ohio,Ross,861,23,0,39.33705391,-83.06000914,39141.0,1123.0532439412516,2.671312427409988,838,856,22,0,834,856,76931,5,1,0,4,0
2020-09-22,US,Ohio,Sandusky,555,20,0,41.35624126,-83.137872,39143.0,948.4261252947812,3.603603603603604,535,555,20,0,535,554,58799,0,0,0,0,1
2020-09-22,US,Ohio,Scioto,474,6,0,38.80270163,-82.98907345,39145.0,629.3650582892955,1.2658227848101269,468,466,6,0,460,464,75502,8,0,0,8,2
2020-09-22,US,Ohio,Seneca,453,14,0,41.12351311,-83.12783209,39147.0,820.9793758381962,3.0905077262693155,439,448,14,0,434,439,55207,5,0,0,5,9
2020-09-22,US,Ohio,Shelby,590,9,0,40.33163494,-84.20258189,39149.0,1214.2416135007206,1.5254237288135593,581,587,9,0,578,581,48627,3,0,0,3,6
2020-09-22,US,Ohio,Stark,2771,168,0,40.81482476,-81.36437305,39151.0,747.6943168756038,6.062793215445688,2603,2757,168,0,2589,2739,371574,14,0,0,14,18
2020-09-22,US,Ohio,Summit,5172,249,0,41.12464734,-81.53123079,39153.0,955.9844218161116,4.814385150812066,4923,5149,249,0,4900,5096,541918,23,0,0,23,53
2020-09-22,US,Ohio,Trumbull,1852,131,0,41.31735028,-80.76109643,39155.0,935.476375685696,7.073434125269978,1721,1853,131,0,1722,1848,198627,-1,0,0,-1,5
2020-09-22,US,Ohio,Tuscarawas,916,20,0,40.44214695,-81.47226262,39157.0,995.7928837770554,2.183406113537118,896,917,20,0,897,912,92176,-1,0,0,-1,5
2020-09-22,US,Ohio,Union,500,2,0,40.30016061,-83.37239023,39159.0,847.6300264460568,0.4,498,496,2,0,494,493,57835,4,0,0,4,3
2020-09-22,US,Ohio,Van Wert,114,3,0,40.8554138,-84.59111700000003,39161.0,403.18302387267914,2.631578947368421,111,114,3,0,111,111,28281,0,0,0,0,3
2020-09-22,US,Ohio,Vinton,45,3,0,39.25208988,-82.4831444,39163.0,343.90523500191057,6.666666666666668,42,45,3,0,42,45,13139,0,0,0,0,0
2020-09-22,US,Ohio,Warren,2947,48,0,39.42581994,-84.16557457,39165.0,1256.1700241259664,1.6287750254496098,2899,2927,48,0,2879,2910,232173,20,0,0,20,17
2020-09-22,US,Ohio,Washington,251,23,0,39.45690571,-81.49121382,39167.0,418.9547829280099,9.163346613545816,228,250,23,0,227,248,60155,1,0,0,1,2
2020-09-22,US,Ohio,Wayne,908,66,0,40.82925852,-81.88844833,39169.0,784.7204217440152,7.268722466960352,842,905,66,0,839,901,115967,3,0,0,3,4
2020-09-22,US,Ohio,Williams,201,3,0,41.56052014,-84.58429552,39171.0,547.8033358770305,1.492537313432836,198,199,3,0,196,198,36804,2,0,0,2,1
2020-09-22,US,Ohio,Wood,1737,72,0,41.36224827,-83.62285108,39173.0,1327.8090768019447,4.1450777202072535,1665,1725,72,0,1653,1706,130696,12,0,0,12,19
2020-09-22,US,Ohio,Wyandot,202,12,0,40.84339621,-83.30734173,39175.0,927.797170677935,5.9405940594059405,190,201,12,0,189,201,21935,1,0,0,1,0
2020-09-22,US,Oklahoma,Adair,590,10,0,35.88494195,-94.65859267,40001.0,2658.3761376948723,1.6949152542372878,580,581,10,0,571,580,22082,9,0,0,9,1
2020-09-22,US,Oklahoma,Alfalfa,61,0,0,36.73090616,-98.32408495,40003.0,1069.8000701508242,0.0,61,59,0,0,59,59,5754,2,0,0,2,0
2020-09-22,US,Oklahoma,Atoka,281,1,0,34.37366573,-96.03802487,40005.0,2042.4480302369527,0.3558718861209965,280,269,1,0,268,269,13838,12,0,0,12,0
2020-09-22,US,Oklahoma,Beaver,49,0,0,36.7496847,-100.4758872,40007.0,922.6134437958954,0.0,49,48,0,0,48,48,5319,1,0,0,1,0
2020-09-22,US,Oklahoma,Beckham,326,1,0,35.26862449,-99.68128023,40009.0,1491.3765497049274,0.3067484662576687,325,307,1,0,306,295,21709,19,0,0,19,12
2020-09-22,US,Oklahoma,Blaine,115,1,0,35.87518314,-98.43307003,40011.0,1219.6415314455405,0.8695652173913043,114,113,1,0,112,110,9485,2,0,0,2,3
2020-09-22,US,Oklahoma,Bryan,864,4,0,33.96472458,-96.25903472,40013.0,1800.1875195332846,0.462962962962963,860,833,4,0,829,823,47192,31,0,0,31,10
2020-09-22,US,Oklahoma,Caddo,714,20,0,35.17364557,-98.37534464,40015.0,2482.442111118837,2.8011204481792715,694,701,20,0,681,696,28977,13,0,0,13,5
2020-09-22,US,Oklahoma,Canadian,2044,17,0,35.5426055,-97.98465569,40017.0,1378.2314943427778,0.8317025440313112,2027,1998,16,0,1982,1951,144447,46,1,0,45,47
2020-09-22,US,Oklahoma,Carter,520,8,0,34.25103751,-97.28552485,40019.0,1080.833904928187,1.5384615384615383,512,511,8,0,503,507,48177,9,0,0,9,4
2020-09-22,US,Oklahoma,Cherokee,1025,7,0,35.90692775,-94.99980896,40021.0,2106.58281439464,0.6829268292682927,1018,995,7,0,988,999,48675,30,0,0,30,-4
2020-09-22,US,Oklahoma,Choctaw,305,2,0,34.02807439,-95.54771129,40023.0,2078.7895310796075,0.6557377049180327,303,306,2,0,304,299,14668,-1,0,0,-1,7
2020-09-22,US,Oklahoma,Cimarron,23,0,0,36.74817177,-102.5173885,40025.0,1076.2751520823583,0.0,23,23,0,0,23,23,2153,0,0,0,0,0
2020-09-22,US,Oklahoma,Cleveland,5658,68,0,35.20413532,-97.32519562,40027.0,1992.1553162872253,1.2018381053375748,5590,5620,68,0,5552,5559,281669,38,0,0,38,61
2020-09-22,US,Oklahoma,Coal,71,0,0,34.58840127,-96.29798747,40029.0,1292.083712465878,0.0,71,70,0,0,70,70,5520,1,0,0,1,0
2020-09-22,US,Oklahoma,Comanche,1509,12,0,34.65973764,-98.47195055,40031.0,1249.6997904744553,0.7952286282306164,1497,1492,12,0,1480,1481,120422,17,0,0,17,11
2020-09-22,US,Oklahoma,Cotton,66,3,0,34.28845626,-98.37053567,40033.0,1164.8429226967878,4.545454545454546,63,65,3,0,62,65,5776,1,0,0,1,0
2020-09-22,US,Oklahoma,Craig,492,1,0,36.76268118,-95.20916602,40035.0,3478.998727195588,0.2032520325203252,491,493,1,0,492,497,14306,-1,0,0,-1,-4
2020-09-22,US,Oklahoma,Creek,1083,32,0,35.90230551,-96.37086028,40037.0,1514.2194010234616,2.9547553093259467,1051,1067,30,0,1037,1061,71604,16,2,0,14,6
2020-09-22,US,Oklahoma,Custer,560,0,0,35.63853802,-99.00170785,40039.0,1930.8347412336648,0.0,560,505,0,0,505,493,29036,55,0,0,55,12
2020-09-22,US,Oklahoma,Delaware,697,23,0,36.40823634,-94.80325046,40041.0,1620.5910390848428,3.2998565279770444,674,683,23,0,660,683,42733,14,0,0,14,0
2020-09-22,US,Oklahoma,Dewey,60,1,0,35.98772922,-99.00730714,40043.0,1226.742997342057,1.6666666666666667,59,60,1,0,59,59,4894,0,0,0,0,1
2020-09-22,US,Oklahoma,Ellis,11,0,0,36.218019399999996,-99.75324573,40045.0,285.0479398807981,0.0,11,11,0,0,11,11,3952,0,0,0,0,0
2020-09-22,US,Oklahoma,Garfield,1526,18,0,36.3791334,-97.78265517,40047.0,2499.344863731656,1.1795543905635648,1508,1504,18,0,1486,1476,60913,22,0,0,22,28
2020-09-22,US,Oklahoma,Garvin,347,4,0,34.70418038,-97.30811132,40049.0,1252.2103135938796,1.1527377521613833,343,341,5,0,336,336,27811,6,-1,0,7,5
2020-09-22,US,Oklahoma,Grady,936,11,0,35.0167709,-97.88339847,40051.0,1676.3978937564925,1.1752136752136753,925,897,10,0,887,876,55551,39,1,0,38,21
2020-09-22,US,Oklahoma,Grant,40,0,0,36.796296999999996,-97.78638765,40053.0,923.1479344564966,0.0,40,40,0,0,40,39,4326,0,0,0,0,1
2020-09-22,US,Oklahoma,Greer,105,8,0,34.93535801,-99.56056120000001,40055.0,1838.235294117647,7.6190476190476195,97,104,8,0,96,104,5821,1,0,0,1,0
2020-09-22,US,Oklahoma,Harmon,43,0,0,34.7440135,-99.84741652,40057.0,1620.8066339992456,0.0,43,43,0,0,43,43,2664,0,0,0,0,0
2020-09-22,US,Oklahoma,Harper,26,1,0,36.78836519,-99.6679804,40059.0,704.9891540130153,3.8461538461538463,25,26,1,0,25,26,3797,0,0,0,0,0
2020-09-22,US,Oklahoma,Haskell,266,4,0,35.22257600000001,-95.11513306,40061.0,2106.5969747366753,1.5037593984962403,262,257,4,0,253,254,12668,9,0,0,9,3
2020-09-22,US,Oklahoma,Hughes,288,4,0,35.04912569,-96.24921145,40063.0,2168.8380149107616,1.3888888888888888,284,280,4,0,276,277,13335,8,0,0,8,3
2020-09-22,US,Oklahoma,Jackson,709,10,0,34.58781741,-99.41138784,40065.0,2890.338361190379,1.4104372355430184,699,702,10,0,692,699,24949,7,0,0,7,3
2020-09-22,US,Oklahoma,Jefferson,42,0,0,34.11130184,-97.83182974,40067.0,699.7667444185272,0.0,42,42,0,0,42,42,6123,0,0,0,0,0
2020-09-22,US,Oklahoma,Johnston,150,4,0,34.31440473,-96.66011537,40069.0,1353.1799729364004,2.6666666666666665,146,145,4,0,141,138,10949,5,0,0,5,7
2020-09-22,US,Oklahoma,Kay,531,13,0,36.81799745,-97.14421435,40071.0,1219.6242362993248,2.4482109227871938,518,511,13,0,498,500,44161,20,0,0,20,11
2020-09-22,US,Oklahoma,Kingfisher,328,2,0,35.94530008,-97.94193268,40073.0,2080.558198541072,0.6097560975609756,326,323,2,0,321,321,15816,5,0,0,5,2
2020-09-22,US,Oklahoma,Kiowa,68,2,0,34.91671958,-98.97720696,40075.0,780.8911345888838,2.9411764705882355,66,67,2,0,65,66,8729,1,0,0,1,1
2020-09-22,US,Oklahoma,Latimer,130,2,0,34.87844729,-95.25215049,40077.0,1290.5787749429167,1.5384615384615383,128,129,2,0,127,129,10231,1,0,0,1,0
2020-09-22,US,Oklahoma,Le Flore,1031,17,0,34.89851864,-94.70392124,40079.0,2068.0801556576334,1.6488845780795345,1014,1011,17,0,994,992,49980,20,0,0,20,19
2020-09-22,US,Oklahoma,Lincoln,398,10,0,35.70270942,-96.8812462,40081.0,1141.1531955156693,2.512562814070352,388,394,10,0,384,392,34920,4,0,0,4,2
2020-09-22,US,Oklahoma,Logan,422,1,0,35.91899576,-97.44352845,40083.0,878.9652371331572,0.23696682464454974,421,410,1,0,409,397,47291,12,0,0,12,13
2020-09-22,US,Oklahoma,Love,169,1,0,33.95273467,-97.23906784,40085.0,1648.2980591046523,0.591715976331361,168,165,1,0,164,164,10134,4,0,0,4,1
2020-09-22,US,Oklahoma,Major,80,1,0,36.31149996,-98.53467076,40093.0,1048.6302267662866,1.25,79,76,1,0,75,70,7644,4,0,0,4,6
2020-09-22,US,Oklahoma,Marshall,173,1,0,34.02311222,-96.76855464,40095.0,1021.7943417400037,0.5780346820809249,172,171,1,0,170,171,16806,2,0,0,2,0
2020-09-22,US,Oklahoma,Mayes,562,11,0,36.30179091,-95.23175116,40097.0,1367.396593673966,1.9572953736654803,551,542,10,0,532,537,41107,20,1,0,19,5
2020-09-22,US,Oklahoma,McClain,799,7,0,35.01123903,-97.44572302,40087.0,1974.1068340169,0.8760951188986232,792,779,6,0,773,778,39985,20,1,0,19,1
2020-09-22,US,Oklahoma,McCurtain,1238,34,0,34.11664328,-94.77222373,40089.0,3770.711500974659,2.7463651050080777,1204,1230,33,0,1197,1222,32703,8,1,0,7,8
2020-09-22,US,Oklahoma,McIntosh,298,4,0,35.37235506,-95.66599306,40091.0,1520.7185139824453,1.342281879194631,294,294,4,0,290,293,19815,4,0,0,4,1
2020-09-22,US,Oklahoma,Murray,119,1,0,34.48116015,-97.06826283,40099.0,845.5908477225894,0.8403361344537815,118,116,1,0,115,114,13953,3,0,0,3,2
2020-09-22,US,Oklahoma,Muskogee,1723,21,0,35.61318461,-95.37802952,40101.0,2533.935320675912,1.2188044109112013,1702,1696,21,0,1675,1686,68362,27,0,0,27,10
2020-09-22,US,Oklahoma,Noble,143,2,0,36.38953329,-97.22928674,40103.0,1284.700386308508,1.3986013986013983,141,141,2,0,139,140,11289,2,0,0,2,1
2020-09-22,US,Oklahoma,Nowata,134,3,0,36.79843529,-95.61902331,40105.0,1329.8928146089718,2.238805970149253,131,133,3,0,130,133,10218,1,0,0,1,0
2020-09-22,US,Oklahoma,Okfuskee,133,4,0,35.46485198,-96.32639984,40107.0,1108.9802384724424,3.0075187969924815,129,128,4,0,124,127,12098,5,0,0,5,1
2020-09-22,US,Oklahoma,Oklahoma,16961,185,0,35.55140095,-97.40716948,40109.0,2126.9471830897605,1.0907375744354697,16776,16749,183,0,16566,16560,792582,212,2,0,210,189
2020-09-22,US,Oklahoma,Okmulgee,791,5,0,35.64661916,-95.96432828,40111.0,2056.4149226569607,0.6321112515802781,786,775,5,0,770,771,38335,16,0,0,16,4
2020-09-22,US,Oklahoma,Osage,796,13,0,36.62888819,-96.39635704,40113.0,1694.9513446755955,1.6331658291457287,783,784,13,0,771,779,47014,12,0,0,12,5
2020-09-22,US,Oklahoma,Ottawa,805,4,0,36.83532655,-94.81011909,40115.0,2586.17920133646,0.4968944099378882,801,786,4,0,782,786,31175,19,0,0,19,0
2020-09-22,US,Oklahoma,Pawnee,245,3,0,36.31743373,-96.70331759999999,40117.0,1496.0918417195896,1.2244897959183674,242,243,3,0,240,243,16390,2,0,0,2,0
2020-09-22,US,Oklahoma,Payne,2080,6,0,36.07695283,-96.97584944,40119.0,2543.2847500733637,0.28846153846153844,2074,2065,6,0,2059,2042,82040,15,0,0,15,23
2020-09-22,US,Oklahoma,Pittsburg,895,19,0,34.92065823,-95.75134320000001,40121.0,2050.2130388967794,2.122905027932961,876,894,19,0,875,865,43877,1,0,0,1,29
2020-09-22,US,Oklahoma,Pontotoc,361,3,0,34.72959848,-96.68337199,40123.0,942.952669522516,0.8310249307479224,358,353,3,0,350,350,38247,8,0,0,8,3
2020-09-22,US,Oklahoma,Pottawatomie,1234,9,0,35.20614018,-96.94923008,40125.0,1699.9118360149878,0.7293354943273906,1225,1217,9,0,1208,1203,72679,17,0,0,17,14
2020-09-22,US,Oklahoma,Pushmataha,149,1,0,34.41635232,-95.37603505,40127.0,1342.8262436914204,0.6711409395973155,148,148,1,0,147,147,11179,1,0,0,1,1
2020-09-22,US,Oklahoma,Roger Mills,35,1,0,35.68711719,-99.69666167,40129.0,976.8350544236673,2.8571428571428568,34,28,1,0,27,28,3656,7,0,0,7,0
2020-09-22,US,Oklahoma,Rogers,1729,49,0,36.37004357,-95.60406759,40131.0,1870.01806205994,2.8340080971659916,1680,1683,48,0,1635,1671,91984,46,1,0,45,12
2020-09-22,US,Oklahoma,Seminole,414,6,0,35.16478725,-96.61686741,40133.0,1706.6534751422214,1.4492753623188406,408,409,5,0,404,408,24578,5,1,0,4,1
2020-09-22,US,Oklahoma,Sequoyah,815,11,0,35.49447108,-94.75463785,40135.0,1960.5956361711853,1.3496932515337423,804,804,11,0,793,792,41179,11,0,0,11,12
2020-09-22,US,Oklahoma,Stephens,389,5,0,34.48556989,-97.85141892,40137.0,901.6526435342928,1.2853470437017995,384,378,5,0,373,376,43265,11,0,0,11,2
2020-09-22,US,Oklahoma,Texas,1436,8,0,36.74777635,-101.4889765,40139.0,7186.108191963169,0.5571030640668524,1428,1425,8,0,1417,1412,20455,11,0,0,11,13
2020-09-22,US,Oklahoma,Tillman,82,2,0,34.37288446,-98.92426619,40141.0,1131.0344827586207,2.4390243902439024,80,81,2,0,79,81,7348,1,0,0,1,0
2020-09-22,US,Oklahoma,Tulsa,16207,153,0,36.11939621,-95.94013939,40143.0,2487.445361229802,0.9440365274264206,16054,16034,152,0,15882,15975,648360,173,1,0,172,59
2020-09-22,US,Oklahoma,Unassigned,58,0,0,0.0,0.0,90040.0,0.0,0.0,58,75,0,0,75,70,,-17,0,0,-17,5
2020-09-22,US,Oklahoma,Wagoner,1422,26,0,35.96024096,-95.51911308,40145.0,1749.3141753496786,1.8284106891701828,1396,1398,24,0,1374,1390,80110,24,2,0,22,8
2020-09-22,US,Oklahoma,Washington,954,40,0,36.71380786,-95.90514104,40147.0,1851.4565179420492,4.19287211740042,914,951,40,0,911,952,51843,3,0,0,3,-1
2020-09-22,US,Oklahoma,Washita,64,0,0,35.29071824,-98.99180434,40149.0,586.2953462806888,0.0,64,64,0,0,64,58,11127,0,0,0,0,6
2020-09-22,US,Oklahoma,Woods,99,0,0,36.76705782,-98.86573064,40151.0,1125.8955987717502,0.0,99,96,0,0,96,96,8897,3,0,0,3,0
2020-09-22,US,Oklahoma,Woodward,970,1,0,36.42316318,-99.26283045,40153.0,4799.366681510069,0.10309278350515463,969,961,0,0,961,572,20222,9,1,0,8,389
2020-09-22,US,Oregon,Baker,90,2,0,44.70915557,-117.6749883,41001.0,558.1741503349044,2.2222222222222223,88,90,2,0,88,90,16006,0,0,0,0,0
2020-09-22,US,Oregon,Benton,286,6,0,44.49167306,-123.4316987,41003.0,307.35172428615954,2.097902097902098,280,280,6,0,274,285,92101,6,0,0,6,-5
2020-09-22,US,Oregon,Clackamas,2304,61,0,45.18787398,-122.2179634,41005.0,550.9496947537823,2.6475694444444446,2243,2273,61,0,2212,2256,416075,31,0,0,31,17
2020-09-22,US,Oregon,Clatsop,124,0,0,45.99712889,-123.660711,41007.0,308.2736674622116,0.0,124,121,0,0,121,117,39764,3,0,0,3,4
2020-09-22,US,Oregon,Columbia,154,1,0,45.94464254,-123.08908980000001,41009.0,294.15135424227367,0.6493506493506493,153,153,1,0,152,154,52377,1,0,0,1,-1
2020-09-22,US,Oregon,Coos,145,0,0,43.17406868,-124.0594514,41011.0,224.8515204614884,0.0,145,142,0,0,142,138,64389,3,0,0,3,4
2020-09-22,US,Oregon,Crook,61,1,0,44.14230227,-120.356297,41013.0,249.95902311096543,1.639344262295082,60,60,1,0,59,60,23867,1,0,0,1,0
2020-09-22,US,Oregon,Curry,31,0,0,42.45911325,-124.15728200000001,41015.0,135.22355507088332,0.0,31,30,0,0,30,27,22813,1,0,0,1,3
2020-09-22,US,Oregon,Deschutes,787,12,0,43.91570171,-121.2289121,41017.0,398.0940048155717,1.5247776365946633,775,777,12,0,765,769,191996,10,0,0,10,8
2020-09-22,US,Oregon,Douglas,221,3,0,43.27941273,-123.16729099999999,41019.0,199.1349792755452,1.3574660633484164,218,211,3,0,208,209,110283,10,0,0,10,2
2020-09-22,US,Oregon,Gilliam,8,0,0,45.37160076,-120.20488689999999,41021.0,418.41004184100416,0.0,8,8,0,0,8,8,1894,0,0,0,0,0
2020-09-22,US,Oregon,Grant,8,0,0,44.49024544,-119.0068631,41023.0,111.12654535352131,0.0,8,8,0,0,8,8,7176,0,0,0,0,0
2020-09-22,US,Oregon,Harney,12,0,0,43.06422669,-118.96663059999999,41025.0,162.31570404436633,0.0,12,12,0,0,12,12,7329,0,0,0,0,0
2020-09-22,US,Oregon,Hood River,246,0,0,45.51872811,-121.65520359999998,41027.0,1052.0913523222991,0.0,246,245,0,0,245,245,23428,1,0,0,1,0
2020-09-22,US,Oregon,Jackson,1069,4,0,42.43201126,-122.72893090000001,41029.0,483.83300745890364,0.37418147801683815,1065,1057,4,0,1053,1039,219564,12,0,0,12,18
2020-09-22,US,Oregon,Jefferson,513,8,0,44.62806839,-121.17832,41031.0,2080.4607024089546,1.5594541910331383,505,513,8,0,505,513,24192,0,0,0,0,0
2020-09-22,US,Oregon,Josephine,190,2,0,42.3665549,-123.5561938,41033.0,217.17512316115537,1.0526315789473684,188,186,2,0,184,183,87393,4,0,0,4,3
2020-09-22,US,Oregon,Klamath,277,2,0,42.68762984,-121.64964609999998,41035.0,405.93217855154023,0.7220216606498195,275,275,2,0,273,273,67653,2,0,0,2,2
2020-09-22,US,Oregon,Lake,28,0,0,42.79246693,-120.38501629999999,41037.0,355.82666158342863,0.0,28,28,0,0,28,28,7879,0,0,0,0,0
2020-09-22,US,Oregon,Lane,1023,15,0,43.93727035,-122.847753,41039.0,267.7540850165024,1.4662756598240467,1008,991,15,0,976,964,379611,32,0,0,32,27
2020-09-22,US,Oregon,Lincoln,474,13,0,44.64252874,-123.86991200000001,41041.0,948.7210279812656,2.7426160337552736,461,473,13,0,460,472,49388,1,0,0,1,1
2020-09-22,US,Oregon,Linn,478,13,0,44.48899494,-122.53731540000001,41043.0,368.4036100470909,2.719665271966527,465,468,13,0,455,466,127335,10,0,0,10,2
2020-09-22,US,Oregon,Malheur,1553,25,0,43.1937027,-117.62273950000001,41045.0,5079.977756697524,1.6097875080489374,1528,1539,23,0,1516,1527,30725,14,2,0,12,12
2020-09-22,US,Oregon,Marion,4504,91,0,44.90287942,-122.58151170000001,41047.0,1294.9301071249906,2.0204262877442267,4413,4466,90,0,4376,4447,346868,38,1,0,37,19
2020-09-22,US,Oregon,Morrow,490,6,0,45.41846568,-119.584546,41049.0,4223.045764026545,1.2244897959183674,484,490,6,0,484,488,11372,0,0,0,0,2
2020-09-22,US,Oregon,Multnomah,6912,133,0,45.54747959,-122.4169351,41051.0,850.3361608158897,1.9241898148148149,6779,6853,133,0,6720,6818,811880,59,0,0,59,35
2020-09-22,US,Oregon,Polk,511,15,0,44.90322804,-123.4128888,41053.0,593.5993494801651,2.9354207436399222,496,503,15,0,488,502,85234,8,0,0,8,1
2020-09-22,US,Oregon,Sherman,18,0,0,45.41501554,-120.6827834,41055.0,1011.2359550561798,0.0,18,18,0,0,18,18,1708,0,0,0,0,0
2020-09-22,US,Oregon,Tillamook,49,0,0,45.46248721,-123.712066,41057.0,181.23982837697883,0.0,49,49,0,0,49,48,26787,0,0,0,0,1
2020-09-22,US,Oregon,Umatilla,2916,41,0,45.59073056,-118.7353826,41059.0,3740.8595253367534,1.4060356652949246,2875,2916,41,0,2875,2913,77516,0,0,0,0,3
2020-09-22,US,Oregon,Union,435,2,0,45.30915495,-118.0068979,41061.0,1621.0173281162658,0.4597701149425287,433,435,2,0,433,435,26461,0,0,0,0,0
2020-09-22,US,Oregon,Wallowa,28,1,0,45.57894064,-117.18353799999998,41063.0,388.457269700333,3.571428571428572,27,28,1,0,27,28,7081,0,0,0,0,0
2020-09-22,US,Oregon,Wasco,269,3,0,45.16292781,-121.16709540000001,41065.0,1008.170302076306,1.1152416356877324,266,244,3,0,241,234,26505,25,0,0,25,10
2020-09-22,US,Oregon,Washington,4355,58,0,45.55972701,-123.0955257,41067.0,723.9125520286174,1.331802525832377,4297,4315,58,0,4257,4289,597695,40,0,0,40,26
2020-09-22,US,Oregon,Yamhill,744,14,0,45.23330449,-123.3086963,41071.0,694.6778711484593,1.8817204301075268,730,738,14,0,724,738,107002,6,0,0,6,0
2020-09-22,US,Pennsylvania,Adams,799,25,0,39.87140411,-77.21610347,42001.0,775.6603791901679,3.1289111389236544,774,796,25,0,771,788,102811,3,0,0,3,8
2020-09-22,US,Pennsylvania,Allegheny,11821,351,0,40.46809875,-79.98167747,42003.0,972.0857369587474,2.9692919380763048,11470,11779,349,0,11430,11737,1218452,42,2,0,40,42
2020-09-22,US,Pennsylvania,Armstrong,421,17,0,40.81665618,-79.46290811,42005.0,650.3437089673282,4.0380047505938235,404,418,17,0,401,411,65263,3,0,0,3,7
2020-09-22,US,Pennsylvania,Beaver,1839,118,0,40.6825484,-80.34921611,42007.0,1121.827132478085,6.4165307232191395,1721,1838,118,0,1720,1836,164742,1,0,0,1,2
2020-09-22,US,Pennsylvania,Bedford,231,6,0,40.00522157,-78.48998442,42009.0,482.37554293351167,2.5974025974025974,225,229,6,0,223,228,48176,2,0,0,2,1
2020-09-22,US,Pennsylvania,Berks,6903,391,0,40.41570541,-75.92457766,42011.0,1639.0289768356272,5.664203969288715,6512,6862,391,0,6471,6833,420152,41,0,0,41,29
2020-09-22,US,Pennsylvania,Blair,599,16,0,40.47961444,-78.34917412,42013.0,491.6727544344943,2.671118530884808,583,589,16,0,573,584,122492,10,0,0,10,5
2020-09-22,US,Pennsylvania,Bradford,130,3,0,41.78869215,-76.51570822,42015.0,215.50652321668358,2.3076923076923075,127,129,3,0,126,121,60833,1,0,0,1,8
2020-09-22,US,Pennsylvania,Bucks,8590,606,0,40.33682119,-75.10836643,42017.0,1367.2465659668617,7.054714784633294,7984,8573,603,0,7970,8537,628195,17,3,0,14,36
2020-09-22,US,Pennsylvania,Butler,1018,22,0,40.91152759,-79.91351055,42019.0,541.9130916195111,2.161100196463654,996,1001,22,0,979,996,187888,17,0,0,17,5
2020-09-22,US,Pennsylvania,Cambria,549,7,0,40.49527404,-78.71377428,42021.0,421.6848961533735,1.275045537340619,542,547,7,0,540,547,131730,2,0,0,2,0
2020-09-22,US,Pennsylvania,Cameron,8,0,0,41.43625568,-78.20376845,42023.0,179.89655947830002,0.0,8,8,0,0,8,8,4492,0,0,0,0,0
2020-09-22,US,Pennsylvania,Carbon,452,28,0,40.91545395,-75.7068525,42025.0,704.2472967498676,6.1946902654867255,424,449,28,0,421,447,64227,3,0,0,3,2
2020-09-22,US,Pennsylvania,Centre,2031,11,0,40.92058903,-77.82200624,42027.0,1250.7312867567814,0.5416051206302314,2020,1836,11,0,1825,1799,162805,195,0,0,195,37
2020-09-22,US,Pennsylvania,Chester,6660,366,0,39.97291773,-75.74768357,42029.0,1268.5980087201824,5.495495495495494,6294,6633,366,0,6267,6510,522046,27,0,0,27,123
2020-09-22,US,Pennsylvania,Clarion,116,3,0,41.19265812,-79.42413524,42031.0,301.78469223164575,2.586206896551724,113,114,3,0,111,114,38779,2,0,0,2,0
2020-09-22,US,Pennsylvania,Clearfield,311,2,0,41.00110782,-78.47592663,42033.0,392.4042647151599,0.6430868167202572,309,311,2,0,309,308,79388,0,0,0,0,3
2020-09-22,US,Pennsylvania,Clinton,199,6,0,41.23255967,-77.63785995,42035.0,515.1170014495755,3.0150753768844223,193,198,6,0,192,190,38684,1,0,0,1,8
2020-09-22,US,Pennsylvania,Columbia,866,35,0,41.04821986,-76.40565017,42037.0,1333.0459947047596,4.041570438799076,831,863,35,0,828,860,65456,3,0,0,3,3
2020-09-22,US,Pennsylvania,Crawford,293,3,0,41.68447709,-80.10760592,42039.0,346.21701780713465,1.023890784982935,290,290,3,0,287,291,85063,3,0,0,3,-1
2020-09-22,US,Pennsylvania,Cumberland,1775,75,0,40.1625372,-77.26130755,42041.0,700.5564984015473,4.225352112676056,1700,1764,75,0,1689,1760,251423,11,0,0,11,4
2020-09-22,US,Pennsylvania,Dauphin,3714,176,0,40.41377078,-76.77993242,42043.0,1334.5358768806211,4.73882606354335,3538,3704,175,0,3529,3695,277097,10,1,0,9,9
2020-09-22,US,Pennsylvania,Delaware,11193,751,0,39.91680171,-75.40243663,42045.0,1974.955315158263,6.709550611989636,10442,11158,751,0,10407,11125,564751,35,0,0,35,33
2020-09-22,US,Pennsylvania,Elk,68,2,0,41.42822061,-78.64524744,42047.0,227.3487128050819,2.9411764705882355,66,67,2,0,65,67,30169,1,0,0,1,0
2020-09-22,US,Pennsylvania,Erie,1491,38,0,41.99253829,-80.03301954,42049.0,552.7790959781706,2.548625083836352,1453,1483,37,0,1446,1475,272061,8,1,0,7,8
2020-09-22,US,Pennsylvania,Fayette,775,7,0,39.92041012,-79.64291195,42051.0,599.5018333152838,0.9032258064516128,768,773,7,0,766,770,130441,2,0,0,2,3
2020-09-22,US,Pennsylvania,Forest,15,0,0,41.51095103,-79.23229292,42053.0,206.9821995308404,0.0,15,15,0,0,15,14,7279,0,0,0,0,1
2020-09-22,US,Pennsylvania,Franklin,1738,50,0,39.92956518,-77.72157791,42055.0,1121.0950350584092,2.87686996547756,1688,1719,50,0,1669,1714,154835,19,0,0,19,5
2020-09-22,US,Pennsylvania,Fulton,44,2,0,39.92913544,-78.11163677,42057.0,302.8217481073641,4.545454545454546,42,44,2,0,42,44,14523,0,0,0,0,0
2020-09-22,US,Pennsylvania,Greene,179,1,0,39.85746531,-80.22357106,42059.0,494.0247840366517,0.5586592178770949,178,176,1,0,175,169,36506,3,0,0,3,7
2020-09-22,US,Pennsylvania,Huntingdon,399,6,0,40.42162652,-77.97673273,42061.0,883.8383838383838,1.5037593984962403,393,396,6,0,390,396,45168,3,0,0,3,0
2020-09-22,US,Pennsylvania,Indiana,653,12,0,40.65241041,-79.08963285,42063.0,776.7059579175241,1.8376722817764168,641,642,12,0,630,632,84501,11,0,0,11,10
2020-09-22,US,Pennsylvania,Jefferson,109,3,0,41.12913106,-78.9986361,42065.0,251.0074841681059,2.7522935779816518,106,109,3,0,106,109,43641,0,0,0,0,0
2020-09-22,US,Pennsylvania,Juniata,182,7,0,40.53358749,-77.39975129999998,42067.0,734.9674918224771,3.8461538461538463,175,181,7,0,174,181,24704,1,0,0,1,0
2020-09-22,US,Pennsylvania,Lackawanna,2410,216,0,41.43564672,-75.60379201,42069.0,1149.4033595009396,8.962655601659753,2194,2401,216,0,2185,2396,210793,9,0,0,9,5
2020-09-22,US,Pennsylvania,Lancaster,7607,457,0,40.03904563,-76.24770128,42071.0,1393.9280662019628,6.007624556329696,7150,7566,455,0,7111,7549,543557,41,2,0,39,17
2020-09-22,US,Pennsylvania,Lawrence,501,23,0,40.99206278,-80.33393706,42073.0,585.882683132192,4.590818363273453,478,499,22,0,477,499,86184,2,1,0,1,0
2020-09-22,US,Pennsylvania,Lebanon,1959,59,0,40.36680311,-76.45651841,42075.0,1381.591474896504,3.0117406840224605,1900,1945,59,0,1886,1935,141314,14,0,0,14,10
2020-09-22,US,Pennsylvania,Lehigh,5505,350,0,40.6154815,-75.59435245,42077.0,1490.5853492112487,6.357856494096277,5155,5494,350,0,5144,5484,368100,11,0,0,11,10
2020-09-22,US,Pennsylvania,Luzerne,4039,189,0,41.17823008,-75.98447579,42079.0,1272.4586269796514,4.679376083188908,3850,4027,189,0,3838,4024,317646,12,0,0,12,3
2020-09-22,US,Pennsylvania,Lycoming,633,24,0,41.34310539,-77.06629984,42081.0,558.698664595451,3.791469194312796,609,630,24,0,606,627,113664,3,0,0,3,3
2020-09-22,US,Pennsylvania,McKean,57,2,0,41.80938602,-78.56478358,42083.0,140.30769230769232,3.5087719298245608,55,56,2,0,54,55,40968,1,0,0,1,1
2020-09-22,US,Pennsylvania,Mercer,703,14,0,41.30248872,-80.25816981,42085.0,642.4550372861529,1.9914651493598865,689,699,14,0,685,695,110683,4,0,0,4,4
2020-09-22,US,Pennsylvania,Mifflin,215,2,0,40.61116939,-77.61070738,42087.0,465.993324374702,0.9302325581395348,213,211,2,0,209,210,46222,4,0,0,4,1
2020-09-22,US,Pennsylvania,Monroe,1779,131,0,41.05934058,-75.34031025,42089.0,1044.8050460736122,7.363687464867902,1648,1775,130,0,1645,1773,169507,4,1,0,3,2
2020-09-22,US,Pennsylvania,Montgomery,11992,876,0,40.21053671,-75.36652296,42091.0,1443.2282483767895,7.3048699132755175,11116,11962,874,0,11088,11932,828604,30,2,0,28,30
2020-09-22,US,Pennsylvania,Montour,164,5,0,41.03023987,-76.66345939,42093.0,899.6160175534833,3.0487804878048776,159,164,5,0,159,164,18240,0,0,0,0,0
2020-09-22,US,Pennsylvania,Northampton,4403,305,0,40.75182733,-75.30471829,42095.0,1442.2588728565106,6.927095162389281,4098,4394,305,0,4089,4390,304807,9,0,0,9,4
2020-09-22,US,Pennsylvania,Northumberland,900,48,0,40.84785433,-76.70798222,42097.0,990.7202536243848,5.333333333333333,852,887,48,0,839,863,91083,13,0,0,13,24
2020-09-22,US,Pennsylvania,Perry,207,6,0,40.40206612,-77.26297447,42099.0,447.3547717842324,2.898550724637681,201,207,6,0,201,205,46139,0,0,0,0,2
2020-09-22,US,Pennsylvania,Philadelphia,35901,1787,0,40.00338507,-75.1379271,42101.0,2266.3857015878148,4.977577226261107,34114,35825,1785,0,34040,35583,1584138,76,2,0,74,242
2020-09-22,US,Pennsylvania,Pike,570,22,0,41.33155042,-75.03208106,42103.0,1021.3406439821533,3.8596491228070176,548,566,22,0,544,566,55933,4,0,0,4,0
2020-09-22,US,Pennsylvania,Potter,26,0,0,41.74471626,-77.89559864,42105.0,157.3278470289241,0.0,26,26,0,0,26,25,16622,0,0,0,0,1
2020-09-22,US,Pennsylvania,Schuylkill,1068,52,0,40.70497338,-76.2150785,42107.0,755.5231714995157,4.868913857677903,1016,1065,52,0,1013,1061,142067,3,0,0,3,4
2020-09-22,US,Pennsylvania,Snyder,272,4,0,40.77129231,-77.06840691,42109.0,673.7342712771227,1.4705882352941178,268,266,4,0,262,261,40540,6,0,0,6,5
2020-09-22,US,Pennsylvania,Somerset,206,3,0,39.97172723,-79.02699593,42111.0,280.47435565782126,1.4563106796116505,203,206,3,0,203,205,73952,0,0,0,0,1
2020-09-22,US,Pennsylvania,Sullivan,11,0,0,41.44634738,-76.51246591,42113.0,181.3386086383119,0.0,11,11,0,0,11,11,6071,0,0,0,0,0
2020-09-22,US,Pennsylvania,Susquehanna,293,28,0,41.82147784,-75.80071959,42115.0,726.5423527077963,9.55631399317406,265,293,28,0,265,293,40589,0,0,0,0,0
2020-09-22,US,Pennsylvania,Tioga,64,3,0,41.77255149,-77.25433032,42117.0,157.67041955113203,4.6875,61,64,3,0,61,64,40763,0,0,0,0,0
2020-09-22,US,Pennsylvania,Union,462,6,0,40.96188846,-77.05996014,42119.0,1028.4264185383881,1.2987012987012987,456,459,6,0,453,452,44785,3,0,0,3,7
2020-09-22,US,Pennsylvania,Venango,83,1,0,41.40323442,-79.75845449,42121.0,163.8114786452988,1.2048192771084338,82,81,1,0,80,81,51266,2,0,0,2,0
2020-09-22,US,Pennsylvania,Warren,42,1,0,41.81304978,-79.26969577,42123.0,107.16746191727691,2.380952380952381,41,42,1,0,41,42,39498,0,0,0,0,0
2020-09-22,US,Pennsylvania,Washington,1292,29,0,40.19208869,-80.24582867,42125.0,624.5619123583014,2.2445820433436534,1263,1284,29,0,1255,1280,207346,8,0,0,8,4
2020-09-22,US,Pennsylvania,Wayne,220,10,0,41.64938475,-75.29956506,42127.0,428.3405696929577,4.545454545454546,210,218,10,0,208,216,51276,2,0,0,2,2
2020-09-22,US,Pennsylvania,Westmoreland,2096,52,0,40.31377979999999,-79.46615476,42129.0,600.7469210287218,2.480916030534351,2044,2084,51,0,2033,2068,350611,12,1,0,11,16
2020-09-22,US,Pennsylvania,Wyoming,72,8,0,41.51955538,-76.01074915,42131.0,268.7168769127417,11.111111111111109,64,72,8,0,64,72,27046,0,0,0,0,0
2020-09-22,US,Pennsylvania,York,4554,143,0,39.9210089,-76.73040131,42133.0,1014.1228972649412,3.1400966183574885,4411,4520,142,0,4378,4490,448273,34,1,0,33,30
2020-09-22,US,Puerto Rico,Adjuntas,143,0,0,18.180117000000006,-66.754367,72001.0,733.9732074115898,0.0,143,143,0,0,143,142,,0,0,0,0,1
2020-09-22,US,Puerto Rico,Aguada,312,0,0,18.360255,-67.17513100000001,72003.0,743.5830215210086,0.0,312,312,0,0,312,310,,0,0,0,0,2
2020-09-22,US,Puerto Rico,Aguadilla,412,0,0,18.459681,-67.12081500000001,72005.0,675.974995488031,0.0,412,412,0,0,412,407,,0,0,0,0,5
2020-09-22,US,Puerto Rico,Aguas Buenas,253,0,0,18.251619,-66.126806,72007.0,882.7942356676785,0.0,253,252,0,0,252,249,,1,0,0,1,3
2020-09-22,US,Puerto Rico,Aibonito,147,0,0,18.131361,-66.264131,72009.0,567.5675675675676,0.0,147,147,0,0,147,147,,0,0,0,0,0
2020-09-22,US,Puerto Rico,Anasco,219,0,0,18.287985,-67.120611,72011.0,748.4364854242848,0.0,219,219,0,0,219,218,,0,0,0,0,1
2020-09-22,US,Puerto Rico,Arecibo,744,0,0,18.406631,-66.675077,72013.0,771.4641227706346,0.0,744,743,0,0,743,708,,1,0,0,1,35
2020-09-22,US,Puerto Rico,Arroyo,160,0,0,17.998457000000005,-66.056546,72015.0,817.3690932311623,0.0,160,160,0,0,160,159,,0,0,0,0,1
2020-09-22,US,Puerto Rico,Barceloneta,216,0,0,18.445532999999998,-66.56053100000001,72017.0,870.4061895551257,0.0,216,215,0,0,215,212,,1,0,0,1,3
2020-09-22,US,Puerto Rico,Barranquitas,414,0,0,18.201592,-66.30963,72019.0,1365.525430437364,0.0,414,414,0,0,414,412,,0,0,0,0,2
2020-09-22,US,Puerto Rico,Bayamon,3431,0,0,18.34946,-66.168435,72021.0,1648.5998193315268,0.0,3431,3416,0,0,3416,3367,,15,0,0,15,49
2020-09-22,US,Puerto Rico,Cabo Rojo,321,0,0,18.040993,-67.154391,72023.0,630.4377712748199,0.0,321,320,0,0,320,319,,1,0,0,1,1
2020-09-22,US,Puerto Rico,Caguas,1432,0,0,18.211615,-66.050779,72025.0,1002.1484607363553,0.0,1432,1426,0,0,1426,1409,,6,0,0,6,17
2020-09-22,US,Puerto Rico,Camuy,249,0,0,18.418578,-66.860206,72027.0,708.2112688074178,0.0,249,248,0,0,248,241,,1,0,0,1,7
2020-09-22,US,Puerto Rico,Canovanas,634,0,0,18.328802,-65.887612,72029.0,1330.5910006715915,0.0,634,631,0,0,631,627,,3,0,0,3,4
2020-09-22,US,Puerto Rico,Carolina,2413,0,0,18.374986,-65.95683100000001,72031.0,1365.1124110385715,0.0,2413,2408,0,0,2408,2383,,5,0,0,5,25
2020-09-22,US,Puerto Rico,Catano,406,0,0,18.437269,-66.14330600000001,72033.0,1442.7860696517416,0.0,406,406,0,0,406,400,,0,0,0,0,6
2020-09-22,US,Puerto Rico,Cayey,331,0,0,18.102851,-66.14914,72035.0,687.877969201355,0.0,331,331,0,0,331,328,,0,0,0,0,3
2020-09-22,US,Puerto Rico,Ceiba,112,0,0,18.251818,-65.666416,72037.0,821.656518230504,0.0,112,112,0,0,112,108,,0,0,0,0,4
2020-09-22,US,Puerto Rico,Ciales,218,0,0,18.28885,-66.516475,72039.0,1160.6857629645406,0.0,218,218,0,0,218,215,,0,0,0,0,3
2020-09-22,US,Puerto Rico,Cidra,293,0,0,18.173559,-66.161179,72041.0,673.8730450781969,0.0,293,293,0,0,293,291,,0,0,0,0,2
2020-09-22,US,Puerto Rico,Coamo,265,0,0,18.097597,-66.36014,72043.0,654.1271721958926,0.0,265,265,0,0,265,262,,0,0,0,0,3
2020-09-22,US,Puerto Rico,Comerio,236,0,0,18.224687,-66.221622,72045.0,1135.8167292328426,0.0,236,235,0,0,235,230,,1,0,0,1,5
2020-09-22,US,Puerto Rico,Corozal,566,0,0,18.304264,-66.327738,72047.0,1523.8813203381617,0.0,566,561,0,0,561,551,,5,0,0,5,10
2020-09-22,US,Puerto Rico,Culebra,22,0,0,18.31586,-65.28813000000001,72049.0,1210.1210121012102,0.0,22,22,0,0,22,22,,0,0,0,0,0
2020-09-22,US,Puerto Rico,Dorado,721,0,0,18.436115,-66.278669,72051.0,1889.1654657408621,0.0,721,717,0,0,717,704,,4,0,0,4,13
2020-09-22,US,Puerto Rico,Fajardo,473,0,0,18.318373,-65.666866,72053.0,1278.6202795123402,0.0,473,473,0,0,473,469,,0,0,0,0,4
2020-09-22,US,Puerto Rico,Florida,250,0,0,18.373715,-66.560488,72054.0,1971.6088328075712,0.0,250,250,0,0,250,247,,0,0,0,0,3
2020-09-22,US,Puerto Rico,Guanica,95,0,0,17.982429,-66.91964300000001,72055.0,489.010140526072,0.0,95,95,0,0,95,94,,0,0,0,0,1
2020-09-22,US,Puerto Rico,Guayama,279,0,0,18.007516,-66.13390799999999,72057.0,615.0522463736166,0.0,279,279,0,0,279,279,,0,0,0,0,0
2020-09-22,US,Puerto Rico,Guayanilla,164,0,0,18.039942,-66.79186,72059.0,759.9277141930403,0.0,164,164,0,0,164,160,,0,0,0,0,4
2020-09-22,US,Puerto Rico,Guaynabo,1555,0,0,18.345114000000002,-66.11452299999999,72061.0,1587.966177852212,0.0,1555,1549,0,0,1549,1533,,6,0,0,6,16
2020-09-22,US,Puerto Rico,Gurabo,479,0,0,18.266461,-65.97970500000001,72063.0,1055.7869911172827,0.0,479,478,0,0,478,474,,1,0,0,1,4
2020-09-22,US,Puerto Rico,Hatillo,265,0,0,18.410928,-66.79632600000001,72065.0,631.6592377183991,0.0,265,260,0,0,260,240,,5,0,0,5,20
2020-09-22,US,Puerto Rico,Hormigueros,162,0,0,18.134532,-67.113972,72067.0,939.1304347826087,0.0,162,160,0,0,160,157,,2,0,0,2,3
2020-09-22,US,Puerto Rico,Humacao,455,0,0,18.145211,-65.810174,72069.0,778.2300824410768,0.0,455,453,0,0,453,444,,2,0,0,2,9
2020-09-22,US,Puerto Rico,Isabela,250,0,0,18.44981,-67.005093,72071.0,547.8731564068287,0.0,250,250,0,0,250,245,,0,0,0,0,5
2020-09-22,US,Puerto Rico,Jayuya,225,0,0,18.211446,-66.58878,72073.0,1352.0009614229061,0.0,225,225,0,0,225,223,,0,0,0,0,2
2020-09-22,US,Puerto Rico,Juana Diaz,327,0,0,18.050764,-66.49458100000001,72075.0,409.2769440654843,0.0,327,321,0,0,321,318,,6,0,0,6,3
2020-09-22,US,Puerto Rico,Juncos,342,0,0,18.223793,-65.909109,72077.0,848.8458674609084,0.0,342,339,0,0,339,333,,3,0,0,3,6
2020-09-22,US,Puerto Rico,Lajas,141,0,0,18.011661,-67.040585,72079.0,547.5090280743991,0.0,141,140,0,0,140,136,,1,0,0,1,4
2020-09-22,US,Puerto Rico,Lares,305,0,0,18.269035000000002,-66.867236,72081.0,991.7731603420804,0.0,305,305,0,0,305,301,,0,0,0,0,4
2020-09-22,US,Puerto Rico,Las Marias,103,0,0,18.23679,-66.98362,72083.0,1042.4046149175183,0.0,103,102,0,0,102,98,,1,0,0,1,4
2020-09-22,US,Puerto Rico,Las Piedras,439,0,0,18.187527,-65.86946800000001,72085.0,1135.1001939237233,0.0,439,436,0,0,436,427,,3,0,0,3,9
2020-09-22,US,Puerto Rico,Loiza,252,0,0,18.425688,-65.89943000000001,72087.0,838.3233532934132,0.0,252,252,0,0,252,238,,0,0,0,0,14
2020-09-22,US,Puerto Rico,Luquillo,230,0,0,18.342114000000002,-65.72509699999999,72089.0,1146.1032489535578,0.0,230,230,0,0,230,225,,0,0,0,0,5
2020-09-22,US,Puerto Rico,Manati,500,0,0,18.420473,-66.490461,72091.0,1133.452723686895,0.0,500,500,0,0,500,492,,0,0,0,0,8
2020-09-22,US,Puerto Rico,Maricao,79,0,0,18.171795,-66.942126,72093.0,1258.7635436583812,0.0,79,79,0,0,79,79,,0,0,0,0,0
2020-09-22,US,Puerto Rico,Maunabo,107,0,0,18.017889,-65.922235,72095.0,875.2556237218814,0.0,107,107,0,0,107,107,,0,0,0,0,0
2020-09-22,US,Puerto Rico,Mayaguez,770,0,0,18.2013,-67.1452,72097.0,864.3915581499775,0.0,770,770,0,0,770,761,,0,0,0,0,9
2020-09-22,US,Puerto Rico,Moca,325,0,0,18.377805,-67.080952,72099.0,810.291954424194,0.0,325,325,0,0,325,323,,0,0,0,0,2
2020-09-22,US,Puerto Rico,Morovis,498,0,0,18.316963,-66.420383,72101.0,1527.1389144434222,0.0,498,497,0,0,497,488,,1,0,0,1,9
2020-09-22,US,Puerto Rico,Naguabo,190,0,0,18.230636999999998,-65.753897,72103.0,711.0778443113772,0.0,190,190,0,0,190,186,,0,0,0,0,4
2020-09-22,US,Puerto Rico,Naranjito,572,0,0,18.288019,-66.252703,72105.0,1881.4551674231961,0.0,572,572,0,0,572,568,,0,0,0,0,4
2020-09-22,US,Puerto Rico,Orocovis,316,0,0,18.215046,-66.433604,72107.0,1349.1013106775392,0.0,316,314,0,0,314,311,,2,0,0,2,3
2020-09-22,US,Puerto Rico,Out of PR,782,0,0,0.0,0.0,72888.0,0.0,0.0,782,782,0,0,782,782,,0,0,0,0,0
2020-09-22,US,Puerto Rico,Patillas,167,0,0,18.03174,-66.012242,72109.0,866.3173730352232,0.0,167,167,0,0,167,166,,0,0,0,0,1
2020-09-22,US,Puerto Rico,Penuelas,114,0,0,18.059645,-66.721572,72111.0,469.4835680751173,0.0,114,114,0,0,114,114,,0,0,0,0,0
2020-09-22,US,Puerto Rico,Ponce,825,0,0,18.059498,-66.613748,72113.0,496.0108701533727,0.0,825,824,0,0,824,810,,1,0,0,1,14
2020-09-22,US,Puerto Rico,Quebradillas,161,0,0,18.439692,-66.926113,72115.0,621.1659400439831,0.0,161,161,0,0,161,160,,0,0,0,0,1
2020-09-22,US,Puerto Rico,Rincon,166,0,0,18.335442999999998,-67.23174,72117.0,1092.1052631578948,0.0,166,165,0,0,165,161,,1,0,0,1,4
2020-09-22,US,Puerto Rico,Rio Grande,544,0,0,18.346329,-65.813742,72119.0,1001.7678255745433,0.0,544,539,0,0,539,531,,5,0,0,5,8
2020-09-22,US,Puerto Rico,Sabana Grande,192,0,0,18.08282,-66.943758,72121.0,759.9445873738373,0.0,192,192,0,0,192,188,,0,0,0,0,4
2020-09-22,US,Puerto Rico,Salinas,395,0,0,18.010386999999994,-66.256592,72123.0,1270.9955595598171,0.0,395,394,0,0,394,391,,1,0,0,1,3
2020-09-22,US,Puerto Rico,San German,239,0,0,18.111484,-67.03858100000001,72125.0,672.7277845019281,0.0,239,239,0,0,239,234,,0,0,0,0,5
2020-09-22,US,Puerto Rico,San Juan,6749,0,0,18.386933,-66.061128,72127.0,1707.1986158259256,0.0,6749,6732,0,0,6732,6689,,17,0,0,17,43
2020-09-22,US,Puerto Rico,San Lorenzo,438,0,0,18.147987,-65.976392,72129.0,1066.783574455648,0.0,438,437,0,0,437,425,,1,0,0,1,12
2020-09-22,US,Puerto Rico,San Sebastian,344,0,0,18.328646,-66.971214,72131.0,810.7471128918219,0.0,344,344,0,0,344,339,,0,0,0,0,5
2020-09-22,US,Puerto Rico,Santa Isabel,164,0,0,17.994525,-66.388913,72133.0,704.6489645097532,0.0,164,164,0,0,164,160,,0,0,0,0,4
2020-09-22,US,Puerto Rico,Toa Alta,1185,0,0,18.362406,-66.246616,72135.0,1599.9243917587014,0.0,1185,1182,0,0,1182,1165,,3,0,0,3,17
2020-09-22,US,Puerto Rico,Toa Baja,1216,0,0,18.431445999999998,-66.213553,72137.0,1357.0065506812932,0.0,1216,1212,0,0,1212,1177,,4,0,0,4,35
2020-09-22,US,Puerto Rico,Trujillo Alto,969,0,0,18.336159,-65.99888399999999,72139.0,1294.7275593917855,0.0,969,966,0,0,966,952,,3,0,0,3,14
2020-09-22,US,Puerto Rico,Unassigned,570,613,0,0.0,0.0,72999.0,0.0,107.5438596491228,-43,570,609,0,-39,552,,0,4,0,-4,18
2020-09-22,US,Puerto Rico,Utuado,129,0,0,18.271214,-66.702984,72141.0,389.1520106187215,0.0,129,129,0,0,129,127,,0,0,0,0,2
2020-09-22,US,Puerto Rico,Vega Alta,681,0,0,18.409346,-66.33725,72143.0,1704.588120447548,0.0,681,678,0,0,678,635,,3,0,0,3,43
2020-09-22,US,Puerto Rico,Vega Baja,893,0,0,18.428262,-66.397924,72145.0,1496.7651101203446,0.0,893,891,0,0,891,864,,2,0,0,2,27
2020-09-22,US,Puerto Rico,Vieques,86,0,0,18.123276,-65.44097099999999,72147.0,924.6317600258037,0.0,86,86,0,0,86,86,,0,0,0,0,0
2020-09-22,US,Puerto Rico,Villalba,128,0,0,18.127951,-66.473115,72149.0,490.9293138495762,0.0,128,128,0,0,128,128,,0,0,0,0,0
2020-09-22,US,Puerto Rico,Yabucoa,267,0,0,18.070399,-65.896289,72151.0,703.7242033683877,0.0,267,265,0,0,265,262,,2,0,0,2,3
2020-09-22,US,Puerto Rico,Yauco,374,0,0,18.080374,-66.858814,72153.0,889.5654449016482,0.0,374,374,0,0,374,363,,0,0,0,0,11
2020-09-22,US,Rhode Island,Bristol,382,0,0,41.71018079,-71.28652315,44001.0,787.9700488871471,0.0,382,382,0,0,382,382,48649,0,0,0,0,0
2020-09-22,US,Rhode Island,Kent,1796,0,0,41.67106337,-71.57641596,44003.0,1093.175565456626,0.0,1796,1796,0,0,1796,1796,163861,0,0,0,0,0
2020-09-22,US,Rhode Island,Newport,502,0,0,41.5642026,-71.26569799,44005.0,611.5835384128068,0.0,502,502,0,0,502,502,82542,0,0,0,0,0
2020-09-22,US,Rhode Island,Providence,17941,0,0,41.87064746,-71.57753536,44007.0,2807.9714397955336,0.0,17941,17941,0,0,17941,17941,636084,0,0,0,0,0
2020-09-22,US,Rhode Island,Unassigned,2670,1099,0,0.0,0.0,90044.0,0.0,41.16104868913858,1571,2558,1097,0,1461,2246,,112,2,0,110,312
2020-09-22,US,Rhode Island,Washington,753,0,0,41.45961631,-71.61435303,44009.0,599.6320982345493,0.0,753,753,0,0,753,753,126179,0,0,0,0,0
2020-09-22,US,South Carolina,Abbeville,538,11,0,34.22333378,-82.46170658,45001.0,2193.501039670567,2.044609665427509,527,532,12,0,520,531,24541,6,-1,0,7,1
2020-09-22,US,South Carolina,Aiken,3999,78,0,33.54338026,-81.63645384,45003.0,2340.3483309143685,1.9504876219054763,3921,2681,77,0,2604,2671,169401,1318,1,0,1317,10
2020-09-22,US,South Carolina,Allendale,362,6,0,32.98837386,-81.35321066,45005.0,4166.666666666667,1.6574585635359116,356,357,6,0,351,356,8903,5,0,0,5,1
2020-09-22,US,South Carolina,Anderson,4134,166,0,34.51828081,-82.63959517,45007.0,2040.8969282872067,4.01548137397194,3968,4043,163,0,3880,4028,200482,91,3,0,88,15
2020-09-22,US,South Carolina,Bamberg,622,33,0,33.21927586,-81.05659969,45009.0,4422.010521825679,5.305466237942122,589,614,33,0,581,614,14275,8,0,0,8,0
2020-09-22,US,South Carolina,Barnwell,664,17,0,33.26679302,-81.43584352,45011.0,3182.2102942586025,2.560240963855421,647,605,17,0,588,603,21112,59,0,0,59,2
2020-09-22,US,South Carolina,Beaufort,5496,81,0,32.39226291,-80.72619758,45013.0,2860.6822748045506,1.4737991266375543,5415,5439,81,0,5358,5412,188715,57,0,0,57,27
2020-09-22,US,South Carolina,Berkeley,5358,88,0,33.20222596,-79.94654523,45015.0,2350.9589437796994,1.642403882045539,5270,5345,87,0,5258,5325,221091,13,1,0,12,20
2020-09-22,US,South Carolina,Calhoun,443,17,0,33.66926881,-80.77722168,45017.0,3044.045901188759,3.8374717832957113,426,441,17,0,424,439,14520,2,0,0,2,2
2020-09-22,US,South Carolina,Charleston,15560,258,0,32.82487866,-79.96512315,45019.0,3782.151937502127,1.6580976863753214,15302,15500,257,0,15243,15489,405905,60,1,0,59,11
2020-09-22,US,South Carolina,Cherokee,1101,36,0,35.05122251,-81.61828622,45021.0,1921.465968586388,3.2697547683923704,1065,1069,35,0,1034,1066,57078,32,1,0,31,3
2020-09-22,US,South Carolina,Chester,1019,21,0,34.69249168,-81.1583216,45023.0,3160.2778811561852,2.0608439646712458,998,1016,21,0,995,1012,32251,3,0,0,3,4
2020-09-22,US,South Carolina,Chesterfield,1189,35,0,34.64137396,-80.15640140000002,45025.0,2604.600219058051,2.9436501261564336,1154,1186,35,0,1151,1183,45754,3,0,0,3,3
2020-09-22,US,South Carolina,Clarendon,1076,66,0,33.66610974,-80.21647898,45027.0,3188.6205363757595,6.133828996282528,1010,1071,66,0,1005,1070,33700,5,0,0,5,1
2020-09-22,US,South Carolina,Colleton,1004,42,0,32.87582989,-80.67641292,45029.0,2664.755686493086,4.183266932270916,962,994,42,0,952,983,37660,10,0,0,10,11
2020-09-22,US,South Carolina,Darlington,1980,51,0,34.33358335,-79.96027485,45031.0,2972.1696838692246,2.575757575757576,1929,1958,51,0,1907,1955,66802,22,0,0,22,3
2020-09-22,US,South Carolina,Dillon,986,34,0,34.39007791,-79.37741872,45033.0,3235.014272121789,3.4482758620689653,952,978,34,0,944,959,30599,8,0,0,8,19
2020-09-22,US,South Carolina,Dorchester,4056,87,0,33.0794369,-80.40502652,45035.0,2491.2627680287947,2.1449704142011834,3969,4039,87,0,3952,4035,160647,17,0,0,17,4
2020-09-22,US,South Carolina,Edgefield,794,17,0,33.77221995,-81.96231108,45037.0,2912.692589875275,2.141057934508816,777,549,17,0,532,549,27052,245,0,0,245,0
2020-09-22,US,South Carolina,Fairfield,755,34,0,34.39287073,-81.1195624,45039.0,3378.529556540028,4.5033112582781465,721,742,34,0,708,740,22402,13,0,0,13,2
2020-09-22,US,South Carolina,Florence,4836,185,0,34.02361754,-79.70189312,45041.0,3496.923199294252,3.8254755996691476,4651,4816,184,0,4632,4795,138159,20,1,0,19,21
2020-09-22,US,South Carolina,Georgetown,1866,44,0,33.43443342,-79.33202141,45043.0,2977.02616464582,2.3579849946409435,1822,1860,44,0,1816,1858,62249,6,0,0,6,2
2020-09-22,US,South Carolina,Greenville,13859,295,0,34.89502264,-82.37295012,45045.0,2647.161068261955,2.1285807056786203,13564,13786,292,0,13494,13751,514213,73,3,0,70,35
2020-09-22,US,South Carolina,Greenwood,2150,72,0,34.15272415,-82.12715789,45047.0,3036.251429862592,3.3488372093023258,2078,2145,71,0,2074,2144,70741,5,1,0,4,1
2020-09-22,US,South Carolina,Hampton,627,26,0,32.77419582,-81.13845571,45049.0,3261.8874206638234,4.146730462519936,601,610,26,0,584,606,19351,17,0,0,17,4
2020-09-22,US,South Carolina,Horry,10147,195,0,33.9212828,-78.99555293,45051.0,2865.7284632612323,1.921750271016064,9952,10116,195,0,9921,10098,344147,31,0,0,31,18
2020-09-22,US,South Carolina,Jasper,778,20,0,32.43171982,-81.02487495,45053.0,2587.038207029561,2.570694087403599,758,779,19,0,760,775,28971,-1,1,0,-2,4
2020-09-22,US,South Carolina,Kershaw,1885,37,0,34.33988254,-80.58763164,45055.0,2832.414238704152,1.9628647214854111,1848,1864,36,0,1828,1855,65592,21,1,0,20,9
2020-09-22,US,South Carolina,Lancaster,2072,47,0,34.68270843,-80.70513032,45057.0,2114.02685385463,2.2683397683397684,2025,2059,47,0,2012,2039,95380,13,0,0,13,20
2020-09-22,US,South Carolina,Laurens,1616,56,0,34.48244419,-82.00490796,45059.0,2394.322374172137,3.4653465346534653,1560,1611,54,0,1557,1608,66994,5,2,0,3,3
2020-09-22,US,South Carolina,Lee,699,34,0,34.16393091,-80.25690731,45061.0,4153.7913002139285,4.8640915593705305,665,699,34,0,665,697,17142,0,0,0,0,2
2020-09-22,US,South Carolina,Lexington,6876,157,0,33.89665987,-81.27146426,45063.0,2301.589958158996,2.2833042466550317,6719,6767,156,0,6611,6737,295032,109,1,0,108,30
2020-09-22,US,South Carolina,Marion,841,23,0,34.07859748,-79.36400756,45067.0,2743.256026356134,2.7348394768133173,818,835,22,0,813,822,31039,6,1,0,5,13
2020-09-22,US,South Carolina,Marlboro,901,11,0,34.59905577,-79.67561152,45069.0,3449.728156826709,1.2208657047724751,890,898,11,0,887,895,26398,3,0,0,3,3
2020-09-22,US,South Carolina,McCormick,227,6,0,33.90161443,-82.30794338,45065.0,2398.816442988481,2.643171806167401,221,202,6,0,196,201,9410,25,0,0,25,1
2020-09-22,US,South Carolina,Newberry,1188,22,0,34.28629098,-81.59935761,45071.0,3090.5306971904265,1.851851851851852,1166,1180,22,0,1158,1173,38520,8,0,0,8,7
2020-09-22,US,South Carolina,Oconee,1355,28,0,34.75225169,-83.06742317,45073.0,1703.4168908556055,2.066420664206642,1327,1344,27,0,1317,1336,78374,11,1,0,10,8
2020-09-22,US,South Carolina,Orangeburg,3048,121,0,33.4391073,-80.79886287,45075.0,3536.988685813751,3.96981627296588,2927,3041,121,0,2920,3036,86934,7,0,0,7,5
2020-09-22,US,South Carolina,Pickens,2774,44,0,34.88807695,-82.72791551,45077.0,2186.2488572239213,1.5861571737563085,2730,2750,42,0,2708,2743,124937,24,2,0,22,7
2020-09-22,US,South Carolina,Richland,14591,230,0,34.01791263,-80.90267209,45079.0,3509.4850622596264,1.5763141662668771,14361,14479,226,0,14253,14434,414576,112,4,0,108,45
2020-09-22,US,South Carolina,Saluda,678,20,0,34.00795823,-81.72713237,45081.0,3311.678796463635,2.949852507374631,658,669,20,0,649,669,20544,9,0,0,9,0
2020-09-22,US,South Carolina,Spartanburg,6483,192,0,34.92960077,-81.99225984,45083.0,2027.2995919133166,2.961591855622397,6291,6361,189,0,6172,6354,313888,122,3,0,119,7
2020-09-22,US,South Carolina,Sumter,3145,77,0,33.91826534,-80.37942316,45085.0,2946.9364042690754,2.4483306836248007,3068,3130,77,0,3053,3122,106512,15,0,0,15,8
2020-09-22,US,South Carolina,Union,542,11,0,34.68835752,-81.61730349,45087.0,1984.1850929857958,2.029520295202952,531,534,11,0,523,534,27410,8,0,0,8,0
2020-09-22,US,South Carolina,Williamsburg,1311,44,0,33.62190129,-79.72767442,45089.0,4317.0442571127505,3.3562166285278416,1267,1307,42,0,1265,1303,30606,4,2,0,2,4
2020-09-22,US,South Carolina,York,5158,68,0,34.97281497,-81.18085944,45091.0,1835.7243779784253,1.3183404420317952,5090,5123,66,0,5057,5103,274118,35,2,0,33,20
2020-09-22,US,South Dakota,Aurora,45,0,0,43.71757685,-98.56050467,46003.0,1635.7688113413305,0.0,45,44,0,0,44,44,2801,1,0,0,1,0
2020-09-22,US,South Dakota,Beadle,707,9,0,44.41464384,-98.27858469,46005.0,3831.3553351758533,1.272984441301273,698,703,9,0,694,701,18883,4,0,0,4,2
2020-09-22,US,South Dakota,Bennett,62,1,0,43.19486375,-101.6665572,46007.0,1842.496285289748,1.6129032258064515,61,62,1,0,61,63,3468,0,0,0,0,-1
2020-09-22,US,South Dakota,Bon Homme,77,1,0,42.98914167,-97.88592746,46009.0,1115.7803216925083,1.2987012987012987,76,76,1,0,75,75,6980,1,0,0,1,1
2020-09-22,US,South Dakota,Brookings,696,2,0,44.36974375,-96.79079945,46011.0,1984.2061749864583,0.28735632183908044,694,680,2,0,678,665,35232,16,0,0,16,15
2020-09-22,US,South Dakota,Brown,1052,3,0,45.58994323,-98.35165355,46013.0,2708.6176266124257,0.2851711026615969,1049,1031,3,0,1028,1027,39316,21,0,0,21,4
2020-09-22,US,South Dakota,Brule,95,0,0,43.71756379,-99.08118954,46015.0,1793.4680007551444,0.0,95,93,0,0,93,93,5229,2,0,0,2,0
2020-09-22,US,South Dakota,Buffalo,119,3,0,44.07657829,-99.20814467,46017.0,6065.239551478084,2.5210084033613445,116,118,3,0,115,118,2036,1,0,0,1,0
2020-09-22,US,South Dakota,Butte,77,1,0,44.90608745,-103.5079318,46019.0,738.3258222264839,1.2987012987012987,76,75,1,0,74,75,10222,2,0,0,2,0
2020-09-22,US,South Dakota,Campbell,13,0,0,45.77074915,-100.0510181,46021.0,944.7674418604653,0.0,13,12,0,0,12,11,1377,1,0,0,1,1
2020-09-22,US,South Dakota,Charles Mix,150,0,0,43.20660134,-98.58856175,46023.0,1614.2918639690054,0.0,150,143,0,0,143,140,9338,7,0,0,7,3
2020-09-22,US,South Dakota,Clark,32,0,0,44.85834507,-97.72925109,46025.0,856.5310492505354,0.0,32,32,0,0,32,32,3739,0,0,0,0,0
2020-09-22,US,South Dakota,Clay,540,5,0,42.91296147,-96.97656917,46027.0,3837.953091684434,0.925925925925926,535,537,5,0,532,535,14041,3,0,0,3,2
2020-09-22,US,South Dakota,Codington,741,3,0,44.97788119,-97.18827677,46029.0,2645.5782070048913,0.4048582995951417,738,719,3,0,716,706,28015,22,0,0,22,13
2020-09-22,US,South Dakota,Corson,85,1,0,45.70889983,-101.1970473,46031.0,2080.274106705825,1.1764705882352942,84,84,1,0,83,81,4165,1,0,0,1,3
2020-09-22,US,South Dakota,Custer,175,2,0,43.67741105,-103.45345209999999,46033.0,1950.5127061970568,1.1428571428571428,173,172,2,0,170,171,8726,3,0,0,3,1
2020-09-22,US,South Dakota,Davison,225,2,0,43.67490933,-98.14458906,46035.0,1137.8002528445004,0.8888888888888888,223,210,2,0,208,204,19790,15,0,0,15,6
2020-09-22,US,South Dakota,Day,63,0,0,45.367281,-97.60737498,46037.0,1161.504424778761,0.0,63,61,0,0,61,60,5505,2,0,0,2,1
2020-09-22,US,South Dakota,Deuel,76,0,0,44.75994309,-96.66943645,46039.0,1746.7248908296942,0.0,76,76,0,0,76,75,4337,0,0,0,0,1
2020-09-22,US,South Dakota,Dewey,121,0,0,45.15639647,-100.8709139,46041.0,2053.632043448744,0.0,121,117,0,0,117,116,5904,4,0,0,4,1
2020-09-22,US,South Dakota,Douglas,70,0,0,43.38520741,-98.36978007,46043.0,2396.4395754878465,0.0,70,64,0,0,64,62,2935,6,0,0,6,2
2020-09-22,US,South Dakota,Edmunds,86,0,0,45.41846445,-99.21545423,46045.0,2246.0172368764693,0.0,86,81,0,0,81,81,3875,5,0,0,5,0
2020-09-22,US,South Dakota,Fall River,87,3,0,43.23929297,-103.5275691,46047.0,1295.9928496946225,3.4482758620689653,84,87,3,0,84,87,6758,0,0,0,0,0
2020-09-22,US,South Dakota,Faulk,64,1,0,45.07082625,-99.14535601,46049.0,2783.819051761636,1.5625,63,61,1,0,60,59,2330,3,0,0,3,2
2020-09-22,US,South Dakota,Grant,94,1,0,45.1723937,-96.77002276,46051.0,1332.9551900170165,1.0638297872340423,93,92,1,0,91,90,7147,2,0,0,2,2
2020-09-22,US,South Dakota,Gregory,107,1,0,43.19419064,-99.18883902,46053.0,2556.7502986857826,0.9345794392523364,106,98,1,0,97,95,4212,9,0,0,9,3
2020-09-22,US,South Dakota,Haakon,18,0,0,44.29299053,-101.539099,46055.0,947.8672985781993,0.0,18,18,0,0,18,17,1918,0,0,0,0,1
2020-09-22,US,South Dakota,Hamlin,80,0,0,44.67385954,-97.18829593,46057.0,1297.8585334198572,0.0,80,80,0,0,80,80,6111,0,0,0,0,0
2020-09-22,US,South Dakota,Hand,27,0,0,44.54708407,-99.00386459,46059.0,846.1297398934503,0.0,27,26,0,0,26,26,3262,1,0,0,1,0
2020-09-22,US,South Dakota,Hanson,32,0,0,43.6746384,-97.78715148,46061.0,926.730379380249,0.0,32,30,0,0,30,28,3376,2,0,0,2,2
2020-09-22,US,South Dakota,Harding,3,0,0,45.58015551,-103.4958629,46063.0,231.12480739599386,0.0,3,3,0,0,3,3,1249,0,0,0,0,0
2020-09-22,US,South Dakota,Hughes,330,4,0,44.39091534,-99.99661148,46065.0,1882.91680931188,1.2121212121212122,326,320,4,0,316,311,17650,10,0,0,10,9
2020-09-22,US,South Dakota,Hutchinson,75,2,0,43.33449012,-97.75536441,46067.0,1028.6654779865587,2.6666666666666665,73,74,2,0,72,73,7380,1,0,0,1,1
2020-09-22,US,South Dakota,Hyde,16,0,0,44.54747703,-99.48572582,46069.0,1229.8232129131438,0.0,16,15,0,0,15,15,1282,1,0,0,1,0
2020-09-22,US,South Dakota,Jackson,27,1,0,43.69318385,-101.6255063,46071.0,807.4162679425838,3.703703703703704,26,26,1,0,25,25,3307,1,0,0,1,1
2020-09-22,US,South Dakota,Jerauld,73,1,0,44.06637798,-98.62965972,46073.0,3626.428216592151,1.3698630136986298,72,68,1,0,67,68,2043,5,0,0,5,0
2020-09-22,US,South Dakota,Jones,7,0,0,43.96278565,-100.6940008,46075.0,775.1937984496125,0.0,7,7,0,0,7,7,928,0,0,0,0,0
2020-09-22,US,South Dakota,Kingsbury,47,0,0,44.36956169,-97.4913945,46077.0,951.6096375784572,0.0,47,46,0,0,46,43,4919,1,0,0,1,3
2020-09-22,US,South Dakota,Lake,173,7,0,44.02193107,-97.12926365,46079.0,1351.879346721888,4.0462427745664735,166,172,7,0,165,172,13057,1,0,0,1,0
2020-09-22,US,South Dakota,Lawrence,342,4,0,44.35919441,-103.79294279999999,46081.0,1323.3245627611825,1.1695906432748535,338,334,4,0,330,327,25741,8,0,0,8,7
2020-09-22,US,South Dakota,Lincoln,1223,2,0,43.27841182,-96.72039050000001,46083.0,2000.719801073158,0.1635322976287817,1221,1212,2,0,1210,1204,58807,11,0,0,11,8
2020-09-22,US,South Dakota,Lyman,112,3,0,43.89522709,-99.85201878,46085.0,2962.179317640836,2.6785714285714284,109,112,3,0,109,111,3821,0,0,0,0,1
2020-09-22,US,South Dakota,Marshall,37,0,0,45.75870838,-97.59855639,46091.0,749.7467071935158,0.0,37,35,0,0,35,35,5112,2,0,0,2,0
2020-09-22,US,South Dakota,McCook,85,1,0,43.6742571,-97.36863144,46087.0,1521.6612960973864,1.1764705882352942,84,83,1,0,82,83,5546,2,0,0,2,0
2020-09-22,US,South Dakota,McPherson,29,0,0,45.76626028,-99.22118798,46089.0,1218.9995796553171,0.0,29,27,0,0,27,27,2407,2,0,0,2,0
2020-09-22,US,South Dakota,Meade,475,4,0,44.56676791,-102.71627409999999,46093.0,1676.549484681632,0.8421052631578947,471,462,4,0,458,453,28294,13,0,0,13,9
2020-09-22,US,South Dakota,Mellette,29,0,0,43.58078848,-100.7563186,46095.0,1407.0839398350315,0.0,29,29,0,0,29,29,2042,0,0,0,0,0
2020-09-22,US,South Dakota,Miner,19,0,0,44.02197882,-97.60992207,46097.0,857.4007220216606,0.0,19,19,0,0,19,19,2213,0,0,0,0,0
2020-09-22,US,South Dakota,Minnehaha,6293,78,0,43.67441641,-96.7910885,46099.0,3258.359480982116,1.2394724296837756,6215,6231,78,0,6153,6216,192876,62,0,0,62,15
2020-09-22,US,South Dakota,Moody,75,0,0,44.02266214,-96.67081159,46101.0,1140.5109489051097,0.0,75,71,0,0,71,70,6579,4,0,0,4,1
2020-09-22,US,South Dakota,Oglala Lakota,228,3,0,43.33749164,-102.55554980000001,46102.0,1608.2386964802145,1.3157894736842106,225,229,3,0,226,222,14309,-1,0,0,-1,7
2020-09-22,US,South Dakota,Pennington,2041,35,0,44.0025835,-102.8240777,46103.0,1793.8914524280374,1.7148456638902498,2006,2004,35,0,1969,1984,111729,37,0,0,37,20
2020-09-22,US,South Dakota,Perkins,34,0,0,45.49049506,-102.47555859999999,46105.0,1186.7364746945898,0.0,34,30,0,0,30,30,2922,4,0,0,4,0
2020-09-22,US,South Dakota,Potter,39,0,0,45.06583079,-99.95498503,46107.0,1811.4259173246635,0.0,39,39,0,0,39,37,2207,0,0,0,0,2
2020-09-22,US,South Dakota,Roberts,163,1,0,45.62975048,-96.94672673,46109.0,1568.21243024822,0.6134969325153374,162,163,1,0,162,157,10447,0,0,0,0,6
2020-09-22,US,South Dakota,Sanborn,22,0,0,44.02351092,-98.09098159999999,46111.0,938.566552901024,0.0,22,20,0,0,20,19,2429,2,0,0,2,1
2020-09-22,US,South Dakota,Spink,113,0,0,44.93837606,-98.34626602,46115.0,1772.271016311167,0.0,113,106,0,0,106,106,6495,7,0,0,7,0
2020-09-22,US,South Dakota,Stanley,32,0,0,44.41381872,-100.7349153,46117.0,1032.9244673983214,0.0,32,32,0,0,32,32,3022,0,0,0,0,0
2020-09-22,US,South Dakota,Sully,9,0,0,44.71571812,-100.1278092,46119.0,647.0165348670023,0.0,9,9,0,0,9,9,1392,0,0,0,0,0
2020-09-22,US,South Dakota,Todd,108,5,0,43.19338568,-100.71955030000001,46121.0,1061.2164685074188,4.62962962962963,103,105,5,0,100,104,10283,3,0,0,3,1
2020-09-22,US,South Dakota,Tripp,99,0,0,43.34459388,-99.8854891,46123.0,1819.5184708693253,0.0,99,97,0,0,97,96,5478,2,0,0,2,1
2020-09-22,US,South Dakota,Turner,142,2,0,43.3109081,-97.14865776,46125.0,1693.702290076336,1.4084507042253518,140,141,2,0,139,137,8424,1,0,0,1,4
2020-09-22,US,South Dakota,Union,360,6,0,42.83112163,-96.6557828,46127.0,2259.6033140848613,1.6666666666666667,354,357,6,0,351,351,15619,3,0,0,3,6
2020-09-22,US,South Dakota,Walworth,93,0,0,45.43019636,-100.03075140000001,46129.0,1711.1315547378103,0.0,93,92,0,0,92,91,5587,1,0,0,1,1
2020-09-22,US,South Dakota,Yankton,360,4,0,43.00924485,-97.39467635,46135.0,1577.9784342947314,1.1111111111111112,356,357,4,0,353,353,22869,3,0,0,3,4
2020-09-22,US,South Dakota,Ziebach,60,0,0,44.97881876,-101.6654622,46137.0,2177.068214804064,0.0,60,60,0,0,60,60,2742,0,0,0,0,0
2020-09-22,US,Tennessee,Anderson,1138,11,0,36.12684348,-84.19965764,47001.0,1478.3444620540936,0.9666080843585236,1127,1133,11,0,1122,1123,76482,5,0,0,5,10
2020-09-22,US,Tennessee,Bedford,1313,17,0,35.51123746,-86.45549096,47003.0,2641.160259891779,1.2947448591012949,1296,1309,16,0,1293,1305,49038,4,1,0,3,4
2020-09-22,US,Tennessee,Benton,332,9,0,36.07110411,-88.06849355,47005.0,2054.4554455445545,2.710843373493976,323,332,9,0,323,332,16184,0,0,0,0,0
2020-09-22,US,Tennessee,Bledsoe,845,4,0,35.59942968,-85.20611967,47007.0,5609.399893786511,0.4733727810650887,841,845,4,0,841,846,14755,0,0,0,0,-1
2020-09-22,US,Tennessee,Blount,2449,23,0,35.68938198,-83.92847788,47009.0,1840.1358499639332,0.9391588403429972,2426,2440,23,0,2417,2433,131349,9,0,0,9,7
2020-09-22,US,Tennessee,Bradley,2868,17,0,35.15739424,-84.857186,47011.0,2652.8535750624364,0.592747559274756,2851,2858,16,0,2842,2850,106727,10,1,0,9,8
2020-09-22,US,Tennessee,Campbell,421,3,0,36.40355516,-84.15108559999999,47013.0,1056.6738617539281,0.7125890736342043,418,419,3,0,416,416,39583,2,0,0,2,3
2020-09-22,US,Tennessee,Cannon,279,0,0,35.80990797,-86.05738983,47015.0,1900.8039242403602,0.0,279,276,0,0,276,275,14462,3,0,0,3,1
2020-09-22,US,Tennessee,Carroll,839,18,0,35.97366108,-88.45189331,47017.0,3021.572370079591,2.1454112038140645,821,832,17,0,815,829,28020,7,1,0,6,3
2020-09-22,US,Tennessee,Carter,1127,28,0,36.28969086,-82.12588974,47019.0,1998.54586724832,2.4844720496894412,1099,1126,27,0,1099,1124,56351,1,1,0,0,2
2020-09-22,US,Tennessee,Cheatham,793,10,0,36.26136216,-87.08903581,47021.0,1949.9840165244545,1.261034047919294,783,790,10,0,780,788,40439,3,0,0,3,2
2020-09-22,US,Tennessee,Chester,595,9,0,35.42527478,-88.6095842,47023.0,3439.9028733306354,1.512605042016807,586,591,9,0,582,585,17276,4,0,0,4,6
2020-09-22,US,Tennessee,Claiborne,438,4,0,36.48319149,-83.65947309,47025.0,1370.5059607622266,0.9132420091324199,434,430,4,0,426,425,31756,8,0,0,8,5
2020-09-22,US,Tennessee,Clay,211,5,0,36.55151008,-85.53930419,47027.0,2770.847012475377,2.3696682464454977,206,210,5,0,205,187,7717,1,0,0,1,23
2020-09-22,US,Tennessee,Cocke,736,9,0,35.9278914,-83.11828725,47029.0,2044.217309187868,1.2228260869565215,727,734,9,0,725,732,35774,2,0,0,2,2
2020-09-22,US,Tennessee,Coffee,1125,12,0,35.49090731,-86.07311784,47031.0,1990.4458598726114,1.0666666666666669,1113,1108,12,0,1096,1097,55700,17,0,0,17,11
2020-09-22,US,Tennessee,Crockett,513,19,0,35.81830662,-89.14916269,47033.0,3605.059732958538,3.703703703703704,494,513,19,0,494,509,14328,0,0,0,0,4
2020-09-22,US,Tennessee,Cumberland,1155,18,0,35.95271721,-84.99840585,47035.0,1908.4600132187707,1.5584415584415583,1137,1153,17,0,1136,1152,59673,2,1,0,1,1
2020-09-22,US,Tennessee,Davidson,26087,294,0,36.17007426,-86.78646056,47037.0,3758.153927715287,1.1269981216697973,25793,26017,293,0,25724,25972,692587,70,1,0,69,45
2020-09-22,US,Tennessee,DeKalb,547,13,0,35.97616272,-85.83689361,47041.0,2669.594924353343,2.376599634369287,534,546,11,0,535,544,20138,1,2,0,-1,2
2020-09-22,US,Tennessee,Decatur,479,6,0,35.60048904,-88.11043779,47039.0,4107.005058732744,1.2526096033402925,473,478,6,0,472,470,11706,1,0,0,1,8
2020-09-22,US,Tennessee,Dickson,1207,14,0,36.14669837,-87.35891709,47043.0,2237.339660413732,1.15990057995029,1193,1199,13,0,1186,1193,53446,8,1,0,7,6
2020-09-22,US,Tennessee,Dyer,1287,12,0,36.05931946,-89.41542855,47045.0,3463.494711913668,0.9324009324009324,1275,1279,12,0,1267,1266,37320,8,0,0,8,13
2020-09-22,US,Tennessee,Fayette,1144,18,0,35.19615831,-89.41399032,47047.0,2781.221889966693,1.573426573426573,1126,1143,18,0,1125,1139,40507,1,0,0,1,4
2020-09-22,US,Tennessee,Fentress,447,3,0,36.38128818,-84.92870012,47049.0,2413.216001727582,0.6711409395973155,444,436,3,0,433,432,18217,11,0,0,11,4
2020-09-22,US,Tennessee,Franklin,926,7,0,35.15634626,-86.09201039,47051.0,2193.896891584534,0.7559395248380129,919,913,7,0,906,906,41890,13,0,0,13,7
2020-09-22,US,Tennessee,Gibson,1545,20,0,35.99438059,-88.93358327,47053.0,3144.526082266501,1.2944983818770226,1525,1538,19,0,1519,1523,49045,7,1,0,6,15
2020-09-22,US,Tennessee,Giles,569,17,0,35.20222469,-87.03992678,47055.0,1931.1702416508278,2.987697715289982,552,568,17,0,551,560,29503,1,0,0,1,8
2020-09-22,US,Tennessee,Grainger,354,3,0,36.27469206,-83.51254721,47057.0,1518.010291595197,0.8474576271186439,351,350,3,0,347,349,23145,4,0,0,4,1
2020-09-22,US,Tennessee,Greene,1112,37,0,36.17470125,-82.84691273,47059.0,1609.9842186798705,3.3273381294964035,1075,1107,37,0,1070,1106,69087,5,0,0,5,1
2020-09-22,US,Tennessee,Grundy,256,5,0,35.38433717,-85.72142731,47061.0,1906.6060922022793,1.953125,251,249,5,0,244,246,13346,7,0,0,7,3
2020-09-22,US,Tennessee,Hamblen,1839,25,0,36.21990035,-83.26586179,47063.0,2832.1064465457234,1.3594344752582923,1814,1838,25,0,1813,1836,64569,1,0,0,1,2
2020-09-22,US,Tennessee,Hamilton,9211,89,0,35.17670231,-85.16652245,47065.0,2504.322954617133,0.9662360221474324,9122,9144,89,0,9055,9106,364286,67,0,0,67,38
2020-09-22,US,Tennessee,Hancock,106,3,0,36.52692871,-83.22375847,47067.0,1601.2084592145015,2.830188679245283,103,106,3,0,103,107,6549,0,0,0,0,-1
2020-09-22,US,Tennessee,Hardeman,1534,25,0,35.20772017,-88.99161161,47069.0,6123.75249500998,1.6297262059973925,1509,1532,25,0,1507,1529,25220,2,0,0,2,3
2020-09-22,US,Tennessee,Hardin,972,14,0,35.19732531,-88.18593755,47071.0,3789.1782317168254,1.4403292181069958,958,967,14,0,953,967,25776,5,0,0,5,0
2020-09-22,US,Tennessee,Hawkins,773,16,0,36.44355426,-82.94885298,47073.0,1361.2510125735216,2.069857697283312,757,770,16,0,754,766,56530,3,0,0,3,4
2020-09-22,US,Tennessee,Haywood,924,16,0,35.58332824,-89.28536625,47075.0,5339.805825242718,1.7316017316017316,908,921,16,0,905,918,17335,3,0,0,3,3
2020-09-22,US,Tennessee,Henderson,1135,20,0,35.65581134,-88.38600175,47077.0,4036.703773517801,1.7621145374449338,1115,1131,19,0,1112,1124,27847,4,1,0,3,7
2020-09-22,US,Tennessee,Henry,607,9,0,36.33160906,-88.30121797,47079.0,1876.6424486010205,1.4827018121911038,598,602,9,0,593,601,32358,5,0,0,5,1
2020-09-22,US,Tennessee,Hickman,546,5,0,35.80609681,-87.47643507,47081.0,2168.559853840655,0.9157509157509156,541,538,5,0,533,530,25063,8,0,0,8,8
2020-09-22,US,Tennessee,Houston,193,1,0,36.28872054,-87.71878828,47083.0,2353.371540056091,0.5181347150259067,192,186,0,0,186,185,8263,7,1,0,6,1
2020-09-22,US,Tennessee,Humphreys,235,3,0,36.03958805,-87.77992872,47085.0,1264.6647293079325,1.2765957446808511,232,232,3,0,229,227,18486,3,0,0,3,5
2020-09-22,US,Tennessee,Jackson,308,5,0,36.36380466,-85.67239905,47087.0,2613.269981333786,1.6233766233766234,303,305,5,0,300,305,11758,3,0,0,3,0
2020-09-22,US,Tennessee,Jefferson,1074,14,0,36.04818632,-83.45148924,47089.0,1970.8230112854392,1.303538175046555,1060,1066,14,0,1052,1066,54012,8,0,0,8,0
2020-09-22,US,Tennessee,Johnson,649,2,0,36.45523950000001,-81.84886538,47091.0,3648.527096919272,0.3081664098613251,647,648,2,0,646,645,17778,1,0,0,1,3
2020-09-22,US,Tennessee,Knox,9052,73,0,35.99508821,-83.94635435,47093.0,1924.675694696936,0.8064516129032258,8979,8998,72,0,8926,8923,465289,54,1,0,53,75
2020-09-22,US,Tennessee,Lake,915,2,0,36.34180170000001,-89.48921915,47095.0,13041.619156214369,0.2185792349726776,913,915,2,0,913,873,7411,0,0,0,0,42
2020-09-22,US,Tennessee,Lauderdale,942,15,0,35.75893438,-89.63015909999999,47097.0,3674.9502594312016,1.5923566878980893,927,936,15,0,921,937,25825,6,0,0,6,-1
2020-09-22,US,Tennessee,Lawrence,977,11,0,35.21675201,-87.39787695,47099.0,2213.3115853382265,1.1258955987717505,966,970,11,0,959,954,43734,7,0,0,7,16
2020-09-22,US,Tennessee,Lewis,179,1,0,35.52853208,-87.49022694,47101.0,1459.0805347244864,0.5586592178770949,178,177,1,0,176,177,12086,2,0,0,2,0
2020-09-22,US,Tennessee,Lincoln,581,1,0,35.13738622,-86.58910106,47103.0,1690.6244544026072,0.1721170395869191,580,579,1,0,578,578,34117,2,0,0,2,1
2020-09-22,US,Tennessee,Loudon,1121,6,0,35.73939663,-84.31145275,47105.0,2073.315084708145,0.5352363960749331,1115,1115,6,0,1109,1112,53054,6,0,0,6,3
2020-09-22,US,Tennessee,Macon,1023,20,0,36.53157855,-86.00778595,47111.0,4158.198520445492,1.9550342130987293,1003,1020,20,0,1000,1015,24265,3,0,0,3,5
2020-09-22,US,Tennessee,Madison,2750,60,0,35.61181957,-88.84076036,47113.0,2806.5806662312207,2.1818181818181817,2690,2701,56,0,2645,2641,97605,49,4,0,45,60
2020-09-22,US,Tennessee,Marion,504,7,0,35.12997174,-85.62265895,47115.0,1743.5223302314319,1.3888888888888888,497,500,7,0,493,499,28575,4,0,0,4,1
2020-09-22,US,Tennessee,Marshall,720,5,0,35.45798777,-86.76420988,47117.0,2094.5454545454545,0.6944444444444444,715,717,5,0,712,713,33683,3,0,0,3,4
2020-09-22,US,Tennessee,Maury,2274,23,0,35.618741299999996,-87.07462444,47119.0,2359.2393165053377,1.011433597185576,2251,2260,23,0,2237,2238,94340,14,0,0,14,22
2020-09-22,US,Tennessee,McMinn,1076,24,0,35.42812616,-84.61520715,47107.0,2000.2230732051896,2.2304832713754648,1052,1068,24,0,1044,1063,53285,8,0,0,8,5
2020-09-22,US,Tennessee,McNairy,816,18,0,35.17468549,-88.5647812,47109.0,3175.8387172102434,2.2058823529411766,798,810,16,0,794,807,25832,6,2,0,4,3
2020-09-22,US,Tennessee,Meigs,221,3,0,35.51558739,-84.81482914,47121.0,1779.1015939462243,1.3574660633484164,218,221,3,0,218,220,12306,0,0,0,0,1
2020-09-22,US,Tennessee,Monroe,1003,16,0,35.44550387,-84.24902965,47123.0,2154.9038564829734,1.5952143569292123,987,1001,16,0,985,995,46357,2,0,0,2,6
2020-09-22,US,Tennessee,Montgomery,2971,43,0,36.49609412,-87.38550661,47125.0,1421.5787131626419,1.447324133288455,2928,2962,43,0,2919,2952,205950,9,0,0,9,10
2020-09-22,US,Tennessee,Moore,154,1,0,35.27724699,-86.36230578,47127.0,2373.612823674476,0.6493506493506493,153,154,1,0,153,153,6411,0,0,0,0,1
2020-09-22,US,Tennessee,Morgan,306,3,0,36.13248031,-84.64880098,47129.0,1429.7061159650516,0.9803921568627452,303,305,3,0,302,304,21579,1,0,0,1,1
2020-09-22,US,Tennessee,Obion,1096,9,0,36.35732446,-89.14921589,47131.0,3644.949948451893,0.8211678832116789,1087,1088,9,0,1079,1088,30267,8,0,0,8,0
2020-09-22,US,Tennessee,Out of TN,2968,25,0,0.0,0.0,80047.0,0.0,0.8423180592991913,2943,3013,24,0,2989,2944,,-45,1,0,-46,69
2020-09-22,US,Tennessee,Overton,681,5,0,36.34117832,-85.28989535,47133.0,3061.912683782204,0.7342143906020558,676,680,5,0,675,678,22068,1,0,0,1,2
2020-09-22,US,Tennessee,Perry,150,0,0,35.63708728,-87.86139634,47135.0,1857.3551263001486,0.0,150,146,0,0,146,143,8064,4,0,0,4,3
2020-09-22,US,Tennessee,Pickett,103,2,0,36.55606529,-85.07763299999998,47137.0,2040.4120443740094,1.9417475728155342,101,98,2,0,96,96,5082,5,0,0,5,2
2020-09-22,US,Tennessee,Polk,380,11,0,35.12245443,-84.52075859,47139.0,2257.6045627376425,2.8947368421052637,369,378,11,0,367,377,16898,2,0,0,2,1
2020-09-22,US,Tennessee,Putnam,3088,38,0,36.14005459,-85.50646123,47141.0,3848.2148420462336,1.2305699481865284,3050,3070,37,0,3033,3061,78843,18,1,0,17,9
2020-09-22,US,Tennessee,Rhea,788,11,0,35.60536161,-84.93076643,47143.0,2375.855519040009,1.3959390862944163,777,781,11,0,770,772,33044,7,0,0,7,9
2020-09-22,US,Tennessee,Roane,849,3,0,35.84923189,-84.52458689,47145.0,1590.4237383387658,0.353356890459364,846,841,4,0,837,835,53140,8,-1,0,9,6
2020-09-22,US,Tennessee,Robertson,2173,34,0,36.52454807,-86.87346725,47147.0,3025.914528010249,1.5646571560055222,2139,2172,33,0,2139,2162,71012,1,1,0,0,10
2020-09-22,US,Tennessee,Rutherford,9058,88,0,35.84591405,-86.4107263,47149.0,2725.973185668929,0.9715168911459484,8970,9031,87,0,8944,8986,324890,27,1,0,26,45
2020-09-22,US,Tennessee,Scott,202,2,0,36.42325673,-84.50360494,47151.0,915.3525466739168,0.99009900990099,200,200,2,0,198,200,22039,2,0,0,2,0
2020-09-22,US,Tennessee,Sequatchie,223,3,0,35.36979721,-85.41022136,47153.0,1484.094236656462,1.345291479820628,220,223,3,0,220,222,14876,0,0,0,0,1
2020-09-22,US,Tennessee,Sevier,2537,15,0,35.78077323,-83.52244332,47155.0,2582.1882951653947,0.5912495072920773,2522,2518,13,0,2505,2515,97892,19,2,0,17,3
2020-09-22,US,Tennessee,Shelby,30244,449,0,35.1864775,-89.89692423,47157.0,3227.1764020461687,1.4845919851871443,29795,30155,447,0,29708,30062,935764,89,2,0,87,93
2020-09-22,US,Tennessee,Smith,678,10,0,36.25359775,-85.95411046,47159.0,3363.595773180533,1.4749262536873156,668,678,10,0,668,673,19942,0,0,0,0,5
2020-09-22,US,Tennessee,Stewart,177,2,0,36.50235092,-87.83920548,47161.0,1290.5577834487788,1.1299435028248588,175,175,2,0,173,173,13561,2,0,0,2,2
2020-09-22,US,Tennessee,Sullivan,2071,31,0,36.51240691,-82.30412917,47163.0,1307.8788491171345,1.496861419604056,2040,2054,31,0,2023,2051,157668,17,0,0,17,3
2020-09-22,US,Tennessee,Sumner,4721,93,0,36.46824103,-86.45917204,47165.0,2468.070868817407,1.9699216267739883,4628,4705,93,0,4612,4686,187149,16,0,0,16,19
2020-09-22,US,Tennessee,Tipton,1745,17,0,35.501942,-89.73694895,47167.0,2832.8381954252504,0.9742120343839542,1728,1739,17,0,1722,1733,61581,6,0,0,6,6
2020-09-22,US,Tennessee,Trousdale,1651,7,0,36.39026213,-86.16087954,47169.0,14631.336405529952,0.4239854633555421,1644,1651,7,0,1644,1651,11012,0,0,0,0,0
2020-09-22,US,Tennessee,Unassigned,2891,6,0,0.0,0.0,90047.0,0.0,0.20754064337599445,2885,2891,6,0,2885,2881,,0,0,0,0,10
2020-09-22,US,Tennessee,Unicoi,280,1,0,36.10890856,-82.43709629,47171.0,1565.7328188782642,0.35714285714285715,279,280,1,0,279,277,17761,0,0,0,0,3
2020-09-22,US,Tennessee,Union,339,1,0,36.28590426,-83.83651902,47173.0,1697.3763268576004,0.2949852507374631,338,337,1,0,336,334,19688,2,0,0,2,3
2020-09-22,US,Tennessee,Van Buren,154,0,0,35.69864497,-85.45221699,47175.0,2622.615803814713,0.0,154,153,0,0,153,153,5765,1,0,0,1,0
2020-09-22,US,Tennessee,Warren,1012,7,0,35.672829899999996,-85.77969117,47177.0,2451.7285655449773,0.691699604743083,1005,1012,7,0,1005,1007,40878,0,0,0,0,5
2020-09-22,US,Tennessee,Washington,2186,34,0,36.29472368,-82.49454720000001,47179.0,1689.6618357487923,1.555352241537054,2152,2179,33,0,2146,2167,128607,7,1,0,6,12
2020-09-22,US,Tennessee,Wayne,1485,6,0,35.23868267,-87.78644456,47181.0,8906.615486115275,0.404040404040404,1479,1480,5,0,1475,1479,16558,5,1,0,4,1
2020-09-22,US,Tennessee,Weakley,1122,19,0,36.29896232,-88.71990865,47183.0,3366.538646183389,1.6934046345811051,1103,1118,19,0,1099,1117,33415,4,0,0,4,1
2020-09-22,US,Tennessee,White,788,9,0,35.92929884,-85.45591799,47185.0,2881.6968367160357,1.1421319796954317,779,784,9,0,775,776,27107,4,0,0,4,8
2020-09-22,US,Tennessee,Williamson,5096,36,0,35.89099229,-86.89281867,47187.0,2137.476301528446,0.706436420722135,5060,5089,36,0,5053,5077,231729,7,0,0,7,12
2020-09-22,US,Tennessee,Wilson,3384,43,0,36.15496772,-86.29775884,47189.0,2339.326821377465,1.2706855791962175,3341,3373,43,0,3330,3358,140625,11,0,0,11,15
2020-09-22,US,Texas,Anderson,2801,31,0,31.81534745,-95.65354823,48001.0,4851.476574001907,1.1067475901463764,2770,2792,31,0,2761,1741,58057,9,0,0,9,1051
2020-09-22,US,Texas,Andrews,412,8,0,32.30468633,-102.63765479999999,48003.0,2202.619620422347,1.9417475728155342,404,412,8,0,404,412,18128,0,0,0,0,0
2020-09-22,US,Texas,Angelina,2120,79,0,31.25457347,-94.60901487,48005.0,2444.7904053508623,3.726415094339623,2041,2113,79,0,2034,2113,87092,7,0,0,7,0
2020-09-22,US,Texas,Aransas,320,18,0,28.10556197,-96.9995047,48007.0,1361.122926414292,5.625,302,319,18,0,301,316,23792,1,0,0,1,3
2020-09-22,US,Texas,Archer,79,1,0,33.61569967,-98.68754589,48009.0,923.6525195837718,1.2658227848101269,78,69,1,0,68,69,8786,10,0,0,10,0
2020-09-22,US,Texas,Armstrong,13,1,0,34.96507426,-101.35748740000001,48011.0,688.924218335983,7.6923076923076925,12,12,1,0,11,12,1892,1,0,0,1,0
2020-09-22,US,Texas,Atascosa,1150,30,0,28.89333001,-98.52730485,48013.0,2248.157488319356,2.608695652173913,1120,1149,30,0,1119,627,50310,1,0,0,1,522
2020-09-22,US,Texas,Austin,483,9,0,29.88548725,-96.27736949,48015.0,1608.2844965370273,1.8633540372670807,474,491,9,0,482,491,29989,-8,0,0,-8,0
2020-09-22,US,Texas,Bailey,210,5,0,34.06854817,-102.8299707,48017.0,3000.0,2.380952380952381,205,206,5,0,201,206,7027,4,0,0,4,0
2020-09-22,US,Texas,Bandera,153,7,0,29.74619598,-99.24598147,48019.0,661.9937694704049,4.575163398692809,146,153,7,0,146,112,22824,0,0,0,0,41
2020-09-22,US,Texas,Bastrop,1802,28,0,30.10370699,-97.31206354,48021.0,2031.0404292009964,1.5538290788013318,1774,1789,28,0,1761,1789,86976,13,0,0,13,0
2020-09-22,US,Texas,Baylor,17,0,0,33.61640794,-99.21352901,48023.0,484.4685095468794,0.0,17,14,0,0,14,14,3582,3,0,0,3,0
2020-09-22,US,Texas,Bee,1834,30,0,28.41761668,-97.74215593,48025.0,5631.813296483955,1.6357688113413305,1804,1834,30,0,1804,1813,32587,0,0,0,0,21
2020-09-22,US,Texas,Bell,5327,82,0,31.03736027,-97.4785025,48027.0,1467.8004210247875,1.539327951942932,5245,5306,79,0,5227,5306,355642,21,3,0,18,0
2020-09-22,US,Texas,Bexar,56639,1255,0,29.44928723,-98.52019748,48029.0,2826.9265515179527,2.2157877081163155,55384,53443,1248,0,52195,53341,1986049,3196,7,0,3189,102
2020-09-22,US,Texas,Blanco,142,5,0,30.26640707,-98.3999852,48031.0,1190.1768502221105,3.5211267605633805,137,141,5,0,136,141,11702,1,0,0,1,0
2020-09-22,US,Texas,Bosque,304,6,0,31.89978581,-97.63613524,48035.0,1626.9735081616268,1.973684210526316,298,294,6,0,288,294,18691,10,0,0,10,0
2020-09-22,US,Texas,Bowie,1269,50,0,33.44626922,-94.41834132,48037.0,1360.9308810123864,3.9401103230890464,1219,1255,50,0,1205,1253,94324,14,0,0,14,2
2020-09-22,US,Texas,Brazoria,11045,159,0,29.18757369,-95.44563172,48039.0,2951.125408802343,1.4395654142145766,10886,11047,158,0,10889,11034,370200,-2,1,0,-3,13
2020-09-22,US,Texas,Brazos,6122,62,0,30.663644800000004,-96.30205577,48041.0,2670.901483785682,1.0127409343351843,6060,6102,62,0,6040,6081,226758,20,0,0,20,21
2020-09-22,US,Texas,Brewster,215,2,0,29.81008251,-103.25203259999999,48043.0,2336.194719113333,0.9302325581395348,213,214,2,0,212,214,9267,1,0,0,1,0
2020-09-22,US,Texas,Briscoe,12,1,0,34.53026962,-101.2084947,48045.0,776.1966364812421,8.333333333333334,11,12,1,0,11,12,1516,0,0,0,0,0
2020-09-22,US,Texas,Brooks,303,22,0,27.03103197,-98.21808402,48047.0,4271.817284646835,7.260726072607262,281,298,22,0,276,298,7114,5,0,0,5,0
2020-09-22,US,Texas,Brown,555,21,0,31.77430356,-98.99907113,48049.0,1465.7722374815128,3.783783783783784,534,543,21,0,522,543,37924,12,0,0,12,0
2020-09-22,US,Texas,Burleson,328,6,0,30.49273808,-96.62158484,48051.0,1778.452529414954,1.8292682926829267,322,327,6,0,321,327,18389,1,0,0,1,0
2020-09-22,US,Texas,Burnet,709,12,0,30.78801353,-98.181887,48053.0,1472.328937805005,1.6925246826516216,697,701,12,0,689,701,47542,8,0,0,8,0
2020-09-22,US,Texas,Caldwell,1497,35,0,29.83668859,-97.61814775,48055.0,3428.453646024185,2.3380093520374086,1462,1488,35,0,1453,1488,43247,9,0,0,9,0
2020-09-22,US,Texas,Calhoun,816,7,0,28.47048236,-96.61633945,48057.0,3832.7853452325044,0.8578431372549019,809,812,7,0,805,626,21561,4,0,0,4,186
2020-09-22,US,Texas,Callahan,86,3,0,32.29760619,-99.37326312,48059.0,616.7969590475508,3.4883720930232562,83,84,3,0,81,84,13994,2,0,0,2,0
2020-09-22,US,Texas,Cameron,22499,877,0,26.14524221,-97.48140372,48061.0,5316.863714455187,3.897951020045336,21622,22405,872,0,21533,22405,423908,94,5,0,89,0
2020-09-22,US,Texas,Camp,350,10,0,32.97195142,-94.97790104,48063.0,2672.979990835497,2.8571428571428568,340,349,10,0,339,349,13033,1,0,0,1,0
2020-09-22,US,Texas,Carson,19,0,0,35.40365929,-101.35426690000001,48065.0,320.620992237597,0.0,19,18,0,0,18,18,6005,1,0,0,1,0
2020-09-22,US,Texas,Cass,330,14,0,33.07499881,-94.34646905,48067.0,1099.0474921734497,4.242424242424242,316,322,14,0,308,312,30119,8,0,0,8,10
2020-09-22,US,Texas,Castro,250,5,0,34.53016752,-102.2617243,48069.0,3320.053120849933,2.0,245,249,5,0,244,249,7665,1,0,0,1,0
2020-09-22,US,Texas,Chambers,1271,8,0,29.70972016,-94.67154501,48071.0,2899.377238405913,0.6294256490952006,1263,1261,8,0,1253,1261,42454,10,0,0,10,0
2020-09-22,US,Texas,Cherokee,1529,28,0,31.837258000000002,-95.16559897,48073.0,2904.304220643544,1.8312622629169395,1501,1522,28,0,1494,1522,52592,7,0,0,7,0
2020-09-22,US,Texas,Childress,66,0,0,34.529304100000004,-100.2077916,48075.0,903.367095537914,0.0,66,66,0,0,66,66,7291,0,0,0,0,0
2020-09-22,US,Texas,Clay,80,1,0,33.78686685,-98.20771198,48077.0,764.0148982905166,1.25,79,76,1,0,75,76,10456,4,0,0,4,0
2020-09-22,US,Texas,Cochran,49,1,0,33.60425307,-102.82844990000001,48079.0,1717.490361023484,2.0408163265306123,48,48,1,0,47,48,2836,1,0,0,1,0
2020-09-22,US,Texas,Coke,52,3,0,31.88911733,-100.5297533,48081.0,1535.281960436965,5.769230769230768,49,51,3,0,48,51,3370,1,0,0,1,0
2020-09-22,US,Texas,Coleman,70,3,0,31.76736834,-99.45240766,48083.0,856.2691131498468,4.285714285714286,67,67,3,0,64,67,8397,3,0,0,3,0
2020-09-22,US,Texas,Collin,13060,138,0,33.18820114,-96.57264368,48085.0,1262.1650092294608,1.0566615620214397,12922,13011,137,0,12874,12966,1005146,49,1,0,48,45
2020-09-22,US,Texas,Collingsworth,18,0,0,34.96489496,-100.27001109999999,48087.0,616.4383561643834,0.0,18,18,0,0,18,18,2962,0,0,0,0,0
2020-09-22,US,Texas,Colorado,480,4,0,29.622097999999998,-96.5273805,48089.0,2233.285255664635,0.8333333333333334,476,480,4,0,476,480,21217,0,0,0,0,0
2020-09-22,US,Texas,Comal,2642,102,0,29.80811278,-98.27647225,48091.0,1691.3238033660032,3.8607115821347455,2540,2606,102,0,2504,2606,148373,36,0,0,36,0
2020-09-22,US,Texas,Comanche,294,3,0,31.94854689,-98.55876441,48093.0,2156.2156215621562,1.020408163265306,291,280,3,0,277,280,13534,14,0,0,14,0
2020-09-22,US,Texas,Concho,128,2,0,31.32635934,-99.86473038,48095.0,4695.524578136464,1.5625,126,89,2,0,87,89,4276,39,0,0,39,0
2020-09-22,US,Texas,Cooke,410,5,0,33.63979567,-97.21240912,48097.0,993.7707540538576,1.2195121951219512,405,395,5,0,390,395,40574,15,0,0,15,0
2020-09-22,US,Texas,Coryell,1799,12,0,31.39078397,-97.79936155,48099.0,2368.632407736567,0.6670372429127293,1787,1795,12,0,1783,1792,74808,4,0,0,4,3
2020-09-22,US,Texas,Cottle,25,2,0,34.07783319,-100.27850620000001,48101.0,1788.26895565093,8.0,23,25,2,0,23,25,1389,0,0,0,0,0
2020-09-22,US,Texas,Crane,71,2,0,31.43052248,-102.5143314,48103.0,1480.091723994163,2.8169014084507036,69,71,2,0,69,71,4794,0,0,0,0,0
2020-09-22,US,Texas,Crockett,164,6,0,30.72367027,-101.4134238,48105.0,4734.411085450346,3.6585365853658534,158,164,6,0,158,164,3499,0,0,0,0,0
2020-09-22,US,Texas,Crosby,87,3,0,33.61431553,-101.30003640000001,48107.0,1516.4720237057693,3.4482758620689653,84,86,3,0,83,86,5779,1,0,0,1,0
2020-09-22,US,Texas,Culberson,53,2,0,31.44506775,-104.5185739,48109.0,2441.2713035467527,3.7735849056603774,51,51,2,0,49,51,2204,2,0,0,2,0
2020-09-22,US,Texas,Dallam,238,8,0,36.27787176,-102.60207249999999,48111.0,3266.0902977905853,3.361344537815126,230,232,8,0,224,232,7200,6,0,0,6,0
2020-09-22,US,Texas,Dallas,78205,1091,0,32.76670599,-96.77796049999999,48113.0,2967.350606105218,1.3950514672974874,77114,78205,1085,0,77120,77889,2637772,0,6,0,-6,316
2020-09-22,US,Texas,Dawson,374,9,0,32.74255572,-101.94772420000001,48115.0,2938.403519798869,2.406417112299465,365,353,9,0,344,353,12619,21,0,0,21,0
2020-09-22,US,Texas,DeWitt,974,33,0,29.08101855,-97.35681170000001,48123.0,4831.349206349207,3.3880903490759757,941,975,33,0,942,975,20187,-1,0,0,-1,0
2020-09-22,US,Texas,Deaf Smith,861,20,0,34.96522957,-102.6054267,48117.0,4642.510514396636,2.3228803716608595,841,855,20,0,835,855,18760,6,0,0,6,0
2020-09-22,US,Texas,Delta,24,0,0,33.38570922,-95.66921122,48119.0,450.19696117051217,0.0,24,24,0,0,24,24,5349,0,0,0,0,0
2020-09-22,US,Texas,Denton,11702,150,0,33.20521901,-97.11691153,48121.0,1318.9706573550482,1.2818321654418048,11552,11607,149,0,11458,11501,859064,95,1,0,94,106
2020-09-22,US,Texas,Dickens,48,2,0,33.61616822,-100.7788855,48125.0,2170.963364993216,4.166666666666667,46,48,2,0,46,48,2249,0,0,0,0,0
2020-09-22,US,Texas,Dimmit,253,7,0,28.42270064,-99.75645095,48127.0,2499.0122481232715,2.766798418972332,246,248,7,0,241,195,10308,5,0,0,5,53
2020-09-22,US,Texas,Donley,61,1,0,34.96517499,-100.8140093,48129.0,1860.890787065284,1.639344262295082,60,59,1,0,58,59,3319,2,0,0,2,0
2020-09-22,US,Texas,Duval,433,14,0,27.68184592,-98.50864568,48131.0,3880.9715873442683,3.233256351039261,419,418,14,0,404,419,11212,15,0,0,15,-1
2020-09-22,US,Texas,Eastland,167,3,0,32.32743996,-98.83243566,48133.0,909.5860566448804,1.7964071856287425,164,158,3,0,155,158,18322,9,0,0,9,0
2020-09-22,US,Texas,Ector,4686,94,0,31.86898877,-102.54294279999999,48135.0,2819.1044560620367,2.0059752454118653,4592,4649,93,0,4556,4601,162124,37,1,0,36,48
2020-09-22,US,Texas,Edwards,67,1,0,29.98202582,-100.304252,48137.0,3467.9089026915112,1.492537313432836,66,67,1,0,66,34,1928,0,0,0,0,33
2020-09-22,US,Texas,El Paso,22821,508,0,31.76980765,-106.23632749999999,48141.0,2719.2524647358678,2.2260198939573197,22313,22652,505,0,22147,22476,840758,169,3,0,166,176
2020-09-22,US,Texas,Ellis,4291,67,0,32.34894117,-96.79371841,48139.0,2321.643058876997,1.5614075972966674,4224,4192,66,0,4126,4192,179436,99,1,0,98,0
2020-09-22,US,Texas,Erath,831,12,0,32.23602653,-98.21773417,48143.0,1946.226989554546,1.444043321299639,819,804,12,0,792,804,42446,27,0,0,27,0
2020-09-22,US,Texas,Falls,227,5,0,31.25350609,-96.93630086,48145.0,1312.3663062958894,2.202643171806167,222,223,5,0,218,222,17335,4,0,0,4,1
2020-09-22,US,Texas,Fannin,666,14,0,33.59564294,-96.10751083,48147.0,1875.3167764825141,2.1021021021021022,652,656,14,0,642,656,35286,10,0,0,10,0
2020-09-22,US,Texas,Fayette,585,18,0,29.87788372,-96.92076062,48149.0,2308.056498066756,3.0769230769230766,567,579,18,0,561,573,25349,6,0,0,6,6
2020-09-22,US,Texas,Fisher,65,3,0,32.74281316,-100.40193020000001,48151.0,1697.1279373368145,4.615384615384615,62,64,2,0,62,64,3839,1,1,0,0,0
2020-09-22,US,Texas,Floyd,106,9,0,34.07227468,-101.3031546,48153.0,1855.742296918768,8.49056603773585,97,106,9,0,97,106,5837,0,0,0,0,0
2020-09-22,US,Texas,Foard,9,0,0,33.97308618,-99.7767797,48155.0,779.2207792207793,0.0,9,9,0,0,9,9,1200,0,0,0,0,0
2020-09-22,US,Texas,Fort Bend,15908,279,0,29.52704478,-95.77219463,48157.0,1959.8663525886795,1.7538345486547648,15629,15814,278,0,15536,15789,787858,94,1,0,93,25
2020-09-22,US,Texas,Franklin,132,6,0,33.17653242,-95.21917243,48159.0,1230.7692307692307,4.545454545454546,126,130,6,0,124,130,10766,2,0,0,2,0
2020-09-22,US,Texas,Freestone,406,2,0,31.70422788,-96.15072516,48161.0,2059.1367855150384,0.4926108374384237,404,403,2,0,401,404,19808,3,0,0,3,-1
2020-09-22,US,Texas,Frio,972,8,0,28.86751206,-99.10804207,48163.0,4786.762533241406,0.8230452674897121,964,970,8,0,962,671,19816,2,0,0,2,299
2020-09-22,US,Texas,Gaines,317,8,0,32.74055318,-102.6353295,48165.0,1474.9674297412992,2.5236593059936907,309,313,8,0,305,313,20901,4,0,0,4,0
2020-09-22,US,Texas,Galveston,11473,153,0,29.40167322,-94.90469073,48167.0,3353.3154653518013,1.3335657630959643,11320,11450,153,0,11297,11450,337890,23,0,0,23,0
2020-09-22,US,Texas,Garza,103,4,0,33.17969345,-101.2984114,48169.0,1653.5559479852304,3.8834951456310685,99,103,4,0,99,103,6578,0,0,0,0,0
2020-09-22,US,Texas,Gillespie,309,10,0,30.31824095,-98.94676915,48171.0,1144.9533125833705,3.236245954692557,299,309,10,0,299,213,26804,0,0,0,0,96
2020-09-22,US,Texas,Glasscock,8,0,0,31.86942909,-101.5207776,48173.0,567.7785663591201,0.0,8,7,0,0,7,7,1388,1,0,0,1,0
2020-09-22,US,Texas,Goliad,154,6,0,28.65696592,-97.42760647,48175.0,2010.9689213893967,3.8961038961038965,148,154,6,0,148,154,7584,0,0,0,0,0
2020-09-22,US,Texas,Gonzales,1057,16,0,29.45634206,-97.49424032,48177.0,5072.707203532178,1.5137180700094608,1041,1056,16,0,1040,822,20826,1,0,0,1,234
2020-09-22,US,Texas,Gray,289,5,0,35.40081878,-100.8129222,48179.0,1320.4788449236955,1.7301038062283738,284,283,5,0,278,283,21895,6,0,0,6,0
2020-09-22,US,Texas,Grayson,1796,37,0,33.62744998,-96.67753461,48181.0,1318.5328752239157,2.060133630289532,1759,1791,36,0,1755,1791,133991,5,1,0,4,0
2020-09-22,US,Texas,Gregg,2171,61,0,32.47940482,-94.81591935,48183.0,1751.5833635886884,2.809765085214187,2110,2131,59,0,2072,2131,123707,40,2,0,38,0
2020-09-22,US,Texas,Grimes,1075,31,0,30.54579585,-95.98902499,48185.0,3722.299168975069,2.8837209302325584,1044,1067,31,0,1036,1067,28360,8,0,0,8,0
2020-09-22,US,Texas,Guadalupe,3550,76,0,29.58165339,-97.94786822,48187.0,2127.6978309469155,2.140845070422535,3474,3545,76,0,3469,1958,163694,5,0,0,5,1587
2020-09-22,US,Texas,Hale,1807,53,0,34.07044901,-101.82681140000001,48189.0,5409.207926719751,2.9330381848367457,1754,1807,53,0,1754,1797,33830,0,0,0,0,10
2020-09-22,US,Texas,Hall,27,1,0,34.5307555,-100.68138520000001,48191.0,910.9311740890688,3.703703703703704,26,24,1,0,23,24,3028,3,0,0,3,0
2020-09-22,US,Texas,Hamilton,118,4,0,31.70470573,-98.11083887,48193.0,1394.6342039947995,3.3898305084745757,114,115,4,0,111,115,8484,3,0,0,3,0
2020-09-22,US,Texas,Hansford,111,4,0,36.27743284,-101.3545796,48195.0,2055.936284497129,3.603603603603604,107,111,4,0,107,111,5463,0,0,0,0,0
2020-09-22,US,Texas,Hardeman,25,0,0,34.28944521,-99.74632408,48197.0,635.6470887363338,0.0,25,24,0,0,24,24,3922,1,0,0,1,0
2020-09-22,US,Texas,Hardin,1319,29,0,30.33364686,-94.38931817,48199.0,2289.851046838652,2.1986353297952994,1290,1317,28,0,1289,1317,57207,2,1,0,1,0
2020-09-22,US,Texas,Harris,138473,2518,0,29.85864939,-95.39339521,48201.0,2937.9047699872167,1.8184050320279044,135955,137946,2505,0,135441,123817,4698619,527,13,0,514,14129
2020-09-22,US,Texas,Harrison,871,31,0,32.54935988,-94.36934071,48203.0,1308.7313870148605,3.5591274397244548,840,868,31,0,837,865,66726,3,0,0,3,3
2020-09-22,US,Texas,Hartley,123,0,0,35.84008013,-102.6029022,48205.0,2205.8823529411766,0.0,123,118,0,0,118,117,5619,5,0,0,5,1
2020-09-22,US,Texas,Haskell,62,2,0,33.17823584,-99.73037358,48207.0,1095.7935666313183,3.2258064516129035,60,62,2,0,60,62,5813,0,0,0,0,0
2020-09-22,US,Texas,Hays,5799,60,0,30.05669873,-98.02944344,48209.0,2519.2123063021577,1.0346611484738748,5739,5778,60,0,5718,5736,222631,21,0,0,21,42
2020-09-22,US,Texas,Hemphill,73,0,0,35.83764858,-100.2703577,48211.0,1911.4951557999482,0.0,73,73,0,0,73,73,3825,0,0,0,0,0
2020-09-22,US,Texas,Henderson,932,23,0,32.21128872,-95.85846587,48213.0,1126.4609545910535,2.467811158798283,909,923,23,0,900,923,82299,9,0,0,9,0
2020-09-22,US,Texas,Hidalgo,30998,1563,0,26.39418217,-98.18299696,48215.0,3568.291725518501,5.0422607910187764,29435,30743,1540,0,29203,30577,865939,255,23,0,232,166
2020-09-22,US,Texas,Hill,615,13,0,31.99045053,-97.13423143,48217.0,1678.0812573330786,2.1138211382113816,602,605,13,0,592,605,36354,10,0,0,10,0
2020-09-22,US,Texas,Hockley,331,8,0,33.60771256,-102.3431676,48219.0,1437.817644759133,2.416918429003021,323,326,8,0,318,326,22980,5,0,0,5,0
2020-09-22,US,Texas,Hood,917,26,0,32.42990927,-97.83242024,48221.0,1487.5979429943384,2.8353326063249726,891,882,26,0,856,882,60537,35,0,0,35,0
2020-09-22,US,Texas,Hopkins,336,8,0,33.14875072,-95.56351139,48223.0,906.0511271707477,2.380952380952381,328,325,8,0,317,322,36810,11,0,0,11,3
2020-09-22,US,Texas,Houston,368,10,0,31.31925973,-95.42226208,48225.0,1602.229188436085,2.717391304347826,358,364,10,0,354,361,23169,4,0,0,4,3
2020-09-22,US,Texas,Howard,677,12,0,32.30621324,-101.4356444,48227.0,1846.4979271219725,1.7725258493353029,665,620,12,0,608,619,36459,57,0,0,57,1
2020-09-22,US,Texas,Hudspeth,45,3,0,31.45628381,-105.388178,48229.0,920.9987720016372,6.666666666666668,42,45,3,0,42,45,4795,0,0,0,0,0
2020-09-22,US,Texas,Hunt,1595,36,0,33.12351514,-96.08551032,48231.0,1617.7455017546704,2.25705329153605,1559,1557,35,0,1522,1557,96493,38,1,0,37,0
2020-09-22,US,Texas,Hutchinson,193,4,0,35.84006574,-101.3546643,48233.0,921.7690323813164,2.0725388601036268,189,192,3,0,189,192,21198,1,1,0,0,0
2020-09-22,US,Texas,Irion,10,0,0,31.30375559,-100.982439,48235.0,651.0416666666666,0.0,10,10,0,0,10,10,1522,0,0,0,0,0
2020-09-22,US,Texas,Jack,129,2,0,33.23377248,-98.17283469,48237.0,1443.7604924454392,1.5503875968992251,127,131,2,0,129,131,8843,-2,0,0,-2,0
2020-09-22,US,Texas,Jackson,605,15,0,28.95472367,-96.57749563,48239.0,4098.915989159892,2.479338842975207,590,604,15,0,589,527,14874,1,0,0,1,77
2020-09-22,US,Texas,Jasper,459,25,0,30.74685667,-94.02667579,48241.0,1291.9023895972305,5.446623093681917,434,459,25,0,434,459,35872,0,0,0,0,0
2020-09-22,US,Texas,Jeff Davis,14,0,0,30.71490589,-104.1399973,48243.0,615.6552330694811,0.0,14,14,0,0,14,14,2252,0,0,0,0,0
2020-09-22,US,Texas,Jefferson,7241,129,0,29.8832777,-94.16434171,48245.0,2878.38133285632,1.7815218892418174,7112,7182,128,0,7054,7182,255001,59,1,0,58,0
2020-09-22,US,Texas,Jim Hogg,104,3,0,27.04453923,-98.69681870000001,48247.0,2000.0,2.8846153846153846,101,102,3,0,99,102,5248,2,0,0,2,0
2020-09-22,US,Texas,Jim Wells,1441,33,0,27.73103938,-98.0904705,48249.0,3559.6067387974904,2.2900763358778624,1408,1433,32,0,1401,1421,40822,8,1,0,7,12
2020-09-22,US,Texas,Johnson,2891,49,0,32.37877812,-97.36615819,48251.0,1644.3233589470874,1.6949152542372878,2842,2795,49,0,2746,2795,171361,96,0,0,96,0
2020-09-22,US,Texas,Jones,580,0,0,32.73997145,-99.87861576,48253.0,2888.0147388338396,0.0,580,584,0,0,584,584,19817,-4,0,0,-4,0
2020-09-22,US,Texas,Karnes,933,16,0,28.90705334,-97.85960149,48255.0,5980.385872700467,1.714898177920686,917,935,16,0,919,754,15650,-2,0,0,-2,181
2020-09-22,US,Texas,Kaufman,3068,47,0,32.599141700000004,-96.28734728,48257.0,2253.3307871968505,1.5319426336375488,3021,3018,47,0,2971,3018,128622,50,0,0,50,0
2020-09-22,US,Texas,Kendall,330,7,0,29.94414155,-98.7113588,48259.0,695.747506904767,2.121212121212121,323,330,7,0,323,202,45641,0,0,0,0,128
2020-09-22,US,Texas,Kenedy,7,2,0,26.92601662,-97.66413984,48261.0,1732.6732673267327,28.57142857142857,5,7,1,0,6,7,442,0,1,0,-1,0
2020-09-22,US,Texas,Kent,9,0,0,33.18104136,-100.7780939,48263.0,1181.1023622047244,0.0,9,8,0,0,8,8,726,1,0,0,1,0
2020-09-22,US,Texas,Kerr,589,10,0,30.06040006,-99.34930144,48265.0,1119.7718631178707,1.6977928692699489,579,586,10,0,576,444,52405,3,0,0,3,142
2020-09-22,US,Texas,Kimble,16,1,0,30.48678918,-99.74856473,48267.0,368.9186073322573,6.25,15,16,1,0,15,16,4362,0,0,0,0,0
2020-09-22,US,Texas,Kinney,44,1,0,29.34967888,-100.41866379999999,48271.0,1199.890919007363,2.272727272727273,43,44,1,0,43,25,3767,0,0,0,0,19
2020-09-22,US,Texas,Kleberg,997,41,0,27.42435506,-97.69894948,48273.0,3249.674054758801,4.112337011033099,956,992,41,0,951,992,31129,5,0,0,5,0
2020-09-22,US,Texas,Knox,67,8,0,33.60519951,-99.74229059999999,48275.0,1828.6026200873362,11.940298507462687,59,68,8,0,60,68,3653,-1,0,0,-1,0
2020-09-22,US,Texas,La Salle,362,11,0,28.34453111,-99.09908775,48283.0,4813.829787234043,3.0386740331491717,351,359,11,0,348,360,7531,3,0,0,3,-1
2020-09-22,US,Texas,Lamar,1074,31,0,33.66981763,-95.57404777,48277.0,2154.0744900619748,2.886405959031657,1043,1046,31,0,1015,1046,49728,28,0,0,28,0
2020-09-22,US,Texas,Lamb,326,21,0,34.06859623,-102.35162890000001,48279.0,2528.5038392926394,6.441717791411043,305,324,21,0,303,324,13158,2,0,0,2,0
2020-09-22,US,Texas,Lampasas,233,8,0,31.19531316,-98.24206613,48281.0,1087.3623296621242,3.433476394849785,225,231,8,0,223,231,21229,2,0,0,2,0
2020-09-22,US,Texas,Lavaca,970,35,0,29.38508402,-96.93186692,48285.0,4812.940359233899,3.608247422680413,935,964,34,0,930,712,20110,6,1,0,5,252
2020-09-22,US,Texas,Lee,218,14,0,30.31120597,-96.97045773,48287.0,1264.574511282557,6.422018348623853,204,217,14,0,203,217,17144,1,0,0,1,0
2020-09-22,US,Texas,Leon,233,6,0,31.29872538,-95.9936328,48289.0,1338.7726959319696,2.5751072961373387,227,230,6,0,224,229,17270,3,0,0,3,1
2020-09-22,US,Texas,Liberty,2249,49,0,30.15152688,-94.81205615,48291.0,2549.3374443147172,2.178746109381948,2200,2242,48,0,2194,2233,86323,7,1,0,6,9
2020-09-22,US,Texas,Limestone,559,10,0,31.5454767,-96.58095444,48293.0,2385.1175491743825,1.7889087656529516,549,556,10,0,546,555,23519,3,0,0,3,1
2020-09-22,US,Texas,Lipscomb,32,0,0,36.27783108,-100.27331509999999,48295.0,989.7927621404268,0.0,32,32,0,0,32,32,3355,0,0,0,0,0
2020-09-22,US,Texas,Live Oak,368,8,0,28.35101362,-98.1246786,48297.0,3014.663717539117,2.1739130434782608,360,368,8,0,360,368,12166,0,0,0,0,0
2020-09-22,US,Texas,Llano,119,2,0,30.70645047,-98.68475262,48299.0,545.9967882541868,1.680672268907563,117,118,2,0,116,118,21646,1,0,0,1,0
2020-09-22,US,Texas,Lubbock,10515,116,0,33.61008596,-101.82047890000001,48303.0,3385.7210474966914,1.1031859248692344,10399,10455,116,0,10339,10312,307412,60,0,0,60,143
2020-09-22,US,Texas,Lynn,93,5,0,33.17657705,-101.8162849,48305.0,1562.762560914132,5.376344086021504,88,93,5,0,88,93,5877,0,0,0,0,0
2020-09-22,US,Texas,Madison,717,6,0,30.96694679,-95.93003775,48313.0,5019.602352282274,0.8368200836820083,711,718,6,0,712,719,14422,-1,0,0,-1,-1
2020-09-22,US,Texas,Marion,150,14,0,32.79868409,-94.35661230000001,48315.0,1522.224477369596,9.333333333333334,136,150,13,0,137,149,9928,0,1,0,-1,1
2020-09-22,US,Texas,Martin,77,6,0,32.30600051,-101.9513518,48317.0,1334.2574943683935,7.792207792207793,71,77,6,0,71,77,5753,0,0,0,0,0
2020-09-22,US,Texas,Mason,76,2,0,30.71780434,-99.22629416,48319.0,1778.193729527375,2.631578947368421,74,76,2,0,74,76,4280,0,0,0,0,0
2020-09-22,US,Texas,Matagorda,1039,44,0,28.81955746,-96.01230294,48321.0,2835.466528395601,4.234841193455245,995,1039,42,0,997,1036,36552,0,2,0,-2,3
2020-09-22,US,Texas,Maverick,3535,112,0,28.7429195,-100.3157686,48323.0,6019.890330710807,3.1683168316831685,3423,3535,112,0,3423,3535,58485,0,0,0,0,0
2020-09-22,US,Texas,McCulloch,144,3,0,31.1925468,-99.34682807,48307.0,1803.607214428857,2.083333333333333,141,139,3,0,136,139,7987,5,0,0,5,0
2020-09-22,US,Texas,McLennan,7571,99,0,31.55255453,-97.20217694,48309.0,2950.2421840598854,1.307621186104874,7472,7520,97,0,7423,7487,254607,51,2,0,49,33
2020-09-22,US,Texas,McMullen,21,0,0,28.35251708,-98.56769164,48311.0,2826.3795423956926,0.0,21,21,0,0,21,21,749,0,0,0,0,0
2020-09-22,US,Texas,Medina,1192,44,0,29.355730100000002,-99.11030298,48325.0,2310.794044665013,3.6912751677852342,1148,1179,44,0,1135,1179,50921,13,0,0,13,0
2020-09-22,US,Texas,Menard,26,0,0,30.88990665,-99.82047940000001,48327.0,1216.0898035547239,0.0,26,26,0,0,26,26,2139,0,0,0,0,0
2020-09-22,US,Texas,Midland,3614,81,0,31.86904128,-102.03156820000001,48329.0,2043.747737965979,2.2412838959601546,3533,3588,81,0,3507,3551,172578,26,0,0,26,37
2020-09-22,US,Texas,Milam,483,5,0,30.78581830000001,-96.97718698,48331.0,1945.776094750836,1.0351966873706004,478,483,5,0,478,483,25131,0,0,0,0,0
2020-09-22,US,Texas,Mills,55,0,0,31.49557106,-98.59272068,48333.0,1128.668171557562,0.0,55,52,0,0,52,52,4921,3,0,0,3,0
2020-09-22,US,Texas,Mitchell,85,1,0,32.30623474,-100.9212058,48335.0,994.733762434172,1.1764705882352942,84,84,1,0,83,84,8145,1,0,0,1,0
2020-09-22,US,Texas,Montague,167,3,0,33.67521893,-97.72500958,48337.0,842.6682813603792,1.7964071856287425,164,164,3,0,161,164,19596,3,0,0,3,0
2020-09-22,US,Texas,Montgomery,10711,157,0,30.30079133,-95.50572772,48339.0,1763.44397595618,1.4657828400709552,10554,10666,157,0,10509,10571,590925,45,0,0,45,95
2020-09-22,US,Texas,Moore,1152,20,0,35.83769242,-101.8930281,48341.0,5501.432664756447,1.7361111111111112,1132,1151,20,0,1131,1151,21485,1,0,0,1,0
2020-09-22,US,Texas,Morris,184,3,0,33.11304005,-94.73255695,48343.0,1485.3083629318694,1.6304347826086956,181,182,3,0,179,182,12339,2,0,0,2,0
2020-09-22,US,Texas,Motley,7,0,0,34.07408766,-100.77972199999999,48345.0,583.3333333333334,0.0,7,7,0,0,7,7,1234,0,0,0,0,0
2020-09-22,US,Texas,Nacogdoches,1530,61,0,31.62017125,-94.61803994,48347.0,2346.4818109318453,3.986928104575163,1469,1516,60,0,1456,1513,65711,14,1,0,13,3
2020-09-22,US,Texas,Navarro,1238,26,0,32.04620681,-96.47428766,48349.0,2470.4168579011434,2.10016155088853,1212,1224,26,0,1198,1224,49565,14,0,0,14,0
2020-09-22,US,Texas,Newton,172,9,0,30.78548982,-93.74408813,48351.0,1265.1710187568958,5.232558139534883,163,172,9,0,163,172,13746,0,0,0,0,0
2020-09-22,US,Texas,Nolan,217,5,0,32.30365282,-100.4060208,48353.0,1474.7859181731687,2.3041474654377883,212,208,5,0,203,208,14751,9,0,0,9,0
2020-09-22,US,Texas,Nueces,20270,407,0,27.736286,-97.5433285,48355.0,5594.903586589898,2.0078934385791807,19863,20241,405,0,19836,20002,362265,29,2,0,27,239
2020-09-22,US,Texas,Ochiltree,127,5,0,36.27829105,-100.8158184,48357.0,1291.1752745018302,3.9370078740157477,122,127,4,0,123,127,9947,0,1,0,-1,0
2020-09-22,US,Texas,Oldham,15,1,0,35.40425596,-102.6027606,48359.0,710.2272727272727,6.666666666666668,14,15,1,0,14,15,2131,0,0,0,0,0
2020-09-22,US,Texas,Orange,1918,41,0,30.11879481,-93.89412775,48361.0,2299.870497385966,2.1376433785192908,1877,1905,41,0,1864,1905,83572,13,0,0,13,0
2020-09-22,US,Texas,Palo Pinto,533,15,0,32.75310985,-98.31319001,48363.0,1826.030353900442,2.8142589118198877,518,502,15,0,487,502,28875,31,0,0,31,0
2020-09-22,US,Texas,Panola,370,25,0,32.163959600000005,-94.30552481,48365.0,1595.2401483142194,6.756756756756758,345,369,25,0,344,367,23148,1,0,0,1,2
2020-09-22,US,Texas,Parker,1887,31,0,32.77757172,-97.80500621,48367.0,1320.707176752194,1.642819289878113,1856,1822,30,0,1792,1822,138371,65,1,0,64,0
2020-09-22,US,Texas,Parmer,417,7,0,34.52993409,-102.78446679999999,48369.0,4341.488807912546,1.6786570743405276,410,415,7,0,408,415,9864,2,0,0,2,0
2020-09-22,US,Texas,Pecos,358,5,0,30.78097267,-102.72412609999999,48371.0,2262.5292296024772,1.3966480446927374,353,357,5,0,352,357,15673,1,0,0,1,0
2020-09-22,US,Texas,Polk,838,22,0,30.79472531,-94.82766240000001,48373.0,1631.842346114151,2.6252983293556085,816,828,22,0,806,828,50031,10,0,0,10,0
2020-09-22,US,Texas,Potter,4654,62,0,35.40133773,-101.893964,48375.0,3963.718434612273,1.3321873657069188,4592,4558,61,0,4497,4517,119648,96,1,0,95,41
2020-09-22,US,Texas,Presidio,96,6,0,29.99954402,-104.24080790000001,48377.0,1431.980906921241,6.25,90,96,5,0,91,96,6948,0,1,0,-1,0
2020-09-22,US,Texas,Rains,65,3,0,32.87109387,-95.79232691,48379.0,519.4182515582547,4.615384615384615,62,65,3,0,62,65,12159,0,0,0,0,0
2020-09-22,US,Texas,Randall,2649,37,0,34.96585996,-101.8971322,48381.0,1923.565676443037,1.3967534918837297,2612,2612,37,0,2575,2612,136271,37,0,0,37,0
2020-09-22,US,Texas,Reagan,87,6,0,31.36607041,-101.52326590000001,48383.0,2260.327357755261,6.896551724137932,81,87,6,0,81,87,3741,0,0,0,0,0
2020-09-22,US,Texas,Real,117,7,0,29.83321503,-99.82018052,48385.0,3389.339513325609,5.982905982905983,110,117,7,0,110,105,3478,0,0,0,0,12
2020-09-22,US,Texas,Red River,159,14,0,33.61886692,-95.04841765,48387.0,1322.4652748897945,8.805031446540882,145,159,14,0,145,159,12175,0,0,0,0,0
2020-09-22,US,Texas,Reeves,189,6,0,31.32323325,-103.69038959999999,48389.0,1183.0245368052078,3.1746031746031744,183,188,6,0,182,188,15695,1,0,0,1,0
2020-09-22,US,Texas,Refugio,303,13,0,28.323897600000002,-97.15766311,48391.0,4360.967184801381,4.29042904290429,290,303,13,0,290,303,7032,0,0,0,0,0
2020-09-22,US,Texas,Roberts,9,0,0,35.83809685,-100.813175,48393.0,1053.864168618267,0.0,9,9,0,0,9,9,903,0,0,0,0,0
2020-09-22,US,Texas,Robertson,296,4,0,31.02539637,-96.51272246,48395.0,1733.6300808246453,1.351351351351351,292,292,4,0,288,292,17284,4,0,0,4,0
2020-09-22,US,Texas,Rockwall,1561,25,0,32.89779518,-96.40771592,48397.0,1487.8711337749605,1.601537475976938,1536,1543,25,0,1518,1543,100657,18,0,0,18,0
2020-09-22,US,Texas,Runnels,259,5,0,31.8314342,-99.97616148,48399.0,2523.382696804365,1.9305019305019304,254,244,5,0,239,244,10234,15,0,0,15,0
2020-09-22,US,Texas,Rusk,894,9,0,32.10773545,-94.76176432,48401.0,1643.2011175238024,1.0067114093959733,885,883,7,0,876,878,54450,11,2,0,9,5
2020-09-22,US,Texas,Sabine,77,8,0,31.34318809,-93.85440451,48403.0,730.4116865869853,10.389610389610391,69,77,8,0,69,77,10589,0,0,0,0,0
2020-09-22,US,Texas,San Augustine,199,15,0,31.39457611,-94.17000399,48405.0,2415.928129173243,7.537688442211055,184,199,15,0,184,199,8232,0,0,0,0,0
2020-09-22,US,Texas,San Jacinto,226,9,0,30.57933681,-95.16260304,48407.0,783.1179181537822,3.9823008849557517,217,225,9,0,216,224,28719,1,0,0,1,1
2020-09-22,US,Texas,San Patricio,1415,72,0,28.00880118,-97.51763891,48409.0,2120.4855387381986,5.088339222614841,1343,1415,72,0,1343,1415,66893,0,0,0,0,0
2020-09-22,US,Texas,San Saba,52,0,0,31.1577796,-98.81758731,48411.0,858.7943848059455,0.0,52,52,0,0,52,52,6054,0,0,0,0,0
2020-09-22,US,Texas,Schleicher,53,2,0,30.89740592,-100.5384842,48413.0,1897.6011457214465,3.7735849056603774,51,52,2,0,50,52,2895,1,0,0,1,0
2020-09-22,US,Texas,Scurry,610,2,0,32.74613808,-100.91626640000001,48415.0,3652.038555948033,0.3278688524590164,608,610,2,0,608,610,16866,0,0,0,0,0
2020-09-22,US,Texas,Shackelford,24,0,0,32.73587756,-99.35401337,48417.0,735.0689127105666,0.0,24,24,0,0,24,24,3253,0,0,0,0,0
2020-09-22,US,Texas,Shelby,463,25,0,31.79211404,-94.14550696,48419.0,1831.9221334177414,5.3995680345572366,438,462,22,0,440,462,25418,1,3,0,-2,0
2020-09-22,US,Texas,Sherman,60,0,0,36.27751473,-101.8933156,48421.0,1985.440105890139,0.0,60,60,0,0,60,60,3079,0,0,0,0,0
2020-09-22,US,Texas,Smith,3687,97,0,32.37474036,-95.27175679999999,48423.0,1584.0963089310035,2.6308652020612966,3590,3620,96,0,3524,3620,230221,67,1,0,66,0
2020-09-22,US,Texas,Somervell,140,5,0,32.22236802,-97.77403489,48425.0,1533.7423312883434,3.571428571428572,135,137,5,0,132,137,9016,3,0,0,3,0
2020-09-22,US,Texas,Starr,3379,159,0,26.56150059,-98.73892358,48427.0,5227.979515108381,4.705534181710566,3220,3379,159,0,3220,3364,64525,0,0,0,0,15
2020-09-22,US,Texas,Stephens,132,4,0,32.73553157,-98.83631615,48429.0,1409.3529788597052,3.0303030303030303,128,129,4,0,125,129,9433,3,0,0,3,0
2020-09-22,US,Texas,Sterling,4,0,0,31.82781912,-101.05007459999999,48431.0,309.8373353989156,0.0,4,4,0,0,4,4,1311,0,0,0,0,0
2020-09-22,US,Texas,Stonewall,12,1,0,33.17906744,-100.25384009999999,48433.0,888.8888888888887,8.333333333333334,11,11,1,0,10,11,1362,1,0,0,1,0
2020-09-22,US,Texas,Sutton,81,3,0,30.49856623,-100.5382014,48435.0,2145.127118644068,3.703703703703704,78,81,3,0,78,81,3758,0,0,0,0,0
2020-09-22,US,Texas,Swisher,100,3,0,34.53028891,-101.73491740000001,48437.0,1351.89941868325,3.0,97,99,3,0,96,99,7462,1,0,0,1,0
2020-09-22,US,Texas,Tarrant,47533,693,0,32.77143818,-97.29101614,48439.0,2260.7686508776387,1.4579344876191278,46840,47231,693,0,46538,46898,2084931,302,0,0,302,333
2020-09-22,US,Texas,Taylor,1442,50,0,32.30163422,-99.89007449,48441.0,1044.6701537302404,3.4674063800277386,1392,1442,49,0,1393,1442,137640,0,1,0,-1,0
2020-09-22,US,Texas,Terrell,3,0,0,30.22429013,-102.0766732,48443.0,386.59793814432993,0.0,3,3,0,0,3,3,823,0,0,0,0,0
2020-09-22,US,Texas,Terry,234,4,0,33.17402785,-102.3354521,48445.0,1896.7334035827191,1.709401709401709,230,229,4,0,225,229,12287,5,0,0,5,0
2020-09-22,US,Texas,Throckmorton,8,2,0,33.17751417,-99.21226795,48447.0,532.9780146568954,25.0,6,7,2,0,5,7,1515,1,0,0,1,0
2020-09-22,US,Texas,Titus,1557,28,0,33.21339719,-94.96797273,48449.0,4754.198473282443,1.7983301220295438,1529,1557,28,0,1529,1557,33033,0,0,0,0,0
2020-09-22,US,Texas,Tom Green,3595,62,0,31.40464436,-100.46244300000001,48451.0,3015.9395973154365,1.7246175243393602,3533,3579,62,0,3517,3561,118189,16,0,0,16,18
2020-09-22,US,Texas,Travis,28643,415,0,30.33432034,-97.78535620000001,48453.0,2248.354336184823,1.4488705791991063,28228,28596,415,0,28181,28441,1248743,47,0,0,47,155
2020-09-22,US,Texas,Trinity,194,7,0,31.0879489,-95.1367187,48455.0,1324.1416968125045,3.608247422680413,187,191,7,0,184,191,14740,3,0,0,3,0
2020-09-22,US,Texas,Tyler,210,4,0,30.77031716,-94.37690895,48457.0,968.9922480620157,1.9047619047619049,206,210,4,0,206,210,21696,0,0,0,0,0
2020-09-22,US,Texas,Upshur,378,10,0,32.73706798,-94.93999853,48459.0,905.3241683232344,2.6455026455026456,368,374,9,0,365,375,41260,4,1,0,3,-1
2020-09-22,US,Texas,Upton,23,2,0,31.36868194,-102.0423217,48461.0,628.9308176100631,8.695652173913043,21,23,2,0,21,23,3671,0,0,0,0,0
2020-09-22,US,Texas,Uvalde,755,30,0,29.35739637,-99.76229172,48463.0,2823.379828727421,3.9735099337748334,725,755,30,0,725,754,26846,0,0,0,0,1
2020-09-22,US,Texas,Val Verde,2135,99,0,29.89149232,-101.1525205,48465.0,4354.920958694544,4.637002341920375,2036,2135,99,0,2036,2135,49208,0,0,0,0,0
2020-09-22,US,Texas,Van Zandt,576,19,0,32.56483801,-95.83766469,48467.0,1017.847676267892,3.298611111111111,557,568,18,0,550,568,56019,8,1,0,7,0
2020-09-22,US,Texas,Victoria,4011,95,0,28.79780988,-96.96813006,48469.0,4355.805568828461,2.368486661680379,3916,3996,95,0,3901,3996,92035,15,0,0,15,0
2020-09-22,US,Texas,Walker,3693,56,0,30.73872995,-95.57440968,48471.0,5060.914609913527,1.5163823449769835,3637,3658,55,0,3603,3647,72480,35,1,0,34,11
2020-09-22,US,Texas,Waller,832,12,0,30.01058447,-95.99011759,48473.0,1505.9913839916012,1.4423076923076923,820,826,12,0,814,820,53126,6,0,0,6,6
2020-09-22,US,Texas,Ward,120,1,0,31.50999644,-103.09279090000001,48475.0,1000.1666944490747,0.8333333333333334,119,120,1,0,119,120,11720,0,0,0,0,0
2020-09-22,US,Texas,Washington,628,48,0,30.21498498,-96.40946246,48477.0,1750.1811493227801,7.643312101910827,580,627,48,0,579,625,35108,1,0,0,1,2
2020-09-22,US,Texas,Webb,13201,284,0,27.7610369,-99.33237355,48479.0,4771.698740656131,2.1513521702901297,12917,13171,282,0,12889,13171,275910,30,2,0,28,0
2020-09-22,US,Texas,Wharton,1341,50,0,29.27765923,-96.22319248,48481.0,3226.970834536529,3.728560775540642,1291,1340,50,0,1290,1331,41619,1,0,0,1,9
2020-09-22,US,Texas,Wheeler,46,0,0,35.40114335,-100.26995140000001,48483.0,909.8101265822785,0.0,46,46,0,0,46,46,5191,0,0,0,0,0
2020-09-22,US,Texas,Wichita,1645,20,0,33.98842886,-98.70410340000001,48485.0,1244.044467972472,1.2158054711246202,1625,1613,20,0,1593,1613,132064,32,0,0,32,0
2020-09-22,US,Texas,Wilbarger,137,2,0,34.07945812,-99.24178437,48487.0,1072.9109562221004,1.45985401459854,135,131,2,0,129,131,12820,6,0,0,6,0
2020-09-22,US,Texas,Willacy,1205,48,0,26.47411727,-97.61535848,48489.0,5641.91403689484,3.983402489626556,1157,1198,48,0,1150,1198,21515,7,0,0,7,0
2020-09-22,US,Texas,Williamson,8476,142,0,30.64655664,-97.60048540000001,48491.0,1435.2697734827304,1.6753185464841909,8334,8458,142,0,8316,8385,566719,18,0,0,18,73
2020-09-22,US,Texas,Wilson,882,26,0,29.1732598,-98.08693082,48493.0,1727.0413158410024,2.947845804988662,856,879,26,0,853,572,50224,3,0,0,3,307
2020-09-22,US,Texas,Winkler,111,1,0,31.85008651,-103.04851629999999,48495.0,1385.7677902621722,0.9009009009009008,110,111,1,0,110,111,7720,0,0,0,0,0
2020-09-22,US,Texas,Wise,757,13,0,33.21570665,-97.65460265,48497.0,1081.6758116140832,1.717305151915456,744,712,13,0,699,712,68305,45,0,0,45,0
2020-09-22,US,Texas,Wood,507,21,0,32.78722382,-95.38236368,48499.0,1113.3314302026834,4.142011834319527,486,496,21,0,475,496,45129,11,0,0,11,0
2020-09-22,US,Texas,Yoakum,203,5,0,33.17320212,-102.82764329999999,48501.0,2329.851945368989,2.4630541871921183,198,201,5,0,196,201,8591,2,0,0,2,0
2020-09-22,US,Texas,Young,282,6,0,33.17659707,-98.68790885,48503.0,1565.7967795669074,2.127659574468085,276,266,6,0,260,266,18045,16,0,0,16,0
2020-09-22,US,Texas,Zapata,333,6,0,27.00156391,-99.16987152,48505.0,2348.5436208477327,1.8018018018018016,327,326,6,0,320,326,14190,7,0,0,7,0
2020-09-22,US,Texas,Zavala,346,16,0,28.86617238,-99.76050829,48507.0,2922.2972972972966,4.624277456647398,330,341,16,0,325,290,11983,5,0,0,5,51
2020-09-22,US,Utah,Bear River,3153,11,0,41.52106798,-113.08328159999999,0.0,1687.7388688456147,0.3488740881699968,3142,3123,11,0,3112,3097,,30,0,0,30,26
2020-09-22,US,Utah,Central Utah,613,3,0,39.37231946,-111.5758676,0.0,747.9805744686042,0.4893964110929853,610,610,3,0,607,600,,3,0,0,3,10
2020-09-22,US,Utah,Davis,4752,28,0,40.99001837,-112.1139997,49011.0,1336.7803061204395,0.5892255892255892,4724,4711,28,0,4683,4686,351713,41,0,0,41,25
2020-09-22,US,Utah,Salt Lake,28676,247,0,40.66616532,-111.92160109999999,49035.0,2471.138028173869,0.8613474682661459,28429,28453,246,0,28207,28178,1152633,223,1,0,222,275
2020-09-22,US,Utah,San Juan,693,29,0,37.62762978,-109.80337140000002,49037.0,4527.044682518945,4.1847041847041835,664,690,29,0,661,689,15449,3,0,0,3,1
2020-09-22,US,Utah,Southeast Utah,184,1,0,38.99617072,-110.70139579999999,0.0,457.3814909642297,0.5434782608695652,183,181,1,0,180,178,,3,0,0,3,3
2020-09-22,US,Utah,Southwest Utah,4048,30,0,37.85447192,-111.4418764,0.0,1606.0815260948573,0.7411067193675891,4018,4028,30,0,3998,4013,,20,0,0,20,15
2020-09-22,US,Utah,Summit,955,1,0,40.86688146,-110.9535882,49043.0,2265.9864752639696,0.10471204188481677,954,954,1,0,953,950,41933,1,0,0,1,4
2020-09-22,US,Utah,Tooele,836,0,0,40.44862644,-113.12957150000001,49045.0,1156.9493073527174,0.0,836,833,0,0,833,825,69907,3,0,0,3,8
2020-09-22,US,Utah,TriCounty,230,2,0,40.12491499,-109.5174415,0.0,406.2025361167037,0.8695652173913043,228,231,2,0,229,228,,-1,0,0,-1,3
2020-09-22,US,Utah,Utah,16119,54,0,40.116672200000004,-111.66576620000001,49049.0,2533.497842778219,0.33500837520938026,16065,15828,54,0,15774,15601,622213,291,0,0,291,227
2020-09-22,US,Utah,Wasatch,713,7,0,40.33110236,-111.1691419,49051.0,2091.461089437095,0.9817671809256662,706,707,7,0,700,703,33240,6,0,0,6,4
2020-09-22,US,Utah,Weber-Morgan,4072,30,0,41.27116049,-111.9145117,0.0,1495.206306891829,0.7367387033398821,4042,4045,29,0,4016,4024,,27,1,0,26,21
2020-09-22,US,Vermont,Addison,83,2,0,44.03217337,-73.14130877,50001.0,225.68453109280253,2.409638554216868,81,83,2,0,81,83,36973,0,0,0,0,0
2020-09-22,US,Vermont,Bennington,109,1,0,43.03519828,-73.09048868,50003.0,307.3019453058923,0.9174311926605504,108,109,1,0,108,108,35631,0,0,0,0,1
2020-09-22,US,Vermont,Caledonia,34,0,0,44.46548598,-72.10314651,50005.0,113.35978394958825,0.0,34,34,0,0,34,34,30302,0,0,0,0,0
2020-09-22,US,Vermont,Chittenden,830,39,0,44.46322849,-73.08359212,50007.0,506.7959505171762,4.698795180722891,791,829,39,0,790,829,164572,1,0,0,1,0
2020-09-22,US,Vermont,Essex,6,0,0,44.72736416,-71.73579864,50009.0,97.35518416355671,0.0,6,6,0,0,6,6,6250,0,0,0,0,0
2020-09-22,US,Vermont,Franklin,123,7,0,44.85627605,-72.91249563,50011.0,248.97777417918306,5.691056910569106,116,123,7,0,116,123,49421,0,0,0,0,0
2020-09-22,US,Vermont,Grand Isle,14,0,0,44.797582399999996,-73.29679772,50013.0,193.503800967519,0.0,14,14,0,0,14,14,7090,0,0,0,0,0
2020-09-22,US,Vermont,Lamoille,57,1,0,44.60353043,-72.64356694,50015.0,224.74568251715164,1.7543859649122806,56,57,1,0,56,56,25300,0,0,0,0,1
2020-09-22,US,Vermont,Orange,24,0,0,44.00470222,-72.37640104,50017.0,83.06797729475288,0.0,24,24,0,0,24,23,28999,0,0,0,0,1
2020-09-22,US,Vermont,Orleans,21,0,0,44.82964024,-72.24562697,50019.0,77.67133927580724,0.0,21,21,0,0,21,21,26907,0,0,0,0,0
2020-09-22,US,Vermont,Rutland,128,1,0,43.57723578,-73.03741676,50021.0,219.96528672818818,0.78125,127,128,1,0,127,128,58672,0,0,0,0,0
2020-09-22,US,Vermont,Unassigned,8,0,0,0.0,0.0,90050.0,0.0,0.0,8,8,0,0,8,8,,0,0,0,0,0
2020-09-22,US,Vermont,Washington,77,2,0,44.27343241,-72.61604978,50023.0,131.8289989556404,2.5974025974025974,75,77,2,0,75,76,58140,0,0,0,0,1
2020-09-22,US,Vermont,Windham,123,3,0,42.986982,-72.71268875,50025.0,291.3173227227512,2.4390243902439024,120,123,3,0,120,123,42756,0,0,0,0,0
2020-09-22,US,Vermont,Windsor,84,2,0,43.58010937,-72.58595157,50027.0,152.55530129672007,2.380952380952381,82,83,2,0,81,83,55286,1,0,0,1,0
2020-09-22,US,Virginia,Accomack,1167,19,0,37.76707161,-75.63234615,51001.0,3611.214259190494,1.6281062553556127,1148,1167,19,0,1148,1166,32412,0,0,0,0,1
2020-09-22,US,Virginia,Albemarle,1202,21,0,38.02080697,-78.55481085,51003.0,1099.4237629196014,1.7470881863560732,1181,1199,21,0,1178,1195,108718,3,0,0,3,4
2020-09-22,US,Virginia,Alexandria,3727,68,0,38.814003,-77.08183073,51510.0,2337.732393306069,1.8245237456399248,3659,3716,68,0,3648,3696,160530,11,0,0,11,20
2020-09-22,US,Virginia,Alleghany,77,4,0,37.78636074,-80.00222498,51005.0,518.1695827725438,5.194805194805196,73,77,4,0,73,78,14910,0,0,0,0,-1
2020-09-22,US,Virginia,Amelia,124,5,0,37.34081025,-77.98584649,51007.0,943.3244579688094,4.032258064516129,119,123,5,0,118,123,13013,1,0,0,1,0
2020-09-22,US,Virginia,Amherst,379,4,0,37.60308293,-79.14548696,51009.0,1199.1773453567473,1.0554089709762533,375,374,4,0,370,372,31666,5,0,0,5,2
2020-09-22,US,Virginia,Appomattox,209,3,0,37.37569884,-78.81340003,51011.0,1313.5566589152158,1.4354066985645932,206,208,3,0,205,208,15841,1,0,0,1,0
2020-09-22,US,Virginia,Arlington,3855,148,0,38.8767675,-77.10139853,51013.0,1627.6673900743954,3.83916990920882,3707,3851,147,0,3704,3840,237521,4,1,0,3,11
2020-09-22,US,Virginia,Augusta,469,7,0,38.16404586,-79.12461614,51015.0,620.7152121549009,1.492537313432836,462,469,7,0,462,462,75457,0,0,0,0,7
2020-09-22,US,Virginia,Bath,7,1,0,38.05852573,-79.73912095,51017.0,168.79672052085846,14.285714285714285,6,6,1,0,5,6,4292,1,0,0,1,0
2020-09-22,US,Virginia,Bedford,715,12,0,37.3080028,-79.5281964,51019.0,905.0976619365292,1.6783216783216783,703,710,12,0,698,705,78747,5,0,0,5,5
2020-09-22,US,Virginia,Bland,65,4,0,37.13128068,-81.13599391,51021.0,1035.031847133758,6.153846153846153,61,64,4,0,60,64,6293,1,0,0,1,0
2020-09-22,US,Virginia,Botetourt,291,10,0,37.55531756,-79.80982182,51023.0,870.7621412968671,3.436426116838488,281,290,10,0,280,290,33277,1,0,0,1,0
2020-09-22,US,Virginia,Bristol,178,3,0,36.616302399999995,-82.16359122,51520.0,1061.925784512588,1.6853932584269662,175,176,3,0,173,175,16482,2,0,0,2,1
2020-09-22,US,Virginia,Brunswick,346,4,0,36.76366949,-77.8593436,51025.0,2131.723245641057,1.1560693641618498,342,346,4,0,342,346,16384,0,0,0,0,0
2020-09-22,US,Virginia,Buchanan,131,2,0,37.26818323,-82.03749726,51027.0,623.6907255760808,1.5267175572519085,129,130,2,0,128,129,21221,1,0,0,1,1
2020-09-22,US,Virginia,Buckingham,677,9,0,37.57242268,-78.52518834,51029.0,3947.982271985071,1.329394387001477,668,676,9,0,667,676,16999,1,0,0,1,0
2020-09-22,US,Virginia,Buena Vista,80,1,0,37.73484642,-79.35296097,51530.0,1234.949058351343,1.25,79,79,1,0,78,79,6237,1,0,0,1,0
2020-09-22,US,Virginia,Campbell,415,4,0,37.20553386,-79.09678609,51031.0,756.1264462057028,0.9638554216867471,411,408,4,0,404,402,54973,7,0,0,7,6
2020-09-22,US,Virginia,Caroline,341,5,0,38.02679129,-77.34901405,51033.0,1109.8454027664768,1.4662756598240467,336,335,5,0,330,330,30772,6,0,0,6,5
2020-09-22,US,Virginia,Carroll,486,23,0,36.73066666,-80.73455942,51035.0,1631.3651774025711,4.732510288065844,463,481,23,0,458,480,29636,5,0,0,5,1
2020-09-22,US,Virginia,Charles City,83,5,0,37.35358063,-77.05634116,51036.0,1192.0149360907656,6.024096385542169,78,83,5,0,78,83,6941,0,0,0,0,0
2020-09-22,US,Virginia,Charlotte,102,0,0,37.01909701,-78.66314092,51037.0,858.5858585858583,0.0,102,100,0,0,100,100,11938,2,0,0,2,0
2020-09-22,US,Virginia,Charlottesville,1093,28,0,38.03527919,-78.48569588,51540.0,2312.4444632505397,2.5617566331198542,1065,1085,28,0,1057,1071,48117,8,0,0,8,14
2020-09-22,US,Virginia,Chesapeake,4220,69,0,36.67670048,-76.30545744,51550.0,1723.6097780137648,1.6350710900473933,4151,4212,68,0,4144,4198,242634,8,1,0,7,14
2020-09-22,US,Virginia,Chesterfield,5829,93,0,37.37373208,-77.58680140000001,51041.0,1652.2015181319837,1.59547092125579,5736,5797,91,0,5706,5758,348556,32,2,0,30,39
2020-09-22,US,Virginia,Clarke,93,0,0,39.11271747,-77.99199425,51043.0,636.1584239688077,0.0,93,93,0,0,93,91,14523,0,0,0,0,2
2020-09-22,US,Virginia,Colonial Heights,249,25,0,37.26420587,-77.39609676,51570.0,1433.5060449050086,10.040160642570283,224,245,24,0,221,244,17833,4,1,0,3,1
2020-09-22,US,Virginia,Covington,30,0,0,37.7824656,-79.98631446,51580.0,541.7118093174431,0.0,30,30,0,0,30,30,5460,0,0,0,0,0
2020-09-22,US,Virginia,Craig,28,0,0,37.48133648,-80.21072274,51045.0,545.7025920873124,0.0,28,28,0,0,28,28,5064,0,0,0,0,0
2020-09-22,US,Virginia,Culpeper,1183,16,0,38.48199985,-77.95630870000002,51047.0,2248.8356620093145,1.3524936601859678,1167,1182,16,0,1166,1182,51859,1,0,0,1,0
2020-09-22,US,Virginia,Cumberland,104,2,0,37.51328851,-78.24398086,51049.0,1047.1204188481674,1.9230769230769231,102,102,1,0,101,102,9809,2,1,0,1,0
2020-09-22,US,Virginia,Danville,838,25,0,36.58022376,-79.40395668,51590.0,2092.6980321646192,2.9832935560859193,813,831,25,0,806,824,40693,7,0,0,7,7
2020-09-22,US,Virginia,Dickenson,91,1,0,37.12560977,-82.35124171,51051.0,635.5636262047772,1.0989010989010992,90,89,1,0,88,88,14523,2,0,0,2,1
2020-09-22,US,Virginia,Dinwiddie,371,11,0,37.07544585,-77.63451754,51053.0,1299.7477578475336,2.964959568733154,360,370,11,0,359,366,28529,1,0,0,1,4
2020-09-22,US,Virginia,Emporia,248,26,0,36.69455571,-77.53406129,51595.0,4638.982416760195,10.483870967741936,222,248,25,0,223,246,5121,0,1,0,-1,2
2020-09-22,US,Virginia,Essex,172,2,0,37.93357639,-76.94230311,51057.0,1570.3460239203866,1.162790697674419,170,171,2,0,169,170,10919,1,0,0,1,1
2020-09-22,US,Virginia,Fairfax,20373,583,0,38.83677558,-77.27565836,51059.0,1775.3753272239906,2.8616305895057184,19790,20305,581,0,19724,20259,1150795,68,2,0,66,46
2020-09-22,US,Virginia,Fairfax,20373,583,0,38.83677558,-77.27565836,51059.0,1775.3753272239906,2.8616305895057184,19790,20305,581,0,19724,20259,24574,68,2,0,66,46
2020-09-22,US,Virginia,Fairfax City,135,7,0,38.85157547,-77.29779640000002,51600.0,562.0550397601899,5.185185185185184,128,134,7,0,127,134,24574,1,0,0,1,0
2020-09-22,US,Virginia,Falls Church,68,6,0,38.88485255,-77.17560759,51610.0,465.21173975507963,8.823529411764708,62,68,6,0,62,68,14772,0,0,0,0,0
2020-09-22,US,Virginia,Fauquier,917,22,0,38.73564842,-77.80647472,51061.0,1287.5235180140967,2.3991275899672853,895,911,22,0,889,908,70675,6,0,0,6,3
2020-09-22,US,Virginia,Floyd,196,8,0,36.9302126,-80.36738849,51063.0,1244.5234618070988,4.081632653061225,188,193,5,0,188,191,15795,3,3,0,0,2
2020-09-22,US,Virginia,Fluvanna,371,9,0,37.84157909,-78.27715475,51065.0,1360.4693802713605,2.4258760107816717,362,367,9,0,358,366,26783,4,0,0,4,1
2020-09-22,US,Virginia,Franklin,194,1,0,36.99536167,-79.88023649,51067.0,346.1689447200313,0.5154639175257731,193,194,1,0,193,194,56195,0,0,0,0,0
2020-09-22,US,Virginia,Franklin,194,1,0,36.99536167,-79.88023649,51067.0,346.1689447200313,0.5154639175257731,193,194,1,0,193,194,8013,0,0,0,0,0
2020-09-22,US,Virginia,Franklin City,396,9,0,36.6831435,-76.93859681,51620.0,4970.503326220661,2.272727272727273,387,387,9,0,378,385,8013,9,0,0,9,2
2020-09-22,US,Virginia,Frederick,859,12,0,39.20172582,-78.25974949,51069.0,961.7860781745096,1.3969732246798603,847,848,11,0,837,845,88355,11,1,0,10,3
2020-09-22,US,Virginia,Fredericksburg,533,6,0,38.2977863,-77.4922454,51630.0,1835.6522937043674,1.125703564727955,527,527,5,0,522,527,29144,6,1,0,5,0
2020-09-22,US,Virginia,Galax,411,30,0,36.66601852,-80.91703124,51640.0,6475.500236332126,7.299270072992702,381,408,30,0,378,407,6423,3,0,0,3,1
2020-09-22,US,Virginia,Giles,85,0,0,37.31234791,-80.70636931,51071.0,508.3732057416268,0.0,85,84,0,0,84,83,16844,1,0,0,1,1
2020-09-22,US,Virginia,Gloucester,228,2,0,37.40809042,-76.53524337,51073.0,610.4744564635323,0.8771929824561403,226,228,2,0,226,228,37349,0,0,0,0,0
2020-09-22,US,Virginia,Goochland,260,7,0,37.71714806,-77.90381514,51075.0,1094.59857702185,2.6923076923076925,253,257,7,0,250,256,23244,3,0,0,3,1
2020-09-22,US,Virginia,Grayson,307,10,0,36.65677234,-81.23215889,51077.0,1974.2765273311893,3.2573289902280136,297,307,10,0,297,294,15631,0,0,0,0,13
2020-09-22,US,Virginia,Greene,212,3,0,38.29545894,-78.46525378,51079.0,1069.680609516121,1.4150943396226414,209,212,3,0,209,212,19779,0,0,0,0,0
2020-09-22,US,Virginia,Greensville,772,11,0,36.67878901,-77.56351439,51081.0,6810.162314749471,1.4248704663212437,761,769,11,0,758,765,11627,3,0,0,3,4
2020-09-22,US,Virginia,Halifax,331,6,0,36.76654925,-78.93512622,51083.0,976.084456371089,1.8126888217522656,325,328,6,0,322,325,34120,3,0,0,3,3
2020-09-22,US,Virginia,Hampton,1789,21,0,37.03513786,-76.35879121,51650.0,1330.0126384655416,1.173840134153158,1768,1782,21,0,1761,1780,134313,7,0,0,7,2
2020-09-22,US,Virginia,Hanover,1241,36,0,37.7583355,-77.49464673,51085.0,1151.5691405452553,2.9008863819500403,1205,1230,36,0,1194,1222,107239,11,0,0,11,8
2020-09-22,US,Virginia,Harrisonburg,2524,34,0,38.43542574,-78.87536254,51660.0,4760.826920175042,1.3470681458003169,2490,2488,34,0,2454,2458,54033,36,0,0,36,30
2020-09-22,US,Virginia,Henrico,5315,210,0,37.53460572,-77.39326555,51087.0,1606.623581546349,3.951081843838194,5105,5295,209,0,5086,5269,329261,20,1,0,19,26
2020-09-22,US,Virginia,Henry,1023,20,0,36.68542395,-79.87634026,51089.0,2023.4586704116143,1.9550342130987293,1003,1007,20,0,987,1006,50953,16,0,0,16,1
2020-09-22,US,Virginia,Highland,6,0,0,38.35799465,-79.56124594,51091.0,273.97260273972597,0.0,6,6,0,0,6,6,2210,0,0,0,0,0
2020-09-22,US,Virginia,Hopewell,386,7,0,37.29186313,-77.29754684,51670.0,1713.3472413333927,1.8134715025906736,379,383,7,0,376,382,22596,3,0,0,3,1
2020-09-22,US,Virginia,Isle of Wight,704,17,0,36.90579348,-76.70842863,51093.0,1897.1139076773832,2.414772727272727,687,702,17,0,685,697,36953,2,0,0,2,5
2020-09-22,US,Virginia,James City,834,19,0,37.31156958,-76.76950618,51095.0,1089.8684055774079,2.278177458033573,815,831,19,0,812,828,76397,3,0,0,3,3
2020-09-22,US,Virginia,King George,227,4,0,38.26818502,-77.15852768,51099.0,845.8786704426889,1.7621145374449338,223,227,4,0,223,225,26575,0,0,0,0,2
2020-09-22,US,Virginia,King William,153,2,0,37.70965316,-77.09384941,51101.0,892.2323303009098,1.30718954248366,151,151,2,0,149,151,16939,2,0,0,2,0
2020-09-22,US,Virginia,King and Queen,71,1,0,37.71044922,-76.88689628,51097.0,1010.67615658363,1.4084507042253518,70,71,1,0,70,70,7042,0,0,0,0,1
2020-09-22,US,Virginia,Lancaster,140,0,0,37.71889653,-76.46400482,51103.0,1320.3810242384234,0.0,140,140,0,0,140,135,10783,0,0,0,0,5
2020-09-22,US,Virginia,Lee,262,7,0,36.70586667,-83.12606515,51105.0,1118.5586816377063,2.6717557251908395,255,261,6,0,255,260,23541,1,1,0,0,1
2020-09-22,US,Virginia,Lexington,57,1,0,37.78258621,-79.44262866,51678.0,765.5116841257051,1.7543859649122806,56,53,1,0,52,54,7136,4,0,0,4,-1
2020-09-22,US,Virginia,Loudoun,6698,123,0,39.08990083,-77.63481877,51107.0,1619.6818672044647,1.8363690653926543,6575,6678,123,0,6555,6656,406850,20,0,0,20,22
2020-09-22,US,Virginia,Louisa,280,6,0,37.97850256,-77.96274807,51109.0,744.8591418158603,2.142857142857143,274,280,5,0,275,280,36778,0,1,0,-1,0
2020-09-22,US,Virginia,Lunenburg,112,3,0,36.94618528,-78.24133319,51111.0,918.3338799606427,2.6785714285714284,109,111,3,0,108,111,12086,1,0,0,1,0
2020-09-22,US,Virginia,Lynchburg,1323,11,0,37.40021399,-79.19888138,51680.0,1610.1158601888812,0.8314436885865457,1312,1307,11,0,1296,1292,82126,16,0,0,16,15
2020-09-22,US,Virginia,Madison,102,3,0,38.41531222,-78.28220331,51113.0,769.1727622351256,2.9411764705882355,99,102,3,0,99,102,13295,0,0,0,0,0
2020-09-22,US,Virginia,Manassas,1902,25,0,38.7464321,-77.48509905,51683.0,4629.426798101497,1.3144058885383807,1877,1890,25,0,1865,1889,41641,12,0,0,12,1
2020-09-22,US,Virginia,Manassas Park,606,7,0,38.77058531,-77.44399307,51685.0,3467.215928595949,1.155115511551155,599,607,7,0,600,605,17307,-1,0,0,-1,2
2020-09-22,US,Virginia,Martinsville,377,15,0,36.68212094,-79.86352771,51690.0,3003.026923689661,3.9787798408488064,362,375,15,0,360,375,12902,2,0,0,2,0
2020-09-22,US,Virginia,Mathews,39,0,0,37.44164146,-76.34098896,51115.0,441.4761150101879,0.0,39,37,0,0,37,37,8802,2,0,0,2,0
2020-09-22,US,Virginia,Mecklenburg,671,33,0,36.67882005,-78.36131056,51117.0,2193.742439598522,4.918032786885246,638,669,33,0,636,664,30650,2,0,0,2,5
2020-09-22,US,Virginia,Middlesex,110,9,0,37.63191998,-76.55064617,51119.0,1039.5010395010395,8.181818181818182,101,110,9,0,101,110,10769,0,0,0,0,0
2020-09-22,US,Virginia,Montgomery,1766,4,0,37.17746986,-80.37868691,51121.0,1792.2565585832447,0.2265005662514156,1762,1760,4,0,1756,1724,98985,6,0,0,6,36
2020-09-22,US,Virginia,Nelson,98,2,0,37.78790447,-78.88498513,51125.0,656.3965170797053,2.0408163265306123,96,98,1,0,97,98,14836,0,1,0,-1,0
2020-09-22,US,Virginia,New Kent,181,2,0,37.50694406,-76.99828634,51127.0,783.8551816725131,1.1049723756906078,179,180,2,0,178,180,22391,1,0,0,1,0
2020-09-22,US,Virginia,Newport News,2690,33,0,37.08166899,-76.51754109,51700.0,1500.9066815455433,1.2267657992565055,2657,2681,33,0,2648,2674,178626,9,0,0,9,7
2020-09-22,US,Virginia,Norfolk,4764,72,0,36.89934014,-76.26420872,51710.0,1962.5775514744046,1.5113350125944585,4692,4745,68,0,4677,4745,244076,19,4,0,15,0
2020-09-22,US,Virginia,Northampton,305,31,0,37.34062933,-75.87751591,51131.0,2604.611443210931,10.163934426229508,274,305,31,0,274,305,11735,0,0,0,0,0
2020-09-22,US,Virginia,Northumberland,146,6,0,37.89202088,-76.41949732,51133.0,1207.1103761885076,4.109589041095891,140,145,5,0,140,142,12147,1,1,0,0,3
2020-09-22,US,Virginia,Norton,33,0,0,36.93357076,-82.62750411,51720.0,828.9374529012813,0.0,33,33,0,0,33,33,3968,0,0,0,0,0
2020-09-22,US,Virginia,Nottoway,254,16,0,37.1435975,-78.05065922,51135.0,1667.5420168067224,6.299212598425197,238,249,16,0,233,249,15420,5,0,0,5,0
2020-09-22,US,Virginia,Orange,316,4,0,38.24530219,-78.01560400000002,51137.0,852.8784648187633,1.2658227848101269,312,315,4,0,311,312,36644,1,0,0,1,3
2020-09-22,US,Virginia,Page,385,29,0,38.61807452,-78.48797204,51139.0,1610.7438708057905,7.532467532467532,356,384,29,0,355,382,23933,1,0,0,1,2
2020-09-22,US,Virginia,Patrick,271,24,0,36.680163799999995,-80.2865648,51141.0,1539.0731485688325,8.85608856088561,247,271,24,0,247,271,17673,0,0,0,0,0
2020-09-22,US,Virginia,Petersburg,723,29,0,37.20530399,-77.39368102,51730.0,2306.514387800676,4.011065006915629,694,721,28,0,693,718,31567,2,1,0,1,3
2020-09-22,US,Virginia,Pittsylvania,964,9,0,36.81980341,-79.39731264,51143.0,1597.2429333598434,0.933609958506224,955,959,9,0,950,954,60949,5,0,0,5,5
2020-09-22,US,Virginia,Poquoson,75,2,0,37.14259351,-76.35798148,51735.0,611.1971314481298,2.6666666666666665,73,76,2,0,74,76,12190,-1,0,0,-1,0
2020-09-22,US,Virginia,Portsmouth,2529,58,0,36.85914825,-76.35971629,51740.0,2679.082183944576,2.2933965994464214,2471,2525,53,0,2472,2522,94632,4,5,0,-1,3
2020-09-22,US,Virginia,Powhatan,218,5,0,37.55016038,-77.91267882,51145.0,735.1949278294887,2.2935779816513757,213,214,5,0,209,212,29189,4,0,0,4,2
2020-09-22,US,Virginia,Prince Edward,567,12,0,37.22554789,-78.43597949,51147.0,2486.6239803526005,2.1164021164021163,555,562,12,0,550,561,22950,5,0,0,5,1
2020-09-22,US,Virginia,Prince George,763,5,0,37.18497668,-77.22922187,51149.0,1989.4141266654492,0.6553079947575361,758,722,5,0,717,722,38082,41,0,0,41,0
2020-09-22,US,Virginia,Prince William,12183,201,0,38.70916224,-77.48713689,51153.0,2590.281395175779,1.649839940901256,11982,12122,199,0,11923,12093,468011,61,2,0,59,29
2020-09-22,US,Virginia,Pulaski,221,4,0,37.06474963,-80.71229738,51155.0,649.4842331090018,1.8099547511312215,217,217,4,0,213,214,34066,4,0,0,4,3
2020-09-22,US,Virginia,Radford,718,1,0,37.12222899,-80.56027320000003,51750.0,3934.4621623102644,0.1392757660167131,717,716,1,0,715,713,18339,2,0,0,2,3
2020-09-22,US,Virginia,Rappahannock,64,2,0,38.68295619,-78.15826963,51157.0,868.3853459972862,3.125,62,65,2,0,63,65,7252,-1,0,0,-1,0
2020-09-22,US,Virginia,Richmond,339,4,0,37.937575,-76.72920628,51159.0,3757.0652776238494,1.1799410029498525,335,353,7,0,346,353,9038,-14,-3,0,-11,0
2020-09-22,US,Virginia,Richmond City,4540,58,0,37.53255773,-77.47966921,51760.0,1970.1782707563045,1.277533039647577,4482,4516,56,0,4460,4495,228783,24,2,0,22,21
2020-09-22,US,Virginia,Roanoke,784,7,0,37.26865804,-80.06396753,51161.0,832.3954727878877,0.8928571428571429,777,784,7,0,777,786,94073,0,0,0,0,-2
2020-09-22,US,Virginia,Roanoke City,1610,22,0,37.27791025,-79.96189766,51770.0,1623.916968419354,1.3664596273291925,1588,1578,22,0,1556,1577,99920,32,0,0,32,1
2020-09-22,US,Virginia,Rockbridge,104,2,0,37.81204314,-79.44605905,51163.0,460.7274177114252,1.9230769230769231,102,102,2,0,100,101,22752,2,0,0,2,1
2020-09-22,US,Virginia,Rockingham,1383,21,0,38.51006137,-78.87260325,51165.0,1687.6555864694683,1.5184381778741864,1362,1380,21,0,1359,1367,81244,3,0,0,3,13
2020-09-22,US,Virginia,Russell,236,5,0,36.93028320000001,-82.10095486,51167.0,887.6852478748214,2.1186440677966103,231,236,4,0,232,231,26748,0,1,0,-1,5
2020-09-22,US,Virginia,Salem,261,4,0,37.2836193,-80.06219455,51775.0,1031.5797794553578,1.5325670498084292,257,261,4,0,257,261,25643,0,0,0,0,0
2020-09-22,US,Virginia,Scott,181,4,0,36.71466456,-82.60171704,51169.0,839.2840582398219,2.209944751381216,177,180,4,0,176,180,21534,1,0,0,1,0
2020-09-22,US,Virginia,Shenandoah,800,58,0,38.85905135,-78.56813762,51171.0,1834.189288334556,7.25,742,799,58,0,741,800,43497,1,0,0,1,-1
2020-09-22,US,Virginia,Smyth,447,8,0,36.84455636,-81.53344948,51173.0,1484.8525112941802,1.7897091722595078,439,444,8,0,436,421,30472,3,0,0,3,23
2020-09-22,US,Virginia,Southampton,721,22,0,36.72231125,-77.10642712,51175.0,4089.388009755544,3.0513176144244105,699,575,22,0,553,538,17586,146,0,0,146,37
2020-09-22,US,Virginia,Spotsylvania,2099,44,0,38.18574462,-77.655399,51177.0,1540.9462981316299,2.096236303001429,2055,2088,43,0,2045,2082,134238,11,1,0,10,6
2020-09-22,US,Virginia,Stafford,1963,14,0,38.41758738,-77.45917053,51179.0,1283.996807995709,0.7131940906775344,1949,1951,14,0,1937,1941,149960,12,0,0,12,10
2020-09-22,US,Virginia,Staunton,245,0,0,38.15965544,-79.05979937,51790.0,982.6728702069628,0.0,245,243,0,0,243,240,24922,2,0,0,2,3
2020-09-22,US,Virginia,Suffolk,1908,72,0,36.70155394,-76.63603554,51800.0,2071.481304555522,3.7735849056603774,1836,1897,71,0,1826,1893,91185,11,1,0,10,4
2020-09-22,US,Virginia,Surry,114,3,0,37.11781893,-76.88450012,51181.0,1775.1479289940826,2.631578947368421,111,110,3,0,107,109,6474,4,0,0,4,1
2020-09-22,US,Virginia,Sussex,416,10,0,36.92432914,-77.25791182,51183.0,3727.9326104489646,2.4038461538461537,406,404,10,0,394,389,11237,12,0,0,12,15
2020-09-22,US,Virginia,Tazewell,258,2,0,37.12191123,-81.56685568,51185.0,635.5462495381205,0.7751937984496124,256,255,2,0,253,253,40855,3,0,0,3,2
2020-09-22,US,Virginia,Virginia Beach,6674,81,0,36.73285734,-76.04566934,51810.0,1483.1968069266227,1.2136649685346121,6593,6656,79,0,6577,6644,450189,18,2,0,16,12
2020-09-22,US,Virginia,Warren,413,6,0,38.90847745,-78.20280433,51187.0,1028.2840354546358,1.452784503631961,407,413,6,0,407,412,40003,0,0,0,0,1
2020-09-22,US,Virginia,Washington,544,17,0,36.72341572,-81.95666289,51191.0,1012.2813546706365,3.125,527,539,16,0,523,536,54402,5,1,0,4,3
2020-09-22,US,Virginia,Waynesboro,255,3,0,38.06451466,-78.90293905,51820.0,1126.8228015908087,1.1764705882352942,252,255,3,0,252,253,22628,0,0,0,0,2
2020-09-22,US,Virginia,Westmoreland,265,3,0,38.11021557,-76.80213247,51193.0,1470.9963918956423,1.1320754716981132,262,259,3,0,256,257,17830,6,0,0,6,2
2020-09-22,US,Virginia,Williamsburg,176,7,0,37.28131268,-76.70905141,51830.0,1176.9426240470775,3.977272727272727,169,175,7,0,168,175,14896,1,0,0,1,0
2020-09-22,US,Virginia,Winchester,490,4,0,39.17054517,-78.17325058,51840.0,1745.1385426312415,0.8163265306122449,486,489,4,0,485,485,28108,1,0,0,1,4
2020-09-22,US,Virginia,Wise,392,8,0,36.9746148,-82.62410519,51195.0,1048.604980873659,2.0408163265306123,384,390,8,0,382,388,38012,2,0,0,2,2
2020-09-22,US,Virginia,Wythe,223,4,0,36.91582035,-81.07834059,51197.0,777.4368986194394,1.7937219730941705,219,222,3,0,219,221,28754,1,1,0,0,1
2020-09-22,US,Virginia,York,534,8,0,37.24374789,-76.54412815,51199.0,782.0738137082602,1.49812734082397,526,532,6,0,526,528,67846,2,2,0,0,4
2020-09-22,US,Washington,Adams,814,9,0,46.98299757,-118.56017340000001,53001.0,4073.462443076615,1.1056511056511056,805,808,9,0,799,808,19759,6,0,0,6,0
2020-09-22,US,Washington,Asotin,86,2,0,46.18894415,-117.2022851,53003.0,380.8342927995749,2.3255813953488373,84,87,2,0,85,87,22610,-1,0,0,-1,0
2020-09-22,US,Washington,Benton,4435,129,0,46.23946995,-119.51208340000001,53005.0,2169.8713244287883,2.9086809470124013,4306,4409,127,0,4282,4409,201877,26,2,0,24,0
2020-09-22,US,Washington,Chelan,1835,15,0,47.87046092,-120.6173956,53007.0,2376.943005181347,0.8174386920980926,1820,1834,14,0,1820,1834,77036,1,1,0,0,0
2020-09-22,US,Washington,Clallam,224,1,0,48.04754642,-123.92263190000001,53009.0,289.6639122732152,0.44642857142857145,223,223,1,0,222,223,76737,1,0,0,1,0
2020-09-22,US,Washington,Clark,2624,62,0,45.77568046,-122.48292040000001,53011.0,537.4395022130465,2.3628048780487805,2562,2576,62,0,2514,2576,481857,48,0,0,48,0
2020-09-22,US,Washington,Columbia,14,1,0,46.29442881,-117.9051983,53013.0,351.3174404015057,7.142857142857142,13,14,1,0,13,14,4059,0,0,0,0,0
2020-09-22,US,Washington,Cowlitz,630,6,0,46.19074721,-122.6782231,53015.0,569.6563073612252,0.9523809523809524,624,611,6,0,605,611,108987,19,0,0,19,0
2020-09-22,US,Washington,Douglas,1179,9,0,47.7361335,-119.69293700000001,53017.0,2714.7758410278852,0.7633587786259542,1170,1176,9,0,1167,1176,42907,3,0,0,3,0
2020-09-22,US,Washington,Ferry,29,0,0,48.471143100000006,-118.5154041,53019.0,380.22813688212926,0.0,29,29,0,0,29,29,7649,0,0,0,0,0
2020-09-22,US,Washington,Franklin,4199,64,0,46.53351425,-118.9018212,53021.0,4409.695238495306,1.5241724220052393,4135,4187,63,0,4124,4187,94347,12,1,0,11,0
2020-09-22,US,Washington,Garfield,11,0,0,46.43197502,-117.54540320000001,53023.0,494.3820224719101,0.0,11,11,0,0,11,11,2247,0,0,0,0,0
2020-09-22,US,Washington,Grant,2803,20,0,47.20753737,-119.4500749,53025.0,2868.0179673191246,0.7135212272565109,2783,2788,19,0,2769,2788,97331,15,1,0,14,0
2020-09-22,US,Washington,Grays Harbor,446,6,0,47.14003705,-123.7820567,53027.0,594.1833975033641,1.345291479820628,440,432,6,0,426,432,73901,14,0,0,14,0
2020-09-22,US,Washington,Island,299,11,0,48.14713305,-122.5216407,53029.0,351.18215665777944,3.6789297658862883,288,292,11,0,281,292,84460,7,0,0,7,0
2020-09-22,US,Washington,Jefferson,71,0,0,47.75003077,-123.56097040000002,53031.0,220.35318581049626,0.0,71,71,0,0,71,71,31729,0,0,0,0,0
2020-09-22,US,Washington,King,21559,757,0,47.49137892,-121.8346131,53033.0,956.9945072359419,3.5112945869474466,20802,21516,757,0,20759,21453,2233163,43,0,0,43,63
2020-09-22,US,Washington,Kitsap,1148,14,0,47.63479026,-122.6436061,53035.0,422.87814994493004,1.2195121951219512,1134,1141,11,0,1130,1141,269805,7,3,0,4,0
2020-09-22,US,Washington,Kittitas,497,22,0,47.12521214,-120.67943899999999,53037.0,1036.8206946907271,4.4265593561368215,475,494,22,0,472,494,47364,3,0,0,3,0
2020-09-22,US,Washington,Klickitat,192,3,0,45.87325839,-120.7913598,53039.0,856.1872909698998,1.5625,189,190,3,0,187,190,22107,2,0,0,2,0
2020-09-22,US,Washington,Lewis,473,4,0,46.57756476,-122.39257690000001,53041.0,586.0706010631047,0.8456659619450317,469,462,4,0,458,462,79604,11,0,0,11,0
2020-09-22,US,Washington,Lincoln,41,1,0,47.57705241,-118.41943880000001,53043.0,374.8057409269586,2.4390243902439024,40,40,1,0,39,40,10740,1,0,0,1,0
2020-09-22,US,Washington,Mason,375,5,0,47.35007586,-123.1863685,53045.0,561.6462976276059,1.3333333333333333,370,371,3,0,368,371,65507,4,2,0,2,0
2020-09-22,US,Washington,Okanogan,1031,10,0,48.54855019,-119.73872240000001,53047.0,2440.641052955519,0.9699321047526672,1021,1026,10,0,1016,1026,42132,5,0,0,5,0
2020-09-22,US,Washington,Pacific,80,3,0,46.55418369,-123.7285716,53049.0,356.01441858395265,3.75,77,80,3,0,77,80,22036,0,0,0,0,0
2020-09-22,US,Washington,Pend Oreille,59,0,0,48.53234021,-117.2741804,53051.0,429.90381812882543,0.0,59,58,0,0,58,58,13602,1,0,0,1,0
2020-09-22,US,Washington,Pierce,7655,196,0,47.03892768,-122.14059579999999,53053.0,845.8750469623639,2.5604180274330504,7459,7614,192,0,7422,7552,891299,41,4,0,37,62
2020-09-22,US,Washington,San Juan,29,0,0,48.60182783,-122.96745,53055.0,164.94141735866228,0.0,29,29,0,0,29,29,17128,0,0,0,0,0
2020-09-22,US,Washington,Skagit,1084,22,0,48.48171488,-121.766131,53057.0,838.9768197825161,2.029520295202952,1062,1079,22,0,1057,1079,128206,5,0,0,5,0
2020-09-22,US,Washington,Skamania,63,1,0,46.02408726,-121.91644029999999,53059.0,521.3936936191343,1.5873015873015872,62,63,1,0,62,63,11924,0,0,0,0,0
2020-09-22,US,Washington,Snohomish,6735,213,0,48.04615983,-121.7170703,53061.0,819.2603423255316,3.162583518930958,6522,6697,210,0,6487,6697,814901,38,3,0,35,0
2020-09-22,US,Washington,Spokane,6366,156,0,47.62113146,-117.4046494,53063.0,1217.6787210356579,2.4505183788878417,6210,6278,155,0,6123,6221,514631,88,1,0,87,57
2020-09-22,US,Washington,Stevens,153,2,0,48.40035475,-117.8542701,53065.0,334.6237123548324,1.30718954248366,151,147,2,0,145,147,45260,6,0,0,6,0
2020-09-22,US,Washington,Thurston,1033,17,0,46.9291895,-122.82906559999999,53067.0,355.54974254481374,1.6456921587608906,1016,1027,17,0,1010,1027,286419,6,0,0,6,0
2020-09-22,US,Washington,Unassigned,290,5,0,0.0,0.0,90053.0,0.0,1.7241379310344829,285,299,5,0,294,299,,-9,0,0,-9,0
2020-09-22,US,Washington,Wahkiakum,6,0,0,46.29180039999999,-123.4250831,53069.0,133.6898395721925,0.0,6,6,0,0,6,6,4426,0,0,0,0,0
2020-09-22,US,Washington,Walla Walla,864,5,0,46.23040051,-118.4775539,53071.0,1421.9881500987494,0.5787037037037037,859,861,5,0,856,861,60922,3,0,0,3,0
2020-09-22,US,Washington,Whatcom,1287,42,0,48.82227976,-121.74900179999999,53073.0,561.4032026591407,3.2634032634032635,1245,1264,40,0,1224,1264,225685,23,2,0,21,0
2020-09-22,US,Washington,Whitman,1173,0,0,46.90022523,-117.52417630000001,53075.0,2341.130448666773,0.0,1173,1157,0,0,1157,1157,49791,16,0,0,16,0
2020-09-22,US,Washington,Yakima,11301,257,0,46.45738486,-120.73801259999999,53077.0,4504.669693430541,2.2741350322980267,11044,11283,256,0,11027,11283,251446,18,1,0,17,0
2020-09-22,US,West Virginia,Barbour,48,1,0,39.1307219,-80.00350858,54001.0,291.9530442187215,2.083333333333333,47,46,1,0,45,44,16535,2,0,0,2,2
2020-09-22,US,West Virginia,Berkeley,948,13,0,39.46704621,-78.02414609,54003.0,795.4955484136241,1.3713080168776368,935,947,13,0,934,944,117123,1,0,0,1,3
2020-09-22,US,West Virginia,Boone,200,1,0,38.01974191,-81.69888019,54005.0,932.0967516428204,0.5,199,198,1,0,197,197,21951,2,0,0,2,1
2020-09-22,US,West Virginia,Braxton,10,0,0,38.70036159,-80.72011184,54007.0,71.64863509350147,0.0,10,10,0,0,10,10,14089,0,0,0,0,0
2020-09-22,US,West Virginia,Brooke,112,1,0,40.27367263,-80.57915332,54009.0,510.506404120516,0.8928571428571429,111,107,1,0,106,107,22203,5,0,0,5,0
2020-09-22,US,West Virginia,Cabell,737,10,0,38.42424062,-82.23855912,54011.0,801.5661536788298,1.35685210312076,727,724,10,0,714,718,93224,13,0,0,13,6
2020-09-22,US,West Virginia,Calhoun,24,0,0,38.84315422,-81.11934872,54013.0,337.60022506681673,0.0,24,24,0,0,24,24,7254,0,0,0,0,0
2020-09-22,US,West Virginia,Clay,35,2,0,38.46231092,-81.07652217,54015.0,411.3775270333804,5.7142857142857135,33,35,2,0,33,35,8632,0,0,0,0,0
2020-09-22,US,West Virginia,Doddridge,18,0,0,39.27057157,-80.70671527,54017.0,213.0681818181818,0.0,18,18,0,0,18,18,8406,0,0,0,0,0
2020-09-22,US,West Virginia,Fayette,577,11,0,38.02974928,-81.08286634,54019.0,1360.6565108711031,1.9064124783362215,566,569,10,0,559,564,43018,8,1,0,7,5
2020-09-22,US,West Virginia,Gilmer,32,0,0,38.9251277,-80.85952723,54021.0,409.050236482168,0.0,32,29,0,0,29,27,8026,3,0,0,3,2
2020-09-22,US,West Virginia,Grant,152,7,0,39.10314817,-79.19440518,54023.0,1313.969571230982,4.605263157894737,145,152,7,0,145,152,11626,0,0,0,0,0
2020-09-22,US,West Virginia,Greenbrier,120,3,0,37.9463652,-80.45335881,54025.0,346.2004500605851,2.5,117,120,3,0,117,120,34786,0,0,0,0,0
2020-09-22,US,West Virginia,Hampshire,102,1,0,39.32103553,-78.60826476,54027.0,440.1294498381877,0.9803921568627452,101,100,1,0,99,100,23347,2,0,0,2,0
2020-09-22,US,West Virginia,Hancock,144,0,0,40.51943859,-80.57461608,54029.0,499.8264491496008,0.0,144,141,0,0,141,141,29094,3,0,0,3,0
2020-09-22,US,West Virginia,Hardy,82,1,0,39.00683177,-78.85855301,54031.0,595.2380952380953,1.2195121951219512,81,82,1,0,81,81,13775,0,0,0,0,1
2020-09-22,US,West Virginia,Harrison,342,8,0,39.2853852,-80.37919577,54033.0,508.5048174140597,2.3391812865497075,334,341,7,0,334,339,67554,1,1,0,0,2
2020-09-22,US,West Virginia,Jackson,252,23,0,38.84263974,-81.68148753,54035.0,881.8589025755879,9.126984126984127,229,247,23,0,224,247,28706,5,0,0,5,0
2020-09-22,US,West Virginia,Jefferson,422,4,0,39.30776166,-77.86014147,54037.0,738.4593847338397,0.9478672985781992,418,419,4,0,415,419,56811,3,0,0,3,0
2020-09-22,US,West Virginia,Kanawha,2377,70,0,38.33860077,-81.52857054,54039.0,1334.463632076531,2.944888514934792,2307,2317,68,0,2249,2297,180454,60,2,0,58,20
2020-09-22,US,West Virginia,Lewis,38,2,0,38.9947249,-80.49988181,54041.0,238.888539636638,5.2631578947368425,36,38,2,0,36,38,16024,0,0,0,0,0
2020-09-22,US,West Virginia,Lincoln,156,2,0,38.172154,-82.07017953,54043.0,764.3686608849038,1.2820512820512822,154,156,2,0,154,155,20599,0,0,0,0,1
2020-09-22,US,West Virginia,Logan,585,39,0,37.8299889,-81.93528571,54045.0,1827.0401948842873,6.666666666666668,546,582,39,0,543,572,32607,3,0,0,3,10
2020-09-22,US,West Virginia,Marion,258,3,0,39.50984542,-80.24244659,54049.0,460.1226993865032,1.162790697674419,255,255,3,0,252,254,56097,3,0,0,3,1
2020-09-22,US,West Virginia,Marshall,160,1,0,39.86064362,-80.66591062,54051.0,524.0575153123056,0.625,159,159,1,0,158,158,30785,1,0,0,1,1
2020-09-22,US,West Virginia,Mason,138,5,0,38.77071799,-82.02524219,54053.0,520.4404887615025,3.6231884057971016,133,136,5,0,131,136,26718,2,0,0,2,0
2020-09-22,US,West Virginia,McDowell,86,1,0,37.38002939,-81.65083669,54047.0,487.9709487063097,1.162790697674419,85,86,1,0,85,86,18223,0,0,0,0,0
2020-09-22,US,West Virginia,Mercer,404,27,0,37.40481169,-81.11023142,54055.0,687.5659484665917,6.683168316831683,377,401,26,0,375,399,59131,3,1,0,2,2
2020-09-22,US,West Virginia,Mineral,165,4,0,39.41561583,-78.94104895,54057.0,614.1134435015632,2.4242424242424243,161,164,4,0,160,164,26940,1,0,0,1,0
2020-09-22,US,West Virginia,Mingo,366,9,0,37.73048351,-82.13338365,54059.0,1562.5,2.459016393442623,357,356,9,0,347,354,23785,10,0,0,10,2
2020-09-22,US,West Virginia,Monongalia,1936,5,0,39.63218457,-80.04766838,54061.0,1833.1250236715525,0.2582644628099173,1931,1902,5,0,1897,1876,106420,34,0,0,34,26
2020-09-22,US,West Virginia,Monroe,148,7,0,37.56274716,-80.54577965,54063.0,1114.8775894538603,4.729729729729731,141,148,7,0,141,148,13280,0,0,0,0,0
2020-09-22,US,West Virginia,Morgan,53,0,0,39.55439028,-78.26311676,54065.0,296.3542831581302,0.0,53,52,0,0,52,51,17787,1,0,0,1,1
2020-09-22,US,West Virginia,Nicholas,92,3,0,38.29617706,-80.79759588,54067.0,375.5715218811234,3.260869565217391,89,88,3,0,85,87,24842,4,0,0,4,1
2020-09-22,US,West Virginia,Ohio,358,6,0,40.0955451,-80.62203992,54069.0,864.5046002269928,1.675977653631285,352,356,6,0,350,351,41755,2,0,0,2,5
2020-09-22,US,West Virginia,Pendleton,52,1,0,38.68314479,-79.35084086,54071.0,746.161572679007,1.9230769230769231,51,52,1,0,51,52,6997,0,0,0,0,0
2020-09-22,US,West Virginia,Pleasants,17,2,0,39.37091679,-81.16771771,54073.0,227.8820375335121,11.764705882352944,15,17,2,0,15,17,7507,0,0,0,0,0
2020-09-22,US,West Virginia,Pocahontas,59,0,0,38.32758728,-80.00993811,54075.0,715.4116648478232,0.0,59,59,0,0,59,59,8414,0,0,0,0,0
2020-09-22,US,West Virginia,Preston,149,4,0,39.46770987,-79.66712803,54077.0,445.6807848767649,2.684563758389262,145,149,4,0,145,149,33839,0,0,0,0,0
2020-09-22,US,West Virginia,Putnam,521,5,0,38.50782345,-81.9082131,54079.0,922.9406554472985,0.9596928982725528,516,509,5,0,504,496,56682,12,0,0,12,13
2020-09-22,US,West Virginia,Raleigh,479,8,0,37.76936795,-81.2456041,54081.0,652.935483431251,1.6701461377870563,471,473,8,0,465,472,74254,6,0,0,6,1
2020-09-22,US,West Virginia,Randolph,237,2,0,38.769899,-79.87919615,54083.0,825.9278619968636,0.8438818565400844,235,236,2,0,234,234,28823,1,0,0,1,2
2020-09-22,US,West Virginia,Ritchie,11,0,0,39.18094587,-81.06356878,54085.0,115.13502198032238,0.0,11,11,0,0,11,11,9721,0,0,0,0,0
2020-09-22,US,West Virginia,Roane,49,2,0,38.71622686,-81.35243568,54087.0,357.97779076563415,4.081632653061225,47,49,2,0,47,49,13932,0,0,0,0,0
2020-09-22,US,West Virginia,Summers,46,0,0,37.65390597,-80.86009693,54089.0,365.8633579893423,0.0,46,42,0,0,42,41,12760,4,0,0,4,1
2020-09-22,US,West Virginia,Taylor,119,6,0,39.33602617,-80.0421439,54091.0,712.7882599580713,5.042016806722689,113,117,6,0,111,117,16862,2,0,0,2,0
2020-09-22,US,West Virginia,Tucker,17,0,0,39.11240885,-79.57053576,54093.0,248.57435297558123,0.0,17,16,0,0,16,16,6955,1,0,0,1,0
2020-09-22,US,West Virginia,Tyler,15,0,0,39.46811972,-80.88772676,54095.0,174.60132697008495,0.0,15,15,0,0,15,15,8746,0,0,0,0,0
2020-09-22,US,West Virginia,Upshur,61,0,0,38.89285061,-80.23689136,54097.0,252.3163467902052,0.0,61,60,0,0,60,60,24415,1,0,0,1,0
2020-09-22,US,West Virginia,Wayne,361,11,0,38.14901357,-82.42287994,54099.0,916.1971473529262,3.0470914127423825,350,356,11,0,345,346,39944,5,0,0,5,10
2020-09-22,US,West Virginia,Webster,7,0,0,38.49370949,-80.4202023,54101.0,86.27064333251171,0.0,7,7,0,0,7,7,8285,0,0,0,0,0
2020-09-22,US,West Virginia,Wetzel,50,0,0,39.6065771,-80.64016540000001,54103.0,331.89512114171924,0.0,50,49,0,0,49,49,15270,1,0,0,1,0
2020-09-22,US,West Virginia,Wirt,12,0,0,39.02775007,-81.37473928,54105.0,206.15014602302008,0.0,12,10,0,0,10,10,5830,2,0,0,2,0
2020-09-22,US,West Virginia,Wood,352,6,0,39.20967886,-81.5162836,54107.0,421.4660312746953,1.7045454545454546,346,348,6,0,342,348,84203,4,0,0,4,0
2020-09-22,US,West Virginia,Wyoming,103,3,0,37.612327,-81.54511071,54109.0,505.0505050505049,2.9126213592233015,100,101,3,0,98,101,20786,2,0,0,2,0
2020-09-22,US,Wisconsin,Adams,209,4,0,43.96974651,-89.76782777,55001.0,1033.630069238378,1.9138755980861244,205,205,4,0,201,200,20348,4,0,0,4,5
2020-09-22,US,Wisconsin,Ashland,70,2,0,46.31956891,-90.67837132,55003.0,449.81364863128135,2.8571428571428568,68,62,2,0,60,61,15600,8,0,0,8,1
2020-09-22,US,Wisconsin,Barron,422,4,0,45.42372701,-91.84833627,55005.0,932.7203607108124,0.9478672985781992,418,420,4,0,416,420,45164,2,0,0,2,0
2020-09-22,US,Wisconsin,Bayfield,86,1,0,46.52868768,-91.19716729,55007.0,571.9606278265496,1.162790697674419,85,83,1,0,82,82,15042,3,0,0,3,1
2020-09-22,US,Wisconsin,Brown,7703,60,0,44.452655299999996,-88.00411844,55009.0,2911.8249654119195,0.7789173049461249,7643,7563,59,0,7504,7484,263378,140,1,0,139,79
2020-09-22,US,Wisconsin,Buffalo,124,2,0,44.37835084,-91.75332578,55011.0,951.5770086716292,1.6129032258064515,122,121,2,0,119,119,13125,3,0,0,3,2
2020-09-22,US,Wisconsin,Burnett,140,3,0,45.86303537,-92.36711412,55013.0,908.2652134423253,2.142857142857143,137,124,3,0,121,122,15392,16,0,0,16,2
2020-09-22,US,Wisconsin,Calumet,921,2,0,44.0816316,-88.21780273,55015.0,1838.7270658228354,0.21715526601520088,919,894,2,0,892,869,50159,27,0,0,27,25
2020-09-22,US,Wisconsin,Chippewa,482,0,0,45.06939744,-91.28068855,55017.0,745.4607318506604,0.0,482,480,0,0,480,476,64135,2,0,0,2,4
2020-09-22,US,Wisconsin,Clark,331,8,0,44.73483377,-90.61207486,55019.0,951.86058549491,2.416918429003021,323,325,8,0,317,325,34709,6,0,0,6,0
2020-09-22,US,Wisconsin,Columbia,531,2,0,43.46492199,-89.33589004,55021.0,922.9646109990962,0.3766478342749529,529,514,2,0,512,506,57358,17,0,0,17,8
2020-09-22,US,Wisconsin,Crawford,141,0,0,43.23870316,-90.93073686,55023.0,874.0933606100058,0.0,141,141,0,0,141,138,16291,0,0,0,0,3
2020-09-22,US,Wisconsin,Dane,8947,41,0,43.06601594,-89.41733797,55025.0,1636.5615196773338,0.4582541634067285,8906,8895,41,0,8854,8815,542364,52,0,0,52,80
2020-09-22,US,Wisconsin,Dodge,1653,10,0,43.41576662,-88.70928178,55027.0,1881.852024727057,0.6049606775559588,1643,1626,9,0,1617,1600,87847,27,1,0,26,26
2020-09-22,US,Wisconsin,Door,245,3,0,44.95856458,-87.30002707,55029.0,885.4994940002891,1.2244897959183674,242,238,3,0,235,236,27610,7,0,0,7,2
2020-09-22,US,Wisconsin,Douglas,393,0,0,46.43222285,-91.91595768,55031.0,910.776361529548,0.0,393,390,0,0,390,378,43208,3,0,0,3,12
2020-09-22,US,Wisconsin,Dunn,402,0,0,44.94562799,-91.8962481,55033.0,886.087109857168,0.0,402,385,0,0,385,377,45131,17,0,0,17,8
2020-09-22,US,Wisconsin,Eau Claire,1650,6,0,44.726614,-91.28609183,55035.0,1576.7444527263344,0.3636363636363637,1644,1617,6,0,1611,1586,104534,33,0,0,33,31
2020-09-22,US,Wisconsin,Florence,69,1,0,45.84963535,-88.39804137,55037.0,1606.5192083818392,1.4492753623188406,68,69,1,0,68,63,4321,0,0,0,0,6
2020-09-22,US,Wisconsin,Fond du Lac,1799,13,0,43.75354908,-88.48885325,55039.0,1739.7947835169193,0.7226236798221234,1786,1785,13,0,1772,1713,103066,14,0,0,14,72
2020-09-22,US,Wisconsin,Forest,224,4,0,45.66678019,-88.77084892,55041.0,2487.7832074633498,1.7857142857142858,220,214,4,0,210,213,8991,10,0,0,10,1
2020-09-22,US,Wisconsin,Grant,846,19,0,42.8671731,-90.7063218,55043.0,1644.666498182313,2.2458628841607564,827,831,19,0,812,821,51554,15,0,0,15,10
2020-09-22,US,Wisconsin,Green,449,2,0,42.6794956,-89.60243287,55045.0,1214.8268398268401,0.44543429844098004,447,443,2,0,441,436,36929,6,0,0,6,7
2020-09-22,US,Wisconsin,Green Lake,212,0,0,43.80025981,-89.04679553,55047.0,1120.922117062338,0.0,212,199,0,0,199,195,18918,13,0,0,13,4
2020-09-22,US,Wisconsin,Iowa,155,0,0,43.00050278,-90.13469017,55049.0,654.6160993327138,0.0,155,152,0,0,152,150,23771,3,0,0,3,2
2020-09-22,US,Wisconsin,Iron,137,1,0,46.26302338,-90.24295041,55051.0,2409.0029892737825,0.7299270072992701,136,136,1,0,135,136,5676,1,0,0,1,0
2020-09-22,US,Wisconsin,Jackson,107,1,0,44.31864893,-90.80566792,55053.0,518.3355132490434,0.9345794392523364,106,107,1,0,106,107,20478,0,0,0,0,0
2020-09-22,US,Wisconsin,Jefferson,1243,7,0,43.02054068,-88.77529134,55055.0,1466.3379301395553,0.5631536604987932,1236,1229,7,0,1222,1214,85129,14,0,0,14,15
2020-09-22,US,Wisconsin,Juneau,331,2,0,43.92456975,-90.11120239,55057.0,1240.3042679956536,0.6042296072507553,329,328,2,0,326,326,26617,3,0,0,3,2
2020-09-22,US,Wisconsin,Kenosha,3308,65,0,42.57639354,-88.04051686,55059.0,1950.9203177617487,1.9649334945586456,3243,3299,65,0,3234,3281,169290,9,0,0,9,18
2020-09-22,US,Wisconsin,Kewaunee,414,2,0,44.51727459,-87.61468386,55061.0,2026.035039639816,0.4830917874396135,412,383,2,0,381,381,20383,31,0,0,31,2
2020-09-22,US,Wisconsin,La Crosse,2698,2,0,43.90632465,-91.11451093,55063.0,2286.130694143167,0.07412898443291327,2696,2622,2,0,2620,2568,118230,76,0,0,76,54
2020-09-22,US,Wisconsin,Lafayette,225,0,0,42.66005229,-90.1317729,55065.0,1350.1350135013502,0.0,225,219,0,0,219,217,16665,6,0,0,6,2
2020-09-22,US,Wisconsin,Langlade,136,2,0,45.26271619,-89.07483625,55067.0,708.7393819375684,1.4705882352941178,134,132,2,0,130,131,19268,4,0,0,4,1
2020-09-22,US,Wisconsin,Lincoln,159,1,0,45.33737523,-89.73411273,55069.0,576.2331025984853,0.6289308176100629,158,143,1,0,142,136,27689,16,0,0,16,7
2020-09-22,US,Wisconsin,Manitowoc,905,2,0,44.11946801,-87.80928853,55071.0,1145.8452032767375,0.22099447513812154,903,882,2,0,880,861,79074,23,0,0,23,21
2020-09-22,US,Wisconsin,Marathon,1112,14,0,44.89792533,-89.75863384,55073.0,819.5029920702768,1.2589928057553956,1098,1081,14,0,1067,1054,135428,31,0,0,31,27
2020-09-22,US,Wisconsin,Marinette,768,7,0,45.38553432,-88.03324599999998,55075.0,1903.3457249070632,0.9114583333333334,761,750,7,0,743,732,40434,18,0,0,18,18
2020-09-22,US,Wisconsin,Marquette,202,1,0,43.81911946,-89.40073763,55077.0,1297.0335174007962,0.4950495049504951,201,195,1,0,194,190,15434,7,0,0,7,5
2020-09-22,US,Wisconsin,Menominee,55,0,0,45.00422544,-88.70950714,55078.0,1207.1992976294996,0.0,55,49,0,0,49,47,4658,6,0,0,6,2
2020-09-22,US,Wisconsin,Milwaukee,27211,525,0,43.00486062,-87.96733172,55079.0,2877.260432725757,1.9293668001910995,26686,26973,521,0,26452,26860,948201,238,4,0,234,113
2020-09-22,US,Wisconsin,Monroe,408,2,0,43.94641218,-90.61881899999999,55081.0,882.1049445441378,0.4901960784313725,406,399,2,0,397,392,46051,9,0,0,9,7
2020-09-22,US,Wisconsin,Oconto,703,4,0,45.02715345,-88.26807503,55083.0,1853.4141840232007,0.5689900426742532,699,685,4,0,681,662,37830,18,0,0,18,23
2020-09-22,US,Wisconsin,Oneida,356,2,0,45.70677897,-89.51944105,55085.0,1000.1404691670178,0.5617977528089888,354,341,2,0,339,334,35470,15,0,0,15,7
2020-09-22,US,Wisconsin,Outagamie,3698,28,0,44.41578887,-88.46565023,55087.0,1968.2252441653131,0.7571660356949702,3670,3583,27,0,3556,3526,187365,115,1,0,114,57
2020-09-22,US,Wisconsin,Ozaukee,1240,19,0,43.38352225,-87.94625009,55089.0,1389.8073323544904,1.5322580645161292,1221,1217,19,0,1198,1217,89147,23,0,0,23,0
2020-09-22,US,Wisconsin,Pepin,56,0,0,44.58307413,-91.99949611,55091.0,768.4918347742555,0.0,56,56,0,0,56,55,7289,0,0,0,0,1
2020-09-22,US,Wisconsin,Pierce,408,6,0,44.71850291,-92.4224416,55093.0,954.2966739954156,1.4705882352941178,402,396,6,0,390,388,42555,12,0,0,12,8
2020-09-22,US,Wisconsin,Polk,224,2,0,45.46130348,-92.44182875,55095.0,511.61409679555993,0.8928571428571429,222,220,2,0,218,218,43598,4,0,0,4,2
2020-09-22,US,Wisconsin,Portage,1244,4,0,44.47558711,-89.50152965,55097.0,1757.7573051489292,0.3215434083601286,1240,1218,4,0,1214,1169,70942,26,0,0,26,49
2020-09-22,US,Wisconsin,Price,55,0,0,45.68051754,-90.36098879999999,55099.0,411.95416073702347,0.0,55,51,0,0,51,52,13397,4,0,0,4,-1
2020-09-22,US,Wisconsin,Racine,4559,94,0,42.74753117,-88.05941254,55101.0,2322.335477889675,2.061855670103093,4465,4512,94,0,4418,4425,196584,47,0,0,47,87
2020-09-22,US,Wisconsin,Richland,93,4,0,43.3762778,-90.43012729,55103.0,539.067934152562,4.301075268817204,89,92,4,0,88,92,17377,1,0,0,1,0
2020-09-22,US,Wisconsin,Rock,2287,32,0,42.67151616,-89.07147900000002,55105.0,1400.0269353673614,1.3992129427197202,2255,2268,32,0,2236,2231,163129,19,0,0,19,37
2020-09-22,US,Wisconsin,Rusk,52,1,0,45.47498854,-91.1333012,55107.0,366.76541120045135,1.9230769230769231,51,50,1,0,49,49,14147,2,0,0,2,1
2020-09-22,US,Wisconsin,Sauk,822,3,0,43.42574087,-89.94966132,55111.0,1275.5656249030135,0.36496350364963503,819,806,3,0,803,805,64249,16,0,0,16,1
2020-09-22,US,Wisconsin,Sawyer,196,1,0,45.87931905,-91.14504927,55113.0,1183.7178403188789,0.5102040816326531,195,195,1,0,194,195,16489,1,0,0,1,0
2020-09-22,US,Wisconsin,Shawano,606,1,0,44.78902246,-88.76443896,55115.0,1481.6988190420307,0.16501650165016502,605,588,1,0,587,574,40796,18,0,0,18,14
2020-09-22,US,Wisconsin,Sheboygan,1492,15,0,43.72099677,-87.94579284,55117.0,1293.566845847061,1.0053619302949062,1477,1454,14,0,1440,1443,115456,38,1,0,37,11
2020-09-22,US,Wisconsin,St. Croix,840,8,0,45.03437474,-92.45000068,55109.0,926.2628601673888,0.9523809523809524,832,833,8,0,825,810,89694,7,0,0,7,23
2020-09-22,US,Wisconsin,Taylor,156,3,0,45.21179252,-90.5004405,55119.0,766.8485474118861,1.9230769230769231,153,151,3,0,148,151,20412,5,0,0,5,0
2020-09-22,US,Wisconsin,Trempealeau,569,2,0,44.30360275,-91.35893614,55121.0,1919.120375054808,0.351493848857645,567,536,2,0,534,531,29442,33,0,0,33,5
2020-09-22,US,Wisconsin,Vernon,183,0,0,43.59422667,-90.8324691,55123.0,593.7317500486665,0.0,183,180,0,0,180,172,30785,3,0,0,3,8
2020-09-22,US,Wisconsin,Vilas,174,1,0,46.05467334,-89.51719204,55125.0,783.9603514305023,0.5747126436781609,173,172,1,0,171,168,21938,2,0,0,2,4
2020-09-22,US,Wisconsin,Walworth,2484,34,0,42.66858202,-88.54163073,55127.0,2391.496899911426,1.3687600644122384,2450,2458,34,0,2424,2428,103718,26,0,0,26,30
2020-09-22,US,Wisconsin,Washburn,94,1,0,45.89838588,-91.79050449,55129.0,597.9643765903307,1.0638297872340423,93,92,1,0,91,91,15878,2,0,0,2,1
2020-09-22,US,Wisconsin,Washington,2324,32,0,43.36863664,-88.22974712,55131.0,1708.3964303041892,1.3769363166953528,2292,2268,32,0,2236,2268,135693,56,0,0,56,0
2020-09-22,US,Wisconsin,Waukesha,6763,85,0,43.01833055,-88.30431188,55133.0,1673.1898722903131,1.2568386810587018,6678,6664,85,0,6579,6605,403072,99,0,0,99,59
2020-09-22,US,Wisconsin,Waupaca,934,19,0,44.47068056,-88.96534501,55135.0,1831.731712100412,2.034261241970021,915,920,20,0,900,908,51128,14,-1,0,15,12
2020-09-22,US,Wisconsin,Waushara,284,2,0,44.11324419,-89.24317107,55137.0,1161.8868387677453,0.7042253521126759,282,275,2,0,273,270,24263,9,0,0,9,5
2020-09-22,US,Wisconsin,Winnebago,2944,23,0,44.06886922,-88.64477096,55139.0,1712.5538808774509,0.78125,2921,2822,23,0,2799,2693,171020,122,0,0,122,129
2020-09-22,US,Wisconsin,Wood,707,4,0,44.45537896,-90.04158336,55141.0,968.5064178961355,0.5657708628005658,703,692,4,0,688,679,73055,15,0,0,15,13
2020-09-22,US,Wyoming,Albany,397,0,0,41.65498705,-105.72354150000001,56001.0,1021.090534979424,0.0,397,385,0,0,385,364,38601,12,0,0,12,21
2020-09-22,US,Wyoming,Big Horn,51,1,0,44.52405055,-107.9960365,56003.0,432.5699745547074,1.96078431372549,50,51,1,0,50,51,11881,0,0,0,0,0
2020-09-22,US,Wyoming,Campbell,254,1,0,44.24886082,-105.54744040000001,56005.0,548.1107442653374,0.3937007874015748,253,250,1,0,249,244,46140,4,0,0,4,6
2020-09-22,US,Wyoming,Carbon,217,2,0,41.69357844,-106.9326084,56007.0,1466.2162162162165,0.9216589861751152,215,216,2,0,214,214,14971,1,0,0,1,2
2020-09-22,US,Wyoming,Converse,106,0,0,42.97272268,-105.5081848,56009.0,766.8933584141223,0.0,106,100,0,0,100,97,13640,6,0,0,6,3
2020-09-22,US,Wyoming,Crook,35,0,0,44.58855102,-104.56977049999999,56011.0,461.4978902953587,0.0,35,34,0,0,34,34,7450,1,0,0,1,0
2020-09-22,US,Wyoming,Fremont,674,14,0,43.04183996,-108.6296893,56013.0,1716.7163342757447,2.0771513353115734,660,666,14,0,652,660,39531,8,0,0,8,6
2020-09-22,US,Wyoming,Goshen,80,2,0,42.08798185,-104.3534743,56015.0,605.5559760805388,2.5,78,80,2,0,78,75,13376,0,0,0,0,5
2020-09-22,US,Wyoming,Hot Springs,37,0,0,43.71930657,-108.44231740000001,56017.0,838.4319057330614,0.0,37,37,0,0,37,37,4555,0,0,0,0,0
2020-09-22,US,Wyoming,Johnson,30,1,0,44.04057166,-106.58451740000001,56019.0,355.23978685612775,3.333333333333333,29,30,1,0,29,30,8460,0,0,0,0,0
2020-09-22,US,Wyoming,Laramie,654,4,0,41.30702520000001,-104.6887497,56021.0,657.286432160804,0.6116207951070336,650,652,4,0,648,647,98976,2,0,0,2,5
2020-09-22,US,Wyoming,Lincoln,144,1,0,42.26376367,-110.6563997,56023.0,726.1724659606657,0.6944444444444444,143,142,1,0,141,142,19434,2,0,0,2,0
2020-09-22,US,Wyoming,Natrona,463,4,0,42.96180148,-106.79788500000001,56025.0,579.7791079165519,0.8639308855291576,459,451,4,0,447,445,79115,12,0,0,12,6
2020-09-22,US,Wyoming,Niobrara,3,0,0,43.05607708,-104.47588959999999,56027.0,127.33446519524618,0.0,3,3,0,0,3,3,2388,0,0,0,0,0
2020-09-22,US,Wyoming,Park,210,2,0,44.52157546,-109.58528249999999,56029.0,719.325888881277,0.9523809523809524,208,205,2,0,203,202,29324,5,0,0,5,3
2020-09-22,US,Wyoming,Platte,21,1,0,42.13299116,-104.96633100000001,56031.0,250.20850708924104,4.761904761904762,20,20,1,0,19,20,8566,1,0,0,1,0
2020-09-22,US,Wyoming,Sheridan,254,4,0,44.79048913,-106.8862389,56033.0,833.1966540921765,1.5748031496062993,250,253,4,0,249,242,30233,1,0,0,1,11
2020-09-22,US,Wyoming,Sublette,79,1,0,42.76558279,-109.91309220000001,56035.0,803.5805106296408,1.2658227848101269,78,71,1,0,70,73,9813,8,0,0,8,-2
2020-09-22,US,Wyoming,Sweetwater,323,2,0,41.65943896,-108.8827882,56037.0,762.8179392107312,0.6191950464396285,321,323,2,0,321,323,43051,0,0,0,0,0
2020-09-22,US,Wyoming,Teton,506,1,0,43.93522482,-110.5890801,56039.0,2156.4950562563927,0.1976284584980237,505,504,1,0,503,498,23081,2,0,0,2,6
2020-09-22,US,Wyoming,Uinta,339,2,0,41.2878183,-110.54757820000002,56041.0,1676.0605161673095,0.5899705014749262,337,335,2,0,333,334,20299,4,0,0,4,1
2020-09-22,US,Wyoming,Washakie,113,6,0,43.90451606,-107.68018700000002,56043.0,1447.789878283152,5.3097345132743365,107,113,6,0,107,113,7885,0,0,0,0,0
2020-09-22,US,Wyoming,Weston,26,0,0,43.83961191,-104.56748809999999,56045.0,375.34286126750396,0.0,26,23,0,0,23,23,6967,3,0,0,3,0
