Date,Country/Region,Province/State,Admin2,Confirmed,Deaths,Recovered,Latitude,Longitude,FIPS,Incidence_Rate,Case-Fatality_Ratio,Active Cases,Previous Confirmed,Previous Deaths,Previous Recovered,Previous Active,Prev2 Confirmed,Population,Daily Confirmed,Daily Deaths,Daily Recovered,Daily Active,Previous Daily Confirmed
2020-08-13,US,Alabama,Autauga,1196,22,0,32.53952745,-86.64408227,1001.0,2140.7220462152536,1.8394648829431441,1174,1188,22,0,1166,1162,55601,8,0,0,8,26
2020-08-13,US,Alabama,Baldwin,3744,29,0,30.72774991,-87.72207058,1003.0,1677.1638728867467,0.7745726495726496,3715,3710,29,0,3681,3670,218022,34,0,0,34,40
2020-08-13,US,Alabama,Barbour,586,6,0,31.868263,-85.3871286,1005.0,2373.81511788058,1.023890784982935,580,581,6,0,575,579,24881,5,0,0,5,2
2020-08-13,US,Alabama,Bibb,457,5,0,32.99642064,-87.12511459999996,1007.0,2040.7251942484595,1.0940919037199124,452,453,5,0,448,444,22400,4,0,0,4,9
2020-08-13,US,Alabama,Blount,835,5,0,33.98210918,-86.56790593,1009.0,1443.9871338152386,0.5988023952095808,830,825,5,0,820,816,57840,10,0,0,10,9
2020-08-13,US,Alabama,Bullock,493,11,0,32.10030533,-85.71265535,1011.0,4880.7048807048795,2.231237322515213,482,492,11,0,481,481,10138,1,0,0,1,11
2020-08-13,US,Alabama,Butler,775,36,0,31.75300095,-86.68057478,1013.0,3984.9856026326615,4.645161290322581,739,773,36,0,737,770,19680,2,0,0,2,3
2020-08-13,US,Alabama,Calhoun,1853,19,0,33.77483727,-85.82630386,1015.0,1631.0901808899255,1.025364274150027,1834,1828,19,0,1809,1819,114277,25,0,0,25,9
2020-08-13,US,Alabama,Chambers,848,38,0,32.91360079,-85.39072749,1017.0,2550.069164611776,4.481132075471698,810,848,38,0,810,847,33615,0,0,0,0,1
2020-08-13,US,Alabama,Cherokee,288,8,0,34.17805983,-85.60638968,1019.0,1099.4044892349978,2.7777777777777777,280,279,8,0,271,276,26032,9,0,0,9,3
2020-08-13,US,Alabama,Chilton,830,9,0,32.85044126,-86.7173256,1021.0,1868.19123075538,1.0843373493975903,821,827,9,0,818,818,44153,3,0,0,3,9
2020-08-13,US,Alabama,Choctaw,290,12,0,32.02227341,-88.26564429999998,1023.0,2303.5983795376915,4.137931034482759,278,289,12,0,277,289,12841,1,0,0,1,0
2020-08-13,US,Alabama,Clarke,827,10,0,31.68099859,-87.83548597,1025.0,3500.973668614004,1.2091898428053205,817,821,10,0,811,826,23920,6,0,0,6,-5
2020-08-13,US,Alabama,Clay,278,5,0,33.26984193,-85.85836077,1027.0,2100.491122024933,1.7985611510791366,273,277,5,0,272,267,13275,1,0,0,1,10
2020-08-13,US,Alabama,Cleburne,130,1,0,33.67679204,-85.52005899,1029.0,871.8980549966466,0.7692307692307693,129,129,1,0,128,129,14987,1,0,0,1,0
2020-08-13,US,Alabama,Coffee,781,6,0,31.39932826,-85.98901039,1031.0,1492.1095869473847,0.7682458386683739,775,779,6,0,773,765,51909,2,0,0,2,14
2020-08-13,US,Alabama,Colbert,1232,18,0,34.69847452,-87.80168544,1033.0,2230.2275483789213,1.4610389610389611,1214,1225,18,0,1207,1215,54762,7,0,0,7,10
2020-08-13,US,Alabama,Conecuh,397,10,0,31.43401703,-86.99320044,1035.0,3289.964365625259,2.5188916876574305,387,394,10,0,384,393,12277,3,0,0,3,1
2020-08-13,US,Alabama,Coosa,106,3,0,32.93690146,-86.24847739,1037.0,994.091719028416,2.830188679245283,103,105,3,0,102,105,10715,1,0,0,1,0
2020-08-13,US,Alabama,Covington,755,21,0,31.247785399999998,-86.45050893,1039.0,2037.8417771059949,2.7814569536423845,734,746,21,0,725,740,36986,9,0,0,9,6
2020-08-13,US,Alabama,Crenshaw,333,8,0,31.72941803,-86.31593104,1041.0,2417.949462677897,2.4024024024024024,325,331,8,0,323,332,13824,2,0,0,2,-1
2020-08-13,US,Alabama,Cullman,1246,12,0,34.13020303,-86.86888037,1043.0,1487.4415051093495,0.9630818619582664,1234,1238,12,0,1226,1230,83442,8,0,0,8,8
2020-08-13,US,Alabama,Dale,856,29,0,31.43037123,-85.61095742,1045.0,1740.828113560563,3.38785046728972,827,850,29,0,821,843,48956,6,0,0,6,7
2020-08-13,US,Alabama,Dallas,1348,25,0,32.32688101,-87.10866709999998,1047.0,3624.0455963006775,1.8545994065281897,1323,1347,25,0,1322,1336,38310,1,0,0,1,11
2020-08-13,US,Alabama,DeKalb,1866,14,0,34.45946862,-85.80782906,1049.0,2609.315788737712,0.7502679528403001,1852,1852,14,0,1838,1834,71385,14,0,0,14,18
2020-08-13,US,Alabama,Elmore,1783,39,0,32.59785413,-86.14415284,1051.0,2195.569456587324,2.1873247335950645,1744,1767,39,0,1728,1760,81887,16,0,0,16,7
2020-08-13,US,Alabama,Escambia,1094,17,0,31.1256789,-87.15918694,1053.0,2986.378401987279,1.553930530164534,1077,1094,17,0,1077,1088,36748,0,0,0,0,6
2020-08-13,US,Alabama,Etowah,2209,34,0,34.04567266,-86.04051873,1055.0,2160.0109516173197,1.5391579900407424,2175,2190,34,0,2156,2180,102501,19,0,0,19,10
2020-08-13,US,Alabama,Fayette,227,5,0,33.72076938,-87.73886638,1057.0,1392.467181940866,2.202643171806167,222,223,5,0,218,223,16433,4,0,0,4,0
2020-08-13,US,Alabama,Franklin,1310,22,0,34.44235334,-87.84289505,1059.0,4177.0295261781785,1.6793893129770991,1288,1308,22,0,1286,1297,31363,2,0,0,2,11
2020-08-13,US,Alabama,Geneva,269,2,0,31.09389027,-85.83572839,1061.0,1023.9427505614557,0.7434944237918215,267,265,2,0,263,265,26314,4,0,0,4,0
2020-08-13,US,Alabama,Greene,255,11,0,32.85504247,-87.95684022,1063.0,3143.8786832696337,4.313725490196078,244,253,11,0,242,252,8233,2,0,0,2,1
2020-08-13,US,Alabama,Hale,487,26,0,32.76039258,-87.63284988,1065.0,3324.0051873592247,5.338809034907596,461,488,26,0,462,485,14726,-1,0,0,-1,3
2020-08-13,US,Alabama,Henry,268,3,0,31.51148016,-85.24267944,1067.0,1557.6867189770417,1.1194029850746268,265,264,3,0,261,264,17209,4,0,0,4,0
2020-08-13,US,Alabama,Houston,1459,13,0,31.15197924,-85.29939599,1069.0,1377.9490376079032,0.8910212474297464,1446,1450,13,0,1437,1428,104722,9,0,0,9,22
2020-08-13,US,Alabama,Jackson,1079,4,0,34.78144169,-85.99750489,1071.0,2090.032154340836,0.3707136237256719,1075,1072,4,0,1068,1026,51736,7,0,0,7,46
2020-08-13,US,Alabama,Jefferson,13578,262,0,33.55554728,-86.89506300000002,1073.0,2061.73043838724,1.9295919870378555,13316,13463,261,0,13202,13366,659300,115,1,0,114,97
2020-08-13,US,Alabama,Lamar,237,2,0,33.77995024,-88.09668032,1075.0,1716.769286490402,0.8438818565400844,235,230,2,0,228,230,13844,7,0,0,7,0
2020-08-13,US,Alabama,Lauderdale,1213,20,0,34.90171875,-87.65624729,1077.0,1308.112888093261,1.6488046166529269,1193,1203,20,0,1183,1190,92387,10,0,0,10,13
2020-08-13,US,Alabama,Lawrence,360,3,0,34.52041498,-87.31069453,1079.0,1093.4272870854088,0.8333333333333334,357,356,3,0,353,354,32957,4,0,0,4,2
2020-08-13,US,Alabama,Lee,2736,47,0,32.60154883,-85.35132246,1081.0,1662.7973404966513,1.7178362573099415,2689,2724,47,0,2677,2708,163941,12,0,0,12,16
2020-08-13,US,Alabama,Limestone,1393,13,0,34.81185586,-86.98310072,1083.0,1408.27983622302,0.933237616654702,1380,1378,13,0,1365,1359,96174,15,0,0,15,19
2020-08-13,US,Alabama,Lowndes,575,24,0,32.1597283,-86.65158371,1085.0,5911.988484474605,4.173913043478262,551,575,24,0,551,571,9974,0,0,0,0,4
2020-08-13,US,Alabama,Macon,344,14,0,32.38759944,-85.69267724,1087.0,1903.918529997787,4.069767441860465,330,341,14,0,327,339,18439,3,0,0,3,2
2020-08-13,US,Alabama,Madison,5550,35,0,34.76327133,-86.55069633,1089.0,1488.2987538514758,0.6306306306306306,5515,5510,35,0,5475,5469,366519,40,0,0,40,41
2020-08-13,US,Alabama,Marengo,572,17,0,32.24767634,-87.78796182,1091.0,3032.391454169538,2.9720279720279716,555,568,17,0,551,566,19066,4,0,0,4,2
2020-08-13,US,Alabama,Marion,592,26,0,34.13697363,-87.88704173,1093.0,1992.6621562489481,4.391891891891892,566,587,26,0,561,582,29763,5,0,0,5,5
2020-08-13,US,Alabama,Marshall,3207,38,0,34.36975964,-86.30486727,1095.0,3313.9066278132555,1.1849080137199874,3169,3199,38,0,3161,3194,96109,8,0,0,8,5
2020-08-13,US,Alabama,Mobile,10747,221,0,30.78472347,-88.20842409,1097.0,2600.8567072432893,2.0563878291616264,10526,10671,216,0,10455,10581,413757,76,5,0,71,90
2020-08-13,US,Alabama,Monroe,425,6,0,31.56729412,-87.36995001,1099.0,2049.8721844402644,1.4117647058823528,419,424,6,0,418,423,21067,1,0,0,1,1
2020-08-13,US,Alabama,Montgomery,6999,153,0,32.2206831,-86.20969272,1101.0,3090.257234442747,2.186026575225032,6846,6955,153,0,6802,6825,225763,44,0,0,44,130
2020-08-13,US,Alabama,Morgan,2443,20,0,34.45500589,-86.85475946,1103.0,2041.2937942329065,0.8186655751125665,2423,2425,20,0,2405,2418,119089,18,0,0,18,7
2020-08-13,US,Alabama,Perry,448,4,0,32.64048341,-87.29770589,1105.0,5020.732937352907,0.8928571428571429,444,446,4,0,442,445,9140,2,0,0,2,1
2020-08-13,US,Alabama,Pickens,413,10,0,33.28094866,-88.08818103,1107.0,2072.2528850978424,2.4213075060532687,403,411,10,0,401,408,19938,2,0,0,2,3
2020-08-13,US,Alabama,Pike,716,7,0,31.80396383,-85.9408295,1109.0,2162.2274566648557,0.9776536312849162,709,716,7,0,709,713,33338,0,0,0,0,3
2020-08-13,US,Alabama,Randolph,404,11,0,33.29526734,-85.45708831,1111.0,1778.012498899745,2.722772277227723,393,403,11,0,392,402,22725,1,0,0,1,1
2020-08-13,US,Alabama,Russell,1391,2,0,32.28725256,-85.18415324,1113.0,2399.889580925105,0.14378145219266714,1389,1391,2,0,1389,1389,57781,0,0,0,0,2
2020-08-13,US,Alabama,Shelby,3381,37,0,33.26879845,-86.66232561,1117.0,1553.0403946679403,1.0943507837917776,3344,3361,37,0,3324,3334,215707,20,0,0,20,27
2020-08-13,US,Alabama,St. Clair,1381,20,0,33.71902176,-86.31029372,1115.0,1542.809902582894,1.448225923244026,1361,1375,20,0,1355,1363,88690,6,0,0,6,12
2020-08-13,US,Alabama,Sumter,370,19,0,32.59117397,-88.19916205,1119.0,2977.387945602317,5.135135135135135,351,366,18,0,348,366,12691,4,1,0,3,0
2020-08-13,US,Alabama,Talladega,1087,14,0,33.37823223,-86.16886178,1121.0,1359.1237590337344,1.2879484820607177,1073,1069,14,0,1055,1054,79828,18,0,0,18,15
2020-08-13,US,Alabama,Tallapoosa,878,79,0,32.86698258,-85.79833053,1123.0,2175.0439715609286,8.997722095671982,799,876,79,0,797,875,40497,2,0,0,2,1
2020-08-13,US,Alabama,Tuscaloosa,4350,80,0,33.28726072,-87.52556818,1125.0,2077.8104177115424,1.839080459770115,4270,4327,80,0,4247,4269,208911,23,0,0,23,58
2020-08-13,US,Alabama,Unassigned,4061,69,0,0.0,0.0,90001.0,0.0,1.6990888943609948,3992,3985,68,0,3917,3925,,76,1,0,75,60
2020-08-13,US,Alabama,Walker,1562,65,0,33.80270512,-87.30027177,1127.0,2459.0292973977107,4.161331626120359,1497,1548,65,0,1483,1544,63711,14,0,0,14,4
2020-08-13,US,Alabama,Washington,453,13,0,31.4092794,-88.20689944,1129.0,2774.715178243293,2.8697571743929364,440,449,13,0,436,444,16378,4,0,0,4,5
2020-08-13,US,Alabama,Wilcox,445,10,0,31.98773215,-87.30891118,1131.0,4289.983611298564,2.247191011235955,435,436,10,0,426,434,10627,9,0,0,9,2
2020-08-13,US,Alabama,Winston,456,11,0,34.15030532,-87.37325922,1133.0,1929.8319861187524,2.4122807017543857,445,457,11,0,446,457,23660,-1,0,0,-1,0
2020-08-13,US,Alaska,Aleutians East,2,0,0,55.32222414,-161.9722021,2013.0,59.93407252022774,0.0,2,2,0,0,2,2,3515,0,0,0,0,0
2020-08-13,US,Alaska,Aleutians West,4,0,0,52.3233,-174.1596,2016.0,70.99751508697194,0.0,4,4,0,0,4,4,5723,0,0,0,0,0
2020-08-13,US,Alaska,Anchorage,2290,14,0,61.14998174,-149.14269860000005,2020.0,795.1388888888887,0.6113537117903929,2276,2260,14,0,2246,2222,291538,30,0,0,30,38
2020-08-13,US,Alaska,Bethel,23,0,0,60.90980451,-159.8561831,2050.0,125.09518111606657,0.0,23,23,0,0,23,23,18216,0,0,0,0,0
2020-08-13,US,Alaska,Bristol Bay,11,0,0,58.74513976,-156.701064,2060.0,1315.7894736842104,0.0,11,10,0,0,10,10,877,1,0,0,1,0
2020-08-13,US,Alaska,Denali,1,0,0,63.67264044,-150.0076108,2068.0,47.687172150691474,0.0,1,1,0,0,1,1,2059,0,0,0,0,0
2020-08-13,US,Alaska,Dillingham,2,0,0,59.79603738,-158.23819419999995,2070.0,40.68348250610252,0.0,2,2,0,0,2,2,5000,0,0,0,0,0
2020-08-13,US,Alaska,Fairbanks North Star,462,6,0,64.80726247,-146.5692662,2090.0,477.03125484000884,1.2987012987012987,456,447,6,0,441,441,98971,15,0,0,15,6
2020-08-13,US,Alaska,Haines,4,0,0,59.09893571,-135.4679843,2100.0,158.10276679841897,0.0,4,4,0,0,4,4,2474,0,0,0,0,0
2020-08-13,US,Alaska,Juneau,121,1,0,58.45031811,-134.200436,2110.0,378.4324763870645,0.8264462809917356,120,115,1,0,114,113,32113,6,0,0,6,2
2020-08-13,US,Alaska,Kenai Peninsula,344,2,0,60.24429722,-151.53888840000005,2122.0,585.9508073857055,0.5813953488372093,342,340,2,0,338,337,58533,4,0,0,4,3
2020-08-13,US,Alaska,Ketchikan Gateway,38,0,0,55.57445008,-130.975561,2130.0,273.3616286598087,0.0,38,36,0,0,36,36,13918,2,0,0,2,0
2020-08-13,US,Alaska,Kodiak Island,10,0,0,57.65529415,-153.7493579,2150.0,76.93491306354824,0.0,10,6,0,0,6,6,13345,4,0,0,4,0
2020-08-13,US,Alaska,Kusilvak,7,0,0,62.15429159999999,-163.39678830000003,2158.0,84.19533317296127,0.0,7,7,0,0,7,7,8303,0,0,0,0,0
2020-08-13,US,Alaska,Matanuska-Susitna,362,2,0,62.31305045,-149.5741743,2170.0,334.20423386910636,0.5524861878453039,360,354,2,0,352,353,107610,8,0,0,8,1
2020-08-13,US,Alaska,Nome,24,0,0,64.90320724,-164.0353804,2180.0,239.9040383846461,0.0,24,19,0,0,19,19,10008,5,0,0,5,0
2020-08-13,US,Alaska,North Slope,20,0,0,69.31479216,-153.4836093,2185.0,203.41741253051262,0.0,20,19,0,0,19,19,9872,1,0,0,1,0
2020-08-13,US,Alaska,Northwest Arctic,43,0,0,67.04919196,-159.7503946,2188.0,564.2304159559112,0.0,43,41,0,0,41,41,7671,2,0,0,2,0
2020-08-13,US,Alaska,Petersburg,7,1,0,57.13978948,-132.9540995,2195.0,214.32945499081444,14.285714285714285,6,6,1,0,5,6,3221,1,0,0,1,0
2020-08-13,US,Alaska,Prince of Wales-Hyder,11,0,0,55.76261984,-133.0511621,2198.0,177.3335482830888,0.0,11,9,0,0,9,7,6422,2,0,0,2,2
2020-08-13,US,Alaska,Sitka,28,0,0,57.24124555,-135.3206587,2220.0,329.6832685741198,0.0,28,28,0,0,28,27,8647,0,0,0,0,1
2020-08-13,US,Alaska,Southeast Fairbanks,17,0,0,63.87692095,-143.2127643,2240.0,246.6270129116495,0.0,17,17,0,0,17,17,6918,0,0,0,0,0
2020-08-13,US,Alaska,Unassigned,2,0,0,0.0,0.0,90002.0,0.0,0.0,2,,,,,,,,,,,
2020-08-13,US,Alaska,Valdez-Cordova,59,0,0,61.47502768,-144.7126799,2261.0,641.1649641382309,0.0,59,59,0,0,59,53,9164,0,0,0,0,6
2020-08-13,US,Alaska,Wrangell,8,0,0,56.3202004,-132.05837309999998,2275.0,319.744204636291,0.0,8,8,0,0,8,8,2503,0,0,0,0,0
2020-08-13,US,Alaska,Yakutat,8,0,0,59.890980799999994,-140.36014509999998,2282.0,1381.692573402418,0.0,8,8,0,0,8,8,604,0,0,0,0,0
2020-08-13,US,Alaska,Yukon-Koyukuk,55,1,0,65.50815459,-151.39073869999999,2290.0,1051.625239005736,1.818181818181818,54,54,1,0,53,53,5327,1,0,0,1,1
2020-08-13,US,Arizona,Apache,3218,140,0,35.39465006,-109.4892383,4001.0,4476.4700154409,4.35052827843381,3078,3212,139,0,3073,3197,71818,6,1,0,5,15
2020-08-13,US,Arizona,Cochise,1747,57,0,31.87934684,-109.7516088,4003.0,1387.3667826114581,3.2627361190612483,1690,1732,56,0,1676,1730,126770,15,1,0,14,2
2020-08-13,US,Arizona,Coconino,3146,119,0,35.83883429,-111.77071780000001,4005.0,2192.701218322228,3.782581055308328,3027,3130,119,0,3011,3128,142854,16,0,0,16,2
2020-08-13,US,Arizona,Gila,978,41,0,33.80190085,-110.8132779,4007.0,1810.5076085749195,4.192229038854807,937,976,41,0,935,950,53889,2,0,0,2,26
2020-08-13,US,Arizona,Graham,574,19,0,32.93166885,-109.8882178,4009.0,1477.9720369750494,3.3101045296167246,555,559,19,0,540,555,38072,15,0,0,15,4
2020-08-13,US,Arizona,Greenlee,57,1,0,33.21498827,-109.2405279,4011.0,600.1263423878711,1.7543859649122806,56,57,1,0,56,57,9483,0,0,0,0,0
2020-08-13,US,Arizona,La Paz,488,12,0,33.72854224,-113.98100290000001,4012.0,2311.9196513170364,2.459016393442623,476,486,12,0,474,479,21098,2,0,0,2,7
2020-08-13,US,Arizona,Maricopa,127768,2517,0,33.34835867,-112.49181540000001,4013.0,2848.521897867175,1.9699768330098304,125251,127188,2493,0,124695,126791,4410824,580,24,0,556,397
2020-08-13,US,Arizona,Mohave,3285,180,0,35.70471703,-113.7577902,4015.0,1548.2064840866994,5.479452054794519,3105,3250,178,0,3072,3226,209550,35,2,0,33,24
2020-08-13,US,Arizona,Navajo,5430,204,0,35.3997715,-110.3218983,4017.0,4895.243590205907,3.7569060773480665,5226,5408,204,0,5204,5391,110445,22,0,0,22,17
2020-08-13,US,Arizona,Pima,19001,511,0,32.0971334,-111.7890033,4019.0,1814.3207301970153,2.6893321404136623,18490,18508,505,0,18003,18381,1039073,493,6,0,487,127
2020-08-13,US,Arizona,Pinal,8616,164,0,32.90525627,-111.3449483,4021.0,1861.7555732742126,1.9034354688950792,8452,8555,164,0,8391,8509,447138,61,0,0,61,46
2020-08-13,US,Arizona,Santa Cruz,2698,55,0,31.52508998,-110.8479088,4023.0,5802.400103230247,2.038547071905115,2643,2675,54,0,2621,2669,46511,23,1,0,22,6
2020-08-13,US,Arizona,Unassigned,1,1,0,0.0,0.0,90004.0,0.0,100.0,0,1,1,0,0,1,,0,0,0,0,0
2020-08-13,US,Arizona,Yavapai,2084,71,0,34.59933926,-112.5538588,4025.0,886.4350762870108,3.4069097888675626,2013,2065,71,0,1994,2040,231993,19,0,0,19,25
2020-08-13,US,Arizona,Yuma,11703,291,0,32.76895712,-113.90666740000002,4027.0,5474.140148839733,2.486541912330172,11412,11641,290,0,11351,11633,212128,62,1,0,61,8
2020-08-13,US,Arkansas,Arkansas,241,1,0,34.29145151,-91.37277296,5001.0,1378.2454535056615,0.4149377593360996,240,233,1,0,232,227,17769,8,0,0,8,6
2020-08-13,US,Arkansas,Ashley,337,5,0,33.19153461,-91.76984709999999,5003.0,1714.4019942005393,1.483679525222552,332,335,5,0,330,330,20046,2,0,0,2,5
2020-08-13,US,Arkansas,Baxter,78,0,0,36.28784385,-92.33782872,5005.0,186.0154535915292,0.0,78,76,0,0,76,73,41619,2,0,0,2,3
2020-08-13,US,Arkansas,Benton,4864,43,0,36.33644656,-94.25680817,5007.0,1742.488563127595,0.8840460526315791,4821,4825,43,0,4782,4805,272608,39,0,0,39,20
2020-08-13,US,Arkansas,Boone,222,2,0,36.3084504,-93.09374925,5009.0,593.075443470827,0.9009009009009008,220,217,2,0,215,214,37480,5,0,0,5,3
2020-08-13,US,Arkansas,Bradley,212,4,0,33.46755808,-92.15980837,5011.0,1969.711047105825,1.8867924528301887,208,207,4,0,203,207,10897,5,0,0,5,0
2020-08-13,US,Arkansas,Calhoun,17,0,0,33.55598792,-92.49974403,5013.0,327.616111004047,0.0,17,17,0,0,17,17,5277,0,0,0,0,0
2020-08-13,US,Arkansas,Carroll,380,7,0,36.34038560000001,-93.54270261,5015.0,1338.9711064129672,1.8421052631578947,373,379,7,0,372,379,28223,1,0,0,1,0
2020-08-13,US,Arkansas,Chicot,746,9,0,33.26458973,-91.29539209,5017.0,7372.998616327336,1.206434316353887,737,738,9,0,729,736,10438,8,0,0,8,2
2020-08-13,US,Arkansas,Clark,183,1,0,34.04613432,-93.17484713,5019.0,819.8924731182796,0.5464480874316939,182,182,1,0,181,177,22061,1,0,0,1,5
2020-08-13,US,Arkansas,Clay,140,4,0,36.36826212,-90.4148172,5021.0,962.133186722562,2.8571428571428568,136,140,4,0,136,138,14847,0,0,0,0,2
2020-08-13,US,Arkansas,Cleburne,210,5,0,35.53864922,-92.02640019,5023.0,842.7304466471367,2.380952380952381,205,206,5,0,201,202,24965,4,0,0,4,4
2020-08-13,US,Arkansas,Cleveland,115,2,0,33.89723187,-92.18537045,5025.0,1445.4499748617395,1.7391304347826086,113,112,2,0,110,103,8018,3,0,0,3,9
2020-08-13,US,Arkansas,Columbia,226,12,0,33.21230701,-93.22642793,5027.0,963.4650637336402,5.3097345132743365,214,223,12,0,211,220,23537,3,0,0,3,3
2020-08-13,US,Arkansas,Conway,161,3,0,35.26205537,-92.70506566,5029.0,772.3304231027536,1.8633540372670807,158,156,3,0,153,153,20891,5,0,0,5,3
2020-08-13,US,Arkansas,Craighead,1445,12,0,35.83018283,-90.63235729,5031.0,1309.6835007069571,0.8304498269896193,1433,1419,12,0,1407,1389,108558,26,0,0,26,30
2020-08-13,US,Arkansas,Crawford,682,5,0,35.58928601,-94.2446814,5033.0,1078.1415495518283,0.7331378299120235,677,668,5,0,663,648,63406,14,0,0,14,20
2020-08-13,US,Arkansas,Crittenden,1442,24,0,35.21247318,-90.30839406,5035.0,3006.9857157752062,1.6643550624133148,1418,1402,24,0,1378,1381,48342,40,0,0,40,21
2020-08-13,US,Arkansas,Cross,217,4,0,35.29631396,-90.77185818,5037.0,1321.639563919849,1.8433179723502304,213,212,4,0,208,208,16676,5,0,0,5,4
2020-08-13,US,Arkansas,Dallas,67,1,0,33.97042763,-92.65167437,5039.0,955.9138250820372,1.492537313432836,66,65,1,0,64,64,7182,2,0,0,2,1
2020-08-13,US,Arkansas,Desha,206,2,0,33.83011025,-91.25500948,5041.0,1813.220667194789,0.9708737864077671,204,203,2,0,201,201,11512,3,0,0,3,2
2020-08-13,US,Arkansas,Drew,234,3,0,33.59035001,-91.71777921,5043.0,1284.3734562819036,1.2820512820512822,231,221,3,0,218,217,18328,13,0,0,13,4
2020-08-13,US,Arkansas,Faulkner,1361,6,0,35.14719007,-92.33717519,5045.0,1080.098724674026,0.440852314474651,1355,1340,6,0,1334,1330,124806,21,0,0,21,10
2020-08-13,US,Arkansas,Franklin,136,2,0,35.51202821,-93.89299569,5047.0,767.7109793959921,1.4705882352941178,134,133,2,0,131,128,17810,3,0,0,3,5
2020-08-13,US,Arkansas,Fulton,44,0,0,36.38177105,-91.81729127,5049.0,352.6488739280276,0.0,44,44,0,0,44,44,12269,0,0,0,0,0
2020-08-13,US,Arkansas,Garland,1134,17,0,34.57692074,-93.14921604,5051.0,1141.0057754613326,1.4991181657848325,1117,1115,17,0,1098,1071,99154,19,0,0,19,44
2020-08-13,US,Arkansas,Grant,144,0,0,34.29017991,-92.42320562,5053.0,788.3931015603612,0.0,144,142,0,0,142,140,18188,2,0,0,2,2
2020-08-13,US,Arkansas,Greene,523,3,0,36.11735460000001,-90.55832668,5055.0,1153.888582460011,0.5736137667304015,520,505,2,0,503,492,45325,18,1,0,17,13
2020-08-13,US,Arkansas,Hempstead,255,2,0,33.73325583,-93.66935133,5057.0,1184.283856585547,0.7843137254901961,253,253,2,0,251,249,21741,2,0,0,2,4
2020-08-13,US,Arkansas,Hot Spring,1569,12,0,34.31709259,-92.95396325,5059.0,4645.998045660478,0.7648183556405354,1557,1564,12,0,1552,1557,33701,5,0,0,5,7
2020-08-13,US,Arkansas,Howard,362,4,0,34.09007427,-93.9934871,5061.0,2742.008786547493,1.1049723756906078,358,360,4,0,356,355,13341,2,0,0,2,5
2020-08-13,US,Arkansas,Independence,584,2,0,35.74242707,-91.57001641,5063.0,1543.9524124256445,0.3424657534246575,582,550,1,0,549,550,37678,34,1,0,33,0
2020-08-13,US,Arkansas,Izard,62,1,0,36.09604046,-91.90847954,5065.0,454.91231931909897,1.6129032258064515,61,58,1,0,57,53,13593,4,0,0,4,5
2020-08-13,US,Arkansas,Jackson,119,1,0,35.59802983,-91.21494602,5067.0,711.7650577187628,0.8403361344537815,118,117,1,0,116,117,16811,2,0,0,2,0
2020-08-13,US,Arkansas,Jefferson,1644,41,0,34.26767081,-91.92619839,5069.0,2460.193942296181,2.4939172749391734,1603,1617,40,0,1577,1584,68114,27,1,0,26,33
2020-08-13,US,Arkansas,Johnson,679,2,0,35.56759135,-93.46036368,5071.0,2554.744525547445,0.29455081001472755,677,676,2,0,674,672,26742,3,0,0,3,4
2020-08-13,US,Arkansas,Lafayette,58,2,0,33.24116713,-93.60677071,5073.0,875.6038647342995,3.4482758620689653,56,58,2,0,56,56,6682,0,0,0,0,2
2020-08-13,US,Arkansas,Lawrence,223,9,0,36.04188196,-91.10867198,5075.0,1359.258807753261,4.035874439461884,214,221,9,0,212,217,16434,2,0,0,2,4
2020-08-13,US,Arkansas,Lee,901,8,0,34.78498904,-90.78383866,5077.0,10172.74472168906,0.8879023307436182,893,898,8,0,890,896,8985,3,0,0,3,2
2020-08-13,US,Arkansas,Lincoln,1224,12,0,33.95317155,-91.74002806,5079.0,9398.034398034399,0.9803921568627452,1212,1224,12,0,1212,1224,13383,0,0,0,0,0
2020-08-13,US,Arkansas,Little River,193,2,0,33.70375665,-94.23468591,5081.0,1574.3535361775025,1.0362694300518134,191,189,1,0,188,185,12326,4,1,0,3,4
2020-08-13,US,Arkansas,Logan,321,1,0,35.21413234,-93.71951016,5083.0,1495.3880555296744,0.3115264797507788,320,323,1,0,322,277,21737,-2,0,0,-2,46
2020-08-13,US,Arkansas,Lonoke,546,2,0,34.75392199,-91.88742357,5085.0,744.7925902685894,0.3663003663003663,544,539,2,0,537,531,73657,7,0,0,7,8
2020-08-13,US,Arkansas,Madison,275,2,0,36.01038185,-93.72524943,5087.0,1659.0250965250964,0.7272727272727273,273,271,2,0,269,270,16481,4,0,0,4,1
2020-08-13,US,Arkansas,Marion,31,0,0,36.26844485,-92.68451899,5089.0,185.69545944650773,0.0,31,30,0,0,30,29,16722,1,0,0,1,1
2020-08-13,US,Arkansas,Miller,527,5,0,33.31403423,-93.89285258,5091.0,1218.2999283352985,0.9487666034155596,522,519,5,0,514,518,43592,8,0,0,8,1
2020-08-13,US,Arkansas,Mississippi,1089,14,0,35.76271485,-90.05194370000002,5093.0,2678.9008880470346,1.2855831037649221,1075,1068,14,0,1054,1044,41239,21,0,0,21,24
2020-08-13,US,Arkansas,Monroe,65,0,0,34.6815935,-91.20540287,5095.0,970.0044769437396,0.0,65,64,0,0,64,64,6900,1,0,0,1,0
2020-08-13,US,Arkansas,Montgomery,38,1,0,34.53704874,-93.65824478,5097.0,422.8800356109504,2.631578947368421,37,38,1,0,37,38,8924,0,0,0,0,0
2020-08-13,US,Arkansas,Nevada,147,9,0,33.66340119,-93.30632432,5099.0,1781.3863305865243,6.1224489795918355,138,146,9,0,137,143,8326,1,0,0,1,3
2020-08-13,US,Arkansas,Newton,107,10,0,35.91947491,-93.21612969,5101.0,1380.110924803302,9.345794392523365,97,106,10,0,96,106,7805,1,0,0,1,0
2020-08-13,US,Arkansas,Ouachita,110,2,0,33.58839816,-92.87795984,5103.0,470.4473526644428,1.818181818181818,108,107,2,0,105,105,23606,3,0,0,3,2
2020-08-13,US,Arkansas,Perry,55,0,0,34.945915299999996,-92.94372564,5105.0,526.0640841702535,0.0,55,55,0,0,55,55,10352,0,0,0,0,0
2020-08-13,US,Arkansas,Phillips,334,9,0,34.43268455,-90.84800154,5107.0,1878.30390282308,2.6946107784431144,325,332,9,0,323,329,18029,2,0,0,2,3
2020-08-13,US,Arkansas,Pike,126,1,0,34.16250414,-93.65789349,5109.0,1175.5924612800895,0.7936507936507936,125,118,1,0,117,111,10673,8,0,0,8,7
2020-08-13,US,Arkansas,Poinsett,319,4,0,35.57433534,-90.66268713,5111.0,1355.8313498809928,1.2539184952978055,315,308,3,0,305,292,23974,11,1,0,10,16
2020-08-13,US,Arkansas,Polk,157,1,0,34.48254879,-94.22728802,5113.0,786.4155479863754,0.6369426751592356,156,154,1,0,153,150,20049,3,0,0,3,4
2020-08-13,US,Arkansas,Pope,1380,11,0,35.44871474,-93.03212219,5115.0,2153.826944687227,0.7971014492753623,1369,1363,10,0,1353,1333,64000,17,1,0,16,30
2020-08-13,US,Arkansas,Prairie,104,0,0,34.83624419,-91.55162157,5117.0,1290.0024807740015,0.0,104,102,0,0,102,100,8074,2,0,0,2,2
2020-08-13,US,Arkansas,Pulaski,5880,88,0,34.77054088,-92.31355101,5119.0,1500.3406385633468,1.4965986394557824,5792,5787,87,0,5700,5706,392680,93,1,0,92,81
2020-08-13,US,Arkansas,Randolph,245,4,0,36.3415714,-91.02455531,5121.0,1364.2944648624568,1.6326530612244898,241,239,4,0,235,222,17948,6,0,0,6,17
2020-08-13,US,Arkansas,Saline,1158,8,0,34.64916145,-92.67583224,5125.0,945.7925300358553,0.690846286701209,1150,1133,7,0,1126,1113,121421,25,1,0,24,20
2020-08-13,US,Arkansas,Scott,70,0,0,34.85588887,-94.0632176,5127.0,680.8676198813346,0.0,70,68,0,0,68,66,10319,2,0,0,2,2
2020-08-13,US,Arkansas,Searcy,32,0,0,35.9109364,-92.69936482,5129.0,406.0398426595609,0.0,32,32,0,0,32,33,7958,0,0,0,0,-1
2020-08-13,US,Arkansas,Sebastian,2344,21,0,35.19605503,-94.27162713,5131.0,1833.7283985386496,0.8959044368600683,2323,2297,21,0,2276,2250,127753,47,0,0,47,47
2020-08-13,US,Arkansas,Sevier,1017,11,0,33.99780401,-94.2424869,5133.0,5979.890633268654,1.0816125860373649,1006,1009,10,0,999,996,17139,8,1,0,7,13
2020-08-13,US,Arkansas,Sharp,120,5,0,36.16258158,-91.47819342,5135.0,687.9944960440316,4.166666666666667,115,117,5,0,112,114,17366,3,0,0,3,3
2020-08-13,US,Arkansas,St. Francis,1231,3,0,35.02201976,-90.74828138,5123.0,4925.182043690485,0.2437043054427295,1228,1228,3,0,1225,1226,25439,3,0,0,3,2
2020-08-13,US,Arkansas,Stone,76,1,0,35.86251946,-92.15684085,5137.0,607.7083000159923,1.3157894736842106,75,74,1,0,73,69,12457,2,0,0,2,5
2020-08-13,US,Arkansas,Unassigned,1816,0,0,0.0,0.0,90005.0,0.0,0.0,1816,1801,0,0,1801,1811,,15,0,0,15,-10
2020-08-13,US,Arkansas,Union,532,19,0,33.16887091,-92.59746952,5139.0,1375.3166847629388,3.571428571428572,513,523,19,0,504,508,39126,9,0,0,9,15
2020-08-13,US,Arkansas,Van Buren,53,2,0,35.58095779,-92.51295036,5141.0,320.3384708371109,3.7735849056603774,51,53,2,0,51,53,16603,0,0,0,0,0
2020-08-13,US,Arkansas,Washington,6373,53,0,35.976844,-94.21800746,5143.0,2664.4424655186112,0.8316334536325122,6320,6352,53,0,6299,6321,236961,21,0,0,21,31
2020-08-13,US,Arkansas,White,342,3,0,35.25688493,-91.74908296,5145.0,434.26917069825913,0.8771929824561403,339,341,2,0,339,328,78727,1,1,0,0,13
2020-08-13,US,Arkansas,Woodruff,22,0,0,35.18902527,-91.2439489,5147.0,348.1012658227848,0.0,22,22,0,0,22,22,6490,0,0,0,0,0
2020-08-13,US,Arkansas,Yell,1084,17,0,35.00292371,-93.41171338,5149.0,5079.4245817909205,1.5682656826568266,1067,1077,17,0,1060,1069,21535,7,0,0,7,8
2020-08-13,US,California,Alameda,14548,216,0,37.64629437,-121.8929271,6001.0,870.4450171091389,1.4847401704701677,14332,14112,209,0,13903,13631,1666753,436,7,0,429,481
2020-08-13,US,California,Alpine,2,0,0,38.59678594,-119.82235940000001,6003.0,177.14791851195747,0.0,2,2,0,0,2,2,1101,0,0,0,0,0
2020-08-13,US,California,Amador,198,10,0,38.44583082,-120.65696000000001,6005.0,498.08814650835177,5.05050505050505,188,195,10,0,185,185,39383,3,0,0,3,10
2020-08-13,US,California,Butte,1305,8,0,39.66727762,-121.6005252,6007.0,595.3847417262051,0.6130268199233716,1297,1280,8,0,1272,1238,231256,25,0,0,25,42
2020-08-13,US,California,Calaveras,161,1,0,38.20537103,-120.55291299999999,6009.0,350.72432196928435,0.6211180124223602,160,161,1,0,160,147,45602,0,0,0,0,14
2020-08-13,US,California,Colusa,401,5,0,39.17881957,-122.2331726,6011.0,1861.0479417088227,1.2468827930174564,396,397,5,0,392,396,21627,4,0,0,4,1
2020-08-13,US,California,Contra Costa,10482,151,0,37.91923498,-121.9289527,6013.0,908.6921317768305,1.4405647777141768,10331,10103,149,0,9954,9787,1150215,379,2,0,377,316
2020-08-13,US,California,Del Norte,104,0,0,41.74228275,-123.89740630000001,6015.0,373.9393067740544,0.0,104,104,0,0,104,100,27828,0,0,0,0,4
2020-08-13,US,California,El Dorado,793,2,0,38.77965956,-120.5233166,6017.0,411.21534097685685,0.2522068095838588,791,785,2,0,783,755,190678,8,0,0,8,30
2020-08-13,US,California,Fresno,18344,191,0,36.75733899,-119.6466953,6019.0,1836.0506094979391,1.0412123855211513,18153,17978,191,0,17787,17846,994400,366,0,0,366,132
2020-08-13,US,California,Glenn,436,3,0,39.59875897,-122.3938452,6021.0,1535.5897580389533,0.6880733944954128,433,436,3,0,433,436,28047,0,0,0,0,0
2020-08-13,US,California,Humboldt,299,4,0,40.69923009,-123.876044,6023.0,220.56979300373268,1.3377926421404682,295,293,4,0,289,286,136373,6,0,0,6,7
2020-08-13,US,California,Imperial,9957,257,0,33.0393082,-115.36690420000001,6025.0,5494.578263388792,2.5810987245154164,9700,9919,252,0,9667,9867,181827,38,5,0,33,52
2020-08-13,US,California,Inyo,115,5,0,36.51112084,-117.41119779999998,6027.0,637.5076223737457,4.3478260869565215,110,113,5,0,108,106,17987,2,0,0,2,7
2020-08-13,US,California,Kern,25499,187,0,35.34329425,-118.72777959999999,6029.0,2832.586463926985,0.7333620926310835,25312,25179,183,0,24996,24995,896764,320,4,0,316,184
2020-08-13,US,California,Kings,5127,62,0,36.07409056,-119.8159973,6031.0,3352.295017653982,1.2092841817827191,5065,5067,62,0,5005,4453,151366,60,0,0,60,614
2020-08-13,US,California,Lake,267,2,0,39.10124298,-122.75362439999999,6033.0,414.6864225142112,0.7490636704119851,265,253,2,0,251,240,64382,14,0,0,14,13
2020-08-13,US,California,Lassen,694,0,0,40.67311306,-120.59350990000002,6035.0,2269.976776894646,0.0,694,683,0,0,683,683,30802,11,0,0,11,0
2020-08-13,US,California,Los Angeles,214425,5113,0,34.30828379,-118.22824109999999,6037.0,2135.8971470271213,2.3845167307916517,209312,214283,5112,0,209171,210874,10105518,142,1,0,141,3409
2020-08-13,US,California,Madera,2759,44,0,37.21513971,-119.76655890000002,6039.0,1753.6722876556466,1.5947807176513233,2715,2590,40,0,2550,2463,157672,169,4,0,165,127
2020-08-13,US,California,Marin,5583,81,0,38.07122463,-122.72106310000001,6041.0,2157.0475918184416,1.4508328855454058,5502,5471,81,0,5390,5404,259666,112,0,0,112,67
2020-08-13,US,California,Mariposa,63,2,0,37.57978556,-119.9073334,6043.0,366.2151950241237,3.1746031746031744,61,63,2,0,61,62,17471,0,0,0,0,1
2020-08-13,US,California,Mendocino,489,10,0,39.4381191,-123.39113130000001,6045.0,563.695258734971,2.044989775051125,479,478,10,0,468,472,87606,11,0,0,11,6
2020-08-13,US,California,Merced,6224,74,0,37.18922369,-120.72090349999999,6047.0,2241.4289830020166,1.1889460154241644,6150,6102,74,0,6028,5736,274765,122,0,0,122,366
2020-08-13,US,California,Modoc,5,0,0,41.58965602,-120.7244817,6049.0,56.55468838366701,0.0,5,5,0,0,5,5,8777,0,0,0,0,0
2020-08-13,US,California,Mono,160,1,0,37.93899289,-118.8872409,6051.0,1107.7263915812794,0.625,159,160,1,0,159,158,14250,0,0,0,0,2
2020-08-13,US,California,Monterey,5803,40,0,36.21862405,-121.24133970000001,6053.0,1336.9088676476347,0.6892986386351887,5763,5628,39,0,5589,5494,435594,175,1,0,174,134
2020-08-13,US,California,Napa,1142,11,0,38.50735751,-122.33283899999999,6055.0,829.0742246486235,0.9632224168126094,1131,1142,11,0,1131,1129,139417,0,0,0,0,13
2020-08-13,US,California,Nevada,357,1,0,39.30394768,-120.76272809999999,6057.0,357.87679815548086,0.2801120448179272,356,357,1,0,356,357,99696,0,0,0,0,0
2020-08-13,US,California,Orange,42171,769,0,33.70147516,-117.76459979999998,6059.0,1327.931046209771,1.8235280168836403,41402,41823,745,0,41078,40527,3185968,348,24,0,324,1296
2020-08-13,US,California,Placer,2486,27,0,39.06167234,-120.72405690000001,6061.0,624.1072078608388,1.0860820595333869,2459,2377,24,0,2353,2377,393149,109,3,0,106,0
2020-08-13,US,California,Plumas,38,0,0,40.00355989,-120.8395236,6063.0,202.052427287712,0.0,38,37,0,0,37,36,18804,1,0,0,1,1
2020-08-13,US,California,Riverside,43983,853,0,33.74314981,-115.9933578,6065.0,1780.2947202764085,1.9393856717368076,43130,43376,824,0,42552,41983,2450758,607,29,0,578,1393
2020-08-13,US,California,Sacramento,13216,194,0,38.45106826,-121.34253740000001,6067.0,851.514569687473,1.4679176755447942,13022,12274,179,0,12095,12274,1540975,942,15,0,927,0
2020-08-13,US,California,San Benito,773,4,0,36.60308176,-121.069975,6069.0,1230.7349382244302,0.517464424320828,769,767,4,0,763,765,61537,6,0,0,6,2
2020-08-13,US,California,San Bernardino,38290,555,0,34.84060306,-116.1774685,6071.0,1756.3535366740286,1.4494646121702794,37735,38290,555,0,37735,36072,2171603,0,0,0,0,2218
2020-08-13,US,California,San Diego,33393,608,0,33.03484597,-116.73653259999999,6073.0,1000.2905644438986,1.820740873835834,32785,33157,602,0,32555,32975,3343364,236,6,0,230,182
2020-08-13,US,California,San Francisco,7944,67,0,37.75215114,-122.43856720000001,6075.0,901.1410596574893,0.8434038267875126,7877,7834,67,0,7767,7692,883305,110,0,0,110,142
2020-08-13,US,California,San Joaquin,14276,245,0,37.93433732,-121.2730061,6077.0,1873.127004203908,1.716166993555618,14031,13870,235,0,13635,13870,752660,406,10,0,396,0
2020-08-13,US,California,San Luis Obispo,2324,18,0,35.38822029,-120.4039028,6079.0,820.8794430453073,0.7745266781411361,2306,2300,17,0,2283,2278,284010,24,1,0,23,22
2020-08-13,US,California,San Mateo,6640,122,0,37.422880799999994,-122.32755459999998,6081.0,866.1927826834495,1.8373493975903612,6518,6535,122,0,6413,6431,769545,105,0,0,105,104
2020-08-13,US,California,Santa Barbara,7083,73,0,34.65329488,-120.0188492,6083.0,1586.341738727299,1.0306367358463928,7010,7074,73,0,7001,6996,446527,9,0,0,9,78
2020-08-13,US,California,Santa Clara,13059,207,0,37.23104908,-121.6970462,6085.0,677.3860234084359,1.585113714679531,12852,12962,207,0,12755,12962,1937570,97,0,0,97,0
2020-08-13,US,California,Santa Cruz,1357,6,0,37.05580291,-122.0066524,6087.0,496.68207588950753,0.4421518054532056,1351,1316,6,0,1310,1287,274255,41,0,0,41,29
2020-08-13,US,California,Shasta,476,10,0,40.76391419,-122.0396884,6089.0,264.3269657929809,2.100840336134454,466,469,10,0,459,469,180040,7,0,0,7,0
2020-08-13,US,California,Sierra,5,0,0,39.57713498,-120.52007009999998,6091.0,166.38935108153078,0.0,5,5,0,0,5,4,2987,0,0,0,0,1
2020-08-13,US,California,Siskiyou,109,0,0,41.59198861,-122.54074340000001,6093.0,250.35026068582192,0.0,109,106,0,0,106,102,43724,3,0,0,3,4
2020-08-13,US,California,Solano,4414,41,0,38.26827353,-121.9357113,6095.0,986.0536186201953,0.9288627095604892,4373,4338,41,0,4297,4274,446610,76,0,0,76,64
2020-08-13,US,California,Sonoma,3859,51,0,38.52746429,-122.88625060000001,6097.0,780.6431253236665,1.3215859030837005,3808,3825,51,0,3774,3753,499942,34,0,0,34,72
2020-08-13,US,California,Stanislaus,11592,182,0,37.55862499,-120.9970722,6099.0,2105.110231358733,1.5700483091787443,11410,10855,177,0,10678,10264,549815,737,5,0,732,591
2020-08-13,US,California,Sutter,1041,7,0,39.03417539,-121.6945899,6101.0,1073.5168246176693,0.6724303554274735,1034,1019,7,0,1012,996,96807,22,0,0,22,23
2020-08-13,US,California,Tehama,305,1,0,40.12570935,-122.23701709999999,6103.0,468.6251613299736,0.3278688524590164,304,304,1,0,303,303,63916,1,0,0,1,1
2020-08-13,US,California,Trinity,6,0,0,40.64917670000001,-123.114713,6105.0,48.840048840048844,0.0,6,6,0,0,6,5,12535,0,0,0,0,1
2020-08-13,US,California,Tulare,11847,205,0,36.22026558,-118.8020203,6107.0,2541.211295702442,1.730395880813708,11642,11643,205,0,11438,11549,465861,204,0,0,204,94
2020-08-13,US,California,Tuolumne,159,2,0,38.02644018,-119.95250929999999,6109.0,291.86093468923235,1.2578616352201255,157,159,2,0,157,155,54539,0,0,0,0,4
2020-08-13,US,California,Ventura,8790,93,0,34.44465746,-119.09106129999999,6111.0,1038.999723406217,1.0580204778156996,8697,8740,93,0,8647,8740,850967,50,0,0,50,0
2020-08-13,US,California,Yolo,1918,45,0,38.68278902,-121.90182879999999,6113.0,869.8412698412699,2.346193952033368,1873,1898,45,0,1853,1834,220408,20,0,0,20,64
2020-08-13,US,California,Yuba,688,4,0,39.26255932,-121.35356440000001,6115.0,874.561448111049,0.5813953488372093,684,678,4,0,674,666,78041,10,0,0,10,12
2020-08-13,US,Colorado,Adams,6677,178,0,39.87432092,-104.3362578,8001.0,1290.438540376212,2.665867904747641,6499,6621,176,0,6445,6581,511868,56,2,0,54,40
2020-08-13,US,Colorado,Alamosa,232,9,0,37.57250606,-105.7885451,8003.0,1429.1874576480009,3.8793103448275854,223,232,9,0,223,231,16683,0,0,0,0,1
2020-08-13,US,Colorado,Arapahoe,7461,363,0,39.64977461,-104.3353617,8005.0,1136.3255608522825,4.865299557700039,7098,7405,363,0,7042,7377,651215,56,0,0,56,28
2020-08-13,US,Colorado,Archuleta,39,0,0,37.19474156,-107.04768670000001,8007.0,277.99558058307787,0.0,39,38,0,0,38,36,13765,1,0,0,1,2
2020-08-13,US,Colorado,Baca,15,0,0,37.31940883,-102.5603223,8009.0,418.8774085450991,0.0,15,15,0,0,15,15,3585,0,0,0,0,0
2020-08-13,US,Colorado,Bent,9,0,0,37.95474293,-103.0720195,8011.0,161.37708445400753,0.0,9,9,0,0,9,9,5882,0,0,0,0,0
2020-08-13,US,Colorado,Boulder,2114,76,0,40.09313619,-105.3546767,8013.0,648.0766165127716,3.5950804162724688,2038,2098,76,0,2022,2086,326078,16,0,0,16,12
2020-08-13,US,Colorado,Broomfield,482,32,0,39.95998787,-105.0566324,8014.0,684.0275313985668,6.639004149377594,450,482,32,0,450,482,69267,0,0,0,0,0
2020-08-13,US,Colorado,Chaffee,305,19,0,38.74745778,-106.19265729999998,8015.0,1498.329730791904,6.229508196721312,286,306,19,0,287,304,20027,-1,0,0,-1,2
2020-08-13,US,Colorado,Cheyenne,9,0,0,38.82777431,-102.6032558,8017.0,491.53468050245766,0.0,9,9,0,0,9,9,1876,0,0,0,0,0
2020-08-13,US,Colorado,Clear Creek,31,1,0,39.68864463,-105.6463118,8019.0,319.5876288659793,3.2258064516129035,30,30,1,0,29,30,9605,1,0,0,1,0
2020-08-13,US,Colorado,Conejos,26,0,0,37.201606,-106.19174879999998,8021.0,316.87995124923833,0.0,26,23,0,0,23,23,8200,3,0,0,3,0
2020-08-13,US,Colorado,Costilla,23,0,0,37.27732493,-105.4276548,8023.0,591.7159763313608,0.0,23,23,0,0,23,23,3828,0,0,0,0,0
2020-08-13,US,Colorado,Crowley,73,1,0,38.32608609,-103.7844965,8025.0,1204.4217125886814,1.3698630136986298,72,73,1,0,72,72,5858,0,0,0,0,1
2020-08-13,US,Colorado,Custer,11,0,0,38.10883162,-105.3683478,8027.0,217.04814522494078,0.0,11,11,0,0,11,11,4954,0,0,0,0,0
2020-08-13,US,Colorado,Delta,130,1,0,38.86246243,-107.86313419999999,8029.0,417.17476413580636,0.7692307692307693,129,129,1,0,128,128,30953,1,0,0,1,1
2020-08-13,US,Colorado,Denver,10426,417,0,39.76018276,-104.87256950000001,8031.0,1433.6966850061401,3.999616343755995,10009,10370,417,0,9953,10319,716492,56,0,0,56,51
2020-08-13,US,Colorado,Dolores,1,0,0,37.75208676,-108.5211585,8033.0,48.661800486618006,0.0,1,1,0,0,1,1,2074,0,0,0,0,0
2020-08-13,US,Colorado,Douglas,1788,59,0,39.33133796,-104.930001,8035.0,509.178309231847,3.299776286353468,1729,1765,59,0,1706,1759,342776,23,0,0,23,6
2020-08-13,US,Colorado,Eagle,1139,9,0,39.62754308,-106.6933637,8037.0,2066.138189997642,0.7901668129938543,1130,1133,9,0,1124,1126,54993,6,0,0,6,7
2020-08-13,US,Colorado,El Paso,5334,142,0,38.83240149,-104.5251411,8041.0,740.4189044187767,2.6621672290963634,5192,5229,140,0,5089,5183,713856,105,2,0,103,46
2020-08-13,US,Colorado,Elbert,108,2,0,39.28656773,-104.13587209999999,8039.0,404.0555202214823,1.851851851851852,106,108,2,0,106,107,26282,0,0,0,0,1
2020-08-13,US,Colorado,Fremont,132,0,0,38.47362326,-105.43996670000001,8043.0,275.9255001149689,0.0,132,131,0,0,131,128,48021,1,0,0,1,3
2020-08-13,US,Colorado,Garfield,780,4,0,39.59921777,-107.902708,8045.0,1298.6796756630756,0.5128205128205128,776,776,4,0,772,773,59770,4,0,0,4,3
2020-08-13,US,Colorado,Gilpin,17,0,0,39.85646523,-105.5252597,8047.0,272.30498157936887,0.0,17,17,0,0,17,16,6121,0,0,0,0,1
2020-08-13,US,Colorado,Grand,54,1,0,40.10603347,-106.11780420000001,8049.0,343.2057963645608,1.851851851851852,53,53,1,0,52,51,15525,1,0,0,1,2
2020-08-13,US,Colorado,Gunnison,278,7,0,38.66611652,-107.0320729,8051.0,1592.0284045355634,2.5179856115107917,271,275,7,0,268,274,17246,3,0,0,3,1
2020-08-13,US,Colorado,Hinsdale,3,0,0,37.82247444,-107.3004345,8053.0,365.8536585365854,0.0,3,3,0,0,3,3,811,0,0,0,0,0
2020-08-13,US,Colorado,Huerfano,8,1,0,37.68473101,-104.9612585,8055.0,115.99246049006815,12.5,7,8,1,0,7,8,6889,0,0,0,0,0
2020-08-13,US,Colorado,Jackson,9,0,0,40.66593870000001,-106.3408905,8057.0,646.5517241379309,0.0,9,9,0,0,9,9,1399,0,0,0,0,0
2020-08-13,US,Colorado,Jefferson,4334,233,0,39.58635604,-105.2517692,8059.0,743.5479969324788,5.376095985233041,4101,4289,233,0,4056,4258,580233,45,0,0,45,31
2020-08-13,US,Colorado,Kit Carson,69,3,0,39.30497777,-102.60221990000001,8063.0,972.2417923066084,4.3478260869565215,66,66,3,0,63,56,7163,3,0,0,3,10
2020-08-13,US,Colorado,La Plata,226,3,0,37.28632032,-107.8429014,8067.0,401.98502338983656,1.327433628318584,223,225,2,0,223,222,56310,1,1,0,0,3
2020-08-13,US,Colorado,Lake,79,0,0,39.20278823,-106.35556969999999,8065.0,972.0684139288793,0.0,79,80,0,0,80,79,7824,-1,0,0,-1,1
2020-08-13,US,Colorado,Larimer,1630,37,0,40.66671597,-105.4625784,8069.0,456.7118428462954,2.2699386503067487,1593,1605,37,0,1568,1590,350518,25,0,0,25,15
2020-08-13,US,Colorado,Las Animas,18,0,0,37.3153406,-104.03764579999999,8071.0,124.08658486143663,0.0,18,18,0,0,18,18,14503,0,0,0,0,0
2020-08-13,US,Colorado,Lincoln,8,0,0,38.98749519,-103.51366490000001,8073.0,140.3262585511314,0.0,8,8,0,0,8,8,5610,0,0,0,0,0
2020-08-13,US,Colorado,Logan,655,5,0,40.7249637,-103.110817,8075.0,2922.9327502342812,0.7633587786259542,650,655,5,0,650,655,21528,0,0,0,0,0
2020-08-13,US,Colorado,Mesa,351,4,0,39.01787888,-108.469799,8077.0,227.61169833344138,1.1396011396011396,347,343,4,0,339,329,153207,8,0,0,8,14
2020-08-13,US,Colorado,Mineral,18,0,0,37.66954283,-106.92816979999999,8079.0,2340.702210663199,0.0,18,18,0,0,18,18,776,0,0,0,0,0
2020-08-13,US,Colorado,Moffat,32,1,0,40.61810999,-108.2070876,8081.0,240.9094331099902,3.125,31,32,1,0,31,32,13188,0,0,0,0,0
2020-08-13,US,Colorado,Montezuma,113,5,0,37.33859579,-108.59588570000001,8083.0,431.5777412825116,4.424778761061948,108,113,4,0,109,112,26158,0,1,0,-1,1
2020-08-13,US,Colorado,Montrose,316,13,0,38.40214114,-108.26390220000002,8085.0,739.0429861078627,4.113924050632911,303,313,13,0,300,312,42214,3,0,0,3,1
2020-08-13,US,Colorado,Morgan,693,47,0,40.26279810000001,-103.8093302,8087.0,2384.0649511490296,6.782106782106783,646,687,46,0,641,687,28558,6,1,0,5,0
2020-08-13,US,Colorado,Otero,78,6,0,37.9014485,-103.7173385,8089.0,426.7425320056898,7.6923076923076925,72,78,6,0,72,76,18432,0,0,0,0,2
2020-08-13,US,Colorado,Ouray,13,1,0,38.14717457,-107.7675136,8091.0,262.52019386106616,7.6923076923076925,12,13,1,0,12,13,4833,0,0,0,0,0
2020-08-13,US,Colorado,Park,42,1,0,39.120926000000004,-105.7182065,8093.0,222.870788007429,2.380952380952381,41,42,1,0,41,42,18556,0,0,0,0,0
2020-08-13,US,Colorado,Phillips,19,0,0,40.59414277,-102.3577703,8095.0,445.48651817116064,0.0,19,19,0,0,19,19,4286,0,0,0,0,0
2020-08-13,US,Colorado,Pitkin,190,2,0,39.21720112,-106.9310027,8097.0,1069.3983227331566,1.0526315789473684,188,190,2,0,188,188,17950,0,0,0,0,2
2020-08-13,US,Colorado,Prowers,61,0,0,37.95544985,-102.3926052,8099.0,501.1501807426881,0.0,61,58,0,0,58,54,12164,3,0,0,3,4
2020-08-13,US,Colorado,Pueblo,723,34,0,38.17359144,-104.5127437,8101.0,429.2737377095901,4.702627939142462,689,711,34,0,677,709,167529,12,0,0,12,2
2020-08-13,US,Colorado,Rio Blanco,20,0,0,39.97913541,-108.2179009,8103.0,316.25553447185325,0.0,20,20,0,0,20,20,6336,0,0,0,0,0
2020-08-13,US,Colorado,Rio Grande,91,2,0,37.5836865,-106.3847838,8105.0,807.6684121771547,2.1978021978021984,89,91,2,0,89,89,11250,0,0,0,0,2
2020-08-13,US,Colorado,Routt,124,8,0,40.48596505,-106.9905548,8107.0,483.65707153444106,6.451612903225807,116,124,8,0,116,125,25733,0,0,0,0,-1
2020-08-13,US,Colorado,Saguache,106,2,0,38.08054629,-106.28246599999999,8109.0,1553.3411488862835,1.8867924528301887,104,106,2,0,104,106,6843,0,0,0,0,0
2020-08-13,US,Colorado,San Juan,2,0,0,37.76248981,-107.67632890000002,8111.0,274.72527472527474,0.0,2,2,0,0,2,2,762,0,0,0,0,0
2020-08-13,US,Colorado,San Miguel,92,0,0,38.00450883,-108.4020725,8113.0,1124.8318865386966,0.0,92,91,0,0,91,90,8191,1,0,0,1,1
2020-08-13,US,Colorado,Sedgwick,11,1,0,40.87595412,-102.3519227,8115.0,489.32384341637015,9.090909090909092,10,11,1,0,10,11,2303,0,0,0,0,0
2020-08-13,US,Colorado,Summit,342,4,0,39.63803232,-106.1150762,8117.0,1102.8344780884202,1.1695906432748535,338,344,4,0,340,338,31007,-2,0,0,-2,6
2020-08-13,US,Colorado,Teller,143,3,0,38.88133511,-105.16148929999999,8119.0,563.2582322357019,2.097902097902098,140,137,3,0,134,136,25083,6,0,0,6,1
2020-08-13,US,Colorado,Washington,50,0,0,39.97015535,-103.202587,8121.0,1018.7449062754688,0.0,50,49,0,0,49,49,4909,1,0,0,1,0
2020-08-13,US,Colorado,Weld,3774,145,0,40.55499405,-104.39296209999999,8123.0,1163.048703820125,3.842077371489136,3629,3754,145,0,3609,3742,314305,20,0,0,20,12
2020-08-13,US,Colorado,Yuma,63,0,0,40.00346839,-102.4258673,8125.0,628.8052699870246,0.0,63,63,0,0,63,63,10020,0,0,0,0,0
2020-08-13,US,Connecticut,Fairfield,18126,1410,0,41.26809896,-73.3881171,9001.0,1921.4868148223527,7.778881165177093,16716,18088,1410,0,16678,18081,943823,38,0,0,38,7
2020-08-13,US,Connecticut,Hartford,12855,1416,0,41.80283011,-72.73103891,9003.0,1441.5960166868524,11.01516919486581,11439,12830,1416,0,11414,12826,892697,25,0,0,25,4
2020-08-13,US,Connecticut,Litchfield,1620,139,0,41.7937534,-73.2451475,9005.0,898.3380745620602,8.580246913580247,1481,1617,139,0,1478,1618,181111,3,0,0,3,-1
2020-08-13,US,Connecticut,Middlesex,1411,192,0,41.45949668,-72.53714864,9007.0,868.6498066930977,13.607370659107016,1219,1408,192,0,1216,1408,162682,3,0,0,3,0
2020-08-13,US,Connecticut,New Haven,13272,1109,0,41.408032500000004,-72.93620426,9009.0,1552.7220016917088,8.355937311633514,12163,13254,1109,0,12145,13240,857620,18,0,0,18,14
2020-08-13,US,Connecticut,New London,1475,104,0,41.48896435,-72.10430976,9011.0,556.1714290023606,7.050847457627119,1371,1469,104,0,1365,1467,266784,6,0,0,6,2
2020-08-13,US,Connecticut,Tolland,1056,65,0,41.85853803,-72.3308481,9013.0,700.6322941063289,6.15530303030303,991,1056,65,0,991,1056,150921,0,0,0,0,0
2020-08-13,US,Connecticut,Unassigned,216,0,0,0.0,0.0,90009.0,0.0,0.0,216,236,0,0,236,243,,-20,0,0,-20,-7
2020-08-13,US,Connecticut,Windham,751,15,0,41.82972709,-71.98182316,9015.0,643.0785566268776,1.9973368841544608,736,748,15,0,733,745,117027,3,0,0,3,3
2020-08-13,US,Delaware,Kent,2402,108,0,39.08646628,-75.56884914,10001.0,1328.6427046342085,4.496253122398001,2294,2319,109,0,2210,2306,178550,83,-1,0,84,13
2020-08-13,US,Delaware,New Castle,7379,293,0,39.57992638,-75.64054974,10003.0,1320.619307636827,3.970727740886299,7086,7309,291,0,7018,7276,559335,70,2,0,68,33
2020-08-13,US,Delaware,Sussex,5928,192,0,38.66143781,-75.39031349,10005.0,2530.8997758565483,3.238866396761133,5736,5881,192,0,5689,5867,229286,47,0,0,47,14
2020-08-13,US,Delaware,Unassigned,258,0,0,0.0,0.0,90010.0,0.0,0.0,258,256,0,0,256,250,,2,0,0,2,6
2020-08-13,US,District of Columbia,District of Columbia,13024,594,0,38.90417773,-77.01655992,11001.0,1845.415296373073,4.5608108108108105,12430,12959,593,0,12366,12896,702455,65,1,0,64,63
2020-08-13,US,Florida,Alachua,4391,26,0,29.67866525,-82.35928158,12001.0,1632.0811171448431,0.5921202459576407,4365,4309,26,0,4283,4246,269956,82,0,0,82,63
2020-08-13,US,Florida,Baker,1052,4,0,30.33060121,-82.28467476,12003.0,3601.506333447449,0.3802281368821293,1048,1044,4,0,1040,964,28355,8,0,0,8,80
2020-08-13,US,Florida,Bay,4644,52,0,30.26548745,-85.62122584,12005.0,2658.1952434103205,1.119724375538329,4592,4551,52,0,4499,4523,185287,93,0,0,93,28
2020-08-13,US,Florida,Bradford,545,4,0,29.95079741,-82.16611613,12007.0,1932.555583135349,0.7339449541284404,541,535,4,0,531,519,27732,10,0,0,10,16
2020-08-13,US,Florida,Brevard,6313,163,0,28.29409504,-80.73091022,12009.0,1048.7721408374894,2.581973705053065,6150,6248,160,0,6088,6190,596849,65,3,0,62,58
2020-08-13,US,Florida,Broward,64741,883,0,26.15184651,-80.48725556,12011.0,3315.3282144718955,1.363896140004016,63858,64080,859,0,63221,63605,1951260,661,24,0,637,475
2020-08-13,US,Florida,Calhoun,484,8,0,30.40666734,-85.19394153,12013.0,3431.407302375045,1.6528925619834711,476,482,8,0,474,481,14587,2,0,0,2,1
2020-08-13,US,Florida,Charlotte,2321,97,0,26.90131002,-81.92949121,12015.0,1228.6273887036157,4.179233089185696,2224,2297,96,0,2201,2281,184998,24,1,0,23,16
2020-08-13,US,Florida,Citrus,1663,38,0,28.84804315,-82.47614748,12017.0,1111.2076281096106,2.2850270595309685,1625,1614,38,0,1576,1594,147929,49,0,0,49,20
2020-08-13,US,Florida,Clay,3369,61,0,29.98319144,-81.85609986,12019.0,1536.5880356849652,1.8106262986049275,3308,3335,53,0,3282,3327,216072,34,8,0,26,8
2020-08-13,US,Florida,Collier,10640,148,0,26.11091986,-81.34687065,12021.0,2764.3400138217003,1.3909774436090223,10492,10530,146,0,10384,10487,378488,110,2,0,108,43
2020-08-13,US,Florida,Columbia,2958,21,0,30.22509788,-82.62160164,12023.0,4126.328711324387,0.7099391480730223,2937,2941,20,0,2921,2917,70503,17,1,0,16,24
2020-08-13,US,Florida,DeSoto,1393,18,0,27.18677893,-81.80941373,12027.0,3665.6930080787347,1.2921751615218953,1375,1382,18,0,1364,1377,37489,11,0,0,11,5
2020-08-13,US,Florida,Dixie,570,4,0,29.60631086,-83.15724673,12029.0,3387.614406276001,0.7017543859649122,566,566,4,0,562,562,16700,4,0,0,4,4
2020-08-13,US,Florida,Duval,24162,212,0,30.33225875,-81.66976468,12031.0,2522.774613549394,0.8774108103633805,23950,23972,210,0,23762,23741,950181,190,2,0,188,231
2020-08-13,US,Florida,Escambia,10035,141,0,30.67652764,-87.37284571,12033.0,3152.527676899685,1.4050822122571,9894,9929,137,0,9792,9807,315534,106,4,0,102,122
2020-08-13,US,Florida,Flagler,1107,13,0,29.45933576,-81.31508595,12035.0,961.9311615297052,1.1743450767841013,1094,1101,13,0,1088,1095,112067,6,0,0,6,6
2020-08-13,US,Florida,Franklin,448,2,0,29.83791238,-84.82731662,12037.0,3694.8453608247423,0.44642857142857145,446,433,2,0,431,433,11736,15,0,0,15,0
2020-08-13,US,Florida,Gadsden,1984,26,0,30.57796289,-84.61915825,12039.0,4345.159877354358,1.310483870967742,1958,1964,21,0,1943,1928,45894,20,5,0,15,36
2020-08-13,US,Florida,Gilchrist,387,6,0,29.72856978,-82.79880657,12041.0,2082.660639328383,1.5503875968992251,381,380,6,0,374,369,18256,7,0,0,7,11
2020-08-13,US,Florida,Glades,410,3,0,26.95635849,-81.18996211,12043.0,2968.6481789877635,0.7317073170731707,407,408,3,0,405,406,13724,2,0,0,2,2
2020-08-13,US,Florida,Gulf,712,2,0,29.93543004,-85.24270990000002,12045.0,5220.3240706796705,0.2808988764044944,710,695,2,0,693,685,16164,17,0,0,17,10
2020-08-13,US,Florida,Hamilton,625,4,0,30.49673973,-82.94998918,12047.0,4331.854726919878,0.64,621,625,4,0,621,623,14310,0,0,0,0,2
2020-08-13,US,Florida,Hardee,998,8,0,27.49293939,-81.80956574,12049.0,3704.941159000631,0.8016032064128257,990,992,8,0,984,986,27245,6,0,0,6,6
2020-08-13,US,Florida,Hendry,1839,38,0,26.55386945,-81.16469006,12051.0,4376.279091904241,2.066340402392605,1801,1814,38,0,1776,1805,41556,25,0,0,25,9
2020-08-13,US,Florida,Hernando,2124,53,0,28.55364461,-82.42700204,12053.0,1095.2970297029703,2.495291902071563,2071,2106,53,0,2053,2069,190865,18,0,0,18,37
2020-08-13,US,Florida,Highlands,1523,40,0,27.34254618,-81.34071957,12055.0,1433.8031086131743,2.6263952724885096,1483,1501,37,0,1464,1474,105424,22,3,0,19,27
2020-08-13,US,Florida,Hillsborough,33428,427,0,27.9276559,-82.32013172,12057.0,2270.97328202787,1.2773722627737227,33001,33198,426,0,32772,32996,1436888,230,1,0,229,202
2020-08-13,US,Florida,Holmes,518,4,0,30.86747479,-85.81319222,12059.0,2640.566855278585,0.7722007722007722,514,513,4,0,509,509,19477,5,0,0,5,4
2020-08-13,US,Florida,Indian River,2584,58,0,27.69308961,-80.60556721,12061.0,1615.7775929666152,2.2445820433436534,2526,2574,57,0,2517,2555,157413,10,1,0,9,19
2020-08-13,US,Florida,Jackson,1996,46,0,30.795459700000002,-85.21500423,12063.0,4300.4265954237935,2.3046092184368736,1950,1953,43,0,1910,1936,48305,43,3,0,40,17
2020-08-13,US,Florida,Jefferson,462,5,0,30.43669112,-83.89442308,12065.0,3243.015583321634,1.0822510822510822,457,462,5,0,457,462,14288,0,0,0,0,0
2020-08-13,US,Florida,Lafayette,469,2,0,29.98484137,-83.18166636,12067.0,5568.748515791974,0.4264392324093816,467,193,2,0,191,189,8732,276,0,0,276,4
2020-08-13,US,Florida,Lake,5391,75,0,28.76202069,-81.7125123,12069.0,1468.4651801328187,1.391207568169171,5316,5291,74,0,5217,5229,356495,100,1,0,99,62
2020-08-13,US,Florida,Lee,17039,368,0,26.58410348,-81.88399313,12071.0,2211.200178567489,2.159751159105581,16671,16872,362,0,16510,16718,754610,167,6,0,161,154
2020-08-13,US,Florida,Leon,5235,26,0,30.45955727,-84.27491114,12073.0,1783.1474681690295,0.4966571155682904,5209,5150,26,0,5124,5116,292502,85,0,0,85,34
2020-08-13,US,Florida,Levy,720,5,0,29.31829741,-82.74007147,12075.0,1734.814350769824,0.6944444444444444,715,709,5,0,704,698,40770,11,0,0,11,11
2020-08-13,US,Florida,Liberty,407,7,0,30.23766008,-84.8829258,12077.0,4871.9176442422795,1.71990171990172,400,407,7,0,400,407,8457,0,0,0,0,0
2020-08-13,US,Florida,Madison,738,9,0,30.44396917,-83.47398594,12079.0,3990.699183474828,1.2195121951219512,729,732,8,0,724,710,18529,6,1,0,5,22
2020-08-13,US,Florida,Manatee,9554,242,0,27.47196942,-82.31831044,12081.0,2369.232218979152,2.5329704835670923,9312,9468,242,0,9226,9395,394855,86,0,0,86,73
2020-08-13,US,Florida,Marion,6921,108,0,29.21227113,-82.05803627,12083.0,1893.1612592627039,1.5604681404421326,6813,6798,104,0,6694,6668,359977,123,4,0,119,130
2020-08-13,US,Florida,Martin,3883,101,0,27.0772071,-80.43109784,12085.0,2411.8012422360252,2.601081637908833,3782,3863,100,0,3763,3852,160912,20,1,0,19,11
2020-08-13,US,Florida,Miami-Dade,140984,1954,0,25.6112362,-80.55170587,12086.0,5189.073001244046,1.3859728763547636,139030,139271,1939,0,137332,135130,2761581,1713,15,0,1698,4141
2020-08-13,US,Florida,Monroe,1577,13,0,25.20904673,-81.07812416,12087.0,2124.5352158215233,0.8243500317057705,1564,1556,13,0,1543,1548,75027,21,0,0,21,8
2020-08-13,US,Florida,Nassau,1280,11,0,30.61037141,-81.80297522,12089.0,1444.2877291960508,0.859375,1269,1270,11,0,1259,1253,85832,10,0,0,10,17
2020-08-13,US,Florida,Okaloosa,3632,49,0,30.69143028,-86.59267105,12091.0,1723.4670538773264,1.3491189427312775,3583,3608,49,0,3559,3587,207269,24,0,0,24,21
2020-08-13,US,Florida,Okeechobee,1087,12,0,27.386336199999995,-80.88944347,12093.0,2577.784101688484,1.103955841766329,1075,1081,12,0,1069,1077,41537,6,0,0,6,4
2020-08-13,US,Florida,Orange,32575,330,0,28.51367621,-81.31799498,12095.0,2337.7195626401194,1.0130468150422105,32245,32341,325,0,32016,32042,1380645,234,5,0,229,299
2020-08-13,US,Florida,Osceola,10037,107,0,28.06312234,-81.14882926,12097.0,2671.183842491437,1.066055594301086,9930,9936,107,0,9829,9858,367990,101,0,0,101,78
2020-08-13,US,Florida,Palm Beach,38208,964,0,26.64676272,-80.46536002,12099.0,2552.696807124675,2.5230318257956452,37244,37934,954,0,36980,37641,1485941,274,10,0,264,293
2020-08-13,US,Florida,Pasco,7283,141,0,28.30810945,-82.40227529,12101.0,1314.746717646273,1.9360153782781824,7142,7213,136,0,7077,7172,539630,70,5,0,65,41
2020-08-13,US,Florida,Pinellas,18329,536,0,27.93130349,-82.72239666,12103.0,1879.905148328813,2.9243275683343337,17793,18217,522,0,17695,18103,975280,112,14,0,98,114
2020-08-13,US,Florida,Polk,14992,343,0,27.95027105,-81.69732947,12105.0,2068.4983105148203,2.287886872998933,14649,14812,334,0,14478,14645,708009,180,9,0,171,167
2020-08-13,US,Florida,Putnam,1559,29,0,29.60779729,-81.74230285,12107.0,2092.027750566954,1.8601667735728031,1530,1550,28,0,1522,1539,74163,9,1,0,8,11
2020-08-13,US,Florida,Santa Rosa,4088,44,0,30.69341450000001,-87.02458128,12113.0,2217.96617710091,1.076320939334638,4044,4053,41,0,4012,4013,179349,35,3,0,32,40
2020-08-13,US,Florida,Sarasota,6479,167,0,27.18546175,-82.33174248,12115.0,1493.7451295931687,2.5775582651643774,6312,6394,166,0,6228,6314,426718,85,1,0,84,80
2020-08-13,US,Florida,Seminole,7323,138,0,28.7158582,-81.24060348,12117.0,1552.0552067923345,1.8844735764031133,7185,7264,137,0,7127,7219,467832,59,1,0,58,45
2020-08-13,US,Florida,St. Johns,3817,42,0,29.90096506,-81.43589967,12109.0,1442.1623745617214,1.1003405816085932,3775,3774,39,0,3735,3738,254261,43,3,0,40,36
2020-08-13,US,Florida,St. Lucie,6040,188,0,27.37763908,-80.47106649,12111.0,1839.7975004340585,3.1125827814569536,5852,5968,183,0,5785,5920,321128,72,5,0,67,48
2020-08-13,US,Florida,Sumter,1410,44,0,28.70181754,-82.0794267,12119.0,1064.7938377888536,3.120567375886525,1366,1383,44,0,1339,1344,128754,27,0,0,27,39
2020-08-13,US,Florida,Suwannee,2152,45,0,30.19746066,-82.99099670000003,12121.0,4844.991782425648,2.091078066914498,2107,1919,45,0,1874,1507,44191,233,0,0,233,412
2020-08-13,US,Florida,Taylor,1027,5,0,30.04848048,-83.60445406,12123.0,4761.463211089989,0.4868549172346641,1022,1000,5,0,995,981,21623,27,0,0,27,19
2020-08-13,US,Florida,Unassigned,720,0,0,0.0,0.0,90012.0,0.0,0.0,720,703,0,0,703,721,,17,0,0,17,-18
2020-08-13,US,Florida,Union,456,5,0,30.04412971,-82.37497443,12125.0,2992.7151013979133,1.0964912280701755,451,448,5,0,443,435,14940,8,0,0,8,13
2020-08-13,US,Florida,Volusia,8206,151,0,29.05858895,-81.18263252,12127.0,1483.144280333427,1.8401169875700707,8055,8129,146,0,7983,8040,547538,77,5,0,72,89
2020-08-13,US,Florida,Wakulla,747,5,0,30.16548905,-84.39895211,12129.0,2214.054951243368,0.6693440428380187,742,730,5,0,725,726,32461,17,0,0,17,4
2020-08-13,US,Florida,Walton,1450,18,0,30.64204028,-86.16935664,12131.0,1957.5812396214442,1.2413793103448276,1432,1443,18,0,1425,1428,71375,7,0,0,7,15
2020-08-13,US,Florida,Washington,896,14,0,30.61359259,-85.66002461,12133.0,3517.449848859577,1.5625,882,887,14,0,873,877,24880,9,0,0,9,10
2020-08-13,US,Georgia,Appling,733,19,0,31.74847232,-82.28909114,13001.0,3986.729032959861,2.592087312414734,714,721,19,0,702,689,18507,12,0,0,12,32
2020-08-13,US,Georgia,Atkinson,331,3,0,31.29633502,-82.87545866,13003.0,4053.888548683405,0.9063444108761328,328,330,3,0,327,324,8297,1,0,0,1,6
2020-08-13,US,Georgia,Bacon,452,8,0,31.55456473,-82.45936528,13005.0,4048.728054460767,1.7699115044247788,444,448,8,0,440,438,11185,4,0,0,4,10
2020-08-13,US,Georgia,Baker,68,3,0,31.32669878,-84.44218806,13007.0,2238.3146807109947,4.411764705882354,65,67,3,0,64,65,3092,1,0,0,1,2
2020-08-13,US,Georgia,Baldwin,1115,42,0,33.06882326,-83.24701748,13009.0,2483.849409668077,3.7668161434977585,1073,1095,42,0,1053,1070,44823,20,0,0,20,25
2020-08-13,US,Georgia,Banks,288,5,0,34.35607081,-83.49644388,13011.0,1497.3484454611623,1.7361111111111112,283,280,5,0,275,275,18988,8,0,0,8,5
2020-08-13,US,Georgia,Barrow,1367,33,0,33.99148694,-83.71436292,13013.0,1642.239308024988,2.414045354791514,1334,1355,34,0,1321,1323,80809,12,-1,0,13,32
2020-08-13,US,Georgia,Bartow,1968,64,0,34.23732119,-84.83887523,13015.0,1826.6535484230265,3.2520325203252027,1904,1953,64,0,1889,1914,106408,15,0,0,15,39
2020-08-13,US,Georgia,Ben Hill,495,5,0,31.76095874,-83.22145359,13017.0,2964.071856287425,1.0101010101010102,490,478,5,0,473,464,16787,17,0,0,17,14
2020-08-13,US,Georgia,Berrien,324,1,0,31.27590016,-83.22529920000002,13019.0,1670.3613960921793,0.308641975308642,323,318,1,0,317,304,19252,6,0,0,6,14
2020-08-13,US,Georgia,Bibb,3835,75,0,32.80904227,-83.70489165,13021.0,2503.933820408857,1.9556714471968708,3760,3795,73,0,3722,3715,153095,40,2,0,38,80
2020-08-13,US,Georgia,Bleckley,260,10,0,32.43829035,-83.33035166,13023.0,2019.7312203837487,3.8461538461538463,250,261,10,0,251,252,12838,-1,0,0,-1,9
2020-08-13,US,Georgia,Brantley,261,6,0,31.19576557,-81.97743999,13025.0,1365.8485530378355,2.2988505747126435,255,257,6,0,251,255,18897,4,0,0,4,2
2020-08-13,US,Georgia,Brooks,419,17,0,30.83922642,-83.58303423,13027.0,2710.74594035065,4.05727923627685,402,419,17,0,402,416,15513,0,0,0,0,3
2020-08-13,US,Georgia,Bryan,701,8,0,32.00979311,-81.44002948,13029.0,1768.9958866429456,1.1412268188302426,693,695,8,0,687,677,38109,6,0,0,6,18
2020-08-13,US,Georgia,Bulloch,1338,17,0,32.39577406,-81.74811421,13031.0,1680.7356044618632,1.2705530642750371,1321,1334,16,0,1318,1310,77296,4,1,0,3,24
2020-08-13,US,Georgia,Burke,508,7,0,33.05917989,-81.99928721,13033.0,2269.579591654381,1.3779527559055118,501,504,7,0,497,481,22423,4,0,0,4,23
2020-08-13,US,Georgia,Butts,497,39,0,33.283094500000004,-83.95435040000002,13035.0,1993.1023419955088,7.847082494969818,458,495,38,0,457,494,24193,2,1,0,1,1
2020-08-13,US,Georgia,Calhoun,211,6,0,31.53169785,-84.62725131,13037.0,3409.2745193084497,2.8436018957345968,205,210,6,0,204,207,6352,1,0,0,1,3
2020-08-13,US,Georgia,Camden,825,5,0,30.92951916,-81.66601818,13039.0,1509.1647459115356,0.6060606060606061,820,804,5,0,799,780,53677,21,0,0,21,24
2020-08-13,US,Georgia,Candler,271,7,0,32.40209349,-82.07702563,13043.0,2508.5624363602697,2.5830258302583027,264,271,6,0,265,267,10836,0,1,0,-1,4
2020-08-13,US,Georgia,Carroll,1933,52,0,33.58138199,-85.07976677,13045.0,1610.9407293819586,2.6901189860320747,1881,1910,52,0,1858,1905,118121,23,0,0,23,5
2020-08-13,US,Georgia,Catoosa,686,11,0,34.89872298,-85.13757014,13047.0,1015.093222846996,1.6034985422740524,675,677,10,0,667,660,67420,9,1,0,8,17
2020-08-13,US,Georgia,Charlton,444,3,0,30.78371028,-82.13951596,13049.0,3315.412186379928,0.6756756756756757,441,439,3,0,436,438,12968,5,0,0,5,1
2020-08-13,US,Georgia,Chatham,6040,90,0,32.00043026,-81.12489526,13051.0,2086.860380748368,1.4900662251655632,5950,5990,87,0,5903,5914,289195,50,3,0,47,76
2020-08-13,US,Georgia,Chattahoochee,778,2,0,32.34341231,-84.78809239,13053.0,7133.0338314843675,0.2570694087403599,776,766,2,0,764,767,10684,12,0,0,12,-1
2020-08-13,US,Georgia,Chattooga,324,4,0,34.47197698,-85.34535662,13055.0,1307.0313445479849,1.2345679012345678,320,302,4,0,298,280,24790,22,0,0,22,22
2020-08-13,US,Georgia,Cherokee,3796,66,0,34.24393976,-84.47431861,13057.0,1466.922746963555,1.7386722866174922,3730,3707,65,0,3642,3609,254149,89,1,0,88,98
2020-08-13,US,Georgia,Clarke,2166,19,0,33.95436462,-83.37124007,13059.0,1687.8228954812164,0.8771929824561403,2147,2150,19,0,2131,2117,127330,16,0,0,16,33
2020-08-13,US,Georgia,Clay,96,2,0,31.62221166,-84.97713865,13061.0,3387.438249823572,2.083333333333333,94,93,2,0,91,91,2887,3,0,0,3,2
2020-08-13,US,Georgia,Clayton,5301,115,0,33.54187245,-84.35594188,13063.0,1813.820759881748,2.1694019996227127,5186,5245,114,0,5131,5154,289615,56,1,0,55,91
2020-08-13,US,Georgia,Clinch,209,4,0,30.91395822,-82.70432472,13065.0,3158.053792686613,1.9138755980861244,205,204,4,0,200,200,6648,5,0,0,5,4
2020-08-13,US,Georgia,Cobb,14463,332,0,33.94243204,-84.5761255,13067.0,1902.6733198182967,2.2955126875475353,14131,14279,326,0,13953,14006,756865,184,6,0,178,273
2020-08-13,US,Georgia,Coffee,1537,30,0,31.54892966,-82.85492059999999,13069.0,3551.8683705774965,1.9518542615484709,1507,1529,30,0,1499,1497,43093,8,0,0,8,32
2020-08-13,US,Georgia,Colquitt,1586,24,0,31.18810588,-83.7677946,13071.0,3478.070175438597,1.5132408575031526,1562,1581,24,0,1557,1565,45592,5,0,0,5,16
2020-08-13,US,Georgia,Columbia,2456,28,0,33.54534185,-82.263524,13073.0,1567.1860842043466,1.1400651465798046,2428,2443,27,0,2416,2346,154291,13,1,0,12,97
2020-08-13,US,Georgia,Cook,456,6,0,31.16068491,-83.42947229,13075.0,2640.416907932832,1.3157894736842106,450,454,6,0,448,445,17162,2,0,0,2,9
2020-08-13,US,Georgia,Coweta,1625,26,0,33.35334302,-84.76129976,13077.0,1094.2097785319409,1.6,1599,1568,22,0,1546,1539,145864,57,4,0,53,29
2020-08-13,US,Georgia,Crawford,107,0,0,32.71391813,-83.98061238,13079.0,862.6249596904222,0.0,107,107,0,0,107,106,12318,0,0,0,0,1
2020-08-13,US,Georgia,Crisp,401,15,0,31.92289565,-83.76811843,13081.0,1792.4190952976935,3.740648379052369,386,398,15,0,383,391,22601,3,0,0,3,7
2020-08-13,US,Georgia,Dade,138,2,0,34.854916700000004,-85.50490424,13083.0,856.2918838421443,1.4492753623188406,136,136,2,0,134,129,16226,2,0,0,2,7
2020-08-13,US,Georgia,Dawson,450,5,0,34.44244079,-84.16964071,13085.0,1723.6096215719324,1.1111111111111112,445,431,5,0,426,401,25083,19,0,0,19,30
2020-08-13,US,Georgia,DeKalb,14563,251,0,33.76944049,-84.22396017,13089.0,1917.9583219741417,1.7235459726704665,14312,14485,247,0,14238,14292,756558,78,4,0,74,193
2020-08-13,US,Georgia,Decatur,837,16,0,30.87967778,-84.57619536,13087.0,3169.974246326314,1.911589008363202,821,834,16,0,818,809,26575,3,0,0,3,25
2020-08-13,US,Georgia,Dodge,240,3,0,32.17265114,-83.16948926,13091.0,1164.7658335355495,1.25,237,243,3,0,240,236,20705,-3,0,0,-3,7
2020-08-13,US,Georgia,Dooly,262,14,0,32.15630737,-83.79746561,13093.0,1956.6840926064224,5.343511450381679,248,261,14,0,247,258,13706,1,0,0,1,3
2020-08-13,US,Georgia,Dougherty,2776,172,0,31.53328528,-84.21722377,13095.0,3156.123516303607,6.195965417867434,2604,2774,172,0,2602,2754,91243,2,0,0,2,20
2020-08-13,US,Georgia,Douglas,2812,56,0,33.70291126,-84.77026156,13097.0,1921.51315744518,1.9914651493598865,2756,2773,54,0,2719,2728,145331,39,2,0,37,45
2020-08-13,US,Georgia,Early,373,32,0,31.32155345,-84.90255207,13099.0,3660.4514229636898,8.579088471849866,341,372,32,0,340,368,10247,1,0,0,1,4
2020-08-13,US,Georgia,Echols,225,2,0,30.71101099,-82.89687287,13101.0,5616.575137294059,0.8888888888888888,223,225,2,0,223,225,4000,0,0,0,0,0
2020-08-13,US,Georgia,Effingham,775,5,0,32.36616021,-81.34280942,13103.0,1205.3626975239515,0.6451612903225806,770,770,5,0,765,758,62190,5,0,0,5,12
2020-08-13,US,Georgia,Elbert,376,1,0,34.11302332,-82.83936148,13105.0,1958.945503803272,0.26595744680851063,375,369,1,0,368,366,19120,7,0,0,7,3
2020-08-13,US,Georgia,Emanuel,547,11,0,32.59221302,-82.30239915,13107.0,2415.437604875033,2.010968921389397,536,537,11,0,526,534,22612,10,0,0,10,3
2020-08-13,US,Georgia,Evans,291,3,0,32.15328841,-81.8870105,13109.0,2731.3685000938613,1.0309278350515465,288,282,3,0,279,270,10721,9,0,0,9,12
2020-08-13,US,Georgia,Fannin,360,5,0,34.86430205,-84.316964,13111.0,1374.6754238582557,1.3888888888888888,355,354,4,0,350,349,25964,6,1,0,5,5
2020-08-13,US,Georgia,Fayette,1210,32,0,33.41357794,-84.49089434,13113.0,1057.4981865217046,2.6446280991735542,1178,1187,31,0,1156,1159,113459,23,1,0,22,28
2020-08-13,US,Georgia,Floyd,1692,18,0,34.26268279,-85.21577392,13115.0,1717.801376677699,1.0638297872340423,1674,1648,18,0,1630,1580,97927,44,0,0,44,68
2020-08-13,US,Georgia,Forsyth,2455,26,0,34.22604035,-84.12315129999998,13117.0,1005.109477097424,1.0590631364562118,2429,2416,26,0,2390,2357,236612,39,0,0,39,59
2020-08-13,US,Georgia,Franklin,434,6,0,34.37525597,-83.23159927,13119.0,1858.7519808128827,1.3824884792626728,428,423,6,0,417,416,23023,11,0,0,11,7
2020-08-13,US,Georgia,Fulton,21373,462,0,33.79216944,-84.46319413,13121.0,2008.8595471348399,2.1616057642820383,20911,21140,455,0,20685,20874,1050114,233,7,0,226,266
2020-08-13,US,Georgia,Gilmer,658,4,0,34.69316688,-84.45802506,13123.0,2097.6122923905773,0.6079027355623101,654,651,4,0,647,635,30816,7,0,0,7,16
2020-08-13,US,Georgia,Glascock,26,1,0,33.22879932,-82.61297636,13125.0,875.126220127903,3.8461538461538463,25,24,1,0,23,25,2995,2,0,0,2,-1
2020-08-13,US,Georgia,Glynn,2672,53,0,31.23279254,-81.53811412,13127.0,3132.767434225953,1.9835329341317365,2619,2625,53,0,2572,2593,85219,47,0,0,47,32
2020-08-13,US,Georgia,Gordon,1285,23,0,34.50487351,-84.87296253,13129.0,2216.9314907785997,1.7898832684824904,1262,1264,23,0,1241,1225,57685,21,0,0,21,39
2020-08-13,US,Georgia,Grady,538,7,0,30.87454847,-84.23418364,13131.0,2184.062030609345,1.3011152416356877,531,522,7,0,515,503,24748,16,0,0,16,19
2020-08-13,US,Georgia,Greene,339,12,0,33.5769205,-83.17139104,13133.0,1850.0327439423706,3.5398230088495577,327,331,12,0,319,325,17698,8,0,0,8,6
2020-08-13,US,Georgia,Gwinnett,20900,282,0,33.96044201,-84.02137802,13135.0,2232.309746328438,1.3492822966507176,20618,20685,275,0,20410,20382,927781,215,7,0,208,303
2020-08-13,US,Georgia,Habersham,1183,51,0,34.63331566,-83.53094677,13137.0,2609.865866572538,4.311073541842773,1132,1173,50,0,1123,1157,45388,10,1,0,9,16
2020-08-13,US,Georgia,Hall,6339,103,0,34.32207823,-83.81896936,13139.0,3100.650065300013,1.6248619656097176,6236,6298,104,0,6194,6206,202148,41,-1,0,42,92
2020-08-13,US,Georgia,Hancock,331,35,0,33.2721566,-82.99766919,13141.0,3913.917464822041,10.574018126888216,296,328,35,0,293,324,8348,3,0,0,3,4
2020-08-13,US,Georgia,Haralson,237,7,0,33.79602175,-85.21005667,13143.0,795.515574650913,2.9535864978902957,230,231,7,0,224,230,29533,6,0,0,6,1
2020-08-13,US,Georgia,Harris,674,17,0,32.73709786,-84.90538572,13145.0,1912.8164377341354,2.5222551928783377,657,668,17,0,651,659,34475,6,0,0,6,9
2020-08-13,US,Georgia,Hart,331,8,0,34.34626973,-82.96567682,13147.0,1263.1177256248807,2.416918429003021,323,325,7,0,318,322,26099,6,1,0,5,3
2020-08-13,US,Georgia,Heard,149,5,0,33.29686567,-85.12886832,13149.0,1249.6854818418185,3.355704697986577,144,148,5,0,143,147,11879,1,0,0,1,1
2020-08-13,US,Georgia,Henry,3537,56,0,33.4533428,-84.14814659999998,13151.0,1507.9233120595495,1.583262651964942,3481,3513,54,0,3459,3457,230220,24,2,0,22,56
2020-08-13,US,Georgia,Houston,2079,62,0,32.45802497,-83.66879087,13153.0,1316.9647099066913,2.9822029822029816,2017,2048,62,0,1986,2023,155469,31,0,0,31,25
2020-08-13,US,Georgia,Irwin,174,1,0,31.60213036,-83.27501387,13155.0,1847.9184367034838,0.5747126436781609,173,172,1,0,171,168,9398,2,0,0,2,4
2020-08-13,US,Georgia,Jackson,1122,17,0,34.13794553,-83.56814788,13157.0,1537.4707099497105,1.5151515151515151,1105,1118,17,0,1101,1098,70422,4,0,0,4,20
2020-08-13,US,Georgia,Jasper,171,2,0,33.31535543,-83.68844964,13159.0,1202.616217736831,1.1695906432748535,169,170,2,0,168,168,14040,1,0,0,1,2
2020-08-13,US,Georgia,Jeff Davis,491,8,0,31.80405727,-82.63724870000001,13161.0,3248.4287131988094,1.6293279022403258,483,485,8,0,477,466,15029,6,0,0,6,19
2020-08-13,US,Georgia,Jefferson,536,9,0,33.05867328,-82.41609057,13163.0,3489.1290196588984,1.6791044776119404,527,532,9,0,523,517,15430,4,0,0,4,15
2020-08-13,US,Georgia,Jenkins,256,24,0,32.79248718,-81.96040187,13165.0,2950.668510834486,9.375,232,251,24,0,227,249,8683,5,0,0,5,2
2020-08-13,US,Georgia,Johnson,253,12,0,32.70211082,-82.66166794,13167.0,2623.664834595043,4.743083003952568,241,252,12,0,240,248,9708,1,0,0,1,4
2020-08-13,US,Georgia,Jones,327,4,0,33.02512137,-83.56019163,13169.0,1137.9850356707848,1.2232415902140672,323,326,4,0,322,322,28616,1,0,0,1,4
2020-08-13,US,Georgia,Lamar,283,13,0,33.07841647,-84.14263877,13171.0,1483.4617602348376,4.593639575971731,270,280,12,0,268,280,19000,3,1,0,2,0
2020-08-13,US,Georgia,Lanier,227,4,0,31.03828570000001,-83.06472457,13173.0,2177.875851482299,1.7621145374449338,223,225,4,0,221,221,10340,2,0,0,2,4
2020-08-13,US,Georgia,Laurens,1075,17,0,32.46325233,-82.92221316,13175.0,2260.968325411181,1.5813953488372092,1058,1064,17,0,1047,993,47325,11,0,0,11,71
2020-08-13,US,Georgia,Lee,569,23,0,31.779330600000005,-84.14324253,13177.0,1897.1725793544947,4.042179261862917,546,565,23,0,542,551,29764,4,0,0,4,14
2020-08-13,US,Georgia,Liberty,784,7,0,31.82588896,-81.49251135,13179.0,1276.1455196549198,0.8928571428571429,777,780,6,0,774,766,61497,4,1,0,3,14
2020-08-13,US,Georgia,Lincoln,154,5,0,33.79201475,-82.45024131,13181.0,1944.1989647771743,3.2467532467532467,149,153,4,0,149,150,7915,1,1,0,0,3
2020-08-13,US,Georgia,Long,136,2,0,31.75218791,-81.74952375,13183.0,695.3320721918299,1.4705882352941178,134,132,1,0,131,132,18998,4,1,0,3,0
2020-08-13,US,Georgia,Lowndes,3257,50,0,30.83568832,-83.27056716,13185.0,2774.134200977804,1.5351550506601166,3207,3273,48,0,3225,3229,116321,-16,2,0,-18,44
2020-08-13,US,Georgia,Lumpkin,381,7,0,34.57286511,-84.00425681,13187.0,1133.5911930972925,1.837270341207349,374,371,7,0,364,357,32955,10,0,0,10,14
2020-08-13,US,Georgia,Macon,185,10,0,32.35207048,-84.04234127,13193.0,1428.9024484436554,5.405405405405406,175,181,10,0,171,180,13143,4,0,0,4,1
2020-08-13,US,Georgia,Madison,428,7,0,34.12920917,-83.21218732,13195.0,1432.3962516733602,1.6355140186915889,421,424,7,0,417,417,29650,4,0,0,4,7
2020-08-13,US,Georgia,Marion,157,5,0,32.3483402,-84.52733571,13197.0,1878.215097499701,3.1847133757961785,152,156,5,0,151,152,8351,1,0,0,1,4
2020-08-13,US,Georgia,McDuffie,389,10,0,33.47851918,-82.48252774,13189.0,1825.2627627627628,2.570694087403599,379,386,10,0,376,365,21531,3,0,0,3,21
2020-08-13,US,Georgia,McIntosh,201,3,0,31.49683595,-81.40163426,13191.0,1397.9691194881068,1.492537313432836,198,194,3,0,191,190,14340,7,0,0,7,4
2020-08-13,US,Georgia,Meriwether,411,6,0,33.04163534,-84.68859732,13199.0,1941.701705484953,1.45985401459854,405,409,6,0,403,403,21068,2,0,0,2,6
2020-08-13,US,Georgia,Miller,152,0,0,31.16568912,-84.73151117,13201.0,2658.272123119972,0.0,152,149,0,0,149,146,5686,3,0,0,3,3
2020-08-13,US,Georgia,Mitchell,659,41,0,31.22483255,-84.19381821,13205.0,3014.224946256232,6.22154779969651,618,658,41,0,617,657,22192,1,0,0,1,1
2020-08-13,US,Georgia,Monroe,474,29,0,33.014289,-83.92097166,13207.0,1718.7613314961202,6.118143459915612,445,473,28,0,445,467,27520,1,1,0,0,6
2020-08-13,US,Georgia,Montgomery,159,2,0,32.17201038,-82.53527476,13209.0,1733.536851286524,1.2578616352201255,157,157,2,0,155,157,9193,2,0,0,2,0
2020-08-13,US,Georgia,Morgan,301,0,0,33.59232073,-83.49129491,13211.0,1561.5272878190494,0.0,301,295,0,0,295,283,18853,6,0,0,6,12
2020-08-13,US,Georgia,Murray,627,2,0,34.78897608,-84.74993177,13213.0,1563.7470071827613,0.3189792663476874,625,623,2,0,621,609,39921,4,0,0,4,14
2020-08-13,US,Georgia,Muscogee,4930,105,0,32.50931999,-84.87142262,13215.0,2518.2740883388074,2.129817444219067,4825,4879,104,0,4775,4826,194160,51,1,0,50,53
2020-08-13,US,Georgia,Newton,1914,46,0,33.55514538,-83.84547140000002,13217.0,1712.843642611684,2.4033437826541277,1868,1895,45,0,1850,1865,109541,19,1,0,18,30
2020-08-13,US,Georgia,Oconee,459,15,0,33.83749973,-83.43679568,13219.0,1139.5233366434954,3.2679738562091503,444,455,15,0,440,450,39272,4,0,0,4,5
2020-08-13,US,Georgia,Oglethorpe,238,7,0,33.878629600000004,-83.08278123,13221.0,1559.7352382200668,2.9411764705882355,231,236,7,0,229,226,15054,2,0,0,2,10
2020-08-13,US,Georgia,Out of GA,16659,98,0,0.0,0.0,80013.0,0.0,0.5882706044780599,16561,16470,96,0,16374,16668,,189,2,0,187,-198
2020-08-13,US,Georgia,Paulding,1809,25,0,33.91969522,-84.86848792,13223.0,1072.5275246491608,1.3819789939192924,1784,1789,23,0,1766,1744,164044,20,2,0,18,45
2020-08-13,US,Georgia,Peach,411,15,0,32.56934316,-83.82937,13225.0,1492.0496623829226,3.6496350364963503,396,402,15,0,387,394,27297,9,0,0,9,8
2020-08-13,US,Georgia,Pickens,430,5,0,34.46589159,-84.46406611,13227.0,1319.3826516522965,1.162790697674419,425,420,5,0,415,410,31980,10,0,0,10,10
2020-08-13,US,Georgia,Pierce,429,9,0,31.35928155,-82.21598442,13229.0,2203.9558181351144,2.097902097902098,420,420,9,0,411,413,19389,9,0,0,9,7
2020-08-13,US,Georgia,Pike,232,6,0,33.09310242,-84.38790389,13231.0,1223.499630840629,2.586206896551724,226,228,5,0,223,224,18634,4,1,0,3,4
2020-08-13,US,Georgia,Polk,901,11,0,34.00267074,-85.18677781,13233.0,2114.378241381738,1.2208657047724751,890,877,11,0,866,837,42470,24,0,0,24,40
2020-08-13,US,Georgia,Pulaski,132,3,0,32.23334561,-83.47549959999998,13235.0,1185.2383945407198,2.272727272727273,129,133,3,0,130,127,11069,-1,0,0,-1,6
2020-08-13,US,Georgia,Putnam,454,18,0,33.32056115,-83.37552891,13237.0,2052.53402052534,3.9647577092511015,436,449,18,0,431,437,21809,5,0,0,5,12
2020-08-13,US,Georgia,Quitman,31,1,0,31.86728114,-85.01773177,13239.0,1348.4123531970422,3.2258064516129035,30,31,1,0,30,31,2279,0,0,0,0,0
2020-08-13,US,Georgia,Rabun,230,3,0,34.88389445,-83.40304637,13241.0,1342.125226118924,1.3043478260869563,227,230,3,0,227,227,16867,0,0,0,0,3
2020-08-13,US,Georgia,Randolph,276,26,0,31.76622818,-84.75732369,13243.0,4071.997639421658,9.420289855072463,250,274,26,0,248,273,6833,2,0,0,2,1
2020-08-13,US,Georgia,Richmond,4718,95,0,33.35777107,-82.07026432,13245.0,2329.669461479967,2.013565069944892,4623,4672,95,0,4577,4509,201554,46,0,0,46,163
2020-08-13,US,Georgia,Rockdale,1411,24,0,33.65145002,-84.02202167,13247.0,1552.323534588981,1.700921332388377,1387,1395,23,0,1372,1371,90594,16,1,0,15,24
2020-08-13,US,Georgia,Schley,77,1,0,32.2654021,-84.31258912,13249.0,1464.7137150466046,1.2987012987012987,76,74,1,0,73,69,5236,3,0,0,3,5
2020-08-13,US,Georgia,Screven,220,9,0,32.74976524,-81.60779441,13251.0,1575.2541887440927,4.090909090909091,211,216,9,0,207,215,13938,4,0,0,4,1
2020-08-13,US,Georgia,Seminole,229,5,0,30.93464824,-84.86823924,13253.0,2830.655129789864,2.183406113537118,224,220,4,0,216,212,8315,9,1,0,8,8
2020-08-13,US,Georgia,Spalding,990,42,0,33.26310031,-84.28013991,13255.0,1484.1911158418661,4.242424242424242,948,983,41,0,942,967,66100,7,1,0,6,16
2020-08-13,US,Georgia,Stephens,676,14,0,34.55151201,-83.29405315,13257.0,2607.5216972034714,2.0710059171597632,662,663,13,0,650,655,26035,13,1,0,12,8
2020-08-13,US,Georgia,Stewart,257,9,0,32.07996777,-84.83208037,13259.0,3881.588883854403,3.5019455252918283,248,256,7,0,249,256,6199,1,2,0,-1,0
2020-08-13,US,Georgia,Sumter,768,56,0,32.03650571,-84.19821492,13261.0,2601.273540170709,7.291666666666668,712,784,56,0,728,775,29733,-16,0,0,-16,9
2020-08-13,US,Georgia,Talbot,143,3,0,32.69642758,-84.53351366,13263.0,2308.313155770783,2.097902097902098,140,142,3,0,139,140,6272,1,0,0,1,2
2020-08-13,US,Georgia,Taliaferro,14,0,0,33.56543317,-82.88136816,13265.0,910.8653220559532,0.0,14,13,0,0,13,13,1608,1,0,0,1,0
2020-08-13,US,Georgia,Tattnall,558,2,0,32.04785085,-82.05539188,13267.0,2206.7547259353,0.35842293906810035,556,546,2,0,544,520,25391,12,0,0,12,26
2020-08-13,US,Georgia,Taylor,99,3,0,32.55792548,-84.25077141,13269.0,1234.413965087282,3.0303030303030303,96,94,2,0,92,93,8039,5,1,0,4,1
2020-08-13,US,Georgia,Telfair,299,12,0,31.92829517,-82.93491155,13271.0,1885.2459016393445,4.013377926421405,287,302,12,0,290,289,15876,-3,0,0,-3,13
2020-08-13,US,Georgia,Terrell,307,30,0,31.77527543,-84.44069698,13273.0,3598.6402531942326,9.77198697068404,277,306,30,0,276,301,8611,1,0,0,1,5
2020-08-13,US,Georgia,Thomas,1147,44,0,30.86392347,-83.91847289,13275.0,2580.369395514161,3.836094158674804,1103,1147,44,0,1103,1135,44448,0,0,0,0,12
2020-08-13,US,Georgia,Tift,1380,44,0,31.45743864,-83.5236119,13277.0,3395.3351048125182,3.188405797101449,1336,1373,41,0,1332,1363,40571,7,3,0,4,10
2020-08-13,US,Georgia,Toombs,816,9,0,32.12059861,-82.32957247,13279.0,3041.371598956392,1.1029411764705883,807,789,9,0,780,783,26887,27,0,0,27,6
2020-08-13,US,Georgia,Towns,155,2,0,34.91369188,-83.74107459999998,13281.0,1287.6962698346765,1.2903225806451613,153,154,1,0,153,151,11852,1,1,0,0,3
2020-08-13,US,Georgia,Treutlen,135,3,0,32.40422134,-82.56904553,13283.0,1956.238226344008,2.2222222222222223,132,132,3,0,129,130,6809,3,0,0,3,2
2020-08-13,US,Georgia,Troup,2354,73,0,33.03349196,-85.02812115,13285.0,3366.6085066216638,3.1011045029736617,2281,2335,71,0,2264,2312,70034,19,2,0,17,23
2020-08-13,US,Georgia,Turner,260,18,0,31.71612656,-83.62069378,13287.0,3256.105197244834,6.9230769230769225,242,257,18,0,239,251,7912,3,0,0,3,6
2020-08-13,US,Georgia,Twiggs,127,4,0,32.67435595,-83.43078662,13289.0,1564.039408866995,3.1496062992125986,123,124,4,0,120,122,8188,3,0,0,3,2
2020-08-13,US,Georgia,Unassigned,2783,8,0,0.0,0.0,90013.0,0.0,0.2874595759971254,2775,2730,8,0,2722,2665,,53,0,0,53,65
2020-08-13,US,Georgia,Union,313,7,0,34.82995757,-83.98967069,13291.0,1276.9776834890456,2.236421725239617,306,298,7,0,291,285,24001,15,0,0,15,13
2020-08-13,US,Georgia,Upson,574,49,0,32.87920671,-84.30024826,13293.0,2180.851063829787,8.536585365853659,525,574,46,0,528,567,26215,0,3,0,-3,7
2020-08-13,US,Georgia,Walker,760,16,0,34.73376362,-85.30165174,13295.0,1089.4339243990196,2.1052631578947367,744,742,17,0,725,723,69410,18,-1,0,19,19
2020-08-13,US,Georgia,Walton,1210,40,0,33.78017694,-83.73552314,13297.0,1279.1644202002262,3.3057851239669422,1170,1188,39,0,1149,1153,93503,22,1,0,21,35
2020-08-13,US,Georgia,Ware,1186,31,0,31.05449097,-82.42224148,13299.0,3318.9679297028038,2.6138279932546373,1155,1178,29,0,1149,1170,35680,8,2,0,6,8
2020-08-13,US,Georgia,Warren,89,1,0,33.41146451,-82.67795848,13301.0,1693.9474685953562,1.1235955056179776,88,87,1,0,86,80,5251,2,0,0,2,7
2020-08-13,US,Georgia,Washington,518,2,0,32.96711864,-82.79357039,13303.0,2542.45607146363,0.3861003861003861,516,497,2,0,495,486,20386,21,0,0,21,11
2020-08-13,US,Georgia,Wayne,846,12,0,31.5521809,-81.91894878,13305.0,2826.878738263107,1.4184397163120568,834,825,11,0,814,790,29808,21,1,0,20,35
2020-08-13,US,Georgia,Webster,39,2,0,32.04066113,-84.54742852,13307.0,1495.9723820483316,5.128205128205129,37,40,2,0,38,40,2611,-1,0,0,-1,0
2020-08-13,US,Georgia,Wheeler,100,1,0,32.12009104,-82.72574721,13309.0,1273.074474856779,1.0,99,97,1,0,96,95,7879,3,0,0,3,2
2020-08-13,US,Georgia,White,376,6,0,34.64624278,-83.74905525,13311.0,1220.85849730502,1.5957446808510638,370,370,6,0,364,359,29970,6,0,0,6,11
2020-08-13,US,Georgia,Whitfield,3654,34,0,34.80987459,-84.96093476,13313.0,3492.372978552586,0.9304871373836892,3620,3621,32,0,3589,3575,104062,33,2,0,31,46
2020-08-13,US,Georgia,Wilcox,188,19,0,31.97496928,-83.43438555,13315.0,2177.1858714533873,10.106382978723405,169,188,19,0,169,186,8812,0,0,0,0,2
2020-08-13,US,Georgia,Wilkes,196,3,0,33.78290391,-82.74286107,13317.0,2004.7049197095223,1.5306122448979589,193,195,3,0,192,193,9876,1,0,0,1,2
2020-08-13,US,Georgia,Wilkinson,223,12,0,32.80291082,-83.17140684,13319.0,2490.5070359615816,5.381165919282512,211,221,11,0,210,220,9036,2,1,0,1,1
2020-08-13,US,Georgia,Worth,461,23,0,31.55162306,-83.85090513,13321.0,2276.880525509952,4.989154013015185,438,457,23,0,434,450,20299,4,0,0,4,7
2020-08-13,US,Hawaii,Hawaii,139,0,0,19.60121157,-155.5210167,15001.0,68.97818006778719,0.0,139,135,0,0,135,133,200983,4,0,0,4,2
2020-08-13,US,Hawaii,Honolulu,3900,33,0,21.45803166,-157.97121819999995,15003.0,400.17936244244856,0.8461538461538461,3867,3558,31,0,3527,3361,980080,342,2,0,340,197
2020-08-13,US,Hawaii,Kauai,52,0,0,22.03935037,-159.5966786,15007.0,71.9295090811005,0.0,52,51,0,0,51,49,72133,1,0,0,1,2
2020-08-13,US,Hawaii,Maui,198,6,0,20.86399628,-156.56890969999995,15009.0,118.26755944736792,3.0303030303030303,192,191,6,0,185,190,167207,7,0,0,7,1
2020-08-13,US,Hawaii,Out of HI,23,1,0,0.0,0.0,80015.0,0.0,4.3478260869565215,22,23,1,0,22,23,,0,0,0,0,0
2020-08-13,US,Idaho,Ada,9595,90,0,43.4526575,-116.24155159999998,16001.0,1992.3710565276886,0.9379885356956748,9505,9425,85,0,9340,9315,469966,170,5,0,165,110
2020-08-13,US,Idaho,Adams,21,0,0,44.89333571,-116.4545247,16003.0,489.0544946436889,0.0,21,20,0,0,20,20,4250,1,0,0,1,0
2020-08-13,US,Idaho,Bannock,464,2,0,42.67002716,-112.2233311,16005.0,528.4256559766764,0.4310344827586207,462,443,2,0,441,427,87138,21,0,0,21,16
2020-08-13,US,Idaho,Bear Lake,20,0,0,42.28269683,-111.32892379999998,16007.0,326.5306122448979,0.0,20,20,0,0,20,17,6050,0,0,0,0,3
2020-08-13,US,Idaho,Benewah,80,1,0,47.21754179,-116.6586851,16009.0,860.4000860400087,1.25,79,77,1,0,76,72,9226,3,0,0,3,5
2020-08-13,US,Idaho,Bingham,320,2,0,43.21672879999999,-112.3978437,16011.0,683.6000085450003,0.625,318,297,2,0,295,269,46236,23,0,0,23,28
2020-08-13,US,Idaho,Blaine,582,6,0,43.4085812,-113.9752658,16013.0,2528.1264932018594,1.0309278350515465,576,578,6,0,572,578,22601,4,0,0,4,0
2020-08-13,US,Idaho,Boise,52,1,0,43.98829931,-115.7309284,16015.0,664.0275826842037,1.9230769230769231,51,51,1,0,50,51,7634,1,0,0,1,0
2020-08-13,US,Idaho,Bonner,189,0,0,48.29996017,-116.6017932,16017.0,413.2141061238768,0.0,189,189,0,0,189,184,44727,0,0,0,0,5
2020-08-13,US,Idaho,Bonneville,1206,4,0,43.38713372,-111.6161537,16019.0,1012.9176395491423,0.33167495854063017,1202,1176,4,0,1172,1112,116854,30,0,0,30,64
2020-08-13,US,Idaho,Boundary,38,0,0,48.76684761,-116.4630179,16021.0,310.330747243773,0.0,38,38,0,0,38,38,11948,0,0,0,0,0
2020-08-13,US,Idaho,Butte,1,0,0,43.72592209,-113.1735463,16023.0,38.50596842510589,0.0,1,,,,,,2611,,,,,
2020-08-13,US,Idaho,Camas,1,0,0,43.46665742,-114.8065892,16025.0,90.41591320072331,0.0,1,1,0,0,1,1,1127,0,0,0,0,0
2020-08-13,US,Idaho,Canyon,6137,51,0,43.61970148,-116.70954990000001,16027.0,2670.0137916632225,0.8310249307479224,6086,6064,51,0,6013,5951,223499,73,0,0,73,113
2020-08-13,US,Idaho,Caribou,34,0,0,42.77149116,-111.5597683,16029.0,475.1921733053808,0.0,34,33,0,0,33,32,7060,1,0,0,1,1
2020-08-13,US,Idaho,Cassia,543,1,0,42.28347888,-113.6012409,16031.0,2259.6754057428216,0.1841620626151013,542,532,1,0,531,527,23864,11,0,0,11,5
2020-08-13,US,Idaho,Clark,10,0,0,44.28496071,-112.35057040000001,16033.0,1183.431952662722,0.0,10,9,0,0,9,9,852,1,0,0,1,0
2020-08-13,US,Idaho,Clearwater,17,0,0,46.67459924,-115.6622393,16035.0,194.15258108725445,0.0,17,17,0,0,17,17,8758,0,0,0,0,0
2020-08-13,US,Idaho,Custer,11,0,0,44.24186819,-114.2855494,16037.0,254.9246813441484,0.0,11,11,0,0,11,11,4280,0,0,0,0,0
2020-08-13,US,Idaho,Elmore,229,3,0,43.3507101,-115.4701578,16039.0,832.3943150012723,1.310043668122271,226,218,3,0,215,215,27259,11,0,0,11,3
2020-08-13,US,Idaho,Franklin,52,0,0,42.18332217,-111.81496659999999,16041.0,374.7477659267801,0.0,52,52,0,0,52,52,13726,0,0,0,0,0
2020-08-13,US,Idaho,Fremont,90,0,0,44.22800938,-111.48099429999999,16043.0,687.0753492633025,0.0,90,89,0,0,89,87,13168,1,0,0,1,2
2020-08-13,US,Idaho,Gem,187,1,0,44.06482372,-116.398376,16045.0,1032.464664310954,0.5347593582887701,186,183,1,0,182,180,17634,4,0,0,4,3
2020-08-13,US,Idaho,Gooding,175,1,0,42.96927962,-114.81083059999999,16047.0,1152.9086237565054,0.5714285714285714,174,174,1,0,173,170,15196,1,0,0,1,4
2020-08-13,US,Idaho,Idaho,33,0,0,45.84721541,-115.4634436,16049.0,197.99604007919842,0.0,33,33,0,0,33,32,16513,0,0,0,0,1
2020-08-13,US,Idaho,Jefferson,229,1,0,43.82078483,-112.3131749,16051.0,766.6298416524388,0.4366812227074236,228,219,1,0,218,214,29439,10,0,0,10,5
2020-08-13,US,Idaho,Jerome,505,6,0,42.68891267,-114.2655033,16053.0,2068.654759954121,1.188118811881188,499,499,6,0,493,488,24015,6,0,0,6,11
2020-08-13,US,Idaho,Kootenai,1946,16,0,47.67282258,-116.7020872,16055.0,1174.4328503231802,0.8221993833504625,1930,1922,16,0,1906,1856,161505,24,0,0,24,66
2020-08-13,US,Idaho,Latah,124,0,0,46.81587887,-116.71136979999999,16057.0,309.1652538147003,0.0,124,113,0,0,113,107,40134,11,0,0,11,6
2020-08-13,US,Idaho,Lemhi,35,0,0,44.9438088,-113.9309747,16059.0,436.0284041360409,0.0,35,35,0,0,35,28,7961,0,0,0,0,7
2020-08-13,US,Idaho,Lincoln,60,0,0,43.0012336,-114.1358773,16063.0,1118.1513231457325,0.0,60,59,0,0,59,59,5360,1,0,0,1,0
2020-08-13,US,Idaho,Madison,177,0,0,43.78141028,-111.65384740000002,16065.0,443.5312100633974,0.0,177,175,0,0,175,172,39304,2,0,0,2,3
2020-08-13,US,Idaho,Minidoka,498,2,0,42.85518524,-113.6357257,16067.0,2367.032653643234,0.4016064257028112,496,486,2,0,484,479,20825,12,0,0,12,7
2020-08-13,US,Idaho,Nez Perce,168,19,0,46.32638236,-116.75009750000001,16069.0,415.7592555929519,11.309523809523812,149,162,19,0,143,161,40408,6,0,0,6,1
2020-08-13,US,Idaho,Oneida,16,0,0,42.19494279999999,-112.5407838,16071.0,353.12293092032667,0.0,16,16,0,0,16,15,4488,0,0,0,0,1
2020-08-13,US,Idaho,Owyhee,272,3,0,42.58016894,-116.16938710000001,16073.0,2300.60052440159,1.1029411764705883,269,269,3,0,266,266,11693,3,0,0,3,3
2020-08-13,US,Idaho,Payette,424,3,0,44.00545243,-116.7647695,16075.0,1770.2809903553089,0.7075471698113207,421,417,3,0,414,405,23551,7,0,0,7,12
2020-08-13,US,Idaho,Power,64,0,0,42.69254894,-112.83957420000002,16077.0,833.2248405155577,0.0,64,62,0,0,62,58,7768,2,0,0,2,4
2020-08-13,US,Idaho,Shoshone,154,2,0,47.35364087,-115.89167490000001,16079.0,1195.4665424623504,1.2987012987012987,152,132,2,0,130,117,12796,22,0,0,22,15
2020-08-13,US,Idaho,Teton,90,0,0,43.75303583,-111.2056773,16081.0,741.2287926206558,0.0,90,86,0,0,86,85,11640,4,0,0,4,1
2020-08-13,US,Idaho,Twin Falls,1482,32,0,42.35440512,-114.6685381,16083.0,1705.8403738575935,2.1592442645074224,1450,1464,32,0,1432,1435,86081,18,0,0,18,29
2020-08-13,US,Idaho,Unassigned,5,0,0,0.0,0.0,90016.0,0.0,0.0,5,5,0,0,5,5,,0,0,0,0,0
2020-08-13,US,Idaho,Valley,69,1,0,44.76728382,-115.5676773,16085.0,605.688202247191,1.4492753623188406,68,66,1,0,65,65,11041,3,0,0,3,1
2020-08-13,US,Idaho,Washington,224,3,0,44.45275475,-116.78476880000001,16087.0,2197.37100255052,1.3392857142857142,221,217,3,0,214,216,10161,7,0,0,7,1
2020-08-13,US,Illinois,Adams,581,7,0,39.98815591,-91.18786813,17001.0,887.9040268969206,1.2048192771084338,574,580,6,0,574,557,65691,1,1,0,0,23
2020-08-13,US,Illinois,Alexander,37,0,0,37.18049267,-89.32910838,17003.0,642.2496094428051,0.0,37,37,0,0,37,37,6060,0,0,0,0,0
2020-08-13,US,Illinois,Bond,68,3,0,38.88829622,-89.43534887,17005.0,413.9778400097408,4.411764705882354,65,64,3,0,61,62,16630,4,0,0,4,2
2020-08-13,US,Illinois,Boone,770,23,0,42.32359279,-88.82345779,17007.0,1438.0696249813238,2.9870129870129865,747,770,23,0,747,769,53577,0,0,0,0,1
2020-08-13,US,Illinois,Brown,15,0,0,39.96209138,-90.75068024,17009.0,228.0328367284889,0.0,15,15,0,0,15,15,6556,0,0,0,0,0
2020-08-13,US,Illinois,Bureau,247,3,0,41.40385234,-89.5283051,17011.0,757.0185117077358,1.214574898785425,244,241,3,0,238,231,32993,6,0,0,6,10
2020-08-13,US,Illinois,Calhoun,12,0,0,39.16840183,-90.66330078,17013.0,253.21797847647187,0.0,12,11,0,0,11,9,4802,1,0,0,1,2
2020-08-13,US,Illinois,Carroll,68,4,0,42.06823429,-89.93395545,17015.0,475.35826634044037,5.882352941176472,64,64,4,0,60,61,14312,4,0,0,4,3
2020-08-13,US,Illinois,Cass,245,11,0,39.96991073,-90.24734436,17017.0,2016.9589198979168,4.489795918367347,234,238,11,0,227,233,12260,7,0,0,7,5
2020-08-13,US,Illinois,Champaign,1729,19,0,40.13919438,-88.20046615,17019.0,824.5544592229445,1.0989010989010992,1710,1709,19,0,1690,1693,209983,20,0,0,20,16
2020-08-13,US,Illinois,Christian,144,4,0,39.54581621,-89.27780482,17021.0,445.76523031203567,2.7777777777777777,140,144,4,0,140,143,32661,0,0,0,0,1
2020-08-13,US,Illinois,Clark,88,2,0,39.33425789,-87.78705622,17023.0,569.9112751764783,2.272727272727273,86,87,2,0,85,87,15596,1,0,0,1,0
2020-08-13,US,Illinois,Clay,31,0,0,38.75388572,-88.48914513,17025.0,235.13349514563103,0.0,31,27,0,0,27,26,13253,4,0,0,4,1
2020-08-13,US,Illinois,Clinton,433,17,0,38.60704876,-89.42385254,17027.0,1152.7607688621479,3.9260969976905313,416,419,17,0,402,415,37639,14,0,0,14,4
2020-08-13,US,Illinois,Coles,546,21,0,39.51949084,-88.22358557,17029.0,1078.603741530195,3.8461538461538463,525,520,21,0,499,492,50885,26,0,0,26,28
2020-08-13,US,Illinois,Cook,113788,4943,0,41.84144849,-87.81658794,17031.0,2209.3757699894354,4.344043308608992,108845,113044,4934,0,108110,112484,5180493,744,9,0,735,560
2020-08-13,US,Illinois,Crawford,31,0,0,39.0032229,-87.75954624,17033.0,166.0684630631596,0.0,31,29,0,0,29,30,18807,2,0,0,2,-1
2020-08-13,US,Illinois,Cumberland,60,3,0,39.27432424,-88.2401158,17035.0,557.3100501579045,5.0,57,57,3,0,54,57,10808,3,0,0,3,0
2020-08-13,US,Illinois,De Witt,34,0,0,40.17514519,-88.90959682,17039.0,217.4191073027241,0.0,34,34,0,0,34,34,15769,0,0,0,0,0
2020-08-13,US,Illinois,DeKalb,960,31,0,41.89373302,-88.76958483,17037.0,915.1834656853866,3.2291666666666665,929,956,31,0,925,947,104143,4,0,0,4,9
2020-08-13,US,Illinois,Douglas,133,3,0,39.76768052,-88.21854195,17041.0,683.2776778833803,2.255639097744361,130,129,3,0,126,122,19479,4,0,0,4,7
2020-08-13,US,Illinois,DuPage,12592,523,0,41.85116968,-88.08642662,17043.0,1364.3637971180633,4.153430749682338,12069,12511,522,0,11989,12427,928589,81,1,0,80,84
2020-08-13,US,Illinois,Edgar,30,0,0,39.6809186,-87.74759563,17045.0,174.81498747159256,0.0,30,29,0,0,29,29,17360,1,0,0,1,0
2020-08-13,US,Illinois,Edwards,24,0,0,38.41353228,-88.05720863,17047.0,375.2931978107897,0.0,24,24,0,0,24,20,6392,0,0,0,0,4
2020-08-13,US,Illinois,Effingham,192,1,0,39.05935711,-88.58969584,17049.0,564.5730416372618,0.5208333333333334,191,183,1,0,182,163,34208,9,0,0,9,20
2020-08-13,US,Illinois,Fayette,73,3,0,39.00072038,-89.02452658,17051.0,342.1447319085114,4.109589041095891,70,71,3,0,68,69,21416,2,0,0,2,2
2020-08-13,US,Illinois,Ford,52,2,0,40.59706922,-88.22350769,17053.0,401.2036108324975,3.8461538461538463,50,50,2,0,48,50,13264,2,0,0,2,0
2020-08-13,US,Illinois,Franklin,205,1,0,37.99189086,-88.92567818,17055.0,532.8966180560972,0.4878048780487805,204,198,1,0,197,194,38701,7,0,0,7,4
2020-08-13,US,Illinois,Fulton,37,0,0,40.47289135,-90.20862357,17057.0,107.74606872451952,0.0,37,37,0,0,37,35,34844,0,0,0,0,2
2020-08-13,US,Illinois,Gallatin,51,2,0,37.76430935,-88.22953869,17059.0,1056.338028169014,3.92156862745098,49,51,2,0,49,51,5058,0,0,0,0,0
2020-08-13,US,Illinois,Greene,66,0,0,39.35907414,-90.388865,17061.0,508.90585241730275,0.0,66,66,0,0,66,59,13044,0,0,0,0,7
2020-08-13,US,Illinois,Grundy,353,5,0,41.28569601,-88.41905692,17063.0,691.424765934109,1.4164305949008498,348,343,5,0,338,334,50972,10,0,0,10,9
2020-08-13,US,Illinois,Hamilton,31,0,0,38.08163641,-88.53883373,17065.0,381.9615574174469,0.0,31,30,0,0,30,29,8163,1,0,0,1,1
2020-08-13,US,Illinois,Hancock,72,1,0,40.40423981,-91.16313899,17067.0,406.5958888637904,1.3888888888888888,71,68,1,0,67,63,17844,4,0,0,4,5
2020-08-13,US,Illinois,Hardin,18,0,0,37.51810645,-88.26873022,17069.0,471.08086888249153,0.0,18,18,0,0,18,18,3910,0,0,0,0,0
2020-08-13,US,Illinois,Henderson,15,0,0,40.81908672,-90.92491462,17071.0,225.6996689738189,0.0,15,14,0,0,14,13,6709,1,0,0,1,1
2020-08-13,US,Illinois,Henry,266,1,0,41.3533994,-90.13296166,17073.0,543.8227056201828,0.3759398496240601,265,262,1,0,261,253,49090,4,0,0,4,9
2020-08-13,US,Illinois,Iroquois,274,12,0,40.74717633,-87.82466784,17075.0,1010.5480563546507,4.37956204379562,262,269,12,0,257,267,27604,5,0,0,5,2
2020-08-13,US,Illinois,Jackson,743,20,0,37.78595185,-89.38232563,17077.0,1309.2511013215858,2.6917900403768504,723,740,20,0,720,731,57419,3,0,0,3,9
2020-08-13,US,Illinois,Jasper,61,7,0,39.01054275,-88.15437049,17079.0,634.7554630593132,11.475409836065571,54,59,7,0,52,60,9611,2,0,0,2,-1
2020-08-13,US,Illinois,Jefferson,317,20,0,38.29980057,-88.9240025,17081.0,841.2058167922728,6.309148264984227,297,304,20,0,284,292,37820,13,0,0,13,12
2020-08-13,US,Illinois,Jersey,141,2,0,39.08869046,-90.35393073,17083.0,647.5910531392092,1.4184397163120568,139,122,2,0,120,117,21847,19,0,0,19,5
2020-08-13,US,Illinois,Jo Daviess,136,1,0,42.36542373,-90.21094405,17085.0,640.4520838238757,0.7352941176470589,135,133,1,0,132,130,21366,3,0,0,3,3
2020-08-13,US,Illinois,Johnson,71,0,0,37.45939802,-88.88165419,17087.0,571.7967302891198,0.0,71,70,0,0,70,71,12456,1,0,0,1,-1
2020-08-13,US,Illinois,Kane,10027,305,0,41.93842729,-88.42861412,17089.0,1883.3477647571485,3.0417871746285026,9722,9948,305,0,9643,9878,534216,79,0,0,79,70
2020-08-13,US,Illinois,Kankakee,1829,69,0,41.13746989,-87.86205334,17091.0,1664.8158598969615,3.7725533078184803,1760,1807,69,0,1738,1802,110024,22,0,0,22,5
2020-08-13,US,Illinois,Kendall,1431,23,0,41.59081014,-88.42869583,17093.0,1109.3883246763314,1.607267645003494,1408,1412,23,0,1389,1398,127915,19,0,0,19,14
2020-08-13,US,Illinois,Knox,331,1,0,40.93148779,-90.21330340000002,17095.0,666.0093764462061,0.3021148036253776,330,324,1,0,323,313,50112,7,0,0,7,11
2020-08-13,US,Illinois,LaSalle,878,28,0,41.34426129999999,-88.88633881,17099.0,807.9581113288979,3.1890660592255125,850,825,25,0,800,801,109430,53,3,0,50,24
2020-08-13,US,Illinois,Lake,13047,450,0,42.3224907,-88.00367925,17097.0,1873.129132060844,3.449068751437112,12597,12939,449,0,12490,12852,700832,108,1,0,107,87
2020-08-13,US,Illinois,Lawrence,52,0,0,38.71987914,-87.72884035,17101.0,331.6749585406302,0.0,52,51,0,0,51,51,15765,1,0,0,1,0
2020-08-13,US,Illinois,Lee,186,1,0,41.74583951,-89.29977132,17103.0,545.5185358986391,0.5376344086021505,185,186,1,0,185,178,34223,0,0,0,0,8
2020-08-13,US,Illinois,Livingston,134,3,0,40.89188292,-88.55784752,17105.0,375.89766606822263,2.238805970149253,131,130,3,0,127,122,35761,4,0,0,4,8
2020-08-13,US,Illinois,Logan,179,1,0,40.12581572,-89.36638784,17107.0,625.4804668390524,0.5586592178770949,178,166,1,0,165,157,28925,13,0,0,13,9
2020-08-13,US,Illinois,Macon,702,23,0,39.86064913,-88.96342505,17115.0,674.9415915930352,3.276353276353277,679,678,23,0,655,650,104712,24,0,0,24,28
2020-08-13,US,Illinois,Macoupin,209,3,0,39.26119767,-89.92424028,17117.0,465.2094555491252,1.4354066985645932,206,200,3,0,197,182,45313,9,0,0,9,18
2020-08-13,US,Illinois,Madison,2855,79,0,38.83042506,-89.90422563,17119.0,1085.6916863777067,2.76707530647986,2776,2777,78,0,2699,2702,264461,78,1,0,77,75
2020-08-13,US,Illinois,Marion,168,0,0,38.64963204,-88.91899208,17121.0,451.552210724365,0.0,168,169,0,0,169,165,37620,-1,0,0,-1,4
2020-08-13,US,Illinois,Marshall,33,0,0,41.0327901,-89.34510444,17123.0,288.51197761846475,0.0,33,28,0,0,28,28,11534,5,0,0,5,0
2020-08-13,US,Illinois,Mason,58,0,0,40.23917274,-89.91824452,17125.0,434.1642338498391,0.0,58,57,0,0,57,56,13565,1,0,0,1,1
2020-08-13,US,Illinois,Massac,43,0,0,37.22078441,-88.71036614,17127.0,312.22770839384265,0.0,43,42,0,0,42,41,14080,1,0,0,1,1
2020-08-13,US,Illinois,McDonough,147,15,0,40.45674722,-90.67775541,17109.0,495.2496462502527,10.20408163265306,132,147,15,0,132,145,29955,0,0,0,0,2
2020-08-13,US,Illinois,McHenry,3308,114,0,42.32451172,-88.45248227,17111.0,1074.8146367139523,3.446191051995163,3194,3279,114,0,3165,3250,308570,29,0,0,29,29
2020-08-13,US,Illinois,McLean,703,15,0,40.48996987,-88.84621113,17113.0,409.87190774092363,2.1337126600284493,688,686,15,0,671,670,172828,17,0,0,17,16
2020-08-13,US,Illinois,Menard,58,0,0,40.02742725,-89.80246001,17129.0,475.5657592653329,0.0,58,58,0,0,58,57,12288,0,0,0,0,1
2020-08-13,US,Illinois,Mercer,77,4,0,41.20596782,-90.74290052,17131.0,498.8015806179957,5.194805194805196,73,77,4,0,73,76,15601,0,0,0,0,1
2020-08-13,US,Illinois,Monroe,334,13,0,38.27594376,-90.17761038,17133.0,964.28674538788,3.8922155688622753,321,332,13,0,319,323,34335,2,0,0,2,9
2020-08-13,US,Illinois,Montgomery,175,7,0,39.23198845,-89.47809254,17135.0,615.8935735904836,4.0,168,174,7,0,167,171,28601,1,0,0,1,3
2020-08-13,US,Illinois,Morgan,291,6,0,39.71654544,-90.20255104,17137.0,864.5790005347911,2.061855670103093,285,286,6,0,280,269,33976,5,0,0,5,17
2020-08-13,US,Illinois,Moultrie,100,0,0,39.64187451,-88.62099969,17139.0,689.6076132680505,0.0,100,93,0,0,93,75,14717,7,0,0,7,18
2020-08-13,US,Illinois,Ogle,421,5,0,42.04165196,-89.32184679,17141.0,831.3093616096993,1.187648456057007,416,420,5,0,415,416,50923,1,0,0,1,4
2020-08-13,US,Illinois,Out of IL,3,0,0,0.0,0.0,80017.0,0.0,0.0,3,,,,,1,,,,,,
2020-08-13,US,Illinois,Peoria,1758,37,0,40.78702156,-89.76078901,17143.0,981.1417632646684,2.1046643913538112,1721,1717,36,0,1681,1667,180621,41,1,0,40,50
2020-08-13,US,Illinois,Perry,193,3,0,38.08510853,-89.36856219,17145.0,922.738573340983,1.5544041450777202,190,185,3,0,182,184,21174,8,0,0,8,1
2020-08-13,US,Illinois,Piatt,65,0,0,40.01360584,-88.59319339,17147.0,397.69946157611366,0.0,65,64,0,0,64,63,16396,1,0,0,1,1
2020-08-13,US,Illinois,Pike,30,0,0,39.62265059,-90.8877017,17149.0,192.789666473877,0.0,30,26,0,0,26,24,15611,4,0,0,4,2
2020-08-13,US,Illinois,Pope,11,0,0,37.41391284,-88.56152109,17151.0,263.3468996887718,0.0,11,11,0,0,11,11,4212,0,0,0,0,0
2020-08-13,US,Illinois,Pulaski,101,1,0,37.22631423,-89.13085001,17153.0,1893.1583880037488,0.99009900990099,100,97,1,0,96,94,5463,4,0,0,4,3
2020-08-13,US,Illinois,Putnam,13,0,0,41.2013541,-89.2869272,17155.0,226.5202997037812,0.0,13,14,0,0,14,14,5740,-1,0,0,-1,0
2020-08-13,US,Illinois,Randolph,495,7,0,38.05095369,-89.82512254,17157.0,1557.485369076836,1.414141414141414,488,486,7,0,479,474,32106,9,0,0,9,12
2020-08-13,US,Illinois,Richland,24,0,0,38.71240969,-88.08475366,17159.0,154.70895378070006,0.0,24,22,0,0,22,20,15763,2,0,0,2,2
2020-08-13,US,Illinois,Rock Island,1796,38,0,41.46613806,-90.57042164,17161.0,1265.86739404704,2.115812917594655,1758,1784,38,0,1746,1764,143477,12,0,0,12,20
2020-08-13,US,Illinois,Saline,134,2,0,37.75332999,-88.54119706,17165.0,570.4312289813121,1.492537313432836,132,134,2,0,132,134,23906,0,0,0,0,0
2020-08-13,US,Illinois,Sangamon,1345,33,0,39.75836914,-89.65872023,17167.0,690.9057286101753,2.4535315985130106,1312,1323,33,0,1290,1297,195348,22,0,0,22,26
2020-08-13,US,Illinois,Schuyler,19,0,0,40.157179799999994,-90.61114163,17169.0,280.73286052009456,0.0,19,19,0,0,19,18,6907,0,0,0,0,1
2020-08-13,US,Illinois,Scott,28,0,0,39.642916899999996,-90.47814431,17171.0,565.5423146839023,0.0,28,27,0,0,27,21,4926,1,0,0,1,6
2020-08-13,US,Illinois,Shelby,92,2,0,39.39133527,-88.80611122,17173.0,425.256540630489,2.1739130434782608,90,90,1,0,89,86,21741,2,1,0,1,4
2020-08-13,US,Illinois,St. Clair,4215,162,0,38.46996033,-89.93063427,17163.0,1623.1140685289154,3.8434163701067616,4053,4155,162,0,3993,4107,261059,60,0,0,60,48
2020-08-13,US,Illinois,Stark,7,0,0,41.09309773,-89.79745866,17175.0,131.03706476974915,0.0,7,7,0,0,7,7,5427,0,0,0,0,0
2020-08-13,US,Illinois,Stephenson,336,6,0,42.35129217,-89.662598,17177.0,755.0901164097263,1.7857142857142858,330,335,6,0,329,334,44753,1,0,0,1,1
2020-08-13,US,Illinois,Tazewell,612,9,0,40.50716185,-89.51404662,17179.0,464.3293399998482,1.4705882352941178,603,581,8,0,573,610,132328,31,1,0,30,-29
2020-08-13,US,Illinois,Unassigned,1382,209,0,0.0,0.0,90017.0,0.0,15.12301013024602,1173,1395,209,0,1186,1347,,-13,0,0,-13,48
2020-08-13,US,Illinois,Union,337,23,0,37.47119609,-89.25548938,17181.0,2023.659400708581,6.824925816023739,314,330,23,0,307,327,16841,7,0,0,7,3
2020-08-13,US,Illinois,Vermilion,257,2,0,40.18417171,-87.73384359,17183.0,339.23810026663847,0.7782101167315175,255,249,2,0,247,234,76806,8,0,0,8,15
2020-08-13,US,Illinois,Wabash,44,0,0,38.44272901,-87.84922065,17185.0,381.9444444444445,0.0,44,42,0,0,42,40,11549,2,0,0,2,2
2020-08-13,US,Illinois,Warren,196,0,0,40.84925021,-90.6147432,17187.0,1163.6190928520539,0.0,196,194,0,0,194,191,17032,2,0,0,2,3
2020-08-13,US,Illinois,Washington,69,1,0,38.35309213,-89.40982703,17189.0,496.8675739900626,1.4492753623188406,68,67,0,0,67,67,13995,2,1,0,1,0
2020-08-13,US,Illinois,Wayne,67,2,0,38.42955355,-88.42586459,17191.0,413.19765649090346,2.985074626865672,65,66,2,0,64,66,16332,1,0,0,1,0
2020-08-13,US,Illinois,White,75,0,0,38.08706198,-88.17657461,17193.0,554.0370835487922,0.0,75,72,0,0,72,71,13665,3,0,0,3,1
2020-08-13,US,Illinois,Whiteside,368,17,0,41.75509713,-89.91556058,17195.0,666.9687358405075,4.619565217391305,351,367,17,0,350,366,55626,1,0,0,1,1
2020-08-13,US,Illinois,Will,9576,347,0,41.44619267,-87.97862712,17197.0,1386.3332672209494,3.623642439431913,9229,9486,346,0,9140,9413,692310,90,1,0,89,73
2020-08-13,US,Illinois,Williamson,477,7,0,37.73033511,-88.92994027,17199.0,716.248479661246,1.4675052410901468,470,454,7,0,447,434,67056,23,0,0,23,20
2020-08-13,US,Illinois,Winnebago,3814,134,0,42.33641854,-89.16085327,17201.0,1349.7444898999192,3.5133717881489246,3680,3806,131,0,3675,3797,284081,8,3,0,5,9
2020-08-13,US,Illinois,Woodford,172,3,0,40.78579374,-89.20973757,17203.0,447.2295171481318,1.7441860465116281,169,170,3,0,167,158,38463,2,0,0,2,12
2020-08-13,US,Indiana,Adams,120,2,0,40.7457653,-84.93671406,18001.0,335.4110182519496,1.6666666666666667,118,117,2,0,115,109,35636,3,0,0,3,8
2020-08-13,US,Indiana,Allen,4103,164,0,41.09194313,-85.06800636,18003.0,1081.732353631304,3.997075310748233,3939,4040,163,0,3877,4002,375351,63,1,0,62,38
2020-08-13,US,Indiana,Bartholomew,844,47,0,39.20744865,-85.89558181,18005.0,1007.4123587056422,5.568720379146919,797,821,47,0,774,817,82753,23,0,0,23,4
2020-08-13,US,Indiana,Benton,63,0,0,40.60626947,-87.31093999,18007.0,720.1646090534979,0.0,63,64,0,0,64,64,8653,-1,0,0,-1,0
2020-08-13,US,Indiana,Blackford,66,2,0,40.47388153,-85.32499702,18009.0,561.3199523728525,3.0303030303030303,64,66,2,0,64,65,11930,0,0,0,0,1
2020-08-13,US,Indiana,Boone,704,46,0,40.0509304,-86.46841646,18011.0,1037.689960644429,6.534090909090909,658,697,46,0,651,687,66999,7,0,0,7,10
2020-08-13,US,Indiana,Brown,75,2,0,39.19605589,-86.22868909,18013.0,496.95202756427256,2.6666666666666665,73,75,2,0,73,74,15234,0,0,0,0,1
2020-08-13,US,Indiana,Carroll,203,3,0,40.580783200000006,-86.56198812,18015.0,1002.1227230093301,1.477832512315271,200,200,3,0,197,196,20127,3,0,0,3,4
2020-08-13,US,Indiana,Cass,1809,9,0,40.76135835,-86.34830753,18017.0,4799.80896282735,0.4975124378109453,1800,1806,9,0,1797,1802,37955,3,0,0,3,4
2020-08-13,US,Indiana,Clark,1333,50,0,38.48015445,-85.70510334,18019.0,1126.7772311541648,3.750937734433609,1283,1307,50,0,1257,1287,117360,26,0,0,26,20
2020-08-13,US,Indiana,Clay,141,5,0,39.39561833,-87.11723506,18021.0,537.6549094375597,3.5460992907801416,136,131,5,0,126,124,26170,10,0,0,10,7
2020-08-13,US,Indiana,Clinton,456,4,0,40.30319754,-86.47277257,18023.0,1407.450847248372,0.8771929824561403,452,450,4,0,446,444,32250,6,0,0,6,6
2020-08-13,US,Indiana,Crawford,48,0,0,38.28814402,-86.44518825,18025.0,453.8148813463175,0.0,48,45,0,0,45,45,10558,3,0,0,3,0
2020-08-13,US,Indiana,Daviess,284,20,0,38.70186039,-87.07185406,18027.0,851.5486792000238,7.042253521126762,264,279,20,0,259,277,33147,5,0,0,5,2
2020-08-13,US,Indiana,DeKalb,242,4,0,41.39804622,-84.99906934,18033.0,556.6417481311098,1.6528925619834711,238,238,4,0,234,238,43226,4,0,0,4,0
2020-08-13,US,Indiana,Dearborn,522,28,0,39.14647946,-84.97333539,18029.0,1055.440980225646,5.363984674329502,494,516,28,0,488,512,49568,6,0,0,6,4
2020-08-13,US,Indiana,Decatur,347,32,0,39.30712658,-85.50087166,18031.0,1306.5250950713505,9.221902017291066,315,342,32,0,310,341,26794,5,0,0,5,1
2020-08-13,US,Indiana,Delaware,768,52,0,40.22787247,-85.39732772,18035.0,672.8873702194769,6.770833333333332,716,760,52,0,708,745,114772,8,0,0,8,15
2020-08-13,US,Indiana,Dubois,718,12,0,38.36597551,-86.87924170000002,18037.0,1680.0823661549982,1.6713091922005572,706,713,12,0,701,708,42565,5,0,0,5,5
2020-08-13,US,Indiana,Elkhart,4992,87,0,41.59761169,-85.85875695,18039.0,2419.296213549416,1.7427884615384617,4905,4955,86,0,4869,4926,205560,37,1,0,36,29
2020-08-13,US,Indiana,Fayette,205,7,0,39.63684962,-85.17797541,18041.0,887.3690589559344,3.414634146341464,198,195,7,0,188,194,23047,10,0,0,10,1
2020-08-13,US,Indiana,Floyd,837,50,0,38.32117957,-85.90385377,18043.0,1065.9433025139454,5.973715651135006,787,822,49,0,773,809,77781,15,1,0,14,13
2020-08-13,US,Indiana,Fountain,76,2,0,40.12361933,-87.24217689,18045.0,464.9455524287287,2.631578947368421,74,76,2,0,74,74,16351,0,0,0,0,2
2020-08-13,US,Indiana,Franklin,249,15,0,39.4142482,-85.06062647,18047.0,1094.1207487476931,6.024096385542169,234,247,15,0,232,246,22736,2,0,0,2,1
2020-08-13,US,Indiana,Fulton,174,2,0,41.0469907,-86.26252745,18049.0,871.132472213878,1.1494252873563218,172,173,2,0,171,172,20092,1,0,0,1,1
2020-08-13,US,Indiana,Gibson,243,4,0,38.30393723,-87.58054938,18051.0,721.9465818948869,1.6460905349794241,239,233,4,0,229,231,33452,10,0,0,10,2
2020-08-13,US,Indiana,Grant,532,30,0,40.51587228,-85.65468702,18053.0,808.8917271054753,5.639097744360902,502,531,30,0,501,529,65936,1,0,0,1,2
2020-08-13,US,Indiana,Greene,256,34,0,39.03630547,-86.96223202,18055.0,801.9547647390515,13.28125,222,254,34,0,220,254,32006,2,0,0,2,0
2020-08-13,US,Indiana,Hamilton,2941,104,0,40.07306535,-86.05244729,18057.0,870.0900266559372,3.536212172730364,2837,2887,104,0,2783,2829,330086,54,0,0,54,58
2020-08-13,US,Indiana,Hancock,694,39,0,39.82304555,-85.77566351,18059.0,887.8313376317674,5.619596541786745,655,688,39,0,649,683,76351,6,0,0,6,5
2020-08-13,US,Indiana,Harrison,355,24,0,38.19467379,-86.10948271,18061.0,876.2186844378625,6.76056338028169,331,352,24,0,328,348,40350,3,0,0,3,4
2020-08-13,US,Indiana,Hendricks,1972,109,0,39.76719009,-86.51037283,18063.0,1157.8817574907084,5.527383367139961,1863,1943,108,0,1835,1927,167009,29,1,0,28,16
2020-08-13,US,Indiana,Henry,460,20,0,39.93029017,-85.39625719,18065.0,958.8926874009841,4.3478260869565215,440,418,20,0,398,406,48271,42,0,0,42,12
2020-08-13,US,Indiana,Howard,938,65,0,40.48527731,-86.11351892,18067.0,1136.3636363636365,6.929637526652452,873,920,65,0,855,913,82366,18,0,0,18,7
2020-08-13,US,Indiana,Huntington,130,3,0,40.82907273,-85.48822092,18069.0,355.9693318729463,2.3076923076923075,127,127,3,0,124,124,36240,3,0,0,3,3
2020-08-13,US,Indiana,Jackson,606,5,0,38.90915820000001,-86.03851889,18071.0,1370.0798082792612,0.8250825082508251,601,597,5,0,592,596,44111,9,0,0,9,1
2020-08-13,US,Indiana,Jasper,259,2,0,41.02078733,-87.11553319,18073.0,771.7060961802038,0.7722007722007722,257,257,2,0,255,255,33370,2,0,0,2,2
2020-08-13,US,Indiana,Jay,94,0,0,40.43781032,-85.00576229,18075.0,459.9725973771775,0.0,94,92,0,0,92,92,20764,2,0,0,2,0
2020-08-13,US,Indiana,Jefferson,172,2,0,38.78576239,-85.43633383,18077.0,532.3758821344559,1.162790697674419,170,166,2,0,164,167,32208,6,0,0,6,-1
2020-08-13,US,Indiana,Jennings,232,12,0,38.99588883,-85.62710784,18079.0,836.4881918153958,5.172413793103448,220,228,12,0,216,227,27611,4,0,0,4,1
2020-08-13,US,Indiana,Johnson,1800,119,0,39.48994426,-86.10149107,18081.0,1138.037643756283,6.611111111111112,1681,1794,119,0,1675,1789,156225,6,0,0,6,5
2020-08-13,US,Indiana,Knox,168,1,0,38.68861576,-87.4194665,18083.0,459.0916543695688,0.5952380952380952,167,164,0,0,164,161,36895,4,1,0,3,3
2020-08-13,US,Indiana,Kosciusko,872,12,0,41.24521668,-85.86312322,18085.0,1097.4627466774064,1.3761467889908257,860,872,12,0,860,868,79344,0,0,0,0,4
2020-08-13,US,Indiana,LaGrange,569,10,0,41.64232188,-85.42674232,18087.0,1436.3608825162821,1.7574692442882252,559,566,10,0,556,563,39330,3,0,0,3,3
2020-08-13,US,Indiana,LaPorte,957,30,0,41.54366008,-86.74072188,18091.0,870.8867210250438,3.134796238244514,927,935,30,0,905,931,110007,22,0,0,22,4
2020-08-13,US,Indiana,Lake,7840,283,0,41.41874274,-87.38277575,18089.0,1614.8533552492004,3.60969387755102,7557,7742,281,0,7461,7688,484411,98,2,0,96,54
2020-08-13,US,Indiana,Lawrence,358,27,0,38.84112637,-86.48361629,18093.0,789.0676658584968,7.5418994413407825,331,357,27,0,330,352,45668,1,0,0,1,5
2020-08-13,US,Indiana,Madison,1048,66,0,40.16143691,-85.71964711,18095.0,808.8354467503801,6.297709923664121,982,1030,66,0,964,1006,129641,18,0,0,18,24
2020-08-13,US,Indiana,Marion,16304,733,0,39.78163624,-86.13826325,18097.0,1690.2658353566626,4.495829244357213,15571,16194,731,0,15463,16088,954670,110,2,0,108,106
2020-08-13,US,Indiana,Marshall,801,23,0,41.32467367,-86.26185087,18099.0,1731.5923732111205,2.8714107365792763,778,794,23,0,771,793,46248,7,0,0,7,1
2020-08-13,US,Indiana,Martin,50,0,0,38.7099921,-86.80373186,18101.0,487.56704046806436,0.0,50,50,0,0,50,48,10217,0,0,0,0,2
2020-08-13,US,Indiana,Miami,279,2,0,40.76940965,-86.04525048,18103.0,785.5614370987723,0.7168458781362007,277,277,2,0,275,277,35567,2,0,0,2,0
2020-08-13,US,Indiana,Monroe,777,32,0,39.16130004,-86.52414358,18105.0,523.4755542979566,4.118404118404119,745,767,32,0,735,766,146917,10,0,0,10,1
2020-08-13,US,Indiana,Montgomery,363,21,0,40.04034823,-86.89335024,18107.0,946.8412541081957,5.785123966942148,342,360,21,0,339,359,38346,3,0,0,3,1
2020-08-13,US,Indiana,Morgan,492,35,0,39.47899078,-86.44573375,18109.0,697.9812453006853,7.113821138211383,457,489,34,0,455,493,70116,3,1,0,2,-4
2020-08-13,US,Indiana,Newton,121,10,0,40.95610449,-87.39635768,18111.0,865.2745995423338,8.264462809917353,111,121,10,0,111,120,14011,0,0,0,0,1
2020-08-13,US,Indiana,Noble,708,29,0,41.39672484,-85.41966713,18113.0,1482.9088471849866,4.096045197740113,679,690,29,0,661,688,47532,18,0,0,18,2
2020-08-13,US,Indiana,Ohio,65,6,0,38.955304999999996,-84.96515993,18115.0,1106.3829787234042,9.23076923076923,59,65,6,0,59,65,5844,0,0,0,0,0
2020-08-13,US,Indiana,Orange,179,24,0,38.54118920000001,-86.49523093,18117.0,911.1269469612134,13.40782122905028,155,178,24,0,154,174,19489,1,0,0,1,4
2020-08-13,US,Indiana,Owen,110,1,0,39.31145587,-86.83900724,18119.0,528.8715803644405,0.9090909090909092,109,105,1,0,104,99,20845,5,0,0,5,6
2020-08-13,US,Indiana,Parke,59,1,0,39.77202286,-87.20375833,18121.0,348.34976678278326,1.6949152542372878,58,55,1,0,54,51,16927,4,0,0,4,4
2020-08-13,US,Indiana,Perry,188,13,0,38.07809328,-86.63741946,18123.0,980.7501695445771,6.914893617021277,175,187,13,0,174,187,19102,1,0,0,1,0
2020-08-13,US,Indiana,Pike,66,0,0,38.40112197,-87.23574907,18125.0,532.7306481556219,0.0,66,62,0,0,62,59,12410,4,0,0,4,3
2020-08-13,US,Indiana,Porter,1391,39,0,41.45986947,-87.06848888,18127.0,816.3672537546437,2.803738317757009,1352,1362,39,0,1323,1355,169594,29,0,0,29,7
2020-08-13,US,Indiana,Posey,181,0,0,38.02097333,-87.86480429,18129.0,711.8417430290638,0.0,181,180,0,0,180,179,25540,1,0,0,1,1
2020-08-13,US,Indiana,Pulaski,84,1,0,41.04166107,-86.69890683,18131.0,679.9967619201814,1.1904761904761905,83,82,1,0,81,81,12469,2,0,0,2,1
2020-08-13,US,Indiana,Putnam,328,8,0,39.66437981,-86.84517605,18133.0,872.8975942090698,2.4390243902439024,320,321,8,0,313,312,37779,7,0,0,7,9
2020-08-13,US,Indiana,Randolph,132,5,0,40.15734772,-85.01139319,18135.0,535.1712953577943,3.787878787878788,127,127,4,0,123,124,24851,5,1,0,4,3
2020-08-13,US,Indiana,Ripley,220,8,0,39.10235626,-85.26212744,18137.0,776.7264510662338,3.636363636363636,212,213,8,0,205,213,28523,7,0,0,7,0
2020-08-13,US,Indiana,Rush,91,4,0,39.62002287,-85.4655599,18139.0,548.8209396296967,4.395604395604397,87,89,4,0,85,85,16663,2,0,0,2,4
2020-08-13,US,Indiana,Scott,278,10,0,38.68672078,-85.74627859,18143.0,1164.4954551166588,3.5971223021582728,268,273,10,0,263,272,23878,5,0,0,5,1
2020-08-13,US,Indiana,Shelby,572,28,0,39.52305623,-85.79158570000001,18145.0,1278.8124035860405,4.895104895104895,544,568,28,0,540,565,44593,4,0,0,4,3
2020-08-13,US,Indiana,Spencer,139,3,0,38.01519732,-87.0079644,18147.0,685.505745425852,2.1582733812949644,136,139,3,0,136,137,20327,0,0,0,0,2
2020-08-13,US,Indiana,St. Joseph,3681,83,0,41.61756781,-86.29040834,18141.0,1354.1750973048936,2.254822059223037,3598,3610,83,0,3527,3578,270771,71,0,0,71,32
2020-08-13,US,Indiana,Starke,181,7,0,41.27890281,-86.64686895,18149.0,787.1276364427049,3.867403314917127,174,180,7,0,173,178,22935,1,0,0,1,2
2020-08-13,US,Indiana,Steuben,217,3,0,41.64423868,-85.00101094,18151.0,627.2764063132337,1.3824884792626728,214,215,3,0,212,213,34586,2,0,0,2,2
2020-08-13,US,Indiana,Sullivan,152,1,0,39.08952258,-87.41414469,18153.0,735.4008418404374,0.6578947368421053,151,141,1,0,140,138,20690,11,0,0,11,3
2020-08-13,US,Indiana,Switzerland,56,0,0,38.82767338,-85.03022429,18155.0,520.8817784392148,0.0,56,53,0,0,53,53,10717,3,0,0,3,0
2020-08-13,US,Indiana,Tippecanoe,1263,12,0,40.38872739,-86.89413959,18157.0,645.2700631475691,0.9501187648456056,1251,1245,11,0,1234,1238,193048,18,1,0,17,7
2020-08-13,US,Indiana,Tipton,154,16,0,40.31123252,-86.05234925,18159.0,1016.6358595194084,10.389610389610391,138,149,12,0,137,143,15128,5,4,0,1,6
2020-08-13,US,Indiana,Unassigned,0,207,0,0.0,0.0,90018.0,0.0,0.0,-207,0,208,0,-208,0,,0,-1,0,1,0
2020-08-13,US,Indiana,Union,41,0,0,39.62550777,-84.92497066,18161.0,581.2305075134675,0.0,41,41,0,0,41,41,7037,0,0,0,0,0
2020-08-13,US,Indiana,Vanderburgh,2082,15,0,38.02658833,-87.58763124,18163.0,1147.417209053684,0.7204610951008645,2067,2053,13,0,2040,2022,180974,29,2,0,27,31
2020-08-13,US,Indiana,Vermillion,61,0,0,39.8523352,-87.46160542,18165.0,393.5991740869789,0.0,61,59,0,0,59,58,15479,2,0,0,2,1
2020-08-13,US,Indiana,Vigo,752,13,0,39.42944561,-87.39169027,18167.0,702.5542330761039,1.7287234042553192,739,714,11,0,703,699,107386,38,2,0,36,15
2020-08-13,US,Indiana,Wabash,179,5,0,40.84704239,-85.79328272,18169.0,577.493870176797,2.793296089385475,174,171,5,0,166,170,31280,8,0,0,8,1
2020-08-13,US,Indiana,Warren,25,1,0,40.34728141,-87.35602659,18171.0,302.48033877797945,4.0,24,24,1,0,23,24,8263,1,0,0,1,0
2020-08-13,US,Indiana,Warrick,600,30,0,38.08922676,-87.2716085,18173.0,952.4111876567508,5.0,570,588,30,0,558,588,62567,12,0,0,12,0
2020-08-13,US,Indiana,Washington,148,1,0,38.60219804,-86.1049363,18175.0,527.8927093736625,0.6756756756756757,147,144,1,0,143,142,27943,4,0,0,4,2
2020-08-13,US,Indiana,Wayne,402,10,0,39.863344399999995,-85.01044989,18177.0,610.1633173456378,2.487562189054726,392,388,10,0,378,385,65936,14,0,0,14,3
2020-08-13,US,Indiana,Wells,178,2,0,40.72934187,-85.22132966,18179.0,629.0641786824992,1.1235955056179776,176,178,2,0,176,174,28206,0,0,0,0,4
2020-08-13,US,Indiana,White,380,11,0,40.74911165,-86.86492015,18181.0,1576.6326445938096,2.8947368421052637,369,377,11,0,366,376,24133,3,0,0,3,1
2020-08-13,US,Indiana,Whitley,160,6,0,41.13863784,-85.50791236,18183.0,471.08703332940763,3.75,154,156,6,0,150,155,34074,4,0,0,4,1
2020-08-13,US,Iowa,Adair,38,0,0,41.33075609,-94.47105874,19001.0,531.3199105145413,0.0,38,34,0,0,34,30,7063,4,0,0,4,4
2020-08-13,US,Iowa,Adams,17,0,0,41.02903567,-94.69932645,19003.0,471.9600222098833,0.0,17,17,0,0,17,16,3645,0,0,0,0,1
2020-08-13,US,Iowa,Allamakee,158,4,0,43.28383218,-91.37860922,19005.0,1154.380068678308,2.5316455696202533,154,158,4,0,154,156,13832,0,0,0,0,2
2020-08-13,US,Iowa,Appanoose,52,3,0,40.74324454,-92.86865906,19007.0,418.4773861258651,5.769230769230768,49,52,3,0,49,51,12437,0,0,0,0,1
2020-08-13,US,Iowa,Audubon,29,1,0,41.6844628,-94.90581859,19009.0,527.6564774381368,3.4482758620689653,28,29,1,0,28,29,5506,0,0,0,0,0
2020-08-13,US,Iowa,Benton,162,1,0,42.08011739,-92.06463573,19011.0,631.7020861766426,0.6172839506172839,161,160,1,0,159,160,25642,2,0,0,2,0
2020-08-13,US,Iowa,Black Hawk,3200,66,0,42.4704581,-92.30524729,19013.0,2438.503977809614,2.0625,3134,3180,66,0,3114,3157,132408,20,0,0,20,23
2020-08-13,US,Iowa,Boone,272,3,0,42.03657094,-93.9313999,19015.0,1036.8224441564382,1.1029411764705883,269,266,3,0,263,262,26346,6,0,0,6,4
2020-08-13,US,Iowa,Bremer,233,7,0,42.77461496,-92.31795937,19017.0,929.6943579921794,3.004291845493562,226,231,7,0,224,230,24947,2,0,0,2,1
2020-08-13,US,Iowa,Buchanan,135,1,0,42.4709188,-91.83510825,19019.0,637.5442739079102,0.7407407407407407,134,130,1,0,129,129,21199,5,0,0,5,1
2020-08-13,US,Iowa,Buena Vista,1800,12,0,42.73545875,-95.15100162,19021.0,9174.311926605504,0.6666666666666666,1788,1797,12,0,1785,1794,19874,3,0,0,3,3
2020-08-13,US,Iowa,Butler,131,2,0,42.73172833,-92.79015971,19023.0,907.2650460558212,1.5267175572519085,129,127,2,0,125,125,14539,4,0,0,4,2
2020-08-13,US,Iowa,Calhoun,87,2,0,42.38521079,-94.64046046,19025.0,899.8758791890773,2.2988505747126435,85,86,2,0,84,86,9699,1,0,0,1,0
2020-08-13,US,Iowa,Carroll,201,2,0,42.03617207,-94.86032705,19027.0,996.7765931068684,0.9950248756218906,199,196,2,0,194,194,20154,5,0,0,5,2
2020-08-13,US,Iowa,Cass,87,1,0,41.33149454,-94.92792482,19029.0,677.7812402617637,1.1494252873563218,86,82,1,0,81,79,12930,5,0,0,5,3
2020-08-13,US,Iowa,Cedar,135,1,0,41.77233777,-91.13246684,19031.0,724.7543887904654,0.7407407407407407,134,135,1,0,134,134,18627,0,0,0,0,1
2020-08-13,US,Iowa,Cerro Gordo,656,17,0,43.08177563,-93.2612239,19033.0,1545.3474676089518,2.591463414634146,639,644,17,0,627,634,42647,12,0,0,12,10
2020-08-13,US,Iowa,Cherokee,110,1,0,42.73538914,-95.62389402,19035.0,979.0832220738763,0.9090909090909092,109,110,1,0,109,110,11321,0,0,0,0,0
2020-08-13,US,Iowa,Chickasaw,60,0,0,43.06001295,-92.31773347,19037.0,502.80734098717835,0.0,60,56,0,0,56,55,11964,4,0,0,4,1
2020-08-13,US,Iowa,Clarke,206,3,0,41.02868181,-93.78499767,19039.0,2192.655667908462,1.4563106796116505,203,206,3,0,203,204,9423,0,0,0,0,2
2020-08-13,US,Iowa,Clay,202,1,0,43.08247182,-95.15096481,19041.0,1261.2387612387613,0.4950495049504951,201,203,1,0,202,201,16134,-1,0,0,-1,2
2020-08-13,US,Iowa,Clayton,109,3,0,42.84443388,-91.34133693,19043.0,621.1180124223603,2.7522935779816518,106,108,3,0,105,106,17556,1,0,0,1,2
2020-08-13,US,Iowa,Clinton,434,4,0,41.89981633,-90.53275096,19045.0,934.7606022098256,0.9216589861751152,430,421,4,0,417,416,46518,13,0,0,13,5
2020-08-13,US,Iowa,Crawford,739,3,0,42.03718237,-95.3819718,19047.0,4393.579072532699,0.4059539918809202,736,736,3,0,733,731,17158,3,0,0,3,5
2020-08-13,US,Iowa,Dallas,1932,35,0,41.68560356,-94.04127625,19049.0,2067.3493627812913,1.8115942028985508,1897,1913,35,0,1878,1898,90180,19,0,0,19,15
2020-08-13,US,Iowa,Davis,61,2,0,40.74773536,-92.41005468,19051.0,677.7777777777778,3.278688524590164,59,61,2,0,59,61,9017,0,0,0,0,0
2020-08-13,US,Iowa,Decatur,27,0,0,40.73742757,-93.78645949,19053.0,343.07496823379915,0.0,27,26,0,0,26,25,7890,1,0,0,1,1
2020-08-13,US,Iowa,Delaware,123,1,0,42.47104597,-91.3664492,19055.0,723.0615484098524,0.8130081300813008,122,123,1,0,122,117,17069,0,0,0,0,6
2020-08-13,US,Iowa,Des Moines,199,2,0,40.92012606,-91.18326592,19057.0,510.6885313213745,1.0050251256281406,197,194,2,0,192,187,39138,5,0,0,5,7
2020-08-13,US,Iowa,Dickinson,384,4,0,43.37787725,-95.1510206,19059.0,2225.055046934755,1.0416666666666667,380,385,4,0,381,384,17153,-1,0,0,-1,1
2020-08-13,US,Iowa,Dubuque,1734,31,0,42.46815349,-90.88181925,19061.0,1781.91571353701,1.7877739331026528,1703,1722,31,0,1691,1698,96854,12,0,0,12,24
2020-08-13,US,Iowa,Emmet,193,4,0,43.37782951,-94.67858943,19063.0,2096.003475238923,2.0725388601036268,189,193,4,0,189,193,9253,0,0,0,0,0
2020-08-13,US,Iowa,Fayette,90,0,0,42.86271799,-91.84412309999999,19065.0,458.01526717557266,0.0,90,86,0,0,86,85,19660,4,0,0,4,1
2020-08-13,US,Iowa,Floyd,167,3,0,43.06000529999999,-92.78940097,19067.0,1067.6384094105613,1.7964071856287425,164,163,3,0,160,158,15761,4,0,0,4,5
2020-08-13,US,Iowa,Franklin,255,12,0,42.73270384,-93.26256925,19069.0,2532.27408142999,4.705882352941177,243,248,12,0,236,245,10124,7,0,0,7,3
2020-08-13,US,Iowa,Fremont,45,0,0,40.74542720000001,-95.60129045,19071.0,646.5517241379309,0.0,45,44,0,0,44,43,6993,1,0,0,1,1
2020-08-13,US,Iowa,Greene,42,0,0,42.03614551,-94.39658081,19073.0,472.54725472547256,0.0,42,42,0,0,42,43,8981,0,0,0,0,-1
2020-08-13,US,Iowa,Grundy,83,1,0,42.40183723,-92.78829551,19075.0,678.5480706344016,1.2048192771084338,82,82,1,0,81,80,12304,1,0,0,1,2
2020-08-13,US,Iowa,Guthrie,138,5,0,41.68378965,-94.50111014,19077.0,1291.0468706146505,3.6231884057971016,133,137,5,0,132,135,10720,1,0,0,1,2
2020-08-13,US,Iowa,Hamilton,255,1,0,42.38382428,-93.70197703,19079.0,1726.1219792865365,0.392156862745098,254,252,1,0,251,251,14952,3,0,0,3,1
2020-08-13,US,Iowa,Hancock,124,2,0,43.08178477,-93.73454884,19081.0,1166.5098777046096,1.6129032258064515,122,123,2,0,121,121,10712,1,0,0,1,2
2020-08-13,US,Iowa,Hardin,186,0,0,42.38353877,-93.23654611,19083.0,1104.1196723257747,0.0,186,185,0,0,185,184,16868,1,0,0,1,1
2020-08-13,US,Iowa,Harrison,113,1,0,41.68330137,-95.81558439,19085.0,804.3277101573068,0.8849557522123894,112,110,1,0,109,110,14134,3,0,0,3,0
2020-08-13,US,Iowa,Henry,140,4,0,40.98767962,-91.54436349,19087.0,701.6137115365341,2.8571428571428568,136,136,4,0,132,127,20067,4,0,0,4,9
2020-08-13,US,Iowa,Howard,51,0,0,43.35671042,-92.31702714,19089.0,556.8901506879231,0.0,51,50,0,0,50,50,9187,1,0,0,1,0
2020-08-13,US,Iowa,Humboldt,124,1,0,42.7764426,-94.20722537,19091.0,1297.3425402803935,0.8064516129032258,123,122,1,0,121,118,9547,2,0,0,2,4
2020-08-13,US,Iowa,Ida,33,0,0,42.38696136,-95.51355387,19093.0,481.04956268221565,0.0,33,32,0,0,32,31,6841,1,0,0,1,1
2020-08-13,US,Iowa,Iowa,98,1,0,41.68630265,-92.0643373,19095.0,605.5363321799307,1.020408163265306,97,97,1,0,96,97,16141,1,0,0,1,0
2020-08-13,US,Iowa,Jackson,160,1,0,42.17178824,-90.57354837,19097.0,823.0876073872113,0.625,159,158,1,0,157,156,19432,2,0,0,2,2
2020-08-13,US,Iowa,Jasper,484,27,0,41.68576082,-93.05567785,19099.0,1301.6001075702568,5.578512396694214,457,484,27,0,457,481,37147,0,0,0,0,3
2020-08-13,US,Iowa,Jefferson,87,0,0,41.03192394,-91.94849466,19101.0,475.5397649631047,0.0,87,87,0,0,87,87,18381,0,0,0,0,0
2020-08-13,US,Iowa,Johnson,2138,20,0,41.67169354,-91.58754744,19103.0,1414.582506285563,0.9354536950420954,2118,2123,20,0,2103,2118,151260,15,0,0,15,5
2020-08-13,US,Iowa,Jones,135,2,0,42.12118609,-91.13139641,19105.0,652.7730767371016,1.4814814814814814,133,134,2,0,132,133,20744,1,0,0,1,1
2020-08-13,US,Iowa,Keokuk,40,1,0,41.33649833,-92.1785067,19107.0,390.39625219597895,2.5,39,39,1,0,38,37,10225,1,0,0,1,2
2020-08-13,US,Iowa,Kossuth,97,0,0,43.20405458,-94.20691791,19109.0,654.830216701546,0.0,97,95,0,0,95,90,14908,2,0,0,2,5
2020-08-13,US,Iowa,Lee,129,4,0,40.64181461,-91.48183025,19111.0,383.2783670558873,3.1007751937984502,125,121,4,0,117,118,34055,8,0,0,8,3
2020-08-13,US,Iowa,Linn,2456,89,0,42.07923082,-91.59809485,19113.0,1083.3414201653245,3.623778501628665,2367,2445,88,0,2357,2428,225909,11,1,0,10,17
2020-08-13,US,Iowa,Louisa,378,14,0,41.21842119,-91.26102611,19115.0,3425.46443135478,3.703703703703704,364,378,14,0,364,378,11169,0,0,0,0,0
2020-08-13,US,Iowa,Lucas,73,4,0,41.02958964,-93.32780803,19117.0,848.8372093023256,5.479452054794519,69,73,4,0,69,73,8645,0,0,0,0,0
2020-08-13,US,Iowa,Lyon,123,2,0,43.38107862,-96.20926845,19119.0,1046.3632496809869,1.6260162601626016,121,119,2,0,117,115,11811,4,0,0,4,4
2020-08-13,US,Iowa,Madison,128,2,0,41.33081904,-94.01554631,19121.0,783.4496266372873,1.5625,126,127,2,0,125,125,16249,1,0,0,1,2
2020-08-13,US,Iowa,Mahaska,142,17,0,41.33521503,-92.64083907,19123.0,642.6793392170174,11.971830985915492,125,142,17,0,125,142,22000,0,0,0,0,0
2020-08-13,US,Iowa,Marion,183,0,0,41.33445101,-93.09934783,19125.0,550.3262863501037,0.0,183,177,0,0,177,175,33407,6,0,0,6,2
2020-08-13,US,Iowa,Marshall,1456,27,0,42.03586837,-92.99908190000001,19127.0,3698.3413345525673,1.8543956043956045,1429,1452,26,0,1426,1450,39981,4,1,0,3,2
2020-08-13,US,Iowa,Mills,94,1,0,41.03299766,-95.61920963,19129.0,622.1457409491031,1.0638297872340423,93,93,1,0,92,89,15063,1,0,0,1,4
2020-08-13,US,Iowa,Mitchell,80,0,0,43.35638371,-92.78887719,19131.0,755.7150954090307,0.0,80,80,0,0,80,79,10569,0,0,0,0,1
2020-08-13,US,Iowa,Monona,92,0,0,42.05220391,-95.95743843,19133.0,1067.9048171793384,0.0,92,91,0,0,91,91,8679,1,0,0,1,0
2020-08-13,US,Iowa,Monroe,75,8,0,41.02988815,-92.8690667,19135.0,973.1413001167772,10.666666666666666,67,74,8,0,66,74,7790,1,0,0,1,0
2020-08-13,US,Iowa,Montgomery,61,4,0,41.03018714,-95.15642896,19137.0,615.1053746092567,6.557377049180328,57,60,4,0,56,60,10003,1,0,0,1,0
2020-08-13,US,Iowa,Muscatine,860,48,0,41.48370744,-91.11216970000001,19139.0,2015.750984436527,5.5813953488372094,812,857,48,0,809,851,42929,3,0,0,3,6
2020-08-13,US,Iowa,O'Brien,143,5,0,43.08310673,-95.62474482,19141.0,1039.7731404057297,3.4965034965034967,138,143,5,0,138,141,13840,0,0,0,0,2
2020-08-13,US,Iowa,Osceola,85,0,0,43.37824276,-95.62422844,19143.0,1426.6532393420612,0.0,85,85,0,0,85,84,6040,0,0,0,0,1
2020-08-13,US,Iowa,Page,100,0,0,40.7393172,-95.1497813,19145.0,661.9447938041968,0.0,100,96,0,0,96,95,15249,4,0,0,4,1
2020-08-13,US,Iowa,Palo Alto,91,0,0,43.08193849,-94.67824621,19147.0,1024.0828269187489,0.0,91,90,0,0,90,88,8929,1,0,0,1,2
2020-08-13,US,Iowa,Plymouth,479,12,0,42.737633,-96.21366621,19149.0,1902.530086984152,2.5052192066805845,467,474,12,0,462,470,25095,5,0,0,5,4
2020-08-13,US,Iowa,Pocahontas,121,2,0,42.73420133,-94.67862564,19151.0,1828.070705544644,1.6528925619834711,119,118,2,0,116,117,6740,3,0,0,3,1
2020-08-13,US,Iowa,Polk,10612,210,0,41.68679484,-93.57767461,19153.0,2165.0029276095,1.9788918205804749,10402,10535,208,0,10327,10444,487204,77,2,0,75,91
2020-08-13,US,Iowa,Pottawattamie,1367,29,0,41.33640314,-95.53907776,19155.0,1466.6437782975345,2.1214337966349666,1338,1350,29,0,1321,1332,93533,17,0,0,17,18
2020-08-13,US,Iowa,Poweshiek,160,8,0,41.68625425,-92.53155731,19157.0,864.6779074794638,5.0,152,159,8,0,151,160,18699,1,0,0,1,-1
2020-08-13,US,Iowa,Ringgold,23,1,0,40.73518949,-94.24368535,19159.0,469.963220269718,4.3478260869565215,22,23,1,0,22,23,4968,0,0,0,0,0
2020-08-13,US,Iowa,Sac,86,0,0,42.38624071,-95.10547892,19161.0,884.6826458183315,0.0,86,86,0,0,86,86,9719,0,0,0,0,0
2020-08-13,US,Iowa,Scott,1768,15,0,41.63935978,-90.61959493,19163.0,1022.3021457937007,0.8484162895927602,1753,1758,14,0,1744,1743,173283,10,1,0,9,15
2020-08-13,US,Iowa,Shelby,188,1,0,41.6850066,-95.31015553,19165.0,1641.348000698446,0.5319148936170213,187,187,1,0,186,186,11578,1,0,0,1,1
2020-08-13,US,Iowa,Sioux,653,3,0,43.08221074,-96.17675679999999,19167.0,1873.475828432076,0.4594180704441042,650,650,3,0,647,643,34909,3,0,0,3,7
2020-08-13,US,Iowa,Story,1189,15,0,42.03621213,-93.46499005,19169.0,1224.2964671478733,1.2615643397813288,1174,1181,15,0,1166,1173,98105,8,0,0,8,8
2020-08-13,US,Iowa,Tama,557,29,0,42.07991767,-92.53266945,19171.0,3304.8534472528772,5.206463195691203,528,556,29,0,527,554,16904,1,0,0,1,2
2020-08-13,US,Iowa,Taylor,100,0,0,40.73710579,-94.69778563,19173.0,1633.7199803953602,0.0,100,100,0,0,100,100,6191,0,0,0,0,0
2020-08-13,US,Iowa,Unassigned,2,0,0,0.0,0.0,90019.0,0.0,0.0,2,7,0,0,7,1,,-5,0,0,-5,6
2020-08-13,US,Iowa,Union,81,1,0,41.0277278,-94.24234847,19175.0,661.7106445551834,1.2345679012345678,80,78,1,0,77,78,12359,3,0,0,3,0
2020-08-13,US,Iowa,Van Buren,38,1,0,40.75326764,-91.95017958,19177.0,539.4662123793299,2.631578947368421,37,36,1,0,35,36,7020,2,0,0,2,0
2020-08-13,US,Iowa,Wapello,934,35,0,41.03064984,-92.40954728,19179.0,2670.937115731076,3.747323340471092,899,927,33,0,894,905,35205,7,2,0,5,22
2020-08-13,US,Iowa,Warren,586,1,0,41.33559454,-93.56007641,19181.0,1138.6157851785645,0.17064846416382254,585,582,1,0,581,572,51056,4,0,0,4,10
2020-08-13,US,Iowa,Washington,305,10,0,41.33577126,-91.71725711,19183.0,1388.5727293421353,3.278688524590164,295,305,10,0,295,305,22141,0,0,0,0,0
2020-08-13,US,Iowa,Wayne,21,1,0,40.73969028,-93.32752197,19185.0,326.03632976245916,4.761904761904762,20,20,1,0,19,20,6401,1,0,0,1,0
2020-08-13,US,Iowa,Webster,849,8,0,42.42853483,-94.17987389,19187.0,2364.639037433155,0.9422850412249706,841,842,8,0,834,826,36277,7,0,0,7,16
2020-08-13,US,Iowa,Winnebago,92,0,0,43.37751174,-93.73407298,19189.0,888.5454896658298,0.0,92,89,0,0,89,86,10518,3,0,0,3,3
2020-08-13,US,Iowa,Winneshiek,102,1,0,43.29094334,-91.84422722,19191.0,510.2296033214946,0.9803921568627452,101,97,1,0,96,97,20029,5,0,0,5,0
2020-08-13,US,Iowa,Woodbury,3770,52,0,42.38979414,-96.0459439,19193.0,3656.395783021521,1.3793103448275863,3718,3754,52,0,3702,3734,102539,16,0,0,16,20
2020-08-13,US,Iowa,Worth,68,0,0,43.37750768,-93.26087602,19195.0,921.2843788104593,0.0,68,68,0,0,68,67,7453,0,0,0,0,1
2020-08-13,US,Iowa,Wright,482,1,0,42.73305373,-93.73515113,19197.0,3836.968635567585,0.2074688796680498,481,478,1,0,477,475,12690,4,0,0,4,3
2020-08-13,US,Kansas,Allen,20,0,0,37.88582951,-95.30030847,20001.0,161.69455897809038,0.0,20,20,0,0,20,20,12444,0,0,0,0,0
2020-08-13,US,Kansas,Anderson,31,0,0,38.21413251,-95.29272815,20003.0,394.50241791804535,0.0,31,31,0,0,31,31,7878,0,0,0,0,0
2020-08-13,US,Kansas,Atchison,82,0,0,39.53185661,-95.30870026,20005.0,510.17233870466,0.0,82,82,0,0,82,64,16193,0,0,0,0,18
2020-08-13,US,Kansas,Barber,4,0,0,37.2288586,-98.68460053,20007.0,90.35464196973119,0.0,4,4,0,0,4,4,4472,0,0,0,0,0
2020-08-13,US,Kansas,Barton,157,3,0,38.47889676,-98.75636726,20009.0,609.0228480546182,1.9108280254777068,154,157,3,0,154,148,26111,0,0,0,0,9
2020-08-13,US,Kansas,Bourbon,79,2,0,37.85508555,-94.84865997,20011.0,543.5530480253201,2.5316455696202533,77,79,2,0,77,79,14653,0,0,0,0,0
2020-08-13,US,Kansas,Brown,41,0,0,39.82652589,-95.56421698,20013.0,428.6909242994564,0.0,41,41,0,0,41,40,9598,0,0,0,0,1
2020-08-13,US,Kansas,Butler,290,1,0,37.78134351,-96.83878537,20015.0,433.41154668141263,0.3448275862068966,289,290,1,0,289,285,66765,0,0,0,0,5
2020-08-13,US,Kansas,Chase,48,0,0,38.30292938,-96.59563862,20017.0,1812.6888217522653,0.0,48,48,0,0,48,48,2629,0,0,0,0,0
2020-08-13,US,Kansas,Chautauqua,6,0,0,37.14994405,-96.2454192,20019.0,184.61538461538456,0.0,6,6,0,0,6,6,3309,0,0,0,0,0
2020-08-13,US,Kansas,Cherokee,152,1,0,37.16928494,-94.8462897,20021.0,762.325091529164,0.6578947368421053,151,132,1,0,131,129,20015,20,0,0,20,3
2020-08-13,US,Kansas,Cheyenne,4,0,0,39.78580976,-101.7318201,20023.0,150.54572826496047,0.0,4,4,0,0,4,3,2660,0,0,0,0,1
2020-08-13,US,Kansas,Clark,44,1,0,37.23577007,-99.81883015,20025.0,2206.6198595787364,2.272727272727273,43,44,1,0,43,44,2005,0,0,0,0,0
2020-08-13,US,Kansas,Clay,20,2,0,39.34948772,-97.16518128,20027.0,249.9375156210947,10.0,18,20,2,0,18,20,7997,0,0,0,0,0
2020-08-13,US,Kansas,Cloud,40,0,0,39.48028352,-97.64925343,20029.0,455.2697473252902,0.0,40,40,0,0,40,37,8729,0,0,0,0,3
2020-08-13,US,Kansas,Coffey,68,8,0,38.2365018,-95.73379515,20031.0,831.3974813546887,11.764705882352944,60,68,8,0,60,67,8233,0,0,0,0,1
2020-08-13,US,Kansas,Comanche,7,0,0,37.19114520000001,-99.27113247,20033.0,411.7647058823529,0.0,7,7,0,0,7,6,1748,0,0,0,0,1
2020-08-13,US,Kansas,Cowley,178,2,0,37.23781842,-96.83776647,20035.0,509.91176807608565,1.1235955056179776,176,178,2,0,176,174,35218,0,0,0,0,4
2020-08-13,US,Kansas,Crawford,389,1,0,37.50675523,-94.85245778,20037.0,1002.1124220722344,0.2570694087403599,388,389,1,0,388,385,39019,0,0,0,0,4
2020-08-13,US,Kansas,Decatur,5,0,0,39.78468441,-100.45940809999999,20039.0,176.86593562079943,0.0,5,5,0,0,5,5,2871,0,0,0,0,0
2020-08-13,US,Kansas,Dickinson,50,1,0,38.86600962,-97.15532383,20041.0,270.7678977580418,2.0,49,50,1,0,49,48,18717,0,0,0,0,2
2020-08-13,US,Kansas,Doniphan,48,0,0,39.79067154,-95.14056866,20043.0,631.578947368421,0.0,48,48,0,0,48,48,7682,0,0,0,0,0
2020-08-13,US,Kansas,Douglas,783,5,0,38.88503636,-95.2925121,20045.0,640.4436483203691,0.6385696040868455,778,765,5,0,760,750,121436,18,0,0,18,15
2020-08-13,US,Kansas,Edwards,10,0,0,37.88735543,-99.31263309,20047.0,357.39814152966414,0.0,10,10,0,0,10,10,2849,0,0,0,0,0
2020-08-13,US,Kansas,Elk,1,0,0,37.45338105,-96.24369667,20049.0,39.52569169960474,0.0,1,1,0,0,1,1,2508,0,0,0,0,0
2020-08-13,US,Kansas,Ellis,145,1,0,38.91458712,-99.31751551,20051.0,507.827548768956,0.6896551724137931,144,145,1,0,144,145,28710,0,0,0,0,0
2020-08-13,US,Kansas,Ellsworth,21,0,0,38.69677695,-98.20462799,20053.0,344.14945919370695,0.0,21,21,0,0,21,21,6196,0,0,0,0,0
2020-08-13,US,Kansas,Finney,1798,11,0,38.04340344,-100.73819379999999,20055.0,4930.485096114295,0.6117908787541713,1787,1796,11,0,1785,1795,36611,2,0,0,2,1
2020-08-13,US,Kansas,Ford,2093,10,0,37.69200114,-99.88825298,20057.0,6225.6462119634725,0.4777830864787386,2083,2093,10,0,2083,2088,33888,0,0,0,0,5
2020-08-13,US,Kansas,Franklin,210,1,0,38.56443815,-95.28644341,20059.0,822.1108675227057,0.4761904761904762,209,210,1,0,209,194,25631,0,0,0,0,16
2020-08-13,US,Kansas,Geary,157,2,0,38.99871131,-96.7577178,20061.0,495.7372908114936,1.2738853503184713,155,153,2,0,151,152,32594,4,0,0,4,1
2020-08-13,US,Kansas,Gove,6,0,0,38.91588178,-100.4829321,20063.0,227.6176024279211,0.0,6,6,0,0,6,6,2612,0,0,0,0,0
2020-08-13,US,Kansas,Graham,17,0,0,39.34987223,-99.88332493,20065.0,684.931506849315,0.0,17,17,0,0,17,17,2492,0,0,0,0,0
2020-08-13,US,Kansas,Grant,120,2,0,37.56227336,-101.3079758,20067.0,1678.3216783216785,1.6666666666666667,118,119,2,0,117,116,7336,1,0,0,1,3
2020-08-13,US,Kansas,Gray,87,0,0,37.73836671,-100.4369088,20069.0,1452.9058116232466,0.0,87,84,0,0,84,84,6033,3,0,0,3,0
2020-08-13,US,Kansas,Greeley,4,0,0,38.4808095,-101.8061079,20071.0,324.67532467532465,0.0,4,4,0,0,4,4,1227,0,0,0,0,0
2020-08-13,US,Kansas,Greenwood,23,0,0,37.8774388,-96.23250453,20073.0,384.4867937144768,0.0,23,23,0,0,23,23,6055,0,0,0,0,0
2020-08-13,US,Kansas,Hamilton,39,0,0,37.99978709,-101.7921066,20075.0,1536.0378101614808,0.0,39,39,0,0,39,38,2607,0,0,0,0,1
2020-08-13,US,Kansas,Harper,14,0,0,37.19175361,-98.07578384,20077.0,257.54231052244296,0.0,14,14,0,0,14,12,5506,0,0,0,0,2
2020-08-13,US,Kansas,Harvey,211,1,0,38.04293782,-97.42747573,20079.0,612.8554416335066,0.4739336492890995,210,211,1,0,210,204,34210,0,0,0,0,7
2020-08-13,US,Kansas,Haskell,44,0,0,37.562039399999996,-100.8710738,20081.0,1108.8709677419354,0.0,44,44,0,0,44,44,3997,0,0,0,0,0
2020-08-13,US,Kansas,Hodgeman,11,0,0,38.08780079,-99.89829881,20083.0,613.1549609810479,0.0,11,11,0,0,11,11,1818,0,0,0,0,0
2020-08-13,US,Kansas,Jackson,163,1,0,39.41673394,-95.79356799,20085.0,1237.567382886645,0.6134969325153374,162,155,1,0,154,155,13280,8,0,0,8,0
2020-08-13,US,Kansas,Jefferson,85,0,0,39.2347941,-95.38289232,20087.0,446.3582418736544,0.0,85,85,0,0,85,76,18975,0,0,0,0,9
2020-08-13,US,Kansas,Jewell,12,1,0,39.78470589,-98.21820662,20089.0,416.8113928447378,8.333333333333334,11,12,1,0,11,12,2841,0,0,0,0,0
2020-08-13,US,Kansas,Johnson,6127,106,0,38.88548175,-94.82250877,20091.0,1017.0965851650312,1.7300473314835971,6021,6009,106,0,5903,5869,597555,118,0,0,118,140
2020-08-13,US,Kansas,Kearny,63,1,0,38.00017981,-101.32168100000001,20093.0,1641.479937467431,1.5873015873015872,62,63,1,0,62,63,3943,0,0,0,0,0
2020-08-13,US,Kansas,Kingman,20,0,0,37.55909527,-98.13638678,20095.0,279.6420581655481,0.0,20,20,0,0,20,20,7310,0,0,0,0,0
2020-08-13,US,Kansas,Kiowa,8,0,0,37.55848695,-99.2856537,20097.0,323.2323232323232,0.0,8,8,0,0,8,8,2516,0,0,0,0,0
2020-08-13,US,Kansas,Labette,148,1,0,37.19113093,-95.29849679,20099.0,754.4092160260985,0.6756756756756757,147,149,1,0,148,138,19964,-1,0,0,-1,11
2020-08-13,US,Kansas,Lane,5,0,0,38.48119447,-100.46607540000001,20101.0,325.73289902280135,0.0,5,5,0,0,5,5,1560,0,0,0,0,0
2020-08-13,US,Kansas,Leavenworth,1503,9,0,39.20183497,-95.03620809,20103.0,1838.3522101812664,0.5988023952095808,1494,1503,9,0,1494,1483,81352,0,0,0,0,20
2020-08-13,US,Kansas,Lincoln,6,0,0,39.04549684,-98.20756994,20105.0,202.56583389601624,0.0,6,6,0,0,6,6,3023,0,0,0,0,0
2020-08-13,US,Kansas,Linn,43,0,0,38.21267844,-94.84254089,20107.0,443.1619086880346,0.0,43,43,0,0,43,40,9750,0,0,0,0,3
2020-08-13,US,Kansas,Logan,2,0,0,38.91735806,-101.148475,20109.0,71.58196134574086,0.0,2,2,0,0,2,2,2844,0,0,0,0,0
2020-08-13,US,Kansas,Lyon,731,14,0,38.45576156,-96.15275715,20111.0,2202.1388763367977,1.915184678522572,717,716,14,0,702,716,33406,15,0,0,15,0
2020-08-13,US,Kansas,Marion,48,1,0,38.35855394,-97.09852509999999,20115.0,403.9044092898014,2.083333333333333,47,48,1,0,47,48,11950,0,0,0,0,0
2020-08-13,US,Kansas,Marshall,15,0,0,39.78359669,-96.52278974,20117.0,154.52766045122078,0.0,15,15,0,0,15,10,9722,0,0,0,0,5
2020-08-13,US,Kansas,McPherson,151,1,0,38.39184858,-97.64769869,20113.0,529.0449162637517,0.6622516556291391,150,148,1,0,147,148,28537,3,0,0,3,0
2020-08-13,US,Kansas,Meade,52,0,0,37.23859987,-100.36483100000001,20119.0,1289.3627572526655,0.0,52,52,0,0,52,45,4146,0,0,0,0,7
2020-08-13,US,Kansas,Miami,150,0,0,38.56383358,-94.83832189,20121.0,438.1224990507346,0.0,150,150,0,0,150,134,33680,0,0,0,0,16
2020-08-13,US,Kansas,Mitchell,28,0,0,39.39331582,-98.20906732,20123.0,468.3057367452751,0.0,28,28,0,0,28,28,6150,0,0,0,0,0
2020-08-13,US,Kansas,Montgomery,177,5,0,37.19236568,-95.74329258,20125.0,556.0966414276288,2.824858757062147,172,170,5,0,165,170,32120,7,0,0,7,0
2020-08-13,US,Kansas,Morris,13,0,0,38.68827511,-96.65128437,20127.0,231.3167259786477,0.0,13,13,0,0,13,13,5521,0,0,0,0,0
2020-08-13,US,Kansas,Morton,9,2,0,37.19141121,-101.79925190000002,20129.0,347.89331271743333,22.222222222222218,7,9,2,0,7,9,2667,0,0,0,0,0
2020-08-13,US,Kansas,Nemaha,49,1,0,39.78345387,-96.01392079,20131.0,478.93656534063143,2.0408163265306123,48,49,1,0,48,49,10155,0,0,0,0,0
2020-08-13,US,Kansas,Neosho,66,0,0,37.55862897,-95.30670046,20133.0,412.3196101705504,0.0,66,65,0,0,65,65,15951,1,0,0,1,0
2020-08-13,US,Kansas,Ness,6,0,0,38.47974157,-99.91547333,20135.0,218.1818181818182,0.0,6,6,0,0,6,6,2840,0,0,0,0,0
2020-08-13,US,Kansas,Norton,23,0,0,39.78443827,-99.90286639,20137.0,429.0244357396009,0.0,23,23,0,0,23,23,5430,0,0,0,0,0
2020-08-13,US,Kansas,Osage,46,0,0,38.65235984,-95.72707998,20139.0,288.4193366355257,0.0,46,46,0,0,46,41,15941,0,0,0,0,5
2020-08-13,US,Kansas,Osborne,4,0,0,39.3503437,-98.76753828,20141.0,116.92487576731949,0.0,4,4,0,0,4,4,3475,0,0,0,0,0
2020-08-13,US,Kansas,Ottawa,35,0,0,39.13237408,-97.65020313,20143.0,613.6044880785414,0.0,35,35,0,0,35,35,5802,0,0,0,0,0
2020-08-13,US,Kansas,Pawnee,8,0,0,38.18108732,-99.23692334,20145.0,124.72715933894605,0.0,8,8,0,0,8,8,6562,0,0,0,0,0
2020-08-13,US,Kansas,Phillips,51,8,0,39.78465501,-99.34668865,20147.0,974.3981658387466,15.68627450980392,43,51,8,0,43,51,5317,0,0,0,0,0
2020-08-13,US,Kansas,Pottawatomie,109,0,0,39.37925655,-96.34564657,20149.0,447.0327687323135,0.0,109,109,0,0,109,108,24277,0,0,0,0,1
2020-08-13,US,Kansas,Pratt,35,0,0,37.64780729,-98.73922153,20151.0,381.9292885202968,0.0,35,35,0,0,35,35,9378,0,0,0,0,0
2020-08-13,US,Kansas,Reno,397,1,0,37.95230263,-98.08607292,20155.0,640.343236878609,0.2518891687657431,396,390,1,0,389,286,62342,7,0,0,7,104
2020-08-13,US,Kansas,Republic,32,0,0,39.82799632,-97.65036709,20157.0,690.2502157031925,0.0,32,32,0,0,32,32,4664,0,0,0,0,0
2020-08-13,US,Kansas,Rice,39,0,0,38.34616184,-98.19992118,20159.0,408.9336269267065,0.0,39,39,0,0,39,39,9531,0,0,0,0,0
2020-08-13,US,Kansas,Riley,489,5,0,39.28935726,-96.73420026,20161.0,658.7455544778533,1.0224948875255624,484,489,5,0,484,483,73703,0,0,0,0,6
2020-08-13,US,Kansas,Rooks,18,0,0,39.35022773,-99.32484567,20163.0,365.8536585365854,0.0,18,18,0,0,18,18,5013,0,0,0,0,0
2020-08-13,US,Kansas,Rush,10,0,0,38.52275276,-99.30863983,20165.0,329.3807641633729,0.0,10,10,0,0,10,10,3093,0,0,0,0,0
2020-08-13,US,Kansas,Russell,16,0,0,38.91462787,-98.76254297,20167.0,233.37222870478413,0.0,16,16,0,0,16,16,6907,0,0,0,0,0
2020-08-13,US,Kansas,Saline,389,7,0,38.78369175,-97.65185177,20169.0,717.3945116553557,1.7994858611825193,382,389,7,0,382,384,54401,0,0,0,0,5
2020-08-13,US,Kansas,Scott,64,0,0,38.48222076,-100.90665390000001,20171.0,1326.9749118805726,0.0,64,53,0,0,53,52,4897,11,0,0,11,1
2020-08-13,US,Kansas,Sedgwick,5141,46,0,37.6842718,-97.4608198,20173.0,996.2367404203534,0.8947675549503987,5095,5068,46,0,5022,4990,513607,73,0,0,73,78
2020-08-13,US,Kansas,Seward,1252,4,0,37.19324632,-100.85072009999999,20175.0,5842.822475266007,0.3194888178913738,1248,1243,4,0,1239,1243,21780,9,0,0,9,0
2020-08-13,US,Kansas,Shawnee,1682,19,0,39.04100763,-95.75572640000001,20177.0,950.9540636042404,1.1296076099881094,1663,1650,19,0,1631,1611,177499,32,0,0,32,39
2020-08-13,US,Kansas,Sheridan,7,0,0,39.35018161,-100.44182590000001,20179.0,277.66759222530743,0.0,7,7,0,0,7,7,2533,0,0,0,0,0
2020-08-13,US,Kansas,Sherman,16,0,0,39.35147699,-101.71976240000001,20181.0,270.4073009971269,0.0,16,16,0,0,16,16,5899,0,0,0,0,0
2020-08-13,US,Kansas,Smith,3,0,0,39.78516566,-98.78566062,20183.0,83.72871895060004,0.0,3,3,0,0,3,3,3603,0,0,0,0,0
2020-08-13,US,Kansas,Stafford,6,1,0,38.03100851,-98.71762001,20185.0,144.36958614051974,16.666666666666668,5,6,1,0,5,6,4178,0,0,0,0,0
2020-08-13,US,Kansas,Stanton,20,1,0,37.56304714,-101.78435340000001,20187.0,997.0089730807578,5.0,19,20,1,0,19,20,1987,0,0,0,0,0
2020-08-13,US,Kansas,Stevens,46,0,0,37.1923008,-101.3118967,20189.0,838.6508659981769,0.0,46,46,0,0,46,46,5559,0,0,0,0,0
2020-08-13,US,Kansas,Sumner,101,3,0,37.23682549,-97.47721621,20191.0,442.28411280434403,2.9702970297029703,98,101,3,0,98,101,22996,0,0,0,0,0
2020-08-13,US,Kansas,Thomas,44,0,0,39.35107575,-101.0553705,20193.0,565.7708628005657,0.0,44,44,0,0,44,40,7711,0,0,0,0,4
2020-08-13,US,Kansas,Trego,6,1,0,38.91467218,-99.87284448,20195.0,214.05636817695327,16.666666666666668,5,6,1,0,5,6,2793,0,0,0,0,0
2020-08-13,US,Kansas,Unassigned,0,1,0,0.0,0.0,90020.0,0.0,0.0,-1,0,1,0,-1,0,,0,0,0,0,0
2020-08-13,US,Kansas,Wabaunsee,43,0,0,38.95471985,-96.20350509,20197.0,620.4010965228682,0.0,43,43,0,0,43,43,6899,0,0,0,0,0
2020-08-13,US,Kansas,Washington,1,0,0,39.78420784,-97.08753229999999,20201.0,18.49796522382538,0.0,1,1,0,0,1,1,5420,0,0,0,0,0
2020-08-13,US,Kansas,Wichita,4,0,0,38.48178252,-101.3471509,20203.0,188.76828692779614,0.0,4,4,0,0,4,4,2105,0,0,0,0,0
2020-08-13,US,Kansas,Wilson,11,0,0,37.55937174,-95.74323255,20205.0,129.03225806451613,0.0,11,11,0,0,11,11,8665,0,0,0,0,0
2020-08-13,US,Kansas,Woodson,12,0,0,37.8865336,-95.74006277,20207.0,382.4091778202677,0.0,12,12,0,0,12,12,3183,0,0,0,0,0
2020-08-13,US,Kansas,Wyandotte,5087,108,0,39.11727348,-94.76378225,20209.0,3075.0352114804537,2.1230587772754084,4979,5031,102,0,4929,4959,165324,56,6,0,50,72
2020-08-13,US,Kentucky,Adair,218,19,0,37.10459774,-85.28129668,21001.0,1135.2984064159984,8.715596330275227,199,215,19,0,196,210,19215,3,0,0,3,5
2020-08-13,US,Kentucky,Allen,233,8,0,36.75197631,-86.19457544,21003.0,1093.1269059347876,3.433476394849785,225,230,8,0,222,227,21122,3,0,0,3,3
2020-08-13,US,Kentucky,Anderson,89,1,0,38.00671029,-84.99171713,21005.0,391.26038598496507,1.1235955056179776,88,89,1,0,88,87,22663,0,0,0,0,2
2020-08-13,US,Kentucky,Ballard,36,0,0,37.05842757,-88.99427697,21007.0,456.3894523326572,0.0,36,36,0,0,36,36,7979,0,0,0,0,0
2020-08-13,US,Kentucky,Barren,404,3,0,36.96469836,-85.93338945,21009.0,913.0149833894552,0.7425742574257426,401,383,3,0,380,375,44176,21,0,0,21,8
2020-08-13,US,Kentucky,Bath,41,1,0,38.14735938,-83.74588932,21011.0,328.0,2.4390243902439024,40,41,1,0,40,37,12383,0,0,0,0,4
2020-08-13,US,Kentucky,Bell,327,4,0,36.73355174,-83.67766671,21013.0,1256.1462814996926,1.2232415902140672,323,324,4,0,320,318,26569,3,0,0,3,6
2020-08-13,US,Kentucky,Boone,1126,24,0,38.97065142,-84.72615357,21015.0,842.9342496313099,2.131438721136768,1102,1117,24,0,1093,1111,131533,9,0,0,9,6
2020-08-13,US,Kentucky,Bourbon,90,1,0,38.2054607,-84.21827874,21017.0,454.8211036992117,1.1111111111111112,89,86,1,0,85,84,20184,4,0,0,4,2
2020-08-13,US,Kentucky,Boyd,196,3,0,38.36176608,-82.68652187,21019.0,419.5385076415943,1.5306122448979589,193,195,3,0,192,193,47240,1,0,0,1,2
2020-08-13,US,Kentucky,Boyle,163,0,0,37.62680923,-84.8633779,21021.0,542.2488356620094,0.0,163,161,0,0,161,157,30100,2,0,0,2,4
2020-08-13,US,Kentucky,Bracken,33,0,0,38.69158994,-84.08532444,21023.0,397.4467060098759,0.0,33,33,0,0,33,33,8239,0,0,0,0,0
2020-08-13,US,Kentucky,Breathitt,33,0,0,37.52333168,-83.31959161,21025.0,261.2826603325416,0.0,33,32,0,0,32,31,12726,1,0,0,1,1
2020-08-13,US,Kentucky,Breckinridge,79,2,0,37.77377239,-86.42885017,21027.0,385.7987009815892,2.5316455696202533,77,76,2,0,74,75,20388,3,0,0,3,1
2020-08-13,US,Kentucky,Bullitt,421,5,0,37.97162523,-85.68955617,21029.0,515.4512953621627,1.187648456057007,416,401,5,0,396,382,81069,20,0,0,20,19
2020-08-13,US,Kentucky,Butler,300,15,0,37.20946153,-86.68748787,21031.0,2329.3733985557888,5.0,285,298,15,0,283,298,12772,2,0,0,2,0
2020-08-13,US,Kentucky,Caldwell,55,0,0,37.14749129,-87.86948214,21033.0,431.4740723307445,0.0,55,53,0,0,53,53,12715,2,0,0,2,0
2020-08-13,US,Kentucky,Calloway,270,4,0,36.62093411,-88.2731593,21035.0,692.2899412835568,1.4814814814814814,266,257,4,0,253,254,39135,13,0,0,13,3
2020-08-13,US,Kentucky,Campbell,603,13,0,38.94384345,-84.37875208,21037.0,644.3409129765772,2.155887230514096,590,592,13,0,579,582,93152,11,0,0,11,10
2020-08-13,US,Kentucky,Carlisle,46,1,0,36.85372876,-88.96692220000001,21039.0,966.3865546218487,2.1739130434782608,45,45,1,0,44,45,4771,1,0,0,1,0
2020-08-13,US,Kentucky,Carroll,164,2,0,38.66599534,-85.12601074,21041.0,1542.658263568809,1.2195121951219512,162,164,2,0,162,159,10737,0,0,0,0,5
2020-08-13,US,Kentucky,Carter,104,2,0,38.31690743,-83.05092385,21043.0,388.1031458745382,1.9230769230769231,102,104,1,0,103,101,27004,0,1,0,-1,3
2020-08-13,US,Kentucky,Casey,204,10,0,37.32533118,-84.92726209,21045.0,1262.4543597994925,4.901960784313727,194,201,10,0,191,193,15888,3,0,0,3,8
2020-08-13,US,Kentucky,Christian,529,9,0,36.89267803,-87.49055367,21047.0,750.7699294645265,1.7013232514177694,520,523,9,0,514,511,71671,6,0,0,6,12
2020-08-13,US,Kentucky,Clark,167,7,0,37.9689263,-84.14615986,21049.0,460.52450155806196,4.1916167664670665,160,167,7,0,160,166,36249,0,0,0,0,1
2020-08-13,US,Kentucky,Clay,181,5,0,37.16451126,-83.712575,21051.0,909.5020350736144,2.7624309392265194,176,159,5,0,154,157,20105,22,0,0,22,2
2020-08-13,US,Kentucky,Clinton,39,1,0,36.72581156,-85.13377529,21053.0,381.6793893129772,2.5641025641025643,38,38,1,0,37,37,10206,1,0,0,1,1
2020-08-13,US,Kentucky,Crittenden,32,1,0,37.35839237,-88.08826090000002,21055.0,363.38859868271635,3.125,31,32,1,0,31,32,8915,0,0,0,0,0
2020-08-13,US,Kentucky,Cumberland,62,0,0,36.78926125,-85.39050034,21057.0,937.4055034774719,0.0,62,63,0,0,63,57,6659,-1,0,0,-1,6
2020-08-13,US,Kentucky,Daviess,805,9,0,37.73028906,-87.09019479999998,21059.0,793.0175054920156,1.1180124223602483,796,793,9,0,784,769,101104,12,0,0,12,24
2020-08-13,US,Kentucky,Edmonson,112,12,0,37.21218923,-86.23955613,21061.0,921.8106995884773,10.714285714285714,100,112,12,0,100,108,12274,0,0,0,0,4
2020-08-13,US,Kentucky,Elliott,14,0,0,38.11624059,-83.09771563,21063.0,186.2445124384728,0.0,14,14,0,0,14,11,7508,0,0,0,0,3
2020-08-13,US,Kentucky,Estill,27,0,0,37.69241417,-83.95956369,21065.0,191.40791152700984,0.0,27,27,0,0,27,27,14198,0,0,0,0,0
2020-08-13,US,Kentucky,Fayette,3299,49,0,38.0368225,-84.45576892,21067.0,1020.8818141308116,1.4852985753258563,3250,3241,48,0,3193,3182,323780,58,1,0,57,59
2020-08-13,US,Kentucky,Fleming,62,0,0,38.36758311,-83.69657514,21069.0,425.2108908853988,0.0,62,62,0,0,62,60,14432,0,0,0,0,2
2020-08-13,US,Kentucky,Floyd,115,2,0,37.56213922,-82.74750924,21071.0,323.1335525021776,1.7391304347826086,113,106,2,0,104,96,35845,9,0,0,9,10
2020-08-13,US,Kentucky,Franklin,343,7,0,38.2379395,-84.87962551,21073.0,672.6677256770803,2.0408163265306123,336,329,7,0,322,323,50815,14,0,0,14,6
2020-08-13,US,Kentucky,Fulton,93,2,0,36.55238827,-89.20140068,21075.0,1558.0499246104873,2.150537634408602,91,90,2,0,88,85,6120,3,0,0,3,5
2020-08-13,US,Kentucky,Gallatin,82,7,0,38.75398691,-84.8558382,21077.0,924.5687225166307,8.536585365853659,75,81,7,0,74,81,8832,1,0,0,1,0
2020-08-13,US,Kentucky,Garrard,84,0,0,37.638866799999995,-84.53289319,21079.0,475.4896411185328,0.0,84,83,0,0,83,80,17560,1,0,0,1,3
2020-08-13,US,Kentucky,Grant,126,6,0,38.64962758,-84.62415957,21081.0,502.61278870317915,4.761904761904762,120,126,6,0,120,124,25121,0,0,0,0,2
2020-08-13,US,Kentucky,Graves,576,25,0,36.72292505,-88.65143315,21083.0,1545.6448236998874,4.340277777777779,551,574,25,0,549,560,37317,2,0,0,2,14
2020-08-13,US,Kentucky,Grayson,214,11,0,37.46231118,-86.34248968,21085.0,809.7778786846785,5.140186915887852,203,213,11,0,202,206,26321,1,0,0,1,7
2020-08-13,US,Kentucky,Green,52,2,0,37.26484328,-85.5540745,21087.0,475.27648295402616,3.8461538461538463,50,40,2,0,38,38,11049,12,0,0,12,2
2020-08-13,US,Kentucky,Greenup,125,1,0,38.54332505,-82.9215658,21089.0,356.14564932474786,0.8,124,121,1,0,120,110,35268,4,0,0,4,11
2020-08-13,US,Kentucky,Hancock,52,0,0,37.83766422,-86.78280584,21091.0,596.1935335932127,0.0,52,50,0,0,50,50,8758,2,0,0,2,0
2020-08-13,US,Kentucky,Hardin,703,8,0,37.6976111,-85.96319251,21093.0,633.5730636817534,1.1379800853485065,695,683,8,0,675,655,110356,20,0,0,20,28
2020-08-13,US,Kentucky,Harlan,243,3,0,36.85699301,-83.21899516,21095.0,934.2560553633217,1.2345679012345678,240,239,3,0,236,232,26409,4,0,0,4,7
2020-08-13,US,Kentucky,Harrison,123,0,0,38.44188174,-84.32869741,21097.0,651.276077517738,0.0,123,123,0,0,123,121,18778,0,0,0,0,2
2020-08-13,US,Kentucky,Hart,109,0,0,37.29943898,-85.88461055,21099.0,572.6293669556081,0.0,109,108,0,0,108,103,18906,1,0,0,1,5
2020-08-13,US,Kentucky,Henderson,365,3,0,37.79344553,-87.57392021,21101.0,807.343508073435,0.821917808219178,362,360,3,0,357,351,45591,5,0,0,5,9
2020-08-13,US,Kentucky,Henry,134,2,0,38.44942688,-85.11587507,21103.0,830.9562197693166,1.492537313432836,132,129,2,0,127,129,16106,5,0,0,5,0
2020-08-13,US,Kentucky,Hickman,56,0,0,36.67948079999999,-88.97875928,21105.0,1278.538812785388,0.0,56,55,0,0,55,53,4421,1,0,0,1,2
2020-08-13,US,Kentucky,Hopkins,433,34,0,37.30939025,-87.54670406,21107.0,968.9835742738215,7.852193995381062,399,431,34,0,397,428,45068,2,0,0,2,3
2020-08-13,US,Kentucky,Jackson,154,14,0,37.41866422,-83.99825483,21109.0,1155.3754970365374,9.090909090909092,140,151,14,0,137,150,13442,3,0,0,3,1
2020-08-13,US,Kentucky,Jefferson,8976,247,0,38.18664655,-85.65931031,21111.0,1170.6446762142373,2.751782531194296,8729,8802,244,0,8558,8279,770517,174,3,0,171,523
2020-08-13,US,Kentucky,Jessamine,361,0,0,37.87119786,-84.58252003,21113.0,667.0978471773077,0.0,361,356,0,0,356,350,53920,5,0,0,5,6
2020-08-13,US,Kentucky,Johnson,73,0,0,37.85106355,-82.8264322,21115.0,329.0066702722192,0.0,73,66,0,0,66,64,22386,7,0,0,7,2
2020-08-13,US,Kentucky,Kenton,1472,41,0,38.93950319,-84.53241199,21117.0,881.4476820081677,2.785326086956522,1431,1449,41,0,1408,1431,166051,23,0,0,23,18
2020-08-13,US,Kentucky,Knott,70,1,0,37.35388197,-82.94981134,21119.0,472.7813048764015,1.4285714285714286,69,66,1,0,65,62,15126,4,0,0,4,4
2020-08-13,US,Kentucky,Knox,262,8,0,36.89225732,-83.85403396,21121.0,841.2265211109328,3.053435114503817,254,254,8,0,246,243,31304,8,0,0,8,11
2020-08-13,US,Kentucky,Larue,61,1,0,37.54567114,-85.70138352,21123.0,423.66995416030005,1.639344262295082,60,60,1,0,59,56,14307,1,0,0,1,4
2020-08-13,US,Kentucky,Laurel,466,5,0,37.10975748,-84.11321779,21125.0,766.2835249042146,1.072961373390558,461,456,5,0,451,453,60669,10,0,0,10,3
2020-08-13,US,Kentucky,Lawrence,37,0,0,38.07136018,-82.72882223,21127.0,241.56166351113143,0.0,37,37,0,0,37,36,15571,0,0,0,0,1
2020-08-13,US,Kentucky,Lee,6,0,0,37.59645942,-83.71513901,21129.0,81.04822369309741,0.0,6,7,0,0,7,7,7033,-1,0,0,-1,0
2020-08-13,US,Kentucky,Leslie,33,0,0,37.09246661,-83.37999606,21131.0,334.1095474334312,0.0,33,32,0,0,32,31,10143,1,0,0,1,1
2020-08-13,US,Kentucky,Letcher,62,0,0,37.12306748,-82.85346474,21133.0,287.6629703521551,0.0,62,62,0,0,62,60,21899,0,0,0,0,2
2020-08-13,US,Kentucky,Lewis,54,0,0,38.53184419,-83.37735618,21135.0,406.77966101694915,0.0,54,53,0,0,53,41,13257,1,0,0,1,12
2020-08-13,US,Kentucky,Lincoln,118,2,0,37.45475628,-84.6565327,21137.0,480.6713104403438,1.6949152542372878,116,117,2,0,115,116,24644,1,0,0,1,1
2020-08-13,US,Kentucky,Livingston,35,1,0,37.21137452,-88.34797529,21139.0,380.68305416576027,2.8571428571428568,34,35,1,0,34,35,9242,0,0,0,0,0
2020-08-13,US,Kentucky,Logan,352,23,0,36.85949479,-86.877635,21141.0,1298.7971367426758,6.534090909090909,329,341,23,0,318,332,26989,11,0,0,11,9
2020-08-13,US,Kentucky,Lyon,32,4,0,37.02080035,-88.07886257,21143.0,389.768574908648,12.5,28,32,4,0,28,32,8009,0,0,0,0,0
2020-08-13,US,Kentucky,Madison,603,1,0,37.71659336,-84.27220275,21151.0,648.4777442008022,0.16583747927031509,602,583,1,0,582,549,92368,20,0,0,20,34
2020-08-13,US,Kentucky,Magoffin,49,0,0,37.70820545,-83.0657714,21153.0,402.9273908395691,0.0,49,41,0,0,41,40,12362,8,0,0,8,1
2020-08-13,US,Kentucky,Marion,123,0,0,37.55218078,-85.26898542,21155.0,638.198516058735,0.0,123,124,0,0,124,124,19404,-1,0,0,-1,0
2020-08-13,US,Kentucky,Marshall,142,2,0,36.88007070000001,-88.32803576,21157.0,456.5916398713826,1.4084507042253518,140,140,2,0,138,139,31191,2,0,0,2,1
2020-08-13,US,Kentucky,Martin,38,0,0,37.79990579,-82.51247478,21159.0,339.4372487717731,0.0,38,37,0,0,37,37,11323,1,0,0,1,0
2020-08-13,US,Kentucky,Mason,54,1,0,38.59471935,-83.82151043,21161.0,316.3444639718805,1.851851851851852,53,54,1,0,53,55,17150,0,0,0,0,-1
2020-08-13,US,Kentucky,McCracken,391,4,0,37.05350953,-88.70445755,21145.0,597.6948240545415,1.0230179028132993,387,377,4,0,373,372,65346,14,0,0,14,5
2020-08-13,US,Kentucky,McCreary,48,0,0,36.73874143,-84.48102924,21147.0,278.5676977540479,0.0,48,42,0,0,42,42,17408,6,0,0,6,0
2020-08-13,US,Kentucky,McLean,43,1,0,37.5301951,-87.26803443,21149.0,467.03595090691863,2.3255813953488373,42,43,1,0,42,42,9252,0,0,0,0,1
2020-08-13,US,Kentucky,Meade,101,3,0,37.96163597,-86.21028219,21163.0,353.49293014139715,2.9702970297029703,98,99,3,0,96,95,28715,2,0,0,2,4
2020-08-13,US,Kentucky,Menifee,28,0,0,37.94090733,-83.59985712,21165.0,431.4994606256742,0.0,28,28,0,0,28,28,6451,0,0,0,0,0
2020-08-13,US,Kentucky,Mercer,87,0,0,37.81474237,-84.87488475,21167.0,396.6625632608398,0.0,87,86,0,0,86,84,21774,1,0,0,1,2
2020-08-13,US,Kentucky,Metcalfe,63,2,0,36.99459295,-85.63123699,21169.0,625.5585344057192,3.1746031746031744,61,62,2,0,60,61,10030,1,0,0,1,1
2020-08-13,US,Kentucky,Monroe,98,2,0,36.71225341,-85.71596443,21171.0,920.1877934272301,2.0408163265306123,96,96,2,0,94,94,10718,2,0,0,2,2
2020-08-13,US,Kentucky,Montgomery,129,0,0,38.03253032,-83.9145241,21173.0,458.1453990126789,0.0,129,128,0,0,128,124,28203,1,0,0,1,4
2020-08-13,US,Kentucky,Morgan,32,0,0,37.92465657,-83.25558245,21175.0,240.43880081148086,0.0,32,30,0,0,30,30,13345,2,0,0,2,0
2020-08-13,US,Kentucky,Muhlenberg,633,11,0,37.21425819,-87.14632053,21177.0,2067.141270981648,1.7377567140600316,622,629,11,0,618,627,30774,4,0,0,4,2
2020-08-13,US,Kentucky,Nelson,245,2,0,37.80335779,-85.4657193,21179.0,529.9245127938918,0.8163265306122449,243,230,2,0,228,221,45851,15,0,0,15,9
2020-08-13,US,Kentucky,Nicholas,20,0,0,38.33342292,-84.01889177,21181.0,275.14100976750586,0.0,20,20,0,0,20,20,7166,0,0,0,0,0
2020-08-13,US,Kentucky,Ohio,362,9,0,37.47751843,-86.85368087,21183.0,1508.7105109610736,2.4861878453038675,353,361,9,0,352,357,24087,1,0,0,1,4
2020-08-13,US,Kentucky,Oldham,645,16,0,38.39791089,-85.448222,21185.0,965.5833171155257,2.48062015503876,629,640,16,0,624,633,66470,5,0,0,5,7
2020-08-13,US,Kentucky,Owen,64,0,0,38.51679143,-84.82404619,21187.0,587.1021007247043,0.0,64,54,0,0,54,50,10880,10,0,0,10,4
2020-08-13,US,Kentucky,Owsley,14,0,0,37.42823949,-83.68811419,21189.0,317.1007927519819,0.0,14,13,0,0,13,12,4472,1,0,0,1,1
2020-08-13,US,Kentucky,Pendleton,48,0,0,38.69607718,-84.35599463,21191.0,328.9924605894448,0.0,48,47,0,0,47,46,14529,1,0,0,1,1
2020-08-13,US,Kentucky,Perry,251,3,0,37.25023553,-83.22922731,21193.0,974.4545383958383,1.195219123505976,248,247,3,0,244,232,26092,4,0,0,4,15
2020-08-13,US,Kentucky,Pike,253,3,0,37.47088263,-82.39487445,21195.0,437.141474877324,1.1857707509881423,250,252,3,0,249,251,58402,1,0,0,1,1
2020-08-13,US,Kentucky,Powell,67,0,0,37.83218794,-83.82553961,21197.0,542.115057852577,0.0,67,62,0,0,62,60,12442,5,0,0,5,2
2020-08-13,US,Kentucky,Pulaski,358,5,0,37.10466131,-84.57629079,21199.0,550.9472291047877,1.3966480446927374,353,338,5,0,333,319,64623,20,0,0,20,19
2020-08-13,US,Kentucky,Robertson,3,0,0,38.51923469,-84.05055616,21201.0,142.31499051233396,0.0,3,3,0,0,3,3,2135,0,0,0,0,0
2020-08-13,US,Kentucky,Rockcastle,77,0,0,37.36642393,-84.31176452,21203.0,461.2159329140461,0.0,77,74,0,0,74,72,16750,3,0,0,3,2
2020-08-13,US,Kentucky,Rowan,87,0,0,38.19484205,-83.42088935,21205.0,355.6827473426002,0.0,87,84,0,0,84,75,24583,3,0,0,3,9
2020-08-13,US,Kentucky,Russell,130,5,0,36.99308373,-85.06070117,21207.0,725.3250013948558,3.8461538461538463,125,124,5,0,119,116,17821,6,0,0,6,8
2020-08-13,US,Kentucky,Scott,415,0,0,38.29622293,-84.5816631,21209.0,728.0190863799031,0.0,415,407,0,0,407,388,56031,8,0,0,8,19
2020-08-13,US,Kentucky,Shelby,797,21,0,38.21476019,-85.194223,21211.0,1625.7343342036554,2.6348808030112925,776,786,21,0,765,779,48518,11,0,0,11,7
2020-08-13,US,Kentucky,Simpson,156,7,0,36.74058474,-86.58047435,21213.0,839.9741546413957,4.487179487179487,149,152,7,0,145,152,18529,4,0,0,4,0
2020-08-13,US,Kentucky,Spencer,136,0,0,38.03223971,-85.32749335,21215.0,702.8060565345461,0.0,136,128,0,0,128,123,18794,8,0,0,8,5
2020-08-13,US,Kentucky,Taylor,150,3,0,37.3677562,-85.3329931,21217.0,582.0947650277465,2.0,147,144,2,0,142,141,25549,6,1,0,5,3
2020-08-13,US,Kentucky,Todd,34,0,0,36.8381152,-87.17878374,21219.0,276.55767040832933,0.0,34,34,0,0,34,35,12311,0,0,0,0,-1
2020-08-13,US,Kentucky,Trigg,57,0,0,36.80767017,-87.87333656,21221.0,389.0519418469729,0.0,57,56,0,0,56,54,14643,1,0,0,1,2
2020-08-13,US,Kentucky,Trimble,34,0,0,38.61056487,-85.33775972,21223.0,401.3693778774643,0.0,34,33,0,0,33,32,8515,1,0,0,1,1
2020-08-13,US,Kentucky,Union,70,0,0,37.66166713,-87.94300009,21225.0,486.75335512134063,0.0,70,70,0,0,70,67,14505,0,0,0,0,3
2020-08-13,US,Kentucky,Warren,2721,22,0,36.99903045,-86.42672751,21227.0,2047.465687454852,0.8085262771040059,2699,2702,22,0,2680,2670,131264,19,0,0,19,32
2020-08-13,US,Kentucky,Washington,93,0,0,37.75599461,-85.17407732,21229.0,768.9127738735015,0.0,93,92,0,0,92,86,12084,1,0,0,1,6
2020-08-13,US,Kentucky,Wayne,76,0,0,36.80310688,-84.8251971,21231.0,373.7766192888408,0.0,76,73,0,0,73,69,20468,3,0,0,3,4
2020-08-13,US,Kentucky,Webster,90,1,0,37.52168356,-87.67989953,21233.0,695.4102920723227,1.1111111111111112,89,90,1,0,89,89,13111,0,0,0,0,1
2020-08-13,US,Kentucky,Whitley,168,1,0,36.75700531,-84.14541217,21235.0,463.26935804103243,0.5952380952380952,167,168,1,0,167,166,36242,0,0,0,0,2
2020-08-13,US,Kentucky,Wolfe,17,0,0,37.73941626,-83.49303612,21237.0,237.52969121140146,0.0,17,16,0,0,16,14,7177,1,0,0,1,2
2020-08-13,US,Kentucky,Woodford,170,0,0,38.04178222,-84.7417556,21239.0,635.8943667240219,0.0,170,165,0,0,165,157,26533,5,0,0,5,8
2020-08-13,US,Louisiana,Acadia,2673,88,0,30.295064899999996,-92.41419698,22001.0,4308.163429768716,3.2921810699588483,2585,2652,87,0,2565,2634,62190,21,1,0,20,18
2020-08-13,US,Louisiana,Allen,1332,30,0,30.65385745,-92.82442028,22003.0,5197.643110781598,2.2522522522522523,1302,1321,30,0,1291,1284,25605,11,0,0,11,37
2020-08-13,US,Louisiana,Ascension,2970,79,0,30.20406249,-90.91328409999998,22005.0,2345.89744399861,2.65993265993266,2891,2941,78,0,2863,2930,124672,29,1,0,28,11
2020-08-13,US,Louisiana,Assumption,600,20,0,29.89946234,-91.06461642,22007.0,2740.852405097985,3.333333333333333,580,598,20,0,578,591,22300,2,0,0,2,7
2020-08-13,US,Louisiana,Avoyelles,1128,34,0,31.07796211,-92.00079449,22009.0,2809.884416102033,3.0141843971631204,1094,1107,34,0,1073,1096,40462,21,0,0,21,11
2020-08-13,US,Louisiana,Beauregard,868,21,0,30.64836518,-93.34173616,22011.0,2314.851854815052,2.419354838709677,847,863,20,0,843,837,37253,5,1,0,4,26
2020-08-13,US,Louisiana,Bienville,388,30,0,32.34569994,-93.05398492,22013.0,2930.2922739974324,7.731958762886598,358,387,30,0,357,386,13308,1,0,0,1,1
2020-08-13,US,Louisiana,Bossier,2428,82,0,32.67932307,-93.60460152,22015.0,1911.2241122804805,3.3772652388797364,2346,2390,82,0,2308,2374,127185,38,0,0,38,16
2020-08-13,US,Louisiana,Caddo,6851,296,0,32.57991587,-93.88375652,22017.0,2852.158998184876,4.320537147861627,6555,6771,296,0,6475,6739,242922,80,0,0,80,32
2020-08-13,US,Louisiana,Calcasieu,6960,154,0,30.22931235,-93.35400434,22019.0,3421.22338229222,2.21264367816092,6806,6924,147,0,6777,6862,203112,36,7,0,29,62
2020-08-13,US,Louisiana,Caldwell,230,3,0,32.0902519,-92.11752148,22021.0,2319.015930631176,1.3043478260869563,227,228,3,0,225,224,9960,2,0,0,2,4
2020-08-13,US,Louisiana,Cameron,172,0,0,29.87592238,-93.19310676,22023.0,2466.657105980209,0.0,172,171,0,0,171,170,6968,1,0,0,1,1
2020-08-13,US,Louisiana,Catahoula,305,5,0,31.66778967,-91.84526385,22025.0,3212.555298083,1.639344262295082,300,300,5,0,295,296,9608,5,0,0,5,4
2020-08-13,US,Louisiana,Claiborne,290,11,0,32.82308512,-92.99526883,22027.0,1850.6700701978305,3.7931034482758617,279,286,11,0,275,282,15944,4,0,0,4,4
2020-08-13,US,Louisiana,Concordia,352,9,0,31.44817835,-91.63814433,22029.0,1827.7169115738093,2.5568181818181817,343,347,9,0,338,337,19572,5,0,0,5,10
2020-08-13,US,Louisiana,De Soto,756,27,0,32.05457447,-93.74130302,22031.0,2752.794669191276,3.571428571428572,729,745,26,0,719,743,27436,11,1,0,10,2
2020-08-13,US,Louisiana,East Baton Rouge,12587,369,0,30.53842039,-91.09777565,22033.0,2860.298278185425,2.931596091205212,12218,12477,360,0,12117,12377,440956,110,9,0,101,100
2020-08-13,US,Louisiana,East Carroll,520,2,0,32.73926954,-91.23425694,22035.0,7579.070106398484,0.38461538461538464,518,520,2,0,518,521,7037,0,0,0,0,-1
2020-08-13,US,Louisiana,East Feliciana,612,39,0,30.84425359,-91.04976723,22037.0,3198.327671805592,6.372549019607844,573,609,39,0,570,603,19305,3,0,0,3,6
2020-08-13,US,Louisiana,Evangeline,946,9,0,30.72985248,-92.39915924,22039.0,2832.7593951190297,0.9513742071881608,937,932,7,0,925,908,33443,14,2,0,12,24
2020-08-13,US,Louisiana,Franklin,964,19,0,32.13675181,-91.67589857,22041.0,4816.387709218087,1.970954356846473,945,954,19,0,935,940,20156,10,0,0,10,14
2020-08-13,US,Louisiana,Grant,335,19,0,31.59882456,-92.56124347,22043.0,1496.2704899727546,5.6716417910447765,316,330,19,0,311,307,22482,5,0,0,5,23
2020-08-13,US,Louisiana,Iberia,2588,74,0,29.86803617,-91.75871777,22045.0,3706.1434913361018,2.85935085007728,2514,2575,73,0,2502,2561,70941,13,1,0,12,14
2020-08-13,US,Louisiana,Iberville,1267,50,0,30.25734305,-91.3499598,22047.0,3897.142505613485,3.9463299131807417,1217,1262,50,0,1212,1259,32721,5,0,0,5,3
2020-08-13,US,Louisiana,Jackson,386,18,0,32.30251776,-92.55692092,22049.0,2451.7276422764226,4.66321243523316,368,383,18,0,365,378,15902,3,0,0,3,5
2020-08-13,US,Louisiana,Jefferson,15597,529,0,29.74075478,-90.11115756,22051.0,3606.301142446236,3.391677886773097,15068,15509,529,0,14980,15452,434051,88,0,0,88,57
2020-08-13,US,Louisiana,Jefferson Davis,1056,29,0,30.26896765,-92.81210004,22053.0,3366.4881407804132,2.746212121212121,1027,1046,28,0,1018,1033,31582,10,1,0,9,13
2020-08-13,US,Louisiana,LaSalle,324,2,0,31.67884782,-92.15907765,22059.0,2175.66478646253,0.6172839506172839,322,324,2,0,322,308,14917,0,0,0,0,16
2020-08-13,US,Louisiana,Lafayette,7846,100,0,30.2049055,-92.06959876,22055.0,3210.4423257907442,1.274534794799898,7746,7793,100,0,7693,7723,242782,53,0,0,53,70
2020-08-13,US,Louisiana,Lafourche,2916,102,0,29.52470226,-90.40976986,22057.0,2987.2764152683008,3.497942386831276,2814,2895,100,0,2795,2863,98115,21,2,0,19,32
2020-08-13,US,Louisiana,Lincoln,819,32,0,32.6003154,-92.66597409999999,22061.0,1752.1714945873086,3.9072039072039066,787,815,32,0,783,806,47196,4,0,0,4,9
2020-08-13,US,Louisiana,Livingston,3027,54,0,30.44143993,-90.73061664,22063.0,2150.02592532087,1.7839444995044598,2973,2992,52,0,2940,2975,139567,35,2,0,33,17
2020-08-13,US,Louisiana,Madison,628,6,0,32.36918118,-91.23973355,22065.0,5734.636106291662,0.9554140127388536,622,625,6,0,619,618,11161,3,0,0,3,7
2020-08-13,US,Louisiana,Morehouse,542,13,0,32.81686191,-91.80421614,22067.0,2178.98206963094,2.3985239852398523,529,536,13,0,523,536,25398,6,0,0,6,0
2020-08-13,US,Louisiana,Natchitoches,816,17,0,31.72321584,-93.09816516,22069.0,2138.476859374181,2.083333333333333,799,809,17,0,792,791,38659,7,0,0,7,18
2020-08-13,US,Louisiana,Orleans,10899,565,0,30.06971951,-89.92660315,22071.0,2793.583907480315,5.183961831360676,10334,10851,564,0,10287,10805,391006,48,1,0,47,46
2020-08-13,US,Louisiana,Ouachita,5027,117,0,32.47645559,-92.15704172,22073.0,3279.640394313637,2.327431867913268,4910,4967,114,0,4853,4923,154475,60,3,0,57,44
2020-08-13,US,Louisiana,Plaquemines,465,19,0,29.42245447,-89.60322085,22075.0,2004.5695564081561,4.086021505376344,446,462,19,0,443,461,23410,3,0,0,3,1
2020-08-13,US,Louisiana,Pointe Coupee,818,33,0,30.71409502,-91.60209535,22077.0,3764.3810400368156,4.034229828850855,785,816,33,0,783,810,21940,2,0,0,2,6
2020-08-13,US,Louisiana,Rapides,3410,122,0,31.19778499,-92.52997303,22079.0,2630.1986918425273,3.5777126099706744,3288,3380,119,0,3261,3327,130562,30,3,0,27,53
2020-08-13,US,Louisiana,Red River,252,13,0,32.09530039,-93.34213308,22081.0,2985.074626865672,5.158730158730159,239,250,13,0,237,244,8477,2,0,0,2,6
2020-08-13,US,Louisiana,Richland,624,8,0,32.41391005,-91.76634876,22083.0,3101.083391312991,1.2820512820512822,616,615,8,0,607,604,20192,9,0,0,9,11
2020-08-13,US,Louisiana,Sabine,671,11,0,31.56388699,-93.55433981,22085.0,2809.4121587673762,1.639344262295082,660,664,11,0,653,658,24032,7,0,0,7,6
2020-08-13,US,Louisiana,St. Bernard,1125,24,0,29.87761636,-89.51887093,22087.0,2381.2547625095253,2.1333333333333333,1101,1120,24,0,1096,1113,46721,5,0,0,5,7
2020-08-13,US,Louisiana,St. Charles,1515,55,0,29.90709658,-90.35555967,22089.0,2853.1073446327678,3.6303630363036303,1460,1500,55,0,1445,1492,52879,15,0,0,15,8
2020-08-13,US,Louisiana,St. Helena,279,2,0,30.82210324,-90.71013176,22091.0,2753.6517962889848,0.7168458781362007,277,277,2,0,275,275,10262,2,0,0,2,2
2020-08-13,US,Louisiana,St. James,730,32,0,30.02531716,-90.80212061,22093.0,3460.3716344330683,4.383561643835616,698,723,32,0,691,722,21037,7,0,0,7,1
2020-08-13,US,Louisiana,St. John the Baptist,1448,92,0,30.12597499,-90.4753503,22095.0,3380.255386698415,6.3535911602209945,1356,1441,92,0,1349,1434,43184,7,0,0,7,7
2020-08-13,US,Louisiana,St. Landry,2841,92,0,30.59724262,-92.00135806,22097.0,3459.4028542204474,3.238296374516016,2749,2824,92,0,2732,2778,82764,17,0,0,17,46
2020-08-13,US,Louisiana,St. Martin,1760,46,0,30.13112107,-91.61403569,22099.0,3293.967921244221,2.613636363636364,1714,1757,46,0,1711,1734,53621,3,0,0,3,23
2020-08-13,US,Louisiana,St. Mary,1658,59,0,29.69262097,-91.44702164,22101.0,3359.811947799303,3.5585042219541623,1599,1642,56,0,1586,1631,49774,16,3,0,13,11
2020-08-13,US,Louisiana,St. Tammany,5429,217,0,30.40942847,-89.95642711,22103.0,2084.7173209328043,3.9970528642475593,5212,5364,216,0,5148,5323,258111,65,1,0,64,41
2020-08-13,US,Louisiana,Tangipahoa,3619,78,0,30.62888673,-90.40664996,22105.0,2685.554846465516,2.1552915169936453,3541,3570,78,0,3492,3540,133777,49,0,0,49,30
2020-08-13,US,Louisiana,Tensas,91,0,0,32.00760749,-91.32915234,22107.0,2099.6769727734195,0.0,91,91,0,0,91,91,4462,0,0,0,0,0
2020-08-13,US,Louisiana,Terrebonne,3115,86,0,29.37343766,-90.82626855,22109.0,2819.9998189406206,2.7608346709470304,3029,3095,86,0,3009,3072,111021,20,0,0,20,23
2020-08-13,US,Louisiana,Unassigned,240,123,0,0.0,0.0,90022.0,0.0,51.25,117,236,118,0,118,255,,4,5,0,-1,-19
2020-08-13,US,Louisiana,Union,732,35,0,32.83121059,-92.3749373,22111.0,3311.0186357879493,4.781420765027322,697,720,35,0,685,711,22330,12,0,0,12,9
2020-08-13,US,Louisiana,Vermilion,1689,28,0,29.83517605,-92.30292538,22113.0,2838.1307657407874,1.6577856719952635,1661,1657,28,0,1629,1611,59830,32,0,0,32,46
2020-08-13,US,Louisiana,Vernon,798,29,0,31.10884837,-93.18153838,22115.0,1682.5149170338825,3.6340852130325816,769,789,29,0,760,772,48860,9,0,0,9,17
2020-08-13,US,Louisiana,Washington,1312,58,0,30.85288548,-90.03866652,22117.0,2840.195696410789,4.420731707317073,1254,1298,58,0,1240,1293,46582,14,0,0,14,5
2020-08-13,US,Louisiana,Webster,916,17,0,32.70847669,-93.33121835,22119.0,2389.149713093375,1.8558951965065504,899,903,16,0,887,898,38798,13,1,0,12,5
2020-08-13,US,Louisiana,West Baton Rouge,745,37,0,30.46058217,-91.30989571,22121.0,2815.03873039864,4.966442953020135,708,734,37,0,697,727,26427,11,0,0,11,7
2020-08-13,US,Louisiana,West Carroll,302,7,0,32.78550125,-91.461201,22123.0,2788.5503231763623,2.3178807947019866,295,298,6,0,292,296,10982,4,1,0,3,2
2020-08-13,US,Louisiana,West Feliciana,397,18,0,30.87882871,-91.41485379999999,22125.0,2550.102774922919,4.534005037783375,379,393,18,0,375,355,15460,4,0,0,4,38
2020-08-13,US,Louisiana,Winn,453,7,0,31.94449367,-92.63789413,22127.0,3258.055235903337,1.5452538631346575,446,450,7,0,443,426,14134,3,0,0,3,24
2020-08-13,US,Maine,Androscoggin,570,8,0,44.1664747,-70.20380627,23001.0,526.427588499866,1.4035087719298245,562,568,8,0,560,565,107679,2,0,0,2,3
2020-08-13,US,Maine,Aroostook,33,1,0,46.65926321,-68.59841248,23003.0,49.21333233912461,3.0303030303030303,32,33,1,0,32,33,67111,0,0,0,0,0
2020-08-13,US,Maine,Cumberland,2103,69,0,43.8370751,-70.37226999,23005.0,712.87410636502,3.2810271041369474,2034,2097,69,0,2028,2090,293557,6,0,0,6,7
2020-08-13,US,Maine,Franklin,45,1,0,44.97330019,-70.44381045,23007.0,149.01155667406206,2.2222222222222223,44,45,1,0,44,45,29897,0,0,0,0,0
2020-08-13,US,Maine,Hancock,40,1,0,44.59816444,-68.38401854,23009.0,72.74446687398842,2.5,39,37,1,0,36,36,54811,3,0,0,3,1
2020-08-13,US,Maine,Kennebec,171,11,0,44.40759555,-69.76738544,23011.0,139.81782799954212,6.432748538011697,160,171,11,0,160,171,122083,0,0,0,0,0
2020-08-13,US,Maine,Knox,27,1,0,44.11486325,-69.10529169,23013.0,67.88695564718898,3.703703703703704,26,27,1,0,26,27,39771,0,0,0,0,0
2020-08-13,US,Maine,Lincoln,35,1,0,44.05996956,-69.54227124,23015.0,101.05676502858464,2.8571428571428568,34,35,1,0,34,35,34342,0,0,0,0,0
2020-08-13,US,Maine,Oxford,55,0,0,44.49952995,-70.75682123,23017.0,94.8684777921518,0.0,55,55,0,0,55,55,57618,0,0,0,0,0
2020-08-13,US,Maine,Penobscot,156,5,0,45.40194593,-68.65020455,23019.0,102.5317454057891,3.2051282051282053,151,153,5,0,148,151,151096,3,0,0,3,2
2020-08-13,US,Maine,Piscataquis,6,0,0,45.83839062,-69.2860223,23021.0,35.746201966041106,0.0,6,4,0,0,4,4,16800,2,0,0,2,0
2020-08-13,US,Maine,Sagadahoc,57,0,0,43.95415864,-69.85074999,23023.0,158.96921017402946,0.0,57,56,0,0,56,55,35634,1,0,0,1,1
2020-08-13,US,Maine,Somerset,35,1,0,45.51229767,-69.95995554,23025.0,69.32889628397116,2.8571428571428568,34,33,1,0,32,33,50592,2,0,0,2,0
2020-08-13,US,Maine,Unassigned,1,0,0,0.0,0.0,90023.0,0.0,0.0,1,1,0,0,1,2,,0,0,0,0,-1
2020-08-13,US,Maine,Waldo,62,14,0,44.4858305,-69.12061935,23027.0,156.11230013848672,22.580645161290327,48,62,14,0,48,62,39694,0,0,0,0,0
2020-08-13,US,Maine,Washington,13,0,0,45.01607142,-67.62813524,23029.0,41.42898116574779,0.0,13,13,0,0,13,13,31490,0,0,0,0,0
2020-08-13,US,Maine,York,680,13,0,43.47808377,-70.71052375,23031.0,327.4883091489638,1.9117647058823528,667,680,13,0,667,675,206229,0,0,0,0,5
2020-08-13,US,Maryland,Allegany,312,18,0,39.62357628,-78.69280486,24001.0,443.08111792774366,5.769230769230768,294,303,18,0,285,300,70975,9,0,0,9,3
2020-08-13,US,Maryland,Anne Arundel,7528,228,0,39.00670238,-76.60329337,24003.0,1299.6474654457438,3.028692879914984,7300,7479,228,0,7251,7450,576031,49,0,0,49,29
2020-08-13,US,Maryland,Baltimore,13593,572,0,39.45784712,-76.62911955,24005.0,1642.9167119910073,4.208048260133893,13021,13463,567,0,12896,13374,828431,130,5,0,125,89
2020-08-13,US,Maryland,Baltimore City,13063,435,0,39.30211911,-76.61151012,24510.0,2201.0480378776388,3.330016075939677,12628,12991,434,0,12557,12893,621342,72,1,0,71,98
2020-08-13,US,Maryland,Calvert,724,28,0,38.53961642,-76.56820632,24009.0,782.4912185895703,3.867403314917127,696,715,28,0,687,713,92003,9,0,0,9,2
2020-08-13,US,Maryland,Caroline,455,3,0,38.87172293,-75.82904158,24011.0,1362.0307729150454,0.6593406593406593,452,454,3,0,451,453,33304,1,0,0,1,1
2020-08-13,US,Maryland,Carroll,1583,118,0,39.56453592,-77.02373735,24013.0,939.7614679988363,7.454200884396715,1465,1572,118,0,1454,1567,168429,11,0,0,11,5
2020-08-13,US,Maryland,Cecil,715,30,0,39.56647682,-75.94627411,24015.0,695.1533712507901,4.195804195804196,685,714,30,0,684,708,102826,1,0,0,1,6
2020-08-13,US,Maryland,Charles,2102,92,0,38.51092331,-76.98580666,24017.0,1287.5405036231218,4.376784015223596,2010,2084,91,0,1993,2067,161503,18,1,0,17,17
2020-08-13,US,Maryland,Dorchester,393,5,0,38.45413522,-76.02752426,24019.0,1230.855961664944,1.272264631043257,388,378,5,0,373,378,31998,15,0,0,15,0
2020-08-13,US,Maryland,Frederick,3154,121,0,39.47296601,-77.39999394,24021.0,1215.1941652186306,3.836398224476855,3033,3118,121,0,2997,3093,255648,36,0,0,36,25
2020-08-13,US,Maryland,Garrett,54,0,0,39.52786077,-79.27355126,24023.0,186.11704694285518,0.0,54,53,0,0,53,51,29163,1,0,0,1,2
2020-08-13,US,Maryland,Harford,2055,69,0,39.55010644,-76.30775940000002,24025.0,804.491056643217,3.3576642335766422,1986,2034,69,0,1965,2012,253956,21,0,0,21,22
2020-08-13,US,Maryland,Howard,3967,112,0,39.25305293,-76.93126208,24027.0,1218.0294144738862,2.823292160322662,3855,3941,112,0,3829,3913,323196,26,0,0,26,28
2020-08-13,US,Maryland,Kent,242,23,0,39.24976208,-76.04741541,24029.0,1246.0096797446195,9.504132231404961,219,243,23,0,220,242,19383,-1,0,0,-1,1
2020-08-13,US,Maryland,Montgomery,18752,807,0,39.13676329,-77.20358245,24031.0,1784.7353353231406,4.3035409556314,17945,18641,806,0,17835,18558,1052567,111,1,0,110,83
2020-08-13,US,Maryland,Prince George's,24301,766,0,38.83070039,-76.8496441,24033.0,2672.4159735716635,3.1521336570511496,23535,24098,764,0,23334,24009,909308,203,2,0,201,89
2020-08-13,US,Maryland,Queen Anne's,446,26,0,39.06198912,-76.03530977,24035.0,885.2543617633631,5.829596412556054,420,440,26,0,414,433,50251,6,0,0,6,7
2020-08-13,US,Maryland,Somerset,141,3,0,38.1163542,-75.75118623,24039.0,550.4372267332917,2.127659574468085,138,141,3,0,138,141,25675,0,0,0,0,0
2020-08-13,US,Maryland,St. Mary's,1022,52,0,38.30058422,-76.60629279999998,24037.0,900.3612016562417,5.088062622309199,970,1012,52,0,960,1003,112664,10,0,0,10,9
2020-08-13,US,Maryland,Talbot,411,4,0,38.76618159,-76.10882561,24041.0,1105.403297383072,0.97323600973236,407,404,4,0,400,403,36968,7,0,0,7,1
2020-08-13,US,Maryland,Unassigned,0,12,0,0.0,0.0,90024.0,0.0,0.0,-12,0,14,0,-14,0,,0,-2,0,2,0
2020-08-13,US,Maryland,Washington,1066,31,0,39.60835778,-77.82002295,24043.0,705.7312527722792,2.9080675422138835,1035,1041,31,0,1010,1029,150926,25,0,0,25,12
2020-08-13,US,Maryland,Wicomico,1374,45,0,38.37301947,-75.62705831,24045.0,1326.1396210753892,3.2751091703056767,1329,1361,45,0,1316,1356,103195,13,0,0,13,5
2020-08-13,US,Maryland,Worcester,707,20,0,38.21274277,-75.33200012,24047.0,1352.4370648098554,2.8288543140028284,687,704,20,0,684,697,51823,3,0,0,3,7
2020-08-13,US,Massachusetts,Barnstable,1803,158,0,41.72980578,-70.28854339,25001.0,846.51861589746,8.763172490293954,1645,1803,158,0,1645,1803,213413,0,0,0,0,0
2020-08-13,US,Massachusetts,Berkshire,667,46,0,42.37428441,-73.20524838,25003.0,533.8391599436547,6.896551724137932,621,667,46,0,621,667,126348,0,0,0,0,0
2020-08-13,US,Massachusetts,Bristol,9408,637,0,41.79228404,-71.10872211,25005.0,1664.4934600339334,6.770833333333332,8771,9408,637,0,8771,9408,564022,0,0,0,0,0
2020-08-13,US,Massachusetts,Dukes and Nantucket,103,1,0,41.40674725,-70.68763497,0.0,358.49778984372284,0.9708737864077671,102,103,1,0,102,103,26707,0,0,0,0,0
2020-08-13,US,Massachusetts,Essex,17930,1194,0,42.6687626,-70.94687179,25009.0,2272.3989080318465,6.659230340211935,16736,17930,1194,0,16736,17930,790638,0,0,0,0,0
2020-08-13,US,Massachusetts,Franklin,411,61,0,42.58119713,-72.58602547,25011.0,585.6369335993161,14.841849148418493,350,411,61,0,350,411,70963,0,0,0,0,0
2020-08-13,US,Massachusetts,Hampden,7637,709,0,42.13440424,-72.63235561,25013.0,1637.5339857452848,9.283750163676837,6928,7637,709,0,6928,7637,470406,0,0,0,0,0
2020-08-13,US,Massachusetts,Hampshire,1184,130,0,42.33997957,-72.65898478,25015.0,736.1810607473732,10.979729729729732,1054,1184,130,0,1054,1184,161355,0,0,0,0,0
2020-08-13,US,Massachusetts,Middlesex,26565,2006,0,42.48607732,-71.39049229,25017.0,1648.26062434735,7.551289290419725,24559,26565,2006,0,24559,26565,1614714,0,0,0,0,0
2020-08-13,US,Massachusetts,Norfolk,10682,997,0,42.16073095,-71.20530408,25021.0,1511.3720773937955,9.333458153903763,9685,10682,997,0,9685,10682,705388,0,0,0,0,0
2020-08-13,US,Massachusetts,Plymouth,9288,723,0,41.94070556,-70.80802823,25023.0,1782.034604625462,7.784237726098191,8565,9288,723,0,8565,9288,518132,0,0,0,0,0
2020-08-13,US,Massachusetts,Suffolk,22017,1076,0,42.327951399999996,-71.07850442,25025.0,2738.749631487224,4.8871326702093825,20941,22017,1076,0,20941,22017,807252,0,0,0,0,0
2020-08-13,US,Massachusetts,Unassigned,938,45,0,0.0,0.0,90025.0,0.0,4.797441364605544,893,619,24,0,595,326,,319,21,0,298,293
2020-08-13,US,Massachusetts,Worcester,13686,1007,0,42.35026951,-71.90493363,25027.0,1647.6808945585356,7.3578839690194355,12679,13686,1007,0,12679,13686,830839,0,0,0,0,0
2020-08-13,US,Michigan,Alcona,29,1,0,44.6846864,-83.59507875,26001.0,278.71215761653053,3.4482758620689653,28,29,1,0,28,29,10362,0,0,0,0,0
2020-08-13,US,Michigan,Alger,15,0,0,46.41292944,-86.60260122,26003.0,164.69038208168644,0.0,15,15,0,0,15,12,9097,0,0,0,0,3
2020-08-13,US,Michigan,Allegan,548,6,0,42.59147037,-85.89102866,26005.0,464.08821063507247,1.094890510948905,542,542,6,0,536,532,117327,6,0,0,6,10
2020-08-13,US,Michigan,Alpena,130,13,0,45.03477666,-83.62212411,26007.0,457.6659038901602,10.0,117,130,13,0,117,130,28360,0,0,0,0,0
2020-08-13,US,Michigan,Antrim,41,0,0,44.99690221,-85.15503082,26009.0,175.78459955410736,0.0,41,41,0,0,41,41,23365,0,0,0,0,0
2020-08-13,US,Michigan,Arenac,44,3,0,44.0636262,-83.89277559,26011.0,295.6393200295638,6.8181818181818175,41,43,3,0,40,43,15041,1,0,0,1,0
2020-08-13,US,Michigan,Baraga,5,0,0,46.6720582,-88.36363591,26013.0,60.9087586794981,0.0,5,5,0,0,5,5,8320,0,0,0,0,0
2020-08-13,US,Michigan,Barry,192,2,0,42.59513984,-85.30834519,26015.0,311.94151096669367,1.0416666666666667,190,191,2,0,189,194,61157,1,0,0,1,-3
2020-08-13,US,Michigan,Bay,686,31,0,43.70639106,-83.98731479,26017.0,665.2056707328899,4.518950437317784,655,654,32,0,622,650,103923,32,-1,0,33,4
2020-08-13,US,Michigan,Benzie,30,1,0,44.63899297,-86.01608482,26019.0,168.86187098953056,3.333333333333333,29,30,1,0,29,30,17753,0,0,0,0,0
2020-08-13,US,Michigan,Berrien,1408,67,0,41.95447397,-86.41313079999998,26021.0,917.855815803026,4.758522727272728,1341,1387,67,0,1320,1381,154141,21,0,0,21,6
2020-08-13,US,Michigan,Branch,369,2,0,41.91600556,-85.05929476,26023.0,847.9444814670129,0.5420054200542005,367,367,2,0,365,366,43622,2,0,0,2,1
2020-08-13,US,Michigan,Calhoun,819,42,0,42.24633834,-85.00493569,26025.0,610.4696665896438,5.128205128205129,777,811,42,0,769,802,134487,8,0,0,8,9
2020-08-13,US,Michigan,Cass,345,14,0,41.91522292,-85.99405727,26027.0,666.1903566532143,4.057971014492754,331,340,14,0,326,336,51653,5,0,0,5,4
2020-08-13,US,Michigan,Charlevoix,51,2,0,45.37790017,-85.19614053,26029.0,195.08090119726123,3.92156862745098,49,50,2,0,48,49,26244,1,0,0,1,1
2020-08-13,US,Michigan,Cheboygan,53,2,0,45.44787015,-84.50122149,26031.0,209.6850767526508,3.7735849056603774,51,50,2,0,48,50,25413,3,0,0,3,0
2020-08-13,US,Michigan,Chippewa,44,0,0,46.29552653,-84.54353449,26033.0,117.80770569493158,0.0,44,43,0,0,43,42,37517,1,0,0,1,1
2020-08-13,US,Michigan,Clare,80,3,0,43.98794227,-84.84819859999998,26035.0,258.48142164781905,3.75,77,74,3,0,71,74,30757,6,0,0,6,0
2020-08-13,US,Michigan,Clinton,430,13,0,42.94400871,-84.60145248,26037.0,540.2349393806144,3.0232558139534884,417,426,13,0,413,425,79332,4,0,0,4,1
2020-08-13,US,Michigan,Crawford,107,5,0,44.68255561,-84.61006219,26039.0,762.7058236510086,4.672897196261682,102,107,5,0,102,107,13901,0,0,0,0,0
2020-08-13,US,Michigan,Delta,106,3,0,45.90484910000001,-86.9080745,26041.0,296.2217750950145,2.830188679245283,103,104,3,0,101,101,35857,2,0,0,2,3
2020-08-13,US,Michigan,Dickinson,62,2,0,46.00999672,-87.86961634,26043.0,245.6515709814176,3.2258064516129035,60,58,2,0,56,58,25383,4,0,0,4,0
2020-08-13,US,Michigan,Eaton,465,8,0,42.59599185,-84.83740035,26045.0,421.6998585264991,1.7204301075268815,457,461,8,0,453,463,109826,4,0,0,4,-2
2020-08-13,US,Michigan,Emmet,67,2,0,45.52625509,-84.89083249,26047.0,200.50875355379318,2.985074626865672,65,65,2,0,63,64,33308,2,0,0,2,1
2020-08-13,US,Michigan,Federal Correctional Institution (FCI),195,5,0,0.0,0.0,0.0,0.0,2.5641025641025643,190,194,5,0,189,194,,1,0,0,1,0
2020-08-13,US,Michigan,Genesee,3699,299,0,43.02244215,-83.70589709,26049.0,911.5035743063924,8.083265747499324,3400,3683,296,0,3387,3674,406892,16,3,0,13,9
2020-08-13,US,Michigan,Gladwin,62,2,0,43.98901072,-84.38774817,26051.0,243.6245039097804,3.2258064516129035,60,59,2,0,57,59,25337,3,0,0,3,0
2020-08-13,US,Michigan,Gogebic,130,1,0,46.40862701,-89.69377193,26053.0,930.2325581395347,0.7692307692307693,129,125,1,0,124,125,15096,5,0,0,5,0
2020-08-13,US,Michigan,Grand Traverse,224,5,0,44.69565625,-85.55585247,26055.0,240.63251976624267,2.232142857142857,219,220,5,0,215,217,92573,4,0,0,4,3
2020-08-13,US,Michigan,Gratiot,161,15,0,43.29265605,-84.60505416,26057.0,395.47051165532656,9.316770186335404,146,157,15,0,142,157,40599,4,0,0,4,0
2020-08-13,US,Michigan,Hillsdale,281,25,0,41.88753639,-84.59312019,26059.0,616.1605087161496,8.896797153024911,256,278,25,0,253,272,45749,3,0,0,3,6
2020-08-13,US,Michigan,Houghton,51,0,0,46.89988536,-88.68495385,26061.0,142.9211971752046,0.0,51,50,0,0,50,50,36219,1,0,0,1,0
2020-08-13,US,Michigan,Huron,165,4,0,43.83353985,-83.04078453,26063.0,532.584487266389,2.4242424242424243,161,161,4,0,157,159,31166,4,0,0,4,2
2020-08-13,US,Michigan,Ingham,1588,32,0,42.59716886,-84.37472069,26065.0,543.0805113438165,2.0151133501259446,1556,1570,32,0,1538,1558,292735,18,0,0,18,12
2020-08-13,US,Michigan,Ionia,275,7,0,42.94502238,-85.07413319,26067.0,425.05834891880613,2.5454545454545454,268,274,7,0,267,274,64210,1,0,0,1,0
2020-08-13,US,Michigan,Iosco,135,12,0,44.35486835,-83.63484895,26069.0,537.2706650216899,8.888888888888891,123,134,12,0,122,134,25081,1,0,0,1,0
2020-08-13,US,Michigan,Iron,20,1,0,46.20974132,-88.53136251,26071.0,180.73377914332195,5.0,19,20,1,0,19,20,11117,0,0,0,0,0
2020-08-13,US,Michigan,Isabella,222,9,0,43.64060976,-84.84664923,26073.0,317.72383787497137,4.0540540540540535,213,210,9,0,201,209,70562,12,0,0,12,1
2020-08-13,US,Michigan,Jackson,724,34,0,42.24807035,-84.42258681,26075.0,456.75351712825693,4.696132596685083,690,722,34,0,688,713,158823,2,0,0,2,9
2020-08-13,US,Michigan,Kalamazoo,1700,83,0,42.24542231,-85.53038622,26077.0,641.3497015837565,4.882352941176472,1617,1686,83,0,1603,1655,264870,14,0,0,14,31
2020-08-13,US,Michigan,Kalkaska,54,4,0,44.68512729,-85.09085699,26079.0,299.3680008870163,7.407407407407407,50,54,4,0,50,54,17824,0,0,0,0,0
2020-08-13,US,Michigan,Kent,7671,157,0,43.03197711,-85.54934642,26081.0,1167.6598853802773,2.046669273888672,7514,7629,157,0,7472,7600,653786,42,0,0,42,29
2020-08-13,US,Michigan,Keweenaw,3,0,0,47.63197653,-88.41434263,26083.0,141.77693761814746,0.0,3,3,0,0,3,3,2113,0,0,0,0,0
2020-08-13,US,Michigan,Lake,27,0,0,43.99050893,-85.802173,26085.0,227.7904328018224,0.0,27,26,0,0,26,25,11881,1,0,0,1,1
2020-08-13,US,Michigan,Lapeer,482,33,0,43.09052506,-83.22153148,26087.0,550.1843459997489,6.846473029045643,449,472,33,0,439,471,88028,10,0,0,10,1
2020-08-13,US,Michigan,Leelanau,74,0,0,44.94430054,-85.80150326,26089.0,340.0579017508386,0.0,74,73,0,0,73,75,21764,1,0,0,1,-2
2020-08-13,US,Michigan,Lenawee,458,12,0,41.89475156,-84.06603727,26091.0,465.2060415841384,2.6200873362445414,446,440,12,0,428,436,98266,18,0,0,18,4
2020-08-13,US,Michigan,Livingston,869,28,0,42.60302282,-83.91297209,26093.0,452.61595354045687,3.222094361334868,841,850,28,0,822,842,191224,19,0,0,19,8
2020-08-13,US,Michigan,Luce,4,0,0,46.47227431,-85.54471223,26095.0,64.21576497030021,0.0,4,4,0,0,4,3,6283,0,0,0,0,1
2020-08-13,US,Michigan,Mackinac,26,0,0,46.07028979,-85.04980537,26097.0,240.7630336142236,0.0,26,26,0,0,26,26,10787,0,0,0,0,0
2020-08-13,US,Michigan,Macomb,10953,949,0,42.69158356,-82.92752801,26099.0,1253.2438110145406,8.664292887793298,10004,10794,949,0,9845,10676,874759,159,0,0,159,118
2020-08-13,US,Michigan,Manistee,40,0,0,44.33352407,-86.05626916,26101.0,162.87971333170455,0.0,40,40,0,0,40,40,24528,0,0,0,0,0
2020-08-13,US,Michigan,Marquette,179,11,0,46.4338914,-87.64043701,26103.0,268.3698406272958,6.145251396648044,168,172,11,0,161,173,66516,7,0,0,7,-1
2020-08-13,US,Michigan,Mason,103,0,0,43.99509218,-86.24988902,26105.0,353.4175130387044,0.0,103,103,0,0,103,103,29100,0,0,0,0,0
2020-08-13,US,Michigan,Mecosta,70,2,0,43.64064262,-85.32463223,26107.0,161.09359537891515,2.8571428571428568,68,69,2,0,67,69,43545,1,0,0,1,0
2020-08-13,US,Michigan,Menominee,153,0,0,45.58038692,-87.55370409,26109.0,671.6417910447761,0.0,153,150,0,0,150,147,22983,3,0,0,3,3
2020-08-13,US,Michigan,Michigan Department of Corrections (MDOC),4598,69,0,0.0,0.0,0.0,0.0,1.500652457590257,4529,4598,69,0,4529,4594,,0,0,0,0,4
2020-08-13,US,Michigan,Midland,348,10,0,43.64330771,-84.38804374,26111.0,418.4905478859012,2.8735632183908044,338,344,10,0,334,342,83209,4,0,0,4,2
2020-08-13,US,Michigan,Missaukee,42,1,0,44.33772443,-85.09256478,26113.0,277.81452573091684,2.380952380952381,41,41,1,0,40,41,15113,1,0,0,1,0
2020-08-13,US,Michigan,Monroe,1032,25,0,41.92734151,-83.53749864,26115.0,685.7142857142858,2.4224806201550386,1007,1016,25,0,991,1005,150439,16,0,0,16,11
2020-08-13,US,Michigan,Montcalm,199,2,0,43.31082541,-85.15252824,26117.0,311.4825945404458,1.0050251256281406,197,193,1,0,192,195,63968,6,1,0,5,-2
2020-08-13,US,Michigan,Montmorency,8,0,0,45.0275929,-84.12696227,26119.0,85.76329331046313,0.0,8,8,0,0,8,9,9265,0,0,0,0,-1
2020-08-13,US,Michigan,Muskegon,1202,61,0,43.29123859,-86.15176712,26121.0,692.5319475012387,5.074875207986689,1141,1195,59,0,1136,1187,173588,7,2,0,5,8
2020-08-13,US,Michigan,Newaygo,258,0,0,43.554373999999996,-85.80070107,26123.0,526.7456104532462,0.0,258,254,0,0,254,251,48892,4,0,0,4,3
2020-08-13,US,Michigan,Oakland,16083,1136,0,42.66090111,-83.38595416,26125.0,1278.880774564562,7.06335882608966,14947,15876,1133,0,14743,15751,1259201,207,3,0,204,125
2020-08-13,US,Michigan,Oceana,479,6,0,43.64124435,-86.26726673,26127.0,1809.8008841198475,1.2526096033402925,473,479,6,0,473,479,26625,0,0,0,0,0
2020-08-13,US,Michigan,Ogemaw,54,3,0,44.33481032,-84.12725175,26129.0,257.17959708529787,5.5555555555555545,51,54,3,0,51,54,20952,0,0,0,0,0
2020-08-13,US,Michigan,Ontonagon,20,0,0,46.665226200000006,-89.31390481,26131.0,349.65034965034965,0.0,20,18,0,0,18,16,5795,2,0,0,2,2
2020-08-13,US,Michigan,Osceola,71,0,0,43.98992088,-85.32566756,26133.0,302.64279624893436,0.0,71,71,0,0,71,71,23341,0,0,0,0,0
2020-08-13,US,Michigan,Oscoda,24,1,0,44.68192279,-84.12939244,26135.0,291.2267928649436,4.166666666666667,23,24,1,0,23,24,8276,0,0,0,0,0
2020-08-13,US,Michigan,Otsego,135,11,0,45.02085831,-84.59898295,26137.0,547.2677152586347,8.148148148148149,124,135,11,0,124,135,24665,0,0,0,0,0
2020-08-13,US,Michigan,Ottawa,1873,59,0,42.95996803,-85.9969107,26139.0,641.8120138436761,3.1500266951414844,1814,1856,57,0,1799,1852,290494,17,2,0,15,4
2020-08-13,US,Michigan,Out of MI,119,1,0,0.0,0.0,80026.0,0.0,0.8403361344537815,118,102,1,0,101,90,,17,0,0,17,12
2020-08-13,US,Michigan,Presque Isle,21,1,0,45.34018577,-83.91498656,26141.0,166.77255400254128,4.761904761904762,20,20,1,0,19,20,12738,1,0,0,1,0
2020-08-13,US,Michigan,Roscommon,57,2,0,44.33473082,-84.61067651,26143.0,237.31212789874684,3.5087719298245608,55,55,2,0,53,54,23884,2,0,0,2,1
2020-08-13,US,Michigan,Saginaw,2115,128,0,43.33433923,-84.05131209999998,26145.0,1110.0089745406447,6.052009456264774,1987,2071,128,0,1943,2054,190800,44,0,0,44,17
2020-08-13,US,Michigan,Sanilac,111,6,0,43.42406072,-82.82055898,26151.0,269.61379645372847,5.405405405405406,105,109,6,0,103,110,41182,2,0,0,2,-1
2020-08-13,US,Michigan,Schoolcraft,13,0,0,46.19235734,-86.19972234,26153.0,160.6127996046454,0.0,13,13,0,0,13,13,8068,0,0,0,0,0
2020-08-13,US,Michigan,Shiawassee,350,28,0,42.95392800000001,-84.14585902,26155.0,513.7840932444732,8.0,322,348,28,0,320,350,68192,2,0,0,2,-2
2020-08-13,US,Michigan,St. Clair,837,53,0,42.92655373,-82.67937954,26147.0,525.9916545171183,6.332138590203106,784,829,53,0,776,826,159337,8,0,0,8,3
2020-08-13,US,Michigan,St. Joseph,608,10,0,41.91441767,-85.52797979,26149.0,997.3098878026376,1.6447368421052633,598,603,9,0,594,600,61043,5,1,0,4,3
2020-08-13,US,Michigan,Tuscola,367,29,0,43.46606813,-83.41897025,26157.0,702.4595655086612,7.901907356948229,338,362,29,0,333,356,52516,5,0,0,5,6
2020-08-13,US,Michigan,Unassigned,30,1,0,0.0,0.0,90026.0,0.0,3.333333333333333,29,9,1,0,8,6,,21,0,0,21,3
2020-08-13,US,Michigan,Van Buren,478,10,0,42.25190229,-86.01939087,26159.0,631.6318035862944,2.092050209205021,468,461,10,0,451,457,75448,17,0,0,17,4
2020-08-13,US,Michigan,Washtenaw,2640,113,0,42.253105,-83.83853204,26161.0,718.1699723341341,4.28030303030303,2527,2613,113,0,2500,2582,370963,27,0,0,27,31
2020-08-13,US,Michigan,Wayne,28690,2833,0,42.28098405,-83.281255,26163.0,1640.0442909137887,9.874520738933427,25857,28391,2828,0,25563,28423,1753893,299,5,0,294,-32
2020-08-13,US,Michigan,Wexford,70,4,0,44.33853602,-85.57712739,26165.0,208.14129820701137,5.7142857142857135,66,70,4,0,66,69,33466,0,0,0,0,1
2020-08-13,US,Minnesota,Aitkin,41,1,0,46.60962049,-93.41168259999999,27001.0,258.0888832934659,2.4390243902439024,40,40,1,0,39,41,15902,1,0,0,1,-1
2020-08-13,US,Minnesota,Anoka,3841,115,0,45.27476015,-93.24604565,27003.0,1076.1485034503432,2.9940119760479043,3726,3792,115,0,3677,3752,353813,49,0,0,49,40
2020-08-13,US,Minnesota,Becker,162,1,0,46.93479392,-95.67158144,27005.0,470.615576794585,0.6172839506172839,161,161,1,0,160,161,34371,1,0,0,1,0
2020-08-13,US,Minnesota,Beltrami,264,0,0,47.97373527,-94.93732139,27007.0,559.4642705772654,0.0,264,249,0,0,249,244,46847,15,0,0,15,5
2020-08-13,US,Minnesota,Benton,325,3,0,45.69804958,-93.99514135,27009.0,794.8347966445742,0.9230769230769232,322,323,3,0,320,320,40545,2,0,0,2,3
2020-08-13,US,Minnesota,Big Stone,25,0,0,45.42712824,-96.41403739,27011.0,500.9016229212583,0.0,25,22,0,0,22,22,4989,3,0,0,3,0
2020-08-13,US,Minnesota,Blue Earth,946,5,0,44.03554215,-94.06699781,27013.0,1398.3119743396448,0.5285412262156448,941,941,5,0,936,932,67427,5,0,0,5,9
2020-08-13,US,Minnesota,Brown,92,2,0,44.24205652,-94.72562874,27015.0,367.8822776711452,2.1739130434782608,90,89,2,0,87,89,25111,3,0,0,3,0
2020-08-13,US,Minnesota,Carlton,147,0,0,46.59180601,-92.67601019,27017.0,409.801789746592,0.0,147,145,0,0,145,142,35837,2,0,0,2,3
2020-08-13,US,Minnesota,Carver,899,3,0,44.82017001,-93.80099179999999,27019.0,855.4653674504468,0.3337041156840934,896,890,3,0,887,878,103551,9,0,0,9,12
2020-08-13,US,Minnesota,Cass,80,2,0,46.95043611,-94.32603968,27021.0,268.6456899157124,2.5,78,76,2,0,74,74,29519,4,0,0,4,2
2020-08-13,US,Minnesota,Chippewa,117,1,0,45.02343421,-95.56403693,27023.0,991.5254237288136,0.8547008547008547,116,109,1,0,108,107,11924,8,0,0,8,2
2020-08-13,US,Minnesota,Chisago,209,1,0,45.5021011,-92.90861945,27025.0,369.3950052139488,0.4784688995215311,208,207,1,0,206,204,55922,2,0,0,2,3
2020-08-13,US,Minnesota,Clay,794,40,0,46.89289518,-96.48761922,27027.0,1236.3364579116192,5.037783375314862,754,792,40,0,752,788,63955,2,0,0,2,4
2020-08-13,US,Minnesota,Clearwater,14,0,0,47.57992111,-95.37790562,27029.0,158.76616012701294,0.0,14,14,0,0,14,14,8810,0,0,0,0,0
2020-08-13,US,Minnesota,Cook,5,0,0,47.90504893,-90.52629546,27031.0,91.52480322167307,0.0,5,5,0,0,5,5,5393,0,0,0,0,0
2020-08-13,US,Minnesota,Cottonwood,178,0,0,44.00715262,-95.18138802,27033.0,1589.853519113969,0.0,178,177,0,0,177,178,11277,1,0,0,1,-1
2020-08-13,US,Minnesota,Crow Wing,252,14,0,46.48096553,-94.06755609,27035.0,387.36453769887015,5.5555555555555545,238,246,14,0,232,238,64889,6,0,0,6,8
2020-08-13,US,Minnesota,Dakota,4610,106,0,44.67172617,-93.06299363,27037.0,1074.5394747576456,2.299349240780911,4504,4558,106,0,4452,4507,425423,52,0,0,52,51
2020-08-13,US,Minnesota,Dodge,131,0,0,44.02238415,-92.86244324,27039.0,625.7762491640392,0.0,131,131,0,0,131,129,20822,0,0,0,0,2
2020-08-13,US,Minnesota,Douglas,144,2,0,45.93348491,-95.45335469,27041.0,377.5464723001496,1.3888888888888888,142,144,2,0,142,144,37964,0,0,0,0,0
2020-08-13,US,Minnesota,Faribault,92,0,0,43.67381499,-93.94787458,27043.0,673.8445762836006,0.0,92,89,0,0,89,89,13758,3,0,0,3,0
2020-08-13,US,Minnesota,Fillmore,72,0,0,43.67394126,-92.08980382,27045.0,341.7667441970855,0.0,72,71,0,0,71,67,21058,1,0,0,1,4
2020-08-13,US,Minnesota,Freeborn,361,1,0,43.67385583,-93.34884422,27047.0,1192.1667051946765,0.2770083102493075,360,360,1,0,359,360,30444,1,0,0,1,0
2020-08-13,US,Minnesota,Goodhue,205,9,0,44.40849741,-92.72341949999999,27049.0,442.3823910228744,4.390243902439025,196,202,9,0,193,199,46403,3,0,0,3,3
2020-08-13,US,Minnesota,Grant,56,3,0,45.93424769,-96.01139609,27051.0,937.7093101138647,5.357142857142857,53,56,3,0,53,56,6021,0,0,0,0,0
2020-08-13,US,Minnesota,Hennepin,19873,842,0,45.00761521,-93.47694895,27053.0,1569.9419280274094,4.236904342575353,19031,19677,840,0,18837,19569,1259428,196,2,0,194,108
2020-08-13,US,Minnesota,Houston,45,0,0,43.67129565,-91.49143057,27055.0,241.9354838709677,0.0,45,44,0,0,44,42,18578,1,0,0,1,2
2020-08-13,US,Minnesota,Hubbard,36,0,0,47.10778564,-94.91693868,27057.0,167.51198175980642,0.0,36,35,0,0,35,35,21332,1,0,0,1,0
2020-08-13,US,Minnesota,Isanti,137,0,0,45.56181234,-93.29487636,27059.0,337.4716720859198,0.0,137,131,0,0,131,129,39966,6,0,0,6,2
2020-08-13,US,Minnesota,Itasca,146,12,0,47.51009045,-93.63092229,27061.0,323.5098604032794,8.219178082191782,134,146,12,0,134,146,45108,0,0,0,0,0
2020-08-13,US,Minnesota,Jackson,79,0,0,43.67423373,-95.15398258,27063.0,802.3562868169815,0.0,79,79,0,0,79,79,9911,0,0,0,0,0
2020-08-13,US,Minnesota,Kanabec,37,2,0,45.9459309,-93.29275192,27065.0,226.4797698475853,5.405405405405406,35,37,2,0,35,37,16207,0,0,0,0,0
2020-08-13,US,Minnesota,Kandiyohi,714,1,0,45.1526059,-95.00586446,27067.0,1652.8160374082736,0.1400560224089636,713,705,1,0,704,702,42855,9,0,0,9,3
2020-08-13,US,Minnesota,Kittson,3,0,0,48.77754106,-96.78317184,27069.0,69.79990693345742,0.0,3,3,0,0,3,3,4248,0,0,0,0,0
2020-08-13,US,Minnesota,Koochiching,83,3,0,48.24539665,-93.78352843,27071.0,678.7145310327909,3.614457831325301,80,80,3,0,77,79,12440,3,0,0,3,1
2020-08-13,US,Minnesota,Lac qui Parle,8,0,0,44.9973857,-96.17488219,27073.0,120.7911822436962,0.0,8,8,0,0,8,8,6658,0,0,0,0,0
2020-08-13,US,Minnesota,Lake,22,0,0,47.64270764,-91.44557998,27075.0,206.74748613852088,0.0,22,22,0,0,22,21,10658,0,0,0,0,1
2020-08-13,US,Minnesota,Lake of the Woods,4,0,0,48.77217001,-94.90274472,27077.0,106.951871657754,0.0,4,4,0,0,4,4,3758,0,0,0,0,0
2020-08-13,US,Minnesota,Le Sueur,230,1,0,44.37136597,-93.72844721,27079.0,796.2059057707619,0.43478260869565216,229,230,1,0,229,226,28494,0,0,0,0,4
2020-08-13,US,Minnesota,Lincoln,61,0,0,44.41311883,-96.26688165,27081.0,1081.752083702784,0.0,61,59,0,0,59,58,5673,2,0,0,2,1
2020-08-13,US,Minnesota,Lyon,426,3,0,44.41327865,-95.83806103,27083.0,1672.293318677867,0.7042253521126759,423,425,3,0,422,425,25629,1,0,0,1,0
2020-08-13,US,Minnesota,Mahnomen,27,1,0,47.32557075,-95.80921485,27087.0,488.5109462637959,3.703703703703704,26,27,1,0,26,27,5519,0,0,0,0,0
2020-08-13,US,Minnesota,Marshall,29,0,0,48.35825983,-96.37017407,27089.0,310.62553556126824,0.0,29,29,0,0,29,29,9390,0,0,0,0,0
2020-08-13,US,Minnesota,Martin,210,5,0,43.67429718,-94.55099908,27091.0,1066.9105319311082,2.380952380952381,205,209,5,0,204,209,19785,1,0,0,1,0
2020-08-13,US,Minnesota,McLeod,224,0,0,44.82367677,-94.27287017,27085.0,624.0771181010225,0.0,224,208,0,0,208,202,35873,16,0,0,16,6
2020-08-13,US,Minnesota,Meeker,87,2,0,45.12328869,-94.52839455,27093.0,374.64473344242515,2.2988505747126435,85,87,2,0,85,87,23141,0,0,0,0,0
2020-08-13,US,Minnesota,Mille Lacs,73,3,0,45.93705297,-93.63236823,27095.0,277.80949119001406,4.109589041095891,70,72,3,0,69,72,26139,1,0,0,1,0
2020-08-13,US,Minnesota,Morrison,94,1,0,46.01265363,-94.27341528,27097.0,281.5551428742586,1.0638297872340423,93,93,1,0,92,93,33169,1,0,0,1,0
2020-08-13,US,Minnesota,Mower,1111,2,0,43.67142874,-92.75234549,27099.0,2773.2015376166937,0.18001800180018002,1109,1107,2,0,1105,1105,40011,4,0,0,4,2
2020-08-13,US,Minnesota,Murray,125,1,0,44.02216709,-95.76328482,27101.0,1525.506468147425,0.8,124,124,1,0,123,124,8276,1,0,0,1,0
2020-08-13,US,Minnesota,Nicollet,356,13,0,44.35291112,-94.24710352,27103.0,1038.6882184746457,3.651685393258427,343,351,13,0,338,347,34220,5,0,0,5,4
2020-08-13,US,Minnesota,Nobles,1777,7,0,43.67434621,-95.75329576,27105.0,8215.821350963983,0.3939223410241981,1770,1773,6,0,1767,1768,21924,4,1,0,3,5
2020-08-13,US,Minnesota,Norman,40,0,0,47.32628443,-96.45620947,27107.0,627.4509803921569,0.0,40,40,0,0,40,40,6475,0,0,0,0,0
2020-08-13,US,Minnesota,Olmsted,1791,23,0,44.00374114,-92.40209944,27109.0,1131.44611574738,1.2841987716359575,1768,1781,23,0,1758,1767,156277,10,0,0,10,14
2020-08-13,US,Minnesota,Otter Tail,204,4,0,46.40846929,-95.70835255,27111.0,347.2576856296599,1.96078431372549,200,198,3,0,195,198,58812,6,1,0,5,0
2020-08-13,US,Minnesota,Pennington,75,1,0,48.06642577,-96.0370814,27113.0,531.1990934202139,1.3333333333333333,74,75,1,0,74,75,14178,0,0,0,0,0
2020-08-13,US,Minnesota,Pine,129,0,0,46.12105238,-92.74070188,27115.0,436.12022042665404,0.0,129,129,0,0,129,129,29483,0,0,0,0,0
2020-08-13,US,Minnesota,Pipestone,158,9,0,44.02301619,-96.25841142,27117.0,1731.3171159325007,5.69620253164557,149,158,9,0,149,158,9047,0,0,0,0,0
2020-08-13,US,Minnesota,Polk,156,4,0,47.77372465,-96.40134647,27119.0,497.3855375589848,2.5641025641025643,152,156,4,0,152,155,31529,0,0,0,0,1
2020-08-13,US,Minnesota,Pope,48,0,0,45.58606667,-95.44451209,27121.0,426.7045959640857,0.0,48,48,0,0,48,48,11097,0,0,0,0,0
2020-08-13,US,Minnesota,Ramsey,7827,270,0,45.01625271,-93.09872295,27123.0,1422.2608259543067,3.449597546952856,7557,7775,269,0,7506,7717,550210,52,1,0,51,58
2020-08-13,US,Minnesota,Red Lake,24,0,0,47.87197525,-96.09561104,27125.0,591.8618988902589,0.0,24,24,0,0,24,24,3999,0,0,0,0,0
2020-08-13,US,Minnesota,Redwood,37,0,0,44.40555844,-95.25207021,27127.0,243.90243902439025,0.0,37,36,0,0,36,36,15249,1,0,0,1,0
2020-08-13,US,Minnesota,Renville,67,5,0,44.72836381,-94.94553734,27129.0,460.54440472917236,7.462686567164179,62,67,5,0,62,66,14612,0,0,0,0,1
2020-08-13,US,Minnesota,Rice,1046,8,0,44.3543376,-93.29658715,27131.0,1561.8467419219974,0.7648183556405354,1038,1042,8,0,1034,1038,66523,4,0,0,4,4
2020-08-13,US,Minnesota,Rock,86,0,0,43.67482683,-96.25296832,27133.0,923.2420826623725,0.0,86,85,0,0,85,85,9414,1,0,0,1,0
2020-08-13,US,Minnesota,Roseau,53,0,0,48.77501878,-95.81079919,27135.0,349.4889548302011,0.0,53,53,0,0,53,52,15150,0,0,0,0,1
2020-08-13,US,Minnesota,Scott,1634,22,0,44.6490231,-93.53340251,27139.0,1096.5486232744797,1.346389228886169,1612,1608,22,0,1586,1590,147381,26,0,0,26,18
2020-08-13,US,Minnesota,Sherburne,753,10,0,45.44447208,-93.77617511,27141.0,774.3886135050084,1.3280212483399734,743,737,10,0,727,732,96036,16,0,0,16,5
2020-08-13,US,Minnesota,Sibley,86,2,0,44.5796592,-94.23164924,27143.0,578.5401950891355,2.3255813953488373,84,84,2,0,82,84,15028,2,0,0,2,0
2020-08-13,US,Minnesota,St. Louis,621,20,0,47.604840700000004,-92.46879855,27137.0,311.95057015120307,3.2206119162640903,601,600,20,0,580,573,199754,21,0,0,21,27
2020-08-13,US,Minnesota,Stearns,2928,20,0,45.55192576,-94.61078221,27145.0,1817.786745304982,0.6830601092896175,2908,2913,20,0,2893,2909,159256,15,0,0,15,4
2020-08-13,US,Minnesota,Steele,356,2,0,44.02240351,-93.22627088,27147.0,971.3771180659774,0.5617977528089888,354,351,2,0,349,351,36803,5,0,0,5,0
2020-08-13,US,Minnesota,Stevens,18,0,0,45.58613007,-96.00163705,27149.0,183.5798062213157,0.0,18,18,0,0,18,18,9753,0,0,0,0,0
2020-08-13,US,Minnesota,Swift,56,1,0,45.2829032,-95.68264092,27151.0,604.360025901144,1.7857142857142858,55,55,1,0,54,55,9345,1,0,0,1,0
2020-08-13,US,Minnesota,Todd,430,2,0,46.06996226,-94.89785296,27153.0,1743.4317223483622,0.4651162790697674,428,429,2,0,427,429,24582,1,0,0,1,0
2020-08-13,US,Minnesota,Traverse,13,0,0,45.77298854,-96.47062949,27155.0,398.8953666768948,0.0,13,11,0,0,11,11,3308,2,0,0,2,0
2020-08-13,US,Minnesota,Unassigned,135,46,0,0.0,0.0,90027.0,0.0,34.074074074074076,89,133,46,0,87,131,,2,0,0,2,2
2020-08-13,US,Minnesota,Wabasha,93,0,0,44.28424356,-92.23121312,27157.0,430.0180330142877,0.0,93,92,0,0,92,93,21645,1,0,0,1,-1
2020-08-13,US,Minnesota,Wadena,28,0,0,46.58589171,-94.96968506,27159.0,204.648443210057,0.0,28,27,0,0,27,27,13773,1,0,0,1,0
2020-08-13,US,Minnesota,Waseca,156,1,0,44.02211116,-93.58720034,27161.0,838.1689232753063,0.6410256410256411,155,149,0,0,149,149,18691,7,1,0,6,0
2020-08-13,US,Minnesota,Washington,2227,48,0,45.03864533,-92.88429635,27163.0,848.5749123609205,2.1553659631791646,2179,2192,47,0,2145,2163,259201,35,1,0,34,29
2020-08-13,US,Minnesota,Watonwan,367,1,0,43.97823903,-94.61413846,27165.0,3367.8994218592275,0.2724795640326976,366,328,1,0,327,323,10980,39,0,0,39,5
2020-08-13,US,Minnesota,Wilkin,35,3,0,46.35721532,-96.4684375,27167.0,563.8794908973739,8.571428571428571,32,35,3,0,32,34,6254,0,0,0,0,1
2020-08-13,US,Minnesota,Winona,266,16,0,43.98772283,-91.78081305,27169.0,526.8996117581809,6.015037593984963,250,265,16,0,249,264,50825,1,0,0,1,1
2020-08-13,US,Minnesota,Wright,918,5,0,45.17297924,-93.96234781,27171.0,663.4050456361967,0.5446623093681917,913,903,5,0,898,897,136349,15,0,0,15,6
2020-08-13,US,Minnesota,Yellow Medicine,53,0,0,44.71710183,-95.86842453,27173.0,545.8852610979503,0.0,53,52,0,0,52,52,9795,1,0,0,1,0
2020-08-13,US,Mississippi,Adams,647,26,0,31.47669768,-91.35326037,28001.0,2107.972501873391,4.01854714064915,621,642,26,0,616,632,31192,5,0,0,5,10
2020-08-13,US,Mississippi,Alcorn,445,5,0,34.88084463,-88.57996173,28003.0,1204.2324033231405,1.1235955056179776,440,439,5,0,434,435,36925,6,0,0,6,4
2020-08-13,US,Mississippi,Amite,242,6,0,31.17467303,-90.80501621,28005.0,1967.9596649589328,2.479338842975207,236,240,6,0,234,237,12326,2,0,0,2,3
2020-08-13,US,Mississippi,Attala,539,25,0,33.08658803,-89.57838564,28007.0,2965.77528337185,4.638218923933209,514,533,25,0,508,527,18365,6,0,0,6,6
2020-08-13,US,Mississippi,Benton,157,1,0,34.81681228,-89.18945516,28009.0,1900.956532267829,0.6369426751592356,156,154,1,0,153,145,8271,3,0,0,3,9
2020-08-13,US,Mississippi,Bolivar,1167,37,0,33.79696941,-90.87372121,28011.0,3810.238996996213,3.1705227077977716,1130,1156,36,0,1120,1136,31333,11,1,0,10,20
2020-08-13,US,Mississippi,Calhoun,428,9,0,33.93683395,-89.33686647,28013.0,2980.2938514031057,2.102803738317757,419,426,9,0,417,425,14436,2,0,0,2,1
2020-08-13,US,Mississippi,Carroll,263,11,0,33.44834567,-89.91994479,28015.0,2644.013270332764,4.182509505703422,252,262,11,0,251,261,9911,1,0,0,1,1
2020-08-13,US,Mississippi,Chickasaw,491,19,0,33.91983202,-88.9481545,28017.0,2870.8413728585633,3.8696537678207736,472,488,19,0,469,476,17171,3,0,0,3,12
2020-08-13,US,Mississippi,Choctaw,138,4,0,33.34598242,-89.24809382,28019.0,1680.8769792935445,2.898550724637681,134,138,4,0,134,135,8278,0,0,0,0,3
2020-08-13,US,Mississippi,Claiborne,410,14,0,31.97061673,-90.90702196,28021.0,4561.637739207833,3.414634146341464,396,409,14,0,395,409,9002,1,0,0,1,0
2020-08-13,US,Mississippi,Clarke,355,28,0,32.04158545,-88.68896219999998,28023.0,2284.280290843575,7.887323943661972,327,343,28,0,315,336,15604,12,0,0,12,7
2020-08-13,US,Mississippi,Clay,406,14,0,33.65358105,-88.77784255,28025.0,2101.884448125906,3.4482758620689653,392,404,14,0,390,401,19386,2,0,0,2,3
2020-08-13,US,Mississippi,Coahoma,798,13,0,34.22772299,-90.60415045,28027.0,3606.9426866751037,1.629072681704261,785,789,13,0,776,781,22628,9,0,0,9,8
2020-08-13,US,Mississippi,Copiah,973,29,0,31.86977774,-90.44565118,28029.0,3466.951719223232,2.9804727646454263,944,971,28,0,943,962,28543,2,1,0,1,9
2020-08-13,US,Mississippi,Covington,641,15,0,31.63225413,-89.55389939,28031.0,3439.579308864563,2.3400936037441498,626,637,15,0,622,622,18853,4,0,0,4,15
2020-08-13,US,Mississippi,DeSoto,3796,32,0,34.87625235,-89.99091418,28033.0,2052.5020952174973,0.8429926238145417,3764,3753,31,0,3722,3710,182001,43,1,0,42,43
2020-08-13,US,Mississippi,Forrest,1865,57,0,31.18961454,-89.25832496,28035.0,2490.086385302482,3.0563002680965146,1808,1858,57,0,1801,1826,75036,7,0,0,7,32
2020-08-13,US,Mississippi,Franklin,137,2,0,31.47786634,-90.89672989,28037.0,1776.2219629197461,1.45985401459854,135,135,2,0,133,131,7788,2,0,0,2,4
2020-08-13,US,Mississippi,George,605,9,0,30.86259065,-88.64436789,28039.0,2469.387755102041,1.487603305785124,596,603,8,0,595,595,24250,2,1,0,1,8
2020-08-13,US,Mississippi,Greene,262,13,0,31.21444233,-88.63922281,28041.0,1928.4557632857354,4.961832061068702,249,262,13,0,249,256,13586,0,0,0,0,6
2020-08-13,US,Mississippi,Grenada,861,26,0,33.77036166,-89.80245083,28043.0,4147.7984391559885,3.0197444831591174,835,856,26,0,830,851,21055,5,0,0,5,5
2020-08-13,US,Mississippi,Hancock,414,15,0,30.41830223,-89.48851033,28045.0,869.1635875041989,3.6231884057971016,399,409,15,0,394,402,47334,5,0,0,5,7
2020-08-13,US,Mississippi,Harrison,2663,36,0,30.51359752,-89.12467576,28047.0,1279.7962322183776,1.3518588058580547,2627,2651,36,0,2615,2601,206650,12,0,0,12,50
2020-08-13,US,Mississippi,Hinds,5803,124,0,32.2656285,-90.44435448,28049.0,2503.0193236714977,2.136825779769085,5679,5768,121,0,5647,5700,237085,35,3,0,32,68
2020-08-13,US,Mississippi,Holmes,928,49,0,33.12345854,-90.08923538,28051.0,5455.614344503233,5.280172413793104,879,923,49,0,874,910,17622,5,0,0,5,13
2020-08-13,US,Mississippi,Humphreys,303,12,0,33.12825718,-90.52252707,28053.0,3757.440476190476,3.96039603960396,291,299,12,0,287,297,8257,4,0,0,4,2
2020-08-13,US,Mississippi,Issaquena,27,2,0,32.72531359,-90.97392828,28055.0,2034.6646571213266,7.407407407407407,25,27,2,0,25,27,1308,0,0,0,0,0
2020-08-13,US,Mississippi,Itawamba,404,10,0,34.27993475,-88.3606733,28057.0,1727.2338606241985,2.4752475247524752,394,395,10,0,385,387,23517,9,0,0,9,8
2020-08-13,US,Mississippi,Jackson,2411,47,0,30.54020656,-88.64184064,28059.0,1678.7706190771287,1.9493985897967647,2364,2391,45,0,2346,2314,143277,20,2,0,18,77
2020-08-13,US,Mississippi,Jasper,412,9,0,32.01922104,-89.11786866,28061.0,2514.801928828664,2.184466019417476,403,408,9,0,399,394,16428,4,0,0,4,14
2020-08-13,US,Mississippi,Jefferson,197,7,0,31.73397872,-91.03764977,28063.0,2818.3118741058656,3.5532994923857872,190,196,7,0,189,195,7106,1,0,0,1,1
2020-08-13,US,Mississippi,Jefferson Davis,243,6,0,31.56884708,-89.82670990000004,28065.0,2183.6808051761327,2.469135802469136,237,240,6,0,234,233,11234,3,0,0,3,7
2020-08-13,US,Mississippi,Jones,1945,62,0,31.62257767,-89.16896899999998,28067.0,2856.177861317513,3.1876606683804627,1883,1947,62,0,1885,1931,68461,-2,0,0,-2,16
2020-08-13,US,Mississippi,Kemper,241,14,0,32.75462946,-88.64105766,28069.0,2473.8246766577704,5.809128630705394,227,240,14,0,226,233,10027,1,0,0,1,7
2020-08-13,US,Mississippi,Lafayette,1025,20,0,34.35687874,-89.48490961,28071.0,1897.4805161147005,1.951219512195122,1005,1018,20,0,998,987,54793,7,0,0,7,31
2020-08-13,US,Mississippi,Lamar,1246,16,0,31.20572971,-89.5077704,28073.0,1967.0681843297602,1.2841091492776886,1230,1241,15,0,1226,1231,62447,5,1,0,4,10
2020-08-13,US,Mississippi,Lauderdale,1458,94,0,32.40419769,-88.66229662,28075.0,1966.947723440135,6.447187928669409,1364,1439,93,0,1346,1415,75317,19,1,0,18,24
2020-08-13,US,Mississippi,Lawrence,332,8,0,31.55147224,-90.10841127,28077.0,2637.8515811218813,2.409638554216868,324,329,8,0,321,323,12455,3,0,0,3,6
2020-08-13,US,Mississippi,Leake,804,27,0,32.7536828,-89.52402044,28079.0,3528.482401474589,3.3582089552238807,777,799,27,0,772,795,22763,5,0,0,5,4
2020-08-13,US,Mississippi,Lee,1610,42,0,34.291877500000005,-88.68149954,28081.0,1884.4515192658832,2.608695652173913,1568,1563,42,0,1521,1521,85202,47,0,0,47,42
2020-08-13,US,Mississippi,Leflore,963,68,0,33.55545125,-90.29900733,28083.0,3416.9534825958917,7.061266874350986,895,959,68,0,891,949,28919,4,0,0,4,10
2020-08-13,US,Mississippi,Lincoln,849,43,0,31.53288662,-90.45391915,28085.0,2485.8723977395834,5.064782096584215,806,846,43,0,803,834,34205,3,0,0,3,12
2020-08-13,US,Mississippi,Lowndes,1114,40,0,33.47386518,-88.44191529999998,28087.0,1901.1861080296953,3.5906642728904847,1074,1102,40,0,1062,1092,58930,12,0,0,12,10
2020-08-13,US,Mississippi,Madison,2503,72,0,32.63389156,-90.03513564,28089.0,2355.277024992472,2.8765481422293253,2431,2489,72,0,2417,2455,105630,14,0,0,14,34
2020-08-13,US,Mississippi,Marion,692,21,0,31.23132643,-89.8209217,28091.0,2816.098970414683,3.034682080924856,671,689,21,0,668,684,24715,3,0,0,3,5
2020-08-13,US,Mississippi,Marshall,740,10,0,34.76216286,-89.50299462,28093.0,2096.673655578852,1.351351351351351,730,729,9,0,720,712,35451,11,1,0,10,17
2020-08-13,US,Mississippi,Monroe,839,55,0,33.89236763,-88.4808438,28095.0,2380.0068081243617,6.5554231227651965,784,831,55,0,776,821,35564,8,0,0,8,10
2020-08-13,US,Mississippi,Montgomery,346,7,0,33.49419589,-89.61729103,28097.0,3539.6419437340155,2.0231213872832368,339,345,6,0,339,329,10023,1,1,0,0,16
2020-08-13,US,Mississippi,Neshoba,1309,94,0,32.75339664,-89.11726492,28099.0,4495.50106463356,7.18105423987777,1215,1306,94,0,1212,1288,29125,3,0,0,3,18
2020-08-13,US,Mississippi,Newton,567,11,0,32.40021118,-89.11843336,28101.0,2697.687696260349,1.9400352733686064,556,555,11,0,544,545,21443,12,0,0,12,10
2020-08-13,US,Mississippi,Noxubee,466,12,0,33.11009499,-88.56949061,28103.0,4473.45684938082,2.5751072961373387,454,463,12,0,451,461,10535,3,0,0,3,2
2020-08-13,US,Mississippi,Oktibbeha,1145,39,0,33.42491685,-88.87905132,28105.0,2309.0729425050918,3.406113537117904,1106,1136,39,0,1097,1133,49599,9,0,0,9,3
2020-08-13,US,Mississippi,Panola,1096,18,0,34.36398677,-89.95064249,28107.0,3205.4281703322413,1.6423357664233578,1078,1091,17,0,1074,1068,34178,5,1,0,4,23
2020-08-13,US,Mississippi,Pearl River,571,40,0,30.77090935,-89.58677275,28109.0,1028.1804267579005,7.005253940455343,531,567,40,0,527,559,55387,4,0,0,4,8
2020-08-13,US,Mississippi,Perry,249,8,0,31.17161885,-88.99281835,28111.0,2079.6792783763467,3.21285140562249,241,248,8,0,240,242,11931,1,0,0,1,6
2020-08-13,US,Mississippi,Pike,960,37,0,31.17507789,-90.40392572,28113.0,2443.494196701283,3.8541666666666665,923,951,37,0,914,940,39563,9,0,0,9,11
2020-08-13,US,Mississippi,Pontotoc,866,9,0,34.226046000000004,-89.03636807,28115.0,2691.614346988252,1.039260969976905,857,857,9,0,848,842,31833,9,0,0,9,15
2020-08-13,US,Mississippi,Prentiss,462,10,0,34.61810501,-88.51986294,28117.0,1838.7327867547558,2.1645021645021645,452,441,10,0,431,423,25315,21,0,0,21,18
2020-08-13,US,Mississippi,Quitman,275,1,0,34.25157572,-90.28908,28119.0,4048.8810365135455,0.3636363636363637,274,275,1,0,274,269,7051,0,0,0,0,6
2020-08-13,US,Mississippi,Rankin,2337,38,0,32.26469147,-89.94537876,28121.0,1505.110419846591,1.6260162601626016,2299,2322,38,0,2284,2307,153902,15,0,0,15,15
2020-08-13,US,Mississippi,Scott,1017,20,0,32.406704100000006,-89.53789439,28123.0,3616.12857346039,1.966568338249754,997,1017,20,0,997,1011,28287,0,0,0,0,6
2020-08-13,US,Mississippi,Sharkey,209,7,0,32.88149103,-90.81595379999999,28125.0,4836.843323304791,3.3492822966507183,202,206,5,0,201,204,4377,3,2,0,1,2
2020-08-13,US,Mississippi,Simpson,822,31,0,31.91282117,-89.91716179,28127.0,3083.5021381949127,3.771289537712896,791,821,31,0,790,806,26758,1,0,0,1,15
2020-08-13,US,Mississippi,Smith,415,13,0,32.01744532,-89.50644846,28129.0,2607.4390550389544,3.132530120481928,402,412,13,0,399,406,16002,3,0,0,3,6
2020-08-13,US,Mississippi,Stone,225,6,0,30.79187949,-89.11547539,28131.0,1227.0942408376966,2.6666666666666665,219,224,5,0,219,211,18717,1,1,0,0,13
2020-08-13,US,Mississippi,Sunflower,1086,28,0,33.60192578,-90.58882684,28133.0,4324.970131421745,2.5782688766114177,1058,1071,27,0,1044,1056,25735,15,1,0,14,15
2020-08-13,US,Mississippi,Tallahatchie,550,11,0,33.95339918,-90.1729398,28135.0,3982.909696574697,2.0,539,547,11,0,536,541,13987,3,0,0,3,6
2020-08-13,US,Mississippi,Tate,753,30,0,34.65133709,-89.94485778,28137.0,2658.8044207478547,3.98406374501992,723,746,30,0,716,743,28759,7,0,0,7,3
2020-08-13,US,Mississippi,Tippah,411,14,0,34.76872156,-88.90988194,28139.0,1866.9089257324551,3.40632603406326,397,388,14,0,374,374,21995,23,0,0,23,14
2020-08-13,US,Mississippi,Tishomingo,453,9,0,34.74023475,-88.23917219,28141.0,2337.099520198112,1.9867549668874167,444,444,9,0,435,437,19454,9,0,0,9,7
2020-08-13,US,Mississippi,Tunica,367,7,0,34.64967704,-90.37481167,28143.0,3810.2159468438535,1.9073569482288828,360,365,7,0,358,358,9944,2,0,0,2,7
2020-08-13,US,Mississippi,Union,732,17,0,34.49162015,-89.00776006,28145.0,2540.343571056741,2.3224043715847,715,700,17,0,683,662,28606,32,0,0,32,38
2020-08-13,US,Mississippi,Walthall,519,22,0,31.14971548,-90.10446654,28147.0,3632.927341453171,4.238921001926784,497,511,21,0,490,502,14465,8,1,0,7,9
2020-08-13,US,Mississippi,Warren,1151,36,0,32.35810271,-90.83352619,28149.0,2536.303739450431,3.1277150304083405,1115,1137,35,0,1102,1125,46176,14,1,0,13,12
2020-08-13,US,Mississippi,Washington,1739,45,0,33.28392041,-90.94196237,28151.0,3960.46368626022,2.5876940770557795,1694,1722,44,0,1678,1701,45063,17,1,0,16,21
2020-08-13,US,Mississippi,Wayne,790,21,0,31.64135687,-88.69573913,28153.0,3914.185205370857,2.6582278481012658,769,789,21,0,768,780,20298,1,0,0,1,9
2020-08-13,US,Mississippi,Webster,250,13,0,33.61300486,-89.28392912,28155.0,2580.2456393848693,5.2,237,248,13,0,235,237,9788,2,0,0,2,11
2020-08-13,US,Mississippi,Wilkinson,227,14,0,31.16078225,-91.31018819,28157.0,2630.359212050985,6.167400881057269,213,220,13,0,207,215,8792,7,1,0,6,5
2020-08-13,US,Mississippi,Winston,637,16,0,33.08747908,-89.03391385,28159.0,3547.758284600389,2.5117739403453694,621,635,16,0,619,629,18165,2,0,0,2,6
2020-08-13,US,Mississippi,Yalobusha,318,10,0,34.02824175,-89.70762049999998,28161.0,2626.362735381566,3.1446540880503147,308,318,10,0,308,316,12392,0,0,0,0,2
2020-08-13,US,Mississippi,Yazoo,874,13,0,32.77890365,-90.39656148,28163.0,2943.752105085888,1.4874141876430207,861,870,13,0,857,841,28248,4,0,0,4,29
2020-08-13,US,Missouri,Adair,178,0,0,40.19058551,-92.60078167,29001.0,702.3635717949727,0.0,178,174,0,0,174,161,25339,4,0,0,4,13
2020-08-13,US,Missouri,Andrew,94,1,0,39.98492163,-94.80163024,29003.0,530.713640469738,1.0638297872340423,93,89,1,0,88,88,17607,5,0,0,5,1
2020-08-13,US,Missouri,Atchison,19,0,0,40.43238737,-95.42970639,29005.0,369.4341823838225,0.0,19,18,0,0,18,19,5171,1,0,0,1,-1
2020-08-13,US,Missouri,Audrain,210,1,0,39.215877,-91.84242683,29007.0,827.1624389475342,0.4761904761904762,209,207,1,0,206,205,25473,3,0,0,3,2
2020-08-13,US,Missouri,Barry,273,4,0,36.70978521,-93.82919888,29009.0,762.8042135851797,1.465201465201465,269,266,4,0,262,263,35886,7,0,0,7,3
2020-08-13,US,Missouri,Barton,71,0,0,37.50207671,-94.34757022,29011.0,604.0496852135442,0.0,71,70,0,0,70,70,11798,1,0,0,1,0
2020-08-13,US,Missouri,Bates,52,1,0,38.25271289,-94.34113157,29013.0,321.54340836012864,1.9230769230769231,51,51,1,0,50,48,16320,1,0,0,1,3
2020-08-13,US,Missouri,Benton,112,1,0,38.29503305,-93.28756116,29015.0,576.0427917502442,0.8928571428571429,111,113,1,0,112,107,19278,-1,0,0,-1,6
2020-08-13,US,Missouri,Bollinger,77,1,0,37.32449052,-90.02725304,29017.0,634.6328195829558,1.2987012987012987,76,75,1,0,74,69,12169,2,0,0,2,6
2020-08-13,US,Missouri,Boone,1500,3,0,38.99186229,-92.30723575,29019.0,831.1953142749484,0.2,1497,1457,3,0,1454,1429,180005,43,0,0,43,28
2020-08-13,US,Missouri,Buchanan,1112,10,0,39.65816401,-94.80138942,29021.0,1272.8354928803626,0.8992805755395683,1102,1106,10,0,1096,1092,88571,6,0,0,6,14
2020-08-13,US,Missouri,Butler,297,2,0,36.71462476,-90.40421163,29023.0,699.1854607090729,0.6734006734006734,295,289,2,0,287,286,42639,8,0,0,8,3
2020-08-13,US,Missouri,Caldwell,36,1,0,39.65620858,-93.98308093,29025.0,399.1130820399113,2.7777777777777777,35,36,1,0,35,35,9108,0,0,0,0,1
2020-08-13,US,Missouri,Callaway,168,1,0,38.83674754,-91.92186505,29027.0,375.47772835974337,0.5952380952380952,167,163,1,0,162,161,44889,5,0,0,5,2
2020-08-13,US,Missouri,Camden,382,7,0,38.02199522,-92.76083747,29029.0,824.9649065975598,1.8324607329842928,375,370,6,0,364,363,45815,12,1,0,11,7
2020-08-13,US,Missouri,Cape Girardeau,705,5,0,37.38489388,-89.6843587,29031.0,893.8646650860263,0.7092198581560284,700,689,5,0,684,668,78753,16,0,0,16,21
2020-08-13,US,Missouri,Carroll,102,0,0,39.42762566,-93.50626255,29033.0,1175.2506049083995,0.0,102,102,0,0,102,101,8743,0,0,0,0,1
2020-08-13,US,Missouri,Carter,21,1,0,36.94160441,-90.96051322,29035.0,351.0531594784353,4.761904761904762,20,21,1,0,20,22,6054,0,0,0,0,-1
2020-08-13,US,Missouri,Cass,811,9,0,38.64789422,-94.353399,29037.0,766.6855738324823,1.1097410604192357,802,785,9,0,776,770,104954,26,0,0,26,15
2020-08-13,US,Missouri,Cedar,41,0,0,37.72391475,-93.85445441,29039.0,285.73419750505263,0.0,41,41,0,0,41,41,14165,0,0,0,0,0
2020-08-13,US,Missouri,Chariton,20,0,0,39.51499357,-92.9629191,29041.0,269.323996768112,0.0,20,19,0,0,19,20,7451,1,0,0,1,-1
2020-08-13,US,Missouri,Christian,403,1,0,36.9711783,-93.18537118,29043.0,454.8789435069699,0.2481389578163772,402,392,1,0,391,373,86983,11,0,0,11,19
2020-08-13,US,Missouri,Clark,24,0,0,40.41040752,-91.73661677,29045.0,353.0969545387671,0.0,24,23,0,0,23,21,6842,1,0,0,1,2
2020-08-13,US,Missouri,Clay,1098,22,0,39.31132056,-94.41850862,29047.0,439.2913726055018,2.0036429872495445,1076,1087,22,0,1065,1064,246365,11,0,0,11,23
2020-08-13,US,Missouri,Clinton,88,0,0,39.6013098,-94.40465394,29049.0,431.64761858046796,0.0,88,90,0,0,90,85,20470,-2,0,0,-2,5
2020-08-13,US,Missouri,Cole,477,3,0,38.50455671,-92.27860244,29051.0,621.5388624666102,0.6289308176100629,474,460,3,0,457,438,76796,17,0,0,17,22
2020-08-13,US,Missouri,Cooper,148,0,0,38.844478,-92.80896081,29053.0,835.7332429837935,0.0,148,140,0,0,140,135,17603,8,0,0,8,5
2020-08-13,US,Missouri,Crawford,90,0,0,37.97663738,-91.30528104,29055.0,376.2541806020066,0.0,90,83,0,0,83,79,23957,7,0,0,7,4
2020-08-13,US,Missouri,Dade,17,0,0,37.431814,-93.8503345,29057.0,224.83798439359882,0.0,17,15,0,0,15,15,7569,2,0,0,2,0
2020-08-13,US,Missouri,Dallas,72,1,0,37.681135499999996,-93.02127031,29059.0,426.5908282971916,1.3888888888888888,71,68,1,0,67,68,16762,4,0,0,4,0
2020-08-13,US,Missouri,Daviess,18,0,0,39.96145298,-93.98519678,29061.0,217.4438270113554,0.0,18,18,0,0,18,17,8313,0,0,0,0,1
2020-08-13,US,Missouri,DeKalb,38,1,0,39.89201062,-94.40476508,29063.0,302.86124173109107,2.631578947368421,37,38,1,0,37,36,12630,0,0,0,0,2
2020-08-13,US,Missouri,Dent,16,0,0,37.60663134,-91.50790473,29065.0,102.74192512682207,0.0,16,15,0,0,15,12,15441,1,0,0,1,3
2020-08-13,US,Missouri,Douglas,89,2,0,36.9325593,-92.49905109,29067.0,675.0094804702312,2.247191011235955,87,89,2,0,87,89,13373,0,0,0,0,0
2020-08-13,US,Missouri,Dunklin,339,4,0,36.27167174,-90.09122243,29069.0,1163.7087638598055,1.1799410029498525,335,336,4,0,332,319,29423,3,0,0,3,17
2020-08-13,US,Missouri,Franklin,680,18,0,38.41127108,-91.07522826,29071.0,654.053690113209,2.647058823529412,662,669,18,0,651,642,103670,11,0,0,11,27
2020-08-13,US,Missouri,Gasconade,31,0,0,38.43947277,-91.50847147,29073.0,210.7983136134911,0.0,31,29,0,0,29,26,14705,2,0,0,2,3
2020-08-13,US,Missouri,Gentry,86,9,0,40.21097916,-94.40944419,29075.0,1308.7810074570082,10.465116279069766,77,85,9,0,76,85,6628,1,0,0,1,0
2020-08-13,US,Missouri,Greene,1737,10,0,37.2575872,-93.34230916,29077.0,592.6588100421037,0.5757052389176741,1727,1686,10,0,1676,1621,291923,51,0,0,51,65
2020-08-13,US,Missouri,Grundy,30,1,0,40.11406587,-93.56509276,29079.0,304.56852791878174,3.333333333333333,29,29,1,0,28,29,9914,1,0,0,1,0
2020-08-13,US,Missouri,Harrison,60,1,0,40.35570088,-93.99222144,29081.0,718.3908045977013,1.6666666666666667,59,60,1,0,59,60,8414,0,0,0,0,0
2020-08-13,US,Missouri,Henry,92,3,0,38.38482826,-93.79293734,29083.0,421.5542521994136,3.260869565217391,89,89,3,0,86,84,21792,3,0,0,3,5
2020-08-13,US,Missouri,Hickory,36,0,0,37.94163617,-93.3203037,29085.0,377.20033528918685,0.0,36,35,0,0,35,34,9509,1,0,0,1,1
2020-08-13,US,Missouri,Holt,31,0,0,40.09799248,-95.21638879999999,29087.0,704.0654099477629,0.0,31,27,0,0,27,8,4404,4,0,0,4,19
2020-08-13,US,Missouri,Howard,60,0,0,39.1435761,-92.69756691,29089.0,599.9400059994001,0.0,60,55,0,0,55,53,10137,5,0,0,5,2
2020-08-13,US,Missouri,Howell,164,2,0,36.77383887,-91.88683935,29091.0,408.8042475758407,1.2195121951219512,162,159,2,0,157,157,40076,5,0,0,5,2
2020-08-13,US,Missouri,Iron,24,0,0,37.55487945,-90.7735296,29093.0,237.03703703703704,0.0,24,22,0,0,22,22,10177,2,0,0,2,0
2020-08-13,US,Missouri,Jackson,4363,66,0,39.01002188,-94.34724536,29095.0,620.6161781252356,1.512720605088242,4297,4272,66,0,4206,4155,700307,91,0,0,91,117
2020-08-13,US,Missouri,Jasper,1874,31,0,37.20351921,-94.34050458,29097.0,1544.5733878412238,1.654215581643543,1843,1838,31,0,1807,1780,120636,36,0,0,36,58
2020-08-13,US,Missouri,Jefferson,1769,26,0,38.25926778,-90.53870896,29099.0,785.9392840799535,1.4697569248162805,1743,1730,26,0,1704,1663,224347,39,0,0,39,67
2020-08-13,US,Missouri,Johnson,501,3,0,38.74719601,-93.80691168,29101.0,926.713773075358,0.5988023952095808,498,499,3,0,496,494,53652,2,0,0,2,5
2020-08-13,US,Missouri,Kansas City,7285,65,0,39.0997,-94.5786,0.0,1489.9487261296304,0.8922443376801648,7220,7077,65,0,7012,6885,491918,208,0,0,208,192
2020-08-13,US,Missouri,Knox,33,0,0,40.12699751,-92.14780832,29103.0,833.5438241980298,0.0,33,32,0,0,32,27,3947,1,0,0,1,5
2020-08-13,US,Missouri,Laclede,212,1,0,37.65896829,-92.5888493,29105.0,593.4551969319486,0.4716981132075472,211,209,1,0,208,203,35713,3,0,0,3,6
2020-08-13,US,Missouri,Lafayette,189,2,0,39.06986886,-93.78076396,29107.0,577.8402837226366,1.058201058201058,187,183,2,0,181,180,32598,6,0,0,6,3
2020-08-13,US,Missouri,Lawrence,246,2,0,37.10626634,-93.83293097,29109.0,641.3766132186156,0.8130081300813008,244,240,2,0,238,233,38359,6,0,0,6,7
2020-08-13,US,Missouri,Lewis,52,1,0,40.09673161,-91.72070156,29111.0,531.9148936170212,1.9230769230769231,51,50,1,0,49,48,9855,2,0,0,2,2
2020-08-13,US,Missouri,Lincoln,416,1,0,39.05345619,-90.95588181,29113.0,704.9294223306729,0.2403846153846154,415,412,1,0,411,398,57686,4,0,0,4,14
2020-08-13,US,Missouri,Linn,38,1,0,39.87001769,-93.10704106,29115.0,318.79194630872485,2.631578947368421,37,35,1,0,34,33,12037,3,0,0,3,2
2020-08-13,US,Missouri,Livingston,64,0,0,39.78110272,-93.54645978,29117.0,420.3060353319761,0.0,64,63,0,0,63,63,15146,1,0,0,1,0
2020-08-13,US,Missouri,Macon,66,0,0,39.83049768,-92.56453089,29121.0,436.59456241317724,0.0,66,62,0,0,62,60,15153,4,0,0,4,2
2020-08-13,US,Missouri,Madison,29,0,0,37.47865134,-90.34671429999999,29123.0,239.9073461283918,0.0,29,28,0,0,28,25,12188,1,0,0,1,3
2020-08-13,US,Missouri,Maries,27,0,0,38.16193985,-91.92249662,29125.0,310.45187995860636,0.0,27,24,0,0,24,24,8769,3,0,0,3,0
2020-08-13,US,Missouri,Marion,236,1,0,39.80601912,-91.62203062,29127.0,827.1994391868209,0.42372881355932196,235,223,1,0,222,204,28592,13,0,0,13,19
2020-08-13,US,Missouri,McDonald,955,8,0,36.62869595,-94.34867205,29119.0,4181.8102202566015,0.837696335078534,947,953,8,0,945,953,23078,2,0,0,2,0
2020-08-13,US,Missouri,Mercer,13,0,0,40.42212303,-93.56829590000001,29129.0,359.41387890517,0.0,13,13,0,0,13,11,3641,0,0,0,0,2
2020-08-13,US,Missouri,Miller,138,1,0,38.21450288,-92.42610898,29131.0,538.6627112689798,0.7246376811594203,137,137,1,0,136,135,25336,1,0,0,1,2
2020-08-13,US,Missouri,Mississippi,153,0,0,36.82516239,-89.29505753,29133.0,1160.8497723823975,0.0,153,148,0,0,148,141,13336,5,0,0,5,7
2020-08-13,US,Missouri,Moniteau,156,2,0,38.63571781,-92.57976951,29135.0,967.0220679394992,1.2820512820512822,154,155,2,0,153,151,16121,1,0,0,1,4
2020-08-13,US,Missouri,Monroe,33,0,0,39.49593978,-92.00043978,29137.0,381.76770013882464,0.0,33,33,0,0,33,31,8664,0,0,0,0,2
2020-08-13,US,Missouri,Montgomery,43,0,0,38.94022054,-91.47000721,29139.0,372.26214180590426,0.0,43,42,0,0,42,41,11534,1,0,0,1,1
2020-08-13,US,Missouri,Morgan,94,0,0,38.4181765,-92.88791859,29141.0,455.7133853686917,0.0,94,87,0,0,87,87,20358,7,0,0,7,0
2020-08-13,US,Missouri,New Madrid,279,3,0,36.59666326,-89.66070007,29143.0,1633.872101194659,1.075268817204301,276,269,3,0,266,259,17296,10,0,0,10,10
2020-08-13,US,Missouri,Newton,920,6,0,36.90519407,-94.3394104,29145.0,1579.7788309636649,0.6521739130434783,914,916,6,0,910,886,58266,4,0,0,4,30
2020-08-13,US,Missouri,Nodaway,192,0,0,40.36079813,-94.88133008,29147.0,869.0928843020097,0.0,192,190,0,0,190,186,22304,2,0,0,2,4
2020-08-13,US,Missouri,Oregon,19,0,0,36.68710164,-91.4033755,29149.0,180.4539842340203,0.0,19,16,0,0,16,16,10541,3,0,0,3,0
2020-08-13,US,Missouri,Osage,54,1,0,38.46036182,-91.8613635,29151.0,396.6213734851267,1.851851851851852,53,53,1,0,52,52,13714,1,0,0,1,1
2020-08-13,US,Missouri,Ozark,16,0,0,36.64916339,-92.44459066,29153.0,174.40592980161327,0.0,16,15,0,0,15,15,9017,1,0,0,1,0
2020-08-13,US,Missouri,Pemiscot,244,9,0,36.2130572,-89.78742322,29155.0,1543.8152483391336,3.6885245901639343,235,243,9,0,234,237,16272,1,0,0,1,6
2020-08-13,US,Missouri,Perry,249,4,0,37.70660776,-89.82741088,29157.0,1301.21237458194,1.606425702811245,245,244,4,0,240,235,19150,5,0,0,5,9
2020-08-13,US,Missouri,Pettis,589,4,0,38.72798918,-93.28471706,29159.0,1391.152365431399,0.6791171477079796,585,580,4,0,576,560,42542,9,0,0,9,20
2020-08-13,US,Missouri,Phelps,104,0,0,37.87736118,-91.79351727,29161.0,233.32510712763332,0.0,104,100,0,0,100,90,44732,4,0,0,4,10
2020-08-13,US,Missouri,Pike,140,1,0,39.34310674,-91.16980779,29163.0,764.9437219975958,0.7142857142857143,139,120,1,0,119,110,18504,20,0,0,20,10
2020-08-13,US,Missouri,Platte,393,10,0,39.38154439,-94.77068479,29165.0,376.3718899040396,2.544529262086514,383,385,10,0,375,373,102985,8,0,0,8,12
2020-08-13,US,Missouri,Polk,221,0,0,37.616229600000004,-93.39828174,29167.0,687.4241811564901,0.0,221,219,0,0,219,213,32201,2,0,0,2,6
2020-08-13,US,Missouri,Pulaski,254,1,0,37.82462075,-92.20783203,29169.0,482.82547949892603,0.3937007874015748,253,249,1,0,248,230,52014,5,0,0,5,19
2020-08-13,US,Missouri,Putnam,13,1,0,40.47942497,-93.02042674,29171.0,276.83134582623507,7.6923076923076925,12,13,1,0,12,13,4757,0,0,0,0,0
2020-08-13,US,Missouri,Ralls,45,0,0,39.52817427,-91.51838643,29173.0,436.51178581821716,0.0,45,42,0,0,42,34,10212,3,0,0,3,8
2020-08-13,US,Missouri,Randolph,75,1,0,39.44007257,-92.49713740000001,29175.0,303.05479230644903,1.3333333333333333,74,74,1,0,73,73,24763,1,0,0,1,1
2020-08-13,US,Missouri,Ray,119,0,0,39.353746799999996,-93.98905745,29177.0,516.98670605613,0.0,119,119,0,0,119,119,22883,0,0,0,0,0
2020-08-13,US,Missouri,Reynolds,16,0,0,37.36085952,-90.97009925,29179.0,255.18341307814998,0.0,16,16,0,0,16,16,6254,0,0,0,0,0
2020-08-13,US,Missouri,Ripley,58,0,0,36.65460667,-90.85990261,29181.0,436.48404575556884,0.0,58,58,0,0,58,54,13401,0,0,0,0,4
2020-08-13,US,Missouri,Saline,472,7,0,39.13734288,-93.20259964,29195.0,2073.722595668029,1.4830508474576272,465,459,7,0,452,441,22895,13,0,0,13,18
2020-08-13,US,Missouri,Schuyler,10,0,0,40.46921489,-92.52311943,29197.0,214.5922746781116,0.0,10,10,0,0,10,11,4599,0,0,0,0,-1
2020-08-13,US,Missouri,Scotland,16,1,0,40.45214695,-92.14709064,29199.0,326.39738882088943,6.25,15,15,1,0,14,15,4966,1,0,0,1,0
2020-08-13,US,Missouri,Scott,429,13,0,37.05588075,-89.56474493,29201.0,1120.6896551724137,3.0303030303030303,416,421,13,0,408,406,38458,8,0,0,8,15
2020-08-13,US,Missouri,Shannon,44,1,0,37.15772072,-91.40190382,29203.0,538.8194954690179,2.272727272727273,43,44,1,0,43,43,8189,0,0,0,0,1
2020-08-13,US,Missouri,Shelby,42,0,0,39.79742518,-92.07634971,29205.0,708.2630691399663,0.0,42,40,0,0,40,38,6050,2,0,0,2,2
2020-08-13,US,Missouri,St. Charles,4408,87,0,38.77875681,-90.66662425,29183.0,1096.457407803553,1.973684210526316,4321,4316,87,0,4229,4226,399182,92,0,0,92,90
2020-08-13,US,Missouri,St. Clair,23,0,0,38.03699437,-93.77631447,29185.0,244.75896562732788,0.0,23,24,0,0,24,24,9395,-1,0,0,-1,0
2020-08-13,US,Missouri,St. Francois,462,2,0,37.81214171,-90.47598685,29187.0,687.3465744253516,0.4329004329004329,460,421,2,0,419,392,66692,41,0,0,41,29
2020-08-13,US,Missouri,St. Louis,15872,673,0,38.63770039999999,-90.4458375,29189.0,1596.4514360720373,4.240171370967742,15199,15485,672,0,14813,15284,996945,387,1,0,386,201
2020-08-13,US,Missouri,St. Louis City,5430,178,0,38.63555736,-90.24349225,29510.0,1806.5314595975726,3.278084714548803,5252,5364,178,0,5186,5295,302838,66,0,0,66,69
2020-08-13,US,Missouri,Ste. Genevieve,63,1,0,37.89090059,-90.1949941,29186.0,352.0733206661451,1.5873015873015872,62,62,1,0,61,57,17888,1,0,0,1,5
2020-08-13,US,Missouri,Stoddard,237,9,0,36.85571651,-89.9444155,29207.0,816.5374677002582,3.79746835443038,228,236,9,0,227,232,29206,1,0,0,1,4
2020-08-13,US,Missouri,Stone,156,1,0,36.75000327,-93.45256475,29209.0,488.2323485227842,0.6410256410256411,155,150,1,0,149,138,31749,6,0,0,6,12
2020-08-13,US,Missouri,Sullivan,149,0,0,40.2099105,-93.11150106,29211.0,2447.035638035802,0.0,149,147,0,0,147,145,6221,2,0,0,2,2
2020-08-13,US,Missouri,Taney,678,3,0,36.65465345,-93.04075153,29213.0,1212.2729223287085,0.4424778761061947,675,658,3,0,655,632,55852,20,0,0,20,26
2020-08-13,US,Missouri,Texas,64,0,0,37.31728859,-91.96564727,29215.0,251.9883455390188,0.0,64,60,0,0,60,57,25571,4,0,0,4,3
2020-08-13,US,Missouri,Vernon,58,0,0,37.8457799,-94.34127305,29217.0,282.060010698828,0.0,58,56,0,0,56,54,20528,2,0,0,2,2
2020-08-13,US,Missouri,Warren,216,0,0,38.76529479,-91.16124662,29219.0,605.9075990911386,0.0,216,212,0,0,212,208,34711,4,0,0,4,4
2020-08-13,US,Missouri,Washington,105,1,0,37.96130078,-90.87948158,29221.0,424.5855236554792,0.9523809523809524,104,94,1,0,93,87,24943,11,0,0,11,7
2020-08-13,US,Missouri,Wayne,63,0,0,37.11303869,-90.46001416,29223.0,489.3964110929853,0.0,63,62,0,0,62,60,13122,1,0,0,1,2
2020-08-13,US,Missouri,Webster,142,1,0,37.2813734,-92.876329,29225.0,358.65831481107284,0.7042253521126759,141,140,1,0,139,138,39109,2,0,0,2,2
2020-08-13,US,Missouri,Worth,9,0,0,40.47945588,-94.42328751,29227.0,447.0938897168405,0.0,9,9,0,0,9,9,2040,0,0,0,0,0
2020-08-13,US,Missouri,Wright,67,0,0,37.27029221,-92.46914488,29229.0,366.3404232052053,0.0,67,65,0,0,65,62,18378,2,0,0,2,3
2020-08-13,US,Montana,Beaverhead,68,0,0,45.13434354,-112.89846940000001,30001.0,719.3483550195705,0.0,68,65,0,0,65,64,9404,3,0,0,3,1
2020-08-13,US,Montana,Big Horn,477,14,0,45.42335905,-107.492347,30003.0,3581.3499511975374,2.9350104821802936,463,464,14,0,450,444,13338,13,0,0,13,20
2020-08-13,US,Montana,Blaine,13,0,0,48.43175214,-108.9582723,30005.0,194.58164945367454,0.0,13,13,0,0,13,11,6807,0,0,0,0,2
2020-08-13,US,Montana,Broadwater,14,0,0,46.33277565,-111.49558130000001,30007.0,224.46689113355785,0.0,14,14,0,0,14,12,6085,0,0,0,0,2
2020-08-13,US,Montana,Carbon,75,0,0,45.22850116,-109.0274047,30009.0,699.3006993006993,0.0,75,74,0,0,74,73,10714,1,0,0,1,1
2020-08-13,US,Montana,Cascade,170,4,0,47.30797024,-111.3467922,30013.0,208.93247793918843,2.3529411764705883,166,167,4,0,163,168,81643,3,0,0,3,-1
2020-08-13,US,Montana,Chouteau,10,0,0,47.88084126,-110.4353362,30015.0,177.4622892635315,0.0,10,10,0,0,10,10,5745,0,0,0,0,0
2020-08-13,US,Montana,Custer,61,2,0,46.25319932,-105.57375259999998,30017.0,534.9938607261884,3.278688524590164,59,61,2,0,59,61,11586,0,0,0,0,0
2020-08-13,US,Montana,Daniels,3,0,0,48.78420029,-105.54763429999998,30019.0,177.5147928994083,0.0,3,3,0,0,3,3,1747,0,0,0,0,0
2020-08-13,US,Montana,Dawson,27,0,0,47.26584855,-104.89444170000002,30021.0,313.47962382445144,0.0,27,20,0,0,20,20,8680,7,0,0,7,0
2020-08-13,US,Montana,Deer Lodge,26,0,0,46.05953325,-113.073353,30023.0,284.4638949671772,0.0,26,26,0,0,26,25,9131,0,0,0,0,1
2020-08-13,US,Montana,Fallon,2,0,0,46.33478338,-104.41835649999999,30025.0,70.27406886858749,0.0,2,2,0,0,2,2,2920,0,0,0,0,0
2020-08-13,US,Montana,Fergus,18,0,0,47.26331584,-109.2245206,30027.0,162.89592760180994,0.0,18,14,0,0,14,14,11113,4,0,0,4,0
2020-08-13,US,Montana,Flathead,364,3,0,48.29575866,-114.05205690000001,30029.0,350.65410477236384,0.8241758241758241,361,357,3,0,354,352,102106,7,0,0,7,5
2020-08-13,US,Montana,Gallatin,970,3,0,45.54486106,-111.1692571,30031.0,847.6501738993655,0.30927835051546393,967,959,3,0,956,948,111876,11,0,0,11,11
2020-08-13,US,Montana,Garfield,12,0,0,47.27545948,-107.0002351,30033.0,953.8950715421304,0.0,12,12,0,0,12,12,1268,0,0,0,0,0
2020-08-13,US,Montana,Glacier,82,1,0,48.70513576,-112.9934235,30035.0,596.233549043845,1.2195121951219512,81,77,1,0,76,77,13747,5,0,0,5,0
2020-08-13,US,Montana,Golden Valley,3,0,0,46.3816474,-109.17685220000001,30037.0,365.4080389768576,0.0,3,3,0,0,3,3,826,0,0,0,0,0
2020-08-13,US,Montana,Granite,18,0,0,46.40605220000001,-113.4414186,30039.0,532.7019828351583,0.0,18,17,0,0,17,17,3378,1,0,0,1,0
2020-08-13,US,Montana,Hill,46,2,0,48.62879827,-110.1129252,30041.0,279.0584809512254,4.3478260869565215,44,46,2,0,44,43,16347,0,0,0,0,3
2020-08-13,US,Montana,Jefferson,29,0,0,46.14907081,-112.094396,30043.0,237.29645691841912,0.0,29,29,0,0,29,29,12097,0,0,0,0,0
2020-08-13,US,Montana,Judith Basin,3,0,0,47.04581276,-110.26606880000001,30045.0,149.47683109118088,0.0,3,3,0,0,3,3,1952,0,0,0,0,0
2020-08-13,US,Montana,Lake,184,1,0,47.64514965,-114.0898013,30047.0,604.1105785015433,0.5434782608695652,183,184,1,0,183,183,30250,0,0,0,0,1
2020-08-13,US,Montana,Lewis and Clark,168,2,0,47.12610041,-112.39469799999999,30049.0,241.9633598340823,1.1904761904761905,166,163,2,0,161,162,68700,5,0,0,5,1
2020-08-13,US,Montana,Liberty,1,0,0,48.56084317,-111.02430700000001,30051.0,42.78990158322636,0.0,1,1,0,0,1,1,2430,0,0,0,0,0
2020-08-13,US,Montana,Lincoln,78,2,0,48.54265777,-115.4046155,30053.0,390.3903903903904,2.5641025641025643,76,77,2,0,75,77,19794,1,0,0,1,0
2020-08-13,US,Montana,Madison,83,1,0,45.30080065,-111.9173017,30057.0,965.1162790697673,1.2048192771084338,82,83,1,0,82,84,8768,0,0,0,0,-1
2020-08-13,US,Montana,McCone,5,0,0,47.64469406,-105.79449939999999,30055.0,300.48076923076917,0.0,5,5,0,0,5,5,1675,0,0,0,0,0
2020-08-13,US,Montana,Meagher,4,0,0,46.59907074,-110.8898557,30059.0,214.8227712137487,0.0,4,4,0,0,4,4,1866,0,0,0,0,0
2020-08-13,US,Montana,Mineral,2,0,0,47.15283992,-115.00152390000001,30061.0,45.48555833522857,0.0,2,2,0,0,2,2,4316,0,0,0,0,0
2020-08-13,US,Montana,Missoula,346,1,0,47.03728583,-113.92135079999998,30063.0,289.29765886287623,0.28901734104046245,345,336,1,0,335,328,118791,10,0,0,10,8
2020-08-13,US,Montana,Musselshell,3,0,0,46.49684637,-108.39498,30065.0,64.7528599179797,0.0,3,3,0,0,3,3,4651,0,0,0,0,0
2020-08-13,US,Montana,Park,60,0,0,45.48965095,-110.52643940000002,30067.0,361.3151872817054,0.0,60,57,0,0,57,55,16736,3,0,0,3,2
2020-08-13,US,Montana,Phillips,78,0,0,48.25936577,-107.9128511,30071.0,1972.6858877086493,0.0,78,68,0,0,68,55,4074,10,0,0,10,13
2020-08-13,US,Montana,Pondera,11,0,0,48.22773388,-112.22527029999999,30073.0,186.09372356623246,0.0,11,11,0,0,11,11,5972,0,0,0,0,0
2020-08-13,US,Montana,Powder River,1,0,0,45.39617714,-105.636738,30075.0,59.453032104637344,0.0,1,1,0,0,1,1,1716,0,0,0,0,0
2020-08-13,US,Montana,Powell,2,0,0,46.85538891,-112.93591640000001,30077.0,29.027576197387518,0.0,2,2,0,0,2,2,6968,0,0,0,0,0
2020-08-13,US,Montana,Prairie,1,0,0,46.86048047,-105.379384,30079.0,92.85051067780873,0.0,1,1,0,0,1,1,1087,0,0,0,0,0
2020-08-13,US,Montana,Ravalli,84,2,0,46.08520862,-114.11891640000002,30081.0,191.75455417066155,2.380952380952381,82,83,2,0,81,83,43172,1,0,0,1,0
2020-08-13,US,Montana,Richland,48,2,0,47.78668011,-104.5610786,30083.0,444.3210219383504,4.166666666666667,46,47,2,0,45,47,10913,1,0,0,1,0
2020-08-13,US,Montana,Roosevelt,25,0,0,48.29607488,-105.00792679999999,30085.0,227.1901126862959,0.0,25,24,0,0,24,23,11059,1,0,0,1,1
2020-08-13,US,Montana,Rosebud,58,1,0,46.23397237,-106.72928799999998,30087.0,648.9873559359964,1.7241379310344829,57,53,1,0,52,34,9063,5,0,0,5,19
2020-08-13,US,Montana,Sanders,11,0,0,47.67657534,-115.1329916,30089.0,90.81152480805746,0.0,11,10,0,0,10,9,11844,1,0,0,1,1
2020-08-13,US,Montana,Sheridan,5,0,0,48.72085833,-104.50382900000001,30091.0,151.1030522816561,0.0,5,5,0,0,5,5,3424,0,0,0,0,0
2020-08-13,US,Montana,Silver Bow,103,0,0,45.90018933,-112.6620092,30093.0,295.00214807389375,0.0,103,102,0,0,102,101,34993,1,0,0,1,1
2020-08-13,US,Montana,Stillwater,29,1,0,45.67071407,-109.3950061,30095.0,300.76747562746317,3.4482758620689653,28,28,1,0,27,26,9534,1,0,0,1,2
2020-08-13,US,Montana,Sweet Grass,5,1,0,45.81367654,-109.9425686,30097.0,133.7971635001338,20.0,4,5,1,0,4,5,3710,0,0,0,0,0
2020-08-13,US,Montana,Teton,15,0,0,47.83741052,-112.24106880000001,30099.0,244.0214738897023,0.0,15,15,0,0,15,15,6162,0,0,0,0,0
2020-08-13,US,Montana,Toole,44,6,0,48.65577551,-111.69424140000001,30101.0,929.054054054054,13.636363636363635,38,44,6,0,38,44,4853,0,0,0,0,0
2020-08-13,US,Montana,Treasure,2,0,0,46.20973220000001,-107.26665159999999,30103.0,287.3563218390805,0.0,2,2,0,0,2,2,679,0,0,0,0,0
2020-08-13,US,Montana,Valley,30,0,0,48.36435097,-106.6669635,30105.0,405.6246619794484,0.0,30,23,0,0,23,23,7437,7,0,0,7,0
2020-08-13,US,Montana,Wheatland,3,0,0,46.46652491,-109.84646359999999,30107.0,141.11006585136406,0.0,3,3,0,0,3,3,2236,0,0,0,0,0
2020-08-13,US,Montana,Wibaux,3,0,0,46.95925154,-104.2510927,30109.0,309.59752321981426,0.0,3,3,0,0,3,3,1034,0,0,0,0,0
2020-08-13,US,Montana,Yellowstone,1424,32,0,45.93955949,-108.26914860000001,30111.0,882.8270303781771,2.247191011235955,1392,1387,31,0,1356,1316,160137,37,1,0,36,71
2020-08-13,US,Nebraska,Adams,363,11,0,40.52449420000001,-98.50117804,31001.0,1157.4147881261358,3.0303030303030303,352,362,11,0,351,361,31511,1,0,0,1,1
2020-08-13,US,Nebraska,Antelope,20,1,0,42.17695516,-98.06662829999999,31003.0,317.56113051762463,5.0,19,21,1,0,20,19,6336,-1,0,0,-1,2
2020-08-13,US,Nebraska,Arthur,1,0,0,41.56896142,-101.6959559,31005.0,215.98272138228938,0.0,1,1,0,0,1,1,465,0,0,0,0,0
2020-08-13,US,Nebraska,Banner,2,0,0,41.54634427,-103.7114332,31007.0,268.4563758389262,0.0,2,2,0,0,2,2,730,0,0,0,0,0
2020-08-13,US,Nebraska,Boone,10,0,0,41.70759415,-98.06737183,31011.0,192.60400616332817,0.0,10,8,0,0,8,8,5239,2,0,0,2,0
2020-08-13,US,Nebraska,Box Butte,15,0,0,42.22079243,-103.08788340000001,31013.0,139.10785495687657,0.0,15,14,0,0,14,13,10772,1,0,0,1,1
2020-08-13,US,Nebraska,Boyd,7,0,0,42.899727399999996,-98.76486568,31015.0,364.77331943720685,0.0,7,6,0,0,6,5,1955,1,0,0,1,1
2020-08-13,US,Nebraska,Brown,1,0,0,42.43018907,-99.92904055,31017.0,33.840947546531304,0.0,1,,,,,,2973,,,,,
2020-08-13,US,Nebraska,Buffalo,462,1,0,40.85486962,-99.07500296,31019.0,930.3449525765724,0.21645021645021645,461,456,1,0,455,449,49615,6,0,0,6,7
2020-08-13,US,Nebraska,Burt,45,0,0,41.85056773,-96.32605633,31021.0,696.7022758941013,0.0,45,41,0,0,41,40,6488,4,0,0,4,1
2020-08-13,US,Nebraska,Butler,63,0,0,41.22703692,-97.13106306,31023.0,785.9281437125749,0.0,63,63,0,0,63,62,8058,0,0,0,0,1
2020-08-13,US,Nebraska,Cass,203,2,0,40.90899107,-96.13971217,31025.0,773.3922584577873,0.9852216748768472,201,189,2,0,187,182,26159,14,0,0,14,7
2020-08-13,US,Nebraska,Cedar,24,0,0,42.598885100000004,-97.25311951,31027.0,285.6462746965008,0.0,24,23,0,0,23,23,8446,1,0,0,1,0
2020-08-13,US,Nebraska,Chase,7,0,0,40.523719799999995,-101.69780259999999,31029.0,178.38939857288483,0.0,7,7,0,0,7,7,3977,0,0,0,0,0
2020-08-13,US,Nebraska,Cherry,4,0,0,42.54502621,-101.1244332,31031.0,70.31112673580594,0.0,4,4,0,0,4,4,5761,0,0,0,0,0
2020-08-13,US,Nebraska,Cheyenne,27,0,0,41.21999357,-102.9941693,31033.0,303.030303030303,0.0,27,26,0,0,26,26,9310,1,0,0,1,0
2020-08-13,US,Nebraska,Clay,50,0,0,40.52439441,-98.05126296,31035.0,806.0615831049491,0.0,50,50,0,0,50,50,6214,0,0,0,0,0
2020-08-13,US,Nebraska,Colfax,705,4,0,41.57486951,-97.0868542,31037.0,6583.247735549538,0.5673758865248227,701,704,4,0,700,704,10881,1,0,0,1,0
2020-08-13,US,Nebraska,Cuming,68,0,0,41.91637624,-96.78730772,31039.0,768.7090210264528,0.0,68,68,0,0,68,68,8940,0,0,0,0,0
2020-08-13,US,Nebraska,Custer,53,4,0,41.39374521,-99.72805369,31041.0,491.78806718010577,7.547169811320754,49,52,4,0,48,50,10840,1,0,0,1,2
2020-08-13,US,Nebraska,Dakota,1935,42,0,42.39040144,-96.56656425,31043.0,9662.43882952162,2.1705426356589146,1893,1931,42,0,1889,1930,20083,4,0,0,4,1
2020-08-13,US,Nebraska,Dawes,12,0,0,42.71985036,-103.1313774,31045.0,139.71358714635,0.0,12,10,0,0,10,10,8716,2,0,0,2,0
2020-08-13,US,Nebraska,Dawson,968,9,0,40.87028216,-99.82014609999999,31047.0,4102.5641025641025,0.9297520661157024,959,968,9,0,959,967,23709,0,0,0,0,1
2020-08-13,US,Nebraska,Deuel,2,0,0,41.11168186,-102.33333309999999,31049.0,111.48272017837236,0.0,2,2,0,0,2,2,1825,0,0,0,0,0
2020-08-13,US,Nebraska,Dixon,57,2,0,42.49188363,-96.86782408,31051.0,1011.3555713271824,3.5087719298245608,55,57,2,0,55,57,5709,0,0,0,0,0
2020-08-13,US,Nebraska,Dodge,832,10,0,41.58071748,-96.65598179,31053.0,2275.3999726514426,1.2019230769230769,822,822,10,0,812,820,36791,10,0,0,10,2
2020-08-13,US,Nebraska,Douglas,11802,142,0,41.29518299,-96.15085305,31055.0,2065.7171812289635,1.2031859006947976,11660,11608,139,0,11469,11532,566880,194,3,0,191,76
2020-08-13,US,Nebraska,Dundy,1,0,0,40.17638677,-101.6876522,31057.0,59.06674542232722,0.0,1,1,0,0,1,1,1770,0,0,0,0,0
2020-08-13,US,Nebraska,Fillmore,28,1,0,40.52458567,-97.59646937,31059.0,512.6327352618089,3.571428571428572,27,27,1,0,26,24,5527,1,0,0,1,3
2020-08-13,US,Nebraska,Franklin,15,0,0,40.17636348,-98.95299073,31061.0,503.5246727089627,0.0,15,13,0,0,13,13,3023,2,0,0,2,0
2020-08-13,US,Nebraska,Frontier,3,0,0,40.52993007,-100.3924658,31063.0,114.19870574800152,0.0,3,3,0,0,3,3,2608,0,0,0,0,0
2020-08-13,US,Nebraska,Furnas,15,1,0,40.17642064,-99.91247454,31065.0,320.786997433704,6.666666666666668,14,15,1,0,14,15,4715,0,0,0,0,0
2020-08-13,US,Nebraska,Gage,93,4,0,40.26186809,-96.68946704,31067.0,432.2967508018408,4.301075268817204,89,93,4,0,89,90,21493,0,0,0,0,3
2020-08-13,US,Nebraska,Garden,4,0,0,41.61703149,-102.3313973,31069.0,217.74632553075668,0.0,4,4,0,0,4,4,1897,0,0,0,0,0
2020-08-13,US,Nebraska,Garfield,4,0,0,41.91428955,-98.99111827,31071.0,203.14880650076182,0.0,4,4,0,0,4,4,1987,0,0,0,0,0
2020-08-13,US,Nebraska,Gosper,20,0,0,40.51481965,-99.83020279,31073.0,1005.0251256281407,0.0,20,19,0,0,19,19,1996,1,0,0,1,0
2020-08-13,US,Nebraska,Greeley,10,0,0,41.56742671,-98.52150266,31077.0,424.44821731748726,0.0,10,10,0,0,10,10,2356,0,0,0,0,0
2020-08-13,US,Nebraska,Hall,1763,45,0,40.87257079,-98.50218293,31079.0,2873.535116457223,2.5524673851389683,1718,1755,45,0,1710,1750,61607,8,0,0,8,5
2020-08-13,US,Nebraska,Hamilton,101,12,0,40.87349452,-98.02099117,31081.0,1083.2260832260831,11.881188118811881,89,100,12,0,88,100,9280,1,0,0,1,0
2020-08-13,US,Nebraska,Harlan,1,0,0,40.17658508,-99.40438879,31083.0,29.58579881656805,0.0,1,1,0,0,1,1,3401,0,0,0,0,0
2020-08-13,US,Nebraska,Hitchcock,1,0,0,40.17609175,-101.04164770000001,31087.0,36.205648081100655,0.0,1,1,0,0,1,1,2806,0,0,0,0,0
2020-08-13,US,Nebraska,Holt,14,0,0,42.45522056,-98.78402558,31089.0,139.0682427734181,0.0,14,13,0,0,13,13,10178,1,0,0,1,0
2020-08-13,US,Nebraska,Hooker,4,0,0,41.91586243,-101.1354293,31091.0,586.5102639296188,0.0,4,4,0,0,4,4,682,0,0,0,0,0
2020-08-13,US,Nebraska,Howard,55,5,0,41.2200529,-98.5166499,31093.0,853.3747090768037,9.090909090909092,50,55,4,0,51,55,6468,0,1,0,-1,0
2020-08-13,US,Nebraska,Jefferson,18,0,0,40.17584531,-97.142601,31095.0,255.4640931024695,0.0,18,18,0,0,18,18,7097,0,0,0,0,0
2020-08-13,US,Nebraska,Johnson,14,0,0,40.39257596,-96.26522753,31097.0,276.07966870439753,0.0,14,14,0,0,14,14,5134,0,0,0,0,0
2020-08-13,US,Nebraska,Kearney,67,0,0,40.50663314,-98.94877182,31099.0,1031.5627405696691,0.0,67,62,0,0,62,58,6544,5,0,0,5,4
2020-08-13,US,Nebraska,Keith,32,0,0,41.19930341,-101.66201640000001,31101.0,398.30719442369934,0.0,32,28,0,0,28,23,8021,4,0,0,4,5
2020-08-13,US,Nebraska,Kimball,15,0,0,41.19774275,-103.7148131,31105.0,412.9955947136564,0.0,15,15,0,0,15,15,3618,0,0,0,0,0
2020-08-13,US,Nebraska,Knox,39,0,0,42.63758421,-97.89178836,31107.0,468.0748919827173,0.0,39,35,0,0,35,36,8419,4,0,0,4,-1
2020-08-13,US,Nebraska,Lancaster,3390,19,0,40.78416049,-96.68777155,31109.0,1062.3961891629324,0.5604719764011801,3371,3358,19,0,3339,3344,317272,32,0,0,32,14
2020-08-13,US,Nebraska,Lincoln,154,2,0,41.04658298,-100.74753740000001,31111.0,441.0838059231254,1.2987012987012987,152,146,2,0,144,129,35185,8,0,0,8,17
2020-08-13,US,Nebraska,Madison,477,5,0,41.91676024,-97.6005481,31119.0,1359.0130772956495,1.0482180293501049,472,466,5,0,461,463,35392,11,0,0,11,3
2020-08-13,US,Nebraska,McPherson,5,0,0,41.56797682,-101.05993620000001,31117.0,1012.1457489878543,0.0,5,5,0,0,5,5,492,0,0,0,0,0
2020-08-13,US,Nebraska,Merrick,62,0,0,41.16624273,-98.0374887,31121.0,799.4842037395229,0.0,62,63,0,0,63,63,7733,-1,0,0,-1,0
2020-08-13,US,Nebraska,Morrill,63,0,0,41.71711774,-103.0061405,31123.0,1357.1736320551486,0.0,63,63,0,0,63,59,4686,0,0,0,0,4
2020-08-13,US,Nebraska,Nance,9,0,0,41.39750195,-97.99327291,31125.0,255.7544757033248,0.0,9,9,0,0,9,8,3532,0,0,0,0,1
2020-08-13,US,Nebraska,Nemaha,48,0,0,40.38514847,-95.85433992,31127.0,688.4681583476764,0.0,48,39,0,0,39,34,6958,9,0,0,9,5
2020-08-13,US,Nebraska,Nuckolls,6,0,0,40.17637905,-98.04743961,31129.0,144.64802314368367,0.0,6,5,0,0,5,5,4195,1,0,0,1,0
2020-08-13,US,Nebraska,Otoe,57,0,0,40.64843556,-96.13374142,31131.0,355.98301274044474,0.0,57,56,0,0,56,55,15985,1,0,0,1,1
2020-08-13,US,Nebraska,Pawnee,9,0,0,40.13141096,-96.23705437,31133.0,344.4316877152698,0.0,9,9,0,0,9,9,2632,0,0,0,0,0
2020-08-13,US,Nebraska,Perkins,19,7,0,40.85082525,-101.6502942,31135.0,657.2120373573157,36.8421052631579,12,19,7,0,12,18,2929,0,0,0,0,1
2020-08-13,US,Nebraska,Phelps,42,0,0,40.51156033,-99.41461667,31137.0,464.91033872038963,0.0,42,41,0,0,41,40,8996,1,0,0,1,1
2020-08-13,US,Nebraska,Pierce,37,0,0,42.26434853,-97.60122773,31139.0,517.6273083379966,0.0,37,29,0,0,29,23,7142,8,0,0,8,6
2020-08-13,US,Nebraska,Platte,804,3,0,41.57246836,-97.52144359,31141.0,2402.1511801613383,0.373134328358209,801,800,3,0,797,799,33363,4,0,0,4,1
2020-08-13,US,Nebraska,Polk,27,0,0,41.18813488,-97.56630712,31143.0,517.9359294072511,0.0,27,27,0,0,27,27,5278,0,0,0,0,0
2020-08-13,US,Nebraska,Red Willow,18,0,0,40.17556879999999,-100.476998,31145.0,167.84781797836632,0.0,18,17,0,0,17,17,10726,1,0,0,1,0
2020-08-13,US,Nebraska,Richardson,24,1,0,40.1247415,-95.71755036,31147.0,305.14939605848696,4.166666666666667,23,24,1,0,23,24,7937,0,0,0,0,0
2020-08-13,US,Nebraska,Rock,3,0,0,42.42252217,-99.44832069,31149.0,221.07590272660286,0.0,3,3,0,0,3,3,1360,0,0,0,0,0
2020-08-13,US,Nebraska,Saline,597,2,0,40.52418865,-97.14085859,31151.0,4197.131608548932,0.33500837520938026,595,597,2,0,595,597,14350,0,0,0,0,0
2020-08-13,US,Nebraska,Sarpy,2409,11,0,41.11314181,-96.11156432,31153.0,1286.886471933161,0.45662100456620996,2398,2349,11,0,2338,2323,184459,60,0,0,60,26
2020-08-13,US,Nebraska,Saunders,170,2,0,41.227810299999994,-96.63773905,31155.0,787.839466122903,1.1764705882352942,168,165,2,0,163,167,21303,5,0,0,5,-2
2020-08-13,US,Nebraska,Scotts Bluff,309,6,0,41.85070896,-103.70809859999999,31157.0,867.5388848335112,1.9417475728155342,303,305,6,0,299,304,35989,4,0,0,4,1
2020-08-13,US,Nebraska,Seward,127,1,0,40.87241834,-97.139673,31159.0,734.7836149039574,0.7874015748031497,126,125,1,0,124,125,17318,2,0,0,2,0
2020-08-13,US,Nebraska,Sheridan,12,0,0,42.50284406,-102.4126613,31161.0,228.7457110179184,0.0,12,11,0,0,11,11,5190,1,0,0,1,0
2020-08-13,US,Nebraska,Sherman,12,0,0,41.22045983,-98.97588642,31163.0,399.8667110963012,0.0,12,12,0,0,12,11,3038,0,0,0,0,1
2020-08-13,US,Nebraska,Sioux,5,0,0,42.48932059,-103.7576544,31165.0,428.8164665523156,0.0,5,5,0,0,5,5,1187,0,0,0,0,0
2020-08-13,US,Nebraska,Stanton,32,0,0,41.9169835,-97.19394708,31167.0,540.5405405405405,0.0,32,32,0,0,32,33,5970,0,0,0,0,-1
2020-08-13,US,Nebraska,Thayer,27,0,0,40.17626377,-97.59504381,31169.0,539.6761942834298,0.0,27,27,0,0,27,27,5039,0,0,0,0,0
2020-08-13,US,Nebraska,Thomas,2,0,0,41.91358968,-100.5556632,31171.0,277.0083102493075,0.0,2,2,0,0,2,1,720,0,0,0,0,1
2020-08-13,US,Nebraska,Thurston,211,4,0,42.15725356,-96.54157099,31173.0,2920.8194905869323,1.895734597156398,207,211,4,0,207,211,7303,0,0,0,0,0
2020-08-13,US,Nebraska,Unassigned,155,0,0,0.0,0.0,90031.0,0.0,0.0,155,160,0,0,160,154,,-5,0,0,-5,6
2020-08-13,US,Nebraska,Valley,11,0,0,41.56730777,-98.98197724,31175.0,264.55026455026456,0.0,11,11,0,0,11,10,4190,0,0,0,0,1
2020-08-13,US,Nebraska,Washington,134,1,0,41.52815707,-96.22019892,31177.0,646.4373582903179,0.746268656716418,133,131,1,0,130,130,20667,3,0,0,3,1
2020-08-13,US,Nebraska,Wayne,38,0,0,42.20934475,-97.11926964,31179.0,404.90143846563683,0.0,38,38,0,0,38,38,9403,0,0,0,0,0
2020-08-13,US,Nebraska,Webster,10,0,0,40.17642643,-98.50019851,31181.0,286.77946659019216,0.0,10,10,0,0,10,10,3533,0,0,0,0,0
2020-08-13,US,Nebraska,Wheeler,1,0,0,41.91482725,-98.52798941,31183.0,127.7139208173691,0.0,1,2,0,0,2,1,805,-1,0,0,-1,1
2020-08-13,US,Nebraska,York,89,0,0,40.87272618,-97.59710186,31185.0,650.6323561663862,0.0,89,87,0,0,87,84,13772,2,0,0,2,3
2020-08-13,US,Nevada,Carson City,371,8,0,39.15509045,-119.7480219,32510.0,663.4952428642963,2.1563342318059298,363,364,8,0,356,357,55414,7,0,0,7,7
2020-08-13,US,Nevada,Churchill,82,1,0,39.58105744,-118.3394607,32001.0,329.1982817455538,1.2195121951219512,81,69,1,0,68,69,24440,13,0,0,13,0
2020-08-13,US,Nevada,Clark,50569,869,0,36.21458855,-115.0130241,32003.0,2230.937722651502,1.7184441060728906,49700,50081,842,0,49239,49646,2231647,488,27,0,461,435
2020-08-13,US,Nevada,Douglas,209,1,0,38.912862,-119.61713329999999,32005.0,427.3591657294755,0.4784688995215311,208,208,1,0,207,206,48467,1,0,0,1,2
2020-08-13,US,Nevada,Elko,579,3,0,41.14531606,-115.3577619,32007.0,1097.0480124294213,0.5181347150259067,576,562,2,0,560,555,52460,17,1,0,16,7
2020-08-13,US,Nevada,Eureka,4,0,0,39.98100864,-116.26832040000001,32011.0,197.1414489896501,0.0,4,4,0,0,4,4,2003,0,0,0,0,0
2020-08-13,US,Nevada,Humboldt,104,4,0,41.40692186,-118.11094270000001,32013.0,617.9074327134455,3.8461538461538463,100,104,4,0,100,104,16786,0,0,0,0,0
2020-08-13,US,Nevada,Lander,52,1,0,39.933223299999995,-117.03970749999999,32015.0,939.9855386840204,1.9230769230769231,51,51,1,0,50,51,5575,1,0,0,1,0
2020-08-13,US,Nevada,Lincoln,5,0,0,37.64268459,-114.8790388,32017.0,96.46922631680496,0.0,5,5,0,0,5,5,5201,0,0,0,0,0
2020-08-13,US,Nevada,Lyon,250,6,0,39.01777974,-119.18704790000001,32019.0,434.70700747696054,2.4,244,239,6,0,233,235,55808,11,0,0,11,4
2020-08-13,US,Nevada,Mineral,11,0,0,38.53841696,-118.4344506,32021.0,244.173140954495,0.0,11,11,0,0,11,11,4514,0,0,0,0,0
2020-08-13,US,Nevada,Nye,416,12,0,38.04264256,-116.47227020000001,32023.0,894.181372654386,2.8846153846153846,404,408,9,0,399,408,45346,8,3,0,5,0
2020-08-13,US,Nevada,Pershing,14,0,0,40.44003782,-118.40056409999998,32027.0,208.17843866171,0.0,14,14,0,0,14,14,6666,0,0,0,0,0
2020-08-13,US,Nevada,Storey,6,0,0,39.44875482,-119.5250207,32029.0,145.52510308028138,0.0,6,6,0,0,6,5,4029,0,0,0,0,1
2020-08-13,US,Nevada,Washoe,5962,124,0,40.66562265,-119.6631594,32031.0,1264.4241271295534,2.079838980207984,5838,5907,121,0,5786,5835,465735,55,3,0,52,72
2020-08-13,US,Nevada,White Pine,16,1,0,39.44157041,-114.89996599999999,32033.0,167.0146137787056,6.25,15,15,1,0,14,15,9475,1,0,0,1,0
2020-08-13,US,New Hampshire,Belknap,119,4,0,43.51637314,-71.41684235,33001.0,194.11774301420812,3.361344537815126,115,117,4,0,113,115,61022,2,0,0,2,2
2020-08-13,US,New Hampshire,Carroll,95,1,0,43.87498583,-71.20430216,33003.0,194.2343079124924,1.0526315789473684,94,95,1,0,94,94,48779,0,0,0,0,1
2020-08-13,US,New Hampshire,Cheshire,103,3,0,42.92015988,-72.25311043,33005.0,135.37490964053362,2.9126213592233015,100,103,3,0,100,101,76493,0,0,0,0,2
2020-08-13,US,New Hampshire,Coos,17,0,0,44.69063265,-71.30633239,33007.0,53.86053290244907,0.0,17,17,0,0,17,17,31589,0,0,0,0,0
2020-08-13,US,New Hampshire,Grafton,105,1,0,43.93779815,-71.82057197,33009.0,116.81463186703158,0.9523809523809524,104,105,1,0,104,104,89786,0,0,0,0,1
2020-08-13,US,New Hampshire,Hillsborough,3891,280,0,42.91537785,-71.7200253,33011.0,933.0375876746001,7.19609354921614,3611,3872,280,0,3592,3863,415247,19,0,0,19,9
2020-08-13,US,New Hampshire,Merrimack,472,23,0,43.29662971,-71.6811573,33013.0,311.77546881915043,4.872881355932203,449,467,21,0,446,466,151132,5,2,0,3,1
2020-08-13,US,New Hampshire,Rockingham,1712,96,0,42.98499744,-71.12883377,33015.0,552.6698927265155,5.607476635514018,1616,1703,96,0,1607,1698,309176,9,0,0,9,5
2020-08-13,US,New Hampshire,Strafford,363,13,0,43.291833000000004,-71.02336013,33017.0,277.8777184937956,3.5812672176308538,350,363,13,0,350,362,130090,0,0,0,0,1
2020-08-13,US,New Hampshire,Sullivan,44,1,0,43.36094111,-72.22203125,33019.0,101.97932600936356,2.272727272727273,43,44,1,0,43,41,43144,0,0,0,0,3
2020-08-13,US,New Jersey,Atlantic,3521,252,0,39.47538693,-74.65848483,34001.0,1335.3813478969926,7.1570576540755475,3269,3509,252,0,3257,3497,265429,12,0,0,12,12
2020-08-13,US,New Jersey,Bergen,20940,2035,0,40.96010917,-74.07164325,34003.0,2246.2942581114394,9.718242597898758,18905,20899,2036,0,18863,20864,936692,41,-1,0,42,35
2020-08-13,US,New Jersey,Burlington,6094,474,0,39.87681124,-74.66927768,34005.0,1368.3650350623893,7.778142435182147,5620,6069,473,0,5596,6042,445384,25,1,0,24,27
2020-08-13,US,New Jersey,Camden,8689,580,0,39.80343818,-74.96388753,34007.0,1715.596746901599,6.675106456439176,8109,8645,579,0,8066,8614,507078,44,1,0,43,31
2020-08-13,US,New Jersey,Cape May,843,88,0,39.15008829,-74.80170244,34009.0,915.9160790534448,10.438908659549227,755,842,88,0,754,840,92560,1,0,0,1,2
2020-08-13,US,New Jersey,Cumberland,3386,158,0,39.37199394,-75.10712559,34011.0,2264.473974599905,4.666272888363851,3228,3377,158,0,3219,3366,150972,9,0,0,9,11
2020-08-13,US,New Jersey,Essex,19840,2110,0,40.78681335,-74.24657979,34013.0,2483.1815763947557,10.635080645161288,17730,19813,2110,0,17703,19776,799767,27,0,0,27,37
2020-08-13,US,New Jersey,Gloucester,3339,214,0,39.71581067,-75.13995546,34015.0,1144.9203801999754,6.409104522312069,3125,3310,214,0,3096,3283,291408,29,0,0,29,27
2020-08-13,US,New Jersey,Hudson,19792,1508,0,40.73766234,-74.07515667,34017.0,2943.5254189898437,7.619240097008892,18284,19749,1505,0,18244,19717,676061,43,3,0,40,32
2020-08-13,US,New Jersey,Hunterdon,1151,124,0,40.56335249,-74.91284156,34019.0,925.4568991163536,10.773240660295397,1027,1150,124,0,1026,1149,124714,1,0,0,1,1
2020-08-13,US,New Jersey,Mercer,8164,622,0,40.28047017,-74.70479631,34021.0,2221.9198214625917,7.6188143067123955,7542,8143,621,0,7522,8139,369811,21,1,0,20,4
2020-08-13,US,New Jersey,Middlesex,18015,1411,0,40.43629879,-74.41426991,34023.0,2183.472272386802,7.832361920621704,16604,17988,1409,0,16579,17959,829685,27,2,0,25,29
2020-08-13,US,New Jersey,Monmouth,10407,856,0,40.26549699,-74.22240686,34025.0,1681.8170799699415,8.225233016239072,9551,10368,856,0,9512,10348,621354,39,0,0,39,20
2020-08-13,US,New Jersey,Morris,7304,829,0,40.86095313,-74.54553709999998,34027.0,1485.0206874116845,11.349945235487404,6475,7286,829,0,6457,7273,494228,18,0,0,18,13
2020-08-13,US,New Jersey,Ocean,10668,1020,0,39.8895449,-74.28089251,34029.0,1756.9575056078365,9.561304836895387,9648,10652,1020,0,9632,10640,601651,16,0,0,16,12
2020-08-13,US,New Jersey,Passaic,17801,1242,0,41.03238628,-74.29954144,34031.0,3547.2454595816084,6.977136115948544,16559,17748,1242,0,16506,17705,503310,53,0,0,53,43
2020-08-13,US,New Jersey,Salem,912,87,0,39.58719656,-75.34696629999998,34033.0,1461.889877374369,9.539473684210526,825,907,87,0,820,906,62607,5,0,0,5,1
2020-08-13,US,New Jersey,Somerset,5282,564,0,40.56465737,-74.61683016,34035.0,1605.7932594380634,10.677773570617193,4718,5275,564,0,4711,5265,331164,7,0,0,7,10
2020-08-13,US,New Jersey,Sussex,1343,198,0,41.13891592,-74.69118243,34037.0,955.9535333978704,14.743112434847355,1145,1341,198,0,1143,1336,140799,2,0,0,2,5
2020-08-13,US,New Jersey,Unassigned,939,0,0,0.0,0.0,90034.0,0.0,0.0,939,740,0,0,740,660,,199,0,0,199,80
2020-08-13,US,New Jersey,Union,16812,1349,0,40.65835409,-74.30680092,34039.0,3021.887655233032,8.024030454437307,15463,16780,1348,0,15432,16749,558067,32,1,0,31,31
2020-08-13,US,New Jersey,Warren,1352,172,0,40.85951833,-74.99556527,34041.0,1284.3531211110796,12.721893491124261,1180,1347,172,0,1175,1347,105779,5,0,0,5,0
2020-08-13,US,New Mexico,Bernalillo,5264,134,0,35.05163625,-106.6703554,35001.0,775.1196031340512,2.5455927051671736,5130,5226,134,0,5092,5196,678701,38,0,0,38,30
2020-08-13,US,New Mexico,Catron,5,1,0,33.91514144,-108.4046587,35003.0,141.7635384179189,20.0,4,5,1,0,4,5,3578,0,0,0,0,0
2020-08-13,US,New Mexico,Chaves,504,6,0,33.36406072,-104.4665365,35005.0,780.0046428847791,1.1904761904761905,498,485,6,0,479,475,64689,19,0,0,19,10
2020-08-13,US,New Mexico,Cibola,374,18,0,34.91131525,-107.998876,35006.0,1402.0618556701031,4.81283422459893,356,371,18,0,353,371,26746,3,0,0,3,0
2020-08-13,US,New Mexico,Colfax,18,1,0,36.60569702,-104.64726740000002,35007.0,150.74114395779247,5.5555555555555545,17,18,1,0,17,18,12110,0,0,0,0,0
2020-08-13,US,New Mexico,Curry,575,2,0,34.57421077,-103.34688759999999,35009.0,1174.57204722801,0.3478260869565217,573,569,2,0,567,564,49437,6,0,0,6,5
2020-08-13,US,New Mexico,Dona Ana,2572,31,0,32.35275771,-106.83293870000001,35013.0,1178.762116455464,1.205287713841369,2541,2554,31,0,2523,2517,217522,18,0,0,18,37
2020-08-13,US,New Mexico,Eddy,350,4,0,32.47167456,-104.3053527,35015.0,598.6999657885734,1.1428571428571428,346,336,4,0,332,318,57900,14,0,0,14,18
2020-08-13,US,New Mexico,Grant,72,2,0,32.73911281,-108.3827845,35017.0,266.6864212163864,2.7777777777777777,70,71,2,0,69,71,27346,1,0,0,1,0
2020-08-13,US,New Mexico,Guadalupe,32,0,0,34.86319296,-104.790669,35019.0,744.1860465116278,0.0,32,32,0,0,32,32,4341,0,0,0,0,0
2020-08-13,US,New Mexico,Harding,1,0,0,35.85751555,-103.82209379999999,35021.0,160.0,0.0,1,1,0,0,1,1,655,0,0,0,0,0
2020-08-13,US,New Mexico,Hidalgo,90,0,0,31.91383467,-108.7151824,35023.0,2143.8780371605526,0.0,90,90,0,0,90,90,4240,0,0,0,0,0
2020-08-13,US,New Mexico,Lea,876,5,0,32.79215361,-103.4123733,35025.0,1232.5875897002957,0.5707762557077626,871,863,5,0,858,830,69611,13,0,0,13,33
2020-08-13,US,New Mexico,Lincoln,144,2,0,33.74526079,-105.4586166,35027.0,735.7449417535255,1.3888888888888888,142,130,2,0,128,130,19556,14,0,0,14,0
2020-08-13,US,New Mexico,Los Alamos,24,0,0,35.86631386,-106.31349850000001,35028.0,123.90933966647735,0.0,24,24,0,0,24,23,19101,0,0,0,0,1
2020-08-13,US,New Mexico,Luna,255,5,0,32.18179341,-107.75088259999998,35029.0,1075.540933822599,1.96078431372549,250,254,5,0,249,255,23963,1,0,0,1,-1
2020-08-13,US,New Mexico,McKinley,4087,230,0,35.58007720000001,-108.262245,35031.0,5726.7364468171545,5.627599706386103,3857,4077,229,0,3848,4067,72290,10,1,0,9,10
2020-08-13,US,New Mexico,Mora,6,0,0,36.01095101,-104.9497716,35033.0,132.71400132713998,0.0,6,6,0,0,6,6,4506,0,0,0,0,0
2020-08-13,US,New Mexico,Otero,204,10,0,32.61348406,-105.7417604,35035.0,302.2670025188917,4.901960784313727,194,204,10,0,194,203,66781,0,0,0,0,1
2020-08-13,US,New Mexico,Quay,41,1,0,35.10403332,-103.54817270000001,35037.0,496.7890464073671,2.4390243902439024,40,37,1,0,36,34,8253,4,0,0,4,3
2020-08-13,US,New Mexico,Rio Arriba,323,8,0,36.51072137,-106.69316740000001,35039.0,829.8861796973358,2.476780185758514,315,319,7,0,312,318,39006,4,1,0,3,1
2020-08-13,US,New Mexico,Roosevelt,169,1,0,34.02097406,-103.4799493,35041.0,913.5135135135137,0.591715976331361,168,168,1,0,167,167,18743,1,0,0,1,1
2020-08-13,US,New Mexico,San Juan,3072,185,0,36.50838318,-108.32043700000001,35045.0,2478.258765065587,6.022135416666668,2887,3069,185,0,2884,3064,125043,3,0,0,3,5
2020-08-13,US,New Mexico,San Miguel,46,0,0,35.48014807,-104.8163562,35047.0,168.64024636140337,0.0,46,46,0,0,46,45,27591,0,0,0,0,1
2020-08-13,US,New Mexico,Sandoval,1149,33,0,35.68862401,-106.86878030000001,35043.0,782.9748957396354,2.8720626631853787,1116,1146,33,0,1113,1142,145179,3,0,0,3,4
2020-08-13,US,New Mexico,Santa Fe,672,3,0,35.50708973,-105.9774716,35049.0,446.933319144974,0.44642857142857145,669,660,3,0,657,658,150056,12,0,0,12,2
2020-08-13,US,New Mexico,Sierra,32,1,0,33.13028233,-107.1925893,35051.0,296.54341580947084,3.125,31,32,1,0,31,32,10968,0,0,0,0,0
2020-08-13,US,New Mexico,Socorro,75,6,0,34.00715494,-106.9298354,35053.0,450.8024283224138,8.0,69,75,6,0,69,75,16735,0,0,0,0,0
2020-08-13,US,New Mexico,Taos,112,1,0,36.58006022,-105.63101979999999,35055.0,342.2669070684228,0.8928571428571429,111,112,1,0,111,109,32835,0,0,0,0,3
2020-08-13,US,New Mexico,Torrance,62,1,0,34.64048375,-105.8508949,35057.0,401.0089903628485,1.6129032258064515,61,61,1,0,60,61,15591,1,0,0,1,0
2020-08-13,US,New Mexico,Unassigned,1305,0,0,0.0,0.0,90035.0,0.0,0.0,1305,1304,0,0,1304,1304,,1,0,0,1,0
2020-08-13,US,New Mexico,Union,30,2,0,36.48126404,-103.4709624,35059.0,739.09830007391,6.666666666666668,28,30,2,0,28,30,4118,0,0,0,0,0
2020-08-13,US,New Mexico,Valencia,446,4,0,34.71669834,-106.8103733,35061.0,581.5773002295014,0.8968609865470852,442,441,4,0,437,432,76456,5,0,0,5,9
2020-08-13,US,New York,Albany,2636,128,0,42.60060306,-73.97723916,36001.0,862.8308445660641,4.855842185128983,2508,2624,128,0,2496,2614,307117,12,0,0,12,10
2020-08-13,US,New York,Allegany,80,1,0,42.25748406,-78.02750466,36003.0,173.56967737736218,1.25,79,80,1,0,79,80,46430,0,0,0,0,0
2020-08-13,US,New York,Broome,1153,69,0,42.15903158,-75.81326086,36007.0,605.287472176725,5.98438855160451,1084,1150,69,0,1081,1143,191659,3,0,0,3,7
2020-08-13,US,New York,Cattaraugus,169,6,0,42.24778241,-78.67923096,36009.0,222.026616918691,3.5502958579881656,163,168,6,0,162,168,76840,1,0,0,1,0
2020-08-13,US,New York,Cayuga,162,2,0,42.91261714,-76.55731592,36011.0,211.55453405766815,1.2345679012345678,160,161,2,0,159,157,77145,1,0,0,1,4
2020-08-13,US,New York,Chautauqua,260,9,0,42.22769210000001,-79.36691763,36013.0,204.8808932806947,3.4615384615384617,251,258,9,0,249,258,127939,2,0,0,2,0
2020-08-13,US,New York,Chemung,184,3,0,42.13891056,-76.7638805,36015.0,220.4754601226994,1.6304347826086956,181,177,3,0,174,176,84254,7,0,0,7,1
2020-08-13,US,New York,Chenango,218,6,0,42.49430041,-75.60887553,36017.0,461.79592009659586,2.7522935779816518,212,218,6,0,212,218,47536,0,0,0,0,0
2020-08-13,US,New York,Clinton,129,4,0,44.74530905,-73.67875352,36019.0,160.27831272907994,3.1007751937984502,125,129,4,0,125,129,80695,0,0,0,0,0
2020-08-13,US,New York,Columbia,550,37,0,42.24819348,-73.63089095,36021.0,924.976034711828,6.727272727272728,513,548,37,0,511,546,59916,2,0,0,2,2
2020-08-13,US,New York,Cortland,97,0,0,42.59509207,-76.07048931,36023.0,203.86288644627052,0.0,97,96,0,0,96,95,47823,1,0,0,1,1
2020-08-13,US,New York,Delaware,107,4,0,42.19837623,-74.96709306,36025.0,242.43797439673733,3.7383177570093458,103,106,4,0,102,106,44527,1,0,0,1,0
2020-08-13,US,New York,Dutchess,4640,153,0,41.76486060000001,-73.74356679,36027.0,1577.06190647751,3.2974137931034484,4487,4631,153,0,4478,4619,293718,9,0,0,9,12
2020-08-13,US,New York,Erie,9033,671,0,42.76249024,-78.73063652,36029.0,983.2350424838522,7.4283183881324035,8362,9013,671,0,8342,8987,919719,20,0,0,20,26
2020-08-13,US,New York,Essex,56,0,0,44.11630765,-73.77297842,36031.0,151.8232343771181,0.0,56,56,0,0,56,56,37300,0,0,0,0,0
2020-08-13,US,New York,Franklin,54,0,0,44.59040891,-74.29926032,36033.0,107.95250089960415,0.0,54,54,0,0,54,54,50293,0,0,0,0,0
2020-08-13,US,New York,Fulton,300,24,0,43.11363907,-74.41798804,36035.0,561.9766592360863,8.0,276,299,24,0,275,297,53591,1,0,0,1,2
2020-08-13,US,New York,Genesee,280,5,0,43.0022601,-78.19135193,36037.0,488.8268156424581,1.7857142857142858,275,280,5,0,275,279,57511,0,0,0,0,1
2020-08-13,US,New York,Greene,296,18,0,42.275797,-74.12384884,36039.0,627.2781215563277,6.081081081081082,278,295,18,0,277,294,47491,1,0,0,1,1
2020-08-13,US,New York,Hamilton,8,0,0,43.66146647,-74.49721957,36041.0,181.15942028985503,0.0,8,8,0,0,8,8,4434,0,0,0,0,0
2020-08-13,US,New York,Herkimer,278,4,0,43.42034246,-74.96145307,36043.0,453.3668194197557,1.4388489208633093,274,277,4,0,273,277,61833,1,0,0,1,0
2020-08-13,US,New York,Jefferson,142,0,0,44.04200959,-75.94653457,36045.0,129.28601343846168,0.0,142,142,0,0,142,142,111755,0,0,0,0,0
2020-08-13,US,New York,Lewis,47,0,0,43.784415700000004,-75.44903992,36049.0,178.73440827502282,0.0,47,46,0,0,46,45,26447,1,0,0,1,1
2020-08-13,US,New York,Livingston,176,8,0,42.72596275,-77.77966158,36051.0,279.7469561623804,4.545454545454546,168,176,8,0,168,176,63227,0,0,0,0,0
2020-08-13,US,New York,Madison,417,17,0,42.91653905,-75.67266639,36053.0,587.8124074935511,4.076738609112709,400,414,17,0,397,413,70795,3,0,0,3,1
2020-08-13,US,New York,Monroe,5079,285,0,43.14638895,-77.69322942,36055.0,684.7135904660473,5.6113408151210855,4794,5035,285,0,4750,5002,742474,44,0,0,44,33
2020-08-13,US,New York,Montgomery,179,4,0,42.90123494,-74.44011632,36057.0,363.66591495499887,2.23463687150838,175,177,4,0,173,177,49455,2,0,0,2,0
2020-08-13,US,New York,Nassau,43795,2195,0,40.74066522,-73.58941873,36059.0,3227.520480144798,5.011987669825324,41600,43761,2195,0,41566,43724,1358343,34,0,0,34,37
2020-08-13,US,New York,New York City,229167,23610,0,40.76727260000001,-73.97152637,36061.0,2748.854868710684,10.30253046904659,205557,228729,23602,0,205127,228343,1628701,438,8,0,430,386
2020-08-13,US,New York,Niagara,1518,98,0,43.19898042,-78.74777412,36063.0,725.3405708114926,6.4558629776021075,1420,1514,98,0,1416,1512,210433,4,0,0,4,2
2020-08-13,US,New York,Oneida,2183,115,0,43.24375382,-75.43710392,36065.0,954.6466320609084,5.26797984425103,2068,2180,115,0,2065,2175,229577,3,0,0,3,5
2020-08-13,US,New York,Onondaga,3627,200,0,43.00491923,-76.19971155,36067.0,787.5742625855539,5.51419906258616,3427,3613,200,0,3413,3602,461809,14,0,0,14,11
2020-08-13,US,New York,Ontario,365,34,0,42.85145728,-77.30874425,36069.0,332.49223425672045,9.315068493150683,331,363,34,0,329,362,109864,2,0,0,2,1
2020-08-13,US,New York,Orange,11210,491,0,41.40337468,-74.30240757,36071.0,2912.1421520236922,4.380017841213203,10719,11191,491,0,10700,11180,381951,19,0,0,19,11
2020-08-13,US,New York,Orleans,299,54,0,43.2516977,-78.2320066,36073.0,740.979381443299,18.06020066889632,245,298,54,0,244,298,40612,1,0,0,1,0
2020-08-13,US,New York,Oswego,258,3,0,43.42778894,-76.14635194,36075.0,220.27936204364605,1.162790697674419,255,257,3,0,254,255,117898,1,0,0,1,2
2020-08-13,US,New York,Otsego,118,5,0,42.63492579,-75.03151402,36077.0,198.342662161935,4.2372881355932215,113,118,5,0,113,118,59749,0,0,0,0,0
2020-08-13,US,New York,Putnam,1455,63,0,41.42630093,-73.74965532,36079.0,1479.8616761594794,4.3298969072164954,1392,1450,63,0,1387,1449,98892,5,0,0,5,1
2020-08-13,US,New York,Rensselaer,782,30,0,42.71348136,-73.51089874,36083.0,492.71015789407363,3.836317135549872,752,780,30,0,750,770,159442,2,0,0,2,10
2020-08-13,US,New York,Rockland,13973,674,0,41.15027894,-74.02560498,36087.0,4288.972310298997,4.823588348958706,13299,13966,674,0,13292,13954,325695,7,0,0,7,12
2020-08-13,US,New York,Saratoga,774,17,0,43.10904162,-73.86653895,36091.0,336.7223085055012,2.1963824289405687,757,768,17,0,751,767,230163,6,0,0,6,1
2020-08-13,US,New York,Schenectady,1084,37,0,42.81668777,-74.05278291,36093.0,698.0083580705608,3.4132841328413286,1047,1079,37,0,1042,1075,155350,5,0,0,5,4
2020-08-13,US,New York,Schoharie,69,0,0,42.58831742,-74.44339029999998,36095.0,222.58782541372295,0.0,69,69,0,0,69,69,31097,0,0,0,0,0
2020-08-13,US,New York,Schuyler,22,0,0,42.39184015,-76.8773299,36097.0,123.54691975065985,0.0,22,22,0,0,22,22,17912,0,0,0,0,0
2020-08-13,US,New York,Seneca,92,3,0,42.78081007,-76.82497064,36099.0,270.46095954844776,3.260869565217391,89,91,3,0,88,91,34300,1,0,0,1,0
2020-08-13,US,New York,St. Lawrence,263,4,0,44.4976179,-75.06550039,36089.0,244.10618154817158,1.520912547528517,259,263,4,0,259,263,108047,0,0,0,0,0
2020-08-13,US,New York,Steuben,301,42,0,42.2689144,-77.3829924,36101.0,315.58309481122683,13.953488372093025,259,300,42,0,258,300,95796,1,0,0,1,0
2020-08-13,US,New York,Suffolk,43987,1998,0,40.88320119,-72.8012172,36103.0,2978.936083613651,4.542251119648987,41989,43948,1998,0,41950,43893,1481093,39,0,0,39,55
2020-08-13,US,New York,Sullivan,1491,48,0,41.71579493,-74.76394559,36105.0,1976.6146993318484,3.2193158953722336,1443,1491,48,0,1443,1490,75498,0,0,0,0,1
2020-08-13,US,New York,Tioga,194,25,0,42.16852837,-76.30835812,36107.0,402.4645768935544,12.88659793814433,169,194,25,0,169,194,48560,0,0,0,0,0
2020-08-13,US,New York,Tompkins,234,0,0,42.44945765,-76.47229843,36109.0,229.00763358778633,0.0,234,234,0,0,234,234,102793,0,0,0,0,0
2020-08-13,US,New York,Ulster,2081,92,0,41.89027881,-74.26252104,36111.0,1171.9123965918245,4.420951465641519,1989,2077,92,0,1985,2076,178599,4,0,0,4,1
2020-08-13,US,New York,Warren,312,33,0,43.56173026,-73.8433699,36113.0,487.9269360690605,10.576923076923077,279,312,33,0,279,312,64265,0,0,0,0,0
2020-08-13,US,New York,Washington,260,14,0,43.31153794,-73.43043448,36115.0,424.8088360237893,5.384615384615384,246,260,14,0,246,260,61197,0,0,0,0,0
2020-08-13,US,New York,Wayne,263,3,0,43.15494365,-77.02976528,36117.0,292.4887119375431,1.1406844106463878,260,258,3,0,255,252,90064,5,0,0,5,6
2020-08-13,US,New York,Westchester,36357,1447,0,41.16278376,-73.75741653,36119.0,3757.8061531401363,3.9799763456830872,34910,36324,1447,0,34877,36272,967612,33,0,0,33,52
2020-08-13,US,New York,Wyoming,118,5,0,42.70145109,-78.22199579,36121.0,296.04355352617983,4.2372881355932215,113,118,5,0,113,118,40085,0,0,0,0,0
2020-08-13,US,New York,Yates,58,7,0,42.63505484,-77.10369919,36123.0,232.8101794243969,12.06896551724138,51,57,7,0,50,57,24841,1,0,0,1,0
2020-08-13,US,North Carolina,Alamance,2567,42,0,36.0434701,-79.39976137,37001.0,1514.3738680542035,1.6361511492014025,2525,2526,41,0,2485,2496,166436,41,1,0,40,30
2020-08-13,US,North Carolina,Alexander,323,2,0,35.922379600000006,-81.17751948,37003.0,861.4022455129742,0.6191950464396285,321,314,2,0,312,312,37353,9,0,0,9,2
2020-08-13,US,North Carolina,Alleghany,171,0,0,36.49360862,-81.12857041,37005.0,1535.422465655024,0.0,171,170,0,0,170,169,11161,1,0,0,1,1
2020-08-13,US,North Carolina,Anson,358,3,0,34.97403241,-80.09953279,37007.0,1464.4522621287736,0.8379888268156425,355,339,3,0,336,332,24877,19,0,0,19,7
2020-08-13,US,North Carolina,Ashe,167,1,0,36.43296207,-81.49862729,37009.0,613.9028783590045,0.5988023952095808,166,166,1,0,165,165,27109,1,0,0,1,1
2020-08-13,US,North Carolina,Avery,95,0,0,36.07569796,-81.92308483,37011.0,541.0947200546791,0.0,95,109,0,0,109,109,17505,-14,0,0,-14,0
2020-08-13,US,North Carolina,Beaufort,419,2,0,35.48531943,-76.84325809,37013.0,891.6031833851131,0.47732696897374705,417,437,2,0,435,437,47079,-18,0,0,-18,0
2020-08-13,US,North Carolina,Bertie,294,5,0,36.0688473,-76.96545943,37015.0,1551.6968385496384,1.7006802721088434,289,287,5,0,282,280,19026,7,0,0,7,7
2020-08-13,US,North Carolina,Bladen,634,6,0,34.61296243,-78.56180059,37017.0,1937.534380539087,0.946372239747634,628,627,7,0,620,626,33190,7,-1,0,8,1
2020-08-13,US,North Carolina,Brunswick,1287,22,0,34.070565,-78.22814204,37019.0,901.1342949166783,1.709401709401709,1265,1273,22,0,1251,1260,136744,14,0,0,14,13
2020-08-13,US,North Carolina,Buncombe,1965,52,0,35.61113393,-82.53305,37021.0,752.3230126612326,2.6463104325699747,1913,1929,50,0,1879,1905,259103,36,2,0,34,24
2020-08-13,US,North Carolina,Burke,1679,27,0,35.74989637,-81.70755735,37023.0,1855.5561695308616,1.6081000595592614,1652,1776,28,0,1748,1776,90382,-97,-1,0,-96,0
2020-08-13,US,North Carolina,Cabarrus,2714,50,0,35.3877799,-80.55267168,37025.0,1253.8518754648815,1.842299189388357,2664,2681,50,0,2631,2655,211342,33,0,0,33,26
2020-08-13,US,North Carolina,Caldwell,1246,12,0,35.95204977,-81.54799522,37027.0,1516.2208863686144,0.9630818619582664,1234,1234,16,0,1218,1227,82029,12,-4,0,16,7
2020-08-13,US,North Carolina,Camden,76,2,0,36.33804939,-76.15568396,37029.0,699.3650501518358,2.631578947368421,74,75,2,0,73,73,10710,1,0,0,1,2
2020-08-13,US,North Carolina,Carteret,362,5,0,34.8932941,-76.54120135,37031.0,521.0657377686296,1.3812154696132597,357,376,6,0,370,376,69524,-14,-1,0,-13,0
2020-08-13,US,North Carolina,Caswell,198,2,0,36.39312665,-79.33353281,37033.0,875.9511590868872,1.0101010101010102,196,196,2,0,194,196,22698,2,0,0,2,0
2020-08-13,US,North Carolina,Catawba,2203,32,0,35.66211129,-81.2132617,37035.0,1380.7497289268008,1.4525646845211075,2171,2180,30,0,2150,2161,158652,23,2,0,21,19
2020-08-13,US,North Carolina,Chatham,1323,55,0,35.70394416,-79.25541492,37037.0,1776.5543171747013,4.157218442932728,1268,1308,55,0,1253,1305,73139,15,0,0,15,3
2020-08-13,US,North Carolina,Cherokee,277,4,0,35.1349263,-84.05970864,37039.0,968.1252621277786,1.444043321299639,273,296,4,0,292,296,28383,-19,0,0,-19,0
2020-08-13,US,North Carolina,Chowan,160,2,0,36.12908077,-76.60118385,37041.0,1147.5292261349782,1.25,158,158,2,0,156,158,14029,2,0,0,2,0
2020-08-13,US,North Carolina,Clay,72,0,0,35.05704275,-83.74353633,37043.0,641.082717478408,0.0,72,76,0,0,76,76,11139,-4,0,0,-4,0
2020-08-13,US,North Carolina,Cleveland,1255,22,0,35.33553364,-81.55204486,37045.0,1281.3051956670445,1.752988047808765,1233,1217,22,0,1195,1208,97645,38,0,0,38,9
2020-08-13,US,North Carolina,Columbus,950,48,0,34.26744084,-78.65801424,37047.0,1711.4650140520284,5.052631578947368,902,931,48,0,883,918,55655,19,0,0,19,13
2020-08-13,US,North Carolina,Craven,742,16,0,35.11833364,-77.08398081,37049.0,726.4609992265442,2.1563342318059298,726,753,15,0,738,753,102912,-11,1,0,-12,0
2020-08-13,US,North Carolina,Cumberland,3276,55,0,35.04762133,-78.82623165,37051.0,976.4268618725577,1.678876678876679,3221,3286,54,0,3232,3286,332330,-10,1,0,-11,0
2020-08-13,US,North Carolina,Currituck,78,0,0,36.36123664,-75.95876401,37053.0,280.9494651154414,0.0,78,77,0,0,77,73,27072,1,0,0,1,4
2020-08-13,US,North Carolina,Dare,211,2,0,35.66520691,-75.71767334,37055.0,570.1315896133373,0.9478672985781992,209,210,2,0,208,210,36501,1,0,0,1,0
2020-08-13,US,North Carolina,Davidson,1836,22,0,35.79115496,-80.21256572,37057.0,1095.406571246174,1.198257080610022,1814,1817,18,0,1799,1797,166614,19,4,0,15,20
2020-08-13,US,North Carolina,Davie,430,5,0,35.93099927,-80.54496571,37059.0,1003.5942678429724,1.162790697674419,425,431,7,0,424,431,42733,-1,-2,0,1,0
2020-08-13,US,North Carolina,Duplin,2017,48,0,34.93449805,-77.93140529,37061.0,3433.7175056604415,2.379771938522558,1969,2015,48,0,1967,2016,58856,2,0,0,2,-1
2020-08-13,US,North Carolina,Durham,6298,80,0,36.03638492,-78.87608331,37063.0,1959.015577564326,1.2702445220704983,6218,6231,80,0,6151,6221,316739,67,0,0,67,10
2020-08-13,US,North Carolina,Edgecombe,691,13,0,35.91230639,-77.59436892,37065.0,1342.4774634752875,1.8813314037626627,678,672,13,0,659,664,52005,19,0,0,19,8
2020-08-13,US,North Carolina,Forsyth,5440,53,0,36.12859861,-80.25459052,37067.0,1422.9848677068755,0.9742647058823528,5387,5381,53,0,5328,5317,379099,59,0,0,59,64
2020-08-13,US,North Carolina,Franklin,905,26,0,36.081519,-78.28708884,37069.0,1298.7012987012986,2.8729281767955803,879,891,26,0,865,872,67560,14,0,0,14,19
2020-08-13,US,North Carolina,Gaston,3438,56,0,35.29373559,-81.17477045,37071.0,1531.205323143113,1.6288539848749273,3382,3392,55,0,3337,3358,222846,46,1,0,45,34
2020-08-13,US,North Carolina,Gates,49,2,0,36.44667547,-76.69749701,37073.0,423.8021103615292,4.081632653061225,47,47,2,0,45,45,11573,2,0,0,2,2
2020-08-13,US,North Carolina,Graham,44,0,0,35.3506925,-83.83369267,37075.0,521.265252932117,0.0,44,43,0,0,43,40,8484,1,0,0,1,3
2020-08-13,US,North Carolina,Granville,1293,29,0,36.30337451,-78.65184241,37077.0,2139.2055324851513,2.2428460943542152,1264,1278,29,0,1249,1262,60115,15,0,0,15,16
2020-08-13,US,North Carolina,Greene,336,3,0,35.48544173,-77.67578087,37079.0,1594.760074042432,0.8928571428571429,333,333,3,0,330,332,21012,3,0,0,3,1
2020-08-13,US,North Carolina,Guilford,5826,158,0,36.07959451,-79.78824948,37081.0,1084.5647778931966,2.7119807758324748,5668,5753,156,0,5597,5704,533670,73,2,0,71,49
2020-08-13,US,North Carolina,Halifax,746,7,0,36.25669272,-77.6556109,37083.0,1491.7016596680664,0.9383378016085792,739,721,6,0,715,715,50574,25,1,0,24,6
2020-08-13,US,North Carolina,Harnett,1357,40,0,35.36731853,-78.87243571,37085.0,997.9702300405954,2.9476787030213707,1317,1337,40,0,1297,1318,134214,20,0,0,20,19
2020-08-13,US,North Carolina,Haywood,445,18,0,35.55269063,-82.98196486,37087.0,714.0908580323186,4.044943820224719,427,441,15,0,426,438,61971,4,3,0,1,3
2020-08-13,US,North Carolina,Henderson,1517,56,0,35.33788927,-82.4766782,37089.0,1291.9764599674663,3.6914963744232034,1461,1505,55,0,1450,1495,116748,12,1,0,11,10
2020-08-13,US,North Carolina,Hertford,365,11,0,36.3607755,-76.98104134,37091.0,1541.580436710732,3.0136986301369864,354,358,11,0,347,353,23659,7,0,0,7,5
2020-08-13,US,North Carolina,Hoke,761,11,0,35.01888303,-79.23651674,37093.0,1377.7745591483506,1.445466491458607,750,738,11,0,727,726,54764,23,0,0,23,12
2020-08-13,US,North Carolina,Hyde,48,0,0,35.42017674,-76.15180542,37095.0,972.2503544662752,0.0,48,46,0,0,46,47,5230,2,0,0,2,-1
2020-08-13,US,North Carolina,Iredell,1912,17,0,35.80950511,-80.8743128,37097.0,1051.6704619209488,0.8891213389121339,1895,1905,18,0,1887,1905,178435,7,-1,0,8,0
2020-08-13,US,North Carolina,Jackson,460,7,0,35.28814273,-83.14093385,37099.0,1046.9297646683963,1.5217391304347827,453,457,7,0,450,457,43327,3,0,0,3,0
2020-08-13,US,North Carolina,Johnston,3381,45,0,35.51745004,-78.36622717,37101.0,1615.0836681172643,1.3309671694764862,3336,3357,46,0,3311,3334,202675,24,-1,0,25,23
2020-08-13,US,North Carolina,Jones,99,4,0,35.02254606,-77.35870791,37103.0,1051.066992249708,4.040404040404041,95,99,8,0,91,99,9637,0,-4,0,4,0
2020-08-13,US,North Carolina,Lee,1311,11,0,35.47623147,-79.17569362,37105.0,2122.080318554849,0.8390541571319603,1300,1306,11,0,1295,1302,61452,5,0,0,5,4
2020-08-13,US,North Carolina,Lenoir,600,11,0,35.24032589999999,-77.64245615,37107.0,1072.4052261881357,1.8333333333333333,589,599,12,0,587,599,55976,1,-1,0,2,0
2020-08-13,US,North Carolina,Lincoln,893,10,0,35.48508185,-81.21740317,37109.0,1037.0335961723822,1.1198208286674132,883,869,10,0,859,858,83770,24,0,0,24,11
2020-08-13,US,North Carolina,Macon,469,2,0,35.14867843,-83.41696617,37113.0,1307.9368620670425,0.4264392324093816,467,480,4,0,476,480,35285,-11,-2,0,-9,0
2020-08-13,US,North Carolina,Madison,48,1,0,35.85402722,-82.71346418,37115.0,220.6389335784877,2.083333333333333,47,49,0,0,49,45,21763,-1,1,0,-2,4
2020-08-13,US,North Carolina,Martin,265,6,0,35.84326734,-77.10860251,37117.0,1180.926916221034,2.2641509433962264,259,268,6,0,262,268,22671,-3,0,0,-3,0
2020-08-13,US,North Carolina,McDowell,696,19,0,35.67736232,-82.0482425,37111.0,1521.1119853134014,2.7298850574712645,677,690,16,0,674,693,45507,6,3,0,3,-3
2020-08-13,US,North Carolina,Mecklenburg,22803,246,0,35.24469268,-80.8317671,37119.0,2053.665671190141,1.078805420339429,22557,22612,243,0,22369,22462,1093901,191,3,0,188,150
2020-08-13,US,North Carolina,Mitchell,81,3,0,36.01059309,-82.1582442,37121.0,541.2991178829192,3.703703703703704,78,120,3,0,117,120,15000,-39,0,0,-39,0
2020-08-13,US,North Carolina,Montgomery,659,14,0,35.33155144,-79.90416657,37123.0,2425.2014867699554,2.1244309559939296,645,740,14,0,726,740,27271,-81,0,0,-81,0
2020-08-13,US,North Carolina,Moore,1046,20,0,35.30885257,-79.48474178,37125.0,1036.8754956383825,1.9120458891013383,1026,1031,20,0,1011,1021,98682,15,0,0,15,10
2020-08-13,US,North Carolina,Nash,1252,12,0,35.96575634,-77.98422508,37127.0,1327.705783791809,0.9584664536741214,1240,1220,12,0,1208,1209,94016,32,0,0,32,11
2020-08-13,US,North Carolina,New Hanover,2644,21,0,34.25758282,-77.87075626,37129.0,1127.6351648164184,0.7942511346444779,2623,2696,20,0,2676,2696,232274,-52,1,0,-53,0
2020-08-13,US,North Carolina,Northampton,311,16,0,36.41736238,-77.39769443,37131.0,1596.2634091259051,5.144694533762059,295,351,16,0,335,352,19676,-40,0,0,-40,-1
2020-08-13,US,North Carolina,Onslow,1154,12,0,34.72607366,-77.42908179,37133.0,583.0108417787388,1.0398613518197577,1142,1138,11,0,1127,1108,197683,16,1,0,15,30
2020-08-13,US,North Carolina,Orange,1389,48,0,36.06092947,-79.12167935,37135.0,935.5047280368544,3.4557235421166306,1341,1361,48,0,1313,1356,146027,28,0,0,28,5
2020-08-13,US,North Carolina,Pamlico,73,1,0,35.15253315,-76.66559823,37137.0,573.6287914505738,1.3698630136986298,72,73,1,0,72,73,12670,0,0,0,0,0
2020-08-13,US,North Carolina,Pasquotank,430,20,0,36.26723798,-76.25134778,37139.0,1079.7509039775011,4.651162790697675,410,423,20,0,403,423,39639,7,0,0,7,0
2020-08-13,US,North Carolina,Pender,675,3,0,34.52265624,-77.90352133,37141.0,1070.409134157945,0.4444444444444444,672,669,3,0,666,666,62162,6,0,0,6,3
2020-08-13,US,North Carolina,Perquimans,90,2,0,36.17847453,-76.40603143,37143.0,668.4988486964272,2.2222222222222223,88,88,2,0,86,88,13422,2,0,0,2,0
2020-08-13,US,North Carolina,Person,234,2,0,36.38989032,-78.97217358,37145.0,592.555077234743,0.8547008547008547,232,228,2,0,226,226,39507,6,0,0,6,2
2020-08-13,US,North Carolina,Pitt,2161,11,0,35.59535426,-77.37353178,37147.0,1195.6269157141119,0.5090236001850995,2150,2105,11,0,2094,2054,179914,56,0,0,56,51
2020-08-13,US,North Carolina,Polk,165,6,0,35.27820615,-82.16812354,37149.0,796.1783439490448,3.636363636363636,159,164,6,0,158,164,20611,1,0,0,1,0
2020-08-13,US,North Carolina,Randolph,2211,38,0,35.71015088,-79.80570339,37151.0,1538.9755476205391,1.718679330619629,2173,2199,38,0,2161,2191,143351,12,0,0,12,8
2020-08-13,US,North Carolina,Richmond,534,9,0,35.00417719,-79.74491009,37153.0,1191.19320082982,1.6853932584269662,525,524,9,0,515,521,44887,10,0,0,10,3
2020-08-13,US,North Carolina,Robeson,2856,55,0,34.64244496,-79.10250529999998,37155.0,2186.4114832535884,1.9257703081232491,2801,2854,55,0,2799,2845,131831,2,0,0,2,9
2020-08-13,US,North Carolina,Rockingham,574,4,0,36.39593137,-79.77504841,37157.0,630.6999230853752,0.6968641114982579,570,567,8,0,559,567,90690,7,-4,0,11,0
2020-08-13,US,North Carolina,Rowan,2291,50,0,35.64003916,-80.52446628,37159.0,1612.3810596250214,2.182453077258839,2241,2248,49,0,2199,2220,141262,43,1,0,42,28
2020-08-13,US,North Carolina,Rutherford,787,13,0,35.40114178,-81.92112099,37161.0,1174.1186650554234,1.6518424396442186,774,781,15,0,766,781,66826,6,-2,0,8,0
2020-08-13,US,North Carolina,Sampson,1504,18,0,34.98820368,-78.36914061,37163.0,2367.3482237018147,1.1968085106382977,1486,1511,18,0,1493,1516,63626,-7,0,0,-7,-5
2020-08-13,US,North Carolina,Scotland,388,5,0,34.8386299,-79.4757978,37165.0,1114.2061281337046,1.2886597938144329,383,374,5,0,369,365,34810,14,0,0,14,9
2020-08-13,US,North Carolina,Stanly,1171,31,0,35.31647813,-80.25093221,37167.0,1864.4715473043973,2.6473099914602902,1140,1103,31,0,1072,1089,62075,68,0,0,68,14
2020-08-13,US,North Carolina,Stokes,295,3,0,36.4017975,-80.23893369,37169.0,647.0575332850783,1.0169491525423728,292,296,3,0,293,296,45467,-1,0,0,-1,0
2020-08-13,US,North Carolina,Surry,974,10,0,36.41689489,-80.69102283,37171.0,1356.8672248303915,1.026694045174538,964,967,10,0,957,960,71948,7,0,0,7,7
2020-08-13,US,North Carolina,Swain,123,2,0,35.48665845,-83.48748932,37173.0,861.887744376708,1.6260162601626016,121,121,2,0,119,120,14245,2,0,0,2,1
2020-08-13,US,North Carolina,Transylvania,146,1,0,35.20383864,-82.79638423,37175.0,424.60375163588776,0.6849315068493149,145,145,1,0,144,145,34215,1,0,0,1,0
2020-08-13,US,North Carolina,Tyrrell,100,2,0,35.87147226,-76.17055253,37177.0,2490.0398406374497,2.0,98,99,1,0,98,99,4131,1,1,0,0,0
2020-08-13,US,North Carolina,Union,3222,43,0,34.98960527,-80.52955873,37179.0,1343.2891823946566,1.3345747982619491,3179,3170,43,0,3127,3146,235908,52,0,0,52,24
2020-08-13,US,North Carolina,Vance,793,41,0,36.36880673,-78.40670845,37181.0,1780.621982710228,5.170239596469106,752,787,41,0,746,778,44582,6,0,0,6,9
2020-08-13,US,North Carolina,Wake,12406,179,0,35.78879266,-78.65249174,37183.0,1115.8873175079896,1.4428502337578593,12227,12263,178,0,12085,12148,1092305,143,1,0,142,115
2020-08-13,US,North Carolina,Warren,264,6,0,36.39728256,-78.10652228,37185.0,1337.9960468298614,2.272727272727273,258,261,7,0,254,260,19807,3,-1,0,4,1
2020-08-13,US,North Carolina,Washington,136,4,0,35.83810081,-76.57299037,37187.0,1174.4386873920553,2.9411764705882355,132,136,4,0,132,135,11859,0,0,0,0,1
2020-08-13,US,North Carolina,Watauga,309,0,0,36.23103603,-81.70033724,37189.0,550.0471723303132,0.0,309,316,0,0,316,316,55945,-7,0,0,-7,0
2020-08-13,US,North Carolina,Wayne,2463,42,0,35.36438125,-78.00027268,37191.0,2000.308614402547,1.705237515225335,2421,2445,42,0,2403,2435,123248,18,0,0,18,10
2020-08-13,US,North Carolina,Wilkes,871,12,0,36.2084135,-81.16232895,37193.0,1273.1684499795356,1.377726750861079,859,852,12,0,840,843,68557,19,0,0,19,9
2020-08-13,US,North Carolina,Wilson,1525,36,0,35.70625477,-77.917978,37195.0,1864.2803877703207,2.360655737704918,1489,1514,35,0,1479,1514,81455,11,1,0,10,0
2020-08-13,US,North Carolina,Yadkin,558,6,0,36.16222629,-80.66239436,37197.0,1481.4028194440757,1.075268817204301,552,557,6,0,551,552,37543,1,0,0,1,5
2020-08-13,US,North Carolina,Yancey,78,0,0,35.90079156,-82.31237181,37199.0,431.6785654989208,0.0,78,114,0,0,114,114,17903,-36,0,0,-36,0
2020-08-13,US,North Dakota,Adams,3,0,0,46.09686891,-102.5285397,38001.0,135.37906137184117,0.0,3,3,0,0,3,3,2294,0,0,0,0,0
2020-08-13,US,North Dakota,Barnes,39,0,0,46.93579637,-98.06605978,38003.0,374.4599135861738,0.0,39,38,0,0,38,38,10542,1,0,0,1,0
2020-08-13,US,North Dakota,Benson,157,2,0,48.0683985,-99.35916363,38005.0,2298.009367681499,1.2738853503184713,155,145,2,0,143,142,6962,12,0,0,12,3
2020-08-13,US,North Dakota,Billings,3,0,0,47.02366884,-103.3762965,38007.0,323.27586206896547,0.0,3,2,0,0,2,2,919,1,0,0,1,0
2020-08-13,US,North Dakota,Bottineau,21,0,0,48.79106111,-100.8378166,38009.0,334.2884431709647,0.0,21,20,0,0,20,20,6411,1,0,0,1,0
2020-08-13,US,North Dakota,Bowman,11,0,0,46.11285362,-103.5203343,38011.0,363.7566137566138,0.0,11,11,0,0,11,10,3076,0,0,0,0,1
2020-08-13,US,North Dakota,Burke,23,0,0,48.79094471,-102.51821170000001,38013.0,1087.4704491725768,0.0,23,23,0,0,23,23,2100,0,0,0,0,0
2020-08-13,US,North Dakota,Burleigh,1294,8,0,46.97847375,-100.46452140000001,38015.0,1353.1884633886184,0.6182380216383307,1286,1255,8,0,1247,1244,95273,39,0,0,39,11
2020-08-13,US,North Dakota,Cass,3088,76,0,46.93201724,-97.24447190000001,38017.0,1697.4214365418336,2.461139896373057,3012,3073,76,0,2997,3058,181516,15,0,0,15,15
2020-08-13,US,North Dakota,Cavalier,31,0,0,48.77286211,-98.46685243,38019.0,824.0297713981925,0.0,31,31,0,0,31,31,3829,0,0,0,0,0
2020-08-13,US,North Dakota,Dickey,13,0,0,46.11017712,-98.50490079999999,38021.0,266.8308702791461,0.0,13,13,0,0,13,13,4903,0,0,0,0,0
2020-08-13,US,North Dakota,Divide,4,0,0,48.814938700000006,-103.48736109999999,38023.0,176.67844522968196,0.0,4,3,0,0,3,2,2283,1,0,0,1,1
2020-08-13,US,North Dakota,Dunn,31,0,0,47.35423935,-102.61604679999999,38025.0,700.7233273056057,0.0,31,31,0,0,31,31,4332,0,0,0,0,0
2020-08-13,US,North Dakota,Eddy,20,0,0,47.71701474,-98.90432337,38027.0,874.5080891998251,0.0,20,19,0,0,19,18,2313,1,0,0,1,1
2020-08-13,US,North Dakota,Emmons,18,1,0,46.28398398,-100.2389766,38029.0,555.3841406973156,5.5555555555555545,17,18,1,0,17,17,3295,0,0,0,0,1
2020-08-13,US,North Dakota,Foster,26,0,0,47.457108399999996,-98.88279923,38031.0,809.9688473520247,0.0,26,26,0,0,26,27,3216,0,0,0,0,-1
2020-08-13,US,North Dakota,Golden Valley,8,0,0,46.94022281,-103.8465421,38033.0,454.2873367404883,0.0,8,6,0,0,6,5,1769,2,0,0,2,1
2020-08-13,US,North Dakota,Grand Forks,728,7,0,47.92093639,-97.45450447,38035.0,1048.2210479330752,0.9615384615384616,721,710,7,0,703,701,70770,18,0,0,18,9
2020-08-13,US,North Dakota,Grant,4,0,0,46.35821257,-101.63900129999999,38037.0,175.9014951627089,0.0,4,4,0,0,4,4,2374,0,0,0,0,0
2020-08-13,US,North Dakota,Griggs,37,1,0,47.45785838,-98.23850925,38039.0,1658.4491259524875,2.702702702702702,36,35,1,0,34,35,2232,2,0,0,2,0
2020-08-13,US,North Dakota,Hettinger,6,0,0,46.43375068,-102.4632417,38041.0,240.09603841536614,0.0,6,6,0,0,6,6,2514,0,0,0,0,0
2020-08-13,US,North Dakota,Kidder,19,0,0,46.97830064,-99.77507857,38043.0,766.1290322580646,0.0,19,18,0,0,18,18,2450,1,0,0,1,0
2020-08-13,US,North Dakota,LaMoure,16,0,0,46.45681054,-98.53542355,38045.0,395.45229856648535,0.0,16,16,0,0,16,16,4062,0,0,0,0,0
2020-08-13,US,North Dakota,Logan,7,0,0,46.45729487,-99.47719806,38047.0,378.3783783783784,0.0,7,7,0,0,7,7,1903,0,0,0,0,0
2020-08-13,US,North Dakota,McHenry,19,1,0,48.23104458,-100.6324822,38049.0,330.72236727589205,5.2631578947368425,18,17,1,0,16,17,5816,2,0,0,2,0
2020-08-13,US,North Dakota,McIntosh,41,2,0,46.11182017,-99.44145858,38051.0,1641.9703644373249,4.878048780487805,39,39,2,0,37,37,2585,2,0,0,2,2
2020-08-13,US,North Dakota,McKenzie,91,2,0,47.74133370000001,-103.395905,38053.0,605.6975505857296,2.1978021978021984,89,91,2,0,89,91,13632,0,0,0,0,0
2020-08-13,US,North Dakota,McLean,83,0,0,47.60766714,-101.3182418,38055.0,878.3068783068782,0.0,83,79,0,0,79,77,9541,4,0,0,4,2
2020-08-13,US,North Dakota,Mercer,32,0,0,47.31213126,-101.8318399,38057.0,390.8635641871258,0.0,32,31,0,0,31,32,8267,1,0,0,1,-1
2020-08-13,US,North Dakota,Morton,425,4,0,46.71681782,-101.2822377,38059.0,1355.056752965183,0.9411764705882352,421,407,4,0,403,402,31095,18,0,0,18,5
2020-08-13,US,North Dakota,Mountrail,146,1,0,48.20197971,-102.3555315,38061.0,1384.5424371740162,0.6849315068493149,145,141,1,0,140,136,10218,5,0,0,5,5
2020-08-13,US,North Dakota,Nelson,26,0,0,47.9226426,-98.19038437,38063.0,903.0913511635983,0.0,26,26,0,0,26,26,2869,0,0,0,0,0
2020-08-13,US,North Dakota,Oliver,7,0,0,47.11530482,-101.3406158,38065.0,357.32516590096986,0.0,7,7,0,0,7,7,1952,0,0,0,0,0
2020-08-13,US,North Dakota,Pembina,27,0,0,48.76623521,-97.5523809,38067.0,397.00044111160116,0.0,27,27,0,0,27,27,6947,0,0,0,0,0
2020-08-13,US,North Dakota,Pierce,15,0,0,48.24977025,-99.96407787,38069.0,377.35849056603774,0.0,15,13,0,0,13,12,4081,2,0,0,2,1
2020-08-13,US,North Dakota,Ramsey,80,2,0,48.26886249,-98.72223879,38071.0,694.504731313482,2.5,78,75,2,0,73,75,11481,5,0,0,5,0
2020-08-13,US,North Dakota,Ransom,28,0,0,46.45621782,-97.65742504,38073.0,536.6040628593331,0.0,28,28,0,0,28,28,5237,0,0,0,0,0
2020-08-13,US,North Dakota,Renville,9,0,0,48.71982533,-101.6603912,38075.0,386.7640739149119,0.0,9,9,0,0,9,9,2374,0,0,0,0,0
2020-08-13,US,North Dakota,Richland,114,1,0,46.26440649,-96.94852979,38077.0,704.7042096804105,0.8771929824561403,113,113,1,0,112,110,16239,1,0,0,1,3
2020-08-13,US,North Dakota,Rolette,85,0,0,48.77245354,-99.84097493,38079.0,599.6049661399549,0.0,85,82,0,0,82,82,14301,3,0,0,3,0
2020-08-13,US,North Dakota,Sargent,10,0,0,46.10830372,-97.63217159,38081.0,256.5418163160595,0.0,10,10,0,0,10,10,3870,0,0,0,0,0
2020-08-13,US,North Dakota,Sheridan,9,0,0,47.57700669,-100.3426391,38083.0,684.4106463878327,0.0,9,9,0,0,9,9,1349,0,0,0,0,0
2020-08-13,US,North Dakota,Sioux,91,1,0,46.11323337,-101.04401490000001,38085.0,2151.3002364066188,1.0989010989010992,90,89,1,0,88,86,4358,2,0,0,2,3
2020-08-13,US,North Dakota,Slope,4,0,0,46.44737738,-103.4601547,38087.0,533.3333333333334,0.0,4,4,0,0,4,4,763,0,0,0,0,0
2020-08-13,US,North Dakota,Stark,349,5,0,46.80851182,-102.65763259999999,38089.0,1108.3235415541935,1.4326647564469914,344,300,5,0,295,292,30997,49,0,0,49,8
2020-08-13,US,North Dakota,Steele,15,0,0,47.45611548,-97.72728747,38091.0,793.6507936507936,0.0,15,15,0,0,15,15,1903,0,0,0,0,0
2020-08-13,US,North Dakota,Stutsman,127,3,0,46.97962541,-98.95637318,38093.0,613.4080370942812,2.3622047244094486,124,128,3,0,125,128,20917,-1,0,0,-1,0
2020-08-13,US,North Dakota,Towner,5,0,0,48.68565745,-99.24564265,38095.0,228.41480127912288,0.0,5,5,0,0,5,5,2192,0,0,0,0,0
2020-08-13,US,North Dakota,Traill,58,0,0,47.45367788,-97.16323288,38097.0,721.7521154803385,0.0,58,57,0,0,57,57,8037,1,0,0,1,0
2020-08-13,US,North Dakota,Walsh,107,0,0,48.36876964,-97.72574783,38099.0,1005.5445916737148,0.0,107,106,0,0,106,106,10667,1,0,0,1,0
2020-08-13,US,North Dakota,Ward,245,1,0,48.22390169,-101.54367629999999,38101.0,362.2063541343268,0.4081632653061225,244,238,1,0,237,237,67744,7,0,0,7,1
2020-08-13,US,North Dakota,Wells,23,0,0,47.58614526,-99.65904998,38103.0,599.8956703182055,0.0,23,23,0,0,23,21,3957,0,0,0,0,2
2020-08-13,US,North Dakota,Williams,293,2,0,48.34522353,-103.4793387,38105.0,779.4833594934688,0.6825938566552902,291,288,2,0,286,276,35350,5,0,0,5,12
2020-08-13,US,Ohio,Adams,68,2,0,38.84541072,-83.4718964,39001.0,245.50509062026143,2.9411764705882355,66,64,2,0,62,61,27724,4,0,0,4,3
2020-08-13,US,Ohio,Allen,817,46,0,40.77285242,-84.10802343,39003.0,798.2335297163681,5.630354957160343,771,794,46,0,748,769,102663,23,0,0,23,25
2020-08-13,US,Ohio,Ashland,156,3,0,40.84772277,-82.27280781,39005.0,291.67601525689923,1.9230769230769231,153,155,3,0,152,154,53745,1,0,0,1,1
2020-08-13,US,Ohio,Ashtabula,580,46,0,41.70860332,-80.74830218,39007.0,596.4562273115249,7.931034482758621,534,577,46,0,531,576,97493,3,0,0,3,1
2020-08-13,US,Ohio,Athens,364,2,0,39.33425634,-82.04278644,39009.0,557.1968711252622,0.5494505494505495,362,361,2,0,359,360,65818,3,0,0,3,1
2020-08-13,US,Ohio,Auglaize,286,6,0,40.55998859,-84.22421429999999,39011.0,626.4236902050112,2.097902097902098,280,275,6,0,269,263,45804,11,0,0,11,12
2020-08-13,US,Ohio,Belmont,628,26,0,40.01625942,-80.9924051,39013.0,937.2295018356564,4.140127388535031,602,627,26,0,601,623,67505,1,0,0,1,4
2020-08-13,US,Ohio,Brown,150,2,0,38.93416837,-83.86788395,39015.0,345.36747098913236,1.3333333333333333,148,150,2,0,148,146,43602,0,0,0,0,4
2020-08-13,US,Ohio,Butler,3070,64,0,39.44012838,-84.57388716,39017.0,801.2862340591023,2.0846905537459284,3006,3033,64,0,2969,2976,382378,37,0,0,37,57
2020-08-13,US,Ohio,Carroll,114,5,0,40.578968599999996,-81.09178213,39019.0,423.5713754923089,4.385964912280701,109,113,5,0,108,113,27081,1,0,0,1,0
2020-08-13,US,Ohio,Champaign,192,2,0,40.13923427,-83.76875242,39021.0,493.76366208049376,1.0416666666666667,190,188,2,0,186,181,38754,4,0,0,4,7
2020-08-13,US,Ohio,Clark,1218,15,0,39.91592258,-83.78498252,39023.0,908.3925628155696,1.2315270935960592,1203,1213,15,0,1198,1178,134585,5,0,0,5,35
2020-08-13,US,Ohio,Clermont,981,11,0,39.04847534,-84.15375786,39025.0,475.2262289999418,1.1213047910295617,970,962,11,0,951,953,205466,19,0,0,19,9
2020-08-13,US,Ohio,Clinton,174,6,0,39.41485808,-83.80852286,39027.0,414.6016012199771,3.4482758620689653,168,171,6,0,165,169,42057,3,0,0,3,2
2020-08-13,US,Ohio,Columbiana,1699,60,0,40.76932373,-80.78094576,39029.0,1667.5991087816415,3.531489111241907,1639,1683,60,0,1623,1671,102665,16,0,0,16,12
2020-08-13,US,Ohio,Coshocton,199,9,0,40.30096166,-81.91729018,39031.0,543.7158469945355,4.522613065326633,190,196,7,0,189,196,36629,3,2,0,1,0
2020-08-13,US,Ohio,Crawford,177,5,0,40.85065156,-82.91989099,39033.0,426.5676965344387,2.824858757062147,172,177,5,0,172,175,41550,0,0,0,0,2
2020-08-13,US,Ohio,Cuyahoga,13999,519,0,41.424119,-81.65918339,39035.0,1133.4561871696546,3.70740767197657,13480,13869,512,0,13357,13734,1243857,130,7,0,123,135
2020-08-13,US,Ohio,Darke,425,29,0,40.13412966,-84.6194517,39037.0,831.4910101148436,6.8235294117647065,396,414,29,0,385,406,51323,11,0,0,11,8
2020-08-13,US,Ohio,Defiance,155,4,0,41.32398837,-84.49076944,39039.0,406.96300574999344,2.5806451612903225,151,154,4,0,150,150,38165,1,0,0,1,4
2020-08-13,US,Ohio,Delaware,1378,19,0,40.27942393,-83.00457058,39041.0,658.7722359532836,1.3788098693759072,1359,1365,19,0,1346,1344,204826,13,0,0,13,21
2020-08-13,US,Ohio,Erie,619,28,0,41.36796058,-82.62904521,39043.0,833.4904263054426,4.523424878836834,591,610,28,0,582,597,74615,9,0,0,9,13
2020-08-13,US,Ohio,Fairfield,1449,33,0,39.75107189,-82.63088163,39045.0,919.5679490271235,2.2774327122153206,1416,1432,32,0,1400,1416,155782,17,1,0,16,16
2020-08-13,US,Ohio,Fayette,126,0,0,39.56021306,-83.4562016,39047.0,441.71779141104287,0.0,126,124,0,0,124,121,28666,2,0,0,2,3
2020-08-13,US,Ohio,Franklin,19124,533,0,39.96995815,-83.01115755,39049.0,1452.3571565271016,2.787073833925957,18591,18965,531,0,18434,18697,1310300,159,2,0,157,268
2020-08-13,US,Ohio,Fulton,158,1,0,41.60213491,-84.12571393,39051.0,375.0652803494279,0.6329113924050633,157,155,1,0,154,153,42276,3,0,0,3,2
2020-08-13,US,Ohio,Gallia,78,1,0,38.82708533,-82.31647569,39053.0,260.88701585390334,1.2820512820512822,77,74,1,0,73,70,29979,4,0,0,4,4
2020-08-13,US,Ohio,Geauga,565,45,0,41.49952319,-81.17935342,39055.0,603.3166397932706,7.9646017699115035,520,561,44,0,517,559,94031,4,1,0,3,2
2020-08-13,US,Ohio,Greene,742,12,0,39.69116283,-83.89032084,39057.0,439.2169862137957,1.6172506738544474,730,730,12,0,718,718,167995,12,0,0,12,12
2020-08-13,US,Ohio,Guernsey,121,7,0,40.05026529,-81.49248905,39059.0,311.2540192926045,5.785123966942148,114,119,7,0,112,119,39022,2,0,0,2,0
2020-08-13,US,Ohio,Hamilton,9917,260,0,39.19673558,-84.54502924,39061.0,1213.1287516529599,2.6217606130886355,9657,9844,259,0,9585,9766,816684,73,1,0,72,78
2020-08-13,US,Ohio,Hancock,410,3,0,41.00250487,-83.66838948,39063.0,541.0184342134778,0.7317073170731707,407,397,3,0,394,389,75930,13,0,0,13,8
2020-08-13,US,Ohio,Hardin,180,12,0,40.66015414,-83.65929931,39065.0,573.8880918220947,6.666666666666668,168,175,12,0,163,170,31480,5,0,0,5,5
2020-08-13,US,Ohio,Harrison,26,1,0,40.29380509,-81.09068544,39067.0,172.87234042553192,3.8461538461538463,25,26,1,0,25,26,15174,0,0,0,0,0
2020-08-13,US,Ohio,Henry,124,2,0,41.333964200000004,-84.06830637,39069.0,459.1572243205214,1.6129032258064515,122,122,2,0,120,122,27086,2,0,0,2,0
2020-08-13,US,Ohio,Highland,169,2,0,39.1839264,-83.60331456,39071.0,391.5571928361252,1.183431952662722,167,169,2,0,167,166,43058,0,0,0,0,3
2020-08-13,US,Ohio,Hocking,122,9,0,39.49537927,-82.47991446,39073.0,431.64449476365684,7.3770491803278695,113,122,9,0,113,118,28385,0,0,0,0,4
2020-08-13,US,Ohio,Holmes,331,6,0,40.56163713,-81.92635677,39075.0,752.9572338489536,1.8126888217522656,325,331,6,0,325,328,43892,0,0,0,0,3
2020-08-13,US,Ohio,Huron,413,5,0,41.14651175,-82.59867951,39077.0,708.8181786976967,1.2106537530266344,408,411,5,0,406,404,58504,2,0,0,2,7
2020-08-13,US,Ohio,Jackson,78,0,0,39.01914254,-82.61818559999998,39079.0,240.6441859747632,0.0,78,77,0,0,77,76,32384,1,0,0,1,1
2020-08-13,US,Ohio,Jefferson,240,3,0,40.38614126,-80.76259514,39081.0,367.3938002296212,1.25,237,240,3,0,237,237,65767,0,0,0,0,3
2020-08-13,US,Ohio,Knox,218,9,0,40.39830217,-82.42027563,39083.0,349.7962196335164,4.128440366972477,209,214,7,0,207,212,61893,4,2,0,2,2
2020-08-13,US,Ohio,Lake,1154,43,0,41.69710807,-81.23676539,39085.0,501.41430117011146,3.726169844020797,1111,1146,42,0,1104,1131,230514,8,1,0,7,15
2020-08-13,US,Ohio,Lawrence,323,0,0,38.59743452,-82.53466552,39087.0,543.1949279383819,0.0,323,318,0,0,318,300,59866,5,0,0,5,18
2020-08-13,US,Ohio,Licking,1367,51,0,40.09136236,-82.48185785,39089.0,772.9189989935657,3.7307973664959766,1316,1345,51,0,1294,1319,175769,22,0,0,22,26
2020-08-13,US,Ohio,Logan,169,2,0,40.38996525,-83.76784341,39091.0,370.02977754422835,1.183431952662722,167,167,2,0,165,160,45358,2,0,0,2,7
2020-08-13,US,Ohio,Lorain,1867,77,0,41.29553751,-82.15083537,39093.0,602.5826816381729,4.124263524370647,1790,1831,77,0,1754,1813,309461,36,0,0,36,18
2020-08-13,US,Ohio,Lucas,5544,324,0,41.62101218,-83.65468618,39095.0,1294.2747485689204,5.8441558441558445,5220,5512,326,0,5186,5448,429899,32,-2,0,34,64
2020-08-13,US,Ohio,Madison,580,10,0,39.89381073,-83.40178317,39097.0,1296.6399141534953,1.7241379310344829,570,503,10,0,493,401,44413,77,0,0,77,102
2020-08-13,US,Ohio,Mahoning,2644,258,0,41.01631101,-80.77287029,39099.0,1156.185636885995,9.757942511346444,2386,2623,256,0,2367,2595,229642,21,2,0,19,28
2020-08-13,US,Ohio,Marion,2952,45,0,40.58610662,-83.15736305,39101.0,4535.049851750572,1.5243902439024388,2907,2942,45,0,2897,2935,65256,10,0,0,10,7
2020-08-13,US,Ohio,Medina,977,36,0,41.11770589,-81.89986209999998,39103.0,543.5447798560191,3.6847492323439104,941,959,36,0,923,945,179146,18,0,0,18,14
2020-08-13,US,Ohio,Meigs,63,0,0,39.09224872,-82.0305041,39105.0,275.0251014973589,0.0,63,58,0,0,58,54,23106,5,0,0,5,4
2020-08-13,US,Ohio,Mercer,668,13,0,40.54043046,-84.62912742,39107.0,1622.4618672884485,1.9461077844311376,655,641,13,0,628,631,40959,27,0,0,27,10
2020-08-13,US,Ohio,Miami,881,39,0,40.0543329,-84.22871271,39109.0,823.4645330741118,4.426787741203178,842,868,39,0,829,858,106222,13,0,0,13,10
2020-08-13,US,Ohio,Monroe,94,18,0,39.72984936,-81.08464734,39111.0,688.4429471217226,19.148936170212764,76,94,18,0,76,94,13790,0,0,0,0,0
2020-08-13,US,Ohio,Montgomery,4544,101,0,39.75394919,-84.29050975,39113.0,854.6381611737731,2.2227112676056344,4443,4489,98,0,4391,4438,532331,55,3,0,52,51
2020-08-13,US,Ohio,Morgan,31,0,0,39.62081738,-81.85308173,39115.0,213.6752136752137,0.0,31,30,0,0,30,30,14604,1,0,0,1,0
2020-08-13,US,Ohio,Morrow,185,2,0,40.52363560000001,-82.7892599,39117.0,523.6639492753624,1.0810810810810811,183,179,2,0,177,176,35112,6,0,0,6,3
2020-08-13,US,Ohio,Muskingum,256,1,0,39.96575964,-81.94363275,39119.0,296.93208838369185,0.390625,255,248,1,0,247,243,86183,8,0,0,8,5
2020-08-13,US,Ohio,Noble,19,0,0,39.76818851,-81.45937183,39121.0,131.72490293954522,0.0,19,17,0,0,17,16,14354,2,0,0,2,1
2020-08-13,US,Ohio,Ottawa,405,27,0,41.53781826,-83.0940185,39123.0,999.383096853794,6.666666666666668,378,404,26,0,378,396,40769,1,1,0,0,8
2020-08-13,US,Ohio,Paulding,72,0,0,41.11676341,-84.5801017,39125.0,385.60411311053986,0.0,72,70,0,0,70,70,18760,2,0,0,2,0
2020-08-13,US,Ohio,Perry,164,3,0,39.73508655,-82.23804971,39127.0,453.8661648309072,1.8292682926829267,161,148,3,0,145,140,36033,16,0,0,16,8
2020-08-13,US,Ohio,Pickaway,2404,42,0,39.64170392,-83.0243386,39129.0,4112.424517166464,1.7470881863560732,2362,2400,42,0,2358,2391,58086,4,0,0,4,9
2020-08-13,US,Ohio,Pike,80,0,0,39.07634001,-83.06769584,39131.0,288.05991646262424,0.0,80,80,0,0,80,79,28067,0,0,0,0,1
2020-08-13,US,Ohio,Portage,780,63,0,41.16793482,-81.19735782,39133.0,480.1004517868354,8.076923076923077,717,776,64,0,712,771,162927,4,-1,0,5,5
2020-08-13,US,Ohio,Preble,219,2,0,39.7420247,-84.64787018,39135.0,535.6880778826868,0.9132420091324199,217,212,2,0,210,207,40997,7,0,0,7,5
2020-08-13,US,Ohio,Putnam,215,17,0,41.02094889,-84.1336111,39137.0,634.9487611116033,7.906976744186046,198,212,17,0,195,211,33780,3,0,0,3,1
2020-08-13,US,Ohio,Richland,626,12,0,40.77180308,-82.53799609999999,39139.0,516.6977565742774,1.9169329073482428,614,619,12,0,607,614,121099,7,0,0,7,5
2020-08-13,US,Ohio,Ross,520,4,0,39.33705391,-83.06000914,39141.0,678.266767537109,0.7692307692307693,516,509,4,0,505,494,76931,11,0,0,11,15
2020-08-13,US,Ohio,Sandusky,407,17,0,41.35624126,-83.137872,39143.0,695.5124918828392,4.176904176904176,390,399,17,0,382,390,58799,8,0,0,8,9
2020-08-13,US,Ohio,Scioto,260,1,0,38.80270163,-82.98907345,39145.0,345.2213399899089,0.38461538461538464,259,259,1,0,258,242,75502,1,0,0,1,17
2020-08-13,US,Ohio,Seneca,242,4,0,41.12351311,-83.12783209,39147.0,438.5805937148864,1.6528925619834711,238,234,4,0,230,228,55207,8,0,0,8,6
2020-08-13,US,Ohio,Shelby,219,4,0,40.33163494,-84.20258189,39149.0,450.71002263840296,1.8264840182648399,215,215,4,0,211,210,48627,4,0,0,4,5
2020-08-13,US,Ohio,Stark,1931,142,0,40.81482476,-81.36437305,39151.0,521.0385152965683,7.353702744691869,1789,1904,142,0,1762,1884,371574,27,0,0,27,20
2020-08-13,US,Ohio,Summit,3712,224,0,41.12464734,-81.53123079,39153.0,686.1202965547963,6.0344827586206895,3488,3667,224,0,3443,3614,541918,45,0,0,45,53
2020-08-13,US,Ohio,Trumbull,1578,111,0,41.31735028,-80.76109643,39155.0,797.0743633002313,7.034220532319393,1467,1563,110,0,1453,1549,198627,15,1,0,14,14
2020-08-13,US,Ohio,Tuscarawas,801,14,0,40.44214695,-81.47226262,39157.0,870.7752182373596,1.7478152309612984,787,797,14,0,783,793,92176,4,0,0,4,4
2020-08-13,US,Ohio,Union,277,1,0,40.30016061,-83.37239023,39159.0,469.58703465111535,0.36101083032490977,276,273,1,0,272,260,57835,4,0,0,4,13
2020-08-13,US,Ohio,Van Wert,73,2,0,40.8554138,-84.59111700000003,39161.0,258.17860300618923,2.7397260273972597,71,73,2,0,71,73,28281,0,0,0,0,0
2020-08-13,US,Ohio,Vinton,32,2,0,39.25208988,-82.4831444,39163.0,244.5548337791364,6.25,30,32,2,0,30,32,13139,0,0,0,0,0
2020-08-13,US,Ohio,Warren,1877,39,0,39.42581994,-84.16557457,39165.0,800.0784307039156,2.0777836973894512,1838,1850,39,0,1811,1821,232173,27,0,0,27,29
2020-08-13,US,Ohio,Washington,212,22,0,39.45690571,-81.49121382,39167.0,353.85822303082915,10.377358490566039,190,211,22,0,189,209,60155,1,0,0,1,2
2020-08-13,US,Ohio,Wayne,567,59,0,40.82925852,-81.88844833,39169.0,490.0181488203267,10.405643738977073,508,554,59,0,495,545,115967,13,0,0,13,9
2020-08-13,US,Ohio,Williams,139,3,0,41.56052014,-84.58429552,39171.0,378.82917257167776,2.1582733812949644,136,137,3,0,134,136,36804,2,0,0,2,1
2020-08-13,US,Ohio,Wood,1101,58,0,41.36224827,-83.62285108,39173.0,841.6337326188492,5.2679382379654855,1043,1090,58,0,1032,1068,130696,11,0,0,11,22
2020-08-13,US,Ohio,Wyandot,155,9,0,40.84339621,-83.30734173,39175.0,711.9235715598015,5.806451612903227,146,151,9,0,142,150,21935,4,0,0,4,1
2020-08-13,US,Oklahoma,Adair,358,6,0,35.88494195,-94.65859267,40001.0,1613.0485716860412,1.675977653631285,352,346,6,0,340,344,22082,12,0,0,12,2
2020-08-13,US,Oklahoma,Alfalfa,4,0,0,36.73090616,-98.32408495,40003.0,70.1508242721852,0.0,4,3,0,0,3,3,5754,1,0,0,1,0
2020-08-13,US,Oklahoma,Atoka,80,0,0,34.37366573,-96.03802487,40005.0,581.4798662596307,0.0,80,79,0,0,79,76,13838,1,0,0,1,3
2020-08-13,US,Oklahoma,Beaver,39,0,0,36.7496847,-100.4758872,40007.0,734.3249858783656,0.0,39,39,0,0,39,37,5319,0,0,0,0,2
2020-08-13,US,Oklahoma,Beckham,61,1,0,35.26862449,-99.68128023,40009.0,279.0612562331305,1.639344262295082,60,61,1,0,60,61,21709,0,0,0,0,0
2020-08-13,US,Oklahoma,Blaine,45,0,0,35.87518314,-98.43307003,40011.0,477.2510340439071,0.0,45,43,0,0,43,45,9485,2,0,0,2,-2
2020-08-13,US,Oklahoma,Bryan,487,1,0,33.96472458,-96.25903472,40013.0,1014.6890301073028,0.2053388090349076,486,479,1,0,478,465,47192,8,0,0,8,14
2020-08-13,US,Oklahoma,Caddo,436,18,0,35.17364557,-98.37534464,40015.0,1515.8890202350324,4.128440366972477,418,434,17,0,417,427,28977,2,1,0,1,7
2020-08-13,US,Oklahoma,Canadian,1275,9,0,35.5426055,-97.98465569,40017.0,859.7089800817229,0.7058823529411765,1266,1256,9,0,1247,1238,144447,19,0,0,19,18
2020-08-13,US,Oklahoma,Carter,358,5,0,34.25103751,-97.28552485,40019.0,744.1125730082518,1.3966480446927374,353,352,5,0,347,349,48177,6,0,0,6,3
2020-08-13,US,Oklahoma,Cherokee,470,2,0,35.90692775,-94.99980896,40021.0,965.9452905029083,0.425531914893617,468,456,2,0,454,449,48675,14,0,0,14,7
2020-08-13,US,Oklahoma,Choctaw,202,1,0,34.02807439,-95.54771129,40023.0,1376.7720828789531,0.4950495049504951,201,196,1,0,195,191,14668,6,0,0,6,5
2020-08-13,US,Oklahoma,Cimarron,2,0,0,36.74817177,-102.5173885,40025.0,93.58914365933552,0.0,2,3,0,0,3,1,2153,-1,0,0,-1,2
2020-08-13,US,Oklahoma,Cleveland,3123,56,0,35.20413532,-97.32519562,40027.0,1099.5936820015916,1.7931476144732634,3067,3084,56,0,3028,3048,281669,39,0,0,39,36
2020-08-13,US,Oklahoma,Coal,40,0,0,34.58840127,-96.29798747,40029.0,727.9344858962693,0.0,40,40,0,0,40,39,5520,0,0,0,0,1
2020-08-13,US,Oklahoma,Comanche,868,10,0,34.65973764,-98.47195055,40031.0,718.8465328905415,1.1520737327188941,858,854,10,0,844,840,120422,14,0,0,14,14
2020-08-13,US,Oklahoma,Cotton,20,2,0,34.28845626,-98.37053567,40033.0,352.98270384751146,10.0,18,19,2,0,17,19,5776,1,0,0,1,0
2020-08-13,US,Oklahoma,Craig,90,1,0,36.76268118,-95.20916602,40035.0,636.4022061943148,1.1111111111111112,89,89,1,0,88,86,14306,1,0,0,1,3
2020-08-13,US,Oklahoma,Creek,657,15,0,35.90230551,-96.37086028,40037.0,918.5984731970584,2.2831050228310503,642,637,15,0,622,621,71604,20,0,0,20,16
2020-08-13,US,Oklahoma,Custer,217,0,0,35.63853802,-99.00170785,40039.0,748.1984622280454,0.0,217,211,0,0,211,209,29036,6,0,0,6,2
2020-08-13,US,Oklahoma,Delaware,451,20,0,36.40823634,-94.80325046,40041.0,1048.6177311725453,4.434589800443459,431,445,20,0,425,438,42733,6,0,0,6,7
2020-08-13,US,Oklahoma,Dewey,11,0,0,35.98772922,-99.00730714,40043.0,224.9028828460437,0.0,11,10,0,0,10,10,4894,1,0,0,1,0
2020-08-13,US,Oklahoma,Ellis,5,0,0,36.218019399999996,-99.75324573,40045.0,129.5672454003628,0.0,5,5,0,0,5,5,3952,0,0,0,0,0
2020-08-13,US,Oklahoma,Garfield,529,6,0,36.3791334,-97.78265517,40047.0,866.417714884696,1.1342155009451795,523,512,5,0,507,492,60913,17,1,0,16,20
2020-08-13,US,Oklahoma,Garvin,235,4,0,34.70418038,-97.30811132,40049.0,848.0386849987369,1.702127659574468,231,236,4,0,232,235,27811,-1,0,0,-1,1
2020-08-13,US,Oklahoma,Grady,453,7,0,35.0167709,-97.88339847,40051.0,811.3335960167641,1.5452538631346575,446,451,7,0,444,445,55551,2,0,0,2,6
2020-08-13,US,Oklahoma,Grant,16,0,0,36.796296999999996,-97.78638765,40053.0,369.25917378259874,0.0,16,16,0,0,16,16,4326,0,0,0,0,0
2020-08-13,US,Oklahoma,Greer,83,8,0,34.93535801,-99.56056120000001,40055.0,1453.081232492997,9.63855421686747,75,83,8,0,75,83,5821,0,0,0,0,0
2020-08-13,US,Oklahoma,Harmon,32,0,0,34.7440135,-99.84741652,40057.0,1206.181681115718,0.0,32,32,0,0,32,32,2664,0,0,0,0,0
2020-08-13,US,Oklahoma,Harper,11,0,0,36.78836519,-99.6679804,40059.0,298.2646420824296,0.0,11,10,0,0,10,10,3797,1,0,0,1,0
2020-08-13,US,Oklahoma,Haskell,74,1,0,35.22257600000001,-95.11513306,40061.0,586.0457749267442,1.351351351351351,73,66,0,0,66,62,12668,8,1,0,7,4
2020-08-13,US,Oklahoma,Hughes,152,2,0,35.04912569,-96.24921145,40063.0,1144.6645078695685,1.3157894736842106,150,146,2,0,144,141,13335,6,0,0,6,5
2020-08-13,US,Oklahoma,Jackson,532,7,0,34.58781741,-99.41138784,40065.0,2168.7729311047697,1.3157894736842106,525,531,7,0,524,527,24949,1,0,0,1,4
2020-08-13,US,Oklahoma,Jefferson,33,0,0,34.11130184,-97.83182974,40067.0,549.8167277574141,0.0,33,33,0,0,33,33,6123,0,0,0,0,0
2020-08-13,US,Oklahoma,Johnston,52,0,0,34.31440473,-96.66011537,40069.0,469.1023906179522,0.0,52,48,0,0,48,48,10949,4,0,0,4,0
2020-08-13,US,Oklahoma,Kay,254,11,0,36.81799745,-97.14421435,40071.0,583.3984105838578,4.330708661417323,243,252,11,0,241,251,44161,2,0,0,2,1
2020-08-13,US,Oklahoma,Kingfisher,144,0,0,35.94530008,-97.94193268,40073.0,913.4157944814464,0.0,144,139,0,0,139,138,15816,5,0,0,5,1
2020-08-13,US,Oklahoma,Kiowa,31,1,0,34.91671958,-98.97720696,40075.0,355.99448782728524,3.2258064516129035,30,30,1,0,29,30,8729,1,0,0,1,0
2020-08-13,US,Oklahoma,Latimer,94,2,0,34.87844729,-95.25215049,40077.0,933.1877295741092,2.127659574468085,92,93,1,0,92,93,10231,1,1,0,0,0
2020-08-13,US,Oklahoma,Le Flore,386,1,0,34.89851864,-94.70392124,40079.0,774.2763725352537,0.2590673575129533,385,376,1,0,375,360,49980,10,0,0,10,16
2020-08-13,US,Oklahoma,Lincoln,190,3,0,35.70270942,-96.8812462,40081.0,544.7716259999427,1.5789473684210529,187,180,2,0,178,174,34920,10,1,0,9,6
2020-08-13,US,Oklahoma,Logan,235,1,0,35.91899576,-97.44352845,40083.0,489.47116285851166,0.425531914893617,234,228,1,0,227,225,47291,7,0,0,7,3
2020-08-13,US,Oklahoma,Love,78,0,0,33.95273467,-97.23906784,40085.0,760.7529503559932,0.0,78,76,0,0,76,75,10134,2,0,0,2,1
2020-08-13,US,Oklahoma,Major,37,1,0,36.31149996,-98.53467076,40093.0,484.9914798794075,2.702702702702702,36,35,1,0,34,35,7644,2,0,0,2,0
2020-08-13,US,Oklahoma,Marshall,118,1,0,34.02311222,-96.76855464,40095.0,696.9464296261293,0.8474576271186439,117,111,1,0,110,110,16806,7,0,0,7,1
2020-08-13,US,Oklahoma,Mayes,353,7,0,36.30179091,-95.23175116,40097.0,858.8807785888076,1.9830028328611895,346,332,7,0,325,326,41107,21,0,0,21,6
2020-08-13,US,Oklahoma,McClain,464,4,0,35.01123903,-97.44572302,40087.0,1146.4149824578742,0.8620689655172413,460,457,4,0,453,454,39985,7,0,0,7,3
2020-08-13,US,Oklahoma,McCurtain,879,28,0,34.11664328,-94.77222373,40089.0,2677.266081871345,3.1854379977246867,851,876,28,0,848,865,32703,3,0,0,3,11
2020-08-13,US,Oklahoma,McIntosh,202,1,0,35.37235506,-95.66599306,40091.0,1030.8226168605838,0.4950495049504951,201,202,1,0,201,194,19815,0,0,0,0,8
2020-08-13,US,Oklahoma,Murray,78,0,0,34.48116015,-97.06826283,40099.0,554.2528245576636,0.0,78,76,0,0,76,76,13953,2,0,0,2,0
2020-08-13,US,Oklahoma,Muskogee,540,16,0,35.61318461,-95.37802952,40101.0,794.1526832066121,2.962962962962963,524,531,16,0,515,520,68362,9,0,0,9,11
2020-08-13,US,Oklahoma,Noble,87,2,0,36.38953329,-97.22928674,40103.0,781.6009343275537,2.2988505747126435,85,87,2,0,85,87,11289,0,0,0,0,0
2020-08-13,US,Oklahoma,Nowata,63,1,0,36.79843529,-95.61902331,40105.0,625.2481143310838,1.5873015873015872,62,60,1,0,59,58,10218,3,0,0,3,2
2020-08-13,US,Oklahoma,Okfuskee,74,1,0,35.46485198,-96.32639984,40107.0,617.0265988493288,1.351351351351351,73,74,1,0,73,71,12098,0,0,0,0,3
2020-08-13,US,Oklahoma,Oklahoma,11148,121,0,35.55140095,-97.40716948,40109.0,1397.9840337883759,1.0853964836742016,11027,10951,119,0,10832,10794,792582,197,2,0,195,157
2020-08-13,US,Oklahoma,Okmulgee,496,3,0,35.64661916,-95.96432828,40111.0,1289.48394644482,0.6048387096774194,493,494,3,0,491,479,38335,2,0,0,2,15
2020-08-13,US,Oklahoma,Osage,446,11,0,36.62888819,-96.39635704,40113.0,949.6837936247683,2.4663677130044843,435,436,11,0,425,431,47014,10,0,0,10,5
2020-08-13,US,Oklahoma,Ottawa,401,3,0,36.83532655,-94.81011909,40115.0,1288.2706332123234,0.7481296758104738,398,395,3,0,392,387,31175,6,0,0,6,8
2020-08-13,US,Oklahoma,Pawnee,151,3,0,36.31743373,-96.70331759999999,40117.0,922.0810942843184,1.9867549668874167,148,148,3,0,145,149,16390,3,0,0,3,-1
2020-08-13,US,Oklahoma,Payne,773,4,0,36.07695283,-96.97584944,40119.0,945.1726499070722,0.517464424320828,769,766,4,0,762,754,82040,7,0,0,7,12
2020-08-13,US,Oklahoma,Pittsburg,395,4,0,34.92065823,-95.75134320000001,40121.0,904.8426261052824,1.0126582278481011,391,383,4,0,379,377,43877,12,0,0,12,6
2020-08-13,US,Oklahoma,Pontotoc,205,2,0,34.72959848,-96.68337199,40123.0,535.4717375404869,0.975609756097561,203,207,2,0,205,207,38247,-2,0,0,-2,0
2020-08-13,US,Oklahoma,Pottawatomie,475,9,0,35.20614018,-96.94923008,40125.0,654.3420762618472,1.8947368421052633,466,465,9,0,456,459,72679,10,0,0,10,6
2020-08-13,US,Oklahoma,Pushmataha,112,0,0,34.41635232,-95.37603505,40127.0,1009.3727469358329,0.0,112,112,0,0,112,109,11179,0,0,0,0,3
2020-08-13,US,Oklahoma,Roger Mills,9,1,0,35.68711719,-99.69666167,40129.0,251.18615685180012,11.111111111111109,8,9,1,0,8,9,3656,0,0,0,0,0
2020-08-13,US,Oklahoma,Rogers,1053,19,0,36.37004357,-95.60406759,40131.0,1138.8831806530459,1.8043684710351375,1034,1031,18,0,1013,1020,91984,22,1,0,21,11
2020-08-13,US,Oklahoma,Seminole,248,5,0,35.16478725,-96.61686741,40133.0,1022.3431445296396,2.0161290322580645,243,248,5,0,243,241,24578,0,0,0,0,7
2020-08-13,US,Oklahoma,Sequoyah,369,4,0,35.49447108,-94.75463785,40135.0,887.6807236161563,1.084010840108401,365,361,4,0,357,354,41179,8,0,0,8,7
2020-08-13,US,Oklahoma,Stephens,209,3,0,34.48556989,-97.85141892,40137.0,484.4354820017152,1.4354066985645932,206,204,3,0,201,202,43265,5,0,0,5,2
2020-08-13,US,Oklahoma,Texas,1066,7,0,36.74777635,-101.4889765,40139.0,5334.534354201071,0.6566604127579737,1059,1060,7,0,1053,1058,20455,6,0,0,6,2
2020-08-13,US,Oklahoma,Tillman,59,1,0,34.37288446,-98.92426619,40141.0,813.7931034482757,1.6949152542372878,58,59,1,0,58,59,7348,0,0,0,0,0
2020-08-13,US,Oklahoma,Tulsa,10999,113,0,36.11939621,-95.94013939,40143.0,1688.1231275477628,1.0273661241931085,10886,10898,110,0,10788,10747,648360,101,3,0,98,151
2020-08-13,US,Oklahoma,Unassigned,2,0,0,0.0,0.0,90040.0,0.0,0.0,2,6,0,0,6,3,,-4,0,0,-4,3
2020-08-13,US,Oklahoma,Wagoner,922,23,0,35.96024096,-95.51911308,40145.0,1134.2248028638562,2.4945770065075923,899,903,23,0,880,890,80110,19,0,0,19,13
2020-08-13,US,Oklahoma,Washington,661,39,0,36.71380786,-95.90514104,40147.0,1282.8225978613154,5.900151285930407,622,647,39,0,608,642,51843,14,0,0,14,5
2020-08-13,US,Oklahoma,Washita,31,0,0,35.29071824,-98.99180434,40149.0,283.98680835470867,0.0,31,31,0,0,31,29,11127,0,0,0,0,2
2020-08-13,US,Oklahoma,Woods,20,0,0,36.76705782,-98.86573064,40151.0,227.45365631752534,0.0,20,20,0,0,20,20,8897,0,0,0,0,0
2020-08-13,US,Oklahoma,Woodward,45,0,0,36.42316318,-99.26283045,40153.0,222.6510316164465,0.0,45,44,0,0,44,41,20222,1,0,0,1,3
2020-08-13,US,Oregon,Baker,45,0,0,44.70915557,-117.6749883,41001.0,279.08707516745227,0.0,45,42,0,0,42,40,16006,3,0,0,3,2
2020-08-13,US,Oregon,Benton,181,6,0,44.49167306,-123.4316987,41003.0,194.51280453075125,3.3149171270718236,175,178,6,0,172,171,92101,3,0,0,3,7
2020-08-13,US,Oregon,Clackamas,1607,49,0,45.18787398,-122.2179634,41005.0,384.27784699189596,3.049159925326696,1558,1595,47,0,1548,1571,416075,12,2,0,10,24
2020-08-13,US,Oregon,Clatsop,87,0,0,45.99712889,-123.660711,41007.0,216.28878281622917,0.0,87,89,0,0,89,89,39764,-2,0,0,-2,0
2020-08-13,US,Oregon,Columbia,103,1,0,45.94464254,-123.08908980000001,41009.0,196.73759407113118,0.9708737864077671,102,102,0,0,102,101,52377,1,1,0,0,1
2020-08-13,US,Oregon,Coos,91,0,0,43.17406868,-124.0594514,41011.0,141.11371284134788,0.0,91,91,0,0,91,91,64389,0,0,0,0,0
2020-08-13,US,Oregon,Crook,51,1,0,44.14230227,-120.356297,41013.0,208.98213407638093,1.96078431372549,50,50,1,0,49,50,23867,1,0,0,1,0
2020-08-13,US,Oregon,Curry,17,0,0,42.45911325,-124.15728200000001,41015.0,74.15485278080698,0.0,17,17,0,0,17,17,22813,0,0,0,0,0
2020-08-13,US,Oregon,Deschutes,621,11,0,43.91570171,-121.2289121,41017.0,314.1250025291868,1.7713365539452497,610,617,10,0,607,616,191996,4,1,0,3,1
2020-08-13,US,Oregon,Douglas,159,1,0,43.27941273,-123.16729099999999,41019.0,143.26905748783562,0.6289308176100629,158,159,1,0,158,156,110283,0,0,0,0,3
2020-08-13,US,Oregon,Gilliam,4,0,0,45.37160076,-120.20488689999999,41021.0,209.20502092050208,0.0,4,4,0,0,4,4,1894,0,0,0,0,0
2020-08-13,US,Oregon,Grant,4,0,0,44.49024544,-119.0068631,41023.0,55.563272676760654,0.0,4,4,0,0,4,4,7176,0,0,0,0,0
2020-08-13,US,Oregon,Harney,11,0,0,43.06422669,-118.96663059999999,41025.0,148.7893953740024,0.0,11,11,0,0,11,10,7329,0,0,0,0,1
2020-08-13,US,Oregon,Hood River,207,0,0,45.51872811,-121.65520359999998,41027.0,885.2963818321788,0.0,207,205,0,0,205,201,23428,2,0,0,2,4
2020-08-13,US,Oregon,Jackson,515,2,0,42.43201126,-122.72893090000001,41029.0,233.090737924542,0.3883495145631068,513,499,2,0,497,486,219564,16,0,0,16,13
2020-08-13,US,Oregon,Jefferson,392,4,0,44.62806839,-121.17832,41031.0,1589.7477492091816,1.020408163265306,388,379,4,0,375,377,24192,13,0,0,13,2
2020-08-13,US,Oregon,Josephine,130,2,0,42.3665549,-123.5561938,41033.0,148.5935053207905,1.5384615384615383,128,128,2,0,126,124,87393,2,0,0,2,4
2020-08-13,US,Oregon,Klamath,206,2,0,42.68762984,-121.64964609999998,41035.0,301.88458043905155,0.9708737864077671,204,204,2,0,202,204,67653,2,0,0,2,0
2020-08-13,US,Oregon,Lake,32,0,0,42.79246693,-120.38501629999999,41037.0,406.6590418096328,0.0,32,32,0,0,32,32,7879,0,0,0,0,0
2020-08-13,US,Oregon,Lane,611,3,0,43.93727035,-122.847753,41039.0,159.9195952542355,0.4909983633387889,608,606,3,0,603,596,379611,5,0,0,5,10
2020-08-13,US,Oregon,Lincoln,428,9,0,44.64252874,-123.86991200000001,41041.0,856.6510548016494,2.102803738317757,419,421,9,0,412,419,49388,7,0,0,7,2
2020-08-13,US,Oregon,Linn,306,11,0,44.48899494,-122.53731540000001,41043.0,235.8399679380959,3.594771241830065,295,303,11,0,292,296,127335,3,0,0,3,7
2020-08-13,US,Oregon,Malheur,851,15,0,43.1937027,-117.62273950000001,41045.0,2783.6838834189266,1.7626321974148058,836,839,14,0,825,822,30725,12,1,0,11,17
2020-08-13,US,Oregon,Marion,3040,73,0,44.90287942,-122.58151170000001,41047.0,874.0203209724626,2.401315789473684,2967,3005,73,0,2932,2979,346868,35,0,0,35,26
2020-08-13,US,Oregon,Morrow,384,3,0,45.41846568,-119.584546,41049.0,3309.488925277945,0.78125,381,378,3,0,375,377,11372,6,0,0,6,1
2020-08-13,US,Oregon,Multnomah,5135,101,0,45.54747959,-122.4169351,41051.0,631.7239852126147,1.9668938656280428,5034,5056,98,0,4958,5014,811880,79,3,0,76,42
2020-08-13,US,Oregon,Polk,337,12,0,44.90322804,-123.4128888,41053.0,391.47354359063723,3.560830860534125,325,330,12,0,318,326,85234,7,0,0,7,4
2020-08-13,US,Oregon,Sherman,16,0,0,45.41501554,-120.6827834,41055.0,898.876404494382,0.0,16,16,0,0,16,16,1708,0,0,0,0,0
2020-08-13,US,Oregon,Tillamook,35,0,0,45.46248721,-123.712066,41057.0,129.4570202692706,0.0,35,34,0,0,34,34,26787,1,0,0,1,0
2020-08-13,US,Oregon,Umatilla,2362,31,0,45.59073056,-118.7353826,41059.0,3030.147530468249,1.3124470787468248,2331,2342,31,0,2311,2312,77516,20,0,0,20,30
2020-08-13,US,Oregon,Union,397,2,0,45.30915495,-118.0068979,41061.0,1479.4112166946152,0.5037783375314862,395,395,2,0,393,395,26461,2,0,0,2,0
2020-08-13,US,Oregon,Wallowa,20,1,0,45.57894064,-117.18353799999998,41063.0,277.4694783573807,5.0,19,20,1,0,19,19,7081,0,0,0,0,1
2020-08-13,US,Oregon,Wasco,197,3,0,45.16292781,-121.16709540000001,41065.0,738.3254628588562,1.5228426395939083,194,195,3,0,192,194,26505,2,0,0,2,1
2020-08-13,US,Oregon,Washington,3235,27,0,45.55972701,-123.0955257,41067.0,537.7398635620153,0.8346213292117465,3208,3202,27,0,3175,3161,597695,33,0,0,33,41
2020-08-13,US,Oregon,Yamhill,483,13,0,45.23330449,-123.3086963,41071.0,450.9803921568628,2.691511387163561,470,474,13,0,461,470,107002,9,0,0,9,4
2020-08-13,US,Pennsylvania,Adams,539,21,0,39.87140411,-77.21610347,42001.0,523.2552495413022,3.8961038961038965,518,535,20,0,515,531,102811,4,1,0,3,4
2020-08-13,US,Pennsylvania,Allegheny,9192,260,0,40.46809875,-79.98167747,42003.0,755.8930796146524,2.8285465622280244,8932,9078,259,0,8819,9008,1218452,114,1,0,113,70
2020-08-13,US,Pennsylvania,Armstrong,237,8,0,40.81665618,-79.46290811,42005.0,366.10797868232015,3.3755274261603376,229,230,8,0,222,222,65263,7,0,0,7,8
2020-08-13,US,Pennsylvania,Beaver,1374,93,0,40.6825484,-80.34921611,42007.0,838.1677433523047,6.7685589519650655,1281,1351,93,0,1258,1332,164742,23,0,0,23,19
2020-08-13,US,Pennsylvania,Bedford,145,4,0,40.00522157,-78.48998442,42009.0,302.7898429669228,2.7586206896551726,141,145,4,0,141,143,48176,0,0,0,0,2
2020-08-13,US,Pennsylvania,Berks,5491,372,0,40.41570541,-75.92457766,42011.0,1303.767653455661,6.7747222728100525,5119,5470,372,0,5098,5431,420152,21,0,0,21,39
2020-08-13,US,Pennsylvania,Blair,304,7,0,40.47961444,-78.34917412,42013.0,249.53007904521908,2.3026315789473686,297,302,7,0,295,298,122492,2,0,0,2,4
2020-08-13,US,Pennsylvania,Bradford,91,3,0,41.78869215,-76.51570822,42015.0,150.85456625167848,3.2967032967032965,88,90,3,0,87,90,60833,1,0,0,1,0
2020-08-13,US,Pennsylvania,Bucks,7318,582,0,40.33682119,-75.10836643,42017.0,1164.785840482595,7.9529926209346815,6736,7275,582,0,6693,7231,628195,43,0,0,43,44
2020-08-13,US,Pennsylvania,Butler,707,16,0,40.91152759,-79.91351055,42019.0,376.3581097986192,2.263083451202263,691,695,16,0,679,677,187888,12,0,0,12,18
2020-08-13,US,Pennsylvania,Cambria,353,3,0,40.49527404,-78.71377428,42021.0,271.13801155216913,0.8498583569405099,350,351,3,0,348,349,131730,2,0,0,2,2
2020-08-13,US,Pennsylvania,Cameron,8,0,0,41.43625568,-78.20376845,42023.0,179.89655947830002,0.0,8,7,0,0,7,7,4492,1,0,0,1,0
2020-08-13,US,Pennsylvania,Carbon,379,28,0,40.91545395,-75.7068525,42025.0,590.5082421862827,7.3878627968337724,351,377,28,0,349,372,64227,2,0,0,2,5
2020-08-13,US,Pennsylvania,Centre,380,10,0,40.92058903,-77.82200624,42027.0,234.01176217015117,2.631578947368421,370,377,10,0,367,373,162805,3,0,0,3,4
2020-08-13,US,Pennsylvania,Chester,5264,350,0,39.97291773,-75.74768357,42029.0,1002.6876753608173,6.648936170212767,4914,5234,350,0,4884,5194,522046,30,0,0,30,40
2020-08-13,US,Pennsylvania,Clarion,84,2,0,41.19265812,-79.42413524,42031.0,218.5337426505021,2.380952380952381,82,83,2,0,81,81,38779,1,0,0,1,2
2020-08-13,US,Pennsylvania,Clearfield,182,1,0,41.00110782,-78.47592663,42033.0,229.63850861144408,0.5494505494505495,181,177,1,0,176,174,79388,5,0,0,5,3
2020-08-13,US,Pennsylvania,Clinton,125,5,0,41.23255967,-77.63785995,42035.0,323.56595568440673,4.0,120,124,5,0,119,123,38684,1,0,0,1,1
2020-08-13,US,Pennsylvania,Columbia,483,35,0,41.04821986,-76.40565017,42037.0,743.4887014346408,7.246376811594202,448,481,35,0,446,478,65456,2,0,0,2,3
2020-08-13,US,Pennsylvania,Crawford,161,1,0,41.68447709,-80.10760592,42039.0,190.2421155868556,0.6211180124223602,160,162,1,0,161,158,85063,-1,0,0,-1,4
2020-08-13,US,Pennsylvania,Cumberland,1339,71,0,40.1625372,-77.26130755,42041.0,528.4761416110827,5.3024645257654965,1268,1327,71,0,1256,1311,251423,12,0,0,12,16
2020-08-13,US,Pennsylvania,Dauphin,2914,160,0,40.41377078,-76.77993242,42043.0,1047.0752679671864,5.490734385724091,2754,2873,159,0,2714,2850,277097,41,1,0,40,23
2020-08-13,US,Pennsylvania,Delaware,9496,707,0,39.91680171,-75.40243663,42045.0,1675.5271752651536,7.445240101095197,8789,9436,706,0,8730,9347,564751,60,1,0,59,89
2020-08-13,US,Pennsylvania,Elk,54,2,0,41.42822061,-78.64524744,42047.0,180.54162487462384,3.703703703703704,52,54,2,0,52,50,30169,0,0,0,0,4
2020-08-13,US,Pennsylvania,Erie,1163,22,0,41.99253829,-80.03301954,42049.0,431.17510974018273,1.891659501289768,1141,1143,22,0,1121,1126,272061,20,0,0,20,17
2020-08-13,US,Pennsylvania,Fayette,595,6,0,39.92041012,-79.64291195,42051.0,460.26269783560485,1.0084033613445378,589,582,6,0,576,562,130441,13,0,0,13,20
2020-08-13,US,Pennsylvania,Forest,11,0,0,41.51095103,-79.23229292,42053.0,151.78694632261625,0.0,11,10,0,0,10,10,7279,1,0,0,1,0
2020-08-13,US,Pennsylvania,Franklin,1393,46,0,39.92956518,-77.72157791,42055.0,898.5531552568264,3.3022254127781765,1347,1385,46,0,1339,1375,154835,8,0,0,8,10
2020-08-13,US,Pennsylvania,Fulton,28,2,0,39.92913544,-78.11163677,42057.0,192.70474879559532,7.142857142857142,26,27,2,0,25,27,14523,1,0,0,1,0
2020-08-13,US,Pennsylvania,Greene,121,1,0,39.85746531,-80.22357106,42059.0,333.94971434879807,0.8264462809917356,120,118,1,0,117,117,36506,3,0,0,3,1
2020-08-13,US,Pennsylvania,Huntingdon,313,5,0,40.42162652,-77.97673273,42061.0,693.3368775474039,1.597444089456869,308,309,4,0,305,310,45168,4,1,0,3,-1
2020-08-13,US,Pennsylvania,Indiana,343,7,0,40.65241041,-79.08963285,42063.0,407.978780345652,2.0408163265306123,336,335,7,0,328,326,84501,8,0,0,8,9
2020-08-13,US,Pennsylvania,Jefferson,75,1,0,41.12913106,-78.9986361,42065.0,172.71157167530225,1.3333333333333333,74,74,1,0,73,73,43641,1,0,0,1,1
2020-08-13,US,Pennsylvania,Juniata,135,6,0,40.53358749,-77.39975129999998,42067.0,545.1681944837055,4.4444444444444455,129,135,6,0,129,133,24704,0,0,0,0,2
2020-08-13,US,Pennsylvania,Lackawanna,1952,212,0,41.43564672,-75.60379201,42069.0,930.9690281103044,10.86065573770492,1740,1946,212,0,1734,1944,210793,6,0,0,6,2
2020-08-13,US,Pennsylvania,Lancaster,6099,418,0,40.03904563,-76.24770128,42071.0,1117.5979066341226,6.853582554517133,5681,6028,417,0,5611,5999,543557,71,1,0,70,29
2020-08-13,US,Pennsylvania,Lawrence,414,16,0,40.99206278,-80.33393706,42073.0,484.14257648049403,3.864734299516908,398,401,16,0,385,392,86184,13,0,0,13,9
2020-08-13,US,Pennsylvania,Lebanon,1632,55,0,40.36680311,-76.45651841,42075.0,1150.9736023640096,3.3700980392156863,1577,1626,55,0,1571,1621,141314,6,0,0,6,5
2020-08-13,US,Pennsylvania,Lehigh,5036,340,0,40.6154815,-75.59435245,42077.0,1363.5945174619162,6.751389992057187,4696,5022,338,0,4684,4992,368100,14,2,0,12,30
2020-08-13,US,Pennsylvania,Luzerne,3553,185,0,41.17823008,-75.98447579,42079.0,1119.3477349984405,5.206867435969603,3368,3526,184,0,3342,3477,317646,27,1,0,26,49
2020-08-13,US,Pennsylvania,Lycoming,426,20,0,41.34310539,-77.06629984,42081.0,375.99625768982963,4.694835680751174,406,411,20,0,391,407,113664,15,0,0,15,4
2020-08-13,US,Pennsylvania,McKean,34,1,0,41.80938602,-78.56478358,42083.0,83.69230769230771,2.9411764705882355,33,34,1,0,33,34,40968,0,0,0,0,0
2020-08-13,US,Pennsylvania,Mercer,468,12,0,41.30248872,-80.25816981,42085.0,427.6941073256324,2.5641025641025643,456,456,11,0,445,446,110683,12,1,0,11,10
2020-08-13,US,Pennsylvania,Mifflin,123,1,0,40.61116939,-77.61070738,42087.0,266.59152975855045,0.8130081300813008,122,121,1,0,120,120,46222,2,0,0,2,1
2020-08-13,US,Pennsylvania,Monroe,1655,124,0,41.05934058,-75.34031025,42089.0,971.9799613557212,7.492447129909365,1531,1650,124,0,1526,1642,169507,5,0,0,5,8
2020-08-13,US,Pennsylvania,Montgomery,10264,859,0,40.21053671,-75.36652296,42091.0,1235.2647382704608,8.369056897895558,9405,10219,859,0,9360,10187,828604,45,0,0,45,32
2020-08-13,US,Pennsylvania,Montour,106,3,0,41.03023987,-76.66345939,42093.0,581.4591332967635,2.830188679245283,103,104,3,0,101,104,18240,2,0,0,2,0
2020-08-13,US,Pennsylvania,Northampton,3982,294,0,40.75182733,-75.30471829,42095.0,1304.354947016722,7.383224510296332,3688,3956,293,0,3663,3944,304807,26,1,0,25,12
2020-08-13,US,Pennsylvania,Northumberland,524,15,0,40.84785433,-76.70798222,42097.0,576.8193476657531,2.862595419847328,509,513,15,0,498,507,91083,11,0,0,11,6
2020-08-13,US,Pennsylvania,Perry,128,5,0,40.40206612,-77.26297447,42099.0,276.62517289073304,3.90625,123,125,5,0,120,124,46139,3,0,0,3,1
2020-08-13,US,Pennsylvania,Philadelphia,31910,1709,0,40.00338507,-75.1379271,42101.0,2014.438810553109,5.355687872140394,30201,31725,1709,0,30016,31584,1584138,185,0,0,185,141
2020-08-13,US,Pennsylvania,Pike,527,21,0,41.33155042,-75.03208106,42103.0,944.2921392606927,3.984819734345351,506,526,21,0,505,526,55933,1,0,0,1,0
2020-08-13,US,Pennsylvania,Potter,20,0,0,41.74471626,-77.89559864,42105.0,121.0214207914801,0.0,20,20,0,0,20,20,16622,0,0,0,0,0
2020-08-13,US,Pennsylvania,Schuylkill,930,51,0,40.70497338,-76.2150785,42107.0,657.8993909124994,5.483870967741934,879,928,51,0,877,922,142067,2,0,0,2,6
2020-08-13,US,Pennsylvania,Snyder,113,2,0,40.77129231,-77.06840691,42109.0,279.8969582879223,1.7699115044247788,111,112,2,0,110,109,40540,1,0,0,1,3
2020-08-13,US,Pennsylvania,Somerset,138,3,0,39.97172723,-79.02699593,42111.0,187.8905877707735,2.1739130434782608,135,138,3,0,135,136,73952,0,0,0,0,2
2020-08-13,US,Pennsylvania,Sullivan,10,0,0,41.44634738,-76.51246591,42113.0,164.85328058028355,0.0,10,10,0,0,10,10,6071,0,0,0,0,0
2020-08-13,US,Pennsylvania,Susquehanna,218,27,0,41.82147784,-75.80071959,42115.0,540.5673477484626,12.385321100917432,191,217,27,0,190,215,40589,1,0,0,1,2
2020-08-13,US,Pennsylvania,Tioga,40,3,0,41.77255149,-77.25433032,42117.0,98.54401221945751,7.5,37,39,3,0,36,38,40763,1,0,0,1,1
2020-08-13,US,Pennsylvania,Union,276,2,0,40.96188846,-77.05996014,42119.0,614.3846136722836,0.7246376811594203,274,276,2,0,274,262,44785,0,0,0,0,14
2020-08-13,US,Pennsylvania,Venango,67,0,0,41.40323442,-79.75845449,42121.0,132.23336227994,0.0,67,67,0,0,67,65,51266,0,0,0,0,2
2020-08-13,US,Pennsylvania,Warren,22,1,0,41.81304978,-79.26969577,42123.0,56.1353371947641,4.545454545454546,21,23,1,0,22,23,39498,-1,0,0,-1,0
2020-08-13,US,Pennsylvania,Washington,880,14,0,40.19208869,-80.24582867,42125.0,425.3982065598337,1.5909090909090908,866,871,13,0,858,862,207346,9,1,0,8,9
2020-08-13,US,Pennsylvania,Wayne,162,10,0,41.64938475,-75.29956506,42127.0,315.4144195011778,6.172839506172839,152,162,10,0,152,162,51276,0,0,0,0,0
2020-08-13,US,Pennsylvania,Westmoreland,1586,47,0,40.31377979999999,-79.46615476,42129.0,454.57281333566453,2.963430012610341,1539,1573,47,0,1526,1555,350611,13,0,0,13,18
2020-08-13,US,Pennsylvania,Wyoming,62,8,0,41.51955538,-76.01074915,42131.0,231.39508845263862,12.903225806451614,54,61,8,0,53,61,27046,1,0,0,1,0
2020-08-13,US,Pennsylvania,York,2751,100,0,39.9210089,-76.73040131,42133.0,612.6157422871877,3.635041802980734,2651,2680,97,0,2583,2637,448273,71,3,0,68,43
2020-08-13,US,Puerto Rico,Adjuntas,98,0,0,18.180117000000006,-66.754367,72001.0,503.00261766668365,0.0,98,95,0,0,95,95,,3,0,0,3,0
2020-08-13,US,Puerto Rico,Aguada,152,0,0,18.360255,-67.17513100000001,72003.0,362.25839509997854,0.0,152,148,0,0,148,144,,4,0,0,4,4
2020-08-13,US,Puerto Rico,Aguadilla,234,0,0,18.459681,-67.12081500000001,72005.0,383.9275459810662,0.0,234,233,0,0,233,232,,1,0,0,1,1
2020-08-13,US,Puerto Rico,Aguas Buenas,139,0,0,18.251619,-66.126806,72007.0,485.0134338253254,0.0,139,138,0,0,138,137,,1,0,0,1,1
2020-08-13,US,Puerto Rico,Aibonito,94,0,0,18.131361,-66.264131,72009.0,362.93436293436287,0.0,94,93,0,0,93,91,,1,0,0,1,2
2020-08-13,US,Puerto Rico,Anasco,150,0,0,18.287985,-67.120611,72011.0,512.6277297426609,0.0,150,150,0,0,150,147,,0,0,0,0,3
2020-08-13,US,Puerto Rico,Arecibo,352,0,0,18.406631,-66.675077,72013.0,364.99377851513896,0.0,352,341,0,0,341,336,,11,0,0,11,5
2020-08-13,US,Puerto Rico,Arroyo,98,0,0,17.998457000000005,-66.056546,72015.0,500.63856960408685,0.0,98,96,0,0,96,94,,2,0,0,2,2
2020-08-13,US,Puerto Rico,Barceloneta,98,0,0,18.445532999999998,-66.56053100000001,72017.0,394.9065119277885,0.0,98,96,0,0,96,95,,2,0,0,2,1
2020-08-13,US,Puerto Rico,Barranquitas,267,0,0,18.201592,-66.30963,72019.0,880.6649515139521,0.0,267,264,0,0,264,260,,3,0,0,3,4
2020-08-13,US,Puerto Rico,Bayamon,1710,0,0,18.34946,-66.168435,72021.0,821.6571527417402,0.0,1710,1663,0,0,1663,1604,,47,0,0,47,59
2020-08-13,US,Puerto Rico,Cabo Rojo,231,0,0,18.040993,-67.154391,72023.0,453.67951764636564,0.0,231,220,0,0,220,216,,11,0,0,11,4
2020-08-13,US,Puerto Rico,Caguas,803,0,0,18.211615,-66.050779,72025.0,561.9589483039757,0.0,803,795,0,0,795,773,,8,0,0,8,22
2020-08-13,US,Puerto Rico,Camuy,145,0,0,18.418578,-66.860206,72027.0,412.4121846468897,0.0,145,145,0,0,145,144,,0,0,0,0,1
2020-08-13,US,Puerto Rico,Canovanas,415,0,0,18.328802,-65.887612,72029.0,870.9704499664205,0.0,415,412,0,0,412,404,,3,0,0,3,8
2020-08-13,US,Puerto Rico,Carolina,1407,0,0,18.374986,-65.95683100000001,72031.0,795.9855625077788,0.0,1407,1389,0,0,1389,1337,,18,0,0,18,52
2020-08-13,US,Puerto Rico,Catano,209,0,0,18.437269,-66.14330600000001,72033.0,742.7149964463397,0.0,209,205,0,0,205,200,,4,0,0,4,5
2020-08-13,US,Puerto Rico,Cayey,206,0,0,18.102851,-66.14914,72035.0,428.10532222199134,0.0,206,203,0,0,203,203,,3,0,0,3,0
2020-08-13,US,Puerto Rico,Ceiba,73,0,0,18.251818,-65.666416,72037.0,535.5439806323819,0.0,73,72,0,0,72,72,,1,0,0,1,0
2020-08-13,US,Puerto Rico,Ciales,163,0,0,18.28885,-66.516475,72039.0,867.8521989138537,0.0,163,161,0,0,161,158,,2,0,0,2,3
2020-08-13,US,Puerto Rico,Cidra,185,0,0,18.173559,-66.161179,72041.0,425.48298068077276,0.0,185,181,0,0,181,177,,4,0,0,4,4
2020-08-13,US,Puerto Rico,Coamo,169,0,0,18.097597,-66.36014,72043.0,417.16034755134285,0.0,169,155,0,0,155,153,,14,0,0,14,2
2020-08-13,US,Puerto Rico,Comerio,131,0,0,18.224687,-66.221622,72045.0,630.4745403792473,0.0,131,130,0,0,130,122,,1,0,0,1,8
2020-08-13,US,Puerto Rico,Corozal,263,0,0,18.304264,-66.327738,72047.0,708.0932636907007,0.0,263,249,0,0,249,247,,14,0,0,14,2
2020-08-13,US,Puerto Rico,Culebra,19,0,0,18.31586,-65.28813000000001,72049.0,1045.1045104510451,0.0,19,19,0,0,19,19,,0,0,0,0,0
2020-08-13,US,Puerto Rico,Dorado,348,0,0,18.436115,-66.278669,72051.0,911.8302109262413,0.0,348,341,0,0,341,332,,7,0,0,7,9
2020-08-13,US,Puerto Rico,Fajardo,276,0,0,18.318373,-65.666866,72053.0,746.0870975589978,0.0,276,276,0,0,276,266,,0,0,0,0,10
2020-08-13,US,Puerto Rico,Florida,191,0,0,18.373715,-66.560488,72054.0,1506.3091482649845,0.0,191,188,0,0,188,188,,3,0,0,3,0
2020-08-13,US,Puerto Rico,Guanica,65,0,0,17.982429,-66.91964300000001,72055.0,334.5858856231019,0.0,65,62,0,0,62,61,,3,0,0,3,1
2020-08-13,US,Puerto Rico,Guayama,170,0,0,18.007516,-66.13390799999999,72057.0,374.7630175036374,0.0,170,168,0,0,168,164,,2,0,0,2,4
2020-08-13,US,Puerto Rico,Guayanilla,132,0,0,18.039942,-66.79186,72059.0,611.6491358139102,0.0,132,132,0,0,132,131,,0,0,0,0,1
2020-08-13,US,Puerto Rico,Guaynabo,934,0,0,18.345114000000002,-66.11452299999999,72061.0,953.8009068257016,0.0,934,907,0,0,907,880,,27,0,0,27,27
2020-08-13,US,Puerto Rico,Gurabo,278,0,0,18.266461,-65.97970500000001,72063.0,612.7532015252706,0.0,278,274,0,0,274,267,,4,0,0,4,7
2020-08-13,US,Puerto Rico,Hatillo,118,0,0,18.410928,-66.79632600000001,72065.0,281.26713226706073,0.0,118,118,0,0,118,116,,0,0,0,0,2
2020-08-13,US,Puerto Rico,Hormigueros,100,0,0,18.134532,-67.113972,72067.0,579.7101449275362,0.0,100,98,0,0,98,98,,2,0,0,2,0
2020-08-13,US,Puerto Rico,Humacao,207,0,0,18.145211,-65.810174,72069.0,354.05192761605036,0.0,207,201,0,0,201,197,,6,0,0,6,4
2020-08-13,US,Puerto Rico,Isabela,144,0,0,18.44981,-67.005093,72071.0,315.5749380903333,0.0,144,142,0,0,142,142,,2,0,0,2,0
2020-08-13,US,Puerto Rico,Jayuya,180,0,0,18.211446,-66.58878,72073.0,1081.6007691383247,0.0,180,180,0,0,180,180,,0,0,0,0,0
2020-08-13,US,Puerto Rico,Juana Diaz,209,0,0,18.050764,-66.49458100000001,72075.0,261.5867929959823,0.0,209,204,0,0,204,202,,5,0,0,5,2
2020-08-13,US,Puerto Rico,Juncos,154,0,0,18.223793,-65.909109,72077.0,382.22884090345,0.0,154,149,0,0,149,143,,5,0,0,5,6
2020-08-13,US,Puerto Rico,Lajas,86,0,0,18.011661,-67.040585,72079.0,333.94167669786043,0.0,86,84,0,0,84,83,,2,0,0,2,1
2020-08-13,US,Puerto Rico,Lares,192,0,0,18.269035000000002,-66.867236,72081.0,624.3293337235393,0.0,192,192,0,0,192,182,,0,0,0,0,10
2020-08-13,US,Puerto Rico,Las Marias,73,0,0,18.23679,-66.98362,72083.0,738.7916202813481,0.0,73,72,0,0,72,72,,1,0,0,1,0
2020-08-13,US,Puerto Rico,Las Piedras,175,0,0,18.187527,-65.86946800000001,72085.0,452.4886877828054,0.0,175,168,0,0,168,163,,7,0,0,7,5
2020-08-13,US,Puerto Rico,Loiza,140,0,0,18.425688,-65.89943000000001,72087.0,465.7351962741183,0.0,140,136,0,0,136,136,,4,0,0,4,0
2020-08-13,US,Puerto Rico,Luquillo,122,0,0,18.342114000000002,-65.72509699999999,72089.0,607.9330277058002,0.0,122,119,0,0,119,118,,3,0,0,3,1
2020-08-13,US,Puerto Rico,Manati,276,0,0,18.420473,-66.490461,72091.0,625.665903475166,0.0,276,274,0,0,274,256,,2,0,0,2,18
2020-08-13,US,Puerto Rico,Maricao,42,0,0,18.171795,-66.942126,72093.0,669.2160611854682,0.0,42,42,0,0,42,42,,0,0,0,0,0
2020-08-13,US,Puerto Rico,Maunabo,66,0,0,18.017889,-65.922235,72095.0,539.8773006134968,0.0,66,64,0,0,64,63,,2,0,0,2,1
2020-08-13,US,Puerto Rico,Mayaguez,526,0,0,18.2013,-67.1452,72097.0,590.4804669959586,0.0,526,519,0,0,519,516,,7,0,0,7,3
2020-08-13,US,Puerto Rico,Moca,184,0,0,18.377805,-67.080952,72099.0,458.74990650477446,0.0,184,181,0,0,181,180,,3,0,0,3,1
2020-08-13,US,Puerto Rico,Morovis,284,0,0,18.316963,-66.420383,72101.0,870.8984973934378,0.0,284,276,0,0,276,263,,8,0,0,8,13
2020-08-13,US,Puerto Rico,Naguabo,100,0,0,18.230636999999998,-65.753897,72103.0,374.251497005988,0.0,100,99,0,0,99,96,,1,0,0,1,3
2020-08-13,US,Puerto Rico,Naranjito,321,0,0,18.288019,-66.252703,72105.0,1055.8515887112692,0.0,321,317,0,0,317,300,,4,0,0,4,17
2020-08-13,US,Puerto Rico,Orocovis,234,0,0,18.215046,-66.433604,72107.0,999.018059172608,0.0,234,230,0,0,230,227,,4,0,0,4,3
2020-08-13,US,Puerto Rico,Out of PR,660,0,0,0.0,0.0,72888.0,0.0,0.0,660,655,0,0,655,655,,5,0,0,5,0
2020-08-13,US,Puerto Rico,Patillas,110,0,0,18.03174,-66.012242,72109.0,570.6282097836801,0.0,110,108,0,0,108,107,,2,0,0,2,1
2020-08-13,US,Puerto Rico,Penuelas,78,0,0,18.059645,-66.721572,72111.0,321.2255992092908,0.0,78,78,0,0,78,78,,0,0,0,0,0
2020-08-13,US,Puerto Rico,Ponce,526,0,0,18.059498,-66.613748,72113.0,316.24450630384723,0.0,526,510,0,0,510,506,,16,0,0,16,4
2020-08-13,US,Puerto Rico,Quebradillas,80,0,0,18.439692,-66.926113,72115.0,308.6538832516687,0.0,80,81,0,0,81,81,,-1,0,0,-1,0
2020-08-13,US,Puerto Rico,Rincon,104,0,0,18.335442999999998,-67.23174,72117.0,684.2105263157895,0.0,104,101,0,0,101,98,,3,0,0,3,3
2020-08-13,US,Puerto Rico,Rio Grande,321,0,0,18.346329,-65.813742,72119.0,591.1166764879198,0.0,321,317,0,0,317,311,,4,0,0,4,6
2020-08-13,US,Puerto Rico,Sabana Grande,132,0,0,18.08282,-66.943758,72121.0,522.4619038195132,0.0,132,132,0,0,132,131,,0,0,0,0,1
2020-08-13,US,Puerto Rico,Salinas,200,0,0,18.010386999999994,-66.256592,72123.0,643.5420554733251,0.0,200,196,0,0,196,193,,4,0,0,4,3
2020-08-13,US,Puerto Rico,San German,149,0,0,18.111484,-67.03858100000001,72125.0,419.3993300869761,0.0,149,147,0,0,147,147,,2,0,0,2,0
2020-08-13,US,Puerto Rico,San Juan,3718,0,0,18.386933,-66.061128,72127.0,940.4896212240023,0.0,3718,3657,0,0,3657,3477,,61,0,0,61,180
2020-08-13,US,Puerto Rico,San Lorenzo,187,0,0,18.147987,-65.976392,72129.0,455.45326124019687,0.0,187,186,0,0,186,183,,1,0,0,1,3
2020-08-13,US,Puerto Rico,San Sebastian,245,0,0,18.328646,-66.971214,72131.0,577.4216356351639,0.0,245,245,0,0,245,241,,0,0,0,0,4
2020-08-13,US,Puerto Rico,Santa Isabel,102,0,0,17.994525,-66.388913,72133.0,438.2572828048466,0.0,102,102,0,0,102,100,,0,0,0,0,2
2020-08-13,US,Puerto Rico,Toa Alta,637,0,0,18.362406,-66.246616,72135.0,860.0437447681797,0.0,637,627,0,0,627,613,,10,0,0,10,14
2020-08-13,US,Puerto Rico,Toa Baja,605,0,0,18.431445999999998,-66.213553,72137.0,675.155397337321,0.0,605,580,0,0,580,558,,25,0,0,25,22
2020-08-13,US,Puerto Rico,Trujillo Alto,567,0,0,18.336159,-65.99888399999999,72139.0,757.5960022447289,0.0,567,562,0,0,562,543,,5,0,0,5,19
2020-08-13,US,Puerto Rico,Unassigned,532,306,0,0.0,0.0,72999.0,0.0,57.51879699248121,226,578,295,0,283,543,,-46,11,0,-57,35
2020-08-13,US,Puerto Rico,Utuado,79,0,0,18.271214,-66.702984,72141.0,238.3178979758062,0.0,79,78,0,0,78,76,,1,0,0,1,2
2020-08-13,US,Puerto Rico,Vega Alta,279,0,0,18.409346,-66.33725,72143.0,698.3554854697003,0.0,279,266,0,0,266,258,,13,0,0,13,8
2020-08-13,US,Puerto Rico,Vega Baja,445,0,0,18.428262,-66.397924,72145.0,745.8683919412691,0.0,445,443,0,0,443,429,,2,0,0,2,14
2020-08-13,US,Puerto Rico,Vieques,66,0,0,18.123276,-65.44097099999999,72147.0,709.6011181593377,0.0,66,71,0,0,71,71,,-5,0,0,-5,0
2020-08-13,US,Puerto Rico,Villalba,84,0,0,18.127951,-66.473115,72149.0,322.17236221378437,0.0,84,85,0,0,85,83,,-1,0,0,-1,2
2020-08-13,US,Puerto Rico,Yabucoa,137,0,0,18.070399,-65.896289,72151.0,361.0869507920192,0.0,137,145,0,0,145,142,,-8,0,0,-8,3
2020-08-13,US,Puerto Rico,Yauco,265,0,0,18.080374,-66.858814,72153.0,630.3070665746974,0.0,265,258,0,0,258,255,,7,0,0,7,3
2020-08-13,US,Rhode Island,Bristol,322,0,0,41.71018079,-71.28652315,44001.0,664.205119742569,0.0,322,322,0,0,322,316,48649,0,0,0,0,6
2020-08-13,US,Rhode Island,Kent,1544,0,0,41.67106337,-71.57641596,44003.0,939.7901297689481,0.0,1544,1544,0,0,1544,1494,163861,0,0,0,0,50
2020-08-13,US,Rhode Island,Newport,405,0,0,41.5642026,-71.26569799,44005.0,493.40902999439584,0.0,405,405,0,0,405,396,82542,0,0,0,0,9
2020-08-13,US,Rhode Island,Providence,15644,0,0,41.87064746,-71.57753536,44007.0,2448.464701196217,0.0,15644,15644,0,0,15644,15047,636084,0,0,0,0,597
2020-08-13,US,Rhode Island,Unassigned,1704,1019,0,0.0,0.0,90044.0,0.0,59.800469483568065,685,1593,1018,0,575,2193,,111,1,0,110,-600
2020-08-13,US,Rhode Island,Washington,621,0,0,41.45961631,-71.61435303,44009.0,494.5173081057837,0.0,621,621,0,0,621,607,126179,0,0,0,0,14
2020-08-13,US,South Carolina,Abbeville,355,8,0,34.22333378,-82.46170658,45001.0,1447.3845150242594,2.2535211267605635,347,354,9,0,345,346,24541,1,-1,0,2,8
2020-08-13,US,South Carolina,Aiken,2017,42,0,33.54338026,-81.63645384,45003.0,1180.4157498010204,2.0823004462072383,1975,1991,42,0,1949,1934,169401,26,0,0,26,57
2020-08-13,US,South Carolina,Allendale,242,6,0,32.98837386,-81.35321066,45005.0,2785.4511970534068,2.479338842975207,236,231,5,0,226,232,8903,11,1,0,10,-1
2020-08-13,US,South Carolina,Anderson,2489,70,0,34.51828081,-82.63959517,45007.0,1228.783854500933,2.8123744475693053,2419,2440,67,0,2373,2405,200482,49,3,0,46,35
2020-08-13,US,South Carolina,Bamberg,482,26,0,33.21927586,-81.05659969,45009.0,3426.702687331153,5.394190871369295,456,481,25,0,456,480,14275,1,1,0,0,1
2020-08-13,US,South Carolina,Barnwell,439,8,0,33.26679302,-81.43584352,45011.0,2103.9010831016967,1.8223234624145783,431,433,7,0,426,431,21112,6,1,0,5,2
2020-08-13,US,South Carolina,Beaufort,4256,60,0,32.39226291,-80.72619758,45013.0,2215.2590541426803,1.4097744360902256,4196,4214,58,0,4156,4194,188715,42,2,0,40,20
2020-08-13,US,South Carolina,Berkeley,4324,70,0,33.20222596,-79.94654523,45015.0,1897.265112523968,1.6188714153561516,4254,4298,69,0,4229,4272,221091,26,1,0,25,26
2020-08-13,US,South Carolina,Calhoun,384,13,0,33.66926881,-80.77722168,45017.0,2638.6312100597816,3.3854166666666665,371,380,13,0,367,377,14520,4,0,0,4,3
2020-08-13,US,South Carolina,Charleston,12631,209,0,32.82487866,-79.96512315,45019.0,3070.2031569787514,1.6546591718787111,12422,12555,206,0,12349,12454,405905,76,3,0,73,101
2020-08-13,US,South Carolina,Cherokee,692,31,0,35.05122251,-81.61828622,45021.0,1207.6788830715532,4.479768786127168,661,679,31,0,648,668,57078,13,0,0,13,11
2020-08-13,US,South Carolina,Chester,716,14,0,34.69249168,-81.1583216,45023.0,2220.5681677211264,1.9553072625698324,702,709,14,0,695,691,32251,7,0,0,7,18
2020-08-13,US,South Carolina,Chesterfield,803,22,0,34.64137396,-80.15640140000002,45025.0,1759.0361445783133,2.7397260273972597,781,791,21,0,770,783,45754,12,1,0,11,8
2020-08-13,US,South Carolina,Clarendon,874,55,0,33.66610974,-80.21647898,45027.0,2590.0133353089345,6.292906178489703,819,867,54,0,813,859,33700,7,1,0,6,8
2020-08-13,US,South Carolina,Colleton,837,34,0,32.87582989,-80.67641292,45029.0,2221.514451787563,4.062126642771804,803,831,34,0,797,828,37660,6,0,0,6,3
2020-08-13,US,South Carolina,Darlington,1362,36,0,34.33358335,-79.96027485,45031.0,2044.4924795100424,2.643171806167401,1326,1346,36,0,1310,1335,66802,16,0,0,16,11
2020-08-13,US,South Carolina,Dillon,661,25,0,34.39007791,-79.37741872,45033.0,2168.706322385905,3.7821482602118,636,657,25,0,632,654,30599,4,0,0,4,3
2020-08-13,US,South Carolina,Dorchester,3176,53,0,33.0794369,-80.40502652,45035.0,1950.7521082986814,1.6687657430730478,3123,3147,51,0,3096,3113,160647,29,2,0,27,34
2020-08-13,US,South Carolina,Edgefield,349,7,0,33.77221995,-81.96231108,45037.0,1280.2641232575204,2.005730659025788,342,341,7,0,334,338,27052,8,0,0,8,3
2020-08-13,US,South Carolina,Fairfield,578,24,0,34.39287073,-81.1195624,45039.0,2586.47693202667,4.1522491349480966,554,574,24,0,550,572,22402,4,0,0,4,2
2020-08-13,US,South Carolina,Florence,3614,123,0,34.02361754,-79.70189312,45041.0,2613.292068289791,3.403431101272828,3491,3551,119,0,3432,3511,138159,63,4,0,59,40
2020-08-13,US,South Carolina,Georgetown,1498,25,0,33.43443342,-79.33202141,45043.0,2389.9170389278875,1.6688918558077437,1473,1492,24,0,1468,1479,62249,6,1,0,5,13
2020-08-13,US,South Carolina,Greenville,11109,222,0,34.89502264,-82.37295012,45045.0,2121.892799431564,1.998379692141507,10887,11056,218,0,10838,11028,514213,53,4,0,49,28
2020-08-13,US,South Carolina,Greenwood,1489,20,0,34.15272415,-82.12715789,45047.0,2102.780641425767,1.3431833445265278,1469,1455,20,0,1435,1442,70741,34,0,0,34,13
2020-08-13,US,South Carolina,Hampton,457,13,0,32.77419582,-81.13845571,45049.0,2377.484132764541,2.844638949671773,444,445,13,0,432,444,19351,12,0,0,12,1
2020-08-13,US,South Carolina,Horry,8743,167,0,33.9212828,-78.99555293,45051.0,2469.2090227942194,1.910099508177971,8576,8706,162,0,8544,8678,344147,37,5,0,32,28
2020-08-13,US,South Carolina,Jasper,611,18,0,32.43171982,-81.02487495,45053.0,2031.72280783427,2.9459901800327333,593,608,17,0,591,609,28971,3,1,0,2,-1
2020-08-13,US,South Carolina,Kershaw,1425,27,0,34.33988254,-80.58763164,45055.0,2141.2150080389474,1.8947368421052633,1398,1418,27,0,1391,1409,65592,7,0,0,7,9
2020-08-13,US,South Carolina,Lancaster,1297,27,0,34.68270843,-80.70513032,45057.0,1323.3073501203935,2.0817270624518116,1270,1265,26,0,1239,1247,95380,32,1,0,31,18
2020-08-13,US,South Carolina,Laurens,1354,47,0,34.48244419,-82.00490796,45059.0,2006.1339694486835,3.471196454948301,1307,1353,46,0,1307,1349,66994,1,1,0,0,4
2020-08-13,US,South Carolina,Lee,564,30,0,34.16393091,-80.25690731,45061.0,3351.5569289279774,5.319148936170213,534,561,30,0,531,559,17142,3,0,0,3,2
2020-08-13,US,South Carolina,Lexington,5078,116,0,33.89665987,-81.27146426,45063.0,1699.7489539748956,2.284363922804254,4962,5054,115,0,4939,5032,295032,24,1,0,23,22
2020-08-13,US,South Carolina,Marion,573,14,0,34.07859748,-79.36400756,45067.0,1869.067423426949,2.443280977312391,559,566,13,0,553,560,31039,7,1,0,6,6
2020-08-13,US,South Carolina,Marlboro,529,4,0,34.59905577,-79.67561152,45069.0,2025.4230798682895,0.7561436672967864,525,517,4,0,513,516,26398,12,0,0,12,1
2020-08-13,US,South Carolina,McCormick,131,2,0,33.90161443,-82.30794338,45065.0,1384.3390045440133,1.5267175572519085,129,127,2,0,125,127,9410,4,0,0,4,0
2020-08-13,US,South Carolina,Newberry,881,11,0,34.28629098,-81.59935761,45071.0,2291.8834547346514,1.2485811577752557,870,873,10,0,863,855,38520,8,1,0,7,18
2020-08-13,US,South Carolina,Oconee,854,12,0,34.75225169,-83.06742317,45073.0,1073.5926382219093,1.4051522248243558,842,847,11,0,836,844,78374,7,1,0,6,3
2020-08-13,US,South Carolina,Orangeburg,2494,70,0,33.4391073,-80.79886287,45075.0,2894.1108210037714,2.806736166800321,2424,2462,70,0,2392,2450,86934,32,0,0,32,12
2020-08-13,US,South Carolina,Pickens,1897,27,0,34.88807695,-82.72791551,45077.0,1495.0663598247218,1.4232999472851866,1870,1882,27,0,1855,1876,124937,15,0,0,15,6
2020-08-13,US,South Carolina,Richland,9142,159,0,34.01791263,-80.90267209,45079.0,2198.8700184481877,1.7392255523955371,8983,9049,158,0,8891,8917,414576,93,1,0,92,132
2020-08-13,US,South Carolina,Saluda,469,9,0,34.00795823,-81.72713237,45081.0,2290.8220583207158,1.9189765458422172,460,468,9,0,459,465,20544,1,0,0,1,3
2020-08-13,US,South Carolina,Spartanburg,4299,111,0,34.92960077,-81.99225984,45083.0,1344.340728927248,2.5819958129797627,4188,4222,108,0,4114,4172,313888,77,3,0,74,50
2020-08-13,US,South Carolina,Sumter,2604,53,0,33.91826534,-80.37942316,45085.0,2440.007121372551,2.0353302611367132,2551,2586,53,0,2533,2557,106512,18,0,0,18,29
2020-08-13,US,South Carolina,Union,383,4,0,34.68835752,-81.61730349,45087.0,1402.1086542685605,1.0443864229765014,379,378,4,0,374,375,27410,5,0,0,5,3
2020-08-13,US,South Carolina,Williamsburg,1042,31,0,33.62190129,-79.72767442,45089.0,3431.2434141201265,2.9750479846449136,1011,1036,31,0,1005,1026,30606,6,0,0,6,10
2020-08-13,US,South Carolina,York,3705,29,0,34.97281497,-81.18085944,45091.0,1318.6038814288613,0.7827260458839406,3676,3678,29,0,3649,3637,274118,27,0,0,27,41
2020-08-13,US,South Dakota,Aurora,38,0,0,43.71757685,-98.56050467,46003.0,1381.315885132679,0.0,38,38,0,0,38,38,2801,0,0,0,0,0
2020-08-13,US,South Dakota,Beadle,596,9,0,44.41464384,-98.27858469,46005.0,3229.8271283802087,1.5100671140939597,587,594,9,0,585,594,18883,2,0,0,2,0
2020-08-13,US,South Dakota,Bennett,6,0,0,43.19486375,-101.6665572,46007.0,178.30609212481426,0.0,6,6,0,0,6,6,3468,0,0,0,0,0
2020-08-13,US,South Dakota,Bon Homme,14,0,0,42.98914167,-97.88592746,46009.0,202.86914939863792,0.0,14,13,0,0,13,13,6980,1,0,0,1,0
2020-08-13,US,South Dakota,Brookings,143,1,0,44.36974375,-96.79079945,46011.0,407.67454457336714,0.6993006993006993,142,142,1,0,141,140,35232,1,0,0,1,2
2020-08-13,US,South Dakota,Brown,456,3,0,45.58994323,-98.35165355,46013.0,1174.0776024099487,0.6578947368421053,453,452,3,0,449,451,39316,4,0,0,4,1
2020-08-13,US,South Dakota,Brule,46,0,0,43.71756379,-99.08118954,46015.0,868.4160845761752,0.0,46,46,0,0,46,46,5229,0,0,0,0,0
2020-08-13,US,South Dakota,Buffalo,109,3,0,44.07657829,-99.20814467,46017.0,5555.555555555556,2.7522935779816518,106,109,3,0,106,109,2036,0,0,0,0,0
2020-08-13,US,South Dakota,Butte,18,1,0,44.90608745,-103.5079318,46019.0,172.59564675424298,5.5555555555555545,17,18,1,0,17,18,10222,0,0,0,0,0
2020-08-13,US,South Dakota,Campbell,3,0,0,45.77074915,-100.0510181,46021.0,218.02325581395348,0.0,3,3,0,0,3,3,1377,0,0,0,0,0
2020-08-13,US,South Dakota,Charles Mix,103,0,0,43.20660134,-98.58856175,46023.0,1108.4804132587171,0.0,103,103,0,0,103,103,9338,0,0,0,0,0
2020-08-13,US,South Dakota,Clark,17,0,0,44.85834507,-97.72925109,46025.0,455.0321199143468,0.0,17,16,0,0,16,16,3739,1,0,0,1,0
2020-08-13,US,South Dakota,Clay,135,0,0,42.91296147,-96.97656917,46027.0,959.4882729211087,0.0,135,132,0,0,132,131,14041,3,0,0,3,1
2020-08-13,US,South Dakota,Codington,147,1,0,44.97788119,-97.18827677,46029.0,524.8313042236424,0.6802721088435374,146,143,1,0,142,138,28015,4,0,0,4,5
2020-08-13,US,South Dakota,Corson,37,0,0,45.70889983,-101.1970473,46031.0,905.5310817425354,0.0,37,37,0,0,37,36,4165,0,0,0,0,1
2020-08-13,US,South Dakota,Custer,36,0,0,43.67741105,-103.45345209999999,46033.0,401.2483281319661,0.0,36,36,0,0,36,36,8726,0,0,0,0,0
2020-08-13,US,South Dakota,Davison,99,1,0,43.67490933,-98.14458906,46035.0,500.6321112515803,1.0101010101010102,98,96,1,0,95,96,19790,3,0,0,3,0
2020-08-13,US,South Dakota,Day,24,0,0,45.367281,-97.60737498,46037.0,442.4778761061947,0.0,24,23,0,0,23,23,5505,1,0,0,1,0
2020-08-13,US,South Dakota,Deuel,13,0,0,44.75994309,-96.66943645,46039.0,298.7818892208688,0.0,13,11,0,0,11,11,4337,2,0,0,2,0
2020-08-13,US,South Dakota,Dewey,49,0,0,45.15639647,-100.8709139,46041.0,831.6361167684996,0.0,49,49,0,0,49,48,5904,0,0,0,0,1
2020-08-13,US,South Dakota,Douglas,19,0,0,43.38520741,-98.36978007,46043.0,650.4621704895584,0.0,19,19,0,0,19,19,2935,0,0,0,0,0
2020-08-13,US,South Dakota,Edmunds,18,0,0,45.41846445,-99.21545423,46045.0,470.09663097414483,0.0,18,18,0,0,18,17,3875,0,0,0,0,1
2020-08-13,US,South Dakota,Fall River,22,0,0,43.23929297,-103.5275691,46047.0,327.7223298078356,0.0,22,22,0,0,22,22,6758,0,0,0,0,0
2020-08-13,US,South Dakota,Faulk,29,1,0,45.07082625,-99.14535601,46049.0,1261.418007829491,3.4482758620689653,28,28,1,0,27,27,2330,1,0,0,1,1
2020-08-13,US,South Dakota,Grant,28,0,0,45.1723937,-96.77002276,46051.0,397.05048213272835,0.0,28,27,0,0,27,27,7147,1,0,0,1,0
2020-08-13,US,South Dakota,Gregory,7,0,0,43.19419064,-99.18883902,46053.0,167.26403823178018,0.0,7,7,0,0,7,7,4212,0,0,0,0,0
2020-08-13,US,South Dakota,Haakon,2,0,0,44.29299053,-101.539099,46055.0,105.318588730911,0.0,2,2,0,0,2,2,1918,0,0,0,0,0
2020-08-13,US,South Dakota,Hamlin,25,0,0,44.67385954,-97.18829593,46057.0,405.58079169370535,0.0,25,24,0,0,24,22,6111,1,0,0,1,2
2020-08-13,US,South Dakota,Hand,10,0,0,44.54708407,-99.00386459,46059.0,313.3813851457224,0.0,10,9,0,0,9,8,3262,1,0,0,1,1
2020-08-13,US,South Dakota,Hanson,22,0,0,43.6746384,-97.78715148,46061.0,637.1271358239213,0.0,22,21,0,0,21,21,3376,1,0,0,1,0
2020-08-13,US,South Dakota,Harding,2,0,0,45.58015551,-103.4958629,46063.0,154.08320493066256,0.0,2,,,,,,1249,,,,,
2020-08-13,US,South Dakota,Hughes,93,3,0,44.39091534,-99.99661148,46065.0,530.640191715166,3.2258064516129035,90,93,2,0,91,93,17650,0,1,0,-1,0
2020-08-13,US,South Dakota,Hutchinson,29,0,0,43.33449012,-97.75536441,46067.0,397.750651488136,0.0,29,30,0,0,30,29,7380,-1,0,0,-1,1
2020-08-13,US,South Dakota,Hyde,4,0,0,44.54747703,-99.48572582,46069.0,307.455803228286,0.0,4,4,0,0,4,3,1282,0,0,0,0,1
2020-08-13,US,South Dakota,Jackson,11,1,0,43.69318385,-101.6255063,46071.0,328.9473684210526,9.090909090909092,10,11,1,0,10,11,3307,0,0,0,0,0
2020-08-13,US,South Dakota,Jerauld,39,1,0,44.06637798,-98.62965972,46073.0,1937.4068554396426,2.5641025641025643,38,39,1,0,38,39,2043,0,0,0,0,0
2020-08-13,US,South Dakota,Jones,2,0,0,43.96278565,-100.6940008,46075.0,221.48394241417492,0.0,2,2,0,0,2,2,928,0,0,0,0,0
2020-08-13,US,South Dakota,Kingsbury,14,0,0,44.36956169,-97.4913945,46077.0,283.4581899169873,0.0,14,14,0,0,14,14,4919,0,0,0,0,0
2020-08-13,US,South Dakota,Lake,100,2,0,44.02193107,-97.12926365,46079.0,781.4331483941548,2.0,98,95,2,0,93,94,13057,5,0,0,5,1
2020-08-13,US,South Dakota,Lawrence,62,0,0,44.35919441,-103.79294279999999,46081.0,239.90094412629622,0.0,62,62,0,0,62,61,25741,0,0,0,0,1
2020-08-13,US,South Dakota,Lincoln,672,2,0,43.27841182,-96.72039050000001,46083.0,1099.332548095799,0.2976190476190476,670,667,2,0,665,653,58807,5,0,0,5,14
2020-08-13,US,South Dakota,Lyman,91,3,0,43.89522709,-99.85201878,46085.0,2406.770695583179,3.2967032967032965,88,90,3,0,87,90,3821,1,0,0,1,0
2020-08-13,US,South Dakota,Marshall,12,0,0,45.75870838,-97.59855639,46091.0,243.161094224924,0.0,12,10,0,0,10,9,5112,2,0,0,2,1
2020-08-13,US,South Dakota,McCook,30,1,0,43.6742571,-97.36863144,46087.0,537.0569280343716,3.333333333333333,29,30,1,0,29,29,5546,0,0,0,0,1
2020-08-13,US,South Dakota,McPherson,8,0,0,45.76626028,-99.22118798,46089.0,336.27574611181166,0.0,8,8,0,0,8,8,2407,0,0,0,0,0
2020-08-13,US,South Dakota,Meade,98,1,0,44.56676791,-102.71627409999999,46093.0,345.8986305237893,1.020408163265306,97,97,1,0,96,96,28294,1,0,0,1,1
2020-08-13,US,South Dakota,Mellette,24,0,0,43.58078848,-100.7563186,46095.0,1164.4832605531294,0.0,24,24,0,0,24,24,2042,0,0,0,0,0
2020-08-13,US,South Dakota,Miner,15,0,0,44.02197882,-97.60992207,46097.0,676.8953068592058,0.0,15,15,0,0,15,15,2213,0,0,0,0,0
2020-08-13,US,South Dakota,Minnehaha,4521,68,0,43.67441641,-96.7910885,46099.0,2340.8617850818605,1.5040920150409198,4453,4498,68,0,4430,4457,192876,23,0,0,23,41
2020-08-13,US,South Dakota,Moody,32,0,0,44.02266214,-96.67081159,46101.0,486.61800486618006,0.0,32,32,0,0,32,32,6579,0,0,0,0,0
2020-08-13,US,South Dakota,Oglala Lakota,157,2,0,43.33749164,-102.55554980000001,46102.0,1107.427523453481,1.2738853503184713,155,156,2,0,154,156,14309,1,0,0,1,0
2020-08-13,US,South Dakota,Pennington,915,32,0,44.0025835,-102.8240777,46103.0,804.2188529993408,3.4972677595628414,883,910,32,0,878,898,111729,5,0,0,5,12
2020-08-13,US,South Dakota,Perkins,6,0,0,45.49049506,-102.47555859999999,46105.0,209.42408376963348,0.0,6,6,0,0,6,6,2922,0,0,0,0,0
2020-08-13,US,South Dakota,Potter,2,0,0,45.06583079,-99.95498503,46107.0,92.89363678588016,0.0,2,1,0,0,1,1,2207,1,0,0,1,0
2020-08-13,US,South Dakota,Roberts,80,1,0,45.62975048,-96.94672673,46109.0,769.6748123917645,1.25,79,80,1,0,79,80,10447,0,0,0,0,0
2020-08-13,US,South Dakota,Sanborn,13,0,0,44.02351092,-98.09098159999999,46111.0,554.6075085324234,0.0,13,13,0,0,13,13,2429,0,0,0,0,0
2020-08-13,US,South Dakota,Spink,26,0,0,44.93837606,-98.34626602,46115.0,407.7791718946048,0.0,26,26,0,0,26,26,6495,0,0,0,0,0
2020-08-13,US,South Dakota,Stanley,14,0,0,44.41381872,-100.7349153,46117.0,451.9044544867656,0.0,14,14,0,0,14,14,3022,0,0,0,0,0
2020-08-13,US,South Dakota,Sully,3,0,0,44.71571812,-100.1278092,46119.0,215.67217828900073,0.0,3,3,0,0,3,3,1392,0,0,0,0,0
2020-08-13,US,South Dakota,Todd,74,5,0,43.19338568,-100.71955030000001,46121.0,727.1298024958238,6.756756756756758,69,73,5,0,68,69,10283,1,0,0,1,4
2020-08-13,US,South Dakota,Tripp,20,0,0,43.34459388,-99.8854891,46123.0,367.5794890645102,0.0,20,20,0,0,20,20,5478,0,0,0,0,0
2020-08-13,US,South Dakota,Turner,56,0,0,43.3109081,-97.14865776,46125.0,667.9389312977099,0.0,56,53,0,0,53,52,8424,3,0,0,3,1
2020-08-13,US,South Dakota,Union,220,4,0,42.83112163,-96.6557828,46127.0,1380.8686919407482,1.818181818181818,216,217,4,0,213,216,15619,3,0,0,3,1
2020-08-13,US,South Dakota,Walworth,18,0,0,45.43019636,-100.03075140000001,46129.0,331.1867525298988,0.0,18,18,0,0,18,18,5587,0,0,0,0,0
2020-08-13,US,South Dakota,Yankton,128,2,0,43.00924485,-97.39467635,46135.0,561.0589988603489,1.5625,126,125,2,0,123,119,22869,3,0,0,3,6
2020-08-13,US,South Dakota,Ziebach,35,0,0,44.97881876,-101.6654622,46137.0,1269.956458635704,0.0,35,35,0,0,35,35,2742,0,0,0,0,0
2020-08-13,US,Tennessee,Anderson,722,7,0,36.12684348,-84.19965764,47001.0,937.9303177531244,0.969529085872576,715,711,6,0,705,698,76482,11,1,0,10,13
2020-08-13,US,Tennessee,Bedford,955,11,0,35.51123746,-86.45549096,47003.0,1921.026693219077,1.1518324607329844,944,940,11,0,929,930,49038,15,0,0,15,10
2020-08-13,US,Tennessee,Benton,173,1,0,36.07110411,-88.06849355,47005.0,1070.5445544554455,0.5780346820809249,172,161,1,0,160,158,16184,12,0,0,12,3
2020-08-13,US,Tennessee,Bledsoe,727,2,0,35.59942968,-85.20611967,47007.0,4826.075411577272,0.2751031636863824,725,717,2,0,715,716,14755,10,0,0,10,1
2020-08-13,US,Tennessee,Blount,1373,15,0,35.68938198,-83.92847788,47009.0,1031.6482327482568,1.0924981791697017,1358,1333,15,0,1318,1324,131349,40,0,0,40,9
2020-08-13,US,Tennessee,Bradley,2066,15,0,35.15739424,-84.857186,47011.0,1911.0165572102487,0.7260406582768635,2051,2013,15,0,1998,1991,106727,53,0,0,53,22
2020-08-13,US,Tennessee,Campbell,261,1,0,36.40355516,-84.15108559999999,47013.0,655.0875960042166,0.3831417624521073,260,257,1,0,256,254,39583,4,0,0,4,3
2020-08-13,US,Tennessee,Cannon,159,0,0,35.80990797,-86.05738983,47015.0,1083.2538492982694,0.0,159,157,0,0,157,154,14462,2,0,0,2,3
2020-08-13,US,Tennessee,Carroll,352,6,0,35.97366108,-88.45189331,47017.0,1267.691864443404,1.7045454545454546,346,341,5,0,336,330,28020,11,1,0,10,11
2020-08-13,US,Tennessee,Carter,593,6,0,36.28969086,-82.12588974,47019.0,1051.5862460321682,1.011804384485666,587,564,6,0,558,532,56351,29,0,0,29,32
2020-08-13,US,Tennessee,Cheatham,622,9,0,36.26136216,-87.08903581,47021.0,1529.4956598716406,1.4469453376205788,613,607,9,0,598,601,40439,15,0,0,15,6
2020-08-13,US,Tennessee,Chester,240,2,0,35.42527478,-88.6095842,47023.0,1387.5238480661385,0.8333333333333334,238,230,2,0,228,225,17276,10,0,0,10,5
2020-08-13,US,Tennessee,Claiborne,296,0,0,36.48319149,-83.65947309,47025.0,926.1866766794957,0.0,296,281,0,0,281,277,31756,15,0,0,15,4
2020-08-13,US,Tennessee,Clay,84,0,0,36.55151008,-85.53930419,47027.0,1103.086014445174,0.0,84,83,0,0,83,79,7717,1,0,0,1,4
2020-08-13,US,Tennessee,Cocke,514,5,0,35.9278914,-83.11828725,47029.0,1427.619153427397,0.9727626459143968,509,485,5,0,480,482,35774,29,0,0,29,3
2020-08-13,US,Tennessee,Coffee,584,3,0,35.49090731,-86.07311784,47031.0,1033.2625619249823,0.5136986301369864,581,573,3,0,570,558,55700,11,0,0,11,15
2020-08-13,US,Tennessee,Crockett,285,5,0,35.81830662,-89.14916269,47033.0,2002.810962754744,1.7543859649122806,280,277,5,0,272,274,14328,8,0,0,8,3
2020-08-13,US,Tennessee,Cumberland,502,7,0,35.95271721,-84.99840585,47035.0,829.477858559154,1.3944223107569722,495,483,6,0,477,463,59673,19,1,0,18,20
2020-08-13,US,Tennessee,Davidson,21280,221,0,36.17007426,-86.78646056,47037.0,3065.6463212244153,1.0385338345864659,21059,21044,221,0,20823,20865,692587,236,0,0,236,179
2020-08-13,US,Tennessee,DeKalb,379,1,0,35.97616272,-85.83689361,47041.0,1849.6827720839435,0.2638522427440633,378,369,1,0,368,366,20138,10,0,0,10,3
2020-08-13,US,Tennessee,Decatur,226,3,0,35.60048904,-88.11043779,47039.0,1937.751864871817,1.327433628318584,223,218,3,0,215,215,11706,8,0,0,8,3
2020-08-13,US,Tennessee,Dickson,743,3,0,36.14669837,-87.35891709,47043.0,1377.2521687550973,0.4037685060565276,740,718,3,0,715,705,53446,25,0,0,25,13
2020-08-13,US,Tennessee,Dyer,696,9,0,36.05931946,-89.41542855,47045.0,1873.032105277321,1.293103448275862,687,679,8,0,671,668,37320,17,1,0,16,11
2020-08-13,US,Tennessee,Fayette,725,8,0,35.19615831,-89.41399032,47047.0,1762.5750613862353,1.1034482758620692,717,718,8,0,710,704,40507,7,0,0,7,14
2020-08-13,US,Tennessee,Fentress,104,0,0,36.38128818,-84.92870012,47049.0,561.4641256815852,0.0,104,98,0,0,98,96,18217,6,0,0,6,2
2020-08-13,US,Tennessee,Franklin,359,4,0,35.15634626,-86.09201039,47051.0,850.5496588324487,1.1142061281337048,355,343,4,0,339,338,41890,16,0,0,16,5
2020-08-13,US,Tennessee,Gibson,765,9,0,35.99438059,-88.93358327,47053.0,1556.9983514135104,1.1764705882352942,756,749,8,0,741,735,49045,16,1,0,15,14
2020-08-13,US,Tennessee,Giles,402,13,0,35.20222469,-87.03992678,47055.0,1364.3768666847682,3.2338308457711444,389,391,13,0,378,387,29503,11,0,0,11,4
2020-08-13,US,Tennessee,Grainger,212,0,0,36.27469206,-83.51254721,47057.0,909.0909090909092,0.0,212,206,0,0,206,204,23145,6,0,0,6,2
2020-08-13,US,Tennessee,Greene,552,9,0,36.17470125,-82.84691273,47059.0,799.2007992007992,1.6304347826086956,543,524,9,0,515,504,69087,28,0,0,28,20
2020-08-13,US,Tennessee,Grundy,124,2,0,35.38433717,-85.72142731,47061.0,923.5123259104788,1.6129032258064515,122,122,2,0,120,118,13346,2,0,0,2,4
2020-08-13,US,Tennessee,Hamblen,1456,15,0,36.21990035,-83.26586179,47063.0,2242.276773339083,1.03021978021978,1441,1425,15,0,1410,1420,64569,31,0,0,31,5
2020-08-13,US,Tennessee,Hamilton,6547,56,0,35.17670231,-85.16652245,47065.0,1780.0241432937107,0.8553535970673591,6491,6408,55,0,6353,6315,364286,139,1,0,138,93
2020-08-13,US,Tennessee,Hancock,83,2,0,36.52692871,-83.22375847,47067.0,1253.7764350453172,2.409638554216868,81,82,2,0,80,81,6549,1,0,0,1,1
2020-08-13,US,Tennessee,Hardeman,975,18,0,35.20772017,-88.99161161,47069.0,3892.215568862276,1.8461538461538465,957,968,18,0,950,942,25220,7,0,0,7,26
2020-08-13,US,Tennessee,Hardin,493,8,0,35.19732531,-88.18593755,47071.0,1921.8774364571964,1.6227180527383367,485,486,8,0,478,479,25776,7,0,0,7,7
2020-08-13,US,Tennessee,Hawkins,520,10,0,36.44355426,-82.94885298,47073.0,915.718663050752,1.9230769230769231,510,500,10,0,490,485,56530,20,0,0,20,15
2020-08-13,US,Tennessee,Haywood,547,7,0,35.58332824,-89.28536625,47075.0,3161.1188164586224,1.279707495429616,540,522,7,0,515,510,17335,25,0,0,25,12
2020-08-13,US,Tennessee,Henderson,636,2,0,35.65581134,-88.38600175,47077.0,2261.9767400505034,0.31446540880503143,634,626,2,0,624,613,27847,10,0,0,10,13
2020-08-13,US,Tennessee,Henry,307,1,0,36.33160906,-88.30121797,47079.0,949.1420621425259,0.3257328990228013,306,303,0,0,303,299,32358,4,1,0,3,4
2020-08-13,US,Tennessee,Hickman,290,1,0,35.80609681,-87.47643507,47081.0,1151.7991897688455,0.3448275862068966,289,276,0,0,276,272,25063,14,1,0,13,4
2020-08-13,US,Tennessee,Houston,63,0,0,36.28872054,-87.71878828,47083.0,768.1990001219364,0.0,63,62,0,0,62,61,8263,1,0,0,1,1
2020-08-13,US,Tennessee,Humphreys,131,3,0,36.03958805,-87.77992872,47085.0,704.9833171886772,2.2900763358778624,128,131,3,0,128,129,18486,0,0,0,0,2
2020-08-13,US,Tennessee,Jackson,137,1,0,36.36380466,-85.67239905,47087.0,1162.3960631257426,0.7299270072992701,136,131,1,0,130,130,11758,6,0,0,6,1
2020-08-13,US,Tennessee,Jefferson,616,4,0,36.04818632,-83.45148924,47089.0,1130.378933847142,0.6493506493506493,612,596,4,0,592,587,54012,20,0,0,20,9
2020-08-13,US,Tennessee,Johnson,318,0,0,36.45523950000001,-81.84886538,47091.0,1787.7220598156061,0.0,318,307,0,0,307,288,17778,11,0,0,11,19
2020-08-13,US,Tennessee,Knox,4946,41,0,35.99508821,-83.94635435,47093.0,1051.6400779906148,0.8289526890416499,4905,4852,40,0,4812,4750,465289,94,1,0,93,102
2020-08-13,US,Tennessee,Lake,798,0,0,36.34180170000001,-89.48921915,47095.0,11374.002280501709,0.0,798,796,0,0,796,794,7411,2,0,0,2,2
2020-08-13,US,Tennessee,Lauderdale,535,9,0,35.75893438,-89.63015909999999,47097.0,2087.15327897632,1.6822429906542056,526,523,9,0,514,522,25825,12,0,0,12,1
2020-08-13,US,Tennessee,Lawrence,613,7,0,35.21675201,-87.39787695,47099.0,1388.7001042091433,1.1419249592169658,606,593,7,0,586,584,43734,20,0,0,20,9
2020-08-13,US,Tennessee,Lewis,80,1,0,35.52853208,-87.49022694,47101.0,652.1030322791001,1.25,79,76,1,0,75,74,12086,4,0,0,4,2
2020-08-13,US,Tennessee,Lincoln,325,1,0,35.13738622,-86.58910106,47103.0,945.7021474713381,0.3076923076923077,324,320,1,0,319,315,34117,5,0,0,5,5
2020-08-13,US,Tennessee,Loudon,779,3,0,35.73939663,-84.31145275,47105.0,1440.7782792039654,0.3851091142490372,776,774,3,0,771,754,53054,5,0,0,5,20
2020-08-13,US,Tennessee,Macon,873,13,0,36.53157855,-86.00778595,47111.0,3548.4919925209333,1.4891179839633448,860,870,13,0,857,867,24265,3,0,0,3,3
2020-08-13,US,Tennessee,Madison,1244,23,0,35.61181957,-88.84076036,47113.0,1269.5950359242324,1.8488745980707395,1221,1222,21,0,1201,1189,97605,22,2,0,20,33
2020-08-13,US,Tennessee,Marion,239,5,0,35.12997174,-85.62265895,47115.0,826.7893589787941,2.092050209205021,234,230,5,0,225,228,28575,9,0,0,9,2
2020-08-13,US,Tennessee,Marshall,325,4,0,35.45798777,-86.76420988,47117.0,945.4545454545456,1.2307692307692308,321,310,4,0,306,305,33683,15,0,0,15,5
2020-08-13,US,Tennessee,Maury,1329,9,0,35.618741299999996,-87.07462444,47119.0,1378.8166453982385,0.6772009029345373,1320,1299,8,0,1291,1284,94340,30,1,0,29,15
2020-08-13,US,Tennessee,McMinn,583,20,0,35.42812616,-84.61520715,47107.0,1083.7639885489086,3.4305317324185247,563,567,20,0,547,559,53285,16,0,0,16,8
2020-08-13,US,Tennessee,McNairy,400,6,0,35.17468549,-88.5647812,47109.0,1556.7836849069822,1.5,394,397,6,0,391,388,25832,3,0,0,3,9
2020-08-13,US,Tennessee,Meigs,113,0,0,35.51558739,-84.81482914,47121.0,909.6763806150377,0.0,113,109,0,0,109,108,12306,4,0,0,4,1
2020-08-13,US,Tennessee,Monroe,469,10,0,35.44550387,-84.24902965,47123.0,1007.6270276076916,2.1321961620469083,459,458,9,0,449,451,46357,11,1,0,10,7
2020-08-13,US,Tennessee,Montgomery,2041,15,0,36.49609412,-87.38550661,47125.0,976.5877326034844,0.7349338559529642,2026,2015,14,0,2001,1986,205950,26,1,0,25,29
2020-08-13,US,Tennessee,Moore,68,0,0,35.27724699,-86.36230578,47127.0,1048.0887792848334,0.0,68,64,0,0,64,60,6411,4,0,0,4,4
2020-08-13,US,Tennessee,Morgan,133,1,0,36.13248031,-84.64880098,47129.0,621.4082138018035,0.7518796992481203,132,130,1,0,129,127,21579,3,0,0,3,3
2020-08-13,US,Tennessee,Obion,619,4,0,36.35732446,-89.14921589,47131.0,2058.598556653031,0.6462035541195477,615,598,4,0,594,588,30267,21,0,0,21,10
2020-08-13,US,Tennessee,Out of TN,3024,19,0,0.0,0.0,80047.0,0.0,0.6283068783068783,3005,2904,18,0,2886,2952,,120,1,0,119,-48
2020-08-13,US,Tennessee,Overton,235,1,0,36.34117832,-85.28989535,47133.0,1056.6071669439323,0.425531914893617,234,221,1,0,220,209,22068,14,0,0,14,12
2020-08-13,US,Tennessee,Perry,84,0,0,35.63708728,-87.86139634,47135.0,1040.1188707280833,0.0,84,83,0,0,83,81,8064,1,0,0,1,2
2020-08-13,US,Tennessee,Pickett,40,1,0,36.55606529,-85.07763299999998,47137.0,792.3930269413629,2.5,39,40,1,0,39,39,5082,0,0,0,0,1
2020-08-13,US,Tennessee,Polk,224,5,0,35.12245443,-84.52075859,47139.0,1330.7984790874525,2.232142857142857,219,213,4,0,209,213,16898,11,1,0,10,0
2020-08-13,US,Tennessee,Putnam,1878,20,0,36.14005459,-85.50646123,47141.0,2340.332731011278,1.064962726304579,1858,1840,18,0,1822,1800,78843,38,2,0,36,40
2020-08-13,US,Tennessee,Rhea,566,2,0,35.60536161,-84.93076643,47143.0,1706.5155124069104,0.353356890459364,564,547,2,0,545,544,33044,19,0,0,19,3
2020-08-13,US,Tennessee,Roane,510,2,0,35.84923189,-84.52458689,47145.0,955.3782173766436,0.392156862745098,508,496,2,0,494,488,53140,14,0,0,14,8
2020-08-13,US,Tennessee,Robertson,1596,21,0,36.52454807,-86.87346725,47147.0,2222.4388341943663,1.3157894736842106,1575,1587,20,0,1567,1578,71012,9,1,0,8,9
2020-08-13,US,Tennessee,Rutherford,6834,55,0,35.84591405,-86.4107263,47149.0,2056.6682215567957,0.8047995317529997,6779,6719,56,0,6663,6629,324890,115,-1,0,116,90
2020-08-13,US,Tennessee,Scott,130,2,0,36.42325673,-84.50360494,47151.0,589.0882726119268,1.5384615384615383,128,124,2,0,122,124,22039,6,0,0,6,0
2020-08-13,US,Tennessee,Sequatchie,115,1,0,35.36979721,-85.41022136,47153.0,765.3400771995207,0.8695652173913043,114,113,1,0,112,113,14876,2,0,0,2,0
2020-08-13,US,Tennessee,Sevier,1947,9,0,35.78077323,-83.52244332,47155.0,1981.679389312977,0.4622496147919877,1938,1916,9,0,1907,1902,97892,31,0,0,31,14
2020-08-13,US,Tennessee,Shelby,23943,319,0,35.1864775,-89.89692423,47157.0,2554.830200839553,1.3323309526792801,23624,23785,315,0,23470,23625,935764,158,4,0,154,160
2020-08-13,US,Tennessee,Smith,467,4,0,36.25359775,-85.95411046,47159.0,2316.8130178101896,0.8565310492505354,463,461,4,0,457,458,19942,6,0,0,6,3
2020-08-13,US,Tennessee,Stewart,79,0,0,36.50235092,-87.83920548,47161.0,576.0116660590594,0.0,79,79,0,0,79,79,13561,0,0,0,0,0
2020-08-13,US,Tennessee,Sullivan,1106,15,0,36.51240691,-82.30412917,47163.0,698.4616161871321,1.3562386980108498,1091,1075,15,0,1060,1048,157668,31,0,0,31,27
2020-08-13,US,Tennessee,Sumner,3538,73,0,36.46824103,-86.45917204,47165.0,1849.6154911832211,2.063312605992086,3465,3501,73,0,3428,3473,187149,37,0,0,37,28
2020-08-13,US,Tennessee,Tipton,1233,12,0,35.501942,-89.73694895,47167.0,2001.6558710368674,0.97323600973236,1221,1217,10,0,1207,1217,61581,16,2,0,14,0
2020-08-13,US,Tennessee,Trousdale,1583,6,0,36.39026213,-86.16087954,47169.0,14028.71322226161,0.3790271636133923,1577,1583,6,0,1577,1583,11012,0,0,0,0,0
2020-08-13,US,Tennessee,Unassigned,3151,3,0,0.0,0.0,90047.0,0.0,0.0952078705172961,3148,3124,3,0,3121,3117,,27,0,0,27,7
2020-08-13,US,Tennessee,Unicoi,180,0,0,36.10890856,-82.43709629,47171.0,1006.5425264217412,0.0,180,175,0,0,175,168,17761,5,0,0,5,7
2020-08-13,US,Tennessee,Union,166,0,0,36.28590426,-83.83651902,47173.0,831.163629080713,0.0,166,165,0,0,165,162,19688,1,0,0,1,3
2020-08-13,US,Tennessee,Van Buren,39,0,0,35.69864497,-85.45221699,47175.0,664.1689373297003,0.0,39,37,0,0,37,36,5765,2,0,0,2,1
2020-08-13,US,Tennessee,Warren,567,4,0,35.672829899999996,-85.77969117,47177.0,1373.6463405770771,0.7054673721340388,563,545,4,0,541,540,40878,22,0,0,22,5
2020-08-13,US,Tennessee,Washington,1382,2,0,36.29472368,-82.49454720000001,47179.0,1068.2125603864733,0.1447178002894356,1380,1352,2,0,1350,1291,128607,30,0,0,30,61
2020-08-13,US,Tennessee,Wayne,231,2,0,35.23868267,-87.78644456,47181.0,1385.4735200623763,0.8658008658008658,229,230,2,0,228,229,16558,1,0,0,1,1
2020-08-13,US,Tennessee,Weakley,529,5,0,36.29896232,-88.71990865,47183.0,1587.2539606337016,0.9451795841209829,524,503,4,0,499,482,33415,26,1,0,25,21
2020-08-13,US,Tennessee,White,315,5,0,35.92929884,-85.45591799,47185.0,1151.947339550192,1.5873015873015872,310,310,5,0,305,294,27107,5,0,0,5,16
2020-08-13,US,Tennessee,Williamson,3702,25,0,35.89099229,-86.89281867,47187.0,1552.7741892186637,0.6753106428957321,3677,3656,26,0,3630,3607,231729,46,-1,0,47,49
2020-08-13,US,Tennessee,Wilson,2411,23,0,36.15496772,-86.29775884,47189.0,1666.701231188259,0.953961012028204,2388,2374,23,0,2351,2339,140625,37,0,0,37,35
2020-08-13,US,Texas,Anderson,2437,14,0,31.81534745,-95.65354823,48001.0,4221.009786091626,0.5744768157570784,2423,2428,14,0,2414,2406,58057,9,0,0,9,22
2020-08-13,US,Texas,Andrews,316,7,0,32.30468633,-102.63765479999999,48003.0,1689.3878642074317,2.2151898734177213,309,304,7,0,297,304,18128,12,0,0,12,0
2020-08-13,US,Texas,Angelina,1869,49,0,31.25457347,-94.60901487,48005.0,2155.336446981491,2.621722846441948,1820,1869,47,0,1822,1828,87092,0,2,0,-2,41
2020-08-13,US,Texas,Aransas,183,16,0,28.10556197,-96.9995047,48007.0,778.3921735431733,8.743169398907106,167,183,16,0,167,182,23792,0,0,0,0,1
2020-08-13,US,Texas,Archer,29,0,0,33.61569967,-98.68754589,48009.0,339.0623173155618,0.0,29,28,0,0,28,27,8786,1,0,0,1,1
2020-08-13,US,Texas,Armstrong,8,0,0,34.96507426,-101.35748740000001,48011.0,423.9533651298357,0.0,8,8,0,0,8,8,1892,0,0,0,0,0
2020-08-13,US,Texas,Atascosa,499,19,0,28.89333001,-98.52730485,48013.0,975.5048579750943,3.8076152304609217,480,487,19,0,468,456,50310,12,0,0,12,31
2020-08-13,US,Texas,Austin,297,4,0,29.88548725,-96.27736949,48015.0,988.9451251997867,1.3468013468013469,293,287,4,0,283,269,29989,10,0,0,10,18
2020-08-13,US,Texas,Bailey,180,4,0,34.06854817,-102.8299707,48017.0,2571.428571428572,2.2222222222222223,176,179,4,0,175,175,7027,1,0,0,1,4
2020-08-13,US,Texas,Bandera,95,3,0,29.74619598,-99.24598147,48019.0,411.0418830044998,3.1578947368421053,92,93,3,0,90,92,22824,2,0,0,2,1
2020-08-13,US,Texas,Bastrop,1409,23,0,30.10370699,-97.31206354,48021.0,1588.0887706682595,1.6323633782824698,1386,1390,22,0,1368,1375,86976,19,1,0,18,15
2020-08-13,US,Texas,Baylor,13,0,0,33.61640794,-99.21352901,48023.0,370.4759190652608,0.0,13,12,0,0,12,12,3582,1,0,0,1,0
2020-08-13,US,Texas,Bee,1303,13,0,28.41761668,-97.74215593,48025.0,4001.228312605557,0.997697620874904,1290,1277,12,0,1265,1246,32587,26,1,0,25,31
2020-08-13,US,Texas,Bell,4071,46,0,31.03736027,-97.4785025,48027.0,1121.72245428795,1.1299435028248588,4025,4036,44,0,3992,3957,355642,35,2,0,33,79
2020-08-13,US,Texas,Bexar,43673,850,0,29.44928723,-98.52019748,48029.0,2179.776537093585,1.9462826002335536,42823,43455,826,0,42629,43164,1986049,218,24,0,194,291
2020-08-13,US,Texas,Blanco,114,5,0,30.26640707,-98.3999852,48031.0,955.4940910233844,4.385964912280701,109,114,5,0,109,114,11702,0,0,0,0,0
2020-08-13,US,Texas,Bosque,178,2,0,31.89978581,-97.63613524,48035.0,952.6358041209528,1.1235955056179776,176,174,2,0,172,166,18691,4,0,0,4,8
2020-08-13,US,Texas,Bowie,774,36,0,33.44626922,-94.41834132,48037.0,830.0713174969168,4.651162790697675,738,775,36,0,739,762,94324,-1,0,0,-1,13
2020-08-13,US,Texas,Brazoria,7789,105,0,29.18757369,-95.44563172,48039.0,2081.1512728982752,1.3480549492874567,7684,7591,100,0,7491,7591,370200,198,5,0,193,0
2020-08-13,US,Texas,Brazos,4147,50,0,30.663644800000004,-96.30205577,48041.0,1809.2499923651133,1.2056908608632746,4097,4107,49,0,4058,4092,226758,40,1,0,39,15
2020-08-13,US,Texas,Brewster,187,2,0,29.81008251,-103.25203259999999,48043.0,2031.9461045311316,1.0695187165775402,185,187,2,0,185,187,9267,0,0,0,0,0
2020-08-13,US,Texas,Briscoe,12,1,0,34.53026962,-101.2084947,48045.0,776.1966364812421,8.333333333333334,11,12,1,0,11,12,1516,0,0,0,0,0
2020-08-13,US,Texas,Brooks,143,4,0,27.03103197,-98.21808402,48047.0,2016.072183843225,2.797202797202797,139,135,4,0,131,135,7114,8,0,0,8,0
2020-08-13,US,Texas,Brown,403,17,0,31.77430356,-98.99907113,48049.0,1064.3355165856751,4.218362282878412,386,402,17,0,385,398,37924,1,0,0,1,4
2020-08-13,US,Texas,Burleson,248,6,0,30.49273808,-96.62158484,48051.0,1344.6836198015508,2.419354838709677,242,247,6,0,241,248,18389,1,0,0,1,-1
2020-08-13,US,Texas,Burnet,577,10,0,30.78801353,-98.181887,48053.0,1198.214100301111,1.733102253032929,567,571,10,0,561,567,47542,6,0,0,6,4
2020-08-13,US,Texas,Caldwell,1171,29,0,29.83668859,-97.61814775,48055.0,2681.84316599487,2.4765157984628523,1142,1163,28,0,1135,1158,43247,8,1,0,7,5
2020-08-13,US,Texas,Calhoun,551,6,0,28.47048236,-96.61633945,48057.0,2588.069516204791,1.088929219600726,545,547,6,0,541,546,21561,4,0,0,4,1
2020-08-13,US,Texas,Callahan,51,3,0,32.29760619,-99.37326312,48059.0,365.7749408305242,5.882352941176472,48,48,3,0,45,47,13994,3,0,0,3,1
2020-08-13,US,Texas,Cameron,17316,506,0,26.14524221,-97.48140372,48061.0,4092.0401830972933,2.922152922152922,16810,17069,485,0,16584,16906,423908,247,21,0,226,163
2020-08-13,US,Texas,Camp,247,6,0,32.97195142,-94.97790104,48063.0,1886.360164961051,2.42914979757085,241,239,6,0,233,242,13033,8,0,0,8,-3
2020-08-13,US,Texas,Carson,17,0,0,35.40365929,-101.35426690000001,48065.0,286.87141410732363,0.0,17,16,0,0,16,16,6005,1,0,0,1,0
2020-08-13,US,Texas,Cass,193,9,0,33.07499881,-94.34646905,48067.0,642.7762605741692,4.66321243523316,184,185,8,0,177,185,30119,8,1,0,7,0
2020-08-13,US,Texas,Castro,206,4,0,34.53016752,-102.2617243,48069.0,2735.723771580345,1.9417475728155342,202,205,4,0,201,205,7665,1,0,0,1,0
2020-08-13,US,Texas,Chambers,1008,4,0,29.70972016,-94.67154501,48071.0,2299.4274243219197,0.3968253968253968,1004,993,4,0,989,981,42454,15,0,0,15,12
2020-08-13,US,Texas,Cherokee,1184,9,0,31.837258000000002,-95.16559897,48073.0,2248.9837784447063,0.7601351351351351,1175,1167,8,0,1159,1151,52592,17,1,0,16,16
2020-08-13,US,Texas,Childress,50,0,0,34.529304100000004,-100.2077916,48075.0,684.369011771147,0.0,50,48,0,0,48,47,7291,2,0,0,2,1
2020-08-13,US,Texas,Clay,45,1,0,33.78686685,-98.20771198,48077.0,429.7583802884157,2.2222222222222223,44,43,1,0,42,43,10456,2,0,0,2,0
2020-08-13,US,Texas,Cochran,32,0,0,33.60425307,-102.82844990000001,48079.0,1121.626358219418,0.0,32,32,0,0,32,32,2836,0,0,0,0,0
2020-08-13,US,Texas,Coke,42,2,0,31.88911733,-100.5297533,48081.0,1240.0354295837026,4.761904761904762,40,42,2,0,40,42,3370,0,0,0,0,0
2020-08-13,US,Texas,Coleman,29,0,0,31.76736834,-99.45240766,48083.0,354.7400611620795,0.0,29,28,0,0,28,24,8397,1,0,0,1,4
2020-08-13,US,Texas,Collin,8445,94,0,33.18820114,-96.57264368,48085.0,816.1549389695862,1.1130846654825342,8351,8313,93,0,8220,8052,1005146,132,1,0,131,261
2020-08-13,US,Texas,Collingsworth,12,0,0,34.96489496,-100.27001109999999,48087.0,410.958904109589,0.0,12,12,0,0,12,12,2962,0,0,0,0,0
2020-08-13,US,Texas,Colorado,345,2,0,29.622097999999998,-96.5273805,48089.0,1605.1737775089566,0.5797101449275363,343,333,2,0,331,308,21217,12,0,0,12,25
2020-08-13,US,Texas,Comal,1993,77,0,29.80811278,-98.27647225,48091.0,1275.8547842953992,3.86352232814852,1916,1929,72,0,1857,1929,148373,64,5,0,59,0
2020-08-13,US,Texas,Comanche,171,3,0,31.94854689,-98.55876441,48093.0,1254.125412541254,1.7543859649122806,168,160,3,0,157,150,13534,11,0,0,11,10
2020-08-13,US,Texas,Concho,32,0,0,31.32635934,-99.86473038,48095.0,1173.881144534116,0.0,32,31,0,0,31,31,4276,1,0,0,1,0
2020-08-13,US,Texas,Cooke,256,3,0,33.63979567,-97.21240912,48097.0,620.5007635067989,1.171875,253,252,3,0,249,248,40574,4,0,0,4,4
2020-08-13,US,Texas,Coryell,710,5,0,31.39078397,-97.79936155,48099.0,934.8132348487841,0.7042253521126759,705,696,5,0,691,686,74808,14,0,0,14,10
2020-08-13,US,Texas,Cottle,18,2,0,34.07783319,-100.27850620000001,48101.0,1287.5536480686694,11.111111111111109,16,18,2,0,16,18,1389,0,0,0,0,0
2020-08-13,US,Texas,Crane,70,2,0,31.43052248,-102.5143314,48103.0,1459.245361684386,2.8571428571428568,68,71,2,0,69,70,4794,-1,0,0,-1,1
2020-08-13,US,Texas,Crockett,157,4,0,30.72367027,-101.4134238,48105.0,4532.332563510393,2.5477707006369426,153,156,3,0,153,158,3499,1,1,0,0,-2
2020-08-13,US,Texas,Crosby,65,1,0,33.61431553,-101.30003640000001,48107.0,1132.9963395502875,1.5384615384615383,64,63,1,0,62,63,5779,2,0,0,2,0
2020-08-13,US,Texas,Culberson,21,2,0,31.44506775,-104.5185739,48109.0,967.2961768770152,9.523809523809524,19,18,2,0,16,17,2204,3,0,0,3,1
2020-08-13,US,Texas,Dallam,196,6,0,36.27787176,-102.60207249999999,48111.0,2689.7214217098945,3.0612244897959178,190,195,5,0,190,193,7200,1,1,0,0,2
2020-08-13,US,Texas,Dallas,56428,807,0,32.76670599,-96.77796049999999,48113.0,2141.060801755709,1.4301410647196426,55621,55787,794,0,54993,55553,2637772,641,13,0,628,234
2020-08-13,US,Texas,Dawson,157,4,0,32.74255572,-101.94772420000001,48115.0,1233.5009428032683,2.5477707006369426,153,157,4,0,153,157,12619,0,0,0,0,0
2020-08-13,US,Texas,DeWitt,727,20,0,29.08101855,-97.35681170000001,48123.0,3606.150793650793,2.751031636863824,707,716,20,0,696,700,20187,11,0,0,11,16
2020-08-13,US,Texas,Deaf Smith,702,18,0,34.96522957,-102.6054267,48117.0,3785.182788741509,2.5641025641025643,684,680,18,0,662,674,18760,22,0,0,22,6
2020-08-13,US,Texas,Delta,17,0,0,33.38570922,-95.66921122,48119.0,318.88951416244606,0.0,17,17,0,0,17,17,5349,0,0,0,0,0
2020-08-13,US,Texas,Denton,8077,98,0,33.20521901,-97.11691153,48121.0,910.3850623360727,1.2133217778878296,7979,7959,95,0,7864,7867,859064,118,3,0,115,92
2020-08-13,US,Texas,Dickens,5,1,0,33.61616822,-100.7788855,48125.0,226.14201718679334,20.0,4,5,1,0,4,5,2249,0,0,0,0,0
2020-08-13,US,Texas,Dimmit,161,4,0,28.42270064,-99.75645095,48127.0,1590.2805215329904,2.4844720496894412,157,158,4,0,154,155,10308,3,0,0,3,3
2020-08-13,US,Texas,Donley,49,0,0,34.96517499,-100.8140093,48129.0,1494.8139109212937,0.0,49,49,0,0,49,49,3319,0,0,0,0,0
2020-08-13,US,Texas,Duval,193,7,0,27.68184592,-98.50864568,48131.0,1729.8556959756204,3.6269430051813467,186,191,6,0,185,188,11212,2,1,0,1,3
2020-08-13,US,Texas,Eastland,86,1,0,32.32743996,-98.83243566,48133.0,468.4095860566449,1.162790697674419,85,83,1,0,82,79,18322,3,0,0,3,4
2020-08-13,US,Texas,Ector,3716,57,0,31.86898877,-102.54294279999999,48135.0,2235.5510368601213,1.5339074273412272,3659,3670,57,0,3613,3616,162124,46,0,0,46,54
2020-08-13,US,Texas,Edwards,29,0,0,29.98202582,-100.304252,48137.0,1501.0351966873707,0.0,29,28,0,0,28,28,1928,1,0,0,1,0
2020-08-13,US,Texas,El Paso,17378,330,0,31.76980765,-106.23632749999999,48141.0,2070.687933577841,1.898952698814593,17048,17210,310,0,16900,16936,840758,168,20,0,148,274
2020-08-13,US,Texas,Ellis,3244,48,0,32.34894117,-96.79371841,48139.0,1755.1643167086881,1.4796547472256474,3196,3218,48,0,3170,3120,179436,26,0,0,26,98
2020-08-13,US,Texas,Erath,577,6,0,32.23602653,-98.21773417,48143.0,1351.3513513513512,1.0398613518197577,571,564,5,0,559,555,42446,13,1,0,12,9
2020-08-13,US,Texas,Falls,142,3,0,31.25350609,-96.93630086,48145.0,820.9516101057987,2.112676056338028,139,139,3,0,136,135,17335,3,0,0,3,4
2020-08-13,US,Texas,Fannin,310,8,0,33.59564294,-96.10751083,48147.0,872.8951962606296,2.5806451612903225,302,269,8,0,261,266,35286,41,0,0,41,3
2020-08-13,US,Texas,Fayette,403,14,0,29.87788372,-96.92076062,48149.0,1589.9944764459876,3.4739454094292803,389,390,14,0,376,390,25349,13,0,0,13,0
2020-08-13,US,Texas,Fisher,30,1,0,32.74281316,-100.40193020000001,48151.0,783.289817232376,3.333333333333333,29,29,1,0,28,29,3839,1,0,0,1,0
2020-08-13,US,Texas,Floyd,91,6,0,34.07227468,-101.3031546,48153.0,1593.1372549019613,6.593406593406592,85,90,6,0,84,91,5837,1,0,0,1,-1
2020-08-13,US,Texas,Foard,2,0,0,33.97308618,-99.7767797,48155.0,173.16017316017312,0.0,2,2,0,0,2,2,1200,0,0,0,0,0
2020-08-13,US,Texas,Fort Bend,10823,183,0,29.52704478,-95.77219463,48157.0,1333.394112023339,1.690843573870461,10640,10487,173,0,10314,10335,787858,336,10,0,326,152
2020-08-13,US,Texas,Franklin,92,2,0,33.17653242,-95.21917243,48159.0,857.8088578088579,2.1739130434782608,90,92,2,0,90,92,10766,0,0,0,0,0
2020-08-13,US,Texas,Freestone,172,0,0,31.70422788,-96.15072516,48161.0,872.3436628290308,0.0,172,164,0,0,164,162,19808,8,0,0,8,2
2020-08-13,US,Texas,Frio,563,6,0,28.86751206,-99.10804207,48163.0,2772.579533142913,1.0657193605683837,557,516,5,0,511,514,19816,47,1,0,46,2
2020-08-13,US,Texas,Gaines,186,3,0,32.74055318,-102.6353295,48165.0,865.4383026242322,1.6129032258064515,183,186,3,0,183,172,20901,0,0,0,0,14
2020-08-13,US,Texas,Galveston,9800,117,0,29.40167322,-94.90469073,48167.0,2864.332917323077,1.1938775510204085,9683,9707,116,0,9591,9605,337890,93,1,0,92,102
2020-08-13,US,Texas,Garza,100,3,0,33.17969345,-101.2984114,48169.0,1605.3941242575052,3.0,97,99,3,0,96,99,6578,1,0,0,1,0
2020-08-13,US,Texas,Gillespie,179,6,0,30.31824095,-98.94676915,48171.0,663.2577441825997,3.35195530726257,173,177,6,0,171,176,26804,2,0,0,2,1
2020-08-13,US,Texas,Glasscock,6,0,0,31.86942909,-101.5207776,48173.0,425.83392476934,0.0,6,6,0,0,6,6,1388,0,0,0,0,0
2020-08-13,US,Texas,Goliad,96,5,0,28.65696592,-97.42760647,48175.0,1253.5910159310527,5.208333333333333,91,96,5,0,91,96,7584,0,0,0,0,0
2020-08-13,US,Texas,Gonzales,703,11,0,29.45634206,-97.49424032,48177.0,3373.806210107021,1.5647226173541964,692,699,10,0,689,684,20826,4,1,0,3,15
2020-08-13,US,Texas,Gray,221,2,0,35.40081878,-100.8129222,48179.0,1009.7779402357672,0.9049773755656108,219,218,2,0,216,218,21895,3,0,0,3,0
2020-08-13,US,Texas,Grayson,1199,13,0,33.62744998,-96.67753461,48181.0,880.2454996622911,1.0842368640533775,1186,1191,13,0,1178,1169,133991,8,0,0,8,22
2020-08-13,US,Texas,Gregg,1604,28,0,32.47940482,-94.81591935,48183.0,1294.1223929968935,1.745635910224439,1576,1589,28,0,1561,1416,123707,15,0,0,15,173
2020-08-13,US,Texas,Grimes,918,26,0,30.54579585,-95.98902499,48185.0,3178.6703601108034,2.832244008714597,892,895,25,0,870,891,28360,23,1,0,22,4
2020-08-13,US,Texas,Guadalupe,1735,56,0,29.58165339,-97.94786822,48187.0,1039.8748554064503,3.2276657060518734,1679,1723,56,0,1667,1696,163694,12,0,0,12,27
2020-08-13,US,Texas,Hale,1443,31,0,34.07044901,-101.82681140000001,48189.0,4319.583308387715,2.1483021483021485,1412,1439,31,0,1408,1439,33830,4,0,0,4,0
2020-08-13,US,Texas,Hall,15,1,0,34.5307555,-100.68138520000001,48191.0,506.07287449392715,6.666666666666668,14,14,1,0,13,14,3028,1,0,0,1,0
2020-08-13,US,Texas,Hamilton,89,3,0,31.70470573,-98.11083887,48193.0,1051.8851199621795,3.3707865168539324,86,89,3,0,86,91,8484,0,0,0,0,-2
2020-08-13,US,Texas,Hansford,82,2,0,36.27743284,-101.3545796,48195.0,1518.7997777366181,2.4390243902439024,80,82,2,0,80,80,5463,0,0,0,0,2
2020-08-13,US,Texas,Hardeman,22,0,0,34.28944521,-99.74632408,48197.0,559.3694380879734,0.0,22,22,0,0,22,21,3922,0,0,0,0,1
2020-08-13,US,Texas,Hardin,1090,18,0,30.33364686,-94.38931817,48199.0,1892.2954064095002,1.6513761467889911,1072,999,16,0,983,973,57207,91,2,0,89,26
2020-08-13,US,Texas,Harris,89425,1713,0,29.85864939,-95.39339521,48201.0,1897.2805821792472,1.9155717081353092,87712,88494,1679,0,86815,87505,4698619,931,34,0,897,989
2020-08-13,US,Texas,Harrison,728,24,0,32.54935988,-94.36934071,48203.0,1093.8650398930176,3.2967032967032965,704,711,24,0,687,713,66726,17,0,0,17,-2
2020-08-13,US,Texas,Hartley,92,0,0,35.84008013,-102.6029022,48205.0,1649.9282639885225,0.0,92,91,0,0,91,90,5619,1,0,0,1,1
2020-08-13,US,Texas,Haskell,44,0,0,33.17823584,-99.73037358,48207.0,777.6599505125487,0.0,44,43,0,0,43,43,5813,1,0,0,1,0
2020-08-13,US,Texas,Hays,5103,44,0,30.05669873,-98.02944344,48209.0,2216.854698923937,0.8622378992749363,5059,5083,42,0,5041,5066,222631,20,2,0,18,17
2020-08-13,US,Texas,Hemphill,44,0,0,35.83764858,-100.2703577,48211.0,1152.1340665095574,0.0,44,44,0,0,44,42,3825,0,0,0,0,2
2020-08-13,US,Texas,Henderson,664,12,0,32.21128872,-95.85846587,48213.0,802.5429976914803,1.8072289156626504,652,657,12,0,645,641,82299,7,0,0,7,16
2020-08-13,US,Texas,Hidalgo,20767,881,0,26.39418217,-98.18299696,48215.0,2390.564367502507,4.242307507102614,19886,20767,881,0,19886,20431,865939,0,0,0,0,336
2020-08-13,US,Texas,Hill,336,7,0,31.99045053,-97.13423143,48217.0,916.8053698600237,2.083333333333333,329,331,7,0,324,328,36354,5,0,0,5,3
2020-08-13,US,Texas,Hockley,219,4,0,33.60771256,-102.3431676,48219.0,951.3053299161636,1.8264840182648399,215,216,4,0,212,214,22980,3,0,0,3,2
2020-08-13,US,Texas,Hood,625,11,0,32.42990927,-97.83242024,48221.0,1013.9026329023571,1.76,614,588,10,0,578,567,60537,37,1,0,36,21
2020-08-13,US,Texas,Hopkins,212,3,0,33.14875072,-95.56351139,48223.0,571.6751159529716,1.4150943396226414,209,205,3,0,202,206,36810,7,0,0,7,-1
2020-08-13,US,Texas,Houston,320,7,0,31.31925973,-95.42226208,48225.0,1393.2427725531174,2.1875,313,318,7,0,311,317,23169,2,0,0,2,1
2020-08-13,US,Texas,Howard,184,6,0,32.30621324,-101.4356444,48227.0,501.8546803403884,3.260869565217391,178,178,6,0,172,177,36459,6,0,0,6,1
2020-08-13,US,Texas,Hudspeth,33,2,0,31.45628381,-105.388178,48229.0,675.3990994678674,6.0606060606060606,31,33,2,0,31,24,4795,0,0,0,0,9
2020-08-13,US,Texas,Hunt,1241,21,0,33.12351514,-96.08551032,48231.0,1258.6972838103736,1.6921837228041905,1220,1202,21,0,1181,1202,96493,39,0,0,39,0
2020-08-13,US,Texas,Hutchinson,131,3,0,35.84006574,-101.3546643,48233.0,625.6567007355047,2.2900763358778624,128,129,3,0,126,128,21198,2,0,0,2,1
2020-08-13,US,Texas,Irion,9,0,0,31.30375559,-100.982439,48235.0,585.9375,0.0,9,9,0,0,9,9,1522,0,0,0,0,0
2020-08-13,US,Texas,Jack,70,0,0,33.23377248,-98.17283469,48237.0,783.435926133184,0.0,70,68,0,0,68,67,8843,2,0,0,2,1
2020-08-13,US,Texas,Jackson,411,10,0,28.95472367,-96.57749563,48239.0,2784.5528455284552,2.4330900243309004,401,411,9,0,402,408,14874,0,1,0,-1,3
2020-08-13,US,Texas,Jasper,332,12,0,30.74685667,-94.02667579,48241.0,934.4479157871036,3.614457831325301,320,332,12,0,320,332,35872,0,0,0,0,0
2020-08-13,US,Texas,Jeff Davis,8,0,0,30.71490589,-104.1399973,48243.0,351.8029903254178,0.0,8,8,0,0,8,8,2252,0,0,0,0,0
2020-08-13,US,Texas,Jefferson,6126,88,0,29.8832777,-94.16434171,48245.0,2435.155923916284,1.436500163238655,6038,6067,88,0,5979,5977,255001,59,0,0,59,90
2020-08-13,US,Texas,Jim Hogg,65,1,0,27.04453923,-98.69681870000001,48247.0,1250.0,1.5384615384615383,64,64,1,0,63,64,5248,1,0,0,1,0
2020-08-13,US,Texas,Jim Wells,802,18,0,27.73103938,-98.0904705,48249.0,1981.1274146534265,2.244389027431421,784,787,16,0,771,777,40822,15,2,0,13,10
2020-08-13,US,Texas,Johnson,2073,31,0,32.37877812,-97.36615819,48251.0,1179.066870666659,1.4954172696575012,2042,2037,31,0,2006,1980,171361,36,0,0,36,57
2020-08-13,US,Texas,Jones,599,0,0,32.73997145,-99.87861576,48253.0,2982.622118209431,0.0,599,599,0,0,599,600,19817,0,0,0,0,-1
2020-08-13,US,Texas,Karnes,648,9,0,28.90705334,-97.85960149,48255.0,4153.579898724441,1.3888888888888888,639,646,7,0,639,644,15650,2,2,0,0,2
2020-08-13,US,Texas,Kaufman,2364,28,0,32.599141700000004,-96.28734728,48257.0,1736.2692245545486,1.1844331641285957,2336,2321,27,0,2294,2289,128622,43,1,0,42,32
2020-08-13,US,Texas,Kendall,167,4,0,29.94414155,-98.7113588,48259.0,352.0904050093821,2.395209580838323,163,165,4,0,161,163,45641,2,0,0,2,2
2020-08-13,US,Texas,Kenedy,6,1,0,26.92601662,-97.66413984,48261.0,1485.148514851485,16.666666666666668,5,6,1,0,5,6,442,0,0,0,0,0
2020-08-13,US,Texas,Kent,3,0,0,33.18104136,-100.7780939,48263.0,393.70078740157476,0.0,3,3,0,0,3,3,726,0,0,0,0,0
2020-08-13,US,Texas,Kerr,411,6,0,30.06040006,-99.34930144,48265.0,781.3688212927757,1.45985401459854,405,404,6,0,398,400,52405,7,0,0,7,4
2020-08-13,US,Texas,Kimble,15,1,0,30.48678918,-99.74856473,48267.0,345.86119437399117,6.666666666666668,14,14,1,0,13,14,4362,1,0,0,1,0
2020-08-13,US,Texas,Kinney,21,0,0,29.34967888,-100.41866379999999,48271.0,572.6752113444232,0.0,21,20,0,0,20,19,3767,1,0,0,1,1
2020-08-13,US,Texas,Kleberg,471,12,0,27.42435506,-97.69894948,48273.0,1535.2020860495434,2.5477707006369426,459,459,8,0,451,451,31129,12,4,0,8,8
2020-08-13,US,Texas,Knox,62,2,0,33.60519951,-99.74229059999999,48275.0,1692.1397379912664,3.2258064516129035,60,61,2,0,59,60,3653,1,0,0,1,1
2020-08-13,US,Texas,La Salle,362,2,0,28.34453111,-99.09908775,48283.0,4813.829787234043,0.5524861878453039,360,362,2,0,360,362,7531,0,0,0,0,0
2020-08-13,US,Texas,Lamar,677,18,0,33.66981763,-95.57404777,48277.0,1357.82907799996,2.658788774002954,659,668,18,0,650,655,49728,9,0,0,9,13
2020-08-13,US,Texas,Lamb,238,14,0,34.06859623,-102.35162890000001,48279.0,1845.9629256185528,5.882352941176472,224,233,14,0,219,233,13158,5,0,0,5,0
2020-08-13,US,Texas,Lampasas,126,4,0,31.19531316,-98.24206613,48281.0,588.0156804181445,3.1746031746031744,122,114,3,0,111,110,21229,12,1,0,11,4
2020-08-13,US,Texas,Lavaca,637,22,0,29.38508402,-96.93186692,48285.0,3160.6628957030853,3.4536891679748822,615,635,22,0,613,633,20110,2,0,0,2,2
2020-08-13,US,Texas,Lee,177,11,0,30.31120597,-96.97045773,48287.0,1026.7416903532687,6.214689265536723,166,177,11,0,166,177,17144,0,0,0,0,0
2020-08-13,US,Texas,Leon,154,3,0,31.29872538,-95.9936328,48289.0,884.8540565387268,1.9480519480519483,151,145,3,0,142,145,17270,9,0,0,9,0
2020-08-13,US,Texas,Liberty,1047,34,0,30.15152688,-94.81205615,48291.0,1186.81916593931,3.2473734479465137,1013,1041,34,0,1007,1002,86323,6,0,0,6,39
2020-08-13,US,Texas,Limestone,287,3,0,31.5454767,-96.58095444,48293.0,1224.5594572684215,1.0452961672473868,284,258,3,0,255,254,23519,29,0,0,29,4
2020-08-13,US,Texas,Lipscomb,22,0,0,36.27783108,-100.27331509999999,48295.0,680.4825239715435,0.0,22,21,0,0,21,20,3355,1,0,0,1,1
2020-08-13,US,Texas,Live Oak,240,4,0,28.35101362,-98.1246786,48297.0,1966.0850331776846,1.6666666666666667,236,236,4,0,232,230,12166,4,0,0,4,6
2020-08-13,US,Texas,Llano,89,1,0,30.70645047,-98.68475262,48299.0,408.3505391144758,1.1235955056179776,88,89,1,0,88,89,21646,0,0,0,0,0
2020-08-13,US,Texas,Lubbock,6365,75,0,33.61008596,-101.82047890000001,48303.0,2049.464048246928,1.178318931657502,6290,6295,75,0,6220,6222,307412,70,0,0,70,73
2020-08-13,US,Texas,Lynn,74,4,0,33.17657705,-101.8162849,48305.0,1243.4884893295246,5.405405405405406,70,74,4,0,70,73,5877,0,0,0,0,1
2020-08-13,US,Texas,Madison,685,2,0,30.96694679,-95.93003775,48313.0,4795.575469056287,0.291970802919708,683,676,2,0,674,667,14422,9,0,0,9,9
2020-08-13,US,Texas,Marion,135,9,0,32.79868409,-94.35661230000001,48315.0,1370.0020296326365,6.666666666666668,126,134,9,0,125,134,9928,1,0,0,1,0
2020-08-13,US,Texas,Martin,65,5,0,32.30600051,-101.9513518,48317.0,1126.3212614798128,7.6923076923076925,60,64,5,0,59,63,5753,1,0,0,1,1
2020-08-13,US,Texas,Mason,60,0,0,30.71780434,-99.22629416,48319.0,1403.8371548900327,0.0,60,60,0,0,60,54,4280,0,0,0,0,6
2020-08-13,US,Texas,Matagorda,807,31,0,28.81955746,-96.01230294,48321.0,2202.330595202358,3.841387856257745,776,786,31,0,755,770,36552,21,0,0,21,16
2020-08-13,US,Texas,Maverick,2569,45,0,28.7429195,-100.3157686,48323.0,4374.850992813596,1.7516543402101985,2524,2321,44,0,2277,2321,58485,248,1,0,247,0
2020-08-13,US,Texas,McCulloch,54,1,0,31.1925468,-99.34682807,48307.0,676.3527054108216,1.851851851851852,53,53,1,0,52,51,7987,1,0,0,1,2
2020-08-13,US,Texas,McLennan,5164,60,0,31.55255453,-97.20217694,48309.0,2012.2904026529184,1.161890007745933,5104,5106,58,0,5048,5031,254607,58,2,0,56,75
2020-08-13,US,Texas,McMullen,10,0,0,28.35251708,-98.56769164,48311.0,1345.8950201884254,0.0,10,10,0,0,10,9,749,0,0,0,0,1
2020-08-13,US,Texas,Medina,949,29,0,29.355730100000002,-99.11030298,48325.0,1839.717741935484,3.0558482613277134,920,934,29,0,905,892,50921,15,0,0,15,42
2020-08-13,US,Texas,Menard,18,0,0,30.88990665,-99.82047940000001,48327.0,841.9083255378857,0.0,18,18,0,0,18,18,2139,0,0,0,0,0
2020-08-13,US,Texas,Midland,2846,52,0,31.86904128,-102.03156820000001,48329.0,1609.4372059355774,1.8271257905832747,2794,2788,49,0,2739,2788,172578,58,3,0,55,0
2020-08-13,US,Texas,Milam,357,3,0,30.78581830000001,-96.97718698,48331.0,1438.1823309027918,0.8403361344537815,354,355,3,0,352,350,25131,2,0,0,2,5
2020-08-13,US,Texas,Mills,26,0,0,31.49557106,-98.59272068,48333.0,533.5522265544839,0.0,26,24,0,0,24,22,4921,2,0,0,2,2
2020-08-13,US,Texas,Mitchell,69,1,0,32.30623474,-100.9212058,48335.0,807.489760093622,1.4492753623188406,68,69,1,0,68,68,8145,0,0,0,0,1
2020-08-13,US,Texas,Montague,79,2,0,33.67521893,-97.72500958,48337.0,398.6275103441316,2.5316455696202533,77,79,2,0,77,77,19596,0,0,0,0,2
2020-08-13,US,Texas,Montgomery,6864,95,0,30.30079133,-95.50572772,48339.0,1130.0793064105326,1.3840326340326339,6769,6820,95,0,6725,6776,590925,44,0,0,44,44
2020-08-13,US,Texas,Moore,1077,14,0,35.83769242,-101.8930281,48341.0,5143.266475644699,1.2999071494893222,1063,1064,14,0,1050,1063,21485,13,0,0,13,1
2020-08-13,US,Texas,Morris,130,3,0,33.11304005,-94.73255695,48343.0,1049.4026477236034,2.3076923076923075,127,127,3,0,124,125,12339,3,0,0,3,2
2020-08-13,US,Texas,Motley,6,0,0,34.07408766,-100.77972199999999,48345.0,500.0,0.0,6,6,0,0,6,6,1234,0,0,0,0,0
2020-08-13,US,Texas,Nacogdoches,1184,43,0,31.62017125,-94.61803994,48347.0,1815.8395190479114,3.631756756756757,1141,1171,42,0,1129,1167,65711,13,1,0,12,4
2020-08-13,US,Texas,Navarro,917,10,0,32.04620681,-96.47428766,48349.0,1829.8645062159521,1.0905125408942202,907,905,9,0,896,883,49565,12,1,0,11,22
2020-08-13,US,Texas,Newton,116,4,0,30.78548982,-93.74408813,48351.0,853.2548731151159,3.4482758620689653,112,116,4,0,112,116,13746,0,0,0,0,0
2020-08-13,US,Texas,Nolan,137,3,0,32.30365282,-100.4060208,48353.0,931.0860405056408,2.18978102189781,134,136,3,0,133,136,14751,1,0,0,1,0
2020-08-13,US,Texas,Nueces,16403,270,0,27.736286,-97.5433285,48355.0,4527.538408033255,1.6460403584710117,16133,16234,259,0,15975,15731,362265,169,11,0,158,503
2020-08-13,US,Texas,Ochiltree,100,2,0,36.27829105,-100.8158184,48357.0,1016.6734444896301,2.0,98,99,2,0,97,95,9947,1,0,0,1,4
2020-08-13,US,Texas,Oldham,14,1,0,35.40425596,-102.6027606,48359.0,662.8787878787879,7.142857142857142,13,14,1,0,13,14,2131,0,0,0,0,0
2020-08-13,US,Texas,Orange,1497,24,0,30.11879481,-93.89412775,48361.0,1795.0501223080246,1.6032064128256514,1473,1493,23,0,1470,1493,83572,4,1,0,3,0
2020-08-13,US,Texas,Palo Pinto,328,9,0,32.75310985,-98.31319001,48363.0,1123.7109870156567,2.7439024390243905,319,304,9,0,295,297,28875,24,0,0,24,7
2020-08-13,US,Texas,Panola,301,18,0,32.163959600000005,-94.30552481,48365.0,1297.7494179529187,5.980066445182724,283,297,18,0,279,297,23148,4,0,0,4,0
2020-08-13,US,Texas,Parker,1366,19,0,32.77757172,-97.80500621,48367.0,956.0604151793837,1.390922401171303,1347,1329,19,0,1310,1292,138371,37,0,0,37,37
2020-08-13,US,Texas,Parmer,351,7,0,34.52993409,-102.78446679999999,48369.0,3654.346694429984,1.9943019943019944,344,349,7,0,342,345,9864,2,0,0,2,4
2020-08-13,US,Texas,Pecos,251,2,0,30.78097267,-102.72412609999999,48371.0,1586.2984263414019,0.796812749003984,249,249,2,0,247,249,15673,2,0,0,2,0
2020-08-13,US,Texas,Polk,762,14,0,30.79472531,-94.82766240000001,48373.0,1483.8470975405523,1.837270341207349,748,762,13,0,749,750,50031,0,1,0,-1,12
2020-08-13,US,Texas,Potter,3759,45,0,35.40133773,-101.893964,48375.0,3201.464889494528,1.1971268954509178,3714,3731,45,0,3686,3711,119648,28,0,0,28,20
2020-08-13,US,Texas,Presidio,49,3,0,29.99954402,-104.24080790000001,48377.0,730.9069212410501,6.1224489795918355,46,47,2,0,45,47,6948,2,1,0,1,0
2020-08-13,US,Texas,Rains,52,1,0,32.87109387,-95.79232691,48379.0,415.53460124660376,1.9230769230769231,51,51,1,0,50,51,12159,1,0,0,1,0
2020-08-13,US,Texas,Randall,1804,23,0,34.96585996,-101.8971322,48381.0,1309.9707362413135,1.2749445676274944,1781,1765,21,0,1744,1747,136271,39,2,0,37,18
2020-08-13,US,Texas,Reagan,64,3,0,31.36607041,-101.52326590000001,48383.0,1662.769550532606,4.6875,61,64,3,0,61,63,3741,0,0,0,0,1
2020-08-13,US,Texas,Real,90,1,0,29.83321503,-99.82018052,48385.0,2607.184241019699,1.1111111111111112,89,88,1,0,87,88,3478,2,0,0,2,0
2020-08-13,US,Texas,Red River,140,11,0,33.61886692,-95.04841765,48387.0,1164.4348332362972,7.857142857142858,129,137,11,0,126,137,12175,3,0,0,3,0
2020-08-13,US,Texas,Reeves,147,5,0,31.32323325,-103.69038959999999,48389.0,920.1301952929393,3.4013605442176873,142,148,5,0,143,148,15695,-1,0,0,-1,0
2020-08-13,US,Texas,Refugio,238,4,0,28.323897600000002,-97.15766311,48391.0,3425.446171560161,1.680672268907563,234,235,4,0,231,234,7032,3,0,0,3,1
2020-08-13,US,Texas,Roberts,6,0,0,35.83809685,-100.813175,48393.0,702.5761124121782,0.0,6,6,0,0,6,6,903,0,0,0,0,0
2020-08-13,US,Texas,Robertson,238,2,0,31.02539637,-96.51272246,48395.0,1393.9322947171136,0.8403361344537815,236,236,2,0,234,234,17284,2,0,0,2,2
2020-08-13,US,Texas,Rockwall,1057,15,0,32.89779518,-96.40771592,48397.0,1007.4822475337178,1.4191106906338695,1042,1033,15,0,1018,1031,100657,24,0,0,24,2
2020-08-13,US,Texas,Runnels,149,2,0,31.8314342,-99.97616148,48399.0,1451.6757599376458,1.342281879194631,147,140,2,0,138,129,10234,9,0,0,9,11
2020-08-13,US,Texas,Rusk,396,2,0,32.10773545,-94.76176432,48401.0,727.8608976951073,0.5050505050505051,394,384,2,0,382,377,54450,12,0,0,12,7
2020-08-13,US,Texas,Sabine,62,6,0,31.34318809,-93.85440451,48403.0,588.1236956934167,9.677419354838712,56,62,6,0,56,62,10589,0,0,0,0,0
2020-08-13,US,Texas,San Augustine,175,11,0,31.39457611,-94.17000399,48405.0,2124.559912589535,6.2857142857142865,164,175,11,0,164,162,8232,0,0,0,0,13
2020-08-13,US,Texas,San Jacinto,183,8,0,30.57933681,-95.16260304,48407.0,634.1176062926643,4.371584699453551,175,182,8,0,174,182,28719,1,0,0,1,0
2020-08-13,US,Texas,San Patricio,1051,33,0,28.00880118,-97.51763891,48409.0,1575.003746440881,3.139866793529972,1018,972,31,0,941,972,66893,79,2,0,77,0
2020-08-13,US,Texas,San Saba,26,0,0,31.1577796,-98.81758731,48411.0,429.39719240297273,0.0,26,25,0,0,25,24,6054,1,0,0,1,1
2020-08-13,US,Texas,Schleicher,36,1,0,30.89740592,-100.5384842,48413.0,1288.936627282492,2.7777777777777777,35,36,1,0,35,36,2895,0,0,0,0,0
2020-08-13,US,Texas,Scurry,503,1,0,32.74613808,-100.91626640000001,48415.0,3011.4350715440332,0.1988071570576541,502,488,1,0,487,488,16866,15,0,0,15,0
2020-08-13,US,Texas,Shackelford,21,0,0,32.73587756,-99.35401337,48417.0,643.1852986217458,0.0,21,20,0,0,20,19,3253,1,0,0,1,1
2020-08-13,US,Texas,Shelby,411,18,0,31.79211404,-94.14550696,48419.0,1626.1770989950146,4.37956204379562,393,406,18,0,388,405,25418,5,0,0,5,1
2020-08-13,US,Texas,Sherman,43,0,0,36.27751473,-101.8933156,48421.0,1422.8987425545997,0.0,43,43,0,0,43,41,3079,0,0,0,0,2
2020-08-13,US,Texas,Smith,2666,30,0,32.37474036,-95.27175679999999,48423.0,1145.4300948223638,1.1252813203300824,2636,2612,28,0,2584,2524,230221,54,2,0,52,88
2020-08-13,US,Texas,Somervell,83,0,0,32.22236802,-97.77403489,48425.0,909.2900964066607,0.0,83,79,0,0,79,77,9016,4,0,0,4,2
2020-08-13,US,Texas,Starr,2294,81,0,26.56150059,-98.73892358,48427.0,3549.2704964955988,3.5309503051438536,2213,2264,79,0,2185,2249,64525,30,2,0,28,15
2020-08-13,US,Texas,Stephens,47,3,0,32.73553157,-98.83631615,48429.0,501.8150758061072,6.382978723404255,44,49,3,0,46,49,9433,-2,0,0,-2,0
2020-08-13,US,Texas,Sterling,1,0,0,31.82781912,-101.05007459999999,48431.0,77.45933384972889,0.0,1,,,,,,1311,,,,,
2020-08-13,US,Texas,Stonewall,6,0,0,33.17906744,-100.25384009999999,48433.0,444.4444444444445,0.0,6,5,0,0,5,5,1362,1,0,0,1,0
2020-08-13,US,Texas,Sutton,67,1,0,30.49856623,-100.5382014,48435.0,1774.3644067796606,1.492537313432836,66,66,1,0,65,66,3758,1,0,0,1,0
2020-08-13,US,Texas,Swisher,82,2,0,34.53028891,-101.73491740000001,48437.0,1108.5575233202646,2.4390243902439024,80,82,2,0,80,82,7462,0,0,0,0,0
2020-08-13,US,Texas,Tarrant,33070,480,0,32.77143818,-97.29101614,48439.0,1572.8781958749405,1.451466586029634,32590,32666,469,0,32197,32469,2084931,404,11,0,393,197
2020-08-13,US,Texas,Taylor,1137,28,0,32.30163422,-99.89007449,48441.0,823.710100410044,2.4626209322779244,1109,1137,28,0,1109,1130,137640,0,0,0,0,7
2020-08-13,US,Texas,Terrell,2,0,0,30.22429013,-102.0766732,48443.0,257.73195876288656,0.0,2,2,0,0,2,2,823,0,0,0,0,0
2020-08-13,US,Texas,Terry,161,2,0,33.17402785,-102.3354521,48445.0,1305.0174272513575,1.2422360248447204,159,161,2,0,159,159,12287,0,0,0,0,2
2020-08-13,US,Texas,Throckmorton,4,2,0,33.17751417,-99.21226795,48447.0,266.4890073284477,50.0,2,4,2,0,2,4,1515,0,0,0,0,0
2020-08-13,US,Texas,Titus,1393,15,0,33.21339719,-94.96797273,48449.0,4253.435114503817,1.0768126346015794,1378,1289,15,0,1274,1289,33033,104,0,0,104,0
2020-08-13,US,Texas,Tom Green,2809,30,0,31.40464436,-100.46244300000001,48451.0,2356.5436241610737,1.067995728017088,2779,2775,28,0,2747,2740,118189,34,2,0,32,35
2020-08-13,US,Texas,Travis,23718,328,0,30.33432034,-97.78535620000001,48453.0,1861.7626696097348,1.3829159288304242,23390,23421,313,0,23108,23249,1248743,297,15,0,282,172
2020-08-13,US,Texas,Trinity,162,4,0,31.0879489,-95.1367187,48455.0,1105.7265715650808,2.469135802469136,158,157,4,0,153,156,14740,5,0,0,5,1
2020-08-13,US,Texas,Tyler,127,2,0,30.77031716,-94.37690895,48457.0,586.0095976375046,1.5748031496062993,125,127,2,0,125,127,21696,0,0,0,0,0
2020-08-13,US,Texas,Upshur,262,2,0,32.73706798,-94.93999853,48459.0,627.4998203721889,0.7633587786259542,260,257,2,0,255,250,41260,5,0,0,5,7
2020-08-13,US,Texas,Upton,16,1,0,31.36868194,-102.0423217,48461.0,437.5170905113481,6.25,15,16,1,0,15,16,3671,0,0,0,0,0
2020-08-13,US,Texas,Uvalde,573,10,0,29.35739637,-99.76229172,48463.0,2142.777009087169,1.7452006980802792,563,562,10,0,552,555,26846,11,0,0,11,7
2020-08-13,US,Texas,Val Verde,1693,49,0,29.89149232,-101.1525205,48465.0,3453.340132585416,2.8942705256940333,1644,1693,49,0,1644,1693,49208,0,0,0,0,0
2020-08-13,US,Texas,Van Zandt,434,7,0,32.56483801,-95.83766469,48467.0,766.9199505212935,1.6129032258064515,427,432,4,0,428,394,56019,2,3,0,-1,38
2020-08-13,US,Texas,Victoria,3560,54,0,28.79780988,-96.96813006,48469.0,3866.035359020025,1.5168539325842696,3506,3543,52,0,3491,3494,92035,17,2,0,15,49
2020-08-13,US,Texas,Walker,3128,42,0,30.73872995,-95.57440968,48471.0,4286.634416411999,1.3427109974424551,3086,3095,42,0,3053,3074,72480,33,0,0,33,21
2020-08-13,US,Texas,Waller,491,5,0,30.01058447,-95.99011759,48473.0,888.7521268508127,1.0183299389002036,486,485,5,0,480,465,53126,6,0,0,6,20
2020-08-13,US,Texas,Ward,95,1,0,31.50999644,-103.09279090000001,48475.0,791.7986331055174,1.0526315789473684,94,93,1,0,92,93,11720,2,0,0,2,0
2020-08-13,US,Texas,Washington,523,40,0,30.21498498,-96.40946246,48477.0,1457.5553202162646,7.648183556405352,483,520,39,0,481,515,35108,3,1,0,2,5
2020-08-13,US,Texas,Webb,9126,184,0,27.7610369,-99.33237355,48479.0,3298.729089252924,2.0162174008327853,8942,8814,179,0,8635,8490,275910,312,5,0,307,324
2020-08-13,US,Texas,Wharton,945,27,0,29.27765923,-96.22319248,48481.0,2274.0398498411787,2.8571428571428568,918,862,26,0,836,815,41619,83,1,0,82,47
2020-08-13,US,Texas,Wheeler,35,0,0,35.40114335,-100.26995140000001,48483.0,692.246835443038,0.0,35,33,0,0,33,33,5191,2,0,0,2,0
2020-08-13,US,Texas,Wichita,1079,11,0,33.98842886,-98.70410340000001,48485.0,816.0024200257127,1.0194624652455977,1068,1056,11,0,1045,1039,132064,23,0,0,23,17
2020-08-13,US,Texas,Wilbarger,77,1,0,34.07945812,-99.24178437,48487.0,603.0229461978229,1.2987012987012987,76,77,1,0,76,75,12820,0,0,0,0,2
2020-08-13,US,Texas,Willacy,734,30,0,26.47411727,-97.61535848,48489.0,3436.651371851297,4.087193460490464,704,720,30,0,690,710,21515,14,0,0,14,10
2020-08-13,US,Texas,Williamson,7148,99,0,30.64655664,-97.60048540000001,48491.0,1210.3950378544782,1.3850027979854505,7049,7075,98,0,6977,7011,566719,73,1,0,72,64
2020-08-13,US,Texas,Wilson,475,19,0,29.1732598,-98.08693082,48493.0,930.0959467397687,4.0,456,458,19,0,439,448,50224,17,0,0,17,10
2020-08-13,US,Texas,Winkler,86,1,0,31.85008651,-103.04851629999999,48495.0,1073.657927590512,1.162790697674419,85,85,1,0,84,85,7720,1,0,0,1,0
2020-08-13,US,Texas,Wise,494,10,0,33.21570665,-97.65460265,48497.0,705.8756287151349,2.0242914979757085,484,475,8,0,467,449,68305,19,2,0,17,26
2020-08-13,US,Texas,Wood,350,9,0,32.78722382,-95.38236368,48499.0,768.5719932365663,2.571428571428572,341,345,8,0,337,321,45129,5,1,0,4,24
2020-08-13,US,Texas,Yoakum,114,3,0,33.17320212,-102.82764329999999,48501.0,1308.3897624239642,2.631578947368421,111,114,3,0,111,106,8591,0,0,0,0,8
2020-08-13,US,Texas,Young,196,5,0,33.17659707,-98.68790885,48503.0,1088.2842865074958,2.5510204081632653,191,190,5,0,185,185,18045,6,0,0,6,5
2020-08-13,US,Texas,Zapata,188,3,0,27.00156391,-99.16987152,48505.0,1325.9045066647861,1.5957446808510638,185,179,3,0,176,179,14190,9,0,0,9,0
2020-08-13,US,Texas,Zavala,234,6,0,28.86617238,-99.76050829,48507.0,1976.3513513513512,2.5641025641025643,228,233,6,0,227,220,11983,1,0,0,1,13
2020-08-13,US,Utah,Bear River,2358,7,0,41.52106798,-113.08328159999999,0.0,1262.1910094316393,0.2968617472434266,2351,2349,7,0,2342,2335,,9,0,0,9,14
2020-08-13,US,Utah,Central Utah,442,2,0,39.37231946,-111.5758676,0.0,539.3269395026479,0.4524886877828054,440,437,2,0,435,430,,5,0,0,5,7
2020-08-13,US,Utah,Davis,3316,21,0,40.99001837,-112.1139997,49011.0,932.8206008197343,0.6332931242460796,3295,3294,21,0,3273,3256,351713,22,0,0,22,38
2020-08-13,US,Utah,Salt Lake,21199,204,0,40.66616532,-111.92160109999999,49035.0,1826.811795901027,0.9623095429029672,20995,21034,202,0,20832,20903,1152633,165,2,0,163,131
2020-08-13,US,Utah,San Juan,651,25,0,37.62762978,-109.80337140000002,49037.0,4252.6783381238565,3.840245775729647,626,650,25,0,625,653,15449,1,0,0,1,-3
2020-08-13,US,Utah,Southeast Utah,114,1,0,38.99617072,-110.70139579999999,0.0,283.37766288001194,0.8771929824561403,113,114,1,0,113,115,,0,0,0,0,-1
2020-08-13,US,Utah,Southwest Utah,3264,26,0,37.85447192,-111.4418764,0.0,1295.0222581950627,0.7965686274509803,3238,3248,26,0,3222,3240,,16,0,0,16,8
2020-08-13,US,Utah,Summit,718,1,0,40.86688146,-110.9535882,49043.0,1703.642187685372,0.1392757660167131,717,717,1,0,716,714,41933,1,0,0,1,3
2020-08-13,US,Utah,Tooele,598,0,0,40.44862644,-113.12957150000001,49045.0,827.5785715274221,0.0,598,588,0,0,588,584,69907,10,0,0,10,4
2020-08-13,US,Utah,TriCounty,183,0,0,40.12491499,-109.5174415,0.0,323.1959309102469,0.0,183,181,0,0,181,181,,2,0,0,2,0
2020-08-13,US,Utah,Utah,9062,37,0,40.116672200000004,-111.66576620000001,49049.0,1424.3164868326955,0.4082983888766277,9025,8983,37,0,8946,8887,622213,79,0,0,79,96
2020-08-13,US,Utah,Wasatch,584,4,0,40.33110236,-111.1691419,49051.0,1713.0620985010707,0.6849315068493149,580,583,4,0,579,576,33240,1,0,0,1,7
2020-08-13,US,Utah,Weber-Morgan,2935,25,0,41.27116049,-111.9145117,0.0,1077.7088680568559,0.8517887563884157,2910,2912,25,0,2887,2878,,23,0,0,23,34
2020-08-13,US,Vermont,Addison,74,2,0,44.03217337,-73.14130877,50001.0,201.21271446828186,2.702702702702702,72,74,2,0,72,74,36973,0,0,0,0,0
2020-08-13,US,Vermont,Bennington,91,1,0,43.03519828,-73.09048868,50003.0,256.55483507189166,1.0989010989010992,90,90,1,0,89,90,35631,1,0,0,1,0
2020-08-13,US,Vermont,Caledonia,28,0,0,44.46548598,-72.10314651,50005.0,93.35511619377856,0.0,28,28,0,0,28,28,30302,0,0,0,0,0
2020-08-13,US,Vermont,Chittenden,738,39,0,44.46322849,-73.08359212,50007.0,450.62097768876623,5.284552845528455,699,735,39,0,696,735,164572,3,0,0,3,0
2020-08-13,US,Vermont,Essex,6,0,0,44.72736416,-71.73579864,50009.0,97.35518416355671,0.0,6,6,0,0,6,6,6250,0,0,0,0,0
2020-08-13,US,Vermont,Franklin,118,7,0,44.85627605,-72.91249563,50011.0,238.85672644832192,5.932203389830509,111,118,7,0,111,118,49421,0,0,0,0,0
2020-08-13,US,Vermont,Grand Isle,13,0,0,44.797582399999996,-73.29679772,50013.0,179.68210089841045,0.0,13,13,0,0,13,13,7090,0,0,0,0,0
2020-08-13,US,Vermont,Lamoille,43,1,0,44.60353043,-72.64356694,50015.0,169.5449885655706,2.3255813953488373,42,43,1,0,42,43,25300,0,0,0,0,0
2020-08-13,US,Vermont,Orange,16,0,0,44.00470222,-72.37640104,50017.0,55.37865152983525,0.0,16,15,0,0,15,15,28999,1,0,0,1,0
2020-08-13,US,Vermont,Orleans,14,0,0,44.82964024,-72.24562697,50019.0,51.78089285053815,0.0,14,14,0,0,14,14,26907,0,0,0,0,0
2020-08-13,US,Vermont,Rutland,101,1,0,43.57723578,-73.03741676,50021.0,173.56635905896096,0.99009900990099,100,100,1,0,99,99,58672,1,0,0,1,1
2020-08-13,US,Vermont,Unassigned,8,0,0,0.0,0.0,90050.0,0.0,0.0,8,8,0,0,8,8,,0,0,0,0,0
2020-08-13,US,Vermont,Washington,57,2,0,44.27343241,-72.61604978,50023.0,97.58770052560396,3.5087719298245608,55,57,2,0,55,53,58140,0,0,0,0,4
2020-08-13,US,Vermont,Windham,104,3,0,42.986982,-72.71268875,50025.0,246.31708587939937,2.8846153846153846,101,104,3,0,101,104,42756,0,0,0,0,0
2020-08-13,US,Vermont,Windsor,73,2,0,43.58010937,-72.58595157,50027.0,132.57782136500668,2.7397260273972597,71,73,2,0,71,72,55286,0,0,0,0,1
2020-08-13,US,Virginia,Accomack,1111,17,0,37.76707161,-75.63234615,51001.0,3437.9254858274544,1.53015301530153,1094,1108,17,0,1091,1106,32412,3,0,0,3,2
2020-08-13,US,Virginia,Albemarle,869,16,0,38.02080697,-78.55481085,51003.0,794.8413061373822,1.8411967779056384,853,856,16,0,840,848,108718,13,0,0,13,8
2020-08-13,US,Virginia,Alexandria,3020,60,0,38.814003,-77.08183073,51510.0,1894.272022480367,1.9867549668874167,2960,3014,60,0,2954,2995,160530,6,0,0,6,19
2020-08-13,US,Virginia,Alleghany,62,4,0,37.78636074,-80.00222498,51005.0,417.227456258412,6.451612903225807,58,62,4,0,58,62,14910,0,0,0,0,0
2020-08-13,US,Virginia,Amelia,82,2,0,37.34081025,-77.98584649,51007.0,623.8113351084062,2.4390243902439024,80,82,2,0,80,81,13013,0,0,0,0,1
2020-08-13,US,Virginia,Amherst,196,1,0,37.60308293,-79.14548696,51009.0,620.1550387596899,0.5102040816326531,195,184,1,0,183,183,31666,12,0,0,12,1
2020-08-13,US,Virginia,Appomattox,93,0,0,37.37569884,-78.81340003,51011.0,584.5012884168185,0.0,93,89,0,0,89,88,15841,4,0,0,4,1
2020-08-13,US,Virginia,Arlington,3134,135,0,38.8767675,-77.10139853,51013.0,1323.2450325533478,4.307594128908743,2999,3118,135,0,2983,3105,237521,16,0,0,16,13
2020-08-13,US,Virginia,Augusta,296,4,0,38.16404586,-79.12461614,51015.0,391.75203155192037,1.351351351351351,292,287,4,0,283,282,75457,9,0,0,9,5
2020-08-13,US,Virginia,Bath,4,0,0,38.05852573,-79.73912095,51017.0,96.45526886906195,0.0,4,4,0,0,4,4,4292,0,0,0,0,0
2020-08-13,US,Virginia,Bedford,377,8,0,37.3080028,-79.5281964,51019.0,477.2333126574427,2.122015915119364,369,370,8,0,362,367,78747,7,0,0,7,3
2020-08-13,US,Virginia,Bland,27,0,0,37.13128068,-81.13599391,51021.0,429.9363057324841,0.0,27,25,0,0,25,22,6293,2,0,0,2,3
2020-08-13,US,Virginia,Botetourt,217,7,0,37.55531756,-79.80982182,51023.0,649.3312187677667,3.2258064516129035,210,216,7,0,209,215,33277,1,0,0,1,1
2020-08-13,US,Virginia,Bristol,90,0,0,36.616302399999995,-82.16359122,51520.0,536.928767450185,0.0,90,88,0,0,88,88,16482,2,0,0,2,0
2020-08-13,US,Virginia,Brunswick,240,2,0,36.76366949,-77.8593436,51025.0,1478.651962294375,0.8333333333333334,238,239,2,0,237,237,16384,1,0,0,1,2
2020-08-13,US,Virginia,Buchanan,81,1,0,37.26818323,-82.03749726,51027.0,385.6408303180346,1.2345679012345678,80,80,1,0,79,80,21221,1,0,0,1,0
2020-08-13,US,Virginia,Buckingham,612,8,0,37.57242268,-78.52518834,51029.0,3568.929321203639,1.30718954248366,604,611,8,0,603,610,16999,1,0,0,1,1
2020-08-13,US,Virginia,Buena Vista,62,1,0,37.73484642,-79.35296097,51530.0,957.0855202222908,1.6129032258064515,61,58,1,0,57,56,6237,4,0,0,4,2
2020-08-13,US,Virginia,Campbell,228,2,0,37.20553386,-79.09678609,51031.0,415.4140475539765,0.8771929824561403,226,216,2,0,214,218,54973,12,0,0,12,-2
2020-08-13,US,Virginia,Caroline,221,5,0,38.02679129,-77.34901405,51033.0,719.2839707078926,2.262443438914027,216,218,5,0,213,216,30772,3,0,0,3,2
2020-08-13,US,Virginia,Carroll,335,14,0,36.73066666,-80.73455942,51035.0,1124.5006881272866,4.17910447761194,321,333,14,0,319,332,29636,2,0,0,2,1
2020-08-13,US,Virginia,Charles City,53,5,0,37.35358063,-77.05634116,51036.0,761.1661640097659,9.433962264150944,48,53,5,0,48,53,6941,0,0,0,0,0
2020-08-13,US,Virginia,Charlotte,55,0,0,37.01909701,-78.66314092,51037.0,462.9629629629631,0.0,55,55,0,0,55,54,11938,0,0,0,0,1
2020-08-13,US,Virginia,Charlottesville,554,15,0,38.03527919,-78.48569588,51540.0,1172.0898743282698,2.7075812274368234,539,550,15,0,535,546,48117,4,0,0,4,4
2020-08-13,US,Virginia,Chesapeake,3082,41,0,36.67670048,-76.30545744,51550.0,1258.8069516204794,1.3303049967553535,3041,3008,38,0,2970,2958,242634,74,3,0,71,50
2020-08-13,US,Virginia,Chesterfield,4512,80,0,37.37373208,-77.58680140000001,51041.0,1278.9043146013912,1.7730496453900708,4432,4475,80,0,4395,4439,348556,37,0,0,37,36
2020-08-13,US,Virginia,Clarke,72,0,0,39.11271747,-77.99199425,51043.0,492.50974758875435,0.0,72,72,0,0,72,71,14523,0,0,0,0,1
2020-08-13,US,Virginia,Colonial Heights,204,22,0,37.26420587,-77.39609676,51570.0,1174.4386873920553,10.784313725490195,182,203,22,0,181,200,17833,1,0,0,1,3
2020-08-13,US,Virginia,Covington,13,0,0,37.7824656,-79.98631446,51580.0,234.74178403755863,0.0,13,13,0,0,13,13,5460,0,0,0,0,0
2020-08-13,US,Virginia,Craig,18,0,0,37.48133648,-80.21072274,51045.0,350.8088091989866,0.0,18,17,0,0,17,17,5064,1,0,0,1,0
2020-08-13,US,Virginia,Culpeper,1021,12,0,38.48199985,-77.95630870000002,51047.0,1940.8801444729584,1.1753183153770812,1009,1012,12,0,1000,1012,51859,9,0,0,9,0
2020-08-13,US,Virginia,Cumberland,78,0,0,37.51328851,-78.24398086,51049.0,785.3403141361258,0.0,78,77,0,0,77,76,9809,1,0,0,1,1
2020-08-13,US,Virginia,Danville,430,8,0,36.58022376,-79.40395668,51590.0,1073.818799320747,1.8604651162790695,422,419,7,0,412,415,40693,11,1,0,10,4
2020-08-13,US,Virginia,Dickenson,49,1,0,37.12560977,-82.35124171,51051.0,342.2265679564185,2.0408163265306123,48,49,1,0,48,48,14523,0,0,0,0,1
2020-08-13,US,Virginia,Dinwiddie,226,7,0,37.07544585,-77.63451754,51053.0,791.7600896860988,3.0973451327433628,219,223,7,0,216,223,28529,3,0,0,3,0
2020-08-13,US,Virginia,Emporia,182,15,0,36.69455571,-77.53406129,51595.0,3404.414515525626,8.241758241758241,167,180,15,0,165,178,5121,2,0,0,2,2
2020-08-13,US,Virginia,Essex,107,1,0,37.93357639,-76.94230311,51057.0,976.9013055783804,0.9345794392523364,106,105,1,0,104,104,10919,2,0,0,2,1
2020-08-13,US,Virginia,Fairfax,16703,530,0,38.83677558,-77.27565836,51059.0,1455.5585378011249,3.1730826797581266,16173,16642,529,0,16113,16544,1150795,61,1,0,60,98
2020-08-13,US,Virginia,Fairfax,16703,530,0,38.83677558,-77.27565836,51059.0,1455.5585378011249,3.1730826797581266,16173,16642,529,0,16113,16544,24574,61,1,0,60,98
2020-08-13,US,Virginia,Fairfax City,92,7,0,38.85157547,-77.29779640000002,51600.0,383.03010116990714,7.608695652173912,85,92,7,0,85,91,24574,0,0,0,0,1
2020-08-13,US,Virginia,Falls Church,63,6,0,38.88485255,-77.17560759,51610.0,431.0049941848533,9.523809523809524,57,61,6,0,55,60,14772,2,0,0,2,1
2020-08-13,US,Virginia,Fauquier,624,9,0,38.73564842,-77.80647472,51061.0,876.1337788885456,1.4423076923076923,615,623,9,0,614,623,70675,1,0,0,1,0
2020-08-13,US,Virginia,Floyd,109,2,0,36.9302126,-80.36738849,51063.0,692.1074353927232,1.834862385321101,107,90,2,0,88,77,15795,19,0,0,19,13
2020-08-13,US,Virginia,Fluvanna,197,9,0,37.84157909,-78.27715475,51065.0,722.4055738907224,4.568527918781727,188,196,9,0,187,194,26783,1,0,0,1,2
2020-08-13,US,Virginia,Franklin,177,1,0,36.99536167,-79.88023649,51067.0,315.8345526569358,0.5649717514124294,176,176,1,0,175,175,56195,1,0,0,1,1
2020-08-13,US,Virginia,Franklin,177,1,0,36.99536167,-79.88023649,51067.0,315.8345526569358,0.5649717514124294,176,176,1,0,175,175,8013,1,0,0,1,1
2020-08-13,US,Virginia,Franklin City,201,6,0,36.6831435,-76.93859681,51620.0,2522.9069913392746,2.985074626865672,195,188,6,0,182,185,8013,13,0,0,13,3
2020-08-13,US,Virginia,Frederick,688,9,0,39.20172582,-78.25974949,51069.0,770.3245888056607,1.3081395348837208,679,686,9,0,677,685,88355,2,0,0,2,1
2020-08-13,US,Virginia,Fredericksburg,421,4,0,38.2977863,-77.4922454,51630.0,1449.9242319878772,0.9501187648456056,417,414,4,0,410,406,29144,7,0,0,7,8
2020-08-13,US,Virginia,Galax,352,25,0,36.66601852,-80.91703124,51640.0,5545.927209705374,7.102272727272728,327,351,24,0,327,350,6423,1,1,0,0,1
2020-08-13,US,Virginia,Giles,27,0,0,37.31234791,-80.70636931,51071.0,161.48325358851676,0.0,27,27,0,0,27,26,16844,0,0,0,0,1
2020-08-13,US,Virginia,Gloucester,171,2,0,37.40809042,-76.53524337,51073.0,457.8558423476492,1.1695906432748535,169,166,2,0,164,162,37349,5,0,0,5,4
2020-08-13,US,Virginia,Goochland,169,7,0,37.71714806,-77.90381514,51075.0,711.4890750642024,4.142011834319527,162,167,7,0,160,165,23244,2,0,0,2,2
2020-08-13,US,Virginia,Grayson,157,5,0,36.65677234,-81.23215889,51077.0,1009.6463022508037,3.1847133757961785,152,156,5,0,151,156,15631,1,0,0,1,0
2020-08-13,US,Virginia,Greene,172,2,0,38.29545894,-78.46525378,51079.0,867.8540794187396,1.162790697674419,170,169,2,0,167,167,19779,3,0,0,3,2
2020-08-13,US,Virginia,Greensville,535,11,0,36.67878901,-77.56351439,51081.0,4719.477769936486,2.05607476635514,524,529,11,0,518,497,11627,6,0,0,6,32
2020-08-13,US,Virginia,Halifax,160,2,0,36.76654925,-78.93512622,51083.0,471.823302173336,1.25,158,159,2,0,157,157,34120,1,0,0,1,2
2020-08-13,US,Virginia,Hampton,1291,7,0,37.03513786,-76.35879121,51650.0,959.7799420117464,0.5422153369481022,1284,1273,7,0,1266,1257,134313,18,0,0,18,16
2020-08-13,US,Virginia,Hanover,676,33,0,37.7583355,-77.49464673,51085.0,627.2850435202197,4.881656804733729,643,660,33,0,627,656,107239,16,0,0,16,4
2020-08-13,US,Virginia,Harrisonburg,1086,31,0,38.43542574,-78.87536254,51660.0,2048.438207333635,2.8545119705340696,1055,1083,31,0,1052,1082,54033,3,0,0,3,1
2020-08-13,US,Virginia,Henrico,3999,187,0,37.53460572,-77.39326555,51087.0,1208.8217690693978,4.6761690422605655,3812,3968,186,0,3782,3948,329261,31,1,0,30,20
2020-08-13,US,Virginia,Henry,644,9,0,36.68542395,-79.87634026,51089.0,1273.809759281603,1.3975155279503106,635,611,9,0,602,596,50953,33,0,0,33,15
2020-08-13,US,Virginia,Highland,6,0,0,38.35799465,-79.56124594,51091.0,273.97260273972597,0.0,6,6,0,0,6,6,2210,0,0,0,0,0
2020-08-13,US,Virginia,Hopewell,279,5,0,37.29186313,-77.29754684,51670.0,1238.4038350570374,1.7921146953405018,274,278,5,0,273,275,22596,1,0,0,1,3
2020-08-13,US,Virginia,Isle of Wight,415,9,0,36.90579348,-76.70842863,51093.0,1118.3270904632302,2.1686746987951806,406,401,9,0,392,390,36953,14,0,0,14,11
2020-08-13,US,Virginia,James City,624,17,0,37.31156958,-76.76950618,51095.0,815.441109208996,2.7243589743589745,607,621,17,0,604,618,76397,3,0,0,3,3
2020-08-13,US,Virginia,King George,158,4,0,38.26818502,-77.15852768,51099.0,588.7613653301537,2.5316455696202533,154,153,4,0,149,149,26575,5,0,0,5,4
2020-08-13,US,Virginia,King William,93,2,0,37.70965316,-77.09384941,51101.0,542.3372988103569,2.150537634408602,91,91,2,0,89,90,16939,2,0,0,2,1
2020-08-13,US,Virginia,King and Queen,42,1,0,37.71044922,-76.88689628,51097.0,597.8647686832742,2.380952380952381,41,42,1,0,41,42,7042,0,0,0,0,0
2020-08-13,US,Virginia,Lancaster,45,0,0,37.71889653,-76.46400482,51103.0,424.4081863623503,0.0,45,41,0,0,41,40,10783,4,0,0,4,1
2020-08-13,US,Virginia,Lee,135,1,0,36.70586667,-83.12606515,51105.0,576.3565725995816,0.7407407407407407,134,130,1,0,129,125,23541,5,0,0,5,5
2020-08-13,US,Virginia,Lexington,34,0,0,37.78258621,-79.44262866,51678.0,456.6210045662101,0.0,34,33,0,0,33,33,7136,1,0,0,1,0
2020-08-13,US,Virginia,Loudoun,5403,115,0,39.08990083,-77.63481877,51107.0,1306.5304760384774,2.1284471589857485,5288,5372,115,0,5257,5346,406850,31,0,0,31,26
2020-08-13,US,Virginia,Louisa,198,2,0,37.97850256,-77.96274807,51109.0,526.721821712644,1.0101010101010102,196,195,2,0,193,190,36778,3,0,0,3,5
2020-08-13,US,Virginia,Lunenburg,66,1,0,36.94618528,-78.24133319,51111.0,541.1610364053788,1.5151515151515151,65,66,1,0,65,64,12086,0,0,0,0,2
2020-08-13,US,Virginia,Lynchburg,680,5,0,37.40021399,-79.19888138,51680.0,827.5727777236881,0.7352941176470589,675,654,5,0,649,644,82126,26,0,0,26,10
2020-08-13,US,Virginia,Madison,73,1,0,38.41531222,-78.28220331,51113.0,550.4863886584723,1.3698630136986298,72,71,1,0,70,70,13295,2,0,0,2,1
2020-08-13,US,Virginia,Manassas,1679,22,0,38.7464321,-77.48509905,51683.0,4086.649628818304,1.3103037522334724,1657,1670,23,0,1647,1666,41641,9,-1,0,10,4
2020-08-13,US,Virginia,Manassas Park,520,7,0,38.77058531,-77.44399307,51685.0,2975.1687836136853,1.3461538461538465,513,518,7,0,511,516,17307,2,0,0,2,2
2020-08-13,US,Virginia,Martinsville,229,3,0,36.68212094,-79.86352771,51690.0,1824.1198024534008,1.310043668122271,226,219,3,0,216,215,12902,10,0,0,10,4
2020-08-13,US,Virginia,Mathews,20,0,0,37.44164146,-76.34098896,51115.0,226.39800769753222,0.0,20,18,0,0,18,18,8802,2,0,0,2,0
2020-08-13,US,Virginia,Mecklenburg,449,32,0,36.67882005,-78.36131056,51117.0,1467.9438977343314,7.126948775055681,417,447,32,0,415,446,30650,2,0,0,2,1
2020-08-13,US,Virginia,Middlesex,49,1,0,37.63191998,-76.55064617,51119.0,463.0504630504631,2.0408163265306123,48,46,1,0,45,46,10769,3,0,0,3,0
2020-08-13,US,Virginia,Montgomery,313,3,0,37.17746986,-80.37868691,51121.0,317.65362561526365,0.9584664536741214,310,312,3,0,309,307,98985,1,0,0,1,5
2020-08-13,US,Virginia,Nelson,57,0,0,37.78790447,-78.88498513,51125.0,381.7816476892164,0.0,57,54,0,0,54,52,14836,3,0,0,3,2
2020-08-13,US,Virginia,New Kent,132,1,0,37.50694406,-76.99828634,51127.0,571.651292711446,0.7575757575757576,131,129,1,0,128,128,22391,3,0,0,3,1
2020-08-13,US,Virginia,Newport News,1898,20,0,37.08166899,-76.51754109,51700.0,1059.0040451945881,1.053740779768177,1878,1872,19,0,1853,1855,178626,26,1,0,25,17
2020-08-13,US,Virginia,Norfolk,3858,33,0,36.89934014,-76.26420872,51710.0,1589.3417702746124,0.8553654743390358,3825,3802,33,0,3769,3787,244076,56,0,0,56,15
2020-08-13,US,Virginia,Northampton,297,29,0,37.34062933,-75.87751591,51131.0,2536.2937660119555,9.764309764309765,268,296,29,0,267,296,11735,1,0,0,1,0
2020-08-13,US,Virginia,Northumberland,77,3,0,37.89202088,-76.41949732,51133.0,636.6267052501032,3.8961038961038965,74,78,3,0,75,78,12147,-1,0,0,-1,0
2020-08-13,US,Virginia,Norton,22,0,0,36.93357076,-82.62750411,51720.0,552.624968600854,0.0,22,21,0,0,21,21,3968,1,0,0,1,0
2020-08-13,US,Virginia,Nottoway,183,14,0,37.1435975,-78.05065922,51135.0,1201.4180672268908,7.6502732240437155,169,182,14,0,168,182,15420,1,0,0,1,0
2020-08-13,US,Virginia,Orange,232,3,0,38.24530219,-78.01560400000002,51137.0,626.1639361960541,1.293103448275862,229,231,3,0,228,230,36644,1,0,0,1,1
2020-08-13,US,Virginia,Page,349,25,0,38.61807452,-78.48797204,51139.0,1460.1288595096646,7.163323782234957,324,347,25,0,322,346,23933,2,0,0,2,1
2020-08-13,US,Virginia,Patrick,167,4,0,36.680163799999995,-80.2865648,51141.0,948.4325306678784,2.395209580838323,163,161,4,0,157,161,17673,6,0,0,6,0
2020-08-13,US,Virginia,Petersburg,531,19,0,37.20530399,-77.39368102,51730.0,1693.996044152364,3.5781544256120528,512,531,19,0,512,526,31567,0,0,0,0,5
2020-08-13,US,Virginia,Pittsylvania,530,2,0,36.81980341,-79.39731264,51143.0,878.1522351459721,0.37735849056603776,528,516,2,0,514,507,60949,14,0,0,14,9
2020-08-13,US,Virginia,Poquoson,44,0,0,37.14259351,-76.35798148,51735.0,358.5689837829028,0.0,44,44,0,0,44,44,12190,0,0,0,0,0
2020-08-13,US,Virginia,Portsmouth,1907,25,0,36.85914825,-76.35971629,51740.0,2020.169918854213,1.3109596224436288,1882,1855,25,0,1830,1833,94632,52,0,0,52,22
2020-08-13,US,Virginia,Powhatan,156,4,0,37.55016038,-77.91267882,51145.0,526.1027923917443,2.5641025641025643,152,151,4,0,147,149,29189,5,0,0,5,2
2020-08-13,US,Virginia,Prince Edward,427,10,0,37.22554789,-78.43597949,51147.0,1872.6427506359091,2.34192037470726,417,423,11,0,412,423,22950,4,-1,0,5,0
2020-08-13,US,Virginia,Prince George,424,2,0,37.18497668,-77.22922187,51149.0,1105.5197768101582,0.4716981132075472,422,424,2,0,422,416,38082,0,0,0,0,8
2020-08-13,US,Virginia,Prince William,9686,178,0,38.70916224,-77.48713689,51153.0,2059.383205587507,1.837703902539748,9508,9605,176,0,9429,9566,468011,81,2,0,79,39
2020-08-13,US,Virginia,Pulaski,90,3,0,37.06474963,-80.71229738,51155.0,264.4958415376025,3.333333333333333,87,90,3,0,87,90,34066,0,0,0,0,0
2020-08-13,US,Virginia,Radford,60,0,0,37.12222899,-80.56027320000003,51750.0,328.7851389117212,0.0,60,58,0,0,58,56,18339,2,0,0,2,2
2020-08-13,US,Virginia,Rappahannock,44,2,0,38.68295619,-78.15826963,51157.0,597.0149253731344,4.545454545454546,42,44,2,0,42,44,7252,0,0,0,0,0
2020-08-13,US,Virginia,Richmond,321,4,0,37.937575,-76.72920628,51159.0,3557.575085891611,1.2461059190031152,317,322,4,0,318,322,9038,-1,0,0,-1,0
2020-08-13,US,Virginia,Richmond City,3280,41,0,37.53255773,-77.47966921,51760.0,1423.388706625701,1.25,3239,3248,41,0,3207,3229,228783,32,0,0,32,19
2020-08-13,US,Virginia,Roanoke,506,4,0,37.26865804,-80.06396753,51161.0,537.2348332023868,0.7905138339920948,502,502,4,0,498,498,94073,4,0,0,4,4
2020-08-13,US,Virginia,Roanoke City,1041,15,0,37.27791025,-79.96189766,51770.0,1049.9984870338803,1.4409221902017288,1026,1036,15,0,1021,1032,99920,5,0,0,5,4
2020-08-13,US,Virginia,Rockbridge,71,1,0,37.81204314,-79.44605905,51163.0,314.53506401453063,1.4084507042253518,70,69,1,0,68,68,22752,2,0,0,2,1
2020-08-13,US,Virginia,Rockingham,963,20,0,38.51006137,-78.87260325,51165.0,1175.13545174989,2.0768431983385254,943,957,19,0,938,950,81244,6,1,0,5,7
2020-08-13,US,Virginia,Russell,136,2,0,36.93028320000001,-82.10095486,51167.0,511.5474309787106,1.4705882352941178,134,134,2,0,132,130,26748,2,0,0,2,4
2020-08-13,US,Virginia,Salem,164,3,0,37.2836193,-80.06219455,51775.0,648.1957234891902,1.8292682926829267,161,163,3,0,160,163,25643,1,0,0,1,0
2020-08-13,US,Virginia,Scott,111,3,0,36.71466456,-82.60171704,51169.0,514.6990633404433,2.702702702702702,108,111,3,0,108,111,21534,0,0,0,0,0
2020-08-13,US,Virginia,Shenandoah,728,46,0,38.85905135,-78.56813762,51171.0,1669.112252384446,6.3186813186813175,682,724,46,0,678,722,43497,4,0,0,4,2
2020-08-13,US,Virginia,Smyth,158,3,0,36.84455636,-81.53344948,51173.0,524.8471963858624,1.8987341772151896,155,154,3,0,151,151,30472,4,0,0,4,3
2020-08-13,US,Virginia,Southampton,278,13,0,36.72231125,-77.10642712,51175.0,1576.7681923884068,4.676258992805756,265,285,13,0,272,274,17586,-7,0,0,-7,11
2020-08-13,US,Virginia,Spotsylvania,1570,35,0,38.18574462,-77.655399,51177.0,1152.589656058437,2.2292993630573252,1535,1536,35,0,1501,1514,134238,34,0,0,34,22
2020-08-13,US,Virginia,Stafford,1446,10,0,38.41758738,-77.45917053,51179.0,945.827500948444,0.6915629322268326,1436,1424,9,0,1415,1405,149960,22,1,0,21,19
2020-08-13,US,Virginia,Staunton,155,0,0,38.15965544,-79.05979937,51790.0,621.6909995186909,0.0,155,154,0,0,154,154,24922,1,0,0,1,0
2020-08-13,US,Virginia,Suffolk,1351,53,0,36.70155394,-76.63603554,51800.0,1466.7564163807706,3.923019985196151,1298,1334,53,0,1281,1316,91185,17,0,0,17,18
2020-08-13,US,Virginia,Surry,52,2,0,37.11781893,-76.88450012,51181.0,809.7165991902832,3.8461538461538463,50,51,2,0,49,52,6474,1,0,0,1,-1
2020-08-13,US,Virginia,Sussex,313,9,0,36.92432914,-77.25791182,51183.0,2804.9108343041494,2.8753993610223643,304,310,9,0,301,308,11237,3,0,0,3,2
2020-08-13,US,Virginia,Tazewell,126,0,0,37.12191123,-81.56685568,51185.0,310.3830521000123,0.0,126,123,0,0,123,122,40855,3,0,0,3,1
2020-08-13,US,Virginia,Virginia Beach,5204,54,0,36.73285734,-76.04566934,51810.0,1156.5112650953167,1.037663335895465,5150,5139,54,0,5085,5111,450189,65,0,0,65,28
2020-08-13,US,Virginia,Warren,360,6,0,38.90847745,-78.20280433,51187.0,896.3250672243802,1.6666666666666667,354,356,6,0,350,356,40003,4,0,0,4,0
2020-08-13,US,Virginia,Washington,242,6,0,36.72341572,-81.95666289,51191.0,450.3163379233346,2.479338842975207,236,237,6,0,231,231,54402,5,0,0,5,6
2020-08-13,US,Virginia,Waynesboro,180,3,0,38.06451466,-78.90293905,51820.0,795.4043305346886,1.6666666666666667,177,177,3,0,174,177,22628,3,0,0,3,0
2020-08-13,US,Virginia,Westmoreland,216,3,0,38.11021557,-76.80213247,51193.0,1199.000832639467,1.3888888888888888,213,214,3,0,211,213,17830,2,0,0,2,1
2020-08-13,US,Virginia,Williamsburg,130,6,0,37.28131268,-76.70905141,51830.0,869.3326200347733,4.615384615384615,124,128,6,0,122,128,14896,2,0,0,2,0
2020-08-13,US,Virginia,Winchester,408,4,0,39.17054517,-78.17325058,51840.0,1453.094949782748,0.9803921568627452,404,404,4,0,400,403,28108,4,0,0,4,1
2020-08-13,US,Virginia,Wise,201,4,0,36.9746148,-82.62410519,51195.0,537.6775539683814,1.9900497512437807,197,181,3,0,178,168,38012,20,1,0,19,13
2020-08-13,US,Virginia,Wythe,120,3,0,36.91582035,-81.07834059,51197.0,418.35169432436203,2.5,117,119,3,0,116,116,28754,1,0,0,1,3
2020-08-13,US,Virginia,York,383,4,0,37.24374789,-76.54412815,51199.0,560.9256004686583,1.0443864229765014,379,375,4,0,371,374,67846,8,0,0,8,1
2020-08-13,US,Washington,Adams,460,5,0,46.98299757,-118.56017340000001,53001.0,2301.956663163689,1.0869565217391304,455,457,5,0,452,457,19759,3,0,0,3,0
2020-08-13,US,Washington,Asotin,31,2,0,46.18894415,-117.2022851,53003.0,137.27747763705605,6.451612903225807,29,28,2,0,26,28,22610,3,0,0,3,0
2020-08-13,US,Washington,Benton,3802,120,0,46.23946995,-119.51208340000001,53005.0,1860.1692842115565,3.1562335612835355,3682,3787,119,0,3668,3776,201877,15,1,0,14,11
2020-08-13,US,Washington,Chelan,1449,10,0,47.87046092,-120.6173956,53007.0,1876.9430051813474,0.6901311249137336,1439,1405,10,0,1395,1363,77036,44,0,0,44,42
2020-08-13,US,Washington,Clallam,144,0,0,48.04754642,-123.92263190000001,53009.0,186.21251503278117,0.0,144,142,0,0,142,139,76737,2,0,0,2,3
2020-08-13,US,Washington,Clark,1874,46,0,45.77568046,-122.48292040000001,53011.0,383.8268396140432,2.4546424759871934,1828,1849,45,0,1804,1823,481857,25,1,0,24,26
2020-08-13,US,Washington,Columbia,13,1,0,46.29442881,-117.9051983,53013.0,326.2233375156838,7.6923076923076925,12,13,1,0,12,13,4059,0,0,0,0,0
2020-08-13,US,Washington,Cowlitz,502,5,0,46.19074721,-122.6782231,53015.0,453.91661316719865,0.99601593625498,497,496,5,0,491,495,108987,6,0,0,6,1
2020-08-13,US,Washington,Douglas,985,7,0,47.7361335,-119.69293700000001,53017.0,2268.069722996155,0.7106598984771574,978,976,7,0,969,965,42907,9,0,0,9,11
2020-08-13,US,Washington,Ferry,22,0,0,48.471143100000006,-118.5154041,53019.0,288.4489314278223,0.0,22,22,0,0,22,23,7649,0,0,0,0,-1
2020-08-13,US,Washington,Franklin,3605,51,0,46.53351425,-118.9018212,53021.0,3785.8898153787986,1.4147018030513177,3554,3577,51,0,3526,3560,94347,28,0,0,28,17
2020-08-13,US,Washington,Garfield,4,0,0,46.43197502,-117.54540320000001,53023.0,179.77528089887642,0.0,4,4,0,0,4,4,2247,0,0,0,0,0
2020-08-13,US,Washington,Grant,1627,13,0,47.20753737,-119.4500749,53025.0,1664.7396478159885,0.7990165949600492,1614,1584,13,0,1571,1562,97331,43,0,0,43,22
2020-08-13,US,Washington,Grays Harbor,127,3,0,47.14003705,-123.7820567,53027.0,169.19572081373815,2.3622047244094486,124,125,3,0,122,122,73901,2,0,0,2,3
2020-08-13,US,Washington,Island,249,11,0,48.14713305,-122.5216407,53029.0,292.4560435043046,4.417670682730924,238,249,11,0,238,249,84460,0,0,0,0,0
2020-08-13,US,Washington,Jefferson,56,0,0,47.75003077,-123.56097040000002,53031.0,173.79969585053226,0.0,56,55,0,0,55,55,31729,1,0,0,1,0
2020-08-13,US,Washington,King,17118,686,0,47.49137892,-121.8346131,53033.0,759.8604747374579,4.007477509054796,16432,16941,684,0,16257,16808,2233163,177,2,0,175,133
2020-08-13,US,Washington,Kitsap,778,7,0,47.63479026,-122.6436061,53035.0,286.5846695619822,0.8997429305912596,771,768,7,0,761,761,269805,10,0,0,10,7
2020-08-13,US,Washington,Kittitas,412,20,0,47.12521214,-120.67943899999999,53037.0,859.4972358402002,4.854368932038835,392,412,20,0,392,394,47364,0,0,0,0,18
2020-08-13,US,Washington,Klickitat,119,3,0,45.87325839,-120.7913598,53039.0,530.6577480490523,2.5210084033613445,116,119,3,0,116,118,22107,0,0,0,0,1
2020-08-13,US,Washington,Lewis,233,4,0,46.57756476,-122.39257690000001,53041.0,288.6986258936647,1.7167381974248928,229,231,4,0,227,229,79604,2,0,0,2,2
2020-08-13,US,Washington,Lincoln,27,0,0,47.57705241,-118.41943880000001,53043.0,246.82329280555808,0.0,27,27,0,0,27,27,10740,0,0,0,0,0
2020-08-13,US,Washington,Mason,240,1,0,47.35007586,-123.1863685,53045.0,359.4536304816678,0.4166666666666667,239,242,1,0,241,229,65507,-2,0,0,-2,13
2020-08-13,US,Washington,Okanogan,885,5,0,48.54855019,-119.73872240000001,53047.0,2095.0216603934373,0.5649717514124294,880,881,5,0,876,877,42132,4,0,0,4,4
2020-08-13,US,Washington,Pacific,54,2,0,46.55418369,-123.7285716,53049.0,240.309732544168,3.703703703703704,52,55,2,0,53,51,22036,-1,0,0,-1,4
2020-08-13,US,Washington,Pend Oreille,46,0,0,48.53234021,-117.2741804,53051.0,335.1792480326436,0.0,46,46,0,0,46,44,13602,0,0,0,0,2
2020-08-13,US,Washington,Pierce,5940,144,0,47.03892768,-122.14059579999999,53053.0,656.3680965325201,2.4242424242424243,5796,5874,143,0,5731,5801,891299,66,1,0,65,73
2020-08-13,US,Washington,San Juan,30,0,0,48.60182783,-122.96745,53055.0,170.62905243999546,0.0,30,30,0,0,30,30,17128,0,0,0,0,0
2020-08-13,US,Washington,Skagit,909,22,0,48.48171488,-121.766131,53057.0,703.5331450021284,2.4202420242024196,887,904,21,0,883,891,128206,5,1,0,4,13
2020-08-13,US,Washington,Skamania,57,1,0,46.02408726,-121.91644029999999,53059.0,471.737151369693,1.7543859649122806,56,57,1,0,56,57,11924,0,0,0,0,0
2020-08-13,US,Washington,Snohomish,5621,199,0,48.04615983,-121.7170703,53061.0,683.7509107961117,3.540295321117239,5422,5582,197,0,5385,5532,814901,39,2,0,37,50
2020-08-13,US,Washington,Spokane,4667,95,0,47.62113146,-117.4046494,53063.0,892.6966055723242,2.035568887936576,4572,4602,93,0,4509,4561,514631,65,2,0,63,41
2020-08-13,US,Washington,Stevens,113,1,0,48.40035475,-117.8542701,53065.0,247.14038886337292,0.8849557522123894,112,112,1,0,111,112,45260,1,0,0,1,0
2020-08-13,US,Washington,Thurston,761,11,0,46.9291895,-122.82906559999999,53067.0,261.9296748079412,1.445466491458607,750,752,11,0,741,742,286419,9,0,0,9,10
2020-08-13,US,Washington,Unassigned,210,2,0,0.0,0.0,90053.0,0.0,0.9523809523809524,208,204,2,0,202,209,,6,0,0,6,-5
2020-08-13,US,Washington,Wahkiakum,5,0,0,46.29180039999999,-123.4250831,53069.0,111.40819964349377,0.0,5,5,0,0,5,5,4426,0,0,0,0,0
2020-08-13,US,Washington,Walla Walla,572,3,0,46.23040051,-118.4775539,53071.0,941.4088215931532,0.5244755244755245,569,564,3,0,561,549,60922,8,0,0,8,15
2020-08-13,US,Washington,Whatcom,1007,39,0,48.82227976,-121.74900179999999,53073.0,439.2641997496151,3.872889771598808,968,1000,39,0,961,991,225685,7,0,0,7,9
2020-08-13,US,Washington,Whitman,118,0,0,46.90022523,-117.52417630000001,53075.0,235.51013891106498,0.0,118,113,0,0,113,110,49791,5,0,0,5,3
2020-08-13,US,Washington,Yakima,10467,217,0,46.45738486,-120.73801259999999,53077.0,4172.230570846604,2.0731823827266647,10250,10412,215,0,10197,10389,251446,55,2,0,53,23
2020-08-13,US,West Virginia,Barbour,29,1,0,39.1307219,-80.00350858,54001.0,176.38829754881093,3.4482758620689653,28,29,1,0,28,29,16535,0,0,0,0,0
2020-08-13,US,West Virginia,Berkeley,720,11,0,39.46704621,-78.02414609,54003.0,604.1738342381957,1.5277777777777777,709,713,11,0,702,699,117123,7,0,0,7,14
2020-08-13,US,West Virginia,Boone,112,0,0,38.01974191,-81.69888019,54005.0,521.9741809199795,0.0,112,109,0,0,109,105,21951,3,0,0,3,4
2020-08-13,US,West Virginia,Braxton,8,0,0,38.70036159,-80.72011184,54007.0,57.31890807480117,0.0,8,8,0,0,8,8,14089,0,0,0,0,0
2020-08-13,US,West Virginia,Brooke,70,1,0,40.27367263,-80.57915332,54009.0,319.0665025753225,1.4285714285714286,69,70,1,0,69,67,22203,0,0,0,0,3
2020-08-13,US,West Virginia,Cabell,431,3,0,38.42424062,-82.23855912,54011.0,468.75849692751115,0.6960556844547564,428,428,3,0,425,409,93224,3,0,0,3,19
2020-08-13,US,West Virginia,Calhoun,6,0,0,38.84315422,-81.11934872,54013.0,84.40005626670418,0.0,6,6,0,0,6,6,7254,0,0,0,0,0
2020-08-13,US,West Virginia,Clay,18,1,0,38.46231092,-81.07652217,54015.0,211.56558533145275,5.5555555555555545,17,18,1,0,17,18,8632,0,0,0,0,0
2020-08-13,US,West Virginia,Doddridge,6,0,0,39.27057157,-80.70671527,54017.0,71.02272727272727,0.0,6,6,0,0,6,6,8406,0,0,0,0,0
2020-08-13,US,West Virginia,Fayette,160,7,0,38.02974928,-81.08286634,54019.0,377.3050983351413,4.375,153,155,7,0,148,154,43018,5,0,0,5,1
2020-08-13,US,West Virginia,Gilmer,17,0,0,38.9251277,-80.85952723,54021.0,217.30793813115173,0.0,17,17,0,0,17,17,8026,0,0,0,0,0
2020-08-13,US,West Virginia,Grant,131,4,0,39.10314817,-79.19440518,54023.0,1132.4343015214386,3.053435114503817,127,129,4,0,125,121,11626,2,0,0,2,8
2020-08-13,US,West Virginia,Greenbrier,93,3,0,37.9463652,-80.45335881,54025.0,268.3053487969534,3.2258064516129035,90,93,3,0,90,93,34786,0,0,0,0,0
2020-08-13,US,West Virginia,Hampshire,84,1,0,39.32103553,-78.60826476,54027.0,362.4595469255663,1.1904761904761905,83,80,1,0,79,76,23347,4,0,0,4,4
2020-08-13,US,West Virginia,Hancock,112,0,0,40.51943859,-80.57461608,54029.0,388.753904894134,0.0,112,112,0,0,112,112,29094,0,0,0,0,0
2020-08-13,US,West Virginia,Hardy,62,0,0,39.00683177,-78.85855301,54031.0,450.0580720092916,0.0,62,61,0,0,61,61,13775,1,0,0,1,0
2020-08-13,US,West Virginia,Harrison,238,1,0,39.2853852,-80.37919577,54033.0,353.87177352206487,0.4201680672268908,237,235,1,0,234,232,67554,3,0,0,3,3
2020-08-13,US,West Virginia,Jackson,166,19,0,38.84263974,-81.68148753,54035.0,580.9070548712208,11.445783132530119,147,166,19,0,147,165,28706,0,0,0,0,1
2020-08-13,US,West Virginia,Jefferson,302,4,0,39.30776166,-77.86014147,54037.0,528.4709340986245,1.3245033112582782,298,299,4,0,295,296,56811,3,0,0,3,3
2020-08-13,US,West Virginia,Kanawha,1020,24,0,38.33860077,-81.52857054,54039.0,572.6347937391929,2.3529411764705883,996,976,24,0,952,960,180454,44,0,0,44,16
2020-08-13,US,West Virginia,Lewis,29,2,0,38.9947249,-80.49988181,54041.0,182.30967498585528,6.896551724137932,27,29,2,0,27,29,16024,0,0,0,0,0
2020-08-13,US,West Virginia,Lincoln,96,0,0,38.172154,-82.07017953,54043.0,470.38071439071,0.0,96,95,0,0,95,94,20599,1,0,0,1,1
2020-08-13,US,West Virginia,Logan,276,7,0,37.8299889,-81.93528571,54045.0,861.9881945095099,2.5362318840579707,269,264,7,0,257,246,32607,12,0,0,12,18
2020-08-13,US,West Virginia,Marion,195,2,0,39.50984542,-80.24244659,54049.0,347.76715651305466,1.0256410256410255,193,193,2,0,191,192,56097,2,0,0,2,1
2020-08-13,US,West Virginia,Marshall,130,1,0,39.86064362,-80.66591062,54051.0,425.79673119124817,0.7692307692307693,129,130,1,0,129,130,30785,0,0,0,0,0
2020-08-13,US,West Virginia,Mason,67,1,0,38.77071799,-82.02524219,54053.0,252.67762860159905,1.492537313432836,66,66,1,0,65,63,26718,1,0,0,1,3
2020-08-13,US,West Virginia,McDowell,64,0,0,37.38002939,-81.65083669,54047.0,363.14117113027686,0.0,64,64,0,0,64,64,18223,0,0,0,0,0
2020-08-13,US,West Virginia,Mercer,216,16,0,37.40481169,-81.11023142,54055.0,367.60951700194016,7.407407407407407,200,209,16,0,193,203,59131,7,0,0,7,6
2020-08-13,US,West Virginia,Mineral,127,4,0,39.41561583,-78.94104895,54057.0,472.6812565133243,3.1496062992125986,123,127,4,0,123,125,26940,0,0,0,0,2
2020-08-13,US,West Virginia,Mingo,195,5,0,37.73048351,-82.13338365,54059.0,832.4795081967212,2.5641025641025643,190,183,5,0,178,182,23785,12,0,0,12,1
2020-08-13,US,West Virginia,Monongalia,962,5,0,39.63218457,-80.04766838,54061.0,910.8813392417528,0.5197505197505198,957,953,5,0,948,950,106420,9,0,0,9,3
2020-08-13,US,West Virginia,Monroe,21,0,0,37.56274716,-80.54577965,54063.0,158.19209039548022,0.0,21,21,0,0,21,21,13280,0,0,0,0,0
2020-08-13,US,West Virginia,Morgan,31,0,0,39.55439028,-78.26311676,54065.0,173.3392976962648,0.0,31,30,0,0,30,30,17787,1,0,0,1,0
2020-08-13,US,West Virginia,Nicholas,40,1,0,38.29617706,-80.79759588,54067.0,163.29196603527106,2.5,39,40,1,0,39,37,24842,0,0,0,0,3
2020-08-13,US,West Virginia,Ohio,272,4,0,40.0955451,-80.62203992,54069.0,656.830310786989,1.4705882352941178,268,272,4,0,268,272,41755,0,0,0,0,0
2020-08-13,US,West Virginia,Pendleton,42,1,0,38.68314479,-79.35084086,54071.0,602.6689625484287,2.380952380952381,41,42,1,0,41,42,6997,0,0,0,0,0
2020-08-13,US,West Virginia,Pleasants,14,1,0,39.37091679,-81.16771771,54073.0,187.66756032171585,7.142857142857142,13,14,1,0,13,14,7507,0,0,0,0,0
2020-08-13,US,West Virginia,Pocahontas,42,0,0,38.32758728,-80.00993811,54075.0,509.2761004001455,0.0,42,42,0,0,42,42,8414,0,0,0,0,0
2020-08-13,US,West Virginia,Preston,125,4,0,39.46770987,-79.66712803,54077.0,373.8932759033261,3.2,121,125,4,0,121,125,33839,0,0,0,0,0
2020-08-13,US,West Virginia,Putnam,204,0,0,38.50782345,-81.9082131,54079.0,361.3817537643933,0.0,204,203,0,0,203,200,56682,1,0,0,1,3
2020-08-13,US,West Virginia,Raleigh,276,1,0,37.76936795,-81.2456041,54081.0,376.22169817750574,0.3623188405797101,275,267,1,0,266,259,74254,9,0,0,9,8
2020-08-13,US,West Virginia,Randolph,212,0,0,38.769899,-79.87919615,54083.0,738.8046698031015,0.0,212,211,0,0,211,211,28823,1,0,0,1,0
2020-08-13,US,West Virginia,Ritchie,3,0,0,39.18094587,-81.06356878,54085.0,31.400460540087924,0.0,3,3,0,0,3,3,9721,0,0,0,0,0
2020-08-13,US,West Virginia,Roane,19,1,0,38.71622686,-81.35243568,54087.0,138.80771478667447,5.2631578947368425,18,16,1,0,15,16,13932,3,0,0,3,0
2020-08-13,US,West Virginia,Summers,16,0,0,37.65390597,-80.86009693,54089.0,127.256820170206,0.0,16,15,0,0,15,14,12760,1,0,0,1,1
2020-08-13,US,West Virginia,Taylor,60,1,0,39.33602617,-80.0421439,54091.0,359.3890386343216,1.6666666666666667,59,59,1,0,58,59,16862,1,0,0,1,0
2020-08-13,US,West Virginia,Tucker,11,0,0,39.11240885,-79.57053576,54093.0,160.84222839596433,0.0,11,10,0,0,10,10,6955,1,0,0,1,0
2020-08-13,US,West Virginia,Tyler,15,0,0,39.46811972,-80.88772676,54095.0,174.60132697008495,0.0,15,15,0,0,15,15,8746,0,0,0,0,0
2020-08-13,US,West Virginia,Upshur,40,0,0,38.89285061,-80.23689136,54097.0,165.45334215751157,0.0,40,40,0,0,40,40,24415,0,0,0,0,0
2020-08-13,US,West Virginia,Wayne,214,9,0,38.14901357,-82.42287994,54099.0,543.1196385970255,4.205607476635514,205,214,9,0,205,212,39944,0,0,0,0,2
2020-08-13,US,West Virginia,Webster,4,0,0,38.49370949,-80.4202023,54101.0,49.297510475720976,0.0,4,4,0,0,4,4,8285,0,0,0,0,0
2020-08-13,US,West Virginia,Wetzel,44,0,0,39.6065771,-80.64016540000001,54103.0,292.0677066047129,0.0,44,44,0,0,44,44,15270,0,0,0,0,0
2020-08-13,US,West Virginia,Wirt,7,0,0,39.02775007,-81.37473928,54105.0,120.25425184676172,0.0,7,7,0,0,7,7,5830,0,0,0,0,0
2020-08-13,US,West Virginia,Wood,266,5,0,39.20967886,-81.5162836,54107.0,318.4942168155368,1.8796992481203008,261,264,5,0,259,256,84203,2,0,0,2,8
2020-08-13,US,West Virginia,Wyoming,43,2,0,37.612327,-81.54511071,54109.0,210.84632735118169,4.651162790697675,41,37,2,0,35,34,20786,6,0,0,6,3
2020-08-13,US,Wisconsin,Adams,91,2,0,43.96974651,-89.76782777,55001.0,450.049455984174,2.1978021978021984,89,89,2,0,87,86,20348,2,0,0,2,3
2020-08-13,US,Wisconsin,Ashland,29,1,0,46.31956891,-90.67837132,55003.0,186.3513687186737,3.4482758620689653,28,27,1,0,26,26,15600,2,0,0,2,1
2020-08-13,US,Wisconsin,Barron,315,3,0,45.42372701,-91.84833627,55005.0,696.224913800725,0.9523809523809524,312,308,3,0,305,296,45164,7,0,0,7,12
2020-08-13,US,Wisconsin,Bayfield,30,1,0,46.52868768,-91.19716729,55007.0,199.52114924181961,3.333333333333333,29,29,1,0,28,29,15042,1,0,0,1,0
2020-08-13,US,Wisconsin,Brown,4391,54,0,44.452655299999996,-88.00411844,55009.0,1659.84985370943,1.229788203142792,4337,4352,54,0,4298,4340,263378,39,0,0,39,12
2020-08-13,US,Wisconsin,Buffalo,45,2,0,44.37835084,-91.75332578,55011.0,345.330366050188,4.4444444444444455,43,45,2,0,43,44,13125,0,0,0,0,1
2020-08-13,US,Wisconsin,Burnett,25,1,0,45.86303537,-92.36711412,55013.0,162.1902166861295,4.0,24,23,1,0,22,22,15392,2,0,0,2,1
2020-08-13,US,Wisconsin,Calumet,355,2,0,44.0816316,-88.21780273,55015.0,708.7384455668912,0.5633802816901409,353,340,2,0,338,334,50159,15,0,0,15,6
2020-08-13,US,Wisconsin,Chippewa,252,0,0,45.06939744,-91.28068855,55017.0,389.7429552414241,0.0,252,244,0,0,244,241,64135,8,0,0,8,3
2020-08-13,US,Wisconsin,Clark,191,8,0,44.73483377,-90.61207486,55019.0,549.2609420831656,4.18848167539267,183,190,8,0,182,189,34709,1,0,0,1,1
2020-08-13,US,Wisconsin,Columbia,274,2,0,43.46492199,-89.33589004,55021.0,476.2566919279705,0.7299270072992701,272,273,2,0,271,255,57358,1,0,0,1,18
2020-08-13,US,Wisconsin,Crawford,82,0,0,43.23870316,-90.93073686,55023.0,508.3379827661025,0.0,82,78,0,0,78,76,16291,4,0,0,4,2
2020-08-13,US,Wisconsin,Dane,4666,38,0,43.06601594,-89.41733797,55025.0,853.4923494818868,0.8144020574367766,4628,4630,38,0,4592,4578,542364,36,0,0,36,52
2020-08-13,US,Wisconsin,Dodge,875,5,0,43.41576662,-88.70928178,55027.0,996.1406664465668,0.5714285714285714,870,857,5,0,852,845,87847,18,0,0,18,12
2020-08-13,US,Wisconsin,Door,109,3,0,44.95856458,-87.30002707,55029.0,393.95691773890417,2.7522935779816518,106,107,3,0,104,107,27610,2,0,0,2,0
2020-08-13,US,Wisconsin,Douglas,207,0,0,46.43222285,-91.91595768,55031.0,479.72190034762457,0.0,207,198,0,0,198,191,43208,9,0,0,9,7
2020-08-13,US,Wisconsin,Dunn,134,0,0,44.94562799,-91.8962481,55033.0,295.3623699523894,0.0,134,131,0,0,131,128,45131,3,0,0,3,3
2020-08-13,US,Wisconsin,Eau Claire,629,4,0,44.726614,-91.28609183,55035.0,601.0740974332513,0.6359300476947536,625,612,4,0,608,596,104534,17,0,0,17,16
2020-08-13,US,Wisconsin,Florence,10,0,0,45.84963535,-88.39804137,55037.0,232.82887077997668,0.0,10,8,0,0,8,8,4321,2,0,0,2,0
2020-08-13,US,Wisconsin,Fond du Lac,712,8,0,43.75354908,-88.48885325,55039.0,688.5680299411043,1.1235955056179776,704,700,8,0,692,676,103066,12,0,0,12,24
2020-08-13,US,Wisconsin,Forest,60,4,0,45.66678019,-88.77084892,55041.0,666.3705019991115,6.666666666666668,56,60,4,0,56,60,8991,0,0,0,0,0
2020-08-13,US,Wisconsin,Grant,375,16,0,42.8671731,-90.7063218,55043.0,729.01883784677,4.266666666666667,359,368,15,0,353,362,51554,7,1,0,6,6
2020-08-13,US,Wisconsin,Green,186,1,0,42.6794956,-89.60243287,55045.0,503.24675324675326,0.5376344086021505,185,179,1,0,178,169,36929,7,0,0,7,10
2020-08-13,US,Wisconsin,Green Lake,60,0,0,43.80025981,-89.04679553,55047.0,317.2421086025485,0.0,60,57,0,0,57,57,18918,3,0,0,3,0
2020-08-13,US,Wisconsin,Iowa,88,0,0,43.00050278,-90.13469017,55049.0,371.65301123405686,0.0,88,86,0,0,86,83,23771,2,0,0,2,3
2020-08-13,US,Wisconsin,Iron,76,1,0,46.26302338,-90.24295041,55051.0,1336.3812203270618,1.3157894736842106,75,76,1,0,75,76,5676,0,0,0,0,0
2020-08-13,US,Wisconsin,Jackson,60,1,0,44.31864893,-90.80566792,55053.0,290.65542799011774,1.6666666666666667,59,59,1,0,58,58,20478,1,0,0,1,1
2020-08-13,US,Wisconsin,Jefferson,677,5,0,43.02054068,-88.77529134,55055.0,798.6410126343358,0.7385524372230429,672,657,5,0,652,647,85129,20,0,0,20,10
2020-08-13,US,Wisconsin,Juneau,145,1,0,43.92456975,-90.11120239,55057.0,543.3357065237757,0.6896551724137931,144,139,1,0,138,138,26617,6,0,0,6,1
2020-08-13,US,Wisconsin,Kenosha,2718,60,0,42.57639354,-88.04051686,55059.0,1602.9629454886442,2.207505518763797,2658,2699,59,0,2640,2692,169290,19,1,0,18,7
2020-08-13,US,Wisconsin,Kewaunee,137,2,0,44.51727459,-87.61468386,55061.0,670.4512087696977,1.45985401459854,135,135,2,0,133,135,20383,2,0,0,2,0
2020-08-13,US,Wisconsin,La Crosse,945,1,0,43.90632465,-91.11451093,55063.0,800.7388828633406,0.1058201058201058,944,932,1,0,931,921,118230,13,0,0,13,11
2020-08-13,US,Wisconsin,Lafayette,159,0,0,42.66005229,-90.1317729,55065.0,954.0954095409539,0.0,159,154,0,0,154,147,16665,5,0,0,5,7
2020-08-13,US,Wisconsin,Langlade,67,1,0,45.26271619,-89.07483625,55067.0,349.1583719839491,1.492537313432836,66,64,1,0,63,63,19268,3,0,0,3,1
2020-08-13,US,Wisconsin,Lincoln,71,0,0,45.33737523,-89.73411273,55069.0,257.31163700938646,0.0,71,70,0,0,70,69,27689,1,0,0,1,1
2020-08-13,US,Wisconsin,Manitowoc,361,1,0,44.11946801,-87.80928853,55071.0,457.0719540142566,0.2770083102493075,360,354,1,0,353,351,79074,7,0,0,7,3
2020-08-13,US,Wisconsin,Marathon,671,10,0,44.89792533,-89.75863384,55073.0,494.5022551071544,1.4903129657228018,661,668,10,0,658,662,135428,3,0,0,3,6
2020-08-13,US,Wisconsin,Marinette,449,5,0,45.38553432,-88.03324599999998,55075.0,1112.7633209417597,1.11358574610245,444,432,4,0,428,432,40434,17,1,0,16,0
2020-08-13,US,Wisconsin,Marquette,80,1,0,43.81911946,-89.40073763,55077.0,513.6766405547708,1.25,79,80,1,0,79,80,15434,0,0,0,0,0
2020-08-13,US,Wisconsin,Menominee,26,0,0,45.00422544,-88.70950714,55078.0,570.6760316066725,0.0,26,26,0,0,26,25,4658,0,0,0,0,1
2020-08-13,US,Wisconsin,Milwaukee,21666,462,0,43.00486062,-87.96733172,55079.0,2290.938390189125,2.1323733037939627,21204,21396,462,0,20934,21331,948201,270,0,0,270,65
2020-08-13,US,Wisconsin,Monroe,249,2,0,43.94641218,-90.61881899999999,55081.0,538.3434588026722,0.8032128514056225,247,248,2,0,246,245,46051,1,0,0,1,3
2020-08-13,US,Wisconsin,Oconto,262,1,0,45.02715345,-88.26807503,55083.0,690.7461112575799,0.3816793893129771,261,253,1,0,252,259,37830,9,0,0,9,-6
2020-08-13,US,Wisconsin,Oneida,160,0,0,45.70677897,-89.51944105,55085.0,449.5013344570866,0.0,160,156,0,0,156,153,35470,4,0,0,4,3
2020-08-13,US,Wisconsin,Outagamie,1326,14,0,44.41578887,-88.46565023,55087.0,705.7508582377518,1.0558069381598794,1312,1310,14,0,1296,1299,187365,16,0,0,16,11
2020-08-13,US,Wisconsin,Ozaukee,737,18,0,43.38352225,-87.94625009,55089.0,826.0387128590802,2.442333785617368,719,723,18,0,705,716,89147,14,0,0,14,7
2020-08-13,US,Wisconsin,Pepin,42,0,0,44.58307413,-91.99949611,55091.0,576.3688760806916,0.0,42,42,0,0,42,42,7289,0,0,0,0,0
2020-08-13,US,Wisconsin,Pierce,230,3,0,44.71850291,-92.4224416,55093.0,537.9613603405529,1.3043478260869563,227,230,3,0,227,224,42555,0,0,0,0,6
2020-08-13,US,Wisconsin,Polk,138,2,0,45.46130348,-92.44182875,55095.0,315.19082749012176,1.4492753623188406,136,138,2,0,136,137,43598,0,0,0,0,1
2020-08-13,US,Wisconsin,Portage,438,0,0,44.47558711,-89.50152965,55097.0,618.8888260894139,0.0,438,428,0,0,428,426,70942,10,0,0,10,2
2020-08-13,US,Wisconsin,Price,32,0,0,45.68051754,-90.36098879999999,55099.0,239.68242079245,0.0,32,33,0,0,33,33,13397,-1,0,0,-1,0
2020-08-13,US,Wisconsin,Racine,3599,78,0,42.74753117,-88.05941254,55101.0,1833.315504480136,2.1672686857460404,3521,3571,78,0,3493,3567,196584,28,0,0,28,4
2020-08-13,US,Wisconsin,Richland,37,4,0,43.3762778,-90.43012729,55103.0,214.46788778112682,10.810810810810812,33,37,4,0,33,37,17377,0,0,0,0,0
2020-08-13,US,Wisconsin,Rock,1462,26,0,42.67151616,-89.07147900000002,55105.0,894.9887973358473,1.7783857729138166,1436,1447,26,0,1421,1444,163129,15,0,0,15,3
2020-08-13,US,Wisconsin,Rusk,21,1,0,45.47498854,-91.1333012,55107.0,148.11680067710537,4.761904761904762,20,21,1,0,20,21,14147,0,0,0,0,0
2020-08-13,US,Wisconsin,Sauk,484,3,0,43.42574087,-89.94966132,55111.0,751.0629713540857,0.6198347107438017,481,472,3,0,469,452,64249,12,0,0,12,20
2020-08-13,US,Wisconsin,Sawyer,86,0,0,45.87931905,-91.14504927,55113.0,519.3863993235898,0.0,86,82,0,0,82,76,16489,4,0,0,4,6
2020-08-13,US,Wisconsin,Shawano,207,0,0,44.78902246,-88.76443896,55115.0,506.1248441282183,0.0,207,205,0,0,205,204,40796,2,0,0,2,1
2020-08-13,US,Wisconsin,Sheboygan,804,8,0,43.72099677,-87.94579284,55117.0,697.0695335529738,0.9950248756218906,796,786,8,0,778,776,115456,18,0,0,18,10
2020-08-13,US,Wisconsin,St. Croix,524,5,0,45.03437474,-92.45000068,55109.0,577.8115937234662,0.9541984732824428,519,514,5,0,509,512,89694,10,0,0,10,2
2020-08-13,US,Wisconsin,Taylor,73,1,0,45.21179252,-90.5004405,55119.0,358.84579462222877,1.3698630136986298,72,73,1,0,72,71,20412,0,0,0,0,2
2020-08-13,US,Wisconsin,Trempealeau,360,2,0,44.30360275,-91.35893614,55121.0,1214.206212688455,0.5555555555555556,358,354,2,0,352,345,29442,6,0,0,6,9
2020-08-13,US,Wisconsin,Vernon,68,0,0,43.59422667,-90.8324691,55123.0,220.6216338978652,0.0,68,67,0,0,67,66,30785,1,0,0,1,1
2020-08-13,US,Wisconsin,Vilas,66,0,0,46.05467334,-89.51719204,55125.0,297.3642712322595,0.0,66,65,0,0,65,60,21938,1,0,0,1,5
2020-08-13,US,Wisconsin,Walworth,1401,24,0,42.66858202,-88.54163073,55127.0,1348.827357800285,1.7130620985010707,1377,1369,23,0,1346,1359,103718,32,1,0,31,10
2020-08-13,US,Wisconsin,Washburn,49,0,0,45.89838588,-91.79050449,55129.0,311.70483460559797,0.0,49,47,0,0,47,47,15878,2,0,0,2,0
2020-08-13,US,Wisconsin,Washington,1147,22,0,43.36863664,-88.22974712,55131.0,843.1715600511636,1.9180470793374016,1125,1115,22,0,1093,1108,135693,32,0,0,32,7
2020-08-13,US,Wisconsin,Waukesha,4515,61,0,43.01833055,-88.30431188,55133.0,1117.0268036952186,1.3510520487264672,4454,4402,59,0,4343,4354,403072,113,2,0,111,48
2020-08-13,US,Wisconsin,Waupaca,494,16,0,44.47068056,-88.96534501,55135.0,968.8174151794467,3.238866396761133,478,480,15,0,465,473,51128,14,1,0,13,7
2020-08-13,US,Wisconsin,Waushara,122,1,0,44.11324419,-89.24317107,55137.0,499.1204025692428,0.819672131147541,121,120,1,0,119,120,24263,2,0,0,2,0
2020-08-13,US,Wisconsin,Winnebago,1235,18,0,44.06886922,-88.64477096,55139.0,718.4116993490668,1.4574898785425099,1217,1216,18,0,1198,1212,171020,19,0,0,19,4
2020-08-13,US,Wisconsin,Wood,339,2,0,44.45537896,-90.04158336,55141.0,464.3899231496322,0.5899705014749262,337,327,2,0,325,322,73055,12,0,0,12,5
2020-08-13,US,Wyoming,Albany,90,0,0,41.65498705,-105.72354150000001,56001.0,231.48148148148152,0.0,90,89,0,0,89,88,38601,1,0,0,1,1
2020-08-13,US,Wyoming,Big Horn,37,0,0,44.52405055,-107.9960365,56003.0,313.8252756573367,0.0,37,37,0,0,37,37,11881,0,0,0,0,0
2020-08-13,US,Wyoming,Campbell,139,0,0,44.24886082,-105.54744040000001,56005.0,299.9503679247319,0.0,139,132,0,0,132,129,46140,7,0,0,7,3
2020-08-13,US,Wyoming,Carbon,105,0,0,41.69357844,-106.9326084,56007.0,709.4594594594595,0.0,105,105,0,0,105,103,14971,0,0,0,0,2
2020-08-13,US,Wyoming,Converse,32,0,0,42.97272268,-105.5081848,56009.0,231.51497612501808,0.0,32,31,0,0,31,31,13640,1,0,0,1,0
2020-08-13,US,Wyoming,Crook,10,0,0,44.58855102,-104.56977049999999,56011.0,131.85654008438817,0.0,10,10,0,0,10,10,7450,0,0,0,0,0
2020-08-13,US,Wyoming,Fremont,500,0,0,43.04183996,-108.6296893,56013.0,1273.528437890018,0.0,500,500,0,0,500,497,39531,0,0,0,0,3
2020-08-13,US,Wyoming,Goshen,36,0,0,42.08798185,-104.3534743,56015.0,272.50018923624253,0.0,36,34,0,0,34,34,13376,2,0,0,2,0
2020-08-13,US,Wyoming,Hot Springs,23,0,0,43.71930657,-108.44231740000001,56017.0,521.1874008610922,0.0,23,23,0,0,23,23,4555,0,0,0,0,0
2020-08-13,US,Wyoming,Johnson,25,1,0,44.04057166,-106.58451740000001,56019.0,296.03315571343984,4.0,24,24,1,0,23,24,8460,1,0,0,1,0
2020-08-13,US,Wyoming,Laramie,509,0,0,41.30702520000001,-104.6887497,56021.0,511.5577889447236,0.0,509,504,0,0,504,500,98976,5,0,0,5,4
2020-08-13,US,Wyoming,Lincoln,101,0,0,42.26376367,-110.6563997,56023.0,509.3292990418559,0.0,101,100,0,0,100,103,19434,1,0,0,1,-3
2020-08-13,US,Wyoming,Natrona,240,0,0,42.96180148,-106.79788500000001,56025.0,300.53344686819105,0.0,240,238,0,0,238,238,79115,2,0,0,2,0
2020-08-13,US,Wyoming,Niobrara,2,0,0,43.05607708,-104.47588959999999,56027.0,84.88964346349746,0.0,2,2,0,0,2,2,2388,0,0,0,0,0
2020-08-13,US,Wyoming,Park,139,0,0,44.52157546,-109.58528249999999,56029.0,476.12523121189287,0.0,139,135,0,0,135,135,29324,4,0,0,4,0
2020-08-13,US,Wyoming,Platte,6,0,0,42.13299116,-104.96633100000001,56031.0,71.4881448826403,0.0,6,5,0,0,5,5,8566,1,0,0,1,0
2020-08-13,US,Wyoming,Sheridan,74,0,0,44.79048913,-106.8862389,56033.0,242.74233229457107,0.0,74,73,0,0,73,73,30233,1,0,0,1,0
2020-08-13,US,Wyoming,Sublette,40,0,0,42.76558279,-109.91309220000001,56035.0,406.87620791374223,0.0,40,40,0,0,40,39,9813,0,0,0,0,1
2020-08-13,US,Wyoming,Sweetwater,267,0,0,41.65943896,-108.8827882,56037.0,630.5646742082516,0.0,267,266,0,0,266,267,43051,1,0,0,1,-1
2020-08-13,US,Wyoming,Teton,375,0,0,43.93522482,-110.5890801,56039.0,1598.1929764745996,0.0,375,373,0,0,373,372,23081,2,0,0,2,1
2020-08-13,US,Wyoming,Uinta,278,0,0,41.2878183,-110.54757820000002,56041.0,1374.4685058835162,0.0,278,278,0,0,278,279,20299,0,0,0,0,-1
2020-08-13,US,Wyoming,Unassigned,0,29,0,0.0,0.0,90056.0,0.0,0.0,-29,0,28,0,-28,0,,0,1,0,-1,0
2020-08-13,US,Wyoming,Washakie,86,0,0,43.90451606,-107.68018700000002,56043.0,1101.8577834721332,0.0,86,82,0,0,82,79,7885,4,0,0,4,3
2020-08-13,US,Wyoming,Weston,5,0,0,43.83961191,-104.56748809999999,56045.0,72.18131947452,0.0,5,5,0,0,5,5,6967,0,0,0,0,0
