Date,Country/Region,Province/State,Admin2,Confirmed,Deaths,Recovered,Latitude,Longitude,FIPS,Incidence_Rate,Case-Fatality_Ratio,Active Cases,Previous Confirmed,Previous Deaths,Previous Recovered,Previous Active,Prev2 Confirmed,Population,Daily Confirmed,Daily Deaths,Daily Recovered,Daily Active,Previous Daily Confirmed
2020-05-29,US,Alabama,Autauga,212,3,0,32.53952745,-86.64408227,1001.0,379.4590918040416,1.4150943396226414,209,205,3,0,202,192,55601,7,0,0,7,13
2020-05-29,US,Alabama,Baldwin,282,9,0,30.72774991,-87.72207058,1003.0,126.32484298986714,3.191489361702128,273,281,9,0,272,282,218022,1,0,0,1,-1
2020-05-29,US,Alabama,Barbour,147,1,0,31.868263,-85.3871286,1005.0,595.479218990521,0.6802721088435374,146,132,1,0,131,130,24881,15,0,0,15,2
2020-05-29,US,Alabama,Bibb,71,1,0,32.99642064,-87.12511459999996,1007.0,317.04920960971685,1.4084507042253518,70,71,1,0,70,71,22400,0,0,0,0,0
2020-05-29,US,Alabama,Blount,60,1,0,33.98210918,-86.56790593,1009.0,103.75955452564591,1.6666666666666667,59,58,1,0,57,53,57840,2,0,0,2,5
2020-05-29,US,Alabama,Bullock,201,4,0,32.10030533,-85.71265535,1011.0,1989.9019899019897,1.9900497512437807,197,183,3,0,180,176,10138,18,1,0,17,7
2020-05-29,US,Alabama,Butler,396,16,0,31.75300095,-86.68057478,1013.0,2036.1990950226245,4.040404040404041,380,392,13,0,379,391,19680,4,3,0,1,1
2020-05-29,US,Alabama,Calhoun,153,3,0,33.77483727,-85.82630386,1015.0,134.67717089916815,1.96078431372549,150,152,3,0,149,152,114277,1,0,0,1,0
2020-05-29,US,Alabama,Chambers,352,24,0,32.91360079,-85.39072749,1017.0,1058.5192758765863,6.8181818181818175,328,349,24,0,325,340,33615,3,0,0,3,9
2020-05-29,US,Alabama,Cherokee,36,3,0,34.17805983,-85.60638968,1019.0,137.42556115437472,8.333333333333334,33,34,2,0,32,33,26032,2,1,0,1,1
2020-05-29,US,Alabama,Chilton,99,1,0,32.85044126,-86.7173256,1021.0,222.83244800576213,1.0101010101010102,98,97,1,0,96,93,44153,2,0,0,2,4
2020-05-29,US,Alabama,Choctaw,149,8,0,32.02227341,-88.26564429999998,1023.0,1183.5729605210902,5.369127516778524,141,148,8,0,140,148,12841,1,0,0,1,0
2020-05-29,US,Alabama,Clarke,134,2,0,31.68099859,-87.83548597,1025.0,567.2678012022691,1.492537313432836,132,129,2,0,127,128,23920,5,0,0,5,1
2020-05-29,US,Alabama,Clay,27,2,0,33.26984193,-85.85836077,1027.0,204.0045334340763,7.407407407407407,25,27,2,0,25,27,13275,0,0,0,0,0
2020-05-29,US,Alabama,Cleburne,14,1,0,33.67679204,-85.52005899,1029.0,93.89671361502349,7.142857142857142,13,13,1,0,12,13,14987,1,0,0,1,0
2020-05-29,US,Alabama,Coffee,226,1,0,31.39932826,-85.98901039,1031.0,431.7756295135837,0.4424778761061947,225,224,1,0,223,219,51909,2,0,0,2,5
2020-05-29,US,Alabama,Colbert,165,2,0,34.69847452,-87.80168544,1033.0,298.6911895150341,1.2121212121212122,163,161,2,0,159,161,54762,4,0,0,4,0
2020-05-29,US,Alabama,Conecuh,38,1,0,31.43401703,-86.99320044,1035.0,314.90842794397946,2.631578947368421,37,35,1,0,34,35,12277,3,0,0,3,0
2020-05-29,US,Alabama,Coosa,38,1,0,32.93690146,-86.24847739,1037.0,356.37250304792275,2.631578947368421,37,35,1,0,34,34,10715,3,0,0,3,1
2020-05-29,US,Alabama,Covington,77,1,0,31.247785399999998,-86.45050893,1039.0,207.8328699829955,1.2987012987012987,76,77,1,0,76,75,36986,0,0,0,0,2
2020-05-29,US,Alabama,Crenshaw,73,3,0,31.72941803,-86.31593104,1041.0,530.0609933197793,4.109589041095891,70,72,2,0,70,66,13824,1,1,0,0,6
2020-05-29,US,Alabama,Cullman,114,0,0,34.13020303,-86.86888037,1043.0,136.09015375799828,0.0,114,96,0,0,96,88,83442,18,0,0,18,8
2020-05-29,US,Alabama,Dale,106,0,0,31.43037123,-85.61095742,1045.0,215.5698364923127,0.0,106,99,0,0,99,96,48956,7,0,0,7,3
2020-05-29,US,Alabama,Dallas,255,3,0,32.32688101,-87.10866709999998,1047.0,685.5575868372944,1.1764705882352942,252,244,3,0,241,232,38310,11,0,0,11,12
2020-05-29,US,Alabama,DeKalb,243,3,0,34.45946862,-85.80782906,1049.0,339.7983583404416,1.2345679012345678,240,241,3,0,238,240,71385,2,0,0,2,1
2020-05-29,US,Alabama,Elmore,323,7,0,32.59785413,-86.14415284,1051.0,397.7391668411137,2.1671826625387,316,313,7,0,306,300,81887,10,0,0,10,13
2020-05-29,US,Alabama,Escambia,57,3,0,31.1256789,-87.15918694,1053.0,155.5974121693555,5.2631578947368425,54,49,3,0,46,48,36748,8,0,0,8,1
2020-05-29,US,Alabama,Etowah,247,11,0,34.04567266,-86.04051873,1055.0,241.5222748073689,4.453441295546559,236,244,11,0,233,240,102501,3,0,0,3,4
2020-05-29,US,Alabama,Fayette,13,0,0,33.72076938,-87.73886638,1057.0,79.74481658692186,0.0,13,13,0,0,13,13,16433,0,0,0,0,0
2020-05-29,US,Alabama,Franklin,540,7,0,34.44235334,-87.84289505,1059.0,1721.8289649894778,1.2962962962962965,533,514,7,0,507,498,31363,26,0,0,26,16
2020-05-29,US,Alabama,Geneva,39,0,0,31.09389027,-85.83572839,1061.0,148.45266643827796,0.0,39,40,0,0,40,40,26314,-1,0,0,-1,0
2020-05-29,US,Alabama,Greene,93,4,0,32.85504247,-87.95684022,1063.0,1146.5910491924544,4.301075268817204,89,92,4,0,88,91,8233,1,0,0,1,1
2020-05-29,US,Alabama,Hale,157,8,0,32.76039258,-87.63284988,1065.0,1071.599208245171,5.095541401273885,149,151,7,0,144,141,14726,6,1,0,5,10
2020-05-29,US,Alabama,Henry,73,2,0,31.51148016,-85.24267944,1067.0,424.29526300494035,2.7397260273972597,71,71,2,0,69,70,17209,2,0,0,2,1
2020-05-29,US,Alabama,Houston,204,4,0,31.15197924,-85.29939599,1069.0,192.66730889102962,1.96078431372549,200,188,4,0,184,185,104722,16,0,0,16,3
2020-05-29,US,Alabama,Jackson,76,2,0,34.78144169,-85.99750489,1071.0,147.21264479138418,2.631578947368421,74,75,2,0,73,74,51736,1,0,0,1,1
2020-05-29,US,Alabama,Jefferson,1744,102,0,33.55554728,-86.89506300000002,1073.0,264.81498634168116,5.848623853211008,1642,1712,100,0,1612,1673,659300,32,2,0,30,39
2020-05-29,US,Alabama,Lamar,23,0,0,33.77995024,-88.09668032,1075.0,166.60630206446942,0.0,23,21,0,0,21,21,13844,2,0,0,2,0
2020-05-29,US,Alabama,Lauderdale,156,2,0,34.90171875,-87.65624729,1077.0,168.23216038132622,1.2820512820512822,154,153,2,0,151,145,92387,3,0,0,3,8
2020-05-29,US,Alabama,Lawrence,48,0,0,34.52041498,-87.31069453,1079.0,145.79030494472119,0.0,48,46,0,0,46,46,32957,2,0,0,2,0
2020-05-29,US,Alabama,Lee,536,32,0,32.60154883,-85.35132246,1081.0,325.7526953604551,5.970149253731344,504,533,32,0,501,526,163941,3,0,0,3,7
2020-05-29,US,Alabama,Limestone,92,0,0,34.81185586,-86.98310072,1083.0,93.00914926957488,0.0,92,87,0,0,87,86,96174,5,0,0,5,1
2020-05-29,US,Alabama,Lowndes,227,11,0,32.1597283,-86.65158371,1085.0,2333.9502364795394,4.845814977973569,216,222,10,0,212,216,9974,5,1,0,4,6
2020-05-29,US,Alabama,Macon,72,3,0,32.38759944,-85.69267724,1087.0,398.4945760460483,4.166666666666667,69,71,2,0,69,67,18439,1,1,0,0,4
2020-05-29,US,Alabama,Madison,324,4,0,34.76327133,-86.55069633,1089.0,86.88446779241049,1.2345679012345678,320,318,4,0,314,315,366519,6,0,0,6,3
2020-05-29,US,Alabama,Marengo,160,6,0,32.24767634,-87.78796182,1091.0,848.221385781689,3.75,154,155,6,0,149,150,19066,5,0,0,5,5
2020-05-29,US,Alabama,Marion,120,11,0,34.13697363,-87.88704173,1093.0,403.91800464505707,9.166666666666666,109,119,11,0,108,117,29763,1,0,0,1,2
2020-05-29,US,Alabama,Marshall,681,9,0,34.36975964,-86.30486727,1095.0,703.7014074028148,1.3215859030837005,672,668,9,0,659,660,96109,13,0,0,13,8
2020-05-29,US,Alabama,Mobile,2162,114,0,30.78472347,-88.20842409,1097.0,523.2206384163017,5.272895467160037,2048,2124,112,0,2012,2085,413757,38,2,0,36,39
2020-05-29,US,Alabama,Monroe,36,2,0,31.56729412,-87.36995001,1099.0,173.63623209376357,5.5555555555555545,34,35,2,0,33,34,21067,1,0,0,1,1
2020-05-29,US,Alabama,Montgomery,1590,38,0,32.2206831,-86.20969272,1101.0,702.0301475587895,2.3899371069182394,1552,1541,34,0,1507,1446,225763,49,4,0,45,95
2020-05-29,US,Alabama,Morgan,244,1,0,34.45500589,-86.85475946,1103.0,203.87870887958618,0.4098360655737705,243,231,1,0,230,211,119089,13,0,0,13,20
2020-05-29,US,Alabama,Perry,35,0,0,32.64048341,-87.29770589,1105.0,392.24476073069593,0.0,35,35,0,0,35,36,9140,0,0,0,0,-1
2020-05-29,US,Alabama,Pickens,109,4,0,33.28094866,-88.08818103,1107.0,546.9141996989463,3.669724770642202,105,101,4,0,97,96,19938,8,0,0,8,5
2020-05-29,US,Alabama,Pike,191,0,0,31.80396383,-85.9408295,1109.0,576.7953131605967,0.0,191,179,0,0,179,173,33338,12,0,0,12,6
2020-05-29,US,Alabama,Randolph,125,7,0,33.29526734,-85.45708831,1111.0,550.1276296100697,5.6,118,125,7,0,118,124,22725,0,0,0,0,1
2020-05-29,US,Alabama,Russell,162,0,0,32.28725256,-85.18415324,1113.0,279.49828332844504,0.0,162,159,0,0,159,148,57781,3,0,0,3,11
2020-05-29,US,Alabama,Shelby,497,19,0,33.26879845,-86.66232561,1117.0,228.29372261164346,3.8229376257545273,478,484,19,0,465,470,215707,13,0,0,13,14
2020-05-29,US,Alabama,St. Clair,118,1,0,33.71902176,-86.31029372,1115.0,131.8259004379301,0.8474576271186439,117,116,1,0,115,108,88690,2,0,0,2,8
2020-05-29,US,Alabama,Sumter,216,6,0,32.59117397,-88.19916205,1119.0,1738.1508006759475,2.7777777777777777,210,213,6,0,207,210,12691,3,0,0,3,3
2020-05-29,US,Alabama,Talladega,106,3,0,33.37823223,-86.16886178,1121.0,132.53644752306886,2.830188679245283,103,100,3,0,97,96,79828,6,0,0,6,4
2020-05-29,US,Alabama,Tallapoosa,422,64,0,32.86698258,-85.79833053,1123.0,1045.4083781306513,15.165876777251187,358,418,64,0,354,410,40497,4,0,0,4,8
2020-05-29,US,Alabama,Tuscaloosa,720,14,0,33.28726072,-87.52556818,1125.0,343.91344844880706,1.9444444444444444,706,678,13,0,665,632,208911,42,1,0,41,46
2020-05-29,US,Alabama,Walker,330,2,0,33.80270512,-87.30027177,1127.0,519.5132318445868,0.6060606060606061,328,299,1,0,298,282,63711,31,1,0,30,17
2020-05-29,US,Alabama,Washington,67,6,0,31.4092794,-88.20689944,1129.0,410.3883376209727,8.955223880597012,61,66,6,0,60,65,16378,1,0,0,1,1
2020-05-29,US,Alabama,Wilcox,141,7,0,31.98773215,-87.30891118,1131.0,1359.2981779620168,4.964539007092198,134,134,7,0,127,132,10627,7,0,0,7,2
2020-05-29,US,Alabama,Winston,87,0,0,34.15030532,-87.37325922,1133.0,368.19162893055136,0.0,87,82,0,0,82,77,23660,5,0,0,5,5
2020-05-29,US,Alaska,Anchorage,213,4,0,61.14998174,-149.14269860000005,2020.0,73.95833333333333,1.8779342723004693,209,211,4,0,207,207,291538,2,0,0,2,4
2020-05-29,US,Alaska,Bethel,3,0,0,60.90980451,-159.8561831,2050.0,16.316762754269554,0.0,3,3,0,0,3,3,18216,0,0,0,0,0
2020-05-29,US,Alaska,Fairbanks North Star,85,2,0,64.80726247,-146.5692662,2090.0,87.76549060909252,2.3529411764705883,83,85,2,0,83,85,98971,0,0,0,0,0
2020-05-29,US,Alaska,Juneau,33,0,0,58.45031811,-134.200436,2110.0,103.20885719647215,0.0,33,32,0,0,32,31,32113,1,0,0,1,1
2020-05-29,US,Alaska,Kenai Peninsula,36,2,0,60.24429722,-151.53888840000005,2122.0,61.32043333106221,5.5555555555555545,34,34,2,0,32,27,58533,2,0,0,2,7
2020-05-29,US,Alaska,Ketchikan Gateway,16,0,0,55.57445008,-130.975561,2130.0,115.09963311991943,0.0,16,16,0,0,16,16,13918,0,0,0,0,0
2020-05-29,US,Alaska,Kodiak Island,1,0,0,57.65529415,-153.7493579,2150.0,7.693491306354824,0.0,1,1,0,0,1,1,13345,0,0,0,0,0
2020-05-29,US,Alaska,Matanuska-Susitna,24,1,0,62.31305045,-149.5741743,2170.0,22.15718677585236,4.166666666666667,23,24,1,0,23,24,107610,0,0,0,0,0
2020-05-29,US,Alaska,Nome,3,0,0,64.90320724,-164.0353804,2180.0,29.98800479808077,0.0,3,3,0,0,3,3,10008,0,0,0,0,0
2020-05-29,US,Alaska,North Slope,1,0,0,69.31479216,-153.4836093,2185.0,10.17087062652563,0.0,1,1,0,0,1,,9872,0,0,0,0,
2020-05-29,US,Alaska,Northwest Arctic,2,0,0,67.04919196,-159.7503946,2188.0,26.243275160740065,0.0,2,2,0,0,2,2,7671,0,0,0,0,0
2020-05-29,US,Alaska,Petersburg,4,1,0,57.13978948,-132.9540995,2195.0,122.47397428046541,25.0,3,4,1,0,3,4,3221,0,0,0,0,0
2020-05-29,US,Alaska,Prince of Wales-Hyder,2,0,0,55.76261984,-133.0511621,2198.0,32.24246332419797,0.0,2,2,0,0,2,2,6422,0,0,0,0,0
2020-05-29,US,Alaska,Sitka,2,0,0,57.24124555,-135.3206587,2220.0,23.54880489815142,0.0,2,2,0,0,2,2,8647,0,0,0,0,0
2020-05-29,US,Alaska,Southeast Fairbanks,3,0,0,63.87692095,-143.2127643,2240.0,43.52241404323227,0.0,3,3,0,0,3,3,6918,0,0,0,0,0
2020-05-29,US,Alaska,Yukon-Koyukuk,1,0,0,65.50815459,-151.39073869999999,2290.0,19.120458891013385,0.0,1,1,0,0,1,1,5327,0,0,0,0,0
2020-05-29,US,Arizona,Apache,1414,34,0,35.39465006,-109.4892383,4001.0,1966.9759483634039,2.4045261669024045,1380,1290,28,0,1262,1250,71818,124,6,0,118,40
2020-05-29,US,Arizona,Cochise,67,1,0,31.87934684,-109.7516088,4003.0,53.20754117628372,1.492537313432836,66,67,1,0,66,63,126770,0,0,0,0,4
2020-05-29,US,Arizona,Coconino,1104,81,0,35.83883429,-111.77071780000001,4005.0,769.4666703838969,7.336956521739131,1023,1078,79,0,999,1066,142854,26,2,0,24,12
2020-05-29,US,Arizona,Gila,28,1,0,33.80190085,-110.8132779,4007.0,51.83457366063164,3.571428571428572,27,25,1,0,24,25,53889,3,0,0,3,0
2020-05-29,US,Arizona,Graham,27,1,0,32.93166885,-109.8882178,4009.0,69.52133274969745,3.703703703703704,26,26,1,0,25,25,38072,1,0,0,1,1
2020-05-29,US,Arizona,Greenlee,4,0,0,33.21498827,-109.2405279,4011.0,42.11412929037692,0.0,4,4,0,0,4,3,9483,0,0,0,0,1
2020-05-29,US,Arizona,La Paz,54,1,0,33.72854224,-113.98100290000001,4012.0,255.8271745309835,1.851851851851852,53,53,1,0,52,54,21098,1,0,0,1,-1
2020-05-29,US,Arizona,Maricopa,9112,419,0,33.34835867,-112.49181540000001,4013.0,203.1473571893252,4.5983318700614575,8693,8896,403,0,8493,8627,4410824,216,16,0,200,269
2020-05-29,US,Arizona,Mohave,369,42,0,35.70471703,-113.7577902,4015.0,173.90812560973885,11.382113821138212,327,350,42,0,308,339,209550,19,0,0,19,11
2020-05-29,US,Arizona,Navajo,1752,58,0,35.3997715,-110.3218983,4017.0,1579.4598103205801,3.310502283105023,1694,1678,58,0,1620,1652,110445,74,0,0,74,26
2020-05-29,US,Arizona,Pima,2234,185,0,32.0971334,-111.7890033,4019.0,213.3146945560829,8.28111011638317,2049,2167,186,0,1981,2119,1039073,67,-1,0,68,48
2020-05-29,US,Arizona,Pinal,814,39,0,32.90525627,-111.3449483,4021.0,175.89009246114318,4.791154791154791,775,788,37,0,751,777,447138,26,2,0,24,11
2020-05-29,US,Arizona,Santa Cruz,262,0,0,31.52508998,-110.8479088,4023.0,563.4650952729149,0.0,262,225,0,0,225,188,46511,37,0,0,37,37
2020-05-29,US,Arizona,Unassigned,0,4,0,0.0,0.0,90004.0,0.0,0.0,-4,0,3,0,-3,0,,0,1,0,-1,0
2020-05-29,US,Arizona,Yavapai,295,6,0,34.59933926,-112.5538588,4025.0,125.47905350511914,2.0338983050847457,289,294,6,0,288,292,231993,1,0,0,1,2
2020-05-29,US,Arizona,Yuma,936,14,0,32.76895712,-113.90666740000002,4027.0,437.8189506377843,1.4957264957264955,922,936,14,0,922,838,212128,0,0,0,0,98
2020-05-29,US,Arkansas,Arkansas,4,0,0,34.29145151,-91.37277296,5001.0,22.87544321171223,0.0,4,3,0,0,3,3,17769,1,0,0,1,0
2020-05-29,US,Arkansas,Ashley,19,0,0,33.19153461,-91.76984709999999,5003.0,96.65767919825001,0.0,19,19,0,0,19,19,20046,0,0,0,0,0
2020-05-29,US,Arkansas,Baxter,9,0,0,36.28784385,-92.33782872,5005.0,21.463321568253363,0.0,9,9,0,0,9,8,41619,0,0,0,0,1
2020-05-29,US,Arkansas,Benton,468,1,0,36.33644656,-94.25680817,5007.0,167.65720549829658,0.21367521367521367,467,428,0,0,428,339,272608,40,1,0,39,89
2020-05-29,US,Arkansas,Boone,6,0,0,36.3084504,-93.09374925,5009.0,16.029066039752085,0.0,6,6,0,0,6,6,37480,0,0,0,0,0
2020-05-29,US,Arkansas,Bradley,18,1,0,33.46755808,-92.15980837,5011.0,167.2396172070984,5.5555555555555545,17,18,1,0,17,18,10897,0,0,0,0,0
2020-05-29,US,Arkansas,Carroll,24,1,0,36.34038560000001,-93.54270261,5015.0,84.56659619450318,4.166666666666667,23,24,0,0,24,21,28223,0,1,0,-1,3
2020-05-29,US,Arkansas,Chicot,15,0,0,33.26458973,-91.29539209,5017.0,148.2506424194505,0.0,15,15,0,0,15,14,10438,0,0,0,0,1
2020-05-29,US,Arkansas,Clark,39,0,0,34.04613432,-93.17484713,5019.0,174.73118279569889,0.0,39,38,0,0,38,37,22061,1,0,0,1,1
2020-05-29,US,Arkansas,Clay,4,0,0,36.36826212,-90.4148172,5021.0,27.489519620644625,0.0,4,4,0,0,4,4,14847,0,0,0,0,0
2020-05-29,US,Arkansas,Cleburne,73,4,0,35.53864922,-92.02640019,5023.0,292.94915526305226,5.479452054794519,69,73,4,0,69,73,24965,0,0,0,0,0
2020-05-29,US,Arkansas,Cleveland,19,0,0,33.89723187,-92.18537045,5025.0,238.81347410759173,0.0,19,18,0,0,18,18,8018,1,0,0,1,0
2020-05-29,US,Arkansas,Columbia,21,2,0,33.21230701,-93.22642793,5027.0,89.52551477170994,9.523809523809524,19,20,2,0,18,20,23537,1,0,0,1,0
2020-05-29,US,Arkansas,Conway,14,1,0,35.26205537,-92.70506566,5029.0,67.15916722632639,7.142857142857142,13,14,1,0,13,14,20891,0,0,0,0,0
2020-05-29,US,Arkansas,Craighead,206,0,0,35.83018283,-90.63235729,5031.0,186.70920494507487,0.0,206,203,0,0,203,191,108558,3,0,0,3,12
2020-05-29,US,Arkansas,Crawford,18,0,0,35.58928601,-94.2446814,5033.0,28.45534881515089,0.0,18,17,0,0,17,17,63406,1,0,0,1,0
2020-05-29,US,Arkansas,Crittenden,341,9,0,35.21247318,-90.30839406,5035.0,711.0833072672298,2.6392961876832843,332,318,9,0,309,301,48342,23,0,0,23,17
2020-05-29,US,Arkansas,Cross,50,0,0,35.29631396,-90.77185818,5037.0,304.5252451428223,0.0,50,48,0,0,48,46,16676,2,0,0,2,2
2020-05-29,US,Arkansas,Dallas,1,0,0,33.97042763,-92.65167437,5039.0,14.267370523612499,0.0,1,1,0,0,1,1,7182,0,0,0,0,0
2020-05-29,US,Arkansas,Desha,19,0,0,33.83011025,-91.25500948,5041.0,167.23879940146114,0.0,19,19,0,0,19,19,11512,0,0,0,0,0
2020-05-29,US,Arkansas,Drew,19,1,0,33.59035001,-91.71777921,5043.0,104.28673362972721,5.2631578947368425,18,19,1,0,18,19,18328,0,0,0,0,0
2020-05-29,US,Arkansas,Faulkner,102,3,0,35.14719007,-92.33717519,5045.0,80.94788384772275,2.9411764705882355,99,101,3,0,98,100,124806,1,0,0,1,1
2020-05-29,US,Arkansas,Franklin,4,0,0,35.51202821,-93.89299569,5047.0,22.579734688117412,0.0,4,4,0,0,4,4,17810,0,0,0,0,0
2020-05-29,US,Arkansas,Fulton,7,0,0,36.38177105,-91.81729127,5049.0,56.10322994309529,0.0,7,7,0,0,7,6,12269,0,0,0,0,1
2020-05-29,US,Arkansas,Garland,136,1,0,34.57692074,-93.14921604,5051.0,136.8401988207595,0.7352941176470589,135,136,1,0,135,135,99154,0,0,0,0,1
2020-05-29,US,Arkansas,Grant,18,0,0,34.29017991,-92.42320562,5053.0,98.54913769504519,0.0,18,18,0,0,18,17,18188,0,0,0,0,1
2020-05-29,US,Arkansas,Greene,63,0,0,36.11735460000001,-90.55832668,5055.0,138.996138996139,0.0,63,60,0,0,60,54,45325,3,0,0,3,6
2020-05-29,US,Arkansas,Hempstead,15,1,0,33.73325583,-93.66935133,5057.0,69.66375626973806,6.666666666666668,14,14,1,0,13,14,21741,1,0,0,1,0
2020-05-29,US,Arkansas,Hot Spring,32,0,0,34.31709259,-92.95396325,5059.0,94.755855615765,0.0,32,31,0,0,31,30,33701,1,0,0,1,1
2020-05-29,US,Arkansas,Howard,19,0,0,34.09007427,-93.9934871,5061.0,143.91758824420543,0.0,19,18,0,0,18,17,13341,1,0,0,1,1
2020-05-29,US,Arkansas,Independence,30,0,0,35.74242707,-91.57001641,5063.0,79.31262392597489,0.0,30,29,0,0,29,29,37678,1,0,0,1,0
2020-05-29,US,Arkansas,Izard,16,0,0,36.09604046,-91.90847954,5065.0,117.3967275662191,0.0,16,16,0,0,16,15,13593,0,0,0,0,1
2020-05-29,US,Arkansas,Jackson,1,0,0,35.59802983,-91.21494602,5067.0,5.98121897242658,0.0,1,1,0,0,1,1,16811,0,0,0,0,0
2020-05-29,US,Arkansas,Jefferson,516,25,0,34.26767081,-91.92619839,5069.0,772.1776607206991,4.844961240310077,491,515,24,0,491,510,68114,1,1,0,0,5
2020-05-29,US,Arkansas,Johnson,42,0,0,35.56759135,-93.46036368,5071.0,158.02543456994508,0.0,42,40,0,0,40,38,26742,2,0,0,2,2
2020-05-29,US,Arkansas,Lafayette,9,1,0,33.24116713,-93.60677071,5073.0,135.8695652173913,11.111111111111109,8,9,1,0,8,9,6682,0,0,0,0,0
2020-05-29,US,Arkansas,Lawrence,82,5,0,36.04188196,-91.10867198,5075.0,499.8171400707058,6.097560975609755,77,82,5,0,77,82,16434,0,0,0,0,0
2020-05-29,US,Arkansas,Lee,18,1,0,34.78498904,-90.78383866,5077.0,203.22908434007,5.5555555555555545,17,18,1,0,17,17,8985,0,0,0,0,1
2020-05-29,US,Arkansas,Lincoln,975,9,0,33.95317155,-91.74002806,5079.0,7486.179361179362,0.9230769230769232,966,975,9,0,966,975,13383,0,0,0,0,0
2020-05-29,US,Arkansas,Little River,6,0,0,33.70375665,-94.23468591,5081.0,48.94363324904152,0.0,6,6,0,0,6,5,12326,0,0,0,0,1
2020-05-29,US,Arkansas,Logan,5,0,0,35.21413234,-93.71951016,5083.0,23.29264884002609,0.0,5,4,0,0,4,4,21737,1,0,0,1,0
2020-05-29,US,Arkansas,Lonoke,47,0,0,34.75392199,-91.88742357,5085.0,64.11218267879796,0.0,47,46,0,0,46,45,73657,1,0,0,1,1
2020-05-29,US,Arkansas,Madison,13,0,0,36.01038185,-93.72524943,5087.0,78.42664092664094,0.0,13,6,0,0,6,6,16481,7,0,0,7,0
2020-05-29,US,Arkansas,Marion,1,0,0,36.26844485,-92.68451899,5089.0,5.990176111177669,0.0,1,1,0,0,1,1,16722,0,0,0,0,0
2020-05-29,US,Arkansas,Miller,42,1,0,33.31403423,-93.89285258,5091.0,97.09411193564048,2.380952380952381,41,42,1,0,41,42,43592,0,0,0,0,0
2020-05-29,US,Arkansas,Mississippi,73,2,0,35.76271485,-90.05194370000002,5093.0,179.5773781702787,2.7397260273972597,71,73,2,0,71,72,41239,0,0,0,0,1
2020-05-29,US,Arkansas,Monroe,5,0,0,34.6815935,-91.20540287,5095.0,74.61572899567228,0.0,5,5,0,0,5,5,6900,0,0,0,0,0
2020-05-29,US,Arkansas,Montgomery,2,0,0,34.53704874,-93.65824478,5097.0,22.2568439795237,0.0,2,2,0,0,2,1,8924,0,0,0,0,1
2020-05-29,US,Arkansas,Nevada,5,0,0,33.66340119,-93.30632432,5099.0,60.59137178865729,0.0,5,5,0,0,5,5,8326,0,0,0,0,0
2020-05-29,US,Arkansas,Newton,3,0,0,35.91947491,-93.21612969,5101.0,38.6946988262608,0.0,3,3,0,0,3,3,7805,0,0,0,0,0
2020-05-29,US,Arkansas,Ouachita,10,0,0,33.58839816,-92.87795984,5103.0,42.767941151312975,0.0,10,10,0,0,10,10,23606,0,0,0,0,0
2020-05-29,US,Arkansas,Perry,14,0,0,34.945915299999996,-92.94372564,5105.0,133.90722142515543,0.0,14,14,0,0,14,14,10352,0,0,0,0,0
2020-05-29,US,Arkansas,Phillips,19,1,0,34.43268455,-90.84800154,5107.0,106.84962321448656,5.2631578947368425,18,12,1,0,11,12,18029,7,0,0,7,0
2020-05-29,US,Arkansas,Pike,5,0,0,34.16250414,-93.65789349,5109.0,46.65049449524165,0.0,5,5,0,0,5,5,10673,0,0,0,0,0
2020-05-29,US,Arkansas,Poinsett,31,2,0,35.57433534,-90.66268713,5111.0,131.75790547432845,6.451612903225807,29,31,2,0,29,31,23974,0,0,0,0,0
2020-05-29,US,Arkansas,Polk,17,0,0,34.48254879,-94.22728802,5113.0,85.1532758966139,0.0,17,12,0,0,12,11,20049,5,0,0,5,1
2020-05-29,US,Arkansas,Pope,136,1,0,35.44871474,-93.03212219,5115.0,212.26120614308903,0.7352941176470589,135,129,1,0,128,125,64000,7,0,0,7,4
2020-05-29,US,Arkansas,Prairie,2,0,0,34.83624419,-91.55162157,5117.0,24.807740014884644,0.0,2,2,0,0,2,2,8074,0,0,0,0,0
2020-05-29,US,Arkansas,Pulaski,846,34,0,34.77054088,-92.31355101,5119.0,215.86533677288975,4.018912529550828,812,830,31,0,799,808,392680,16,3,0,13,22
2020-05-29,US,Arkansas,Randolph,26,0,0,36.3415714,-91.02455531,5121.0,144.78226974050563,0.0,26,26,0,0,26,26,17948,0,0,0,0,0
2020-05-29,US,Arkansas,Saline,110,1,0,34.64916145,-92.67583224,5125.0,89.84212288768919,0.9090909090909092,109,108,1,0,107,99,121421,2,0,0,2,9
2020-05-29,US,Arkansas,Scott,1,0,0,34.85588887,-94.0632176,5127.0,9.726680284019064,0.0,1,1,0,0,1,1,10319,0,0,0,0,0
2020-05-29,US,Arkansas,Searcy,7,0,0,35.9109364,-92.69936482,5129.0,88.82121558177894,0.0,7,7,0,0,7,7,7958,0,0,0,0,0
2020-05-29,US,Arkansas,Sebastian,29,0,0,35.19605503,-94.27162713,5131.0,22.686912780554966,0.0,29,24,0,0,24,23,127753,5,0,0,5,1
2020-05-29,US,Arkansas,Sevier,162,2,0,33.99780401,-94.2424869,5133.0,952.5489504321747,1.2345679012345678,160,131,2,0,129,120,17139,31,0,0,31,11
2020-05-29,US,Arkansas,Sharp,46,2,0,36.16258158,-91.47819342,5135.0,263.7312234835455,4.3478260869565215,44,45,2,0,43,42,17366,1,0,0,1,3
2020-05-29,US,Arkansas,St. Francis,664,1,0,35.02201976,-90.74828138,5123.0,2656.6375930223253,0.15060240963855426,663,660,1,0,659,655,25439,4,0,0,4,5
2020-05-29,US,Arkansas,Stone,8,0,0,35.86251946,-92.15684085,5137.0,63.969294738525505,0.0,8,8,0,0,8,8,12457,0,0,0,0,0
2020-05-29,US,Arkansas,Unassigned,193,0,0,0.0,0.0,90005.0,0.0,0.0,193,199,0,0,199,181,,-6,0,0,-6,18
2020-05-29,US,Arkansas,Union,166,8,0,33.16887091,-92.59746952,5139.0,429.1401685538493,4.819277108433735,158,164,8,0,156,162,39126,2,0,0,2,2
2020-05-29,US,Arkansas,Van Buren,28,2,0,35.58095779,-92.51295036,5141.0,169.23541855545486,7.142857142857142,26,28,2,0,26,28,16603,0,0,0,0,0
2020-05-29,US,Arkansas,Washington,410,7,0,35.976844,-94.21800746,5143.0,171.4139982524134,1.7073170731707317,403,352,6,0,346,326,236961,58,1,0,57,26
2020-05-29,US,Arkansas,White,43,1,0,35.25688493,-91.74908296,5145.0,54.60109456147703,2.3255813953488373,42,43,1,0,42,42,78727,0,0,0,0,1
2020-05-29,US,Arkansas,Woodruff,2,0,0,35.18902527,-91.2439489,5147.0,31.645569620253173,0.0,2,2,0,0,2,1,6490,0,0,0,0,1
2020-05-29,US,Arkansas,Yell,128,1,0,35.00292371,-93.41171338,5149.0,599.7844524623962,0.78125,127,114,1,0,113,108,21535,14,0,0,14,6
2020-05-29,US,California,Alameda,3195,95,0,37.64629437,-121.8929271,6001.0,191.16523437336394,2.97339593114241,3100,3097,94,0,3003,3049,1666753,98,1,0,97,48
2020-05-29,US,California,Alpine,2,0,0,38.59678594,-119.82235940000001,6003.0,177.14791851195747,0.0,2,2,0,0,2,2,1101,0,0,0,0,0
2020-05-29,US,California,Amador,10,0,0,38.44583082,-120.65696000000001,6005.0,25.155966995371298,0.0,10,10,0,0,10,10,39383,0,0,0,0,0
2020-05-29,US,California,Butte,44,0,0,39.66727762,-121.6005252,6007.0,20.074274816822246,0.0,44,40,0,0,40,40,231256,4,0,0,4,0
2020-05-29,US,California,Calaveras,15,0,0,38.20537103,-120.55291299999999,6009.0,32.676179065461284,0.0,15,15,0,0,15,15,45602,0,0,0,0,0
2020-05-29,US,California,Colusa,5,0,0,39.17881957,-122.2331726,6011.0,23.205086554972855,0.0,5,5,0,0,5,5,21627,0,0,0,0,0
2020-05-29,US,California,Contra Costa,1404,37,0,37.91923498,-121.9289527,6013.0,121.71377151446954,2.6353276353276347,1367,1384,37,0,1347,1375,1150215,20,0,0,20,9
2020-05-29,US,California,Del Norte,44,0,0,41.74228275,-123.89740630000001,6015.0,158.20509132748458,0.0,44,44,0,0,44,40,27828,0,0,0,0,4
2020-05-29,US,California,El Dorado,84,0,0,38.77965956,-120.5233166,6017.0,43.55874986387891,0.0,84,84,0,0,84,80,190678,0,0,0,0,4
2020-05-29,US,California,Fresno,1658,32,0,36.75733899,-119.6466953,6019.0,165.94918832029998,1.9300361881785284,1626,1658,32,0,1626,1535,994400,0,0,0,0,123
2020-05-29,US,California,Glenn,14,0,0,39.59875897,-122.3938452,6021.0,49.30792801042511,0.0,14,14,0,0,14,13,28047,0,0,0,0,1
2020-05-29,US,California,Humboldt,98,3,0,40.69923009,-123.876044,6023.0,72.29377830891575,3.0612244897959178,95,98,3,0,95,98,136373,0,0,0,0,0
2020-05-29,US,California,Imperial,1634,27,0,33.0393082,-115.36690420000001,6025.0,901.6913610904173,1.6523867809057529,1607,1443,26,0,1417,1352,181827,191,1,0,190,91
2020-05-29,US,California,Inyo,20,1,0,36.51112084,-117.41119779999998,6027.0,110.87089084760795,5.0,19,19,1,0,18,19,17987,1,0,0,1,0
2020-05-29,US,California,Kern,2076,37,0,35.34329425,-118.72777959999999,6029.0,230.6149064321119,1.7822736030828517,2039,2007,37,0,1970,1941,896764,69,0,0,69,66
2020-05-29,US,California,Kings,714,3,0,36.07409056,-119.8159973,6031.0,466.84974499803843,0.4201680672268908,711,704,3,0,701,698,151366,10,0,0,10,6
2020-05-29,US,California,Lake,23,0,0,39.10124298,-122.75362439999999,6033.0,35.72205137762867,0.0,23,23,0,0,23,19,64382,0,0,0,0,4
2020-05-29,US,California,Lassen,5,0,0,40.67311306,-120.59350990000002,6035.0,16.35429954535047,0.0,5,5,0,0,5,4,30802,0,0,0,0,1
2020-05-29,US,California,Los Angeles,51678,2294,0,34.30828379,-118.22824109999999,6037.0,514.7669010799467,4.439026278106739,49384,49860,2241,0,47619,48761,10105518,1818,53,0,1765,1099
2020-05-29,US,California,Madera,98,2,0,37.21513971,-119.76655890000002,6039.0,62.290643055546724,2.0408163265306123,96,94,2,0,92,90,157672,4,0,0,4,4
2020-05-29,US,California,Marin,436,14,0,38.07122463,-122.72106310000001,6041.0,168.45293749468755,3.2110091743119265,422,436,14,0,422,420,259666,0,0,0,0,16
2020-05-29,US,California,Mariposa,16,1,0,37.57978556,-119.9073334,6043.0,93.0070336569203,6.25,15,16,1,0,15,16,17471,0,0,0,0,0
2020-05-29,US,California,Mendocino,30,0,0,39.4381191,-123.39113130000001,6045.0,34.582531210734416,0.0,30,25,0,0,25,23,87606,5,0,0,5,2
2020-05-29,US,California,Merced,280,7,0,37.18922369,-120.72090349999999,6047.0,100.83549409392107,2.5,273,280,7,0,273,273,274765,0,0,0,0,7
2020-05-29,US,California,Mono,35,1,0,37.93899289,-118.8872409,6051.0,242.3151481584049,2.8571428571428568,34,35,1,0,34,35,14250,0,0,0,0,0
2020-05-29,US,California,Monterey,477,10,0,36.21862405,-121.24133970000001,6053.0,109.89238839702256,2.0964360587002098,467,469,9,0,460,429,435594,8,1,0,7,40
2020-05-29,US,California,Napa,111,3,0,38.50735751,-122.33283899999999,6055.0,80.58427227320246,2.702702702702702,108,111,3,0,108,109,139417,0,0,0,0,2
2020-05-29,US,California,Nevada,41,1,0,39.30394768,-120.76272809999999,6057.0,41.100696706931984,2.4390243902439024,40,41,1,0,40,41,99696,0,0,0,0,0
2020-05-29,US,California,Orange,5923,145,0,33.70147516,-117.76459979999998,6059.0,186.51053061820858,2.4480837413472902,5778,5744,142,0,5602,5646,3185968,179,3,0,176,98
2020-05-29,US,California,Placer,199,9,0,39.06167234,-120.72405690000001,6061.0,49.95870247960856,4.522613065326633,190,196,9,0,187,194,393149,3,0,0,3,2
2020-05-29,US,California,Plumas,4,0,0,40.00355989,-120.8395236,6063.0,21.268676556601264,0.0,4,4,0,0,4,4,18804,0,0,0,0,0
2020-05-29,US,California,Riverside,7486,323,0,33.74314981,-115.9933578,6065.0,303.00994193186443,4.314720812182741,7163,7341,313,0,7028,7139,2450758,145,10,0,135,202
2020-05-29,US,California,Sacramento,1373,56,0,38.45106826,-121.34253740000001,6067.0,88.46318887567347,4.0786598689002185,1317,1349,56,0,1293,1319,1540975,24,0,0,24,30
2020-05-29,US,California,San Benito,85,2,0,36.60308176,-121.069975,6069.0,135.33307858871478,2.3529411764705883,83,85,2,0,83,76,61537,0,0,0,0,9
2020-05-29,US,California,San Bernardino,5034,199,0,34.84060306,-116.1774685,6071.0,230.9084278823991,3.9531187922129516,4835,4914,190,0,4724,4567,2171603,120,9,0,111,347
2020-05-29,US,California,San Diego,7100,260,0,33.03484597,-116.73653259999999,6073.0,212.68119089484858,3.661971830985916,6840,7100,260,0,6840,6882,3343364,0,0,0,0,218
2020-05-29,US,California,San Francisco,2473,41,0,37.75215114,-122.43856720000001,6075.0,280.52893259478486,1.6579053780832995,2432,2437,40,0,2397,2408,883305,36,1,0,35,29
2020-05-29,US,California,San Joaquin,858,34,0,37.93433732,-121.2730061,6077.0,112.57655993324131,3.962703962703962,824,842,35,0,807,771,752660,16,-1,0,17,71
2020-05-29,US,California,San Luis Obispo,269,1,0,35.38822029,-120.4039028,6079.0,95.01573587744736,0.3717472118959108,268,268,1,0,267,263,284010,1,0,0,1,5
2020-05-29,US,California,San Mateo,2061,84,0,37.422880799999994,-122.32755459999998,6081.0,268.85893450460685,4.075691411935954,1977,2022,82,0,1940,1963,769545,39,2,0,37,59
2020-05-29,US,California,Santa Barbara,1636,12,0,34.65329488,-120.0188492,6083.0,366.4061957585572,0.7334963325183375,1624,1636,12,0,1624,1604,446527,0,0,0,0,32
2020-05-29,US,California,Santa Clara,2707,140,0,37.23104908,-121.6970462,6085.0,140.4153430865025,5.171776874769117,2567,2701,140,0,2561,2688,1937570,6,0,0,6,13
2020-05-29,US,California,Santa Cruz,206,2,0,37.05580291,-122.0066524,6087.0,75.39904762950519,0.9708737864077671,204,206,2,0,204,205,274255,0,0,0,0,1
2020-05-29,US,California,Shasta,37,4,0,40.76391419,-122.0396884,6089.0,20.546423811639272,10.810810810810812,33,37,4,0,33,37,180040,0,0,0,0,0
2020-05-29,US,California,Sierra,1,0,0,39.57713498,-120.52007009999998,6091.0,33.277870216306155,0.0,1,1,0,0,1,1,2987,0,0,0,0,0
2020-05-29,US,California,Siskiyou,7,0,0,41.59198861,-122.54074340000001,6093.0,16.077539677071133,0.0,7,6,0,0,6,6,43724,1,0,0,1,0
2020-05-29,US,California,Solano,509,22,0,38.26827353,-121.9357113,6095.0,113.7066814403442,4.322200392927308,487,509,22,0,487,499,446610,0,0,0,0,10
2020-05-29,US,California,Sonoma,531,4,0,38.52746429,-122.88625060000001,6097.0,107.41681771103056,0.7532956685499058,527,530,4,0,526,524,499942,1,0,0,1,6
2020-05-29,US,California,Stanislaus,683,28,0,37.55862499,-120.9970722,6099.0,124.0329786074892,4.099560761346998,655,683,28,0,655,670,549815,0,0,0,0,13
2020-05-29,US,California,Sutter,42,2,0,39.03417539,-121.6945899,6101.0,43.31191799610193,4.761904761904762,40,42,2,0,40,42,96807,0,0,0,0,0
2020-05-29,US,California,Tehama,4,1,0,40.12570935,-122.23701709999999,6103.0,6.145903755147193,25.0,3,4,1,0,3,4,63916,0,0,0,0,0
2020-05-29,US,California,Trinity,1,0,0,40.64917670000001,-123.114713,6105.0,8.14000814000814,0.0,1,1,0,0,1,1,12535,0,0,0,0,0
2020-05-29,US,California,Tulare,1844,84,0,36.22026558,-118.8020203,6107.0,395.54263773742747,4.55531453362256,1760,1835,80,0,1755,1796,465861,9,4,0,5,39
2020-05-29,US,California,Tuolumne,4,0,0,38.02644018,-119.95250929999999,6109.0,7.342413451301442,0.0,4,4,0,0,4,4,54539,0,0,0,0,0
2020-05-29,US,California,Ventura,1062,32,0,34.44465746,-119.09106129999999,6111.0,125.53102460266241,3.0131826741996237,1030,1062,32,0,1030,1017,850967,0,0,0,0,45
2020-05-29,US,California,Yolo,207,23,0,38.68278902,-121.90182879999999,6113.0,93.87755102040815,11.111111111111109,184,207,23,0,184,200,220408,0,0,0,0,7
2020-05-29,US,California,Yuba,29,1,0,39.26255932,-121.35356440000001,6115.0,36.86378196979712,3.4482758620689653,28,28,1,0,27,28,78041,1,0,0,1,0
2020-05-29,US,Colorado,Adams,3142,120,0,39.87432092,-104.3362578,8001.0,607.2424582689918,3.819223424570337,3022,3070,118,0,2952,3006,511868,72,2,0,70,64
2020-05-29,US,Colorado,Alamosa,65,2,0,37.57250606,-105.7885451,8003.0,400.41889977206927,3.0769230769230766,63,60,2,0,58,57,16683,5,0,0,5,3
2020-05-29,US,Colorado,Arapahoe,4254,304,0,39.64977461,-104.3353617,8005.0,647.8929012016631,7.146215326751293,3950,4201,301,0,3900,4166,651215,53,3,0,50,35
2020-05-29,US,Colorado,Archuleta,8,0,0,37.19474156,-107.0476867,8007.0,57.02473447858009,0.0,8,8,0,0,8,8,13765,0,0,0,0,0
2020-05-29,US,Colorado,Baca,12,0,0,37.31940883,-102.5603223,8009.0,335.1019268360793,0.0,12,12,0,0,12,12,3585,0,0,0,0,0
2020-05-29,US,Colorado,Bent,2,0,0,37.95474293,-103.0720195,8011.0,35.861574323112784,0.0,2,2,0,0,2,2,5882,0,0,0,0,0
2020-05-29,US,Colorado,Boulder,964,63,0,40.09313619,-105.3546767,8013.0,295.5278421562496,6.535269709543568,901,956,63,0,893,947,326078,8,0,0,8,9
2020-05-29,US,Colorado,Broomfield,232,26,0,39.95998787,-105.0566324,8014.0,329.24146739516067,11.20689655172414,206,227,26,0,201,226,69267,5,0,0,5,1
2020-05-29,US,Colorado,Chaffee,72,20,0,38.74745778,-106.19265729999998,8015.0,353.70406759677735,27.777777777777782,52,72,19,0,53,71,20027,0,1,0,-1,1
2020-05-29,US,Colorado,Cheyenne,5,0,0,38.82777431,-102.6032558,8017.0,273.07482250136536,0.0,5,5,0,0,5,5,1876,0,0,0,0,0
2020-05-29,US,Colorado,Clear Creek,16,1,0,39.68864463,-105.6463118,8019.0,164.94845360824743,6.25,15,16,1,0,15,16,9605,0,0,0,0,0
2020-05-29,US,Colorado,Conejos,1,0,0,37.201606,-106.19174879999998,8021.0,12.187690432663011,0.0,1,1,0,0,1,1,8200,0,0,0,0,0
2020-05-29,US,Colorado,Costilla,5,0,0,37.27732493,-105.4276548,8023.0,128.63390789812195,0.0,5,5,0,0,5,5,3828,0,0,0,0,0
2020-05-29,US,Colorado,Crowley,63,1,0,38.32608609,-103.7844965,8025.0,1039.432436891602,1.5873015873015872,62,63,1,0,62,63,5858,0,0,0,0,0
2020-05-29,US,Colorado,Custer,2,0,0,38.10883162,-105.3683478,8027.0,39.463299131807425,0.0,2,2,0,0,2,2,4954,0,0,0,0,0
2020-05-29,US,Colorado,Delta,68,1,0,38.86246243,-107.8631342,8029.0,218.21449200949874,1.4705882352941178,67,67,1,0,66,67,30953,1,0,0,1,0
2020-05-29,US,Colorado,Denver,5569,326,0,39.76018276,-104.8725695,8031.0,765.8024974869742,5.853833722391813,5243,5434,324,0,5110,5316,716492,135,2,0,133,118
2020-05-29,US,Colorado,Douglas,705,45,0,39.33133796,-104.930001,8035.0,200.7666152172551,6.382978723404255,660,699,45,0,654,695,342776,6,0,0,6,4
2020-05-29,US,Colorado,Eagle,586,8,0,39.62754308,-106.6933637,8037.0,1062.9999818600686,1.3651877133105803,578,584,8,0,576,580,54993,2,0,0,2,4
2020-05-29,US,Colorado,El Paso,1674,88,0,38.83240149,-104.5251411,8041.0,232.36993738227082,5.2568697729988045,1586,1636,88,0,1548,1600,713856,38,0,0,38,36
2020-05-29,US,Colorado,Elbert,52,2,0,39.28656773,-104.1358721,8039.0,194.54525047701,3.8461538461538463,50,51,2,0,49,51,26282,1,0,0,1,0
2020-05-29,US,Colorado,Fremont,26,0,0,38.47362326,-105.4399667,8043.0,54.34896214385753,0.0,26,26,0,0,26,26,48021,0,0,0,0,0
2020-05-29,US,Colorado,Garfield,137,2,0,39.59921777,-107.902708,8045.0,228.10143021261717,1.45985401459854,135,135,2,0,133,135,59770,2,0,0,2,0
2020-05-29,US,Colorado,Gilpin,3,0,0,39.85646523,-105.5252597,8047.0,48.05382027871216,0.0,3,3,0,0,3,3,6121,0,0,0,0,0
2020-05-29,US,Colorado,Grand,12,0,0,40.10603347,-106.1178042,8049.0,76.2679547476802,0.0,12,10,0,0,10,8,15525,2,0,0,2,2
2020-05-29,US,Colorado,Gunnison,177,6,0,38.66611652,-107.0320729,8051.0,1013.6295956935057,3.3898305084745757,171,177,6,0,171,177,17246,0,0,0,0,0
2020-05-29,US,Colorado,Hinsdale,3,0,0,37.82247444,-107.3004345,8053.0,365.8536585365854,0.0,3,3,0,0,3,3,811,0,0,0,0,0
2020-05-29,US,Colorado,Huerfano,3,0,0,37.68473101,-104.9612585,8055.0,43.497172683775545,0.0,3,3,0,0,3,3,6889,0,0,0,0,0
2020-05-29,US,Colorado,Jefferson,2171,169,0,39.58635604,-105.2517692,8059.0,372.4602448870353,7.7844311377245505,2002,2123,164,0,1959,2098,580233,48,5,0,43,25
2020-05-29,US,Colorado,Kit Carson,26,3,0,39.30497777,-102.6022199,8063.0,366.3519797097365,11.538461538461537,23,26,3,0,23,26,7163,0,0,0,0,0
2020-05-29,US,Colorado,La Plata,80,1,0,37.28632032,-107.8429014,8067.0,142.2955835008271,1.25,79,77,1,0,76,77,56310,3,0,0,3,0
2020-05-29,US,Colorado,Lake,29,0,0,39.20278823,-106.3555697,8065.0,356.8352405561708,0.0,29,27,0,0,27,27,7824,2,0,0,2,0
2020-05-29,US,Colorado,Larimer,570,27,0,40.66671597,-105.4625784,8069.0,159.70904933888858,4.7368421052631575,543,567,27,0,540,552,350518,3,0,0,3,15
2020-05-29,US,Colorado,Las Animas,5,0,0,37.3153406,-104.0376458,8071.0,34.46849579484351,0.0,5,5,0,0,5,5,14503,0,0,0,0,0
2020-05-29,US,Colorado,Lincoln,3,0,0,38.98749519,-103.5136649,8073.0,52.62234695667427,0.0,3,3,0,0,3,3,5610,0,0,0,0,0
2020-05-29,US,Colorado,Logan,601,3,0,40.7249637,-103.110817,8075.0,2681.95814181802,0.4991680532445924,598,585,3,0,582,582,21528,16,0,0,16,3
2020-05-29,US,Colorado,Mesa,54,0,0,39.01787888,-108.469799,8077.0,35.01718435899099,0.0,54,53,0,0,53,51,153207,1,0,0,1,2
2020-05-29,US,Colorado,Mineral,2,0,0,37.66954283,-106.9281698,8079.0,260.0780234070221,0.0,2,2,0,0,2,2,776,0,0,0,0,0
2020-05-29,US,Colorado,Moffat,7,0,0,40.61810999,-108.2070876,8081.0,52.69893849281036,0.0,7,7,0,0,7,7,13188,0,0,0,0,0
2020-05-29,US,Colorado,Montezuma,39,3,0,37.33859579,-108.5958857,8083.0,148.9516098231677,7.6923076923076925,36,37,3,0,34,36,26158,2,0,0,2,1
2020-05-29,US,Colorado,Montrose,168,12,0,38.40214114,-108.26390220000002,8085.0,392.9089293231676,7.142857142857142,156,163,12,0,151,163,42214,5,0,0,5,0
2020-05-29,US,Colorado,Morgan,623,42,0,40.26279810000001,-103.8093302,8087.0,2143.2503096188248,6.741573033707866,581,620,42,0,578,616,28558,3,0,0,3,4
2020-05-29,US,Colorado,Otero,18,1,0,37.9014485,-103.7173385,8089.0,98.4790458474669,5.5555555555555545,17,18,1,0,17,15,18432,0,0,0,0,3
2020-05-29,US,Colorado,Ouray,8,1,0,38.14717457,-107.7675136,8091.0,161.55088852988692,12.5,7,8,1,0,7,8,4833,0,0,0,0,0
2020-05-29,US,Colorado,Park,23,0,0,39.120926,-105.7182065,8093.0,122.04828867073496,0.0,23,23,0,0,23,23,18556,0,0,0,0,0
2020-05-29,US,Colorado,Phillips,13,0,0,40.59414277,-102.3577703,8095.0,304.8065650644783,0.0,13,12,0,0,12,12,4286,1,0,0,1,0
2020-05-29,US,Colorado,Pitkin,57,2,0,39.21720112,-106.9310027,8097.0,320.8194968199471,3.5087719298245608,55,57,2,0,55,57,17950,0,0,0,0,0
2020-05-29,US,Colorado,Prowers,13,0,0,37.95544985,-102.3926052,8099.0,106.80249753532698,0.0,13,13,0,0,13,13,12164,0,0,0,0,0
2020-05-29,US,Colorado,Pueblo,281,16,0,38.17359144,-104.5127437,8101.0,166.84083028547,5.6939501779359425,265,278,15,0,263,278,167529,3,1,0,2,0
2020-05-29,US,Colorado,Rio Blanco,1,0,0,39.97913541,-108.2179009,8103.0,15.812776723592664,0.0,1,1,0,0,1,1,6336,0,0,0,0,0
2020-05-29,US,Colorado,Rio Grande,16,0,0,37.5836865,-106.3847838,8105.0,142.00763291026894,0.0,16,14,0,0,14,13,11250,2,0,0,2,1
2020-05-29,US,Colorado,Routt,61,6,0,40.48596505,-106.9905548,8107.0,237.9280755129105,9.836065573770492,55,61,6,0,55,61,25733,0,0,0,0,0
2020-05-29,US,Colorado,Saguache,48,1,0,38.08054629,-106.282466,8109.0,703.3997655334116,2.083333333333333,47,33,1,0,32,25,6843,15,0,0,15,8
2020-05-29,US,Colorado,San Juan,1,0,0,37.76248981,-107.67632890000002,8111.0,137.36263736263737,0.0,1,1,0,0,1,1,762,0,0,0,0,0
2020-05-29,US,Colorado,San Miguel,23,0,0,38.00450883,-108.4020725,8113.0,281.2079716346741,0.0,23,23,0,0,23,23,8191,0,0,0,0,0
2020-05-29,US,Colorado,Summit,219,2,0,39.63803232,-106.1150762,8117.0,706.2010254425849,0.9132420091324199,217,213,2,0,211,214,31007,6,0,0,6,-1
2020-05-29,US,Colorado,Teller,32,2,0,38.88133511,-105.1614893,8119.0,126.04380022057664,6.25,30,32,2,0,30,32,25083,0,0,0,0,0
2020-05-29,US,Colorado,Washington,40,0,0,39.97015535,-103.202587,8121.0,814.9959250203749,0.0,40,33,0,0,33,33,4909,7,0,0,7,0
2020-05-29,US,Colorado,Weld,2472,130,0,40.55499405,-104.3929621,8123.0,761.8061462224031,5.258899676375403,2342,2444,129,0,2315,2430,314305,28,1,0,27,14
2020-05-29,US,Colorado,Yuma,36,0,0,40.00346839,-102.4258673,8125.0,359.31729713544263,0.0,36,20,0,0,20,19,10020,16,0,0,16,1
2020-05-29,US,Connecticut,Fairfield,15409,1257,0,41.26809896,-73.3881171,9001.0,1633.4652063112458,8.157570251151924,14152,15353,1246,0,14107,15314,943823,56,11,0,45,39
2020-05-29,US,Connecticut,Hartford,10146,1222,0,41.80283011,-72.73103891,9003.0,1137.801103485399,12.044155332150602,8924,10078,1208,0,8870,9962,892697,68,14,0,54,116
2020-05-29,US,Connecticut,Litchfield,1375,130,0,41.7937534,-73.2451475,9005.0,762.47830402644,9.454545454545457,1245,1366,128,0,1238,1360,181111,9,2,0,7,6
2020-05-29,US,Connecticut,Middlesex,1090,146,0,41.45949668,-72.53714864,9007.0,671.0335147381122,13.394495412844035,944,1082,144,0,938,1061,162682,8,2,0,6,21
2020-05-29,US,Connecticut,New Haven,11241,957,0,41.408032500000004,-72.93620426,9009.0,1315.1106103840038,8.513477448625567,10284,11198,946,0,10252,11124,857620,43,11,0,32,74
2020-05-29,US,Connecticut,New London,1068,85,0,41.48896435,-72.10430976,9011.0,402.7058211352684,7.9588014981273405,983,1067,83,0,984,1053,266784,1,2,0,-1,14
2020-05-29,US,Connecticut,Tolland,827,57,0,41.85853803,-72.3308481,9013.0,548.6959348730436,6.892382103990326,770,822,57,0,765,815,150921,5,0,0,5,7
2020-05-29,US,Connecticut,Unassigned,226,0,0,0.0,0.0,90009.0,0.0,0.0,226,218,0,0,218,228,,8,0,0,8,-10
2020-05-29,US,Connecticut,Windham,380,14,0,41.82972709,-71.98182316,9015.0,325.39261187511767,3.684210526315789,366,375,14,0,361,371,117027,5,0,0,5,4
2020-05-29,US,Delaware,Kent,1401,62,0,39.08646628,-75.56884914,10001.0,774.9493876738243,4.425410421127767,1339,1392,61,0,1331,1374,178550,9,1,0,8,18
2020-05-29,US,Delaware,New Castle,3629,163,0,39.57992638,-75.64054974,10003.0,649.4819714614507,4.4915954808487175,3466,3575,155,0,3420,3528,559335,54,8,0,46,47
2020-05-29,US,Delaware,Sussex,4155,131,0,38.66143781,-75.39031349,10005.0,1773.9353186039066,3.1528279181708783,4024,4151,129,0,4022,4140,229286,4,2,0,2,11
2020-05-29,US,Delaware,Unassigned,51,0,0,0.0,0.0,90010.0,0.0,0.0,51,53,0,0,53,54,,-2,0,0,-2,-1
2020-05-29,US,District of Columbia,District of Columbia,8538,460,0,38.90417773,-77.01655992,11001.0,1209.7785473305667,5.387678613258374,8078,8492,453,0,8039,8406,702455,46,7,0,39,86
2020-05-29,US,Florida,Alachua,378,7,0,29.67866525,-82.35928158,12001.0,140.4979873105786,1.851851851851852,371,372,7,0,365,370,269956,6,0,0,6,2
2020-05-29,US,Florida,Baker,28,3,0,30.33060121,-82.28467476,12003.0,95.85758301951387,10.714285714285714,25,28,3,0,25,29,28355,0,0,0,0,-1
2020-05-29,US,Florida,Bay,98,3,0,30.26548745,-85.62122584,12005.0,56.094559400131644,3.0612244897959178,95,97,3,0,94,97,185287,1,0,0,1,0
2020-05-29,US,Florida,Bradford,51,2,0,29.95079741,-82.16611613,12007.0,180.8446508989043,3.92156862745098,49,51,2,0,49,51,27732,0,0,0,0,0
2020-05-29,US,Florida,Brevard,409,12,0,28.29409504,-80.73091022,12009.0,67.9467456997518,2.9339853300733503,397,401,12,0,389,399,596849,8,0,0,8,2
2020-05-29,US,Florida,Broward,6975,308,0,26.15184651,-80.48725556,12011.0,357.18345864199614,4.415770609318996,6667,6870,307,0,6563,6825,1951260,105,1,0,104,45
2020-05-29,US,Florida,Calhoun,53,4,0,30.40666734,-85.19394153,12013.0,375.75327897908545,7.547169811320754,49,52,3,0,49,52,14587,1,1,0,0,0
2020-05-29,US,Florida,Charlotte,446,62,0,26.90131002,-81.92949121,12015.0,236.0912603885448,13.90134529147982,384,438,61,0,377,433,184998,8,1,0,7,5
2020-05-29,US,Florida,Citrus,120,12,0,28.84804315,-82.47614748,12017.0,80.18335259961111,10.0,108,119,12,0,107,119,147929,1,0,0,1,0
2020-05-29,US,Florida,Clay,374,28,0,29.98319144,-81.85609986,12019.0,170.57997190447526,7.4866310160427805,346,369,28,0,341,366,216072,5,0,0,5,3
2020-05-29,US,Florida,Collier,1454,49,0,26.11091986,-81.34687065,12021.0,377.7584943699955,3.3700137551581837,1405,1401,49,0,1352,1334,378488,53,0,0,53,67
2020-05-29,US,Florida,Columbia,140,2,0,30.22509788,-82.62160164,12023.0,195.29615266579248,1.4285714285714286,138,136,2,0,134,135,70503,4,0,0,4,1
2020-05-29,US,Florida,DeSoto,171,8,0,27.18677893,-81.80941373,12027.0,449.988158206363,4.678362573099415,163,132,8,0,124,124,37489,39,0,0,39,8
2020-05-29,US,Florida,Dixie,49,2,0,29.60631086,-83.15724673,12029.0,291.215975276358,4.081632653061225,47,46,2,0,44,46,16700,3,0,0,3,0
2020-05-29,US,Florida,Duval,1561,47,0,30.33225875,-81.66976468,12031.0,162.98531461595084,3.0108904548366437,1514,1523,46,0,1477,1507,950181,38,1,0,37,16
2020-05-29,US,Florida,Escambia,791,33,0,30.67652764,-87.37284571,12033.0,248.49520602168914,4.171934260429834,758,784,29,0,755,776,315534,7,4,0,3,8
2020-05-29,US,Florida,Flagler,182,4,0,29.45933576,-81.31508595,12035.0,158.14947732466698,2.1978021978021984,178,179,4,0,175,178,112067,3,0,0,3,1
2020-05-29,US,Florida,Franklin,2,0,0,29.83791238,-84.82731662,12037.0,16.49484536082474,0.0,2,2,0,0,2,2,11736,0,0,0,0,0
2020-05-29,US,Florida,Gadsden,269,2,0,30.57796289,-84.61915825,12039.0,589.1371003066141,0.7434944237918215,267,268,1,0,267,268,45894,1,1,0,0,0
2020-05-29,US,Florida,Gilchrist,12,0,0,29.72856978,-82.79880657,12041.0,64.57862447529868,0.0,12,12,0,0,12,12,18256,0,0,0,0,0
2020-05-29,US,Florida,Glades,27,1,0,26.95635849,-81.18996211,12043.0,195.49634349431614,3.703703703703704,26,24,1,0,23,24,13724,3,0,0,3,0
2020-05-29,US,Florida,Gulf,1,0,0,29.93543004,-85.24270990000002,12045.0,7.331915829606276,0.0,1,1,0,0,1,1,16164,0,0,0,0,0
2020-05-29,US,Florida,Hamilton,221,0,0,30.49673973,-82.94998918,12047.0,1531.743831438869,0.0,221,209,0,0,209,208,14310,12,0,0,12,1
2020-05-29,US,Florida,Hardee,91,0,0,27.49293939,-81.80956574,12049.0,337.8252960611798,0.0,91,88,0,0,88,88,27245,3,0,0,3,0
2020-05-29,US,Florida,Hendry,387,14,0,26.55386945,-81.16469006,12051.0,920.9461710532578,3.617571059431525,373,354,13,0,341,339,41556,33,1,0,32,15
2020-05-29,US,Florida,Hernando,113,5,0,28.55364461,-82.42700204,12053.0,58.27145214521453,4.424778761061948,108,113,5,0,108,113,190865,0,0,0,0,0
2020-05-29,US,Florida,Highlands,120,9,0,27.34254618,-81.34071957,12055.0,112.97201118422909,7.5,111,119,8,0,111,114,105424,1,1,0,0,5
2020-05-29,US,Florida,Hillsborough,2069,79,0,27.9276559,-82.32013172,12057.0,140.56012087219287,3.8182696955050757,1990,2019,76,0,1943,1995,1436888,50,3,0,47,24
2020-05-29,US,Florida,Holmes,19,0,0,30.86747479,-85.81319222,12059.0,96.85476882295968,0.0,19,18,0,0,18,18,19477,1,0,0,1,0
2020-05-29,US,Florida,Indian River,122,9,0,27.69308961,-80.60556721,12061.0,76.28671298062194,7.3770491803278695,113,120,9,0,111,119,157413,2,0,0,2,1
2020-05-29,US,Florida,Jackson,248,1,0,30.795459700000002,-85.21500423,12063.0,534.3215409143794,0.4032258064516129,247,241,0,0,241,240,48305,7,1,0,6,1
2020-05-29,US,Florida,Jefferson,29,3,0,30.43669112,-83.89442308,12065.0,203.56591323880392,10.344827586206897,26,29,3,0,26,29,14288,0,0,0,0,0
2020-05-29,US,Florida,Lafayette,8,0,0,29.98484137,-83.18166636,12067.0,94.9893137022085,0.0,8,8,0,0,8,8,8732,0,0,0,0,0
2020-05-29,US,Florida,Lake,291,15,0,28.76202069,-81.7125123,12069.0,79.26606704111485,5.154639175257731,276,280,15,0,265,279,356495,11,0,0,11,1
2020-05-29,US,Florida,Lee,1847,101,0,26.58410348,-81.88399313,12071.0,239.6905176251043,5.468327016783975,1746,1802,100,0,1702,1767,754610,45,1,0,44,35
2020-05-29,US,Florida,Leon,401,6,0,30.45955727,-84.27491114,12073.0,136.58875544140992,1.4962593516209477,395,379,6,0,373,377,292502,22,0,0,22,2
2020-05-29,US,Florida,Levy,31,0,0,29.31829741,-82.74007147,12075.0,74.69339565814519,0.0,31,30,0,0,30,30,40770,1,0,0,1,0
2020-05-29,US,Florida,Liberty,213,0,0,30.23766008,-84.8829258,12077.0,2549.6768015322,0.0,213,209,0,0,209,209,8457,4,0,0,4,0
2020-05-29,US,Florida,Madison,69,4,0,30.44396917,-83.47398594,12079.0,373.1141513004921,5.797101449275362,65,69,4,0,65,69,18529,0,0,0,0,0
2020-05-29,US,Florida,Manatee,1022,96,0,27.47196942,-82.31831044,12081.0,253.4389080800391,9.393346379647749,926,1007,95,0,912,996,394855,15,1,0,14,11
2020-05-29,US,Florida,Marion,243,6,0,29.21227113,-82.05803627,12083.0,66.46990117047204,2.469135802469136,237,241,5,0,236,240,359977,2,1,0,1,1
2020-05-29,US,Florida,Martin,601,9,0,27.0772071,-80.43109784,12085.0,373.29192546583846,1.4975041597337768,592,557,9,0,548,550,160912,44,0,0,44,7
2020-05-29,US,Florida,Miami-Dade,17641,685,0,25.6112362,-80.55170587,12086.0,649.2966351851717,3.882999829941613,16956,17396,669,0,16727,17225,2761581,245,16,0,229,171
2020-05-29,US,Florida,Monroe,108,4,0,25.20904673,-81.07812416,12087.0,145.49765587109982,3.703703703703704,104,107,4,0,103,107,75027,1,0,0,1,0
2020-05-29,US,Florida,Nassau,74,1,0,30.61037141,-81.80297522,12089.0,83.49788434414668,1.351351351351351,73,74,1,0,73,72,85832,0,0,0,0,2
2020-05-29,US,Florida,Okaloosa,207,6,0,30.69143028,-86.59267105,12091.0,98.22623352219343,2.898550724637681,201,199,6,0,193,198,207269,8,0,0,8,1
2020-05-29,US,Florida,Okeechobee,70,0,0,27.386336199999995,-80.88944347,12093.0,166.00265604249668,0.0,70,68,0,0,68,67,41537,2,0,0,2,1
2020-05-29,US,Florida,Orange,1945,41,0,28.51367621,-81.31799498,12095.0,139.58141364036942,2.107969151670951,1904,1902,40,0,1862,1877,1380645,43,1,0,42,25
2020-05-29,US,Florida,Osceola,688,19,0,28.06312234,-81.14882926,12097.0,183.09997844317115,2.7616279069767438,669,674,19,0,655,673,367990,14,0,0,14,1
2020-05-29,US,Florida,Palm Beach,5765,335,0,26.64676272,-80.46536002,12099.0,385.16271705071597,5.810928013876842,5430,5541,327,0,5214,5455,1485941,224,8,0,216,86
2020-05-29,US,Florida,Pasco,377,13,0,28.30810945,-82.40227529,12101.0,68.05705238948852,3.4482758620689653,364,375,13,0,362,373,539630,2,0,0,2,2
2020-05-29,US,Florida,Pinellas,1238,82,0,27.93130349,-82.72239666,12103.0,126.97487989694315,6.623586429725362,1156,1218,80,0,1138,1205,975280,20,2,0,18,13
2020-05-29,US,Florida,Polk,977,55,0,27.95027105,-81.69732947,12105.0,134.80008333597783,5.629477993858751,922,939,54,0,885,907,708009,38,1,0,37,32
2020-05-29,US,Florida,Putnam,149,5,0,29.60779729,-81.74230285,12107.0,199.94364004777177,3.355704697986577,144,149,5,0,144,144,74163,0,0,0,0,5
2020-05-29,US,Florida,Santa Rosa,240,9,0,30.69341450000001,-87.02458128,12113.0,130.2132784990749,3.75,231,237,9,0,228,237,179349,3,0,0,3,0
2020-05-29,US,Florida,Sarasota,622,77,0,27.18546175,-82.33174248,12115.0,143.4032212697871,12.379421221864954,545,611,77,0,534,598,426718,11,0,0,11,13
2020-05-29,US,Florida,Seminole,481,12,0,28.7158582,-81.24060348,12117.0,101.94436084488774,2.4948024948024954,469,474,12,0,462,471,467832,7,0,0,7,3
2020-05-29,US,Florida,St. Johns,252,6,0,29.90096506,-81.43589967,12109.0,95.2121871599565,2.380952380952381,246,247,5,0,242,245,254261,5,1,0,4,2
2020-05-29,US,Florida,St. Lucie,449,30,0,27.37763908,-80.47106649,12111.0,136.76640359186956,6.6815144766147005,419,424,30,0,394,420,321128,25,0,0,25,4
2020-05-29,US,Florida,Sumter,253,17,0,28.70181754,-82.0794267,12119.0,191.058752454312,6.7193675889328075,236,253,17,0,236,253,128754,0,0,0,0,0
2020-05-29,US,Florida,Suwannee,166,18,0,30.19746066,-82.99099670000003,12121.0,373.73077875588183,10.843373493975903,148,166,18,0,148,166,44191,0,0,0,0,0
2020-05-29,US,Florida,Taylor,19,0,0,30.04848048,-83.60445406,12123.0,88.08938754694236,0.0,19,16,0,0,16,14,21623,3,0,0,3,2
2020-05-29,US,Florida,Unassigned,83,0,0,0.0,0.0,90012.0,0.0,0.0,83,86,0,0,86,85,,-3,0,0,-3,1
2020-05-29,US,Florida,Union,31,1,0,30.04412971,-82.37497443,12125.0,203.45212312134936,3.2258064516129035,30,31,0,0,31,31,14940,0,1,0,-1,0
2020-05-29,US,Florida,Volusia,725,37,0,29.05858895,-81.18263252,12127.0,131.03577909355775,5.1034482758620685,688,709,37,0,672,683,547538,16,0,0,16,26
2020-05-29,US,Florida,Wakulla,33,1,0,30.16548905,-84.39895211,12129.0,97.80965648063072,3.0303030303030303,32,32,1,0,31,32,32461,1,0,0,1,0
2020-05-29,US,Florida,Walton,114,9,0,30.64204028,-86.16935664,12131.0,153.90638711506531,7.894736842105262,105,109,9,0,100,109,71375,5,0,0,5,0
2020-05-29,US,Florida,Washington,54,4,0,30.61359259,-85.66002461,12133.0,211.98916499823346,7.407407407407407,50,51,3,0,48,51,24880,3,1,0,2,0
2020-05-29,US,Georgia,Appling,156,13,0,31.74847232,-82.28909114,13001.0,848.4716632220168,8.333333333333334,143,148,13,0,135,143,18507,8,0,0,8,5
2020-05-29,US,Georgia,Atkinson,46,2,0,31.29633502,-82.87545866,13003.0,563.3802816901408,4.3478260869565215,44,41,2,0,39,38,8297,5,0,0,5,3
2020-05-29,US,Georgia,Bacon,92,3,0,31.55456473,-82.45936528,13005.0,824.0773916159083,3.260869565217391,89,91,3,0,88,83,11185,1,0,0,1,8
2020-05-29,US,Georgia,Baker,34,2,0,31.32669878,-84.44218806,13007.0,1119.1573403554974,5.882352941176472,32,34,2,0,32,34,3092,0,0,0,0,0
2020-05-29,US,Georgia,Baldwin,348,26,0,33.06882326,-83.24701748,13009.0,775.2283359322789,7.471264367816093,322,342,26,0,316,337,44823,6,0,0,6,5
2020-05-29,US,Georgia,Banks,92,0,0,34.35607081,-83.49644388,13011.0,478.3196423000936,0.0,92,92,0,0,92,88,18988,0,0,0,0,4
2020-05-29,US,Georgia,Barrow,325,13,0,33.99148694,-83.71436292,13013.0,390.4372897645363,4.0,312,321,13,0,308,316,80809,4,0,0,4,5
2020-05-29,US,Georgia,Bartow,477,38,0,34.23732119,-84.83887523,13015.0,442.7407228647274,7.966457023060798,439,469,38,0,431,458,106408,8,0,0,8,11
2020-05-29,US,Georgia,Ben Hill,72,1,0,31.76095874,-83.22145359,13017.0,431.1377245508982,1.3888888888888888,71,71,1,0,70,69,16787,1,0,0,1,2
2020-05-29,US,Georgia,Berrien,46,0,0,31.27590016,-83.22529920000002,13019.0,237.1500747538279,0.0,46,42,0,0,42,39,19252,4,0,0,4,3
2020-05-29,US,Georgia,Bibb,451,27,0,32.80904227,-83.70489165,13021.0,294.4652289450832,5.986696230598669,424,444,25,0,419,441,153095,7,2,0,5,3
2020-05-29,US,Georgia,Bleckley,45,0,0,32.43829035,-83.33035166,13023.0,349.56886506641814,0.0,45,45,0,0,45,43,12838,0,0,0,0,2
2020-05-29,US,Georgia,Brantley,54,2,0,31.19576557,-81.97743999,13025.0,282.5893558009315,3.703703703703704,52,51,2,0,49,50,18897,3,0,0,3,1
2020-05-29,US,Georgia,Brooks,69,9,0,30.83922642,-83.58303423,13027.0,446.39968946108564,13.043478260869565,60,69,9,0,60,68,15513,0,0,0,0,1
2020-05-29,US,Georgia,Bryan,74,5,0,32.00979311,-81.44002948,13029.0,186.74136321195144,6.756756756756758,69,74,5,0,69,73,38109,0,0,0,0,1
2020-05-29,US,Georgia,Bulloch,60,2,0,32.39577406,-81.74811421,13031.0,75.3693096171239,3.333333333333333,58,60,2,0,58,54,77296,0,0,0,0,6
2020-05-29,US,Georgia,Burke,121,5,0,33.05917989,-81.99928721,13033.0,540.5888397444488,4.132231404958676,116,121,5,0,116,123,22423,0,0,0,0,-2
2020-05-29,US,Georgia,Butts,229,22,0,33.283094500000004,-83.95435040000002,13035.0,918.3509785049727,9.60698689956332,207,223,22,0,201,219,24193,6,0,0,6,4
2020-05-29,US,Georgia,Calhoun,131,5,0,31.53169785,-84.62725131,13037.0,2116.658587817095,3.816793893129771,126,130,5,0,125,130,6352,1,0,0,1,0
2020-05-29,US,Georgia,Camden,62,1,0,30.92951916,-81.66601818,13039.0,113.41601726850328,1.6129032258064515,61,62,1,0,61,56,53677,0,0,0,0,6
2020-05-29,US,Georgia,Candler,13,0,0,32.40209349,-82.07702563,13043.0,120.33694344163658,0.0,13,13,0,0,13,13,10836,0,0,0,0,0
2020-05-29,US,Georgia,Carroll,519,25,0,33.58138199,-85.07976677,13045.0,432.52883525568365,4.816955684007708,494,516,25,0,491,512,118121,3,0,0,3,4
2020-05-29,US,Georgia,Catoosa,129,0,0,34.89872298,-85.13757014,13047.0,190.88487718259842,0.0,129,119,0,0,119,115,67420,10,0,0,10,4
2020-05-29,US,Georgia,Charlton,33,1,0,30.78371028,-82.13951596,13049.0,246.415770609319,3.0303030303030303,32,33,1,0,32,33,12968,0,0,0,0,0
2020-05-29,US,Georgia,Chatham,491,24,0,32.00043026,-81.12489526,13051.0,169.64378260719346,4.887983706720979,467,477,24,0,453,476,289195,14,0,0,14,1
2020-05-29,US,Georgia,Chattahoochee,39,0,0,32.34341231,-84.78809239,13053.0,357.5685339690108,0.0,39,33,0,0,33,33,10684,6,0,0,6,0
2020-05-29,US,Georgia,Chattooga,24,2,0,34.47197698,-85.34535662,13055.0,96.81713663318408,8.333333333333334,22,24,2,0,22,24,24790,0,0,0,0,0
2020-05-29,US,Georgia,Cherokee,885,32,0,34.24393976,-84.47431861,13057.0,341.9985856329679,3.6158192090395485,853,869,32,0,837,861,254149,16,0,0,16,8
2020-05-29,US,Georgia,Clarke,279,13,0,33.95436462,-83.37124007,13059.0,217.4065502489656,4.659498207885305,266,270,13,0,257,259,127330,9,0,0,9,11
2020-05-29,US,Georgia,Clay,39,2,0,31.62221166,-84.97713865,13061.0,1376.1467889908256,5.128205128205129,37,37,2,0,35,37,2887,2,0,0,2,0
2020-05-29,US,Georgia,Clayton,1217,45,0,33.54187245,-84.35594188,13063.0,416.4157451001861,3.697617091207888,1172,1204,45,0,1159,1189,289615,13,0,0,13,15
2020-05-29,US,Georgia,Clinch,58,2,0,30.91395822,-82.70432472,13065.0,876.3977032336052,3.4482758620689653,56,58,2,0,56,57,6648,0,0,0,0,1
2020-05-29,US,Georgia,Cobb,2987,170,0,33.94243204,-84.5761255,13067.0,392.95341259055886,5.6913290927351845,2817,2948,168,0,2780,2907,756865,39,2,0,37,41
2020-05-29,US,Georgia,Coffee,265,15,0,31.54892966,-82.85492059999999,13069.0,612.3910983754304,5.660377358490566,250,261,15,0,246,262,43093,4,0,0,4,-1
2020-05-29,US,Georgia,Colquitt,461,14,0,31.18810588,-83.7677946,13071.0,1010.9649122807017,3.0368763557483733,447,461,14,0,447,434,45592,0,0,0,0,27
2020-05-29,US,Georgia,Columbia,248,7,0,33.54534185,-82.263524,13073.0,158.25006061998292,2.8225806451612905,241,243,7,0,236,237,154291,5,0,0,5,6
2020-05-29,US,Georgia,Cook,48,2,0,31.16068491,-83.42947229,13075.0,277.9386218876665,4.166666666666667,46,48,2,0,46,47,17162,0,0,0,0,1
2020-05-29,US,Georgia,Coweta,414,8,0,33.35334302,-84.76129976,13077.0,278.7709835767529,1.932367149758454,406,403,8,0,395,397,145864,11,0,0,11,6
2020-05-29,US,Georgia,Crawford,28,0,0,32.71391813,-83.98061238,13079.0,225.73363431151242,0.0,28,28,0,0,28,28,12318,0,0,0,0,0
2020-05-29,US,Georgia,Crisp,231,7,0,31.92289565,-83.76811843,13081.0,1032.5406758448062,3.0303030303030303,224,228,7,0,221,226,22601,3,0,0,3,2
2020-05-29,US,Georgia,Dade,28,1,0,34.854916700000004,-85.50490424,13083.0,173.7403822288409,3.571428571428572,27,28,1,0,27,27,16226,0,0,0,0,1
2020-05-29,US,Georgia,Dawson,109,1,0,34.44244079,-84.16964071,13085.0,417.49655278075693,0.9174311926605504,108,108,1,0,107,108,25083,1,0,0,1,0
2020-05-29,US,Georgia,DeKalb,3718,112,0,33.76944049,-84.22396017,13089.0,489.6634650209338,3.0123722431414737,3606,3635,112,0,3523,3573,756558,83,0,0,83,62
2020-05-29,US,Georgia,Decatur,185,4,0,30.87967778,-84.57619536,13087.0,700.6514164520528,2.1621621621621623,181,181,4,0,177,161,26575,4,0,0,4,20
2020-05-29,US,Georgia,Dodge,51,2,0,32.17265114,-83.16948926,13091.0,247.51273962630432,3.92156862745098,49,51,2,0,49,50,20705,0,0,0,0,1
2020-05-29,US,Georgia,Dooly,179,12,0,32.15630737,-83.79746561,13093.0,1336.8185212845408,6.70391061452514,167,177,12,0,165,176,13706,2,0,0,2,1
2020-05-29,US,Georgia,Dougherty,1764,144,0,31.53328528,-84.21722377,13095.0,2005.5482286597846,8.16326530612245,1620,1764,144,0,1620,1784,91243,0,0,0,0,-20
2020-05-29,US,Georgia,Douglas,539,24,0,33.70291126,-84.77026156,13097.0,368.31279938227317,4.4526901669758825,515,528,24,0,504,521,145331,11,0,0,11,7
2020-05-29,US,Georgia,Early,238,31,0,31.32155345,-84.90255207,13099.0,2335.623159960746,13.025210084033613,207,238,30,0,208,239,10247,0,1,0,-1,-1
2020-05-29,US,Georgia,Echols,107,0,0,30.71101099,-82.89687287,13101.0,2670.993509735397,0.0,107,104,0,0,104,99,4000,3,0,0,3,5
2020-05-29,US,Georgia,Effingham,75,1,0,32.36616021,-81.34280942,13103.0,116.64800298618887,1.3333333333333333,74,75,1,0,74,74,62190,0,0,0,0,1
2020-05-29,US,Georgia,Elbert,74,0,0,34.11302332,-82.83936148,13105.0,385.537147025112,0.0,74,73,0,0,73,73,19120,1,0,0,1,0
2020-05-29,US,Georgia,Emanuel,27,2,0,32.59221302,-82.30239915,13107.0,119.22635343990109,7.407407407407407,25,27,2,0,25,27,22612,0,0,0,0,0
2020-05-29,US,Georgia,Evans,5,0,0,32.15328841,-81.8870105,13109.0,46.93073024216257,0.0,5,5,0,0,5,5,10721,0,0,0,0,0
2020-05-29,US,Georgia,Fannin,43,1,0,34.86430205,-84.316964,13111.0,164.19734229418052,2.3255813953488373,42,41,1,0,40,40,25964,2,0,0,2,1
2020-05-29,US,Georgia,Fayette,234,13,0,33.41357794,-84.49089434,13113.0,204.50791375709002,5.5555555555555545,221,231,13,0,218,235,113459,3,0,0,3,-4
2020-05-29,US,Georgia,Floyd,260,15,0,34.26268279,-85.21577392,13115.0,263.96475055331075,5.769230769230768,245,258,15,0,243,253,97927,2,0,0,2,5
2020-05-29,US,Georgia,Forsyth,512,12,0,34.22604035,-84.12315129999998,13117.0,209.6195732276501,2.34375,500,507,12,0,495,502,236612,5,0,0,5,5
2020-05-29,US,Georgia,Franklin,46,1,0,34.37525597,-83.23159927,13119.0,197.0105786115037,2.1739130434782608,45,45,1,0,44,41,23023,1,0,0,1,4
2020-05-29,US,Georgia,Fulton,4490,229,0,33.79216944,-84.46319413,13121.0,422.0174690794662,5.1002227171492205,4261,4367,224,0,4143,4309,1050114,123,5,0,118,58
2020-05-29,US,Georgia,Gilmer,148,0,0,34.69316688,-84.45802506,13123.0,471.8033727565431,0.0,148,148,0,0,148,145,30816,0,0,0,0,3
2020-05-29,US,Georgia,Glascock,1,0,0,33.22879932,-82.61297636,13125.0,33.65870077415012,0.0,1,1,0,0,1,1,2995,0,0,0,0,0
2020-05-29,US,Georgia,Glynn,115,1,0,31.23279254,-81.53811412,13127.0,134.8309337335272,0.8695652173913043,114,112,1,0,111,102,85219,3,0,0,3,10
2020-05-29,US,Georgia,Gordon,152,15,0,34.50487351,-84.87296253,13129.0,262.2362541621379,9.868421052631579,137,148,15,0,133,142,57685,4,0,0,4,6
2020-05-29,US,Georgia,Grady,94,4,0,30.87454847,-84.23418364,13131.0,381.60191612877037,4.25531914893617,90,93,4,0,89,96,24748,1,0,0,1,-3
2020-05-29,US,Georgia,Greene,68,7,0,33.5769205,-83.17139104,13133.0,371.09801353416293,10.294117647058824,61,67,7,0,60,66,17698,1,0,0,1,1
2020-05-29,US,Georgia,Gwinnett,3733,127,0,33.96044201,-84.02137802,13135.0,398.71829105473967,3.40208947227431,3606,3619,127,0,3492,3480,927781,114,0,0,114,139
2020-05-29,US,Georgia,Habersham,519,20,0,34.63331566,-83.53094677,13137.0,1144.9876456053653,3.8535645472061657,499,514,20,0,494,511,45388,5,0,0,5,3
2020-05-29,US,Georgia,Hall,2465,47,0,34.32207823,-83.81896936,13139.0,1205.7268356151653,1.9066937119675456,2418,2450,46,0,2404,2422,202148,15,1,0,14,28
2020-05-29,US,Georgia,Hancock,194,22,0,33.2721566,-82.99766919,13141.0,2293.957668203854,11.340206185567009,172,194,22,0,172,192,8348,0,0,0,0,2
2020-05-29,US,Georgia,Haralson,43,2,0,33.79602175,-85.21005667,13143.0,144.33404940923737,4.651162790697675,41,42,2,0,40,40,29533,1,0,0,1,2
2020-05-29,US,Georgia,Harris,91,5,0,32.73709786,-84.90538572,13145.0,258.25859915995005,5.494505494505495,86,89,5,0,84,88,34475,2,0,0,2,1
2020-05-29,US,Georgia,Hart,28,0,0,34.34626973,-82.96567682,13147.0,106.84983781721044,0.0,28,28,0,0,28,26,26099,0,0,0,0,2
2020-05-29,US,Georgia,Heard,32,2,0,33.29686567,-85.12886832,13149.0,268.3888283150214,6.25,30,32,2,0,30,30,11879,0,0,0,0,2
2020-05-29,US,Georgia,Henry,686,22,0,33.4533428,-84.14814659999998,13151.0,292.46123609636726,3.206997084548105,664,672,22,0,650,672,230220,14,0,0,14,0
2020-05-29,US,Georgia,Houston,364,16,0,32.45802497,-83.66879087,13153.0,230.57967984898298,4.395604395604397,348,363,16,0,347,362,155469,1,0,0,1,1
2020-05-29,US,Georgia,Irwin,29,1,0,31.60213036,-83.27501387,13155.0,307.9864061172472,3.4482758620689653,28,25,1,0,24,24,9398,4,0,0,4,1
2020-05-29,US,Georgia,Jackson,184,5,0,34.13794553,-83.56814788,13157.0,252.13423407374927,2.717391304347826,179,175,5,0,170,171,70422,9,0,0,9,4
2020-05-29,US,Georgia,Jasper,33,1,0,33.31535543,-83.68844964,13159.0,232.08383149307264,3.0303030303030303,32,32,1,0,31,32,14040,1,0,0,1,0
2020-05-29,US,Georgia,Jeff Davis,38,1,0,31.80405727,-82.63724870000001,13161.0,251.40588819053917,2.631578947368421,37,38,1,0,37,35,15029,0,0,0,0,3
2020-05-29,US,Georgia,Jefferson,36,1,0,33.05867328,-82.41609057,13163.0,234.34448639500062,2.7777777777777777,35,33,1,0,32,32,15430,3,0,0,3,1
2020-05-29,US,Georgia,Jenkins,19,1,0,32.79248718,-81.96040187,13165.0,218.99492853849702,5.2631578947368425,18,19,1,0,18,19,8683,0,0,0,0,0
2020-05-29,US,Georgia,Johnson,82,2,0,32.70211082,-82.66166794,13167.0,850.3577724774448,2.4390243902439024,80,82,2,0,80,82,9708,0,0,0,0,0
2020-05-29,US,Georgia,Jones,35,0,0,33.02512137,-83.56019163,13169.0,121.8026796589525,0.0,35,35,0,0,35,34,28616,0,0,0,0,1
2020-05-29,US,Georgia,Lamar,67,1,0,33.07841647,-84.14263877,13171.0,351.2082612570111,1.492537313432836,66,66,1,0,65,60,19000,1,0,0,1,6
2020-05-29,US,Georgia,Lanier,21,2,0,31.03828570000001,-83.06472457,13173.0,201.4775016789792,9.523809523809524,19,20,2,0,18,20,10340,1,0,0,1,0
2020-05-29,US,Georgia,Laurens,104,1,0,32.46325233,-82.92221316,13175.0,218.7355403188491,0.9615384615384616,103,104,1,0,103,104,47325,0,0,0,0,0
2020-05-29,US,Georgia,Lee,361,22,0,31.779330600000005,-84.14324253,13177.0,1203.6543078154175,6.094182825484765,339,361,22,0,339,363,29764,0,0,0,0,-2
2020-05-29,US,Georgia,Liberty,81,0,0,31.82588896,-81.49251135,13179.0,131.84666720924554,0.0,81,72,0,0,72,70,61497,9,0,0,9,2
2020-05-29,US,Georgia,Lincoln,16,0,0,33.79201475,-82.45024131,13181.0,201.99469763918697,0.0,16,16,0,0,16,16,7915,0,0,0,0,0
2020-05-29,US,Georgia,Long,15,1,0,31.75218791,-81.74952375,13183.0,76.69103737409887,6.666666666666668,14,15,1,0,14,15,18998,0,0,0,0,0
2020-05-29,US,Georgia,Lowndes,298,4,0,30.83568832,-83.27056716,13185.0,253.82007733846646,1.342281879194631,294,283,4,0,279,268,116321,15,0,0,15,15
2020-05-29,US,Georgia,Lumpkin,99,1,0,34.57286511,-84.00425681,13187.0,294.55519190717047,1.0101010101010102,98,95,1,0,94,95,32955,4,0,0,4,0
2020-05-29,US,Georgia,Macon,100,6,0,32.35207048,-84.04234127,13193.0,772.3797018614351,6.0,94,99,6,0,93,99,13143,1,0,0,1,0
2020-05-29,US,Georgia,Madison,54,1,0,34.12920917,-83.21218732,13195.0,180.72289156626502,1.851851851851852,53,49,1,0,48,44,29650,5,0,0,5,5
2020-05-29,US,Georgia,Marion,57,2,0,32.3483402,-84.52733571,13197.0,681.8997487737768,3.5087719298245608,55,53,2,0,51,52,8351,4,0,0,4,1
2020-05-29,US,Georgia,McDuffie,67,5,0,33.47851918,-82.48252774,13189.0,314.37687687687685,7.462686567164179,62,67,5,0,62,65,21531,0,0,0,0,2
2020-05-29,US,Georgia,McIntosh,16,0,0,31.49683595,-81.40163426,13191.0,111.28112393935179,0.0,16,16,0,0,16,12,14340,0,0,0,0,4
2020-05-29,US,Georgia,Meriwether,84,2,0,33.04163534,-84.68859732,13199.0,396.8441441867057,2.380952380952381,82,82,2,0,80,81,21068,2,0,0,2,1
2020-05-29,US,Georgia,Miller,41,0,0,31.16568912,-84.73151117,13201.0,717.0339279468345,0.0,41,41,0,0,41,40,5686,0,0,0,0,1
2020-05-29,US,Georgia,Mitchell,409,32,0,31.22483255,-84.19381821,13205.0,1870.7405205141104,7.823960880195599,377,409,32,0,377,412,22192,0,0,0,0,-3
2020-05-29,US,Georgia,Monroe,120,8,0,33.014289,-83.92097166,13207.0,435.12945101167605,6.666666666666668,112,119,8,0,111,118,27520,1,0,0,1,1
2020-05-29,US,Georgia,Montgomery,9,0,0,32.17201038,-82.53527476,13209.0,98.12472743131269,0.0,9,9,0,0,9,9,9193,0,0,0,0,0
2020-05-29,US,Georgia,Morgan,37,0,0,33.59232073,-83.49129491,13211.0,191.94853704087987,0.0,37,37,0,0,37,37,18853,0,0,0,0,0
2020-05-29,US,Georgia,Murray,86,1,0,34.78897608,-84.74993177,13213.0,214.48523543495608,1.162790697674419,85,85,1,0,84,83,39921,1,0,0,1,2
2020-05-29,US,Georgia,Muscogee,602,17,0,32.50931999,-84.87142262,13215.0,307.5052740730146,2.8239202657807314,585,593,17,0,576,587,194160,9,0,0,9,6
2020-05-29,US,Georgia,Newton,351,11,0,33.55514538,-83.84547140000002,13217.0,314.11082474226805,3.133903133903134,340,344,11,0,333,341,109541,7,0,0,7,3
2020-05-29,US,Georgia,Oconee,116,5,0,33.83749973,-83.43679568,13219.0,287.98411122144984,4.310344827586206,111,111,5,0,106,109,39272,5,0,0,5,2
2020-05-29,US,Georgia,Oglethorpe,60,6,0,33.878629600000004,-83.08278123,13221.0,393.21056425715966,10.0,54,58,6,0,52,58,15054,2,0,0,2,0
2020-05-29,US,Georgia,Out of GA,1975,31,0,0.0,0.0,80013.0,0.0,1.5696202531645569,1944,1903,31,0,1872,1925,,72,0,0,72,-22
2020-05-29,US,Georgia,Paulding,320,11,0,33.91969522,-84.86848792,13223.0,189.72294521157073,3.4375,309,309,11,0,298,305,164044,11,0,0,11,4
2020-05-29,US,Georgia,Peach,72,4,0,32.56934316,-83.82937,13225.0,261.3809627532128,5.5555555555555545,68,70,4,0,66,70,27297,2,0,0,2,0
2020-05-29,US,Georgia,Pickens,47,4,0,34.46589159,-84.46406611,13227.0,144.21159215734406,8.51063829787234,43,45,4,0,41,43,31980,2,0,0,2,2
2020-05-29,US,Georgia,Pierce,98,3,0,31.35928155,-82.21598442,13229.0,503.4677626509119,3.0612244897959178,95,97,3,0,94,92,19389,1,0,0,1,5
2020-05-29,US,Georgia,Pike,54,2,0,33.09310242,-84.38790389,13231.0,284.78008648876704,3.703703703703704,52,54,2,0,52,54,18634,0,0,0,0,0
2020-05-29,US,Georgia,Polk,118,1,0,34.00267074,-85.18677781,13233.0,276.91080186797456,0.8474576271186439,117,113,1,0,112,107,42470,5,0,0,5,6
2020-05-29,US,Georgia,Pulaski,42,2,0,32.23334561,-83.47549959999998,13235.0,377.1213073538655,4.761904761904762,40,40,2,0,38,39,11069,2,0,0,2,1
2020-05-29,US,Georgia,Putnam,89,9,0,33.32056115,-83.37552891,13237.0,402.36900402368997,10.112359550561797,80,88,9,0,79,88,21809,1,0,0,1,0
2020-05-29,US,Georgia,Quitman,12,1,0,31.86728114,-85.01773177,13239.0,521.9660722053067,8.333333333333334,11,12,1,0,11,12,2279,0,0,0,0,0
2020-05-29,US,Georgia,Rabun,20,1,0,34.88389445,-83.40304637,13241.0,116.70654140164557,5.0,19,19,1,0,18,17,16867,1,0,0,1,2
2020-05-29,US,Georgia,Randolph,179,19,0,31.76622818,-84.75732369,13243.0,2640.897019769844,10.614525139664805,160,177,19,0,158,176,6833,2,0,0,2,1
2020-05-29,US,Georgia,Richmond,595,22,0,33.35777107,-82.07026432,13245.0,293.8010448453965,3.6974789915966384,573,576,22,0,554,563,201554,19,0,0,19,13
2020-05-29,US,Georgia,Rockdale,283,8,0,33.65145002,-84.02202167,13247.0,311.3448336560465,2.826855123674912,275,278,8,0,270,276,90594,5,0,0,5,2
2020-05-29,US,Georgia,Schley,16,1,0,32.2654021,-84.31258912,13249.0,304.3560966330607,6.25,15,16,1,0,15,16,5236,0,0,0,0,0
2020-05-29,US,Georgia,Screven,50,2,0,32.74976524,-81.60779441,13251.0,358.01231562365746,4.0,48,50,2,0,48,47,13938,0,0,0,0,3
2020-05-29,US,Georgia,Seminole,44,2,0,30.93464824,-84.86823924,13253.0,543.8813349814586,4.545454545454546,42,44,2,0,42,43,8315,0,0,0,0,1
2020-05-29,US,Georgia,Spalding,275,21,0,33.26310031,-84.28013991,13255.0,412.275309956074,7.636363636363638,254,267,21,0,246,264,66100,8,0,0,8,3
2020-05-29,US,Georgia,Stephens,138,2,0,34.55151201,-83.29405315,13257.0,532.304725168756,1.4492753623188406,136,136,2,0,134,132,26035,2,0,0,2,4
2020-05-29,US,Georgia,Stewart,52,1,0,32.07996777,-84.83208037,13259.0,785.3798519861048,1.9230769230769231,51,51,1,0,50,47,6199,1,0,0,1,4
2020-05-29,US,Georgia,Sumter,476,42,0,32.03650571,-84.19821492,13261.0,1612.2476629183038,8.823529411764708,434,466,41,0,425,460,29733,10,1,0,9,6
2020-05-29,US,Georgia,Talbot,38,1,0,32.69642758,-84.53351366,13263.0,613.3979015334947,2.631578947368421,37,38,1,0,37,38,6272,0,0,0,0,0
2020-05-29,US,Georgia,Taliaferro,1,0,0,33.56543317,-82.88136816,13265.0,65.06180871828235,0.0,1,1,0,0,1,1,1608,0,0,0,0,0
2020-05-29,US,Georgia,Tattnall,23,0,0,32.04785085,-82.05539188,13267.0,90.9594241872973,0.0,23,20,0,0,20,19,25391,3,0,0,3,1
2020-05-29,US,Georgia,Taylor,23,2,0,32.55792548,-84.25077141,13269.0,286.78304239401496,8.695652173913043,21,22,2,0,20,21,8039,1,0,0,1,1
2020-05-29,US,Georgia,Telfair,37,1,0,31.92829517,-82.93491155,13271.0,233.2912988650694,2.702702702702702,36,36,1,0,35,34,15876,1,0,0,1,2
2020-05-29,US,Georgia,Terrell,213,26,0,31.77527543,-84.44069698,13273.0,2496.7764623139137,12.206572769953054,187,213,26,0,187,215,8611,0,0,0,0,-2
2020-05-29,US,Georgia,Thomas,324,31,0,30.86392347,-83.91847289,13275.0,728.8924883579672,9.567901234567902,293,324,31,0,293,324,44448,0,0,0,0,0
2020-05-29,US,Georgia,Tift,255,17,0,31.45743864,-83.5236119,13277.0,627.3988780631828,6.666666666666668,238,247,16,0,231,238,40571,8,1,0,7,9
2020-05-29,US,Georgia,Toombs,56,4,0,32.12059861,-82.32957247,13279.0,208.7215803205367,7.142857142857142,52,55,4,0,51,54,26887,1,0,0,1,1
2020-05-29,US,Georgia,Towns,24,1,0,34.91369188,-83.74107459999998,13281.0,199.3852288776273,4.166666666666667,23,23,1,0,22,23,11852,1,0,0,1,0
2020-05-29,US,Georgia,Treutlen,9,0,0,32.40422134,-82.56904553,13283.0,130.4158817562672,0.0,9,8,0,0,8,8,6809,1,0,0,1,0
2020-05-29,US,Georgia,Troup,292,10,0,33.03349196,-85.02812115,13285.0,417.6081919853552,3.4246575342465757,282,283,10,0,273,268,70034,9,0,0,9,15
2020-05-29,US,Georgia,Turner,115,12,0,31.71612656,-83.62069378,13287.0,1440.2003757044458,10.434782608695652,103,114,12,0,102,110,7912,1,0,0,1,4
2020-05-29,US,Georgia,Twiggs,15,0,0,32.67435595,-83.43078662,13289.0,184.72906403940883,0.0,15,15,0,0,15,15,8188,0,0,0,0,0
2020-05-29,US,Georgia,Unassigned,1025,0,0,0.0,0.0,90013.0,0.0,0.0,1025,1319,0,0,1319,1372,,-294,0,0,-294,-53
2020-05-29,US,Georgia,Union,44,1,0,34.82995757,-83.98967069,13291.0,179.51123985149525,2.272727272727273,43,43,1,0,42,44,24001,1,0,0,1,-1
2020-05-29,US,Georgia,Upson,280,34,0,32.87920671,-84.30024826,13293.0,1063.8297872340424,12.142857142857142,246,280,34,0,246,280,26215,0,0,0,0,0
2020-05-29,US,Georgia,Walker,138,0,0,34.73376362,-85.30165174,13295.0,197.818265219822,0.0,138,112,0,0,112,109,69410,26,0,0,26,3
2020-05-29,US,Georgia,Walton,261,12,0,33.78017694,-83.73552314,13297.0,275.91893691922235,4.597701149425287,249,246,12,0,234,242,93503,15,0,0,15,4
2020-05-29,US,Georgia,Ware,229,14,0,31.05449097,-82.42224148,13299.0,640.8462528684166,6.11353711790393,215,225,14,0,211,223,35680,4,0,0,4,2
2020-05-29,US,Georgia,Warren,18,0,0,33.41146451,-82.67795848,13301.0,342.59611724400463,0.0,18,18,0,0,18,18,5251,0,0,0,0,0
2020-05-29,US,Georgia,Washington,74,1,0,32.96711864,-82.79357039,13303.0,363.20801020909,1.351351351351351,73,74,1,0,73,74,20386,0,0,0,0,0
2020-05-29,US,Georgia,Wayne,19,0,0,31.5521809,-81.91894878,13305.0,63.48782036288301,0.0,19,18,0,0,18,18,29808,1,0,0,1,0
2020-05-29,US,Georgia,Webster,12,1,0,32.04066113,-84.54742852,13307.0,460.2991944764096,8.333333333333334,11,11,1,0,10,11,2611,1,0,0,1,0
2020-05-29,US,Georgia,Wheeler,13,0,0,32.12009104,-82.72574721,13309.0,165.49968173138132,0.0,13,13,0,0,13,9,7879,0,0,0,0,4
2020-05-29,US,Georgia,White,101,3,0,34.64624278,-83.74905525,13311.0,327.9433729462952,2.9702970297029703,98,99,3,0,96,98,29970,2,0,0,2,1
2020-05-29,US,Georgia,Whitfield,331,7,0,34.80987459,-84.96093476,13313.0,316.3589096608938,2.114803625377644,324,322,7,0,315,311,104062,9,0,0,9,11
2020-05-29,US,Georgia,Wilcox,109,13,0,31.97496928,-83.43438555,13315.0,1262.3045744064852,11.926605504587155,96,106,13,0,93,105,8812,3,0,0,3,1
2020-05-29,US,Georgia,Wilkes,33,1,0,33.78290391,-82.74286107,13317.0,337.52684872660325,3.0303030303030303,32,33,1,0,32,33,9876,0,0,0,0,0
2020-05-29,US,Georgia,Wilkinson,69,5,0,32.80291082,-83.17140684,13319.0,770.6053160598615,7.246376811594202,64,68,4,0,64,70,9036,1,1,0,0,-2
2020-05-29,US,Georgia,Worth,209,21,0,31.55162306,-83.85090513,13321.0,1032.2516916086333,10.047846889952151,188,208,21,0,187,209,20299,1,0,0,1,-1
2020-05-29,US,Hawaii,Hawaii,82,0,0,19.60121157,-155.5210167,15001.0,40.69216378099676,0.0,82,82,0,0,82,82,200983,0,0,0,0,0
2020-05-29,US,Hawaii,Honolulu,419,11,0,21.45803166,-157.97121819999995,15003.0,42.99362893932973,2.6252983293556085,408,417,11,0,406,414,980080,2,0,0,2,3
2020-05-29,US,Hawaii,Kauai,20,0,0,22.03935037,-159.5966786,15007.0,27.665195800423284,0.0,20,20,0,0,20,20,72133,0,0,0,0,0
2020-05-29,US,Hawaii,Maui,118,6,0,20.86399628,-156.56890969999995,15009.0,70.48268694338091,5.084745762711863,112,118,6,0,112,118,167207,0,0,0,0,0
2020-05-29,US,Hawaii,Out of HI,10,0,0,0.0,0.0,80015.0,0.0,0.0,10,10,0,0,10,10,,0,0,0,0,0
2020-05-29,US,Idaho,Ada,803,22,0,43.4526575,-116.24155159999998,16001.0,166.7403812810562,2.7397260273972597,781,803,22,0,781,798,469966,0,0,0,0,5
2020-05-29,US,Idaho,Adams,3,0,0,44.89333571,-116.4545247,16003.0,69.86492780624127,0.0,3,3,0,0,3,3,4250,0,0,0,0,0
2020-05-29,US,Idaho,Bannock,24,0,0,42.67002716,-112.2233311,16005.0,27.332361516034986,0.0,24,24,0,0,24,20,87138,0,0,0,0,4
2020-05-29,US,Idaho,Benewah,9,0,0,47.21754179,-116.6586851,16009.0,96.79500967950096,0.0,9,9,0,0,9,3,9226,0,0,0,0,6
2020-05-29,US,Idaho,Bingham,6,0,0,43.21672879999999,-112.3978437,16011.0,12.817500160218751,0.0,6,6,0,0,6,6,46236,0,0,0,0,0
2020-05-29,US,Idaho,Blaine,512,5,0,43.4085812,-113.9752658,16013.0,2224.0562964250034,0.9765625,507,512,5,0,507,510,22601,0,0,0,0,2
2020-05-29,US,Idaho,Bonner,4,0,0,48.29996017,-116.6017932,16017.0,8.745272087277815,0.0,4,4,0,0,4,4,44727,0,0,0,0,0
2020-05-29,US,Idaho,Bonneville,37,0,0,43.38713372,-111.6161537,16019.0,31.076245989484466,0.0,37,37,0,0,37,33,116854,0,0,0,0,4
2020-05-29,US,Idaho,Camas,1,0,0,43.46665742,-114.8065892,16025.0,90.41591320072331,0.0,1,1,0,0,1,1,1127,0,0,0,0,0
2020-05-29,US,Idaho,Canyon,294,6,0,43.61970148,-116.70954990000001,16027.0,127.91006269333343,2.0408163265306123,288,294,6,0,288,287,223499,0,0,0,0,7
2020-05-29,US,Idaho,Caribou,1,0,0,42.77149116,-111.5597683,16029.0,13.976240391334732,0.0,1,1,0,0,1,1,7060,0,0,0,0,0
2020-05-29,US,Idaho,Cassia,56,1,0,42.28347888,-113.6012409,16031.0,233.04203079483975,1.7857142857142858,55,56,1,0,55,49,23864,0,0,0,0,7
2020-05-29,US,Idaho,Custer,2,0,0,44.24186819,-114.2855494,16037.0,46.349942062572424,0.0,2,2,0,0,2,2,4280,0,0,0,0,0
2020-05-29,US,Idaho,Elmore,31,2,0,43.3507101,-115.4701578,16039.0,112.68219984733379,6.451612903225807,29,31,2,0,29,31,27259,0,0,0,0,0
2020-05-29,US,Idaho,Fremont,3,0,0,44.22800938,-111.48099429999999,16043.0,22.902511642110085,0.0,3,3,0,0,3,3,13168,0,0,0,0,0
2020-05-29,US,Idaho,Gem,17,0,0,44.06482372,-116.398376,16045.0,93.86042402826857,0.0,17,17,0,0,17,17,17634,0,0,0,0,0
2020-05-29,US,Idaho,Gooding,46,0,0,42.96927962,-114.81083059999999,16047.0,303.05026681599577,0.0,46,46,0,0,46,40,15196,0,0,0,0,6
2020-05-29,US,Idaho,Idaho,3,0,0,45.84721541,-115.4634436,16049.0,17.999640007199854,0.0,3,3,0,0,3,3,16513,0,0,0,0,0
2020-05-29,US,Idaho,Jefferson,7,0,0,43.82078483,-112.3131749,16051.0,23.434099963174987,0.0,7,7,0,0,7,7,29439,0,0,0,0,0
2020-05-29,US,Idaho,Jerome,161,2,0,42.68891267,-114.2655033,16053.0,659.5117155497296,1.2422360248447204,159,161,2,0,159,154,24015,0,0,0,0,7
2020-05-29,US,Idaho,Kootenai,67,0,0,47.67282258,-116.7020872,16055.0,40.435252297869,0.0,67,67,0,0,67,66,161505,0,0,0,0,1
2020-05-29,US,Idaho,Latah,7,0,0,46.81587887,-116.71136979999999,16057.0,17.452877231475018,0.0,7,7,0,0,7,7,40134,0,0,0,0,0
2020-05-29,US,Idaho,Lemhi,1,0,0,44.9438088,-113.9309747,16059.0,12.457954403886884,0.0,1,1,0,0,1,1,7961,0,0,0,0,0
2020-05-29,US,Idaho,Lincoln,33,0,0,43.0012336,-114.1358773,16063.0,614.9832277301529,0.0,33,33,0,0,33,32,5360,0,0,0,0,1
2020-05-29,US,Idaho,Madison,21,0,0,43.78141028,-111.65384740000002,16065.0,52.62234695667427,0.0,21,21,0,0,21,21,39304,0,0,0,0,0
2020-05-29,US,Idaho,Minidoka,45,0,0,42.85518524,-113.6357257,16067.0,213.8884927990874,0.0,45,45,0,0,45,40,20825,0,0,0,0,5
2020-05-29,US,Idaho,Nez Perce,82,19,0,46.32638236,-116.75009750000001,16069.0,202.9301128489408,23.170731707317074,63,82,19,0,63,82,40408,0,0,0,0,0
2020-05-29,US,Idaho,Owyhee,8,0,0,42.58016894,-116.16938710000001,16073.0,67.66472130592912,0.0,8,8,0,0,8,8,11693,0,0,0,0,0
2020-05-29,US,Idaho,Payette,23,2,0,44.00545243,-116.7647695,16075.0,96.02939334474551,8.695652173913043,21,23,2,0,21,23,23551,0,0,0,0,0
2020-05-29,US,Idaho,Power,3,0,0,42.69254894,-112.83957420000002,16077.0,39.057414399166774,0.0,3,3,0,0,3,3,7768,0,0,0,0,0
2020-05-29,US,Idaho,Teton,11,0,0,43.75303583,-111.2056773,16081.0,90.59463020919122,0.0,11,11,0,0,11,11,11640,0,0,0,0,0
2020-05-29,US,Idaho,Twin Falls,410,23,0,42.35440512,-114.6685381,16083.0,471.9261493128295,5.609756097560974,387,410,23,0,387,396,86081,0,0,0,0,14
2020-05-29,US,Idaho,Unassigned,1,0,0,0.0,0.0,90016.0,0.0,0.0,1,1,0,0,1,1,,0,0,0,0,0
2020-05-29,US,Idaho,Valley,2,0,0,44.76728382,-115.5676773,16085.0,17.5561797752809,0.0,2,2,0,0,2,2,11041,0,0,0,0,0
2020-05-29,US,Idaho,Washington,36,0,0,44.45275475,-116.78476880000001,16087.0,353.14891112419065,0.0,36,36,0,0,36,34,10161,0,0,0,0,2
2020-05-29,US,Illinois,Adams,44,1,0,39.98815591,-91.18786813,17001.0,67.24230152059296,2.272727272727273,43,44,1,0,43,44,65691,0,0,0,0,0
2020-05-29,US,Illinois,Alexander,8,0,0,37.18049267,-89.32910838,17003.0,138.86478042006596,0.0,8,8,0,0,8,8,6060,0,0,0,0,0
2020-05-29,US,Illinois,Bond,12,1,0,38.88829622,-89.43534887,17005.0,73.0549129428954,8.333333333333334,11,12,1,0,11,10,16630,0,0,0,0,2
2020-05-29,US,Illinois,Boone,428,17,0,42.32359279,-88.82345779,17007.0,799.3425967428658,3.97196261682243,411,424,16,0,408,410,53577,4,1,0,3,14
2020-05-29,US,Illinois,Brown,10,0,0,39.96209138,-90.75068024,17009.0,152.02189115232594,0.0,10,10,0,0,10,10,6556,0,0,0,0,0
2020-05-29,US,Illinois,Bureau,15,1,0,41.40385234,-89.5283051,17011.0,45.97278411180581,6.666666666666668,14,15,1,0,14,15,32993,0,0,0,0,0
2020-05-29,US,Illinois,Calhoun,1,0,0,39.16840183,-90.66330078,17013.0,21.101498206372653,0.0,1,1,0,0,1,1,4802,0,0,0,0,0
2020-05-29,US,Illinois,Carroll,14,2,0,42.06823429,-89.93395545,17015.0,97.86787836420832,14.285714285714285,12,14,2,0,12,14,14312,0,0,0,0,0
2020-05-29,US,Illinois,Cass,71,0,0,39.96991073,-90.24734436,17017.0,584.5064625010291,0.0,71,69,0,0,69,68,12260,2,0,0,2,1
2020-05-29,US,Illinois,Champaign,617,7,0,40.13919438,-88.20046615,17019.0,294.24528706799117,1.1345218800648298,610,595,7,0,588,580,209983,22,0,0,22,15
2020-05-29,US,Illinois,Christian,33,4,0,39.54581621,-89.27780482,17021.0,102.15453194650816,12.12121212121212,29,33,4,0,29,33,32661,0,0,0,0,0
2020-05-29,US,Illinois,Clark,11,0,0,39.33425789,-87.78705622,17023.0,71.23890939705977,0.0,11,11,0,0,11,10,15596,0,0,0,0,1
2020-05-29,US,Illinois,Clay,2,0,0,38.75388572,-88.48914513,17025.0,15.169902912621357,0.0,2,2,0,0,2,2,13253,0,0,0,0,0
2020-05-29,US,Illinois,Clinton,181,17,0,38.60704876,-89.42385254,17027.0,481.8699749747085,9.392265193370166,164,180,17,0,163,178,37639,1,0,0,1,2
2020-05-29,US,Illinois,Coles,125,14,0,39.51949084,-88.22358557,17029.0,246.93309100966,11.2,111,123,13,0,110,119,50885,2,1,0,1,4
2020-05-29,US,Illinois,Cook,76266,3570,0,41.84144849,-87.81658794,17031.0,1480.8262072803311,4.6809849736448745,72696,75306,3519,0,71787,74521,5180493,960,51,0,909,785
2020-05-29,US,Illinois,Crawford,11,0,0,39.0032229,-87.75954624,17033.0,58.92751915144373,0.0,11,11,0,0,11,11,18807,0,0,0,0,0
2020-05-29,US,Illinois,Cumberland,10,0,0,39.27432424,-88.2401158,17035.0,92.88500835965077,0.0,10,10,0,0,10,10,10808,0,0,0,0,0
2020-05-29,US,Illinois,De Witt,4,0,0,40.17514519,-88.90959682,17039.0,25.57871850620284,0.0,4,4,0,0,4,4,15769,0,0,0,0,0
2020-05-29,US,Illinois,DeKalb,392,4,0,41.89373302,-88.76958483,17037.0,373.6999151548662,1.020408163265306,388,370,4,0,366,334,104143,22,0,0,22,36
2020-05-29,US,Illinois,Douglas,26,0,0,39.76768052,-88.21854195,17041.0,133.5730798869766,0.0,26,26,0,0,26,26,19479,0,0,0,0,0
2020-05-29,US,Illinois,DuPage,7543,362,0,41.85116968,-88.08642662,17043.0,817.2963883149263,4.799151531221,7181,7460,350,0,7110,7350,928589,83,12,0,71,110
2020-05-29,US,Illinois,Edgar,1,0,0,39.6809186,-87.74759563,17045.0,5.827166249053086,0.0,1,,,,,,17360,,,,,
2020-05-29,US,Illinois,Edwards,2,0,0,38.41353228,-88.05720863,17047.0,31.27443315089914,0.0,2,2,0,0,2,2,6392,0,0,0,0,0
2020-05-29,US,Illinois,Effingham,7,1,0,39.05935711,-88.58969584,17049.0,20.58339214302517,14.285714285714285,6,6,1,0,5,6,34208,1,0,0,1,0
2020-05-29,US,Illinois,Fayette,20,3,0,39.00072038,-89.02452658,17051.0,93.73828271466068,15.0,17,20,3,0,17,20,21416,0,0,0,0,0
2020-05-29,US,Illinois,Ford,20,1,0,40.59706922,-88.22350769,17053.0,154.30908108942208,5.0,19,20,1,0,19,20,13264,0,0,0,0,0
2020-05-29,US,Illinois,Franklin,12,0,0,37.99189086,-88.92567818,17055.0,31.19394837401544,0.0,12,12,0,0,12,12,38701,0,0,0,0,0
2020-05-29,US,Illinois,Fulton,11,0,0,40.47289135,-90.20862357,17057.0,32.032615026208504,0.0,11,11,0,0,11,11,34844,0,0,0,0,0
2020-05-29,US,Illinois,Gallatin,2,0,0,37.76430935,-88.22953869,17059.0,41.42502071251035,0.0,2,2,0,0,2,2,5058,0,0,0,0,0
2020-05-29,US,Illinois,Greene,5,0,0,39.35907414,-90.388865,17061.0,38.55347366797749,0.0,5,5,0,0,5,5,13044,0,0,0,0,0
2020-05-29,US,Illinois,Grundy,95,2,0,41.28569601,-88.41905692,17063.0,186.07748658283387,2.1052631578947367,93,95,2,0,93,88,50972,0,0,0,0,7
2020-05-29,US,Illinois,Hamilton,2,0,0,38.08163641,-88.53883373,17065.0,24.64268112370626,0.0,2,2,0,0,2,2,8163,0,0,0,0,0
2020-05-29,US,Illinois,Hancock,16,0,0,40.40423981,-91.16313899,17067.0,90.35464196973119,0.0,16,16,0,0,16,15,17844,0,0,0,0,1
2020-05-29,US,Illinois,Hardin,1,0,0,37.51810645,-88.26873022,17069.0,26.17115938236064,0.0,1,1,0,0,1,1,3910,0,0,0,0,0
2020-05-29,US,Illinois,Henderson,8,0,0,40.81908672,-90.92491462,17071.0,120.37315678603672,0.0,8,8,0,0,8,8,6709,0,0,0,0,0
2020-05-29,US,Illinois,Henry,68,0,0,41.3533994,-90.13296166,17073.0,139.0223457976407,0.0,68,67,0,0,67,67,49090,1,0,0,1,0
2020-05-29,US,Illinois,Iroquois,131,4,0,40.74717633,-87.82466784,17075.0,483.14523862211405,3.053435114503817,127,131,4,0,127,131,27604,0,0,0,0,0
2020-05-29,US,Illinois,Jackson,268,10,0,37.78595185,-89.38232563,17077.0,472.24669603524234,3.7313432835820897,258,256,10,0,246,242,57419,12,0,0,12,14
2020-05-29,US,Illinois,Jasper,45,7,0,39.01054275,-88.15437049,17079.0,468.26222684703436,15.555555555555555,38,45,7,0,38,45,9611,0,0,0,0,0
2020-05-29,US,Illinois,Jefferson,101,16,0,38.29980057,-88.9240025,17081.0,268.0182570852351,15.84158415841584,85,101,16,0,85,101,37820,0,0,0,0,0
2020-05-29,US,Illinois,Jersey,20,1,0,39.08869046,-90.35393073,17083.0,91.85688697010059,5.0,19,20,1,0,19,20,21847,0,0,0,0,0
2020-05-29,US,Illinois,Jo Daviess,32,0,0,42.36542373,-90.21094405,17085.0,150.69460795855895,0.0,32,32,0,0,32,31,21366,0,0,0,0,1
2020-05-29,US,Illinois,Johnson,7,0,0,37.45939802,-88.88165419,17087.0,56.37432552146251,0.0,7,7,0,0,7,7,12456,0,0,0,0,0
2020-05-29,US,Illinois,Kane,6188,170,0,41.93842729,-88.42861412,17089.0,1162.2774477228716,2.7472527472527477,6018,6083,167,0,5916,5947,534216,105,3,0,102,136
2020-05-29,US,Illinois,Kankakee,871,44,0,41.13746989,-87.86205334,17091.0,792.8128015146275,5.051664753157291,827,836,44,0,792,808,110024,35,0,0,35,28
2020-05-29,US,Illinois,Kendall,769,19,0,41.59081014,-88.42869583,17093.0,596.1702457554849,2.4707412223667102,750,751,19,0,732,736,127915,18,0,0,18,15
2020-05-29,US,Illinois,Knox,97,0,0,40.93148779,-90.21330340000002,17095.0,195.17495321837458,0.0,97,96,0,0,96,94,50112,1,0,0,1,2
2020-05-29,US,Illinois,LaSalle,147,13,0,41.34426129999999,-88.88633881,17099.0,135.27316898103416,8.843537414965986,134,141,13,0,128,140,109430,6,0,0,6,1
2020-05-29,US,Illinois,Lake,8063,287,0,42.3224907,-88.00367925,17097.0,1157.5871994946413,3.5594691802058787,7776,7933,281,0,7652,7845,700832,130,6,0,124,88
2020-05-29,US,Illinois,Lawrence,4,0,0,38.71987914,-87.72884035,17101.0,25.513458349279247,0.0,4,4,0,0,4,4,15765,0,0,0,0,0
2020-05-29,US,Illinois,Lee,79,1,0,41.74583951,-89.29977132,17103.0,231.69873298920692,1.2658227848101269,78,79,1,0,78,76,34223,0,0,0,0,3
2020-05-29,US,Illinois,Livingston,32,2,0,40.89188292,-88.55784752,17105.0,89.76660682226212,6.25,30,32,2,0,30,31,35761,0,0,0,0,1
2020-05-29,US,Illinois,Logan,10,0,0,40.12581572,-89.36638784,17107.0,34.94304284017052,0.0,10,10,0,0,10,10,28925,0,0,0,0,0
2020-05-29,US,Illinois,Macon,195,19,0,39.86064913,-88.96342505,17115.0,187.4837754425098,9.743589743589745,176,192,19,0,173,189,104712,3,0,0,3,3
2020-05-29,US,Illinois,Macoupin,45,2,0,39.26119767,-89.92424028,17117.0,100.16471530962026,4.4444444444444455,43,44,2,0,42,43,45313,1,0,0,1,1
2020-05-29,US,Illinois,Madison,565,58,0,38.83042506,-89.90422563,17119.0,214.85667348630628,10.265486725663717,507,545,57,0,488,544,264461,20,1,0,19,1
2020-05-29,US,Illinois,Marion,50,0,0,38.64963204,-88.91899208,17121.0,134.390538906061,0.0,50,50,0,0,50,50,37620,0,0,0,0,0
2020-05-29,US,Illinois,Marshall,5,0,0,41.0327901,-89.34510444,17123.0,43.7139360027977,0.0,5,5,0,0,5,5,11534,0,0,0,0,0
2020-05-29,US,Illinois,Mason,18,0,0,40.23917274,-89.91824452,17125.0,134.74062429822592,0.0,18,18,0,0,18,17,13565,0,0,0,0,1
2020-05-29,US,Illinois,Massac,7,0,0,37.22078441,-88.71036614,17127.0,50.827766482718566,0.0,7,7,0,0,7,7,14080,0,0,0,0,0
2020-05-29,US,Illinois,McDonough,87,8,0,40.45674722,-90.67775541,17109.0,293.1069334950475,9.195402298850574,79,84,7,0,77,83,29955,3,1,0,2,1
2020-05-29,US,Illinois,McHenry,1514,71,0,42.32451172,-88.45248227,17111.0,491.9193954005212,4.689564068692206,1443,1488,70,0,1418,1475,308570,26,1,0,25,13
2020-05-29,US,Illinois,McLean,217,13,0,40.48996987,-88.84621113,17113.0,126.5180710949935,5.990783410138249,204,216,13,0,203,215,172828,1,0,0,1,1
2020-05-29,US,Illinois,Menard,21,0,0,40.02742725,-89.80246001,17129.0,172.18760249262056,0.0,21,19,0,0,19,17,12288,2,0,0,2,2
2020-05-29,US,Illinois,Mercer,17,0,0,41.20596782,-90.74290052,17131.0,110.12502429228478,0.0,17,16,0,0,16,16,15601,1,0,0,1,0
2020-05-29,US,Illinois,Monroe,94,11,0,38.27594376,-90.17761038,17133.0,271.3860900193435,11.702127659574465,83,93,11,0,82,93,34335,1,0,0,1,0
2020-05-29,US,Illinois,Montgomery,39,1,0,39.23198845,-89.47809254,17135.0,137.25628211445058,2.5641025641025643,38,39,1,0,38,39,28601,0,0,0,0,0
2020-05-29,US,Illinois,Morgan,35,1,0,39.71654544,-90.20255104,17137.0,103.98716501277555,2.8571428571428568,34,34,1,0,33,34,33976,1,0,0,1,0
2020-05-29,US,Illinois,Moultrie,11,0,0,39.64187451,-88.62099969,17139.0,75.85683745948555,0.0,11,10,0,0,10,10,14717,1,0,0,1,0
2020-05-29,US,Illinois,Ogle,202,3,0,42.04165196,-89.32184679,17141.0,398.8705250478842,1.4851485148514851,199,200,2,0,198,193,50923,2,1,0,1,7
2020-05-29,US,Illinois,Out of IL,119,1,0,0.0,0.0,80017.0,0.0,0.8403361344537815,118,183,1,0,182,205,,-64,0,0,-64,-22
2020-05-29,US,Illinois,Peoria,212,8,0,40.78702156,-89.76078901,17143.0,118.31743675319096,3.7735849056603774,204,191,8,0,183,188,180621,21,0,0,21,3
2020-05-29,US,Illinois,Perry,42,0,0,38.08510853,-89.36856219,17145.0,200.8032128514056,0.0,42,41,0,0,41,41,21174,1,0,0,1,0
2020-05-29,US,Illinois,Piatt,12,0,0,40.01360584,-88.59319339,17147.0,73.4214390602056,0.0,12,12,0,0,12,12,16396,0,0,0,0,0
2020-05-29,US,Illinois,Pike,1,0,0,39.62265059,-90.8877017,17149.0,6.426322215795901,0.0,1,1,0,0,1,1,15611,0,0,0,0,0
2020-05-29,US,Illinois,Pope,1,0,0,37.41391284,-88.56152109,17151.0,23.94062724443381,0.0,1,1,0,0,1,1,4212,0,0,0,0,0
2020-05-29,US,Illinois,Pulaski,51,0,0,37.22631423,-89.13085001,17153.0,955.9512652296156,0.0,51,41,0,0,41,41,5463,10,0,0,10,0
2020-05-29,US,Illinois,Putnam,1,0,0,41.2013541,-89.2869272,17155.0,17.424638438752392,0.0,1,1,0,0,1,1,5740,0,0,0,0,0
2020-05-29,US,Illinois,Randolph,267,4,0,38.05095369,-89.82512254,17157.0,840.0981687747783,1.49812734082397,263,267,4,0,263,264,32106,0,0,0,0,3
2020-05-29,US,Illinois,Richland,3,0,0,38.71240969,-88.08475366,17159.0,19.338619222587507,0.0,3,3,0,0,3,3,15763,0,0,0,0,0
2020-05-29,US,Illinois,Rock Island,646,24,0,41.46613806,-90.57042164,17161.0,455.31755932872375,3.7151702786377703,622,639,23,0,616,638,143477,7,1,0,6,1
2020-05-29,US,Illinois,Saline,7,0,0,37.75332999,-88.54119706,17165.0,29.798646290068536,0.0,7,7,0,0,7,7,23906,0,0,0,0,0
2020-05-29,US,Illinois,Sangamon,346,29,0,39.75836914,-89.65872023,17167.0,177.73485657927182,8.38150289017341,317,343,28,0,315,337,195348,3,1,0,2,6
2020-05-29,US,Illinois,Schuyler,12,0,0,40.157179799999994,-90.61114163,17169.0,177.3049645390071,0.0,12,12,0,0,12,12,6907,0,0,0,0,0
2020-05-29,US,Illinois,Shelby,16,1,0,39.39133527,-88.80611122,17173.0,73.95765924008505,6.25,15,16,1,0,15,16,21741,0,0,0,0,0
2020-05-29,US,Illinois,St. Clair,1091,79,0,38.46996033,-89.93063427,17163.0,420.12276364532545,7.241063244729606,1012,1050,77,0,973,1035,261059,41,2,0,39,15
2020-05-29,US,Illinois,Stark,3,0,0,41.09309773,-89.79745866,17175.0,56.15874204417821,0.0,3,3,0,0,3,3,5427,0,0,0,0,0
2020-05-29,US,Illinois,Stephenson,199,2,0,42.35129217,-89.662598,17177.0,447.21111061171285,1.0050251256281406,197,199,2,0,197,194,44753,0,0,0,0,5
2020-05-29,US,Illinois,Tazewell,71,4,0,40.50716185,-89.51404662,17179.0,53.86827310455756,5.633802816901407,67,70,4,0,66,69,132328,1,0,0,1,1
2020-05-29,US,Illinois,Unassigned,125,0,0,0.0,0.0,90017.0,0.0,0.0,125,149,0,0,149,110,,-24,0,0,-24,39
2020-05-29,US,Illinois,Union,151,9,0,37.47119609,-89.25548938,17181.0,906.7435296943494,5.960264900662253,142,151,9,0,142,143,16841,0,0,0,0,8
2020-05-29,US,Illinois,Vermilion,39,1,0,40.18417171,-87.73384359,17183.0,51.47971171361441,2.5641025641025643,38,38,1,0,37,37,76806,1,0,0,1,1
2020-05-29,US,Illinois,Wabash,2,0,0,38.44272901,-87.84922065,17185.0,17.36111111111111,0.0,2,2,0,0,2,2,11549,0,0,0,0,0
2020-05-29,US,Illinois,Warren,113,0,0,40.84925021,-90.6147432,17187.0,670.8620280218477,0.0,113,113,0,0,113,113,17032,0,0,0,0,0
2020-05-29,US,Illinois,Washington,18,0,0,38.35309213,-89.40982703,17189.0,129.61762799740765,0.0,18,18,0,0,18,18,13995,0,0,0,0,0
2020-05-29,US,Illinois,Wayne,9,1,0,38.42955355,-88.42586459,17191.0,55.50416281221092,11.111111111111109,8,9,1,0,8,9,16332,0,0,0,0,0
2020-05-29,US,Illinois,White,2,0,0,38.08706198,-88.17657461,17193.0,14.774322227967794,0.0,2,2,0,0,2,2,13665,0,0,0,0,0
2020-05-29,US,Illinois,Whiteside,135,12,0,41.75509713,-89.91556058,17195.0,244.6760308110557,8.888888888888891,123,134,12,0,122,134,55626,1,0,0,1,0
2020-05-29,US,Illinois,Will,5442,269,0,41.44619267,-87.97862712,17197.0,787.847289078572,4.943035648658581,5173,5356,268,0,5088,5279,692310,86,1,0,85,77
2020-05-29,US,Illinois,Williamson,64,2,0,37.73033511,-88.92994027,17199.0,96.10042494406656,3.125,62,60,2,0,58,57,67056,4,0,0,4,3
2020-05-29,US,Illinois,Winnebago,2156,54,0,42.33641854,-89.16085327,17201.0,762.9913791883131,2.504638218923933,2102,2091,53,0,2038,2001,284081,65,1,0,64,90
2020-05-29,US,Illinois,Woodford,19,2,0,40.78579374,-89.20973757,17203.0,49.40326061520061,10.526315789473683,17,18,2,0,16,18,38463,1,0,0,1,0
2020-05-29,US,Indiana,Adams,13,1,0,40.7457653,-84.93671406,18001.0,36.3361936439612,7.6923076923076925,12,13,1,0,12,12,35636,0,0,0,0,1
2020-05-29,US,Indiana,Allen,1451,68,0,41.09194313,-85.06800636,18003.0,382.54780529344924,4.686423156443832,1383,1419,66,0,1353,1353,375351,32,2,0,30,66
2020-05-29,US,Indiana,Bartholomew,500,34,0,39.20744865,-85.89558181,18005.0,596.8082693753805,6.8,466,490,34,0,456,486,82753,10,0,0,10,4
2020-05-29,US,Indiana,Benton,30,0,0,40.60626947,-87.31093999,18007.0,342.9355281207133,0.0,30,26,0,0,26,25,8653,4,0,0,4,1
2020-05-29,US,Indiana,Blackford,24,2,0,40.47388153,-85.32499702,18009.0,204.11634631740088,8.333333333333334,22,22,2,0,20,20,11930,2,0,0,2,2
2020-05-29,US,Indiana,Boone,309,35,0,40.0509304,-86.46841646,18011.0,455.4633492033077,11.326860841423947,274,305,35,0,270,293,66999,4,0,0,4,12
2020-05-29,US,Indiana,Brown,33,1,0,39.19605589,-86.22868909,18013.0,218.65889212827992,3.0303030303030303,32,33,1,0,32,33,15234,0,0,0,0,0
2020-05-29,US,Indiana,Carroll,92,2,0,40.580783200000006,-86.56198812,18015.0,454.1639926938836,2.1739130434782608,90,93,3,0,90,93,20127,-1,-1,0,0,0
2020-05-29,US,Indiana,Cass,1589,7,0,40.76135835,-86.34830753,18017.0,4216.084268619491,0.4405286343612335,1582,1589,7,0,1582,1586,37955,0,0,0,0,3
2020-05-29,US,Indiana,Clark,492,41,0,38.48015445,-85.70510334,18019.0,415.8847694882589,8.333333333333334,451,479,41,0,438,471,117360,13,0,0,13,8
2020-05-29,US,Indiana,Clay,47,1,0,39.39561833,-87.11723506,18021.0,179.21830314585318,2.127659574468085,46,46,1,0,45,41,26170,1,0,0,1,5
2020-05-29,US,Indiana,Clinton,223,1,0,40.30319754,-86.47277257,18023.0,688.2928485447081,0.4484304932735426,222,222,1,0,221,222,32250,1,0,0,1,0
2020-05-29,US,Indiana,Crawford,24,0,0,38.28814402,-86.44518825,18025.0,226.90744067315876,0.0,24,23,0,0,23,23,10558,1,0,0,1,0
2020-05-29,US,Indiana,Daviess,85,16,0,38.70186039,-87.07185406,18027.0,254.86492159155648,18.823529411764707,69,84,16,0,68,84,33147,1,0,0,1,0
2020-05-29,US,Indiana,DeKalb,33,1,0,41.39804622,-84.99906934,18033.0,75.90569292696952,3.0303030303030303,32,33,1,0,32,33,43226,0,0,0,0,0
2020-05-29,US,Indiana,Dearborn,166,21,0,39.14647946,-84.97333539,18029.0,335.638319382102,12.650602409638553,145,165,21,0,144,164,49568,1,0,0,1,1
2020-05-29,US,Indiana,Decatur,224,31,0,39.30712658,-85.50087166,18031.0,843.4052486915923,13.839285714285715,193,224,31,0,193,224,26794,0,0,0,0,0
2020-05-29,US,Indiana,Delaware,377,36,0,40.22787247,-85.39732772,18035.0,330.3105970999256,9.549071618037138,341,376,36,0,340,359,114772,1,0,0,1,17
2020-05-29,US,Indiana,Dubois,192,3,0,38.36597551,-86.87924170000002,18037.0,449.2699363534257,1.5625,189,190,3,0,187,185,42565,2,0,0,2,5
2020-05-29,US,Indiana,Elkhart,1163,28,0,41.59761169,-85.85875695,18039.0,563.6301074435037,2.407566638005159,1135,1101,28,0,1073,1070,205560,62,0,0,62,31
2020-05-29,US,Indiana,Fayette,76,7,0,39.63684962,-85.17797541,18041.0,328.97584624707815,9.210526315789474,69,74,7,0,67,71,23047,2,0,0,2,3
2020-05-29,US,Indiana,Floyd,318,39,0,38.32117957,-85.90385377,18043.0,404.9820432490257,12.264150943396224,279,317,39,0,278,315,77781,1,0,0,1,2
2020-05-29,US,Indiana,Fountain,20,2,0,40.12361933,-87.24217689,18045.0,122.3540927444023,10.0,18,18,2,0,16,18,16351,2,0,0,2,0
2020-05-29,US,Indiana,Franklin,109,8,0,39.4142482,-85.06062647,18047.0,478.95245627911066,7.339449541284404,101,109,8,0,101,106,22736,0,0,0,0,3
2020-05-29,US,Indiana,Fulton,48,1,0,41.0469907,-86.26252745,18049.0,240.31240612796643,2.083333333333333,47,47,1,0,46,47,20092,1,0,0,1,0
2020-05-29,US,Indiana,Gibson,14,2,0,38.30393723,-87.58054938,18051.0,41.59363023262723,14.285714285714285,12,14,2,0,12,14,33452,0,0,0,0,0
2020-05-29,US,Indiana,Grant,206,21,0,40.51587228,-85.65468702,18053.0,313.217473277684,10.194174757281553,185,197,21,0,176,195,65936,9,0,0,9,2
2020-05-29,US,Indiana,Greene,168,24,0,39.03630547,-86.96223202,18055.0,526.2828143600025,14.285714285714285,144,168,24,0,144,168,32006,0,0,0,0,0
2020-05-29,US,Indiana,Hamilton,1156,93,0,40.07306535,-86.05244729,18057.0,342.00070411909667,8.044982698961938,1063,1132,92,0,1040,1123,330086,24,1,0,23,9
2020-05-29,US,Indiana,Hancock,327,28,0,39.82304555,-85.77566351,18059.0,418.32975130488177,8.562691131498473,299,327,27,0,300,323,76351,0,1,0,-1,4
2020-05-29,US,Indiana,Harrison,192,21,0,38.19467379,-86.10948271,18061.0,473.89855609033685,10.9375,171,189,21,0,168,188,40350,3,0,0,3,1
2020-05-29,US,Indiana,Hendricks,1161,71,0,39.76719009,-86.51037283,18063.0,681.694077305635,6.11541774332472,1090,1142,68,0,1074,1135,167009,19,3,0,16,7
2020-05-29,US,Indiana,Henry,169,10,0,39.93029017,-85.39625719,18065.0,352.2888351538397,5.9171597633136095,159,169,10,0,159,170,48271,0,0,0,0,-1
2020-05-29,US,Indiana,Howard,395,26,0,40.48527731,-86.11351892,18067.0,478.5326613684823,6.582278481012659,369,378,24,0,354,376,82366,17,2,0,15,2
2020-05-29,US,Indiana,Huntington,27,2,0,40.82907273,-85.48822092,18069.0,73.93209200438116,7.407407407407407,25,26,2,0,24,26,36240,1,0,0,1,0
2020-05-29,US,Indiana,Jackson,379,1,0,38.90915820000001,-86.03851889,18071.0,856.8650946168976,0.2638522427440633,378,372,1,0,371,368,44111,7,0,0,7,4
2020-05-29,US,Indiana,Jasper,65,1,0,41.02078733,-87.11553319,18073.0,193.6714140992789,1.5384615384615383,64,66,1,0,65,62,33370,-1,0,0,-1,4
2020-05-29,US,Indiana,Jay,50,0,0,40.43781032,-85.00576229,18075.0,244.66627520062642,0.0,50,49,0,0,49,46,20764,1,0,0,1,3
2020-05-29,US,Indiana,Jefferson,43,1,0,38.78576239,-85.43633383,18077.0,133.09397053361394,2.3255813953488373,42,43,1,0,42,42,32208,0,0,0,0,1
2020-05-29,US,Indiana,Jennings,130,4,0,38.99588883,-85.62710784,18079.0,468.721831620696,3.0769230769230766,126,129,4,0,125,128,27611,1,0,0,1,1
2020-05-29,US,Indiana,Johnson,1093,108,0,39.48994426,-86.10149107,18081.0,691.0417470142318,9.88106129917658,985,1092,106,0,986,1092,156225,1,2,0,-1,0
2020-05-29,US,Indiana,Knox,29,0,0,38.68861576,-87.4194665,18083.0,79.24796414712796,0.0,29,25,0,0,25,25,36895,4,0,0,4,0
2020-05-29,US,Indiana,Kosciusko,111,1,0,41.24521668,-85.86312322,18085.0,139.6999597261377,0.9009009009009008,110,101,1,0,100,97,79344,10,0,0,10,4
2020-05-29,US,Indiana,LaGrange,71,2,0,41.64232188,-85.42674232,18087.0,179.2295653051951,2.8169014084507036,69,68,2,0,66,62,39330,3,0,0,3,6
2020-05-29,US,Indiana,LaPorte,424,23,0,41.54366008,-86.74072188,18091.0,385.8474082702388,5.4245283018867925,401,420,22,0,398,415,110007,4,1,0,3,5
2020-05-29,US,Indiana,Lake,3538,185,0,41.41874274,-87.38277575,18089.0,728.743771794856,5.228942905596382,3353,3494,175,0,3319,3347,484411,44,10,0,34,147
2020-05-29,US,Indiana,Lawrence,154,23,0,38.84112637,-86.48361629,18093.0,339.43134229667186,14.935064935064936,131,152,23,0,129,146,45668,2,0,0,2,6
2020-05-29,US,Indiana,Madison,585,59,0,40.16143691,-85.71964711,18095.0,451.4968858291721,10.085470085470083,526,584,59,0,525,582,129641,1,0,0,1,2
2020-05-29,US,Indiana,Marion,9616,571,0,39.78163624,-86.13826325,18097.0,996.9085054458824,5.93801996672213,9045,9524,558,0,8966,9371,954670,92,13,0,79,153
2020-05-29,US,Indiana,Marshall,90,1,0,41.32467367,-86.26185087,18099.0,194.56094081023826,1.1111111111111112,89,80,1,0,79,80,46248,10,0,0,10,0
2020-05-29,US,Indiana,Martin,11,0,0,38.7099921,-86.80373186,18101.0,107.26474890297415,0.0,11,9,0,0,9,9,10217,2,0,0,2,0
2020-05-29,US,Indiana,Miami,141,1,0,40.76940965,-86.04525048,18103.0,397.0041671359388,0.7092198581560284,140,140,1,0,139,139,35567,1,0,0,1,1
2020-05-29,US,Indiana,Monroe,166,12,0,39.16130004,-86.52414358,18105.0,111.83647620780027,7.2289156626506035,154,165,12,0,153,162,146917,1,0,0,1,3
2020-05-29,US,Indiana,Montgomery,235,17,0,40.04034823,-86.89335024,18107.0,612.9688559653607,7.2340425531914905,218,234,17,0,217,233,38346,1,0,0,1,1
2020-05-29,US,Indiana,Morgan,278,24,0,39.47899078,-86.44573375,18109.0,394.38777681624083,8.633093525179858,254,277,24,0,253,270,70116,1,0,0,1,7
2020-05-29,US,Indiana,Newton,77,10,0,40.95610449,-87.39635768,18111.0,550.6292906178489,12.987012987012987,67,76,10,0,66,74,14011,1,0,0,1,2
2020-05-29,US,Indiana,Noble,211,21,0,41.39672484,-85.41966713,18113.0,441.94034852546923,9.952606635071088,190,204,21,0,183,192,47532,7,0,0,7,12
2020-05-29,US,Indiana,Ohio,13,0,0,38.955304999999996,-84.96515993,18115.0,221.27659574468086,0.0,13,13,0,0,13,13,5844,0,0,0,0,0
2020-05-29,US,Indiana,Orange,125,22,0,38.54118920000001,-86.49523093,18117.0,636.2618344701211,17.6,103,124,22,0,102,124,19489,1,0,0,1,0
2020-05-29,US,Indiana,Owen,34,1,0,39.31145587,-86.83900724,18119.0,163.46939756719073,2.9411764705882355,33,35,1,0,34,34,20845,-1,0,0,-1,1
2020-05-29,US,Indiana,Parke,17,0,0,39.77202286,-87.20375833,18121.0,100.37196670012399,0.0,17,19,0,0,19,18,16927,-2,0,0,-2,1
2020-05-29,US,Indiana,Perry,31,0,0,38.07809328,-86.63741946,18123.0,161.7194428504356,0.0,31,28,0,0,28,26,19102,3,0,0,3,2
2020-05-29,US,Indiana,Pike,6,0,0,38.40112197,-87.23574907,18125.0,48.43005892323836,0.0,6,6,0,0,6,6,12410,0,0,0,0,0
2020-05-29,US,Indiana,Porter,516,27,0,41.45986947,-87.06848888,18127.0,302.8364507098463,5.232558139534883,489,505,22,0,483,495,169594,11,5,0,6,10
2020-05-29,US,Indiana,Posey,16,0,0,38.02097333,-87.86480429,18129.0,62.9252369528454,0.0,16,16,0,0,16,16,25540,0,0,0,0,0
2020-05-29,US,Indiana,Pulaski,46,0,0,41.04166107,-86.69890683,18131.0,372.379179146766,0.0,46,41,0,0,41,40,12469,5,0,0,5,1
2020-05-29,US,Indiana,Putnam,136,7,0,39.66437981,-86.84517605,18133.0,361.9331488183947,5.147058823529412,129,135,7,0,128,134,37779,1,0,0,1,1
2020-05-29,US,Indiana,Randolph,46,3,0,40.15734772,-85.01139319,18135.0,186.4990877762011,6.521739130434782,43,45,3,0,42,45,24851,1,0,0,1,0
2020-05-29,US,Indiana,Ripley,108,6,0,39.10235626,-85.26212744,18137.0,381.3020759779692,5.5555555555555545,102,110,6,0,104,113,28523,-2,0,0,-2,-3
2020-05-29,US,Indiana,Rush,46,2,0,39.62002287,-85.4655599,18139.0,277.42596948314343,4.3478260869565215,44,45,2,0,43,45,16663,1,0,0,1,0
2020-05-29,US,Indiana,Scott,119,3,0,38.68672078,-85.74627859,18143.0,498.4710761110878,2.5210084033613445,116,120,3,0,117,118,23878,-1,0,0,-1,2
2020-05-29,US,Indiana,Shelby,368,22,0,39.52305623,-85.79158570000001,18145.0,822.732455453956,5.978260869565218,346,368,22,0,346,321,44593,0,0,0,0,47
2020-05-29,US,Indiana,Spencer,19,1,0,38.01519732,-87.0079644,18147.0,93.70222419490062,5.2631578947368425,18,19,1,0,18,17,20327,0,0,0,0,2
2020-05-29,US,Indiana,St. Joseph,1248,34,0,41.61756781,-86.29040834,18141.0,459.11722940410414,2.7243589743589745,1214,1221,34,0,1187,1218,270771,27,0,0,27,3
2020-05-29,US,Indiana,Starke,36,3,0,41.27890281,-86.64686895,18149.0,156.55577299412917,8.333333333333334,33,32,3,0,29,31,22935,4,0,0,4,1
2020-05-29,US,Indiana,Steuben,81,2,0,41.64423868,-85.00101094,18151.0,234.1446493611609,2.469135802469136,79,81,2,0,79,80,34586,0,0,0,0,1
2020-05-29,US,Indiana,Sullivan,34,1,0,39.08952258,-87.41414469,18153.0,164.49755672746625,2.9411764705882355,33,34,1,0,33,33,20690,0,0,0,0,1
2020-05-29,US,Indiana,Switzerland,20,0,0,38.82767338,-85.03022429,18155.0,186.0292065854339,0.0,20,19,0,0,19,19,10717,1,0,0,1,0
2020-05-29,US,Indiana,Tippecanoe,390,3,0,40.38872739,-86.89413959,18157.0,199.25203850162467,0.7692307692307693,387,382,3,0,379,380,193048,8,0,0,8,2
2020-05-29,US,Indiana,Tipton,25,1,0,40.31123252,-86.05234925,18159.0,165.03828888302087,4.0,24,24,1,0,23,24,15128,1,0,0,1,0
2020-05-29,US,Indiana,Unassigned,0,164,0,0.0,0.0,90018.0,0.0,0.0,-164,0,161,0,-161,0,,0,3,0,-3,0
2020-05-29,US,Indiana,Union,8,0,0,39.62550777,-84.92497066,18161.0,113.41083073433514,0.0,8,8,0,0,8,8,7037,0,0,0,0,0
2020-05-29,US,Indiana,Vanderburgh,265,2,0,38.02658833,-87.58763124,18163.0,146.04493775178975,0.7547169811320755,263,259,2,0,257,253,180974,6,0,0,6,6
2020-05-29,US,Indiana,Vermillion,10,0,0,39.8523352,-87.46160542,18165.0,64.5244547683572,0.0,10,10,0,0,10,10,15479,0,0,0,0,0
2020-05-29,US,Indiana,Vigo,164,8,0,39.42944561,-87.39169027,18167.0,153.2166146602141,4.878048780487805,156,153,8,0,145,150,107386,11,0,0,11,3
2020-05-29,US,Indiana,Wabash,76,2,0,40.84704239,-85.79328272,18169.0,245.19292811975743,2.631578947368421,74,74,2,0,72,73,31280,2,0,0,2,1
2020-05-29,US,Indiana,Warren,12,1,0,40.34728141,-87.35602659,18171.0,145.19056261343013,8.333333333333334,11,12,1,0,11,12,8263,0,0,0,0,0
2020-05-29,US,Indiana,Warrick,166,28,0,38.08922676,-87.2716085,18173.0,263.5004285850345,16.867469879518072,138,165,28,0,137,165,62567,1,0,0,1,0
2020-05-29,US,Indiana,Washington,52,1,0,38.60219804,-86.1049363,18175.0,185.47581680696248,1.9230769230769231,51,51,1,0,50,52,27943,1,0,0,1,-1
2020-05-29,US,Indiana,Wayne,77,6,0,39.863344399999995,-85.01044989,18177.0,116.87207819804505,7.792207792207793,71,75,6,0,69,75,65936,2,0,0,2,0
2020-05-29,US,Indiana,Wells,28,0,0,40.72934187,-85.22132966,18179.0,98.95391574780888,0.0,28,27,0,0,27,26,28206,1,0,0,1,1
2020-05-29,US,Indiana,White,231,8,0,40.74911165,-86.86492015,18181.0,958.4266865820264,3.463203463203463,223,230,8,0,222,228,24133,1,0,0,1,2
2020-05-29,US,Indiana,Whitley,39,3,0,41.13863784,-85.50791236,18183.0,114.8274643740431,7.6923076923076925,36,38,3,0,35,41,34074,1,0,0,1,-3
2020-05-29,US,Iowa,Adair,9,0,0,41.33075609,-94.47105874,19001.0,125.83892617449663,0.0,9,8,0,0,8,7,7063,1,0,0,1,1
2020-05-29,US,Iowa,Adams,7,0,0,41.02903567,-94.69932645,19003.0,194.3364797334814,0.0,7,7,0,0,7,7,3645,0,0,0,0,0
2020-05-29,US,Iowa,Allamakee,120,4,0,43.28383218,-91.37860922,19005.0,876.7443559582084,3.333333333333333,116,120,4,0,116,119,13832,0,0,0,0,1
2020-05-29,US,Iowa,Appanoose,14,3,0,40.74324454,-92.86865906,19007.0,112.66698857234829,21.428571428571427,11,14,3,0,11,13,12437,0,0,0,0,1
2020-05-29,US,Iowa,Audubon,12,1,0,41.6844628,-94.90581859,19009.0,218.34061135371175,8.333333333333334,11,12,1,0,11,12,5506,0,0,0,0,0
2020-05-29,US,Iowa,Benton,40,1,0,42.08011739,-92.06463573,19011.0,155.97582374731917,2.5,39,39,1,0,38,39,25642,1,0,0,1,0
2020-05-29,US,Iowa,Black Hawk,1730,44,0,42.4704581,-92.30524729,19013.0,1318.3162130033224,2.543352601156069,1686,1724,43,0,1681,1713,132408,6,1,0,5,11
2020-05-29,US,Iowa,Boone,58,0,0,42.03657094,-93.9313999,19015.0,221.08713882747583,0.0,58,57,0,0,57,56,26346,1,0,0,1,1
2020-05-29,US,Iowa,Bremer,69,6,0,42.77461496,-92.31795937,19017.0,275.31721331098873,8.695652173913043,63,67,6,0,61,67,24947,2,0,0,2,0
2020-05-29,US,Iowa,Buchanan,32,0,0,42.4709188,-91.83510825,19019.0,151.12160566706018,0.0,32,32,0,0,32,31,21199,0,0,0,0,1
2020-05-29,US,Iowa,Buena Vista,721,0,0,42.73545875,-95.15100162,19021.0,3674.821610601427,0.0,721,702,0,0,702,682,19874,19,0,0,19,20
2020-05-29,US,Iowa,Butler,15,0,0,42.73172833,-92.79015971,19023.0,103.88531061707874,0.0,15,15,0,0,15,15,14539,0,0,0,0,0
2020-05-29,US,Iowa,Calhoun,2,0,0,42.38521079,-94.64046046,19025.0,20.68680182043856,0.0,2,2,0,0,2,2,9699,0,0,0,0,0
2020-05-29,US,Iowa,Carroll,9,0,0,42.03617207,-94.86032705,19027.0,44.63178775105381,0.0,9,9,0,0,9,9,20154,0,0,0,0,0
2020-05-29,US,Iowa,Cass,12,0,0,41.33149454,-94.92792482,19029.0,93.48706762231224,0.0,12,11,0,0,11,11,12930,1,0,0,1,0
2020-05-29,US,Iowa,Cedar,46,1,0,41.77233777,-91.13246684,19031.0,246.95334729156602,2.1739130434782608,45,46,1,0,45,46,18627,0,0,0,0,0
2020-05-29,US,Iowa,Cerro Gordo,27,1,0,43.08177563,-93.2612239,19033.0,63.60424028268551,3.703703703703704,26,25,1,0,24,22,42647,2,0,0,2,3
2020-05-29,US,Iowa,Cherokee,27,0,0,42.73538914,-95.62389402,19035.0,240.32042723631508,0.0,27,24,0,0,24,23,11321,3,0,0,3,1
2020-05-29,US,Iowa,Chickasaw,10,0,0,43.06001295,-92.31773347,19037.0,83.80122349786306,0.0,10,8,0,0,8,8,11964,2,0,0,2,0
2020-05-29,US,Iowa,Clarke,50,0,0,41.02868181,-93.78499767,19039.0,532.197977647685,0.0,50,45,0,0,45,40,9423,5,0,0,5,5
2020-05-29,US,Iowa,Clay,13,0,0,43.08247182,-95.15096481,19041.0,81.16883116883119,0.0,13,13,0,0,13,13,16134,0,0,0,0,0
2020-05-29,US,Iowa,Clayton,33,3,0,42.84443388,-91.34133693,19043.0,188.04490284346687,9.090909090909092,30,32,3,0,29,31,17556,1,0,0,1,1
2020-05-29,US,Iowa,Clinton,60,1,0,41.89981633,-90.53275096,19045.0,129.2295763423722,1.6666666666666667,59,60,1,0,59,60,46518,0,0,0,0,0
2020-05-29,US,Iowa,Crawford,501,2,0,42.03718237,-95.3819718,19047.0,2978.5969084423305,0.3992015968063872,499,489,2,0,487,488,17158,12,0,0,12,1
2020-05-29,US,Iowa,Dallas,886,20,0,41.68560356,-94.04127625,19049.0,948.070152911089,2.2573363431151243,866,875,17,0,858,873,90180,11,3,0,8,2
2020-05-29,US,Iowa,Davis,20,0,0,40.74773536,-92.41005468,19051.0,222.22222222222226,0.0,20,20,0,0,20,20,9017,0,0,0,0,0
2020-05-29,US,Iowa,Decatur,1,0,0,40.73742757,-93.78645949,19053.0,12.706480304955528,0.0,1,1,0,0,1,1,7890,0,0,0,0,0
2020-05-29,US,Iowa,Delaware,15,0,0,42.47104597,-91.3664492,19055.0,88.17823761095761,0.0,15,15,0,0,15,15,17069,0,0,0,0,0
2020-05-29,US,Iowa,Des Moines,62,1,0,40.92012606,-91.18326592,19057.0,159.10898965791569,1.6129032258064515,61,59,1,0,58,58,39138,3,0,0,3,1
2020-05-29,US,Iowa,Dickinson,19,0,0,43.37787725,-95.1510206,19059.0,110.09386950979255,0.0,19,16,0,0,16,13,17153,3,0,0,3,3
2020-05-29,US,Iowa,Dubuque,341,18,0,42.46815349,-90.88181925,19061.0,350.42287100122286,5.278592375366569,323,334,18,0,316,330,96854,7,0,0,7,4
2020-05-29,US,Iowa,Emmet,13,0,0,43.37782951,-94.67858943,19063.0,141.1815812337098,0.0,13,12,0,0,12,8,9253,1,0,0,1,4
2020-05-29,US,Iowa,Fayette,26,0,0,42.86271799,-91.84412309999999,19065.0,132.31552162849871,0.0,26,26,0,0,26,26,19660,0,0,0,0,0
2020-05-29,US,Iowa,Floyd,19,1,0,43.06000529999999,-92.78940097,19067.0,121.4678429868303,5.2631578947368425,18,18,1,0,17,18,15761,1,0,0,1,0
2020-05-29,US,Iowa,Franklin,12,0,0,42.73270384,-93.26256925,19069.0,119.16583912611719,0.0,12,10,0,0,10,9,10124,2,0,0,2,1
2020-05-29,US,Iowa,Fremont,4,0,0,40.74542720000001,-95.60129045,19071.0,57.4712643678161,0.0,4,4,0,0,4,4,6993,0,0,0,0,0
2020-05-29,US,Iowa,Greene,13,0,0,42.03614551,-94.39658081,19073.0,146.26462646264628,0.0,13,13,0,0,13,13,8981,0,0,0,0,0
2020-05-29,US,Iowa,Grundy,20,0,0,42.40183723,-92.78829551,19075.0,163.50555918901242,0.0,20,19,0,0,19,19,12304,1,0,0,1,0
2020-05-29,US,Iowa,Guthrie,50,3,0,41.68378965,-94.50111014,19077.0,467.77060529516325,6.0,47,46,3,0,43,44,10720,4,0,0,4,2
2020-05-29,US,Iowa,Hamilton,30,0,0,42.38382428,-93.70197703,19079.0,203.0731740337102,0.0,30,29,0,0,29,28,14952,1,0,0,1,1
2020-05-29,US,Iowa,Hancock,16,0,0,43.08178477,-93.73454884,19081.0,150.51740357478837,0.0,16,16,0,0,16,14,10712,0,0,0,0,2
2020-05-29,US,Iowa,Hardin,16,0,0,42.38353877,-93.23654611,19083.0,94.97803632909891,0.0,16,16,0,0,16,15,16868,0,0,0,0,1
2020-05-29,US,Iowa,Harrison,21,0,0,41.68330137,-95.81558439,19085.0,149.47683109118088,0.0,21,19,0,0,19,19,14134,2,0,0,2,0
2020-05-29,US,Iowa,Henry,70,1,0,40.98767962,-91.54436349,19087.0,350.80685576826704,1.4285714285714286,69,67,1,0,66,67,20067,3,0,0,3,0
2020-05-29,US,Iowa,Howard,12,0,0,43.35671042,-92.31702714,19089.0,131.03297663245252,0.0,12,12,0,0,12,12,9187,0,0,0,0,0
2020-05-29,US,Iowa,Humboldt,16,0,0,42.7764426,-94.20722537,19091.0,167.39903745553462,0.0,16,15,0,0,15,14,9547,1,0,0,1,1
2020-05-29,US,Iowa,Ida,14,0,0,42.38696136,-95.51355387,19093.0,204.08163265306126,0.0,14,14,0,0,14,14,6841,0,0,0,0,0
2020-05-29,US,Iowa,Iowa,34,0,0,41.68630265,-92.0643373,19095.0,210.08403361344537,0.0,34,35,0,0,35,36,16141,-1,0,0,-1,-1
2020-05-29,US,Iowa,Jackson,12,0,0,42.17178824,-90.57354837,19097.0,61.73157055404084,0.0,12,11,0,0,11,13,19432,1,0,0,1,-2
2020-05-29,US,Iowa,Jasper,260,16,0,41.68576082,-93.05567785,19099.0,699.206669355923,6.153846153846153,244,258,16,0,242,257,37147,2,0,0,2,1
2020-05-29,US,Iowa,Jefferson,21,0,0,41.03192394,-91.94849466,19101.0,114.78546050833563,0.0,21,19,0,0,19,19,18381,2,0,0,2,0
2020-05-29,US,Iowa,Johnson,610,8,0,41.67169354,-91.58754744,19103.0,403.59931189625513,1.3114754098360657,602,607,8,0,599,605,151260,3,0,0,3,2
2020-05-29,US,Iowa,Jones,36,0,0,42.12118609,-91.13139641,19105.0,174.07282046322712,0.0,36,36,0,0,36,36,20744,0,0,0,0,0
2020-05-29,US,Iowa,Keokuk,14,0,0,41.33649833,-92.1785067,19107.0,136.63868826859263,0.0,14,14,0,0,14,14,10225,0,0,0,0,0
2020-05-29,US,Iowa,Kossuth,9,0,0,43.20405458,-94.20691791,19109.0,60.75744278674138,0.0,9,9,0,0,9,8,14908,0,0,0,0,1
2020-05-29,US,Iowa,Lee,25,0,0,40.64181461,-91.48183025,19111.0,74.27875330540452,0.0,25,24,0,0,24,23,34055,1,0,0,1,1
2020-05-29,US,Iowa,Linn,945,76,0,42.07923082,-91.59809485,19113.0,416.83943080465446,8.042328042328043,869,941,76,0,865,938,225909,4,0,0,4,3
2020-05-29,US,Iowa,Louisa,341,11,0,41.21842119,-91.26102611,19115.0,3090.167648391481,3.2258064516129035,330,342,10,0,332,336,11169,-1,1,0,-2,6
2020-05-29,US,Iowa,Lucas,13,0,0,41.02958964,-93.32780803,19117.0,151.1627906976744,0.0,13,12,0,0,12,7,8645,1,0,0,1,5
2020-05-29,US,Iowa,Lyon,20,0,0,43.38107862,-96.20926845,19119.0,170.1403658017865,0.0,20,19,0,0,19,19,11811,1,0,0,1,0
2020-05-29,US,Iowa,Madison,27,1,0,41.33081904,-94.01554631,19121.0,165.25890561880283,3.703703703703704,26,27,1,0,26,26,16249,0,0,0,0,1
2020-05-29,US,Iowa,Mahaska,92,9,0,41.33521503,-92.64083907,19123.0,416.3837972391944,9.782608695652174,83,91,8,0,83,88,22000,1,1,0,0,3
2020-05-29,US,Iowa,Marion,32,0,0,41.33445101,-93.09934783,19125.0,96.23191892460831,0.0,32,31,0,0,31,30,33407,1,0,0,1,1
2020-05-29,US,Iowa,Marshall,891,16,0,42.03586837,-92.99908190000001,19127.0,2263.2020117351217,1.7957351290684624,875,882,15,0,867,878,39981,9,1,0,8,4
2020-05-29,US,Iowa,Mills,16,0,0,41.03299766,-95.61920963,19129.0,105.89714739559204,0.0,16,16,0,0,16,16,15063,0,0,0,0,0
2020-05-29,US,Iowa,Mitchell,5,0,0,43.35638371,-92.78887719,19131.0,47.232193463064434,0.0,5,5,0,0,5,5,10569,0,0,0,0,0
2020-05-29,US,Iowa,Monona,24,0,0,42.05220391,-95.95743843,19133.0,278.5838653511317,0.0,24,24,0,0,24,24,8679,0,0,0,0,0
2020-05-29,US,Iowa,Monroe,38,5,0,41.02988815,-92.8690667,19135.0,493.0582587258336,13.157894736842106,33,38,5,0,33,35,7790,0,0,0,0,3
2020-05-29,US,Iowa,Montgomery,6,0,0,41.03018714,-95.15642896,19137.0,60.50216799435313,0.0,6,6,0,0,6,6,10003,0,0,0,0,0
2020-05-29,US,Iowa,Muscatine,554,41,0,41.48370744,-91.11216970000001,19139.0,1298.5186574160887,7.400722021660651,513,549,41,0,508,547,42929,5,0,0,5,2
2020-05-29,US,Iowa,O'Brien,28,0,0,43.08310673,-95.62474482,19141.0,203.59194357594703,0.0,28,27,0,0,27,27,13840,1,0,0,1,0
2020-05-29,US,Iowa,Osceola,32,0,0,43.37824276,-95.62422844,19143.0,537.0929842228936,0.0,32,32,0,0,32,31,6040,0,0,0,0,1
2020-05-29,US,Iowa,Page,11,0,0,40.7393172,-95.1497813,19145.0,72.81392731846164,0.0,11,11,0,0,11,10,15249,0,0,0,0,1
2020-05-29,US,Iowa,Palo Alto,6,0,0,43.08193849,-94.67824621,19147.0,67.5219446320054,0.0,6,3,0,0,3,3,8929,3,0,0,3,0
2020-05-29,US,Iowa,Plymouth,127,2,0,42.737633,-96.21366621,19149.0,504.42864519204034,1.5748031496062993,125,119,1,0,118,119,25095,8,1,0,7,0
2020-05-29,US,Iowa,Pocahontas,11,0,0,42.73420133,-94.67862564,19151.0,166.18824595860403,0.0,11,10,0,0,10,9,6740,1,0,0,1,1
2020-05-29,US,Iowa,Polk,4056,123,0,41.68679484,-93.57767461,19153.0,827.4832146988439,3.032544378698225,3933,3930,118,0,3812,3876,487204,126,5,0,121,54
2020-05-29,US,Iowa,Pottawattamie,244,8,0,41.33640314,-95.53907776,19155.0,261.78572194923066,3.278688524590164,236,234,8,0,226,227,93533,10,0,0,10,7
2020-05-29,US,Iowa,Poweshiek,89,8,0,41.68625425,-92.53155731,19157.0,480.9770860354518,8.98876404494382,81,89,8,0,81,88,18699,0,0,0,0,1
2020-05-29,US,Iowa,Ringgold,4,0,0,40.73518949,-94.24368535,19159.0,81.73273395995095,0.0,4,4,0,0,4,4,4968,0,0,0,0,0
2020-05-29,US,Iowa,Sac,18,0,0,42.38624071,-95.10547892,19161.0,185.16613517127868,0.0,18,17,0,0,17,17,9719,1,0,0,1,0
2020-05-29,US,Iowa,Scott,357,10,0,41.63935978,-90.61959493,19163.0,206.42639482372812,2.8011204481792715,347,352,10,0,342,346,173283,5,0,0,5,6
2020-05-29,US,Iowa,Shelby,35,0,0,41.6850066,-95.31015553,19165.0,305.57010651300857,0.0,35,34,0,0,34,35,11578,1,0,0,1,-1
2020-05-29,US,Iowa,Sioux,214,0,0,43.08221074,-96.17675679999999,19167.0,613.9721704203128,0.0,214,213,0,0,213,210,34909,1,0,0,1,3
2020-05-29,US,Iowa,Story,105,1,0,42.03621213,-93.46499005,19169.0,108.11701349918141,0.9523809523809524,104,99,1,0,98,96,98105,6,0,0,6,3
2020-05-29,US,Iowa,Tama,401,27,0,42.07991767,-92.53266945,19171.0,2379.2571496380688,6.733167082294265,374,400,26,0,374,400,16904,1,1,0,0,0
2020-05-29,US,Iowa,Taylor,51,0,0,40.73710579,-94.69778563,19173.0,833.1971900016338,0.0,51,49,0,0,49,48,6191,2,0,0,2,1
2020-05-29,US,Iowa,Unassigned,1,0,0,0.0,0.0,90019.0,0.0,0.0,1,1,0,0,1,8,,0,0,0,0,-7
2020-05-29,US,Iowa,Union,7,0,0,41.0277278,-94.24234847,19175.0,57.18487051711462,0.0,7,7,0,0,7,6,12359,0,0,0,0,1
2020-05-29,US,Iowa,Van Buren,9,0,0,40.75326764,-91.95017958,19177.0,127.76831345826237,0.0,9,9,0,0,9,9,7020,0,0,0,0,0
2020-05-29,US,Iowa,Wapello,556,8,0,41.03064984,-92.40954728,19179.0,1589.9796963024396,1.4388489208633093,548,545,6,0,539,538,35205,11,2,0,9,7
2020-05-29,US,Iowa,Warren,121,0,0,41.33559454,-93.56007641,19181.0,235.10667236622243,0.0,121,116,0,0,116,114,51056,5,0,0,5,2
2020-05-29,US,Iowa,Washington,187,8,0,41.33577126,-91.71725711,19183.0,851.3544274982927,4.2780748663101615,179,185,8,0,177,185,22141,2,0,0,2,0
2020-05-29,US,Iowa,Wayne,1,0,0,40.73969028,-93.32752197,19185.0,15.525539512498062,0.0,1,1,0,0,1,1,6401,0,0,0,0,0
2020-05-29,US,Iowa,Webster,37,1,0,42.42853483,-94.17987389,19187.0,103.05258467023172,2.702702702702702,36,32,1,0,31,29,36277,5,0,0,5,3
2020-05-29,US,Iowa,Winnebago,11,0,0,43.37751174,-93.73407298,19189.0,106.23913463395789,0.0,11,11,0,0,11,11,10518,0,0,0,0,0
2020-05-29,US,Iowa,Winneshiek,23,0,0,43.29094334,-91.84422722,19191.0,115.05177329798408,0.0,23,23,0,0,23,23,20029,0,0,0,0,0
2020-05-29,US,Iowa,Woodbury,2721,34,0,42.38979414,-96.0459439,19193.0,2639.0060810614223,1.2495406100698272,2687,2672,32,0,2640,2658,102539,49,2,0,47,14
2020-05-29,US,Iowa,Worth,3,0,0,43.37750768,-93.26087602,19195.0,40.64489906516732,0.0,3,3,0,0,3,3,7453,0,0,0,0,0
2020-05-29,US,Iowa,Wright,153,0,0,42.73305373,-93.73515113,19197.0,1217.9589237382581,0.0,153,145,0,0,145,124,12690,8,0,0,8,21
2020-05-29,US,Kansas,Allen,1,0,0,37.88582951,-95.30030847,20001.0,8.084727948904519,0.0,1,1,0,0,1,1,12444,0,0,0,0,0
2020-05-29,US,Kansas,Anderson,1,0,0,38.21413251,-95.29272815,20003.0,12.725884448969204,0.0,1,1,0,0,1,1,7878,0,0,0,0,0
2020-05-29,US,Kansas,Atchison,22,0,0,39.53185661,-95.30870026,20005.0,136.8755055061283,0.0,22,21,0,0,21,21,16193,1,0,0,1,0
2020-05-29,US,Kansas,Barber,1,0,0,37.2288586,-98.68460053,20007.0,22.588660492432798,0.0,1,1,0,0,1,1,4472,0,0,0,0,0
2020-05-29,US,Kansas,Barton,45,1,0,38.47889676,-98.75636726,20009.0,174.56068893285232,2.2222222222222223,44,45,1,0,44,45,26111,0,0,0,0,0
2020-05-29,US,Kansas,Bourbon,7,1,0,37.85508555,-94.84865997,20011.0,48.16292830604101,14.285714285714285,6,7,1,0,6,7,14653,0,0,0,0,0
2020-05-29,US,Kansas,Brown,6,0,0,39.82652589,-95.56421698,20013.0,62.73525721455458,0.0,6,6,0,0,6,6,9598,0,0,0,0,0
2020-05-29,US,Kansas,Butler,31,0,0,37.78134351,-96.83878537,20015.0,46.330199817668245,0.0,31,31,0,0,31,29,66765,0,0,0,0,2
2020-05-29,US,Kansas,Chase,4,0,0,38.30292938,-96.59563862,20017.0,151.0574018126888,0.0,4,4,0,0,4,4,2629,0,0,0,0,0
2020-05-29,US,Kansas,Chautauqua,4,0,0,37.14994405,-96.2454192,20019.0,123.07692307692308,0.0,4,4,0,0,4,4,3309,0,0,0,0,0
2020-05-29,US,Kansas,Cherokee,9,0,0,37.16928494,-94.8462897,20021.0,45.137669893174184,0.0,9,9,0,0,9,9,20015,0,0,0,0,0
2020-05-29,US,Kansas,Cheyenne,2,0,0,39.78580976,-101.7318201,20023.0,75.27286413248024,0.0,2,2,0,0,2,2,2660,0,0,0,0,0
2020-05-29,US,Kansas,Clark,33,1,0,37.23577007,-99.81883015,20025.0,1654.964894684052,3.0303030303030303,32,31,1,0,30,31,2005,2,0,0,2,0
2020-05-29,US,Kansas,Clay,5,2,0,39.34948772,-97.16518128,20027.0,62.48437890527367,40.0,3,5,1,0,4,5,7997,0,1,0,-1,0
2020-05-29,US,Kansas,Cloud,5,0,0,39.48028352,-97.64925343,20029.0,56.908718415661276,0.0,5,5,0,0,5,5,8729,0,0,0,0,0
2020-05-29,US,Kansas,Coffey,50,8,0,38.2365018,-95.73379515,20031.0,611.321677466683,16.0,42,50,8,0,42,50,8233,0,0,0,0,0
2020-05-29,US,Kansas,Comanche,2,0,0,37.19114520000001,-99.27113247,20033.0,117.64705882352942,0.0,2,1,0,0,1,1,1748,1,0,0,1,0
2020-05-29,US,Kansas,Cowley,5,1,0,37.23781842,-96.83776647,20035.0,14.32336427180016,20.0,4,4,1,0,3,4,35218,1,0,0,1,0
2020-05-29,US,Kansas,Crawford,8,1,0,37.50675523,-94.85245778,20037.0,20.608995826678342,12.5,7,8,1,0,7,8,39019,0,0,0,0,0
2020-05-29,US,Kansas,Dickinson,3,0,0,38.86600962,-97.15532383,20041.0,16.246073865482508,0.0,3,3,0,0,3,3,18717,0,0,0,0,0
2020-05-29,US,Kansas,Doniphan,15,0,0,39.79067154,-95.14056866,20043.0,197.36842105263162,0.0,15,14,0,0,14,12,7682,1,0,0,1,2
2020-05-29,US,Kansas,Douglas,66,0,0,38.88503636,-95.2925121,20045.0,53.98375579711923,0.0,66,65,0,0,65,63,121436,1,0,0,1,2
2020-05-29,US,Kansas,Edwards,5,0,0,37.88735543,-99.31263309,20047.0,178.69907076483204,0.0,5,5,0,0,5,5,2849,0,0,0,0,0
2020-05-29,US,Kansas,Ellis,8,0,0,38.91458712,-99.31751551,20051.0,28.01807165621826,0.0,8,8,0,0,8,8,28710,0,0,0,0,0
2020-05-29,US,Kansas,Ellsworth,2,0,0,38.69677695,-98.20462799,20053.0,32.77613897082924,0.0,2,2,0,0,2,2,6196,0,0,0,0,0
2020-05-29,US,Kansas,Finney,1481,8,0,38.04340344,-100.73819379999999,20055.0,4061.2060218827983,0.5401755570560433,1473,1466,8,0,1458,1458,36611,15,0,0,15,8
2020-05-29,US,Kansas,Ford,1732,8,0,37.69200114,-99.88825298,20057.0,5151.848657009428,0.4618937644341801,1724,1622,8,0,1614,1622,33888,110,0,0,110,0
2020-05-29,US,Kansas,Franklin,34,0,0,38.56443815,-95.28644341,20059.0,133.10366426558096,0.0,34,34,0,0,34,34,25631,0,0,0,0,0
2020-05-29,US,Kansas,Geary,20,0,0,38.99871131,-96.7577178,20061.0,63.15124723713294,0.0,20,20,0,0,20,19,32594,0,0,0,0,1
2020-05-29,US,Kansas,Gove,1,0,0,38.91588178,-100.4829321,20063.0,37.93626707132018,0.0,1,1,0,0,1,1,2612,0,0,0,0,0
2020-05-29,US,Kansas,Grant,18,0,0,37.56227336,-101.3079758,20067.0,251.74825174825176,0.0,18,18,0,0,18,18,7336,0,0,0,0,0
2020-05-29,US,Kansas,Gray,22,0,0,37.73836671,-100.4369088,20069.0,367.4014696058785,0.0,22,22,0,0,22,22,6033,0,0,0,0,0
2020-05-29,US,Kansas,Greenwood,8,0,0,37.8774388,-96.23250453,20073.0,133.73453694416582,0.0,8,3,0,0,3,3,6055,5,0,0,5,0
2020-05-29,US,Kansas,Hamilton,17,0,0,37.99978709,-101.7921066,20075.0,669.5549428909019,0.0,17,16,0,0,16,16,2607,1,0,0,1,0
2020-05-29,US,Kansas,Harper,2,0,0,37.19175361,-98.07578384,20077.0,36.79175864606328,0.0,2,2,0,0,2,2,5506,0,0,0,0,0
2020-05-29,US,Kansas,Harvey,11,0,0,38.04293782,-97.42747573,20079.0,31.949809753405557,0.0,11,11,0,0,11,11,34210,0,0,0,0,0
2020-05-29,US,Kansas,Haskell,21,0,0,37.562039399999996,-100.8710738,20081.0,529.233870967742,0.0,21,18,0,0,18,18,3997,3,0,0,3,0
2020-05-29,US,Kansas,Hodgeman,4,0,0,38.08780079,-99.89829881,20083.0,222.9654403567447,0.0,4,1,0,0,1,1,1818,3,0,0,3,0
2020-05-29,US,Kansas,Jackson,96,1,0,39.41673394,-95.79356799,20085.0,728.8740414547111,1.0416666666666667,95,95,1,0,94,93,13280,1,0,0,1,2
2020-05-29,US,Kansas,Jefferson,22,0,0,39.2347941,-95.38289232,20087.0,115.52801554376936,0.0,22,22,0,0,22,22,18975,0,0,0,0,0
2020-05-29,US,Kansas,Jewell,4,0,0,39.78470589,-98.21820662,20089.0,138.9371309482459,0.0,4,4,0,0,4,4,2841,0,0,0,0,0
2020-05-29,US,Kansas,Johnson,801,62,0,38.88548175,-94.82250877,20091.0,132.96790675978295,7.740324594257178,739,771,62,0,709,760,597555,30,0,0,30,11
2020-05-29,US,Kansas,Kearny,45,1,0,38.00017981,-101.32168100000001,20093.0,1172.4856696195934,2.2222222222222223,44,44,1,0,43,44,3943,1,0,0,1,0
2020-05-29,US,Kansas,Kiowa,2,0,0,37.55848695,-99.2856537,20097.0,80.8080808080808,0.0,2,2,0,0,2,2,2516,0,0,0,0,0
2020-05-29,US,Kansas,Labette,22,0,0,37.19113093,-95.29849679,20099.0,112.141910490366,0.0,22,22,0,0,22,22,19964,0,0,0,0,0
2020-05-29,US,Kansas,Lane,3,0,0,38.48119447,-100.46607540000001,20101.0,195.4397394136808,0.0,3,3,0,0,3,3,1560,0,0,0,0,0
2020-05-29,US,Kansas,Leavenworth,1082,7,0,39.20183497,-95.03620809,20103.0,1323.4178918270995,0.6469500924214417,1075,1076,7,0,1069,1074,81352,6,0,0,6,2
2020-05-29,US,Kansas,Linn,11,0,0,38.21267844,-94.84254089,20107.0,113.36699989693909,0.0,11,7,0,0,7,7,9750,4,0,0,4,0
2020-05-29,US,Kansas,Lyon,354,3,0,38.45576156,-96.15275715,20111.0,1066.4256665160415,0.8474576271186439,351,339,3,0,336,339,33406,15,0,0,15,0
2020-05-29,US,Kansas,Marion,5,1,0,38.35855394,-97.09852509999999,20115.0,42.07337596768765,20.0,4,5,1,0,4,5,11950,0,0,0,0,0
2020-05-29,US,Kansas,McPherson,27,0,0,38.39184858,-97.64769869,20113.0,94.59743535841919,0.0,27,27,0,0,27,27,28537,0,0,0,0,0
2020-05-29,US,Kansas,Meade,29,0,0,37.23859987,-100.36483100000001,20119.0,719.0676915447557,0.0,29,26,0,0,26,26,4146,3,0,0,3,0
2020-05-29,US,Kansas,Miami,7,0,0,38.56383358,-94.83832189,20121.0,20.445716622367613,0.0,7,7,0,0,7,7,33680,0,0,0,0,0
2020-05-29,US,Kansas,Mitchell,4,0,0,39.39331582,-98.20906732,20123.0,66.9008195350393,0.0,4,3,0,0,3,3,6150,1,0,0,1,0
2020-05-29,US,Kansas,Montgomery,20,2,0,37.19236568,-95.74329258,20125.0,62.835778692387436,10.0,18,20,2,0,18,20,32120,0,0,0,0,0
2020-05-29,US,Kansas,Morris,5,0,0,38.68827511,-96.65128437,20127.0,88.96797153024912,0.0,5,5,0,0,5,5,5521,0,0,0,0,0
2020-05-29,US,Kansas,Morton,5,0,0,37.19141121,-101.79925190000002,20129.0,193.27406262079631,0.0,5,4,0,0,4,4,2667,1,0,0,1,0
2020-05-29,US,Kansas,Nemaha,16,0,0,39.78345387,-96.01392079,20131.0,156.38744990714494,0.0,16,15,0,0,15,14,10155,1,0,0,1,1
2020-05-29,US,Kansas,Neosho,2,0,0,37.55862897,-95.30670046,20133.0,12.494533641531827,0.0,2,2,0,0,2,2,15951,0,0,0,0,0
2020-05-29,US,Kansas,Ness,1,0,0,38.47974157,-99.91547333,20135.0,36.36363636363637,0.0,1,1,0,0,1,1,2840,0,0,0,0,0
2020-05-29,US,Kansas,Norton,2,0,0,39.78443827,-99.90286639,20137.0,37.30647267300878,0.0,2,2,0,0,2,2,5430,0,0,0,0,0
2020-05-29,US,Kansas,Osage,7,0,0,38.65235984,-95.72707998,20139.0,43.889899053232185,0.0,7,7,0,0,7,7,15941,0,0,0,0,0
2020-05-29,US,Kansas,Osborne,2,0,0,39.3503437,-98.76753828,20141.0,58.46243788365975,0.0,2,2,0,0,2,2,3475,0,0,0,0,0
2020-05-29,US,Kansas,Ottawa,4,0,0,39.13237408,-97.65020313,20143.0,70.12622720897616,0.0,4,4,0,0,4,4,5802,0,0,0,0,0
2020-05-29,US,Kansas,Phillips,2,0,0,39.78465501,-99.34668865,20147.0,38.211692777990066,0.0,2,2,0,0,2,2,5317,0,0,0,0,0
2020-05-29,US,Kansas,Pottawatomie,25,0,0,39.37925655,-96.34564657,20149.0,102.5304515441086,0.0,25,23,0,0,23,23,24277,2,0,0,2,0
2020-05-29,US,Kansas,Pratt,2,0,0,37.64780729,-98.73922153,20151.0,21.824530772588393,0.0,2,1,0,0,1,1,9378,1,0,0,1,0
2020-05-29,US,Kansas,Reno,43,0,0,37.95230263,-98.08607292,20155.0,69.3570760347108,0.0,43,43,0,0,43,43,62342,0,0,0,0,0
2020-05-29,US,Kansas,Republic,4,0,0,39.82799632,-97.65036709,20157.0,86.28127696289906,0.0,4,4,0,0,4,4,4664,0,0,0,0,0
2020-05-29,US,Kansas,Rice,4,0,0,38.34616184,-98.19992118,20159.0,41.94191045402118,0.0,4,4,0,0,4,4,9531,0,0,0,0,0
2020-05-29,US,Kansas,Riley,64,1,0,39.28935726,-96.73420026,20161.0,86.21618708912598,1.5625,63,64,1,0,63,64,73703,0,0,0,0,0
2020-05-29,US,Kansas,Rooks,6,0,0,39.35022773,-99.32484567,20163.0,121.95121951219512,0.0,6,6,0,0,6,6,5013,0,0,0,0,0
2020-05-29,US,Kansas,Saline,25,2,0,38.78369175,-97.65185177,20169.0,46.10504573620537,8.0,23,25,2,0,23,24,54401,0,0,0,0,1
2020-05-29,US,Kansas,Scott,14,0,0,38.48222076,-100.90665390000001,20171.0,290.2757619738752,0.0,14,13,0,0,13,13,4897,1,0,0,1,0
2020-05-29,US,Kansas,Sedgwick,575,21,0,37.6842718,-97.4608198,20173.0,111.42503904720934,3.652173913043478,554,573,21,0,552,564,513607,2,0,0,2,9
2020-05-29,US,Kansas,Seward,883,2,0,37.19324632,-100.85072009999999,20175.0,4120.776554041441,0.2265005662514156,881,856,2,0,854,849,21780,27,0,0,27,7
2020-05-29,US,Kansas,Shawnee,294,7,0,39.04100763,-95.75572640000001,20177.0,166.21908127208482,2.380952380952381,287,274,7,0,267,270,177499,20,0,0,20,4
2020-05-29,US,Kansas,Sheridan,2,0,0,39.35018161,-100.44182590000001,20179.0,79.33359777865927,0.0,2,2,0,0,2,2,2533,0,0,0,0,0
2020-05-29,US,Kansas,Sherman,7,0,0,39.35147699,-101.71976240000001,20181.0,118.30319418624303,0.0,7,7,0,0,7,6,5899,0,0,0,0,1
2020-05-29,US,Kansas,Smith,2,0,0,39.78516566,-98.78566062,20183.0,55.81914596706671,0.0,2,2,0,0,2,2,3603,0,0,0,0,0
2020-05-29,US,Kansas,Stafford,1,0,0,38.03100851,-98.71762001,20185.0,24.06159769008662,0.0,1,1,0,0,1,1,4178,0,0,0,0,0
2020-05-29,US,Kansas,Stanton,9,0,0,37.56304714,-101.78435340000001,20187.0,448.65403788634103,0.0,9,9,0,0,9,9,1987,0,0,0,0,0
2020-05-29,US,Kansas,Stevens,29,0,0,37.1923008,-101.3118967,20189.0,528.714676390155,0.0,29,27,0,0,27,27,5559,2,0,0,2,0
2020-05-29,US,Kansas,Sumner,8,1,0,37.23682549,-97.47721621,20191.0,35.032404974601505,12.5,7,6,1,0,5,6,22996,2,0,0,2,0
2020-05-29,US,Kansas,Trego,1,0,0,38.91467218,-99.87284448,20195.0,35.676061362825536,0.0,1,1,0,0,1,1,2793,0,0,0,0,0
2020-05-29,US,Kansas,Wabaunsee,31,0,0,38.95471985,-96.20350509,20197.0,447.2659067955562,0.0,31,31,0,0,31,31,6899,0,0,0,0,0
2020-05-29,US,Kansas,Wilson,1,0,0,37.55937174,-95.74323255,20205.0,11.730205278592374,0.0,1,1,0,0,1,1,8665,0,0,0,0,0
2020-05-29,US,Kansas,Woodson,6,0,0,37.8865336,-95.74006277,20207.0,191.20458891013385,0.0,6,6,0,0,6,6,3183,0,0,0,0,0
2020-05-29,US,Kansas,Wyandotte,1335,73,0,39.11727348,-94.76378225,20209.0,806.992727998114,5.468164794007491,1262,1308,73,0,1235,1281,165324,27,0,0,27,27
2020-05-29,US,Kentucky,Adair,97,19,0,37.10459774,-85.28129668,21001.0,505.15571294656814,19.587628865979386,78,96,19,0,77,96,19215,1,0,0,1,0
2020-05-29,US,Kentucky,Allen,70,3,0,36.75197631,-86.19457544,21003.0,328.40722495894914,4.285714285714286,67,63,3,0,60,56,21122,7,0,0,7,7
2020-05-29,US,Kentucky,Anderson,18,1,0,38.00671029,-84.99171713,21005.0,79.13131401943113,5.5555555555555545,17,16,1,0,15,15,22663,2,0,0,2,1
2020-05-29,US,Kentucky,Ballard,10,0,0,37.05842757,-88.99427697,21007.0,126.77484787018257,0.0,10,10,0,0,10,10,7979,0,0,0,0,0
2020-05-29,US,Kentucky,Barren,45,1,0,36.96469836,-85.93338945,21009.0,101.69721349635022,2.2222222222222223,44,44,1,0,43,44,44176,1,0,0,1,0
2020-05-29,US,Kentucky,Bath,9,1,0,38.14735938,-83.74588932,21011.0,72.0,11.111111111111109,8,8,1,0,7,8,12383,1,0,0,1,0
2020-05-29,US,Kentucky,Bell,1,0,0,36.73355174,-83.67766671,21013.0,3.8414259373079287,0.0,1,1,0,0,1,1,26569,0,0,0,0,0
2020-05-29,US,Kentucky,Boone,423,17,0,38.97065142,-84.72615357,21015.0,316.6618007051901,4.018912529550828,406,409,17,0,392,403,131533,14,0,0,14,6
2020-05-29,US,Kentucky,Bourbon,10,1,0,38.2054607,-84.21827874,21017.0,50.53567818880129,10.0,9,10,1,0,9,10,20184,0,0,0,0,0
2020-05-29,US,Kentucky,Boyd,39,3,0,38.36176608,-82.68652187,21019.0,83.47960101031723,7.6923076923076925,36,39,3,0,36,39,47240,0,0,0,0,0
2020-05-29,US,Kentucky,Boyle,23,0,0,37.62680923,-84.8633779,21021.0,76.51363938789089,0.0,23,23,0,0,23,23,30100,0,0,0,0,0
2020-05-29,US,Kentucky,Bracken,11,0,0,38.69158994,-84.08532444,21023.0,132.48223533662528,0.0,11,11,0,0,11,11,8239,0,0,0,0,0
2020-05-29,US,Kentucky,Breathitt,3,0,0,37.52333168,-83.31959161,21025.0,23.752969121140147,0.0,3,3,0,0,3,3,12726,0,0,0,0,0
2020-05-29,US,Kentucky,Breckinridge,17,2,0,37.77377239,-86.42885017,21027.0,83.01997362894957,11.764705882352944,15,17,2,0,15,17,20388,0,0,0,0,0
2020-05-29,US,Kentucky,Bullitt,111,4,0,37.97162523,-85.68955617,21029.0,135.90283559429943,3.603603603603604,107,109,4,0,105,109,81069,2,0,0,2,0
2020-05-29,US,Kentucky,Butler,228,13,0,37.20946153,-86.68748787,21031.0,1770.3237829023992,5.701754385964912,215,227,7,0,220,226,12772,1,6,0,-5,1
2020-05-29,US,Kentucky,Caldwell,12,0,0,37.14749129,-87.86948214,21033.0,94.13979759943516,0.0,12,12,0,0,12,12,12715,0,0,0,0,0
2020-05-29,US,Kentucky,Calloway,50,1,0,36.62093411,-88.2731593,21035.0,128.20184097843642,2.0,49,48,1,0,47,48,39135,2,0,0,2,0
2020-05-29,US,Kentucky,Campbell,164,11,0,38.94384345,-84.37875208,21037.0,175.2436313899812,6.7073170731707314,153,153,11,0,142,150,93152,11,0,0,11,3
2020-05-29,US,Kentucky,Carlisle,5,1,0,36.85372876,-88.96692220000001,21039.0,105.04201680672269,20.0,4,5,1,0,4,5,4771,0,0,0,0,0
2020-05-29,US,Kentucky,Carroll,11,0,0,38.66599534,-85.12601074,21041.0,103.4709810930298,0.0,11,10,0,0,10,7,10737,1,0,0,1,3
2020-05-29,US,Kentucky,Carter,9,0,0,38.31690743,-83.05092385,21043.0,33.585849162219645,0.0,9,9,0,0,9,9,27004,0,0,0,0,0
2020-05-29,US,Kentucky,Casey,3,0,0,37.32533118,-84.92726209,21045.0,18.565505291169007,0.0,3,2,0,0,2,2,15888,1,0,0,1,0
2020-05-29,US,Kentucky,Christian,109,3,0,36.89267803,-87.49055367,21047.0,154.69550531499698,2.7522935779816518,106,107,3,0,104,106,71671,2,0,0,2,1
2020-05-29,US,Kentucky,Clark,39,0,0,37.9689263,-84.14615986,21049.0,107.54763808840968,0.0,39,38,0,0,38,38,36249,1,0,0,1,0
2020-05-29,US,Kentucky,Clay,7,0,0,37.16451126,-83.712575,21051.0,35.1741118536757,0.0,7,7,0,0,7,7,20105,0,0,0,0,0
2020-05-29,US,Kentucky,Clinton,3,0,0,36.72581156,-85.13377529,21053.0,29.35995302407516,0.0,3,3,0,0,3,3,10206,0,0,0,0,0
2020-05-29,US,Kentucky,Crittenden,6,1,0,37.35839237,-88.08826090000002,21055.0,68.1353622530093,16.666666666666668,5,5,1,0,4,5,8915,1,0,0,1,0
2020-05-29,US,Kentucky,Cumberland,5,0,0,36.78926125,-85.39050034,21057.0,75.59721802237678,0.0,5,5,0,0,5,5,6659,0,0,0,0,0
2020-05-29,US,Kentucky,Daviess,316,6,0,37.73028906,-87.09019479999998,21059.0,311.2963127148782,1.8987341772151896,310,313,6,0,307,312,101104,3,0,0,3,1
2020-05-29,US,Kentucky,Edmonson,56,9,0,37.21218923,-86.23955613,21061.0,460.90534979423865,16.071428571428573,47,56,9,0,47,56,12274,0,0,0,0,0
2020-05-29,US,Kentucky,Elliott,1,0,0,38.11624059,-83.09771563,21063.0,13.303179459890915,0.0,1,1,0,0,1,1,7508,0,0,0,0,0
2020-05-29,US,Kentucky,Fayette,702,13,0,38.0368225,-84.45576892,21067.0,217.23523295538945,1.851851851851852,689,661,13,0,648,650,323780,41,0,0,41,11
2020-05-29,US,Kentucky,Fleming,3,0,0,38.36758311,-83.69657514,21069.0,20.574720526712845,0.0,3,3,0,0,3,3,14432,0,0,0,0,0
2020-05-29,US,Kentucky,Floyd,16,0,0,37.56213922,-82.74750924,21071.0,44.957711652476895,0.0,16,16,0,0,16,16,35845,0,0,0,0,0
2020-05-29,US,Kentucky,Franklin,35,0,0,38.2379395,-84.87962551,21073.0,68.63956384460003,0.0,35,28,0,0,28,25,50815,7,0,0,7,3
2020-05-29,US,Kentucky,Fulton,6,0,0,36.55238827,-89.20140068,21075.0,100.51934997487015,0.0,6,5,0,0,5,4,6120,1,0,0,1,1
2020-05-29,US,Kentucky,Gallatin,33,2,0,38.75398691,-84.8558382,21077.0,372.08253467132715,6.0606060606060606,31,15,0,0,15,12,8832,18,2,0,16,3
2020-05-29,US,Kentucky,Garrard,5,0,0,37.638866799999995,-84.53289319,21079.0,28.302954828484093,0.0,5,5,0,0,5,5,17560,0,0,0,0,0
2020-05-29,US,Kentucky,Grant,41,4,0,38.64962758,-84.62415957,21081.0,163.5486058478599,9.75609756097561,37,39,4,0,35,39,25121,2,0,0,2,0
2020-05-29,US,Kentucky,Graves,162,19,0,36.72292505,-88.65143315,21083.0,434.71260666559334,11.728395061728394,143,159,19,0,140,159,37317,3,0,0,3,0
2020-05-29,US,Kentucky,Grayson,124,8,0,37.46231118,-86.34248968,21085.0,469.2170885836455,6.451612903225807,116,124,8,0,116,124,26321,0,0,0,0,0
2020-05-29,US,Kentucky,Green,1,0,0,37.26484328,-85.5540745,21087.0,9.139932364500504,0.0,1,1,0,0,1,1,11049,0,0,0,0,0
2020-05-29,US,Kentucky,Greenup,14,0,0,38.54332505,-82.9215658,21089.0,39.88831272437176,0.0,14,14,0,0,14,14,35268,0,0,0,0,0
2020-05-29,US,Kentucky,Hancock,7,0,0,37.83766422,-86.78280584,21091.0,80.25682182985555,0.0,7,7,0,0,7,7,8758,0,0,0,0,0
2020-05-29,US,Kentucky,Hardin,100,2,0,37.6976111,-85.96319251,21093.0,90.12419113538456,2.0,98,99,2,0,97,98,110356,1,0,0,1,1
2020-05-29,US,Kentucky,Harlan,1,0,0,36.85699301,-83.21899516,21095.0,3.8446751249519417,0.0,1,1,0,0,1,1,26409,0,0,0,0,0
2020-05-29,US,Kentucky,Harrison,18,0,0,38.44188174,-84.32869741,21097.0,95.3086942708885,0.0,18,18,0,0,18,18,18778,0,0,0,0,0
2020-05-29,US,Kentucky,Hart,21,0,0,37.29943898,-85.88461055,21099.0,110.32308904649332,0.0,21,21,0,0,21,21,18906,0,0,0,0,0
2020-05-29,US,Kentucky,Henderson,106,3,0,37.79344553,-87.57392021,21101.0,234.461402344614,2.830188679245283,103,103,3,0,100,103,45591,3,0,0,3,0
2020-05-29,US,Kentucky,Henry,19,0,0,38.44942688,-85.11587507,21103.0,117.82215056430609,0.0,19,19,0,0,19,19,16106,0,0,0,0,0
2020-05-29,US,Kentucky,Hickman,5,0,0,36.67948079999999,-88.97875928,21105.0,114.15525114155253,0.0,5,5,0,0,5,5,4421,0,0,0,0,0
2020-05-29,US,Kentucky,Hopkins,221,29,0,37.30939025,-87.54670406,21107.0,494.5620552298259,13.122171945701355,192,221,29,0,192,219,45068,0,0,0,0,2
2020-05-29,US,Kentucky,Jackson,61,13,0,37.41866422,-83.99825483,21109.0,457.6487358391477,21.311475409836067,48,61,13,0,48,61,13442,0,0,0,0,0
2020-05-29,US,Kentucky,Jefferson,2329,145,0,38.18664655,-85.65931031,21111.0,303.7468193964972,6.225848003434951,2184,2267,145,0,2122,2253,770517,62,0,0,62,14
2020-05-29,US,Kentucky,Jessamine,57,0,0,37.87119786,-84.58252003,21113.0,105.33123902799593,0.0,57,56,0,0,56,56,53920,1,0,0,1,0
2020-05-29,US,Kentucky,Johnson,5,0,0,37.85106355,-82.8264322,21115.0,22.534703443302693,0.0,5,5,0,0,5,5,22386,0,0,0,0,0
2020-05-29,US,Kentucky,Kenton,566,33,0,38.93950319,-84.53241199,21117.0,338.9262146852058,5.830388692579506,533,547,33,0,514,541,166051,19,0,0,19,6
2020-05-29,US,Kentucky,Knott,4,0,0,37.35388197,-82.94981134,21119.0,27.016074564365802,0.0,4,4,0,0,4,4,15126,0,0,0,0,0
2020-05-29,US,Kentucky,Knox,8,0,0,36.89225732,-83.85403396,21121.0,25.686305988120083,0.0,8,8,0,0,8,8,31304,0,0,0,0,0
2020-05-29,US,Kentucky,Larue,7,0,0,37.54567114,-85.70138352,21123.0,48.61786359216558,0.0,7,7,0,0,7,7,14307,0,0,0,0,0
2020-05-29,US,Kentucky,Laurel,21,2,0,37.10975748,-84.11321779,21125.0,34.532090178086925,9.523809523809524,19,21,2,0,19,21,60669,0,0,0,0,0
2020-05-29,US,Kentucky,Lawrence,2,0,0,38.07136018,-82.72882223,21127.0,13.057387216817913,0.0,2,2,0,0,2,2,15571,0,0,0,0,0
2020-05-29,US,Kentucky,Lee,1,0,0,37.59645942,-83.71513901,21129.0,13.508037282182901,0.0,1,1,0,0,1,,7033,0,0,0,0,
2020-05-29,US,Kentucky,Leslie,6,0,0,37.09246661,-83.37999606,21131.0,60.74719044244203,0.0,6,6,0,0,6,6,10143,0,0,0,0,0
2020-05-29,US,Kentucky,Letcher,4,0,0,37.12306748,-82.85346474,21133.0,18.558901313042266,0.0,4,4,0,0,4,4,21899,0,0,0,0,0
2020-05-29,US,Kentucky,Lewis,7,0,0,38.53184419,-83.37735618,21135.0,52.730696798493405,0.0,7,7,0,0,7,7,13257,0,0,0,0,0
2020-05-29,US,Kentucky,Lincoln,8,1,0,37.45475628,-84.6565327,21137.0,32.58788545358263,12.5,7,8,1,0,7,8,24644,0,0,0,0,0
2020-05-29,US,Kentucky,Livingston,9,0,0,37.21137452,-88.34797529,21139.0,97.88992821405265,0.0,9,9,0,0,9,9,9242,0,0,0,0,0
2020-05-29,US,Kentucky,Logan,139,3,0,36.85949479,-86.877635,21141.0,512.8772784296361,2.1582733812949644,136,128,3,0,125,125,26989,11,0,0,11,3
2020-05-29,US,Kentucky,Lyon,14,3,0,37.02080035,-88.07886257,21143.0,170.5237515225335,21.428571428571427,11,14,3,0,11,14,8009,0,0,0,0,0
2020-05-29,US,Kentucky,Madison,50,1,0,37.71659336,-84.27220275,21151.0,53.77095723058061,2.0,49,47,1,0,46,47,92368,3,0,0,3,0
2020-05-29,US,Kentucky,Magoffin,2,0,0,37.70820545,-83.0657714,21153.0,16.446015952635474,0.0,2,2,0,0,2,2,12362,0,0,0,0,0
2020-05-29,US,Kentucky,Marion,20,0,0,37.55218078,-85.26898542,21155.0,103.77211643231465,0.0,20,20,0,0,20,19,19404,0,0,0,0,1
2020-05-29,US,Kentucky,Marshall,38,2,0,36.88007070000001,-88.32803576,21157.0,122.18649517684887,5.2631578947368425,36,37,2,0,35,37,31191,1,0,0,1,0
2020-05-29,US,Kentucky,Martin,3,0,0,37.79990579,-82.51247478,21159.0,26.797677534613662,0.0,3,3,0,0,3,3,11323,0,0,0,0,0
2020-05-29,US,Kentucky,Mason,9,0,0,38.59471935,-83.82151043,21161.0,52.72407732864674,0.0,9,9,0,0,9,8,17150,0,0,0,0,1
2020-05-29,US,Kentucky,McCracken,95,2,0,37.05350953,-88.70445755,21145.0,145.21997003882726,2.1052631578947367,93,95,2,0,93,89,65346,0,0,0,0,6
2020-05-29,US,Kentucky,McCreary,13,0,0,36.73874143,-84.48102924,21147.0,75.44541814172132,0.0,13,13,0,0,13,13,17408,0,0,0,0,0
2020-05-29,US,Kentucky,McLean,22,1,0,37.5301951,-87.26803443,21149.0,238.94862604540023,4.545454545454546,21,22,1,0,21,22,9252,0,0,0,0,0
2020-05-29,US,Kentucky,Meade,21,2,0,37.96163597,-86.21028219,21163.0,73.49853002939942,9.523809523809524,19,21,2,0,19,21,28715,0,0,0,0,0
2020-05-29,US,Kentucky,Menifee,10,0,0,37.94090733,-83.59985712,21165.0,154.10695022345507,0.0,10,10,0,0,10,10,6451,0,0,0,0,0
2020-05-29,US,Kentucky,Mercer,13,0,0,37.81474237,-84.87488475,21167.0,59.271417498746175,0.0,13,13,0,0,13,13,21774,0,0,0,0,0
2020-05-29,US,Kentucky,Metcalfe,6,0,0,36.99459295,-85.63123699,21169.0,59.577003276735184,0.0,6,4,0,0,4,4,10030,2,0,0,2,0
2020-05-29,US,Kentucky,Monroe,16,0,0,36.71225341,-85.71596443,21171.0,150.23474178403757,0.0,16,16,0,0,16,16,10718,0,0,0,0,0
2020-05-29,US,Kentucky,Montgomery,23,0,0,38.03253032,-83.9145241,21173.0,81.68483858365595,0.0,23,23,0,0,23,22,28203,0,0,0,0,1
2020-05-29,US,Kentucky,Morgan,1,0,0,37.92465657,-83.25558245,21175.0,7.5137125253587795,0.0,1,1,0,0,1,1,13345,0,0,0,0,0
2020-05-29,US,Kentucky,Muhlenberg,482,7,0,37.21425819,-87.14632053,21177.0,1574.031741884919,1.4522821576763485,475,482,7,0,475,475,30774,0,0,0,0,7
2020-05-29,US,Kentucky,Nelson,41,0,0,37.80335779,-85.4657193,21179.0,88.68124499816149,0.0,41,38,0,0,38,38,45851,3,0,0,3,0
2020-05-29,US,Kentucky,Nicholas,3,0,0,38.33342292,-84.01889177,21181.0,41.27115146512588,0.0,3,3,0,0,3,3,7166,0,0,0,0,0
2020-05-29,US,Kentucky,Ohio,141,0,0,37.47751843,-86.85368087,21183.0,587.646911727932,0.0,141,141,0,0,141,138,24087,0,0,0,0,3
2020-05-29,US,Kentucky,Oldham,74,5,0,38.39791089,-85.448222,21185.0,110.78010149852543,6.756756756756758,69,72,4,0,68,70,66470,2,1,0,1,2
2020-05-29,US,Kentucky,Owen,2,0,0,38.51679143,-84.82404619,21187.0,18.34694064764701,0.0,2,2,0,0,2,1,10880,0,0,0,0,1
2020-05-29,US,Kentucky,Owsley,2,0,0,37.42823949,-83.68811419,21189.0,45.30011325028314,0.0,2,2,0,0,2,2,4472,0,0,0,0,0
2020-05-29,US,Kentucky,Pendleton,8,0,0,38.69607718,-84.35599463,21191.0,54.83207676490746,0.0,8,8,0,0,8,8,14529,0,0,0,0,0
2020-05-29,US,Kentucky,Perry,19,0,0,37.25023553,-83.22922731,21193.0,73.76349095426663,0.0,19,19,0,0,19,19,26092,0,0,0,0,0
2020-05-29,US,Kentucky,Pike,29,2,0,37.47088263,-82.39487445,21195.0,50.10712557882369,6.896551724137932,27,28,2,0,26,28,58402,1,0,0,1,0
2020-05-29,US,Kentucky,Powell,1,0,0,37.83218794,-83.82553961,21197.0,8.091269520187717,0.0,1,1,0,0,1,1,12442,0,0,0,0,0
2020-05-29,US,Kentucky,Pulaski,56,2,0,37.10466131,-84.57629079,21199.0,86.18168946890533,3.571428571428572,54,56,2,0,54,56,64623,0,0,0,0,0
2020-05-29,US,Kentucky,Rockcastle,13,0,0,37.36642393,-84.31176452,21203.0,77.86762503743634,0.0,13,13,0,0,13,13,16750,0,0,0,0,0
2020-05-29,US,Kentucky,Rowan,7,0,0,38.19484205,-83.42088935,21205.0,28.618152085036797,0.0,7,7,0,0,7,7,24583,0,0,0,0,0
2020-05-29,US,Kentucky,Russell,23,4,0,36.99308373,-85.06070117,21207.0,128.32673101601296,17.391304347826086,19,23,4,0,19,23,17821,0,0,0,0,0
2020-05-29,US,Kentucky,Scott,35,0,0,38.29622293,-84.5816631,21209.0,61.39920005613641,0.0,35,35,0,0,35,35,56031,0,0,0,0,0
2020-05-29,US,Kentucky,Shelby,156,4,0,38.21476019,-85.194223,21211.0,318.21148825065274,2.5641025641025643,152,140,4,0,136,138,48518,16,0,0,16,2
2020-05-29,US,Kentucky,Simpson,51,3,0,36.74058474,-86.58047435,21213.0,274.60693517122553,5.882352941176472,48,49,3,0,46,49,18529,2,0,0,2,0
2020-05-29,US,Kentucky,Spencer,19,0,0,38.03223971,-85.32749335,21215.0,98.1861402511498,0.0,19,19,0,0,19,17,18794,0,0,0,0,2
2020-05-29,US,Kentucky,Taylor,11,0,0,37.3677562,-85.3329931,21217.0,42.68694943536808,0.0,11,11,0,0,11,11,25549,0,0,0,0,0
2020-05-29,US,Kentucky,Todd,17,0,0,36.8381152,-87.17878374,21219.0,138.27883520416464,0.0,17,17,0,0,17,17,12311,0,0,0,0,0
2020-05-29,US,Kentucky,Trigg,10,0,0,36.80767017,-87.87333656,21221.0,68.25472663981981,0.0,10,10,0,0,10,10,14643,0,0,0,0,0
2020-05-29,US,Kentucky,Trimble,5,0,0,38.61056487,-85.33775972,21223.0,59.024908511391814,0.0,5,5,0,0,5,5,8515,0,0,0,0,0
2020-05-29,US,Kentucky,Unassigned,25,0,0,0.0,0.0,90021.0,0.0,0.0,25,29,0,0,29,29,,-4,0,0,-4,0
2020-05-29,US,Kentucky,Union,11,0,0,37.66166713,-87.94300009,21225.0,76.48981294763925,0.0,11,10,0,0,10,10,14505,1,0,0,1,0
2020-05-29,US,Kentucky,Warren,995,6,0,36.99903045,-86.42672751,21227.0,748.7057548759932,0.6030150753768844,989,964,6,0,958,950,131264,31,0,0,31,14
2020-05-29,US,Kentucky,Washington,6,0,0,37.75599461,-85.17407732,21229.0,49.60727573377429,0.0,6,6,0,0,6,6,12084,0,0,0,0,0
2020-05-29,US,Kentucky,Wayne,8,0,0,36.80310688,-84.8251971,21231.0,39.34490729356219,0.0,8,8,0,0,8,8,20468,0,0,0,0,0
2020-05-29,US,Kentucky,Webster,32,0,0,37.52168356,-87.67989953,21233.0,247.25699273682582,0.0,32,32,0,0,32,32,13111,0,0,0,0,0
2020-05-29,US,Kentucky,Whitley,13,0,0,36.75700531,-84.14541217,21235.0,35.848224134127506,0.0,13,13,0,0,13,13,36242,0,0,0,0,0
2020-05-29,US,Kentucky,Wolfe,1,0,0,37.73941626,-83.49303612,21237.0,13.972334777141258,0.0,1,1,0,0,1,1,7177,0,0,0,0,0
2020-05-29,US,Kentucky,Woodford,27,0,0,38.04178222,-84.7417556,21239.0,100.99498765616819,0.0,27,26,0,0,26,26,26533,1,0,0,1,0
2020-05-29,US,Louisiana,Acadia,401,23,0,30.295064899999996,-92.41419698,22001.0,646.305101136272,5.7356608478803,378,401,22,0,379,397,62190,0,1,0,-1,4
2020-05-29,US,Louisiana,Allen,184,10,0,30.65385745,-92.82442028,22003.0,717.9927420298903,5.434782608695652,174,184,10,0,174,184,25605,0,0,0,0,0
2020-05-29,US,Louisiana,Ascension,810,56,0,30.20406249,-90.91328409999998,22005.0,639.7902119996209,6.91358024691358,754,810,56,0,754,805,124672,0,0,0,0,5
2020-05-29,US,Louisiana,Assumption,248,14,0,29.89946234,-91.06461642,22007.0,1132.8856607738342,5.645161290322582,234,248,13,0,235,245,22300,0,1,0,-1,3
2020-05-29,US,Louisiana,Avoyelles,120,9,0,31.07796211,-92.00079449,22009.0,298.92387405340776,7.5,111,120,9,0,111,117,40462,0,0,0,0,3
2020-05-29,US,Louisiana,Beauregard,61,4,0,30.64836518,-93.34173616,22011.0,162.67968104114996,6.557377049180328,57,61,4,0,57,61,37253,0,0,0,0,0
2020-05-29,US,Louisiana,Bienville,139,23,0,32.34569994,-93.05398492,22013.0,1049.769654859905,16.546762589928058,116,139,23,0,116,139,13308,0,0,0,0,0
2020-05-29,US,Louisiana,Bossier,406,26,0,32.67932307,-93.60460152,22015.0,319.58689851148074,6.403940886699507,380,406,26,0,380,402,127185,0,0,0,0,4
2020-05-29,US,Louisiana,Caddo,2480,186,0,32.57991587,-93.88375652,22017.0,1032.4557459492764,7.5,2294,2480,180,0,2300,2427,242922,0,6,0,-6,53
2020-05-29,US,Louisiana,Calcasieu,588,46,0,30.22931235,-93.35400434,22019.0,289.03438919365306,7.82312925170068,542,588,45,0,543,581,203112,0,1,0,-1,7
2020-05-29,US,Louisiana,Caldwell,52,0,0,32.0902519,-92.11752148,22021.0,524.299253881831,0.0,52,52,0,0,52,52,9960,0,0,0,0,0
2020-05-29,US,Louisiana,Cameron,3,0,0,29.87592238,-93.19310676,22023.0,43.02308905779435,0.0,3,3,0,0,3,3,6968,0,0,0,0,0
2020-05-29,US,Louisiana,Catahoula,112,3,0,31.66778967,-91.84526385,22025.0,1179.6924373288393,2.6785714285714284,109,112,3,0,109,112,9608,0,0,0,0,0
2020-05-29,US,Louisiana,Claiborne,62,10,0,32.82308512,-92.99526883,22027.0,395.66049776643274,16.129032258064516,52,62,10,0,52,62,15944,0,0,0,0,0
2020-05-29,US,Louisiana,Concordia,86,5,0,31.44817835,-91.63814433,22029.0,446.5444727140558,5.813953488372092,81,86,5,0,81,86,19572,0,0,0,0,0
2020-05-29,US,Louisiana,De Soto,242,17,0,32.05457447,-93.74130302,22031.0,881.185595164403,7.024793388429752,225,242,17,0,225,241,27436,0,0,0,0,1
2020-05-29,US,Louisiana,East Baton Rouge,3526,236,0,30.53842039,-91.09777565,22033.0,801.2561951920084,6.693136698808849,3290,3526,233,0,3293,3491,440956,0,3,0,-3,35
2020-05-29,US,Louisiana,East Carroll,118,0,0,32.73926954,-91.23425694,22035.0,1719.8659087596561,0.0,118,118,0,0,118,115,7037,0,0,0,0,3
2020-05-29,US,Louisiana,East Feliciana,192,30,0,30.84425359,-91.04976723,22037.0,1003.3969166448917,15.625,162,192,30,0,162,191,19305,0,0,0,0,1
2020-05-29,US,Louisiana,Evangeline,75,1,0,30.72985248,-92.39915924,22039.0,224.58451864051503,1.3333333333333333,74,75,1,0,74,75,33443,0,0,0,0,0
2020-05-29,US,Louisiana,Franklin,311,10,0,32.13675181,-91.67589857,22041.0,1553.834624031976,3.2154340836012865,301,311,10,0,301,310,20156,0,0,0,0,1
2020-05-29,US,Louisiana,Grant,28,1,0,31.59882456,-92.56124347,22043.0,125.06141408727501,3.571428571428572,27,28,1,0,27,28,22482,0,0,0,0,0
2020-05-29,US,Louisiana,Iberia,404,37,0,29.86803617,-91.75871777,22045.0,578.5479020478305,9.15841584158416,367,404,37,0,367,403,70941,0,0,0,0,1
2020-05-29,US,Louisiana,Iberville,563,41,0,30.25734305,-91.3499598,22047.0,1731.7215711605304,7.282415630550622,522,563,41,0,522,559,32721,0,0,0,0,4
2020-05-29,US,Louisiana,Jackson,100,13,0,32.30251776,-92.55692092,22049.0,635.1626016260162,13.0,87,100,12,0,88,100,15902,0,1,0,-1,0
2020-05-29,US,Louisiana,Jefferson,7424,446,0,29.74075478,-90.11115756,22051.0,1716.5595743746142,6.007543103448277,6978,7424,441,0,6983,7394,434051,0,5,0,-5,30
2020-05-29,US,Louisiana,Jefferson Davis,75,7,0,30.26896765,-92.81210004,22053.0,239.09716908951802,9.333333333333334,68,75,7,0,68,75,31582,0,0,0,0,0
2020-05-29,US,Louisiana,LaSalle,48,1,0,31.67884782,-92.15907765,22059.0,322.32070910556,2.083333333333333,47,48,1,0,47,48,14917,0,0,0,0,0
2020-05-29,US,Louisiana,Lafayette,695,26,0,30.2049055,-92.06959876,22055.0,284.38152133884364,3.7410071942446037,669,695,25,0,670,689,242782,0,1,0,-1,6
2020-05-29,US,Louisiana,Lafourche,789,71,0,29.52470226,-90.40976986,22057.0,808.2856967238306,8.99873257287706,718,789,71,0,718,781,98115,0,0,0,0,8
2020-05-29,US,Louisiana,Lincoln,144,14,0,32.6003154,-92.66597409999999,22061.0,308.074108938428,9.722222222222221,130,144,14,0,130,142,47196,0,0,0,0,2
2020-05-29,US,Louisiana,Livingston,408,27,0,30.44143993,-90.73061664,22063.0,289.795367535816,6.617647058823528,381,408,27,0,381,403,139567,0,0,0,0,5
2020-05-29,US,Louisiana,Madison,79,0,0,32.36918118,-91.23973355,22065.0,721.3953063647156,0.0,79,79,0,0,79,77,11161,0,0,0,0,2
2020-05-29,US,Louisiana,Morehouse,121,5,0,32.81686191,-91.80421614,22067.0,486.45171665192566,4.132231404958676,116,121,5,0,116,121,25398,0,0,0,0,0
2020-05-29,US,Louisiana,Natchitoches,157,13,0,31.72321584,-93.09816516,22069.0,411.4471408354735,8.280254777070066,144,157,13,0,144,157,38659,0,0,0,0,0
2020-05-29,US,Louisiana,Orleans,7067,505,0,30.06971951,-89.92660315,22071.0,1811.382463910761,7.1458893448422245,6562,7067,505,0,6562,7045,391006,0,0,0,0,22
2020-05-29,US,Louisiana,Ouachita,1166,41,0,32.47645559,-92.15704172,22073.0,760.7043365366424,3.516295025728988,1125,1166,40,0,1126,1150,154475,0,1,0,-1,16
2020-05-29,US,Louisiana,Plaquemines,201,17,0,29.42245447,-89.60322085,22075.0,866.4913566409448,8.457711442786069,184,201,17,0,184,201,23410,0,0,0,0,0
2020-05-29,US,Louisiana,Pointe Coupee,192,24,0,30.71409502,-91.60209535,22077.0,883.571099861942,12.5,168,192,24,0,168,189,21940,0,0,0,0,3
2020-05-29,US,Louisiana,Rapides,703,24,0,31.19778499,-92.52997303,22079.0,542.2374429223744,3.4139402560455183,679,703,23,0,680,679,130562,0,1,0,-1,24
2020-05-29,US,Louisiana,Red River,49,7,0,32.09530039,-93.34213308,22081.0,580.4311774461028,14.285714285714285,42,49,7,0,42,48,8477,0,0,0,0,1
2020-05-29,US,Louisiana,Richland,125,3,0,32.41391005,-91.76634876,22083.0,621.2106152469934,2.4,122,125,3,0,122,124,20192,0,0,0,0,1
2020-05-29,US,Louisiana,Sabine,41,0,0,31.56388699,-93.55433981,22085.0,171.66303801708256,0.0,41,41,0,0,41,41,24032,0,0,0,0,0
2020-05-29,US,Louisiana,St. Bernard,534,22,0,29.87761636,-89.51887093,22087.0,1130.3022606045213,4.119850187265918,512,534,22,0,512,531,46721,0,0,0,0,3
2020-05-29,US,Louisiana,St. Charles,633,44,0,29.90709658,-90.35555967,22089.0,1192.0903954802259,6.951026856240127,589,633,44,0,589,631,52879,0,0,0,0,2
2020-05-29,US,Louisiana,St. Helena,51,1,0,30.82210324,-90.71013176,22091.0,503.3557046979866,1.96078431372549,50,51,1,0,50,51,10262,0,0,0,0,0
2020-05-29,US,Louisiana,St. James,294,25,0,30.02531716,-90.80212061,22093.0,1393.6291240045507,8.503401360544219,269,294,25,0,269,293,21037,0,0,0,0,1
2020-05-29,US,Louisiana,St. John the Baptist,850,79,0,30.12597499,-90.4753503,22095.0,1984.2659383243454,9.294117647058824,771,850,78,0,772,849,43184,0,1,0,-1,1
2020-05-29,US,Louisiana,St. Landry,252,54,0,30.59724262,-92.00135806,22097.0,306.85305148312307,21.428571428571427,198,252,54,0,198,252,82764,0,0,0,0,0
2020-05-29,US,Louisiana,St. Martin,293,23,0,30.13112107,-91.61403569,22099.0,548.3707959798619,7.8498293515358375,270,293,22,0,271,292,53621,0,1,0,-1,1
2020-05-29,US,Louisiana,St. Mary,309,29,0,29.69262097,-91.44702164,22101.0,626.1651941314744,9.385113268608414,280,309,29,0,280,308,49774,0,0,0,0,1
2020-05-29,US,Louisiana,St. Tammany,1703,157,0,30.40942847,-89.95642711,22103.0,653.9461406425797,9.2190252495596,1546,1703,156,0,1547,1687,258111,0,1,0,-1,16
2020-05-29,US,Louisiana,Tangipahoa,831,34,0,30.62888673,-90.40664996,22105.0,616.6609774558839,4.091456077015644,797,831,34,0,797,826,133777,0,0,0,0,5
2020-05-29,US,Louisiana,Tensas,10,0,0,32.00760749,-91.32915234,22107.0,230.7337332718044,0.0,10,10,0,0,10,10,4462,0,0,0,0,0
2020-05-29,US,Louisiana,Terrebonne,653,49,0,29.37343766,-90.82626855,22109.0,591.1588705515974,7.503828483920366,604,653,48,0,605,647,111021,0,1,0,-1,6
2020-05-29,US,Louisiana,Unassigned,84,105,0,0.0,0.0,90022.0,0.0,125.0,-21,84,105,0,-21,84,,0,0,0,0,0
2020-05-29,US,Louisiana,Union,306,17,0,32.83121059,-92.3749373,22111.0,1384.1143477474218,5.5555555555555545,289,306,17,0,289,303,22330,0,0,0,0,3
2020-05-29,US,Louisiana,Vermilion,53,3,0,29.83517605,-92.30292538,22113.0,89.05916553242258,5.660377358490566,50,53,3,0,50,53,59830,0,0,0,0,0
2020-05-29,US,Louisiana,Vernon,25,3,0,31.10884837,-93.18153838,22115.0,52.710367074996306,12.0,22,25,3,0,22,24,48860,0,0,0,0,1
2020-05-29,US,Louisiana,Washington,410,38,0,30.85288548,-90.03866652,22117.0,887.5611551283716,9.268292682926827,372,410,38,0,372,407,46582,0,0,0,0,3
2020-05-29,US,Louisiana,Webster,143,7,0,32.70847669,-93.33121835,22119.0,372.9786124152321,4.895104895104895,136,143,6,0,137,142,38798,0,1,0,-1,1
2020-05-29,US,Louisiana,West Baton Rouge,159,31,0,30.46058217,-91.30989571,22121.0,600.7935008501795,19.49685534591195,128,159,31,0,128,158,26427,0,0,0,0,1
2020-05-29,US,Louisiana,West Carroll,56,0,0,32.78550125,-91.461201,22123.0,517.0821791320407,0.0,56,56,0,0,56,44,10982,0,0,0,0,12
2020-05-29,US,Louisiana,West Feliciana,205,12,0,30.87882871,-91.41485379999999,22125.0,1316.803699897225,5.853658536585367,193,205,12,0,193,205,15460,0,0,0,0,0
2020-05-29,US,Louisiana,Winn,153,2,0,31.94449367,-92.63789413,22127.0,1100.402761795167,1.30718954248366,151,153,2,0,151,150,14134,0,0,0,0,3
2020-05-29,US,Maine,Androscoggin,269,2,0,44.1664747,-70.20380627,23001.0,248.43687948502446,0.7434944237918215,267,264,2,0,262,252,107679,5,0,0,5,12
2020-05-29,US,Maine,Aroostook,10,1,0,46.65926321,-68.59841248,23003.0,14.913131011855938,10.0,9,8,1,0,7,8,67111,2,0,0,2,0
2020-05-29,US,Maine,Cumberland,1117,47,0,43.8370751,-70.37226999,23005.0,378.64021721813,4.207699194270367,1070,1092,46,0,1046,1065,293557,25,1,0,24,27
2020-05-29,US,Maine,Franklin,36,1,0,44.97330019,-70.44381045,23007.0,119.20924533924965,2.7777777777777777,35,36,1,0,35,36,29897,0,0,0,0,0
2020-05-29,US,Maine,Hancock,11,1,0,44.59816444,-68.38401854,23009.0,20.00472839034681,9.090909090909092,10,11,1,0,10,11,54811,0,0,0,0,0
2020-05-29,US,Maine,Kennebec,128,9,0,44.40759555,-69.76738544,23011.0,104.65895897041749,7.03125,119,128,9,0,119,128,122083,0,0,0,0,0
2020-05-29,US,Maine,Knox,20,0,0,44.11486325,-69.10529169,23013.0,50.28663381273258,0.0,20,20,0,0,20,20,39771,0,0,0,0,0
2020-05-29,US,Maine,Lincoln,20,0,0,44.05996956,-69.54227124,23015.0,57.746722873476934,0.0,20,20,0,0,20,20,34342,0,0,0,0,0
2020-05-29,US,Maine,Oxford,32,0,0,44.49952995,-70.75682123,23017.0,55.19620526088831,0.0,32,29,0,0,29,26,57618,3,0,0,3,3
2020-05-29,US,Maine,Penobscot,100,1,0,45.40194593,-68.65020455,23019.0,65.72547782422379,1.0,99,100,1,0,99,99,151096,0,0,0,0,1
2020-05-29,US,Maine,Piscataquis,1,0,0,45.83839062,-69.2860223,23021.0,5.957700327673518,0.0,1,1,0,0,1,1,16800,0,0,0,0,0
2020-05-29,US,Maine,Sagadahoc,30,0,0,43.95415864,-69.85074999,23023.0,83.66800535475234,0.0,30,30,0,0,30,29,35634,0,0,0,0,1
2020-05-29,US,Maine,Somerset,22,0,0,45.51229767,-69.95995554,23025.0,43.57816337849616,0.0,22,22,0,0,22,21,50592,0,0,0,0,1
2020-05-29,US,Maine,Unassigned,4,0,0,0.0,0.0,90023.0,0.0,0.0,4,5,0,0,5,3,,-1,0,0,-1,2
2020-05-29,US,Maine,Waldo,51,14,0,44.4858305,-69.12061935,23027.0,128.4149565655294,27.450980392156858,37,51,14,0,37,51,39694,0,0,0,0,0
2020-05-29,US,Maine,Washington,2,0,0,45.01607142,-67.62813524,23029.0,6.373689410115046,0.0,2,2,0,0,2,2,31490,0,0,0,0,0
2020-05-29,US,Maine,York,373,9,0,43.47808377,-70.71052375,23031.0,179.63696957729928,2.412868632707774,364,370,9,0,361,365,206229,3,0,0,3,5
2020-05-29,US,Maryland,Allegany,177,16,0,39.62357628,-78.69280486,24001.0,251.36332651670074,9.039548022598868,161,178,15,0,163,177,70975,-1,1,0,-2,1
2020-05-29,US,Maryland,Anne Arundel,3643,167,0,39.00670238,-76.60329337,24003.0,628.9340750025033,4.584133955531156,3476,3556,163,0,3393,3448,576031,87,4,0,83,108
2020-05-29,US,Maryland,Baltimore,5819,336,0,39.45784712,-76.62911955,24005.0,703.3129071636632,5.774188004811824,5483,5678,323,0,5355,5562,828431,141,13,0,128,116
2020-05-29,US,Maryland,Baltimore City,5426,248,0,39.30211911,-76.61151012,24510.0,914.2529781462198,4.570586067084409,5178,5203,240,0,4963,5054,621342,223,8,0,215,149
2020-05-29,US,Maryland,Calvert,329,17,0,38.53961642,-76.56820632,24009.0,355.5795730883545,5.1671732522796345,312,320,17,0,303,314,92003,9,0,0,9,6
2020-05-29,US,Maryland,Caroline,248,0,0,38.87172293,-75.82904158,24011.0,742.3816080943542,0.0,248,245,0,0,245,243,33304,3,0,0,3,2
2020-05-29,US,Maryland,Carroll,861,85,0,39.56453592,-77.02373735,24013.0,511.1400024933658,9.872241579558652,776,840,85,0,755,817,168429,21,0,0,21,23
2020-05-29,US,Maryland,Cecil,364,22,0,39.56647682,-75.94627411,24015.0,353.89626172767487,6.043956043956044,342,356,22,0,334,354,102826,8,0,0,8,2
2020-05-29,US,Maryland,Charles,1056,72,0,38.51092331,-76.98580666,24017.0,646.8329076241754,6.8181818181818175,984,1027,72,0,955,1008,161503,29,0,0,29,19
2020-05-29,US,Maryland,Dorchester,140,3,0,38.45413522,-76.02752426,24019.0,438.4728616618122,2.142857142857143,137,136,3,0,133,133,31998,4,0,0,4,3
2020-05-29,US,Maryland,Frederick,1856,105,0,39.47296601,-77.39999394,24021.0,715.0920642504054,5.657327586206898,1751,1824,104,0,1720,1786,255648,32,1,0,31,38
2020-05-29,US,Maryland,Garrett,10,0,0,39.52786077,-79.27355126,24023.0,34.46611980423244,0.0,10,10,0,0,10,10,29163,0,0,0,0,0
2020-05-29,US,Maryland,Harford,854,49,0,39.55010644,-76.30775940000002,24025.0,334.3237773106118,5.737704918032787,805,827,49,0,778,801,253956,27,0,0,27,26
2020-05-29,US,Maryland,Howard,1868,58,0,39.25305293,-76.93126208,24027.0,573.5515367373882,3.1049250535331905,1810,1815,56,0,1759,1760,323196,53,2,0,51,55
2020-05-29,US,Maryland,Kent,167,17,0,39.24976208,-76.04741541,24029.0,859.8496550303778,10.179640718562874,150,165,15,0,150,160,19383,2,2,0,0,5
2020-05-29,US,Maryland,Montgomery,11035,595,0,39.13676329,-77.20358245,24031.0,1050.2642078333436,5.39193475305845,10440,10752,581,0,10171,10467,1052567,283,14,0,269,285
2020-05-29,US,Maryland,Prince George's,14773,530,0,38.83070039,-76.8496441,24033.0,1624.6080892792145,3.587626074595546,14243,14508,530,0,13978,14100,909308,265,0,0,265,408
2020-05-29,US,Maryland,Queen Anne's,160,12,0,39.06198912,-76.03530977,24035.0,317.58004009448007,7.5,148,152,12,0,140,151,50251,8,0,0,8,1
2020-05-29,US,Maryland,Somerset,73,2,0,38.1163542,-75.75118623,24039.0,284.97813866333536,2.7397260273972597,71,73,2,0,71,73,25675,0,0,0,0,0
2020-05-29,US,Maryland,St. Mary's,460,20,0,38.30058422,-76.60629279999998,24037.0,405.25063871024577,4.3478260869565215,440,417,19,0,398,400,112664,43,1,0,42,17
2020-05-29,US,Maryland,Talbot,91,1,0,38.76618159,-76.10882561,24041.0,244.74866195099648,1.0989010989010992,90,87,1,0,86,84,36968,4,0,0,4,3
2020-05-29,US,Maryland,Unassigned,0,55,0,0.0,0.0,90024.0,0.0,0.0,-55,0,69,0,-69,0,,0,-14,0,14,0
2020-05-29,US,Maryland,Washington,441,13,0,39.60835778,-77.82002295,24043.0,291.9582387172374,2.947845804988662,428,423,12,0,411,418,150926,18,1,0,17,5
2020-05-29,US,Maryland,Wicomico,931,30,0,38.37301947,-75.62705831,24045.0,898.5705874972252,3.2223415682062297,901,919,27,0,892,910,103195,12,3,0,9,9
2020-05-29,US,Maryland,Worcester,206,13,0,38.21274277,-75.33200012,24047.0,394.0622847960824,6.310679611650484,193,198,11,0,187,193,51823,8,2,0,6,5
2020-05-29,US,Massachusetts,Barnstable,1303,116,0,41.72980578,-70.28854339,25001.0,611.7658106014368,8.902532617037606,1187,1295,115,0,1180,1286,213413,8,1,0,7,9
2020-05-29,US,Massachusetts,Berkshire,544,40,0,42.37428441,-73.20524838,25003.0,435.3950569855295,7.352941176470589,504,539,40,0,499,539,126348,5,0,0,5,0
2020-05-29,US,Massachusetts,Bristol,6930,404,0,41.79228404,-71.10872211,25005.0,1226.077771899996,5.829725829725831,6526,6852,399,0,6453,6779,564022,78,5,0,73,73
2020-05-29,US,Massachusetts,Dukes and Nantucket,39,1,0,41.40674725,-70.68763497,0.0,135.7418815913125,2.5641025641025643,38,39,1,0,38,39,26707,0,0,0,0,0
2020-05-29,US,Massachusetts,Essex,13994,906,0,42.6687626,-70.94687179,25009.0,1773.5610886222898,6.474203229955696,13088,13899,895,0,13004,13778,790638,95,11,0,84,121
2020-05-29,US,Massachusetts,Franklin,319,47,0,42.58119713,-72.58602547,25011.0,454.54545454545456,14.733542319749215,272,319,47,0,272,317,70963,0,0,0,0,2
2020-05-29,US,Massachusetts,Hampden,5942,569,0,42.13440424,-72.63235561,25013.0,1274.0902112476736,9.575900370245707,5373,5878,562,0,5316,5845,470406,64,7,0,57,33
2020-05-29,US,Massachusetts,Hampshire,853,86,0,42.33997957,-72.65898478,25015.0,530.3736865012746,10.0820633059789,767,845,83,0,762,843,161355,8,3,0,5,2
2020-05-29,US,Massachusetts,Middlesex,20972,1583,0,42.48607732,-71.39049229,25017.0,1301.2355284702667,7.548159450696168,19389,20857,1564,0,19293,20706,1614714,115,19,0,96,151
2020-05-29,US,Massachusetts,Norfolk,7959,811,0,42.16073095,-71.20530408,25021.0,1126.100951505076,10.189722326925493,7148,7919,799,0,7120,7880,705388,40,12,0,28,39
2020-05-29,US,Massachusetts,Plymouth,7766,542,0,41.94070556,-70.80802823,25023.0,1490.0173061500147,6.979139840329642,7224,7724,539,0,7185,7656,518132,42,3,0,39,68
2020-05-29,US,Massachusetts,Suffolk,17786,861,0,42.327951399999996,-71.07850442,25025.0,2212.4449718686365,4.84088609018329,16925,17698,852,0,16846,17596,807252,88,9,0,79,102
2020-05-29,US,Massachusetts,Unassigned,289,6,0,0.0,0.0,90025.0,0.0,2.0761245674740483,283,318,6,0,312,309,,-29,0,0,-29,9
2020-05-29,US,Massachusetts,Worcester,10816,746,0,42.35026951,-71.90493363,25027.0,1302.156697029455,6.897189349112426,10070,10713,738,0,9975,10647,830839,103,8,0,95,66
2020-05-29,US,Michigan,Alcona,14,1,0,44.6846864,-83.59507875,26001.0,134.55069678039405,7.142857142857142,13,14,1,0,13,12,10362,0,0,0,0,2
2020-05-29,US,Michigan,Allegan,216,6,0,42.59147037,-85.89102866,26005.0,182.92528010433517,2.7777777777777777,210,214,6,0,208,211,117327,2,0,0,2,3
2020-05-29,US,Michigan,Alpena,94,9,0,45.03477666,-83.62212411,26007.0,330.9276535821158,9.574468085106382,85,94,9,0,85,95,28360,0,0,0,0,-1
2020-05-29,US,Michigan,Antrim,12,0,0,44.99690221,-85.15503082,26009.0,51.44915108900703,0.0,12,12,0,0,12,12,23365,0,0,0,0,0
2020-05-29,US,Michigan,Arenac,34,1,0,44.0636262,-83.89277559,26011.0,228.44856547739033,2.9411764705882355,33,33,1,0,32,33,15041,1,0,0,1,0
2020-05-29,US,Michigan,Baraga,1,0,0,46.6720582,-88.36363591,26013.0,12.181751735899622,0.0,1,1,0,0,1,1,8320,0,0,0,0,0
2020-05-29,US,Michigan,Barry,62,2,0,42.59513984,-85.30834519,26015.0,100.7311129163282,3.2258064516129035,60,62,2,0,60,62,61157,0,0,0,0,0
2020-05-29,US,Michigan,Bay,302,22,0,43.70639106,-83.98731479,26017.0,292.84564513313813,7.284768211920531,280,296,22,0,274,294,103923,6,0,0,6,2
2020-05-29,US,Michigan,Benzie,4,0,0,44.63899297,-86.01608482,26019.0,22.514916131937408,0.0,4,4,0,0,4,4,17753,0,0,0,0,0
2020-05-29,US,Michigan,Berrien,613,49,0,41.95447397,-86.41313079999998,26021.0,399.60626071538,7.9934747145187615,564,606,49,0,557,600,154141,7,0,0,7,6
2020-05-29,US,Michigan,Branch,111,2,0,41.91600556,-85.05929476,26023.0,255.0727301973941,1.8018018018018016,109,109,2,0,107,105,43622,2,0,0,2,4
2020-05-29,US,Michigan,Calhoun,361,22,0,42.24633834,-85.00493569,26025.0,269.0836991927489,6.094182825484765,339,357,22,0,335,351,134487,4,0,0,4,6
2020-05-29,US,Michigan,Cass,80,3,0,41.91522292,-85.99405727,26027.0,154.47892328190468,3.75,77,80,2,0,78,79,51653,0,1,0,-1,1
2020-05-29,US,Michigan,Charlevoix,15,1,0,45.37790017,-85.19614053,26029.0,57.3767356462533,6.666666666666668,14,15,1,0,14,15,26244,0,0,0,0,0
2020-05-29,US,Michigan,Cheboygan,21,1,0,45.44787015,-84.50122149,26031.0,83.08276626048425,4.761904761904762,20,21,1,0,20,21,25413,0,0,0,0,0
2020-05-29,US,Michigan,Chippewa,2,0,0,46.29552653,-84.54353449,26033.0,5.354895713405981,0.0,2,2,0,0,2,2,37517,0,0,0,0,0
2020-05-29,US,Michigan,Clare,18,2,0,43.98794227,-84.84819859999998,26035.0,58.158319870759286,11.111111111111109,16,18,2,0,16,17,30757,0,0,0,0,1
2020-05-29,US,Michigan,Clinton,139,10,0,42.94400871,-84.60145248,26037.0,174.63408505559394,7.1942446043165456,129,139,10,0,129,142,79332,0,0,0,0,-3
2020-05-29,US,Michigan,Crawford,58,5,0,44.68255561,-84.61006219,26039.0,413.42932496970565,8.620689655172415,53,58,5,0,53,58,13901,0,0,0,0,0
2020-05-29,US,Michigan,Delta,17,2,0,45.90484910000001,-86.9080745,26041.0,47.507265817124974,11.764705882352944,15,17,2,0,15,17,35857,0,0,0,0,0
2020-05-29,US,Michigan,Dickinson,5,2,0,46.00999672,-87.86961634,26043.0,19.81061056301755,40.0,3,5,2,0,3,5,25383,0,0,0,0,0
2020-05-29,US,Michigan,Eaton,185,6,0,42.59599185,-84.83740035,26045.0,167.77306199441358,3.2432432432432434,179,183,6,0,177,179,109826,2,0,0,2,4
2020-05-29,US,Michigan,Emmet,21,2,0,45.52625509,-84.89083249,26047.0,62.84602723327846,9.523809523809524,19,21,2,0,19,21,33308,0,0,0,0,0
2020-05-29,US,Michigan,Federal Correctional Institution (FCI),142,4,0,0.0,0.0,0.0,0.0,2.8169014084507036,138,142,4,0,138,138,,0,0,0,0,4
2020-05-29,US,Michigan,Genesee,1998,250,0,43.02244215,-83.70589709,26049.0,492.3449963406791,12.512512512512512,1748,1983,249,0,1734,1971,406892,15,1,0,14,12
2020-05-29,US,Michigan,Gladwin,18,1,0,43.98901072,-84.38774817,26051.0,70.72969468348461,5.5555555555555545,17,18,1,0,17,18,25337,0,0,0,0,0
2020-05-29,US,Michigan,Gogebic,5,1,0,46.40862701,-89.69377193,26053.0,35.77817531305904,20.0,4,5,1,0,4,5,15096,0,0,0,0,0
2020-05-29,US,Michigan,Grand Traverse,25,5,0,44.69565625,-85.55585247,26055.0,26.8563080096253,20.0,20,23,5,0,18,23,92573,2,0,0,2,0
2020-05-29,US,Michigan,Gratiot,74,8,0,43.29265605,-84.60505416,26057.0,181.76905504654758,10.810810810810812,66,74,8,0,66,74,40599,0,0,0,0,0
2020-05-29,US,Michigan,Hillsdale,169,24,0,41.88753639,-84.59312019,26059.0,370.5734020392501,14.201183431952662,145,169,24,0,145,169,45749,0,0,0,0,0
2020-05-29,US,Michigan,Houghton,5,0,0,46.89988536,-88.68495385,26061.0,14.011882076000447,0.0,5,5,0,0,5,4,36219,0,0,0,0,1
2020-05-29,US,Michigan,Huron,44,1,0,43.83353985,-83.04078453,26063.0,142.02252993770375,2.272727272727273,43,44,1,0,43,42,31166,0,0,0,0,2
2020-05-29,US,Michigan,Ingham,734,25,0,42.59716886,-84.37472069,26065.0,251.020840885618,3.4059945504087192,709,729,25,0,704,717,292735,5,0,0,5,12
2020-05-29,US,Michigan,Ionia,147,4,0,42.94502238,-85.07413319,26067.0,227.2130083311436,2.7210884353741496,143,147,4,0,143,145,64210,0,0,0,0,2
2020-05-29,US,Michigan,Iosco,94,9,0,44.35486835,-83.63484895,26069.0,374.0995741632507,9.574468085106382,85,90,9,0,81,89,25081,4,0,0,4,1
2020-05-29,US,Michigan,Isabella,76,7,0,43.64060976,-84.84664923,26073.0,108.77032287611631,9.210526315789474,69,76,7,0,69,74,70562,0,0,0,0,2
2020-05-29,US,Michigan,Jackson,510,28,0,42.24807035,-84.42258681,26075.0,321.7462620654848,5.490196078431373,482,445,27,0,418,439,158823,65,1,0,64,6
2020-05-29,US,Michigan,Kalamazoo,833,54,0,42.24542231,-85.53038622,26077.0,314.2613537760406,6.482593037214887,779,820,54,0,766,814,264870,13,0,0,13,6
2020-05-29,US,Michigan,Kalkaska,19,2,0,44.68512729,-85.09085699,26079.0,105.33318549728351,10.526315789473683,17,19,2,0,17,19,17824,0,0,0,0,0
2020-05-29,US,Michigan,Kent,3596,80,0,43.03197711,-85.54934642,26081.0,547.3738688342428,2.2246941045606228,3516,3540,79,0,3461,3454,653786,56,1,0,55,86
2020-05-29,US,Michigan,Lake,7,0,0,43.99050893,-85.802173,26085.0,59.05677887454653,0.0,7,5,0,0,5,5,11881,2,0,0,2,0
2020-05-29,US,Michigan,Lapeer,188,30,0,43.09052506,-83.22153148,26087.0,214.59472416587715,15.957446808510639,158,188,30,0,158,188,88028,0,0,0,0,0
2020-05-29,US,Michigan,Leelanau,11,0,0,44.94430054,-85.80150326,26089.0,50.549147557557106,0.0,11,11,0,0,11,11,21764,0,0,0,0,0
2020-05-29,US,Michigan,Lenawee,151,4,0,41.89475156,-84.06603727,26091.0,153.37579100263076,2.6490066225165565,147,150,4,0,146,147,98266,1,0,0,1,3
2020-05-29,US,Michigan,Livingston,395,26,0,42.60302282,-83.91297209,26093.0,205.73452433657127,6.582278481012659,369,391,26,0,365,391,191224,4,0,0,4,0
2020-05-29,US,Michigan,Luce,3,0,0,46.47227431,-85.54471223,26095.0,48.16182372772515,0.0,3,3,0,0,3,3,6283,0,0,0,0,0
2020-05-29,US,Michigan,Mackinac,8,0,0,46.07028979,-85.04980537,26097.0,74.0809334197611,0.0,8,8,0,0,8,6,10787,0,0,0,0,2
2020-05-29,US,Michigan,Macomb,6616,793,0,42.69158356,-82.92752801,26099.0,757.0036568677257,11.98609431680774,5823,6586,787,0,5799,6558,874759,30,6,0,24,28
2020-05-29,US,Michigan,Manistee,11,0,0,44.33352407,-86.05626916,26101.0,44.79192116621875,0.0,11,11,0,0,11,11,24528,0,0,0,0,0
2020-05-29,US,Michigan,Marquette,54,10,0,46.4338914,-87.64043701,26103.0,80.96073404398868,18.51851851851852,44,54,10,0,44,54,66516,0,0,0,0,0
2020-05-29,US,Michigan,Mason,32,0,0,43.99509218,-86.24988902,26105.0,109.79961570134505,0.0,32,31,0,0,31,31,29100,1,0,0,1,0
2020-05-29,US,Michigan,Mecosta,21,2,0,43.64064262,-85.32463223,26107.0,48.328078613674535,9.523809523809524,19,20,2,0,18,20,43545,1,0,0,1,0
2020-05-29,US,Michigan,Menominee,8,0,0,45.58038692,-87.55370409,26109.0,35.11852502194907,0.0,8,8,0,0,8,8,22983,0,0,0,0,0
2020-05-29,US,Michigan,Michigan Department of Corrections (MDOC),3749,66,0,0.0,0.0,0.0,0.0,1.7604694585222729,3683,3604,65,0,3539,3548,,145,1,0,144,56
2020-05-29,US,Michigan,Midland,81,8,0,43.64330771,-84.38804374,26111.0,97.40728269758046,9.876543209876543,73,81,8,0,73,80,83209,0,0,0,0,1
2020-05-29,US,Michigan,Missaukee,16,1,0,44.33772443,-85.09256478,26113.0,105.83410504034927,6.25,15,16,1,0,15,16,15113,0,0,0,0,0
2020-05-29,US,Michigan,Monroe,469,19,0,41.92734151,-83.53749864,26115.0,311.6279069767442,4.051172707889126,450,468,19,0,449,464,150439,1,0,0,1,4
2020-05-29,US,Michigan,Montcalm,65,1,0,43.31082541,-85.15252824,26117.0,101.74054595542201,1.5384615384615383,64,65,1,0,64,65,63968,0,0,0,0,0
2020-05-29,US,Michigan,Montmorency,5,0,0,45.0275929,-84.12696227,26119.0,53.60205831903945,0.0,5,5,0,0,5,5,9265,0,0,0,0,0
2020-05-29,US,Michigan,Muskegon,631,36,0,43.29123859,-86.15176712,26121.0,363.5504649528133,5.7052297939778125,595,619,36,0,583,606,173588,12,0,0,12,13
2020-05-29,US,Michigan,Newaygo,103,0,0,43.554373999999996,-85.80070107,26123.0,210.28991425071462,0.0,103,101,0,0,101,96,48892,2,0,0,2,5
2020-05-29,US,Michigan,Oakland,8311,975,0,42.66090111,-83.38595416,26125.0,660.8703673074722,11.731440259896527,7336,8281,971,0,7310,8260,1259201,30,4,0,26,21
2020-05-29,US,Michigan,Oceana,85,2,0,43.64124435,-86.26726673,26127.0,321.15464540748854,2.3529411764705883,83,85,2,0,83,85,26625,0,0,0,0,0
2020-05-29,US,Michigan,Ogemaw,21,1,0,44.33481032,-84.12725175,26129.0,100.01428775539362,4.761904761904762,20,21,1,0,20,21,20952,0,0,0,0,0
2020-05-29,US,Michigan,Osceola,11,0,0,43.98992088,-85.32566756,26133.0,46.88832054560954,0.0,11,11,0,0,11,11,23341,0,0,0,0,0
2020-05-29,US,Michigan,Oscoda,5,1,0,44.68192279,-84.12939244,26135.0,60.6722485135299,20.0,4,5,1,0,4,5,8276,0,0,0,0,0
2020-05-29,US,Michigan,Otsego,100,10,0,45.02085831,-84.59898295,26137.0,405.3834927841738,10.0,90,100,10,0,90,100,24665,0,0,0,0,0
2020-05-29,US,Michigan,Ottawa,759,33,0,42.95996803,-85.9969107,26139.0,260.0829249905767,4.3478260869565215,726,744,31,0,713,715,290494,15,2,0,13,29
2020-05-29,US,Michigan,Out of MI,32,0,0,0.0,0.0,80026.0,0.0,0.0,32,70,0,0,70,64,,-38,0,0,-38,6
2020-05-29,US,Michigan,Presque Isle,11,0,0,45.34018577,-83.91498656,26141.0,87.35705209656925,0.0,11,11,0,0,11,11,12738,0,0,0,0,0
2020-05-29,US,Michigan,Roscommon,21,0,0,44.33473082,-84.61067651,26143.0,87.43078396269621,0.0,21,21,0,0,21,21,23884,0,0,0,0,0
2020-05-29,US,Michigan,Saginaw,1018,108,0,43.33433923,-84.05131209999998,26145.0,534.2738232067976,10.609037328094304,910,1013,108,0,905,1002,190800,5,0,0,5,11
2020-05-29,US,Michigan,Sanilac,41,5,0,43.42406072,-82.82055898,26151.0,99.5870779693952,12.19512195121951,36,40,5,0,35,40,41182,1,0,0,1,0
2020-05-29,US,Michigan,Schoolcraft,4,0,0,46.19235734,-86.19972234,26153.0,49.419322955275504,0.0,4,4,0,0,4,4,8068,0,0,0,0,0
2020-05-29,US,Michigan,Shiawassee,239,26,0,42.95392800000001,-84.14585902,26155.0,350.84113795836885,10.878661087866108,213,239,26,0,213,237,68192,0,0,0,0,2
2020-05-29,US,Michigan,St. Clair,448,39,0,42.92655373,-82.67937954,26147.0,281.53436227439545,8.705357142857142,409,438,37,0,401,431,159337,10,2,0,8,7
2020-05-29,US,Michigan,St. Joseph,112,2,0,41.91441767,-85.52797979,26149.0,183.71497933206481,1.7857142857142858,110,110,2,0,108,109,61043,2,0,0,2,1
2020-05-29,US,Michigan,Tuscola,189,23,0,43.46606813,-83.41897025,26157.0,361.75710594315245,12.16931216931217,166,186,23,0,163,186,52516,3,0,0,3,0
2020-05-29,US,Michigan,Unassigned,24,0,0,0.0,0.0,90026.0,0.0,0.0,24,3,0,0,3,16,,21,0,0,21,-13
2020-05-29,US,Michigan,Van Buren,136,6,0,42.25190229,-86.01939087,26159.0,179.71114076932224,4.411764705882354,130,134,6,0,128,131,75448,2,0,0,2,3
2020-05-29,US,Michigan,Washtenaw,1318,100,0,42.253105,-83.83853204,26161.0,358.5409180062078,7.587253414264036,1218,1313,100,0,1213,1305,370963,5,0,0,5,8
2020-05-29,US,Michigan,Wayne,20227,2425,0,42.28098405,-83.281255,26163.0,1156.2626654692647,11.988925693380134,17802,20059,2410,0,17649,19999,1753893,168,15,0,153,60
2020-05-29,US,Michigan,Wexford,11,3,0,44.33853602,-85.57712739,26165.0,32.707918289673216,27.272727272727273,8,11,3,0,8,11,33466,0,0,0,0,0
2020-05-29,US,Minnesota,Aitkin,7,0,0,46.60962049,-93.41168259999999,27001.0,44.06395568425028,0.0,7,7,0,0,7,7,15902,0,0,0,0,0
2020-05-29,US,Minnesota,Anoka,1324,67,0,45.27476015,-93.24604565,27003.0,370.95043440985535,5.060422960725076,1257,1289,63,0,1226,1262,353813,35,4,0,31,27
2020-05-29,US,Minnesota,Becker,36,0,0,46.93479392,-95.67158144,27005.0,104.58123928768556,0.0,36,36,0,0,36,37,34371,0,0,0,0,-1
2020-05-29,US,Minnesota,Beltrami,14,0,0,47.97373527,-94.93732139,27007.0,29.66855980333983,0.0,14,14,0,0,14,13,46847,0,0,0,0,1
2020-05-29,US,Minnesota,Benton,175,3,0,45.69804958,-93.99514135,27009.0,427.9879674240016,1.7142857142857142,172,173,3,0,170,169,40545,2,0,0,2,4
2020-05-29,US,Minnesota,Big Stone,4,0,0,45.42712824,-96.41403739,27011.0,80.14425966740133,0.0,4,4,0,0,4,3,4989,0,0,0,0,1
2020-05-29,US,Minnesota,Blue Earth,137,1,0,44.03554215,-94.06699781,27013.0,202.50395400056166,0.7299270072992701,136,126,1,0,125,122,67427,11,0,0,11,4
2020-05-29,US,Minnesota,Brown,14,2,0,44.24205652,-94.72562874,27015.0,55.98208573256557,14.285714285714285,12,14,2,0,12,14,25111,0,0,0,0,0
2020-05-29,US,Minnesota,Carlton,73,0,0,46.59180601,-92.67601019,27017.0,203.5070112347021,0.0,73,73,0,0,73,73,35837,0,0,0,0,0
2020-05-29,US,Minnesota,Carver,201,2,0,44.82017001,-93.80099179999999,27019.0,191.266450342091,0.9950248756218906,199,189,2,0,187,185,103551,12,0,0,12,4
2020-05-29,US,Minnesota,Cass,13,2,0,46.95043611,-94.32603968,27021.0,43.65492461130327,15.384615384615385,11,13,2,0,11,12,29519,0,0,0,0,1
2020-05-29,US,Minnesota,Chippewa,49,1,0,45.02343421,-95.56403693,27023.0,415.2542372881356,2.0408163265306123,48,44,1,0,43,44,11924,5,0,0,5,0
2020-05-29,US,Minnesota,Chisago,60,1,0,45.5021011,-92.90861945,27025.0,106.04641298008093,1.6666666666666667,59,54,1,0,53,50,55922,6,0,0,6,4
2020-05-29,US,Minnesota,Clay,420,25,0,46.89289518,-96.48761922,27027.0,653.9815016660957,5.9523809523809526,395,416,25,0,391,406,63955,4,0,0,4,10
2020-05-29,US,Minnesota,Clearwater,3,0,0,47.57992111,-95.37790562,27029.0,34.02132002721706,0.0,3,3,0,0,3,3,8810,0,0,0,0,0
2020-05-29,US,Minnesota,Cottonwood,69,0,0,44.00715262,-95.18138802,27033.0,616.2915326902465,0.0,69,69,0,0,69,65,11277,0,0,0,0,4
2020-05-29,US,Minnesota,Crow Wing,64,1,0,46.48096553,-94.06755609,27035.0,98.37829528860195,1.5625,63,59,1,0,58,57,64889,5,0,0,5,2
2020-05-29,US,Minnesota,Dakota,1230,51,0,44.67172617,-93.06299363,27037.0,286.69925248414415,4.146341463414634,1179,1202,49,0,1153,1182,425423,28,2,0,26,20
2020-05-29,US,Minnesota,Dodge,50,0,0,44.02238415,-92.86244324,27039.0,238.84589662749596,0.0,50,46,0,0,46,46,20822,4,0,0,4,0
2020-05-29,US,Minnesota,Douglas,40,0,0,45.93348491,-95.45335469,27041.0,104.87402008337484,0.0,40,39,0,0,39,39,37964,1,0,0,1,0
2020-05-29,US,Minnesota,Faribault,15,0,0,43.67381499,-93.94787458,27043.0,109.86596352450012,0.0,15,13,0,0,13,13,13758,2,0,0,2,0
2020-05-29,US,Minnesota,Fillmore,17,1,0,43.67394126,-92.08980382,27045.0,80.69492571320075,5.882352941176472,16,17,1,0,16,17,21058,0,0,0,0,0
2020-05-29,US,Minnesota,Freeborn,108,0,0,43.67385583,-93.34884422,27047.0,356.6592913047785,0.0,108,102,0,0,102,97,30444,6,0,0,6,5
2020-05-29,US,Minnesota,Goodhue,62,3,0,44.40849741,-92.72341949999999,27049.0,133.79369874838153,4.838709677419356,59,60,3,0,57,60,46403,2,0,0,2,0
2020-05-29,US,Minnesota,Grant,4,0,0,45.93424769,-96.01139609,27051.0,66.97923643670461,0.0,4,3,0,0,3,3,6021,1,0,0,1,0
2020-05-29,US,Minnesota,Hennepin,7932,593,0,45.00761521,-93.47694895,27053.0,626.6179929106532,7.476046394351993,7339,7695,581,0,7114,7540,1259428,237,12,0,225,155
2020-05-29,US,Minnesota,Houston,2,0,0,43.67129565,-91.49143057,27055.0,10.752688172043008,0.0,2,2,0,0,2,2,18578,0,0,0,0,0
2020-05-29,US,Minnesota,Hubbard,2,0,0,47.10778564,-94.91693868,27057.0,9.306221208878137,0.0,2,1,0,0,1,1,21332,1,0,0,1,0
2020-05-29,US,Minnesota,Isanti,32,0,0,45.56181234,-93.29487636,27059.0,78.82550004926594,0.0,32,32,0,0,32,33,39966,0,0,0,0,-1
2020-05-29,US,Minnesota,Itasca,54,9,0,47.51009045,-93.63092229,27061.0,119.65433192998007,16.666666666666668,45,54,8,0,46,53,45108,0,1,0,-1,1
2020-05-29,US,Minnesota,Jackson,39,0,0,43.67423373,-95.15398258,27063.0,396.0999390615478,0.0,39,39,0,0,39,39,9911,0,0,0,0,0
2020-05-29,US,Minnesota,Kanabec,11,1,0,45.9459309,-93.29275192,27065.0,67.33182346820102,9.090909090909092,10,11,1,0,10,11,16207,0,0,0,0,0
2020-05-29,US,Minnesota,Kandiyohi,486,1,0,45.1526059,-95.00586446,27067.0,1125.0260422694967,0.20576131687242802,485,476,1,0,475,475,42855,10,0,0,10,1
2020-05-29,US,Minnesota,Kittson,1,0,0,48.77754106,-96.78317184,27069.0,23.266635644485806,0.0,1,1,0,0,1,1,4248,0,0,0,0,0
2020-05-29,US,Minnesota,Koochiching,7,0,0,48.24539665,-93.78352843,27071.0,57.240984544934165,0.0,7,7,0,0,7,7,12440,0,0,0,0,0
2020-05-29,US,Minnesota,Lac qui Parle,3,0,0,44.9973857,-96.17488219,27073.0,45.29669334138608,0.0,3,3,0,0,3,3,6658,0,0,0,0,0
2020-05-29,US,Minnesota,Lake,1,0,0,47.64270764,-91.44557998,27075.0,9.3976130062964,0.0,1,1,0,0,1,1,10658,0,0,0,0,0
2020-05-29,US,Minnesota,Le Sueur,44,1,0,44.37136597,-93.72844721,27079.0,152.31765153875446,2.272727272727273,43,44,1,0,43,43,28494,0,0,0,0,1
2020-05-29,US,Minnesota,Lincoln,5,0,0,44.41311883,-96.26688165,27081.0,88.66820358219543,0.0,5,5,0,0,5,5,5673,0,0,0,0,0
2020-05-29,US,Minnesota,Lyon,43,0,0,44.41327865,-95.83806103,27083.0,168.7995603360289,0.0,43,38,0,0,38,36,25629,5,0,0,5,2
2020-05-29,US,Minnesota,Mahnomen,6,1,0,47.32557075,-95.80921485,27087.0,108.5579880586213,16.666666666666668,5,5,1,0,4,5,5519,1,0,0,1,0
2020-05-29,US,Minnesota,Marshall,10,0,0,48.35825983,-96.37017407,27089.0,107.11225364181662,0.0,10,9,0,0,9,9,9390,1,0,0,1,0
2020-05-29,US,Minnesota,Martin,129,5,0,43.67429718,-94.55099908,27091.0,655.3878981862522,3.875968992248062,124,126,5,0,121,126,19785,3,0,0,3,0
2020-05-29,US,Minnesota,McLeod,33,0,0,44.82367677,-94.27287017,27085.0,91.93993257738278,0.0,33,30,0,0,30,29,35873,3,0,0,3,1
2020-05-29,US,Minnesota,Meeker,44,0,0,45.12328869,-94.52839455,27093.0,189.47549737318062,0.0,44,44,0,0,44,44,23141,0,0,0,0,0
2020-05-29,US,Minnesota,Mille Lacs,19,1,0,45.93705297,-93.63236823,27095.0,72.3065798987708,5.2631578947368425,18,19,1,0,18,17,26139,0,0,0,0,2
2020-05-29,US,Minnesota,Morrison,45,0,0,46.01265363,-94.27341528,27097.0,134.78703648235788,0.0,45,41,0,0,41,40,33169,4,0,0,4,1
2020-05-29,US,Minnesota,Mower,254,1,0,43.67142874,-92.75234549,27099.0,634.0172732264989,0.3937007874015748,253,231,1,0,230,216,40011,23,0,0,23,15
2020-05-29,US,Minnesota,Murray,37,0,0,44.02216709,-95.76328482,27101.0,451.5499145716377,0.0,37,36,0,0,36,36,8276,1,0,0,1,0
2020-05-29,US,Minnesota,Nicollet,83,9,0,44.35291112,-94.24710352,27103.0,242.16607340841455,10.843373493975903,74,82,7,0,75,74,34220,1,2,0,-1,8
2020-05-29,US,Minnesota,Nobles,1503,4,0,43.67434621,-95.75329576,27105.0,6949.003652503583,0.2661343978709248,1499,1496,3,0,1493,1488,21924,7,1,0,6,8
2020-05-29,US,Minnesota,Norman,12,0,0,47.32628443,-96.45620947,27107.0,188.2352941176471,0.0,12,11,0,0,11,11,6475,1,0,0,1,0
2020-05-29,US,Minnesota,Olmsted,594,10,0,44.00374114,-92.40209944,27109.0,375.2534856247592,1.6835016835016836,584,582,10,0,572,575,156277,12,0,0,12,7
2020-05-29,US,Minnesota,Otter Tail,63,0,0,46.40846929,-95.70835255,27111.0,107.24134409151262,0.0,63,63,0,0,63,62,58812,0,0,0,0,1
2020-05-29,US,Minnesota,Pennington,17,0,0,48.06642577,-96.0370814,27113.0,120.40512784191515,0.0,17,17,0,0,17,17,14178,0,0,0,0,0
2020-05-29,US,Minnesota,Pine,89,0,0,46.12105238,-92.74070188,27115.0,300.889144325366,0.0,89,89,0,0,89,85,29483,0,0,0,0,4
2020-05-29,US,Minnesota,Pipestone,10,0,0,44.02301619,-96.25841142,27117.0,109.57703265395573,0.0,10,10,0,0,10,10,9047,0,0,0,0,0
2020-05-29,US,Minnesota,Polk,60,2,0,47.77372465,-96.40134647,27119.0,191.3021298303788,3.333333333333333,58,59,2,0,57,59,31529,1,0,0,1,0
2020-05-29,US,Minnesota,Pope,9,0,0,45.58606667,-95.44451209,27121.0,80.00711174326605,0.0,9,8,0,0,8,8,11097,1,0,0,1,0
2020-05-29,US,Minnesota,Ramsey,2790,115,0,45.01625271,-93.09872295,27123.0,506.9768371550423,4.121863799283154,2675,2698,110,0,2588,2610,550210,92,5,0,87,88
2020-05-29,US,Minnesota,Red Lake,4,0,0,47.87197525,-96.09561104,27125.0,98.64364981504316,0.0,4,4,0,0,4,4,3999,0,0,0,0,0
2020-05-29,US,Minnesota,Redwood,4,0,0,44.40555844,-95.25207021,27127.0,26.367831245880023,0.0,4,4,0,0,4,3,15249,0,0,0,0,1
2020-05-29,US,Minnesota,Renville,5,0,0,44.72836381,-94.94553734,27129.0,34.36898542755018,0.0,5,5,0,0,5,5,14612,0,0,0,0,0
2020-05-29,US,Minnesota,Rice,438,2,0,44.3543376,-93.29658715,27131.0,654.004658663322,0.45662100456620996,436,423,2,0,421,411,66523,15,0,0,15,12
2020-05-29,US,Minnesota,Rock,22,0,0,43.67482683,-96.25296832,27133.0,236.17820719269997,0.0,22,22,0,0,22,21,9414,0,0,0,0,1
2020-05-29,US,Minnesota,Roseau,2,0,0,48.77501878,-95.81079919,27135.0,13.188262446422687,0.0,2,2,0,0,2,1,15150,0,0,0,0,1
2020-05-29,US,Minnesota,Scott,394,2,0,44.6490231,-93.53340251,27139.0,264.4064611812392,0.5076142131979695,392,383,2,0,381,379,147381,11,0,0,11,4
2020-05-29,US,Minnesota,Sherburne,226,2,0,45.44447208,-93.77617511,27141.0,232.41942450482318,0.8849557522123894,224,222,2,0,220,219,96036,4,0,0,4,3
2020-05-29,US,Minnesota,Sibley,16,0,0,44.5796592,-94.23164924,27143.0,107.63538513286241,0.0,16,15,0,0,15,13,15028,1,0,0,1,2
2020-05-29,US,Minnesota,St. Louis,118,14,0,47.604840700000004,-92.46879855,27137.0,59.275631687346156,11.864406779661017,104,117,14,0,103,115,199754,1,0,0,1,2
2020-05-29,US,Minnesota,Stearns,2001,13,0,45.55192576,-94.61078221,27145.0,1242.2784417196958,0.6496751624187906,1988,1995,12,0,1983,1984,159256,6,1,0,5,11
2020-05-29,US,Minnesota,Steele,151,0,0,44.02240351,-93.22627088,27147.0,412.0166989549511,0.0,151,149,0,0,149,148,36803,2,0,0,2,1
2020-05-29,US,Minnesota,Stevens,2,0,0,45.58613007,-96.00163705,27149.0,20.39775624681285,0.0,2,1,0,0,1,,9753,1,0,0,1,
2020-05-29,US,Minnesota,Swift,18,0,0,45.2829032,-95.68264092,27151.0,194.25857975393916,0.0,18,17,0,0,17,17,9345,1,0,0,1,0
2020-05-29,US,Minnesota,Todd,302,0,0,46.06996226,-94.89785296,27153.0,1224.4566980214074,0.0,302,296,0,0,296,296,24582,6,0,0,6,0
2020-05-29,US,Minnesota,Traverse,3,0,0,45.77298854,-96.47062949,27155.0,92.05277692543726,0.0,3,3,0,0,3,3,3308,0,0,0,0,0
2020-05-29,US,Minnesota,Unassigned,66,10,0,0.0,0.0,90027.0,0.0,15.151515151515152,56,94,10,0,84,61,,-28,0,0,-28,33
2020-05-29,US,Minnesota,Wabasha,17,0,0,44.28424356,-92.23121312,27157.0,78.60544689508485,0.0,17,17,0,0,17,17,21645,0,0,0,0,0
2020-05-29,US,Minnesota,Wadena,8,0,0,46.58589171,-94.96968506,27159.0,58.470983774302006,0.0,8,8,0,0,8,8,13773,0,0,0,0,0
2020-05-29,US,Minnesota,Waseca,26,0,0,44.02211116,-93.58720034,27161.0,139.69482054588437,0.0,26,25,0,0,25,24,18691,1,0,0,1,1
2020-05-29,US,Minnesota,Washington,598,31,0,45.03864533,-92.88429635,27163.0,227.8616064624295,5.183946488294313,567,576,30,0,546,562,259201,22,1,0,21,14
2020-05-29,US,Minnesota,Watonwan,69,0,0,43.97823903,-94.61413846,27165.0,633.2017986601817,0.0,69,64,0,0,64,59,10980,5,0,0,5,5
2020-05-29,US,Minnesota,Wilkin,11,3,0,46.35721532,-96.4684375,27167.0,177.2192685677461,27.272727272727273,8,11,3,0,8,11,6254,0,0,0,0,0
2020-05-29,US,Minnesota,Winona,79,15,0,43.98772283,-91.78081305,27169.0,156.4852230409635,18.9873417721519,64,78,15,0,63,78,50825,1,0,0,1,0
2020-05-29,US,Minnesota,Wright,287,1,0,45.17297924,-93.96234781,27171.0,207.40440969236218,0.3484320557491289,286,280,1,0,279,269,136349,7,0,0,7,11
2020-05-29,US,Minnesota,Yellow Medicine,6,0,0,44.71710183,-95.86842453,27173.0,61.79833144505098,0.0,6,6,0,0,6,6,9795,0,0,0,0,0
2020-05-29,US,Mississippi,Adams,192,15,0,31.47669768,-91.35326037,28001.0,625.5497996285798,7.8125,177,190,15,0,175,190,31192,2,0,0,2,0
2020-05-29,US,Mississippi,Alcorn,16,1,0,34.88084463,-88.57996173,28003.0,43.29824371498931,6.25,15,14,1,0,13,14,36925,2,0,0,2,0
2020-05-29,US,Mississippi,Amite,59,1,0,31.17467303,-90.80501621,28005.0,479.7918191428804,1.6949152542372878,58,56,1,0,55,56,12326,3,0,0,3,0
2020-05-29,US,Mississippi,Attala,287,15,0,33.08658803,-89.57838564,28007.0,1579.1790469902053,5.2264808362369335,272,284,15,0,269,277,18365,3,0,0,3,7
2020-05-29,US,Mississippi,Benton,15,0,0,34.81681228,-89.18945516,28009.0,181.62005085361423,0.0,15,15,0,0,15,14,8271,0,0,0,0,1
2020-05-29,US,Mississippi,Bolivar,156,11,0,33.79696941,-90.87372121,28011.0,509.33786078098467,7.05128205128205,145,154,11,0,143,149,31333,2,0,0,2,5
2020-05-29,US,Mississippi,Calhoun,63,4,0,33.93683395,-89.33686647,28013.0,438.6881136411112,6.349206349206349,59,63,4,0,59,61,14436,0,0,0,0,2
2020-05-29,US,Mississippi,Carroll,118,11,0,33.44834567,-89.91994479,28015.0,1186.2873228108974,9.322033898305083,107,115,11,0,104,114,9911,3,0,0,3,1
2020-05-29,US,Mississippi,Chickasaw,132,12,0,33.91983202,-88.9481545,28017.0,771.7944220312227,9.090909090909092,120,130,12,0,118,128,17171,2,0,0,2,2
2020-05-29,US,Mississippi,Choctaw,39,2,0,33.34598242,-89.24809382,28019.0,475.0304506699147,5.128205128205129,37,34,2,0,32,35,8278,5,0,0,5,-1
2020-05-29,US,Mississippi,Claiborne,72,2,0,31.97061673,-90.90702196,28021.0,801.068090787717,2.7777777777777777,70,69,2,0,67,64,9002,3,0,0,3,5
2020-05-29,US,Mississippi,Clarke,139,18,0,32.04158545,-88.68896219999998,28023.0,894.4083392317096,12.949640287769785,121,138,18,0,120,135,15604,1,0,0,1,3
2020-05-29,US,Mississippi,Clay,111,4,0,33.65358105,-88.77784255,28025.0,574.6531372955063,3.603603603603604,107,108,4,0,104,104,19386,3,0,0,3,4
2020-05-29,US,Mississippi,Coahoma,120,4,0,34.22772299,-90.60415045,28027.0,542.3973964924968,3.333333333333333,116,114,4,0,110,113,22628,6,0,0,6,1
2020-05-29,US,Mississippi,Copiah,298,4,0,31.86977774,-90.44565118,28029.0,1061.8207732050596,1.342281879194631,294,290,4,0,286,285,28543,8,0,0,8,5
2020-05-29,US,Mississippi,Covington,159,2,0,31.63225413,-89.55389939,28031.0,853.1873792659369,1.2578616352201255,157,143,1,0,142,141,18853,16,1,0,15,2
2020-05-29,US,Mississippi,DeSoto,520,7,0,34.87625235,-89.99091418,28033.0,281.1646705777393,1.3461538461538465,513,503,6,0,497,493,182001,17,1,0,16,10
2020-05-29,US,Mississippi,Forrest,534,38,0,31.18961454,-89.25832496,28035.0,712.9791580437134,7.116104868913858,496,523,38,0,485,511,75036,11,0,0,11,12
2020-05-29,US,Mississippi,Franklin,28,2,0,31.47786634,-90.89672989,28037.0,363.02346687410864,7.142857142857142,26,28,2,0,26,27,7788,0,0,0,0,1
2020-05-29,US,Mississippi,George,21,1,0,30.86259065,-88.64436789,28039.0,85.71428571428571,4.761904761904762,20,21,1,0,20,20,24250,0,0,0,0,1
2020-05-29,US,Mississippi,Greene,11,1,0,31.21444233,-88.63922281,28041.0,80.96569998527895,9.090909090909092,10,9,1,0,8,11,13586,2,0,0,2,-2
2020-05-29,US,Mississippi,Grenada,88,3,0,33.77036166,-89.80245083,28043.0,423.93294151652367,3.4090909090909087,85,85,3,0,82,82,21055,3,0,0,3,3
2020-05-29,US,Mississippi,Hancock,87,11,0,30.41830223,-89.48851033,28045.0,182.6503191132012,12.64367816091954,76,87,11,0,76,87,47334,0,0,0,0,0
2020-05-29,US,Mississippi,Harrison,251,7,0,30.51359752,-89.12467576,28047.0,120.62668204536716,2.7888446215139444,244,247,7,0,240,245,206650,4,0,0,4,2
2020-05-29,US,Mississippi,Hinds,971,25,0,32.2656285,-90.44435448,28049.0,418.8233264320221,2.5746652935118437,946,959,24,0,935,920,237085,12,1,0,11,39
2020-05-29,US,Mississippi,Holmes,389,24,0,33.12345854,-90.08923538,28051.0,2286.8900646678426,6.169665809768637,365,385,24,0,361,373,17622,4,0,0,4,12
2020-05-29,US,Mississippi,Humphreys,59,7,0,33.12825718,-90.52252707,28053.0,731.6468253968254,11.864406779661017,52,58,7,0,51,53,8257,1,0,0,1,5
2020-05-29,US,Mississippi,Itawamba,85,7,0,34.27993475,-88.3606733,28057.0,363.4031637451902,8.235294117647058,78,84,7,0,77,85,23517,1,0,0,1,-1
2020-05-29,US,Mississippi,Jackson,303,13,0,30.54020656,-88.64184064,28059.0,210.97780903374945,4.29042904290429,290,303,13,0,290,300,143277,0,0,0,0,3
2020-05-29,US,Mississippi,Jasper,152,4,0,32.01922104,-89.11786866,28061.0,927.7910028688277,2.631578947368421,148,152,4,0,148,148,16428,0,0,0,0,4
2020-05-29,US,Mississippi,Jefferson,41,1,0,31.73397872,-91.03764977,28063.0,586.552217453505,2.4390243902439024,40,40,0,0,40,40,7106,1,1,0,0,0
2020-05-29,US,Mississippi,Jefferson Davis,77,2,0,31.56884708,-89.82670990000004,28065.0,691.9482386772107,2.5974025974025974,75,77,2,0,75,75,11234,0,0,0,0,2
2020-05-29,US,Mississippi,Jones,576,25,0,31.62257767,-89.16896899999998,28067.0,845.839819084261,4.340277777777779,551,566,22,0,544,525,68461,10,3,0,7,41
2020-05-29,US,Mississippi,Kemper,144,11,0,32.75462946,-88.64105766,28069.0,1478.135906384726,7.638888888888888,133,136,11,0,125,131,10027,8,0,0,8,5
2020-05-29,US,Mississippi,Lafayette,130,4,0,34.35687874,-89.48490961,28071.0,240.65606545844983,3.0769230769230766,126,127,4,0,123,125,54793,3,0,0,3,2
2020-05-29,US,Mississippi,Lamar,235,5,0,31.20572971,-89.5077704,28073.0,370.9960058727879,2.127659574468085,230,231,5,0,226,227,62447,4,0,0,4,4
2020-05-29,US,Mississippi,Lauderdale,730,59,0,32.40419769,-88.66229662,28075.0,984.8229342327149,8.082191780821919,671,713,58,0,655,699,75317,17,1,0,16,14
2020-05-29,US,Mississippi,Lawrence,102,1,0,31.55147224,-90.10841127,28077.0,810.4242809470842,0.9803921568627452,101,102,1,0,101,99,12455,0,0,0,0,3
2020-05-29,US,Mississippi,Leake,409,12,0,32.7536828,-89.52402044,28079.0,1794.961818660581,2.9339853300733503,397,400,12,0,388,395,22763,9,0,0,9,5
2020-05-29,US,Mississippi,Lee,139,6,0,34.291877500000005,-88.68149954,28081.0,162.6948827192284,4.316546762589929,133,124,5,0,119,117,85202,15,1,0,14,7
2020-05-29,US,Mississippi,Leflore,255,30,0,33.55545125,-90.29900733,28083.0,904.8007664194728,11.764705882352944,225,251,30,0,221,250,28919,4,0,0,4,1
2020-05-29,US,Mississippi,Lincoln,250,27,0,31.53288662,-90.45391915,28085.0,732.0001171200188,10.8,223,250,24,0,226,250,34205,0,3,0,-3,0
2020-05-29,US,Mississippi,Lowndes,200,9,0,33.47386518,-88.44191529999998,28087.0,341.3260517108968,4.5,191,189,9,0,180,182,58930,11,0,0,11,7
2020-05-29,US,Mississippi,Madison,709,23,0,32.63389156,-90.03513564,28089.0,667.1559771153268,3.244005641748942,686,694,22,0,672,687,105630,15,1,0,14,7
2020-05-29,US,Mississippi,Marion,114,9,0,31.23132643,-89.8209217,28091.0,463.92381882554025,7.894736842105262,105,114,9,0,105,112,24715,0,0,0,0,2
2020-05-29,US,Mississippi,Marshall,81,3,0,34.76216286,-89.50299462,28093.0,229.50076500255,3.703703703703704,78,77,3,0,74,76,35451,4,0,0,4,1
2020-05-29,US,Mississippi,Monroe,254,25,0,33.89236763,-88.4808438,28095.0,720.5264949506412,9.842519685039369,229,252,25,0,227,253,35564,2,0,0,2,-1
2020-05-29,US,Mississippi,Montgomery,81,1,0,33.49419589,-89.61729103,28097.0,828.6445012787724,1.2345679012345678,80,81,1,0,80,81,10023,0,0,0,0,0
2020-05-29,US,Mississippi,Neshoba,606,38,0,32.75339664,-89.11726492,28099.0,2081.1868947043067,6.2706270627062715,568,589,37,0,552,565,29125,17,1,0,16,24
2020-05-29,US,Mississippi,Newton,263,4,0,32.40021118,-89.11843336,28101.0,1251.3084023218194,1.520912547528517,259,256,4,0,252,250,21443,7,0,0,7,6
2020-05-29,US,Mississippi,Noxubee,179,6,0,33.11009499,-88.56949061,28103.0,1718.3450129595853,3.35195530726257,173,173,6,0,167,169,10535,6,0,0,6,4
2020-05-29,US,Mississippi,Oktibbeha,233,11,0,33.42491685,-88.87905132,28105.0,469.88121886784836,4.721030042918455,222,154,11,0,143,150,49599,79,0,0,79,4
2020-05-29,US,Mississippi,Panola,66,3,0,34.36398677,-89.95064249,28107.0,193.02760879737954,4.545454545454546,63,64,3,0,61,64,34178,2,0,0,2,0
2020-05-29,US,Mississippi,Pearl River,207,31,0,30.77090935,-89.58677275,28109.0,372.7379130278203,14.975845410628018,176,206,31,0,175,207,55387,1,0,0,1,-1
2020-05-29,US,Mississippi,Perry,50,3,0,31.17161885,-88.99281835,28111.0,417.6062807984632,6.0,47,50,3,0,47,49,11931,0,0,0,0,1
2020-05-29,US,Mississippi,Pike,203,11,0,31.17507789,-90.40392572,28113.0,516.6972103441253,5.41871921182266,192,203,11,0,192,202,39563,0,0,0,0,1
2020-05-29,US,Mississippi,Pontotoc,29,3,0,34.226046000000004,-89.03636807,28115.0,90.13489152732019,10.344827586206897,26,29,3,0,26,28,31833,0,0,0,0,1
2020-05-29,US,Mississippi,Prentiss,51,3,0,34.61810501,-88.51986294,28117.0,202.97699594046009,5.882352941176472,48,42,3,0,39,41,25315,9,0,0,9,1
2020-05-29,US,Mississippi,Quitman,25,0,0,34.25157572,-90.28908,28119.0,368.0800942285041,0.0,25,25,0,0,25,25,7051,0,0,0,0,0
2020-05-29,US,Mississippi,Rankin,399,7,0,32.26469147,-89.94537876,28121.0,256.9700716811253,1.7543859649122806,392,385,6,0,379,373,153902,14,1,0,13,12
2020-05-29,US,Mississippi,Scott,640,11,0,32.406704100000006,-89.53789439,28123.0,2275.636467074385,1.71875,629,630,10,0,620,623,28287,10,1,0,9,7
2020-05-29,US,Mississippi,Sharkey,7,0,0,32.88149103,-90.81595379999999,28125.0,161.99953714417958,0.0,7,7,0,0,7,7,4377,0,0,0,0,0
2020-05-29,US,Mississippi,Simpson,95,0,0,31.91282117,-89.91716179,28127.0,356.3658188911396,0.0,95,95,0,0,95,93,26758,0,0,0,0,2
2020-05-29,US,Mississippi,Smith,148,11,0,32.01744532,-89.50644846,28129.0,929.8818798693139,7.432432432432432,137,145,11,0,134,133,16002,3,0,0,3,12
2020-05-29,US,Mississippi,Stone,30,0,0,30.79187949,-89.11547539,28131.0,163.61256544502618,0.0,30,30,0,0,30,30,18717,0,0,0,0,0
2020-05-29,US,Mississippi,Sunflower,79,3,0,33.60192578,-90.58882684,28133.0,314.615690959777,3.79746835443038,76,78,3,0,75,78,25735,1,0,0,1,0
2020-05-29,US,Mississippi,Tallahatchie,26,1,0,33.95339918,-90.1729398,28135.0,188.28300383807658,3.8461538461538463,25,26,1,0,25,25,13987,0,0,0,0,1
2020-05-29,US,Mississippi,Tate,81,1,0,34.65133709,-89.94485778,28137.0,286.0068500406059,1.2345679012345678,80,74,1,0,73,69,28759,7,0,0,7,5
2020-05-29,US,Mississippi,Tippah,71,11,0,34.76872156,-88.90988194,28139.0,322.50738133091073,15.492957746478874,60,71,11,0,60,71,21995,0,0,0,0,0
2020-05-29,US,Mississippi,Tishomingo,30,0,0,34.74023475,-88.23917219,28141.0,154.7748026621266,0.0,30,28,0,0,28,26,19454,2,0,0,2,2
2020-05-29,US,Mississippi,Tunica,53,3,0,34.64967704,-90.37481167,28143.0,550.2491694352159,5.660377358490566,50,53,3,0,50,52,9944,0,0,0,0,1
2020-05-29,US,Mississippi,Union,81,5,0,34.49162015,-89.00776006,28145.0,281.10359187922955,6.172839506172839,76,80,5,0,75,78,28606,1,0,0,1,2
2020-05-29,US,Mississippi,Walthall,54,0,0,31.14971548,-90.10446654,28147.0,377.992440151197,0.0,54,52,0,0,52,51,14465,2,0,0,2,1
2020-05-29,US,Mississippi,Warren,163,8,0,32.35810271,-90.83352619,28149.0,359.18115510896627,4.9079754601227,155,159,7,0,152,158,46176,4,1,0,3,1
2020-05-29,US,Mississippi,Washington,166,7,0,33.28392041,-90.94196237,28151.0,378.0546129495092,4.216867469879518,159,166,7,0,159,163,45063,0,0,0,0,3
2020-05-29,US,Mississippi,Wayne,171,0,0,31.64135687,-88.69573913,28153.0,847.247683694198,0.0,171,154,0,0,154,148,20298,17,0,0,17,6
2020-05-29,US,Mississippi,Webster,64,1,0,33.61300486,-89.28392912,28155.0,660.5428836825266,1.5625,63,61,1,0,60,59,9788,3,0,0,3,2
2020-05-29,US,Mississippi,Wilkinson,86,9,0,31.16078225,-91.31018819,28157.0,996.5237543453073,10.465116279069766,77,85,9,0,76,85,8792,1,0,0,1,0
2020-05-29,US,Mississippi,Winston,109,1,0,33.08747908,-89.03391385,28159.0,607.073238652186,0.9174311926605504,108,105,1,0,104,105,18165,4,0,0,4,0
2020-05-29,US,Mississippi,Yalobusha,87,5,0,34.02824175,-89.70762049999998,28161.0,718.5332011892963,5.747126436781608,82,85,5,0,80,85,12392,2,0,0,2,0
2020-05-29,US,Mississippi,Yazoo,239,4,0,32.77890365,-90.39656148,28163.0,804.98484338161,1.6736401673640169,235,227,4,0,223,223,28248,12,0,0,12,4
2020-05-29,US,Missouri,Adair,50,0,0,40.19058551,-92.60078167,29001.0,197.2931381446553,0.0,50,49,0,0,49,46,25339,1,0,0,1,3
2020-05-29,US,Missouri,Andrew,30,0,0,39.98492163,-94.80163024,29003.0,169.3766937669377,0.0,30,30,0,0,30,30,17607,0,0,0,0,0
2020-05-29,US,Missouri,Atchison,3,0,0,40.43238737,-95.42970639,29005.0,58.331713007972,0.0,3,3,0,0,3,3,5171,0,0,0,0,0
2020-05-29,US,Missouri,Audrain,73,0,0,39.215877,-91.84242683,29007.0,287.5374192531905,0.0,73,71,0,0,71,68,25473,2,0,0,2,3
2020-05-29,US,Missouri,Barry,9,0,0,36.70978521,-93.82919888,29009.0,25.147391656654282,0.0,9,9,0,0,9,9,35886,0,0,0,0,0
2020-05-29,US,Missouri,Bates,7,1,0,38.25271289,-94.34113157,29013.0,43.284689586940395,14.285714285714285,6,7,1,0,6,7,16320,0,0,0,0,0
2020-05-29,US,Missouri,Benton,10,0,0,38.29503305,-93.28756116,29015.0,51.43239212055753,0.0,10,10,0,0,10,10,19278,0,0,0,0,0
2020-05-29,US,Missouri,Bollinger,6,0,0,37.32449052,-90.02725304,29017.0,49.451908019451075,0.0,6,6,0,0,6,6,12169,0,0,0,0,0
2020-05-29,US,Missouri,Boone,144,1,0,38.99186229,-92.30723575,29019.0,79.79475017039503,0.6944444444444444,143,138,1,0,137,130,180005,6,0,0,6,8
2020-05-29,US,Missouri,Buchanan,687,2,0,39.65816401,-94.80138942,29021.0,786.3650931733895,0.2911208151382824,685,677,2,0,675,662,88571,10,0,0,10,15
2020-05-29,US,Missouri,Butler,32,0,0,36.71462476,-90.40421163,29023.0,75.33311361175197,0.0,32,30,0,0,30,29,42639,2,0,0,2,1
2020-05-29,US,Missouri,Caldwell,5,0,0,39.65620858,-93.98308093,29025.0,55.43237250554324,0.0,5,5,0,0,5,5,9108,0,0,0,0,0
2020-05-29,US,Missouri,Callaway,27,1,0,38.83674754,-91.92186505,29027.0,60.344634914958775,3.703703703703704,26,27,1,0,26,26,44889,0,0,0,0,1
2020-05-29,US,Missouri,Camden,38,1,0,38.02199522,-92.76083747,29029.0,82.06457186049023,2.631578947368421,37,38,1,0,37,38,45815,0,0,0,0,0
2020-05-29,US,Missouri,Cape Girardeau,73,2,0,37.38489388,-89.6843587,29031.0,92.55619936351765,2.7397260273972597,71,70,2,0,68,68,78753,3,0,0,3,2
2020-05-29,US,Missouri,Carroll,8,0,0,39.42762566,-93.50626255,29033.0,92.17651803203134,0.0,8,8,0,0,8,7,8743,0,0,0,0,1
2020-05-29,US,Missouri,Carter,5,1,0,36.94160441,-90.96051322,29035.0,83.58408559010364,20.0,4,5,1,0,4,5,6054,0,0,0,0,0
2020-05-29,US,Missouri,Cass,85,8,0,38.64789422,-94.353399,29037.0,80.35545471733788,9.411764705882351,77,85,8,0,77,82,104954,0,0,0,0,3
2020-05-29,US,Missouri,Cedar,9,0,0,37.72391475,-93.85445441,29039.0,62.72214091574325,0.0,9,9,0,0,9,9,14165,0,0,0,0,0
2020-05-29,US,Missouri,Chariton,6,0,0,39.51499357,-92.9629191,29041.0,80.79719903043363,0.0,6,6,0,0,6,6,7451,0,0,0,0,0
2020-05-29,US,Missouri,Christian,21,0,0,36.9711783,-93.18537118,29043.0,23.703369264631192,0.0,21,21,0,0,21,21,86983,0,0,0,0,0
2020-05-29,US,Missouri,Clark,1,0,0,40.41040752,-91.73661677,29045.0,14.712373105781962,0.0,1,1,0,0,1,1,6842,0,0,0,0,0
2020-05-29,US,Missouri,Clay,167,3,0,39.31132056,-94.41850862,29047.0,66.81389729063645,1.7964071856287425,164,162,3,0,159,158,246365,5,0,0,5,4
2020-05-29,US,Missouri,Clinton,18,0,0,39.6013098,-94.40465394,29049.0,88.29155834600479,0.0,18,18,0,0,18,18,20470,0,0,0,0,0
2020-05-29,US,Missouri,Cole,60,1,0,38.50455671,-92.27860244,29051.0,78.18098898951072,1.6666666666666667,59,60,1,0,59,60,76796,0,0,0,0,0
2020-05-29,US,Missouri,Cooper,9,0,0,38.844478,-92.80896081,29053.0,50.82161612739286,0.0,9,9,0,0,9,9,17603,0,0,0,0,0
2020-05-29,US,Missouri,Crawford,9,0,0,37.97663738,-91.30528104,29055.0,37.625418060200666,0.0,9,9,0,0,9,9,23957,0,0,0,0,0
2020-05-29,US,Missouri,Dallas,3,0,0,37.681135499999996,-93.02127031,29059.0,17.774617845716318,0.0,3,3,0,0,3,3,16762,0,0,0,0,0
2020-05-29,US,Missouri,Daviess,4,0,0,39.96145298,-93.98519678,29061.0,48.32085044696787,0.0,4,4,0,0,4,4,8313,0,0,0,0,0
2020-05-29,US,Missouri,DeKalb,6,0,0,39.89201062,-94.40476508,29063.0,47.82019606280386,0.0,6,6,0,0,6,6,12630,0,0,0,0,0
2020-05-29,US,Missouri,Dunklin,33,2,0,36.27167174,-90.09122243,29069.0,113.28138409254746,6.0606060606060606,31,32,2,0,30,31,29423,1,0,0,1,1
2020-05-29,US,Missouri,Franklin,140,16,0,38.41127108,-91.07522826,29071.0,134.65811267036656,11.428571428571427,124,140,16,0,124,140,103670,0,0,0,0,0
2020-05-29,US,Missouri,Gasconade,2,0,0,38.43947277,-91.50847147,29073.0,13.599891200870395,0.0,2,2,0,0,2,2,14705,0,0,0,0,0
2020-05-29,US,Missouri,Gentry,26,0,0,40.21097916,-94.40944419,29075.0,395.67797899863035,0.0,26,25,0,0,25,21,6628,1,0,0,1,4
2020-05-29,US,Missouri,Greene,139,8,0,37.2575872,-93.34230916,29077.0,47.42635267464157,5.755395683453237,131,128,8,0,120,125,291923,11,0,0,11,3
2020-05-29,US,Missouri,Harrison,9,0,0,40.35570088,-93.99222144,29081.0,107.75862068965515,0.0,9,9,0,0,9,9,8414,0,0,0,0,0
2020-05-29,US,Missouri,Henry,11,3,0,38.38482826,-93.79293734,29083.0,50.403225806451616,27.272727272727273,8,10,3,0,7,10,21792,1,0,0,1,0
2020-05-29,US,Missouri,Holt,1,0,0,40.09799248,-95.21638879999999,29087.0,22.71178741766977,0.0,1,1,0,0,1,1,4404,0,0,0,0,0
2020-05-29,US,Missouri,Howard,3,0,0,39.1435761,-92.69756691,29089.0,29.99700029997,0.0,3,3,0,0,3,3,10137,0,0,0,0,0
2020-05-29,US,Missouri,Howell,6,0,0,36.77383887,-91.88683935,29091.0,14.956252960091732,0.0,6,6,0,0,6,5,40076,0,0,0,0,1
2020-05-29,US,Missouri,Iron,2,0,0,37.55487945,-90.7735296,29093.0,19.753086419753085,0.0,2,2,0,0,2,2,10177,0,0,0,0,0
2020-05-29,US,Missouri,Jackson,560,17,0,39.01002188,-94.34724536,29095.0,79.65735955767407,3.0357142857142856,543,554,17,0,537,515,700307,6,0,0,6,39
2020-05-29,US,Missouri,Jasper,36,0,0,37.20351921,-94.34050458,29097.0,29.671633917974415,0.0,36,33,0,0,33,33,120636,3,0,0,3,0
2020-05-29,US,Missouri,Jefferson,349,16,0,38.25926778,-90.53870896,29099.0,155.05529120627685,4.584527220630372,333,348,16,0,332,345,224347,1,0,0,1,3
2020-05-29,US,Missouri,Johnson,76,0,0,38.74719601,-93.80691168,29101.0,140.57933483777884,0.0,76,74,0,0,74,73,53652,2,0,0,2,1
2020-05-29,US,Missouri,Kansas City,1117,26,0,39.0997,-94.5786,0.0,228.4519872459571,2.3276633840644583,1091,1105,26,0,1079,1086,491918,12,0,0,12,19
2020-05-29,US,Missouri,Laclede,3,0,0,37.65896829,-92.5888493,29105.0,8.397950899980406,0.0,3,3,0,0,3,3,35713,0,0,0,0,0
2020-05-29,US,Missouri,Lafayette,73,3,0,39.06986886,-93.78076396,29107.0,223.18698789287026,4.109589041095891,70,73,3,0,70,72,32598,0,0,0,0,1
2020-05-29,US,Missouri,Lawrence,8,0,0,37.10626634,-93.83293097,29109.0,20.857776039629773,0.0,8,8,0,0,8,8,38359,0,0,0,0,0
2020-05-29,US,Missouri,Lewis,7,1,0,40.09673161,-91.72070156,29111.0,71.6039279869067,14.285714285714285,6,7,1,0,6,7,9855,0,0,0,0,0
2020-05-29,US,Missouri,Lincoln,109,1,0,39.05345619,-90.95588181,29113.0,184.70506498568116,0.9174311926605504,108,109,1,0,108,109,57686,0,0,0,0,0
2020-05-29,US,Missouri,Linn,6,1,0,39.87001769,-93.10704106,29115.0,50.33557046979866,16.666666666666668,5,6,1,0,5,6,12037,0,0,0,0,0
2020-05-29,US,Missouri,Livingston,3,0,0,39.78110272,-93.54645978,29117.0,19.70184540618638,0.0,3,3,0,0,3,3,15146,0,0,0,0,0
2020-05-29,US,Missouri,Macon,4,0,0,39.83049768,-92.56453089,29121.0,26.460276509889532,0.0,4,3,0,0,3,2,15153,1,0,0,1,1
2020-05-29,US,Missouri,Madison,3,0,0,37.47865134,-90.34671429999999,29123.0,24.81800132362674,0.0,3,3,0,0,3,3,12188,0,0,0,0,0
2020-05-29,US,Missouri,Maries,2,0,0,38.16193985,-91.92249662,29125.0,22.996435552489363,0.0,2,2,0,0,2,2,8769,0,0,0,0,0
2020-05-29,US,Missouri,Marion,5,0,0,39.80601912,-91.62203062,29127.0,17.525411847178407,0.0,5,5,0,0,5,5,28592,0,0,0,0,0
2020-05-29,US,Missouri,McDonald,20,0,0,36.62869595,-94.34867205,29119.0,87.5771773875728,0.0,20,19,0,0,19,18,23078,1,0,0,1,1
2020-05-29,US,Missouri,Miller,4,0,0,38.21450288,-92.42610898,29131.0,15.613411920839999,0.0,4,4,0,0,4,4,25336,0,0,0,0,0
2020-05-29,US,Missouri,Mississippi,56,0,0,36.82516239,-89.29505753,29133.0,424.8861911987861,0.0,56,55,0,0,55,54,13336,1,0,0,1,1
2020-05-29,US,Missouri,Moniteau,46,0,0,38.63571781,-92.57976951,29135.0,285.1475328539549,0.0,46,46,0,0,46,45,16121,0,0,0,0,1
2020-05-29,US,Missouri,Montgomery,9,0,0,38.94022054,-91.47000721,29139.0,77.91533200588694,0.0,9,9,0,0,9,8,11534,0,0,0,0,1
2020-05-29,US,Missouri,Morgan,9,0,0,38.4181765,-92.88791859,29141.0,43.63213264168323,0.0,9,9,0,0,9,9,20358,0,0,0,0,0
2020-05-29,US,Missouri,New Madrid,20,0,0,36.59666326,-89.66070007,29143.0,117.12344811431248,0.0,20,19,0,0,19,17,17296,1,0,0,1,2
2020-05-29,US,Missouri,Newton,16,1,0,36.90519407,-94.3394104,29145.0,27.474414451542007,6.25,15,16,1,0,15,16,58266,0,0,0,0,0
2020-05-29,US,Missouri,Nodaway,12,0,0,40.36079813,-94.88133008,29147.0,54.318305268875605,0.0,12,12,0,0,12,12,22304,0,0,0,0,0
2020-05-29,US,Missouri,Oregon,2,0,0,36.68710164,-91.4033755,29149.0,18.995156235160035,0.0,2,2,0,0,2,2,10541,0,0,0,0,0
2020-05-29,US,Missouri,Osage,5,0,0,38.46036182,-91.8613635,29151.0,36.72420124862284,0.0,5,5,0,0,5,5,13714,0,0,0,0,0
2020-05-29,US,Missouri,Pemiscot,76,4,0,36.2130572,-89.78742322,29155.0,480.8604871875989,5.2631578947368425,72,76,4,0,72,76,16272,0,0,0,0,0
2020-05-29,US,Missouri,Perry,55,0,0,37.70660776,-89.82741088,29157.0,287.4163879598662,0.0,55,50,0,0,50,50,19150,5,0,0,5,0
2020-05-29,US,Missouri,Pettis,78,1,0,38.72798918,-93.28471706,29159.0,184.2273081556012,1.2820512820512822,77,78,1,0,77,72,42542,0,0,0,0,6
2020-05-29,US,Missouri,Phelps,4,0,0,37.87736118,-91.79351727,29161.0,8.974042581832052,0.0,4,4,0,0,4,4,44732,0,0,0,0,0
2020-05-29,US,Missouri,Pike,17,1,0,39.34310674,-91.16980779,29163.0,92.88602338542236,5.882352941176472,16,17,1,0,16,16,18504,0,0,0,0,1
2020-05-29,US,Missouri,Platte,70,0,0,39.38154439,-94.77068479,29165.0,67.03825011013427,0.0,70,69,0,0,69,68,102985,1,0,0,1,1
2020-05-29,US,Missouri,Polk,3,0,0,37.616229600000004,-93.39828174,29167.0,9.33154997045009,0.0,3,3,0,0,3,3,32201,0,0,0,0,0
2020-05-29,US,Missouri,Pulaski,34,1,0,37.82462075,-92.20783203,29169.0,64.63018229513183,2.9411764705882355,33,34,1,0,33,34,52014,0,0,0,0,0
2020-05-29,US,Missouri,Ralls,3,0,0,39.52817427,-91.51838643,29173.0,29.10078572121447,0.0,3,3,0,0,3,3,10212,0,0,0,0,0
2020-05-29,US,Missouri,Randolph,9,0,0,39.44007257,-92.49713740000001,29175.0,36.36657507677389,0.0,9,9,0,0,9,9,24763,0,0,0,0,0
2020-05-29,US,Missouri,Ray,19,0,0,39.353746799999996,-93.98905745,29177.0,82.54409592492831,0.0,19,19,0,0,19,19,22883,0,0,0,0,0
2020-05-29,US,Missouri,Reynolds,2,0,0,37.36085952,-90.97009925,29179.0,31.897926634768737,0.0,2,2,0,0,2,2,6254,0,0,0,0,0
2020-05-29,US,Missouri,Ripley,7,0,0,36.65460667,-90.85990261,29181.0,52.679108970499705,0.0,7,7,0,0,7,7,13401,0,0,0,0,0
2020-05-29,US,Missouri,Saline,269,2,0,39.13734288,-93.20259964,29195.0,1181.8461403277533,0.7434944237918215,267,268,2,0,266,268,22895,1,0,0,1,0
2020-05-29,US,Missouri,Scotland,4,0,0,40.45214695,-92.14709064,29199.0,81.59934720522236,0.0,4,4,0,0,4,4,4966,0,0,0,0,0
2020-05-29,US,Missouri,Scott,100,9,0,37.05588075,-89.56474493,29201.0,261.2330198537095,9.0,91,98,9,0,89,94,38458,2,0,0,2,4
2020-05-29,US,Missouri,Shelby,1,0,0,39.79742518,-92.07634971,29205.0,16.863406408094434,0.0,1,1,0,0,1,1,6050,0,0,0,0,0
2020-05-29,US,Missouri,St. Charles,768,57,0,38.77875681,-90.66662425,29183.0,191.03432150479327,7.421875,711,763,55,0,708,755,399182,5,2,0,3,8
2020-05-29,US,Missouri,St. Clair,3,0,0,38.03699437,-93.77631447,29185.0,31.925082473129727,0.0,3,3,0,0,3,3,9395,0,0,0,0,0
2020-05-29,US,Missouri,St. Francois,34,2,0,37.81214171,-90.47598685,29187.0,50.58394703563194,5.882352941176472,32,33,2,0,31,33,66692,1,0,0,1,0
2020-05-29,US,Missouri,St. Louis,4832,415,0,38.63770039999999,-90.4458375,29189.0,486.016465417092,8.588576158940398,4417,4832,395,0,4437,4832,996945,0,20,0,-20,0
2020-05-29,US,Missouri,St. Louis City,1916,118,0,38.63555736,-90.24349225,29510.0,637.442776535718,6.15866388308977,1798,1906,118,0,1788,1884,302838,10,0,0,10,22
2020-05-29,US,Missouri,Ste. Genevieve,11,1,0,37.89090059,-90.1949941,29186.0,61.47311948139041,9.090909090909092,10,9,1,0,8,9,17888,2,0,0,2,0
2020-05-29,US,Missouri,Stoddard,78,0,0,36.85571651,-89.9444155,29207.0,268.73385012919897,0.0,78,76,0,0,76,74,29206,2,0,0,2,2
2020-05-29,US,Missouri,Stone,4,0,0,36.75000327,-93.45256475,29209.0,12.518778167250874,0.0,4,4,0,0,4,4,31749,0,0,0,0,0
2020-05-29,US,Missouri,Sullivan,55,0,0,40.2099105,-93.11150106,29211.0,903.2681885367057,0.0,55,54,0,0,54,53,6221,1,0,0,1,1
2020-05-29,US,Missouri,Taney,14,2,0,36.65465345,-93.04075153,29213.0,25.03218423687598,14.285714285714285,12,14,2,0,12,14,55852,0,0,0,0,0
2020-05-29,US,Missouri,Texas,1,0,0,37.31728859,-91.96564727,29215.0,3.937317899047169,0.0,1,,,,,,25571,,,,,
2020-05-29,US,Missouri,Vernon,9,0,0,37.8457799,-94.34127305,29217.0,43.76793269464572,0.0,9,9,0,0,9,9,20528,0,0,0,0,0
2020-05-29,US,Missouri,Warren,28,0,0,38.76529479,-91.16124662,29219.0,78.54357765996241,0.0,28,28,0,0,28,28,34711,0,0,0,0,0
2020-05-29,US,Missouri,Washington,11,1,0,37.96130078,-90.87948158,29221.0,44.48038819247877,9.090909090909092,10,10,1,0,9,10,24943,1,0,0,1,0
2020-05-29,US,Missouri,Webster,17,0,0,37.2813734,-92.876329,29225.0,42.93796726611437,0.0,17,17,0,0,17,17,39109,0,0,0,0,0
2020-05-29,US,Missouri,Worth,4,0,0,40.47945588,-94.42328751,29227.0,198.7083954297069,0.0,4,4,0,0,4,4,2040,0,0,0,0,0
2020-05-29,US,Missouri,Wright,11,0,0,37.27029221,-92.46914488,29229.0,60.14544261577997,0.0,11,11,0,0,11,11,18378,0,0,0,0,0
2020-05-29,US,Montana,Beaverhead,1,0,0,45.13434354,-112.89846940000001,30001.0,10.578652279699568,0.0,1,1,0,0,1,1,9404,0,0,0,0,0
2020-05-29,US,Montana,Big Horn,18,0,0,45.42335905,-107.492347,30003.0,135.14528117726556,0.0,18,12,0,0,12,9,13338,6,0,0,6,3
2020-05-29,US,Montana,Broadwater,4,0,0,46.33277565,-111.49558130000001,30007.0,64.1333974667308,0.0,4,4,0,0,4,4,6085,0,0,0,0,0
2020-05-29,US,Montana,Carbon,6,0,0,45.22850116,-109.0274047,30009.0,55.94405594405596,0.0,6,6,0,0,6,6,10714,0,0,0,0,0
2020-05-29,US,Montana,Cascade,17,2,0,47.30797024,-111.3467922,30013.0,20.893247793918835,11.764705882352944,15,17,2,0,15,17,81643,0,0,0,0,0
2020-05-29,US,Montana,Deer Lodge,3,0,0,46.05953325,-113.073353,30023.0,32.822757111597376,0.0,3,3,0,0,3,3,9131,0,0,0,0,0
2020-05-29,US,Montana,Flathead,37,2,0,48.29575866,-114.05205690000001,30029.0,35.64341174883918,5.405405405405406,35,37,2,0,35,37,102106,0,0,0,0,0
2020-05-29,US,Montana,Gallatin,150,1,0,45.54486106,-111.1692571,30031.0,131.07992379887094,0.6666666666666666,149,149,1,0,148,149,111876,1,0,0,1,0
2020-05-29,US,Montana,Glacier,6,0,0,48.70513576,-112.9934235,30035.0,43.62684505198866,0.0,6,6,0,0,6,6,13747,0,0,0,0,0
2020-05-29,US,Montana,Golden Valley,3,0,0,46.3816474,-109.17685220000001,30037.0,365.40803897685754,0.0,3,3,0,0,3,3,826,0,0,0,0,0
2020-05-29,US,Montana,Hill,1,0,0,48.62879827,-110.1129252,30041.0,6.066488716330987,0.0,1,1,0,0,1,1,16347,0,0,0,0,0
2020-05-29,US,Montana,Jefferson,3,0,0,46.14907081,-112.094396,30043.0,24.547909336388184,0.0,3,3,0,0,3,3,12097,0,0,0,0,0
2020-05-29,US,Montana,Lake,5,0,0,47.64514965,-114.0898013,30047.0,16.41604832884628,0.0,5,5,0,0,5,5,30250,0,0,0,0,0
2020-05-29,US,Montana,Lewis and Clark,16,0,0,47.12610041,-112.39469799999999,30049.0,23.044129508007835,0.0,16,16,0,0,16,16,68700,0,0,0,0,0
2020-05-29,US,Montana,Liberty,1,0,0,48.56084317,-111.02430700000001,30051.0,42.78990158322636,0.0,1,1,0,0,1,1,2430,0,0,0,0,0
2020-05-29,US,Montana,Lincoln,7,1,0,48.54265777,-115.4046155,30053.0,35.03503503503504,14.285714285714285,6,7,1,0,6,7,19794,0,0,0,0,0
2020-05-29,US,Montana,Madison,8,1,0,45.30080065,-111.9173017,30057.0,93.02325581395347,12.5,7,8,1,0,7,8,8768,0,0,0,0,0
2020-05-29,US,Montana,Meagher,1,0,0,46.59907074,-110.8898557,30059.0,53.705692803437174,0.0,1,1,0,0,1,1,1866,0,0,0,0,0
2020-05-29,US,Montana,Missoula,40,1,0,47.03728583,-113.92135079999998,30063.0,33.44481605351171,2.5,39,39,1,0,38,39,118791,1,0,0,1,0
2020-05-29,US,Montana,Musselshell,1,0,0,46.49684637,-108.39498,30065.0,21.58428663932657,0.0,1,1,0,0,1,1,4651,0,0,0,0,0
2020-05-29,US,Montana,Park,8,0,0,45.48965095,-110.52643940000002,30067.0,48.17535830422739,0.0,8,8,0,0,8,8,16736,0,0,0,0,0
2020-05-29,US,Montana,Pondera,2,0,0,48.22773388,-112.22527029999999,30073.0,33.83522246658772,0.0,2,2,0,0,2,2,5972,0,0,0,0,0
2020-05-29,US,Montana,Ravalli,13,0,0,46.08520862,-114.11891640000002,30081.0,29.67630005022143,0.0,13,13,0,0,13,13,43172,0,0,0,0,0
2020-05-29,US,Montana,Richland,3,0,0,47.78668011,-104.5610786,30083.0,27.770063871146906,0.0,3,3,0,0,3,3,10913,0,0,0,0,0
2020-05-29,US,Montana,Roosevelt,7,0,0,48.29607488,-105.00792679999999,30085.0,63.613231552162844,0.0,7,7,0,0,7,7,11059,0,0,0,0,0
2020-05-29,US,Montana,Silver Bow,11,0,0,45.90018933,-112.6620092,30093.0,31.505083774881854,0.0,11,11,0,0,11,11,34993,0,0,0,0,0
2020-05-29,US,Montana,Stillwater,1,0,0,45.67071407,-109.3950061,30095.0,10.371292263015972,0.0,1,1,0,0,1,1,9534,0,0,0,0,0
2020-05-29,US,Montana,Toole,29,6,0,48.65577551,-111.69424140000001,30101.0,612.331081081081,20.689655172413797,23,29,6,0,23,29,4853,0,0,0,0,0
2020-05-29,US,Montana,Wheatland,1,0,0,46.46652491,-109.84646359999999,30107.0,47.036688617121364,0.0,1,1,0,0,1,1,2236,0,0,0,0,0
2020-05-29,US,Montana,Yellowstone,90,3,0,45.93955949,-108.26914860000001,30111.0,55.79665220086794,3.333333333333333,87,90,3,0,87,89,160137,0,0,0,0,1
2020-05-29,US,Nebraska,Adams,268,11,0,40.52449420000001,-98.50117804,31001.0,854.5100915091031,4.104477611940299,257,265,11,0,254,264,31511,3,0,0,3,1
2020-05-29,US,Nebraska,Antelope,8,0,0,42.17695516,-98.06662829999999,31003.0,127.02445220704986,0.0,8,8,0,0,8,8,6336,0,0,0,0,0
2020-05-29,US,Nebraska,Boone,5,0,0,41.70759415,-98.06737183,31011.0,96.30200308166408,0.0,5,4,0,0,4,3,5239,1,0,0,1,1
2020-05-29,US,Nebraska,Box Butte,2,0,0,42.22079243,-103.08788340000001,31013.0,18.547713994250213,0.0,2,2,0,0,2,2,10772,0,0,0,0,0
2020-05-29,US,Nebraska,Buffalo,153,1,0,40.85486962,-99.07500296,31019.0,308.10125052860514,0.6535947712418301,152,150,1,0,149,148,49615,3,0,0,3,2
2020-05-29,US,Nebraska,Burt,9,0,0,41.85056773,-96.32605633,31021.0,139.34045517882026,0.0,9,9,0,0,9,9,6488,0,0,0,0,0
2020-05-29,US,Nebraska,Butler,47,0,0,41.22703692,-97.13106306,31023.0,586.3273453093813,0.0,47,47,0,0,47,45,8058,0,0,0,0,2
2020-05-29,US,Nebraska,Cass,46,0,0,40.90899107,-96.13971217,31025.0,175.25144772935082,0.0,46,42,0,0,42,40,26159,4,0,0,4,2
2020-05-29,US,Nebraska,Cedar,7,0,0,42.598885100000004,-97.25311951,31027.0,83.3134967864794,0.0,7,7,0,0,7,7,8446,0,0,0,0,0
2020-05-29,US,Nebraska,Chase,1,0,0,40.523719799999995,-101.69780259999999,31029.0,25.4841997961264,0.0,1,1,0,0,1,1,3977,0,0,0,0,0
2020-05-29,US,Nebraska,Cherry,1,0,0,42.54502621,-101.1244332,31031.0,17.577781683951486,0.0,1,1,0,0,1,1,5761,0,0,0,0,0
2020-05-29,US,Nebraska,Cheyenne,9,0,0,41.21999357,-102.9941693,31033.0,101.010101010101,0.0,9,9,0,0,9,9,9310,0,0,0,0,0
2020-05-29,US,Nebraska,Clay,24,0,0,40.52439441,-98.05126296,31035.0,386.90955989037565,0.0,24,24,0,0,24,24,6214,0,0,0,0,0
2020-05-29,US,Nebraska,Colfax,612,2,0,41.57486951,-97.0868542,31037.0,5714.819310860024,0.32679738562091504,610,609,2,0,607,604,10881,3,0,0,3,5
2020-05-29,US,Nebraska,Cuming,31,0,0,41.91637624,-96.78730772,31039.0,350.44087723264755,0.0,31,31,0,0,31,31,8940,0,0,0,0,0
2020-05-29,US,Nebraska,Custer,31,4,0,41.39374521,-99.72805369,31041.0,287.64962419968447,12.903225806451614,27,31,4,0,27,31,10840,0,0,0,0,0
2020-05-29,US,Nebraska,Dakota,1650,15,0,42.39040144,-96.56656425,31043.0,8239.288924398283,0.9090909090909092,1635,1650,15,0,1635,1639,20083,0,0,0,0,11
2020-05-29,US,Nebraska,Dawes,1,0,0,42.71985036,-103.1313774,31045.0,11.6427989288625,0.0,1,1,0,0,1,1,8716,0,0,0,0,0
2020-05-29,US,Nebraska,Dawson,833,7,0,40.87028216,-99.82014609999999,31047.0,3530.40898495444,0.8403361344537815,826,833,7,0,826,827,23709,0,0,0,0,6
2020-05-29,US,Nebraska,Dixon,26,0,0,42.49188363,-96.86782408,31051.0,461.32008516678496,0.0,26,26,0,0,26,25,5709,0,0,0,0,1
2020-05-29,US,Nebraska,Dodge,439,1,0,41.58071748,-96.65598179,31053.0,1200.601668261999,0.2277904328018223,438,413,1,0,412,407,36791,26,0,0,26,6
2020-05-29,US,Nebraska,Douglas,3955,23,0,41.29518299,-96.15085305,31055.0,692.2480470903702,0.5815423514538559,3932,3736,23,0,3713,3583,566880,219,0,0,219,153
2020-05-29,US,Nebraska,Fillmore,5,0,0,40.52458567,-97.59646937,31059.0,91.54155986818016,0.0,5,5,0,0,5,5,5527,0,0,0,0,0
2020-05-29,US,Nebraska,Franklin,6,0,0,40.17636348,-98.95299073,31061.0,201.40986908358508,0.0,6,6,0,0,6,6,3023,0,0,0,0,0
2020-05-29,US,Nebraska,Frontier,1,0,0,40.52993007,-100.3924658,31063.0,38.06623524933384,0.0,1,1,0,0,1,1,2608,0,0,0,0,0
2020-05-29,US,Nebraska,Furnas,8,0,0,40.17642064,-99.91247454,31065.0,171.0863986313088,0.0,8,8,0,0,8,8,4715,0,0,0,0,0
2020-05-29,US,Nebraska,Gage,45,4,0,40.26186809,-96.68946704,31067.0,209.17584716218101,8.888888888888891,41,44,3,0,41,44,21493,1,1,0,0,0
2020-05-29,US,Nebraska,Garfield,1,0,0,41.91428955,-98.99111827,31071.0,50.787201625190455,0.0,1,,,,,,1987,,,,,
2020-05-29,US,Nebraska,Gosper,13,0,0,40.51481965,-99.83020279,31073.0,653.2663316582915,0.0,13,13,0,0,13,13,1996,0,0,0,0,0
2020-05-29,US,Nebraska,Greeley,2,0,0,41.56742671,-98.52150266,31077.0,84.88964346349746,0.0,2,2,0,0,2,2,2356,0,0,0,0,0
2020-05-29,US,Nebraska,Hall,1484,39,0,40.87257079,-98.50218293,31079.0,2418.789627239092,2.628032345013477,1445,1476,39,0,1437,1472,61607,8,0,0,8,4
2020-05-29,US,Nebraska,Hamilton,54,10,0,40.87349452,-98.02099117,31081.0,579.1505791505791,18.51851851851852,44,54,10,0,44,54,9280,0,0,0,0,0
2020-05-29,US,Nebraska,Hitchcock,1,0,0,40.17609175,-101.04164770000001,31087.0,36.205648081100655,0.0,1,1,0,0,1,1,2806,0,0,0,0,0
2020-05-29,US,Nebraska,Holt,1,0,0,42.45522056,-98.78402558,31089.0,9.933445912387008,0.0,1,1,0,0,1,1,10178,0,0,0,0,0
2020-05-29,US,Nebraska,Howard,42,0,0,41.2200529,-98.5166499,31093.0,651.6679596586501,0.0,42,40,0,0,40,40,6468,2,0,0,2,0
2020-05-29,US,Nebraska,Jefferson,6,0,0,40.17584531,-97.142601,31095.0,85.15469770082315,0.0,6,6,0,0,6,6,7097,0,0,0,0,0
2020-05-29,US,Nebraska,Johnson,7,0,0,40.39257596,-96.26522753,31097.0,138.03983435219877,0.0,7,7,0,0,7,7,5134,0,0,0,0,0
2020-05-29,US,Nebraska,Kearney,11,0,0,40.50663314,-98.94877182,31099.0,169.36104695919937,0.0,11,12,0,0,12,12,6544,-1,0,0,-1,0
2020-05-29,US,Nebraska,Keith,2,0,0,41.19930341,-101.66201640000001,31101.0,24.894199651481205,0.0,2,2,0,0,2,2,8021,0,0,0,0,0
2020-05-29,US,Nebraska,Kimball,8,0,0,41.19774275,-103.7148131,31105.0,220.26431718061676,0.0,8,8,0,0,8,8,3618,0,0,0,0,0
2020-05-29,US,Nebraska,Knox,10,0,0,42.63758421,-97.89178836,31107.0,120.01920307249159,0.0,10,10,0,0,10,10,8419,0,0,0,0,0
2020-05-29,US,Nebraska,Lancaster,1176,6,0,40.78416049,-96.68777155,31109.0,368.5480585414773,0.5102040816326531,1170,1140,6,0,1134,1119,317272,36,0,0,36,21
2020-05-29,US,Nebraska,Lincoln,47,2,0,41.04658298,-100.74753740000001,31111.0,134.6164862232915,4.25531914893617,45,47,2,0,45,47,35185,0,0,0,0,0
2020-05-29,US,Nebraska,Madison,312,3,0,41.91676024,-97.6005481,31119.0,888.9142140801732,0.9615384615384616,309,306,3,0,303,305,35392,6,0,0,6,1
2020-05-29,US,Nebraska,Merrick,33,0,0,41.16624273,-98.0374887,31121.0,425.531914893617,0.0,33,33,0,0,33,33,7733,0,0,0,0,0
2020-05-29,US,Nebraska,Morrill,11,0,0,41.71711774,-103.0061405,31123.0,236.96682464454975,0.0,11,11,0,0,11,11,4686,0,0,0,0,0
2020-05-29,US,Nebraska,Nance,4,0,0,41.39750195,-97.99327291,31125.0,113.66865586814436,0.0,4,5,0,0,5,5,3532,-1,0,0,-1,0
2020-05-29,US,Nebraska,Nemaha,3,0,0,40.38514847,-95.85433992,31127.0,43.029259896729776,0.0,3,3,0,0,3,3,6958,0,0,0,0,0
2020-05-29,US,Nebraska,Nuckolls,1,0,0,40.17637905,-98.04743961,31129.0,24.10800385728061,0.0,1,1,0,0,1,1,4195,0,0,0,0,0
2020-05-29,US,Nebraska,Otoe,7,0,0,40.64843556,-96.13374142,31131.0,43.717212090931795,0.0,7,6,0,0,6,6,15985,1,0,0,1,0
2020-05-29,US,Nebraska,Phelps,20,0,0,40.51156033,-99.41461667,31137.0,221.38587558113792,0.0,20,20,0,0,20,20,8996,0,0,0,0,0
2020-05-29,US,Nebraska,Pierce,5,0,0,42.26434853,-97.60122773,31139.0,69.94963626189144,0.0,5,5,0,0,5,3,7142,0,0,0,0,2
2020-05-29,US,Nebraska,Platte,560,1,0,41.57246836,-97.52144359,31141.0,1673.1401254855093,0.17857142857142858,559,549,1,0,548,547,33363,11,0,0,11,2
2020-05-29,US,Nebraska,Polk,11,0,0,41.18813488,-97.56630712,31143.0,211.01093420295413,0.0,11,10,0,0,10,10,5278,1,0,0,1,0
2020-05-29,US,Nebraska,Red Willow,5,0,0,40.17556879999999,-100.476998,31145.0,46.624393882879524,0.0,5,5,0,0,5,5,10726,0,0,0,0,0
2020-05-29,US,Nebraska,Richardson,1,0,0,40.1247415,-95.71755036,31147.0,12.714558169103626,0.0,1,1,0,0,1,1,7937,0,0,0,0,0
2020-05-29,US,Nebraska,Saline,498,1,0,40.52418865,-97.14085859,31151.0,3501.124859392576,0.2008032128514056,497,495,1,0,494,491,14350,3,0,0,3,4
2020-05-29,US,Nebraska,Sarpy,578,2,0,41.11314181,-96.11156432,31153.0,308.76728135216564,0.3460207612456747,576,531,2,0,529,503,184459,47,0,0,47,28
2020-05-29,US,Nebraska,Saunders,34,1,0,41.227810299999994,-96.63773905,31155.0,157.5678932245806,2.9411764705882355,33,33,1,0,32,31,21303,1,0,0,1,2
2020-05-29,US,Nebraska,Scotts Bluff,88,0,0,41.85070896,-103.70809859999999,31157.0,247.06609017912294,0.0,88,84,0,0,84,75,35989,4,0,0,4,9
2020-05-29,US,Nebraska,Seward,27,1,0,40.87241834,-97.139673,31159.0,156.2138393890303,3.703703703703704,26,27,1,0,26,27,17318,0,0,0,0,0
2020-05-29,US,Nebraska,Sherman,4,0,0,41.22045983,-98.97588642,31163.0,133.2889036987671,0.0,4,4,0,0,4,4,3038,0,0,0,0,0
2020-05-29,US,Nebraska,Stanton,20,0,0,41.9169835,-97.19394708,31167.0,337.8378378378378,0.0,20,21,0,0,21,21,5970,-1,0,0,-1,0
2020-05-29,US,Nebraska,Thayer,1,0,0,40.17626377,-97.59504381,31169.0,19.98800719568259,0.0,1,,,,,,5039,,,,,
2020-05-29,US,Nebraska,Thomas,1,0,0,41.91358968,-100.5556632,31171.0,138.50415512465375,0.0,1,1,0,0,1,1,720,0,0,0,0,0
2020-05-29,US,Nebraska,Thurston,41,0,0,42.15725356,-96.54157099,31173.0,567.5526024363234,0.0,41,38,0,0,38,37,7303,3,0,0,3,1
2020-05-29,US,Nebraska,Unassigned,207,29,0,0.0,0.0,90031.0,0.0,14.009661835748794,178,192,29,0,163,192,,15,0,0,15,0
2020-05-29,US,Nebraska,Valley,4,0,0,41.56730777,-98.98197724,31175.0,96.20009620009621,0.0,4,3,0,0,3,3,4190,1,0,0,1,0
2020-05-29,US,Nebraska,Washington,29,1,0,41.52815707,-96.22019892,31177.0,139.90062231656134,3.4482758620689653,28,28,1,0,27,28,20667,1,0,0,1,0
2020-05-29,US,Nebraska,Wayne,14,0,0,42.20934475,-97.11926964,31179.0,149.17421417155037,0.0,14,14,0,0,14,13,9403,0,0,0,0,1
2020-05-29,US,Nebraska,Webster,5,0,0,40.17642643,-98.50019851,31181.0,143.38973329509608,0.0,5,5,0,0,5,5,3533,0,0,0,0,0
2020-05-29,US,Nebraska,York,36,0,0,40.87272618,-97.59710186,31185.0,263.1771328313473,0.0,36,35,0,0,35,35,13772,1,0,0,1,0
2020-05-29,US,Nevada,Carson City,95,4,0,39.15509045,-119.7480219,32510.0,169.89770369840474,4.2105263157894735,91,94,4,0,90,91,55414,1,0,0,1,3
2020-05-29,US,Nevada,Churchill,7,1,0,39.58105744,-118.3394607,32001.0,28.102292344132643,14.285714285714285,6,7,1,0,6,7,24440,0,0,0,0,0
2020-05-29,US,Nevada,Clark,6457,339,0,36.21458855,-115.0130241,32003.0,284.86157280469763,5.250116153012235,6118,6352,339,0,6013,6287,2231647,105,0,0,105,65
2020-05-29,US,Nevada,Douglas,30,0,0,38.912862,-119.61713329999999,32005.0,61.343420918106524,0.0,30,30,0,0,30,30,48467,0,0,0,0,0
2020-05-29,US,Nevada,Elko,24,1,0,41.14531606,-115.3577619,32007.0,45.47349274318846,4.166666666666667,23,24,1,0,23,24,52460,0,0,0,0,0
2020-05-29,US,Nevada,Humboldt,78,4,0,41.40692186,-118.11094270000001,32013.0,463.43057453508413,5.128205128205129,74,78,4,0,74,78,16786,0,0,0,0,0
2020-05-29,US,Nevada,Lander,20,0,0,39.933223299999995,-117.03970749999999,32015.0,361.53289949385396,0.0,20,20,0,0,20,20,5575,0,0,0,0,0
2020-05-29,US,Nevada,Lincoln,2,0,0,37.64268459,-114.8790388,32017.0,38.58769052672198,0.0,2,2,0,0,2,2,5201,0,0,0,0,0
2020-05-29,US,Nevada,Lyon,61,1,0,39.01777974,-119.18704790000001,32019.0,106.06850982437835,1.639344262295082,60,57,1,0,56,56,55808,4,0,0,4,1
2020-05-29,US,Nevada,Mineral,4,0,0,38.53841696,-118.4344506,32021.0,88.79023307436182,0.0,4,4,0,0,4,4,4514,0,0,0,0,0
2020-05-29,US,Nevada,Nye,62,1,0,38.04264256,-116.47227020000001,32023.0,133.26741611675942,1.6129032258064515,61,61,1,0,60,61,45346,1,0,0,1,0
2020-05-29,US,Nevada,Storey,1,0,0,39.44875482,-119.5250207,32029.0,24.254183846713556,0.0,1,1,0,0,1,1,4029,0,0,0,0,0
2020-05-29,US,Nevada,Washoe,1531,55,0,40.66562265,-119.6631594,32031.0,324.6952932967707,3.5924232527759634,1476,1514,55,0,1459,1485,465735,17,0,0,17,29
2020-05-29,US,Nevada,White Pine,4,0,0,39.44157041,-114.89996599999999,32033.0,41.7536534446764,0.0,4,4,0,0,4,4,9475,0,0,0,0,0
2020-05-29,US,New Hampshire,Belknap,58,0,0,43.51637314,-71.41684235,33001.0,94.61200920020228,0.0,58,57,0,0,57,57,61022,1,0,0,1,0
2020-05-29,US,New Hampshire,Carroll,46,0,0,43.87498583,-71.20430216,33003.0,94.05029646289104,0.0,46,46,0,0,46,46,48779,0,0,0,0,0
2020-05-29,US,New Hampshire,Cheshire,57,2,0,42.92015988,-72.25311043,33005.0,74.91621213116909,3.5087719298245608,55,55,2,0,53,54,76493,2,0,0,2,1
2020-05-29,US,New Hampshire,Coos,5,0,0,44.69063265,-71.30633239,33007.0,15.841333206602668,0.0,5,5,0,0,5,5,31589,0,0,0,0,0
2020-05-29,US,New Hampshire,Grafton,74,1,0,43.93779815,-71.82057197,33009.0,82.32650245866986,1.351351351351351,73,74,1,0,73,72,89786,0,0,0,0,2
2020-05-29,US,New Hampshire,Hillsborough,2342,134,0,42.91537785,-71.7200253,33011.0,561.5970265571608,5.721605465414176,2208,2254,81,0,2173,2183,415247,88,53,0,35,71
2020-05-29,US,New Hampshire,Merrimack,334,14,0,43.29662971,-71.6811573,33013.0,220.6207766643988,4.1916167664670665,320,331,13,0,318,327,151132,3,1,0,2,4
2020-05-29,US,New Hampshire,Rockingham,1284,73,0,42.98499744,-71.12883377,33015.0,414.5024195448866,5.685358255451713,1211,1277,62,0,1215,1254,309176,7,11,0,-4,23
2020-05-29,US,New Hampshire,Strafford,267,13,0,43.291833000000004,-71.02336013,33017.0,204.38939624750253,4.868913857677903,254,263,12,0,251,261,130090,4,1,0,3,2
2020-05-29,US,New Hampshire,Sullivan,19,1,0,43.36094111,-72.22203125,33019.0,44.03652714040699,5.2631578947368425,18,17,1,0,16,17,43144,2,0,0,2,0
2020-05-29,US,New Hampshire,Unassigned,6,0,0,0.0,0.0,90033.0,0.0,0.0,6,10,60,0,-50,10,,-4,-60,0,56,0
2020-05-29,US,New Jersey,Atlantic,2154,158,0,39.47538693,-74.65848483,34001.0,816.9302537262488,7.3351903435468895,1996,2120,156,0,1964,2087,265429,34,2,0,32,33
2020-05-29,US,New Jersey,Bergen,18223,1567,0,40.96010917,-74.07164325,34003.0,1954.833823570428,8.59902321242386,16656,18158,1553,0,16605,18023,936692,65,14,0,51,135
2020-05-29,US,New Jersey,Burlington,4519,286,0,39.87681124,-74.66927768,34005.0,1014.7098118554213,6.3288338127904415,4233,4476,277,0,4199,4432,445384,43,9,0,34,44
2020-05-29,US,New Jersey,Camden,6350,327,0,39.80343818,-74.96388753,34007.0,1253.773661275769,5.149606299212597,6023,6292,318,0,5974,6227,507078,58,9,0,49,65
2020-05-29,US,New Jersey,Cape May,611,48,0,39.15008829,-74.80170244,34009.0,663.8490205239084,7.855973813420622,563,602,48,0,554,592,92560,9,0,0,9,10
2020-05-29,US,New Jersey,Cumberland,2209,69,0,39.37199394,-75.10712559,34011.0,1477.3251653547518,3.123585332729742,2140,2146,65,0,2081,2098,150972,63,4,0,59,48
2020-05-29,US,New Jersey,Essex,17561,1647,0,40.78681335,-74.24657979,34013.0,2197.9411120498144,9.378736973976423,15914,17516,1636,0,15880,17338,799767,45,11,0,34,178
2020-05-29,US,New Jersey,Gloucester,2198,147,0,39.71581067,-75.13995546,34015.0,753.6792439890822,6.6878980891719735,2051,2165,143,0,2022,2130,291408,33,4,0,29,35
2020-05-29,US,New Jersey,Hudson,18919,1168,0,40.73766234,-74.07515667,34017.0,2813.690248679712,6.17368782705217,17751,18660,1161,0,17499,18606,676061,259,7,0,252,54
2020-05-29,US,New Jersey,Hunterdon,981,58,0,40.56335249,-74.91284156,34019.0,788.7690860409581,5.9123343527013255,923,974,58,0,916,973,124714,7,0,0,7,1
2020-05-29,US,New Jersey,Mercer,6775,466,0,40.28047017,-74.70479631,34021.0,1843.888631848243,6.878228782287822,6309,6670,462,0,6208,6592,369811,105,4,0,101,78
2020-05-29,US,New Jersey,Middlesex,15734,972,0,40.43629879,-74.41426991,34023.0,1907.008200595834,6.177704334562094,14762,15633,968,0,14665,15547,829685,101,4,0,97,86
2020-05-29,US,New Jersey,Monmouth,8100,587,0,40.26549699,-74.22240686,34025.0,1308.9957094029526,7.246913580246915,7513,8012,578,0,7434,7961,621354,88,9,0,79,51
2020-05-29,US,New Jersey,Morris,6367,610,0,40.86095313,-74.54553709999998,34027.0,1294.5135154367738,9.580650227736767,5757,6354,605,0,5749,6289,494228,13,5,0,8,65
2020-05-29,US,New Jersey,Ocean,8627,721,0,39.8895449,-74.28089251,34029.0,1420.8166854967014,8.357482322939607,7906,8577,711,0,7866,8514,601651,50,10,0,40,63
2020-05-29,US,New Jersey,Passaic,16045,917,0,41.03238628,-74.29954144,34031.0,3197.3233750343743,5.715176067310688,15128,15959,903,0,15056,15873,503310,86,14,0,72,86
2020-05-29,US,New Jersey,Salem,602,34,0,39.58719656,-75.34696629999998,34033.0,964.9755550212393,5.647840531561463,568,592,34,0,558,579,62607,10,0,0,10,13
2020-05-29,US,New Jersey,Somerset,4552,411,0,40.56465737,-74.61683016,34035.0,1383.8642402427233,9.028998242530756,4141,4522,410,0,4112,4505,331164,30,1,0,29,17
2020-05-29,US,New Jersey,Sussex,1106,147,0,41.13891592,-74.69118243,34037.0,787.2558510335402,13.291139240506327,959,1104,147,0,957,1095,140799,2,0,0,2,9
2020-05-29,US,New Jersey,Unassigned,448,0,0,0.0,0.0,90034.0,0.0,0.0,448,32,0,0,32,698,,416,0,0,416,-666
2020-05-29,US,New Jersey,Union,15610,1060,0,40.65835409,-74.30680092,34039.0,2805.833113144636,6.790518898142216,14550,15475,1047,0,14428,15324,558067,135,13,0,122,151
2020-05-29,US,New Jersey,Warren,1153,131,0,40.85951833,-74.99556527,34041.0,1095.3100211842268,11.361665221162186,1022,1146,129,0,1017,1145,105779,7,2,0,5,1
2020-05-29,US,New Mexico,Bernalillo,1445,71,0,35.05163625,-106.6703554,35001.0,212.7750430335684,4.913494809688581,1374,1434,70,0,1364,1383,678701,11,1,0,10,51
2020-05-29,US,New Mexico,Catron,2,1,0,33.91514144,-108.4046587,35003.0,56.70541536716757,50.0,1,2,1,0,1,2,3578,0,0,0,0,0
2020-05-29,US,New Mexico,Chaves,44,2,0,33.36406072,-104.4665365,35005.0,68.09564342644896,4.545454545454546,42,42,2,0,40,42,64689,2,0,0,2,0
2020-05-29,US,New Mexico,Cibola,137,5,0,34.91131525,-107.998876,35006.0,513.5895032802248,3.6496350364963503,132,136,5,0,131,134,26746,1,0,0,1,2
2020-05-29,US,New Mexico,Colfax,5,0,0,36.60569702,-104.64726740000002,35007.0,41.87253998827568,0.0,5,5,0,0,5,5,12110,0,0,0,0,0
2020-05-29,US,New Mexico,Curry,52,0,0,34.57421077,-103.34688759999999,35009.0,106.22216774931569,0.0,52,51,0,0,51,50,49437,1,0,0,1,1
2020-05-29,US,New Mexico,Dona Ana,449,3,0,32.35275771,-106.83293870000001,35013.0,205.77923417126885,0.6681514476614699,446,442,2,0,440,439,217522,7,1,0,6,3
2020-05-29,US,New Mexico,Eddy,20,1,0,32.47167456,-104.3053527,35015.0,34.21142661648991,5.0,19,21,1,0,20,19,57900,-1,0,0,-1,2
2020-05-29,US,New Mexico,Grant,15,0,0,32.73911281,-108.3827845,35017.0,55.55967108674717,0.0,15,15,0,0,15,15,27346,0,0,0,0,0
2020-05-29,US,New Mexico,Guadalupe,20,0,0,34.86319296,-104.790669,35019.0,465.11627906976736,0.0,20,20,0,0,20,20,4341,0,0,0,0,0
2020-05-29,US,New Mexico,Harding,1,0,0,35.85751555,-103.82209379999999,35021.0,160.0,0.0,1,1,0,0,1,1,655,0,0,0,0,0
2020-05-29,US,New Mexico,Hidalgo,1,0,0,31.91383467,-108.7151824,35023.0,23.820867079561697,0.0,1,1,0,0,1,1,4240,0,0,0,0,0
2020-05-29,US,New Mexico,Lea,26,0,0,32.79215361,-103.4123733,35025.0,36.58364992261151,0.0,26,24,0,0,24,24,69611,2,0,0,2,0
2020-05-29,US,New Mexico,Lincoln,2,0,0,33.74526079,-105.4586166,35027.0,10.218679746576742,0.0,2,2,0,0,2,2,19556,0,0,0,0,0
2020-05-29,US,New Mexico,Los Alamos,6,0,0,35.86631386,-106.31349850000001,35028.0,30.977334916619338,0.0,6,6,0,0,6,6,19101,0,0,0,0,0
2020-05-29,US,New Mexico,Luna,8,1,0,32.18179341,-107.75088259999998,35029.0,33.74246066894428,12.5,7,7,1,0,6,7,23963,1,0,0,1,0
2020-05-29,US,New Mexico,McKinley,2348,104,0,35.58007720000001,-108.262245,35031.0,3290.036011041517,4.429301533219762,2244,2291,100,0,2191,2270,72290,57,4,0,53,21
2020-05-29,US,New Mexico,Otero,22,2,0,32.61348406,-105.7417604,35035.0,32.597421840272624,9.090909090909092,20,18,2,0,16,17,66781,4,0,0,4,1
2020-05-29,US,New Mexico,Quay,5,1,0,35.10403332,-103.54817270000001,35037.0,60.5840300496789,20.0,4,5,1,0,4,5,8253,0,0,0,0,0
2020-05-29,US,New Mexico,Rio Arriba,43,1,0,36.51072137,-106.69316740000001,35039.0,110.48020348911898,2.3255813953488373,42,41,1,0,40,38,39006,2,0,0,2,3
2020-05-29,US,New Mexico,Roosevelt,37,0,0,34.02097406,-103.4799493,35041.0,200.0,0.0,37,37,0,0,37,37,18743,0,0,0,0,0
2020-05-29,US,New Mexico,San Juan,1692,115,0,36.50838318,-108.32043700000001,35045.0,1364.9784604462802,6.796690307328606,1577,1662,114,0,1548,1642,125043,30,1,0,29,20
2020-05-29,US,New Mexico,San Miguel,15,0,0,35.48014807,-104.8163562,35047.0,54.99138468306632,0.0,15,14,0,0,14,14,27591,1,0,0,1,0
2020-05-29,US,New Mexico,Sandoval,559,27,0,35.68862401,-106.86878030000001,35043.0,380.9251233406929,4.83005366726297,532,556,26,0,530,551,145179,3,1,0,2,5
2020-05-29,US,New Mexico,Santa Fe,137,3,0,35.50708973,-105.9774716,35049.0,91.11587012330573,2.18978102189781,134,138,3,0,135,137,150056,-1,0,0,-1,1
2020-05-29,US,New Mexico,Sierra,1,0,0,33.13028233,-107.1925893,35051.0,9.266981744045964,0.0,1,1,0,0,1,1,10968,0,0,0,0,0
2020-05-29,US,New Mexico,Socorro,50,4,0,34.00715494,-106.9298354,35053.0,300.5349522149426,8.0,46,50,4,0,46,49,16735,0,0,0,0,1
2020-05-29,US,New Mexico,Taos,25,0,0,36.58006022,-105.63101979999999,35055.0,76.39886318491581,0.0,25,24,0,0,24,24,32835,1,0,0,1,0
2020-05-29,US,New Mexico,Torrance,33,1,0,34.64048375,-105.8508949,35057.0,213.44026906409675,3.0303030303030303,32,33,1,0,32,33,15591,0,0,0,0,0
2020-05-29,US,New Mexico,Unassigned,215,0,0,0.0,0.0,90035.0,0.0,0.0,215,209,0,0,209,208,,6,0,0,6,1
2020-05-29,US,New Mexico,Union,4,0,0,36.48126404,-103.4709624,35059.0,98.54644000985463,0.0,4,3,0,0,3,3,4118,1,0,0,1,0
2020-05-29,US,New Mexico,Valencia,74,2,0,34.71669834,-106.8103733,35061.0,96.49488837888588,2.702702702702702,72,73,1,0,72,73,76456,1,1,0,0,0
2020-05-29,US,New York,Albany,1834,76,0,42.60060306,-73.97723916,36001.0,600.3155420842799,4.143947655398037,1758,1814,76,0,1738,1796,307117,20,0,0,20,18
2020-05-29,US,New York,Allegany,45,0,0,42.25748406,-78.02750466,36003.0,97.63294352476622,0.0,45,45,0,0,45,45,46430,0,0,0,0,0
2020-05-29,US,New York,Broome,557,44,0,42.15903158,-75.81326086,36007.0,292.406870774012,7.899461400359066,513,545,44,0,501,528,191659,12,0,0,12,17
2020-05-29,US,New York,Cattaraugus,86,0,0,42.24778241,-78.67923096,36009.0,112.98395890536936,0.0,86,85,0,0,85,82,76840,1,0,0,1,3
2020-05-29,US,New York,Cayuga,89,1,0,42.91261714,-76.55731592,36011.0,116.22440451316342,1.1235955056179776,88,84,1,0,83,80,77145,5,0,0,5,4
2020-05-29,US,New York,Chautauqua,82,4,0,42.22769210000001,-79.36691763,36013.0,64.61628172698832,4.878048780487805,78,81,4,0,77,78,127939,1,0,0,1,3
2020-05-29,US,New York,Chemung,137,1,0,42.13891056,-76.7638805,36015.0,164.15835889570553,0.7299270072992701,136,136,1,0,135,136,84254,1,0,0,1,0
2020-05-29,US,New York,Chenango,130,0,0,42.49430041,-75.60887553,36017.0,275.3828881309975,0.0,130,126,0,0,126,125,47536,4,0,0,4,1
2020-05-29,US,New York,Clinton,95,4,0,44.74530905,-73.67875352,36019.0,118.03441635087285,4.2105263157894735,91,95,4,0,91,95,80695,0,0,0,0,0
2020-05-29,US,New York,Columbia,382,32,0,42.24819348,-73.63089095,36021.0,642.4379004725787,8.37696335078534,350,380,32,0,348,380,59916,2,0,0,2,0
2020-05-29,US,New York,Cortland,39,0,0,42.59509207,-76.07048931,36023.0,81.96549042685105,0.0,39,39,0,0,39,39,47823,0,0,0,0,0
2020-05-29,US,New York,Delaware,79,4,0,42.19837623,-74.96709306,36025.0,178.99626147048824,5.063291139240507,75,78,4,0,74,78,44527,1,0,0,1,0
2020-05-29,US,New York,Dutchess,3887,139,0,41.76486060000001,-73.74356679,36027.0,1321.129230706483,3.57602263956779,3748,3867,138,0,3729,3847,293718,20,1,0,19,20
2020-05-29,US,New York,Erie,5935,516,0,42.76249024,-78.73063652,36029.0,646.0201458144207,8.694187026116259,5419,5886,504,0,5382,5810,919719,49,12,0,37,76
2020-05-29,US,New York,Essex,36,0,0,44.11630765,-73.77297842,36031.0,97.60065067100449,0.0,36,36,0,0,36,36,37300,0,0,0,0,0
2020-05-29,US,New York,Franklin,21,0,0,44.59040891,-74.29926032,36033.0,41.981528127623854,0.0,21,20,0,0,20,20,50293,1,0,0,1,0
2020-05-29,US,New York,Fulton,206,18,0,43.11363907,-74.41798804,36035.0,385.8906393421127,8.737864077669903,188,200,18,0,182,198,53591,6,0,0,6,2
2020-05-29,US,New York,Genesee,199,4,0,43.0022601,-78.19135193,36037.0,347.4162011173184,2.010050251256281,195,197,4,0,193,195,57511,2,0,0,2,2
2020-05-29,US,New York,Greene,237,18,0,42.275797,-74.12384884,36039.0,502.2463338136814,7.594936708860758,219,236,18,0,218,231,47491,1,0,0,1,5
2020-05-29,US,New York,Hamilton,5,0,0,43.66146647,-74.49721957,36041.0,113.22463768115942,0.0,5,5,0,0,5,5,4434,0,0,0,0,0
2020-05-29,US,New York,Herkimer,107,3,0,43.42034246,-74.96145307,36043.0,174.49730099969014,2.803738317757009,104,106,3,0,103,105,61833,1,0,0,1,1
2020-05-29,US,New York,Jefferson,74,0,0,44.04200959,-75.94653457,36045.0,67.37440136933918,0.0,74,72,0,0,72,72,111755,2,0,0,2,0
2020-05-29,US,New York,Lewis,20,0,0,43.784415700000004,-75.44903992,36049.0,76.057195010648,0.0,20,20,0,0,20,20,26447,0,0,0,0,0
2020-05-29,US,New York,Livingston,118,7,0,42.72596275,-77.77966158,36051.0,187.5576183361414,5.932203389830509,111,118,7,0,111,118,63227,0,0,0,0,0
2020-05-29,US,New York,Madison,310,10,0,42.91653905,-75.67266639,36053.0,436.98284489928255,3.2258064516129035,300,310,10,0,300,310,70795,0,0,0,0,0
2020-05-29,US,New York,Monroe,2860,216,0,43.14638895,-77.69322942,36055.0,385.5642584628658,7.552447552447552,2644,2824,198,0,2626,2791,742474,36,18,0,18,33
2020-05-29,US,New York,Montgomery,84,4,0,42.90123494,-74.44011632,36057.0,170.65886511854697,4.761904761904762,80,82,4,0,78,82,49455,2,0,0,2,0
2020-05-29,US,New York,Nassau,40226,2118,0,40.74066522,-73.58941873,36059.0,2964.4991171207816,5.265251329985581,38108,40140,2114,0,38026,40034,1358343,86,4,0,82,106
2020-05-29,US,New York,New York City,201999,21477,0,40.76727260000001,-73.97152637,36061.0,2422.975099489409,10.632230852627984,180522,201051,21415,0,179636,199968,1628701,948,62,0,886,1083
2020-05-29,US,New York,Niagara,1008,63,0,43.19898042,-78.74777412,36063.0,481.64907468905443,6.25,945,984,63,0,921,972,210433,24,0,0,24,12
2020-05-29,US,New York,Oneida,988,46,0,43.24375382,-75.43710392,36065.0,432.06178308574334,4.65587044534413,942,959,46,0,913,929,229577,29,0,0,29,30
2020-05-29,US,New York,Onondaga,2092,131,0,43.00491923,-76.19971155,36067.0,454.26119584476953,6.261950286806884,1961,2054,127,0,1927,2033,461809,38,4,0,34,21
2020-05-29,US,New York,Ontario,205,9,0,42.85145728,-77.30874425,36069.0,186.74221376062383,4.390243902439025,196,201,9,0,192,198,109864,4,0,0,4,3
2020-05-29,US,New York,Orange,10361,444,0,41.40337468,-74.30240757,36071.0,2691.588299475243,4.285300646655728,9917,10325,443,0,9882,10292,381951,36,1,0,35,33
2020-05-29,US,New York,Orleans,216,33,0,43.2516977,-78.2320066,36073.0,535.289452815226,15.277777777777779,183,212,33,0,179,210,40612,4,0,0,4,2
2020-05-29,US,New York,Oswego,108,3,0,43.42778894,-76.14635194,36075.0,92.20996550664252,2.7777777777777777,105,107,3,0,104,105,117898,1,0,0,1,2
2020-05-29,US,New York,Otsego,71,5,0,42.63492579,-75.03151402,36077.0,119.34177130082529,7.042253521126762,66,70,5,0,65,69,59749,1,0,0,1,1
2020-05-29,US,New York,Putnam,1241,58,0,41.42630093,-73.74965532,36079.0,1262.2050447518307,4.6736502820306205,1183,1236,58,0,1178,1227,98892,5,0,0,5,9
2020-05-29,US,New York,Rensselaer,478,28,0,42.71348136,-73.51089874,36083.0,301.17065917310384,5.857740585774058,450,469,28,0,441,466,159442,9,0,0,9,3
2020-05-29,US,New York,Rockland,13100,631,0,41.15027894,-74.02560498,36087.0,4021.0074618848403,4.816793893129772,12469,13076,626,0,12450,13047,325695,24,5,0,19,29
2020-05-29,US,New York,Saratoga,473,11,0,43.10904162,-73.86653895,36091.0,205.7747440866951,2.3255813953488373,462,468,11,0,457,465,230163,5,0,0,5,3
2020-05-29,US,New York,Schenectady,680,29,0,42.81668777,-74.05278291,36093.0,437.86502166787943,4.264705882352942,651,676,29,0,647,673,155350,4,0,0,4,3
2020-05-29,US,New York,Schoharie,49,0,0,42.58831742,-74.44339029999998,36095.0,158.06961514887578,0.0,49,49,0,0,49,49,31097,0,0,0,0,0
2020-05-29,US,New York,Schuyler,11,0,0,42.39184015,-76.8773299,36097.0,61.773459875329934,0.0,11,11,0,0,11,11,17912,0,0,0,0,0
2020-05-29,US,New York,Seneca,57,0,0,42.78081007,-76.82497064,36099.0,167.5682031984948,0.0,57,56,0,0,56,55,34300,1,0,0,1,1
2020-05-29,US,New York,St. Lawrence,202,2,0,44.4976179,-75.06550039,36089.0,187.4883979951736,0.99009900990099,200,201,2,0,199,200,108047,1,0,0,1,1
2020-05-29,US,New York,Steuben,241,41,0,42.2689144,-77.3829924,36101.0,252.67616561297558,17.012448132780086,200,241,41,0,200,241,95796,0,0,0,0,0
2020-05-29,US,New York,Suffolk,39445,1879,0,40.88320119,-72.8012172,36103.0,2671.337754748913,4.7635948789453675,37566,39359,1871,0,37488,39258,1481093,86,8,0,78,101
2020-05-29,US,New York,Sullivan,1364,30,0,41.71579493,-74.76394559,36105.0,1808.2511400996923,2.1994134897360698,1334,1351,30,0,1321,1340,75498,13,0,0,13,11
2020-05-29,US,New York,Tioga,126,21,0,42.16852837,-76.30835812,36107.0,261.39451901333945,16.666666666666668,105,126,21,0,105,124,48560,0,0,0,0,2
2020-05-29,US,New York,Tompkins,157,0,0,42.44945765,-76.47229843,36109.0,153.65042082599334,0.0,157,156,0,0,156,155,102793,1,0,0,1,1
2020-05-29,US,New York,Ulster,1663,74,0,41.89027881,-74.26252104,36111.0,936.5162496550714,4.449789536981359,1589,1658,74,0,1584,1645,178599,5,0,0,5,13
2020-05-29,US,New York,Warren,254,26,0,43.56173026,-73.8433699,36113.0,397.22256974852996,10.236220472440944,228,253,26,0,227,252,64265,1,0,0,1,1
2020-05-29,US,New York,Washington,232,13,0,43.31153794,-73.43043448,36115.0,379.06019214430427,5.603448275862068,219,231,13,0,218,228,61197,1,0,0,1,3
2020-05-29,US,New York,Wayne,113,3,0,43.15494365,-77.02976528,36117.0,125.67005493894438,2.6548672566371683,110,112,3,0,109,110,90064,1,0,0,1,2
2020-05-29,US,New York,Westchester,33349,1359,0,41.16278376,-73.75741653,36119.0,3446.903688452578,4.075084710186212,31990,33293,1357,0,31936,33186,967612,56,2,0,54,107
2020-05-29,US,New York,Wyoming,82,5,0,42.70145109,-78.22199579,36121.0,205.72518126395542,6.097560975609755,77,82,5,0,77,82,40085,0,0,0,0,0
2020-05-29,US,New York,Yates,39,6,0,42.63505484,-77.10369919,36123.0,156.5447758198531,15.384615384615385,33,39,6,0,33,39,24841,0,0,0,0,0
2020-05-29,US,North Carolina,Alamance,342,24,0,36.0434701,-79.39976137,37001.0,201.75919862662158,7.0175438596491215,318,325,24,0,301,305,166436,17,0,0,17,20
2020-05-29,US,North Carolina,Alexander,30,0,0,35.922379600000006,-81.17751948,37003.0,80.00640051204097,0.0,30,30,0,0,30,28,37353,0,0,0,0,2
2020-05-29,US,North Carolina,Alleghany,14,0,0,36.49360862,-81.12857041,37005.0,125.70710245128849,0.0,14,14,0,0,14,14,11161,0,0,0,0,0
2020-05-29,US,North Carolina,Anson,64,1,0,34.97403241,-80.09953279,37007.0,261.801521721345,1.5625,63,64,1,0,63,62,24877,0,0,0,0,2
2020-05-29,US,North Carolina,Ashe,36,0,0,36.43296207,-81.49862729,37009.0,132.33834503547402,0.0,36,35,0,0,35,35,27109,1,0,0,1,0
2020-05-29,US,North Carolina,Avery,2,0,0,36.07569796,-81.92308483,37011.0,11.391467790624821,0.0,2,2,0,0,2,2,17505,0,0,0,0,0
2020-05-29,US,North Carolina,Beaufort,36,0,0,35.48531943,-76.84325809,37013.0,76.60552410946079,0.0,36,36,0,0,36,36,47079,0,0,0,0,0
2020-05-29,US,North Carolina,Bertie,119,4,0,36.0688473,-76.96545943,37015.0,628.0677679843775,3.361344537815126,115,118,4,0,114,115,19026,1,0,0,1,3
2020-05-29,US,North Carolina,Bladen,95,2,0,34.61296243,-78.56180059,37017.0,290.3245522889799,2.1052631578947367,93,94,2,0,92,94,33190,1,0,0,1,0
2020-05-29,US,North Carolina,Brunswick,83,2,0,34.070565,-78.22814204,37019.0,58.115109928581425,2.409638554216868,81,83,2,0,81,81,136744,0,0,0,0,2
2020-05-29,US,North Carolina,Buncombe,310,23,0,35.61113393,-82.53305,37021.0,118.68709105597055,7.419354838709677,287,303,23,0,280,279,259103,7,0,0,7,24
2020-05-29,US,North Carolina,Burke,380,15,0,35.74989637,-81.70755735,37023.0,419.9591092446262,3.947368421052632,365,350,15,0,335,337,90382,30,0,0,30,13
2020-05-29,US,North Carolina,Cabarrus,473,22,0,35.3877799,-80.55267168,37025.0,218.52318979177932,4.651162790697675,451,457,22,0,435,457,211342,16,0,0,16,0
2020-05-29,US,North Carolina,Caldwell,127,2,0,35.95204977,-81.54799522,37027.0,154.54257830562926,1.5748031496062993,125,120,2,0,118,114,82029,7,0,0,7,6
2020-05-29,US,North Carolina,Camden,3,0,0,36.33804939,-76.15568396,37029.0,27.606515137572465,0.0,3,3,0,0,3,3,10710,0,0,0,0,0
2020-05-29,US,North Carolina,Carteret,37,9,0,34.8932941,-76.54120135,37031.0,53.25810026916932,24.324324324324326,28,37,9,0,28,37,69524,0,0,0,0,0
2020-05-29,US,North Carolina,Caswell,58,1,0,36.39312665,-79.33353281,37033.0,256.5917536719165,1.7241379310344829,57,57,1,0,56,55,22698,1,0,0,1,2
2020-05-29,US,North Carolina,Catawba,208,6,0,35.66211129,-81.2132617,37035.0,130.36583913607558,2.8846153846153846,202,194,5,0,189,181,158652,14,1,0,13,13
2020-05-29,US,North Carolina,Chatham,610,26,0,35.70394416,-79.25541492,37037.0,819.1217940110112,4.262295081967213,584,595,26,0,569,588,73139,15,0,0,15,7
2020-05-29,US,North Carolina,Cherokee,30,1,0,35.1349263,-84.05970864,37039.0,104.85111142178108,3.333333333333333,29,30,1,0,29,30,28383,0,0,0,0,0
2020-05-29,US,North Carolina,Chowan,17,0,0,36.12908077,-76.60118385,37041.0,121.92498027684142,0.0,17,17,0,0,17,16,14029,0,0,0,0,1
2020-05-29,US,North Carolina,Clay,8,0,0,35.05704275,-83.74353633,37043.0,71.23141305315643,0.0,8,8,0,0,8,8,11139,0,0,0,0,0
2020-05-29,US,North Carolina,Cleveland,79,2,0,35.33553364,-81.55204486,37045.0,80.65586490653108,2.5316455696202533,77,78,2,0,76,73,97645,1,0,0,1,5
2020-05-29,US,North Carolina,Columbus,330,26,0,34.26744084,-78.65801424,37047.0,594.5088996180731,7.878787878787879,304,323,26,0,297,306,55655,7,0,0,7,17
2020-05-29,US,North Carolina,Craven,192,5,0,35.11833364,-77.08398081,37049.0,187.97912648449662,2.6041666666666665,187,192,5,0,187,192,102912,0,0,0,0,0
2020-05-29,US,North Carolina,Cumberland,662,23,0,35.04762133,-78.82623165,37051.0,197.31214363847167,3.474320241691843,639,622,18,0,604,600,332330,40,5,0,35,22
2020-05-29,US,North Carolina,Currituck,15,0,0,36.36123664,-75.95876401,37053.0,54.028743291431034,0.0,15,15,0,0,15,13,27072,0,0,0,0,2
2020-05-29,US,North Carolina,Dare,22,3,0,35.66520691,-75.71767334,37055.0,59.44499986489773,13.636363636363635,19,22,3,0,19,22,36501,0,0,0,0,0
2020-05-29,US,North Carolina,Davidson,385,12,0,35.79115496,-80.21256572,37057.0,229.70126902493303,3.116883116883117,373,368,12,0,356,361,166614,17,0,0,17,7
2020-05-29,US,North Carolina,Davie,87,2,0,35.93099927,-80.54496571,37059.0,203.05279372636886,2.2988505747126435,85,82,2,0,80,79,42733,5,0,0,5,3
2020-05-29,US,North Carolina,Duplin,750,16,0,34.93449805,-77.93140529,37061.0,1276.7913382475613,2.1333333333333333,734,744,16,0,728,707,58856,6,0,0,6,37
2020-05-29,US,North Carolina,Durham,1441,47,0,36.03638492,-78.87608331,37063.0,448.2282386900911,3.2616238723108952,1394,1411,46,0,1365,1379,316739,30,1,0,29,32
2020-05-29,US,North Carolina,Edgecombe,190,9,0,35.91230639,-77.59436892,37065.0,369.132732359341,4.7368421052631575,181,190,9,0,181,190,52005,0,0,0,0,0
2020-05-29,US,North Carolina,Forsyth,1207,11,0,36.12859861,-80.25459052,37067.0,315.724767522463,0.911350455675228,1196,1081,9,0,1072,1022,379099,126,2,0,124,59
2020-05-29,US,North Carolina,Franklin,157,22,0,36.081519,-78.28708884,37069.0,225.2995623161369,14.012738853503187,135,156,22,0,134,151,67560,1,0,0,1,5
2020-05-29,US,North Carolina,Gaston,261,7,0,35.29373559,-81.17477045,37071.0,116.24333605013159,2.681992337164751,254,255,8,0,247,255,222846,6,-1,0,7,0
2020-05-29,US,North Carolina,Gates,25,1,0,36.44667547,-76.69749701,37073.0,216.22556651098427,4.0,24,25,1,0,24,24,11573,0,0,0,0,1
2020-05-29,US,North Carolina,Graham,2,0,0,35.3506925,-83.83369267,37075.0,23.693875133278052,0.0,2,2,0,0,2,2,8484,0,0,0,0,0
2020-05-29,US,North Carolina,Granville,287,8,0,36.30337451,-78.65184241,37077.0,474.8275234518471,2.787456445993032,279,278,9,0,269,258,60115,9,-1,0,10,20
2020-05-29,US,North Carolina,Greene,70,2,0,35.48544173,-77.67578087,37079.0,332.24168209217333,2.8571428571428568,68,68,2,0,66,66,21012,2,0,0,2,2
2020-05-29,US,North Carolina,Guilford,1195,65,0,36.07959451,-79.78824948,37081.0,222.4605062791572,5.439330543933054,1130,1173,56,0,1117,1143,533670,22,9,0,13,30
2020-05-29,US,North Carolina,Halifax,167,1,0,36.25669272,-77.6556109,37083.0,333.9332133573285,0.5988023952095808,166,167,1,0,166,157,50574,0,0,0,0,10
2020-05-29,US,North Carolina,Harnett,285,27,0,35.36731853,-78.87243571,37085.0,209.5958110254751,9.473684210526317,258,281,24,0,257,278,134214,4,3,0,1,3
2020-05-29,US,North Carolina,Haywood,47,0,0,35.55269063,-82.98196486,37087.0,75.42083219667185,0.0,47,47,0,0,47,44,61971,0,0,0,0,3
2020-05-29,US,North Carolina,Henderson,334,46,0,35.33788927,-82.4766782,37089.0,284.45625420509805,13.772455089820358,288,327,48,0,279,325,116748,7,-2,0,9,2
2020-05-29,US,North Carolina,Hertford,89,1,0,36.3607755,-76.98104134,37091.0,375.8922160746717,1.1235955056179776,88,72,1,0,71,72,23659,17,0,0,17,0
2020-05-29,US,North Carolina,Hoke,232,1,0,35.01888303,-79.23651674,37093.0,420.03114023970744,0.4310344827586207,231,227,1,0,226,214,54764,5,0,0,5,13
2020-05-29,US,North Carolina,Hyde,1,0,0,35.42017674,-76.15180542,37095.0,20.2552157180474,0.0,1,1,0,0,1,1,5230,0,0,0,0,0
2020-05-29,US,North Carolina,Iredell,251,6,0,35.80950511,-80.8743128,37097.0,138.05924996974798,2.3904382470119523,245,239,6,0,233,236,178435,12,0,0,12,3
2020-05-29,US,North Carolina,Jackson,33,1,0,35.28814273,-83.14093385,37099.0,75.10583094360234,3.0303030303030303,32,33,1,0,32,27,43327,0,0,0,0,6
2020-05-29,US,North Carolina,Johnston,428,21,0,35.51745004,-78.36622717,37101.0,204.45306416864508,4.906542056074766,407,408,21,0,387,365,202675,20,0,0,20,43
2020-05-29,US,North Carolina,Jones,28,3,0,35.02254606,-77.35870791,37103.0,297.271472555473,10.714285714285714,25,28,3,0,25,28,9637,0,0,0,0,0
2020-05-29,US,North Carolina,Lee,428,4,0,35.47623147,-79.17569362,37105.0,692.7920490781657,0.9345794392523364,424,396,4,0,392,376,61452,32,0,0,32,20
2020-05-29,US,North Carolina,Lenoir,209,7,0,35.24032589999999,-77.64245615,37107.0,373.55448712220056,3.3492822966507183,202,200,7,0,193,197,55976,9,0,0,9,3
2020-05-29,US,North Carolina,Lincoln,67,0,0,35.48508185,-81.21740317,37109.0,77.8065520084542,0.0,67,63,0,0,63,61,83770,4,0,0,4,2
2020-05-29,US,North Carolina,Macon,47,1,0,35.14867843,-83.41696617,37113.0,131.07256400245413,2.127659574468085,46,19,1,0,18,18,35285,28,0,0,28,1
2020-05-29,US,North Carolina,Madison,4,0,0,35.85402722,-82.71346418,37115.0,18.38657779820731,0.0,4,4,0,0,4,4,21763,0,0,0,0,0
2020-05-29,US,North Carolina,Martin,65,4,0,35.84326734,-77.10860251,37117.0,289.6613190730838,6.153846153846153,61,62,4,0,58,61,22671,3,0,0,3,1
2020-05-29,US,North Carolina,McDowell,53,1,0,35.67736232,-82.0482425,37111.0,115.83180347932512,1.8867924528301887,52,53,1,0,52,52,45507,0,0,0,0,1
2020-05-29,US,North Carolina,Mecklenburg,3837,88,0,35.24469268,-80.8317671,37119.0,345.5648458692528,2.293458431065937,3749,3605,85,0,3520,3478,1093901,232,3,0,229,127
2020-05-29,US,North Carolina,Mitchell,12,0,0,36.01059309,-82.1582442,37121.0,80.19246190858058,0.0,12,9,0,0,9,9,15000,3,0,0,3,0
2020-05-29,US,North Carolina,Montgomery,113,4,0,35.33155144,-79.90416657,37123.0,415.8539726934825,3.5398230088495577,109,104,4,0,100,98,27271,9,0,0,9,6
2020-05-29,US,North Carolina,Moore,220,10,0,35.30885257,-79.48474178,37125.0,218.080888183981,4.545454545454546,210,220,10,0,210,213,98682,0,0,0,0,7
2020-05-29,US,North Carolina,Nash,193,4,0,35.96575634,-77.98422508,37127.0,204.67030053659678,2.0725388601036268,189,186,4,0,182,184,94016,7,0,0,7,2
2020-05-29,US,North Carolina,New Hanover,193,4,0,34.25758282,-77.87075626,37129.0,82.3122491715464,2.0725388601036268,189,171,4,0,167,168,232274,22,0,0,22,3
2020-05-29,US,North Carolina,Northampton,156,14,0,36.41736238,-77.39769443,37131.0,800.6980444490068,8.974358974358974,142,149,12,0,137,149,19676,7,2,0,5,0
2020-05-29,US,North Carolina,Onslow,100,2,0,34.72607366,-77.42908179,37133.0,50.52087017146785,2.0,98,98,2,0,96,98,197683,2,0,0,2,0
2020-05-29,US,North Carolina,Orange,326,40,0,36.06092947,-79.12167935,37135.0,219.5641046364396,12.269938650306747,286,320,41,0,279,314,146027,6,-1,0,7,6
2020-05-29,US,North Carolina,Pamlico,10,0,0,35.15253315,-76.66559823,37137.0,78.57928650007858,0.0,10,10,0,0,10,10,12670,0,0,0,0,0
2020-05-29,US,North Carolina,Pasquotank,104,10,0,36.26723798,-76.25134778,37139.0,261.1490558457212,9.615384615384617,94,104,9,0,95,100,39639,0,1,0,-1,4
2020-05-29,US,North Carolina,Pender,76,1,0,34.52265624,-77.90352133,37141.0,120.52013954963527,1.3157894736842106,75,76,1,0,75,74,62162,0,0,0,0,2
2020-05-29,US,North Carolina,Perquimans,24,2,0,36.17847453,-76.40603143,37143.0,178.2663596523806,8.333333333333334,22,23,2,0,21,23,13422,1,0,0,1,0
2020-05-29,US,North Carolina,Person,45,1,0,36.38989032,-78.97217358,37145.0,113.9528994682198,2.2222222222222223,44,44,1,0,43,39,39507,1,0,0,1,5
2020-05-29,US,North Carolina,Pitt,286,2,0,35.59535426,-77.37353178,37147.0,158.23660244990097,0.6993006993006993,284,273,2,0,271,267,179914,13,0,0,13,6
2020-05-29,US,North Carolina,Polk,35,4,0,35.27820615,-82.16812354,37149.0,168.88631538313066,11.428571428571427,31,35,4,0,31,35,20611,0,0,0,0,0
2020-05-29,US,North Carolina,Randolph,651,12,0,35.71015088,-79.80570339,37151.0,453.1311992315563,1.8433179723502304,639,639,12,0,627,624,143351,12,0,0,12,15
2020-05-29,US,North Carolina,Richmond,162,2,0,35.00417719,-79.74491009,37153.0,361.3732182292712,1.2345679012345678,160,162,2,0,160,153,44887,0,0,0,0,9
2020-05-29,US,North Carolina,Robeson,786,21,0,34.64244496,-79.10250529999998,37155.0,601.7224880382776,2.6717557251908395,765,737,13,0,724,680,131831,49,8,0,41,57
2020-05-29,US,North Carolina,Rockingham,86,2,0,36.39593137,-79.77504841,37157.0,94.49511042742556,2.3255813953488373,84,76,2,0,74,73,90690,10,0,0,10,3
2020-05-29,US,North Carolina,Rowan,629,37,0,35.64003916,-80.52446628,37159.0,442.6834074657958,5.882352941176472,592,619,27,0,592,613,141262,10,10,0,0,6
2020-05-29,US,North Carolina,Rutherford,174,7,0,35.40114178,-81.92112099,37161.0,259.5891330618091,4.022988505747127,167,174,7,0,167,174,66826,0,0,0,0,0
2020-05-29,US,North Carolina,Sampson,429,4,0,34.98820368,-78.36914061,37163.0,675.2608962553714,0.9324009324009324,425,413,4,0,409,409,63626,16,0,0,16,4
2020-05-29,US,North Carolina,Scotland,84,0,0,34.8386299,-79.4757978,37165.0,241.21988341038968,0.0,84,78,0,0,78,69,34810,6,0,0,6,9
2020-05-29,US,North Carolina,Stanly,57,4,0,35.31647813,-80.25093221,37167.0,90.75566028723371,7.0175438596491215,53,55,4,0,51,54,62075,2,0,0,2,1
2020-05-29,US,North Carolina,Stokes,65,0,0,36.4017975,-80.23893369,37169.0,142.571998859424,0.0,65,60,0,0,60,58,45467,5,0,0,5,2
2020-05-29,US,North Carolina,Surry,197,2,0,36.41689489,-80.69102283,37171.0,274.4382374656953,1.0152284263959392,195,187,1,0,186,173,71948,10,1,0,9,14
2020-05-29,US,North Carolina,Swain,11,0,0,35.48665845,-83.48748932,37173.0,77.07939177352674,0.0,11,10,0,0,10,10,14245,1,0,0,1,0
2020-05-29,US,North Carolina,Transylvania,12,0,0,35.20383864,-82.79638423,37175.0,34.89893849062091,0.0,12,12,0,0,12,11,34215,0,0,0,0,1
2020-05-29,US,North Carolina,Tyrrell,4,0,0,35.87147226,-76.17055253,37177.0,99.60159362549801,0.0,4,4,0,0,4,4,4131,0,0,0,0,0
2020-05-29,US,North Carolina,Union,439,20,0,34.98960527,-80.52955873,37179.0,183.0241933802776,4.555808656036446,419,417,17,0,400,408,235908,22,3,0,19,9
2020-05-29,US,North Carolina,Vance,300,20,0,36.36880673,-78.40670845,37181.0,673.6274840013473,6.666666666666668,280,297,20,0,277,266,44582,3,0,0,3,31
2020-05-29,US,North Carolina,Wake,1661,37,0,35.78879266,-78.65249174,37183.0,149.4026144108311,2.227573750752559,1624,1604,37,0,1567,1523,1092305,57,0,0,57,81
2020-05-29,US,North Carolina,Warren,58,2,0,36.39728256,-78.10652228,37185.0,293.9536769550453,3.4482758620689653,56,57,2,0,55,54,19807,1,0,0,1,3
2020-05-29,US,North Carolina,Washington,27,3,0,35.83810081,-76.57299037,37187.0,233.160621761658,11.111111111111109,24,27,3,0,24,27,11859,0,0,0,0,0
2020-05-29,US,North Carolina,Watauga,15,0,0,36.23103603,-81.70033724,37189.0,26.701319045160826,0.0,15,15,0,0,15,14,55945,0,0,0,0,1
2020-05-29,US,North Carolina,Wayne,1088,20,0,35.36438125,-78.00027268,37191.0,883.6117630815961,1.8382352941176472,1068,1061,22,0,1039,1047,123248,27,-2,0,29,14
2020-05-29,US,North Carolina,Wilkes,492,5,0,36.2084135,-81.16232895,37193.0,719.1720750745482,1.0162601626016259,487,488,4,0,484,483,68557,4,1,0,3,5
2020-05-29,US,North Carolina,Wilson,338,10,0,35.70625477,-77.917978,37195.0,413.1978826664711,2.9585798816568047,328,331,10,0,321,330,81455,7,0,0,7,1
2020-05-29,US,North Carolina,Yadkin,169,2,0,36.16222629,-80.66239436,37197.0,448.6685958531341,1.183431952662722,167,154,2,0,152,153,37543,15,0,0,15,1
2020-05-29,US,North Carolina,Yancey,14,0,0,35.90079156,-82.31237181,37199.0,77.48076816647297,0.0,14,12,0,0,12,11,17903,2,0,0,2,1
2020-05-29,US,North Dakota,Barnes,4,0,0,46.93579637,-98.06605978,38003.0,38.40614498319732,0.0,4,4,0,0,4,4,10542,0,0,0,0,0
2020-05-29,US,North Dakota,Benson,1,0,0,48.0683985,-99.35916363,38005.0,14.637002341920375,0.0,1,1,0,0,1,1,6962,0,0,0,0,0
2020-05-29,US,North Dakota,Bottineau,2,0,0,48.79106111,-100.8378166,38009.0,31.836994587710922,0.0,2,2,0,0,2,2,6411,0,0,0,0,0
2020-05-29,US,North Dakota,Bowman,1,0,0,46.11285362,-103.5203343,38011.0,33.06878306878307,0.0,1,1,0,0,1,1,3076,0,0,0,0,0
2020-05-29,US,North Dakota,Burke,5,0,0,48.79094471,-102.51821170000001,38013.0,236.40661938534282,0.0,5,5,0,0,5,5,2100,0,0,0,0,0
2020-05-29,US,North Dakota,Burleigh,126,0,0,46.97847375,-100.46452140000001,38015.0,131.76332796519776,0.0,126,125,0,0,125,123,95273,1,0,0,1,2
2020-05-29,US,North Dakota,Cass,1661,42,0,46.93201724,-97.24447190000001,38017.0,913.0236418704616,2.5285972305839857,1619,1632,40,0,1592,1596,181516,29,2,0,27,36
2020-05-29,US,North Dakota,Divide,1,0,0,48.814938700000006,-103.48736109999999,38023.0,44.16961130742049,0.0,1,1,0,0,1,1,2283,0,0,0,0,0
2020-05-29,US,North Dakota,Dunn,12,0,0,47.35423935,-102.61604679999999,38025.0,271.24773960217004,0.0,12,12,0,0,12,12,4332,0,0,0,0,0
2020-05-29,US,North Dakota,Eddy,4,0,0,47.71701474,-98.90432337,38027.0,174.90161783996498,0.0,4,4,0,0,4,4,2313,0,0,0,0,0
2020-05-29,US,North Dakota,Emmons,4,1,0,46.28398398,-100.2389766,38029.0,123.41869793273679,25.0,3,4,1,0,3,4,3295,0,0,0,0,0
2020-05-29,US,North Dakota,Foster,1,0,0,47.457108399999996,-98.88279923,38031.0,31.152647975077887,0.0,1,1,0,0,1,1,3216,0,0,0,0,0
2020-05-29,US,North Dakota,Grand Forks,331,3,0,47.92093639,-97.45450447,38035.0,476.5950094311097,0.9063444108761328,328,328,3,0,325,327,70770,3,0,0,3,1
2020-05-29,US,North Dakota,Grant,2,0,0,46.35821257,-101.63900129999999,38037.0,87.95074758135445,0.0,2,2,0,0,2,2,2374,0,0,0,0,0
2020-05-29,US,North Dakota,Griggs,1,0,0,47.45785838,-98.23850925,38039.0,44.822949350067226,0.0,1,1,0,0,1,1,2232,0,0,0,0,0
2020-05-29,US,North Dakota,McHenry,2,1,0,48.23104458,-100.6324822,38049.0,34.81288076588338,50.0,1,2,1,0,1,2,5816,0,0,0,0,0
2020-05-29,US,North Dakota,McIntosh,1,0,0,46.11182017,-99.44145858,38051.0,40.04805766920305,0.0,1,1,0,0,1,1,2585,0,0,0,0,0
2020-05-29,US,North Dakota,McKenzie,16,0,0,47.74133370000001,-103.395905,38053.0,106.49627263045794,0.0,16,16,0,0,16,16,13632,0,0,0,0,0
2020-05-29,US,North Dakota,McLean,7,0,0,47.60766714,-101.3182418,38055.0,74.07407407407408,0.0,7,7,0,0,7,7,9541,0,0,0,0,0
2020-05-29,US,North Dakota,Mercer,5,0,0,47.31213126,-101.8318399,38057.0,61.072431904238435,0.0,5,5,0,0,5,5,8267,0,0,0,0,0
2020-05-29,US,North Dakota,Morton,59,2,0,46.71681782,-101.2822377,38059.0,188.11376099987243,3.3898305084745757,57,59,2,0,57,59,31095,0,0,0,0,0
2020-05-29,US,North Dakota,Mountrail,39,0,0,48.20197971,-102.3555315,38061.0,369.84352773826464,0.0,39,39,0,0,39,39,10218,0,0,0,0,0
2020-05-29,US,North Dakota,Nelson,1,0,0,47.9226426,-98.19038437,38063.0,34.734282737061484,0.0,1,1,0,0,1,1,2869,0,0,0,0,0
2020-05-29,US,North Dakota,Oliver,1,0,0,47.11530482,-101.3406158,38065.0,51.046452271567134,0.0,1,1,0,0,1,1,1952,0,0,0,0,0
2020-05-29,US,North Dakota,Pembina,6,0,0,48.76623521,-97.5523809,38067.0,88.2223202470225,0.0,6,6,0,0,6,6,6947,0,0,0,0,0
2020-05-29,US,North Dakota,Pierce,3,0,0,48.24977025,-99.96407787,38069.0,75.47169811320755,0.0,3,3,0,0,3,3,4081,0,0,0,0,0
2020-05-29,US,North Dakota,Ramsey,8,1,0,48.26886249,-98.72223879,38071.0,69.4504731313482,12.5,7,8,1,0,7,8,11481,0,0,0,0,0
2020-05-29,US,North Dakota,Ransom,8,0,0,46.45621782,-97.65742504,38073.0,153.31544653123802,0.0,8,8,0,0,8,8,5237,0,0,0,0,0
2020-05-29,US,North Dakota,Renville,1,0,0,48.71982533,-101.6603912,38075.0,42.97378599054576,0.0,1,1,0,0,1,1,2374,0,0,0,0,0
2020-05-29,US,North Dakota,Richland,21,0,0,46.26440649,-96.94852979,38077.0,129.81393336218088,0.0,21,20,0,0,20,19,16239,1,0,0,1,1
2020-05-29,US,North Dakota,Rolette,6,0,0,48.77245354,-99.84097493,38079.0,42.32505643340858,0.0,6,5,0,0,5,5,14301,1,0,0,1,0
2020-05-29,US,North Dakota,Sargent,3,0,0,46.10830372,-97.63217159,38081.0,76.96254489481785,0.0,3,3,0,0,3,3,3870,0,0,0,0,0
2020-05-29,US,North Dakota,Sioux,2,0,0,46.11323337,-101.04401490000001,38085.0,47.28132387706856,0.0,2,2,0,0,2,2,4358,0,0,0,0,0
2020-05-29,US,North Dakota,Slope,3,0,0,46.44737738,-103.4601547,38087.0,400.0,0.0,3,3,0,0,3,3,763,0,0,0,0,0
2020-05-29,US,North Dakota,Stark,61,2,0,46.80851182,-102.65763259999999,38089.0,193.71844136047508,3.278688524590164,59,61,2,0,59,61,30997,0,0,0,0,0
2020-05-29,US,North Dakota,Steele,1,0,0,47.45611548,-97.72728747,38091.0,52.91005291005291,0.0,1,1,0,0,1,1,1903,0,0,0,0,0
2020-05-29,US,North Dakota,Stutsman,22,0,0,46.97962541,-98.95637318,38093.0,106.25965996908809,0.0,22,18,0,0,18,18,20917,4,0,0,4,0
2020-05-29,US,North Dakota,Traill,11,0,0,47.45367788,-97.16323288,38097.0,136.8840219014435,0.0,11,11,0,0,11,10,8037,0,0,0,0,1
2020-05-29,US,North Dakota,Unassigned,0,6,0,0.0,0.0,90038.0,0.0,0.0,-6,0,6,0,-6,0,,0,0,0,0,0
2020-05-29,US,North Dakota,Walsh,13,0,0,48.36876964,-97.72574783,38099.0,122.1689690818532,0.0,13,13,0,0,13,13,10667,0,0,0,0,0
2020-05-29,US,North Dakota,Ward,37,1,0,48.22390169,-101.54367629999999,38101.0,54.700551440694255,2.702702702702702,36,37,1,0,36,36,67744,0,0,0,0,1
2020-05-29,US,North Dakota,Wells,3,0,0,47.58614526,-99.65904998,38103.0,78.24726134585289,0.0,3,3,0,0,3,3,3957,0,0,0,0,0
2020-05-29,US,North Dakota,Williams,24,0,0,48.34522353,-103.4793387,38105.0,63.84846630663226,0.0,24,24,0,0,24,24,35350,0,0,0,0,0
2020-05-29,US,Ohio,Adams,9,1,0,38.84541072,-83.4718964,39001.0,32.493320817387534,11.111111111111109,8,8,1,0,7,8,27724,1,0,0,1,0
2020-05-29,US,Ohio,Allen,212,32,0,40.77285242,-84.10802343,39003.0,207.13036511612003,15.094339622641508,180,206,32,0,174,201,102663,6,0,0,6,5
2020-05-29,US,Ohio,Ashland,20,0,0,40.84772277,-82.27280781,39005.0,37.394360930371704,0.0,20,19,0,0,19,19,53745,1,0,0,1,0
2020-05-29,US,Ohio,Ashtabula,330,34,0,41.70860332,-80.74830218,39007.0,339.3630258841435,10.303030303030305,296,324,34,0,290,316,97493,6,0,0,6,8
2020-05-29,US,Ohio,Athens,18,1,0,39.33425634,-82.04278644,39009.0,27.5536914292712,5.5555555555555545,17,18,1,0,17,18,65818,0,0,0,0,0
2020-05-29,US,Ohio,Auglaize,71,3,0,40.55998859,-84.22421429999999,39011.0,155.51077623970562,4.225352112676056,68,65,3,0,62,64,45804,6,0,0,6,1
2020-05-29,US,Ohio,Belmont,419,12,0,40.01625942,-80.9924051,39013.0,625.3171357788855,2.863961813842482,407,412,12,0,400,403,67505,7,0,0,7,9
2020-05-29,US,Ohio,Brown,28,1,0,38.93416837,-83.86788395,39015.0,64.46859458463804,3.571428571428572,27,28,1,0,27,25,43602,0,0,0,0,3
2020-05-29,US,Ohio,Butler,862,29,0,39.44012838,-84.57388716,39017.0,224.9865582276697,3.3642691415313224,833,847,28,0,819,826,382378,15,1,0,14,21
2020-05-29,US,Ohio,Carroll,30,3,0,40.578968599999996,-81.09178213,39019.0,111.46615144534442,10.0,27,30,3,0,27,29,27081,0,0,0,0,1
2020-05-29,US,Ohio,Champaign,27,1,0,40.13923427,-83.76875242,39021.0,69.43551498006944,3.703703703703704,26,27,1,0,26,27,38754,0,0,0,0,0
2020-05-29,US,Ohio,Clark,252,6,0,39.91592258,-83.78498252,39023.0,187.94328885839366,2.380952380952381,246,234,5,0,229,231,134585,18,1,0,17,3
2020-05-29,US,Ohio,Clermont,206,5,0,39.04847534,-84.15375786,39025.0,99.79266378592052,2.4271844660194173,201,202,5,0,197,197,205466,4,0,0,4,5
2020-05-29,US,Ohio,Clinton,43,0,0,39.41485808,-83.80852286,39027.0,102.45901639344262,0.0,43,43,0,0,43,43,42057,0,0,0,0,0
2020-05-29,US,Ohio,Columbiana,739,51,0,40.76932373,-80.78094576,39029.0,725.3418136489896,6.901217861975643,688,684,51,0,633,682,102665,55,0,0,55,2
2020-05-29,US,Ohio,Coshocton,38,0,0,40.30096166,-81.91729018,39031.0,103.82513661202186,0.0,38,37,0,0,37,34,36629,1,0,0,1,3
2020-05-29,US,Ohio,Crawford,110,4,0,40.85065156,-82.91989099,39033.0,265.09856846773033,3.636363636363636,106,110,3,0,107,110,41550,0,1,0,-1,0
2020-05-29,US,Ohio,Cuyahoga,4318,226,0,41.424119,-81.65918339,39035.0,349.6152451031195,5.233904585456231,4092,4211,226,0,3985,4137,1243857,107,0,0,107,74
2020-05-29,US,Ohio,Darke,167,21,0,40.13412966,-84.6194517,39037.0,326.7270557392444,12.574850299401195,146,162,21,0,141,156,51323,5,0,0,5,6
2020-05-29,US,Ohio,Defiance,33,2,0,41.32398837,-84.49076944,39039.0,86.64373670806313,6.0606060606060606,31,33,2,0,31,33,38165,0,0,0,0,0
2020-05-29,US,Ohio,Delaware,320,13,0,40.27942393,-83.00457058,39041.0,152.98049020685832,4.0625,307,310,13,0,297,302,204826,10,0,0,10,8
2020-05-29,US,Ohio,Erie,167,11,0,41.36796058,-82.62904521,39043.0,224.86736864783347,6.586826347305388,156,165,6,0,159,163,74615,2,5,0,-3,2
2020-05-29,US,Ohio,Fairfield,258,6,0,39.75107189,-82.63088163,39045.0,163.73259547894958,2.3255813953488373,252,251,5,0,246,248,155782,7,1,0,6,3
2020-05-29,US,Ohio,Fayette,40,0,0,39.56021306,-83.4562016,39047.0,140.22787028922,0.0,40,39,0,0,39,37,28666,1,0,0,1,2
2020-05-29,US,Ohio,Franklin,5674,256,0,39.96995815,-83.01115755,39049.0,430.90747260692183,4.511808248149453,5418,5566,253,0,5313,5486,1310300,108,3,0,105,80
2020-05-29,US,Ohio,Fulton,39,0,0,41.60213491,-84.12571393,39051.0,92.57940464321321,0.0,39,37,0,0,37,36,42276,2,0,0,2,1
2020-05-29,US,Ohio,Gallia,7,1,0,38.82708533,-82.31647569,39053.0,23.412937320222092,14.285714285714285,6,7,1,0,6,7,29979,0,0,0,0,0
2020-05-29,US,Ohio,Geauga,277,32,0,41.49952319,-81.17935342,39055.0,295.78532605793976,11.552346570397113,245,272,31,0,241,261,94031,5,1,0,4,11
2020-05-29,US,Ohio,Greene,101,5,0,39.69116283,-83.89032084,39057.0,59.78560054931721,4.950495049504951,96,101,5,0,96,98,167995,0,0,0,0,3
2020-05-29,US,Ohio,Guernsey,34,0,0,40.05026529,-81.49248905,39059.0,87.45980707395498,0.0,34,34,0,0,34,33,39022,0,0,0,0,1
2020-05-29,US,Ohio,Hamilton,2603,147,0,39.19673558,-84.54502924,39061.0,318.42030256656795,5.647330003841722,2456,2555,135,0,2420,2523,816684,48,12,0,36,32
2020-05-29,US,Ohio,Hancock,50,1,0,41.00250487,-83.66838948,39063.0,65.97785783091194,2.0,49,51,2,0,49,48,75930,-1,-1,0,0,3
2020-05-29,US,Ohio,Hardin,45,0,0,40.66015414,-83.65929931,39065.0,143.47202295552367,0.0,45,42,0,0,42,41,31480,3,0,0,3,1
2020-05-29,US,Ohio,Harrison,10,0,0,40.29380509,-81.09068544,39067.0,66.48936170212765,0.0,10,10,0,0,10,10,15174,0,0,0,0,0
2020-05-29,US,Ohio,Henry,15,0,0,41.333964200000004,-84.06830637,39069.0,55.54321261941791,0.0,15,15,0,0,15,15,27086,0,0,0,0,0
2020-05-29,US,Ohio,Highland,23,1,0,39.1839264,-83.60331456,39071.0,53.28884872917682,4.3478260869565215,22,22,1,0,21,19,43058,1,0,0,1,3
2020-05-29,US,Ohio,Hocking,69,4,0,39.49537927,-82.47991446,39073.0,244.1268044155109,5.797101449275362,65,69,4,0,65,69,28385,0,0,0,0,0
2020-05-29,US,Ohio,Holmes,32,1,0,40.56163713,-81.92635677,39075.0,72.79344858962695,3.125,31,29,1,0,28,29,43892,3,0,0,3,0
2020-05-29,US,Ohio,Huron,56,1,0,41.14651175,-82.59867951,39077.0,96.11093948443346,1.7857142857142858,55,56,1,0,55,55,58504,0,0,0,0,1
2020-05-29,US,Ohio,Jackson,13,0,0,39.01914254,-82.61818559999998,39079.0,40.1073643291272,0.0,13,13,0,0,13,12,32384,0,0,0,0,1
2020-05-29,US,Ohio,Jefferson,67,2,0,40.38614126,-80.76259514,39081.0,102.56410256410255,2.985074626865672,65,66,2,0,64,65,65767,1,0,0,1,1
2020-05-29,US,Ohio,Knox,24,1,0,40.39830217,-82.42027563,39083.0,38.509675555983435,4.166666666666667,23,23,1,0,22,23,61893,1,0,0,1,0
2020-05-29,US,Ohio,Lake,302,12,0,41.69710807,-81.23676539,39085.0,131.21934051418864,3.9735099337748334,290,290,12,0,278,287,230514,12,0,0,12,3
2020-05-29,US,Ohio,Lawrence,30,0,0,38.59743452,-82.53466552,39087.0,50.45154129458654,0.0,30,29,0,0,29,28,59866,1,0,0,1,1
2020-05-29,US,Ohio,Licking,230,10,0,40.09136236,-82.48185785,39089.0,130.04489375897592,4.3478260869565215,220,222,10,0,212,218,175769,8,0,0,8,4
2020-05-29,US,Ohio,Logan,37,0,0,40.38996525,-83.76784341,39091.0,81.01243650376598,0.0,37,37,0,0,37,37,45358,0,0,0,0,0
2020-05-29,US,Ohio,Lorain,672,59,0,41.29553751,-82.15083537,39093.0,216.89103484780514,8.779761904761905,613,667,59,0,608,659,309461,5,0,0,5,8
2020-05-29,US,Ohio,Lucas,2202,240,0,41.62101218,-83.65468618,39095.0,514.0680007844089,10.8991825613079,1962,2178,240,0,1938,2162,429899,24,0,0,24,16
2020-05-29,US,Ohio,Madison,152,7,0,39.89381073,-83.40178317,39097.0,339.8090809505712,4.605263157894737,145,148,7,0,141,144,44413,4,0,0,4,4
2020-05-29,US,Ohio,Mahoning,1405,173,0,41.01631101,-80.77287029,39099.0,614.3876020517483,12.313167259786475,1232,1397,173,0,1224,1367,229642,8,0,0,8,30
2020-05-29,US,Ohio,Marion,2657,28,0,40.58610662,-83.15736305,39101.0,4081.8521192754974,1.0538200978547234,2629,2642,25,0,2617,2628,65256,15,3,0,12,14
2020-05-29,US,Ohio,Medina,328,23,0,41.11770589,-81.89986209999998,39103.0,182.4797213846205,7.012195121951219,305,313,22,0,291,310,179146,15,1,0,14,3
2020-05-29,US,Ohio,Meigs,6,0,0,39.09224872,-82.0305041,39105.0,26.192866809272275,0.0,6,6,0,0,6,6,23106,0,0,0,0,0
2020-05-29,US,Ohio,Mercer,203,7,0,40.54043046,-84.62912742,39107.0,493.05353152628,3.4482758620689653,196,201,6,0,195,201,40959,2,1,0,1,0
2020-05-29,US,Ohio,Miami,355,30,0,40.0543329,-84.22871271,39109.0,331.81601502986337,8.450704225352112,325,352,30,0,322,351,106222,3,0,0,3,1
2020-05-29,US,Ohio,Monroe,77,12,0,39.72984936,-81.08464734,39111.0,563.9373077486451,15.584415584415586,65,75,12,0,63,74,13790,2,0,0,2,1
2020-05-29,US,Ohio,Montgomery,651,17,0,39.75394919,-84.29050975,39113.0,122.4404583899926,2.6113671274961603,634,637,17,0,620,617,532331,14,0,0,14,20
2020-05-29,US,Ohio,Morgan,5,0,0,39.62081738,-81.85308173,39115.0,34.46374414116349,0.0,5,5,0,0,5,5,14604,0,0,0,0,0
2020-05-29,US,Ohio,Morrow,105,1,0,40.52363560000001,-82.7892599,39117.0,297.2146739130435,0.9523809523809524,104,104,1,0,103,104,35112,1,0,0,1,0
2020-05-29,US,Ohio,Muskingum,50,0,0,39.96575964,-81.94363275,39119.0,57.994548512439835,0.0,50,48,0,0,48,46,86183,2,0,0,2,2
2020-05-29,US,Ohio,Noble,6,0,0,39.76818851,-81.45937183,39121.0,41.59733777038269,0.0,6,5,0,0,5,5,14354,1,0,0,1,0
2020-05-29,US,Ohio,Ottawa,95,13,0,41.53781826,-83.0940185,39123.0,234.42319555829732,13.68421052631579,82,93,12,0,81,94,40769,2,1,0,1,-1
2020-05-29,US,Ohio,Paulding,14,0,0,41.11676341,-84.5801017,39125.0,74.97857754927162,0.0,14,13,0,0,13,13,18760,1,0,0,1,0
2020-05-29,US,Ohio,Perry,18,1,0,39.73508655,-82.23804971,39127.0,49.814579066806886,5.5555555555555545,17,18,1,0,17,18,36033,0,0,0,0,0
2020-05-29,US,Ohio,Pickaway,2050,36,0,39.64170392,-83.0243386,39129.0,3506.851189763416,1.7560975609756098,2014,2048,36,0,2012,2046,58086,2,0,0,2,2
2020-05-29,US,Ohio,Pike,6,0,0,39.07634001,-83.06769584,39131.0,21.604493734696817,0.0,6,6,0,0,6,6,28067,0,0,0,0,0
2020-05-29,US,Ohio,Portage,322,57,0,41.16793482,-81.19735782,39133.0,198.19531471200128,17.701863354037272,265,318,57,0,261,313,162927,4,0,0,4,5
2020-05-29,US,Ohio,Preble,35,1,0,39.7420247,-84.64787018,39135.0,85.61224988992711,2.8571428571428568,34,33,1,0,32,31,40997,2,0,0,2,2
2020-05-29,US,Ohio,Putnam,90,14,0,41.02094889,-84.1336111,39137.0,265.79250465136886,15.555555555555555,76,88,14,0,74,87,33780,2,0,0,2,1
2020-05-29,US,Ohio,Richland,197,3,0,40.77180308,-82.53799609999999,39139.0,162.6029681232151,1.5228426395939083,194,193,3,0,190,189,121099,4,0,0,4,4
2020-05-29,US,Ohio,Ross,68,2,0,39.33705391,-83.06000914,39141.0,88.69642344716041,2.9411764705882355,66,67,2,0,65,67,76931,1,0,0,1,0
2020-05-29,US,Ohio,Sandusky,73,11,0,41.35624126,-83.137872,39143.0,124.74794080453877,15.068493150684931,62,72,11,0,61,70,58799,1,0,0,1,2
2020-05-29,US,Ohio,Scioto,15,0,0,38.80270163,-82.98907345,39145.0,19.91661576864859,0.0,15,15,0,0,15,15,75502,0,0,0,0,0
2020-05-29,US,Ohio,Seneca,20,2,0,41.12351311,-83.12783209,39147.0,36.24633005908152,10.0,18,20,2,0,18,19,55207,0,0,0,0,1
2020-05-29,US,Ohio,Shelby,40,3,0,40.33163494,-84.20258189,39149.0,82.32146532208274,7.5,37,40,3,0,37,40,48627,0,0,0,0,0
2020-05-29,US,Ohio,Stark,716,91,0,40.81482476,-81.36437305,39151.0,193.1970880126064,12.709497206703912,625,705,91,0,614,700,371574,11,0,0,11,5
2020-05-29,US,Ohio,Summit,1380,172,0,41.12464734,-81.53123079,39153.0,255.0770499045309,12.46376811594203,1208,1335,172,0,1163,1315,541918,45,0,0,45,20
2020-05-29,US,Ohio,Trumbull,562,48,0,41.31735028,-80.76109643,39155.0,283.8756604402598,8.540925266903914,514,551,47,0,504,544,198627,11,1,0,10,7
2020-05-29,US,Ohio,Tuscarawas,339,3,0,40.44214695,-81.47226262,39157.0,368.5303358083208,0.8849557522123894,336,337,3,0,334,326,92176,2,0,0,2,11
2020-05-29,US,Ohio,Union,51,1,0,40.30016061,-83.37239023,39159.0,86.45826269749779,1.96078431372549,50,49,1,0,48,46,57835,2,0,0,2,3
2020-05-29,US,Ohio,Van Wert,6,0,0,40.8554138,-84.59111700000003,39161.0,21.220159151193638,0.0,6,6,0,0,6,6,28281,0,0,0,0,0
2020-05-29,US,Ohio,Vinton,19,2,0,39.25208988,-82.4831444,39163.0,145.20443255636224,10.526315789473683,17,19,2,0,17,19,13139,0,0,0,0,0
2020-05-29,US,Ohio,Warren,359,20,0,39.42581994,-84.16557457,39165.0,153.02512340048253,5.571030640668523,339,351,19,0,332,344,232173,8,1,0,7,7
2020-05-29,US,Ohio,Washington,118,19,0,39.45690571,-81.49121382,39167.0,196.9588222530086,16.10169491525424,99,118,19,0,99,118,60155,0,0,0,0,0
2020-05-29,US,Ohio,Wayne,266,50,0,40.82925852,-81.88844833,39169.0,229.88505747126442,18.79699248120301,216,260,49,0,211,256,115967,6,1,0,5,4
2020-05-29,US,Ohio,Williams,54,1,0,41.56052014,-84.58429552,39171.0,147.1710454595007,1.851851851851852,53,51,1,0,50,52,36804,3,0,0,3,-1
2020-05-29,US,Ohio,Wood,285,46,0,41.36224827,-83.62285108,39173.0,217.86159291223615,16.140350877192983,239,282,46,0,236,280,130696,3,0,0,3,2
2020-05-29,US,Ohio,Wyandot,39,2,0,40.84339621,-83.30734173,39175.0,179.1291567150469,5.128205128205129,37,38,2,0,36,37,21935,1,0,0,1,1
2020-05-29,US,Oklahoma,Adair,85,3,0,35.88494195,-94.65859267,40001.0,382.9863927187528,3.5294117647058822,82,84,3,0,81,82,22082,1,0,0,1,2
2020-05-29,US,Oklahoma,Alfalfa,1,0,0,36.73090616,-98.32408495,40003.0,17.5377060680463,0.0,1,1,0,0,1,1,5754,0,0,0,0,0
2020-05-29,US,Oklahoma,Atoka,3,0,0,34.37366573,-96.03802487,40005.0,21.805494984736157,0.0,3,2,0,0,2,2,13838,1,0,0,1,0
2020-05-29,US,Oklahoma,Beaver,24,0,0,36.7496847,-100.4758872,40007.0,451.8922990020711,0.0,24,24,0,0,24,24,5319,0,0,0,0,0
2020-05-29,US,Oklahoma,Beckham,6,0,0,35.26862449,-99.68128023,40009.0,27.448648154078413,0.0,6,6,0,0,6,6,21709,0,0,0,0,0
2020-05-29,US,Oklahoma,Blaine,6,0,0,35.87518314,-98.43307003,40011.0,63.633471205854285,0.0,6,6,0,0,6,6,9485,0,0,0,0,0
2020-05-29,US,Oklahoma,Bryan,24,1,0,33.96472458,-96.25903472,40013.0,50.005208875924566,4.166666666666667,23,23,1,0,22,23,47192,1,0,0,1,0
2020-05-29,US,Oklahoma,Caddo,155,10,0,35.17364557,-98.37534464,40015.0,538.9055003129129,6.451612903225807,145,154,10,0,144,153,28977,1,0,0,1,1
2020-05-29,US,Oklahoma,Canadian,129,3,0,35.5426055,-97.98465569,40017.0,86.9823203376802,2.3255813953488373,126,128,3,0,125,128,144447,1,0,0,1,0
2020-05-29,US,Oklahoma,Carter,39,1,0,34.25103751,-97.28552485,40019.0,81.06254286961402,2.5641025641025643,38,38,1,0,37,36,48177,1,0,0,1,2
2020-05-29,US,Oklahoma,Cherokee,28,1,0,35.90692775,-94.99980896,40021.0,57.54567688102431,3.571428571428572,27,29,1,0,28,29,48675,-1,0,0,-1,0
2020-05-29,US,Oklahoma,Choctaw,32,1,0,34.02807439,-95.54771129,40023.0,218.10250817884412,3.125,31,30,0,0,30,27,14668,2,1,0,1,3
2020-05-29,US,Oklahoma,Cimarron,1,0,0,36.74817177,-102.5173885,40025.0,46.79457182966776,0.0,1,1,0,0,1,1,2153,0,0,0,0,0
2020-05-29,US,Oklahoma,Cleveland,498,37,0,35.20413532,-97.32519562,40027.0,175.34346898392332,7.429718875502008,461,496,37,0,459,494,281669,2,0,0,2,2
2020-05-29,US,Oklahoma,Coal,1,0,0,34.58840127,-96.29798747,40029.0,18.198362147406737,0.0,1,1,0,0,1,1,5520,0,0,0,0,0
2020-05-29,US,Oklahoma,Comanche,279,3,0,34.65973764,-98.47195055,40031.0,231.0578141433884,1.075268817204301,276,278,3,0,275,274,120422,1,0,0,1,4
2020-05-29,US,Oklahoma,Cotton,5,2,0,34.28845626,-98.37053567,40033.0,88.24567596187786,40.0,3,5,2,0,3,5,5776,0,0,0,0,0
2020-05-29,US,Oklahoma,Craig,15,0,0,36.76268118,-95.20916602,40035.0,106.06703436571915,0.0,15,15,0,0,15,15,14306,0,0,0,0,0
2020-05-29,US,Oklahoma,Creek,93,7,0,35.90230551,-96.37086028,40037.0,130.02992086351054,7.526881720430107,86,93,7,0,86,93,71604,0,0,0,0,0
2020-05-29,US,Oklahoma,Custer,13,0,0,35.63853802,-99.00170785,40039.0,44.822949350067226,0.0,13,13,0,0,13,13,29036,0,0,0,0,0
2020-05-29,US,Oklahoma,Delaware,100,16,0,36.40823634,-94.80325046,40041.0,232.50947476109653,16.0,84,100,16,0,84,100,42733,0,0,0,0,0
2020-05-29,US,Oklahoma,Dewey,2,0,0,35.98772922,-99.00730714,40043.0,40.891433244735225,0.0,2,4,0,0,4,4,4894,-2,0,0,-2,0
2020-05-29,US,Oklahoma,Garfield,26,1,0,36.3791334,-97.78265517,40047.0,42.583857442348005,3.8461538461538463,25,26,1,0,25,26,60913,0,0,0,0,0
2020-05-29,US,Oklahoma,Garvin,17,1,0,34.70418038,-97.30811132,40049.0,61.34747934033416,5.882352941176472,16,16,1,0,15,16,27811,1,0,0,1,0
2020-05-29,US,Oklahoma,Grady,85,3,0,35.0167709,-97.88339847,40051.0,152.23698821506608,3.5294117647058822,82,83,3,0,80,83,55551,2,0,0,2,0
2020-05-29,US,Oklahoma,Grant,2,0,0,36.796296999999996,-97.78638765,40053.0,46.15739672282484,0.0,2,2,0,0,2,2,4326,0,0,0,0,0
2020-05-29,US,Oklahoma,Greer,66,7,0,34.93535801,-99.56056120000001,40055.0,1155.4621848739494,10.606060606060606,59,66,7,0,59,66,5821,0,0,0,0,0
2020-05-29,US,Oklahoma,Harper,1,0,0,36.78836519,-99.6679804,40059.0,27.11496746203905,0.0,1,1,0,0,1,1,3797,0,0,0,0,0
2020-05-29,US,Oklahoma,Haskell,6,0,0,35.22257600000001,-95.11513306,40061.0,47.517224994060356,0.0,6,6,0,0,6,6,12668,0,0,0,0,0
2020-05-29,US,Oklahoma,Hughes,1,0,0,35.04912569,-96.24921145,40063.0,7.530687551773478,0.0,1,,,,,,13335,,,,,
2020-05-29,US,Oklahoma,Jackson,24,3,0,34.58781741,-99.41138784,40065.0,97.83938035059113,12.5,21,24,3,0,21,24,24949,0,0,0,0,0
2020-05-29,US,Oklahoma,Jefferson,3,0,0,34.11130184,-97.83182974,40067.0,49.98333888703765,0.0,3,4,0,0,4,4,6123,-1,0,0,-1,0
2020-05-29,US,Oklahoma,Johnston,3,0,0,34.31440473,-96.66011537,40069.0,27.063599458728014,0.0,3,3,0,0,3,3,10949,0,0,0,0,0
2020-05-29,US,Oklahoma,Kay,52,7,0,36.81799745,-97.14421435,40071.0,119.43589508015988,13.461538461538463,45,52,7,0,45,52,44161,0,0,0,0,0
2020-05-29,US,Oklahoma,Kingfisher,11,0,0,35.94530008,-97.94193268,40073.0,69.77481763399936,0.0,11,11,0,0,11,11,15816,0,0,0,0,0
2020-05-29,US,Oklahoma,Kiowa,6,0,0,34.91671958,-98.97720696,40075.0,68.90215893431328,0.0,6,6,0,0,6,6,8729,0,0,0,0,0
2020-05-29,US,Oklahoma,Latimer,5,1,0,34.87844729,-95.25215049,40077.0,49.63764519011218,20.0,4,5,1,0,4,5,10231,0,0,0,0,0
2020-05-29,US,Oklahoma,Le Flore,14,1,0,34.89851864,-94.70392124,40079.0,28.08256273443925,7.142857142857142,13,14,1,0,13,14,49980,0,0,0,0,0
2020-05-29,US,Oklahoma,Lincoln,22,2,0,35.70270942,-96.8812462,40081.0,63.07881985262494,9.090909090909092,20,22,2,0,20,22,34920,0,0,0,0,0
2020-05-29,US,Oklahoma,Logan,19,1,0,35.91899576,-97.44352845,40083.0,39.5742642311137,5.2631578947368425,18,19,1,0,18,19,47291,0,0,0,0,0
2020-05-29,US,Oklahoma,Love,15,0,0,33.95273467,-97.23906784,40085.0,146.2986442992295,0.0,15,15,0,0,15,15,10134,0,0,0,0,0
2020-05-29,US,Oklahoma,Major,6,1,0,36.31149996,-98.53467076,40093.0,78.64726700747148,16.666666666666668,5,6,1,0,5,6,7644,0,0,0,0,0
2020-05-29,US,Oklahoma,Marshall,8,0,0,34.02311222,-96.76855464,40095.0,47.25060539838167,0.0,8,8,0,0,8,8,16806,0,0,0,0,0
2020-05-29,US,Oklahoma,Mayes,30,4,0,36.30179091,-95.23175116,40097.0,72.99270072992701,13.333333333333336,26,30,4,0,26,30,41107,0,0,0,0,0
2020-05-29,US,Oklahoma,McClain,104,3,0,35.01123903,-97.44572302,40087.0,256.95508227504075,2.8846153846153846,101,103,3,0,100,101,39985,1,0,0,1,2
2020-05-29,US,Oklahoma,McCurtain,34,0,0,34.11664328,-94.77222373,40089.0,103.55750487329435,0.0,34,33,0,0,33,32,32703,1,0,0,1,1
2020-05-29,US,Oklahoma,McIntosh,11,1,0,35.37235506,-95.66599306,40091.0,56.133904878546645,9.090909090909092,10,11,1,0,10,11,19815,0,0,0,0,0
2020-05-29,US,Oklahoma,Murray,4,0,0,34.48116015,-97.06826283,40099.0,28.423221772187876,0.0,4,4,0,0,4,3,13953,0,0,0,0,1
2020-05-29,US,Oklahoma,Muskogee,46,6,0,35.61318461,-95.37802952,40101.0,67.65004338426695,13.043478260869565,40,43,6,0,37,39,68362,3,0,0,3,4
2020-05-29,US,Oklahoma,Noble,7,0,0,36.38953329,-97.22928674,40103.0,62.887431497619254,0.0,7,7,0,0,7,7,11289,0,0,0,0,0
2020-05-29,US,Oklahoma,Nowata,23,0,0,36.79843529,-95.61902331,40105.0,228.2651845970624,0.0,23,23,0,0,23,23,10218,0,0,0,0,0
2020-05-29,US,Oklahoma,Okfuskee,6,0,0,35.46485198,-96.32639984,40107.0,50.02918369048611,0.0,6,3,0,0,3,3,12098,3,0,0,3,0
2020-05-29,US,Oklahoma,Oklahoma,1254,60,0,35.55140095,-97.40716948,40109.0,157.25439346704556,4.784688995215312,1194,1241,59,0,1182,1227,792582,13,1,0,12,14
2020-05-29,US,Oklahoma,Okmulgee,25,0,0,35.64661916,-95.96432828,40111.0,64.99415052645261,0.0,25,23,0,0,23,23,38335,2,0,0,2,0
2020-05-29,US,Oklahoma,Osage,95,8,0,36.62888819,-96.39635704,40113.0,202.28690671379601,8.421052631578947,87,94,8,0,86,93,47014,1,0,0,1,1
2020-05-29,US,Oklahoma,Ottawa,35,2,0,36.83532655,-94.81011909,40115.0,112.44257397115044,5.7142857142857135,33,35,2,0,33,35,31175,0,0,0,0,0
2020-05-29,US,Oklahoma,Pawnee,30,2,0,36.31743373,-96.70331759999999,40117.0,183.19491939423543,6.666666666666668,28,30,2,0,28,30,16390,0,0,0,0,0
2020-05-29,US,Oklahoma,Payne,45,1,0,36.07695283,-96.97584944,40119.0,55.02298738139489,2.2222222222222223,44,45,1,0,44,45,82040,0,0,0,0,0
2020-05-29,US,Oklahoma,Pittsburg,40,3,0,34.92065823,-95.75134320000001,40121.0,91.62963302331974,7.5,37,40,3,0,37,40,43877,0,0,0,0,0
2020-05-29,US,Oklahoma,Pontotoc,13,2,0,34.72959848,-96.68337199,40123.0,33.95674433183575,15.384615384615385,11,12,2,0,10,12,38247,1,0,0,1,0
2020-05-29,US,Oklahoma,Pottawatomie,59,4,0,35.20614018,-96.94923008,40125.0,81.27617368305047,6.779661016949151,55,59,4,0,55,58,72679,0,0,0,0,1
2020-05-29,US,Oklahoma,Pushmataha,2,0,0,34.41635232,-95.37603505,40127.0,18.02451333813987,0.0,2,2,0,0,2,2,11179,0,0,0,0,0
2020-05-29,US,Oklahoma,Rogers,80,5,0,36.37004357,-95.60406759,40131.0,86.5248380363188,6.25,75,80,5,0,75,79,91984,0,0,0,0,1
2020-05-29,US,Oklahoma,Seminole,26,2,0,35.16478725,-96.61686741,40133.0,107.18113612004288,7.6923076923076925,24,24,2,0,22,23,24578,2,0,0,2,1
2020-05-29,US,Oklahoma,Sequoyah,14,3,0,35.49447108,-94.75463785,40135.0,33.67894344343139,21.428571428571427,11,14,3,0,11,14,41179,0,0,0,0,0
2020-05-29,US,Oklahoma,Stephens,37,1,0,34.48556989,-97.85141892,40137.0,85.76130542614098,2.702702702702702,36,37,1,0,36,37,43265,0,0,0,0,0
2020-05-29,US,Oklahoma,Texas,908,5,0,36.74777635,-101.4889765,40139.0,4543.862282940499,0.5506607929515418,903,904,5,0,899,902,20455,4,0,0,4,2
2020-05-29,US,Oklahoma,Tillman,23,1,0,34.37288446,-98.92426619,40141.0,317.2413793103448,4.3478260869565215,22,23,1,0,22,23,7348,0,0,0,0,0
2020-05-29,US,Oklahoma,Tulsa,983,51,0,36.11939621,-95.94013939,40143.0,150.87053681056923,5.188199389623602,932,960,49,0,911,958,648360,23,2,0,21,2
2020-05-29,US,Oklahoma,Wagoner,150,17,0,35.96024096,-95.51911308,40145.0,184.5268117457467,11.333333333333336,133,150,17,0,133,150,80110,0,0,0,0,0
2020-05-29,US,Oklahoma,Washington,314,35,0,36.71380786,-95.90514104,40147.0,609.3892522366914,11.146496815286621,279,314,35,0,279,314,51843,0,0,0,0,0
2020-05-29,US,Oklahoma,Washita,2,0,0,35.29071824,-98.99180434,40149.0,18.321729571271533,0.0,2,2,0,0,2,2,11127,0,0,0,0,0
2020-05-29,US,Oklahoma,Woods,3,0,0,36.76705782,-98.86573064,40151.0,34.1180484476288,0.0,3,3,0,0,3,3,8897,0,0,0,0,0
2020-05-29,US,Oklahoma,Woodward,4,0,0,36.42316318,-99.26283045,40153.0,19.791202810350804,0.0,4,4,0,0,4,4,20222,0,0,0,0,0
2020-05-29,US,Oregon,Baker,1,0,0,44.70915557,-117.6749883,41001.0,6.201935003721161,0.0,1,1,0,0,1,1,16006,0,0,0,0,0
2020-05-29,US,Oregon,Benton,55,5,0,44.49167306,-123.4316987,41003.0,59.10610082426144,9.090909090909092,50,55,5,0,50,55,92101,0,0,0,0,0
2020-05-29,US,Oregon,Clackamas,305,11,0,45.18787398,-122.2179634,41005.0,72.9338788628054,3.60655737704918,294,304,11,0,293,300,416075,1,0,0,1,4
2020-05-29,US,Oregon,Clatsop,45,0,0,45.99712889,-123.660711,41007.0,111.87350835322195,0.0,45,45,0,0,45,45,39764,0,0,0,0,0
2020-05-29,US,Oregon,Columbia,16,0,0,45.94464254,-123.08908980000001,41009.0,30.561179661534933,0.0,16,16,0,0,16,16,52377,0,0,0,0,0
2020-05-29,US,Oregon,Coos,31,0,0,43.17406868,-124.0594514,41011.0,48.0717043745251,0.0,31,31,0,0,31,31,64389,0,0,0,0,0
2020-05-29,US,Oregon,Crook,6,0,0,44.14230227,-120.356297,41013.0,24.586133420750688,0.0,6,6,0,0,6,6,23867,0,0,0,0,0
2020-05-29,US,Oregon,Curry,7,0,0,42.45911325,-124.15728200000001,41015.0,30.53435114503817,0.0,7,6,0,0,6,6,22813,1,0,0,1,0
2020-05-29,US,Oregon,Deschutes,121,0,0,43.91570171,-121.2289121,41017.0,61.20632094369019,0.0,121,121,0,0,121,120,191996,0,0,0,0,1
2020-05-29,US,Oregon,Douglas,26,0,0,43.27941273,-123.16729099999999,41019.0,23.42764462065237,0.0,26,25,0,0,25,25,110283,1,0,0,1,0
2020-05-29,US,Oregon,Grant,1,0,0,44.49024544,-119.0068631,41023.0,13.890818169190164,0.0,1,1,0,0,1,1,7176,0,0,0,0,0
2020-05-29,US,Oregon,Harney,1,0,0,43.06422669,-118.96663059999999,41025.0,13.526308670363855,0.0,1,1,0,0,1,1,7329,0,0,0,0,0
2020-05-29,US,Oregon,Hood River,14,0,0,45.51872811,-121.65520359999998,41027.0,59.87511761183816,0.0,14,13,0,0,13,13,23428,1,0,0,1,0
2020-05-29,US,Oregon,Jackson,65,0,0,42.43201126,-122.72893090000001,41029.0,29.419219349699468,0.0,65,65,0,0,65,65,219564,0,0,0,0,0
2020-05-29,US,Oregon,Jefferson,28,0,0,44.62806839,-121.17832,41031.0,113.5534106577987,0.0,28,25,0,0,25,24,24192,3,0,0,3,1
2020-05-29,US,Oregon,Josephine,23,1,0,42.3665549,-123.5561938,41033.0,26.28962017213986,4.3478260869565215,22,25,1,0,24,25,87393,-2,0,0,-2,0
2020-05-29,US,Oregon,Klamath,42,0,0,42.68762984,-121.64964609999998,41035.0,61.54928339048624,0.0,42,41,0,0,41,41,67653,1,0,0,1,0
2020-05-29,US,Oregon,Lake,2,0,0,42.79246693,-120.38501629999999,41037.0,25.41619011310205,0.0,2,2,0,0,2,2,7879,0,0,0,0,0
2020-05-29,US,Oregon,Lane,68,2,0,43.93727035,-122.847753,41039.0,17.79792549474307,2.9411764705882355,66,67,2,0,65,67,379611,1,0,0,1,0
2020-05-29,US,Oregon,Lincoln,12,0,0,44.64252874,-123.86991200000001,41041.0,24.01825387294344,0.0,12,10,0,0,10,11,49388,2,0,0,2,-1
2020-05-29,US,Oregon,Linn,115,9,0,44.48899494,-122.53731540000001,41043.0,88.63266768915369,7.826086956521738,106,115,9,0,106,115,127335,0,0,0,0,0
2020-05-29,US,Oregon,Malheur,32,0,0,43.1937027,-117.62273950000001,41045.0,104.67436459389616,0.0,32,33,0,0,33,28,30725,-1,0,0,-1,5
2020-05-29,US,Oregon,Marion,942,25,0,44.90287942,-122.58151170000001,41047.0,270.83129682765116,2.653927813163482,917,931,25,0,906,920,346868,11,0,0,11,11
2020-05-29,US,Oregon,Morrow,12,0,0,45.41846568,-119.584546,41049.0,103.4215289149358,0.0,12,12,0,0,12,12,11372,0,0,0,0,0
2020-05-29,US,Oregon,Multnomah,1121,59,0,45.54747959,-122.4169351,41051.0,137.90897515547053,5.2631578947368425,1062,1103,59,0,1044,1093,811880,18,0,0,18,10
2020-05-29,US,Oregon,Polk,98,11,0,44.90322804,-123.4128888,41053.0,113.84097113318232,11.224489795918366,87,98,11,0,87,98,85234,0,0,0,0,0
2020-05-29,US,Oregon,Sherman,1,0,0,45.41501554,-120.6827834,41055.0,56.179775280898866,0.0,1,1,0,0,1,1,1708,0,0,0,0,0
2020-05-29,US,Oregon,Tillamook,6,0,0,45.46248721,-123.712066,41057.0,22.192632046160675,0.0,6,6,0,0,6,6,26787,0,0,0,0,0
2020-05-29,US,Oregon,Umatilla,114,3,0,45.59073056,-118.7353826,41059.0,146.24759461193077,2.631578947368421,111,114,3,0,111,112,77516,0,0,0,0,2
2020-05-29,US,Oregon,Union,6,0,0,45.30915495,-118.0068979,41061.0,22.3588596981554,0.0,6,6,0,0,6,6,26461,0,0,0,0,0
2020-05-29,US,Oregon,Wallowa,2,0,0,45.57894064,-117.18353799999998,41063.0,27.746947835738073,0.0,2,2,0,0,2,2,7081,0,0,0,0,0
2020-05-29,US,Oregon,Wasco,22,1,0,45.16292781,-121.16709540000001,41065.0,82.45258976088748,4.545454545454546,21,21,1,0,20,20,26505,1,0,0,1,1
2020-05-29,US,Oregon,Washington,722,17,0,45.55972701,-123.0955257,41067.0,120.0148938150773,2.3545706371191137,705,715,17,0,698,703,597695,7,0,0,7,12
2020-05-29,US,Oregon,Yamhill,69,7,0,45.23330449,-123.3086963,41071.0,64.42577030812325,10.144927536231883,62,69,7,0,62,67,107002,0,0,0,0,2
2020-05-29,US,Pennsylvania,Adams,241,7,0,39.87140411,-77.21610347,42001.0,233.96013940529468,2.904564315352697,234,240,7,0,233,236,102811,1,0,0,1,4
2020-05-29,US,Pennsylvania,Allegheny,1870,162,0,40.46809875,-79.98167747,42003.0,153.77720396860315,8.663101604278076,1708,1851,161,0,1690,1828,1218452,19,1,0,18,23
2020-05-29,US,Pennsylvania,Armstrong,62,4,0,40.81665618,-79.46290811,42005.0,95.77508303081795,6.451612903225807,58,62,4,0,58,61,65263,0,0,0,0,1
2020-05-29,US,Pennsylvania,Beaver,582,73,0,40.6825484,-80.34921611,42007.0,355.0317515509763,12.542955326460481,509,579,72,0,507,570,164742,3,1,0,2,9
2020-05-29,US,Pennsylvania,Bedford,39,2,0,40.00522157,-78.48998442,42009.0,81.4400267290344,5.128205128205129,37,38,2,0,36,38,48176,1,0,0,1,0
2020-05-29,US,Pennsylvania,Berks,3988,311,0,40.41570541,-75.92457766,42011.0,946.8995450703287,7.798395185556671,3677,3973,308,0,3665,3952,420152,15,3,0,12,21
2020-05-29,US,Pennsylvania,Blair,49,1,0,40.47961444,-78.34917412,42013.0,40.22030879347282,2.0408163265306123,48,49,1,0,48,48,122492,0,0,0,0,1
2020-05-29,US,Pennsylvania,Bradford,46,3,0,41.78869215,-76.51570822,42015.0,76.25615436898032,6.521739130434782,43,46,3,0,43,46,60833,0,0,0,0,0
2020-05-29,US,Pennsylvania,Bucks,5012,493,0,40.33682119,-75.10836643,42017.0,797.7461919238543,9.836392657621706,4519,4966,486,0,4480,4930,628195,46,7,0,39,36
2020-05-29,US,Pennsylvania,Butler,227,12,0,40.91152759,-79.91351055,42019.0,120.83916679531336,5.286343612334802,215,226,12,0,214,222,187888,1,0,0,1,4
2020-05-29,US,Pennsylvania,Cambria,57,2,0,40.49527404,-78.71377428,42021.0,43.781491950350244,3.5087719298245608,55,57,2,0,55,57,131730,0,0,0,0,0
2020-05-29,US,Pennsylvania,Cameron,2,0,0,41.43625568,-78.20376845,42023.0,44.974139869575005,0.0,2,2,0,0,2,2,4492,0,0,0,0,0
2020-05-29,US,Pennsylvania,Carbon,234,23,0,40.91545395,-75.7068525,42025.0,364.58820229971013,9.82905982905983,211,232,22,0,210,232,64227,2,1,0,1,0
2020-05-29,US,Pennsylvania,Centre,151,6,0,40.92058903,-77.82200624,42027.0,92.98888444129692,3.9735099337748334,145,150,6,0,144,149,162805,1,0,0,1,1
2020-05-29,US,Pennsylvania,Chester,2607,277,0,39.97291773,-75.74768357,42029.0,496.5818331431706,10.625239739163788,2330,2555,270,0,2285,2504,522046,52,7,0,45,51
2020-05-29,US,Pennsylvania,Clarion,26,2,0,41.19265812,-79.42413524,42031.0,67.64139653467922,7.6923076923076925,24,25,2,0,23,29,38779,1,0,0,1,-4
2020-05-29,US,Pennsylvania,Clearfield,38,0,0,41.00110782,-78.47592663,42033.0,47.946501797993825,0.0,38,37,0,0,37,37,79388,1,0,0,1,0
2020-05-29,US,Pennsylvania,Clinton,55,2,0,41.23255967,-77.63785995,42035.0,142.36902050113898,3.636363636363636,53,55,2,0,53,54,38684,0,0,0,0,1
2020-05-29,US,Pennsylvania,Columbia,346,31,0,41.04821986,-76.40565017,42037.0,532.6026722492459,8.959537572254336,315,346,31,0,315,346,65456,0,0,0,0,0
2020-05-29,US,Pennsylvania,Crawford,30,0,0,41.68447709,-80.10760592,42039.0,35.448841413699796,0.0,30,23,0,0,23,23,85063,7,0,0,7,0
2020-05-29,US,Pennsylvania,Cumberland,621,48,0,40.1625372,-77.26130755,42041.0,245.0961045111892,7.729468599033816,573,618,47,0,571,611,251423,3,1,0,2,7
2020-05-29,US,Pennsylvania,Dauphin,1231,72,0,40.41377078,-76.77993242,42043.0,442.3300119655478,5.848903330625508,1159,1212,71,0,1141,1174,277097,19,1,0,18,38
2020-05-29,US,Pennsylvania,Delaware,6379,550,0,39.91680171,-75.40243663,42045.0,1125.5463196099847,8.622041072268381,5829,6337,544,0,5793,6289,564751,42,6,0,36,48
2020-05-29,US,Pennsylvania,Elk,6,0,0,41.42822061,-78.64524744,42047.0,20.060180541624874,0.0,6,6,0,0,6,6,30169,0,0,0,0,0
2020-05-29,US,Pennsylvania,Erie,253,4,0,41.99253829,-80.03301954,42049.0,93.79819670186262,1.5810276679841897,249,242,4,0,238,235,272061,11,0,0,11,7
2020-05-29,US,Pennsylvania,Fayette,95,4,0,39.92041012,-79.64291195,42051.0,73.48732150316383,4.2105263157894735,91,95,4,0,91,95,130441,0,0,0,0,0
2020-05-29,US,Pennsylvania,Forest,7,0,0,41.51095103,-79.23229292,42053.0,96.59169311439214,0.0,7,7,0,0,7,7,7279,0,0,0,0,0
2020-05-29,US,Pennsylvania,Franklin,762,34,0,39.92956518,-77.72157791,42055.0,491.52728234436586,4.461942257217848,728,759,31,0,728,756,154835,3,3,0,0,3
2020-05-29,US,Pennsylvania,Fulton,15,1,0,39.92913544,-78.11163677,42057.0,103.2346868547832,6.666666666666668,14,15,1,0,14,15,14523,0,0,0,0,0
2020-05-29,US,Pennsylvania,Greene,27,0,0,39.85746531,-80.22357106,42059.0,74.51770485469048,0.0,27,27,0,0,27,27,36506,0,0,0,0,0
2020-05-29,US,Pennsylvania,Huntingdon,228,2,0,40.42162652,-77.97673273,42061.0,505.05050505050497,0.8771929824561403,226,228,2,0,226,228,45168,0,0,0,0,0
2020-05-29,US,Pennsylvania,Indiana,90,5,0,40.65241041,-79.08963285,42063.0,107.04982574667255,5.5555555555555545,85,90,5,0,85,90,84501,0,0,0,0,0
2020-05-29,US,Pennsylvania,Jefferson,7,0,0,41.12913106,-78.9986361,42065.0,16.119746689694875,0.0,7,7,0,0,7,7,43641,0,0,0,0,0
2020-05-29,US,Pennsylvania,Juniata,95,4,0,40.53358749,-77.39975129999998,42067.0,383.6368775996446,4.2105263157894735,91,95,4,0,91,95,24704,0,0,0,0,0
2020-05-29,US,Pennsylvania,Lackawanna,1528,166,0,41.43564672,-75.60379201,42069.0,728.7503457748695,10.86387434554974,1362,1516,163,0,1353,1511,210793,12,3,0,9,5
2020-05-29,US,Pennsylvania,Lancaster,3105,292,0,40.03904563,-76.24770128,42071.0,568.9689293489016,9.404186795491142,2813,3056,286,0,2770,3031,543557,49,6,0,43,25
2020-05-29,US,Pennsylvania,Lawrence,76,8,0,40.99206278,-80.33393706,42073.0,88.876415006081,10.526315789473683,68,74,8,0,66,74,86184,2,0,0,2,0
2020-05-29,US,Pennsylvania,Lebanon,950,33,0,40.36680311,-76.45651841,42075.0,669.9907611800302,3.4736842105263164,917,944,33,0,911,936,141314,6,0,0,6,8
2020-05-29,US,Pennsylvania,Lehigh,3738,222,0,40.6154815,-75.59435245,42077.0,1012.1358828976654,5.93900481540931,3516,3719,218,0,3501,3699,368100,19,4,0,15,20
2020-05-29,US,Pennsylvania,Luzerne,2711,144,0,41.17823008,-75.98447579,42079.0,854.0815394260546,5.311693102176318,2567,2689,139,0,2550,2677,317646,22,5,0,17,12
2020-05-29,US,Pennsylvania,Lycoming,162,16,0,41.34310539,-77.06629984,42081.0,142.9844923609211,9.876543209876543,146,162,16,0,146,161,113664,0,0,0,0,1
2020-05-29,US,Pennsylvania,McKean,12,1,0,41.80938602,-78.56478358,42083.0,29.538461538461537,8.333333333333334,11,12,1,0,11,12,40968,0,0,0,0,0
2020-05-29,US,Pennsylvania,Mercer,107,5,0,41.30248872,-80.25816981,42085.0,97.78476385436468,4.672897196261682,102,106,4,0,102,106,110683,1,1,0,0,0
2020-05-29,US,Pennsylvania,Mifflin,58,1,0,40.61116939,-77.61070738,42087.0,125.70982704061727,1.7241379310344829,57,58,1,0,57,58,46222,0,0,0,0,0
2020-05-29,US,Pennsylvania,Monroe,1315,101,0,41.05934058,-75.34031025,42089.0,772.2982774518268,7.680608365019013,1214,1311,101,0,1210,1310,169507,4,0,0,4,1
2020-05-29,US,Pennsylvania,Montgomery,6906,674,0,40.21053671,-75.36652296,42091.0,831.1319449041118,9.759629307848249,6232,6811,656,0,6155,6738,828604,95,18,0,77,73
2020-05-29,US,Pennsylvania,Montour,50,0,0,41.03023987,-76.66345939,42093.0,274.27317608337904,0.0,50,50,0,0,50,50,18240,0,0,0,0,0
2020-05-29,US,Pennsylvania,Northampton,3045,207,0,40.75182733,-75.30471829,42095.0,997.4286322616573,6.798029556650246,2838,3022,206,0,2816,2958,304807,23,1,0,22,64
2020-05-29,US,Pennsylvania,Northumberland,186,3,0,40.84785433,-76.70798222,42097.0,204.74885241570618,1.6129032258064515,183,186,3,0,183,182,91083,0,0,0,0,4
2020-05-29,US,Pennsylvania,Perry,56,2,0,40.40206612,-77.26297447,42099.0,121.02351313969572,3.571428571428572,54,54,2,0,52,53,46139,2,0,0,2,1
2020-05-29,US,Pennsylvania,Philadelphia,22405,1300,0,40.00338507,-75.1379271,42101.0,1414.3999232354251,5.802276277616604,21105,22150,1282,0,20868,21975,1584138,255,18,0,237,175
2020-05-29,US,Pennsylvania,Pike,476,19,0,41.33155042,-75.03208106,42103.0,852.9090290096581,3.9915966386554618,457,476,18,0,458,476,55933,0,1,0,-1,0
2020-05-29,US,Pennsylvania,Potter,4,0,0,41.74471626,-77.89559864,42105.0,24.20428415829602,0.0,4,4,0,0,4,4,16622,0,0,0,0,0
2020-05-29,US,Pennsylvania,Schuylkill,616,32,0,40.70497338,-76.2150785,42107.0,435.7699191420426,5.194805194805196,584,606,31,0,575,601,142067,10,1,0,9,5
2020-05-29,US,Pennsylvania,Snyder,39,1,0,40.77129231,-77.06840691,42109.0,96.60160507282276,2.5641025641025643,38,39,1,0,38,39,40540,0,0,0,0,0
2020-05-29,US,Pennsylvania,Somerset,37,1,0,39.97172723,-79.02699593,42111.0,50.376461938540714,2.702702702702702,36,37,0,0,37,37,73952,0,1,0,-1,0
2020-05-29,US,Pennsylvania,Sullivan,3,0,0,41.44634738,-76.51246591,42113.0,49.455984174085074,0.0,3,2,0,0,2,2,6071,1,0,0,1,0
2020-05-29,US,Pennsylvania,Susquehanna,109,15,0,41.82147784,-75.80071959,42115.0,270.2836738742313,13.761467889908257,94,99,15,0,84,98,40589,10,0,0,10,1
2020-05-29,US,Pennsylvania,Tioga,17,2,0,41.77255149,-77.25433032,42117.0,41.88120519326944,11.764705882352944,15,16,2,0,14,16,40763,1,0,0,1,0
2020-05-29,US,Pennsylvania,Union,57,1,0,40.96188846,-77.05996014,42119.0,126.8837789105803,1.7543859649122806,56,56,1,0,55,56,44785,1,0,0,1,0
2020-05-29,US,Pennsylvania,Venango,8,0,0,41.40323442,-79.75845449,42121.0,15.789058182679405,0.0,8,8,0,0,8,8,51266,0,0,0,0,0
2020-05-29,US,Pennsylvania,Warren,3,0,0,41.81304978,-79.26969577,42123.0,7.654818708376923,0.0,3,3,0,0,3,3,39498,0,0,0,0,0
2020-05-29,US,Pennsylvania,Washington,139,5,0,40.19208869,-80.24582867,42125.0,67.19358035433737,3.5971223021582728,134,139,5,0,134,138,207346,0,0,0,0,1
2020-05-29,US,Pennsylvania,Wayne,119,7,0,41.64938475,-75.29956506,42127.0,231.69330815209983,5.882352941176472,112,118,7,0,111,118,51276,1,0,0,1,0
2020-05-29,US,Pennsylvania,Westmoreland,444,38,0,40.31377979999999,-79.46615476,42129.0,127.25745846219108,8.558558558558559,406,443,38,0,405,442,350611,1,0,0,1,1
2020-05-29,US,Pennsylvania,Wyoming,34,7,0,41.51955538,-76.01074915,42131.0,126.89408076435022,20.58823529411765,27,34,7,0,27,33,27046,0,0,0,0,1
2020-05-29,US,Pennsylvania,York,991,26,0,39.9210089,-76.73040131,42133.0,220.6841877886598,2.623612512613522,965,970,25,0,945,956,448273,21,1,0,20,14
2020-05-29,US,Rhode Island,Bristol,224,0,0,41.71018079,-71.28652315,44001.0,462.0557354730914,0.0,224,222,0,0,222,223,48649,2,0,0,2,-1
2020-05-29,US,Rhode Island,Kent,1052,0,0,41.67106337,-71.57641596,44003.0,640.3233267596718,0.0,1052,1038,0,0,1038,1032,163861,14,0,0,14,6
2020-05-29,US,Rhode Island,Newport,244,0,0,41.5642026,-71.26569799,44005.0,297.26371189785823,0.0,244,237,0,0,237,235,82542,7,0,0,7,2
2020-05-29,US,Rhode Island,Providence,11052,0,0,41.87064746,-71.57753536,44007.0,1729.7642468435556,0.0,11052,10968,0,0,10968,10874,636084,84,0,0,84,94
2020-05-29,US,Rhode Island,Unassigned,1564,693,0,0.0,0.0,90044.0,0.0,44.309462915601024,871,1533,677,0,856,1496,,31,16,0,15,37
2020-05-29,US,Rhode Island,Washington,499,0,0,41.45961631,-71.61435303,44009.0,397.36575965343974,0.0,499,496,0,0,496,493,126179,3,0,0,3,3
2020-05-29,US,South Carolina,Abbeville,39,0,0,34.22333378,-82.46170658,45001.0,159.0084396787214,0.0,39,37,0,0,37,35,24541,2,0,0,2,2
2020-05-29,US,South Carolina,Aiken,191,7,0,33.54338026,-81.63645384,45003.0,111.779577695585,3.6649214659685865,184,189,7,0,182,184,169401,2,0,0,2,5
2020-05-29,US,South Carolina,Allendale,34,3,0,32.98837386,-81.35321066,45005.0,391.3443830570902,8.823529411764708,31,34,3,0,31,34,8903,0,0,0,0,0
2020-05-29,US,South Carolina,Anderson,234,8,0,34.51828081,-82.63959517,45007.0,115.52246763889849,3.418803418803418,226,226,8,0,218,222,200482,8,0,0,8,4
2020-05-29,US,South Carolina,Bamberg,21,0,0,33.21927586,-81.05659969,45009.0,149.29617517417887,0.0,21,21,0,0,21,21,14275,0,0,0,0,0
2020-05-29,US,South Carolina,Barnwell,44,1,0,33.26679302,-81.43584352,45011.0,210.86935684846162,2.272727272727273,43,44,1,0,43,43,21112,0,0,0,0,1
2020-05-29,US,South Carolina,Beaufort,361,14,0,32.39226291,-80.72619758,45013.0,187.90143762817374,3.878116343490305,347,351,14,0,337,346,188715,10,0,0,10,5
2020-05-29,US,South Carolina,Berkeley,228,16,0,33.20222596,-79.94654523,45015.0,100.04080611828509,7.0175438596491215,212,224,15,0,209,219,221091,4,1,0,3,5
2020-05-29,US,South Carolina,Calhoun,11,1,0,33.66926881,-80.77722168,45017.0,75.58578987150415,9.090909090909092,10,10,1,0,9,10,14520,1,0,0,1,0
2020-05-29,US,South Carolina,Charleston,586,12,0,32.82487866,-79.96512315,45019.0,142.4383698827922,2.04778156996587,574,578,12,0,566,576,405905,8,0,0,8,2
2020-05-29,US,South Carolina,Cherokee,34,2,0,35.05122251,-81.61828622,45021.0,59.33682373472949,5.882352941176472,32,32,2,0,30,32,57078,2,0,0,2,0
2020-05-29,US,South Carolina,Chester,62,0,0,34.69249168,-81.1583216,45023.0,192.28383575238803,0.0,62,59,0,0,59,59,32251,3,0,0,3,0
2020-05-29,US,South Carolina,Chesterfield,165,4,0,34.64137396,-80.15640140000002,45025.0,361.44578313253015,2.4242424242424243,161,151,4,0,147,149,45754,14,0,0,14,2
2020-05-29,US,South Carolina,Clarendon,296,38,0,33.66610974,-80.21647898,45027.0,877.1669877018817,12.837837837837839,258,296,38,0,258,295,33700,0,0,0,0,1
2020-05-29,US,South Carolina,Colleton,92,11,0,32.87582989,-80.67641292,45029.0,244.18079995753376,11.956521739130435,81,86,11,0,75,76,37660,6,0,0,6,10
2020-05-29,US,South Carolina,Darlington,276,9,0,34.33358335,-79.96027485,45031.0,414.3024407817707,3.260869565217391,267,262,8,0,254,260,66802,14,1,0,13,2
2020-05-29,US,South Carolina,Dillon,156,3,0,34.39007791,-79.37741872,45033.0,511.8278158732242,1.9230769230769231,153,155,3,0,152,155,30599,1,0,0,1,0
2020-05-29,US,South Carolina,Dorchester,161,3,0,33.0794369,-80.40502652,45035.0,98.88888206425936,1.8633540372670807,158,150,3,0,147,151,160647,11,0,0,11,-1
2020-05-29,US,South Carolina,Edgefield,51,2,0,33.77221995,-81.96231108,45037.0,187.08730741012474,3.92156862745098,49,51,2,0,49,49,27052,0,0,0,0,2
2020-05-29,US,South Carolina,Fairfield,168,15,0,34.39287073,-81.1195624,45039.0,751.7787622499665,8.928571428571429,153,163,14,0,149,163,22402,5,1,0,4,0
2020-05-29,US,South Carolina,Florence,637,37,0,34.02361754,-79.70189312,45041.0,460.61622786402796,5.808477237048667,600,622,34,0,588,612,138159,15,3,0,12,10
2020-05-29,US,South Carolina,Georgetown,74,3,0,33.43443342,-79.33202141,45043.0,118.05998723675812,4.0540540540540535,71,71,3,0,68,71,62249,3,0,0,3,0
2020-05-29,US,South Carolina,Greenville,1461,57,0,34.89502264,-82.37295012,45045.0,279.0607057313453,3.901437371663244,1404,1382,56,0,1326,1364,514213,79,1,0,78,18
2020-05-29,US,South Carolina,Greenwood,128,1,0,34.15272415,-82.12715789,45047.0,180.7628758243776,0.78125,127,121,1,0,120,103,70741,7,0,0,7,18
2020-05-29,US,South Carolina,Hampton,36,0,0,32.77419582,-81.13845571,45049.0,187.28540214337738,0.0,36,36,0,0,36,34,19351,0,0,0,0,2
2020-05-29,US,South Carolina,Horry,410,25,0,33.9212828,-78.99555293,45051.0,115.79271409649205,6.097560975609755,385,395,24,0,371,392,344147,15,1,0,14,3
2020-05-29,US,South Carolina,Jasper,39,2,0,32.43171982,-81.02487495,45053.0,129.68443454261296,5.128205128205129,37,39,2,0,37,39,28971,0,0,0,0,0
2020-05-29,US,South Carolina,Kershaw,324,14,0,34.33988254,-80.58763164,45055.0,486.8446755120132,4.320987654320987,310,317,14,0,303,312,65592,7,0,0,7,5
2020-05-29,US,South Carolina,Lancaster,129,5,0,34.68270843,-80.70513032,45057.0,131.61653675060197,3.875968992248062,124,126,5,0,121,124,95380,3,0,0,3,2
2020-05-29,US,South Carolina,Laurens,65,4,0,34.48244419,-82.00490796,45059.0,96.30628361459705,6.153846153846153,61,63,3,0,60,60,66994,2,1,0,1,3
2020-05-29,US,South Carolina,Lee,212,16,0,34.16393091,-80.25690731,45061.0,1259.8050867601614,7.547169811320754,196,209,15,0,194,208,17142,3,1,0,2,1
2020-05-29,US,South Carolina,Lexington,597,33,0,33.89665987,-81.27146426,45063.0,199.8326359832636,5.527638190954773,564,589,33,0,556,581,295032,8,0,0,8,8
2020-05-29,US,South Carolina,Marion,68,5,0,34.07859748,-79.36400756,45067.0,221.80904850441985,7.352941176470589,63,67,5,0,62,67,31039,1,0,0,1,0
2020-05-29,US,South Carolina,Marlboro,149,0,0,34.59905577,-79.67561152,45069.0,570.4877862010874,0.0,149,137,0,0,137,132,26398,12,0,0,12,5
2020-05-29,US,South Carolina,McCormick,8,1,0,33.90161443,-82.30794338,45065.0,84.53978653703898,12.5,7,8,1,0,7,8,9410,0,0,0,0,0
2020-05-29,US,South Carolina,Newberry,55,1,0,34.28629098,-81.59935761,45071.0,143.08012486992715,1.818181818181818,54,51,1,0,50,49,38520,4,0,0,4,2
2020-05-29,US,South Carolina,Oconee,50,0,0,34.75225169,-83.06742317,45073.0,62.85671183969025,0.0,50,49,0,0,49,48,78374,1,0,0,1,1
2020-05-29,US,South Carolina,Orangeburg,168,3,0,33.4391073,-80.79886287,45075.0,194.95213228894693,1.7857142857142858,165,161,3,0,158,160,86934,7,0,0,7,1
2020-05-29,US,South Carolina,Pickens,138,3,0,34.88807695,-82.72791551,45077.0,108.76075785757071,2.1739130434782608,135,129,3,0,126,128,124937,9,0,0,9,1
2020-05-29,US,South Carolina,Richland,1461,66,0,34.01791263,-80.90267209,45079.0,351.4055017450013,4.517453798767967,1395,1432,66,0,1366,1405,414576,29,0,0,29,27
2020-05-29,US,South Carolina,Saluda,142,1,0,34.00795823,-81.72713237,45081.0,693.5964440971035,0.7042253521126759,141,139,0,0,139,137,20544,3,1,0,2,2
2020-05-29,US,South Carolina,Spartanburg,555,20,0,34.92960077,-81.99225984,45083.0,173.55410666541582,3.603603603603604,535,534,19,0,515,529,313888,21,1,0,20,5
2020-05-29,US,South Carolina,Sumter,365,18,0,33.91826534,-80.37942316,45085.0,342.0132869819436,4.931506849315068,347,359,18,0,341,357,106512,6,0,0,6,2
2020-05-29,US,South Carolina,Union,36,0,0,34.68835752,-81.61730349,45087.0,131.7908917850344,0.0,36,35,0,0,35,35,27410,1,0,0,1,0
2020-05-29,US,South Carolina,Williamsburg,229,12,0,33.62190129,-79.72767442,45089.0,754.0832455216017,5.240174672489083,217,227,11,0,216,226,30606,2,1,0,1,1
2020-05-29,US,South Carolina,York,385,7,0,34.97281497,-81.18085944,45091.0,137.02091615387627,1.818181818181818,378,371,7,0,364,363,274118,14,0,0,14,8
2020-05-29,US,South Dakota,Aurora,23,0,0,43.71757685,-98.56050467,46003.0,836.0596146855688,0.0,23,23,0,0,23,22,2801,0,0,0,0,1
2020-05-29,US,South Dakota,Beadle,222,3,0,44.41464384,-98.27858469,46005.0,1203.056413591286,1.351351351351351,219,190,2,0,188,163,18883,32,1,0,31,27
2020-05-29,US,South Dakota,Bon Homme,8,0,0,42.98914167,-97.88592746,46009.0,115.92522822779308,0.0,8,8,0,0,8,8,6980,0,0,0,0,0
2020-05-29,US,South Dakota,Brookings,16,0,0,44.36974375,-96.79079945,46011.0,45.613935057159956,0.0,16,15,0,0,15,15,35232,1,0,0,1,0
2020-05-29,US,South Dakota,Brown,269,1,0,45.58994323,-98.35165355,46013.0,692.6027961585005,0.3717472118959108,268,266,1,0,265,261,39316,3,0,0,3,5
2020-05-29,US,South Dakota,Buffalo,12,0,0,44.07657829,-99.20814467,46017.0,611.6207951070336,0.0,12,10,0,0,10,9,2036,2,0,0,2,1
2020-05-29,US,South Dakota,Charles Mix,16,0,0,43.20660134,-98.58856175,46023.0,172.19113215669393,0.0,16,16,0,0,16,14,9338,0,0,0,0,2
2020-05-29,US,South Dakota,Clark,4,0,0,44.85834507,-97.72925109,46025.0,107.06638115631692,0.0,4,4,0,0,4,4,3739,0,0,0,0,0
2020-05-29,US,South Dakota,Clay,15,0,0,42.91296147,-96.97656917,46027.0,106.60980810234541,0.0,15,15,0,0,15,15,14041,0,0,0,0,0
2020-05-29,US,South Dakota,Codington,35,0,0,44.97788119,-97.18827677,46029.0,124.95983433896248,0.0,35,35,0,0,35,34,28015,0,0,0,0,1
2020-05-29,US,South Dakota,Corson,4,0,0,45.70889983,-101.1970473,46031.0,97.89525208027409,0.0,4,4,0,0,4,4,4165,0,0,0,0,0
2020-05-29,US,South Dakota,Davison,14,0,0,43.67490933,-98.14458906,46035.0,70.79646017699116,0.0,14,13,0,0,13,11,19790,1,0,0,1,2
2020-05-29,US,South Dakota,Day,13,0,0,45.367281,-97.60737498,46037.0,239.6755162241888,0.0,13,13,0,0,13,13,5505,0,0,0,0,0
2020-05-29,US,South Dakota,Deuel,1,0,0,44.75994309,-96.66943645,46039.0,22.983222247759137,0.0,1,1,0,0,1,1,4337,0,0,0,0,0
2020-05-29,US,South Dakota,Douglas,3,0,0,43.38520741,-98.36978007,46043.0,102.70455323519344,0.0,3,3,0,0,3,3,2935,0,0,0,0,0
2020-05-29,US,South Dakota,Edmunds,1,0,0,45.41846445,-99.21545423,46045.0,26.11647949856359,0.0,1,,,,,,3875,,,,,
2020-05-29,US,South Dakota,Fall River,4,0,0,43.23929297,-103.5275691,46047.0,59.58587814687919,0.0,4,4,0,0,4,4,6758,0,0,0,0,0
2020-05-29,US,South Dakota,Faulk,1,0,0,45.07082625,-99.14535601,46049.0,43.497172683775545,0.0,1,1,0,0,1,1,2330,0,0,0,0,0
2020-05-29,US,South Dakota,Grant,13,0,0,45.1723937,-96.77002276,46051.0,184.344866704481,0.0,13,11,0,0,11,11,7147,2,0,0,2,0
2020-05-29,US,South Dakota,Hamlin,4,0,0,44.67385954,-97.18829593,46057.0,64.89292667099286,0.0,4,4,0,0,4,4,6111,0,0,0,0,0
2020-05-29,US,South Dakota,Hand,2,0,0,44.54708407,-99.00386459,46059.0,62.676277029144465,0.0,2,2,0,0,2,1,3262,0,0,0,0,1
2020-05-29,US,South Dakota,Hughes,19,0,0,44.39091534,-99.99661148,46065.0,108.41036174825972,0.0,19,19,0,0,19,19,17650,0,0,0,0,0
2020-05-29,US,South Dakota,Hutchinson,4,0,0,43.33449012,-97.75536441,46067.0,54.86215882594979,0.0,4,4,0,0,4,4,7380,0,0,0,0,0
2020-05-29,US,South Dakota,Hyde,1,0,0,44.54747703,-99.48572582,46069.0,76.86395080707149,0.0,1,1,0,0,1,1,1282,0,0,0,0,0
2020-05-29,US,South Dakota,Jackson,3,0,0,43.69318385,-101.6255063,46071.0,89.71291866028709,0.0,3,3,0,0,3,2,3307,0,0,0,0,1
2020-05-29,US,South Dakota,Jerauld,34,1,0,44.06637798,-98.62965972,46073.0,1689.021361152509,2.9411764705882355,33,33,1,0,32,29,2043,1,0,0,1,4
2020-05-29,US,South Dakota,Kingsbury,1,0,0,44.36956169,-97.4913945,46077.0,20.24701356549909,0.0,1,,,,,,4919,,,,,
2020-05-29,US,South Dakota,Lake,8,0,0,44.02193107,-97.12926365,46079.0,62.5146518715324,0.0,8,7,0,0,7,6,13057,1,0,0,1,1
2020-05-29,US,South Dakota,Lawrence,11,0,0,44.35919441,-103.79294279999999,46081.0,42.563070732084824,0.0,11,9,0,0,9,9,25741,2,0,0,2,0
2020-05-29,US,South Dakota,Lincoln,236,0,0,43.27841182,-96.72039050000001,46083.0,386.07512105745315,0.0,236,237,0,0,237,236,58807,-1,0,0,-1,1
2020-05-29,US,South Dakota,Lyman,13,0,0,43.89522709,-99.85201878,46085.0,343.8243850833113,0.0,13,14,0,0,14,13,3821,-1,0,0,-1,1
2020-05-29,US,South Dakota,Marshall,4,0,0,45.75870838,-97.59855639,46091.0,81.05369807497469,0.0,4,4,0,0,4,4,5112,0,0,0,0,0
2020-05-29,US,South Dakota,McCook,5,1,0,43.6742571,-97.36863144,46087.0,89.50948800572861,20.0,4,5,1,0,4,5,5546,0,0,0,0,0
2020-05-29,US,South Dakota,McPherson,1,0,0,45.76626028,-99.22118798,46089.0,42.03446826397647,0.0,1,1,0,0,1,1,2407,0,0,0,0,0
2020-05-29,US,South Dakota,Meade,13,0,0,44.56676791,-102.71627409999999,46093.0,45.8845122123394,0.0,13,10,0,0,10,10,28294,3,0,0,3,0
2020-05-29,US,South Dakota,Miner,1,0,0,44.02197882,-97.60992207,46097.0,45.12635379061372,0.0,1,1,0,0,1,1,2213,0,0,0,0,0
2020-05-29,US,South Dakota,Minnehaha,3330,49,0,43.67441641,-96.7910885,46099.0,1724.1914939886294,1.4714714714714714,3281,3317,45,0,3272,3300,192876,13,4,0,9,17
2020-05-29,US,South Dakota,Moody,19,0,0,44.02266214,-96.67081159,46101.0,288.92944038929437,0.0,19,19,0,0,19,18,6579,0,0,0,0,1
2020-05-29,US,South Dakota,Oglala Lakota,21,0,0,43.33749164,-102.55554980000001,46102.0,148.12724836001973,0.0,21,21,0,0,21,20,14309,0,0,0,0,1
2020-05-29,US,South Dakota,Pennington,201,3,0,44.0025835,-102.8240777,46103.0,176.66446934739616,1.492537313432836,198,186,3,0,183,172,111729,15,0,0,15,14
2020-05-29,US,South Dakota,Roberts,35,0,0,45.62975048,-96.94672673,46109.0,336.73273042139704,0.0,35,39,0,0,39,39,10447,-4,0,0,-4,0
2020-05-29,US,South Dakota,Sanborn,12,0,0,44.02351092,-98.09098159999999,46111.0,511.9453924914676,0.0,12,12,0,0,12,11,2429,0,0,0,0,1
2020-05-29,US,South Dakota,Spink,5,0,0,44.93837606,-98.34626602,46115.0,78.41907151819322,0.0,5,4,0,0,4,4,6495,1,0,0,1,0
2020-05-29,US,South Dakota,Stanley,10,0,0,44.41381872,-100.7349153,46117.0,322.7888960619755,0.0,10,10,0,0,10,10,3022,0,0,0,0,0
2020-05-29,US,South Dakota,Sully,1,0,0,44.71571812,-100.1278092,46119.0,71.89072609633357,0.0,1,1,0,0,1,1,1392,0,0,0,0,0
2020-05-29,US,South Dakota,Todd,23,1,0,43.19338568,-100.71955030000001,46121.0,225.99980347843172,4.3478260869565215,22,23,1,0,22,22,10283,0,0,0,0,1
2020-05-29,US,South Dakota,Tripp,6,0,0,43.34459388,-99.8854891,46123.0,110.27384671935306,0.0,6,6,0,0,6,6,5478,0,0,0,0,0
2020-05-29,US,South Dakota,Turner,24,0,0,43.3109081,-97.14865776,46125.0,286.25954198473283,0.0,24,24,0,0,24,24,8424,0,0,0,0,0
2020-05-29,US,South Dakota,Union,88,0,0,42.83112163,-96.6557828,46127.0,552.3474767762992,0.0,88,88,0,0,88,87,15619,0,0,0,0,1
2020-05-29,US,South Dakota,Walworth,5,0,0,45.43019636,-100.03075140000001,46129.0,91.99632014719411,0.0,5,5,0,0,5,5,5587,0,0,0,0,0
2020-05-29,US,South Dakota,Yankton,51,0,0,43.00924485,-97.39467635,46135.0,223.54694485842026,0.0,51,51,0,0,51,51,22869,0,0,0,0,0
2020-05-29,US,South Dakota,Ziebach,1,0,0,44.97881876,-101.6654622,46137.0,36.2844702467344,0.0,1,1,0,0,1,1,2742,0,0,0,0,0
2020-05-29,US,Tennessee,Anderson,39,1,0,36.12684348,-84.19965764,47001.0,50.663826028215844,2.5641025641025643,38,39,1,0,38,40,76482,0,0,0,0,-1
2020-05-29,US,Tennessee,Bedford,283,4,0,35.51123746,-86.45549096,47003.0,569.2675960010462,1.413427561837456,279,274,4,0,270,270,49038,9,0,0,9,4
2020-05-29,US,Tennessee,Benton,7,1,0,36.07110411,-88.06849355,47005.0,43.31683168316832,14.285714285714285,6,7,1,0,6,7,16184,0,0,0,0,0
2020-05-29,US,Tennessee,Bledsoe,608,1,0,35.59942968,-85.20611967,47007.0,4036.11258629846,0.16447368421052633,607,608,1,0,607,608,14755,0,0,0,0,0
2020-05-29,US,Tennessee,Blount,89,3,0,35.68938198,-83.92847788,47009.0,66.87304640538589,3.3707865168539324,86,89,3,0,86,89,131349,0,0,0,0,0
2020-05-29,US,Tennessee,Bradley,113,1,0,35.15739424,-84.857186,47011.0,104.52317084451022,0.8849557522123894,112,108,1,0,107,105,106727,5,0,0,5,3
2020-05-29,US,Tennessee,Campbell,17,1,0,36.40355516,-84.15108559999999,47013.0,42.66854073590683,5.882352941176472,16,17,1,0,16,17,39583,0,0,0,0,0
2020-05-29,US,Tennessee,Cannon,17,0,0,35.80990797,-86.05738983,47015.0,115.81959395012943,0.0,17,17,0,0,17,17,14462,0,0,0,0,0
2020-05-29,US,Tennessee,Carroll,27,1,0,35.97366108,-88.45189331,47017.0,97.23772823855656,3.703703703703704,26,27,1,0,26,27,28020,0,0,0,0,0
2020-05-29,US,Tennessee,Carter,19,1,0,36.28969086,-82.12588974,47019.0,33.693319856005395,5.2631578947368425,18,19,1,0,18,19,56351,0,0,0,0,0
2020-05-29,US,Tennessee,Cheatham,118,0,0,36.26136216,-87.08903581,47021.0,290.16155605281926,0.0,118,118,0,0,118,114,40439,0,0,0,0,4
2020-05-29,US,Tennessee,Chester,12,0,0,35.42527478,-88.6095842,47023.0,69.37619240330693,0.0,12,12,0,0,12,13,17276,0,0,0,0,-1
2020-05-29,US,Tennessee,Claiborne,9,0,0,36.48319149,-83.65947309,47025.0,28.161081385525204,0.0,9,9,0,0,9,8,31756,0,0,0,0,1
2020-05-29,US,Tennessee,Clay,7,0,0,36.55151008,-85.53930419,47027.0,91.92383453709783,0.0,7,6,0,0,6,6,7717,1,0,0,1,0
2020-05-29,US,Tennessee,Cocke,20,0,0,35.9278914,-83.11828725,47029.0,55.549383401844246,0.0,20,20,0,0,20,20,35774,0,0,0,0,0
2020-05-29,US,Tennessee,Coffee,70,0,0,35.49090731,-86.07311784,47031.0,123.84996461429584,0.0,70,68,0,0,68,66,55700,2,0,0,2,2
2020-05-29,US,Tennessee,Crockett,16,2,0,35.81830662,-89.14916269,47033.0,112.43851018974001,12.5,14,16,2,0,14,16,14328,0,0,0,0,0
2020-05-29,US,Tennessee,Cumberland,111,1,0,35.95271721,-84.99840585,47035.0,183.4104428288169,0.9009009009009008,110,111,1,0,110,111,59673,0,0,0,0,0
2020-05-29,US,Tennessee,Davidson,4968,60,0,36.17007426,-86.78646056,47037.0,715.7016411580307,1.207729468599034,4908,4894,60,0,4834,4826,692587,74,0,0,74,68
2020-05-29,US,Tennessee,DeKalb,37,0,0,35.97616272,-85.83689361,47041.0,180.57589067837966,0.0,37,37,0,0,37,37,20138,0,0,0,0,0
2020-05-29,US,Tennessee,Decatur,5,0,0,35.60048904,-88.11043779,47039.0,42.87061647946497,0.0,5,5,0,0,5,5,11706,0,0,0,0,0
2020-05-29,US,Tennessee,Dickson,110,0,0,36.14669837,-87.35891709,47043.0,203.9000519018314,0.0,110,110,0,0,110,107,53446,0,0,0,0,3
2020-05-29,US,Tennessee,Dyer,50,0,0,36.05931946,-89.41542855,47045.0,134.55690411475013,0.0,50,50,0,0,50,49,37320,0,0,0,0,1
2020-05-29,US,Tennessee,Fayette,112,2,0,35.19615831,-89.41399032,47047.0,272.287457758977,1.7857142857142858,110,110,2,0,108,110,40507,2,0,0,2,0
2020-05-29,US,Tennessee,Fentress,12,0,0,36.38128818,-84.92870012,47049.0,64.78432219402903,0.0,12,12,0,0,12,12,18217,0,0,0,0,0
2020-05-29,US,Tennessee,Franklin,51,1,0,35.15634626,-86.09201039,47051.0,120.83017437452615,1.96078431372549,50,49,1,0,48,49,41890,2,0,0,2,0
2020-05-29,US,Tennessee,Gibson,62,1,0,35.99438059,-88.93358327,47053.0,126.18810168318646,1.6129032258064515,61,61,1,0,60,60,49045,1,0,0,1,1
2020-05-29,US,Tennessee,Giles,12,0,0,35.20222469,-87.03992678,47055.0,40.727667662231866,0.0,12,12,0,0,12,12,29503,0,0,0,0,0
2020-05-29,US,Tennessee,Grainger,6,0,0,36.27469206,-83.51254721,47057.0,25.728987993138933,0.0,6,6,0,0,6,6,23145,0,0,0,0,0
2020-05-29,US,Tennessee,Greene,49,2,0,36.17470125,-82.84691273,47059.0,70.94354920441876,4.081632653061225,47,48,2,0,46,48,69087,1,0,0,1,0
2020-05-29,US,Tennessee,Grundy,32,1,0,35.38433717,-85.72142731,47061.0,238.3257615252849,3.125,31,32,1,0,31,32,13346,0,0,0,0,0
2020-05-29,US,Tennessee,Hamblen,34,2,0,36.21990035,-83.26586179,47063.0,52.36085871808298,5.882352941176472,32,30,2,0,28,30,64569,4,0,0,4,0
2020-05-29,US,Tennessee,Hamilton,753,15,0,35.17670231,-85.16652245,47065.0,204.72860545290428,1.99203187250996,738,719,15,0,704,670,364286,34,0,0,34,49
2020-05-29,US,Tennessee,Hancock,1,0,0,36.52692871,-83.22375847,47067.0,15.105740181268883,0.0,1,1,0,0,1,1,6549,0,0,0,0,0
2020-05-29,US,Tennessee,Hardeman,195,0,0,35.20772017,-88.99161161,47069.0,778.443113772455,0.0,195,194,0,0,194,192,25220,1,0,0,1,2
2020-05-29,US,Tennessee,Hardin,12,2,0,35.19732531,-88.18593755,47071.0,46.77997816934352,16.666666666666668,10,11,2,0,9,11,25776,1,0,0,1,0
2020-05-29,US,Tennessee,Hawkins,32,2,0,36.44355426,-82.94885298,47073.0,56.351917726200114,6.25,30,31,2,0,29,31,56530,1,0,0,1,0
2020-05-29,US,Tennessee,Haywood,30,2,0,35.58332824,-89.28536625,47075.0,173.37031900138697,6.666666666666668,28,30,2,0,28,30,17335,0,0,0,0,0
2020-05-29,US,Tennessee,Henderson,15,0,0,35.65581134,-88.38600175,47077.0,53.34850802005904,0.0,15,14,0,0,14,14,27847,1,0,0,1,0
2020-05-29,US,Tennessee,Henry,30,0,0,36.33160906,-88.30121797,47079.0,92.75003864584944,0.0,30,30,0,0,30,30,32358,0,0,0,0,0
2020-05-29,US,Tennessee,Hickman,57,0,0,35.80609681,-87.47643507,47081.0,226.3881166097386,0.0,57,57,0,0,57,54,25063,0,0,0,0,3
2020-05-29,US,Tennessee,Houston,8,0,0,36.28872054,-87.71878828,47083.0,97.54907938056334,0.0,8,8,0,0,8,8,8263,0,0,0,0,0
2020-05-29,US,Tennessee,Humphreys,13,1,0,36.03958805,-87.77992872,47085.0,69.9601765149069,7.6923076923076925,12,13,1,0,12,13,18486,0,0,0,0,0
2020-05-29,US,Tennessee,Jackson,17,0,0,36.36380466,-85.67239905,47087.0,144.23892754115053,0.0,17,17,0,0,17,17,11758,0,0,0,0,0
2020-05-29,US,Tennessee,Jefferson,28,0,0,36.04818632,-83.45148924,47089.0,51.380860629415544,0.0,28,28,0,0,28,28,54012,0,0,0,0,0
2020-05-29,US,Tennessee,Johnson,16,0,0,36.45523950000001,-81.84886538,47091.0,89.94827973915001,0.0,16,16,0,0,16,15,17778,0,0,0,0,1
2020-05-29,US,Tennessee,Knox,366,5,0,35.99508821,-83.94635435,47093.0,77.82051527387081,1.3661202185792352,361,357,5,0,352,356,465289,9,0,0,9,1
2020-05-29,US,Tennessee,Lake,413,0,0,36.34180170000001,-89.48921915,47095.0,5886.5450399087795,0.0,413,413,0,0,413,413,7411,0,0,0,0,0
2020-05-29,US,Tennessee,Lauderdale,56,1,0,35.75893438,-89.63015909999999,47097.0,218.46838060312882,1.7857142857142858,55,56,1,0,55,56,25825,0,0,0,0,0
2020-05-29,US,Tennessee,Lawrence,29,0,0,35.21675201,-87.39787695,47099.0,65.6970685514929,0.0,29,24,0,0,24,24,43734,5,0,0,5,0
2020-05-29,US,Tennessee,Lewis,3,0,0,35.52853208,-87.49022694,47101.0,24.45386371046625,0.0,3,3,0,0,3,3,12086,0,0,0,0,0
2020-05-29,US,Tennessee,Lincoln,25,0,0,35.13738622,-86.58910106,47103.0,72.74631903625676,0.0,25,25,0,0,25,25,34117,0,0,0,0,0
2020-05-29,US,Tennessee,Loudon,142,0,0,35.73939663,-84.31145275,47105.0,262.63224088185245,0.0,142,137,0,0,137,137,53054,5,0,0,5,0
2020-05-29,US,Tennessee,Macon,130,3,0,36.53157855,-86.00778595,47111.0,528.4123242012845,2.3076923076923075,127,124,3,0,121,119,24265,6,0,0,6,5
2020-05-29,US,Tennessee,Madison,175,2,0,35.61181957,-88.84076036,47113.0,178.60058785107773,1.1428571428571428,173,175,2,0,173,174,97605,0,0,0,0,1
2020-05-29,US,Tennessee,Marion,39,1,0,35.12997174,-85.62265895,47115.0,134.91541841076557,2.5641025641025643,38,38,1,0,37,37,28575,1,0,0,1,1
2020-05-29,US,Tennessee,Marshall,31,1,0,35.45798777,-86.76420988,47117.0,90.1818181818182,3.2258064516129035,30,30,1,0,29,29,33683,1,0,0,1,1
2020-05-29,US,Tennessee,Maury,88,0,0,35.618741299999996,-87.07462444,47119.0,91.298619108386,0.0,88,81,0,0,81,81,94340,7,0,0,7,0
2020-05-29,US,Tennessee,McMinn,136,14,0,35.42812616,-84.61520715,47107.0,252.8162992155259,10.294117647058824,122,136,14,0,122,136,53285,0,0,0,0,0
2020-05-29,US,Tennessee,McNairy,12,0,0,35.17468549,-88.5647812,47109.0,46.703510547209476,0.0,12,12,0,0,12,12,25832,0,0,0,0,0
2020-05-29,US,Tennessee,Meigs,26,0,0,35.51558739,-84.81482914,47121.0,209.3060698760264,0.0,26,26,0,0,26,25,12306,0,0,0,0,1
2020-05-29,US,Tennessee,Monroe,61,2,0,35.44550387,-84.24902965,47123.0,131.0559673434311,3.278688524590164,59,61,2,0,59,59,46357,0,0,0,0,2
2020-05-29,US,Tennessee,Montgomery,262,3,0,36.49609412,-87.38550661,47125.0,125.36305043709598,1.1450381679389312,259,261,3,0,258,258,205950,1,0,0,1,3
2020-05-29,US,Tennessee,Moore,3,0,0,35.27724699,-86.36230578,47127.0,46.23921085080148,0.0,3,3,0,0,3,3,6411,0,0,0,0,0
2020-05-29,US,Tennessee,Morgan,17,0,0,36.13248031,-84.64880098,47129.0,79.42811755361397,0.0,17,17,0,0,17,17,21579,0,0,0,0,0
2020-05-29,US,Tennessee,Obion,30,1,0,36.35732446,-89.14921589,47131.0,99.77052778609199,3.333333333333333,29,28,1,0,27,28,30267,2,0,0,2,0
2020-05-29,US,Tennessee,Out of TN,379,4,0,0.0,0.0,80047.0,0.0,1.0554089709762533,375,379,4,0,375,339,,0,0,0,0,40
2020-05-29,US,Tennessee,Overton,26,0,0,36.34117832,-85.28989535,47133.0,116.90121847039251,0.0,26,26,0,0,26,25,22068,0,0,0,0,1
2020-05-29,US,Tennessee,Perry,17,0,0,35.63708728,-87.86139634,47135.0,210.50024764735016,0.0,17,16,0,0,16,13,8064,1,0,0,1,3
2020-05-29,US,Tennessee,Pickett,3,0,0,36.55606529,-85.07763299999998,47137.0,59.429477020602214,0.0,3,3,0,0,3,3,5082,0,0,0,0,0
2020-05-29,US,Tennessee,Polk,15,0,0,35.12245443,-84.52075859,47139.0,89.11596958174906,0.0,15,15,0,0,15,15,16898,0,0,0,0,0
2020-05-29,US,Tennessee,Putnam,465,6,0,36.14005459,-85.50646123,47141.0,579.4753567200448,1.2903225806451613,459,461,5,0,456,428,78843,4,1,0,3,33
2020-05-29,US,Tennessee,Rhea,209,0,0,35.60536161,-84.93076643,47143.0,630.1444206590887,0.0,209,198,0,0,198,197,33044,11,0,0,11,1
2020-05-29,US,Tennessee,Roane,16,0,0,35.84923189,-84.52458689,47145.0,29.97264995691432,0.0,16,16,0,0,16,16,53140,0,0,0,0,0
2020-05-29,US,Tennessee,Robertson,449,3,0,36.52454807,-86.87346725,47147.0,625.2349853090666,0.6681514476614699,446,441,2,0,439,426,71012,8,1,0,7,15
2020-05-29,US,Tennessee,Rutherford,1162,22,0,35.84591405,-86.4107263,47149.0,349.69980588952257,1.8932874354561104,1140,1116,22,0,1094,1090,324890,46,0,0,46,26
2020-05-29,US,Tennessee,Scott,12,0,0,36.42325673,-84.50360494,47151.0,54.37737901033171,0.0,12,11,0,0,11,11,22039,1,0,0,1,0
2020-05-29,US,Tennessee,Sequatchie,15,0,0,35.36979721,-85.41022136,47153.0,99.82696659124184,0.0,15,15,0,0,15,13,14876,0,0,0,0,2
2020-05-29,US,Tennessee,Sevier,80,2,0,35.78077323,-83.52244332,47155.0,81.42493638676845,2.5,78,76,2,0,74,75,97892,4,0,0,4,1
2020-05-29,US,Tennessee,Shelby,4823,110,0,35.1864775,-89.89692423,47157.0,514.6366812282989,2.2807381297947336,4713,4718,107,0,4611,4615,935764,105,3,0,102,103
2020-05-29,US,Tennessee,Smith,32,1,0,36.25359775,-85.95411046,47159.0,158.75378280498091,3.125,31,30,1,0,29,30,19942,2,0,0,2,0
2020-05-29,US,Tennessee,Stewart,11,0,0,36.50235092,-87.83920548,47161.0,80.20415603353993,0.0,11,11,0,0,11,10,13561,0,0,0,0,1
2020-05-29,US,Tennessee,Sullivan,60,2,0,36.51240691,-82.30412917,47163.0,37.891226917927604,3.333333333333333,58,60,2,0,58,60,157668,0,0,0,0,0
2020-05-29,US,Tennessee,Sumner,858,45,0,36.46824103,-86.45917204,47165.0,448.5500541083108,5.244755244755245,813,852,45,0,807,843,187149,6,0,0,6,9
2020-05-29,US,Tennessee,Tipton,437,3,0,35.501942,-89.73694895,47167.0,709.4271010893034,0.6864988558352403,434,430,3,0,427,428,61581,7,0,0,7,2
2020-05-29,US,Tennessee,Trousdale,1393,4,0,36.39026213,-86.16087954,47169.0,12344.913151364763,0.2871500358937545,1389,1393,4,0,1389,1392,11012,0,0,0,0,1
2020-05-29,US,Tennessee,Unassigned,67,0,0,0.0,0.0,90047.0,0.0,0.0,67,67,0,0,67,75,,0,0,0,0,-8
2020-05-29,US,Tennessee,Unicoi,4,0,0,36.10890856,-82.43709629,47171.0,22.367611698260923,0.0,4,4,0,0,4,3,17761,0,0,0,0,1
2020-05-29,US,Tennessee,Union,4,0,0,36.28590426,-83.83651902,47173.0,20.02803925495694,0.0,4,4,0,0,4,4,19688,0,0,0,0,0
2020-05-29,US,Tennessee,Van Buren,4,0,0,35.69864497,-85.45221699,47175.0,68.11989100817439,0.0,4,4,0,0,4,4,5765,0,0,0,0,0
2020-05-29,US,Tennessee,Warren,23,0,0,35.672829899999996,-85.77969117,47177.0,55.72110376238582,0.0,23,22,0,0,22,22,40878,1,0,0,1,0
2020-05-29,US,Tennessee,Washington,75,0,0,36.29472368,-82.49454720000001,47179.0,57.97101449275362,0.0,75,75,0,0,75,75,128607,0,0,0,0,0
2020-05-29,US,Tennessee,Wayne,63,0,0,35.23868267,-87.78644456,47181.0,377.8564145624663,0.0,63,63,0,0,63,63,16558,0,0,0,0,0
2020-05-29,US,Tennessee,Weakley,26,0,0,36.29896232,-88.71990865,47183.0,78.01248199711955,0.0,26,26,0,0,26,26,33415,0,0,0,0,0
2020-05-29,US,Tennessee,White,31,0,0,35.92929884,-85.45591799,47185.0,113.36624611446335,0.0,31,30,0,0,30,28,27107,1,0,0,1,2
2020-05-29,US,Tennessee,Williamson,542,10,0,35.89099229,-86.89281867,47187.0,227.33755012331596,1.845018450184502,532,533,10,0,523,532,231729,9,0,0,9,1
2020-05-29,US,Tennessee,Wilson,389,8,0,36.15496772,-86.29775884,47189.0,268.91197798931273,2.056555269922879,381,387,8,0,379,382,140625,2,0,0,2,5
2020-05-29,US,Texas,Anderson,66,0,0,31.81534745,-95.65354823,48001.0,114.31540659911666,0.0,66,66,0,0,66,66,58057,0,0,0,0,0
2020-05-29,US,Texas,Andrews,27,0,0,32.30468633,-102.63765479999999,48003.0,144.34643143544506,0.0,27,27,0,0,27,27,18128,0,0,0,0,0
2020-05-29,US,Texas,Angelina,201,4,0,31.25457347,-94.60901487,48005.0,231.79380729977512,1.9900497512437807,197,201,4,0,197,193,87092,0,0,0,0,8
2020-05-29,US,Texas,Aransas,5,0,0,28.10556197,-96.9995047,48007.0,21.267545725223307,0.0,5,5,0,0,5,5,23792,0,0,0,0,0
2020-05-29,US,Texas,Archer,1,0,0,33.61569967,-98.68754589,48009.0,11.691804045364199,0.0,1,1,0,0,1,1,8786,0,0,0,0,0
2020-05-29,US,Texas,Armstrong,2,0,0,34.96507426,-101.35748740000001,48011.0,105.98834128245892,0.0,2,2,0,0,2,2,1892,0,0,0,0,0
2020-05-29,US,Texas,Atascosa,35,2,0,28.89333001,-98.52730485,48013.0,68.42218442711082,5.7142857142857135,33,35,2,0,33,35,50310,0,0,0,0,0
2020-05-29,US,Texas,Austin,24,0,0,29.88548725,-96.27736949,48015.0,79.91475759190197,0.0,24,24,0,0,24,24,29989,0,0,0,0,0
2020-05-29,US,Texas,Bailey,14,0,0,34.06854817,-102.8299707,48017.0,200.0,0.0,14,14,0,0,14,14,7027,0,0,0,0,0
2020-05-29,US,Texas,Bandera,6,0,0,29.74619598,-99.24598147,48019.0,25.960539979231573,0.0,6,6,0,0,6,6,22824,0,0,0,0,0
2020-05-29,US,Texas,Bastrop,196,3,0,30.10370699,-97.31206354,48021.0,220.91227753795516,1.5306122448979589,193,196,3,0,193,190,86976,0,0,0,0,6
2020-05-29,US,Texas,Bee,9,0,0,28.41761668,-97.74215593,48025.0,27.637033625057573,0.0,9,9,0,0,9,9,32587,0,0,0,0,0
2020-05-29,US,Texas,Bell,335,3,0,31.03736027,-97.4785025,48027.0,92.3058271153189,0.8955223880597015,332,335,3,0,332,329,355642,0,0,0,0,6
2020-05-29,US,Texas,Bexar,2583,71,0,29.44928723,-98.52019748,48029.0,128.92090754728846,2.7487417731320174,2512,2583,71,0,2512,2449,1986049,0,0,0,0,134
2020-05-29,US,Texas,Blanco,8,0,0,30.26640707,-98.3999852,48031.0,67.05221691392171,0.0,8,8,0,0,8,8,11702,0,0,0,0,0
2020-05-29,US,Texas,Bosque,6,0,0,31.89978581,-97.63613524,48035.0,32.11131924003211,0.0,6,6,0,0,6,6,18691,0,0,0,0,0
2020-05-29,US,Texas,Bowie,189,11,0,33.44626922,-94.41834132,48037.0,202.6918333422704,5.8201058201058204,178,189,11,0,178,156,94324,0,0,0,0,33
2020-05-29,US,Texas,Brazoria,861,12,0,29.18757369,-95.44563172,48039.0,230.0515144390056,1.3937282229965158,849,861,12,0,849,853,370200,0,0,0,0,8
2020-05-29,US,Texas,Brazos,455,19,0,30.663644800000004,-96.30205577,48041.0,198.50705245385257,4.175824175824176,436,455,19,0,436,444,226758,0,0,0,0,11
2020-05-29,US,Texas,Brewster,1,0,0,29.81008251,-103.25203259999999,48043.0,10.866021949364338,0.0,1,1,0,0,1,1,9267,0,0,0,0,0
2020-05-29,US,Texas,Briscoe,1,0,0,34.53026962,-101.2084947,48045.0,64.68305304010349,0.0,1,1,0,0,1,1,1516,0,0,0,0,0
2020-05-29,US,Texas,Brooks,1,0,0,27.03103197,-98.21808402,48047.0,14.098406880022555,0.0,1,1,0,0,1,1,7114,0,0,0,0,0
2020-05-29,US,Texas,Brown,57,9,0,31.77430356,-98.99907113,48049.0,150.53877033593915,15.789473684210524,48,57,9,0,48,57,37924,0,0,0,0,0
2020-05-29,US,Texas,Burleson,23,0,0,30.49273808,-96.62158484,48051.0,124.7085615138535,0.0,23,23,0,0,23,22,18389,0,0,0,0,1
2020-05-29,US,Texas,Burnet,32,0,0,30.78801353,-98.181887,48053.0,66.45208181912574,0.0,32,32,0,0,32,30,47542,0,0,0,0,2
2020-05-29,US,Texas,Caldwell,57,0,0,29.83668859,-97.61814775,48055.0,130.54232319530965,0.0,57,57,0,0,57,52,43247,0,0,0,0,5
2020-05-29,US,Texas,Calhoun,37,3,0,28.47048236,-96.61633945,48057.0,173.79051197745417,8.108108108108109,34,37,3,0,34,37,21561,0,0,0,0,0
2020-05-29,US,Texas,Callahan,9,1,0,32.29760619,-99.37326312,48059.0,64.54851897009253,11.111111111111109,8,9,1,0,8,9,13994,0,0,0,0,0
2020-05-29,US,Texas,Cameron,743,35,0,26.14524221,-97.48140372,48061.0,175.58245876884322,4.710632570659488,708,731,33,0,698,711,423908,12,2,0,10,20
2020-05-29,US,Texas,Camp,74,0,0,32.97195142,-94.97790104,48063.0,565.1443409195051,0.0,74,74,0,0,74,58,13033,0,0,0,0,16
2020-05-29,US,Texas,Carson,6,0,0,35.40365929,-101.35426690000001,48065.0,101.24873439082012,0.0,6,6,0,0,6,6,6005,0,0,0,0,0
2020-05-29,US,Texas,Cass,29,0,0,33.07499881,-94.34646905,48067.0,96.58296143342436,0.0,29,29,0,0,29,25,30119,0,0,0,0,4
2020-05-29,US,Texas,Castro,32,1,0,34.53016752,-102.2617243,48069.0,424.9667994687915,3.125,31,32,1,0,31,32,7665,0,0,0,0,0
2020-05-29,US,Texas,Chambers,62,0,0,29.70972016,-94.67154501,48071.0,141.43303601980062,0.0,62,62,0,0,62,62,42454,0,0,0,0,0
2020-05-29,US,Texas,Cherokee,44,2,0,31.837258000000002,-95.16559897,48073.0,83.57709987463436,4.545454545454546,42,44,2,0,42,44,52592,0,0,0,0,0
2020-05-29,US,Texas,Childress,2,0,0,34.529304100000004,-100.2077916,48075.0,27.37476047084588,0.0,2,2,0,0,2,2,7291,0,0,0,0,0
2020-05-29,US,Texas,Clay,3,0,0,33.78686685,-98.20771198,48077.0,28.65055868589437,0.0,3,3,0,0,3,3,10456,0,0,0,0,0
2020-05-29,US,Texas,Cochran,1,0,0,33.60425307,-102.82844990000001,48079.0,35.05082369435681,0.0,1,1,0,0,1,1,2836,0,0,0,0,0
2020-05-29,US,Texas,Coke,1,0,0,31.88911733,-100.5297533,48081.0,29.524653085326253,0.0,1,1,0,0,1,1,3370,0,0,0,0,0
2020-05-29,US,Texas,Coleman,3,0,0,31.76736834,-99.45240766,48083.0,36.697247706422026,0.0,3,3,0,0,3,2,8397,0,0,0,0,1
2020-05-29,US,Texas,Collin,1217,33,0,33.18820114,-96.57264368,48085.0,117.61522329496584,2.711585866885785,1184,1217,33,0,1184,1189,1005146,0,0,0,0,28
2020-05-29,US,Texas,Collingsworth,5,0,0,34.96489496,-100.27001109999999,48087.0,171.23287671232876,0.0,5,5,0,0,5,5,2962,0,0,0,0,0
2020-05-29,US,Texas,Colorado,22,0,0,29.622097999999998,-96.5273805,48089.0,102.35890755129576,0.0,22,22,0,0,22,21,21217,0,0,0,0,1
2020-05-29,US,Texas,Comal,87,6,0,29.80811278,-98.27647225,48091.0,55.6946142667836,6.896551724137932,81,87,6,0,81,83,148373,0,0,0,0,4
2020-05-29,US,Texas,Comanche,9,1,0,31.94854689,-98.55876441,48093.0,66.006600660066,11.111111111111109,8,9,1,0,8,9,13534,0,0,0,0,0
2020-05-29,US,Texas,Concho,1,0,0,31.32635934,-99.86473038,48095.0,36.683785766691116,0.0,1,1,0,0,1,1,4276,0,0,0,0,0
2020-05-29,US,Texas,Cooke,13,0,0,33.63979567,-97.21240912,48097.0,31.50980439682963,0.0,13,13,0,0,13,13,40574,0,0,0,0,0
2020-05-29,US,Texas,Coryell,227,2,0,31.39078397,-97.79936155,48099.0,298.8769074798225,0.8810572687224669,225,227,2,0,225,227,74808,0,0,0,0,0
2020-05-29,US,Texas,Cottle,4,1,0,34.07783319,-100.27850620000001,48101.0,286.12303290414883,25.0,3,4,1,0,3,4,1389,0,0,0,0,0
2020-05-29,US,Texas,Crane,22,2,0,31.43052248,-102.5143314,48103.0,458.61997081509287,9.090909090909092,20,22,2,0,20,22,4794,0,0,0,0,0
2020-05-29,US,Texas,Crosby,3,1,0,33.61431553,-101.30003640000001,48107.0,52.292138748474805,33.333333333333336,2,3,1,0,2,3,5779,0,0,0,0,0
2020-05-29,US,Texas,Dallam,24,1,0,36.27787176,-102.60207249999999,48111.0,329.35364347468095,4.166666666666667,23,24,1,0,23,22,7200,0,0,0,0,2
2020-05-29,US,Texas,Dallas,9787,223,0,32.76670599,-96.77796049999999,48113.0,371.3504300486129,2.2785327475222235,9564,9587,222,0,9365,9385,2637772,200,1,0,199,202
2020-05-29,US,Texas,Dawson,40,1,0,32.74255572,-101.94772420000001,48115.0,314.26775612822127,2.5,39,40,1,0,39,40,12619,0,0,0,0,0
2020-05-29,US,Texas,DeWitt,17,1,0,29.08101855,-97.35681170000001,48123.0,84.32539682539681,5.882352941176472,16,17,1,0,16,17,20187,0,0,0,0,0
2020-05-29,US,Texas,Deaf Smith,161,13,0,34.96522957,-102.6054267,48117.0,868.1117222042488,8.074534161490684,148,161,13,0,148,158,18760,0,0,0,0,3
2020-05-29,US,Texas,Delta,1,0,0,33.38570922,-95.66921122,48119.0,18.758206715438003,0.0,1,1,0,0,1,1,5349,0,0,0,0,0
2020-05-29,US,Texas,Denton,1285,30,0,33.20521901,-97.11691153,48121.0,144.83654885500226,2.3346303501945527,1255,1285,30,0,1255,1255,859064,0,0,0,0,30
2020-05-29,US,Texas,Dickens,1,0,0,33.61616822,-100.7788855,48125.0,45.22840343735866,0.0,1,1,0,0,1,1,2249,0,0,0,0,0
2020-05-29,US,Texas,Dimmit,1,0,0,28.42270064,-99.75645095,48127.0,9.877518767285656,0.0,1,1,0,0,1,1,10308,0,0,0,0,0
2020-05-29,US,Texas,Donley,26,0,0,34.96517499,-100.8140093,48129.0,793.1665649786455,0.0,26,26,0,0,26,26,3319,0,0,0,0,0
2020-05-29,US,Texas,Duval,5,0,0,27.68184592,-98.50864568,48131.0,44.81491440351349,0.0,5,5,0,0,5,5,11212,0,0,0,0,0
2020-05-29,US,Texas,Eastland,6,0,0,32.32743996,-98.83243566,48133.0,32.6797385620915,0.0,6,6,0,0,6,6,18322,0,0,0,0,0
2020-05-29,US,Texas,Ector,152,5,0,31.86898877,-102.54294279999999,48135.0,91.44342239040327,3.2894736842105265,147,152,5,0,147,152,162124,0,0,0,0,0
2020-05-29,US,Texas,El Paso,2569,72,0,31.76980765,-106.23632749999999,48141.0,306.1110197583999,2.8026469443363182,2497,2569,72,0,2497,2461,840758,0,0,0,0,108
2020-05-29,US,Texas,Ellis,305,13,0,32.34894117,-96.79371841,48139.0,165.02007293346173,4.262295081967213,292,305,13,0,292,290,179436,0,0,0,0,15
2020-05-29,US,Texas,Erath,16,1,0,32.23602653,-98.21773417,48143.0,37.47248114665792,6.25,15,16,1,0,15,16,42446,0,0,0,0,0
2020-05-29,US,Texas,Falls,6,0,0,31.25350609,-96.93630086,48145.0,34.688096201653465,0.0,6,6,0,0,6,6,17335,0,0,0,0,0
2020-05-29,US,Texas,Fannin,37,2,0,33.59564294,-96.10751083,48147.0,104.18426536013966,5.405405405405406,35,37,2,0,35,37,35286,0,0,0,0,0
2020-05-29,US,Texas,Fayette,34,2,0,29.87788372,-96.92076062,48149.0,134.14345458849522,5.882352941176472,32,34,2,0,32,32,25349,0,0,0,0,2
2020-05-29,US,Texas,Fisher,2,1,0,32.74281316,-100.40193020000001,48151.0,52.219321148825074,50.0,1,2,1,0,1,2,3839,0,0,0,0,0
2020-05-29,US,Texas,Floyd,8,0,0,34.07227468,-101.3031546,48153.0,140.05602240896357,0.0,8,8,0,0,8,7,5837,0,0,0,0,1
2020-05-29,US,Texas,Fort Bend,1766,41,0,29.52704478,-95.77219463,48157.0,217.57128354737284,2.3216308040770097,1725,1766,41,0,1725,1732,787858,0,0,0,0,34
2020-05-29,US,Texas,Franklin,13,0,0,33.17653242,-95.21917243,48159.0,121.21212121212122,0.0,13,13,0,0,13,13,10766,0,0,0,0,0
2020-05-29,US,Texas,Freestone,10,0,0,31.70422788,-96.15072516,48161.0,50.717654815641325,0.0,10,10,0,0,10,10,19808,0,0,0,0,0
2020-05-29,US,Texas,Frio,37,0,0,28.86751206,-99.10804207,48163.0,182.21215404313995,0.0,37,37,0,0,37,37,19816,0,0,0,0,0
2020-05-29,US,Texas,Gaines,7,0,0,32.74055318,-102.6353295,48165.0,32.570258700911964,0.0,7,7,0,0,7,7,20901,0,0,0,0,0
2020-05-29,US,Texas,Galveston,779,32,0,29.40167322,-94.90469073,48167.0,227.6852390402731,4.10783055198973,747,779,32,0,747,763,337890,0,0,0,0,16
2020-05-29,US,Texas,Garza,5,0,0,33.17969345,-101.2984114,48169.0,80.26970621287526,0.0,5,5,0,0,5,5,6578,0,0,0,0,0
2020-05-29,US,Texas,Gillespie,5,0,0,30.31824095,-98.94676915,48171.0,18.526752630798875,0.0,5,5,0,0,5,5,26804,0,0,0,0,0
2020-05-29,US,Texas,Glasscock,1,0,0,31.86942909,-101.5207776,48173.0,70.97232079489001,0.0,1,1,0,0,1,1,1388,0,0,0,0,0
2020-05-29,US,Texas,Goliad,7,0,0,28.65696592,-97.42760647,48175.0,91.40767824497256,0.0,7,7,0,0,7,7,7584,0,0,0,0,0
2020-05-29,US,Texas,Gonzales,111,2,0,29.45634206,-97.49424032,48177.0,532.7062437011086,1.8018018018018016,109,111,2,0,109,100,20826,0,0,0,0,11
2020-05-29,US,Texas,Gray,96,2,0,35.40081878,-100.8129222,48179.0,438.6365713241341,2.083333333333333,94,96,2,0,94,96,21895,0,0,0,0,0
2020-05-29,US,Texas,Grayson,316,2,0,33.62744998,-96.67753461,48181.0,231.99130766745955,0.6329113924050633,314,316,2,0,314,310,133991,0,0,0,0,6
2020-05-29,US,Texas,Gregg,201,6,0,32.47940482,-94.81591935,48183.0,162.1687038605833,2.985074626865672,195,201,6,0,195,197,123707,0,0,0,0,4
2020-05-29,US,Texas,Grimes,113,1,0,30.54579585,-95.98902499,48185.0,391.2742382271469,0.8849557522123894,112,113,1,0,112,111,28360,0,0,0,0,2
2020-05-29,US,Texas,Guadalupe,126,0,0,29.58165339,-97.94786822,48187.0,75.51828921107362,0.0,126,126,0,0,126,124,163694,0,0,0,0,2
2020-05-29,US,Texas,Hale,56,4,0,34.07044901,-101.82681140000001,48189.0,167.6345566664671,7.142857142857142,52,56,4,0,52,56,33830,0,0,0,0,0
2020-05-29,US,Texas,Hall,2,0,0,34.5307555,-100.68138520000001,48191.0,67.47638326585695,0.0,2,2,0,0,2,2,3028,0,0,0,0,0
2020-05-29,US,Texas,Hamilton,7,1,0,31.70470573,-98.11083887,48193.0,82.73253752511523,14.285714285714285,6,7,1,0,6,7,8484,0,0,0,0,0
2020-05-29,US,Texas,Hansford,18,2,0,36.27743284,-101.3545796,48195.0,333.39507316169664,11.111111111111109,16,18,2,0,16,18,5463,0,0,0,0,0
2020-05-29,US,Texas,Hardeman,1,0,0,34.28944521,-99.74632408,48197.0,25.425883549453346,0.0,1,1,0,0,1,1,3922,0,0,0,0,0
2020-05-29,US,Texas,Hardin,137,5,0,30.33364686,-94.38931817,48199.0,237.8389639248637,3.6496350364963503,132,137,5,0,132,136,57207,0,0,0,0,1
2020-05-29,US,Texas,Harris,12009,228,0,29.86,-95.39,48201.0,254.78828640078927,1.8985760679490384,11781,11770,224,0,11546,11542,4698619,239,4,0,235,228
2020-05-29,US,Texas,Harrison,239,25,0,32.54935988,-94.36934071,48203.0,359.11228644839446,10.460251046025103,214,239,25,0,214,236,66726,0,0,0,0,3
2020-05-29,US,Texas,Hartley,11,2,0,35.84008013,-102.6029022,48205.0,197.27403156384503,18.181818181818183,9,11,2,0,9,11,5619,0,0,0,0,0
2020-05-29,US,Texas,Haskell,2,0,0,33.17823584,-99.73037358,48207.0,35.348179568752215,0.0,2,2,0,0,2,2,5813,0,0,0,0,0
2020-05-29,US,Texas,Hays,297,3,0,30.05669873,-98.02944344,48209.0,129.0232893553614,1.0101010101010102,294,297,3,0,294,279,222631,0,0,0,0,18
2020-05-29,US,Texas,Hemphill,1,0,0,35.83764858,-100.2703577,48211.0,26.18486514794449,0.0,1,1,0,0,1,1,3825,0,0,0,0,0
2020-05-29,US,Texas,Henderson,57,0,0,32.21128872,-95.85846587,48213.0,68.89299829580477,0.0,57,57,0,0,57,56,82299,0,0,0,0,1
2020-05-29,US,Texas,Hidalgo,548,10,0,26.39418217,-98.18299696,48215.0,63.08225903555515,1.8248175182481752,538,537,10,0,527,516,865939,11,0,0,11,21
2020-05-29,US,Texas,Hill,24,1,0,31.99045053,-97.13423143,48217.0,65.48609784714452,4.166666666666667,23,24,1,0,23,24,36354,0,0,0,0,0
2020-05-29,US,Texas,Hockley,27,1,0,33.60771256,-102.3431676,48219.0,117.28421875678728,3.703703703703704,26,27,1,0,26,27,22980,0,0,0,0,0
2020-05-29,US,Texas,Hood,26,3,0,32.42990927,-97.83242024,48221.0,42.178349528738046,11.538461538461537,23,26,3,0,23,26,60537,0,0,0,0,0
2020-05-29,US,Texas,Hopkins,24,0,0,33.14875072,-95.56351139,48223.0,64.71793765505339,0.0,24,24,0,0,24,21,36810,0,0,0,0,3
2020-05-29,US,Texas,Houston,84,0,0,31.31925973,-95.42226208,48225.0,365.7262277951933,0.0,84,84,0,0,84,84,23169,0,0,0,0,0
2020-05-29,US,Texas,Howard,7,1,0,32.30621324,-101.4356444,48227.0,19.09229762164521,14.285714285714285,6,7,1,0,6,6,36459,0,0,0,0,1
2020-05-29,US,Texas,Hudspeth,1,0,0,31.45628381,-105.388178,48229.0,20.466639377814165,0.0,1,1,0,0,1,1,4795,0,0,0,0,0
2020-05-29,US,Texas,Hunt,76,4,0,33.12351514,-96.08551032,48231.0,77.08379820273039,5.2631578947368425,72,76,4,0,72,76,96493,0,0,0,0,0
2020-05-29,US,Texas,Hutchinson,34,0,0,35.84006574,-101.3546643,48233.0,162.38418187028367,0.0,34,34,0,0,34,30,21198,0,0,0,0,4
2020-05-29,US,Texas,Jack,4,0,0,33.23377248,-98.17283469,48237.0,44.76776720761052,0.0,4,4,0,0,4,4,8843,0,0,0,0,0
2020-05-29,US,Texas,Jackson,18,1,0,28.95472367,-96.57749563,48239.0,121.95121951219512,5.5555555555555545,17,18,1,0,17,17,14874,0,0,0,0,1
2020-05-29,US,Texas,Jasper,28,1,0,30.74685667,-94.02667579,48241.0,78.80886036758704,3.571428571428572,27,28,1,0,27,28,35872,0,0,0,0,0
2020-05-29,US,Texas,Jefferson,518,27,0,29.8832777,-94.16434171,48245.0,205.91099715779225,5.212355212355212,491,518,27,0,491,506,255001,0,0,0,0,12
2020-05-29,US,Texas,Jim Hogg,4,0,0,27.04453923,-98.69681870000001,48247.0,76.92307692307692,0.0,4,4,0,0,4,4,5248,0,0,0,0,0
2020-05-29,US,Texas,Jim Wells,9,0,0,27.73103938,-98.0904705,48249.0,22.232103156958647,0.0,9,9,0,0,9,9,40822,0,0,0,0,0
2020-05-29,US,Texas,Johnson,165,4,0,32.37877812,-97.36615819,48251.0,93.84758015436505,2.4242424242424243,161,165,4,0,161,158,171361,0,0,0,0,7
2020-05-29,US,Texas,Jones,323,0,0,32.73997145,-99.87861576,48253.0,1608.3254493850518,0.0,323,323,0,0,323,101,19817,0,0,0,0,222
2020-05-29,US,Texas,Karnes,4,0,0,28.90705334,-97.85960149,48255.0,25.63938209089161,0.0,4,4,0,0,4,4,15650,0,0,0,0,0
2020-05-29,US,Texas,Kaufman,203,2,0,32.599141700000004,-96.28734728,48257.0,149.0958767278229,0.9852216748768472,201,203,2,0,201,199,128622,0,0,0,0,4
2020-05-29,US,Texas,Kendall,28,0,0,29.94414155,-98.7113588,48259.0,59.03312179798022,0.0,28,28,0,0,28,28,45641,0,0,0,0,0
2020-05-29,US,Texas,Kerr,17,0,0,30.06040006,-99.34930144,48265.0,32.31939163498099,0.0,17,17,0,0,17,17,52405,0,0,0,0,0
2020-05-29,US,Texas,Kimble,1,0,0,30.48678918,-99.74856473,48267.0,23.057412958266077,0.0,1,1,0,0,1,1,4362,0,0,0,0,0
2020-05-29,US,Texas,Kleberg,16,1,0,27.42435506,-97.69894948,48273.0,52.15123859191656,6.25,15,16,1,0,15,16,31129,0,0,0,0,0
2020-05-29,US,Texas,Knox,1,0,0,33.60519951,-99.74229059999999,48275.0,27.29257641921397,0.0,1,1,0,0,1,1,3653,0,0,0,0,0
2020-05-29,US,Texas,La Salle,4,0,0,28.34453111,-99.09908775,48283.0,53.19148936170214,0.0,4,4,0,0,4,4,7531,0,0,0,0,0
2020-05-29,US,Texas,Lamar,136,9,0,33.66981763,-95.57404777,48277.0,272.769209169859,6.617647058823528,127,136,9,0,127,134,49728,0,0,0,0,2
2020-05-29,US,Texas,Lamb,16,0,0,34.06859623,-102.35162890000001,48279.0,124.09834794074304,0.0,16,16,0,0,16,16,13158,0,0,0,0,0
2020-05-29,US,Texas,Lampasas,8,0,0,31.19531316,-98.24206613,48281.0,37.334328915437744,0.0,8,8,0,0,8,8,21229,0,0,0,0,0
2020-05-29,US,Texas,Lavaca,11,1,0,29.38508402,-96.93186692,48285.0,54.57973603254937,9.090909090909092,10,11,1,0,10,11,20110,0,0,0,0,0
2020-05-29,US,Texas,Lee,21,0,0,30.31120597,-96.97045773,48287.0,121.81681071987934,0.0,21,21,0,0,21,11,17144,0,0,0,0,10
2020-05-29,US,Texas,Leon,10,0,0,31.29872538,-95.9936328,48289.0,57.45805561939784,0.0,10,10,0,0,10,9,17270,0,0,0,0,1
2020-05-29,US,Texas,Liberty,81,3,0,30.15152688,-94.81205615,48291.0,91.81695553112141,3.703703703703704,78,81,3,0,78,80,86323,0,0,0,0,1
2020-05-29,US,Texas,Limestone,23,1,0,31.5454767,-96.58095444,48293.0,98.13542688910697,4.3478260869565215,22,23,1,0,22,23,23519,0,0,0,0,0
2020-05-29,US,Texas,Lipscomb,2,0,0,36.27783108,-100.27331509999999,48295.0,61.86204763377668,0.0,2,2,0,0,2,2,3355,0,0,0,0,0
2020-05-29,US,Texas,Live Oak,9,0,0,28.35101362,-98.1246786,48297.0,73.72818874416319,0.0,9,9,0,0,9,9,12166,0,0,0,0,0
2020-05-29,US,Texas,Llano,3,0,0,30.70645047,-98.68475262,48299.0,13.764624913971096,0.0,3,3,0,0,3,3,21646,0,0,0,0,0
2020-05-29,US,Texas,Lubbock,677,50,0,33.61008596,-101.82047890000001,48303.0,217.98698517881692,7.385524372230427,627,677,50,0,627,674,307412,0,0,0,0,3
2020-05-29,US,Texas,Lynn,6,1,0,33.17657705,-101.8162849,48305.0,100.8233910267182,16.666666666666668,5,6,1,0,5,6,5877,0,0,0,0,0
2020-05-29,US,Texas,Madison,8,0,0,30.96694679,-95.93003775,48313.0,56.00672080649678,0.0,8,8,0,0,8,8,14422,0,0,0,0,0
2020-05-29,US,Texas,Marion,16,1,0,32.79868409,-94.35661230000001,48315.0,162.3706109194236,6.25,15,16,1,0,15,16,9928,0,0,0,0,0
2020-05-29,US,Texas,Martin,3,1,0,32.30600051,-101.9513518,48317.0,51.984058222145215,33.333333333333336,2,3,1,0,2,3,5753,0,0,0,0,0
2020-05-29,US,Texas,Mason,31,0,0,30.71780434,-99.22629416,48319.0,725.3158633598503,0.0,31,31,0,0,31,31,4280,0,0,0,0,0
2020-05-29,US,Texas,Matagorda,70,5,0,28.81955746,-96.01230294,48321.0,191.03239363589225,7.142857142857142,65,70,5,0,65,67,36552,0,0,0,0,3
2020-05-29,US,Texas,Maverick,116,1,0,28.7429195,-100.3157686,48323.0,197.5409556895201,0.8620689655172413,115,109,1,0,108,109,58485,7,0,0,7,0
2020-05-29,US,Texas,McCulloch,3,0,0,31.1925468,-99.34682807,48307.0,37.5751503006012,0.0,3,3,0,0,3,3,7987,0,0,0,0,0
2020-05-29,US,Texas,McLennan,113,4,0,31.55255453,-97.20217694,48309.0,44.03346543372963,3.5398230088495577,109,113,4,0,109,112,254607,0,0,0,0,1
2020-05-29,US,Texas,Medina,69,2,0,29.355730100000002,-99.11030298,48325.0,133.7624069478908,2.898550724637681,67,69,2,0,67,68,50921,0,0,0,0,1
2020-05-29,US,Texas,Midland,126,12,0,31.86904128,-102.03156820000001,48329.0,71.25407166123779,9.523809523809524,114,126,12,0,114,125,172578,0,0,0,0,1
2020-05-29,US,Texas,Milam,28,1,0,30.78581830000001,-96.97718698,48331.0,112.79861418845422,3.571428571428572,27,28,1,0,27,28,25131,0,0,0,0,0
2020-05-29,US,Texas,Mills,1,0,0,31.49557106,-98.59272068,48333.0,20.521239482864765,0.0,1,1,0,0,1,1,4921,0,0,0,0,0
2020-05-29,US,Texas,Mitchell,1,0,0,32.30623474,-100.9212058,48335.0,11.702750146284375,0.0,1,1,0,0,1,1,8145,0,0,0,0,0
2020-05-29,US,Texas,Montague,9,1,0,33.67521893,-97.72500958,48337.0,45.41326067211626,11.111111111111109,8,9,1,0,8,9,19596,0,0,0,0,0
2020-05-29,US,Texas,Montgomery,954,26,0,30.30079133,-95.50572772,48339.0,157.0652182860793,2.7253668763102725,928,926,26,0,900,926,590925,28,0,0,28,0
2020-05-29,US,Texas,Moore,583,13,0,35.83769242,-101.8930281,48341.0,2784.1451766953196,2.229845626072041,570,583,13,0,570,583,21485,0,0,0,0,0
2020-05-29,US,Texas,Morris,27,0,0,33.11304005,-94.73255695,48343.0,217.95285760413304,0.0,27,27,0,0,27,22,12339,0,0,0,0,5
2020-05-29,US,Texas,Motley,1,0,0,34.07408766,-100.77972199999999,48345.0,83.33333333333333,0.0,1,1,0,0,1,1,1234,0,0,0,0,0
2020-05-29,US,Texas,Nacogdoches,271,20,0,31.62017125,-94.61803994,48347.0,415.6186737009999,7.380073800738008,251,271,20,0,251,261,65711,0,0,0,0,10
2020-05-29,US,Texas,Navarro,49,2,0,32.04620681,-96.47428766,48349.0,97.77901941611955,4.081632653061225,47,49,2,0,47,49,49565,0,0,0,0,0
2020-05-29,US,Texas,Newton,4,0,0,30.78548982,-93.74408813,48351.0,29.422581831555718,0.0,4,4,0,0,4,4,13746,0,0,0,0,0
2020-05-29,US,Texas,Nolan,2,0,0,32.30365282,-100.4060208,48353.0,13.592496941688188,0.0,2,2,0,0,2,2,14751,0,0,0,0,0
2020-05-29,US,Texas,Nueces,268,3,0,27.736286,-97.5433285,48355.0,73.97307159378848,1.1194029850746268,265,268,3,0,265,266,362265,0,0,0,0,2
2020-05-29,US,Texas,Ochiltree,48,2,0,36.27829105,-100.8158184,48357.0,488.00325335502237,4.166666666666667,46,48,2,0,46,43,9947,0,0,0,0,5
2020-05-29,US,Texas,Oldham,3,1,0,35.40425596,-102.6027606,48359.0,142.04545454545453,33.333333333333336,2,3,1,0,2,3,2131,0,0,0,0,0
2020-05-29,US,Texas,Orange,96,2,0,30.11879481,-93.89412775,48361.0,115.11343469710778,2.083333333333333,94,96,2,0,94,96,83572,0,0,0,0,0
2020-05-29,US,Texas,Palo Pinto,11,2,0,32.75310985,-98.31319001,48363.0,37.68542944259824,18.181818181818183,9,11,2,0,9,11,28875,0,0,0,0,0
2020-05-29,US,Texas,Panola,196,22,0,32.163959600000005,-94.30552481,48365.0,845.0461326205052,11.224489795918366,174,196,22,0,174,194,23148,0,0,0,0,2
2020-05-29,US,Texas,Parker,70,1,0,32.77757172,-97.80500621,48367.0,48.99284704433153,1.4285714285714286,69,70,1,0,69,68,138371,0,0,0,0,2
2020-05-29,US,Texas,Parmer,53,0,0,34.52993409,-102.78446679999999,48369.0,551.7959396147841,0.0,53,53,0,0,53,54,9864,0,0,0,0,-1
2020-05-29,US,Texas,Pecos,56,0,0,30.78097267,-102.72412609999999,48371.0,353.91518675346015,0.0,56,56,0,0,56,27,15673,0,0,0,0,29
2020-05-29,US,Texas,Polk,54,0,0,30.79472531,-94.82766240000001,48373.0,105.15451872334627,0.0,54,54,0,0,54,53,50031,0,0,0,0,1
2020-05-29,US,Texas,Potter,2266,27,0,35.40133773,-101.893964,48375.0,1929.9067410467144,1.1915269196822595,2239,2266,27,0,2239,2251,119648,0,0,0,0,15
2020-05-29,US,Texas,Presidio,1,0,0,29.99954402,-104.24080790000001,48377.0,14.916467780429594,0.0,1,1,0,0,1,1,6948,0,0,0,0,0
2020-05-29,US,Texas,Rains,3,0,0,32.87109387,-95.79232691,48379.0,23.973150071919452,0.0,3,3,0,0,3,3,12159,0,0,0,0,0
2020-05-29,US,Texas,Randall,655,6,0,34.96585996,-101.8971322,48381.0,475.6268471386143,0.916030534351145,649,655,6,0,649,652,136271,0,0,0,0,3
2020-05-29,US,Texas,Reagan,1,0,0,31.36607041,-101.52326590000001,48383.0,25.98077422707197,0.0,1,1,0,0,1,1,3741,0,0,0,0,0
2020-05-29,US,Texas,Red River,50,5,0,33.61886692,-95.04841765,48387.0,415.8695832986775,10.0,45,50,5,0,45,50,12175,0,0,0,0,0
2020-05-29,US,Texas,Reeves,7,0,0,31.32323325,-103.69038959999999,48389.0,43.81572358537807,0.0,7,7,0,0,7,7,15695,0,0,0,0,0
2020-05-29,US,Texas,Refugio,3,0,0,28.323897600000002,-97.15766311,48391.0,43.17789291882556,0.0,3,3,0,0,3,3,7032,0,0,0,0,0
2020-05-29,US,Texas,Roberts,2,0,0,35.83809685,-100.813175,48393.0,234.192037470726,0.0,2,2,0,0,2,2,903,0,0,0,0,0
2020-05-29,US,Texas,Robertson,7,0,0,31.02539637,-96.51272246,48395.0,40.998008668150405,0.0,7,7,0,0,7,7,17284,0,0,0,0,0
2020-05-29,US,Texas,Rockwall,159,13,0,32.89779518,-96.40771592,48397.0,151.5512557784874,8.176100628930818,146,159,13,0,146,156,100657,0,0,0,0,3
2020-05-29,US,Texas,Runnels,2,0,0,31.8314342,-99.97616148,48399.0,19.48558067030397,0.0,2,2,0,0,2,2,10234,0,0,0,0,0
2020-05-29,US,Texas,Rusk,45,2,0,32.10773545,-94.76176432,48401.0,82.71146564717127,4.4444444444444455,43,45,2,0,43,44,54450,0,0,0,0,1
2020-05-29,US,Texas,Sabine,6,0,0,31.34318809,-93.85440451,48403.0,56.915196357427426,0.0,6,6,0,0,6,5,10589,0,0,0,0,1
2020-05-29,US,Texas,San Augustine,31,2,0,31.39457611,-94.17000399,48405.0,376.35061308728905,6.451612903225807,29,31,2,0,29,31,8232,0,0,0,0,0
2020-05-29,US,Texas,San Jacinto,14,0,0,30.57933681,-95.16260304,48407.0,48.51172944315465,0.0,14,14,0,0,14,14,28719,0,0,0,0,0
2020-05-29,US,Texas,San Patricio,32,0,0,28.00880118,-97.51763891,48409.0,47.95444327888506,0.0,32,32,0,0,32,29,66893,0,0,0,0,3
2020-05-29,US,Texas,San Saba,1,0,0,31.1577796,-98.81758731,48411.0,16.515276630883566,0.0,1,1,0,0,1,1,6054,0,0,0,0,0
2020-05-29,US,Texas,Scurry,2,0,0,32.74613808,-100.91626640000001,48415.0,11.973896904747653,0.0,2,2,0,0,2,2,16866,0,0,0,0,0
2020-05-29,US,Texas,Shackelford,1,0,0,32.73587756,-99.35401337,48417.0,30.627871362940283,0.0,1,1,0,0,1,1,3253,0,0,0,0,0
2020-05-29,US,Texas,Shelby,189,6,0,31.79211404,-94.14550696,48419.0,747.8040674210653,3.1746031746031744,183,189,6,0,183,187,25418,0,0,0,0,2
2020-05-29,US,Texas,Sherman,23,0,0,36.27751473,-101.8933156,48421.0,761.0853739245532,0.0,23,23,0,0,23,22,3079,0,0,0,0,1
2020-05-29,US,Texas,Smith,200,4,0,32.37474036,-95.27175679999999,48423.0,85.9287392965014,2.0,196,200,4,0,196,199,230221,0,0,0,0,1
2020-05-29,US,Texas,Starr,27,0,0,26.56150059,-98.73892358,48427.0,41.77432580879736,0.0,27,27,0,0,27,26,64525,0,0,0,0,1
2020-05-29,US,Texas,Stephens,4,0,0,32.73553157,-98.83631615,48429.0,42.707666026051676,0.0,4,4,0,0,4,4,9433,0,0,0,0,0
2020-05-29,US,Texas,Swisher,18,0,0,34.53028891,-101.73491740000001,48437.0,243.34189536298496,0.0,18,18,0,0,18,17,7462,0,0,0,0,1
2020-05-29,US,Texas,Tarrant,5190,155,0,32.77143818,-97.29101614,48439.0,246.84722820051223,2.9865125240847785,5035,5190,155,0,5035,5039,2084931,0,0,0,0,151
2020-05-29,US,Texas,Taylor,231,5,0,32.30163422,-99.89007449,48441.0,167.3500731703783,2.1645021645021645,226,231,5,0,226,230,137640,0,0,0,0,1
2020-05-29,US,Texas,Terry,13,0,0,33.17402785,-102.3354521,48445.0,105.3740779768177,0.0,13,13,0,0,13,13,12287,0,0,0,0,0
2020-05-29,US,Texas,Titus,443,2,0,33.21339719,-94.96797273,48449.0,1352.6717557251911,0.4514672686230248,441,443,2,0,441,347,33033,0,0,0,0,96
2020-05-29,US,Texas,Tom Green,93,1,0,31.40464436,-100.46244300000001,48451.0,78.0201342281879,1.075268817204301,92,93,1,0,92,93,118189,0,0,0,0,0
2020-05-29,US,Texas,Travis,3057,91,0,30.33432034,-97.78535620000001,48453.0,239.96156847107508,2.976774615636245,2966,3057,91,0,2966,2984,1248743,0,0,0,0,73
2020-05-29,US,Texas,Trinity,13,0,0,31.0879489,-95.1367187,48455.0,88.73114463176573,0.0,13,13,0,0,13,13,14740,0,0,0,0,0
2020-05-29,US,Texas,Tyler,11,0,0,30.77031716,-94.37690895,48457.0,50.75673680324844,0.0,11,11,0,0,11,11,21696,0,0,0,0,0
2020-05-29,US,Texas,Upshur,20,0,0,32.73706798,-94.93999853,48459.0,47.90074964673197,0.0,20,20,0,0,20,19,41260,0,0,0,0,1
2020-05-29,US,Texas,Uvalde,6,0,0,29.35739637,-99.76229172,48463.0,22.437455592535805,0.0,6,6,0,0,6,6,26846,0,0,0,0,0
2020-05-29,US,Texas,Val Verde,20,0,0,29.89149232,-101.1525205,48465.0,40.7955124936257,0.0,20,20,0,0,20,18,49208,0,0,0,0,2
2020-05-29,US,Texas,Van Zandt,30,1,0,32.56483801,-95.83766469,48467.0,53.01289980561936,3.333333333333333,29,30,1,0,29,30,56019,0,0,0,0,0
2020-05-29,US,Texas,Victoria,159,7,0,28.79780988,-96.96813006,48469.0,172.66843316971458,4.402515723270441,152,159,7,0,152,157,92035,0,0,0,0,2
2020-05-29,US,Texas,Walker,869,27,0,30.73872995,-95.57440968,48471.0,1190.8840498280138,3.1070195627157653,842,869,27,0,842,716,72480,0,0,0,0,153
2020-05-29,US,Texas,Waller,55,0,0,30.01058447,-95.99011759,48473.0,99.55471889367556,0.0,55,55,0,0,55,56,53126,0,0,0,0,-1
2020-05-29,US,Texas,Ward,1,0,0,31.50999644,-103.09279090000001,48475.0,8.334722453742291,0.0,1,1,0,0,1,1,11720,0,0,0,0,0
2020-05-29,US,Texas,Washington,197,23,0,30.21498498,-96.40946246,48477.0,549.0217936569868,11.6751269035533,174,197,23,0,174,196,35108,0,0,0,0,1
2020-05-29,US,Texas,Webb,524,19,0,27.7610369,-99.33237355,48479.0,189.4076312479216,3.6259541984732815,505,524,19,0,505,521,275910,0,0,0,0,3
2020-05-29,US,Texas,Wharton,57,0,0,29.27765923,-96.22319248,48481.0,137.1643084031187,0.0,57,57,0,0,57,56,41619,0,0,0,0,1
2020-05-29,US,Texas,Wheeler,15,0,0,35.40114335,-100.26995140000001,48483.0,296.67721518987344,0.0,15,15,0,0,15,15,5191,0,0,0,0,0
2020-05-29,US,Texas,Wichita,84,2,0,33.98842886,-98.70410340000001,48485.0,63.525674960296456,2.380952380952381,82,84,2,0,82,84,132064,0,0,0,0,0
2020-05-29,US,Texas,Wilbarger,6,0,0,34.07945812,-99.24178437,48487.0,46.988801002427756,0.0,6,6,0,0,6,6,12820,0,0,0,0,0
2020-05-29,US,Texas,Willacy,14,1,0,26.47411727,-97.61535848,48489.0,65.54920872740894,7.142857142857142,13,14,1,0,13,15,21515,0,0,0,0,-1
2020-05-29,US,Texas,Williamson,605,24,0,30.64655664,-97.60048540000001,48491.0,102.44669808365408,3.9669421487603302,581,596,23,0,573,588,566719,9,1,0,8,8
2020-05-29,US,Texas,Wilson,38,5,0,29.1732598,-98.08693082,48493.0,74.40767573918151,13.157894736842106,33,38,5,0,33,38,50224,0,0,0,0,0
2020-05-29,US,Texas,Winkler,3,0,0,31.85008651,-103.04851629999999,48495.0,37.453183520599254,0.0,3,3,0,0,3,3,7720,0,0,0,0,0
2020-05-29,US,Texas,Wise,45,3,0,33.21570665,-97.65460265,48497.0,64.30041152263375,6.666666666666668,42,45,3,0,42,45,68305,0,0,0,0,0
2020-05-29,US,Texas,Wood,26,1,0,32.78722382,-95.38236368,48499.0,57.09391949757351,3.8461538461538463,25,26,1,0,25,25,45129,0,0,0,0,1
2020-05-29,US,Texas,Yoakum,3,0,0,33.17320212,-102.82764329999999,48501.0,34.43130953747274,0.0,3,3,0,0,3,3,8591,0,0,0,0,0
2020-05-29,US,Texas,Young,4,1,0,33.17659707,-98.68790885,48503.0,22.209883398112158,25.0,3,4,1,0,3,4,18045,0,0,0,0,0
2020-05-29,US,Texas,Zapata,8,0,0,27.00156391,-99.16987152,48505.0,56.42146836871429,0.0,8,8,0,0,8,8,14190,0,0,0,0,0
2020-05-29,US,Texas,Zavala,11,0,0,28.86617238,-99.76050829,48507.0,92.9054054054054,0.0,11,11,0,0,11,11,11983,0,0,0,0,0
2020-05-29,US,Utah,Bear River,156,2,0,41.52106798,-113.08328159999999,0.0,83.50373090387436,1.2820512820512822,154,117,2,0,115,111,,39,0,0,39,6
2020-05-29,US,Utah,Central Utah,38,0,0,39.37231946,-111.5758676,0.0,46.36747443687923,0.0,38,34,0,0,34,33,,4,0,0,4,1
2020-05-29,US,Utah,Davis,447,2,0,40.99001837,-112.1139997,49011.0,125.74511717925851,0.44742729306487694,445,435,2,0,433,424,351713,12,0,0,12,11
2020-05-29,US,Utah,Salt Lake,4994,71,0,40.66616532,-111.92160109999999,49035.0,430.3551162191485,1.4217060472567082,4923,4806,70,0,4736,4682,1152633,188,1,0,187,124
2020-05-29,US,Utah,San Juan,286,5,0,37.62762978,-109.80337140000002,49037.0,1868.304154690358,1.7482517482517483,281,283,5,0,278,272,15449,3,0,0,3,11
2020-05-29,US,Utah,Southeast Utah,23,0,0,38.99617072,-110.70139579999999,0.0,57.172686370528716,0.0,23,23,0,0,23,23,,0,0,0,0,0
2020-05-29,US,Utah,Southwest Utah,386,4,0,37.85447192,-111.4418764,0.0,153.14907832821513,1.0362694300518134,382,360,4,0,356,335,,26,0,0,26,25
2020-05-29,US,Utah,Summit,412,0,0,40.86688146,-110.9535882,49043.0,977.5774113180687,0.0,412,409,0,0,409,407,41933,3,0,0,3,2
2020-05-29,US,Utah,Tooele,125,0,0,40.44862644,-113.12957150000001,49045.0,172.98883184101638,0.0,125,122,0,0,122,115,69907,3,0,0,3,7
2020-05-29,US,Utah,TriCounty,18,0,0,40.12491499,-109.5174415,0.0,31.78976369608986,0.0,18,20,0,0,20,20,,-2,0,0,-2,0
2020-05-29,US,Utah,Utah,1826,17,0,40.116672200000004,-111.66576620000001,49049.0,287.00087231919025,0.9309967141292442,1809,1777,17,0,1760,1753,622213,49,0,0,49,24
2020-05-29,US,Utah,Wasatch,265,1,0,40.33110236,-111.1691419,49051.0,777.3312604499721,0.37735849056603776,264,259,1,0,258,258,33240,6,0,0,6,1
2020-05-29,US,Utah,Weber-Morgan,288,5,0,41.27116049,-111.9145117,0.0,105.75133015344959,1.7361111111111112,283,276,5,0,271,273,,12,0,0,12,3
2020-05-29,US,Vermont,Addison,62,2,0,44.03217337,-73.14130877,50001.0,168.58362563558745,3.2258064516129035,60,62,2,0,60,62,36973,0,0,0,0,0
2020-05-29,US,Vermont,Bennington,63,1,0,43.03519828,-73.09048868,50003.0,177.61488581900196,1.5873015873015872,62,62,1,0,61,62,35631,1,0,0,1,0
2020-05-29,US,Vermont,Caledonia,15,0,0,44.46548598,-72.10314651,50005.0,50.01166938952422,0.0,15,15,0,0,15,15,30302,0,0,0,0,0
2020-05-29,US,Vermont,Chittenden,448,39,0,44.46322849,-73.08359212,50007.0,273.54769377312635,8.705357142857142,409,449,39,0,410,446,164572,-1,0,0,-1,3
2020-05-29,US,Vermont,Essex,3,0,0,44.72736416,-71.73579864,50009.0,48.67759208177836,0.0,3,3,0,0,3,3,6250,0,0,0,0,0
2020-05-29,US,Vermont,Franklin,99,5,0,44.85627605,-72.91249563,50011.0,200.39674507104976,5.05050505050505,94,99,5,0,94,99,49421,0,0,0,0,0
2020-05-29,US,Vermont,Grand Isle,7,0,0,44.797582399999996,-73.29679772,50013.0,96.7519004837595,0.0,7,7,0,0,7,7,7090,0,0,0,0,0
2020-05-29,US,Vermont,Lamoille,29,1,0,44.60353043,-72.64356694,50015.0,114.34429461398943,3.4482758620689653,28,29,1,0,28,29,25300,0,0,0,0,0
2020-05-29,US,Vermont,Orange,8,0,0,44.00470222,-72.37640104,50017.0,27.689325764917626,0.0,8,8,0,0,8,8,28999,0,0,0,0,0
2020-05-29,US,Vermont,Orleans,10,0,0,44.82964024,-72.24562697,50019.0,36.98635203609868,0.0,10,10,0,0,10,10,26907,0,0,0,0,0
2020-05-29,US,Vermont,Rutland,55,1,0,43.57723578,-73.03741676,50021.0,94.51633414101838,1.818181818181818,54,54,1,0,53,54,58672,1,0,0,1,0
2020-05-29,US,Vermont,Unassigned,5,0,0,0.0,0.0,90050.0,0.0,0.0,5,5,0,0,5,6,,0,0,0,0,-1
2020-05-29,US,Vermont,Washington,39,1,0,44.27343241,-72.61604978,50023.0,66.77053193857111,2.5641025641025643,38,39,1,0,38,39,58140,0,0,0,0,0
2020-05-29,US,Vermont,Windham,81,3,0,42.986982,-72.71268875,50025.0,191.84311496376296,3.703703703703704,78,81,3,0,78,80,42756,0,0,0,0,1
2020-05-29,US,Vermont,Windsor,51,2,0,43.58010937,-72.58595157,50027.0,92.62286150158005,3.92156862745098,49,51,2,0,49,51,55286,0,0,0,0,0
2020-05-29,US,Virginia,Accomack,827,12,0,37.76707161,-75.63234615,51001.0,2559.103849486323,1.4510278113663846,815,807,12,0,795,780,32412,20,0,0,20,27
2020-05-29,US,Virginia,Albemarle,180,8,0,38.02080697,-78.55481085,51003.0,164.63916582822648,4.4444444444444455,172,170,8,0,162,168,108718,10,0,0,10,2
2020-05-29,US,Virginia,Alexandria,1941,44,0,38.814003,-77.08183073,51510.0,1217.4774819981433,2.2668727460072127,1897,1887,44,0,1843,1824,160530,54,0,0,54,63
2020-05-29,US,Virginia,Alleghany,19,2,0,37.78636074,-80.00222498,51005.0,127.86002691790041,10.526315789473683,17,17,2,0,15,16,14910,2,0,0,2,1
2020-05-29,US,Virginia,Amelia,25,1,0,37.34081025,-77.98584649,51007.0,190.18638265500192,4.0,24,23,1,0,22,23,13013,2,0,0,2,0
2020-05-29,US,Virginia,Amherst,27,0,0,37.60308293,-79.14548696,51009.0,85.42952064546748,0.0,27,27,0,0,27,27,31666,0,0,0,0,0
2020-05-29,US,Virginia,Appomattox,31,0,0,37.37569884,-78.81340003,51011.0,194.83376280560614,0.0,31,31,0,0,31,31,15841,0,0,0,0,0
2020-05-29,US,Virginia,Arlington,2089,111,0,38.8767675,-77.10139853,51013.0,882.022614232273,5.313547151747248,1978,2039,109,0,1930,1988,237521,50,2,0,48,51
2020-05-29,US,Virginia,Augusta,105,1,0,38.16404586,-79.12461614,51015.0,138.96609227348526,0.9523809523809524,104,105,1,0,104,102,75457,0,0,0,0,3
2020-05-29,US,Virginia,Bedford,47,2,0,37.3080028,-79.5281964,51019.0,59.49593022519843,4.25531914893617,45,47,2,0,45,45,78747,0,0,0,0,2
2020-05-29,US,Virginia,Botetourt,32,4,0,37.55531756,-79.80982182,51023.0,95.75391244501631,12.5,28,32,4,0,28,32,33277,0,0,0,0,0
2020-05-29,US,Virginia,Bristol,4,0,0,36.616302399999995,-82.16359122,51520.0,23.863500775563768,0.0,4,4,0,0,4,4,16482,0,0,0,0,0
2020-05-29,US,Virginia,Brunswick,25,1,0,36.76366949,-77.8593436,51025.0,154.02624607233074,4.0,24,24,1,0,23,21,16384,1,0,0,1,3
2020-05-29,US,Virginia,Buchanan,18,0,0,37.26818323,-82.03749726,51027.0,85.69796229289659,0.0,18,18,0,0,18,18,21221,0,0,0,0,0
2020-05-29,US,Virginia,Buckingham,453,3,0,37.57242268,-78.52518834,51029.0,2641.707487753674,0.6622516556291391,450,453,3,0,450,445,16999,0,0,0,0,8
2020-05-29,US,Virginia,Buena Vista,13,0,0,37.73484642,-79.35296097,51530.0,200.6792219820932,0.0,13,13,0,0,13,13,6237,0,0,0,0,0
2020-05-29,US,Virginia,Campbell,17,1,0,37.20553386,-79.09678609,51031.0,30.973854422884212,5.882352941176472,16,16,1,0,15,16,54973,1,0,0,1,0
2020-05-29,US,Virginia,Caroline,58,2,0,38.02679129,-77.34901405,51033.0,188.7713588283157,3.4482758620689653,56,56,2,0,54,55,30772,2,0,0,2,1
2020-05-29,US,Virginia,Carroll,90,1,0,36.73066666,-80.73455942,51035.0,302.10466248195763,1.1111111111111112,89,88,1,0,87,86,29636,2,0,0,2,2
2020-05-29,US,Virginia,Charles City,27,1,0,37.35358063,-77.05634116,51036.0,387.76389487289964,3.703703703703704,26,27,1,0,26,27,6941,0,0,0,0,0
2020-05-29,US,Virginia,Charlotte,23,0,0,37.01909701,-78.66314092,51037.0,193.6026936026936,0.0,23,23,0,0,23,23,11938,0,0,0,0,0
2020-05-29,US,Virginia,Charlottesville,105,3,0,38.03527919,-78.48569588,51540.0,222.1469978420006,2.8571428571428568,102,102,3,0,99,97,48117,3,0,0,3,5
2020-05-29,US,Virginia,Chesapeake,494,15,0,36.67670048,-76.30545744,51550.0,201.76853799497619,3.0364372469635628,479,481,14,0,467,472,242634,13,1,0,12,9
2020-05-29,US,Virginia,Chesterfield,1400,35,0,37.37373208,-77.58680140000001,51041.0,396.82314726107,2.5,1365,1331,36,0,1295,1263,348556,69,-1,0,70,68
2020-05-29,US,Virginia,Clarke,25,0,0,39.11271747,-77.99199425,51043.0,171.01032902387306,0.0,25,24,0,0,24,23,14523,1,0,0,1,1
2020-05-29,US,Virginia,Colonial Heights,86,17,0,37.26420587,-77.39609676,51570.0,495.10650546919976,19.767441860465123,69,86,15,0,71,85,17833,0,2,0,-2,1
2020-05-29,US,Virginia,Covington,3,0,0,37.7824656,-79.98631446,51580.0,54.17118093174431,0.0,3,3,0,0,3,3,5460,0,0,0,0,0
2020-05-29,US,Virginia,Craig,5,0,0,37.48133648,-80.21072274,51045.0,97.44689144416292,0.0,5,5,0,0,5,5,5064,0,0,0,0,0
2020-05-29,US,Virginia,Culpeper,666,6,0,38.48199985,-77.95630870000002,51047.0,1266.039349871685,0.9009009009009008,660,656,5,0,651,645,51859,10,1,0,9,11
2020-05-29,US,Virginia,Cumberland,35,0,0,37.51328851,-78.24398086,51049.0,352.3962948046718,0.0,35,32,0,0,32,32,9809,3,0,0,3,0
2020-05-29,US,Virginia,Danville,51,2,0,36.58022376,-79.40395668,51590.0,127.35990410548395,3.92156862745098,49,50,2,0,48,48,40693,1,0,0,1,2
2020-05-29,US,Virginia,Dinwiddie,71,0,0,37.07544585,-77.63451754,51053.0,248.73878923766816,0.0,71,68,0,0,68,61,28529,3,0,0,3,7
2020-05-29,US,Virginia,Emporia,78,5,0,36.69455571,-77.53406129,51595.0,1459.0347923681256,6.410256410256411,73,76,5,0,71,70,5121,2,0,0,2,6
2020-05-29,US,Virginia,Essex,46,0,0,37.93357639,-76.94230311,51057.0,419.9762622112663,0.0,46,46,0,0,46,43,10919,0,0,0,0,3
2020-05-29,US,Virginia,Fairfax,10738,378,0,38.83677558,-77.27565836,51059.0,935.7473255647773,3.520208604954368,10360,10503,371,0,10132,10069,1150795,235,7,0,228,434
2020-05-29,US,Virginia,Fairfax,10738,378,0,38.83677558,-77.27565836,51059.0,935.7473255647773,3.520208604954368,10360,10503,371,0,10132,10069,24574,235,7,0,228,434
2020-05-29,US,Virginia,Fairfax City,63,6,0,38.85157547,-77.29779640000002,51600.0,262.2923518880886,9.523809523809524,57,63,6,0,57,59,24574,0,0,0,0,4
2020-05-29,US,Virginia,Falls Church,55,8,0,38.88485255,-77.17560759,51610.0,376.27420127249087,14.545454545454545,47,53,8,0,45,53,14772,2,0,0,2,0
2020-05-29,US,Virginia,Fauquier,308,6,0,38.73564842,-77.80647472,51061.0,432.4506472719104,1.9480519480519483,302,303,6,0,297,302,70675,5,0,0,5,1
2020-05-29,US,Virginia,Floyd,6,0,0,36.9302126,-80.36738849,51063.0,38.097656994094855,0.0,6,5,0,0,5,5,15795,1,0,0,1,0
2020-05-29,US,Virginia,Fluvanna,90,6,0,37.84157909,-78.27715475,51065.0,330.03300330033005,6.666666666666668,84,88,6,0,82,87,26783,2,0,0,2,1
2020-05-29,US,Virginia,Franklin,35,1,0,36.99536167,-79.88023649,51067.0,62.45316012990257,2.8571428571428568,34,35,1,0,34,35,56195,0,0,0,0,0
2020-05-29,US,Virginia,Franklin,35,1,0,36.99536167,-79.88023649,51067.0,62.45316012990257,2.8571428571428568,34,35,1,0,34,35,8013,0,0,0,0,0
2020-05-29,US,Virginia,Franklin City,42,2,0,36.6831435,-76.93859681,51620.0,527.1745952052215,4.761904761904762,40,41,2,0,39,39,8013,1,0,0,1,2
2020-05-29,US,Virginia,Frederick,331,4,0,39.20172582,-78.25974949,51069.0,370.6067425794677,1.2084592145015105,327,319,4,0,315,296,88355,12,0,0,12,23
2020-05-29,US,Virginia,Fredericksburg,147,0,0,38.2977863,-77.4922454,51630.0,506.268081002893,0.0,147,142,0,0,142,135,29144,5,0,0,5,7
2020-05-29,US,Virginia,Galax,107,0,0,36.66601852,-80.91703124,51640.0,1685.8358279502127,0.0,107,107,0,0,107,106,6423,0,0,0,0,1
2020-05-29,US,Virginia,Giles,5,0,0,37.31234791,-80.70636931,51071.0,29.90430622009569,0.0,5,5,0,0,5,5,16844,0,0,0,0,0
2020-05-29,US,Virginia,Gloucester,30,1,0,37.40809042,-76.53524337,51073.0,80.32558637678055,3.333333333333333,29,30,1,0,29,30,37349,0,0,0,0,0
2020-05-29,US,Virginia,Goochland,95,6,0,37.71714806,-77.90381514,51075.0,399.9494800656759,6.315789473684211,89,93,6,0,87,94,23244,2,0,0,2,-1
2020-05-29,US,Virginia,Grayson,34,0,0,36.65677234,-81.23215889,51077.0,218.64951768488743,0.0,34,32,0,0,32,32,15631,2,0,0,2,0
2020-05-29,US,Virginia,Greene,31,1,0,38.29545894,-78.46525378,51079.0,156.41556082547052,3.2258064516129035,30,28,1,0,27,27,19779,3,0,0,3,1
2020-05-29,US,Virginia,Greensville,69,7,0,36.67878901,-77.56351439,51081.0,608.6803105151729,10.144927536231883,62,63,7,0,56,58,11627,6,0,0,6,5
2020-05-29,US,Virginia,Halifax,30,0,0,36.76654925,-78.93512622,51083.0,88.46686915750051,0.0,30,30,0,0,30,30,34120,0,0,0,0,0
2020-05-29,US,Virginia,Hampton,192,3,0,37.03513786,-76.35879121,51650.0,142.74031670507767,1.5625,189,190,3,0,187,183,134313,2,0,0,2,7
2020-05-29,US,Virginia,Hanover,320,24,0,37.7583355,-77.49464673,51085.0,296.9396655717016,7.5,296,316,24,0,292,309,107239,4,0,0,4,7
2020-05-29,US,Virginia,Harrisonburg,765,23,0,38.43542574,-78.87536254,51660.0,1442.960615663196,3.0065359477124183,742,757,23,0,734,746,54033,8,0,0,8,11
2020-05-29,US,Virginia,Henrico,1678,133,0,37.53460572,-77.39326555,51087.0,507.22753900936476,7.926102502979737,1545,1624,131,0,1493,1579,329261,54,2,0,52,45
2020-05-29,US,Virginia,Henry,99,3,0,36.68542395,-79.87634026,51089.0,195.8185810075756,3.0303030303030303,96,95,3,0,92,92,50953,4,0,0,4,3
2020-05-29,US,Virginia,Highland,3,0,0,38.35799465,-79.56124594,51091.0,136.98630136986299,0.0,3,3,0,0,3,3,2210,0,0,0,0,0
2020-05-29,US,Virginia,Hopewell,85,0,0,37.29186313,-77.29754684,51670.0,377.2914909671977,0.0,85,81,0,0,81,78,22596,4,0,0,4,3
2020-05-29,US,Virginia,Isle of Wight,127,3,0,36.90579348,-76.70842863,51093.0,342.23503732248236,2.3622047244094486,124,126,3,0,123,125,36953,1,0,0,1,1
2020-05-29,US,Virginia,James City,202,15,0,37.31156958,-76.76950618,51095.0,263.972923173425,7.425742574257426,187,202,15,0,187,200,76397,0,0,0,0,2
2020-05-29,US,Virginia,King George,62,4,0,38.26818502,-77.15852768,51099.0,231.03294082575644,6.451612903225807,58,62,4,0,58,60,26575,0,0,0,0,2
2020-05-29,US,Virginia,King William,26,0,0,37.70965316,-77.09384941,51101.0,151.6211803125729,0.0,26,26,0,0,26,25,16939,0,0,0,0,1
2020-05-29,US,Virginia,King and Queen,10,1,0,37.71044922,-76.88689628,51097.0,142.34875444839858,10.0,9,10,1,0,9,8,7042,0,0,0,0,2
2020-05-29,US,Virginia,Lancaster,10,0,0,37.71889653,-76.46400482,51103.0,94.3129303027445,0.0,10,10,0,0,10,10,10783,0,0,0,0,0
2020-05-29,US,Virginia,Lee,9,0,0,36.70586667,-83.12606515,51105.0,38.42377150663877,0.0,9,9,0,0,9,9,23541,0,0,0,0,0
2020-05-29,US,Virginia,Lexington,7,0,0,37.78258621,-79.44262866,51678.0,94.010206822455,0.0,7,7,0,0,7,6,7136,0,0,0,0,1
2020-05-29,US,Virginia,Loudoun,2429,62,0,39.08990083,-77.63481877,51107.0,587.3704472140407,2.5524907369287773,2367,2318,63,0,2255,2274,406850,111,-1,0,112,44
2020-05-29,US,Virginia,Louisa,76,1,0,37.97850256,-77.96274807,51109.0,202.17605277859062,1.3157894736842106,75,76,1,0,75,75,36778,0,0,0,0,1
2020-05-29,US,Virginia,Lunenburg,12,0,0,36.94618528,-78.24133319,51111.0,98.39291571006888,0.0,12,11,0,0,11,10,12086,1,0,0,1,1
2020-05-29,US,Virginia,Lynchburg,80,1,0,37.40021399,-79.19888138,51680.0,97.36150326161035,1.25,79,80,1,0,79,80,82126,0,0,0,0,0
2020-05-29,US,Virginia,Madison,39,1,0,38.41531222,-78.28220331,51113.0,294.09546791343035,2.5641025641025643,38,38,1,0,37,38,13295,1,0,0,1,0
2020-05-29,US,Virginia,Manassas,1004,10,0,38.7464321,-77.48509905,51683.0,2443.7142509431665,0.99601593625498,994,971,10,0,961,966,41641,33,0,0,33,5
2020-05-29,US,Virginia,Manassas Park,287,6,0,38.77058531,-77.44399307,51685.0,1642.0643094175534,2.0905923344947737,281,281,6,0,275,280,17307,6,0,0,6,1
2020-05-29,US,Virginia,Martinsville,31,1,0,36.68212094,-79.86352771,51690.0,246.93324836705432,3.2258064516129035,30,31,1,0,30,29,12902,0,0,0,0,2
2020-05-29,US,Virginia,Mathews,5,0,0,37.44164146,-76.34098896,51115.0,56.599501924383055,0.0,5,5,0,0,5,5,8802,0,0,0,0,0
2020-05-29,US,Virginia,Mecklenburg,214,21,0,36.67882005,-78.36131056,51117.0,699.6436394546703,9.813084112149532,193,214,21,0,193,212,30650,0,0,0,0,2
2020-05-29,US,Virginia,Middlesex,14,0,0,37.63191998,-76.55064617,51119.0,132.3001323001323,0.0,14,14,0,0,14,14,10769,0,0,0,0,0
2020-05-29,US,Virginia,Montgomery,73,1,0,37.17746986,-80.37868691,51121.0,74.0853503831126,1.3698630136986298,72,72,1,0,71,70,98985,1,0,0,1,2
2020-05-29,US,Virginia,Nelson,16,0,0,37.78790447,-78.88498513,51125.0,107.1667782987274,0.0,16,16,0,0,16,16,14836,0,0,0,0,0
2020-05-29,US,Virginia,New Kent,36,1,0,37.50694406,-76.99828634,51127.0,155.90489801221256,2.7777777777777777,35,36,1,0,35,35,22391,0,0,0,0,1
2020-05-29,US,Virginia,Newport News,257,10,0,37.08166899,-76.51754109,51700.0,143.39517366438838,3.891050583657588,247,257,10,0,247,254,178626,0,0,0,0,3
2020-05-29,US,Virginia,Norfolk,470,6,0,36.89934014,-76.26420872,51710.0,193.6212109976848,1.2765957446808511,464,452,6,0,446,451,244076,18,0,0,18,1
2020-05-29,US,Virginia,Northampton,228,20,0,37.34062933,-75.87751591,51131.0,1947.0538001707941,8.771929824561402,208,227,20,0,207,225,11735,1,0,0,1,2
2020-05-29,US,Virginia,Northumberland,25,1,0,37.89202088,-76.41949732,51133.0,206.69698222405952,4.0,24,25,1,0,24,23,12147,0,0,0,0,2
2020-05-29,US,Virginia,Norton,2,0,0,36.93357076,-82.62750411,51720.0,50.23863350916855,0.0,2,2,0,0,2,2,3968,0,0,0,0,0
2020-05-29,US,Virginia,Nottoway,25,0,0,37.1435975,-78.05065922,51135.0,164.12815126050418,0.0,25,24,0,0,24,21,15420,1,0,0,1,3
2020-05-29,US,Virginia,Orange,97,1,0,38.24530219,-78.01560400000002,51137.0,261.8013009095571,1.0309278350515465,96,92,0,0,92,91,36644,5,1,0,4,1
2020-05-29,US,Virginia,Page,214,21,0,38.61807452,-78.48797204,51139.0,895.3225671491925,9.813084112149532,193,213,21,0,192,208,23933,1,0,0,1,5
2020-05-29,US,Virginia,Patrick,18,0,0,36.680163799999995,-80.2865648,51141.0,102.22626079054973,0.0,18,18,0,0,18,15,17673,0,0,0,0,3
2020-05-29,US,Virginia,Petersburg,118,3,0,37.20530399,-77.39368102,51730.0,376.443565367192,2.5423728813559316,115,112,3,0,109,101,31567,6,0,0,6,11
2020-05-29,US,Virginia,Pittsylvania,39,1,0,36.81980341,-79.39731264,51143.0,64.61874937866587,2.5641025641025643,38,38,1,0,37,35,60949,1,0,0,1,3
2020-05-29,US,Virginia,Poquoson,7,0,0,37.14259351,-76.35798148,51735.0,57.045065601825435,0.0,7,7,0,0,7,7,12190,0,0,0,0,0
2020-05-29,US,Virginia,Portsmouth,294,11,0,36.85914825,-76.35971629,51740.0,311.44727642534804,3.741496598639456,283,284,11,0,273,282,94632,10,0,0,10,2
2020-05-29,US,Virginia,Powhatan,32,0,0,37.55016038,-77.91267882,51145.0,107.91852151625523,0.0,32,30,0,0,30,29,29189,2,0,0,2,1
2020-05-29,US,Virginia,Prince Edward,129,2,0,37.22554789,-78.43597949,51147.0,565.7398473818088,1.5503875968992251,127,129,2,0,127,129,22950,0,0,0,0,0
2020-05-29,US,Virginia,Prince George,121,0,0,37.18497668,-77.22922187,51149.0,315.4903136651631,0.0,121,81,0,0,81,79,38082,40,0,0,40,2
2020-05-29,US,Virginia,Prince William,5270,101,0,38.70916224,-77.48713689,51153.0,1120.4779572007187,1.9165085388994307,5169,5157,101,0,5056,5074,468011,113,0,0,113,83
2020-05-29,US,Virginia,Pulaski,19,0,0,37.06474963,-80.71229738,51155.0,55.83801099127164,0.0,19,18,0,0,18,14,34066,1,0,0,1,4
2020-05-29,US,Virginia,Radford,6,0,0,37.12222899,-80.56027320000003,51750.0,32.878513891172126,0.0,6,6,0,0,6,7,18339,0,0,0,0,-1
2020-05-29,US,Virginia,Rappahannock,13,0,0,38.68295619,-78.15826963,51157.0,176.39077340569878,0.0,13,13,0,0,13,13,7252,0,0,0,0,0
2020-05-29,US,Virginia,Richmond,276,4,0,37.937575,-76.72920628,51159.0,3058.8496065610107,1.4492753623188406,272,275,4,0,271,275,9038,1,0,0,1,0
2020-05-29,US,Virginia,Richmond City,1202,22,0,37.53255773,-77.47966921,51760.0,521.6198857817355,1.8302828618968383,1180,1133,21,0,1112,1112,228783,69,1,0,68,21
2020-05-29,US,Virginia,Roanoke,102,7,0,37.26865804,-80.06396753,51161.0,108.2963497759752,6.862745098039214,95,97,7,0,90,96,94073,5,0,0,5,1
2020-05-29,US,Virginia,Roanoke City,152,9,0,37.27791025,-79.96189766,51770.0,153.31390012406322,5.921052631578947,143,147,9,0,138,146,99920,5,0,0,5,1
2020-05-29,US,Virginia,Rockbridge,16,0,0,37.81204314,-79.44605905,51163.0,70.88114118637309,0.0,16,16,0,0,16,17,22752,0,0,0,0,-1
2020-05-29,US,Virginia,Rockingham,505,6,0,38.51006137,-78.87260325,51165.0,616.2444476985405,1.188118811881188,499,490,6,0,484,483,81244,15,0,0,15,7
2020-05-29,US,Virginia,Russell,8,0,0,36.93028320000001,-82.10095486,51167.0,30.091025351688856,0.0,8,8,0,0,8,8,26748,0,0,0,0,0
2020-05-29,US,Virginia,Salem,34,3,0,37.2836193,-80.06219455,51775.0,134.3820402355638,8.823529411764708,31,32,3,0,29,32,25643,2,0,0,2,0
2020-05-29,US,Virginia,Scott,7,2,0,36.71466456,-82.60171704,51169.0,32.458499489937864,28.57142857142857,5,7,2,0,5,7,21534,0,0,0,0,0
2020-05-29,US,Virginia,Shenandoah,429,21,0,38.85905135,-78.56813762,51171.0,983.5840058694057,4.895104895104895,408,414,20,0,394,394,43497,15,1,0,14,20
2020-05-29,US,Virginia,Smyth,15,0,0,36.84455636,-81.53344948,51173.0,49.827265479670466,0.0,15,15,0,0,15,15,30472,0,0,0,0,0
2020-05-29,US,Virginia,Southampton,146,2,0,36.72231125,-77.10642712,51175.0,828.0868924054222,1.3698630136986298,144,146,2,0,144,144,17586,0,0,0,0,2
2020-05-29,US,Virginia,Spotsylvania,500,7,0,38.18574462,-77.655399,51177.0,367.06676944536207,1.4,493,487,6,0,481,474,134238,13,1,0,12,13
2020-05-29,US,Virginia,Stafford,681,4,0,38.41758738,-77.45917053,51179.0,445.44158239688124,0.5873715124816447,677,672,4,0,668,657,149960,9,0,0,9,15
2020-05-29,US,Virginia,Staunton,36,0,0,38.15965544,-79.05979937,51790.0,144.39274827530883,0.0,36,36,0,0,36,36,24922,0,0,0,0,0
2020-05-29,US,Virginia,Suffolk,311,32,0,36.70155394,-76.63603554,51800.0,337.64710991444827,10.289389067524118,279,308,31,0,277,308,91185,3,1,0,2,0
2020-05-29,US,Virginia,Surry,10,1,0,37.11781893,-76.88450012,51181.0,155.71473061351602,10.0,9,9,1,0,8,8,6474,1,0,0,1,1
2020-05-29,US,Virginia,Sussex,151,2,0,36.92432914,-77.25791182,51183.0,1353.1678465812352,1.3245033112582782,149,142,2,0,140,138,11237,9,0,0,9,4
2020-05-29,US,Virginia,Tazewell,7,0,0,37.12191123,-81.56685568,51185.0,17.243502894445133,0.0,7,7,0,0,7,6,40855,0,0,0,0,1
2020-05-29,US,Virginia,Virginia Beach,680,23,0,36.73285734,-76.04566934,51810.0,151.11984247978776,3.3823529411764706,657,662,22,0,640,646,450189,18,1,0,17,16
2020-05-29,US,Virginia,Warren,146,2,0,38.90847745,-78.20280433,51187.0,363.5096105965541,1.3698630136986298,144,141,2,0,139,129,40003,5,0,0,5,12
2020-05-29,US,Virginia,Washington,51,4,0,36.72341572,-81.95666289,51191.0,94.90137700037216,7.84313725490196,47,51,4,0,47,51,54402,0,0,0,0,0
2020-05-29,US,Virginia,Waynesboro,41,0,0,38.06451466,-78.90293905,51820.0,181.17543084401242,0.0,41,41,0,0,41,41,22628,0,0,0,0,0
2020-05-29,US,Virginia,Westmoreland,63,1,0,38.11021557,-76.80213247,51193.0,349.7085761865112,1.5873015873015872,62,63,1,0,62,61,17830,0,0,0,0,2
2020-05-29,US,Virginia,Williamsburg,44,4,0,37.28131268,-76.70905141,51830.0,294.23565601176944,9.090909090909092,40,44,4,0,40,43,14896,0,0,0,0,1
2020-05-29,US,Virginia,Winchester,176,2,0,39.17054517,-78.17325058,51840.0,626.8252724553031,1.1363636363636365,174,168,1,0,167,156,28108,8,1,0,7,12
2020-05-29,US,Virginia,Wise,24,2,0,36.9746148,-82.62410519,51195.0,64.20030495144853,8.333333333333334,22,24,2,0,22,24,38012,0,0,0,0,0
2020-05-29,US,Virginia,Wythe,21,1,0,36.91582035,-81.07834059,51197.0,73.21154650676337,4.761904761904762,20,21,1,0,20,21,28754,0,0,0,0,0
2020-05-29,US,Virginia,York,72,3,0,37.24374789,-76.54412815,51199.0,105.44815465729349,4.166666666666667,69,72,3,0,69,71,67846,0,0,0,0,1
2020-05-29,US,Washington,Adams,59,0,0,46.98299757,-118.56017340000001,53001.0,295.250963318821,0.0,59,54,0,0,54,53,19759,5,0,0,5,1
2020-05-29,US,Washington,Asotin,19,2,0,46.18894415,-117.2022851,53003.0,84.13780887432469,10.526315789473683,17,19,2,0,17,19,22610,0,0,0,0,0
2020-05-29,US,Washington,Benton,757,62,0,46.23946995,-119.51208340000001,53005.0,370.3703703703704,8.190224570673713,695,742,61,0,681,733,201877,15,1,0,14,9
2020-05-29,US,Washington,Chelan,244,6,0,47.87046092,-120.6173956,53007.0,316.0621761658031,2.459016393442623,238,238,6,0,232,236,77036,6,0,0,6,2
2020-05-29,US,Washington,Clallam,25,0,0,48.04754642,-123.92263190000001,53009.0,32.328561637635616,0.0,25,25,0,0,25,25,76737,0,0,0,0,0
2020-05-29,US,Washington,Clark,477,22,0,45.77568046,-122.48292040000001,53011.0,97.69765341296612,4.612159329140461,455,449,22,0,427,424,481857,28,0,0,28,25
2020-05-29,US,Washington,Columbia,1,0,0,46.29442881,-117.9051983,53013.0,25.094102885821833,0.0,1,1,0,0,1,1,4059,0,0,0,0,0
2020-05-29,US,Washington,Cowlitz,73,0,0,46.19074721,-122.6782231,53015.0,66.00779434503087,0.0,73,73,0,0,73,73,108987,0,0,0,0,0
2020-05-29,US,Washington,Douglas,167,3,0,47.7361335,-119.69293700000001,53017.0,384.5356789242211,1.7964071856287425,164,164,3,0,161,162,42907,3,0,0,3,2
2020-05-29,US,Washington,Ferry,1,0,0,48.471143100000006,-118.5154041,53019.0,13.111315064901008,0.0,1,1,0,0,1,1,7649,0,0,0,0,0
2020-05-29,US,Washington,Franklin,535,20,0,46.53351425,-118.9018212,53021.0,561.8449517968537,3.7383177570093458,515,523,20,0,503,513,94347,12,0,0,12,10
2020-05-29,US,Washington,Grant,202,4,0,47.20753737,-119.4500749,53025.0,206.6855616833618,1.98019801980198,198,198,4,0,194,194,97331,4,0,0,4,4
2020-05-29,US,Washington,Grays Harbor,16,0,0,47.14003705,-123.7820567,53027.0,21.315996322990635,0.0,16,16,0,0,16,16,73901,0,0,0,0,0
2020-05-29,US,Washington,Island,178,11,0,48.14713305,-122.5216407,53029.0,209.0649628263704,6.179775280898878,167,177,11,0,166,177,84460,1,0,0,1,0
2020-05-29,US,Washington,Jefferson,30,0,0,47.75003077,-123.56097040000002,53031.0,93.106979919928,0.0,30,30,0,0,30,30,31729,0,0,0,0,0
2020-05-29,US,Washington,King,7949,564,0,47.49137892,-121.8346131,53033.0,352.8526062441905,7.095232104667254,7385,7923,562,0,7361,7863,2233163,26,2,0,24,60
2020-05-29,US,Washington,Kitsap,161,2,0,47.63479026,-122.6436061,53035.0,59.306082004471904,1.2422360248447204,159,161,2,0,159,161,269805,0,0,0,0,0
2020-05-29,US,Washington,Kittitas,83,0,0,47.12521214,-120.67943899999999,53037.0,173.15114217169082,0.0,83,80,0,0,80,80,47364,3,0,0,3,0
2020-05-29,US,Washington,Klickitat,24,3,0,45.87325839,-120.7913598,53039.0,107.02341137123744,12.5,21,24,3,0,21,24,22107,0,0,0,0,0
2020-05-29,US,Washington,Lewis,35,3,0,46.57756476,-122.39257690000001,53041.0,43.36674637887668,8.571428571428571,32,35,3,0,32,35,79604,0,0,0,0,0
2020-05-29,US,Washington,Lincoln,2,0,0,47.57705241,-118.41943880000001,53043.0,18.283206874485785,0.0,2,2,0,0,2,2,10740,0,0,0,0,0
2020-05-29,US,Washington,Mason,35,1,0,47.35007586,-123.1863685,53045.0,52.42032111190989,2.8571428571428568,34,34,1,0,33,34,65507,1,0,0,1,0
2020-05-29,US,Washington,Okanogan,47,1,0,48.54855019,-119.73872240000001,53047.0,111.26103733162891,2.127659574468085,46,47,1,0,46,45,42132,0,0,0,0,2
2020-05-29,US,Washington,Pacific,9,1,0,46.55418369,-123.7285716,53049.0,40.05162209069467,11.111111111111109,8,9,1,0,8,9,22036,0,0,0,0,0
2020-05-29,US,Washington,Pend Oreille,3,0,0,48.53234021,-117.2741804,53051.0,21.85951617604197,0.0,3,3,0,0,3,3,13602,0,0,0,0,0
2020-05-29,US,Washington,Pierce,1909,78,0,47.03892768,-122.14059579999999,53053.0,210.94388826272404,4.085908852802515,1831,1884,78,0,1806,1856,891299,25,0,0,25,28
2020-05-29,US,Washington,San Juan,15,0,0,48.60182783,-122.96745,53055.0,85.31452621999773,0.0,15,15,0,0,15,15,17128,0,0,0,0,0
2020-05-29,US,Washington,Skagit,430,15,0,48.48171488,-121.766131,53057.0,332.80445803180993,3.4883720930232562,415,428,15,0,413,428,128206,2,0,0,2,0
2020-05-29,US,Washington,Skamania,3,0,0,46.02408726,-121.91644029999999,53059.0,24.828271124720683,0.0,3,3,0,0,3,3,11924,0,0,0,0,0
2020-05-29,US,Washington,Snohomish,2945,147,0,48.04615983,-121.7170703,53061.0,358.23633380084493,4.99151103565365,2798,2937,147,0,2790,2927,814901,8,0,0,8,10
2020-05-29,US,Washington,Spokane,555,32,0,47.62113146,-117.4046494,53063.0,106.15954919490892,5.7657657657657655,523,531,31,0,500,516,514631,24,1,0,23,15
2020-05-29,US,Washington,Stevens,11,1,0,48.40035475,-117.8542701,53065.0,24.057913960151343,9.090909090909092,10,11,1,0,10,10,45260,0,0,0,0,1
2020-05-29,US,Washington,Thurston,133,1,0,46.9291895,-122.82906559999999,53067.0,45.77745959192664,0.7518796992481203,132,132,1,0,131,131,286419,1,0,0,1,1
2020-05-29,US,Washington,Unassigned,58,0,0,0.0,0.0,90053.0,0.0,0.0,58,53,0,0,53,51,,5,0,0,5,2
2020-05-29,US,Washington,Wahkiakum,4,0,0,46.29180039999999,-123.4250831,53069.0,89.12655971479502,0.0,4,4,0,0,4,4,4426,0,0,0,0,0
2020-05-29,US,Washington,Walla Walla,108,2,0,46.23040051,-118.4775539,53071.0,177.74851876234362,1.851851851851852,106,108,2,0,106,108,60922,0,0,0,0,0
2020-05-29,US,Washington,Whatcom,383,36,0,48.82227976,-121.74900179999999,53073.0,167.06870755124385,9.39947780678851,347,383,36,0,347,380,225685,0,0,0,0,3
2020-05-29,US,Washington,Whitman,16,0,0,46.90022523,-117.52417630000001,53075.0,31.93357815743254,0.0,16,16,0,0,16,16,49791,0,0,0,0,0
2020-05-29,US,Washington,Yakima,3369,94,0,46.45738486,-120.73801259999999,53077.0,1342.9105563372702,2.7901454437518547,3275,3231,93,0,3138,3048,251446,138,1,0,137,183
2020-05-29,US,West Virginia,Barbour,9,1,0,39.1307219,-80.00350858,54001.0,54.741195791010284,11.111111111111109,8,9,1,0,8,9,16535,0,0,0,0,0
2020-05-29,US,West Virginia,Berkeley,301,6,0,39.46704621,-78.02414609,54003.0,252.5782279245789,1.9933554817275747,295,298,6,0,292,297,117123,3,0,0,3,1
2020-05-29,US,West Virginia,Boone,10,0,0,38.01974191,-81.69888019,54005.0,46.60483758214103,0.0,10,10,0,0,10,9,21951,0,0,0,0,1
2020-05-29,US,West Virginia,Braxton,2,0,0,38.70036159,-80.72011184,54007.0,14.329727018700293,0.0,2,2,0,0,2,2,14089,0,0,0,0,0
2020-05-29,US,West Virginia,Brooke,4,0,0,40.27367263,-80.57915332,54009.0,18.232371575732714,0.0,4,4,0,0,4,4,22203,0,0,0,0,0
2020-05-29,US,West Virginia,Cabell,61,0,0,38.42424062,-82.23855912,54011.0,66.34401000598184,0.0,61,61,0,0,61,60,93224,0,0,0,0,1
2020-05-29,US,West Virginia,Calhoun,2,0,0,38.84315422,-81.11934872,54013.0,28.133352088901397,0.0,2,2,0,0,2,2,7254,0,0,0,0,0
2020-05-29,US,West Virginia,Clay,2,0,0,38.46231092,-81.07652217,54015.0,23.5072872590503,0.0,2,2,0,0,2,2,8632,0,0,0,0,0
2020-05-29,US,West Virginia,Fayette,46,3,0,38.02974928,-81.08286634,54019.0,108.47521577135309,6.521739130434782,43,46,3,0,43,47,43018,0,0,0,0,-1
2020-05-29,US,West Virginia,Gilmer,10,0,0,38.9251277,-80.85952723,54021.0,127.82819890067749,0.0,10,10,0,0,10,10,8026,0,0,0,0,0
2020-05-29,US,West Virginia,Grant,11,0,0,39.10314817,-79.19440518,54023.0,95.08990318118948,0.0,11,11,0,0,11,11,11626,0,0,0,0,0
2020-05-29,US,West Virginia,Greenbrier,9,0,0,37.9463652,-80.45335881,54025.0,25.965033754543878,0.0,9,9,0,0,9,9,34786,0,0,0,0,0
2020-05-29,US,West Virginia,Hampshire,29,1,0,39.32103553,-78.60826476,54027.0,125.13484358144552,3.4482758620689653,28,29,1,0,28,23,23347,0,0,0,0,6
2020-05-29,US,West Virginia,Hancock,17,0,0,40.51943859,-80.57461608,54029.0,59.007289135716775,0.0,17,17,0,0,17,17,29094,0,0,0,0,0
2020-05-29,US,West Virginia,Hardy,38,0,0,39.00683177,-78.85855301,54031.0,275.8420441347271,0.0,38,38,0,0,38,38,13775,0,0,0,0,0
2020-05-29,US,West Virginia,Harrison,41,1,0,39.2853852,-80.37919577,54033.0,60.9611038420364,2.4390243902439024,40,40,1,0,39,40,67554,1,0,0,1,0
2020-05-29,US,West Virginia,Jackson,135,18,0,38.84263974,-81.68148753,54035.0,472.42441209406496,13.333333333333336,117,135,18,0,117,135,28706,0,0,0,0,0
2020-05-29,US,West Virginia,Jefferson,172,1,0,39.30776166,-77.86014147,54037.0,300.98344591047487,0.5813953488372093,171,168,1,0,167,167,56811,4,0,0,4,1
2020-05-29,US,West Virginia,Kanawha,220,18,0,38.33860077,-81.52857054,54039.0,123.50946531629653,8.181818181818182,202,218,18,0,200,216,180454,2,0,0,2,2
2020-05-29,US,West Virginia,Lewis,7,1,0,38.9947249,-80.49988181,54041.0,44.00578361727541,14.285714285714285,6,6,1,0,5,6,16024,1,0,0,1,0
2020-05-29,US,West Virginia,Lincoln,5,0,0,38.172154,-82.07017953,54043.0,24.498995541182808,0.0,5,5,0,0,5,5,20599,0,0,0,0,0
2020-05-29,US,West Virginia,Logan,17,1,0,37.8299889,-81.93528571,54045.0,53.093475748774175,5.882352941176472,16,17,1,0,16,16,32607,0,0,0,0,1
2020-05-29,US,West Virginia,Marion,50,2,0,39.50984542,-80.24244659,54049.0,89.17106577257813,4.0,48,51,2,0,49,51,56097,-1,0,0,-1,0
2020-05-29,US,West Virginia,Marshall,28,0,0,39.86064362,-80.66591062,54051.0,91.7100651796535,0.0,28,28,0,0,28,28,30785,0,0,0,0,0
2020-05-29,US,West Virginia,Mason,15,0,0,38.77071799,-82.02524219,54053.0,56.569618343641565,0.0,15,15,0,0,15,15,26718,0,0,0,0,0
2020-05-29,US,West Virginia,McDowell,6,0,0,37.38002939,-81.65083669,54047.0,34.04448479346346,0.0,6,6,0,0,6,6,18223,0,0,0,0,0
2020-05-29,US,West Virginia,Mercer,13,0,0,37.40481169,-81.11023142,54055.0,22.124646856598247,0.0,13,13,0,0,13,13,59131,0,0,0,0,0
2020-05-29,US,West Virginia,Mineral,45,1,0,39.41561583,-78.94104895,54057.0,167.48548459133542,2.2222222222222223,44,44,1,0,43,41,26940,1,0,0,1,3
2020-05-29,US,West Virginia,Mingo,7,1,0,37.73048351,-82.13338365,54059.0,29.88387978142077,14.285714285714285,6,6,1,0,5,6,23785,1,0,0,1,0
2020-05-29,US,West Virginia,Monongalia,132,5,0,39.63218457,-80.04766838,54061.0,124.98579706851494,3.787878787878788,127,131,5,0,126,129,106420,1,0,0,1,2
2020-05-29,US,West Virginia,Monroe,7,0,0,37.56274716,-80.54577965,54063.0,52.730696798493405,0.0,7,7,0,0,7,7,13280,0,0,0,0,0
2020-05-29,US,West Virginia,Morgan,18,0,0,39.55439028,-78.26311676,54065.0,100.64862446879893,0.0,18,18,0,0,18,18,17787,0,0,0,0,0
2020-05-29,US,West Virginia,Nicholas,8,1,0,38.29617706,-80.79759588,54067.0,32.65839320705421,12.5,7,8,1,0,7,10,24842,0,0,0,0,-2
2020-05-29,US,West Virginia,Ohio,41,1,0,40.0955451,-80.62203992,54069.0,99.00751008186229,2.4390243902439024,40,41,1,0,40,41,41755,0,0,0,0,0
2020-05-29,US,West Virginia,Pendleton,11,0,0,38.68314479,-79.35084086,54071.0,157.8418711436361,0.0,11,11,0,0,11,10,6997,0,0,0,0,1
2020-05-29,US,West Virginia,Pleasants,4,0,0,39.37091679,-81.16771771,54073.0,53.61930294906166,0.0,4,4,0,0,4,5,7507,0,0,0,0,-1
2020-05-29,US,West Virginia,Pocahontas,19,0,0,38.32758728,-80.00993811,54075.0,230.3868073238754,0.0,19,18,0,0,18,17,8414,1,0,0,1,1
2020-05-29,US,West Virginia,Preston,22,1,0,39.46770987,-79.66712803,54077.0,65.80521655898539,4.545454545454546,21,22,1,0,21,22,33839,0,0,0,0,0
2020-05-29,US,West Virginia,Putnam,35,0,0,38.50782345,-81.9082131,54079.0,62.001771479185116,0.0,35,35,0,0,35,33,56682,0,0,0,0,2
2020-05-29,US,West Virginia,Raleigh,16,0,0,37.76936795,-81.2456041,54081.0,21.80995351753657,0.0,16,16,0,0,16,16,74254,0,0,0,0,0
2020-05-29,US,West Virginia,Randolph,126,0,0,38.769899,-79.87919615,54083.0,439.10088865656036,0.0,126,123,0,0,123,104,28823,3,0,0,3,19
2020-05-29,US,West Virginia,Ritchie,1,0,0,39.18094587,-81.06356878,54085.0,10.466820180029307,0.0,1,1,0,0,1,1,9721,0,0,0,0,0
2020-05-29,US,West Virginia,Roane,9,0,0,38.71622686,-81.35243568,54087.0,65.7510227936879,0.0,9,9,0,0,9,10,13932,0,0,0,0,-1
2020-05-29,US,West Virginia,Summers,1,0,0,37.65390597,-80.86009693,54089.0,7.953551260637875,0.0,1,1,0,0,1,1,12760,0,0,0,0,0
2020-05-29,US,West Virginia,Taylor,8,0,0,39.33602617,-80.0421439,54091.0,47.91853848457622,0.0,8,8,0,0,8,9,16862,0,0,0,0,-1
2020-05-29,US,West Virginia,Tucker,4,0,0,39.11240885,-79.57053576,54093.0,58.488083053077936,0.0,4,4,0,0,4,4,6955,0,0,0,0,0
2020-05-29,US,West Virginia,Tyler,3,0,0,39.46811972,-80.88772676,54095.0,34.920265394016994,0.0,3,3,0,0,3,3,8746,0,0,0,0,0
2020-05-29,US,West Virginia,Upshur,7,0,0,38.89285061,-80.23689136,54097.0,28.95433487756453,0.0,7,7,0,0,7,7,24415,0,0,0,0,0
2020-05-29,US,West Virginia,Wayne,98,9,0,38.14901357,-82.42287994,54099.0,248.71833917060047,9.183673469387756,89,98,9,0,89,97,39944,0,0,0,0,1
2020-05-29,US,West Virginia,Wetzel,8,0,0,39.6065771,-80.64016540000001,54103.0,53.103219382675064,0.0,8,8,0,0,8,9,15270,0,0,0,0,-1
2020-05-29,US,West Virginia,Wirt,4,0,0,39.02775007,-81.37473928,54105.0,68.7167153410067,0.0,4,4,0,0,4,4,5830,0,0,0,0,0
2020-05-29,US,West Virginia,Wood,54,2,0,39.20967886,-81.5162836,54107.0,64.65672070691348,3.703703703703704,52,54,2,0,52,54,84203,0,0,0,0,0
2020-05-29,US,West Virginia,Wyoming,3,0,0,37.612327,-81.54511071,54109.0,14.710208884966164,0.0,3,3,0,0,3,3,20786,0,0,0,0,0
2020-05-29,US,Wisconsin,Adams,4,1,0,43.96974651,-89.76782777,55001.0,19.782393669634022,25.0,3,4,1,0,3,4,20348,0,0,0,0,0
2020-05-29,US,Wisconsin,Ashland,2,0,0,46.31956891,-90.67837132,55003.0,12.851818532322323,0.0,2,2,0,0,2,2,15600,0,0,0,0,0
2020-05-29,US,Wisconsin,Barron,15,0,0,45.42372701,-91.84833627,55005.0,33.153567323844044,0.0,15,14,0,0,14,14,45164,1,0,0,1,0
2020-05-29,US,Wisconsin,Bayfield,3,1,0,46.52868768,-91.19716729,55007.0,19.952114924181963,33.333333333333336,2,3,1,0,2,3,15042,0,0,0,0,0
2020-05-29,US,Wisconsin,Brown,2308,35,0,44.452655299999996,-88.00411844,55009.0,872.451255377218,1.5164644714038134,2273,2300,34,0,2266,2285,263378,8,1,0,7,15
2020-05-29,US,Wisconsin,Buffalo,5,1,0,44.37835084,-91.75332578,55011.0,38.37004067224312,20.0,4,5,1,0,4,5,13125,0,0,0,0,0
2020-05-29,US,Wisconsin,Burnett,1,1,0,45.86303537,-92.36711412,55013.0,6.487608667445179,100.0,0,1,1,0,0,1,15392,0,0,0,0,0
2020-05-29,US,Wisconsin,Calumet,75,1,0,44.0816316,-88.21780273,55015.0,149.73347441554034,1.3333333333333333,74,74,1,0,73,74,50159,1,0,0,1,0
2020-05-29,US,Wisconsin,Chippewa,55,0,0,45.06939744,-91.28068855,55017.0,85.06294658046956,0.0,55,53,0,0,53,54,64135,2,0,0,2,-1
2020-05-29,US,Wisconsin,Clark,32,4,0,44.73483377,-90.61207486,55019.0,92.02277563697015,12.5,28,32,4,0,28,29,34709,0,0,0,0,3
2020-05-29,US,Wisconsin,Columbia,43,1,0,43.46492199,-89.33589004,55021.0,74.74101369672529,2.3255813953488373,42,42,1,0,41,40,57358,1,0,0,1,2
2020-05-29,US,Wisconsin,Crawford,26,0,0,43.23870316,-90.93073686,55023.0,161.18033599900812,0.0,26,26,0,0,26,26,16291,0,0,0,0,0
2020-05-29,US,Wisconsin,Dane,705,27,0,43.06601594,-89.41733797,55025.0,128.95673090114232,3.8297872340425534,678,679,27,0,652,652,542364,26,0,0,26,27
2020-05-29,US,Wisconsin,Dodge,180,1,0,43.41576662,-88.70928178,55027.0,204.9203656690081,0.5555555555555556,179,172,1,0,171,166,87847,8,0,0,8,6
2020-05-29,US,Wisconsin,Door,38,3,0,44.95856458,-87.30002707,55029.0,137.34277866126934,7.894736842105262,35,38,3,0,35,38,27610,0,0,0,0,0
2020-05-29,US,Wisconsin,Douglas,19,0,0,46.43222285,-91.91595768,55031.0,44.0324449594438,0.0,19,19,0,0,19,19,43208,0,0,0,0,0
2020-05-29,US,Wisconsin,Dunn,24,0,0,44.94562799,-91.8962481,55033.0,52.90072297654736,0.0,24,24,0,0,24,24,45131,0,0,0,0,0
2020-05-29,US,Wisconsin,Eau Claire,107,0,0,44.726614,-91.28609183,55035.0,102.24948875255623,0.0,107,99,0,0,99,99,104534,8,0,0,8,0
2020-05-29,US,Wisconsin,Florence,2,0,0,45.84963535,-88.39804137,55037.0,46.56577415599534,0.0,2,2,0,0,2,2,4321,0,0,0,0,0
2020-05-29,US,Wisconsin,Fond du Lac,194,5,0,43.75354908,-88.48885325,55039.0,187.61544636035703,2.5773195876288657,189,192,5,0,187,185,103066,2,0,0,2,7
2020-05-29,US,Wisconsin,Forest,28,1,0,45.66678019,-88.77084892,55041.0,310.9729009329187,3.571428571428572,27,26,1,0,25,24,8991,2,0,0,2,2
2020-05-29,US,Wisconsin,Grant,94,12,0,42.8671731,-90.7063218,55043.0,182.740722020257,12.76595744680851,82,93,12,0,81,89,51554,1,0,0,1,4
2020-05-29,US,Wisconsin,Green,65,0,0,42.6794956,-89.60243287,55045.0,175.86580086580085,0.0,65,60,0,0,60,58,36929,5,0,0,5,2
2020-05-29,US,Wisconsin,Green Lake,18,0,0,43.80025981,-89.04679553,55047.0,95.17263258076456,0.0,18,16,0,0,16,16,18918,2,0,0,2,0
2020-05-29,US,Wisconsin,Iowa,15,0,0,43.00050278,-90.13469017,55049.0,63.34994509671425,0.0,15,14,0,0,14,12,23771,1,0,0,1,2
2020-05-29,US,Wisconsin,Iron,2,1,0,46.26302338,-90.24295041,55051.0,35.16792685071215,50.0,1,2,1,0,1,2,5676,0,0,0,0,0
2020-05-29,US,Wisconsin,Jackson,16,1,0,44.31864893,-90.80566792,55053.0,77.50811413069806,6.25,15,15,1,0,14,14,20478,1,0,0,1,1
2020-05-29,US,Wisconsin,Jefferson,101,3,0,43.02054068,-88.77529134,55055.0,119.14732980216823,2.9702970297029703,98,96,3,0,93,92,85129,5,0,0,5,4
2020-05-29,US,Wisconsin,Juneau,23,1,0,43.92456975,-90.11120239,55057.0,86.18428448308167,4.3478260869565215,22,22,1,0,21,22,26617,1,0,0,1,0
2020-05-29,US,Wisconsin,Kenosha,1131,27,0,42.57639354,-88.04051686,55059.0,667.0165898998001,2.3872679045092844,1104,1088,25,0,1063,1033,169290,43,2,0,41,55
2020-05-29,US,Wisconsin,Kewaunee,34,1,0,44.51727459,-87.61468386,55061.0,166.38935108153078,2.9411764705882355,33,34,1,0,33,33,20383,0,0,0,0,1
2020-05-29,US,Wisconsin,La Crosse,53,0,0,43.90632465,-91.11451093,55063.0,44.90916485900217,0.0,53,51,0,0,51,51,118230,2,0,0,2,0
2020-05-29,US,Wisconsin,Lafayette,27,0,0,42.66005229,-90.1317729,55065.0,162.01620162016198,0.0,27,26,0,0,26,25,16665,1,0,0,1,1
2020-05-29,US,Wisconsin,Langlade,2,0,0,45.26271619,-89.07483625,55067.0,10.422637969670124,0.0,2,2,0,0,2,2,19268,0,0,0,0,0
2020-05-29,US,Wisconsin,Lincoln,7,0,0,45.33737523,-89.73411273,55069.0,25.3687529445874,0.0,7,7,0,0,7,5,27689,0,0,0,0,2
2020-05-29,US,Wisconsin,Manitowoc,36,1,0,44.11946801,-87.80928853,55071.0,45.58058267178182,2.7777777777777777,35,36,1,0,35,32,79074,0,0,0,0,4
2020-05-29,US,Wisconsin,Marathon,46,1,0,44.89792533,-89.75863384,55073.0,33.90030362880641,2.1739130434782608,45,43,1,0,42,43,135428,3,0,0,3,0
2020-05-29,US,Wisconsin,Marinette,33,2,0,45.38553432,-88.03324599999998,55075.0,81.78438661710037,6.0606060606060606,31,33,2,0,31,32,40434,0,0,0,0,1
2020-05-29,US,Wisconsin,Marquette,3,1,0,43.81911946,-89.40073763,55077.0,19.262874020803906,33.333333333333336,2,3,1,0,2,3,15434,0,0,0,0,0
2020-05-29,US,Wisconsin,Menominee,3,0,0,45.00422544,-88.70950714,55078.0,65.84723441615452,0.0,3,3,0,0,3,3,4658,0,0,0,0,0
2020-05-29,US,Wisconsin,Milwaukee,7429,294,0,43.00486062,-87.96733172,55079.0,785.5340764661223,3.957463992461973,7135,6952,285,0,6667,6748,948201,477,9,0,468,204
2020-05-29,US,Wisconsin,Monroe,16,1,0,43.94641218,-90.61881899999999,55081.0,34.592350766436766,6.25,15,16,1,0,15,16,46051,0,0,0,0,0
2020-05-29,US,Wisconsin,Oconto,35,0,0,45.02715345,-88.26807503,55083.0,92.27524387028735,0.0,35,35,0,0,35,35,37830,0,0,0,0,0
2020-05-29,US,Wisconsin,Oneida,9,0,0,45.70677897,-89.51944105,55085.0,25.284450063211125,0.0,9,9,0,0,9,8,35470,0,0,0,0,1
2020-05-29,US,Wisconsin,Outagamie,213,8,0,44.41578887,-88.46565023,55087.0,113.36721930968412,3.755868544600939,205,204,8,0,196,198,187365,9,0,0,9,6
2020-05-29,US,Wisconsin,Ozaukee,159,11,0,43.38352225,-87.94625009,55089.0,178.20916600351936,6.918238993710692,148,156,11,0,145,144,89147,3,0,0,3,12
2020-05-29,US,Wisconsin,Pepin,1,0,0,44.58307413,-91.99949611,55091.0,13.723068478111706,0.0,1,1,0,0,1,1,7289,0,0,0,0,0
2020-05-29,US,Wisconsin,Pierce,45,0,0,44.71850291,-92.4224416,55093.0,105.2533096318473,0.0,45,44,0,0,44,43,42555,1,0,0,1,1
2020-05-29,US,Wisconsin,Polk,18,1,0,45.46130348,-92.44182875,55095.0,41.11184706392893,5.5555555555555545,17,18,1,0,17,17,43598,0,0,0,0,1
2020-05-29,US,Wisconsin,Portage,11,0,0,44.47558711,-89.50152965,55097.0,15.542870061606285,0.0,11,11,0,0,11,10,70942,0,0,0,0,1
2020-05-29,US,Wisconsin,Price,2,0,0,45.68051754,-90.36098879999999,55099.0,14.980151299528124,0.0,2,2,0,0,2,2,13397,0,0,0,0,0
2020-05-29,US,Wisconsin,Racine,1652,35,0,42.74753117,-88.05941254,55101.0,841.5218709089149,2.1186440677966103,1617,1605,33,0,1572,1579,196584,47,2,0,45,26
2020-05-29,US,Wisconsin,Richland,14,4,0,43.3762778,-90.43012729,55103.0,81.1500115928588,28.57142857142857,10,14,4,0,10,14,17377,0,0,0,0,0
2020-05-29,US,Wisconsin,Rock,620,18,0,42.67151616,-89.07147900000002,55105.0,379.5438128236835,2.9032258064516134,602,607,18,0,589,588,163129,13,0,0,13,19
2020-05-29,US,Wisconsin,Rusk,5,0,0,45.47498854,-91.1333012,55107.0,35.265904923120324,0.0,5,5,0,0,5,5,14147,0,0,0,0,0
2020-05-29,US,Wisconsin,Sauk,78,3,0,43.42574087,-89.94966132,55111.0,121.03907389590641,3.8461538461538463,75,78,3,0,75,78,64249,0,0,0,0,0
2020-05-29,US,Wisconsin,Sawyer,8,0,0,45.87931905,-91.14504927,55113.0,48.31501389056649,0.0,8,8,0,0,8,7,16489,0,0,0,0,1
2020-05-29,US,Wisconsin,Shawano,45,0,0,44.78902246,-88.76443896,55115.0,110.02714002787356,0.0,45,43,0,0,43,41,40796,2,0,0,2,2
2020-05-29,US,Wisconsin,Sheboygan,87,3,0,43.72099677,-87.94579284,55117.0,75.42916594416508,3.4482758620689653,84,84,3,0,81,83,115456,3,0,0,3,1
2020-05-29,US,Wisconsin,St. Croix,77,0,0,45.03437474,-92.45000068,55109.0,84.90742884867731,0.0,77,74,0,0,74,71,89694,3,0,0,3,3
2020-05-29,US,Wisconsin,Taylor,2,0,0,45.21179252,-90.5004405,55119.0,9.83139163348572,0.0,2,1,0,0,1,1,20412,1,0,0,1,0
2020-05-29,US,Wisconsin,Trempealeau,24,0,0,44.30360275,-91.35893614,55121.0,80.94708084589699,0.0,24,23,0,0,23,22,29442,1,0,0,1,1
2020-05-29,US,Wisconsin,Vernon,21,0,0,43.59422667,-90.8324691,55123.0,68.13315164492894,0.0,21,20,0,0,20,19,30785,1,0,0,1,1
2020-05-29,US,Wisconsin,Vilas,6,0,0,46.05467334,-89.51719204,55125.0,27.03311556656905,0.0,6,6,0,0,6,6,21938,0,0,0,0,0
2020-05-29,US,Wisconsin,Walworth,379,17,0,42.66858202,-88.54163073,55127.0,364.88620171756463,4.485488126649076,362,372,16,0,356,363,103718,7,1,0,6,9
2020-05-29,US,Wisconsin,Washburn,2,0,0,45.89838588,-91.79050449,55129.0,12.72264631043257,0.0,2,2,0,0,2,2,15878,0,0,0,0,0
2020-05-29,US,Wisconsin,Washington,238,6,0,43.36863664,-88.22974712,55131.0,174.9562609347663,2.5210084033613445,232,233,4,0,229,212,135693,5,2,0,3,21
2020-05-29,US,Wisconsin,Waukesha,665,28,0,43.01833055,-88.30431188,55133.0,164.52332767603997,4.2105263157894735,637,650,28,0,622,593,403072,15,0,0,15,57
2020-05-29,US,Wisconsin,Waupaca,29,1,0,44.47068056,-88.96534501,55135.0,56.873896842518135,3.4482758620689653,28,27,1,0,26,27,51128,2,0,0,2,0
2020-05-29,US,Wisconsin,Waushara,8,0,0,44.11324419,-89.24317107,55137.0,32.72920672585198,0.0,8,8,0,0,8,8,24263,0,0,0,0,0
2020-05-29,US,Wisconsin,Winnebago,224,4,0,44.06886922,-88.64477096,55139.0,130.30301267545823,1.7857142857142858,220,205,3,0,202,199,171020,19,1,0,18,6
2020-05-29,US,Wisconsin,Wood,10,1,0,44.45537896,-90.04158336,55141.0,13.698817792024547,10.0,9,10,1,0,9,9,73055,0,0,0,0,1
2020-05-29,US,Wyoming,Albany,25,0,0,41.65498705,-105.72354150000001,56001.0,64.30041152263375,0.0,25,24,0,0,24,23,38601,1,0,0,1,1
2020-05-29,US,Wyoming,Big Horn,5,0,0,44.52405055,-107.9960365,56003.0,42.408821034775244,0.0,5,5,0,0,5,5,11881,0,0,0,0,0
2020-05-29,US,Wyoming,Campbell,31,0,0,44.24886082,-105.54744040000001,56005.0,66.89540579616323,0.0,31,30,0,0,30,30,46140,1,0,0,1,0
2020-05-29,US,Wyoming,Carbon,16,0,0,41.69357844,-106.9326084,56007.0,108.10810810810813,0.0,16,16,0,0,16,16,14971,0,0,0,0,0
2020-05-29,US,Wyoming,Converse,24,0,0,42.97272268,-105.5081848,56009.0,173.63623209376357,0.0,24,24,0,0,24,24,13640,0,0,0,0,0
2020-05-29,US,Wyoming,Crook,5,0,0,44.58855102,-104.56977049999999,56011.0,65.92827004219409,0.0,5,5,0,0,5,5,7450,0,0,0,0,0
2020-05-29,US,Wyoming,Fremont,273,0,0,43.04183996,-108.6296893,56013.0,695.3465270879499,0.0,273,261,0,0,261,255,39531,12,0,0,12,6
2020-05-29,US,Wyoming,Goshen,5,0,0,42.08798185,-104.3534743,56015.0,37.847248505033676,0.0,5,5,0,0,5,5,13376,0,0,0,0,0
2020-05-29,US,Wyoming,Hot Springs,12,0,0,43.71930657,-108.44231740000001,56017.0,271.92386131883075,0.0,12,12,0,0,12,12,4555,0,0,0,0,0
2020-05-29,US,Wyoming,Johnson,18,1,0,44.04057166,-106.58451740000001,56019.0,213.14387211367676,5.5555555555555545,17,18,1,0,17,18,8460,0,0,0,0,0
2020-05-29,US,Wyoming,Laramie,188,0,0,41.30702520000001,-104.6887497,56021.0,188.94472361809045,0.0,188,188,0,0,188,185,98976,0,0,0,0,3
2020-05-29,US,Wyoming,Lincoln,15,0,0,42.26376367,-110.6563997,56023.0,75.642965204236,0.0,15,15,0,0,15,15,19434,0,0,0,0,0
2020-05-29,US,Wyoming,Natrona,76,0,0,42.96180148,-106.79788500000001,56025.0,95.16892484159384,0.0,76,75,0,0,75,72,79115,1,0,0,1,3
2020-05-29,US,Wyoming,Niobrara,2,0,0,43.05607708,-104.47588959999999,56027.0,84.88964346349746,0.0,2,2,0,0,2,2,2388,0,0,0,0,0
2020-05-29,US,Wyoming,Park,2,0,0,44.52157546,-109.58528249999999,56029.0,6.850722751250258,0.0,2,2,0,0,2,2,29324,0,0,0,0,0
2020-05-29,US,Wyoming,Platte,1,0,0,42.13299116,-104.96633100000001,56031.0,11.914690813773385,0.0,1,1,0,0,1,1,8566,0,0,0,0,0
2020-05-29,US,Wyoming,Sheridan,16,0,0,44.79048913,-106.8862389,56033.0,52.484828604231595,0.0,16,16,0,0,16,16,30233,0,0,0,0,0
2020-05-29,US,Wyoming,Sublette,3,0,0,42.76558279,-109.91309220000001,56035.0,30.515715593530675,0.0,3,3,0,0,3,3,9813,0,0,0,0,0
2020-05-29,US,Wyoming,Sweetwater,26,0,0,41.65943896,-108.8827882,56037.0,61.40330160829417,0.0,26,26,0,0,26,25,43051,0,0,0,0,1
2020-05-29,US,Wyoming,Teton,100,0,0,43.93522482,-110.5890801,56039.0,426.1847937265599,0.0,100,100,0,0,100,100,23081,0,0,0,0,0
2020-05-29,US,Wyoming,Uinta,12,0,0,41.2878183,-110.54757820000002,56041.0,59.32957579353307,0.0,12,12,0,0,12,12,20299,0,0,0,0,0
2020-05-29,US,Wyoming,Unassigned,0,14,0,0.0,0.0,90056.0,0.0,0.0,-14,0,14,0,-14,0,,0,0,0,0,0
2020-05-29,US,Wyoming,Washakie,35,0,0,43.90451606,-107.68018700000002,56043.0,448.43049327354265,0.0,35,35,0,0,35,33,7885,0,0,0,0,2
2020-05-29,US,Wyoming,Weston,1,0,0,43.83961191,-104.56748809999999,56045.0,14.436263894903998,0.0,1,1,0,0,1,1,6967,0,0,0,0,0
