Date,Country/Region,Province/State,Admin2,Confirmed,Deaths,Recovered,Latitude,Longitude,FIPS,Incidence_Rate,Case-Fatality_Ratio,Active Cases,Previous Confirmed,Previous Deaths,Previous Recovered,Previous Active,Prev2 Confirmed,Population,Daily Confirmed,Daily Deaths,Daily Recovered,Daily Active,Previous Daily Confirmed
2020-06-26,US,Alabama,Autauga,482,10,0,32.53952745,-86.64408227,1001.0,862.7324634412644,2.074688796680498,472,473,10,0,463,463,55601,9,0,0,9,10
2020-06-26,US,Alabama,Baldwin,500,9,0,30.72774991,-87.72207058,1003.0,223.9802180671403,1.8,491,462,9,0,453,449,218022,38,0,0,38,13
2020-06-26,US,Alabama,Barbour,309,1,0,31.868263,-85.3871286,1005.0,1251.7216235923195,0.32362459546925565,308,303,1,0,302,287,24881,6,0,0,6,16
2020-06-26,US,Alabama,Bibb,150,1,0,32.99642064,-87.12511459999996,1007.0,669.8222738233455,0.6666666666666666,149,146,1,0,145,138,22400,4,0,0,4,8
2020-06-26,US,Alabama,Blount,181,1,0,33.98210918,-86.56790593,1009.0,313.0079894856985,0.5524861878453039,180,173,1,0,172,165,57840,8,0,0,8,8
2020-06-26,US,Alabama,Bullock,347,10,0,32.10030533,-85.71265535,1011.0,3435.303435303436,2.8818443804034577,337,347,10,0,337,332,10138,0,0,0,0,15
2020-06-26,US,Alabama,Butler,592,27,0,31.75300095,-86.68057478,1013.0,3044.014808720691,4.5608108108108105,565,586,27,0,559,582,19680,6,0,0,6,4
2020-06-26,US,Alabama,Calhoun,228,5,0,33.77483727,-85.82630386,1015.0,200.69539192817214,2.1929824561403506,223,225,5,0,220,212,114277,3,0,0,3,13
2020-06-26,US,Alabama,Chambers,545,27,0,32.91360079,-85.39072749,1017.0,1638.9005833884644,4.954128440366971,518,535,27,0,508,529,33615,10,0,0,10,6
2020-06-26,US,Alabama,Cherokee,65,7,0,34.17805983,-85.60638968,1019.0,248.129485417621,10.769230769230768,58,62,7,0,55,56,26032,3,0,0,3,6
2020-06-26,US,Alabama,Chilton,189,2,0,32.85044126,-86.7173256,1021.0,425.40740073827317,1.058201058201058,187,178,2,0,176,178,44153,11,0,0,11,0
2020-06-26,US,Alabama,Choctaw,188,12,0,32.02227341,-88.26564429999998,1023.0,1493.3672253554694,6.382978723404255,176,187,12,0,175,185,12841,1,0,0,1,2
2020-06-26,US,Alabama,Clarke,252,5,0,31.68099859,-87.83548597,1025.0,1066.8021336042673,1.984126984126984,247,243,5,0,238,230,23920,9,0,0,9,13
2020-06-26,US,Alabama,Clay,35,2,0,33.26984193,-85.85836077,1027.0,264.45032111824713,5.7142857142857135,33,35,2,0,33,34,13275,0,0,0,0,1
2020-06-26,US,Alabama,Cleburne,24,1,0,33.67679204,-85.52005899,1029.0,160.96579476861166,4.166666666666667,23,23,1,0,22,23,14987,1,0,0,1,0
2020-06-26,US,Alabama,Coffee,334,1,0,31.39932826,-85.98901039,1031.0,638.1108860952962,0.2994011976047904,333,326,1,0,325,326,51909,8,0,0,8,0
2020-06-26,US,Alabama,Colbert,333,5,0,34.69847452,-87.80168544,1033.0,602.8131279303417,1.5015015015015014,328,323,5,0,318,314,54762,10,0,0,10,9
2020-06-26,US,Alabama,Conecuh,159,3,0,31.43401703,-86.99320044,1035.0,1317.643159028756,1.8867924528301887,156,153,3,0,150,151,12277,6,0,0,6,2
2020-06-26,US,Alabama,Coosa,54,1,0,32.93690146,-86.24847739,1037.0,506.4240832786271,1.851851851851852,53,54,1,0,53,52,10715,0,0,0,0,2
2020-06-26,US,Alabama,Covington,280,4,0,31.247785399999998,-86.45050893,1039.0,755.7558908472563,1.4285714285714286,276,270,3,0,267,254,36986,10,1,0,9,16
2020-06-26,US,Alabama,Crenshaw,120,3,0,31.72941803,-86.31593104,1041.0,871.3331397037468,2.5,117,119,3,0,116,118,13824,1,0,0,1,1
2020-06-26,US,Alabama,Cullman,365,3,0,34.13020303,-86.86888037,1043.0,435.72724668131036,0.821917808219178,362,348,3,0,345,326,83442,17,0,0,17,22
2020-06-26,US,Alabama,Dale,221,0,0,31.43037123,-85.61095742,1045.0,449.44277230944436,0.0,221,216,0,0,216,209,48956,5,0,0,5,7
2020-06-26,US,Alabama,Dallas,728,8,0,32.32688101,-87.10866709999998,1047.0,1957.199698892354,1.0989010989010992,720,711,7,0,704,687,38310,17,1,0,16,24
2020-06-26,US,Alabama,DeKalb,506,5,0,34.45946862,-85.80782906,1049.0,707.5636597541705,0.9881422924901184,501,484,5,0,479,445,71385,22,0,0,22,39
2020-06-26,US,Alabama,Elmore,744,13,0,32.59785413,-86.14415284,1051.0,916.1546134049182,1.7473118279569892,731,730,12,0,718,706,81887,14,1,0,13,24
2020-06-26,US,Alabama,Escambia,208,6,0,31.1256789,-87.15918694,1053.0,567.7940654601042,2.8846153846153846,202,190,6,0,184,172,36748,18,0,0,18,18
2020-06-26,US,Alabama,Etowah,521,13,0,34.04567266,-86.04051873,1055.0,509.4457699378104,2.4952015355086368,508,485,13,0,472,453,102501,36,0,0,36,32
2020-06-26,US,Alabama,Fayette,64,1,0,33.72076938,-87.73886638,1057.0,392.5898662740768,1.5625,63,62,1,0,61,60,16433,2,0,0,2,2
2020-06-26,US,Alabama,Franklin,826,11,0,34.44235334,-87.84289505,1059.0,2633.760602002423,1.3317191283292975,815,812,11,0,801,799,31363,14,0,0,14,13
2020-06-26,US,Alabama,Geneva,59,0,0,31.09389027,-85.83572839,1061.0,224.58223897072816,0.0,59,55,0,0,55,53,26314,4,0,0,4,2
2020-06-26,US,Alabama,Greene,160,6,0,32.85504247,-87.95684022,1063.0,1972.629762051535,3.75,154,160,6,0,154,157,8233,0,0,0,0,3
2020-06-26,US,Alabama,Hale,270,19,0,32.76039258,-87.63284988,1065.0,1842.877619275135,7.037037037037037,251,267,19,0,248,264,14726,3,0,0,3,3
2020-06-26,US,Alabama,Henry,130,4,0,31.51148016,-85.24267944,1067.0,755.5943039814008,3.0769230769230766,126,128,4,0,124,123,17209,2,0,0,2,5
2020-06-26,US,Alabama,Houston,396,3,0,31.15197924,-85.29939599,1069.0,374.00124667082224,0.7575757575757576,393,373,4,0,369,372,104722,23,-1,0,24,1
2020-06-26,US,Alabama,Jackson,196,2,0,34.78144169,-85.99750489,1071.0,379.65366288304335,1.020408163265306,194,178,2,0,176,163,51736,18,0,0,18,15
2020-06-26,US,Alabama,Jefferson,3481,129,0,33.55554728,-86.89506300000002,1073.0,528.5670684950643,3.7058316575696635,3352,3332,130,0,3202,3187,659300,149,-1,0,150,145
2020-06-26,US,Alabama,Lamar,63,1,0,33.77995024,-88.09668032,1075.0,456.35639261137266,1.5873015873015872,62,62,0,0,62,59,13844,1,1,0,0,3
2020-06-26,US,Alabama,Lauderdale,352,4,0,34.90171875,-87.65624729,1077.0,379.6007721424797,1.1363636363636365,348,332,4,0,328,323,92387,20,0,0,20,9
2020-06-26,US,Alabama,Lawrence,85,0,0,34.52041498,-87.31069453,1079.0,258.17033167294375,0.0,85,84,0,0,84,81,32957,1,0,0,1,3
2020-06-26,US,Alabama,Lee,1026,36,0,32.60154883,-85.35132246,1081.0,623.5490026862443,3.5087719298245608,990,1001,36,0,965,959,163941,25,0,0,25,42
2020-06-26,US,Alabama,Limestone,334,0,0,34.81185586,-86.98310072,1083.0,337.6636506091089,0.0,334,318,0,0,318,294,96174,16,0,0,16,24
2020-06-26,US,Alabama,Lowndes,432,17,0,32.1597283,-86.65158371,1085.0,4441.702652683529,3.935185185185185,415,431,17,0,414,424,9974,1,0,0,1,7
2020-06-26,US,Alabama,Macon,159,7,0,32.38759944,-85.69267724,1087.0,880.0088554350232,4.402515723270441,152,153,7,0,146,150,18439,6,0,0,6,3
2020-06-26,US,Alabama,Madison,864,6,0,34.76327133,-86.55069633,1089.0,231.69191411309458,0.6944444444444444,858,818,5,0,813,753,366519,46,1,0,45,65
2020-06-26,US,Alabama,Marengo,260,11,0,32.24767634,-87.78796182,1091.0,1378.3597518952447,4.230769230769232,249,255,11,0,244,248,19066,5,0,0,5,7
2020-06-26,US,Alabama,Marion,184,12,0,34.13697363,-87.88704173,1093.0,619.3409404557541,6.521739130434782,172,183,12,0,171,179,29763,1,0,0,1,4
2020-06-26,US,Alabama,Marshall,1326,9,0,34.36975964,-86.30486727,1095.0,1370.2027404054809,0.6787330316742082,1317,1265,9,0,1256,1182,96109,61,0,0,61,83
2020-06-26,US,Alabama,Mobile,3271,133,0,30.78472347,-88.20842409,1097.0,791.6071731081047,4.0660348517272995,3138,3219,134,0,3085,3164,413757,52,-1,0,53,55
2020-06-26,US,Alabama,Monroe,178,2,0,31.56729412,-87.36995001,1099.0,858.5347031302754,1.1235955056179776,176,174,2,0,172,171,21067,4,0,0,4,3
2020-06-26,US,Alabama,Montgomery,3521,91,0,32.2206831,-86.20969272,1101.0,1554.6214777072314,2.584493041749503,3430,3467,88,0,3379,3394,225763,54,3,0,51,73
2020-06-26,US,Alabama,Morgan,886,3,0,34.45500589,-86.85475946,1103.0,740.3136724070221,0.33860045146726864,883,859,2,0,857,818,119089,27,1,0,26,41
2020-06-26,US,Alabama,Perry,104,0,0,32.64048341,-87.29770589,1105.0,1165.5272890283534,0.0,104,102,0,0,102,96,9140,2,0,0,2,6
2020-06-26,US,Alabama,Pickens,188,6,0,33.28094866,-88.08818103,1107.0,943.3015554440543,3.191489361702128,182,178,6,0,172,174,19938,10,0,0,10,4
2020-06-26,US,Alabama,Pike,382,5,0,31.80396383,-85.9408295,1109.0,1153.5906263211934,1.3089005235602094,377,378,4,0,374,373,33338,4,1,0,3,5
2020-06-26,US,Alabama,Randolph,150,9,0,33.29526734,-85.45708831,1111.0,660.1531555320835,6.0,141,150,9,0,141,147,22725,0,0,0,0,3
2020-06-26,US,Alabama,Russell,409,0,0,32.28725256,-85.18415324,1113.0,705.6469005020617,0.0,409,407,0,0,407,391,57781,2,0,0,2,16
2020-06-26,US,Alabama,Shelby,914,23,0,33.26879845,-86.66232561,1117.0,419.83996472241864,2.516411378555799,891,877,23,0,854,843,215707,37,0,0,37,34
2020-06-26,US,Alabama,St. Clair,237,2,0,33.71902176,-86.31029372,1115.0,264.76896952363927,0.8438818565400844,235,228,2,0,226,219,88690,9,0,0,9,9
2020-06-26,US,Alabama,Sumter,274,12,0,32.59117397,-88.19916205,1119.0,2204.87647863523,4.37956204379562,262,271,12,0,259,271,12691,3,0,0,3,0
2020-06-26,US,Alabama,Talladega,206,5,0,33.37823223,-86.16886178,1121.0,257.57083197879416,2.4271844660194173,201,200,6,0,194,193,79828,6,-1,0,7,7
2020-06-26,US,Alabama,Tallapoosa,534,69,0,32.86698258,-85.79833053,1123.0,1322.862734411772,12.92134831460674,465,534,69,0,465,524,40497,0,0,0,0,10
2020-06-26,US,Alabama,Tuscaloosa,1795,35,0,33.28726072,-87.52556818,1125.0,857.3953332855676,1.9498607242339836,1760,1739,35,0,1704,1665,208911,56,0,0,56,74
2020-06-26,US,Alabama,Unassigned,466,20,0,0.0,0.0,90001.0,0.0,4.291845493562231,446,453,16,0,437,440,,13,4,0,9,13
2020-06-26,US,Alabama,Walker,763,13,0,33.80270512,-87.30027177,1127.0,1201.1775633255145,1.7038007863695936,750,751,12,0,739,731,63711,12,1,0,11,20
2020-06-26,US,Alabama,Washington,97,6,0,31.4092794,-88.20689944,1129.0,594.1443096900648,6.185567010309278,91,94,6,0,88,94,16378,3,0,0,3,0
2020-06-26,US,Alabama,Wilcox,267,8,0,31.98773215,-87.30891118,1131.0,2573.9901667791387,2.9962546816479403,259,261,8,0,253,257,10627,6,0,0,6,4
2020-06-26,US,Alabama,Winston,214,2,0,34.15030532,-87.37325922,1133.0,905.6667654153794,0.9345794392523364,212,208,2,0,206,193,23660,6,0,0,6,15
2020-06-26,US,Alaska,Anchorage,387,6,0,61.14998174,-149.14269860000005,2020.0,134.375,1.5503875968992251,381,381,6,0,375,373,291538,6,0,0,6,8
2020-06-26,US,Alaska,Bethel,8,0,0,60.90980451,-159.8561831,2050.0,43.511367344718806,0.0,8,8,0,0,8,7,18216,0,0,0,0,1
2020-06-26,US,Alaska,Fairbanks North Star,133,2,0,64.80726247,-146.5692662,2090.0,137.32717942363885,1.5037593984962403,131,130,2,0,128,122,98971,3,0,0,3,8
2020-06-26,US,Alaska,Haines,2,0,0,59.09893571,-135.4679843,2100.0,79.05138339920948,0.0,2,2,0,0,2,2,2474,0,0,0,0,0
2020-06-26,US,Alaska,Juneau,42,2,0,58.45031811,-134.200436,2110.0,131.35672734096454,4.761904761904762,40,39,0,0,39,39,32113,3,2,0,1,0
2020-06-26,US,Alaska,Kenai Peninsula,128,2,0,60.24429722,-151.53888840000005,2122.0,218.0282073993323,1.5625,126,126,2,0,124,121,58533,2,0,0,2,5
2020-06-26,US,Alaska,Ketchikan Gateway,21,0,0,55.57445008,-130.975561,2130.0,151.06826846989426,0.0,21,21,0,0,21,22,13918,0,0,0,0,-1
2020-06-26,US,Alaska,Kodiak Island,3,0,0,57.65529415,-153.7493579,2150.0,23.08047391906447,0.0,3,3,0,0,3,3,13345,0,0,0,0,0
2020-06-26,US,Alaska,Matanuska-Susitna,68,1,0,62.31305045,-149.5741743,2170.0,62.77869586491503,1.4705882352941178,67,63,1,0,62,61,107610,5,0,0,5,2
2020-06-26,US,Alaska,Nome,6,0,0,64.90320724,-164.0353804,2180.0,59.976009596161525,0.0,6,6,0,0,6,6,10008,0,0,0,0,0
2020-06-26,US,Alaska,North Slope,4,0,0,69.31479216,-153.4836093,2185.0,40.68348250610252,0.0,4,4,0,0,4,4,9872,0,0,0,0,0
2020-06-26,US,Alaska,Northwest Arctic,4,0,0,67.04919196,-159.7503946,2188.0,52.48655032148013,0.0,4,4,0,0,4,4,7671,0,0,0,0,0
2020-06-26,US,Alaska,Petersburg,4,1,0,57.13978948,-132.9540995,2195.0,122.47397428046541,25.0,3,4,1,0,3,4,3221,0,0,0,0,0
2020-06-26,US,Alaska,Prince of Wales-Hyder,2,0,0,55.76261984,-133.0511621,2198.0,32.24246332419797,0.0,2,2,0,0,2,2,6422,0,0,0,0,0
2020-06-26,US,Alaska,Sitka,12,0,0,57.24124555,-135.3206587,2220.0,141.2928293889085,0.0,12,11,0,0,11,11,8647,1,0,0,1,0
2020-06-26,US,Alaska,Southeast Fairbanks,3,0,0,63.87692095,-143.2127643,2240.0,43.52241404323227,0.0,3,3,0,0,3,3,6918,0,0,0,0,0
2020-06-26,US,Alaska,Valdez-Cordova,1,0,0,61.47502768,-144.7126799,2261.0,10.867202782003913,0.0,1,1,0,0,1,,9164,0,0,0,0,
2020-06-26,US,Alaska,Wrangell,3,0,0,56.3202004,-132.05837309999998,2275.0,119.90407673860909,0.0,3,3,0,0,3,3,2503,0,0,0,0,0
2020-06-26,US,Alaska,Yukon-Koyukuk,2,0,0,65.50815459,-151.39073869999999,2290.0,38.24091778202677,0.0,2,2,0,0,2,2,5327,0,0,0,0,0
2020-06-26,US,Arizona,Apache,2250,79,0,35.39465006,-109.4892383,4001.0,3129.9122233505364,3.511111111111111,2171,2235,73,0,2162,2194,71818,15,6,0,9,41
2020-06-26,US,Arizona,Cochise,509,6,0,31.87934684,-109.7516088,4003.0,404.2184844586331,1.1787819253438114,503,468,6,0,462,441,126770,41,0,0,41,27
2020-06-26,US,Arizona,Coconino,1713,91,0,35.83883429,-111.77071780000001,4005.0,1193.9279043184922,5.312317571511968,1622,1676,91,0,1585,1611,142854,37,0,0,37,65
2020-06-26,US,Arizona,Gila,237,5,0,33.80190085,-110.8132779,4007.0,438.7426413417749,2.109704641350211,232,216,5,0,211,201,53889,21,0,0,21,15
2020-06-26,US,Arizona,Graham,75,1,0,32.93166885,-109.8882178,4009.0,193.11481319360405,1.3333333333333333,74,70,1,0,69,71,38072,5,0,0,5,-1
2020-06-26,US,Arizona,Greenlee,17,1,0,33.21498827,-109.2405279,4011.0,178.9850494841019,5.882352941176472,16,17,1,0,16,16,9483,0,0,0,0,1
2020-06-26,US,Arizona,La Paz,309,5,0,33.72854224,-113.98100290000001,4012.0,1463.8999431495165,1.6181229773462784,304,299,4,0,295,289,21098,10,1,0,9,10
2020-06-26,US,Arizona,Maricopa,39626,718,0,33.34835867,-112.49181540000001,4013.0,883.4413055294339,1.811941654469288,38908,37135,694,0,36441,34992,4410824,2491,24,0,2467,2143
2020-06-26,US,Arizona,Mohave,927,84,0,35.70471703,-113.7577902,4015.0,436.89114482446587,9.06148867313916,843,881,80,0,801,841,209550,46,4,0,42,40
2020-06-26,US,Arizona,Navajo,3367,122,0,35.3997715,-110.3218983,4017.0,3035.4116331902924,3.623403623403624,3245,3311,115,0,3196,3248,110445,56,7,0,49,63
2020-06-26,US,Arizona,Pima,6836,266,0,32.0971334,-111.7890033,4019.0,652.7391459200462,3.8911644236395553,6570,6546,272,0,6274,6318,1039073,290,-6,0,296,228
2020-06-26,US,Arizona,Pinal,3035,59,0,32.90525627,-111.3449483,4021.0,655.8064258225671,1.943986820428336,2976,2912,58,0,2854,2778,447138,123,1,0,122,134
2020-06-26,US,Arizona,Santa Cruz,1637,14,0,31.52508998,-110.8479088,4023.0,3520.5815303884037,0.8552229688454491,1623,1587,14,0,1573,1538,46511,50,0,0,50,49
2020-06-26,US,Arizona,Unassigned,0,1,0,0.0,0.0,90004.0,0.0,0.0,-1,0,1,0,-1,0,,0,0,0,0,0
2020-06-26,US,Arizona,Yavapai,597,7,0,34.59933926,-112.5538588,4025.0,253.93557607646144,1.1725293132328307,590,564,7,0,557,521,231993,33,0,0,33,43
2020-06-26,US,Arizona,Yuma,5524,77,0,32.76895712,-113.90666740000002,4027.0,2583.880217225557,1.393917451122375,5447,5364,73,0,5291,5131,212128,160,4,0,156,233
2020-06-26,US,Arkansas,Arkansas,24,0,0,34.29145151,-91.37277296,5001.0,137.25265927027337,0.0,24,24,0,0,24,22,17769,0,0,0,0,2
2020-06-26,US,Arkansas,Ashley,68,1,0,33.19153461,-91.76984709999999,5003.0,345.9327466042632,1.4705882352941178,67,59,1,0,58,58,20046,9,0,0,9,1
2020-06-26,US,Arkansas,Baxter,18,0,0,36.28784385,-92.33782872,5005.0,42.926643136506726,0.0,18,16,0,0,16,15,41619,2,0,0,2,1
2020-06-26,US,Arkansas,Benton,2454,15,0,36.33644656,-94.25680817,5007.0,879.1256031897858,0.6112469437652812,2439,2262,14,0,2248,2196,272608,192,1,0,191,66
2020-06-26,US,Arkansas,Boone,22,1,0,36.3084504,-93.09374925,5009.0,58.773242145757635,4.545454545454546,21,19,1,0,18,16,37480,3,0,0,3,3
2020-06-26,US,Arkansas,Bradley,40,2,0,33.46755808,-92.15980837,5011.0,371.64359379355204,5.0,38,39,2,0,37,38,10897,1,0,0,1,1
2020-06-26,US,Arkansas,Carroll,158,4,0,36.34038560000001,-93.54270261,5015.0,556.7300916138125,2.5316455696202533,154,149,4,0,145,141,28223,9,0,0,9,8
2020-06-26,US,Arkansas,Chicot,117,3,0,33.26458973,-91.29539209,5017.0,1156.3550108717136,2.5641025641025643,114,108,2,0,106,96,10438,9,1,0,8,12
2020-06-26,US,Arkansas,Clark,53,0,0,34.04613432,-93.17484713,5019.0,237.4551971326165,0.0,53,53,0,0,53,54,22061,0,0,0,0,-1
2020-06-26,US,Arkansas,Clay,52,3,0,36.36826212,-90.4148172,5021.0,357.3637550683802,5.769230769230768,49,49,3,0,46,49,14847,3,0,0,3,0
2020-06-26,US,Arkansas,Cleburne,82,4,0,35.53864922,-92.02640019,5023.0,329.06617440507245,4.878048780487805,78,79,4,0,75,78,24965,3,0,0,3,1
2020-06-26,US,Arkansas,Cleveland,25,0,0,33.89723187,-92.18537045,5025.0,314.228255404726,0.0,25,25,0,0,25,25,8018,0,0,0,0,0
2020-06-26,US,Arkansas,Columbia,73,3,0,33.21230701,-93.22642793,5027.0,311.2077418254678,4.109589041095891,70,72,3,0,69,72,23537,1,0,0,1,0
2020-06-26,US,Arkansas,Conway,42,3,0,35.26205537,-92.70506566,5029.0,201.4775016789792,7.142857142857142,39,39,3,0,36,39,20891,3,0,0,3,0
2020-06-26,US,Arkansas,Craighead,430,6,0,35.83018283,-90.63235729,5031.0,389.73280643874847,1.3953488372093024,424,422,6,0,416,415,108558,8,0,0,8,7
2020-06-26,US,Arkansas,Crawford,131,0,0,35.58928601,-94.2446814,5033.0,207.0917052658204,0.0,131,121,0,0,121,112,63406,10,0,0,10,9
2020-06-26,US,Arkansas,Crittenden,687,11,0,35.21247318,-90.30839406,5035.0,1432.593055989991,1.6011644832605532,676,660,10,0,650,621,48342,27,1,0,26,39
2020-06-26,US,Arkansas,Cross,84,1,0,35.29631396,-90.77185818,5037.0,511.6024118399415,1.1904761904761905,83,84,1,0,83,83,16676,0,0,0,0,1
2020-06-26,US,Arkansas,Dallas,6,0,0,33.97042763,-92.65167437,5039.0,85.60422314167499,0.0,6,6,0,0,6,6,7182,0,0,0,0,0
2020-06-26,US,Arkansas,Desha,40,0,0,33.83011025,-91.25500948,5041.0,352.0816829504445,0.0,40,40,0,0,40,37,11512,0,0,0,0,3
2020-06-26,US,Arkansas,Drew,49,1,0,33.59035001,-91.71777921,5043.0,268.9499972556123,2.0408163265306123,48,44,1,0,43,41,18328,5,0,0,5,3
2020-06-26,US,Arkansas,Faulkner,382,3,0,35.14719007,-92.33717519,5045.0,303.15776107676555,0.7853403141361257,379,350,3,0,347,339,124806,32,0,0,32,11
2020-06-26,US,Arkansas,Franklin,16,0,0,35.51202821,-93.89299569,5047.0,90.31893875246965,0.0,16,15,0,0,15,13,17810,1,0,0,1,2
2020-06-26,US,Arkansas,Fulton,10,0,0,36.38177105,-91.81729127,5049.0,80.147471347279,0.0,10,9,0,0,9,10,12269,1,0,0,1,-1
2020-06-26,US,Arkansas,Garland,210,1,0,34.57692074,-93.14921604,5051.0,211.29736582617267,0.4761904761904762,209,205,1,0,204,191,99154,5,0,0,5,14
2020-06-26,US,Arkansas,Grant,33,0,0,34.29017991,-92.42320562,5053.0,180.67341910758282,0.0,33,30,0,0,30,28,18188,3,0,0,3,2
2020-06-26,US,Arkansas,Greene,107,0,0,36.11735460000001,-90.55832668,5055.0,236.07280750137886,0.0,107,102,0,0,102,99,45325,5,0,0,5,3
2020-06-26,US,Arkansas,Hempstead,47,1,0,33.73325583,-93.66935133,5057.0,218.2797696451793,2.127659574468085,46,46,1,0,45,46,21741,1,0,0,1,0
2020-06-26,US,Arkansas,Hot Spring,415,0,0,34.31709259,-92.95396325,5059.0,1228.8650025169525,0.0,415,396,0,0,396,396,33701,19,0,0,19,0
2020-06-26,US,Arkansas,Howard,75,1,0,34.09007427,-93.9934871,5061.0,568.0957430692321,1.3333333333333333,74,73,0,0,73,70,13341,2,1,0,1,3
2020-06-26,US,Arkansas,Independence,49,0,0,35.74242707,-91.57001641,5063.0,129.54395241242563,0.0,49,49,0,0,49,48,37678,0,0,0,0,1
2020-06-26,US,Arkansas,Izard,20,1,0,36.09604046,-91.90847954,5065.0,146.74590945777388,5.0,19,20,1,0,19,20,13593,0,0,0,0,0
2020-06-26,US,Arkansas,Jackson,26,0,0,35.59802983,-91.21494602,5067.0,155.5116932830911,0.0,26,26,0,0,26,25,16811,0,0,0,0,1
2020-06-26,US,Arkansas,Jefferson,676,28,0,34.26767081,-91.92619839,5069.0,1011.6125942775052,4.142011834319527,648,663,28,0,635,661,68114,13,0,0,13,2
2020-06-26,US,Arkansas,Johnson,188,0,0,35.56759135,-93.46036368,5071.0,707.3519452178492,0.0,188,175,0,0,175,166,26742,13,0,0,13,9
2020-06-26,US,Arkansas,Lafayette,15,1,0,33.24116713,-93.60677071,5073.0,226.44927536231884,6.666666666666668,14,14,1,0,13,14,6682,1,0,0,1,0
2020-06-26,US,Arkansas,Lawrence,99,9,0,36.04188196,-91.10867198,5075.0,603.4377666707303,9.090909090909092,90,98,9,0,89,98,16434,1,0,0,1,0
2020-06-26,US,Arkansas,Lee,626,1,0,34.78498904,-90.78383866,5077.0,7067.855933160213,0.1597444089456869,625,626,1,0,625,621,8985,0,0,0,0,5
2020-06-26,US,Arkansas,Lincoln,1036,11,0,33.95317155,-91.74002806,5079.0,7954.545454545455,1.061776061776062,1025,1036,11,0,1025,1036,13383,0,0,0,0,0
2020-06-26,US,Arkansas,Little River,38,0,0,33.70375665,-94.23468591,5081.0,309.9763439105963,0.0,38,37,0,0,37,37,12326,1,0,0,1,0
2020-06-26,US,Arkansas,Logan,44,0,0,35.21413234,-93.71951016,5083.0,204.97530979222958,0.0,44,36,0,0,36,36,21737,8,0,0,8,0
2020-06-26,US,Arkansas,Lonoke,119,1,0,34.75392199,-91.88742357,5085.0,162.32659018674374,0.8403361344537815,118,123,0,0,123,96,73657,-4,1,0,-5,27
2020-06-26,US,Arkansas,Madison,174,0,0,36.01038185,-93.72524943,5087.0,1049.7104247104246,0.0,174,168,0,0,168,163,16481,6,0,0,6,5
2020-06-26,US,Arkansas,Marion,4,0,0,36.26844485,-92.68451899,5089.0,23.960704444710675,0.0,4,3,0,0,3,2,16722,1,0,0,1,1
2020-06-26,US,Arkansas,Miller,101,2,0,33.31403423,-93.89285258,5091.0,233.4882215595164,1.98019801980198,99,98,2,0,96,97,43592,3,0,0,3,1
2020-06-26,US,Arkansas,Mississippi,136,3,0,35.76271485,-90.05194370000002,5093.0,334.55511549531377,2.2058823529411766,133,128,3,0,125,128,41239,8,0,0,8,0
2020-06-26,US,Arkansas,Monroe,10,0,0,34.6815935,-91.20540287,5095.0,149.23145799134457,0.0,10,8,0,0,8,8,6900,2,0,0,2,0
2020-06-26,US,Arkansas,Montgomery,4,0,0,34.53704874,-93.65824478,5097.0,44.5136879590474,0.0,4,4,0,0,4,2,8924,0,0,0,0,2
2020-06-26,US,Arkansas,Nevada,101,2,0,33.66340119,-93.30632432,5099.0,1223.9457101308776,1.98019801980198,99,95,2,0,93,95,8326,6,0,0,6,0
2020-06-26,US,Arkansas,Newton,5,0,0,35.91947491,-93.21612969,5101.0,64.49116471043467,0.0,5,4,0,0,4,4,7805,1,0,0,1,0
2020-06-26,US,Arkansas,Ouachita,19,0,0,33.58839816,-92.87795984,5103.0,81.25908818749465,0.0,19,18,0,0,18,18,23606,1,0,0,1,0
2020-06-26,US,Arkansas,Perry,26,0,0,34.945915299999996,-92.94372564,5105.0,248.6848397895744,0.0,26,23,0,0,23,22,10352,3,0,0,3,1
2020-06-26,US,Arkansas,Phillips,109,3,0,34.43268455,-90.84800154,5107.0,612.9794173883703,2.7522935779816518,106,104,3,0,101,91,18029,5,0,0,5,13
2020-06-26,US,Arkansas,Pike,8,0,0,34.16250414,-93.65789349,5109.0,74.64079119238664,0.0,8,8,0,0,8,7,10673,0,0,0,0,1
2020-06-26,US,Arkansas,Poinsett,56,3,0,35.57433534,-90.66268713,5111.0,238.01428085685143,5.357142857142857,53,55,3,0,52,53,23974,1,0,0,1,2
2020-06-26,US,Arkansas,Polk,70,0,0,34.48254879,-94.22728802,5113.0,350.6311360448808,0.0,70,69,0,0,69,69,20049,1,0,0,1,0
2020-06-26,US,Arkansas,Pope,392,3,0,35.44871474,-93.03212219,5115.0,611.8117118241978,0.7653061224489796,389,370,3,0,367,363,64000,22,0,0,22,7
2020-06-26,US,Arkansas,Prairie,19,0,0,34.83624419,-91.55162157,5117.0,235.6735301414041,0.0,19,19,0,0,19,18,8074,0,0,0,0,1
2020-06-26,US,Arkansas,Pulaski,1740,55,0,34.77054088,-92.31355101,5119.0,443.9783522279293,3.160919540229885,1685,1655,53,0,1602,1607,392680,85,2,0,83,48
2020-06-26,US,Arkansas,Randolph,44,1,0,36.3415714,-91.02455531,5121.0,245.01614879162486,2.272727272727273,43,40,1,0,39,39,17948,4,0,0,4,1
2020-06-26,US,Arkansas,Saline,233,2,0,34.64916145,-92.67583224,5125.0,190.30195120755982,0.8583690987124464,231,225,2,0,223,217,121421,8,0,0,8,8
2020-06-26,US,Arkansas,Scott,9,0,0,34.85588887,-94.0632176,5127.0,87.54012255617157,0.0,9,8,0,0,8,8,10319,1,0,0,1,0
2020-06-26,US,Arkansas,Searcy,7,0,0,35.9109364,-92.69936482,5129.0,88.82121558177894,0.0,7,7,0,0,7,7,7958,0,0,0,0,0
2020-06-26,US,Arkansas,Sebastian,357,2,0,35.19605503,-94.27162713,5131.0,279.2837194020043,0.5602240896358543,355,324,2,0,322,298,127753,33,0,0,33,26
2020-06-26,US,Arkansas,Sevier,648,7,0,33.99780401,-94.2424869,5133.0,3810.1958017286997,1.0802469135802468,641,617,6,0,611,614,17139,31,1,0,30,3
2020-06-26,US,Arkansas,Sharp,53,4,0,36.16258158,-91.47819342,5135.0,303.8642357527806,7.547169811320754,49,53,4,0,49,52,17366,0,0,0,0,1
2020-06-26,US,Arkansas,St. Francis,804,3,0,35.02201976,-90.74828138,5123.0,3216.7720252860686,0.373134328358209,801,801,3,0,798,795,25439,3,0,0,3,6
2020-06-26,US,Arkansas,Stone,13,0,0,35.86251946,-92.15684085,5137.0,103.95010395010395,0.0,13,13,0,0,13,13,12457,0,0,0,0,0
2020-06-26,US,Arkansas,Unassigned,699,0,0,0.0,0.0,90005.0,0.0,0.0,699,935,0,0,935,731,,-236,0,0,-236,204
2020-06-26,US,Arkansas,Union,243,13,0,33.16887091,-92.59746952,5139.0,628.1991624011167,5.349794238683128,230,237,13,0,224,232,39126,6,0,0,6,5
2020-06-26,US,Arkansas,Van Buren,33,2,0,35.58095779,-92.51295036,5141.0,199.45602901178603,6.0606060606060606,31,30,2,0,28,30,16603,3,0,0,3,0
2020-06-26,US,Arkansas,Washington,3140,24,0,35.976844,-94.21800746,5143.0,1312.7803768599465,0.7643312101910829,3116,2880,23,0,2857,2767,236961,260,1,0,259,113
2020-06-26,US,Arkansas,White,80,1,0,35.25688493,-91.74908296,5145.0,101.58343174228285,1.25,79,79,1,0,78,80,78727,1,0,0,1,-1
2020-06-26,US,Arkansas,Woodruff,6,0,0,35.18902527,-91.2439489,5147.0,94.93670886075951,0.0,6,6,0,0,6,6,6490,0,0,0,0,0
2020-06-26,US,Arkansas,Yell,511,3,0,35.00292371,-93.41171338,5149.0,2394.4519938147228,0.5870841487279843,508,479,3,0,476,475,21535,32,0,0,32,4
2020-06-26,US,California,Alameda,5493,130,0,37.64629437,-121.8929271,6001.0,328.66060482406516,2.3666484616785,5363,5382,128,0,5254,5275,1666753,111,2,0,109,107
2020-06-26,US,California,Alpine,2,0,0,38.59678594,-119.82235940000001,6003.0,177.14791851195747,0.0,2,2,0,0,2,2,1101,0,0,0,0,0
2020-06-26,US,California,Amador,20,0,0,38.44583082,-120.65696000000001,6005.0,50.311933990742595,0.0,20,20,0,0,20,19,39383,0,0,0,0,1
2020-06-26,US,California,Butte,143,2,0,39.66727762,-121.6005252,6007.0,65.24139315467228,1.3986013986013983,141,133,2,0,131,127,231256,10,0,0,10,6
2020-06-26,US,California,Calaveras,32,0,0,38.20537103,-120.55291299999999,6009.0,69.70918200631739,0.0,32,29,0,0,29,29,45602,3,0,0,3,0
2020-06-26,US,California,Colusa,17,0,0,39.17881957,-122.2331726,6011.0,78.8972942869077,0.0,17,16,0,0,16,14,21627,1,0,0,1,2
2020-06-26,US,California,Contra Costa,2676,73,0,37.91923498,-121.9289527,6013.0,231.9843679292881,2.7279521674140508,2603,2576,72,0,2504,2523,1150215,100,1,0,99,53
2020-06-26,US,California,Del Norte,49,1,0,41.74228275,-123.89740630000001,6015.0,176.18294261469867,2.0408163265306123,48,49,1,0,48,49,27828,0,0,0,0,0
2020-06-26,US,California,El Dorado,158,0,0,38.77965956,-120.5233166,6017.0,81.93193426777223,0.0,158,158,0,0,158,153,190678,0,0,0,0,5
2020-06-26,US,California,Fresno,4374,72,0,36.75733899,-119.6466953,6019.0,437.7935764252063,1.6460905349794241,4302,4053,71,0,3982,3892,994400,321,1,0,320,161
2020-06-26,US,California,Glenn,87,0,0,39.59875897,-122.3938452,6021.0,306.4135526362131,0.0,87,87,0,0,87,74,28047,0,0,0,0,13
2020-06-26,US,California,Humboldt,129,4,0,40.69923009,-123.876044,6023.0,95.16221838622582,3.1007751937984502,125,127,4,0,123,122,136373,2,0,0,2,5
2020-06-26,US,California,Imperial,5838,73,0,33.0393082,-115.36690420000001,6025.0,3221.5876169191292,1.250428228845495,5765,5744,73,0,5671,5549,181827,94,0,0,94,195
2020-06-26,US,California,Inyo,29,1,0,36.51112084,-117.41119779999998,6027.0,160.76279172903153,3.4482758620689653,28,27,1,0,26,27,17987,2,0,0,2,0
2020-06-26,US,California,Kern,4300,65,0,35.34329425,-118.72777959999999,6029.0,477.67056727267885,1.5116279069767442,4235,4182,64,0,4118,4108,896764,118,1,0,117,74
2020-06-26,US,California,Kings,2298,21,0,36.07409056,-119.8159973,6031.0,1502.5500196155356,0.9138381201044388,2277,2284,21,0,2263,2234,151366,14,0,0,14,50
2020-06-26,US,California,Lake,42,0,0,39.10124298,-122.75362439999999,6033.0,65.23157208088715,0.0,42,42,0,0,42,41,64382,0,0,0,0,1
2020-06-26,US,California,Lassen,172,0,0,40.67311306,-120.59350990000002,6035.0,562.5879043600563,0.0,172,89,0,0,89,15,30802,83,0,0,83,74
2020-06-26,US,California,Los Angeles,93391,3269,0,34.30828379,-118.22824109999999,6037.0,930.271985346904,3.5003372916019746,90122,91577,3247,0,88330,89633,10105518,1814,22,0,1792,1944
2020-06-26,US,California,Madera,415,5,0,37.21513971,-119.76655890000002,6039.0,263.78180477603973,1.2048192771084338,410,383,5,0,378,370,157672,32,0,0,32,13
2020-06-26,US,California,Marin,1636,18,0,38.07122463,-122.72106310000001,6041.0,632.0848755534606,1.1002444987775062,1618,1573,18,0,1555,1470,259666,63,0,0,63,103
2020-06-26,US,California,Mariposa,23,1,0,37.57978556,-119.9073334,6043.0,133.69761088182292,4.3478260869565215,22,22,1,0,21,21,17471,1,0,0,1,1
2020-06-26,US,California,Mendocino,76,0,0,39.4381191,-123.39113130000001,6045.0,87.60907906719385,0.0,76,74,0,0,74,72,87606,2,0,0,2,2
2020-06-26,US,California,Merced,824,11,0,37.18922369,-120.72090349999999,6047.0,296.74445404782483,1.3349514563106797,813,791,11,0,780,741,274765,33,0,0,33,50
2020-06-26,US,California,Mono,40,1,0,37.93899289,-118.8872409,6051.0,276.93159789531984,2.5,39,40,1,0,39,40,14250,0,0,0,0,0
2020-06-26,US,California,Monterey,1429,12,0,36.21862405,-121.24133970000001,6053.0,329.21640045984316,0.8397480755773268,1417,1416,12,0,1404,1397,435594,13,0,0,13,19
2020-06-26,US,California,Napa,270,4,0,38.50735751,-122.33283899999999,6055.0,196.01579742130332,1.4814814814814814,266,258,4,0,254,251,139417,12,0,0,12,7
2020-06-26,US,California,Nevada,108,1,0,39.30394768,-120.76272809999999,6057.0,108.26524986216228,0.925925925925926,107,101,1,0,100,92,99696,7,0,0,7,9
2020-06-26,US,California,Orange,11960,323,0,33.70147516,-117.76459979999998,6059.0,376.6108300175206,2.7006688963210697,11637,11511,306,0,11205,11016,3185968,449,17,0,432,495
2020-06-26,US,California,Placer,593,11,0,39.06167234,-120.72405690000001,6061.0,148.87191241410994,1.8549747048903882,582,579,10,0,569,556,393149,14,1,0,13,23
2020-06-26,US,California,Plumas,7,0,0,40.00355989,-120.8395236,6063.0,37.22018397405221,0.0,7,7,0,0,7,7,18804,0,0,0,0,0
2020-06-26,US,California,Riverside,15643,438,0,33.74314981,-115.9933578,6065.0,633.1798719797163,2.799974429457265,15205,15142,435,0,14707,14905,2450758,501,3,0,498,237
2020-06-26,US,California,Sacramento,2666,66,0,38.45106826,-121.34253740000001,6067.0,171.77193120360192,2.4756189047261814,2600,2512,66,0,2446,2440,1540975,154,0,0,154,72
2020-06-26,US,California,San Benito,198,2,0,36.60308176,-121.069975,6069.0,315.24646541841804,1.0101010101010102,196,194,2,0,192,191,61537,4,0,0,4,3
2020-06-26,US,California,San Bernardino,11290,248,0,34.84060306,-116.1774685,6071.0,517.8697160890516,2.1966341895482726,11042,10769,248,0,10521,10407,2171603,521,0,0,521,362
2020-06-26,US,California,San Diego,12401,358,0,33.03484597,-116.73653259999999,6073.0,371.4731617305659,2.8868639625836625,12043,11961,352,0,11609,11626,3343364,440,6,0,434,335
2020-06-26,US,California,San Francisco,3400,48,0,37.75215114,-122.43856720000001,6075.0,385.68474355934836,1.4117647058823528,3352,3297,48,0,3249,3249,883305,103,0,0,103,48
2020-06-26,US,California,San Joaquin,3031,52,0,37.93433732,-121.2730061,6077.0,397.6917868970332,1.7156054107555263,2979,2884,49,0,2835,2742,752660,147,3,0,144,142
2020-06-26,US,California,San Luis Obispo,508,1,0,35.38822029,-120.4039028,6079.0,179.4349212852909,0.1968503937007874,507,489,1,0,488,473,284010,19,0,0,19,16
2020-06-26,US,California,San Mateo,3049,106,0,37.422880799999994,-122.32755459999998,6081.0,397.74424614485514,3.4765496884224336,2943,2996,104,0,2892,2961,769545,53,2,0,51,35
2020-06-26,US,California,Santa Barbara,2742,28,0,34.65329488,-120.0188492,6083.0,614.1111178300513,1.0211524434719184,2714,2631,28,0,2603,2590,446527,111,0,0,111,41
2020-06-26,US,California,Santa Clara,3984,155,0,37.23104908,-121.6970462,6085.0,206.65486769731285,3.8905622489959835,3829,3888,155,0,3733,3832,1937570,96,0,0,96,56
2020-06-26,US,California,Santa Cruz,344,3,0,37.05580291,-122.0066524,6087.0,125.90908924538729,0.8720930232558141,341,337,3,0,334,330,274255,7,0,0,7,7
2020-06-26,US,California,Shasta,97,4,0,40.76391419,-122.0396884,6089.0,53.86494891159485,4.123711340206185,93,96,4,0,92,92,180040,1,0,0,1,4
2020-06-26,US,California,Sierra,1,0,0,39.57713498,-120.52007009999998,6091.0,33.277870216306155,0.0,1,1,0,0,1,1,2987,0,0,0,0,0
2020-06-26,US,California,Siskiyou,26,0,0,41.59198861,-122.54074340000001,6093.0,59.71657594340706,0.0,26,26,0,0,26,26,43724,0,0,0,0,0
2020-06-26,US,California,Solano,1118,23,0,38.26827353,-121.9357113,6095.0,249.7525930261391,2.0572450805008944,1095,1094,23,0,1071,1064,446610,24,0,0,24,30
2020-06-26,US,California,Sonoma,1006,5,0,38.52746429,-122.88625060000001,6097.0,203.50530813050236,0.4970178926441352,1001,974,5,0,969,956,499942,32,0,0,32,18
2020-06-26,US,California,Stanislaus,1940,38,0,37.55862499,-120.9970722,6099.0,352.30450731849055,1.9587628865979383,1902,1871,38,0,1833,1789,549815,69,0,0,69,82
2020-06-26,US,California,Sutter,147,3,0,39.03417539,-121.6945899,6101.0,151.59171298635675,2.0408163265306123,144,140,3,0,137,127,96807,7,0,0,7,13
2020-06-26,US,California,Tehama,62,1,0,40.12570935,-122.23701709999999,6103.0,95.26150820478149,1.6129032258064515,61,62,1,0,61,59,63916,0,0,0,0,3
2020-06-26,US,California,Trinity,2,0,0,40.64917670000001,-123.114713,6105.0,16.28001628001628,0.0,2,2,0,0,2,2,12535,0,0,0,0,0
2020-06-26,US,California,Tulare,3705,122,0,36.22026558,-118.8020203,6107.0,794.7318182305687,3.292847503373819,3583,3646,119,0,3527,3533,465861,59,3,0,56,113
2020-06-26,US,California,Tuolumne,22,0,0,38.02644018,-119.95250929999999,6109.0,40.38327398215794,0.0,22,22,0,0,22,15,54539,0,0,0,0,7
2020-06-26,US,California,Ventura,2336,44,0,34.44465746,-119.09106129999999,6111.0,276.12097313730635,1.8835616438356164,2292,2287,44,0,2243,2161,850967,49,0,0,49,126
2020-06-26,US,California,Yolo,438,24,0,38.68278902,-121.90182879999999,6113.0,198.6394557823129,5.479452054794519,414,408,24,0,384,386,220408,30,0,0,30,22
2020-06-26,US,California,Yuba,57,1,0,39.26255932,-121.35356440000001,6115.0,72.456399044084,1.7543859649122806,56,51,1,0,50,49,78041,6,0,0,6,2
2020-06-26,US,Colorado,Adams,4058,154,0,39.87432092,-104.3362578,8001.0,784.2743143397736,3.7949728930507636,3904,4013,154,0,3859,3971,511868,45,0,0,45,42
2020-06-26,US,Colorado,Alamosa,181,3,0,37.57250606,-105.7885451,8003.0,1115.0126285960698,1.6574585635359116,178,178,3,0,175,177,16683,3,0,0,3,1
2020-06-26,US,Colorado,Arapahoe,5100,342,0,39.64977461,-104.3353617,8005.0,776.7404316239968,6.705882352941178,4758,5066,342,0,4724,5022,651215,34,0,0,34,44
2020-06-26,US,Colorado,Archuleta,8,0,0,37.19474156,-107.0476867,8007.0,57.02473447858009,0.0,8,8,0,0,8,8,13765,0,0,0,0,0
2020-06-26,US,Colorado,Baca,13,0,0,37.31940883,-102.5603223,8009.0,363.02708740575264,0.0,13,13,0,0,13,12,3585,0,0,0,0,1
2020-06-26,US,Colorado,Bent,4,0,0,37.95474293,-103.0720195,8011.0,71.72314864622557,0.0,4,4,0,0,4,4,5882,0,0,0,0,0
2020-06-26,US,Colorado,Boulder,1336,71,0,40.09313619,-105.3546767,8013.0,409.56970655679413,5.31437125748503,1265,1321,71,0,1250,1305,326078,15,0,0,15,16
2020-06-26,US,Colorado,Broomfield,291,29,0,39.95998787,-105.0566324,8014.0,412.97097849996453,9.965635738831617,262,287,29,0,258,284,69267,4,0,0,4,3
2020-06-26,US,Colorado,Chaffee,77,19,0,38.74745778,-106.19265729999998,8015.0,378.2668500687758,24.675324675324674,58,78,20,0,58,78,20027,-1,-1,0,0,0
2020-06-26,US,Colorado,Cheyenne,5,0,0,38.82777431,-102.6032558,8017.0,273.07482250136536,0.0,5,5,0,0,5,5,1876,0,0,0,0,0
2020-06-26,US,Colorado,Clear Creek,18,1,0,39.68864463,-105.6463118,8019.0,185.56701030927837,5.5555555555555545,17,18,1,0,17,18,9605,0,0,0,0,0
2020-06-26,US,Colorado,Conejos,12,0,0,37.201606,-106.19174879999998,8021.0,146.25228519195613,0.0,12,12,0,0,12,12,8200,0,0,0,0,0
2020-06-26,US,Colorado,Costilla,20,0,0,37.27732493,-105.4276548,8023.0,514.5356315924878,0.0,20,20,0,0,20,18,3828,0,0,0,0,2
2020-06-26,US,Colorado,Crowley,70,1,0,38.32608609,-103.7844965,8025.0,1154.9249298795578,1.4285714285714286,69,69,1,0,68,69,5858,1,0,0,1,0
2020-06-26,US,Colorado,Custer,2,0,0,38.10883162,-105.3683478,8027.0,39.463299131807425,0.0,2,2,0,0,2,2,4954,0,0,0,0,0
2020-06-26,US,Colorado,Delta,82,1,0,38.86246243,-107.8631342,8029.0,263.1410050702779,1.2195121951219512,81,81,1,0,80,81,30953,1,0,0,1,0
2020-06-26,US,Colorado,Denver,6901,374,0,39.76018276,-104.8725695,8031.0,948.968043662706,5.419504419649326,6527,6835,369,0,6466,6775,716492,66,5,0,61,60
2020-06-26,US,Colorado,Douglas,911,52,0,39.33133796,-104.930001,8035.0,259.4303354083964,5.70801317233809,859,895,52,0,843,873,342776,16,0,0,16,22
2020-06-26,US,Colorado,Eagle,680,8,0,39.62754308,-106.6933637,8037.0,1233.515337312025,1.1764705882352942,672,670,8,0,662,665,54993,10,0,0,10,5
2020-06-26,US,Colorado,El Paso,2266,118,0,38.83240149,-104.5251411,8041.0,314.5461637444597,5.207413945278024,2148,2220,121,0,2099,2173,713856,46,-3,0,49,47
2020-06-26,US,Colorado,Elbert,56,2,0,39.28656773,-104.1358721,8039.0,209.51026974447228,3.571428571428572,54,55,2,0,53,54,26282,1,0,0,1,1
2020-06-26,US,Colorado,Fremont,33,0,0,38.47362326,-105.4399667,8043.0,68.98137502874225,0.0,33,32,0,0,32,31,48021,1,0,0,1,1
2020-06-26,US,Colorado,Garfield,260,2,0,39.59921777,-107.902708,8045.0,432.8932252210253,0.7692307692307693,258,252,2,0,250,243,59770,8,0,0,8,9
2020-06-26,US,Colorado,Gilpin,7,0,0,39.85646523,-105.5252597,8047.0,112.12558065032835,0.0,7,7,0,0,7,6,6121,0,0,0,0,1
2020-06-26,US,Colorado,Grand,18,0,0,40.10603347,-106.1178042,8049.0,114.40193212152029,0.0,18,18,0,0,18,18,15525,0,0,0,0,0
2020-06-26,US,Colorado,Gunnison,186,6,0,38.66611652,-107.0320729,8051.0,1065.170083610125,3.2258064516129035,180,186,6,0,180,186,17246,0,0,0,0,0
2020-06-26,US,Colorado,Hinsdale,3,0,0,37.82247444,-107.3004345,8053.0,365.8536585365854,0.0,3,3,0,0,3,3,811,0,0,0,0,0
2020-06-26,US,Colorado,Huerfano,4,0,0,37.68473101,-104.9612585,8055.0,57.99623024503408,0.0,4,4,0,0,4,4,6889,0,0,0,0,0
2020-06-26,US,Colorado,Jackson,1,0,0,40.66593870000001,-106.3408905,8057.0,71.83908045977013,0.0,1,1,0,0,1,,1399,0,0,0,0,
2020-06-26,US,Colorado,Jefferson,2616,208,0,39.58635604,-105.2517692,8059.0,448.8051592005917,7.951070336391437,2408,2594,207,0,2387,2569,580233,22,1,0,21,25
2020-06-26,US,Colorado,Kit Carson,31,3,0,39.30497777,-102.6022199,8063.0,436.80428350007037,9.677419354838712,28,31,3,0,28,31,7163,0,0,0,0,0
2020-06-26,US,Colorado,La Plata,94,1,0,37.28632032,-107.8429014,8067.0,167.19731061347184,1.0638297872340423,93,90,1,0,89,89,56310,4,0,0,4,1
2020-06-26,US,Colorado,Lake,50,0,0,39.20278823,-106.3555697,8065.0,615.2331733727083,0.0,50,50,0,0,50,48,7824,0,0,0,0,2
2020-06-26,US,Colorado,Larimer,701,29,0,40.66671597,-105.4625784,8069.0,196.41411155537,4.136947218259629,672,692,29,0,663,686,350518,9,0,0,9,6
2020-06-26,US,Colorado,Las Animas,7,0,0,37.3153406,-104.0376458,8071.0,48.25589411278092,0.0,7,7,0,0,7,8,14503,0,0,0,0,-1
2020-06-26,US,Colorado,Lincoln,4,0,0,38.98749519,-103.5136649,8073.0,70.1631292755657,0.0,4,4,0,0,4,4,5610,0,0,0,0,0
2020-06-26,US,Colorado,Logan,636,5,0,40.7249637,-103.110817,8075.0,2838.145388013745,0.7861635220125787,631,635,5,0,630,635,21528,1,0,0,1,0
2020-06-26,US,Colorado,Mesa,88,0,0,39.01787888,-108.469799,8077.0,57.06504117761494,0.0,88,87,0,0,87,85,153207,1,0,0,1,2
2020-06-26,US,Colorado,Mineral,5,0,0,37.66954283,-106.9281698,8079.0,650.1950585175553,0.0,5,5,0,0,5,3,776,0,0,0,0,2
2020-06-26,US,Colorado,Moffat,10,0,0,40.61810999,-108.2070876,8081.0,75.28419784687196,0.0,10,9,0,0,9,9,13188,1,0,0,1,0
2020-06-26,US,Colorado,Montezuma,69,3,0,37.33859579,-108.5958857,8083.0,263.5297712256044,4.3478260869565215,66,69,3,0,66,68,26158,0,0,0,0,1
2020-06-26,US,Colorado,Montrose,203,12,0,38.40214114,-108.26390220000002,8085.0,474.76495626549416,5.911330049261084,191,202,12,0,190,201,42214,1,0,0,1,1
2020-06-26,US,Colorado,Morgan,650,46,0,40.26279810000001,-103.8093302,8087.0,2236.13595706619,7.0769230769230775,604,649,46,0,603,649,28558,1,0,0,1,0
2020-06-26,US,Colorado,Otero,22,1,0,37.9014485,-103.7173385,8089.0,120.3632782580151,4.545454545454546,21,22,1,0,21,22,18432,0,0,0,0,0
2020-06-26,US,Colorado,Ouray,10,1,0,38.14717457,-107.7675136,8091.0,201.93861066235863,10.0,9,10,1,0,9,10,4833,0,0,0,0,0
2020-06-26,US,Colorado,Park,27,0,0,39.120926,-105.7182065,8093.0,143.27407800477582,0.0,27,27,0,0,27,27,18556,0,0,0,0,0
2020-06-26,US,Colorado,Phillips,15,0,0,40.59414277,-102.3577703,8095.0,351.6998827667058,0.0,15,15,0,0,15,15,4286,0,0,0,0,0
2020-06-26,US,Colorado,Pitkin,93,2,0,39.21720112,-106.9310027,8097.0,523.4423369167558,2.150537634408602,91,91,2,0,89,86,17950,2,0,0,2,5
2020-06-26,US,Colorado,Prowers,17,0,0,37.95544985,-102.3926052,8099.0,139.66480446927375,0.0,17,17,0,0,17,16,12164,0,0,0,0,1
2020-06-26,US,Colorado,Pueblo,372,28,0,38.17359144,-104.5127437,8101.0,220.87113475514175,7.526881720430107,344,369,26,0,343,368,167529,3,2,0,1,1
2020-06-26,US,Colorado,Rio Blanco,3,0,0,39.97913541,-108.2179009,8103.0,47.43833017077799,0.0,3,3,0,0,3,2,6336,0,0,0,0,1
2020-06-26,US,Colorado,Rio Grande,72,2,0,37.5836865,-106.3847838,8105.0,639.0343480962101,2.7777777777777777,70,70,2,0,68,67,11250,2,0,0,2,3
2020-06-26,US,Colorado,Routt,70,6,0,40.48596505,-106.9905548,8107.0,273.0322178017006,8.571428571428571,64,69,6,0,63,67,25733,1,0,0,1,2
2020-06-26,US,Colorado,Saguache,100,2,0,38.08054629,-106.282466,8109.0,1465.4161781946073,2.0,98,100,2,0,98,99,6843,0,0,0,0,1
2020-06-26,US,Colorado,San Juan,1,0,0,37.76248981,-107.67632890000002,8111.0,137.36263736263737,0.0,1,1,0,0,1,1,762,0,0,0,0,0
2020-06-26,US,Colorado,San Miguel,35,0,0,38.00450883,-108.4020725,8113.0,427.9251742266781,0.0,35,34,0,0,34,32,8191,1,0,0,1,2
2020-06-26,US,Colorado,Summit,267,3,0,39.63803232,-106.1150762,8117.0,860.9848118409598,1.1235955056179776,264,265,3,0,262,264,31007,2,0,0,2,1
2020-06-26,US,Colorado,Teller,41,2,0,38.88133511,-105.1614893,8119.0,161.49361903261382,4.878048780487805,39,41,2,0,39,40,25083,0,0,0,0,1
2020-06-26,US,Colorado,Washington,44,0,0,39.97015535,-103.202587,8121.0,896.4955175224122,0.0,44,44,0,0,44,44,4909,0,0,0,0,0
2020-06-26,US,Colorado,Weld,2773,136,0,40.55499405,-104.3929621,8123.0,854.5665224412312,4.904435629282366,2637,2757,136,0,2621,2746,314305,16,0,0,16,11
2020-06-26,US,Colorado,Yuma,51,0,0,40.00346839,-102.4258673,8125.0,509.0328376085438,0.0,51,51,0,0,51,51,10020,0,0,0,0,0
2020-06-26,US,Connecticut,Fairfield,16564,1375,0,41.26809896,-73.3881171,9001.0,1755.9035419131335,8.301134991547935,15189,16547,1373,0,15174,16527,943823,17,2,0,15,20
2020-06-26,US,Connecticut,Hartford,11511,1365,0,41.80283011,-72.73103891,9003.0,1290.8760597496969,11.858222569715927,10146,11483,1362,0,10121,11450,892697,28,3,0,25,33
2020-06-26,US,Connecticut,Litchfield,1471,136,0,41.7937534,-73.2451475,9005.0,815.7131528893767,9.245411284840245,1335,1469,136,0,1333,1469,181111,2,0,0,2,0
2020-06-26,US,Connecticut,Middlesex,1282,182,0,41.45949668,-72.53714864,9007.0,789.2339136644588,14.196567862714508,1100,1277,179,0,1098,1273,162682,5,3,0,2,4
2020-06-26,US,Connecticut,New Haven,12254,1069,0,41.408032500000004,-72.93620426,9009.0,1433.6238252509193,8.723682062999837,11185,12245,1068,0,11177,12227,857620,9,1,0,8,18
2020-06-26,US,Connecticut,New London,1223,102,0,41.48896435,-72.10430976,9011.0,461.15095435246565,8.340147179067866,1121,1219,102,0,1117,1221,266784,4,0,0,4,-2
2020-06-26,US,Connecticut,Tolland,904,64,0,41.85853803,-72.3308481,9013.0,599.7837063182967,7.079646017699115,840,899,64,0,835,898,150921,5,0,0,5,1
2020-06-26,US,Connecticut,Unassigned,252,0,0,0.0,0.0,90009.0,0.0,0.0,252,260,0,0,260,260,,-8,0,0,-8,0
2020-06-26,US,Connecticut,Windham,598,14,0,41.82972709,-71.98182316,9015.0,512.0652155297905,2.34113712374582,584,595,14,0,581,588,117027,3,0,0,3,7
2020-06-26,US,Delaware,Kent,1635,89,0,39.08646628,-75.56884914,10001.0,904.3841890411867,5.443425076452598,1546,1630,89,0,1541,1628,178550,5,0,0,5,2
2020-06-26,US,Delaware,New Castle,4840,242,0,39.57992638,-75.64054974,10003.0,866.2145885570189,5.0,4598,4791,242,0,4549,4720,559335,49,0,0,49,71
2020-06-26,US,Delaware,Sussex,4519,176,0,38.66143781,-75.39031349,10005.0,1929.3414451915887,3.8946669617171934,4343,4538,176,0,4362,4522,229286,-19,0,0,-19,16
2020-06-26,US,Delaware,Unassigned,23,0,0,0.0,0.0,90010.0,0.0,0.0,23,21,0,0,21,19,,2,0,0,2,2
2020-06-26,US,District of Columbia,District of Columbia,10185,546,0,38.90417773,-77.01655992,11001.0,1443.147634640644,5.360824742268041,9639,10159,543,0,9616,10128,702455,26,3,0,23,31
2020-06-26,US,Florida,Alachua,945,12,0,29.67866525,-82.35928158,12001.0,351.2449682764465,1.2698412698412698,933,863,11,0,852,807,269956,82,1,0,81,56
2020-06-26,US,Florida,Baker,47,4,0,30.33060121,-82.28467476,12003.0,160.9038000684697,8.51063829787234,43,44,4,0,40,42,28355,3,0,0,3,2
2020-06-26,US,Florida,Bay,287,4,0,30.26548745,-85.62122584,12005.0,164.2769239575284,1.3937282229965158,283,248,4,0,244,240,185287,39,0,0,39,8
2020-06-26,US,Florida,Bradford,76,2,0,29.95079741,-82.16611613,12007.0,269.49398957483777,2.631578947368421,74,73,2,0,71,69,27732,3,0,0,3,4
2020-06-26,US,Florida,Brevard,1297,17,0,28.29409504,-80.73091022,12009.0,215.46926448063098,1.3107170393215113,1280,1149,17,0,1132,1022,596849,148,0,0,148,127
2020-06-26,US,Florida,Broward,13320,381,0,26.15184651,-80.48725556,12011.0,682.1051855356832,2.86036036036036,12939,12584,379,0,12205,12217,1951260,736,2,0,734,367
2020-06-26,US,Florida,Calhoun,79,6,0,30.40666734,-85.19394153,12013.0,560.0850762141083,7.594936708860758,73,70,6,0,64,70,14587,9,0,0,9,0
2020-06-26,US,Florida,Charlotte,657,76,0,26.90131002,-81.92949121,12015.0,347.78465936160075,11.567732115677321,581,626,76,0,550,617,184998,31,0,0,31,9
2020-06-26,US,Florida,Citrus,240,12,0,28.84804315,-82.47614748,12017.0,160.36670519922222,5.0,228,226,12,0,214,219,147929,14,0,0,14,7
2020-06-26,US,Florida,Clay,580,34,0,29.98319144,-81.85609986,12019.0,264.5357853064054,5.862068965517241,546,542,33,0,509,523,216072,38,1,0,37,19
2020-06-26,US,Florida,Collier,3778,70,0,26.11091986,-81.34687065,12021.0,981.5485500205248,1.85283218634198,3708,3521,70,0,3451,3456,378488,257,0,0,257,65
2020-06-26,US,Florida,Columbia,250,3,0,30.22509788,-82.62160164,12023.0,348.7431297603437,1.2,247,246,3,0,243,243,70503,4,0,0,4,3
2020-06-26,US,Florida,DeSoto,539,10,0,27.18677893,-81.80941373,12027.0,1418.3837267440329,1.855287569573284,529,521,10,0,511,513,37489,18,0,0,18,8
2020-06-26,US,Florida,Dixie,63,4,0,29.60631086,-83.15724673,12029.0,374.4205396410317,6.349206349206349,59,63,4,0,59,62,16700,0,0,0,0,1
2020-06-26,US,Florida,Duval,4171,64,0,30.33225875,-81.66976468,12031.0,435.49759594050664,1.534404219611604,4107,3724,64,0,3660,3419,950181,447,0,0,447,305
2020-06-26,US,Florida,Escambia,1559,44,0,30.67652764,-87.37284571,12033.0,489.76488772163515,2.8223220012828736,1515,1404,43,0,1361,1312,315534,155,1,0,154,92
2020-06-26,US,Florida,Flagler,274,5,0,29.45933576,-81.31508595,12035.0,238.093169159114,1.8248175182481752,269,261,5,0,256,250,112067,13,0,0,13,11
2020-06-26,US,Florida,Franklin,6,0,0,29.83791238,-84.82731662,12037.0,49.48453608247422,0.0,6,4,0,0,4,4,11736,2,0,0,2,0
2020-06-26,US,Florida,Gadsden,352,6,0,30.57796289,-84.61915825,12039.0,770.9154621112573,1.7045454545454546,346,337,6,0,331,332,45894,15,0,0,15,5
2020-06-26,US,Florida,Gilchrist,89,0,0,29.72856978,-82.79880657,12041.0,478.95813152513193,0.0,89,88,0,0,88,88,18256,1,0,0,1,0
2020-06-26,US,Florida,Glades,154,1,0,26.95635849,-81.18996211,12043.0,1115.0532184490623,0.6493506493506493,153,151,1,0,150,143,13724,3,0,0,3,8
2020-06-26,US,Florida,Gulf,17,0,0,29.93543004,-85.24270990000002,12045.0,124.6425691033067,0.0,17,16,0,0,16,14,16164,1,0,0,1,2
2020-06-26,US,Florida,Hamilton,317,2,0,30.49673973,-82.94998918,12047.0,2197.1167174937627,0.6309148264984227,315,317,2,0,315,315,14310,0,0,0,0,2
2020-06-26,US,Florida,Hardee,373,3,0,27.49293939,-81.80956574,12049.0,1384.712477261759,0.8042895442359249,370,340,2,0,338,334,27245,33,1,0,32,6
2020-06-26,US,Florida,Hendry,851,24,0,26.55386945,-81.16469006,12051.0,2025.1296939698252,2.8202115158636896,827,810,24,0,786,796,41556,41,0,0,41,14
2020-06-26,US,Florida,Hernando,260,5,0,28.55364461,-82.42700204,12053.0,134.07590759075907,1.9230769230769231,255,227,5,0,222,218,190865,33,0,0,33,9
2020-06-26,US,Florida,Highlands,284,11,0,27.34254618,-81.34071957,12055.0,267.36709313600886,3.8732394366197194,273,279,11,0,268,270,105424,5,0,0,5,9
2020-06-26,US,Florida,Hillsborough,8018,132,0,27.9276559,-82.32013172,12057.0,544.7129285419248,1.6462958343726617,7886,7329,127,0,7202,6892,1436888,689,5,0,684,437
2020-06-26,US,Florida,Holmes,150,0,0,30.86747479,-85.81319222,12059.0,764.642911760208,0.0,150,147,0,0,147,137,19477,3,0,0,3,10
2020-06-26,US,Florida,Indian River,541,16,0,27.69308961,-80.60556721,12061.0,338.2878010042333,2.957486136783734,525,479,16,0,463,457,157413,62,0,0,62,22
2020-06-26,US,Florida,Jackson,350,2,0,30.795459700000002,-85.21500423,12063.0,754.0828198388417,0.5714285714285714,348,347,2,0,345,342,48305,3,0,0,3,5
2020-06-26,US,Florida,Jefferson,41,4,0,30.43669112,-83.89442308,12065.0,287.800084234171,9.75609756097561,37,41,4,0,37,38,14288,0,0,0,0,3
2020-06-26,US,Florida,Lafayette,27,0,0,29.98484137,-83.18166636,12067.0,320.5889337449537,0.0,27,22,0,0,22,20,8732,5,0,0,5,2
2020-06-26,US,Florida,Lake,975,22,0,28.76202069,-81.7125123,12069.0,265.5821833851786,2.2564102564102564,953,881,21,0,860,838,356495,94,1,0,93,43
2020-06-26,US,Florida,Lee,4757,152,0,26.58410348,-81.88399313,12071.0,617.3296114470066,3.1952911498843815,4605,4062,149,0,3913,3944,754610,695,3,0,692,118
2020-06-26,US,Florida,Leon,695,8,0,30.45955727,-84.27491114,12073.0,236.73113474259318,1.1510791366906474,687,642,8,0,634,614,292502,53,0,0,53,28
2020-06-26,US,Florida,Levy,165,1,0,29.31829741,-82.74007147,12075.0,397.56162205141794,0.6060606060606061,164,157,1,0,156,154,40770,8,0,0,8,3
2020-06-26,US,Florida,Liberty,220,1,0,30.23766008,-84.8829258,12077.0,2633.4689968877187,0.4545454545454545,219,220,1,0,219,220,8457,0,0,0,0,0
2020-06-26,US,Florida,Madison,170,3,0,30.44396917,-83.47398594,12079.0,919.2667495809224,1.7647058823529411,167,156,3,0,153,143,18529,14,0,0,14,13
2020-06-26,US,Florida,Manatee,2368,128,0,27.47196942,-82.31831044,12081.0,587.2243975866268,5.405405405405406,2240,2202,128,0,2074,2132,394855,166,0,0,166,70
2020-06-26,US,Florida,Marion,524,10,0,29.21227113,-82.05803627,12083.0,143.3342724828286,1.9083969465648856,514,493,10,0,483,467,359977,31,0,0,31,26
2020-06-26,US,Florida,Martin,1713,23,0,27.0772071,-80.43109784,12085.0,1063.975155279503,1.3426736719206072,1690,1673,23,0,1650,1639,160912,40,0,0,40,34
2020-06-26,US,Florida,Miami-Dade,30196,946,0,25.6112362,-80.55170587,12086.0,1111.397380877016,3.1328652801695585,29250,28664,935,0,27729,27779,2761581,1532,11,0,1521,885
2020-06-26,US,Florida,Monroe,202,4,0,25.20904673,-81.07812416,12087.0,272.1345044996497,1.98019801980198,198,188,4,0,184,174,75027,14,0,0,14,14
2020-06-26,US,Florida,Nassau,146,1,0,30.61037141,-81.80297522,12089.0,164.73906911142456,0.6849315068493149,145,136,1,0,135,128,85832,10,0,0,10,8
2020-06-26,US,Florida,Okaloosa,541,6,0,30.69143028,-86.59267105,12091.0,256.71687118602244,1.1090573012939002,535,500,6,0,494,457,207269,41,0,0,41,43
2020-06-26,US,Florida,Okeechobee,307,0,0,27.386336199999995,-80.88944347,12093.0,728.0402200720926,0.0,307,289,0,0,289,276,41537,18,0,0,18,13
2020-06-26,US,Florida,Orange,7848,56,0,28.51367621,-81.31799498,12095.0,563.2056217221691,0.7135575942915392,7792,6786,55,0,6731,6056,1380645,1062,1,0,1061,730
2020-06-26,US,Florida,Osceola,1485,24,0,28.06312234,-81.14882926,12097.0,395.2085290524842,1.616161616161616,1461,1321,24,0,1297,1222,367990,164,0,0,164,99
2020-06-26,US,Florida,Palm Beach,12498,490,0,26.64676272,-80.46536002,12099.0,834.9980290893055,3.9206273003680585,12008,11840,486,0,11354,11536,1485941,658,4,0,654,304
2020-06-26,US,Florida,Pasco,1326,17,0,28.30810945,-82.40227529,12101.0,239.37308081820103,1.2820512820512822,1309,1170,17,0,1153,1084,539630,156,0,0,156,86
2020-06-26,US,Florida,Pinellas,5099,141,0,27.93130349,-82.72239666,12103.0,522.9765045189929,2.7652480878603654,4958,4669,137,0,4532,4387,975280,430,4,0,426,282
2020-06-26,US,Florida,Polk,2780,87,0,27.95027105,-81.69732947,12105.0,383.5662555517076,3.129496402877698,2693,2571,84,0,2487,2454,708009,209,3,0,206,117
2020-06-26,US,Florida,Putnam,285,6,0,29.60779729,-81.74230285,12107.0,382.44253297728164,2.1052631578947367,279,271,6,0,265,261,74163,14,0,0,14,10
2020-06-26,US,Florida,Santa Rosa,437,9,0,30.69341450000001,-87.02458128,12113.0,237.0966779337323,2.059496567505721,428,411,9,0,402,371,179349,26,0,0,26,40
2020-06-26,US,Florida,Sarasota,1245,96,0,27.18546175,-82.33174248,12115.0,287.0369943422588,7.710843373493977,1149,1139,96,0,1043,1091,426718,106,0,0,106,48
2020-06-26,US,Florida,Seminole,1966,16,0,28.7158582,-81.24060348,12117.0,416.67902998139147,0.8138351983723296,1950,1768,16,0,1752,1624,467832,198,0,0,198,144
2020-06-26,US,Florida,St. Johns,682,7,0,29.90096506,-81.43589967,12109.0,257.6774271551203,1.0263929618768328,675,599,7,0,592,548,254261,83,0,0,83,51
2020-06-26,US,Florida,St. Lucie,1441,45,0,27.37763908,-80.47106649,12111.0,438.93182088170164,3.1228313671061763,1396,1384,45,0,1339,1333,321128,57,0,0,57,51
2020-06-26,US,Florida,Sumter,313,17,0,28.70181754,-82.0794267,12119.0,236.36912853043347,5.4313099041533555,296,308,17,0,291,299,128754,5,0,0,5,9
2020-06-26,US,Florida,Suwannee,373,19,0,30.19746066,-82.99099670000003,12121.0,839.7685570839992,5.093833780160859,354,360,19,0,341,349,44191,13,0,0,13,11
2020-06-26,US,Florida,Taylor,71,0,0,30.04848048,-83.60445406,12123.0,329.1761324122583,0.0,71,70,0,0,70,70,21623,1,0,0,1,0
2020-06-26,US,Florida,Unassigned,134,0,0,0.0,0.0,90012.0,0.0,0.0,134,130,0,0,130,130,,4,0,0,4,0
2020-06-26,US,Florida,Union,48,2,0,30.04412971,-82.37497443,12125.0,315.02264225241186,4.166666666666667,46,46,2,0,44,44,14940,2,0,0,2,2
2020-06-26,US,Florida,Volusia,1605,53,0,29.05858895,-81.18263252,12127.0,290.0861040622899,3.302180685358256,1552,1464,53,0,1411,1369,547538,141,0,0,141,95
2020-06-26,US,Florida,Wakulla,46,1,0,30.16548905,-84.39895211,12129.0,136.3407332760307,2.1739130434782608,45,42,1,0,41,41,32461,4,0,0,4,1
2020-06-26,US,Florida,Walton,206,9,0,30.64204028,-86.16935664,12131.0,278.1115416289776,4.368932038834951,197,205,9,0,196,198,71375,1,0,0,1,7
2020-06-26,US,Florida,Washington,101,12,0,30.61359259,-85.66002461,12133.0,396.49825305225136,11.881188118811881,89,102,11,0,91,101,24880,-1,1,0,-2,1
2020-06-26,US,Georgia,Appling,241,14,0,31.74847232,-82.28909114,13001.0,1310.7799412596542,5.809128630705394,227,230,14,0,216,227,18507,11,0,0,11,3
2020-06-26,US,Georgia,Atkinson,117,2,0,31.29633502,-82.87545866,13003.0,1432.9454990814454,1.709401709401709,115,109,2,0,107,108,8297,8,0,0,8,1
2020-06-26,US,Georgia,Bacon,217,4,0,31.55456473,-82.45936528,13005.0,1943.747760659262,1.8433179723502304,213,210,4,0,206,210,11185,7,0,0,7,0
2020-06-26,US,Georgia,Baker,43,3,0,31.32669878,-84.44218806,13007.0,1415.4048716260697,6.9767441860465125,40,37,3,0,34,37,3092,6,0,0,6,0
2020-06-26,US,Georgia,Baldwin,470,33,0,33.06882326,-83.24701748,13009.0,1047.0037870349743,7.0212765957446805,437,465,33,0,432,463,44823,5,0,0,5,2
2020-06-26,US,Georgia,Banks,128,0,0,34.35607081,-83.49644388,13011.0,665.4881979827388,0.0,128,124,0,0,124,122,18988,4,0,0,4,2
2020-06-26,US,Georgia,Barrow,459,25,0,33.99148694,-83.71436292,13013.0,551.4175876982222,5.446623093681917,434,452,25,0,427,446,80809,7,0,0,7,6
2020-06-26,US,Georgia,Bartow,645,41,0,34.23732119,-84.83887523,13015.0,598.674562364254,6.3565891472868215,604,639,40,0,599,633,106408,6,1,0,5,6
2020-06-26,US,Georgia,Ben Hill,143,1,0,31.76095874,-83.22145359,13017.0,856.2874251497008,0.6993006993006993,142,139,1,0,138,132,16787,4,0,0,4,7
2020-06-26,US,Georgia,Berrien,109,0,0,31.27590016,-83.22529920000002,13019.0,561.9425684384183,0.0,109,107,0,0,107,102,19252,2,0,0,2,5
2020-06-26,US,Georgia,Bibb,702,38,0,32.80904227,-83.70489165,13021.0,458.347207803655,5.413105413105413,664,664,38,0,626,644,153095,38,0,0,38,20
2020-06-26,US,Georgia,Bleckley,55,1,0,32.43829035,-83.33035166,13023.0,427.2508350811777,1.818181818181818,54,55,1,0,54,55,12838,0,0,0,0,0
2020-06-26,US,Georgia,Brantley,85,2,0,31.19576557,-81.97743999,13025.0,444.8165785755404,2.3529411764705883,83,82,2,0,80,79,18897,3,0,0,3,3
2020-06-26,US,Georgia,Brooks,141,11,0,30.83922642,-83.58303423,13027.0,912.2080610726532,7.801418439716313,130,124,11,0,113,123,15513,17,0,0,17,1
2020-06-26,US,Georgia,Bryan,115,5,0,32.00979311,-81.44002948,13029.0,290.20617255911367,4.3478260869565215,110,110,5,0,105,108,38109,5,0,0,5,2
2020-06-26,US,Georgia,Bulloch,261,3,0,32.39577406,-81.74811421,13031.0,327.856496834489,1.1494252873563218,258,232,3,0,229,219,77296,29,0,0,29,13
2020-06-26,US,Georgia,Burke,138,6,0,33.05917989,-81.99928721,13033.0,616.5393378903632,4.3478260869565215,132,138,6,0,132,136,22423,0,0,0,0,2
2020-06-26,US,Georgia,Butts,261,33,0,33.283094500000004,-83.95435040000002,13035.0,1046.679499518768,12.64367816091954,228,260,33,0,227,254,24193,1,0,0,1,6
2020-06-26,US,Georgia,Calhoun,161,5,0,31.53169785,-84.62725131,13037.0,2601.389562126353,3.1055900621118013,156,161,5,0,156,161,6352,0,0,0,0,0
2020-06-26,US,Georgia,Camden,112,1,0,30.92951916,-81.66601818,13039.0,204.88054732374783,0.8928571428571429,111,106,1,0,105,104,53677,6,0,0,6,2
2020-06-26,US,Georgia,Candler,29,0,0,32.40209349,-82.07702563,13043.0,268.4439507544201,0.0,29,25,0,0,25,26,10836,4,0,0,4,-1
2020-06-26,US,Georgia,Carroll,658,39,0,33.58138199,-85.07976677,13045.0,548.3698913260885,5.927051671732523,619,651,39,0,612,650,118121,7,0,0,7,1
2020-06-26,US,Georgia,Catoosa,302,7,0,34.89872298,-85.13757014,13047.0,446.877774489494,2.3178807947019866,295,297,6,0,291,291,67420,5,1,0,4,6
2020-06-26,US,Georgia,Charlton,43,2,0,30.78371028,-82.13951596,13049.0,321.08721624850665,4.651162790697675,41,41,2,0,39,43,12968,2,0,0,2,-2
2020-06-26,US,Georgia,Chatham,1044,37,0,32.00043026,-81.12489526,13051.0,360.70897971875763,3.5440613026819925,1007,999,36,0,963,935,289195,45,1,0,44,64
2020-06-26,US,Georgia,Chattahoochee,393,0,0,32.34341231,-84.78809239,13053.0,3603.1906115338775,0.0,393,363,0,0,363,345,10684,30,0,0,30,18
2020-06-26,US,Georgia,Chattooga,56,2,0,34.47197698,-85.34535662,13055.0,225.90665214409614,3.571428571428572,54,53,2,0,51,52,24790,3,0,0,3,1
2020-06-26,US,Georgia,Cherokee,1189,44,0,34.24393976,-84.47431861,13057.0,459.4760658955919,3.700588730025231,1145,1177,44,0,1133,1156,254149,12,0,0,12,21
2020-06-26,US,Georgia,Clarke,463,15,0,33.95436462,-83.37124007,13059.0,360.7857805206848,3.239740820734341,448,441,15,0,426,419,127330,22,0,0,22,22
2020-06-26,US,Georgia,Clay,56,2,0,31.62221166,-84.97713865,13061.0,1976.0056457304165,3.571428571428572,54,56,2,0,54,56,2887,0,0,0,0,0
2020-06-26,US,Georgia,Clayton,1825,79,0,33.54187245,-84.35594188,13063.0,624.4525347640425,4.328767123287672,1746,1781,79,0,1702,1726,289615,44,0,0,44,55
2020-06-26,US,Georgia,Clinch,100,3,0,30.91395822,-82.70432472,13065.0,1511.030522816561,3.0,97,98,3,0,95,97,6648,2,0,0,2,1
2020-06-26,US,Georgia,Cobb,4433,238,0,33.94243204,-84.5761255,13067.0,583.1812782102268,5.368824723663434,4195,4347,237,0,4110,4269,756865,86,1,0,85,78
2020-06-26,US,Georgia,Coffee,484,17,0,31.54892966,-82.85492059999999,13069.0,1118.4803457121068,3.512396694214876,467,484,17,0,467,474,43093,0,0,0,0,10
2020-06-26,US,Georgia,Colquitt,837,18,0,31.18810588,-83.7677946,13071.0,1835.5263157894735,2.150537634408602,819,803,18,0,785,785,45592,34,0,0,34,18
2020-06-26,US,Georgia,Columbia,392,9,0,33.54534185,-82.263524,13073.0,250.1371925928762,2.295918367346939,383,377,9,0,368,367,154291,15,0,0,15,10
2020-06-26,US,Georgia,Cook,123,1,0,31.16068491,-83.42947229,13075.0,712.2177185871452,0.8130081300813008,122,114,1,0,113,110,17162,9,0,0,9,4
2020-06-26,US,Georgia,Coweta,615,15,0,33.35334302,-84.76129976,13077.0,414.1163161828576,2.4390243902439024,600,600,15,0,585,599,145864,15,0,0,15,1
2020-06-26,US,Georgia,Crawford,39,0,0,32.71391813,-83.98061238,13079.0,314.41470493389227,0.0,39,39,0,0,39,39,12318,0,0,0,0,0
2020-06-26,US,Georgia,Crisp,266,12,0,31.92289565,-83.76811843,13081.0,1188.9862327909889,4.511278195488722,254,265,12,0,253,261,22601,1,0,0,1,4
2020-06-26,US,Georgia,Dade,63,1,0,34.854916700000004,-85.50490424,13083.0,390.91586001489196,1.5873015873015872,62,62,1,0,61,60,16226,1,0,0,1,2
2020-06-26,US,Georgia,Dawson,131,3,0,34.44244079,-84.16964071,13085.0,501.7619120576069,2.2900763358778624,128,128,3,0,125,127,25083,3,0,0,3,1
2020-06-26,US,Georgia,DeKalb,5322,171,0,33.76944049,-84.22396017,13089.0,700.9115010331924,3.2130777903043968,5151,5258,168,0,5090,5158,756558,64,3,0,61,100
2020-06-26,US,Georgia,Decatur,249,8,0,30.87967778,-84.57619536,13087.0,943.0389334949249,3.21285140562249,241,248,8,0,240,246,26575,1,0,0,1,2
2020-06-26,US,Georgia,Dodge,84,2,0,32.17265114,-83.16948926,13091.0,407.6680417374424,2.380952380952381,82,77,2,0,75,71,20705,7,0,0,7,6
2020-06-26,US,Georgia,Dooly,197,12,0,32.15630737,-83.79746561,13093.0,1471.2471994025393,6.091370558375634,185,196,12,0,184,195,13706,1,0,0,1,1
2020-06-26,US,Georgia,Dougherty,1873,154,0,31.53328528,-84.21722377,13095.0,2129.4738278230025,8.222103577148959,1719,1870,154,0,1716,1866,91243,3,0,0,3,4
2020-06-26,US,Georgia,Douglas,843,36,0,33.70291126,-84.77026156,13097.0,576.0439515385087,4.270462633451957,807,821,35,0,786,793,145331,22,1,0,21,28
2020-06-26,US,Georgia,Early,259,31,0,31.32155345,-84.90255207,13099.0,2541.7075564278703,11.969111969111973,228,258,31,0,227,257,10247,1,0,0,1,1
2020-06-26,US,Georgia,Echols,180,0,0,30.71101099,-82.89687287,13101.0,4493.260109835247,0.0,180,177,0,0,177,177,4000,3,0,0,3,0
2020-06-26,US,Georgia,Effingham,122,1,0,32.36616021,-81.34280942,13103.0,189.74741819086722,0.819672131147541,121,117,1,0,116,114,62190,5,0,0,5,3
2020-06-26,US,Georgia,Elbert,97,0,0,34.11302332,-82.83936148,13105.0,505.36626028967385,0.0,97,94,0,0,94,94,19120,3,0,0,3,0
2020-06-26,US,Georgia,Emanuel,95,3,0,32.59221302,-82.30239915,13107.0,419.50013247372607,3.1578947368421053,92,87,3,0,84,78,22612,8,0,0,8,9
2020-06-26,US,Georgia,Evans,18,0,0,32.15328841,-81.8870105,13109.0,168.95062887178526,0.0,18,17,0,0,17,17,10721,1,0,0,1,0
2020-06-26,US,Georgia,Fannin,94,1,0,34.86430205,-84.316964,13111.0,358.94302734076683,1.0638297872340423,93,94,1,0,93,92,25964,0,0,0,0,2
2020-06-26,US,Georgia,Fayette,322,17,0,33.41357794,-84.49089434,13113.0,281.41687277685037,5.279503105590061,305,314,17,0,297,305,113459,8,0,0,8,9
2020-06-26,US,Georgia,Floyd,487,15,0,34.26268279,-85.21577392,13115.0,494.4262827671628,3.0800821355236137,472,466,15,0,451,457,97927,21,0,0,21,9
2020-06-26,US,Georgia,Forsyth,756,15,0,34.22604035,-84.12315129999998,13117.0,309.51640109395214,1.984126984126984,741,737,15,0,722,721,236612,19,0,0,19,16
2020-06-26,US,Georgia,Franklin,172,1,0,34.37525597,-83.23159927,13119.0,736.6482504604053,0.5813953488372093,171,170,1,0,169,168,23023,2,0,0,2,2
2020-06-26,US,Georgia,Fulton,6350,311,0,33.79216944,-84.46319413,13121.0,596.8398504798688,4.897637795275591,6039,6163,309,0,5854,6052,1050114,187,2,0,185,111
2020-06-26,US,Georgia,Gilmer,181,2,0,34.69316688,-84.45802506,13123.0,577.0027734387453,1.1049723756906078,179,181,2,0,179,180,30816,0,0,0,0,1
2020-06-26,US,Georgia,Glascock,5,0,0,33.22879932,-82.61297636,13125.0,168.2935038707506,0.0,5,3,0,0,3,3,2995,2,0,0,2,0
2020-06-26,US,Georgia,Glynn,505,3,0,31.23279254,-81.53811412,13127.0,592.0836655254889,0.594059405940594,502,471,3,0,468,404,85219,34,0,0,34,67
2020-06-26,US,Georgia,Gordon,337,18,0,34.50487351,-84.87296253,13129.0,581.4053792936874,5.341246290801187,319,329,18,0,311,325,57685,8,0,0,8,4
2020-06-26,US,Georgia,Grady,177,4,0,30.87454847,-84.23418364,13131.0,718.5482888807699,2.2598870056497176,173,174,4,0,170,168,24748,3,0,0,3,6
2020-06-26,US,Georgia,Greene,96,9,0,33.5769205,-83.17139104,13133.0,523.9030779305829,9.375,87,91,9,0,82,91,17698,5,0,0,5,0
2020-06-26,US,Georgia,Gwinnett,7463,168,0,33.96044201,-84.02137802,13135.0,797.1161548731642,2.2511054535709505,7295,7223,167,0,7056,7036,927781,240,1,0,239,187
2020-06-26,US,Georgia,Habersham,656,35,0,34.63331566,-83.53094677,13137.0,1447.229085774797,5.335365853658536,621,648,35,0,613,647,45388,8,0,0,8,1
2020-06-26,US,Georgia,Hall,3075,59,0,34.32207823,-83.81896936,13139.0,1504.1014277957943,1.9186991869918701,3016,3048,59,0,2989,3032,202148,27,0,0,27,16
2020-06-26,US,Georgia,Hancock,210,32,0,33.2721566,-82.99766919,13141.0,2483.1500532103587,15.238095238095234,178,209,32,0,177,209,8348,1,0,0,1,0
2020-06-26,US,Georgia,Haralson,68,5,0,33.79602175,-85.21005667,13143.0,228.249194414608,7.352941176470589,63,67,5,0,62,67,29533,1,0,0,1,0
2020-06-26,US,Georgia,Harris,296,9,0,32.73709786,-84.90538572,13145.0,840.0499489158815,3.0405405405405403,287,286,9,0,277,281,34475,10,0,0,10,5
2020-06-26,US,Georgia,Hart,53,0,0,34.34626973,-82.96567682,13147.0,202.2514787254341,0.0,53,52,0,0,52,52,26099,1,0,0,1,0
2020-06-26,US,Georgia,Heard,47,3,0,33.29686567,-85.12886832,13149.0,394.1960915876877,6.382978723404255,44,47,3,0,44,47,11879,0,0,0,0,0
2020-06-26,US,Georgia,Henry,1093,33,0,33.4533428,-84.14814659999998,13151.0,465.9768674246785,3.0192131747483986,1060,1077,31,0,1046,1062,230220,16,2,0,14,15
2020-06-26,US,Georgia,Houston,562,23,0,32.45802497,-83.66879087,13153.0,356.00489031628683,4.092526690391459,539,545,23,0,522,533,155469,17,0,0,17,12
2020-06-26,US,Georgia,Irwin,50,1,0,31.60213036,-83.27501387,13155.0,531.0110450297366,2.0,49,48,1,0,47,47,9398,2,0,0,2,1
2020-06-26,US,Georgia,Jackson,341,10,0,34.13794553,-83.56814788,13157.0,467.2705098866766,2.9325513196480935,331,337,9,0,328,329,70422,4,1,0,3,8
2020-06-26,US,Georgia,Jasper,65,1,0,33.31535543,-83.68844964,13159.0,457.13481960756735,1.5384615384615383,64,64,1,0,63,65,14040,1,0,0,1,-1
2020-06-26,US,Georgia,Jeff Davis,78,2,0,31.80405727,-82.63724870000001,13161.0,516.0436652332121,2.5641025641025643,76,77,2,0,75,76,15029,1,0,0,1,1
2020-06-26,US,Georgia,Jefferson,86,1,0,33.05867328,-82.41609057,13163.0,559.8229397213904,1.162790697674419,85,80,1,0,79,74,15430,6,0,0,6,6
2020-06-26,US,Georgia,Jenkins,94,11,0,32.79248718,-81.96040187,13165.0,1083.4485938220378,11.702127659574465,83,94,11,0,83,87,8683,0,0,0,0,7
2020-06-26,US,Georgia,Johnson,84,2,0,32.70211082,-82.66166794,13167.0,871.0982059525044,2.380952380952381,82,84,2,0,82,82,9708,0,0,0,0,2
2020-06-26,US,Georgia,Jones,61,0,0,33.02512137,-83.56019163,13169.0,212.28467026274575,0.0,61,52,0,0,52,52,28616,9,0,0,9,0
2020-06-26,US,Georgia,Lamar,107,6,0,33.07841647,-84.14263877,13171.0,560.8848351417938,5.607476635514018,101,107,6,0,101,102,19000,0,0,0,0,5
2020-06-26,US,Georgia,Lanier,124,3,0,31.03828570000001,-83.06472457,13173.0,1189.676676580639,2.419354838709677,121,122,3,0,119,118,10340,2,0,0,2,4
2020-06-26,US,Georgia,Laurens,147,1,0,32.46325233,-82.92221316,13175.0,309.1742733352964,0.6802721088435374,146,146,1,0,145,140,47325,1,0,0,1,6
2020-06-26,US,Georgia,Lee,386,22,0,31.779330600000005,-84.14324253,13177.0,1287.0098692984795,5.699481865284973,364,386,22,0,364,386,29764,0,0,0,0,0
2020-06-26,US,Georgia,Liberty,112,1,0,31.82588896,-81.49251135,13179.0,182.30650280784567,0.8928571428571429,111,112,1,0,111,112,61497,0,0,0,0,0
2020-06-26,US,Georgia,Lincoln,32,1,0,33.79201475,-82.45024131,13181.0,403.98939527837393,3.125,31,30,1,0,29,30,7915,2,0,0,2,0
2020-06-26,US,Georgia,Long,36,1,0,31.75218791,-81.74952375,13183.0,184.0584896978373,2.7777777777777777,35,33,1,0,32,33,18998,3,0,0,3,0
2020-06-26,US,Georgia,Lowndes,1087,9,0,30.83568832,-83.27056716,13185.0,925.8470606272252,0.827966881324747,1078,1040,8,0,1032,1017,116321,47,1,0,46,23
2020-06-26,US,Georgia,Lumpkin,130,3,0,34.57286511,-84.00425681,13187.0,386.7896459387087,2.3076923076923075,127,126,3,0,123,123,32955,4,0,0,4,3
2020-06-26,US,Georgia,Macon,113,9,0,32.35207048,-84.04234127,13193.0,872.7890631034218,7.9646017699115035,104,113,9,0,104,112,13143,0,0,0,0,1
2020-06-26,US,Georgia,Madison,86,4,0,34.12920917,-83.21218732,13195.0,287.81793842034807,4.651162790697675,82,86,4,0,82,83,29650,0,0,0,0,3
2020-06-26,US,Georgia,Marion,77,2,0,32.3483402,-84.52733571,13197.0,921.1628185189617,2.5974025974025974,75,77,2,0,75,77,8351,0,0,0,0,0
2020-06-26,US,Georgia,McDuffie,87,6,0,33.47851918,-82.48252774,13189.0,408.2207207207208,6.896551724137932,81,84,6,0,78,84,21531,3,0,0,3,0
2020-06-26,US,Georgia,McIntosh,29,1,0,31.49683595,-81.40163426,13191.0,201.6970371400751,3.4482758620689653,28,29,1,0,28,27,14340,0,0,0,0,2
2020-06-26,US,Georgia,Meriwether,174,2,0,33.04163534,-84.68859732,13199.0,822.0342986724619,1.1494252873563218,172,167,2,0,165,165,21068,7,0,0,7,2
2020-06-26,US,Georgia,Miller,47,0,0,31.16568912,-84.73151117,13201.0,821.9657222805175,0.0,47,45,0,0,45,45,5686,2,0,0,2,0
2020-06-26,US,Georgia,Mitchell,443,38,0,31.22483255,-84.19381821,13205.0,2026.254402415039,8.577878103837472,405,443,38,0,405,442,22192,0,0,0,0,1
2020-06-26,US,Georgia,Monroe,152,16,0,33.014289,-83.92097166,13207.0,551.1639712814563,10.526315789473683,136,142,16,0,126,139,27520,10,0,0,10,3
2020-06-26,US,Georgia,Montgomery,31,0,0,32.17201038,-82.53527476,13209.0,337.9851722634104,0.0,31,28,0,0,28,28,9193,3,0,0,3,0
2020-06-26,US,Georgia,Morgan,46,0,0,33.59232073,-83.49129491,13211.0,238.63872172649928,0.0,46,46,0,0,46,45,18853,0,0,0,0,1
2020-06-26,US,Georgia,Murray,188,2,0,34.78897608,-84.74993177,13213.0,468.8747007182761,1.0638297872340423,186,183,2,0,181,178,39921,5,0,0,5,5
2020-06-26,US,Georgia,Muscogee,1454,43,0,32.50931999,-84.87142262,13215.0,742.7120739238593,2.95735900962861,1411,1428,40,0,1388,1392,194160,26,3,0,23,36
2020-06-26,US,Georgia,Newton,541,11,0,33.55514538,-83.84547140000002,13217.0,484.14232531500573,2.033271719038817,530,538,11,0,527,525,109541,3,0,0,3,13
2020-06-26,US,Georgia,Oconee,141,10,0,33.83749973,-83.43679568,13219.0,350.0496524329692,7.092198581560282,131,141,10,0,131,138,39272,0,0,0,0,3
2020-06-26,US,Georgia,Oglethorpe,88,7,0,33.878629600000004,-83.08278123,13221.0,576.7088275771675,7.954545454545454,81,87,7,0,80,86,15054,1,0,0,1,1
2020-06-26,US,Georgia,Out of GA,3453,43,0,0.0,0.0,80013.0,0.0,1.2452939472922098,3410,3299,41,0,3258,3091,,154,2,0,152,208
2020-06-26,US,Georgia,Paulding,538,15,0,33.91969522,-84.86848792,13223.0,318.9717016369533,2.7881040892193307,523,522,15,0,507,505,164044,16,0,0,16,17
2020-06-26,US,Georgia,Peach,97,9,0,32.56934316,-83.82937,13225.0,352.13824148696733,9.278350515463918,88,95,9,0,86,95,27297,2,0,0,2,0
2020-06-26,US,Georgia,Pickens,85,5,0,34.46589159,-84.46406611,13227.0,260.80819858243075,5.882352941176472,80,85,5,0,80,84,31980,0,0,0,0,1
2020-06-26,US,Georgia,Pierce,156,4,0,31.35928155,-82.21598442,13229.0,801.4384793218597,2.5641025641025643,152,155,4,0,151,148,19389,1,0,0,1,7
2020-06-26,US,Georgia,Pike,87,3,0,33.09310242,-84.38790389,13231.0,458.8123615652357,3.4482758620689653,84,87,3,0,84,86,18634,0,0,0,0,1
2020-06-26,US,Georgia,Polk,200,1,0,34.00267074,-85.18677781,13233.0,469.34034214910935,0.5,199,197,1,0,196,192,42470,3,0,0,3,5
2020-06-26,US,Georgia,Pulaski,48,2,0,32.23334561,-83.47549959999998,13235.0,430.9957798329891,4.166666666666667,46,47,2,0,45,47,11069,1,0,0,1,0
2020-06-26,US,Georgia,Putnam,131,12,0,33.32056115,-83.37552891,13237.0,592.2510059225101,9.16030534351145,119,128,12,0,116,127,21809,3,0,0,3,1
2020-06-26,US,Georgia,Quitman,15,1,0,31.86728114,-85.01773177,13239.0,652.4575902566334,6.666666666666668,14,15,1,0,14,15,2279,0,0,0,0,0
2020-06-26,US,Georgia,Rabun,39,3,0,34.88389445,-83.40304637,13241.0,227.57775573320885,7.6923076923076925,36,40,3,0,37,40,16867,-1,0,0,-1,0
2020-06-26,US,Georgia,Randolph,197,25,0,31.76622818,-84.75732369,13243.0,2906.4620832103865,12.690355329949238,172,197,25,0,172,198,6833,0,0,0,0,-1
2020-06-26,US,Georgia,Richmond,813,48,0,33.35777107,-82.07026432,13245.0,401.44579741060056,5.904059040590407,765,802,48,0,754,785,201554,11,0,0,11,17
2020-06-26,US,Georgia,Rockdale,419,11,0,33.65145002,-84.02202167,13247.0,460.96637915859884,2.6252983293556085,408,415,10,0,405,401,90594,4,1,0,3,14
2020-06-26,US,Georgia,Schley,24,1,0,32.2654021,-84.31258912,13249.0,456.534144949591,4.166666666666667,23,23,1,0,22,22,5236,1,0,0,1,1
2020-06-26,US,Georgia,Screven,88,6,0,32.74976524,-81.60779441,13251.0,630.1016754976371,6.8181818181818175,82,87,5,0,82,86,13938,1,1,0,0,1
2020-06-26,US,Georgia,Seminole,50,2,0,30.93464824,-84.86823924,13253.0,618.0469715698392,4.0,48,49,2,0,47,48,8315,1,0,0,1,1
2020-06-26,US,Georgia,Spalding,368,32,0,33.26310031,-84.28013991,13255.0,551.6993238684917,8.695652173913043,336,365,32,0,333,361,66100,3,0,0,3,4
2020-06-26,US,Georgia,Stephens,194,6,0,34.55151201,-83.29405315,13257.0,748.3124397299904,3.0927835051546397,188,190,6,0,184,184,26035,4,0,0,4,6
2020-06-26,US,Georgia,Stewart,110,3,0,32.07996777,-84.83208037,13259.0,1661.3804561244526,2.727272727272727,107,106,3,0,103,91,6199,4,0,0,4,15
2020-06-26,US,Georgia,Sumter,548,50,0,32.03650571,-84.19821492,13261.0,1856.117057309308,9.124087591240876,498,542,50,0,492,540,29733,6,0,0,6,2
2020-06-26,US,Georgia,Talbot,67,2,0,32.69642758,-84.53351366,13263.0,1081.5173527037932,2.985074626865672,65,66,2,0,64,66,6272,1,0,0,1,0
2020-06-26,US,Georgia,Taliaferro,2,0,0,33.56543317,-82.88136816,13265.0,130.1236174365647,0.0,2,2,0,0,2,2,1608,0,0,0,0,0
2020-06-26,US,Georgia,Tattnall,109,0,0,32.04785085,-82.05539188,13267.0,431.0685754963221,0.0,109,103,0,0,103,100,25391,6,0,0,6,3
2020-06-26,US,Georgia,Taylor,27,2,0,32.55792548,-84.25077141,13269.0,336.65835411471323,7.407407407407407,25,27,2,0,25,26,8039,0,0,0,0,1
2020-06-26,US,Georgia,Telfair,80,3,0,31.92829517,-82.93491155,13271.0,504.4136191677175,3.75,77,74,3,0,71,65,15876,6,0,0,6,9
2020-06-26,US,Georgia,Terrell,224,27,0,31.77527543,-84.44069698,13273.0,2625.717969757356,12.053571428571427,197,222,27,0,195,219,8611,2,0,0,2,3
2020-06-26,US,Georgia,Thomas,408,32,0,30.86392347,-83.91847289,13275.0,917.864614969292,7.84313725490196,376,399,33,0,366,394,44448,9,-1,0,10,5
2020-06-26,US,Georgia,Tift,679,25,0,31.45743864,-83.5236119,13277.0,1670.6032870780434,3.6818851251840936,654,642,25,0,617,600,40571,37,0,0,37,42
2020-06-26,US,Georgia,Toombs,221,5,0,32.12059861,-82.32957247,13279.0,823.7048080506895,2.262443438914027,216,212,5,0,207,207,26887,9,0,0,9,5
2020-06-26,US,Georgia,Towns,38,1,0,34.91369188,-83.74107459999998,13281.0,315.69327905624317,2.631578947368421,37,37,1,0,36,37,11852,1,0,0,1,0
2020-06-26,US,Georgia,Treutlen,22,1,0,32.40422134,-82.56904553,13283.0,318.79437762643096,4.545454545454546,21,20,1,0,19,19,6809,2,0,0,2,1
2020-06-26,US,Georgia,Troup,1277,31,0,33.03349196,-85.02812115,13285.0,1826.3207574154055,2.427564604541895,1246,1233,29,0,1204,1209,70034,44,2,0,42,24
2020-06-26,US,Georgia,Turner,173,16,0,31.71612656,-83.62069378,13287.0,2166.562304320601,9.248554913294797,157,172,16,0,156,172,7912,1,0,0,1,0
2020-06-26,US,Georgia,Twiggs,23,1,0,32.67435595,-83.43078662,13289.0,283.25123152709364,4.3478260869565215,22,23,1,0,22,23,8188,0,0,0,0,0
2020-06-26,US,Georgia,Unassigned,1469,2,0,0.0,0.0,90013.0,0.0,0.13614703880190607,1467,1341,2,0,1339,1249,,128,0,0,128,92
2020-06-26,US,Georgia,Union,67,3,0,34.82995757,-83.98967069,13291.0,273.34666068295866,4.477611940298506,64,62,3,0,59,62,24001,5,0,0,5,0
2020-06-26,US,Georgia,Upson,343,43,0,32.87920671,-84.30024826,13293.0,1303.1914893617022,12.536443148688047,300,343,43,0,300,341,26215,0,0,0,0,2
2020-06-26,US,Georgia,Walker,310,11,0,34.73376362,-85.30165174,13295.0,444.3743638996,3.548387096774193,299,302,9,0,293,298,69410,8,2,0,6,4
2020-06-26,US,Georgia,Walton,377,28,0,33.78017694,-83.73552314,13297.0,398.54957554998776,7.427055702917772,349,371,28,0,343,361,93503,6,0,0,6,10
2020-06-26,US,Georgia,Ware,388,15,0,31.05449097,-82.42224148,13299.0,1085.8006380477977,3.865979381443299,373,372,15,0,357,365,35680,16,0,0,16,7
2020-06-26,US,Georgia,Warren,19,0,0,33.41146451,-82.67795848,13301.0,361.6292348686714,0.0,19,19,0,0,19,19,5251,0,0,0,0,0
2020-06-26,US,Georgia,Washington,91,1,0,32.96711864,-82.79357039,13303.0,446.6476882300972,1.0989010989010992,90,90,1,0,89,83,20386,1,0,0,1,7
2020-06-26,US,Georgia,Wayne,53,0,0,31.5521809,-81.91894878,13305.0,177.09760417014735,0.0,53,52,0,0,52,51,29808,1,0,0,1,1
2020-06-26,US,Georgia,Webster,20,1,0,32.04066113,-84.54742852,13307.0,767.1653241273494,5.0,19,20,1,0,19,18,2611,0,0,0,0,2
2020-06-26,US,Georgia,Wheeler,43,0,0,32.12009104,-82.72574721,13309.0,547.422024188415,0.0,43,42,0,0,42,41,7879,1,0,0,1,1
2020-06-26,US,Georgia,White,136,4,0,34.64624278,-83.74905525,13311.0,441.58711604649653,2.9411764705882355,132,134,4,0,130,134,29970,2,0,0,2,0
2020-06-26,US,Georgia,Whitfield,917,10,0,34.80987459,-84.96093476,13313.0,876.4384294835036,1.0905125408942202,907,890,10,0,880,846,104062,27,0,0,27,44
2020-06-26,US,Georgia,Wilcox,125,15,0,31.97496928,-83.43438555,13315.0,1447.596988998263,12.0,110,123,15,0,108,123,8812,2,0,0,2,0
2020-06-26,US,Georgia,Wilkes,52,1,0,33.78290391,-82.74286107,13317.0,531.8604889025263,1.9230769230769231,51,52,1,0,51,50,9876,0,0,0,0,2
2020-06-26,US,Georgia,Wilkinson,74,8,0,32.80291082,-83.17140684,13319.0,826.4462809917355,10.810810810810812,66,74,8,0,66,74,9036,0,0,0,0,0
2020-06-26,US,Georgia,Worth,296,21,0,31.55162306,-83.85090513,13321.0,1461.9449795031362,7.094594594594594,275,295,21,0,274,294,20299,1,0,0,1,1
2020-06-26,US,Hawaii,Hawaii,86,0,0,19.60121157,-155.5210167,15001.0,42.677147380069776,0.0,86,86,0,0,86,86,200983,0,0,0,0,0
2020-06-26,US,Hawaii,Honolulu,608,11,0,21.45803166,-157.97121819999995,15003.0,62.38693650384839,1.8092105263157892,597,595,11,0,584,584,980080,13,0,0,13,11
2020-06-26,US,Hawaii,Kauai,34,0,0,22.03935037,-159.5966786,15007.0,47.03083286071956,0.0,34,34,0,0,34,29,72133,0,0,0,0,5
2020-06-26,US,Hawaii,Maui,122,6,0,20.86399628,-156.56890969999995,15009.0,72.87193056858024,4.918032786885246,116,122,6,0,116,122,167207,0,0,0,0,0
2020-06-26,US,Hawaii,Out of HI,16,0,0,0.0,0.0,80015.0,0.0,0.0,16,14,0,0,14,14,,2,0,0,2,0
2020-06-26,US,Idaho,Ada,1585,23,0,43.4526575,-116.24155159999998,16001.0,329.12017973907103,1.4511041009463723,1562,1585,23,0,1562,1383,469966,0,0,0,0,202
2020-06-26,US,Idaho,Adams,10,0,0,44.89333571,-116.4545247,16003.0,232.8830926874709,0.0,10,10,0,0,10,10,4250,0,0,0,0,0
2020-06-26,US,Idaho,Bannock,88,1,0,42.67002716,-112.2233311,16005.0,100.21865889212827,1.1363636363636365,87,88,1,0,87,84,87138,0,0,0,0,4
2020-06-26,US,Idaho,Benewah,21,0,0,47.21754179,-116.6586851,16009.0,225.85502258550227,0.0,21,21,0,0,21,21,9226,0,0,0,0,0
2020-06-26,US,Idaho,Bingham,33,0,0,43.21672879999999,-112.3978437,16011.0,70.49625088120314,0.0,33,33,0,0,33,32,46236,0,0,0,0,1
2020-06-26,US,Idaho,Blaine,528,5,0,43.4085812,-113.9752658,16013.0,2293.558055688285,0.946969696969697,523,528,5,0,523,523,22601,0,0,0,0,5
2020-06-26,US,Idaho,Boise,1,0,0,43.98829931,-115.7309284,16015.0,12.769761205465455,0.0,1,1,0,0,1,,7634,0,0,0,0,
2020-06-26,US,Idaho,Bonner,24,0,0,48.29996017,-116.6017932,16017.0,52.47163252366689,0.0,24,24,0,0,24,15,44727,0,0,0,0,9
2020-06-26,US,Idaho,Bonneville,106,1,0,43.38713372,-111.6161537,16019.0,89.02924526717173,0.9433962264150944,105,106,1,0,105,96,116854,0,0,0,0,10
2020-06-26,US,Idaho,Camas,1,0,0,43.46665742,-114.8065892,16025.0,90.41591320072331,0.0,1,1,0,0,1,1,1127,0,0,0,0,0
2020-06-26,US,Idaho,Canyon,601,6,0,43.61970148,-116.70954990000001,16027.0,261.4760125125626,0.9983361064891848,595,601,6,0,595,494,223499,0,0,0,0,107
2020-06-26,US,Idaho,Caribou,9,0,0,42.77149116,-111.5597683,16029.0,125.78616352201256,0.0,9,9,0,0,9,8,7060,0,0,0,0,1
2020-06-26,US,Idaho,Cassia,193,1,0,42.28347888,-113.6012409,16031.0,803.162713275073,0.5181347150259067,192,193,1,0,192,178,23864,0,0,0,0,15
2020-06-26,US,Idaho,Custer,3,0,0,44.24186819,-114.2855494,16037.0,69.52491309385863,0.0,3,3,0,0,3,2,4280,0,0,0,0,1
2020-06-26,US,Idaho,Elmore,47,2,0,43.3507101,-115.4701578,16039.0,170.84075460724804,4.25531914893617,45,47,2,0,45,43,27259,0,0,0,0,4
2020-06-26,US,Idaho,Franklin,21,0,0,42.18332217,-111.81496659999999,16041.0,151.34044393196888,0.0,21,21,0,0,21,20,13726,0,0,0,0,1
2020-06-26,US,Idaho,Fremont,4,0,0,44.22800938,-111.48099429999999,16043.0,30.536682189480114,0.0,4,4,0,0,4,4,13168,0,0,0,0,0
2020-06-26,US,Idaho,Gem,20,0,0,44.06482372,-116.398376,16045.0,110.42402826855124,0.0,20,20,0,0,20,19,17634,0,0,0,0,1
2020-06-26,US,Idaho,Gooding,62,1,0,42.96927962,-114.81083059999999,16047.0,408.45905527373344,1.6129032258064515,61,62,1,0,61,61,15196,0,0,0,0,1
2020-06-26,US,Idaho,Idaho,3,0,0,45.84721541,-115.4634436,16049.0,17.999640007199854,0.0,3,3,0,0,3,3,16513,0,0,0,0,0
2020-06-26,US,Idaho,Jefferson,16,0,0,43.82078483,-112.3131749,16051.0,53.563657058685685,0.0,16,16,0,0,16,16,29439,0,0,0,0,0
2020-06-26,US,Idaho,Jerome,231,3,0,42.68891267,-114.2655033,16053.0,946.255939701786,1.2987012987012987,228,231,3,0,228,227,24015,0,0,0,0,4
2020-06-26,US,Idaho,Kootenai,171,1,0,47.67282258,-116.7020872,16055.0,103.20042004381493,0.5847953216374269,170,171,1,0,170,134,161505,0,0,0,0,37
2020-06-26,US,Idaho,Latah,10,0,0,46.81587887,-116.71136979999999,16057.0,24.932681759250027,0.0,10,10,0,0,10,9,40134,0,0,0,0,1
2020-06-26,US,Idaho,Lemhi,2,0,0,44.9438088,-113.9309747,16059.0,24.915908807773768,0.0,2,2,0,0,2,2,7961,0,0,0,0,0
2020-06-26,US,Idaho,Lincoln,36,0,0,43.0012336,-114.1358773,16063.0,670.8907938874395,0.0,36,36,0,0,36,36,5360,0,0,0,0,0
2020-06-26,US,Idaho,Madison,31,0,0,43.78141028,-111.65384740000002,16065.0,77.68060741223344,0.0,31,31,0,0,31,31,39304,0,0,0,0,0
2020-06-26,US,Idaho,Minidoka,138,0,0,42.85518524,-113.6357257,16067.0,655.9247112505348,0.0,138,138,0,0,138,130,20825,0,0,0,0,8
2020-06-26,US,Idaho,Nez Perce,91,19,0,46.32638236,-116.75009750000001,16069.0,225.2029301128489,20.87912087912088,72,91,19,0,72,90,40408,0,0,0,0,1
2020-06-26,US,Idaho,Owyhee,33,0,0,42.58016894,-116.16938710000001,16073.0,279.11697538695756,0.0,33,33,0,0,33,30,11693,0,0,0,0,3
2020-06-26,US,Idaho,Payette,73,2,0,44.00545243,-116.7647695,16075.0,304.7889440941923,2.7397260273972597,71,73,2,0,71,48,23551,0,0,0,0,25
2020-06-26,US,Idaho,Power,16,0,0,42.69254894,-112.83957420000002,16077.0,208.30621012888943,0.0,16,16,0,0,16,16,7768,0,0,0,0,0
2020-06-26,US,Idaho,Teton,14,0,0,43.75303583,-111.2056773,16081.0,115.30225662987976,0.0,14,14,0,0,14,14,11640,0,0,0,0,0
2020-06-26,US,Idaho,Twin Falls,540,25,0,42.35440512,-114.6685381,16083.0,621.5612698266534,4.62962962962963,515,540,25,0,515,522,86081,0,0,0,0,18
2020-06-26,US,Idaho,Unassigned,1,0,0,0.0,0.0,90016.0,0.0,0.0,1,1,0,0,1,1,,0,0,0,0,0
2020-06-26,US,Idaho,Valley,5,0,0,44.76728382,-115.5676773,16085.0,43.890449438202246,0.0,5,5,0,0,5,3,11041,0,0,0,0,2
2020-06-26,US,Idaho,Washington,97,0,0,44.45275475,-116.78476880000001,16087.0,951.5401216401804,0.0,97,97,0,0,97,96,10161,0,0,0,0,1
2020-06-26,US,Illinois,Adams,76,1,0,39.98815591,-91.18786813,17001.0,116.14579353556965,1.3157894736842106,75,71,1,0,70,67,65691,5,0,0,5,4
2020-06-26,US,Illinois,Alexander,21,0,0,37.18049267,-89.32910838,17003.0,364.52004860267317,0.0,21,21,0,0,21,21,6060,0,0,0,0,0
2020-06-26,US,Illinois,Bond,12,1,0,38.88829622,-89.43534887,17005.0,73.0549129428954,8.333333333333334,11,12,1,0,11,12,16630,0,0,0,0,0
2020-06-26,US,Illinois,Boone,568,21,0,42.32359279,-88.82345779,17007.0,1060.8098012849246,3.6971830985915495,547,567,21,0,546,560,53577,1,0,0,1,7
2020-06-26,US,Illinois,Brown,10,0,0,39.96209138,-90.75068024,17009.0,152.02189115232594,0.0,10,10,0,0,10,10,6556,0,0,0,0,0
2020-06-26,US,Illinois,Bureau,24,1,0,41.40385234,-89.5283051,17011.0,73.55645457888929,4.166666666666667,23,24,1,0,23,24,32993,0,0,0,0,0
2020-06-26,US,Illinois,Calhoun,1,0,0,39.16840183,-90.66330078,17013.0,21.101498206372653,0.0,1,1,0,0,1,1,4802,0,0,0,0,0
2020-06-26,US,Illinois,Carroll,21,2,0,42.06823429,-89.93395545,17015.0,146.8018175463125,9.523809523809524,19,21,2,0,19,21,14312,0,0,0,0,0
2020-06-26,US,Illinois,Cass,121,1,0,39.96991073,-90.24734436,17017.0,996.1307318679508,0.8264462809917356,120,119,0,0,119,117,12260,2,1,0,1,2
2020-06-26,US,Illinois,Champaign,826,12,0,40.13919438,-88.20046615,17019.0,393.9167052158196,1.452784503631961,814,814,12,0,802,801,209983,12,0,0,12,13
2020-06-26,US,Illinois,Christian,42,4,0,39.54581621,-89.27780482,17021.0,130.0148588410104,9.523809523809524,38,42,4,0,38,42,32661,0,0,0,0,0
2020-06-26,US,Illinois,Clark,14,0,0,39.33425789,-87.78705622,17023.0,90.66770286898516,0.0,14,14,0,0,14,14,15596,0,0,0,0,0
2020-06-26,US,Illinois,Clay,2,0,0,38.75388572,-88.48914513,17025.0,15.169902912621357,0.0,2,2,0,0,2,2,13253,0,0,0,0,0
2020-06-26,US,Illinois,Clinton,229,17,0,38.60704876,-89.42385254,17027.0,609.6586976199352,7.423580786026201,212,226,17,0,209,224,37639,3,0,0,3,2
2020-06-26,US,Illinois,Coles,155,17,0,39.51949084,-88.22358557,17029.0,306.1970328519784,10.967741935483868,138,155,17,0,138,154,50885,0,0,0,0,1
2020-06-26,US,Illinois,Cook,89068,4526,0,41.84144849,-87.81658794,17031.0,1729.3974855118204,5.081510755827009,84542,88650,4500,0,84150,88138,5180493,418,26,0,392,512
2020-06-26,US,Illinois,Crawford,18,0,0,39.0032229,-87.75954624,17033.0,96.42684952054428,0.0,18,18,0,0,18,18,18807,0,0,0,0,0
2020-06-26,US,Illinois,Cumberland,10,0,0,39.27432424,-88.2401158,17035.0,92.88500835965077,0.0,10,10,0,0,10,10,10808,0,0,0,0,0
2020-06-26,US,Illinois,De Witt,4,0,0,40.17514519,-88.90959682,17039.0,25.57871850620284,0.0,4,4,0,0,4,4,15769,0,0,0,0,0
2020-06-26,US,Illinois,DeKalb,535,18,0,41.89373302,-88.76958483,17037.0,510.0241188975852,3.364485981308411,517,534,18,0,516,527,104143,1,0,0,1,7
2020-06-26,US,Illinois,Douglas,45,0,0,39.76768052,-88.21854195,17041.0,231.18417672745957,0.0,45,45,0,0,45,43,19479,0,0,0,0,2
2020-06-26,US,Illinois,DuPage,8879,465,0,41.85116968,-88.08642662,17043.0,962.0541736508324,5.237076247325149,8414,8825,463,0,8362,8780,928589,54,2,0,52,45
2020-06-26,US,Illinois,Edgar,8,0,0,39.6809186,-87.74759563,17045.0,46.617329992424686,0.0,8,8,0,0,8,7,17360,0,0,0,0,1
2020-06-26,US,Illinois,Edwards,2,0,0,38.41353228,-88.05720863,17047.0,31.27443315089914,0.0,2,2,0,0,2,2,6392,0,0,0,0,0
2020-06-26,US,Illinois,Effingham,11,1,0,39.05935711,-88.58969584,17049.0,32.34533051046812,9.090909090909092,10,11,1,0,10,12,34208,0,0,0,0,-1
2020-06-26,US,Illinois,Fayette,23,3,0,39.00072038,-89.02452658,17051.0,107.79902512185976,13.043478260869565,20,23,3,0,20,23,21416,0,0,0,0,0
2020-06-26,US,Illinois,Ford,27,1,0,40.59706922,-88.22350769,17053.0,208.31725947071985,3.703703703703704,26,26,1,0,25,26,13264,1,0,0,1,0
2020-06-26,US,Illinois,Franklin,13,0,0,37.99189086,-88.92567818,17055.0,33.793444071850054,0.0,13,13,0,0,13,12,38701,0,0,0,0,1
2020-06-26,US,Illinois,Fulton,15,0,0,40.47289135,-90.20862357,17057.0,43.680838672102496,0.0,15,15,0,0,15,15,34844,0,0,0,0,0
2020-06-26,US,Illinois,Gallatin,2,0,0,37.76430935,-88.22953869,17059.0,41.42502071251035,0.0,2,2,0,0,2,2,5058,0,0,0,0,0
2020-06-26,US,Illinois,Greene,9,0,0,39.35907414,-90.388865,17061.0,69.39625260235947,0.0,9,9,0,0,9,9,13044,0,0,0,0,0
2020-06-26,US,Illinois,Grundy,151,4,0,41.28569601,-88.41905692,17063.0,295.7652681474517,2.6490066225165565,147,145,4,0,141,144,50972,6,0,0,6,1
2020-06-26,US,Illinois,Hamilton,3,0,0,38.08163641,-88.53883373,17065.0,36.964021685559395,0.0,3,2,0,0,2,2,8163,1,0,0,1,0
2020-06-26,US,Illinois,Hancock,18,1,0,40.40423981,-91.16313899,17067.0,101.6489722159476,5.5555555555555545,17,18,1,0,17,18,17844,0,0,0,0,0
2020-06-26,US,Illinois,Hardin,1,0,0,37.51810645,-88.26873022,17069.0,26.17115938236064,0.0,1,1,0,0,1,1,3910,0,0,0,0,0
2020-06-26,US,Illinois,Henderson,8,0,0,40.81908672,-90.92491462,17071.0,120.37315678603672,0.0,8,8,0,0,8,8,6709,0,0,0,0,0
2020-06-26,US,Illinois,Henry,78,1,0,41.3533994,-90.13296166,17073.0,159.46680841494083,1.2820512820512822,77,78,1,0,77,77,49090,0,0,0,0,1
2020-06-26,US,Illinois,Iroquois,155,5,0,40.74717633,-87.82466784,17075.0,571.6603968429594,3.2258064516129035,150,149,5,0,144,144,27604,6,0,0,6,5
2020-06-26,US,Illinois,Jackson,329,19,0,37.78595185,-89.38232563,17077.0,579.7356828193832,5.775075987841946,310,328,19,0,309,325,57419,1,0,0,1,3
2020-06-26,US,Illinois,Jasper,46,7,0,39.01054275,-88.15437049,17079.0,478.6680541103018,15.217391304347824,39,46,7,0,39,46,9611,0,0,0,0,0
2020-06-26,US,Illinois,Jefferson,105,17,0,38.29980057,-88.9240025,17081.0,278.6328415242544,16.19047619047619,88,105,17,0,88,107,37820,0,0,0,0,-2
2020-06-26,US,Illinois,Jersey,35,1,0,39.08869046,-90.35393073,17083.0,160.74955219767602,2.8571428571428568,34,34,1,0,33,33,21847,1,0,0,1,1
2020-06-26,US,Illinois,Jo Daviess,40,1,0,42.36542373,-90.21094405,17085.0,188.36825994819873,2.5,39,39,1,0,38,39,21366,1,0,0,1,0
2020-06-26,US,Illinois,Johnson,20,0,0,37.45939802,-88.88165419,17087.0,161.0695014898929,0.0,20,20,0,0,20,20,12456,0,0,0,0,0
2020-06-26,US,Illinois,Kane,7582,261,0,41.93842729,-88.42861412,17089.0,1424.1091804516504,3.442363492482195,7321,7529,257,0,7272,7496,534216,53,4,0,49,33
2020-06-26,US,Illinois,Kankakee,1240,62,0,41.13746989,-87.86205334,17091.0,1128.6887185742112,5.0,1178,1173,62,0,1111,1168,110024,67,0,0,67,5
2020-06-26,US,Illinois,Kendall,941,20,0,41.59081014,-88.42869583,17093.0,729.5139158074269,2.1253985122210413,921,940,21,0,919,928,127915,1,-1,0,2,12
2020-06-26,US,Illinois,Knox,123,0,0,40.93148779,-90.21330340000002,17095.0,247.48988913257813,0.0,123,121,0,0,121,119,50112,2,0,0,2,2
2020-06-26,US,Illinois,LaSalle,201,17,0,41.34426129999999,-88.88633881,17099.0,184.96535350467929,8.457711442786069,184,199,17,0,182,195,109430,2,0,0,2,4
2020-06-26,US,Illinois,Lake,9553,412,0,42.3224907,-88.00367925,17097.0,1371.5032266863834,4.312781325238145,9141,9514,411,0,9103,9447,700832,39,1,0,38,67
2020-06-26,US,Illinois,Lawrence,6,0,0,38.71987914,-87.72884035,17101.0,38.270187523918864,0.0,6,6,0,0,6,6,15765,0,0,0,0,0
2020-06-26,US,Illinois,Lee,96,2,0,41.74583951,-89.29977132,17103.0,281.55795401220087,2.083333333333333,94,96,2,0,94,96,34223,0,0,0,0,0
2020-06-26,US,Illinois,Livingston,42,2,0,40.89188292,-88.55784752,17105.0,117.81867145421906,4.761904761904762,40,40,2,0,38,40,35761,2,0,0,2,0
2020-06-26,US,Illinois,Logan,13,0,0,40.12581572,-89.36638784,17107.0,45.42595569222168,0.0,13,13,0,0,13,13,28925,0,0,0,0,0
2020-06-26,US,Illinois,Macon,227,22,0,39.86064913,-88.96342505,17115.0,218.25034372025502,9.691629955947137,205,226,22,0,204,223,104712,1,0,0,1,3
2020-06-26,US,Illinois,Macoupin,49,3,0,39.26119767,-89.92424028,17117.0,109.06824555936429,6.1224489795918355,46,50,3,0,47,48,45313,-1,0,0,-1,2
2020-06-26,US,Illinois,Madison,883,68,0,38.83042506,-89.90422563,17119.0,335.78485431576706,7.7010192525481305,815,872,68,0,804,841,264461,11,0,0,11,31
2020-06-26,US,Illinois,Marion,65,0,0,38.64963204,-88.91899208,17121.0,174.7077005778793,0.0,65,65,0,0,65,63,37620,0,0,0,0,2
2020-06-26,US,Illinois,Marshall,7,0,0,41.0327901,-89.34510444,17123.0,61.19951040391677,0.0,7,7,0,0,7,6,11534,0,0,0,0,1
2020-06-26,US,Illinois,Mason,22,0,0,40.23917274,-89.91824452,17125.0,164.68298525338722,0.0,22,21,0,0,21,21,13565,1,0,0,1,0
2020-06-26,US,Illinois,Massac,9,0,0,37.22078441,-88.71036614,17127.0,65.349985477781,0.0,9,8,0,0,8,8,14080,1,0,0,1,0
2020-06-26,US,Illinois,McDonough,100,15,0,40.45674722,-90.67775541,17109.0,336.9045212586753,15.0,85,101,15,0,86,101,29955,-1,0,0,-1,0
2020-06-26,US,Illinois,McHenry,1975,96,0,42.32451172,-88.45248227,17111.0,641.7046274214196,4.860759493670887,1879,1949,95,0,1854,1937,308570,26,1,0,25,12
2020-06-26,US,Illinois,McLean,255,13,0,40.48996987,-88.84621113,17113.0,148.67330935125963,5.098039215686273,242,254,13,0,241,253,172828,1,0,0,1,1
2020-06-26,US,Illinois,Menard,23,0,0,40.02742725,-89.80246001,17129.0,188.58642177763198,0.0,23,23,0,0,23,23,12288,0,0,0,0,0
2020-06-26,US,Illinois,Mercer,20,0,0,41.20596782,-90.74290052,17131.0,129.55885210857028,0.0,20,20,0,0,20,20,15601,0,0,0,0,0
2020-06-26,US,Illinois,Monroe,120,13,0,38.27594376,-90.17761038,17133.0,346.45032768426825,10.833333333333336,107,118,13,0,105,117,34335,2,0,0,2,1
2020-06-26,US,Illinois,Montgomery,41,1,0,39.23198845,-89.47809254,17135.0,144.29506581262757,2.4390243902439024,40,41,1,0,40,41,28601,0,0,0,0,0
2020-06-26,US,Illinois,Morgan,124,3,0,39.71654544,-90.20255104,17137.0,368.41167033097634,2.419354838709677,121,123,3,0,120,123,33976,1,0,0,1,0
2020-06-26,US,Illinois,Moultrie,17,0,0,39.64187451,-88.62099969,17139.0,117.23329425556858,0.0,17,16,0,0,16,15,14717,1,0,0,1,1
2020-06-26,US,Illinois,Ogle,243,4,0,42.04165196,-89.32184679,17141.0,479.82939399324687,1.6460905349794241,239,240,4,0,236,238,50923,3,0,0,3,2
2020-06-26,US,Illinois,Out of IL,1,0,0,0.0,0.0,80017.0,0.0,0.0,1,,,,,1,,,,,,
2020-06-26,US,Illinois,Peoria,463,26,0,40.78702156,-89.76078901,17143.0,258.4008170600349,5.615550755939525,437,459,26,0,433,447,180621,4,0,0,4,12
2020-06-26,US,Illinois,Perry,47,0,0,38.08510853,-89.36856219,17145.0,224.7083572384777,0.0,47,46,0,0,46,46,21174,1,0,0,1,0
2020-06-26,US,Illinois,Piatt,19,0,0,40.01360584,-88.59319339,17147.0,116.25061184532551,0.0,19,19,0,0,19,17,16396,0,0,0,0,2
2020-06-26,US,Illinois,Pike,2,0,0,39.62265059,-90.8877017,17149.0,12.852644431591802,0.0,2,2,0,0,2,2,15611,0,0,0,0,0
2020-06-26,US,Illinois,Pope,1,0,0,37.41391284,-88.56152109,17151.0,23.94062724443381,0.0,1,1,0,0,1,1,4212,0,0,0,0,0
2020-06-26,US,Illinois,Pulaski,72,0,0,37.22631423,-89.13085001,17153.0,1349.5782567947515,0.0,72,67,0,0,67,67,5463,5,0,0,5,0
2020-06-26,US,Illinois,Putnam,1,0,0,41.2013541,-89.2869272,17155.0,17.424638438752392,0.0,1,1,0,0,1,1,5740,0,0,0,0,0
2020-06-26,US,Illinois,Randolph,278,7,0,38.05095369,-89.82512254,17157.0,874.7089547542635,2.5179856115107917,271,278,7,0,271,278,32106,0,0,0,0,0
2020-06-26,US,Illinois,Richland,4,0,0,38.71240969,-88.08475366,17159.0,25.78482563011668,0.0,4,4,0,0,4,4,15763,0,0,0,0,0
2020-06-26,US,Illinois,Rock Island,829,28,0,41.46613806,-90.57042164,17161.0,584.300706940421,3.3775633293124248,801,816,28,0,788,809,143477,13,0,0,13,7
2020-06-26,US,Illinois,Saline,8,0,0,37.75332999,-88.54119706,17165.0,34.05559576007833,0.0,8,8,0,0,8,8,23906,0,0,0,0,0
2020-06-26,US,Illinois,Sangamon,401,31,0,39.75836914,-89.65872023,17167.0,205.98750719158383,7.730673316708231,370,399,31,0,368,397,195348,2,0,0,2,2
2020-06-26,US,Illinois,Schuyler,13,0,0,40.1571798,-90.61114163,17169.0,192.08037825059105,0.0,13,13,0,0,13,13,6907,0,0,0,0,0
2020-06-26,US,Illinois,Shelby,16,1,0,39.39133527,-88.80611122,17173.0,73.95765924008505,6.25,15,16,1,0,15,16,21741,0,0,0,0,0
2020-06-26,US,Illinois,St. Clair,1722,133,0,38.46996033,-89.93063427,17163.0,663.1085233705321,7.723577235772357,1589,1694,132,0,1562,1671,261059,28,1,0,27,23
2020-06-26,US,Illinois,Stark,3,0,0,41.09309773,-89.79745866,17175.0,56.15874204417821,0.0,3,3,0,0,3,3,5427,0,0,0,0,0
2020-06-26,US,Illinois,Stephenson,265,5,0,42.35129217,-89.662598,17177.0,595.5323834779091,1.8867924528301887,260,261,5,0,256,257,44753,4,0,0,4,4
2020-06-26,US,Illinois,Tazewell,115,7,0,40.50716185,-89.51404662,17179.0,87.25142826794534,6.086956521739131,108,114,7,0,107,113,132328,1,0,0,1,1
2020-06-26,US,Illinois,Unassigned,29,0,0,0.0,0.0,90017.0,0.0,0.0,29,39,0,0,39,45,,-10,0,0,-10,-6
2020-06-26,US,Illinois,Union,183,18,0,37.47119609,-89.25548938,17181.0,1098.901098901099,9.836065573770492,165,181,18,0,163,182,16841,2,0,0,2,-1
2020-06-26,US,Illinois,Vermilion,54,2,0,40.18417171,-87.73384359,17183.0,71.27960083423531,3.703703703703704,52,52,2,0,50,50,76806,2,0,0,2,2
2020-06-26,US,Illinois,Wabash,22,0,0,38.44272901,-87.84922065,17185.0,190.97222222222226,0.0,22,22,0,0,22,22,11549,0,0,0,0,0
2020-06-26,US,Illinois,Warren,133,0,0,40.84925021,-90.6147432,17187.0,789.5986701496083,0.0,133,131,0,0,131,130,17032,2,0,0,2,1
2020-06-26,US,Illinois,Washington,19,0,0,38.35309213,-89.40982703,17189.0,136.81860733059696,0.0,19,19,0,0,19,19,13995,0,0,0,0,0
2020-06-26,US,Illinois,Wayne,12,1,0,38.42955355,-88.42586459,17191.0,74.00555041628122,8.333333333333334,11,12,1,0,11,11,16332,0,0,0,0,1
2020-06-26,US,Illinois,White,4,0,0,38.08706198,-88.17657461,17193.0,29.548644455935587,0.0,4,4,0,0,4,3,13665,0,0,0,0,1
2020-06-26,US,Illinois,Whiteside,180,15,0,41.75509713,-89.91556058,17195.0,326.2347077480743,8.333333333333334,165,178,15,0,163,178,55626,2,0,0,2,0
2020-06-26,US,Illinois,Will,6542,316,0,41.44619267,-87.97862712,17197.0,947.0960979698673,4.830327117089575,6226,6493,315,0,6178,6459,692310,49,1,0,48,34
2020-06-26,US,Illinois,Williamson,104,4,0,37.73033511,-88.92994027,17199.0,156.1631905341081,3.8461538461538463,100,102,4,0,98,99,67056,2,0,0,2,3
2020-06-26,US,Illinois,Winnebago,2959,90,0,42.33641854,-89.16085327,17201.0,1047.1667398043685,3.0415680973301797,2869,2935,89,0,2846,2911,284081,24,1,0,23,24
2020-06-26,US,Illinois,Woodford,33,2,0,40.78579374,-89.20973757,17203.0,85.80566317376946,6.0606060606060606,31,33,2,0,31,32,38463,0,0,0,0,1
2020-06-26,US,Indiana,Adams,42,1,0,40.7457653,-84.93671406,18001.0,117.39385638818236,2.380952380952381,41,39,1,0,38,38,35636,3,0,0,3,1
2020-06-26,US,Indiana,Allen,2547,100,0,41.09194313,-85.06800636,18003.0,671.5019021932566,3.926187671770711,2447,2507,97,0,2410,2466,375351,40,3,0,37,41
2020-06-26,US,Indiana,Bartholomew,575,43,0,39.20744865,-85.89558181,18005.0,686.3295097816874,7.478260869565218,532,572,43,0,529,568,82753,3,0,0,3,4
2020-06-26,US,Indiana,Benton,45,0,0,40.60626947,-87.31093999,18007.0,514.40329218107,0.0,45,44,0,0,44,44,8653,1,0,0,1,0
2020-06-26,US,Indiana,Blackford,35,2,0,40.47388153,-85.32499702,18009.0,297.6696717128763,5.7142857142857135,33,33,2,0,31,33,11930,2,0,0,2,0
2020-06-26,US,Indiana,Boone,406,41,0,40.0509304,-86.46841646,18011.0,598.4405170761906,10.098522167487683,365,402,41,0,361,400,66999,4,0,0,4,2
2020-06-26,US,Indiana,Brown,37,1,0,39.19605589,-86.22868909,18013.0,245.1630002650411,2.702702702702702,36,37,1,0,36,37,15234,0,0,0,0,0
2020-06-26,US,Indiana,Carroll,109,2,0,40.580783200000006,-86.56198812,18015.0,538.0856000394925,1.834862385321101,107,104,2,0,102,103,20127,5,0,0,5,1
2020-06-26,US,Indiana,Cass,1638,9,0,40.76135835,-86.34830753,18017.0,4346.095677783969,0.5494505494505495,1629,1629,9,0,1620,1625,37955,9,0,0,9,4
2020-06-26,US,Indiana,Clark,607,44,0,38.48015445,-85.70510334,18019.0,513.0936078849047,7.248764415156508,563,605,44,0,561,600,117360,2,0,0,2,5
2020-06-26,US,Indiana,Clay,56,4,0,39.39561833,-87.11723506,18021.0,213.53670162059106,7.142857142857142,52,56,4,0,52,56,26170,0,0,0,0,0
2020-06-26,US,Indiana,Clinton,275,1,0,40.30319754,-86.47277257,18023.0,848.7916293712768,0.3636363636363637,274,274,1,0,273,274,32250,1,0,0,1,0
2020-06-26,US,Indiana,Crawford,27,0,0,38.28814402,-86.44518825,18025.0,255.27087075730358,0.0,27,27,0,0,27,27,10558,0,0,0,0,0
2020-06-26,US,Indiana,Daviess,132,16,0,38.70186039,-87.07185406,18027.0,395.79023117747596,12.12121212121212,116,132,16,0,116,132,33147,0,0,0,0,0
2020-06-26,US,Indiana,DeKalb,148,4,0,41.39804622,-84.99906934,18033.0,340.4255319148936,2.702702702702702,144,146,4,0,142,140,43226,2,0,0,2,6
2020-06-26,US,Indiana,Dearborn,195,22,0,39.14647946,-84.97333539,18029.0,394.2739293946379,11.282051282051285,173,193,22,0,171,190,49568,2,0,0,2,3
2020-06-26,US,Indiana,Decatur,241,32,0,39.30712658,-85.50087166,18031.0,907.4136827440793,13.278008298755188,209,241,32,0,209,241,26794,0,0,0,0,0
2020-06-26,US,Indiana,Delaware,414,47,0,40.22787247,-85.39732772,18035.0,362.72834800893685,11.35265700483092,367,413,47,0,366,412,114772,1,0,0,1,1
2020-06-26,US,Indiana,Dubois,255,6,0,38.36597551,-86.87924170000002,18037.0,596.6866342193935,2.3529411764705883,249,255,6,0,249,255,42565,0,0,0,0,0
2020-06-26,US,Indiana,Elkhart,2864,41,0,41.59761169,-85.85875695,18039.0,1387.9936609786712,1.431564245810056,2823,2805,41,0,2764,2705,205560,59,0,0,59,100
2020-06-26,US,Indiana,Fayette,90,7,0,39.63684962,-85.17797541,18041.0,389.57666002943466,7.777777777777778,83,88,7,0,81,86,23047,2,0,0,2,2
2020-06-26,US,Indiana,Floyd,354,43,0,38.32117957,-85.90385377,18043.0,450.8290670130664,12.146892655367232,311,350,43,0,307,351,77781,4,0,0,4,-1
2020-06-26,US,Indiana,Fountain,25,2,0,40.12361933,-87.24217689,18045.0,152.94261593050288,8.0,23,25,2,0,23,24,16351,0,0,0,0,1
2020-06-26,US,Indiana,Franklin,124,8,0,39.4142482,-85.06062647,18047.0,544.8633447578874,6.451612903225807,116,122,8,0,114,121,22736,2,0,0,2,1
2020-06-26,US,Indiana,Fulton,64,1,0,41.0469907,-86.26252745,18049.0,320.4165415039552,1.5625,63,64,1,0,63,64,20092,0,0,0,0,0
2020-06-26,US,Indiana,Gibson,29,2,0,38.30393723,-87.58054938,18051.0,86.15823405329927,6.896551724137932,27,29,2,0,27,29,33452,0,0,0,0,0
2020-06-26,US,Indiana,Grant,287,26,0,40.51587228,-85.65468702,18053.0,436.37580014900635,9.059233449477352,261,280,26,0,254,280,65936,7,0,0,7,0
2020-06-26,US,Indiana,Greene,185,29,0,39.03630547,-86.96223202,18055.0,579.5376229559553,15.675675675675675,156,184,29,0,155,184,32006,1,0,0,1,0
2020-06-26,US,Indiana,Hamilton,1417,97,0,40.07306535,-86.05244729,18057.0,419.2171260698617,6.845448129851801,1320,1411,97,0,1314,1398,330086,6,0,0,6,13
2020-06-26,US,Indiana,Hancock,397,35,0,39.82304555,-85.77566351,18059.0,507.8804625933886,8.816120906801007,362,397,35,0,362,394,76351,0,0,0,0,3
2020-06-26,US,Indiana,Harrison,203,22,0,38.19467379,-86.10948271,18061.0,501.04899419967916,10.83743842364532,181,203,22,0,181,201,40350,0,0,0,0,2
2020-06-26,US,Indiana,Hendricks,1348,97,0,39.76719009,-86.51037283,18063.0,791.493209481478,7.1958456973293785,1251,1346,97,0,1249,1337,167009,2,0,0,2,9
2020-06-26,US,Indiana,Henry,216,15,0,39.93029017,-85.39625719,18065.0,450.2626532143752,6.9444444444444455,201,215,15,0,200,211,48271,1,0,0,1,4
2020-06-26,US,Indiana,Howard,527,51,0,40.48527731,-86.11351892,18067.0,638.4473735220004,9.677419354838712,476,524,50,0,474,509,82366,3,1,0,2,15
2020-06-26,US,Indiana,Huntington,65,2,0,40.82907273,-85.48822092,18069.0,177.98466593647316,3.0769230769230766,63,64,2,0,62,63,36240,1,0,0,1,1
2020-06-26,US,Indiana,Jackson,443,3,0,38.90915820000001,-86.03851889,18071.0,1001.559991860912,0.6772009029345373,440,442,3,0,439,433,44111,1,0,0,1,9
2020-06-26,US,Indiana,Jasper,101,2,0,41.02078733,-87.11553319,18073.0,300.9355819081104,1.98019801980198,99,100,2,0,98,96,33370,1,0,0,1,4
2020-06-26,US,Indiana,Jay,65,0,0,40.43781032,-85.00576229,18075.0,318.06615776081424,0.0,65,65,0,0,65,65,20764,0,0,0,0,0
2020-06-26,US,Indiana,Jefferson,58,1,0,38.78576239,-85.43633383,18077.0,179.52209978952578,1.7241379310344829,57,58,1,0,57,58,32208,0,0,0,0,0
2020-06-26,US,Indiana,Jennings,164,9,0,38.99588883,-85.62710784,18079.0,591.3106183522625,5.487804878048781,155,164,9,0,155,164,27611,0,0,0,0,0
2020-06-26,US,Indiana,Johnson,1212,117,0,39.48994426,-86.10149107,18081.0,766.2786801292305,9.653465346534654,1095,1205,117,0,1088,1205,156225,7,0,0,7,0
2020-06-26,US,Indiana,Knox,53,0,0,38.68861576,-87.4194665,18083.0,144.8324861999235,0.0,53,54,0,0,54,47,36895,-1,0,0,-1,7
2020-06-26,US,Indiana,Kosciusko,438,2,0,41.24521668,-85.86312322,18085.0,551.2484897301651,0.45662100456620996,436,432,2,0,430,406,79344,6,0,0,6,26
2020-06-26,US,Indiana,LaGrange,430,6,0,41.64232188,-85.42674232,18087.0,1085.4748321300553,1.3953488372093024,424,420,6,0,414,412,39330,10,0,0,10,8
2020-06-26,US,Indiana,LaPorte,510,25,0,41.54366008,-86.74072188,18091.0,464.1089108910891,4.901960784313727,485,502,25,0,477,494,110007,8,0,0,8,8
2020-06-26,US,Indiana,Lake,4650,238,0,41.41874274,-87.38277575,18089.0,957.7892987128548,5.118279569892473,4412,4596,238,0,4358,4525,484411,54,0,0,54,71
2020-06-26,US,Indiana,Lawrence,209,24,0,38.84112637,-86.48361629,18093.0,460.6568216883403,11.483253588516742,185,204,24,0,180,197,45668,5,0,0,5,7
2020-06-26,US,Indiana,Madison,632,63,0,40.16143691,-85.71964711,18095.0,487.7709946051911,9.968354430379748,569,624,63,0,561,624,129641,8,0,0,8,0
2020-06-26,US,Indiana,Marion,11104,676,0,39.78163624,-86.13826325,18097.0,1151.1722176030653,6.087896253602304,10428,11042,675,0,10367,10996,954670,62,1,0,61,46
2020-06-26,US,Indiana,Marshall,393,3,0,41.32467367,-86.26185087,18099.0,849.5827748713734,0.7633587786259542,390,385,3,0,382,374,46248,8,0,0,8,11
2020-06-26,US,Indiana,Martin,22,0,0,38.7099921,-86.80373186,18101.0,214.5294978059483,0.0,22,22,0,0,22,22,10217,0,0,0,0,0
2020-06-26,US,Indiana,Miami,176,2,0,40.76940965,-86.04525048,18103.0,495.55130082216476,1.1363636363636365,174,176,2,0,174,176,35567,0,0,0,0,0
2020-06-26,US,Indiana,Monroe,221,28,0,39.16130004,-86.52414358,18105.0,148.89073037303532,12.669683257918553,193,219,28,0,191,214,146917,2,0,0,2,5
2020-06-26,US,Indiana,Montgomery,283,19,0,40.04034823,-86.89335024,18107.0,738.1710052689238,6.713780918727915,264,277,19,0,258,275,38346,6,0,0,6,2
2020-06-26,US,Indiana,Morgan,309,31,0,39.47899078,-86.44573375,18109.0,438.36626991445473,10.032362459546926,278,308,30,0,278,307,70116,1,1,0,0,1
2020-06-26,US,Indiana,Newton,90,10,0,40.95610449,-87.39635768,18111.0,643.5926773455377,11.111111111111109,80,90,10,0,80,90,14011,0,0,0,0,0
2020-06-26,US,Indiana,Noble,404,28,0,41.39672484,-85.41966713,18113.0,846.1796246648793,6.9306930693069315,376,392,28,0,364,383,47532,12,0,0,12,9
2020-06-26,US,Indiana,Ohio,14,0,0,38.955305,-84.96515993,18115.0,238.29787234042556,0.0,14,14,0,0,14,13,5844,0,0,0,0,1
2020-06-26,US,Indiana,Orange,133,23,0,38.54118920000001,-86.49523093,18117.0,676.9825918762089,17.29323308270677,110,133,23,0,110,132,19489,0,0,0,0,1
2020-06-26,US,Indiana,Owen,41,1,0,39.31145587,-86.83900724,18119.0,197.12486177220055,2.4390243902439024,40,41,1,0,40,40,20845,0,0,0,0,1
2020-06-26,US,Indiana,Parke,22,0,0,39.77202286,-87.20375833,18121.0,129.89313337663106,0.0,22,21,0,0,21,20,16927,1,0,0,1,1
2020-06-26,US,Indiana,Perry,117,5,0,38.07809328,-86.63741946,18123.0,610.3604778548697,4.2735042735042725,112,112,4,0,108,108,19102,5,1,0,4,4
2020-06-26,US,Indiana,Pike,6,0,0,38.40112197,-87.23574907,18125.0,48.43005892323836,0.0,6,6,0,0,6,6,12410,0,0,0,0,0
2020-06-26,US,Indiana,Porter,654,36,0,41.45986947,-87.06848888,18127.0,383.82759450434014,5.504587155963303,618,635,36,0,599,630,169594,19,0,0,19,5
2020-06-26,US,Indiana,Posey,28,0,0,38.02097333,-87.86480429,18129.0,110.11916466747944,0.0,28,27,0,0,27,26,25540,1,0,0,1,1
2020-06-26,US,Indiana,Pulaski,58,1,0,41.04166107,-86.69890683,18131.0,469.5215737067919,1.7241379310344829,57,54,1,0,53,54,12469,4,0,0,4,0
2020-06-26,US,Indiana,Putnam,162,8,0,39.66437981,-86.84517605,18133.0,431.12625079838193,4.938271604938271,154,159,8,0,151,159,37779,3,0,0,3,0
2020-06-26,US,Indiana,Randolph,75,4,0,40.15734772,-85.01139319,18135.0,304.07459963511053,5.333333333333333,71,74,4,0,70,74,24851,1,0,0,1,0
2020-06-26,US,Indiana,Ripley,112,7,0,39.10235626,-85.26212744,18137.0,395.4243750882644,6.25,105,111,7,0,104,113,28523,1,0,0,1,-2
2020-06-26,US,Indiana,Rush,53,3,0,39.62002287,-85.4655599,18139.0,319.6429648392739,5.660377358490566,50,52,3,0,49,52,16663,1,0,0,1,0
2020-06-26,US,Indiana,Scott,153,6,0,38.68672078,-85.74627859,18143.0,640.8913835713988,3.92156862745098,147,154,6,0,148,152,23878,-1,0,0,-1,2
2020-06-26,US,Indiana,Shelby,409,25,0,39.52305623,-85.79158570000001,18145.0,914.395582284424,6.112469437652812,384,409,24,0,385,408,44593,0,1,0,-1,1
2020-06-26,US,Indiana,Spencer,28,1,0,38.01519732,-87.0079644,18147.0,138.08748828722202,3.571428571428572,27,28,1,0,27,27,20327,0,0,0,0,1
2020-06-26,US,Indiana,St. Joseph,1780,60,0,41.61756781,-86.29040834,18141.0,654.8306637334177,3.3707865168539324,1720,1740,59,0,1681,1705,270771,40,1,0,39,35
2020-06-26,US,Indiana,Starke,63,3,0,41.27890281,-86.64686895,18149.0,273.97260273972597,4.761904761904762,60,63,3,0,60,62,22935,0,0,0,0,1
2020-06-26,US,Indiana,Steuben,116,2,0,41.64423868,-85.00101094,18151.0,335.3182632826501,1.7241379310344829,114,113,2,0,111,112,34586,3,0,0,3,1
2020-06-26,US,Indiana,Sullivan,45,1,0,39.08952258,-87.41414469,18153.0,217.7173544922348,2.2222222222222223,44,41,1,0,40,41,20690,4,0,0,4,0
2020-06-26,US,Indiana,Switzerland,22,0,0,38.82767338,-85.03022429,18155.0,204.63212724397732,0.0,22,22,0,0,22,22,10717,0,0,0,0,0
2020-06-26,US,Indiana,Tippecanoe,579,8,0,40.38872739,-86.89413959,18157.0,295.81264177548894,1.381692573402418,571,555,8,0,547,544,193048,24,0,0,24,11
2020-06-26,US,Indiana,Tipton,29,1,0,40.31123252,-86.05234925,18159.0,191.4444151043042,3.4482758620689653,28,28,1,0,27,28,15128,1,0,0,1,0
2020-06-26,US,Indiana,Unassigned,0,192,0,0.0,0.0,90018.0,0.0,0.0,-192,0,192,0,-192,0,,0,0,0,0,0
2020-06-26,US,Indiana,Union,13,0,0,39.62550777,-84.92497066,18161.0,184.2925999432946,0.0,13,13,0,0,13,12,7037,0,0,0,0,1
2020-06-26,US,Indiana,Vanderburgh,376,6,0,38.02658833,-87.58763124,18163.0,207.21847771574696,1.5957446808510638,370,369,6,0,363,359,180974,7,0,0,7,10
2020-06-26,US,Indiana,Vermillion,13,0,0,39.8523352,-87.46160542,18165.0,83.88179119886435,0.0,13,13,0,0,13,13,15479,0,0,0,0,0
2020-06-26,US,Indiana,Vigo,216,8,0,39.42944561,-87.39169027,18167.0,201.7974924793064,3.703703703703704,208,214,8,0,206,214,107386,2,0,0,2,0
2020-06-26,US,Indiana,Wabash,101,2,0,40.84704239,-85.79328272,18169.0,325.84849658020386,1.98019801980198,99,99,2,0,97,96,31280,2,0,0,2,3
2020-06-26,US,Indiana,Warren,14,1,0,40.34728141,-87.35602659,18171.0,169.38898971566852,7.142857142857142,13,14,1,0,13,14,8263,0,0,0,0,0
2020-06-26,US,Indiana,Warrick,183,29,0,38.08922676,-87.2716085,18173.0,290.48541223530907,15.846994535519125,154,182,29,0,153,182,62567,1,0,0,1,0
2020-06-26,US,Indiana,Washington,63,1,0,38.60219804,-86.1049363,18175.0,224.71108574689686,1.5873015873015872,62,62,1,0,61,62,27943,1,0,0,1,0
2020-06-26,US,Indiana,Wayne,119,6,0,39.8633444,-85.01044989,18177.0,180.6204844878878,5.042016806722689,113,115,6,0,109,112,65936,4,0,0,4,3
2020-06-26,US,Indiana,Wells,66,1,0,40.72934187,-85.22132966,18179.0,233.24851569126372,1.5151515151515151,65,66,1,0,65,66,28206,0,0,0,0,0
2020-06-26,US,Indiana,White,256,10,0,40.74911165,-86.86492015,18181.0,1062.152518463198,3.90625,246,249,10,0,239,249,24133,7,0,0,7,0
2020-06-26,US,Indiana,Whitley,75,4,0,41.13863784,-85.50791236,18183.0,220.82204687315982,5.333333333333333,71,74,4,0,70,72,34074,1,0,0,1,2
2020-06-26,US,Kansas,Allen,5,0,0,37.88582951,-95.30030847,20001.0,40.4236397445226,0.0,5,5,0,0,5,2,12444,0,0,0,0,3
2020-06-26,US,Kansas,Anderson,3,0,0,38.21413251,-95.29272815,20003.0,38.17765334690761,0.0,3,3,0,0,3,3,7878,0,0,0,0,0
2020-06-26,US,Kansas,Atchison,29,0,0,39.53185661,-95.30870026,20005.0,180.42680271262364,0.0,29,28,0,0,28,28,16193,1,0,0,1,0
2020-06-26,US,Kansas,Barber,1,0,0,37.2288586,-98.68460053,20007.0,22.588660492432798,0.0,1,1,0,0,1,1,4472,0,0,0,0,0
2020-06-26,US,Kansas,Barton,55,2,0,38.47889676,-98.75636726,20009.0,213.35195314015286,3.636363636363636,53,55,2,0,53,54,26111,0,0,0,0,1
2020-06-26,US,Kansas,Bourbon,19,1,0,37.85508555,-94.84865997,20011.0,130.72794825925416,5.2631578947368425,18,19,1,0,18,14,14653,0,0,0,0,5
2020-06-26,US,Kansas,Brown,14,0,0,39.82652589,-95.56421698,20013.0,146.3822668339607,0.0,14,14,0,0,14,14,9598,0,0,0,0,0
2020-06-26,US,Kansas,Butler,51,0,0,37.78134351,-96.83878537,20015.0,76.22065131293809,0.0,51,55,0,0,55,52,66765,-4,0,0,-4,3
2020-06-26,US,Kansas,Chase,4,0,0,38.30292938,-96.59563862,20017.0,151.0574018126888,0.0,4,4,0,0,4,4,2629,0,0,0,0,0
2020-06-26,US,Kansas,Chautauqua,4,0,0,37.14994405,-96.2454192,20019.0,123.07692307692308,0.0,4,4,0,0,4,4,3309,0,0,0,0,0
2020-06-26,US,Kansas,Cherokee,27,0,0,37.16928494,-94.8462897,20021.0,135.4130096795225,0.0,27,25,0,0,25,25,20015,2,0,0,2,0
2020-06-26,US,Kansas,Cheyenne,2,0,0,39.78580976,-101.7318201,20023.0,75.27286413248024,0.0,2,2,0,0,2,2,2660,0,0,0,0,0
2020-06-26,US,Kansas,Clark,34,1,0,37.23577007,-99.81883015,20025.0,1705.1153460381142,2.9411764705882355,33,34,1,0,33,34,2005,0,0,0,0,0
2020-06-26,US,Kansas,Clay,6,2,0,39.34948772,-97.16518128,20027.0,74.9812546863284,33.333333333333336,4,6,2,0,4,6,7997,0,0,0,0,0
2020-06-26,US,Kansas,Cloud,10,0,0,39.48028352,-97.64925343,20029.0,113.81743683132255,0.0,10,8,0,0,8,8,8729,2,0,0,2,0
2020-06-26,US,Kansas,Coffey,53,8,0,38.2365018,-95.73379515,20031.0,648.0009781146838,15.094339622641508,45,53,8,0,45,53,8233,0,0,0,0,0
2020-06-26,US,Kansas,Comanche,2,0,0,37.19114520000001,-99.27113247,20033.0,117.64705882352942,0.0,2,2,0,0,2,2,1748,0,0,0,0,0
2020-06-26,US,Kansas,Cowley,66,1,0,37.23781842,-96.83776647,20035.0,189.0684083877621,1.5151515151515151,65,64,1,0,63,62,35218,2,0,0,2,2
2020-06-26,US,Kansas,Crawford,246,1,0,37.50675523,-94.85245778,20037.0,633.7266216703591,0.4065040650406504,245,220,1,0,219,220,39019,26,0,0,26,0
2020-06-26,US,Kansas,Dickinson,8,1,0,38.86600962,-97.15532383,20041.0,43.32286364128669,12.5,7,8,1,0,7,8,18717,0,0,0,0,0
2020-06-26,US,Kansas,Doniphan,26,0,0,39.79067154,-95.14056866,20043.0,342.10526315789474,0.0,26,25,0,0,25,25,7682,1,0,0,1,0
2020-06-26,US,Kansas,Douglas,124,0,0,38.88503636,-95.2925121,20045.0,101.42402604307249,0.0,124,105,0,0,105,105,121436,19,0,0,19,0
2020-06-26,US,Kansas,Edwards,6,0,0,37.88735543,-99.31263309,20047.0,214.43888491779842,0.0,6,6,0,0,6,6,2849,0,0,0,0,0
2020-06-26,US,Kansas,Elk,1,0,0,37.45338105,-96.24369667,20049.0,39.52569169960474,0.0,1,1,0,0,1,,2508,0,0,0,0,
2020-06-26,US,Kansas,Ellis,15,0,0,38.91458712,-99.31751551,20051.0,52.53388435540924,0.0,15,14,0,0,14,14,28710,1,0,0,1,0
2020-06-26,US,Kansas,Ellsworth,3,0,0,38.69677695,-98.20462799,20053.0,49.164208456243855,0.0,3,3,0,0,3,3,6196,0,0,0,0,0
2020-06-26,US,Kansas,Finney,1563,10,0,38.04340344,-100.73819379999999,20055.0,4286.0668549647635,0.6397952655150352,1553,1562,10,0,1552,1558,36611,1,0,0,1,4
2020-06-26,US,Kansas,Ford,1937,8,0,37.69200114,-99.88825298,20057.0,5761.622891817126,0.41300980898296336,1929,1927,8,0,1919,1927,33888,10,0,0,10,0
2020-06-26,US,Kansas,Franklin,67,0,0,38.56443815,-95.28644341,20059.0,262.29251487629193,0.0,67,66,0,0,66,66,25631,1,0,0,1,0
2020-06-26,US,Kansas,Geary,43,1,0,38.99871131,-96.7577178,20061.0,135.7751815598358,2.3255813953488373,42,43,1,0,42,39,32594,0,0,0,0,4
2020-06-26,US,Kansas,Gove,1,0,0,38.91588178,-100.4829321,20063.0,37.93626707132018,0.0,1,1,0,0,1,1,2612,0,0,0,0,0
2020-06-26,US,Kansas,Grant,40,1,0,37.56227336,-101.3079758,20067.0,559.4405594405595,2.5,39,37,1,0,36,37,7336,3,0,0,3,0
2020-06-26,US,Kansas,Gray,24,0,0,37.73836671,-100.4369088,20069.0,400.80160320641284,0.0,24,24,0,0,24,24,6033,0,0,0,0,0
2020-06-26,US,Kansas,Greenwood,11,0,0,37.8774388,-96.23250453,20073.0,183.884988298228,0.0,11,11,0,0,11,11,6055,0,0,0,0,0
2020-06-26,US,Kansas,Hamilton,29,0,0,37.99978709,-101.7921066,20075.0,1142.1819614021267,0.0,29,29,0,0,29,29,2607,0,0,0,0,0
2020-06-26,US,Kansas,Harper,2,0,0,37.19175361,-98.07578384,20077.0,36.79175864606328,0.0,2,2,0,0,2,2,5506,0,0,0,0,0
2020-06-26,US,Kansas,Harvey,28,0,0,38.04293782,-97.42747573,20079.0,81.32678846321416,0.0,28,28,0,0,28,24,34210,0,0,0,0,4
2020-06-26,US,Kansas,Haskell,23,0,0,37.562039399999996,-100.8710738,20081.0,579.6370967741935,0.0,23,23,0,0,23,23,3997,0,0,0,0,0
2020-06-26,US,Kansas,Hodgeman,9,0,0,38.08780079,-99.89829881,20083.0,501.6722408026756,0.0,9,9,0,0,9,9,1818,0,0,0,0,0
2020-06-26,US,Kansas,Jackson,105,1,0,39.41673394,-95.79356799,20085.0,797.2059828410902,0.9523809523809524,104,105,1,0,104,105,13280,0,0,0,0,0
2020-06-26,US,Kansas,Jefferson,24,0,0,39.2347941,-95.38289232,20087.0,126.03056241138478,0.0,24,24,0,0,24,25,18975,0,0,0,0,-1
2020-06-26,US,Kansas,Jewell,4,0,0,39.78470589,-98.21820662,20089.0,138.9371309482459,0.0,4,4,0,0,4,4,2841,0,0,0,0,0
2020-06-26,US,Kansas,Johnson,1490,83,0,38.88548175,-94.82250877,20091.0,247.34354690646262,5.570469798657718,1407,1427,81,0,1346,1370,597555,63,2,0,61,57
2020-06-26,US,Kansas,Kearny,48,1,0,38.00017981,-101.32168100000001,20093.0,1250.6513809275666,2.083333333333333,47,47,1,0,46,47,3943,1,0,0,1,0
2020-06-26,US,Kansas,Kiowa,4,0,0,37.55848695,-99.2856537,20097.0,161.6161616161616,0.0,4,3,0,0,3,3,2516,1,0,0,1,0
2020-06-26,US,Kansas,Labette,55,0,0,37.19113093,-95.29849679,20099.0,280.354776225915,0.0,55,50,0,0,50,50,19964,5,0,0,5,0
2020-06-26,US,Kansas,Lane,5,0,0,38.48119447,-100.46607540000001,20101.0,325.73289902280135,0.0,5,5,0,0,5,5,1560,0,0,0,0,0
2020-06-26,US,Kansas,Leavenworth,1146,7,0,39.20183497,-95.03620809,20103.0,1401.6976931921035,0.6108202443280978,1139,1137,7,0,1130,1137,81352,9,0,0,9,0
2020-06-26,US,Kansas,Linn,13,0,0,38.21267844,-94.84254089,20107.0,133.97918169638257,0.0,13,12,0,0,12,12,9750,1,0,0,1,0
2020-06-26,US,Kansas,Logan,1,0,0,38.91735806,-101.148475,20109.0,35.79098067287043,0.0,1,1,0,0,1,1,2844,0,0,0,0,0
2020-06-26,US,Kansas,Lyon,479,6,0,38.45576156,-96.15275715,20111.0,1442.9884018677512,1.2526096033402925,473,479,6,0,473,479,33406,0,0,0,0,0
2020-06-26,US,Kansas,Marion,8,1,0,38.35855394,-97.09852509999999,20115.0,67.31740154830024,12.5,7,7,1,0,6,7,11950,1,0,0,1,0
2020-06-26,US,Kansas,Marshall,1,0,0,39.78359669,-96.52278974,20117.0,10.301844030081384,0.0,1,1,0,0,1,1,9722,0,0,0,0,0
2020-06-26,US,Kansas,McPherson,60,0,0,38.39184858,-97.64769869,20113.0,210.2165230187093,0.0,60,54,0,0,54,49,28537,6,0,0,6,5
2020-06-26,US,Kansas,Meade,30,0,0,37.23859987,-100.36483100000001,20119.0,743.86312918423,0.0,30,30,0,0,30,30,4146,0,0,0,0,0
2020-06-26,US,Kansas,Miami,26,0,0,38.56383358,-94.83832189,20121.0,75.941233168794,0.0,26,26,0,0,26,26,33680,0,0,0,0,0
2020-06-26,US,Kansas,Mitchell,4,0,0,39.39331582,-98.20906732,20123.0,66.9008195350393,0.0,4,4,0,0,4,4,6150,0,0,0,0,0
2020-06-26,US,Kansas,Montgomery,32,3,0,37.19236568,-95.74329258,20125.0,100.53724590781992,9.375,29,32,3,0,29,26,32120,0,0,0,0,6
2020-06-26,US,Kansas,Morris,5,0,0,38.68827511,-96.65128437,20127.0,88.96797153024912,0.0,5,5,0,0,5,5,5521,0,0,0,0,0
2020-06-26,US,Kansas,Morton,6,1,0,37.19141121,-101.79925190000002,20129.0,231.92887514495555,16.666666666666668,5,6,1,0,5,6,2667,0,0,0,0,0
2020-06-26,US,Kansas,Nemaha,24,0,0,39.78345387,-96.01392079,20131.0,234.58117486071743,0.0,24,24,0,0,24,24,10155,0,0,0,0,0
2020-06-26,US,Kansas,Neosho,23,0,0,37.55862897,-95.30670046,20133.0,143.687136877616,0.0,23,17,0,0,17,17,15951,6,0,0,6,0
2020-06-26,US,Kansas,Ness,4,0,0,38.47974157,-99.91547333,20135.0,145.45454545454547,0.0,4,4,0,0,4,4,2840,0,0,0,0,0
2020-06-26,US,Kansas,Norton,3,0,0,39.78443827,-99.90286639,20137.0,55.95970900951315,0.0,3,3,0,0,3,3,5430,0,0,0,0,0
2020-06-26,US,Kansas,Osage,11,0,0,38.65235984,-95.72707998,20139.0,68.96984136936486,0.0,11,10,0,0,10,10,15941,1,0,0,1,0
2020-06-26,US,Kansas,Osborne,2,0,0,39.3503437,-98.76753828,20141.0,58.46243788365975,0.0,2,2,0,0,2,2,3475,0,0,0,0,0
2020-06-26,US,Kansas,Ottawa,5,0,0,39.13237408,-97.65020313,20143.0,87.6577840112202,0.0,5,4,0,0,4,4,5802,1,0,0,1,0
2020-06-26,US,Kansas,Pawnee,3,0,0,38.18108732,-99.23692334,20145.0,46.772684752104766,0.0,3,3,0,0,3,3,6562,0,0,0,0,0
2020-06-26,US,Kansas,Phillips,3,0,0,39.78465501,-99.34668865,20147.0,57.3175391669851,0.0,3,3,0,0,3,3,5317,0,0,0,0,0
2020-06-26,US,Kansas,Pottawatomie,58,0,0,39.37925655,-96.34564657,20149.0,237.87064758233197,0.0,58,51,0,0,51,51,24277,7,0,0,7,0
2020-06-26,US,Kansas,Pratt,6,0,0,37.64780729,-98.73922153,20151.0,65.47359231776517,0.0,6,6,0,0,6,6,9378,0,0,0,0,0
2020-06-26,US,Kansas,Reno,60,0,0,37.95230263,-98.08607292,20155.0,96.77731539727087,0.0,60,59,0,0,59,58,62342,1,0,0,1,1
2020-06-26,US,Kansas,Republic,9,0,0,39.82799632,-97.65036709,20157.0,194.13287316652287,0.0,9,8,0,0,8,8,4664,1,0,0,1,0
2020-06-26,US,Kansas,Rice,4,0,0,38.34616184,-98.19992118,20159.0,41.94191045402118,0.0,4,4,0,0,4,4,9531,0,0,0,0,0
2020-06-26,US,Kansas,Riley,184,3,0,39.28935726,-96.73420026,20161.0,247.87153788123717,1.6304347826086956,181,156,3,0,153,156,73703,28,0,0,28,0
2020-06-26,US,Kansas,Rooks,6,0,0,39.35022773,-99.32484567,20163.0,121.95121951219512,0.0,6,6,0,0,6,6,5013,0,0,0,0,0
2020-06-26,US,Kansas,Saline,93,2,0,38.78369175,-97.65185177,20169.0,171.51077013868397,2.150537634408602,91,72,2,0,70,72,54401,21,0,0,21,0
2020-06-26,US,Kansas,Scott,16,0,0,38.48222076,-100.90665390000001,20171.0,331.74372797014314,0.0,16,16,0,0,16,16,4897,0,0,0,0,0
2020-06-26,US,Kansas,Sedgwick,1026,28,0,37.6842718,-97.4608198,20173.0,198.82102619554226,2.729044834307992,998,1001,28,0,973,958,513607,25,0,0,25,43
2020-06-26,US,Kansas,Seward,1001,2,0,37.19324632,-100.85072009999999,20175.0,4671.457905544148,0.1998001998001998,999,991,2,0,989,991,21780,10,0,0,10,0
2020-06-26,US,Kansas,Shawnee,576,9,0,39.04100763,-95.75572640000001,20177.0,325.6537102473498,1.5625,567,546,9,0,537,535,177499,30,0,0,30,11
2020-06-26,US,Kansas,Sheridan,3,0,0,39.35018161,-100.44182590000001,20179.0,119.00039666798891,0.0,3,3,0,0,3,3,2533,0,0,0,0,0
2020-06-26,US,Kansas,Sherman,7,0,0,39.35147699,-101.71976240000001,20181.0,118.30319418624303,0.0,7,7,0,0,7,7,5899,0,0,0,0,0
2020-06-26,US,Kansas,Smith,3,0,0,39.78516566,-98.78566062,20183.0,83.72871895060004,0.0,3,3,0,0,3,3,3603,0,0,0,0,0
2020-06-26,US,Kansas,Stafford,1,0,0,38.03100851,-98.71762001,20185.0,24.06159769008662,0.0,1,1,0,0,1,1,4178,0,0,0,0,0
2020-06-26,US,Kansas,Stanton,10,0,0,37.56304714,-101.78435340000001,20187.0,498.5044865403789,0.0,10,10,0,0,10,10,1987,0,0,0,0,0
2020-06-26,US,Kansas,Stevens,31,0,0,37.1923008,-101.3118967,20189.0,565.1777575205105,0.0,31,30,0,0,30,30,5559,1,0,0,1,0
2020-06-26,US,Kansas,Sumner,11,1,0,37.23682549,-97.47721621,20191.0,48.169556840077064,9.090909090909092,10,10,1,0,9,10,22996,1,0,0,1,0
2020-06-26,US,Kansas,Thomas,15,0,0,39.35107575,-101.0553705,20193.0,192.87643050019287,0.0,15,14,0,0,14,14,7711,1,0,0,1,0
2020-06-26,US,Kansas,Trego,1,0,0,38.91467218,-99.87284448,20195.0,35.676061362825536,0.0,1,1,0,0,1,1,2793,0,0,0,0,0
2020-06-26,US,Kansas,Unassigned,0,1,0,0.0,0.0,90020.0,0.0,0.0,-1,0,1,0,-1,0,,0,0,0,0,0
2020-06-26,US,Kansas,Wabaunsee,34,0,0,38.95471985,-96.20350509,20197.0,490.5497042273842,0.0,34,33,0,0,33,33,6899,1,0,0,1,0
2020-06-26,US,Kansas,Washington,1,0,0,39.78420784,-97.08753229999999,20201.0,18.49796522382538,0.0,1,1,0,0,1,1,5420,0,0,0,0,0
2020-06-26,US,Kansas,Wilson,1,0,0,37.55937174,-95.74323255,20205.0,11.730205278592374,0.0,1,1,0,0,1,1,8665,0,0,0,0,0
2020-06-26,US,Kansas,Woodson,8,0,0,37.8865336,-95.74006277,20207.0,254.93945188017844,0.0,8,6,0,0,6,6,3183,2,0,0,2,0
2020-06-26,US,Kansas,Wyandotte,2082,79,0,39.11727348,-94.76378225,20209.0,1258.5459623161598,3.7944284341978864,2003,2016,78,0,1938,1988,165324,66,1,0,65,28
2020-06-26,US,Kentucky,Adair,111,19,0,37.10459774,-85.28129668,21001.0,578.0647849182377,17.117117117117118,92,110,19,0,91,108,19215,1,0,0,1,2
2020-06-26,US,Kentucky,Allen,163,5,0,36.75197631,-86.19457544,21003.0,764.7196809758386,3.0674846625766867,158,159,5,0,154,157,21122,4,0,0,4,2
2020-06-26,US,Kentucky,Anderson,26,1,0,38.00671029,-84.99171713,21005.0,114.30078691695608,3.8461538461538463,25,26,1,0,25,26,22663,0,0,0,0,0
2020-06-26,US,Kentucky,Ballard,14,0,0,37.05842757,-88.99427697,21007.0,177.4847870182556,0.0,14,14,0,0,14,14,7979,0,0,0,0,0
2020-06-26,US,Kentucky,Barren,84,2,0,36.96469836,-85.93338945,21009.0,189.83479852652042,2.380952380952381,82,82,2,0,80,76,44176,2,0,0,2,6
2020-06-26,US,Kentucky,Bath,12,1,0,38.14735938,-83.74588932,21011.0,96.0,8.333333333333334,11,11,1,0,10,11,12383,1,0,0,1,0
2020-06-26,US,Kentucky,Bell,7,0,0,36.73355174,-83.67766671,21013.0,26.8899815611555,0.0,7,6,0,0,6,6,26569,1,0,0,1,0
2020-06-26,US,Kentucky,Boone,590,23,0,38.97065142,-84.72615357,21015.0,441.67958017981596,3.8983050847457625,567,588,23,0,565,580,131533,2,0,0,2,8
2020-06-26,US,Kentucky,Bourbon,29,1,0,38.2054607,-84.21827874,21017.0,146.55346674752374,3.4482758620689653,28,28,1,0,27,27,20184,1,0,0,1,1
2020-06-26,US,Kentucky,Boyd,59,3,0,38.36176608,-82.68652187,21019.0,126.28965281047992,5.084745762711863,56,55,3,0,52,54,47240,4,0,0,4,1
2020-06-26,US,Kentucky,Boyle,38,0,0,37.62680923,-84.8633779,21021.0,126.41383898868929,0.0,38,38,0,0,38,37,30100,0,0,0,0,1
2020-06-26,US,Kentucky,Bracken,17,0,0,38.69158994,-84.08532444,21023.0,204.74527279296643,0.0,17,17,0,0,17,17,8239,0,0,0,0,0
2020-06-26,US,Kentucky,Breathitt,8,0,0,37.52333168,-83.31959161,21025.0,63.34125098970705,0.0,8,7,0,0,7,6,12726,1,0,0,1,1
2020-06-26,US,Kentucky,Breckinridge,24,2,0,37.77377239,-86.42885017,21027.0,117.2046686526347,8.333333333333334,22,24,2,0,22,24,20388,0,0,0,0,0
2020-06-26,US,Kentucky,Bullitt,149,4,0,37.97162523,-85.68955617,21029.0,182.42813066261814,2.684563758389262,145,148,4,0,144,148,81069,1,0,0,1,0
2020-06-26,US,Kentucky,Butler,247,14,0,37.20946153,-86.68748787,21031.0,1917.8507648109326,5.668016194331983,233,247,14,0,233,247,12772,0,0,0,0,0
2020-06-26,US,Kentucky,Caldwell,13,0,0,37.14749129,-87.86948214,21033.0,101.98478073272142,0.0,13,13,0,0,13,13,12715,0,0,0,0,0
2020-06-26,US,Kentucky,Calloway,78,1,0,36.62093411,-88.2731593,21035.0,199.9948719263609,1.2820512820512822,77,75,1,0,74,71,39135,3,0,0,3,4
2020-06-26,US,Kentucky,Campbell,242,12,0,38.94384345,-84.37875208,21037.0,258.591212173021,4.958677685950414,230,238,12,0,226,236,93152,4,0,0,4,2
2020-06-26,US,Kentucky,Carlisle,5,1,0,36.85372876,-88.96692220000001,21039.0,105.04201680672269,20.0,4,5,1,0,4,5,4771,0,0,0,0,0
2020-06-26,US,Kentucky,Carroll,35,0,0,38.66599534,-85.12601074,21041.0,329.2258489323676,0.0,35,30,0,0,30,30,10737,5,0,0,5,0
2020-06-26,US,Kentucky,Carter,22,0,0,38.31690743,-83.05092385,21043.0,82.09874239653692,0.0,22,22,0,0,22,21,27004,0,0,0,0,1
2020-06-26,US,Kentucky,Casey,15,0,0,37.32533118,-84.92726209,21045.0,92.82752645584505,0.0,15,14,0,0,14,13,15888,1,0,0,1,1
2020-06-26,US,Kentucky,Christian,186,4,0,36.89267803,-87.49055367,21047.0,263.97581640907737,2.150537634408602,182,183,4,0,179,183,71671,3,0,0,3,0
2020-06-26,US,Kentucky,Clark,96,5,0,37.9689263,-84.14615986,21049.0,264.7326476022392,5.208333333333333,91,96,4,0,92,94,36249,0,1,0,-1,2
2020-06-26,US,Kentucky,Clay,46,3,0,37.16451126,-83.712575,21051.0,231.14416360986885,6.521739130434782,43,44,3,0,41,39,20105,2,0,0,2,5
2020-06-26,US,Kentucky,Clinton,5,0,0,36.72581156,-85.13377529,21053.0,48.933255040125275,0.0,5,5,0,0,5,5,10206,0,0,0,0,0
2020-06-26,US,Kentucky,Crittenden,8,1,0,37.35839237,-88.08826090000002,21055.0,90.84714967067907,12.5,7,8,1,0,7,8,8915,0,0,0,0,0
2020-06-26,US,Kentucky,Cumberland,6,0,0,36.78926125,-85.39050034,21057.0,90.71666162685213,0.0,6,6,0,0,6,6,6659,0,0,0,0,0
2020-06-26,US,Kentucky,Daviess,421,8,0,37.73028906,-87.09019479999998,21059.0,414.7333786486194,1.9002375296912115,413,414,8,0,406,407,101104,7,0,0,7,7
2020-06-26,US,Kentucky,Edmonson,74,11,0,37.21218923,-86.23955613,21061.0,609.0534979423868,14.864864864864865,63,74,11,0,63,74,12274,0,0,0,0,0
2020-06-26,US,Kentucky,Elliott,3,0,0,38.11624059,-83.09771563,21063.0,39.90953837967274,0.0,3,3,0,0,3,3,7508,0,0,0,0,0
2020-06-26,US,Kentucky,Estill,4,0,0,37.69241417,-83.95956369,21065.0,28.356727633631078,0.0,4,4,0,0,4,5,14198,0,0,0,0,-1
2020-06-26,US,Kentucky,Fayette,1326,21,0,38.0368225,-84.45576892,21067.0,410.3332178046245,1.5837104072398192,1305,1293,21,0,1272,1240,323780,33,0,0,33,53
2020-06-26,US,Kentucky,Fleming,15,0,0,38.36758311,-83.69657514,21069.0,102.87360263356425,0.0,15,14,0,0,14,14,14432,1,0,0,1,0
2020-06-26,US,Kentucky,Floyd,26,0,0,37.56213922,-82.74750924,21071.0,73.05628143527494,0.0,26,26,0,0,26,26,35845,0,0,0,0,0
2020-06-26,US,Kentucky,Franklin,123,3,0,38.2379395,-84.87962551,21073.0,241.2190386538801,2.4390243902439024,120,123,3,0,120,120,50815,0,0,0,0,3
2020-06-26,US,Kentucky,Fulton,19,0,0,36.55238827,-89.20140068,21075.0,318.3112749204222,0.0,19,18,0,0,18,16,6120,1,0,0,1,2
2020-06-26,US,Kentucky,Gallatin,59,7,0,38.75398691,-84.8558382,21077.0,665.2384710790392,11.864406779661017,52,58,7,0,51,58,8832,1,0,0,1,0
2020-06-26,US,Kentucky,Garrard,17,0,0,37.638866799999995,-84.53289319,21079.0,96.23004641684591,0.0,17,17,0,0,17,16,17560,0,0,0,0,1
2020-06-26,US,Kentucky,Grant,57,4,0,38.64962758,-84.62415957,21081.0,227.37245203239058,7.0175438596491215,53,57,4,0,53,55,25121,0,0,0,0,2
2020-06-26,US,Kentucky,Graves,192,21,0,36.72292505,-88.65143315,21083.0,515.2149412332958,10.9375,171,190,21,0,169,188,37317,2,0,0,2,2
2020-06-26,US,Kentucky,Grayson,137,10,0,37.46231118,-86.34248968,21085.0,518.4092027093503,7.299270072992702,127,137,10,0,127,137,26321,0,0,0,0,0
2020-06-26,US,Kentucky,Green,4,1,0,37.26484328,-85.5540745,21087.0,36.55972945800201,25.0,3,4,1,0,3,4,11049,0,0,0,0,0
2020-06-26,US,Kentucky,Greenup,28,0,0,38.54332505,-82.9215658,21089.0,79.77662544874352,0.0,28,28,0,0,28,22,35268,0,0,0,0,6
2020-06-26,US,Kentucky,Hancock,17,0,0,37.83766422,-86.78280584,21091.0,194.90942444393485,0.0,17,16,0,0,16,15,8758,1,0,0,1,1
2020-06-26,US,Kentucky,Hardin,140,5,0,37.6976111,-85.96319251,21093.0,126.1738675895384,3.571428571428572,135,138,5,0,133,136,110356,2,0,0,2,2
2020-06-26,US,Kentucky,Harlan,18,2,0,36.85699301,-83.21899516,21095.0,69.20415224913495,11.111111111111109,16,18,2,0,16,18,26409,0,0,0,0,0
2020-06-26,US,Kentucky,Harrison,66,0,0,38.44188174,-84.32869741,21097.0,349.4652123265912,0.0,66,66,0,0,66,65,18778,0,0,0,0,1
2020-06-26,US,Kentucky,Hart,39,0,0,37.29943898,-85.88461055,21099.0,204.8857368006304,0.0,39,39,0,0,39,39,18906,0,0,0,0,0
2020-06-26,US,Kentucky,Henderson,155,3,0,37.79344553,-87.57392021,21101.0,342.844503428445,1.935483870967742,152,155,3,0,152,154,45591,0,0,0,0,1
2020-06-26,US,Kentucky,Henry,33,2,0,38.44942688,-85.11587507,21103.0,204.63847203274216,6.0606060606060606,31,32,2,0,30,31,16106,1,0,0,1,1
2020-06-26,US,Kentucky,Hickman,5,0,0,36.67948079999999,-88.97875928,21105.0,114.15525114155253,0.0,5,5,0,0,5,5,4421,0,0,0,0,0
2020-06-26,US,Kentucky,Hopkins,247,32,0,37.30939025,-87.54670406,21107.0,552.7458264333349,12.955465587044534,215,242,32,0,210,241,45068,5,0,0,5,1
2020-06-26,US,Kentucky,Jackson,100,13,0,37.41866422,-83.99825483,21109.0,750.2438292445046,13.0,87,96,13,0,83,94,13442,4,0,0,4,2
2020-06-26,US,Kentucky,Jefferson,3765,190,0,38.18664655,-85.65931031,21111.0,491.0291004842473,5.046480743691898,3575,3714,187,0,3527,3682,770517,51,3,0,48,32
2020-06-26,US,Kentucky,Jessamine,101,0,0,37.87119786,-84.58252003,21113.0,186.6395638917121,0.0,101,101,0,0,101,100,53920,0,0,0,0,1
2020-06-26,US,Kentucky,Johnson,10,0,0,37.85106355,-82.8264322,21115.0,45.06940688660537,0.0,10,10,0,0,10,10,22386,0,0,0,0,0
2020-06-26,US,Kentucky,Kenton,777,36,0,38.93950319,-84.53241199,21117.0,465.27503323393097,4.633204633204633,741,759,36,0,723,741,166051,18,0,0,18,18
2020-06-26,US,Kentucky,Knott,7,0,0,37.35388197,-82.94981134,21119.0,47.278130487640155,0.0,7,7,0,0,7,5,15126,0,0,0,0,2
2020-06-26,US,Kentucky,Knox,20,0,0,36.89225732,-83.85403396,21121.0,64.21576497030021,0.0,20,16,0,0,16,16,31304,4,0,0,4,0
2020-06-26,US,Kentucky,Larue,15,1,0,37.54567114,-85.70138352,21123.0,104.18113626892624,6.666666666666668,14,11,1,0,10,11,14307,4,0,0,4,0
2020-06-26,US,Kentucky,Laurel,79,3,0,37.10975748,-84.11321779,21125.0,129.90643447946985,3.79746835443038,76,71,3,0,68,63,60669,8,0,0,8,8
2020-06-26,US,Kentucky,Lawrence,6,0,0,38.07136018,-82.72882223,21127.0,39.17216165045375,0.0,6,5,0,0,5,5,15571,1,0,0,1,0
2020-06-26,US,Kentucky,Lee,1,0,0,37.59645942,-83.71513901,21129.0,13.508037282182901,0.0,1,1,0,0,1,1,7033,0,0,0,0,0
2020-06-26,US,Kentucky,Leslie,8,0,0,37.09246661,-83.37999606,21131.0,80.99625392325605,0.0,8,8,0,0,8,8,10143,0,0,0,0,0
2020-06-26,US,Kentucky,Letcher,14,0,0,37.12306748,-82.85346474,21133.0,64.95615459564793,0.0,14,14,0,0,14,13,21899,0,0,0,0,1
2020-06-26,US,Kentucky,Lewis,18,0,0,38.53184419,-83.37735618,21135.0,135.59322033898306,0.0,18,18,0,0,18,16,13257,0,0,0,0,2
2020-06-26,US,Kentucky,Lincoln,24,1,0,37.45475628,-84.6565327,21137.0,97.76365636074787,4.166666666666667,23,24,1,0,23,21,24644,0,0,0,0,3
2020-06-26,US,Kentucky,Livingston,9,0,0,37.21137452,-88.34797529,21139.0,97.88992821405265,0.0,9,8,0,0,8,8,9242,1,0,0,1,0
2020-06-26,US,Kentucky,Logan,211,11,0,36.85949479,-86.877635,21141.0,778.5403291270018,5.213270142180095,200,210,11,0,199,208,26989,1,0,0,1,2
2020-06-26,US,Kentucky,Lyon,19,3,0,37.02080035,-88.07886257,21143.0,231.42509135200973,15.789473684210524,16,17,3,0,14,17,8009,2,0,0,2,0
2020-06-26,US,Kentucky,Madison,107,1,0,37.71659336,-84.27220275,21151.0,115.06984847344252,0.9345794392523364,106,106,1,0,105,103,92368,1,0,0,1,3
2020-06-26,US,Kentucky,Magoffin,5,0,0,37.70820545,-83.0657714,21153.0,41.115039881588686,0.0,5,5,0,0,5,5,12362,0,0,0,0,0
2020-06-26,US,Kentucky,Marion,49,0,0,37.55218078,-85.26898542,21155.0,254.24168525917085,0.0,49,49,0,0,49,48,19404,0,0,0,0,1
2020-06-26,US,Kentucky,Marshall,53,2,0,36.88007070000001,-88.32803576,21157.0,170.41800643086816,3.7735849056603774,51,53,2,0,51,53,31191,0,0,0,0,0
2020-06-26,US,Kentucky,Martin,5,0,0,37.79990579,-82.51247478,21159.0,44.662795891022775,0.0,5,5,0,0,5,5,11323,0,0,0,0,0
2020-06-26,US,Kentucky,Mason,28,0,0,38.59471935,-83.82151043,21161.0,164.03046280023432,0.0,28,28,0,0,28,28,17150,0,0,0,0,0
2020-06-26,US,Kentucky,McCracken,153,3,0,37.05350953,-88.70445755,21145.0,233.88058332569017,1.96078431372549,150,151,3,0,148,150,65346,2,0,0,2,1
2020-06-26,US,Kentucky,McCreary,17,0,0,36.73874143,-84.48102924,21147.0,98.65939295455864,0.0,17,17,0,0,17,16,17408,0,0,0,0,1
2020-06-26,US,Kentucky,McLean,24,1,0,37.5301951,-87.26803443,21149.0,260.67122841316393,4.166666666666667,23,24,1,0,23,24,9252,0,0,0,0,0
2020-06-26,US,Kentucky,Meade,25,2,0,37.96163597,-86.21028219,21163.0,87.49825003499929,8.0,23,25,2,0,23,25,28715,0,0,0,0,0
2020-06-26,US,Kentucky,Menifee,12,0,0,37.94090733,-83.59985712,21165.0,184.9283402681461,0.0,12,12,0,0,12,12,6451,0,0,0,0,0
2020-06-26,US,Kentucky,Mercer,23,0,0,37.81474237,-84.87488475,21167.0,104.86481557470478,0.0,23,17,0,0,17,17,21774,6,0,0,6,0
2020-06-26,US,Kentucky,Metcalfe,9,2,0,36.99459295,-85.63123699,21169.0,89.36550491510279,22.222222222222218,7,9,2,0,7,9,10030,0,0,0,0,0
2020-06-26,US,Kentucky,Monroe,34,1,0,36.71225341,-85.71596443,21171.0,319.2488262910798,2.9411764705882355,33,34,0,0,34,34,10718,0,1,0,-1,0
2020-06-26,US,Kentucky,Montgomery,46,0,0,38.03253032,-83.9145241,21173.0,163.3696771673119,0.0,46,46,0,0,46,46,28203,0,0,0,0,0
2020-06-26,US,Kentucky,Morgan,8,0,0,37.92465657,-83.25558245,21175.0,60.10970020287024,0.0,8,8,0,0,8,8,13345,0,0,0,0,0
2020-06-26,US,Kentucky,Muhlenberg,494,8,0,37.21425819,-87.14632053,21177.0,1613.2192541310171,1.6194331983805668,486,494,8,0,486,492,30774,0,0,0,0,2
2020-06-26,US,Kentucky,Nelson,67,1,0,37.80335779,-85.4657193,21179.0,144.91813207016634,1.492537313432836,66,67,1,0,66,65,45851,0,0,0,0,2
2020-06-26,US,Kentucky,Nicholas,5,0,0,38.33342292,-84.01889177,21181.0,68.78525244187647,0.0,5,5,0,0,5,5,7166,0,0,0,0,0
2020-06-26,US,Kentucky,Ohio,176,0,0,37.47751843,-86.85368087,21183.0,733.5167125114612,0.0,176,174,0,0,174,173,24087,2,0,0,2,1
2020-06-26,US,Kentucky,Oldham,129,6,0,38.39791089,-85.448222,21185.0,193.11666342310517,4.651162790697675,123,126,6,0,120,126,66470,3,0,0,3,0
2020-06-26,US,Kentucky,Owen,6,0,0,38.51679143,-84.82404619,21187.0,55.04082194294103,0.0,6,6,0,0,6,6,10880,0,0,0,0,0
2020-06-26,US,Kentucky,Owsley,2,0,0,37.42823949,-83.68811419,21189.0,45.30011325028314,0.0,2,2,0,0,2,2,4472,0,0,0,0,0
2020-06-26,US,Kentucky,Pendleton,15,0,0,38.69607718,-84.35599463,21191.0,102.8101439342015,0.0,15,15,0,0,15,15,14529,0,0,0,0,0
2020-06-26,US,Kentucky,Perry,56,1,0,37.25023553,-83.22922731,21193.0,217.40818386520687,1.7857142857142858,55,55,1,0,54,53,26092,1,0,0,1,2
2020-06-26,US,Kentucky,Pike,71,2,0,37.47088263,-82.39487445,21195.0,122.67606607229249,2.8169014084507036,69,68,2,0,66,68,58402,3,0,0,3,0
2020-06-26,US,Kentucky,Powell,6,0,0,37.83218794,-83.82553961,21197.0,48.54761712112631,0.0,6,5,0,0,5,5,12442,1,0,0,1,0
2020-06-26,US,Kentucky,Pulaski,88,2,0,37.10466131,-84.57629079,21199.0,135.42836916542268,2.272727272727273,86,84,2,0,82,83,64623,4,0,0,4,1
2020-06-26,US,Kentucky,Rockcastle,18,0,0,37.36642393,-84.31176452,21203.0,107.81671159029648,0.0,18,18,0,0,18,18,16750,0,0,0,0,0
2020-06-26,US,Kentucky,Rowan,19,0,0,38.19484205,-83.42088935,21205.0,77.6778413736713,0.0,19,18,0,0,18,18,24583,1,0,0,1,0
2020-06-26,US,Kentucky,Russell,39,4,0,36.99308373,-85.06070117,21207.0,217.59750041845672,10.256410256410255,35,39,4,0,35,39,17821,0,0,0,0,0
2020-06-26,US,Kentucky,Scott,83,0,0,38.29622293,-84.5816631,21209.0,145.60381727598062,0.0,83,79,0,0,79,76,56031,4,0,0,4,3
2020-06-26,US,Kentucky,Shelby,400,10,0,38.21476019,-85.194223,21211.0,815.9268929503917,2.5,390,391,10,0,381,378,48518,9,0,0,9,13
2020-06-26,US,Kentucky,Simpson,72,3,0,36.74058474,-86.58047435,21213.0,387.6803790652596,4.166666666666667,69,69,3,0,66,69,18529,3,0,0,3,0
2020-06-26,US,Kentucky,Spencer,33,0,0,38.03223971,-85.32749335,21215.0,170.53382254147073,0.0,33,33,0,0,33,33,18794,0,0,0,0,0
2020-06-26,US,Kentucky,Taylor,37,1,0,37.3677562,-85.3329931,21217.0,143.58337537351082,2.702702702702702,36,38,1,0,37,34,25549,-1,0,0,-1,4
2020-06-26,US,Kentucky,Todd,25,0,0,36.8381152,-87.17878374,21219.0,203.35122824141857,0.0,25,24,0,0,24,24,12311,1,0,0,1,0
2020-06-26,US,Kentucky,Trigg,23,0,0,36.80767017,-87.87333656,21221.0,156.98587127158555,0.0,23,23,0,0,23,23,14643,0,0,0,0,0
2020-06-26,US,Kentucky,Trimble,6,0,0,38.61056487,-85.33775972,21223.0,70.82989021367017,0.0,6,6,0,0,6,6,8515,0,0,0,0,0
2020-06-26,US,Kentucky,Union,28,0,0,37.66166713,-87.94300009,21225.0,194.70134204853628,0.0,28,26,0,0,26,25,14505,2,0,0,2,1
2020-06-26,US,Kentucky,Warren,1455,13,0,36.99903045,-86.42672751,21227.0,1094.8410787382616,0.8934707903780069,1442,1426,11,0,1415,1398,131264,29,2,0,27,28
2020-06-26,US,Kentucky,Washington,21,0,0,37.75599461,-85.17407732,21229.0,173.62546506821,0.0,21,21,0,0,21,21,12084,0,0,0,0,0
2020-06-26,US,Kentucky,Wayne,13,0,0,36.80310688,-84.8251971,21231.0,63.93547435203857,0.0,13,13,0,0,13,13,20468,0,0,0,0,0
2020-06-26,US,Kentucky,Webster,40,0,0,37.52168356,-87.67989953,21233.0,309.0712409210323,0.0,40,40,0,0,40,39,13111,0,0,0,0,1
2020-06-26,US,Kentucky,Whitley,24,0,0,36.75700531,-84.14541217,21235.0,66.18133686300463,0.0,24,24,0,0,24,24,36242,0,0,0,0,0
2020-06-26,US,Kentucky,Wolfe,2,0,0,37.73941626,-83.49303612,21237.0,27.944669554282516,0.0,2,2,0,0,2,2,7177,0,0,0,0,0
2020-06-26,US,Kentucky,Woodford,64,0,0,38.04178222,-84.7417556,21239.0,239.39552629610236,0.0,64,64,0,0,64,63,26533,0,0,0,0,1
2020-06-26,US,Louisiana,Acadia,783,36,0,30.295064899999996,-92.41419698,22001.0,1261.9872673059876,4.597701149425287,747,745,35,0,710,726,62190,38,1,0,37,19
2020-06-26,US,Louisiana,Allen,274,10,0,30.65385745,-92.82442028,22003.0,1069.184844109728,3.6496350364963503,264,257,10,0,247,257,25605,17,0,0,17,0
2020-06-26,US,Louisiana,Ascension,1115,58,0,30.20406249,-90.91328409999998,22005.0,880.6988720735521,5.201793721973094,1057,1094,58,0,1036,1070,124672,21,0,0,21,24
2020-06-26,US,Louisiana,Assumption,338,14,0,29.89946234,-91.06461642,22007.0,1544.0135215385321,4.142011834319527,324,334,14,0,320,334,22300,4,0,0,4,0
2020-06-26,US,Louisiana,Avoyelles,294,11,0,31.07796211,-92.00079449,22009.0,732.363491430849,3.741496598639456,283,277,11,0,266,254,40462,17,0,0,17,23
2020-06-26,US,Louisiana,Beauregard,184,8,0,30.64836518,-93.34173616,22011.0,490.7059231405179,4.3478260869565215,176,173,8,0,165,168,37253,11,0,0,11,5
2020-06-26,US,Louisiana,Bienville,211,26,0,32.34569994,-93.05398492,22013.0,1593.535231477985,12.322274881516588,185,210,26,0,184,210,13308,1,0,0,1,0
2020-06-26,US,Louisiana,Bossier,780,29,0,32.67932307,-93.60460152,22015.0,613.9846818693472,3.717948717948718,751,751,28,0,723,720,127185,29,1,0,28,31
2020-06-26,US,Louisiana,Caddo,3161,232,0,32.57991587,-93.88375652,22017.0,1315.9647632845415,7.339449541284404,2929,3096,230,0,2866,2995,242922,65,2,0,63,101
2020-06-26,US,Louisiana,Calcasieu,1138,54,0,30.22931235,-93.35400434,22019.0,559.3896852081244,4.745166959578207,1084,1061,54,0,1007,1010,203112,77,0,0,77,51
2020-06-26,US,Louisiana,Caldwell,103,1,0,32.0902519,-92.11752148,22021.0,1038.5158298043962,0.9708737864077671,102,102,1,0,101,102,9960,1,0,0,1,0
2020-06-26,US,Louisiana,Cameron,38,0,0,29.87592238,-93.19310676,22023.0,544.9591280653951,0.0,38,36,0,0,36,36,6968,2,0,0,2,0
2020-06-26,US,Louisiana,Catahoula,160,3,0,31.66778967,-91.84526385,22025.0,1685.2749104697705,1.875,157,157,3,0,154,154,9608,3,0,0,3,3
2020-06-26,US,Louisiana,Claiborne,114,11,0,32.82308512,-92.99526883,22027.0,727.5047862156987,9.649122807017543,103,110,11,0,99,109,15944,4,0,0,4,1
2020-06-26,US,Louisiana,Concordia,106,5,0,31.44817835,-91.63814433,22029.0,550.3920245080221,4.716981132075472,101,105,5,0,100,105,19572,1,0,0,1,0
2020-06-26,US,Louisiana,De Soto,329,18,0,32.05457447,-93.74130302,22031.0,1197.9754578887955,5.47112462006079,311,327,18,0,309,324,27436,2,0,0,2,3
2020-06-26,US,Louisiana,East Baton Rouge,4833,268,0,30.53842039,-91.09777565,22033.0,1098.2618239826932,5.545210014483757,4565,4724,266,0,4458,4637,440956,109,2,0,107,87
2020-06-26,US,Louisiana,East Carroll,425,1,0,32.73926954,-91.23425694,22035.0,6194.432298498761,0.2352941176470588,424,385,1,0,384,381,7037,40,0,0,40,4
2020-06-26,US,Louisiana,East Feliciana,288,33,0,30.84425359,-91.04976723,22037.0,1505.0953749673376,11.458333333333336,255,285,33,0,252,276,19305,3,0,0,3,9
2020-06-26,US,Louisiana,Evangeline,168,1,0,30.72985248,-92.39915924,22039.0,503.06932175475373,0.5952380952380952,167,146,1,0,145,140,33443,22,0,0,22,6
2020-06-26,US,Louisiana,Franklin,455,14,0,32.13675181,-91.67589857,22041.0,2273.295028728454,3.0769230769230766,441,448,14,0,434,447,20156,7,0,0,7,1
2020-06-26,US,Louisiana,Grant,82,1,0,31.59882456,-92.56124347,22043.0,366.25128411273386,1.2195121951219512,81,81,1,0,80,81,22482,1,0,0,1,0
2020-06-26,US,Louisiana,Iberia,610,44,0,29.86803617,-91.75871777,22045.0,873.5500501217242,7.213114754098362,566,570,43,0,527,535,70941,40,1,0,39,35
2020-06-26,US,Louisiana,Iberville,692,43,0,30.25734305,-91.3499598,22047.0,2128.510350342961,6.213872832369943,649,689,43,0,646,677,32721,3,0,0,3,12
2020-06-26,US,Louisiana,Jackson,206,16,0,32.30251776,-92.55692092,22049.0,1308.4349593495936,7.766990291262137,190,203,16,0,187,202,15902,3,0,0,3,1
2020-06-26,US,Louisiana,Jefferson,9169,481,0,29.74075478,-90.11115756,22051.0,2120.0343126940784,5.245937397753299,8688,9074,480,0,8594,9003,434051,95,1,0,94,71
2020-06-26,US,Louisiana,Jefferson Davis,316,8,0,30.26896765,-92.81210004,22053.0,1007.3960724305023,2.5316455696202533,308,283,7,0,276,250,31582,33,1,0,32,33
2020-06-26,US,Louisiana,LaSalle,90,0,0,31.67884782,-92.15907765,22059.0,604.351329572925,0.0,90,88,0,0,88,88,14917,2,0,0,2,0
2020-06-26,US,Louisiana,Lafayette,1862,41,0,30.2049055,-92.06959876,22055.0,761.8969679610458,2.201933404940924,1821,1723,37,0,1686,1654,242782,139,4,0,135,69
2020-06-26,US,Louisiana,Lafourche,1071,85,0,29.52470226,-90.40976986,22057.0,1097.1786833855801,7.936507936507938,986,1064,85,0,979,1056,98115,7,0,0,7,8
2020-06-26,US,Louisiana,Lincoln,300,18,0,32.6003154,-92.66597409999999,22061.0,641.8210602883915,6.0,282,294,18,0,276,290,47196,6,0,0,6,4
2020-06-26,US,Louisiana,Livingston,814,37,0,30.44143993,-90.73061664,22063.0,578.1701695444958,4.545454545454546,777,794,36,0,758,768,139567,20,1,0,19,26
2020-06-26,US,Louisiana,Madison,331,2,0,32.36918118,-91.23973355,22065.0,3022.5550178065932,0.6042296072507553,329,324,2,0,322,322,11161,7,0,0,7,2
2020-06-26,US,Louisiana,Morehouse,227,8,0,32.81686191,-91.80421614,22067.0,912.5995014874969,3.524229074889868,219,218,7,0,211,216,25398,9,1,0,8,2
2020-06-26,US,Louisiana,Natchitoches,231,14,0,31.72321584,-93.09816516,22069.0,605.3776403375439,6.0606060606060606,217,213,14,0,199,197,38659,18,0,0,18,16
2020-06-26,US,Louisiana,Orleans,7681,530,0,30.06971951,-89.92660315,22071.0,1968.760252624672,6.900143210519464,7151,7638,529,0,7109,7610,391006,43,1,0,42,28
2020-06-26,US,Louisiana,Ouachita,2199,72,0,32.47645559,-92.15704172,22073.0,1434.6387959211636,3.2742155525238745,2127,2125,72,0,2053,2066,154475,74,0,0,74,59
2020-06-26,US,Louisiana,Plaquemines,252,17,0,29.42245447,-89.60322085,22075.0,1086.3473725050653,6.746031746031746,235,248,17,0,231,245,23410,4,0,0,4,3
2020-06-26,US,Louisiana,Pointe Coupee,231,27,0,30.71409502,-91.60209535,22077.0,1063.0464795213989,11.688311688311687,204,229,27,0,202,226,21940,2,0,0,2,3
2020-06-26,US,Louisiana,Rapides,1453,57,0,31.19778499,-92.52997303,22079.0,1120.7268912748366,3.9229181004817617,1396,1423,56,0,1367,1408,130562,30,1,0,29,15
2020-06-26,US,Louisiana,Red River,56,8,0,32.09530039,-93.34213308,22081.0,663.3499170812604,14.285714285714285,48,54,8,0,46,54,8477,2,0,0,2,0
2020-06-26,US,Louisiana,Richland,168,4,0,32.41391005,-91.76634876,22083.0,834.9070668919591,2.380952380952381,164,160,4,0,156,155,20192,8,0,0,8,5
2020-06-26,US,Louisiana,Sabine,76,1,0,31.56388699,-93.55433981,22085.0,318.20465583654334,1.3157894736842106,75,67,1,0,66,66,24032,9,0,0,9,1
2020-06-26,US,Louisiana,St. Bernard,605,23,0,29.87761636,-89.51887093,22087.0,1280.5858945051225,3.801652892561984,582,602,23,0,579,601,46721,3,0,0,3,1
2020-06-26,US,Louisiana,St. Charles,726,49,0,29.90709658,-90.35555967,22089.0,1367.231638418079,6.74931129476584,677,713,48,0,665,699,52879,13,1,0,12,14
2020-06-26,US,Louisiana,St. Helena,89,1,0,30.82210324,-90.71013176,22091.0,878.4050532964864,1.1235955056179776,88,88,1,0,87,88,10262,1,0,0,1,0
2020-06-26,US,Louisiana,St. James,345,28,0,30.02531716,-90.80212061,22093.0,1635.3811149032992,8.115942028985508,317,340,28,0,312,338,21037,5,0,0,5,2
2020-06-26,US,Louisiana,St. John the Baptist,939,86,0,30.12597499,-90.4753503,22095.0,2192.030254219483,9.158679446219383,853,936,86,0,850,930,43184,3,0,0,3,6
2020-06-26,US,Louisiana,St. Landry,578,57,0,30.59724262,-92.00135806,22097.0,703.813745068433,9.86159169550173,521,540,57,0,483,530,82764,38,0,0,38,10
2020-06-26,US,Louisiana,St. Martin,638,26,0,30.13112107,-91.61403569,22099.0,1194.0633714510302,4.075235109717869,612,606,26,0,580,586,53621,32,0,0,32,20
2020-06-26,US,Louisiana,St. Mary,426,38,0,29.69262097,-91.44702164,22101.0,863.2568695793143,8.92018779342723,388,415,37,0,378,410,49774,11,1,0,10,5
2020-06-26,US,Louisiana,St. Tammany,2211,173,0,30.40942847,-89.95642711,22103.0,849.0163928131204,7.824513794663049,2038,2166,172,0,1994,2131,258111,45,1,0,44,35
2020-06-26,US,Louisiana,Tangipahoa,1248,43,0,30.62888673,-90.40664996,22105.0,926.1045726413273,3.4455128205128207,1205,1218,43,0,1175,1184,133777,30,0,0,30,34
2020-06-26,US,Louisiana,Tensas,24,0,0,32.00760749,-91.32915234,22107.0,553.7609598523304,0.0,24,24,0,0,24,24,4462,0,0,0,0,0
2020-06-26,US,Louisiana,Terrebonne,931,60,0,29.37343766,-90.82626855,22109.0,842.8314065597812,6.44468313641246,871,884,60,0,824,874,111021,47,0,0,47,10
2020-06-26,US,Louisiana,Unassigned,11,113,0,0.0,0.0,90022.0,0.0,1027.2727272727273,-102,10,113,0,-103,8,,1,0,0,1,2
2020-06-26,US,Louisiana,Union,405,24,0,32.83121059,-92.3749373,22111.0,1831.9160484892345,5.925925925925926,381,398,23,0,375,395,22330,7,1,0,6,3
2020-06-26,US,Louisiana,Vermilion,220,5,0,29.83517605,-92.30292538,22113.0,369.6795550402447,2.272727272727273,215,185,5,0,180,175,59830,35,0,0,35,10
2020-06-26,US,Louisiana,Vernon,107,7,0,31.10884837,-93.18153838,22115.0,225.60037108098427,6.542056074766355,100,96,6,0,90,91,48860,11,1,0,10,5
2020-06-26,US,Louisiana,Washington,625,46,0,30.85288548,-90.03866652,22117.0,1352.989565744469,7.36,579,615,45,0,570,607,46582,10,1,0,9,8
2020-06-26,US,Louisiana,Webster,391,10,0,32.70847669,-93.33121835,22119.0,1019.8226395409494,2.557544757033248,381,368,9,0,359,361,38798,23,1,0,22,7
2020-06-26,US,Louisiana,West Baton Rouge,243,30,0,30.46058217,-91.30989571,22121.0,918.1938409219723,12.345679012345679,213,243,30,0,213,239,26427,0,0,0,0,4
2020-06-26,US,Louisiana,West Carroll,114,5,0,32.78550125,-91.461201,22123.0,1052.6315789473683,4.385964912280701,109,111,3,0,108,111,10982,3,2,0,1,0
2020-06-26,US,Louisiana,West Feliciana,241,14,0,30.87882871,-91.41485379999999,22125.0,1548.0472764645426,5.809128630705394,227,241,14,0,227,241,15460,0,0,0,0,0
2020-06-26,US,Louisiana,Winn,238,5,0,31.94449367,-92.63789413,22127.0,1711.7376294591486,2.100840336134454,233,231,5,0,226,230,14134,7,0,0,7,1
2020-06-26,US,Maine,Androscoggin,464,4,0,44.1664747,-70.20380627,23001.0,428.5305281823472,0.8620689655172413,460,460,4,0,456,454,107679,4,0,0,4,6
2020-06-26,US,Maine,Aroostook,21,1,0,46.65926321,-68.59841248,23003.0,31.317575124897477,4.761904761904762,20,21,1,0,20,22,67111,0,0,0,0,-1
2020-06-26,US,Maine,Cumberland,1627,59,0,43.8370751,-70.37226999,23005.0,551.5198150527284,3.626306084818685,1568,1608,59,0,1549,1566,293557,19,0,0,19,42
2020-06-26,US,Maine,Franklin,38,1,0,44.97330019,-70.44381045,23007.0,125.83198119143015,2.631578947368421,37,38,1,0,37,38,29897,0,0,0,0,0
2020-06-26,US,Maine,Hancock,16,1,0,44.59816444,-68.38401854,23009.0,29.09778674959536,6.25,15,15,1,0,14,15,54811,1,0,0,1,0
2020-06-26,US,Maine,Kennebec,143,9,0,44.40759555,-69.76738544,23011.0,116.92368072476327,6.293706293706293,134,142,9,0,133,140,122083,1,0,0,1,2
2020-06-26,US,Maine,Knox,24,1,0,44.11486325,-69.10529169,23013.0,60.34396057527909,4.166666666666667,23,24,1,0,23,24,39771,0,0,0,0,0
2020-06-26,US,Maine,Lincoln,22,0,0,44.05996956,-69.54227124,23015.0,63.52139516082463,0.0,22,21,0,0,21,21,34342,1,0,0,1,0
2020-06-26,US,Maine,Oxford,35,0,0,44.49952995,-70.75682123,23017.0,60.3708495040966,0.0,35,35,0,0,35,35,57618,0,0,0,0,0
2020-06-26,US,Maine,Penobscot,104,2,0,45.40194593,-68.65020455,23019.0,68.35449693719275,1.9230769230769231,102,105,2,0,103,104,151096,-1,0,0,-1,1
2020-06-26,US,Maine,Piscataquis,2,0,0,45.83839062,-69.2860223,23021.0,11.915400655347035,0.0,2,2,0,0,2,2,16800,0,0,0,0,0
2020-06-26,US,Maine,Sagadahoc,32,0,0,43.95415864,-69.85074999,23023.0,89.2458723784025,0.0,32,32,0,0,32,32,35634,0,0,0,0,0
2020-06-26,US,Maine,Somerset,27,0,0,45.51229767,-69.95995554,23025.0,53.482291419063465,0.0,27,26,0,0,26,26,50592,1,0,0,1,0
2020-06-26,US,Maine,Unassigned,6,0,0,0.0,0.0,90023.0,0.0,0.0,6,2,0,0,2,2,,4,0,0,4,0
2020-06-26,US,Maine,Waldo,55,14,0,44.4858305,-69.12061935,23027.0,138.48671786478658,25.45454545454545,41,55,14,0,41,55,39694,0,0,0,0,0
2020-06-26,US,Maine,Washington,2,0,0,45.01607142,-67.62813524,23029.0,6.373689410115046,0.0,2,2,0,0,2,2,31490,0,0,0,0,0
2020-06-26,US,Maine,York,484,11,0,43.47808377,-70.71052375,23031.0,233.0946200413213,2.272727272727273,473,482,11,0,471,479,206229,2,0,0,2,3
2020-06-26,US,Maryland,Allegany,204,17,0,39.62357628,-78.69280486,24001.0,289.70688479890936,8.333333333333334,187,203,17,0,186,194,70975,1,0,0,1,9
2020-06-26,US,Maryland,Anne Arundel,5005,203,0,39.00670238,-76.60329337,24003.0,864.0722057061568,4.055944055944056,4802,4985,201,0,4784,4956,576031,20,2,0,18,29
2020-06-26,US,Maryland,Baltimore,7768,461,0,39.45784712,-76.62911955,24005.0,938.8786153715993,5.9346035015448,7307,7710,460,0,7250,7652,828431,58,1,0,57,58
2020-06-26,US,Maryland,Baltimore City,7299,330,0,39.30211911,-76.61151012,24510.0,1229.843805287368,4.521167283189478,6969,7258,327,0,6931,7210,621342,41,3,0,38,48
2020-06-26,US,Maryland,Calvert,404,26,0,38.53961642,-76.56820632,24009.0,436.6387462847879,6.435643564356437,378,403,26,0,377,402,92003,1,0,0,1,1
2020-06-26,US,Maryland,Caroline,309,3,0,38.87172293,-75.82904158,24011.0,924.983535891756,0.9708737864077671,306,302,3,0,299,297,33304,7,0,0,7,5
2020-06-26,US,Maryland,Carroll,1104,110,0,39.56453592,-77.02373735,24013.0,655.3990275873123,9.96376811594203,994,1101,109,0,992,1082,168429,3,1,0,2,19
2020-06-26,US,Maryland,Cecil,462,29,0,39.56647682,-75.94627411,24015.0,449.1760245005104,6.277056277056277,433,460,29,0,431,464,102826,2,0,0,2,-4
2020-06-26,US,Maryland,Charles,1357,86,0,38.51092331,-76.98580666,24017.0,831.2047875435663,6.337509211495948,1271,1350,86,0,1264,1341,161503,7,0,0,7,9
2020-06-26,US,Maryland,Dorchester,182,5,0,38.45413522,-76.02752426,24019.0,570.0147201603558,2.7472527472527477,177,184,5,0,179,183,31998,-2,0,0,-2,1
2020-06-26,US,Maryland,Frederick,2448,116,0,39.47296601,-77.39999394,24021.0,943.1817743992416,4.738562091503269,2332,2441,116,0,2325,2425,255648,7,0,0,7,16
2020-06-26,US,Maryland,Garrett,10,0,0,39.52786077,-79.27355126,24023.0,34.46611980423244,0.0,10,10,1,0,9,10,29163,0,-1,0,1,0
2020-06-26,US,Maryland,Harford,1078,61,0,39.55010644,-76.30775940000002,24025.0,422.0152598838871,5.658627087198516,1017,1078,61,0,1017,1072,253956,0,0,0,0,6
2020-06-26,US,Maryland,Howard,2470,84,0,39.25305293,-76.93126208,24027.0,758.389879947189,3.4008097165991904,2386,2453,83,0,2370,2436,323196,17,1,0,16,17
2020-06-26,US,Maryland,Kent,195,23,0,39.24976208,-76.04741541,24029.0,1004.016064257028,11.794871794871796,172,194,23,0,171,195,19383,1,0,0,1,-1
2020-06-26,US,Maryland,Montgomery,14471,730,0,39.13676329,-77.20358245,24031.0,1377.2880246086374,5.044571902425541,13741,14381,731,0,13650,14283,1052567,90,-1,0,91,98
2020-06-26,US,Maryland,Prince George's,18307,676,0,38.83070039,-76.8496441,24033.0,2013.2471597126223,3.6925766100398754,17631,18249,669,0,17580,18151,909308,58,7,0,51,98
2020-06-26,US,Maryland,Queen Anne's,220,17,0,39.06198912,-76.03530977,24035.0,436.6725551299101,7.727272727272727,203,215,16,0,199,213,50251,5,1,0,4,2
2020-06-26,US,Maryland,Somerset,86,3,0,38.1163542,-75.75118623,24039.0,335.72767020612116,3.4883720930232562,83,85,3,0,82,84,25675,1,0,0,1,1
2020-06-26,US,Maryland,St. Mary's,611,50,0,38.30058422,-76.60629279999998,24037.0,538.2785657651308,8.183306055646481,561,610,48,0,562,606,112664,1,2,0,-1,4
2020-06-26,US,Maryland,Talbot,121,4,0,38.76618159,-76.10882561,24041.0,325.43503402275354,3.3057851239669422,117,119,4,0,115,116,36968,2,0,0,2,3
2020-06-26,US,Maryland,Unassigned,0,26,0,0.0,0.0,90024.0,0.0,0.0,-26,0,29,0,-29,0,,0,-3,0,3,0
2020-06-26,US,Maryland,Washington,663,26,0,39.60835778,-77.82002295,24043.0,438.93041330958835,3.92156862745098,637,653,26,0,627,634,150926,10,0,0,10,19
2020-06-26,US,Maryland,Wicomico,1059,40,0,38.37301947,-75.62705831,24045.0,1022.11197868911,3.777148253068933,1019,1055,40,0,1015,1053,103195,4,0,0,4,2
2020-06-26,US,Maryland,Worcester,282,16,0,38.21274277,-75.33200012,24047.0,539.4444869538603,5.673758865248227,266,278,16,0,262,278,51823,4,0,0,4,0
2020-06-26,US,Massachusetts,Barnstable,1530,143,0,41.72980578,-70.28854339,25001.0,718.3435842058313,9.346405228758169,1387,1525,141,0,1384,1525,213413,5,2,0,3,0
2020-06-26,US,Massachusetts,Berkshire,592,44,0,42.37428441,-73.20524838,25003.0,473.81226789601743,7.432432432432432,548,591,44,0,547,591,126348,1,0,0,1,0
2020-06-26,US,Massachusetts,Bristol,8142,565,0,41.79228404,-71.10872211,25005.0,1440.508689582939,6.939326946696143,7577,8107,558,0,7549,8086,564022,35,7,0,28,21
2020-06-26,US,Massachusetts,Dukes and Nantucket,60,0,0,41.40674725,-70.68763497,0.0,208.83366398663463,0.0,60,59,0,0,59,59,26707,1,0,0,1,0
2020-06-26,US,Massachusetts,Essex,15975,1092,0,42.6687626,-70.94687179,25009.0,2024.6275825883292,6.835680751173708,14883,15952,1086,0,14866,15920,790638,23,6,0,17,32
2020-06-26,US,Massachusetts,Franklin,364,54,0,42.58119713,-72.58602547,25011.0,518.666286691365,14.835164835164836,310,362,54,0,308,359,70963,2,0,0,2,3
2020-06-26,US,Massachusetts,Hampden,6691,657,0,42.13440424,-72.63235561,25013.0,1434.6916195654971,9.819160065759977,6034,6658,654,0,6004,6633,470406,33,3,0,30,25
2020-06-26,US,Massachusetts,Hampshire,952,109,0,42.33997957,-72.65898478,25015.0,591.9293664117391,11.449579831932773,843,952,109,0,843,950,161355,0,0,0,0,2
2020-06-26,US,Massachusetts,Middlesex,23786,1839,0,42.48607732,-71.39049229,25017.0,1475.833887096784,7.731438661397461,21947,23741,1825,0,21916,23697,1614714,45,14,0,31,44
2020-06-26,US,Massachusetts,Norfolk,9100,927,0,42.16073095,-71.20530408,25021.0,1287.538466980298,10.186813186813184,8173,9082,924,0,8158,9056,705388,18,3,0,15,26
2020-06-26,US,Massachusetts,Plymouth,8646,658,0,41.94070556,-70.80802823,25023.0,1658.8577940990247,7.610455702058755,7988,8625,654,0,7971,8610,518132,21,4,0,17,15
2020-06-26,US,Massachusetts,Suffolk,19707,997,0,42.327951399999996,-71.07850442,25025.0,2451.402960790241,5.05911605013447,18710,19664,990,0,18674,19628,807252,43,7,0,36,36
2020-06-26,US,Massachusetts,Unassigned,285,7,0,0.0,0.0,90025.0,0.0,2.456140350877193,278,283,6,0,277,290,,2,1,0,1,-7
2020-06-26,US,Massachusetts,Worcester,12240,920,0,42.35026951,-71.90493363,25027.0,1473.594487022978,7.516339869281047,11320,12236,917,0,11319,12207,830839,4,3,0,1,29
2020-06-26,US,Michigan,Alcona,21,1,0,44.6846864,-83.59507875,26001.0,201.8260451705911,4.761904761904762,20,21,1,0,20,21,10362,0,0,0,0,0
2020-06-26,US,Michigan,Alger,2,0,0,46.41292944,-86.60260122,26003.0,21.95871761089152,0.0,2,2,0,0,2,2,9097,0,0,0,0,0
2020-06-26,US,Michigan,Allegan,302,6,0,42.59147037,-85.89102866,26005.0,255.75664162735748,1.9867549668874167,296,301,6,0,295,303,117327,1,0,0,1,-2
2020-06-26,US,Michigan,Alpena,117,11,0,45.03477666,-83.62212411,26007.0,411.8993135011442,9.401709401709402,106,117,11,0,106,116,28360,0,0,0,0,1
2020-06-26,US,Michigan,Antrim,18,0,0,44.99690221,-85.15503082,26009.0,77.17372663351055,0.0,18,18,0,0,18,16,23365,0,0,0,0,2
2020-06-26,US,Michigan,Arenac,38,2,0,44.0636262,-83.89277559,26011.0,255.32486729825973,5.2631578947368425,36,38,2,0,36,38,15041,0,0,0,0,0
2020-06-26,US,Michigan,Baraga,4,0,0,46.6720582,-88.36363591,26013.0,48.72700694359849,0.0,4,1,0,0,1,1,8320,3,0,0,3,0
2020-06-26,US,Michigan,Barry,95,2,0,42.59513984,-85.30834519,26015.0,154.3460601137287,2.1052631578947367,93,95,2,0,93,96,61157,0,0,0,0,-1
2020-06-26,US,Michigan,Bay,385,30,0,43.70639106,-83.98731479,26017.0,373.32971316641783,7.792207792207793,355,383,30,0,353,381,103923,2,0,0,2,2
2020-06-26,US,Michigan,Benzie,7,0,0,44.63899297,-86.01608482,26019.0,39.40110323089046,0.0,7,6,0,0,6,6,17753,1,0,0,1,0
2020-06-26,US,Michigan,Berrien,860,60,0,41.95447397,-86.41313079999998,26021.0,560.6221602205983,6.9767441860465125,800,859,60,0,799,855,154141,1,0,0,1,4
2020-06-26,US,Michigan,Branch,254,2,0,41.91600556,-85.05929476,26023.0,583.6799411724154,0.7874015748031497,252,254,2,0,252,254,43622,0,0,0,0,0
2020-06-26,US,Michigan,Calhoun,523,32,0,42.24633834,-85.00493569,26025.0,389.8359409357552,6.118546845124282,491,517,32,0,485,514,134487,6,0,0,6,3
2020-06-26,US,Michigan,Cass,134,4,0,41.91522292,-85.99405727,26027.0,258.7521964971904,2.985074626865672,130,131,4,0,127,126,51653,3,0,0,3,5
2020-06-26,US,Michigan,Charlevoix,26,2,0,45.37790017,-85.19614053,26029.0,99.45300845350573,7.6923076923076925,24,26,2,0,24,22,26244,0,0,0,0,4
2020-06-26,US,Michigan,Cheboygan,27,2,0,45.44787015,-84.50122149,26031.0,106.82069947776549,7.407407407407407,25,27,2,0,25,26,25413,0,0,0,0,1
2020-06-26,US,Michigan,Chippewa,3,0,0,46.29552653,-84.54353449,26033.0,8.032343570108972,0.0,3,3,0,0,3,3,37517,0,0,0,0,0
2020-06-26,US,Michigan,Clare,27,3,0,43.98794227,-84.84819859999998,26035.0,87.23747980613894,11.111111111111109,24,27,3,0,24,27,30757,0,0,0,0,0
2020-06-26,US,Michigan,Clinton,214,12,0,42.94400871,-84.60145248,26037.0,268.8611093661662,5.607476635514018,202,207,12,0,195,205,79332,7,0,0,7,2
2020-06-26,US,Michigan,Crawford,68,5,0,44.68255561,-84.61006219,26039.0,484.71024306793066,7.352941176470589,63,68,5,0,63,68,13901,0,0,0,0,0
2020-06-26,US,Michigan,Delta,21,3,0,45.90484910000001,-86.9080745,26041.0,58.685446009389665,14.285714285714285,18,22,2,0,20,21,35857,-1,1,0,-2,1
2020-06-26,US,Michigan,Dickinson,7,2,0,46.00999672,-87.86961634,26043.0,27.734854788224567,28.57142857142857,5,7,2,0,5,7,25383,0,0,0,0,0
2020-06-26,US,Michigan,Eaton,306,7,0,42.59599185,-84.83740035,26045.0,277.505713352922,2.2875816993464047,299,297,7,0,290,287,109826,9,0,0,9,10
2020-06-26,US,Michigan,Emmet,27,2,0,45.52625509,-84.89083249,26047.0,80.80203501421518,7.407407407407407,25,27,2,0,25,28,33308,0,0,0,0,-1
2020-06-26,US,Michigan,Federal Correctional Institution (FCI),179,5,0,0.0,0.0,0.0,0.0,2.793296089385475,174,178,5,0,173,170,,1,0,0,1,8
2020-06-26,US,Michigan,Genesee,2682,285,0,43.02244215,-83.70589709,26049.0,660.8955356284791,10.626398210290828,2397,2669,285,0,2384,2668,406892,13,0,0,13,1
2020-06-26,US,Michigan,Gladwin,26,1,0,43.98901072,-84.38774817,26051.0,102.16511454281112,3.8461538461538463,25,26,1,0,25,26,25337,0,0,0,0,0
2020-06-26,US,Michigan,Gogebic,6,1,0,46.40862701,-89.69377193,26053.0,42.933810375670845,16.666666666666668,5,6,1,0,5,6,15096,0,0,0,0,0
2020-06-26,US,Michigan,Grand Traverse,39,5,0,44.69565625,-85.55585247,26055.0,41.89584049501547,12.82051282051282,34,39,5,0,34,39,92573,0,0,0,0,0
2020-06-26,US,Michigan,Gratiot,92,13,0,43.29265605,-84.60505416,26057.0,225.98314951732948,14.130434782608695,79,92,13,0,79,93,40599,0,0,0,0,-1
2020-06-26,US,Michigan,Hillsdale,191,25,0,41.88753639,-84.59312019,26059.0,418.81372656506966,13.089005235602095,166,192,25,0,167,187,45749,-1,0,0,-1,5
2020-06-26,US,Michigan,Houghton,11,0,0,46.89988536,-88.68495385,26061.0,30.82614056720099,0.0,11,11,0,0,11,11,36219,0,0,0,0,0
2020-06-26,US,Michigan,Huron,64,3,0,43.83353985,-83.04078453,26063.0,206.57822536393277,4.6875,61,64,3,0,61,64,31166,0,0,0,0,0
2020-06-26,US,Michigan,Ingham,954,29,0,42.59716886,-84.37472069,26065.0,326.2586951020157,3.039832285115304,925,916,29,0,887,896,292735,38,0,0,38,20
2020-06-26,US,Michigan,Ionia,192,4,0,42.94502238,-85.07413319,26067.0,296.76801088149375,2.083333333333333,188,193,4,0,189,191,64210,-1,0,0,-1,2
2020-06-26,US,Michigan,Iosco,111,10,0,44.35486835,-83.63484895,26069.0,441.7558801289449,9.00900900900901,101,111,10,0,101,111,25081,0,0,0,0,0
2020-06-26,US,Michigan,Iron,5,0,0,46.20974132,-88.53136251,26071.0,45.18344478583048,0.0,5,5,0,0,5,4,11117,0,0,0,0,1
2020-06-26,US,Michigan,Isabella,121,8,0,43.64060976,-84.84664923,26073.0,173.17380352644835,6.6115702479338845,113,120,8,0,112,120,70562,1,0,0,1,0
2020-06-26,US,Michigan,Jackson,492,30,0,42.24807035,-84.42258681,26075.0,310.3905116396442,6.097560975609755,462,489,30,0,459,489,158823,3,0,0,3,0
2020-06-26,US,Michigan,Kalamazoo,1048,67,0,42.24542231,-85.53038622,26077.0,395.3732277998687,6.393129770992366,981,1042,67,0,975,1017,264870,6,0,0,6,25
2020-06-26,US,Michigan,Kalkaska,32,2,0,44.68512729,-85.09085699,26079.0,177.40325978489858,6.25,30,31,2,0,29,30,17824,1,0,0,1,1
2020-06-26,US,Michigan,Kent,4777,130,0,43.03197711,-85.54934642,26081.0,727.1426505620627,2.72137324680762,4647,4717,130,0,4587,4666,653786,60,0,0,60,51
2020-06-26,US,Michigan,Keweenaw,1,0,0,47.63197653,-88.41434263,26083.0,47.25897920604915,0.0,1,1,0,0,1,1,2113,0,0,0,0,0
2020-06-26,US,Michigan,Lake,7,0,0,43.99050893,-85.802173,26085.0,59.05677887454653,0.0,7,7,0,0,7,7,11881,0,0,0,0,0
2020-06-26,US,Michigan,Lapeer,278,31,0,43.09052506,-83.22153148,26087.0,317.32624105379705,11.151079136690647,247,276,31,0,245,274,88028,2,0,0,2,2
2020-06-26,US,Michigan,Leelanau,20,0,0,44.94430054,-85.80150326,26089.0,91.90754101374016,0.0,20,20,0,0,20,12,21764,0,0,0,0,8
2020-06-26,US,Michigan,Lenawee,207,6,0,41.89475156,-84.06603727,26091.0,210.25687905658648,2.898550724637681,201,205,6,0,199,200,98266,2,0,0,2,5
2020-06-26,US,Michigan,Livingston,552,28,0,42.60302282,-83.91297209,26093.0,287.5074871741452,5.0724637681159415,524,550,28,0,522,548,191224,2,0,0,2,2
2020-06-26,US,Michigan,Luce,3,0,0,46.47227431,-85.54471223,26095.0,48.16182372772515,0.0,3,3,0,0,3,3,6283,0,0,0,0,0
2020-06-26,US,Michigan,Mackinac,8,0,0,46.07028979,-85.04980537,26097.0,74.0809334197611,0.0,8,8,0,0,8,8,10787,0,0,0,0,0
2020-06-26,US,Michigan,Macomb,7252,901,0,42.69158356,-82.92752801,26099.0,829.7748669293753,12.42415885273028,6351,7225,900,0,6325,7191,874759,27,1,0,26,34
2020-06-26,US,Michigan,Manistee,16,0,0,44.33352407,-86.05626916,26101.0,65.15188533268181,0.0,16,16,0,0,16,16,24528,0,0,0,0,0
2020-06-26,US,Michigan,Marquette,64,11,0,46.4338914,-87.64043701,26103.0,95.95346257065323,17.1875,53,63,11,0,52,63,66516,1,0,0,1,0
2020-06-26,US,Michigan,Mason,43,0,0,43.99509218,-86.24988902,26105.0,147.5432335986824,0.0,43,43,0,0,43,43,29100,0,0,0,0,0
2020-06-26,US,Michigan,Mecosta,29,2,0,43.64064262,-85.32463223,26107.0,66.7387752284077,6.896551724137932,27,29,2,0,27,28,43545,0,0,0,0,1
2020-06-26,US,Michigan,Menominee,14,0,0,45.58038692,-87.55370409,26109.0,61.457418788410884,0.0,14,14,0,0,14,11,22983,0,0,0,0,3
2020-06-26,US,Michigan,Michigan Department of Corrections (MDOC),4100,68,0,0.0,0.0,0.0,0.0,1.6585365853658536,4032,4099,68,0,4031,4098,,1,0,0,1,1
2020-06-26,US,Michigan,Midland,160,9,0,43.64330771,-84.38804374,26111.0,192.4094473038626,5.625,151,161,9,0,152,160,83209,-1,0,0,-1,1
2020-06-26,US,Michigan,Missaukee,26,1,0,44.33772443,-85.09256478,26113.0,171.9804206905675,3.8461538461538463,25,24,1,0,23,24,15113,2,0,0,2,0
2020-06-26,US,Michigan,Monroe,597,21,0,41.92734151,-83.53749864,26115.0,396.6777408637874,3.5175879396984926,576,591,21,0,570,583,150439,6,0,0,6,8
2020-06-26,US,Michigan,Montcalm,85,1,0,43.31082541,-85.15252824,26117.0,133.04532932632105,1.1764705882352942,84,83,1,0,82,83,63968,2,0,0,2,0
2020-06-26,US,Michigan,Montmorency,5,0,0,45.0275929,-84.12696227,26119.0,53.60205831903945,0.0,5,5,0,0,5,5,9265,0,0,0,0,0
2020-06-26,US,Michigan,Muskegon,806,49,0,43.29123859,-86.15176712,26121.0,464.3766636322782,6.079404466501241,757,796,49,0,747,793,173588,10,0,0,10,3
2020-06-26,US,Michigan,Newaygo,163,0,0,43.554373999999996,-85.80070107,26123.0,332.78889342588815,0.0,163,162,0,0,162,151,48892,1,0,0,1,11
2020-06-26,US,Michigan,Oakland,11843,1084,0,42.66090111,-83.38595416,26125.0,941.7263578417027,9.153086211264037,10759,11826,1084,0,10742,11805,1259201,17,0,0,17,21
2020-06-26,US,Michigan,Oceana,235,3,0,43.64124435,-86.26726673,26127.0,887.8981373030566,1.2765957446808511,232,222,3,0,219,210,26625,13,0,0,13,12
2020-06-26,US,Michigan,Ogemaw,32,2,0,44.33481032,-84.12725175,26129.0,152.40272419869504,6.25,30,32,2,0,30,32,20952,0,0,0,0,0
2020-06-26,US,Michigan,Osceola,26,0,0,43.98992088,-85.32566756,26133.0,110.82693947144077,0.0,26,25,0,0,25,25,23341,1,0,0,1,0
2020-06-26,US,Michigan,Oscoda,15,1,0,44.68192279,-84.12939244,26135.0,182.0167455405897,6.666666666666668,14,14,1,0,13,12,8276,1,0,0,1,2
2020-06-26,US,Michigan,Otsego,122,10,0,45.02085831,-84.59898295,26137.0,494.56786119669215,8.196721311475411,112,122,10,0,112,122,24665,0,0,0,0,0
2020-06-26,US,Michigan,Ottawa,1000,51,0,42.95996803,-85.9969107,26139.0,342.6652503169653,5.1,949,983,51,0,932,977,290494,17,0,0,17,6
2020-06-26,US,Michigan,Out of MI,81,0,0,0.0,0.0,80026.0,0.0,0.0,81,70,0,0,70,65,,11,0,0,11,5
2020-06-26,US,Michigan,Presque Isle,12,0,0,45.34018577,-83.91498656,26141.0,95.29860228716646,0.0,12,12,0,0,12,12,12738,0,0,0,0,0
2020-06-26,US,Michigan,Roscommon,26,0,0,44.33473082,-84.61067651,26143.0,108.2476372871477,0.0,26,26,0,0,26,26,23884,0,0,0,0,0
2020-06-26,US,Michigan,Saginaw,1254,123,0,43.33433923,-84.05131209999998,26145.0,658.1329806496308,9.808612440191387,1131,1247,123,0,1124,1224,190800,7,0,0,7,23
2020-06-26,US,Michigan,Sanilac,44,6,0,43.42406072,-82.82055898,26151.0,106.8739373330095,13.636363636363635,38,44,6,0,38,43,41182,0,0,0,0,1
2020-06-26,US,Michigan,Schoolcraft,4,0,0,46.19235734,-86.19972234,26153.0,49.419322955275504,0.0,4,4,0,0,4,4,8068,0,0,0,0,0
2020-06-26,US,Michigan,Shiawassee,268,27,0,42.95392800000001,-84.14585902,26155.0,393.4118199700537,10.074626865671641,241,268,27,0,241,265,68192,0,0,0,0,3
2020-06-26,US,Michigan,St. Clair,543,49,0,42.92655373,-82.67937954,26147.0,341.23472927454634,9.023941068139964,494,535,49,0,486,532,159337,8,0,0,8,3
2020-06-26,US,Michigan,St. Joseph,262,3,0,41.91441767,-85.52797979,26149.0,429.76182665179454,1.1450381679389312,259,255,3,0,252,242,61043,7,0,0,7,13
2020-06-26,US,Michigan,Tuscola,233,26,0,43.46606813,-83.41897025,26157.0,445.9756914537276,11.158798283261802,207,229,26,0,203,229,52516,4,0,0,4,0
2020-06-26,US,Michigan,Unassigned,13,0,0,0.0,0.0,90026.0,0.0,0.0,13,4,0,0,4,21,,9,0,0,9,-17
2020-06-26,US,Michigan,Van Buren,224,7,0,42.25190229,-86.01939087,26159.0,295.99482009064843,3.125,217,224,7,0,217,221,75448,0,0,0,0,3
2020-06-26,US,Michigan,Washtenaw,1649,104,0,42.253105,-83.83853204,26161.0,448.5841986284042,6.306852637962401,1545,1639,103,0,1536,1633,370963,10,1,0,9,6
2020-06-26,US,Michigan,Wayne,22479,2701,0,42.28098405,-83.281255,26163.0,1284.996710193484,12.015659059566708,19778,22453,2703,0,19750,22324,1753893,26,-2,0,28,129
2020-06-26,US,Michigan,Wexford,20,3,0,44.33853602,-85.57712739,26165.0,59.4689423448604,15.0,17,19,3,0,16,18,33466,1,0,0,1,1
2020-06-26,US,Minnesota,Aitkin,13,0,0,46.60962049,-93.41168259999999,27001.0,81.83306055646482,0.0,13,13,0,0,13,13,15902,0,0,0,0,0
2020-06-26,US,Minnesota,Anoka,1990,103,0,45.27476015,-93.24604565,27003.0,557.546347791248,5.175879396984925,1887,1961,103,0,1858,1940,353813,29,0,0,29,21
2020-06-26,US,Minnesota,Becker,53,0,0,46.93479392,-95.67158144,27005.0,153.9668245068704,0.0,53,53,0,0,53,53,34371,0,0,0,0,0
2020-06-26,US,Minnesota,Beltrami,27,0,0,47.97373527,-94.93732139,27007.0,57.217936763583964,0.0,27,27,0,0,27,27,46847,0,0,0,0,0
2020-06-26,US,Minnesota,Benton,203,3,0,45.69804958,-93.99514135,27009.0,496.4660422118418,1.477832512315271,200,203,3,0,200,204,40545,0,0,0,0,-1
2020-06-26,US,Minnesota,Big Stone,14,0,0,45.42712824,-96.41403739,27011.0,280.50490883590464,0.0,14,14,0,0,14,14,4989,0,0,0,0,0
2020-06-26,US,Minnesota,Blue Earth,317,2,0,44.03554215,-94.06699781,27013.0,468.56754319837995,0.6309148264984227,315,281,2,0,279,265,67427,36,0,0,36,16
2020-06-26,US,Minnesota,Brown,23,2,0,44.24205652,-94.72562874,27015.0,91.97056941778631,8.695652173913043,21,22,2,0,20,23,25111,1,0,0,1,-1
2020-06-26,US,Minnesota,Carlton,81,0,0,46.59180601,-92.67601019,27017.0,225.8091494522037,0.0,81,81,0,0,81,81,35837,0,0,0,0,0
2020-06-26,US,Minnesota,Carver,316,1,0,44.82017001,-93.80099179999999,27019.0,300.69750402040177,0.3164556962025317,315,308,1,0,307,305,103551,8,0,0,8,3
2020-06-26,US,Minnesota,Cass,11,2,0,46.95043611,-94.32603968,27021.0,36.93878236341045,18.181818181818183,9,11,2,0,9,11,29519,0,0,0,0,0
2020-06-26,US,Minnesota,Chippewa,70,1,0,45.02343421,-95.56403693,27023.0,593.2203389830509,1.4285714285714286,69,69,1,0,68,69,11924,1,0,0,1,0
2020-06-26,US,Minnesota,Chisago,90,1,0,45.5021011,-92.90861945,27025.0,159.0696194701214,1.1111111111111112,89,88,1,0,87,87,55922,2,0,0,2,1
2020-06-26,US,Minnesota,Clay,545,37,0,46.89289518,-96.48761922,27027.0,848.6188533524338,6.7889908256880735,508,537,37,0,500,537,63955,8,0,0,8,0
2020-06-26,US,Minnesota,Clearwater,7,0,0,47.57992111,-95.37790562,27029.0,79.38308006350647,0.0,7,7,0,0,7,7,8810,0,0,0,0,0
2020-06-26,US,Minnesota,Cook,1,0,0,47.90504893,-90.52629546,27031.0,18.304960644334614,0.0,1,1,0,0,1,1,5393,0,0,0,0,0
2020-06-26,US,Minnesota,Cottonwood,130,0,0,44.00715262,-95.18138802,27033.0,1161.1289746337975,0.0,130,127,0,0,127,126,11277,3,0,0,3,1
2020-06-26,US,Minnesota,Crow Wing,100,11,0,46.48096553,-94.06755609,27035.0,153.71608638844054,11.0,89,97,11,0,86,97,64889,3,0,0,3,0
2020-06-26,US,Minnesota,Dakota,2061,86,0,44.67172617,-93.06299363,27037.0,480.3960645283098,4.172731683648713,1975,2012,85,0,1927,1982,425423,49,1,0,48,30
2020-06-26,US,Minnesota,Dodge,70,0,0,44.02238415,-92.86244324,27039.0,334.3842552784943,0.0,70,67,0,0,67,67,20822,3,0,0,3,0
2020-06-26,US,Minnesota,Douglas,55,0,0,45.93348491,-95.45335469,27041.0,144.2017776146404,0.0,55,55,0,0,55,54,37964,0,0,0,0,1
2020-06-26,US,Minnesota,Faribault,44,0,0,43.67381499,-93.94787458,27043.0,322.2734930052004,0.0,44,41,0,0,41,35,13758,3,0,0,3,6
2020-06-26,US,Minnesota,Fillmore,24,0,0,43.67394126,-92.08980382,27045.0,113.92224806569516,0.0,24,23,0,0,23,23,21058,1,0,0,1,0
2020-06-26,US,Minnesota,Freeborn,265,0,0,43.67385583,-93.34884422,27047.0,875.1362240348734,0.0,265,262,0,0,262,259,30444,3,0,0,3,3
2020-06-26,US,Minnesota,Goodhue,111,8,0,44.40849741,-92.72341949999999,27049.0,239.53388001726367,7.207207207207206,103,109,8,0,101,109,46403,2,0,0,2,0
2020-06-26,US,Minnesota,Grant,6,0,0,45.93424769,-96.01139609,27051.0,100.46885465505692,0.0,6,6,0,0,6,6,6021,0,0,0,0,0
2020-06-26,US,Minnesota,Hennepin,11308,761,0,45.00761521,-93.47694895,27053.0,893.3177337157925,6.7297488503714185,10547,11178,758,0,10420,11057,1259428,130,3,0,127,121
2020-06-26,US,Minnesota,Houston,17,0,0,43.67129565,-91.49143057,27055.0,91.39784946236557,0.0,17,16,0,0,16,15,18578,1,0,0,1,1
2020-06-26,US,Minnesota,Hubbard,5,0,0,47.10778564,-94.91693868,27057.0,23.265553022195334,0.0,5,5,0,0,5,5,21332,0,0,0,0,0
2020-06-26,US,Minnesota,Isanti,56,0,0,45.56181234,-93.29487636,27059.0,137.94462508621538,0.0,56,56,0,0,56,56,39966,0,0,0,0,0
2020-06-26,US,Minnesota,Itasca,63,12,0,47.51009045,-93.63092229,27061.0,139.59672058497674,19.047619047619047,51,63,12,0,51,60,45108,0,0,0,0,3
2020-06-26,US,Minnesota,Jackson,53,0,0,43.67423373,-95.15398258,27063.0,538.2896607759496,0.0,53,53,0,0,53,53,9911,0,0,0,0,0
2020-06-26,US,Minnesota,Kanabec,13,1,0,45.9459309,-93.29275192,27065.0,79.57397318969211,7.6923076923076925,12,13,1,0,12,13,16207,0,0,0,0,0
2020-06-26,US,Minnesota,Kandiyohi,564,1,0,45.1526059,-95.00586446,27067.0,1305.5857774485519,0.1773049645390071,563,564,1,0,563,561,42855,0,0,0,0,3
2020-06-26,US,Minnesota,Kittson,2,0,0,48.77754106,-96.78317184,27069.0,46.533271288971605,0.0,2,1,0,0,1,1,4248,1,0,0,1,0
2020-06-26,US,Minnesota,Koochiching,10,0,0,48.24539665,-93.78352843,27071.0,81.77283506419168,0.0,10,9,0,0,9,9,12440,1,0,0,1,0
2020-06-26,US,Minnesota,Lac qui Parle,4,0,0,44.9973857,-96.17488219,27073.0,60.3955911218481,0.0,4,4,0,0,4,4,6658,0,0,0,0,0
2020-06-26,US,Minnesota,Lake,5,0,0,47.64270764,-91.44557998,27075.0,46.988065031482,0.0,5,5,0,0,5,5,10658,0,0,0,0,0
2020-06-26,US,Minnesota,Le Sueur,75,1,0,44.37136597,-93.72844721,27079.0,259.6323605774224,1.3333333333333333,74,71,1,0,70,70,28494,4,0,0,4,1
2020-06-26,US,Minnesota,Lincoln,7,0,0,44.41311883,-96.26688165,27081.0,124.13548501507358,0.0,7,7,0,0,7,7,5673,0,0,0,0,0
2020-06-26,US,Minnesota,Lyon,289,2,0,44.41327865,-95.83806103,27083.0,1134.4900683049384,0.6920415224913494,287,284,2,0,282,279,25629,5,0,0,5,5
2020-06-26,US,Minnesota,Mahnomen,7,1,0,47.32557075,-95.80921485,27087.0,126.65098606839152,14.285714285714285,6,6,1,0,5,6,5519,1,0,0,1,0
2020-06-26,US,Minnesota,Marshall,12,0,0,48.35825983,-96.37017407,27089.0,128.53470437017995,0.0,12,12,0,0,12,12,9390,0,0,0,0,0
2020-06-26,US,Minnesota,Martin,151,5,0,43.67429718,-94.55099908,27091.0,767.1594777218919,3.3112582781456954,146,148,5,0,143,149,19785,3,0,0,3,-1
2020-06-26,US,Minnesota,McLeod,80,0,0,44.82367677,-94.27287017,27085.0,222.88468503607945,0.0,80,75,0,0,75,71,35873,5,0,0,5,4
2020-06-26,US,Minnesota,Meeker,57,1,0,45.12328869,-94.52839455,27093.0,245.45689432434762,1.7543859649122806,56,57,1,0,56,57,23141,0,0,0,0,0
2020-06-26,US,Minnesota,Mille Lacs,31,1,0,45.93705297,-93.63236823,27095.0,117.97389351904707,3.2258064516129035,30,31,1,0,30,30,26139,0,0,0,0,1
2020-06-26,US,Minnesota,Morrison,57,1,0,46.01265363,-94.27341528,27097.0,170.73024621098662,1.7543859649122806,56,56,1,0,55,56,33169,1,0,0,1,0
2020-06-26,US,Minnesota,Mower,868,2,0,43.67142874,-92.75234549,27099.0,2166.641705356697,0.2304147465437788,866,847,2,0,845,828,40011,21,0,0,21,19
2020-06-26,US,Minnesota,Murray,47,0,0,44.02216709,-95.76328482,27101.0,573.5904320234317,0.0,47,47,0,0,47,47,8276,0,0,0,0,0
2020-06-26,US,Minnesota,Nicollet,120,12,0,44.35291112,-94.24710352,27103.0,350.11962420493666,10.0,108,115,12,0,103,112,34220,5,0,0,5,3
2020-06-26,US,Minnesota,Nobles,1643,6,0,43.67434621,-95.75329576,27105.0,7596.282768505248,0.36518563603164944,1637,1637,6,0,1631,1635,21924,6,0,0,6,2
2020-06-26,US,Minnesota,Norman,19,0,0,47.32628443,-96.45620947,27107.0,298.0392156862745,0.0,19,19,0,0,19,18,6475,0,0,0,0,1
2020-06-26,US,Minnesota,Olmsted,970,15,0,44.00374114,-92.40209944,27109.0,612.7876785454821,1.5463917525773196,955,948,15,0,933,938,156277,22,0,0,22,10
2020-06-26,US,Minnesota,Otter Tail,86,1,0,46.40846929,-95.70835255,27111.0,146.39294590269975,1.162790697674419,85,85,1,0,84,85,58812,1,0,0,1,0
2020-06-26,US,Minnesota,Pennington,50,0,0,48.06642577,-96.0370814,27113.0,354.1327289468092,0.0,50,50,0,0,50,50,14178,0,0,0,0,0
2020-06-26,US,Minnesota,Pine,98,0,0,46.12105238,-92.74070188,27115.0,331.31613644815576,0.0,98,98,0,0,98,97,29483,0,0,0,0,1
2020-06-26,US,Minnesota,Pipestone,16,0,0,44.02301619,-96.25841142,27117.0,175.32325224632916,0.0,16,15,0,0,15,15,9047,1,0,0,1,0
2020-06-26,US,Minnesota,Polk,78,2,0,47.77372465,-96.40134647,27119.0,248.6927687794924,2.5641025641025643,76,75,2,0,73,75,31529,3,0,0,3,0
2020-06-26,US,Minnesota,Pope,10,0,0,45.58606667,-95.44451209,27121.0,88.8967908258512,0.0,10,10,0,0,10,10,11097,0,0,0,0,0
2020-06-26,US,Minnesota,Ramsey,4508,217,0,45.01625271,-93.09872295,27123.0,819.1582730806202,4.813664596273291,4291,4474,217,0,4257,4424,550210,34,0,0,34,50
2020-06-26,US,Minnesota,Red Lake,3,0,0,47.87197525,-96.09561104,27125.0,73.98273736128236,0.0,3,3,0,0,3,3,3999,0,0,0,0,0
2020-06-26,US,Minnesota,Redwood,14,0,0,44.40555844,-95.25207021,27127.0,92.2874093605801,0.0,14,12,0,0,12,12,15249,2,0,0,2,0
2020-06-26,US,Minnesota,Renville,19,1,0,44.72836381,-94.94553734,27129.0,130.60214462469068,5.2631578947368425,18,19,1,0,18,18,14612,0,0,0,0,1
2020-06-26,US,Minnesota,Rice,780,4,0,44.3543376,-93.29658715,27131.0,1164.6658304963269,0.5128205128205128,776,771,4,0,767,761,66523,9,0,0,9,10
2020-06-26,US,Minnesota,Rock,29,0,0,43.67482683,-96.25296832,27133.0,311.3258185721954,0.0,29,28,0,0,28,28,9414,1,0,0,1,0
2020-06-26,US,Minnesota,Roseau,6,0,0,48.77501878,-95.81079919,27135.0,39.564787339268044,0.0,6,6,0,0,6,6,15150,0,0,0,0,0
2020-06-26,US,Minnesota,Scott,616,4,0,44.6490231,-93.53340251,27139.0,413.38675149148065,0.6493506493506493,612,609,4,0,605,603,147381,7,0,0,7,6
2020-06-26,US,Minnesota,Sherburne,283,4,0,45.44447208,-93.77617511,27141.0,291.03848289763266,1.413427561837456,279,278,4,0,274,277,96036,5,0,0,5,1
2020-06-26,US,Minnesota,Sibley,37,2,0,44.5796592,-94.23164924,27143.0,248.9068281197444,5.405405405405406,35,35,2,0,33,30,15028,2,0,0,2,5
2020-06-26,US,Minnesota,St. Louis,152,14,0,47.604840700000004,-92.46879855,27137.0,76.35505098708997,9.210526315789474,138,151,14,0,137,146,199754,1,0,0,1,5
2020-06-26,US,Minnesota,Stearns,2156,19,0,45.55192576,-94.61078221,27145.0,1338.5069067204718,0.8812615955473099,2137,2141,19,0,2122,2140,159256,15,0,0,15,1
2020-06-26,US,Minnesota,Steele,209,0,0,44.02240351,-93.22627088,27147.0,570.274768752217,0.0,209,206,0,0,206,202,36803,3,0,0,3,4
2020-06-26,US,Minnesota,Stevens,3,0,0,45.58613007,-96.00163705,27149.0,30.596634370219284,0.0,3,3,0,0,3,3,9753,0,0,0,0,0
2020-06-26,US,Minnesota,Swift,20,1,0,45.2829032,-95.68264092,27151.0,215.8428663932657,5.0,19,20,1,0,19,20,9345,0,0,0,0,0
2020-06-26,US,Minnesota,Todd,395,2,0,46.06996226,-94.89785296,27153.0,1601.5244891339605,0.5063291139240507,393,395,2,0,393,394,24582,0,0,0,0,1
2020-06-26,US,Minnesota,Traverse,5,0,0,45.77298854,-96.47062949,27155.0,153.42129487572873,0.0,5,5,0,0,5,5,3308,0,0,0,0,0
2020-06-26,US,Minnesota,Unassigned,81,35,0,0.0,0.0,90027.0,0.0,43.209876543209866,46,79,35,0,44,80,,2,0,0,2,-1
2020-06-26,US,Minnesota,Wabasha,28,0,0,44.28424356,-92.23121312,27157.0,129.4677948860221,0.0,28,29,0,0,29,28,21645,-1,0,0,-1,1
2020-06-26,US,Minnesota,Wadena,15,0,0,46.58589171,-94.96968506,27159.0,109.63309457681623,0.0,15,15,0,0,15,14,13773,0,0,0,0,1
2020-06-26,US,Minnesota,Waseca,51,0,0,44.02211116,-93.58720034,27161.0,274.0167633784655,0.0,51,46,0,0,46,45,18691,5,0,0,5,1
2020-06-26,US,Minnesota,Washington,948,39,0,45.03864533,-92.88429635,27163.0,361.225422953818,4.113924050632911,909,926,39,0,887,917,259201,22,0,0,22,9
2020-06-26,US,Minnesota,Watonwan,186,0,0,43.97823903,-94.61413846,27165.0,1706.8918050839682,0.0,186,175,0,0,175,173,10980,11,0,0,11,2
2020-06-26,US,Minnesota,Wilkin,20,3,0,46.35721532,-96.4684375,27167.0,322.2168519413565,15.0,17,20,3,0,17,20,6254,0,0,0,0,0
2020-06-26,US,Minnesota,Winona,110,15,0,43.98772283,-91.78081305,27169.0,217.8908168924808,13.636363636363635,95,107,15,0,92,100,50825,3,0,0,3,7
2020-06-26,US,Minnesota,Wright,419,4,0,45.17297924,-93.96234781,27171.0,302.7959848818806,0.9546539379474941,415,411,3,0,408,409,136349,8,1,0,7,2
2020-06-26,US,Minnesota,Yellow Medicine,25,0,0,44.71710183,-95.86842453,27173.0,257.4930476877124,0.0,25,24,0,0,24,24,9795,1,0,0,1,0
2020-06-26,US,Mississippi,Adams,243,18,0,31.47669768,-91.35326037,28001.0,791.7114651549214,7.407407407407407,225,242,18,0,224,234,31192,1,0,0,1,8
2020-06-26,US,Mississippi,Alcorn,51,1,0,34.88084463,-88.57996173,28003.0,138.01315184152844,1.96078431372549,50,47,1,0,46,41,36925,4,0,0,4,6
2020-06-26,US,Mississippi,Amite,81,2,0,31.17467303,-90.80501621,28005.0,658.6972432300562,2.469135802469136,79,81,2,0,79,79,12326,0,0,0,0,2
2020-06-26,US,Mississippi,Attala,346,23,0,33.08658803,-89.57838564,28007.0,1903.8186420160669,6.647398843930636,323,341,23,0,318,338,18365,5,0,0,5,3
2020-06-26,US,Mississippi,Benton,24,0,0,34.81681228,-89.18945516,28009.0,290.5920813657828,0.0,24,25,0,0,25,22,8271,-1,0,0,-1,3
2020-06-26,US,Mississippi,Bolivar,236,13,0,33.79696941,-90.87372121,28011.0,770.5367637455922,5.508474576271187,223,233,13,0,220,230,31333,3,0,0,3,3
2020-06-26,US,Mississippi,Calhoun,108,4,0,33.93683395,-89.33686647,28013.0,752.0367662419052,3.703703703703704,104,108,4,0,104,100,14436,0,0,0,0,8
2020-06-26,US,Mississippi,Carroll,145,11,0,33.44834567,-89.91994479,28015.0,1457.7259475218661,7.586206896551723,134,141,11,0,130,138,9911,4,0,0,4,3
2020-06-26,US,Mississippi,Chickasaw,227,18,0,33.91983202,-88.9481545,28017.0,1327.2525287961175,7.929515418502202,209,217,18,0,199,203,17171,10,0,0,10,14
2020-06-26,US,Mississippi,Choctaw,69,4,0,33.34598242,-89.24809382,28019.0,840.4384896467723,5.797101449275362,65,68,3,0,65,67,8278,1,1,0,0,1
2020-06-26,US,Mississippi,Claiborne,202,10,0,31.97061673,-90.90702196,28021.0,2247.4410324877613,4.950495049504951,192,200,10,0,190,180,9002,2,0,0,2,20
2020-06-26,US,Mississippi,Clarke,193,22,0,32.04158545,-88.68896219999998,28023.0,1241.876327134676,11.398963730569946,171,193,22,0,171,190,15604,0,0,0,0,3
2020-06-26,US,Mississippi,Clay,233,7,0,33.65358105,-88.77784255,28025.0,1206.2538827914682,3.004291845493562,226,229,7,0,222,222,19386,4,0,0,4,7
2020-06-26,US,Mississippi,Coahoma,176,6,0,34.22772299,-90.60415045,28027.0,795.5161815223288,3.4090909090909087,170,175,6,0,169,167,22628,1,0,0,1,8
2020-06-26,US,Mississippi,Copiah,535,12,0,31.86977774,-90.44565118,28029.0,1906.2889720292176,2.2429906542056077,523,528,12,0,516,503,28543,7,0,0,7,25
2020-06-26,US,Mississippi,Covington,256,5,0,31.63225413,-89.55389939,28031.0,1373.68534020176,1.953125,251,253,5,0,248,248,18853,3,0,0,3,5
2020-06-26,US,Mississippi,DeSoto,1157,15,0,34.87625235,-89.99091418,28033.0,625.59139203547,1.296456352636128,1142,1091,15,0,1076,990,182001,66,0,0,66,101
2020-06-26,US,Mississippi,Forrest,767,42,0,31.18961454,-89.25832496,28035.0,1024.073060336195,5.475880052151238,725,759,42,0,717,742,75036,8,0,0,8,17
2020-06-26,US,Mississippi,Franklin,32,2,0,31.47786634,-90.89672989,28037.0,414.88396214183854,6.25,30,32,2,0,30,32,7788,0,0,0,0,0
2020-06-26,US,Mississippi,George,61,3,0,30.86259065,-88.64436789,28039.0,248.9795918367347,4.918032786885246,58,60,3,0,57,58,24250,1,0,0,1,2
2020-06-26,US,Mississippi,Greene,76,7,0,31.21444233,-88.63922281,28041.0,559.3993817164728,9.210526315789474,69,75,5,0,70,71,13586,1,2,0,-1,4
2020-06-26,US,Mississippi,Grenada,257,4,0,33.77036166,-89.80245083,28043.0,1238.0768860198475,1.5564202334630348,253,252,4,0,248,226,21055,5,0,0,5,26
2020-06-26,US,Mississippi,Hancock,115,13,0,30.41830223,-89.48851033,28045.0,241.43432986227745,11.304347826086955,102,112,13,0,99,106,47334,3,0,0,3,6
2020-06-26,US,Mississippi,Harrison,607,7,0,30.51359752,-89.12467576,28047.0,291.71472510572863,1.1532125205930808,600,562,7,0,555,514,206650,45,0,0,45,48
2020-06-26,US,Mississippi,Hinds,1853,34,0,32.2656285,-90.44435448,28049.0,799.2581090407177,1.834862385321101,1819,1772,34,0,1738,1646,237085,81,0,0,81,126
2020-06-26,US,Mississippi,Holmes,506,39,0,33.12345854,-90.08923538,28051.0,2974.72075249853,7.707509881422925,467,501,39,0,462,496,17622,5,0,0,5,5
2020-06-26,US,Mississippi,Humphreys,109,9,0,33.12825718,-90.52252707,28053.0,1351.686507936508,8.256880733944952,100,107,9,0,98,101,8257,2,0,0,2,6
2020-06-26,US,Mississippi,Issaquena,5,0,0,32.72531359,-90.97392828,28055.0,376.7897513187641,0.0,5,2,0,0,2,,1308,3,0,0,3,
2020-06-26,US,Mississippi,Itawamba,113,8,0,34.27993475,-88.3606733,28057.0,483.1124412141941,7.079646017699115,105,112,8,0,104,112,23517,1,0,0,1,0
2020-06-26,US,Mississippi,Jackson,471,16,0,30.54020656,-88.64184064,28059.0,327.95560414157103,3.397027600849257,455,458,16,0,442,439,143277,13,0,0,13,19
2020-06-26,US,Mississippi,Jasper,221,6,0,32.01922104,-89.11786866,28061.0,1348.959287065861,2.7149321266968327,215,221,6,0,215,218,16428,0,0,0,0,3
2020-06-26,US,Mississippi,Jefferson,76,3,0,31.73397872,-91.03764977,28063.0,1087.2675250357654,3.947368421052632,73,69,3,0,66,65,7106,7,0,0,7,4
2020-06-26,US,Mississippi,Jefferson Davis,97,3,0,31.56884708,-89.82670990000004,28065.0,871.6750539180446,3.0927835051546397,94,94,3,0,91,93,11234,3,0,0,3,1
2020-06-26,US,Mississippi,Jones,998,48,0,31.62257767,-89.16896899999998,28067.0,1465.5349643161326,4.809619238476954,950,994,48,0,946,965,68461,4,0,0,4,29
2020-06-26,US,Mississippi,Kemper,171,13,0,32.75462946,-88.64105766,28069.0,1755.2863888318618,7.60233918128655,158,170,13,0,157,169,10027,1,0,0,1,1
2020-06-26,US,Mississippi,Lafayette,310,4,0,34.35687874,-89.48490961,28071.0,573.8721560932264,1.2903225806451613,306,303,4,0,299,289,54793,7,0,0,7,14
2020-06-26,US,Mississippi,Lamar,371,7,0,31.20572971,-89.5077704,28073.0,585.700077356614,1.8867924528301887,364,369,7,0,362,355,62447,2,0,0,2,14
2020-06-26,US,Mississippi,Lauderdale,867,78,0,32.40419769,-88.66229662,28075.0,1169.64586846543,8.996539792387543,789,864,78,0,786,856,75317,3,0,0,3,8
2020-06-26,US,Mississippi,Lawrence,142,1,0,31.55147224,-90.10841127,28077.0,1128.2377244557445,0.7042253521126759,141,140,1,0,139,135,12455,2,0,0,2,5
2020-06-26,US,Mississippi,Leake,526,17,0,32.7536828,-89.52402044,28079.0,2308.4350039497936,3.2319391634980987,509,520,17,0,503,510,22763,6,0,0,6,10
2020-06-26,US,Mississippi,Lee,437,15,0,34.291877500000005,-88.68149954,28081.0,511.49398380073967,3.432494279176201,422,429,15,0,414,403,85202,8,0,0,8,26
2020-06-26,US,Mississippi,Leflore,441,48,0,33.55545125,-90.29900733,28083.0,1564.7730901607351,10.884353741496598,393,439,48,0,391,434,28919,2,0,0,2,5
2020-06-26,US,Mississippi,Lincoln,413,32,0,31.53288662,-90.45391915,28085.0,1209.264193482271,7.74818401937046,381,411,32,0,379,396,34205,2,0,0,2,15
2020-06-26,US,Mississippi,Lowndes,421,10,0,33.47386518,-88.44191529999998,28087.0,718.4913388514377,2.375296912114014,411,412,10,0,402,399,58930,9,0,0,9,13
2020-06-26,US,Mississippi,Madison,1112,31,0,32.63389156,-90.03513564,28089.0,1046.3715748268594,2.787769784172662,1081,1082,31,0,1051,1034,105630,30,0,0,30,48
2020-06-26,US,Mississippi,Marion,223,11,0,31.23132643,-89.8209217,28091.0,907.5001017376796,4.932735426008969,212,215,10,0,205,203,24715,8,1,0,7,12
2020-06-26,US,Mississippi,Marshall,164,3,0,34.76216286,-89.50299462,28093.0,464.6682155607185,1.8292682926829267,161,160,3,0,157,148,35451,4,0,0,4,12
2020-06-26,US,Mississippi,Monroe,334,28,0,33.89236763,-88.4808438,28095.0,947.4639736752524,8.383233532934131,306,328,28,0,300,318,35564,6,0,0,6,10
2020-06-26,US,Mississippi,Montgomery,110,2,0,33.49419589,-89.61729103,28097.0,1125.3196930946292,1.818181818181818,108,110,2,0,108,107,10023,0,0,0,0,3
2020-06-26,US,Mississippi,Neshoba,928,63,0,32.75339664,-89.11726492,28099.0,3187.0320763788727,6.788793103448277,865,922,63,0,859,916,29125,6,0,0,6,6
2020-06-26,US,Mississippi,Newton,326,8,0,32.40021118,-89.11843336,28101.0,1551.0514796840805,2.4539877300613497,318,325,8,0,317,326,21443,1,0,0,1,-1
2020-06-26,US,Mississippi,Noxubee,233,7,0,33.11009499,-88.56949061,28103.0,2236.72842469041,3.004291845493562,226,234,7,0,227,227,10535,-1,0,0,-1,7
2020-06-26,US,Mississippi,Oktibbeha,457,21,0,33.42491685,-88.87905132,28105.0,921.6125194103295,4.595185995623632,436,448,21,0,427,431,49599,9,0,0,9,17
2020-06-26,US,Mississippi,Panola,227,5,0,34.36398677,-89.95064249,28107.0,663.8979878334112,2.202643171806167,222,221,5,0,216,204,34178,6,0,0,6,17
2020-06-26,US,Mississippi,Pearl River,235,32,0,30.77090935,-89.58677275,28109.0,423.15656793013403,13.617021276595745,203,232,32,0,200,228,55387,3,0,0,3,4
2020-06-26,US,Mississippi,Perry,56,4,0,31.17161885,-88.99281835,28111.0,467.7190344942788,7.142857142857142,52,56,4,0,52,56,11931,0,0,0,0,0
2020-06-26,US,Mississippi,Pike,328,11,0,31.17507789,-90.40392572,28113.0,834.8605172062718,3.3536585365853657,317,321,11,0,310,298,39563,7,0,0,7,23
2020-06-26,US,Mississippi,Pontotoc,189,3,0,34.226046000000004,-89.03636807,28115.0,587.4308447815006,1.5873015873015872,186,175,3,0,172,156,31833,14,0,0,14,19
2020-06-26,US,Mississippi,Prentiss,90,3,0,34.61810501,-88.51986294,28117.0,358.194698718459,3.333333333333333,87,85,3,0,82,81,25315,5,0,0,5,4
2020-06-26,US,Mississippi,Quitman,59,0,0,34.25157572,-90.28908,28119.0,868.6690223792697,0.0,59,56,0,0,56,49,7051,3,0,0,3,7
2020-06-26,US,Mississippi,Rankin,700,12,0,32.26469147,-89.94537876,28121.0,450.82468715986886,1.7142857142857142,688,682,12,0,670,636,153902,18,0,0,18,46
2020-06-26,US,Mississippi,Scott,723,14,0,32.406704100000006,-89.53789439,28123.0,2570.7580713980938,1.9363762102351316,709,721,14,0,707,709,28287,2,0,0,2,12
2020-06-26,US,Mississippi,Sharkey,21,0,0,32.88149103,-90.8159538,28125.0,485.99861143253884,0.0,21,20,0,0,20,18,4377,1,0,0,1,2
2020-06-26,US,Mississippi,Simpson,193,3,0,31.91282117,-89.91716179,28127.0,723.9852952209468,1.5544041450777202,190,187,2,0,185,177,26758,6,1,0,5,10
2020-06-26,US,Mississippi,Smith,202,11,0,32.01744532,-89.50644846,28129.0,1269.1631063081174,5.445544554455446,191,199,11,0,188,192,16002,3,0,0,3,7
2020-06-26,US,Mississippi,Stone,48,1,0,30.79187949,-89.11547539,28131.0,261.78010471204186,2.083333333333333,47,48,1,0,47,44,18717,0,0,0,0,4
2020-06-26,US,Mississippi,Sunflower,221,6,0,33.60192578,-90.58882684,28133.0,880.1274392672243,2.7149321266968327,215,209,6,0,203,189,25735,12,0,0,12,20
2020-06-26,US,Mississippi,Tallahatchie,88,1,0,33.95339918,-90.1729398,28135.0,637.2655514519516,1.1363636363636365,87,85,1,0,84,72,13987,3,0,0,3,13
2020-06-26,US,Mississippi,Tate,230,5,0,34.65133709,-89.94485778,28137.0,812.1182161646834,2.1739130434782608,225,221,5,0,216,211,28759,9,0,0,9,10
2020-06-26,US,Mississippi,Tippah,116,11,0,34.76872156,-88.90988194,28139.0,526.9134680899386,9.482758620689657,105,115,11,0,104,109,21995,1,0,0,1,6
2020-06-26,US,Mississippi,Tishomingo,60,1,0,34.74023475,-88.23917219,28141.0,309.5496053242532,1.6666666666666667,59,58,1,0,57,55,19454,2,0,0,2,3
2020-06-26,US,Mississippi,Tunica,81,3,0,34.64967704,-90.37481167,28143.0,840.9468438538206,3.703703703703704,78,81,3,0,78,78,9944,0,0,0,0,3
2020-06-26,US,Mississippi,Union,157,8,0,34.49162015,-89.00776006,28145.0,544.8551101856672,5.095541401273885,149,150,8,0,142,138,28606,7,0,0,7,12
2020-06-26,US,Mississippi,Walthall,165,3,0,31.14971548,-90.10446654,28147.0,1154.976900461991,1.818181818181818,162,163,3,0,160,147,14465,2,0,0,2,16
2020-06-26,US,Mississippi,Warren,384,16,0,32.35810271,-90.83352619,28149.0,846.1691016063992,4.166666666666667,368,371,16,0,355,358,46176,13,0,0,13,13
2020-06-26,US,Mississippi,Washington,379,9,0,33.28392041,-90.94196237,28151.0,863.1487849871324,2.3746701846965697,370,369,9,0,360,329,45063,10,0,0,10,40
2020-06-26,US,Mississippi,Wayne,462,10,0,31.64135687,-88.69573913,28153.0,2289.0551454194124,2.1645021645021645,452,461,9,0,452,446,20298,1,1,0,0,15
2020-06-26,US,Mississippi,Webster,124,10,0,33.61300486,-89.28392912,28155.0,1279.8018371348953,8.064516129032258,114,124,10,0,114,124,9788,0,0,0,0,0
2020-06-26,US,Mississippi,Wilkinson,88,9,0,31.16078225,-91.31018819,28157.0,1019.6987253765933,10.227272727272727,79,87,9,0,78,86,8792,1,0,0,1,1
2020-06-26,US,Mississippi,Winston,223,4,0,33.08747908,-89.03391385,28159.0,1241.993873572821,1.7937219730941705,219,217,4,0,213,194,18165,6,0,0,6,23
2020-06-26,US,Mississippi,Yalobusha,144,7,0,34.02824175,-89.70762049999998,28161.0,1189.2963330029731,4.861111111111111,137,141,7,0,134,136,12392,3,0,0,3,5
2020-06-26,US,Mississippi,Yazoo,441,6,0,32.77890365,-90.39656148,28163.0,1485.3486022229706,1.3605442176870748,435,426,6,0,420,412,28248,15,0,0,15,14
2020-06-26,US,Missouri,Adair,88,0,0,40.19058551,-92.60078167,29001.0,347.23592313459335,0.0,88,88,0,0,88,87,25339,0,0,0,0,1
2020-06-26,US,Missouri,Andrew,45,0,0,39.98492163,-94.80163024,29003.0,254.0650406504065,0.0,45,45,0,0,45,45,17607,0,0,0,0,0
2020-06-26,US,Missouri,Atchison,3,0,0,40.43238737,-95.42970639,29005.0,58.331713007972,0.0,3,3,0,0,3,3,5171,0,0,0,0,0
2020-06-26,US,Missouri,Audrain,139,1,0,39.215877,-91.84242683,29007.0,547.5027572081299,0.7194244604316546,138,137,1,0,136,137,25473,2,0,0,2,0
2020-06-26,US,Missouri,Barry,36,0,0,36.70978521,-93.82919888,29009.0,100.58956662661713,0.0,36,34,0,0,34,32,35886,2,0,0,2,2
2020-06-26,US,Missouri,Barton,21,0,0,37.50207671,-94.34757022,29011.0,178.66258295048493,0.0,21,21,0,0,21,17,11798,0,0,0,0,4
2020-06-26,US,Missouri,Bates,12,1,0,38.25271289,-94.34113157,29013.0,74.20232500618353,8.333333333333334,11,12,1,0,11,12,16320,0,0,0,0,0
2020-06-26,US,Missouri,Benton,17,0,0,38.29503305,-93.28756116,29015.0,87.43506660494779,0.0,17,16,0,0,16,16,19278,1,0,0,1,0
2020-06-26,US,Missouri,Bollinger,13,0,0,37.32449052,-90.02725304,29017.0,107.1458007088107,0.0,13,12,0,0,12,12,12169,1,0,0,1,0
2020-06-26,US,Missouri,Boone,313,2,0,38.99186229,-92.30723575,29019.0,173.44275557870586,0.6389776357827476,311,298,2,0,296,288,180005,15,0,0,15,10
2020-06-26,US,Missouri,Buchanan,834,3,0,39.65816401,-94.80138942,29021.0,954.626619660272,0.3597122302158273,831,827,3,0,824,819,88571,7,0,0,7,8
2020-06-26,US,Missouri,Butler,75,0,0,36.71462476,-90.40421163,29023.0,176.56198502754367,0.0,75,71,0,0,71,68,42639,4,0,0,4,3
2020-06-26,US,Missouri,Caldwell,9,0,0,39.65620858,-93.98308093,29025.0,99.77827050997783,0.0,9,9,0,0,9,9,9108,0,0,0,0,0
2020-06-26,US,Missouri,Callaway,46,1,0,38.83674754,-91.92186505,29027.0,102.80937800326308,2.1739130434782608,45,45,1,0,44,46,44889,1,0,0,1,-1
2020-06-26,US,Missouri,Camden,60,1,0,38.02199522,-92.76083747,29029.0,129.5756397797214,1.6666666666666667,59,57,1,0,56,55,45815,3,0,0,3,2
2020-06-26,US,Missouri,Cape Girardeau,133,3,0,37.38489388,-89.6843587,29031.0,168.62978788147734,2.255639097744361,130,126,3,0,123,123,78753,7,0,0,7,3
2020-06-26,US,Missouri,Carroll,11,0,0,39.42762566,-93.50626255,29033.0,126.74271229404309,0.0,11,11,0,0,11,11,8743,0,0,0,0,0
2020-06-26,US,Missouri,Carter,6,1,0,36.94160441,-90.96051322,29035.0,100.30090270812435,16.666666666666668,5,6,1,0,5,6,6054,0,0,0,0,0
2020-06-26,US,Missouri,Cass,123,8,0,38.64789422,-94.353399,29037.0,116.27906976744184,6.5040650406504055,115,120,8,0,112,116,104954,3,0,0,3,4
2020-06-26,US,Missouri,Cedar,9,0,0,37.72391475,-93.85445441,29039.0,62.72214091574325,0.0,9,9,0,0,9,9,14165,0,0,0,0,0
2020-06-26,US,Missouri,Chariton,6,0,0,39.51499357,-92.9629191,29041.0,80.79719903043363,0.0,6,6,0,0,6,6,7451,0,0,0,0,0
2020-06-26,US,Missouri,Christian,39,0,0,36.9711783,-93.18537118,29043.0,44.02054292002936,0.0,39,38,0,0,38,37,86983,1,0,0,1,1
2020-06-26,US,Missouri,Clark,2,0,0,40.41040752,-91.73661677,29045.0,29.424746211563924,0.0,2,2,0,0,2,2,6842,0,0,0,0,0
2020-06-26,US,Missouri,Clay,406,8,0,39.31132056,-94.41850862,29047.0,162.43378622753534,1.9704433497536944,398,386,8,0,378,375,246365,20,0,0,20,11
2020-06-26,US,Missouri,Clinton,23,0,0,39.6013098,-94.40465394,29049.0,112.81699121989504,0.0,23,23,0,0,23,23,20470,0,0,0,0,0
2020-06-26,US,Missouri,Cole,73,2,0,38.50455671,-92.27860244,29051.0,95.12020327057137,2.7397260273972597,71,63,2,0,61,64,76796,10,0,0,10,-1
2020-06-26,US,Missouri,Cooper,14,0,0,38.844478,-92.80896081,29053.0,79.05584730927777,0.0,14,14,0,0,14,13,17603,0,0,0,0,1
2020-06-26,US,Missouri,Crawford,11,0,0,37.97663738,-91.30528104,29055.0,45.986622073578594,0.0,11,10,0,0,10,10,23957,1,0,0,1,0
2020-06-26,US,Missouri,Dade,1,0,0,37.431814,-93.8503345,29057.0,13.225763787858751,0.0,1,1,0,0,1,1,7569,0,0,0,0,0
2020-06-26,US,Missouri,Dallas,12,1,0,37.6811355,-93.02127031,29059.0,71.09847138286527,8.333333333333334,11,12,1,0,11,12,16762,0,0,0,0,0
2020-06-26,US,Missouri,Daviess,8,0,0,39.96145298,-93.98519678,29061.0,96.64170089393572,0.0,8,7,0,0,7,7,8313,1,0,0,1,0
2020-06-26,US,Missouri,DeKalb,10,0,0,39.89201062,-94.40476508,29063.0,79.70032677133977,0.0,10,10,0,0,10,10,12630,0,0,0,0,0
2020-06-26,US,Missouri,Dent,3,0,0,37.60663134,-91.50790473,29065.0,19.264110961279137,0.0,3,3,0,0,3,2,15441,0,0,0,0,1
2020-06-26,US,Missouri,Douglas,3,0,0,36.9325593,-92.49905109,29067.0,22.75312855517633,0.0,3,3,0,0,3,3,13373,0,0,0,0,0
2020-06-26,US,Missouri,Dunklin,92,3,0,36.27167174,-90.09122243,29069.0,315.8147677731626,3.260869565217391,89,84,3,0,81,82,29423,8,0,0,8,2
2020-06-26,US,Missouri,Franklin,202,18,0,38.41127108,-91.07522826,29071.0,194.29241971010032,8.910891089108912,184,201,18,0,183,192,103670,1,0,0,1,9
2020-06-26,US,Missouri,Gasconade,9,0,0,38.43947277,-91.50847147,29073.0,61.19951040391677,0.0,9,7,0,0,7,6,14705,2,0,0,2,1
2020-06-26,US,Missouri,Gentry,57,9,0,40.21097916,-94.40944419,29075.0,867.4478770354589,15.789473684210524,48,56,9,0,47,57,6628,1,0,0,1,-1
2020-06-26,US,Missouri,Greene,260,8,0,37.2575872,-93.34230916,29077.0,88.71116327630797,3.0769230769230766,252,246,8,0,238,238,291923,14,0,0,14,8
2020-06-26,US,Missouri,Grundy,18,0,0,40.11406587,-93.56509276,29079.0,182.74111675126903,0.0,18,18,0,0,18,18,9914,0,0,0,0,0
2020-06-26,US,Missouri,Harrison,12,0,0,40.35570088,-93.99222144,29081.0,143.67816091954026,0.0,12,12,0,0,12,12,8414,0,0,0,0,0
2020-06-26,US,Missouri,Henry,19,3,0,38.38482826,-93.79293734,29083.0,87.0601173020528,15.789473684210524,16,19,3,0,16,17,21792,0,0,0,0,2
2020-06-26,US,Missouri,Holt,1,0,0,40.09799248,-95.2163888,29087.0,22.71178741766977,0.0,1,1,0,0,1,1,4404,0,0,0,0,0
2020-06-26,US,Missouri,Howard,5,0,0,39.1435761,-92.69756691,29089.0,49.99500049995,0.0,5,5,0,0,5,5,10137,0,0,0,0,0
2020-06-26,US,Missouri,Howell,36,0,0,36.77383887,-91.88683935,29091.0,89.73751776055039,0.0,36,36,0,0,36,34,40076,0,0,0,0,2
2020-06-26,US,Missouri,Iron,3,0,0,37.55487945,-90.7735296,29093.0,29.62962962962963,0.0,3,2,0,0,2,2,10177,1,0,0,1,0
2020-06-26,US,Missouri,Jackson,1103,24,0,39.01002188,-94.34724536,29095.0,156.896549271633,2.1758839528558482,1079,1074,23,0,1051,1076,700307,29,1,0,28,-2
2020-06-26,US,Missouri,Jasper,423,1,0,37.20351921,-94.34050458,29097.0,348.6416985361993,0.2364066193853428,422,389,1,0,388,334,120636,34,0,0,34,55
2020-06-26,US,Missouri,Jefferson,438,19,0,38.25926778,-90.53870896,29099.0,194.5966118863876,4.337899543378995,419,432,19,0,413,428,224347,6,0,0,6,4
2020-06-26,US,Missouri,Johnson,101,0,0,38.74719601,-93.80691168,29101.0,186.82253708704818,0.0,101,96,0,0,96,91,53652,5,0,0,5,5
2020-06-26,US,Missouri,Kansas City,2211,31,0,39.0997,-94.5786,0.0,452.19994968738683,1.4020805065581186,2180,2162,31,0,2131,2057,491918,49,0,0,49,105
2020-06-26,US,Missouri,Knox,2,0,0,40.12699751,-92.14780832,29103.0,50.51780752715332,0.0,2,2,0,0,2,2,3947,0,0,0,0,0
2020-06-26,US,Missouri,Laclede,25,0,0,37.65896829,-92.5888493,29105.0,69.98292416650337,0.0,25,23,0,0,23,20,35713,2,0,0,2,3
2020-06-26,US,Missouri,Lafayette,87,2,0,39.06986886,-93.78076396,29107.0,265.9899718723248,2.2988505747126435,85,87,2,0,85,86,32598,0,0,0,0,1
2020-06-26,US,Missouri,Lawrence,28,0,0,37.10626634,-93.83293097,29109.0,73.0022161387042,0.0,28,20,0,0,20,20,38359,8,0,0,8,0
2020-06-26,US,Missouri,Lewis,7,1,0,40.09673161,-91.72070156,29111.0,71.6039279869067,14.285714285714285,6,7,1,0,6,7,9855,0,0,0,0,0
2020-06-26,US,Missouri,Lincoln,95,1,0,39.05345619,-90.95588181,29113.0,160.98147865724502,1.0526315789473684,94,96,1,0,95,95,57686,-1,0,0,-1,1
2020-06-26,US,Missouri,Linn,14,1,0,39.87001769,-93.10704106,29115.0,117.4496644295302,7.142857142857142,13,14,1,0,13,14,12037,0,0,0,0,0
2020-06-26,US,Missouri,Livingston,11,0,0,39.78110272,-93.54645978,29117.0,72.24009982268339,0.0,11,10,0,0,10,10,15146,1,0,0,1,0
2020-06-26,US,Missouri,Macon,7,0,0,39.83049768,-92.56453089,29121.0,46.30548389230668,0.0,7,7,0,0,7,7,15153,0,0,0,0,0
2020-06-26,US,Missouri,Madison,3,0,0,37.47865134,-90.3467143,29123.0,24.81800132362674,0.0,3,3,0,0,3,3,12188,0,0,0,0,0
2020-06-26,US,Missouri,Maries,4,0,0,38.16193985,-91.92249662,29125.0,45.992871104978725,0.0,4,4,0,0,4,4,8769,0,0,0,0,0
2020-06-26,US,Missouri,Marion,14,0,0,39.80601912,-91.62203062,29127.0,49.07115317209954,0.0,14,14,0,0,14,13,28592,0,0,0,0,1
2020-06-26,US,Missouri,McDonald,473,1,0,36.62869595,-94.34867205,29119.0,2071.2002452160973,0.21141649048625796,472,451,1,0,450,422,23078,22,0,0,22,29
2020-06-26,US,Missouri,Mercer,6,0,0,40.42212303,-93.5682959,29129.0,165.8833287254631,0.0,6,5,0,0,5,5,3641,1,0,0,1,0
2020-06-26,US,Missouri,Miller,12,0,0,38.21450288,-92.42610898,29131.0,46.840235762519995,0.0,12,11,0,0,11,11,25336,1,0,0,1,0
2020-06-26,US,Missouri,Mississippi,88,0,0,36.82516239,-89.29505753,29133.0,667.6783004552352,0.0,88,82,0,0,82,80,13336,6,0,0,6,2
2020-06-26,US,Missouri,Moniteau,49,1,0,38.63571781,-92.57976951,29135.0,303.74411108356065,2.0408163265306123,48,49,1,0,48,49,16121,0,0,0,0,0
2020-06-26,US,Missouri,Monroe,5,0,0,39.49593978,-92.00043978,29137.0,57.84359093012494,0.0,5,5,0,0,5,5,8664,0,0,0,0,0
2020-06-26,US,Missouri,Montgomery,16,0,0,38.94022054,-91.47000721,29139.0,138.51614578824345,0.0,16,16,0,0,16,15,11534,0,0,0,0,1
2020-06-26,US,Missouri,Morgan,13,0,0,38.4181765,-92.88791859,29141.0,63.024191593542454,0.0,13,13,0,0,13,13,20358,0,0,0,0,0
2020-06-26,US,Missouri,New Madrid,36,1,0,36.59666326,-89.66070007,29143.0,210.8222066057625,2.7777777777777777,35,36,1,0,35,36,17296,0,0,0,0,0
2020-06-26,US,Missouri,Newton,332,2,0,36.90519407,-94.3394104,29145.0,570.0940998694965,0.6024096385542169,330,312,2,0,310,301,58266,20,0,0,20,11
2020-06-26,US,Missouri,Nodaway,17,0,0,40.36079813,-94.88133008,29147.0,76.95093246424045,0.0,17,17,0,0,17,17,22304,0,0,0,0,0
2020-06-26,US,Missouri,Oregon,6,0,0,36.68710164,-91.4033755,29149.0,56.9854687054801,0.0,6,6,0,0,6,6,10541,0,0,0,0,0
2020-06-26,US,Missouri,Osage,6,0,0,38.46036182,-91.8613635,29151.0,44.06904149834741,0.0,6,6,0,0,6,6,13714,0,0,0,0,0
2020-06-26,US,Missouri,Ozark,1,0,0,36.64916339,-92.44459066,29153.0,10.90037061260083,0.0,1,1,0,0,1,1,9017,0,0,0,0,0
2020-06-26,US,Missouri,Pemiscot,109,6,0,36.2130572,-89.78742322,29155.0,689.6551724137931,5.504587155963303,103,109,6,0,103,108,16272,0,0,0,0,1
2020-06-26,US,Missouri,Perry,119,0,0,37.70660776,-89.82741088,29157.0,621.8645484949832,0.0,119,112,0,0,112,111,19150,7,0,0,7,1
2020-06-26,US,Missouri,Pettis,110,1,0,38.72798918,-93.28471706,29159.0,259.80774227071964,0.9090909090909092,109,110,1,0,109,102,42542,0,0,0,0,8
2020-06-26,US,Missouri,Phelps,22,0,0,37.87736118,-91.79351727,29161.0,49.357234200076284,0.0,22,15,0,0,15,12,44732,7,0,0,7,3
2020-06-26,US,Missouri,Pike,36,1,0,39.34310674,-91.16980779,29163.0,196.69981422795325,2.7777777777777777,35,36,1,0,35,34,18504,0,0,0,0,2
2020-06-26,US,Missouri,Platte,110,4,0,39.38154439,-94.77068479,29165.0,105.34582160163956,3.636363636363636,106,108,4,0,104,107,102985,2,0,0,2,1
2020-06-26,US,Missouri,Polk,13,0,0,37.6162296,-93.39828174,29167.0,40.43671653861706,0.0,13,11,0,0,11,11,32201,2,0,0,2,0
2020-06-26,US,Missouri,Pulaski,117,1,0,37.82462075,-92.20783203,29169.0,222.403862603836,0.8547008547008547,116,116,1,0,115,115,52014,1,0,0,1,1
2020-06-26,US,Missouri,Putnam,2,0,0,40.47942497,-93.02042674,29171.0,42.58943781942078,0.0,2,2,0,0,2,2,4757,0,0,0,0,0
2020-06-26,US,Missouri,Ralls,9,0,0,39.52817427,-91.51838643,29173.0,87.30235716364342,0.0,9,9,0,0,9,9,10212,0,0,0,0,0
2020-06-26,US,Missouri,Randolph,12,0,0,39.44007257,-92.4971374,29175.0,48.48876676903184,0.0,12,12,0,0,12,12,24763,0,0,0,0,0
2020-06-26,US,Missouri,Ray,25,0,0,39.3537468,-93.98905745,29177.0,108.61065253280043,0.0,25,25,0,0,25,25,22883,0,0,0,0,0
2020-06-26,US,Missouri,Reynolds,2,0,0,37.36085952,-90.97009925,29179.0,31.897926634768737,0.0,2,2,0,0,2,2,6254,0,0,0,0,0
2020-06-26,US,Missouri,Ripley,17,0,0,36.65460667,-90.85990261,29181.0,127.9349789283564,0.0,17,17,0,0,17,16,13401,0,0,0,0,1
2020-06-26,US,Missouri,Saline,282,4,0,39.13734288,-93.20259964,29195.0,1238.9613813101355,1.4184397163120568,278,282,4,0,278,278,22895,0,0,0,0,4
2020-06-26,US,Missouri,Schuyler,5,0,0,40.46921489,-92.52311943,29197.0,107.2961373390558,0.0,5,4,0,0,4,4,4599,1,0,0,1,0
2020-06-26,US,Missouri,Scotland,10,1,0,40.45214695,-92.14709064,29199.0,203.9983680130559,10.0,9,8,1,0,7,8,4966,2,0,0,2,0
2020-06-26,US,Missouri,Scott,161,11,0,37.05588075,-89.56474493,29201.0,420.58516196447226,6.832298136645963,150,159,11,0,148,159,38458,2,0,0,2,0
2020-06-26,US,Missouri,Shannon,6,0,0,37.15772072,-91.40190382,29203.0,73.47538574577517,0.0,6,6,0,0,6,6,8189,0,0,0,0,0
2020-06-26,US,Missouri,Shelby,3,0,0,39.79742518,-92.07634971,29205.0,50.590219224283295,0.0,3,3,0,0,3,3,6050,0,0,0,0,0
2020-06-26,US,Missouri,St. Charles,1003,73,0,38.77875681,-90.66662425,29183.0,249.488833944411,7.278165503489531,930,995,73,0,922,974,399182,8,0,0,8,21
2020-06-26,US,Missouri,St. Clair,2,0,0,38.03699437,-93.77631447,29185.0,21.283388315419813,0.0,2,2,0,0,2,2,9395,0,0,0,0,0
2020-06-26,US,Missouri,St. Francois,129,2,0,37.81214171,-90.47598685,29187.0,191.92144610577995,1.5503875968992251,127,100,2,0,98,97,66692,29,0,0,29,3
2020-06-26,US,Missouri,St. Louis,6201,567,0,38.63770039999999,-90.4458375,29189.0,623.7144250934164,9.143686502177069,5634,6092,558,0,5534,6004,996945,109,9,0,100,88
2020-06-26,US,Missouri,St. Louis City,2323,155,0,38.63555736,-90.24349225,29510.0,772.8494623655914,6.672406371071889,2168,2213,155,0,2058,2142,302838,110,0,0,110,71
2020-06-26,US,Missouri,Ste. Genevieve,17,1,0,37.89090059,-90.1949941,29186.0,95.00391192578518,5.882352941176472,16,17,1,0,16,16,17888,0,0,0,0,1
2020-06-26,US,Missouri,Stoddard,134,8,0,36.85571651,-89.9444155,29207.0,461.67097329888026,5.970149253731344,126,132,8,0,124,129,29206,2,0,0,2,3
2020-06-26,US,Missouri,Stone,12,0,0,36.75000327,-93.45256475,29209.0,37.55633450175264,0.0,12,11,0,0,11,11,31749,1,0,0,1,0
2020-06-26,US,Missouri,Sullivan,107,0,0,40.2099105,-93.11150106,29211.0,1757.2672031532272,0.0,107,108,0,0,108,102,6221,-1,0,0,-1,6
2020-06-26,US,Missouri,Taney,40,2,0,36.65465345,-93.04075153,29213.0,71.52052639107424,5.0,38,39,2,0,37,35,55852,1,0,0,1,4
2020-06-26,US,Missouri,Texas,4,0,0,37.31728859,-91.96564727,29215.0,15.749271596188676,0.0,4,4,0,0,4,5,25571,0,0,0,0,-1
2020-06-26,US,Missouri,Vernon,16,0,0,37.8457799,-94.34127305,29217.0,77.80965812381461,0.0,16,15,0,0,15,13,20528,1,0,0,1,2
2020-06-26,US,Missouri,Warren,39,0,0,38.76529479,-91.16124662,29219.0,109.39998316923337,0.0,39,37,0,0,37,34,34711,2,0,0,2,3
2020-06-26,US,Missouri,Washington,21,1,0,37.96130078,-90.87948158,29221.0,84.91710473109583,4.761904761904762,20,19,1,0,18,17,24943,2,0,0,2,2
2020-06-26,US,Missouri,Wayne,3,0,0,37.11303869,-90.46001416,29223.0,23.304591004427877,0.0,3,3,0,0,3,3,13122,0,0,0,0,0
2020-06-26,US,Missouri,Webster,26,1,0,37.2813734,-92.876329,29225.0,65.66983228935139,3.8461538461538463,25,24,1,0,23,23,39109,2,0,0,2,1
2020-06-26,US,Missouri,Worth,4,0,0,40.47945588,-94.42328751,29227.0,198.7083954297069,0.0,4,4,0,0,4,4,2040,0,0,0,0,0
2020-06-26,US,Missouri,Wright,14,0,0,37.27029221,-92.46914488,29229.0,76.54874514735633,0.0,14,14,0,0,14,14,18378,0,0,0,0,0
2020-06-26,US,Montana,Beaverhead,1,0,0,45.13434354,-112.89846940000001,30001.0,10.578652279699568,0.0,1,1,0,0,1,1,9404,0,0,0,0,0
2020-06-26,US,Montana,Big Horn,72,3,0,45.42335905,-107.492347,30003.0,540.5811247090622,4.166666666666667,69,70,3,0,67,68,13338,2,0,0,2,2
2020-06-26,US,Montana,Broadwater,5,0,0,46.33277565,-111.49558130000001,30007.0,80.1667468334135,0.0,5,5,0,0,5,5,6085,0,0,0,0,0
2020-06-26,US,Montana,Carbon,17,0,0,45.22850116,-109.0274047,30009.0,158.50815850815854,0.0,17,16,0,0,16,15,10714,1,0,0,1,1
2020-06-26,US,Montana,Cascade,26,2,0,47.30797024,-111.3467922,30013.0,31.95437897893469,7.6923076923076925,24,26,2,0,24,26,81643,0,0,0,0,0
2020-06-26,US,Montana,Custer,25,0,0,46.25319932,-105.57375259999998,30017.0,219.2597789861428,0.0,25,24,0,0,24,23,11586,1,0,0,1,1
2020-06-26,US,Montana,Dawson,8,0,0,47.26584855,-104.89444170000002,30021.0,92.88285150354116,0.0,8,9,0,0,9,3,8680,-1,0,0,-1,6
2020-06-26,US,Montana,Deer Lodge,3,0,0,46.05953325,-113.073353,30023.0,32.822757111597376,0.0,3,3,0,0,3,3,9131,0,0,0,0,0
2020-06-26,US,Montana,Fergus,2,0,0,47.26331584,-109.2245206,30027.0,18.099547511312217,0.0,2,2,0,0,2,2,11113,0,0,0,0,0
2020-06-26,US,Montana,Flathead,52,2,0,48.29575866,-114.05205690000001,30029.0,50.09344353890912,3.8461538461538463,50,51,2,0,49,49,102106,1,0,0,1,2
2020-06-26,US,Montana,Gallatin,231,1,0,45.54486106,-111.1692571,30031.0,201.86308265026128,0.4329004329004329,230,223,1,0,222,216,111876,8,0,0,8,7
2020-06-26,US,Montana,Glacier,7,0,0,48.70513576,-112.9934235,30035.0,50.89798589398677,0.0,7,7,0,0,7,7,13747,0,0,0,0,0
2020-06-26,US,Montana,Golden Valley,3,0,0,46.3816474,-109.17685220000001,30037.0,365.40803897685754,0.0,3,3,0,0,3,3,826,0,0,0,0,0
2020-06-26,US,Montana,Granite,1,0,0,46.40605220000001,-113.4414186,30039.0,29.594554601953238,0.0,1,1,0,0,1,,3378,0,0,0,0,
2020-06-26,US,Montana,Hill,1,0,0,48.62879827,-110.1129252,30041.0,6.066488716330987,0.0,1,1,0,0,1,1,16347,0,0,0,0,0
2020-06-26,US,Montana,Jefferson,3,0,0,46.14907081,-112.094396,30043.0,24.547909336388184,0.0,3,3,0,0,3,3,12097,0,0,0,0,0
2020-06-26,US,Montana,Lake,12,0,0,47.64514965,-114.0898013,30047.0,39.39851598923107,0.0,12,12,0,0,12,12,30250,0,0,0,0,0
2020-06-26,US,Montana,Lewis and Clark,24,0,0,47.12610041,-112.39469799999999,30049.0,34.56619426201176,0.0,24,24,0,0,24,24,68700,0,0,0,0,0
2020-06-26,US,Montana,Liberty,1,0,0,48.56084317,-111.02430700000001,30051.0,42.78990158322636,0.0,1,1,0,0,1,1,2430,0,0,0,0,0
2020-06-26,US,Montana,Lincoln,7,1,0,48.54265777,-115.4046155,30053.0,35.03503503503504,14.285714285714285,6,7,1,0,6,7,19794,0,0,0,0,0
2020-06-26,US,Montana,Madison,8,1,0,45.30080065,-111.9173017,30057.0,93.02325581395347,12.5,7,8,1,0,7,8,8768,0,0,0,0,0
2020-06-26,US,Montana,Meagher,1,0,0,46.59907074,-110.8898557,30059.0,53.705692803437174,0.0,1,1,0,0,1,1,1866,0,0,0,0,0
2020-06-26,US,Montana,Missoula,63,1,0,47.03728583,-113.92135079999998,30063.0,52.67558528428094,1.5873015873015872,62,58,1,0,57,54,118791,5,0,0,5,4
2020-06-26,US,Montana,Musselshell,1,0,0,46.49684637,-108.39498,30065.0,21.58428663932657,0.0,1,1,0,0,1,1,4651,0,0,0,0,0
2020-06-26,US,Montana,Park,8,0,0,45.48965095,-110.52643940000002,30067.0,48.17535830422739,0.0,8,9,0,0,9,9,16736,-1,0,0,-1,0
2020-06-26,US,Montana,Pondera,2,0,0,48.22773388,-112.22527029999999,30073.0,33.83522246658772,0.0,2,2,0,0,2,2,5972,0,0,0,0,0
2020-06-26,US,Montana,Ravalli,22,0,0,46.08520862,-114.11891640000002,30081.0,50.221430854220884,0.0,22,18,0,0,18,17,43172,4,0,0,4,1
2020-06-26,US,Montana,Richland,10,0,0,47.78668011,-104.5610786,30083.0,92.56687957048969,0.0,10,9,0,0,9,9,10913,1,0,0,1,0
2020-06-26,US,Montana,Roosevelt,8,0,0,48.29607488,-105.00792679999999,30085.0,72.70083605961469,0.0,8,7,0,0,7,7,11059,1,0,0,1,0
2020-06-26,US,Montana,Rosebud,9,1,0,46.23397237,-106.72928799999998,30087.0,100.70493454179257,11.111111111111109,8,10,0,0,10,10,9063,-1,1,0,-2,0
2020-06-26,US,Montana,Silver Bow,13,0,0,45.90018933,-112.6620092,30093.0,37.233280824860365,0.0,13,13,0,0,13,11,34993,0,0,0,0,2
2020-06-26,US,Montana,Stillwater,4,0,0,45.67071407,-109.3950061,30095.0,41.48516905206389,0.0,4,4,0,0,4,4,9534,0,0,0,0,0
2020-06-26,US,Montana,Toole,31,6,0,48.65577551,-111.69424140000001,30101.0,654.5608108108107,19.354838709677423,25,31,6,0,25,31,4853,0,0,0,0,0
2020-06-26,US,Montana,Treasure,2,0,0,46.20973220000001,-107.26665159999999,30103.0,287.3563218390805,0.0,2,2,0,0,2,,679,0,0,0,0,
2020-06-26,US,Montana,Valley,1,0,0,48.36435097,-106.6669635,30105.0,13.520822065981612,0.0,1,1,0,0,1,1,7437,0,0,0,0,0
2020-06-26,US,Montana,Wheatland,1,0,0,46.46652491,-109.84646359999999,30107.0,47.036688617121364,0.0,1,1,0,0,1,1,2236,0,0,0,0,0
2020-06-26,US,Montana,Yellowstone,144,4,0,45.93955949,-108.26914860000001,30111.0,89.2746435213887,2.7777777777777777,140,139,4,0,135,129,160137,5,0,0,5,10
2020-06-26,US,Nebraska,Adams,287,11,0,40.52449420000001,-98.50117804,31001.0,915.0910308325097,3.8327526132404177,276,285,11,0,274,283,31511,2,0,0,2,2
2020-06-26,US,Nebraska,Antelope,9,1,0,42.17695516,-98.06662829999999,31003.0,142.9025087329311,11.111111111111109,8,9,1,0,8,9,6336,0,0,0,0,0
2020-06-26,US,Nebraska,Banner,1,0,0,41.54634427,-103.7114332,31007.0,134.2281879194631,0.0,1,1,0,0,1,1,730,0,0,0,0,0
2020-06-26,US,Nebraska,Boone,7,0,0,41.70759415,-98.06737183,31011.0,134.82280431432974,0.0,7,7,0,0,7,7,5239,0,0,0,0,0
2020-06-26,US,Nebraska,Box Butte,3,0,0,42.22079243,-103.08788340000001,31013.0,27.821570991375317,0.0,3,3,0,0,3,3,10772,0,0,0,0,0
2020-06-26,US,Nebraska,Boyd,1,0,0,42.899727399999996,-98.76486568,31015.0,52.11047420531528,0.0,1,1,0,0,1,1,1955,0,0,0,0,0
2020-06-26,US,Nebraska,Buffalo,182,1,0,40.85486962,-99.07500296,31019.0,366.499526772589,0.5494505494505495,181,181,1,0,180,181,49615,1,0,0,1,0
2020-06-26,US,Nebraska,Burt,11,0,0,41.85056773,-96.32605633,31021.0,170.3050007741136,0.0,11,11,0,0,11,11,6488,0,0,0,0,0
2020-06-26,US,Nebraska,Butler,51,0,0,41.22703692,-97.13106306,31023.0,636.2275449101796,0.0,51,51,0,0,51,51,8058,0,0,0,0,0
2020-06-26,US,Nebraska,Cass,64,0,0,40.90899107,-96.13971217,31025.0,243.828101188662,0.0,64,63,0,0,63,62,26159,1,0,0,1,1
2020-06-26,US,Nebraska,Cedar,13,0,0,42.598885100000004,-97.25311951,31027.0,154.72506546060458,0.0,13,11,0,0,11,11,8446,2,0,0,2,0
2020-06-26,US,Nebraska,Chase,1,0,0,40.523719799999995,-101.69780259999999,31029.0,25.4841997961264,0.0,1,1,0,0,1,1,3977,0,0,0,0,0
2020-06-26,US,Nebraska,Cherry,1,0,0,42.54502621,-101.1244332,31031.0,17.577781683951486,0.0,1,1,0,0,1,1,5761,0,0,0,0,0
2020-06-26,US,Nebraska,Cheyenne,18,0,0,41.21999357,-102.9941693,31033.0,202.020202020202,0.0,18,18,0,0,18,18,9310,0,0,0,0,0
2020-06-26,US,Nebraska,Clay,27,0,0,40.52439441,-98.05126296,31035.0,435.2732548766726,0.0,27,27,0,0,27,27,6214,0,0,0,0,0
2020-06-26,US,Nebraska,Colfax,665,4,0,41.57486951,-97.0868542,31037.0,6209.730133532543,0.6015037593984962,661,664,4,0,660,663,10881,1,0,0,1,1
2020-06-26,US,Nebraska,Cuming,34,0,0,41.91637624,-96.78730772,31039.0,384.35451051322633,0.0,34,34,0,0,34,34,8940,0,0,0,0,0
2020-06-26,US,Nebraska,Custer,40,4,0,41.39374521,-99.72805369,31041.0,371.16080541894775,10.0,36,41,4,0,37,41,10840,-1,0,0,-1,0
2020-06-26,US,Nebraska,Dakota,1749,31,0,42.39040144,-96.56656425,31043.0,8733.646259862178,1.7724413950829043,1718,1749,31,0,1718,1745,20083,0,0,0,0,4
2020-06-26,US,Nebraska,Dawes,2,0,0,42.71985036,-103.1313774,31045.0,23.285597857725,0.0,2,2,0,0,2,2,8716,0,0,0,0,0
2020-06-26,US,Nebraska,Dawson,854,8,0,40.87028216,-99.82014609999999,31047.0,3619.4108921381653,0.936768149882904,846,854,8,0,846,854,23709,0,0,0,0,0
2020-06-26,US,Nebraska,Dixon,44,2,0,42.49188363,-96.86782408,31051.0,780.69552874379,4.545454545454546,42,44,2,0,42,43,5709,0,0,0,0,1
2020-06-26,US,Nebraska,Dodge,673,8,0,41.58071748,-96.65598179,31053.0,1840.5579105702172,1.188707280832095,665,672,8,0,664,664,36791,1,0,0,1,8
2020-06-26,US,Nebraska,Douglas,6706,88,0,41.29518299,-96.15085305,31055.0,1173.7586355974777,1.3122576796898302,6618,6588,84,0,6504,6524,566880,118,4,0,114,64
2020-06-26,US,Nebraska,Fillmore,13,1,0,40.52458567,-97.59646937,31059.0,238.00805565726841,7.6923076923076925,12,13,1,0,12,13,5527,0,0,0,0,0
2020-06-26,US,Nebraska,Franklin,6,0,0,40.17636348,-98.95299073,31061.0,201.40986908358508,0.0,6,6,0,0,6,6,3023,0,0,0,0,0
2020-06-26,US,Nebraska,Frontier,1,0,0,40.52993007,-100.3924658,31063.0,38.06623524933384,0.0,1,1,0,0,1,1,2608,0,0,0,0,0
2020-06-26,US,Nebraska,Furnas,10,1,0,40.17642064,-99.91247454,31065.0,213.85799828913602,10.0,9,10,1,0,9,10,4715,0,0,0,0,0
2020-06-26,US,Nebraska,Gage,50,4,0,40.26186809,-96.68946704,31067.0,232.4176079579789,8.0,46,48,4,0,44,47,21493,2,0,0,2,1
2020-06-26,US,Nebraska,Garden,4,0,0,41.61703149,-102.3313973,31069.0,217.74632553075668,0.0,4,4,0,0,4,4,1897,0,0,0,0,0
2020-06-26,US,Nebraska,Garfield,1,0,0,41.91428955,-98.99111827,31071.0,50.787201625190455,0.0,1,1,0,0,1,1,1987,0,0,0,0,0
2020-06-26,US,Nebraska,Gosper,13,0,0,40.51481965,-99.83020279,31073.0,653.2663316582915,0.0,13,13,0,0,13,13,1996,0,0,0,0,0
2020-06-26,US,Nebraska,Greeley,3,0,0,41.56742671,-98.52150266,31077.0,127.33446519524618,0.0,3,3,0,0,3,3,2356,0,0,0,0,0
2020-06-26,US,Nebraska,Hall,1585,46,0,40.87257079,-98.50218293,31079.0,2583.4107541603507,2.9022082018927446,1539,1584,46,0,1538,1577,61607,1,0,0,1,7
2020-06-26,US,Nebraska,Hamilton,58,11,0,40.87349452,-98.02099117,31081.0,622.050622050622,18.96551724137931,47,58,11,0,47,59,9280,0,0,0,0,-1
2020-06-26,US,Nebraska,Harlan,1,0,0,40.17658508,-99.40438879,31083.0,29.58579881656805,0.0,1,1,0,0,1,1,3401,0,0,0,0,0
2020-06-26,US,Nebraska,Hitchcock,1,0,0,40.17609175,-101.04164770000001,31087.0,36.205648081100655,0.0,1,1,0,0,1,1,2806,0,0,0,0,0
2020-06-26,US,Nebraska,Holt,3,0,0,42.45522056,-98.78402558,31089.0,29.800337737161023,0.0,3,3,0,0,3,3,10178,0,0,0,0,0
2020-06-26,US,Nebraska,Howard,46,4,0,41.2200529,-98.5166499,31093.0,713.7315748642359,8.695652173913043,42,46,4,0,42,46,6468,0,0,0,0,0
2020-06-26,US,Nebraska,Jefferson,9,0,0,40.17584531,-97.142601,31095.0,127.73204655123476,0.0,9,9,0,0,9,9,7097,0,0,0,0,0
2020-06-26,US,Nebraska,Johnson,6,0,0,40.39257596,-96.26522753,31097.0,118.3198580161704,0.0,6,6,0,0,6,6,5134,0,0,0,0,0
2020-06-26,US,Nebraska,Kearney,13,0,0,40.50663314,-98.94877182,31099.0,200.15396458814476,0.0,13,13,0,0,13,13,6544,0,0,0,0,0
2020-06-26,US,Nebraska,Keith,2,0,0,41.19930341,-101.66201640000001,31101.0,24.894199651481205,0.0,2,2,0,0,2,2,8021,0,0,0,0,0
2020-06-26,US,Nebraska,Kimball,9,0,0,41.19774275,-103.7148131,31105.0,247.79735682819384,0.0,9,8,0,0,8,8,3618,1,0,0,1,0
2020-06-26,US,Nebraska,Knox,21,0,0,42.63758421,-97.89178836,31107.0,252.0403264522324,0.0,21,21,0,0,21,17,8419,0,0,0,0,4
2020-06-26,US,Nebraska,Lancaster,1669,12,0,40.78416049,-96.68777155,31109.0,523.0499232191545,0.7189934092270821,1657,1660,10,0,1650,1649,317272,9,2,0,7,11
2020-06-26,US,Nebraska,Lincoln,54,2,0,41.04658298,-100.74753740000001,31111.0,154.66575012888813,3.703703703703704,52,54,2,0,52,54,35185,0,0,0,0,0
2020-06-26,US,Nebraska,Madison,356,4,0,41.91676024,-97.6005481,31119.0,1014.2739109376337,1.1235955056179776,352,356,4,0,352,355,35392,0,0,0,0,1
2020-06-26,US,Nebraska,Merrick,38,0,0,41.16624273,-98.0374887,31121.0,490.006447453256,0.0,38,38,0,0,38,38,7733,0,0,0,0,0
2020-06-26,US,Nebraska,Morrill,24,0,0,41.71711774,-103.0061405,31123.0,517.0185264971994,0.0,24,20,0,0,20,14,4686,4,0,0,4,6
2020-06-26,US,Nebraska,Nance,4,0,0,41.39750195,-97.99327291,31125.0,113.66865586814436,0.0,4,4,0,0,4,4,3532,0,0,0,0,0
2020-06-26,US,Nebraska,Nemaha,5,0,0,40.38514847,-95.85433992,31127.0,71.7154331612163,0.0,5,5,0,0,5,5,6958,0,0,0,0,0
2020-06-26,US,Nebraska,Nuckolls,1,0,0,40.17637905,-98.04743961,31129.0,24.10800385728061,0.0,1,1,0,0,1,1,4195,0,0,0,0,0
2020-06-26,US,Nebraska,Otoe,16,0,0,40.64843556,-96.13374142,31131.0,99.92505620784412,0.0,16,15,0,0,15,15,15985,1,0,0,1,0
2020-06-26,US,Nebraska,Phelps,23,0,0,40.51156033,-99.41461667,31137.0,254.5937569183086,0.0,23,23,0,0,23,23,8996,0,0,0,0,0
2020-06-26,US,Nebraska,Pierce,7,0,0,42.26434853,-97.60122773,31139.0,97.929490766648,0.0,7,7,0,0,7,7,7142,0,0,0,0,0
2020-06-26,US,Nebraska,Platte,657,3,0,41.57246836,-97.52144359,31141.0,1962.9518972213925,0.45662100456620996,654,656,3,0,653,651,33363,1,0,0,1,5
2020-06-26,US,Nebraska,Polk,12,0,0,41.18813488,-97.56630712,31143.0,230.19374640322275,0.0,12,12,0,0,12,12,5278,0,0,0,0,0
2020-06-26,US,Nebraska,Red Willow,6,0,0,40.17556879999999,-100.476998,31145.0,55.949272659455424,0.0,6,6,0,0,6,6,10726,0,0,0,0,0
2020-06-26,US,Nebraska,Richardson,5,1,0,40.1247415,-95.71755036,31147.0,63.57279084551812,20.0,4,5,1,0,4,5,7937,0,0,0,0,0
2020-06-26,US,Nebraska,Rock,1,0,0,42.42252217,-99.44832069,31149.0,73.69196757553426,0.0,1,1,0,0,1,1,1360,0,0,0,0,0
2020-06-26,US,Nebraska,Saline,531,2,0,40.52418865,-97.14085859,31151.0,3733.1271091113613,0.3766478342749529,529,531,2,0,529,530,14350,0,0,0,0,1
2020-06-26,US,Nebraska,Sarpy,1089,8,0,41.11314181,-96.11156432,31153.0,581.743199641018,0.7346189164370982,1081,1068,8,0,1060,1060,184459,21,0,0,21,8
2020-06-26,US,Nebraska,Saunders,69,2,0,41.227810299999994,-96.63773905,31155.0,319.77013624988416,2.898550724637681,67,67,2,0,65,66,21303,2,0,0,2,1
2020-06-26,US,Nebraska,Scotts Bluff,208,3,0,41.85070896,-103.70809859999999,31157.0,583.974394968836,1.4423076923076923,205,205,3,0,202,202,35989,3,0,0,3,3
2020-06-26,US,Nebraska,Seward,33,1,0,40.87241834,-97.139673,31159.0,190.92802591992594,3.0303030303030303,32,33,1,0,32,32,17318,0,0,0,0,1
2020-06-26,US,Nebraska,Sheridan,2,0,0,42.50284406,-102.4126613,31161.0,38.12428516965307,0.0,2,,,,,,5190,,,,,
2020-06-26,US,Nebraska,Sherman,5,0,0,41.22045983,-98.97588642,31163.0,166.61112962345885,0.0,5,5,0,0,5,5,3038,0,0,0,0,0
2020-06-26,US,Nebraska,Sioux,6,0,0,42.48932059,-103.7576544,31165.0,514.5797598627787,0.0,6,4,0,0,4,3,1187,2,0,0,2,1
2020-06-26,US,Nebraska,Stanton,21,0,0,41.9169835,-97.19394708,31167.0,354.72972972972974,0.0,21,21,0,0,21,21,5970,0,0,0,0,0
2020-06-26,US,Nebraska,Thayer,1,0,0,40.17626377,-97.59504381,31169.0,19.98800719568259,0.0,1,1,0,0,1,1,5039,0,0,0,0,0
2020-06-26,US,Nebraska,Thomas,1,0,0,41.91358968,-100.5556632,31171.0,138.50415512465375,0.0,1,1,0,0,1,1,720,0,0,0,0,0
2020-06-26,US,Nebraska,Thurston,84,1,0,42.15725356,-96.54157099,31173.0,1162.7906976744189,1.1904761904761905,83,83,1,0,82,73,7303,1,0,0,1,10
2020-06-26,US,Nebraska,Unassigned,170,1,0,0.0,0.0,90031.0,0.0,0.5882352941176471,169,167,1,0,166,183,,3,0,0,3,-16
2020-06-26,US,Nebraska,Valley,8,0,0,41.56730777,-98.98197724,31175.0,192.40019240019242,0.0,8,8,0,0,8,7,4190,0,0,0,0,1
2020-06-26,US,Nebraska,Washington,46,1,0,41.52815707,-96.22019892,31177.0,221.91133195040763,2.1739130434782608,45,46,1,0,45,45,20667,0,0,0,0,1
2020-06-26,US,Nebraska,Wayne,27,0,0,42.20934475,-97.11926964,31179.0,287.6931273308471,0.0,27,27,0,0,27,27,9403,0,0,0,0,0
2020-06-26,US,Nebraska,Webster,6,0,0,40.17642643,-98.50019851,31181.0,172.0676799541153,0.0,6,6,0,0,6,6,3533,0,0,0,0,0
2020-06-26,US,Nebraska,York,41,0,0,40.87272618,-97.59710186,31185.0,299.72951239125666,0.0,41,41,0,0,41,41,13772,0,0,0,0,0
2020-06-26,US,Nevada,Carson City,146,5,0,39.15509045,-119.7480219,32510.0,261.10594463123255,3.4246575342465757,141,139,5,0,134,128,55414,7,0,0,7,11
2020-06-26,US,Nevada,Churchill,11,1,0,39.58105744,-118.3394607,32001.0,44.16074511220843,9.090909090909092,10,11,1,0,10,10,24440,0,0,0,0,1
2020-06-26,US,Nevada,Clark,12204,408,0,36.21458855,-115.0130241,32003.0,538.4002841115888,3.343166175024582,11796,11878,405,0,11473,10774,2231647,326,3,0,323,1104
2020-06-26,US,Nevada,Douglas,60,0,0,38.912862,-119.61713329999999,32005.0,122.68684183621305,0.0,60,60,0,0,60,52,48467,0,0,0,0,8
2020-06-26,US,Nevada,Elko,96,1,0,41.14531606,-115.3577619,32007.0,181.89397097275383,1.0416666666666667,95,79,1,0,78,60,52460,17,0,0,17,19
2020-06-26,US,Nevada,Eureka,1,0,0,39.98100864,-116.26832040000001,32011.0,49.28536224741252,0.0,1,,,,,,2003,,,,,
2020-06-26,US,Nevada,Humboldt,81,4,0,41.40692186,-118.11094270000001,32013.0,481.25482740181815,4.938271604938271,77,82,4,0,78,79,16786,-1,0,0,-1,3
2020-06-26,US,Nevada,Lander,32,0,0,39.933223299999995,-117.03970749999999,32015.0,578.4526391901662,0.0,32,32,0,0,32,24,5575,0,0,0,0,8
2020-06-26,US,Nevada,Lincoln,2,0,0,37.64268459,-114.8790388,32017.0,38.58769052672198,0.0,2,2,0,0,2,2,5201,0,0,0,0,0
2020-06-26,US,Nevada,Lyon,107,2,0,39.01777974,-119.18704790000001,32019.0,186.05459920013908,1.8691588785046729,105,104,2,0,102,99,55808,3,0,0,3,5
2020-06-26,US,Nevada,Mineral,4,0,0,38.53841696,-118.4344506,32021.0,88.79023307436182,0.0,4,4,0,0,4,4,4514,0,0,0,0,0
2020-06-26,US,Nevada,Nye,81,3,0,38.04264256,-116.47227020000001,32023.0,174.10743073318577,3.703703703703704,78,81,3,0,78,78,45346,0,0,0,0,3
2020-06-26,US,Nevada,Pershing,6,0,0,40.44003782,-118.40056409999998,32027.0,89.21933085501858,0.0,6,6,0,0,6,5,6666,0,0,0,0,1
2020-06-26,US,Nevada,Storey,2,0,0,39.44875482,-119.5250207,32029.0,48.50836769342711,0.0,2,2,0,0,2,1,4029,0,0,0,0,1
2020-06-26,US,Nevada,Washoe,2404,74,0,40.66562265,-119.6631594,32031.0,509.8415970512322,3.0782029950083194,2330,2376,74,0,2302,2209,465735,28,0,0,28,167
2020-06-26,US,Nevada,White Pine,3,0,0,39.44157041,-114.89996599999999,32033.0,31.315240083507305,0.0,3,3,0,0,3,3,9475,0,0,0,0,0
2020-06-26,US,New Hampshire,Belknap,79,1,0,43.51637314,-71.41684235,33001.0,128.86808149682724,1.2658227848101269,78,78,1,0,77,78,61022,1,0,0,1,0
2020-06-26,US,New Hampshire,Carroll,53,0,0,43.87498583,-71.20430216,33003.0,108.36229809854835,0.0,53,53,0,0,53,52,48779,0,0,0,0,1
2020-06-26,US,New Hampshire,Cheshire,67,2,0,42.92015988,-72.25311043,33005.0,88.0594072419005,2.985074626865672,65,66,2,0,64,66,76493,1,0,0,1,0
2020-06-26,US,New Hampshire,Coos,6,0,0,44.69063265,-71.30633239,33007.0,19.0095998479232,0.0,6,6,0,0,6,6,31589,0,0,0,0,0
2020-06-26,US,New Hampshire,Grafton,83,1,0,43.93779815,-71.82057197,33009.0,92.33918519012973,1.2048192771084338,82,80,1,0,79,77,89786,3,0,0,3,3
2020-06-26,US,New Hampshire,Hillsborough,3199,241,0,42.91537785,-71.7200253,33011.0,767.1002937473773,7.53360425132854,2958,3187,234,0,2953,3163,415247,12,7,0,5,24
2020-06-26,US,New Hampshire,Merrimack,407,18,0,43.29662971,-71.6811573,33013.0,268.84028773176743,4.422604422604422,389,401,18,0,383,400,151132,6,0,0,6,1
2020-06-26,US,New Hampshire,Rockingham,1455,88,0,42.98499744,-71.12883377,33015.0,469.70484457773375,6.048109965635739,1367,1450,87,0,1363,1443,309176,5,1,0,4,7
2020-06-26,US,New Hampshire,Strafford,290,13,0,43.291833000000004,-71.02336013,33017.0,221.9959734523436,4.482758620689656,277,288,13,0,275,286,130090,2,0,0,2,2
2020-06-26,US,New Hampshire,Sullivan,30,1,0,43.36094111,-72.22203125,33019.0,69.53135864274788,3.333333333333333,29,27,1,0,26,25,43144,3,0,0,3,2
2020-06-26,US,New Hampshire,Unassigned,2,0,0,0.0,0.0,90033.0,0.0,0.0,2,2,0,0,2,2,,0,0,0,0,0
2020-06-26,US,New Jersey,Atlantic,2811,208,0,39.47538693,-74.65848483,34001.0,1066.1053589714415,7.3995019565990745,2603,2787,206,0,2581,2771,265429,24,2,0,22,16
2020-06-26,US,New Jersey,Bergen,19264,1981,0,40.96010917,-74.07164325,34003.0,2066.5048991527588,10.28343023255814,17283,19167,1979,0,17188,19097,936692,97,2,0,95,70
2020-06-26,US,New Jersey,Burlington,5092,414,0,39.87681124,-74.66927768,34005.0,1143.3729502030992,8.130400628436764,4678,5084,414,0,4670,5068,445384,8,0,0,8,16
2020-06-26,US,New Jersey,Camden,7245,478,0,39.80343818,-74.96388753,34007.0,1430.4866418807792,6.597653554175293,6767,7212,474,0,6738,7185,507078,33,4,0,29,27
2020-06-26,US,New Jersey,Cape May,706,68,0,39.15008829,-74.80170244,34009.0,767.0661350079857,9.63172804532578,638,704,67,0,637,697,92560,2,1,0,1,7
2020-06-26,US,New Jersey,Cumberland,2925,140,0,39.37199394,-75.10712559,34011.0,1956.168451182729,4.786324786324786,2785,2917,138,0,2779,2908,150972,8,2,0,6,9
2020-06-26,US,New Jersey,Essex,18666,2015,0,40.78681335,-74.24657979,34013.0,2336.243311743171,10.795028393871211,16651,18637,2011,0,16626,18617,799767,29,4,0,25,20
2020-06-26,US,New Jersey,Gloucester,2531,180,0,39.71581067,-75.13995546,34015.0,867.8626781330153,7.111813512445674,2351,2518,180,0,2338,2497,291408,13,0,0,13,21
2020-06-26,US,New Jersey,Hudson,18788,1445,0,40.73766234,-74.07515667,34017.0,2794.207536983689,7.691079412390888,17343,18775,1444,0,17331,19333,676061,13,1,0,12,-558
2020-06-26,US,New Jersey,Hunterdon,1065,122,0,40.56335249,-74.91284156,34019.0,856.3089466193887,11.455399061032866,943,1065,122,0,943,1064,124714,0,0,0,0,1
2020-06-26,US,New Jersey,Mercer,7621,577,0,40.28047017,-74.70479631,34021.0,2074.1365702310645,7.571184883873508,7044,7595,573,0,7022,7572,369811,26,4,0,22,23
2020-06-26,US,New Jersey,Middlesex,16685,1310,0,40.43629879,-74.41426991,34023.0,2022.2722655994337,7.851363500149835,15375,16667,1307,0,15360,16640,829685,18,3,0,15,27
2020-06-26,US,New Jersey,Monmouth,9057,802,0,40.26549699,-74.22240686,34025.0,1463.651128402783,8.855029259136577,8255,9030,797,0,8233,9008,621354,27,5,0,22,22
2020-06-26,US,New Jersey,Morris,6698,792,0,40.86095313,-74.54553709999998,34027.0,1361.8111396883164,11.824425201552705,5906,6685,789,0,5896,6724,494228,13,3,0,10,-39
2020-06-26,US,New Jersey,Ocean,9535,940,0,39.8895449,-74.28089251,34029.0,1570.3590003722088,9.858416360776088,8595,9508,936,0,8572,9486,601651,27,4,0,23,22
2020-06-26,US,New Jersey,Passaic,16843,1177,0,41.03238628,-74.29954144,34031.0,3356.342636690805,6.988066258979992,15666,16819,1173,0,15646,16788,503310,24,4,0,20,31
2020-06-26,US,New Jersey,Salem,754,72,0,39.58719656,-75.34696629999998,34033.0,1208.6238679169674,9.549071618037138,682,751,71,0,680,750,62607,3,1,0,2,1
2020-06-26,US,New Jersey,Somerset,4831,524,0,40.56465737,-74.61683016,34035.0,1468.683687305052,10.846615607534671,4307,4828,524,0,4304,4819,331164,3,0,0,3,9
2020-06-26,US,New Jersey,Sussex,1185,191,0,41.13891592,-74.69118243,34037.0,843.4884118216503,16.118143459915608,994,1183,191,0,992,1224,140799,2,0,0,2,-41
2020-06-26,US,New Jersey,Unassigned,701,0,0,0.0,0.0,90034.0,0.0,0.0,701,706,0,0,706,92,,-5,0,0,-5,614
2020-06-26,US,New Jersey,Union,16356,1323,0,40.65835409,-74.30680092,34039.0,2939.923536104656,8.088774761555392,15033,16334,1321,0,15013,16330,558067,22,2,0,20,4
2020-06-26,US,New Jersey,Warren,1225,155,0,40.85951833,-74.99556527,34041.0,1163.7075246753493,12.653061224489793,1070,1224,155,0,1069,1222,105779,1,0,0,1,2
2020-06-26,US,New Mexico,Bernalillo,1987,85,0,35.05163625,-106.6703554,35001.0,292.5840903167477,4.2778057372924,1902,1937,85,0,1852,1879,678701,50,0,0,50,58
2020-06-26,US,New Mexico,Catron,2,1,0,33.91514144,-108.4046587,35003.0,56.70541536716757,50.0,1,2,1,0,1,2,3578,0,0,0,0,0
2020-06-26,US,New Mexico,Chaves,79,2,0,33.36406072,-104.4665365,35005.0,122.26263251566972,2.5316455696202533,77,71,2,0,69,69,64689,8,0,0,8,2
2020-06-26,US,New Mexico,Cibola,206,13,0,34.91131525,-107.998876,35006.0,772.2586691658856,6.310679611650484,193,204,13,0,191,200,26746,2,0,0,2,4
2020-06-26,US,New Mexico,Colfax,9,1,0,36.60569702,-104.64726740000002,35007.0,75.37057197889624,11.111111111111109,8,9,1,0,8,9,12110,0,0,0,0,0
2020-06-26,US,New Mexico,Curry,132,0,0,34.57421077,-103.34688759999999,35009.0,269.6408873636475,0.0,132,125,0,0,125,123,49437,7,0,0,7,2
2020-06-26,US,New Mexico,Dona Ana,842,8,0,32.35275771,-106.83293870000001,35013.0,385.8933522766332,0.9501187648456056,834,806,8,0,798,760,217522,36,0,0,36,46
2020-06-26,US,New Mexico,Eddy,62,1,0,32.47167456,-104.3053527,35015.0,106.05542251111869,1.6129032258064515,61,63,1,0,62,61,57900,-1,0,0,-1,2
2020-06-26,US,New Mexico,Grant,17,0,0,32.73911281,-108.3827845,35017.0,62.96762723164679,0.0,17,17,0,0,17,17,27346,0,0,0,0,0
2020-06-26,US,New Mexico,Guadalupe,20,0,0,34.86319296,-104.790669,35019.0,465.11627906976736,0.0,20,20,0,0,20,20,4341,0,0,0,0,0
2020-06-26,US,New Mexico,Harding,1,0,0,35.85751555,-103.82209379999999,35021.0,160.0,0.0,1,1,0,0,1,1,655,0,0,0,0,0
2020-06-26,US,New Mexico,Hidalgo,39,0,0,31.91383467,-108.7151824,35023.0,929.0138161029062,0.0,39,40,0,0,40,39,4240,-1,0,0,-1,1
2020-06-26,US,New Mexico,Lea,94,0,0,32.79215361,-103.4123733,35025.0,132.26396510482624,0.0,94,89,0,0,89,86,69611,5,0,0,5,3
2020-06-26,US,New Mexico,Lincoln,11,0,0,33.74526079,-105.4586166,35027.0,56.202738606172076,0.0,11,9,0,0,9,8,19556,2,0,0,2,1
2020-06-26,US,New Mexico,Los Alamos,7,0,0,35.86631386,-106.31349850000001,35028.0,36.14022406938923,0.0,7,7,0,0,7,7,19101,0,0,0,0,0
2020-06-26,US,New Mexico,Luna,64,2,0,32.18179341,-107.75088259999998,35029.0,269.93968535155426,3.125,62,63,2,0,61,57,23963,1,0,0,1,6
2020-06-26,US,New Mexico,McKinley,3287,166,0,35.58007720000001,-108.262245,35031.0,4605.770173889893,5.050197748707028,3121,3215,162,0,3053,3179,72290,72,4,0,68,36
2020-06-26,US,New Mexico,Otero,35,6,0,32.61348406,-105.7417604,35035.0,51.85953474588828,17.142857142857142,29,34,6,0,28,33,66781,1,0,0,1,1
2020-06-26,US,New Mexico,Quay,6,1,0,35.10403332,-103.54817270000001,35037.0,72.70083605961469,16.666666666666668,5,5,1,0,4,5,8253,1,0,0,1,0
2020-06-26,US,New Mexico,Rio Arriba,91,1,0,36.51072137,-106.69316740000001,35039.0,233.8069422676704,1.0989010989010992,90,89,1,0,88,86,39006,2,0,0,2,3
2020-06-26,US,New Mexico,Roosevelt,55,1,0,34.02097406,-103.4799493,35041.0,297.29729729729735,1.818181818181818,54,55,1,0,54,54,18743,0,0,0,0,1
2020-06-26,US,New Mexico,San Juan,2276,160,0,36.50838318,-108.32043700000001,35045.0,1836.105777763436,7.029876977152901,2116,2268,160,0,2108,2250,125043,8,0,0,8,18
2020-06-26,US,New Mexico,San Miguel,20,0,0,35.48014807,-104.8163562,35047.0,73.32184624408842,0.0,20,18,0,0,18,18,27591,2,0,0,2,0
2020-06-26,US,New Mexico,Sandoval,706,29,0,35.68862401,-106.86878030000001,35043.0,481.0968462943277,4.1076487252124645,677,701,29,0,672,693,145179,5,0,0,5,8
2020-06-26,US,New Mexico,Santa Fe,210,3,0,35.50708973,-105.9774716,35049.0,139.66666223280438,1.4285714285714286,207,206,3,0,203,203,150056,4,0,0,4,3
2020-06-26,US,New Mexico,Sierra,11,0,0,33.13028233,-107.1925893,35051.0,101.9367991845056,0.0,11,9,0,0,9,7,10968,2,0,0,2,2
2020-06-26,US,New Mexico,Socorro,59,5,0,34.00715494,-106.9298354,35053.0,354.63124361363225,8.474576271186441,54,59,5,0,54,58,16735,0,0,0,0,1
2020-06-26,US,New Mexico,Taos,38,1,0,36.58006022,-105.63101979999999,35055.0,116.12627204107204,2.631578947368421,37,37,1,0,36,37,32835,1,0,0,1,0
2020-06-26,US,New Mexico,Torrance,41,1,0,34.64048375,-105.8508949,35057.0,265.1833645947869,2.4390243902439024,40,42,1,0,41,40,15591,-1,0,0,-1,2
2020-06-26,US,New Mexico,Unassigned,893,0,0,0.0,0.0,90035.0,0.0,0.0,893,886,0,0,886,885,,7,0,0,7,1
2020-06-26,US,New Mexico,Union,7,0,0,36.48126404,-103.4709624,35059.0,172.45627001724563,0.0,7,6,0,0,6,6,4118,1,0,0,1,0
2020-06-26,US,New Mexico,Valencia,101,2,0,34.71669834,-106.8103733,35061.0,131.70248278739828,1.98019801980198,99,99,2,0,97,98,76456,2,0,0,2,1
2020-06-26,US,New York,Albany,2084,121,0,42.60060306,-73.97723916,36001.0,682.1469954763572,5.8061420345489445,1963,2076,121,0,1955,2065,307117,8,0,0,8,11
2020-06-26,US,New York,Allegany,58,0,0,42.25748406,-78.02750466,36003.0,125.83801609858757,0.0,58,58,0,0,58,58,46430,0,0,0,0,0
2020-06-26,US,New York,Broome,697,58,0,42.15903158,-75.81326086,36007.0,365.9023140565285,8.321377331420374,639,680,58,0,622,671,191659,17,0,0,17,9
2020-06-26,US,New York,Cattaraugus,123,6,0,42.24778241,-78.67923096,36009.0,161.59333657395848,4.878048780487805,117,121,6,0,115,120,76840,2,0,0,2,1
2020-06-26,US,New York,Cayuga,109,2,0,42.91261714,-76.55731592,36011.0,142.34224822398662,1.834862385321101,107,109,2,0,107,109,77145,0,0,0,0,0
2020-06-26,US,New York,Chautauqua,122,7,0,42.22769210000001,-79.36691763,36013.0,96.13641915478752,5.737704918032787,115,121,7,0,114,118,127939,1,0,0,1,3
2020-06-26,US,New York,Chemung,139,2,0,42.13891056,-76.7638805,36015.0,166.55483128834356,1.4388489208633093,137,139,2,0,137,139,84254,0,0,0,0,0
2020-06-26,US,New York,Chenango,145,5,0,42.49430041,-75.60887553,36017.0,307.1578367614972,3.4482758620689653,140,144,5,0,139,142,47536,1,0,0,1,2
2020-06-26,US,New York,Clinton,101,4,0,44.74530905,-73.67875352,36019.0,125.48922159408585,3.96039603960396,97,101,4,0,97,100,80695,0,0,0,0,1
2020-06-26,US,New York,Columbia,460,37,0,42.24819348,-73.63089095,36021.0,773.6163199408015,8.043478260869565,423,455,37,0,418,454,59916,5,0,0,5,1
2020-06-26,US,New York,Cortland,44,0,0,42.59509207,-76.07048931,36023.0,92.47388663542169,0.0,44,44,0,0,44,44,47823,0,0,0,0,0
2020-06-26,US,New York,Delaware,91,4,0,42.19837623,-74.96709306,36025.0,206.18556701030928,4.395604395604397,87,91,4,0,87,91,44527,0,0,0,0,0
2020-06-26,US,New York,Dutchess,4179,151,0,41.76486060000001,-73.74356679,36027.0,1420.3753679244642,3.6133046183297437,4028,4176,151,0,4025,4158,293718,3,0,0,3,18
2020-06-26,US,New York,Erie,7181,634,0,42.76249024,-78.73063652,36029.0,781.6462792069681,8.828853920066841,6547,7138,634,0,6504,7108,919719,43,0,0,43,30
2020-06-26,US,New York,Essex,41,0,0,44.11630765,-73.77297842,36031.0,111.15629659753289,0.0,41,41,0,0,41,41,37300,0,0,0,0,0
2020-06-26,US,New York,Franklin,28,0,0,44.59040891,-74.29926032,36033.0,55.975370836831786,0.0,28,28,0,0,28,28,50293,0,0,0,0,0
2020-06-26,US,New York,Fulton,248,24,0,43.11363907,-74.41798804,36035.0,464.5673716351648,9.677419354838712,224,244,24,0,220,244,53591,4,0,0,4,0
2020-06-26,US,New York,Genesee,232,5,0,43.0022601,-78.19135193,36037.0,405.0279329608938,2.155172413793104,227,231,5,0,226,230,57511,1,0,0,1,1
2020-06-26,US,New York,Greene,257,18,0,42.275797,-74.12384884,36039.0,544.6299906755954,7.003891050583657,239,257,18,0,239,256,47491,0,0,0,0,1
2020-06-26,US,New York,Hamilton,6,0,0,43.66146647,-74.49721957,36041.0,135.8695652173913,0.0,6,6,0,0,6,6,4434,0,0,0,0,0
2020-06-26,US,New York,Herkimer,149,3,0,43.42034246,-74.96145307,36043.0,242.99156868181151,2.0134228187919465,146,143,3,0,140,142,61833,6,0,0,6,1
2020-06-26,US,New York,Jefferson,85,0,0,44.04200959,-75.94653457,36045.0,77.38951508640312,0.0,85,85,0,0,85,84,111755,0,0,0,0,1
2020-06-26,US,New York,Lewis,26,0,0,43.784415700000004,-75.44903992,36049.0,98.87435351384241,0.0,26,25,0,0,25,24,26447,1,0,0,1,1
2020-06-26,US,New York,Livingston,126,8,0,42.72596275,-77.77966158,36051.0,200.27338907079502,6.349206349206349,118,126,8,0,118,125,63227,0,0,0,0,1
2020-06-26,US,New York,Madison,351,17,0,42.91653905,-75.67266639,36053.0,494.7773501924134,4.843304843304844,334,349,17,0,332,347,70795,2,0,0,2,2
2020-06-26,US,New York,Monroe,3641,266,0,43.14638895,-77.69322942,36055.0,490.85295981234077,7.305685251304586,3375,3602,266,0,3336,3567,742474,39,0,0,39,35
2020-06-26,US,New York,Montgomery,113,4,0,42.90123494,-74.44011632,36057.0,229.57680664756916,3.5398230088495577,109,111,4,0,107,110,49455,2,0,0,2,1
2020-06-26,US,New York,Nassau,41684,2181,0,40.74066522,-73.58941873,36059.0,3071.9480236181244,5.232223395067653,39503,41646,2180,0,39466,41585,1358343,38,1,0,37,61
2020-06-26,US,New York,New York City,214070,22421,0,40.76727260000001,-73.97152637,36061.0,2567.7665708627164,10.473676834680244,191649,213699,22384,0,191315,213348,1628701,371,37,0,334,351
2020-06-26,US,New York,Niagara,1213,88,0,43.19898042,-78.74777412,36063.0,579.603499601015,7.254740313272878,1125,1203,88,0,1115,1199,210433,10,0,0,10,4
2020-06-26,US,New York,Oneida,1520,90,0,43.24375382,-75.43710392,36065.0,664.7104355165283,5.921052631578947,1430,1479,90,0,1389,1445,229577,41,0,0,41,34
2020-06-26,US,New York,Onondaga,2782,184,0,43.00491923,-76.19971155,36067.0,604.089219330855,6.6139468008626885,2598,2751,184,0,2567,2734,461809,31,0,0,31,17
2020-06-26,US,New York,Ontario,252,9,0,42.85145728,-77.30874425,36069.0,229.5562822813522,3.571428571428572,243,248,9,0,239,246,109864,4,0,0,4,2
2020-06-26,US,New York,Orange,10698,478,0,41.40337468,-74.30240757,36071.0,2779.134410557489,4.46812488315573,10220,10679,478,0,10201,10669,381951,19,0,0,19,10
2020-06-26,US,New York,Orleans,279,51,0,43.2516977,-78.2320066,36073.0,691.4155432196669,18.27956989247312,228,279,51,0,228,277,40612,0,0,0,0,2
2020-06-26,US,New York,Oswego,192,3,0,43.42778894,-76.14635194,36075.0,163.9288275673645,1.5625,189,191,3,0,188,188,117898,1,0,0,1,3
2020-06-26,US,New York,Otsego,83,5,0,42.63492579,-75.03151402,36077.0,139.5122115206831,6.024096385542169,78,83,5,0,78,83,59749,0,0,0,0,0
2020-06-26,US,New York,Putnam,1317,62,0,41.42630093,-73.74965532,36079.0,1339.5036615134254,4.707668944570995,1255,1311,62,0,1249,1306,98892,6,0,0,6,5
2020-06-26,US,New York,Rensselaer,549,28,0,42.71348136,-73.51089874,36083.0,345.9052131506987,5.100182149362476,521,541,28,0,513,534,159442,8,0,0,8,7
2020-06-26,US,New York,Rockland,13557,667,0,41.15027894,-74.02560498,36087.0,4161.282302349066,4.9199675444419855,12890,13549,667,0,12882,13534,325695,8,0,0,8,15
2020-06-26,US,New York,Saratoga,540,14,0,43.10904162,-73.86653895,36091.0,234.92254081779143,2.592592592592593,526,540,14,0,526,538,230163,0,0,0,0,2
2020-06-26,US,New York,Schenectady,781,37,0,42.81668777,-74.05278291,36093.0,502.90085576854966,4.737516005121639,744,778,37,0,741,772,155350,3,0,0,3,6
2020-06-26,US,New York,Schoharie,57,0,0,42.58831742,-74.44339029999998,36095.0,183.87689925481467,0.0,57,57,0,0,57,57,31097,0,0,0,0,0
2020-06-26,US,New York,Schuyler,12,0,0,42.39184015,-76.8773299,36097.0,67.38922895490539,0.0,12,12,0,0,12,12,17912,0,0,0,0,0
2020-06-26,US,New York,Seneca,69,0,0,42.78081007,-76.82497064,36099.0,202.84571966133583,0.0,69,66,0,0,66,64,34300,3,0,0,3,2
2020-06-26,US,New York,St. Lawrence,218,2,0,44.4976179,-75.06550039,36089.0,202.33896417300912,0.9174311926605504,216,217,2,0,215,217,108047,1,0,0,1,0
2020-06-26,US,New York,Steuben,264,41,0,42.2689144,-77.3829924,36101.0,276.79048847230524,15.530303030303033,223,264,41,0,223,263,95796,0,0,0,0,1
2020-06-26,US,New York,Suffolk,41208,1975,0,40.88320119,-72.8012172,36103.0,2790.733583412174,4.7927586876334685,39233,41151,1974,0,39177,41101,1481093,57,1,0,56,50
2020-06-26,US,New York,Sullivan,1449,45,0,41.71579493,-74.76394559,36105.0,1920.935412026726,3.1055900621118013,1404,1448,45,0,1403,1447,75498,1,0,0,1,1
2020-06-26,US,New York,Tioga,141,24,0,42.16852837,-76.30835812,36107.0,292.51291413397513,17.02127659574468,117,141,24,0,117,141,48560,0,0,0,0,0
2020-06-26,US,New York,Tompkins,175,0,0,42.44945765,-76.47229843,36109.0,171.26639264043845,0.0,175,175,0,0,175,175,102793,0,0,0,0,0
2020-06-26,US,New York,Ulster,1768,85,0,41.89027881,-74.26252104,36111.0,995.6468607277008,4.807692307692308,1683,1765,85,0,1680,1760,178599,3,0,0,3,5
2020-06-26,US,New York,Warren,263,30,0,43.56173026,-73.8433699,36113.0,411.2973852120605,11.40684410646388,233,263,30,0,233,262,64265,0,0,0,0,1
2020-06-26,US,New York,Washington,245,14,0,43.31153794,-73.43043448,36115.0,400.30063394549376,5.7142857142857135,231,245,14,0,231,244,61197,0,0,0,0,1
2020-06-26,US,New York,Wayne,159,3,0,43.15494365,-77.02976528,36117.0,176.82777641851465,1.8867924528301887,156,154,3,0,151,150,90064,5,0,0,5,4
2020-06-26,US,New York,Westchester,34700,1418,0,41.16278376,-73.75741653,36119.0,3586.5410653784056,4.086455331412104,33282,34642,1416,0,33226,34597,967612,58,2,0,56,45
2020-06-26,US,New York,Wyoming,94,5,0,42.70145109,-78.22199579,36121.0,235.8313053513636,5.319148936170213,89,93,5,0,88,93,40085,1,0,0,1,0
2020-06-26,US,New York,Yates,45,6,0,42.63505484,-77.10369919,36123.0,180.62858748444583,13.333333333333336,39,44,6,0,38,44,24841,1,0,0,1,0
2020-06-26,US,North Carolina,Alamance,1035,36,0,36.0434701,-79.39976137,37001.0,610.5870484753021,3.4782608695652173,999,1009,36,0,973,1004,166436,26,0,0,26,5
2020-06-26,US,North Carolina,Alexander,80,0,0,35.922379600000006,-81.17751948,37003.0,213.3504013654426,0.0,80,76,0,0,76,73,37353,4,0,0,4,3
2020-06-26,US,North Carolina,Alleghany,31,0,0,36.49360862,-81.12857041,37005.0,278.3514411421388,0.0,31,31,0,0,31,31,11161,0,0,0,0,0
2020-06-26,US,North Carolina,Anson,119,2,0,34.97403241,-80.09953279,37007.0,486.78720445062584,1.680672268907563,117,115,2,0,113,108,24877,4,0,0,4,7
2020-06-26,US,North Carolina,Ashe,51,1,0,36.43296207,-81.49862729,37009.0,187.47932213358817,1.96078431372549,50,50,1,0,49,49,27109,1,0,0,1,1
2020-06-26,US,North Carolina,Avery,11,0,0,36.07569796,-81.92308483,37011.0,62.65307284843653,0.0,11,8,0,0,8,8,17505,3,0,0,3,0
2020-06-26,US,North Carolina,Beaufort,73,0,0,35.48531943,-76.84325809,37013.0,155.3389794441844,0.0,73,64,0,0,64,64,47079,9,0,0,9,0
2020-06-26,US,North Carolina,Bertie,140,4,0,36.0688473,-76.96545943,37015.0,738.9032564522087,2.8571428571428568,136,139,4,0,135,138,19026,1,0,0,1,1
2020-06-26,US,North Carolina,Bladen,344,3,0,34.61296243,-78.56180059,37017.0,1051.2804840779904,0.8720930232558141,341,341,3,0,338,333,33190,3,0,0,3,8
2020-06-26,US,North Carolina,Brunswick,440,4,0,34.070565,-78.22814204,37019.0,308.08010082621485,0.9090909090909092,436,407,3,0,404,391,136744,33,1,0,32,16
2020-06-26,US,North Carolina,Buncombe,528,37,0,35.61113393,-82.53305,37021.0,202.15091637920142,7.007575757575758,491,519,37,0,482,514,259103,9,0,0,9,5
2020-06-26,US,North Carolina,Burke,983,19,0,35.74989637,-81.70755735,37023.0,1086.3679062828094,1.9328585961342828,964,954,19,0,935,934,90382,29,0,0,29,20
2020-06-26,US,North Carolina,Cabarrus,983,31,0,35.3877799,-80.55267168,37025.0,454.14015975754546,3.1536113936927768,952,936,31,0,905,930,211342,47,0,0,47,6
2020-06-26,US,North Carolina,Caldwell,348,4,0,35.95204977,-81.54799522,37027.0,423.4710019713305,1.1494252873563218,344,335,4,0,331,328,82029,13,0,0,13,7
2020-06-26,US,North Carolina,Camden,23,0,0,36.33804939,-76.15568396,37029.0,211.6499493880556,0.0,23,23,0,0,23,23,10710,0,0,0,0,0
2020-06-26,US,North Carolina,Carteret,67,3,0,34.8932941,-76.54120135,37031.0,96.44034373065796,4.477611940298506,64,64,3,0,61,64,69524,3,0,0,3,0
2020-06-26,US,North Carolina,Caswell,128,1,0,36.39312665,-79.33353281,37033.0,566.2714563794019,0.78125,127,125,1,0,124,122,22698,3,0,0,3,3
2020-06-26,US,North Carolina,Catawba,669,13,0,35.66211129,-81.2132617,37035.0,419.30166529824317,1.9431988041853512,656,669,13,0,656,639,158652,0,0,0,0,30
2020-06-26,US,North Carolina,Chatham,916,42,0,35.70394416,-79.25541492,37037.0,1230.0255136296496,4.585152838427947,874,910,42,0,868,901,73139,6,0,0,6,9
2020-06-26,US,North Carolina,Cherokee,36,1,0,35.1349263,-84.05970864,37039.0,125.82133370613728,2.7777777777777777,35,36,1,0,35,36,28383,0,0,0,0,0
2020-06-26,US,North Carolina,Chowan,19,0,0,36.12908077,-76.60118385,37041.0,136.26909560352863,0.0,19,19,0,0,19,19,14029,0,0,0,0,0
2020-06-26,US,North Carolina,Clay,12,0,0,35.05704275,-83.74353633,37043.0,106.84711957973468,0.0,12,12,0,0,12,12,11139,0,0,0,0,0
2020-06-26,US,North Carolina,Cleveland,257,3,0,35.33553364,-81.55204486,37045.0,262.3868010250442,1.1673151750972763,254,248,3,0,245,242,97645,9,0,0,9,6
2020-06-26,US,North Carolina,Columbus,494,37,0,34.26744084,-78.65801424,37047.0,889.9618073070549,7.489878542510121,457,492,35,0,457,484,55655,2,2,0,0,8
2020-06-26,US,North Carolina,Craven,338,6,0,35.11833364,-77.08398081,37049.0,330.92158724874923,1.7751479289940828,332,332,6,0,326,328,102912,6,0,0,6,4
2020-06-26,US,North Carolina,Cumberland,1121,41,0,35.04762133,-78.82623165,37051.0,334.1192039557806,3.6574487065120422,1080,1065,40,0,1025,1053,332330,56,1,0,55,12
2020-06-26,US,North Carolina,Currituck,16,0,0,36.36123664,-75.95876401,37053.0,57.630659510859786,0.0,16,16,0,0,16,16,27072,0,0,0,0,0
2020-06-26,US,North Carolina,Dare,40,1,0,35.66520691,-75.71767334,37055.0,108.08181793617769,2.5,39,34,1,0,33,31,36501,6,0,0,6,3
2020-06-26,US,North Carolina,Davidson,868,15,0,35.79115496,-80.21256572,37057.0,517.8719519834854,1.7281105990783407,853,831,15,0,816,797,166614,37,0,0,37,34
2020-06-26,US,North Carolina,Davie,177,4,0,35.93099927,-80.54496571,37059.0,413.1074079260608,2.2598870056497176,173,172,4,0,168,172,42733,5,0,0,5,0
2020-06-26,US,North Carolina,Duplin,1398,28,0,34.93449805,-77.93140529,37061.0,2379.9390544934545,2.0028612303290414,1370,1373,28,0,1345,1369,58856,25,0,0,25,4
2020-06-26,US,North Carolina,Durham,3451,62,0,36.03638492,-78.87608331,37063.0,1073.4459762106205,1.7965807012460155,3389,3402,62,0,3340,3340,316739,49,0,0,49,62
2020-06-26,US,North Carolina,Edgecombe,298,9,0,35.91230639,-77.59436892,37065.0,578.9555486478085,3.0201342281879198,289,290,9,0,281,284,52005,8,0,0,8,6
2020-06-26,US,North Carolina,Forsyth,2788,33,0,36.12859861,-80.25459052,37067.0,729.2797446997737,1.1836441893830705,2755,2715,31,0,2684,2679,379099,73,2,0,71,36
2020-06-26,US,North Carolina,Franklin,309,21,0,36.081519,-78.28708884,37069.0,443.4239793355815,6.7961165048543695,288,301,21,0,280,295,67560,8,0,0,8,6
2020-06-26,US,North Carolina,Gaston,912,12,0,35.29373559,-81.17477045,37071.0,406.1836110257472,1.3157894736842106,900,869,12,0,857,842,222846,43,0,0,43,27
2020-06-26,US,North Carolina,Gates,26,2,0,36.44667547,-76.69749701,37073.0,224.8745891714236,7.6923076923076925,24,26,2,0,24,26,11573,0,0,0,0,0
2020-06-26,US,North Carolina,Graham,9,0,0,35.3506925,-83.83369267,37075.0,106.62243809975122,0.0,9,8,0,0,8,8,8484,1,0,0,1,0
2020-06-26,US,North Carolina,Granville,776,19,0,36.30337451,-78.65184241,37077.0,1283.8542097513362,2.4484536082474233,757,773,19,0,754,761,60115,3,0,0,3,12
2020-06-26,US,North Carolina,Greene,164,2,0,35.48544173,-77.67578087,37079.0,778.3947980445204,1.2195121951219512,162,160,2,0,158,159,21012,4,0,0,4,1
2020-06-26,US,North Carolina,Guilford,2645,111,0,36.07959451,-79.78824948,37081.0,492.3916645258333,4.196597353497165,2534,2586,111,0,2475,2527,533670,59,0,0,59,59
2020-06-26,US,North Carolina,Halifax,297,4,0,36.25669272,-77.6556109,37083.0,593.8812237552489,1.3468013468013469,293,296,4,0,292,296,50574,1,0,0,1,0
2020-06-26,US,North Carolina,Harnett,581,30,0,35.36731853,-78.87243571,37085.0,427.2812849326352,5.163511187607574,551,553,30,0,523,536,134214,28,0,0,28,17
2020-06-26,US,North Carolina,Haywood,79,0,0,35.55269063,-82.98196486,37087.0,126.77118603270377,0.0,79,75,0,0,75,74,61971,4,0,0,4,1
2020-06-26,US,North Carolina,Henderson,546,50,0,35.33788927,-82.4766782,37089.0,465.00932573647765,9.157509157509157,496,540,50,0,490,540,116748,6,0,0,6,0
2020-06-26,US,North Carolina,Hertford,157,10,0,36.3607755,-76.98104134,37091.0,663.0907631879039,6.369426751592357,147,157,10,0,147,156,23659,0,0,0,0,1
2020-06-26,US,North Carolina,Hoke,341,3,0,35.01888303,-79.23651674,37093.0,617.3733569902596,0.8797653958944281,338,337,3,0,334,332,54764,4,0,0,4,5
2020-06-26,US,North Carolina,Hyde,6,0,0,35.42017674,-76.15180542,37095.0,121.5312943082844,0.0,6,6,0,0,6,6,5230,0,0,0,0,0
2020-06-26,US,North Carolina,Iredell,672,9,0,35.80950511,-80.8743128,37097.0,369.6247648592456,1.3392857142857142,663,624,7,0,617,593,178435,48,2,0,46,31
2020-06-26,US,North Carolina,Jackson,89,1,0,35.28814273,-83.14093385,37099.0,202.5581501206245,1.1235955056179776,88,86,1,0,85,86,43327,3,0,0,3,0
2020-06-26,US,North Carolina,Johnston,1284,29,0,35.51745004,-78.36622717,37101.0,613.3591925059353,2.2585669781931466,1255,1234,29,0,1205,1208,202675,50,0,0,50,26
2020-06-26,US,North Carolina,Jones,32,3,0,35.02254606,-77.35870791,37103.0,339.73882577768336,9.375,29,29,3,0,26,29,9637,3,0,0,3,0
2020-06-26,US,North Carolina,Lee,754,8,0,35.47623147,-79.17569362,37105.0,1220.4794509461144,1.0610079575596818,746,741,8,0,733,731,61452,13,0,0,13,10
2020-06-26,US,North Carolina,Lenoir,352,10,0,35.24032589999999,-77.64245615,37107.0,629.1443993637063,2.8409090909090913,342,348,10,0,338,344,55976,4,0,0,4,4
2020-06-26,US,North Carolina,Lincoln,220,2,0,35.48508185,-81.21740317,37109.0,255.484200624775,0.9090909090909092,218,208,2,0,206,204,83770,12,0,0,12,4
2020-06-26,US,North Carolina,Macon,264,3,0,35.14867843,-83.41696617,37113.0,736.2373807797425,1.1363636363636365,261,262,3,0,259,262,35285,2,0,0,2,0
2020-06-26,US,North Carolina,Madison,9,0,0,35.85402722,-82.71346418,37115.0,41.36980004596644,0.0,9,9,0,0,9,8,21763,0,0,0,0,1
2020-06-26,US,North Carolina,Martin,122,4,0,35.84326734,-77.10860251,37117.0,543.6720142602495,3.278688524590164,118,121,4,0,117,119,22671,1,0,0,1,2
2020-06-26,US,North Carolina,McDowell,213,2,0,35.67736232,-82.0482425,37111.0,465.5127196433255,0.9389671361502347,211,208,2,0,206,206,45507,5,0,0,5,2
2020-06-26,US,North Carolina,Mecklenburg,9944,144,0,35.24469268,-80.8317671,37119.0,895.5686284398877,1.4481094127111829,9800,9614,144,0,9470,9333,1093901,330,0,0,330,281
2020-06-26,US,North Carolina,Mitchell,27,0,0,36.01059309,-82.1582442,37121.0,180.43303929430638,0.0,27,26,0,0,26,26,15000,1,0,0,1,0
2020-06-26,US,North Carolina,Montgomery,298,7,0,35.33155144,-79.90416657,37123.0,1096.6768483421042,2.348993288590604,291,283,7,0,276,283,27271,15,0,0,15,0
2020-06-26,US,North Carolina,Moore,418,18,0,35.30885257,-79.48474178,37125.0,414.3536875495639,4.30622009569378,400,407,18,0,389,407,98682,11,0,0,11,0
2020-06-26,US,North Carolina,Nash,384,4,0,35.96575634,-77.98422508,37127.0,407.2196653163377,1.0416666666666667,380,380,4,0,376,378,94016,4,0,0,4,2
2020-06-26,US,North Carolina,New Hanover,765,5,0,34.25758282,-77.87075626,37129.0,326.2635783224508,0.6535947712418301,760,715,5,0,710,715,232274,50,0,0,50,0
2020-06-26,US,North Carolina,Northampton,193,15,0,36.41736238,-77.39769443,37131.0,990.6071960170405,7.772020725388602,178,191,15,0,176,191,19676,2,0,0,2,0
2020-06-26,US,North Carolina,Onslow,243,3,0,34.72607366,-77.42908179,37133.0,122.76571451666685,1.2345679012345678,240,229,3,0,226,224,197683,14,0,0,14,5
2020-06-26,US,North Carolina,Orange,593,41,0,36.06092947,-79.12167935,37135.0,399.3911473908241,6.913996627318719,552,578,41,0,537,568,146027,15,0,0,15,10
2020-06-26,US,North Carolina,Pamlico,18,0,0,35.15253315,-76.66559823,37137.0,141.44271570014143,0.0,18,18,0,0,18,16,12670,0,0,0,0,2
2020-06-26,US,North Carolina,Pasquotank,180,15,0,36.26723798,-76.25134778,37139.0,451.9887505022097,8.333333333333334,165,172,15,0,157,172,39639,8,0,0,8,0
2020-06-26,US,North Carolina,Pender,221,1,0,34.52265624,-77.90352133,37141.0,350.45987947986043,0.4524886877828054,220,213,1,0,212,197,62162,8,0,0,8,16
2020-06-26,US,North Carolina,Perquimans,32,2,0,36.17847453,-76.40603143,37143.0,237.68847953650746,6.25,30,32,2,0,30,32,13422,0,0,0,0,0
2020-06-26,US,North Carolina,Person,100,1,0,36.38989032,-78.97217358,37145.0,253.2286654849329,1.0,99,97,1,0,96,97,39507,3,0,0,3,0
2020-06-26,US,North Carolina,Pitt,638,6,0,35.59535426,-77.37353178,37147.0,352.98934392670213,0.9404388714733544,632,617,6,0,611,602,179914,21,0,0,21,15
2020-06-26,US,North Carolina,Polk,68,4,0,35.27820615,-82.16812354,37149.0,328.1219841729396,5.882352941176472,64,67,4,0,63,67,20611,1,0,0,1,0
2020-06-26,US,North Carolina,Randolph,1116,29,0,35.71015088,-79.80570339,37151.0,776.7963415398108,2.598566308243728,1087,1090,28,0,1062,1089,143351,26,1,0,25,1
2020-06-26,US,North Carolina,Richmond,252,5,0,35.00417719,-79.74491009,37153.0,562.136117245533,1.984126984126984,247,246,5,0,241,242,44887,6,0,0,6,4
2020-06-26,US,North Carolina,Robeson,1232,38,0,34.64244496,-79.10250529999998,37155.0,943.1578947368421,3.0844155844155843,1194,1205,38,0,1167,1205,131831,27,0,0,27,0
2020-06-26,US,North Carolina,Rockingham,201,2,0,36.39593137,-79.77504841,37157.0,220.85485111526202,0.9950248756218906,199,179,2,0,177,179,90690,22,0,0,22,0
2020-06-26,US,North Carolina,Rowan,1118,41,0,35.64003916,-80.52446628,37159.0,786.836326783402,3.6672629695885517,1077,1088,41,0,1047,1076,141262,30,0,0,30,12
2020-06-26,US,North Carolina,Rutherford,272,9,0,35.40114178,-81.92112099,37161.0,405.79450685524176,3.3088235294117645,263,269,9,0,260,269,66826,3,0,0,3,0
2020-06-26,US,North Carolina,Sampson,973,6,0,34.98820368,-78.36914061,37163.0,1531.5357856794321,0.6166495375128469,967,947,6,0,941,940,63626,26,0,0,26,7
2020-06-26,US,North Carolina,Scotland,132,2,0,34.8386299,-79.4757978,37165.0,379.0598167877552,1.5151515151515151,130,130,1,0,129,129,34810,2,1,0,1,1
2020-06-26,US,North Carolina,Stanly,315,5,0,35.31647813,-80.25093221,37167.0,501.5444384294495,1.5873015873015872,310,308,5,0,303,298,62075,7,0,0,7,10
2020-06-26,US,North Carolina,Stokes,121,1,0,36.4017975,-80.23893369,37169.0,265.4032594152355,0.8264462809917356,120,115,1,0,114,112,45467,6,0,0,6,3
2020-06-26,US,North Carolina,Surry,437,2,0,36.41689489,-80.69102283,37171.0,608.7792374239026,0.4576659038901602,435,418,2,0,416,413,71948,19,0,0,19,5
2020-06-26,US,North Carolina,Swain,50,0,0,35.48665845,-83.48748932,37173.0,350.36087169784884,0.0,50,50,0,0,50,50,14245,0,0,0,0,0
2020-06-26,US,North Carolina,Transylvania,19,1,0,35.20383864,-82.79638423,37175.0,55.25665261014977,5.2631578947368425,18,19,1,0,18,19,34215,0,0,0,0,0
2020-06-26,US,North Carolina,Tyrrell,8,0,0,35.87147226,-76.17055253,37177.0,199.20318725099602,0.0,8,7,0,0,7,6,4131,1,0,0,1,1
2020-06-26,US,North Carolina,Union,1066,24,0,34.98960527,-80.52955873,37179.0,444.42776798035516,2.25140712945591,1042,1042,24,0,1018,1032,235908,24,0,0,24,10
2020-06-26,US,North Carolina,Vance,490,36,0,36.36880673,-78.40670845,37181.0,1100.2582238688672,7.346938775510204,454,486,36,0,450,475,44582,4,0,0,4,11
2020-06-26,US,North Carolina,Wake,4551,45,0,35.78879266,-78.65249174,37183.0,409.3505708511092,0.988793671720501,4506,4347,44,0,4303,4333,1092305,204,1,0,203,14
2020-06-26,US,North Carolina,Warren,155,5,0,36.39728256,-78.10652228,37185.0,785.5658608281384,3.2258064516129035,150,154,5,0,149,154,19807,1,0,0,1,0
2020-06-26,US,North Carolina,Washington,37,3,0,35.83810081,-76.57299037,37187.0,319.5164075993092,8.108108108108109,34,37,3,0,34,37,11859,0,0,0,0,0
2020-06-26,US,North Carolina,Watauga,52,0,0,36.23103603,-81.70033724,37189.0,92.56457268989088,0.0,52,51,0,0,51,51,55945,1,0,0,1,0
2020-06-26,US,North Carolina,Wayne,1724,25,0,35.36438125,-78.00027268,37191.0,1400.1348157653229,1.4501160092807424,1699,1712,24,0,1688,1703,123248,12,1,0,11,9
2020-06-26,US,North Carolina,Wilkes,564,6,0,36.2084135,-81.16232895,37193.0,824.4167689878967,1.0638297872340423,558,561,6,0,555,560,68557,3,0,0,3,1
2020-06-26,US,North Carolina,Wilson,665,18,0,35.70625477,-77.917978,37195.0,812.9484969621399,2.7067669172932325,647,665,18,0,647,655,81455,0,0,0,0,10
2020-06-26,US,North Carolina,Yadkin,301,4,0,36.16222629,-80.66239436,37197.0,799.1079724958188,1.32890365448505,297,295,4,0,291,287,37543,6,0,0,6,8
2020-06-26,US,North Carolina,Yancey,44,0,0,35.90079156,-82.31237181,37199.0,243.5109856660579,0.0,44,43,0,0,43,41,17903,1,0,0,1,2
2020-06-26,US,North Dakota,Barnes,18,0,0,46.93579637,-98.06605978,38003.0,172.8276524243879,0.0,18,18,0,0,18,18,10542,0,0,0,0,0
2020-06-26,US,North Dakota,Benson,3,0,0,48.0683985,-99.35916363,38005.0,43.911007025761116,0.0,3,3,0,0,3,3,6962,0,0,0,0,0
2020-06-26,US,North Dakota,Billings,1,0,0,47.02366884,-103.3762965,38007.0,107.75862068965515,0.0,1,1,0,0,1,1,919,0,0,0,0,0
2020-06-26,US,North Dakota,Bottineau,5,0,0,48.79106111,-100.8378166,38009.0,79.59248646927729,0.0,5,5,0,0,5,5,6411,0,0,0,0,0
2020-06-26,US,North Dakota,Bowman,1,0,0,46.11285362,-103.5203343,38011.0,33.06878306878307,0.0,1,1,0,0,1,1,3076,0,0,0,0,0
2020-06-26,US,North Dakota,Burke,5,0,0,48.79094471,-102.51821170000001,38013.0,236.40661938534282,0.0,5,5,0,0,5,5,2100,0,0,0,0,0
2020-06-26,US,North Dakota,Burleigh,223,0,0,46.97847375,-100.46452140000001,38015.0,233.20017568443728,0.0,223,217,0,0,217,214,95273,6,0,0,6,3
2020-06-26,US,North Dakota,Cass,2181,65,0,46.93201724,-97.24447190000001,38017.0,1198.858857868439,2.9802842732691426,2116,2171,65,0,2106,2165,181516,10,0,0,10,6
2020-06-26,US,North Dakota,Cavalier,2,0,0,48.77286211,-98.46685243,38019.0,53.163211057947905,0.0,2,2,0,0,2,2,3829,0,0,0,0,0
2020-06-26,US,North Dakota,Dickey,4,0,0,46.11017712,-98.50490079999999,38021.0,82.10180623973726,0.0,4,4,0,0,4,4,4903,0,0,0,0,0
2020-06-26,US,North Dakota,Divide,1,0,0,48.814938700000006,-103.48736109999999,38023.0,44.16961130742049,0.0,1,1,0,0,1,1,2283,0,0,0,0,0
2020-06-26,US,North Dakota,Dunn,13,0,0,47.35423935,-102.61604679999999,38025.0,293.8517179023508,0.0,13,13,0,0,13,13,4332,0,0,0,0,0
2020-06-26,US,North Dakota,Eddy,5,0,0,47.71701474,-98.90432337,38027.0,218.62702229995628,0.0,5,5,0,0,5,5,2313,0,0,0,0,0
2020-06-26,US,North Dakota,Emmons,4,1,0,46.28398398,-100.2389766,38029.0,123.41869793273679,25.0,3,4,1,0,3,4,3295,0,0,0,0,0
2020-06-26,US,North Dakota,Foster,2,0,0,47.457108399999996,-98.88279923,38031.0,62.305295950155774,0.0,2,2,0,0,2,2,3216,0,0,0,0,0
2020-06-26,US,North Dakota,Grand Forks,376,4,0,47.92093639,-97.45450447,38035.0,541.3888928885114,1.0638297872340423,372,373,4,0,369,366,70770,3,0,0,3,7
2020-06-26,US,North Dakota,Grant,2,0,0,46.35821257,-101.63900129999999,38037.0,87.95074758135445,0.0,2,2,0,0,2,2,2374,0,0,0,0,0
2020-06-26,US,North Dakota,Griggs,2,0,0,47.45785838,-98.23850925,38039.0,89.64589870013447,0.0,2,2,0,0,2,2,2232,0,0,0,0,0
2020-06-26,US,North Dakota,Hettinger,1,0,0,46.43375068,-102.4632417,38041.0,40.01600640256103,0.0,1,,,,,,2514,,,,,
2020-06-26,US,North Dakota,Kidder,2,0,0,46.97830064,-99.77507857,38043.0,80.64516129032258,0.0,2,2,0,0,2,2,2450,0,0,0,0,0
2020-06-26,US,North Dakota,LaMoure,11,0,0,46.45681054,-98.53542355,38045.0,271.8734552644587,0.0,11,11,0,0,11,11,4062,0,0,0,0,0
2020-06-26,US,North Dakota,McHenry,3,1,0,48.23104458,-100.6324822,38049.0,52.219321148825074,33.333333333333336,2,3,1,0,2,3,5816,0,0,0,0,0
2020-06-26,US,North Dakota,McIntosh,1,0,0,46.11182017,-99.44145858,38051.0,40.04805766920305,0.0,1,1,0,0,1,1,2585,0,0,0,0,0
2020-06-26,US,North Dakota,McKenzie,27,0,0,47.74133370000001,-103.395905,38053.0,179.71246006389774,0.0,27,27,0,0,27,25,13632,0,0,0,0,2
2020-06-26,US,North Dakota,McLean,11,0,0,47.60766714,-101.3182418,38055.0,116.40211640211642,0.0,11,11,0,0,11,11,9541,0,0,0,0,0
2020-06-26,US,North Dakota,Mercer,6,0,0,47.31213126,-101.8318399,38057.0,73.28691828508613,0.0,6,6,0,0,6,6,8267,0,0,0,0,0
2020-06-26,US,North Dakota,Morton,74,2,0,46.71681782,-101.2822377,38059.0,235.9392934574672,2.702702702702702,72,73,2,0,71,72,31095,1,0,0,1,1
2020-06-26,US,North Dakota,Mountrail,44,0,0,48.20197971,-102.3555315,38061.0,417.2593646277857,0.0,44,43,0,0,43,43,10218,1,0,0,1,0
2020-06-26,US,North Dakota,Nelson,1,0,0,47.9226426,-98.19038437,38063.0,34.734282737061484,0.0,1,1,0,0,1,1,2869,0,0,0,0,0
2020-06-26,US,North Dakota,Oliver,1,0,0,47.11530482,-101.3406158,38065.0,51.046452271567134,0.0,1,1,0,0,1,1,1952,0,0,0,0,0
2020-06-26,US,North Dakota,Pembina,9,0,0,48.76623521,-97.5523809,38067.0,132.33348037053378,0.0,9,9,0,0,9,9,6947,0,0,0,0,0
2020-06-26,US,North Dakota,Pierce,4,0,0,48.24977025,-99.96407787,38069.0,100.62893081761007,0.0,4,4,0,0,4,4,4081,0,0,0,0,0
2020-06-26,US,North Dakota,Ramsey,10,1,0,48.26886249,-98.72223879,38071.0,86.81309141418525,10.0,9,10,1,0,9,11,11481,0,0,0,0,-1
2020-06-26,US,North Dakota,Ransom,16,0,0,46.45621782,-97.65742504,38073.0,306.63089306247605,0.0,16,16,0,0,16,16,5237,0,0,0,0,0
2020-06-26,US,North Dakota,Renville,5,0,0,48.71982533,-101.6603912,38075.0,214.86892995272885,0.0,5,4,0,0,4,4,2374,1,0,0,1,0
2020-06-26,US,North Dakota,Richland,41,0,0,46.26440649,-96.94852979,38077.0,253.4462508499722,0.0,41,41,0,0,41,39,16239,0,0,0,0,2
2020-06-26,US,North Dakota,Rolette,10,0,0,48.77245354,-99.84097493,38079.0,70.54176072234762,0.0,10,10,0,0,10,9,14301,0,0,0,0,1
2020-06-26,US,North Dakota,Sargent,6,0,0,46.10830372,-97.63217159,38081.0,153.9250897896357,0.0,6,5,0,0,5,4,3870,1,0,0,1,1
2020-06-26,US,North Dakota,Sheridan,1,0,0,47.57700669,-100.3426391,38083.0,76.04562737642586,0.0,1,1,0,0,1,1,1349,0,0,0,0,0
2020-06-26,US,North Dakota,Sioux,20,0,0,46.11323337,-101.04401490000001,38085.0,472.81323877068564,0.0,20,20,0,0,20,20,4358,0,0,0,0,0
2020-06-26,US,North Dakota,Slope,3,0,0,46.44737738,-103.4601547,38087.0,400.0,0.0,3,3,0,0,3,3,763,0,0,0,0,0
2020-06-26,US,North Dakota,Stark,71,2,0,46.80851182,-102.65763259999999,38089.0,225.47556289497916,2.8169014084507036,69,70,2,0,68,68,30997,1,0,0,1,2
2020-06-26,US,North Dakota,Steele,1,0,0,47.45611548,-97.72728747,38091.0,52.91005291005291,0.0,1,1,0,0,1,1,1903,0,0,0,0,0
2020-06-26,US,North Dakota,Stutsman,63,1,0,46.97962541,-98.95637318,38093.0,304.28902627511593,1.5873015873015872,62,62,1,0,61,62,20917,1,0,0,1,0
2020-06-26,US,North Dakota,Traill,15,0,0,47.45367788,-97.16323288,38097.0,186.66002986560483,0.0,15,15,0,0,15,15,8037,0,0,0,0,0
2020-06-26,US,North Dakota,Walsh,20,0,0,48.36876964,-97.72574783,38099.0,187.952260125928,0.0,20,20,0,0,20,19,10667,0,0,0,0,1
2020-06-26,US,North Dakota,Ward,59,1,0,48.22390169,-101.54367629999999,38101.0,87.22520364867462,1.6949152542372878,58,58,1,0,57,54,67744,1,0,0,1,4
2020-06-26,US,North Dakota,Wells,8,0,0,47.58614526,-99.65904998,38103.0,208.65936358894103,0.0,8,8,0,0,8,8,3957,0,0,0,0,0
2020-06-26,US,North Dakota,Williams,29,0,0,48.34522353,-103.4793387,38105.0,77.15023012051398,0.0,29,28,0,0,28,26,35350,1,0,0,1,2
2020-06-26,US,Ohio,Adams,20,1,0,38.84541072,-83.4718964,39001.0,72.20737959419452,5.0,19,20,1,0,19,19,27724,0,0,0,0,1
2020-06-26,US,Ohio,Allen,264,38,0,40.77285242,-84.10802343,39003.0,257.93592637101744,14.393939393939394,226,261,38,0,223,257,102663,3,0,0,3,4
2020-06-26,US,Ohio,Ashland,45,1,0,40.84772277,-82.27280781,39005.0,84.13731209333632,2.2222222222222223,44,46,0,0,46,45,53745,-1,1,0,-2,1
2020-06-26,US,Ohio,Ashtabula,412,43,0,41.70860332,-80.74830218,39007.0,423.6895959523246,10.436893203883496,369,413,42,0,371,412,97493,-1,1,0,-2,1
2020-06-26,US,Ohio,Athens,29,1,0,39.33425634,-82.04278644,39009.0,44.39205841382583,3.4482758620689653,28,29,1,0,28,28,65818,0,0,0,0,1
2020-06-26,US,Ohio,Auglaize,96,3,0,40.55998859,-84.22421429999999,39011.0,210.2680918170668,3.125,93,93,3,0,90,91,45804,3,0,0,3,2
2020-06-26,US,Ohio,Belmont,519,21,0,40.01625942,-80.9924051,39013.0,774.5575023132257,4.0462427745664735,498,516,21,0,495,506,67505,3,0,0,3,10
2020-06-26,US,Ohio,Brown,51,1,0,38.93416837,-83.86788395,39015.0,117.42494013630504,1.96078431372549,50,50,1,0,49,47,43602,1,0,0,1,3
2020-06-26,US,Ohio,Butler,1322,43,0,39.44012838,-84.57388716,39017.0,345.0489906925514,3.2526475037821476,1279,1301,41,0,1260,1269,382378,21,2,0,19,32
2020-06-26,US,Ohio,Carroll,46,3,0,40.5789686,-81.09178213,39019.0,170.9147655495281,6.521739130434782,43,46,3,0,43,43,27081,0,0,0,0,3
2020-06-26,US,Ohio,Champaign,37,1,0,40.13923427,-83.76875242,39021.0,95.15237238009516,2.702702702702702,36,37,1,0,36,37,38754,0,0,0,0,0
2020-06-26,US,Ohio,Clark,712,8,0,39.91592258,-83.78498252,39023.0,531.0143716951441,1.1235955056179776,704,703,8,0,695,697,134585,9,0,0,9,6
2020-06-26,US,Ohio,Clermont,307,6,0,39.04847534,-84.15375786,39025.0,148.72013486542522,1.954397394136808,301,300,6,0,294,294,205466,7,0,0,7,6
2020-06-26,US,Ohio,Clinton,56,0,0,39.41485808,-83.80852286,39027.0,133.43499809378574,0.0,56,55,0,0,55,55,42057,1,0,0,1,0
2020-06-26,US,Ohio,Columbiana,1087,59,0,40.76932373,-80.78094576,39029.0,1066.9100831345759,5.427782888684453,1028,1033,59,0,974,984,102665,54,0,0,54,49
2020-06-26,US,Ohio,Coshocton,66,0,0,40.30096166,-81.91729018,39031.0,180.327868852459,0.0,66,64,0,0,64,64,36629,2,0,0,2,0
2020-06-26,US,Ohio,Crawford,127,5,0,40.85065156,-82.91989099,39033.0,306.06834723092487,3.9370078740157477,122,126,5,0,121,125,41550,1,0,0,1,1
2020-06-26,US,Ohio,Cuyahoga,6287,347,0,41.424119,-81.65918339,39035.0,509.0391491346254,5.519325592492446,5940,6111,346,0,5765,5964,1243857,176,1,0,175,147
2020-06-26,US,Ohio,Darke,231,25,0,40.13412966,-84.6194517,39037.0,451.93981961536207,10.822510822510825,206,230,25,0,205,228,51323,1,0,0,1,2
2020-06-26,US,Ohio,Defiance,43,3,0,41.32398837,-84.49076944,39039.0,112.89941449838528,6.9767441860465125,40,43,3,0,40,43,38165,0,0,0,0,0
2020-06-26,US,Ohio,Delaware,458,15,0,40.27942393,-83.00457058,39041.0,218.95332660856602,3.2751091703056767,443,449,15,0,434,441,204826,9,0,0,9,8
2020-06-26,US,Ohio,Erie,223,22,0,41.36796058,-82.62904521,39043.0,300.2719952602806,9.865470852017935,201,221,22,0,199,219,74615,2,0,0,2,2
2020-06-26,US,Ohio,Fairfield,448,15,0,39.75107189,-82.63088163,39045.0,284.3108634673233,3.3482142857142856,433,438,15,0,423,433,155782,10,0,0,10,5
2020-06-26,US,Ohio,Fayette,45,0,0,39.56021306,-83.4562016,39047.0,157.75635407537246,0.0,45,45,0,0,45,45,28666,0,0,0,0,0
2020-06-26,US,Ohio,Franklin,8511,383,0,39.96995815,-83.01115755,39049.0,646.3612089103827,4.500058747503231,8128,8310,378,0,7932,8144,1310300,201,5,0,196,166
2020-06-26,US,Ohio,Fulton,56,0,0,41.60213491,-84.12571393,39051.0,132.93452974410104,0.0,56,54,0,0,54,54,42276,2,0,0,2,0
2020-06-26,US,Ohio,Gallia,10,1,0,38.82708533,-82.31647569,39053.0,33.44705331460298,10.0,9,9,1,0,8,9,29979,1,0,0,1,0
2020-06-26,US,Ohio,Geauga,378,41,0,41.49952319,-81.17935342,39055.0,403.63484927762175,10.846560846560848,337,372,41,0,331,369,94031,6,0,0,6,3
2020-06-26,US,Ohio,Greene,189,9,0,39.69116283,-83.89032084,39057.0,111.87602479030643,4.761904761904762,180,187,9,0,178,183,167995,2,0,0,2,4
2020-06-26,US,Ohio,Guernsey,51,3,0,40.05026529,-81.49248905,39059.0,131.18971061093248,5.882352941176472,48,49,3,0,46,47,39022,2,0,0,2,2
2020-06-26,US,Ohio,Hamilton,4491,191,0,39.19673558,-84.54502924,39061.0,549.3759426916853,4.252950345134714,4300,4337,191,0,4146,4189,816684,154,0,0,154,148
2020-06-26,US,Ohio,Hancock,69,1,0,41.00250487,-83.66838948,39063.0,91.04944380665847,1.4492753623188406,68,68,1,0,67,65,75930,1,0,0,1,3
2020-06-26,US,Ohio,Hardin,108,12,0,40.66015414,-83.65929931,39065.0,344.33285509325685,11.111111111111109,96,108,11,0,97,107,31480,0,1,0,-1,1
2020-06-26,US,Ohio,Harrison,12,1,0,40.29380509,-81.09068544,39067.0,79.78723404255321,8.333333333333334,11,12,1,0,11,12,15174,0,0,0,0,0
2020-06-26,US,Ohio,Henry,24,0,0,41.3339642,-84.06830637,39069.0,88.86914019106865,0.0,24,23,0,0,23,23,27086,1,0,0,1,0
2020-06-26,US,Ohio,Highland,42,1,0,39.1839264,-83.60331456,39071.0,97.3100715924098,2.380952380952381,41,39,1,0,38,39,43058,3,0,0,3,0
2020-06-26,US,Ohio,Hocking,76,7,0,39.49537927,-82.47991446,39073.0,268.893291819983,9.210526315789474,69,75,7,0,68,74,28385,1,0,0,1,1
2020-06-26,US,Ohio,Holmes,176,3,0,40.56163713,-81.92635677,39075.0,400.36396724294815,1.7045454545454546,173,169,3,0,166,162,43892,7,0,0,7,7
2020-06-26,US,Ohio,Huron,147,1,0,41.14651175,-82.59867951,39077.0,252.29121614663785,0.6802721088435374,146,144,1,0,143,129,58504,3,0,0,3,15
2020-06-26,US,Ohio,Jackson,17,0,0,39.01914254,-82.61818559999998,39079.0,52.4480918150125,0.0,17,17,0,0,17,16,32384,0,0,0,0,1
2020-06-26,US,Ohio,Jefferson,76,2,0,40.38614126,-80.76259514,39081.0,116.34137007271336,2.631578947368421,74,75,2,0,73,74,65767,1,0,0,1,1
2020-06-26,US,Ohio,Knox,37,1,0,40.39830217,-82.42027563,39083.0,59.369083148807796,2.702702702702702,36,36,1,0,35,34,61893,1,0,0,1,2
2020-06-26,US,Ohio,Lake,393,17,0,41.69710807,-81.23676539,39085.0,170.7589431194574,4.325699745547073,376,390,17,0,373,381,230514,3,0,0,3,9
2020-06-26,US,Ohio,Lawrence,55,0,0,38.59743452,-82.53466552,39087.0,92.49449237340868,0.0,55,55,0,0,55,52,59866,0,0,0,0,3
2020-06-26,US,Ohio,Licking,358,11,0,40.09136236,-82.48185785,39089.0,202.41770419875385,3.0726256983240225,347,351,11,0,340,344,175769,7,0,0,7,7
2020-06-26,US,Ohio,Logan,52,0,0,40.38996525,-83.76784341,39091.0,113.85531616745492,0.0,52,51,0,0,51,50,45358,1,0,0,1,1
2020-06-26,US,Ohio,Lorain,901,67,0,41.29553751,-82.15083537,39093.0,290.801819044453,7.436182019977803,834,889,67,0,822,878,309461,12,0,0,12,11
2020-06-26,US,Ohio,Lucas,2538,299,0,41.62101218,-83.65468618,39095.0,592.5088946370707,11.780929866036251,2239,2534,299,0,2235,2527,429899,4,0,0,4,7
2020-06-26,US,Ohio,Madison,181,8,0,39.89381073,-83.40178317,39097.0,404.64107665824594,4.419889502762431,173,179,8,0,171,177,44413,2,0,0,2,2
2020-06-26,US,Ohio,Mahoning,1695,227,0,41.01631101,-80.77287029,39099.0,741.2007014076254,13.392330383480823,1468,1682,227,0,1455,1680,229642,13,0,0,13,2
2020-06-26,US,Ohio,Marion,2717,36,0,40.58610662,-83.15736305,39101.0,4174.027929270428,1.3249907986750091,2681,2717,36,0,2681,2714,65256,0,0,0,0,3
2020-06-26,US,Ohio,Medina,451,31,0,41.11770589,-81.89986209999998,39103.0,250.9096169038532,6.873614190687362,420,441,31,0,410,434,179146,10,0,0,10,7
2020-06-26,US,Ohio,Meigs,10,0,0,39.09224872,-82.0305041,39105.0,43.654778015453786,0.0,10,10,0,0,10,9,23106,0,0,0,0,1
2020-06-26,US,Ohio,Mercer,265,8,0,40.54043046,-84.62912742,39107.0,643.6413096279025,3.018867924528302,257,259,8,0,251,259,40959,6,0,0,6,0
2020-06-26,US,Ohio,Miami,418,30,0,40.0543329,-84.22871271,39109.0,390.7016740351632,7.177033492822965,388,413,30,0,383,411,106222,5,0,0,5,2
2020-06-26,US,Ohio,Monroe,85,17,0,39.72984936,-81.08464734,39111.0,622.5281968653875,20.0,68,83,16,0,67,83,13790,2,1,0,1,0
2020-06-26,US,Ohio,Montgomery,1527,22,0,39.75394919,-84.29050975,39113.0,287.19904755993656,1.4407334643091028,1505,1465,22,0,1443,1392,532331,62,0,0,62,73
2020-06-26,US,Ohio,Morgan,7,0,0,39.62081738,-81.85308173,39115.0,48.2492417976289,0.0,7,6,0,0,6,6,14604,1,0,0,1,0
2020-06-26,US,Ohio,Morrow,111,1,0,40.52363560000001,-82.7892599,39117.0,314.1983695652174,0.9009009009009008,110,111,1,0,110,110,35112,0,0,0,0,1
2020-06-26,US,Ohio,Muskingum,72,1,0,39.96575964,-81.94363275,39119.0,83.51214985791336,1.3888888888888888,71,71,1,0,70,69,86183,1,0,0,1,2
2020-06-26,US,Ohio,Noble,7,0,0,39.76818851,-81.45937183,39121.0,48.53022739877982,0.0,7,6,0,0,6,6,14354,1,0,0,1,0
2020-06-26,US,Ohio,Ottawa,126,23,0,41.53781826,-83.0940185,39123.0,310.919185687847,18.253968253968253,103,124,23,0,101,123,40769,2,0,0,2,1
2020-06-26,US,Ohio,Paulding,22,0,0,41.11676341,-84.5801017,39125.0,117.8234790059983,0.0,22,22,0,0,22,21,18760,0,0,0,0,1
2020-06-26,US,Ohio,Perry,26,1,0,39.73508655,-82.23804971,39127.0,71.95439198538773,3.8461538461538463,25,26,1,0,25,26,36033,0,0,0,0,0
2020-06-26,US,Ohio,Pickaway,2157,41,0,39.64170392,-83.0243386,39129.0,3689.8917152778968,1.900788131664349,2116,2150,41,0,2109,2148,58086,7,0,0,7,2
2020-06-26,US,Ohio,Pike,20,0,0,39.07634001,-83.06769584,39131.0,72.01497911565606,0.0,20,19,0,0,19,17,28067,1,0,0,1,2
2020-06-26,US,Ohio,Portage,395,58,0,41.16793482,-81.19735782,39133.0,243.12779289205125,14.683544303797467,337,382,58,0,324,379,162927,13,0,0,13,3
2020-06-26,US,Ohio,Preble,57,1,0,39.7420247,-84.64787018,39135.0,139.4256641064527,1.7543859649122806,56,55,1,0,54,51,40997,2,0,0,2,4
2020-06-26,US,Ohio,Putnam,109,15,0,41.02094889,-84.1336111,39137.0,321.90425563332445,13.761467889908257,94,107,15,0,92,106,33780,2,0,0,2,1
2020-06-26,US,Ohio,Richland,300,4,0,40.77180308,-82.53799609999999,39139.0,247.61873318256104,1.3333333333333333,296,296,4,0,292,285,121099,4,0,0,4,11
2020-06-26,US,Ohio,Ross,96,2,0,39.33705391,-83.06000914,39141.0,125.21848016069706,2.083333333333333,94,89,2,0,87,87,76931,7,0,0,7,2
2020-06-26,US,Ohio,Sandusky,114,13,0,41.35624126,-83.137872,39143.0,194.81185276325238,11.403508771929824,101,112,13,0,99,110,58799,2,0,0,2,2
2020-06-26,US,Ohio,Scioto,31,0,0,38.80270163,-82.98907345,39145.0,41.16100592187375,0.0,31,28,0,0,28,28,75502,3,0,0,3,0
2020-06-26,US,Ohio,Seneca,31,2,0,41.12351311,-83.12783209,39147.0,56.181811591576356,6.451612903225807,29,31,2,0,29,31,55207,0,0,0,0,0
2020-06-26,US,Ohio,Shelby,55,4,0,40.33163494,-84.20258189,39149.0,113.19201481786376,7.272727272727272,51,55,4,0,51,52,48627,0,0,0,0,3
2020-06-26,US,Ohio,Stark,990,111,0,40.81482476,-81.36437305,39151.0,267.13005186100605,11.212121212121213,879,977,107,0,870,963,371574,13,4,0,9,14
2020-06-26,US,Ohio,Summit,1863,202,0,41.12464734,-81.53123079,39153.0,344.3540173711167,10.842726784755769,1661,1839,202,0,1637,1809,541918,24,0,0,24,30
2020-06-26,US,Ohio,Trumbull,788,57,0,41.31735028,-80.76109643,39155.0,398.0320648165921,7.2335025380710665,731,771,57,0,714,756,198627,17,0,0,17,15
2020-06-26,US,Ohio,Tuscarawas,462,10,0,40.44214695,-81.47226262,39157.0,502.24488242903885,2.1645021645021645,452,454,10,0,444,449,92176,8,0,0,8,5
2020-06-26,US,Ohio,Union,74,1,0,40.30016061,-83.37239023,39159.0,125.44924391401639,1.351351351351351,73,73,1,0,72,73,57835,1,0,0,1,0
2020-06-26,US,Ohio,Van Wert,21,0,0,40.8554138,-84.59111700000003,39161.0,74.27055702917772,0.0,21,20,0,0,20,19,28281,1,0,0,1,1
2020-06-26,US,Ohio,Vinton,22,2,0,39.25208988,-82.4831444,39163.0,168.13144822315633,9.090909090909092,20,22,2,0,20,22,13139,0,0,0,0,0
2020-06-26,US,Ohio,Warren,698,20,0,39.42581994,-84.16557457,39165.0,297.52517028840333,2.8653295128939833,678,649,20,0,629,629,232173,49,0,0,49,20
2020-06-26,US,Ohio,Washington,122,20,0,39.45690571,-81.49121382,39167.0,203.63539249887333,16.393442622950822,102,120,20,0,100,120,60155,2,0,0,2,0
2020-06-26,US,Ohio,Wayne,346,52,0,40.82925852,-81.88844833,39169.0,299.0234206205168,15.028901734104045,294,343,52,0,291,338,115967,3,0,0,3,5
2020-06-26,US,Ohio,Williams,62,1,0,41.56052014,-84.58429552,39171.0,168.97416330535268,1.6129032258064515,61,60,1,0,59,60,36804,2,0,0,2,0
2020-06-26,US,Ohio,Wood,350,51,0,41.36224827,-83.62285108,39173.0,267.549324629062,14.571428571428573,299,345,51,0,294,344,130696,5,0,0,5,1
2020-06-26,US,Ohio,Wyandot,57,4,0,40.84339621,-83.30734173,39175.0,261.8041521219916,7.0175438596491215,53,55,4,0,51,55,21935,2,0,0,2,0
2020-06-26,US,Oklahoma,Adair,111,4,0,35.88494195,-94.65859267,40001.0,500.13517166801836,3.603603603603604,107,111,4,0,107,110,22082,0,0,0,0,1
2020-06-26,US,Oklahoma,Alfalfa,1,0,0,36.73090616,-98.32408495,40003.0,17.5377060680463,0.0,1,1,0,0,1,1,5754,0,0,0,0,0
2020-06-26,US,Oklahoma,Atoka,16,0,0,34.37366573,-96.03802487,40005.0,116.29597325192616,0.0,16,14,0,0,14,14,13838,2,0,0,2,0
2020-06-26,US,Oklahoma,Beaver,30,0,0,36.7496847,-100.4758872,40007.0,564.865373752589,0.0,30,30,0,0,30,30,5319,0,0,0,0,0
2020-06-26,US,Oklahoma,Beckham,12,0,0,35.26862449,-99.68128023,40009.0,54.897296308156825,0.0,12,12,0,0,12,11,21709,0,0,0,0,1
2020-06-26,US,Oklahoma,Blaine,15,0,0,35.87518314,-98.43307003,40011.0,159.0836780146357,0.0,15,14,0,0,14,14,9485,1,0,0,1,0
2020-06-26,US,Oklahoma,Bryan,83,1,0,33.96472458,-96.25903472,40013.0,172.93468069590583,1.2048192771084338,82,78,1,0,77,75,47192,5,0,0,5,3
2020-06-26,US,Oklahoma,Caddo,184,10,0,35.17364557,-98.37534464,40015.0,639.7329810166193,5.434782608695652,174,182,10,0,172,182,28977,2,0,0,2,0
2020-06-26,US,Oklahoma,Canadian,238,3,0,35.5426055,-97.98465569,40017.0,160.47900961525494,1.2605042016806722,235,227,3,0,224,218,144447,11,0,0,11,9
2020-06-26,US,Oklahoma,Carter,82,1,0,34.25103751,-97.28552485,40019.0,170.4391927002141,1.2195121951219512,81,80,1,0,79,75,48177,2,0,0,2,5
2020-06-26,US,Oklahoma,Cherokee,73,1,0,35.90692775,-94.99980896,40021.0,150.0298004398134,1.3698630136986298,72,70,1,0,69,68,48675,3,0,0,3,2
2020-06-26,US,Oklahoma,Choctaw,108,1,0,34.02807439,-95.54771129,40023.0,736.0959651035988,0.925925925925926,107,108,1,0,107,108,14668,0,0,0,0,0
2020-06-26,US,Oklahoma,Cimarron,1,0,0,36.74817177,-102.5173885,40025.0,46.79457182966776,0.0,1,1,0,0,1,1,2153,0,0,0,0,0
2020-06-26,US,Oklahoma,Cleveland,780,40,0,35.20413532,-97.32519562,40027.0,274.63434901096423,5.128205128205129,740,763,40,0,723,735,281669,17,0,0,17,28
2020-06-26,US,Oklahoma,Coal,7,0,0,34.58840127,-96.29798747,40029.0,127.38853503184713,0.0,7,6,0,0,6,6,5520,1,0,0,1,0
2020-06-26,US,Oklahoma,Comanche,386,5,0,34.65973764,-98.47195055,40031.0,319.6713844421072,1.2953367875647668,381,383,5,0,378,381,120422,3,0,0,3,2
2020-06-26,US,Oklahoma,Cotton,6,2,0,34.28845626,-98.37053567,40033.0,105.89481115425345,33.333333333333336,4,5,2,0,3,5,5776,1,0,0,1,0
2020-06-26,US,Oklahoma,Craig,19,0,0,36.76268118,-95.20916602,40035.0,134.35157686324422,0.0,19,19,0,0,19,18,14306,0,0,0,0,1
2020-06-26,US,Oklahoma,Creek,134,7,0,35.90230551,-96.37086028,40037.0,187.35493973882163,5.223880597014926,127,129,7,0,122,128,71604,5,0,0,5,1
2020-06-26,US,Oklahoma,Custer,54,0,0,35.63853802,-99.00170785,40039.0,186.18763576181772,0.0,54,52,0,0,52,51,29036,2,0,0,2,1
2020-06-26,US,Oklahoma,Delaware,124,16,0,36.40823634,-94.80325046,40041.0,288.3117487037597,12.903225806451614,108,121,16,0,105,119,42733,3,0,0,3,2
2020-06-26,US,Oklahoma,Dewey,5,0,0,35.98772922,-99.00730714,40043.0,102.22858311183808,0.0,5,4,0,0,4,4,4894,1,0,0,1,0
2020-06-26,US,Oklahoma,Ellis,1,0,0,36.218019399999996,-99.75324573,40045.0,25.91344908007256,0.0,1,1,0,0,1,1,3952,0,0,0,0,0
2020-06-26,US,Oklahoma,Garfield,64,2,0,36.3791334,-97.78265517,40047.0,104.8218029350105,3.125,62,64,2,0,62,62,60913,0,0,0,0,2
2020-06-26,US,Oklahoma,Garvin,58,1,0,34.70418038,-97.30811132,40049.0,209.3031648081989,1.7241379310344829,57,54,1,0,53,52,27811,4,0,0,4,2
2020-06-26,US,Oklahoma,Grady,128,5,0,35.0167709,-97.88339847,40051.0,229.25099401798187,3.90625,123,126,5,0,121,124,55551,2,0,0,2,2
2020-06-26,US,Oklahoma,Grant,2,0,0,36.796296999999996,-97.78638765,40053.0,46.15739672282484,0.0,2,2,0,0,2,2,4326,0,0,0,0,0
2020-06-26,US,Oklahoma,Greer,66,7,0,34.93535801,-99.56056120000001,40055.0,1155.4621848739494,10.606060606060606,59,66,7,0,59,66,5821,0,0,0,0,0
2020-06-26,US,Oklahoma,Harmon,1,0,0,34.7440135,-99.84741652,40057.0,37.69317753486619,0.0,1,1,0,0,1,1,2664,0,0,0,0,0
2020-06-26,US,Oklahoma,Harper,1,0,0,36.78836519,-99.6679804,40059.0,27.11496746203905,0.0,1,1,0,0,1,1,3797,0,0,0,0,0
2020-06-26,US,Oklahoma,Haskell,8,0,0,35.22257600000001,-95.11513306,40061.0,63.356299992080466,0.0,8,7,0,0,7,7,12668,1,0,0,1,0
2020-06-26,US,Oklahoma,Hughes,7,0,0,35.04912569,-96.24921145,40063.0,52.71481286241434,0.0,7,6,0,0,6,6,13335,1,0,0,1,0
2020-06-26,US,Oklahoma,Jackson,35,3,0,34.58781741,-99.41138784,40065.0,142.68242967794538,8.571428571428571,32,34,3,0,31,33,24949,1,0,0,1,1
2020-06-26,US,Oklahoma,Jefferson,5,0,0,34.11130184,-97.83182974,40067.0,83.30556481172944,0.0,5,5,0,0,5,4,6123,0,0,0,0,1
2020-06-26,US,Oklahoma,Johnston,10,0,0,34.31440473,-96.66011537,40069.0,90.21199819576005,0.0,10,10,0,0,10,10,10949,0,0,0,0,0
2020-06-26,US,Oklahoma,Kay,86,7,0,36.81799745,-97.14421435,40071.0,197.5285957094952,8.13953488372093,79,83,7,0,76,83,44161,3,0,0,3,0
2020-06-26,US,Oklahoma,Kingfisher,25,0,0,35.94530008,-97.94193268,40073.0,158.5791309863622,0.0,25,24,0,0,24,21,15816,1,0,0,1,3
2020-06-26,US,Oklahoma,Kiowa,6,1,0,34.91671958,-98.97720696,40075.0,68.90215893431328,16.666666666666668,5,6,1,0,5,6,8729,0,0,0,0,0
2020-06-26,US,Oklahoma,Latimer,9,1,0,34.87844729,-95.25215049,40077.0,89.34776134220192,11.111111111111109,8,7,1,0,6,7,10231,2,0,0,2,0
2020-06-26,US,Oklahoma,Le Flore,30,1,0,34.89851864,-94.70392124,40079.0,60.176920145226966,3.333333333333333,29,29,1,0,28,29,49980,1,0,0,1,0
2020-06-26,US,Oklahoma,Lincoln,29,2,0,35.70270942,-96.8812462,40081.0,83.14935344209653,6.896551724137932,27,29,2,0,27,28,34920,0,0,0,0,1
2020-06-26,US,Oklahoma,Logan,39,1,0,35.91899576,-97.44352845,40083.0,81.2313844743913,2.5641025641025643,38,37,1,0,36,35,47291,2,0,0,2,2
2020-06-26,US,Oklahoma,Love,29,0,0,33.95273467,-97.23906784,40085.0,282.844045645177,0.0,29,27,0,0,27,27,10134,2,0,0,2,0
2020-06-26,US,Oklahoma,Major,8,1,0,36.31149996,-98.53467076,40093.0,104.86302267662865,12.5,7,8,1,0,7,8,7644,0,0,0,0,0
2020-06-26,US,Oklahoma,Marshall,25,0,0,34.02311222,-96.76855464,40095.0,147.65814186994268,0.0,25,25,0,0,25,25,16806,0,0,0,0,0
2020-06-26,US,Oklahoma,Mayes,75,4,0,36.30179091,-95.23175116,40097.0,182.4817518248175,5.333333333333333,71,73,4,0,69,71,41107,2,0,0,2,2
2020-06-26,US,Oklahoma,McClain,141,4,0,35.01123903,-97.44572302,40087.0,348.37179423827644,2.8368794326241136,137,139,4,0,135,133,39985,2,0,0,2,6
2020-06-26,US,Oklahoma,McCurtain,394,3,0,34.11664328,-94.77222373,40089.0,1200.0487329434698,0.7614213197969543,391,385,2,0,383,363,32703,9,1,0,8,22
2020-06-26,US,Oklahoma,McIntosh,49,1,0,35.37235506,-95.66599306,40091.0,250.0510308226169,2.0408163265306123,48,48,1,0,47,43,19815,1,0,0,1,5
2020-06-26,US,Oklahoma,Murray,16,0,0,34.48116015,-97.06826283,40099.0,113.6928870887515,0.0,16,15,0,0,15,14,13953,1,0,0,1,1
2020-06-26,US,Oklahoma,Muskogee,103,9,0,35.61318461,-95.37802952,40101.0,151.477271056076,8.737864077669903,94,102,9,0,93,102,68362,1,0,0,1,0
2020-06-26,US,Oklahoma,Noble,36,0,0,36.38953329,-97.22928674,40103.0,323.4210762734705,0.0,36,34,0,0,34,31,11289,2,0,0,2,3
2020-06-26,US,Oklahoma,Nowata,33,1,0,36.79843529,-95.61902331,40105.0,327.5109170305677,3.0303030303030303,32,32,1,0,31,32,10218,1,0,0,1,0
2020-06-26,US,Oklahoma,Okfuskee,12,0,0,35.46485198,-96.32639984,40107.0,100.05836738097223,0.0,12,11,0,0,11,11,12098,1,0,0,1,0
2020-06-26,US,Oklahoma,Oklahoma,2486,69,0,35.55140095,-97.40716948,40109.0,311.7499379258973,2.7755430410297666,2417,2410,68,0,2342,2317,792582,76,1,0,75,93
2020-06-26,US,Oklahoma,Okmulgee,54,0,0,35.64661916,-95.96432828,40111.0,140.38736513713766,0.0,54,51,0,0,51,50,38335,3,0,0,3,1
2020-06-26,US,Oklahoma,Osage,154,8,0,36.62888819,-96.39635704,40113.0,327.917722462364,5.194805194805196,146,154,8,0,146,155,47014,0,0,0,0,-1
2020-06-26,US,Oklahoma,Ottawa,44,2,0,36.83532655,-94.81011909,40115.0,141.35637870658914,4.545454545454546,42,44,2,0,42,43,31175,0,0,0,0,1
2020-06-26,US,Oklahoma,Pawnee,51,2,0,36.31743373,-96.70331759999999,40117.0,311.4313629702002,3.92156862745098,49,51,2,0,49,51,16390,0,0,0,0,0
2020-06-26,US,Oklahoma,Payne,335,1,0,36.07695283,-96.97584944,40119.0,409.615572728162,0.29850746268656714,334,300,1,0,299,294,82040,35,0,0,35,6
2020-06-26,US,Oklahoma,Pittsburg,55,3,0,34.92065823,-95.75134320000001,40121.0,125.99074540706465,5.454545454545454,52,52,3,0,49,51,43877,3,0,0,3,1
2020-06-26,US,Oklahoma,Pontotoc,33,2,0,34.72959848,-96.68337199,40123.0,86.19788945773693,6.0606060606060606,31,33,2,0,31,29,38247,0,0,0,0,4
2020-06-26,US,Oklahoma,Pottawatomie,96,4,0,35.20614018,-96.94923008,40125.0,132.2459775181838,4.166666666666667,92,91,4,0,87,89,72679,5,0,0,5,2
2020-06-26,US,Oklahoma,Pushmataha,10,0,0,34.41635232,-95.37603505,40127.0,90.12256669069937,0.0,10,10,0,0,10,8,11179,0,0,0,0,2
2020-06-26,US,Oklahoma,Rogers,152,5,0,36.37004357,-95.60406759,40131.0,164.39719226900573,3.2894736842105265,147,145,5,0,140,142,91984,7,0,0,7,3
2020-06-26,US,Oklahoma,Seminole,36,3,0,35.16478725,-96.61686741,40133.0,148.40465001236706,8.333333333333334,33,36,3,0,33,35,24578,0,0,0,0,1
2020-06-26,US,Oklahoma,Sequoyah,31,3,0,35.49447108,-94.75463785,40135.0,74.57480333902667,9.677419354838712,28,28,3,0,25,28,41179,3,0,0,3,0
2020-06-26,US,Oklahoma,Stephens,55,1,0,34.48556989,-97.85141892,40137.0,127.48302157939872,1.818181818181818,54,52,1,0,51,50,43265,3,0,0,3,2
2020-06-26,US,Oklahoma,Texas,984,6,0,36.74777635,-101.4889765,40139.0,4924.185557724066,0.6097560975609756,978,984,6,0,978,983,20455,0,0,0,0,1
2020-06-26,US,Oklahoma,Tillman,23,1,0,34.37288446,-98.92426619,40141.0,317.2413793103448,4.3478260869565215,22,23,1,0,22,23,7348,0,0,0,0,0
2020-06-26,US,Oklahoma,Tulsa,3103,66,0,36.11939621,-95.94013939,40143.0,476.24748293305834,2.1269738962294555,3037,2949,66,0,2883,2742,648360,154,0,0,154,207
2020-06-26,US,Oklahoma,Wagoner,234,18,0,35.96024096,-95.51911308,40145.0,287.8618263233648,7.6923076923076925,216,226,18,0,208,223,80110,8,0,0,8,3
2020-06-26,US,Oklahoma,Washington,391,38,0,36.71380786,-95.90514104,40147.0,758.8254701418674,9.718670076726342,353,388,38,0,350,385,51843,3,0,0,3,3
2020-06-26,US,Oklahoma,Washita,3,0,0,35.29071824,-98.99180434,40149.0,27.482594356907292,0.0,3,3,0,0,3,3,11127,0,0,0,0,0
2020-06-26,US,Oklahoma,Woods,5,0,0,36.76705782,-98.86573064,40151.0,56.863414079381336,0.0,5,5,0,0,5,5,8897,0,0,0,0,0
2020-06-26,US,Oklahoma,Woodward,12,0,0,36.42316318,-99.26283045,40153.0,59.373608431052396,0.0,12,12,0,0,12,12,20222,0,0,0,0,0
2020-06-26,US,Oregon,Baker,1,0,0,44.70915557,-117.6749883,41001.0,6.201935003721161,0.0,1,1,0,0,1,1,16006,0,0,0,0,0
2020-06-26,US,Oregon,Benton,80,5,0,44.49167306,-123.4316987,41003.0,85.97251028983483,6.25,75,76,5,0,71,70,92101,4,0,0,4,6
2020-06-26,US,Oregon,Clackamas,665,24,0,45.18787398,-122.2179634,41005.0,159.01976866808388,3.609022556390977,641,648,24,0,624,640,416075,17,0,0,17,8
2020-06-26,US,Oregon,Clatsop,48,0,0,45.99712889,-123.660711,41007.0,119.33174224343675,0.0,48,48,0,0,48,47,39764,0,0,0,0,1
2020-06-26,US,Oregon,Columbia,27,0,0,45.94464254,-123.08908980000001,41009.0,51.5719906788402,0.0,27,26,0,0,26,26,52377,1,0,0,1,0
2020-06-26,US,Oregon,Coos,39,0,0,43.17406868,-124.0594514,41011.0,60.4773055034348,0.0,39,39,0,0,39,37,64389,0,0,0,0,2
2020-06-26,US,Oregon,Crook,9,0,0,44.14230227,-120.356297,41013.0,36.87920013112605,0.0,9,9,0,0,9,9,23867,0,0,0,0,0
2020-06-26,US,Oregon,Curry,7,0,0,42.45911325,-124.15728200000001,41015.0,30.53435114503817,0.0,7,7,0,0,7,7,22813,0,0,0,0,0
2020-06-26,US,Oregon,Deschutes,159,0,0,43.91570171,-121.2289121,41017.0,80.42814074418794,0.0,159,155,0,0,155,153,191996,4,0,0,4,2
2020-06-26,US,Oregon,Douglas,38,0,0,43.27941273,-123.16729099999999,41019.0,34.240403676338076,0.0,38,34,0,0,34,34,110283,4,0,0,4,0
2020-06-26,US,Oregon,Grant,1,0,0,44.49024544,-119.0068631,41023.0,13.890818169190164,0.0,1,1,0,0,1,1,7176,0,0,0,0,0
2020-06-26,US,Oregon,Harney,1,0,0,43.06422669,-118.96663059999999,41025.0,13.526308670363855,0.0,1,1,0,0,1,1,7329,0,0,0,0,0
2020-06-26,US,Oregon,Hood River,88,0,0,45.51872811,-121.65520359999998,41027.0,376.35788213155416,0.0,88,88,0,0,88,88,23428,0,0,0,0,0
2020-06-26,US,Oregon,Jackson,98,0,0,42.43201126,-122.72893090000001,41029.0,44.355130711854585,0.0,98,93,0,0,93,94,219564,5,0,0,5,-1
2020-06-26,US,Oregon,Jefferson,91,0,0,44.62806839,-121.17832,41031.0,369.04858463784575,0.0,91,85,0,0,85,84,24192,6,0,0,6,1
2020-06-26,US,Oregon,Josephine,28,1,0,42.3665549,-123.5561938,41033.0,32.00475499217026,3.571428571428572,27,26,1,0,25,26,87393,2,0,0,2,0
2020-06-26,US,Oregon,Klamath,111,0,0,42.68762984,-121.64964609999998,41035.0,162.66596324628506,0.0,111,111,0,0,111,98,67653,0,0,0,0,13
2020-06-26,US,Oregon,Lake,12,0,0,42.79246693,-120.38501629999999,41037.0,152.49714067861228,0.0,12,9,0,0,9,6,7879,3,0,0,3,3
2020-06-26,US,Oregon,Lane,122,3,0,43.93727035,-122.847753,41039.0,31.931572211156677,2.459016393442623,119,112,3,0,109,107,379611,10,0,0,10,5
2020-06-26,US,Oregon,Lincoln,305,2,0,44.64252874,-123.86991200000001,41041.0,610.463952603979,0.6557377049180327,303,301,2,0,299,301,49388,4,0,0,4,0
2020-06-26,US,Oregon,Linn,136,9,0,44.48899494,-122.53731540000001,41043.0,104.8177635280426,6.617647058823528,127,132,9,0,123,130,127335,4,0,0,4,2
2020-06-26,US,Oregon,Malheur,73,1,0,43.1937027,-117.62273950000001,41045.0,238.7883942298257,1.3698630136986298,72,60,1,0,59,58,30725,13,0,0,13,2
2020-06-26,US,Oregon,Marion,1400,41,0,44.90287942,-122.58151170000001,41047.0,402.5093583425815,2.9285714285714284,1359,1382,38,0,1344,1378,346868,18,3,0,15,4
2020-06-26,US,Oregon,Morrow,48,2,0,45.41846568,-119.584546,41049.0,413.6861156597432,4.166666666666667,46,36,1,0,35,35,11372,12,1,0,11,1
2020-06-26,US,Oregon,Multnomah,2028,68,0,45.54747959,-122.4169351,41051.0,249.4909916282732,3.3530571992110447,1960,1967,68,0,1899,1938,811880,61,0,0,61,29
2020-06-26,US,Oregon,Polk,134,12,0,44.90322804,-123.4128888,41053.0,155.6601033861881,8.955223880597012,122,134,12,0,122,132,85234,0,0,0,0,2
2020-06-26,US,Oregon,Sherman,1,0,0,45.41501554,-120.6827834,41055.0,56.179775280898866,0.0,1,1,0,0,1,1,1708,0,0,0,0,0
2020-06-26,US,Oregon,Tillamook,7,0,0,45.46248721,-123.712066,41057.0,25.89140405385412,0.0,7,7,0,0,7,7,26787,0,0,0,0,0
2020-06-26,US,Oregon,Umatilla,363,4,0,45.59073056,-118.7353826,41059.0,465.6831302116742,1.1019283746556474,359,341,4,0,337,333,77516,22,0,0,22,8
2020-06-26,US,Oregon,Union,309,1,0,45.30915495,-118.0068979,41061.0,1151.4812744550031,0.32362459546925565,308,297,0,0,297,287,26461,12,1,0,11,10
2020-06-26,US,Oregon,Wallowa,8,0,0,45.57894064,-117.18353799999998,41063.0,110.98779134295229,0.0,8,8,0,0,8,8,7081,0,0,0,0,0
2020-06-26,US,Oregon,Wasco,58,1,0,45.16292781,-121.16709540000001,41065.0,217.37500936961246,1.7241379310344829,57,55,1,0,54,54,26505,3,0,0,3,1
2020-06-26,US,Oregon,Washington,1214,20,0,45.55972701,-123.0955257,41067.0,201.7978962486204,1.6474464579901154,1194,1175,20,0,1155,1151,597695,39,0,0,39,24
2020-06-26,US,Oregon,Yamhill,109,8,0,45.23330449,-123.3086963,41071.0,101.77404295051352,7.339449541284404,101,103,8,0,95,102,107002,6,0,0,6,1
2020-06-26,US,Pennsylvania,Adams,324,12,0,39.87140411,-77.21610347,42001.0,314.5356231008941,3.703703703703704,312,323,12,0,311,321,102811,1,0,0,1,2
2020-06-26,US,Pennsylvania,Allegheny,2382,183,0,40.46809875,-79.98167747,42003.0,195.88090901241318,7.682619647355164,2199,2321,182,0,2139,2284,1218452,61,1,0,60,37
2020-06-26,US,Pennsylvania,Armstrong,72,6,0,40.81665618,-79.46290811,42005.0,111.22267706804665,8.333333333333334,66,70,6,0,64,70,65263,2,0,0,2,0
2020-06-26,US,Pennsylvania,Beaver,638,78,0,40.6825484,-80.34921611,42007.0,389.1928822844036,12.225705329153605,560,637,78,0,559,634,164742,1,0,0,1,3
2020-06-26,US,Pennsylvania,Bedford,76,3,0,40.00522157,-78.48998442,42009.0,158.70364183093886,3.947368421052632,73,72,3,0,69,71,48176,4,0,0,4,1
2020-06-26,US,Pennsylvania,Berks,4474,348,0,40.41570541,-75.92457766,42011.0,1062.2940232308554,7.778274474742958,4126,4461,348,0,4113,4453,420152,13,0,0,13,8
2020-06-26,US,Pennsylvania,Blair,69,1,0,40.47961444,-78.34917412,42013.0,56.636761362237245,1.4492753623188406,68,69,1,0,68,69,122492,0,0,0,0,0
2020-06-26,US,Pennsylvania,Bradford,56,3,0,41.78869215,-76.51570822,42015.0,92.83357923180212,5.357142857142857,53,51,3,0,48,51,60833,5,0,0,5,0
2020-06-26,US,Pennsylvania,Bucks,5676,561,0,40.33682119,-75.10836643,42017.0,903.4332373024337,9.883720930232558,5115,5649,560,0,5089,5619,628195,27,1,0,26,30
2020-06-26,US,Pennsylvania,Butler,284,13,0,40.91152759,-79.91351055,42019.0,151.1820412769559,4.577464788732393,271,280,13,0,267,277,187888,4,0,0,4,3
2020-06-26,US,Pennsylvania,Cambria,67,3,0,40.49527404,-78.71377428,42021.0,51.4624554504117,4.477611940298506,64,64,3,0,61,62,131730,3,0,0,3,2
2020-06-26,US,Pennsylvania,Cameron,2,0,0,41.43625568,-78.20376845,42023.0,44.974139869575005,0.0,2,2,0,0,2,2,4492,0,0,0,0,0
2020-06-26,US,Pennsylvania,Carbon,272,25,0,40.91545395,-75.7068525,42025.0,423.7948334423982,9.191176470588236,247,271,25,0,246,271,64227,1,0,0,1,0
2020-06-26,US,Pennsylvania,Centre,198,6,0,40.92058903,-77.82200624,42027.0,121.93244449918406,3.0303030303030303,192,197,6,0,191,196,162805,1,0,0,1,1
2020-06-26,US,Pennsylvania,Chester,3607,322,0,39.97291773,-75.74768357,42029.0,687.0620146326876,8.927086221236484,3285,3578,321,0,3257,3559,522046,29,1,0,28,19
2020-06-26,US,Pennsylvania,Clarion,33,2,0,41.19265812,-79.42413524,42031.0,85.85254175555441,6.0606060606060606,31,33,2,0,31,33,38779,0,0,0,0,0
2020-06-26,US,Pennsylvania,Clearfield,72,0,0,41.00110782,-78.47592663,42033.0,90.84600340672512,0.0,72,71,0,0,71,70,79388,1,0,0,1,1
2020-06-26,US,Pennsylvania,Clinton,75,4,0,41.23255967,-77.63785995,42035.0,194.13957341064403,5.333333333333333,71,74,4,0,70,73,38684,1,0,0,1,1
2020-06-26,US,Pennsylvania,Columbia,399,33,0,41.04821986,-76.40565017,42037.0,614.1863185764422,8.270676691729323,366,399,33,0,366,398,65456,0,0,0,0,1
2020-06-26,US,Pennsylvania,Crawford,51,0,0,41.68447709,-80.10760592,42039.0,60.263030403289655,0.0,51,50,0,0,50,48,85063,1,0,0,1,2
2020-06-26,US,Pennsylvania,Cumberland,830,63,0,40.1625372,-77.26130755,42041.0,327.58416544973755,7.590361445783132,767,825,63,0,762,809,251423,5,0,0,5,16
2020-06-26,US,Pennsylvania,Dauphin,1917,132,0,40.41377078,-76.77993242,42043.0,688.8274841088182,6.885758998435055,1785,1893,131,0,1762,1864,277097,24,1,0,23,29
2020-06-26,US,Pennsylvania,Delaware,7117,651,0,39.91680171,-75.40243663,42045.0,1255.7631535764635,9.147112547421667,6466,7095,648,0,6447,7079,564751,22,3,0,19,16
2020-06-26,US,Pennsylvania,Elk,12,0,0,41.42822061,-78.64524744,42047.0,40.12036108324975,0.0,12,10,0,0,10,10,30169,2,0,0,2,0
2020-06-26,US,Pennsylvania,Erie,572,10,0,41.99253829,-80.03301954,42049.0,212.06548819551548,1.7482517482517483,562,559,9,0,550,551,272061,13,1,0,12,8
2020-06-26,US,Pennsylvania,Fayette,106,4,0,39.92041012,-79.64291195,42051.0,81.99637978247753,3.7735849056603774,102,104,4,0,100,104,130441,2,0,0,2,0
2020-06-26,US,Pennsylvania,Forest,7,0,0,41.51095103,-79.23229292,42053.0,96.59169311439214,0.0,7,7,0,0,7,7,7279,0,0,0,0,0
2020-06-26,US,Pennsylvania,Franklin,902,42,0,39.92956518,-77.72157791,42055.0,581.8341321189213,4.656319290465632,860,900,42,0,858,896,154835,2,0,0,2,4
2020-06-26,US,Pennsylvania,Fulton,18,1,0,39.92913544,-78.11163677,42057.0,123.88162422573986,5.5555555555555545,17,18,1,0,17,18,14523,0,0,0,0,0
2020-06-26,US,Pennsylvania,Greene,35,0,0,39.85746531,-80.22357106,42059.0,96.5970248116358,0.0,35,35,0,0,35,35,36506,0,0,0,0,0
2020-06-26,US,Pennsylvania,Huntingdon,245,4,0,40.42162652,-77.97673273,42061.0,542.7077795498848,1.6326530612244898,241,242,4,0,238,242,45168,3,0,0,3,0
2020-06-26,US,Pennsylvania,Indiana,101,6,0,40.65241041,-79.08963285,42063.0,120.13369333793251,5.9405940594059405,95,101,6,0,95,98,84501,0,0,0,0,3
2020-06-26,US,Pennsylvania,Jefferson,21,1,0,41.12913106,-78.9986361,42065.0,48.359240069084635,4.761904761904762,20,21,1,0,20,21,43641,0,0,0,0,0
2020-06-26,US,Pennsylvania,Juniata,110,5,0,40.53358749,-77.39975129999998,42067.0,444.2111214311674,4.545454545454546,105,109,5,0,104,109,24704,1,0,0,1,0
2020-06-26,US,Pennsylvania,Lackawanna,1662,202,0,41.43564672,-75.60379201,42069.0,792.6590802865401,12.154031287605296,1460,1648,202,0,1446,1638,210793,14,0,0,14,10
2020-06-26,US,Pennsylvania,Lancaster,4280,354,0,40.03904563,-76.24770128,42071.0,784.2792327257001,8.271028037383177,3926,4212,354,0,3858,4152,543557,68,0,0,68,60
2020-06-26,US,Pennsylvania,Lawrence,99,9,0,40.99206278,-80.33393706,42073.0,115.7732248105529,9.090909090909092,90,99,9,0,90,94,86184,0,0,0,0,5
2020-06-26,US,Pennsylvania,Lebanon,1300,43,0,40.36680311,-76.45651841,42075.0,916.8294626674096,3.3076923076923075,1257,1291,43,0,1248,1278,141314,9,0,0,9,13
2020-06-26,US,Pennsylvania,Lehigh,4187,288,0,40.6154815,-75.59435245,42077.0,1133.7113273655764,6.878433245760688,3899,4164,285,0,3879,4130,368100,23,3,0,20,34
2020-06-26,US,Pennsylvania,Luzerne,2891,176,0,41.17823008,-75.98447579,42079.0,910.7892771968736,6.087858872362506,2715,2883,174,0,2709,2874,317646,8,2,0,6,9
2020-06-26,US,Pennsylvania,Lycoming,176,19,0,41.34310539,-77.06629984,42081.0,155.34117688593898,10.795454545454543,157,176,19,0,157,175,113664,0,0,0,0,1
2020-06-26,US,Pennsylvania,McKean,15,1,0,41.80938602,-78.56478358,42083.0,36.92307692307692,6.666666666666668,14,15,1,0,14,15,40968,0,0,0,0,0
2020-06-26,US,Pennsylvania,Mercer,130,6,0,41.30248872,-80.25816981,42085.0,118.80391870156456,4.615384615384615,124,126,6,0,120,120,110683,4,0,0,4,6
2020-06-26,US,Pennsylvania,Mifflin,62,1,0,40.61116939,-77.61070738,42087.0,134.37947028479778,1.6129032258064515,61,61,1,0,60,61,46222,1,0,0,1,0
2020-06-26,US,Pennsylvania,Monroe,1391,108,0,41.05934058,-75.34031025,42089.0,816.9330067950502,7.7641984184040265,1283,1388,109,0,1279,1384,169507,3,-1,0,4,4
2020-06-26,US,Pennsylvania,Montgomery,8301,794,0,40.21053671,-75.36652296,42091.0,999.0191535836999,9.565112637031683,7507,8244,792,0,7452,8188,828604,57,2,0,55,56
2020-06-26,US,Pennsylvania,Montour,69,0,0,41.03023987,-76.66345939,42093.0,378.4969829950631,0.0,69,68,0,0,68,68,18240,1,0,0,1,0
2020-06-26,US,Pennsylvania,Northampton,3360,263,0,40.75182733,-75.30471829,42095.0,1100.6109045645871,7.827380952380952,3097,3352,262,0,3090,3339,304807,8,1,0,7,13
2020-06-26,US,Pennsylvania,Northumberland,288,5,0,40.84785433,-76.70798222,42097.0,317.0304811598032,1.7361111111111112,283,284,5,0,279,281,91083,4,0,0,4,3
2020-06-26,US,Pennsylvania,Perry,86,5,0,40.40206612,-77.26297447,42099.0,185.85753803596126,5.813953488372092,81,85,5,0,80,85,46139,1,0,0,1,0
2020-06-26,US,Pennsylvania,Philadelphia,25693,1587,0,40.00338507,-75.1379271,42101.0,1621.9672942507373,6.176779667613747,24106,25443,1583,0,23860,25443,1584138,250,4,0,246,0
2020-06-26,US,Pennsylvania,Pike,489,20,0,41.33155042,-75.03208106,42103.0,876.2027629952157,4.08997955010225,469,489,20,0,469,489,55933,0,0,0,0,0
2020-06-26,US,Pennsylvania,Potter,15,0,0,41.74471626,-77.89559864,42105.0,90.76606559361008,0.0,15,14,0,0,14,14,16622,1,0,0,1,0
2020-06-26,US,Pennsylvania,Schuylkill,736,44,0,40.70497338,-76.2150785,42107.0,520.6601631307522,5.978260869565218,692,730,43,0,687,721,142067,6,1,0,5,9
2020-06-26,US,Pennsylvania,Snyder,61,2,0,40.77129231,-77.06840691,42109.0,151.09481819082532,3.278688524590164,59,61,2,0,59,61,40540,0,0,0,0,0
2020-06-26,US,Pennsylvania,Somerset,55,1,0,39.97172723,-79.02699593,42111.0,74.88392990864159,1.818181818181818,54,52,1,0,51,49,73952,3,0,0,3,3
2020-06-26,US,Pennsylvania,Sullivan,3,0,0,41.44634738,-76.51246591,42113.0,49.455984174085074,0.0,3,3,0,0,3,3,6071,0,0,0,0,0
2020-06-26,US,Pennsylvania,Susquehanna,179,22,0,41.82147784,-75.80071959,42115.0,443.8603451696092,12.290502793296088,157,178,22,0,156,178,40589,1,0,0,1,0
2020-06-26,US,Pennsylvania,Tioga,23,2,0,41.77255149,-77.25433032,42117.0,56.66280702618807,8.695652173913043,21,23,2,0,21,23,40763,0,0,0,0,0
2020-06-26,US,Pennsylvania,Union,90,2,0,40.96188846,-77.05996014,42119.0,200.34280880617948,2.2222222222222223,88,89,2,0,87,89,44785,1,0,0,1,0
2020-06-26,US,Pennsylvania,Venango,17,0,0,41.40323442,-79.75845449,42121.0,33.55174863819373,0.0,17,17,0,0,17,17,51266,0,0,0,0,0
2020-06-26,US,Pennsylvania,Warren,5,0,0,41.81304978,-79.26969577,42123.0,12.758031180628205,0.0,5,5,0,0,5,5,39498,0,0,0,0,0
2020-06-26,US,Pennsylvania,Washington,187,6,0,40.19208869,-80.24582867,42125.0,90.39711889396466,3.2085561497326203,181,184,6,0,178,176,207346,3,0,0,3,8
2020-06-26,US,Pennsylvania,Wayne,138,9,0,41.64938475,-75.29956506,42127.0,268.6863573528553,6.521739130434782,129,133,9,0,124,131,51276,5,0,0,5,2
2020-06-26,US,Pennsylvania,Westmoreland,587,38,0,40.31377979999999,-79.46615476,42129.0,168.24353179573458,6.473594548551959,549,578,38,0,540,563,350611,9,0,0,9,15
2020-06-26,US,Pennsylvania,Wyoming,37,7,0,41.51955538,-76.01074915,42131.0,138.09061730238113,18.918918918918923,30,37,7,0,30,37,27046,0,0,0,0,0
2020-06-26,US,Pennsylvania,York,1428,43,0,39.9210089,-76.73040131,42133.0,317.99901126357844,3.011204481792717,1385,1418,41,0,1377,1400,448273,10,2,0,8,18
2020-06-26,US,Rhode Island,Bristol,247,0,0,41.71018079,-71.28652315,44001.0,509.49895831184637,0.0,247,247,0,0,247,247,48649,0,0,0,0,0
2020-06-26,US,Rhode Island,Kent,1169,0,0,41.67106337,-71.57641596,44003.0,711.5379933289508,0.0,1169,1169,0,0,1169,1169,163861,0,0,0,0,0
2020-06-26,US,Rhode Island,Newport,294,0,0,41.5642026,-71.26569799,44005.0,358.17840695889475,0.0,294,294,0,0,294,294,82542,0,0,0,0,0
2020-06-26,US,Rhode Island,Providence,12712,0,0,41.87064746,-71.57753536,44007.0,1989.5732090006588,0.0,12712,12712,0,0,12712,12712,636084,0,0,0,0,0
2020-06-26,US,Rhode Island,Unassigned,1716,927,0,0.0,0.0,90044.0,0.0,54.02097902097902,789,1695,920,0,775,1661,,21,7,0,14,34
2020-06-26,US,Rhode Island,Washington,523,0,0,41.45961631,-71.61435303,44009.0,416.4775396768517,0.0,523,523,0,0,523,523,126179,0,0,0,0,0
2020-06-26,US,South Carolina,Abbeville,100,0,0,34.22333378,-82.46170658,45001.0,407.7139478941575,0.0,100,99,0,0,99,91,24541,1,0,0,1,8
2020-06-26,US,South Carolina,Aiken,325,9,0,33.54338026,-81.63645384,45003.0,190.20085209981738,2.769230769230769,316,314,9,0,305,302,169401,11,0,0,11,12
2020-06-26,US,South Carolina,Allendale,47,3,0,32.98837386,-81.35321066,45005.0,540.9760589318599,6.382978723404255,44,47,3,0,44,46,8903,0,0,0,0,1
2020-06-26,US,South Carolina,Anderson,525,10,0,34.51828081,-82.63959517,45007.0,259.1850235488107,1.9047619047619049,515,508,10,0,498,505,200482,17,0,0,17,3
2020-06-26,US,South Carolina,Bamberg,83,0,0,33.21927586,-81.05659969,45009.0,590.0753590217546,0.0,83,79,0,0,79,76,14275,4,0,0,4,3
2020-06-26,US,South Carolina,Barnwell,69,1,0,33.26679302,-81.43584352,45011.0,330.6814914214512,1.4492753623188406,68,67,1,0,66,66,21112,2,0,0,2,1
2020-06-26,US,South Carolina,Beaufort,1012,17,0,32.39226291,-80.72619758,45013.0,526.7486284756561,1.6798418972332017,995,983,17,0,966,951,188715,29,0,0,29,32
2020-06-26,US,South Carolina,Berkeley,854,21,0,33.20222596,-79.94654523,45015.0,374.71424747813796,2.459016393442623,833,805,21,0,784,740,221091,49,0,0,49,65
2020-06-26,US,South Carolina,Calhoun,79,1,0,33.66926881,-80.77722168,45017.0,542.8433999862572,1.2658227848101269,78,82,1,0,81,74,14520,-3,0,0,-3,8
2020-06-26,US,South Carolina,Charleston,2861,22,0,32.82487866,-79.96512315,45019.0,695.420095963598,0.7689619014330653,2839,2629,22,0,2607,2417,405905,232,0,0,232,212
2020-06-26,US,South Carolina,Cherokee,130,6,0,35.05122251,-81.61828622,45021.0,226.87609075043633,4.615384615384615,124,125,6,0,119,121,57078,5,0,0,5,4
2020-06-26,US,South Carolina,Chester,160,1,0,34.69249168,-81.1583216,45023.0,496.21635032874326,0.625,159,158,1,0,157,154,32251,2,0,0,2,4
2020-06-26,US,South Carolina,Chesterfield,344,13,0,34.64137396,-80.15640140000002,45025.0,753.5596933187295,3.779069767441861,331,338,13,0,325,335,45754,6,0,0,6,3
2020-06-26,US,South Carolina,Clarendon,403,42,0,33.66610974,-80.21647898,45027.0,1194.2510001481699,10.42183622828784,361,387,42,0,345,378,33700,16,0,0,16,9
2020-06-26,US,South Carolina,Colleton,284,21,0,32.87582989,-80.67641292,45029.0,753.7755129123868,7.394366197183099,263,273,21,0,252,258,37660,11,0,0,11,15
2020-06-26,US,South Carolina,Darlington,405,14,0,34.33358335,-79.96027485,45031.0,607.9437989732505,3.45679012345679,391,395,14,0,381,393,66802,10,0,0,10,2
2020-06-26,US,South Carolina,Dillon,255,7,0,34.39007791,-79.37741872,45033.0,836.6416221004628,2.7450980392156863,248,248,7,0,241,237,30599,7,0,0,7,11
2020-06-26,US,South Carolina,Dorchester,499,3,0,33.0794369,-80.40502652,45035.0,306.49411273332555,0.6012024048096193,496,483,3,0,480,452,160647,16,0,0,16,31
2020-06-26,US,South Carolina,Edgefield,73,2,0,33.77221995,-81.96231108,45037.0,267.7916360968452,2.7397260273972597,71,73,2,0,71,73,27052,0,0,0,0,0
2020-06-26,US,South Carolina,Fairfield,272,21,0,34.39287073,-81.1195624,45039.0,1217.1656150713745,7.720588235294117,251,271,21,0,250,269,22402,1,0,0,1,2
2020-06-26,US,South Carolina,Florence,1064,47,0,34.02361754,-79.70189312,45041.0,769.3809520366179,4.417293233082707,1017,1037,47,0,990,1014,138159,27,0,0,27,23
2020-06-26,US,South Carolina,Georgetown,395,3,0,33.43443342,-79.33202141,45043.0,630.1850670070197,0.7594936708860759,392,337,3,0,334,303,62249,58,0,0,58,34
2020-06-26,US,South Carolina,Greenville,4391,78,0,34.89502264,-82.37295012,45045.0,838.7101703397244,1.7763607378729218,4313,4198,77,0,4121,4072,514213,193,1,0,192,126
2020-06-26,US,South Carolina,Greenwood,405,6,0,34.15272415,-82.12715789,45047.0,571.9450367880696,1.4814814814814814,399,402,6,0,396,392,70741,3,0,0,3,10
2020-06-26,US,South Carolina,Hampton,61,1,0,32.77419582,-81.13845571,45049.0,317.34470918738947,1.639344262295082,60,61,1,0,60,58,19351,0,0,0,0,3
2020-06-26,US,South Carolina,Horry,2582,42,0,33.9212828,-78.99555293,45051.0,729.2116775540061,1.6266460108443068,2540,2497,42,0,2455,2372,344147,85,0,0,85,125
2020-06-26,US,South Carolina,Jasper,103,3,0,32.43171982,-81.02487495,45053.0,342.4999168689522,2.9126213592233015,100,95,3,0,92,92,28971,8,0,0,8,3
2020-06-26,US,South Carolina,Kershaw,608,15,0,34.33988254,-80.58763164,45055.0,913.5850700966175,2.4671052631578947,593,587,15,0,572,581,65592,21,0,0,21,6
2020-06-26,US,South Carolina,Lancaster,394,11,0,34.68270843,-80.70513032,45057.0,401.99159286617964,2.7918781725888326,383,383,11,0,372,352,95380,11,0,0,11,31
2020-06-26,US,South Carolina,Laurens,341,4,0,34.48244419,-82.00490796,45059.0,505.23758019350157,1.1730205278592376,337,314,4,0,310,278,66994,27,0,0,27,36
2020-06-26,US,South Carolina,Lee,272,22,0,34.16393091,-80.25690731,45061.0,1616.3536962205847,8.088235294117647,250,264,22,0,242,264,17142,8,0,0,8,0
2020-06-26,US,South Carolina,Lexington,1775,45,0,33.89665987,-81.27146426,45063.0,594.1422594142258,2.5352112676056344,1730,1666,45,0,1621,1625,295032,109,0,0,109,41
2020-06-26,US,South Carolina,Marion,171,6,0,34.07859748,-79.36400756,45067.0,557.7845190331735,3.5087719298245608,165,170,6,0,164,164,31039,1,0,0,1,6
2020-06-26,US,South Carolina,Marlboro,297,4,0,34.59905577,-79.67561152,45069.0,1137.1467953135768,1.3468013468013469,293,290,4,0,286,287,26398,7,0,0,7,3
2020-06-26,US,South Carolina,McCormick,11,1,0,33.90161443,-82.30794338,45065.0,116.24220648842864,9.090909090909092,10,11,1,0,10,11,9410,0,0,0,0,0
2020-06-26,US,South Carolina,Newberry,187,4,0,34.28629098,-81.59935761,45071.0,486.4724245577523,2.1390374331550803,183,180,4,0,176,175,38520,7,0,0,7,5
2020-06-26,US,South Carolina,Oconee,192,1,0,34.75225169,-83.06742317,45073.0,241.3697734644105,0.5208333333333334,191,173,1,0,172,157,78374,19,0,0,19,16
2020-06-26,US,South Carolina,Orangeburg,621,9,0,33.4391073,-80.79886287,45075.0,720.6266318537859,1.4492753623188406,612,594,9,0,585,567,86934,27,0,0,27,27
2020-06-26,US,South Carolina,Pickens,684,4,0,34.88807695,-82.72791551,45077.0,539.0750606853503,0.5847953216374269,680,655,4,0,651,642,124937,29,0,0,29,13
2020-06-26,US,South Carolina,Richland,3064,80,0,34.01791263,-80.90267209,45079.0,736.9654054392087,2.610966057441253,2984,2956,80,0,2876,2880,414576,108,0,0,108,76
2020-06-26,US,South Carolina,Saluda,194,1,0,34.00795823,-81.72713237,45081.0,947.5895081326627,0.5154639175257731,193,191,1,0,190,192,20544,3,0,0,3,-1
2020-06-26,US,South Carolina,Spartanburg,1369,44,0,34.92960077,-81.99225984,45083.0,428.1001297746924,3.214024835646457,1325,1312,44,0,1268,1278,313888,57,0,0,57,34
2020-06-26,US,South Carolina,Sumter,945,22,0,33.91826534,-80.37942316,45085.0,885.4864553368127,2.328042328042328,923,905,22,0,883,867,106512,40,0,0,40,38
2020-06-26,US,South Carolina,Union,72,0,0,34.68835752,-81.61730349,45087.0,263.5817835700688,0.0,72,71,0,0,71,68,27410,1,0,0,1,3
2020-06-26,US,South Carolina,Williamsburg,368,15,0,33.62190129,-79.72767442,45089.0,1211.8018967334035,4.076086956521738,353,362,15,0,347,354,30606,6,0,0,6,8
2020-06-26,US,South Carolina,York,989,12,0,34.97281497,-81.18085944,45091.0,351.98360019787964,1.2133468149646107,977,947,12,0,935,914,274118,42,0,0,42,33
2020-06-26,US,South Dakota,Aurora,34,0,0,43.71757685,-98.56050467,46003.0,1235.9142130134496,0.0,34,34,0,0,34,34,2801,0,0,0,0,0
2020-06-26,US,South Dakota,Beadle,515,6,0,44.41464384,-98.27858469,46005.0,2790.8741126104155,1.1650485436893203,509,508,6,0,502,504,18883,7,0,0,7,4
2020-06-26,US,South Dakota,Bennett,4,0,0,43.19486375,-101.6665572,46007.0,118.87072808320951,0.0,4,4,0,0,4,3,3468,0,0,0,0,1
2020-06-26,US,South Dakota,Bon Homme,11,0,0,42.98914167,-97.88592746,46009.0,159.39718881321548,0.0,11,11,0,0,11,11,6980,0,0,0,0,0
2020-06-26,US,South Dakota,Brookings,57,0,0,44.36974375,-96.79079945,46011.0,162.49964364113237,0.0,57,57,0,0,57,54,35232,0,0,0,0,3
2020-06-26,US,South Dakota,Brown,335,2,0,45.58994323,-98.35165355,46013.0,862.5350807178353,0.5970149253731343,333,335,2,0,333,330,39316,0,0,0,0,5
2020-06-26,US,South Dakota,Brule,18,0,0,43.71756379,-99.08118954,46015.0,339.8149896167642,0.0,18,17,0,0,17,16,5229,1,0,0,1,1
2020-06-26,US,South Dakota,Buffalo,69,1,0,44.07657829,-99.20814467,46017.0,3516.819571865444,1.4492753623188406,68,68,1,0,67,68,2036,1,0,0,1,0
2020-06-26,US,South Dakota,Charles Mix,58,0,0,43.20660134,-98.58856175,46023.0,624.1928540680155,0.0,58,57,0,0,57,56,9338,1,0,0,1,1
2020-06-26,US,South Dakota,Clark,13,0,0,44.85834507,-97.72925109,46025.0,347.96573875803,0.0,13,13,0,0,13,13,3739,0,0,0,0,0
2020-06-26,US,South Dakota,Clay,79,0,0,42.91296147,-96.97656917,46027.0,561.4783226723525,0.0,79,79,0,0,79,76,14041,0,0,0,0,3
2020-06-26,US,South Dakota,Codington,51,0,0,44.97788119,-97.18827677,46029.0,182.0843300367739,0.0,51,51,0,0,51,49,28015,0,0,0,0,2
2020-06-26,US,South Dakota,Corson,17,0,0,45.70889983,-101.1970473,46031.0,416.05482134116494,0.0,17,17,0,0,17,16,4165,0,0,0,0,1
2020-06-26,US,South Dakota,Custer,7,0,0,43.67741105,-103.45345209999999,46033.0,78.0205082478823,0.0,7,7,0,0,7,7,8726,0,0,0,0,0
2020-06-26,US,South Dakota,Davison,36,0,0,43.67490933,-98.14458906,46035.0,182.0480404551201,0.0,36,35,0,0,35,35,19790,1,0,0,1,0
2020-06-26,US,South Dakota,Day,13,0,0,45.367281,-97.60737498,46037.0,239.6755162241888,0.0,13,13,0,0,13,13,5505,0,0,0,0,0
2020-06-26,US,South Dakota,Deuel,3,0,0,44.75994309,-96.66943645,46039.0,68.94966674327739,0.0,3,1,0,0,1,1,4337,2,0,0,2,0
2020-06-26,US,South Dakota,Dewey,4,0,0,45.15639647,-100.8709139,46041.0,67.88866259334691,0.0,4,4,0,0,4,4,5904,0,0,0,0,0
2020-06-26,US,South Dakota,Douglas,4,0,0,43.38520741,-98.36978007,46043.0,136.93940431359124,0.0,4,4,0,0,4,4,2935,0,0,0,0,0
2020-06-26,US,South Dakota,Edmunds,6,0,0,45.41846445,-99.21545423,46045.0,156.69887699138158,0.0,6,6,0,0,6,6,3875,0,0,0,0,0
2020-06-26,US,South Dakota,Fall River,10,0,0,43.23929297,-103.5275691,46047.0,148.96469536719798,0.0,10,9,0,0,9,7,6758,1,0,0,1,2
2020-06-26,US,South Dakota,Faulk,23,1,0,45.07082625,-99.14535601,46049.0,1000.4349717268376,4.3478260869565215,22,23,1,0,22,23,2330,0,0,0,0,0
2020-06-26,US,South Dakota,Grant,13,0,0,45.1723937,-96.77002276,46051.0,184.344866704481,0.0,13,13,0,0,13,13,7147,0,0,0,0,0
2020-06-26,US,South Dakota,Gregory,2,0,0,43.19419064,-99.18883902,46053.0,47.789725209080046,0.0,2,1,0,0,1,1,4212,1,0,0,1,0
2020-06-26,US,South Dakota,Hamlin,11,0,0,44.67385954,-97.18829593,46057.0,178.45554834523037,0.0,11,11,0,0,11,11,6111,0,0,0,0,0
2020-06-26,US,South Dakota,Hand,7,0,0,44.54708407,-99.00386459,46059.0,219.3669696020056,0.0,7,7,0,0,7,7,3262,0,0,0,0,0
2020-06-26,US,South Dakota,Hanson,6,0,0,43.6746384,-97.78715148,46061.0,173.7619461337967,0.0,6,6,0,0,6,5,3376,0,0,0,0,1
2020-06-26,US,South Dakota,Hughes,42,0,0,44.39091534,-99.99661148,46065.0,239.64395754878467,0.0,42,42,0,0,42,38,17650,0,0,0,0,4
2020-06-26,US,South Dakota,Hutchinson,10,0,0,43.33449012,-97.75536441,46067.0,137.1553970648745,0.0,10,10,0,0,10,10,7380,0,0,0,0,0
2020-06-26,US,South Dakota,Hyde,3,0,0,44.54747703,-99.48572582,46069.0,230.59185242121444,0.0,3,3,0,0,3,3,1282,0,0,0,0,0
2020-06-26,US,South Dakota,Jackson,6,1,0,43.69318385,-101.6255063,46071.0,179.42583732057415,16.666666666666668,5,6,1,0,5,6,3307,0,0,0,0,0
2020-06-26,US,South Dakota,Jerauld,39,1,0,44.06637798,-98.62965972,46073.0,1937.4068554396426,2.5641025641025643,38,39,1,0,38,39,2043,0,0,0,0,0
2020-06-26,US,South Dakota,Kingsbury,6,0,0,44.36956169,-97.4913945,46077.0,121.48208139299452,0.0,6,6,0,0,6,6,4919,0,0,0,0,0
2020-06-26,US,South Dakota,Lake,19,1,0,44.02193107,-97.12926365,46079.0,148.47229819488942,5.2631578947368425,18,18,1,0,17,18,13057,1,0,0,1,0
2020-06-26,US,South Dakota,Lawrence,18,0,0,44.35919441,-103.79294279999999,46081.0,69.64866119795697,0.0,18,17,0,0,17,17,25741,1,0,0,1,0
2020-06-26,US,South Dakota,Lincoln,332,1,0,43.27841182,-96.72039050000001,46083.0,543.1226279282816,0.3012048192771085,331,329,1,0,328,326,58807,3,0,0,3,3
2020-06-26,US,South Dakota,Lyman,55,0,0,43.89522709,-99.85201878,46085.0,1454.641629198625,0.0,55,55,0,0,55,55,3821,0,0,0,0,0
2020-06-26,US,South Dakota,Marshall,5,0,0,45.75870838,-97.59855639,46091.0,101.31712259371834,0.0,5,5,0,0,5,5,5112,0,0,0,0,0
2020-06-26,US,South Dakota,McCook,10,1,0,43.6742571,-97.36863144,46087.0,179.01897601145726,10.0,9,9,1,0,8,8,5546,1,0,0,1,1
2020-06-26,US,South Dakota,McPherson,4,0,0,45.76626028,-99.22118798,46089.0,168.13787305590589,0.0,4,4,0,0,4,4,2407,0,0,0,0,0
2020-06-26,US,South Dakota,Meade,46,1,0,44.56676791,-102.71627409999999,46093.0,162.36058167443173,2.1739130434782608,45,44,1,0,43,43,28294,2,0,0,2,1
2020-06-26,US,South Dakota,Mellette,3,0,0,43.58078848,-100.7563186,46095.0,145.56040756914118,0.0,3,3,0,0,3,3,2042,0,0,0,0,0
2020-06-26,US,South Dakota,Miner,8,0,0,44.02197882,-97.60992207,46097.0,361.01083032490976,0.0,8,7,0,0,7,5,2213,1,0,0,1,2
2020-06-26,US,South Dakota,Minnehaha,3577,56,0,43.67441641,-96.7910885,46099.0,1852.081974173372,1.5655577299412915,3521,3560,56,0,3504,3550,192876,17,0,0,17,10
2020-06-26,US,South Dakota,Moody,21,0,0,44.02266214,-96.67081159,46101.0,319.3430656934307,0.0,21,21,0,0,21,21,6579,0,0,0,0,0
2020-06-26,US,South Dakota,Oglala Lakota,68,0,0,43.33749164,-102.55554980000001,46102.0,479.65013754673066,0.0,68,65,0,0,65,60,14309,3,0,0,3,5
2020-06-26,US,South Dakota,Pennington,486,14,0,44.0025835,-102.8240777,46103.0,427.15886618325635,2.8806584362139915,472,482,13,0,469,475,111729,4,1,0,3,7
2020-06-26,US,South Dakota,Roberts,40,0,0,45.62975048,-96.94672673,46109.0,384.83740619588224,0.0,40,40,0,0,40,40,10447,0,0,0,0,0
2020-06-26,US,South Dakota,Sanborn,12,0,0,44.02351092,-98.09098159999999,46111.0,511.9453924914676,0.0,12,12,0,0,12,12,2429,0,0,0,0,0
2020-06-26,US,South Dakota,Spink,11,0,0,44.93837606,-98.34626602,46115.0,172.5219573400251,0.0,11,10,0,0,10,9,6495,1,0,0,1,1
2020-06-26,US,South Dakota,Stanley,12,0,0,44.41381872,-100.7349153,46117.0,387.34667527437057,0.0,12,12,0,0,12,12,3022,0,0,0,0,0
2020-06-26,US,South Dakota,Sully,1,0,0,44.71571812,-100.1278092,46119.0,71.89072609633357,0.0,1,1,0,0,1,1,1392,0,0,0,0,0
2020-06-26,US,South Dakota,Todd,53,1,0,43.19338568,-100.71955030000001,46121.0,520.7821558416036,1.8867924528301887,52,52,1,0,51,51,10283,1,0,0,1,1
2020-06-26,US,South Dakota,Tripp,15,0,0,43.34459388,-99.8854891,46123.0,275.6846167983826,0.0,15,13,0,0,13,13,5478,2,0,0,2,0
2020-06-26,US,South Dakota,Turner,24,0,0,43.3109081,-97.14865776,46125.0,286.25954198473283,0.0,24,24,0,0,24,24,8424,0,0,0,0,0
2020-06-26,US,South Dakota,Union,118,1,0,42.83112163,-96.6557828,46127.0,740.6477529500377,0.8474576271186439,117,118,1,0,117,118,15619,0,0,0,0,0
2020-06-26,US,South Dakota,Walworth,9,0,0,45.43019636,-100.03075140000001,46129.0,165.5933762649494,0.0,9,8,0,0,8,8,5587,1,0,0,1,0
2020-06-26,US,South Dakota,Yankton,74,0,0,43.00924485,-97.39467635,46135.0,324.3622337161392,0.0,74,71,0,0,71,70,22869,3,0,0,3,1
2020-06-26,US,South Dakota,Ziebach,2,0,0,44.97881876,-101.6654622,46137.0,72.5689404934688,0.0,2,2,0,0,2,2,2742,0,0,0,0,0
2020-06-26,US,Tennessee,Anderson,89,2,0,36.12684348,-84.19965764,47001.0,115.61744914131309,2.247191011235955,87,81,2,0,79,79,76482,8,0,0,8,2
2020-06-26,US,Tennessee,Bedford,463,4,0,35.51123746,-86.45549096,47003.0,931.3459256130188,0.8639308855291576,459,451,4,0,447,445,49038,12,0,0,12,6
2020-06-26,US,Tennessee,Benton,12,1,0,36.07110411,-88.06849355,47005.0,74.25742574257426,8.333333333333334,11,12,1,0,11,9,16184,0,0,0,0,3
2020-06-26,US,Tennessee,Bledsoe,616,1,0,35.59942968,-85.20611967,47007.0,4089.219330855018,0.16233766233766234,615,616,1,0,615,616,14755,0,0,0,0,0
2020-06-26,US,Tennessee,Blount,152,3,0,35.68938198,-83.92847788,47009.0,114.21014666987257,1.973684210526316,149,150,3,0,147,142,131349,2,0,0,2,8
2020-06-26,US,Tennessee,Bradley,430,3,0,35.15739424,-84.857186,47011.0,397.74303949680876,0.6976744186046512,427,421,3,0,418,406,106727,9,0,0,9,15
2020-06-26,US,Tennessee,Campbell,29,1,0,36.40355516,-84.15108559999999,47013.0,72.7875106671352,3.4482758620689653,28,28,1,0,27,27,39583,1,0,0,1,1
2020-06-26,US,Tennessee,Cannon,25,0,0,35.80990797,-86.05738983,47015.0,170.32293227960213,0.0,25,23,0,0,23,23,14462,2,0,0,2,0
2020-06-26,US,Tennessee,Carroll,36,1,0,35.97366108,-88.45189331,47017.0,129.6503043180754,2.7777777777777777,35,36,1,0,35,36,28020,0,0,0,0,0
2020-06-26,US,Tennessee,Carter,48,1,0,36.28969086,-82.12588974,47019.0,85.11996595201363,2.083333333333333,47,42,1,0,41,34,56351,6,0,0,6,8
2020-06-26,US,Tennessee,Cheatham,190,0,0,36.26136216,-87.08903581,47021.0,467.2092851697937,0.0,190,187,0,0,187,177,40439,3,0,0,3,10
2020-06-26,US,Tennessee,Chester,16,0,0,35.42527478,-88.6095842,47023.0,92.50158987107592,0.0,16,16,0,0,16,16,17276,0,0,0,0,0
2020-06-26,US,Tennessee,Claiborne,19,0,0,36.48319149,-83.65947309,47025.0,59.45117181388654,0.0,19,19,0,0,19,18,31756,0,0,0,0,1
2020-06-26,US,Tennessee,Clay,13,0,0,36.55151008,-85.53930419,47027.0,170.71569271175312,0.0,13,12,0,0,12,12,7717,1,0,0,1,0
2020-06-26,US,Tennessee,Cocke,42,0,0,35.9278914,-83.11828725,47029.0,116.65370514387291,0.0,42,36,0,0,36,32,35774,6,0,0,6,4
2020-06-26,US,Tennessee,Coffee,103,0,0,35.49090731,-86.07311784,47031.0,182.23637650389242,0.0,103,102,0,0,102,102,55700,1,0,0,1,0
2020-06-26,US,Tennessee,Crockett,27,3,0,35.81830662,-89.14916269,47033.0,189.73998594518622,11.111111111111109,24,28,3,0,25,28,14328,-1,0,0,-1,0
2020-06-26,US,Tennessee,Cumberland,159,3,0,35.95271721,-84.99840585,47035.0,262.72306675479183,1.8867924528301887,156,155,3,0,152,152,59673,4,0,0,4,3
2020-06-26,US,Tennessee,Davidson,8547,105,0,36.17007426,-86.78646056,47037.0,1231.300709939148,1.2285012285012284,8442,8258,103,0,8155,8062,692587,289,2,0,287,196
2020-06-26,US,Tennessee,DeKalb,47,0,0,35.97616272,-85.83689361,47041.0,229.38018545632016,0.0,47,44,0,0,44,44,20138,3,0,0,3,0
2020-06-26,US,Tennessee,Decatur,17,0,0,35.60048904,-88.11043779,47039.0,145.7600960301809,0.0,17,17,0,0,17,16,11706,0,0,0,0,1
2020-06-26,US,Tennessee,Dickson,156,0,0,36.14669837,-87.35891709,47043.0,289.1673463335063,0.0,156,151,0,0,151,150,53446,5,0,0,5,1
2020-06-26,US,Tennessee,Dyer,184,0,0,36.05931946,-89.41542855,47045.0,495.1694071422805,0.0,184,181,0,0,181,181,37320,3,0,0,3,0
2020-06-26,US,Tennessee,Fayette,233,2,0,35.19615831,-89.41399032,47047.0,566.4551576593002,0.8583690987124464,231,229,2,0,227,224,40507,4,0,0,4,5
2020-06-26,US,Tennessee,Fentress,15,0,0,36.38128818,-84.92870012,47049.0,80.98040274253631,0.0,15,15,0,0,15,15,18217,0,0,0,0,0
2020-06-26,US,Tennessee,Franklin,70,3,0,35.15634626,-86.09201039,47051.0,165.8453373768006,4.285714285714286,67,69,3,0,66,69,41890,1,0,0,1,0
2020-06-26,US,Tennessee,Gibson,84,1,0,35.99438059,-88.93358327,47053.0,170.96452486109132,1.1904761904761905,83,83,1,0,82,80,49045,1,0,0,1,3
2020-06-26,US,Tennessee,Giles,45,0,0,35.20222469,-87.03992678,47055.0,152.72875373336953,0.0,45,43,0,0,43,42,29503,2,0,0,2,1
2020-06-26,US,Tennessee,Grainger,27,0,0,36.27469206,-83.51254721,47057.0,115.7804459691252,0.0,27,25,0,0,25,25,23145,2,0,0,2,0
2020-06-26,US,Tennessee,Greene,68,3,0,36.17470125,-82.84691273,47059.0,98.45227236531584,4.411764705882354,65,66,2,0,64,58,69087,2,1,0,1,8
2020-06-26,US,Tennessee,Grundy,59,1,0,35.38433717,-85.72142731,47061.0,439.413122812244,1.6949152542372878,58,58,1,0,57,55,13346,1,0,0,1,3
2020-06-26,US,Tennessee,Hamblen,170,4,0,36.21990035,-83.26586179,47063.0,261.80429359041494,2.3529411764705883,166,162,4,0,158,156,64569,8,0,0,8,6
2020-06-26,US,Tennessee,Hamilton,2264,29,0,35.17670231,-85.16652245,47065.0,615.5452360496353,1.2809187279151943,2235,2185,29,0,2156,2176,364286,79,0,0,79,9
2020-06-26,US,Tennessee,Hancock,3,0,0,36.52692871,-83.22375847,47067.0,45.31722054380665,0.0,3,3,0,0,3,3,6549,0,0,0,0,0
2020-06-26,US,Tennessee,Hardeman,273,1,0,35.20772017,-88.99161161,47069.0,1089.820359281437,0.3663003663003663,272,269,1,0,268,260,25220,4,0,0,4,9
2020-06-26,US,Tennessee,Hardin,82,5,0,35.19732531,-88.18593755,47071.0,319.66318415718075,6.097560975609755,77,80,5,0,75,76,25776,2,0,0,2,4
2020-06-26,US,Tennessee,Hawkins,46,2,0,36.44355426,-82.94885298,47073.0,81.00588173141267,4.3478260869565215,44,43,2,0,41,42,56530,3,0,0,3,1
2020-06-26,US,Tennessee,Haywood,59,2,0,35.58332824,-89.28536625,47075.0,340.96162736939436,3.3898305084745757,57,59,2,0,57,57,17335,0,0,0,0,2
2020-06-26,US,Tennessee,Henderson,28,0,0,35.65581134,-88.38600175,47077.0,99.58388163744354,0.0,28,27,0,0,27,26,27847,1,0,0,1,1
2020-06-26,US,Tennessee,Henry,38,0,0,36.33160906,-88.30121797,47079.0,117.48338228474262,0.0,38,37,0,0,37,37,32358,1,0,0,1,0
2020-06-26,US,Tennessee,Hickman,69,0,0,35.80609681,-87.47643507,47081.0,274.04877273810473,0.0,69,67,0,0,67,66,25063,2,0,0,2,1
2020-06-26,US,Tennessee,Houston,10,0,0,36.28872054,-87.71878828,47083.0,121.93634922570419,0.0,10,10,0,0,10,10,8263,0,0,0,0,0
2020-06-26,US,Tennessee,Humphreys,19,1,0,36.03958805,-87.77992872,47085.0,102.24948875255623,5.2631578947368425,18,18,1,0,17,18,18486,1,0,0,1,0
2020-06-26,US,Tennessee,Jackson,22,0,0,36.36380466,-85.67239905,47087.0,186.66214152384185,0.0,22,22,0,0,22,22,11758,0,0,0,0,0
2020-06-26,US,Tennessee,Jefferson,85,0,0,36.04818632,-83.45148924,47089.0,155.97761262501146,0.0,85,80,0,0,80,73,54012,5,0,0,5,7
2020-06-26,US,Tennessee,Johnson,30,0,0,36.45523950000001,-81.84886538,47091.0,168.65302451090622,0.0,30,28,0,0,28,27,17778,2,0,0,2,1
2020-06-26,US,Tennessee,Knox,824,5,0,35.99508821,-83.94635435,47093.0,175.2024715455452,0.6067961165048543,819,783,5,0,778,740,465289,41,0,0,41,43
2020-06-26,US,Tennessee,Lake,691,0,0,36.34180170000001,-89.48921915,47095.0,9848.916761687571,0.0,691,690,0,0,690,690,7411,1,0,0,1,0
2020-06-26,US,Tennessee,Lauderdale,87,2,0,35.75893438,-89.63015909999999,47097.0,339.40623415128937,2.2988505747126435,85,86,2,0,84,84,25825,1,0,0,1,2
2020-06-26,US,Tennessee,Lawrence,104,4,0,35.21675201,-87.39787695,47099.0,235.60328032259525,3.8461538461538463,100,101,3,0,98,97,43734,3,1,0,2,4
2020-06-26,US,Tennessee,Lewis,5,0,0,35.52853208,-87.49022694,47101.0,40.75643951744376,0.0,5,5,0,0,5,5,12086,0,0,0,0,0
2020-06-26,US,Tennessee,Lincoln,52,0,0,35.13738622,-86.58910106,47103.0,151.31234359541406,0.0,52,51,0,0,51,51,34117,1,0,0,1,0
2020-06-26,US,Tennessee,Loudon,244,1,0,35.73939663,-84.31145275,47105.0,451.2835688392395,0.4098360655737705,243,244,1,0,243,243,53054,0,0,0,0,1
2020-06-26,US,Tennessee,Macon,280,3,0,36.53157855,-86.00778595,47111.0,1138.1188521258434,1.0714285714285714,277,241,3,0,238,235,24265,39,0,0,39,6
2020-06-26,US,Tennessee,Madison,210,2,0,35.61181957,-88.84076036,47113.0,214.3207054212933,0.9523809523809524,208,206,2,0,204,201,97605,4,0,0,4,5
2020-06-26,US,Tennessee,Marion,56,4,0,35.12997174,-85.62265895,47115.0,193.724703359048,7.142857142857142,52,56,4,0,52,54,28575,0,0,0,0,2
2020-06-26,US,Tennessee,Marshall,54,1,0,35.45798777,-86.76420988,47117.0,157.0909090909091,1.851851851851852,53,49,1,0,48,49,33683,5,0,0,5,0
2020-06-26,US,Tennessee,Maury,267,2,0,35.618741299999996,-87.07462444,47119.0,277.0083102493075,0.7490636704119851,265,259,2,0,257,248,94340,8,0,0,8,11
2020-06-26,US,Tennessee,McMinn,201,17,0,35.42812616,-84.61520715,47107.0,373.64761869353464,8.457711442786069,184,194,17,0,177,192,53285,7,0,0,7,2
2020-06-26,US,Tennessee,McNairy,50,0,0,35.17468549,-88.5647812,47109.0,194.5979606133728,0.0,50,48,0,0,48,47,25832,2,0,0,2,1
2020-06-26,US,Tennessee,Meigs,32,0,0,35.51558739,-84.81482914,47121.0,257.6074706166479,0.0,32,31,0,0,31,31,12306,1,0,0,1,0
2020-06-26,US,Tennessee,Monroe,116,4,0,35.44550387,-84.24902965,47123.0,249.2211838006231,3.4482758620689653,112,116,4,0,112,115,46357,0,0,0,0,1
2020-06-26,US,Tennessee,Montgomery,434,7,0,36.49609412,-87.38550661,47125.0,207.6624575942735,1.6129032258064515,427,413,7,0,406,407,205950,21,0,0,21,6
2020-06-26,US,Tennessee,Moore,5,0,0,35.27724699,-86.36230578,47127.0,77.06535141800245,0.0,5,5,0,0,5,5,6411,0,0,0,0,0
2020-06-26,US,Tennessee,Morgan,23,1,0,36.13248031,-84.64880098,47129.0,107.4615708078307,4.3478260869565215,22,22,1,0,21,22,21579,1,0,0,1,0
2020-06-26,US,Tennessee,Obion,79,2,0,36.35732446,-89.14921589,47131.0,262.72905650337555,2.5316455696202533,77,75,2,0,73,74,30267,4,0,0,4,1
2020-06-26,US,Tennessee,Out of TN,771,8,0,0.0,0.0,80047.0,0.0,1.0376134889753568,763,611,9,0,602,604,,160,-1,0,161,7
2020-06-26,US,Tennessee,Overton,50,0,0,36.34117832,-85.28989535,47133.0,224.81003551998558,0.0,50,46,0,0,46,45,22068,4,0,0,4,1
2020-06-26,US,Tennessee,Perry,28,0,0,35.63708728,-87.86139634,47135.0,346.7062902426944,0.0,28,28,0,0,28,28,8064,0,0,0,0,0
2020-06-26,US,Tennessee,Pickett,6,0,0,36.55606529,-85.07763299999998,47137.0,118.85895404120443,0.0,6,6,0,0,6,5,5082,0,0,0,0,1
2020-06-26,US,Tennessee,Polk,36,0,0,35.12245443,-84.52075859,47139.0,213.8783269961977,0.0,36,36,0,0,36,36,16898,0,0,0,0,0
2020-06-26,US,Tennessee,Putnam,726,7,0,36.14005459,-85.50646123,47141.0,904.7292666209732,0.9641873278236914,719,706,7,0,699,675,78843,20,0,0,20,31
2020-06-26,US,Tennessee,Rhea,259,0,0,35.60536161,-84.93076643,47143.0,780.8966744052824,0.0,259,258,0,0,258,257,33044,1,0,0,1,1
2020-06-26,US,Tennessee,Roane,42,0,0,35.84923189,-84.52458689,47145.0,78.67820613690006,0.0,42,42,0,0,42,41,53140,0,0,0,0,1
2020-06-26,US,Tennessee,Robertson,742,11,0,36.52454807,-86.87346725,47147.0,1033.2391071254508,1.482479784366577,731,729,10,0,719,722,71012,13,1,0,12,7
2020-06-26,US,Tennessee,Rutherford,2337,34,0,35.84591405,-86.4107263,47149.0,703.3119159757437,1.454856653829696,2303,2266,34,0,2232,2211,324890,71,0,0,71,55
2020-06-26,US,Tennessee,Scott,14,0,0,36.42325673,-84.50360494,47151.0,63.44027551205365,0.0,14,14,0,0,14,14,22039,0,0,0,0,0
2020-06-26,US,Tennessee,Sequatchie,24,0,0,35.36979721,-85.41022136,47153.0,159.72314654598696,0.0,24,24,0,0,24,24,14876,0,0,0,0,0
2020-06-26,US,Tennessee,Sevier,536,3,0,35.78077323,-83.52244332,47155.0,545.5470737913487,0.5597014925373134,533,516,3,0,513,489,97892,20,0,0,20,27
2020-06-26,US,Tennessee,Shelby,8988,181,0,35.1864775,-89.89692423,47157.0,959.0616817084699,2.0137961726746774,8807,8643,175,0,8468,8490,935764,345,6,0,339,153
2020-06-26,US,Tennessee,Smith,62,1,0,36.25359775,-85.95411046,47159.0,307.5854541846505,1.6129032258064515,61,58,1,0,57,53,19942,4,0,0,4,5
2020-06-26,US,Tennessee,Stewart,19,0,0,36.50235092,-87.83920548,47161.0,138.53445133065986,0.0,19,19,0,0,19,19,13561,0,0,0,0,0
2020-06-26,US,Tennessee,Sullivan,79,2,0,36.51240691,-82.30412917,47163.0,49.89011544193801,2.5316455696202533,77,77,2,0,75,77,157668,2,0,0,2,0
2020-06-26,US,Tennessee,Sumner,1296,51,0,36.46824103,-86.45917204,47165.0,677.5301516601057,3.935185185185185,1245,1260,51,0,1209,1231,187149,36,0,0,36,29
2020-06-26,US,Tennessee,Tipton,584,4,0,35.501942,-89.73694895,47167.0,948.0673387554992,0.6849315068493149,580,580,4,0,576,571,61581,4,0,0,4,9
2020-06-26,US,Tennessee,Trousdale,1473,5,0,36.39026213,-86.16087954,47169.0,13053.8816022687,0.3394433129667346,1468,1471,5,0,1466,1469,11012,2,0,0,2,2
2020-06-26,US,Tennessee,Unassigned,302,0,0,0.0,0.0,90047.0,0.0,0.0,302,266,0,0,266,271,,36,0,0,36,-5
2020-06-26,US,Tennessee,Unicoi,53,0,0,36.10890856,-82.43709629,47171.0,296.3708550019572,0.0,53,53,0,0,53,53,17761,0,0,0,0,0
2020-06-26,US,Tennessee,Union,11,0,0,36.28590426,-83.83651902,47173.0,55.077107951131595,0.0,11,10,0,0,10,9,19688,1,0,0,1,1
2020-06-26,US,Tennessee,Van Buren,6,0,0,35.69864497,-85.45221699,47175.0,102.17983651226156,0.0,6,6,0,0,6,6,5765,0,0,0,0,0
2020-06-26,US,Tennessee,Warren,50,0,0,35.672829899999996,-85.77969117,47177.0,121.13283426605615,0.0,50,47,0,0,47,46,40878,3,0,0,3,1
2020-06-26,US,Tennessee,Washington,118,0,0,36.29472368,-82.49454720000001,47179.0,91.20772946859906,0.0,118,112,0,0,112,109,128607,6,0,0,6,3
2020-06-26,US,Tennessee,Wayne,71,0,0,35.23868267,-87.78644456,47181.0,425.8381814910334,0.0,71,71,0,0,71,69,16558,0,0,0,0,2
2020-06-26,US,Tennessee,Weakley,48,1,0,36.29896232,-88.71990865,47183.0,144.0230436869899,2.083333333333333,47,45,1,0,44,44,33415,3,0,0,3,1
2020-06-26,US,Tennessee,White,60,3,0,35.92929884,-85.45591799,47185.0,219.41854086670327,5.0,57,58,3,0,55,55,27107,2,0,0,2,3
2020-06-26,US,Tennessee,Williamson,912,14,0,35.89099229,-86.89281867,47187.0,382.5310806503029,1.5350877192982455,898,874,14,0,860,840,231729,38,0,0,38,34
2020-06-26,US,Tennessee,Wilson,708,15,0,36.15496772,-86.29775884,47189.0,489.43362574918604,2.1186440677966103,693,683,15,0,668,658,140625,25,0,0,25,25
2020-06-26,US,Texas,Anderson,1017,2,0,31.81534745,-95.65354823,48001.0,1761.4964925954794,0.19665683382497545,1015,1014,2,0,1012,1013,58057,3,0,0,3,1
2020-06-26,US,Texas,Andrews,56,0,0,32.30468633,-102.63765479999999,48003.0,299.3851911253676,0.0,56,51,0,0,51,46,18128,5,0,0,5,5
2020-06-26,US,Texas,Angelina,464,6,0,31.25457347,-94.60901487,48005.0,535.0862019258492,1.293103448275862,458,445,6,0,439,426,87092,19,0,0,19,19
2020-06-26,US,Texas,Aransas,12,0,0,28.10556197,-96.9995047,48007.0,51.042109740535935,0.0,12,10,0,0,10,10,23792,2,0,0,2,0
2020-06-26,US,Texas,Archer,5,0,0,33.61569967,-98.68754589,48009.0,58.459020226821,0.0,5,5,0,0,5,5,8786,0,0,0,0,0
2020-06-26,US,Texas,Armstrong,3,0,0,34.96507426,-101.35748740000001,48011.0,158.9825119236884,0.0,3,3,0,0,3,3,1892,0,0,0,0,0
2020-06-26,US,Texas,Atascosa,85,2,0,28.89333001,-98.52730485,48013.0,166.16816218012627,2.3529411764705883,83,87,2,0,85,84,50310,-2,0,0,-2,3
2020-06-26,US,Texas,Austin,60,0,0,29.88548725,-96.27736949,48015.0,199.78689397975486,0.0,60,57,0,0,57,57,29989,3,0,0,3,0
2020-06-26,US,Texas,Bailey,88,1,0,34.06854817,-102.8299707,48017.0,1257.142857142857,1.1363636363636365,87,87,1,0,86,86,7027,1,0,0,1,1
2020-06-26,US,Texas,Bandera,16,0,0,29.74619598,-99.24598147,48019.0,69.22810661128418,0.0,16,15,0,0,15,15,22824,1,0,0,1,0
2020-06-26,US,Texas,Bastrop,407,6,0,30.10370699,-97.31206354,48021.0,458.7311069283049,1.4742014742014742,401,386,6,0,380,373,86976,21,0,0,21,13
2020-06-26,US,Texas,Baylor,2,0,0,33.61640794,-99.21352901,48023.0,56.99629524080935,0.0,2,2,0,0,2,2,3582,0,0,0,0,0
2020-06-26,US,Texas,Bee,39,0,0,28.41761668,-97.74215593,48025.0,119.76047904191616,0.0,39,38,0,0,38,36,32587,1,0,0,1,2
2020-06-26,US,Texas,Bell,1077,12,0,31.03736027,-97.4785025,48027.0,296.75634568118943,1.1142061281337048,1065,1009,11,0,998,925,355642,68,1,0,67,84
2020-06-26,US,Texas,Bexar,8452,104,0,29.44928723,-98.52019748,48029.0,421.850371889153,1.2304779933743493,8348,7814,104,0,7710,7467,1986049,638,0,0,638,347
2020-06-26,US,Texas,Blanco,26,1,0,30.26640707,-98.3999852,48031.0,217.9197049702456,3.8461538461538463,25,27,1,0,26,27,11702,-1,0,0,-1,0
2020-06-26,US,Texas,Bosque,10,0,0,31.89978581,-97.63613524,48035.0,53.51886540005352,0.0,10,10,0,0,10,10,18691,0,0,0,0,0
2020-06-26,US,Texas,Bowie,415,13,0,33.44626922,-94.41834132,48037.0,445.0640785028688,3.132530120481928,402,413,13,0,400,406,94324,2,0,0,2,7
2020-06-26,US,Texas,Brazoria,1986,20,0,29.18757369,-95.44563172,48039.0,530.6414723296924,1.0070493454179257,1966,1913,19,0,1894,1838,370200,73,1,0,72,75
2020-06-26,US,Texas,Brazos,1493,27,0,30.663644800000004,-96.30205577,48041.0,651.3648995903338,1.8084393837910249,1466,1377,26,0,1351,1305,226758,116,1,0,115,72
2020-06-26,US,Texas,Brewster,85,0,0,29.81008251,-103.25203259999999,48043.0,923.6118656959687,0.0,85,76,0,0,76,61,9267,9,0,0,9,15
2020-06-26,US,Texas,Briscoe,2,0,0,34.53026962,-101.2084947,48045.0,129.36610608020698,0.0,2,2,0,0,2,1,1516,0,0,0,0,1
2020-06-26,US,Texas,Brooks,3,0,0,27.03103197,-98.21808402,48047.0,42.295220640067676,0.0,3,3,0,0,3,3,7114,0,0,0,0,0
2020-06-26,US,Texas,Brown,68,10,0,31.77430356,-98.99907113,48049.0,179.59011197971688,14.705882352941178,58,68,10,0,58,65,37924,0,0,0,0,3
2020-06-26,US,Texas,Burleson,69,0,0,30.49273808,-96.62158484,48051.0,374.12568454156053,0.0,69,68,0,0,68,67,18389,1,0,0,1,1
2020-06-26,US,Texas,Burnet,115,3,0,30.78801353,-98.181887,48053.0,238.81216903748313,2.608695652173913,112,100,3,0,97,100,47542,15,0,0,15,0
2020-06-26,US,Texas,Caldwell,297,1,0,29.83668859,-97.61814775,48055.0,680.1942103334553,0.3367003367003367,296,286,1,0,285,286,43247,11,0,0,11,0
2020-06-26,US,Texas,Calhoun,69,3,0,28.47048236,-96.61633945,48057.0,324.0958196336308,4.3478260869565215,66,69,3,0,66,58,21561,0,0,0,0,11
2020-06-26,US,Texas,Callahan,16,2,0,32.29760619,-99.37326312,48059.0,114.75292261349782,12.5,14,16,2,0,14,16,13994,0,0,0,0,0
2020-06-26,US,Texas,Cameron,1972,52,0,26.14524221,-97.48140372,48061.0,466.01427818594726,2.636916835699797,1920,1881,52,0,1829,1758,423908,91,0,0,91,123
2020-06-26,US,Texas,Camp,116,1,0,32.97195142,-94.97790104,48063.0,885.9019398197647,0.8620689655172413,115,113,1,0,112,113,13033,3,0,0,3,0
2020-06-26,US,Texas,Carson,6,0,0,35.40365929,-101.35426690000001,48065.0,101.24873439082012,0.0,6,6,0,0,6,6,6005,0,0,0,0,0
2020-06-26,US,Texas,Cass,37,2,0,33.07499881,-94.34646905,48067.0,123.22653700126557,5.405405405405406,35,37,2,0,35,36,30119,0,0,0,0,1
2020-06-26,US,Texas,Castro,73,1,0,34.53016752,-102.2617243,48069.0,969.4555112881807,1.3698630136986298,72,70,1,0,69,65,7665,3,0,0,3,5
2020-06-26,US,Texas,Chambers,198,2,0,29.70972016,-94.67154501,48071.0,451.67324406323434,1.0101010101010102,196,191,2,0,189,181,42454,7,0,0,7,10
2020-06-26,US,Texas,Cherokee,93,2,0,31.837258000000002,-95.16559897,48073.0,176.65159746229534,2.150537634408602,91,87,2,0,85,82,52592,6,0,0,6,5
2020-06-26,US,Texas,Childress,8,0,0,34.529304100000004,-100.2077916,48075.0,109.49904188338353,0.0,8,7,0,0,7,7,7291,1,0,0,1,0
2020-06-26,US,Texas,Clay,5,0,0,33.78686685,-98.20771198,48077.0,47.75093114315729,0.0,5,5,0,0,5,5,10456,0,0,0,0,0
2020-06-26,US,Texas,Cochran,1,0,0,33.60425307,-102.82844990000001,48079.0,35.05082369435681,0.0,1,1,0,0,1,1,2836,0,0,0,0,0
2020-06-26,US,Texas,Coke,5,1,0,31.88911733,-100.5297533,48081.0,147.62326542663124,20.0,4,5,1,0,4,5,3370,0,0,0,0,0
2020-06-26,US,Texas,Coleman,3,0,0,31.76736834,-99.45240766,48083.0,36.697247706422026,0.0,3,3,0,0,3,3,8397,0,0,0,0,0
2020-06-26,US,Texas,Collin,2486,40,0,33.18820114,-96.57264368,48085.0,240.25591217032462,1.6090104585679808,2446,2449,39,0,2410,2359,1005146,37,1,0,36,90
2020-06-26,US,Texas,Collingsworth,5,0,0,34.96489496,-100.27001109999999,48087.0,171.23287671232876,0.0,5,5,0,0,5,5,2962,0,0,0,0,0
2020-06-26,US,Texas,Colorado,71,0,0,29.622097999999998,-96.5273805,48089.0,330.34011073372733,0.0,71,66,0,0,66,58,21217,5,0,0,5,8
2020-06-26,US,Texas,Comal,395,7,0,29.80811278,-98.27647225,48091.0,252.86635213079913,1.7721518987341771,388,374,7,0,367,332,148373,21,0,0,21,42
2020-06-26,US,Texas,Comanche,20,1,0,31.94854689,-98.55876441,48093.0,146.6813348001467,5.0,19,17,1,0,16,14,13534,3,0,0,3,3
2020-06-26,US,Texas,Concho,5,0,0,31.32635934,-99.86473038,48095.0,183.4189288334556,0.0,5,4,0,0,4,2,4276,1,0,0,1,2
2020-06-26,US,Texas,Cooke,30,0,0,33.63979567,-97.21240912,48097.0,72.71493322345299,0.0,30,30,0,0,30,30,40574,0,0,0,0,0
2020-06-26,US,Texas,Coryell,327,2,0,31.39078397,-97.79936155,48099.0,430.54074337401744,0.6116207951070336,325,321,2,0,319,322,74808,6,0,0,6,-1
2020-06-26,US,Texas,Cottle,4,1,0,34.07783319,-100.27850620000001,48101.0,286.12303290414883,25.0,3,4,1,0,3,4,1389,0,0,0,0,0
2020-06-26,US,Texas,Crane,50,7,0,31.43052248,-102.5143314,48103.0,1042.3181154888473,14.0,43,49,7,0,42,48,4794,1,0,0,1,1
2020-06-26,US,Texas,Crockett,5,0,0,30.72367027,-101.4134238,48105.0,144.3418013856813,0.0,5,5,0,0,5,5,3499,0,0,0,0,0
2020-06-26,US,Texas,Crosby,15,1,0,33.61431553,-101.30003640000001,48107.0,261.4606937423741,6.666666666666668,14,13,1,0,12,13,5779,2,0,0,2,0
2020-06-26,US,Texas,Culberson,3,0,0,31.44506775,-104.5185739,48109.0,138.18516812528787,0.0,3,3,0,0,3,3,2204,0,0,0,0,0
2020-06-26,US,Texas,Dallam,75,1,0,36.27787176,-102.60207249999999,48111.0,1029.230135858378,1.3333333333333333,74,79,1,0,78,76,7200,-4,0,0,-4,3
2020-06-26,US,Texas,Dallas,19034,344,0,32.76670599,-96.77796049999999,48113.0,722.2115137984364,1.807292213932962,18690,18538,334,0,18204,18135,2637772,496,10,0,486,403
2020-06-26,US,Texas,Dawson,45,1,0,32.74255572,-101.94772420000001,48115.0,353.55122564424886,2.2222222222222223,44,45,1,0,44,45,12619,0,0,0,0,0
2020-06-26,US,Texas,DeWitt,47,1,0,29.08101855,-97.35681170000001,48123.0,233.1349206349206,2.127659574468085,46,43,1,0,42,42,20187,4,0,0,4,1
2020-06-26,US,Texas,Deaf Smith,284,16,0,34.96522957,-102.6054267,48117.0,1531.3275099751968,5.633802816901407,268,268,16,0,252,262,18760,16,0,0,16,6
2020-06-26,US,Texas,Delta,5,0,0,33.38570922,-95.66921122,48119.0,93.79103357719002,0.0,5,5,0,0,5,5,5349,0,0,0,0,0
2020-06-26,US,Texas,Denton,2494,37,0,33.20521901,-97.11691153,48121.0,281.10688937305497,1.483560545308741,2457,2417,37,0,2380,2302,859064,77,0,0,77,115
2020-06-26,US,Texas,Dickens,2,0,0,33.61616822,-100.7788855,48125.0,90.45680687471732,0.0,2,2,0,0,2,2,2249,0,0,0,0,0
2020-06-26,US,Texas,Dimmit,9,0,0,28.42270064,-99.75645095,48127.0,88.89766890557092,0.0,9,5,0,0,5,3,10308,4,0,0,4,2
2020-06-26,US,Texas,Donley,27,0,0,34.96517499,-100.8140093,48129.0,823.672971323978,0.0,27,27,0,0,27,27,3319,0,0,0,0,0
2020-06-26,US,Texas,Duval,9,0,0,27.68184592,-98.50864568,48131.0,80.6668459263243,0.0,9,8,0,0,8,7,11212,1,0,0,1,1
2020-06-26,US,Texas,Eastland,8,0,0,32.32743996,-98.83243566,48133.0,43.572984749455344,0.0,8,8,0,0,8,8,18322,0,0,0,0,0
2020-06-26,US,Texas,Ector,480,7,0,31.86898877,-102.54294279999999,48135.0,288.768702285484,1.4583333333333333,473,434,7,0,427,396,162124,46,0,0,46,38
2020-06-26,US,Texas,Edwards,2,0,0,29.98202582,-100.304252,48137.0,103.51966873706004,0.0,2,2,0,0,2,,1928,0,0,0,0,
2020-06-26,US,Texas,El Paso,5217,126,0,31.76980765,-106.23632749999999,48141.0,621.635340630429,2.415181138585394,5091,4984,125,0,4859,4809,840758,233,1,0,232,175
2020-06-26,US,Texas,Ellis,684,19,0,32.34894117,-96.79371841,48139.0,370.0778029065175,2.7777777777777777,665,684,19,0,665,684,179436,0,0,0,0,0
2020-06-26,US,Texas,Erath,120,1,0,32.23602653,-98.21773417,48143.0,281.04360859993443,0.8333333333333334,119,104,1,0,103,100,42446,16,0,0,16,4
2020-06-26,US,Texas,Falls,25,0,0,31.25350609,-96.93630086,48145.0,144.5337341735561,0.0,25,25,0,0,25,25,17335,0,0,0,0,0
2020-06-26,US,Texas,Fannin,82,7,0,33.59564294,-96.10751083,48147.0,230.89485836571487,8.536585365853659,75,82,7,0,75,82,35286,0,0,0,0,0
2020-06-26,US,Texas,Fayette,75,2,0,29.87788372,-96.92076062,48149.0,295.9046792393277,2.6666666666666665,73,76,2,0,74,75,25349,-1,0,0,-1,1
2020-06-26,US,Texas,Fisher,2,1,0,32.74281316,-100.40193020000001,48151.0,52.219321148825074,50.0,1,2,1,0,1,2,3839,0,0,0,0,0
2020-06-26,US,Texas,Floyd,22,1,0,34.07227468,-101.3031546,48153.0,385.1540616246497,4.545454545454546,21,22,1,0,21,21,5837,0,0,0,0,1
2020-06-26,US,Texas,Fort Bend,3397,51,0,29.52704478,-95.77219463,48157.0,418.5105607080553,1.5013246982631734,3346,3267,51,0,3216,3176,787858,130,0,0,130,91
2020-06-26,US,Texas,Franklin,39,0,0,33.17653242,-95.21917243,48159.0,363.6363636363636,0.0,39,36,0,0,36,35,10766,3,0,0,3,1
2020-06-26,US,Texas,Freestone,23,0,0,31.70422788,-96.15072516,48161.0,116.65060607597506,0.0,23,21,0,0,21,20,19808,2,0,0,2,1
2020-06-26,US,Texas,Frio,173,0,0,28.86751206,-99.10804207,48163.0,851.9649364719787,0.0,173,157,0,0,157,157,19816,16,0,0,16,0
2020-06-26,US,Texas,Gaines,15,0,0,32.74055318,-102.6353295,48165.0,69.79341150195421,0.0,15,15,0,0,15,14,20901,0,0,0,0,1
2020-06-26,US,Texas,Galveston,2415,40,0,29.40167322,-94.90469073,48167.0,705.8534689117581,1.6563146997929608,2375,2266,40,0,2226,2040,337890,149,0,0,149,226
2020-06-26,US,Texas,Garza,11,0,0,33.17969345,-101.2984114,48169.0,176.5933536683256,0.0,11,11,0,0,11,7,6578,0,0,0,0,4
2020-06-26,US,Texas,Gillespie,33,0,0,30.31824095,-98.94676915,48171.0,122.27656736327258,0.0,33,33,0,0,33,29,26804,0,0,0,0,4
2020-06-26,US,Texas,Glasscock,5,0,0,31.86942909,-101.5207776,48173.0,354.86160397445,0.0,5,5,0,0,5,5,1388,0,0,0,0,0
2020-06-26,US,Texas,Goliad,8,0,0,28.65696592,-97.42760647,48175.0,104.46591799425435,0.0,8,8,0,0,8,7,7584,0,0,0,0,1
2020-06-26,US,Texas,Gonzales,244,4,0,29.45634206,-97.49424032,48177.0,1170.993905072707,1.639344262295082,240,235,4,0,231,231,20826,9,0,0,9,4
2020-06-26,US,Texas,Gray,113,4,0,35.40081878,-100.8129222,48179.0,516.3117974961161,3.5398230088495577,109,113,4,0,109,113,21895,0,0,0,0,0
2020-06-26,US,Texas,Grayson,550,5,0,33.62744998,-96.67753461,48181.0,403.7823392946289,0.9090909090909092,545,547,5,0,542,537,133991,3,0,0,3,10
2020-06-26,US,Texas,Gregg,331,13,0,32.47940482,-94.81591935,48183.0,267.05393521319945,3.9274924471299095,318,315,13,0,302,313,123707,16,0,0,16,2
2020-06-26,US,Texas,Grimes,338,2,0,30.54579585,-95.98902499,48185.0,1170.360110803324,0.591715976331361,336,322,2,0,320,312,28360,16,0,0,16,10
2020-06-26,US,Texas,Guadalupe,581,1,0,29.58165339,-97.94786822,48187.0,348.22322247328384,0.1721170395869191,580,563,1,0,562,467,163694,18,0,0,18,96
2020-06-26,US,Texas,Hale,235,7,0,34.07044901,-101.82681140000001,48189.0,703.4664431539246,2.9787234042553186,228,214,7,0,207,178,33830,21,0,0,21,36
2020-06-26,US,Texas,Hall,2,1,0,34.5307555,-100.68138520000001,48191.0,67.47638326585695,50.0,1,2,1,0,1,2,3028,0,0,0,0,0
2020-06-26,US,Texas,Hamilton,19,1,0,31.70470573,-98.11083887,48193.0,224.5597447110271,5.2631578947368425,18,19,1,0,18,19,8484,0,0,0,0,0
2020-06-26,US,Texas,Hansford,27,2,0,36.27743284,-101.3545796,48195.0,500.09260974254494,7.407407407407407,25,26,2,0,24,24,5463,1,0,0,1,2
2020-06-26,US,Texas,Hardeman,4,0,0,34.28944521,-99.74632408,48197.0,101.70353419781335,0.0,4,4,0,0,4,4,3922,0,0,0,0,0
2020-06-26,US,Texas,Hardin,212,5,0,30.33364686,-94.38931817,48199.0,368.0427762924898,2.358490566037736,207,211,5,0,206,205,57207,1,0,0,1,6
2020-06-26,US,Texas,Harris,28254,361,0,29.86,-95.39,48201.0,599.4494332557165,1.277695193600906,27893,27016,353,0,26663,25786,4698619,1238,8,0,1230,1230
2020-06-26,US,Texas,Harrison,284,30,0,32.54935988,-94.36934071,48203.0,426.7275705077157,10.56338028169014,254,281,33,0,248,279,66726,3,-3,0,6,2
2020-06-26,US,Texas,Hartley,21,2,0,35.84008013,-102.6029022,48205.0,376.61406025824965,9.523809523809524,19,13,2,0,11,13,5619,8,0,0,8,0
2020-06-26,US,Texas,Haskell,4,0,0,33.17823584,-99.73037358,48207.0,70.69635913750443,0.0,4,4,0,0,4,4,5813,0,0,0,0,0
2020-06-26,US,Texas,Hays,2275,5,0,30.05669873,-98.02944344,48209.0,988.3097080250748,0.21978021978021975,2270,2194,5,0,2189,2001,222631,81,0,0,81,193
2020-06-26,US,Texas,Hemphill,6,0,0,35.83764858,-100.2703577,48211.0,157.1091908876669,0.0,6,5,0,0,5,3,3825,1,0,0,1,2
2020-06-26,US,Texas,Henderson,116,4,0,32.21128872,-95.85846587,48213.0,140.20329477742726,3.4482758620689653,112,109,4,0,105,104,82299,7,0,0,7,5
2020-06-26,US,Texas,Hidalgo,2713,29,0,26.39418217,-98.18299696,48215.0,312.3032276705494,1.0689273866568374,2684,2503,29,0,2474,2130,865939,210,0,0,210,373
2020-06-26,US,Texas,Hill,58,1,0,31.99045053,-97.13423143,48217.0,158.25806979726596,1.7241379310344829,57,51,1,0,50,50,36354,7,0,0,7,1
2020-06-26,US,Texas,Hockley,36,1,0,33.60771256,-102.3431676,48219.0,156.37895834238302,2.7777777777777777,35,33,1,0,32,33,22980,3,0,0,3,0
2020-06-26,US,Texas,Hood,45,4,0,32.42990927,-97.83242024,48221.0,73.00098956896971,8.888888888888891,41,57,4,0,53,45,60537,-12,0,0,-12,12
2020-06-26,US,Texas,Hopkins,53,1,0,33.14875072,-95.56351139,48223.0,142.9187789882429,1.8867924528301887,52,52,1,0,51,51,36810,1,0,0,1,1
2020-06-26,US,Texas,Houston,159,0,0,31.31925973,-95.42226208,48225.0,692.2675026123303,0.0,159,157,0,0,157,157,23169,2,0,0,2,0
2020-06-26,US,Texas,Howard,34,1,0,32.30621324,-101.4356444,48227.0,92.7340170194196,2.9411764705882355,33,34,1,0,33,32,36459,0,0,0,0,2
2020-06-26,US,Texas,Hudspeth,15,0,0,31.45628381,-105.388178,48229.0,306.99959066721243,0.0,15,14,0,0,14,14,4795,1,0,0,1,0
2020-06-26,US,Texas,Hunt,364,6,0,33.12351514,-96.08551032,48231.0,369.1908229709719,1.6483516483516485,358,330,5,0,325,319,96493,34,1,0,33,11
2020-06-26,US,Texas,Hutchinson,56,0,0,35.84006574,-101.3546643,48233.0,267.4562995510555,0.0,56,55,0,0,55,54,21198,1,0,0,1,1
2020-06-26,US,Texas,Irion,1,0,0,31.30375559,-100.982439,48235.0,65.10416666666667,0.0,1,1,0,0,1,1,1522,0,0,0,0,0
2020-06-26,US,Texas,Jack,7,0,0,33.23377248,-98.17283469,48237.0,78.3435926133184,0.0,7,7,0,0,7,7,8843,0,0,0,0,0
2020-06-26,US,Texas,Jackson,39,1,0,28.95472367,-96.57749563,48239.0,264.2276422764228,2.5641025641025643,38,36,1,0,35,27,14874,3,0,0,3,9
2020-06-26,US,Texas,Jasper,43,1,0,30.74685667,-94.02667579,48241.0,121.0278927073658,2.3255813953488373,42,43,1,0,42,41,35872,0,0,0,0,2
2020-06-26,US,Texas,Jeff Davis,1,0,0,30.71490589,-104.1399973,48243.0,43.975373790677224,0.0,1,,,,,,2252,,,,,
2020-06-26,US,Texas,Jefferson,1539,32,0,29.8832777,-94.16434171,48245.0,611.7703178105063,2.0792722547108506,1507,1520,32,0,1488,1486,255001,19,0,0,19,34
2020-06-26,US,Texas,Jim Hogg,12,0,0,27.04453923,-98.69681870000001,48247.0,230.7692307692308,0.0,12,10,0,0,10,9,5248,2,0,0,2,1
2020-06-26,US,Texas,Jim Wells,66,0,0,27.73103938,-98.0904705,48249.0,163.0354231510301,0.0,66,56,0,0,56,50,40822,10,0,0,10,6
2020-06-26,US,Texas,Johnson,314,4,0,32.37877812,-97.36615819,48251.0,178.59478889982196,1.2738853503184713,310,314,4,0,310,314,171361,0,0,0,0,0
2020-06-26,US,Texas,Jones,604,0,0,32.73997145,-99.87861576,48253.0,3007.518796992481,0.0,604,604,0,0,604,604,19817,0,0,0,0,0
2020-06-26,US,Texas,Karnes,19,0,0,28.90705334,-97.85960149,48255.0,121.78706493173516,0.0,19,17,0,0,17,15,15650,2,0,0,2,2
2020-06-26,US,Texas,Kaufman,490,4,0,32.599141700000004,-96.28734728,48257.0,359.8865989981932,0.8163265306122449,486,490,4,0,486,490,128622,0,0,0,0,0
2020-06-26,US,Texas,Kendall,58,0,0,29.94414155,-98.7113588,48259.0,122.28289515295904,0.0,58,58,0,0,58,56,45641,0,0,0,0,2
2020-06-26,US,Texas,Kerr,70,1,0,30.06040006,-99.34930144,48265.0,133.07984790874522,1.4285714285714286,69,66,1,0,65,50,52405,4,0,0,4,16
2020-06-26,US,Texas,Kimble,2,0,0,30.48678918,-99.74856473,48267.0,46.114825916532155,0.0,2,1,0,0,1,1,4362,1,0,0,1,0
2020-06-26,US,Texas,Kinney,2,0,0,29.34967888,-100.41866379999999,48271.0,54.5404963185165,0.0,2,2,0,0,2,2,3767,0,0,0,0,0
2020-06-26,US,Texas,Kleberg,35,1,0,27.42435506,-97.69894948,48273.0,114.08083441981745,2.8571428571428568,34,33,1,0,32,32,31129,2,0,0,2,1
2020-06-26,US,Texas,Knox,1,0,0,33.60519951,-99.74229059999999,48275.0,27.29257641921397,0.0,1,1,0,0,1,1,3653,0,0,0,0,0
2020-06-26,US,Texas,La Salle,8,0,0,28.34453111,-99.09908775,48283.0,106.38297872340424,0.0,8,8,0,0,8,8,7531,0,0,0,0,0
2020-06-26,US,Texas,Lamar,244,13,0,33.66981763,-95.57404777,48277.0,489.3800517459235,5.327868852459017,231,238,13,0,225,230,49728,6,0,0,6,8
2020-06-26,US,Texas,Lamb,33,0,0,34.06859623,-102.35162890000001,48279.0,255.95284262778253,0.0,33,33,0,0,33,32,13158,0,0,0,0,1
2020-06-26,US,Texas,Lampasas,19,0,0,31.19531316,-98.24206613,48281.0,88.66903117416464,0.0,19,19,0,0,19,19,21229,0,0,0,0,0
2020-06-26,US,Texas,Lavaca,117,1,0,29.38508402,-96.93186692,48285.0,580.5299196189343,0.8547008547008547,116,108,1,0,107,99,20110,9,0,0,9,9
2020-06-26,US,Texas,Lee,55,3,0,30.31120597,-96.97045773,48287.0,319.04402807587445,5.454545454545454,52,54,4,0,50,53,17144,1,-1,0,2,1
2020-06-26,US,Texas,Leon,20,0,0,31.29872538,-95.9936328,48289.0,114.91611123879568,0.0,20,19,0,0,19,19,17270,1,0,0,1,0
2020-06-26,US,Texas,Liberty,236,3,0,30.15152688,-94.81205615,48291.0,267.516067967218,1.2711864406779658,233,212,3,0,209,207,86323,24,0,0,24,5
2020-06-26,US,Texas,Limestone,43,1,0,31.5454767,-96.58095444,48293.0,183.47058070572172,2.3255813953488373,42,42,1,0,41,42,23519,1,0,0,1,0
2020-06-26,US,Texas,Lipscomb,9,0,0,36.27783108,-100.27331509999999,48295.0,278.3792143519951,0.0,9,9,0,0,9,9,3355,0,0,0,0,0
2020-06-26,US,Texas,Live Oak,21,0,0,28.35101362,-98.1246786,48297.0,172.03244040304745,0.0,21,15,0,0,15,15,12166,6,0,0,6,0
2020-06-26,US,Texas,Llano,7,0,0,30.70645047,-98.68475262,48299.0,32.11745813259922,0.0,7,7,0,0,7,8,21646,0,0,0,0,-1
2020-06-26,US,Texas,Lubbock,1795,51,0,33.61008596,-101.82047890000001,48303.0,577.9714008803197,2.8412256267409477,1744,1665,51,0,1614,1547,307412,130,0,0,130,118
2020-06-26,US,Texas,Lynn,28,1,0,33.17657705,-101.8162849,48305.0,470.5091581246849,3.571428571428572,27,26,1,0,25,23,5877,2,0,0,2,3
2020-06-26,US,Texas,Madison,27,0,0,30.96694679,-95.93003775,48313.0,189.0226827219266,0.0,27,26,0,0,26,27,14422,1,0,0,1,-1
2020-06-26,US,Texas,Marion,25,1,0,32.79868409,-94.35661230000001,48315.0,253.70407956159931,4.0,24,23,1,0,22,23,9928,2,0,0,2,0
2020-06-26,US,Texas,Martin,9,1,0,32.30600051,-101.9513518,48317.0,155.9521746664356,11.111111111111109,8,9,1,0,8,8,5753,0,0,0,0,1
2020-06-26,US,Texas,Mason,33,0,0,30.71780434,-99.22629416,48319.0,772.1104351895182,0.0,33,33,0,0,33,33,4280,0,0,0,0,0
2020-06-26,US,Texas,Matagorda,136,5,0,28.81955746,-96.01230294,48321.0,371.14865049259066,3.6764705882352944,131,131,5,0,126,131,36552,5,0,0,5,0
2020-06-26,US,Texas,Maverick,290,2,0,28.7429195,-100.3157686,48323.0,493.8523892238003,0.6896551724137931,288,282,2,0,280,250,58485,8,0,0,8,32
2020-06-26,US,Texas,McCulloch,8,0,0,31.1925468,-99.34682807,48307.0,100.20040080160321,0.0,8,7,0,0,7,7,7987,1,0,0,1,0
2020-06-26,US,Texas,McLennan,552,6,0,31.55255453,-97.20217694,48309.0,215.10153026034303,1.0869565217391304,546,473,6,0,467,421,254607,79,0,0,79,52
2020-06-26,US,Texas,Medina,256,2,0,29.355730100000002,-99.11030298,48325.0,496.27791563275434,0.78125,254,255,2,0,253,255,50921,1,0,0,1,0
2020-06-26,US,Texas,Menard,3,0,0,30.88990665,-99.82047940000001,48327.0,140.31805425631433,0.0,3,3,0,0,3,3,2139,0,0,0,0,0
2020-06-26,US,Texas,Midland,494,14,0,31.86904128,-102.03156820000001,48329.0,279.361201592472,2.8340080971659916,480,494,14,0,480,454,172578,0,0,0,0,40
2020-06-26,US,Texas,Milam,78,1,0,30.78581830000001,-96.97718698,48331.0,314.22471095355115,1.2820512820512822,77,73,1,0,72,68,25131,5,0,0,5,5
2020-06-26,US,Texas,Mills,1,0,0,31.49557106,-98.59272068,48333.0,20.521239482864765,0.0,1,1,0,0,1,1,4921,0,0,0,0,0
2020-06-26,US,Texas,Mitchell,4,0,0,32.30623474,-100.9212058,48335.0,46.81100058513751,0.0,4,4,0,0,4,3,8145,0,0,0,0,1
2020-06-26,US,Texas,Montague,17,1,0,33.67521893,-97.72500958,48337.0,85.78060349177515,5.882352941176472,16,17,1,0,16,17,19596,0,0,0,0,0
2020-06-26,US,Texas,Montgomery,1952,36,0,30.30079133,-95.50572772,48339.0,321.37453469017487,1.8442622950819672,1916,1889,36,0,1853,1831,590925,63,0,0,63,58
2020-06-26,US,Texas,Moore,888,14,0,35.83769242,-101.8930281,48341.0,4240.687679083095,1.576576576576577,874,886,14,0,872,881,21485,2,0,0,2,5
2020-06-26,US,Texas,Morris,37,0,0,33.11304005,-94.73255695,48343.0,298.67613819825635,0.0,37,37,0,0,37,37,12339,0,0,0,0,0
2020-06-26,US,Texas,Motley,1,0,0,34.07408766,-100.77972199999999,48345.0,83.33333333333333,0.0,1,1,0,0,1,1,1234,0,0,0,0,0
2020-06-26,US,Texas,Nacogdoches,370,26,0,31.62017125,-94.61803994,48347.0,567.4498497024722,7.027027027027027,344,360,26,0,334,353,65711,10,0,0,10,7
2020-06-26,US,Texas,Navarro,177,5,0,32.04620681,-96.47428766,48349.0,353.20176401332986,2.824858757062147,172,170,5,0,165,156,49565,7,0,0,7,14
2020-06-26,US,Texas,Newton,12,0,0,30.78548982,-93.74408813,48351.0,88.26774549466715,0.0,12,12,0,0,12,12,13746,0,0,0,0,0
2020-06-26,US,Texas,Nolan,20,0,0,32.30365282,-100.4060208,48353.0,135.92496941688188,0.0,20,18,0,0,18,16,14751,2,0,0,2,2
2020-06-26,US,Texas,Nueces,1287,6,0,27.736286,-97.5433285,48355.0,355.2363550044991,0.4662004662004662,1281,1028,6,0,1022,813,362265,259,0,0,259,215
2020-06-26,US,Texas,Ochiltree,53,2,0,36.27829105,-100.8158184,48357.0,538.8369255795038,3.7735849056603774,51,53,2,0,51,53,9947,0,0,0,0,0
2020-06-26,US,Texas,Oldham,4,1,0,35.40425596,-102.6027606,48359.0,189.3939393939394,25.0,3,4,1,0,3,4,2131,0,0,0,0,0
2020-06-26,US,Texas,Orange,191,3,0,30.11879481,-93.89412775,48361.0,229.02777111612068,1.5706806282722514,188,166,3,0,163,164,83572,25,0,0,25,2
2020-06-26,US,Texas,Palo Pinto,17,2,0,32.75310985,-98.31319001,48363.0,58.24111822947,11.764705882352944,15,17,2,0,15,17,28875,0,0,0,0,0
2020-06-26,US,Texas,Panola,209,25,0,32.163959600000005,-94.30552481,48365.0,901.0951108045184,11.961722488038278,184,209,25,0,184,209,23148,0,0,0,0,0
2020-06-26,US,Texas,Parker,177,1,0,32.77757172,-97.80500621,48367.0,123.88191324066686,0.5649717514124294,176,177,1,0,176,177,138371,0,0,0,0,0
2020-06-26,US,Texas,Parmer,184,5,0,34.52993409,-102.78446679999999,48369.0,1915.6689224362315,2.717391304347826,179,174,3,0,171,167,9864,10,2,0,8,7
2020-06-26,US,Texas,Pecos,116,0,0,30.78097267,-102.72412609999999,48371.0,733.1100297035962,0.0,116,116,0,0,116,113,15673,0,0,0,0,3
2020-06-26,US,Texas,Polk,106,0,0,30.79472531,-94.82766240000001,48373.0,206.4144256421241,0.0,106,95,0,0,95,88,50031,11,0,0,11,7
2020-06-26,US,Texas,Potter,2854,39,0,35.40133773,-101.893964,48375.0,2430.694544989993,1.3665031534688157,2815,2843,39,0,2804,2838,119648,11,0,0,11,5
2020-06-26,US,Texas,Presidio,14,0,0,29.99954402,-104.24080790000001,48377.0,208.83054892601436,0.0,14,14,0,0,14,14,6948,0,0,0,0,0
2020-06-26,US,Texas,Rains,8,0,0,32.87109387,-95.79232691,48379.0,63.9284001917852,0.0,8,8,0,0,8,8,12159,0,0,0,0,0
2020-06-26,US,Texas,Randall,821,6,0,34.96585996,-101.8971322,48381.0,596.1673916042785,0.7308160779537151,815,809,6,0,803,793,136271,12,0,0,12,16
2020-06-26,US,Texas,Reagan,3,0,0,31.36607041,-101.52326590000001,48383.0,77.94232268121591,0.0,3,2,0,0,2,2,3741,1,0,0,1,0
2020-06-26,US,Texas,Real,1,0,0,29.83321503,-99.82018052,48385.0,28.968713789107767,0.0,1,1,0,0,1,1,3478,0,0,0,0,0
2020-06-26,US,Texas,Red River,105,10,0,33.61886692,-95.04841765,48387.0,873.3261249272227,9.523809523809524,95,101,8,0,93,99,12175,4,2,0,2,2
2020-06-26,US,Texas,Reeves,19,0,0,31.32323325,-103.69038959999999,48389.0,118.9283925888833,0.0,19,18,0,0,18,17,15695,1,0,0,1,1
2020-06-26,US,Texas,Refugio,10,0,0,28.323897600000002,-97.15766311,48391.0,143.92630972941853,0.0,10,10,0,0,10,9,7032,0,0,0,0,1
2020-06-26,US,Texas,Roberts,3,0,0,35.83809685,-100.813175,48393.0,351.28805620608904,0.0,3,3,0,0,3,3,903,0,0,0,0,0
2020-06-26,US,Texas,Robertson,34,0,0,31.02539637,-96.51272246,48395.0,199.13318495958768,0.0,34,33,0,0,33,33,17284,1,0,0,1,0
2020-06-26,US,Texas,Rockwall,276,16,0,32.89779518,-96.40771592,48397.0,263.07010437020443,5.797101449275362,260,276,16,0,260,276,100657,0,0,0,0,0
2020-06-26,US,Texas,Runnels,5,0,0,31.8314342,-99.97616148,48399.0,48.71395167575994,0.0,5,5,0,0,5,5,10234,0,0,0,0,0
2020-06-26,US,Texas,Rusk,265,3,0,32.10773545,-94.76176432,48401.0,487.0786310333419,1.1320754716981132,262,262,2,0,260,253,54450,3,1,0,2,9
2020-06-26,US,Texas,Sabine,21,1,0,31.34318809,-93.85440451,48403.0,199.20318725099602,4.761904761904762,20,21,1,0,20,21,10589,0,0,0,0,0
2020-06-26,US,Texas,San Augustine,103,7,0,31.39457611,-94.17000399,48405.0,1250.455262838412,6.7961165048543695,96,101,6,0,95,99,8232,2,1,0,1,2
2020-06-26,US,Texas,San Jacinto,29,0,0,30.57933681,-95.16260304,48407.0,100.4885824179632,0.0,29,28,0,0,28,25,28719,1,0,0,1,3
2020-06-26,US,Texas,San Patricio,101,0,0,28.00880118,-97.51763891,48409.0,151.35621159898096,0.0,101,96,0,0,96,85,66893,5,0,0,5,11
2020-06-26,US,Texas,San Saba,4,0,0,31.1577796,-98.81758731,48411.0,66.06110652353426,0.0,4,4,0,0,4,4,6054,0,0,0,0,0
2020-06-26,US,Texas,Schleicher,12,0,0,30.89740592,-100.5384842,48413.0,429.6455424274973,0.0,12,12,0,0,12,12,2895,0,0,0,0,0
2020-06-26,US,Texas,Scurry,32,0,0,32.74613808,-100.91626640000001,48415.0,191.58235047596241,0.0,32,32,0,0,32,29,16866,0,0,0,0,3
2020-06-26,US,Texas,Shackelford,1,0,0,32.73587756,-99.35401337,48417.0,30.627871362940283,0.0,1,1,0,0,1,1,3253,0,0,0,0,0
2020-06-26,US,Texas,Shelby,266,9,0,31.79211404,-94.14550696,48419.0,1052.4649837777954,3.3834586466165413,257,263,9,0,254,260,25418,3,0,0,3,3
2020-06-26,US,Texas,Sherman,30,0,0,36.27751473,-101.8933156,48421.0,992.7200529450696,0.0,30,30,0,0,30,30,3079,0,0,0,0,0
2020-06-26,US,Texas,Smith,455,4,0,32.37474036,-95.27175679999999,48423.0,195.48788189954072,0.8791208791208791,451,422,4,0,418,392,230221,33,0,0,33,30
2020-06-26,US,Texas,Somervell,5,0,0,32.22236802,-97.77403489,48425.0,54.77651183172656,0.0,5,5,0,0,5,5,9016,0,0,0,0,0
2020-06-26,US,Texas,Starr,483,3,0,26.56150059,-98.73892358,48427.0,747.2962728018196,0.6211180124223602,480,457,3,0,454,379,64525,26,0,0,26,78
2020-06-26,US,Texas,Stephens,7,0,0,32.73553157,-98.83631615,48429.0,74.73841554559044,0.0,7,7,0,0,7,7,9433,0,0,0,0,0
2020-06-26,US,Texas,Sutton,3,0,0,30.49856623,-100.5382014,48435.0,79.4491525423729,0.0,3,3,0,0,3,3,3758,0,0,0,0,0
2020-06-26,US,Texas,Swisher,28,1,0,34.53028891,-101.73491740000001,48437.0,378.53183723130996,3.571428571428572,27,26,1,0,25,24,7462,2,0,0,2,2
2020-06-26,US,Texas,Tarrant,10706,222,0,32.77143818,-97.29101614,48439.0,509.1996965538891,2.073603586773772,10484,10363,218,0,10145,9386,2084931,343,4,0,339,977
2020-06-26,US,Texas,Taylor,339,5,0,32.30163422,-99.89007449,48441.0,245.59166582146432,1.4749262536873156,334,318,5,0,313,313,137640,21,0,0,21,5
2020-06-26,US,Texas,Terrell,1,0,0,30.22429013,-102.0766732,48443.0,128.86597938144328,0.0,1,1,0,0,1,1,823,0,0,0,0,0
2020-06-26,US,Texas,Terry,16,0,0,33.17402785,-102.3354521,48445.0,129.69117289454488,0.0,16,15,0,0,15,14,12287,1,0,0,1,1
2020-06-26,US,Texas,Throckmorton,1,0,0,33.17751417,-99.21226795,48447.0,66.62225183211193,0.0,1,1,0,0,1,1,1515,0,0,0,0,0
2020-06-26,US,Texas,Titus,766,5,0,33.21339719,-94.96797273,48449.0,2338.9312977099235,0.6527415143603134,761,763,5,0,758,752,33033,3,0,0,3,11
2020-06-26,US,Texas,Tom Green,311,2,0,31.40464436,-100.46244300000001,48451.0,260.9060402684564,0.6430868167202572,309,282,2,0,280,272,118189,29,0,0,29,10
2020-06-26,US,Texas,Travis,7097,116,0,30.33432034,-97.78535620000001,48453.0,557.0844787174418,1.6344934479357476,6981,6914,116,0,6798,6596,1248743,183,0,0,183,318
2020-06-26,US,Texas,Trinity,28,0,0,31.0879489,-95.1367187,48455.0,191.11323459149543,0.0,28,28,0,0,28,26,14740,0,0,0,0,2
2020-06-26,US,Texas,Tyler,21,0,0,30.77031716,-94.37690895,48457.0,96.89922480620156,0.0,21,21,0,0,21,21,21696,0,0,0,0,0
2020-06-26,US,Texas,Upshur,46,0,0,32.73706798,-94.93999853,48459.0,110.17172418748352,0.0,46,46,0,0,46,46,41260,0,0,0,0,0
2020-06-26,US,Texas,Upton,2,0,0,31.36868194,-102.0423217,48461.0,54.689636313918506,0.0,2,2,0,0,2,2,3671,0,0,0,0,0
2020-06-26,US,Texas,Uvalde,58,1,0,29.35739637,-99.76229172,48463.0,216.89540406117942,1.7241379310344829,57,48,1,0,47,42,26846,10,0,0,10,6
2020-06-26,US,Texas,Val Verde,123,0,0,29.89149232,-101.1525205,48465.0,250.8924018357981,0.0,123,123,0,0,123,108,49208,0,0,0,0,15
2020-06-26,US,Texas,Van Zandt,71,3,0,32.56483801,-95.83766469,48467.0,125.46386287329916,4.225352112676056,68,65,3,0,62,59,56019,6,0,0,6,6
2020-06-26,US,Texas,Victoria,372,8,0,28.79780988,-96.96813006,48469.0,403.9789757178228,2.150537634408602,364,372,8,0,364,346,92035,0,0,0,0,26
2020-06-26,US,Texas,Walker,1950,28,0,30.73872995,-95.57440968,48471.0,2672.2944731468665,1.4358974358974361,1922,1960,28,0,1932,1950,72480,-10,0,0,-10,10
2020-06-26,US,Texas,Waller,132,0,0,30.01058447,-95.99011759,48473.0,238.93132534482132,0.0,132,132,0,0,132,128,53126,0,0,0,0,4
2020-06-26,US,Texas,Ward,12,0,0,31.50999644,-103.09279090000001,48475.0,100.01666944490749,0.0,12,11,0,0,11,9,11720,1,0,0,1,2
2020-06-26,US,Texas,Washington,247,31,0,30.21498498,-96.40946246,48477.0,688.3674265648515,12.550607287449393,216,244,27,0,217,241,35108,3,4,0,-1,3
2020-06-26,US,Texas,Webb,1101,23,0,27.7610369,-99.33237355,48479.0,397.9729045877131,2.089009990917348,1078,1045,23,0,1022,1003,275910,56,0,0,56,42
2020-06-26,US,Texas,Wharton,163,1,0,29.27765923,-96.22319248,48481.0,392.24179420540963,0.6134969325153374,162,147,1,0,146,144,41619,16,0,0,16,3
2020-06-26,US,Texas,Wheeler,16,0,0,35.40114335,-100.26995140000001,48483.0,316.4556962025317,0.0,16,16,0,0,16,16,5191,0,0,0,0,0
2020-06-26,US,Texas,Wichita,270,2,0,33.98842886,-98.70410340000001,48485.0,204.18966951523862,0.7407407407407407,268,250,2,0,248,230,132064,20,0,0,20,20
2020-06-26,US,Texas,Wilbarger,9,0,0,34.07945812,-99.24178437,48487.0,70.48320150364164,0.0,9,9,0,0,9,9,12820,0,0,0,0,0
2020-06-26,US,Texas,Willacy,125,3,0,26.47411727,-97.61535848,48489.0,585.2607922090083,2.4,122,118,3,0,115,114,21515,7,0,0,7,4
2020-06-26,US,Texas,Williamson,1770,35,0,30.64655664,-97.60048540000001,48491.0,299.7200919141615,1.9774011299435028,1735,1702,32,0,1670,1614,566719,68,3,0,65,88
2020-06-26,US,Texas,Wilson,83,5,0,29.1732598,-98.08693082,48493.0,162.5220285882123,6.024096385542169,78,83,5,0,78,80,50224,0,0,0,0,3
2020-06-26,US,Texas,Winkler,12,0,0,31.85008651,-103.04851629999999,48495.0,149.81273408239701,0.0,12,10,0,0,10,8,7720,2,0,0,2,2
2020-06-26,US,Texas,Wise,88,5,0,33.21570665,-97.65460265,48497.0,125.74302697759487,5.6818181818181825,83,88,5,0,83,88,68305,0,0,0,0,0
2020-06-26,US,Texas,Wood,78,5,0,32.78722382,-95.38236368,48499.0,171.2817584927205,6.410256410256411,73,77,5,0,72,77,45129,1,0,0,1,0
2020-06-26,US,Texas,Yoakum,21,0,0,33.17320212,-102.82764329999999,48501.0,241.0191667623092,0.0,21,19,0,0,19,15,8591,2,0,0,2,4
2020-06-26,US,Texas,Young,22,1,0,33.17659707,-98.68790885,48503.0,122.15435868961687,4.545454545454546,21,22,1,0,21,22,18045,0,0,0,0,0
2020-06-26,US,Texas,Zapata,42,0,0,27.00156391,-99.16987152,48505.0,296.21270893575013,0.0,42,41,0,0,41,40,14190,1,0,0,1,1
2020-06-26,US,Texas,Zavala,18,0,0,28.86617238,-99.76050829,48507.0,152.02702702702703,0.0,18,17,0,0,17,16,11983,1,0,0,1,1
2020-06-26,US,Utah,Bear River,1425,2,0,41.52106798,-113.08328159999999,0.0,762.7744649873139,0.14035087719298245,1423,1381,2,0,1379,1356,,44,0,0,44,25
2020-06-26,US,Utah,Central Utah,127,0,0,39.37231946,-111.5758676,0.0,154.9649803548332,0.0,127,117,0,0,117,117,,10,0,0,10,0
2020-06-26,US,Utah,Davis,1036,4,0,40.99001837,-112.1139997,49011.0,291.4361105094225,0.3861003861003861,1032,989,4,0,985,938,351713,47,0,0,47,51
2020-06-26,US,Utah,Salt Lake,10102,106,0,40.66616532,-111.92160109999999,49035.0,870.5341177504681,1.04929716887745,9996,9763,105,0,9658,9460,1152633,339,1,0,338,303
2020-06-26,US,Utah,San Juan,395,7,0,37.62762978,-109.80337140000002,49037.0,2580.3501437157042,1.7721518987341771,388,391,7,0,384,389,15449,4,0,0,4,2
2020-06-26,US,Utah,Southeast Utah,33,0,0,38.99617072,-110.70139579999999,0.0,82.03037609684556,0.0,33,32,0,0,32,32,,1,0,0,1,0
2020-06-26,US,Utah,Southwest Utah,1302,10,0,37.85447192,-111.4418764,0.0,516.5805699050159,0.7680491551459293,1292,1258,10,0,1248,1200,,44,0,0,44,58
2020-06-26,US,Utah,Summit,480,0,0,40.86688146,-110.9535882,49043.0,1138.9251393996915,0.0,480,477,0,0,477,474,41933,3,0,0,3,3
2020-06-26,US,Utah,Tooele,222,0,0,40.44862644,-113.12957150000001,49045.0,307.22816534964505,0.0,222,212,0,0,212,208,69907,10,0,0,10,4
2020-06-26,US,Utah,TriCounty,45,0,0,40.12491499,-109.5174415,0.0,79.47440924022466,0.0,45,42,0,0,42,40,,3,0,0,3,2
2020-06-26,US,Utah,Utah,3675,22,0,40.116672200000004,-111.66576620000001,49049.0,577.6167611024229,0.5986394557823129,3653,3541,22,0,3519,3447,622213,134,0,0,134,94
2020-06-26,US,Utah,Wasatch,394,3,0,40.33110236,-111.1691419,49051.0,1155.7302513859966,0.7614213197969543,391,392,3,0,389,389,33240,2,0,0,2,3
2020-06-26,US,Utah,Weber-Morgan,814,12,0,41.27116049,-111.9145117,0.0,298.89438453093044,1.4742014742014742,802,779,11,0,768,734,,35,1,0,34,45
2020-06-26,US,Vermont,Addison,68,2,0,44.03217337,-73.14130877,50001.0,184.8981700519346,2.9411764705882355,66,68,2,0,66,68,36973,0,0,0,0,0
2020-06-26,US,Vermont,Bennington,71,1,0,43.03519828,-73.09048868,50003.0,200.1691570341133,1.4084507042253518,70,70,1,0,69,69,35631,1,0,0,1,1
2020-06-26,US,Vermont,Caledonia,19,0,0,44.46548598,-72.10314651,50005.0,63.34811456006401,0.0,19,19,0,0,19,18,30302,0,0,0,0,1
2020-06-26,US,Vermont,Chittenden,601,39,0,44.46322849,-73.08359212,50007.0,366.969115976895,6.4891846921797,562,599,39,0,560,598,164572,2,0,0,2,1
2020-06-26,US,Vermont,Essex,3,0,0,44.72736416,-71.73579864,50009.0,48.67759208177836,0.0,3,3,0,0,3,3,6250,0,0,0,0,0
2020-06-26,US,Vermont,Franklin,103,6,0,44.85627605,-72.91249563,50011.0,208.49358325573863,5.825242718446603,97,103,6,0,97,102,49421,0,0,0,0,1
2020-06-26,US,Vermont,Grand Isle,10,0,0,44.797582399999996,-73.29679772,50013.0,138.217000691085,0.0,10,10,0,0,10,9,7090,0,0,0,0,1
2020-06-26,US,Vermont,Lamoille,30,1,0,44.60353043,-72.64356694,50015.0,118.28720132481665,3.333333333333333,29,30,1,0,29,30,25300,0,0,0,0,0
2020-06-26,US,Vermont,Orange,9,0,0,44.00470222,-72.37640104,50017.0,31.150491485532328,0.0,9,9,0,0,9,9,28999,0,0,0,0,0
2020-06-26,US,Vermont,Orleans,14,0,0,44.82964024,-72.24562697,50019.0,51.78089285053815,0.0,14,14,0,0,14,14,26907,0,0,0,0,0
2020-06-26,US,Vermont,Rutland,73,1,0,43.57723578,-73.03741676,50021.0,125.44895258716984,1.3698630136986298,72,71,1,0,70,71,58672,2,0,0,2,0
2020-06-26,US,Vermont,Unassigned,5,0,0,0.0,0.0,90050.0,0.0,0.0,5,5,0,0,5,5,,0,0,0,0,0
2020-06-26,US,Vermont,Washington,41,1,0,44.27343241,-72.61604978,50023.0,70.19466178157475,2.4390243902439024,40,41,1,0,40,41,58140,0,0,0,0,0
2020-06-26,US,Vermont,Windham,93,3,0,42.986982,-72.71268875,50025.0,220.26431718061676,3.2258064516129035,90,93,3,0,90,92,42756,0,0,0,0,1
2020-06-26,US,Vermont,Windsor,58,2,0,43.58010937,-72.58595157,50027.0,105.3358032763067,3.4482758620689653,56,56,2,0,54,55,55286,2,0,0,2,1
2020-06-26,US,Virginia,Accomack,1037,14,0,37.76707161,-75.63234615,51001.0,3208.9367495977226,1.3500482160077143,1023,1037,14,0,1023,1034,32412,0,0,0,0,3
2020-06-26,US,Virginia,Albemarle,374,8,0,38.02080697,-78.55481085,51003.0,342.08360010975946,2.1390374331550803,366,367,8,0,359,359,108718,7,0,0,7,8
2020-06-26,US,Virginia,Alexandria,2287,56,0,38.814003,-77.08183073,51510.0,1434.5033494743711,2.4486226497595105,2231,2271,50,0,2221,2258,160530,16,6,0,10,13
2020-06-26,US,Virginia,Alleghany,31,2,0,37.78636074,-80.00222498,51005.0,208.6137281292059,6.451612903225807,29,31,2,0,29,31,14910,0,0,0,0,0
2020-06-26,US,Virginia,Amelia,42,1,0,37.34081025,-77.98584649,51007.0,319.5131228604032,2.380952380952381,41,42,1,0,41,42,13013,0,0,0,0,0
2020-06-26,US,Virginia,Amherst,35,0,0,37.60308293,-79.14548696,51009.0,110.74197120708747,0.0,35,32,0,0,32,31,31666,3,0,0,3,1
2020-06-26,US,Virginia,Appomattox,38,0,0,37.37569884,-78.81340003,51011.0,238.82848343913017,0.0,38,37,0,0,37,36,15841,1,0,0,1,1
2020-06-26,US,Virginia,Arlington,2449,132,0,38.8767675,-77.10139853,51013.0,1034.0226817878586,5.389955083707637,2317,2445,127,0,2318,2438,237521,4,5,0,-1,7
2020-06-26,US,Virginia,Augusta,179,2,0,38.16404586,-79.12461614,51015.0,236.9041001614653,1.11731843575419,177,178,2,0,176,174,75457,1,0,0,1,4
2020-06-26,US,Virginia,Bedford,107,3,0,37.3080028,-79.5281964,51019.0,135.44818157651557,2.803738317757009,104,106,3,0,103,104,78747,1,0,0,1,2
2020-06-26,US,Virginia,Bland,2,0,0,37.13128068,-81.13599391,51021.0,31.84713375796178,0.0,2,2,0,0,2,2,6293,0,0,0,0,0
2020-06-26,US,Virginia,Botetourt,69,4,0,37.55531756,-79.80982182,51023.0,206.4693737095664,5.797101449275362,65,69,4,0,65,69,33277,0,0,0,0,0
2020-06-26,US,Virginia,Bristol,4,0,0,36.616302399999995,-82.16359122,51520.0,23.863500775563768,0.0,4,4,0,0,4,4,16482,0,0,0,0,0
2020-06-26,US,Virginia,Brunswick,96,1,0,36.76366949,-77.8593436,51025.0,591.4607849177501,1.0416666666666667,95,96,1,0,95,93,16384,0,0,0,0,3
2020-06-26,US,Virginia,Buchanan,18,0,0,37.26818323,-82.03749726,51027.0,85.69796229289659,0.0,18,18,0,0,18,18,21221,0,0,0,0,0
2020-06-26,US,Virginia,Buckingham,555,4,0,37.57242268,-78.52518834,51029.0,3236.5290412876143,0.7207207207207207,551,555,4,0,551,553,16999,0,0,0,0,2
2020-06-26,US,Virginia,Buena Vista,14,0,0,37.73484642,-79.35296097,51530.0,216.11608521148503,0.0,14,14,0,0,14,14,6237,0,0,0,0,0
2020-06-26,US,Virginia,Campbell,41,1,0,37.20553386,-79.09678609,51031.0,74.70164890225016,2.4390243902439024,40,34,1,0,33,32,54973,7,0,0,7,2
2020-06-26,US,Virginia,Caroline,128,4,0,38.02679129,-77.34901405,51033.0,416.5988608624898,3.125,124,126,4,0,122,125,30772,2,0,0,2,1
2020-06-26,US,Virginia,Carroll,198,6,0,36.73066666,-80.73455942,51035.0,664.6302574603068,3.0303030303030303,192,200,6,0,194,196,29636,-2,0,0,-2,4
2020-06-26,US,Virginia,Charles City,39,3,0,37.35358063,-77.05634116,51036.0,560.1034037052996,7.6923076923076925,36,39,3,0,36,40,6941,0,0,0,0,-1
2020-06-26,US,Virginia,Charlotte,30,0,0,37.01909701,-78.66314092,51037.0,252.52525252525248,0.0,30,30,0,0,30,31,11938,0,0,0,0,-1
2020-06-26,US,Virginia,Charlottesville,196,3,0,38.03527919,-78.48569588,51540.0,414.6743959717344,1.5306122448979589,193,193,3,0,190,182,48117,3,0,0,3,11
2020-06-26,US,Virginia,Chesapeake,846,18,0,36.67670048,-76.30545744,51550.0,345.5388322747973,2.127659574468085,828,800,16,0,784,792,242634,46,2,0,44,8
2020-06-26,US,Virginia,Chesterfield,2784,49,0,37.37373208,-77.58680140000001,51041.0,789.1111728391562,1.7600574712643675,2735,2735,49,0,2686,2710,348556,49,0,0,49,25
2020-06-26,US,Virginia,Clarke,48,0,0,39.11271747,-77.99199425,51043.0,328.33983172583623,0.0,48,47,0,0,47,48,14523,1,0,0,1,-1
2020-06-26,US,Virginia,Colonial Heights,142,17,0,37.26420587,-77.39609676,51570.0,817.5014392630973,11.971830985915492,125,142,17,0,125,139,17833,0,0,0,0,3
2020-06-26,US,Virginia,Covington,3,0,0,37.7824656,-79.98631446,51580.0,54.17118093174431,0.0,3,3,0,0,3,4,5460,0,0,0,0,-1
2020-06-26,US,Virginia,Craig,6,0,0,37.48133648,-80.21072274,51045.0,116.93626973299551,0.0,6,6,0,0,6,6,5064,0,0,0,0,0
2020-06-26,US,Virginia,Culpeper,806,9,0,38.48199985,-77.95630870000002,51047.0,1532.17374774261,1.1166253101736974,797,803,9,0,794,803,51859,3,0,0,3,0
2020-06-26,US,Virginia,Cumberland,51,0,0,37.51328851,-78.24398086,51049.0,513.491743858236,0.0,51,51,0,0,51,51,9809,0,0,0,0,0
2020-06-26,US,Virginia,Danville,77,2,0,36.58022376,-79.40395668,51590.0,192.288482669064,2.5974025974025974,75,73,2,0,71,73,40693,4,0,0,4,0
2020-06-26,US,Virginia,Dickenson,1,0,0,37.12560977,-82.35124171,51051.0,6.984215672579969,0.0,1,1,0,0,1,1,14523,0,0,0,0,0
2020-06-26,US,Virginia,Dinwiddie,131,0,0,37.07544585,-77.63451754,51053.0,458.9405829596412,0.0,131,129,0,0,129,130,28529,2,0,0,2,-1
2020-06-26,US,Virginia,Emporia,127,6,0,36.69455571,-77.53406129,51595.0,2375.607931163487,4.724409448818896,121,124,6,0,118,123,5121,3,0,0,3,1
2020-06-26,US,Virginia,Essex,56,0,0,37.93357639,-76.94230311,51057.0,511.2754496484982,0.0,56,54,0,0,54,54,10919,2,0,0,2,0
2020-06-26,US,Virginia,Fairfax,13653,463,0,38.83677558,-77.27565836,51059.0,1189.770742776672,3.3911960741229032,13190,13611,457,0,13154,13588,1150795,42,6,0,36,23
2020-06-26,US,Virginia,Fairfax,13653,463,0,38.83677558,-77.27565836,51059.0,1189.770742776672,3.3911960741229032,13190,13611,457,0,13154,13588,24574,42,6,0,36,23
2020-06-26,US,Virginia,Fairfax City,69,7,0,38.85157547,-77.29779640000002,51600.0,287.27257587743037,10.144927536231883,62,69,7,0,62,69,24574,0,0,0,0,0
2020-06-26,US,Virginia,Falls Church,56,7,0,38.88485255,-77.17560759,51610.0,383.1155503865362,12.5,49,57,7,0,50,57,14772,-1,0,0,-1,0
2020-06-26,US,Virginia,Fauquier,416,6,0,38.73564842,-77.80647472,51061.0,584.0891859256973,1.4423076923076923,410,415,6,0,409,417,70675,1,0,0,1,-2
2020-06-26,US,Virginia,Floyd,15,1,0,36.9302126,-80.36738849,51063.0,95.24414248523716,6.666666666666668,14,14,1,0,13,15,15795,1,0,0,1,-1
2020-06-26,US,Virginia,Fluvanna,109,6,0,37.84157909,-78.27715475,51065.0,399.7066373303997,5.504587155963303,103,107,6,0,101,107,26783,2,0,0,2,0
2020-06-26,US,Virginia,Franklin,54,1,0,36.99536167,-79.88023649,51067.0,96.35630420042108,1.851851851851852,53,53,1,0,52,53,56195,1,0,0,1,0
2020-06-26,US,Virginia,Franklin,54,1,0,36.99536167,-79.88023649,51067.0,96.35630420042108,1.851851851851852,53,53,1,0,52,53,8013,1,0,0,1,0
2020-06-26,US,Virginia,Franklin City,46,2,0,36.6831435,-76.93859681,51620.0,577.3816995104808,4.3478260869565215,44,46,2,0,44,46,8013,0,0,0,0,0
2020-06-26,US,Virginia,Frederick,465,4,0,39.20172582,-78.25974949,51069.0,520.6408921433609,0.8602150537634409,461,464,4,0,460,461,88355,1,0,0,1,3
2020-06-26,US,Virginia,Fredericksburg,238,0,0,38.2977863,-77.4922454,51630.0,819.672131147541,0.0,238,236,0,0,236,235,29144,2,0,0,2,1
2020-06-26,US,Virginia,Galax,243,13,0,36.66601852,-80.91703124,51640.0,3828.5804317000157,5.349794238683128,230,238,13,0,225,233,6423,5,0,0,5,5
2020-06-26,US,Virginia,Giles,8,0,0,37.31234791,-80.70636931,51071.0,47.84688995215311,0.0,8,8,0,0,8,7,16844,0,0,0,0,1
2020-06-26,US,Virginia,Gloucester,47,1,0,37.40809042,-76.53524337,51073.0,125.84341865695619,2.127659574468085,46,46,1,0,45,45,37349,1,0,0,1,1
2020-06-26,US,Virginia,Goochland,118,6,0,37.71714806,-77.90381514,51075.0,496.7793541868396,5.084745762711863,112,118,6,0,112,118,23244,0,0,0,0,0
2020-06-26,US,Virginia,Grayson,84,2,0,36.65677234,-81.23215889,51077.0,540.1929260450161,2.380952380952381,82,81,2,0,79,81,15631,3,0,0,3,0
2020-06-26,US,Virginia,Greene,57,1,0,38.29545894,-78.46525378,51079.0,287.6028053887684,1.7543859649122806,56,57,1,0,56,55,19779,0,0,0,0,2
2020-06-26,US,Virginia,Greensville,352,7,0,36.67878901,-77.56351439,51081.0,3105.1517290049396,1.9886363636363635,345,351,7,0,344,350,11627,1,0,0,1,1
2020-06-26,US,Virginia,Halifax,42,1,0,36.76654925,-78.93512622,51083.0,123.85361682050072,2.380952380952381,41,41,1,0,40,41,34120,1,0,0,1,0
2020-06-26,US,Virginia,Hampton,296,5,0,37.03513786,-76.35879121,51650.0,220.05798825366142,1.6891891891891893,291,281,5,0,276,276,134313,15,0,0,15,5
2020-06-26,US,Virginia,Hanover,415,25,0,37.7583355,-77.49464673,51085.0,385.09362878830063,6.024096385542169,390,412,25,0,387,410,107239,3,0,0,3,2
2020-06-26,US,Virginia,Harrisonburg,913,23,0,38.43542574,-78.87536254,51660.0,1722.1216236607816,2.5191675794085437,890,907,23,0,884,901,54033,6,0,0,6,6
2020-06-26,US,Virginia,Henrico,2543,141,0,37.53460572,-77.39326555,51087.0,768.7006148395793,5.5446323240267406,2402,2500,140,0,2360,2463,329261,43,1,0,42,37
2020-06-26,US,Virginia,Henry,237,4,0,36.68542395,-79.87634026,51089.0,468.7778151393477,1.6877637130801688,233,232,4,0,228,230,50953,5,0,0,5,2
2020-06-26,US,Virginia,Highland,3,0,0,38.35799465,-79.56124594,51091.0,136.98630136986299,0.0,3,3,0,0,3,3,2210,0,0,0,0,0
2020-06-26,US,Virginia,Hopewell,163,2,0,37.29186313,-77.29754684,51670.0,723.5119179723912,1.2269938650306749,161,163,2,0,161,163,22596,0,0,0,0,0
2020-06-26,US,Virginia,Isle of Wight,169,8,0,36.90579348,-76.70842863,51093.0,455.41512840550814,4.733727810650888,161,168,8,0,160,165,36953,1,0,0,1,3
2020-06-26,US,Virginia,James City,251,15,0,37.31156958,-76.76950618,51095.0,328.00595899272116,5.9760956175298805,236,248,15,0,233,247,76397,3,0,0,3,1
2020-06-26,US,Virginia,King George,98,4,0,38.26818502,-77.15852768,51099.0,365.1811000149053,4.081632653061225,94,96,4,0,92,96,26575,2,0,0,2,0
2020-06-26,US,Virginia,King William,40,0,0,37.70965316,-77.09384941,51101.0,233.2633543270352,0.0,40,38,0,0,38,37,16939,2,0,0,2,1
2020-06-26,US,Virginia,King and Queen,23,1,0,37.71044922,-76.88689628,51097.0,327.40213523131666,4.3478260869565215,22,24,1,0,23,24,7042,-1,0,0,-1,0
2020-06-26,US,Virginia,Lancaster,10,0,0,37.71889653,-76.46400482,51103.0,94.3129303027445,0.0,10,12,0,0,12,12,10783,-2,0,0,-2,0
2020-06-26,US,Virginia,Lee,9,0,0,36.70586667,-83.12606515,51105.0,38.42377150663877,0.0,9,9,0,0,9,9,23541,0,0,0,0,0
2020-06-26,US,Virginia,Lexington,10,0,0,37.78258621,-79.44262866,51678.0,134.30029546065,0.0,10,10,0,0,10,10,7136,0,0,0,0,0
2020-06-26,US,Virginia,Loudoun,3806,86,0,39.08990083,-77.63481877,51107.0,920.350729558106,2.259590120861797,3720,3739,85,0,3654,3683,406850,67,1,0,66,56
2020-06-26,US,Virginia,Louisa,114,1,0,37.97850256,-77.96274807,51109.0,303.26407916788594,0.8771929824561403,113,112,1,0,111,111,36778,2,0,0,2,1
2020-06-26,US,Virginia,Lunenburg,29,0,0,36.94618528,-78.24133319,51111.0,237.78287963266644,0.0,29,30,0,0,30,30,12086,-1,0,0,-1,0
2020-06-26,US,Virginia,Lynchburg,132,1,0,37.40021399,-79.19888138,51680.0,160.64648038165708,0.7575757575757576,131,122,1,0,121,116,82126,10,0,0,10,6
2020-06-26,US,Virginia,Madison,43,1,0,38.41531222,-78.28220331,51113.0,324.2591056481412,2.3255813953488373,42,43,1,0,42,43,13295,0,0,0,0,0
2020-06-26,US,Virginia,Manassas,1379,16,0,38.7464321,-77.48509905,51683.0,3356.456127540465,1.1602610587382158,1363,1374,16,0,1358,1370,41641,5,0,0,5,4
2020-06-26,US,Virginia,Manassas Park,419,5,0,38.77058531,-77.44399307,51685.0,2397.299462181028,1.1933174224343674,414,417,5,0,412,416,17307,2,0,0,2,1
2020-06-26,US,Virginia,Martinsville,70,1,0,36.68212094,-79.86352771,51690.0,557.5912059901227,1.4285714285714286,69,70,1,0,69,70,12902,0,0,0,0,0
2020-06-26,US,Virginia,Mathews,5,0,0,37.44164146,-76.34098896,51115.0,56.599501924383055,0.0,5,5,0,0,5,5,8802,0,0,0,0,0
2020-06-26,US,Virginia,Mecklenburg,238,26,0,36.67882005,-78.36131056,51117.0,778.1083466832314,10.92436974789916,212,238,26,0,212,237,30650,0,0,0,0,1
2020-06-26,US,Virginia,Middlesex,15,0,0,37.63191998,-76.55064617,51119.0,141.75014175014175,0.0,15,15,0,0,15,15,10769,0,0,0,0,0
2020-06-26,US,Virginia,Montgomery,122,2,0,37.17746986,-80.37868691,51121.0,123.81387324301011,1.639344262295082,120,116,2,0,114,116,98985,6,0,0,6,0
2020-06-26,US,Virginia,Nelson,18,0,0,37.78790447,-78.88498513,51125.0,120.56262558606831,0.0,18,18,0,0,18,18,14836,0,0,0,0,0
2020-06-26,US,Virginia,New Kent,55,1,0,37.50694406,-76.99828634,51127.0,238.18803862976918,1.818181818181818,54,52,1,0,51,50,22391,3,0,0,3,2
2020-06-26,US,Virginia,Newport News,474,10,0,37.08166899,-76.51754109,51700.0,264.4720323615567,2.109704641350211,464,466,10,0,456,463,178626,8,0,0,8,3
2020-06-26,US,Virginia,Norfolk,822,8,0,36.89934014,-76.26420872,51710.0,338.63113923424874,0.97323600973236,814,795,8,0,787,771,244076,27,0,0,27,24
2020-06-26,US,Virginia,Northampton,269,28,0,37.34062933,-75.87751591,51131.0,2297.1818958155427,10.408921933085502,241,269,28,0,241,270,11735,0,0,0,0,-1
2020-06-26,US,Virginia,Northumberland,38,1,0,37.89202088,-76.41949732,51133.0,314.1794129805705,2.631578947368421,37,28,1,0,27,28,12147,10,0,0,10,0
2020-06-26,US,Virginia,Norton,4,0,0,36.93357076,-82.62750411,51720.0,100.4772670183371,0.0,4,4,0,0,4,4,3968,0,0,0,0,0
2020-06-26,US,Virginia,Nottoway,107,2,0,37.1435975,-78.05065922,51135.0,702.4684873949581,1.8691588785046729,105,107,2,0,105,106,15420,0,0,0,0,1
2020-06-26,US,Virginia,Orange,143,2,0,38.24530219,-78.01560400000002,51137.0,385.9544951553265,1.3986013986013983,141,142,2,0,140,141,36644,1,0,0,1,1
2020-06-26,US,Virginia,Page,266,24,0,38.61807452,-78.48797204,51139.0,1112.8775834658188,9.022556390977444,242,266,24,0,242,264,23933,0,0,0,0,2
2020-06-26,US,Virginia,Patrick,40,1,0,36.680163799999995,-80.2865648,51141.0,227.1694684234439,2.5,39,39,1,0,38,39,17673,1,0,0,1,0
2020-06-26,US,Virginia,Petersburg,219,3,0,37.20530399,-77.39368102,51730.0,698.6537357238564,1.3698630136986298,216,212,3,0,209,211,31567,7,0,0,7,1
2020-06-26,US,Virginia,Pittsylvania,102,1,0,36.81980341,-79.39731264,51143.0,169.00288299035688,0.9803921568627452,101,95,1,0,94,88,60949,7,0,0,7,7
2020-06-26,US,Virginia,Poquoson,17,0,0,37.14259351,-76.35798148,51735.0,138.53801646157606,0.0,17,16,0,0,16,16,12190,1,0,0,1,0
2020-06-26,US,Virginia,Portsmouth,449,16,0,36.85914825,-76.35971629,51740.0,475.64567045911986,3.5634743875278403,433,442,16,0,426,426,94632,7,0,0,7,16
2020-06-26,US,Virginia,Powhatan,75,2,0,37.55016038,-77.91267882,51145.0,252.9340348037232,2.6666666666666665,73,74,2,0,72,71,29189,1,0,0,1,3
2020-06-26,US,Virginia,Prince Edward,178,3,0,37.22554789,-78.43597949,51147.0,780.6332777826508,1.6853932584269662,175,178,3,0,175,176,22950,0,0,0,0,2
2020-06-26,US,Virginia,Prince George,227,0,0,37.18497668,-77.22922187,51149.0,591.8702578677027,0.0,227,222,0,0,222,215,38082,5,0,0,5,7
2020-06-26,US,Virginia,Prince William,7107,138,0,38.70916224,-77.48713689,51153.0,1511.0506341224868,1.9417475728155342,6969,7064,137,0,6927,7038,468011,43,1,0,42,26
2020-06-26,US,Virginia,Pulaski,39,2,0,37.06474963,-80.71229738,51155.0,114.61486466629441,5.128205128205129,37,39,2,0,37,39,34066,0,0,0,0,0
2020-06-26,US,Virginia,Radford,11,0,0,37.12222899,-80.56027320000003,51750.0,60.27727546714888,0.0,11,11,0,0,11,11,18339,0,0,0,0,0
2020-06-26,US,Virginia,Rappahannock,20,0,0,38.68295619,-78.15826963,51157.0,271.370420624152,0.0,20,20,0,0,20,19,7252,0,0,0,0,1
2020-06-26,US,Virginia,Richmond,296,4,0,37.937575,-76.72920628,51159.0,3280.5053751523883,1.351351351351351,292,295,6,0,289,295,9038,1,-2,0,3,0
2020-06-26,US,Virginia,Richmond City,2133,30,0,37.53255773,-77.47966921,51760.0,925.6366192782376,1.4064697609001406,2103,2089,30,0,2059,2071,228783,44,0,0,44,18
2020-06-26,US,Virginia,Roanoke,199,5,0,37.26865804,-80.06396753,51161.0,211.2840549550889,2.512562814070352,194,200,5,0,195,200,94073,-1,0,0,-1,0
2020-06-26,US,Virginia,Roanoke City,360,10,0,37.27791025,-79.96189766,51770.0,363.11186871488655,2.7777777777777777,350,359,10,0,349,359,99920,1,0,0,1,0
2020-06-26,US,Virginia,Rockbridge,28,0,0,37.81204314,-79.44605905,51163.0,124.04199707615291,0.0,28,27,0,0,27,24,22752,1,0,0,1,3
2020-06-26,US,Virginia,Rockingham,685,9,0,38.51006137,-78.87260325,51165.0,835.8959340069313,1.313868613138686,676,674,9,0,665,663,81244,11,0,0,11,11
2020-06-26,US,Virginia,Russell,9,0,0,36.93028320000001,-82.10095486,51167.0,33.852403520649965,0.0,9,9,0,0,9,9,26748,0,0,0,0,0
2020-06-26,US,Virginia,Salem,50,3,0,37.2836193,-80.06219455,51775.0,197.6206474052409,6.0,47,50,3,0,47,50,25643,0,0,0,0,0
2020-06-26,US,Virginia,Scott,9,2,0,36.71466456,-82.60171704,51169.0,41.73235648706297,22.222222222222218,7,9,2,0,7,9,21534,0,0,0,0,0
2020-06-26,US,Virginia,Shenandoah,552,28,0,38.85905135,-78.56813762,51171.0,1265.5906089508435,5.0724637681159415,524,552,28,0,524,547,43497,0,0,0,0,5
2020-06-26,US,Virginia,Smyth,33,1,0,36.84455636,-81.53344948,51173.0,109.61998405527504,3.0303030303030303,32,35,1,0,34,34,30472,-2,0,0,-2,1
2020-06-26,US,Virginia,Southampton,155,2,0,36.72231125,-77.10642712,51175.0,879.1333446769894,1.2903225806451613,153,155,2,0,153,155,17586,0,0,0,0,0
2020-06-26,US,Virginia,Spotsylvania,945,28,0,38.18574462,-77.655399,51177.0,693.7561942517343,2.962962962962963,917,931,26,0,905,924,134238,14,2,0,12,7
2020-06-26,US,Virginia,Stafford,965,5,0,38.41758738,-77.45917053,51179.0,631.2057665388992,0.5181347150259067,960,954,5,0,949,949,149960,11,0,0,11,5
2020-06-26,US,Virginia,Staunton,68,0,0,38.15965544,-79.05979937,51790.0,272.74185785336107,0.0,68,68,0,0,68,68,24922,0,0,0,0,0
2020-06-26,US,Virginia,Suffolk,393,34,0,36.70155394,-76.63603554,51800.0,426.67303600121596,8.651399491094146,359,389,34,0,355,385,91185,4,0,0,4,4
2020-06-26,US,Virginia,Surry,14,1,0,37.11781893,-76.88450012,51181.0,218.0006228589224,7.142857142857142,13,14,1,0,13,14,6474,0,0,0,0,0
2020-06-26,US,Virginia,Sussex,194,2,0,36.92432914,-77.25791182,51183.0,1738.5070346805267,1.0309278350515465,192,193,2,0,191,191,11237,1,0,0,1,2
2020-06-26,US,Virginia,Tazewell,13,0,0,37.12191123,-81.56685568,51185.0,32.02364823254096,0.0,13,13,0,0,13,11,40855,0,0,0,0,2
2020-06-26,US,Virginia,Virginia Beach,1082,28,0,36.73285734,-76.04566934,51810.0,240.45833759283866,2.587800369685767,1054,1053,27,0,1026,1038,450189,29,1,0,28,15
2020-06-26,US,Virginia,Warren,269,5,0,38.90847745,-78.20280433,51187.0,669.7540085648841,1.858736059479554,264,269,4,0,265,266,40003,0,1,0,-1,3
2020-06-26,US,Virginia,Washington,62,4,0,36.72341572,-81.95666289,51191.0,115.37030145143282,6.451612903225807,58,60,4,0,56,60,54402,2,0,0,2,0
2020-06-26,US,Virginia,Waynesboro,73,0,0,38.06451466,-78.90293905,51820.0,322.5806451612903,0.0,73,70,0,0,70,67,22628,3,0,0,3,3
2020-06-26,US,Virginia,Westmoreland,93,2,0,38.11021557,-76.80213247,51193.0,516.2364696086595,2.150537634408602,91,92,1,0,91,92,17830,1,1,0,0,0
2020-06-26,US,Virginia,Williamsburg,55,6,0,37.28131268,-76.70905141,51830.0,367.79457001471184,10.909090909090908,49,55,6,0,49,54,14896,0,0,0,0,1
2020-06-26,US,Virginia,Winchester,302,3,0,39.17054517,-78.17325058,51840.0,1075.5751834176224,0.9933774834437086,299,301,3,0,298,300,28108,1,0,0,1,1
2020-06-26,US,Virginia,Wise,27,2,0,36.9746148,-82.62410519,51195.0,72.22534307037958,7.407407407407407,25,27,2,0,25,27,38012,0,0,0,0,0
2020-06-26,US,Virginia,Wythe,47,1,0,36.91582035,-81.07834059,51197.0,163.8544136103751,2.127659574468085,46,48,1,0,47,46,28754,-1,0,0,-1,2
2020-06-26,US,Virginia,York,108,3,0,37.24374789,-76.54412815,51199.0,158.17223198594024,2.7777777777777777,105,106,3,0,103,106,67846,2,0,0,2,0
2020-06-26,US,Washington,Adams,112,0,0,46.98299757,-118.56017340000001,53001.0,560.4764049442026,0.0,112,110,0,0,110,109,19759,2,0,0,2,1
2020-06-26,US,Washington,Asotin,20,2,0,46.18894415,-117.2022851,53003.0,88.56611460455228,10.0,18,20,2,0,18,20,22610,0,0,0,0,0
2020-06-26,US,Washington,Benton,1581,75,0,46.23946995,-119.51208340000001,53005.0,773.5212094525173,4.743833017077799,1506,1556,76,0,1480,1524,201877,25,-1,0,26,32
2020-06-26,US,Washington,Chelan,305,6,0,47.87046092,-120.6173956,53007.0,395.0777202072539,1.9672131147540983,299,296,6,0,290,293,77036,9,0,0,9,3
2020-06-26,US,Washington,Clallam,34,0,0,48.04754642,-123.92263190000001,53009.0,43.96684382718444,0.0,34,33,0,0,33,33,76737,1,0,0,1,0
2020-06-26,US,Washington,Clark,685,30,0,45.77568046,-122.48292040000001,53011.0,140.2995651737564,4.37956204379562,655,681,30,0,651,671,481857,4,0,0,4,10
2020-06-26,US,Washington,Columbia,8,0,0,46.29442881,-117.9051983,53013.0,200.75282308657467,0.0,8,8,0,0,8,8,4059,0,0,0,0,0
2020-06-26,US,Washington,Cowlitz,166,0,0,46.19074721,-122.6782231,53015.0,150.09991590787843,0.0,166,158,0,0,158,153,108987,8,0,0,8,5
2020-06-26,US,Washington,Douglas,216,3,0,47.7361335,-119.69293700000001,53017.0,497.36351286007033,1.3888888888888888,213,208,3,0,205,205,42907,8,0,0,8,3
2020-06-26,US,Washington,Ferry,1,0,0,48.471143100000006,-118.5154041,53019.0,13.111315064901008,0.0,1,1,0,0,1,1,7649,0,0,0,0,0
2020-06-26,US,Washington,Franklin,1491,32,0,46.53351425,-118.9018212,53021.0,1565.8146226712313,2.1462105969148224,1459,1451,32,0,1419,1406,94347,40,0,0,40,45
2020-06-26,US,Washington,Grant,447,6,0,47.20753737,-119.4500749,53025.0,457.3685449131818,1.342281879194631,441,438,6,0,432,414,97331,9,0,0,9,24
2020-06-26,US,Washington,Grays Harbor,24,0,0,47.14003705,-123.7820567,53027.0,31.973994484485956,0.0,24,24,0,0,24,24,73901,0,0,0,0,0
2020-06-26,US,Washington,Island,191,12,0,48.14713305,-122.5216407,53029.0,224.33375224627383,6.282722513089006,179,191,12,0,179,188,84460,0,0,0,0,3
2020-06-26,US,Washington,Jefferson,36,0,0,47.75003077,-123.56097040000002,53031.0,111.72837590391359,0.0,36,36,0,0,36,35,31729,0,0,0,0,1
2020-06-26,US,Washington,King,9672,607,0,47.49137892,-121.8346131,53033.0,429.3358167812065,6.275847808105872,9065,9573,606,0,8967,9453,2233163,99,1,0,98,120
2020-06-26,US,Washington,Kitsap,205,2,0,47.63479026,-122.6436061,53035.0,75.51395534730894,0.975609756097561,203,200,2,0,198,198,269805,5,0,0,5,2
2020-06-26,US,Washington,Kittitas,113,0,0,47.12521214,-120.67943899999999,53037.0,235.7358923542297,0.0,113,112,0,0,112,109,47364,1,0,0,1,3
2020-06-26,US,Washington,Klickitat,56,3,0,45.87325839,-120.7913598,53039.0,249.7212931995541,5.357142857142857,53,55,3,0,52,55,22107,1,0,0,1,0
2020-06-26,US,Washington,Lewis,57,3,0,46.57756476,-122.39257690000001,53041.0,70.62584410274201,5.2631578947368425,54,53,3,0,50,52,79604,4,0,0,4,1
2020-06-26,US,Washington,Lincoln,2,0,0,47.57705241,-118.41943880000001,53043.0,18.283206874485785,0.0,2,2,0,0,2,2,10740,0,0,0,0,0
2020-06-26,US,Washington,Mason,45,1,0,47.35007586,-123.1863685,53045.0,67.39755571531272,2.2222222222222223,44,46,1,0,45,43,65507,-1,0,0,-1,3
2020-06-26,US,Washington,Okanogan,64,2,0,48.54855019,-119.73872240000001,53047.0,151.50439126009042,3.125,62,63,2,0,61,63,42132,1,0,0,1,0
2020-06-26,US,Washington,Pacific,12,1,0,46.55418369,-123.7285716,53049.0,53.4021627875929,8.333333333333334,11,12,1,0,11,13,22036,0,0,0,0,-1
2020-06-26,US,Washington,Pend Oreille,3,0,0,48.53234021,-117.2741804,53051.0,21.85951617604197,0.0,3,3,0,0,3,3,13602,0,0,0,0,0
2020-06-26,US,Washington,Pierce,2421,97,0,47.03892768,-122.14059579999999,53053.0,267.51972419279986,4.006608839322594,2324,2400,97,0,2303,2361,891299,21,0,0,21,39
2020-06-26,US,Washington,San Juan,19,0,0,48.60182783,-122.96745,53055.0,108.06506654533042,0.0,19,19,0,0,19,20,17128,0,0,0,0,-1
2020-06-26,US,Washington,Skagit,493,15,0,48.48171488,-121.766131,53057.0,381.5641809527495,3.042596348884381,478,491,15,0,476,488,128206,2,0,0,2,3
2020-06-26,US,Washington,Skamania,4,0,0,46.02408726,-121.91644029999999,53059.0,33.10436149962758,0.0,4,3,0,0,3,3,11924,1,0,0,1,0
2020-06-26,US,Washington,Snohomish,3406,167,0,48.04615983,-121.7170703,53061.0,414.3133965791776,4.903112155020552,3239,3371,165,0,3206,3346,814901,35,2,0,33,25
2020-06-26,US,Washington,Spokane,1144,39,0,47.62113146,-117.4046494,53063.0,218.8225662684249,3.4090909090909087,1105,1098,38,0,1060,1069,514631,46,1,0,45,29
2020-06-26,US,Washington,Stevens,16,1,0,48.40035475,-117.8542701,53065.0,34.993329396583775,6.25,15,16,1,0,15,16,45260,0,0,0,0,0
2020-06-26,US,Washington,Thurston,224,7,0,46.9291895,-122.82906559999999,53067.0,77.09887931271857,3.125,217,224,7,0,217,226,286419,0,0,0,0,-2
2020-06-26,US,Washington,Unassigned,49,0,0,0.0,0.0,90053.0,0.0,0.0,49,49,0,0,49,43,,0,0,0,0,6
2020-06-26,US,Washington,Wahkiakum,5,0,0,46.29180039999999,-123.4250831,53069.0,111.40819964349377,0.0,5,5,0,0,5,4,4426,0,0,0,0,1
2020-06-26,US,Washington,Walla Walla,148,3,0,46.23040051,-118.4775539,53071.0,243.5813034891376,2.0270270270270268,145,147,3,0,144,144,60922,1,0,0,1,3
2020-06-26,US,Washington,Whatcom,588,40,0,48.82227976,-121.74900179999999,53073.0,256.49190611000364,6.802721088435375,548,574,40,0,534,554,225685,14,0,0,14,20
2020-06-26,US,Washington,Whitman,33,0,0,46.90022523,-117.52417630000001,53075.0,65.86300494970462,0.0,33,33,0,0,33,30,49791,0,0,0,0,3
2020-06-26,US,Washington,Yakima,6759,150,0,46.45738486,-120.73801259999999,53077.0,2694.191881948237,2.2192632046160674,6609,6607,149,0,6458,6490,251446,152,1,0,151,117
2020-06-26,US,West Virginia,Barbour,15,1,0,39.1307219,-80.00350858,54001.0,91.23532631835045,6.666666666666668,14,15,1,0,14,15,16535,0,0,0,0,0
2020-06-26,US,West Virginia,Berkeley,446,10,0,39.46704621,-78.02414609,54003.0,374.2521250975489,2.242152466367713,436,441,10,0,431,440,117123,5,0,0,5,1
2020-06-26,US,West Virginia,Boone,20,0,0,38.01974191,-81.69888019,54005.0,93.20967516428206,0.0,20,19,0,0,19,19,21951,1,0,0,1,0
2020-06-26,US,West Virginia,Braxton,3,0,0,38.70036159,-80.72011184,54007.0,21.49459052805044,0.0,3,3,0,0,3,3,14089,0,0,0,0,0
2020-06-26,US,West Virginia,Brooke,9,0,0,40.27367263,-80.57915332,54009.0,41.022836045398606,0.0,9,9,0,0,9,11,22203,0,0,0,0,-2
2020-06-26,US,West Virginia,Cabell,110,0,0,38.42424062,-82.23855912,54011.0,119.63673935504922,0.0,110,105,0,0,105,100,93224,5,0,0,5,5
2020-06-26,US,West Virginia,Calhoun,2,0,0,38.84315422,-81.11934872,54013.0,28.133352088901397,0.0,2,2,0,0,2,2,7254,0,0,0,0,0
2020-06-26,US,West Virginia,Clay,10,1,0,38.46231092,-81.07652217,54015.0,117.53643629525152,10.0,9,10,1,0,9,10,8632,0,0,0,0,0
2020-06-26,US,West Virginia,Fayette,62,4,0,38.02974928,-81.08286634,54019.0,146.20572560486724,6.451612903225807,58,64,4,0,60,62,43018,-2,0,0,-2,2
2020-06-26,US,West Virginia,Gilmer,12,0,0,38.9251277,-80.85952723,54021.0,153.39383868081302,0.0,12,11,0,0,11,10,8026,1,0,0,1,1
2020-06-26,US,West Virginia,Grant,16,0,0,39.10314817,-79.19440518,54023.0,138.31258644536652,0.0,16,16,0,0,16,16,11626,0,0,0,0,0
2020-06-26,US,West Virginia,Greenbrier,57,0,0,37.9463652,-80.45335881,54025.0,164.4452137787779,0.0,57,57,0,0,57,52,34786,0,0,0,0,5
2020-06-26,US,West Virginia,Hampshire,40,1,0,39.32103553,-78.60826476,54027.0,172.5997842502697,2.5,39,40,1,0,39,40,23347,0,0,0,0,0
2020-06-26,US,West Virginia,Hancock,21,0,0,40.51943859,-80.57461608,54029.0,72.89135716765013,0.0,21,20,0,0,20,20,29094,1,0,0,1,0
2020-06-26,US,West Virginia,Hardy,42,0,0,39.00683177,-78.85855301,54031.0,304.8780487804878,0.0,42,42,0,0,42,42,13775,0,0,0,0,0
2020-06-26,US,West Virginia,Harrison,56,1,0,39.2853852,-80.37919577,54033.0,83.2639467110741,1.7857142857142858,55,56,1,0,55,53,67554,0,0,0,0,3
2020-06-26,US,West Virginia,Jackson,142,18,0,38.84263974,-81.68148753,54035.0,496.92049272116463,12.676056338028172,124,142,18,0,124,142,28706,0,0,0,0,0
2020-06-26,US,West Virginia,Jefferson,219,4,0,39.30776166,-77.86014147,54037.0,383.2289224092675,1.8264840182648399,215,219,4,0,215,217,56811,0,0,0,0,2
2020-06-26,US,West Virginia,Kanawha,288,20,0,38.33860077,-81.52857054,54039.0,161.68511823224267,6.9444444444444455,268,286,20,0,266,271,180454,2,0,0,2,15
2020-06-26,US,West Virginia,Lewis,15,2,0,38.9947249,-80.49988181,54041.0,94.29810775130446,13.333333333333336,13,15,2,0,13,15,16024,0,0,0,0,0
2020-06-26,US,West Virginia,Lincoln,5,0,0,38.172154,-82.07017953,54043.0,24.498995541182808,0.0,5,5,0,0,5,5,20599,0,0,0,0,0
2020-06-26,US,West Virginia,Logan,22,1,0,37.8299889,-81.93528571,54045.0,68.70920391017833,4.545454545454546,21,21,1,0,20,21,32607,1,0,0,1,0
2020-06-26,US,West Virginia,Marion,55,2,0,39.50984542,-80.24244659,54049.0,98.08817234983593,3.636363636363636,53,55,2,0,53,54,56097,0,0,0,0,1
2020-06-26,US,West Virginia,Marshall,41,0,0,39.86064362,-80.66591062,54051.0,134.2897382987783,0.0,41,39,0,0,39,39,30785,2,0,0,2,0
2020-06-26,US,West Virginia,Mason,16,0,0,38.77071799,-82.02524219,54053.0,60.34092623321768,0.0,16,16,0,0,16,16,26718,0,0,0,0,0
2020-06-26,US,West Virginia,McDowell,6,0,0,37.38002939,-81.65083669,54047.0,34.04448479346346,0.0,6,6,0,0,6,6,18223,0,0,0,0,0
2020-06-26,US,West Virginia,Mercer,31,0,0,37.40481169,-81.11023142,54055.0,52.7587732734266,0.0,31,30,0,0,30,27,59131,1,0,0,1,3
2020-06-26,US,West Virginia,Mineral,54,3,0,39.41561583,-78.94104895,54057.0,200.9825815096025,5.5555555555555545,51,54,3,0,51,54,26940,0,0,0,0,0
2020-06-26,US,West Virginia,Mingo,16,2,0,37.73048351,-82.13338365,54059.0,68.30601092896175,12.5,14,16,2,0,14,15,23785,0,0,0,0,1
2020-06-26,US,West Virginia,Monongalia,164,5,0,39.63218457,-80.04766838,54061.0,155.28538423663974,3.0487804878048776,159,161,5,0,156,159,106420,3,0,0,3,2
2020-06-26,US,West Virginia,Monroe,10,0,0,37.56274716,-80.54577965,54063.0,75.3295668549906,0.0,10,9,0,0,9,9,13280,1,0,0,1,0
2020-06-26,US,West Virginia,Morgan,20,0,0,39.55439028,-78.26311676,54065.0,111.83180496533214,0.0,20,20,0,0,20,20,17787,0,0,0,0,0
2020-06-26,US,West Virginia,Nicholas,8,1,0,38.29617706,-80.79759588,54067.0,32.65839320705421,12.5,7,8,1,0,7,8,24842,0,0,0,0,0
2020-06-26,US,West Virginia,Ohio,78,1,0,40.0955451,-80.62203992,54069.0,188.35575088744537,1.2820512820512822,77,78,1,0,77,76,41755,0,0,0,0,2
2020-06-26,US,West Virginia,Pendleton,13,1,0,38.68314479,-79.35084086,54071.0,186.5403931697517,7.6923076923076925,12,13,1,0,12,13,6997,0,0,0,0,0
2020-06-26,US,West Virginia,Pleasants,5,0,0,39.37091679,-81.16771771,54073.0,67.02412868632706,0.0,5,5,0,0,5,5,7507,0,0,0,0,0
2020-06-26,US,West Virginia,Pocahontas,24,0,0,38.32758728,-80.00993811,54075.0,291.0149145143688,0.0,24,24,0,0,24,24,8414,0,0,0,0,0
2020-06-26,US,West Virginia,Preston,74,2,0,39.46770987,-79.66712803,54077.0,221.34481933476908,2.702702702702702,72,70,2,0,68,64,33839,4,0,0,4,6
2020-06-26,US,West Virginia,Putnam,51,0,0,38.50782345,-81.9082131,54079.0,90.34543844109831,0.0,51,50,0,0,50,45,56682,1,0,0,1,5
2020-06-26,US,West Virginia,Raleigh,47,0,0,37.76936795,-81.2456041,54081.0,64.06673845776365,0.0,47,43,0,0,43,35,74254,4,0,0,4,8
2020-06-26,US,West Virginia,Randolph,155,0,0,38.769899,-79.87919615,54083.0,540.1637916013243,0.0,155,155,0,0,155,154,28823,0,0,0,0,1
2020-06-26,US,West Virginia,Ritchie,2,0,0,39.18094587,-81.06356878,54085.0,20.933640360058615,0.0,2,2,0,0,2,2,9721,0,0,0,0,0
2020-06-26,US,West Virginia,Roane,11,1,0,38.71622686,-81.35243568,54087.0,80.3623611922852,9.090909090909092,10,11,1,0,10,11,13932,0,0,0,0,0
2020-06-26,US,West Virginia,Summers,1,0,0,37.65390597,-80.86009693,54089.0,7.953551260637875,0.0,1,1,0,0,1,1,12760,0,0,0,0,0
2020-06-26,US,West Virginia,Taylor,14,0,0,39.33602617,-80.0421439,54091.0,83.85744234800839,0.0,14,14,0,0,14,14,16862,0,0,0,0,0
2020-06-26,US,West Virginia,Tucker,6,0,0,39.11240885,-79.57053576,54093.0,87.73212457961691,0.0,6,6,0,0,6,6,6955,0,0,0,0,0
2020-06-26,US,West Virginia,Tyler,3,0,0,39.46811972,-80.88772676,54095.0,34.920265394016994,0.0,3,3,0,0,3,3,8746,0,0,0,0,0
2020-06-26,US,West Virginia,Upshur,14,0,0,38.89285061,-80.23689136,54097.0,57.90866975512906,0.0,14,14,0,0,14,14,24415,0,0,0,0,0
2020-06-26,US,West Virginia,Wayne,110,9,0,38.14901357,-82.42287994,54099.0,279.17364600781684,8.181818181818182,101,110,9,0,101,108,39944,0,0,0,0,2
2020-06-26,US,West Virginia,Webster,1,0,0,38.49370949,-80.4202023,54101.0,12.324377618930244,0.0,1,1,0,0,1,,8285,0,0,0,0,
2020-06-26,US,West Virginia,Wetzel,10,0,0,39.6065771,-80.64016540000001,54103.0,66.37902422834384,0.0,10,9,0,0,9,9,15270,1,0,0,1,0
2020-06-26,US,West Virginia,Wirt,4,0,0,39.02775007,-81.37473928,54105.0,68.7167153410067,0.0,4,4,0,0,4,4,5830,0,0,0,0,0
2020-06-26,US,West Virginia,Wood,67,2,0,39.20967886,-81.5162836,54107.0,80.22222754376303,2.985074626865672,65,62,2,0,60,61,84203,5,0,0,5,1
2020-06-26,US,West Virginia,Wyoming,7,0,0,37.612327,-81.54511071,54109.0,34.32382073158772,0.0,7,7,0,0,7,7,20786,0,0,0,0,0
2020-06-26,US,Wisconsin,Adams,14,2,0,43.96974651,-89.76782777,55001.0,69.23837784371909,14.285714285714285,12,12,2,0,10,11,20348,2,0,0,2,1
2020-06-26,US,Wisconsin,Ashland,3,0,0,46.31956891,-90.67837132,55003.0,19.27772779848349,0.0,3,3,0,0,3,3,15600,0,0,0,0,0
2020-06-26,US,Wisconsin,Barron,32,0,0,45.42372701,-91.84833627,55005.0,70.7276102908673,0.0,32,32,0,0,32,32,45164,0,0,0,0,0
2020-06-26,US,Wisconsin,Bayfield,3,1,0,46.52868768,-91.19716729,55007.0,19.952114924181963,33.333333333333336,2,3,1,0,2,3,15042,0,0,0,0,0
2020-06-26,US,Wisconsin,Brown,2738,41,0,44.452655299999996,-88.00411844,55009.0,1034.9963332854518,1.4974433893352812,2697,2698,42,0,2656,2661,263378,40,-1,0,41,37
2020-06-26,US,Wisconsin,Buffalo,7,2,0,44.37835084,-91.75332578,55011.0,53.718056941140354,28.57142857142857,5,7,2,0,5,7,13125,0,0,0,0,0
2020-06-26,US,Wisconsin,Burnett,2,1,0,45.86303537,-92.36711412,55013.0,12.975217334890358,50.0,1,2,1,0,1,2,15392,0,0,0,0,0
2020-06-26,US,Wisconsin,Calumet,96,2,0,44.0816316,-88.21780273,55015.0,191.65884725189164,2.083333333333333,94,94,2,0,92,92,50159,2,0,0,2,2
2020-06-26,US,Wisconsin,Chippewa,78,0,0,45.06939744,-91.28068855,55017.0,120.63472424139317,0.0,78,76,0,0,76,71,64135,2,0,0,2,5
2020-06-26,US,Wisconsin,Clark,67,6,0,44.73483377,-90.61207486,55019.0,192.67268648990623,8.955223880597012,61,64,6,0,58,64,34709,3,0,0,3,0
2020-06-26,US,Wisconsin,Columbia,76,1,0,43.46492199,-89.33589004,55021.0,132.1003963011889,1.3157894736842106,75,74,1,0,73,70,57358,2,0,0,2,4
2020-06-26,US,Wisconsin,Crawford,32,0,0,43.23870316,-90.93073686,55023.0,198.37579815262538,0.0,32,32,0,0,32,32,16291,0,0,0,0,0
2020-06-26,US,Wisconsin,Dane,1446,32,0,43.06601594,-89.41733797,55025.0,264.4984863589387,2.2130013831258646,1414,1324,32,0,1292,1235,542364,122,0,0,122,89
2020-06-26,US,Wisconsin,Dodge,447,5,0,43.41576662,-88.70928178,55027.0,508.8855747447034,1.1185682326621924,442,445,5,0,440,444,87847,2,0,0,2,1
2020-06-26,US,Wisconsin,Door,43,3,0,44.95856458,-87.30002707,55029.0,155.4141969061732,6.9767441860465125,40,40,3,0,37,40,27610,3,0,0,3,0
2020-06-26,US,Wisconsin,Douglas,22,0,0,46.43222285,-91.91595768,55031.0,50.984936268829664,0.0,22,20,0,0,20,20,43208,2,0,0,2,0
2020-06-26,US,Wisconsin,Dunn,34,0,0,44.94562799,-91.8962481,55033.0,74.94269088344205,0.0,34,33,0,0,33,29,45131,1,0,0,1,4
2020-06-26,US,Wisconsin,Eau Claire,180,1,0,44.726614,-91.28609183,55035.0,172.00848575196378,0.5555555555555556,179,176,1,0,175,170,104534,4,0,0,4,6
2020-06-26,US,Wisconsin,Florence,3,0,0,45.84963535,-88.39804137,55037.0,69.848661233993,0.0,3,3,0,0,3,3,4321,0,0,0,0,0
2020-06-26,US,Wisconsin,Fond du Lac,306,6,0,43.75354908,-88.48885325,55039.0,295.929518485924,1.96078431372549,300,299,6,0,293,297,103066,7,0,0,7,2
2020-06-26,US,Wisconsin,Forest,38,3,0,45.66678019,-88.77084892,55041.0,422.034651266104,7.894736842105262,35,38,3,0,35,35,8991,0,0,0,0,3
2020-06-26,US,Wisconsin,Grant,141,12,0,42.8671731,-90.7063218,55043.0,274.1110830303855,8.51063829787234,129,136,12,0,124,134,51554,5,0,0,5,2
2020-06-26,US,Wisconsin,Green,84,1,0,42.6794956,-89.60243287,55045.0,227.27272727272728,1.1904761904761905,83,83,1,0,82,81,36929,1,0,0,1,2
2020-06-26,US,Wisconsin,Green Lake,29,0,0,43.80025981,-89.04679553,55047.0,153.33368582456512,0.0,29,26,0,0,26,26,18918,3,0,0,3,0
2020-06-26,US,Wisconsin,Iowa,27,0,0,43.00050278,-90.13469017,55049.0,114.02990117408564,0.0,27,25,0,0,25,23,23771,2,0,0,2,2
2020-06-26,US,Wisconsin,Iron,3,1,0,46.26302338,-90.24295041,55051.0,52.75189027606822,33.333333333333336,2,2,1,0,1,2,5676,1,0,0,1,0
2020-06-26,US,Wisconsin,Jackson,26,1,0,44.31864893,-90.80566792,55053.0,125.95068546238434,3.8461538461538463,25,26,1,0,25,24,20478,0,0,0,0,2
2020-06-26,US,Wisconsin,Jefferson,211,4,0,43.02054068,-88.77529134,55055.0,248.91174839858908,1.895734597156398,207,201,4,0,197,194,85129,10,0,0,10,7
2020-06-26,US,Wisconsin,Juneau,31,1,0,43.92456975,-90.11120239,55057.0,116.16142691197962,3.2258064516129035,30,31,1,0,30,31,26617,0,0,0,0,0
2020-06-26,US,Wisconsin,Kenosha,1450,41,0,42.57639354,-88.04051686,55059.0,855.149474230513,2.827586206896552,1409,1440,41,0,1399,1436,169290,10,0,0,10,4
2020-06-26,US,Wisconsin,Kewaunee,52,1,0,44.51727459,-87.61468386,55061.0,254.47783106587062,1.9230769230769231,51,49,1,0,48,46,20383,3,0,0,3,3
2020-06-26,US,Wisconsin,La Crosse,371,0,0,43.90632465,-91.11451093,55063.0,314.3641540130152,0.0,371,343,0,0,343,316,118230,28,0,0,28,27
2020-06-26,US,Wisconsin,Lafayette,66,0,0,42.66005229,-90.1317729,55065.0,396.03960396039605,0.0,66,62,0,0,62,61,16665,4,0,0,4,1
2020-06-26,US,Wisconsin,Langlade,7,0,0,45.26271619,-89.07483625,55067.0,36.47923289384544,0.0,7,8,0,0,8,7,19268,-1,0,0,-1,1
2020-06-26,US,Wisconsin,Lincoln,9,0,0,45.33737523,-89.73411273,55069.0,32.616968071612355,0.0,9,8,0,0,8,8,27689,1,0,0,1,0
2020-06-26,US,Wisconsin,Manitowoc,83,1,0,44.11946801,-87.80928853,55071.0,105.08856560438585,1.2048192771084338,82,81,1,0,80,81,79074,2,0,0,2,0
2020-06-26,US,Wisconsin,Marathon,140,1,0,44.89792533,-89.75863384,55073.0,103.17483713114996,0.7142857142857143,139,137,1,0,136,130,135428,3,0,0,3,7
2020-06-26,US,Wisconsin,Marinette,49,3,0,45.38553432,-88.03324599999998,55075.0,121.4374225526642,6.1224489795918355,46,48,3,0,45,45,40434,1,0,0,1,3
2020-06-26,US,Wisconsin,Marquette,12,1,0,43.81911946,-89.40073763,55077.0,77.05149608321561,8.333333333333334,11,10,1,0,9,10,15434,2,0,0,2,0
2020-06-26,US,Wisconsin,Menominee,5,0,0,45.00422544,-88.70950714,55078.0,109.74539069359085,0.0,5,4,0,0,4,4,4658,1,0,0,1,0
2020-06-26,US,Wisconsin,Milwaukee,10812,382,0,43.00486062,-87.96733172,55079.0,1143.2486787928005,3.533111357750647,10430,10674,381,0,10293,10544,948201,138,1,0,137,130
2020-06-26,US,Wisconsin,Monroe,59,1,0,43.94641218,-90.61881899999999,55081.0,127.5592934512356,1.6949152542372878,58,57,1,0,56,51,46051,2,0,0,2,6
2020-06-26,US,Wisconsin,Oconto,52,0,0,45.02715345,-88.26807503,55083.0,137.09464803585553,0.0,52,51,0,0,51,50,37830,1,0,0,1,1
2020-06-26,US,Wisconsin,Oneida,18,0,0,45.70677897,-89.51944105,55085.0,50.56890012642225,0.0,18,17,0,0,17,17,35470,1,0,0,1,0
2020-06-26,US,Wisconsin,Outagamie,436,8,0,44.41578887,-88.46565023,55087.0,232.05684328179473,1.834862385321101,428,428,8,0,420,415,187365,8,0,0,8,13
2020-06-26,US,Wisconsin,Ozaukee,214,15,0,43.38352225,-87.94625009,55089.0,239.85384606762986,7.009345794392522,199,212,15,0,197,210,89147,2,0,0,2,2
2020-06-26,US,Wisconsin,Pepin,1,0,0,44.58307413,-91.99949611,55091.0,13.723068478111706,0.0,1,1,0,0,1,1,7289,0,0,0,0,0
2020-06-26,US,Wisconsin,Pierce,64,0,0,44.71850291,-92.4224416,55093.0,149.6935959208495,0.0,64,60,0,0,60,57,42555,4,0,0,4,3
2020-06-26,US,Wisconsin,Polk,43,1,0,45.46130348,-92.44182875,55095.0,98.2116346527191,2.3255813953488373,42,41,1,0,40,41,43598,2,0,0,2,0
2020-06-26,US,Wisconsin,Portage,117,0,0,44.47558711,-89.50152965,55097.0,165.31961792799413,0.0,117,107,0,0,107,101,70942,10,0,0,10,6
2020-06-26,US,Wisconsin,Price,2,0,0,45.68051754,-90.36098879999999,55099.0,14.980151299528124,0.0,2,2,0,0,2,2,13397,0,0,0,0,0
2020-06-26,US,Wisconsin,Racine,2144,61,0,42.74753117,-88.05941254,55101.0,1092.1446072813035,2.845149253731343,2083,2124,61,0,2063,2114,196584,20,0,0,20,10
2020-06-26,US,Wisconsin,Richland,15,4,0,43.3762778,-90.43012729,55103.0,86.94644099234871,26.66666666666667,11,15,4,0,11,15,17377,0,0,0,0,0
2020-06-26,US,Wisconsin,Rock,827,23,0,42.67151616,-89.07147900000002,55105.0,506.2624729115908,2.7811366384522365,804,819,23,0,796,816,163129,8,0,0,8,3
2020-06-26,US,Wisconsin,Rusk,11,0,0,45.47498854,-91.1333012,55107.0,77.58499083086474,0.0,11,11,0,0,11,11,14147,0,0,0,0,0
2020-06-26,US,Wisconsin,Sauk,98,3,0,43.42574087,-89.94966132,55111.0,152.07473386921572,3.0612244897959178,95,98,3,0,95,97,64249,0,0,0,0,1
2020-06-26,US,Wisconsin,Sawyer,12,0,0,45.87931905,-91.14504927,55113.0,72.47252083584974,0.0,12,10,0,0,10,9,16489,2,0,0,2,1
2020-06-26,US,Wisconsin,Shawano,74,0,0,44.78902246,-88.76443896,55115.0,180.9335191569476,0.0,74,73,0,0,73,70,40796,1,0,0,1,3
2020-06-26,US,Wisconsin,Sheboygan,190,4,0,43.72099677,-87.94579284,55117.0,164.73036240679733,2.1052631578947367,186,189,4,0,185,187,115456,1,0,0,1,2
2020-06-26,US,Wisconsin,St. Croix,150,1,0,45.03437474,-92.45000068,55109.0,165.40408217274802,0.6666666666666666,149,141,1,0,140,135,89694,9,0,0,9,6
2020-06-26,US,Wisconsin,Taylor,10,0,0,45.21179252,-90.5004405,55119.0,49.1569581674286,0.0,10,10,0,0,10,10,20412,0,0,0,0,0
2020-06-26,US,Wisconsin,Trempealeau,106,0,0,44.30360275,-91.35893614,55121.0,357.5162737360451,0.0,106,104,0,0,104,98,29442,2,0,0,2,6
2020-06-26,US,Wisconsin,Vernon,32,0,0,43.59422667,-90.8324691,55123.0,103.82194536370123,0.0,32,32,0,0,32,31,30785,0,0,0,0,1
2020-06-26,US,Wisconsin,Vilas,10,0,0,46.05467334,-89.51719204,55125.0,45.05519261094841,0.0,10,10,0,0,10,10,21938,0,0,0,0,0
2020-06-26,US,Wisconsin,Walworth,559,18,0,42.66858202,-88.54163073,55127.0,538.1830785227404,3.2200357781753133,541,546,18,0,528,522,103718,13,0,0,13,24
2020-06-26,US,Wisconsin,Washburn,4,0,0,45.89838588,-91.79050449,55129.0,25.44529262086514,0.0,4,4,0,0,4,4,15878,0,0,0,0,0
2020-06-26,US,Wisconsin,Washington,337,15,0,43.36863664,-88.22974712,55131.0,247.7321846009086,4.451038575667655,322,335,15,0,320,330,135693,2,0,0,2,5
2020-06-26,US,Wisconsin,Waukesha,1085,38,0,43.01833055,-88.30431188,55133.0,268.4327977872231,3.5023041474654377,1047,1069,38,0,1031,1056,403072,16,0,0,16,13
2020-06-26,US,Wisconsin,Waupaca,104,6,0,44.47068056,-88.96534501,55135.0,203.9615610904099,5.769230769230768,98,101,6,0,95,96,51128,3,0,0,3,5
2020-06-26,US,Wisconsin,Waushara,20,0,0,44.11324419,-89.24317107,55137.0,81.82301681462995,0.0,20,20,0,0,20,20,24263,0,0,0,0,0
2020-06-26,US,Wisconsin,Winnebago,639,11,0,44.06886922,-88.64477096,55139.0,371.71261205186534,1.7214397496087637,628,634,11,0,623,626,171020,5,0,0,5,8
2020-06-26,US,Wisconsin,Wood,39,1,0,44.45537896,-90.04158336,55141.0,53.42538938889574,2.5641025641025643,38,37,1,0,36,37,73055,2,0,0,2,0
2020-06-26,US,Wyoming,Albany,32,0,0,41.65498705,-105.72354150000001,56001.0,82.3045267489712,0.0,32,31,0,0,31,31,38601,1,0,0,1,0
2020-06-26,US,Wyoming,Big Horn,12,0,0,44.52405055,-107.9960365,56003.0,101.78117048346056,0.0,12,11,0,0,11,11,11881,1,0,0,1,0
2020-06-26,US,Wyoming,Campbell,55,0,0,44.24886082,-105.54744040000001,56005.0,118.68539738028959,0.0,55,55,0,0,55,54,46140,0,0,0,0,1
2020-06-26,US,Wyoming,Carbon,22,0,0,41.69357844,-106.9326084,56007.0,148.64864864864862,0.0,22,22,0,0,22,22,14971,0,0,0,0,0
2020-06-26,US,Wyoming,Converse,25,0,0,42.97272268,-105.5081848,56009.0,180.8710750976704,0.0,25,25,0,0,25,25,13640,0,0,0,0,0
2020-06-26,US,Wyoming,Crook,7,0,0,44.58855102,-104.56977049999999,56011.0,92.2995780590717,0.0,7,7,0,0,7,7,7450,0,0,0,0,0
2020-06-26,US,Wyoming,Fremont,349,0,0,43.04183996,-108.6296893,56013.0,888.9228496472326,0.0,349,345,0,0,345,340,39531,4,0,0,4,5
2020-06-26,US,Wyoming,Goshen,5,0,0,42.08798185,-104.3534743,56015.0,37.847248505033676,0.0,5,5,0,0,5,5,13376,0,0,0,0,0
2020-06-26,US,Wyoming,Hot Springs,12,0,0,43.71930657,-108.44231740000001,56017.0,271.92386131883075,0.0,12,12,0,0,12,12,4555,0,0,0,0,0
2020-06-26,US,Wyoming,Johnson,20,1,0,44.04057166,-106.58451740000001,56019.0,236.82652457075196,5.0,19,19,1,0,18,19,8460,1,0,0,1,0
2020-06-26,US,Wyoming,Laramie,240,0,0,41.30702520000001,-104.6887497,56021.0,241.20603015075375,0.0,240,225,0,0,225,219,98976,15,0,0,15,6
2020-06-26,US,Wyoming,Lincoln,17,0,0,42.26376367,-110.6563997,56023.0,85.72869389813414,0.0,17,16,0,0,16,15,19434,1,0,0,1,1
2020-06-26,US,Wyoming,Natrona,109,0,0,42.96180148,-106.79788500000001,56025.0,136.4922737859701,0.0,109,107,0,0,107,102,79115,2,0,0,2,5
2020-06-26,US,Wyoming,Niobrara,2,0,0,43.05607708,-104.47588959999999,56027.0,84.88964346349746,0.0,2,2,0,0,2,2,2388,0,0,0,0,0
2020-06-26,US,Wyoming,Park,25,0,0,44.52157546,-109.58528249999999,56029.0,85.63403439062823,0.0,25,22,0,0,22,17,29324,3,0,0,3,5
2020-06-26,US,Wyoming,Platte,2,0,0,42.13299116,-104.96633100000001,56031.0,23.82938162754677,0.0,2,2,0,0,2,2,8566,0,0,0,0,0
2020-06-26,US,Wyoming,Sheridan,24,0,0,44.79048913,-106.8862389,56033.0,78.72724290634739,0.0,24,22,0,0,22,19,30233,2,0,0,2,3
2020-06-26,US,Wyoming,Sublette,5,0,0,42.76558279,-109.91309220000001,56035.0,50.85952598921778,0.0,5,5,0,0,5,5,9813,0,0,0,0,0
2020-06-26,US,Wyoming,Sweetwater,80,0,0,41.65943896,-108.8827882,56037.0,188.93323571782818,0.0,80,73,0,0,73,65,43051,7,0,0,7,8
2020-06-26,US,Wyoming,Teton,119,0,0,43.93522482,-110.5890801,56039.0,507.1599045346062,0.0,119,118,0,0,118,113,23081,1,0,0,1,5
2020-06-26,US,Wyoming,Uinta,166,0,0,41.2878183,-110.54757820000002,56041.0,820.7257984772076,0.0,166,162,0,0,162,157,20299,4,0,0,4,5
2020-06-26,US,Wyoming,Unassigned,0,19,0,0.0,0.0,90056.0,0.0,0.0,-19,0,19,0,-19,0,,0,0,0,0,0
2020-06-26,US,Wyoming,Washakie,39,0,0,43.90451606,-107.68018700000002,56043.0,499.6796925048046,0.0,39,39,0,0,39,39,7885,0,0,0,0,0
2020-06-26,US,Wyoming,Weston,1,0,0,43.83961191,-104.56748809999999,56045.0,14.436263894903998,0.0,1,1,0,0,1,1,6967,0,0,0,0,0
