Date,Country/Region,Province/State,Admin2,Confirmed,Deaths,Recovered,Latitude,Longitude,FIPS,Incidence_Rate,Case-Fatality_Ratio,Active Cases,Previous Confirmed,Previous Deaths,Previous Recovered,Previous Active,Prev2 Confirmed,Population,Daily Confirmed,Daily Deaths,Daily Recovered,Daily Active,Previous Daily Confirmed
2020-06-04,US,Alabama,Autauga,241,5,0,32.53952745,-86.64408227,1001.0,431.3662317206322,2.074688796680498,236,239,5,0,234,239,55601,2,0,0,2,0
2020-06-04,US,Alabama,Baldwin,293,9,0,30.72774991,-87.72207058,1003.0,131.25240778734423,3.0716723549488054,284,292,9,0,283,292,218022,1,0,0,1,0
2020-06-04,US,Alabama,Barbour,177,1,0,31.868263,-85.3871286,1005.0,717.0055902130763,0.5649717514124294,176,177,1,0,176,175,24881,0,0,0,0,2
2020-06-04,US,Alabama,Bibb,76,1,0,32.99642064,-87.12511459999996,1007.0,339.37661873716166,1.3157894736842106,75,76,1,0,75,76,22400,0,0,0,0,0
2020-06-04,US,Alabama,Blount,63,1,0,33.98210918,-86.56790593,1009.0,108.9475322519282,1.5873015873015872,62,63,1,0,62,63,57840,0,0,0,0,0
2020-06-04,US,Alabama,Bullock,217,6,0,32.10030533,-85.71265535,1011.0,2148.3021483021485,2.7649769585253456,211,215,6,0,209,213,10138,2,0,0,2,2
2020-06-04,US,Alabama,Butler,421,18,0,31.75300095,-86.68057478,1013.0,2164.747017688195,4.275534441805227,403,419,18,0,401,416,19680,2,0,0,2,3
2020-06-04,US,Alabama,Calhoun,167,3,0,33.77483727,-85.82630386,1015.0,147.0005721579156,1.7964071856287425,164,165,3,0,162,165,114277,2,0,0,2,0
2020-06-04,US,Alabama,Chambers,360,26,0,32.91360079,-85.39072749,1017.0,1082.5765321465087,7.222222222222222,334,359,26,0,333,358,33615,1,0,0,1,1
2020-06-04,US,Alabama,Cherokee,38,3,0,34.17805983,-85.60638968,1019.0,145.06031455183995,7.894736842105262,35,38,3,0,35,38,26032,0,0,0,0,0
2020-06-04,US,Alabama,Chilton,107,1,0,32.85044126,-86.7173256,1021.0,240.83911047087426,0.9345794392523364,106,105,1,0,104,104,44153,2,0,0,2,1
2020-06-04,US,Alabama,Choctaw,153,10,0,32.02227341,-88.26564429999998,1023.0,1215.346731273334,6.5359477124183005,143,153,10,0,143,153,12841,0,0,0,0,0
2020-06-04,US,Alabama,Clarke,149,2,0,31.68099859,-87.83548597,1025.0,630.7679282025231,1.342281879194631,147,149,2,0,147,148,23920,0,0,0,0,1
2020-06-04,US,Alabama,Clay,28,2,0,33.26984193,-85.85836077,1027.0,211.5602568945977,7.142857142857142,26,28,2,0,26,28,13275,0,0,0,0,0
2020-06-04,US,Alabama,Cleburne,15,1,0,33.67679204,-85.52005899,1029.0,100.60362173038229,6.666666666666668,14,15,1,0,14,15,14987,0,0,0,0,0
2020-06-04,US,Alabama,Coffee,239,1,0,31.39932826,-85.98901039,1031.0,456.6122807687899,0.41841004184100417,238,239,1,0,238,238,51909,0,0,0,0,1
2020-06-04,US,Alabama,Colbert,190,2,0,34.69847452,-87.80168544,1033.0,343.9474303506453,1.0526315789473684,188,187,2,0,185,187,54762,3,0,0,3,0
2020-06-04,US,Alabama,Conecuh,41,1,0,31.43401703,-86.99320044,1035.0,339.7696196237673,2.4390243902439024,40,41,1,0,40,41,12277,0,0,0,0,0
2020-06-04,US,Alabama,Coosa,40,1,0,32.93690146,-86.24847739,1037.0,375.1289505767608,2.5,39,40,1,0,39,40,10715,0,0,0,0,0
2020-06-04,US,Alabama,Covington,82,1,0,31.247785399999998,-86.45050893,1039.0,221.32851089098224,1.2195121951219512,81,81,1,0,80,81,36986,1,0,0,1,0
2020-06-04,US,Alabama,Crenshaw,78,3,0,31.72941803,-86.31593104,1041.0,566.3665408074354,3.8461538461538463,75,78,3,0,75,78,13824,0,0,0,0,0
2020-06-04,US,Alabama,Cullman,152,1,0,34.13020303,-86.86888037,1043.0,181.45353834399768,0.6578947368421053,151,150,1,0,149,150,83442,2,0,0,2,0
2020-06-04,US,Alabama,Dale,124,0,0,31.43037123,-85.61095742,1045.0,252.17603514195068,0.0,124,123,0,0,123,123,48956,1,0,0,1,0
2020-06-04,US,Alabama,Dallas,292,3,0,32.32688101,-87.10866709999998,1047.0,785.0306484568233,1.0273972602739727,289,287,3,0,284,282,38310,5,0,0,5,5
2020-06-04,US,Alabama,DeKalb,257,3,0,34.45946862,-85.80782906,1049.0,359.37521849174277,1.1673151750972763,254,257,3,0,254,256,71385,0,0,0,0,1
2020-06-04,US,Alabama,Elmore,374,9,0,32.59785413,-86.14415284,1051.0,460.5400879212895,2.406417112299465,365,372,9,0,363,373,81887,2,0,0,2,-1
2020-06-04,US,Alabama,Escambia,75,3,0,31.1256789,-87.15918694,1053.0,204.73343706494146,4.0,72,75,3,0,72,74,36748,0,0,0,0,1
2020-06-04,US,Alabama,Etowah,263,12,0,34.04567266,-86.04051873,1055.0,257.1674424062268,4.56273764258555,251,262,12,0,250,261,102501,1,0,0,1,1
2020-06-04,US,Alabama,Fayette,16,0,0,33.72076938,-87.73886638,1057.0,98.1474665685192,0.0,16,16,0,0,16,16,16433,0,0,0,0,0
2020-06-04,US,Alabama,Franklin,585,8,0,34.44235334,-87.84289505,1059.0,1865.3147120719339,1.3675213675213675,577,578,8,0,570,576,31363,7,0,0,7,2
2020-06-04,US,Alabama,Geneva,44,0,0,31.09389027,-85.83572839,1061.0,167.4850595713905,0.0,44,44,0,0,44,43,26314,0,0,0,0,1
2020-06-04,US,Alabama,Greene,95,4,0,32.85504247,-87.95684022,1063.0,1171.248921218099,4.2105263157894735,91,95,4,0,91,95,8233,0,0,0,0,0
2020-06-04,US,Alabama,Hale,185,9,0,32.76039258,-87.63284988,1065.0,1262.7124428366665,4.864864864864865,176,179,9,0,170,178,14726,6,0,0,6,1
2020-06-04,US,Alabama,Henry,82,2,0,31.51148016,-85.24267944,1067.0,476.60563789596046,2.4390243902439024,80,81,2,0,79,81,17209,1,0,0,1,0
2020-06-04,US,Alabama,Houston,226,5,0,31.15197924,-85.29939599,1069.0,213.44515592829757,2.2123893805309733,221,226,5,0,221,223,104722,0,0,0,0,3
2020-06-04,US,Alabama,Jackson,83,3,0,34.78144169,-85.99750489,1071.0,160.77170418006432,3.614457831325301,80,83,3,0,80,83,51736,0,0,0,0,0
2020-06-04,US,Alabama,Jefferson,1901,104,0,33.55554728,-86.89506300000002,1073.0,288.6544088506513,5.470804839558127,1797,1884,103,0,1781,1882,659300,17,1,0,16,2
2020-06-04,US,Alabama,Lamar,28,0,0,33.77995024,-88.09668032,1075.0,202.8250633828323,0.0,28,26,0,0,26,26,13844,2,0,0,2,0
2020-06-04,US,Alabama,Lauderdale,172,2,0,34.90171875,-87.65624729,1077.0,185.48674093325715,1.162790697674419,170,169,2,0,167,167,92387,3,0,0,3,2
2020-06-04,US,Alabama,Lawrence,51,0,0,34.52041498,-87.31069453,1079.0,154.90219900376624,0.0,51,51,0,0,51,51,32957,0,0,0,0,0
2020-06-04,US,Alabama,Lee,562,34,0,32.60154883,-85.35132246,1081.0,341.5541320757011,6.049822064056939,528,558,34,0,524,552,163941,4,0,0,4,6
2020-06-04,US,Alabama,Limestone,108,0,0,34.81185586,-86.98310072,1083.0,109.18465349037052,0.0,108,108,0,0,108,108,96174,0,0,0,0,0
2020-06-04,US,Alabama,Lowndes,265,12,0,32.1597283,-86.65158371,1085.0,2724.655562410035,4.528301886792453,253,259,12,0,247,255,9974,6,0,0,6,4
2020-06-04,US,Alabama,Macon,93,4,0,32.38759944,-85.69267724,1087.0,514.7221607261457,4.301075268817204,89,87,4,0,83,86,18439,6,0,0,6,1
2020-06-04,US,Alabama,Madison,353,4,0,34.76327133,-86.55069633,1089.0,94.66116398370649,1.13314447592068,349,346,4,0,342,344,366519,7,0,0,7,2
2020-06-04,US,Alabama,Marengo,175,6,0,32.24767634,-87.78796182,1091.0,927.7421406987224,3.4285714285714284,169,174,6,0,168,174,19066,1,0,0,1,0
2020-06-04,US,Alabama,Marion,124,11,0,34.13697363,-87.88704173,1093.0,417.3819381332256,8.870967741935484,113,124,11,0,113,124,29763,0,0,0,0,0
2020-06-04,US,Alabama,Marshall,708,9,0,34.36975964,-86.30486727,1095.0,731.6014632029263,1.2711864406779658,699,705,9,0,696,705,96109,3,0,0,3,0
2020-06-04,US,Alabama,Mobile,2321,118,0,30.78472347,-88.20842409,1097.0,561.6998620556134,5.084015510555795,2203,2284,118,0,2166,2283,413757,37,0,0,37,1
2020-06-04,US,Alabama,Monroe,46,2,0,31.56729412,-87.36995001,1099.0,221.86851878647568,4.3478260869565215,44,45,2,0,43,44,21067,1,0,0,1,1
2020-06-04,US,Alabama,Montgomery,1858,43,0,32.2206831,-86.20969272,1101.0,820.3597573359942,2.3143164693218514,1815,1823,43,0,1780,1802,225763,35,0,0,35,21
2020-06-04,US,Alabama,Morgan,302,1,0,34.45500589,-86.85475946,1103.0,252.3416806624387,0.3311258278145696,301,298,1,0,297,297,119089,4,0,0,4,1
2020-06-04,US,Alabama,Perry,43,0,0,32.64048341,-87.29770589,1105.0,481.9007060405692,0.0,43,42,0,0,42,42,9140,1,0,0,1,0
2020-06-04,US,Alabama,Pickens,120,5,0,33.28094866,-88.08818103,1107.0,602.1073758153537,4.166666666666667,115,121,5,0,116,121,19938,-1,0,0,-1,0
2020-06-04,US,Alabama,Pike,212,0,0,31.80396383,-85.9408295,1109.0,640.212598900767,0.0,212,208,0,0,208,208,33338,4,0,0,4,0
2020-06-04,US,Alabama,Randolph,128,7,0,33.29526734,-85.45708831,1111.0,563.3306927207112,5.46875,121,128,7,0,121,128,22725,0,0,0,0,0
2020-06-04,US,Alabama,Russell,181,0,0,32.28725256,-85.18415324,1113.0,312.278946187954,0.0,181,177,0,0,177,177,57781,4,0,0,4,0
2020-06-04,US,Alabama,Shelby,528,19,0,33.26879845,-86.66232561,1117.0,242.53337130572982,3.5984848484848486,509,522,20,0,502,522,215707,6,-1,0,7,0
2020-06-04,US,Alabama,St. Clair,135,1,0,33.71902176,-86.31029372,1115.0,150.81776745017427,0.7407407407407407,134,131,1,0,130,131,88690,4,0,0,4,0
2020-06-04,US,Alabama,Sumter,228,7,0,32.59117397,-88.19916205,1119.0,1834.7147340468332,3.0701754385964914,221,228,7,0,221,226,12691,0,0,0,0,2
2020-06-04,US,Alabama,Talladega,119,5,0,33.37823223,-86.16886178,1121.0,148.7909175023131,4.201680672268908,114,117,5,0,112,117,79828,2,0,0,2,0
2020-06-04,US,Alabama,Tallapoosa,434,66,0,32.86698258,-85.79833053,1123.0,1075.1356305893428,15.2073732718894,368,432,66,0,366,431,40497,2,0,0,2,1
2020-06-04,US,Alabama,Tuscaloosa,836,16,0,33.28726072,-87.52556818,1125.0,399.32172625444815,1.9138755980861244,820,822,16,0,806,816,208911,14,0,0,14,6
2020-06-04,US,Alabama,Unassigned,306,2,0,0.0,0.0,90001.0,0.0,0.6535947712418301,304,297,2,0,295,292,,9,0,0,9,5
2020-06-04,US,Alabama,Walker,386,2,0,33.80270512,-87.30027177,1127.0,607.6730530060926,0.5181347150259067,384,381,2,0,379,378,63711,5,0,0,5,3
2020-06-04,US,Alabama,Washington,73,6,0,31.4092794,-88.20689944,1129.0,447.1395320347911,8.219178082191782,67,72,6,0,66,72,16378,1,0,0,1,0
2020-06-04,US,Alabama,Wilcox,157,7,0,31.98773215,-87.30891118,1131.0,1513.5447797165716,4.4585987261146505,150,154,7,0,147,152,10627,3,0,0,3,2
2020-06-04,US,Alabama,Winston,91,0,0,34.15030532,-87.37325922,1133.0,385.11997968597916,0.0,91,91,0,0,91,91,23660,0,0,0,0,0
2020-06-04,US,Alaska,Anchorage,258,4,0,61.14998174,-149.14269860000005,2020.0,89.58333333333331,1.5503875968992251,254,254,4,0,250,247,291538,4,0,0,4,7
2020-06-04,US,Alaska,Bethel,3,0,0,60.90980451,-159.8561831,2050.0,16.316762754269554,0.0,3,3,0,0,3,3,18216,0,0,0,0,0
2020-06-04,US,Alaska,Fairbanks North Star,85,2,0,64.80726247,-146.5692662,2090.0,87.76549060909252,2.3529411764705883,83,85,2,0,83,85,98971,0,0,0,0,0
2020-06-04,US,Alaska,Juneau,33,0,0,58.45031811,-134.200436,2110.0,103.20885719647215,0.0,33,33,0,0,33,33,32113,0,0,0,0,0
2020-06-04,US,Alaska,Kenai Peninsula,63,2,0,60.24429722,-151.53888840000005,2122.0,107.31075832935886,3.1746031746031744,61,60,2,0,58,54,58533,3,0,0,3,6
2020-06-04,US,Alaska,Ketchikan Gateway,16,0,0,55.57445008,-130.975561,2130.0,115.09963311991943,0.0,16,16,0,0,16,16,13918,0,0,0,0,0
2020-06-04,US,Alaska,Kodiak Island,1,0,0,57.65529415,-153.7493579,2150.0,7.693491306354824,0.0,1,1,0,0,1,1,13345,0,0,0,0,0
2020-06-04,US,Alaska,Matanuska-Susitna,35,1,0,62.31305045,-149.5741743,2170.0,32.312564048118034,2.8571428571428568,34,34,1,0,33,29,107610,1,0,0,1,5
2020-06-04,US,Alaska,Nome,3,0,0,64.90320724,-164.0353804,2180.0,29.98800479808077,0.0,3,3,0,0,3,3,10008,0,0,0,0,0
2020-06-04,US,Alaska,North Slope,1,0,0,69.31479216,-153.4836093,2185.0,10.17087062652563,0.0,1,1,0,0,1,1,9872,0,0,0,0,0
2020-06-04,US,Alaska,Northwest Arctic,2,0,0,67.04919196,-159.7503946,2188.0,26.243275160740065,0.0,2,2,0,0,2,2,7671,0,0,0,0,0
2020-06-04,US,Alaska,Petersburg,4,1,0,57.13978948,-132.9540995,2195.0,122.47397428046541,25.0,3,4,1,0,3,4,3221,0,0,0,0,0
2020-06-04,US,Alaska,Prince of Wales-Hyder,2,0,0,55.76261984,-133.0511621,2198.0,32.24246332419797,0.0,2,2,0,0,2,2,6422,0,0,0,0,0
2020-06-04,US,Alaska,Sitka,2,0,0,57.24124555,-135.3206587,2220.0,23.54880489815142,0.0,2,2,0,0,2,2,8647,0,0,0,0,0
2020-06-04,US,Alaska,Southeast Fairbanks,3,0,0,63.87692095,-143.2127643,2240.0,43.52241404323227,0.0,3,3,0,0,3,3,6918,0,0,0,0,0
2020-06-04,US,Alaska,Yukon-Koyukuk,1,0,0,65.50815459,-151.39073869999999,2290.0,19.120458891013385,0.0,1,1,0,0,1,1,5327,0,0,0,0,0
2020-06-04,US,Arizona,Apache,1637,45,0,35.39465006,-109.4892383,4001.0,2277.1850264999234,2.748930971288943,1592,1586,45,0,1541,1569,71818,51,0,0,51,17
2020-06-04,US,Arizona,Cochise,105,5,0,31.87934684,-109.7516088,4003.0,83.38495258969839,4.761904761904762,100,94,5,0,89,89,126770,11,0,0,11,5
2020-06-04,US,Arizona,Coconino,1221,85,0,35.83883429,-111.77071780000001,4005.0,851.0134099082775,6.96150696150696,1136,1186,85,0,1101,1173,142854,35,0,0,35,13
2020-06-04,US,Arizona,Gila,39,1,0,33.80190085,-110.8132779,4007.0,72.1981561701655,2.5641025641025643,38,37,1,0,36,35,53889,2,0,0,2,2
2020-06-04,US,Arizona,Graham,38,1,0,32.93166885,-109.8882178,4009.0,97.84483868475937,2.631578947368421,37,41,1,0,40,37,38072,-3,0,0,-3,4
2020-06-04,US,Arizona,Greenlee,8,0,0,33.21498827,-109.2405279,4011.0,84.22825858075385,0.0,8,8,0,0,8,8,9483,0,0,0,0,0
2020-06-04,US,Arizona,La Paz,110,1,0,33.72854224,-113.98100290000001,4012.0,521.1294296001516,0.9090909090909092,109,91,1,0,90,92,21098,19,0,0,19,-1
2020-06-04,US,Arizona,Maricopa,11229,471,0,33.34835867,-112.49181540000001,4013.0,250.3447842272753,4.194496393267433,10758,11068,466,0,10602,10536,4410824,161,5,0,156,532
2020-06-04,US,Arizona,Mohave,428,49,0,35.70471703,-113.7577902,4015.0,201.7145738779627,11.448598130841123,379,422,47,0,375,409,209550,6,2,0,4,13
2020-06-04,US,Arizona,Navajo,2042,67,0,35.3997715,-110.3218983,4017.0,1840.900075727525,3.2810969637610183,1975,1994,67,0,1927,1957,110445,48,0,0,48,37
2020-06-04,US,Arizona,Pima,2669,202,0,32.0971334,-111.7890033,4019.0,254.85090410482783,7.568377669539152,2467,2627,196,0,2431,2496,1039073,42,6,0,36,131
2020-06-04,US,Arizona,Pinal,948,40,0,32.90525627,-111.3449483,4021.0,204.8449725468842,4.219409282700422,908,940,39,0,901,909,447138,8,1,0,7,31
2020-06-04,US,Arizona,Santa Cruz,462,0,0,31.52508998,-110.8479088,4023.0,993.5911221988043,0.0,462,438,0,0,438,365,46511,24,0,0,24,73
2020-06-04,US,Arizona,Unassigned,0,3,0,0.0,0.0,90004.0,0.0,0.0,-3,0,3,0,-3,0,,0,0,0,0,0
2020-06-04,US,Arizona,Yavapai,307,6,0,34.59933926,-112.5538588,4025.0,130.58328619007312,1.954397394136808,301,304,6,0,298,300,231993,3,0,0,3,4
2020-06-04,US,Arizona,Yuma,1643,23,0,32.76895712,-113.90666740000002,4027.0,768.5219400618373,1.399878271454656,1620,1520,21,0,1499,1289,212128,123,2,0,121,231
2020-06-04,US,Arkansas,Arkansas,7,0,0,34.29145151,-91.37277296,5001.0,40.0320256204964,0.0,7,7,0,0,7,7,17769,0,0,0,0,0
2020-06-04,US,Arkansas,Ashley,26,0,0,33.19153461,-91.76984709999999,5003.0,132.26840311339473,0.0,26,20,0,0,20,20,20046,6,0,0,6,0
2020-06-04,US,Arkansas,Baxter,12,0,0,36.28784385,-92.33782872,5005.0,28.617762091004487,0.0,12,12,0,0,12,12,41619,0,0,0,0,0
2020-06-04,US,Arkansas,Benton,804,3,0,36.33644656,-94.25680817,5007.0,288.0264812406633,0.373134328358209,801,700,3,0,697,676,272608,104,0,0,104,24
2020-06-04,US,Arkansas,Boone,7,0,0,36.3084504,-93.09374925,5009.0,18.700577046377436,0.0,7,7,0,0,7,6,37480,0,0,0,0,1
2020-06-04,US,Arkansas,Bradley,23,1,0,33.46755808,-92.15980837,5011.0,213.69506643129242,4.3478260869565215,22,23,1,0,22,22,10897,0,0,0,0,1
2020-06-04,US,Arkansas,Carroll,30,1,0,36.34038560000001,-93.54270261,5015.0,105.70824524312894,3.333333333333333,29,29,1,0,28,29,28223,1,0,0,1,0
2020-06-04,US,Arkansas,Chicot,16,0,0,33.26458973,-91.29539209,5017.0,158.13401858074718,0.0,16,16,0,0,16,16,10438,0,0,0,0,0
2020-06-04,US,Arkansas,Clark,40,0,0,34.04613432,-93.17484713,5019.0,179.21146953405014,0.0,40,41,0,0,41,39,22061,-1,0,0,-1,2
2020-06-04,US,Arkansas,Clay,5,0,0,36.36826212,-90.4148172,5021.0,34.36189952580579,0.0,5,5,0,0,5,5,14847,0,0,0,0,0
2020-06-04,US,Arkansas,Cleburne,76,4,0,35.53864922,-92.02640019,5023.0,304.9881616437257,5.2631578947368425,72,76,4,0,72,74,24965,0,0,0,0,2
2020-06-04,US,Arkansas,Cleveland,19,0,0,33.89723187,-92.18537045,5025.0,238.81347410759173,0.0,19,19,0,0,19,19,8018,0,0,0,0,0
2020-06-04,US,Arkansas,Columbia,23,2,0,33.21230701,-93.22642793,5027.0,98.05175427377756,8.695652173913043,21,22,2,0,20,22,23537,1,0,0,1,0
2020-06-04,US,Arkansas,Conway,15,1,0,35.26205537,-92.70506566,5029.0,71.95625059963542,6.666666666666668,14,14,1,0,13,14,20891,1,0,0,1,0
2020-06-04,US,Arkansas,Craighead,266,0,0,35.83018283,-90.63235729,5031.0,241.09052677373745,0.0,266,257,0,0,257,249,108558,9,0,0,9,8
2020-06-04,US,Arkansas,Crawford,35,0,0,35.58928601,-94.2446814,5033.0,55.32984491834896,0.0,35,34,0,0,34,31,63406,1,0,0,1,3
2020-06-04,US,Arkansas,Crittenden,426,9,0,35.21247318,-90.30839406,5035.0,888.3328120112607,2.112676056338028,417,413,9,0,404,395,48342,13,0,0,13,18
2020-06-04,US,Arkansas,Cross,60,0,0,35.29631396,-90.77185818,5037.0,365.4302941713868,0.0,60,56,0,0,56,56,16676,4,0,0,4,0
2020-06-04,US,Arkansas,Dallas,3,0,0,33.97042763,-92.65167437,5039.0,42.802111570837496,0.0,3,3,0,0,3,3,7182,0,0,0,0,0
2020-06-04,US,Arkansas,Desha,19,0,0,33.83011025,-91.25500948,5041.0,167.23879940146114,0.0,19,19,0,0,19,19,11512,0,0,0,0,0
2020-06-04,US,Arkansas,Drew,20,1,0,33.59035001,-91.71777921,5043.0,109.77550908392338,5.0,19,20,1,0,19,20,18328,0,0,0,0,0
2020-06-04,US,Arkansas,Faulkner,108,3,0,35.14719007,-92.33717519,5045.0,85.70952407405937,2.7777777777777777,105,106,3,0,103,103,124806,2,0,0,2,3
2020-06-04,US,Arkansas,Franklin,4,0,0,35.51202821,-93.89299569,5047.0,22.579734688117412,0.0,4,4,0,0,4,4,17810,0,0,0,0,0
2020-06-04,US,Arkansas,Fulton,7,0,0,36.38177105,-91.81729127,5049.0,56.10322994309529,0.0,7,7,0,0,7,7,12269,0,0,0,0,0
2020-06-04,US,Arkansas,Garland,138,1,0,34.57692074,-93.14921604,5051.0,138.85255468577066,0.7246376811594203,137,138,1,0,137,136,99154,0,0,0,0,2
2020-06-04,US,Arkansas,Grant,18,0,0,34.29017991,-92.42320562,5053.0,98.54913769504519,0.0,18,18,0,0,18,18,18188,0,0,0,0,0
2020-06-04,US,Arkansas,Greene,66,0,0,36.11735460000001,-90.55832668,5055.0,145.61500275785988,0.0,66,66,0,0,66,65,45325,0,0,0,0,1
2020-06-04,US,Arkansas,Hempstead,21,1,0,33.73325583,-93.66935133,5057.0,97.52925877763329,4.761904761904762,20,20,1,0,19,21,21741,1,0,0,1,-1
2020-06-04,US,Arkansas,Hot Spring,34,0,0,34.31709259,-92.95396325,5059.0,100.67809659175032,0.0,34,33,0,0,33,32,33701,1,0,0,1,1
2020-06-04,US,Arkansas,Howard,26,0,0,34.09007427,-93.9934871,5061.0,196.9398575973337,0.0,26,26,0,0,26,25,13341,0,0,0,0,1
2020-06-04,US,Arkansas,Independence,33,0,0,35.74242707,-91.57001641,5063.0,87.24388631857236,0.0,33,33,0,0,33,34,37678,0,0,0,0,-1
2020-06-04,US,Arkansas,Izard,17,1,0,36.09604046,-91.90847954,5065.0,124.73402303910778,5.882352941176472,16,17,1,0,16,17,13593,0,0,0,0,0
2020-06-04,US,Arkansas,Jackson,5,0,0,35.59802983,-91.21494602,5067.0,29.906094862132907,0.0,5,4,0,0,4,4,16811,1,0,0,1,0
2020-06-04,US,Arkansas,Jefferson,536,25,0,34.26767081,-91.92619839,5069.0,802.1070274152999,4.664179104477612,511,532,25,0,507,529,68114,4,0,0,4,3
2020-06-04,US,Arkansas,Johnson,54,0,0,35.56759135,-93.46036368,5071.0,203.17555873278653,0.0,54,48,0,0,48,49,26742,6,0,0,6,-1
2020-06-04,US,Arkansas,Lafayette,9,1,0,33.24116713,-93.60677071,5073.0,135.8695652173913,11.111111111111109,8,9,1,0,8,9,6682,0,0,0,0,0
2020-06-04,US,Arkansas,Lawrence,87,9,0,36.04188196,-91.10867198,5075.0,530.2937949530659,10.344827586206897,78,85,6,0,79,85,16434,2,3,0,-1,0
2020-06-04,US,Arkansas,Lee,27,1,0,34.78498904,-90.78383866,5077.0,304.843626510105,3.703703703703704,26,24,1,0,23,23,8985,3,0,0,3,1
2020-06-04,US,Arkansas,Lincoln,985,10,0,33.95317155,-91.74002806,5079.0,7562.960687960688,1.0152284263959392,975,984,10,0,974,983,13383,1,0,0,1,1
2020-06-04,US,Arkansas,Little River,10,0,0,33.70375665,-94.23468591,5081.0,81.57272208173586,0.0,10,9,0,0,9,8,12326,1,0,0,1,1
2020-06-04,US,Arkansas,Logan,11,0,0,35.21413234,-93.71951016,5083.0,51.243827448057395,0.0,11,10,0,0,10,8,21737,1,0,0,1,2
2020-06-04,US,Arkansas,Lonoke,56,0,0,34.75392199,-91.88742357,5085.0,76.38898361729119,0.0,56,55,0,0,55,54,73657,1,0,0,1,1
2020-06-04,US,Arkansas,Madison,34,0,0,36.01038185,-93.72524943,5087.0,205.11583011583008,0.0,34,30,0,0,30,29,16481,4,0,0,4,1
2020-06-04,US,Arkansas,Marion,2,0,0,36.26844485,-92.68451899,5089.0,11.980352222355338,0.0,2,2,0,0,2,2,16722,0,0,0,0,0
2020-06-04,US,Arkansas,Miller,50,1,0,33.31403423,-93.89285258,5091.0,115.58822849481008,2.0,49,49,1,0,48,47,43592,1,0,0,1,2
2020-06-04,US,Arkansas,Mississippi,79,2,0,35.76271485,-90.05194370000002,5093.0,194.33716267742489,2.5316455696202533,77,78,2,0,76,78,41239,1,0,0,1,0
2020-06-04,US,Arkansas,Monroe,6,0,0,34.6815935,-91.20540287,5095.0,89.53887479480673,0.0,6,6,0,0,6,5,6900,0,0,0,0,1
2020-06-04,US,Arkansas,Montgomery,2,0,0,34.53704874,-93.65824478,5097.0,22.2568439795237,0.0,2,2,0,0,2,2,8924,0,0,0,0,0
2020-06-04,US,Arkansas,Nevada,9,0,0,33.66340119,-93.30632432,5099.0,109.06446921958313,0.0,9,7,0,0,7,7,8326,2,0,0,2,0
2020-06-04,US,Arkansas,Newton,3,0,0,35.91947491,-93.21612969,5101.0,38.6946988262608,0.0,3,3,0,0,3,3,7805,0,0,0,0,0
2020-06-04,US,Arkansas,Ouachita,11,0,0,33.58839816,-92.87795984,5103.0,47.04473526644427,0.0,11,10,0,0,10,10,23606,1,0,0,1,0
2020-06-04,US,Arkansas,Perry,14,0,0,34.945915299999996,-92.94372564,5105.0,133.90722142515543,0.0,14,14,0,0,14,14,10352,0,0,0,0,0
2020-06-04,US,Arkansas,Phillips,25,1,0,34.43268455,-90.84800154,5107.0,140.59160949274548,4.0,24,24,1,0,23,24,18029,1,0,0,1,0
2020-06-04,US,Arkansas,Pike,5,0,0,34.16250414,-93.65789349,5109.0,46.65049449524165,0.0,5,5,0,0,5,5,10673,0,0,0,0,0
2020-06-04,US,Arkansas,Poinsett,40,2,0,35.57433534,-90.66268713,5111.0,170.01020061203673,5.0,38,38,2,0,36,37,23974,2,0,0,2,1
2020-06-04,US,Arkansas,Polk,28,0,0,34.48254879,-94.22728802,5113.0,140.25245441795232,0.0,28,28,1,0,27,26,20049,0,-1,0,1,2
2020-06-04,US,Arkansas,Pope,178,2,0,35.44871474,-93.03212219,5115.0,277.81246098139593,1.1235955056179776,176,171,1,0,170,166,64000,7,1,0,6,5
2020-06-04,US,Arkansas,Prairie,3,0,0,34.83624419,-91.55162157,5117.0,37.21161002232697,0.0,3,3,0,0,3,3,8074,0,0,0,0,0
2020-06-04,US,Arkansas,Pulaski,1039,37,0,34.77054088,-92.31355101,5119.0,265.1112114740337,3.5611164581328194,1002,1003,35,0,968,969,392680,36,2,0,34,34
2020-06-04,US,Arkansas,Randolph,26,0,0,36.3415714,-91.02455531,5121.0,144.78226974050563,0.0,26,26,0,0,26,26,17948,0,0,0,0,0
2020-06-04,US,Arkansas,Saline,120,1,0,34.64916145,-92.67583224,5125.0,98.00958860475184,0.8333333333333334,119,121,1,0,120,116,121421,-1,0,0,-1,5
2020-06-04,US,Arkansas,Scott,1,0,0,34.85588887,-94.0632176,5127.0,9.726680284019064,0.0,1,1,0,0,1,1,10319,0,0,0,0,0
2020-06-04,US,Arkansas,Searcy,7,0,0,35.9109364,-92.69936482,5129.0,88.82121558177894,0.0,7,7,0,0,7,7,7958,0,0,0,0,0
2020-06-04,US,Arkansas,Sebastian,62,1,0,35.19605503,-94.27162713,5131.0,48.503054910151995,1.6129032258064515,61,53,1,0,52,47,127753,9,0,0,9,6
2020-06-04,US,Arkansas,Sevier,297,2,0,33.99780401,-94.2424869,5133.0,1746.3397424589875,0.6734006734006734,295,283,2,0,281,258,17139,14,0,0,14,25
2020-06-04,US,Arkansas,Sharp,47,3,0,36.16258158,-91.47819342,5135.0,269.46451095057904,6.382978723404255,44,47,2,0,45,46,17366,0,1,0,-1,1
2020-06-04,US,Arkansas,St. Francis,691,1,0,35.02201976,-90.74828138,5123.0,2764.6635192446192,0.1447178002894356,690,687,1,0,686,682,25439,4,0,0,4,5
2020-06-04,US,Arkansas,Stone,10,0,0,35.86251946,-92.15684085,5137.0,79.96161842315688,0.0,10,9,0,0,9,9,12457,1,0,0,1,0
2020-06-04,US,Arkansas,Unassigned,232,0,0,0.0,0.0,90005.0,0.0,0.0,232,249,0,0,249,203,,-17,0,0,-17,46
2020-06-04,US,Arkansas,Union,179,11,0,33.16887091,-92.59746952,5139.0,462.74753115143994,6.145251396648044,168,177,10,0,167,173,39126,2,1,0,1,4
2020-06-04,US,Arkansas,Van Buren,29,2,0,35.58095779,-92.51295036,5141.0,175.27954064672107,6.896551724137932,27,29,2,0,27,29,16603,0,0,0,0,0
2020-06-04,US,Arkansas,Washington,771,8,0,35.976844,-94.21800746,5143.0,322.3419332990505,1.0376134889753568,763,652,7,0,645,620,236961,119,1,0,118,32
2020-06-04,US,Arkansas,White,48,1,0,35.25688493,-91.74908296,5145.0,60.9500590453697,2.083333333333333,47,48,1,0,47,46,78727,0,0,0,0,2
2020-06-04,US,Arkansas,Woodruff,1,0,0,35.18902527,-91.2439489,5147.0,15.822784810126587,0.0,1,1,0,0,1,1,6490,0,0,0,0,0
2020-06-04,US,Arkansas,Yell,192,2,0,35.00292371,-93.41171338,5149.0,899.6766786935946,1.0416666666666667,190,183,1,0,182,179,21535,9,1,0,8,4
2020-06-04,US,California,Alameda,3641,97,0,37.64629437,-121.8929271,6001.0,217.8505847741528,2.664103268332876,3544,3548,97,0,3451,3515,1666753,93,0,0,93,33
2020-06-04,US,California,Alpine,2,0,0,38.59678594,-119.82235940000001,6003.0,177.14791851195747,0.0,2,2,0,0,2,2,1101,0,0,0,0,0
2020-06-04,US,California,Amador,10,0,0,38.44583082,-120.65696000000001,6005.0,25.155966995371298,0.0,10,10,0,0,10,10,39383,0,0,0,0,0
2020-06-04,US,California,Butte,60,1,0,39.66727762,-121.6005252,6007.0,27.37401111384851,1.6666666666666667,59,55,1,0,54,51,231256,5,0,0,5,4
2020-06-04,US,California,Calaveras,16,0,0,38.20537103,-120.55291299999999,6009.0,34.854591003158696,0.0,16,15,0,0,15,15,45602,1,0,0,1,0
2020-06-04,US,California,Colusa,7,0,0,39.17881957,-122.2331726,6011.0,32.48712117696199,0.0,7,7,0,0,7,7,21627,0,0,0,0,0
2020-06-04,US,California,Contra Costa,1547,38,0,37.91923498,-121.9289527,6013.0,134.11054453909142,2.456367162249516,1509,1513,38,0,1475,1506,1150215,34,0,0,34,7
2020-06-04,US,California,Del Norte,47,0,0,41.74228275,-123.89740630000001,6015.0,168.99180209981301,0.0,47,47,0,0,47,46,27828,0,0,0,0,1
2020-06-04,US,California,El Dorado,98,0,0,38.77965956,-120.5233166,6017.0,50.818541507858725,0.0,98,96,0,0,96,96,190678,2,0,0,2,0
2020-06-04,US,California,Fresno,1944,37,0,36.75733899,-119.6466953,6019.0,194.57492285564723,1.9032921810699588,1907,1914,37,0,1877,1882,994400,30,0,0,30,32
2020-06-04,US,California,Glenn,17,0,0,39.59875897,-122.3938452,6021.0,59.87391258408763,0.0,17,17,0,0,17,17,28047,0,0,0,0,0
2020-06-04,US,California,Humboldt,104,4,0,40.69923009,-123.876044,6023.0,76.71992800129834,3.8461538461538463,100,103,4,0,99,102,136373,1,0,0,1,1
2020-06-04,US,California,Imperial,2493,30,0,33.0393082,-115.36690420000001,6025.0,1375.7139309659797,1.203369434416366,2463,2025,29,0,1996,1798,181827,468,1,0,467,227
2020-06-04,US,California,Inyo,20,1,0,36.51112084,-117.41119779999998,6027.0,110.87089084760795,5.0,19,20,1,0,19,20,17987,0,0,0,0,0
2020-06-04,US,California,Kern,2462,45,0,35.34329425,-118.72777959999999,6029.0,273.4941713082175,1.827782290820471,2417,2418,40,0,2378,2376,896764,44,5,0,39,42
2020-06-04,US,California,Kings,1187,6,0,36.07409056,-119.8159973,6031.0,776.1213547796523,0.5054759898904801,1181,1168,6,0,1162,1137,151366,19,0,0,19,31
2020-06-04,US,California,Lake,30,0,0,39.10124298,-122.75362439999999,6033.0,46.59398005777653,0.0,30,30,0,0,30,26,64382,0,0,0,0,4
2020-06-04,US,California,Lassen,5,0,0,40.67311306,-120.59350990000002,6035.0,16.35429954535047,0.0,5,5,0,0,5,5,30802,0,0,0,0,0
2020-06-04,US,California,Los Angeles,59692,2532,0,34.30828379,-118.22824109999999,6037.0,594.5947184346178,4.2417744421363,57160,58261,2489,0,55772,57219,10105518,1431,43,0,1388,1042
2020-06-04,US,California,Madera,129,3,0,37.21513971,-119.76655890000002,6039.0,81.99482606291355,2.3255813953488373,126,117,3,0,114,114,157672,12,0,0,12,3
2020-06-04,US,California,Marin,525,17,0,38.07122463,-122.72106310000001,6041.0,202.83897290071323,3.238095238095238,508,506,17,0,489,501,259666,19,0,0,19,5
2020-06-04,US,California,Mariposa,16,1,0,37.57978556,-119.9073334,6043.0,93.0070336569203,6.25,15,16,1,0,15,16,17471,0,0,0,0,0
2020-06-04,US,California,Mendocino,33,0,0,39.4381191,-123.39113130000001,6045.0,38.04078433180785,0.0,33,30,0,0,30,30,87606,3,0,0,3,0
2020-06-04,US,California,Merced,310,7,0,37.18922369,-120.72090349999999,6047.0,111.63929703255545,2.2580645161290325,303,310,7,0,303,301,274765,0,0,0,0,9
2020-06-04,US,California,Mono,37,1,0,37.93899289,-118.8872409,6051.0,256.1617280531709,2.702702702702702,36,37,1,0,36,37,14250,0,0,0,0,0
2020-06-04,US,California,Monterey,621,10,0,36.21862405,-121.24133970000001,6053.0,143.06744904518033,1.6103059581320451,611,586,10,0,576,571,435594,35,0,0,35,15
2020-06-04,US,California,Napa,126,3,0,38.50735751,-122.33283899999999,6055.0,91.4740387966082,2.380952380952381,123,124,3,0,121,113,139417,2,0,0,2,11
2020-06-04,US,California,Nevada,49,1,0,39.30394768,-120.76272809999999,6057.0,49.120344844869926,2.0408163265306123,48,48,1,0,47,42,99696,1,0,0,1,6
2020-06-04,US,California,Orange,6783,165,0,33.70147516,-117.76459979999998,6059.0,213.59124247565566,2.4325519681556838,6618,6678,158,0,6520,6574,3185968,105,7,0,98,104
2020-06-04,US,California,Placer,259,9,0,39.06167234,-120.72405690000001,6061.0,65.02162785034481,3.474903474903475,250,240,9,0,231,228,393149,19,0,0,19,12
2020-06-04,US,California,Plumas,4,0,0,40.00355989,-120.8395236,6063.0,21.268676556601264,0.0,4,4,0,0,4,4,18804,0,0,0,0,0
2020-06-04,US,California,Riverside,8303,345,0,33.74314981,-115.9933578,6065.0,336.0795548838192,4.1551246537396125,7958,8155,342,0,7813,8155,2450758,148,3,0,145,0
2020-06-04,US,California,Sacramento,1490,58,0,38.45106826,-121.34253740000001,6067.0,96.0015669517505,3.8926174496644297,1432,1463,58,0,1405,1439,1540975,27,0,0,27,24
2020-06-04,US,California,San Benito,96,2,0,36.60308176,-121.069975,6069.0,152.84677111196027,2.083333333333333,94,90,2,0,88,88,61537,6,0,0,6,2
2020-06-04,US,California,San Bernardino,5650,209,0,34.84060306,-116.1774685,6071.0,259.1642069001897,3.699115044247788,5441,5650,209,0,5441,5501,2171603,0,0,0,0,149
2020-06-04,US,California,San Diego,7798,283,0,33.03484597,-116.73653259999999,6073.0,233.58984881662388,3.629135675814312,7515,7674,276,0,7398,7554,3343364,124,7,0,117,120
2020-06-04,US,California,San Francisco,2644,43,0,37.75215114,-122.43856720000001,6075.0,299.92660646203444,1.6263237518910738,2601,2613,43,0,2570,2587,883305,31,0,0,31,26
2020-06-04,US,California,San Joaquin,1024,36,0,37.93433732,-121.2730061,6077.0,134.35710649375187,3.515625,988,1080,35,0,1045,982,752660,-56,1,0,-57,98
2020-06-04,US,California,San Luis Obispo,288,1,0,35.38822029,-120.4039028,6079.0,101.72688450819643,0.3472222222222222,287,279,1,0,278,278,284010,9,0,0,9,1
2020-06-04,US,California,San Mateo,2244,84,0,37.422880799999994,-122.32755459999998,6081.0,292.7314163165152,3.7433155080213902,2160,2212,84,0,2128,2188,769545,32,0,0,32,24
2020-06-04,US,California,Santa Barbara,1714,14,0,34.65329488,-120.0188492,6083.0,383.8754398106155,0.8168028004667445,1700,1697,14,0,1683,1669,446527,17,0,0,17,28
2020-06-04,US,California,Santa Clara,2850,144,0,37.23104908,-121.6970462,6085.0,147.83292493407168,5.052631578947368,2706,2832,144,0,2688,2819,1937570,18,0,0,18,13
2020-06-04,US,California,Santa Cruz,219,2,0,37.05580291,-122.0066524,6087.0,80.15723995563901,0.9132420091324199,217,219,2,0,217,217,274255,0,0,0,0,2
2020-06-04,US,California,Shasta,40,4,0,40.76391419,-122.0396884,6089.0,22.21235006663705,10.0,36,40,4,0,36,39,180040,0,0,0,0,1
2020-06-04,US,California,Sierra,1,0,0,39.57713498,-120.52007009999998,6091.0,33.277870216306155,0.0,1,1,0,0,1,1,2987,0,0,0,0,0
2020-06-04,US,California,Siskiyou,9,0,0,41.59198861,-122.54074340000001,6093.0,20.6711224419486,0.0,9,9,0,0,9,8,43724,0,0,0,0,1
2020-06-04,US,California,Solano,559,22,0,38.26827353,-121.9357113,6095.0,124.87629651306955,3.9355992844364938,537,547,22,0,525,546,446610,12,0,0,12,1
2020-06-04,US,California,Sonoma,593,4,0,38.52746429,-122.88625060000001,6097.0,119.95889435525636,0.6745362563237775,589,579,4,0,575,566,499942,14,0,0,14,13
2020-06-04,US,California,Stanislaus,792,30,0,37.55862499,-120.9970722,6099.0,143.82740711146624,3.787878787878788,762,767,30,0,737,750,549815,25,0,0,25,17
2020-06-04,US,California,Sutter,48,2,0,39.03417539,-121.6945899,6101.0,49.49933485268792,4.166666666666667,46,46,2,0,44,46,96807,2,0,0,2,0
2020-06-04,US,California,Tehama,6,1,0,40.12570935,-122.23701709999999,6103.0,9.218855632720793,16.666666666666668,5,6,1,0,5,5,63916,0,0,0,0,1
2020-06-04,US,California,Trinity,1,0,0,40.64917670000001,-123.114713,6105.0,8.14000814000814,0.0,1,1,0,0,1,1,12535,0,0,0,0,0
2020-06-04,US,California,Tulare,2083,92,0,36.22026558,-118.8020203,6107.0,446.80873883246284,4.416706673067691,1991,2026,90,0,1936,2004,465861,57,2,0,55,22
2020-06-04,US,California,Tuolumne,5,0,0,38.02644018,-119.95250929999999,6109.0,9.178016814126805,0.0,5,4,0,0,4,4,54539,1,0,0,1,0
2020-06-04,US,California,Ventura,1190,35,0,34.44465746,-119.09106129999999,6111.0,140.66094093895316,2.9411764705882355,1155,1164,34,0,1130,1164,850967,26,1,0,25,0
2020-06-04,US,California,Yolo,216,24,0,38.68278902,-121.90182879999999,6113.0,97.95918367346937,11.111111111111109,192,213,24,0,189,213,220408,3,0,0,3,0
2020-06-04,US,California,Yuba,31,1,0,39.26255932,-121.35356440000001,6115.0,39.406111760817616,3.2258064516129035,30,31,1,0,30,30,78041,0,0,0,0,1
2020-06-04,US,Colorado,Adams,3458,130,0,39.87432092,-104.3362578,8001.0,668.3145832890433,3.7593984962406015,3328,3379,127,0,3252,3338,511868,79,3,0,76,41
2020-06-04,US,Colorado,Alamosa,84,2,0,37.57250606,-105.7885451,8003.0,517.4644243208279,2.380952380952381,82,84,2,0,82,82,16683,0,0,0,0,2
2020-06-04,US,Colorado,Arapahoe,4553,325,0,39.64977461,-104.3353617,8005.0,693.4312127811877,7.1381506698879855,4228,4496,320,0,4176,4453,651215,57,5,0,52,43
2020-06-04,US,Colorado,Archuleta,8,0,0,37.19474156,-107.0476867,8007.0,57.02473447858009,0.0,8,8,0,0,8,8,13765,0,0,0,0,0
2020-06-04,US,Colorado,Baca,12,0,0,37.31940883,-102.5603223,8009.0,335.1019268360793,0.0,12,12,0,0,12,12,3585,0,0,0,0,0
2020-06-04,US,Colorado,Bent,2,0,0,37.95474293,-103.0720195,8011.0,35.861574323112784,0.0,2,2,0,0,2,2,5882,0,0,0,0,0
2020-06-04,US,Colorado,Boulder,1004,67,0,40.09313619,-105.3546767,8013.0,307.7904082208243,6.673306772908367,937,995,67,0,928,986,326078,9,0,0,9,9
2020-06-04,US,Colorado,Broomfield,251,27,0,39.95998787,-105.0566324,8014.0,356.20520825941963,10.756972111553784,224,245,27,0,218,244,69267,6,0,0,6,1
2020-06-04,US,Colorado,Chaffee,76,20,0,38.74745778,-106.19265729999998,8015.0,373.3542935743761,26.315789473684212,56,76,20,0,56,77,20027,0,0,0,0,-1
2020-06-04,US,Colorado,Cheyenne,5,0,0,38.82777431,-102.6032558,8017.0,273.07482250136536,0.0,5,5,0,0,5,5,1876,0,0,0,0,0
2020-06-04,US,Colorado,Clear Creek,17,1,0,39.68864463,-105.6463118,8019.0,175.2577319587629,5.882352941176472,16,17,1,0,16,17,9605,0,0,0,0,0
2020-06-04,US,Colorado,Conejos,3,0,0,37.201606,-106.19174879999998,8021.0,36.56307129798903,0.0,3,2,0,0,2,2,8200,1,0,0,1,0
2020-06-04,US,Colorado,Costilla,6,0,0,37.27732493,-105.4276548,8023.0,154.36068947774638,0.0,6,6,0,0,6,6,3828,0,0,0,0,0
2020-06-04,US,Colorado,Crowley,64,1,0,38.32608609,-103.7844965,8025.0,1055.93136446131,1.5625,63,64,1,0,63,64,5858,0,0,0,0,0
2020-06-04,US,Colorado,Custer,2,0,0,38.10883162,-105.3683478,8027.0,39.463299131807425,0.0,2,2,0,0,2,2,4954,0,0,0,0,0
2020-06-04,US,Colorado,Delta,72,1,0,38.86246243,-107.8631342,8029.0,231.0506385982928,1.3888888888888888,71,72,1,0,71,71,30953,0,0,0,0,1
2020-06-04,US,Colorado,Denver,5977,336,0,39.76018276,-104.8725695,8031.0,821.9072593786397,5.621549272210139,5641,5917,334,0,5583,5854,716492,60,2,0,58,63
2020-06-04,US,Colorado,Douglas,746,47,0,39.33133796,-104.930001,8035.0,212.44240418733662,6.3002680965147455,699,733,46,0,687,726,342776,13,1,0,12,7
2020-06-04,US,Colorado,Eagle,599,8,0,39.62754308,-106.6933637,8037.0,1086.5818927204455,1.335559265442404,591,599,8,0,591,590,54993,0,0,0,0,9
2020-06-04,US,Colorado,El Paso,1788,96,0,38.83240149,-104.5251411,8041.0,248.1944134047193,5.369127516778524,1692,1778,96,0,1682,1761,713856,10,0,0,10,17
2020-06-04,US,Colorado,Elbert,53,2,0,39.28656773,-104.1358721,8039.0,198.2865052938756,3.7735849056603774,51,53,2,0,51,53,26282,0,0,0,0,0
2020-06-04,US,Colorado,Fremont,26,0,0,38.47362326,-105.4399667,8043.0,54.34896214385753,0.0,26,26,0,0,26,27,48021,0,0,0,0,-1
2020-06-04,US,Colorado,Garfield,157,2,0,39.59921777,-107.902708,8045.0,261.40090907577303,1.2738853503184713,155,150,2,0,148,148,59770,7,0,0,7,2
2020-06-04,US,Colorado,Gilpin,4,0,0,39.85646523,-105.5252597,8047.0,64.07176037161621,0.0,4,4,0,0,4,3,6121,0,0,0,0,1
2020-06-04,US,Colorado,Grand,15,0,0,40.10603347,-106.1178042,8049.0,95.33494343460023,0.0,15,15,0,0,15,15,15525,0,0,0,0,0
2020-06-04,US,Colorado,Gunnison,178,6,0,38.66611652,-107.0320729,8051.0,1019.3563165731302,3.3707865168539324,172,178,6,0,172,178,17246,0,0,0,0,0
2020-06-04,US,Colorado,Hinsdale,3,0,0,37.82247444,-107.3004345,8053.0,365.8536585365854,0.0,3,3,0,0,3,3,811,0,0,0,0,0
2020-06-04,US,Colorado,Huerfano,3,0,0,37.68473101,-104.9612585,8055.0,43.497172683775545,0.0,3,3,0,0,3,3,6889,0,0,0,0,0
2020-06-04,US,Colorado,Jefferson,2310,177,0,39.58635604,-105.2517692,8059.0,396.3073080096967,7.662337662337662,2133,2294,172,0,2122,2266,580233,16,5,0,11,28
2020-06-04,US,Colorado,Kit Carson,30,3,0,39.30497777,-102.6022199,8063.0,422.7138227420037,10.0,27,26,3,0,23,26,7163,4,0,0,4,0
2020-06-04,US,Colorado,La Plata,82,1,0,37.28632032,-107.8429014,8067.0,145.85297308834777,1.2195121951219512,81,82,1,0,81,82,56310,0,0,0,0,0
2020-06-04,US,Colorado,Lake,34,0,0,39.20278823,-106.3555697,8065.0,418.3585578934416,0.0,34,32,0,0,32,31,7824,2,0,0,2,1
2020-06-04,US,Colorado,Larimer,610,28,0,40.66671597,-105.4625784,8069.0,170.91670192407375,4.590163934426228,582,606,28,0,578,589,350518,4,0,0,4,17
2020-06-04,US,Colorado,Las Animas,5,0,0,37.3153406,-104.0376458,8071.0,34.46849579484351,0.0,5,5,0,0,5,5,14503,0,0,0,0,0
2020-06-04,US,Colorado,Lincoln,3,0,0,38.98749519,-103.5136649,8073.0,52.62234695667427,0.0,3,3,0,0,3,3,5610,0,0,0,0,0
2020-06-04,US,Colorado,Logan,624,4,0,40.7249637,-103.110817,8075.0,2784.595475032353,0.6410256410256411,620,621,4,0,617,620,21528,3,0,0,3,1
2020-06-04,US,Colorado,Mesa,59,0,0,39.01787888,-108.469799,8077.0,38.259516244082754,0.0,59,56,0,0,56,55,153207,3,0,0,3,1
2020-06-04,US,Colorado,Mineral,2,0,0,37.66954283,-106.9281698,8079.0,260.0780234070221,0.0,2,2,0,0,2,2,776,0,0,0,0,0
2020-06-04,US,Colorado,Moffat,8,0,0,40.61810999,-108.2070876,8081.0,60.22735827749755,0.0,8,8,0,0,8,8,13188,0,0,0,0,0
2020-06-04,US,Colorado,Montezuma,46,3,0,37.33859579,-108.5958857,8083.0,175.6865141504029,6.521739130434782,43,46,3,0,43,46,26158,0,0,0,0,0
2020-06-04,US,Colorado,Montrose,182,12,0,38.40214114,-108.26390220000002,8085.0,425.65134010009837,6.593406593406592,170,181,12,0,169,181,42214,1,0,0,1,0
2020-06-04,US,Colorado,Morgan,638,46,0,40.26279810000001,-103.8093302,8087.0,2194.853447089583,7.210031347962383,592,635,45,0,590,631,28558,3,1,0,2,4
2020-06-04,US,Colorado,Otero,21,1,0,37.9014485,-103.7173385,8089.0,114.89222015537806,4.761904761904762,20,20,1,0,19,19,18432,1,0,0,1,1
2020-06-04,US,Colorado,Ouray,8,1,0,38.14717457,-107.7675136,8091.0,161.55088852988692,12.5,7,8,1,0,7,8,4833,0,0,0,0,0
2020-06-04,US,Colorado,Park,23,0,0,39.120926,-105.7182065,8093.0,122.04828867073496,0.0,23,23,0,0,23,23,18556,0,0,0,0,0
2020-06-04,US,Colorado,Phillips,14,0,0,40.59414277,-102.3577703,8095.0,328.253223915592,0.0,14,14,0,0,14,14,4286,0,0,0,0,0
2020-06-04,US,Colorado,Pitkin,59,2,0,39.21720112,-106.9310027,8097.0,332.07632126976983,3.3898305084745757,57,59,2,0,57,58,17950,0,0,0,0,1
2020-06-04,US,Colorado,Prowers,15,0,0,37.95544985,-102.3926052,8099.0,123.23365100230036,0.0,15,15,0,0,15,15,12164,0,0,0,0,0
2020-06-04,US,Colorado,Pueblo,302,18,0,38.17359144,-104.5127437,8101.0,179.30936208616347,5.960264900662253,284,300,18,0,282,297,167529,2,0,0,2,3
2020-06-04,US,Colorado,Rio Blanco,1,0,0,39.97913541,-108.2179009,8103.0,15.812776723592664,0.0,1,1,0,0,1,1,6336,0,0,0,0,0
2020-06-04,US,Colorado,Rio Grande,38,0,0,37.5836865,-106.3847838,8105.0,337.2681281618887,0.0,38,36,0,0,36,37,11250,2,0,0,2,-1
2020-06-04,US,Colorado,Routt,62,6,0,40.48596505,-106.9905548,8107.0,241.82853576722053,9.677419354838712,56,62,6,0,56,62,25733,0,0,0,0,0
2020-06-04,US,Colorado,Saguache,89,1,0,38.08054629,-106.282466,8109.0,1304.2203985932006,1.1235955056179776,88,90,1,0,89,89,6843,-1,0,0,-1,1
2020-06-04,US,Colorado,San Juan,1,0,0,37.76248981,-107.67632890000002,8111.0,137.36263736263737,0.0,1,1,0,0,1,1,762,0,0,0,0,0
2020-06-04,US,Colorado,San Miguel,24,0,0,38.00450883,-108.4020725,8113.0,293.4344051840078,0.0,24,24,0,0,24,23,8191,0,0,0,0,1
2020-06-04,US,Colorado,Summit,239,2,0,39.63803232,-106.1150762,8117.0,770.6942697752411,0.8368200836820083,237,237,2,0,235,233,31007,2,0,0,2,4
2020-06-04,US,Colorado,Teller,33,2,0,38.88133511,-105.1614893,8119.0,129.9826689774697,6.0606060606060606,31,33,2,0,31,33,25083,0,0,0,0,0
2020-06-04,US,Colorado,Washington,42,0,0,39.97015535,-103.202587,8121.0,855.7457212713938,0.0,42,41,0,0,41,41,4909,1,0,0,1,0
2020-06-04,US,Colorado,Weld,2534,134,0,40.55499405,-104.3929621,8123.0,780.9129346794374,5.288082083662194,2400,2521,133,0,2388,2505,314305,13,1,0,12,16
2020-06-04,US,Colorado,Yuma,42,0,0,40.00346839,-102.4258673,8125.0,419.2035133246832,0.0,42,40,0,0,40,40,10020,2,0,0,2,0
2020-06-04,US,Connecticut,Fairfield,15843,1293,0,41.26809896,-73.3881171,9001.0,1679.4723384768035,8.161333080855899,14550,15789,1289,0,14500,15776,943823,54,4,0,50,13
2020-06-04,US,Connecticut,Hartford,10636,1266,0,41.80283011,-72.73103891,9003.0,1192.7510877854033,11.902971041745017,9370,10593,1259,0,9334,10536,892697,43,7,0,36,57
2020-06-04,US,Connecticut,Litchfield,1406,134,0,41.7937534,-73.2451475,9005.0,779.6687239717633,9.530583214793742,1272,1404,133,0,1271,1402,181111,2,1,0,1,2
2020-06-04,US,Connecticut,Middlesex,1171,154,0,41.45949668,-72.53714864,9007.0,720.8993080351646,13.151152860802732,1017,1161,152,0,1009,1154,162682,10,2,0,8,7
2020-06-04,US,Connecticut,New Haven,11582,992,0,41.408032500000004,-72.93620426,9009.0,1355.0049897222252,8.56501467794854,10590,11548,990,0,10558,11525,857620,34,2,0,32,23
2020-06-04,US,Connecticut,New London,1104,94,0,41.48896435,-72.10430976,9011.0,416.280174656682,8.514492753623188,1010,1100,92,0,1008,1094,266784,4,2,0,2,6
2020-06-04,US,Connecticut,Tolland,859,60,0,41.85853803,-72.3308481,9013.0,569.9272165126292,6.984866123399303,799,856,60,0,796,848,150921,3,0,0,3,8
2020-06-04,US,Connecticut,Unassigned,241,0,0,0.0,0.0,90009.0,0.0,0.0,241,248,0,0,248,251,,-7,0,0,-7,-3
2020-06-04,US,Connecticut,Windham,397,14,0,41.82972709,-71.98182316,9015.0,339.94964977479407,3.5264483627204033,383,392,14,0,378,393,117027,5,0,0,5,-1
2020-06-04,US,Delaware,Kent,1454,69,0,39.08646628,-75.56884914,10001.0,804.2658170433551,4.745529573590097,1385,1451,66,0,1385,1450,178550,3,3,0,0,1
2020-06-04,US,Delaware,New Castle,3925,173,0,39.57992638,-75.64054974,10003.0,702.457078530227,4.407643312101912,3752,3903,173,0,3730,3883,559335,22,0,0,22,20
2020-06-04,US,Delaware,Sussex,4314,143,0,38.66143781,-75.39031349,10005.0,1841.8187640089654,3.3147890588780715,4171,4305,136,0,4169,4299,229286,9,7,0,2,6
2020-06-04,US,Delaware,Unassigned,53,1,0,0.0,0.0,90010.0,0.0,1.8867924528301887,52,53,0,0,53,53,,0,1,0,-1,0
2020-06-04,US,District of Columbia,District of Columbia,9120,475,0,38.90417773,-77.01655992,11001.0,1292.2441264528888,5.208333333333333,8645,9016,473,0,8543,8886,702455,104,2,0,102,130
2020-06-04,US,Florida,Alachua,387,8,0,29.67866525,-82.35928158,12001.0,143.84317748464,2.0671834625323,379,383,8,0,375,382,269956,4,0,0,4,1
2020-06-04,US,Florida,Baker,29,4,0,30.33060121,-82.28467476,12003.0,99.28106812735365,13.79310344827586,25,29,4,0,25,29,28355,0,0,0,0,0
2020-06-04,US,Florida,Bay,111,4,0,30.26548745,-85.62122584,12005.0,63.53567442259809,3.603603603603604,107,105,3,0,102,99,185287,6,1,0,5,6
2020-06-04,US,Florida,Bradford,51,2,0,29.95079741,-82.16611613,12007.0,180.8446508989043,3.92156862745098,49,51,2,0,49,51,27732,0,0,0,0,0
2020-06-04,US,Florida,Brevard,431,13,0,28.29409504,-80.73091022,12009.0,71.60158287675556,3.016241299303944,418,428,13,0,415,427,596849,3,0,0,3,1
2020-06-04,US,Florida,Broward,7462,325,0,26.15184651,-80.48725556,12011.0,382.1222893744194,4.355400696864112,7137,7339,318,0,7021,7248,1951260,123,7,0,116,91
2020-06-04,US,Florida,Calhoun,62,4,0,30.40666734,-85.19394153,12013.0,439.56043956043953,6.451612903225807,58,62,4,0,58,62,14587,0,0,0,0,0
2020-06-04,US,Florida,Charlotte,476,68,0,26.90131002,-81.92949121,12015.0,251.97183844158596,14.285714285714285,408,470,68,0,402,463,184998,6,0,0,6,7
2020-06-04,US,Florida,Citrus,122,12,0,28.84804315,-82.47614748,12017.0,81.51974180960462,9.836065573770492,110,122,12,0,110,122,147929,0,0,0,0,0
2020-06-04,US,Florida,Clay,394,32,0,29.98319144,-81.85609986,12019.0,179.70189553573059,8.121827411167514,362,390,33,0,357,387,216072,4,-1,0,5,3
2020-06-04,US,Florida,Collier,1814,53,0,26.11091986,-81.34687065,12021.0,471.2887955895266,2.921719955898567,1761,1679,49,0,1630,1605,378488,135,4,0,131,74
2020-06-04,US,Florida,Columbia,160,2,0,30.22509788,-82.62160164,12023.0,223.19560304662002,1.25,158,153,2,0,151,147,70503,7,0,0,7,6
2020-06-04,US,Florida,DeSoto,218,7,0,27.18677893,-81.80941373,12027.0,573.669113970685,3.2110091743119265,211,205,7,0,198,197,37489,13,0,0,13,8
2020-06-04,US,Florida,Dixie,56,2,0,29.60631086,-83.15724673,12029.0,332.81825745869486,3.571428571428572,54,55,2,0,53,54,16700,1,0,0,1,1
2020-06-04,US,Florida,Duval,1702,51,0,30.33225875,-81.66976468,12031.0,177.70724245762227,2.99647473560517,1651,1669,51,0,1618,1660,950181,33,0,0,33,9
2020-06-04,US,Florida,Escambia,866,35,0,30.67652764,-87.37284571,12033.0,272.05669837519946,4.041570438799076,831,853,35,0,818,844,315534,13,0,0,13,9
2020-06-04,US,Florida,Flagler,193,4,0,29.45933576,-81.31508595,12035.0,167.70796221791608,2.0725388601036268,189,191,4,0,187,190,112067,2,0,0,2,1
2020-06-04,US,Florida,Franklin,2,0,0,29.83791238,-84.82731662,12037.0,16.49484536082474,0.0,2,2,0,0,2,2,11736,0,0,0,0,0
2020-06-04,US,Florida,Gadsden,288,3,0,30.57796289,-84.61915825,12039.0,630.7490144546648,1.0416666666666667,285,285,3,0,282,278,45894,3,0,0,3,7
2020-06-04,US,Florida,Gilchrist,17,0,0,29.72856978,-82.79880657,12041.0,91.48638467333978,0.0,17,15,0,0,15,15,18256,2,0,0,2,0
2020-06-04,US,Florida,Glades,70,1,0,26.95635849,-81.18996211,12043.0,506.84237202230105,1.4285714285714286,69,64,1,0,63,61,13724,6,0,0,6,3
2020-06-04,US,Florida,Gulf,3,0,0,29.93543004,-85.24270990000002,12045.0,21.995747488818825,0.0,3,2,0,0,2,2,16164,1,0,0,1,0
2020-06-04,US,Florida,Hamilton,255,0,0,30.49673973,-82.94998918,12047.0,1767.3967285833105,0.0,255,250,0,0,250,239,14310,5,0,0,5,11
2020-06-04,US,Florida,Hardee,118,0,0,27.49293939,-81.80956574,12049.0,438.05917511229904,0.0,118,111,0,0,111,105,27245,7,0,0,7,6
2020-06-04,US,Florida,Hendry,501,17,0,26.55386945,-81.16469006,12051.0,1192.2326400456905,3.393213572854292,484,476,17,0,459,446,41556,25,0,0,25,30
2020-06-04,US,Florida,Hernando,122,5,0,28.55364461,-82.42700204,12053.0,62.91254125412542,4.0983606557377055,117,120,5,0,115,118,190865,2,0,0,2,2
2020-06-04,US,Florida,Highlands,138,9,0,27.34254618,-81.34071957,12055.0,129.91781286186347,6.521739130434782,129,134,9,0,125,132,105424,4,0,0,4,2
2020-06-04,US,Florida,Hillsborough,2479,85,0,27.9276559,-82.32013172,12057.0,168.41398726059262,3.4288019362646227,2394,2384,84,0,2300,2285,1436888,95,1,0,94,99
2020-06-04,US,Florida,Holmes,26,0,0,30.86747479,-85.81319222,12059.0,132.5381047051027,0.0,26,24,0,0,24,23,19477,2,0,0,2,1
2020-06-04,US,Florida,Indian River,144,10,0,27.69308961,-80.60556721,12061.0,90.04333335417671,6.9444444444444455,134,139,10,0,129,138,157413,5,0,0,5,1
2020-06-04,US,Florida,Jackson,290,1,0,30.795459700000002,-85.21500423,12063.0,624.8114792950403,0.3448275862068966,289,269,1,0,268,266,48305,21,0,0,21,3
2020-06-04,US,Florida,Jefferson,29,3,0,30.43669112,-83.89442308,12065.0,203.56591323880392,10.344827586206897,26,29,3,0,26,29,14288,0,0,0,0,0
2020-06-04,US,Florida,Lafayette,9,0,0,29.98484137,-83.18166636,12067.0,106.86297791498457,0.0,9,8,0,0,8,8,8732,1,0,0,1,0
2020-06-04,US,Florida,Lake,313,15,0,28.76202069,-81.7125123,12069.0,85.25869066621631,4.792332268370607,298,309,15,0,294,306,356495,4,0,0,4,3
2020-06-04,US,Florida,Lee,2147,114,0,26.58410348,-81.88399313,12071.0,278.62238296756846,5.3097345132743365,2033,2087,113,0,1974,1967,754610,60,1,0,59,120
2020-06-04,US,Florida,Leon,432,7,0,30.45955727,-84.27491114,12073.0,147.14798591194284,1.6203703703703705,425,428,7,0,421,411,292502,4,0,0,4,17
2020-06-04,US,Florida,Levy,38,1,0,29.31829741,-82.74007147,12075.0,91.5596462906296,2.631578947368421,37,35,1,0,34,35,40770,3,0,0,3,0
2020-06-04,US,Florida,Liberty,218,1,0,30.23766008,-84.8829258,12077.0,2609.528369643285,0.4587155963302753,217,218,1,0,217,213,8457,0,0,0,0,5
2020-06-04,US,Florida,Madison,69,3,0,30.44396917,-83.47398594,12079.0,373.1141513004921,4.3478260869565215,66,69,4,0,65,69,18529,0,-1,0,1,0
2020-06-04,US,Florida,Manatee,1134,100,0,27.47196942,-82.31831044,12081.0,281.2130349929201,8.818342151675486,1034,1110,98,0,1012,1074,394855,24,2,0,22,36
2020-06-04,US,Florida,Marion,261,7,0,29.21227113,-82.05803627,12083.0,71.39359755346997,2.681992337164751,254,257,7,0,250,255,359977,4,0,0,4,2
2020-06-04,US,Florida,Martin,764,10,0,27.0772071,-80.43109784,12085.0,474.53416149068323,1.3089005235602094,754,729,10,0,719,680,160912,35,0,0,35,49
2020-06-04,US,Florida,Miami-Dade,18779,746,0,25.6112362,-80.55170587,12086.0,691.1819915051492,3.9725224985355982,18033,18456,731,0,17725,18224,2761581,323,15,0,308,232
2020-06-04,US,Florida,Monroe,110,4,0,25.20904673,-81.07812416,12087.0,148.19205690574987,3.636363636363636,106,109,4,0,105,109,75027,1,0,0,1,0
2020-06-04,US,Florida,Nassau,82,1,0,30.61037141,-81.80297522,12089.0,92.52468265162202,1.2195121951219512,81,81,1,0,80,80,85832,1,0,0,1,1
2020-06-04,US,Florida,Okaloosa,241,6,0,30.69143028,-86.59267105,12091.0,114.36001100893051,2.489626556016597,235,236,6,0,230,235,207269,5,0,0,5,1
2020-06-04,US,Florida,Okeechobee,104,0,0,27.386336199999995,-80.88944347,12093.0,246.6325175488522,0.0,104,97,0,0,97,85,41537,7,0,0,7,12
2020-06-04,US,Florida,Orange,2169,43,0,28.51367621,-81.31799498,12095.0,155.65659958147106,1.9824804057169203,2126,2121,41,0,2080,2048,1380645,48,2,0,46,73
2020-06-04,US,Florida,Osceola,726,20,0,28.06312234,-81.14882926,12097.0,193.2130586478812,2.7548209366391183,706,715,20,0,695,709,367990,11,0,0,11,6
2020-06-04,US,Florida,Palm Beach,6688,363,0,26.64676272,-80.46536002,12099.0,446.8288380980377,5.427631578947367,6325,6477,359,0,6118,6219,1485941,211,4,0,207,258
2020-06-04,US,Florida,Pasco,405,15,0,28.30810945,-82.40227529,12101.0,73.11168758021977,3.703703703703704,390,398,15,0,383,394,539630,7,0,0,7,4
2020-06-04,US,Florida,Pinellas,1397,91,0,27.93130349,-82.72239666,12103.0,143.282639108263,6.513958482462419,1306,1361,90,0,1271,1335,975280,36,1,0,35,26
2020-06-04,US,Florida,Polk,1100,63,0,27.95027105,-81.69732947,12105.0,151.7708205420426,5.727272727272728,1037,1074,60,0,1014,1053,708009,26,3,0,23,21
2020-06-04,US,Florida,Putnam,165,6,0,29.60779729,-81.74230285,12107.0,221.4140980394788,3.636363636363636,159,154,6,0,148,154,74163,11,0,0,11,0
2020-06-04,US,Florida,Santa Rosa,255,9,0,30.69341450000001,-87.02458128,12113.0,138.35160840526711,3.5294117647058822,246,250,9,0,241,248,179349,5,0,0,5,2
2020-06-04,US,Florida,Sarasota,652,82,0,27.18546175,-82.33174248,12115.0,150.31977535032343,12.576687116564415,570,649,80,0,569,647,426718,3,2,0,1,2
2020-06-04,US,Florida,Seminole,512,12,0,28.7158582,-81.24060348,12117.0,108.5145795271986,2.34375,500,505,12,0,493,493,467832,7,0,0,7,12
2020-06-04,US,Florida,St. Johns,267,6,0,29.90096506,-81.43589967,12109.0,100.87957925281106,2.247191011235955,261,269,6,0,263,262,254261,-2,0,0,-2,7
2020-06-04,US,Florida,St. Lucie,535,31,0,27.37763908,-80.47106649,12111.0,162.9621958165929,5.794392523364487,504,508,31,0,477,492,321128,27,0,0,27,16
2020-06-04,US,Florida,Sumter,260,17,0,28.70181754,-82.0794267,12119.0,196.3449629965262,6.538461538461537,243,258,17,0,241,255,128754,2,0,0,2,3
2020-06-04,US,Florida,Suwannee,172,18,0,30.19746066,-82.99099670000003,12121.0,387.2391201566968,10.465116279069766,154,170,18,0,152,168,44191,2,0,0,2,2
2020-06-04,US,Florida,Taylor,26,0,0,30.04848048,-83.60445406,12123.0,120.54337243265795,0.0,26,24,0,0,24,22,21623,2,0,0,2,2
2020-06-04,US,Florida,Unassigned,90,0,0,0.0,0.0,90012.0,0.0,0.0,90,89,0,0,89,87,,1,0,0,1,2
2020-06-04,US,Florida,Union,34,1,0,30.04412971,-82.37497443,12125.0,223.14103826212508,2.9411764705882355,33,33,1,0,32,33,14940,1,0,0,1,0
2020-06-04,US,Florida,Volusia,784,41,0,29.05858895,-81.18263252,12127.0,141.69938042668863,5.229591836734694,743,771,41,0,730,752,547538,13,0,0,13,19
2020-06-04,US,Florida,Wakulla,35,1,0,30.16548905,-84.39895211,12129.0,103.7375144491538,2.8571428571428568,34,35,1,0,34,35,32461,0,0,0,0,0
2020-06-04,US,Florida,Walton,120,9,0,30.64204028,-86.16935664,12131.0,162.0067232790161,7.5,111,118,9,0,109,118,71375,2,0,0,2,0
2020-06-04,US,Florida,Washington,74,4,0,30.61359259,-85.66002461,12133.0,290.50367055313467,5.405405405405406,70,68,4,0,64,66,24880,6,0,0,6,2
2020-06-04,US,Georgia,Appling,172,13,0,31.74847232,-82.28909114,13001.0,935.4943979114544,7.558139534883722,159,170,13,0,157,161,18507,2,0,0,2,9
2020-06-04,US,Georgia,Atkinson,54,2,0,31.29633502,-82.87545866,13003.0,661.3594611145131,3.703703703703704,52,53,2,0,51,51,8297,1,0,0,1,2
2020-06-04,US,Georgia,Bacon,137,3,0,31.55456473,-82.45936528,13005.0,1227.1587244715156,2.18978102189781,134,136,3,0,133,131,11185,1,0,0,1,5
2020-06-04,US,Georgia,Baker,35,3,0,31.32669878,-84.44218806,13007.0,1152.073732718894,8.571428571428571,32,34,2,0,32,34,3092,1,1,0,0,0
2020-06-04,US,Georgia,Baldwin,380,27,0,33.06882326,-83.24701748,13009.0,846.5137001559367,7.105263157894738,353,352,27,0,325,350,44823,28,0,0,28,2
2020-06-04,US,Georgia,Banks,87,1,0,34.35607081,-83.49644388,13011.0,452.3240095663929,1.1494252873563218,86,86,1,0,85,93,18988,1,0,0,1,-7
2020-06-04,US,Georgia,Barrow,333,19,0,33.99148694,-83.71436292,13013.0,400.0480538202787,5.7057057057057055,314,333,18,0,315,328,80809,0,1,0,-1,5
2020-06-04,US,Georgia,Bartow,504,39,0,34.23732119,-84.83887523,13015.0,467.8015184985799,7.738095238095237,465,496,39,0,457,485,106408,8,0,0,8,11
2020-06-04,US,Georgia,Ben Hill,84,1,0,31.76095874,-83.22145359,13017.0,502.9940119760479,1.1904761904761905,83,81,1,0,80,77,16787,3,0,0,3,4
2020-06-04,US,Georgia,Berrien,51,0,0,31.27590016,-83.22529920000002,13019.0,262.9272567922875,0.0,51,48,0,0,48,49,19252,3,0,0,3,-1
2020-06-04,US,Georgia,Bibb,494,29,0,32.80904227,-83.70489165,13021.0,322.5406277136832,5.870445344129554,465,481,29,0,452,472,153095,13,0,0,13,9
2020-06-04,US,Georgia,Bleckley,48,0,0,32.43829035,-83.33035166,13023.0,372.87345607084603,0.0,48,48,0,0,48,48,12838,0,0,0,0,0
2020-06-04,US,Georgia,Brantley,61,2,0,31.19576557,-81.97743999,13025.0,319.2213093306819,3.278688524590164,59,59,2,0,57,58,18897,2,0,0,2,1
2020-06-04,US,Georgia,Brooks,76,8,0,30.83922642,-83.58303423,13027.0,491.6866144788769,10.526315789473683,68,72,8,0,64,70,15513,4,0,0,4,2
2020-06-04,US,Georgia,Bryan,78,5,0,32.00979311,-81.44002948,13029.0,196.83549095313802,6.410256410256411,73,77,5,0,72,75,38109,1,0,0,1,2
2020-06-04,US,Georgia,Bulloch,77,2,0,32.39577406,-81.74811421,13031.0,96.72394734197569,2.5974025974025974,75,77,2,0,75,67,77296,0,0,0,0,10
2020-06-04,US,Georgia,Burke,123,6,0,33.05917989,-81.99928721,13033.0,549.5241924674976,4.878048780487805,117,123,6,0,117,122,22423,0,0,0,0,1
2020-06-04,US,Georgia,Butts,240,24,0,33.283094500000004,-83.95435040000002,13035.0,962.4639076034648,10.0,216,237,24,0,213,234,24193,3,0,0,3,3
2020-06-04,US,Georgia,Calhoun,136,7,0,31.53169785,-84.62725131,13037.0,2197.4470835353045,5.147058823529412,129,135,7,0,128,134,6352,1,0,0,1,1
2020-06-04,US,Georgia,Camden,68,1,0,30.92951916,-81.66601818,13039.0,124.39176087513262,1.4705882352941178,67,66,1,0,65,64,53677,2,0,0,2,2
2020-06-04,US,Georgia,Candler,14,0,0,32.40209349,-82.07702563,13043.0,129.59363139868557,0.0,14,14,0,0,14,14,10836,0,0,0,0,0
2020-06-04,US,Georgia,Carroll,568,28,0,33.58138199,-85.07976677,13045.0,473.36489099273285,4.929577464788731,540,535,26,0,509,524,118121,33,2,0,31,11
2020-06-04,US,Georgia,Catoosa,146,0,0,34.89872298,-85.13757014,13047.0,216.0402485942586,0.0,146,145,0,0,145,142,67420,1,0,0,1,3
2020-06-04,US,Georgia,Charlton,33,1,0,30.78371028,-82.13951596,13049.0,246.415770609319,3.0303030303030303,32,33,1,0,32,33,12968,0,0,0,0,0
2020-06-04,US,Georgia,Chatham,525,27,0,32.00043026,-81.12489526,13051.0,181.39100991604187,5.142857142857143,498,522,26,0,496,518,289195,3,1,0,2,4
2020-06-04,US,Georgia,Chattahoochee,166,0,0,32.34341231,-84.78809239,13053.0,1521.9583753552765,0.0,166,160,0,0,160,154,10684,6,0,0,6,6
2020-06-04,US,Georgia,Chattooga,25,2,0,34.47197698,-85.34535662,13055.0,100.85118399290009,8.0,23,25,2,0,23,25,24790,0,0,0,0,0
2020-06-04,US,Georgia,Cherokee,934,33,0,34.24393976,-84.47431861,13057.0,360.9341005437198,3.5331905781584583,901,923,33,0,890,911,254149,11,0,0,11,12
2020-06-04,US,Georgia,Clarke,299,15,0,33.95436462,-83.37124007,13059.0,232.99124919154374,5.016722408026756,284,296,14,0,282,295,127330,3,1,0,2,1
2020-06-04,US,Georgia,Clay,42,2,0,31.62221166,-84.97713865,13061.0,1482.0042342978122,4.761904761904762,40,41,2,0,39,39,2887,1,0,0,1,2
2020-06-04,US,Georgia,Clayton,1282,51,0,33.54187245,-84.35594188,13063.0,438.65652031096033,3.978159126365055,1231,1260,51,0,1209,1238,289615,22,0,0,22,22
2020-06-04,US,Georgia,Clinch,65,2,0,30.91395822,-82.70432472,13065.0,982.1698398307643,3.0769230769230766,63,59,2,0,57,59,6648,6,0,0,6,0
2020-06-04,US,Georgia,Cobb,3165,190,0,33.94243204,-84.5761255,13067.0,416.37012080653466,6.003159557661928,2975,3097,186,0,2911,3056,756865,68,4,0,64,41
2020-06-04,US,Georgia,Coffee,289,15,0,31.54892966,-82.85492059999999,13069.0,667.8529336999978,5.190311418685121,274,285,15,0,270,277,43093,4,0,0,4,8
2020-06-04,US,Georgia,Colquitt,523,15,0,31.18810588,-83.7677946,13071.0,1146.9298245614034,2.8680688336520075,508,488,15,0,473,484,45592,35,0,0,35,4
2020-06-04,US,Georgia,Columbia,266,8,0,33.54534185,-82.263524,13073.0,169.73595211659458,3.0075187969924815,258,266,8,0,258,251,154291,0,0,0,0,15
2020-06-04,US,Georgia,Cook,47,2,0,31.16068491,-83.42947229,13075.0,272.1482339316734,4.25531914893617,45,45,2,0,43,47,17162,2,0,0,2,-2
2020-06-04,US,Georgia,Coweta,440,9,0,33.35334302,-84.76129976,13077.0,296.278340033264,2.0454545454545454,431,432,9,0,423,422,145864,8,0,0,8,10
2020-06-04,US,Georgia,Crawford,28,0,0,32.71391813,-83.98061238,13079.0,225.73363431151242,0.0,28,28,0,0,28,28,12318,0,0,0,0,0
2020-06-04,US,Georgia,Crisp,238,8,0,31.92289565,-83.76811843,13081.0,1063.8297872340424,3.361344537815126,230,237,7,0,230,237,22601,1,1,0,0,0
2020-06-04,US,Georgia,Dade,40,1,0,34.854916700000004,-85.50490424,13083.0,248.20054604120128,2.5,39,39,1,0,38,37,16226,1,0,0,1,2
2020-06-04,US,Georgia,Dawson,110,1,0,34.44244079,-84.16964071,13085.0,421.32679638425003,0.9090909090909092,109,110,1,0,109,109,25083,0,0,0,0,1
2020-06-04,US,Georgia,DeKalb,3939,122,0,33.76944049,-84.22396017,13089.0,518.7693353193811,3.0972328002030967,3817,3874,122,0,3752,3803,756558,65,0,0,65,71
2020-06-04,US,Georgia,Decatur,206,6,0,30.87967778,-84.57619536,13087.0,780.1848204817453,2.9126213592233015,200,206,5,0,201,204,26575,0,1,0,-1,2
2020-06-04,US,Georgia,Dodge,52,2,0,32.17265114,-83.16948926,13091.0,252.36593059936908,3.8461538461538463,50,52,2,0,50,52,20705,0,0,0,0,0
2020-06-04,US,Georgia,Dooly,186,12,0,32.15630737,-83.79746561,13093.0,1389.0963405526513,6.451612903225807,174,185,12,0,173,183,13706,1,0,0,1,2
2020-06-04,US,Georgia,Dougherty,1794,149,0,31.53328528,-84.21722377,13095.0,2039.6561917322297,8.30546265328874,1645,1790,149,0,1641,1784,91243,4,0,0,4,6
2020-06-04,US,Georgia,Douglas,571,25,0,33.70291126,-84.77026156,13097.0,390.1792364513506,4.3782837127845875,546,556,25,0,531,549,145331,15,0,0,15,7
2020-06-04,US,Georgia,Early,247,32,0,31.32155345,-84.90255207,13099.0,2423.945044160942,12.955465587044534,215,247,32,0,215,244,10247,0,0,0,0,3
2020-06-04,US,Georgia,Echols,130,0,0,30.71101099,-82.89687287,13101.0,3245.1323015476787,0.0,130,125,0,0,125,121,4000,5,0,0,5,4
2020-06-04,US,Georgia,Effingham,77,1,0,32.36616021,-81.34280942,13103.0,119.75861639915392,1.2987012987012987,76,75,1,0,74,75,62190,2,0,0,2,0
2020-06-04,US,Georgia,Elbert,76,0,0,34.11302332,-82.83936148,13105.0,395.95706991768265,0.0,76,75,0,0,75,75,19120,1,0,0,1,0
2020-06-04,US,Georgia,Emanuel,28,2,0,32.59221302,-82.30239915,13107.0,123.64214430804556,7.142857142857142,26,28,2,0,26,27,22612,0,0,0,0,1
2020-06-04,US,Georgia,Evans,6,0,0,32.15328841,-81.8870105,13109.0,56.316876290595076,0.0,6,5,0,0,5,5,10721,1,0,0,1,0
2020-06-04,US,Georgia,Fannin,50,1,0,34.86430205,-84.316964,13111.0,190.92714220253552,2.0,49,49,1,0,48,47,25964,1,0,0,1,2
2020-06-04,US,Georgia,Fayette,241,13,0,33.41357794,-84.49089434,13113.0,210.62567186093463,5.394190871369295,228,239,13,0,226,237,113459,2,0,0,2,2
2020-06-04,US,Georgia,Floyd,292,15,0,34.26268279,-85.21577392,13115.0,296.45271985217965,5.136986301369864,277,281,15,0,266,274,97927,11,0,0,11,7
2020-06-04,US,Georgia,Forsyth,535,12,0,34.22604035,-84.12315129999998,13117.0,219.036077493736,2.2429906542056077,523,534,12,0,522,532,236612,1,0,0,1,2
2020-06-04,US,Georgia,Franklin,123,1,0,34.37525597,-83.23159927,13119.0,526.789155852499,0.8130081300813008,122,105,1,0,104,104,23023,18,0,0,18,1
2020-06-04,US,Georgia,Fulton,4724,250,0,33.79216944,-84.46319413,13121.0,444.0112525459684,5.2921253175275185,4474,4688,244,0,4444,4638,1050114,36,6,0,30,50
2020-06-04,US,Georgia,Gilmer,158,1,0,34.69316688,-84.45802506,13123.0,503.6819790238771,0.6329113924050633,157,157,1,0,156,156,30816,1,0,0,1,1
2020-06-04,US,Georgia,Glascock,1,0,0,33.22879932,-82.61297636,13125.0,33.65870077415012,0.0,1,1,0,0,1,1,2995,0,0,0,0,0
2020-06-04,US,Georgia,Glynn,139,2,0,31.23279254,-81.53811412,13127.0,162.96956338226332,1.4388489208633093,137,135,2,0,133,133,85219,4,0,0,4,2
2020-06-04,US,Georgia,Gordon,181,16,0,34.50487351,-84.87296253,13129.0,312.2681710746511,8.839779005524862,165,170,16,0,154,166,57685,11,0,0,11,4
2020-06-04,US,Georgia,Grady,119,4,0,30.87454847,-84.23418364,13131.0,483.09178743961365,3.361344537815126,115,117,4,0,113,114,24748,2,0,0,2,3
2020-06-04,US,Georgia,Greene,73,7,0,33.5769205,-83.17139104,13133.0,398.3846321763807,9.58904109589041,66,71,7,0,64,68,17698,2,0,0,2,3
2020-06-04,US,Georgia,Gwinnett,4267,135,0,33.96044201,-84.02137802,13135.0,455.75433911882516,3.163815326927584,4132,4063,135,0,3928,3891,927781,204,0,0,204,172
2020-06-04,US,Georgia,Habersham,545,24,0,34.63331566,-83.53094677,13137.0,1202.3473349805859,4.403669724770642,521,538,23,0,515,530,45388,7,1,0,6,8
2020-06-04,US,Georgia,Hall,2566,50,0,34.32207823,-83.81896936,13139.0,1255.129841861466,1.9485580670303972,2516,2539,50,0,2489,2508,202148,27,0,0,27,31
2020-06-04,US,Georgia,Hancock,197,25,0,33.2721566,-82.99766919,13141.0,2329.4312403925737,12.690355329949238,172,197,25,0,172,197,8348,0,0,0,0,0
2020-06-04,US,Georgia,Haralson,50,4,0,33.79602175,-85.21005667,13143.0,167.83029001074115,8.0,46,49,4,0,45,47,29533,1,0,0,1,2
2020-06-04,US,Georgia,Harris,120,6,0,32.73709786,-84.90538572,13145.0,340.56079010103304,5.0,114,111,6,0,105,102,34475,9,0,0,9,9
2020-06-04,US,Georgia,Hart,36,0,0,34.34626973,-82.96567682,13147.0,137.37836290784202,0.0,36,34,0,0,34,33,26099,2,0,0,2,1
2020-06-04,US,Georgia,Heard,37,3,0,33.29686567,-85.12886832,13149.0,310.32458273924345,8.108108108108109,34,35,2,0,33,35,11879,2,1,0,1,0
2020-06-04,US,Georgia,Henry,742,23,0,33.4533428,-84.14814659999998,13151.0,316.3356227164789,3.0997304582210243,719,716,23,0,693,695,230220,26,0,0,26,21
2020-06-04,US,Georgia,Houston,390,19,0,32.45802497,-83.66879087,13153.0,247.0496569810532,4.871794871794871,371,381,18,0,363,376,155469,9,1,0,8,5
2020-06-04,US,Georgia,Irwin,33,1,0,31.60213036,-83.27501387,13155.0,350.46728971962614,3.0303030303030303,32,31,1,0,30,30,9398,2,0,0,2,1
2020-06-04,US,Georgia,Jackson,210,6,0,34.13794553,-83.56814788,13157.0,287.76189758417036,2.8571428571428568,204,199,6,0,193,198,70422,11,0,0,11,1
2020-06-04,US,Georgia,Jasper,45,1,0,33.31535543,-83.68844964,13159.0,316.47795203600816,2.2222222222222223,44,40,1,0,39,39,14040,5,0,0,5,1
2020-06-04,US,Georgia,Jeff Davis,38,1,0,31.80405727,-82.63724870000001,13161.0,251.40588819053917,2.631578947368421,37,38,1,0,37,37,15029,0,0,0,0,1
2020-06-04,US,Georgia,Jefferson,47,1,0,33.05867328,-82.41609057,13163.0,305.94974612680636,2.127659574468085,46,46,1,0,45,44,15430,1,0,0,1,2
2020-06-04,US,Georgia,Jenkins,22,1,0,32.79248718,-81.96040187,13165.0,253.57307514983864,4.545454545454546,21,21,1,0,20,21,8683,1,0,0,1,0
2020-06-04,US,Georgia,Johnson,83,2,0,32.70211082,-82.66166794,13167.0,860.7279892149746,2.409638554216868,81,82,2,0,80,83,9708,1,0,0,1,-1
2020-06-04,US,Georgia,Jones,48,0,0,33.02512137,-83.56019163,13169.0,167.04367496084913,0.0,48,44,0,0,44,40,28616,4,0,0,4,4
2020-06-04,US,Georgia,Lamar,75,2,0,33.07841647,-84.14263877,13171.0,393.1435760339676,2.6666666666666665,73,73,2,0,71,71,19000,2,0,0,2,2
2020-06-04,US,Georgia,Lanier,27,2,0,31.03828570000001,-83.06472457,13173.0,259.0425021586875,7.407407407407407,25,24,2,0,22,25,10340,3,0,0,3,-1
2020-06-04,US,Georgia,Laurens,108,1,0,32.46325233,-82.92221316,13175.0,227.14844571572792,0.925925925925926,107,108,1,0,107,108,47325,0,0,0,0,0
2020-06-04,US,Georgia,Lee,361,22,0,31.779330600000005,-84.14324253,13177.0,1203.6543078154175,6.094182825484765,339,361,22,0,339,361,29764,0,0,0,0,0
2020-06-04,US,Georgia,Liberty,85,1,0,31.82588896,-81.49251135,13179.0,138.35761373809714,1.1764705882352942,84,83,1,0,82,82,61497,2,0,0,2,1
2020-06-04,US,Georgia,Lincoln,16,1,0,33.79201475,-82.45024131,13181.0,201.99469763918697,6.25,15,16,1,0,15,16,7915,0,0,0,0,0
2020-06-04,US,Georgia,Long,16,1,0,31.75218791,-81.74952375,13183.0,81.8037731990388,6.25,15,16,1,0,15,16,18998,0,0,0,0,0
2020-06-04,US,Georgia,Lowndes,356,4,0,30.83568832,-83.27056716,13185.0,303.221300444611,1.1235955056179776,352,326,4,0,322,319,116321,30,0,0,30,7
2020-06-04,US,Georgia,Lumpkin,101,1,0,34.57286511,-84.00425681,13187.0,300.50580184468913,0.99009900990099,100,101,1,0,100,99,32955,0,0,0,0,2
2020-06-04,US,Georgia,Macon,104,6,0,32.35207048,-84.04234127,13193.0,803.2748899358925,5.769230769230768,98,104,6,0,98,102,13143,0,0,0,0,2
2020-06-04,US,Georgia,Madison,61,1,0,34.12920917,-83.21218732,13195.0,204.1499330655957,1.639344262295082,60,59,1,0,58,56,29650,2,0,0,2,3
2020-06-04,US,Georgia,Marion,59,2,0,32.3483402,-84.52733571,13197.0,705.8260557482953,3.3898305084745757,57,59,2,0,57,59,8351,0,0,0,0,0
2020-06-04,US,Georgia,McDuffie,70,5,0,33.47851918,-82.48252774,13189.0,328.45345345345345,7.142857142857142,65,69,5,0,64,67,21531,1,0,0,1,2
2020-06-04,US,Georgia,McIntosh,16,1,0,31.49683595,-81.40163426,13191.0,111.28112393935179,6.25,15,16,1,0,15,16,14340,0,0,0,0,0
2020-06-04,US,Georgia,Meriwether,99,2,0,33.04163534,-84.68859732,13199.0,467.70916993433167,2.0202020202020203,97,95,2,0,93,87,21068,4,0,0,4,8
2020-06-04,US,Georgia,Miller,42,0,0,31.16568912,-84.73151117,13201.0,734.5225603357817,0.0,42,42,0,0,42,42,5686,0,0,0,0,0
2020-06-04,US,Georgia,Mitchell,416,32,0,31.22483255,-84.19381821,13205.0,1902.7580844348897,7.6923076923076925,384,415,32,0,383,413,22192,1,0,0,1,2
2020-06-04,US,Georgia,Monroe,124,11,0,33.014289,-83.92097166,13207.0,449.6337660453985,8.870967741935484,113,124,11,0,113,121,27520,0,0,0,0,3
2020-06-04,US,Georgia,Montgomery,13,0,0,32.17201038,-82.53527476,13209.0,141.735717400785,0.0,13,13,0,0,13,11,9193,0,0,0,0,2
2020-06-04,US,Georgia,Morgan,38,0,0,33.59232073,-83.49129491,13211.0,197.136335339282,0.0,38,38,0,0,38,38,18853,0,0,0,0,0
2020-06-04,US,Georgia,Murray,100,1,0,34.78897608,-84.74993177,13213.0,249.4014365522745,1.0,99,99,1,0,98,96,39921,1,0,0,1,3
2020-06-04,US,Georgia,Muscogee,697,21,0,32.50931999,-84.87142262,13215.0,356.03185386859,3.012912482065997,676,673,18,0,655,637,194160,24,3,0,21,36
2020-06-04,US,Georgia,Newton,382,11,0,33.55514538,-83.84547140000002,13217.0,341.85280641466215,2.8795811518324608,371,376,11,0,365,370,109541,6,0,0,6,6
2020-06-04,US,Georgia,Oconee,120,9,0,33.83749973,-83.43679568,13219.0,297.91459781529295,7.5,111,119,9,0,110,116,39272,1,0,0,1,3
2020-06-04,US,Georgia,Oglethorpe,63,7,0,33.878629600000004,-83.08278123,13221.0,412.8710924700177,11.111111111111109,56,63,7,0,56,62,15054,0,0,0,0,1
2020-06-04,US,Georgia,Out of GA,2319,31,0,0.0,0.0,80013.0,0.0,1.3367830961621388,2288,2183,31,0,2152,2144,,136,0,0,136,39
2020-06-04,US,Georgia,Paulding,340,11,0,33.91969522,-84.86848792,13223.0,201.5806292872939,3.2352941176470584,329,334,11,0,323,330,164044,6,0,0,6,4
2020-06-04,US,Georgia,Peach,76,4,0,32.56934316,-83.82937,13225.0,275.9021273506135,5.2631578947368425,72,76,4,0,72,74,27297,0,0,0,0,2
2020-06-04,US,Georgia,Pickens,50,4,0,34.46589159,-84.46406611,13227.0,153.41658740142984,8.0,46,50,3,0,47,48,31980,0,1,0,-1,2
2020-06-04,US,Georgia,Pierce,109,4,0,31.35928155,-82.21598442,13229.0,559.979450295402,3.669724770642202,105,105,3,0,102,100,19389,4,1,0,3,5
2020-06-04,US,Georgia,Pike,57,3,0,33.09310242,-84.38790389,13231.0,300.6012024048096,5.2631578947368425,54,56,3,0,53,54,18634,1,0,0,1,2
2020-06-04,US,Georgia,Polk,138,1,0,34.00267074,-85.18677781,13233.0,323.84483608288554,0.7246376811594203,137,131,1,0,130,126,42470,7,0,0,7,5
2020-06-04,US,Georgia,Pulaski,43,2,0,32.23334561,-83.47549959999998,13235.0,386.1003861003861,4.651162790697675,41,43,2,0,41,42,11069,0,0,0,0,1
2020-06-04,US,Georgia,Putnam,97,9,0,33.32056115,-83.37552891,13237.0,438.53700438537004,9.278350515463918,88,95,9,0,86,93,21809,2,0,0,2,2
2020-06-04,US,Georgia,Quitman,14,1,0,31.86728114,-85.01773177,13239.0,608.9604175728578,7.142857142857142,13,14,1,0,13,12,2279,0,0,0,0,2
2020-06-04,US,Georgia,Rabun,25,1,0,34.88389445,-83.40304637,13241.0,145.88317675205695,4.0,24,25,1,0,24,23,16867,0,0,0,0,2
2020-06-04,US,Georgia,Randolph,181,19,0,31.76622818,-84.75732369,13243.0,2670.404249041015,10.497237569060774,162,179,19,0,160,179,6833,2,0,0,2,0
2020-06-04,US,Georgia,Richmond,609,25,0,33.35777107,-82.07026432,13245.0,300.7140106064646,4.105090311986864,584,606,25,0,581,598,201554,3,0,0,3,8
2020-06-04,US,Georgia,Rockdale,302,8,0,33.65145002,-84.02202167,13247.0,332.24784368949133,2.6490066225165565,294,297,8,0,289,289,90594,5,0,0,5,8
2020-06-04,US,Georgia,Schley,17,1,0,32.2654021,-84.31258912,13249.0,323.378352672627,5.882352941176472,16,16,1,0,15,16,5236,1,0,0,1,0
2020-06-04,US,Georgia,Screven,56,3,0,32.74976524,-81.60779441,13251.0,400.9737934984963,5.357142857142857,53,55,3,0,52,55,13938,1,0,0,1,0
2020-06-04,US,Georgia,Seminole,45,2,0,30.93464824,-84.86823924,13253.0,556.2422744128554,4.4444444444444455,43,45,2,0,43,45,8315,0,0,0,0,0
2020-06-04,US,Georgia,Spalding,281,22,0,33.26310031,-84.28013991,13255.0,421.2704076278428,7.829181494661921,259,280,22,0,258,277,66100,1,0,0,1,3
2020-06-04,US,Georgia,Stephens,147,3,0,34.55151201,-83.29405315,13257.0,567.0202507232401,2.0408163265306123,144,147,3,0,144,147,26035,0,0,0,0,0
2020-06-04,US,Georgia,Stewart,54,1,0,32.07996777,-84.83208037,13259.0,815.5867693701857,1.851851851851852,53,53,1,0,52,52,6199,1,0,0,1,1
2020-06-04,US,Georgia,Sumter,490,44,0,32.03650571,-84.19821492,13261.0,1659.6667118276655,8.979591836734693,446,490,44,0,446,489,29733,0,0,0,0,1
2020-06-04,US,Georgia,Talbot,40,2,0,32.69642758,-84.53351366,13263.0,645.682001614205,5.0,38,40,2,0,38,39,6272,0,0,0,0,1
2020-06-04,US,Georgia,Taliaferro,1,0,0,33.56543317,-82.88136816,13265.0,65.06180871828235,0.0,1,1,0,0,1,1,1608,0,0,0,0,0
2020-06-04,US,Georgia,Tattnall,29,0,0,32.04785085,-82.05539188,13267.0,114.68796962746185,0.0,29,29,0,0,29,27,25391,0,0,0,0,2
2020-06-04,US,Georgia,Taylor,23,2,0,32.55792548,-84.25077141,13269.0,286.78304239401496,8.695652173913043,21,23,2,0,21,22,8039,0,0,0,0,1
2020-06-04,US,Georgia,Telfair,38,1,0,31.92829517,-82.93491155,13271.0,239.59646910466583,2.631578947368421,37,37,1,0,36,37,15876,1,0,0,1,0
2020-06-04,US,Georgia,Terrell,217,26,0,31.77527543,-84.44069698,13273.0,2543.664283202438,11.981566820276498,191,215,26,0,189,213,8611,2,0,0,2,2
2020-06-04,US,Georgia,Thomas,349,32,0,30.86392347,-83.91847289,13275.0,785.1341927065757,9.169054441260744,317,346,32,0,314,332,44448,3,0,0,3,14
2020-06-04,US,Georgia,Tift,277,18,0,31.45743864,-83.5236119,13277.0,681.5274087196143,6.498194945848375,259,271,18,0,253,270,40571,6,0,0,6,1
2020-06-04,US,Georgia,Toombs,60,4,0,32.12059861,-82.32957247,13279.0,223.63026462914647,6.666666666666668,56,58,4,0,54,56,26887,2,0,0,2,2
2020-06-04,US,Georgia,Towns,27,1,0,34.91369188,-83.74107459999998,13281.0,224.30838248733073,3.703703703703704,26,26,1,0,25,24,11852,1,0,0,1,2
2020-06-04,US,Georgia,Treutlen,13,0,0,32.40422134,-82.56904553,13283.0,188.37849587016373,0.0,13,13,0,0,13,12,6809,0,0,0,0,1
2020-06-04,US,Georgia,Troup,363,11,0,33.03349196,-85.02812115,13285.0,519.1499098996023,3.0303030303030303,352,345,11,0,334,320,70034,18,0,0,18,25
2020-06-04,US,Georgia,Turner,134,13,0,31.71612656,-83.62069378,13287.0,1678.146524733876,9.701492537313431,121,134,13,0,121,128,7912,0,0,0,0,6
2020-06-04,US,Georgia,Twiggs,18,1,0,32.67435595,-83.43078662,13289.0,221.67487684729062,5.5555555555555545,17,18,1,0,17,17,8188,0,0,0,0,1
2020-06-04,US,Georgia,Unassigned,1196,0,0,0.0,0.0,90013.0,0.0,0.0,1196,1338,0,0,1338,1561,,-142,0,0,-142,-223
2020-06-04,US,Georgia,Union,48,1,0,34.82995757,-83.98967069,13291.0,195.83044347435845,2.083333333333333,47,48,1,0,47,46,24001,0,0,0,0,2
2020-06-04,US,Georgia,Upson,290,34,0,32.87920671,-84.30024826,13293.0,1101.8237082066871,11.724137931034482,256,290,34,0,256,284,26215,0,0,0,0,6
2020-06-04,US,Georgia,Walker,178,0,0,34.73376362,-85.30165174,13295.0,255.1568928197704,0.0,178,171,0,0,171,162,69410,7,0,0,7,9
2020-06-04,US,Georgia,Walton,288,15,0,33.78017694,-83.73552314,13297.0,304.46227522121086,5.208333333333333,273,273,15,0,258,269,93503,15,0,0,15,4
2020-06-04,US,Georgia,Ware,238,14,0,31.05449097,-82.42224148,13299.0,666.0323501427213,5.882352941176472,224,234,14,0,220,228,35680,4,0,0,4,6
2020-06-04,US,Georgia,Warren,18,0,0,33.41146451,-82.67795848,13301.0,342.59611724400463,0.0,18,18,0,0,18,18,5251,0,0,0,0,0
2020-06-04,US,Georgia,Washington,74,1,0,32.96711864,-82.79357039,13303.0,363.20801020909,1.351351351351351,73,74,1,0,73,74,20386,0,0,0,0,0
2020-06-04,US,Georgia,Wayne,22,0,0,31.5521809,-81.91894878,13305.0,73.51221305175928,0.0,22,22,0,0,22,20,29808,0,0,0,0,2
2020-06-04,US,Georgia,Webster,13,1,0,32.04066113,-84.54742852,13307.0,498.6574606827771,7.6923076923076925,12,13,1,0,12,13,2611,0,0,0,0,0
2020-06-04,US,Georgia,Wheeler,13,0,0,32.12009104,-82.72574721,13309.0,165.49968173138132,0.0,13,13,0,0,13,13,7879,0,0,0,0,0
2020-06-04,US,Georgia,White,110,3,0,34.64624278,-83.74905525,13311.0,357.16604974348985,2.727272727272727,107,105,3,0,102,103,29970,5,0,0,5,2
2020-06-04,US,Georgia,Whitfield,427,7,0,34.80987459,-84.96093476,13313.0,408.1125511335398,1.639344262295082,420,408,7,0,401,391,104062,19,0,0,19,17
2020-06-04,US,Georgia,Wilcox,117,13,0,31.97496928,-83.43438555,13315.0,1354.950781702374,11.111111111111109,104,117,13,0,104,117,8812,0,0,0,0,0
2020-06-04,US,Georgia,Wilkes,34,1,0,33.78290391,-82.74286107,13317.0,347.75493505165184,2.9411764705882355,33,34,1,0,33,33,9876,0,0,0,0,1
2020-06-04,US,Georgia,Wilkinson,70,7,0,32.80291082,-83.17140684,13319.0,781.7735090462363,10.0,63,69,7,0,62,70,9036,1,0,0,1,-1
2020-06-04,US,Georgia,Worth,228,21,0,31.55162306,-83.85090513,13321.0,1126.0927544821454,9.210526315789474,207,226,21,0,205,223,20299,2,0,0,2,3
2020-06-04,US,Hawaii,Hawaii,81,0,0,19.60121157,-155.5210167,15001.0,40.195917881228496,0.0,81,81,0,0,81,81,200983,0,0,0,0,0
2020-06-04,US,Hawaii,Honolulu,424,11,0,21.45803166,-157.97121819999995,15003.0,43.50667940399953,2.5943396226415096,413,423,11,0,412,422,980080,1,0,0,1,1
2020-06-04,US,Hawaii,Kauai,20,0,0,22.03935037,-159.5966786,15007.0,27.665195800423284,0.0,20,20,0,0,20,20,72133,0,0,0,0,0
2020-06-04,US,Hawaii,Maui,119,6,0,20.86399628,-156.56890969999995,15009.0,71.07999784968074,5.042016806722689,113,119,6,0,113,120,167207,0,0,0,0,-1
2020-06-04,US,Hawaii,Out of HI,11,0,0,0.0,0.0,80015.0,0.0,0.0,11,10,0,0,10,10,,1,0,0,1,0
2020-06-04,US,Idaho,Ada,823,22,0,43.4526575,-116.24155159999998,16001.0,170.89331730300032,2.67314702308627,801,818,22,0,796,818,469966,5,0,0,5,0
2020-06-04,US,Idaho,Adams,3,0,0,44.89333571,-116.4545247,16003.0,69.86492780624127,0.0,3,3,0,0,3,3,4250,0,0,0,0,0
2020-06-04,US,Idaho,Bannock,37,1,0,42.67002716,-112.2233311,16005.0,42.137390670553934,2.702702702702702,36,34,1,0,33,34,87138,3,0,0,3,0
2020-06-04,US,Idaho,Benewah,14,0,0,47.21754179,-116.6586851,16009.0,150.57001505700148,0.0,14,12,0,0,12,12,9226,2,0,0,2,0
2020-06-04,US,Idaho,Bingham,11,0,0,43.21672879999999,-112.3978437,16011.0,23.49875029373438,0.0,11,8,0,0,8,8,46236,3,0,0,3,0
2020-06-04,US,Idaho,Blaine,514,5,0,43.4085812,-113.9752658,16013.0,2232.7440163329134,0.9727626459143968,509,512,5,0,507,512,22601,2,0,0,2,0
2020-06-04,US,Idaho,Bonner,6,0,0,48.29996017,-116.6017932,16017.0,13.117908130916724,0.0,6,6,0,0,6,6,44727,0,0,0,0,0
2020-06-04,US,Idaho,Bonneville,56,0,0,43.38713372,-111.6161537,16019.0,47.034318254354865,0.0,56,51,0,0,51,51,116854,5,0,0,5,0
2020-06-04,US,Idaho,Camas,1,0,0,43.46665742,-114.8065892,16025.0,90.41591320072331,0.0,1,1,0,0,1,1,1127,0,0,0,0,0
2020-06-04,US,Idaho,Canyon,315,6,0,43.61970148,-116.70954990000001,16027.0,137.04649574285727,1.9047619047619049,309,310,6,0,304,310,223499,5,0,0,5,0
2020-06-04,US,Idaho,Caribou,3,0,0,42.77149116,-111.5597683,16029.0,41.9287211740042,0.0,3,1,0,0,1,1,7060,2,0,0,2,0
2020-06-04,US,Idaho,Cassia,89,1,0,42.28347888,-113.6012409,16031.0,370.3703703703704,1.1235955056179776,88,85,1,0,84,85,23864,4,0,0,4,0
2020-06-04,US,Idaho,Custer,2,0,0,44.24186819,-114.2855494,16037.0,46.349942062572424,0.0,2,2,0,0,2,2,4280,0,0,0,0,0
2020-06-04,US,Idaho,Elmore,32,2,0,43.3507101,-115.4701578,16039.0,116.31710951982843,6.25,30,31,2,0,29,31,27259,1,0,0,1,0
2020-06-04,US,Idaho,Franklin,9,0,0,42.18332217,-111.81496659999999,16041.0,64.86019025655807,0.0,9,9,0,0,9,9,13726,0,0,0,0,0
2020-06-04,US,Idaho,Fremont,4,0,0,44.22800938,-111.48099429999999,16043.0,30.536682189480114,0.0,4,3,0,0,3,3,13168,1,0,0,1,0
2020-06-04,US,Idaho,Gem,17,0,0,44.06482372,-116.398376,16045.0,93.86042402826857,0.0,17,17,0,0,17,17,17634,0,0,0,0,0
2020-06-04,US,Idaho,Gooding,50,0,0,42.96927962,-114.81083059999999,16047.0,329.4024639304302,0.0,50,49,0,0,49,49,15196,1,0,0,1,0
2020-06-04,US,Idaho,Idaho,3,0,0,45.84721541,-115.4634436,16049.0,17.999640007199854,0.0,3,3,0,0,3,3,16513,0,0,0,0,0
2020-06-04,US,Idaho,Jefferson,9,0,0,43.82078483,-112.3131749,16051.0,30.12955709551069,0.0,9,7,0,0,7,7,29439,2,0,0,2,0
2020-06-04,US,Idaho,Jerome,180,2,0,42.68891267,-114.2655033,16053.0,737.3422906767163,1.1111111111111112,178,175,2,0,173,175,24015,5,0,0,5,0
2020-06-04,US,Idaho,Kootenai,74,0,0,47.67282258,-116.7020872,16055.0,44.65983089615382,0.0,74,73,0,0,73,73,161505,1,0,0,1,0
2020-06-04,US,Idaho,Latah,7,0,0,46.81587887,-116.71136979999999,16057.0,17.452877231475018,0.0,7,7,0,0,7,7,40134,0,0,0,0,0
2020-06-04,US,Idaho,Lemhi,1,0,0,44.9438088,-113.9309747,16059.0,12.457954403886884,0.0,1,1,0,0,1,1,7961,0,0,0,0,0
2020-06-04,US,Idaho,Lincoln,33,0,0,43.0012336,-114.1358773,16063.0,614.9832277301529,0.0,33,33,0,0,33,33,5360,0,0,0,0,0
2020-06-04,US,Idaho,Madison,25,0,0,43.78141028,-111.65384740000002,16065.0,62.64565113889793,0.0,25,21,0,0,21,21,39304,4,0,0,4,0
2020-06-04,US,Idaho,Minidoka,61,0,0,42.85518524,-113.6357257,16067.0,289.93773468320734,0.0,61,58,0,0,58,58,20825,3,0,0,3,0
2020-06-04,US,Idaho,Nez Perce,83,19,0,46.32638236,-116.75009750000001,16069.0,205.4048703227084,22.891566265060238,64,82,19,0,63,82,40408,1,0,0,1,0
2020-06-04,US,Idaho,Owyhee,8,0,0,42.58016894,-116.16938710000001,16073.0,67.66472130592912,0.0,8,8,0,0,8,8,11693,0,0,0,0,0
2020-06-04,US,Idaho,Payette,25,2,0,44.00545243,-116.7647695,16075.0,104.37977537472341,8.0,23,23,2,0,21,23,23551,2,0,0,2,0
2020-06-04,US,Idaho,Power,6,0,0,42.69254894,-112.83957420000002,16077.0,78.11482879833355,0.0,6,6,0,0,6,6,7768,0,0,0,0,0
2020-06-04,US,Idaho,Teton,11,0,0,43.75303583,-111.2056773,16081.0,90.59463020919122,0.0,11,11,0,0,11,11,11640,0,0,0,0,0
2020-06-04,US,Idaho,Twin Falls,432,23,0,42.35440512,-114.6685381,16083.0,497.2490158613228,5.324074074074074,409,428,23,0,405,428,86081,4,0,0,4,0
2020-06-04,US,Idaho,Valley,2,0,0,44.76728382,-115.5676773,16085.0,17.5561797752809,0.0,2,2,0,0,2,2,11041,0,0,0,0,0
2020-06-04,US,Idaho,Washington,44,0,0,44.45275475,-116.78476880000001,16087.0,431.6264469295663,0.0,44,43,0,0,43,43,10161,1,0,0,1,0
2020-06-04,US,Illinois,Adams,44,1,0,39.98815591,-91.18786813,17001.0,67.24230152059296,2.272727272727273,43,44,1,0,43,44,65691,0,0,0,0,0
2020-06-04,US,Illinois,Alexander,12,0,0,37.18049267,-89.32910838,17003.0,208.29717063009892,0.0,12,12,0,0,12,8,6060,0,0,0,0,4
2020-06-04,US,Illinois,Bond,12,1,0,38.88829622,-89.43534887,17005.0,73.0549129428954,8.333333333333334,11,12,1,0,11,12,16630,0,0,0,0,0
2020-06-04,US,Illinois,Boone,488,17,0,42.32359279,-88.82345779,17007.0,911.3999701180337,3.4836065573770494,471,481,17,0,464,476,53577,7,0,0,7,5
2020-06-04,US,Illinois,Brown,10,0,0,39.96209138,-90.75068024,17009.0,152.02189115232594,0.0,10,10,0,0,10,10,6556,0,0,0,0,0
2020-06-04,US,Illinois,Bureau,17,1,0,41.40385234,-89.5283051,17011.0,52.102488660046596,5.882352941176472,16,17,1,0,16,15,32993,0,0,0,0,2
2020-06-04,US,Illinois,Calhoun,1,0,0,39.16840183,-90.66330078,17013.0,21.101498206372653,0.0,1,1,0,0,1,1,4802,0,0,0,0,0
2020-06-04,US,Illinois,Carroll,15,2,0,42.06823429,-89.93395545,17015.0,104.85844110450891,13.333333333333336,13,15,2,0,13,15,14312,0,0,0,0,0
2020-06-04,US,Illinois,Cass,74,0,0,39.96991073,-90.24734436,17017.0,609.2039186630443,0.0,74,74,0,0,74,74,12260,0,0,0,0,0
2020-06-04,US,Illinois,Champaign,671,7,0,40.13919438,-88.20046615,17019.0,319.99771089565974,1.0432190760059612,664,661,7,0,654,652,209983,10,0,0,10,9
2020-06-04,US,Illinois,Christian,35,4,0,39.54581621,-89.27780482,17021.0,108.34571570084199,11.428571428571427,31,35,4,0,31,35,32661,0,0,0,0,0
2020-06-04,US,Illinois,Clark,11,0,0,39.33425789,-87.78705622,17023.0,71.23890939705977,0.0,11,11,0,0,11,11,15596,0,0,0,0,0
2020-06-04,US,Illinois,Clay,2,0,0,38.75388572,-88.48914513,17025.0,15.169902912621357,0.0,2,2,0,0,2,2,13253,0,0,0,0,0
2020-06-04,US,Illinois,Clinton,189,17,0,38.60704876,-89.42385254,17027.0,503.1680954155796,8.994708994708995,172,188,17,0,171,188,37639,1,0,0,1,0
2020-06-04,US,Illinois,Coles,129,17,0,39.51949084,-88.22358557,17029.0,254.83494992196918,13.178294573643413,112,128,16,0,112,127,50885,1,1,0,0,1
2020-06-04,US,Illinois,Cook,80713,3846,0,41.84144849,-87.81658794,17031.0,1567.1718153334036,4.7650316553715015,76867,80204,3780,0,76424,79673,5180493,509,66,0,443,531
2020-06-04,US,Illinois,Crawford,11,0,0,39.0032229,-87.75954624,17033.0,58.92751915144373,0.0,11,12,0,0,12,12,18807,-1,0,0,-1,0
2020-06-04,US,Illinois,Cumberland,10,0,0,39.27432424,-88.2401158,17035.0,92.88500835965077,0.0,10,10,0,0,10,10,10808,0,0,0,0,0
2020-06-04,US,Illinois,De Witt,4,0,0,40.17514519,-88.90959682,17039.0,25.57871850620284,0.0,4,4,0,0,4,4,15769,0,0,0,0,0
2020-06-04,US,Illinois,DeKalb,443,8,0,41.89373302,-88.76958483,17037.0,422.3190367694024,1.8058690744920995,435,435,6,0,429,422,104143,8,2,0,6,13
2020-06-04,US,Illinois,Douglas,28,0,0,39.76768052,-88.21854195,17041.0,143.84793218597486,0.0,28,28,0,0,28,28,19479,0,0,0,0,0
2020-06-04,US,Illinois,DuPage,7939,392,0,41.85116968,-88.08642662,17043.0,860.2036360641919,4.937649578032498,7547,7891,383,0,7508,7818,928589,48,9,0,39,73
2020-06-04,US,Illinois,Edgar,1,0,0,39.6809186,-87.74759563,17045.0,5.827166249053086,0.0,1,1,0,0,1,1,17360,0,0,0,0,0
2020-06-04,US,Illinois,Edwards,2,0,0,38.41353228,-88.05720863,17047.0,31.27443315089914,0.0,2,2,0,0,2,2,6392,0,0,0,0,0
2020-06-04,US,Illinois,Effingham,7,1,0,39.05935711,-88.58969584,17049.0,20.58339214302517,14.285714285714285,6,7,1,0,6,7,34208,0,0,0,0,0
2020-06-04,US,Illinois,Fayette,21,3,0,39.00072038,-89.02452658,17051.0,98.42519685039369,14.285714285714285,18,21,3,0,18,21,21416,0,0,0,0,0
2020-06-04,US,Illinois,Ford,20,1,0,40.59706922,-88.22350769,17053.0,154.30908108942208,5.0,19,20,1,0,19,20,13264,0,0,0,0,0
2020-06-04,US,Illinois,Franklin,12,0,0,37.99189086,-88.92567818,17055.0,31.19394837401544,0.0,12,12,0,0,12,12,38701,0,0,0,0,0
2020-06-04,US,Illinois,Fulton,12,0,0,40.47289135,-90.20862357,17057.0,34.944670937682005,0.0,12,12,0,0,12,12,34844,0,0,0,0,0
2020-06-04,US,Illinois,Gallatin,2,0,0,37.76430935,-88.22953869,17059.0,41.42502071251035,0.0,2,2,0,0,2,2,5058,0,0,0,0,0
2020-06-04,US,Illinois,Greene,6,0,0,39.35907414,-90.388865,17061.0,46.26416840157298,0.0,6,6,0,0,6,5,13044,0,0,0,0,1
2020-06-04,US,Illinois,Grundy,107,2,0,41.28569601,-88.41905692,17063.0,209.58201120382338,1.8691588785046729,105,104,2,0,102,101,50972,3,0,0,3,3
2020-06-04,US,Illinois,Hamilton,2,0,0,38.08163641,-88.53883373,17065.0,24.64268112370626,0.0,2,2,0,0,2,2,8163,0,0,0,0,0
2020-06-04,US,Illinois,Hancock,17,1,0,40.40423981,-91.16313899,17067.0,96.00180709283941,5.882352941176472,16,17,1,0,16,17,17844,0,0,0,0,0
2020-06-04,US,Illinois,Hardin,1,0,0,37.51810645,-88.26873022,17069.0,26.17115938236064,0.0,1,1,0,0,1,1,3910,0,0,0,0,0
2020-06-04,US,Illinois,Henderson,8,0,0,40.81908672,-90.92491462,17071.0,120.37315678603672,0.0,8,8,0,0,8,8,6709,0,0,0,0,0
2020-06-04,US,Illinois,Henry,70,0,0,41.3533994,-90.13296166,17073.0,143.1112383211007,0.0,70,70,0,0,70,69,49090,0,0,0,0,1
2020-06-04,US,Illinois,Iroquois,133,4,0,40.74717633,-87.82466784,17075.0,490.5215018071845,3.0075187969924815,129,133,4,0,129,132,27604,0,0,0,0,1
2020-06-04,US,Illinois,Jackson,296,10,0,37.78595185,-89.38232563,17077.0,521.5859030837005,3.3783783783783785,286,293,10,0,283,289,57419,3,0,0,3,4
2020-06-04,US,Illinois,Jasper,46,7,0,39.01054275,-88.15437049,17079.0,478.6680541103018,15.217391304347824,39,46,7,0,39,46,9611,0,0,0,0,0
2020-06-04,US,Illinois,Jefferson,101,16,0,38.29980057,-88.9240025,17081.0,268.0182570852351,15.84158415841584,85,101,16,0,85,101,37820,0,0,0,0,0
2020-06-04,US,Illinois,Jersey,24,1,0,39.08869046,-90.35393073,17083.0,110.22826436412072,4.166666666666667,23,24,1,0,23,24,21847,0,0,0,0,0
2020-06-04,US,Illinois,Jo Daviess,32,1,0,42.36542373,-90.21094405,17085.0,150.69460795855895,3.125,31,32,0,0,32,32,21366,0,1,0,-1,0
2020-06-04,US,Illinois,Johnson,11,0,0,37.45939802,-88.88165419,17087.0,88.58822581944109,0.0,11,10,0,0,10,9,12456,1,0,0,1,1
2020-06-04,US,Illinois,Kane,6581,197,0,41.93842729,-88.42861412,17089.0,1236.093710967068,2.9934660385959577,6384,6518,192,0,6326,6467,534216,63,5,0,58,51
2020-06-04,US,Illinois,Kankakee,975,53,0,41.13746989,-87.86205334,17091.0,887.4770166208516,5.435897435897436,922,959,51,0,908,930,110024,16,2,0,14,29
2020-06-04,US,Illinois,Kendall,833,19,0,41.59081014,-88.42869583,17093.0,645.7864950771377,2.2809123649459786,814,825,19,0,806,819,127915,8,0,0,8,6
2020-06-04,US,Illinois,Knox,102,0,0,40.93148779,-90.21330340000002,17095.0,205.2355178172599,0.0,102,101,0,0,101,101,50112,1,0,0,1,0
2020-06-04,US,Illinois,LaSalle,159,16,0,41.34426129999999,-88.88633881,17099.0,146.3158766529553,10.062893081761006,143,157,14,0,143,154,109430,2,2,0,0,3
2020-06-04,US,Illinois,Lake,8584,330,0,42.3224907,-88.00367925,17097.0,1232.3860251100086,3.8443616029822927,8254,8511,315,0,8196,8450,700832,73,15,0,58,61
2020-06-04,US,Illinois,Lawrence,4,0,0,38.71987914,-87.72884035,17101.0,25.513458349279247,0.0,4,4,0,0,4,4,15765,0,0,0,0,0
2020-06-04,US,Illinois,Lee,82,1,0,41.74583951,-89.29977132,17103.0,240.49741905208825,1.2195121951219512,81,82,1,0,81,82,34223,0,0,0,0,0
2020-06-04,US,Illinois,Livingston,36,2,0,40.89188292,-88.55784752,17105.0,100.98743267504489,5.5555555555555545,34,36,2,0,34,34,35761,0,0,0,0,2
2020-06-04,US,Illinois,Logan,11,0,0,40.12581572,-89.36638784,17107.0,38.43734712418758,0.0,11,11,0,0,11,11,28925,0,0,0,0,0
2020-06-04,US,Illinois,Macon,199,20,0,39.86064913,-88.96342505,17115.0,191.32959647722797,10.050251256281408,179,195,19,0,176,194,104712,4,1,0,3,1
2020-06-04,US,Illinois,Macoupin,46,2,0,39.26119767,-89.92424028,17117.0,102.39059787205628,4.3478260869565215,44,46,2,0,44,46,45313,0,0,0,0,0
2020-06-04,US,Illinois,Madison,612,65,0,38.83042506,-89.90422563,17119.0,232.72970650198124,10.620915032679738,547,600,64,0,536,595,264461,12,1,0,11,5
2020-06-04,US,Illinois,Marion,51,0,0,38.64963204,-88.91899208,17121.0,137.07834968418226,0.0,51,51,0,0,51,50,37620,0,0,0,0,1
2020-06-04,US,Illinois,Marshall,5,0,0,41.0327901,-89.34510444,17123.0,43.7139360027977,0.0,5,5,0,0,5,5,11534,0,0,0,0,0
2020-06-04,US,Illinois,Mason,18,0,0,40.23917274,-89.91824452,17125.0,134.74062429822592,0.0,18,18,0,0,18,18,13565,0,0,0,0,0
2020-06-04,US,Illinois,Massac,7,0,0,37.22078441,-88.71036614,17127.0,50.827766482718566,0.0,7,7,0,0,7,7,14080,0,0,0,0,0
2020-06-04,US,Illinois,McDonough,93,13,0,40.45674722,-90.67775541,17109.0,313.32120477056804,13.978494623655912,80,94,13,0,81,91,29955,-1,0,0,-1,3
2020-06-04,US,Illinois,McHenry,1660,78,0,42.32451172,-88.45248227,17111.0,539.3568007693957,4.698795180722891,1582,1628,78,0,1550,1606,308570,32,0,0,32,22
2020-06-04,US,Illinois,McLean,224,13,0,40.48996987,-88.84621113,17113.0,130.599299194832,5.803571428571429,211,224,13,0,211,221,172828,0,0,0,0,3
2020-06-04,US,Illinois,Menard,20,0,0,40.02742725,-89.80246001,17129.0,163.9881928501148,0.0,20,20,0,0,20,20,12288,0,0,0,0,0
2020-06-04,US,Illinois,Mercer,18,0,0,41.20596782,-90.74290052,17131.0,116.60296689771327,0.0,18,17,0,0,17,17,15601,1,0,0,1,0
2020-06-04,US,Illinois,Monroe,98,12,0,38.27594376,-90.17761038,17133.0,282.93443427548567,12.244897959183671,86,97,12,0,85,96,34335,1,0,0,1,1
2020-06-04,US,Illinois,Montgomery,41,1,0,39.23198845,-89.47809254,17135.0,144.29506581262757,2.4390243902439024,40,40,1,0,39,40,28601,1,0,0,1,0
2020-06-04,US,Illinois,Morgan,42,1,0,39.71654544,-90.20255104,17137.0,124.7845980153307,2.380952380952381,41,39,1,0,38,38,33976,3,0,0,3,1
2020-06-04,US,Illinois,Moultrie,12,0,0,39.64187451,-88.62099969,17139.0,82.75291359216604,0.0,12,12,0,0,12,11,14717,0,0,0,0,1
2020-06-04,US,Illinois,Ogle,223,3,0,42.04165196,-89.32184679,17141.0,440.33726280038695,1.345291479820628,220,214,3,0,211,214,50923,9,0,0,9,0
2020-06-04,US,Illinois,Out of IL,119,1,0,0.0,0.0,80017.0,0.0,0.8403361344537815,118,120,1,0,119,115,,-1,0,0,-1,5
2020-06-04,US,Illinois,Peoria,286,11,0,40.78702156,-89.76078901,17143.0,159.6169193934557,3.8461538461538463,275,273,11,0,262,262,180621,13,0,0,13,11
2020-06-04,US,Illinois,Perry,42,0,0,38.08510853,-89.36856219,17145.0,200.8032128514056,0.0,42,42,0,0,42,41,21174,0,0,0,0,1
2020-06-04,US,Illinois,Piatt,11,0,0,40.01360584,-88.59319339,17147.0,67.30298580518844,0.0,11,11,0,0,11,11,16396,0,0,0,0,0
2020-06-04,US,Illinois,Pike,1,0,0,39.62265059,-90.8877017,17149.0,6.426322215795901,0.0,1,1,0,0,1,1,15611,0,0,0,0,0
2020-06-04,US,Illinois,Pope,1,0,0,37.41391284,-88.56152109,17151.0,23.94062724443381,0.0,1,1,0,0,1,1,4212,0,0,0,0,0
2020-06-04,US,Illinois,Pulaski,57,0,0,37.22631423,-89.13085001,17153.0,1068.4161199625116,0.0,57,56,0,0,56,55,5463,1,0,0,1,1
2020-06-04,US,Illinois,Putnam,1,0,0,41.2013541,-89.2869272,17155.0,17.424638438752392,0.0,1,1,0,0,1,1,5740,0,0,0,0,0
2020-06-04,US,Illinois,Randolph,273,4,0,38.05095369,-89.82512254,17157.0,858.9767793090429,1.465201465201465,269,271,4,0,267,270,32106,2,0,0,2,1
2020-06-04,US,Illinois,Richland,4,0,0,38.71240969,-88.08475366,17159.0,25.78482563011668,0.0,4,3,0,0,3,3,15763,1,0,0,1,0
2020-06-04,US,Illinois,Rock Island,694,24,0,41.46613806,-90.57042164,17161.0,489.1492046039231,3.4582132564841497,670,691,24,0,667,683,143477,3,0,0,3,8
2020-06-04,US,Illinois,Saline,7,0,0,37.75332999,-88.54119706,17165.0,29.798646290068536,0.0,7,7,0,0,7,7,23906,0,0,0,0,0
2020-06-04,US,Illinois,Sangamon,359,29,0,39.75836914,-89.65872023,17167.0,184.41275581490916,8.07799442896936,330,353,29,0,324,350,195348,6,0,0,6,3
2020-06-04,US,Illinois,Schuyler,13,0,0,40.157179799999994,-90.61114163,17169.0,192.08037825059105,0.0,13,13,0,0,13,13,6907,0,0,0,0,0
2020-06-04,US,Illinois,Shelby,16,1,0,39.39133527,-88.80611122,17173.0,73.95765924008505,6.25,15,16,1,0,15,16,21741,0,0,0,0,0
2020-06-04,US,Illinois,St. Clair,1227,91,0,38.46996033,-89.93063427,17163.0,472.493703934752,7.416462917685411,1136,1210,89,0,1121,1172,261059,17,2,0,15,38
2020-06-04,US,Illinois,Stark,3,0,0,41.09309773,-89.79745866,17175.0,56.15874204417821,0.0,3,3,0,0,3,3,5427,0,0,0,0,0
2020-06-04,US,Illinois,Stephenson,209,5,0,42.35129217,-89.662598,17177.0,469.6840307429548,2.392344497607656,204,210,5,0,205,211,44753,-1,0,0,-1,-1
2020-06-04,US,Illinois,Tazewell,78,5,0,40.50716185,-89.51404662,17179.0,59.1792296078238,6.410256410256411,73,78,5,0,73,74,132328,0,0,0,0,4
2020-06-04,US,Illinois,Unassigned,84,0,0,0.0,0.0,90017.0,0.0,0.0,84,105,0,0,105,147,,-21,0,0,-21,-42
2020-06-04,US,Illinois,Union,171,14,0,37.47119609,-89.25548938,17181.0,1026.8420104485679,8.187134502923977,157,168,13,0,155,157,16841,3,1,0,2,11
2020-06-04,US,Illinois,Vermilion,41,1,0,40.18417171,-87.73384359,17183.0,54.11969692969719,2.4390243902439024,40,40,1,0,39,40,76806,1,0,0,1,0
2020-06-04,US,Illinois,Wabash,6,0,0,38.44272901,-87.84922065,17185.0,52.08333333333334,0.0,6,5,0,0,5,5,11549,1,0,0,1,0
2020-06-04,US,Illinois,Warren,120,0,0,40.84925021,-90.6147432,17187.0,712.4198527665637,0.0,120,118,0,0,118,117,17032,2,0,0,2,1
2020-06-04,US,Illinois,Washington,19,0,0,38.35309213,-89.40982703,17189.0,136.81860733059696,0.0,19,19,0,0,19,18,13995,0,0,0,0,1
2020-06-04,US,Illinois,Wayne,9,1,0,38.42955355,-88.42586459,17191.0,55.50416281221092,11.111111111111109,8,9,1,0,8,9,16332,0,0,0,0,0
2020-06-04,US,Illinois,White,2,0,0,38.08706198,-88.17657461,17193.0,14.774322227967794,0.0,2,2,0,0,2,2,13665,0,0,0,0,0
2020-06-04,US,Illinois,Whiteside,147,13,0,41.75509713,-89.91556058,17195.0,266.425011327594,8.843537414965986,134,144,13,0,131,142,55626,3,0,0,3,2
2020-06-04,US,Illinois,Will,5742,284,0,41.44619267,-87.97862712,17197.0,831.2787824125617,4.946011842563567,5458,5704,282,0,5422,5649,692310,38,2,0,36,55
2020-06-04,US,Illinois,Williamson,74,3,0,37.73033511,-88.92994027,17199.0,111.11611634157694,4.0540540540540535,71,71,2,0,69,68,67056,3,1,0,2,3
2020-06-04,US,Illinois,Winnebago,2397,61,0,42.33641854,-89.16085327,17201.0,848.2793765836673,2.5448477263245723,2336,2354,57,0,2297,2313,284081,43,4,0,39,41
2020-06-04,US,Illinois,Woodford,21,2,0,40.78579374,-89.20973757,17203.0,54.6036038378533,9.523809523809524,19,21,2,0,19,21,38463,0,0,0,0,0
2020-06-04,US,Indiana,Adams,21,1,0,40.7457653,-84.93671406,18001.0,58.69692819409118,4.761904761904762,20,20,1,0,19,20,35636,1,0,0,1,0
2020-06-04,US,Indiana,Allen,1753,71,0,41.09194313,-85.06800636,18003.0,462.16836849029386,4.050199657729607,1682,1743,71,0,1672,1711,375351,10,0,0,10,32
2020-06-04,US,Indiana,Bartholomew,527,39,0,39.20744865,-85.89558181,18005.0,629.035915921651,7.400379506641366,488,522,38,0,484,521,82753,5,1,0,4,1
2020-06-04,US,Indiana,Benton,32,0,0,40.60626947,-87.31093999,18007.0,365.7978966620942,0.0,32,32,0,0,32,32,8653,0,0,0,0,0
2020-06-04,US,Indiana,Blackford,27,2,0,40.47388153,-85.32499702,18009.0,229.63088960707603,7.407407407407407,25,27,2,0,25,27,11930,0,0,0,0,0
2020-06-04,US,Indiana,Boone,324,35,0,40.0509304,-86.46841646,18011.0,477.5732205238566,10.802469135802466,289,318,35,0,283,316,66999,6,0,0,6,2
2020-06-04,US,Indiana,Brown,33,1,0,39.19605589,-86.22868909,18013.0,218.65889212827992,3.0303030303030303,32,33,1,0,32,33,15234,0,0,0,0,0
2020-06-04,US,Indiana,Carroll,94,3,0,40.580783200000006,-86.56198812,18015.0,464.03712296983764,3.191489361702128,91,93,3,0,90,93,20127,1,0,0,1,0
2020-06-04,US,Indiana,Cass,1592,7,0,40.76135835,-86.34830753,18017.0,4224.044150813234,0.4396984924623116,1585,1592,7,0,1585,1592,37955,0,0,0,0,0
2020-06-04,US,Indiana,Clark,530,41,0,38.48015445,-85.70510334,18019.0,448.0059508714984,7.735849056603772,489,528,41,0,487,519,117360,2,0,0,2,9
2020-06-04,US,Indiana,Clay,53,3,0,39.39561833,-87.11723506,18021.0,202.09723546234508,5.660377358490566,50,52,2,0,50,51,26170,1,1,0,0,1
2020-06-04,US,Indiana,Clinton,246,1,0,40.30319754,-86.47277257,18023.0,759.282693910306,0.4065040650406504,245,240,1,0,239,238,32250,6,0,0,6,2
2020-06-04,US,Indiana,Crawford,24,0,0,38.28814402,-86.44518825,18025.0,226.90744067315876,0.0,24,24,0,0,24,24,10558,0,0,0,0,0
2020-06-04,US,Indiana,Daviess,99,16,0,38.70186039,-87.07185406,18027.0,296.84267338310696,16.161616161616163,83,95,16,0,79,94,33147,4,0,0,4,1
2020-06-04,US,Indiana,DeKalb,44,1,0,41.39804622,-84.99906934,18033.0,101.20759056929268,2.272727272727273,43,43,1,0,42,37,43226,1,0,0,1,6
2020-06-04,US,Indiana,Dearborn,170,22,0,39.14647946,-84.97333539,18029.0,343.7259897286586,12.941176470588234,148,170,21,0,149,169,49568,0,1,0,-1,1
2020-06-04,US,Indiana,Decatur,231,31,0,39.30712658,-85.50087166,18031.0,869.7616627132046,13.41991341991342,200,230,31,0,199,225,26794,1,0,0,1,5
2020-06-04,US,Indiana,Delaware,389,40,0,40.22787247,-85.39732772,18035.0,340.8244622596048,10.282776349614396,349,387,40,0,347,385,114772,2,0,0,2,2
2020-06-04,US,Indiana,Dubois,209,3,0,38.36597551,-86.87924170000002,18037.0,489.04904530138526,1.4354066985645932,206,205,3,0,202,202,42565,4,0,0,4,3
2020-06-04,US,Indiana,Elkhart,1495,28,0,41.59761169,-85.85875695,18039.0,724.5288139536011,1.872909698996656,1467,1435,29,0,1406,1384,205560,60,-1,0,61,51
2020-06-04,US,Indiana,Fayette,79,7,0,39.63684962,-85.17797541,18041.0,341.961734914726,8.860759493670884,72,79,7,0,72,78,23047,0,0,0,0,1
2020-06-04,US,Indiana,Floyd,323,40,0,38.32117957,-85.90385377,18043.0,411.3496854384758,12.383900928792569,283,321,40,0,281,319,77781,2,0,0,2,2
2020-06-04,US,Indiana,Fountain,22,2,0,40.12361933,-87.24217689,18045.0,134.5895020188425,9.090909090909092,20,22,2,0,20,22,16351,0,0,0,0,0
2020-06-04,US,Indiana,Franklin,116,8,0,39.4142482,-85.06062647,18047.0,509.7108709025397,6.896551724137932,108,115,8,0,107,110,22736,1,0,0,1,5
2020-06-04,US,Indiana,Fulton,50,1,0,41.0469907,-86.26252745,18049.0,250.32542304996497,2.0,49,50,1,0,49,49,20092,0,0,0,0,1
2020-06-04,US,Indiana,Gibson,19,2,0,38.30393723,-87.58054938,18051.0,56.448498172851245,10.526315789473683,17,18,2,0,16,17,33452,1,0,0,1,1
2020-06-04,US,Indiana,Grant,225,23,0,40.51587228,-85.65468702,18053.0,342.1064635314509,10.222222222222221,202,221,23,0,198,219,65936,4,0,0,4,2
2020-06-04,US,Indiana,Greene,172,25,0,39.03630547,-86.96223202,18055.0,538.8133575590501,14.534883720930234,147,171,25,0,146,169,32006,1,0,0,1,2
2020-06-04,US,Indiana,Hamilton,1183,94,0,40.07306535,-86.05244729,18057.0,349.98860983814143,7.945900253592561,1089,1180,94,0,1086,1170,330086,3,0,0,3,10
2020-06-04,US,Indiana,Hancock,351,27,0,39.82304555,-85.77566351,18059.0,449.0328523180841,7.6923076923076925,324,349,28,0,321,345,76351,2,-1,0,3,4
2020-06-04,US,Indiana,Harrison,195,22,0,38.19467379,-86.10948271,18061.0,481.3032210292485,11.282051282051285,173,196,22,0,174,196,40350,-1,0,0,-1,0
2020-06-04,US,Indiana,Hendricks,1192,76,0,39.76719009,-86.51037283,18063.0,699.8960724791706,6.375838926174498,1116,1180,74,0,1106,1177,167009,12,2,0,10,3
2020-06-04,US,Indiana,Henry,184,12,0,39.93029017,-85.39625719,18065.0,383.5570749603936,6.521739130434782,172,184,12,0,172,184,48271,0,0,0,0,0
2020-06-04,US,Indiana,Howard,440,36,0,40.48527731,-86.11351892,18067.0,533.0490405117272,8.181818181818182,404,437,34,0,403,429,82366,3,2,0,1,8
2020-06-04,US,Indiana,Huntington,38,2,0,40.82907273,-85.48822092,18069.0,104.052573932092,5.2631578947368425,36,34,2,0,32,28,36240,4,0,0,4,6
2020-06-04,US,Indiana,Jackson,399,2,0,38.90915820000001,-86.03851889,18071.0,902.082250005652,0.5012531328320802,397,394,2,0,392,394,44111,5,0,0,5,0
2020-06-04,US,Indiana,Jasper,73,1,0,41.02078733,-87.11553319,18073.0,217.5078958345748,1.3698630136986298,72,70,1,0,69,68,33370,3,0,0,3,2
2020-06-04,US,Indiana,Jay,54,0,0,40.43781032,-85.00576229,18075.0,264.2395772166765,0.0,54,53,0,0,53,53,20764,1,0,0,1,0
2020-06-04,US,Indiana,Jefferson,49,1,0,38.78576239,-85.43633383,18077.0,151.66522223597872,2.0408163265306123,48,47,1,0,46,46,32208,2,0,0,2,1
2020-06-04,US,Indiana,Jennings,132,4,0,38.99588883,-85.62710784,18079.0,475.9329367225527,3.0303030303030303,128,131,4,0,127,131,27611,1,0,0,1,0
2020-06-04,US,Indiana,Johnson,1121,112,0,39.48994426,-86.10149107,18081.0,708.7445548059962,9.991079393398753,1009,1120,110,0,1010,1117,156225,1,2,0,-1,3
2020-06-04,US,Indiana,Knox,31,0,0,38.68861576,-87.4194665,18083.0,84.7133409848609,0.0,31,31,0,0,31,29,36895,0,0,0,0,2
2020-06-04,US,Indiana,Kosciusko,179,2,0,41.24521668,-85.86312322,18085.0,225.28191703584375,1.11731843575419,177,166,1,0,165,156,79344,13,1,0,12,10
2020-06-04,US,Indiana,LaGrange,116,2,0,41.64232188,-85.42674232,18087.0,292.8257686676428,1.7241379310344829,114,102,2,0,100,93,39330,14,0,0,14,9
2020-06-04,US,Indiana,LaPorte,446,24,0,41.54366008,-86.74072188,18091.0,405.8677926616191,5.381165919282512,422,436,24,0,412,434,110007,10,0,0,10,2
2020-06-04,US,Indiana,Lake,3833,203,0,41.41874274,-87.38277575,18089.0,789.5067488099727,5.296112705452648,3630,3806,202,0,3604,3689,484411,27,1,0,26,117
2020-06-04,US,Indiana,Lawrence,167,24,0,38.84112637,-86.48361629,18093.0,368.0846374256117,14.371257485029941,143,165,24,0,141,165,45668,2,0,0,2,0
2020-06-04,US,Indiana,Madison,599,61,0,40.16143691,-85.71964711,18095.0,462.30193950713516,10.183639398998329,538,597,61,0,536,594,129641,2,0,0,2,3
2020-06-04,US,Indiana,Marion,10095,598,0,39.78163624,-86.13826325,18097.0,1046.567321388954,5.923724616146608,9497,10037,594,0,9443,9978,954670,58,4,0,54,59
2020-06-04,US,Indiana,Marshall,178,2,0,41.32467367,-86.26185087,18099.0,384.79830515802666,1.1235955056179776,176,147,2,0,145,128,46248,31,0,0,31,19
2020-06-04,US,Indiana,Martin,13,0,0,38.7099921,-86.80373186,18101.0,126.76743052169674,0.0,13,12,0,0,12,12,10217,1,0,0,1,0
2020-06-04,US,Indiana,Miami,144,1,0,40.76940965,-86.04525048,18103.0,405.45106430904383,0.6944444444444444,143,141,1,0,140,141,35567,3,0,0,3,0
2020-06-04,US,Indiana,Monroe,170,12,0,39.16130004,-86.52414358,18105.0,114.53133105618099,7.0588235294117645,158,170,12,0,158,169,146917,0,0,0,0,1
2020-06-04,US,Indiana,Montgomery,248,18,0,40.04034823,-86.89335024,18107.0,646.8777714017424,7.258064516129032,230,244,17,0,227,244,38346,4,1,0,3,0
2020-06-04,US,Indiana,Morgan,284,26,0,39.47899078,-86.44573375,18109.0,402.89974322234673,9.154929577464786,258,283,24,0,259,281,70116,1,2,0,-1,2
2020-06-04,US,Indiana,Newton,78,10,0,40.95610449,-87.39635768,18111.0,557.7803203661326,12.82051282051282,68,78,10,0,68,78,14011,0,0,0,0,0
2020-06-04,US,Indiana,Noble,268,21,0,41.39672484,-85.41966713,18113.0,561.3270777479894,7.835820895522388,247,251,21,0,230,238,47532,17,0,0,17,13
2020-06-04,US,Indiana,Ohio,13,0,0,38.955304999999996,-84.96515993,18115.0,221.27659574468086,0.0,13,13,0,0,13,13,5844,0,0,0,0,0
2020-06-04,US,Indiana,Orange,131,22,0,38.54118920000001,-86.49523093,18117.0,666.802402524687,16.793893129770993,109,131,22,0,109,130,19489,0,0,0,0,1
2020-06-04,US,Indiana,Owen,34,1,0,39.31145587,-86.83900724,18119.0,163.46939756719073,2.9411764705882355,33,34,1,0,33,34,20845,0,0,0,0,0
2020-06-04,US,Indiana,Parke,18,0,0,39.77202286,-87.20375833,18121.0,106.27620003542542,0.0,18,18,0,0,18,17,16927,0,0,0,0,1
2020-06-04,US,Indiana,Perry,39,0,0,38.07809328,-86.63741946,18123.0,203.45349261829,0.0,39,34,0,0,34,33,19102,5,0,0,5,1
2020-06-04,US,Indiana,Pike,6,0,0,38.40112197,-87.23574907,18125.0,48.43005892323836,0.0,6,6,0,0,6,6,12410,0,0,0,0,0
2020-06-04,US,Indiana,Porter,558,30,0,41.45986947,-87.06848888,18127.0,327.4859292559965,5.376344086021504,528,553,29,0,524,547,169594,5,1,0,4,6
2020-06-04,US,Indiana,Posey,16,0,0,38.02097333,-87.86480429,18129.0,62.9252369528454,0.0,16,16,0,0,16,16,25540,0,0,0,0,0
2020-06-04,US,Indiana,Pulaski,50,0,0,41.04166107,-86.69890683,18131.0,404.7599773334412,0.0,50,49,0,0,49,47,12469,1,0,0,1,2
2020-06-04,US,Indiana,Putnam,142,7,0,39.66437981,-86.84517605,18133.0,377.9007877368533,4.929577464788731,135,137,7,0,130,137,37779,5,0,0,5,0
2020-06-04,US,Indiana,Randolph,52,3,0,40.15734772,-85.01139319,18135.0,210.82505574700997,5.769230769230768,49,50,3,0,47,48,24851,2,0,0,2,2
2020-06-04,US,Indiana,Ripley,108,6,0,39.10235626,-85.26212744,18137.0,381.3020759779692,5.5555555555555545,102,108,6,0,102,108,28523,0,0,0,0,0
2020-06-04,US,Indiana,Rush,51,3,0,39.62002287,-85.4655599,18139.0,307.58096616609373,5.882352941176472,48,50,3,0,47,48,16663,1,0,0,1,2
2020-06-04,US,Indiana,Scott,126,3,0,38.68672078,-85.74627859,18143.0,527.7929041176226,2.380952380952381,123,122,3,0,119,121,23878,4,0,0,4,1
2020-06-04,US,Indiana,Shelby,397,22,0,39.52305623,-85.79158570000001,18145.0,887.5673500413603,5.541561712846347,375,398,22,0,376,375,44593,-1,0,0,-1,23
2020-06-04,US,Indiana,Spencer,21,1,0,38.01519732,-87.0079644,18147.0,103.56561621541648,4.761904761904762,20,21,1,0,20,21,20327,0,0,0,0,0
2020-06-04,US,Indiana,St. Joseph,1337,36,0,41.61756781,-86.29040834,18141.0,491.858762590775,2.6925953627524306,1301,1320,35,0,1285,1309,270771,17,1,0,16,11
2020-06-04,US,Indiana,Starke,39,3,0,41.27890281,-86.64686895,18149.0,169.60208741030658,7.6923076923076925,36,39,3,0,36,39,22935,0,0,0,0,0
2020-06-04,US,Indiana,Steuben,88,2,0,41.64423868,-85.00101094,18151.0,254.37937214545875,2.272727272727273,86,87,2,0,85,85,34586,1,0,0,1,2
2020-06-04,US,Indiana,Sullivan,37,1,0,39.08952258,-87.41414469,18153.0,179.01204702694858,2.702702702702702,36,37,1,0,36,36,20690,0,0,0,0,1
2020-06-04,US,Indiana,Switzerland,21,0,0,38.82767338,-85.03022429,18155.0,195.33066691470557,0.0,21,21,0,0,21,21,10717,0,0,0,0,0
2020-06-04,US,Indiana,Tippecanoe,429,4,0,40.38872739,-86.89413959,18157.0,219.17724235178716,0.9324009324009324,425,421,4,0,417,418,193048,8,0,0,8,3
2020-06-04,US,Indiana,Tipton,26,1,0,40.31123252,-86.05234925,18159.0,171.6398204383417,3.8461538461538463,25,26,1,0,25,25,15128,0,0,0,0,1
2020-06-04,US,Indiana,Unassigned,0,179,0,0.0,0.0,90018.0,0.0,0.0,-179,0,175,0,-175,0,,0,4,0,-4,0
2020-06-04,US,Indiana,Union,9,0,0,39.62550777,-84.92497066,18161.0,127.58718457612702,0.0,9,9,0,0,9,9,7037,0,0,0,0,0
2020-06-04,US,Indiana,Vanderburgh,289,2,0,38.02658833,-87.58763124,18163.0,159.2716490953481,0.6920415224913494,287,290,2,0,288,284,180974,-1,0,0,-1,6
2020-06-04,US,Indiana,Vermillion,10,0,0,39.8523352,-87.46160542,18165.0,64.5244547683572,0.0,10,10,0,0,10,10,15479,0,0,0,0,0
2020-06-04,US,Indiana,Vigo,178,8,0,39.42944561,-87.39169027,18167.0,166.29608176535436,4.49438202247191,170,175,8,0,167,171,107386,3,0,0,3,4
2020-06-04,US,Indiana,Wabash,80,2,0,40.84704239,-85.79328272,18169.0,258.0978190734288,2.5,78,80,2,0,78,79,31280,0,0,0,0,1
2020-06-04,US,Indiana,Warren,12,1,0,40.34728141,-87.35602659,18171.0,145.19056261343013,8.333333333333334,11,12,1,0,11,12,8263,0,0,0,0,0
2020-06-04,US,Indiana,Warrick,167,29,0,38.08922676,-87.2716085,18173.0,265.0877805644624,17.365269461077844,138,167,28,0,139,166,62567,0,1,0,-1,1
2020-06-04,US,Indiana,Washington,50,1,0,38.60219804,-86.1049363,18175.0,178.34213154515626,2.0,49,51,1,0,50,51,27943,-1,0,0,-1,0
2020-06-04,US,Indiana,Wayne,86,6,0,39.863344399999995,-85.01044989,18177.0,130.5324509744399,6.9767441860465125,80,86,5,0,81,85,65936,0,1,0,-1,1
2020-06-04,US,Indiana,Wells,34,0,0,40.72934187,-85.22132966,18179.0,120.1583262651965,0.0,34,32,0,0,32,32,28206,2,0,0,2,0
2020-06-04,US,Indiana,White,238,9,0,40.74911165,-86.86492015,18181.0,987.4699195087544,3.7815126050420167,229,238,9,0,229,238,24133,0,0,0,0,0
2020-06-04,US,Indiana,Whitley,45,3,0,41.13863784,-85.50791236,18183.0,132.4932281238959,6.666666666666668,42,44,3,0,41,43,34074,1,0,0,1,1
2020-06-04,US,Iowa,Adair,9,0,0,41.33075609,-94.47105874,19001.0,125.83892617449663,0.0,9,9,0,0,9,9,7063,0,0,0,0,0
2020-06-04,US,Iowa,Adams,7,0,0,41.02903567,-94.69932645,19003.0,194.3364797334814,0.0,7,7,0,0,7,7,3645,0,0,0,0,0
2020-06-04,US,Iowa,Allamakee,120,4,0,43.28383218,-91.37860922,19005.0,876.7443559582084,3.333333333333333,116,120,4,0,116,120,13832,0,0,0,0,0
2020-06-04,US,Iowa,Appanoose,17,3,0,40.74324454,-92.86865906,19007.0,136.80991469499438,17.647058823529417,14,14,3,0,11,14,12437,3,0,0,3,0
2020-06-04,US,Iowa,Audubon,13,1,0,41.6844628,-94.90581859,19009.0,236.53566229985444,7.6923076923076925,12,13,1,0,12,13,5506,0,0,0,0,0
2020-06-04,US,Iowa,Benton,43,1,0,42.08011739,-92.06463573,19011.0,167.67401052836814,2.3255813953488373,42,44,1,0,43,43,25642,-1,0,0,-1,1
2020-06-04,US,Iowa,Black Hawk,1775,48,0,42.4704581,-92.30524729,19013.0,1352.60767519127,2.704225352112676,1727,1759,46,0,1713,1759,132408,16,2,0,14,0
2020-06-04,US,Iowa,Boone,70,0,0,42.03657094,-93.9313999,19015.0,266.82930548143634,0.0,70,67,0,0,67,67,26346,3,0,0,3,0
2020-06-04,US,Iowa,Bremer,70,6,0,42.77461496,-92.31795937,19017.0,279.3073178517277,8.571428571428571,64,69,6,0,63,69,24947,1,0,0,1,0
2020-06-04,US,Iowa,Buchanan,33,0,0,42.4709188,-91.83510825,19019.0,155.84415584415584,0.0,33,33,0,0,33,33,21199,0,0,0,0,0
2020-06-04,US,Iowa,Buena Vista,997,1,0,42.73545875,-95.15100162,19021.0,5081.549439347605,0.10030090270812438,996,918,1,0,917,852,19874,79,0,0,79,66
2020-06-04,US,Iowa,Butler,16,1,0,42.73172833,-92.79015971,19023.0,110.81099799155065,6.25,15,17,1,0,16,17,14539,-1,0,0,-1,0
2020-06-04,US,Iowa,Calhoun,6,0,0,42.38521079,-94.64046046,19025.0,62.06040546131568,0.0,6,4,0,0,4,3,9699,2,0,0,2,1
2020-06-04,US,Iowa,Carroll,13,0,0,42.03617207,-94.86032705,19027.0,64.46813786263327,0.0,13,13,0,0,13,12,20154,0,0,0,0,1
2020-06-04,US,Iowa,Cass,12,0,0,41.33149454,-94.92792482,19029.0,93.48706762231224,0.0,12,12,0,0,12,12,12930,0,0,0,0,0
2020-06-04,US,Iowa,Cedar,49,1,0,41.77233777,-91.13246684,19031.0,263.05900037579863,2.0408163265306123,48,49,1,0,48,49,18627,0,0,0,0,0
2020-06-04,US,Iowa,Cerro Gordo,33,1,0,43.08177563,-93.2612239,19033.0,77.73851590106007,3.0303030303030303,32,30,1,0,29,29,42647,3,0,0,3,1
2020-06-04,US,Iowa,Cherokee,37,0,0,42.73538914,-95.62389402,19035.0,329.32799287939474,0.0,37,36,0,0,36,32,11321,1,0,0,1,4
2020-06-04,US,Iowa,Chickasaw,13,0,0,43.06001295,-92.31773347,19037.0,108.941590547222,0.0,13,12,0,0,12,12,11964,1,0,0,1,0
2020-06-04,US,Iowa,Clarke,66,0,0,41.02868181,-93.78499767,19039.0,702.5013304949441,0.0,66,64,0,0,64,62,9423,2,0,0,2,2
2020-06-04,US,Iowa,Clay,25,0,0,43.08247182,-95.15096481,19041.0,156.0939060939061,0.0,25,21,0,0,21,18,16134,4,0,0,4,3
2020-06-04,US,Iowa,Clayton,34,3,0,42.84443388,-91.34133693,19043.0,193.74323323266282,8.823529411764708,31,34,3,0,31,34,17556,0,0,0,0,0
2020-06-04,US,Iowa,Clinton,65,1,0,41.89981633,-90.53275096,19045.0,139.99870770423658,1.5384615384615383,64,65,1,0,64,64,46518,0,0,0,0,1
2020-06-04,US,Iowa,Crawford,547,2,0,42.03718237,-95.3819718,19047.0,3252.080856123662,0.3656307129798903,545,542,2,0,540,530,17158,5,0,0,5,12
2020-06-04,US,Iowa,Dallas,940,25,0,41.68560356,-94.04127625,19049.0,1005.8532096347896,2.6595744680851063,915,929,24,0,905,924,90180,11,1,0,10,5
2020-06-04,US,Iowa,Davis,28,0,0,40.74773536,-92.41005468,19051.0,311.1111111111111,0.0,28,27,0,0,27,25,9017,1,0,0,1,2
2020-06-04,US,Iowa,Decatur,1,0,0,40.73742757,-93.78645949,19053.0,12.706480304955528,0.0,1,1,0,0,1,1,7890,0,0,0,0,0
2020-06-04,US,Iowa,Delaware,19,1,0,42.47104597,-91.3664492,19055.0,111.69243430721298,5.2631578947368425,18,19,1,0,18,17,17069,0,0,0,0,2
2020-06-04,US,Iowa,Des Moines,67,1,0,40.92012606,-91.18326592,19057.0,171.9403597916186,1.492537313432836,66,66,1,0,65,66,39138,1,0,0,1,0
2020-06-04,US,Iowa,Dickinson,33,0,0,43.37787725,-95.1510206,19059.0,191.2156680959555,0.0,33,27,0,0,27,25,17153,6,0,0,6,2
2020-06-04,US,Iowa,Dubuque,355,21,0,42.46815349,-90.88181925,19061.0,364.80973374027604,5.915492957746478,334,351,21,0,330,350,96854,4,0,0,4,1
2020-06-04,US,Iowa,Emmet,24,0,0,43.37782951,-94.67858943,19063.0,260.6429192006951,0.0,24,19,0,0,19,18,9253,5,0,0,5,1
2020-06-04,US,Iowa,Fayette,28,0,0,42.86271799,-91.84412309999999,19065.0,142.4936386768448,0.0,28,27,0,0,27,27,19660,1,0,0,1,0
2020-06-04,US,Iowa,Floyd,19,1,0,43.06000529999999,-92.78940097,19067.0,121.4678429868303,5.2631578947368425,18,19,1,0,18,19,15761,0,0,0,0,0
2020-06-04,US,Iowa,Franklin,17,0,0,42.73270384,-93.26256925,19069.0,168.81827209533267,0.0,17,15,0,0,15,13,10124,2,0,0,2,2
2020-06-04,US,Iowa,Fremont,4,0,0,40.74542720000001,-95.60129045,19071.0,57.4712643678161,0.0,4,4,0,0,4,4,6993,0,0,0,0,0
2020-06-04,US,Iowa,Greene,15,0,0,42.03614551,-94.39658081,19073.0,168.76687668766874,0.0,15,13,0,0,13,13,8981,2,0,0,2,0
2020-06-04,US,Iowa,Grundy,20,0,0,42.40183723,-92.78829551,19075.0,163.50555918901242,0.0,20,20,0,0,20,20,12304,0,0,0,0,0
2020-06-04,US,Iowa,Guthrie,54,3,0,41.68378965,-94.50111014,19077.0,505.1922537187763,5.5555555555555545,51,53,3,0,50,53,10720,1,0,0,1,0
2020-06-04,US,Iowa,Hamilton,61,0,0,42.38382428,-93.70197703,19079.0,412.91545386854403,0.0,61,45,0,0,45,44,14952,16,0,0,16,1
2020-06-04,US,Iowa,Hancock,16,0,0,43.08178477,-93.73454884,19081.0,150.51740357478837,0.0,16,16,0,0,16,16,10712,0,0,0,0,0
2020-06-04,US,Iowa,Hardin,21,0,0,42.38353877,-93.23654611,19083.0,124.65867268194229,0.0,21,19,0,0,19,17,16868,2,0,0,2,2
2020-06-04,US,Iowa,Harrison,26,0,0,41.68330137,-95.81558439,19085.0,185.06655277955727,0.0,26,26,0,0,26,25,14134,0,0,0,0,1
2020-06-04,US,Iowa,Henry,72,2,0,40.98767962,-91.54436349,19087.0,360.82990879021753,2.7777777777777777,70,72,2,0,70,72,20067,0,0,0,0,0
2020-06-04,US,Iowa,Howard,12,0,0,43.35671042,-92.31702714,19089.0,131.03297663245252,0.0,12,12,0,0,12,12,9187,0,0,0,0,0
2020-06-04,US,Iowa,Humboldt,19,1,0,42.7764426,-94.20722537,19091.0,198.78635697844737,5.2631578947368425,18,18,1,0,17,19,9547,1,0,0,1,-1
2020-06-04,US,Iowa,Ida,15,0,0,42.38696136,-95.51355387,19093.0,218.65889212827992,0.0,15,14,0,0,14,14,6841,1,0,0,1,0
2020-06-04,US,Iowa,Iowa,33,0,0,41.68630265,-92.0643373,19095.0,203.90509144834405,0.0,33,33,0,0,33,34,16141,0,0,0,0,-1
2020-06-04,US,Iowa,Jackson,13,0,0,42.17178824,-90.57354837,19097.0,66.87586810021092,0.0,13,13,0,0,13,12,19432,0,0,0,0,1
2020-06-04,US,Iowa,Jasper,269,17,0,41.68576082,-93.05567785,19099.0,723.4099771413204,6.319702602230484,252,263,17,0,246,261,37147,6,0,0,6,2
2020-06-04,US,Iowa,Jefferson,35,0,0,41.03192394,-91.94849466,19101.0,191.30910084722598,0.0,35,33,0,0,33,34,18381,2,0,0,2,-1
2020-06-04,US,Iowa,Johnson,618,9,0,41.67169354,-91.58754744,19103.0,408.8924176260421,1.4563106796116505,609,616,9,0,607,616,151260,2,0,0,2,0
2020-06-04,US,Iowa,Jones,37,0,0,42.12118609,-91.13139641,19105.0,178.90817658720562,0.0,37,37,0,0,37,37,20744,0,0,0,0,0
2020-06-04,US,Iowa,Keokuk,14,0,0,41.33649833,-92.1785067,19107.0,136.63868826859263,0.0,14,14,0,0,14,14,10225,0,0,0,0,0
2020-06-04,US,Iowa,Kossuth,14,0,0,43.20405458,-94.20691791,19109.0,94.51157766826435,0.0,14,13,0,0,13,13,14908,1,0,0,1,0
2020-06-04,US,Iowa,Lee,29,0,0,40.64181461,-91.48183025,19111.0,86.16335383426923,0.0,29,28,0,0,28,27,34055,1,0,0,1,1
2020-06-04,US,Iowa,Linn,971,79,0,42.07923082,-91.59809485,19113.0,428.30802890086716,8.135942327497425,892,967,79,0,888,958,225909,4,0,0,4,9
2020-06-04,US,Iowa,Louisa,349,11,0,41.21842119,-91.26102611,19115.0,3162.6642501132756,3.151862464183381,338,346,11,0,335,346,11169,3,0,0,3,0
2020-06-04,US,Iowa,Lucas,22,2,0,41.02958964,-93.32780803,19117.0,255.81395348837208,9.090909090909092,20,19,1,0,18,19,8645,3,1,0,2,0
2020-06-04,US,Iowa,Lyon,24,0,0,43.38107862,-96.20926845,19119.0,204.16843896214374,0.0,24,25,0,0,25,24,11811,-1,0,0,-1,1
2020-06-04,US,Iowa,Madison,29,2,0,41.33081904,-94.01554631,19121.0,177.50030603501042,6.896551724137932,27,29,2,0,27,30,16249,0,0,0,0,-1
2020-06-04,US,Iowa,Mahaska,99,12,0,41.33521503,-92.64083907,19123.0,448.0651731160896,12.12121212121212,87,97,12,0,85,97,22000,2,0,0,2,0
2020-06-04,US,Iowa,Marion,35,0,0,41.33445101,-93.09934783,19125.0,105.25366132379034,0.0,35,34,0,0,34,34,33407,1,0,0,1,0
2020-06-04,US,Iowa,Marshall,912,18,0,42.03586837,-92.99908190000001,19127.0,2316.543473291168,1.973684210526316,894,901,18,0,883,898,39981,11,0,0,11,3
2020-06-04,US,Iowa,Mills,20,0,0,41.03299766,-95.61920963,19129.0,132.37143424449005,0.0,20,20,0,0,20,19,15063,0,0,0,0,1
2020-06-04,US,Iowa,Mitchell,4,0,0,43.35638371,-92.78887719,19131.0,37.78575477045154,0.0,4,4,0,0,4,4,10569,0,0,0,0,0
2020-06-04,US,Iowa,Monona,25,0,0,42.05220391,-95.95743843,19133.0,290.1915264074289,0.0,25,25,0,0,25,25,8679,0,0,0,0,0
2020-06-04,US,Iowa,Monroe,41,5,0,41.02988815,-92.8690667,19135.0,531.9839107305047,12.19512195121951,36,38,5,0,33,38,7790,3,0,0,3,0
2020-06-04,US,Iowa,Montgomery,9,1,0,41.03018714,-95.15642896,19137.0,90.7532519915297,11.111111111111109,8,8,1,0,7,8,10003,1,0,0,1,0
2020-06-04,US,Iowa,Muscatine,565,41,0,41.48370744,-91.11216970000001,19139.0,1324.3015188449278,7.256637168141593,524,563,41,0,522,558,42929,2,0,0,2,5
2020-06-04,US,Iowa,O'Brien,39,0,0,43.08310673,-95.62474482,19141.0,283.57449283792624,0.0,39,36,0,0,36,33,13840,3,0,0,3,3
2020-06-04,US,Iowa,Osceola,34,0,0,43.37824276,-95.62422844,19143.0,570.6612957368243,0.0,34,34,0,0,34,34,6040,0,0,0,0,0
2020-06-04,US,Iowa,Page,14,0,0,40.7393172,-95.1497813,19145.0,92.67227113258755,0.0,14,14,0,0,14,14,15249,0,0,0,0,0
2020-06-04,US,Iowa,Palo Alto,7,0,0,43.08193849,-94.67824621,19147.0,78.77560207067297,0.0,7,7,0,0,7,7,8929,0,0,0,0,0
2020-06-04,US,Iowa,Plymouth,146,2,0,42.737633,-96.21366621,19149.0,579.8943480160464,1.3698630136986298,144,139,2,0,137,135,25095,7,0,0,7,4
2020-06-04,US,Iowa,Pocahontas,15,0,0,42.73420133,-94.67862564,19151.0,226.6203353980964,0.0,15,14,0,0,14,13,6740,1,0,0,1,1
2020-06-04,US,Iowa,Polk,4541,137,0,41.68679484,-93.57767461,19153.0,926.4302953519352,3.0169566174851354,4404,4406,134,0,4272,4342,487204,135,3,0,132,64
2020-06-04,US,Iowa,Pottawattamie,311,10,0,41.33640314,-95.53907776,19155.0,333.66950625496213,3.2154340836012865,301,296,10,0,286,273,93533,15,0,0,15,23
2020-06-04,US,Iowa,Poweshiek,92,8,0,41.68625425,-92.53155731,19157.0,497.1897968006917,8.695652173913043,84,91,8,0,83,90,18699,1,0,0,1,1
2020-06-04,US,Iowa,Ringgold,4,0,0,40.73518949,-94.24368535,19159.0,81.73273395995095,0.0,4,4,0,0,4,4,4968,0,0,0,0,0
2020-06-04,US,Iowa,Sac,28,0,0,42.38624071,-95.10547892,19161.0,288.0362102664335,0.0,28,25,0,0,25,21,9719,3,0,0,3,4
2020-06-04,US,Iowa,Scott,380,10,0,41.63935978,-90.61959493,19163.0,219.72557432217548,2.631578947368421,370,368,10,0,358,365,173283,12,0,0,12,3
2020-06-04,US,Iowa,Shelby,37,0,0,41.6850066,-95.31015553,19165.0,323.031255456609,0.0,37,37,0,0,37,37,11578,0,0,0,0,0
2020-06-04,US,Iowa,Sioux,298,0,0,43.08221074,-96.17675679999999,19167.0,854.9705924544542,0.0,298,290,0,0,290,287,34909,8,0,0,8,3
2020-06-04,US,Iowa,Story,126,1,0,42.03621213,-93.46499005,19169.0,129.7404161990177,0.7936507936507936,125,118,1,0,117,119,98105,8,0,0,8,-1
2020-06-04,US,Iowa,Tama,410,29,0,42.07991767,-92.53266945,19171.0,2432.6569360389226,7.073170731707318,381,408,28,0,380,405,16904,2,1,0,1,3
2020-06-04,US,Iowa,Taylor,64,0,0,40.73710579,-94.69778563,19173.0,1045.5807874530308,0.0,64,59,0,0,59,58,6191,5,0,0,5,1
2020-06-04,US,Iowa,Union,9,0,0,41.0277278,-94.24234847,19175.0,73.52340495057594,0.0,9,9,0,0,9,10,12359,0,0,0,0,-1
2020-06-04,US,Iowa,Van Buren,9,0,0,40.75326764,-91.95017958,19177.0,127.76831345826237,0.0,9,9,0,0,9,9,7020,0,0,0,0,0
2020-06-04,US,Iowa,Wapello,628,14,0,41.03064984,-92.40954728,19179.0,1795.8763476221795,2.2292993630573252,614,607,14,0,593,610,35205,21,0,0,21,-3
2020-06-04,US,Iowa,Warren,166,1,0,41.33559454,-93.56007641,19181.0,322.5430381222555,0.6024096385542169,165,153,0,0,153,144,51056,13,1,0,12,9
2020-06-04,US,Iowa,Washington,195,8,0,41.33577126,-91.71725711,19183.0,887.7760072843159,4.102564102564102,187,192,8,0,184,190,22141,3,0,0,3,2
2020-06-04,US,Iowa,Wayne,1,0,0,40.73969028,-93.32752197,19185.0,15.525539512498062,0.0,1,1,0,0,1,1,6401,0,0,0,0,0
2020-06-04,US,Iowa,Webster,62,1,0,42.42853483,-94.17987389,19187.0,172.6827094474153,1.6129032258064515,61,44,1,0,43,43,36277,18,0,0,18,1
2020-06-04,US,Iowa,Winnebago,11,0,0,43.37751174,-93.73407298,19189.0,106.23913463395789,0.0,11,11,0,0,11,11,10518,0,0,0,0,0
2020-06-04,US,Iowa,Winneshiek,24,0,0,43.29094334,-91.84422722,19191.0,120.05402431093992,0.0,24,24,0,0,24,24,20029,0,0,0,0,0
2020-06-04,US,Iowa,Woodbury,2837,37,0,42.38979414,-96.0459439,19193.0,2751.510566692853,1.3041945717307015,2800,2817,37,0,2780,2786,102539,20,0,0,20,31
2020-06-04,US,Iowa,Worth,3,0,0,43.37750768,-93.26087602,19195.0,40.64489906516732,0.0,3,3,0,0,3,3,7453,0,0,0,0,0
2020-06-04,US,Iowa,Wright,212,0,0,42.73305373,-93.73515113,19197.0,1687.629358382423,0.0,212,194,0,0,194,188,12690,18,0,0,18,6
2020-06-04,US,Kansas,Allen,1,0,0,37.88582951,-95.30030847,20001.0,8.084727948904519,0.0,1,1,0,0,1,1,12444,0,0,0,0,0
2020-06-04,US,Kansas,Anderson,1,0,0,38.21413251,-95.29272815,20003.0,12.725884448969204,0.0,1,1,0,0,1,1,7878,0,0,0,0,0
2020-06-04,US,Kansas,Atchison,23,0,0,39.53185661,-95.30870026,20005.0,143.09711939277045,0.0,23,23,0,0,23,23,16193,0,0,0,0,0
2020-06-04,US,Kansas,Barber,1,0,0,37.2288586,-98.68460053,20007.0,22.588660492432798,0.0,1,1,0,0,1,1,4472,0,0,0,0,0
2020-06-04,US,Kansas,Barton,44,1,0,38.47889676,-98.75636726,20009.0,170.6815625121223,2.272727272727273,43,44,1,0,43,44,26111,0,0,0,0,0
2020-06-04,US,Kansas,Bourbon,8,1,0,37.85508555,-94.84865997,20011.0,55.04334663547544,12.5,7,7,1,0,6,7,14653,1,0,0,1,0
2020-06-04,US,Kansas,Brown,6,0,0,39.82652589,-95.56421698,20013.0,62.73525721455458,0.0,6,6,0,0,6,6,9598,0,0,0,0,0
2020-06-04,US,Kansas,Butler,37,0,0,37.78134351,-96.83878537,20015.0,55.2973352662492,0.0,37,37,0,0,37,34,66765,0,0,0,0,3
2020-06-04,US,Kansas,Chase,4,0,0,38.30292938,-96.59563862,20017.0,151.0574018126888,0.0,4,4,0,0,4,4,2629,0,0,0,0,0
2020-06-04,US,Kansas,Chautauqua,4,0,0,37.14994405,-96.2454192,20019.0,123.07692307692308,0.0,4,4,0,0,4,4,3309,0,0,0,0,0
2020-06-04,US,Kansas,Cherokee,10,0,0,37.16928494,-94.8462897,20021.0,50.15296654797132,0.0,10,10,0,0,10,10,20015,0,0,0,0,0
2020-06-04,US,Kansas,Cheyenne,2,0,0,39.78580976,-101.7318201,20023.0,75.27286413248024,0.0,2,2,0,0,2,2,2660,0,0,0,0,0
2020-06-04,US,Kansas,Clark,33,1,0,37.23577007,-99.81883015,20025.0,1654.964894684052,3.0303030303030303,32,33,1,0,32,33,2005,0,0,0,0,0
2020-06-04,US,Kansas,Clay,5,2,0,39.34948772,-97.16518128,20027.0,62.48437890527367,40.0,3,5,2,0,3,5,7997,0,0,0,0,0
2020-06-04,US,Kansas,Cloud,5,0,0,39.48028352,-97.64925343,20029.0,56.908718415661276,0.0,5,5,0,0,5,5,8729,0,0,0,0,0
2020-06-04,US,Kansas,Coffey,51,8,0,38.2365018,-95.73379515,20031.0,623.5481110160166,15.68627450980392,43,50,8,0,42,50,8233,1,0,0,1,0
2020-06-04,US,Kansas,Comanche,2,0,0,37.19114520000001,-99.27113247,20033.0,117.64705882352942,0.0,2,2,0,0,2,2,1748,0,0,0,0,0
2020-06-04,US,Kansas,Cowley,15,1,0,37.23781842,-96.83776647,20035.0,42.97009281540048,6.666666666666668,14,15,1,0,14,10,35218,0,0,0,0,5
2020-06-04,US,Kansas,Crawford,8,1,0,37.50675523,-94.85245778,20037.0,20.608995826678342,12.5,7,8,1,0,7,8,39019,0,0,0,0,0
2020-06-04,US,Kansas,Dickinson,4,0,0,38.86600962,-97.15532383,20041.0,21.661431820643344,0.0,4,4,0,0,4,4,18717,0,0,0,0,0
2020-06-04,US,Kansas,Doniphan,18,0,0,39.79067154,-95.14056866,20043.0,236.84210526315792,0.0,18,18,0,0,18,18,7682,0,0,0,0,0
2020-06-04,US,Kansas,Douglas,67,0,0,38.88503636,-95.2925121,20045.0,54.80169149101498,0.0,67,67,0,0,67,67,121436,0,0,0,0,0
2020-06-04,US,Kansas,Edwards,5,0,0,37.88735543,-99.31263309,20047.0,178.69907076483204,0.0,5,5,0,0,5,5,2849,0,0,0,0,0
2020-06-04,US,Kansas,Ellis,9,0,0,38.91458712,-99.31751551,20051.0,31.520330613245548,0.0,9,9,0,0,9,8,28710,0,0,0,0,1
2020-06-04,US,Kansas,Ellsworth,2,0,0,38.69677695,-98.20462799,20053.0,32.77613897082924,0.0,2,2,0,0,2,2,6196,0,0,0,0,0
2020-06-04,US,Kansas,Finney,1522,10,0,38.04340344,-100.73819379999999,20055.0,4173.6364384237795,0.657030223390276,1512,1518,10,0,1508,1504,36611,4,0,0,4,14
2020-06-04,US,Kansas,Ford,1794,8,0,37.69200114,-99.88825298,20057.0,5336.268181682977,0.4459308807134894,1786,1794,8,0,1786,1789,33888,0,0,0,0,5
2020-06-04,US,Kansas,Franklin,35,0,0,38.56443815,-95.28644341,20059.0,137.018477920451,0.0,35,35,0,0,35,35,25631,0,0,0,0,0
2020-06-04,US,Kansas,Geary,23,1,0,38.99871131,-96.7577178,20061.0,72.62393432270288,4.3478260869565215,22,23,1,0,22,20,32594,0,0,0,0,3
2020-06-04,US,Kansas,Gove,1,0,0,38.91588178,-100.4829321,20063.0,37.93626707132018,0.0,1,1,0,0,1,1,2612,0,0,0,0,0
2020-06-04,US,Kansas,Grant,18,1,0,37.56227336,-101.3079758,20067.0,251.74825174825176,5.5555555555555545,17,18,1,0,17,18,7336,0,0,0,0,0
2020-06-04,US,Kansas,Gray,23,0,0,37.73836671,-100.4369088,20069.0,384.1015364061456,0.0,23,23,0,0,23,23,6033,0,0,0,0,0
2020-06-04,US,Kansas,Greenwood,9,0,0,37.8774388,-96.23250453,20073.0,150.45135406218657,0.0,9,9,0,0,9,9,6055,0,0,0,0,0
2020-06-04,US,Kansas,Hamilton,20,0,0,37.99978709,-101.7921066,20075.0,787.7116975187082,0.0,20,20,0,0,20,18,2607,0,0,0,0,2
2020-06-04,US,Kansas,Harper,2,0,0,37.19175361,-98.07578384,20077.0,36.79175864606328,0.0,2,2,0,0,2,2,5506,0,0,0,0,0
2020-06-04,US,Kansas,Harvey,11,0,0,38.04293782,-97.42747573,20079.0,31.949809753405557,0.0,11,11,0,0,11,11,34210,0,0,0,0,0
2020-06-04,US,Kansas,Haskell,22,0,0,37.562039399999996,-100.8710738,20081.0,554.4354838709677,0.0,22,22,0,0,22,21,3997,0,0,0,0,1
2020-06-04,US,Kansas,Hodgeman,5,0,0,38.08780079,-99.89829881,20083.0,278.70680044593087,0.0,5,5,0,0,5,5,1818,0,0,0,0,0
2020-06-04,US,Kansas,Jackson,102,1,0,39.41673394,-95.79356799,20085.0,774.4286690456305,0.9803921568627452,101,102,1,0,101,100,13280,0,0,0,0,2
2020-06-04,US,Kansas,Jefferson,22,0,0,39.2347941,-95.38289232,20087.0,115.52801554376936,0.0,22,22,0,0,22,22,18975,0,0,0,0,0
2020-06-04,US,Kansas,Jewell,4,0,0,39.78470589,-98.21820662,20089.0,138.9371309482459,0.0,4,4,0,0,4,4,2841,0,0,0,0,0
2020-06-04,US,Kansas,Johnson,887,67,0,38.88548175,-94.82250877,20091.0,147.24411148055862,7.5535512965050735,820,865,66,0,799,857,597555,22,1,0,21,8
2020-06-04,US,Kansas,Kearny,45,1,0,38.00017981,-101.32168100000001,20093.0,1172.4856696195934,2.2222222222222223,44,45,1,0,44,45,3943,0,0,0,0,0
2020-06-04,US,Kansas,Kiowa,3,0,0,37.55848695,-99.2856537,20097.0,121.21212121212122,0.0,3,3,0,0,3,2,2516,0,0,0,0,1
2020-06-04,US,Kansas,Labette,22,0,0,37.19113093,-95.29849679,20099.0,112.141910490366,0.0,22,22,0,0,22,22,19964,0,0,0,0,0
2020-06-04,US,Kansas,Lane,4,0,0,38.48119447,-100.46607540000001,20101.0,260.58631921824104,0.0,4,4,0,0,4,3,1560,0,0,0,0,1
2020-06-04,US,Kansas,Leavenworth,1099,7,0,39.20183497,-95.03620809,20103.0,1344.2109640646786,0.6369426751592356,1092,1094,7,0,1087,1093,81352,5,0,0,5,1
2020-06-04,US,Kansas,Linn,11,0,0,38.21267844,-94.84254089,20107.0,113.36699989693909,0.0,11,11,0,0,11,11,9750,0,0,0,0,0
2020-06-04,US,Kansas,Lyon,377,5,0,38.45576156,-96.15275715,20111.0,1135.7132098207562,1.326259946949602,372,377,5,0,372,372,33406,0,0,0,0,5
2020-06-04,US,Kansas,Marion,5,1,0,38.35855394,-97.09852509999999,20115.0,42.07337596768765,20.0,4,5,1,0,4,5,11950,0,0,0,0,0
2020-06-04,US,Kansas,McPherson,30,0,0,38.39184858,-97.64769869,20113.0,105.10826150935465,0.0,30,30,0,0,30,28,28537,0,0,0,0,2
2020-06-04,US,Kansas,Meade,31,0,0,37.23859987,-100.36483100000001,20119.0,768.6585668237044,0.0,31,31,0,0,31,31,4146,0,0,0,0,0
2020-06-04,US,Kansas,Miami,8,0,0,38.56383358,-94.83832189,20121.0,23.366533282705845,0.0,8,8,0,0,8,7,33680,0,0,0,0,1
2020-06-04,US,Kansas,Mitchell,4,0,0,39.39331582,-98.20906732,20123.0,66.9008195350393,0.0,4,4,0,0,4,4,6150,0,0,0,0,0
2020-06-04,US,Kansas,Montgomery,20,2,0,37.19236568,-95.74329258,20125.0,62.835778692387436,10.0,18,20,2,0,18,20,32120,0,0,0,0,0
2020-06-04,US,Kansas,Morris,5,0,0,38.68827511,-96.65128437,20127.0,88.96797153024912,0.0,5,5,0,0,5,5,5521,0,0,0,0,0
2020-06-04,US,Kansas,Morton,6,0,0,37.19141121,-101.79925190000002,20129.0,231.92887514495555,0.0,6,6,0,0,6,6,2667,0,0,0,0,0
2020-06-04,US,Kansas,Nemaha,19,0,0,39.78345387,-96.01392079,20131.0,185.7100967647346,0.0,19,19,0,0,19,19,10155,0,0,0,0,0
2020-06-04,US,Kansas,Neosho,2,0,0,37.55862897,-95.30670046,20133.0,12.494533641531827,0.0,2,2,0,0,2,2,15951,0,0,0,0,0
2020-06-04,US,Kansas,Ness,3,0,0,38.47974157,-99.91547333,20135.0,109.0909090909091,0.0,3,3,0,0,3,3,2840,0,0,0,0,0
2020-06-04,US,Kansas,Norton,2,0,0,39.78443827,-99.90286639,20137.0,37.30647267300878,0.0,2,2,0,0,2,2,5430,0,0,0,0,0
2020-06-04,US,Kansas,Osage,8,0,0,38.65235984,-95.72707998,20139.0,50.159884632265346,0.0,8,8,0,0,8,7,15941,0,0,0,0,1
2020-06-04,US,Kansas,Osborne,2,0,0,39.3503437,-98.76753828,20141.0,58.46243788365975,0.0,2,2,0,0,2,2,3475,0,0,0,0,0
2020-06-04,US,Kansas,Ottawa,4,0,0,39.13237408,-97.65020313,20143.0,70.12622720897616,0.0,4,4,0,0,4,4,5802,0,0,0,0,0
2020-06-04,US,Kansas,Pawnee,1,0,0,38.18108732,-99.23692334,20145.0,15.590894917368257,0.0,1,1,0,0,1,,6562,0,0,0,0,
2020-06-04,US,Kansas,Phillips,2,0,0,39.78465501,-99.34668865,20147.0,38.211692777990066,0.0,2,2,0,0,2,2,5317,0,0,0,0,0
2020-06-04,US,Kansas,Pottawatomie,26,0,0,39.37925655,-96.34564657,20149.0,106.63166960587293,0.0,26,26,0,0,26,25,24277,0,0,0,0,1
2020-06-04,US,Kansas,Pratt,2,0,0,37.64780729,-98.73922153,20151.0,21.824530772588393,0.0,2,2,0,0,2,2,9378,0,0,0,0,0
2020-06-04,US,Kansas,Reno,44,0,0,37.95230263,-98.08607292,20155.0,70.97003129133199,0.0,44,43,0,0,43,43,62342,1,0,0,1,0
2020-06-04,US,Kansas,Republic,4,0,0,39.82799632,-97.65036709,20157.0,86.28127696289906,0.0,4,4,0,0,4,4,4664,0,0,0,0,0
2020-06-04,US,Kansas,Rice,4,0,0,38.34616184,-98.19992118,20159.0,41.94191045402118,0.0,4,4,0,0,4,4,9531,0,0,0,0,0
2020-06-04,US,Kansas,Riley,67,1,0,39.28935726,-96.73420026,20161.0,90.25757085892876,1.492537313432836,66,67,1,0,66,66,73703,0,0,0,0,1
2020-06-04,US,Kansas,Rooks,6,0,0,39.35022773,-99.32484567,20163.0,121.95121951219512,0.0,6,6,0,0,6,6,5013,0,0,0,0,0
2020-06-04,US,Kansas,Saline,25,2,0,38.78369175,-97.65185177,20169.0,46.10504573620537,8.0,23,25,2,0,23,26,54401,0,0,0,0,-1
2020-06-04,US,Kansas,Scott,14,0,0,38.48222076,-100.90665390000001,20171.0,290.2757619738752,0.0,14,14,0,0,14,14,4897,0,0,0,0,0
2020-06-04,US,Kansas,Sedgwick,625,21,0,37.6842718,-97.4608198,20173.0,121.11417287740144,3.36,604,616,21,0,595,604,513607,9,0,0,9,12
2020-06-04,US,Kansas,Seward,891,2,0,37.19324632,-100.85072009999999,20175.0,4158.110882956878,0.2244668911335578,889,888,2,0,886,883,21780,3,0,0,3,5
2020-06-04,US,Kansas,Shawnee,348,7,0,39.04100763,-95.75572640000001,20177.0,196.74911660777386,2.0114942528735638,341,334,7,0,327,326,177499,14,0,0,14,8
2020-06-04,US,Kansas,Sheridan,2,0,0,39.35018161,-100.44182590000001,20179.0,79.33359777865927,0.0,2,2,0,0,2,2,2533,0,0,0,0,0
2020-06-04,US,Kansas,Sherman,7,0,0,39.35147699,-101.71976240000001,20181.0,118.30319418624303,0.0,7,7,0,0,7,7,5899,0,0,0,0,0
2020-06-04,US,Kansas,Smith,2,0,0,39.78516566,-98.78566062,20183.0,55.81914596706671,0.0,2,2,0,0,2,2,3603,0,0,0,0,0
2020-06-04,US,Kansas,Stafford,1,0,0,38.03100851,-98.71762001,20185.0,24.06159769008662,0.0,1,1,0,0,1,1,4178,0,0,0,0,0
2020-06-04,US,Kansas,Stanton,10,0,0,37.56304714,-101.78435340000001,20187.0,498.5044865403789,0.0,10,10,0,0,10,10,1987,0,0,0,0,0
2020-06-04,US,Kansas,Stevens,30,0,0,37.1923008,-101.3118967,20189.0,546.9462169553327,0.0,30,30,0,0,30,30,5559,0,0,0,0,0
2020-06-04,US,Kansas,Sumner,8,1,0,37.23682549,-97.47721621,20191.0,35.032404974601505,12.5,7,8,1,0,7,8,22996,0,0,0,0,0
2020-06-04,US,Kansas,Trego,1,0,0,38.91467218,-99.87284448,20195.0,35.676061362825536,0.0,1,1,0,0,1,1,2793,0,0,0,0,0
2020-06-04,US,Kansas,Wabaunsee,31,0,0,38.95471985,-96.20350509,20197.0,447.2659067955562,0.0,31,31,0,0,31,31,6899,0,0,0,0,0
2020-06-04,US,Kansas,Wilson,1,0,0,37.55937174,-95.74323255,20205.0,11.730205278592374,0.0,1,1,0,0,1,1,8665,0,0,0,0,0
2020-06-04,US,Kansas,Woodson,6,0,0,37.8865336,-95.74006277,20207.0,191.20458891013385,0.0,6,6,0,0,6,6,3183,0,0,0,0,0
2020-06-04,US,Kansas,Wyandotte,1434,74,0,39.11727348,-94.76378225,20209.0,866.8371325462888,5.160390516039052,1360,1419,74,0,1345,1375,165324,15,0,0,15,44
2020-06-04,US,Kentucky,Adair,97,19,0,37.10459774,-85.28129668,21001.0,505.15571294656814,19.587628865979386,78,97,19,0,78,97,19215,0,0,0,0,0
2020-06-04,US,Kentucky,Allen,100,3,0,36.75197631,-86.19457544,21003.0,469.1531785127845,3.0,97,96,3,0,93,92,21122,4,0,0,4,4
2020-06-04,US,Kentucky,Anderson,21,1,0,38.00671029,-84.99171713,21005.0,92.319866356003,4.761904761904762,20,21,1,0,20,22,22663,0,0,0,0,-1
2020-06-04,US,Kentucky,Ballard,12,0,0,37.05842757,-88.99427697,21007.0,152.1298174442191,0.0,12,12,0,0,12,12,7979,0,0,0,0,0
2020-06-04,US,Kentucky,Barren,50,1,0,36.96469836,-85.93338945,21009.0,112.99690388483357,2.0,49,49,1,0,48,49,44176,1,0,0,1,0
2020-06-04,US,Kentucky,Bath,9,1,0,38.14735938,-83.74588932,21011.0,72.0,11.111111111111109,8,9,1,0,8,9,12383,0,0,0,0,0
2020-06-04,US,Kentucky,Bell,2,0,0,36.73355174,-83.67766671,21013.0,7.682851874615857,0.0,2,1,0,0,1,1,26569,1,0,0,1,0
2020-06-04,US,Kentucky,Boone,505,18,0,38.97065142,-84.72615357,21015.0,378.0477762556052,3.5643564356435644,487,492,17,0,475,467,131533,13,1,0,12,25
2020-06-04,US,Kentucky,Bourbon,12,1,0,38.2054607,-84.21827874,21017.0,60.64281382656154,8.333333333333334,11,11,1,0,10,11,20184,1,0,0,1,0
2020-06-04,US,Kentucky,Boyd,41,3,0,38.36176608,-82.68652187,21019.0,87.76060619033348,7.317073170731707,38,40,3,0,37,40,47240,1,0,0,1,0
2020-06-04,US,Kentucky,Boyle,28,0,0,37.62680923,-84.8633779,21021.0,93.14703925482368,0.0,28,26,0,0,26,26,30100,2,0,0,2,0
2020-06-04,US,Kentucky,Bracken,13,0,0,38.69158994,-84.08532444,21023.0,156.56991448873904,0.0,13,13,0,0,13,13,8239,0,0,0,0,0
2020-06-04,US,Kentucky,Breathitt,3,0,0,37.52333168,-83.31959161,21025.0,23.752969121140147,0.0,3,3,0,0,3,3,12726,0,0,0,0,0
2020-06-04,US,Kentucky,Breckinridge,17,2,0,37.77377239,-86.42885017,21027.0,83.01997362894957,11.764705882352944,15,17,2,0,15,17,20388,0,0,0,0,0
2020-06-04,US,Kentucky,Bullitt,119,4,0,37.97162523,-85.68955617,21029.0,145.69763455605073,3.361344537815126,115,119,4,0,115,119,81069,0,0,0,0,0
2020-06-04,US,Kentucky,Butler,235,13,0,37.20946153,-86.68748787,21031.0,1824.6758288687008,5.531914893617022,222,235,13,0,222,232,12772,0,0,0,0,3
2020-06-04,US,Kentucky,Caldwell,12,0,0,37.14749129,-87.86948214,21033.0,94.13979759943516,0.0,12,12,0,0,12,12,12715,0,0,0,0,0
2020-06-04,US,Kentucky,Calloway,53,1,0,36.62093411,-88.2731593,21035.0,135.89395143714265,1.8867924528301887,52,53,1,0,52,52,39135,0,0,0,0,1
2020-06-04,US,Kentucky,Campbell,194,12,0,38.94384345,-84.37875208,21037.0,207.3003932296119,6.185567010309278,182,191,12,0,179,185,93152,3,0,0,3,6
2020-06-04,US,Kentucky,Carlisle,5,1,0,36.85372876,-88.96692220000001,21039.0,105.04201680672269,20.0,4,5,1,0,4,5,4771,0,0,0,0,0
2020-06-04,US,Kentucky,Carroll,15,0,0,38.66599534,-85.12601074,21041.0,141.09679239958612,0.0,15,14,0,0,14,14,10737,1,0,0,1,0
2020-06-04,US,Kentucky,Carter,14,0,0,38.31690743,-83.05092385,21043.0,52.24465425234168,0.0,14,14,0,0,14,12,27004,0,0,0,0,2
2020-06-04,US,Kentucky,Casey,5,0,0,37.32533118,-84.92726209,21045.0,30.94250881861501,0.0,5,5,0,0,5,3,15888,0,0,0,0,2
2020-06-04,US,Kentucky,Christian,118,3,0,36.89267803,-87.49055367,21047.0,167.46852868962972,2.5423728813559316,115,114,3,0,111,111,71671,4,0,0,4,3
2020-06-04,US,Kentucky,Clark,53,0,0,37.9689263,-84.14615986,21049.0,146.1544825304029,0.0,53,43,0,0,43,42,36249,10,0,0,10,1
2020-06-04,US,Kentucky,Clay,7,1,0,37.16451126,-83.712575,21051.0,35.1741118536757,14.285714285714285,6,7,1,0,6,7,20105,0,0,0,0,0
2020-06-04,US,Kentucky,Clinton,5,0,0,36.72581156,-85.13377529,21053.0,48.933255040125275,0.0,5,4,0,0,4,4,10206,1,0,0,1,0
2020-06-04,US,Kentucky,Crittenden,7,1,0,37.35839237,-88.08826090000002,21055.0,79.4912559618442,14.285714285714285,6,7,1,0,6,7,8915,0,0,0,0,0
2020-06-04,US,Kentucky,Cumberland,5,0,0,36.78926125,-85.39050034,21057.0,75.59721802237678,0.0,5,5,0,0,5,5,6659,0,0,0,0,0
2020-06-04,US,Kentucky,Daviess,337,6,0,37.73028906,-87.09019479999998,21059.0,331.98372590162637,1.7804154302670625,331,330,6,0,324,323,101104,7,0,0,7,7
2020-06-04,US,Kentucky,Edmonson,57,11,0,37.21218923,-86.23955613,21061.0,469.1358024691358,19.29824561403509,46,57,11,0,46,56,12274,0,0,0,0,1
2020-06-04,US,Kentucky,Elliott,1,0,0,38.11624059,-83.09771563,21063.0,13.303179459890915,0.0,1,1,0,0,1,1,7508,0,0,0,0,0
2020-06-04,US,Kentucky,Estill,1,0,0,37.69241417,-83.95956369,21065.0,7.089181908407768,0.0,1,1,0,0,1,1,14198,0,0,0,0,0
2020-06-04,US,Kentucky,Fayette,808,13,0,38.0368225,-84.45576892,21067.0,250.0371342278556,1.6089108910891092,795,803,13,0,790,770,323780,5,0,0,5,33
2020-06-04,US,Kentucky,Fleming,2,0,0,38.36758311,-83.69657514,21069.0,13.716480351141893,0.0,2,2,0,0,2,3,14432,0,0,0,0,-1
2020-06-04,US,Kentucky,Floyd,17,0,0,37.56213922,-82.74750924,21071.0,47.767568630756685,0.0,17,17,0,0,17,17,35845,0,0,0,0,0
2020-06-04,US,Kentucky,Franklin,68,1,0,38.2379395,-84.87962551,21073.0,133.35686689808006,1.4705882352941178,67,63,0,0,63,55,50815,5,1,0,4,8
2020-06-04,US,Kentucky,Fulton,8,0,0,36.55238827,-89.20140068,21075.0,134.02579996649354,0.0,8,8,0,0,8,7,6120,0,0,0,0,1
2020-06-04,US,Kentucky,Gallatin,46,5,0,38.75398691,-84.8558382,21077.0,518.6605028751832,10.869565217391305,41,46,5,0,41,43,8832,0,0,0,0,3
2020-06-04,US,Kentucky,Garrard,5,0,0,37.638866799999995,-84.53289319,21079.0,28.302954828484093,0.0,5,5,0,0,5,5,17560,0,0,0,0,0
2020-06-04,US,Kentucky,Grant,47,4,0,38.64962758,-84.62415957,21081.0,187.48254816705887,8.51063829787234,43,46,4,0,42,42,25121,1,0,0,1,4
2020-06-04,US,Kentucky,Graves,166,19,0,36.72292505,-88.65143315,21083.0,445.4462512746203,11.445783132530119,147,166,19,0,147,167,37317,0,0,0,0,-1
2020-06-04,US,Kentucky,Grayson,132,10,0,37.46231118,-86.34248968,21085.0,499.4891588148485,7.575757575757576,122,127,9,0,118,126,26321,5,1,0,4,1
2020-06-04,US,Kentucky,Green,2,0,0,37.26484328,-85.5540745,21087.0,18.279864729001005,0.0,2,1,0,0,1,1,11049,1,0,0,1,0
2020-06-04,US,Kentucky,Greenup,14,0,0,38.54332505,-82.9215658,21089.0,39.88831272437176,0.0,14,14,0,0,14,14,35268,0,0,0,0,0
2020-06-04,US,Kentucky,Hancock,7,0,0,37.83766422,-86.78280584,21091.0,80.25682182985555,0.0,7,7,0,0,7,7,8758,0,0,0,0,0
2020-06-04,US,Kentucky,Hardin,111,2,0,37.6976111,-85.96319251,21093.0,100.03785216027686,1.8018018018018016,109,109,2,0,107,106,110356,2,0,0,2,3
2020-06-04,US,Kentucky,Harlan,4,0,0,36.85699301,-83.21899516,21095.0,15.378700499807767,0.0,4,4,0,0,4,4,26409,0,0,0,0,0
2020-06-04,US,Kentucky,Harrison,27,0,0,38.44188174,-84.32869741,21097.0,142.96304140633274,0.0,27,23,0,0,23,23,18778,4,0,0,4,0
2020-06-04,US,Kentucky,Hart,23,0,0,37.29943898,-85.88461055,21099.0,120.8300499080641,0.0,23,23,0,0,23,23,18906,0,0,0,0,0
2020-06-04,US,Kentucky,Henderson,117,3,0,37.79344553,-87.57392021,21101.0,258.792302587923,2.5641025641025643,114,112,3,0,109,112,45591,5,0,0,5,0
2020-06-04,US,Kentucky,Henry,22,0,0,38.44942688,-85.11587507,21103.0,136.4256480218281,0.0,22,22,0,0,22,22,16106,0,0,0,0,0
2020-06-04,US,Kentucky,Hickman,5,0,0,36.67948079999999,-88.97875928,21105.0,114.15525114155253,0.0,5,5,0,0,5,5,4421,0,0,0,0,0
2020-06-04,US,Kentucky,Hopkins,224,31,0,37.30939025,-87.54670406,21107.0,501.27556729176916,13.839285714285715,193,224,31,0,193,222,45068,0,0,0,0,2
2020-06-04,US,Kentucky,Jackson,61,13,0,37.41866422,-83.99825483,21109.0,457.6487358391477,21.311475409836067,48,61,13,0,48,61,13442,0,0,0,0,0
2020-06-04,US,Kentucky,Jefferson,2760,163,0,38.18664655,-85.65931031,21111.0,359.95758760598216,5.905797101449275,2597,2612,160,0,2452,2562,770517,148,3,0,145,50
2020-06-04,US,Kentucky,Jessamine,67,0,0,37.87119786,-84.58252003,21113.0,123.8104037697496,0.0,67,67,0,0,67,68,53920,0,0,0,0,-1
2020-06-04,US,Kentucky,Johnson,5,0,0,37.85106355,-82.8264322,21115.0,22.534703443302693,0.0,5,5,0,0,5,5,22386,0,0,0,0,0
2020-06-04,US,Kentucky,Kenton,653,35,0,38.93950319,-84.53241199,21117.0,391.02264697780817,5.359877488514548,618,638,34,0,604,614,166051,15,1,0,14,24
2020-06-04,US,Kentucky,Knott,4,0,0,37.35388197,-82.94981134,21119.0,27.016074564365802,0.0,4,4,0,0,4,4,15126,0,0,0,0,0
2020-06-04,US,Kentucky,Knox,10,0,0,36.89225732,-83.85403396,21121.0,32.10788248515011,0.0,10,10,0,0,10,10,31304,0,0,0,0,0
2020-06-04,US,Kentucky,Larue,9,0,0,37.54567114,-85.70138352,21123.0,62.50868176135575,0.0,9,8,0,0,8,8,14307,1,0,0,1,0
2020-06-04,US,Kentucky,Laurel,21,2,0,37.10975748,-84.11321779,21125.0,34.532090178086925,9.523809523809524,19,21,2,0,19,21,60669,0,0,0,0,0
2020-06-04,US,Kentucky,Lawrence,4,0,0,38.07136018,-82.72882223,21127.0,26.114774433635827,0.0,4,4,0,0,4,4,15571,0,0,0,0,0
2020-06-04,US,Kentucky,Lee,1,0,0,37.59645942,-83.71513901,21129.0,13.508037282182901,0.0,1,1,0,0,1,1,7033,0,0,0,0,0
2020-06-04,US,Kentucky,Leslie,6,0,0,37.09246661,-83.37999606,21131.0,60.74719044244203,0.0,6,6,0,0,6,6,10143,0,0,0,0,0
2020-06-04,US,Kentucky,Letcher,3,0,0,37.12306748,-82.85346474,21133.0,13.919175984781699,0.0,3,3,0,0,3,4,21899,0,0,0,0,-1
2020-06-04,US,Kentucky,Lewis,7,0,0,38.53184419,-83.37735618,21135.0,52.730696798493405,0.0,7,7,0,0,7,7,13257,0,0,0,0,0
2020-06-04,US,Kentucky,Lincoln,9,1,0,37.45475628,-84.6565327,21137.0,36.66137113528046,11.111111111111109,8,8,1,0,7,8,24644,1,0,0,1,0
2020-06-04,US,Kentucky,Livingston,9,0,0,37.21137452,-88.34797529,21139.0,97.88992821405265,0.0,9,9,0,0,9,9,9242,0,0,0,0,0
2020-06-04,US,Kentucky,Logan,158,4,0,36.85949479,-86.877635,21141.0,582.9828056969966,2.5316455696202533,154,155,4,0,151,152,26989,3,0,0,3,3
2020-06-04,US,Kentucky,Lyon,15,3,0,37.02080035,-88.07886257,21143.0,182.70401948842877,20.0,12,15,3,0,12,15,8009,0,0,0,0,0
2020-06-04,US,Kentucky,Madison,57,1,0,37.71659336,-84.27220275,21151.0,61.29889124286191,1.7543859649122806,56,54,1,0,53,55,92368,3,0,0,3,-1
2020-06-04,US,Kentucky,Magoffin,2,0,0,37.70820545,-83.0657714,21153.0,16.446015952635474,0.0,2,2,0,0,2,2,12362,0,0,0,0,0
2020-06-04,US,Kentucky,Marion,27,0,0,37.55218078,-85.26898542,21155.0,140.09235718362476,0.0,27,25,0,0,25,24,19404,2,0,0,2,1
2020-06-04,US,Kentucky,Marshall,37,2,0,36.88007070000001,-88.32803576,21157.0,118.97106109324758,5.405405405405406,35,37,2,0,35,38,31191,0,0,0,0,-1
2020-06-04,US,Kentucky,Martin,3,0,0,37.79990579,-82.51247478,21159.0,26.797677534613662,0.0,3,3,0,0,3,3,11323,0,0,0,0,0
2020-06-04,US,Kentucky,Mason,10,0,0,38.59471935,-83.82151043,21161.0,58.582308142940825,0.0,10,10,0,0,10,9,17150,0,0,0,0,1
2020-06-04,US,Kentucky,McCracken,107,2,0,37.05350953,-88.70445755,21145.0,163.56354520162643,1.8691588785046729,105,99,2,0,97,97,65346,8,0,0,8,2
2020-06-04,US,Kentucky,McCreary,13,0,0,36.73874143,-84.48102924,21147.0,75.44541814172132,0.0,13,13,0,0,13,13,17408,0,0,0,0,0
2020-06-04,US,Kentucky,McLean,22,1,0,37.5301951,-87.26803443,21149.0,238.94862604540023,4.545454545454546,21,22,1,0,21,22,9252,0,0,0,0,0
2020-06-04,US,Kentucky,Meade,23,2,0,37.96163597,-86.21028219,21163.0,80.49839003219934,8.695652173913043,21,22,2,0,20,22,28715,1,0,0,1,0
2020-06-04,US,Kentucky,Menifee,10,0,0,37.94090733,-83.59985712,21165.0,154.10695022345507,0.0,10,10,0,0,10,10,6451,0,0,0,0,0
2020-06-04,US,Kentucky,Mercer,14,0,0,37.81474237,-84.87488475,21167.0,63.830757306342036,0.0,14,14,0,0,14,14,21774,0,0,0,0,0
2020-06-04,US,Kentucky,Metcalfe,7,2,0,36.99459295,-85.63123699,21169.0,69.50650382285771,28.57142857142857,5,7,1,0,6,6,10030,0,1,0,-1,1
2020-06-04,US,Kentucky,Monroe,25,0,0,36.71225341,-85.71596443,21171.0,234.74178403755866,0.0,25,21,0,0,21,21,10718,4,0,0,4,0
2020-06-04,US,Kentucky,Montgomery,25,0,0,38.03253032,-83.9145241,21173.0,88.78786802571297,0.0,25,25,0,0,25,25,28203,0,0,0,0,0
2020-06-04,US,Kentucky,Morgan,3,0,0,37.92465657,-83.25558245,21175.0,22.541137576076334,0.0,3,3,0,0,3,1,13345,0,0,0,0,2
2020-06-04,US,Kentucky,Muhlenberg,479,8,0,37.21425819,-87.14632053,21177.0,1564.234863823395,1.6701461377870563,471,479,8,0,471,484,30774,0,0,0,0,-5
2020-06-04,US,Kentucky,Nelson,44,1,0,37.80335779,-85.4657193,21179.0,95.1701165833928,2.272727272727273,43,44,1,0,43,42,45851,0,0,0,0,2
2020-06-04,US,Kentucky,Nicholas,3,0,0,38.33342292,-84.01889177,21181.0,41.27115146512588,0.0,3,3,0,0,3,3,7166,0,0,0,0,0
2020-06-04,US,Kentucky,Ohio,150,0,0,37.47751843,-86.85368087,21183.0,625.1562890722681,0.0,150,148,0,0,148,148,24087,2,0,0,2,0
2020-06-04,US,Kentucky,Oldham,105,5,0,38.39791089,-85.448222,21185.0,157.18798185601582,4.761904761904762,100,103,5,0,98,100,66470,2,0,0,2,3
2020-06-04,US,Kentucky,Owen,3,0,0,38.51679143,-84.82404619,21187.0,27.520410971470515,0.0,3,3,0,0,3,3,10880,0,0,0,0,0
2020-06-04,US,Kentucky,Owsley,2,0,0,37.42823949,-83.68811419,21189.0,45.30011325028314,0.0,2,2,0,0,2,2,4472,0,0,0,0,0
2020-06-04,US,Kentucky,Pendleton,11,0,0,38.69607718,-84.35599463,21191.0,75.39410555174777,0.0,11,11,0,0,11,11,14529,0,0,0,0,0
2020-06-04,US,Kentucky,Perry,22,0,0,37.25023553,-83.22922731,21193.0,85.41035794704557,0.0,22,22,0,0,22,21,26092,0,0,0,0,1
2020-06-04,US,Kentucky,Pike,32,2,0,37.47088263,-82.39487445,21195.0,55.29062132835718,6.25,30,30,2,0,28,30,58402,2,0,0,2,0
2020-06-04,US,Kentucky,Powell,1,0,0,37.83218794,-83.82553961,21197.0,8.091269520187717,0.0,1,1,0,0,1,1,12442,0,0,0,0,0
2020-06-04,US,Kentucky,Pulaski,60,2,0,37.10466131,-84.57629079,21199.0,92.33752443097,3.333333333333333,58,61,2,0,59,61,64623,-1,0,0,-1,0
2020-06-04,US,Kentucky,Rockcastle,13,0,0,37.36642393,-84.31176452,21203.0,77.86762503743634,0.0,13,13,0,0,13,13,16750,0,0,0,0,0
2020-06-04,US,Kentucky,Rowan,7,0,0,38.19484205,-83.42088935,21205.0,28.618152085036797,0.0,7,7,0,0,7,7,24583,0,0,0,0,0
2020-06-04,US,Kentucky,Russell,26,4,0,36.99308373,-85.06070117,21207.0,145.06500027897116,15.384615384615385,22,25,4,0,21,24,17821,1,0,0,1,1
2020-06-04,US,Kentucky,Scott,37,0,0,38.29622293,-84.5816631,21209.0,64.90772577362992,0.0,37,35,0,0,35,35,56031,2,0,0,2,0
2020-06-04,US,Kentucky,Shelby,184,5,0,38.21476019,-85.194223,21211.0,375.3263707571802,2.717391304347826,179,184,5,0,179,178,48518,0,0,0,0,6
2020-06-04,US,Kentucky,Simpson,55,3,0,36.74058474,-86.58047435,21213.0,296.14473400818434,5.454545454545454,52,55,3,0,52,54,18529,0,0,0,0,1
2020-06-04,US,Kentucky,Spencer,24,0,0,38.03223971,-85.32749335,21215.0,124.02459821197873,0.0,24,24,0,0,24,22,18794,0,0,0,0,2
2020-06-04,US,Kentucky,Taylor,13,1,0,37.3677562,-85.3329931,21217.0,50.448212969071356,7.6923076923076925,12,13,1,0,12,12,25549,0,0,0,0,1
2020-06-04,US,Kentucky,Todd,23,0,0,36.8381152,-87.17878374,21219.0,187.0831299821051,0.0,23,18,0,0,18,17,12311,5,0,0,5,1
2020-06-04,US,Kentucky,Trigg,11,0,0,36.80767017,-87.87333656,21221.0,75.08019930380179,0.0,11,10,0,0,10,10,14643,1,0,0,1,0
2020-06-04,US,Kentucky,Trimble,6,0,0,38.61056487,-85.33775972,21223.0,70.82989021367017,0.0,6,6,0,0,6,6,8515,0,0,0,0,0
2020-06-04,US,Kentucky,Unassigned,9,0,0,0.0,0.0,90021.0,0.0,0.0,9,8,0,0,8,7,,1,0,0,1,1
2020-06-04,US,Kentucky,Union,15,0,0,37.66166713,-87.94300009,21225.0,104.30429038314443,0.0,15,15,0,0,15,15,14505,0,0,0,0,0
2020-06-04,US,Kentucky,Warren,1081,6,0,36.99903045,-86.42672751,21227.0,813.4180110763302,0.5550416281221091,1075,1067,6,0,1061,1045,131264,14,0,0,14,22
2020-06-04,US,Kentucky,Washington,7,0,0,37.75599461,-85.17407732,21229.0,57.87515502273667,0.0,7,7,0,0,7,6,12084,0,0,0,0,1
2020-06-04,US,Kentucky,Wayne,8,0,0,36.80310688,-84.8251971,21231.0,39.34490729356219,0.0,8,8,0,0,8,8,20468,0,0,0,0,0
2020-06-04,US,Kentucky,Webster,34,0,0,37.52168356,-87.67989953,21233.0,262.71055478287747,0.0,34,33,0,0,33,32,13111,1,0,0,1,1
2020-06-04,US,Kentucky,Whitley,13,0,0,36.75700531,-84.14541217,21235.0,35.848224134127506,0.0,13,13,0,0,13,13,36242,0,0,0,0,0
2020-06-04,US,Kentucky,Wolfe,1,0,0,37.73941626,-83.49303612,21237.0,13.972334777141258,0.0,1,1,0,0,1,1,7177,0,0,0,0,0
2020-06-04,US,Kentucky,Woodford,31,0,0,38.04178222,-84.7417556,21239.0,115.95720804967459,0.0,31,29,0,0,29,29,26533,2,0,0,2,0
2020-06-04,US,Louisiana,Acadia,462,26,0,30.295064899999996,-92.41419698,22001.0,744.6208397131114,5.627705627705628,436,446,26,0,420,428,62190,16,0,0,16,18
2020-06-04,US,Louisiana,Allen,186,10,0,30.65385745,-92.82442028,22003.0,725.7970109649979,5.376344086021504,176,185,10,0,175,184,25605,1,0,0,1,1
2020-06-04,US,Louisiana,Ascension,861,57,0,30.20406249,-90.91328409999998,22005.0,680.0732994218192,6.620209059233449,804,852,57,0,795,841,124672,9,0,0,9,11
2020-06-04,US,Louisiana,Assumption,252,14,0,29.89946234,-91.06461642,22007.0,1151.158010141154,5.5555555555555545,238,252,14,0,238,252,22300,0,0,0,0,0
2020-06-04,US,Louisiana,Avoyelles,149,9,0,31.07796211,-92.00079449,22009.0,371.16381028298133,6.040268456375839,140,141,9,0,132,136,40462,8,0,0,8,5
2020-06-04,US,Louisiana,Beauregard,90,4,0,30.64836518,-93.34173616,22011.0,240.0192015361229,4.4444444444444455,86,81,4,0,77,69,37253,9,0,0,9,12
2020-06-04,US,Louisiana,Bienville,149,23,0,32.34569994,-93.05398492,22013.0,1125.292651612416,15.436241610738255,126,149,23,0,126,147,13308,0,0,0,0,2
2020-06-04,US,Louisiana,Bossier,438,25,0,32.67932307,-93.60460152,22015.0,344.776013665095,5.707762557077626,413,425,25,0,400,421,127185,13,0,0,13,4
2020-06-04,US,Louisiana,Caddo,2676,198,0,32.57991587,-93.88375652,22017.0,1114.0530549033322,7.3991031390134525,2478,2633,198,0,2435,2609,242922,43,0,0,43,24
2020-06-04,US,Louisiana,Calcasieu,621,49,0,30.22931235,-93.35400434,22019.0,305.2557069545213,7.890499194847021,572,613,49,0,564,611,203112,8,0,0,8,2
2020-06-04,US,Louisiana,Caldwell,65,1,0,32.0902519,-92.11752148,22021.0,655.3740673522888,1.5384615384615383,64,61,0,0,61,60,9960,4,1,0,3,1
2020-06-04,US,Louisiana,Cameron,8,0,0,29.87592238,-93.19310676,22023.0,114.7282374874516,0.0,8,6,0,0,6,6,6968,2,0,0,2,0
2020-06-04,US,Louisiana,Catahoula,119,3,0,31.66778967,-91.84526385,22025.0,1253.4232146618915,2.5210084033613445,116,117,3,0,114,114,9608,2,0,0,2,3
2020-06-04,US,Louisiana,Claiborne,66,10,0,32.82308512,-92.99526883,22027.0,421.18698149329936,15.151515151515152,56,66,10,0,56,66,15944,0,0,0,0,0
2020-06-04,US,Louisiana,Concordia,94,5,0,31.44817835,-91.63814433,22029.0,488.08349343164235,5.319148936170213,89,94,5,0,89,88,19572,0,0,0,0,6
2020-06-04,US,Louisiana,De Soto,260,17,0,32.05457447,-93.74130302,22031.0,946.7283253832428,6.538461538461537,243,250,17,0,233,249,27436,10,0,0,10,1
2020-06-04,US,Louisiana,East Baton Rouge,3820,246,0,30.53842039,-91.09777565,22033.0,868.0654185007012,6.4397905759162315,3574,3773,242,0,3531,3730,440956,47,4,0,43,43
2020-06-04,US,Louisiana,East Carroll,179,0,0,32.73926954,-91.23425694,22035.0,2608.949132779478,0.0,179,165,0,0,165,164,7037,14,0,0,14,1
2020-06-04,US,Louisiana,East Feliciana,199,30,0,30.84425359,-91.04976723,22037.0,1039.9790958975698,15.075376884422115,169,198,30,0,168,198,19305,1,0,0,1,0
2020-06-04,US,Louisiana,Evangeline,81,1,0,30.72985248,-92.39915924,22039.0,242.55128013175624,1.2345679012345678,80,81,1,0,80,80,33443,0,0,0,0,1
2020-06-04,US,Louisiana,Franklin,378,12,0,32.13675181,-91.67589857,22041.0,1888.5835623282535,3.1746031746031744,366,377,12,0,365,377,20156,1,0,0,1,0
2020-06-04,US,Louisiana,Grant,33,1,0,31.59882456,-92.56124347,22043.0,147.3938094600027,3.0303030303030303,32,30,1,0,29,30,22482,3,0,0,3,0
2020-06-04,US,Louisiana,Iberia,419,38,0,29.86803617,-91.75871777,22045.0,600.0286409852498,9.069212410501192,381,418,38,0,380,411,70941,1,0,0,1,7
2020-06-04,US,Louisiana,Iberville,584,42,0,30.25734305,-91.3499598,22047.0,1796.3150933530192,7.191780821917808,542,579,42,0,537,578,32721,5,0,0,5,1
2020-06-04,US,Louisiana,Jackson,117,15,0,32.30251776,-92.55692092,22049.0,743.140243902439,12.82051282051282,102,110,15,0,95,109,15902,7,0,0,7,1
2020-06-04,US,Louisiana,Jefferson,7763,455,0,29.74075478,-90.11115756,22051.0,1794.942345887679,5.861136158701532,7308,7738,454,0,7284,7711,434051,25,1,0,24,27
2020-06-04,US,Louisiana,Jefferson Davis,84,7,0,30.26896765,-92.81210004,22053.0,267.7888293802601,8.333333333333334,77,78,7,0,71,78,31582,6,0,0,6,0
2020-06-04,US,Louisiana,LaSalle,56,0,0,31.67884782,-92.15907765,22059.0,376.04082728982,0.0,56,53,0,0,53,53,14917,3,0,0,3,0
2020-06-04,US,Louisiana,Lafayette,834,28,0,30.2049055,-92.06959876,22055.0,341.25782560661236,3.357314148681055,806,821,27,0,794,803,242782,13,1,0,12,18
2020-06-04,US,Louisiana,Lafourche,882,72,0,29.52470226,-90.40976986,22057.0,903.5589157293012,8.16326530612245,810,878,72,0,806,867,98115,4,0,0,4,11
2020-06-04,US,Louisiana,Lincoln,163,16,0,32.6003154,-92.66597409999999,22061.0,348.7227760900261,9.8159509202454,147,161,16,0,145,160,47196,2,0,0,2,1
2020-06-04,US,Louisiana,Livingston,453,31,0,30.44143993,-90.73061664,22063.0,321.75809189638403,6.843267108167771,422,446,31,0,415,440,139567,7,0,0,7,6
2020-06-04,US,Louisiana,Madison,116,2,0,32.36918118,-91.23973355,22065.0,1059.2639941557848,1.7241379310344829,114,106,2,0,104,105,11161,10,0,0,10,1
2020-06-04,US,Louisiana,Morehouse,132,5,0,32.81686191,-91.80421614,22067.0,530.6745999839188,3.787878787878788,127,131,5,0,126,122,25398,1,0,0,1,9
2020-06-04,US,Louisiana,Natchitoches,173,13,0,31.72321584,-93.09816516,22069.0,453.378059646732,7.514450867052022,160,173,13,0,160,172,38659,0,0,0,0,1
2020-06-04,US,Louisiana,Orleans,7192,511,0,30.06971951,-89.92660315,22071.0,1843.4219160104988,7.105116796440488,6681,7174,509,0,6665,7156,391006,18,2,0,16,18
2020-06-04,US,Louisiana,Ouachita,1346,49,0,32.47645559,-92.15704172,22073.0,878.1372529831223,3.640416047548291,1297,1312,48,0,1264,1289,154475,34,1,0,33,23
2020-06-04,US,Louisiana,Plaquemines,217,17,0,29.42245447,-89.60322085,22075.0,935.4657929904727,7.834101382488479,200,215,17,0,198,215,23410,2,0,0,2,0
2020-06-04,US,Louisiana,Pointe Coupee,207,25,0,30.71409502,-91.60209535,22077.0,952.6000920386563,12.07729468599034,182,205,25,0,180,205,21940,2,0,0,2,0
2020-06-04,US,Louisiana,Rapides,850,33,0,31.19778499,-92.52997303,22079.0,655.621374799457,3.882352941176471,817,829,33,0,796,810,130562,21,0,0,21,19
2020-06-04,US,Louisiana,Red River,51,7,0,32.09530039,-93.34213308,22081.0,604.1222459132908,13.725490196078429,44,50,7,0,43,50,8477,1,0,0,1,0
2020-06-04,US,Louisiana,Richland,148,3,0,32.41391005,-91.76634876,22083.0,735.5133684524402,2.0270270270270268,145,143,3,0,140,139,20192,5,0,0,5,4
2020-06-04,US,Louisiana,Sabine,50,0,0,31.56388699,-93.55433981,22085.0,209.34516831351533,0.0,50,49,0,0,49,47,24032,1,0,0,1,2
2020-06-04,US,Louisiana,St. Bernard,546,22,0,29.87761636,-89.51887093,22087.0,1155.7023114046228,4.029304029304028,524,545,22,0,523,544,46721,1,0,0,1,1
2020-06-04,US,Louisiana,St. Charles,647,45,0,29.90709658,-90.35555967,22089.0,1218.4557438794727,6.955177743431221,602,647,45,0,602,645,52879,0,0,0,0,2
2020-06-04,US,Louisiana,St. Helena,52,1,0,30.82210324,-90.71013176,22091.0,513.2254243979471,1.9230769230769231,51,51,1,0,50,51,10262,1,0,0,1,0
2020-06-04,US,Louisiana,St. James,303,27,0,30.02531716,-90.80212061,22093.0,1436.2912400455066,8.910891089108912,276,303,27,0,276,294,21037,0,0,0,0,9
2020-06-04,US,Louisiana,St. John the Baptist,872,82,0,30.12597499,-90.4753503,22095.0,2035.623409669211,9.403669724770642,790,868,82,0,786,864,43184,4,0,0,4,4
2020-06-04,US,Louisiana,St. Landry,272,54,0,30.59724262,-92.00135806,22097.0,331.20646826749794,19.852941176470583,218,269,54,0,215,266,82764,3,0,0,3,3
2020-06-04,US,Louisiana,St. Martin,311,23,0,30.13112107,-91.61403569,22099.0,582.0591042653141,7.395498392282957,288,306,23,0,283,300,53621,5,0,0,5,6
2020-06-04,US,Louisiana,St. Mary,331,32,0,29.69262097,-91.44702164,22101.0,670.7465348139742,9.667673716012084,299,328,32,0,296,323,49774,3,0,0,3,5
2020-06-04,US,Louisiana,St. Tammany,1799,162,0,30.40942847,-89.95642711,22103.0,690.8098103440992,9.005002779321845,1637,1790,162,0,1628,1776,258111,9,0,0,9,14
2020-06-04,US,Louisiana,Tangipahoa,898,39,0,30.62888673,-90.40664996,22105.0,666.3797325576218,4.342984409799555,859,891,39,0,852,883,133777,7,0,0,7,8
2020-06-04,US,Louisiana,Tensas,16,0,0,32.00760749,-91.32915234,22107.0,369.17397323488683,0.0,16,16,0,0,16,12,4462,0,0,0,0,4
2020-06-04,US,Louisiana,Terrebonne,719,55,0,29.37343766,-90.82626855,22109.0,650.9084654312381,7.649513212795548,664,709,55,0,654,692,111021,10,0,0,10,17
2020-06-04,US,Louisiana,Unassigned,88,111,0,0.0,0.0,90022.0,0.0,126.13636363636364,-23,85,111,0,-26,85,,3,0,0,3,0
2020-06-04,US,Louisiana,Union,333,19,0,32.83121059,-92.3749373,22111.0,1506.2420843133707,5.7057057057057055,314,331,19,0,312,324,22330,2,0,0,2,7
2020-06-04,US,Louisiana,Vermilion,59,4,0,29.83517605,-92.30292538,22113.0,99.14133521533834,6.779661016949151,55,58,3,0,55,57,59830,1,1,0,0,1
2020-06-04,US,Louisiana,Vernon,29,3,0,31.10884837,-93.18153838,22115.0,61.144025806995714,10.344827586206897,26,28,3,0,25,28,48860,1,0,0,1,0
2020-06-04,US,Louisiana,Washington,451,41,0,30.85288548,-90.03866652,22117.0,976.3172706412088,9.090909090909092,410,444,39,0,405,437,46582,7,2,0,5,7
2020-06-04,US,Louisiana,Webster,171,7,0,32.70847669,-93.33121835,22119.0,446.0093896713615,4.093567251461988,164,163,7,0,156,157,38798,8,0,0,8,6
2020-06-04,US,Louisiana,West Baton Rouge,180,31,0,30.46058217,-91.30989571,22121.0,680.1435858681277,17.22222222222222,149,176,31,0,145,176,26427,4,0,0,4,0
2020-06-04,US,Louisiana,West Carroll,68,0,0,32.78550125,-91.461201,22123.0,627.8855032317638,0.0,68,68,0,0,68,66,10982,0,0,0,0,2
2020-06-04,US,Louisiana,West Feliciana,216,13,0,30.87882871,-91.41485379999999,22125.0,1387.4614594039053,6.018518518518517,203,215,13,0,202,212,15460,1,0,0,1,3
2020-06-04,US,Louisiana,Winn,178,2,0,31.94449367,-92.63789413,22127.0,1280.2071346375144,1.1235955056179776,176,178,2,0,176,174,14134,0,0,0,0,4
2020-06-04,US,Maine,Androscoggin,334,2,0,44.1664747,-70.20380627,23001.0,308.46809571746536,0.5988023952095808,332,326,2,0,324,314,107679,8,0,0,8,12
2020-06-04,US,Maine,Aroostook,10,1,0,46.65926321,-68.59841248,23003.0,14.913131011855938,10.0,9,10,1,0,9,10,67111,0,0,0,0,0
2020-06-04,US,Maine,Cumberland,1244,54,0,43.8370751,-70.37226999,23005.0,421.69062687498086,4.340836012861736,1190,1226,54,0,1172,1203,293557,18,0,0,18,23
2020-06-04,US,Maine,Franklin,36,1,0,44.97330019,-70.44381045,23007.0,119.20924533924965,2.7777777777777777,35,36,1,0,35,36,29897,0,0,0,0,0
2020-06-04,US,Maine,Hancock,11,1,0,44.59816444,-68.38401854,23009.0,20.00472839034681,9.090909090909092,10,11,1,0,10,11,54811,0,0,0,0,0
2020-06-04,US,Maine,Kennebec,128,9,0,44.40759555,-69.76738544,23011.0,104.65895897041749,7.03125,119,127,9,0,118,127,122083,1,0,0,1,0
2020-06-04,US,Maine,Knox,21,1,0,44.11486325,-69.10529169,23013.0,52.800965503369206,4.761904761904762,20,21,1,0,20,20,39771,0,0,0,0,1
2020-06-04,US,Maine,Lincoln,20,0,0,44.05996956,-69.54227124,23015.0,57.746722873476934,0.0,20,20,0,0,20,20,34342,0,0,0,0,0
2020-06-04,US,Maine,Oxford,32,0,0,44.49952995,-70.75682123,23017.0,55.19620526088831,0.0,32,33,0,0,33,33,57618,-1,0,0,-1,0
2020-06-04,US,Maine,Penobscot,100,2,0,45.40194593,-68.65020455,23019.0,65.72547782422379,2.0,98,100,2,0,98,100,151096,0,0,0,0,0
2020-06-04,US,Maine,Piscataquis,1,0,0,45.83839062,-69.2860223,23021.0,5.957700327673518,0.0,1,1,0,0,1,1,16800,0,0,0,0,0
2020-06-04,US,Maine,Sagadahoc,30,0,0,43.95415864,-69.85074999,23023.0,83.66800535475234,0.0,30,31,0,0,31,31,35634,-1,0,0,-1,0
2020-06-04,US,Maine,Somerset,22,0,0,45.51229767,-69.95995554,23025.0,43.57816337849616,0.0,22,22,0,0,22,22,50592,0,0,0,0,0
2020-06-04,US,Maine,Unassigned,4,0,0,0.0,0.0,90023.0,0.0,0.0,4,4,0,0,4,1,,0,0,0,0,3
2020-06-04,US,Maine,Waldo,51,14,0,44.4858305,-69.12061935,23027.0,128.4149565655294,27.450980392156858,37,51,14,0,37,51,39694,0,0,0,0,0
2020-06-04,US,Maine,Washington,1,0,0,45.01607142,-67.62813524,23029.0,3.1868447050575224,0.0,1,1,0,0,1,1,31490,0,0,0,0,0
2020-06-04,US,Maine,York,401,10,0,43.47808377,-70.71052375,23031.0,193.1217823069625,2.4937655860349133,391,398,10,0,388,396,206229,3,0,0,3,2
2020-06-04,US,Maryland,Allegany,182,16,0,39.62357628,-78.69280486,24001.0,258.46398545785047,8.791208791208794,166,182,17,0,165,181,70975,0,-1,0,1,1
2020-06-04,US,Maryland,Anne Arundel,4080,179,0,39.00670238,-76.60329337,24003.0,704.3785413149091,4.387254901960786,3901,4009,178,0,3831,3924,576031,71,1,0,70,85
2020-06-04,US,Maryland,Baltimore,6476,371,0,39.45784712,-76.62911955,24005.0,782.721152567775,5.728844966028412,6105,6457,366,0,6091,6385,828431,19,5,0,14,72
2020-06-04,US,Maryland,Baltimore City,5906,269,0,39.30211911,-76.61151012,24510.0,995.1304992501981,4.55469014561463,5637,5801,266,0,5535,5688,621342,105,3,0,102,113
2020-06-04,US,Maryland,Calvert,352,20,0,38.53961642,-76.56820632,24009.0,380.43771953526067,5.6818181818181825,332,348,20,0,328,352,92003,4,0,0,4,-4
2020-06-04,US,Maryland,Caroline,268,1,0,38.87172293,-75.82904158,24011.0,802.2510926180927,0.373134328358209,267,265,1,0,264,263,33304,3,0,0,3,2
2020-06-04,US,Maryland,Carroll,947,98,0,39.56453592,-77.02373735,24013.0,562.1946368887543,10.348468848996832,849,940,96,0,844,927,168429,7,2,0,5,13
2020-06-04,US,Maryland,Cecil,388,24,0,39.56647682,-75.94627411,24015.0,377.23008118224686,6.185567010309278,364,381,24,0,357,377,102826,7,0,0,7,4
2020-06-04,US,Maryland,Charles,1174,79,0,38.51092331,-76.98580666,24017.0,719.1115848018767,6.729131175468483,1095,1152,75,0,1077,1133,161503,22,4,0,18,19
2020-06-04,US,Maryland,Dorchester,152,3,0,38.45413522,-76.02752426,24019.0,476.0562498042532,1.973684210526316,149,147,3,0,144,144,31998,5,0,0,5,3
2020-06-04,US,Maryland,Frederick,2041,109,0,39.47296601,-77.39999394,24021.0,786.3700986719168,5.340519353258207,1932,2005,109,0,1896,1961,255648,36,0,0,36,44
2020-06-04,US,Maryland,Garrett,10,0,0,39.52786077,-79.27355126,24023.0,34.46611980423244,0.0,10,10,0,0,10,10,29163,0,0,0,0,0
2020-06-04,US,Maryland,Harford,920,51,0,39.55010644,-76.30775940000002,24025.0,360.1614462830948,5.543478260869565,869,901,51,0,850,891,253956,19,0,0,19,10
2020-06-04,US,Maryland,Howard,2033,65,0,39.25305293,-76.93126208,24027.0,624.2132088796094,3.1972454500737832,1968,2004,61,0,1943,1975,323196,29,4,0,25,29
2020-06-04,US,Maryland,Kent,180,19,0,39.24976208,-76.04741541,24029.0,926.7840593141797,10.555555555555557,161,178,19,0,159,174,19383,2,0,0,2,4
2020-06-04,US,Maryland,Montgomery,12226,636,0,39.13676329,-77.20358245,24031.0,1163.6185052080161,5.202028463929332,11590,11924,633,0,11291,11731,1052567,302,3,0,299,193
2020-06-04,US,Maryland,Prince George's,15940,580,0,38.83070039,-76.8496441,24033.0,1752.9447602457642,3.6386449184441663,15360,15738,565,0,15173,15553,909308,202,15,0,187,185
2020-06-04,US,Maryland,Queen Anne's,161,12,0,39.06198912,-76.03530977,24035.0,319.56491534507063,7.453416149068322,149,162,12,0,150,161,50251,-1,0,0,-1,1
2020-06-04,US,Maryland,Somerset,76,3,0,38.1163542,-75.75118623,24039.0,296.68956901936286,3.947368421052632,73,75,3,0,72,74,25675,1,0,0,1,1
2020-06-04,US,Maryland,St. Mary's,542,28,0,38.30058422,-76.60629279999998,24037.0,477.49096995859395,5.166051660516605,514,536,27,0,509,518,112664,6,1,0,5,18
2020-06-04,US,Maryland,Talbot,106,3,0,38.76618159,-76.10882561,24041.0,285.091847986875,2.830188679245283,103,103,3,0,100,101,36968,3,0,0,3,2
2020-06-04,US,Maryland,Unassigned,0,40,0,0.0,0.0,90024.0,0.0,0.0,-40,0,53,0,-53,0,,0,-13,0,13,0
2020-06-04,US,Maryland,Washington,516,16,0,39.60835778,-77.82002295,24043.0,341.6110004038425,3.1007751937984502,500,486,16,0,470,480,150926,30,0,0,30,6
2020-06-04,US,Maryland,Wicomico,959,32,0,38.37301947,-75.62705831,24045.0,925.59526682045,3.3368091762252345,927,959,30,0,929,955,103195,0,2,0,-2,4
2020-06-04,US,Maryland,Worcester,223,14,0,38.21274277,-75.33200012,24047.0,426.581987910322,6.278026905829598,209,219,13,0,206,217,51823,4,1,0,3,2
2020-06-04,US,Massachusetts,Barnstable,1443,121,0,41.72980578,-70.28854339,25001.0,677.4965960843233,8.385308385308385,1322,1435,121,0,1314,1430,213413,8,0,0,8,5
2020-06-04,US,Massachusetts,Berkshire,568,40,0,42.37428441,-73.20524838,25003.0,454.60366244077346,7.042253521126762,528,566,40,0,526,568,126348,2,0,0,2,-2
2020-06-04,US,Massachusetts,Bristol,7508,452,0,41.79228404,-71.10872211,25005.0,1328.3393811580333,6.0202450719232825,7056,7453,441,0,7012,7380,564022,55,11,0,44,73
2020-06-04,US,Massachusetts,Dukes and Nantucket,55,1,0,41.40674725,-70.68763497,0.0,191.4308586544151,1.818181818181818,54,54,1,0,53,54,26707,1,0,0,1,0
2020-06-04,US,Massachusetts,Essex,14969,986,0,42.6687626,-70.94687179,25009.0,1897.129908216883,6.586946355801992,13983,14857,979,0,13878,14795,790638,112,7,0,105,62
2020-06-04,US,Massachusetts,Franklin,337,47,0,42.58119713,-72.58602547,25011.0,480.1937874038188,13.946587537091988,290,335,47,0,288,335,70963,2,0,0,2,0
2020-06-04,US,Massachusetts,Hampden,6268,609,0,42.13440424,-72.63235561,25013.0,1343.991491770518,9.716017868538607,5659,6237,608,0,5629,6201,470406,31,1,0,30,36
2020-06-04,US,Massachusetts,Hampshire,894,94,0,42.33997957,-72.65898478,25015.0,555.8664428278306,10.51454138702461,800,891,93,0,798,883,161355,3,1,0,2,8
2020-06-04,US,Massachusetts,Middlesex,22485,1689,0,42.48607732,-71.39049229,25017.0,1395.1116182364074,7.511674449633089,20796,22403,1676,0,20727,22296,1614714,82,13,0,69,107
2020-06-04,US,Massachusetts,Norfolk,8625,854,0,42.16073095,-71.20530408,25021.0,1220.3317887587987,9.90144927536232,7771,8613,850,0,7763,8600,705388,12,4,0,8,13
2020-06-04,US,Massachusetts,Plymouth,8282,579,0,41.94070556,-70.80802823,25023.0,1589.0192286292072,6.991064960154552,7703,8243,572,0,7671,8228,518132,39,7,0,32,15
2020-06-04,US,Massachusetts,Suffolk,18790,913,0,42.327951399999996,-71.07850442,25025.0,2337.335039998408,4.858967535923363,17877,18733,908,0,17825,18636,807252,57,5,0,52,97
2020-06-04,US,Massachusetts,Unassigned,310,10,0,0.0,0.0,90025.0,0.0,3.2258064516129035,300,307,12,0,295,319,,3,-2,0,5,-12
2020-06-04,US,Massachusetts,Worcester,11529,806,0,42.35026951,-71.90493363,25027.0,1387.9959837326724,6.99106600745945,10723,11465,804,0,10661,11438,830839,64,2,0,62,27
2020-06-04,US,Michigan,Alcona,17,1,0,44.6846864,-83.59507875,26001.0,163.3829889476213,5.882352941176472,16,17,1,0,16,17,10362,0,0,0,0,0
2020-06-04,US,Michigan,Allegan,223,6,0,42.59147037,-85.89102866,26005.0,188.85341418179047,2.690582959641256,217,221,6,0,215,221,117327,2,0,0,2,0
2020-06-04,US,Michigan,Alpena,96,9,0,45.03477666,-83.62212411,26007.0,337.96866748811834,9.375,87,95,9,0,86,95,28360,1,0,0,1,0
2020-06-04,US,Michigan,Antrim,12,0,0,44.99690221,-85.15503082,26009.0,51.44915108900703,0.0,12,12,0,0,12,12,23365,0,0,0,0,0
2020-06-04,US,Michigan,Arenac,34,1,0,44.0636262,-83.89277559,26011.0,228.44856547739033,2.9411764705882355,33,34,1,0,33,34,15041,0,0,0,0,0
2020-06-04,US,Michigan,Baraga,1,0,0,46.6720582,-88.36363591,26013.0,12.181751735899622,0.0,1,1,0,0,1,1,8320,0,0,0,0,0
2020-06-04,US,Michigan,Barry,65,2,0,42.59513984,-85.30834519,26015.0,105.60519902518278,3.0769230769230766,63,64,2,0,62,64,61157,1,0,0,1,0
2020-06-04,US,Michigan,Bay,326,24,0,43.70639106,-83.98731479,26017.0,316.1181467331226,7.361963190184048,302,322,24,0,298,317,103923,4,0,0,4,5
2020-06-04,US,Michigan,Benzie,4,0,0,44.63899297,-86.01608482,26019.0,22.514916131937408,0.0,4,4,0,0,4,4,17753,0,0,0,0,0
2020-06-04,US,Michigan,Berrien,646,53,0,41.95447397,-86.41313079999998,26021.0,421.1185063982634,8.204334365325076,593,643,53,0,590,636,154141,3,0,0,3,7
2020-06-04,US,Michigan,Branch,126,2,0,41.91600556,-85.05929476,26023.0,289.5420180619068,1.5873015873015872,124,124,2,0,122,124,43622,2,0,0,2,0
2020-06-04,US,Michigan,Calhoun,398,23,0,42.24633834,-85.00493569,26025.0,296.66291489948486,5.778894472361809,375,392,23,0,369,386,134487,6,0,0,6,6
2020-06-04,US,Michigan,Cass,85,3,0,41.91522292,-85.99405727,26027.0,164.13385598702376,3.5294117647058822,82,84,3,0,81,83,51653,1,0,0,1,1
2020-06-04,US,Michigan,Charlevoix,15,1,0,45.37790017,-85.19614053,26029.0,57.3767356462533,6.666666666666668,14,15,1,0,14,15,26244,0,0,0,0,0
2020-06-04,US,Michigan,Cheboygan,21,1,0,45.44787015,-84.50122149,26031.0,83.08276626048425,4.761904761904762,20,21,1,0,20,21,25413,0,0,0,0,0
2020-06-04,US,Michigan,Chippewa,2,0,0,46.29552653,-84.54353449,26033.0,5.354895713405981,0.0,2,2,0,0,2,2,37517,0,0,0,0,0
2020-06-04,US,Michigan,Clare,19,2,0,43.98794227,-84.84819859999998,26035.0,61.38933764135703,10.526315789473683,17,19,2,0,17,19,30757,0,0,0,0,0
2020-06-04,US,Michigan,Clinton,142,11,0,42.94400871,-84.60145248,26037.0,178.40316602801684,7.746478873239437,131,141,11,0,130,140,79332,1,0,0,1,1
2020-06-04,US,Michigan,Crawford,59,5,0,44.68255561,-84.61006219,26039.0,420.5574167795281,8.474576271186441,54,58,5,0,53,58,13901,1,0,0,1,0
2020-06-04,US,Michigan,Delta,17,2,0,45.90484910000001,-86.9080745,26041.0,47.507265817124974,11.764705882352944,15,17,2,0,15,17,35857,0,0,0,0,0
2020-06-04,US,Michigan,Dickinson,5,2,0,46.00999672,-87.86961634,26043.0,19.81061056301755,40.0,3,5,2,0,3,5,25383,0,0,0,0,0
2020-06-04,US,Michigan,Eaton,192,6,0,42.59599185,-84.83740035,26045.0,174.12123190771575,3.125,186,192,6,0,186,189,109826,0,0,0,0,3
2020-06-04,US,Michigan,Emmet,21,2,0,45.52625509,-84.89083249,26047.0,62.84602723327846,9.523809523809524,19,21,2,0,19,21,33308,0,0,0,0,0
2020-06-04,US,Michigan,Federal Correctional Institution (FCI),152,4,0,0.0,0.0,0.0,0.0,2.631578947368421,148,149,4,0,145,147,,3,0,0,3,2
2020-06-04,US,Michigan,Genesee,2046,253,0,43.02244215,-83.70589709,26049.0,504.17310436087564,12.365591397849462,1793,2049,252,0,1797,2021,406892,-3,1,0,-4,28
2020-06-04,US,Michigan,Gladwin,18,1,0,43.98901072,-84.38774817,26051.0,70.72969468348461,5.5555555555555545,17,18,1,0,17,18,25337,0,0,0,0,0
2020-06-04,US,Michigan,Gogebic,5,1,0,46.40862701,-89.69377193,26053.0,35.77817531305904,20.0,4,5,1,0,4,5,15096,0,0,0,0,0
2020-06-04,US,Michigan,Grand Traverse,28,5,0,44.69565625,-85.55585247,26055.0,30.079064970780333,17.857142857142858,23,27,5,0,22,27,92573,1,0,0,1,0
2020-06-04,US,Michigan,Gratiot,76,11,0,43.29265605,-84.60505416,26057.0,186.68173220996783,14.473684210526313,65,76,11,0,65,76,40599,0,0,0,0,0
2020-06-04,US,Michigan,Hillsdale,170,24,0,41.88753639,-84.59312019,26059.0,372.766144063151,14.117647058823529,146,170,24,0,146,169,45749,0,0,0,0,1
2020-06-04,US,Michigan,Houghton,7,0,0,46.89988536,-88.68495385,26061.0,19.616634906400627,0.0,7,6,0,0,6,6,36219,1,0,0,1,0
2020-06-04,US,Michigan,Huron,48,1,0,43.83353985,-83.04078453,26063.0,154.93366902294952,2.083333333333333,47,48,1,0,47,48,31166,0,0,0,0,0
2020-06-04,US,Michigan,Ingham,755,27,0,42.59716886,-84.37472069,26065.0,258.20263606081954,3.5761589403973506,728,746,27,0,719,745,292735,9,0,0,9,1
2020-06-04,US,Michigan,Ionia,154,4,0,42.94502238,-85.07413319,26067.0,238.03267539453145,2.5974025974025974,150,154,4,0,150,152,64210,0,0,0,0,2
2020-06-04,US,Michigan,Iosco,95,9,0,44.35486835,-83.63484895,26069.0,378.0793568671151,9.473684210526317,86,96,9,0,87,96,25081,-1,0,0,-1,0
2020-06-04,US,Michigan,Iron,1,0,0,46.20974132,-88.53136251,26071.0,9.036688957166094,0.0,1,1,0,0,1,1,11117,0,0,0,0,0
2020-06-04,US,Michigan,Isabella,78,7,0,43.64060976,-84.84664923,26073.0,111.63269979390887,8.974358974358974,71,78,7,0,71,78,70562,0,0,0,0,0
2020-06-04,US,Michigan,Jackson,459,28,0,42.24807035,-84.42258681,26075.0,289.57163585893636,6.100217864923748,431,458,28,0,430,456,158823,1,0,0,1,2
2020-06-04,US,Michigan,Kalamazoo,858,58,0,42.24542231,-85.53038622,26077.0,323.6929670346253,6.759906759906759,800,850,58,0,792,848,264870,8,0,0,8,2
2020-06-04,US,Michigan,Kalkaska,19,2,0,44.68512729,-85.09085699,26079.0,105.33318549728351,10.526315789473683,17,19,2,0,17,19,17824,0,0,0,0,0
2020-06-04,US,Michigan,Kent,3851,95,0,43.03197711,-85.54934642,26081.0,586.1893128144243,2.466891716437289,3756,3815,93,0,3722,3777,653786,36,2,0,34,38
2020-06-04,US,Michigan,Lake,6,0,0,43.99050893,-85.802173,26085.0,50.62009617818274,0.0,6,6,0,0,6,6,11881,0,0,0,0,0
2020-06-04,US,Michigan,Lapeer,192,30,0,43.09052506,-83.22153148,26087.0,219.1605693608958,15.625,162,191,30,0,161,191,88028,1,0,0,1,0
2020-06-04,US,Michigan,Leelanau,11,0,0,44.94430054,-85.80150326,26089.0,50.549147557557106,0.0,11,11,0,0,11,11,21764,0,0,0,0,0
2020-06-04,US,Michigan,Lenawee,155,5,0,41.89475156,-84.06603727,26091.0,157.43872586362758,3.2258064516129035,150,175,4,0,171,154,98266,-20,1,0,-21,21
2020-06-04,US,Michigan,Livingston,405,26,0,42.60302282,-83.91297209,26093.0,210.94299330711738,6.419753086419753,379,398,26,0,372,397,191224,7,0,0,7,1
2020-06-04,US,Michigan,Luce,3,0,0,46.47227431,-85.54471223,26095.0,48.16182372772515,0.0,3,3,0,0,3,3,6283,0,0,0,0,0
2020-06-04,US,Michigan,Mackinac,8,0,0,46.07028979,-85.04980537,26097.0,74.0809334197611,0.0,8,8,0,0,8,8,10787,0,0,0,0,0
2020-06-04,US,Michigan,Macomb,6790,828,0,42.69158356,-82.92752801,26099.0,776.9127615072338,12.194403534609721,5962,6769,826,0,5943,6720,874759,21,2,0,19,49
2020-06-04,US,Michigan,Manistee,11,0,0,44.33352407,-86.05626916,26101.0,44.79192116621875,0.0,11,11,0,0,11,11,24528,0,0,0,0,0
2020-06-04,US,Michigan,Marquette,56,11,0,46.4338914,-87.64043701,26103.0,83.95927974932158,19.642857142857142,45,56,11,0,45,56,66516,0,0,0,0,0
2020-06-04,US,Michigan,Mason,32,0,0,43.99509218,-86.24988902,26105.0,109.79961570134505,0.0,32,32,0,0,32,32,29100,0,0,0,0,0
2020-06-04,US,Michigan,Mecosta,21,2,0,43.64064262,-85.32463223,26107.0,48.328078613674535,9.523809523809524,19,21,2,0,19,21,43545,0,0,0,0,0
2020-06-04,US,Michigan,Menominee,8,0,0,45.58038692,-87.55370409,26109.0,35.11852502194907,0.0,8,8,0,0,8,8,22983,0,0,0,0,0
2020-06-04,US,Michigan,Michigan Department of Corrections (MDOC),3987,70,0,0.0,0.0,0.0,0.0,1.7557060446450965,3917,3970,70,0,3900,3965,,17,0,0,17,5
2020-06-04,US,Michigan,Midland,82,8,0,43.64330771,-84.38804374,26111.0,98.6098417432296,9.75609756097561,74,82,8,0,74,82,83209,0,0,0,0,0
2020-06-04,US,Michigan,Missaukee,16,1,0,44.33772443,-85.09256478,26113.0,105.83410504034927,6.25,15,16,1,0,15,16,15113,0,0,0,0,0
2020-06-04,US,Michigan,Monroe,474,20,0,41.92734151,-83.53749864,26115.0,314.9501661129568,4.219409282700422,454,473,20,0,453,472,150439,1,0,0,1,1
2020-06-04,US,Michigan,Montcalm,69,1,0,43.31082541,-85.15252824,26117.0,108.0015026296018,1.4492753623188406,68,67,1,0,66,66,63968,2,0,0,2,1
2020-06-04,US,Michigan,Montmorency,5,0,0,45.0275929,-84.12696227,26119.0,53.60205831903945,0.0,5,5,0,0,5,5,9265,0,0,0,0,0
2020-06-04,US,Michigan,Muskegon,675,37,0,43.29123859,-86.15176712,26121.0,388.90105204936447,5.481481481481482,638,657,37,0,620,648,173588,18,0,0,18,9
2020-06-04,US,Michigan,Newaygo,111,0,0,43.554373999999996,-85.80070107,26123.0,226.62311147407104,0.0,111,108,0,0,108,108,48892,3,0,0,3,0
2020-06-04,US,Michigan,Oakland,8438,1006,0,42.66090111,-83.38595416,26125.0,670.9690962989351,11.922256458876513,7432,8425,1003,0,7422,8412,1259201,13,3,0,10,13
2020-06-04,US,Michigan,Oceana,94,2,0,43.64124435,-86.26726673,26127.0,355.15925492122267,2.127659574468085,92,92,2,0,90,89,26625,2,0,0,2,3
2020-06-04,US,Michigan,Ogemaw,23,1,0,44.33481032,-84.12725175,26129.0,109.53945801781208,4.3478260869565215,22,22,1,0,21,22,20952,1,0,0,1,0
2020-06-04,US,Michigan,Osceola,12,0,0,43.98992088,-85.32566756,26133.0,51.15089514066496,0.0,12,12,0,0,12,11,23341,0,0,0,0,1
2020-06-04,US,Michigan,Oscoda,5,1,0,44.68192279,-84.12939244,26135.0,60.6722485135299,20.0,4,5,1,0,4,5,8276,0,0,0,0,0
2020-06-04,US,Michigan,Otsego,102,10,0,45.02085831,-84.59898295,26137.0,413.49116263985735,9.803921568627453,92,102,10,0,92,102,24665,0,0,0,0,0
2020-06-04,US,Michigan,Ottawa,807,38,0,42.95996803,-85.9969107,26139.0,276.530857005791,4.7087980173482045,769,797,36,0,761,786,290494,10,2,0,8,11
2020-06-04,US,Michigan,Out of MI,30,0,0,0.0,0.0,80026.0,0.0,0.0,30,45,0,0,45,42,,-15,0,0,-15,3
2020-06-04,US,Michigan,Presque Isle,11,0,0,45.34018577,-83.91498656,26141.0,87.35705209656925,0.0,11,11,0,0,11,11,12738,0,0,0,0,0
2020-06-04,US,Michigan,Roscommon,21,0,0,44.33473082,-84.61067651,26143.0,87.43078396269621,0.0,21,21,0,0,21,21,23884,0,0,0,0,0
2020-06-04,US,Michigan,Saginaw,1065,109,0,43.33433923,-84.05131209999998,26145.0,558.9406893077008,10.234741784037556,956,1057,109,0,948,1050,190800,8,0,0,8,7
2020-06-04,US,Michigan,Sanilac,42,5,0,43.42406072,-82.82055898,26151.0,102.01603109059995,11.904761904761903,37,42,5,0,37,41,41182,0,0,0,0,1
2020-06-04,US,Michigan,Schoolcraft,4,0,0,46.19235734,-86.19972234,26153.0,49.419322955275504,0.0,4,4,0,0,4,4,8068,0,0,0,0,0
2020-06-04,US,Michigan,Shiawassee,239,26,0,42.95392800000001,-84.14585902,26155.0,350.84113795836885,10.878661087866108,213,239,26,0,213,240,68192,0,0,0,0,-1
2020-06-04,US,Michigan,St. Clair,453,43,0,42.92655373,-82.67937954,26147.0,284.67648685335075,9.492273730684326,410,452,43,0,409,448,159337,1,0,0,1,4
2020-06-04,US,Michigan,St. Joseph,133,3,0,41.91441767,-85.52797979,26149.0,218.16153795682698,2.255639097744361,130,130,3,0,127,129,61043,3,0,0,3,1
2020-06-04,US,Michigan,Tuscola,188,25,0,43.46606813,-83.41897025,26157.0,359.84304718154846,13.297872340425535,163,188,24,0,164,189,52516,0,1,0,-1,-1
2020-06-04,US,Michigan,Unassigned,12,0,0,0.0,0.0,90026.0,0.0,0.0,12,12,0,0,12,12,,0,0,0,0,0
2020-06-04,US,Michigan,Van Buren,150,6,0,42.25190229,-86.01939087,26159.0,198.21081702498782,4.0,144,149,6,0,143,147,75448,1,0,0,1,2
2020-06-04,US,Michigan,Washtenaw,1347,100,0,42.253105,-83.83853204,26161.0,366.42990633866617,7.423904974016333,1247,1341,100,0,1241,1340,370963,6,0,0,6,1
2020-06-04,US,Michigan,Wayne,20590,2492,0,42.28098405,-83.281255,26163.0,1177.0133129980798,12.102962603205441,18098,20541,2479,0,18062,20468,1753893,49,13,0,36,73
2020-06-04,US,Michigan,Wexford,12,3,0,44.33853602,-85.57712739,26165.0,35.681365406916235,25.0,9,12,3,0,9,12,33466,0,0,0,0,0
2020-06-04,US,Minnesota,Aitkin,11,0,0,46.60962049,-93.41168259999999,27001.0,69.24335893239329,0.0,11,11,0,0,11,11,15902,0,0,0,0,0
2020-06-04,US,Minnesota,Anoka,1488,78,0,45.27476015,-93.24604565,27003.0,416.898977644913,5.241935483870968,1410,1470,73,0,1397,1441,353813,18,5,0,13,29
2020-06-04,US,Minnesota,Becker,43,0,0,46.93479392,-95.67158144,27005.0,124.91648026029108,0.0,43,41,0,0,41,41,34371,2,0,0,2,0
2020-06-04,US,Minnesota,Beltrami,18,0,0,47.97373527,-94.93732139,27007.0,38.14529117572264,0.0,18,18,0,0,18,16,46847,0,0,0,0,2
2020-06-04,US,Minnesota,Benton,182,3,0,45.69804958,-93.99514135,27009.0,445.1074861209617,1.6483516483516485,179,181,3,0,178,178,40545,1,0,0,1,3
2020-06-04,US,Minnesota,Big Stone,8,0,0,45.42712824,-96.41403739,27011.0,160.28851933480266,0.0,8,8,0,0,8,8,4989,0,0,0,0,0
2020-06-04,US,Minnesota,Blue Earth,148,0,0,44.03554215,-94.06699781,27013.0,218.76339556265057,0.0,148,148,0,0,148,145,67427,0,0,0,0,3
2020-06-04,US,Minnesota,Brown,16,2,0,44.24205652,-94.72562874,27015.0,63.979526551503525,12.5,14,17,2,0,15,16,25111,-1,0,0,-1,1
2020-06-04,US,Minnesota,Carlton,75,0,0,46.59180601,-92.67601019,27017.0,209.08254578907756,0.0,75,75,0,0,75,75,35837,0,0,0,0,0
2020-06-04,US,Minnesota,Carver,232,2,0,44.82017001,-93.80099179999999,27019.0,220.7652561162444,0.8620689655172413,230,224,2,0,222,222,103551,8,0,0,8,2
2020-06-04,US,Minnesota,Cass,11,2,0,46.95043611,-94.32603968,27021.0,36.93878236341045,18.181818181818183,9,12,2,0,10,13,29519,-1,0,0,-1,-1
2020-06-04,US,Minnesota,Chippewa,52,1,0,45.02343421,-95.56403693,27023.0,440.6779661016949,1.9230769230769231,51,51,1,0,50,51,11924,1,0,0,1,0
2020-06-04,US,Minnesota,Chisago,64,1,0,45.5021011,-92.90861945,27025.0,113.1161738454197,1.5625,63,64,1,0,63,62,55922,0,0,0,0,2
2020-06-04,US,Minnesota,Clay,441,29,0,46.89289518,-96.48761922,27027.0,686.6805767494005,6.575963718820861,412,435,29,0,406,430,63955,6,0,0,6,5
2020-06-04,US,Minnesota,Clearwater,3,0,0,47.57992111,-95.37790562,27029.0,34.02132002721706,0.0,3,3,0,0,3,3,8810,0,0,0,0,0
2020-06-04,US,Minnesota,Cottonwood,79,0,0,44.00715262,-95.18138802,27033.0,705.6091461236156,0.0,79,77,0,0,77,76,11277,2,0,0,2,1
2020-06-04,US,Minnesota,Crow Wing,77,4,0,46.48096553,-94.06755609,27035.0,118.36138651909924,5.194805194805196,73,75,4,0,71,72,64889,2,0,0,2,3
2020-06-04,US,Minnesota,Dakota,1414,64,0,44.67172617,-93.06299363,27037.0,329.5875959451868,4.526166902404526,1350,1388,59,0,1329,1368,425423,26,5,0,21,20
2020-06-04,US,Minnesota,Dodge,53,0,0,44.02238415,-92.86244324,27039.0,253.17665042514568,0.0,53,53,0,0,53,53,20822,0,0,0,0,0
2020-06-04,US,Minnesota,Douglas,45,0,0,45.93348491,-95.45335469,27041.0,117.98327259379671,0.0,45,44,0,0,44,44,37964,1,0,0,1,0
2020-06-04,US,Minnesota,Faribault,20,0,0,43.67381499,-93.94787458,27043.0,146.48795136600015,0.0,20,20,0,0,20,20,13758,0,0,0,0,0
2020-06-04,US,Minnesota,Fillmore,17,1,0,43.67394126,-92.08980382,27045.0,80.69492571320075,5.882352941176472,16,17,1,0,16,17,21058,0,0,0,0,0
2020-06-04,US,Minnesota,Freeborn,142,0,0,43.67385583,-93.34884422,27047.0,468.9409200488755,0.0,142,130,0,0,130,130,30444,12,0,0,12,0
2020-06-04,US,Minnesota,Goodhue,71,5,0,44.40849741,-92.72341949999999,27049.0,153.21536469572726,7.042253521126762,66,70,4,0,66,69,46403,1,1,0,0,1
2020-06-04,US,Minnesota,Grant,4,0,0,45.93424769,-96.01139609,27051.0,66.97923643670461,0.0,4,4,0,0,4,4,6021,0,0,0,0,0
2020-06-04,US,Minnesota,Hennepin,8867,641,0,45.00761521,-93.47694895,27053.0,700.4818133054414,7.229051539415813,8226,8738,633,0,8105,8591,1259428,129,8,0,121,147
2020-06-04,US,Minnesota,Houston,2,0,0,43.67129565,-91.49143057,27055.0,10.752688172043008,0.0,2,2,0,0,2,2,18578,0,0,0,0,0
2020-06-04,US,Minnesota,Hubbard,3,0,0,47.10778564,-94.91693868,27057.0,13.959331813317206,0.0,3,3,0,0,3,3,21332,0,0,0,0,0
2020-06-04,US,Minnesota,Isanti,36,0,0,45.56181234,-93.29487636,27059.0,88.67868755542419,0.0,36,35,0,0,35,35,39966,1,0,0,1,0
2020-06-04,US,Minnesota,Itasca,56,10,0,47.51009045,-93.63092229,27061.0,124.08597385331265,17.857142857142858,46,56,10,0,46,55,45108,0,0,0,0,1
2020-06-04,US,Minnesota,Jackson,42,0,0,43.67423373,-95.15398258,27063.0,426.5691651432053,0.0,42,40,0,0,40,40,9911,2,0,0,2,0
2020-06-04,US,Minnesota,Kanabec,12,1,0,45.9459309,-93.29275192,27065.0,73.45289832894656,8.333333333333334,11,12,1,0,11,12,16207,0,0,0,0,0
2020-06-04,US,Minnesota,Kandiyohi,511,1,0,45.1526059,-95.00586446,27067.0,1182.8977522627838,0.19569471624266144,510,505,1,0,504,504,42855,6,0,0,6,1
2020-06-04,US,Minnesota,Kittson,1,0,0,48.77754106,-96.78317184,27069.0,23.266635644485806,0.0,1,1,0,0,1,1,4248,0,0,0,0,0
2020-06-04,US,Minnesota,Koochiching,9,0,0,48.24539665,-93.78352843,27071.0,73.59555155777251,0.0,9,9,0,0,9,9,12440,0,0,0,0,0
2020-06-04,US,Minnesota,Lac qui Parle,3,0,0,44.9973857,-96.17488219,27073.0,45.29669334138608,0.0,3,3,0,0,3,3,6658,0,0,0,0,0
2020-06-04,US,Minnesota,Lake,1,0,0,47.64270764,-91.44557998,27075.0,9.3976130062964,0.0,1,1,0,0,1,1,10658,0,0,0,0,0
2020-06-04,US,Minnesota,Le Sueur,46,1,0,44.37136597,-93.72844721,27079.0,159.2411811541524,2.1739130434782608,45,46,1,0,45,44,28494,0,0,0,0,2
2020-06-04,US,Minnesota,Lincoln,6,0,0,44.41311883,-96.26688165,27081.0,106.40184429863451,0.0,6,6,0,0,6,6,5673,0,0,0,0,0
2020-06-04,US,Minnesota,Lyon,81,1,0,44.41327865,-95.83806103,27083.0,317.9712648190312,1.2345679012345678,80,71,1,0,70,65,25629,10,0,0,10,6
2020-06-04,US,Minnesota,Mahnomen,6,1,0,47.32557075,-95.80921485,27087.0,108.5579880586213,16.666666666666668,5,6,1,0,5,6,5519,0,0,0,0,0
2020-06-04,US,Minnesota,Marshall,12,0,0,48.35825983,-96.37017407,27089.0,128.53470437017995,0.0,12,12,0,0,12,12,9390,0,0,0,0,0
2020-06-04,US,Minnesota,Martin,132,5,0,43.67429718,-94.55099908,27091.0,670.6294772138392,3.787878787878788,127,132,5,0,127,132,19785,0,0,0,0,0
2020-06-04,US,Minnesota,McLeod,39,0,0,44.82367677,-94.27287017,27085.0,108.65628395508872,0.0,39,37,0,0,37,37,35873,2,0,0,2,0
2020-06-04,US,Minnesota,Meeker,46,0,0,45.12328869,-94.52839455,27093.0,198.08801998105244,0.0,46,45,0,0,45,45,23141,1,0,0,1,0
2020-06-04,US,Minnesota,Mille Lacs,23,1,0,45.93705297,-93.63236823,27095.0,87.5290177721962,4.3478260869565215,22,22,1,0,21,20,26139,1,0,0,1,2
2020-06-04,US,Minnesota,Morrison,48,0,0,46.01265363,-94.27341528,27097.0,143.77283891451506,0.0,48,48,0,0,48,48,33169,0,0,0,0,0
2020-06-04,US,Minnesota,Mower,406,2,0,43.67142874,-92.75234549,27099.0,1013.4291847636164,0.4926108374384237,404,366,2,0,364,354,40011,40,0,0,40,12
2020-06-04,US,Minnesota,Murray,40,0,0,44.02216709,-95.76328482,27101.0,488.16206980717595,0.0,40,39,0,0,39,39,8276,1,0,0,1,0
2020-06-04,US,Minnesota,Nicollet,88,11,0,44.35291112,-94.24710352,27103.0,256.75439108362025,12.5,77,88,10,0,78,88,34220,0,1,0,-1,0
2020-06-04,US,Minnesota,Nobles,1562,5,0,43.67434621,-95.75329576,27105.0,7221.785565675713,0.3201024327784891,1557,1558,5,0,1553,1552,21924,4,0,0,4,6
2020-06-04,US,Minnesota,Norman,15,0,0,47.32628443,-96.45620947,27107.0,235.29411764705884,0.0,15,14,0,0,14,13,6475,1,0,0,1,1
2020-06-04,US,Minnesota,Olmsted,672,11,0,44.00374114,-92.40209944,27109.0,424.52919585831336,1.636904761904762,661,654,11,0,643,650,156277,18,0,0,18,4
2020-06-04,US,Minnesota,Otter Tail,73,0,0,46.40846929,-95.70835255,27111.0,124.26377966159401,0.0,73,71,0,0,71,70,58812,2,0,0,2,1
2020-06-04,US,Minnesota,Pennington,23,0,0,48.06642577,-96.0370814,27113.0,162.90105531553223,0.0,23,21,0,0,21,19,14178,2,0,0,2,2
2020-06-04,US,Minnesota,Pine,93,0,0,46.12105238,-92.74070188,27115.0,314.4122519354948,0.0,93,90,0,0,90,89,29483,3,0,0,3,1
2020-06-04,US,Minnesota,Pipestone,12,0,0,44.02301619,-96.25841142,27117.0,131.49243918474687,0.0,12,12,0,0,12,12,9047,0,0,0,0,0
2020-06-04,US,Minnesota,Polk,61,2,0,47.77372465,-96.40134647,27119.0,194.4904986608851,3.278688524590164,59,61,2,0,59,61,31529,0,0,0,0,0
2020-06-04,US,Minnesota,Pope,10,0,0,45.58606667,-95.44451209,27121.0,88.8967908258512,0.0,10,9,0,0,9,9,11097,1,0,0,1,0
2020-06-04,US,Minnesota,Ramsey,3252,140,0,45.01625271,-93.09872295,27123.0,590.9278402968449,4.305043050430505,3112,3189,134,0,3055,3128,550210,63,6,0,57,61
2020-06-04,US,Minnesota,Red Lake,4,0,0,47.87197525,-96.09561104,27125.0,98.64364981504316,0.0,4,4,0,0,4,4,3999,0,0,0,0,0
2020-06-04,US,Minnesota,Redwood,7,0,0,44.40555844,-95.25207021,27127.0,46.14370468029005,0.0,7,6,0,0,6,6,15249,1,0,0,1,0
2020-06-04,US,Minnesota,Renville,7,0,0,44.72836381,-94.94553734,27129.0,48.116579598570254,0.0,7,5,0,0,5,5,14612,2,0,0,2,0
2020-06-04,US,Minnesota,Rice,483,3,0,44.3543376,-93.29658715,27131.0,721.1969181150331,0.6211180124223602,480,480,2,0,478,467,66523,3,1,0,2,13
2020-06-04,US,Minnesota,Rock,23,0,0,43.67482683,-96.25296832,27133.0,246.9135802469136,0.0,23,23,0,0,23,22,9414,0,0,0,0,1
2020-06-04,US,Minnesota,Roseau,3,0,0,48.77501878,-95.81079919,27135.0,19.782393669634022,0.0,3,3,0,0,3,2,15150,0,0,0,0,1
2020-06-04,US,Minnesota,Scott,460,2,0,44.6490231,-93.53340251,27139.0,308.69789884104074,0.43478260869565216,458,455,2,0,453,442,147381,5,0,0,5,13
2020-06-04,US,Minnesota,Sherburne,248,2,0,45.44447208,-93.77617511,27141.0,255.04432423538125,0.8064516129032258,246,248,2,0,246,253,96036,0,0,0,0,-5
2020-06-04,US,Minnesota,Sibley,16,0,0,44.5796592,-94.23164924,27143.0,107.63538513286241,0.0,16,16,0,0,16,16,15028,0,0,0,0,0
2020-06-04,US,Minnesota,St. Louis,118,14,0,47.604840700000004,-92.46879855,27137.0,59.275631687346156,11.864406779661017,104,118,14,0,104,118,199754,0,0,0,0,0
2020-06-04,US,Minnesota,Stearns,2050,14,0,45.55192576,-94.61078221,27145.0,1272.6990532360699,0.6829268292682927,2036,2047,14,0,2033,2042,159256,3,0,0,3,5
2020-06-04,US,Minnesota,Steele,167,0,0,44.02240351,-93.22627088,27147.0,455.67409751971405,0.0,167,167,0,0,167,164,36803,0,0,0,0,3
2020-06-04,US,Minnesota,Stevens,1,0,0,45.58613007,-96.00163705,27149.0,10.198878123406423,0.0,1,1,0,0,1,1,9753,0,0,0,0,0
2020-06-04,US,Minnesota,Swift,19,0,0,45.2829032,-95.68264092,27151.0,205.05072307360246,0.0,19,19,0,0,19,19,9345,0,0,0,0,0
2020-06-04,US,Minnesota,Todd,336,1,0,46.06996226,-94.89785296,27153.0,1362.309438858255,0.2976190476190476,335,330,0,0,330,327,24582,6,1,0,5,3
2020-06-04,US,Minnesota,Traverse,4,0,0,45.77298854,-96.47062949,27155.0,122.737035900583,0.0,4,4,0,0,4,4,3308,0,0,0,0,0
2020-06-04,US,Minnesota,Unassigned,75,11,0,0.0,0.0,90027.0,0.0,14.666666666666664,64,74,11,0,63,83,,1,0,0,1,-9
2020-06-04,US,Minnesota,Wabasha,18,0,0,44.28424356,-92.23121312,27157.0,83.22929671244277,0.0,18,18,0,0,18,18,21645,0,0,0,0,0
2020-06-04,US,Minnesota,Wadena,10,0,0,46.58589171,-94.96968506,27159.0,73.0887297178775,0.0,10,10,0,0,10,10,13773,0,0,0,0,0
2020-06-04,US,Minnesota,Waseca,27,0,0,44.02211116,-93.58720034,27161.0,145.0676982591876,0.0,27,27,0,0,27,26,18691,0,0,0,0,1
2020-06-04,US,Minnesota,Washington,680,34,0,45.03864533,-92.88429635,27163.0,259.1068434689834,5.0,646,670,33,0,637,658,259201,10,1,0,9,12
2020-06-04,US,Minnesota,Watonwan,78,0,0,43.97823903,-94.61413846,27165.0,715.7933376158577,0.0,78,78,0,0,78,77,10980,0,0,0,0,1
2020-06-04,US,Minnesota,Wilkin,11,3,0,46.35721532,-96.4684375,27167.0,177.2192685677461,27.272727272727273,8,11,3,0,8,11,6254,0,0,0,0,0
2020-06-04,US,Minnesota,Winona,80,15,0,43.98772283,-91.78081305,27169.0,158.4660486490769,18.75,65,80,15,0,65,80,50825,0,0,0,0,0
2020-06-04,US,Minnesota,Wright,339,2,0,45.17297924,-93.96234781,27171.0,244.9829090094452,0.5899705014749262,337,332,2,0,330,327,136349,7,0,0,7,5
2020-06-04,US,Minnesota,Yellow Medicine,6,0,0,44.71710183,-95.86842453,27173.0,61.79833144505098,0.0,6,6,0,0,6,6,9795,0,0,0,0,0
2020-06-04,US,Mississippi,Adams,203,16,0,31.47669768,-91.35326037,28001.0,661.3885902323005,7.881773399014778,187,202,16,0,186,200,31192,1,0,0,1,2
2020-06-04,US,Mississippi,Alcorn,19,1,0,34.88084463,-88.57996173,28003.0,51.416664411549796,5.2631578947368425,18,19,1,0,18,18,36925,0,0,0,0,1
2020-06-04,US,Mississippi,Amite,66,1,0,31.17467303,-90.80501621,28005.0,536.7162722615274,1.5151515151515151,65,65,1,0,64,64,12326,1,0,0,1,1
2020-06-04,US,Mississippi,Attala,311,18,0,33.08658803,-89.57838564,28007.0,1711.2358314075052,5.787781350482316,293,307,18,0,289,303,18365,4,0,0,4,4
2020-06-04,US,Mississippi,Benton,14,0,0,34.81681228,-89.18945516,28009.0,169.51204746337328,0.0,14,14,0,0,14,14,8271,0,0,0,0,0
2020-06-04,US,Mississippi,Bolivar,169,11,0,33.79696941,-90.87372121,28011.0,551.7826825127336,6.508875739644972,158,166,11,0,155,165,31333,3,0,0,3,1
2020-06-04,US,Mississippi,Calhoun,67,4,0,33.93683395,-89.33686647,28013.0,466.5413272056264,5.970149253731344,63,67,4,0,63,67,14436,0,0,0,0,0
2020-06-04,US,Mississippi,Carroll,119,11,0,33.44834567,-89.91994479,28015.0,1196.3406052076002,9.243697478991596,108,116,11,0,105,117,9911,3,0,0,3,-1
2020-06-04,US,Mississippi,Chickasaw,140,14,0,33.91983202,-88.9481545,28017.0,818.5698415482665,10.0,126,140,14,0,126,137,17171,0,0,0,0,3
2020-06-04,US,Mississippi,Choctaw,50,2,0,33.34598242,-89.24809382,28019.0,609.0133982947625,4.0,48,48,2,0,46,48,8278,2,0,0,2,0
2020-06-04,US,Mississippi,Claiborne,115,5,0,31.97061673,-90.90702196,28021.0,1279.4837561192699,4.3478260869565215,110,114,5,0,109,112,9002,1,0,0,1,2
2020-06-04,US,Mississippi,Clarke,156,19,0,32.04158545,-88.68896219999998,28023.0,1003.7964094974584,12.17948717948718,137,155,19,0,136,154,15604,1,0,0,1,1
2020-06-04,US,Mississippi,Clay,125,4,0,33.65358105,-88.77784255,28025.0,647.1319113688135,3.2,121,118,4,0,114,115,19386,7,0,0,7,3
2020-06-04,US,Mississippi,Coahoma,131,4,0,34.22772299,-90.60415045,28027.0,592.1171578376424,3.053435114503817,127,128,4,0,124,127,22628,3,0,0,3,1
2020-06-04,US,Mississippi,Copiah,329,4,0,31.86977774,-90.44565118,28029.0,1172.2786388740426,1.2158054711246202,325,325,4,0,321,315,28543,4,0,0,4,10
2020-06-04,US,Mississippi,Covington,179,2,0,31.63225413,-89.55389939,28031.0,960.5065464691994,1.11731843575419,177,177,2,0,175,173,18853,2,0,0,2,4
2020-06-04,US,Mississippi,DeSoto,575,10,0,34.87625235,-89.99091418,28033.0,310.903241504231,1.7391304347826086,565,559,8,0,551,553,182001,16,2,0,14,6
2020-06-04,US,Mississippi,Forrest,595,39,0,31.18961454,-89.25832496,28035.0,794.4243427640628,6.5546218487394965,556,592,39,0,553,594,75036,3,0,0,3,-2
2020-06-04,US,Mississippi,Franklin,29,2,0,31.47786634,-90.89672989,28037.0,375.9885906910411,6.896551724137932,27,29,2,0,27,29,7788,0,0,0,0,0
2020-06-04,US,Mississippi,George,29,2,0,30.86259065,-88.64436789,28039.0,118.36734693877553,6.896551724137932,27,28,1,0,27,26,24250,1,1,0,0,2
2020-06-04,US,Mississippi,Greene,33,1,0,31.21444233,-88.63922281,28041.0,242.8970999558369,3.0303030303030303,32,33,1,0,32,22,13586,0,0,0,0,11
2020-06-04,US,Mississippi,Grenada,107,4,0,33.77036166,-89.80245083,28043.0,515.4639175257731,3.7383177570093458,103,100,3,0,97,99,21055,7,1,0,6,1
2020-06-04,US,Mississippi,Hancock,90,12,0,30.41830223,-89.48851033,28045.0,188.9486059791737,13.333333333333336,78,90,12,0,78,91,47334,0,0,0,0,-1
2020-06-04,US,Mississippi,Harrison,269,7,0,30.51359752,-89.12467576,28047.0,129.27720107650904,2.6022304832713754,262,265,7,0,258,263,206650,4,0,0,4,2
2020-06-04,US,Mississippi,Hinds,1074,26,0,32.2656285,-90.44435448,28049.0,463.25051759834366,2.4208566108007448,1048,1066,26,0,1040,1035,237085,8,0,0,8,31
2020-06-04,US,Mississippi,Holmes,443,30,0,33.12345854,-90.08923538,28051.0,2604.35038212816,6.772009029345372,413,441,30,0,411,439,17622,2,0,0,2,2
2020-06-04,US,Mississippi,Humphreys,63,7,0,33.12825718,-90.52252707,28053.0,781.25,11.111111111111109,56,60,7,0,53,59,8257,3,0,0,3,1
2020-06-04,US,Mississippi,Itawamba,89,7,0,34.27993475,-88.3606733,28057.0,380.5044890979051,7.865168539325843,82,90,7,0,83,89,23517,-1,0,0,-1,1
2020-06-04,US,Mississippi,Jackson,314,15,0,30.54020656,-88.64184064,28059.0,218.637069427714,4.777070063694269,299,309,14,0,295,308,143277,5,1,0,4,1
2020-06-04,US,Mississippi,Jasper,167,4,0,32.01922104,-89.11786866,28061.0,1019.3493255203565,2.395209580838323,163,166,4,0,162,165,16428,1,0,0,1,1
2020-06-04,US,Mississippi,Jefferson,42,1,0,31.73397872,-91.03764977,28063.0,600.8583690987125,2.380952380952381,41,42,1,0,41,43,7106,0,0,0,0,-1
2020-06-04,US,Mississippi,Jefferson Davis,82,3,0,31.56884708,-89.82670990000004,28065.0,736.8799424874193,3.6585365853658534,79,81,3,0,78,80,11234,1,0,0,1,1
2020-06-04,US,Mississippi,Jones,701,33,0,31.62257767,-89.16896899999998,28067.0,1029.3988076008106,4.70756062767475,668,686,32,0,654,663,68461,15,1,0,14,23
2020-06-04,US,Mississippi,Kemper,155,11,0,32.75462946,-88.64105766,28069.0,1591.0490659002255,7.096774193548387,144,149,11,0,138,147,10027,6,0,0,6,2
2020-06-04,US,Mississippi,Lafayette,154,4,0,34.35687874,-89.48490961,28071.0,285.0848775430867,2.5974025974025974,150,150,4,0,146,141,54793,4,0,0,4,9
2020-06-04,US,Mississippi,Lamar,250,5,0,31.20572971,-89.5077704,28073.0,394.6766019923275,2.0,245,248,5,0,243,248,62447,2,0,0,2,0
2020-06-04,US,Mississippi,Lauderdale,759,68,0,32.40419769,-88.66229662,28075.0,1023.946037099494,8.959156785243742,691,760,68,0,692,745,75317,-1,0,0,-1,15
2020-06-04,US,Mississippi,Lawrence,107,1,0,31.55147224,-90.10841127,28077.0,850.1509613856666,0.9345794392523364,106,108,1,0,107,106,12455,-1,0,0,-1,2
2020-06-04,US,Mississippi,Leake,452,12,0,32.7536828,-89.52402044,28079.0,1983.674185903625,2.6548672566371683,440,454,12,0,442,447,22763,-2,0,0,-2,7
2020-06-04,US,Mississippi,Lee,194,8,0,34.291877500000005,-88.68149954,28081.0,227.07055573762813,4.123711340206185,186,185,7,0,178,165,85202,9,1,0,8,20
2020-06-04,US,Mississippi,Leflore,277,36,0,33.55545125,-90.29900733,28083.0,982.8620090125252,12.99638989169675,241,273,36,0,237,273,28919,4,0,0,4,0
2020-06-04,US,Mississippi,Lincoln,280,31,0,31.53288662,-90.45391915,28085.0,819.8401311744209,11.071428571428573,249,278,29,0,249,270,34205,2,2,0,0,8
2020-06-04,US,Mississippi,Lowndes,247,9,0,33.47386518,-88.44191529999998,28087.0,421.5376738629576,3.643724696356276,238,241,9,0,232,230,58930,6,0,0,6,11
2020-06-04,US,Mississippi,Madison,767,28,0,32.63389156,-90.03513564,28089.0,721.7329117735621,3.650586701434159,739,757,27,0,730,745,105630,10,1,0,9,12
2020-06-04,US,Mississippi,Marion,116,9,0,31.23132643,-89.8209217,28091.0,472.06283319090056,7.758620689655173,107,116,9,0,107,117,24715,0,0,0,0,-1
2020-06-04,US,Mississippi,Marshall,87,3,0,34.76216286,-89.50299462,28093.0,246.50082166940555,3.4482758620689653,84,85,3,0,82,81,35451,2,0,0,2,4
2020-06-04,US,Mississippi,Monroe,269,25,0,33.89236763,-88.4808438,28095.0,763.0772722115057,9.293680297397767,244,267,25,0,242,265,35564,2,0,0,2,2
2020-06-04,US,Mississippi,Montgomery,84,1,0,33.49419589,-89.61729103,28097.0,859.3350383631714,1.1904761904761905,83,86,1,0,85,85,10023,-2,0,0,-2,1
2020-06-04,US,Mississippi,Neshoba,728,44,0,32.75339664,-89.11726492,28099.0,2500.171715090323,6.043956043956044,684,722,44,0,678,707,29125,6,0,0,6,15
2020-06-04,US,Mississippi,Newton,288,4,0,32.40021118,-89.11843336,28101.0,1370.254067941764,1.3888888888888888,284,283,4,0,279,282,21443,5,0,0,5,1
2020-06-04,US,Mississippi,Noxubee,193,6,0,33.11009499,-88.56949061,28103.0,1852.7407122972065,3.1088082901554404,187,193,6,0,187,191,10535,0,0,0,0,2
2020-06-04,US,Mississippi,Oktibbeha,273,14,0,33.42491685,-88.87905132,28105.0,550.5475225361486,5.128205128205129,259,267,14,0,253,253,49599,6,0,0,6,14
2020-06-04,US,Mississippi,Panola,84,3,0,34.36398677,-89.95064249,28107.0,245.67150210575574,3.571428571428572,81,85,3,0,82,84,34178,-1,0,0,-1,1
2020-06-04,US,Mississippi,Pearl River,212,31,0,30.77090935,-89.58677275,28109.0,381.7412442603763,14.622641509433961,181,212,31,0,181,211,55387,0,0,0,0,1
2020-06-04,US,Mississippi,Perry,51,3,0,31.17161885,-88.99281835,28111.0,425.95840641443255,5.882352941176472,48,51,3,0,48,51,11931,0,0,0,0,0
2020-06-04,US,Mississippi,Pike,204,11,0,31.17507789,-90.40392572,28113.0,519.2425167990226,5.3921568627450975,193,205,11,0,194,204,39563,-1,0,0,-1,1
2020-06-04,US,Mississippi,Pontotoc,47,3,0,34.226046000000004,-89.03636807,28115.0,146.08068626841552,6.382978723404255,44,45,3,0,42,43,31833,2,0,0,2,2
2020-06-04,US,Mississippi,Prentiss,53,3,0,34.61810501,-88.51986294,28117.0,210.9368781342036,5.660377358490566,50,53,3,0,50,56,25315,0,0,0,0,-3
2020-06-04,US,Mississippi,Quitman,32,0,0,34.25157572,-90.28908,28119.0,471.14252061248527,0.0,32,31,0,0,31,34,7051,1,0,0,1,-3
2020-06-04,US,Mississippi,Rankin,456,9,0,32.26469147,-89.94537876,28121.0,293.680081921286,1.973684210526316,447,453,8,0,445,446,153902,3,1,0,2,7
2020-06-04,US,Mississippi,Scott,663,12,0,32.406704100000006,-89.53789439,28123.0,2357.4171526098708,1.8099547511312215,651,662,12,0,650,661,28287,1,0,0,1,1
2020-06-04,US,Mississippi,Sharkey,7,0,0,32.88149103,-90.81595379999999,28125.0,161.99953714417958,0.0,7,7,0,0,7,7,4377,0,0,0,0,0
2020-06-04,US,Mississippi,Simpson,104,0,0,31.91282117,-89.91716179,28127.0,390.12679120714233,0.0,104,104,0,0,104,102,26758,0,0,0,0,2
2020-06-04,US,Mississippi,Smith,155,11,0,32.01744532,-89.50644846,28129.0,973.8627795928626,7.096774193548387,144,153,11,0,142,153,16002,2,0,0,2,0
2020-06-04,US,Mississippi,Stone,32,0,0,30.79187949,-89.11547539,28131.0,174.52006980802793,0.0,32,32,0,0,32,31,18717,0,0,0,0,1
2020-06-04,US,Mississippi,Sunflower,92,3,0,33.60192578,-90.58882684,28133.0,366.3878932696137,3.260869565217391,89,93,3,0,90,85,25735,-1,0,0,-1,8
2020-06-04,US,Mississippi,Tallahatchie,30,1,0,33.95339918,-90.1729398,28135.0,217.2496198131653,3.333333333333333,29,30,1,0,29,29,13987,0,0,0,0,1
2020-06-04,US,Mississippi,Tate,91,1,0,34.65133709,-89.94485778,28137.0,321.31633769994,1.0989010989010992,90,88,1,0,87,95,28759,3,0,0,3,-7
2020-06-04,US,Mississippi,Tippah,76,11,0,34.76872156,-88.90988194,28139.0,345.2191687485805,14.473684210526313,65,76,11,0,65,76,21995,0,0,0,0,0
2020-06-04,US,Mississippi,Tishomingo,36,0,0,34.74023475,-88.23917219,28141.0,185.72976319455196,0.0,36,35,0,0,35,34,19454,1,0,0,1,1
2020-06-04,US,Mississippi,Tunica,58,3,0,34.64967704,-90.37481167,28143.0,602.1594684385383,5.172413793103448,55,56,3,0,53,56,9944,2,0,0,2,0
2020-06-04,US,Mississippi,Union,89,7,0,34.49162015,-89.00776006,28145.0,308.86690959569665,7.865168539325843,82,86,7,0,79,85,28606,3,0,0,3,1
2020-06-04,US,Mississippi,Walthall,64,0,0,31.14971548,-90.10446654,28147.0,447.9910401791964,0.0,64,63,0,0,63,61,14465,1,0,0,1,2
2020-06-04,US,Mississippi,Warren,196,10,0,32.35810271,-90.83352619,28149.0,431.89881227826623,5.1020408163265305,186,191,10,0,181,181,46176,5,0,0,5,10
2020-06-04,US,Mississippi,Washington,198,7,0,33.28392041,-90.94196237,28151.0,450.9326106265231,3.5353535353535355,191,194,7,0,187,191,45063,4,0,0,4,3
2020-06-04,US,Mississippi,Wayne,262,3,0,31.64135687,-88.69573913,28153.0,1298.1221820343853,1.1450381679389312,259,235,3,0,232,224,20298,27,0,0,27,11
2020-06-04,US,Mississippi,Webster,84,4,0,33.61300486,-89.28392912,28155.0,866.9625348333162,4.761904761904762,80,67,3,0,64,68,9788,17,1,0,16,-1
2020-06-04,US,Mississippi,Wilkinson,85,9,0,31.16078225,-91.31018819,28157.0,984.936268829664,10.588235294117649,76,85,9,0,76,85,8792,0,0,0,0,0
2020-06-04,US,Mississippi,Winston,124,1,0,33.08747908,-89.03391385,28159.0,690.6154274575329,0.8064516129032258,123,122,1,0,121,121,18165,2,0,0,2,1
2020-06-04,US,Mississippi,Yalobusha,104,6,0,34.02824175,-89.70762049999998,28161.0,858.9362405021474,5.769230769230768,98,97,6,0,91,96,12392,7,0,0,7,1
2020-06-04,US,Mississippi,Yazoo,296,4,0,32.77890365,-90.39656148,28163.0,996.968676321994,1.351351351351351,292,291,4,0,287,286,28248,5,0,0,5,5
2020-06-04,US,Missouri,Adair,62,0,0,40.19058551,-92.60078167,29001.0,244.64349129937258,0.0,62,60,0,0,60,60,25339,2,0,0,2,0
2020-06-04,US,Missouri,Andrew,31,0,0,39.98492163,-94.80163024,29003.0,175.02258355916894,0.0,31,31,0,0,31,30,17607,0,0,0,0,1
2020-06-04,US,Missouri,Atchison,3,0,0,40.43238737,-95.42970639,29005.0,58.331713007972,0.0,3,3,0,0,3,3,5171,0,0,0,0,0
2020-06-04,US,Missouri,Audrain,102,0,0,39.215877,-91.84242683,29007.0,401.76461320308806,0.0,102,97,0,0,97,90,25473,5,0,0,5,7
2020-06-04,US,Missouri,Barry,9,0,0,36.70978521,-93.82919888,29009.0,25.147391656654282,0.0,9,9,0,0,9,9,35886,0,0,0,0,0
2020-06-04,US,Missouri,Bates,12,1,0,38.25271289,-94.34113157,29013.0,74.20232500618353,8.333333333333334,11,10,1,0,9,10,16320,2,0,0,2,0
2020-06-04,US,Missouri,Benton,12,0,0,38.29503305,-93.28756116,29015.0,61.71887054466903,0.0,12,11,0,0,11,11,19278,1,0,0,1,0
2020-06-04,US,Missouri,Bollinger,7,0,0,37.32449052,-90.02725304,29017.0,57.6938926893596,0.0,7,7,0,0,7,6,12169,0,0,0,0,1
2020-06-04,US,Missouri,Boone,169,2,0,38.99186229,-92.30723575,29019.0,93.64800540831085,1.183431952662722,167,162,2,0,160,154,180005,7,0,0,7,8
2020-06-04,US,Missouri,Buchanan,736,2,0,39.65816401,-94.80138942,29021.0,842.452268669017,0.2717391304347826,734,725,2,0,723,719,88571,11,0,0,11,6
2020-06-04,US,Missouri,Butler,45,0,0,36.71462476,-90.40421163,29023.0,105.9371910165262,0.0,45,42,0,0,42,40,42639,3,0,0,3,2
2020-06-04,US,Missouri,Caldwell,6,0,0,39.65620858,-93.98308093,29025.0,66.51884700665188,0.0,6,6,0,0,6,6,9108,0,0,0,0,0
2020-06-04,US,Missouri,Callaway,32,1,0,38.83674754,-91.92186505,29027.0,71.51956730661779,3.125,31,30,1,0,29,30,44889,2,0,0,2,0
2020-06-04,US,Missouri,Camden,38,1,0,38.02199522,-92.76083747,29029.0,82.06457186049023,2.631578947368421,37,38,1,0,37,38,45815,0,0,0,0,0
2020-06-04,US,Missouri,Cape Girardeau,77,2,0,37.38489388,-89.6843587,29031.0,97.62777193138163,2.5974025974025974,75,76,2,0,74,76,78753,1,0,0,1,0
2020-06-04,US,Missouri,Carroll,9,0,0,39.42762566,-93.50626255,29033.0,103.69858278603527,0.0,9,8,0,0,8,8,8743,1,0,0,1,0
2020-06-04,US,Missouri,Carter,5,1,0,36.94160441,-90.96051322,29035.0,83.58408559010364,20.0,4,5,1,0,4,5,6054,0,0,0,0,0
2020-06-04,US,Missouri,Cass,100,8,0,38.64789422,-94.353399,29037.0,94.53582907922105,8.0,92,97,8,0,89,96,104954,3,0,0,3,1
2020-06-04,US,Missouri,Cedar,9,0,0,37.72391475,-93.85445441,29039.0,62.72214091574325,0.0,9,9,0,0,9,9,14165,0,0,0,0,0
2020-06-04,US,Missouri,Chariton,6,0,0,39.51499357,-92.9629191,29041.0,80.79719903043363,0.0,6,6,0,0,6,6,7451,0,0,0,0,0
2020-06-04,US,Missouri,Christian,29,0,0,36.9711783,-93.18537118,29043.0,32.733224222585925,0.0,29,27,0,0,27,24,86983,2,0,0,2,3
2020-06-04,US,Missouri,Clark,1,0,0,40.41040752,-91.73661677,29045.0,14.712373105781962,0.0,1,1,0,0,1,1,6842,0,0,0,0,0
2020-06-04,US,Missouri,Clay,181,3,0,39.31132056,-94.41850862,29047.0,72.41506233296526,1.6574585635359116,178,177,3,0,174,173,246365,4,0,0,4,4
2020-06-04,US,Missouri,Clinton,20,0,0,39.6013098,-94.40465394,29049.0,98.10173149556091,0.0,20,18,0,0,18,18,20470,2,0,0,2,0
2020-06-04,US,Missouri,Cole,61,1,0,38.50455671,-92.27860244,29051.0,79.48400547266922,1.639344262295082,60,61,1,0,60,61,76796,0,0,0,0,0
2020-06-04,US,Missouri,Cooper,9,0,0,38.844478,-92.80896081,29053.0,50.82161612739286,0.0,9,9,0,0,9,9,17603,0,0,0,0,0
2020-06-04,US,Missouri,Crawford,9,0,0,37.97663738,-91.30528104,29055.0,37.625418060200666,0.0,9,9,0,0,9,9,23957,0,0,0,0,0
2020-06-04,US,Missouri,Dallas,4,0,0,37.681135499999996,-93.02127031,29059.0,23.69949046095509,0.0,4,3,0,0,3,3,16762,1,0,0,1,0
2020-06-04,US,Missouri,Daviess,4,0,0,39.96145298,-93.98519678,29061.0,48.32085044696787,0.0,4,4,0,0,4,4,8313,0,0,0,0,0
2020-06-04,US,Missouri,DeKalb,6,0,0,39.89201062,-94.40476508,29063.0,47.82019606280386,0.0,6,6,0,0,6,6,12630,0,0,0,0,0
2020-06-04,US,Missouri,Dunklin,47,2,0,36.27167174,-90.09122243,29069.0,161.34015310150698,4.25531914893617,45,45,2,0,43,45,29423,2,0,0,2,0
2020-06-04,US,Missouri,Franklin,149,17,0,38.41127108,-91.07522826,29071.0,143.31470562774726,11.409395973154364,132,143,17,0,126,142,103670,6,0,0,6,1
2020-06-04,US,Missouri,Gasconade,2,0,0,38.43947277,-91.50847147,29073.0,13.599891200870395,0.0,2,2,0,0,2,2,14705,0,0,0,0,0
2020-06-04,US,Missouri,Gentry,43,0,0,40.21097916,-94.40944419,29075.0,654.3905037285041,0.0,43,41,0,0,41,41,6628,2,0,0,2,0
2020-06-04,US,Missouri,Greene,167,8,0,37.2575872,-93.34230916,29077.0,56.97986256593628,4.790419161676646,159,164,8,0,156,155,291923,3,0,0,3,9
2020-06-04,US,Missouri,Harrison,9,0,0,40.35570088,-93.99222144,29081.0,107.75862068965515,0.0,9,9,0,0,9,9,8414,0,0,0,0,0
2020-06-04,US,Missouri,Henry,12,3,0,38.38482826,-93.79293734,29083.0,54.98533724340176,25.0,9,12,3,0,9,12,21792,0,0,0,0,0
2020-06-04,US,Missouri,Holt,2,0,0,40.09799248,-95.21638879999999,29087.0,45.42357483533954,0.0,2,2,0,0,2,2,4404,0,0,0,0,0
2020-06-04,US,Missouri,Howard,3,0,0,39.1435761,-92.69756691,29089.0,29.99700029997,0.0,3,3,0,0,3,3,10137,0,0,0,0,0
2020-06-04,US,Missouri,Howell,10,0,0,36.77383887,-91.88683935,29091.0,24.927088266819553,0.0,10,9,0,0,9,9,40076,1,0,0,1,0
2020-06-04,US,Missouri,Iron,3,0,0,37.55487945,-90.7735296,29093.0,29.62962962962963,0.0,3,3,0,0,3,3,10177,0,0,0,0,0
2020-06-04,US,Missouri,Jackson,676,22,0,39.01002188,-94.34724536,29095.0,96.15781260890655,3.2544378698224854,654,656,22,0,634,637,700307,20,0,0,20,19
2020-06-04,US,Missouri,Jasper,44,0,0,37.20351921,-94.34050458,29097.0,36.26533034419096,0.0,44,39,0,0,39,38,120636,5,0,0,5,1
2020-06-04,US,Missouri,Jefferson,396,18,0,38.25926778,-90.53870896,29099.0,175.9366628013915,4.545454545454546,378,395,18,0,377,390,224347,1,0,0,1,5
2020-06-04,US,Missouri,Johnson,77,0,0,38.74719601,-93.80691168,29101.0,142.42906292774958,0.0,77,77,0,0,77,76,53652,0,0,0,0,1
2020-06-04,US,Missouri,Kansas City,1437,27,0,39.0997,-94.5786,0.0,293.89928887416323,1.8789144050104385,1410,1366,27,0,1339,1315,491918,71,0,0,71,51
2020-06-04,US,Missouri,Laclede,7,0,0,37.65896829,-92.5888493,29105.0,19.595218766620945,0.0,7,7,0,0,7,7,35713,0,0,0,0,0
2020-06-04,US,Missouri,Lafayette,80,3,0,39.06986886,-93.78076396,29107.0,244.58847988259757,3.75,77,76,3,0,73,75,32598,4,0,0,4,1
2020-06-04,US,Missouri,Lawrence,8,0,0,37.10626634,-93.83293097,29109.0,20.857776039629773,0.0,8,8,0,0,8,8,38359,0,0,0,0,0
2020-06-04,US,Missouri,Lewis,7,1,0,40.09673161,-91.72070156,29111.0,71.6039279869067,14.285714285714285,6,7,1,0,6,7,9855,0,0,0,0,0
2020-06-04,US,Missouri,Lincoln,118,1,0,39.05345619,-90.95588181,29113.0,199.9559419111044,0.8474576271186439,117,118,1,0,117,118,57686,0,0,0,0,0
2020-06-04,US,Missouri,Linn,10,1,0,39.87001769,-93.10704106,29115.0,83.89261744966444,10.0,9,10,1,0,9,9,12037,0,0,0,0,1
2020-06-04,US,Missouri,Livingston,3,0,0,39.78110272,-93.54645978,29117.0,19.70184540618638,0.0,3,3,0,0,3,3,15146,0,0,0,0,0
2020-06-04,US,Missouri,Macon,6,0,0,39.83049768,-92.56453089,29121.0,39.69041476483429,0.0,6,6,0,0,6,5,15153,0,0,0,0,1
2020-06-04,US,Missouri,Madison,3,0,0,37.47865134,-90.34671429999999,29123.0,24.81800132362674,0.0,3,3,0,0,3,3,12188,0,0,0,0,0
2020-06-04,US,Missouri,Maries,2,0,0,38.16193985,-91.92249662,29125.0,22.996435552489363,0.0,2,2,0,0,2,2,8769,0,0,0,0,0
2020-06-04,US,Missouri,Marion,5,0,0,39.80601912,-91.62203062,29127.0,17.525411847178407,0.0,5,5,0,0,5,5,28592,0,0,0,0,0
2020-06-04,US,Missouri,McDonald,22,0,0,36.62869595,-94.34867205,29119.0,96.33489512633007,0.0,22,22,0,0,22,22,23078,0,0,0,0,0
2020-06-04,US,Missouri,Miller,4,0,0,38.21450288,-92.42610898,29131.0,15.613411920839999,0.0,4,4,0,0,4,4,25336,0,0,0,0,0
2020-06-04,US,Missouri,Mississippi,61,0,0,36.82516239,-89.29505753,29133.0,462.8224582701062,0.0,61,59,0,0,59,59,13336,2,0,0,2,0
2020-06-04,US,Missouri,Moniteau,49,0,0,38.63571781,-92.57976951,29135.0,303.74411108356065,0.0,49,48,0,0,48,48,16121,1,0,0,1,0
2020-06-04,US,Missouri,Montgomery,10,0,0,38.94022054,-91.47000721,29139.0,86.57259111765215,0.0,10,9,0,0,9,9,11534,1,0,0,1,0
2020-06-04,US,Missouri,Morgan,9,0,0,38.4181765,-92.88791859,29141.0,43.63213264168323,0.0,9,9,0,0,9,9,20358,0,0,0,0,0
2020-06-04,US,Missouri,New Madrid,21,0,0,36.59666326,-89.66070007,29143.0,122.97962052002809,0.0,21,21,0,0,21,21,17296,0,0,0,0,0
2020-06-04,US,Missouri,Newton,21,1,0,36.90519407,-94.3394104,29145.0,36.060168967648885,4.761904761904762,20,21,1,0,20,20,58266,0,0,0,0,1
2020-06-04,US,Missouri,Nodaway,14,0,0,40.36079813,-94.88133008,29147.0,63.371356147021544,0.0,14,14,0,0,14,14,22304,0,0,0,0,0
2020-06-04,US,Missouri,Oregon,2,0,0,36.68710164,-91.4033755,29149.0,18.995156235160035,0.0,2,2,0,0,2,2,10541,0,0,0,0,0
2020-06-04,US,Missouri,Osage,5,0,0,38.46036182,-91.8613635,29151.0,36.72420124862284,0.0,5,5,0,0,5,5,13714,0,0,0,0,0
2020-06-04,US,Missouri,Pemiscot,90,5,0,36.2130572,-89.78742322,29155.0,569.4400506168934,5.5555555555555545,85,89,5,0,84,88,16272,1,0,0,1,1
2020-06-04,US,Missouri,Perry,65,0,0,37.70660776,-89.82741088,29157.0,339.67391304347825,0.0,65,64,0,0,64,63,19150,1,0,0,1,1
2020-06-04,US,Missouri,Pettis,79,1,0,38.72798918,-93.28471706,29159.0,186.5891967216987,1.2658227848101269,78,79,1,0,78,79,42542,0,0,0,0,0
2020-06-04,US,Missouri,Phelps,5,0,0,37.87736118,-91.79351727,29161.0,11.217553227290065,0.0,5,5,0,0,5,4,44732,0,0,0,0,1
2020-06-04,US,Missouri,Pike,27,1,0,39.34310674,-91.16980779,29163.0,147.5248606709649,3.703703703703704,26,27,1,0,26,25,18504,0,0,0,0,2
2020-06-04,US,Missouri,Platte,74,0,0,39.38154439,-94.77068479,29165.0,70.8690072592848,0.0,74,73,0,0,73,73,102985,1,0,0,1,0
2020-06-04,US,Missouri,Polk,4,0,0,37.616229600000004,-93.39828174,29167.0,12.442066627266787,0.0,4,3,0,0,3,3,32201,1,0,0,1,0
2020-06-04,US,Missouri,Pulaski,39,1,0,37.82462075,-92.20783203,29169.0,74.13462086794533,2.5641025641025643,38,39,1,0,38,35,52014,0,0,0,0,4
2020-06-04,US,Missouri,Ralls,5,0,0,39.52817427,-91.51838643,29173.0,48.50130953535746,0.0,5,5,0,0,5,5,10212,0,0,0,0,0
2020-06-04,US,Missouri,Randolph,10,0,0,39.44007257,-92.49713740000001,29175.0,40.40730564085987,0.0,10,10,0,0,10,10,24763,0,0,0,0,0
2020-06-04,US,Missouri,Ray,23,0,0,39.353746799999996,-93.98905745,29177.0,99.92180033017637,0.0,23,22,0,0,22,19,22883,1,0,0,1,3
2020-06-04,US,Missouri,Reynolds,2,0,0,37.36085952,-90.97009925,29179.0,31.897926634768737,0.0,2,2,0,0,2,2,6254,0,0,0,0,0
2020-06-04,US,Missouri,Ripley,10,0,0,36.65460667,-90.85990261,29181.0,75.25586995785672,0.0,10,10,0,0,10,8,13401,0,0,0,0,2
2020-06-04,US,Missouri,Saline,280,2,0,39.13734288,-93.20259964,29195.0,1230.1744211589998,0.7142857142857143,278,269,2,0,267,269,22895,11,0,0,11,0
2020-06-04,US,Missouri,Scotland,8,0,0,40.45214695,-92.14709064,29199.0,163.19869441044472,0.0,8,8,0,0,8,6,4966,0,0,0,0,2
2020-06-04,US,Missouri,Scott,117,10,0,37.05588075,-89.56474493,29201.0,305.64263322884017,8.547008547008549,107,113,10,0,103,110,38458,4,0,0,4,3
2020-06-04,US,Missouri,Shelby,1,0,0,39.79742518,-92.07634971,29205.0,16.863406408094434,0.0,1,1,0,0,1,1,6050,0,0,0,0,0
2020-06-04,US,Missouri,St. Charles,820,62,0,38.77875681,-90.66662425,29183.0,203.96893702334697,7.560975609756098,758,799,61,0,738,791,399182,21,1,0,20,8
2020-06-04,US,Missouri,St. Clair,3,0,0,38.03699437,-93.77631447,29185.0,31.925082473129727,0.0,3,3,0,0,3,3,9395,0,0,0,0,0
2020-06-04,US,Missouri,St. Francois,38,2,0,37.81214171,-90.47598685,29187.0,56.53499962805922,5.2631578947368425,36,36,2,0,34,36,66692,2,0,0,2,0
2020-06-04,US,Missouri,St. Louis,5084,449,0,38.63770039999999,-90.4458375,29189.0,511.3633506168245,8.831628638867034,4635,5084,446,0,4638,5084,996945,0,3,0,-3,0
2020-06-04,US,Missouri,St. Louis City,2034,132,0,38.63555736,-90.24349225,29510.0,676.700734589588,6.489675516224189,1902,2006,132,0,1874,1990,302838,28,0,0,28,16
2020-06-04,US,Missouri,Ste. Genevieve,12,1,0,37.89090059,-90.1949941,29186.0,67.06158488878954,8.333333333333334,11,12,1,0,11,12,17888,0,0,0,0,0
2020-06-04,US,Missouri,Stoddard,99,0,0,36.85571651,-89.9444155,29207.0,341.08527131782944,0.0,99,94,0,0,94,87,29206,5,0,0,5,7
2020-06-04,US,Missouri,Stone,10,0,0,36.75000327,-93.45256475,29209.0,31.296945418127194,0.0,10,5,0,0,5,5,31749,5,0,0,5,0
2020-06-04,US,Missouri,Sullivan,63,0,0,40.2099105,-93.11150106,29211.0,1034.6526523238626,0.0,63,61,0,0,61,61,6221,2,0,0,2,0
2020-06-04,US,Missouri,Taney,14,2,0,36.65465345,-93.04075153,29213.0,25.03218423687598,14.285714285714285,12,14,2,0,12,14,55852,0,0,0,0,0
2020-06-04,US,Missouri,Texas,1,0,0,37.31728859,-91.96564727,29215.0,3.937317899047169,0.0,1,1,0,0,1,1,25571,0,0,0,0,0
2020-06-04,US,Missouri,Vernon,10,0,0,37.8457799,-94.34127305,29217.0,48.63103632738414,0.0,10,10,0,0,10,10,20528,0,0,0,0,0
2020-06-04,US,Missouri,Warren,28,0,0,38.76529479,-91.16124662,29219.0,78.54357765996241,0.0,28,28,0,0,28,28,34711,0,0,0,0,0
2020-06-04,US,Missouri,Washington,12,1,0,37.96130078,-90.87948158,29221.0,48.52405984634048,8.333333333333334,11,12,1,0,11,12,24943,0,0,0,0,0
2020-06-04,US,Missouri,Webster,18,0,0,37.2813734,-92.876329,29225.0,45.463730046474026,0.0,18,18,0,0,18,18,39109,0,0,0,0,0
2020-06-04,US,Missouri,Worth,4,0,0,40.47945588,-94.42328751,29227.0,198.7083954297069,0.0,4,4,0,0,4,4,2040,0,0,0,0,0
2020-06-04,US,Missouri,Wright,11,0,0,37.27029221,-92.46914488,29229.0,60.14544261577997,0.0,11,11,0,0,11,11,18378,0,0,0,0,0
2020-06-04,US,Montana,Beaverhead,1,0,0,45.13434354,-112.89846940000001,30001.0,10.578652279699568,0.0,1,1,0,0,1,1,9404,0,0,0,0,0
2020-06-04,US,Montana,Big Horn,36,0,0,45.42335905,-107.492347,30003.0,270.2905623545311,0.0,36,31,0,0,31,31,13338,5,0,0,5,0
2020-06-04,US,Montana,Broadwater,4,0,0,46.33277565,-111.49558130000001,30007.0,64.1333974667308,0.0,4,4,0,0,4,4,6085,0,0,0,0,0
2020-06-04,US,Montana,Carbon,6,0,0,45.22850116,-109.0274047,30009.0,55.94405594405596,0.0,6,6,0,0,6,6,10714,0,0,0,0,0
2020-06-04,US,Montana,Cascade,17,2,0,47.30797024,-111.3467922,30013.0,20.893247793918835,11.764705882352944,15,17,2,0,15,17,81643,0,0,0,0,0
2020-06-04,US,Montana,Deer Lodge,3,0,0,46.05953325,-113.073353,30023.0,32.822757111597376,0.0,3,3,0,0,3,3,9131,0,0,0,0,0
2020-06-04,US,Montana,Flathead,37,2,0,48.29575866,-114.05205690000001,30029.0,35.64341174883918,5.405405405405406,35,37,2,0,35,37,102106,0,0,0,0,0
2020-06-04,US,Montana,Gallatin,163,1,0,45.54486106,-111.1692571,30031.0,142.44018386143978,0.6134969325153374,162,155,1,0,154,155,111876,8,0,0,8,0
2020-06-04,US,Montana,Glacier,6,0,0,48.70513576,-112.9934235,30035.0,43.62684505198866,0.0,6,6,0,0,6,6,13747,0,0,0,0,0
2020-06-04,US,Montana,Golden Valley,3,0,0,46.3816474,-109.17685220000001,30037.0,365.40803897685754,0.0,3,3,0,0,3,3,826,0,0,0,0,0
2020-06-04,US,Montana,Hill,1,0,0,48.62879827,-110.1129252,30041.0,6.066488716330987,0.0,1,1,0,0,1,1,16347,0,0,0,0,0
2020-06-04,US,Montana,Jefferson,3,0,0,46.14907081,-112.094396,30043.0,24.547909336388184,0.0,3,3,0,0,3,3,12097,0,0,0,0,0
2020-06-04,US,Montana,Lake,5,0,0,47.64514965,-114.0898013,30047.0,16.41604832884628,0.0,5,5,0,0,5,5,30250,0,0,0,0,0
2020-06-04,US,Montana,Lewis and Clark,16,0,0,47.12610041,-112.39469799999999,30049.0,23.044129508007835,0.0,16,16,0,0,16,16,68700,0,0,0,0,0
2020-06-04,US,Montana,Liberty,1,0,0,48.56084317,-111.02430700000001,30051.0,42.78990158322636,0.0,1,1,0,0,1,1,2430,0,0,0,0,0
2020-06-04,US,Montana,Lincoln,7,1,0,48.54265777,-115.4046155,30053.0,35.03503503503504,14.285714285714285,6,7,1,0,6,7,19794,0,0,0,0,0
2020-06-04,US,Montana,Madison,8,1,0,45.30080065,-111.9173017,30057.0,93.02325581395347,12.5,7,8,1,0,7,8,8768,0,0,0,0,0
2020-06-04,US,Montana,Meagher,1,0,0,46.59907074,-110.8898557,30059.0,53.705692803437174,0.0,1,1,0,0,1,1,1866,0,0,0,0,0
2020-06-04,US,Montana,Missoula,40,1,0,47.03728583,-113.92135079999998,30063.0,33.44481605351171,2.5,39,40,1,0,39,40,118791,0,0,0,0,0
2020-06-04,US,Montana,Musselshell,1,0,0,46.49684637,-108.39498,30065.0,21.58428663932657,0.0,1,1,0,0,1,1,4651,0,0,0,0,0
2020-06-04,US,Montana,Park,8,0,0,45.48965095,-110.52643940000002,30067.0,48.17535830422739,0.0,8,8,0,0,8,8,16736,0,0,0,0,0
2020-06-04,US,Montana,Pondera,2,0,0,48.22773388,-112.22527029999999,30073.0,33.83522246658772,0.0,2,2,0,0,2,2,5972,0,0,0,0,0
2020-06-04,US,Montana,Ravalli,14,0,0,46.08520862,-114.11891640000002,30081.0,31.959092361776925,0.0,14,14,0,0,14,14,43172,0,0,0,0,0
2020-06-04,US,Montana,Richland,3,0,0,47.78668011,-104.5610786,30083.0,27.770063871146906,0.0,3,3,0,0,3,3,10913,0,0,0,0,0
2020-06-04,US,Montana,Roosevelt,7,0,0,48.29607488,-105.00792679999999,30085.0,63.613231552162844,0.0,7,7,0,0,7,7,11059,0,0,0,0,0
2020-06-04,US,Montana,Rosebud,1,0,0,46.23397237,-106.72928799999998,30087.0,11.189437171310285,0.0,1,1,0,0,1,1,9063,0,0,0,0,0
2020-06-04,US,Montana,Silver Bow,11,0,0,45.90018933,-112.6620092,30093.0,31.505083774881854,0.0,11,11,0,0,11,11,34993,0,0,0,0,0
2020-06-04,US,Montana,Stillwater,1,0,0,45.67071407,-109.3950061,30095.0,10.371292263015972,0.0,1,1,0,0,1,1,9534,0,0,0,0,0
2020-06-04,US,Montana,Toole,29,6,0,48.65577551,-111.69424140000001,30101.0,612.331081081081,20.689655172413797,23,29,6,0,23,29,4853,0,0,0,0,0
2020-06-04,US,Montana,Wheatland,1,0,0,46.46652491,-109.84646359999999,30107.0,47.036688617121364,0.0,1,1,0,0,1,1,2236,0,0,0,0,0
2020-06-04,US,Montana,Yellowstone,103,3,0,45.93955949,-108.26914860000001,30111.0,63.85616862988221,2.9126213592233015,100,102,3,0,99,100,160137,1,0,0,1,2
2020-06-04,US,Nebraska,Adams,275,11,0,40.52449420000001,-98.50117804,31001.0,876.8293849440422,4.0,264,273,11,0,262,272,31511,2,0,0,2,1
2020-06-04,US,Nebraska,Antelope,8,0,0,42.17695516,-98.06662829999999,31003.0,127.02445220704986,0.0,8,8,0,0,8,8,6336,0,0,0,0,0
2020-06-04,US,Nebraska,Boone,7,0,0,41.70759415,-98.06737183,31011.0,134.82280431432974,0.0,7,6,0,0,6,6,5239,1,0,0,1,0
2020-06-04,US,Nebraska,Box Butte,2,0,0,42.22079243,-103.08788340000001,31013.0,18.547713994250213,0.0,2,2,0,0,2,2,10772,0,0,0,0,0
2020-06-04,US,Nebraska,Boyd,1,0,0,42.899727399999996,-98.76486568,31015.0,52.11047420531528,0.0,1,1,0,0,1,1,1955,0,0,0,0,0
2020-06-04,US,Nebraska,Buffalo,171,1,0,40.85486962,-99.07500296,31019.0,344.3484564731469,0.5847953216374269,170,168,1,0,167,166,49615,3,0,0,3,2
2020-06-04,US,Nebraska,Burt,9,0,0,41.85056773,-96.32605633,31021.0,139.34045517882026,0.0,9,8,0,0,8,8,6488,1,0,0,1,0
2020-06-04,US,Nebraska,Butler,50,0,0,41.22703692,-97.13106306,31023.0,623.7524950099801,0.0,50,50,0,0,50,49,8058,0,0,0,0,1
2020-06-04,US,Nebraska,Cass,53,0,0,40.90899107,-96.13971217,31025.0,201.9201462968607,0.0,53,53,0,0,53,53,26159,0,0,0,0,0
2020-06-04,US,Nebraska,Cedar,8,0,0,42.598885100000004,-97.25311951,31027.0,95.21542489883362,0.0,8,8,0,0,8,8,8446,0,0,0,0,0
2020-06-04,US,Nebraska,Chase,1,0,0,40.523719799999995,-101.69780259999999,31029.0,25.4841997961264,0.0,1,1,0,0,1,1,3977,0,0,0,0,0
2020-06-04,US,Nebraska,Cherry,1,0,0,42.54502621,-101.1244332,31031.0,17.577781683951486,0.0,1,1,0,0,1,1,5761,0,0,0,0,0
2020-06-04,US,Nebraska,Cheyenne,9,0,0,41.21999357,-102.9941693,31033.0,101.010101010101,0.0,9,9,0,0,9,9,9310,0,0,0,0,0
2020-06-04,US,Nebraska,Clay,24,0,0,40.52439441,-98.05126296,31035.0,386.90955989037565,0.0,24,24,0,0,24,24,6214,0,0,0,0,0
2020-06-04,US,Nebraska,Colfax,626,4,0,41.57486951,-97.0868542,31037.0,5845.550471565973,0.6389776357827476,622,624,2,0,622,620,10881,2,2,0,0,4
2020-06-04,US,Nebraska,Cuming,34,0,0,41.91637624,-96.78730772,31039.0,384.35451051322633,0.0,34,34,0,0,34,34,8940,0,0,0,0,0
2020-06-04,US,Nebraska,Custer,33,4,0,41.39374521,-99.72805369,31041.0,306.20766447063187,12.12121212121212,29,31,4,0,27,31,10840,2,0,0,2,0
2020-06-04,US,Nebraska,Dakota,1692,20,0,42.39040144,-96.56656425,31043.0,8449.016278837511,1.182033096926714,1672,1684,15,0,1669,1675,20083,8,5,0,3,9
2020-06-04,US,Nebraska,Dawes,1,0,0,42.71985036,-103.1313774,31045.0,11.6427989288625,0.0,1,1,0,0,1,1,8716,0,0,0,0,0
2020-06-04,US,Nebraska,Dawson,841,7,0,40.87028216,-99.82014609999999,31047.0,3564.3144734053826,0.8323424494649228,834,840,7,0,833,839,23709,1,0,0,1,1
2020-06-04,US,Nebraska,Dixon,29,0,0,42.49188363,-96.86782408,31051.0,514.5493257629523,0.0,29,29,0,0,29,29,5709,0,0,0,0,0
2020-06-04,US,Nebraska,Dodge,531,1,0,41.58071748,-96.65598179,31053.0,1452.2083960071109,0.18832391713747645,530,503,1,0,502,487,36791,28,0,0,28,16
2020-06-04,US,Nebraska,Douglas,4769,34,0,41.29518299,-96.15085305,31055.0,834.7233720793871,0.7129377227930384,4735,4640,23,0,4617,4476,566880,129,11,0,118,164
2020-06-04,US,Nebraska,Fillmore,7,0,0,40.52458567,-97.59646937,31059.0,128.15818381545222,0.0,7,7,0,0,7,7,5527,0,0,0,0,0
2020-06-04,US,Nebraska,Franklin,6,0,0,40.17636348,-98.95299073,31061.0,201.40986908358508,0.0,6,6,0,0,6,6,3023,0,0,0,0,0
2020-06-04,US,Nebraska,Frontier,1,0,0,40.52993007,-100.3924658,31063.0,38.06623524933384,0.0,1,1,0,0,1,1,2608,0,0,0,0,0
2020-06-04,US,Nebraska,Furnas,9,0,0,40.17642064,-99.91247454,31065.0,192.4721984602224,0.0,9,9,0,0,9,9,4715,0,0,0,0,0
2020-06-04,US,Nebraska,Gage,45,4,0,40.26186809,-96.68946704,31067.0,209.17584716218101,8.888888888888891,41,45,4,0,41,45,21493,0,0,0,0,0
2020-06-04,US,Nebraska,Garden,4,0,0,41.61703149,-102.3313973,31069.0,217.74632553075668,0.0,4,4,0,0,4,2,1897,0,0,0,0,2
2020-06-04,US,Nebraska,Gosper,13,0,0,40.51481965,-99.83020279,31073.0,653.2663316582915,0.0,13,13,0,0,13,13,1996,0,0,0,0,0
2020-06-04,US,Nebraska,Greeley,2,0,0,41.56742671,-98.52150266,31077.0,84.88964346349746,0.0,2,2,0,0,2,2,2356,0,0,0,0,0
2020-06-04,US,Nebraska,Hall,1532,42,0,40.87257079,-98.50218293,31079.0,2497.025410330383,2.741514360313316,1490,1525,39,0,1486,1522,61607,7,3,0,4,3
2020-06-04,US,Nebraska,Hamilton,55,11,0,40.87349452,-98.02099117,31081.0,589.8755898755899,20.0,44,55,10,0,45,55,9280,0,1,0,-1,0
2020-06-04,US,Nebraska,Hitchcock,1,0,0,40.17609175,-101.04164770000001,31087.0,36.205648081100655,0.0,1,1,0,0,1,1,2806,0,0,0,0,0
2020-06-04,US,Nebraska,Holt,1,0,0,42.45522056,-98.78402558,31089.0,9.933445912387008,0.0,1,1,0,0,1,1,10178,0,0,0,0,0
2020-06-04,US,Nebraska,Howard,42,4,0,41.2200529,-98.5166499,31093.0,651.6679596586501,9.523809523809524,38,42,0,0,42,42,6468,0,4,0,-4,0
2020-06-04,US,Nebraska,Jefferson,7,0,0,40.17584531,-97.142601,31095.0,99.347147317627,0.0,7,7,0,0,7,7,7097,0,0,0,0,0
2020-06-04,US,Nebraska,Johnson,6,0,0,40.39257596,-96.26522753,31097.0,118.3198580161704,0.0,6,6,0,0,6,6,5134,0,0,0,0,0
2020-06-04,US,Nebraska,Kearney,12,0,0,40.50663314,-98.94877182,31099.0,184.75750577367202,0.0,12,11,0,0,11,11,6544,1,0,0,1,0
2020-06-04,US,Nebraska,Keith,2,0,0,41.19930341,-101.66201640000001,31101.0,24.894199651481205,0.0,2,2,0,0,2,2,8021,0,0,0,0,0
2020-06-04,US,Nebraska,Kimball,8,0,0,41.19774275,-103.7148131,31105.0,220.26431718061676,0.0,8,8,0,0,8,8,3618,0,0,0,0,0
2020-06-04,US,Nebraska,Knox,10,0,0,42.63758421,-97.89178836,31107.0,120.01920307249159,0.0,10,10,0,0,10,10,8419,0,0,0,0,0
2020-06-04,US,Nebraska,Lancaster,1278,9,0,40.78416049,-96.68777155,31109.0,400.5139615782381,0.7042253521126759,1269,1262,6,0,1256,1244,317272,16,3,0,13,18
2020-06-04,US,Nebraska,Lincoln,47,2,0,41.04658298,-100.74753740000001,31111.0,134.6164862232915,4.25531914893617,45,48,2,0,46,48,35185,-1,0,0,-1,0
2020-06-04,US,Nebraska,Madison,320,4,0,41.91676024,-97.6005481,31119.0,911.7068862360753,1.25,316,320,3,0,317,318,35392,0,1,0,-1,2
2020-06-04,US,Nebraska,Merrick,33,0,0,41.16624273,-98.0374887,31121.0,425.531914893617,0.0,33,33,0,0,33,32,7733,0,0,0,0,1
2020-06-04,US,Nebraska,Morrill,11,0,0,41.71711774,-103.0061405,31123.0,236.96682464454975,0.0,11,11,0,0,11,11,4686,0,0,0,0,0
2020-06-04,US,Nebraska,Nance,4,0,0,41.39750195,-97.99327291,31125.0,113.66865586814436,0.0,4,4,0,0,4,4,3532,0,0,0,0,0
2020-06-04,US,Nebraska,Nemaha,4,0,0,40.38514847,-95.85433992,31127.0,57.37234652897303,0.0,4,4,0,0,4,4,6958,0,0,0,0,0
2020-06-04,US,Nebraska,Nuckolls,1,0,0,40.17637905,-98.04743961,31129.0,24.10800385728061,0.0,1,1,0,0,1,1,4195,0,0,0,0,0
2020-06-04,US,Nebraska,Otoe,7,0,0,40.64843556,-96.13374142,31131.0,43.717212090931795,0.0,7,7,0,0,7,7,15985,0,0,0,0,0
2020-06-04,US,Nebraska,Phelps,20,0,0,40.51156033,-99.41461667,31137.0,221.38587558113792,0.0,20,20,0,0,20,20,8996,0,0,0,0,0
2020-06-04,US,Nebraska,Pierce,6,0,0,42.26434853,-97.60122773,31139.0,83.93956351426971,0.0,6,6,0,0,6,6,7142,0,0,0,0,0
2020-06-04,US,Nebraska,Platte,617,1,0,41.57246836,-97.52144359,31141.0,1843.4418882581415,0.1620745542949757,616,611,1,0,610,603,33363,6,0,0,6,8
2020-06-04,US,Nebraska,Polk,11,0,0,41.18813488,-97.56630712,31143.0,211.01093420295413,0.0,11,11,0,0,11,11,5278,0,0,0,0,0
2020-06-04,US,Nebraska,Red Willow,5,0,0,40.17556879999999,-100.476998,31145.0,46.624393882879524,0.0,5,5,0,0,5,5,10726,0,0,0,0,0
2020-06-04,US,Nebraska,Richardson,1,0,0,40.1247415,-95.71755036,31147.0,12.714558169103626,0.0,1,1,0,0,1,1,7937,0,0,0,0,0
2020-06-04,US,Nebraska,Saline,510,2,0,40.52418865,-97.14085859,31151.0,3585.48931383577,0.392156862745098,508,508,1,0,507,506,14350,2,1,0,1,2
2020-06-04,US,Nebraska,Sarpy,736,4,0,41.11314181,-96.11156432,31153.0,393.17079424774033,0.5434782608695652,732,703,2,0,701,680,184459,33,2,0,31,23
2020-06-04,US,Nebraska,Saunders,46,1,0,41.227810299999994,-96.63773905,31155.0,213.18009083325612,2.1739130434782608,45,42,1,0,41,40,21303,4,0,0,4,2
2020-06-04,US,Nebraska,Scotts Bluff,124,0,0,41.85070896,-103.70809859999999,31157.0,348.13858161603684,0.0,124,120,0,0,120,112,35989,4,0,0,4,8
2020-06-04,US,Nebraska,Seward,29,1,0,40.87241834,-97.139673,31159.0,167.78523489932888,3.4482758620689653,28,29,1,0,28,28,17318,0,0,0,0,1
2020-06-04,US,Nebraska,Sherman,4,0,0,41.22045983,-98.97588642,31163.0,133.2889036987671,0.0,4,4,0,0,4,4,3038,0,0,0,0,0
2020-06-04,US,Nebraska,Stanton,21,0,0,41.9169835,-97.19394708,31167.0,354.72972972972974,0.0,21,21,0,0,21,20,5970,0,0,0,0,1
2020-06-04,US,Nebraska,Thayer,1,0,0,40.17626377,-97.59504381,31169.0,19.98800719568259,0.0,1,1,0,0,1,1,5039,0,0,0,0,0
2020-06-04,US,Nebraska,Thomas,1,0,0,41.91358968,-100.5556632,31171.0,138.50415512465375,0.0,1,1,0,0,1,1,720,0,0,0,0,0
2020-06-04,US,Nebraska,Thurston,50,0,0,42.15725356,-96.54157099,31173.0,692.1373200442968,0.0,50,49,0,0,49,49,7303,1,0,0,1,0
2020-06-04,US,Nebraska,Unassigned,217,19,0,0.0,0.0,90031.0,0.0,8.755760368663594,198,215,35,0,180,215,,2,-16,0,18,0
2020-06-04,US,Nebraska,Valley,5,0,0,41.56730777,-98.98197724,31175.0,120.25012025012023,0.0,5,4,0,0,4,4,4190,1,0,0,1,0
2020-06-04,US,Nebraska,Washington,33,1,0,41.52815707,-96.22019892,31177.0,159.19725987746637,3.0303030303030303,32,32,1,0,31,32,20667,1,0,0,1,0
2020-06-04,US,Nebraska,Wayne,18,0,0,42.20934475,-97.11926964,31179.0,191.79541822056476,0.0,18,18,0,0,18,18,9403,0,0,0,0,0
2020-06-04,US,Nebraska,Webster,5,0,0,40.17642643,-98.50019851,31181.0,143.38973329509608,0.0,5,5,0,0,5,5,3533,0,0,0,0,0
2020-06-04,US,Nebraska,York,36,0,0,40.87272618,-97.59710186,31185.0,263.1771328313473,0.0,36,36,0,0,36,36,13772,0,0,0,0,0
2020-06-04,US,Nevada,Carson City,102,5,0,39.15509045,-119.7480219,32510.0,182.41648186565558,4.901960784313727,97,99,4,0,95,99,55414,3,1,0,2,0
2020-06-04,US,Nevada,Churchill,8,1,0,39.58105744,-118.3394607,32001.0,32.11690553615159,12.5,7,8,1,0,7,8,24440,0,0,0,0,0
2020-06-04,US,Nevada,Clark,7056,355,0,36.21458855,-115.0130241,32003.0,311.28747989932566,5.031179138321996,6701,6923,355,0,6568,6845,2231647,133,0,0,133,78
2020-06-04,US,Nevada,Douglas,37,0,0,38.912862,-119.61713329999999,32005.0,75.65688579899806,0.0,37,35,0,0,35,32,48467,2,0,0,2,3
2020-06-04,US,Nevada,Elko,26,1,0,41.14531606,-115.3577619,32007.0,49.26295047178749,3.8461538461538463,25,26,1,0,25,25,52460,0,0,0,0,1
2020-06-04,US,Nevada,Humboldt,78,4,0,41.40692186,-118.11094270000001,32013.0,463.43057453508413,5.128205128205129,74,78,4,0,74,78,16786,0,0,0,0,0
2020-06-04,US,Nevada,Lander,21,0,0,39.933223299999995,-117.03970749999999,32015.0,379.6095444685466,0.0,21,21,0,0,21,20,5575,0,0,0,0,1
2020-06-04,US,Nevada,Lincoln,2,0,0,37.64268459,-114.8790388,32017.0,38.58769052672198,0.0,2,2,0,0,2,2,5201,0,0,0,0,0
2020-06-04,US,Nevada,Lyon,80,1,0,39.01777974,-119.18704790000001,32019.0,139.10624239262737,1.25,79,67,1,0,66,68,55808,13,0,0,13,-1
2020-06-04,US,Nevada,Mineral,4,0,0,38.53841696,-118.4344506,32021.0,88.79023307436182,0.0,4,4,0,0,4,4,4514,0,0,0,0,0
2020-06-04,US,Nevada,Nye,64,2,0,38.04264256,-116.47227020000001,32023.0,137.5663650237517,3.125,62,64,2,0,62,64,45346,0,0,0,0,0
2020-06-04,US,Nevada,Pershing,2,0,0,40.44003782,-118.40056409999998,32027.0,29.739776951672862,0.0,2,2,0,0,2,2,6666,0,0,0,0,0
2020-06-04,US,Nevada,Storey,1,0,0,39.44875482,-119.5250207,32029.0,24.254183846713556,0.0,1,1,0,0,1,1,4029,0,0,0,0,0
2020-06-04,US,Nevada,Washoe,1645,61,0,40.66562265,-119.6631594,32031.0,348.87247385577245,3.7082066869300916,1584,1618,61,0,1557,1606,465735,27,0,0,27,12
2020-06-04,US,Nevada,White Pine,3,0,0,39.44157041,-114.89996599999999,32033.0,31.315240083507305,0.0,3,3,0,0,3,4,9475,0,0,0,0,-1
2020-06-04,US,New Hampshire,Belknap,64,0,0,43.51637314,-71.41684235,33001.0,104.3994584278094,0.0,64,63,0,0,63,63,61022,1,0,0,1,0
2020-06-04,US,New Hampshire,Carroll,48,0,0,43.87498583,-71.20430216,33003.0,98.13943978736457,0.0,48,48,0,0,48,48,48779,0,0,0,0,0
2020-06-04,US,New Hampshire,Cheshire,57,2,0,42.92015988,-72.25311043,33005.0,74.91621213116909,3.5087719298245608,55,57,2,0,55,57,76493,0,0,0,0,0
2020-06-04,US,New Hampshire,Coos,5,0,0,44.69063265,-71.30633239,33007.0,15.841333206602668,0.0,5,5,0,0,5,5,31589,0,0,0,0,0
2020-06-04,US,New Hampshire,Grafton,76,1,0,43.93779815,-71.82057197,33009.0,84.55154306566095,1.3157894736842106,75,76,1,0,75,76,89786,0,0,0,0,0
2020-06-04,US,New Hampshire,Hillsborough,2614,162,0,42.91537785,-71.7200253,33011.0,626.8209339967627,6.197398622800306,2452,2554,155,0,2399,2528,415247,60,7,0,53,26
2020-06-04,US,New Hampshire,Merrimack,359,18,0,43.29662971,-71.6811573,33013.0,237.13430785185383,5.013927576601671,341,353,17,0,336,352,151132,6,1,0,5,1
2020-06-04,US,New Hampshire,Rockingham,1347,76,0,42.98499744,-71.12883377,33015.0,434.840155083304,5.642167780252413,1271,1336,76,0,1260,1320,309176,11,0,0,11,16
2020-06-04,US,New Hampshire,Strafford,278,13,0,43.291833000000004,-71.02336013,33017.0,212.80993317155696,4.676258992805756,265,273,13,0,260,271,130090,5,0,0,5,2
2020-06-04,US,New Hampshire,Sullivan,20,1,0,43.36094111,-72.22203125,33019.0,46.35423909516526,5.0,19,20,1,0,19,19,43144,0,0,0,0,1
2020-06-04,US,New Hampshire,Unassigned,8,0,0,0.0,0.0,90033.0,0.0,0.0,8,10,0,0,10,10,,-2,0,0,-2,0
2020-06-04,US,New Jersey,Atlantic,2286,164,0,39.47538693,-74.65848483,34001.0,866.9928319490273,7.174103237095364,2122,2284,163,0,2121,2251,265429,2,1,0,1,33
2020-06-04,US,New Jersey,Bergen,18408,1603,0,40.96010917,-74.07164325,34003.0,1974.679307703695,8.708170360712732,16805,18376,1595,0,16781,18333,936692,32,8,0,24,43
2020-06-04,US,New Jersey,Burlington,4725,307,0,39.87681124,-74.66927768,34005.0,1060.965669620904,6.497354497354497,4418,4700,302,0,4398,4680,445384,25,5,0,20,20
2020-06-04,US,New Jersey,Camden,6663,352,0,39.80343818,-74.96388753,34007.0,1315.5738433197555,5.282905598078943,6311,6645,346,0,6299,6603,507078,18,6,0,12,42
2020-06-04,US,New Jersey,Cape May,630,50,0,39.15008829,-74.80170244,34009.0,684.4924434207237,7.936507936507938,580,629,50,0,579,628,92560,1,0,0,1,1
2020-06-04,US,New Jersey,Cumberland,2469,79,0,39.37199394,-75.10712559,34011.0,1651.2068054598835,3.19967598217902,2390,2431,79,0,2352,2345,150972,38,0,0,38,86
2020-06-04,US,New Jersey,Essex,17912,1694,0,40.78681335,-74.24657979,34013.0,2241.872399011233,9.457347029924073,16218,17813,1687,0,16126,17761,799767,99,7,0,92,52
2020-06-04,US,New Jersey,Gloucester,2290,150,0,39.71581067,-75.13995546,34015.0,785.2254179868056,6.5502183406113526,2140,2278,149,0,2129,2262,291408,12,1,0,11,16
2020-06-04,US,New Jersey,Hudson,18875,1199,0,40.73766234,-74.07515667,34017.0,2807.1464371176894,6.352317880794701,17676,18852,1192,0,17660,18822,676061,23,7,0,16,30
2020-06-04,US,New Jersey,Hunterdon,1009,61,0,40.56335249,-74.91284156,34019.0,811.282372900435,6.045589692765113,948,1006,61,0,945,999,124714,3,0,0,3,7
2020-06-04,US,New Jersey,Mercer,7072,492,0,40.28047017,-74.70479631,34021.0,1924.7203548975315,6.957013574660634,6580,7033,485,0,6548,7004,369811,39,7,0,32,29
2020-06-04,US,New Jersey,Middlesex,16072,1015,0,40.43629879,-74.41426991,34023.0,1947.9748188620974,6.315331010452963,15057,16066,1004,0,15062,16021,829685,6,11,0,-5,45
2020-06-04,US,New Jersey,Monmouth,8379,627,0,40.26549699,-74.22240686,34025.0,1354.0833393934986,7.482993197278912,7752,8332,619,0,7713,8289,621354,47,8,0,39,43
2020-06-04,US,New Jersey,Morris,6548,622,0,40.86095313,-74.54553709999998,34027.0,1331.3137268855025,9.499083689676237,5926,6540,619,0,5921,6512,494228,8,3,0,5,28
2020-06-04,US,New Jersey,Ocean,8900,763,0,39.8895449,-74.28089251,34029.0,1465.7781964669805,8.573033707865168,8137,8853,755,0,8098,8817,601651,47,8,0,39,36
2020-06-04,US,New Jersey,Passaic,16311,954,0,41.03238628,-74.29954144,34031.0,3250.3297955865187,5.84881368401692,15357,16277,940,0,15337,16234,503310,34,14,0,20,43
2020-06-04,US,New Jersey,Salem,659,46,0,39.58719656,-75.34696629999998,34033.0,1056.3436723571374,6.980273141122915,613,653,44,0,609,645,62607,6,2,0,4,8
2020-06-04,US,New Jersey,Somerset,4626,423,0,40.56465737,-74.61683016,34035.0,1406.3611545173196,9.14396887159533,4203,4619,423,0,4196,4605,331164,7,0,0,7,14
2020-06-04,US,New Jersey,Sussex,1131,149,0,41.13891592,-74.69118243,34037.0,805.0509652069928,13.174182139699381,982,1128,149,0,979,1123,140799,3,0,0,3,5
2020-06-04,US,New Jersey,Unassigned,426,0,0,0.0,0.0,90034.0,0.0,0.0,426,460,0,0,460,570,,-34,0,0,-34,-110
2020-06-04,US,New Jersey,Union,15953,1088,0,40.65835409,-74.30680092,34039.0,2867.4859483662,6.8200338494327095,14865,15911,1086,0,14825,15868,558067,42,2,0,40,43
2020-06-04,US,New Jersey,Warren,1186,132,0,40.85951833,-74.99556527,34041.0,1126.6588769509913,11.129848229342327,1054,1182,132,0,1050,1173,105779,4,0,0,4,9
2020-06-04,US,New Mexico,Bernalillo,1543,73,0,35.05163625,-106.6703554,35001.0,227.20546117702148,4.731043421905379,1470,1524,72,0,1452,1499,678701,19,1,0,18,25
2020-06-04,US,New Mexico,Catron,2,1,0,33.91514144,-108.4046587,35003.0,56.70541536716757,50.0,1,2,1,0,1,2,3578,0,0,0,0,0
2020-06-04,US,New Mexico,Chaves,51,2,0,33.36406072,-104.4665365,35005.0,78.92904124429313,3.92156862745098,49,50,2,0,48,51,64689,1,0,0,1,-1
2020-06-04,US,New Mexico,Cibola,148,6,0,34.91131525,-107.998876,35006.0,554.8266166822868,4.0540540540540535,142,147,6,0,141,145,26746,1,0,0,1,2
2020-06-04,US,New Mexico,Colfax,5,0,0,36.60569702,-104.64726740000002,35007.0,41.87253998827568,0.0,5,5,0,0,5,5,12110,0,0,0,0,0
2020-06-04,US,New Mexico,Curry,57,0,0,34.57421077,-103.34688759999999,35009.0,116.43583772521143,0.0,57,56,0,0,56,55,49437,1,0,0,1,1
2020-06-04,US,New Mexico,Dona Ana,509,3,0,32.35275771,-106.83293870000001,35013.0,233.27757281330918,0.5893909626719057,506,488,3,0,485,479,217522,21,0,0,21,9
2020-06-04,US,New Mexico,Eddy,26,1,0,32.47167456,-104.3053527,35015.0,44.47485460143688,3.8461538461538463,25,23,1,0,22,23,57900,3,0,0,3,0
2020-06-04,US,New Mexico,Grant,15,0,0,32.73911281,-108.3827845,35017.0,55.55967108674717,0.0,15,15,0,0,15,15,27346,0,0,0,0,0
2020-06-04,US,New Mexico,Guadalupe,20,0,0,34.86319296,-104.790669,35019.0,465.11627906976736,0.0,20,20,0,0,20,20,4341,0,0,0,0,0
2020-06-04,US,New Mexico,Harding,1,0,0,35.85751555,-103.82209379999999,35021.0,160.0,0.0,1,1,0,0,1,1,655,0,0,0,0,0
2020-06-04,US,New Mexico,Hidalgo,1,0,0,31.91383467,-108.7151824,35023.0,23.820867079561697,0.0,1,1,0,0,1,1,4240,0,0,0,0,0
2020-06-04,US,New Mexico,Lea,26,0,0,32.79215361,-103.4123733,35025.0,36.58364992261151,0.0,26,26,0,0,26,26,69611,0,0,0,0,0
2020-06-04,US,New Mexico,Lincoln,5,0,0,33.74526079,-105.4586166,35027.0,25.546699366441857,0.0,5,5,0,0,5,4,19556,0,0,0,0,1
2020-06-04,US,New Mexico,Los Alamos,6,0,0,35.86631386,-106.31349850000001,35028.0,30.977334916619338,0.0,6,6,0,0,6,6,19101,0,0,0,0,0
2020-06-04,US,New Mexico,Luna,9,1,0,32.18179341,-107.75088259999998,35029.0,37.96026825256232,11.111111111111109,8,10,1,0,9,9,23963,-1,0,0,-1,1
2020-06-04,US,New Mexico,McKinley,2542,124,0,35.58007720000001,-108.262245,35031.0,3561.8703322263787,4.878048780487805,2418,2515,119,0,2396,2480,72290,27,5,0,22,35
2020-06-04,US,New Mexico,Otero,23,3,0,32.61348406,-105.7417604,35035.0,34.0791228330123,13.043478260869565,20,22,3,0,19,22,66781,1,0,0,1,0
2020-06-04,US,New Mexico,Quay,5,1,0,35.10403332,-103.54817270000001,35037.0,60.5840300496789,20.0,4,5,1,0,4,5,8253,0,0,0,0,0
2020-06-04,US,New Mexico,Rio Arriba,52,1,0,36.51072137,-106.69316740000001,35039.0,133.60396701009736,1.9230769230769231,51,52,1,0,51,49,39006,0,0,0,0,3
2020-06-04,US,New Mexico,Roosevelt,42,0,0,34.02097406,-103.4799493,35041.0,227.027027027027,0.0,42,41,0,0,41,41,18743,1,0,0,1,0
2020-06-04,US,New Mexico,San Juan,1842,129,0,36.50838318,-108.32043700000001,35045.0,1485.9871892092483,7.003257328990227,1713,1821,127,0,1694,1813,125043,21,2,0,19,8
2020-06-04,US,New Mexico,San Miguel,15,0,0,35.48014807,-104.8163562,35047.0,54.99138468306632,0.0,15,15,0,0,15,15,27591,0,0,0,0,0
2020-06-04,US,New Mexico,Sandoval,578,27,0,35.68862401,-106.86878030000001,35043.0,393.87248889252317,4.671280276816608,551,575,27,0,548,572,145179,3,0,0,3,3
2020-06-04,US,New Mexico,Santa Fe,150,3,0,35.50708973,-105.9774716,35049.0,99.76190159486026,2.0,147,150,3,0,147,148,150056,0,0,0,0,2
2020-06-04,US,New Mexico,Sierra,1,0,0,33.13028233,-107.1925893,35051.0,9.266981744045964,0.0,1,1,0,0,1,1,10968,0,0,0,0,0
2020-06-04,US,New Mexico,Socorro,54,5,0,34.00715494,-106.9298354,35053.0,324.577748392138,9.25925925925926,49,52,5,0,47,52,16735,2,0,0,2,0
2020-06-04,US,New Mexico,Taos,31,0,0,36.58006022,-105.63101979999999,35055.0,94.7345903492956,0.0,31,30,0,0,30,30,32835,1,0,0,1,0
2020-06-04,US,New Mexico,Torrance,33,1,0,34.64048375,-105.8508949,35057.0,213.44026906409675,3.0303030303030303,32,32,1,0,31,32,15591,1,0,0,1,0
2020-06-04,US,New Mexico,Unassigned,477,0,0,0.0,0.0,90035.0,0.0,0.0,477,367,0,0,367,342,,110,0,0,110,25
2020-06-04,US,New Mexico,Union,4,0,0,36.48126404,-103.4709624,35059.0,98.54644000985463,0.0,4,4,0,0,4,4,4118,0,0,0,0,0
2020-06-04,US,New Mexico,Valencia,80,2,0,34.71669834,-106.8103733,35061.0,104.3187982474442,2.5,78,79,2,0,77,77,76456,1,0,0,1,2
2020-06-04,US,New York,Albany,1930,112,0,42.60060306,-73.97723916,36001.0,631.7388201868374,5.8031088082901565,1818,1920,112,0,1808,1900,307117,10,0,0,10,20
2020-06-04,US,New York,Allegany,49,0,0,42.25748406,-78.02750466,36003.0,106.31142739363432,0.0,49,49,0,0,49,48,46430,0,0,0,0,1
2020-06-04,US,New York,Broome,593,45,0,42.15903158,-75.81326086,36007.0,311.3056990466592,7.588532883642496,548,589,44,0,545,578,191659,4,1,0,3,11
2020-06-04,US,New York,Cattaraugus,91,0,0,42.24778241,-78.67923096,36009.0,119.55279372544899,0.0,91,90,0,0,90,89,76840,1,0,0,1,1
2020-06-04,US,New York,Cayuga,96,1,0,42.91261714,-76.55731592,36011.0,125.36564981195153,1.0416666666666667,95,96,1,0,95,93,77145,0,0,0,0,3
2020-06-04,US,New York,Chautauqua,95,4,0,42.22769210000001,-79.36691763,36013.0,74.86032639102307,4.2105263157894735,91,89,4,0,85,86,127939,6,0,0,6,3
2020-06-04,US,New York,Chemung,137,1,0,42.13891056,-76.7638805,36015.0,164.15835889570553,0.7299270072992701,136,137,1,0,136,137,84254,0,0,0,0,0
2020-06-04,US,New York,Chenango,133,0,0,42.49430041,-75.60887553,36017.0,281.7378778570975,0.0,133,133,0,0,133,133,47536,0,0,0,0,0
2020-06-04,US,New York,Clinton,97,4,0,44.74530905,-73.67875352,36019.0,120.51935143194383,4.123711340206185,93,97,4,0,93,97,80695,0,0,0,0,0
2020-06-04,US,New York,Columbia,400,34,0,42.24819348,-73.63089095,36021.0,672.7098434267839,8.5,366,399,34,0,365,391,59916,1,0,0,1,8
2020-06-04,US,New York,Cortland,41,0,0,42.59509207,-76.07048931,36023.0,86.16884891027931,0.0,41,41,0,0,41,41,47823,0,0,0,0,0
2020-06-04,US,New York,Delaware,82,4,0,42.19837623,-74.96709306,36025.0,185.79358785544355,4.878048780487805,78,82,4,0,78,82,44527,0,0,0,0,0
2020-06-04,US,New York,Dutchess,3962,142,0,41.76486060000001,-73.74356679,36027.0,1346.6205330741152,3.5840484603735487,3820,3951,142,0,3809,3936,293718,11,0,0,11,15
2020-06-04,US,New York,Erie,6308,549,0,42.76249024,-78.73063652,36029.0,686.6209064527998,8.703233988585923,5759,6234,524,0,5710,6173,919719,74,25,0,49,61
2020-06-04,US,New York,Essex,38,0,0,44.11630765,-73.77297842,36031.0,103.02290904161585,0.0,38,38,0,0,38,38,37300,0,0,0,0,0
2020-06-04,US,New York,Franklin,23,0,0,44.59040891,-74.29926032,36033.0,45.97976890168325,0.0,23,23,0,0,23,23,50293,0,0,0,0,0
2020-06-04,US,New York,Fulton,215,18,0,43.11363907,-74.41798804,36035.0,402.7499391191952,8.372093023255816,197,213,18,0,195,212,53591,2,0,0,2,1
2020-06-04,US,New York,Genesee,205,5,0,43.0022601,-78.19135193,36037.0,357.89106145251395,2.4390243902439024,200,202,4,0,198,202,57511,3,1,0,2,0
2020-06-04,US,New York,Greene,241,18,0,42.275797,-74.12384884,36039.0,510.7230651860643,7.4688796680497935,223,241,18,0,223,241,47491,0,0,0,0,0
2020-06-04,US,New York,Hamilton,5,0,0,43.66146647,-74.49721957,36041.0,113.22463768115942,0.0,5,5,0,0,5,5,4434,0,0,0,0,0
2020-06-04,US,New York,Herkimer,113,3,0,43.42034246,-74.96145307,36043.0,184.28219638285037,2.6548672566371683,110,113,3,0,110,111,61833,0,0,0,0,2
2020-06-04,US,New York,Jefferson,74,0,0,44.04200959,-75.94653457,36045.0,67.37440136933918,0.0,74,74,0,0,74,74,111755,0,0,0,0,0
2020-06-04,US,New York,Lewis,20,0,0,43.784415700000004,-75.44903992,36049.0,76.057195010648,0.0,20,20,0,0,20,20,26447,0,0,0,0,0
2020-06-04,US,New York,Livingston,120,7,0,42.72596275,-77.77966158,36051.0,190.7365610198048,5.833333333333332,113,120,7,0,113,119,63227,0,0,0,0,1
2020-06-04,US,New York,Madison,319,15,0,42.91653905,-75.67266639,36053.0,449.66944362216486,4.702194357366771,304,319,10,0,309,317,70795,0,5,0,-5,2
2020-06-04,US,New York,Monroe,3081,230,0,43.14638895,-77.69322942,36055.0,415.35786025317816,7.465108730931517,2851,3048,216,0,2832,2989,742474,33,14,0,19,59
2020-06-04,US,New York,Montgomery,96,4,0,42.90123494,-74.44011632,36057.0,195.03870299262508,4.166666666666667,92,94,4,0,90,93,49455,2,0,0,2,1
2020-06-04,US,New York,Nassau,40713,2132,0,40.74066522,-73.58941873,36059.0,3000.3891153815543,5.236656596173212,38581,40644,2130,0,38514,40572,1358343,69,2,0,67,72
2020-06-04,US,New York,New York City,205406,21752,0,40.76727260000001,-73.97152637,36061.0,2463.8420154838473,10.589758819119206,183654,204872,21688,0,183184,204377,1628701,534,64,0,470,495
2020-06-04,US,New York,Niagara,1085,70,0,43.19898042,-78.74777412,36063.0,518.4417123389128,6.451612903225807,1015,1067,65,0,1002,1048,210433,18,5,0,13,19
2020-06-04,US,New York,Oneida,1069,58,0,43.24375382,-75.43710392,36065.0,467.48385234682144,5.4256314312441525,1011,1058,49,0,1009,1049,229577,11,9,0,2,9
2020-06-04,US,New York,Onondaga,2295,149,0,43.00491923,-76.19971155,36067.0,498.3410346385018,6.492374727668844,2146,2256,139,0,2117,2228,461809,39,10,0,29,28
2020-06-04,US,New York,Ontario,218,9,0,42.85145728,-77.30874425,36069.0,198.5844029259317,4.128440366972477,209,215,9,0,206,209,109864,3,0,0,3,6
2020-06-04,US,New York,Orange,10471,444,0,41.40337468,-74.30240757,36071.0,2720.1641814308723,4.2402826855123665,10027,10460,444,0,10016,10449,381951,11,0,0,11,11
2020-06-04,US,New York,Orleans,247,41,0,43.2516977,-78.2320066,36073.0,612.1134020618558,16.59919028340081,206,246,37,0,209,241,40612,1,4,0,-3,5
2020-06-04,US,New York,Oswego,112,3,0,43.42778894,-76.14635194,36075.0,95.62514941429596,2.6785714285714284,109,112,3,0,109,110,117898,0,0,0,0,2
2020-06-04,US,New York,Otsego,73,5,0,42.63492579,-75.03151402,36077.0,122.70351133746829,6.849315068493151,68,73,5,0,68,73,59749,0,0,0,0,0
2020-06-04,US,New York,Putnam,1268,60,0,41.42630093,-73.74965532,36079.0,1289.66639544345,4.731861198738169,1208,1264,60,0,1204,1262,98892,4,0,0,4,2
2020-06-04,US,New York,Rensselaer,495,28,0,42.71348136,-73.51089874,36083.0,311.88174956210537,5.656565656565657,467,495,28,0,467,493,159442,0,0,0,0,2
2020-06-04,US,New York,Rockland,13280,655,0,41.15027894,-74.02560498,36087.0,4076.257946093944,4.932228915662652,12625,13259,646,0,12613,13223,325695,21,9,0,12,36
2020-06-04,US,New York,Saratoga,493,14,0,43.10904162,-73.86653895,36091.0,214.4755789317985,2.8397565922920887,479,489,14,0,475,484,230163,4,0,0,4,5
2020-06-04,US,New York,Schenectady,701,29,0,42.81668777,-74.05278291,36093.0,451.3873238076227,4.136947218259629,672,701,29,0,672,696,155350,0,0,0,0,5
2020-06-04,US,New York,Schoharie,51,0,0,42.58831742,-74.44339029999998,36095.0,164.52143617536052,0.0,51,51,0,0,51,51,31097,0,0,0,0,0
2020-06-04,US,New York,Schuyler,12,0,0,42.39184015,-76.8773299,36097.0,67.38922895490539,0.0,12,12,0,0,12,12,17912,0,0,0,0,0
2020-06-04,US,New York,Seneca,60,0,0,42.78081007,-76.82497064,36099.0,176.3875823142051,0.0,60,60,0,0,60,59,34300,0,0,0,0,1
2020-06-04,US,New York,St. Lawrence,207,2,0,44.4976179,-75.06550039,36089.0,192.12919992574717,0.966183574879227,205,206,2,0,204,205,108047,1,0,0,1,1
2020-06-04,US,New York,Steuben,245,41,0,42.2689144,-77.3829924,36101.0,256.869960892859,16.73469387755102,204,243,41,0,202,242,95796,2,0,0,2,1
2020-06-04,US,New York,Suffolk,40153,1916,0,40.88320119,-72.8012172,36103.0,2719.285710899559,4.7717480636565135,38237,40062,1915,0,38147,39980,1481093,91,1,0,90,82
2020-06-04,US,New York,Sullivan,1405,31,0,41.71579493,-74.76394559,36105.0,1862.6047300880264,2.2064056939501784,1374,1393,31,0,1362,1392,75498,12,0,0,12,1
2020-06-04,US,New York,Tioga,133,22,0,42.16852837,-76.30835812,36107.0,275.91643673630267,16.541353383458645,111,133,21,0,112,131,48560,0,1,0,-1,2
2020-06-04,US,New York,Tompkins,165,0,0,42.44945765,-76.47229843,36109.0,161.47974163241338,0.0,165,165,0,0,165,164,102793,0,0,0,0,1
2020-06-04,US,New York,Ulster,1704,77,0,41.89027881,-74.26252104,36111.0,959.6053454072411,4.518779342723005,1627,1701,77,0,1624,1696,178599,3,0,0,3,5
2020-06-04,US,New York,Warren,256,28,0,43.56173026,-73.8433699,36113.0,400.35030651820335,10.9375,228,256,28,0,228,255,64265,0,0,0,0,1
2020-06-04,US,New York,Washington,238,13,0,43.31153794,-73.43043448,36115.0,388.86347297562247,5.46218487394958,225,238,13,0,225,237,61197,0,0,0,0,1
2020-06-04,US,New York,Wayne,121,3,0,43.15494365,-77.02976528,36117.0,134.56704997886965,2.479338842975207,118,120,3,0,117,116,90064,1,0,0,1,4
2020-06-04,US,New York,Westchester,33767,1385,0,41.16278376,-73.75741653,36119.0,3490.1075548885487,4.101637693606183,32382,33691,1381,0,32310,33633,967612,76,4,0,72,58
2020-06-04,US,New York,Wyoming,87,5,0,42.70145109,-78.22199579,36121.0,218.26939963370882,5.747126436781608,82,87,5,0,82,86,40085,0,0,0,0,1
2020-06-04,US,New York,Yates,39,6,0,42.63505484,-77.10369919,36123.0,156.5447758198531,15.384615384615385,33,39,6,0,33,39,24841,0,0,0,0,0
2020-06-04,US,North Carolina,Alamance,413,29,0,36.0434701,-79.39976137,37001.0,243.64488021285007,7.021791767554479,384,413,29,0,384,391,166436,0,0,0,0,22
2020-06-04,US,North Carolina,Alexander,38,0,0,35.922379600000006,-81.17751948,37003.0,101.34144064858522,0.0,38,38,0,0,38,38,37353,0,0,0,0,0
2020-06-04,US,North Carolina,Alleghany,24,0,0,36.49360862,-81.12857041,37005.0,215.49788991649456,0.0,24,24,0,0,24,18,11161,0,0,0,0,6
2020-06-04,US,North Carolina,Anson,68,1,0,34.97403241,-80.09953279,37007.0,278.1641168289291,1.4705882352941178,67,68,1,0,67,66,24877,0,0,0,0,2
2020-06-04,US,North Carolina,Ashe,39,0,0,36.43296207,-81.49862729,37009.0,143.36654045509687,0.0,39,37,0,0,37,37,27109,2,0,0,2,0
2020-06-04,US,North Carolina,Avery,2,0,0,36.07569796,-81.92308483,37011.0,11.391467790624821,0.0,2,2,0,0,2,2,17505,0,0,0,0,0
2020-06-04,US,North Carolina,Beaufort,39,0,0,35.48531943,-76.84325809,37013.0,82.98931778524918,0.0,39,36,0,0,36,36,47079,3,0,0,3,0
2020-06-04,US,North Carolina,Bertie,127,4,0,36.0688473,-76.96545943,37015.0,670.290811210218,3.1496062992125986,123,126,4,0,122,125,19026,1,0,0,1,1
2020-06-04,US,North Carolina,Bladen,132,2,0,34.61296243,-78.56180059,37017.0,403.3983252857405,1.5151515151515151,130,106,2,0,104,105,33190,26,0,0,26,1
2020-06-04,US,North Carolina,Brunswick,115,3,0,34.070565,-78.22814204,37019.0,80.52093544321524,2.608695652173913,112,110,3,0,107,95,136744,5,0,0,5,15
2020-06-04,US,North Carolina,Buncombe,374,30,0,35.61113393,-82.53305,37021.0,143.1902324352677,8.021390374331549,344,361,30,0,331,354,259103,13,0,0,13,7
2020-06-04,US,North Carolina,Burke,497,16,0,35.74989637,-81.70755735,37023.0,549.2623086699452,3.2193158953722336,481,477,16,0,461,439,90382,20,0,0,20,38
2020-06-04,US,North Carolina,Cabarrus,530,23,0,35.3877799,-80.55267168,37025.0,244.85685114089432,4.339622641509433,507,511,22,0,489,508,211342,19,1,0,18,3
2020-06-04,US,North Carolina,Caldwell,173,3,0,35.95204977,-81.54799522,37027.0,210.51863029034538,1.7341040462427746,170,161,3,0,158,157,82029,12,0,0,12,4
2020-06-04,US,North Carolina,Camden,3,0,0,36.33804939,-76.15568396,37029.0,27.606515137572465,0.0,3,3,0,0,3,3,10710,0,0,0,0,0
2020-06-04,US,North Carolina,Carteret,39,3,0,34.8932941,-76.54120135,37031.0,56.13691649993522,7.6923076923076925,36,37,9,0,28,37,69524,2,-6,0,8,0
2020-06-04,US,North Carolina,Caswell,94,1,0,36.39312665,-79.33353281,37033.0,415.8556007786232,1.0638297872340423,93,94,1,0,93,93,22698,0,0,0,0,1
2020-06-04,US,North Carolina,Catawba,258,9,0,35.66211129,-81.2132617,37035.0,161.70378123609382,3.4883720930232562,249,255,9,0,246,234,158652,3,0,0,3,21
2020-06-04,US,North Carolina,Chatham,677,27,0,35.70394416,-79.25541492,37037.0,909.0909090909092,3.988183161004432,650,660,27,0,633,638,73139,17,0,0,17,22
2020-06-04,US,North Carolina,Cherokee,30,1,0,35.1349263,-84.05970864,37039.0,104.85111142178108,3.333333333333333,29,30,1,0,29,30,28383,0,0,0,0,0
2020-06-04,US,North Carolina,Chowan,17,0,0,36.12908077,-76.60118385,37041.0,121.92498027684142,0.0,17,17,0,0,17,17,14029,0,0,0,0,0
2020-06-04,US,North Carolina,Clay,8,0,0,35.05704275,-83.74353633,37043.0,71.23141305315643,0.0,8,8,0,0,8,8,11139,0,0,0,0,0
2020-06-04,US,North Carolina,Cleveland,109,2,0,35.33553364,-81.55204486,37045.0,111.28467436470743,1.834862385321101,107,109,2,0,107,99,97645,0,0,0,0,10
2020-06-04,US,North Carolina,Columbus,349,27,0,34.26744084,-78.65801424,37047.0,628.7381998991136,7.736389684813753,322,349,27,0,322,338,55655,0,0,0,0,11
2020-06-04,US,North Carolina,Craven,216,5,0,35.11833364,-77.08398081,37049.0,211.47651729505867,2.314814814814815,211,210,5,0,205,210,102912,6,0,0,6,0
2020-06-04,US,North Carolina,Cumberland,733,25,0,35.04762133,-78.82623165,37051.0,218.4740200709966,3.4106412005457027,708,721,25,0,696,712,332330,12,0,0,12,9
2020-06-04,US,North Carolina,Currituck,15,0,0,36.36123664,-75.95876401,37053.0,54.028743291431034,0.0,15,14,0,0,14,14,27072,1,0,0,1,0
2020-06-04,US,North Carolina,Dare,22,1,0,35.66520691,-75.71767334,37055.0,59.44499986489773,4.545454545454546,21,22,3,0,19,22,36501,0,-2,0,2,0
2020-06-04,US,North Carolina,Davidson,477,13,0,35.79115496,-80.21256572,37057.0,284.59092292180014,2.7253668763102725,464,446,13,0,433,434,166614,31,0,0,31,12
2020-06-04,US,North Carolina,Davie,107,2,0,35.93099927,-80.54496571,37059.0,249.73159688185598,1.8691588785046729,105,105,2,0,103,105,42733,2,0,0,2,0
2020-06-04,US,North Carolina,Duplin,915,20,0,34.93449805,-77.93140529,37061.0,1557.6854326620248,2.1857923497267757,895,890,20,0,870,870,58856,25,0,0,25,20
2020-06-04,US,North Carolina,Durham,1830,49,0,36.03638492,-78.87608331,37063.0,569.2280893843628,2.6775956284153004,1781,1828,49,0,1779,1706,316739,2,0,0,2,122
2020-06-04,US,North Carolina,Edgecombe,214,9,0,35.91230639,-77.59436892,37065.0,415.76002486788923,4.205607476635514,205,210,9,0,201,208,52005,4,0,0,4,2
2020-06-04,US,North Carolina,Forsyth,1560,17,0,36.12859861,-80.25459052,37067.0,408.0618370630011,1.0897435897435896,1543,1517,14,0,1503,1441,379099,43,3,0,40,76
2020-06-04,US,North Carolina,Franklin,169,22,0,36.081519,-78.28708884,37069.0,242.51991102819832,13.017751479289943,147,167,22,0,145,162,67560,2,0,0,2,5
2020-06-04,US,North Carolina,Gaston,301,8,0,35.29373559,-81.17477045,37071.0,134.0584067091556,2.6578073089701,293,297,7,0,290,288,222846,4,1,0,3,9
2020-06-04,US,North Carolina,Gates,24,1,0,36.44667547,-76.69749701,37073.0,207.57654385054488,4.166666666666667,23,24,1,0,23,24,11573,0,0,0,0,0
2020-06-04,US,North Carolina,Graham,2,0,0,35.3506925,-83.83369267,37075.0,23.693875133278052,0.0,2,2,0,0,2,2,8484,0,0,0,0,0
2020-06-04,US,North Carolina,Granville,324,12,0,36.30337451,-78.65184241,37077.0,536.0422215972072,3.703703703703704,312,324,11,0,313,312,60115,0,1,0,-1,12
2020-06-04,US,North Carolina,Greene,84,2,0,35.48544173,-77.67578087,37079.0,398.690018510608,2.380952380952381,82,81,2,0,79,81,21012,3,0,0,3,0
2020-06-04,US,North Carolina,Guilford,1445,71,0,36.07959451,-79.78824948,37081.0,269.0003611492738,4.913494809688581,1374,1415,71,0,1344,1318,533670,30,0,0,30,97
2020-06-04,US,North Carolina,Halifax,197,1,0,36.25669272,-77.6556109,37083.0,393.92121575684877,0.5076142131979695,196,197,1,0,196,183,50574,0,0,0,0,14
2020-06-04,US,North Carolina,Harnett,309,28,0,35.36731853,-78.87243571,37085.0,227.2459845855151,9.06148867313916,281,306,28,0,278,297,134214,3,0,0,3,9
2020-06-04,US,North Carolina,Haywood,55,0,0,35.55269063,-82.98196486,37087.0,88.25842065567984,0.0,55,53,0,0,53,49,61971,2,0,0,2,4
2020-06-04,US,North Carolina,Henderson,354,47,0,35.33788927,-82.4766782,37089.0,301.4895628401339,13.276836158192092,307,352,47,0,305,352,116748,2,0,0,2,0
2020-06-04,US,North Carolina,Hertford,132,3,0,36.3607755,-76.98104134,37091.0,557.5030620433332,2.272727272727273,129,132,3,0,129,128,23659,0,0,0,0,4
2020-06-04,US,North Carolina,Hoke,259,1,0,35.01888303,-79.23651674,37093.0,468.9140746641562,0.3861003861003861,258,255,1,0,254,248,54764,4,0,0,4,7
2020-06-04,US,North Carolina,Hyde,1,0,0,35.42017674,-76.15180542,37095.0,20.2552157180474,0.0,1,1,0,0,1,1,5230,0,0,0,0,0
2020-06-04,US,North Carolina,Iredell,289,6,0,35.80950511,-80.8743128,37097.0,158.96065036357436,2.0761245674740483,283,280,6,0,274,273,178435,9,0,0,9,7
2020-06-04,US,North Carolina,Jackson,38,1,0,35.28814273,-83.14093385,37099.0,86.48550229869362,2.631578947368421,37,38,1,0,37,34,43327,0,0,0,0,4
2020-06-04,US,North Carolina,Johnston,519,23,0,35.51745004,-78.36622717,37101.0,247.92322500824025,4.431599229287091,496,513,23,0,490,471,202675,6,0,0,6,42
2020-06-04,US,North Carolina,Jones,28,3,0,35.02254606,-77.35870791,37103.0,297.271472555473,10.714285714285714,25,28,3,0,25,28,9637,0,0,0,0,0
2020-06-04,US,North Carolina,Lee,490,4,0,35.47623147,-79.17569362,37105.0,793.1497758137879,0.8163265306122449,486,486,4,0,482,466,61452,4,0,0,4,20
2020-06-04,US,North Carolina,Lenoir,222,7,0,35.24032589999999,-77.64245615,37107.0,396.7899336896102,3.1531531531531534,215,222,7,0,215,217,55976,0,0,0,0,5
2020-06-04,US,North Carolina,Lincoln,87,0,0,35.48508185,-81.21740317,37109.0,101.0323884288883,0.0,87,78,0,0,78,72,83770,9,0,0,9,6
2020-06-04,US,North Carolina,Macon,98,1,0,35.14867843,-83.41696617,37113.0,273.30023983490435,1.020408163265306,97,89,1,0,88,89,35285,9,0,0,9,0
2020-06-04,US,North Carolina,Madison,4,0,0,35.85402722,-82.71346418,37115.0,18.38657779820731,0.0,4,4,0,0,4,4,21763,0,0,0,0,0
2020-06-04,US,North Carolina,Martin,74,4,0,35.84326734,-77.10860251,37117.0,329.7682709447415,5.405405405405406,70,74,4,0,70,73,22671,0,0,0,0,1
2020-06-04,US,North Carolina,McDowell,82,1,0,35.67736232,-82.0482425,37111.0,179.21146953405014,1.2195121951219512,81,82,1,0,81,82,45507,0,0,0,0,0
2020-06-04,US,North Carolina,Mecklenburg,4842,102,0,35.24469268,-80.8317671,37119.0,436.076357492552,2.106567534076828,4740,4670,97,0,4573,4519,1093901,172,5,0,167,151
2020-06-04,US,North Carolina,Mitchell,16,0,0,36.01059309,-82.1582442,37121.0,106.92328254477412,0.0,16,15,0,0,15,15,15000,1,0,0,1,0
2020-06-04,US,North Carolina,Montgomery,162,5,0,35.33155144,-79.90416657,37123.0,596.1800316490634,3.08641975308642,157,162,5,0,157,132,27271,0,0,0,0,30
2020-06-04,US,North Carolina,Moore,241,11,0,35.30885257,-79.48474178,37125.0,238.89770023790646,4.564315352697094,230,235,10,0,225,224,98682,6,1,0,5,11
2020-06-04,US,North Carolina,Nash,218,4,0,35.96575634,-77.98422508,37127.0,231.1819974972958,1.834862385321101,214,213,4,0,209,210,94016,5,0,0,5,3
2020-06-04,US,North Carolina,New Hanover,225,5,0,34.25758282,-77.87075626,37129.0,95.95987597719142,2.2222222222222223,220,225,5,0,220,208,232274,0,0,0,0,17
2020-06-04,US,North Carolina,Northampton,165,14,0,36.41736238,-77.39769443,37131.0,846.8921623979879,8.484848484848484,151,165,14,0,151,156,19676,0,0,0,0,9
2020-06-04,US,North Carolina,Onslow,117,2,0,34.72607366,-77.42908179,37133.0,59.10941810061737,1.709401709401709,115,114,2,0,112,112,197683,3,0,0,3,2
2020-06-04,US,North Carolina,Orange,370,40,0,36.06092947,-79.12167935,37135.0,249.19852366712465,10.810810810810812,330,364,40,0,324,360,146027,6,0,0,6,4
2020-06-04,US,North Carolina,Pamlico,10,0,0,35.15253315,-76.66559823,37137.0,78.57928650007858,0.0,10,10,0,0,10,10,12670,0,0,0,0,0
2020-06-04,US,North Carolina,Pasquotank,115,13,0,36.26723798,-76.25134778,37139.0,288.770590598634,11.304347826086955,102,112,13,0,99,110,39639,3,0,0,3,2
2020-06-04,US,North Carolina,Pender,93,1,0,34.52265624,-77.90352133,37141.0,147.47859181731684,1.075268817204301,92,93,1,0,92,83,62162,0,0,0,0,10
2020-06-04,US,North Carolina,Perquimans,25,2,0,36.17847453,-76.40603143,37143.0,185.69412463789646,8.0,23,25,2,0,23,25,13422,0,0,0,0,0
2020-06-04,US,North Carolina,Person,55,1,0,36.38989032,-78.97217358,37145.0,139.27576601671308,1.818181818181818,54,54,1,0,53,50,39507,1,0,0,1,4
2020-06-04,US,North Carolina,Pitt,326,2,0,35.59535426,-77.37353178,37147.0,180.36759579953747,0.6134969325153374,324,321,2,0,319,316,179914,5,0,0,5,5
2020-06-04,US,North Carolina,Polk,43,4,0,35.27820615,-82.16812354,37149.0,207.4889017564177,9.30232558139535,39,39,4,0,35,37,20611,4,0,0,4,2
2020-06-04,US,North Carolina,Randolph,730,14,0,35.71015088,-79.80570339,37151.0,508.1194707204856,1.9178082191780816,716,728,14,0,714,678,143351,2,0,0,2,50
2020-06-04,US,North Carolina,Richmond,171,3,0,35.00417719,-79.74491009,37153.0,381.44950813089736,1.7543859649122806,168,170,3,0,167,165,44887,1,0,0,1,5
2020-06-04,US,North Carolina,Robeson,905,26,0,34.64244496,-79.10250529999998,37155.0,692.8229665071772,2.8729281767955803,879,885,26,0,859,824,131831,20,0,0,20,61
2020-06-04,US,North Carolina,Rockingham,103,2,0,36.39593137,-79.77504841,37157.0,113.1743764421492,1.9417475728155342,101,102,2,0,100,100,90690,1,0,0,1,2
2020-06-04,US,North Carolina,Rowan,707,38,0,35.64003916,-80.52446628,37159.0,497.57896514835886,5.374823196605375,669,688,38,0,650,675,141262,19,0,0,19,13
2020-06-04,US,North Carolina,Rutherford,188,7,0,35.40114178,-81.92112099,37161.0,280.4756150322994,3.723404255319149,181,186,7,0,179,186,66826,2,0,0,2,0
2020-06-04,US,North Carolina,Sampson,531,4,0,34.98820368,-78.36914061,37163.0,835.8124380223828,0.7532956685499058,527,510,4,0,506,499,63626,21,0,0,21,11
2020-06-04,US,North Carolina,Scotland,89,0,0,34.8386299,-79.4757978,37165.0,255.5782098038653,0.0,89,87,0,0,87,86,34810,2,0,0,2,1
2020-06-04,US,North Carolina,Stanly,96,4,0,35.31647813,-80.25093221,37167.0,152.85163837849888,4.166666666666667,92,92,4,0,88,86,62075,4,0,0,4,6
2020-06-04,US,North Carolina,Stokes,79,0,0,36.4017975,-80.23893369,37169.0,173.27981399837688,0.0,79,75,0,0,75,69,45467,4,0,0,4,6
2020-06-04,US,North Carolina,Surry,251,2,0,36.41689489,-80.69102283,37171.0,349.6649624562919,0.796812749003984,249,231,2,0,229,224,71948,20,0,0,20,7
2020-06-04,US,North Carolina,Swain,21,0,0,35.48665845,-83.48748932,37173.0,147.1515661130965,0.0,21,21,0,0,21,13,14245,0,0,0,0,8
2020-06-04,US,North Carolina,Transylvania,15,1,0,35.20383864,-82.79638423,37175.0,43.62367311327614,6.666666666666668,14,15,0,0,15,14,34215,0,1,0,-1,1
2020-06-04,US,North Carolina,Tyrrell,4,0,0,35.87147226,-76.17055253,37177.0,99.60159362549801,0.0,4,4,0,0,4,4,4131,0,0,0,0,0
2020-06-04,US,North Carolina,Union,533,21,0,34.98960527,-80.52955873,37179.0,222.21388399017758,3.9399624765478425,512,506,21,0,485,466,235908,27,0,0,27,40
2020-06-04,US,North Carolina,Vance,344,25,0,36.36880673,-78.40670845,37181.0,772.4261816548782,7.267441860465117,319,337,23,0,314,323,44582,7,2,0,5,14
2020-06-04,US,North Carolina,Wake,1977,40,0,35.78879266,-78.65249174,37183.0,177.8259895786954,2.0232675771370765,1937,1901,40,0,1861,1841,1092305,76,0,0,76,60
2020-06-04,US,North Carolina,Warren,72,2,0,36.39728256,-78.10652228,37185.0,364.9080127717804,2.7777777777777777,70,70,2,0,68,64,19807,2,0,0,2,6
2020-06-04,US,North Carolina,Washington,32,3,0,35.83810081,-76.57299037,37187.0,276.33851468048357,9.375,29,32,3,0,29,30,11859,0,0,0,0,2
2020-06-04,US,North Carolina,Watauga,35,0,0,36.23103603,-81.70033724,37189.0,62.30307777204194,0.0,35,31,0,0,31,27,55945,4,0,0,4,4
2020-06-04,US,North Carolina,Wayne,1212,20,0,35.36438125,-78.00027268,37191.0,984.3175154916307,1.6501650165016502,1192,1188,20,0,1168,1179,123248,24,0,0,24,9
2020-06-04,US,North Carolina,Wilkes,502,6,0,36.2084135,-81.16232895,37193.0,733.7893936736245,1.195219123505976,496,500,6,0,494,500,68557,2,0,0,2,0
2020-06-04,US,North Carolina,Wilson,403,11,0,35.70625477,-77.917978,37195.0,492.6590139484848,2.729528535980149,392,384,11,0,373,363,81455,19,0,0,19,21
2020-06-04,US,North Carolina,Yadkin,203,3,0,36.16222629,-80.66239436,37197.0,538.9332837762498,1.477832512315271,200,203,3,0,200,181,37543,0,0,0,0,22
2020-06-04,US,North Carolina,Yancey,18,0,0,35.90079156,-82.31237181,37199.0,99.61813049975096,0.0,18,18,0,0,18,15,17903,0,0,0,0,3
2020-06-04,US,North Dakota,Barnes,6,0,0,46.93579637,-98.06605978,38003.0,57.60921747479597,0.0,6,5,0,0,5,5,10542,1,0,0,1,0
2020-06-04,US,North Dakota,Benson,1,0,0,48.0683985,-99.35916363,38005.0,14.637002341920375,0.0,1,1,0,0,1,1,6962,0,0,0,0,0
2020-06-04,US,North Dakota,Bottineau,3,0,0,48.79106111,-100.8378166,38009.0,47.75549188156638,0.0,3,2,0,0,2,2,6411,1,0,0,1,0
2020-06-04,US,North Dakota,Bowman,1,0,0,46.11285362,-103.5203343,38011.0,33.06878306878307,0.0,1,1,0,0,1,1,3076,0,0,0,0,0
2020-06-04,US,North Dakota,Burke,5,0,0,48.79094471,-102.51821170000001,38013.0,236.40661938534282,0.0,5,5,0,0,5,5,2100,0,0,0,0,0
2020-06-04,US,North Dakota,Burleigh,134,0,0,46.97847375,-100.46452140000001,38015.0,140.12925355028966,0.0,134,132,0,0,132,130,95273,2,0,0,2,2
2020-06-04,US,North Dakota,Cass,1803,55,0,46.93201724,-97.24447190000001,38017.0,991.078643162217,3.0504714364947314,1748,1783,55,0,1728,1762,181516,20,0,0,20,21
2020-06-04,US,North Dakota,Dickey,1,0,0,46.11017712,-98.50490079999999,38021.0,20.52545155993432,0.0,1,1,0,0,1,1,4903,0,0,0,0,0
2020-06-04,US,North Dakota,Divide,1,0,0,48.814938700000006,-103.48736109999999,38023.0,44.16961130742049,0.0,1,1,0,0,1,1,2283,0,0,0,0,0
2020-06-04,US,North Dakota,Dunn,11,0,0,47.35423935,-102.61604679999999,38025.0,248.64376130198917,0.0,11,11,0,0,11,11,4332,0,0,0,0,0
2020-06-04,US,North Dakota,Eddy,4,0,0,47.71701474,-98.90432337,38027.0,174.90161783996498,0.0,4,4,0,0,4,4,2313,0,0,0,0,0
2020-06-04,US,North Dakota,Emmons,4,1,0,46.28398398,-100.2389766,38029.0,123.41869793273679,25.0,3,4,1,0,3,4,3295,0,0,0,0,0
2020-06-04,US,North Dakota,Foster,1,0,0,47.457108399999996,-98.88279923,38031.0,31.152647975077887,0.0,1,1,0,0,1,1,3216,0,0,0,0,0
2020-06-04,US,North Dakota,Grand Forks,336,3,0,47.92093639,-97.45450447,38035.0,483.79432981526537,0.8928571428571429,333,336,3,0,333,335,70770,0,0,0,0,1
2020-06-04,US,North Dakota,Grant,2,0,0,46.35821257,-101.63900129999999,38037.0,87.95074758135445,0.0,2,2,0,0,2,2,2374,0,0,0,0,0
2020-06-04,US,North Dakota,Griggs,1,0,0,47.45785838,-98.23850925,38039.0,44.822949350067226,0.0,1,1,0,0,1,1,2232,0,0,0,0,0
2020-06-04,US,North Dakota,McHenry,2,1,0,48.23104458,-100.6324822,38049.0,34.81288076588338,50.0,1,2,1,0,1,2,5816,0,0,0,0,0
2020-06-04,US,North Dakota,McIntosh,1,0,0,46.11182017,-99.44145858,38051.0,40.04805766920305,0.0,1,1,0,0,1,1,2585,0,0,0,0,0
2020-06-04,US,North Dakota,McKenzie,17,0,0,47.74133370000001,-103.395905,38053.0,113.15228966986156,0.0,17,17,0,0,17,17,13632,0,0,0,0,0
2020-06-04,US,North Dakota,McLean,7,0,0,47.60766714,-101.3182418,38055.0,74.07407407407408,0.0,7,7,0,0,7,7,9541,0,0,0,0,0
2020-06-04,US,North Dakota,Mercer,5,0,0,47.31213126,-101.8318399,38057.0,61.072431904238435,0.0,5,5,0,0,5,5,8267,0,0,0,0,0
2020-06-04,US,North Dakota,Morton,60,2,0,46.71681782,-101.2822377,38059.0,191.3021298303788,3.333333333333333,58,60,2,0,58,60,31095,0,0,0,0,0
2020-06-04,US,North Dakota,Mountrail,42,0,0,48.20197971,-102.3555315,38061.0,398.29302987197724,0.0,42,41,0,0,41,41,10218,1,0,0,1,0
2020-06-04,US,North Dakota,Nelson,1,0,0,47.9226426,-98.19038437,38063.0,34.734282737061484,0.0,1,1,0,0,1,1,2869,0,0,0,0,0
2020-06-04,US,North Dakota,Oliver,1,0,0,47.11530482,-101.3406158,38065.0,51.046452271567134,0.0,1,1,0,0,1,1,1952,0,0,0,0,0
2020-06-04,US,North Dakota,Pembina,6,0,0,48.76623521,-97.5523809,38067.0,88.2223202470225,0.0,6,6,0,0,6,6,6947,0,0,0,0,0
2020-06-04,US,North Dakota,Pierce,3,0,0,48.24977025,-99.96407787,38069.0,75.47169811320755,0.0,3,3,0,0,3,3,4081,0,0,0,0,0
2020-06-04,US,North Dakota,Ramsey,8,1,0,48.26886249,-98.72223879,38071.0,69.4504731313482,12.5,7,8,1,0,7,8,11481,0,0,0,0,0
2020-06-04,US,North Dakota,Ransom,11,0,0,46.45621782,-97.65742504,38073.0,210.80873898045232,0.0,11,11,0,0,11,9,5237,0,0,0,0,2
2020-06-04,US,North Dakota,Renville,3,0,0,48.71982533,-101.6603912,38075.0,128.92135797163732,0.0,3,3,0,0,3,3,2374,0,0,0,0,0
2020-06-04,US,North Dakota,Richland,23,0,0,46.26440649,-96.94852979,38077.0,142.17716511096,0.0,23,22,0,0,22,22,16239,1,0,0,1,0
2020-06-04,US,North Dakota,Rolette,6,0,0,48.77245354,-99.84097493,38079.0,42.32505643340858,0.0,6,6,0,0,6,6,14301,0,0,0,0,0
2020-06-04,US,North Dakota,Sargent,4,0,0,46.10830372,-97.63217159,38081.0,102.6167265264238,0.0,4,3,0,0,3,3,3870,1,0,0,1,0
2020-06-04,US,North Dakota,Sioux,1,0,0,46.11323337,-101.04401490000001,38085.0,23.64066193853428,0.0,1,1,0,0,1,1,4358,0,0,0,0,0
2020-06-04,US,North Dakota,Slope,3,0,0,46.44737738,-103.4601547,38087.0,400.0,0.0,3,3,0,0,3,3,763,0,0,0,0,0
2020-06-04,US,North Dakota,Stark,62,2,0,46.80851182,-102.65763259999999,38089.0,196.89415351392552,3.2258064516129035,60,62,2,0,60,62,30997,0,0,0,0,0
2020-06-04,US,North Dakota,Steele,1,0,0,47.45611548,-97.72728747,38091.0,52.91005291005291,0.0,1,1,0,0,1,1,1903,0,0,0,0,0
2020-06-04,US,North Dakota,Stutsman,29,0,0,46.97962541,-98.95637318,38093.0,140.0695517774343,0.0,29,29,0,0,29,24,20917,0,0,0,0,5
2020-06-04,US,North Dakota,Traill,14,0,0,47.45367788,-97.16323288,38097.0,174.21602787456445,0.0,14,14,0,0,14,14,8037,0,0,0,0,0
2020-06-04,US,North Dakota,Walsh,15,0,0,48.36876964,-97.72574783,38099.0,140.96419509444598,0.0,15,15,0,0,15,14,10667,0,0,0,0,1
2020-06-04,US,North Dakota,Ward,39,1,0,48.22390169,-101.54367629999999,38101.0,57.657338005056104,2.5641025641025643,38,39,1,0,38,38,67744,0,0,0,0,1
2020-06-04,US,North Dakota,Wells,3,0,0,47.58614526,-99.65904998,38103.0,78.24726134585289,0.0,3,3,0,0,3,3,3957,0,0,0,0,0
2020-06-04,US,North Dakota,Williams,25,0,0,48.34522353,-103.4793387,38105.0,66.5088190694086,0.0,25,25,0,0,25,25,35350,0,0,0,0,0
2020-06-04,US,Ohio,Adams,11,1,0,38.84541072,-83.4718964,39001.0,39.714058776806986,9.090909090909092,10,10,1,0,9,10,27724,1,0,0,1,0
2020-06-04,US,Ohio,Allen,219,33,0,40.77285242,-84.10802343,39003.0,213.96957528504848,15.068493150684931,186,214,33,0,181,212,102663,5,0,0,5,2
2020-06-04,US,Ohio,Ashland,21,0,0,40.84772277,-82.27280781,39005.0,39.26407897689028,0.0,21,21,0,0,21,20,53745,0,0,0,0,1
2020-06-04,US,Ohio,Ashtabula,347,38,0,41.70860332,-80.74830218,39007.0,356.84536358120545,10.95100864553314,309,345,37,0,308,340,97493,2,1,0,1,5
2020-06-04,US,Ohio,Athens,18,1,0,39.33425634,-82.04278644,39009.0,27.5536914292712,5.5555555555555545,17,18,1,0,17,18,65818,0,0,0,0,0
2020-06-04,US,Ohio,Auglaize,77,3,0,40.55998859,-84.22421429999999,39011.0,168.6525319782723,3.8961038961038965,74,76,3,0,73,75,45804,1,0,0,1,1
2020-06-04,US,Ohio,Belmont,447,15,0,40.01625942,-80.9924051,39013.0,667.1044384085008,3.355704697986577,432,439,14,0,425,438,67505,8,1,0,7,1
2020-06-04,US,Ohio,Brown,30,1,0,38.93416837,-83.86788395,39015.0,69.07349419782649,3.333333333333333,29,30,1,0,29,28,43602,0,0,0,0,2
2020-06-04,US,Ohio,Butler,948,32,0,39.44012838,-84.57388716,39017.0,247.43301299284326,3.3755274261603376,916,933,33,0,900,919,382378,15,-1,0,16,14
2020-06-04,US,Ohio,Carroll,34,3,0,40.578968599999996,-81.09178213,39019.0,126.32830497139037,8.823529411764708,31,31,3,0,28,31,27081,3,0,0,3,0
2020-06-04,US,Ohio,Champaign,28,1,0,40.13923427,-83.76875242,39021.0,72.007200720072,3.571428571428572,27,28,1,0,27,28,38754,0,0,0,0,0
2020-06-04,US,Ohio,Clark,313,7,0,39.91592258,-83.78498252,39023.0,233.4374976693541,2.236421725239617,306,306,7,0,299,298,134585,7,0,0,7,8
2020-06-04,US,Ohio,Clermont,218,5,0,39.04847534,-84.15375786,39025.0,105.60582866665376,2.2935779816513757,213,216,5,0,211,215,205466,2,0,0,2,1
2020-06-04,US,Ohio,Clinton,45,1,0,39.41485808,-83.80852286,39027.0,107.22455203964924,2.2222222222222223,44,45,1,0,44,43,42057,0,0,0,0,2
2020-06-04,US,Ohio,Columbiana,891,52,0,40.76932373,-80.78094576,39029.0,874.5325520449927,5.836139169472503,839,889,52,0,837,881,102665,2,0,0,2,8
2020-06-04,US,Ohio,Coshocton,45,0,0,40.30096166,-81.91729018,39031.0,122.95081967213116,0.0,45,40,0,0,40,41,36629,5,0,0,5,-1
2020-06-04,US,Ohio,Crawford,118,4,0,40.85065156,-82.91989099,39033.0,284.3784643562924,3.3898305084745757,114,117,4,0,113,116,41550,1,0,0,1,1
2020-06-04,US,Ohio,Cuyahoga,4732,259,0,41.424119,-81.65918339,39035.0,383.13555808892113,5.4733727810650885,4473,4669,247,0,4422,4581,1243857,63,12,0,51,88
2020-06-04,US,Ohio,Darke,189,23,0,40.13412966,-84.6194517,39037.0,369.7689433216598,12.16931216931217,166,184,23,0,161,181,51323,5,0,0,5,3
2020-06-04,US,Ohio,Defiance,34,2,0,41.32398837,-84.49076944,39039.0,89.26930448709534,5.882352941176472,32,34,2,0,32,34,38165,0,0,0,0,0
2020-06-04,US,Ohio,Delaware,355,14,0,40.27942393,-83.00457058,39041.0,169.71273132323344,3.943661971830986,341,344,14,0,330,340,204826,11,0,0,11,4
2020-06-04,US,Ohio,Erie,185,16,0,41.36796058,-82.62904521,39043.0,249.1045700589772,8.648648648648651,169,182,16,0,166,178,74615,3,0,0,3,4
2020-06-04,US,Ohio,Fairfield,314,8,0,39.75107189,-82.63088163,39045.0,199.271453412365,2.5477707006369426,306,310,8,0,302,301,155782,4,0,0,4,9
2020-06-04,US,Ohio,Fayette,41,0,0,39.56021306,-83.4562016,39047.0,143.73356704645047,0.0,41,40,0,0,40,40,28666,1,0,0,1,0
2020-06-04,US,Ohio,Franklin,6216,293,0,39.96995815,-83.01115755,39049.0,472.0692368214005,4.7136422136422125,5923,6112,290,0,5822,5996,1310300,104,3,0,101,116
2020-06-04,US,Ohio,Fulton,45,0,0,41.60213491,-84.12571393,39051.0,106.82238997293831,0.0,45,45,0,0,45,44,42276,0,0,0,0,1
2020-06-04,US,Ohio,Gallia,8,1,0,38.82708533,-82.31647569,39053.0,26.757642651682385,12.5,7,8,1,0,7,8,29979,0,0,0,0,0
2020-06-04,US,Ohio,Geauga,300,34,0,41.49952319,-81.17935342,39055.0,320.34511847430304,11.333333333333336,266,295,33,0,262,292,94031,5,1,0,4,3
2020-06-04,US,Ohio,Greene,105,5,0,39.69116283,-83.89032084,39057.0,62.15334710572579,4.761904761904762,100,102,5,0,97,102,167995,3,0,0,3,0
2020-06-04,US,Ohio,Guernsey,38,2,0,40.05026529,-81.49248905,39059.0,97.74919614147909,5.2631578947368425,36,36,2,0,34,36,39022,2,0,0,2,0
2020-06-04,US,Ohio,Hamilton,2767,167,0,39.19673558,-84.54502924,39061.0,338.4821272384532,6.0354174195880015,2600,2739,164,0,2575,2721,816684,28,3,0,25,18
2020-06-04,US,Ohio,Hancock,53,1,0,41.00250487,-83.66838948,39063.0,69.93652930076667,1.8867924528301887,52,51,1,0,50,51,75930,2,0,0,2,0
2020-06-04,US,Ohio,Hardin,71,0,0,40.66015414,-83.65929931,39065.0,226.36696955204846,0.0,71,64,0,0,64,61,31480,7,0,0,7,3
2020-06-04,US,Ohio,Harrison,10,0,0,40.29380509,-81.09068544,39067.0,66.48936170212765,0.0,10,10,0,0,10,10,15174,0,0,0,0,0
2020-06-04,US,Ohio,Henry,17,0,0,41.333964200000004,-84.06830637,39069.0,62.94897430200696,0.0,17,17,0,0,17,16,27086,0,0,0,0,1
2020-06-04,US,Ohio,Highland,26,1,0,39.1839264,-83.60331456,39071.0,60.239568128634644,3.8461538461538463,25,26,1,0,25,26,43058,0,0,0,0,0
2020-06-04,US,Ohio,Hocking,70,5,0,39.49537927,-82.47991446,39073.0,247.6648740447212,7.142857142857142,65,70,5,0,65,70,28385,0,0,0,0,0
2020-06-04,US,Ohio,Holmes,54,3,0,40.56163713,-81.92635677,39075.0,122.83894449499545,5.5555555555555545,51,46,3,0,43,45,43892,8,0,0,8,1
2020-06-04,US,Ohio,Huron,61,1,0,41.14651175,-82.59867951,39077.0,104.69227336697216,1.639344262295082,60,60,1,0,59,60,58504,1,0,0,1,0
2020-06-04,US,Ohio,Jackson,14,0,0,39.01914254,-82.61818559999998,39079.0,43.192546200598535,0.0,14,14,0,0,14,14,32384,0,0,0,0,0
2020-06-04,US,Ohio,Jefferson,67,2,0,40.38614126,-80.76259514,39081.0,102.56410256410255,2.985074626865672,65,67,2,0,65,66,65767,0,0,0,0,1
2020-06-04,US,Ohio,Knox,25,1,0,40.39830217,-82.42027563,39083.0,40.11424537081609,4.0,24,25,1,0,24,25,61893,0,0,0,0,0
2020-06-04,US,Ohio,Lake,320,12,0,41.69710807,-81.23676539,39085.0,139.04036080973628,3.75,308,318,12,0,306,309,230514,2,0,0,2,9
2020-06-04,US,Ohio,Lawrence,31,1,0,38.59743452,-82.53466552,39087.0,52.13325933773943,3.2258064516129035,30,30,0,0,30,30,59866,1,1,0,0,0
2020-06-04,US,Ohio,Licking,267,10,0,40.09136236,-82.48185785,39089.0,150.96515927672422,3.7453183520599245,257,265,10,0,255,258,175769,2,0,0,2,7
2020-06-04,US,Ohio,Logan,43,0,0,40.38996525,-83.76784341,39091.0,94.14958836924154,0.0,43,40,0,0,40,40,45358,3,0,0,3,0
2020-06-04,US,Ohio,Lorain,722,60,0,41.29553751,-82.15083537,39093.0,233.02876065493348,8.310249307479225,662,709,60,0,649,702,309461,13,0,0,13,7
2020-06-04,US,Ohio,Lucas,2313,263,0,41.62101218,-83.65468618,39095.0,539.9815103607348,11.37051448335495,2050,2296,256,0,2040,2282,429899,17,7,0,10,14
2020-06-04,US,Ohio,Madison,163,7,0,39.89381073,-83.40178317,39097.0,364.40052759830985,4.294478527607362,156,162,7,0,155,157,44413,1,0,0,1,5
2020-06-04,US,Ohio,Mahoning,1466,191,0,41.01631101,-80.77287029,39099.0,641.0620815714328,13.028649386084584,1275,1463,188,0,1275,1456,229642,3,3,0,0,7
2020-06-04,US,Ohio,Marion,2686,31,0,40.58610662,-83.15736305,39101.0,4126.403760773048,1.154132539091586,2655,2679,31,0,2648,2674,65256,7,0,0,7,5
2020-06-04,US,Ohio,Medina,376,25,0,41.11770589,-81.89986209999998,39103.0,209.18407085554057,6.648936170212767,351,366,23,0,343,356,179146,10,2,0,8,10
2020-06-04,US,Ohio,Meigs,6,0,0,39.09224872,-82.0305041,39105.0,26.192866809272275,0.0,6,6,0,0,6,6,23106,0,0,0,0,0
2020-06-04,US,Ohio,Mercer,223,8,0,40.54043046,-84.62912742,39107.0,541.6302341397065,3.5874439461883414,215,220,7,0,213,217,40959,3,1,0,2,3
2020-06-04,US,Ohio,Miami,366,30,0,40.0543329,-84.22871271,39109.0,342.0976380307888,8.196721311475411,336,362,30,0,332,361,106222,4,0,0,4,1
2020-06-04,US,Ohio,Monroe,80,15,0,39.72984936,-81.08464734,39111.0,585.9088911674235,18.75,65,79,14,0,65,79,13790,1,1,0,0,0
2020-06-04,US,Ohio,Montgomery,720,16,0,39.75394919,-84.29050975,39113.0,135.41801849584436,2.2222222222222223,704,695,16,0,679,688,532331,25,0,0,25,7
2020-06-04,US,Ohio,Morgan,5,0,0,39.62081738,-81.85308173,39115.0,34.46374414116349,0.0,5,5,0,0,5,5,14604,0,0,0,0,0
2020-06-04,US,Ohio,Morrow,108,1,0,40.52363560000001,-82.7892599,39117.0,305.70652173913044,0.925925925925926,107,107,1,0,106,107,35112,1,0,0,1,0
2020-06-04,US,Ohio,Muskingum,54,1,0,39.96575964,-81.94363275,39119.0,62.63411239343502,1.851851851851852,53,52,1,0,51,52,86183,2,0,0,2,0
2020-06-04,US,Ohio,Noble,6,0,0,39.76818851,-81.45937183,39121.0,41.59733777038269,0.0,6,6,0,0,6,6,14354,0,0,0,0,0
2020-06-04,US,Ohio,Ottawa,104,17,0,41.53781826,-83.0940185,39123.0,256.631708821715,16.346153846153847,87,102,17,0,85,103,40769,2,0,0,2,-1
2020-06-04,US,Ohio,Paulding,14,0,0,41.11676341,-84.5801017,39125.0,74.97857754927162,0.0,14,14,0,0,14,14,18760,0,0,0,0,0
2020-06-04,US,Ohio,Perry,19,1,0,39.73508655,-82.23804971,39127.0,52.5820556816295,5.2631578947368425,18,19,1,0,18,19,36033,0,0,0,0,0
2020-06-04,US,Ohio,Pickaway,2096,38,0,39.64170392,-83.0243386,39129.0,3585.541509143473,1.8129770992366407,2058,2095,37,0,2058,2092,58086,1,1,0,0,3
2020-06-04,US,Ohio,Pike,9,0,0,39.07634001,-83.06769584,39131.0,32.406740602045225,0.0,9,9,0,0,9,8,28067,0,0,0,0,1
2020-06-04,US,Ohio,Portage,333,57,0,41.16793482,-81.19735782,39133.0,204.96596210899514,17.117117117117118,276,332,57,0,275,329,162927,1,0,0,1,3
2020-06-04,US,Ohio,Preble,39,1,0,39.7420247,-84.64787018,39135.0,95.39650702020451,2.5641025641025643,38,39,1,0,38,39,40997,0,0,0,0,0
2020-06-04,US,Ohio,Putnam,95,14,0,41.02094889,-84.1336111,39137.0,280.5587549097782,14.73684210526316,81,95,14,0,81,93,33780,0,0,0,0,2
2020-06-04,US,Ohio,Richland,216,4,0,40.77180308,-82.53799609999999,39139.0,178.28548789144398,1.851851851851852,212,209,3,0,206,205,121099,7,1,0,6,4
2020-06-04,US,Ohio,Ross,73,2,0,39.33705391,-83.06000914,39141.0,95.21821928886337,2.7397260273972597,71,73,2,0,71,73,76931,0,0,0,0,0
2020-06-04,US,Ohio,Sandusky,85,12,0,41.35624126,-83.137872,39143.0,145.25445162172326,14.117647058823529,73,85,12,0,73,82,58799,0,0,0,0,3
2020-06-04,US,Ohio,Scioto,17,0,0,38.80270163,-82.98907345,39145.0,22.572164537801733,0.0,17,17,0,0,17,17,75502,0,0,0,0,0
2020-06-04,US,Ohio,Seneca,26,2,0,41.12351311,-83.12783209,39147.0,47.12022907680597,7.6923076923076925,24,24,2,0,22,21,55207,2,0,0,2,3
2020-06-04,US,Ohio,Shelby,46,3,0,40.33163494,-84.20258189,39149.0,94.66968512039514,6.521739130434782,43,46,3,0,43,43,48627,0,0,0,0,3
2020-06-04,US,Ohio,Stark,782,101,0,40.81482476,-81.36437305,39151.0,211.00575813667342,12.915601023017905,681,752,99,0,653,743,371574,30,2,0,28,9
2020-06-04,US,Ohio,Summit,1505,181,0,41.12464734,-81.53123079,39153.0,278.1818551495066,12.0265780730897,1324,1487,181,0,1306,1475,541918,18,0,0,18,12
2020-06-04,US,Ohio,Trumbull,594,51,0,41.31735028,-80.76109643,39155.0,300.03939911301484,8.585858585858588,543,584,51,0,533,584,198627,10,0,0,10,0
2020-06-04,US,Ohio,Tuscarawas,367,4,0,40.44214695,-81.47226262,39157.0,398.9694195918988,1.0899182561307903,363,360,4,0,356,352,92176,7,0,0,7,8
2020-06-04,US,Ohio,Union,55,1,0,40.30016061,-83.37239023,39159.0,93.23930290906624,1.818181818181818,54,55,1,0,54,52,57835,0,0,0,0,3
2020-06-04,US,Ohio,Van Wert,7,0,0,40.8554138,-84.59111700000003,39161.0,24.75685234305924,0.0,7,7,0,0,7,7,28281,0,0,0,0,0
2020-06-04,US,Ohio,Vinton,21,2,0,39.25208988,-82.4831444,39163.0,160.4891096675583,9.523809523809524,19,21,2,0,19,21,13139,0,0,0,0,0
2020-06-04,US,Ohio,Warren,398,21,0,39.42581994,-84.16557457,39165.0,169.64902259997783,5.276381909547738,377,390,21,0,369,383,232173,8,0,0,8,7
2020-06-04,US,Ohio,Washington,118,19,0,39.45690571,-81.49121382,39167.0,196.9588222530086,16.10169491525424,99,118,19,0,99,118,60155,0,0,0,0,0
2020-06-04,US,Ohio,Wayne,293,51,0,40.82925852,-81.88844833,39169.0,253.21925503413703,17.406143344709896,242,288,51,0,237,281,115967,5,0,0,5,7
2020-06-04,US,Ohio,Williams,56,1,0,41.56052014,-84.58429552,39171.0,152.6218249209637,1.7857142857142858,55,56,1,0,55,55,36804,0,0,0,0,1
2020-06-04,US,Ohio,Wood,304,49,0,41.36224827,-83.62285108,39173.0,232.38569910638526,16.118421052631582,255,303,48,0,255,300,130696,1,1,0,0,3
2020-06-04,US,Ohio,Wyandot,48,2,0,40.84339621,-83.30734173,39175.0,220.46665441851917,4.166666666666667,46,44,2,0,42,45,21935,4,0,0,4,-1
2020-06-04,US,Oklahoma,Adair,93,4,0,35.88494195,-94.65859267,40001.0,419.0321708569884,4.301075268817204,89,91,4,0,87,91,22082,2,0,0,2,0
2020-06-04,US,Oklahoma,Alfalfa,1,0,0,36.73090616,-98.32408495,40003.0,17.5377060680463,0.0,1,1,0,0,1,1,5754,0,0,0,0,0
2020-06-04,US,Oklahoma,Atoka,4,0,0,34.37366573,-96.03802487,40005.0,29.07399331298154,0.0,4,4,0,0,4,4,13838,0,0,0,0,0
2020-06-04,US,Oklahoma,Beaver,24,0,0,36.7496847,-100.4758872,40007.0,451.8922990020711,0.0,24,24,0,0,24,24,5319,0,0,0,0,0
2020-06-04,US,Oklahoma,Beckham,7,0,0,35.26862449,-99.68128023,40009.0,32.02342284642481,0.0,7,7,0,0,7,10,21709,0,0,0,0,-3
2020-06-04,US,Oklahoma,Blaine,8,0,0,35.87518314,-98.43307003,40011.0,84.84462827447238,0.0,8,8,0,0,8,7,9485,0,0,0,0,1
2020-06-04,US,Oklahoma,Bryan,33,1,0,33.96472458,-96.25903472,40013.0,68.7571622043963,3.0303030303030303,32,32,1,0,31,31,47192,1,0,0,1,1
2020-06-04,US,Oklahoma,Caddo,168,10,0,35.17364557,-98.37534464,40015.0,584.1040261456087,5.9523809523809526,158,167,10,0,157,164,28977,1,0,0,1,3
2020-06-04,US,Oklahoma,Canadian,137,3,0,35.5426055,-97.98465569,40017.0,92.37657276172241,2.18978102189781,134,133,3,0,130,133,144447,4,0,0,4,0
2020-06-04,US,Oklahoma,Carter,51,1,0,34.25103751,-97.28552485,40019.0,106.00486375257219,1.96078431372549,50,45,1,0,44,45,48177,6,0,0,6,0
2020-06-04,US,Oklahoma,Cherokee,31,1,0,35.90692775,-94.99980896,40021.0,63.71128511827692,3.2258064516129035,30,31,1,0,30,30,48675,0,0,0,0,1
2020-06-04,US,Oklahoma,Choctaw,90,1,0,34.02807439,-95.54771129,40023.0,613.413304252999,1.1111111111111112,89,87,1,0,86,76,14668,3,0,0,3,11
2020-06-04,US,Oklahoma,Cimarron,1,0,0,36.74817177,-102.5173885,40025.0,46.79457182966776,0.0,1,1,0,0,1,1,2153,0,0,0,0,0
2020-06-04,US,Oklahoma,Cleveland,514,37,0,35.20413532,-97.32519562,40027.0,180.9769940918405,7.198443579766537,477,511,37,0,474,506,281669,3,0,0,3,5
2020-06-04,US,Oklahoma,Coal,3,0,0,34.58840127,-96.29798747,40029.0,54.5950864422202,0.0,3,3,0,0,3,3,5520,0,0,0,0,0
2020-06-04,US,Oklahoma,Comanche,293,3,0,34.65973764,-98.47195055,40031.0,242.6521130609777,1.023890784982935,290,290,3,0,287,285,120422,3,0,0,3,5
2020-06-04,US,Oklahoma,Cotton,5,2,0,34.28845626,-98.37053567,40033.0,88.24567596187786,40.0,3,5,2,0,3,5,5776,0,0,0,0,0
2020-06-04,US,Oklahoma,Craig,15,0,0,36.76268118,-95.20916602,40035.0,106.06703436571915,0.0,15,15,0,0,15,15,14306,0,0,0,0,0
2020-06-04,US,Oklahoma,Creek,98,7,0,35.90230551,-96.37086028,40037.0,137.02077682391433,7.142857142857142,91,97,7,0,90,96,71604,1,0,0,1,1
2020-06-04,US,Oklahoma,Custer,31,0,0,35.63853802,-99.00170785,40039.0,106.88549460400648,0.0,31,30,0,0,30,26,29036,1,0,0,1,4
2020-06-04,US,Oklahoma,Delaware,100,16,0,36.40823634,-94.80325046,40041.0,232.50947476109653,16.0,84,100,16,0,84,100,42733,0,0,0,0,0
2020-06-04,US,Oklahoma,Dewey,3,0,0,35.98772922,-99.00730714,40043.0,61.33714986710285,0.0,3,3,0,0,3,3,4894,0,0,0,0,0
2020-06-04,US,Oklahoma,Garfield,28,1,0,36.3791334,-97.78265517,40047.0,45.8595387840671,3.571428571428572,27,27,1,0,26,27,60913,1,0,0,1,0
2020-06-04,US,Oklahoma,Garvin,18,1,0,34.70418038,-97.30811132,40049.0,64.95615459564793,5.5555555555555545,17,18,1,0,17,18,27811,0,0,0,0,0
2020-06-04,US,Oklahoma,Grady,104,3,0,35.0167709,-97.88339847,40051.0,186.26643263961031,2.8846153846153846,101,100,3,0,97,99,55551,4,0,0,4,1
2020-06-04,US,Oklahoma,Grant,2,0,0,36.796296999999996,-97.78638765,40053.0,46.15739672282484,0.0,2,2,0,0,2,2,4326,0,0,0,0,0
2020-06-04,US,Oklahoma,Greer,66,7,0,34.93535801,-99.56056120000001,40055.0,1155.4621848739494,10.606060606060606,59,66,7,0,59,66,5821,0,0,0,0,0
2020-06-04,US,Oklahoma,Harper,1,0,0,36.78836519,-99.6679804,40059.0,27.11496746203905,0.0,1,1,0,0,1,1,3797,0,0,0,0,0
2020-06-04,US,Oklahoma,Haskell,6,0,0,35.22257600000001,-95.11513306,40061.0,47.517224994060356,0.0,6,6,0,0,6,6,12668,0,0,0,0,0
2020-06-04,US,Oklahoma,Hughes,3,0,0,35.04912569,-96.24921145,40063.0,22.59206265532043,0.0,3,3,0,0,3,3,13335,0,0,0,0,0
2020-06-04,US,Oklahoma,Jackson,27,3,0,34.58781741,-99.41138784,40065.0,110.069302894415,11.111111111111109,24,27,3,0,24,27,24949,0,0,0,0,0
2020-06-04,US,Oklahoma,Jefferson,4,0,0,34.11130184,-97.83182974,40067.0,66.64445184938353,0.0,4,4,0,0,4,4,6123,0,0,0,0,0
2020-06-04,US,Oklahoma,Johnston,3,0,0,34.31440473,-96.66011537,40069.0,27.063599458728014,0.0,3,3,0,0,3,3,10949,0,0,0,0,0
2020-06-04,US,Oklahoma,Kay,57,7,0,36.81799745,-97.14421435,40071.0,130.92011576094447,12.280701754385964,50,57,7,0,50,56,44161,0,0,0,0,1
2020-06-04,US,Oklahoma,Kingfisher,12,0,0,35.94530008,-97.94193268,40073.0,76.11798287345384,0.0,12,11,0,0,11,11,15816,1,0,0,1,0
2020-06-04,US,Oklahoma,Kiowa,6,0,0,34.91671958,-98.97720696,40075.0,68.90215893431328,0.0,6,6,0,0,6,6,8729,0,0,0,0,0
2020-06-04,US,Oklahoma,Latimer,5,1,0,34.87844729,-95.25215049,40077.0,49.63764519011218,20.0,4,5,1,0,4,5,10231,0,0,0,0,0
2020-06-04,US,Oklahoma,Le Flore,14,1,0,34.89851864,-94.70392124,40079.0,28.08256273443925,7.142857142857142,13,14,1,0,13,14,49980,0,0,0,0,0
2020-06-04,US,Oklahoma,Lincoln,22,2,0,35.70270942,-96.8812462,40081.0,63.07881985262494,9.090909090909092,20,22,2,0,20,22,34920,0,0,0,0,0
2020-06-04,US,Oklahoma,Logan,19,1,0,35.91899576,-97.44352845,40083.0,39.5742642311137,5.2631578947368425,18,19,1,0,18,19,47291,0,0,0,0,0
2020-06-04,US,Oklahoma,Love,16,0,0,33.95273467,-97.23906784,40085.0,156.05188725251145,0.0,16,16,0,0,16,16,10134,0,0,0,0,0
2020-06-04,US,Oklahoma,Major,6,1,0,36.31149996,-98.53467076,40093.0,78.64726700747148,16.666666666666668,5,6,1,0,5,6,7644,0,0,0,0,0
2020-06-04,US,Oklahoma,Marshall,10,0,0,34.02311222,-96.76855464,40095.0,59.06325674797709,0.0,10,8,0,0,8,8,16806,2,0,0,2,0
2020-06-04,US,Oklahoma,Mayes,31,4,0,36.30179091,-95.23175116,40097.0,75.4257907542579,12.903225806451614,27,30,4,0,26,30,41107,1,0,0,1,0
2020-06-04,US,Oklahoma,McClain,107,3,0,35.01123903,-97.44572302,40087.0,264.36724810989773,2.803738317757009,104,106,3,0,103,106,39985,1,0,0,1,0
2020-06-04,US,Oklahoma,McCurtain,77,1,0,34.11664328,-94.77222373,40089.0,234.52729044834308,1.2987012987012987,76,75,1,0,74,71,32703,2,0,0,2,4
2020-06-04,US,Oklahoma,McIntosh,14,1,0,35.37235506,-95.66599306,40091.0,71.44315166360481,7.142857142857142,13,12,1,0,11,12,19815,2,0,0,2,0
2020-06-04,US,Oklahoma,Murray,5,0,0,34.48116015,-97.06826283,40099.0,35.529027215234855,0.0,5,5,0,0,5,4,13953,0,0,0,0,1
2020-06-04,US,Oklahoma,Muskogee,60,6,0,35.61318461,-95.37802952,40101.0,88.23918702295691,10.0,54,60,6,0,54,49,68362,0,0,0,0,11
2020-06-04,US,Oklahoma,Noble,7,0,0,36.38953329,-97.22928674,40103.0,62.887431497619254,0.0,7,7,0,0,7,7,11289,0,0,0,0,0
2020-06-04,US,Oklahoma,Nowata,23,0,0,36.79843529,-95.61902331,40105.0,228.2651845970624,0.0,23,23,0,0,23,23,10218,0,0,0,0,0
2020-06-04,US,Oklahoma,Okfuskee,5,0,0,35.46485198,-96.32639984,40107.0,41.69098640873843,0.0,5,5,0,0,5,5,12098,0,0,0,0,0
2020-06-04,US,Oklahoma,Oklahoma,1328,63,0,35.55140095,-97.40716948,40109.0,166.53415831278826,4.743975903614458,1265,1309,62,0,1247,1294,792582,19,1,0,18,15
2020-06-04,US,Oklahoma,Okmulgee,25,0,0,35.64661916,-95.96432828,40111.0,64.99415052645261,0.0,25,25,0,0,25,25,38335,0,0,0,0,0
2020-06-04,US,Oklahoma,Osage,102,8,0,36.62888819,-96.39635704,40113.0,217.1922577348125,7.84313725490196,94,96,8,0,88,95,47014,6,0,0,6,1
2020-06-04,US,Oklahoma,Ottawa,35,2,0,36.83532655,-94.81011909,40115.0,112.44257397115044,5.7142857142857135,33,35,2,0,33,35,31175,0,0,0,0,0
2020-06-04,US,Oklahoma,Pawnee,32,2,0,36.31743373,-96.70331759999999,40117.0,195.40791402051784,6.25,30,31,2,0,29,31,16390,1,0,0,1,0
2020-06-04,US,Oklahoma,Payne,48,1,0,36.07695283,-96.97584944,40119.0,58.69118654015456,2.083333333333333,47,48,1,0,47,46,82040,0,0,0,0,2
2020-06-04,US,Oklahoma,Pittsburg,41,3,0,34.92065823,-95.75134320000001,40121.0,93.92037384890274,7.317073170731707,38,41,3,0,38,41,43877,0,0,0,0,0
2020-06-04,US,Oklahoma,Pontotoc,15,2,0,34.72959848,-96.68337199,40123.0,39.18085884442587,13.333333333333336,13,15,2,0,13,15,38247,0,0,0,0,0
2020-06-04,US,Oklahoma,Pottawatomie,63,4,0,35.20614018,-96.94923008,40125.0,86.78642274630812,6.349206349206349,59,63,4,0,59,63,72679,0,0,0,0,0
2020-06-04,US,Oklahoma,Pushmataha,5,0,0,34.41635232,-95.37603505,40127.0,45.061283345349686,0.0,5,5,0,0,5,3,11179,0,0,0,0,2
2020-06-04,US,Oklahoma,Rogers,83,5,0,36.37004357,-95.60406759,40131.0,89.76951946268076,6.024096385542169,78,82,5,0,77,82,91984,1,0,0,1,0
2020-06-04,US,Oklahoma,Seminole,30,2,0,35.16478725,-96.61686741,40133.0,123.67054167697256,6.666666666666668,28,28,2,0,26,26,24578,2,0,0,2,2
2020-06-04,US,Oklahoma,Sequoyah,16,3,0,35.49447108,-94.75463785,40135.0,38.49022107820732,18.75,13,15,3,0,12,15,41179,1,0,0,1,0
2020-06-04,US,Oklahoma,Stephens,41,1,0,34.48556989,-97.85141892,40137.0,95.03279790464269,2.4390243902439024,40,40,1,0,39,38,43265,1,0,0,1,2
2020-06-04,US,Oklahoma,Texas,944,6,0,36.74777635,-101.4889765,40139.0,4724.015413101136,0.6355932203389829,938,939,6,0,933,934,20455,5,0,0,5,5
2020-06-04,US,Oklahoma,Tillman,23,1,0,34.37288446,-98.92426619,40141.0,317.2413793103448,4.3478260869565215,22,23,1,0,22,23,7348,0,0,0,0,0
2020-06-04,US,Oklahoma,Tulsa,1109,59,0,36.11939621,-95.94013939,40143.0,170.2089779480379,5.320108205590622,1050,1087,57,0,1030,1057,648360,22,2,0,20,30
2020-06-04,US,Oklahoma,Wagoner,151,17,0,35.96024096,-95.51911308,40145.0,185.7569904907183,11.258278145695362,134,150,17,0,133,150,80110,1,0,0,1,0
2020-06-04,US,Oklahoma,Washington,338,36,0,36.71380786,-95.90514104,40147.0,655.9667747006424,10.650887573964496,302,334,36,0,298,327,51843,4,0,0,4,7
2020-06-04,US,Oklahoma,Washita,2,0,0,35.29071824,-98.99180434,40149.0,18.321729571271533,0.0,2,2,0,0,2,2,11127,0,0,0,0,0
2020-06-04,US,Oklahoma,Woods,3,0,0,36.76705782,-98.86573064,40151.0,34.1180484476288,0.0,3,3,0,0,3,3,8897,0,0,0,0,0
2020-06-04,US,Oklahoma,Woodward,5,0,0,36.42316318,-99.26283045,40153.0,24.7390035129385,0.0,5,5,0,0,5,5,20222,0,0,0,0,0
2020-06-04,US,Oregon,Baker,1,0,0,44.70915557,-117.6749883,41001.0,6.201935003721161,0.0,1,1,0,0,1,1,16006,0,0,0,0,0
2020-06-04,US,Oregon,Benton,57,5,0,44.49167306,-123.4316987,41003.0,61.25541358150731,8.771929824561402,52,57,5,0,52,56,92101,0,0,0,0,1
2020-06-04,US,Oregon,Clackamas,333,12,0,45.18787398,-122.2179634,41005.0,79.62944806988261,3.603603603603604,321,324,12,0,312,317,416075,9,0,0,9,7
2020-06-04,US,Oregon,Clatsop,45,0,0,45.99712889,-123.660711,41007.0,111.87350835322195,0.0,45,45,0,0,45,45,39764,0,0,0,0,0
2020-06-04,US,Oregon,Columbia,16,0,0,45.94464254,-123.08908980000001,41009.0,30.561179661534933,0.0,16,16,0,0,16,16,52377,0,0,0,0,0
2020-06-04,US,Oregon,Coos,32,0,0,43.17406868,-124.0594514,41011.0,49.622404515638806,0.0,32,31,0,0,31,31,64389,1,0,0,1,0
2020-06-04,US,Oregon,Crook,7,0,0,44.14230227,-120.356297,41013.0,28.683822324209146,0.0,7,6,0,0,6,6,23867,1,0,0,1,0
2020-06-04,US,Oregon,Curry,7,0,0,42.45911325,-124.15728200000001,41015.0,30.53435114503817,0.0,7,7,0,0,7,7,22813,0,0,0,0,0
2020-06-04,US,Oregon,Deschutes,133,0,0,43.91570171,-121.2289121,41017.0,67.27636930174211,0.0,133,128,0,0,128,127,191996,5,0,0,5,1
2020-06-04,US,Oregon,Douglas,28,0,0,43.27941273,-123.16729099999999,41019.0,25.22977112993332,0.0,28,28,0,0,28,27,110283,0,0,0,0,1
2020-06-04,US,Oregon,Grant,1,0,0,44.49024544,-119.0068631,41023.0,13.890818169190164,0.0,1,1,0,0,1,1,7176,0,0,0,0,0
2020-06-04,US,Oregon,Harney,1,0,0,43.06422669,-118.96663059999999,41025.0,13.526308670363855,0.0,1,1,0,0,1,1,7329,0,0,0,0,0
2020-06-04,US,Oregon,Hood River,28,0,0,45.51872811,-121.65520359999998,41027.0,119.75023522367631,0.0,28,28,0,0,28,22,23428,0,0,0,0,6
2020-06-04,US,Oregon,Jackson,69,0,0,42.43201126,-122.72893090000001,41029.0,31.229632848142515,0.0,69,68,0,0,68,67,219564,1,0,0,1,1
2020-06-04,US,Oregon,Jefferson,46,0,0,44.62806839,-121.17832,41031.0,186.55203179495498,0.0,46,45,0,0,45,44,24192,1,0,0,1,1
2020-06-04,US,Oregon,Josephine,23,1,0,42.3665549,-123.5561938,41033.0,26.28962017213986,4.3478260869565215,22,23,1,0,22,24,87393,0,0,0,0,-1
2020-06-04,US,Oregon,Klamath,44,0,0,42.68762984,-121.64964609999998,41035.0,64.48020164717606,0.0,44,44,0,0,44,44,67653,0,0,0,0,0
2020-06-04,US,Oregon,Lake,2,0,0,42.79246693,-120.38501629999999,41037.0,25.41619011310205,0.0,2,2,0,0,2,2,7879,0,0,0,0,0
2020-06-04,US,Oregon,Lane,80,3,0,43.93727035,-122.847753,41039.0,20.93873587616832,3.75,77,77,3,0,74,77,379611,3,0,0,3,0
2020-06-04,US,Oregon,Lincoln,23,0,0,44.64252874,-123.86991200000001,41041.0,46.034986589808256,0.0,23,18,0,0,18,17,49388,5,0,0,5,1
2020-06-04,US,Oregon,Linn,121,9,0,44.48899494,-122.53731540000001,41043.0,93.25698078597908,7.43801652892562,112,119,9,0,110,118,127335,2,0,0,2,1
2020-06-04,US,Oregon,Malheur,32,0,0,43.1937027,-117.62273950000001,41045.0,104.67436459389616,0.0,32,32,0,0,32,32,30725,0,0,0,0,0
2020-06-04,US,Oregon,Marion,1011,26,0,44.90287942,-122.58151170000001,41047.0,290.6692580602499,2.5717111770524235,985,999,26,0,973,981,346868,12,0,0,12,18
2020-06-04,US,Oregon,Morrow,12,0,0,45.41846568,-119.584546,41049.0,103.4215289149358,0.0,12,12,0,0,12,12,11372,0,0,0,0,0
2020-06-04,US,Oregon,Multnomah,1224,62,0,45.54747959,-122.4169351,41051.0,150.58036181114713,5.065359477124184,1162,1194,62,0,1132,1181,811880,30,0,0,30,13
2020-06-04,US,Oregon,Polk,100,12,0,44.90322804,-123.4128888,41053.0,116.1642562583493,12.0,88,101,12,0,89,100,85234,-1,0,0,-1,1
2020-06-04,US,Oregon,Sherman,1,0,0,45.41501554,-120.6827834,41055.0,56.179775280898866,0.0,1,1,0,0,1,1,1708,0,0,0,0,0
2020-06-04,US,Oregon,Tillamook,6,0,0,45.46248721,-123.712066,41057.0,22.192632046160675,0.0,6,6,0,0,6,6,26787,0,0,0,0,0
2020-06-04,US,Oregon,Umatilla,124,3,0,45.59073056,-118.7353826,41059.0,159.07633098139834,2.419354838709677,121,123,3,0,120,121,77516,1,0,0,1,2
2020-06-04,US,Oregon,Union,6,0,0,45.30915495,-118.0068979,41061.0,22.3588596981554,0.0,6,6,0,0,6,6,26461,0,0,0,0,0
2020-06-04,US,Oregon,Wallowa,2,0,0,45.57894064,-117.18353799999998,41063.0,27.746947835738073,0.0,2,2,0,0,2,2,7081,0,0,0,0,0
2020-06-04,US,Oregon,Wasco,29,1,0,45.16292781,-121.16709540000001,41065.0,108.68750468480623,3.4482758620689653,28,28,1,0,27,26,26505,1,0,0,1,2
2020-06-04,US,Oregon,Washington,755,18,0,45.55972701,-123.0955257,41067.0,125.500339100254,2.384105960264901,737,752,18,0,734,747,597695,3,0,0,3,5
2020-06-04,US,Oregon,Yamhill,75,7,0,45.23330449,-123.3086963,41071.0,70.02801120448179,9.333333333333334,68,74,7,0,67,70,107002,1,0,0,1,4
2020-06-04,US,Pennsylvania,Adams,263,8,0,39.87140411,-77.21610347,42001.0,255.31749652942943,3.041825095057034,255,260,8,0,252,255,102811,3,0,0,3,5
2020-06-04,US,Pennsylvania,Allegheny,1965,166,0,40.46809875,-79.98167747,42003.0,161.5894148654038,8.447837150127226,1799,1952,166,0,1786,1928,1218452,13,0,0,13,24
2020-06-04,US,Pennsylvania,Armstrong,64,5,0,40.81665618,-79.46290811,42005.0,98.8646018382637,7.8125,59,64,5,0,59,62,65263,0,0,0,0,2
2020-06-04,US,Pennsylvania,Beaver,599,74,0,40.6825484,-80.34921611,42007.0,365.40209480933817,12.353923205342236,525,594,74,0,520,591,164742,5,0,0,5,3
2020-06-04,US,Pennsylvania,Bedford,42,2,0,40.00522157,-78.48998442,42009.0,87.70464416972936,4.761904761904762,40,41,2,0,39,40,48176,1,0,0,1,1
2020-06-04,US,Pennsylvania,Berks,4152,323,0,40.41570541,-75.92457766,42011.0,985.8392455195599,7.779383429672447,3829,4132,322,0,3810,4107,420152,20,1,0,19,25
2020-06-04,US,Pennsylvania,Blair,52,1,0,40.47961444,-78.34917412,42013.0,42.68277667878749,1.9230769230769231,51,52,1,0,51,51,122492,0,0,0,0,1
2020-06-04,US,Pennsylvania,Bradford,46,3,0,41.78869215,-76.51570822,42015.0,76.25615436898032,6.521739130434782,43,46,3,0,43,48,60833,0,0,0,0,-2
2020-06-04,US,Pennsylvania,Bucks,5158,522,0,40.33682119,-75.10836643,42017.0,820.9846085281807,10.120201628538194,4636,5137,519,0,4618,5116,628195,21,3,0,18,21
2020-06-04,US,Pennsylvania,Butler,240,12,0,40.91152759,-79.91351055,42019.0,127.75947150165287,5.0,228,235,12,0,223,232,187888,5,0,0,5,3
2020-06-04,US,Pennsylvania,Cambria,59,2,0,40.49527404,-78.71377428,42021.0,45.31768465036254,3.3898305084745757,57,59,2,0,57,59,131730,0,0,0,0,0
2020-06-04,US,Pennsylvania,Cameron,2,0,0,41.43625568,-78.20376845,42023.0,44.974139869575005,0.0,2,2,0,0,2,2,4492,0,0,0,0,0
2020-06-04,US,Pennsylvania,Carbon,250,24,0,40.91545395,-75.7068525,42025.0,389.5173101492631,9.6,226,239,24,0,215,241,64227,11,0,0,11,-2
2020-06-04,US,Pennsylvania,Centre,154,7,0,40.92058903,-77.82200624,42027.0,94.8363457215876,4.545454545454546,147,154,7,0,147,154,162805,0,0,0,0,0
2020-06-04,US,Pennsylvania,Chester,2902,294,0,39.97291773,-75.74768357,42029.0,552.7734866825781,10.130944176430047,2608,2863,287,0,2576,2823,522046,39,7,0,32,40
2020-06-04,US,Pennsylvania,Clarion,27,2,0,41.19265812,-79.42413524,42031.0,70.24298870908996,7.407407407407407,25,27,2,0,25,27,38779,0,0,0,0,0
2020-06-04,US,Pennsylvania,Clearfield,42,0,0,41.00110782,-78.47592663,42033.0,52.993501987256316,0.0,42,42,0,0,42,42,79388,0,0,0,0,0
2020-06-04,US,Pennsylvania,Clinton,60,3,0,41.23255967,-77.63785995,42035.0,155.31165872851525,5.0,57,60,3,0,57,60,38684,0,0,0,0,0
2020-06-04,US,Pennsylvania,Columbia,352,31,0,41.04821986,-76.40565017,42037.0,541.8385567391169,8.806818181818182,321,349,31,0,318,349,65456,3,0,0,3,0
2020-06-04,US,Pennsylvania,Crawford,30,0,0,41.68447709,-80.10760592,42039.0,35.448841413699796,0.0,30,29,0,0,29,29,85063,1,0,0,1,0
2020-06-04,US,Pennsylvania,Cumberland,657,54,0,40.1625372,-77.26130755,42041.0,259.30457433792475,8.219178082191782,603,654,53,0,601,644,251423,3,1,0,2,10
2020-06-04,US,Pennsylvania,Dauphin,1404,87,0,40.41377078,-76.77993242,42043.0,504.49336864307816,6.196581196581197,1317,1385,85,0,1300,1359,277097,19,2,0,17,26
2020-06-04,US,Pennsylvania,Delaware,6587,584,0,39.91680171,-75.40243663,42045.0,1162.246999101892,8.86594807955063,6003,6548,576,0,5972,6496,564751,39,8,0,31,52
2020-06-04,US,Pennsylvania,Elk,6,0,0,41.42822061,-78.64524744,42047.0,20.060180541624874,0.0,6,6,0,0,6,6,30169,0,0,0,0,0
2020-06-04,US,Pennsylvania,Erie,327,5,0,41.99253829,-80.03301954,42049.0,121.23324237750624,1.529051987767584,322,314,5,0,309,307,272061,13,0,0,13,7
2020-06-04,US,Pennsylvania,Fayette,95,4,0,39.92041012,-79.64291195,42051.0,73.48732150316383,4.2105263157894735,91,95,4,0,91,95,130441,0,0,0,0,0
2020-06-04,US,Pennsylvania,Forest,7,0,0,41.51095103,-79.23229292,42053.0,96.59169311439214,0.0,7,7,0,0,7,7,7279,0,0,0,0,0
2020-06-04,US,Pennsylvania,Franklin,785,38,0,39.92956518,-77.72157791,42055.0,506.36340766447137,4.840764331210191,747,782,37,0,745,781,154835,3,1,0,2,1
2020-06-04,US,Pennsylvania,Fulton,16,1,0,39.92913544,-78.11163677,42057.0,110.11699931176877,6.25,15,15,1,0,14,15,14523,1,0,0,1,0
2020-06-04,US,Pennsylvania,Greene,27,0,0,39.85746531,-80.22357106,42059.0,74.51770485469048,0.0,27,27,0,0,27,27,36506,0,0,0,0,0
2020-06-04,US,Pennsylvania,Huntingdon,234,3,0,40.42162652,-77.97673273,42061.0,518.341307814992,1.2820512820512822,231,232,3,0,229,231,45168,2,0,0,2,1
2020-06-04,US,Pennsylvania,Indiana,91,5,0,40.65241041,-79.08963285,42063.0,108.23926825496888,5.494505494505495,86,91,5,0,86,91,84501,0,0,0,0,0
2020-06-04,US,Pennsylvania,Jefferson,14,0,0,41.12913106,-78.9986361,42065.0,32.23949337938975,0.0,14,14,0,0,14,12,43641,0,0,0,0,2
2020-06-04,US,Pennsylvania,Juniata,95,4,0,40.53358749,-77.39975129999998,42067.0,383.6368775996446,4.2105263157894735,91,95,4,0,91,95,24704,0,0,0,0,0
2020-06-04,US,Pennsylvania,Lackawanna,1569,182,0,41.43564672,-75.60379201,42069.0,748.3045108120225,11.59974506054812,1387,1556,180,0,1376,1555,210793,13,2,0,11,1
2020-06-04,US,Pennsylvania,Lancaster,3301,315,0,40.03904563,-76.24770128,42071.0,604.8845203802655,9.542562859739473,2986,3267,310,0,2957,3218,543557,34,5,0,29,49
2020-06-04,US,Pennsylvania,Lawrence,82,8,0,40.99206278,-80.33393706,42073.0,95.89297408550848,9.75609756097561,74,83,8,0,75,81,86184,-1,0,0,-1,2
2020-06-04,US,Pennsylvania,Lebanon,997,36,0,40.36680311,-76.45651841,42075.0,703.137672522621,3.610832497492477,961,994,34,0,960,980,141314,3,2,0,1,14
2020-06-04,US,Pennsylvania,Lehigh,3817,242,0,40.6154815,-75.59435245,42077.0,1033.5266626592802,6.340057636887607,3575,3802,239,0,3563,3780,368100,15,3,0,12,22
2020-06-04,US,Pennsylvania,Luzerne,2773,156,0,41.17823008,-75.98447579,42079.0,873.6142046582255,5.625676163000361,2617,2766,155,0,2611,2750,317646,7,1,0,6,16
2020-06-04,US,Pennsylvania,Lycoming,166,17,0,41.34310539,-77.06629984,42081.0,146.5149736537834,10.240963855421684,149,166,17,0,149,164,113664,0,0,0,0,2
2020-06-04,US,Pennsylvania,McKean,13,1,0,41.80938602,-78.56478358,42083.0,32.0,7.6923076923076925,12,12,1,0,11,12,40968,1,0,0,1,0
2020-06-04,US,Pennsylvania,Mercer,110,6,0,41.30248872,-80.25816981,42085.0,100.5263927474777,5.454545454545454,104,107,5,0,102,107,110683,3,1,0,2,0
2020-06-04,US,Pennsylvania,Mifflin,59,1,0,40.61116939,-77.61070738,42087.0,127.8772378516624,1.6949152542372878,58,59,1,0,58,59,46222,0,0,0,0,0
2020-06-04,US,Pennsylvania,Monroe,1333,102,0,41.05934058,-75.34031025,42089.0,782.8696607173271,7.651912978244561,1231,1326,102,0,1224,1325,169507,7,0,0,7,1
2020-06-04,US,Pennsylvania,Montgomery,7351,713,0,40.21053671,-75.36652296,42091.0,884.6873627266327,9.699360631206641,6638,7242,702,0,6540,7172,828604,109,11,0,98,70
2020-06-04,US,Pennsylvania,Montour,53,0,0,41.03023987,-76.66345939,42093.0,290.72956664838176,0.0,53,53,0,0,53,53,18240,0,0,0,0,0
2020-06-04,US,Pennsylvania,Northampton,3124,225,0,40.75182733,-75.30471829,42095.0,1023.3060910296936,7.202304737516005,2899,3120,220,0,2900,3108,304807,4,5,0,-1,12
2020-06-04,US,Pennsylvania,Northumberland,201,3,0,40.84785433,-76.70798222,42097.0,221.26085664277932,1.492537313432836,198,199,3,0,196,198,91083,2,0,0,2,1
2020-06-04,US,Pennsylvania,Perry,64,3,0,40.40206612,-77.26297447,42099.0,138.31258644536652,4.6875,61,62,3,0,59,62,46139,2,0,0,2,0
2020-06-04,US,Pennsylvania,Philadelphia,23281,1394,0,40.00338507,-75.1379271,42101.0,1469.700719162862,5.987715304325415,21887,23160,1359,0,21801,23034,1584138,121,35,0,86,126
2020-06-04,US,Pennsylvania,Pike,478,20,0,41.33155042,-75.03208106,42103.0,856.4926803920515,4.184100418410042,458,478,20,0,458,478,55933,0,0,0,0,0
2020-06-04,US,Pennsylvania,Potter,6,0,0,41.74471626,-77.89559864,42105.0,36.306426237444036,0.0,6,4,0,0,4,4,16622,2,0,0,2,0
2020-06-04,US,Pennsylvania,Schuylkill,651,37,0,40.70497338,-76.2150785,42107.0,460.52957363874964,5.6835637480798775,614,646,36,0,610,643,142067,5,1,0,4,3
2020-06-04,US,Pennsylvania,Snyder,51,1,0,40.77129231,-77.06840691,42109.0,126.3251758644605,1.96078431372549,50,45,1,0,44,45,40540,6,0,0,6,0
2020-06-04,US,Pennsylvania,Somerset,38,1,0,39.97172723,-79.02699593,42111.0,51.737987936879655,2.631578947368421,37,38,1,0,37,38,73952,0,0,0,0,0
2020-06-04,US,Pennsylvania,Sullivan,3,0,0,41.44634738,-76.51246591,42113.0,49.455984174085074,0.0,3,3,0,0,3,3,6071,0,0,0,0,0
2020-06-04,US,Pennsylvania,Susquehanna,123,15,0,41.82147784,-75.80071959,42115.0,304.99900813330686,12.19512195121951,108,111,15,0,96,110,40589,12,0,0,12,1
2020-06-04,US,Pennsylvania,Tioga,19,2,0,41.77255149,-77.25433032,42117.0,46.80840580424233,10.526315789473683,17,19,2,0,17,19,40763,0,0,0,0,0
2020-06-04,US,Pennsylvania,Union,65,1,0,40.96188846,-77.05996014,42119.0,144.6920285822407,1.5384615384615383,64,63,1,0,62,60,44785,2,0,0,2,3
2020-06-04,US,Pennsylvania,Venango,10,0,0,41.40323442,-79.75845449,42121.0,19.736322728349254,0.0,10,9,0,0,9,9,51266,1,0,0,1,0
2020-06-04,US,Pennsylvania,Warren,5,0,0,41.81304978,-79.26969577,42123.0,12.758031180628205,0.0,5,4,0,0,4,3,39498,1,0,0,1,1
2020-06-04,US,Pennsylvania,Washington,140,6,0,40.19208869,-80.24582867,42125.0,67.67698740724627,4.285714285714286,134,140,6,0,134,140,207346,0,0,0,0,0
2020-06-04,US,Pennsylvania,Wayne,121,8,0,41.64938475,-75.29956506,42127.0,235.58731333112672,6.6115702479338845,113,120,8,0,112,120,51276,1,0,0,1,0
2020-06-04,US,Pennsylvania,Westmoreland,455,38,0,40.31377979999999,-79.46615476,42129.0,130.4102333340021,8.351648351648352,417,453,38,0,415,451,350611,2,0,0,2,2
2020-06-04,US,Pennsylvania,Wyoming,34,7,0,41.51955538,-76.01074915,42131.0,126.89408076435022,20.58823529411765,27,34,7,0,27,34,27046,0,0,0,0,0
2020-06-04,US,Pennsylvania,York,1038,28,0,39.9210089,-76.73040131,42133.0,231.1505418008364,2.697495183044316,1010,1037,27,0,1010,1028,448273,1,1,0,0,9
2020-06-04,US,Rhode Island,Bristol,224,0,0,41.71018079,-71.28652315,44001.0,462.0557354730914,0.0,224,224,0,0,224,224,48649,0,0,0,0,0
2020-06-04,US,Rhode Island,Kent,1052,0,0,41.67106337,-71.57641596,44003.0,640.3233267596718,0.0,1052,1052,0,0,1052,1052,163861,0,0,0,0,0
2020-06-04,US,Rhode Island,Newport,244,0,0,41.5642026,-71.26569799,44005.0,297.26371189785823,0.0,244,244,0,0,244,244,82542,0,0,0,0,0
2020-06-04,US,Rhode Island,Providence,11052,0,0,41.87064746,-71.57753536,44007.0,1729.7642468435556,0.0,11052,11052,0,0,11052,11052,636084,0,0,0,0,0
2020-06-04,US,Rhode Island,Unassigned,2254,756,0,0.0,0.0,90044.0,0.0,33.54037267080745,1498,2148,742,0,1406,2041,,106,14,0,92,107
2020-06-04,US,Rhode Island,Washington,499,0,0,41.45961631,-71.61435303,44009.0,397.36575965343974,0.0,499,499,0,0,499,499,126179,0,0,0,0,0
2020-06-04,US,South Carolina,Abbeville,46,0,0,34.22333378,-82.46170658,45001.0,187.54841603131246,0.0,46,46,0,0,46,46,24541,0,0,0,0,0
2020-06-04,US,South Carolina,Aiken,208,7,0,33.54338026,-81.63645384,45003.0,121.72854534388313,3.3653846153846154,201,208,7,0,201,208,169401,0,0,0,0,0
2020-06-04,US,South Carolina,Allendale,38,3,0,32.98837386,-81.35321066,45005.0,437.3848987108656,7.894736842105262,35,38,3,0,35,38,8903,0,0,0,0,0
2020-06-04,US,South Carolina,Anderson,244,9,0,34.51828081,-82.63959517,45007.0,120.45932523030442,3.6885245901639343,235,244,9,0,235,244,200482,0,0,0,0,0
2020-06-04,US,South Carolina,Bamberg,23,0,0,33.21927586,-81.05659969,45009.0,163.51485852410067,0.0,23,23,0,0,23,23,14275,0,0,0,0,0
2020-06-04,US,South Carolina,Barnwell,48,1,0,33.26679302,-81.43584352,45011.0,230.03929838013997,2.083333333333333,47,48,1,0,47,48,21112,0,0,0,0,0
2020-06-04,US,South Carolina,Beaufort,398,14,0,32.39226291,-80.72619758,45013.0,207.1600337285683,3.5175879396984926,384,398,14,0,384,398,188715,0,0,0,0,0
2020-06-04,US,South Carolina,Berkeley,242,16,0,33.20222596,-79.94654523,45015.0,106.18366263432014,6.6115702479338845,226,242,16,0,226,242,221091,0,0,0,0,0
2020-06-04,US,South Carolina,Calhoun,15,1,0,33.66926881,-80.77722168,45017.0,103.07153164296021,6.666666666666668,14,15,1,0,14,15,14520,0,0,0,0,0
2020-06-04,US,South Carolina,Charleston,646,12,0,32.82487866,-79.96512315,45019.0,157.02250331789037,1.8575851393188851,634,646,12,0,634,646,405905,0,0,0,0,0
2020-06-04,US,South Carolina,Cherokee,43,2,0,35.05122251,-81.61828622,45021.0,75.043630017452,4.651162790697675,41,43,2,0,41,43,57078,0,0,0,0,0
2020-06-04,US,South Carolina,Chester,87,1,0,34.69249168,-81.1583216,45023.0,269.81764049125417,1.1494252873563218,86,87,1,0,86,87,32251,0,0,0,0,0
2020-06-04,US,South Carolina,Chesterfield,203,4,0,34.64137396,-80.15640140000002,45025.0,444.6878422782037,1.9704433497536944,199,203,4,0,199,203,45754,0,0,0,0,0
2020-06-04,US,South Carolina,Clarendon,302,39,0,33.66610974,-80.21647898,45027.0,894.9473996147577,12.913907284768213,263,302,39,0,263,302,33700,0,0,0,0,0
2020-06-04,US,South Carolina,Colleton,114,14,0,32.87582989,-80.67641292,45029.0,302.571860816944,12.280701754385964,100,114,14,0,100,114,37660,0,0,0,0,0
2020-06-04,US,South Carolina,Darlington,308,10,0,34.33358335,-79.96027485,45031.0,462.3375063796572,3.2467532467532467,298,308,10,0,298,308,66802,0,0,0,0,0
2020-06-04,US,South Carolina,Dillon,170,3,0,34.39007791,-79.37741872,45033.0,557.7610814003084,1.7647058823529411,167,170,3,0,167,170,30599,0,0,0,0,0
2020-06-04,US,South Carolina,Dorchester,165,3,0,33.0794369,-80.40502652,45035.0,101.34574869939621,1.818181818181818,162,165,3,0,162,165,160647,0,0,0,0,0
2020-06-04,US,South Carolina,Edgefield,51,2,0,33.77221995,-81.96231108,45037.0,187.08730741012474,3.92156862745098,49,51,2,0,49,51,27052,0,0,0,0,0
2020-06-04,US,South Carolina,Fairfield,181,17,0,34.39287073,-81.1195624,45039.0,809.9521188526426,9.392265193370166,164,181,17,0,164,181,22402,0,0,0,0,0
2020-06-04,US,South Carolina,Florence,678,38,0,34.02361754,-79.70189312,45041.0,490.2634262037847,5.604719764011801,640,678,38,0,640,678,138159,0,0,0,0,0
2020-06-04,US,South Carolina,Georgetown,78,3,0,33.43443342,-79.33202141,45043.0,124.44160816847479,3.8461538461538463,75,78,3,0,75,78,62249,0,0,0,0,0
2020-06-04,US,South Carolina,Greenville,1751,57,0,34.89502264,-82.37295012,45045.0,334.45263226255014,3.2552826956025127,1694,1751,57,0,1694,1751,514213,0,0,0,0,0
2020-06-04,US,South Carolina,Greenwood,148,1,0,34.15272415,-82.12715789,45047.0,209.00707517193658,0.6756756756756757,147,148,1,0,147,148,70741,0,0,0,0,0
2020-06-04,US,South Carolina,Hampton,38,1,0,32.77419582,-81.13845571,45049.0,197.6901467068984,2.631578947368421,37,38,1,0,37,38,19351,0,0,0,0,0
2020-06-04,US,South Carolina,Horry,472,27,0,33.9212828,-78.99555293,45051.0,133.30283183791278,5.720338983050849,445,472,27,0,445,472,344147,0,0,0,0,0
2020-06-04,US,South Carolina,Jasper,43,2,0,32.43171982,-81.02487495,45053.0,142.98540218800918,4.651162790697675,41,43,2,0,41,43,28971,0,0,0,0,0
2020-06-04,US,South Carolina,Kershaw,339,14,0,34.33988254,-80.58763164,45055.0,509.3837808597917,4.1297935103244825,325,339,14,0,325,339,65592,0,0,0,0,0
2020-06-04,US,South Carolina,Lancaster,166,5,0,34.68270843,-80.70513032,45057.0,169.36701628372037,3.0120481927710845,161,166,5,0,161,166,95380,0,0,0,0,0
2020-06-04,US,South Carolina,Laurens,69,4,0,34.48244419,-82.00490796,45059.0,102.23282414472612,5.797101449275362,65,69,4,0,65,69,66994,0,0,0,0,0
2020-06-04,US,South Carolina,Lee,221,16,0,34.16393091,-80.25690731,45061.0,1313.287378179225,7.239819004524888,205,221,16,0,205,221,17142,0,0,0,0,0
2020-06-04,US,South Carolina,Lexington,677,34,0,33.89665987,-81.27146426,45063.0,226.61087866108787,5.022156573116691,643,677,34,0,643,677,295032,0,0,0,0,0
2020-06-04,US,South Carolina,Marion,72,5,0,34.07859748,-79.36400756,45067.0,234.85663959291514,6.9444444444444455,67,72,5,0,67,72,31039,0,0,0,0,0
2020-06-04,US,South Carolina,Marlboro,183,1,0,34.59905577,-79.67561152,45069.0,700.666207213416,0.5464480874316939,182,183,1,0,182,183,26398,0,0,0,0,0
2020-06-04,US,South Carolina,McCormick,9,1,0,33.90161443,-82.30794338,45065.0,95.10725985416887,11.111111111111109,8,9,1,0,8,9,9410,0,0,0,0,0
2020-06-04,US,South Carolina,Newberry,63,1,0,34.28629098,-81.59935761,45071.0,163.89177939646203,1.5873015873015872,62,63,1,0,62,63,38520,0,0,0,0,0
2020-06-04,US,South Carolina,Oconee,55,0,0,34.75225169,-83.06742317,45073.0,69.14238302365926,0.0,55,55,0,0,55,55,78374,0,0,0,0,0
2020-06-04,US,South Carolina,Orangeburg,210,3,0,33.4391073,-80.79886287,45075.0,243.69016536118363,1.4285714285714286,207,210,3,0,207,210,86934,0,0,0,0,0
2020-06-04,US,South Carolina,Pickens,174,3,0,34.88807695,-82.72791551,45077.0,137.13312947258913,1.7241379310344829,171,174,3,0,171,174,124937,0,0,0,0,0
2020-06-04,US,South Carolina,Richland,1542,66,0,34.01791263,-80.90267209,45079.0,370.8879422934921,4.280155642023346,1476,1542,66,0,1476,1542,414576,0,0,0,0,0
2020-06-04,US,South Carolina,Saluda,148,1,0,34.00795823,-81.72713237,45081.0,722.9033361012065,0.6756756756756757,147,148,1,0,147,148,20544,0,0,0,0,0
2020-06-04,US,South Carolina,Spartanburg,645,20,0,34.92960077,-81.99225984,45083.0,201.69801585440217,3.1007751937984502,625,645,20,0,625,645,313888,0,0,0,0,0
2020-06-04,US,South Carolina,Sumter,396,18,0,33.91826534,-80.37942316,45085.0,371.0609908078073,4.545454545454546,378,396,18,0,378,396,106512,0,0,0,0,0
2020-06-04,US,South Carolina,Union,40,0,0,34.68835752,-81.61730349,45087.0,146.43432420559378,0.0,40,40,0,0,40,40,27410,0,0,0,0,0
2020-06-04,US,South Carolina,Williamsburg,245,14,0,33.62190129,-79.72767442,45089.0,806.7702845100107,5.7142857142857135,231,245,14,0,231,245,30606,0,0,0,0,0
2020-06-04,US,South Carolina,York,421,8,0,34.97281497,-81.18085944,45091.0,149.8332615604725,1.9002375296912115,413,421,8,0,413,421,274118,0,0,0,0,0
2020-06-04,US,South Dakota,Aurora,27,0,0,43.71757685,-98.56050467,46003.0,981.4612868047984,0.0,27,27,0,0,27,26,2801,0,0,0,0,1
2020-06-04,US,South Dakota,Beadle,341,5,0,44.41464384,-98.27858469,46005.0,1847.9380046604888,1.4662756598240467,336,308,5,0,303,276,18883,33,0,0,33,32
2020-06-04,US,South Dakota,Bon Homme,8,0,0,42.98914167,-97.88592746,46009.0,115.92522822779308,0.0,8,8,0,0,8,8,6980,0,0,0,0,0
2020-06-04,US,South Dakota,Brookings,20,0,0,44.36974375,-96.79079945,46011.0,57.01741882144996,0.0,20,20,0,0,20,17,35232,0,0,0,0,3
2020-06-04,US,South Dakota,Brown,290,1,0,45.58994323,-98.35165355,46013.0,746.6721594273797,0.3448275862068966,289,286,1,0,285,281,39316,4,0,0,4,5
2020-06-04,US,South Dakota,Brule,2,0,0,43.71756379,-99.08118954,46015.0,37.75722106852936,0.0,2,2,0,0,2,,5229,0,0,0,0,
2020-06-04,US,South Dakota,Buffalo,21,0,0,44.07657829,-99.20814467,46017.0,1070.336391437309,0.0,21,22,0,0,22,21,2036,-1,0,0,-1,1
2020-06-04,US,South Dakota,Charles Mix,18,0,0,43.20660134,-98.58856175,46023.0,193.71502367628068,0.0,18,18,0,0,18,18,9338,0,0,0,0,0
2020-06-04,US,South Dakota,Clark,4,0,0,44.85834507,-97.72925109,46025.0,107.06638115631692,0.0,4,4,0,0,4,4,3739,0,0,0,0,0
2020-06-04,US,South Dakota,Clay,18,0,0,42.91296147,-96.97656917,46027.0,127.93176972281451,0.0,18,15,0,0,15,15,14041,3,0,0,3,0
2020-06-04,US,South Dakota,Codington,39,0,0,44.97788119,-97.18827677,46029.0,139.24095826341534,0.0,39,38,0,0,38,37,28015,1,0,0,1,1
2020-06-04,US,South Dakota,Corson,4,0,0,45.70889983,-101.1970473,46031.0,97.89525208027409,0.0,4,4,0,0,4,4,4165,0,0,0,0,0
2020-06-04,US,South Dakota,Custer,1,0,0,43.67741105,-103.45345209999999,46033.0,11.145786892554613,0.0,1,,,,,,8726,,,,,
2020-06-04,US,South Dakota,Davison,20,0,0,43.67490933,-98.14458906,46035.0,101.1378002528445,0.0,20,20,0,0,20,16,19790,0,0,0,0,4
2020-06-04,US,South Dakota,Day,14,0,0,45.367281,-97.60737498,46037.0,258.11209439528017,0.0,14,13,0,0,13,13,5505,1,0,0,1,0
2020-06-04,US,South Dakota,Deuel,1,0,0,44.75994309,-96.66943645,46039.0,22.983222247759137,0.0,1,1,0,0,1,1,4337,0,0,0,0,0
2020-06-04,US,South Dakota,Douglas,3,0,0,43.38520741,-98.36978007,46043.0,102.70455323519344,0.0,3,3,0,0,3,3,2935,0,0,0,0,0
2020-06-04,US,South Dakota,Edmunds,3,0,0,45.41846445,-99.21545423,46045.0,78.34943849569079,0.0,3,3,0,0,3,1,3875,0,0,0,0,2
2020-06-04,US,South Dakota,Fall River,6,0,0,43.23929297,-103.5275691,46047.0,89.37881722031878,0.0,6,6,0,0,6,5,6758,0,0,0,0,1
2020-06-04,US,South Dakota,Faulk,1,0,0,45.07082625,-99.14535601,46049.0,43.497172683775545,0.0,1,1,0,0,1,1,2330,0,0,0,0,0
2020-06-04,US,South Dakota,Grant,13,0,0,45.1723937,-96.77002276,46051.0,184.344866704481,0.0,13,13,0,0,13,13,7147,0,0,0,0,0
2020-06-04,US,South Dakota,Gregory,1,0,0,43.19419064,-99.18883902,46053.0,23.894862604540023,0.0,1,1,0,0,1,1,4212,0,0,0,0,0
2020-06-04,US,South Dakota,Hamlin,5,0,0,44.67385954,-97.18829593,46057.0,81.11615833874106,0.0,5,4,0,0,4,4,6111,1,0,0,1,0
2020-06-04,US,South Dakota,Hand,3,0,0,44.54708407,-99.00386459,46059.0,94.01441554371672,0.0,3,3,0,0,3,2,3262,0,0,0,0,1
2020-06-04,US,South Dakota,Hanson,1,0,0,43.6746384,-97.78715148,46061.0,28.960324355632785,0.0,1,1,0,0,1,,3376,0,0,0,0,
2020-06-04,US,South Dakota,Hughes,19,0,0,44.39091534,-99.99661148,46065.0,108.41036174825972,0.0,19,19,0,0,19,19,17650,0,0,0,0,0
2020-06-04,US,South Dakota,Hutchinson,6,0,0,43.33449012,-97.75536441,46067.0,82.2932382389247,0.0,6,6,0,0,6,6,7380,0,0,0,0,0
2020-06-04,US,South Dakota,Hyde,1,0,0,44.54747703,-99.48572582,46069.0,76.86395080707149,0.0,1,1,0,0,1,1,1282,0,0,0,0,0
2020-06-04,US,South Dakota,Jackson,4,0,0,43.69318385,-101.6255063,46071.0,119.61722488038279,0.0,4,4,0,0,4,4,3307,0,0,0,0,0
2020-06-04,US,South Dakota,Jerauld,39,1,0,44.06637798,-98.62965972,46073.0,1937.4068554396426,2.5641025641025643,38,38,1,0,37,35,2043,1,0,0,1,3
2020-06-04,US,South Dakota,Kingsbury,3,0,0,44.36956169,-97.4913945,46077.0,60.74104069649727,0.0,3,3,0,0,3,2,4919,0,0,0,0,1
2020-06-04,US,South Dakota,Lake,12,0,0,44.02193107,-97.12926365,46079.0,93.77197780729858,0.0,12,10,0,0,10,8,13057,2,0,0,2,2
2020-06-04,US,South Dakota,Lawrence,11,0,0,44.35919441,-103.79294279999999,46081.0,42.563070732084824,0.0,11,11,0,0,11,11,25741,0,0,0,0,0
2020-06-04,US,South Dakota,Lincoln,243,0,0,43.27841182,-96.72039050000001,46083.0,397.5265017667845,0.0,243,240,0,0,240,239,58807,3,0,0,3,1
2020-06-04,US,South Dakota,Lyman,16,0,0,43.89522709,-99.85201878,46085.0,423.1684739486908,0.0,16,15,0,0,15,14,3821,1,0,0,1,1
2020-06-04,US,South Dakota,Marshall,4,0,0,45.75870838,-97.59855639,46091.0,81.05369807497469,0.0,4,4,0,0,4,4,5112,0,0,0,0,0
2020-06-04,US,South Dakota,McCook,6,1,0,43.6742571,-97.36863144,46087.0,107.41138560687432,16.666666666666668,5,6,1,0,5,6,5546,0,0,0,0,0
2020-06-04,US,South Dakota,McPherson,1,0,0,45.76626028,-99.22118798,46089.0,42.03446826397647,0.0,1,1,0,0,1,1,2407,0,0,0,0,0
2020-06-04,US,South Dakota,Meade,24,0,0,44.56676791,-102.71627409999999,46093.0,84.7098686997035,0.0,24,22,0,0,22,22,28294,2,0,0,2,0
2020-06-04,US,South Dakota,Miner,2,0,0,44.02197882,-97.60992207,46097.0,90.25270758122744,0.0,2,2,0,0,2,2,2213,0,0,0,0,0
2020-06-04,US,South Dakota,Minnehaha,3385,50,0,43.67441641,-96.7910885,46099.0,1752.6691312767302,1.4771048744460855,3335,3377,49,0,3328,3362,192876,8,1,0,7,15
2020-06-04,US,South Dakota,Moody,19,0,0,44.02266214,-96.67081159,46101.0,288.92944038929437,0.0,19,19,0,0,19,19,6579,0,0,0,0,0
2020-06-04,US,South Dakota,Oglala Lakota,34,0,0,43.33749164,-102.55554980000001,46102.0,239.82506877336533,0.0,34,32,0,0,32,31,14309,2,0,0,2,1
2020-06-04,US,South Dakota,Pennington,275,5,0,44.0025835,-102.8240777,46103.0,241.70511975390025,1.818181818181818,270,257,4,0,253,241,111729,18,1,0,17,16
2020-06-04,US,South Dakota,Roberts,37,0,0,45.62975048,-96.94672673,46109.0,355.974600731191,0.0,37,36,0,0,36,36,10447,1,0,0,1,0
2020-06-04,US,South Dakota,Sanborn,13,0,0,44.02351092,-98.09098159999999,46111.0,554.6075085324234,0.0,13,13,0,0,13,13,2429,0,0,0,0,0
2020-06-04,US,South Dakota,Spink,5,0,0,44.93837606,-98.34626602,46115.0,78.41907151819322,0.0,5,5,0,0,5,5,6495,0,0,0,0,0
2020-06-04,US,South Dakota,Stanley,10,0,0,44.41381872,-100.7349153,46117.0,322.7888960619755,0.0,10,10,0,0,10,10,3022,0,0,0,0,0
2020-06-04,US,South Dakota,Sully,1,0,0,44.71571812,-100.1278092,46119.0,71.89072609633357,0.0,1,1,0,0,1,1,1392,0,0,0,0,0
2020-06-04,US,South Dakota,Todd,31,1,0,43.19338568,-100.71955030000001,46121.0,304.6084307752776,3.2258064516129035,30,28,1,0,27,28,10283,3,0,0,3,0
2020-06-04,US,South Dakota,Tripp,6,0,0,43.34459388,-99.8854891,46123.0,110.27384671935306,0.0,6,6,0,0,6,6,5478,0,0,0,0,0
2020-06-04,US,South Dakota,Turner,25,0,0,43.3109081,-97.14865776,46125.0,298.18702290076334,0.0,25,25,0,0,25,25,8424,0,0,0,0,0
2020-06-04,US,South Dakota,Union,93,0,0,42.83112163,-96.6557828,46127.0,583.730856138589,0.0,93,92,0,0,92,91,15619,1,0,0,1,1
2020-06-04,US,South Dakota,Walworth,5,0,0,45.43019636,-100.03075140000001,46129.0,91.99632014719411,0.0,5,5,0,0,5,5,5587,0,0,0,0,0
2020-06-04,US,South Dakota,Yankton,51,0,0,43.00924485,-97.39467635,46135.0,223.54694485842026,0.0,51,51,0,0,51,51,22869,0,0,0,0,0
2020-06-04,US,South Dakota,Ziebach,2,0,0,44.97881876,-101.6654622,46137.0,72.5689404934688,0.0,2,1,0,0,1,1,2742,1,0,0,1,0
2020-06-04,US,Tennessee,Anderson,42,2,0,36.12684348,-84.19965764,47001.0,54.56104341500169,4.761904761904762,40,41,1,0,40,41,76482,1,1,0,0,0
2020-06-04,US,Tennessee,Bedford,297,4,0,35.51123746,-86.45549096,47003.0,597.429243859755,1.3468013468013469,293,295,4,0,291,295,49038,2,0,0,2,0
2020-06-04,US,Tennessee,Benton,7,1,0,36.07110411,-88.06849355,47005.0,43.31683168316832,14.285714285714285,6,7,1,0,6,7,16184,0,0,0,0,0
2020-06-04,US,Tennessee,Bledsoe,610,1,0,35.59942968,-85.20611967,47007.0,4049.3892724376,0.16393442622950818,609,610,1,0,609,609,14755,0,0,0,0,1
2020-06-04,US,Tennessee,Blount,93,3,0,35.68938198,-83.92847788,47009.0,69.87857658090887,3.2258064516129035,90,93,3,0,90,93,131349,0,0,0,0,0
2020-06-04,US,Tennessee,Bradley,166,1,0,35.15739424,-84.857186,47011.0,153.54731292202388,0.6024096385542169,165,161,1,0,160,157,106727,5,0,0,5,4
2020-06-04,US,Tennessee,Campbell,18,1,0,36.40355516,-84.15108559999999,47013.0,45.178454896842524,5.5555555555555545,17,18,1,0,17,18,39583,0,0,0,0,0
2020-06-04,US,Tennessee,Cannon,32,0,0,35.80990797,-86.05738983,47015.0,218.01335331789073,0.0,32,32,0,0,32,31,14462,0,0,0,0,1
2020-06-04,US,Tennessee,Carroll,28,1,0,35.97366108,-88.45189331,47017.0,100.83912558072531,3.571428571428572,27,28,1,0,27,28,28020,0,0,0,0,0
2020-06-04,US,Tennessee,Carter,19,1,0,36.28969086,-82.12588974,47019.0,33.693319856005395,5.2631578947368425,18,19,1,0,18,19,56351,0,0,0,0,0
2020-06-04,US,Tennessee,Cheatham,135,0,0,36.26136216,-87.08903581,47021.0,331.9644920943271,0.0,135,135,0,0,135,134,40439,0,0,0,0,1
2020-06-04,US,Tennessee,Chester,12,0,0,35.42527478,-88.6095842,47023.0,69.37619240330693,0.0,12,12,0,0,12,12,17276,0,0,0,0,0
2020-06-04,US,Tennessee,Claiborne,12,0,0,36.48319149,-83.65947309,47025.0,37.54810851403361,0.0,12,12,0,0,12,12,31756,0,0,0,0,0
2020-06-04,US,Tennessee,Clay,8,0,0,36.55151008,-85.53930419,47027.0,105.05581089954036,0.0,8,8,0,0,8,8,7717,0,0,0,0,0
2020-06-04,US,Tennessee,Cocke,21,0,0,35.9278914,-83.11828725,47029.0,58.326852571936456,0.0,21,21,0,0,21,21,35774,0,0,0,0,0
2020-06-04,US,Tennessee,Coffee,78,0,0,35.49090731,-86.07311784,47031.0,138.00424628450105,0.0,78,74,0,0,74,74,55700,4,0,0,4,0
2020-06-04,US,Tennessee,Crockett,16,2,0,35.81830662,-89.14916269,47033.0,112.43851018974001,12.5,14,16,2,0,14,16,14328,0,0,0,0,0
2020-06-04,US,Tennessee,Cumberland,120,2,0,35.95271721,-84.99840585,47035.0,198.28155981493717,1.6666666666666667,118,119,1,0,118,118,59673,1,1,0,0,1
2020-06-04,US,Tennessee,Davidson,5516,66,0,36.17007426,-86.78646056,47037.0,794.6477964226442,1.1965192168237853,5450,5429,65,0,5364,5323,692587,87,1,0,86,106
2020-06-04,US,Tennessee,DeKalb,38,0,0,35.97616272,-85.83689361,47041.0,185.45632015617372,0.0,38,38,0,0,38,40,20138,0,0,0,0,-2
2020-06-04,US,Tennessee,Decatur,5,0,0,35.60048904,-88.11043779,47039.0,42.87061647946497,0.0,5,5,0,0,5,5,11706,0,0,0,0,0
2020-06-04,US,Tennessee,Dickson,120,0,0,36.14669837,-87.35891709,47043.0,222.4364202565433,0.0,120,118,0,0,118,116,53446,2,0,0,2,2
2020-06-04,US,Tennessee,Dyer,57,0,0,36.05931946,-89.41542855,47045.0,153.3948706908151,0.0,57,57,0,0,57,55,37320,0,0,0,0,2
2020-06-04,US,Tennessee,Fayette,136,2,0,35.19615831,-89.41399032,47047.0,330.6347701359006,1.4705882352941178,134,125,2,0,123,121,40507,11,0,0,11,4
2020-06-04,US,Tennessee,Fentress,12,0,0,36.38128818,-84.92870012,47049.0,64.78432219402903,0.0,12,12,0,0,12,12,18217,0,0,0,0,0
2020-06-04,US,Tennessee,Franklin,54,1,0,35.15634626,-86.09201039,47051.0,127.93783169067476,1.851851851851852,53,54,1,0,53,54,41890,0,0,0,0,0
2020-06-04,US,Tennessee,Gibson,63,1,0,35.99438059,-88.93358327,47053.0,128.2233936458185,1.5873015873015872,62,63,1,0,62,62,49045,0,0,0,0,1
2020-06-04,US,Tennessee,Giles,13,0,0,35.20222469,-87.03992678,47055.0,44.12163996741786,0.0,13,12,0,0,12,12,29503,1,0,0,1,0
2020-06-04,US,Tennessee,Grainger,13,0,0,36.27469206,-83.51254721,47057.0,55.746140651801035,0.0,13,11,0,0,11,11,23145,2,0,0,2,0
2020-06-04,US,Tennessee,Greene,52,2,0,36.17470125,-82.84691273,47059.0,75.28703180877093,3.8461538461538463,50,52,2,0,50,52,69087,0,0,0,0,0
2020-06-04,US,Tennessee,Grundy,31,1,0,35.38433717,-85.72142731,47061.0,230.8780814776197,3.2258064516129035,30,31,1,0,30,31,13346,0,0,0,0,0
2020-06-04,US,Tennessee,Hamblen,42,2,0,36.21990035,-83.26586179,47063.0,64.68106076939662,4.761904761904762,40,43,2,0,41,43,64569,-1,0,0,-1,0
2020-06-04,US,Tennessee,Hamilton,964,19,0,35.17670231,-85.16652245,47065.0,262.0961164098269,1.970954356846473,945,935,16,0,919,910,364286,29,3,0,26,25
2020-06-04,US,Tennessee,Hancock,1,0,0,36.52692871,-83.22375847,47067.0,15.105740181268883,0.0,1,1,0,0,1,1,6549,0,0,0,0,0
2020-06-04,US,Tennessee,Hardeman,202,0,0,35.20772017,-88.99161161,47069.0,806.3872255489023,0.0,202,201,0,0,201,202,25220,1,0,0,1,-1
2020-06-04,US,Tennessee,Hardin,22,2,0,35.19732531,-88.18593755,47071.0,85.76329331046313,9.090909090909092,20,22,2,0,20,18,25776,0,0,0,0,4
2020-06-04,US,Tennessee,Hawkins,34,2,0,36.44355426,-82.94885298,47073.0,59.87391258408763,5.882352941176472,32,34,2,0,32,35,56530,0,0,0,0,-1
2020-06-04,US,Tennessee,Haywood,33,2,0,35.58332824,-89.28536625,47075.0,190.7073509015257,6.0606060606060606,31,33,2,0,31,32,17335,0,0,0,0,1
2020-06-04,US,Tennessee,Henderson,15,0,0,35.65581134,-88.38600175,47077.0,53.34850802005904,0.0,15,15,0,0,15,15,27847,0,0,0,0,0
2020-06-04,US,Tennessee,Henry,32,0,0,36.33160906,-88.30121797,47079.0,98.93337455557273,0.0,32,31,0,0,31,31,32358,1,0,0,1,0
2020-06-04,US,Tennessee,Hickman,58,0,0,35.80609681,-87.47643507,47081.0,230.3598379537692,0.0,58,58,0,0,58,58,25063,0,0,0,0,0
2020-06-04,US,Tennessee,Houston,8,0,0,36.28872054,-87.71878828,47083.0,97.54907938056334,0.0,8,8,0,0,8,8,8263,0,0,0,0,0
2020-06-04,US,Tennessee,Humphreys,15,1,0,36.03958805,-87.77992872,47085.0,80.72328059412334,6.666666666666668,14,15,1,0,14,15,18486,0,0,0,0,0
2020-06-04,US,Tennessee,Jackson,19,0,0,36.36380466,-85.67239905,47087.0,161.20821313422704,0.0,19,19,0,0,19,19,11758,0,0,0,0,0
2020-06-04,US,Tennessee,Jefferson,29,0,0,36.04818632,-83.45148924,47089.0,53.215891366180394,0.0,29,28,0,0,28,28,54012,1,0,0,1,0
2020-06-04,US,Tennessee,Johnson,19,0,0,36.45523950000001,-81.84886538,47091.0,106.8135821902406,0.0,19,19,0,0,19,16,17778,0,0,0,0,3
2020-06-04,US,Tennessee,Knox,435,5,0,35.99508821,-83.94635435,47093.0,92.49159602222349,1.1494252873563218,430,436,5,0,431,410,465289,-1,0,0,-1,26
2020-06-04,US,Tennessee,Lake,835,0,0,36.34180170000001,-89.48921915,47095.0,11901.368301026228,0.0,835,835,0,0,835,765,7411,0,0,0,0,70
2020-06-04,US,Tennessee,Lauderdale,59,1,0,35.75893438,-89.63015909999999,47097.0,230.17204384972496,1.6949152542372878,58,59,1,0,58,59,25825,0,0,0,0,0
2020-06-04,US,Tennessee,Lawrence,33,0,0,35.21675201,-87.39787695,47099.0,74.75873317928503,0.0,33,33,0,0,33,32,43734,0,0,0,0,1
2020-06-04,US,Tennessee,Lewis,3,0,0,35.52853208,-87.49022694,47101.0,24.45386371046625,0.0,3,3,0,0,3,3,12086,0,0,0,0,0
2020-06-04,US,Tennessee,Lincoln,29,0,0,35.13738622,-86.58910106,47103.0,84.38573008205785,0.0,29,29,0,0,29,28,34117,0,0,0,0,1
2020-06-04,US,Tennessee,Loudon,161,0,0,35.73939663,-84.31145275,47105.0,297.7731745209736,0.0,161,157,0,0,157,154,53054,4,0,0,4,3
2020-06-04,US,Tennessee,Macon,166,3,0,36.53157855,-86.00778595,47111.0,674.7418909031786,1.8072289156626504,163,158,3,0,155,157,24265,8,0,0,8,1
2020-06-04,US,Tennessee,Madison,173,2,0,35.61181957,-88.84076036,47113.0,176.55943827563684,1.1560693641618498,171,173,2,0,171,175,97605,0,0,0,0,-2
2020-06-04,US,Tennessee,Marion,44,1,0,35.12997174,-85.62265895,47115.0,152.21226692496626,2.272727272727273,43,42,1,0,41,42,28575,2,0,0,2,0
2020-06-04,US,Tennessee,Marshall,33,1,0,35.45798777,-86.76420988,47117.0,96.0,3.0303030303030303,32,33,1,0,32,32,33683,0,0,0,0,1
2020-06-04,US,Tennessee,Maury,107,1,0,35.618741299999996,-87.07462444,47119.0,111.01082096133295,0.9345794392523364,106,105,0,0,105,102,94340,2,1,0,1,3
2020-06-04,US,Tennessee,McMinn,146,14,0,35.42812616,-84.61520715,47107.0,271.40573298137343,9.58904109589041,132,144,14,0,130,143,53285,2,0,0,2,1
2020-06-04,US,Tennessee,McNairy,15,0,0,35.17468549,-88.5647812,47109.0,58.37938818401183,0.0,15,15,0,0,15,15,25832,0,0,0,0,0
2020-06-04,US,Tennessee,Meigs,27,0,0,35.51558739,-84.81482914,47121.0,217.35630333279664,0.0,27,27,0,0,27,27,12306,0,0,0,0,0
2020-06-04,US,Tennessee,Monroe,71,3,0,35.44550387,-84.24902965,47123.0,152.54055215382962,4.225352112676056,68,69,2,0,67,66,46357,2,1,0,1,3
2020-06-04,US,Tennessee,Montgomery,286,3,0,36.49609412,-87.38550661,47125.0,136.84668864507424,1.048951048951049,283,283,3,0,280,277,205950,3,0,0,3,6
2020-06-04,US,Tennessee,Moore,5,0,0,35.27724699,-86.36230578,47127.0,77.06535141800245,0.0,5,5,0,0,5,4,6411,0,0,0,0,1
2020-06-04,US,Tennessee,Morgan,17,0,0,36.13248031,-84.64880098,47129.0,79.42811755361397,0.0,17,17,0,0,17,17,21579,0,0,0,0,0
2020-06-04,US,Tennessee,Obion,45,3,0,36.35732446,-89.14921589,47131.0,149.655791679138,6.666666666666668,42,43,3,0,40,40,30267,2,0,0,2,3
2020-06-04,US,Tennessee,Out of TN,426,4,0,0.0,0.0,80047.0,0.0,0.9389671361502347,422,426,4,0,422,426,,0,0,0,0,0
2020-06-04,US,Tennessee,Overton,32,0,0,36.34117832,-85.28989535,47133.0,143.87842273279082,0.0,32,32,0,0,32,32,22068,0,0,0,0,0
2020-06-04,US,Tennessee,Perry,24,0,0,35.63708728,-87.86139634,47135.0,297.1768202080238,0.0,24,24,0,0,24,23,8064,0,0,0,0,1
2020-06-04,US,Tennessee,Pickett,3,0,0,36.55606529,-85.07763299999998,47137.0,59.429477020602214,0.0,3,3,0,0,3,3,5082,0,0,0,0,0
2020-06-04,US,Tennessee,Polk,19,0,0,35.12245443,-84.52075859,47139.0,112.88022813688214,0.0,19,18,0,0,18,18,16898,1,0,0,1,0
2020-06-04,US,Tennessee,Putnam,524,6,0,36.14005459,-85.50646123,47141.0,653.0001869275344,1.1450381679389312,518,519,6,0,513,507,78843,5,0,0,5,12
2020-06-04,US,Tennessee,Rhea,217,0,0,35.60536161,-84.93076643,47143.0,654.2647812584797,0.0,217,214,0,0,214,214,33044,3,0,0,3,0
2020-06-04,US,Tennessee,Roane,16,0,0,35.84923189,-84.52458689,47145.0,29.97264995691432,0.0,16,16,0,0,16,16,53140,0,0,0,0,0
2020-06-04,US,Tennessee,Robertson,523,5,0,36.52454807,-86.87346725,47147.0,728.2803949145697,0.9560229445506692,518,516,5,0,511,511,71012,7,0,0,7,5
2020-06-04,US,Tennessee,Rutherford,1343,28,0,35.84591405,-86.4107263,47149.0,404.17111816663413,2.084884586746091,1315,1321,28,0,1293,1278,324890,22,0,0,22,43
2020-06-04,US,Tennessee,Scott,12,0,0,36.42325673,-84.50360494,47151.0,54.37737901033171,0.0,12,12,0,0,12,12,22039,0,0,0,0,0
2020-06-04,US,Tennessee,Sequatchie,20,0,0,35.36979721,-85.41022136,47153.0,133.1026221216558,0.0,20,19,0,0,19,19,14876,1,0,0,1,0
2020-06-04,US,Tennessee,Sevier,97,2,0,35.78077323,-83.52244332,47155.0,98.72773536895674,2.061855670103093,95,94,2,0,92,90,97892,3,0,0,3,4
2020-06-04,US,Tennessee,Shelby,5546,124,0,35.1864775,-89.89692423,47157.0,591.7841663056491,2.2358456545257845,5422,5428,119,0,5309,5313,935764,118,5,0,113,115
2020-06-04,US,Tennessee,Smith,36,1,0,36.25359775,-85.95411046,47159.0,178.59800565560352,2.7777777777777777,35,37,1,0,36,36,19942,-1,0,0,-1,1
2020-06-04,US,Tennessee,Stewart,13,0,0,36.50235092,-87.83920548,47161.0,94.7867298578199,0.0,13,13,0,0,13,13,13561,0,0,0,0,0
2020-06-04,US,Tennessee,Sullivan,60,2,0,36.51240691,-82.30412917,47163.0,37.891226917927604,3.333333333333333,58,60,2,0,58,60,157668,0,0,0,0,0
2020-06-04,US,Tennessee,Sumner,938,46,0,36.46824103,-86.45917204,47165.0,490.3729029762185,4.904051172707889,892,931,46,0,885,913,187149,7,0,0,7,18
2020-06-04,US,Tennessee,Tipton,461,3,0,35.501942,-89.73694895,47167.0,748.3887725450087,0.6507592190889371,458,459,3,0,456,455,61581,2,0,0,2,4
2020-06-04,US,Tennessee,Trousdale,1394,4,0,36.39026213,-86.16087954,47169.0,12353.775257001065,0.2869440459110473,1390,1394,4,0,1390,1396,11012,0,0,0,0,-2
2020-06-04,US,Tennessee,Unassigned,161,0,0,0.0,0.0,90047.0,0.0,0.0,161,161,0,0,161,161,,0,0,0,0,0
2020-06-04,US,Tennessee,Unicoi,48,0,0,36.10890856,-82.43709629,47171.0,268.411340379131,0.0,48,48,0,0,48,49,17761,0,0,0,0,-1
2020-06-04,US,Tennessee,Union,4,0,0,36.28590426,-83.83651902,47173.0,20.02803925495694,0.0,4,4,0,0,4,5,19688,0,0,0,0,-1
2020-06-04,US,Tennessee,Van Buren,4,0,0,35.69864497,-85.45221699,47175.0,68.11989100817439,0.0,4,4,0,0,4,4,5765,0,0,0,0,0
2020-06-04,US,Tennessee,Warren,26,0,0,35.672829899999996,-85.77969117,47177.0,62.98907381834921,0.0,26,26,0,0,26,26,40878,0,0,0,0,0
2020-06-04,US,Tennessee,Washington,75,0,0,36.29472368,-82.49454720000001,47179.0,57.97101449275362,0.0,75,75,0,0,75,75,128607,0,0,0,0,0
2020-06-04,US,Tennessee,Wayne,64,0,0,35.23868267,-87.78644456,47181.0,383.85413542853723,0.0,64,64,0,0,64,64,16558,0,0,0,0,0
2020-06-04,US,Tennessee,Weakley,26,0,0,36.29896232,-88.71990865,47183.0,78.01248199711955,0.0,26,26,0,0,26,26,33415,0,0,0,0,0
2020-06-04,US,Tennessee,White,33,0,0,35.92929884,-85.45591799,47185.0,120.6801974766868,0.0,33,34,0,0,34,34,27107,-1,0,0,-1,0
2020-06-04,US,Tennessee,Williamson,589,11,0,35.89099229,-86.89281867,47187.0,247.05132291998729,1.867572156196944,578,577,11,0,566,567,231729,12,0,0,12,10
2020-06-04,US,Tennessee,Wilson,449,8,0,36.15496772,-86.29775884,47189.0,310.3894039002606,1.7817371937639201,441,442,8,0,434,430,140625,7,0,0,7,12
2020-06-04,US,Texas,Anderson,85,0,0,31.81534745,-95.65354823,48001.0,147.22438728674115,0.0,85,78,0,0,78,76,58057,7,0,0,7,2
2020-06-04,US,Texas,Andrews,27,0,0,32.30468633,-102.63765479999999,48003.0,144.34643143544506,0.0,27,27,0,0,27,27,18128,0,0,0,0,0
2020-06-04,US,Texas,Angelina,232,5,0,31.25457347,-94.60901487,48005.0,267.54310096292454,2.155172413793104,227,232,5,0,227,215,87092,0,0,0,0,17
2020-06-04,US,Texas,Aransas,5,0,0,28.10556197,-96.9995047,48007.0,21.267545725223307,0.0,5,5,0,0,5,5,23792,0,0,0,0,0
2020-06-04,US,Texas,Archer,1,0,0,33.61569967,-98.68754589,48009.0,11.691804045364199,0.0,1,1,0,0,1,1,8786,0,0,0,0,0
2020-06-04,US,Texas,Armstrong,3,0,0,34.96507426,-101.35748740000001,48011.0,158.9825119236884,0.0,3,3,0,0,3,3,1892,0,0,0,0,0
2020-06-04,US,Texas,Atascosa,38,2,0,28.89333001,-98.52730485,48013.0,74.28694309229175,5.2631578947368425,36,37,2,0,35,37,50310,1,0,0,1,0
2020-06-04,US,Texas,Austin,27,0,0,29.88548725,-96.27736949,48015.0,89.90410229088972,0.0,27,27,0,0,27,27,29989,0,0,0,0,0
2020-06-04,US,Texas,Bailey,19,0,0,34.06854817,-102.8299707,48017.0,271.42857142857144,0.0,19,19,0,0,19,17,7027,0,0,0,0,2
2020-06-04,US,Texas,Bandera,6,0,0,29.74619598,-99.24598147,48019.0,25.960539979231573,0.0,6,6,0,0,6,6,22824,0,0,0,0,0
2020-06-04,US,Texas,Bastrop,240,3,0,30.10370699,-97.31206354,48021.0,270.5048296383125,1.25,237,231,3,0,228,220,86976,9,0,0,9,11
2020-06-04,US,Texas,Bee,11,0,0,28.41761668,-97.74215593,48025.0,33.77859665284815,0.0,11,11,0,0,11,10,32587,0,0,0,0,1
2020-06-04,US,Texas,Bell,423,5,0,31.03736027,-97.4785025,48027.0,116.55332796949223,1.182033096926714,418,411,4,0,407,391,355642,12,1,0,11,20
2020-06-04,US,Texas,Bexar,2882,75,0,29.44928723,-98.52019748,48029.0,143.84438852159712,2.60235947258848,2807,2882,75,0,2807,2839,1986049,0,0,0,0,43
2020-06-04,US,Texas,Blanco,11,1,0,30.26640707,-98.3999852,48031.0,92.19679825664237,9.090909090909092,10,11,1,0,10,11,11702,0,0,0,0,0
2020-06-04,US,Texas,Bosque,7,0,0,31.89978581,-97.63613524,48035.0,37.46320578003746,0.0,7,7,0,0,7,7,18691,0,0,0,0,0
2020-06-04,US,Texas,Bowie,296,6,0,33.44626922,-94.41834132,48037.0,317.4432945466245,2.0270270270270268,290,287,6,0,281,270,94324,9,0,0,9,17
2020-06-04,US,Texas,Brazoria,957,12,0,29.18757369,-95.44563172,48039.0,255.70185751234425,1.2539184952978055,945,941,12,0,929,929,370200,16,0,0,16,12
2020-06-04,US,Texas,Brazos,517,21,0,30.663644800000004,-96.30205577,48041.0,225.556365095916,4.061895551257253,496,501,19,0,482,487,226758,16,2,0,14,14
2020-06-04,US,Texas,Brewster,1,0,0,29.81008251,-103.25203259999999,48043.0,10.866021949364338,0.0,1,1,0,0,1,1,9267,0,0,0,0,0
2020-06-04,US,Texas,Briscoe,1,0,0,34.53026962,-101.2084947,48045.0,64.68305304010349,0.0,1,1,0,0,1,1,1516,0,0,0,0,0
2020-06-04,US,Texas,Brooks,1,0,0,27.03103197,-98.21808402,48047.0,14.098406880022555,0.0,1,1,0,0,1,1,7114,0,0,0,0,0
2020-06-04,US,Texas,Brown,59,10,0,31.77430356,-98.99907113,48049.0,155.8208324529896,16.949152542372882,49,59,10,0,49,59,37924,0,0,0,0,0
2020-06-04,US,Texas,Burleson,28,0,0,30.49273808,-96.62158484,48051.0,151.81911836469118,0.0,28,26,0,0,26,25,18389,2,0,0,2,1
2020-06-04,US,Texas,Burnet,49,0,0,30.78801353,-98.181887,48053.0,101.75475028553629,0.0,49,45,0,0,45,39,47542,4,0,0,4,6
2020-06-04,US,Texas,Caldwell,73,0,0,29.83668859,-97.61814775,48055.0,167.1857823378527,0.0,73,73,0,0,73,67,43247,0,0,0,0,6
2020-06-04,US,Texas,Calhoun,37,3,0,28.47048236,-96.61633945,48057.0,173.79051197745417,8.108108108108109,34,37,3,0,34,37,21561,0,0,0,0,0
2020-06-04,US,Texas,Callahan,10,1,0,32.29760619,-99.37326312,48059.0,71.72057663343614,10.0,9,9,1,0,8,9,13994,1,0,0,1,0
2020-06-04,US,Texas,Cameron,820,39,0,26.14524221,-97.48140372,48061.0,193.77875664932895,4.7560975609756095,781,799,36,0,763,776,423908,21,3,0,18,23
2020-06-04,US,Texas,Camp,85,0,0,32.97195142,-94.97790104,48063.0,649.1522834886208,0.0,85,84,0,0,84,84,13033,1,0,0,1,0
2020-06-04,US,Texas,Carson,6,0,0,35.40365929,-101.35426690000001,48065.0,101.24873439082012,0.0,6,6,0,0,6,6,6005,0,0,0,0,0
2020-06-04,US,Texas,Cass,30,1,0,33.07499881,-94.34646905,48067.0,99.9134083794045,3.333333333333333,29,30,1,0,29,30,30119,0,0,0,0,0
2020-06-04,US,Texas,Castro,34,1,0,34.53016752,-102.2617243,48069.0,451.527224435591,2.9411764705882355,33,33,1,0,32,33,7665,1,0,0,1,0
2020-06-04,US,Texas,Chambers,73,0,0,29.70972016,-94.67154501,48071.0,166.52599402331361,0.0,73,69,0,0,69,68,42454,4,0,0,4,1
2020-06-04,US,Texas,Cherokee,49,2,0,31.837258000000002,-95.16559897,48073.0,93.074497587661,4.081632653061225,47,47,2,0,45,46,52592,2,0,0,2,1
2020-06-04,US,Texas,Childress,2,0,0,34.529304100000004,-100.2077916,48075.0,27.37476047084588,0.0,2,2,0,0,2,2,7291,0,0,0,0,0
2020-06-04,US,Texas,Clay,5,0,0,33.78686685,-98.20771198,48077.0,47.75093114315729,0.0,5,4,0,0,4,4,10456,1,0,0,1,0
2020-06-04,US,Texas,Cochran,1,0,0,33.60425307,-102.82844990000001,48079.0,35.05082369435681,0.0,1,1,0,0,1,1,2836,0,0,0,0,0
2020-06-04,US,Texas,Coke,1,0,0,31.88911733,-100.5297533,48081.0,29.524653085326253,0.0,1,1,0,0,1,1,3370,0,0,0,0,0
2020-06-04,US,Texas,Coleman,4,0,0,31.76736834,-99.45240766,48083.0,48.92966360856269,0.0,4,4,0,0,4,3,8397,0,0,0,0,1
2020-06-04,US,Texas,Collin,1388,34,0,33.18820114,-96.57264368,48085.0,134.14127356895037,2.44956772334294,1354,1346,34,0,1312,1312,1005146,42,0,0,42,34
2020-06-04,US,Texas,Collingsworth,5,0,0,34.96489496,-100.27001109999999,48087.0,171.23287671232876,0.0,5,5,0,0,5,5,2962,0,0,0,0,0
2020-06-04,US,Texas,Colorado,24,0,0,29.622097999999998,-96.5273805,48089.0,111.66426278323178,0.0,24,23,0,0,23,23,21217,1,0,0,1,0
2020-06-04,US,Texas,Comal,111,7,0,29.80811278,-98.27647225,48091.0,71.05864578865494,6.306306306306308,104,108,7,0,101,100,148373,3,0,0,3,8
2020-06-04,US,Texas,Comanche,12,1,0,31.94854689,-98.55876441,48093.0,88.008800880088,8.333333333333334,11,12,1,0,11,12,13534,0,0,0,0,0
2020-06-04,US,Texas,Concho,1,0,0,31.32635934,-99.86473038,48095.0,36.683785766691116,0.0,1,1,0,0,1,1,4276,0,0,0,0,0
2020-06-04,US,Texas,Cooke,19,0,0,33.63979567,-97.21240912,48097.0,46.05279104152022,0.0,19,18,0,0,18,16,40574,1,0,0,1,2
2020-06-04,US,Texas,Coryell,289,2,0,31.39078397,-97.79936155,48099.0,380.5084857342234,0.6920415224913494,287,289,2,0,287,285,74808,0,0,0,0,4
2020-06-04,US,Texas,Cottle,4,1,0,34.07783319,-100.27850620000001,48101.0,286.12303290414883,25.0,3,4,1,0,3,4,1389,0,0,0,0,0
2020-06-04,US,Texas,Crane,25,5,0,31.43052248,-102.5143314,48103.0,521.1590577444236,20.0,20,25,5,0,20,25,4794,0,0,0,0,0
2020-06-04,US,Texas,Crosby,3,1,0,33.61431553,-101.30003640000001,48107.0,52.292138748474805,33.333333333333336,2,3,1,0,2,4,5779,0,0,0,0,-1
2020-06-04,US,Texas,Dallam,27,1,0,36.27787176,-102.60207249999999,48111.0,370.52284890901603,3.703703703703704,26,27,1,0,26,26,7200,0,0,0,0,1
2020-06-04,US,Texas,Dallas,11243,250,0,32.76670599,-96.77796049999999,48113.0,426.59577858757075,2.2236057991639244,10993,10958,249,0,10709,10719,2637772,285,1,0,284,239
2020-06-04,US,Texas,Dawson,45,1,0,32.74255572,-101.94772420000001,48115.0,353.55122564424886,2.2222222222222223,44,43,1,0,42,42,12619,2,0,0,2,1
2020-06-04,US,Texas,DeWitt,17,1,0,29.08101855,-97.35681170000001,48123.0,84.32539682539681,5.882352941176472,16,17,1,0,16,17,20187,0,0,0,0,0
2020-06-04,US,Texas,Deaf Smith,166,13,0,34.96522957,-102.6054267,48117.0,895.0717135770517,7.831325301204818,153,166,13,0,153,166,18760,0,0,0,0,0
2020-06-04,US,Texas,Delta,2,0,0,33.38570922,-95.66921122,48119.0,37.51641343087601,0.0,2,2,0,0,2,1,5349,0,0,0,0,1
2020-06-04,US,Texas,Denton,1435,32,0,33.20521901,-97.11691153,48121.0,161.7435389937185,2.229965156794425,1403,1416,32,0,1384,1398,859064,19,0,0,19,18
2020-06-04,US,Texas,Dickens,1,0,0,33.61616822,-100.7788855,48125.0,45.22840343735866,0.0,1,1,0,0,1,1,2249,0,0,0,0,0
2020-06-04,US,Texas,Dimmit,1,0,0,28.42270064,-99.75645095,48127.0,9.877518767285656,0.0,1,1,0,0,1,1,10308,0,0,0,0,0
2020-06-04,US,Texas,Donley,27,0,0,34.96517499,-100.8140093,48129.0,823.672971323978,0.0,27,26,0,0,26,26,3319,1,0,0,1,0
2020-06-04,US,Texas,Duval,5,0,0,27.68184592,-98.50864568,48131.0,44.81491440351349,0.0,5,5,0,0,5,5,11212,0,0,0,0,0
2020-06-04,US,Texas,Eastland,7,0,0,32.32743996,-98.83243566,48133.0,38.12636165577342,0.0,7,7,0,0,7,6,18322,0,0,0,0,1
2020-06-04,US,Texas,Ector,175,5,0,31.86898877,-102.54294279999999,48135.0,105.28025604158267,2.8571428571428568,170,167,5,0,162,161,162124,8,0,0,8,6
2020-06-04,US,Texas,El Paso,3069,89,0,31.76980765,-106.23632749999999,48141.0,365.6888749079522,2.899967416096448,2980,2872,88,0,2784,2833,840758,197,1,0,196,39
2020-06-04,US,Texas,Ellis,338,15,0,32.34894117,-96.79371841,48139.0,182.87470377544284,4.437869822485207,323,335,15,0,320,335,179436,3,0,0,3,0
2020-06-04,US,Texas,Erath,17,1,0,32.23602653,-98.21773417,48143.0,39.81451121832404,5.882352941176472,16,17,1,0,16,17,42446,0,0,0,0,0
2020-06-04,US,Texas,Falls,10,0,0,31.25350609,-96.93630086,48145.0,57.813493669422435,0.0,10,9,0,0,9,9,17335,1,0,0,1,0
2020-06-04,US,Texas,Fannin,41,2,0,33.59564294,-96.10751083,48147.0,115.44742918285746,4.878048780487805,39,41,2,0,39,40,35286,0,0,0,0,1
2020-06-04,US,Texas,Fayette,38,2,0,29.87788372,-96.92076062,48149.0,149.92503748125938,5.2631578947368425,36,36,2,0,34,34,25349,2,0,0,2,2
2020-06-04,US,Texas,Fisher,2,1,0,32.74281316,-100.40193020000001,48151.0,52.219321148825074,50.0,1,2,1,0,1,2,3839,0,0,0,0,0
2020-06-04,US,Texas,Floyd,15,0,0,34.07227468,-101.3031546,48153.0,262.60504201680675,0.0,15,15,0,0,15,11,5837,0,0,0,0,4
2020-06-04,US,Texas,Fort Bend,1951,47,0,29.52704478,-95.77219463,48157.0,240.36329229950425,2.4090210148641718,1904,1916,45,0,1871,1881,787858,35,2,0,33,35
2020-06-04,US,Texas,Franklin,18,0,0,33.17653242,-95.21917243,48159.0,167.83216783216784,0.0,18,17,0,0,17,16,10766,1,0,0,1,1
2020-06-04,US,Texas,Freestone,10,0,0,31.70422788,-96.15072516,48161.0,50.717654815641325,0.0,10,10,0,0,10,10,19808,0,0,0,0,0
2020-06-04,US,Texas,Frio,37,0,0,28.86751206,-99.10804207,48163.0,182.21215404313995,0.0,37,37,0,0,37,37,19816,0,0,0,0,0
2020-06-04,US,Texas,Gaines,7,0,0,32.74055318,-102.6353295,48165.0,32.570258700911964,0.0,7,7,0,0,7,7,20901,0,0,0,0,0
2020-06-04,US,Texas,Galveston,876,38,0,29.40167322,-94.90469073,48167.0,256.03628934438933,4.337899543378995,838,857,37,0,820,847,337890,19,1,0,18,10
2020-06-04,US,Texas,Garza,6,0,0,33.17969345,-101.2984114,48169.0,96.3236474554503,0.0,6,6,0,0,6,5,6578,0,0,0,0,1
2020-06-04,US,Texas,Gillespie,5,0,0,30.31824095,-98.94676915,48171.0,18.526752630798875,0.0,5,5,0,0,5,5,26804,0,0,0,0,0
2020-06-04,US,Texas,Glasscock,1,0,0,31.86942909,-101.5207776,48173.0,70.97232079489001,0.0,1,1,0,0,1,1,1388,0,0,0,0,0
2020-06-04,US,Texas,Goliad,7,0,0,28.65696592,-97.42760647,48175.0,91.40767824497256,0.0,7,7,0,0,7,7,7584,0,0,0,0,0
2020-06-04,US,Texas,Gonzales,144,3,0,29.45634206,-97.49424032,48177.0,691.0783702068436,2.083333333333333,141,143,3,0,140,132,20826,1,0,0,1,11
2020-06-04,US,Texas,Gray,101,2,0,35.40081878,-100.8129222,48179.0,461.48222608059945,1.98019801980198,99,100,2,0,98,100,21895,1,0,0,1,0
2020-06-04,US,Texas,Grayson,355,2,0,33.62744998,-96.67753461,48181.0,260.62314627198776,0.5633802816901409,353,350,2,0,348,342,133991,5,0,0,5,8
2020-06-04,US,Texas,Gregg,249,9,0,32.47940482,-94.81591935,48183.0,200.89555851385688,3.614457831325301,240,244,7,0,237,236,123707,5,2,0,3,8
2020-06-04,US,Texas,Grimes,226,1,0,30.54579585,-95.98902499,48185.0,782.5484764542938,0.4424778761061947,225,226,1,0,225,218,28360,0,0,0,0,8
2020-06-04,US,Texas,Guadalupe,142,0,0,29.58165339,-97.94786822,48187.0,85.10791323787663,0.0,142,135,0,0,135,133,163694,7,0,0,7,2
2020-06-04,US,Texas,Hale,60,4,0,34.07044901,-101.82681140000001,48189.0,179.60845357121474,6.666666666666668,56,60,4,0,56,58,33830,0,0,0,0,2
2020-06-04,US,Texas,Hall,2,1,0,34.5307555,-100.68138520000001,48191.0,67.47638326585695,50.0,1,2,0,0,2,2,3028,0,1,0,-1,0
2020-06-04,US,Texas,Hamilton,9,1,0,31.70470573,-98.11083887,48193.0,106.37040538943388,11.111111111111109,8,8,1,0,7,8,8484,1,0,0,1,0
2020-06-04,US,Texas,Hansford,20,2,0,36.27743284,-101.3545796,48195.0,370.4389701796629,10.0,18,20,2,0,18,19,5463,0,0,0,0,1
2020-06-04,US,Texas,Hardeman,2,0,0,34.28944521,-99.74632408,48197.0,50.85176709890669,0.0,2,2,0,0,2,1,3922,0,0,0,0,1
2020-06-04,US,Texas,Hardin,142,5,0,30.33364686,-94.38931817,48199.0,246.5192180827054,3.5211267605633805,137,138,5,0,133,138,57207,4,0,0,4,0
2020-06-04,US,Texas,Harris,13603,247,0,29.86,-95.39,48201.0,288.60729951785635,1.8157759317797544,13356,13268,241,0,13027,13027,4698619,335,6,0,329,241
2020-06-04,US,Texas,Harrison,255,27,0,32.54935988,-94.36934071,48203.0,383.15327633615317,10.588235294117649,228,250,26,0,224,247,66726,5,1,0,4,3
2020-06-04,US,Texas,Hartley,12,2,0,35.84008013,-102.6029022,48205.0,215.20803443328552,16.666666666666668,10,12,2,0,10,12,5619,0,0,0,0,0
2020-06-04,US,Texas,Haskell,3,0,0,33.17823584,-99.73037358,48207.0,53.022269353128316,0.0,3,3,0,0,3,3,5813,0,0,0,0,0
2020-06-04,US,Texas,Hays,385,5,0,30.05669873,-98.02944344,48209.0,167.25241212732035,1.2987012987012987,380,371,5,0,366,353,222631,14,0,0,14,18
2020-06-04,US,Texas,Hemphill,1,0,0,35.83764858,-100.2703577,48211.0,26.18486514794449,0.0,1,1,0,0,1,1,3825,0,0,0,0,0
2020-06-04,US,Texas,Henderson,65,3,0,32.21128872,-95.85846587,48213.0,78.56219103907563,4.615384615384615,62,63,3,0,60,59,82299,2,0,0,2,4
2020-06-04,US,Texas,Hidalgo,634,11,0,26.39418217,-98.18299696,48215.0,72.98202961412767,1.7350157728706626,623,610,11,0,599,584,865939,24,0,0,24,26
2020-06-04,US,Texas,Hill,25,1,0,31.99045053,-97.13423143,48217.0,68.21468525744223,4.0,24,24,1,0,23,24,36354,1,0,0,1,0
2020-06-04,US,Texas,Hockley,27,1,0,33.60771256,-102.3431676,48219.0,117.28421875678728,3.703703703703704,26,27,1,0,26,27,22980,0,0,0,0,0
2020-06-04,US,Texas,Hood,27,3,0,32.42990927,-97.83242024,48221.0,43.800593741381824,11.111111111111109,24,27,3,0,24,27,60537,0,0,0,0,0
2020-06-04,US,Texas,Hopkins,27,0,0,33.14875072,-95.56351139,48223.0,72.80767986193506,0.0,27,27,0,0,27,26,36810,0,0,0,0,1
2020-06-04,US,Texas,Houston,145,0,0,31.31925973,-95.42226208,48225.0,631.3131313131313,0.0,145,127,0,0,127,114,23169,18,0,0,18,13
2020-06-04,US,Texas,Howard,9,1,0,32.30621324,-101.4356444,48227.0,24.547239799258126,11.111111111111109,8,9,1,0,8,9,36459,0,0,0,0,0
2020-06-04,US,Texas,Hudspeth,3,0,0,31.45628381,-105.388178,48229.0,61.39991813344249,0.0,3,2,0,0,2,2,4795,1,0,0,1,0
2020-06-04,US,Texas,Hunt,96,4,0,33.12351514,-96.08551032,48231.0,97.36900825608048,4.166666666666667,92,91,4,0,87,89,96493,5,0,0,5,2
2020-06-04,US,Texas,Hutchinson,44,0,0,35.84006574,-101.3546643,48233.0,210.14423536154356,0.0,44,42,0,0,42,42,21198,2,0,0,2,0
2020-06-04,US,Texas,Irion,1,0,0,31.30375559,-100.982439,48235.0,65.10416666666667,0.0,1,1,0,0,1,1,1522,0,0,0,0,0
2020-06-04,US,Texas,Jack,4,0,0,33.23377248,-98.17283469,48237.0,44.76776720761052,0.0,4,4,0,0,4,4,8843,0,0,0,0,0
2020-06-04,US,Texas,Jackson,19,1,0,28.95472367,-96.57749563,48239.0,128.72628726287263,5.2631578947368425,18,19,1,0,18,19,14874,0,0,0,0,0
2020-06-04,US,Texas,Jasper,29,1,0,30.74685667,-94.02667579,48241.0,81.62346252357229,3.4482758620689653,28,29,1,0,28,29,35872,0,0,0,0,0
2020-06-04,US,Texas,Jefferson,585,29,0,29.8832777,-94.16434171,48245.0,232.54427285194683,4.9572649572649565,556,581,29,0,552,562,255001,4,0,0,4,19
2020-06-04,US,Texas,Jim Hogg,4,0,0,27.04453923,-98.69681870000001,48247.0,76.92307692307692,0.0,4,4,0,0,4,4,5248,0,0,0,0,0
2020-06-04,US,Texas,Jim Wells,12,0,0,27.73103938,-98.0904705,48249.0,29.642804209278196,0.0,12,12,0,0,12,9,40822,0,0,0,0,3
2020-06-04,US,Texas,Johnson,178,4,0,32.37877812,-97.36615819,48251.0,101.2416319241029,2.247191011235955,174,176,4,0,172,176,171361,2,0,0,2,0
2020-06-04,US,Texas,Jones,636,0,0,32.73997145,-99.87861576,48253.0,3166.857541204004,0.0,636,637,0,0,637,606,19817,-1,0,0,-1,31
2020-06-04,US,Texas,Karnes,4,0,0,28.90705334,-97.85960149,48255.0,25.63938209089161,0.0,4,4,0,0,4,4,15650,0,0,0,0,0
2020-06-04,US,Texas,Kaufman,240,2,0,32.599141700000004,-96.28734728,48257.0,176.27098726442117,0.8333333333333334,238,230,2,0,228,227,128622,10,0,0,10,3
2020-06-04,US,Texas,Kendall,31,0,0,29.94414155,-98.7113588,48259.0,65.35809913347809,0.0,31,31,0,0,31,30,45641,0,0,0,0,1
2020-06-04,US,Texas,Kerr,20,0,0,30.06040006,-99.34930144,48265.0,38.02281368821293,0.0,20,20,0,0,20,20,52405,0,0,0,0,0
2020-06-04,US,Texas,Kimble,1,0,0,30.48678918,-99.74856473,48267.0,23.057412958266077,0.0,1,1,0,0,1,1,4362,0,0,0,0,0
2020-06-04,US,Texas,Kinney,1,0,0,29.34967888,-100.41866379999999,48271.0,27.27024815925825,0.0,1,1,0,0,1,1,3767,0,0,0,0,0
2020-06-04,US,Texas,Kleberg,17,1,0,27.42435506,-97.69894948,48273.0,55.41069100391135,5.882352941176472,16,17,1,0,16,17,31129,0,0,0,0,0
2020-06-04,US,Texas,Knox,1,0,0,33.60519951,-99.74229059999999,48275.0,27.29257641921397,0.0,1,1,0,0,1,1,3653,0,0,0,0,0
2020-06-04,US,Texas,La Salle,4,0,0,28.34453111,-99.09908775,48283.0,53.19148936170214,0.0,4,4,0,0,4,4,7531,0,0,0,0,0
2020-06-04,US,Texas,Lamar,152,11,0,33.66981763,-95.57404777,48277.0,304.859704366313,7.236842105263157,141,151,11,0,140,145,49728,1,0,0,1,6
2020-06-04,US,Texas,Lamb,16,0,0,34.06859623,-102.35162890000001,48279.0,124.09834794074304,0.0,16,16,0,0,16,16,13158,0,0,0,0,0
2020-06-04,US,Texas,Lampasas,9,0,0,31.19531316,-98.24206613,48281.0,42.001120029867465,0.0,9,9,0,0,9,9,21229,0,0,0,0,0
2020-06-04,US,Texas,Lavaca,17,1,0,29.38508402,-96.93186692,48285.0,84.35050114121266,5.882352941176472,16,14,1,0,13,13,20110,3,0,0,3,1
2020-06-04,US,Texas,Lee,25,1,0,30.31120597,-96.97045773,48287.0,145.02001276176114,4.0,24,25,1,0,24,24,17144,0,0,0,0,1
2020-06-04,US,Texas,Leon,10,0,0,31.29872538,-95.9936328,48289.0,57.45805561939784,0.0,10,10,0,0,10,10,17270,0,0,0,0,0
2020-06-04,US,Texas,Liberty,97,3,0,30.15152688,-94.81205615,48291.0,109.95363810517007,3.0927835051546397,94,97,3,0,94,95,86323,0,0,0,0,2
2020-06-04,US,Texas,Limestone,30,1,0,31.5454767,-96.58095444,48293.0,128.00273072492217,3.333333333333333,29,27,1,0,26,26,23519,3,0,0,3,1
2020-06-04,US,Texas,Lipscomb,4,0,0,36.27783108,-100.27331509999999,48295.0,123.72409526755337,0.0,4,3,0,0,3,2,3355,1,0,0,1,1
2020-06-04,US,Texas,Live Oak,9,0,0,28.35101362,-98.1246786,48297.0,73.72818874416319,0.0,9,9,0,0,9,9,12166,0,0,0,0,0
2020-06-04,US,Texas,Llano,3,0,0,30.70645047,-98.68475262,48299.0,13.764624913971096,0.0,3,3,0,0,3,3,21646,0,0,0,0,0
2020-06-04,US,Texas,Lubbock,707,50,0,33.61008596,-101.82047890000001,48303.0,227.6466743300201,7.072135785007073,657,706,50,0,656,704,307412,1,0,0,1,2
2020-06-04,US,Texas,Lynn,8,1,0,33.17657705,-101.8162849,48305.0,134.43118803562427,12.5,7,7,1,0,6,7,5877,1,0,0,1,0
2020-06-04,US,Texas,Madison,9,0,0,30.96694679,-95.93003775,48313.0,63.007560907308886,0.0,9,9,0,0,9,8,14422,0,0,0,0,1
2020-06-04,US,Texas,Marion,17,1,0,32.79868409,-94.35661230000001,48315.0,172.51877410188752,5.882352941176472,16,17,1,0,16,16,9928,0,0,0,0,1
2020-06-04,US,Texas,Martin,3,1,0,32.30600051,-101.9513518,48317.0,51.984058222145215,33.333333333333336,2,3,1,0,2,3,5753,0,0,0,0,0
2020-06-04,US,Texas,Mason,32,0,0,30.71780434,-99.22629416,48319.0,748.7131492746843,0.0,32,32,0,0,32,32,4280,0,0,0,0,0
2020-06-04,US,Texas,Matagorda,70,5,0,28.81955746,-96.01230294,48321.0,191.03239363589225,7.142857142857142,65,70,5,0,65,70,36552,0,0,0,0,0
2020-06-04,US,Texas,Maverick,129,1,0,28.7429195,-100.3157686,48323.0,219.67916624093186,0.7751937984496124,128,120,1,0,119,120,58485,9,0,0,9,0
2020-06-04,US,Texas,McCulloch,3,0,0,31.1925468,-99.34682807,48307.0,37.5751503006012,0.0,3,3,0,0,3,3,7987,0,0,0,0,0
2020-06-04,US,Texas,McLennan,123,4,0,31.55255453,-97.20217694,48309.0,47.93023228627208,3.2520325203252027,119,121,4,0,117,120,254607,2,0,0,2,1
2020-06-04,US,Texas,Medina,76,2,0,29.355730100000002,-99.11030298,48325.0,147.33250620347394,2.631578947368421,74,74,2,0,72,73,50921,2,0,0,2,1
2020-06-04,US,Texas,Midland,141,13,0,31.86904128,-102.03156820000001,48329.0,79.73669923995656,9.21985815602837,128,137,13,0,124,132,172578,4,0,0,4,5
2020-06-04,US,Texas,Milam,29,1,0,30.78581830000001,-96.97718698,48331.0,116.8271361237562,3.4482758620689653,28,29,1,0,28,29,25131,0,0,0,0,0
2020-06-04,US,Texas,Mills,1,0,0,31.49557106,-98.59272068,48333.0,20.521239482864765,0.0,1,1,0,0,1,1,4921,0,0,0,0,0
2020-06-04,US,Texas,Mitchell,1,0,0,32.30623474,-100.9212058,48335.0,11.702750146284375,0.0,1,1,0,0,1,1,8145,0,0,0,0,0
2020-06-04,US,Texas,Montague,9,1,0,33.67521893,-97.72500958,48337.0,45.41326067211626,11.111111111111109,8,9,1,0,8,9,19596,0,0,0,0,0
2020-06-04,US,Texas,Montgomery,1053,27,0,30.30079133,-95.50572772,48339.0,173.36443905161582,2.5641025641025643,1026,1033,26,0,1007,1010,590925,20,1,0,19,23
2020-06-04,US,Texas,Moore,844,13,0,35.83769242,-101.8930281,48341.0,4030.5635148042015,1.5402843601895737,831,840,13,0,827,838,21485,4,0,0,4,2
2020-06-04,US,Texas,Morris,27,0,0,33.11304005,-94.73255695,48343.0,217.95285760413304,0.0,27,25,0,0,25,26,12339,2,0,0,2,-1
2020-06-04,US,Texas,Motley,1,0,0,34.07408766,-100.77972199999999,48345.0,83.33333333333333,0.0,1,1,0,0,1,1,1234,0,0,0,0,0
2020-06-04,US,Texas,Nacogdoches,298,21,0,31.62017125,-94.61803994,48347.0,457.027176246856,7.046979865771812,277,294,21,0,273,290,65711,4,0,0,4,4
2020-06-04,US,Texas,Navarro,61,2,0,32.04620681,-96.47428766,48349.0,121.72490172210804,3.278688524590164,59,58,2,0,56,57,49565,3,0,0,3,1
2020-06-04,US,Texas,Newton,5,0,0,30.78548982,-93.74408813,48351.0,36.778227289444644,0.0,5,5,0,0,5,5,13746,0,0,0,0,0
2020-06-04,US,Texas,Nolan,8,0,0,32.30365282,-100.4060208,48353.0,54.36998776675275,0.0,8,3,0,0,3,2,14751,5,0,0,5,1
2020-06-04,US,Texas,Nueces,285,3,0,27.736286,-97.5433285,48355.0,78.66539329936461,1.0526315789473684,282,280,3,0,277,275,362265,5,0,0,5,5
2020-06-04,US,Texas,Ochiltree,51,2,0,36.27829105,-100.8158184,48357.0,518.5034566897111,3.92156862745098,49,50,2,0,48,49,9947,1,0,0,1,1
2020-06-04,US,Texas,Oldham,4,1,0,35.40425596,-102.6027606,48359.0,189.3939393939394,25.0,3,4,1,0,3,4,2131,0,0,0,0,0
2020-06-04,US,Texas,Orange,101,2,0,30.11879481,-93.89412775,48361.0,121.10892608758213,1.98019801980198,99,98,2,0,96,98,83572,3,0,0,3,0
2020-06-04,US,Texas,Palo Pinto,13,2,0,32.75310985,-98.31319001,48363.0,44.53732570488883,15.384615384615385,11,13,2,0,11,13,28875,0,0,0,0,0
2020-06-04,US,Texas,Panola,213,23,0,32.163959600000005,-94.30552481,48365.0,918.3409502457532,10.798122065727698,190,199,23,0,176,199,23148,14,0,0,14,0
2020-06-04,US,Texas,Parker,81,1,0,32.77757172,-97.80500621,48367.0,56.69172300844077,1.2345679012345678,80,81,1,0,80,79,138371,0,0,0,0,2
2020-06-04,US,Texas,Parmer,71,0,0,34.52993409,-102.78446679999999,48369.0,739.1983342009371,0.0,71,69,0,0,69,59,9864,2,0,0,2,10
2020-06-04,US,Texas,Pecos,103,0,0,30.78097267,-102.72412609999999,48371.0,650.9511470644001,0.0,103,103,0,0,103,102,15673,0,0,0,0,1
2020-06-04,US,Texas,Polk,60,0,0,30.79472531,-94.82766240000001,48373.0,116.83835413705137,0.0,60,60,0,0,60,60,50031,0,0,0,0,0
2020-06-04,US,Texas,Potter,2488,31,0,35.40133773,-101.893964,48375.0,2118.9796874334625,1.2459807073954985,2457,2432,31,0,2401,2354,119648,56,0,0,56,78
2020-06-04,US,Texas,Presidio,1,0,0,29.99954402,-104.24080790000001,48377.0,14.916467780429594,0.0,1,1,0,0,1,1,6948,0,0,0,0,0
2020-06-04,US,Texas,Rains,4,0,0,32.87109387,-95.79232691,48379.0,31.9642000958926,0.0,4,4,0,0,4,3,12159,0,0,0,0,1
2020-06-04,US,Texas,Randall,715,6,0,34.96585996,-101.8971322,48381.0,519.1957186322279,0.8391608391608392,709,711,6,0,705,688,136271,4,0,0,4,23
2020-06-04,US,Texas,Reagan,2,0,0,31.36607041,-101.52326590000001,48383.0,51.96154845414394,0.0,2,2,0,0,2,2,3741,0,0,0,0,0
2020-06-04,US,Texas,Red River,76,8,0,33.61886692,-95.04841765,48387.0,632.1217666139897,10.526315789473683,68,74,8,0,66,72,12175,2,0,0,2,2
2020-06-04,US,Texas,Reeves,7,0,0,31.32323325,-103.69038959999999,48389.0,43.81572358537807,0.0,7,7,0,0,7,7,15695,0,0,0,0,0
2020-06-04,US,Texas,Refugio,3,0,0,28.323897600000002,-97.15766311,48391.0,43.17789291882556,0.0,3,3,0,0,3,3,7032,0,0,0,0,0
2020-06-04,US,Texas,Roberts,2,0,0,35.83809685,-100.813175,48393.0,234.192037470726,0.0,2,2,0,0,2,2,903,0,0,0,0,0
2020-06-04,US,Texas,Robertson,11,0,0,31.02539637,-96.51272246,48395.0,64.42544219280778,0.0,11,11,0,0,11,11,17284,0,0,0,0,0
2020-06-04,US,Texas,Rockwall,176,14,0,32.89779518,-96.40771592,48397.0,167.75484916360864,7.954545454545454,162,171,14,0,157,171,100657,5,0,0,5,0
2020-06-04,US,Texas,Runnels,2,0,0,31.8314342,-99.97616148,48399.0,19.48558067030397,0.0,2,2,0,0,2,2,10234,0,0,0,0,0
2020-06-04,US,Texas,Rusk,59,2,0,32.10773545,-94.76176432,48401.0,108.4439216262912,3.3898305084745757,57,57,2,0,55,56,54450,2,0,0,2,1
2020-06-04,US,Texas,Sabine,15,1,0,31.34318809,-93.85440451,48403.0,142.2879908935686,6.666666666666668,14,15,1,0,14,15,10589,0,0,0,0,0
2020-06-04,US,Texas,San Augustine,44,4,0,31.39457611,-94.17000399,48405.0,534.1750637367974,9.090909090909092,40,44,2,0,42,44,8232,0,2,0,-2,0
2020-06-04,US,Texas,San Jacinto,16,0,0,30.57933681,-95.16260304,48407.0,55.44197650646245,0.0,16,14,0,0,14,14,28719,2,0,0,2,0
2020-06-04,US,Texas,San Patricio,36,0,0,28.00880118,-97.51763891,48409.0,53.94874868874569,0.0,36,36,0,0,36,36,66893,0,0,0,0,0
2020-06-04,US,Texas,San Saba,1,0,0,31.1577796,-98.81758731,48411.0,16.515276630883566,0.0,1,1,0,0,1,1,6054,0,0,0,0,0
2020-06-04,US,Texas,Scurry,33,0,0,32.74613808,-100.91626640000001,48415.0,197.56929892833625,0.0,33,32,0,0,32,32,16866,1,0,0,1,0
2020-06-04,US,Texas,Shackelford,1,0,0,32.73587756,-99.35401337,48417.0,30.627871362940283,0.0,1,1,0,0,1,1,3253,0,0,0,0,0
2020-06-04,US,Texas,Shelby,213,8,0,31.79211404,-94.14550696,48419.0,842.7633140777083,3.755868544600939,205,207,7,0,200,203,25418,6,1,0,5,4
2020-06-04,US,Texas,Sherman,27,0,0,36.27751473,-101.8933156,48421.0,893.4480476505626,0.0,27,27,0,0,27,27,3079,0,0,0,0,0
2020-06-04,US,Texas,Smith,215,4,0,32.37474036,-95.27175679999999,48423.0,92.373394743739,1.8604651162790695,211,212,4,0,208,210,230221,3,0,0,3,2
2020-06-04,US,Texas,Starr,42,0,0,26.56150059,-98.73892358,48427.0,64.98228459146256,0.0,42,37,0,0,37,37,64525,5,0,0,5,0
2020-06-04,US,Texas,Stephens,4,0,0,32.73553157,-98.83631615,48429.0,42.707666026051676,0.0,4,4,0,0,4,4,9433,0,0,0,0,0
2020-06-04,US,Texas,Swisher,18,0,0,34.53028891,-101.73491740000001,48437.0,243.34189536298496,0.0,18,17,0,0,17,17,7462,1,0,0,1,0
2020-06-04,US,Texas,Tarrant,5761,168,0,32.77143818,-97.29101614,48439.0,274.00517951120446,2.9161603888213854,5593,5623,167,0,5456,5534,2084931,138,1,0,137,89
2020-06-04,US,Texas,Taylor,242,5,0,32.30163422,-99.89007449,48441.0,175.3191242737297,2.066115702479338,237,241,5,0,236,241,137640,1,0,0,1,0
2020-06-04,US,Texas,Terry,13,0,0,33.17402785,-102.3354521,48445.0,105.3740779768177,0.0,13,13,0,0,13,13,12287,0,0,0,0,0
2020-06-04,US,Texas,Titus,511,2,0,33.21339719,-94.96797273,48449.0,1560.3053435114505,0.3913894324853229,509,511,2,0,509,467,33033,0,0,0,0,44
2020-06-04,US,Texas,Tom Green,109,1,0,31.40464436,-100.46244300000001,48451.0,91.44295302013424,0.9174311926605504,108,107,1,0,106,106,118189,2,0,0,2,1
2020-06-04,US,Texas,Travis,3501,95,0,30.33432034,-97.78535620000001,48453.0,274.81369029023034,2.713510425592688,3406,3433,93,0,3340,3360,1248743,68,2,0,66,73
2020-06-04,US,Texas,Trinity,20,0,0,31.0879489,-95.1367187,48455.0,136.50945327963962,0.0,20,15,0,0,15,15,14740,5,0,0,5,0
2020-06-04,US,Texas,Tyler,14,0,0,30.77031716,-94.37690895,48457.0,64.59948320413437,0.0,14,12,0,0,12,12,21696,2,0,0,2,0
2020-06-04,US,Texas,Upshur,28,0,0,32.73706798,-94.93999853,48459.0,67.06104950542476,0.0,28,28,0,0,28,27,41260,0,0,0,0,1
2020-06-04,US,Texas,Uvalde,18,0,0,29.35739637,-99.76229172,48463.0,67.31236677760742,0.0,18,16,0,0,16,14,26846,2,0,0,2,2
2020-06-04,US,Texas,Val Verde,21,0,0,29.89149232,-101.1525205,48465.0,42.83528811830698,0.0,21,21,0,0,21,21,49208,0,0,0,0,0
2020-06-04,US,Texas,Van Zandt,35,1,0,32.56483801,-95.83766469,48467.0,61.84838310655593,2.8571428571428568,34,35,1,0,34,34,56019,0,0,0,0,1
2020-06-04,US,Texas,Victoria,167,7,0,28.79780988,-96.96813006,48469.0,181.3561530776248,4.1916167664670665,160,162,7,0,155,160,92035,5,0,0,5,2
2020-06-04,US,Texas,Walker,1801,27,0,30.73872995,-95.57440968,48471.0,2468.1037672500033,1.4991671293725708,1774,1730,27,0,1703,1574,72480,71,0,0,71,156
2020-06-04,US,Texas,Waller,64,0,0,30.01058447,-95.99011759,48473.0,115.84549107627701,0.0,64,63,0,0,63,63,53126,1,0,0,1,0
2020-06-04,US,Texas,Ward,1,0,0,31.50999644,-103.09279090000001,48475.0,8.334722453742291,0.0,1,1,0,0,1,1,11720,0,0,0,0,0
2020-06-04,US,Texas,Washington,206,25,0,30.21498498,-96.40946246,48477.0,574.1040075804025,12.135922330097088,181,204,25,0,179,205,35108,2,0,0,2,-1
2020-06-04,US,Texas,Webb,565,19,0,27.7610369,-99.33237355,48479.0,204.22769399823605,3.3628318584070795,546,552,19,0,533,551,275910,13,0,0,13,1
2020-06-04,US,Texas,Wharton,70,1,0,29.27765923,-96.22319248,48481.0,168.44739628453172,1.4285714285714286,69,68,0,0,68,64,41619,2,1,0,1,4
2020-06-04,US,Texas,Wheeler,15,0,0,35.40114335,-100.26995140000001,48483.0,296.67721518987344,0.0,15,15,0,0,15,15,5191,0,0,0,0,0
2020-06-04,US,Texas,Wichita,85,2,0,33.98842886,-98.70410340000001,48485.0,64.28193299553807,2.3529411764705883,83,85,2,0,83,85,132064,0,0,0,0,0
2020-06-04,US,Texas,Wilbarger,7,0,0,34.07945812,-99.24178437,48487.0,54.82026783616571,0.0,7,7,0,0,7,7,12820,0,0,0,0,0
2020-06-04,US,Texas,Willacy,21,2,0,26.47411727,-97.61535848,48489.0,98.32381309111341,9.523809523809524,19,21,2,0,19,21,21515,0,0,0,0,0
2020-06-04,US,Texas,Williamson,660,27,0,30.64655664,-97.60048540000001,48491.0,111.76003427307718,4.090909090909091,633,649,25,0,624,636,566719,11,2,0,9,13
2020-06-04,US,Texas,Wilson,41,5,0,29.1732598,-98.08693082,48493.0,80.28196592911691,12.19512195121951,36,41,5,0,36,40,50224,0,0,0,0,1
2020-06-04,US,Texas,Winkler,3,0,0,31.85008651,-103.04851629999999,48495.0,37.453183520599254,0.0,3,3,0,0,3,3,7720,0,0,0,0,0
2020-06-04,US,Texas,Wise,50,3,0,33.21570665,-97.65460265,48497.0,71.44490169181528,6.0,47,47,3,0,44,47,68305,3,0,0,3,0
2020-06-04,US,Texas,Wood,40,4,0,32.78722382,-95.38236368,48499.0,87.83679922703617,10.0,36,38,3,0,35,33,45129,2,1,0,1,5
2020-06-04,US,Texas,Yoakum,3,0,0,33.17320212,-102.82764329999999,48501.0,34.43130953747274,0.0,3,3,0,0,3,3,8591,0,0,0,0,0
2020-06-04,US,Texas,Young,4,1,0,33.17659707,-98.68790885,48503.0,22.209883398112158,25.0,3,4,1,0,3,4,18045,0,0,0,0,0
2020-06-04,US,Texas,Zapata,11,0,0,27.00156391,-99.16987152,48505.0,77.57951900698215,0.0,11,11,0,0,11,10,14190,0,0,0,0,1
2020-06-04,US,Texas,Zavala,12,0,0,28.86617238,-99.76050829,48507.0,101.35135135135135,0.0,12,12,0,0,12,12,11983,0,0,0,0,0
2020-06-04,US,Utah,Bear River,333,2,0,41.52106798,-113.08328159999999,0.0,178.24834866019333,0.6006006006006006,331,305,2,0,303,267,,28,0,0,28,38
2020-06-04,US,Utah,Central Utah,39,0,0,39.37231946,-111.5758676,0.0,47.58767113258657,0.0,39,39,0,0,39,38,,0,0,0,0,1
2020-06-04,US,Utah,Davis,513,2,0,40.99001837,-112.1139997,49011.0,144.3115103198202,0.3898635477582846,511,494,2,0,492,476,351713,19,0,0,19,18
2020-06-04,US,Utah,Salt Lake,5756,78,0,40.66616532,-111.92160109999999,49035.0,496.0200338320822,1.3551077136900624,5678,5603,78,0,5525,5449,1152633,153,0,0,153,154
2020-06-04,US,Utah,San Juan,312,5,0,37.62762978,-109.80337140000002,49037.0,2038.149986934936,1.6025641025641026,307,309,5,0,304,308,15449,3,0,0,3,1
2020-06-04,US,Utah,Southeast Utah,26,0,0,38.99617072,-110.70139579999999,0.0,64.62999328842378,0.0,26,26,0,0,26,26,,0,0,0,0,0
2020-06-04,US,Utah,Southwest Utah,524,4,0,37.85447192,-111.4418764,0.0,207.90185762690342,0.7633587786259542,520,498,4,0,494,476,,26,0,0,26,22
2020-06-04,US,Utah,Summit,419,0,0,40.86688146,-110.9535882,49043.0,994.1867362676476,0.0,419,418,0,0,418,417,41933,1,0,0,1,1
2020-06-04,US,Utah,Tooele,140,0,0,40.44862644,-113.12957150000001,49045.0,193.7474916619383,0.0,140,136,0,0,136,132,69907,4,0,0,4,4
2020-06-04,US,Utah,TriCounty,20,0,0,40.12491499,-109.5174415,0.0,35.321959662322065,0.0,20,20,0,0,20,20,,0,0,0,0,0
2020-06-04,US,Utah,Utah,2088,17,0,40.116672200000004,-111.66576620000001,49049.0,328.18062508349897,0.8141762452107281,2071,2028,17,0,2011,1991,622213,60,0,0,60,37
2020-06-04,US,Utah,Wasatch,313,2,0,40.33110236,-111.1691419,49051.0,918.1308849843068,0.6389776357827476,311,305,2,0,303,294,33240,8,0,0,8,11
2020-06-04,US,Utah,Weber-Morgan,330,7,0,41.27116049,-111.9145117,0.0,121.173399134161,2.121212121212121,323,316,7,0,309,308,,14,0,0,14,8
2020-06-04,US,Vermont,Addison,64,2,0,44.03217337,-73.14130877,50001.0,174.02180710770318,3.125,62,64,2,0,62,64,36973,0,0,0,0,0
2020-06-04,US,Vermont,Bennington,65,1,0,43.03519828,-73.09048868,50003.0,183.2534536227798,1.5384615384615383,64,64,1,0,63,64,35631,1,0,0,1,0
2020-06-04,US,Vermont,Caledonia,16,0,0,44.46548598,-72.10314651,50005.0,53.34578068215917,0.0,16,16,0,0,16,15,30302,0,0,0,0,1
2020-06-04,US,Vermont,Chittenden,491,39,0,44.46322849,-73.08359212,50007.0,299.80338759510056,7.942973523421589,452,457,39,0,418,457,164572,34,0,0,34,0
2020-06-04,US,Vermont,Essex,3,0,0,44.72736416,-71.73579864,50009.0,48.67759208177836,0.0,3,3,0,0,3,3,6250,0,0,0,0,0
2020-06-04,US,Vermont,Franklin,99,5,0,44.85627605,-72.91249563,50011.0,200.39674507104976,5.05050505050505,94,99,5,0,94,99,49421,0,0,0,0,0
2020-06-04,US,Vermont,Grand Isle,7,0,0,44.797582399999996,-73.29679772,50013.0,96.7519004837595,0.0,7,7,0,0,7,7,7090,0,0,0,0,0
2020-06-04,US,Vermont,Lamoille,29,1,0,44.60353043,-72.64356694,50015.0,114.34429461398943,3.4482758620689653,28,29,1,0,28,29,25300,0,0,0,0,0
2020-06-04,US,Vermont,Orange,9,0,0,44.00470222,-72.37640104,50017.0,31.150491485532328,0.0,9,9,0,0,9,9,28999,0,0,0,0,0
2020-06-04,US,Vermont,Orleans,10,0,0,44.82964024,-72.24562697,50019.0,36.98635203609868,0.0,10,10,0,0,10,10,26907,0,0,0,0,0
2020-06-04,US,Vermont,Rutland,56,1,0,43.57723578,-73.03741676,50021.0,96.23481294358234,1.7857142857142858,55,55,1,0,54,55,58672,1,0,0,1,0
2020-06-04,US,Vermont,Unassigned,5,0,0,0.0,0.0,90050.0,0.0,0.0,5,5,0,0,5,5,,0,0,0,0,0
2020-06-04,US,Vermont,Washington,39,1,0,44.27343241,-72.61604978,50023.0,66.77053193857111,2.5641025641025643,38,39,1,0,38,39,58140,0,0,0,0,0
2020-06-04,US,Vermont,Windham,81,3,0,42.986982,-72.71268875,50025.0,191.84311496376296,3.703703703703704,78,81,3,0,78,81,42756,0,0,0,0,0
2020-06-04,US,Vermont,Windsor,52,2,0,43.58010937,-72.58595157,50027.0,94.43899604082672,3.8461538461538463,50,52,2,0,50,51,55286,0,0,0,0,1
2020-06-04,US,Virginia,Accomack,966,12,0,37.76707161,-75.63234615,51001.0,2989.23134051244,1.2422360248447204,954,953,12,0,941,939,32412,13,0,0,13,14
2020-06-04,US,Virginia,Albemarle,213,8,0,38.02080697,-78.55481085,51003.0,194.8230128967347,3.755868544600939,205,204,8,0,196,200,108718,9,0,0,9,4
2020-06-04,US,Virginia,Alexandria,2031,46,0,38.814003,-77.08183073,51510.0,1273.9292972376245,2.2648941408173315,1985,2016,46,0,1970,2000,160530,15,0,0,15,16
2020-06-04,US,Virginia,Alleghany,24,2,0,37.78636074,-80.00222498,51005.0,161.50740242261102,8.333333333333334,22,24,2,0,22,24,14910,0,0,0,0,0
2020-06-04,US,Virginia,Amelia,28,1,0,37.34081025,-77.98584649,51007.0,213.00874857360213,3.571428571428572,27,28,1,0,27,26,13013,0,0,0,0,2
2020-06-04,US,Virginia,Amherst,27,0,0,37.60308293,-79.14548696,51009.0,85.42952064546748,0.0,27,27,0,0,27,27,31666,0,0,0,0,0
2020-06-04,US,Virginia,Appomattox,31,0,0,37.37569884,-78.81340003,51011.0,194.83376280560614,0.0,31,31,0,0,31,31,15841,0,0,0,0,0
2020-06-04,US,Virginia,Arlington,2150,120,0,38.8767675,-77.10139853,51013.0,907.7781812347473,5.5813953488372094,2030,2142,120,0,2022,2133,237521,8,0,0,8,9
2020-06-04,US,Virginia,Augusta,122,2,0,38.16404586,-79.12461614,51015.0,161.4653643558591,1.639344262295082,120,115,2,0,113,115,75457,7,0,0,7,0
2020-06-04,US,Virginia,Bedford,63,2,0,37.3080028,-79.5281964,51019.0,79.749863918883,3.1746031746031744,61,62,2,0,60,62,78747,1,0,0,1,0
2020-06-04,US,Virginia,Botetourt,34,4,0,37.55531756,-79.80982182,51023.0,101.73853197282983,11.764705882352944,30,34,4,0,30,34,33277,0,0,0,0,0
2020-06-04,US,Virginia,Bristol,4,0,0,36.616302399999995,-82.16359122,51520.0,23.863500775563768,0.0,4,4,0,0,4,4,16482,0,0,0,0,0
2020-06-04,US,Virginia,Brunswick,31,1,0,36.76366949,-77.8593436,51025.0,190.9925451296901,3.2258064516129035,30,30,1,0,29,28,16384,1,0,0,1,2
2020-06-04,US,Virginia,Buchanan,18,0,0,37.26818323,-82.03749726,51027.0,85.69796229289659,0.0,18,18,0,0,18,18,21221,0,0,0,0,0
2020-06-04,US,Virginia,Buckingham,469,3,0,37.57242268,-78.52518834,51029.0,2735.012829484488,0.6396588486140725,466,467,3,0,464,465,16999,2,0,0,2,2
2020-06-04,US,Virginia,Buena Vista,13,0,0,37.73484642,-79.35296097,51530.0,200.6792219820932,0.0,13,13,0,0,13,13,6237,0,0,0,0,0
2020-06-04,US,Virginia,Campbell,18,1,0,37.20553386,-79.09678609,51031.0,32.79584585952446,5.5555555555555545,17,18,1,0,17,18,54973,0,0,0,0,0
2020-06-04,US,Virginia,Caroline,76,3,0,38.02679129,-77.34901405,51033.0,247.3555736371033,3.947368421052632,73,76,2,0,74,76,30772,0,1,0,-1,0
2020-06-04,US,Virginia,Carroll,122,1,0,36.73066666,-80.73455942,51035.0,409.51965358665365,0.819672131147541,121,105,1,0,104,100,29636,17,0,0,17,5
2020-06-04,US,Virginia,Charles City,27,2,0,37.35358063,-77.05634116,51036.0,387.76389487289964,7.407407407407407,25,27,2,0,25,27,6941,0,0,0,0,0
2020-06-04,US,Virginia,Charlotte,28,0,0,37.01909701,-78.66314092,51037.0,235.69023569023568,0.0,28,27,0,0,27,25,11938,1,0,0,1,2
2020-06-04,US,Virginia,Charlottesville,131,3,0,38.03527919,-78.48569588,51540.0,277.1548258790674,2.2900763358778624,128,128,3,0,125,128,48117,3,0,0,3,0
2020-06-04,US,Virginia,Chesapeake,554,15,0,36.67670048,-76.30545744,51550.0,226.27483815630936,2.7075812274368234,539,548,15,0,533,541,242634,6,0,0,6,7
2020-06-04,US,Virginia,Chesterfield,1721,37,0,37.37373208,-77.58680140000001,51041.0,487.80902602592965,2.149912841371296,1684,1661,37,0,1624,1627,348556,60,0,0,60,34
2020-06-04,US,Virginia,Clarke,31,0,0,39.11271747,-77.99199425,51043.0,212.05280798960254,0.0,31,29,0,0,29,28,14523,2,0,0,2,1
2020-06-04,US,Virginia,Colonial Heights,97,17,0,37.26420587,-77.39609676,51570.0,558.434081750144,17.525773195876287,80,96,17,0,79,96,17833,1,0,0,1,0
2020-06-04,US,Virginia,Covington,4,0,0,37.7824656,-79.98631446,51580.0,72.22824124232575,0.0,4,4,0,0,4,4,5460,0,0,0,0,0
2020-06-04,US,Virginia,Craig,5,0,0,37.48133648,-80.21072274,51045.0,97.44689144416292,0.0,5,5,0,0,5,5,5064,0,0,0,0,0
2020-06-04,US,Virginia,Culpeper,732,8,0,38.48199985,-77.95630870000002,51047.0,1391.5027088679785,1.0928961748633879,724,727,8,0,719,720,51859,5,0,0,5,7
2020-06-04,US,Virginia,Cumberland,39,0,0,37.51328851,-78.24398086,51049.0,392.6701570680629,0.0,39,39,0,0,39,38,9809,0,0,0,0,1
2020-06-04,US,Virginia,Danville,58,2,0,36.58022376,-79.40395668,51590.0,144.8406752572171,3.4482758620689653,56,58,2,0,56,57,40693,0,0,0,0,1
2020-06-04,US,Virginia,Dinwiddie,90,0,0,37.07544585,-77.63451754,51053.0,315.30269058295966,0.0,90,84,0,0,84,83,28529,6,0,0,6,1
2020-06-04,US,Virginia,Emporia,89,6,0,36.69455571,-77.53406129,51595.0,1664.7961092405535,6.741573033707866,83,86,6,0,80,82,5121,3,0,0,3,4
2020-06-04,US,Virginia,Essex,52,0,0,37.93357639,-76.94230311,51057.0,474.75577467360534,0.0,52,48,0,0,48,48,10919,4,0,0,4,0
2020-06-04,US,Virginia,Fairfax,11815,403,0,38.83677558,-77.27565836,51059.0,1029.6009174471824,3.4109183241641983,11412,11596,396,0,11200,11426,1150795,219,7,0,212,170
2020-06-04,US,Virginia,Fairfax,11815,403,0,38.83677558,-77.27565836,51059.0,1029.6009174471824,3.4109183241641983,11412,11596,396,0,11200,11426,24574,219,7,0,212,170
2020-06-04,US,Virginia,Fairfax City,67,6,0,38.85157547,-77.29779640000002,51600.0,278.9458345476498,8.955223880597012,61,67,6,0,61,67,24574,0,0,0,0,0
2020-06-04,US,Virginia,Falls Church,56,8,0,38.88485255,-77.17560759,51610.0,383.1155503865362,14.285714285714285,48,55,8,0,47,55,14772,1,0,0,1,0
2020-06-04,US,Virginia,Fauquier,334,6,0,38.73564842,-77.80647472,51061.0,468.95622139226646,1.7964071856287425,328,329,6,0,323,326,70675,5,0,0,5,3
2020-06-04,US,Virginia,Floyd,6,1,0,36.9302126,-80.36738849,51063.0,38.097656994094855,16.666666666666668,5,7,0,0,7,7,15795,-1,1,0,-2,0
2020-06-04,US,Virginia,Fluvanna,94,6,0,37.84157909,-78.27715475,51065.0,344.7011367803447,6.382978723404255,88,92,6,0,86,92,26783,2,0,0,2,0
2020-06-04,US,Virginia,Franklin,37,1,0,36.99536167,-79.88023649,51067.0,66.02191213732557,2.702702702702702,36,36,1,0,35,36,56195,1,0,0,1,0
2020-06-04,US,Virginia,Franklin,37,1,0,36.99536167,-79.88023649,51067.0,66.02191213732557,2.702702702702702,36,36,1,0,35,36,8013,1,0,0,1,0
2020-06-04,US,Virginia,Franklin City,42,2,0,36.6831435,-76.93859681,51620.0,527.1745952052215,4.761904761904762,40,42,2,0,40,42,8013,0,0,0,0,0
2020-06-04,US,Virginia,Frederick,384,4,0,39.20172582,-78.25974949,51069.0,429.94860770548513,1.0416666666666667,380,378,4,0,374,371,88355,6,0,0,6,7
2020-06-04,US,Virginia,Fredericksburg,178,1,0,38.2977863,-77.4922454,51630.0,613.0320980851358,0.5617977528089888,177,172,0,0,172,172,29144,6,1,0,5,0
2020-06-04,US,Virginia,Galax,140,1,0,36.66601852,-80.91703124,51640.0,2205.7665038600912,0.7142857142857143,139,131,1,0,130,127,6423,9,0,0,9,4
2020-06-04,US,Virginia,Giles,5,0,0,37.31234791,-80.70636931,51071.0,29.90430622009569,0.0,5,5,0,0,5,5,16844,0,0,0,0,0
2020-06-04,US,Virginia,Gloucester,31,1,0,37.40809042,-76.53524337,51073.0,83.00310592267323,3.2258064516129035,30,31,1,0,30,31,37349,0,0,0,0,0
2020-06-04,US,Virginia,Goochland,103,6,0,37.71714806,-77.90381514,51075.0,433.6294362817328,5.825242718446603,97,103,6,0,97,101,23244,0,0,0,0,2
2020-06-04,US,Virginia,Grayson,46,0,0,36.65677234,-81.23215889,51077.0,295.81993569131834,0.0,46,42,0,0,42,40,15631,4,0,0,4,2
2020-06-04,US,Virginia,Greene,34,1,0,38.29545894,-78.46525378,51079.0,171.55255058277407,2.9411764705882355,33,34,1,0,33,34,19779,0,0,0,0,0
2020-06-04,US,Virginia,Greensville,213,7,0,36.67878901,-77.56351439,51081.0,1878.9696541990122,3.286384976525821,206,150,7,0,143,100,11627,63,0,0,63,50
2020-06-04,US,Virginia,Halifax,31,1,0,36.76654925,-78.93512622,51083.0,91.41576479608385,3.2258064516129035,30,30,1,0,29,30,34120,1,0,0,1,0
2020-06-04,US,Virginia,Hampton,214,4,0,37.03513786,-76.35879121,51650.0,159.09597799420118,1.8691588785046729,210,212,3,0,209,212,134313,2,1,0,1,0
2020-06-04,US,Virginia,Hanover,336,24,0,37.7583355,-77.49464673,51085.0,311.78664885028667,7.142857142857142,312,331,24,0,307,335,107239,5,0,0,5,-4
2020-06-04,US,Virginia,Harrisonburg,814,23,0,38.43542574,-78.87536254,51660.0,1535.385543986721,2.8255528255528257,791,809,23,0,786,799,54033,5,0,0,5,10
2020-06-04,US,Virginia,Henrico,1946,134,0,37.53460572,-77.39326555,51087.0,588.2388503648533,6.885919835560124,1812,1933,134,0,1799,1919,329261,13,0,0,13,14
2020-06-04,US,Virginia,Henry,152,3,0,36.68542395,-79.87634026,51089.0,300.65075063789385,1.973684210526316,149,145,3,0,142,136,50953,7,0,0,7,9
2020-06-04,US,Virginia,Highland,3,0,0,38.35799465,-79.56124594,51091.0,136.98630136986299,0.0,3,3,0,0,3,3,2210,0,0,0,0,0
2020-06-04,US,Virginia,Hopewell,103,2,0,37.29186313,-77.29754684,51670.0,457.1885125837809,1.9417475728155342,101,98,1,0,97,96,22596,5,1,0,4,2
2020-06-04,US,Virginia,Isle of Wight,133,3,0,36.90579348,-76.70842863,51093.0,358.40362176291467,2.255639097744361,130,133,3,0,130,132,36953,0,0,0,0,1
2020-06-04,US,Virginia,James City,211,15,0,37.31156958,-76.76950618,51095.0,275.7340930177855,7.109004739336492,196,211,15,0,196,210,76397,0,0,0,0,1
2020-06-04,US,Virginia,King George,72,4,0,38.26818502,-77.15852768,51099.0,268.2963183782978,5.5555555555555545,68,70,4,0,66,70,26575,2,0,0,2,0
2020-06-04,US,Virginia,King William,31,0,0,37.70965316,-77.09384941,51101.0,180.7790996034523,0.0,31,31,0,0,31,31,16939,0,0,0,0,0
2020-06-04,US,Virginia,King and Queen,21,1,0,37.71044922,-76.88689628,51097.0,298.9323843416371,4.761904761904762,20,13,1,0,12,13,7042,8,0,0,8,0
2020-06-04,US,Virginia,Lancaster,10,0,0,37.71889653,-76.46400482,51103.0,94.3129303027445,0.0,10,10,0,0,10,10,10783,0,0,0,0,0
2020-06-04,US,Virginia,Lee,9,0,0,36.70586667,-83.12606515,51105.0,38.42377150663877,0.0,9,9,0,0,9,9,23541,0,0,0,0,0
2020-06-04,US,Virginia,Lexington,7,0,0,37.78258621,-79.44262866,51678.0,94.010206822455,0.0,7,7,0,0,7,7,7136,0,0,0,0,0
2020-06-04,US,Virginia,Loudoun,2794,67,0,39.08990083,-77.63481877,51107.0,675.6331945310951,2.3979957050823186,2727,2659,67,0,2592,2636,406850,135,0,0,135,23
2020-06-04,US,Virginia,Louisa,84,1,0,37.97850256,-77.96274807,51109.0,223.45774254475802,1.1904761904761905,83,81,1,0,80,81,36778,3,0,0,3,0
2020-06-04,US,Virginia,Lunenburg,16,0,0,36.94618528,-78.24133319,51111.0,131.19055428009185,0.0,16,15,0,0,15,15,12086,1,0,0,1,0
2020-06-04,US,Virginia,Lynchburg,80,1,0,37.40021399,-79.19888138,51680.0,97.36150326161035,1.25,79,80,1,0,79,80,82126,0,0,0,0,0
2020-06-04,US,Virginia,Madison,41,1,0,38.41531222,-78.28220331,51113.0,309.17728678078583,2.4390243902439024,40,41,1,0,40,41,13295,0,0,0,0,0
2020-06-04,US,Virginia,Manassas,1166,12,0,38.7464321,-77.48509905,51683.0,2838.0187416332,1.0291595197255574,1154,1154,12,0,1142,1135,41641,12,0,0,12,19
2020-06-04,US,Virginia,Manassas Park,339,6,0,38.77058531,-77.44399307,51685.0,1939.5811877789224,1.7699115044247788,333,332,6,0,326,327,17307,7,0,0,7,5
2020-06-04,US,Virginia,Martinsville,39,1,0,36.68212094,-79.86352771,51690.0,310.6579576230684,2.5641025641025643,38,38,1,0,37,37,12902,1,0,0,1,1
2020-06-04,US,Virginia,Mathews,5,0,0,37.44164146,-76.34098896,51115.0,56.599501924383055,0.0,5,5,0,0,5,5,8802,0,0,0,0,0
2020-06-04,US,Virginia,Mecklenburg,219,23,0,36.67882005,-78.36131056,51117.0,715.9904534606205,10.502283105022832,196,219,23,0,196,218,30650,0,0,0,0,1
2020-06-04,US,Virginia,Middlesex,15,0,0,37.63191998,-76.55064617,51119.0,141.75014175014175,0.0,15,15,0,0,15,15,10769,0,0,0,0,0
2020-06-04,US,Virginia,Montgomery,82,1,0,37.17746986,-80.37868691,51121.0,83.21916070431827,1.2195121951219512,81,80,1,0,79,80,98985,2,0,0,2,0
2020-06-04,US,Virginia,Nelson,17,0,0,37.78790447,-78.88498513,51125.0,113.86470194239786,0.0,17,17,0,0,17,17,14836,0,0,0,0,0
2020-06-04,US,Virginia,New Kent,39,1,0,37.50694406,-76.99828634,51127.0,168.89697284656359,2.5641025641025643,38,38,1,0,37,38,22391,1,0,0,1,0
2020-06-04,US,Virginia,Newport News,299,10,0,37.08166899,-76.51754109,51700.0,166.8294043799693,3.3444816053511706,289,292,10,0,282,291,178626,7,0,0,7,1
2020-06-04,US,Virginia,Norfolk,552,6,0,36.89934014,-76.26420872,51710.0,227.40193291642981,1.0869565217391304,546,539,6,0,533,530,244076,13,0,0,13,9
2020-06-04,US,Virginia,Northampton,247,25,0,37.34062933,-75.87751591,51131.0,2109.3082835183604,10.121457489878543,222,245,23,0,222,243,11735,2,2,0,0,2
2020-06-04,US,Virginia,Northumberland,25,1,0,37.89202088,-76.41949732,51133.0,206.69698222405952,4.0,24,25,1,0,24,25,12147,0,0,0,0,0
2020-06-04,US,Virginia,Norton,2,0,0,36.93357076,-82.62750411,51720.0,50.23863350916855,0.0,2,2,0,0,2,2,3968,0,0,0,0,0
2020-06-04,US,Virginia,Nottoway,40,0,0,37.1435975,-78.05065922,51135.0,262.60504201680675,0.0,40,40,0,0,40,39,15420,0,0,0,0,1
2020-06-04,US,Virginia,Orange,115,1,0,38.24530219,-78.01560400000002,51137.0,310.3829856144234,0.8695652173913043,114,111,1,0,110,110,36644,4,0,0,4,1
2020-06-04,US,Virginia,Page,231,24,0,38.61807452,-78.48797204,51139.0,966.4463224834743,10.389610389610391,207,231,24,0,207,230,23933,0,0,0,0,1
2020-06-04,US,Virginia,Patrick,22,0,0,36.680163799999995,-80.2865648,51141.0,124.94320763289413,0.0,22,21,0,0,21,19,17673,1,0,0,1,2
2020-06-04,US,Virginia,Petersburg,152,3,0,37.20530399,-77.39368102,51730.0,484.9103553882473,1.973684210526316,149,143,3,0,140,141,31567,9,0,0,9,2
2020-06-04,US,Virginia,Pittsylvania,45,1,0,36.81980341,-79.39731264,51143.0,74.56009543692215,2.2222222222222223,44,45,1,0,44,45,60949,0,0,0,0,0
2020-06-04,US,Virginia,Poquoson,8,0,0,37.14259351,-76.35798148,51735.0,65.19436068780051,0.0,8,8,0,0,8,8,12190,0,0,0,0,0
2020-06-04,US,Virginia,Portsmouth,325,11,0,36.85914825,-76.35971629,51740.0,344.28695523210234,3.3846153846153846,314,322,11,0,311,325,94632,3,0,0,3,-3
2020-06-04,US,Virginia,Powhatan,36,0,0,37.55016038,-77.91267882,51145.0,121.40833670578715,0.0,36,36,0,0,36,36,29189,0,0,0,0,0
2020-06-04,US,Virginia,Prince Edward,146,2,0,37.22554789,-78.43597949,51147.0,640.294710990264,1.3698630136986298,144,143,2,0,141,143,22950,3,0,0,3,0
2020-06-04,US,Virginia,Prince George,142,0,0,37.18497668,-77.22922187,51149.0,370.24483091283605,0.0,142,135,0,0,135,135,38082,7,0,0,7,0
2020-06-04,US,Virginia,Prince William,5932,110,0,38.70916224,-77.48713689,51153.0,1261.2286986934846,1.854349291975725,5822,5837,109,0,5728,5724,468011,95,1,0,94,113
2020-06-04,US,Virginia,Pulaski,21,0,0,37.06474963,-80.71229738,51155.0,61.71569635877391,0.0,21,21,0,0,21,20,34066,0,0,0,0,1
2020-06-04,US,Virginia,Radford,6,0,0,37.12222899,-80.56027320000003,51750.0,32.878513891172126,0.0,6,6,0,0,6,6,18339,0,0,0,0,0
2020-06-04,US,Virginia,Rappahannock,15,0,0,38.68295619,-78.15826963,51157.0,203.527815468114,0.0,15,14,0,0,14,14,7252,1,0,0,1,0
2020-06-04,US,Virginia,Richmond,287,5,0,37.937575,-76.72920628,51159.0,3180.760279286268,1.7421602787456445,282,287,5,0,282,287,9038,0,0,0,0,0
2020-06-04,US,Virginia,Richmond City,1488,24,0,37.53255773,-77.47966921,51760.0,645.7324376399521,1.6129032258064515,1464,1455,24,0,1431,1434,228783,33,0,0,33,21
2020-06-04,US,Virginia,Roanoke,113,6,0,37.26865804,-80.06396753,51161.0,119.97536788907057,5.3097345132743365,107,113,6,0,107,110,94073,0,0,0,0,3
2020-06-04,US,Virginia,Roanoke City,176,10,0,37.27791025,-79.96189766,51770.0,177.52135803838902,5.6818181818181825,166,176,10,0,166,171,99920,0,0,0,0,5
2020-06-04,US,Virginia,Rockbridge,18,0,0,37.81204314,-79.44605905,51163.0,79.74128383466973,0.0,18,19,0,0,19,19,22752,-1,0,0,-1,0
2020-06-04,US,Virginia,Rockingham,555,6,0,38.51006137,-78.87260325,51165.0,677.2587494508713,1.0810810810810811,549,548,6,0,542,545,81244,7,0,0,7,3
2020-06-04,US,Virginia,Russell,8,0,0,36.93028320000001,-82.10095486,51167.0,30.091025351688856,0.0,8,8,0,0,8,8,26748,0,0,0,0,0
2020-06-04,US,Virginia,Salem,36,3,0,37.2836193,-80.06219455,51775.0,142.28686613177342,8.333333333333334,33,36,3,0,33,34,25643,0,0,0,0,2
2020-06-04,US,Virginia,Scott,7,2,0,36.71466456,-82.60171704,51169.0,32.458499489937864,28.57142857142857,5,7,2,0,5,7,21534,0,0,0,0,0
2020-06-04,US,Virginia,Shenandoah,470,22,0,38.85905135,-78.56813762,51171.0,1077.5862068965516,4.680851063829787,448,465,22,0,443,465,43497,5,0,0,5,0
2020-06-04,US,Virginia,Smyth,15,0,0,36.84455636,-81.53344948,51173.0,49.827265479670466,0.0,15,15,0,0,15,15,30472,0,0,0,0,0
2020-06-04,US,Virginia,Southampton,150,2,0,36.72231125,-77.10642712,51175.0,850.7742045261188,1.3333333333333333,148,150,2,0,148,149,17586,0,0,0,0,1
2020-06-04,US,Virginia,Spotsylvania,593,7,0,38.18574462,-77.655399,51177.0,435.3411885621995,1.1804384485666104,586,590,7,0,583,586,134238,3,0,0,3,4
2020-06-04,US,Virginia,Stafford,742,5,0,38.41758738,-77.45917053,51179.0,485.34163603301886,0.6738544474393531,737,738,5,0,733,733,149960,4,0,0,4,5
2020-06-04,US,Virginia,Staunton,52,0,0,38.15965544,-79.05979937,51790.0,208.567303064335,0.0,52,50,0,0,50,49,24922,2,0,0,2,1
2020-06-04,US,Virginia,Suffolk,320,33,0,36.70155394,-76.63603554,51800.0,347.41824814348365,10.3125,287,318,33,0,285,317,91185,2,0,0,2,1
2020-06-04,US,Virginia,Surry,10,1,0,37.11781893,-76.88450012,51181.0,155.71473061351602,10.0,9,11,1,0,10,11,6474,-1,0,0,-1,0
2020-06-04,US,Virginia,Sussex,173,2,0,36.92432914,-77.25791182,51183.0,1550.3181288645935,1.1560693641618498,171,165,2,0,163,161,11237,8,0,0,8,4
2020-06-04,US,Virginia,Tazewell,9,0,0,37.12191123,-81.56685568,51185.0,22.170218007143742,0.0,9,9,0,0,9,9,40855,0,0,0,0,0
2020-06-04,US,Virginia,Virginia Beach,770,24,0,36.73285734,-76.04566934,51810.0,171.12099810211257,3.116883116883117,746,752,23,0,729,752,450189,18,1,0,17,0
2020-06-04,US,Virginia,Warren,217,3,0,38.90847745,-78.20280433,51187.0,540.2848321880291,1.3824884792626728,214,204,3,0,201,166,40003,13,0,0,13,38
2020-06-04,US,Virginia,Washington,53,4,0,36.72341572,-81.95666289,51191.0,98.62299962783773,7.547169811320754,49,53,4,0,49,52,54402,0,0,0,0,1
2020-06-04,US,Virginia,Waynesboro,47,0,0,38.06451466,-78.90293905,51820.0,207.688908528502,0.0,47,47,0,0,47,47,22628,0,0,0,0,0
2020-06-04,US,Virginia,Westmoreland,80,1,0,38.11021557,-76.80213247,51193.0,444.0743824590619,1.25,79,76,1,0,75,70,17830,4,0,0,4,6
2020-06-04,US,Virginia,Williamsburg,45,5,0,37.28131268,-76.70905141,51830.0,300.92283001203685,11.111111111111109,40,45,4,0,41,44,14896,0,1,0,-1,1
2020-06-04,US,Virginia,Winchester,215,2,0,39.17054517,-78.17325058,51840.0,765.7240544198305,0.9302325581395348,213,198,2,0,196,196,28108,17,0,0,17,2
2020-06-04,US,Virginia,Wise,27,2,0,36.9746148,-82.62410519,51195.0,72.22534307037958,7.407407407407407,25,25,2,0,23,25,38012,2,0,0,2,0
2020-06-04,US,Virginia,Wythe,30,1,0,36.91582035,-81.07834059,51197.0,104.58792358109051,3.333333333333333,29,29,1,0,28,23,28754,1,0,0,1,6
2020-06-04,US,Virginia,York,77,3,0,37.24374789,-76.54412815,51199.0,112.77094317516114,3.8961038961038965,74,77,3,0,74,77,67846,0,0,0,0,0
2020-06-04,US,Washington,Adams,77,0,0,46.98299757,-118.56017340000001,53001.0,385.32752839913934,0.0,77,73,0,0,73,63,19759,4,0,0,4,10
2020-06-04,US,Washington,Asotin,19,2,0,46.18894415,-117.2022851,53003.0,84.13780887432469,10.526315789473683,17,19,2,0,17,19,22610,0,0,0,0,0
2020-06-04,US,Washington,Benton,852,63,0,46.23946995,-119.51208340000001,53005.0,416.85013943930716,7.394366197183099,789,838,63,0,775,823,201877,14,0,0,14,15
2020-06-04,US,Washington,Chelan,255,6,0,47.87046092,-120.6173956,53007.0,330.3108808290156,2.3529411764705883,249,254,6,0,248,250,77036,1,0,0,1,4
2020-06-04,US,Washington,Clallam,27,0,0,48.04754642,-123.92263190000001,53009.0,34.91484656864647,0.0,27,27,0,0,27,25,76737,0,0,0,0,2
2020-06-04,US,Washington,Clark,550,23,0,45.77568046,-122.48292040000001,53011.0,112.6492859059358,4.181818181818182,527,550,22,0,528,546,481857,0,1,0,-1,4
2020-06-04,US,Washington,Columbia,1,0,0,46.29442881,-117.9051983,53013.0,25.094102885821833,0.0,1,1,0,0,1,1,4059,0,0,0,0,0
2020-06-04,US,Washington,Cowlitz,76,0,0,46.19074721,-122.6782231,53015.0,68.72044342770339,0.0,76,76,0,0,76,74,108987,0,0,0,0,2
2020-06-04,US,Washington,Douglas,173,3,0,47.7361335,-119.69293700000001,53017.0,398.3513320592231,1.7341040462427746,170,172,3,0,169,172,42907,1,0,0,1,0
2020-06-04,US,Washington,Ferry,1,0,0,48.471143100000006,-118.5154041,53019.0,13.111315064901008,0.0,1,1,0,0,1,1,7649,0,0,0,0,0
2020-06-04,US,Washington,Franklin,642,20,0,46.53351425,-118.9018212,53021.0,674.2139421562243,3.115264797507788,622,632,20,0,612,610,94347,10,0,0,10,22
2020-06-04,US,Washington,Grant,212,4,0,47.20753737,-119.4500749,53025.0,216.9175201825381,1.8867924528301887,208,211,4,0,207,208,97331,1,0,0,1,3
2020-06-04,US,Washington,Grays Harbor,18,0,0,47.14003705,-123.7820567,53027.0,23.980495863364464,0.0,18,18,0,0,18,17,73901,0,0,0,0,1
2020-06-04,US,Washington,Island,181,11,0,48.14713305,-122.5216407,53029.0,212.5885296155789,6.077348066298343,170,181,11,0,170,181,84460,0,0,0,0,0
2020-06-04,US,Washington,Jefferson,31,0,0,47.75003077,-123.56097040000002,53031.0,96.21054591725893,0.0,31,31,0,0,31,31,31729,0,0,0,0,0
2020-06-04,US,Washington,King,8318,574,0,47.49137892,-121.8346131,53033.0,369.23235359657525,6.900697283000723,7744,8264,573,0,7691,8177,2233163,54,1,0,53,87
2020-06-04,US,Washington,Kitsap,163,2,0,47.63479026,-122.6436061,53035.0,60.0428035200554,1.2269938650306749,161,163,2,0,161,162,269805,0,0,0,0,1
2020-06-04,US,Washington,Kittitas,88,0,0,47.12521214,-120.67943899999999,53037.0,183.58193386878062,0.0,88,89,0,0,89,89,47364,-1,0,0,-1,0
2020-06-04,US,Washington,Klickitat,29,3,0,45.87325839,-120.7913598,53039.0,129.31995540691193,10.344827586206897,26,28,3,0,25,28,22107,1,0,0,1,0
2020-06-04,US,Washington,Lewis,37,3,0,46.57756476,-122.39257690000001,53041.0,45.844846171955346,8.108108108108109,34,37,3,0,34,37,79604,0,0,0,0,0
2020-06-04,US,Washington,Lincoln,2,0,0,47.57705241,-118.41943880000001,53043.0,18.283206874485785,0.0,2,2,0,0,2,2,10740,0,0,0,0,0
2020-06-04,US,Washington,Mason,36,1,0,47.35007586,-123.1863685,53045.0,53.918044572250174,2.7777777777777777,35,36,1,0,35,36,65507,0,0,0,0,0
2020-06-04,US,Washington,Okanogan,53,1,0,48.54855019,-119.73872240000001,53047.0,125.4645740122624,1.8867924528301887,52,52,1,0,51,50,42132,1,0,0,1,2
2020-06-04,US,Washington,Pacific,9,1,0,46.55418369,-123.7285716,53049.0,40.05162209069467,11.111111111111109,8,9,1,0,8,9,22036,0,0,0,0,0
2020-06-04,US,Washington,Pend Oreille,3,0,0,48.53234021,-117.2741804,53051.0,21.85951617604197,0.0,3,3,0,0,3,3,13602,0,0,0,0,0
2020-06-04,US,Washington,Pierce,1991,83,0,47.03892768,-122.14059579999999,53053.0,220.00486198590028,4.168759417378202,1908,1968,82,0,1886,1950,891299,23,1,0,22,18
2020-06-04,US,Washington,San Juan,15,0,0,48.60182783,-122.96745,53055.0,85.31452621999773,0.0,15,15,0,0,15,15,17128,0,0,0,0,0
2020-06-04,US,Washington,Skagit,446,15,0,48.48171488,-121.766131,53057.0,345.18787972601683,3.363228699551569,431,443,15,0,428,438,128206,3,0,0,3,5
2020-06-04,US,Washington,Skamania,3,0,0,46.02408726,-121.91644029999999,53059.0,24.828271124720683,0.0,3,4,0,0,4,3,11924,-1,0,0,-1,1
2020-06-04,US,Washington,Snohomish,2999,150,0,48.04615983,-121.7170703,53061.0,364.80501360568223,5.001667222407469,2849,2991,150,0,2841,2987,814901,8,0,0,8,4
2020-06-04,US,Washington,Spokane,648,34,0,47.62113146,-117.4046494,53063.0,123.94844662756935,5.246913580246914,614,627,34,0,593,612,514631,21,0,0,21,15
2020-06-04,US,Washington,Stevens,13,1,0,48.40035475,-117.8542701,53065.0,28.43208013472432,7.6923076923076925,12,13,1,0,12,11,45260,0,0,0,0,2
2020-06-04,US,Washington,Thurston,154,2,0,46.9291895,-122.82906559999999,53067.0,53.00547952749401,1.2987012987012987,152,154,2,0,152,152,286419,0,0,0,0,2
2020-06-04,US,Washington,Unassigned,37,0,0,0.0,0.0,90053.0,0.0,0.0,37,28,0,0,28,27,,9,0,0,9,1
2020-06-04,US,Washington,Wahkiakum,4,0,0,46.29180039999999,-123.4250831,53069.0,89.12655971479502,0.0,4,4,0,0,4,4,4426,0,0,0,0,0
2020-06-04,US,Washington,Walla Walla,111,2,0,46.23040051,-118.4775539,53071.0,182.6859776168532,1.8018018018018016,109,110,2,0,108,110,60922,1,0,0,1,0
2020-06-04,US,Washington,Whatcom,404,37,0,48.82227976,-121.74900179999999,53073.0,176.22913276945823,9.15841584158416,367,402,37,0,365,401,225685,2,0,0,2,1
2020-06-04,US,Washington,Whitman,20,0,0,46.90022523,-117.52417630000001,53075.0,39.91697269679067,0.0,20,20,0,0,20,16,49791,0,0,0,0,4
2020-06-04,US,Washington,Yakima,4031,97,0,46.45738486,-120.73801259999999,53077.0,1606.7890924890282,2.4063507814438103,3934,3938,97,0,3841,3817,251446,93,0,0,93,121
2020-06-04,US,West Virginia,Barbour,8,1,0,39.1307219,-80.00350858,54001.0,48.65884070312025,12.5,7,8,1,0,7,9,16535,0,0,0,0,-1
2020-06-04,US,West Virginia,Berkeley,336,7,0,39.46704621,-78.02414609,54003.0,281.94778931115786,2.083333333333333,329,326,7,0,319,319,117123,10,0,0,10,7
2020-06-04,US,West Virginia,Boone,11,0,0,38.01974191,-81.69888019,54005.0,51.26532134035513,0.0,11,9,0,0,9,9,21951,2,0,0,2,0
2020-06-04,US,West Virginia,Braxton,2,0,0,38.70036159,-80.72011184,54007.0,14.329727018700293,0.0,2,2,0,0,2,2,14089,0,0,0,0,0
2020-06-04,US,West Virginia,Brooke,5,0,0,40.27367263,-80.57915332,54009.0,22.79046446966589,0.0,5,5,0,0,5,5,22203,0,0,0,0,0
2020-06-04,US,West Virginia,Cabell,69,0,0,38.42424062,-82.23855912,54011.0,75.04486377725814,0.0,69,67,0,0,67,67,93224,2,0,0,2,0
2020-06-04,US,West Virginia,Calhoun,2,0,0,38.84315422,-81.11934872,54013.0,28.133352088901397,0.0,2,2,0,0,2,2,7254,0,0,0,0,0
2020-06-04,US,West Virginia,Clay,6,0,0,38.46231092,-81.07652217,54015.0,70.52186177715093,0.0,6,6,0,0,6,5,8632,0,0,0,0,1
2020-06-04,US,West Virginia,Fayette,52,4,0,38.02974928,-81.08286634,54019.0,122.62415695892089,7.6923076923076925,48,52,4,0,48,50,43018,0,0,0,0,2
2020-06-04,US,West Virginia,Gilmer,10,0,0,38.9251277,-80.85952723,54021.0,127.82819890067749,0.0,10,10,0,0,10,10,8026,0,0,0,0,0
2020-06-04,US,West Virginia,Grant,12,0,0,39.10314817,-79.19440518,54023.0,103.73443983402491,0.0,12,12,0,0,12,12,11626,0,0,0,0,0
2020-06-04,US,West Virginia,Greenbrier,9,0,0,37.9463652,-80.45335881,54025.0,25.965033754543878,0.0,9,9,0,0,9,9,34786,0,0,0,0,0
2020-06-04,US,West Virginia,Hampshire,31,1,0,39.32103553,-78.60826476,54027.0,133.76483279395902,3.2258064516129035,30,31,1,0,30,31,23347,0,0,0,0,0
2020-06-04,US,West Virginia,Hancock,20,0,0,40.51943859,-80.57461608,54029.0,69.42034015966678,0.0,20,19,0,0,19,19,29094,1,0,0,1,0
2020-06-04,US,West Virginia,Hardy,39,0,0,39.00683177,-78.85855301,54031.0,283.1010452961673,0.0,39,39,0,0,39,39,13775,0,0,0,0,0
2020-06-04,US,West Virginia,Harrison,40,1,0,39.2853852,-80.37919577,54033.0,59.47424765076722,2.5,39,40,1,0,39,40,67554,0,0,0,0,0
2020-06-04,US,West Virginia,Jackson,138,18,0,38.84263974,-81.68148753,54035.0,482.92273236282193,13.043478260869565,120,137,18,0,119,137,28706,1,0,0,1,0
2020-06-04,US,West Virginia,Jefferson,204,1,0,39.30776166,-77.86014147,54037.0,356.98036607986563,0.4901960784313725,203,199,1,0,198,197,56811,5,0,0,5,2
2020-06-04,US,West Virginia,Kanawha,231,19,0,38.33860077,-81.52857054,54039.0,129.68493858211133,8.225108225108226,212,230,19,0,211,230,180454,1,0,0,1,0
2020-06-04,US,West Virginia,Lewis,9,1,0,38.9947249,-80.49988181,54041.0,56.578864650782684,11.111111111111109,8,9,1,0,8,9,16024,0,0,0,0,0
2020-06-04,US,West Virginia,Lincoln,5,0,0,38.172154,-82.07017953,54043.0,24.498995541182808,0.0,5,5,0,0,5,5,20599,0,0,0,0,0
2020-06-04,US,West Virginia,Logan,19,1,0,37.8299889,-81.93528571,54045.0,59.33976701333583,5.2631578947368425,18,19,1,0,18,17,32607,0,0,0,0,2
2020-06-04,US,West Virginia,Marion,51,2,0,39.50984542,-80.24244659,54049.0,90.9544870880297,3.92156862745098,49,51,2,0,49,51,56097,0,0,0,0,0
2020-06-04,US,West Virginia,Marshall,30,0,0,39.86064362,-80.66591062,54051.0,98.26078412105728,0.0,30,30,0,0,30,30,30785,0,0,0,0,0
2020-06-04,US,West Virginia,Mason,15,0,0,38.77071799,-82.02524219,54053.0,56.569618343641565,0.0,15,15,0,0,15,15,26718,0,0,0,0,0
2020-06-04,US,West Virginia,McDowell,6,0,0,37.38002939,-81.65083669,54047.0,34.04448479346346,0.0,6,6,0,0,6,6,18223,0,0,0,0,0
2020-06-04,US,West Virginia,Mercer,13,0,0,37.40481169,-81.11023142,54055.0,22.124646856598247,0.0,13,13,0,0,13,13,59131,0,0,0,0,0
2020-06-04,US,West Virginia,Mineral,48,1,0,39.41561583,-78.94104895,54057.0,178.6511835640911,2.083333333333333,47,47,1,0,46,47,26940,1,0,0,1,0
2020-06-04,US,West Virginia,Mingo,8,1,0,37.73048351,-82.13338365,54059.0,34.15300546448088,12.5,7,8,1,0,7,7,23785,0,0,0,0,1
2020-06-04,US,West Virginia,Monongalia,135,5,0,39.63218457,-80.04766838,54061.0,127.82638336552664,3.703703703703704,130,135,4,0,131,137,106420,0,1,0,-1,-2
2020-06-04,US,West Virginia,Monroe,8,0,0,37.56274716,-80.54577965,54063.0,60.263653483992464,0.0,8,8,0,0,8,8,13280,0,0,0,0,0
2020-06-04,US,West Virginia,Morgan,19,0,0,39.55439028,-78.26311676,54065.0,106.24021471706553,0.0,19,19,0,0,19,19,17787,0,0,0,0,0
2020-06-04,US,West Virginia,Nicholas,9,1,0,38.29617706,-80.79759588,54067.0,36.74069235793599,11.111111111111109,8,9,1,0,8,8,24842,0,0,0,0,1
2020-06-04,US,West Virginia,Ohio,47,1,0,40.0955451,-80.62203992,54069.0,113.49641399628119,2.127659574468085,46,47,1,0,46,42,41755,0,0,0,0,5
2020-06-04,US,West Virginia,Pendleton,13,0,0,38.68314479,-79.35084086,54071.0,186.5403931697517,0.0,13,13,0,0,13,13,6997,0,0,0,0,0
2020-06-04,US,West Virginia,Pleasants,4,0,0,39.37091679,-81.16771771,54073.0,53.61930294906166,0.0,4,4,0,0,4,4,7507,0,0,0,0,0
2020-06-04,US,West Virginia,Pocahontas,21,0,0,38.32758728,-80.00993811,54075.0,254.63805020007274,0.0,21,21,0,0,21,21,8414,0,0,0,0,0
2020-06-04,US,West Virginia,Preston,24,3,0,39.46770987,-79.66712803,54077.0,71.78750897343862,12.5,21,24,3,0,21,24,33839,0,0,0,0,0
2020-06-04,US,West Virginia,Putnam,38,0,0,38.50782345,-81.9082131,54079.0,67.31620903454385,0.0,38,38,0,0,38,37,56682,0,0,0,0,1
2020-06-04,US,West Virginia,Raleigh,17,0,0,37.76936795,-81.2456041,54081.0,23.173075612382604,0.0,17,17,0,0,17,16,74254,0,0,0,0,1
2020-06-04,US,West Virginia,Randolph,132,0,0,38.769899,-79.87919615,54083.0,460.01045478306327,0.0,132,132,0,0,132,131,28823,0,0,0,0,1
2020-06-04,US,West Virginia,Ritchie,1,0,0,39.18094587,-81.06356878,54085.0,10.466820180029307,0.0,1,1,0,0,1,1,9721,0,0,0,0,0
2020-06-04,US,West Virginia,Roane,9,0,0,38.71622686,-81.35243568,54087.0,65.7510227936879,0.0,9,9,0,0,9,9,13932,0,0,0,0,0
2020-06-04,US,West Virginia,Summers,1,0,0,37.65390597,-80.86009693,54089.0,7.953551260637875,0.0,1,1,0,0,1,1,12760,0,0,0,0,0
2020-06-04,US,West Virginia,Taylor,10,0,0,39.33602617,-80.0421439,54091.0,59.89817310572028,0.0,10,9,0,0,9,9,16862,1,0,0,1,0
2020-06-04,US,West Virginia,Tucker,4,0,0,39.11240885,-79.57053576,54093.0,58.488083053077936,0.0,4,4,0,0,4,4,6955,0,0,0,0,0
2020-06-04,US,West Virginia,Tyler,3,0,0,39.46811972,-80.88772676,54095.0,34.920265394016994,0.0,3,3,0,0,3,3,8746,0,0,0,0,0
2020-06-04,US,West Virginia,Upshur,7,0,0,38.89285061,-80.23689136,54097.0,28.95433487756453,0.0,7,7,0,0,7,7,24415,0,0,0,0,0
2020-06-04,US,West Virginia,Wayne,103,9,0,38.14901357,-82.42287994,54099.0,261.408050352774,8.737864077669903,94,102,9,0,93,102,39944,1,0,0,1,0
2020-06-04,US,West Virginia,Wetzel,9,0,0,39.6065771,-80.64016540000001,54103.0,59.741121805509465,0.0,9,9,0,0,9,9,15270,0,0,0,0,0
2020-06-04,US,West Virginia,Wirt,4,0,0,39.02775007,-81.37473928,54105.0,68.7167153410067,0.0,4,4,0,0,4,4,5830,0,0,0,0,0
2020-06-04,US,West Virginia,Wood,53,2,0,39.20967886,-81.5162836,54107.0,63.45937402715583,3.7735849056603774,51,53,2,0,51,53,84203,0,0,0,0,0
2020-06-04,US,West Virginia,Wyoming,2,0,0,37.612327,-81.54511071,54109.0,9.806805923310778,0.0,2,2,0,0,2,2,20786,0,0,0,0,0
2020-06-04,US,Wisconsin,Adams,4,1,0,43.96974651,-89.76782777,55001.0,19.782393669634022,25.0,3,4,1,0,3,4,20348,0,0,0,0,0
2020-06-04,US,Wisconsin,Ashland,2,0,0,46.31956891,-90.67837132,55003.0,12.851818532322323,0.0,2,2,0,0,2,2,15600,0,0,0,0,0
2020-06-04,US,Wisconsin,Barron,20,0,0,45.42372701,-91.84833627,55005.0,44.204756431792056,0.0,20,21,0,0,21,20,45164,-1,0,0,-1,1
2020-06-04,US,Wisconsin,Bayfield,3,1,0,46.52868768,-91.19716729,55007.0,19.952114924181963,33.333333333333336,2,3,1,0,2,3,15042,0,0,0,0,0
2020-06-04,US,Wisconsin,Brown,2361,38,0,44.452655299999996,-88.00411844,55009.0,892.4858812589305,1.6094875052943671,2323,2350,37,0,2313,2334,263378,11,1,0,10,16
2020-06-04,US,Wisconsin,Buffalo,6,1,0,44.37835084,-91.75332578,55011.0,46.04404880669172,16.666666666666668,5,6,1,0,5,6,13125,0,0,0,0,0
2020-06-04,US,Wisconsin,Burnett,1,1,0,45.86303537,-92.36711412,55013.0,6.487608667445179,100.0,0,1,1,0,0,1,15392,0,0,0,0,0
2020-06-04,US,Wisconsin,Calumet,79,1,0,44.0816316,-88.21780273,55015.0,157.7192597177025,1.2658227848101269,78,79,1,0,78,78,50159,0,0,0,0,1
2020-06-04,US,Wisconsin,Chippewa,58,0,0,45.06939744,-91.28068855,55017.0,89.70274366667698,0.0,58,58,0,0,58,57,64135,0,0,0,0,1
2020-06-04,US,Wisconsin,Clark,37,4,0,44.73483377,-90.61207486,55019.0,106.40133433024674,10.810810810810812,33,35,4,0,31,33,34709,2,0,0,2,2
2020-06-04,US,Wisconsin,Columbia,44,1,0,43.46492199,-89.33589004,55021.0,76.47917680595147,2.272727272727273,43,44,1,0,43,44,57358,0,0,0,0,0
2020-06-04,US,Wisconsin,Crawford,26,0,0,43.23870316,-90.93073686,55023.0,161.18033599900812,0.0,26,26,0,0,26,26,16291,0,0,0,0,0
2020-06-04,US,Wisconsin,Dane,789,29,0,43.06601594,-89.41733797,55025.0,144.32178820000186,3.67553865652725,760,773,29,0,744,759,542364,16,0,0,16,14
2020-06-04,US,Wisconsin,Dodge,386,3,0,43.41576662,-88.70928178,55027.0,439.44033971242834,0.7772020725388601,383,383,3,0,380,226,87847,3,0,0,3,157
2020-06-04,US,Wisconsin,Door,40,3,0,44.95856458,-87.30002707,55029.0,144.57134595923088,7.5,37,38,3,0,35,38,27610,2,0,0,2,0
2020-06-04,US,Wisconsin,Douglas,19,0,0,46.43222285,-91.91595768,55031.0,44.0324449594438,0.0,19,19,0,0,19,19,43208,0,0,0,0,0
2020-06-04,US,Wisconsin,Dunn,26,0,0,44.94562799,-91.8962481,55033.0,57.309116557926295,0.0,26,25,0,0,25,24,45131,1,0,0,1,1
2020-06-04,US,Wisconsin,Eau Claire,116,0,0,44.726614,-91.28609183,55035.0,110.84991304015442,0.0,116,114,0,0,114,114,104534,2,0,0,2,0
2020-06-04,US,Wisconsin,Florence,2,0,0,45.84963535,-88.39804137,55037.0,46.56577415599534,0.0,2,2,0,0,2,2,4321,0,0,0,0,0
2020-06-04,US,Wisconsin,Fond du Lac,225,5,0,43.75354908,-88.48885325,55039.0,217.59523418082645,2.2222222222222223,220,221,5,0,216,215,103066,4,0,0,4,6
2020-06-04,US,Wisconsin,Forest,29,2,0,45.66678019,-88.77084892,55041.0,322.07907596623716,6.896551724137932,27,28,2,0,26,28,8991,1,0,0,1,0
2020-06-04,US,Wisconsin,Grant,98,12,0,42.8671731,-90.7063218,55043.0,190.5169229572892,12.244897959183671,86,98,12,0,86,96,51554,0,0,0,0,2
2020-06-04,US,Wisconsin,Green,70,0,0,42.6794956,-89.60243287,55045.0,189.3939393939394,0.0,70,70,0,0,70,68,36929,0,0,0,0,2
2020-06-04,US,Wisconsin,Green Lake,22,0,0,43.80025981,-89.04679553,55047.0,116.32210648760113,0.0,22,22,0,0,22,20,18918,0,0,0,0,2
2020-06-04,US,Wisconsin,Iowa,16,0,0,43.00050278,-90.13469017,55049.0,67.57327476982853,0.0,16,17,0,0,17,16,23771,-1,0,0,-1,1
2020-06-04,US,Wisconsin,Iron,2,1,0,46.26302338,-90.24295041,55051.0,35.16792685071215,50.0,1,2,1,0,1,2,5676,0,0,0,0,0
2020-06-04,US,Wisconsin,Jackson,19,1,0,44.31864893,-90.80566792,55053.0,92.04088553020394,5.2631578947368425,18,19,1,0,18,17,20478,0,0,0,0,2
2020-06-04,US,Wisconsin,Jefferson,116,3,0,43.02054068,-88.77529134,55055.0,136.84247779258928,2.586206896551724,113,114,3,0,111,110,85129,2,0,0,2,4
2020-06-04,US,Wisconsin,Juneau,22,1,0,43.92456975,-90.11120239,55057.0,82.4371416794694,4.545454545454546,21,22,1,0,21,22,26617,0,0,0,0,0
2020-06-04,US,Wisconsin,Kenosha,1246,33,0,42.57639354,-88.04051686,55059.0,734.8387895801511,2.648475120385233,1213,1217,30,0,1187,1201,169290,29,3,0,26,16
2020-06-04,US,Wisconsin,Kewaunee,36,1,0,44.51727459,-87.61468386,55061.0,176.17695996867963,2.7777777777777777,35,36,1,0,35,35,20383,0,0,0,0,1
2020-06-04,US,Wisconsin,La Crosse,64,0,0,43.90632465,-91.11451093,55063.0,54.2299349240781,0.0,64,58,0,0,58,55,118230,6,0,0,6,3
2020-06-04,US,Wisconsin,Lafayette,28,0,0,42.66005229,-90.1317729,55065.0,168.01680168016804,0.0,28,27,0,0,27,27,16665,1,0,0,1,0
2020-06-04,US,Wisconsin,Langlade,4,0,0,45.26271619,-89.07483625,55067.0,20.845275939340247,0.0,4,3,0,0,3,3,19268,1,0,0,1,0
2020-06-04,US,Wisconsin,Lincoln,7,0,0,45.33737523,-89.73411273,55069.0,25.3687529445874,0.0,7,7,0,0,7,7,27689,0,0,0,0,0
2020-06-04,US,Wisconsin,Manitowoc,38,1,0,44.11946801,-87.80928853,55071.0,48.112837264658594,2.631578947368421,37,38,1,0,37,36,79074,0,0,0,0,2
2020-06-04,US,Wisconsin,Marathon,55,1,0,44.89792533,-89.75863384,55073.0,40.532971730094616,1.818181818181818,54,55,1,0,54,52,135428,0,0,0,0,3
2020-06-04,US,Wisconsin,Marinette,33,2,0,45.38553432,-88.03324599999998,55075.0,81.78438661710037,6.0606060606060606,31,32,2,0,30,32,40434,1,0,0,1,0
2020-06-04,US,Wisconsin,Marquette,5,1,0,43.81911946,-89.40073763,55077.0,32.10479003467317,20.0,4,6,1,0,5,4,15434,-1,0,0,-1,2
2020-06-04,US,Wisconsin,Menominee,3,0,0,45.00422544,-88.70950714,55078.0,65.84723441615452,0.0,3,3,0,0,3,3,4658,0,0,0,0,0
2020-06-04,US,Wisconsin,Milwaukee,8388,316,0,43.00486062,-87.96733172,55079.0,886.9376542465789,3.7672865999046254,8072,8108,315,0,7793,8004,948201,280,1,0,279,104
2020-06-04,US,Wisconsin,Monroe,18,1,0,43.94641218,-90.61881899999999,55081.0,38.91639461224137,5.5555555555555545,17,18,1,0,17,18,46051,0,0,0,0,0
2020-06-04,US,Wisconsin,Oconto,39,0,0,45.02715345,-88.26807503,55083.0,102.82098602689163,0.0,39,39,0,0,39,38,37830,0,0,0,0,1
2020-06-04,US,Wisconsin,Oneida,11,0,0,45.70677897,-89.51944105,55085.0,30.903216743924713,0.0,11,11,0,0,11,9,35470,0,0,0,0,2
2020-06-04,US,Wisconsin,Outagamie,246,8,0,44.41578887,-88.46565023,55087.0,130.9311546956915,3.2520325203252027,238,239,8,0,231,232,187365,7,0,0,7,7
2020-06-04,US,Wisconsin,Ozaukee,174,13,0,43.38352225,-87.94625009,55089.0,195.02135147554947,7.471264367816093,161,170,13,0,157,165,89147,4,0,0,4,5
2020-06-04,US,Wisconsin,Pepin,1,0,0,44.58307413,-91.99949611,55091.0,13.723068478111706,0.0,1,1,0,0,1,1,7289,0,0,0,0,0
2020-06-04,US,Wisconsin,Pierce,49,0,0,44.71850291,-92.4224416,55093.0,114.60915937690041,0.0,49,47,0,0,47,47,42555,2,0,0,2,0
2020-06-04,US,Wisconsin,Polk,28,1,0,45.46130348,-92.44182875,55095.0,63.95176209944499,3.571428571428572,27,24,1,0,23,22,43598,4,0,0,4,2
2020-06-04,US,Wisconsin,Portage,14,0,0,44.47558711,-89.50152965,55097.0,19.781834623862547,0.0,14,14,0,0,14,14,70942,0,0,0,0,0
2020-06-04,US,Wisconsin,Price,2,0,0,45.68051754,-90.36098879999999,55099.0,14.980151299528124,0.0,2,2,0,0,2,2,13397,0,0,0,0,0
2020-06-04,US,Wisconsin,Racine,1838,44,0,42.74753117,-88.05941254,55101.0,936.2694907570133,2.3939064200217626,1794,1797,41,0,1756,1762,196584,41,3,0,38,35
2020-06-04,US,Wisconsin,Richland,14,4,0,43.3762778,-90.43012729,55103.0,81.1500115928588,28.57142857142857,10,14,4,0,10,14,17377,0,0,0,0,0
2020-06-04,US,Wisconsin,Rock,671,20,0,42.67151616,-89.07147900000002,55105.0,410.7643522656317,2.980625931445604,651,658,19,0,639,646,163129,13,1,0,12,12
2020-06-04,US,Wisconsin,Rusk,5,0,0,45.47498854,-91.1333012,55107.0,35.265904923120324,0.0,5,5,0,0,5,5,14147,0,0,0,0,0
2020-06-04,US,Wisconsin,Sauk,81,3,0,43.42574087,-89.94966132,55111.0,125.69442289190279,3.703703703703704,78,81,3,0,78,79,64249,0,0,0,0,2
2020-06-04,US,Wisconsin,Sawyer,8,0,0,45.87931905,-91.14504927,55113.0,48.31501389056649,0.0,8,8,0,0,8,8,16489,0,0,0,0,0
2020-06-04,US,Wisconsin,Shawano,53,0,0,44.78902246,-88.76443896,55115.0,129.58752047727327,0.0,53,51,0,0,51,50,40796,2,0,0,2,1
2020-06-04,US,Wisconsin,Sheboygan,101,3,0,43.72099677,-87.94579284,55117.0,87.56719264782383,2.9702970297029703,98,98,3,0,95,95,115456,3,0,0,3,3
2020-06-04,US,Wisconsin,St. Croix,100,0,0,45.03437474,-92.45000068,55109.0,110.26938811516537,0.0,100,97,0,0,97,95,89694,3,0,0,3,2
2020-06-04,US,Wisconsin,Taylor,2,0,0,45.21179252,-90.5004405,55119.0,9.83139163348572,0.0,2,2,0,0,2,2,20412,0,0,0,0,0
2020-06-04,US,Wisconsin,Trempealeau,30,0,0,44.30360275,-91.35893614,55121.0,101.18385105737123,0.0,30,29,0,0,29,26,29442,1,0,0,1,3
2020-06-04,US,Wisconsin,Vernon,21,0,0,43.59422667,-90.8324691,55123.0,68.13315164492894,0.0,21,21,0,0,21,21,30785,0,0,0,0,0
2020-06-04,US,Wisconsin,Vilas,8,0,0,46.05467334,-89.51719204,55125.0,36.044154088758724,0.0,8,8,0,0,8,8,21938,0,0,0,0,0
2020-06-04,US,Wisconsin,Walworth,424,17,0,42.66858202,-88.54163073,55127.0,408.21042091885863,4.0094339622641515,407,424,17,0,407,398,103718,0,0,0,0,26
2020-06-04,US,Wisconsin,Washburn,2,0,0,45.89838588,-91.79050449,55129.0,12.72264631043257,0.0,2,2,0,0,2,2,15878,0,0,0,0,0
2020-06-04,US,Wisconsin,Washington,266,9,0,43.36863664,-88.22974712,55131.0,195.53935045650348,3.3834586466165413,257,261,8,0,253,260,135693,5,1,0,4,1
2020-06-04,US,Wisconsin,Waukesha,765,31,0,43.01833055,-88.30431188,55133.0,189.26367770251213,4.052287581699346,734,744,31,0,713,722,403072,21,0,0,21,22
2020-06-04,US,Wisconsin,Waupaca,47,1,0,44.47068056,-88.96534501,55135.0,92.17493626201215,2.127659574468085,46,45,1,0,44,45,51128,2,0,0,2,0
2020-06-04,US,Wisconsin,Waushara,9,0,0,44.11324419,-89.24317107,55137.0,36.820357566583475,0.0,9,10,0,0,10,8,24263,-1,0,0,-1,2
2020-06-04,US,Wisconsin,Winnebago,309,7,0,44.06886922,-88.64477096,55139.0,179.74835230677053,2.26537216828479,302,284,7,0,277,270,171020,25,0,0,25,14
2020-06-04,US,Wisconsin,Wood,11,1,0,44.45537896,-90.04158336,55141.0,15.068699571227008,9.090909090909092,10,10,1,0,9,10,73055,1,0,0,1,0
2020-06-04,US,Wyoming,Albany,25,0,0,41.65498705,-105.72354150000001,56001.0,64.30041152263375,0.0,25,25,0,0,25,25,38601,0,0,0,0,0
2020-06-04,US,Wyoming,Big Horn,6,0,0,44.52405055,-107.9960365,56003.0,50.89058524173028,0.0,6,6,0,0,6,6,11881,0,0,0,0,0
2020-06-04,US,Wyoming,Campbell,32,0,0,44.24886082,-105.54744040000001,56005.0,69.05332211216849,0.0,32,31,0,0,31,31,46140,1,0,0,1,0
2020-06-04,US,Wyoming,Carbon,16,0,0,41.69357844,-106.9326084,56007.0,108.10810810810813,0.0,16,16,0,0,16,16,14971,0,0,0,0,0
2020-06-04,US,Wyoming,Converse,24,0,0,42.97272268,-105.5081848,56009.0,173.63623209376357,0.0,24,24,0,0,24,24,13640,0,0,0,0,0
2020-06-04,US,Wyoming,Crook,5,0,0,44.58855102,-104.56977049999999,56011.0,65.92827004219409,0.0,5,5,0,0,5,5,7450,0,0,0,0,0
2020-06-04,US,Wyoming,Fremont,287,0,0,43.04183996,-108.6296893,56013.0,731.0053233488704,0.0,287,285,0,0,285,283,39531,2,0,0,2,2
2020-06-04,US,Wyoming,Goshen,5,0,0,42.08798185,-104.3534743,56015.0,37.847248505033676,0.0,5,5,0,0,5,5,13376,0,0,0,0,0
2020-06-04,US,Wyoming,Hot Springs,12,0,0,43.71930657,-108.44231740000001,56017.0,271.92386131883075,0.0,12,12,0,0,12,12,4555,0,0,0,0,0
2020-06-04,US,Wyoming,Johnson,18,1,0,44.04057166,-106.58451740000001,56019.0,213.14387211367676,5.5555555555555545,17,18,1,0,17,18,8460,0,0,0,0,0
2020-06-04,US,Wyoming,Laramie,188,0,0,41.30702520000001,-104.6887497,56021.0,188.94472361809045,0.0,188,188,0,0,188,188,98976,0,0,0,0,0
2020-06-04,US,Wyoming,Lincoln,15,0,0,42.26376367,-110.6563997,56023.0,75.642965204236,0.0,15,15,0,0,15,15,19434,0,0,0,0,0
2020-06-04,US,Wyoming,Natrona,79,0,0,42.96180148,-106.79788500000001,56025.0,98.92559292744622,0.0,79,79,0,0,79,79,79115,0,0,0,0,0
2020-06-04,US,Wyoming,Niobrara,2,0,0,43.05607708,-104.47588959999999,56027.0,84.88964346349746,0.0,2,2,0,0,2,2,2388,0,0,0,0,0
2020-06-04,US,Wyoming,Park,2,0,0,44.52157546,-109.58528249999999,56029.0,6.850722751250258,0.0,2,2,0,0,2,2,29324,0,0,0,0,0
2020-06-04,US,Wyoming,Platte,1,0,0,42.13299116,-104.96633100000001,56031.0,11.914690813773385,0.0,1,1,0,0,1,1,8566,0,0,0,0,0
2020-06-04,US,Wyoming,Sheridan,16,0,0,44.79048913,-106.8862389,56033.0,52.484828604231595,0.0,16,16,0,0,16,16,30233,0,0,0,0,0
2020-06-04,US,Wyoming,Sublette,3,0,0,42.76558279,-109.91309220000001,56035.0,30.515715593530675,0.0,3,3,0,0,3,3,9813,0,0,0,0,0
2020-06-04,US,Wyoming,Sweetwater,32,0,0,41.65943896,-108.8827882,56037.0,75.5732942871313,0.0,32,31,0,0,31,30,43051,1,0,0,1,1
2020-06-04,US,Wyoming,Teton,100,0,0,43.93522482,-110.5890801,56039.0,426.1847937265599,0.0,100,100,0,0,100,100,23081,0,0,0,0,0
2020-06-04,US,Wyoming,Uinta,13,0,0,41.2878183,-110.54757820000002,56041.0,64.27370710966082,0.0,13,13,0,0,13,13,20299,0,0,0,0,0
2020-06-04,US,Wyoming,Unassigned,0,16,0,0.0,0.0,90056.0,0.0,0.0,-16,0,16,0,-16,0,,0,0,0,0,0
2020-06-04,US,Wyoming,Washakie,39,0,0,43.90451606,-107.68018700000002,56043.0,499.6796925048046,0.0,39,37,0,0,37,37,7885,2,0,0,2,0
2020-06-04,US,Wyoming,Weston,1,0,0,43.83961191,-104.56748809999999,56045.0,14.436263894903998,0.0,1,1,0,0,1,1,6967,0,0,0,0,0
