Date,Country/Region,Province/State,Admin2,Confirmed,Deaths,Recovered,Latitude,Longitude,FIPS,Incidence_Rate,Case-Fatality_Ratio,Active Cases,Previous Confirmed,Previous Deaths,Previous Recovered,Previous Active,Prev2 Confirmed,Population,Daily Confirmed,Daily Deaths,Daily Recovered,Daily Active,Previous Daily Confirmed
2020-08-11,US,Alabama,Autauga,1162,22,0,32.53952745,-86.64408227,1001.0,2079.865399416492,1.8932874354561104,1140,1174,21,0,1153,1169,55601,-12,1,0,-13,5
2020-08-11,US,Alabama,Baldwin,3670,29,0,30.72774991,-87.72207058,1003.0,1644.01480061281,0.7901907356948229,3641,3651,25,0,3626,3544,218022,19,4,0,15,107
2020-08-11,US,Alabama,Barbour,579,6,0,31.868263,-85.3871286,1005.0,2345.458964595317,1.0362694300518134,573,576,5,0,571,575,24881,3,1,0,2,1
2020-08-11,US,Alabama,Bibb,444,5,0,32.99642064,-87.12511459999996,1007.0,1982.6739305171027,1.1261261261261262,439,442,5,0,437,438,22400,2,0,0,2,4
2020-08-11,US,Alabama,Blount,816,5,0,33.98210918,-86.56790593,1009.0,1411.1299415487842,0.6127450980392157,811,812,4,0,808,800,57840,4,1,0,3,12
2020-08-11,US,Alabama,Bullock,481,11,0,32.10030533,-85.71265535,1011.0,4761.904761904762,2.286902286902287,470,466,11,0,455,464,10138,15,0,0,15,2
2020-08-11,US,Alabama,Butler,770,36,0,31.75300095,-86.68057478,1013.0,3959.276018099547,4.675324675324675,734,767,36,0,731,764,19680,3,0,0,3,3
2020-08-11,US,Alabama,Calhoun,1819,18,0,33.77483727,-85.82630386,1015.0,1601.1619206901105,0.9895547003848268,1801,1807,17,0,1790,1784,114277,12,1,0,11,23
2020-08-11,US,Alabama,Chambers,847,38,0,32.91360079,-85.39072749,1017.0,2547.0620075780357,4.4864226682408495,809,844,38,0,806,841,33615,3,0,0,3,3
2020-08-11,US,Alabama,Cherokee,276,8,0,34.17805983,-85.60638968,1019.0,1053.5959688502062,2.898550724637681,268,275,8,0,267,273,26032,1,0,0,1,2
2020-08-11,US,Alabama,Chilton,818,9,0,32.85044126,-86.7173256,1021.0,1841.1812370577115,1.1002444987775062,809,809,7,0,802,792,44153,9,2,0,7,17
2020-08-11,US,Alabama,Choctaw,289,12,0,32.02227341,-88.26564429999998,1023.0,2295.654936849631,4.1522491349480966,277,287,12,0,275,283,12841,2,0,0,2,4
2020-08-11,US,Alabama,Clarke,826,10,0,31.68099859,-87.83548597,1025.0,3496.740326813987,1.2106537530266344,816,826,10,0,816,662,23920,0,0,0,0,164
2020-08-11,US,Alabama,Clay,267,5,0,33.26984193,-85.85836077,1027.0,2017.3781639591991,1.8726591760299625,262,263,5,0,258,258,13275,4,0,0,4,5
2020-08-11,US,Alabama,Cleburne,129,1,0,33.67679204,-85.52005899,1029.0,865.1911468812876,0.7751937984496124,128,127,1,0,126,127,14987,2,0,0,2,0
2020-08-11,US,Alabama,Coffee,765,6,0,31.39932826,-85.98901039,1031.0,1461.5414007871314,0.7843137254901961,759,764,6,0,758,761,51909,1,0,0,1,3
2020-08-11,US,Alabama,Colbert,1215,17,0,34.69847452,-87.80168544,1033.0,2199.453304610706,1.3991769547325104,1198,1207,16,0,1191,1181,54762,8,1,0,7,26
2020-08-11,US,Alabama,Conecuh,393,10,0,31.43401703,-86.99320044,1035.0,3256.8161100522084,2.544529262086514,383,393,10,0,383,393,12277,0,0,0,0,0
2020-08-11,US,Alabama,Coosa,105,3,0,32.93690146,-86.24847739,1037.0,984.7134952639972,2.8571428571428568,102,103,3,0,100,101,10715,2,0,0,2,2
2020-08-11,US,Alabama,Covington,740,21,0,31.247785399999998,-86.45050893,1039.0,1997.3548543820345,2.8378378378378377,719,737,20,0,717,735,36986,3,1,0,2,2
2020-08-11,US,Alabama,Crenshaw,332,6,0,31.72941803,-86.31593104,1041.0,2410.688353180366,1.8072289156626504,326,326,5,0,321,318,13824,6,1,0,5,8
2020-08-11,US,Alabama,Cullman,1230,12,0,34.13020303,-86.86888037,1043.0,1468.3411326520868,0.975609756097561,1218,1227,12,0,1215,1225,83442,3,0,0,3,2
2020-08-11,US,Alabama,Dale,843,29,0,31.43037123,-85.61095742,1045.0,1714.3903034247132,3.4400948991696323,814,835,25,0,810,834,48956,8,4,0,4,1
2020-08-11,US,Alabama,Dallas,1336,24,0,32.32688101,-87.10866709999998,1047.0,3591.784062802452,1.7964071856287425,1312,1331,23,0,1308,1323,38310,5,1,0,4,8
2020-08-11,US,Alabama,DeKalb,1834,14,0,34.45946862,-85.80782906,1049.0,2564.5686798204524,0.7633587786259542,1820,1830,13,0,1817,1819,71385,4,1,0,3,11
2020-08-11,US,Alabama,Elmore,1760,39,0,32.59785413,-86.14415284,1051.0,2167.2474725707743,2.215909090909091,1721,1731,38,0,1693,1723,81887,29,1,0,28,8
2020-08-11,US,Alabama,Escambia,1088,17,0,31.1256789,-87.15918694,1053.0,2969.999727022084,1.5625,1071,1087,17,0,1070,1082,36748,1,0,0,1,5
2020-08-11,US,Alabama,Etowah,2180,34,0,34.04567266,-86.04051873,1055.0,2131.6540853443894,1.5596330275229358,2146,2162,32,0,2130,2121,102501,18,2,0,16,41
2020-08-11,US,Alabama,Fayette,223,5,0,33.72076938,-87.73886638,1057.0,1367.9303152987366,2.242152466367713,218,212,5,0,207,207,16433,11,0,0,11,5
2020-08-11,US,Alabama,Franklin,1297,22,0,34.44235334,-87.84289505,1059.0,4135.578088132133,1.6962220508866614,1275,1288,20,0,1268,1274,31363,9,2,0,7,14
2020-08-11,US,Alabama,Geneva,265,2,0,31.09389027,-85.83572839,1061.0,1008.7168360549657,0.7547169811320755,263,263,1,0,262,261,26314,2,1,0,1,2
2020-08-11,US,Alabama,Greene,252,11,0,32.85504247,-87.95684022,1063.0,3106.8918752311674,4.365079365079366,241,252,11,0,241,251,8233,0,0,0,0,1
2020-08-11,US,Alabama,Hale,485,26,0,32.76039258,-87.63284988,1065.0,3310.354242031261,5.360824742268041,459,478,26,0,452,476,14726,7,0,0,7,2
2020-08-11,US,Alabama,Henry,264,3,0,31.51148016,-85.24267944,1067.0,1534.4376634699215,1.1363636363636365,261,264,3,0,261,263,17209,0,0,0,0,1
2020-08-11,US,Alabama,Houston,1428,13,0,31.15197924,-85.29939599,1069.0,1348.6711622372075,0.9103641456582632,1415,1419,12,0,1407,1398,104722,9,1,0,8,21
2020-08-11,US,Alabama,Jackson,1026,4,0,34.78144169,-85.99750489,1071.0,1987.3707046836864,0.3898635477582846,1022,1014,4,0,1010,989,51736,12,0,0,12,25
2020-08-11,US,Alabama,Jefferson,13366,246,0,33.55554728,-86.89506300000002,1073.0,2029.539625827357,1.8404907975460123,13120,13258,244,0,13014,13109,659300,108,2,0,106,149
2020-08-11,US,Alabama,Lamar,230,2,0,33.77995024,-88.09668032,1075.0,1666.063020644694,0.8695652173913043,228,229,2,0,227,222,13844,1,0,0,1,7
2020-08-11,US,Alabama,Lauderdale,1190,20,0,34.90171875,-87.65624729,1077.0,1283.3094285498605,1.680672268907563,1170,1189,19,0,1170,1167,92387,1,1,0,0,22
2020-08-11,US,Alabama,Lawrence,354,2,0,34.52041498,-87.31069453,1079.0,1075.2034989673186,0.5649717514124294,352,351,2,0,349,349,32957,3,0,0,3,2
2020-08-11,US,Alabama,Lee,2708,47,0,32.60154883,-85.35132246,1081.0,1645.7804086494634,1.7355982274741506,2661,2700,47,0,2653,2678,163941,8,0,0,8,22
2020-08-11,US,Alabama,Limestone,1359,13,0,34.81185586,-86.98310072,1083.0,1373.906889753829,0.9565857247976454,1346,1349,13,0,1336,1333,96174,10,0,0,10,16
2020-08-11,US,Alabama,Lowndes,571,24,0,32.1597283,-86.65158371,1085.0,5870.861608060868,4.203152364273205,547,573,24,0,549,572,9974,-2,0,0,-2,1
2020-08-11,US,Alabama,Macon,339,14,0,32.38759944,-85.69267724,1087.0,1876.245295550144,4.1297935103244825,325,339,14,0,325,335,18439,0,0,0,0,4
2020-08-11,US,Alabama,Madison,5469,34,0,34.76327133,-86.55069633,1089.0,1466.577636903373,0.6216858657889925,5435,5447,34,0,5413,5378,366519,22,0,0,22,69
2020-08-11,US,Alabama,Marengo,566,16,0,32.24767634,-87.78796182,1091.0,3000.583152202725,2.826855123674912,550,565,15,0,550,552,19066,1,1,0,0,13
2020-08-11,US,Alabama,Marion,582,26,0,34.13697363,-87.88704173,1093.0,1959.0023225285265,4.4673539518900345,556,580,26,0,554,574,29763,2,0,0,2,6
2020-08-11,US,Alabama,Marshall,3194,38,0,34.36975964,-86.30486727,1095.0,3300.473267613202,1.1897307451471508,3156,3189,37,0,3152,3167,96109,5,1,0,4,22
2020-08-11,US,Alabama,Mobile,10581,212,0,30.78472347,-88.20842409,1097.0,2560.6834297330656,2.003591342973254,10369,10517,207,0,10310,9947,413757,64,5,0,59,570
2020-08-11,US,Alabama,Monroe,423,6,0,31.56729412,-87.36995001,1099.0,2040.2257271017224,1.4184397163120568,417,421,5,0,416,421,21067,2,1,0,1,0
2020-08-11,US,Alabama,Montgomery,6825,151,0,32.2206831,-86.20969272,1101.0,3013.431293766502,2.2124542124542126,6674,6835,149,0,6686,6835,225763,-10,2,0,-12,0
2020-08-11,US,Alabama,Morgan,2418,19,0,34.45500589,-86.85475946,1103.0,2020.404582257539,0.7857733664185277,2399,2411,18,0,2393,2393,119089,7,1,0,6,18
2020-08-11,US,Alabama,Perry,445,4,0,32.64048341,-87.29770589,1105.0,4987.1119578617045,0.8988764044943821,441,445,4,0,441,442,9140,0,0,0,0,3
2020-08-11,US,Alabama,Pickens,408,9,0,33.28094866,-88.08818103,1107.0,2047.1650777722027,2.2058823529411766,399,404,9,0,395,400,19938,4,0,0,4,4
2020-08-11,US,Alabama,Pike,713,7,0,31.80396383,-85.9408295,1109.0,2153.167844416259,0.9817671809256662,706,708,7,0,701,709,33338,5,0,0,5,-1
2020-08-11,US,Alabama,Randolph,402,11,0,33.29526734,-85.45708831,1111.0,1769.2104568259836,2.736318407960199,391,403,10,0,393,401,22725,-1,1,0,-2,2
2020-08-11,US,Alabama,Russell,1389,2,0,32.28725256,-85.18415324,1113.0,2396.43898483463,0.14398848092152627,1387,1387,2,0,1385,1368,57781,2,0,0,2,19
2020-08-11,US,Alabama,Shelby,3334,37,0,33.26879845,-86.66232561,1117.0,1531.4512498736804,1.1097780443911218,3297,3309,36,0,3273,3283,215707,25,1,0,24,26
2020-08-11,US,Alabama,St. Clair,1363,20,0,33.71902176,-86.31029372,1115.0,1522.7008669228708,1.467351430667645,1343,1354,18,0,1336,1338,88690,9,2,0,7,16
2020-08-11,US,Alabama,Sumter,366,18,0,32.59117397,-88.19916205,1119.0,2945.199967812023,4.918032786885246,348,364,18,0,346,360,12691,2,0,0,2,4
2020-08-11,US,Alabama,Talladega,1054,14,0,33.37823223,-86.16886178,1121.0,1317.862412163345,1.3282732447817838,1040,1048,14,0,1034,1026,79828,6,0,0,6,22
2020-08-11,US,Alabama,Tallapoosa,875,79,0,32.86698258,-85.79833053,1123.0,2167.612158446256,9.028571428571428,796,865,79,0,786,855,40497,10,0,0,10,10
2020-08-11,US,Alabama,Tuscaloosa,4269,79,0,33.28726072,-87.52556818,1125.0,2039.120154761052,1.8505504802061368,4190,4230,76,0,4154,4213,208911,39,3,0,36,17
2020-08-11,US,Alabama,Unassigned,3925,66,0,0.0,0.0,90001.0,0.0,1.6815286624203822,3859,3630,64,0,3566,3599,,295,2,0,293,31
2020-08-11,US,Alabama,Walker,1544,65,0,33.80270512,-87.30027177,1127.0,2430.69221202437,4.209844559585491,1479,1539,64,0,1475,1526,63711,5,1,0,4,13
2020-08-11,US,Alabama,Washington,444,12,0,31.4092794,-88.20689944,1129.0,2719.588386622565,2.702702702702702,432,443,12,0,431,391,16378,1,0,0,1,52
2020-08-11,US,Alabama,Wilcox,434,10,0,31.98773215,-87.30891118,1131.0,4183.939072592307,2.3041474654377883,424,432,10,0,422,429,10627,2,0,0,2,3
2020-08-11,US,Alabama,Winston,457,11,0,34.15030532,-87.37325922,1133.0,1934.0640738076086,2.4070021881838075,446,457,11,0,446,453,23660,0,0,0,0,4
2020-08-11,US,Alaska,Aleutians East,2,0,0,55.32222414,-161.9722021,2013.0,59.93407252022774,0.0,2,2,0,0,2,2,3515,0,0,0,0,0
2020-08-11,US,Alaska,Aleutians West,4,0,0,52.3233,-174.1596,2016.0,70.99751508697194,0.0,4,4,0,0,4,4,5723,0,0,0,0,0
2020-08-11,US,Alaska,Anchorage,2222,14,0,61.14998174,-149.14269860000005,2020.0,771.5277777777777,0.6300630063006301,2208,2198,14,0,2184,2159,291538,24,0,0,24,39
2020-08-11,US,Alaska,Bethel,23,0,0,60.90980451,-159.8561831,2050.0,125.09518111606657,0.0,23,23,0,0,23,22,18216,0,0,0,0,1
2020-08-11,US,Alaska,Bristol Bay,10,0,0,58.74513976,-156.701064,2060.0,1196.1722488038274,0.0,10,10,0,0,10,10,877,0,0,0,0,0
2020-08-11,US,Alaska,Denali,1,0,0,63.67264044,-150.0076108,2068.0,47.687172150691474,0.0,1,1,0,0,1,1,2059,0,0,0,0,0
2020-08-11,US,Alaska,Dillingham,2,0,0,59.79603738,-158.23819419999995,2070.0,40.68348250610252,0.0,2,1,0,0,1,1,5000,1,0,0,1,0
2020-08-11,US,Alaska,Fairbanks North Star,441,5,0,64.80726247,-146.5692662,2090.0,455.34801598364464,1.1337868480725624,436,440,5,0,435,439,98971,1,0,0,1,1
2020-08-11,US,Alaska,Haines,4,0,0,59.09893571,-135.4679843,2100.0,158.10276679841897,0.0,4,4,0,0,4,4,2474,0,0,0,0,0
2020-08-11,US,Alaska,Juneau,113,1,0,58.45031811,-134.200436,2110.0,353.4121473697378,0.8849557522123894,112,110,1,0,109,107,32113,3,0,0,3,3
2020-08-11,US,Alaska,Kenai Peninsula,337,2,0,60.24429722,-151.53888840000005,2122.0,574.0273897935546,0.5934718100890207,335,328,2,0,326,322,58533,9,0,0,9,6
2020-08-11,US,Alaska,Ketchikan Gateway,36,0,0,55.57445008,-130.975561,2130.0,258.97417451981875,0.0,36,36,0,0,36,37,13918,0,0,0,0,-1
2020-08-11,US,Alaska,Kodiak Island,6,0,0,57.65529415,-153.7493579,2150.0,46.16094783812894,0.0,6,6,0,0,6,6,13345,0,0,0,0,0
2020-08-11,US,Alaska,Kusilvak,7,0,0,62.15429159999999,-163.39678830000003,2158.0,84.19533317296127,0.0,7,6,0,0,6,6,8303,1,0,0,1,0
2020-08-11,US,Alaska,Matanuska-Susitna,353,2,0,62.31305045,-149.5741743,2170.0,325.8952888281617,0.56657223796034,351,349,2,0,347,340,107610,4,0,0,4,9
2020-08-11,US,Alaska,Nome,19,0,0,64.90320724,-164.0353804,2180.0,189.92403038784485,0.0,19,19,0,0,19,19,10008,0,0,0,0,0
2020-08-11,US,Alaska,North Slope,19,0,0,69.31479216,-153.4836093,2185.0,193.24654190398698,0.0,19,18,0,0,18,18,9872,1,0,0,1,0
2020-08-11,US,Alaska,Northwest Arctic,41,0,0,67.04919196,-159.7503946,2188.0,537.9871407951713,0.0,41,40,0,0,40,39,7671,1,0,0,1,1
2020-08-11,US,Alaska,Petersburg,6,1,0,57.13978948,-132.9540995,2195.0,183.71096142069808,16.666666666666668,5,6,1,0,5,6,3221,0,0,0,0,0
2020-08-11,US,Alaska,Prince of Wales-Hyder,7,0,0,55.76261984,-133.0511621,2198.0,112.84862163469288,0.0,7,8,0,0,8,8,6422,-1,0,0,-1,0
2020-08-11,US,Alaska,Sitka,27,0,0,57.24124555,-135.3206587,2220.0,317.90886612504414,0.0,27,27,0,0,27,26,8647,0,0,0,0,1
2020-08-11,US,Alaska,Southeast Fairbanks,17,0,0,63.87692095,-143.2127643,2240.0,246.6270129116495,0.0,17,17,0,0,17,17,6918,0,0,0,0,0
2020-08-11,US,Alaska,Valdez-Cordova,53,0,0,61.47502768,-144.7126799,2261.0,575.9617474462074,0.0,53,53,0,0,53,50,9164,0,0,0,0,3
2020-08-11,US,Alaska,Wrangell,8,0,0,56.3202004,-132.05837309999998,2275.0,319.744204636291,0.0,8,8,0,0,8,9,2503,0,0,0,0,-1
2020-08-11,US,Alaska,Yakutat,8,0,0,59.890980799999994,-140.36014509999998,2282.0,1381.692573402418,0.0,8,7,0,0,7,7,604,1,0,0,1,0
2020-08-11,US,Alaska,Yukon-Koyukuk,53,1,0,65.50815459,-151.39073869999999,2290.0,1013.3843212237092,1.8867924528301887,52,53,1,0,52,52,5327,0,0,0,0,1
2020-08-11,US,Arizona,Apache,3197,139,0,35.39465006,-109.4892383,4001.0,4447.2575013562955,4.3478260869565215,3058,3194,139,0,3055,3193,71818,3,0,0,3,1
2020-08-11,US,Arizona,Cochise,1730,54,0,31.87934684,-109.7516088,4003.0,1373.866361715983,3.1213872832369938,1676,1611,52,0,1559,1603,126770,119,2,0,117,8
2020-08-11,US,Arizona,Coconino,3128,117,0,35.83883429,-111.77071780000001,4005.0,2180.155566087708,3.740409207161125,3011,3099,117,0,2982,3090,142854,29,0,0,29,9
2020-08-11,US,Arizona,Gila,950,40,0,33.80190085,-110.8132779,4007.0,1758.673034914288,4.2105263157894735,910,916,38,0,878,912,53889,34,2,0,32,4
2020-08-11,US,Arizona,Graham,555,17,0,32.93166885,-109.8882178,4009.0,1429.0496176326699,3.063063063063063,538,549,16,0,533,545,38072,6,1,0,5,4
2020-08-11,US,Arizona,Greenlee,57,1,0,33.21498827,-109.2405279,4011.0,600.1263423878711,1.7543859649122806,56,57,1,0,56,57,9483,0,0,0,0,0
2020-08-11,US,Arizona,La Paz,479,12,0,33.72854224,-113.98100290000001,4012.0,2269.281788895205,2.5052192066805845,467,477,12,0,465,476,21098,2,0,0,2,1
2020-08-11,US,Arizona,Maricopa,126791,2382,0,33.34835867,-112.49181540000001,4013.0,2826.740184963974,1.8786822408530572,124409,126371,2356,0,124015,126053,4410824,420,26,0,394,318
2020-08-11,US,Arizona,Mohave,3226,171,0,35.70471703,-113.7577902,4015.0,1520.4000358184755,5.300681959082455,3055,3202,168,0,3034,3186,209550,24,3,0,21,16
2020-08-11,US,Arizona,Navajo,5391,202,0,35.3997715,-110.3218983,4017.0,4860.084382099455,3.7469857169356335,5189,5375,200,0,5175,5374,110445,16,2,0,14,1
2020-08-11,US,Arizona,Pima,18381,501,0,32.0971334,-111.7890033,4019.0,1755.1196958976548,2.7256406071486863,17880,17996,489,0,17507,17880,1039073,385,12,0,373,116
2020-08-11,US,Arizona,Pinal,8509,156,0,32.90525627,-111.3449483,4021.0,1838.6348854445544,1.833352920437184,8353,8378,156,0,8222,8378,447138,131,0,0,131,0
2020-08-11,US,Arizona,Santa Cruz,2669,53,0,31.52508998,-110.8479088,4023.0,5740.0318293259925,1.9857624578493815,2616,2671,53,0,2618,2662,46511,-2,0,0,-2,9
2020-08-11,US,Arizona,Unassigned,1,1,0,0.0,0.0,90004.0,0.0,100.0,0,0,1,0,-1,0,,1,0,0,1,0
2020-08-11,US,Arizona,Yavapai,2040,68,0,34.59933926,-112.5538588,4025.0,867.7195564421795,3.333333333333333,1972,2018,67,0,1951,2004,231993,22,1,0,21,14
2020-08-11,US,Arizona,Yuma,11633,285,0,32.76895712,-113.90666740000002,4027.0,5441.3972785997275,2.4499269320037818,11348,11609,289,0,11320,11510,212128,24,-4,0,28,99
2020-08-11,US,Arkansas,Arkansas,227,1,0,34.29145151,-91.37277296,5001.0,1298.1814022646688,0.4405286343612335,226,221,1,0,220,217,17769,6,0,0,6,4
2020-08-11,US,Arkansas,Ashley,330,5,0,33.19153461,-91.76984709999999,5003.0,1678.7912702853946,1.5151515151515151,325,330,5,0,325,326,20046,0,0,0,0,4
2020-08-11,US,Arkansas,Baxter,73,0,0,36.28784385,-92.33782872,5005.0,174.09138605361062,0.0,73,71,0,0,71,71,41619,2,0,0,2,0
2020-08-11,US,Arkansas,Benton,4805,43,0,36.33644656,-94.25680817,5007.0,1721.3522914942628,0.894901144640999,4762,4794,43,0,4751,4774,272608,11,0,0,11,20
2020-08-11,US,Arkansas,Boone,214,2,0,36.3084504,-93.09374925,5009.0,571.7033554178244,0.9345794392523364,212,212,2,0,210,211,37480,2,0,0,2,1
2020-08-11,US,Arkansas,Bradley,207,4,0,33.46755808,-92.15980837,5011.0,1923.2555978816315,1.932367149758454,203,204,4,0,200,190,10897,3,0,0,3,14
2020-08-11,US,Arkansas,Calhoun,17,0,0,33.55598792,-92.49974403,5013.0,327.616111004047,0.0,17,17,0,0,17,16,5277,0,0,0,0,1
2020-08-11,US,Arkansas,Carroll,379,7,0,36.34038560000001,-93.54270261,5015.0,1335.447498238196,1.8469656992084436,372,359,7,0,352,354,28223,20,0,0,20,5
2020-08-11,US,Arkansas,Chicot,736,9,0,33.26458973,-91.29539209,5017.0,7274.16485471437,1.2228260869565215,727,739,8,0,731,733,10438,-3,1,0,-4,6
2020-08-11,US,Arkansas,Clark,177,1,0,34.04613432,-93.17484713,5019.0,793.010752688172,0.5649717514124294,176,177,1,0,176,177,22061,0,0,0,0,0
2020-08-11,US,Arkansas,Clay,138,4,0,36.36826212,-90.4148172,5021.0,948.3884269122397,2.898550724637681,134,136,4,0,132,136,14847,2,0,0,2,0
2020-08-11,US,Arkansas,Cleburne,202,5,0,35.53864922,-92.02640019,5023.0,810.6264296320078,2.4752475247524752,197,202,5,0,197,200,24965,0,0,0,0,2
2020-08-11,US,Arkansas,Cleveland,103,2,0,33.89723187,-92.18537045,5025.0,1294.620412267471,1.9417475728155342,101,102,2,0,100,97,8018,1,0,0,1,5
2020-08-11,US,Arkansas,Columbia,220,12,0,33.21230701,-93.22642793,5027.0,937.8863452274376,5.454545454545454,208,217,12,0,205,215,23537,3,0,0,3,2
2020-08-11,US,Arkansas,Conway,153,3,0,35.26205537,-92.70506566,5029.0,733.9537561162813,1.96078431372549,150,153,3,0,150,152,20891,0,0,0,0,1
2020-08-11,US,Arkansas,Craighead,1389,12,0,35.83018283,-90.63235729,5031.0,1258.9276003335387,0.8639308855291576,1377,1374,12,0,1362,1344,108558,15,0,0,15,30
2020-08-11,US,Arkansas,Crawford,648,4,0,35.58928601,-94.2446814,5033.0,1024.392557345432,0.6172839506172839,644,635,4,0,631,627,63406,13,0,0,13,8
2020-08-11,US,Arkansas,Crittenden,1381,23,0,35.21247318,-90.30839406,5035.0,2879.7831300177254,1.6654598117306298,1358,1369,23,0,1346,1356,48342,12,0,0,12,13
2020-08-11,US,Arkansas,Cross,208,4,0,35.29631396,-90.77185818,5037.0,1266.8250197941409,1.9230769230769231,204,204,4,0,200,195,16676,4,0,0,4,9
2020-08-11,US,Arkansas,Dallas,64,1,0,33.97042763,-92.65167437,5039.0,913.1117135111999,1.5625,63,64,0,0,64,63,7182,0,1,0,-1,1
2020-08-11,US,Arkansas,Desha,201,2,0,33.83011025,-91.25500948,5041.0,1769.2104568259836,0.9950248756218906,199,197,2,0,195,194,11512,4,0,0,4,3
2020-08-11,US,Arkansas,Drew,217,3,0,33.59035001,-91.71777921,5043.0,1191.0642735605686,1.3824884792626728,214,209,3,0,206,203,18328,8,0,0,8,6
2020-08-11,US,Arkansas,Faulkner,1330,6,0,35.14719007,-92.33717519,5045.0,1055.4969168379534,0.4511278195488722,1324,1319,6,0,1313,1304,124806,11,0,0,11,15
2020-08-11,US,Arkansas,Franklin,128,2,0,35.51202821,-93.89299569,5047.0,722.5515100197572,1.5625,126,127,2,0,125,126,17810,1,0,0,1,1
2020-08-11,US,Arkansas,Fulton,44,0,0,36.38177105,-91.81729127,5049.0,352.6488739280276,0.0,44,44,0,0,44,42,12269,0,0,0,0,2
2020-08-11,US,Arkansas,Garland,1071,17,0,34.57692074,-93.14921604,5051.0,1077.6165657134807,1.5873015873015872,1054,1058,16,0,1042,1008,99154,13,1,0,12,50
2020-08-11,US,Arkansas,Grant,140,0,0,34.29017991,-92.42320562,5053.0,766.4932931836847,0.0,140,137,0,0,137,136,18188,3,0,0,3,1
2020-08-11,US,Arkansas,Greene,492,2,0,36.11735460000001,-90.55832668,5055.0,1085.4936569222284,0.4065040650406504,490,485,2,0,483,476,45325,7,0,0,7,9
2020-08-11,US,Arkansas,Hempstead,249,2,0,33.73325583,-93.66935133,5057.0,1156.4183540776519,0.8032128514056225,247,247,2,0,245,239,21741,2,0,0,2,8
2020-08-11,US,Arkansas,Hot Spring,1557,12,0,34.31709259,-92.95396325,5059.0,4610.464599804566,0.7707129094412332,1545,1554,11,0,1543,1546,33701,3,1,0,2,8
2020-08-11,US,Arkansas,Howard,355,4,0,34.09007427,-93.9934871,5061.0,2688.9865171943648,1.1267605633802815,351,342,4,0,338,340,13341,13,0,0,13,2
2020-08-11,US,Arkansas,Independence,550,1,0,35.74242707,-91.57001641,5063.0,1454.0647719762064,0.18181818181818185,549,537,1,0,536,517,37678,13,0,0,13,20
2020-08-11,US,Arkansas,Izard,53,1,0,36.09604046,-91.90847954,5065.0,388.8766600631008,1.8867924528301887,52,53,1,0,52,53,13593,0,0,0,0,0
2020-08-11,US,Arkansas,Jackson,117,1,0,35.59802983,-91.21494602,5067.0,699.8026197739099,0.8547008547008547,116,117,1,0,116,112,16811,0,0,0,0,5
2020-08-11,US,Arkansas,Jefferson,1584,40,0,34.26767081,-91.92619839,5069.0,2370.405842212379,2.525252525252525,1544,1574,40,0,1534,1534,68114,10,0,0,10,40
2020-08-11,US,Arkansas,Johnson,672,2,0,35.56759135,-93.46036368,5071.0,2528.406953119121,0.2976190476190476,670,670,2,0,668,668,26742,2,0,0,2,2
2020-08-11,US,Arkansas,Lafayette,56,2,0,33.24116713,-93.60677071,5073.0,845.4106280193238,3.571428571428572,54,54,2,0,52,54,6682,2,0,0,2,0
2020-08-11,US,Arkansas,Lawrence,217,9,0,36.04188196,-91.10867198,5075.0,1322.686821894429,4.147465437788019,208,214,9,0,205,212,16434,3,0,0,3,2
2020-08-11,US,Arkansas,Lee,896,8,0,34.78498904,-90.78383866,5077.0,10116.292198261262,0.8928571428571429,888,896,8,0,888,894,8985,0,0,0,0,2
2020-08-11,US,Arkansas,Lincoln,1224,12,0,33.95317155,-91.74002806,5079.0,9398.034398034399,0.9803921568627452,1212,1223,12,0,1211,1219,13383,1,0,0,1,4
2020-08-11,US,Arkansas,Little River,185,1,0,33.70375665,-94.23468591,5081.0,1509.0953585121135,0.5405405405405406,184,181,1,0,180,181,12326,4,0,0,4,0
2020-08-11,US,Arkansas,Logan,277,1,0,35.21413234,-93.71951016,5083.0,1290.4127457374452,0.36101083032490977,276,273,1,0,272,261,21737,4,0,0,4,12
2020-08-11,US,Arkansas,Lonoke,531,2,0,34.75392199,-91.88742357,5085.0,724.3312553711003,0.3766478342749529,529,524,2,0,522,512,73657,7,0,0,7,12
2020-08-11,US,Arkansas,Madison,270,2,0,36.01038185,-93.72524943,5087.0,1628.8610038610034,0.7407407407407407,268,270,2,0,268,270,16481,0,0,0,0,0
2020-08-11,US,Arkansas,Marion,29,0,0,36.26844485,-92.68451899,5089.0,173.71510722415238,0.0,29,29,0,0,29,28,16722,0,0,0,0,1
2020-08-11,US,Arkansas,Miller,518,5,0,33.31403423,-93.89285258,5091.0,1197.4940472062324,0.9652509652509652,513,518,5,0,513,512,43592,0,0,0,0,6
2020-08-11,US,Arkansas,Mississippi,1044,14,0,35.76271485,-90.05194370000002,5093.0,2568.202504243438,1.3409961685823757,1030,1033,14,0,1019,1014,41239,11,0,0,11,19
2020-08-11,US,Arkansas,Monroe,64,0,0,34.6815935,-91.20540287,5095.0,955.0813311446052,0.0,64,62,0,0,62,60,6900,2,0,0,2,2
2020-08-11,US,Arkansas,Montgomery,38,1,0,34.53704874,-93.65824478,5097.0,422.8800356109504,2.631578947368421,37,38,1,0,37,35,8924,0,0,0,0,3
2020-08-11,US,Arkansas,Nevada,143,9,0,33.66340119,-93.30632432,5099.0,1732.9132331555984,6.293706293706293,134,143,9,0,134,142,8326,0,0,0,0,1
2020-08-11,US,Arkansas,Newton,106,10,0,35.91947491,-93.21612969,5101.0,1367.212691861215,9.433962264150944,96,106,6,0,100,103,7805,0,4,0,-4,3
2020-08-11,US,Arkansas,Ouachita,105,2,0,33.58839816,-92.87795984,5103.0,449.06338208878617,1.9047619047619049,103,102,2,0,100,100,23606,3,0,0,3,2
2020-08-11,US,Arkansas,Perry,55,0,0,34.945915299999996,-92.94372564,5105.0,526.0640841702535,0.0,55,54,0,0,54,54,10352,1,0,0,1,0
2020-08-11,US,Arkansas,Phillips,329,9,0,34.43268455,-90.84800154,5107.0,1850.1855809245305,2.735562310030395,320,325,9,0,316,318,18029,4,0,0,4,7
2020-08-11,US,Arkansas,Pike,111,1,0,34.16250414,-93.65789349,5109.0,1035.6409777943643,0.9009009009009008,110,108,1,0,107,101,10673,3,0,0,3,7
2020-08-11,US,Arkansas,Poinsett,292,3,0,35.57433534,-90.66268713,5111.0,1241.074464467868,1.0273972602739727,289,286,3,0,283,272,23974,6,0,0,6,14
2020-08-11,US,Arkansas,Polk,150,1,0,34.48254879,-94.22728802,5113.0,751.3524343818874,0.6666666666666666,149,148,1,0,147,142,20049,2,0,0,2,6
2020-08-11,US,Arkansas,Pope,1333,10,0,35.44871474,-93.03212219,5115.0,2080.471969034836,0.7501875468867217,1323,1319,10,0,1309,1313,64000,14,0,0,14,6
2020-08-11,US,Arkansas,Prairie,100,0,0,34.83624419,-91.55162157,5117.0,1240.3870007442322,0.0,100,96,0,0,96,91,8074,4,0,0,4,5
2020-08-11,US,Arkansas,Pulaski,5706,86,0,34.77054088,-92.31355101,5119.0,1455.9428033405545,1.5071854188573433,5620,5639,85,0,5554,5582,392680,67,1,0,66,57
2020-08-11,US,Arkansas,Randolph,222,4,0,36.3415714,-91.02455531,5121.0,1236.2178416304712,1.8018018018018016,218,219,4,0,215,213,17948,3,0,0,3,6
2020-08-11,US,Arkansas,Saline,1113,7,0,34.64916145,-92.67583224,5125.0,909.0389343090732,0.6289308176100629,1106,1095,6,0,1089,1046,121421,18,1,0,17,49
2020-08-11,US,Arkansas,Scott,66,0,0,34.85588887,-94.0632176,5127.0,641.9608987452583,0.0,66,61,0,0,61,61,10319,5,0,0,5,0
2020-08-11,US,Arkansas,Searcy,33,0,0,35.9109364,-92.69936482,5129.0,418.7285877426722,0.0,33,32,0,0,32,30,7958,1,0,0,1,2
2020-08-11,US,Arkansas,Sebastian,2250,20,0,35.19605503,-94.27162713,5131.0,1760.1915088361611,0.8888888888888888,2230,2229,20,0,2209,2176,127753,21,0,0,21,53
2020-08-11,US,Arkansas,Sevier,996,10,0,33.99780401,-94.2424869,5133.0,5856.4120656200375,1.0040160642570282,986,992,10,0,982,989,17139,4,0,0,4,3
2020-08-11,US,Arkansas,Sharp,114,5,0,36.16258158,-91.47819342,5135.0,653.59477124183,4.385964912280701,109,112,5,0,107,113,17366,2,0,0,2,-1
2020-08-11,US,Arkansas,St. Francis,1226,3,0,35.02201976,-90.74828138,5123.0,4905.17724253821,0.24469820554649266,1223,1223,3,0,1220,1209,25439,3,0,0,3,14
2020-08-11,US,Arkansas,Stone,69,1,0,35.86251946,-92.15684085,5137.0,551.7351671197824,1.4492753623188406,68,69,1,0,68,69,12457,0,0,0,0,0
2020-08-11,US,Arkansas,Unassigned,1811,0,0,0.0,0.0,90005.0,0.0,0.0,1811,1823,0,0,1823,1796,,-12,0,0,-12,27
2020-08-11,US,Arkansas,Union,508,18,0,33.16887091,-92.59746952,5139.0,1313.27232304431,3.543307086614173,490,504,18,0,486,499,39126,4,0,0,4,5
2020-08-11,US,Arkansas,Van Buren,53,2,0,35.58095779,-92.51295036,5141.0,320.3384708371109,3.7735849056603774,51,53,2,0,51,53,16603,0,0,0,0,0
2020-08-11,US,Arkansas,Washington,6321,52,0,35.976844,-94.21800746,5143.0,2642.702153545134,0.8226546432526499,6269,6310,51,0,6259,6298,236961,11,1,0,10,12
2020-08-11,US,Arkansas,White,328,2,0,35.25688493,-91.74908296,5145.0,416.4920701433596,0.6097560975609756,326,326,2,0,324,322,78727,2,0,0,2,4
2020-08-11,US,Arkansas,Woodruff,22,0,0,35.18902527,-91.2439489,5147.0,348.1012658227848,0.0,22,22,0,0,22,21,6490,0,0,0,0,1
2020-08-11,US,Arkansas,Yell,1069,17,0,35.00292371,-93.41171338,5149.0,5009.137341267982,1.5902712815715625,1052,1067,17,0,1050,1066,21535,2,0,0,2,1
2020-08-11,US,California,Alameda,13631,205,0,37.64629437,-121.8929271,6001.0,815.5785007021359,1.5039248771183331,13426,13631,209,0,13422,13213,1666753,0,-4,0,4,418
2020-08-11,US,California,Alpine,2,0,0,38.59678594,-119.82235940000001,6003.0,177.14791851195747,0.0,2,2,0,0,2,2,1101,0,0,0,0,0
2020-08-11,US,California,Amador,185,3,0,38.44583082,-120.65696000000001,6005.0,465.3853894143691,1.6216216216216215,182,182,2,0,180,164,39383,3,1,0,2,18
2020-08-11,US,California,Butte,1238,8,0,39.66727762,-121.6005252,6007.0,564.8170959824076,0.6462035541195477,1230,1238,8,0,1230,1095,231256,0,0,0,0,143
2020-08-11,US,California,Calaveras,147,1,0,38.20537103,-120.55291299999999,6009.0,320.2265548415205,0.6802721088435374,146,147,1,0,146,147,45602,0,0,0,0,0
2020-08-11,US,California,Colusa,396,5,0,39.17881957,-122.2331726,6011.0,1837.842855153849,1.2626262626262623,391,391,4,0,387,362,21627,5,1,0,4,29
2020-08-11,US,California,Contra Costa,9787,146,0,37.91923498,-121.9289527,6013.0,848.4420810627589,1.491774803310514,9641,9404,139,0,9265,9182,1150215,383,7,0,376,222
2020-08-11,US,California,Del Norte,100,0,0,41.74228275,-123.89740630000001,6015.0,359.55702574428307,0.0,100,100,0,0,100,99,27828,0,0,0,0,1
2020-08-11,US,California,El Dorado,755,2,0,38.77965956,-120.5233166,6017.0,391.5101922289116,0.26490066225165565,753,755,2,0,753,729,190678,0,0,0,0,26
2020-08-11,US,California,Fresno,17846,171,0,36.75733899,-119.6466953,6019.0,1786.205799013313,0.9581979154992716,17675,17846,171,0,17675,17290,994400,0,0,0,0,556
2020-08-11,US,California,Glenn,436,3,0,39.59875897,-122.3938452,6021.0,1535.5897580389533,0.6880733944954128,433,360,3,0,357,360,28047,76,0,0,76,0
2020-08-11,US,California,Humboldt,286,4,0,40.69923009,-123.876044,6023.0,210.97980200357048,1.3986013986013983,282,286,4,0,282,282,136373,0,0,0,0,4
2020-08-11,US,California,Imperial,9867,244,0,33.0393082,-115.36690420000001,6025.0,5444.913500538035,2.4728894294111687,9623,9693,244,0,9449,9693,181827,174,0,0,174,0
2020-08-11,US,California,Inyo,106,3,0,36.51112084,-117.41119779999998,6027.0,587.6157214923222,2.830188679245283,103,106,3,0,103,89,17987,0,0,0,0,17
2020-08-11,US,California,Kern,24995,183,0,35.34329425,-118.72777959999999,6029.0,2776.59902999549,0.7321464292858572,24812,24440,171,0,24269,23583,896764,555,12,0,543,857
2020-08-11,US,California,Kings,4453,56,0,36.07409056,-119.8159973,6031.0,2911.5993199947693,1.2575791601167752,4397,4453,56,0,4397,4453,151366,0,0,0,0,0
2020-08-11,US,California,Lake,240,2,0,39.10124298,-122.75362439999999,6033.0,372.7518404622123,0.8333333333333334,238,240,2,0,238,220,64382,0,0,0,0,20
2020-08-11,US,California,Lassen,683,0,0,40.67311306,-120.59350990000002,6035.0,2233.9973178948744,0.0,683,683,0,0,683,638,30802,0,0,0,0,45
2020-08-11,US,California,Los Angeles,210874,4999,0,34.30828379,-118.22824109999999,6037.0,2100.5254750248205,2.3706099376879086,205875,210543,4998,0,205545,208563,10105518,331,1,0,330,1980
2020-08-11,US,California,Madera,2463,39,0,37.21513971,-119.76655890000002,6039.0,1565.5291208756285,1.5834348355663823,2424,2463,39,0,2424,2302,157672,0,0,0,0,161
2020-08-11,US,California,Marin,5404,81,0,38.07122463,-122.72106310000001,6041.0,2087.889161058008,1.4988897113249444,5323,5404,81,0,5323,5327,259666,0,0,0,0,77
2020-08-11,US,California,Mariposa,62,2,0,37.57978556,-119.9073334,6043.0,360.4022554205662,3.2258064516129035,60,62,2,0,60,61,17471,0,0,0,0,1
2020-08-11,US,California,Mendocino,472,10,0,39.4381191,-123.39113130000001,6045.0,544.098491048888,2.1186440677966103,462,472,10,0,462,431,87606,0,0,0,0,41
2020-08-11,US,California,Merced,5736,70,0,37.18922369,-120.72090349999999,6047.0,2065.687121866897,1.2203626220362622,5666,5736,70,0,5666,5012,274765,0,0,0,0,724
2020-08-11,US,California,Modoc,5,0,0,41.58965602,-120.7244817,6049.0,56.55468838366701,0.0,5,5,0,0,5,5,8777,0,0,0,0,0
2020-08-11,US,California,Mono,158,1,0,37.93899289,-118.8872409,6051.0,1093.8798116865134,0.6329113924050633,157,158,1,0,157,154,14250,0,0,0,0,4
2020-08-11,US,California,Monterey,5494,37,0,36.21862405,-121.24133970000001,6053.0,1265.720716673463,0.673461958500182,5457,5446,35,0,5411,5293,435594,48,2,0,46,153
2020-08-11,US,California,Napa,1129,11,0,38.50735751,-122.33283899999999,6055.0,819.6364269950052,0.9743135518157662,1118,1074,11,0,1063,1046,139417,55,0,0,55,28
2020-08-11,US,California,Nevada,357,1,0,39.30394768,-120.76272809999999,6057.0,357.87679815548086,0.2801120448179272,356,357,1,0,356,322,99696,0,0,0,0,35
2020-08-11,US,California,Orange,40527,724,0,33.70147516,-117.76459979999998,6059.0,1276.162801682279,1.7864633454240384,39803,40527,726,0,39801,39641,3185968,0,-2,0,2,886
2020-08-11,US,California,Placer,2377,24,0,39.06167234,-120.72405690000001,6061.0,596.7428934373345,1.0096760622633572,2353,2319,22,0,2297,2186,393149,58,2,0,56,133
2020-08-11,US,California,Plumas,36,0,0,40.00355989,-120.8395236,6063.0,191.4180890094114,0.0,36,36,0,0,36,34,18804,0,0,0,0,2
2020-08-11,US,California,Riverside,41983,820,0,33.74314981,-115.9933578,6065.0,1699.3409554001425,1.9531715218064452,41163,41983,820,0,41163,40452,2450758,0,0,0,0,1531
2020-08-11,US,California,Sacramento,12274,179,0,38.45106826,-121.34253740000001,6067.0,790.8209615877757,1.4583672804301775,12095,12040,177,0,11863,10795,1540975,234,2,0,232,1245
2020-08-11,US,California,San Benito,765,4,0,36.60308176,-121.069975,6069.0,1217.9977072984336,0.5228758169934641,761,765,4,0,761,715,61537,0,0,0,0,50
2020-08-11,US,California,San Bernardino,36072,546,0,34.84060306,-116.1774685,6071.0,1654.6143843015295,1.513639387890885,35526,36072,546,0,35526,35712,2171603,0,0,0,0,360
2020-08-11,US,California,San Diego,32975,594,0,33.03484597,-116.73653259999999,6073.0,987.7693337686808,1.8013646702047006,32381,32975,594,0,32381,32330,3343364,0,0,0,0,645
2020-08-11,US,California,San Francisco,7692,67,0,37.75215114,-122.43856720000001,6075.0,872.5550139583845,0.8710348413936557,7625,7623,67,0,7556,7548,883305,69,0,0,69,75
2020-08-11,US,California,San Joaquin,13870,235,0,37.93433732,-121.2730061,6077.0,1819.856510808924,1.6943042537851478,13635,12864,223,0,12641,12303,752660,1006,12,0,994,561
2020-08-11,US,California,San Luis Obispo,2278,17,0,35.38822029,-120.4039028,6079.0,804.6313989919148,0.746268656716418,2261,2254,16,0,2238,2093,284010,24,1,0,23,161
2020-08-11,US,California,San Mateo,6431,122,0,37.422880799999994,-122.32755459999998,6081.0,838.9285821441663,1.8970611102472401,6309,6318,120,0,6198,6110,769545,113,2,0,111,208
2020-08-11,US,California,Santa Barbara,6996,72,0,34.65329488,-120.0188492,6083.0,1566.8568126692335,1.0291595197255574,6924,6704,69,0,6635,6704,446527,292,3,0,289,0
2020-08-11,US,California,Santa Clara,12962,207,0,37.23104908,-121.6970462,6085.0,672.3545168405044,1.5969757753433111,12755,12694,205,0,12489,11687,1937570,268,2,0,266,1007
2020-08-11,US,California,Santa Cruz,1287,6,0,37.05580291,-122.0066524,6087.0,471.0610402872484,0.4662004662004662,1281,1243,6,0,1237,1238,274255,44,0,0,44,5
2020-08-11,US,California,Shasta,469,10,0,40.76391419,-122.0396884,6089.0,260.4398045313194,2.1321961620469083,459,459,10,0,449,418,180040,10,0,0,10,41
2020-08-11,US,California,Sierra,4,0,0,39.57713498,-120.52007009999998,6091.0,133.11148086522462,0.0,4,4,0,0,4,3,2987,0,0,0,0,1
2020-08-11,US,California,Siskiyou,102,0,0,41.59198861,-122.54074340000001,6093.0,234.2727210087508,0.0,102,102,0,0,102,93,43724,0,0,0,0,9
2020-08-11,US,California,Solano,4274,41,0,38.26827353,-121.9357113,6095.0,954.778696416564,0.9592887225081892,4233,4274,41,0,4233,4029,446610,0,0,0,0,245
2020-08-11,US,California,Sonoma,3753,50,0,38.52746429,-122.88625060000001,6097.0,759.200220093216,1.332267519317879,3703,3670,47,0,3623,3556,499942,83,3,0,80,114
2020-08-11,US,California,Stanislaus,10264,169,0,37.55862499,-120.9970722,6099.0,1863.945084080921,1.6465315666406861,10095,10264,169,0,10095,9665,549815,0,0,0,0,599
2020-08-11,US,California,Sutter,996,7,0,39.03417539,-121.6945899,6101.0,1027.1111981932743,0.7028112449799196,989,952,7,0,945,942,96807,44,0,0,44,10
2020-08-11,US,California,Tehama,303,1,0,40.12570935,-122.23701709999999,6103.0,465.5522094524,0.33003300330033003,302,276,1,0,275,276,63916,27,0,0,27,0
2020-08-11,US,California,Trinity,5,0,0,40.64917670000001,-123.114713,6105.0,40.7000407000407,0.0,5,5,0,0,5,5,12535,0,0,0,0,0
2020-08-11,US,California,Tulare,11549,198,0,36.22026558,-118.8020203,6107.0,2477.289546219929,1.7144341501428697,11351,10862,196,0,10666,10475,465861,687,2,0,685,387
2020-08-11,US,California,Tuolumne,155,2,0,38.02644018,-119.95250929999999,6109.0,284.5185212379309,1.2903225806451613,153,155,3,0,152,152,54539,0,-1,0,1,3
2020-08-11,US,California,Ventura,8740,93,0,34.44465746,-119.09106129999999,6111.0,1033.0895998373537,1.0640732265446224,8647,8634,92,0,8542,8146,850967,106,1,0,105,488
2020-08-11,US,California,Yolo,1834,44,0,38.68278902,-121.90182879999999,6113.0,831.7460317460318,2.3991275899672853,1790,1834,44,0,1790,1721,220408,0,0,0,0,113
2020-08-11,US,California,Yuba,666,4,0,39.26255932,-121.35356440000001,6115.0,846.5958204098233,0.6006006006006006,662,646,4,0,642,600,78041,20,0,0,20,46
2020-08-11,US,Colorado,Adams,6581,177,0,39.87432092,-104.3362578,8001.0,1271.8849834080952,2.6895608570126117,6404,6529,176,0,6353,6491,511868,52,1,0,51,38
2020-08-11,US,Colorado,Alamosa,231,9,0,37.57250606,-105.7885451,8003.0,1423.0271668822766,3.8961038961038965,222,230,9,0,221,230,16683,1,0,0,1,0
2020-08-11,US,Colorado,Arapahoe,7377,362,0,39.64977461,-104.3353617,8005.0,1123.5321890372988,4.90714382540328,7015,7340,364,0,6976,7311,651215,37,-2,0,39,29
2020-08-11,US,Colorado,Archuleta,36,0,0,37.19474156,-107.04768670000001,8007.0,256.61130515361043,0.0,36,36,0,0,36,36,13765,0,0,0,0,0
2020-08-11,US,Colorado,Baca,15,0,0,37.31940883,-102.5603223,8009.0,418.8774085450991,0.0,15,15,0,0,15,15,3585,0,0,0,0,0
2020-08-11,US,Colorado,Bent,9,0,0,37.95474293,-103.0720195,8011.0,161.37708445400753,0.0,9,9,0,0,9,9,5882,0,0,0,0,0
2020-08-11,US,Colorado,Boulder,2086,76,0,40.09313619,-105.3546767,8013.0,639.4928202675693,3.6433365292425695,2010,2059,74,0,1985,2046,326078,27,2,0,25,13
2020-08-11,US,Colorado,Broomfield,482,32,0,39.95998787,-105.0566324,8014.0,684.0275313985668,6.639004149377594,450,475,32,0,443,473,69267,7,0,0,7,2
2020-08-11,US,Colorado,Chaffee,304,19,0,38.74745778,-106.19265729999998,8015.0,1493.4171742975045,6.25,285,303,19,0,284,303,20027,1,0,0,1,0
2020-08-11,US,Colorado,Cheyenne,9,0,0,38.82777431,-102.6032558,8017.0,491.53468050245766,0.0,9,9,0,0,9,9,1876,0,0,0,0,0
2020-08-11,US,Colorado,Clear Creek,30,1,0,39.68864463,-105.6463118,8019.0,309.27835051546384,3.333333333333333,29,30,1,0,29,30,9605,0,0,0,0,0
2020-08-11,US,Colorado,Conejos,23,0,0,37.201606,-106.19174879999998,8021.0,280.31687995124923,0.0,23,23,0,0,23,23,8200,0,0,0,0,0
2020-08-11,US,Colorado,Costilla,23,0,0,37.27732493,-105.4276548,8023.0,591.7159763313608,0.0,23,23,0,0,23,23,3828,0,0,0,0,0
2020-08-11,US,Colorado,Crowley,72,1,0,38.32608609,-103.7844965,8025.0,1187.922785018974,1.3888888888888888,71,72,1,0,71,72,5858,0,0,0,0,0
2020-08-11,US,Colorado,Custer,11,0,0,38.10883162,-105.3683478,8027.0,217.04814522494078,0.0,11,11,0,0,11,11,4954,0,0,0,0,0
2020-08-11,US,Colorado,Delta,128,1,0,38.86246243,-107.86313419999999,8029.0,410.75669084140935,0.78125,127,125,1,0,124,121,30953,3,0,0,3,4
2020-08-11,US,Colorado,Denver,10319,417,0,39.76018276,-104.87256950000001,8031.0,1418.982936176708,4.041089252834577,9902,10263,415,0,9848,10224,716492,56,2,0,54,39
2020-08-11,US,Colorado,Dolores,1,0,0,37.75208676,-108.5211585,8033.0,48.661800486618006,0.0,1,1,0,0,1,1,2074,0,0,0,0,0
2020-08-11,US,Colorado,Douglas,1759,59,0,39.33133796,-104.930001,8035.0,500.91982435056985,3.35417851051734,1700,1744,59,0,1685,1734,342776,15,0,0,15,10
2020-08-11,US,Colorado,Eagle,1126,9,0,39.62754308,-106.6933637,8037.0,2042.556279137265,0.7992895204262878,1117,1124,9,0,1115,1123,54993,2,0,0,2,1
2020-08-11,US,Colorado,El Paso,5183,140,0,38.83240149,-104.5251411,8041.0,719.4584142486914,2.7011383368705384,5043,5134,138,0,4996,5006,713856,49,2,0,47,128
2020-08-11,US,Colorado,Elbert,107,2,0,39.28656773,-104.13587209999999,8039.0,400.3142654046167,1.8691588785046729,105,105,2,0,103,105,26282,2,0,0,2,0
2020-08-11,US,Colorado,Fremont,128,0,0,38.47362326,-105.43996670000001,8043.0,267.5641213236063,0.0,128,125,0,0,125,125,48021,3,0,0,3,0
2020-08-11,US,Colorado,Garfield,773,4,0,39.59921777,-107.902708,8045.0,1287.0248580609716,0.517464424320828,769,768,4,0,764,767,59770,5,0,0,5,1
2020-08-11,US,Colorado,Gilpin,16,0,0,39.85646523,-105.5252597,8047.0,256.28704148646483,0.0,16,16,0,0,16,16,6121,0,0,0,0,0
2020-08-11,US,Colorado,Grand,51,1,0,40.10603347,-106.11780420000001,8049.0,324.1388076776408,1.96078431372549,50,46,1,0,45,46,15525,5,0,0,5,0
2020-08-11,US,Colorado,Gunnison,274,6,0,38.66611652,-107.0320729,8051.0,1569.121521017065,2.18978102189781,268,273,6,0,267,272,17246,1,0,0,1,1
2020-08-11,US,Colorado,Hinsdale,3,0,0,37.82247444,-107.3004345,8053.0,365.8536585365854,0.0,3,3,0,0,3,3,811,0,0,0,0,0
2020-08-11,US,Colorado,Huerfano,8,1,0,37.68473101,-104.9612585,8055.0,115.99246049006815,12.5,7,8,1,0,7,8,6889,0,0,0,0,0
2020-08-11,US,Colorado,Jackson,9,0,0,40.66593870000001,-106.3408905,8057.0,646.5517241379309,0.0,9,9,0,0,9,9,1399,0,0,0,0,0
2020-08-11,US,Colorado,Jefferson,4258,233,0,39.58635604,-105.2517692,8059.0,730.5093149373542,5.4720526068576785,4025,4210,228,0,3982,4177,580233,48,5,0,43,33
2020-08-11,US,Colorado,Kit Carson,56,3,0,39.30497777,-102.60221990000001,8063.0,789.0658024517403,5.357142857142857,53,56,3,0,53,51,7163,0,0,0,0,5
2020-08-11,US,Colorado,La Plata,222,2,0,37.28632032,-107.8429014,8067.0,394.87024421479515,0.9009009009009008,220,219,2,0,217,212,56310,3,0,0,3,7
2020-08-11,US,Colorado,Lake,79,0,0,39.20278823,-106.35556969999999,8065.0,972.0684139288793,0.0,79,79,0,0,79,77,7824,0,0,0,0,2
2020-08-11,US,Colorado,Larimer,1590,37,0,40.66671597,-105.4625784,8069.0,445.5041902611103,2.3270440251572326,1553,1575,35,0,1540,1554,350518,15,2,0,13,21
2020-08-11,US,Colorado,Las Animas,18,0,0,37.3153406,-104.03764579999999,8071.0,124.08658486143663,0.0,18,17,0,0,17,17,14503,1,0,0,1,0
2020-08-11,US,Colorado,Lincoln,8,0,0,38.98749519,-103.51366490000001,8073.0,140.3262585511314,0.0,8,8,0,0,8,8,5610,0,0,0,0,0
2020-08-11,US,Colorado,Logan,655,5,0,40.7249637,-103.110817,8075.0,2922.9327502342812,0.7633587786259542,650,651,5,0,646,651,21528,4,0,0,4,0
2020-08-11,US,Colorado,Mesa,329,4,0,39.01787888,-108.469799,8077.0,213.3454380390377,1.2158054711246202,325,316,4,0,312,306,153207,13,0,0,13,10
2020-08-11,US,Colorado,Mineral,18,0,0,37.66954283,-106.92816979999999,8079.0,2340.702210663199,0.0,18,18,0,0,18,18,776,0,0,0,0,0
2020-08-11,US,Colorado,Moffat,32,1,0,40.61810999,-108.2070876,8081.0,240.9094331099902,3.125,31,32,1,0,31,31,13188,0,0,0,0,1
2020-08-11,US,Colorado,Montezuma,112,4,0,37.33859579,-108.59588570000001,8083.0,427.7584692357637,3.571428571428572,108,112,4,0,108,112,26158,0,0,0,0,0
2020-08-11,US,Colorado,Montrose,312,13,0,38.40214114,-108.26390220000002,8085.0,729.6880116001684,4.166666666666667,299,310,13,0,297,305,42214,2,0,0,2,5
2020-08-11,US,Colorado,Morgan,687,46,0,40.26279810000001,-103.8093302,8087.0,2363.4236961607266,6.695778748180495,641,686,46,0,640,685,28558,1,0,0,1,1
2020-08-11,US,Colorado,Otero,76,6,0,37.9014485,-103.7173385,8089.0,415.8004158004158,7.894736842105262,70,71,6,0,65,71,18432,5,0,0,5,0
2020-08-11,US,Colorado,Ouray,13,1,0,38.14717457,-107.7675136,8091.0,262.52019386106616,7.6923076923076925,12,14,1,0,13,13,4833,-1,0,0,-1,1
2020-08-11,US,Colorado,Park,42,1,0,39.120926000000004,-105.7182065,8093.0,222.870788007429,2.380952380952381,41,42,1,0,41,42,18556,0,0,0,0,0
2020-08-11,US,Colorado,Phillips,19,0,0,40.59414277,-102.3577703,8095.0,445.48651817116064,0.0,19,19,0,0,19,19,4286,0,0,0,0,0
2020-08-11,US,Colorado,Pitkin,188,2,0,39.21720112,-106.9310027,8097.0,1058.1414982833342,1.0638297872340423,186,186,2,0,184,187,17950,2,0,0,2,-1
2020-08-11,US,Colorado,Prowers,54,0,0,37.95544985,-102.3926052,8099.0,443.6411436082813,0.0,54,53,0,0,53,53,12164,1,0,0,1,0
2020-08-11,US,Colorado,Pueblo,709,34,0,38.17359144,-104.5127437,8101.0,420.96138317579437,4.795486600846262,675,699,34,0,665,693,167529,10,0,0,10,6
2020-08-11,US,Colorado,Rio Blanco,20,0,0,39.97913541,-108.2179009,8103.0,316.25553447185325,0.0,20,16,0,0,16,16,6336,4,0,0,4,0
2020-08-11,US,Colorado,Rio Grande,89,2,0,37.5836865,-106.3847838,8105.0,789.9174580633709,2.247191011235955,87,89,2,0,87,89,11250,0,0,0,0,0
2020-08-11,US,Colorado,Routt,125,8,0,40.48596505,-106.9905548,8107.0,487.55753178875113,6.4,117,125,8,0,117,125,25733,0,0,0,0,0
2020-08-11,US,Colorado,Saguache,106,2,0,38.08054629,-106.28246599999999,8109.0,1553.3411488862835,1.8867924528301887,104,106,2,0,104,106,6843,0,0,0,0,0
2020-08-11,US,Colorado,San Juan,2,0,0,37.76248981,-107.67632890000002,8111.0,274.72527472527474,0.0,2,2,0,0,2,2,762,0,0,0,0,0
2020-08-11,US,Colorado,San Miguel,90,0,0,38.00450883,-108.4020725,8113.0,1100.3790194400294,0.0,90,89,0,0,89,89,8191,1,0,0,1,0
2020-08-11,US,Colorado,Sedgwick,11,1,0,40.87595412,-102.3519227,8115.0,489.32384341637015,9.090909090909092,10,11,1,0,10,11,2303,0,0,0,0,0
2020-08-11,US,Colorado,Summit,338,4,0,39.63803232,-106.1150762,8117.0,1089.935829221889,1.183431952662722,334,333,4,0,329,328,31007,5,0,0,5,5
2020-08-11,US,Colorado,Teller,136,3,0,38.88133511,-105.16148929999999,8119.0,535.6861509374507,2.2058823529411766,133,133,3,0,130,132,25083,3,0,0,3,1
2020-08-11,US,Colorado,Washington,49,0,0,39.97015535,-103.202587,8121.0,998.3700081499593,0.0,49,49,0,0,49,48,4909,0,0,0,0,1
2020-08-11,US,Colorado,Weld,3742,145,0,40.55499405,-104.39296209999999,8123.0,1153.1871355842366,3.8749331908070554,3597,3723,145,0,3578,3709,314305,19,0,0,19,14
2020-08-11,US,Colorado,Yuma,63,0,0,40.00346839,-102.4258673,8125.0,628.8052699870246,0.0,63,63,0,0,63,63,10020,0,0,0,0,0
2020-08-11,US,Connecticut,Fairfield,18081,1409,0,41.26809896,-73.3881171,9001.0,1916.7164900586429,7.792710580167027,16672,18035,1409,0,16626,17956,943823,46,0,0,46,79
2020-08-11,US,Connecticut,Hartford,12826,1415,0,41.80283011,-72.73103891,9003.0,1438.3438747588932,11.032278184936848,11411,12800,1415,0,11385,12761,892697,26,0,0,26,39
2020-08-11,US,Connecticut,Litchfield,1618,138,0,41.7937534,-73.2451475,9005.0,897.229015210749,8.52904820766378,1480,1615,138,0,1477,1610,181111,3,0,0,3,5
2020-08-11,US,Connecticut,Middlesex,1408,192,0,41.45949668,-72.53714864,9007.0,866.8029254598732,13.636363636363635,1216,1405,192,0,1213,1396,162682,3,0,0,3,9
2020-08-11,US,Connecticut,New Haven,13240,1106,0,41.408032500000004,-72.93620426,9009.0,1548.9782476189139,8.353474320241691,12134,13224,1106,0,12118,13145,857620,16,0,0,16,79
2020-08-11,US,Connecticut,New London,1467,103,0,41.48896435,-72.10430976,9011.0,553.1549059976019,7.021131561008862,1364,1457,103,0,1354,1433,266784,10,0,0,10,24
2020-08-11,US,Connecticut,Tolland,1056,66,0,41.85853803,-72.3308481,9013.0,700.6322941063289,6.25,990,1056,66,0,990,1056,150921,0,0,0,0,0
2020-08-11,US,Connecticut,Unassigned,243,0,0,0.0,0.0,90009.0,0.0,0.0,243,237,0,0,237,237,,6,0,0,6,0
2020-08-11,US,Connecticut,Windham,745,15,0,41.82972709,-71.98182316,9015.0,637.9407785446388,2.0134228187919465,730,738,15,0,723,726,117027,7,0,0,7,12
2020-08-11,US,Delaware,Kent,2306,108,0,39.08646628,-75.56884914,10001.0,1275.5412476629824,4.683434518647008,2198,2294,108,0,2186,2287,178550,12,0,0,12,7
2020-08-11,US,Delaware,New Castle,7276,291,0,39.57992638,-75.64054974,10003.0,1302.1854021365434,3.9994502473886753,6985,7243,291,0,6952,7206,559335,33,0,0,33,37
2020-08-11,US,Delaware,Sussex,5867,192,0,38.66143781,-75.39031349,10005.0,2504.856441455865,3.2725413328788138,5675,5848,192,0,5656,5839,229286,19,0,0,19,9
2020-08-11,US,Delaware,Unassigned,250,0,0,0.0,0.0,90010.0,0.0,0.0,250,249,0,0,249,243,,1,0,0,1,6
2020-08-11,US,District of Columbia,District of Columbia,12896,593,0,38.90417773,-77.01655992,11001.0,1827.278536703559,4.598325062034738,12303,12807,591,0,12216,12753,702455,89,2,0,87,54
2020-08-11,US,Florida,Alachua,4246,26,0,29.67866525,-82.35928158,12001.0,1578.1863865627427,0.6123410268487989,4220,4171,26,0,4145,4142,269956,75,0,0,75,29
2020-08-11,US,Florida,Baker,964,4,0,30.33060121,-82.28467476,12003.0,3300.2396439575487,0.4149377593360996,960,932,4,0,928,907,28355,32,0,0,32,25
2020-08-11,US,Florida,Bay,4523,52,0,30.26548745,-85.62122584,12005.0,2588.935634355056,1.149679416316604,4471,4447,51,0,4396,4440,185287,76,1,0,75,7
2020-08-11,US,Florida,Bradford,519,4,0,29.95079741,-82.16611613,12007.0,1840.360270912379,0.7707129094412332,515,508,4,0,504,494,27732,11,0,0,11,14
2020-08-11,US,Florida,Brevard,6190,157,0,28.29409504,-80.73091022,12009.0,1028.3382784387866,2.5363489499192244,6033,6099,151,0,5948,6064,596849,91,6,0,85,35
2020-08-11,US,Florida,Broward,63605,856,0,26.15184651,-80.48725556,12011.0,3257.154679128913,1.3458061473154626,62749,62898,821,0,62077,62268,1951260,707,35,0,672,630
2020-08-11,US,Florida,Calhoun,481,8,0,30.40666734,-85.19394153,12013.0,3410.138248847926,1.6632016632016633,473,475,7,0,468,475,14587,6,1,0,5,0
2020-08-11,US,Florida,Charlotte,2281,94,0,26.90131002,-81.92949121,12015.0,1207.4532846328939,4.120999561595792,2187,2257,91,0,2166,2238,184998,24,3,0,21,19
2020-08-11,US,Florida,Citrus,1594,37,0,28.84804315,-82.47614748,12017.0,1065.1022003648345,2.32120451693852,1557,1548,36,0,1512,1539,147929,46,1,0,45,9
2020-08-11,US,Florida,Clay,3327,52,0,29.98319144,-81.85609986,12019.0,1517.4319960593286,1.5629696423204087,3275,3298,51,0,3247,3282,216072,29,1,0,28,16
2020-08-11,US,Florida,Collier,10487,143,0,26.11091986,-81.34687065,12021.0,2724.5896358033992,1.3635930199294364,10344,10448,136,0,10312,10334,378488,39,7,0,32,114
2020-08-11,US,Florida,Columbia,2917,16,0,30.22509788,-82.62160164,12023.0,4069.1348380436907,0.5485087418580734,2901,2893,15,0,2878,2873,70503,24,1,0,23,20
2020-08-11,US,Florida,DeSoto,1377,18,0,27.18677893,-81.80941373,12027.0,3623.5888529249232,1.30718954248366,1359,1358,16,0,1342,1351,37489,19,2,0,17,7
2020-08-11,US,Florida,Dixie,562,4,0,29.60631086,-83.15724673,12029.0,3340.0689409247593,0.7117437722419929,558,553,4,0,549,547,16700,9,0,0,9,6
2020-08-11,US,Florida,Duval,23741,198,0,30.33225875,-81.66976468,12031.0,2478.817651695893,0.8340002527273493,23543,23530,189,0,23341,23437,950181,211,9,0,202,93
2020-08-11,US,Florida,Escambia,9807,131,0,30.67652764,-87.37284571,12033.0,3080.9007401450126,1.3357805649026206,9676,9632,120,0,9512,9508,315534,175,11,0,164,124
2020-08-11,US,Florida,Flagler,1095,13,0,29.45933576,-81.31508595,12035.0,951.5037234643428,1.187214611872146,1082,1078,13,0,1065,1070,112067,17,0,0,17,8
2020-08-11,US,Florida,Franklin,433,2,0,29.83791238,-84.82731662,12037.0,3571.1340206185573,0.4618937644341801,431,430,2,0,428,418,11736,3,0,0,3,12
2020-08-11,US,Florida,Gadsden,1928,21,0,30.57796289,-84.61915825,12039.0,4222.51423565484,1.089211618257261,1907,1903,21,0,1882,1884,45894,25,0,0,25,19
2020-08-11,US,Florida,Gilchrist,369,6,0,29.72856978,-82.79880657,12041.0,1985.7927026154346,1.6260162601626016,363,366,5,0,361,363,18256,3,1,0,2,3
2020-08-11,US,Florida,Glades,406,3,0,26.95635849,-81.18996211,12043.0,2939.6857577293463,0.7389162561576355,403,405,3,0,402,401,13724,1,0,0,1,4
2020-08-11,US,Florida,Gulf,685,2,0,29.93543004,-85.24270990000002,12045.0,5022.362343280299,0.291970802919708,683,659,2,0,657,648,16164,26,0,0,26,11
2020-08-11,US,Florida,Hamilton,623,4,0,30.49673973,-82.94998918,12047.0,4317.992791793735,0.6420545746388443,619,618,4,0,614,618,14310,5,0,0,5,0
2020-08-11,US,Florida,Hardee,986,7,0,27.49293939,-81.80956574,12049.0,3660.392768311245,0.7099391480730223,979,976,7,0,969,963,27245,10,0,0,10,13
2020-08-11,US,Florida,Hendry,1805,38,0,26.55386945,-81.16469006,12051.0,4295.369092380181,2.1052631578947367,1767,1783,38,0,1745,1762,41556,22,0,0,22,21
2020-08-11,US,Florida,Hernando,2069,50,0,28.55364461,-82.42700204,12053.0,1066.9348184818482,2.416626389560174,2019,2028,48,0,1980,2022,190865,41,2,0,39,6
2020-08-11,US,Florida,Highlands,1474,37,0,27.34254618,-81.34071957,12055.0,1387.6728707129473,2.5101763907734056,1437,1449,37,0,1412,1435,105424,25,0,0,25,14
2020-08-11,US,Florida,Hillsborough,32996,395,0,27.9276559,-82.32013172,12057.0,2241.6248179308245,1.1971148017941569,32601,32731,388,0,32343,32587,1436888,265,7,0,258,144
2020-08-11,US,Florida,Holmes,509,3,0,30.86747479,-85.81319222,12059.0,2594.6882805729724,0.5893909626719057,506,507,2,0,505,505,19477,2,1,0,1,2
2020-08-11,US,Florida,Indian River,2555,57,0,27.69308961,-80.60556721,12061.0,1597.6438661105658,2.2309197651663406,2498,2543,56,0,2487,2523,157413,12,1,0,11,20
2020-08-11,US,Florida,Jackson,1936,41,0,30.795459700000002,-85.21500423,12063.0,4171.155254879994,2.1177685950413223,1895,1897,38,0,1859,1821,48305,39,3,0,36,76
2020-08-11,US,Florida,Jefferson,462,5,0,30.43669112,-83.89442308,12065.0,3243.015583321634,1.0822510822510822,457,455,5,0,450,453,14288,7,0,0,7,2
2020-08-11,US,Florida,Lafayette,189,2,0,29.98484137,-83.18166636,12067.0,2244.122536214676,1.058201058201058,187,148,2,0,146,146,8732,41,0,0,41,2
2020-08-11,US,Florida,Lake,5229,68,0,28.76202069,-81.7125123,12069.0,1424.3376788934347,1.3004398546567222,5161,5177,68,0,5109,5161,356495,52,0,0,52,16
2020-08-11,US,Florida,Lee,16718,351,0,26.58410348,-81.88399313,12071.0,2169.5430826510524,2.0995334370139966,16367,16632,334,0,16298,16529,754610,86,17,0,69,103
2020-08-11,US,Florida,Leon,5116,26,0,30.45955727,-84.27491114,12073.0,1742.6136479756933,0.508209538702111,5090,5006,25,0,4981,4965,292502,110,1,0,109,41
2020-08-11,US,Florida,Levy,698,5,0,29.31829741,-82.74007147,12075.0,1681.8061344963016,0.7163323782234957,693,687,5,0,682,684,40770,11,0,0,11,3
2020-08-11,US,Florida,Liberty,407,7,0,30.23766008,-84.8829258,12077.0,4871.9176442422795,1.71990171990172,400,400,6,0,394,400,8457,7,1,0,6,0
2020-08-11,US,Florida,Madison,710,8,0,30.44396917,-83.47398594,12079.0,3839.2905423673824,1.1267605633802815,702,708,8,0,700,700,18529,2,0,0,2,8
2020-08-11,US,Florida,Manatee,9395,234,0,27.47196942,-82.31831044,12081.0,2329.802878093901,2.4906865353911654,9161,9340,227,0,9113,9288,394855,55,7,0,48,52
2020-08-11,US,Florida,Marion,6668,102,0,29.21227113,-82.05803627,12083.0,1823.9559712127884,1.5296940611877623,6566,6573,89,0,6484,6511,359977,95,13,0,82,62
2020-08-11,US,Florida,Martin,3852,99,0,27.0772071,-80.43109784,12085.0,2392.546583850932,2.5700934579439254,3753,3838,94,0,3744,3825,160912,14,5,0,9,13
2020-08-11,US,Florida,Miami-Dade,135130,1909,0,25.6112362,-80.55170587,12086.0,4973.610017151648,1.4127136831199585,133221,133623,1874,0,131749,132461,2761581,1507,35,0,1472,1162
2020-08-11,US,Florida,Monroe,1548,13,0,25.20904673,-81.07812416,12087.0,2085.466400819098,0.8397932816537468,1535,1531,13,0,1518,1526,75027,17,0,0,17,5
2020-08-11,US,Florida,Nassau,1253,11,0,30.61037141,-81.80297522,12089.0,1413.8222849083215,0.8778930566640064,1242,1239,11,0,1228,1233,85832,14,0,0,14,6
2020-08-11,US,Florida,Okaloosa,3587,45,0,30.69143028,-86.59267105,12091.0,1702.1135248507626,1.2545302481182046,3542,3541,41,0,3500,3502,207269,46,4,0,42,39
2020-08-11,US,Florida,Okeechobee,1077,12,0,27.386336199999995,-80.88944347,12093.0,2554.069436539556,1.1142061281337048,1065,1055,12,0,1043,1039,41537,22,0,0,22,16
2020-08-11,US,Florida,Orange,32042,315,0,28.51367621,-81.31799498,12095.0,2299.469231807052,0.983084701329505,31727,31851,298,0,31553,31719,1380645,191,17,0,174,132
2020-08-11,US,Florida,Osceola,9858,106,0,28.06312234,-81.14882926,12097.0,2623.545912053461,1.075268817204301,9752,9769,104,0,9665,9696,367990,89,2,0,87,73
2020-08-11,US,Florida,Palm Beach,37641,940,0,26.64676272,-80.46536002,12099.0,2514.81523547372,2.497276905501979,36701,37297,936,0,36361,37020,1485941,344,4,0,340,277
2020-08-11,US,Florida,Pasco,7172,131,0,28.30810945,-82.40227529,12101.0,1294.7086995687316,1.8265476854433909,7041,7114,129,0,6985,7080,539630,58,2,0,56,34
2020-08-11,US,Florida,Pinellas,18103,513,0,27.93130349,-82.72239666,12103.0,1856.7255660536043,2.8337844556150915,17590,17941,500,0,17441,17879,975280,162,13,0,149,62
2020-08-11,US,Florida,Polk,14645,326,0,27.95027105,-81.69732947,12105.0,2020.621515307467,2.2260157050187783,14319,14475,314,0,14161,14301,708009,170,12,0,158,174
2020-08-11,US,Florida,Putnam,1539,27,0,29.60779729,-81.74230285,12107.0,2065.1896780773204,1.7543859649122806,1512,1519,27,0,1492,1508,74163,20,0,0,20,11
2020-08-11,US,Florida,Santa Rosa,4013,40,0,30.69341450000001,-87.02458128,12113.0,2177.274527569949,0.99676052828308,3973,3963,38,0,3925,3939,179349,50,2,0,48,24
2020-08-11,US,Florida,Sarasota,6314,162,0,27.18546175,-82.33174248,12115.0,1455.7040821502185,2.565726955970858,6152,6256,147,0,6109,6231,426718,58,15,0,43,25
2020-08-11,US,Florida,Seminole,7219,130,0,28.7158582,-81.24060348,12117.0,1530.0131828258725,1.8008034353788611,7089,7152,119,0,7033,7118,467832,67,11,0,56,34
2020-08-11,US,Florida,St. Johns,3738,36,0,29.90096506,-81.43589967,12109.0,1412.3141095393546,0.9630818619582664,3702,3660,36,0,3624,3635,254261,78,0,0,78,25
2020-08-11,US,Florida,St. Lucie,5920,180,0,27.37763908,-80.47106649,12111.0,1803.2452322135132,3.0405405405405403,5740,5824,166,0,5658,5772,321128,96,14,0,82,52
2020-08-11,US,Florida,Sumter,1344,42,0,28.70181754,-82.0794267,12119.0,1014.9524241051199,3.125,1302,1307,41,0,1266,1303,128754,37,1,0,36,4
2020-08-11,US,Florida,Suwannee,1507,44,0,30.19746066,-82.99099670000003,12121.0,3392.845081838035,2.9197080291970803,1463,1471,44,0,1427,1454,44191,36,0,0,36,17
2020-08-11,US,Florida,Taylor,981,5,0,30.04848048,-83.60445406,12123.0,4548.194167555288,0.509683995922528,976,965,5,0,960,961,21623,16,0,0,16,4
2020-08-11,US,Florida,Unassigned,721,0,0,0.0,0.0,90012.0,0.0,0.0,721,697,0,0,697,695,,24,0,0,24,2
2020-08-11,US,Florida,Union,435,5,0,30.04412971,-82.37497443,12125.0,2854.892695412483,1.1494252873563218,430,374,5,0,369,310,14940,61,0,0,61,64
2020-08-11,US,Florida,Volusia,8040,140,0,29.05858895,-81.18263252,12127.0,1453.141605396144,1.7412935323383083,7900,7960,135,0,7825,7876,547538,80,5,0,75,84
2020-08-11,US,Florida,Wakulla,726,5,0,30.16548905,-84.39895211,12129.0,2151.812442573876,0.6887052341597796,721,707,4,0,703,692,32461,19,1,0,18,15
2020-08-11,US,Florida,Walton,1428,16,0,30.64204028,-86.16935664,12131.0,1927.8800070202915,1.1204481792717087,1412,1414,15,0,1399,1408,71375,14,1,0,13,6
2020-08-11,US,Florida,Washington,877,14,0,30.61359259,-85.66002461,12133.0,3442.8610685824215,1.5963511972633981,863,872,14,0,858,867,24880,5,0,0,5,5
2020-08-11,US,Georgia,Appling,689,19,0,31.74847232,-82.28909114,13001.0,3747.416512563907,2.7576197387518144,670,678,19,0,659,671,18507,11,0,0,11,7
2020-08-11,US,Georgia,Atkinson,324,3,0,31.29633502,-82.87545866,13003.0,3968.1567666870787,0.925925925925926,321,320,2,0,318,319,8297,4,1,0,3,1
2020-08-11,US,Georgia,Bacon,438,8,0,31.55456473,-82.45936528,13005.0,3923.3249731279107,1.8264840182648399,430,438,8,0,430,437,11185,0,0,0,0,1
2020-08-11,US,Georgia,Baker,65,3,0,31.32669878,-84.44218806,13007.0,2139.5655036208027,4.615384615384615,62,63,3,0,60,63,3092,2,0,0,2,0
2020-08-11,US,Georgia,Baldwin,1070,41,0,33.06882326,-83.24701748,13009.0,2383.604366228559,3.83177570093458,1029,1051,39,0,1012,1048,44823,19,2,0,17,3
2020-08-11,US,Georgia,Banks,275,4,0,34.35607081,-83.49644388,13011.0,1429.7598003535406,1.4545454545454546,271,271,4,0,267,271,18988,4,0,0,4,0
2020-08-11,US,Georgia,Barrow,1323,32,0,33.99148694,-83.71436292,13013.0,1589.3801057184046,2.418745275888133,1291,1296,32,0,1264,1289,80809,27,0,0,27,7
2020-08-11,US,Georgia,Bartow,1914,64,0,34.23732119,-84.83887523,13015.0,1776.5319571553214,3.343782654127481,1850,1885,63,0,1822,1868,106408,29,1,0,28,17
2020-08-11,US,Georgia,Ben Hill,464,4,0,31.76095874,-83.22145359,13017.0,2778.443113772455,0.8620689655172413,460,452,4,0,448,436,16787,12,0,0,12,16
2020-08-11,US,Georgia,Berrien,304,0,0,31.27590016,-83.22529920000002,13019.0,1567.2526679383413,0.0,304,295,0,0,295,295,19252,9,0,0,9,0
2020-08-11,US,Georgia,Bibb,3715,71,0,32.80904227,-83.70489165,13021.0,2425.583870356949,1.911170928667564,3644,3645,68,0,3577,3616,153095,70,3,0,67,29
2020-08-11,US,Georgia,Bleckley,252,10,0,32.43829035,-83.33035166,13023.0,1957.5856443719413,3.968253968253968,242,242,9,0,233,227,12838,10,1,0,9,15
2020-08-11,US,Georgia,Brantley,255,6,0,31.19576557,-81.97743999,13025.0,1334.449735726621,2.3529411764705883,249,251,5,0,246,249,18897,4,1,0,3,2
2020-08-11,US,Georgia,Brooks,416,18,0,30.83922642,-83.58303423,13027.0,2691.3372582001684,4.326923076923077,398,413,18,0,395,412,15513,3,0,0,3,1
2020-08-11,US,Georgia,Bryan,677,8,0,32.00979311,-81.44002948,13029.0,1708.4311201958262,1.1816838995568686,669,661,8,0,653,657,38109,16,0,0,16,4
2020-08-11,US,Georgia,Bulloch,1310,14,0,32.39577406,-81.74811421,13031.0,1645.5632599738724,1.068702290076336,1296,1304,14,0,1290,1262,77296,6,0,0,6,42
2020-08-11,US,Georgia,Burke,481,7,0,33.05917989,-81.99928721,13033.0,2148.9523298932227,1.4553014553014554,474,470,7,0,463,467,22423,11,0,0,11,3
2020-08-11,US,Georgia,Butts,494,38,0,33.283094500000004,-83.95435040000002,13035.0,1981.0715431504648,7.6923076923076925,456,497,38,0,459,490,24193,-3,0,0,-3,7
2020-08-11,US,Georgia,Calhoun,207,6,0,31.53169785,-84.62725131,13037.0,3344.643722733883,2.898550724637681,201,203,6,0,197,203,6352,4,0,0,4,0
2020-08-11,US,Georgia,Camden,780,5,0,30.92951916,-81.66601818,13039.0,1426.8466688618155,0.6410256410256411,775,762,5,0,757,737,53677,18,0,0,18,25
2020-08-11,US,Georgia,Candler,267,6,0,32.40209349,-82.07702563,13043.0,2471.535684532075,2.247191011235955,261,260,4,0,256,254,10836,7,2,0,5,6
2020-08-11,US,Georgia,Carroll,1905,51,0,33.58138199,-85.07976677,13045.0,1587.6058403893594,2.677165354330709,1854,1894,50,0,1844,1881,118121,11,1,0,10,13
2020-08-11,US,Georgia,Catoosa,660,10,0,34.89872298,-85.13757014,13047.0,976.6203018644568,1.5151515151515151,650,637,9,0,628,637,67420,23,1,0,22,0
2020-08-11,US,Georgia,Charlton,438,3,0,30.78371028,-82.13951596,13049.0,3270.609318996416,0.6849315068493149,435,437,3,0,434,425,12968,1,0,0,1,12
2020-08-11,US,Georgia,Chatham,5914,76,0,32.00043026,-81.12489526,13051.0,2043.326538368517,1.2850862360500508,5838,5764,75,0,5689,5703,289195,150,1,0,149,61
2020-08-11,US,Georgia,Chattahoochee,767,2,0,32.34341231,-84.78809239,13053.0,7032.181168057211,0.2607561929595828,765,761,2,0,759,761,10684,6,0,0,6,0
2020-08-11,US,Georgia,Chattooga,280,4,0,34.47197698,-85.34535662,13055.0,1129.533260720481,1.4285714285714286,276,267,3,0,264,266,24790,13,1,0,12,1
2020-08-11,US,Georgia,Cherokee,3609,64,0,34.24393976,-84.47431861,13057.0,1394.6586390388488,1.7733444167359382,3545,3535,64,0,3471,3462,254149,74,0,0,74,73
2020-08-11,US,Georgia,Clarke,2117,19,0,33.95436462,-83.37124007,13059.0,1649.6403830719,0.8974964572508266,2098,2081,18,0,2063,2047,127330,36,1,0,35,34
2020-08-11,US,Georgia,Clay,91,2,0,31.62221166,-84.97713865,13061.0,3211.0091743119265,2.1978021978021984,89,86,2,0,84,86,2887,5,0,0,5,0
2020-08-11,US,Georgia,Clayton,5154,111,0,33.54187245,-84.35594188,13063.0,1763.5223913281507,2.1536670547147847,5043,5059,110,0,4949,5006,289615,95,1,0,94,53
2020-08-11,US,Georgia,Clinch,200,4,0,30.91395822,-82.70432472,13065.0,3022.061045633122,2.0,196,200,4,0,196,196,6648,0,0,0,0,4
2020-08-11,US,Georgia,Cobb,14006,323,0,33.94243204,-84.5761255,13067.0,1842.5528947918872,2.306154505212052,13683,13729,320,0,13409,13564,756865,277,3,0,274,165
2020-08-11,US,Georgia,Coffee,1497,30,0,31.54892966,-82.85492059999999,13069.0,3459.431978369885,2.004008016032064,1467,1468,29,0,1439,1462,43093,29,1,0,28,6
2020-08-11,US,Georgia,Colquitt,1565,24,0,31.18810588,-83.7677946,13071.0,3432.017543859649,1.5335463258785942,1541,1555,24,0,1531,1546,45592,10,0,0,10,9
2020-08-11,US,Georgia,Columbia,2346,25,0,33.54534185,-82.263524,13073.0,1496.9945250583871,1.0656436487638534,2321,2284,24,0,2260,2241,154291,62,1,0,61,43
2020-08-11,US,Georgia,Cook,445,6,0,31.16068491,-83.42947229,13075.0,2576.722640416908,1.348314606741573,439,440,6,0,434,438,17162,5,0,0,5,2
2020-08-11,US,Georgia,Coweta,1539,22,0,33.35334302,-84.76129976,13077.0,1036.3008302527119,1.42949967511371,1517,1514,22,0,1492,1503,145864,25,0,0,25,11
2020-08-11,US,Georgia,Crawford,106,0,0,32.71391813,-83.98061238,13079.0,854.563044179297,0.0,106,104,0,0,104,102,12318,2,0,0,2,2
2020-08-11,US,Georgia,Crisp,391,15,0,31.92289565,-83.76811843,13081.0,1747.7203647416413,3.836317135549872,376,385,14,0,371,374,22601,6,1,0,5,11
2020-08-11,US,Georgia,Dade,129,1,0,34.854916700000004,-85.50490424,13083.0,800.4467609828741,0.7751937984496124,128,127,1,0,126,126,16226,2,0,0,2,1
2020-08-11,US,Georgia,Dawson,401,3,0,34.44244079,-84.16964071,13085.0,1535.927685000766,0.7481296758104738,398,378,3,0,375,377,25083,23,0,0,23,1
2020-08-11,US,Georgia,DeKalb,14292,242,0,33.76944049,-84.22396017,13089.0,1882.2674131466345,1.6932549678141615,14050,14047,238,0,13809,13923,756558,245,4,0,241,124
2020-08-11,US,Georgia,Decatur,809,14,0,30.87967778,-84.57619536,13087.0,3063.929707620057,1.73053152039555,795,797,11,0,786,793,26575,12,3,0,9,4
2020-08-11,US,Georgia,Dodge,236,3,0,32.17265114,-83.16948926,13091.0,1145.3530696432906,1.2711864406779658,233,221,3,0,218,221,20705,15,0,0,15,0
2020-08-11,US,Georgia,Dooly,258,14,0,32.15630737,-83.79746561,13093.0,1926.8110530246447,5.426356589147288,244,254,14,0,240,252,13706,4,0,0,4,2
2020-08-11,US,Georgia,Dougherty,2754,172,0,31.53328528,-84.21722377,13095.0,3131.1110100504798,6.245461147421932,2582,2732,171,0,2561,2694,91243,22,1,0,21,38
2020-08-11,US,Georgia,Douglas,2728,54,0,33.70291126,-84.77026156,13097.0,1864.1137601388518,1.9794721407624636,2674,2678,51,0,2627,2635,145331,50,3,0,47,43
2020-08-11,US,Georgia,Early,368,32,0,31.32155345,-84.90255207,13099.0,3611.383709519137,8.695652173913043,336,360,32,0,328,360,10247,8,0,0,8,0
2020-08-11,US,Georgia,Echols,225,2,0,30.71101099,-82.89687287,13101.0,5616.575137294059,0.8888888888888888,223,222,2,0,220,222,4000,3,0,0,3,0
2020-08-11,US,Georgia,Effingham,758,3,0,32.36616021,-81.34280942,13103.0,1178.9224835137488,0.39577836411609496,755,745,2,0,743,727,62190,13,1,0,12,18
2020-08-11,US,Georgia,Elbert,366,1,0,34.11302332,-82.83936148,13105.0,1906.8458893404188,0.27322404371584696,365,360,1,0,359,358,19120,6,0,0,6,2
2020-08-11,US,Georgia,Emanuel,534,11,0,32.59221302,-82.30239915,13107.0,2358.032323589155,2.059925093632959,523,513,10,0,503,511,22612,21,1,0,20,2
2020-08-11,US,Georgia,Evans,270,3,0,32.15328841,-81.8870105,13109.0,2534.259433076779,1.1111111111111112,267,261,1,0,260,250,10721,9,2,0,7,11
2020-08-11,US,Georgia,Fannin,349,3,0,34.86430205,-84.316964,13111.0,1332.671452573698,0.8595988538681948,346,335,3,0,332,334,25964,14,0,0,14,1
2020-08-11,US,Georgia,Fayette,1159,30,0,33.41357794,-84.49089434,13113.0,1012.9259489079802,2.588438308886972,1129,1131,29,0,1102,1120,113459,28,1,0,27,11
2020-08-11,US,Georgia,Floyd,1580,18,0,34.26268279,-85.21577392,13115.0,1604.093484131657,1.139240506329114,1562,1517,17,0,1500,1504,97927,63,1,0,62,13
2020-08-11,US,Georgia,Forsyth,2357,24,0,34.22604035,-84.12315129999998,13117.0,964.9869806593193,1.0182435299109036,2333,2293,22,0,2271,2270,236612,64,2,0,62,23
2020-08-11,US,Georgia,Franklin,416,6,0,34.37525597,-83.23159927,13119.0,1781.6608848344683,1.4423076923076923,410,406,6,0,400,401,23023,10,0,0,10,5
2020-08-11,US,Georgia,Fulton,20874,445,0,33.79216944,-84.46319413,13121.0,1961.958273845161,2.131838650953339,20429,20468,433,0,20035,20276,1050114,406,12,0,394,192
2020-08-11,US,Georgia,Gilmer,635,4,0,34.69316688,-84.45802506,13123.0,2024.2914979757086,0.6299212598425197,631,633,4,0,629,620,30816,2,0,0,2,13
2020-08-11,US,Georgia,Glascock,25,1,0,33.22879932,-82.61297636,13125.0,841.4675193537529,4.0,24,25,0,0,25,24,2995,0,1,0,-1,1
2020-08-11,US,Georgia,Glynn,2593,52,0,31.23279254,-81.53811412,13127.0,3040.1444449655296,2.0053991515618974,2541,2557,47,0,2510,2533,85219,36,5,0,31,24
2020-08-11,US,Georgia,Gordon,1225,23,0,34.50487351,-84.87296253,13129.0,2113.4171799251253,1.8775510204081636,1202,1193,23,0,1170,1183,57685,32,0,0,32,10
2020-08-11,US,Georgia,Grady,503,6,0,30.87454847,-84.23418364,13131.0,2041.9762107741647,1.1928429423459244,497,493,5,0,488,480,24748,10,1,0,9,13
2020-08-11,US,Georgia,Greene,325,12,0,33.5769205,-83.17139104,13133.0,1773.6302117441608,3.692307692307693,313,313,12,0,301,308,17698,12,0,0,12,5
2020-08-11,US,Georgia,Gwinnett,20382,272,0,33.96044201,-84.02137802,13135.0,2176.9826435247,1.3345108429005983,20110,19971,262,0,19709,19808,927781,411,10,0,401,163
2020-08-11,US,Georgia,Habersham,1157,50,0,34.63331566,-83.53094677,13137.0,2552.506177197317,4.32152117545376,1107,1145,49,0,1096,1141,45388,12,1,0,11,4
2020-08-11,US,Georgia,Hall,6206,99,0,34.32207823,-83.81896936,13139.0,3035.594621431122,1.5952304221720914,6107,6114,91,0,6023,6080,202148,92,8,0,84,34
2020-08-11,US,Georgia,Hancock,324,35,0,33.2721566,-82.99766919,13141.0,3831.145796381696,10.802469135802466,289,318,35,0,283,318,8348,6,0,0,6,0
2020-08-11,US,Georgia,Haralson,230,6,0,33.79602175,-85.21005667,13143.0,772.0193340494092,2.608695652173913,224,222,6,0,216,213,29533,8,0,0,8,9
2020-08-11,US,Georgia,Harris,659,17,0,32.73709786,-84.90538572,13145.0,1870.2463389715062,2.579666160849772,642,657,17,0,640,656,34475,2,0,0,2,1
2020-08-11,US,Georgia,Hart,322,7,0,34.34626973,-82.96567682,13147.0,1228.7731348979205,2.1739130434782608,315,310,7,0,303,305,26099,12,0,0,12,5
2020-08-11,US,Georgia,Heard,147,5,0,33.29686567,-85.12886832,13149.0,1232.9111800721296,3.4013605442176873,142,143,4,0,139,143,11879,4,1,0,3,0
2020-08-11,US,Georgia,Henry,3457,49,0,33.4533428,-84.14814659999998,13151.0,1473.8170454593899,1.417413942724906,3408,3411,47,0,3364,3364,230220,46,2,0,44,47
2020-08-11,US,Georgia,Houston,2023,62,0,32.45802497,-83.66879087,13153.0,1281.4909130068474,3.0647553138902617,1961,1992,60,0,1932,1976,155469,31,2,0,29,16
2020-08-11,US,Georgia,Irwin,168,1,0,31.60213036,-83.27501387,13155.0,1784.1971112999152,0.5952380952380952,167,167,1,0,166,167,9398,1,0,0,1,0
2020-08-11,US,Georgia,Jackson,1098,17,0,34.13794553,-83.56814788,13157.0,1504.5836359400907,1.5482695810564664,1081,1070,16,0,1054,1063,70422,28,1,0,27,7
2020-08-11,US,Georgia,Jasper,168,1,0,33.31535543,-83.68844964,13159.0,1181.5176876010976,0.5952380952380952,167,164,1,0,163,162,14040,4,0,0,4,2
2020-08-11,US,Georgia,Jeff Davis,466,8,0,31.80405727,-82.63724870000001,13161.0,3083.0301025471385,1.7167381974248928,458,457,8,0,449,451,15029,9,0,0,9,6
2020-08-11,US,Georgia,Jefferson,517,8,0,33.05867328,-82.41609057,13163.0,3365.4472073948705,1.5473887814313343,509,504,8,0,496,497,15430,13,0,0,13,7
2020-08-11,US,Georgia,Jenkins,249,24,0,32.79248718,-81.96040187,13165.0,2869.9861687413554,9.63855421686747,225,244,24,0,220,244,8683,5,0,0,5,0
2020-08-11,US,Georgia,Johnson,248,11,0,32.70211082,-82.66166794,13167.0,2571.813750907394,4.435483870967742,237,241,11,0,230,241,9708,7,0,0,7,0
2020-08-11,US,Georgia,Jones,322,3,0,33.02512137,-83.56019163,13169.0,1120.5846528623629,0.9316770186335404,319,309,3,0,306,306,28616,13,0,0,13,3
2020-08-11,US,Georgia,Lamar,280,12,0,33.07841647,-84.14263877,13171.0,1467.736017193479,4.285714285714286,268,275,12,0,263,274,19000,5,0,0,5,1
2020-08-11,US,Georgia,Lanier,221,4,0,31.03828570000001,-83.06472457,13173.0,2120.3108510025904,1.8099547511312215,217,219,4,0,215,219,10340,2,0,0,2,0
2020-08-11,US,Georgia,Laurens,993,14,0,32.46325233,-82.92221316,13175.0,2088.503764775165,1.4098690835850958,979,951,9,0,942,910,47325,42,5,0,37,41
2020-08-11,US,Georgia,Lee,551,22,0,31.779330600000005,-84.14324253,13177.0,1837.1565750866891,3.992740471869329,529,544,22,0,522,539,29764,7,0,0,7,5
2020-08-11,US,Georgia,Liberty,766,4,0,31.82588896,-81.49251135,13179.0,1246.8462602750874,0.5221932114882507,762,727,3,0,724,720,61497,39,1,0,38,7
2020-08-11,US,Georgia,Lincoln,150,4,0,33.79201475,-82.45024131,13181.0,1893.7002903673776,2.6666666666666665,146,143,4,0,139,141,7915,7,0,0,7,2
2020-08-11,US,Georgia,Long,132,1,0,31.75218791,-81.74952375,13183.0,674.8811288920701,0.7575757575757576,131,129,1,0,128,126,18998,3,0,0,3,3
2020-08-11,US,Georgia,Lowndes,3229,45,0,30.83568832,-83.27056716,13185.0,2750.2853346506995,1.3936203158872715,3184,3193,44,0,3149,3178,116321,36,1,0,35,15
2020-08-11,US,Georgia,Lumpkin,357,6,0,34.57286511,-84.00425681,13187.0,1062.1838738470694,1.680672268907563,351,344,6,0,338,342,32955,13,0,0,13,2
2020-08-11,US,Georgia,Macon,180,10,0,32.35207048,-84.04234127,13193.0,1390.2834633505831,5.5555555555555545,170,177,10,0,167,177,13143,3,0,0,3,0
2020-08-11,US,Georgia,Madison,417,6,0,34.12920917,-83.21218732,13195.0,1395.5823293172693,1.4388489208633093,411,403,6,0,397,394,29650,14,0,0,14,9
2020-08-11,US,Georgia,Marion,152,5,0,32.3483402,-84.52733571,13197.0,1818.3993300634052,3.2894736842105265,147,150,5,0,145,150,8351,2,0,0,2,0
2020-08-11,US,Georgia,McDuffie,365,10,0,33.47851918,-82.48252774,13189.0,1712.6501501501502,2.7397260273972597,355,356,10,0,346,352,21531,9,0,0,9,4
2020-08-11,US,Georgia,McIntosh,190,2,0,31.49683595,-81.40163426,13191.0,1321.4633467798026,1.0526315789473684,188,187,2,0,185,184,14340,3,0,0,3,3
2020-08-11,US,Georgia,Meriwether,403,6,0,33.04163534,-84.68859732,13199.0,1903.9070250862192,1.488833746898263,397,396,6,0,390,390,21068,7,0,0,7,6
2020-08-11,US,Georgia,Miller,146,0,0,31.16568912,-84.73151117,13201.0,2553.340328786289,0.0,146,143,0,0,143,143,5686,3,0,0,3,0
2020-08-11,US,Georgia,Mitchell,657,41,0,31.22483255,-84.19381821,13205.0,3005.0770708502946,6.240487062404871,616,652,41,0,611,650,22192,5,0,0,5,2
2020-08-11,US,Georgia,Monroe,467,27,0,33.014289,-83.92097166,13207.0,1693.3787801871051,5.781584582441113,440,460,25,0,435,461,27520,7,2,0,5,-1
2020-08-11,US,Georgia,Montgomery,157,2,0,32.17201038,-82.53527476,13209.0,1711.731356301788,1.2738853503184713,155,155,2,0,153,153,9193,2,0,0,2,2
2020-08-11,US,Georgia,Morgan,283,0,0,33.59232073,-83.49129491,13211.0,1468.1469184478108,0.0,283,279,0,0,279,274,18853,4,0,0,4,5
2020-08-11,US,Georgia,Murray,609,2,0,34.78897608,-84.74993177,13213.0,1518.8547486033524,0.3284072249589491,607,608,2,0,606,604,39921,1,0,0,1,4
2020-08-11,US,Georgia,Muscogee,4826,102,0,32.50931999,-84.87142262,13215.0,2465.15025361523,2.113551595524244,4724,4780,98,0,4682,4748,194160,46,4,0,42,32
2020-08-11,US,Georgia,Newton,1865,40,0,33.55514538,-83.84547140000002,13217.0,1668.9934135166093,2.1447721179624666,1825,1823,40,0,1783,1787,109541,42,0,0,42,36
2020-08-11,US,Georgia,Oconee,450,15,0,33.83749973,-83.43679568,13219.0,1117.1797418073486,3.333333333333333,435,441,15,0,426,437,39272,9,0,0,9,4
2020-08-11,US,Georgia,Oglethorpe,226,7,0,33.878629600000004,-83.08278123,13221.0,1481.093125368635,3.0973451327433628,219,218,7,0,211,214,15054,8,0,0,8,4
2020-08-11,US,Georgia,Out of GA,16668,96,0,0.0,0.0,80013.0,0.0,0.5759539236861051,16572,16749,91,0,16658,16449,,-81,5,0,-86,300
2020-08-11,US,Georgia,Paulding,1744,23,0,33.91969522,-84.86848792,13223.0,1033.9900514030603,1.3188073394495412,1721,1694,23,0,1671,1678,164044,50,0,0,50,16
2020-08-11,US,Georgia,Peach,394,14,0,32.56934316,-83.82937,13225.0,1430.33471284397,3.5532994923857872,380,387,14,0,373,385,27297,7,0,0,7,2
2020-08-11,US,Georgia,Pickens,410,5,0,34.46589159,-84.46406611,13227.0,1258.0160166917246,1.2195121951219512,405,390,5,0,385,380,31980,20,0,0,20,10
2020-08-11,US,Georgia,Pierce,413,9,0,31.35928155,-82.21598442,13229.0,2121.7569997431287,2.179176755447942,404,410,8,0,402,400,19389,3,1,0,2,10
2020-08-11,US,Georgia,Pike,224,5,0,33.09310242,-84.38790389,13231.0,1181.3099883978484,2.232142857142857,219,216,4,0,212,215,18634,8,1,0,7,1
2020-08-11,US,Georgia,Polk,837,11,0,34.00267074,-85.18677781,13233.0,1964.1893318940229,1.3142174432497014,826,808,11,0,797,802,42470,29,0,0,29,6
2020-08-11,US,Georgia,Pulaski,127,2,0,32.23334561,-83.47549959999998,13235.0,1140.343000808117,1.5748031496062993,125,123,2,0,121,115,11069,4,0,0,4,8
2020-08-11,US,Georgia,Putnam,437,18,0,33.32056115,-83.37552891,13237.0,1975.6770197567707,4.118993135011442,419,430,18,0,412,428,21809,7,0,0,7,2
2020-08-11,US,Georgia,Quitman,31,1,0,31.86728114,-85.01773177,13239.0,1348.4123531970422,3.2258064516129035,30,30,1,0,29,29,2279,1,0,0,1,1
2020-08-11,US,Georgia,Rabun,227,3,0,34.88389445,-83.40304637,13241.0,1324.619244908677,1.3215859030837005,224,215,3,0,212,215,16867,12,0,0,12,0
2020-08-11,US,Georgia,Randolph,273,26,0,31.76622818,-84.75732369,13243.0,4027.736795514901,9.523809523809524,247,272,26,0,246,271,6833,1,0,0,1,1
2020-08-11,US,Georgia,Richmond,4509,94,0,33.35777107,-82.07026432,13245.0,2226.4687583325926,2.0847194499889112,4415,4412,90,0,4322,4355,201554,97,4,0,93,57
2020-08-11,US,Georgia,Rockdale,1371,18,0,33.65145002,-84.02202167,13247.0,1508.3171976764654,1.312910284463895,1353,1347,18,0,1329,1318,90594,24,0,0,24,29
2020-08-11,US,Georgia,Schley,69,1,0,32.2654021,-84.31258912,13249.0,1312.535666730074,1.4492753623188406,68,68,1,0,67,66,5236,1,0,0,1,2
2020-08-11,US,Georgia,Screven,215,9,0,32.74976524,-81.60779441,13251.0,1539.452957181727,4.186046511627906,206,210,9,0,201,198,13938,5,0,0,5,12
2020-08-11,US,Georgia,Seminole,212,4,0,30.93464824,-84.86823924,13253.0,2620.5191594561193,1.8867924528301887,208,196,4,0,192,196,8315,16,0,0,16,0
2020-08-11,US,Georgia,Spalding,967,41,0,33.26310031,-84.28013991,13255.0,1449.7099081000854,4.239917269906929,926,949,41,0,908,937,66100,18,0,0,18,12
2020-08-11,US,Georgia,Stephens,655,13,0,34.55151201,-83.29405315,13257.0,2526.518804243009,1.984732824427481,642,623,12,0,611,621,26035,32,1,0,31,2
2020-08-11,US,Georgia,Stewart,256,7,0,32.07996777,-84.83208037,13259.0,3866.4854251623615,2.734375,249,255,7,0,248,255,6199,1,0,0,1,0
2020-08-11,US,Georgia,Sumter,775,56,0,32.03650571,-84.19821492,13261.0,2624.983064625389,7.225806451612903,719,768,56,0,712,762,29733,7,0,0,7,6
2020-08-11,US,Georgia,Talbot,140,3,0,32.69642758,-84.53351366,13263.0,2259.8870056497176,2.142857142857143,137,138,3,0,135,138,6272,2,0,0,2,0
2020-08-11,US,Georgia,Taliaferro,13,0,0,33.56543317,-82.88136816,13265.0,845.8035133376708,0.0,13,13,0,0,13,13,1608,0,0,0,0,0
2020-08-11,US,Georgia,Tattnall,520,1,0,32.04785085,-82.05539188,13267.0,2056.4739381475915,0.19230769230769232,519,511,1,0,510,502,25391,9,0,0,9,9
2020-08-11,US,Georgia,Taylor,93,2,0,32.55792548,-84.25077141,13269.0,1159.6009975062345,2.150537634408602,91,88,2,0,86,87,8039,5,0,0,5,1
2020-08-11,US,Georgia,Telfair,289,10,0,31.92829517,-82.93491155,13271.0,1822.1941992433801,3.460207612456748,279,281,10,0,271,278,15876,8,0,0,8,3
2020-08-11,US,Georgia,Terrell,301,30,0,31.77527543,-84.44069698,13273.0,3528.3085218614465,9.966777408637872,271,302,30,0,272,302,8611,-1,0,0,-1,0
2020-08-11,US,Georgia,Thomas,1135,43,0,30.86392347,-83.91847289,13275.0,2553.373377426829,3.788546255506608,1092,1125,42,0,1083,1123,44448,10,1,0,9,2
2020-08-11,US,Georgia,Tift,1363,40,0,31.45743864,-83.5236119,13277.0,3353.50851294164,2.93470286133529,1323,1345,39,0,1306,1333,40571,18,1,0,17,12
2020-08-11,US,Georgia,Toombs,783,9,0,32.12059861,-82.32957247,13279.0,2918.374953410361,1.1494252873563218,774,759,8,0,751,755,26887,24,1,0,23,4
2020-08-11,US,Georgia,Towns,151,1,0,34.91369188,-83.74107459999998,13281.0,1254.4653983550718,0.6622516556291391,150,144,1,0,143,143,11852,7,0,0,7,1
2020-08-11,US,Georgia,Treutlen,130,3,0,32.40422134,-82.56904553,13283.0,1883.7849587016374,2.3076923076923075,127,129,3,0,126,124,6809,1,0,0,1,5
2020-08-11,US,Georgia,Troup,2312,72,0,33.03349196,-85.02812115,13285.0,3306.541574897743,3.1141868512110733,2240,2298,69,0,2229,2290,70034,14,3,0,11,8
2020-08-11,US,Georgia,Turner,251,18,0,31.71612656,-83.62069378,13287.0,3143.3938634940514,7.171314741035856,233,250,18,0,232,246,7912,1,0,0,1,4
2020-08-11,US,Georgia,Twiggs,122,4,0,32.67435595,-83.43078662,13289.0,1502.463054187192,3.278688524590164,118,121,3,0,118,118,8188,1,1,0,0,3
2020-08-11,US,Georgia,Unassigned,2665,12,0,0.0,0.0,90013.0,0.0,0.450281425891182,2653,2856,9,0,2847,2763,,-191,3,0,-194,93
2020-08-11,US,Georgia,Union,285,7,0,34.82995757,-83.98967069,13291.0,1162.7432581290034,2.456140350877193,278,264,7,0,257,263,24001,21,0,0,21,1
2020-08-11,US,Georgia,Upson,567,46,0,32.87920671,-84.30024826,13293.0,2154.255319148936,8.112874779541446,521,541,46,0,495,535,26215,26,0,0,26,6
2020-08-11,US,Georgia,Walker,723,17,0,34.73376362,-85.30165174,13295.0,1036.3956938690671,2.351313969571231,706,710,17,0,693,705,69410,13,0,0,13,5
2020-08-11,US,Georgia,Walton,1153,39,0,33.78017694,-83.73552314,13297.0,1218.906261562695,3.3824804856895057,1114,1118,39,0,1079,1113,93503,35,0,0,35,5
2020-08-11,US,Georgia,Ware,1170,29,0,31.05449097,-82.42224148,13299.0,3274.192645659596,2.4786324786324787,1141,1153,29,0,1124,1144,35680,17,0,0,17,9
2020-08-11,US,Georgia,Warren,80,1,0,33.41146451,-82.67795848,13301.0,1522.6494099733536,1.25,79,79,1,0,78,77,5251,1,0,0,1,2
2020-08-11,US,Georgia,Washington,486,2,0,32.96711864,-82.79357039,13303.0,2385.3931481299696,0.41152263374485604,484,479,2,0,477,475,20386,7,0,0,7,4
2020-08-11,US,Georgia,Wayne,790,11,0,31.5521809,-81.91894878,13305.0,2639.7567414040827,1.3924050632911391,779,785,9,0,776,773,29808,5,2,0,3,12
2020-08-11,US,Georgia,Webster,40,2,0,32.04066113,-84.54742852,13307.0,1534.3306482546989,5.0,38,39,2,0,37,39,2611,1,0,0,1,0
2020-08-11,US,Georgia,Wheeler,95,1,0,32.12009104,-82.72574721,13309.0,1209.4207511139402,1.0526315789473684,94,94,1,0,93,91,7879,1,0,0,1,3
2020-08-11,US,Georgia,White,359,5,0,34.64624278,-83.74905525,13311.0,1165.6601077992075,1.3927576601671308,354,353,5,0,348,353,29970,6,0,0,6,0
2020-08-11,US,Georgia,Whitfield,3575,32,0,34.80987459,-84.96093476,13313.0,3416.8673777573877,0.8951048951048951,3543,3549,32,0,3517,3527,104062,26,0,0,26,22
2020-08-11,US,Georgia,Wilcox,186,19,0,31.97496928,-83.43438555,13315.0,2154.024319629415,10.21505376344086,167,184,19,0,165,181,8812,2,0,0,2,3
2020-08-11,US,Georgia,Wilkes,193,3,0,33.78290391,-82.74286107,13317.0,1974.0206607343769,1.5544041450777202,190,193,4,0,189,193,9876,0,-1,0,1,0
2020-08-11,US,Georgia,Wilkinson,220,11,0,32.80291082,-83.17140684,13319.0,2457.002457002457,5.0,209,215,11,0,204,215,9036,5,0,0,5,0
2020-08-11,US,Georgia,Worth,450,23,0,31.55162306,-83.85090513,13321.0,2222.551489109497,5.111111111111111,427,449,23,0,426,447,20299,1,0,0,1,2
2020-08-11,US,Hawaii,Hawaii,133,0,0,19.60121157,-155.5210167,15001.0,66.00070466917768,0.0,133,131,0,0,131,131,200983,2,0,0,2,0
2020-08-11,US,Hawaii,Honolulu,3361,27,0,21.45803166,-157.97121819999995,15003.0,344.8725223510435,0.8033323415650104,3334,3249,27,0,3222,3111,980080,112,0,0,112,138
2020-08-11,US,Hawaii,Kauai,49,0,0,22.03935037,-159.5966786,15007.0,67.77972971103704,0.0,49,49,0,0,49,48,72133,0,0,0,0,1
2020-08-11,US,Hawaii,Maui,190,6,0,20.86399628,-156.56890969999995,15009.0,113.48907219696925,3.1578947368421053,184,186,6,0,180,185,167207,4,0,0,4,1
2020-08-11,US,Hawaii,Out of HI,23,1,0,0.0,0.0,80015.0,0.0,4.3478260869565215,22,23,1,0,22,23,,0,0,0,0,0
2020-08-11,US,Idaho,Ada,9315,85,0,43.4526575,-116.24155159999998,16001.0,1934.229952220471,0.9125067096081588,9230,9144,83,0,9061,8949,469966,171,2,0,169,195
2020-08-11,US,Idaho,Adams,20,0,0,44.89333571,-116.4545247,16003.0,465.7661853749418,0.0,20,19,0,0,19,19,4250,1,0,0,1,0
2020-08-11,US,Idaho,Bannock,427,2,0,42.67002716,-112.2233311,16005.0,486.2882653061225,0.468384074941452,425,400,2,0,398,391,87138,27,0,0,27,9
2020-08-11,US,Idaho,Bear Lake,17,0,0,42.28269683,-111.32892379999998,16007.0,277.55102040816325,0.0,17,17,0,0,17,15,6050,0,0,0,0,2
2020-08-11,US,Idaho,Benewah,72,1,0,47.21754179,-116.6586851,16009.0,774.3600774360077,1.3888888888888888,71,64,0,0,64,64,9226,8,1,0,7,0
2020-08-11,US,Idaho,Bingham,269,2,0,43.21672879999999,-112.3978437,16011.0,574.6512571831407,0.7434944237918215,267,254,2,0,252,244,46236,15,0,0,15,10
2020-08-11,US,Idaho,Blaine,578,6,0,43.4085812,-113.9752658,16013.0,2510.7510533860386,1.038062283737024,572,577,6,0,571,576,22601,1,0,0,1,1
2020-08-11,US,Idaho,Boise,51,1,0,43.98829931,-115.7309284,16015.0,651.2578214787384,1.96078431372549,50,50,1,0,49,48,7634,1,0,0,1,2
2020-08-11,US,Idaho,Bonner,184,0,0,48.29996017,-116.6017932,16017.0,402.2825160147795,0.0,184,183,0,0,183,183,44727,1,0,0,1,0
2020-08-11,US,Idaho,Bonneville,1112,4,0,43.38713372,-111.6161537,16019.0,933.9671767650467,0.3597122302158273,1108,1075,4,0,1071,1052,116854,37,0,0,37,23
2020-08-11,US,Idaho,Boundary,38,0,0,48.76684761,-116.4630179,16021.0,310.330747243773,0.0,38,36,0,0,36,35,11948,2,0,0,2,1
2020-08-11,US,Idaho,Camas,1,0,0,43.46665742,-114.8065892,16025.0,90.41591320072331,0.0,1,1,0,0,1,1,1127,0,0,0,0,0
2020-08-11,US,Idaho,Canyon,5951,51,0,43.61970148,-116.70954990000001,16027.0,2589.0910989388685,0.8569988237271047,5900,5869,48,0,5821,5772,223499,82,3,0,79,97
2020-08-11,US,Idaho,Caribou,32,0,0,42.77149116,-111.5597683,16029.0,447.23969252271144,0.0,32,32,0,0,32,31,7060,0,0,0,0,1
2020-08-11,US,Idaho,Cassia,527,1,0,42.28347888,-113.6012409,16031.0,2193.091968372867,0.189753320683112,526,525,1,0,524,518,23864,2,0,0,2,7
2020-08-11,US,Idaho,Clark,9,0,0,44.28496071,-112.35057040000001,16033.0,1065.0887573964496,0.0,9,8,0,0,8,8,852,1,0,0,1,0
2020-08-11,US,Idaho,Clearwater,17,0,0,46.67459924,-115.6622393,16035.0,194.15258108725445,0.0,17,17,0,0,17,16,8758,0,0,0,0,1
2020-08-11,US,Idaho,Custer,11,0,0,44.24186819,-114.2855494,16037.0,254.9246813441484,0.0,11,10,0,0,10,10,4280,1,0,0,1,0
2020-08-11,US,Idaho,Elmore,215,3,0,43.3507101,-115.4701578,16039.0,781.5055795863472,1.3953488372093024,212,213,3,0,210,212,27259,2,0,0,2,1
2020-08-11,US,Idaho,Franklin,52,0,0,42.18332217,-111.81496659999999,16041.0,374.7477659267801,0.0,52,52,0,0,52,51,13726,0,0,0,0,1
2020-08-11,US,Idaho,Fremont,87,0,0,44.22800938,-111.48099429999999,16043.0,664.1728376211925,0.0,87,85,0,0,85,84,13168,2,0,0,2,1
2020-08-11,US,Idaho,Gem,180,1,0,44.06482372,-116.398376,16045.0,993.8162544169612,0.5555555555555556,179,180,1,0,179,179,17634,0,0,0,0,1
2020-08-11,US,Idaho,Gooding,170,1,0,42.96927962,-114.81083059999999,16047.0,1119.9683773634627,0.5882352941176471,169,169,1,0,168,162,15196,1,0,0,1,7
2020-08-11,US,Idaho,Idaho,32,0,0,45.84721541,-115.4634436,16049.0,191.99616007679847,0.0,32,32,0,0,32,31,16513,0,0,0,0,1
2020-08-11,US,Idaho,Jefferson,214,1,0,43.82078483,-112.3131749,16051.0,716.413913159921,0.4672897196261682,213,201,1,0,200,198,29439,13,0,0,13,3
2020-08-11,US,Idaho,Jerome,488,6,0,42.68891267,-114.2655033,16053.0,1999.0168769457644,1.2295081967213115,482,483,6,0,477,474,24015,5,0,0,5,9
2020-08-11,US,Idaho,Kootenai,1856,16,0,47.67282258,-116.7020872,16055.0,1120.116839773804,0.8620689655172413,1840,1792,16,0,1776,1791,161505,64,0,0,64,1
2020-08-11,US,Idaho,Latah,107,0,0,46.81587887,-116.71136979999999,16057.0,266.7796948239753,0.0,107,102,0,0,102,99,40134,5,0,0,5,3
2020-08-11,US,Idaho,Lemhi,28,0,0,44.9438088,-113.9309747,16059.0,348.8227233088327,0.0,28,25,0,0,25,25,7961,3,0,0,3,0
2020-08-11,US,Idaho,Lincoln,59,0,0,43.0012336,-114.1358773,16063.0,1099.5154677599699,0.0,59,59,0,0,59,56,5360,0,0,0,0,3
2020-08-11,US,Idaho,Madison,172,0,0,43.78141028,-111.65384740000002,16065.0,431.00207983561785,0.0,172,170,0,0,170,165,39304,2,0,0,2,5
2020-08-11,US,Idaho,Minidoka,479,2,0,42.85518524,-113.6357257,16067.0,2276.724178905841,0.4175365344467641,477,480,2,0,478,478,20825,-1,0,0,-1,2
2020-08-11,US,Idaho,Nez Perce,161,19,0,46.32638236,-116.75009750000001,16069.0,398.4359532765789,11.801242236024844,142,161,19,0,142,159,40408,0,0,0,0,2
2020-08-11,US,Idaho,Oneida,15,0,0,42.19494279999999,-112.5407838,16071.0,331.0527477378062,0.0,15,14,0,0,14,13,4488,1,0,0,1,1
2020-08-11,US,Idaho,Owyhee,266,3,0,42.58016894,-116.16938710000001,16073.0,2249.8519834221433,1.1278195488721805,263,265,3,0,262,263,11693,1,0,0,1,2
2020-08-11,US,Idaho,Payette,405,3,0,44.00545243,-116.7647695,16075.0,1690.9523610705191,0.7407407407407407,402,394,2,0,392,384,23551,11,1,0,10,10
2020-08-11,US,Idaho,Power,58,0,0,42.69254894,-112.83957420000002,16077.0,755.1100117172243,0.0,58,57,0,0,57,55,7768,1,0,0,1,2
2020-08-11,US,Idaho,Shoshone,117,2,0,47.35364087,-115.89167490000001,16079.0,908.2440614811363,1.709401709401709,115,100,2,0,98,100,12796,17,0,0,17,0
2020-08-11,US,Idaho,Teton,85,0,0,43.75303583,-111.2056773,16081.0,700.0494152528412,0.0,85,83,0,0,83,82,11640,2,0,0,2,1
2020-08-11,US,Idaho,Twin Falls,1435,32,0,42.35440512,-114.6685381,16083.0,1651.7415225949032,2.229965156794425,1403,1430,32,0,1398,1412,86081,5,0,0,5,18
2020-08-11,US,Idaho,Unassigned,5,0,0,0.0,0.0,90016.0,0.0,0.0,5,5,0,0,5,5,,0,0,0,0,0
2020-08-11,US,Idaho,Valley,65,1,0,44.76728382,-115.5676773,16085.0,570.5758426966293,1.5384615384615383,64,61,1,0,60,59,11041,4,0,0,4,2
2020-08-11,US,Idaho,Washington,216,3,0,44.45275475,-116.78476880000001,16087.0,2118.893466745144,1.3888888888888888,213,209,3,0,206,205,10161,7,0,0,7,4
2020-08-11,US,Illinois,Adams,557,6,0,39.98815591,-91.18786813,17001.0,851.2264078856883,1.0771992818671454,551,542,5,0,537,519,65691,15,1,0,14,23
2020-08-11,US,Illinois,Alexander,37,0,0,37.18049267,-89.32910838,17003.0,642.2496094428051,0.0,37,37,0,0,37,37,6060,0,0,0,0,0
2020-08-11,US,Illinois,Bond,62,3,0,38.88829622,-89.43534887,17005.0,377.45038353829284,4.838709677419356,59,62,3,0,59,60,16630,0,0,0,0,2
2020-08-11,US,Illinois,Boone,769,23,0,42.32359279,-88.82345779,17007.0,1436.2020020917373,2.990897269180754,746,766,23,0,743,765,53577,3,0,0,3,1
2020-08-11,US,Illinois,Brown,15,0,0,39.96209138,-90.75068024,17009.0,228.0328367284889,0.0,15,14,0,0,14,14,6556,1,0,0,1,0
2020-08-11,US,Illinois,Bureau,231,3,0,41.40385234,-89.5283051,17011.0,707.9808753218094,1.2987012987012987,228,215,3,0,212,205,32993,16,0,0,16,10
2020-08-11,US,Illinois,Calhoun,9,0,0,39.16840183,-90.66330078,17013.0,189.91348385735387,0.0,9,10,0,0,10,9,4802,-1,0,0,-1,1
2020-08-11,US,Illinois,Carroll,61,4,0,42.06823429,-89.93395545,17015.0,426.42432715833627,6.557377049180328,57,59,4,0,55,56,14312,2,0,0,2,3
2020-08-11,US,Illinois,Cass,233,11,0,39.96991073,-90.24734436,17017.0,1918.169095249856,4.721030042918455,222,231,11,0,220,231,12260,2,0,0,2,0
2020-08-11,US,Illinois,Champaign,1693,19,0,40.13919438,-88.20046615,17019.0,807.3861766711653,1.1222681630242173,1674,1686,19,0,1667,1669,209983,7,0,0,7,17
2020-08-11,US,Illinois,Christian,143,4,0,39.54581621,-89.27780482,17021.0,442.6696384348688,2.797202797202797,139,143,4,0,139,142,32661,0,0,0,0,1
2020-08-11,US,Illinois,Clark,87,2,0,39.33425789,-87.78705622,17023.0,563.4350106858365,2.2988505747126435,85,83,2,0,81,82,15596,4,0,0,4,1
2020-08-11,US,Illinois,Clay,26,0,0,38.75388572,-88.48914513,17025.0,197.20873786407768,0.0,26,23,0,0,23,23,13253,3,0,0,3,0
2020-08-11,US,Illinois,Clinton,415,17,0,38.60704876,-89.42385254,17027.0,1104.839997870188,4.096385542168675,398,411,17,0,394,407,37639,4,0,0,4,4
2020-08-11,US,Illinois,Coles,492,21,0,39.51949084,-88.22358557,17029.0,971.9286462140218,4.2682926829268295,471,487,20,0,467,472,50885,5,1,0,4,15
2020-08-11,US,Illinois,Cook,112484,4933,0,41.84144849,-87.81658794,17031.0,2184.056527151296,4.385512606237333,107551,111948,4928,0,107020,111447,5180493,536,5,0,531,501
2020-08-11,US,Illinois,Crawford,30,0,0,39.0032229,-87.75954624,17033.0,160.7114158675738,0.0,30,29,0,0,29,29,18807,1,0,0,1,0
2020-08-11,US,Illinois,Cumberland,57,3,0,39.27432424,-88.2401158,17035.0,529.4445476500093,5.2631578947368425,54,57,3,0,54,55,10808,0,0,0,0,2
2020-08-11,US,Illinois,De Witt,34,0,0,40.17514519,-88.90959682,17039.0,217.4191073027241,0.0,34,33,0,0,33,33,15769,1,0,0,1,0
2020-08-11,US,Illinois,DeKalb,947,30,0,41.89373302,-88.76958483,17037.0,902.7903562542303,3.1678986272439285,917,938,30,0,908,936,104143,9,0,0,9,2
2020-08-11,US,Illinois,Douglas,122,2,0,39.76768052,-88.21854195,17041.0,626.7659902388904,1.639344262295082,120,122,2,0,120,116,19479,0,0,0,0,6
2020-08-11,US,Illinois,DuPage,12427,522,0,41.85116968,-88.08642662,17043.0,1346.485777222536,4.20053110163354,11905,12312,520,0,11792,12233,928589,115,2,0,113,79
2020-08-11,US,Illinois,Edgar,29,0,0,39.6809186,-87.74759563,17045.0,168.98782122253945,0.0,29,29,0,0,29,28,17360,0,0,0,0,1
2020-08-11,US,Illinois,Edwards,20,0,0,38.41353228,-88.05720863,17047.0,312.7443315089914,0.0,20,18,0,0,18,18,6392,2,0,0,2,0
2020-08-11,US,Illinois,Effingham,163,1,0,39.05935711,-88.58969584,17049.0,479.2989884733004,0.6134969325153374,162,162,1,0,161,155,34208,1,0,0,1,7
2020-08-11,US,Illinois,Fayette,69,3,0,39.00072038,-89.02452658,17051.0,323.3970753655793,4.3478260869565215,66,67,3,0,64,66,21416,2,0,0,2,1
2020-08-11,US,Illinois,Ford,50,2,0,40.59706922,-88.22350769,17053.0,385.7727027235552,4.0,48,49,2,0,47,49,13264,1,0,0,1,0
2020-08-11,US,Illinois,Franklin,194,1,0,37.99189086,-88.92567818,17055.0,504.3021653799163,0.5154639175257731,193,191,0,0,191,178,38701,3,1,0,2,13
2020-08-11,US,Illinois,Fulton,35,0,0,40.47289135,-90.20862357,17057.0,101.92195690157251,0.0,35,34,0,0,34,33,34844,1,0,0,1,1
2020-08-11,US,Illinois,Gallatin,51,2,0,37.76430935,-88.22953869,17059.0,1056.338028169014,3.92156862745098,49,51,2,0,49,51,5058,0,0,0,0,0
2020-08-11,US,Illinois,Greene,59,0,0,39.35907414,-90.388865,17061.0,454.9309892821343,0.0,59,58,0,0,58,43,13044,1,0,0,1,15
2020-08-11,US,Illinois,Grundy,334,5,0,41.28569601,-88.41905692,17063.0,654.2092686175423,1.497005988023952,329,326,5,0,321,323,50972,8,0,0,8,3
2020-08-11,US,Illinois,Hamilton,29,0,0,38.08163641,-88.53883373,17065.0,357.31887629374074,0.0,29,29,0,0,29,29,8163,0,0,0,0,0
2020-08-11,US,Illinois,Hancock,63,1,0,40.40423981,-91.16313899,17067.0,355.7714027558165,1.5873015873015872,62,62,1,0,61,53,17844,1,0,0,1,9
2020-08-11,US,Illinois,Hardin,18,0,0,37.51810645,-88.26873022,17069.0,471.08086888249153,0.0,18,18,0,0,18,18,3910,0,0,0,0,0
2020-08-11,US,Illinois,Henderson,13,0,0,40.81908672,-90.92491462,17071.0,195.60637977730968,0.0,13,13,0,0,13,12,6709,0,0,0,0,1
2020-08-11,US,Illinois,Henry,253,1,0,41.3533994,-90.13296166,17073.0,517.2449042176927,0.3952569169960474,252,248,1,0,247,234,49090,5,0,0,5,14
2020-08-11,US,Illinois,Iroquois,267,11,0,40.74717633,-87.82466784,17075.0,984.731135206904,4.119850187265918,256,265,11,0,254,263,27604,2,0,0,2,2
2020-08-11,US,Illinois,Jackson,731,20,0,37.78595185,-89.38232563,17077.0,1288.1057268722468,2.735978112175103,711,722,19,0,703,717,57419,9,1,0,8,5
2020-08-11,US,Illinois,Jasper,60,7,0,39.01054275,-88.15437049,17079.0,624.3496357960457,11.666666666666664,53,59,7,0,52,59,9611,1,0,0,1,0
2020-08-11,US,Illinois,Jefferson,292,19,0,38.29980057,-88.9240025,17081.0,774.8646640484026,6.506849315068492,273,290,19,0,271,286,37820,2,0,0,2,4
2020-08-11,US,Illinois,Jersey,117,2,0,39.08869046,-90.35393073,17083.0,537.3627887750885,1.709401709401709,115,115,2,0,113,105,21847,2,0,0,2,10
2020-08-11,US,Illinois,Jo Daviess,130,1,0,42.36542373,-90.21094405,17085.0,612.1968448316459,0.7692307692307693,129,127,1,0,126,125,21366,3,0,0,3,2
2020-08-11,US,Illinois,Johnson,71,0,0,37.45939802,-88.88165419,17087.0,571.7967302891198,0.0,71,69,0,0,69,67,12456,2,0,0,2,2
2020-08-11,US,Illinois,Kane,9878,305,0,41.93842729,-88.42861412,17089.0,1855.36144612258,3.0876695687386113,9573,9803,305,0,9498,9759,534216,75,0,0,75,44
2020-08-11,US,Illinois,Kankakee,1802,69,0,41.13746989,-87.86205334,17091.0,1640.2395732828454,3.829078801331853,1733,1787,68,0,1719,1782,110024,15,1,0,14,5
2020-08-11,US,Illinois,Kendall,1398,23,0,41.59081014,-88.42869583,17093.0,1083.8049461198543,1.6452074391988556,1375,1379,23,0,1356,1377,127915,19,0,0,19,2
2020-08-11,US,Illinois,Knox,313,1,0,40.93148779,-90.21330340000002,17095.0,629.7913438902191,0.3194888178913738,312,303,1,0,302,299,50112,10,0,0,10,4
2020-08-11,US,Illinois,LaSalle,801,24,0,41.34426129999999,-88.88633881,17099.0,737.1007371007373,2.9962546816479403,777,783,24,0,759,766,109430,18,0,0,18,17
2020-08-11,US,Illinois,Lake,12852,447,0,42.3224907,-88.00367925,17097.0,1845.1334103813879,3.4780578898225962,12405,12741,446,0,12295,12670,700832,111,1,0,110,71
2020-08-11,US,Illinois,Lawrence,51,0,0,38.71987914,-87.72884035,17101.0,325.2965939533104,0.0,51,50,0,0,50,47,15765,1,0,0,1,3
2020-08-11,US,Illinois,Lee,178,1,0,41.74583951,-89.29977132,17103.0,522.055373064289,0.5617977528089888,177,173,1,0,172,171,34223,5,0,0,5,2
2020-08-11,US,Illinois,Livingston,122,3,0,40.89188292,-88.55784752,17105.0,342.2351885098743,2.459016393442623,119,116,2,0,114,115,35761,6,1,0,5,1
2020-08-11,US,Illinois,Logan,157,1,0,40.12581572,-89.36638784,17107.0,548.6057725906771,0.6369426751592356,156,122,0,0,122,112,28925,35,1,0,34,10
2020-08-11,US,Illinois,Macon,650,23,0,39.86064913,-88.96342505,17115.0,624.9459181416992,3.5384615384615383,627,641,23,0,618,624,104712,9,0,0,9,17
2020-08-11,US,Illinois,Macoupin,182,3,0,39.26119767,-89.92424028,17117.0,405.11062636335305,1.6483516483516485,179,181,3,0,178,179,45313,1,0,0,1,2
2020-08-11,US,Illinois,Madison,2702,76,0,38.83042506,-89.90422563,17119.0,1027.5092597522114,2.8127313101406366,2626,2634,76,0,2558,2591,264461,68,0,0,68,43
2020-08-11,US,Illinois,Marion,165,0,0,38.64963204,-88.91899208,17121.0,443.48877839000136,0.0,165,161,0,0,161,156,37620,4,0,0,4,5
2020-08-11,US,Illinois,Marshall,28,0,0,41.0327901,-89.34510444,17123.0,244.79804161566707,0.0,28,27,0,0,27,26,11534,1,0,0,1,1
2020-08-11,US,Illinois,Mason,56,0,0,40.23917274,-89.91824452,17125.0,419.19305337225836,0.0,56,53,0,0,53,47,13565,3,0,0,3,6
2020-08-11,US,Illinois,Massac,41,0,0,37.22078441,-88.71036614,17127.0,297.7054893987801,0.0,41,40,0,0,40,39,14080,1,0,0,1,1
2020-08-11,US,Illinois,McDonough,145,15,0,40.45674722,-90.67775541,17109.0,488.5115558250792,10.344827586206897,130,146,15,0,131,143,29955,-1,0,0,-1,3
2020-08-11,US,Illinois,McHenry,3250,114,0,42.32451172,-88.45248227,17111.0,1055.969640060564,3.507692307692308,3136,3218,114,0,3104,3189,308570,32,0,0,32,29
2020-08-11,US,Illinois,McLean,670,15,0,40.48996987,-88.84621113,17113.0,390.6318324131136,2.238805970149253,655,655,15,0,640,651,172828,15,0,0,15,4
2020-08-11,US,Illinois,Menard,57,0,0,40.02742725,-89.80246001,17129.0,467.3663496228272,0.0,57,56,0,0,56,56,12288,1,0,0,1,0
2020-08-11,US,Illinois,Mercer,76,4,0,41.20596782,-90.74290052,17131.0,492.3236380125672,5.2631578947368425,72,76,4,0,72,75,15601,0,0,0,0,1
2020-08-11,US,Illinois,Monroe,323,13,0,38.27594376,-90.17761038,17133.0,932.5287986834887,4.0247678018575845,310,318,13,0,305,318,34335,5,0,0,5,0
2020-08-11,US,Illinois,Montgomery,171,7,0,39.23198845,-89.47809254,17135.0,601.8160061941296,4.093567251461988,164,169,7,0,162,170,28601,2,0,0,2,-1
2020-08-11,US,Illinois,Morgan,269,6,0,39.71654544,-90.20255104,17137.0,799.2156396696179,2.2304832713754648,263,268,6,0,262,249,33976,1,0,0,1,19
2020-08-11,US,Illinois,Moultrie,75,0,0,39.64187451,-88.62099969,17139.0,517.2057099510379,0.0,75,74,0,0,74,73,14717,1,0,0,1,1
2020-08-11,US,Illinois,Ogle,416,5,0,42.04165196,-89.32184679,17141.0,821.4363288114843,1.2019230769230769,411,411,5,0,406,410,50923,5,0,0,5,1
2020-08-11,US,Illinois,Out of IL,1,0,0,0.0,0.0,80017.0,0.0,0.0,1,,,,,,,,,,,
2020-08-11,US,Illinois,Peoria,1667,36,0,40.78702156,-89.76078901,17143.0,930.354561639478,2.159568086382724,1631,1630,35,0,1595,1607,180621,37,1,0,36,23
2020-08-11,US,Illinois,Perry,184,2,0,38.08510853,-89.36856219,17145.0,879.7093134442532,1.0869565217391304,182,184,1,0,183,184,21174,0,1,0,-1,0
2020-08-11,US,Illinois,Piatt,63,0,0,40.01360584,-88.59319339,17147.0,385.4625550660794,0.0,63,63,0,0,63,61,16396,0,0,0,0,2
2020-08-11,US,Illinois,Pike,24,0,0,39.62265059,-90.8877017,17149.0,154.2317331791016,0.0,24,23,0,0,23,21,15611,1,0,0,1,2
2020-08-11,US,Illinois,Pope,11,0,0,37.41391284,-88.56152109,17151.0,263.3468996887718,0.0,11,9,0,0,9,9,4212,2,0,0,2,0
2020-08-11,US,Illinois,Pulaski,94,1,0,37.22631423,-89.13085001,17153.0,1761.9493908153702,1.0638297872340423,93,94,1,0,93,93,5463,0,0,0,0,1
2020-08-11,US,Illinois,Putnam,14,0,0,41.2013541,-89.2869272,17155.0,243.9449381425336,0.0,14,13,0,0,13,13,5740,1,0,0,1,0
2020-08-11,US,Illinois,Randolph,474,7,0,38.05095369,-89.82512254,17157.0,1491.4102322069095,1.4767932489451476,467,470,7,0,463,464,32106,4,0,0,4,6
2020-08-11,US,Illinois,Richland,20,0,0,38.71240969,-88.08475366,17159.0,128.9241281505834,0.0,20,20,0,0,20,19,15763,0,0,0,0,1
2020-08-11,US,Illinois,Rock Island,1764,36,0,41.46613806,-90.57042164,17161.0,1243.3129638635742,2.0408163265306123,1728,1756,36,0,1720,1745,143477,8,0,0,8,11
2020-08-11,US,Illinois,Saline,134,2,0,37.75332999,-88.54119706,17165.0,570.4312289813121,1.492537313432836,132,132,2,0,130,132,23906,2,0,0,2,0
2020-08-11,US,Illinois,Sangamon,1297,33,0,39.75836914,-89.65872023,17167.0,666.2488698939756,2.5443330763299925,1264,1274,33,0,1241,1247,195348,23,0,0,23,27
2020-08-11,US,Illinois,Schuyler,18,0,0,40.157179799999994,-90.61114163,17169.0,265.9574468085106,0.0,18,18,0,0,18,18,6907,0,0,0,0,0
2020-08-11,US,Illinois,Scott,21,0,0,39.642916899999996,-90.47814431,17171.0,424.15673601292673,0.0,21,21,0,0,21,21,4926,0,0,0,0,0
2020-08-11,US,Illinois,Shelby,86,1,0,39.39133527,-88.80611122,17173.0,397.52241841545714,1.162790697674419,85,80,1,0,79,79,21741,6,0,0,6,1
2020-08-11,US,Illinois,St. Clair,4107,161,0,38.46996033,-89.93063427,17163.0,1581.5253806520182,3.920136352568785,3946,4028,161,0,3867,4006,261059,79,0,0,79,22
2020-08-11,US,Illinois,Stark,7,0,0,41.09309773,-89.79745866,17175.0,131.03706476974915,0.0,7,7,0,0,7,7,5427,0,0,0,0,0
2020-08-11,US,Illinois,Stephenson,334,6,0,42.35129217,-89.662598,17177.0,750.5955323834779,1.7964071856287425,328,330,6,0,324,327,44753,4,0,0,4,3
2020-08-11,US,Illinois,Tazewell,610,8,0,40.50716185,-89.51404662,17179.0,462.8119238560579,1.3114754098360657,602,591,8,0,583,518,132328,19,0,0,19,73
2020-08-11,US,Illinois,Unassigned,1347,209,0,0.0,0.0,90017.0,0.0,15.515961395694134,1138,1358,209,0,1149,1368,,-11,0,0,-11,-10
2020-08-11,US,Illinois,Union,327,23,0,37.47119609,-89.25548938,17181.0,1963.610160331472,7.033639143730888,304,324,23,0,301,321,16841,3,0,0,3,3
2020-08-11,US,Illinois,Vermilion,234,2,0,40.18417171,-87.73384359,17183.0,308.87827028168635,0.8547008547008547,232,236,2,0,234,234,76806,-2,0,0,-2,2
2020-08-11,US,Illinois,Wabash,40,0,0,38.44272901,-87.84922065,17185.0,347.22222222222223,0.0,40,35,0,0,35,35,11549,5,0,0,5,0
2020-08-11,US,Illinois,Warren,191,0,0,40.84925021,-90.6147432,17187.0,1133.934932320114,0.0,191,191,0,0,191,190,17032,0,0,0,0,1
2020-08-11,US,Illinois,Washington,67,0,0,38.35309213,-89.40982703,17189.0,482.465615323684,0.0,67,67,0,0,67,66,13995,0,0,0,0,1
2020-08-11,US,Illinois,Wayne,66,2,0,38.42955355,-88.42586459,17191.0,407.03052728954674,3.0303030303030303,64,62,1,0,61,61,16332,4,1,0,3,1
2020-08-11,US,Illinois,White,71,0,0,38.08706198,-88.17657461,17193.0,524.4884390928567,0.0,71,69,0,0,69,68,13665,2,0,0,2,1
2020-08-11,US,Illinois,Whiteside,366,17,0,41.75509713,-89.91556058,17195.0,663.3439057544177,4.644808743169398,349,359,17,0,342,355,55626,7,0,0,7,4
2020-08-11,US,Illinois,Will,9413,346,0,41.44619267,-87.97862712,17197.0,1362.7354891761481,3.6757675555083393,9067,9315,344,0,8971,9236,692310,98,2,0,96,79
2020-08-11,US,Illinois,Williamson,434,6,0,37.73033511,-88.92994027,17199.0,651.6810066519512,1.3824884792626728,428,409,6,0,403,399,67056,25,0,0,25,10
2020-08-11,US,Illinois,Winnebago,3797,131,0,42.33641854,-89.16085327,17201.0,1343.7283241085456,3.4500921780352907,3666,3784,131,0,3653,3779,284081,13,0,0,13,5
2020-08-11,US,Illinois,Woodford,158,3,0,40.78579374,-89.20973757,17203.0,410.82711458956294,1.8987341772151896,155,152,3,0,149,151,38463,6,0,0,6,1
2020-08-11,US,Indiana,Adams,109,2,0,40.7457653,-84.93671406,18001.0,304.6650082455209,1.834862385321101,107,102,2,0,100,101,35636,7,0,0,7,1
2020-08-11,US,Indiana,Allen,4002,163,0,41.09194313,-85.06800636,18003.0,1055.1042844826904,4.072963518240879,3839,3937,163,0,3774,3902,375351,65,0,0,65,35
2020-08-11,US,Indiana,Bartholomew,817,47,0,39.20744865,-85.89558181,18005.0,975.1847121593717,5.752753977968175,770,801,47,0,754,793,82753,16,0,0,16,8
2020-08-11,US,Indiana,Benton,64,0,0,40.60626947,-87.31093999,18007.0,731.5957933241884,0.0,64,62,0,0,62,61,8653,2,0,0,2,1
2020-08-11,US,Indiana,Blackford,65,2,0,40.47388153,-85.32499702,18009.0,552.8151046096275,3.0769230769230766,63,65,2,0,63,64,11930,0,0,0,0,1
2020-08-11,US,Indiana,Boone,687,46,0,40.0509304,-86.46841646,18011.0,1012.6321064811405,6.695778748180495,641,683,46,0,637,678,66999,4,0,0,4,5
2020-08-11,US,Indiana,Brown,74,1,0,39.19605589,-86.22868909,18013.0,490.3260005300822,1.351351351351351,73,74,1,0,73,73,15234,0,0,0,0,1
2020-08-11,US,Indiana,Carroll,196,2,0,40.580783200000006,-86.56198812,18015.0,967.5667670434912,1.020408163265306,194,193,2,0,191,191,20127,3,0,0,3,2
2020-08-11,US,Indiana,Cass,1802,9,0,40.76135835,-86.34830753,18017.0,4781.235904375282,0.4994450610432852,1793,1796,9,0,1787,1795,37955,6,0,0,6,1
2020-08-11,US,Indiana,Clark,1287,49,0,38.48015445,-85.70510334,18019.0,1087.8936957955063,3.807303807303808,1238,1244,47,0,1197,1233,117360,43,2,0,41,11
2020-08-11,US,Indiana,Clay,124,5,0,39.39561833,-87.11723506,18021.0,472.8312678741658,4.032258064516129,119,124,5,0,119,121,26170,0,0,0,0,3
2020-08-11,US,Indiana,Clinton,444,4,0,40.30319754,-86.47277257,18023.0,1370.4126670576252,0.9009009009009008,440,440,3,0,437,434,32250,4,1,0,3,6
2020-08-11,US,Indiana,Crawford,45,0,0,38.28814402,-86.44518825,18025.0,425.4514512621726,0.0,45,45,0,0,45,45,10558,0,0,0,0,0
2020-08-11,US,Indiana,Daviess,277,20,0,38.70186039,-87.07185406,18027.0,830.5598033042488,7.220216606498194,257,273,20,0,253,273,33147,4,0,0,4,0
2020-08-11,US,Indiana,DeKalb,238,4,0,41.39804622,-84.99906934,18033.0,547.4410580793558,1.680672268907563,234,235,4,0,231,232,43226,3,0,0,3,3
2020-08-11,US,Indiana,Dearborn,512,28,0,39.14647946,-84.97333539,18029.0,1035.2218043592543,5.46875,484,508,28,0,480,508,49568,4,0,0,4,0
2020-08-11,US,Indiana,Decatur,341,32,0,39.30712658,-85.50087166,18031.0,1283.9338830528259,9.384164222873899,309,338,32,0,306,337,26794,3,0,0,3,1
2020-08-11,US,Indiana,Delaware,745,52,0,40.22787247,-85.39732772,18035.0,652.7357953300916,6.97986577181208,693,738,52,0,686,730,114772,7,0,0,7,8
2020-08-11,US,Indiana,Dubois,708,12,0,38.36597551,-86.87924170000002,18037.0,1656.6828903032572,1.6949152542372878,696,700,12,0,688,696,42565,8,0,0,8,4
2020-08-11,US,Indiana,Elkhart,4926,85,0,41.59761169,-85.85875695,18039.0,2387.3103261106617,1.7255379618351605,4841,4883,85,0,4798,4843,205560,43,0,0,43,40
2020-08-11,US,Indiana,Fayette,194,7,0,39.63684962,-85.17797541,18041.0,839.7541338412259,3.608247422680413,187,190,7,0,183,189,23047,4,0,0,4,1
2020-08-11,US,Indiana,Floyd,809,48,0,38.32117957,-85.90385377,18043.0,1030.2845062530246,5.933250927070457,761,791,46,0,745,779,77781,18,2,0,16,12
2020-08-11,US,Indiana,Fountain,74,2,0,40.12361933,-87.24217689,18045.0,452.71014315428846,2.702702702702702,72,74,2,0,72,74,16351,0,0,0,0,0
2020-08-11,US,Indiana,Franklin,246,15,0,39.4142482,-85.06062647,18047.0,1080.9385710519375,6.097560975609755,231,243,14,0,229,242,22736,3,1,0,2,1
2020-08-11,US,Indiana,Fulton,172,2,0,41.0469907,-86.26252745,18049.0,861.1194552918794,1.162790697674419,170,169,2,0,167,168,20092,3,0,0,3,1
2020-08-11,US,Indiana,Gibson,231,4,0,38.30393723,-87.58054938,18051.0,686.2948988383494,1.7316017316017316,227,228,4,0,224,225,33452,3,0,0,3,3
2020-08-11,US,Indiana,Grant,529,30,0,40.51587228,-85.65468702,18053.0,804.3303075917225,5.671077504725897,499,528,30,0,498,526,65936,1,0,0,1,2
2020-08-11,US,Indiana,Greene,254,34,0,39.03630547,-86.96223202,18055.0,795.6894931395276,13.385826771653544,220,251,34,0,217,250,32006,3,0,0,3,1
2020-08-11,US,Indiana,Hamilton,2829,104,0,40.07306535,-86.05244729,18057.0,836.9550103399,3.6762106751502297,2725,2803,104,0,2699,2763,330086,26,0,0,26,40
2020-08-11,US,Indiana,Hancock,683,39,0,39.82304555,-85.77566351,18059.0,873.7590830007164,5.710102489019032,644,670,38,0,632,660,76351,13,1,0,12,10
2020-08-11,US,Indiana,Harrison,348,23,0,38.19467379,-86.10948271,18061.0,858.9411329137356,6.609195402298851,325,341,23,0,318,338,40350,7,0,0,7,3
2020-08-11,US,Indiana,Hendricks,1927,108,0,39.76719009,-86.51037283,18063.0,1131.4595064323505,5.604566683964712,1819,1901,108,0,1793,1887,167009,26,0,0,26,14
2020-08-11,US,Indiana,Henry,406,20,0,39.93029017,-85.39625719,18065.0,846.3270240973901,4.9261083743842375,386,385,20,0,365,383,48271,21,0,0,21,2
2020-08-11,US,Indiana,Howard,913,65,0,40.48527731,-86.11351892,18067.0,1106.0767590618336,7.119386637458928,848,905,65,0,840,890,82366,8,0,0,8,15
2020-08-11,US,Indiana,Huntington,124,3,0,40.82907273,-85.48822092,18069.0,339.53997809419496,2.419354838709677,121,124,3,0,121,122,36240,0,0,0,0,2
2020-08-11,US,Indiana,Jackson,596,5,0,38.90915820000001,-86.03851889,18071.0,1347.471230584884,0.8389261744966443,591,588,5,0,583,586,44111,8,0,0,8,2
2020-08-11,US,Indiana,Jasper,255,2,0,41.02078733,-87.11553319,18073.0,759.7878553125557,0.7843137254901961,253,245,2,0,243,243,33370,10,0,0,10,2
2020-08-11,US,Indiana,Jay,92,0,0,40.43781032,-85.00576229,18075.0,450.18594636915253,0.0,92,92,0,0,92,91,20764,0,0,0,0,1
2020-08-11,US,Indiana,Jefferson,167,2,0,38.78576239,-85.43633383,18077.0,516.8998390491519,1.1976047904191616,165,165,2,0,163,163,32208,2,0,0,2,2
2020-08-11,US,Indiana,Jennings,227,12,0,38.99588883,-85.62710784,18079.0,818.4604290607533,5.286343612334802,215,226,12,0,214,225,27611,1,0,0,1,1
2020-08-11,US,Indiana,Johnson,1789,119,0,39.48994426,-86.10149107,18081.0,1131.0829692666612,6.6517607602012285,1670,1767,118,0,1649,1757,156225,22,1,0,21,10
2020-08-11,US,Indiana,Knox,161,0,0,38.68861576,-87.4194665,18083.0,439.9628354375034,0.0,161,159,0,0,159,154,36895,2,0,0,2,5
2020-08-11,US,Indiana,Kosciusko,868,12,0,41.24521668,-85.86312322,18085.0,1092.4285138944824,1.3824884792626728,856,862,12,0,850,852,79344,6,0,0,6,10
2020-08-11,US,Indiana,LaGrange,563,10,0,41.64232188,-85.42674232,18087.0,1421.2147220679556,1.7761989342806397,553,559,10,0,549,559,39330,4,0,0,4,0
2020-08-11,US,Indiana,LaPorte,931,30,0,41.54366008,-86.74072188,18091.0,847.2262667443215,3.2223415682062297,901,921,30,0,891,911,110007,10,0,0,10,10
2020-08-11,US,Indiana,Lake,7688,278,0,41.41874274,-87.38277575,18089.0,1583.5449738719199,3.616024973985432,7410,7632,275,0,7357,7570,484411,56,3,0,53,62
2020-08-11,US,Indiana,Lawrence,352,27,0,38.84112637,-86.48361629,18093.0,775.8430681066783,7.670454545454546,325,350,27,0,323,346,45668,2,0,0,2,4
2020-08-11,US,Indiana,Madison,1006,65,0,40.16143691,-85.71964711,18095.0,776.420285716491,6.461232604373758,941,987,65,0,922,979,129641,19,0,0,19,8
2020-08-11,US,Indiana,Marion,16088,730,0,39.78163624,-86.13826325,18097.0,1667.8727158499744,4.537543510691198,15358,15963,725,0,15238,15860,954670,125,5,0,120,103
2020-08-11,US,Indiana,Marshall,793,23,0,41.32467367,-86.26185087,18099.0,1714.298067361321,2.9003783102143763,770,790,22,0,768,784,46248,3,1,0,2,6
2020-08-11,US,Indiana,Martin,48,0,0,38.7099921,-86.80373186,18101.0,468.0643588493417,0.0,48,45,0,0,45,45,10217,3,0,0,3,0
2020-08-11,US,Indiana,Miami,277,2,0,40.76940965,-86.04525048,18103.0,779.9301723167023,0.7220216606498195,275,274,2,0,272,274,35567,3,0,0,3,0
2020-08-11,US,Indiana,Monroe,766,31,0,39.16130004,-86.52414358,18105.0,516.0647034649096,4.046997389033941,735,759,30,0,729,756,146917,7,1,0,6,3
2020-08-11,US,Indiana,Montgomery,359,21,0,40.04034823,-86.89335024,18107.0,936.407741666232,5.8495821727019495,338,354,21,0,333,354,38346,5,0,0,5,0
2020-08-11,US,Indiana,Morgan,493,34,0,39.47899078,-86.44573375,18109.0,699.3999063683696,6.896551724137932,459,483,34,0,449,476,70116,10,0,0,10,7
2020-08-11,US,Indiana,Newton,120,10,0,40.95610449,-87.39635768,18111.0,858.1235697940505,8.333333333333334,110,118,10,0,108,118,14011,2,0,0,2,0
2020-08-11,US,Indiana,Noble,688,29,0,41.39672484,-85.41966713,18113.0,1441.0187667560322,4.215116279069767,659,684,29,0,655,678,47532,4,0,0,4,6
2020-08-11,US,Indiana,Ohio,65,6,0,38.955304999999996,-84.96515993,18115.0,1106.3829787234042,9.23076923076923,59,65,5,0,60,65,5844,0,1,0,-1,0
2020-08-11,US,Indiana,Orange,174,24,0,38.54118920000001,-86.49523093,18117.0,885.6764735824088,13.79310344827586,150,173,24,0,149,171,19489,1,0,0,1,2
2020-08-11,US,Indiana,Owen,99,1,0,39.31145587,-86.83900724,18119.0,475.9844223279965,1.0101010101010102,98,91,1,0,90,90,20845,8,0,0,8,1
2020-08-11,US,Indiana,Parke,51,1,0,39.77202286,-87.20375833,18121.0,301.115900100372,1.96078431372549,50,52,1,0,51,51,16927,-1,0,0,-1,1
2020-08-11,US,Indiana,Perry,187,13,0,38.07809328,-86.63741946,18123.0,975.5334133235956,6.951871657754011,174,186,12,0,174,186,19102,1,1,0,0,0
2020-08-11,US,Indiana,Pike,59,0,0,38.40112197,-87.23574907,18125.0,476.2289127451771,0.0,59,56,0,0,56,53,12410,3,0,0,3,3
2020-08-11,US,Indiana,Porter,1355,39,0,41.45986947,-87.06848888,18127.0,795.2391292865152,2.878228782287823,1316,1338,39,0,1299,1316,169594,17,0,0,17,22
2020-08-11,US,Indiana,Posey,179,0,0,38.02097333,-87.86480429,18129.0,703.9760884099579,0.0,179,177,0,0,177,171,25540,2,0,0,2,6
2020-08-11,US,Indiana,Pulaski,81,1,0,41.04166107,-86.69890683,18131.0,655.7111632801749,1.2345679012345678,80,83,1,0,82,83,12469,-2,0,0,-2,0
2020-08-11,US,Indiana,Putnam,312,8,0,39.66437981,-86.84517605,18133.0,830.3172237598468,2.5641025641025643,304,290,8,0,282,288,37779,22,0,0,22,2
2020-08-11,US,Indiana,Randolph,124,4,0,40.15734772,-85.01139319,18135.0,502.736671396716,3.2258064516129035,120,123,4,0,119,122,24851,1,0,0,1,1
2020-08-11,US,Indiana,Ripley,213,8,0,39.10235626,-85.26212744,18137.0,752.012427623217,3.755868544600939,205,208,7,0,201,208,28523,5,1,0,4,0
2020-08-11,US,Indiana,Rush,85,4,0,39.62002287,-85.4655599,18139.0,512.6349436101564,4.705882352941177,81,80,4,0,76,80,16663,5,0,0,5,0
2020-08-11,US,Indiana,Scott,272,10,0,38.68672078,-85.74627859,18143.0,1139.3624596824866,3.6764705882352944,262,268,10,0,258,268,23878,4,0,0,4,0
2020-08-11,US,Indiana,Shelby,565,27,0,39.52305623,-85.79158570000001,18145.0,1263.1626014442531,4.778761061946904,538,558,27,0,531,553,44593,7,0,0,7,5
2020-08-11,US,Indiana,Spencer,137,3,0,38.01519732,-87.0079644,18147.0,675.642353405336,2.18978102189781,134,136,3,0,133,136,20327,1,0,0,1,0
2020-08-11,US,Indiana,St. Joseph,3578,83,0,41.61756781,-86.29040834,18141.0,1316.2832105832408,2.319731693683622,3495,3546,82,0,3464,3500,270771,32,1,0,31,46
2020-08-11,US,Indiana,Starke,178,7,0,41.27890281,-86.64686895,18149.0,774.0813220265276,3.9325842696629216,171,178,7,0,171,178,22935,0,0,0,0,0
2020-08-11,US,Indiana,Steuben,213,3,0,41.64423868,-85.00101094,18151.0,615.713707579349,1.4084507042253518,210,211,3,0,208,210,34586,2,0,0,2,1
2020-08-11,US,Indiana,Sullivan,138,1,0,39.08952258,-87.41414469,18153.0,667.6665537761866,0.7246376811594203,137,134,1,0,133,126,20690,4,0,0,4,8
2020-08-11,US,Indiana,Switzerland,53,0,0,38.82767338,-85.03022429,18155.0,492.97739745139984,0.0,53,52,0,0,52,52,10717,1,0,0,1,0
2020-08-11,US,Indiana,Tippecanoe,1238,11,0,40.38872739,-86.89413959,18157.0,632.4974965769521,0.8885298869143781,1227,1221,11,0,1210,1211,193048,17,0,0,17,10
2020-08-11,US,Indiana,Tipton,143,12,0,40.31123252,-86.05234925,18159.0,944.0190124108792,8.391608391608392,131,143,11,0,132,138,15128,0,1,0,-1,5
2020-08-11,US,Indiana,Unassigned,0,206,0,0.0,0.0,90018.0,0.0,0.0,-206,0,206,0,-206,0,,0,0,0,0,0
2020-08-11,US,Indiana,Union,41,0,0,39.62550777,-84.92497066,18161.0,581.2305075134675,0.0,41,41,0,0,41,41,7037,0,0,0,0,0
2020-08-11,US,Indiana,Vanderburgh,2022,13,0,38.02658833,-87.58763124,18163.0,1114.3504306947882,0.6429277942631059,2009,1997,13,0,1984,1963,180974,25,0,0,25,34
2020-08-11,US,Indiana,Vermillion,58,0,0,39.8523352,-87.46160542,18165.0,374.2418376564718,0.0,58,55,0,0,55,52,15479,3,0,0,3,3
2020-08-11,US,Indiana,Vigo,699,11,0,39.42944561,-87.39169027,18167.0,653.0391076066444,1.5736766809728182,688,668,10,0,658,651,107386,31,1,0,30,17
2020-08-11,US,Indiana,Wabash,170,3,0,40.84704239,-85.79328272,18169.0,548.4578655310363,1.7647058823529411,167,170,3,0,167,169,31280,0,0,0,0,1
2020-08-11,US,Indiana,Warren,24,1,0,40.34728141,-87.35602659,18171.0,290.38112522686026,4.166666666666667,23,23,1,0,22,22,8263,1,0,0,1,1
2020-08-11,US,Indiana,Warrick,588,30,0,38.08922676,-87.2716085,18173.0,933.362963903616,5.1020408163265305,558,586,30,0,556,581,62567,2,0,0,2,5
2020-08-11,US,Indiana,Washington,142,1,0,38.60219804,-86.1049363,18175.0,506.4916535882437,0.7042253521126759,141,142,1,0,141,140,27943,0,0,0,0,2
2020-08-11,US,Indiana,Wayne,385,10,0,39.863344399999995,-85.01044989,18177.0,584.3603909902253,2.5974025974025974,375,377,10,0,367,377,65936,8,0,0,8,0
2020-08-11,US,Indiana,Wells,174,2,0,40.72934187,-85.22132966,18179.0,614.9279050042409,1.1494252873563218,172,171,2,0,169,168,28206,3,0,0,3,3
2020-08-11,US,Indiana,White,376,11,0,40.74911165,-86.86492015,18181.0,1560.0365114928222,2.9255319148936163,365,372,10,0,362,369,24133,4,1,0,3,3
2020-08-11,US,Indiana,Whitley,155,6,0,41.13863784,-85.50791236,18183.0,456.3655635378637,3.870967741935484,149,154,6,0,148,152,34074,1,0,0,1,2
2020-08-11,US,Iowa,Adair,30,0,0,41.33075609,-94.47105874,19001.0,419.4630872483222,0.0,30,30,0,0,30,30,7063,0,0,0,0,0
2020-08-11,US,Iowa,Adams,16,0,0,41.02903567,-94.69932645,19003.0,444.1976679622432,0.0,16,16,0,0,16,16,3645,0,0,0,0,0
2020-08-11,US,Iowa,Allamakee,156,4,0,43.28383218,-91.37860922,19005.0,1139.767662745671,2.5641025641025643,152,155,4,0,151,155,13832,1,0,0,1,0
2020-08-11,US,Iowa,Appanoose,51,3,0,40.74324454,-92.86865906,19007.0,410.4297440849832,5.882352941176472,48,49,3,0,46,49,12437,2,0,0,2,0
2020-08-11,US,Iowa,Audubon,29,1,0,41.6844628,-94.90581859,19009.0,527.6564774381368,3.4482758620689653,28,28,1,0,27,28,5506,1,0,0,1,0
2020-08-11,US,Iowa,Benton,160,1,0,42.08011739,-92.06463573,19011.0,623.9032949892768,0.625,159,160,1,0,159,156,25642,0,0,0,0,4
2020-08-11,US,Iowa,Black Hawk,3157,66,0,42.4704581,-92.30524729,19013.0,2405.736580607797,2.0905923344947737,3091,3134,66,0,3068,3127,132408,23,0,0,23,7
2020-08-11,US,Iowa,Boone,262,3,0,42.03657094,-93.9313999,19015.0,998.7039719448044,1.1450381679389312,259,259,3,0,256,258,26346,3,0,0,3,1
2020-08-11,US,Iowa,Bremer,230,7,0,42.77461496,-92.31795937,19017.0,917.7240443699623,3.0434782608695654,223,227,7,0,220,226,24947,3,0,0,3,1
2020-08-11,US,Iowa,Buchanan,129,1,0,42.4709188,-91.83510825,19019.0,609.2089728453366,0.7751937984496124,128,129,1,0,128,127,21199,0,0,0,0,2
2020-08-11,US,Iowa,Buena Vista,1794,12,0,42.73545875,-95.15100162,19021.0,9143.730886850153,0.6688963210702341,1782,1794,12,0,1782,1794,19874,0,0,0,0,0
2020-08-11,US,Iowa,Butler,125,2,0,42.73172833,-92.79015971,19023.0,865.7109218089896,1.6,123,121,2,0,119,121,14539,4,0,0,4,0
2020-08-11,US,Iowa,Calhoun,86,2,0,42.38521079,-94.64046046,19025.0,889.5324782788582,2.3255813953488373,84,83,2,0,81,83,9699,3,0,0,3,0
2020-08-11,US,Iowa,Carroll,194,2,0,42.03617207,-94.86032705,19027.0,962.0629804116043,1.0309278350515465,192,193,1,0,192,192,20154,1,1,0,0,1
2020-08-11,US,Iowa,Cass,79,1,0,41.33149454,-94.92792482,19029.0,615.4565285135558,1.2658227848101269,78,74,1,0,73,74,12930,5,0,0,5,0
2020-08-11,US,Iowa,Cedar,134,1,0,41.77233777,-91.13246684,19031.0,719.385837762388,0.746268656716418,133,133,1,0,132,133,18627,1,0,0,1,0
2020-08-11,US,Iowa,Cerro Gordo,634,17,0,43.08177563,-93.2612239,19033.0,1493.5217903415785,2.6813880126182967,617,634,17,0,617,625,42647,0,0,0,0,9
2020-08-11,US,Iowa,Cherokee,110,1,0,42.73538914,-95.62389402,19035.0,979.0832220738763,0.9090909090909092,109,108,1,0,107,108,11321,2,0,0,2,0
2020-08-11,US,Iowa,Chickasaw,55,0,0,43.06001295,-92.31773347,19037.0,460.90672923824684,0.0,55,54,0,0,54,54,11964,1,0,0,1,0
2020-08-11,US,Iowa,Clarke,204,3,0,41.02868181,-93.78499767,19039.0,2171.3677488025546,1.4705882352941178,201,202,3,0,199,201,9423,2,0,0,2,1
2020-08-11,US,Iowa,Clay,201,1,0,43.08247182,-95.15096481,19041.0,1254.995004995005,0.4975124378109453,200,196,1,0,195,190,16134,5,0,0,5,6
2020-08-11,US,Iowa,Clayton,106,3,0,42.84443388,-91.34133693,19043.0,604.0230212547723,2.830188679245283,103,104,3,0,101,104,17556,2,0,0,2,0
2020-08-11,US,Iowa,Clinton,416,4,0,41.89981633,-90.53275096,19045.0,895.9917293071138,0.9615384615384616,412,410,3,0,407,397,46518,6,1,0,5,13
2020-08-11,US,Iowa,Crawford,731,3,0,42.03718237,-95.3819718,19047.0,4346.01664684899,0.4103967168262654,728,730,3,0,727,728,17158,1,0,0,1,2
2020-08-11,US,Iowa,Dallas,1898,35,0,41.68560356,-94.04127625,19049.0,2030.9674381774798,1.8440463645943097,1863,1888,35,0,1853,1885,90180,10,0,0,10,3
2020-08-11,US,Iowa,Davis,61,2,0,40.74773536,-92.41005468,19051.0,677.7777777777778,3.278688524590164,59,60,2,0,58,57,9017,1,0,0,1,3
2020-08-11,US,Iowa,Decatur,25,0,0,40.73742757,-93.78645949,19053.0,317.6620076238882,0.0,25,23,0,0,23,23,7890,2,0,0,2,0
2020-08-11,US,Iowa,Delaware,117,1,0,42.47104597,-91.3664492,19055.0,687.7902533654692,0.8547008547008547,116,115,1,0,114,112,17069,2,0,0,2,3
2020-08-11,US,Iowa,Des Moines,187,2,0,40.92012606,-91.18326592,19057.0,479.8932430004876,1.0695187165775402,185,186,2,0,184,179,39138,1,0,0,1,7
2020-08-11,US,Iowa,Dickinson,384,4,0,43.37787725,-95.1510206,19059.0,2225.055046934755,1.0416666666666667,380,382,4,0,378,381,17153,2,0,0,2,1
2020-08-11,US,Iowa,Dubuque,1698,31,0,42.46815349,-90.88181925,19061.0,1744.9209236365878,1.8256772673733803,1667,1686,31,0,1655,1676,96854,12,0,0,12,10
2020-08-11,US,Iowa,Emmet,193,4,0,43.37782951,-94.67858943,19063.0,2096.003475238923,2.0725388601036268,189,192,4,0,188,192,9253,1,0,0,1,0
2020-08-11,US,Iowa,Fayette,85,0,0,42.86271799,-91.84412309999999,19065.0,432.5699745547074,0.0,85,84,0,0,84,82,19660,1,0,0,1,2
2020-08-11,US,Iowa,Floyd,158,2,0,43.06000529999999,-92.78940097,19067.0,1010.1010101010099,1.2658227848101269,156,157,2,0,155,155,15761,1,0,0,1,2
2020-08-11,US,Iowa,Franklin,245,12,0,42.73270384,-93.26256925,19069.0,2432.969215491559,4.8979591836734695,233,241,10,0,231,241,10124,4,2,0,2,0
2020-08-11,US,Iowa,Fremont,43,0,0,40.74542720000001,-95.60129045,19071.0,617.816091954023,0.0,43,42,0,0,42,42,6993,1,0,0,1,0
2020-08-11,US,Iowa,Greene,43,0,0,42.03614551,-94.39658081,19073.0,483.79837983798376,0.0,43,42,0,0,42,41,8981,1,0,0,1,1
2020-08-11,US,Iowa,Grundy,80,1,0,42.40183723,-92.78829551,19075.0,654.0222367560498,1.25,79,79,1,0,78,79,12304,1,0,0,1,0
2020-08-11,US,Iowa,Guthrie,135,5,0,41.68378965,-94.50111014,19077.0,1262.9806342969407,3.703703703703704,130,132,5,0,127,132,10720,3,0,0,3,0
2020-08-11,US,Iowa,Hamilton,251,1,0,42.38382428,-93.70197703,19079.0,1699.0455560820417,0.398406374501992,250,248,1,0,247,246,14952,3,0,0,3,2
2020-08-11,US,Iowa,Hancock,121,2,0,43.08178477,-93.73454884,19081.0,1138.2878645343367,1.6528925619834711,119,122,2,0,120,122,10712,-1,0,0,-1,0
2020-08-11,US,Iowa,Hardin,184,0,0,42.38353877,-93.23654611,19083.0,1092.2474177846373,0.0,184,184,0,0,184,181,16868,0,0,0,0,3
2020-08-11,US,Iowa,Harrison,110,1,0,41.68330137,-95.81558439,19085.0,782.9738771442807,0.9090909090909092,109,109,1,0,108,107,14134,1,0,0,1,2
2020-08-11,US,Iowa,Henry,127,4,0,40.98767962,-91.54436349,19087.0,636.4638668938559,3.1496062992125986,123,127,4,0,123,125,20067,0,0,0,0,2
2020-08-11,US,Iowa,Howard,50,0,0,43.35671042,-92.31702714,19089.0,545.970735968552,0.0,50,49,0,0,49,49,9187,1,0,0,1,0
2020-08-11,US,Iowa,Humboldt,118,1,0,42.7764426,-94.20722537,19091.0,1234.5679012345681,0.8474576271186439,117,118,1,0,117,111,9547,0,0,0,0,7
2020-08-11,US,Iowa,Ida,31,0,0,42.38696136,-95.51355387,19093.0,451.8950437317784,0.0,31,31,0,0,31,29,6841,0,0,0,0,2
2020-08-11,US,Iowa,Iowa,97,1,0,41.68630265,-92.0643373,19095.0,599.3573900148294,1.0309278350515465,96,98,1,0,97,97,16141,-1,0,0,-1,1
2020-08-11,US,Iowa,Jackson,156,1,0,42.17178824,-90.57354837,19097.0,802.510417202531,0.6410256410256411,155,156,1,0,155,156,19432,0,0,0,0,0
2020-08-11,US,Iowa,Jasper,481,27,0,41.68576082,-93.05567785,19099.0,1293.5323383084574,5.613305613305613,454,479,26,0,453,478,37147,2,1,0,1,1
2020-08-11,US,Iowa,Jefferson,87,0,0,41.03192394,-91.94849466,19101.0,475.5397649631047,0.0,87,86,0,0,86,84,18381,1,0,0,1,2
2020-08-11,US,Iowa,Johnson,2118,19,0,41.67169354,-91.58754744,19103.0,1401.3497419610956,0.8970727101038716,2099,2107,19,0,2088,2096,151260,11,0,0,11,11
2020-08-11,US,Iowa,Jones,133,2,0,42.12118609,-91.13139641,19105.0,643.1023644891446,1.5037593984962403,131,132,2,0,130,130,20744,1,0,0,1,2
2020-08-11,US,Iowa,Keokuk,37,1,0,41.33649833,-92.1785067,19107.0,361.1165332812805,2.702702702702702,36,37,1,0,36,35,10225,0,0,0,0,2
2020-08-11,US,Iowa,Kossuth,90,0,0,43.20405458,-94.20691791,19109.0,607.5744278674138,0.0,90,90,0,0,90,91,14908,0,0,0,0,-1
2020-08-11,US,Iowa,Lee,118,3,0,40.64181461,-91.48183025,19111.0,350.5957156015094,2.5423728813559316,115,117,3,0,114,114,34055,1,0,0,1,3
2020-08-11,US,Iowa,Linn,2428,88,0,42.07923082,-91.59809485,19113.0,1070.9906222155566,3.624382207578254,2340,2399,88,0,2311,2375,225909,29,0,0,29,24
2020-08-11,US,Iowa,Louisa,378,14,0,41.21842119,-91.26102611,19115.0,3425.46443135478,3.703703703703704,364,378,14,0,364,378,11169,0,0,0,0,0
2020-08-11,US,Iowa,Lucas,73,4,0,41.02958964,-93.32780803,19117.0,848.8372093023256,5.479452054794519,69,71,4,0,67,68,8645,2,0,0,2,3
2020-08-11,US,Iowa,Lyon,115,2,0,43.38107862,-96.20926845,19119.0,978.3071033602722,1.7391304347826086,113,114,2,0,112,113,11811,1,0,0,1,1
2020-08-11,US,Iowa,Madison,125,2,0,41.33081904,-94.01554631,19121.0,765.0875260129759,1.6,123,122,2,0,120,121,16249,3,0,0,3,1
2020-08-11,US,Iowa,Mahaska,142,17,0,41.33521503,-92.64083907,19123.0,642.6793392170174,11.971830985915492,125,140,17,0,123,139,22000,2,0,0,2,1
2020-08-11,US,Iowa,Marion,175,0,0,41.33445101,-93.09934783,19125.0,526.2683066189517,0.0,175,174,0,0,174,173,33407,1,0,0,1,1
2020-08-11,US,Iowa,Marshall,1450,26,0,42.03586837,-92.99908190000001,19127.0,3683.100916965125,1.7931034482758617,1424,1446,26,0,1420,1444,39981,4,0,0,4,2
2020-08-11,US,Iowa,Mills,89,0,0,41.03299766,-95.61920963,19129.0,589.0528823879807,0.0,89,89,0,0,89,89,15063,0,0,0,0,0
2020-08-11,US,Iowa,Mitchell,79,0,0,43.35638371,-92.78887719,19131.0,746.2686567164177,0.0,79,78,0,0,78,78,10569,1,0,0,1,0
2020-08-11,US,Iowa,Monona,91,0,0,42.05220391,-95.95743843,19133.0,1056.2971561230413,0.0,91,91,0,0,91,91,8679,0,0,0,0,0
2020-08-11,US,Iowa,Monroe,74,8,0,41.02988815,-92.8690667,19135.0,960.1660827818866,10.810810810810812,66,74,7,0,67,73,7790,0,1,0,-1,1
2020-08-11,US,Iowa,Montgomery,60,4,0,41.03018714,-95.15642896,19137.0,605.0216799435314,6.666666666666668,56,59,4,0,55,59,10003,1,0,0,1,0
2020-08-11,US,Iowa,Muscatine,851,48,0,41.48370744,-91.11216970000001,19139.0,1994.6559159947492,5.640423031727378,803,848,48,0,800,847,42929,3,0,0,3,1
2020-08-11,US,Iowa,O'Brien,141,4,0,43.08310673,-95.62474482,19141.0,1025.2308587217335,2.8368794326241136,137,141,4,0,137,138,13840,0,0,0,0,3
2020-08-11,US,Iowa,Osceola,84,0,0,43.37824276,-95.62422844,19143.0,1409.8690835850955,0.0,84,83,0,0,83,83,6040,1,0,0,1,0
2020-08-11,US,Iowa,Page,95,0,0,40.7393172,-95.1497813,19145.0,628.8475541139869,0.0,95,94,0,0,94,94,15249,1,0,0,1,0
2020-08-11,US,Iowa,Palo Alto,88,0,0,43.08193849,-94.67824621,19147.0,990.3218546027459,0.0,88,86,0,0,86,84,8929,2,0,0,2,2
2020-08-11,US,Iowa,Plymouth,470,11,0,42.737633,-96.21366621,19149.0,1866.7831751201493,2.3404255319148937,459,463,9,0,454,462,25095,7,2,0,5,1
2020-08-11,US,Iowa,Pocahontas,117,2,0,42.73420133,-94.67862564,19151.0,1767.6386161051519,1.709401709401709,115,116,2,0,114,115,6740,1,0,0,1,1
2020-08-11,US,Iowa,Polk,10444,208,0,41.68679484,-93.57767461,19153.0,2130.728474929666,1.991574109536576,10236,10351,207,0,10144,10309,487204,93,1,0,92,42
2020-08-11,US,Iowa,Pottawattamie,1332,28,0,41.33640314,-95.53907776,19155.0,1429.092547690063,2.1021021021021022,1304,1325,26,0,1299,1325,93533,7,2,0,5,0
2020-08-11,US,Iowa,Poweshiek,160,8,0,41.68625425,-92.53155731,19157.0,864.6779074794638,5.0,152,159,8,0,151,159,18699,1,0,0,1,0
2020-08-11,US,Iowa,Ringgold,23,1,0,40.73518949,-94.24368535,19159.0,469.963220269718,4.3478260869565215,22,22,1,0,21,22,4968,1,0,0,1,0
2020-08-11,US,Iowa,Sac,86,0,0,42.38624071,-95.10547892,19161.0,884.6826458183315,0.0,86,85,0,0,85,85,9719,1,0,0,1,0
2020-08-11,US,Iowa,Scott,1743,14,0,41.63935978,-90.61959493,19163.0,1007.8465159040841,0.8032128514056225,1729,1727,14,0,1713,1718,173283,16,0,0,16,9
2020-08-11,US,Iowa,Shelby,186,1,0,41.6850066,-95.31015553,19165.0,1623.8868517548456,0.5376344086021505,185,184,1,0,183,184,11578,2,0,0,2,0
2020-08-11,US,Iowa,Sioux,643,3,0,43.08221074,-96.17675679999999,19167.0,1844.785540094678,0.4665629860031104,640,637,3,0,634,634,34909,6,0,0,6,3
2020-08-11,US,Iowa,Story,1173,15,0,42.03621213,-93.46499005,19169.0,1207.8214936622835,1.278772378516624,1158,1167,14,0,1153,1166,98105,6,1,0,5,1
2020-08-11,US,Iowa,Tama,554,29,0,42.07991767,-92.53266945,19171.0,3287.053518452593,5.234657039711192,525,553,29,0,524,551,16904,1,0,0,1,2
2020-08-11,US,Iowa,Taylor,100,0,0,40.73710579,-94.69778563,19173.0,1633.7199803953602,0.0,100,98,0,0,98,98,6191,2,0,0,2,0
2020-08-11,US,Iowa,Unassigned,1,0,0,0.0,0.0,90019.0,0.0,0.0,1,3,0,0,3,6,,-2,0,0,-2,-3
2020-08-11,US,Iowa,Union,78,1,0,41.0277278,-94.24234847,19175.0,637.2028429049914,1.2820512820512822,77,77,1,0,76,77,12359,1,0,0,1,0
2020-08-11,US,Iowa,Van Buren,36,1,0,40.75326764,-91.95017958,19177.0,511.0732538330494,2.7777777777777777,35,36,1,0,35,37,7020,0,0,0,0,-1
2020-08-11,US,Iowa,Wapello,905,33,0,41.03064984,-92.40954728,19179.0,2588.006520060625,3.6464088397790055,872,904,33,0,871,900,35205,1,0,0,1,4
2020-08-11,US,Iowa,Warren,572,1,0,41.33559454,-93.56007641,19181.0,1111.4133602766876,0.17482517482517482,571,569,1,0,568,564,51056,3,0,0,3,5
2020-08-11,US,Iowa,Washington,305,10,0,41.33577126,-91.71725711,19183.0,1388.5727293421353,3.278688524590164,295,300,10,0,290,298,22141,5,0,0,5,2
2020-08-11,US,Iowa,Wayne,20,1,0,40.73969028,-93.32752197,19185.0,310.5107902499612,5.0,19,20,1,0,19,19,6401,0,0,0,0,1
2020-08-11,US,Iowa,Webster,826,8,0,42.42853483,-94.17987389,19187.0,2300.579322638146,0.9685230024213076,818,813,8,0,805,801,36277,13,0,0,13,12
2020-08-11,US,Iowa,Winnebago,86,0,0,43.37751174,-93.73407298,19189.0,830.5968707745799,0.0,86,84,0,0,84,84,10518,2,0,0,2,0
2020-08-11,US,Iowa,Winneshiek,97,1,0,43.29094334,-91.84422722,19191.0,485.2183482567154,1.0309278350515465,96,97,1,0,96,97,20029,0,0,0,0,0
2020-08-11,US,Iowa,Woodbury,3734,52,0,42.38979414,-96.0459439,19193.0,3621.4805978255604,1.3926084627745046,3682,3727,52,0,3675,3719,102539,7,0,0,7,8
2020-08-11,US,Iowa,Worth,67,0,0,43.37750768,-93.26087602,19195.0,907.7360791220704,0.0,67,66,0,0,66,66,7453,1,0,0,1,0
2020-08-11,US,Iowa,Wright,475,1,0,42.73305373,-93.73515113,19197.0,3781.245024677599,0.21052631578947367,474,473,1,0,472,472,12690,2,0,0,2,1
2020-08-11,US,Kansas,Allen,20,0,0,37.88582951,-95.30030847,20001.0,161.69455897809038,0.0,20,20,0,0,20,15,12444,0,0,0,0,5
2020-08-11,US,Kansas,Anderson,31,0,0,38.21413251,-95.29272815,20003.0,394.50241791804535,0.0,31,31,0,0,31,29,7878,0,0,0,0,2
2020-08-11,US,Kansas,Atchison,64,0,0,39.53185661,-95.30870026,20005.0,398.18328874510047,0.0,64,64,0,0,64,64,16193,0,0,0,0,0
2020-08-11,US,Kansas,Barber,4,0,0,37.2288586,-98.68460053,20007.0,90.35464196973119,0.0,4,4,0,0,4,4,4472,0,0,0,0,0
2020-08-11,US,Kansas,Barton,148,3,0,38.47889676,-98.75636726,20009.0,574.1107102680477,2.0270270270270268,145,139,3,0,136,139,26111,9,0,0,9,0
2020-08-11,US,Kansas,Bourbon,79,2,0,37.85508555,-94.84865997,20011.0,543.5530480253201,2.5316455696202533,77,79,2,0,77,73,14653,0,0,0,0,6
2020-08-11,US,Kansas,Brown,40,0,0,39.82652589,-95.56421698,20013.0,418.2350480970305,0.0,40,40,0,0,40,37,9598,0,0,0,0,3
2020-08-11,US,Kansas,Butler,285,1,0,37.78134351,-96.83878537,20015.0,425.9389338075952,0.3508771929824561,284,278,1,0,277,255,66765,7,0,0,7,23
2020-08-11,US,Kansas,Chase,48,0,0,38.30292938,-96.59563862,20017.0,1812.6888217522653,0.0,48,48,0,0,48,42,2629,0,0,0,0,6
2020-08-11,US,Kansas,Chautauqua,6,0,0,37.14994405,-96.2454192,20019.0,184.61538461538456,0.0,6,6,0,0,6,5,3309,0,0,0,0,1
2020-08-11,US,Kansas,Cherokee,129,1,0,37.16928494,-94.8462897,20021.0,646.9732684688299,0.7751937984496124,128,129,1,0,128,118,20015,0,0,0,0,11
2020-08-11,US,Kansas,Cheyenne,3,0,0,39.78580976,-101.7318201,20023.0,112.90929619872036,0.0,3,3,0,0,3,3,2660,0,0,0,0,0
2020-08-11,US,Kansas,Clark,44,1,0,37.23577007,-99.81883015,20025.0,2206.6198595787364,2.272727272727273,43,44,1,0,43,44,2005,0,0,0,0,0
2020-08-11,US,Kansas,Clay,20,2,0,39.34948772,-97.16518128,20027.0,249.9375156210947,10.0,18,20,2,0,18,20,7997,0,0,0,0,0
2020-08-11,US,Kansas,Cloud,37,0,0,39.48028352,-97.64925343,20029.0,421.1245162758935,0.0,37,37,0,0,37,32,8729,0,0,0,0,5
2020-08-11,US,Kansas,Coffey,67,8,0,38.2365018,-95.73379515,20031.0,819.1710478053552,11.940298507462687,59,67,8,0,59,67,8233,0,0,0,0,0
2020-08-11,US,Kansas,Comanche,6,0,0,37.19114520000001,-99.27113247,20033.0,352.94117647058823,0.0,6,6,0,0,6,5,1748,0,0,0,0,1
2020-08-11,US,Kansas,Cowley,174,2,0,37.23781842,-96.83776647,20035.0,498.4530766586456,1.1494252873563218,172,173,2,0,171,165,35218,1,0,0,1,8
2020-08-11,US,Kansas,Crawford,385,1,0,37.50675523,-94.85245778,20037.0,991.8079241588954,0.2597402597402597,384,385,1,0,384,380,39019,0,0,0,0,5
2020-08-11,US,Kansas,Decatur,5,0,0,39.78468441,-100.45940809999999,20039.0,176.86593562079943,0.0,5,5,0,0,5,5,2871,0,0,0,0,0
2020-08-11,US,Kansas,Dickinson,48,1,0,38.86600962,-97.15532383,20041.0,259.9371818477201,2.083333333333333,47,48,1,0,47,47,18717,0,0,0,0,1
2020-08-11,US,Kansas,Doniphan,48,0,0,39.79067154,-95.14056866,20043.0,631.578947368421,0.0,48,48,0,0,48,48,7682,0,0,0,0,0
2020-08-11,US,Kansas,Douglas,750,5,0,38.88503636,-95.2925121,20045.0,613.4517704218094,0.6666666666666666,745,744,5,0,739,714,121436,6,0,0,6,30
2020-08-11,US,Kansas,Edwards,10,0,0,37.88735543,-99.31263309,20047.0,357.39814152966414,0.0,10,10,0,0,10,10,2849,0,0,0,0,0
2020-08-11,US,Kansas,Elk,1,0,0,37.45338105,-96.24369667,20049.0,39.52569169960474,0.0,1,1,0,0,1,1,2508,0,0,0,0,0
2020-08-11,US,Kansas,Ellis,145,1,0,38.91458712,-99.31751551,20051.0,507.827548768956,0.6896551724137931,144,145,1,0,144,141,28710,0,0,0,0,4
2020-08-11,US,Kansas,Ellsworth,21,0,0,38.69677695,-98.20462799,20053.0,344.14945919370695,0.0,21,21,0,0,21,21,6196,0,0,0,0,0
2020-08-11,US,Kansas,Finney,1795,11,0,38.04340344,-100.73819379999999,20055.0,4922.258480269833,0.6128133704735376,1784,1787,10,0,1777,1783,36611,8,1,0,7,4
2020-08-11,US,Kansas,Ford,2088,10,0,37.69200114,-99.88825298,20057.0,6210.77366965109,0.4789272030651341,2078,2088,10,0,2078,2069,33888,0,0,0,0,19
2020-08-11,US,Kansas,Franklin,194,1,0,38.56443815,-95.28644341,20059.0,759.4738490447853,0.5154639175257731,193,178,1,0,177,178,25631,16,0,0,16,0
2020-08-11,US,Kansas,Geary,152,2,0,38.99871131,-96.7577178,20061.0,479.9494790022103,1.3157894736842106,150,148,2,0,146,140,32594,4,0,0,4,8
2020-08-11,US,Kansas,Gove,6,0,0,38.91588178,-100.4829321,20063.0,227.6176024279211,0.0,6,6,0,0,6,6,2612,0,0,0,0,0
2020-08-11,US,Kansas,Graham,17,0,0,39.34987223,-99.88332493,20065.0,684.931506849315,0.0,17,17,0,0,17,16,2492,0,0,0,0,1
2020-08-11,US,Kansas,Grant,116,2,0,37.56227336,-101.3079758,20067.0,1622.3776223776224,1.7241379310344829,114,114,2,0,112,110,7336,2,0,0,2,4
2020-08-11,US,Kansas,Gray,84,0,0,37.73836671,-100.4369088,20069.0,1402.8056112224453,0.0,84,77,0,0,77,77,6033,7,0,0,7,0
2020-08-11,US,Kansas,Greeley,4,0,0,38.4808095,-101.8061079,20071.0,324.67532467532465,0.0,4,4,0,0,4,4,1227,0,0,0,0,0
2020-08-11,US,Kansas,Greenwood,23,0,0,37.8774388,-96.23250453,20073.0,384.4867937144768,0.0,23,23,0,0,23,20,6055,0,0,0,0,3
2020-08-11,US,Kansas,Hamilton,38,0,0,37.99978709,-101.7921066,20075.0,1496.6522252855455,0.0,38,38,0,0,38,37,2607,0,0,0,0,1
2020-08-11,US,Kansas,Harper,12,0,0,37.19175361,-98.07578384,20077.0,220.7505518763797,0.0,12,12,0,0,12,10,5506,0,0,0,0,2
2020-08-11,US,Kansas,Harvey,204,1,0,38.04293782,-97.42747573,20079.0,592.5237445177031,0.4901960784313725,203,204,1,0,203,194,34210,0,0,0,0,10
2020-08-11,US,Kansas,Haskell,44,0,0,37.562039399999996,-100.8710738,20081.0,1108.8709677419354,0.0,44,44,0,0,44,44,3997,0,0,0,0,0
2020-08-11,US,Kansas,Hodgeman,11,0,0,38.08780079,-99.89829881,20083.0,613.1549609810479,0.0,11,11,0,0,11,11,1818,0,0,0,0,0
2020-08-11,US,Kansas,Jackson,155,1,0,39.41673394,-95.79356799,20085.0,1176.8278794320856,0.6451612903225806,154,148,1,0,147,146,13280,7,0,0,7,2
2020-08-11,US,Kansas,Jefferson,76,0,0,39.2347941,-95.38289232,20087.0,399.09678096938507,0.0,76,76,0,0,76,76,18975,0,0,0,0,0
2020-08-11,US,Kansas,Jewell,12,1,0,39.78470589,-98.21820662,20089.0,416.8113928447378,8.333333333333334,11,12,1,0,11,11,2841,0,0,0,0,1
2020-08-11,US,Kansas,Johnson,5869,105,0,38.88548175,-94.82250877,20091.0,974.267971002704,1.789061168853297,5764,5800,103,0,5697,5703,597555,69,2,0,67,97
2020-08-11,US,Kansas,Kearny,63,1,0,38.00017981,-101.32168100000001,20093.0,1641.479937467431,1.5873015873015872,62,63,1,0,62,59,3943,0,0,0,0,4
2020-08-11,US,Kansas,Kingman,20,0,0,37.55909527,-98.13638678,20095.0,279.6420581655481,0.0,20,21,0,0,21,17,7310,-1,0,0,-1,4
2020-08-11,US,Kansas,Kiowa,8,0,0,37.55848695,-99.2856537,20097.0,323.2323232323232,0.0,8,8,0,0,8,7,2516,0,0,0,0,1
2020-08-11,US,Kansas,Labette,138,1,0,37.19113093,-95.29849679,20099.0,703.4356203486592,0.7246376811594203,137,138,1,0,137,133,19964,0,0,0,0,5
2020-08-11,US,Kansas,Lane,5,0,0,38.48119447,-100.46607540000001,20101.0,325.73289902280135,0.0,5,5,0,0,5,5,1560,0,0,0,0,0
2020-08-11,US,Kansas,Leavenworth,1483,9,0,39.20183497,-95.03620809,20103.0,1813.8897722547028,0.6068779501011463,1474,1483,9,0,1474,1459,81352,0,0,0,0,24
2020-08-11,US,Kansas,Lincoln,6,0,0,39.04549684,-98.20756994,20105.0,202.56583389601624,0.0,6,6,0,0,6,6,3023,0,0,0,0,0
2020-08-11,US,Kansas,Linn,40,0,0,38.21267844,-94.84254089,20107.0,412.2436359888694,0.0,40,40,0,0,40,35,9750,0,0,0,0,5
2020-08-11,US,Kansas,Logan,2,0,0,38.91735806,-101.148475,20109.0,71.58196134574086,0.0,2,2,0,0,2,2,2844,0,0,0,0,0
2020-08-11,US,Kansas,Lyon,716,14,0,38.45576156,-96.15275715,20111.0,2156.9513480945925,1.9553072625698324,702,710,14,0,696,697,33406,6,0,0,6,13
2020-08-11,US,Kansas,Marion,48,1,0,38.35855394,-97.09852509999999,20115.0,403.9044092898014,2.083333333333333,47,48,1,0,47,48,11950,0,0,0,0,0
2020-08-11,US,Kansas,Marshall,10,0,0,39.78359669,-96.52278974,20117.0,103.01844030081385,0.0,10,10,0,0,10,9,9722,0,0,0,0,1
2020-08-11,US,Kansas,McPherson,148,1,0,38.39184858,-97.64769869,20113.0,518.5340901128162,0.6756756756756757,147,148,1,0,147,142,28537,0,0,0,0,6
2020-08-11,US,Kansas,Meade,45,0,0,37.23859987,-100.36483100000001,20119.0,1115.7946937763452,0.0,45,45,0,0,45,44,4146,0,0,0,0,1
2020-08-11,US,Kansas,Miami,134,0,0,38.56383358,-94.83832189,20121.0,391.38943248532286,0.0,134,134,0,0,134,133,33680,0,0,0,0,1
2020-08-11,US,Kansas,Mitchell,28,0,0,39.39331582,-98.20906732,20123.0,468.3057367452751,0.0,28,27,0,0,27,27,6150,1,0,0,1,0
2020-08-11,US,Kansas,Montgomery,170,5,0,37.19236568,-95.74329258,20125.0,534.1041188852932,2.9411764705882355,165,170,5,0,165,167,32120,0,0,0,0,3
2020-08-11,US,Kansas,Morris,13,0,0,38.68827511,-96.65128437,20127.0,231.3167259786477,0.0,13,12,0,0,12,11,5521,1,0,0,1,1
2020-08-11,US,Kansas,Morton,9,2,0,37.19141121,-101.79925190000002,20129.0,347.89331271743333,22.222222222222218,7,9,2,0,7,9,2667,0,0,0,0,0
2020-08-11,US,Kansas,Nemaha,49,1,0,39.78345387,-96.01392079,20131.0,478.93656534063143,2.0408163265306123,48,49,1,0,48,49,10155,0,0,0,0,0
2020-08-11,US,Kansas,Neosho,65,0,0,37.55862897,-95.30670046,20133.0,406.0723433497845,0.0,65,65,0,0,65,58,15951,0,0,0,0,7
2020-08-11,US,Kansas,Ness,6,0,0,38.47974157,-99.91547333,20135.0,218.1818181818182,0.0,6,6,0,0,6,6,2840,0,0,0,0,0
2020-08-11,US,Kansas,Norton,23,0,0,39.78443827,-99.90286639,20137.0,429.0244357396009,0.0,23,23,0,0,23,23,5430,0,0,0,0,0
2020-08-11,US,Kansas,Osage,41,0,0,38.65235984,-95.72707998,20139.0,257.0694087403599,0.0,41,41,0,0,41,40,15941,0,0,0,0,1
2020-08-11,US,Kansas,Osborne,4,0,0,39.3503437,-98.76753828,20141.0,116.92487576731949,0.0,4,4,0,0,4,4,3475,0,0,0,0,0
2020-08-11,US,Kansas,Ottawa,35,0,0,39.13237408,-97.65020313,20143.0,613.6044880785414,0.0,35,35,0,0,35,34,5802,0,0,0,0,1
2020-08-11,US,Kansas,Pawnee,8,0,0,38.18108732,-99.23692334,20145.0,124.72715933894605,0.0,8,8,0,0,8,7,6562,0,0,0,0,1
2020-08-11,US,Kansas,Phillips,51,8,0,39.78465501,-99.34668865,20147.0,974.3981658387466,15.68627450980392,43,51,8,0,43,51,5317,0,0,0,0,0
2020-08-11,US,Kansas,Pottawatomie,108,0,0,39.37925655,-96.34564657,20149.0,442.9315506705491,0.0,108,108,0,0,108,107,24277,0,0,0,0,1
2020-08-11,US,Kansas,Pratt,35,0,0,37.64780729,-98.73922153,20151.0,381.9292885202968,0.0,35,35,0,0,35,33,9378,0,0,0,0,2
2020-08-11,US,Kansas,Reno,286,1,0,37.95230263,-98.08607292,20155.0,461.30520339365785,0.34965034965034963,285,284,1,0,283,273,62342,2,0,0,2,11
2020-08-11,US,Kansas,Republic,32,0,0,39.82799632,-97.65036709,20157.0,690.2502157031925,0.0,32,32,0,0,32,32,4664,0,0,0,0,0
2020-08-11,US,Kansas,Rice,39,0,0,38.34616184,-98.19992118,20159.0,408.9336269267065,0.0,39,39,0,0,39,37,9531,0,0,0,0,2
2020-08-11,US,Kansas,Riley,483,5,0,39.28935726,-96.73420026,20161.0,650.6627869382478,1.0351966873706004,478,483,5,0,478,477,73703,0,0,0,0,6
2020-08-11,US,Kansas,Rooks,18,0,0,39.35022773,-99.32484567,20163.0,365.8536585365854,0.0,18,18,0,0,18,17,5013,0,0,0,0,1
2020-08-11,US,Kansas,Rush,10,0,0,38.52275276,-99.30863983,20165.0,329.3807641633729,0.0,10,6,0,0,6,6,3093,4,0,0,4,0
2020-08-11,US,Kansas,Russell,16,0,0,38.91462787,-98.76254297,20167.0,233.37222870478413,0.0,16,16,0,0,16,13,6907,0,0,0,0,3
2020-08-11,US,Kansas,Saline,384,5,0,38.78369175,-97.65185177,20169.0,708.1735025081143,1.3020833333333333,379,384,5,0,379,372,54401,0,0,0,0,12
2020-08-11,US,Kansas,Scott,52,0,0,38.48222076,-100.90665390000001,20171.0,1078.167115902965,0.0,52,52,0,0,52,47,4897,0,0,0,0,5
2020-08-11,US,Kansas,Sedgwick,4990,46,0,37.6842718,-97.4608198,20173.0,966.9755562531732,0.9218436873747496,4944,4945,44,0,4901,4878,513607,45,2,0,43,67
2020-08-11,US,Kansas,Seward,1243,4,0,37.19324632,-100.85072009999999,20175.0,5800.821355236138,0.3218020917135961,1239,1220,4,0,1216,1220,21780,23,0,0,23,0
2020-08-11,US,Kansas,Shawnee,1611,19,0,39.04100763,-95.75572640000001,20177.0,910.8127208480563,1.1793916821849784,1592,1588,19,0,1569,1550,177499,23,0,0,23,38
2020-08-11,US,Kansas,Sheridan,7,0,0,39.35018161,-100.44182590000001,20179.0,277.66759222530743,0.0,7,7,0,0,7,7,2533,0,0,0,0,0
2020-08-11,US,Kansas,Sherman,16,0,0,39.35147699,-101.71976240000001,20181.0,270.4073009971269,0.0,16,16,0,0,16,15,5899,0,0,0,0,1
2020-08-11,US,Kansas,Smith,3,0,0,39.78516566,-98.78566062,20183.0,83.72871895060004,0.0,3,3,0,0,3,3,3603,0,0,0,0,0
2020-08-11,US,Kansas,Stafford,6,1,0,38.03100851,-98.71762001,20185.0,144.36958614051974,16.666666666666668,5,5,1,0,4,3,4178,1,0,0,1,2
2020-08-11,US,Kansas,Stanton,20,1,0,37.56304714,-101.78435340000001,20187.0,997.0089730807578,5.0,19,20,1,0,19,18,1987,0,0,0,0,2
2020-08-11,US,Kansas,Stevens,46,0,0,37.1923008,-101.3118967,20189.0,838.6508659981769,0.0,46,46,0,0,46,45,5559,0,0,0,0,1
2020-08-11,US,Kansas,Sumner,101,3,0,37.23682549,-97.47721621,20191.0,442.28411280434403,2.9702970297029703,98,101,3,0,98,99,22996,0,0,0,0,2
2020-08-11,US,Kansas,Thomas,40,0,0,39.35107575,-101.0553705,20193.0,514.3371480005144,0.0,40,39,0,0,39,38,7711,1,0,0,1,1
2020-08-11,US,Kansas,Trego,6,1,0,38.91467218,-99.87284448,20195.0,214.05636817695327,16.666666666666668,5,6,1,0,5,6,2793,0,0,0,0,0
2020-08-11,US,Kansas,Unassigned,0,1,0,0.0,0.0,90020.0,0.0,0.0,-1,0,1,0,-1,0,,0,0,0,0,0
2020-08-11,US,Kansas,Wabaunsee,43,0,0,38.95471985,-96.20350509,20197.0,620.4010965228682,0.0,43,43,0,0,43,42,6899,0,0,0,0,1
2020-08-11,US,Kansas,Washington,1,0,0,39.78420784,-97.08753229999999,20201.0,18.49796522382538,0.0,1,1,0,0,1,1,5420,0,0,0,0,0
2020-08-11,US,Kansas,Wichita,4,0,0,38.48178252,-101.3471509,20203.0,188.76828692779614,0.0,4,4,0,0,4,4,2105,0,0,0,0,0
2020-08-11,US,Kansas,Wilson,11,0,0,37.55937174,-95.74323255,20205.0,129.03225806451613,0.0,11,11,0,0,11,11,8665,0,0,0,0,0
2020-08-11,US,Kansas,Woodson,12,0,0,37.8865336,-95.74006277,20207.0,382.4091778202677,0.0,12,12,0,0,12,11,3183,0,0,0,0,1
2020-08-11,US,Kansas,Wyandotte,4959,101,0,39.11727348,-94.76378225,20209.0,2997.6606278222075,2.0367009477717284,4858,4916,99,0,4817,4896,165324,43,2,0,41,20
2020-08-11,US,Kentucky,Adair,210,19,0,37.10459774,-85.28129668,21001.0,1093.6360795750445,9.047619047619047,191,205,19,0,186,201,19215,5,0,0,5,4
2020-08-11,US,Kentucky,Allen,227,8,0,36.75197631,-86.19457544,21003.0,1064.9777152240206,3.524229074889868,219,226,8,0,218,226,21122,1,0,0,1,0
2020-08-11,US,Kentucky,Anderson,87,1,0,38.00671029,-84.99171713,21005.0,382.4680177605838,1.1494252873563218,86,84,1,0,83,84,22663,3,0,0,3,0
2020-08-11,US,Kentucky,Ballard,36,0,0,37.05842757,-88.99427697,21007.0,456.3894523326572,0.0,36,35,0,0,35,35,7979,1,0,0,1,0
2020-08-11,US,Kentucky,Barren,375,2,0,36.96469836,-85.93338945,21009.0,847.4767791362517,0.5333333333333333,373,364,2,0,362,364,44176,11,0,0,11,0
2020-08-11,US,Kentucky,Bath,37,1,0,38.14735938,-83.74588932,21011.0,296.0,2.702702702702702,36,37,1,0,36,37,12383,0,0,0,0,0
2020-08-11,US,Kentucky,Bell,318,4,0,36.73355174,-83.67766671,21013.0,1221.5734480639214,1.2578616352201255,314,312,4,0,308,312,26569,6,0,0,6,0
2020-08-11,US,Kentucky,Boone,1111,24,0,38.97065142,-84.72615357,21015.0,831.7051077623315,2.16021602160216,1087,1104,24,0,1080,1104,131533,7,0,0,7,0
2020-08-11,US,Kentucky,Bourbon,84,1,0,38.2054607,-84.21827874,21017.0,424.49969678593084,1.1904761904761905,83,83,1,0,82,81,20184,1,0,0,1,2
2020-08-11,US,Kentucky,Boyd,193,3,0,38.36176608,-82.68652187,21019.0,413.1169998715698,1.5544041450777202,190,191,3,0,188,190,47240,2,0,0,2,1
2020-08-11,US,Kentucky,Boyle,157,0,0,37.62680923,-84.8633779,21021.0,522.2887558216902,0.0,157,154,0,0,154,154,30100,3,0,0,3,0
2020-08-11,US,Kentucky,Bracken,33,0,0,38.69158994,-84.08532444,21023.0,397.4467060098759,0.0,33,34,0,0,34,34,8239,-1,0,0,-1,0
2020-08-11,US,Kentucky,Breathitt,31,0,0,37.52333168,-83.31959161,21025.0,245.4473475851148,0.0,31,31,0,0,31,31,12726,0,0,0,0,0
2020-08-11,US,Kentucky,Breckinridge,75,2,0,37.77377239,-86.42885017,21027.0,366.2645895394833,2.6666666666666665,73,74,2,0,72,70,20388,1,0,0,1,4
2020-08-11,US,Kentucky,Bullitt,382,5,0,37.97162523,-85.68955617,21029.0,467.70165042362487,1.3089005235602094,377,373,5,0,368,374,81069,9,0,0,9,-1
2020-08-11,US,Kentucky,Butler,298,15,0,37.20946153,-86.68748787,21031.0,2313.844242565417,5.033557046979865,283,293,15,0,278,293,12772,5,0,0,5,0
2020-08-11,US,Kentucky,Caldwell,53,0,0,37.14749129,-87.86948214,21033.0,415.78410606417197,0.0,53,53,0,0,53,53,12715,0,0,0,0,0
2020-08-11,US,Kentucky,Calloway,254,4,0,36.62093411,-88.2731593,21035.0,651.2653521704573,1.5748031496062993,250,244,4,0,240,242,39135,10,0,0,10,2
2020-08-11,US,Kentucky,Campbell,582,13,0,38.94384345,-84.37875208,21037.0,621.9011796888358,2.233676975945017,569,571,13,0,558,569,93152,11,0,0,11,2
2020-08-11,US,Kentucky,Carlisle,45,1,0,36.85372876,-88.96692220000001,21039.0,945.3781512605043,2.2222222222222223,44,43,1,0,42,43,4771,2,0,0,2,0
2020-08-11,US,Kentucky,Carroll,159,2,0,38.66599534,-85.12601074,21041.0,1495.6259994356128,1.2578616352201255,157,158,2,0,156,158,10737,1,0,0,1,0
2020-08-11,US,Kentucky,Carter,101,1,0,38.31690743,-83.05092385,21043.0,376.90786282046486,0.99009900990099,100,101,1,0,100,101,27004,0,0,0,0,0
2020-08-11,US,Kentucky,Casey,193,10,0,37.32533118,-84.92726209,21045.0,1194.3808403985395,5.181347150259066,183,189,10,0,179,188,15888,4,0,0,4,1
2020-08-11,US,Kentucky,Christian,511,8,0,36.89267803,-87.49055367,21047.0,725.223882715261,1.5655577299412915,503,502,8,0,494,501,71671,9,0,0,9,1
2020-08-11,US,Kentucky,Clark,166,7,0,37.9689263,-84.14615986,21049.0,457.7668698122053,4.216867469879518,159,166,7,0,159,166,36249,0,0,0,0,0
2020-08-11,US,Kentucky,Clay,157,5,0,37.16451126,-83.712575,21051.0,788.9050801467263,3.1847133757961785,152,152,5,0,147,152,20105,5,0,0,5,0
2020-08-11,US,Kentucky,Clinton,37,1,0,36.72581156,-85.13377529,21053.0,362.1060872969271,2.702702702702702,36,36,1,0,35,32,10206,1,0,0,1,4
2020-08-11,US,Kentucky,Crittenden,32,1,0,37.35839237,-88.08826090000002,21055.0,363.38859868271635,3.125,31,31,1,0,30,31,8915,1,0,0,1,0
2020-08-11,US,Kentucky,Cumberland,57,0,0,36.78926125,-85.39050034,21057.0,861.8082854550952,0.0,57,57,0,0,57,57,6659,0,0,0,0,0
2020-08-11,US,Kentucky,Daviess,769,9,0,37.73028906,-87.09019479999998,21059.0,757.5533686004472,1.1703511053315996,760,765,9,0,756,765,101104,4,0,0,4,0
2020-08-11,US,Kentucky,Edmonson,108,12,0,37.21218923,-86.23955613,21061.0,888.8888888888887,11.111111111111109,96,108,12,0,96,106,12274,0,0,0,0,2
2020-08-11,US,Kentucky,Elliott,11,0,0,38.11624059,-83.09771563,21063.0,146.33497405880004,0.0,11,11,0,0,11,11,7508,0,0,0,0,0
2020-08-11,US,Kentucky,Estill,27,0,0,37.69241417,-83.95956369,21065.0,191.40791152700984,0.0,27,22,0,0,22,22,14198,5,0,0,5,0
2020-08-11,US,Kentucky,Fayette,3182,47,0,38.0368225,-84.45576892,21067.0,984.6759419715801,1.47705845380264,3135,3149,47,0,3102,3120,323780,33,0,0,33,29
2020-08-11,US,Kentucky,Fleming,60,0,0,38.36758311,-83.69657514,21069.0,411.4944105342569,0.0,60,59,0,0,59,59,14432,1,0,0,1,0
2020-08-11,US,Kentucky,Floyd,96,2,0,37.56213922,-82.74750924,21071.0,269.7462699148613,2.083333333333333,94,95,2,0,93,95,35845,1,0,0,1,0
2020-08-11,US,Kentucky,Franklin,323,7,0,38.2379395,-84.87962551,21073.0,633.4451177658802,2.1671826625387,316,315,7,0,308,302,50815,8,0,0,8,13
2020-08-11,US,Kentucky,Fulton,85,2,0,36.55238827,-89.20140068,21075.0,1424.0241246439941,2.3529411764705883,83,83,2,0,81,84,6120,2,0,0,2,-1
2020-08-11,US,Kentucky,Gallatin,81,7,0,38.75398691,-84.8558382,21077.0,913.2934941932574,8.641975308641975,74,80,7,0,73,80,8832,1,0,0,1,0
2020-08-11,US,Kentucky,Garrard,80,0,0,37.638866799999995,-84.53289319,21079.0,452.8472772557455,0.0,80,79,0,0,79,78,17560,1,0,0,1,1
2020-08-11,US,Kentucky,Grant,124,6,0,38.64962758,-84.62415957,21081.0,494.63480793011286,4.838709677419356,118,121,5,0,116,117,25121,3,1,0,2,4
2020-08-11,US,Kentucky,Graves,560,25,0,36.72292505,-88.65143315,21083.0,1502.7102452637796,4.464285714285714,535,560,25,0,535,558,37317,0,0,0,0,2
2020-08-11,US,Kentucky,Grayson,206,11,0,37.46231118,-86.34248968,21085.0,779.5058084534758,5.339805825242719,195,202,11,0,191,201,26321,4,0,0,4,1
2020-08-11,US,Kentucky,Green,38,2,0,37.26484328,-85.5540745,21087.0,347.3174298510192,5.2631578947368425,36,37,2,0,35,36,11049,1,0,0,1,1
2020-08-11,US,Kentucky,Greenup,110,1,0,38.54332505,-82.9215658,21089.0,313.40817140577815,0.9090909090909092,109,110,1,0,109,110,35268,0,0,0,0,0
2020-08-11,US,Kentucky,Hancock,50,0,0,37.83766422,-86.78280584,21091.0,573.2630130703967,0.0,50,50,0,0,50,50,8758,0,0,0,0,0
2020-08-11,US,Kentucky,Hardin,655,8,0,37.6976111,-85.96319251,21093.0,590.3134519367687,1.2213740458015268,647,629,8,0,621,619,110356,26,0,0,26,10
2020-08-11,US,Kentucky,Harlan,232,3,0,36.85699301,-83.21899516,21095.0,891.9646289888504,1.293103448275862,229,232,3,0,229,232,26409,0,0,0,0,0
2020-08-11,US,Kentucky,Harrison,121,0,0,38.44188174,-84.32869741,21097.0,640.6862225987504,0.0,121,121,0,0,121,121,18778,0,0,0,0,0
2020-08-11,US,Kentucky,Hart,103,0,0,37.29943898,-85.88461055,21099.0,541.1084843708957,0.0,103,100,0,0,100,99,18906,3,0,0,3,1
2020-08-11,US,Kentucky,Henderson,351,3,0,37.79344553,-87.57392021,21101.0,776.376907763769,0.8547008547008547,348,344,3,0,341,344,45591,7,0,0,7,0
2020-08-11,US,Kentucky,Henry,129,2,0,38.44942688,-85.11587507,21103.0,799.9503906734468,1.5503875968992251,127,120,2,0,118,120,16106,9,0,0,9,0
2020-08-11,US,Kentucky,Hickman,53,0,0,36.67948079999999,-88.97875928,21105.0,1210.0456621004566,0.0,53,49,0,0,49,48,4421,4,0,0,4,1
2020-08-11,US,Kentucky,Hopkins,428,34,0,37.30939025,-87.54670406,21107.0,957.7943875039164,7.94392523364486,394,421,33,0,388,421,45068,7,1,0,6,0
2020-08-11,US,Kentucky,Jackson,150,14,0,37.41866422,-83.99825483,21109.0,1125.3657438667567,9.333333333333334,136,150,14,0,136,150,13442,0,0,0,0,0
2020-08-11,US,Kentucky,Jefferson,8279,242,0,38.18664655,-85.65931031,21111.0,1079.742343402147,2.9230583403792725,8037,8188,237,0,7951,8084,770517,91,5,0,86,104
2020-08-11,US,Kentucky,Jessamine,350,0,0,37.87119786,-84.58252003,21113.0,646.7707659613785,0.0,350,344,0,0,344,340,53920,6,0,0,6,4
2020-08-11,US,Kentucky,Johnson,64,0,0,37.85106355,-82.8264322,21115.0,288.44420407427435,0.0,64,49,0,0,49,49,22386,15,0,0,15,0
2020-08-11,US,Kentucky,Kenton,1431,41,0,38.93950319,-84.53241199,21117.0,856.8964897783206,2.86512928022362,1390,1416,41,0,1375,1410,166051,15,0,0,15,6
2020-08-11,US,Kentucky,Knott,62,1,0,37.35388197,-82.94981134,21119.0,418.74915574766993,1.6129032258064515,61,60,1,0,59,57,15126,2,0,0,2,3
2020-08-11,US,Kentucky,Knox,243,8,0,36.89225732,-83.85403396,21121.0,780.2215443891475,3.2921810699588483,235,235,8,0,227,235,31304,8,0,0,8,0
2020-08-11,US,Kentucky,Larue,56,1,0,37.54567114,-85.70138352,21123.0,388.9429087373246,1.7857142857142858,55,56,1,0,55,54,14307,0,0,0,0,2
2020-08-11,US,Kentucky,Laurel,453,5,0,37.10975748,-84.11321779,21125.0,744.9065166987323,1.1037527593818983,448,433,5,0,428,433,60669,20,0,0,20,0
2020-08-11,US,Kentucky,Lawrence,36,0,0,38.07136018,-82.72882223,21127.0,235.03296990272247,0.0,36,36,0,0,36,36,15571,0,0,0,0,0
2020-08-11,US,Kentucky,Lee,7,0,0,37.59645942,-83.71513901,21129.0,94.55626097528031,0.0,7,6,0,0,6,6,7033,1,0,0,1,0
2020-08-11,US,Kentucky,Leslie,31,0,0,37.09246661,-83.37999606,21131.0,313.8604839526172,0.0,31,31,0,0,31,30,10143,0,0,0,0,1
2020-08-11,US,Kentucky,Letcher,60,0,0,37.12306748,-82.85346474,21133.0,278.383519695634,0.0,60,59,0,0,59,59,21899,1,0,0,1,0
2020-08-11,US,Kentucky,Lewis,41,0,0,38.53184419,-83.37735618,21135.0,308.85122410546137,0.0,41,41,0,0,41,41,13257,0,0,0,0,0
2020-08-11,US,Kentucky,Lincoln,116,2,0,37.45475628,-84.6565327,21137.0,472.52433907694814,1.7241379310344829,114,106,2,0,104,105,24644,10,0,0,10,1
2020-08-11,US,Kentucky,Livingston,35,1,0,37.21137452,-88.34797529,21139.0,380.68305416576027,2.8571428571428568,34,35,1,0,34,35,9242,0,0,0,0,0
2020-08-11,US,Kentucky,Logan,332,23,0,36.85949479,-86.877635,21141.0,1225.0018448822964,6.927710843373494,309,328,23,0,305,328,26989,4,0,0,4,0
2020-08-11,US,Kentucky,Lyon,32,4,0,37.02080035,-88.07886257,21143.0,389.768574908648,12.5,28,32,4,0,28,32,8009,0,0,0,0,0
2020-08-11,US,Kentucky,Madison,549,1,0,37.71659336,-84.27220275,21151.0,590.4051103917753,0.18214936247723126,548,516,1,0,515,505,92368,33,0,0,33,11
2020-08-11,US,Kentucky,Magoffin,40,0,0,37.70820545,-83.0657714,21153.0,328.9203190527095,0.0,40,39,0,0,39,39,12362,1,0,0,1,0
2020-08-11,US,Kentucky,Marion,124,0,0,37.55218078,-85.26898542,21155.0,643.3871218803507,0.0,124,124,0,0,124,119,19404,0,0,0,0,5
2020-08-11,US,Kentucky,Marshall,139,2,0,36.88007070000001,-88.32803576,21157.0,446.94533762057887,1.4388489208633093,137,138,2,0,136,137,31191,1,0,0,1,1
2020-08-11,US,Kentucky,Martin,37,0,0,37.79990579,-82.51247478,21159.0,330.50468959356857,0.0,37,36,0,0,36,36,11323,1,0,0,1,0
2020-08-11,US,Kentucky,Mason,55,1,0,38.59471935,-83.82151043,21161.0,322.20269478617456,1.818181818181818,54,54,1,0,53,54,17150,1,0,0,1,0
2020-08-11,US,Kentucky,McCracken,372,4,0,37.05350953,-88.70445755,21145.0,568.6508300467763,1.075268817204301,368,367,4,0,363,366,65346,5,0,0,5,1
2020-08-11,US,Kentucky,McCreary,42,0,0,36.73874143,-84.48102924,21147.0,243.74673553479198,0.0,42,41,0,0,41,40,17408,1,0,0,1,1
2020-08-11,US,Kentucky,McLean,42,1,0,37.5301951,-87.26803443,21149.0,456.1746497230368,2.380952380952381,41,42,1,0,41,42,9252,0,0,0,0,0
2020-08-11,US,Kentucky,Meade,95,2,0,37.96163597,-86.21028219,21163.0,332.49335013299736,2.1052631578947367,93,94,2,0,92,94,28715,1,0,0,1,0
2020-08-11,US,Kentucky,Menifee,28,0,0,37.94090733,-83.59985712,21165.0,431.4994606256742,0.0,28,28,0,0,28,28,6451,0,0,0,0,0
2020-08-11,US,Kentucky,Mercer,84,0,0,37.81474237,-84.87488475,21167.0,382.9845438380523,0.0,84,83,0,0,83,83,21774,1,0,0,1,0
2020-08-11,US,Kentucky,Metcalfe,61,2,0,36.99459295,-85.63123699,21169.0,605.6995333134744,3.278688524590164,59,60,2,0,58,60,10030,1,0,0,1,0
2020-08-11,US,Kentucky,Monroe,94,2,0,36.71225341,-85.71596443,21171.0,882.6291079812205,2.127659574468085,92,94,2,0,92,94,10718,0,0,0,0,0
2020-08-11,US,Kentucky,Montgomery,124,0,0,38.03253032,-83.9145241,21173.0,440.3878254075363,0.0,124,121,0,0,121,121,28203,3,0,0,3,0
2020-08-11,US,Kentucky,Morgan,30,0,0,37.92465657,-83.25558245,21175.0,225.4113757607634,0.0,30,31,0,0,31,31,13345,-1,0,0,-1,0
2020-08-11,US,Kentucky,Muhlenberg,627,11,0,37.21425819,-87.14632053,21177.0,2047.5475148585986,1.7543859649122806,616,626,11,0,615,626,30774,1,0,0,1,0
2020-08-11,US,Kentucky,Nelson,221,2,0,37.80335779,-85.4657193,21179.0,478.0135401120411,0.9049773755656108,219,218,2,0,216,216,45851,3,0,0,3,2
2020-08-11,US,Kentucky,Nicholas,20,0,0,38.33342292,-84.01889177,21181.0,275.14100976750586,0.0,20,20,0,0,20,20,7166,0,0,0,0,0
2020-08-11,US,Kentucky,Ohio,357,9,0,37.47751843,-86.85368087,21183.0,1487.871967991998,2.5210084033613445,348,356,8,0,348,356,24087,1,1,0,0,0
2020-08-11,US,Kentucky,Oldham,633,15,0,38.39791089,-85.448222,21185.0,947.618976331981,2.3696682464454977,618,632,15,0,617,632,66470,1,0,0,1,0
2020-08-11,US,Kentucky,Owen,50,0,0,38.51679143,-84.82404619,21187.0,458.67351619117517,0.0,50,48,0,0,48,48,10880,2,0,0,2,0
2020-08-11,US,Kentucky,Owsley,12,0,0,37.42823949,-83.68811419,21189.0,271.8006795016988,0.0,12,12,0,0,12,12,4472,0,0,0,0,0
2020-08-11,US,Kentucky,Pendleton,46,0,0,38.69607718,-84.35599463,21191.0,315.28444139821795,0.0,46,44,0,0,44,44,14529,2,0,0,2,0
2020-08-11,US,Kentucky,Perry,232,3,0,37.25023553,-83.22922731,21193.0,900.6910474415715,1.293103448275862,229,226,3,0,223,224,26092,6,0,0,6,2
2020-08-11,US,Kentucky,Pike,251,3,0,37.47088263,-82.39487445,21195.0,433.6858110443016,1.195219123505976,248,249,3,0,246,249,58402,2,0,0,2,0
2020-08-11,US,Kentucky,Powell,60,0,0,37.83218794,-83.82553961,21197.0,485.47617121126297,0.0,60,59,0,0,59,53,12442,1,0,0,1,6
2020-08-11,US,Kentucky,Pulaski,319,5,0,37.10466131,-84.57629079,21199.0,490.9278382246572,1.567398119122257,314,309,5,0,304,298,64623,10,0,0,10,11
2020-08-11,US,Kentucky,Robertson,3,0,0,38.51923469,-84.05055616,21201.0,142.31499051233396,0.0,3,3,0,0,3,3,2135,0,0,0,0,0
2020-08-11,US,Kentucky,Rockcastle,72,0,0,37.36642393,-84.31176452,21203.0,431.26684636118597,0.0,72,71,0,0,71,71,16750,1,0,0,1,0
2020-08-11,US,Kentucky,Rowan,75,0,0,38.19484205,-83.42088935,21205.0,306.6230580539657,0.0,75,70,0,0,70,70,24583,5,0,0,5,0
2020-08-11,US,Kentucky,Russell,116,5,0,36.99308373,-85.06070117,21207.0,647.2130781677174,4.310344827586206,111,111,5,0,106,108,17821,5,0,0,5,3
2020-08-11,US,Kentucky,Scott,388,0,0,38.29622293,-84.5816631,21209.0,680.6539891937408,0.0,388,378,0,0,378,377,56031,10,0,0,10,1
2020-08-11,US,Kentucky,Shelby,779,21,0,38.21476019,-85.194223,21211.0,1589.0176240208878,2.6957637997432604,758,774,21,0,753,773,48518,5,0,0,5,1
2020-08-11,US,Kentucky,Simpson,152,7,0,36.74058474,-86.58047435,21213.0,818.4363558044367,4.605263157894737,145,150,7,0,143,150,18529,2,0,0,2,0
2020-08-11,US,Kentucky,Spencer,123,0,0,38.03223971,-85.32749335,21215.0,635.6260658363908,0.0,123,121,0,0,121,120,18794,2,0,0,2,1
2020-08-11,US,Kentucky,Taylor,141,2,0,37.3677562,-85.3329931,21217.0,547.1690791260817,1.4184397163120568,139,137,2,0,135,131,25549,4,0,0,4,6
2020-08-11,US,Kentucky,Todd,35,0,0,36.8381152,-87.17878374,21219.0,284.691719537986,0.0,35,35,0,0,35,35,12311,0,0,0,0,0
2020-08-11,US,Kentucky,Trigg,54,0,0,36.80767017,-87.87333656,21221.0,368.5755238550271,0.0,54,54,0,0,54,54,14643,0,0,0,0,0
2020-08-11,US,Kentucky,Trimble,32,0,0,38.61056487,-85.33775972,21223.0,377.7594144729076,0.0,32,32,0,0,32,32,8515,0,0,0,0,0
2020-08-11,US,Kentucky,Union,67,0,0,37.66166713,-87.94300009,21225.0,465.89249704471183,0.0,67,65,0,0,65,65,14505,2,0,0,2,0
2020-08-11,US,Kentucky,Warren,2670,22,0,36.99903045,-86.42672751,21227.0,2009.0898145918613,0.8239700374531835,2648,2641,22,0,2619,2630,131264,29,0,0,29,11
2020-08-11,US,Kentucky,Washington,86,0,0,37.75599461,-85.17407732,21229.0,711.0376188507647,0.0,86,86,0,0,86,85,12084,0,0,0,0,1
2020-08-11,US,Kentucky,Wayne,69,0,0,36.80310688,-84.8251971,21231.0,339.3498254069739,0.0,69,67,0,0,67,66,20468,2,0,0,2,1
2020-08-11,US,Kentucky,Webster,89,1,0,37.52168356,-87.67989953,21233.0,687.6835110492967,1.1235955056179776,88,89,1,0,88,88,13111,0,0,0,0,1
2020-08-11,US,Kentucky,Whitley,166,1,0,36.75700531,-84.14541217,21235.0,457.75424663578207,0.6024096385542169,165,163,1,0,162,163,36242,3,0,0,3,0
2020-08-11,US,Kentucky,Wolfe,14,0,0,37.73941626,-83.49303612,21237.0,195.61268687997762,0.0,14,14,0,0,14,14,7177,0,0,0,0,0
2020-08-11,US,Kentucky,Woodford,157,0,0,38.04178222,-84.7417556,21239.0,587.267150445126,0.0,157,156,0,0,156,155,26533,1,0,0,1,1
2020-08-11,US,Louisiana,Acadia,2634,85,0,30.295064899999996,-92.41419698,22001.0,4245.305826416311,3.227031131359149,2549,2601,85,0,2516,2598,62190,33,0,0,33,3
2020-08-11,US,Louisiana,Allen,1284,30,0,30.65385745,-92.82442028,22003.0,5010.340656339016,2.336448598130841,1254,1278,30,0,1248,1276,25605,6,0,0,6,2
2020-08-11,US,Louisiana,Ascension,2930,77,0,30.20406249,-90.91328409999998,22005.0,2314.302865628258,2.627986348122867,2853,2890,74,0,2816,2871,124672,40,3,0,37,19
2020-08-11,US,Louisiana,Assumption,591,20,0,29.89946234,-91.06461642,22007.0,2699.7396190215163,3.3840947546531304,571,588,20,0,568,584,22300,3,0,0,3,4
2020-08-11,US,Louisiana,Avoyelles,1096,32,0,31.07796211,-92.00079449,22009.0,2730.171383021124,2.9197080291970803,1064,1070,32,0,1038,1070,40462,26,0,0,26,0
2020-08-11,US,Louisiana,Beauregard,837,19,0,30.64836518,-93.34173616,22011.0,2232.178574285943,2.2700119474313016,818,835,18,0,817,833,37253,2,1,0,1,2
2020-08-11,US,Louisiana,Bienville,386,30,0,32.34569994,-93.05398492,22013.0,2915.1876746469293,7.772020725388602,356,382,30,0,352,381,13308,4,0,0,4,1
2020-08-11,US,Louisiana,Bossier,2374,82,0,32.67932307,-93.60460152,22015.0,1868.7174804587567,3.454085930918281,2292,2339,81,0,2258,2333,127185,35,1,0,34,6
2020-08-11,US,Louisiana,Caddo,6739,296,0,32.57991587,-93.88375652,22017.0,2805.5319644968445,4.392343077607953,6443,6688,295,0,6393,6668,242922,51,1,0,50,20
2020-08-11,US,Louisiana,Calcasieu,6862,146,0,30.22931235,-93.35400434,22019.0,3373.050984093277,2.127659574468085,6716,6815,146,0,6669,6815,203112,47,0,0,47,0
2020-08-11,US,Louisiana,Caldwell,224,3,0,32.0902519,-92.11752148,22021.0,2258.51986287558,1.3392857142857142,221,221,3,0,218,218,9960,3,0,0,3,3
2020-08-11,US,Louisiana,Cameron,170,0,0,29.87592238,-93.19310676,22023.0,2437.9750466083465,0.0,170,169,0,0,169,168,6968,1,0,0,1,1
2020-08-11,US,Louisiana,Catahoula,296,5,0,31.66778967,-91.84526385,22025.0,3117.7585843690754,1.6891891891891893,291,295,5,0,290,293,9608,1,0,0,1,2
2020-08-11,US,Louisiana,Claiborne,282,11,0,32.82308512,-92.99526883,22027.0,1799.6171027440967,3.9007092198581566,271,277,11,0,266,274,15944,5,0,0,5,3
2020-08-11,US,Louisiana,Concordia,337,9,0,31.44817835,-91.63814433,22029.0,1749.8312477283343,2.6706231454005933,328,334,9,0,325,327,19572,3,0,0,3,7
2020-08-11,US,Louisiana,De Soto,743,26,0,32.05457447,-93.74130302,22031.0,2705.458252922113,3.499327052489906,717,727,26,0,701,722,27436,16,0,0,16,5
2020-08-11,US,Louisiana,East Baton Rouge,12377,354,0,30.53842039,-91.09777565,22033.0,2812.5774043935016,2.8601438151409875,12023,12244,350,0,11894,12187,440956,133,4,0,129,57
2020-08-11,US,Louisiana,East Carroll,521,2,0,32.73926954,-91.23425694,22035.0,7593.645241218482,0.3838771593090211,519,520,2,0,518,519,7037,1,0,0,1,1
2020-08-11,US,Louisiana,East Feliciana,603,38,0,30.84425359,-91.04976723,22037.0,3151.2934413378625,6.301824212271973,565,591,36,0,555,587,19305,12,2,0,10,4
2020-08-11,US,Louisiana,Evangeline,908,7,0,30.72985248,-92.39915924,22039.0,2718.969905674502,0.7709251101321586,901,895,7,0,888,895,33443,13,0,0,13,0
2020-08-11,US,Louisiana,Franklin,940,19,0,32.13675181,-91.67589857,22041.0,4696.4776417686735,2.0212765957446805,921,938,18,0,920,934,20156,2,1,0,1,4
2020-08-11,US,Louisiana,Grant,307,18,0,31.59882456,-92.56124347,22043.0,1371.2090758854795,5.8631921824104225,289,306,18,0,288,306,22482,1,0,0,1,0
2020-08-11,US,Louisiana,Iberia,2561,73,0,29.86803617,-91.75871777,22045.0,3667.478161248747,2.8504490433424445,2488,2539,72,0,2467,2532,70941,22,1,0,21,7
2020-08-11,US,Louisiana,Iberville,1259,49,0,30.25734305,-91.3499598,22047.0,3872.535449540156,3.891977760127085,1210,1250,48,0,1202,1237,32721,9,1,0,8,13
2020-08-11,US,Louisiana,Jackson,378,18,0,32.30251776,-92.55692092,22049.0,2400.914634146341,4.761904761904762,360,376,18,0,358,376,15902,2,0,0,2,0
2020-08-11,US,Louisiana,Jefferson,15452,529,0,29.74075478,-90.11115756,22051.0,3572.774588259232,3.4235050478902407,14923,15350,529,0,14821,15279,434051,102,0,0,102,71
2020-08-11,US,Louisiana,Jefferson Davis,1033,28,0,30.26896765,-92.81210004,22053.0,3293.1650089262944,2.7105517909002903,1005,1028,28,0,1000,1024,31582,5,0,0,5,4
2020-08-11,US,Louisiana,LaSalle,308,2,0,31.67884782,-92.15907765,22059.0,2068.2245500940107,0.6493506493506493,306,305,2,0,303,305,14917,3,0,0,3,0
2020-08-11,US,Louisiana,Lafayette,7723,96,0,30.2049055,-92.06959876,22055.0,3160.112934244446,1.2430402693253917,7627,7643,96,0,7547,7628,242782,80,0,0,80,15
2020-08-11,US,Louisiana,Lafourche,2863,99,0,29.52470226,-90.40976986,22057.0,2932.9809248673346,3.4579112818721622,2764,2839,99,0,2740,2800,98115,24,0,0,24,39
2020-08-11,US,Louisiana,Lincoln,806,31,0,32.6003154,-92.66597409999999,22061.0,1724.3592486414786,3.8461538461538463,775,805,31,0,774,797,47196,1,0,0,1,8
2020-08-11,US,Louisiana,Livingston,2975,52,0,30.44143993,-90.73061664,22063.0,2113.091221615325,1.7478991596638656,2923,2938,51,0,2887,2924,139567,37,1,0,36,14
2020-08-11,US,Louisiana,Madison,618,6,0,32.36918118,-91.23973355,22065.0,5643.3202447265085,0.9708737864077671,612,613,6,0,607,613,11161,5,0,0,5,0
2020-08-11,US,Louisiana,Morehouse,536,12,0,32.81686191,-91.80421614,22067.0,2154.8604969043977,2.238805970149253,524,531,12,0,519,529,25398,5,0,0,5,2
2020-08-11,US,Louisiana,Natchitoches,791,17,0,31.72321584,-93.09816516,22069.0,2072.959798731589,2.149178255372945,774,774,17,0,757,773,38659,17,0,0,17,1
2020-08-11,US,Louisiana,Orleans,10805,562,0,30.06971951,-89.92660315,22071.0,2769.4902395013123,5.2012956964368335,10243,10768,562,0,10206,10735,391006,37,0,0,37,33
2020-08-11,US,Louisiana,Ouachita,4923,114,0,32.47645559,-92.15704172,22073.0,3211.7902648112267,2.3156611822059716,4809,4896,113,0,4783,4870,154475,27,1,0,26,26
2020-08-11,US,Louisiana,Plaquemines,461,19,0,29.42245447,-89.60322085,22075.0,1987.3259473207745,4.121475054229935,442,460,19,0,441,458,23410,1,0,0,1,2
2020-08-11,US,Louisiana,Pointe Coupee,810,32,0,30.71409502,-91.60209535,22077.0,3727.5655775425676,3.9506172839506166,778,794,32,0,762,791,21940,16,0,0,16,3
2020-08-11,US,Louisiana,Rapides,3327,114,0,31.19778499,-92.52997303,22079.0,2566.179192891522,3.4265103697024353,3213,3304,114,0,3190,3290,130562,23,0,0,23,14
2020-08-11,US,Louisiana,Red River,244,12,0,32.09530039,-93.34213308,22081.0,2890.3103529969208,4.918032786885246,232,237,12,0,225,238,8477,7,0,0,7,-1
2020-08-11,US,Louisiana,Richland,604,8,0,32.41391005,-91.76634876,22083.0,3001.6896928734723,1.3245033112582782,596,602,8,0,594,601,20192,2,0,0,2,1
2020-08-11,US,Louisiana,Sabine,658,11,0,31.56388699,-93.55433981,22085.0,2754.982415005861,1.6717325227963526,647,647,10,0,637,645,24032,11,1,0,10,2
2020-08-11,US,Louisiana,St. Bernard,1113,24,0,29.87761636,-89.51887093,22087.0,2355.854711709424,2.1563342318059298,1089,1109,24,0,1085,1103,46721,4,0,0,4,6
2020-08-11,US,Louisiana,St. Charles,1492,52,0,29.90709658,-90.35555967,22089.0,2809.7928436911493,3.4852546916890086,1440,1484,52,0,1432,1474,52879,8,0,0,8,10
2020-08-11,US,Louisiana,St. Helena,275,2,0,30.82210324,-90.71013176,22091.0,2714.1729174891434,0.7272727272727273,273,267,2,0,265,264,10262,8,0,0,8,3
2020-08-11,US,Louisiana,St. James,722,32,0,30.02531716,-90.80212061,22093.0,3422.449753507774,4.43213296398892,690,719,32,0,687,716,21037,3,0,0,3,3
2020-08-11,US,Louisiana,St. John the Baptist,1434,92,0,30.12597499,-90.4753503,22095.0,3347.573359478955,6.4156206415620645,1342,1430,92,0,1338,1424,43184,4,0,0,4,6
2020-08-11,US,Louisiana,St. Landry,2778,91,0,30.59724262,-92.00135806,22097.0,3382.689591349667,3.2757379409647234,2687,2735,90,0,2645,2727,82764,43,1,0,42,8
2020-08-11,US,Louisiana,St. Martin,1734,46,0,30.13112107,-91.61403569,22099.0,3245.307031498569,2.65282583621684,1688,1714,46,0,1668,1711,53621,20,0,0,20,3
2020-08-11,US,Louisiana,St. Mary,1631,55,0,29.69262097,-91.44702164,22101.0,3305.098484234417,3.3721643163703248,1576,1611,55,0,1556,1597,49774,20,0,0,20,14
2020-08-11,US,Louisiana,St. Tammany,5323,215,0,30.40942847,-89.95642711,22103.0,2044.0136856373767,4.039075709186549,5108,5266,214,0,5052,5229,258111,57,1,0,56,37
2020-08-11,US,Louisiana,Tangipahoa,3540,78,0,30.62888673,-90.40664996,22105.0,2626.9312397037647,2.2033898305084745,3462,3498,77,0,3421,3477,133777,42,1,0,41,21
2020-08-11,US,Louisiana,Tensas,91,0,0,32.00760749,-91.32915234,22107.0,2099.6769727734195,0.0,91,89,0,0,89,88,4462,2,0,0,2,1
2020-08-11,US,Louisiana,Terrebonne,3072,85,0,29.37343766,-90.82626855,22109.0,2781.072052579644,2.766927083333333,2987,3057,85,0,2972,3035,111021,15,0,0,15,22
2020-08-11,US,Louisiana,Unassigned,255,118,0,0.0,0.0,90022.0,0.0,46.27450980392157,137,254,118,0,136,253,,1,0,0,1,1
2020-08-11,US,Louisiana,Union,711,35,0,32.83121059,-92.3749373,22111.0,3216.0303962366565,4.922644163150492,676,708,33,0,675,706,22330,3,2,0,1,2
2020-08-11,US,Louisiana,Vermilion,1611,27,0,29.83517605,-92.30292538,22113.0,2707.0625598628826,1.675977653631285,1584,1584,26,0,1558,1582,59830,27,1,0,26,2
2020-08-11,US,Louisiana,Vernon,772,29,0,31.10884837,-93.18153838,22115.0,1627.696135275886,3.756476683937824,743,770,28,0,742,768,48860,2,1,0,1,2
2020-08-11,US,Louisiana,Washington,1293,58,0,30.85288548,-90.03866652,22117.0,2799.0648136121576,4.485692188708431,1235,1281,58,0,1223,1265,46582,12,0,0,12,16
2020-08-11,US,Louisiana,Webster,898,14,0,32.70847669,-93.33121835,22119.0,2342.2013562858638,1.55902004454343,884,894,14,0,880,893,38798,4,0,0,4,1
2020-08-11,US,Louisiana,West Baton Rouge,727,37,0,30.46058217,-91.30989571,22121.0,2747.024371811827,5.089408528198074,690,722,37,0,685,720,26427,5,0,0,5,2
2020-08-11,US,Louisiana,West Carroll,296,6,0,32.78550125,-91.461201,22123.0,2733.1486611265004,2.0270270270270268,290,294,6,0,288,293,10982,2,0,0,2,1
2020-08-11,US,Louisiana,West Feliciana,355,17,0,30.87882871,-91.41485379999999,22125.0,2280.3186022610485,4.788732394366197,338,348,16,0,332,347,15460,7,1,0,6,1
2020-08-11,US,Louisiana,Winn,426,7,0,31.94449367,-92.63789413,22127.0,3063.8665132336023,1.6431924882629108,419,425,7,0,418,423,14134,1,0,0,1,2
2020-08-11,US,Maine,Androscoggin,565,8,0,44.1664747,-70.20380627,23001.0,521.8098026358322,1.4159292035398232,557,565,8,0,557,563,107679,0,0,0,0,2
2020-08-11,US,Maine,Aroostook,33,1,0,46.65926321,-68.59841248,23003.0,49.21333233912461,3.0303030303030303,32,33,1,0,32,33,67111,0,0,0,0,0
2020-08-11,US,Maine,Cumberland,2090,69,0,43.8370751,-70.37226999,23005.0,708.4673715182557,3.3014354066985647,2021,2089,69,0,2020,2088,293557,1,0,0,1,1
2020-08-11,US,Maine,Franklin,45,1,0,44.97330019,-70.44381045,23007.0,149.01155667406206,2.2222222222222223,44,45,1,0,44,45,29897,0,0,0,0,0
2020-08-11,US,Maine,Hancock,36,1,0,44.59816444,-68.38401854,23009.0,65.47002018658955,2.7777777777777777,35,36,1,0,35,35,54811,0,0,0,0,1
2020-08-11,US,Maine,Kennebec,171,11,0,44.40759555,-69.76738544,23011.0,139.81782799954212,6.432748538011697,160,172,11,0,161,170,122083,-1,0,0,-1,2
2020-08-11,US,Maine,Knox,27,1,0,44.11486325,-69.10529169,23013.0,67.88695564718898,3.703703703703704,26,27,1,0,26,27,39771,0,0,0,0,0
2020-08-11,US,Maine,Lincoln,35,1,0,44.05996956,-69.54227124,23015.0,101.05676502858464,2.8571428571428568,34,35,1,0,34,35,34342,0,0,0,0,0
2020-08-11,US,Maine,Oxford,55,0,0,44.49952995,-70.75682123,23017.0,94.8684777921518,0.0,55,54,0,0,54,53,57618,1,0,0,1,1
2020-08-11,US,Maine,Penobscot,151,5,0,45.40194593,-68.65020455,23019.0,99.24547151457793,3.3112582781456954,146,150,5,0,145,152,151096,1,0,0,1,-2
2020-08-11,US,Maine,Piscataquis,4,0,0,45.83839062,-69.2860223,23021.0,23.83080131069407,0.0,4,4,0,0,4,4,16800,0,0,0,0,0
2020-08-11,US,Maine,Sagadahoc,55,0,0,43.95415864,-69.85074999,23023.0,153.39134315037933,0.0,55,56,0,0,56,56,35634,-1,0,0,-1,0
2020-08-11,US,Maine,Somerset,33,1,0,45.51229767,-69.95995554,23025.0,65.36724506774425,3.0303030303030303,32,33,1,0,32,33,50592,0,0,0,0,0
2020-08-11,US,Maine,Unassigned,2,0,0,0.0,0.0,90023.0,0.0,0.0,2,2,0,0,2,2,,0,0,0,0,0
2020-08-11,US,Maine,Waldo,62,14,0,44.4858305,-69.12061935,23027.0,156.11230013848672,22.580645161290327,48,62,14,0,48,62,39694,0,0,0,0,0
2020-08-11,US,Maine,Washington,13,0,0,45.01607142,-67.62813524,23029.0,41.42898116574779,0.0,13,13,0,0,13,13,31490,0,0,0,0,0
2020-08-11,US,Maine,York,675,13,0,43.47808377,-70.71052375,23031.0,325.0803068758097,1.9259259259259256,662,675,12,0,663,673,206229,0,1,0,-1,2
2020-08-11,US,Maryland,Allegany,300,18,0,39.62357628,-78.69280486,24001.0,426.0395364689843,6.0,282,299,18,0,281,291,70975,1,0,0,1,8
2020-08-11,US,Maryland,Anne Arundel,7450,227,0,39.00670238,-76.60329337,24003.0,1286.1814050970765,3.0469798657718123,7223,7416,225,0,7191,7361,576031,34,2,0,32,55
2020-08-11,US,Maryland,Baltimore,13374,566,0,39.45784712,-76.62911955,24005.0,1616.4472968563034,4.2320921190369365,12808,13400,563,0,12837,13257,828431,-26,3,0,-29,143
2020-08-11,US,Maryland,Baltimore City,12893,431,0,39.30211911,-76.61151012,24510.0,2172.4039158199803,3.3428992476537656,12462,12704,430,0,12274,12547,621342,189,1,0,188,157
2020-08-11,US,Maryland,Calvert,713,28,0,38.53961642,-76.56820632,24009.0,770.6025398540935,3.9270687237026647,685,707,28,0,679,697,92003,6,0,0,6,10
2020-08-11,US,Maryland,Caroline,453,3,0,38.87172293,-75.82904158,24011.0,1356.0438244626714,0.6622516556291391,450,453,3,0,450,451,33304,0,0,0,0,2
2020-08-11,US,Maryland,Carroll,1567,117,0,39.56453592,-77.02373735,24013.0,930.2629313671364,7.466496490108487,1450,1554,117,0,1437,1546,168429,13,0,0,13,8
2020-08-11,US,Maryland,Cecil,708,30,0,39.56647682,-75.94627411,24015.0,688.3476739098732,4.2372881355932215,678,706,30,0,676,702,102826,2,0,0,2,4
2020-08-11,US,Maryland,Charles,2067,91,0,38.51092331,-76.98580666,24017.0,1266.1019129348206,4.402515723270441,1976,2040,91,0,1949,2024,161503,27,0,0,27,16
2020-08-11,US,Maryland,Dorchester,378,5,0,38.45413522,-76.02752426,24019.0,1183.8767264868927,1.3227513227513228,373,375,5,0,370,371,31998,3,0,0,3,4
2020-08-11,US,Maryland,Frederick,3093,121,0,39.47296601,-77.39999394,24021.0,1191.6916781931595,3.912059489169092,2972,3082,121,0,2961,3067,255648,11,0,0,11,15
2020-08-11,US,Maryland,Garrett,51,0,0,39.52786077,-79.27355126,24023.0,175.77721100158539,0.0,51,49,0,0,49,49,29163,2,0,0,2,0
2020-08-11,US,Maryland,Harford,2012,69,0,39.55010644,-76.30775940000002,24025.0,787.6574238278114,3.4294234592445334,1943,1994,69,0,1925,1968,253956,18,0,0,18,26
2020-08-11,US,Maryland,Howard,3913,112,0,39.25305293,-76.93126208,24027.0,1201.4492308637048,2.8622540250447233,3801,3881,112,0,3769,3846,323196,32,0,0,32,35
2020-08-11,US,Maryland,Kent,242,23,0,39.24976208,-76.04741541,24029.0,1246.0096797446195,9.504132231404961,219,243,23,0,220,243,19383,-1,0,0,-1,0
2020-08-11,US,Maryland,Montgomery,18558,803,0,39.13676329,-77.20358245,24031.0,1766.2712432234878,4.32697488953551,17755,18489,803,0,17686,18392,1052567,69,0,0,69,97
2020-08-11,US,Maryland,Prince George's,24009,761,0,38.83070039,-76.8496441,24033.0,2640.3043129699217,3.1696447165646218,23248,23832,755,0,23077,23697,909308,177,6,0,171,135
2020-08-11,US,Maryland,Queen Anne's,433,25,0,39.06198912,-76.03530977,24035.0,859.4509835056866,5.773672055427253,408,434,25,0,409,431,50251,-1,0,0,-1,3
2020-08-11,US,Maryland,Somerset,141,3,0,38.1163542,-75.75118623,24039.0,550.4372267332917,2.127659574468085,138,139,3,0,136,136,25675,2,0,0,2,3
2020-08-11,US,Maryland,St. Mary's,1003,52,0,38.30058422,-76.60629279999998,24037.0,883.6225883182099,5.18444666001994,951,999,52,0,947,983,112664,4,0,0,4,16
2020-08-11,US,Maryland,Talbot,403,4,0,38.76618159,-76.10882561,24041.0,1083.88693149727,0.9925558312655088,399,402,4,0,398,400,36968,1,0,0,1,2
2020-08-11,US,Maryland,Unassigned,0,19,0,0.0,0.0,90024.0,0.0,0.0,-19,0,18,0,-18,0,,0,1,0,-1,0
2020-08-11,US,Maryland,Washington,1029,31,0,39.60835778,-77.82002295,24043.0,681.2358903402207,3.012633624878523,998,1018,31,0,987,1012,150926,11,0,0,11,6
2020-08-11,US,Maryland,Wicomico,1356,45,0,38.37301947,-75.62705831,24045.0,1308.7666129390304,3.31858407079646,1311,1348,45,0,1303,1338,103195,8,0,0,8,10
2020-08-11,US,Maryland,Worcester,697,20,0,38.21274277,-75.33200012,24047.0,1333.3078276838319,2.8694404591104736,677,694,20,0,674,694,51823,3,0,0,3,0
2020-08-11,US,Massachusetts,Barnstable,1803,158,0,41.72980578,-70.28854339,25001.0,846.51861589746,8.763172490293954,1645,1802,158,0,1644,1800,213413,1,0,0,1,2
2020-08-11,US,Massachusetts,Berkshire,667,46,0,42.37428441,-73.20524838,25003.0,533.8391599436547,6.896551724137932,621,668,46,0,622,668,126348,-1,0,0,-1,0
2020-08-11,US,Massachusetts,Bristol,9408,637,0,41.79228404,-71.10872211,25005.0,1664.4934600339334,6.770833333333332,8771,9371,635,0,8736,9355,564022,37,2,0,35,16
2020-08-11,US,Massachusetts,Dukes and Nantucket,103,1,0,41.40674725,-70.68763497,0.0,358.49778984372284,0.9708737864077671,102,103,1,0,102,103,26707,0,0,0,0,0
2020-08-11,US,Massachusetts,Essex,17930,1194,0,42.6687626,-70.94687179,25009.0,2272.3989080318465,6.659230340211935,16736,17883,1194,0,16689,17846,790638,47,0,0,47,37
2020-08-11,US,Massachusetts,Franklin,411,61,0,42.58119713,-72.58602547,25011.0,585.6369335993161,14.841849148418493,350,411,61,0,350,411,70963,0,0,0,0,0
2020-08-11,US,Massachusetts,Hampden,7637,709,0,42.13440424,-72.63235561,25013.0,1637.5339857452848,9.283750163676837,6928,7619,707,0,6912,7600,470406,18,2,0,16,19
2020-08-11,US,Massachusetts,Hampshire,1184,130,0,42.33997957,-72.65898478,25015.0,736.1810607473732,10.979729729729732,1054,1179,129,0,1050,1174,161355,5,1,0,4,5
2020-08-11,US,Massachusetts,Middlesex,26565,2006,0,42.48607732,-71.39049229,25017.0,1648.26062434735,7.551289290419725,24559,26470,2005,0,24465,26420,1614714,95,1,0,94,50
2020-08-11,US,Massachusetts,Norfolk,10682,997,0,42.16073095,-71.20530408,25021.0,1511.3720773937955,9.333458153903763,9685,10639,997,0,9642,10614,705388,43,0,0,43,25
2020-08-11,US,Massachusetts,Plymouth,9288,723,0,41.94070556,-70.80802823,25023.0,1782.034604625462,7.784237726098191,8565,9258,722,0,8536,9245,518132,30,1,0,29,13
2020-08-11,US,Massachusetts,Suffolk,22017,1076,0,42.327951399999996,-71.07850442,25025.0,2738.749631487224,4.8871326702093825,20941,21929,1074,0,20855,21849,807252,88,2,0,86,80
2020-08-11,US,Massachusetts,Unassigned,326,6,0,0.0,0.0,90025.0,0.0,1.8404907975460123,320,329,6,0,323,325,,-3,0,0,-3,4
2020-08-11,US,Massachusetts,Worcester,13686,1007,0,42.35026951,-71.90493363,25027.0,1647.6808945585356,7.3578839690194355,12679,13654,1006,0,12648,13630,830839,32,1,0,31,24
2020-08-11,US,Michigan,Alcona,29,1,0,44.6846864,-83.59507875,26001.0,278.71215761653053,3.4482758620689653,28,29,1,0,28,29,10362,0,0,0,0,0
2020-08-11,US,Michigan,Alger,12,0,0,46.41292944,-86.60260122,26003.0,131.75230566534916,0.0,12,11,0,0,11,11,9097,1,0,0,1,0
2020-08-11,US,Michigan,Allegan,532,6,0,42.59147037,-85.89102866,26005.0,450.5381898866032,1.1278195488721805,526,529,6,0,523,529,117327,3,0,0,3,0
2020-08-11,US,Michigan,Alpena,130,13,0,45.03477666,-83.62212411,26007.0,457.6659038901602,10.0,117,130,13,0,117,128,28360,0,0,0,0,2
2020-08-11,US,Michigan,Antrim,41,0,0,44.99690221,-85.15503082,26009.0,175.78459955410736,0.0,41,41,0,0,41,41,23365,0,0,0,0,0
2020-08-11,US,Michigan,Arenac,43,3,0,44.0636262,-83.89277559,26011.0,288.9202445743465,6.9767441860465125,40,42,3,0,39,42,15041,1,0,0,1,0
2020-08-11,US,Michigan,Baraga,5,0,0,46.6720582,-88.36363591,26013.0,60.9087586794981,0.0,5,5,0,0,5,5,8320,0,0,0,0,0
2020-08-11,US,Michigan,Barry,194,2,0,42.59513984,-85.30834519,26015.0,315.1909017059301,1.0309278350515465,192,191,2,0,189,181,61157,3,0,0,3,10
2020-08-11,US,Michigan,Bay,650,31,0,43.70639106,-83.98731479,26017.0,630.2969183329133,4.769230769230768,619,638,31,0,607,628,103923,12,0,0,12,10
2020-08-11,US,Michigan,Benzie,30,1,0,44.63899297,-86.01608482,26019.0,168.86187098953056,3.333333333333333,29,29,1,0,28,28,17753,1,0,0,1,1
2020-08-11,US,Michigan,Berrien,1381,67,0,41.95447397,-86.41313079999998,26021.0,900.2548875170305,4.851556842867487,1314,1376,66,0,1310,1363,154141,5,1,0,4,13
2020-08-11,US,Michigan,Branch,366,2,0,41.91600556,-85.05929476,26023.0,841.0506238941102,0.5464480874316939,364,365,2,0,363,365,43622,1,0,0,1,0
2020-08-11,US,Michigan,Calhoun,802,42,0,42.24633834,-85.00493569,26025.0,597.7981350487108,5.236907730673316,760,795,42,0,753,789,134487,7,0,0,7,6
2020-08-11,US,Michigan,Cass,336,14,0,41.91522292,-85.99405727,26027.0,648.8114777839999,4.166666666666667,322,326,14,0,312,321,51653,10,0,0,10,5
2020-08-11,US,Michigan,Charlevoix,49,2,0,45.37790017,-85.19614053,26029.0,187.4306697777608,4.081632653061225,47,49,2,0,47,49,26244,0,0,0,0,0
2020-08-11,US,Michigan,Cheboygan,50,2,0,45.44787015,-84.50122149,26031.0,197.81611014401008,4.0,48,49,2,0,47,49,25413,1,0,0,1,0
2020-08-11,US,Michigan,Chippewa,42,0,0,46.29552653,-84.54353449,26033.0,112.45280998152559,0.0,42,40,0,0,40,40,37517,2,0,0,2,0
2020-08-11,US,Michigan,Clare,74,3,0,43.98794227,-84.84819859999998,26035.0,239.09531502423263,4.0540540540540535,71,72,3,0,69,71,30757,2,0,0,2,1
2020-08-11,US,Michigan,Clinton,425,13,0,42.94400871,-84.60145248,26037.0,533.9531377599095,3.0588235294117645,412,423,13,0,410,423,79332,2,0,0,2,0
2020-08-11,US,Michigan,Crawford,107,5,0,44.68255561,-84.61006219,26039.0,762.7058236510086,4.672897196261682,102,106,5,0,101,106,13901,1,0,0,1,0
2020-08-11,US,Michigan,Delta,101,3,0,45.90484910000001,-86.9080745,26041.0,282.2490498546837,2.9702970297029703,98,97,3,0,94,96,35857,4,0,0,4,1
2020-08-11,US,Michigan,Dickinson,58,2,0,46.00999672,-87.86961634,26043.0,229.8030825310036,3.4482758620689653,56,55,2,0,53,55,25383,3,0,0,3,0
2020-08-11,US,Michigan,Eaton,463,8,0,42.59599185,-84.83740035,26045.0,419.8860956941271,1.7278617710583153,455,462,8,0,454,462,109826,1,0,0,1,0
2020-08-11,US,Michigan,Emmet,64,2,0,45.52625509,-84.89083249,26047.0,191.53074966332485,3.125,62,62,2,0,60,62,33308,2,0,0,2,0
2020-08-11,US,Michigan,Federal Correctional Institution (FCI),194,5,0,0.0,0.0,0.0,0.0,2.5773195876288657,189,194,5,0,189,194,,0,0,0,0,0
2020-08-11,US,Michigan,Genesee,3674,297,0,43.02244215,-83.70589709,26049.0,905.3431013792067,8.083832335329342,3377,3664,296,0,3368,3648,406892,10,1,0,9,16
2020-08-11,US,Michigan,Gladwin,59,2,0,43.98901072,-84.38774817,26051.0,231.83622146253293,3.3898305084745757,57,59,2,0,57,58,25337,0,0,0,0,1
2020-08-11,US,Michigan,Gogebic,125,1,0,46.40862701,-89.69377193,26053.0,894.4543828264757,0.8,124,120,1,0,119,119,15096,5,0,0,5,1
2020-08-11,US,Michigan,Grand Traverse,217,5,0,44.69565625,-85.55585247,26055.0,233.11275352354758,2.3041474654377883,212,213,5,0,208,209,92573,4,0,0,4,4
2020-08-11,US,Michigan,Gratiot,157,15,0,43.29265605,-84.60505416,26057.0,385.64515732848616,9.554140127388537,142,156,15,0,141,156,40599,1,0,0,1,0
2020-08-11,US,Michigan,Hillsdale,272,25,0,41.88753639,-84.59312019,26059.0,596.4258305010417,9.191176470588236,247,271,25,0,246,267,45749,1,0,0,1,4
2020-08-11,US,Michigan,Houghton,50,0,0,46.89988536,-88.68495385,26061.0,140.1188207600045,0.0,50,50,0,0,50,50,36219,0,0,0,0,0
2020-08-11,US,Michigan,Huron,159,4,0,43.83353985,-83.04078453,26063.0,513.2177786385204,2.5157232704402515,155,158,4,0,154,156,31166,1,0,0,1,2
2020-08-11,US,Michigan,Ingham,1558,31,0,42.59716886,-84.37472069,26065.0,532.8208039506713,1.9897304236200255,1527,1554,31,0,1523,1551,292735,4,0,0,4,3
2020-08-11,US,Michigan,Ionia,274,7,0,42.94502238,-85.07413319,26067.0,423.512682195465,2.554744525547445,267,274,7,0,267,273,64210,0,0,0,0,1
2020-08-11,US,Michigan,Iosco,134,12,0,44.35486835,-83.63484895,26069.0,533.2908823178254,8.955223880597012,122,134,12,0,122,131,25081,0,0,0,0,3
2020-08-11,US,Michigan,Iron,20,1,0,46.20974132,-88.53136251,26071.0,180.73377914332195,5.0,19,20,1,0,19,19,11117,0,0,0,0,1
2020-08-11,US,Michigan,Isabella,209,9,0,43.64060976,-84.84664923,26073.0,299.1183879093199,4.30622009569378,200,207,9,0,198,207,70562,2,0,0,2,0
2020-08-11,US,Michigan,Jackson,713,34,0,42.24807035,-84.42258681,26075.0,449.81389186802096,4.768583450210379,679,711,34,0,677,709,158823,2,0,0,2,2
2020-08-11,US,Michigan,Kalamazoo,1655,83,0,42.24542231,-85.53038622,26077.0,624.3727977183041,5.015105740181268,1572,1648,83,0,1565,1639,264870,7,0,0,7,9
2020-08-11,US,Michigan,Kalkaska,54,4,0,44.68512729,-85.09085699,26079.0,299.3680008870163,7.407407407407407,50,54,4,0,50,52,17824,0,0,0,0,2
2020-08-11,US,Michigan,Kent,7600,157,0,43.03197711,-85.54934642,26081.0,1156.8524480367755,2.0657894736842106,7443,7549,157,0,7392,7523,653786,51,0,0,51,26
2020-08-11,US,Michigan,Keweenaw,3,0,0,47.63197653,-88.41434263,26083.0,141.77693761814746,0.0,3,3,0,0,3,3,2113,0,0,0,0,0
2020-08-11,US,Michigan,Lake,25,0,0,43.99050893,-85.802173,26085.0,210.9170674090948,0.0,25,23,0,0,23,22,11881,2,0,0,2,1
2020-08-11,US,Michigan,Lapeer,471,33,0,43.09052506,-83.22153148,26087.0,537.6282717134477,7.0063694267515935,438,470,33,0,437,466,88028,1,0,0,1,4
2020-08-11,US,Michigan,Leelanau,75,0,0,44.94430054,-85.80150326,26089.0,344.65327880152563,0.0,75,72,0,0,72,72,21764,3,0,0,3,0
2020-08-11,US,Michigan,Lenawee,436,12,0,41.89475156,-84.06603727,26091.0,442.8598998486557,2.7522935779816518,424,433,12,0,421,430,98266,3,0,0,3,3
2020-08-11,US,Michigan,Livingston,842,28,0,42.60302282,-83.91297209,26093.0,438.5530873199823,3.32541567695962,814,837,28,0,809,829,191224,5,0,0,5,8
2020-08-11,US,Michigan,Luce,3,0,0,46.47227431,-85.54471223,26095.0,48.16182372772515,0.0,3,6,0,0,6,3,6283,-3,0,0,-3,3
2020-08-11,US,Michigan,Mackinac,26,0,0,46.07028979,-85.04980537,26097.0,240.7630336142236,0.0,26,26,0,0,26,27,10787,0,0,0,0,-1
2020-08-11,US,Michigan,Macomb,10676,948,0,42.69158356,-82.92752801,26099.0,1221.5494317895768,8.879730236043462,9728,10545,947,0,9598,10433,874759,131,1,0,130,112
2020-08-11,US,Michigan,Manistee,40,0,0,44.33352407,-86.05626916,26101.0,162.87971333170455,0.0,40,39,0,0,39,35,24528,1,0,0,1,4
2020-08-11,US,Michigan,Marquette,173,11,0,46.4338914,-87.64043701,26103.0,259.37420351129697,6.3583815028901745,162,160,11,0,149,159,66516,13,0,0,13,1
2020-08-11,US,Michigan,Mason,103,0,0,43.99509218,-86.24988902,26105.0,353.4175130387044,0.0,103,102,0,0,102,101,29100,1,0,0,1,1
2020-08-11,US,Michigan,Mecosta,69,2,0,43.64064262,-85.32463223,26107.0,158.7922583020735,2.898550724637681,67,68,2,0,66,69,43545,1,0,0,1,-1
2020-08-11,US,Michigan,Menominee,147,0,0,45.58038692,-87.55370409,26109.0,645.3028972783143,0.0,147,141,0,0,141,134,22983,6,0,0,6,7
2020-08-11,US,Michigan,Michigan Department of Corrections (MDOC),4594,69,0,0.0,0.0,0.0,0.0,1.5019590770570308,4525,4413,69,0,4344,4412,,181,0,0,181,1
2020-08-11,US,Michigan,Midland,342,10,0,43.64330771,-84.38804374,26111.0,411.2751936120064,2.9239766081871346,332,338,10,0,328,335,83209,4,0,0,4,3
2020-08-11,US,Michigan,Missaukee,41,1,0,44.33772443,-85.09256478,26113.0,271.1998941658949,2.4390243902439024,40,41,1,0,40,41,15113,0,0,0,0,0
2020-08-11,US,Michigan,Monroe,1005,24,0,41.92734151,-83.53749864,26115.0,667.7740863787376,2.388059701492537,981,987,25,0,962,984,150439,18,-1,0,19,3
2020-08-11,US,Michigan,Montcalm,195,1,0,43.31082541,-85.15252824,26117.0,305.22163786626595,0.5128205128205128,194,192,1,0,191,191,63968,3,0,0,3,1
2020-08-11,US,Michigan,Montmorency,9,1,0,45.0275929,-84.12696227,26119.0,96.48370497427099,11.111111111111109,8,9,1,0,8,9,9265,0,0,0,0,0
2020-08-11,US,Michigan,Muskegon,1187,59,0,43.29123859,-86.15176712,26121.0,683.8897019001417,4.970513900589721,1128,1179,59,0,1120,1178,173588,8,0,0,8,1
2020-08-11,US,Michigan,Newaygo,251,0,0,43.554373999999996,-85.80070107,26123.0,512.4540628828094,0.0,251,251,0,0,251,250,48892,0,0,0,0,1
2020-08-11,US,Michigan,Oakland,15751,1131,0,42.66090111,-83.38595416,26125.0,1252.4809475947532,7.180496476414197,14620,15615,1129,0,14486,15501,1259201,136,2,0,134,114
2020-08-11,US,Michigan,Oceana,479,6,0,43.64124435,-86.26726673,26127.0,1809.8008841198475,1.2526096033402925,473,478,6,0,472,475,26625,1,0,0,1,3
2020-08-11,US,Michigan,Ogemaw,54,3,0,44.33481032,-84.12725175,26129.0,257.17959708529787,5.5555555555555545,51,54,2,0,52,54,20952,0,1,0,-1,0
2020-08-11,US,Michigan,Ontonagon,16,0,0,46.665226200000006,-89.31390481,26131.0,279.72027972027973,0.0,16,14,0,0,14,12,5795,2,0,0,2,2
2020-08-11,US,Michigan,Osceola,71,0,0,43.98992088,-85.32566756,26133.0,302.64279624893436,0.0,71,71,0,0,71,71,23341,0,0,0,0,0
2020-08-11,US,Michigan,Oscoda,24,1,0,44.68192279,-84.12939244,26135.0,291.2267928649436,4.166666666666667,23,24,1,0,23,24,8276,0,0,0,0,0
2020-08-11,US,Michigan,Otsego,135,11,0,45.02085831,-84.59898295,26137.0,547.2677152586347,8.148148148148149,124,135,11,0,124,135,24665,0,0,0,0,0
2020-08-11,US,Michigan,Ottawa,1852,56,0,42.95996803,-85.9969107,26139.0,634.6160435870197,3.0237580993520514,1796,1841,56,0,1785,1827,290494,11,0,0,11,14
2020-08-11,US,Michigan,Out of MI,90,1,0,0.0,0.0,80026.0,0.0,1.1111111111111112,89,89,1,0,88,84,,1,0,0,1,5
2020-08-11,US,Michigan,Presque Isle,20,1,0,45.34018577,-83.91498656,26141.0,158.8310038119441,5.0,19,20,1,0,19,20,12738,0,0,0,0,0
2020-08-11,US,Michigan,Roscommon,54,1,0,44.33473082,-84.61067651,26143.0,224.82201590407595,1.851851851851852,53,53,0,0,53,53,23884,1,1,0,0,0
2020-08-11,US,Michigan,Saginaw,2054,128,0,43.33433923,-84.05131209999998,26145.0,1077.9945313033027,6.2317429406036995,1926,2032,130,0,1902,2010,190800,22,-2,0,24,22
2020-08-11,US,Michigan,Sanilac,110,6,0,43.42406072,-82.82055898,26151.0,267.1848433325237,5.454545454545454,104,110,6,0,104,106,41182,0,0,0,0,4
2020-08-11,US,Michigan,Schoolcraft,13,0,0,46.19235734,-86.19972234,26153.0,160.6127996046454,0.0,13,13,0,0,13,13,8068,0,0,0,0,0
2020-08-11,US,Michigan,Shiawassee,350,28,0,42.95392800000001,-84.14585902,26155.0,513.7840932444732,8.0,322,343,28,0,315,341,68192,7,0,0,7,2
2020-08-11,US,Michigan,St. Clair,826,53,0,42.92655373,-82.67937954,26147.0,519.0789804434166,6.416464891041162,773,820,53,0,767,812,159337,6,0,0,6,8
2020-08-11,US,Michigan,St. Joseph,600,9,0,41.91441767,-85.52797979,26149.0,984.1873892789188,1.5,591,591,8,0,583,588,61043,9,1,0,8,3
2020-08-11,US,Michigan,Tuscola,356,29,0,43.46606813,-83.41897025,26157.0,681.4049191310172,8.146067415730338,327,356,29,0,327,350,52516,0,0,0,0,6
2020-08-11,US,Michigan,Unassigned,6,1,0,0.0,0.0,90026.0,0.0,16.666666666666668,5,7,1,0,6,14,,-1,0,0,-1,-7
2020-08-11,US,Michigan,Van Buren,457,10,0,42.25190229,-86.01939087,26159.0,603.8822892027961,2.1881838074398248,447,454,10,0,444,445,75448,3,0,0,3,9
2020-08-11,US,Michigan,Washtenaw,2582,113,0,42.253105,-83.83853204,26161.0,702.3919956692174,4.376452362509681,2469,2551,113,0,2438,2542,370963,31,0,0,31,9
2020-08-11,US,Michigan,Wayne,28423,2828,0,42.28098405,-83.281255,26163.0,1624.7814179380487,9.949688632445556,25595,28273,2826,0,25447,28163,1753893,150,2,0,148,110
2020-08-11,US,Michigan,Wexford,69,4,0,44.33853602,-85.57712739,26165.0,205.16785108976842,5.797101449275362,65,69,4,0,65,69,33466,0,0,0,0,0
2020-08-11,US,Minnesota,Aitkin,41,1,0,46.60962049,-93.41168259999999,27001.0,258.0888832934659,2.4390243902439024,40,40,1,0,39,40,15902,1,0,0,1,0
2020-08-11,US,Minnesota,Anoka,3752,115,0,45.27476015,-93.24604565,27003.0,1051.213013524001,3.065031982942431,3637,3739,115,0,3624,3683,353813,13,0,0,13,56
2020-08-11,US,Minnesota,Becker,161,1,0,46.93479392,-95.67158144,27005.0,467.7105423699271,0.6211180124223602,160,161,1,0,160,157,34371,0,0,0,0,4
2020-08-11,US,Minnesota,Beltrami,244,0,0,47.97373527,-94.93732139,27007.0,517.0806137153513,0.0,244,241,0,0,241,240,46847,3,0,0,3,1
2020-08-11,US,Minnesota,Benton,320,3,0,45.69804958,-93.99514135,27009.0,782.6065690038886,0.9375,317,320,3,0,317,320,40545,0,0,0,0,0
2020-08-11,US,Minnesota,Big Stone,22,0,0,45.42712824,-96.41403739,27011.0,440.7934281707073,0.0,22,22,0,0,22,22,4989,0,0,0,0,0
2020-08-11,US,Minnesota,Blue Earth,932,5,0,44.03554215,-94.06699781,27013.0,1377.6181396242596,0.5364806866952789,927,927,5,0,922,918,67427,5,0,0,5,9
2020-08-11,US,Minnesota,Brown,89,2,0,44.24205652,-94.72562874,27015.0,355.88611644273834,2.247191011235955,87,89,2,0,87,89,25111,0,0,0,0,0
2020-08-11,US,Minnesota,Carlton,142,0,0,46.59180601,-92.67601019,27017.0,395.86295336065353,0.0,142,138,0,0,138,137,35837,4,0,0,4,1
2020-08-11,US,Minnesota,Carver,878,3,0,44.82017001,-93.80099179999999,27019.0,835.4823054744072,0.3416856492027335,875,873,3,0,870,861,103551,5,0,0,5,12
2020-08-11,US,Minnesota,Cass,74,2,0,46.95043611,-94.32603968,27021.0,248.497263172034,2.702702702702702,72,73,2,0,71,72,29519,1,0,0,1,1
2020-08-11,US,Minnesota,Chippewa,107,1,0,45.02343421,-95.56403693,27023.0,906.7796610169493,0.9345794392523364,106,106,1,0,105,104,11924,1,0,0,1,2
2020-08-11,US,Minnesota,Chisago,204,1,0,45.5021011,-92.90861945,27025.0,360.5578041322752,0.4901960784313725,203,204,1,0,203,201,55922,0,0,0,0,3
2020-08-11,US,Minnesota,Clay,788,40,0,46.89289518,-96.48761922,27027.0,1226.9938650306751,5.076142131979696,748,785,40,0,745,784,63955,3,0,0,3,1
2020-08-11,US,Minnesota,Clearwater,14,0,0,47.57992111,-95.37790562,27029.0,158.76616012701294,0.0,14,14,0,0,14,14,8810,0,0,0,0,0
2020-08-11,US,Minnesota,Cook,5,0,0,47.90504893,-90.52629546,27031.0,91.52480322167307,0.0,5,5,0,0,5,5,5393,0,0,0,0,0
2020-08-11,US,Minnesota,Cottonwood,178,0,0,44.00715262,-95.18138802,27033.0,1589.853519113969,0.0,178,178,0,0,178,178,11277,0,0,0,0,0
2020-08-11,US,Minnesota,Crow Wing,238,14,0,46.48096553,-94.06755609,27035.0,365.8442856044885,5.882352941176472,224,239,14,0,225,235,64889,-1,0,0,-1,4
2020-08-11,US,Minnesota,Dakota,4507,106,0,44.67172617,-93.06299363,27037.0,1050.5313259723882,2.3518970490348345,4401,4480,106,0,4374,4414,425423,27,0,0,27,66
2020-08-11,US,Minnesota,Dodge,129,0,0,44.02238415,-92.86244324,27039.0,616.2224132989395,0.0,129,128,0,0,128,127,20822,1,0,0,1,1
2020-08-11,US,Minnesota,Douglas,144,1,0,45.93348491,-95.45335469,27041.0,377.5464723001496,0.6944444444444444,143,143,1,0,142,144,37964,1,0,0,1,-1
2020-08-11,US,Minnesota,Faribault,89,0,0,43.67381499,-93.94787458,27043.0,651.8713835787006,0.0,89,87,0,0,87,87,13758,2,0,0,2,0
2020-08-11,US,Minnesota,Fillmore,67,0,0,43.67394126,-92.08980382,27045.0,318.0329425167323,0.0,67,65,0,0,65,63,21058,2,0,0,2,2
2020-08-11,US,Minnesota,Freeborn,360,1,0,43.67385583,-93.34884422,27047.0,1188.8643043492618,0.2777777777777778,359,360,1,0,359,359,30444,0,0,0,0,1
2020-08-11,US,Minnesota,Goodhue,199,9,0,44.40849741,-92.72341949999999,27049.0,429.434613724644,4.522613065326633,190,197,9,0,188,196,46403,2,0,0,2,1
2020-08-11,US,Minnesota,Grant,56,3,0,45.93424769,-96.01139609,27051.0,937.7093101138647,5.357142857142857,53,56,3,0,53,55,6021,0,0,0,0,1
2020-08-11,US,Minnesota,Hennepin,19569,839,0,45.00761521,-93.47694895,27053.0,1545.9263115568044,4.287393326179161,18730,19472,835,0,18637,19271,1259428,97,4,0,93,201
2020-08-11,US,Minnesota,Houston,42,0,0,43.67129565,-91.49143057,27055.0,225.8064516129033,0.0,42,40,0,0,40,42,18578,2,0,0,2,-2
2020-08-11,US,Minnesota,Hubbard,35,0,0,47.10778564,-94.91693868,27057.0,162.85887115536738,0.0,35,34,0,0,34,33,21332,1,0,0,1,1
2020-08-11,US,Minnesota,Isanti,129,0,0,45.56181234,-93.29487636,27059.0,317.76529707360334,0.0,129,128,0,0,128,125,39966,1,0,0,1,3
2020-08-11,US,Minnesota,Itasca,146,12,0,47.51009045,-93.63092229,27061.0,323.5098604032794,8.219178082191782,134,147,12,0,135,147,45108,-1,0,0,-1,0
2020-08-11,US,Minnesota,Jackson,79,0,0,43.67423373,-95.15398258,27063.0,802.3562868169815,0.0,79,86,0,0,86,86,9911,-7,0,0,-7,0
2020-08-11,US,Minnesota,Kanabec,37,1,0,45.9459309,-93.29275192,27065.0,226.4797698475853,2.702702702702702,36,37,1,0,36,36,16207,0,0,0,0,1
2020-08-11,US,Minnesota,Kandiyohi,702,1,0,45.1526059,-95.00586446,27067.0,1625.0376166114954,0.14245014245014245,701,698,1,0,697,696,42855,4,0,0,4,2
2020-08-11,US,Minnesota,Kittson,3,0,0,48.77754106,-96.78317184,27069.0,69.79990693345742,0.0,3,3,0,0,3,3,4248,0,0,0,0,0
2020-08-11,US,Minnesota,Koochiching,79,3,0,48.24539665,-93.78352843,27071.0,646.0053970071143,3.79746835443038,76,79,3,0,76,77,12440,0,0,0,0,2
2020-08-11,US,Minnesota,Lac qui Parle,8,0,0,44.9973857,-96.17488219,27073.0,120.7911822436962,0.0,8,8,0,0,8,7,6658,0,0,0,0,1
2020-08-11,US,Minnesota,Lake,21,0,0,47.64270764,-91.44557998,27075.0,197.3498731322244,0.0,21,21,0,0,21,21,10658,0,0,0,0,0
2020-08-11,US,Minnesota,Lake of the Woods,4,0,0,48.77217001,-94.90274472,27077.0,106.951871657754,0.0,4,4,0,0,4,2,3758,0,0,0,0,2
2020-08-11,US,Minnesota,Le Sueur,226,1,0,44.37136597,-93.72844721,27079.0,782.3588465399663,0.4424778761061947,225,224,1,0,223,220,28494,2,0,0,2,4
2020-08-11,US,Minnesota,Lincoln,58,0,0,44.41311883,-96.26688165,27081.0,1028.551161553467,0.0,58,58,0,0,58,58,5673,0,0,0,0,0
2020-08-11,US,Minnesota,Lyon,425,3,0,44.41327865,-95.83806103,27083.0,1668.3677475072625,0.7058823529411765,422,425,3,0,422,425,25629,0,0,0,0,0
2020-08-11,US,Minnesota,Mahnomen,27,1,0,47.32557075,-95.80921485,27087.0,488.5109462637959,3.703703703703704,26,27,1,0,26,27,5519,0,0,0,0,0
2020-08-11,US,Minnesota,Marshall,29,0,0,48.35825983,-96.37017407,27089.0,310.62553556126824,0.0,29,29,0,0,29,29,9390,0,0,0,0,0
2020-08-11,US,Minnesota,Martin,209,5,0,43.67429718,-94.55099908,27091.0,1061.8300055885788,2.392344497607656,204,207,5,0,202,207,19785,2,0,0,2,0
2020-08-11,US,Minnesota,McLeod,202,0,0,44.82367677,-94.27287017,27085.0,562.7838297161006,0.0,202,197,0,0,197,181,35873,5,0,0,5,16
2020-08-11,US,Minnesota,Meeker,87,2,0,45.12328869,-94.52839455,27093.0,374.64473344242515,2.2988505747126435,85,86,2,0,84,85,23141,1,0,0,1,1
2020-08-11,US,Minnesota,Mille Lacs,72,3,0,45.93705297,-93.63236823,27095.0,274.00388172165765,4.166666666666667,69,71,3,0,68,71,26139,1,0,0,1,0
2020-08-11,US,Minnesota,Morrison,93,1,0,46.01265363,-94.27341528,27097.0,278.5598753968729,1.075268817204301,92,93,1,0,92,92,33169,0,0,0,0,1
2020-08-11,US,Minnesota,Mower,1105,2,0,43.67142874,-92.75234549,27099.0,2758.2247516349653,0.18099547511312214,1103,1103,2,0,1101,1101,40011,2,0,0,2,2
2020-08-11,US,Minnesota,Murray,124,1,0,44.02216709,-95.76328482,27101.0,1513.3024164022454,0.8064516129032258,123,122,1,0,121,122,8276,2,0,0,2,0
2020-08-11,US,Minnesota,Nicollet,347,13,0,44.35291112,-94.24710352,27103.0,1012.4292466592752,3.746397694524496,334,342,13,0,329,337,34220,5,0,0,5,5
2020-08-11,US,Minnesota,Nobles,1768,6,0,43.67434621,-95.75329576,27105.0,8174.210550649591,0.3393665158371041,1762,1765,6,0,1759,1764,21924,3,0,0,3,1
2020-08-11,US,Minnesota,Norman,40,0,0,47.32628443,-96.45620947,27107.0,627.4509803921569,0.0,40,41,0,0,41,40,6475,-1,0,0,-1,1
2020-08-11,US,Minnesota,Olmsted,1767,23,0,44.00374114,-92.40209944,27109.0,1116.28435875244,1.3016411997736277,1744,1747,23,0,1724,1732,156277,20,0,0,20,15
2020-08-11,US,Minnesota,Otter Tail,198,3,0,46.40846929,-95.70835255,27111.0,337.0442242876112,1.5151515151515151,195,197,3,0,194,194,58812,1,0,0,1,3
2020-08-11,US,Minnesota,Pennington,75,1,0,48.06642577,-96.0370814,27113.0,531.1990934202139,1.3333333333333333,74,75,1,0,74,75,14178,0,0,0,0,0
2020-08-11,US,Minnesota,Pine,129,0,0,46.12105238,-92.74070188,27115.0,436.12022042665404,0.0,129,129,0,0,129,129,29483,0,0,0,0,0
2020-08-11,US,Minnesota,Pipestone,158,9,0,44.02301619,-96.25841142,27117.0,1731.3171159325007,5.69620253164557,149,157,9,0,148,157,9047,1,0,0,1,0
2020-08-11,US,Minnesota,Polk,155,4,0,47.77372465,-96.40134647,27119.0,494.19716872847846,2.5806451612903225,151,154,4,0,150,153,31529,1,0,0,1,1
2020-08-11,US,Minnesota,Pope,48,0,0,45.58606667,-95.44451209,27121.0,426.7045959640857,0.0,48,48,0,0,48,48,11097,0,0,0,0,0
2020-08-11,US,Minnesota,Ramsey,7717,268,0,45.01625271,-93.09872295,27123.0,1402.272491872925,3.4728521446157834,7449,7658,267,0,7391,7572,550210,59,1,0,58,86
2020-08-11,US,Minnesota,Red Lake,24,0,0,47.87197525,-96.09561104,27125.0,591.8618988902589,0.0,24,24,0,0,24,24,3999,0,0,0,0,0
2020-08-11,US,Minnesota,Redwood,36,0,0,44.40555844,-95.25207021,27127.0,237.31048121292025,0.0,36,36,0,0,36,36,15249,0,0,0,0,0
2020-08-11,US,Minnesota,Renville,66,5,0,44.72836381,-94.94553734,27129.0,453.6706076436623,7.575757575757576,61,65,5,0,60,64,14612,1,0,0,1,1
2020-08-11,US,Minnesota,Rice,1038,8,0,44.3543376,-93.29658715,27131.0,1549.9014513528039,0.7707129094412332,1030,1038,8,0,1030,1032,66523,0,0,0,0,6
2020-08-11,US,Minnesota,Rock,85,0,0,43.67482683,-96.25296832,27133.0,912.5067096081588,0.0,85,85,0,0,85,85,9414,0,0,0,0,0
2020-08-11,US,Minnesota,Roseau,52,0,0,48.77501878,-95.81079919,27135.0,342.8948236069898,0.0,52,52,0,0,52,52,15150,0,0,0,0,0
2020-08-11,US,Minnesota,Scott,1590,20,0,44.6490231,-93.53340251,27139.0,1067.020998167945,1.2578616352201255,1570,1574,19,0,1555,1559,147381,16,1,0,15,15
2020-08-11,US,Minnesota,Sherburne,732,8,0,45.44447208,-93.77617511,27141.0,752.7921183076575,1.0928961748633879,724,732,8,0,724,723,96036,0,0,0,0,9
2020-08-11,US,Minnesota,Sibley,84,2,0,44.5796592,-94.23164924,27143.0,565.0857719475277,2.380952380952381,82,84,2,0,82,83,15028,0,0,0,0,1
2020-08-11,US,Minnesota,St. Louis,573,19,0,47.604840700000004,-92.46879855,27137.0,287.83844878685886,3.3158813263525304,554,570,19,0,551,553,199754,3,0,0,3,17
2020-08-11,US,Minnesota,Stearns,2909,20,0,45.55192576,-94.61078221,27145.0,1805.9909979823065,0.6875214850464078,2889,2906,20,0,2886,2893,159256,3,0,0,3,13
2020-08-11,US,Minnesota,Steele,351,2,0,44.02240351,-93.22627088,27147.0,957.7341810144886,0.5698005698005698,349,351,2,0,349,348,36803,0,0,0,0,3
2020-08-11,US,Minnesota,Stevens,18,0,0,45.58613007,-96.00163705,27149.0,183.5798062213157,0.0,18,18,0,0,18,18,9753,0,0,0,0,0
2020-08-11,US,Minnesota,Swift,55,1,0,45.2829032,-95.68264092,27151.0,593.5678825814807,1.818181818181818,54,55,1,0,54,53,9345,0,0,0,0,2
2020-08-11,US,Minnesota,Todd,429,2,0,46.06996226,-94.89785296,27153.0,1739.3772299708075,0.4662004662004662,427,426,2,0,424,426,24582,3,0,0,3,0
2020-08-11,US,Minnesota,Traverse,11,0,0,45.77298854,-96.47062949,27155.0,337.52684872660325,0.0,11,11,0,0,11,11,3308,0,0,0,0,0
2020-08-11,US,Minnesota,Unassigned,131,41,0,0.0,0.0,90027.0,0.0,31.297709923664122,90,134,41,0,93,134,,-3,0,0,-3,0
2020-08-11,US,Minnesota,Wabasha,93,0,0,44.28424356,-92.23121312,27157.0,430.0180330142877,0.0,93,92,0,0,92,92,21645,1,0,0,1,0
2020-08-11,US,Minnesota,Wadena,27,0,0,46.58589171,-94.96968506,27159.0,197.33957023826926,0.0,27,27,0,0,27,27,13773,0,0,0,0,0
2020-08-11,US,Minnesota,Waseca,149,0,0,44.02211116,-93.58720034,27161.0,800.5587792821835,0.0,149,149,0,0,149,148,18691,0,0,0,0,1
2020-08-11,US,Minnesota,Washington,2163,45,0,45.03864533,-92.88429635,27163.0,824.1883859167807,2.0804438280166435,2118,2155,45,0,2110,2128,259201,8,0,0,8,27
2020-08-11,US,Minnesota,Watonwan,323,0,0,43.97823903,-94.61413846,27165.0,2964.1185647425896,0.0,323,308,0,0,308,308,10980,15,0,0,15,0
2020-08-11,US,Minnesota,Wilkin,34,3,0,46.35721532,-96.4684375,27167.0,547.7686483003062,8.823529411764708,31,34,3,0,31,34,6254,0,0,0,0,0
2020-08-11,US,Minnesota,Winona,264,16,0,43.98772283,-91.78081305,27169.0,522.9379605419539,6.0606060606060606,248,264,16,0,248,261,50825,0,0,0,0,3
2020-08-11,US,Minnesota,Wright,897,5,0,45.17297924,-93.96234781,27171.0,648.2291132196825,0.5574136008918618,892,892,5,0,887,884,136349,5,0,0,5,8
2020-08-11,US,Minnesota,Yellow Medicine,52,0,0,44.71710183,-95.86842453,27173.0,535.5855391904419,0.0,52,52,0,0,52,52,9795,0,0,0,0,0
2020-08-11,US,Mississippi,Adams,632,25,0,31.47669768,-91.35326037,28001.0,2059.1014237774084,3.9556962025316458,607,629,25,0,604,623,31192,3,0,0,3,6
2020-08-11,US,Mississippi,Alcorn,435,5,0,34.88084463,-88.57996173,28003.0,1177.1710010012719,1.1494252873563218,430,434,5,0,429,428,36925,1,0,0,1,6
2020-08-11,US,Mississippi,Amite,237,6,0,31.17467303,-90.80501621,28005.0,1927.2993413027566,2.5316455696202533,231,235,6,0,229,232,12326,2,0,0,2,3
2020-08-11,US,Mississippi,Attala,527,25,0,33.08658803,-89.57838564,28007.0,2899.7468911632,4.743833017077799,502,523,25,0,498,522,18365,4,0,0,4,1
2020-08-11,US,Mississippi,Benton,145,1,0,34.81681228,-89.18945516,28009.0,1755.6604915849375,0.6896551724137931,144,143,1,0,142,144,8271,2,0,0,2,-1
2020-08-11,US,Mississippi,Bolivar,1136,35,0,33.79696941,-90.87372121,28011.0,3709.024422097427,3.080985915492957,1101,1118,34,0,1084,1113,31333,18,1,0,17,5
2020-08-11,US,Mississippi,Calhoun,425,9,0,33.93683395,-89.33686647,28013.0,2959.4039412297193,2.117647058823529,416,420,9,0,411,418,14436,5,0,0,5,2
2020-08-11,US,Mississippi,Carroll,261,11,0,33.44834567,-89.91994479,28015.0,2623.9067055393584,4.21455938697318,250,261,11,0,250,261,9911,0,0,0,0,0
2020-08-11,US,Mississippi,Chickasaw,476,19,0,33.91983202,-88.9481545,28017.0,2783.1374612641052,3.9915966386554618,457,470,19,0,451,462,17171,6,0,0,6,8
2020-08-11,US,Mississippi,Choctaw,135,4,0,33.34598242,-89.24809382,28019.0,1644.3361753958584,2.962962962962963,131,135,4,0,131,134,8278,0,0,0,0,1
2020-08-11,US,Mississippi,Claiborne,409,14,0,31.97061673,-90.90702196,28021.0,4550.511793502447,3.4229828850855744,395,409,13,0,396,407,9002,0,1,0,-1,2
2020-08-11,US,Mississippi,Clarke,336,26,0,32.04158545,-88.68896219999998,28023.0,2162.0230358406798,7.738095238095237,310,326,26,0,300,327,15604,10,0,0,10,-1
2020-08-11,US,Mississippi,Clay,401,14,0,33.65358105,-88.77784255,28025.0,2075.9991716711534,3.491271820448878,387,397,14,0,383,396,19386,4,0,0,4,1
2020-08-11,US,Mississippi,Coahoma,781,13,0,34.22772299,-90.60415045,28027.0,3530.103055505333,1.6645326504481437,768,772,13,0,759,760,22628,9,0,0,9,12
2020-08-11,US,Mississippi,Copiah,962,28,0,31.86977774,-90.44565118,28029.0,3427.7569926955284,2.9106029106029108,934,957,28,0,929,954,28543,5,0,0,5,3
2020-08-11,US,Mississippi,Covington,622,14,0,31.63225413,-89.55389939,28031.0,3337.626100021464,2.2508038585209005,608,621,13,0,608,612,18853,1,1,0,0,9
2020-08-11,US,Mississippi,DeSoto,3710,31,0,34.87625235,-89.99091418,28033.0,2006.001784314256,0.8355795148247979,3679,3680,31,0,3649,3658,182001,30,0,0,30,22
2020-08-11,US,Mississippi,Forrest,1826,56,0,31.18961454,-89.25832496,28035.0,2438.014873759964,3.0668127053669223,1770,1820,56,0,1764,1806,75036,6,0,0,6,14
2020-08-11,US,Mississippi,Franklin,131,2,0,31.47786634,-90.89672989,28037.0,1698.4312200181512,1.5267175572519085,129,131,2,0,129,127,7788,0,0,0,0,4
2020-08-11,US,Mississippi,George,595,6,0,30.86259065,-88.64436789,28039.0,2428.5714285714284,1.0084033613445378,589,589,5,0,584,581,24250,6,1,0,5,8
2020-08-11,US,Mississippi,Greene,256,12,0,31.21444233,-88.63922281,28041.0,1884.292654202856,4.6875,244,255,12,0,243,250,13586,1,0,0,1,5
2020-08-11,US,Mississippi,Grenada,851,23,0,33.77036166,-89.80245083,28043.0,4099.624241256383,2.702702702702702,828,849,21,0,828,847,21055,2,2,0,0,2
2020-08-11,US,Mississippi,Hancock,402,14,0,30.41830223,-89.48851033,28045.0,843.9704400403093,3.4825870646766166,388,395,14,0,381,390,47334,7,0,0,7,5
2020-08-11,US,Mississippi,Harrison,2601,36,0,30.51359752,-89.12467576,28047.0,1250.0,1.3840830449826989,2565,2530,36,0,2494,2520,206650,71,0,0,71,10
2020-08-11,US,Mississippi,Hinds,5700,119,0,32.2656285,-90.44435448,28049.0,2458.592132505176,2.087719298245614,5581,5656,118,0,5538,5613,237085,44,1,0,43,43
2020-08-11,US,Mississippi,Holmes,910,49,0,33.12345854,-90.08923538,28051.0,5349.794238683126,5.384615384615384,861,900,49,0,851,892,17622,10,0,0,10,8
2020-08-11,US,Mississippi,Humphreys,297,12,0,33.12825718,-90.52252707,28053.0,3683.035714285714,4.040404040404041,285,294,11,0,283,293,8257,3,1,0,2,1
2020-08-11,US,Mississippi,Issaquena,27,2,0,32.72531359,-90.97392828,28055.0,2034.6646571213266,7.407407407407407,25,26,2,0,24,26,1308,1,0,0,1,0
2020-08-11,US,Mississippi,Itawamba,387,10,0,34.27993475,-88.3606733,28057.0,1654.5532278751602,2.5839793281653747,377,375,10,0,365,359,23517,12,0,0,12,16
2020-08-11,US,Mississippi,Jackson,2314,44,0,30.54020656,-88.64184064,28059.0,1611.2298683303507,1.9014693171996544,2270,2288,43,0,2245,2276,143277,26,1,0,25,12
2020-08-11,US,Mississippi,Jasper,394,9,0,32.01922104,-89.11786866,28061.0,2404.931941646829,2.2842639593908634,385,388,9,0,379,386,16428,6,0,0,6,2
2020-08-11,US,Mississippi,Jefferson,195,7,0,31.73397872,-91.03764977,28063.0,2789.6995708154504,3.58974358974359,188,195,7,0,188,196,7106,0,0,0,0,-1
2020-08-11,US,Mississippi,Jefferson Davis,233,6,0,31.56884708,-89.82670990000004,28065.0,2093.817397555715,2.5751072961373387,227,233,6,0,227,231,11234,0,0,0,0,2
2020-08-11,US,Mississippi,Jones,1931,59,0,31.62257767,-89.16896899999998,28067.0,2835.6192546036605,3.0554117037804245,1872,1916,59,0,1857,1899,68461,15,0,0,15,17
2020-08-11,US,Mississippi,Kemper,233,14,0,32.75462946,-88.64105766,28069.0,2391.706015191952,6.008583690987124,219,234,14,0,220,233,10027,-1,0,0,-1,1
2020-08-11,US,Mississippi,Lafayette,987,19,0,34.35687874,-89.48490961,28071.0,1827.1348969806922,1.9250253292806483,968,983,17,0,966,973,54793,4,2,0,2,10
2020-08-11,US,Mississippi,Lamar,1231,15,0,31.20572971,-89.5077704,28073.0,1943.3875882102207,1.2185215272136474,1216,1226,14,0,1212,1220,62447,5,1,0,4,6
2020-08-11,US,Mississippi,Lauderdale,1415,92,0,32.40419769,-88.66229662,28075.0,1908.9376053962894,6.501766784452298,1323,1411,92,0,1319,1412,75317,4,0,0,4,-1
2020-08-11,US,Mississippi,Lawrence,323,8,0,31.55147224,-90.10841127,28077.0,2566.343556332433,2.476780185758514,315,322,8,0,314,323,12455,1,0,0,1,-1
2020-08-11,US,Mississippi,Leake,795,26,0,32.7536828,-89.52402044,28079.0,3488.9844641446502,3.2704402515723263,769,790,25,0,765,788,22763,5,1,0,4,2
2020-08-11,US,Mississippi,Lee,1521,42,0,34.291877500000005,-88.68149954,28081.0,1780.2799756542909,2.7613412228796843,1479,1479,41,0,1438,1462,85202,42,1,0,41,17
2020-08-11,US,Mississippi,Leflore,949,66,0,33.55545125,-90.29900733,28083.0,3367.2781464003124,6.954689146469969,883,947,65,0,882,933,28919,2,1,0,1,14
2020-08-11,US,Mississippi,Lincoln,834,42,0,31.53288662,-90.45391915,28085.0,2441.9523907123826,5.035971223021583,792,832,41,0,791,817,34205,2,1,0,1,15
2020-08-11,US,Mississippi,Lowndes,1092,39,0,33.47386518,-88.44191529999998,28087.0,1863.6402423414968,3.571428571428572,1053,1085,38,0,1047,1077,58930,7,1,0,6,8
2020-08-11,US,Mississippi,Madison,2455,69,0,32.63389156,-90.03513564,28089.0,2310.1099066546217,2.8105906313645623,2386,2443,68,0,2375,2422,105630,12,1,0,11,21
2020-08-11,US,Mississippi,Marion,684,20,0,31.23132643,-89.8209217,28091.0,2783.542912953241,2.9239766081871346,664,684,20,0,664,677,24715,0,0,0,0,7
2020-08-11,US,Mississippi,Marshall,712,9,0,34.76216286,-89.50299462,28093.0,2017.3400578001929,1.2640449438202248,703,701,9,0,692,695,35451,11,0,0,11,6
2020-08-11,US,Mississippi,Monroe,821,55,0,33.89236763,-88.4808438,28095.0,2328.9458754113243,6.699147381242387,766,801,55,0,746,796,35564,20,0,0,20,5
2020-08-11,US,Mississippi,Montgomery,329,5,0,33.49419589,-89.61729103,28097.0,3365.7289002557545,1.5197568389057752,324,326,5,0,321,326,10023,3,0,0,3,0
2020-08-11,US,Mississippi,Neshoba,1288,92,0,32.75339664,-89.11726492,28099.0,4423.380726698262,7.142857142857142,1196,1286,92,0,1194,1286,29125,2,0,0,2,0
2020-08-11,US,Mississippi,Newton,545,11,0,32.40021118,-89.11843336,28101.0,2593.015510514797,2.018348623853211,534,543,11,0,532,542,21443,2,0,0,2,1
2020-08-11,US,Mississippi,Noxubee,461,12,0,33.11009499,-88.56949061,28103.0,4425.458385331669,2.6030368763557483,449,459,12,0,447,457,10535,2,0,0,2,2
2020-08-11,US,Mississippi,Oktibbeha,1133,39,0,33.42491685,-88.87905132,28105.0,2284.873051404602,3.442188879082083,1094,1127,39,0,1088,1122,49599,6,0,0,6,5
2020-08-11,US,Mississippi,Panola,1068,16,0,34.36398677,-89.95064249,28107.0,3123.537669630323,1.49812734082397,1052,1062,14,0,1048,1059,34178,6,2,0,4,3
2020-08-11,US,Mississippi,Pearl River,559,40,0,30.77090935,-89.58677275,28109.0,1006.5724317997659,7.1556350626118075,519,554,39,0,515,550,55387,5,1,0,4,4
2020-08-11,US,Mississippi,Perry,242,8,0,31.17161885,-88.99281835,28111.0,2021.214399064562,3.3057851239669422,234,243,7,0,236,236,11931,-1,1,0,-2,7
2020-08-11,US,Mississippi,Pike,940,37,0,31.17507789,-90.40392572,28113.0,2392.5880676033394,3.9361702127659575,903,938,36,0,902,936,39563,2,1,0,1,2
2020-08-11,US,Mississippi,Pontotoc,842,9,0,34.226046000000004,-89.03636807,28115.0,2617.0199540001245,1.0688836104513064,833,830,8,0,822,827,31833,12,1,0,11,3
2020-08-11,US,Mississippi,Prentiss,423,10,0,34.61810501,-88.51986294,28117.0,1683.5150839767568,2.364066193853428,413,417,10,0,407,412,25315,6,0,0,6,5
2020-08-11,US,Mississippi,Quitman,269,1,0,34.25157572,-90.28908,28119.0,3960.5418138987043,0.3717472118959108,268,270,1,0,269,269,7051,-1,0,0,-1,1
2020-08-11,US,Mississippi,Rankin,2307,35,0,32.26469147,-89.94537876,28121.0,1485.7893618254534,1.517121803207629,2272,2292,35,0,2257,2283,153902,15,0,0,15,9
2020-08-11,US,Mississippi,Scott,1011,20,0,32.406704100000006,-89.53789439,28123.0,3594.7944815815667,1.9782393669634024,991,1003,20,0,983,1003,28287,8,0,0,8,0
2020-08-11,US,Mississippi,Sharkey,204,5,0,32.88149103,-90.81595379999999,28125.0,4721.129368201805,2.4509803921568634,199,199,5,0,194,197,4377,5,0,0,5,2
2020-08-11,US,Mississippi,Simpson,806,31,0,31.91282117,-89.91716179,28127.0,3023.482631855353,3.8461538461538463,775,803,30,0,773,796,26758,3,1,0,2,7
2020-08-11,US,Mississippi,Smith,406,13,0,32.01744532,-89.50644846,28129.0,2550.8921839658205,3.2019704433497536,393,406,13,0,393,405,16002,0,0,0,0,1
2020-08-11,US,Mississippi,Stone,211,5,0,30.79187949,-89.11547539,28131.0,1150.7417102966842,2.3696682464454977,206,205,5,0,200,199,18717,6,0,0,6,6
2020-08-11,US,Mississippi,Sunflower,1056,25,0,33.60192578,-90.58882684,28133.0,4205.495818399044,2.3674242424242418,1031,1054,25,0,1029,1039,25735,2,0,0,2,15
2020-08-11,US,Mississippi,Tallahatchie,541,11,0,33.95339918,-90.1729398,28135.0,3917.734810630748,2.033271719038817,530,530,11,0,519,531,13987,11,0,0,11,-1
2020-08-11,US,Mississippi,Tate,743,30,0,34.65133709,-89.94485778,28137.0,2623.494933088521,4.037685060565276,713,736,29,0,707,734,28759,7,1,0,6,2
2020-08-11,US,Mississippi,Tippah,374,14,0,34.76872156,-88.90988194,28139.0,1698.8416988416986,3.7433155080213902,360,367,13,0,354,366,21995,7,1,0,6,1
2020-08-11,US,Mississippi,Tishomingo,437,7,0,34.74023475,-88.23917219,28141.0,2254.5529587783108,1.6018306636155606,430,421,6,0,415,417,19454,16,1,0,15,4
2020-08-11,US,Mississippi,Tunica,358,7,0,34.64967704,-90.37481167,28143.0,3716.7774086378736,1.9553072625698324,351,351,7,0,344,337,9944,7,0,0,7,14
2020-08-11,US,Mississippi,Union,662,16,0,34.49162015,-89.00776006,28145.0,2297.414541037654,2.416918429003021,646,643,16,0,627,636,28606,19,0,0,19,7
2020-08-11,US,Mississippi,Walthall,502,21,0,31.14971548,-90.10446654,28147.0,3513.929721405572,4.183266932270916,481,501,20,0,481,502,14465,1,1,0,0,-1
2020-08-11,US,Mississippi,Warren,1125,35,0,32.35810271,-90.83352619,28149.0,2479.011039862497,3.111111111111111,1090,1095,33,0,1062,1093,46176,30,2,0,28,2
2020-08-11,US,Mississippi,Washington,1701,42,0,33.28392041,-90.94196237,28151.0,3873.9210640187653,2.469135802469136,1659,1689,42,0,1647,1663,45063,12,0,0,12,26
2020-08-11,US,Mississippi,Wayne,780,21,0,31.64135687,-88.69573913,28153.0,3864.638557201605,2.6923076923076925,759,774,21,0,753,767,20298,6,0,0,6,7
2020-08-11,US,Mississippi,Webster,237,12,0,33.61300486,-89.28392912,28155.0,2446.072866136856,5.063291139240507,225,235,12,0,223,234,9788,2,0,0,2,1
2020-08-11,US,Mississippi,Wilkinson,215,13,0,31.16078225,-91.31018819,28157.0,2491.3093858632683,6.046511627906978,202,211,13,0,198,212,8792,4,0,0,4,-1
2020-08-11,US,Mississippi,Winston,629,16,0,33.08747908,-89.03391385,28159.0,3503.2024505708714,2.5437201907790143,613,623,16,0,607,620,18165,6,0,0,6,3
2020-08-11,US,Mississippi,Yalobusha,316,10,0,34.02824175,-89.70762049999998,28161.0,2609.8447307565248,3.1645569620253164,306,315,10,0,305,315,12392,1,0,0,1,0
2020-08-11,US,Mississippi,Yazoo,841,13,0,32.77890365,-90.39656148,28163.0,2832.6035702256654,1.5457788347205708,828,833,12,0,821,831,28248,8,1,0,7,2
2020-08-11,US,Missouri,Adair,161,0,0,40.19058551,-92.60078167,29001.0,635.2839048257903,0.0,161,160,0,0,160,159,25339,1,0,0,1,1
2020-08-11,US,Missouri,Andrew,88,1,0,39.98492163,-94.80163024,29003.0,496.8383017163505,1.1363636363636365,87,88,1,0,87,87,17607,0,0,0,0,1
2020-08-11,US,Missouri,Atchison,19,0,0,40.43238737,-95.42970639,29005.0,369.4341823838225,0.0,19,18,0,0,18,18,5171,1,0,0,1,0
2020-08-11,US,Missouri,Audrain,205,1,0,39.215877,-91.84242683,29007.0,807.4680951630693,0.4878048780487805,204,203,1,0,202,200,25473,2,0,0,2,3
2020-08-11,US,Missouri,Barry,263,4,0,36.70978521,-93.82919888,29009.0,734.8626673000084,1.520912547528517,259,258,4,0,254,254,35886,5,0,0,5,4
2020-08-11,US,Missouri,Barton,70,0,0,37.50207671,-94.34757022,29011.0,595.5419431682832,0.0,70,69,0,0,69,68,11798,1,0,0,1,1
2020-08-11,US,Missouri,Bates,48,1,0,38.25271289,-94.34113157,29013.0,296.8093000247341,2.083333333333333,47,48,1,0,47,47,16320,0,0,0,0,1
2020-08-11,US,Missouri,Benton,107,1,0,38.29503305,-93.28756116,29015.0,550.3265956899655,0.9345794392523364,106,104,1,0,103,94,19278,3,0,0,3,10
2020-08-11,US,Missouri,Bollinger,69,1,0,37.32449052,-90.02725304,29017.0,568.6969422236874,1.4492753623188406,68,68,1,0,67,68,12169,1,0,0,1,0
2020-08-11,US,Missouri,Boone,1429,3,0,38.99186229,-92.30723575,29019.0,791.8520693992674,0.2099370188943317,1426,1397,3,0,1394,1375,180005,32,0,0,32,22
2020-08-11,US,Missouri,Buchanan,1092,10,0,39.65816401,-94.80138942,29021.0,1249.9427681882698,0.9157509157509156,1082,1091,10,0,1081,1084,88571,1,0,0,1,7
2020-08-11,US,Missouri,Butler,286,2,0,36.71462476,-90.40421163,29023.0,673.2897029050332,0.6993006993006993,284,283,2,0,281,281,42639,3,0,0,3,2
2020-08-11,US,Missouri,Caldwell,35,1,0,39.65620858,-93.98308093,29025.0,388.02660753880264,2.8571428571428568,34,35,1,0,34,35,9108,0,0,0,0,0
2020-08-11,US,Missouri,Callaway,161,1,0,38.83674754,-91.92186505,29027.0,359.8328230114208,0.6211180124223602,160,159,1,0,158,157,44889,2,0,0,2,2
2020-08-11,US,Missouri,Camden,363,5,0,38.02199522,-92.76083747,29029.0,783.9326206673145,1.3774104683195592,358,356,5,0,351,350,45815,7,0,0,7,6
2020-08-11,US,Missouri,Cape Girardeau,668,5,0,37.38489388,-89.6843587,29031.0,846.9526188332848,0.7485029940119761,663,663,5,0,658,651,78753,5,0,0,5,12
2020-08-11,US,Missouri,Carroll,101,0,0,39.42762566,-93.50626255,29033.0,1163.7285401543954,0.0,101,101,0,0,101,101,8743,0,0,0,0,0
2020-08-11,US,Missouri,Carter,22,1,0,36.94160441,-90.96051322,29035.0,367.76997659645605,4.545454545454546,21,21,1,0,20,20,6054,1,0,0,1,1
2020-08-11,US,Missouri,Cass,770,9,0,38.64789422,-94.353399,29037.0,727.9258839100019,1.1688311688311688,761,755,9,0,746,742,104954,15,0,0,15,13
2020-08-11,US,Missouri,Cedar,41,0,0,37.72391475,-93.85445441,29039.0,285.73419750505263,0.0,41,40,0,0,40,40,14165,1,0,0,1,0
2020-08-11,US,Missouri,Chariton,20,0,0,39.51499357,-92.9629191,29041.0,269.323996768112,0.0,20,18,0,0,18,17,7451,2,0,0,2,1
2020-08-11,US,Missouri,Christian,373,1,0,36.9711783,-93.18537118,29043.0,421.0169874146396,0.2680965147453083,372,364,1,0,363,351,86983,9,0,0,9,13
2020-08-11,US,Missouri,Clark,21,0,0,40.41040752,-91.73661677,29045.0,308.9598352214212,0.0,21,20,0,0,20,20,6842,1,0,0,1,0
2020-08-11,US,Missouri,Clay,1064,20,0,39.31132056,-94.41850862,29047.0,425.6885432169892,1.8796992481203008,1044,1053,20,0,1033,1037,246365,11,0,0,11,16
2020-08-11,US,Missouri,Clinton,85,0,0,39.6013098,-94.40465394,29049.0,416.9323588561338,0.0,85,84,0,0,84,82,20470,1,0,0,1,2
2020-08-11,US,Missouri,Cole,438,3,0,38.50455671,-92.27860244,29051.0,570.7212196234283,0.6849315068493149,435,427,3,0,424,410,76796,11,0,0,11,17
2020-08-11,US,Missouri,Cooper,135,0,0,38.844478,-92.80896081,29053.0,762.3242419108927,0.0,135,131,0,0,131,125,17603,4,0,0,4,6
2020-08-11,US,Missouri,Crawford,79,0,0,37.97663738,-91.30528104,29055.0,330.26755852842814,0.0,79,78,0,0,78,73,23957,1,0,0,1,5
2020-08-11,US,Missouri,Dade,15,0,0,37.431814,-93.8503345,29057.0,198.3864568178812,0.0,15,15,0,0,15,15,7569,0,0,0,0,0
2020-08-11,US,Missouri,Dallas,68,1,0,37.681135499999996,-93.02127031,29059.0,402.8913378362365,1.4705882352941178,67,69,1,0,68,67,16762,-1,0,0,-1,2
2020-08-11,US,Missouri,Daviess,17,0,0,39.96145298,-93.98519678,29061.0,205.36361439961343,0.0,17,17,0,0,17,17,8313,0,0,0,0,0
2020-08-11,US,Missouri,DeKalb,36,1,0,39.89201062,-94.40476508,29063.0,286.9211763768232,2.7777777777777777,35,36,1,0,35,35,12630,0,0,0,0,1
2020-08-11,US,Missouri,Dent,12,0,0,37.60663134,-91.50790473,29065.0,77.05644384511655,0.0,12,12,0,0,12,11,15441,0,0,0,0,1
2020-08-11,US,Missouri,Douglas,89,2,0,36.9325593,-92.49905109,29067.0,675.0094804702312,2.247191011235955,87,87,2,0,85,82,13373,2,0,0,2,5
2020-08-11,US,Missouri,Dunklin,319,4,0,36.27167174,-90.09122243,29069.0,1095.0533795612919,1.2539184952978055,315,317,4,0,313,310,29423,2,0,0,2,7
2020-08-11,US,Missouri,Franklin,642,18,0,38.41127108,-91.07522826,29071.0,617.5036309598238,2.803738317757009,624,631,18,0,613,618,103670,11,0,0,11,13
2020-08-11,US,Missouri,Gasconade,26,0,0,38.43947277,-91.50847147,29073.0,176.79858561131508,0.0,26,24,0,0,24,24,14705,2,0,0,2,0
2020-08-11,US,Missouri,Gentry,85,9,0,40.21097916,-94.40944419,29075.0,1293.5626236493683,10.588235294117649,76,85,9,0,76,83,6628,0,0,0,0,2
2020-08-11,US,Missouri,Greene,1621,10,0,37.2575872,-93.34230916,29077.0,553.079983349597,0.6169031462060457,1611,1573,10,0,1563,1515,291923,48,0,0,48,58
2020-08-11,US,Missouri,Grundy,29,1,0,40.11406587,-93.56509276,29079.0,294.4162436548223,3.4482758620689653,28,29,1,0,28,27,9914,0,0,0,0,2
2020-08-11,US,Missouri,Harrison,60,1,0,40.35570088,-93.99222144,29081.0,718.3908045977013,1.6666666666666667,59,60,1,0,59,60,8414,0,0,0,0,0
2020-08-11,US,Missouri,Henry,84,3,0,38.38482826,-93.79293734,29083.0,384.8973607038124,3.571428571428572,81,82,3,0,79,79,21792,2,0,0,2,3
2020-08-11,US,Missouri,Hickory,34,0,0,37.94163617,-93.3203037,29085.0,356.2447611064543,0.0,34,33,0,0,33,31,9509,1,0,0,1,2
2020-08-11,US,Missouri,Holt,8,0,0,40.09799248,-95.21638879999999,29087.0,181.69429934135812,0.0,8,8,0,0,8,8,4404,0,0,0,0,0
2020-08-11,US,Missouri,Howard,53,0,0,39.1435761,-92.69756691,29089.0,529.9470052994701,0.0,53,53,0,0,53,52,10137,0,0,0,0,1
2020-08-11,US,Missouri,Howell,157,2,0,36.77383887,-91.88683935,29091.0,391.35528578906684,1.2738853503184713,155,153,2,0,151,153,40076,4,0,0,4,0
2020-08-11,US,Missouri,Iron,22,0,0,37.55487945,-90.7735296,29093.0,217.283950617284,0.0,22,22,0,0,22,22,10177,0,0,0,0,0
2020-08-11,US,Missouri,Jackson,4155,66,0,39.01002188,-94.34724536,29095.0,591.0291588609566,1.5884476534296028,4089,4083,65,0,4018,4014,700307,72,1,0,71,69
2020-08-11,US,Missouri,Jasper,1780,31,0,37.20351921,-94.34050458,29097.0,1467.0974548331797,1.7415730337078652,1749,1771,31,0,1740,1761,120636,9,0,0,9,10
2020-08-11,US,Missouri,Jefferson,1663,26,0,38.25926778,-90.53870896,29099.0,738.8451268654393,1.5634395670475043,1637,1628,24,0,1604,1593,224347,35,2,0,33,35
2020-08-11,US,Missouri,Johnson,494,2,0,38.74719601,-93.80691168,29101.0,913.7656764455625,0.4048582995951417,492,489,2,0,487,487,53652,5,0,0,5,2
2020-08-11,US,Missouri,Kansas City,6885,64,0,39.0997,-94.5786,0.0,1408.139599094373,0.9295570079883806,6821,6786,63,0,6723,6648,491918,99,1,0,98,138
2020-08-11,US,Missouri,Knox,27,0,0,40.12699751,-92.14780832,29103.0,681.9904016165699,0.0,27,27,0,0,27,27,3947,0,0,0,0,0
2020-08-11,US,Missouri,Laclede,203,1,0,37.65896829,-92.5888493,29105.0,568.2613442320072,0.4926108374384237,202,202,1,0,201,200,35713,1,0,0,1,2
2020-08-11,US,Missouri,Lafayette,180,2,0,39.06986886,-93.78076396,29107.0,550.3240797358443,1.1111111111111112,178,178,2,0,176,178,32598,2,0,0,2,0
2020-08-11,US,Missouri,Lawrence,233,2,0,37.10626634,-93.83293097,29109.0,607.4827271542172,0.8583690987124464,231,230,2,0,228,228,38359,3,0,0,3,2
2020-08-11,US,Missouri,Lewis,48,1,0,40.09673161,-91.72070156,29111.0,490.9983633387889,2.083333333333333,47,46,1,0,45,46,9855,2,0,0,2,0
2020-08-11,US,Missouri,Lincoln,398,1,0,39.05345619,-90.95588181,29113.0,674.4276684798265,0.25125628140703515,397,382,1,0,381,374,57686,16,0,0,16,8
2020-08-11,US,Missouri,Linn,33,1,0,39.87001769,-93.10704106,29115.0,276.8456375838926,3.0303030303030303,32,33,1,0,32,32,12037,0,0,0,0,1
2020-08-11,US,Missouri,Livingston,63,0,0,39.78110272,-93.54645978,29117.0,413.738753529914,0.0,63,63,0,0,63,61,15146,0,0,0,0,2
2020-08-11,US,Missouri,Macon,60,0,0,39.83049768,-92.56453089,29121.0,396.90414764834287,0.0,60,59,0,0,59,58,15153,1,0,0,1,1
2020-08-11,US,Missouri,Madison,25,0,0,37.47865134,-90.34671429999999,29123.0,206.81667769688943,0.0,25,25,0,0,25,25,12188,0,0,0,0,0
2020-08-11,US,Missouri,Maries,24,0,0,38.16193985,-91.92249662,29125.0,275.9572266298724,0.0,24,24,0,0,24,23,8769,0,0,0,0,1
2020-08-11,US,Missouri,Marion,204,1,0,39.80601912,-91.62203062,29127.0,715.0368033648791,0.4901960784313725,203,201,1,0,200,193,28592,3,0,0,3,8
2020-08-11,US,Missouri,McDonald,953,7,0,36.62869595,-94.34867205,29119.0,4173.052502517844,0.7345225603357818,946,951,7,0,944,950,23078,2,0,0,2,1
2020-08-11,US,Missouri,Mercer,11,0,0,40.42212303,-93.56829590000001,29129.0,304.11943599668234,0.0,11,11,0,0,11,11,3641,0,0,0,0,0
2020-08-11,US,Missouri,Miller,135,1,0,38.21450288,-92.42610898,29131.0,526.95265232835,0.7407407407407407,134,132,1,0,131,127,25336,3,0,0,3,5
2020-08-11,US,Missouri,Mississippi,141,0,0,36.82516239,-89.29505753,29133.0,1069.8027314112292,0.0,141,140,0,0,140,135,13336,1,0,0,1,5
2020-08-11,US,Missouri,Moniteau,151,2,0,38.63571781,-92.57976951,29135.0,936.0277708901564,1.3245033112582782,149,148,2,0,146,146,16121,3,0,0,3,2
2020-08-11,US,Missouri,Monroe,31,0,0,39.49593978,-92.00043978,29137.0,358.6302637667746,0.0,31,31,0,0,31,29,8664,0,0,0,0,2
2020-08-11,US,Missouri,Montgomery,41,0,0,38.94022054,-91.47000721,29139.0,354.9476235823738,0.0,41,41,0,0,41,41,11534,0,0,0,0,0
2020-08-11,US,Missouri,Morgan,87,0,0,38.4181765,-92.88791859,29141.0,421.7772822029378,0.0,87,83,0,0,83,81,20358,4,0,0,4,2
2020-08-11,US,Missouri,New Madrid,259,2,0,36.59666326,-89.66070007,29143.0,1516.7486530803467,0.7722007722007722,257,256,1,0,255,250,17296,3,1,0,2,6
2020-08-11,US,Missouri,Newton,886,6,0,36.90519407,-94.3394104,29145.0,1521.3957002541385,0.6772009029345373,880,874,6,0,868,869,58266,12,0,0,12,5
2020-08-11,US,Missouri,Nodaway,186,0,0,40.36079813,-94.88133008,29147.0,841.9337316675719,0.0,186,186,0,0,186,179,22304,0,0,0,0,7
2020-08-11,US,Missouri,Oregon,16,0,0,36.68710164,-91.4033755,29149.0,151.96124988128028,0.0,16,16,0,0,16,16,10541,0,0,0,0,0
2020-08-11,US,Missouri,Osage,52,1,0,38.46036182,-91.8613635,29151.0,381.9316929856777,1.9230769230769231,51,49,1,0,48,48,13714,3,0,0,3,1
2020-08-11,US,Missouri,Ozark,15,0,0,36.64916339,-92.44459066,29153.0,163.50555918901242,0.0,15,14,0,0,14,12,9017,1,0,0,1,2
2020-08-11,US,Missouri,Pemiscot,237,9,0,36.2130572,-89.78742322,29155.0,1499.5254666244864,3.79746835443038,228,234,9,0,225,234,16272,3,0,0,3,0
2020-08-11,US,Missouri,Perry,235,4,0,37.70660776,-89.82741088,29157.0,1228.051839464883,1.702127659574468,231,232,4,0,228,225,19150,3,0,0,3,7
2020-08-11,US,Missouri,Pettis,560,4,0,38.72798918,-93.28471706,29159.0,1322.657597014573,0.7142857142857143,556,550,4,0,546,505,42542,10,0,0,10,45
2020-08-11,US,Missouri,Phelps,90,0,0,37.87736118,-91.79351727,29161.0,201.9159580912212,0.0,90,89,0,0,89,88,44732,1,0,0,1,1
2020-08-11,US,Missouri,Pike,110,1,0,39.34310674,-91.16980779,29163.0,601.0272101409682,0.9090909090909092,109,106,1,0,105,99,18504,4,0,0,4,7
2020-08-11,US,Missouri,Platte,373,10,0,39.38154439,-94.77068479,29165.0,357.2181041582869,2.680965147453083,363,367,10,0,357,363,102985,6,0,0,6,4
2020-08-11,US,Missouri,Polk,213,0,0,37.616229600000004,-93.39828174,29167.0,662.5400479019564,0.0,213,210,0,0,210,208,32201,3,0,0,3,2
2020-08-11,US,Missouri,Pulaski,230,1,0,37.82462075,-92.20783203,29169.0,437.2041743494212,0.43478260869565216,229,226,1,0,225,224,52014,4,0,0,4,2
2020-08-11,US,Missouri,Putnam,13,1,0,40.47942497,-93.02042674,29171.0,276.83134582623507,7.6923076923076925,12,13,1,0,12,13,4757,0,0,0,0,0
2020-08-11,US,Missouri,Ralls,34,0,0,39.52817427,-91.51838643,29173.0,329.80890484043067,0.0,34,34,0,0,34,32,10212,0,0,0,0,2
2020-08-11,US,Missouri,Randolph,73,1,0,39.44007257,-92.49713740000001,29175.0,294.973331178277,1.3698630136986298,72,71,1,0,70,69,24763,2,0,0,2,2
2020-08-11,US,Missouri,Ray,119,0,0,39.353746799999996,-93.98905745,29177.0,516.98670605613,0.0,119,119,2,0,117,116,22883,0,-2,0,2,3
2020-08-11,US,Missouri,Reynolds,16,0,0,37.36085952,-90.97009925,29179.0,255.18341307814998,0.0,16,16,0,0,16,16,6254,0,0,0,0,0
2020-08-11,US,Missouri,Ripley,54,0,0,36.65460667,-90.85990261,29181.0,406.3816977724263,0.0,54,52,0,0,52,52,13401,2,0,0,2,0
2020-08-11,US,Missouri,Saline,441,7,0,39.13734288,-93.20259964,29195.0,1937.5247133254247,1.5873015873015872,434,435,7,0,428,428,22895,6,0,0,6,7
2020-08-11,US,Missouri,Schuyler,11,0,0,40.46921489,-92.52311943,29197.0,236.05150214592274,0.0,11,11,0,0,11,11,4599,0,0,0,0,0
2020-08-11,US,Missouri,Scotland,15,1,0,40.45214695,-92.14709064,29199.0,305.9975520195838,6.666666666666668,14,16,1,0,15,15,4966,-1,0,0,-1,1
2020-08-11,US,Missouri,Scott,406,13,0,37.05588075,-89.56474493,29201.0,1060.6060606060603,3.2019704433497536,393,400,13,0,387,395,38458,6,0,0,6,5
2020-08-11,US,Missouri,Shannon,43,1,0,37.15772072,-91.40190382,29203.0,526.573597844722,2.3255813953488373,42,43,1,0,42,43,8189,0,0,0,0,0
2020-08-11,US,Missouri,Shelby,38,0,0,39.79742518,-92.07634971,29205.0,640.8094435075885,0.0,38,38,0,0,38,38,6050,0,0,0,0,0
2020-08-11,US,Missouri,St. Charles,4226,87,0,38.77875681,-90.66662425,29183.0,1051.186253488615,2.058684335068623,4139,4123,87,0,4036,4052,399182,103,0,0,103,71
2020-08-11,US,Missouri,St. Clair,24,0,0,38.03699437,-93.77631447,29185.0,255.40065978503785,0.0,24,23,0,0,23,19,9395,1,0,0,1,4
2020-08-11,US,Missouri,St. Francois,392,2,0,37.81214171,-90.47598685,29187.0,583.203154057874,0.5102040816326531,390,376,2,0,374,368,66692,16,0,0,16,8
2020-08-11,US,Missouri,St. Louis,15284,672,0,38.63770039999999,-90.4458375,29189.0,1537.3087039393286,4.396754776236588,14612,14941,671,0,14270,14785,996945,343,1,0,342,156
2020-08-11,US,Missouri,St. Louis City,5295,177,0,38.63555736,-90.24349225,29510.0,1761.6176940274677,3.3427762039660056,5118,5235,176,0,5059,5200,302838,60,1,0,59,35
2020-08-11,US,Missouri,Ste. Genevieve,57,1,0,37.89090059,-90.1949941,29186.0,318.5425282217504,1.7543859649122806,56,57,1,0,56,56,17888,0,0,0,0,1
2020-08-11,US,Missouri,Stoddard,232,9,0,36.85571651,-89.9444155,29207.0,799.3109388458224,3.8793103448275854,223,231,9,0,222,231,29206,1,0,0,1,0
2020-08-11,US,Missouri,Stone,138,1,0,36.75000327,-93.45256475,29209.0,431.8978467701552,0.7246376811594203,137,136,1,0,135,129,31749,2,0,0,2,7
2020-08-11,US,Missouri,Sullivan,145,0,0,40.2099105,-93.11150106,29211.0,2381.343406142224,0.0,145,144,0,0,144,144,6221,1,0,0,1,0
2020-08-11,US,Missouri,Taney,632,3,0,36.65465345,-93.04075153,29213.0,1130.0243169789728,0.4746835443037974,629,616,3,0,613,589,55852,16,0,0,16,27
2020-08-11,US,Missouri,Texas,57,0,0,37.31728859,-91.96564727,29215.0,224.42712024568863,0.0,57,55,0,0,55,52,25571,2,0,0,2,3
2020-08-11,US,Missouri,Vernon,54,0,0,37.8457799,-94.34127305,29217.0,262.6075961678744,0.0,54,53,0,0,53,53,20528,1,0,0,1,0
2020-08-11,US,Missouri,Warren,208,0,0,38.76529479,-91.16124662,29219.0,583.4665769025779,0.0,208,203,0,0,203,196,34711,5,0,0,5,7
2020-08-11,US,Missouri,Washington,87,1,0,37.96130078,-90.87948158,29221.0,351.7994338859685,1.1494252873563218,86,82,1,0,81,77,24943,5,0,0,5,5
2020-08-11,US,Missouri,Wayne,60,0,0,37.11303869,-90.46001416,29223.0,466.09182008855737,0.0,60,57,0,0,57,55,13122,3,0,0,3,2
2020-08-11,US,Missouri,Webster,138,1,0,37.2813734,-92.876329,29225.0,348.5552636896344,0.7246376811594203,137,137,1,0,136,135,39109,1,0,0,1,2
2020-08-11,US,Missouri,Worth,9,0,0,40.47945588,-94.42328751,29227.0,447.0938897168405,0.0,9,9,0,0,9,9,2040,0,0,0,0,0
2020-08-11,US,Missouri,Wright,62,0,0,37.27029221,-92.46914488,29229.0,339.00158565257806,0.0,62,62,0,0,62,62,18378,0,0,0,0,0
2020-08-11,US,Montana,Beaverhead,64,0,0,45.13434354,-112.89846940000001,30001.0,677.0337459007723,0.0,64,64,0,0,64,64,9404,0,0,0,0,0
2020-08-11,US,Montana,Big Horn,444,14,0,45.42335905,-107.492347,30003.0,3333.5836023725506,3.1531531531531534,430,437,13,0,424,428,13338,7,1,0,6,9
2020-08-11,US,Montana,Blaine,11,0,0,48.43175214,-108.9582723,30005.0,164.64601107618617,0.0,11,10,0,0,10,10,6807,1,0,0,1,0
2020-08-11,US,Montana,Broadwater,12,0,0,46.33277565,-111.49558130000001,30007.0,192.40019240019242,0.0,12,12,0,0,12,12,6085,0,0,0,0,0
2020-08-11,US,Montana,Carbon,73,0,0,45.22850116,-109.0274047,30009.0,680.6526806526806,0.0,73,71,0,0,71,69,10714,2,0,0,2,2
2020-08-11,US,Montana,Cascade,168,4,0,47.30797024,-111.3467922,30013.0,206.47444878696263,2.380952380952381,164,166,4,0,162,166,81643,2,0,0,2,0
2020-08-11,US,Montana,Chouteau,10,0,0,47.88084126,-110.4353362,30015.0,177.4622892635315,0.0,10,10,0,0,10,10,5745,0,0,0,0,0
2020-08-11,US,Montana,Custer,61,2,0,46.25319932,-105.57375259999998,30017.0,534.9938607261884,3.278688524590164,59,61,2,0,59,61,11586,0,0,0,0,0
2020-08-11,US,Montana,Daniels,3,0,0,48.78420029,-105.54763429999998,30019.0,177.5147928994083,0.0,3,3,0,0,3,3,1747,0,0,0,0,0
2020-08-11,US,Montana,Dawson,20,0,0,47.26584855,-104.89444170000002,30021.0,232.2071287588529,0.0,20,17,0,0,17,17,8680,3,0,0,3,0
2020-08-11,US,Montana,Deer Lodge,25,0,0,46.05953325,-113.073353,30023.0,273.52297592997814,0.0,25,25,0,0,25,25,9131,0,0,0,0,0
2020-08-11,US,Montana,Fallon,2,0,0,46.33478338,-104.41835649999999,30025.0,70.27406886858749,0.0,2,2,0,0,2,2,2920,0,0,0,0,0
2020-08-11,US,Montana,Fergus,14,0,0,47.26331584,-109.2245206,30027.0,126.69683257918552,0.0,14,14,0,0,14,13,11113,0,0,0,0,1
2020-08-11,US,Montana,Flathead,352,2,0,48.29575866,-114.05205690000001,30029.0,339.09407934030787,0.5681818181818182,350,347,2,0,345,330,102106,5,0,0,5,17
2020-08-11,US,Montana,Gallatin,948,3,0,45.54486106,-111.1692571,30031.0,828.4251184088645,0.3164556962025317,945,947,3,0,944,939,111876,1,0,0,1,8
2020-08-11,US,Montana,Garfield,12,0,0,47.27545948,-107.0002351,30033.0,953.8950715421304,0.0,12,12,0,0,12,12,1268,0,0,0,0,0
2020-08-11,US,Montana,Glacier,77,1,0,48.70513576,-112.9934235,30035.0,559.8778448338544,1.2987012987012987,76,76,1,0,75,74,13747,1,0,0,1,2
2020-08-11,US,Montana,Golden Valley,3,0,0,46.3816474,-109.17685220000001,30037.0,365.4080389768576,0.0,3,3,0,0,3,3,826,0,0,0,0,0
2020-08-11,US,Montana,Granite,17,0,0,46.40605220000001,-113.4414186,30039.0,503.1074282332051,0.0,17,16,0,0,16,16,3378,1,0,0,1,0
2020-08-11,US,Montana,Hill,43,2,0,48.62879827,-110.1129252,30041.0,260.85901480223254,4.651162790697675,41,42,2,0,40,42,16347,1,0,0,1,0
2020-08-11,US,Montana,Jefferson,29,0,0,46.14907081,-112.094396,30043.0,237.29645691841912,0.0,29,29,0,0,29,28,12097,0,0,0,0,1
2020-08-11,US,Montana,Judith Basin,3,0,0,47.04581276,-110.26606880000001,30045.0,149.47683109118088,0.0,3,3,0,0,3,3,1952,0,0,0,0,0
2020-08-11,US,Montana,Lake,183,1,0,47.64514965,-114.0898013,30047.0,600.8273688357739,0.5464480874316939,182,181,1,0,180,180,30250,2,0,0,2,1
2020-08-11,US,Montana,Lewis and Clark,162,2,0,47.12610041,-112.39469799999999,30049.0,233.32181126857932,1.2345679012345678,160,158,1,0,157,158,68700,4,1,0,3,0
2020-08-11,US,Montana,Liberty,1,0,0,48.56084317,-111.02430700000001,30051.0,42.78990158322636,0.0,1,1,0,0,1,1,2430,0,0,0,0,0
2020-08-11,US,Montana,Lincoln,77,2,0,48.54265777,-115.4046155,30053.0,385.38538538538535,2.5974025974025974,75,77,2,0,75,77,19794,0,0,0,0,0
2020-08-11,US,Montana,Madison,84,1,0,45.30080065,-111.9173017,30057.0,976.7441860465117,1.1904761904761905,83,84,1,0,83,84,8768,0,0,0,0,0
2020-08-11,US,Montana,McCone,5,0,0,47.64469406,-105.79449939999999,30055.0,300.48076923076917,0.0,5,3,0,0,3,3,1675,2,0,0,2,0
2020-08-11,US,Montana,Meagher,4,0,0,46.59907074,-110.8898557,30059.0,214.8227712137487,0.0,4,4,0,0,4,4,1866,0,0,0,0,0
2020-08-11,US,Montana,Mineral,2,0,0,47.15283992,-115.00152390000001,30061.0,45.48555833522857,0.0,2,,,,,,4316,,,,,
2020-08-11,US,Montana,Missoula,328,1,0,47.03728583,-113.92135079999998,30063.0,274.247491638796,0.3048780487804878,327,332,1,0,331,329,118791,-4,0,0,-4,3
2020-08-11,US,Montana,Musselshell,3,0,0,46.49684637,-108.39498,30065.0,64.7528599179797,0.0,3,3,0,0,3,3,4651,0,0,0,0,0
2020-08-11,US,Montana,Park,55,0,0,45.48965095,-110.52643940000002,30067.0,331.20558834156327,0.0,55,55,0,0,55,55,16736,0,0,0,0,0
2020-08-11,US,Montana,Phillips,55,0,0,48.25936577,-107.9128511,30071.0,1390.99645928174,0.0,55,28,0,0,28,28,4074,27,0,0,27,0
2020-08-11,US,Montana,Pondera,11,0,0,48.22773388,-112.22527029999999,30073.0,186.09372356623246,0.0,11,11,0,0,11,11,5972,0,0,0,0,0
2020-08-11,US,Montana,Powder River,1,0,0,45.39617714,-105.636738,30075.0,59.453032104637344,0.0,1,1,0,0,1,1,1716,0,0,0,0,0
2020-08-11,US,Montana,Powell,2,0,0,46.85538891,-112.93591640000001,30077.0,29.027576197387518,0.0,2,2,0,0,2,2,6968,0,0,0,0,0
2020-08-11,US,Montana,Prairie,1,0,0,46.86048047,-105.379384,30079.0,92.85051067780873,0.0,1,1,0,0,1,1,1087,0,0,0,0,0
2020-08-11,US,Montana,Ravalli,83,1,0,46.08520862,-114.11891640000002,30081.0,189.4717618591061,1.2048192771084338,82,83,1,0,82,83,43172,0,0,0,0,0
2020-08-11,US,Montana,Richland,47,2,0,47.78668011,-104.5610786,30083.0,435.0643339813015,4.25531914893617,45,47,2,0,45,47,10913,0,0,0,0,0
2020-08-11,US,Montana,Roosevelt,23,0,0,48.29607488,-105.00792679999999,30085.0,209.01490367139226,0.0,23,23,0,0,23,23,11059,0,0,0,0,0
2020-08-11,US,Montana,Rosebud,34,1,0,46.23397237,-106.72928799999998,30087.0,380.44086382454964,2.9411764705882355,33,34,1,0,33,34,9063,0,0,0,0,0
2020-08-11,US,Montana,Sanders,9,0,0,47.67657534,-115.1329916,30089.0,74.30033847931973,0.0,9,9,0,0,9,9,11844,0,0,0,0,0
2020-08-11,US,Montana,Sheridan,5,0,0,48.72085833,-104.50382900000001,30091.0,151.1030522816561,0.0,5,5,0,0,5,5,3424,0,0,0,0,0
2020-08-11,US,Montana,Silver Bow,101,0,0,45.90018933,-112.6620092,30093.0,289.27395102391523,0.0,101,95,0,0,95,88,34993,6,0,0,6,7
2020-08-11,US,Montana,Stillwater,26,1,0,45.67071407,-109.3950061,30095.0,269.6535988384153,3.8461538461538463,25,26,1,0,25,26,9534,0,0,0,0,0
2020-08-11,US,Montana,Sweet Grass,5,1,0,45.81367654,-109.9425686,30097.0,133.7971635001338,20.0,4,5,1,0,4,5,3710,0,0,0,0,0
2020-08-11,US,Montana,Teton,15,0,0,47.83741052,-112.24106880000001,30099.0,244.0214738897023,0.0,15,15,0,0,15,15,6162,0,0,0,0,0
2020-08-11,US,Montana,Toole,44,6,0,48.65577551,-111.69424140000001,30101.0,929.054054054054,13.636363636363635,38,45,6,0,39,45,4853,-1,0,0,-1,0
2020-08-11,US,Montana,Treasure,2,0,0,46.20973220000001,-107.26665159999999,30103.0,287.3563218390805,0.0,2,2,0,0,2,2,679,0,0,0,0,0
2020-08-11,US,Montana,Valley,23,0,0,48.36435097,-106.6669635,30105.0,310.97890751757706,0.0,23,19,0,0,19,15,7437,4,0,0,4,4
2020-08-11,US,Montana,Wheatland,3,0,0,46.46652491,-109.84646359999999,30107.0,141.11006585136406,0.0,3,3,0,0,3,3,2236,0,0,0,0,0
2020-08-11,US,Montana,Wibaux,3,0,0,46.95925154,-104.2510927,30109.0,309.59752321981426,0.0,3,3,0,0,3,3,1034,0,0,0,0,0
2020-08-11,US,Montana,Yellowstone,1316,30,0,45.93955949,-108.26914860000001,30111.0,815.8710477371358,2.2796352583586628,1286,1295,30,0,1265,1285,160137,21,0,0,21,10
2020-08-11,US,Nebraska,Adams,361,11,0,40.52449420000001,-98.50117804,31001.0,1151.0378471447248,3.0470914127423825,350,358,11,0,347,353,31511,3,0,0,3,5
2020-08-11,US,Nebraska,Antelope,19,1,0,42.17695516,-98.06662829999999,31003.0,301.6830739917434,5.2631578947368425,18,19,1,0,18,19,6336,0,0,0,0,0
2020-08-11,US,Nebraska,Arthur,1,0,0,41.56896142,-101.6959559,31005.0,215.98272138228938,0.0,1,1,0,0,1,1,465,0,0,0,0,0
2020-08-11,US,Nebraska,Banner,2,0,0,41.54634427,-103.7114332,31007.0,268.4563758389262,0.0,2,3,0,0,3,3,730,-1,0,0,-1,0
2020-08-11,US,Nebraska,Boone,8,0,0,41.70759415,-98.06737183,31011.0,154.08320493066256,0.0,8,8,0,0,8,8,5239,0,0,0,0,0
2020-08-11,US,Nebraska,Box Butte,13,0,0,42.22079243,-103.08788340000001,31013.0,120.56014096262636,0.0,13,12,0,0,12,12,10772,1,0,0,1,0
2020-08-11,US,Nebraska,Boyd,5,0,0,42.899727399999996,-98.76486568,31015.0,260.5523710265764,0.0,5,5,0,0,5,4,1955,0,0,0,0,1
2020-08-11,US,Nebraska,Buffalo,449,1,0,40.85486962,-99.07500296,31019.0,904.1664149499588,0.22271714922049002,448,435,1,0,434,415,49615,14,0,0,14,20
2020-08-11,US,Nebraska,Burt,40,0,0,41.85056773,-96.32605633,31021.0,619.2909119058678,0.0,40,40,0,0,40,33,6488,0,0,0,0,7
2020-08-11,US,Nebraska,Butler,62,0,0,41.22703692,-97.13106306,31023.0,773.4530938123752,0.0,62,60,0,0,60,60,8058,2,0,0,2,0
2020-08-11,US,Nebraska,Cass,182,2,0,40.90899107,-96.13971217,31025.0,693.3861627552576,1.0989010989010992,180,180,2,0,178,178,26159,2,0,0,2,2
2020-08-11,US,Nebraska,Cedar,23,0,0,42.598885100000004,-97.25311951,31027.0,273.74434658414657,0.0,23,22,0,0,22,22,8446,1,0,0,1,0
2020-08-11,US,Nebraska,Chase,7,0,0,40.523719799999995,-101.69780259999999,31029.0,178.38939857288483,0.0,7,7,0,0,7,6,3977,0,0,0,0,1
2020-08-11,US,Nebraska,Cherry,4,0,0,42.54502621,-101.1244332,31031.0,70.31112673580594,0.0,4,4,0,0,4,4,5761,0,0,0,0,0
2020-08-11,US,Nebraska,Cheyenne,26,0,0,41.21999357,-102.9941693,31033.0,291.8069584736251,0.0,26,26,0,0,26,26,9310,0,0,0,0,0
2020-08-11,US,Nebraska,Clay,50,0,0,40.52439441,-98.05126296,31035.0,806.0615831049491,0.0,50,50,0,0,50,50,6214,0,0,0,0,0
2020-08-11,US,Nebraska,Colfax,704,4,0,41.57486951,-97.0868542,31037.0,6573.909795499113,0.5681818181818182,700,703,4,0,699,701,10881,1,0,0,1,2
2020-08-11,US,Nebraska,Cuming,68,0,0,41.91637624,-96.78730772,31039.0,768.7090210264528,0.0,68,67,0,0,67,67,8940,1,0,0,1,0
2020-08-11,US,Nebraska,Custer,50,4,0,41.39374521,-99.72805369,31041.0,463.9510067736847,8.0,46,48,4,0,44,46,10840,2,0,0,2,2
2020-08-11,US,Nebraska,Dakota,1930,42,0,42.39040144,-96.56656425,31043.0,9637.471287326476,2.1761658031088085,1888,1928,42,0,1886,1924,20083,2,0,0,2,4
2020-08-11,US,Nebraska,Dawes,10,0,0,42.71985036,-103.1313774,31045.0,116.42798928862499,0.0,10,10,0,0,10,10,8716,0,0,0,0,0
2020-08-11,US,Nebraska,Dawson,967,9,0,40.87028216,-99.82014609999999,31047.0,4098.325916507733,0.9307135470527405,958,961,9,0,952,959,23709,6,0,0,6,2
2020-08-11,US,Nebraska,Deuel,2,0,0,41.11168186,-102.33333309999999,31049.0,111.48272017837236,0.0,2,2,0,0,2,2,1825,0,0,0,0,0
2020-08-11,US,Nebraska,Dixon,57,2,0,42.49188363,-96.86782408,31051.0,1011.3555713271824,3.5087719298245608,55,57,2,0,55,58,5709,0,0,0,0,-1
2020-08-11,US,Nebraska,Dodge,820,10,0,41.58071748,-96.65598179,31053.0,2242.5817038151235,1.2195121951219512,810,817,10,0,807,806,36791,3,0,0,3,11
2020-08-11,US,Nebraska,Douglas,11532,136,0,41.29518299,-96.15085305,31055.0,2018.4587810483315,1.1793270898369754,11396,11354,133,0,11221,11270,566880,178,3,0,175,84
2020-08-11,US,Nebraska,Dundy,1,0,0,40.17638677,-101.6876522,31057.0,59.06674542232722,0.0,1,1,0,0,1,1,1770,0,0,0,0,0
2020-08-11,US,Nebraska,Fillmore,24,1,0,40.52458567,-97.59646937,31059.0,439.3994873672647,4.166666666666667,23,24,1,0,23,24,5527,0,0,0,0,0
2020-08-11,US,Nebraska,Franklin,13,0,0,40.17636348,-98.95299073,31061.0,436.38804968110105,0.0,13,12,0,0,12,12,3023,1,0,0,1,0
2020-08-11,US,Nebraska,Frontier,3,0,0,40.52993007,-100.3924658,31063.0,114.19870574800152,0.0,3,3,0,0,3,3,2608,0,0,0,0,0
2020-08-11,US,Nebraska,Furnas,15,1,0,40.17642064,-99.91247454,31065.0,320.786997433704,6.666666666666668,14,15,1,0,14,15,4715,0,0,0,0,0
2020-08-11,US,Nebraska,Gage,90,4,0,40.26186809,-96.68946704,31067.0,418.35169432436203,4.4444444444444455,86,90,4,0,86,89,21493,0,0,0,0,1
2020-08-11,US,Nebraska,Garden,4,0,0,41.61703149,-102.3313973,31069.0,217.74632553075668,0.0,4,4,0,0,4,4,1897,0,0,0,0,0
2020-08-11,US,Nebraska,Garfield,4,0,0,41.91428955,-98.99111827,31071.0,203.14880650076182,0.0,4,4,0,0,4,3,1987,0,0,0,0,1
2020-08-11,US,Nebraska,Gosper,19,0,0,40.51481965,-99.83020279,31073.0,954.7738693467336,0.0,19,19,0,0,19,19,1996,0,0,0,0,0
2020-08-11,US,Nebraska,Greeley,10,0,0,41.56742671,-98.52150266,31077.0,424.44821731748726,0.0,10,10,0,0,10,10,2356,0,0,0,0,0
2020-08-11,US,Nebraska,Hall,1750,45,0,40.87257079,-98.50218293,31079.0,2852.346258536665,2.571428571428572,1705,1746,45,0,1701,1741,61607,4,0,0,4,5
2020-08-11,US,Nebraska,Hamilton,100,12,0,40.87349452,-98.02099117,31081.0,1072.5010725010725,12.0,88,100,12,0,88,100,9280,0,0,0,0,0
2020-08-11,US,Nebraska,Harlan,1,0,0,40.17658508,-99.40438879,31083.0,29.58579881656805,0.0,1,1,0,0,1,1,3401,0,0,0,0,0
2020-08-11,US,Nebraska,Hitchcock,1,0,0,40.17609175,-101.04164770000001,31087.0,36.205648081100655,0.0,1,1,0,0,1,1,2806,0,0,0,0,0
2020-08-11,US,Nebraska,Holt,13,0,0,42.45522056,-98.78402558,31089.0,129.1347968610311,0.0,13,13,0,0,13,13,10178,0,0,0,0,0
2020-08-11,US,Nebraska,Hooker,4,0,0,41.91586243,-101.1354293,31091.0,586.5102639296188,0.0,4,4,0,0,4,4,682,0,0,0,0,0
2020-08-11,US,Nebraska,Howard,55,4,0,41.2200529,-98.5166499,31093.0,853.3747090768037,7.272727272727272,51,55,4,0,51,55,6468,0,0,0,0,0
2020-08-11,US,Nebraska,Jefferson,18,0,0,40.17584531,-97.142601,31095.0,255.4640931024695,0.0,18,17,0,0,17,17,7097,1,0,0,1,0
2020-08-11,US,Nebraska,Johnson,14,0,0,40.39257596,-96.26522753,31097.0,276.07966870439753,0.0,14,14,0,0,14,13,5134,0,0,0,0,1
2020-08-11,US,Nebraska,Kearney,58,0,0,40.50663314,-98.94877182,31099.0,892.9946112394148,0.0,58,53,0,0,53,52,6544,5,0,0,5,1
2020-08-11,US,Nebraska,Keith,23,0,0,41.19930341,-101.66201640000001,31101.0,286.2832959920338,0.0,23,23,0,0,23,22,8021,0,0,0,0,1
2020-08-11,US,Nebraska,Kimball,15,0,0,41.19774275,-103.7148131,31105.0,412.9955947136564,0.0,15,15,0,0,15,15,3618,0,0,0,0,0
2020-08-11,US,Nebraska,Knox,36,0,0,42.63758421,-97.89178836,31107.0,432.06913106096977,0.0,36,36,0,0,36,34,8419,0,0,0,0,2
2020-08-11,US,Nebraska,Lancaster,3344,17,0,40.78416049,-96.68777155,31109.0,1047.9801936757651,0.5083732057416268,3327,3312,17,0,3295,3292,317272,32,0,0,32,20
2020-08-11,US,Nebraska,Lincoln,129,2,0,41.04658298,-100.74753740000001,31111.0,369.479291974566,1.5503875968992251,127,125,2,0,123,123,35185,4,0,0,4,2
2020-08-11,US,Nebraska,Madison,463,5,0,41.91676024,-97.6005481,31119.0,1319.1259010228212,1.079913606911447,458,461,5,0,456,453,35392,2,0,0,2,8
2020-08-11,US,Nebraska,McPherson,5,0,0,41.56797682,-101.05993620000001,31117.0,1012.1457489878543,0.0,5,5,0,0,5,5,492,0,0,0,0,0
2020-08-11,US,Nebraska,Merrick,63,0,0,41.16624273,-98.0374887,31121.0,812.3791102514508,0.0,63,62,0,0,62,62,7733,1,0,0,1,0
2020-08-11,US,Nebraska,Morrill,59,0,0,41.71711774,-103.0061405,31123.0,1271.0038776389488,0.0,59,58,0,0,58,58,4686,1,0,0,1,0
2020-08-11,US,Nebraska,Nance,8,0,0,41.39750195,-97.99327291,31125.0,227.33731173628868,0.0,8,8,0,0,8,8,3532,0,0,0,0,0
2020-08-11,US,Nebraska,Nemaha,34,0,0,40.38514847,-95.85433992,31127.0,487.66494549627083,0.0,34,33,0,0,33,28,6958,1,0,0,1,5
2020-08-11,US,Nebraska,Nuckolls,5,0,0,40.17637905,-98.04743961,31129.0,120.54001928640308,0.0,5,5,0,0,5,5,4195,0,0,0,0,0
2020-08-11,US,Nebraska,Otoe,55,0,0,40.64843556,-96.13374142,31131.0,343.49238071446416,0.0,55,53,0,0,53,52,15985,2,0,0,2,1
2020-08-11,US,Nebraska,Pawnee,9,0,0,40.13141096,-96.23705437,31133.0,344.4316877152698,0.0,9,9,0,0,9,9,2632,0,0,0,0,0
2020-08-11,US,Nebraska,Perkins,18,7,0,40.85082525,-101.6502942,31135.0,622.6219301279834,38.888888888888886,11,18,7,0,11,18,2929,0,0,0,0,0
2020-08-11,US,Nebraska,Phelps,40,0,0,40.51156033,-99.41461667,31137.0,442.77175116227585,0.0,40,40,0,0,40,37,8996,0,0,0,0,3
2020-08-11,US,Nebraska,Pierce,23,0,0,42.26434853,-97.60122773,31139.0,321.7683268047006,0.0,23,21,0,0,21,21,7142,2,0,0,2,0
2020-08-11,US,Nebraska,Platte,799,3,0,41.57246836,-97.52144359,31141.0,2387.212429040932,0.37546933667083854,796,797,3,0,794,792,33363,2,0,0,2,5
2020-08-11,US,Nebraska,Polk,27,0,0,41.18813488,-97.56630712,31143.0,517.9359294072511,0.0,27,27,0,0,27,26,5278,0,0,0,0,1
2020-08-11,US,Nebraska,Red Willow,17,0,0,40.17556879999999,-100.476998,31145.0,158.52293920179036,0.0,17,17,0,0,17,16,10726,0,0,0,0,1
2020-08-11,US,Nebraska,Richardson,24,1,0,40.1247415,-95.71755036,31147.0,305.14939605848696,4.166666666666667,23,23,1,0,22,22,7937,1,0,0,1,1
2020-08-11,US,Nebraska,Rock,3,0,0,42.42252217,-99.44832069,31149.0,221.07590272660286,0.0,3,3,0,0,3,3,1360,0,0,0,0,0
2020-08-11,US,Nebraska,Saline,597,2,0,40.52418865,-97.14085859,31151.0,4197.131608548932,0.33500837520938026,595,597,2,0,595,595,14350,0,0,0,0,2
2020-08-11,US,Nebraska,Sarpy,2323,11,0,41.11314181,-96.11156432,31153.0,1240.9453193444306,0.4735256134309083,2312,2290,11,0,2279,2258,184459,33,0,0,33,32
2020-08-11,US,Nebraska,Saunders,167,2,0,41.227810299999994,-96.63773905,31155.0,773.9364167207341,1.1976047904191616,165,161,2,0,159,160,21303,6,0,0,6,1
2020-08-11,US,Nebraska,Scotts Bluff,304,6,0,41.85070896,-103.70809859999999,31157.0,853.5010388006067,1.973684210526316,298,301,6,0,295,301,35989,3,0,0,3,0
2020-08-11,US,Nebraska,Seward,125,1,0,40.87241834,-97.139673,31159.0,723.2122193936589,0.8,124,122,1,0,121,119,17318,3,0,0,3,3
2020-08-11,US,Nebraska,Sheridan,11,0,0,42.50284406,-102.4126613,31161.0,209.6835684330919,0.0,11,11,0,0,11,9,5190,0,0,0,0,2
2020-08-11,US,Nebraska,Sherman,11,0,0,41.22045983,-98.97588642,31163.0,366.54448517160944,0.0,11,11,0,0,11,11,3038,0,0,0,0,0
2020-08-11,US,Nebraska,Sioux,5,0,0,42.48932059,-103.7576544,31165.0,428.8164665523156,0.0,5,5,0,0,5,5,1187,0,0,0,0,0
2020-08-11,US,Nebraska,Stanton,33,0,0,41.9169835,-97.19394708,31167.0,557.4324324324324,0.0,33,32,0,0,32,29,5970,1,0,0,1,3
2020-08-11,US,Nebraska,Thayer,27,0,0,40.17626377,-97.59504381,31169.0,539.6761942834298,0.0,27,27,0,0,27,27,5039,0,0,0,0,0
2020-08-11,US,Nebraska,Thomas,1,0,0,41.91358968,-100.5556632,31171.0,138.50415512465375,0.0,1,1,0,0,1,1,720,0,0,0,0,0
2020-08-11,US,Nebraska,Thurston,211,4,0,42.15725356,-96.54157099,31173.0,2920.8194905869323,1.895734597156398,207,205,4,0,201,205,7303,6,0,0,6,0
2020-08-11,US,Nebraska,Unassigned,154,0,0,0.0,0.0,90031.0,0.0,0.0,154,155,0,0,155,136,,-1,0,0,-1,19
2020-08-11,US,Nebraska,Valley,10,0,0,41.56730777,-98.98197724,31175.0,240.50024050024047,0.0,10,10,0,0,10,10,4190,0,0,0,0,0
2020-08-11,US,Nebraska,Washington,130,1,0,41.52815707,-96.22019892,31177.0,627.1407207294128,0.7692307692307693,129,126,1,0,125,125,20667,4,0,0,4,1
2020-08-11,US,Nebraska,Wayne,38,0,0,42.20934475,-97.11926964,31179.0,404.90143846563683,0.0,38,37,0,0,37,37,9403,1,0,0,1,0
2020-08-11,US,Nebraska,Webster,10,0,0,40.17642643,-98.50019851,31181.0,286.77946659019216,0.0,10,10,0,0,10,9,3533,0,0,0,0,1
2020-08-11,US,Nebraska,Wheeler,1,0,0,41.91482725,-98.52798941,31183.0,127.7139208173691,0.0,1,1,0,0,1,1,805,0,0,0,0,0
2020-08-11,US,Nebraska,York,84,0,0,40.87272618,-97.59710186,31185.0,614.0799766064771,0.0,84,80,0,0,80,79,13772,4,0,0,4,1
2020-08-11,US,Nevada,Carson City,357,8,0,39.15509045,-119.7480219,32510.0,638.4576865297947,2.2408963585434174,349,355,8,0,347,352,55414,2,0,0,2,3
2020-08-11,US,Nevada,Churchill,69,1,0,39.58105744,-118.3394607,32001.0,277.0083102493075,1.4492753623188406,68,69,1,0,68,69,24440,0,0,0,0,0
2020-08-11,US,Nevada,Clark,49646,828,0,36.21458855,-115.0130241,32003.0,2190.218002704354,1.6678080812150022,48818,49151,811,0,48340,48466,2231647,495,17,0,478,685
2020-08-11,US,Nevada,Douglas,206,1,0,38.912862,-119.61713329999999,32005.0,421.2248236376649,0.4854368932038835,205,205,0,0,205,203,48467,1,1,0,0,2
2020-08-11,US,Nevada,Elko,555,2,0,41.14531606,-115.3577619,32007.0,1051.5745196862329,0.3603603603603603,553,553,2,0,551,544,52460,2,0,0,2,9
2020-08-11,US,Nevada,Eureka,4,0,0,39.98100864,-116.26832040000001,32011.0,197.1414489896501,0.0,4,3,0,0,3,3,2003,1,0,0,1,0
2020-08-11,US,Nevada,Humboldt,104,4,0,41.40692186,-118.11094270000001,32013.0,617.9074327134455,3.8461538461538463,100,105,4,0,101,104,16786,-1,0,0,-1,1
2020-08-11,US,Nevada,Lander,51,1,0,39.933223299999995,-117.03970749999999,32015.0,921.9088937093277,1.96078431372549,50,51,1,0,50,51,5575,0,0,0,0,0
2020-08-11,US,Nevada,Lincoln,5,0,0,37.64268459,-114.8790388,32017.0,96.46922631680496,0.0,5,5,0,0,5,5,5201,0,0,0,0,0
2020-08-11,US,Nevada,Lyon,235,6,0,39.01777974,-119.18704790000001,32019.0,408.6245870283429,2.5531914893617023,229,230,6,0,224,224,55808,5,0,0,5,6
2020-08-11,US,Nevada,Mineral,11,0,0,38.53841696,-118.4344506,32021.0,244.173140954495,0.0,11,11,0,0,11,11,4514,0,0,0,0,0
2020-08-11,US,Nevada,Nye,408,9,0,38.04264256,-116.47227020000001,32023.0,876.9855770264169,2.2058823529411766,399,408,9,0,399,408,45346,0,0,0,0,0
2020-08-11,US,Nevada,Pershing,14,0,0,40.44003782,-118.40056409999998,32027.0,208.17843866171,0.0,14,14,0,0,14,14,6666,0,0,0,0,0
2020-08-11,US,Nevada,Storey,5,0,0,39.44875482,-119.5250207,32029.0,121.2709192335678,0.0,5,5,0,0,5,4,4029,0,0,0,0,1
2020-08-11,US,Nevada,Washoe,5835,120,0,40.66562265,-119.6631594,32031.0,1237.4898996647007,2.056555269922879,5715,5792,120,0,5672,5756,465735,43,0,0,43,36
2020-08-11,US,Nevada,White Pine,15,1,0,39.44157041,-114.89996599999999,32033.0,156.5762004175365,6.666666666666668,14,15,1,0,14,16,9475,0,0,0,0,-1
2020-08-11,US,New Hampshire,Belknap,115,4,0,43.51637314,-71.41684235,33001.0,187.59277686246998,3.4782608695652173,111,115,4,0,111,115,61022,0,0,0,0,0
2020-08-11,US,New Hampshire,Carroll,94,1,0,43.87498583,-71.20430216,33003.0,192.18973625025558,1.0638297872340423,93,94,1,0,93,94,48779,0,0,0,0,0
2020-08-11,US,New Hampshire,Cheshire,101,3,0,42.92015988,-72.25311043,33005.0,132.74627061838734,2.9702970297029703,98,99,3,0,96,97,76493,2,0,0,2,2
2020-08-11,US,New Hampshire,Coos,17,0,0,44.69063265,-71.30633239,33007.0,53.86053290244907,0.0,17,17,0,0,17,17,31589,0,0,0,0,0
2020-08-11,US,New Hampshire,Grafton,104,1,0,43.93779815,-71.82057197,33009.0,115.70211156353605,0.9615384615384616,103,103,1,0,102,103,89786,1,0,0,1,0
2020-08-11,US,New Hampshire,Hillsborough,3863,279,0,42.91537785,-71.7200253,33011.0,926.3233619087584,7.222366036758996,3584,3855,279,0,3576,3850,415247,8,0,0,8,5
2020-08-11,US,New Hampshire,Merrimack,466,21,0,43.29662971,-71.6811573,33013.0,307.81222133416117,4.5064377682403425,445,466,21,0,445,464,151132,0,0,0,0,2
2020-08-11,US,New Hampshire,Rockingham,1698,96,0,42.98499744,-71.12883377,33015.0,548.1503959402006,5.653710247349824,1602,1691,96,0,1595,1691,309176,7,0,0,7,0
2020-08-11,US,New Hampshire,Strafford,362,13,0,43.291833000000004,-71.02336013,33017.0,277.1122151370634,3.591160220994475,349,360,13,0,347,358,130090,2,0,0,2,2
2020-08-11,US,New Hampshire,Sullivan,41,1,0,43.36094111,-72.22203125,33019.0,95.02619014508876,2.4390243902439024,40,40,1,0,39,40,43144,1,0,0,1,0
2020-08-11,US,New Jersey,Atlantic,3497,252,0,39.47538693,-74.65848483,34001.0,1326.2790609473966,7.206176722905347,3245,3469,252,0,3217,3463,265429,28,0,0,28,6
2020-08-11,US,New Jersey,Bergen,20864,2038,0,40.96010917,-74.07164325,34003.0,2238.141518683719,9.768021472392636,18826,20825,2038,0,18787,20794,936692,39,0,0,39,31
2020-08-11,US,New Jersey,Burlington,6042,474,0,39.87681124,-74.66927768,34005.0,1356.688799121588,7.845084409136048,5568,6025,473,0,5552,6007,445384,17,1,0,16,18
2020-08-11,US,New Jersey,Camden,8614,580,0,39.80343818,-74.96388753,34007.0,1700.7883965715707,6.733224982586488,8034,8580,580,0,8000,8562,507078,34,0,0,34,18
2020-08-11,US,New Jersey,Cape May,840,87,0,39.15008829,-74.80170244,34009.0,912.6565912276317,10.357142857142858,753,834,87,0,747,832,92560,6,0,0,6,2
2020-08-11,US,New Jersey,Cumberland,3366,158,0,39.37199394,-75.10712559,34011.0,2251.0984638225877,4.69399881164587,3208,3348,158,0,3190,3338,150972,18,0,0,18,10
2020-08-11,US,New Jersey,Essex,19776,2113,0,40.78681335,-74.24657979,34013.0,2475.1713132450955,10.684668284789645,17663,19747,2111,0,17636,19728,799767,29,2,0,27,19
2020-08-11,US,New Jersey,Gloucester,3283,213,0,39.71581067,-75.13995546,34015.0,1125.7183612448396,6.487968321657021,3070,3258,212,0,3046,3248,291408,25,1,0,24,10
2020-08-11,US,New Jersey,Hudson,19717,1505,0,40.73766234,-74.07515667,34017.0,2932.371194736396,7.63300704975402,18212,19683,1505,0,18178,19671,676061,34,0,0,34,12
2020-08-11,US,New Jersey,Hunterdon,1149,126,0,40.56335249,-74.91284156,34019.0,923.8488071978194,10.966057441253264,1023,1149,126,0,1023,1149,124714,0,0,0,0,0
2020-08-11,US,New Jersey,Mercer,8139,621,0,40.28047017,-74.70479631,34021.0,2215.115804370901,7.629929966826391,7518,8127,620,0,7507,8119,369811,12,1,0,11,8
2020-08-11,US,New Jersey,Middlesex,17959,1408,0,40.43629879,-74.41426991,34023.0,2176.6849036799663,7.840080182638231,16551,17932,1403,0,16529,17919,829685,27,5,0,22,13
2020-08-11,US,New Jersey,Monmouth,10348,856,0,40.26549699,-74.22240686,34025.0,1672.2824198644141,8.27212988017008,9492,10326,856,0,9470,10302,621354,22,0,0,22,24
2020-08-11,US,New Jersey,Morris,7273,829,0,40.86095313,-74.54553709999998,34027.0,1478.7178887657694,11.398322562903893,6444,7261,829,0,6432,7248,494228,12,0,0,12,13
2020-08-11,US,New Jersey,Ocean,10640,1020,0,39.8895449,-74.28089251,34029.0,1752.3460685852442,9.586466165413533,9620,10603,1018,0,9585,10596,601651,37,2,0,35,7
2020-08-11,US,New Jersey,Passaic,17705,1242,0,41.03238628,-74.29954144,34031.0,3528.1153228409853,7.0149675232985045,16463,17665,1242,0,16423,17642,503310,40,0,0,40,23
2020-08-11,US,New Jersey,Salem,906,87,0,39.58719656,-75.34696629999998,34033.0,1452.2721808126953,9.602649006622515,819,898,87,0,811,894,62607,8,0,0,8,4
2020-08-11,US,New Jersey,Somerset,5265,562,0,40.56465737,-74.61683016,34035.0,1600.6250494020078,10.67426400759734,4703,5253,561,0,4692,5245,331164,12,1,0,11,8
2020-08-11,US,New Jersey,Sussex,1336,198,0,41.13891592,-74.69118243,34037.0,950.9709014293036,14.820359281437126,1138,1333,198,0,1135,1330,140799,3,0,0,3,3
2020-08-11,US,New Jersey,Unassigned,660,0,0,0.0,0.0,90034.0,0.0,0.0,660,645,0,0,645,646,,15,0,0,15,-1
2020-08-11,US,New Jersey,Union,16749,1349,0,40.65835409,-74.30680092,34039.0,3010.5636650902948,8.054212191772644,15400,16725,1350,0,15375,16695,558067,24,-1,0,25,30
2020-08-11,US,New Jersey,Warren,1347,172,0,40.85951833,-74.99556527,34041.0,1279.6032944797514,12.769116555308091,1175,1345,172,0,1173,1345,105779,2,0,0,2,0
2020-08-11,US,New Mexico,Bernalillo,5196,134,0,35.05163625,-106.6703554,35001.0,765.1066599324713,2.5789068514241724,5062,5161,134,0,5027,5136,678701,35,0,0,35,25
2020-08-11,US,New Mexico,Catron,5,1,0,33.91514144,-108.4046587,35003.0,141.7635384179189,20.0,4,5,1,0,4,5,3578,0,0,0,0,0
2020-08-11,US,New Mexico,Chaves,475,6,0,33.36406072,-104.4665365,35005.0,735.1234233537105,1.263157894736842,469,462,6,0,456,457,64689,13,0,0,13,5
2020-08-11,US,New Mexico,Cibola,371,18,0,34.91131525,-107.998876,35006.0,1390.8153701968133,4.851752021563343,353,369,18,0,351,366,26746,2,0,0,2,3
2020-08-11,US,New Mexico,Colfax,18,1,0,36.60569702,-104.64726740000002,35007.0,150.74114395779247,5.5555555555555545,17,18,1,0,17,18,12110,0,0,0,0,0
2020-08-11,US,New Mexico,Curry,564,2,0,34.57421077,-103.34688759999999,35009.0,1152.1019732810394,0.3546099290780142,562,558,2,0,556,552,49437,6,0,0,6,6
2020-08-11,US,New Mexico,Dona Ana,2517,31,0,32.35275771,-106.83293870000001,35013.0,1153.5553060335938,1.2316249503377037,2486,2466,31,0,2435,2447,217522,51,0,0,51,19
2020-08-11,US,New Mexico,Eddy,318,4,0,32.47167456,-104.3053527,35015.0,543.9616832021895,1.2578616352201255,314,306,4,0,302,301,57900,12,0,0,12,5
2020-08-11,US,New Mexico,Grant,71,2,0,32.73911281,-108.3827845,35017.0,262.98244314393656,2.8169014084507036,69,71,2,0,69,71,27346,0,0,0,0,0
2020-08-11,US,New Mexico,Guadalupe,32,0,0,34.86319296,-104.790669,35019.0,744.1860465116278,0.0,32,31,0,0,31,31,4341,1,0,0,1,0
2020-08-11,US,New Mexico,Harding,1,0,0,35.85751555,-103.82209379999999,35021.0,160.0,0.0,1,1,0,0,1,1,655,0,0,0,0,0
2020-08-11,US,New Mexico,Hidalgo,90,0,0,31.91383467,-108.7151824,35023.0,2143.8780371605526,0.0,90,90,0,0,90,90,4240,0,0,0,0,0
2020-08-11,US,New Mexico,Lea,830,5,0,32.79215361,-103.4123733,35025.0,1167.8626706064445,0.6024096385542169,825,798,5,0,793,776,69611,32,0,0,32,22
2020-08-11,US,New Mexico,Lincoln,130,2,0,33.74526079,-105.4586166,35027.0,664.2141835274882,1.5384615384615383,128,128,2,0,126,128,19556,2,0,0,2,0
2020-08-11,US,New Mexico,Los Alamos,23,0,0,35.86631386,-106.31349850000001,35028.0,118.74645051370749,0.0,23,23,0,0,23,22,19101,0,0,0,0,1
2020-08-11,US,New Mexico,Luna,255,5,0,32.18179341,-107.75088259999998,35029.0,1075.540933822599,1.96078431372549,250,254,4,0,250,254,23963,1,1,0,0,0
2020-08-11,US,New Mexico,McKinley,4067,227,0,35.58007720000001,-108.262245,35031.0,5698.712289993975,5.581509712318662,3840,4057,226,0,3831,4046,72290,10,1,0,9,11
2020-08-11,US,New Mexico,Mora,6,0,0,36.01095101,-104.9497716,35033.0,132.71400132713998,0.0,6,6,0,0,6,6,4506,0,0,0,0,0
2020-08-11,US,New Mexico,Otero,203,10,0,32.61348406,-105.7417604,35035.0,300.785301526152,4.9261083743842375,193,203,10,0,193,201,66781,0,0,0,0,2
2020-08-11,US,New Mexico,Quay,34,1,0,35.10403332,-103.54817270000001,35037.0,411.97140433781664,2.9411764705882355,33,34,1,0,33,34,8253,0,0,0,0,0
2020-08-11,US,New Mexico,Rio Arriba,318,7,0,36.51072137,-106.69316740000001,35039.0,817.0396444079033,2.2012578616352205,311,318,7,0,311,318,39006,0,0,0,0,0
2020-08-11,US,New Mexico,Roosevelt,167,1,0,34.02097406,-103.4799493,35041.0,902.7027027027028,0.5988023952095808,166,166,1,0,165,164,18743,1,0,0,1,2
2020-08-11,US,New Mexico,San Juan,3064,185,0,36.50838318,-108.32043700000001,35045.0,2471.804966198229,6.037859007832898,2879,3047,184,0,2863,3044,125043,17,1,0,16,3
2020-08-11,US,New Mexico,San Miguel,45,0,0,35.48014807,-104.8163562,35047.0,164.97415404919897,0.0,45,44,0,0,44,43,27591,1,0,0,1,1
2020-08-11,US,New Mexico,Sandoval,1142,33,0,35.68862401,-106.86878030000001,35043.0,778.2048136942241,2.8896672504378285,1109,1137,33,0,1104,1133,145179,5,0,0,5,4
2020-08-11,US,New Mexico,Santa Fe,658,3,0,35.50708973,-105.9774716,35049.0,437.62220832945366,0.4559270516717325,655,654,3,0,651,650,150056,4,0,0,4,4
2020-08-11,US,New Mexico,Sierra,32,1,0,33.13028233,-107.1925893,35051.0,296.54341580947084,3.125,31,32,1,0,31,32,10968,0,0,0,0,0
2020-08-11,US,New Mexico,Socorro,75,6,0,34.00715494,-106.9298354,35053.0,450.8024283224138,8.0,69,75,6,0,69,74,16735,0,0,0,0,1
2020-08-11,US,New Mexico,Taos,109,1,0,36.58006022,-105.63101979999999,35055.0,333.09904348623286,0.9174311926605504,108,109,1,0,108,108,32835,0,0,0,0,1
2020-08-11,US,New Mexico,Torrance,61,1,0,34.64048375,-105.8508949,35057.0,394.5411034215122,1.639344262295082,60,61,1,0,60,61,15591,0,0,0,0,0
2020-08-11,US,New Mexico,Unassigned,1304,0,0,0.0,0.0,90035.0,0.0,0.0,1304,1302,0,0,1302,1302,,2,0,0,2,0
2020-08-11,US,New Mexico,Union,30,2,0,36.48126404,-103.4709624,35059.0,739.09830007391,6.666666666666668,28,30,2,0,28,30,4118,0,0,0,0,0
2020-08-11,US,New Mexico,Valencia,432,4,0,34.71669834,-106.8103733,35061.0,563.3215105361986,0.925925925925926,428,428,4,0,424,414,76456,4,0,0,4,14
2020-08-11,US,New York,Albany,2614,128,0,42.60060306,-73.97723916,36001.0,855.6296766675612,4.896710022953328,2486,2600,128,0,2472,2595,307117,14,0,0,14,5
2020-08-11,US,New York,Allegany,80,1,0,42.25748406,-78.02750466,36003.0,173.56967737736218,1.25,79,80,1,0,79,79,46430,0,0,0,0,1
2020-08-11,US,New York,Broome,1143,69,0,42.15903158,-75.81326086,36007.0,600.0377976565453,6.0367454068241475,1074,1131,69,0,1062,1126,191659,12,0,0,12,5
2020-08-11,US,New York,Cattaraugus,168,6,0,42.24778241,-78.67923096,36009.0,220.71284995467502,3.571428571428572,162,166,6,0,160,165,76840,2,0,0,2,1
2020-08-11,US,New York,Cayuga,157,2,0,42.91261714,-76.55731592,36011.0,205.02507312996244,1.2738853503184713,155,152,2,0,150,152,77145,5,0,0,5,0
2020-08-11,US,New York,Chautauqua,258,9,0,42.22769210000001,-79.36691763,36013.0,203.30488640930474,3.4883720930232562,249,257,9,0,248,253,127939,1,0,0,1,4
2020-08-11,US,New York,Chemung,176,3,0,42.13891056,-76.7638805,36015.0,210.8895705521473,1.7045454545454546,173,172,3,0,169,171,84254,4,0,0,4,1
2020-08-11,US,New York,Chenango,218,6,0,42.49430041,-75.60887553,36017.0,461.79592009659586,2.7522935779816518,212,216,6,0,210,216,47536,2,0,0,2,0
2020-08-11,US,New York,Clinton,129,4,0,44.74530905,-73.67875352,36019.0,160.27831272907994,3.1007751937984502,125,128,4,0,124,127,80695,1,0,0,1,1
2020-08-11,US,New York,Columbia,546,37,0,42.24819348,-73.63089095,36021.0,918.24893627756,6.7765567765567765,509,541,37,0,504,540,59916,5,0,0,5,1
2020-08-11,US,New York,Cortland,95,0,0,42.59509207,-76.07048931,36023.0,199.65952796284236,0.0,95,95,0,0,95,95,47823,0,0,0,0,0
2020-08-11,US,New York,Delaware,106,4,0,42.19837623,-74.96709306,36025.0,240.1721989350856,3.7735849056603774,102,105,4,0,101,105,44527,1,0,0,1,0
2020-08-11,US,New York,Dutchess,4619,153,0,41.76486060000001,-73.74356679,36027.0,1569.9243418145734,3.312405282528686,4466,4613,153,0,4460,4607,293718,6,0,0,6,6
2020-08-11,US,New York,Erie,8987,671,0,42.76249024,-78.73063652,36029.0,978.2279781691997,7.466340269277847,8316,8918,671,0,8247,8904,919719,69,0,0,69,14
2020-08-11,US,New York,Essex,56,0,0,44.11630765,-73.77297842,36031.0,151.8232343771181,0.0,56,55,0,0,55,55,37300,1,0,0,1,0
2020-08-11,US,New York,Franklin,54,0,0,44.59040891,-74.29926032,36033.0,107.95250089960415,0.0,54,54,0,0,54,54,50293,0,0,0,0,0
2020-08-11,US,New York,Fulton,297,24,0,43.11363907,-74.41798804,36035.0,556.3568926437257,8.080808080808081,273,297,24,0,273,296,53591,0,0,0,0,1
2020-08-11,US,New York,Genesee,279,5,0,43.0022601,-78.19135193,36037.0,487.0810055865922,1.7921146953405018,274,277,5,0,272,277,57511,2,0,0,2,0
2020-08-11,US,New York,Greene,294,18,0,42.275797,-74.12384884,36039.0,623.0397558701362,6.1224489795918355,276,293,18,0,275,292,47491,1,0,0,1,1
2020-08-11,US,New York,Hamilton,8,0,0,43.66146647,-74.49721957,36041.0,181.15942028985503,0.0,8,8,0,0,8,8,4434,0,0,0,0,0
2020-08-11,US,New York,Herkimer,277,4,0,43.42034246,-74.96145307,36043.0,451.7360035225623,1.444043321299639,273,274,4,0,270,274,61833,3,0,0,3,0
2020-08-11,US,New York,Jefferson,142,0,0,44.04200959,-75.94653457,36045.0,129.28601343846168,0.0,142,142,0,0,142,142,111755,0,0,0,0,0
2020-08-11,US,New York,Lewis,45,0,0,43.784415700000004,-75.44903992,36049.0,171.128688773958,0.0,45,41,0,0,41,41,26447,4,0,0,4,0
2020-08-11,US,New York,Livingston,176,8,0,42.72596275,-77.77966158,36051.0,279.7469561623804,4.545454545454546,168,176,8,0,168,176,63227,0,0,0,0,0
2020-08-11,US,New York,Madison,413,17,0,42.91653905,-75.67266639,36053.0,582.1739191722701,4.116222760290556,396,412,17,0,395,412,70795,1,0,0,1,0
2020-08-11,US,New York,Monroe,5002,285,0,43.14638895,-77.69322942,36055.0,674.3330142766625,5.697720911635346,4717,4976,285,0,4691,4956,742474,26,0,0,26,20
2020-08-11,US,New York,Montgomery,177,4,0,42.90123494,-74.44011632,36057.0,359.6026086426525,2.2598870056497176,173,177,4,0,173,176,49455,0,0,0,0,1
2020-08-11,US,New York,Nassau,43724,2195,0,40.74066522,-73.58941873,36059.0,3222.2880574004143,5.020126246455036,41529,43690,2195,0,41495,43655,1358343,34,0,0,34,35
2020-08-11,US,New York,New York City,228343,23592,0,40.76727260000001,-73.97152637,36061.0,2738.9710005629245,10.331825367977123,204751,228069,23586,0,204483,227832,1628701,274,6,0,268,237
2020-08-11,US,New York,Niagara,1512,98,0,43.19898042,-78.74777412,36063.0,722.4736120335817,6.481481481481483,1414,1500,98,0,1402,1498,210433,12,0,0,12,2
2020-08-11,US,New York,Oneida,2175,115,0,43.24375382,-75.43710392,36065.0,951.1481560845057,5.287356321839081,2060,2150,115,0,2035,2146,229577,25,0,0,25,4
2020-08-11,US,New York,Onondaga,3602,200,0,43.00491923,-76.19971155,36067.0,782.1457110099711,5.5524708495280395,3402,3585,200,0,3385,3576,461809,17,0,0,17,9
2020-08-11,US,New York,Ontario,362,34,0,42.85145728,-77.30874425,36069.0,329.7594213724186,9.392265193370166,328,361,34,0,327,360,109864,1,0,0,1,1
2020-08-11,US,New York,Orange,11180,491,0,41.40337468,-74.30240757,36071.0,2904.348729672157,4.391771019677996,10689,11168,491,0,10677,11159,381951,12,0,0,12,9
2020-08-11,US,New York,Orleans,298,54,0,43.2516977,-78.2320066,36073.0,738.5011895321173,18.12080536912752,244,298,54,0,244,298,40612,0,0,0,0,0
2020-08-11,US,New York,Oswego,255,3,0,43.42778894,-76.14635194,36075.0,217.717974112906,1.1764705882352942,252,253,3,0,250,253,117898,2,0,0,2,0
2020-08-11,US,New York,Otsego,118,5,0,42.63492579,-75.03151402,36077.0,198.342662161935,4.2372881355932215,113,116,5,0,111,116,59749,2,0,0,2,0
2020-08-11,US,New York,Putnam,1449,63,0,41.42630093,-73.74965532,36079.0,1473.7591537835638,4.3478260869565215,1386,1449,63,0,1386,1449,98892,0,0,0,0,0
2020-08-11,US,New York,Rensselaer,770,30,0,42.71348136,-73.51089874,36083.0,485.1493882077195,3.8961038961038965,740,766,30,0,736,765,159442,4,0,0,4,1
2020-08-11,US,New York,Rockland,13954,674,0,41.15027894,-74.02560498,36087.0,4283.14031474359,4.830156227604988,13280,13949,674,0,13275,13942,325695,5,0,0,5,7
2020-08-11,US,New York,Saratoga,767,17,0,43.10904162,-73.86653895,36091.0,333.67701630971493,2.216427640156453,750,760,17,0,743,757,230163,7,0,0,7,3
2020-08-11,US,New York,Schenectady,1075,37,0,42.81668777,-74.05278291,36093.0,692.2130857249564,3.4418604651162785,1038,1060,37,0,1023,1058,155350,15,0,0,15,2
2020-08-11,US,New York,Schoharie,69,0,0,42.58831742,-74.44339029999998,36095.0,222.58782541372295,0.0,69,69,0,0,69,69,31097,0,0,0,0,0
2020-08-11,US,New York,Schuyler,22,0,0,42.39184015,-76.8773299,36097.0,123.54691975065985,0.0,22,22,0,0,22,22,17912,0,0,0,0,0
2020-08-11,US,New York,Seneca,91,3,0,42.78081007,-76.82497064,36099.0,267.5211665098777,3.2967032967032965,88,90,3,0,87,89,34300,1,0,0,1,1
2020-08-11,US,New York,St. Lawrence,263,4,0,44.4976179,-75.06550039,36089.0,244.10618154817158,1.520912547528517,259,263,4,0,259,263,108047,0,0,0,0,0
2020-08-11,US,New York,Steuben,300,42,0,42.2689144,-77.3829924,36101.0,314.534645991256,14.0,258,298,42,0,256,298,95796,2,0,0,2,0
2020-08-11,US,New York,Suffolk,43893,1998,0,40.88320119,-72.8012172,36103.0,2972.5701120343274,4.551978675415215,41895,43844,1998,0,41846,43786,1481093,49,0,0,49,58
2020-08-11,US,New York,Sullivan,1490,48,0,41.71579493,-74.76394559,36105.0,1975.28900201506,3.2214765100671134,1442,1489,48,0,1441,1489,75498,1,0,0,1,0
2020-08-11,US,New York,Tioga,194,25,0,42.16852837,-76.30835812,36107.0,402.4645768935544,12.88659793814433,169,193,25,0,168,193,48560,1,0,0,1,0
2020-08-11,US,New York,Tompkins,234,0,0,42.44945765,-76.47229843,36109.0,229.00763358778633,0.0,234,234,0,0,234,234,102793,0,0,0,0,0
2020-08-11,US,New York,Ulster,2076,92,0,41.89027881,-74.26252104,36111.0,1169.0966532074133,4.431599229287091,1984,2072,92,0,1980,2062,178599,4,0,0,4,10
2020-08-11,US,New York,Warren,312,33,0,43.56173026,-73.8433699,36113.0,487.9269360690605,10.576923076923077,279,312,33,0,279,308,64265,0,0,0,0,4
2020-08-11,US,New York,Washington,260,14,0,43.31153794,-73.43043448,36115.0,424.8088360237893,5.384615384615384,246,260,14,0,246,259,61197,0,0,0,0,1
2020-08-11,US,New York,Wayne,252,3,0,43.15494365,-77.02976528,36117.0,280.25534375764585,1.1904761904761905,249,252,3,0,249,250,90064,0,0,0,0,2
2020-08-11,US,New York,Westchester,36272,1447,0,41.16278376,-73.75741653,36119.0,3749.0206779079413,3.989303043670049,34825,36233,1447,0,34786,36205,967612,39,0,0,39,28
2020-08-11,US,New York,Wyoming,118,5,0,42.70145109,-78.22199579,36121.0,296.04355352617983,4.2372881355932215,113,118,5,0,113,118,40085,0,0,0,0,0
2020-08-11,US,New York,Yates,57,7,0,42.63505484,-77.10369919,36123.0,228.79621081363143,12.280701754385964,50,57,7,0,50,57,24841,0,0,0,0,0
2020-08-11,US,North Carolina,Alamance,2496,41,0,36.0434701,-79.39976137,37001.0,1472.4881864679749,1.642628205128205,2455,2472,41,0,2431,2448,166436,24,0,0,24,24
2020-08-11,US,North Carolina,Alexander,312,2,0,35.922379600000006,-81.17751948,37003.0,832.0665653252263,0.6410256410256411,310,303,2,0,301,299,37353,9,0,0,9,4
2020-08-11,US,North Carolina,Alleghany,169,0,0,36.49360862,-81.12857041,37005.0,1517.4643081619827,0.0,169,169,0,0,169,167,11161,0,0,0,0,2
2020-08-11,US,North Carolina,Anson,332,3,0,34.97403241,-80.09953279,37007.0,1358.0953939294773,0.9036144578313252,329,328,3,0,325,328,24877,4,0,0,4,0
2020-08-11,US,North Carolina,Ashe,165,1,0,36.43296207,-81.49862729,37009.0,606.550748079256,0.6060606060606061,164,158,1,0,157,157,27109,7,0,0,7,1
2020-08-11,US,North Carolina,Avery,109,0,0,36.07569796,-81.92308483,37011.0,620.8349945890527,0.0,109,109,0,0,109,99,17505,0,0,0,0,10
2020-08-11,US,North Carolina,Beaufort,437,2,0,35.48531943,-76.84325809,37013.0,929.9059454398434,0.4576659038901602,435,428,2,0,426,406,47079,9,0,0,9,22
2020-08-11,US,North Carolina,Bertie,280,5,0,36.0688473,-76.96545943,37015.0,1477.806512904417,1.7857142857142858,275,275,5,0,270,272,19026,5,0,0,5,3
2020-08-11,US,North Carolina,Bladen,626,7,0,34.61296243,-78.56180059,37017.0,1913.085997188436,1.1182108626198084,619,625,7,0,618,623,33190,1,0,0,1,2
2020-08-11,US,North Carolina,Brunswick,1260,22,0,34.070565,-78.22814204,37019.0,882.2293796387061,1.746031746031746,1238,1259,21,0,1238,1249,136744,1,1,0,0,10
2020-08-11,US,North Carolina,Buncombe,1905,49,0,35.61113393,-82.53305,37021.0,729.3513176181415,2.5721784776902887,1856,1898,47,0,1851,1884,259103,7,2,0,5,14
2020-08-11,US,North Carolina,Burke,1776,28,0,35.74989637,-81.70755735,37023.0,1962.7562579433054,1.576576576576577,1748,1763,28,0,1735,1655,90382,13,0,0,13,108
2020-08-11,US,North Carolina,Cabarrus,2655,50,0,35.3877799,-80.55267168,37025.0,1226.5942259982535,1.8832391713747645,2605,2630,50,0,2580,2630,211342,25,0,0,25,0
2020-08-11,US,North Carolina,Caldwell,1227,16,0,35.95204977,-81.54799522,37027.0,1493.100343157536,1.3039934800325998,1211,1215,16,0,1199,1215,82029,12,0,0,12,0
2020-08-11,US,North Carolina,Camden,73,2,0,36.33804939,-76.15568396,37029.0,671.7585350142632,2.7397260273972597,71,73,2,0,71,72,10710,0,0,0,0,1
2020-08-11,US,North Carolina,Carteret,376,6,0,34.8932941,-76.54120135,37031.0,541.2174513839908,1.5957446808510638,370,376,6,0,370,344,69524,0,0,0,0,32
2020-08-11,US,North Carolina,Caswell,196,2,0,36.39312665,-79.33353281,37033.0,867.1031675809593,1.020408163265306,194,196,2,0,194,195,22698,0,0,0,0,1
2020-08-11,US,North Carolina,Catawba,2161,30,0,35.66211129,-81.2132617,37035.0,1354.4258575627855,1.3882461823229986,2131,2123,29,0,2094,2120,158652,38,1,0,37,3
2020-08-11,US,North Carolina,Chatham,1305,55,0,35.70394416,-79.25541492,37037.0,1752.3835101383108,4.21455938697318,1250,1305,52,0,1253,1300,73139,0,3,0,-3,5
2020-08-11,US,North Carolina,Cherokee,296,4,0,35.1349263,-84.05970864,37039.0,1034.5309660282398,1.351351351351351,292,290,4,0,286,273,28383,6,0,0,6,17
2020-08-11,US,North Carolina,Chowan,158,2,0,36.12908077,-76.60118385,37041.0,1133.1851108082908,1.2658227848101269,156,157,1,0,156,157,14029,1,1,0,0,0
2020-08-11,US,North Carolina,Clay,76,0,0,35.05704275,-83.74353633,37043.0,676.6984240049862,0.0,76,76,0,0,76,76,11139,0,0,0,0,0
2020-08-11,US,North Carolina,Cleveland,1208,22,0,35.33553364,-81.55204486,37045.0,1233.3200608492348,1.8211920529801324,1186,1193,20,0,1173,1178,97645,15,2,0,13,15
2020-08-11,US,North Carolina,Columbus,918,48,0,34.26744084,-78.65801424,37047.0,1653.8156662102758,5.2287581699346415,870,907,48,0,859,903,55655,11,0,0,11,4
2020-08-11,US,North Carolina,Craven,753,15,0,35.11833364,-77.08398081,37049.0,737.2306366813852,1.99203187250996,738,753,12,0,741,699,102912,0,3,0,-3,54
2020-08-11,US,North Carolina,Cumberland,3286,51,0,35.04762133,-78.82623165,37051.0,979.4074078489696,1.55203895313451,3235,3162,51,0,3111,3081,332330,124,0,0,124,81
2020-08-11,US,North Carolina,Currituck,73,0,0,36.36123664,-75.95876401,37053.0,262.93988401829773,0.0,73,73,0,0,73,73,27072,0,0,0,0,0
2020-08-11,US,North Carolina,Dare,210,2,0,35.66520691,-75.71767334,37055.0,567.4295441649327,0.9523809523809524,208,210,2,0,208,209,36501,0,0,0,0,1
2020-08-11,US,North Carolina,Davidson,1797,18,0,35.79115496,-80.21256572,37057.0,1072.1381310072848,1.001669449081803,1779,1793,18,0,1775,1781,166614,4,0,0,4,12
2020-08-11,US,North Carolina,Davie,431,7,0,35.93099927,-80.54496571,37059.0,1005.9282080007467,1.6241299303944317,424,431,7,0,424,422,42733,0,0,0,0,9
2020-08-11,US,North Carolina,Duplin,2016,48,0,34.93449805,-77.93140529,37061.0,3432.015117209445,2.380952380952381,1968,2015,48,0,1967,2013,58856,1,0,0,1,2
2020-08-11,US,North Carolina,Durham,6221,80,0,36.03638492,-78.87608331,37063.0,1935.0644503060767,1.2859668863526763,6141,6200,80,0,6120,6171,316739,21,0,0,21,29
2020-08-11,US,North Carolina,Edgecombe,664,13,0,35.91230639,-77.59436892,37065.0,1290.0217594031706,1.9578313253012047,651,656,13,0,643,646,52005,8,0,0,8,10
2020-08-11,US,North Carolina,Forsyth,5317,52,0,36.12859861,-80.25459052,37067.0,1390.810761323062,0.9779951100244498,5265,5286,52,0,5234,5273,379099,31,0,0,31,13
2020-08-11,US,North Carolina,Franklin,872,26,0,36.081519,-78.28708884,37069.0,1251.3453397431301,2.9816513761467887,846,871,26,0,845,866,67560,1,0,0,1,5
2020-08-11,US,North Carolina,Gaston,3358,52,0,35.29373559,-81.17477045,37071.0,1495.5751818250644,1.5485407980941035,3306,3339,52,0,3287,3322,222846,19,0,0,19,17
2020-08-11,US,North Carolina,Gates,45,2,0,36.44667547,-76.69749701,37073.0,389.20601971977163,4.4444444444444455,43,46,2,0,44,46,11573,-1,0,0,-1,0
2020-08-11,US,North Carolina,Graham,40,0,0,35.3506925,-83.83369267,37075.0,473.87750266556094,0.0,40,39,0,0,39,39,8484,1,0,0,1,0
2020-08-11,US,North Carolina,Granville,1262,29,0,36.30337451,-78.65184241,37077.0,2087.917542147147,2.2979397781299524,1233,1247,27,0,1220,1245,60115,15,2,0,13,2
2020-08-11,US,North Carolina,Greene,332,3,0,35.48544173,-77.67578087,37079.0,1575.7748350657364,0.9036144578313252,329,331,3,0,328,331,21012,1,0,0,1,0
2020-08-11,US,North Carolina,Guilford,5704,156,0,36.07959451,-79.78824948,37081.0,1061.8533287165797,2.73492286115007,5548,5670,156,0,5514,5651,533670,34,0,0,34,19
2020-08-11,US,North Carolina,Halifax,715,6,0,36.25669272,-77.6556109,37083.0,1429.7140571885627,0.8391608391608392,709,705,6,0,699,700,50574,10,0,0,10,5
2020-08-11,US,North Carolina,Harnett,1318,39,0,35.36731853,-78.87243571,37085.0,969.2886980055304,2.959028831562974,1279,1303,39,0,1264,1288,134214,15,0,0,15,15
2020-08-11,US,North Carolina,Haywood,438,14,0,35.55269063,-82.98196486,37087.0,702.8579681306868,3.1963470319634704,424,435,12,0,423,432,61971,3,2,0,1,3
2020-08-11,US,North Carolina,Henderson,1495,54,0,35.33788927,-82.4766782,37089.0,1273.239820468927,3.6120401337792636,1441,1490,54,0,1436,1482,116748,5,0,0,5,8
2020-08-11,US,North Carolina,Hertford,353,11,0,36.3607755,-76.98104134,37091.0,1490.898340161338,3.1161473087818696,342,349,11,0,338,344,23659,4,0,0,4,5
2020-08-11,US,North Carolina,Hoke,726,11,0,35.01888303,-79.23651674,37093.0,1314.4077923018428,1.5151515151515151,715,720,9,0,711,717,54764,6,2,0,4,3
2020-08-11,US,North Carolina,Hyde,47,0,0,35.42017674,-76.15180542,37095.0,951.9951387482276,0.0,47,45,0,0,45,44,5230,2,0,0,2,1
2020-08-11,US,North Carolina,Iredell,1905,18,0,35.80950511,-80.8743128,37097.0,1047.820203953665,0.9448818897637796,1887,1905,18,0,1887,1820,178435,0,0,0,0,85
2020-08-11,US,North Carolina,Jackson,457,7,0,35.28814273,-83.14093385,37099.0,1040.1019618553416,1.5317286652078774,450,451,5,0,446,447,43327,6,2,0,4,4
2020-08-11,US,North Carolina,Johnston,3334,46,0,35.51745004,-78.36622717,37101.0,1592.632046584726,1.3797240551889622,3288,3315,46,0,3269,3304,202675,19,0,0,19,11
2020-08-11,US,North Carolina,Jones,99,8,0,35.02254606,-77.35870791,37103.0,1051.066992249708,8.080808080808081,91,93,4,0,89,93,9637,6,4,0,2,0
2020-08-11,US,North Carolina,Lee,1302,11,0,35.47623147,-79.17569362,37105.0,2107.5122614480647,0.8448540706605223,1291,1296,11,0,1285,1289,61452,6,0,0,6,7
2020-08-11,US,North Carolina,Lenoir,599,12,0,35.24032589999999,-77.64245615,37107.0,1070.6178841444887,2.003338898163606,587,599,12,0,587,573,55976,0,0,0,0,26
2020-08-11,US,North Carolina,Lincoln,858,9,0,35.48508185,-81.21740317,37109.0,996.3883824366224,1.048951048951049,849,850,9,0,841,848,83770,8,0,0,8,2
2020-08-11,US,North Carolina,Macon,480,4,0,35.14867843,-83.41696617,37113.0,1338.6134195995317,0.8333333333333334,476,470,3,0,467,463,35285,10,1,0,9,7
2020-08-11,US,North Carolina,Madison,45,0,0,35.85402722,-82.71346418,37115.0,206.84900022983226,0.0,45,45,0,0,45,45,21763,0,0,0,0,0
2020-08-11,US,North Carolina,Martin,268,6,0,35.84326734,-77.10860251,37117.0,1194.295900178253,2.238805970149253,262,261,6,0,255,258,22671,7,0,0,7,3
2020-08-11,US,North Carolina,McDowell,693,14,0,35.67736232,-82.0482425,37111.0,1514.5554681353265,2.0202020202020203,679,683,14,0,669,683,45507,10,0,0,10,0
2020-08-11,US,North Carolina,Mecklenburg,22462,233,0,35.24469268,-80.8317671,37119.0,2022.954800082136,1.0373074525865906,22229,22315,232,0,22083,22255,1093901,147,1,0,146,60
2020-08-11,US,North Carolina,Mitchell,120,3,0,36.01059309,-82.1582442,37121.0,801.924619085806,2.5,117,120,2,0,118,116,15000,0,1,0,-1,4
2020-08-11,US,North Carolina,Montgomery,740,14,0,35.33155144,-79.90416657,37123.0,2723.291502594487,1.891891891891892,726,647,14,0,633,644,27271,93,0,0,93,3
2020-08-11,US,North Carolina,Moore,1021,20,0,35.30885257,-79.48474178,37125.0,1012.0935765265663,1.9588638589618024,1001,1018,20,0,998,1009,98682,3,0,0,3,9
2020-08-11,US,North Carolina,Nash,1209,12,0,35.96575634,-77.98422508,37127.0,1282.1056650194064,0.9925558312655088,1197,1194,12,0,1182,1180,94016,15,0,0,15,14
2020-08-11,US,North Carolina,New Hanover,2696,20,0,34.25758282,-77.87075626,37129.0,1149.8125583755914,0.7418397626112759,2676,2630,20,0,2610,2566,232274,66,0,0,66,64
2020-08-11,US,North Carolina,Northampton,352,16,0,36.41736238,-77.39769443,37131.0,1806.7032797823745,4.545454545454546,336,351,16,0,335,350,19676,1,0,0,1,1
2020-08-11,US,North Carolina,Onslow,1108,11,0,34.72607366,-77.42908179,37133.0,559.7712414998635,0.9927797833935018,1097,1079,10,0,1069,1065,197683,29,1,0,28,14
2020-08-11,US,North Carolina,Orange,1356,48,0,36.06092947,-79.12167935,37135.0,913.2789137638406,4.277286135693215,1308,1353,47,0,1306,1348,146027,3,1,0,2,5
2020-08-11,US,North Carolina,Pamlico,73,1,0,35.15253315,-76.66559823,37137.0,573.6287914505738,1.3698630136986298,72,72,1,0,71,68,12670,1,0,0,1,4
2020-08-11,US,North Carolina,Pasquotank,423,20,0,36.26723798,-76.25134778,37139.0,1062.173563680193,4.728132387706856,403,402,20,0,382,401,39639,21,0,0,21,1
2020-08-11,US,North Carolina,Pender,666,3,0,34.52265624,-77.90352133,37141.0,1056.1370123691722,0.4504504504504505,663,659,3,0,656,658,62162,7,0,0,7,1
2020-08-11,US,North Carolina,Perquimans,88,2,0,36.17847453,-76.40603143,37143.0,653.6433187253955,2.272727272727273,86,87,2,0,85,86,13422,1,0,0,1,1
2020-08-11,US,North Carolina,Person,226,2,0,36.38989032,-78.97217358,37145.0,572.2967839959482,0.8849557522123894,224,223,2,0,221,223,39507,3,0,0,3,0
2020-08-11,US,North Carolina,Pitt,2054,11,0,35.59535426,-77.37353178,37147.0,1136.4265085038342,0.5355404089581305,2043,2036,11,0,2025,2020,179914,18,0,0,18,16
2020-08-11,US,North Carolina,Polk,164,5,0,35.27820615,-82.16812354,37149.0,791.3530206523837,3.0487804878048776,159,164,5,0,159,163,20611,0,0,0,0,1
2020-08-11,US,North Carolina,Randolph,2191,37,0,35.71015088,-79.80570339,37151.0,1525.054466230937,1.6887266088544044,2154,2180,37,0,2143,2174,143351,11,0,0,11,6
2020-08-11,US,North Carolina,Richmond,521,9,0,35.00417719,-79.74491009,37153.0,1162.19411541636,1.727447216890595,512,521,9,0,512,506,44887,0,0,0,0,15
2020-08-11,US,North Carolina,Robeson,2845,53,0,34.64244496,-79.10250529999998,37155.0,2177.9904306220096,1.8629173989455183,2792,2817,53,0,2764,2804,131831,28,0,0,28,13
2020-08-11,US,North Carolina,Rockingham,567,8,0,36.39593137,-79.77504841,37157.0,623.0084606087244,1.4109347442680775,559,567,8,0,559,549,90690,0,0,0,0,18
2020-08-11,US,North Carolina,Rowan,2220,48,0,35.64003916,-80.52446628,37159.0,1562.4120263498676,2.1621621621621623,2172,2205,48,0,2157,2197,141262,15,0,0,15,8
2020-08-11,US,North Carolina,Rutherford,781,15,0,35.40114178,-81.92112099,37161.0,1165.1673156394993,1.9206145966709347,766,752,14,0,738,746,66826,29,1,0,28,6
2020-08-11,US,North Carolina,Sampson,1516,15,0,34.98820368,-78.36914061,37163.0,2386.2366403802866,0.9894459102902374,1501,1511,14,0,1497,1508,63626,5,1,0,4,3
2020-08-11,US,North Carolina,Scotland,365,2,0,34.8386299,-79.4757978,37165.0,1048.157826723717,0.547945205479452,363,365,2,0,363,343,34810,0,0,0,0,22
2020-08-11,US,North Carolina,Stanly,1089,26,0,35.31647813,-80.25093221,37167.0,1733.9107728560964,2.3875114784205693,1063,1075,26,0,1049,1064,62075,14,0,0,14,11
2020-08-11,US,North Carolina,Stokes,296,3,0,36.4017975,-80.23893369,37169.0,649.2509486521462,1.0135135135135136,293,296,3,0,293,291,45467,0,0,0,0,5
2020-08-11,US,North Carolina,Surry,960,10,0,36.41689489,-80.69102283,37171.0,1337.3639998328294,1.0416666666666667,950,956,10,0,946,954,71948,4,0,0,4,2
2020-08-11,US,North Carolina,Swain,120,2,0,35.48665845,-83.48748932,37173.0,840.8660920748372,1.6666666666666667,118,119,2,0,117,119,14245,1,0,0,1,0
2020-08-11,US,North Carolina,Transylvania,145,1,0,35.20383864,-82.79638423,37175.0,421.6955067616693,0.6896551724137931,144,145,1,0,144,137,34215,0,0,0,0,8
2020-08-11,US,North Carolina,Tyrrell,99,1,0,35.87147226,-76.17055253,37177.0,2465.139442231076,1.0101010101010102,98,98,1,0,97,98,4131,1,0,0,1,0
2020-08-11,US,North Carolina,Union,3146,43,0,34.98960527,-80.52955873,37179.0,1311.6039006249505,1.3668150031786397,3103,3109,43,0,3066,3096,235908,37,0,0,37,13
2020-08-11,US,North Carolina,Vance,778,41,0,36.36880673,-78.40670845,37181.0,1746.9406085101605,5.269922879177378,737,777,41,0,736,773,44582,1,0,0,1,4
2020-08-11,US,North Carolina,Wake,12148,176,0,35.78879266,-78.65249174,37183.0,1092.6808909468853,1.448798156075074,11972,12110,170,0,11940,12028,1092305,38,6,0,32,82
2020-08-11,US,North Carolina,Warren,260,7,0,36.39728256,-78.10652228,37185.0,1317.7233794536514,2.6923076923076925,253,258,7,0,251,256,19807,2,0,0,2,2
2020-08-11,US,North Carolina,Washington,135,4,0,35.83810081,-76.57299037,37187.0,1165.80310880829,2.962962962962963,131,133,4,0,129,133,11859,2,0,0,2,0
2020-08-11,US,North Carolina,Watauga,316,0,0,36.23103603,-81.70033724,37189.0,562.5077878847216,0.0,316,316,0,0,316,292,55945,0,0,0,0,24
2020-08-11,US,North Carolina,Wayne,2435,42,0,35.36438125,-78.00027268,37191.0,1977.5686057938294,1.7248459958932238,2393,2424,42,0,2382,2412,123248,11,0,0,11,12
2020-08-11,US,North Carolina,Wilkes,843,12,0,36.2084135,-81.16232895,37193.0,1232.2399579021226,1.4234875444839858,831,843,11,0,832,834,68557,0,1,0,-1,9
2020-08-11,US,North Carolina,Wilson,1514,35,0,35.70625477,-77.917978,37195.0,1850.8331193995184,2.3117569352708056,1479,1514,35,0,1479,1490,81455,0,0,0,0,24
2020-08-11,US,North Carolina,Yadkin,552,6,0,36.16222629,-80.66239436,37197.0,1465.473756869408,1.0869565217391304,546,542,6,0,536,541,37543,10,0,0,10,1
2020-08-11,US,North Carolina,Yancey,114,0,0,35.90079156,-82.31237181,37199.0,630.9148264984228,0.0,114,114,0,0,114,101,17903,0,0,0,0,13
2020-08-11,US,North Dakota,Adams,3,0,0,46.09686891,-102.5285397,38001.0,135.37906137184117,0.0,3,3,0,0,3,2,2294,0,0,0,0,1
2020-08-11,US,North Dakota,Barnes,38,0,0,46.93579637,-98.06605978,38003.0,364.8583773403744,0.0,38,39,0,0,39,37,10542,-1,0,0,-1,2
2020-08-11,US,North Dakota,Benson,142,2,0,48.0683985,-99.35916363,38005.0,2078.4543325526934,1.4084507042253518,140,137,2,0,135,136,6962,5,0,0,5,1
2020-08-11,US,North Dakota,Billings,2,0,0,47.02366884,-103.3762965,38007.0,215.5172413793104,0.0,2,2,0,0,2,2,919,0,0,0,0,0
2020-08-11,US,North Dakota,Bottineau,20,0,0,48.79106111,-100.8378166,38009.0,318.36994587710916,0.0,20,19,0,0,19,19,6411,1,0,0,1,0
2020-08-11,US,North Dakota,Bowman,10,0,0,46.11285362,-103.5203343,38011.0,330.6878306878307,0.0,10,8,0,0,8,6,3076,2,0,0,2,2
2020-08-11,US,North Dakota,Burke,23,0,0,48.79094471,-102.51821170000001,38013.0,1087.4704491725768,0.0,23,23,0,0,23,23,2100,0,0,0,0,0
2020-08-11,US,North Dakota,Burleigh,1244,8,0,46.97847375,-100.46452140000001,38015.0,1300.9014284817936,0.6430868167202572,1236,1201,6,0,1195,1171,95273,43,2,0,41,30
2020-08-11,US,North Dakota,Cass,3058,76,0,46.93201724,-97.24447190000001,38017.0,1680.9309433111816,2.4852844996729893,2982,3046,76,0,2970,3039,181516,12,0,0,12,7
2020-08-11,US,North Dakota,Cavalier,31,0,0,48.77286211,-98.46685243,38019.0,824.0297713981925,0.0,31,31,0,0,31,31,3829,0,0,0,0,0
2020-08-11,US,North Dakota,Dickey,13,0,0,46.11017712,-98.50490079999999,38021.0,266.8308702791461,0.0,13,13,0,0,13,13,4903,0,0,0,0,0
2020-08-11,US,North Dakota,Divide,2,0,0,48.814938700000006,-103.48736109999999,38023.0,88.33922261484098,0.0,2,2,0,0,2,2,2283,0,0,0,0,0
2020-08-11,US,North Dakota,Dunn,31,0,0,47.35423935,-102.61604679999999,38025.0,700.7233273056057,0.0,31,30,0,0,30,30,4332,1,0,0,1,0
2020-08-11,US,North Dakota,Eddy,18,0,0,47.71701474,-98.90432337,38027.0,787.0572802798426,0.0,18,18,0,0,18,18,2313,0,0,0,0,0
2020-08-11,US,North Dakota,Emmons,17,1,0,46.28398398,-100.2389766,38029.0,524.5294662141314,5.882352941176472,16,17,1,0,16,17,3295,0,0,0,0,0
2020-08-11,US,North Dakota,Foster,27,0,0,47.457108399999996,-98.88279923,38031.0,841.1214953271028,0.0,27,26,0,0,26,25,3216,1,0,0,1,1
2020-08-11,US,North Dakota,Golden Valley,5,0,0,46.94022281,-103.8465421,38033.0,283.92958546280516,0.0,5,5,0,0,5,4,1769,0,0,0,0,1
2020-08-11,US,North Dakota,Grand Forks,701,6,0,47.92093639,-97.45450447,38035.0,1009.344717858634,0.8559201141226819,695,683,6,0,677,677,70770,18,0,0,18,6
2020-08-11,US,North Dakota,Grant,4,0,0,46.35821257,-101.63900129999999,38037.0,175.9014951627089,0.0,4,4,0,0,4,4,2374,0,0,0,0,0
2020-08-11,US,North Dakota,Griggs,35,1,0,47.45785838,-98.23850925,38039.0,1568.8032272523533,2.8571428571428568,34,34,1,0,33,34,2232,1,0,0,1,0
2020-08-11,US,North Dakota,Hettinger,6,0,0,46.43375068,-102.4632417,38041.0,240.09603841536614,0.0,6,6,0,0,6,6,2514,0,0,0,0,0
2020-08-11,US,North Dakota,Kidder,18,0,0,46.97830064,-99.77507857,38043.0,725.8064516129033,0.0,18,18,0,0,18,14,2450,0,0,0,0,4
2020-08-11,US,North Dakota,LaMoure,16,0,0,46.45681054,-98.53542355,38045.0,395.45229856648535,0.0,16,16,0,0,16,16,4062,0,0,0,0,0
2020-08-11,US,North Dakota,Logan,7,0,0,46.45729487,-99.47719806,38047.0,378.3783783783784,0.0,7,7,0,0,7,7,1903,0,0,0,0,0
2020-08-11,US,North Dakota,McHenry,17,1,0,48.23104458,-100.6324822,38049.0,295.9094865100087,5.882352941176472,16,17,1,0,16,16,5816,0,0,0,0,1
2020-08-11,US,North Dakota,McIntosh,37,2,0,46.11182017,-99.44145858,38051.0,1481.7781337605127,5.405405405405406,35,37,2,0,35,30,2585,0,0,0,0,7
2020-08-11,US,North Dakota,McKenzie,91,2,0,47.74133370000001,-103.395905,38053.0,605.6975505857296,2.1978021978021984,89,90,1,0,89,89,13632,1,1,0,0,1
2020-08-11,US,North Dakota,McLean,77,0,0,47.60766714,-101.3182418,38055.0,814.8148148148148,0.0,77,72,0,0,72,61,9541,5,0,0,5,11
2020-08-11,US,North Dakota,Mercer,32,0,0,47.31213126,-101.8318399,38057.0,390.8635641871258,0.0,32,29,0,0,29,29,8267,3,0,0,3,0
2020-08-11,US,North Dakota,Morton,402,3,0,46.71681782,-101.2822377,38059.0,1281.7242698635378,0.746268656716418,399,383,3,0,380,367,31095,19,0,0,19,16
2020-08-11,US,North Dakota,Mountrail,136,1,0,48.20197971,-102.3555315,38061.0,1289.7107633949738,0.7352941176470589,135,135,1,0,134,130,10218,1,0,0,1,5
2020-08-11,US,North Dakota,Nelson,26,0,0,47.9226426,-98.19038437,38063.0,903.0913511635983,0.0,26,26,0,0,26,25,2869,0,0,0,0,1
2020-08-11,US,North Dakota,Oliver,7,0,0,47.11530482,-101.3406158,38065.0,357.32516590096986,0.0,7,7,0,0,7,7,1952,0,0,0,0,0
2020-08-11,US,North Dakota,Pembina,27,0,0,48.76623521,-97.5523809,38067.0,397.00044111160116,0.0,27,27,0,0,27,27,6947,0,0,0,0,0
2020-08-11,US,North Dakota,Pierce,12,0,0,48.24977025,-99.96407787,38069.0,301.8867924528302,0.0,12,12,0,0,12,12,4081,0,0,0,0,0
2020-08-11,US,North Dakota,Ramsey,75,2,0,48.26886249,-98.72223879,38071.0,651.0981856063894,2.6666666666666665,73,70,2,0,68,69,11481,5,0,0,5,1
2020-08-11,US,North Dakota,Ransom,28,0,0,46.45621782,-97.65742504,38073.0,536.6040628593331,0.0,28,28,0,0,28,28,5237,0,0,0,0,0
2020-08-11,US,North Dakota,Renville,9,0,0,48.71982533,-101.6603912,38075.0,386.7640739149119,0.0,9,9,0,0,9,9,2374,0,0,0,0,0
2020-08-11,US,North Dakota,Richland,110,1,0,46.26440649,-96.94852979,38077.0,679.9777461828522,0.9090909090909092,109,109,1,0,108,109,16239,1,0,0,1,0
2020-08-11,US,North Dakota,Rolette,82,0,0,48.77245354,-99.84097493,38079.0,578.4424379232505,0.0,82,73,0,0,73,72,14301,9,0,0,9,1
2020-08-11,US,North Dakota,Sargent,10,0,0,46.10830372,-97.63217159,38081.0,256.5418163160595,0.0,10,10,0,0,10,10,3870,0,0,0,0,0
2020-08-11,US,North Dakota,Sheridan,9,0,0,47.57700669,-100.3426391,38083.0,684.4106463878327,0.0,9,9,0,0,9,8,1349,0,0,0,0,1
2020-08-11,US,North Dakota,Sioux,86,1,0,46.11323337,-101.04401490000001,38085.0,2033.096926713948,1.162790697674419,85,83,1,0,82,83,4358,3,0,0,3,0
2020-08-11,US,North Dakota,Slope,4,0,0,46.44737738,-103.4601547,38087.0,533.3333333333334,0.0,4,3,0,0,3,3,763,1,0,0,1,0
2020-08-11,US,North Dakota,Stark,292,5,0,46.80851182,-102.65763259999999,38089.0,927.30794880752,1.7123287671232876,287,264,3,0,261,261,30997,28,2,0,26,3
2020-08-11,US,North Dakota,Steele,15,0,0,47.45611548,-97.72728747,38091.0,793.6507936507936,0.0,15,14,0,0,14,14,1903,1,0,0,1,0
2020-08-11,US,North Dakota,Stutsman,128,3,0,46.97962541,-98.95637318,38093.0,618.2380216383308,2.34375,125,127,3,0,124,127,20917,1,0,0,1,0
2020-08-11,US,North Dakota,Towner,5,0,0,48.68565745,-99.24564265,38095.0,228.41480127912288,0.0,5,5,0,0,5,5,2192,0,0,0,0,0
2020-08-11,US,North Dakota,Traill,57,0,0,47.45367788,-97.16323288,38097.0,709.3081134892982,0.0,57,55,0,0,55,55,8037,2,0,0,2,0
2020-08-11,US,North Dakota,Walsh,106,0,0,48.36876964,-97.72574783,38099.0,996.1469786674184,0.0,106,104,0,0,104,104,10667,2,0,0,2,0
2020-08-11,US,North Dakota,Ward,237,1,0,48.22390169,-101.54367629999999,38101.0,350.37920787687943,0.4219409282700422,236,234,1,0,233,222,67744,3,0,0,3,12
2020-08-11,US,North Dakota,Wells,21,0,0,47.58614526,-99.65904998,38103.0,547.7308294209703,0.0,21,21,0,0,21,21,3957,0,0,0,0,0
2020-08-11,US,North Dakota,Williams,276,2,0,48.34522353,-103.4793387,38105.0,734.2573625262711,0.7246376811594203,274,272,2,0,270,270,35350,4,0,0,4,2
2020-08-11,US,Ohio,Adams,61,2,0,38.84541072,-83.4718964,39001.0,220.2325077622933,3.278688524590164,59,61,2,0,59,61,27724,0,0,0,0,0
2020-08-11,US,Ohio,Allen,769,46,0,40.77285242,-84.10802343,39003.0,751.3360885580014,5.981794538361508,723,760,44,0,716,740,102663,9,2,0,7,20
2020-08-11,US,Ohio,Ashland,154,3,0,40.84772277,-82.27280781,39005.0,287.93657916386206,1.9480519480519483,151,149,3,0,146,144,53745,5,0,0,5,5
2020-08-11,US,Ohio,Ashtabula,576,46,0,41.70860332,-80.74830218,39007.0,592.3427360886867,7.986111111111112,530,574,46,0,528,569,97493,2,0,0,2,5
2020-08-11,US,Ohio,Athens,360,2,0,39.33425634,-82.04278644,39009.0,551.0738285854239,0.5555555555555556,358,359,1,0,358,357,65818,1,1,0,0,2
2020-08-11,US,Ohio,Auglaize,263,6,0,40.55998859,-84.22421429999999,39011.0,576.0469598738391,2.281368821292776,257,256,6,0,250,254,45804,7,0,0,7,2
2020-08-11,US,Ohio,Belmont,623,26,0,40.01625942,-80.9924051,39013.0,929.7674835089392,4.173354735152488,597,621,26,0,595,621,67505,2,0,0,2,0
2020-08-11,US,Ohio,Brown,146,2,0,38.93416837,-83.86788395,39015.0,336.1576717627556,1.3698630136986298,144,138,2,0,136,129,43602,8,0,0,8,9
2020-08-11,US,Ohio,Butler,2976,63,0,39.44012838,-84.57388716,39017.0,776.7517369901914,2.1169354838709675,2913,2944,63,0,2881,2929,382378,32,0,0,32,15
2020-08-11,US,Ohio,Carroll,113,5,0,40.578968599999996,-81.09178213,39019.0,419.8558371107973,4.424778761061948,108,110,5,0,105,111,27081,3,0,0,3,-1
2020-08-11,US,Ohio,Champaign,181,2,0,40.13923427,-83.76875242,39021.0,465.47511894046545,1.1049723756906078,179,178,2,0,176,176,38754,3,0,0,3,2
2020-08-11,US,Ohio,Clark,1178,15,0,39.91592258,-83.78498252,39023.0,878.5602947428085,1.2733446519524618,1163,1158,14,0,1144,1146,134585,20,1,0,19,12
2020-08-11,US,Ohio,Clermont,953,11,0,39.04847534,-84.15375786,39025.0,461.6621776115644,1.154249737670514,942,941,11,0,930,933,205466,12,0,0,12,8
2020-08-11,US,Ohio,Clinton,169,6,0,39.41485808,-83.80852286,39027.0,402.68776210446055,3.5502958579881656,163,165,6,0,159,164,42057,4,0,0,4,1
2020-08-11,US,Ohio,Columbiana,1671,60,0,40.76932373,-80.78094576,39029.0,1640.1166043402727,3.5906642728904847,1611,1665,60,0,1605,1658,102665,6,0,0,6,7
2020-08-11,US,Ohio,Coshocton,196,7,0,40.30096166,-81.91729018,39031.0,535.5191256830601,3.571428571428572,189,194,6,0,188,193,36629,2,1,0,1,1
2020-08-11,US,Ohio,Crawford,175,5,0,40.85065156,-82.91989099,39033.0,421.7477225622982,2.8571428571428568,170,174,5,0,169,174,41550,1,0,0,1,0
2020-08-11,US,Ohio,Cuyahoga,13734,505,0,41.424119,-81.65918339,39035.0,1111.9999481811587,3.6770059705839513,13229,13640,500,0,13140,13514,1243857,94,5,0,89,126
2020-08-11,US,Ohio,Darke,406,29,0,40.13412966,-84.6194517,39037.0,794.3184708391211,7.142857142857142,377,402,29,0,373,395,51323,4,0,0,4,7
2020-08-11,US,Ohio,Defiance,150,4,0,41.32398837,-84.49076944,39039.0,393.8351668548324,2.6666666666666665,146,148,4,0,144,144,38165,2,0,0,2,4
2020-08-11,US,Ohio,Delaware,1344,19,0,40.27942393,-83.00457058,39041.0,642.5180588688048,1.4136904761904765,1325,1316,19,0,1297,1301,204826,28,0,0,28,15
2020-08-11,US,Ohio,Erie,597,28,0,41.36796058,-82.62904521,39043.0,803.8671801362669,4.690117252931323,569,592,27,0,565,575,74615,5,1,0,4,17
2020-08-11,US,Ohio,Fairfield,1416,32,0,39.75107189,-82.63088163,39045.0,898.6254077449325,2.2598870056497176,1384,1400,32,0,1368,1387,155782,16,0,0,16,13
2020-08-11,US,Ohio,Fayette,121,0,0,39.56021306,-83.4562016,39047.0,424.1893076248904,0.0,121,115,0,0,115,113,28666,6,0,0,6,2
2020-08-11,US,Ohio,Franklin,18697,529,0,39.96995815,-83.01115755,39049.0,1419.9289769706766,2.8293309087019307,18168,18483,525,0,17958,18317,1310300,214,4,0,210,166
2020-08-11,US,Ohio,Fulton,153,1,0,41.60213491,-84.12571393,39051.0,363.19612590799034,0.6535947712418301,152,147,1,0,146,148,42276,6,0,0,6,-1
2020-08-11,US,Ohio,Gallia,70,1,0,38.82708533,-82.31647569,39053.0,234.12937320222088,1.4285714285714286,69,65,1,0,64,65,29979,5,0,0,5,0
2020-08-11,US,Ohio,Geauga,559,44,0,41.49952319,-81.17935342,39055.0,596.9097374237847,7.8711985688729875,515,558,44,0,514,556,94031,1,0,0,1,2
2020-08-11,US,Ohio,Greene,718,12,0,39.69116283,-83.89032084,39057.0,425.01050687534416,1.6713091922005572,706,703,12,0,691,690,167995,15,0,0,15,13
2020-08-11,US,Ohio,Guernsey,119,7,0,40.05026529,-81.49248905,39059.0,306.10932475884243,5.882352941176472,112,118,7,0,111,117,39022,1,0,0,1,1
2020-08-11,US,Ohio,Hamilton,9766,257,0,39.19673558,-84.54502924,39061.0,1194.6571935709192,2.631578947368421,9509,9689,255,0,9434,9643,816684,77,2,0,75,46
2020-08-11,US,Ohio,Hancock,389,3,0,41.00250487,-83.66838948,39063.0,513.307733924495,0.7712082262210797,386,379,3,0,376,378,75930,10,0,0,10,1
2020-08-11,US,Ohio,Hardin,170,12,0,40.66015414,-83.65929931,39065.0,542.0054200542005,7.0588235294117645,158,169,12,0,157,165,31480,1,0,0,1,4
2020-08-11,US,Ohio,Harrison,26,1,0,40.29380509,-81.09068544,39067.0,172.87234042553192,3.8461538461538463,25,26,1,0,25,26,15174,0,0,0,0,0
2020-08-11,US,Ohio,Henry,122,2,0,41.333964200000004,-84.06830637,39069.0,451.75146263793226,1.639344262295082,120,117,2,0,115,117,27086,5,0,0,5,0
2020-08-11,US,Ohio,Highland,166,1,0,39.1839264,-83.60331456,39071.0,384.6064734366674,0.6024096385542169,165,159,1,0,158,158,43058,7,0,0,7,1
2020-08-11,US,Ohio,Hocking,118,9,0,39.49537927,-82.47991446,39073.0,417.4922162468157,7.627118644067798,109,118,9,0,109,118,28385,0,0,0,0,0
2020-08-11,US,Ohio,Holmes,328,6,0,40.56163713,-81.92635677,39075.0,746.1328480436763,1.8292682926829267,322,328,6,0,322,328,43892,0,0,0,0,0
2020-08-11,US,Ohio,Huron,404,5,0,41.14651175,-82.59867951,39077.0,693.3717777091272,1.2376237623762376,399,401,5,0,396,396,58504,3,0,0,3,5
2020-08-11,US,Ohio,Jackson,76,0,0,39.01914254,-82.61818559999998,39079.0,234.47382223182058,0.0,76,75,0,0,75,74,32384,1,0,0,1,1
2020-08-11,US,Ohio,Jefferson,237,3,0,40.38614126,-80.76259514,39081.0,362.80137772675084,1.2658227848101269,234,234,2,0,232,229,65767,3,1,0,2,5
2020-08-11,US,Ohio,Knox,212,7,0,40.39830217,-82.42027563,39083.0,340.16880074452035,3.30188679245283,205,206,7,0,199,205,61893,6,0,0,6,1
2020-08-11,US,Ohio,Lake,1131,41,0,41.69710807,-81.23676539,39085.0,491.42077523691177,3.6251105216622457,1090,1124,38,0,1086,1114,230514,7,3,0,4,10
2020-08-11,US,Ohio,Lawrence,300,0,0,38.59743452,-82.53466552,39087.0,504.5154129458655,0.0,300,288,0,0,288,283,59866,12,0,0,12,5
2020-08-11,US,Ohio,Licking,1319,51,0,40.09136236,-82.48185785,39089.0,745.7791950786489,3.866565579984837,1268,1299,49,0,1250,1281,175769,20,2,0,18,18
2020-08-11,US,Ohio,Logan,160,2,0,40.38996525,-83.76784341,39091.0,350.3240497460151,1.25,158,155,2,0,153,155,45358,5,0,0,5,0
2020-08-11,US,Ohio,Lorain,1813,77,0,41.29553751,-82.15083537,39093.0,585.1539377664742,4.247104247104248,1736,1802,78,0,1724,1770,309461,11,-1,0,12,32
2020-08-11,US,Ohio,Lucas,5448,326,0,41.62101218,-83.65468618,39095.0,1271.8630646110173,5.983847283406755,5122,5377,323,0,5054,5348,429899,71,3,0,68,29
2020-08-11,US,Ohio,Madison,401,10,0,39.89381073,-83.40178317,39097.0,896.4700096130199,2.4937655860349133,391,388,10,0,378,374,44413,13,0,0,13,14
2020-08-11,US,Ohio,Mahoning,2595,255,0,41.01631101,-80.77287029,39099.0,1134.7585959603466,9.826589595375722,2340,2566,254,0,2312,2554,229642,29,1,0,28,12
2020-08-11,US,Ohio,Marion,2935,45,0,40.58610662,-83.15736305,39101.0,4508.93337225201,1.5332197614991483,2890,2929,45,0,2884,2925,65256,6,0,0,6,4
2020-08-11,US,Ohio,Medina,945,35,0,41.11770589,-81.89986209999998,39103.0,525.741880208739,3.703703703703704,910,930,35,0,895,923,179146,15,0,0,15,7
2020-08-11,US,Ohio,Meigs,54,0,0,39.09224872,-82.0305041,39105.0,235.73580128345046,0.0,54,50,0,0,50,40,23106,4,0,0,4,10
2020-08-11,US,Ohio,Mercer,631,13,0,40.54043046,-84.62912742,39107.0,1532.5949674536093,2.060221870047544,618,625,13,0,612,612,40959,6,0,0,6,13
2020-08-11,US,Ohio,Miami,858,39,0,40.0543329,-84.22871271,39109.0,801.9665940721768,4.545454545454546,819,853,38,0,815,839,106222,5,1,0,4,14
2020-08-11,US,Ohio,Monroe,94,18,0,39.72984936,-81.08464734,39111.0,688.4429471217226,19.148936170212764,76,93,18,0,75,93,13790,1,0,0,1,0
2020-08-11,US,Ohio,Montgomery,4438,96,0,39.75394919,-84.29050975,39113.0,834.7016195618851,2.163136547994592,4342,4398,94,0,4304,4362,532331,40,2,0,38,36
2020-08-11,US,Ohio,Morgan,30,0,0,39.62081738,-81.85308173,39115.0,206.78246484698101,0.0,30,28,0,0,28,26,14604,2,0,0,2,2
2020-08-11,US,Ohio,Morrow,176,2,0,40.52363560000001,-82.7892599,39117.0,498.18840579710144,1.1363636363636365,174,172,2,0,170,170,35112,4,0,0,4,2
2020-08-11,US,Ohio,Muskingum,243,1,0,39.96575964,-81.94363275,39119.0,281.8535057704576,0.41152263374485604,242,239,1,0,238,236,86183,4,0,0,4,3
2020-08-11,US,Ohio,Noble,16,0,0,39.76818851,-81.45937183,39121.0,110.92623405435387,0.0,16,16,0,0,16,16,14354,0,0,0,0,0
2020-08-11,US,Ohio,Ottawa,396,26,0,41.53781826,-83.0940185,39123.0,977.1745835903764,6.565656565656567,370,390,26,0,364,386,40769,6,0,0,6,4
2020-08-11,US,Ohio,Paulding,70,0,0,41.11676341,-84.5801017,39125.0,374.8928877463582,0.0,70,70,0,0,70,69,18760,0,0,0,0,1
2020-08-11,US,Ohio,Perry,140,3,0,39.73508655,-82.23804971,39127.0,387.4467260751647,2.142857142857143,137,136,3,0,133,130,36033,4,0,0,4,6
2020-08-11,US,Ohio,Pickaway,2391,42,0,39.64170392,-83.0243386,39129.0,4090.185948646014,1.7565872020075282,2349,2387,42,0,2345,2387,58086,4,0,0,4,0
2020-08-11,US,Ohio,Pike,79,0,0,39.07634001,-83.06769584,39131.0,284.45916750684137,0.0,79,77,0,0,77,76,28067,2,0,0,2,1
2020-08-11,US,Ohio,Portage,771,63,0,41.16793482,-81.19735782,39133.0,474.56083118929496,8.171206225680933,708,765,61,0,704,758,162927,6,2,0,4,7
2020-08-11,US,Ohio,Preble,207,2,0,39.7420247,-84.64787018,39135.0,506.3353064918546,0.966183574879227,205,204,2,0,202,203,40997,3,0,0,3,1
2020-08-11,US,Ohio,Putnam,211,17,0,41.02094889,-84.1336111,39137.0,623.1357609048757,8.056872037914692,194,208,17,0,191,205,33780,3,0,0,3,3
2020-08-11,US,Ohio,Richland,614,12,0,40.77180308,-82.53799609999999,39139.0,506.79300724697487,1.954397394136808,602,608,12,0,596,604,121099,6,0,0,6,4
2020-08-11,US,Ohio,Ross,494,4,0,39.33705391,-83.06000914,39141.0,644.3534291602535,0.8097165991902834,490,490,4,0,486,484,76931,4,0,0,4,6
2020-08-11,US,Ohio,Sandusky,390,17,0,41.35624126,-83.137872,39143.0,666.4616015584949,4.3589743589743595,373,384,17,0,367,377,58799,6,0,0,6,7
2020-08-11,US,Ohio,Scioto,242,1,0,38.80270163,-82.98907345,39145.0,321.32140106753064,0.4132231404958678,241,234,1,0,233,226,75502,8,0,0,8,8
2020-08-11,US,Ohio,Seneca,228,3,0,41.12351311,-83.12783209,39147.0,413.2081626735293,1.3157894736842106,225,222,3,0,219,214,55207,6,0,0,6,8
2020-08-11,US,Ohio,Shelby,210,4,0,40.33163494,-84.20258189,39149.0,432.18769294093437,1.9047619047619049,206,200,4,0,196,194,48627,10,0,0,10,6
2020-08-11,US,Ohio,Stark,1884,140,0,40.81482476,-81.36437305,39151.0,508.3565835415509,7.4309978768577505,1744,1844,139,0,1705,1827,371574,40,1,0,39,17
2020-08-11,US,Ohio,Summit,3614,223,0,41.12464734,-81.53123079,39153.0,668.0061292427354,6.170448256779193,3391,3573,223,0,3350,3555,541918,41,0,0,41,18
2020-08-11,US,Ohio,Trumbull,1549,108,0,41.31735028,-80.76109643,39155.0,782.4259751280472,6.97224015493867,1441,1534,107,0,1427,1524,198627,15,1,0,14,10
2020-08-11,US,Ohio,Tuscarawas,793,14,0,40.44214695,-81.47226262,39157.0,862.0783371563373,1.7654476670870114,779,788,14,0,774,782,92176,5,0,0,5,6
2020-08-11,US,Ohio,Union,260,1,0,40.30016061,-83.37239023,39159.0,440.7676137519496,0.38461538461538464,259,254,1,0,253,251,57835,6,0,0,6,3
2020-08-11,US,Ohio,Van Wert,73,2,0,40.8554138,-84.59111700000003,39161.0,258.17860300618923,2.7397260273972597,71,72,1,0,71,71,28281,1,1,0,0,1
2020-08-11,US,Ohio,Vinton,32,2,0,39.25208988,-82.4831444,39163.0,244.5548337791364,6.25,30,31,2,0,29,31,13139,1,0,0,1,0
2020-08-11,US,Ohio,Warren,1821,39,0,39.42581994,-84.16557457,39165.0,776.2082164687426,2.1416803953871497,1782,1803,39,0,1764,1789,232173,18,0,0,18,14
2020-08-11,US,Ohio,Washington,209,22,0,39.45690571,-81.49121382,39167.0,348.8507953464305,10.526315789473683,187,205,22,0,183,203,60155,4,0,0,4,2
2020-08-11,US,Ohio,Wayne,545,58,0,40.82925852,-81.88844833,39169.0,471.00509895428223,10.642201834862382,487,544,58,0,486,539,115967,1,0,0,1,5
2020-08-11,US,Ohio,Williams,136,3,0,41.56052014,-84.58429552,39171.0,370.65300337948327,2.2058823529411766,133,135,3,0,132,135,36804,1,0,0,1,0
2020-08-11,US,Ohio,Wood,1068,58,0,41.36224827,-83.62285108,39173.0,816.4076534395376,5.430711610486891,1010,1058,58,0,1000,1043,130696,10,0,0,10,15
2020-08-11,US,Ohio,Wyandot,150,9,0,40.84339621,-83.30734173,39175.0,688.9582950578723,6.0,141,148,8,0,140,146,21935,2,1,0,1,2
2020-08-11,US,Oklahoma,Adair,344,6,0,35.88494195,-94.65859267,40001.0,1549.968459944129,1.7441860465116281,338,341,6,0,335,340,22082,3,0,0,3,1
2020-08-11,US,Oklahoma,Alfalfa,3,0,0,36.73090616,-98.32408495,40003.0,52.6131182041389,0.0,3,3,0,0,3,3,5754,0,0,0,0,0
2020-08-11,US,Oklahoma,Atoka,76,0,0,34.37366573,-96.03802487,40005.0,552.4058729466492,0.0,76,70,0,0,70,70,13838,6,0,0,6,0
2020-08-11,US,Oklahoma,Beaver,37,0,0,36.7496847,-100.4758872,40007.0,696.6672942948597,0.0,37,36,0,0,36,36,5319,1,0,0,1,0
2020-08-11,US,Oklahoma,Beckham,61,1,0,35.26862449,-99.68128023,40009.0,279.0612562331305,1.639344262295082,60,59,1,0,58,60,21709,2,0,0,2,-1
2020-08-11,US,Oklahoma,Blaine,45,0,0,35.87518314,-98.43307003,40011.0,477.2510340439071,0.0,45,42,0,0,42,42,9485,3,0,0,3,0
2020-08-11,US,Oklahoma,Bryan,465,1,0,33.96472458,-96.25903472,40013.0,968.8509219710388,0.21505376344086025,464,458,1,0,457,452,47192,7,0,0,7,6
2020-08-11,US,Oklahoma,Caddo,427,17,0,35.17364557,-98.37534464,40015.0,1484.597733120089,3.981264637002342,410,425,16,0,409,417,28977,2,1,0,1,8
2020-08-11,US,Oklahoma,Canadian,1238,9,0,35.5426055,-97.98465569,40017.0,834.7605626205278,0.7269789983844911,1229,1224,7,0,1217,1208,144447,14,2,0,12,16
2020-08-11,US,Oklahoma,Carter,349,5,0,34.25103751,-97.28552485,40019.0,725.4058323460333,1.4326647564469914,344,342,4,0,338,338,48177,7,1,0,6,4
2020-08-11,US,Oklahoma,Cherokee,449,2,0,35.90692775,-94.99980896,40021.0,922.78603284214,0.44543429844098004,447,445,2,0,443,440,48675,4,0,0,4,5
2020-08-11,US,Oklahoma,Choctaw,191,1,0,34.02807439,-95.54771129,40023.0,1301.7993456924755,0.5235602094240838,190,188,1,0,187,185,14668,3,0,0,3,3
2020-08-11,US,Oklahoma,Cimarron,1,0,0,36.74817177,-102.5173885,40025.0,46.79457182966776,0.0,1,1,0,0,1,1,2153,0,0,0,0,0
2020-08-11,US,Oklahoma,Cleveland,3048,56,0,35.20413532,-97.32519562,40027.0,1073.1865330582298,1.837270341207349,2992,3017,55,0,2962,2994,281669,31,1,0,30,23
2020-08-11,US,Oklahoma,Coal,39,0,0,34.58840127,-96.29798747,40029.0,709.7361237488626,0.0,39,37,0,0,37,35,5520,2,0,0,2,2
2020-08-11,US,Oklahoma,Comanche,840,10,0,34.65973764,-98.47195055,40031.0,695.6579350553627,1.1904761904761905,830,831,10,0,821,831,120422,9,0,0,9,0
2020-08-11,US,Oklahoma,Cotton,19,2,0,34.28845626,-98.37053567,40033.0,335.3335686551359,10.526315789473683,17,18,2,0,16,18,5776,1,0,0,1,0
2020-08-11,US,Oklahoma,Craig,86,1,0,36.76268118,-95.20916602,40035.0,608.1176636967898,1.162790697674419,85,86,0,0,86,82,14306,0,1,0,-1,4
2020-08-11,US,Oklahoma,Creek,621,14,0,35.90230551,-96.37086028,40037.0,868.2643102821512,2.2544283413848634,607,607,14,0,593,596,71604,14,0,0,14,11
2020-08-11,US,Oklahoma,Custer,209,0,0,35.63853802,-99.00170785,40039.0,720.6151087818503,0.0,209,206,0,0,206,206,29036,3,0,0,3,0
2020-08-11,US,Oklahoma,Delaware,438,20,0,36.40823634,-94.80325046,40041.0,1018.3914994536027,4.5662100456621015,418,431,19,0,412,426,42733,7,1,0,6,5
2020-08-11,US,Oklahoma,Dewey,10,0,0,35.98772922,-99.00730714,40043.0,204.4571662236761,0.0,10,10,0,0,10,10,4894,0,0,0,0,0
2020-08-11,US,Oklahoma,Ellis,5,0,0,36.218019399999996,-99.75324573,40045.0,129.5672454003628,0.0,5,5,0,0,5,5,3952,0,0,0,0,0
2020-08-11,US,Oklahoma,Garfield,492,5,0,36.3791334,-97.78265517,40047.0,805.8176100628931,1.0162601626016259,487,460,5,0,455,452,60913,32,0,0,32,8
2020-08-11,US,Oklahoma,Garvin,235,4,0,34.70418038,-97.30811132,40049.0,848.0386849987369,1.702127659574468,231,227,4,0,223,226,27811,8,0,0,8,1
2020-08-11,US,Oklahoma,Grady,445,7,0,35.0167709,-97.88339847,40051.0,797.0054088906401,1.5730337078651686,438,442,7,0,435,441,55551,3,0,0,3,1
2020-08-11,US,Oklahoma,Grant,16,0,0,36.796296999999996,-97.78638765,40053.0,369.25917378259874,0.0,16,15,0,0,15,15,4326,1,0,0,1,0
2020-08-11,US,Oklahoma,Greer,83,8,0,34.93535801,-99.56056120000001,40055.0,1453.081232492997,9.63855421686747,75,83,8,0,75,83,5821,0,0,0,0,0
2020-08-11,US,Oklahoma,Harmon,32,0,0,34.7440135,-99.84741652,40057.0,1206.181681115718,0.0,32,32,0,0,32,32,2664,0,0,0,0,0
2020-08-11,US,Oklahoma,Harper,10,0,0,36.78836519,-99.6679804,40059.0,271.14967462039044,0.0,10,10,0,0,10,10,3797,0,0,0,0,0
2020-08-11,US,Oklahoma,Haskell,62,0,0,35.22257600000001,-95.11513306,40061.0,491.01132493862366,0.0,62,60,0,0,60,58,12668,2,0,0,2,2
2020-08-11,US,Oklahoma,Hughes,141,2,0,35.04912569,-96.24921145,40063.0,1061.8269448000603,1.4184397163120568,139,138,2,0,136,137,13335,3,0,0,3,1
2020-08-11,US,Oklahoma,Jackson,527,7,0,34.58781741,-99.41138784,40065.0,2148.389726865063,1.3282732447817838,520,523,7,0,516,523,24949,4,0,0,4,0
2020-08-11,US,Oklahoma,Jefferson,33,0,0,34.11130184,-97.83182974,40067.0,549.8167277574141,0.0,33,33,0,0,33,33,6123,0,0,0,0,0
2020-08-11,US,Oklahoma,Johnston,48,0,0,34.31440473,-96.66011537,40069.0,433.0175913396482,0.0,48,48,0,0,48,47,10949,0,0,0,0,1
2020-08-11,US,Oklahoma,Kay,251,11,0,36.81799745,-97.14421435,40071.0,576.507878175387,4.382470119521912,240,244,11,0,233,244,44161,7,0,0,7,0
2020-08-11,US,Oklahoma,Kingfisher,138,0,0,35.94530008,-97.94193268,40073.0,875.3568030447192,0.0,138,139,0,0,139,136,15816,-1,0,0,-1,3
2020-08-11,US,Oklahoma,Kiowa,30,1,0,34.91671958,-98.97720696,40075.0,344.5107946715664,3.333333333333333,29,29,1,0,28,28,8729,1,0,0,1,1
2020-08-11,US,Oklahoma,Latimer,93,1,0,34.87844729,-95.25215049,40077.0,923.2602005360866,1.075268817204301,92,92,1,0,91,88,10231,1,0,0,1,4
2020-08-11,US,Oklahoma,Le Flore,360,1,0,34.89851864,-94.70392124,40079.0,722.1230417427237,0.2777777777777778,359,345,1,0,344,340,49980,15,0,0,15,5
2020-08-11,US,Oklahoma,Lincoln,174,2,0,35.70270942,-96.8812462,40081.0,498.89612065257904,1.1494252873563218,172,167,2,0,165,164,34920,7,0,0,7,3
2020-08-11,US,Oklahoma,Logan,225,1,0,35.91899576,-97.44352845,40083.0,468.6426027368728,0.4444444444444444,224,222,1,0,221,220,47291,3,0,0,3,2
2020-08-11,US,Oklahoma,Love,75,0,0,33.95273467,-97.23906784,40085.0,731.4932214961475,0.0,75,75,0,0,75,75,10134,0,0,0,0,0
2020-08-11,US,Oklahoma,Major,35,1,0,36.31149996,-98.53467076,40093.0,458.7757242102504,2.8571428571428568,34,34,1,0,33,34,7644,1,0,0,1,0
2020-08-11,US,Oklahoma,Marshall,110,1,0,34.02311222,-96.76855464,40095.0,649.6958242277481,0.9090909090909092,109,107,1,0,106,107,16806,3,0,0,3,0
2020-08-11,US,Oklahoma,Mayes,326,6,0,36.30179091,-95.23175116,40097.0,793.1873479318733,1.8404907975460123,320,322,6,0,316,316,41107,4,0,0,4,6
2020-08-11,US,Oklahoma,McClain,454,4,0,35.01123903,-97.44572302,40087.0,1121.707763008351,0.8810572687224669,450,445,4,0,441,440,39985,9,0,0,9,5
2020-08-11,US,Oklahoma,McCurtain,865,28,0,34.11664328,-94.77222373,40089.0,2634.624756335283,3.23699421965318,837,858,28,0,830,854,32703,7,0,0,7,4
2020-08-11,US,Oklahoma,McIntosh,194,1,0,35.37235506,-95.66599306,40091.0,989.9979587670952,0.5154639175257731,193,181,1,0,180,180,19815,13,0,0,13,1
2020-08-11,US,Oklahoma,Murray,76,0,0,34.48116015,-97.06826283,40099.0,540.0412136715697,0.0,76,73,0,0,73,73,13953,3,0,0,3,0
2020-08-11,US,Oklahoma,Muskogee,520,16,0,35.61318461,-95.37802952,40101.0,764.7396208656264,3.0769230769230766,504,509,16,0,493,506,68362,11,0,0,11,3
2020-08-11,US,Oklahoma,Noble,87,2,0,36.38953329,-97.22928674,40103.0,781.6009343275537,2.2988505747126435,85,84,2,0,82,83,11289,3,0,0,3,1
2020-08-11,US,Oklahoma,Nowata,58,1,0,36.79843529,-95.61902331,40105.0,575.6252481143309,1.7241379310344829,57,58,1,0,57,57,10218,0,0,0,0,1
2020-08-11,US,Oklahoma,Okfuskee,71,1,0,35.46485198,-96.32639984,40107.0,592.0120070040857,1.4084507042253518,70,67,1,0,66,66,12098,4,0,0,4,1
2020-08-11,US,Oklahoma,Oklahoma,10794,115,0,35.55140095,-97.40716948,40109.0,1353.5916452019853,1.0654067074300535,10679,10665,112,0,10553,10560,792582,129,3,0,126,105
2020-08-11,US,Oklahoma,Okmulgee,479,3,0,35.64661916,-95.96432828,40111.0,1245.2879240868322,0.6263048016701461,476,469,3,0,466,467,38335,10,0,0,10,2
2020-08-11,US,Oklahoma,Osage,431,11,0,36.62888819,-96.39635704,40113.0,917.74375572259,2.5522041763341066,420,426,11,0,415,417,47014,5,0,0,5,9
2020-08-11,US,Oklahoma,Ottawa,387,3,0,36.83532655,-94.81011909,40115.0,1243.2936036238634,0.7751937984496124,384,371,3,0,368,369,31175,16,0,0,16,2
2020-08-11,US,Oklahoma,Pawnee,149,3,0,36.31743373,-96.70331759999999,40117.0,909.8680996580362,2.0134228187919465,146,138,3,0,135,137,16390,11,0,0,11,1
2020-08-11,US,Oklahoma,Payne,754,4,0,36.07695283,-96.97584944,40119.0,921.9407219015944,0.5305039787798409,750,740,4,0,736,730,82040,14,0,0,14,10
2020-08-11,US,Oklahoma,Pittsburg,377,4,0,34.92065823,-95.75134320000001,40121.0,863.6092912447888,1.0610079575596818,373,361,3,0,358,350,43877,16,1,0,15,11
2020-08-11,US,Oklahoma,Pontotoc,207,2,0,34.72959848,-96.68337199,40123.0,540.695852053077,0.966183574879227,205,201,2,0,199,199,38247,6,0,0,6,2
2020-08-11,US,Oklahoma,Pottawatomie,459,9,0,35.20614018,-96.94923008,40125.0,632.3010800088164,1.96078431372549,450,448,9,0,439,447,72679,11,0,0,11,1
2020-08-11,US,Oklahoma,Pushmataha,109,0,0,34.41635232,-95.37603505,40127.0,982.3359769286227,0.0,109,108,0,0,108,108,11179,1,0,0,1,0
2020-08-11,US,Oklahoma,Roger Mills,9,1,0,35.68711719,-99.69666167,40129.0,251.18615685180012,11.111111111111109,8,8,1,0,7,8,3656,1,0,0,1,0
2020-08-11,US,Oklahoma,Rogers,1020,17,0,36.37004357,-95.60406759,40131.0,1103.1916849630647,1.6666666666666667,1003,986,16,0,970,976,91984,34,1,0,33,10
2020-08-11,US,Oklahoma,Seminole,241,5,0,35.16478725,-96.61686741,40133.0,993.4866848050128,2.074688796680498,236,236,5,0,231,235,24578,5,0,0,5,1
2020-08-11,US,Oklahoma,Sequoyah,354,4,0,35.49447108,-94.75463785,40135.0,851.5961413553371,1.1299435028248588,350,339,4,0,335,340,41179,15,0,0,15,-1
2020-08-11,US,Oklahoma,Stephens,202,3,0,34.48556989,-97.85141892,40137.0,468.2103701643372,1.4851485148514851,199,201,3,0,198,200,43265,1,0,0,1,1
2020-08-11,US,Oklahoma,Texas,1058,7,0,36.74777635,-101.4889765,40139.0,5294.500325276486,0.6616257088846881,1051,1056,7,0,1049,1056,20455,2,0,0,2,0
2020-08-11,US,Oklahoma,Tillman,59,1,0,34.37288446,-98.92426619,40141.0,813.7931034482757,1.6949152542372878,58,58,1,0,57,58,7348,1,0,0,1,0
2020-08-11,US,Oklahoma,Tulsa,10747,108,0,36.11939621,-95.94013939,40143.0,1649.4462452728255,1.0049316088210662,10639,10562,107,0,10455,10465,648360,185,1,0,184,97
2020-08-11,US,Oklahoma,Unassigned,3,0,0,0.0,0.0,90040.0,0.0,0.0,3,1,0,0,1,5,,2,0,0,2,-4
2020-08-11,US,Oklahoma,Wagoner,890,23,0,35.96024096,-95.51911308,40145.0,1094.8590830247635,2.5842696629213484,867,864,23,0,841,860,80110,26,0,0,26,4
2020-08-11,US,Oklahoma,Washington,642,39,0,36.71380786,-95.90514104,40147.0,1245.9487259106875,6.074766355140188,603,636,39,0,597,632,51843,6,0,0,6,4
2020-08-11,US,Oklahoma,Washita,29,0,0,35.29071824,-98.99180434,40149.0,265.66507878343714,0.0,29,28,0,0,28,27,11127,1,0,0,1,1
2020-08-11,US,Oklahoma,Woods,20,0,0,36.76705782,-98.86573064,40151.0,227.45365631752534,0.0,20,20,0,0,20,20,8897,0,0,0,0,0
2020-08-11,US,Oklahoma,Woodward,41,0,0,36.42316318,-99.26283045,40153.0,202.8598288060957,0.0,41,37,0,0,37,37,20222,4,0,0,4,0
2020-08-11,US,Oregon,Baker,40,0,0,44.70915557,-117.6749883,41001.0,248.07740014884644,0.0,40,40,0,0,40,38,16006,0,0,0,0,2
2020-08-11,US,Oregon,Benton,171,6,0,44.49167306,-123.4316987,41003.0,183.766240744522,3.5087719298245608,165,169,6,0,163,169,92101,2,0,0,2,0
2020-08-11,US,Oregon,Clackamas,1571,44,0,45.18787398,-122.2179634,41005.0,375.669258011368,2.8007638446849143,1527,1549,40,0,1509,1538,416075,22,4,0,18,11
2020-08-11,US,Oregon,Clatsop,89,0,0,45.99712889,-123.660711,41007.0,221.26093874303902,0.0,89,85,0,0,85,85,39764,4,0,0,4,0
2020-08-11,US,Oregon,Columbia,101,0,0,45.94464254,-123.08908980000001,41009.0,192.91744661343932,0.0,101,97,0,0,97,96,52377,4,0,0,4,1
2020-08-11,US,Oregon,Coos,91,0,0,43.17406868,-124.0594514,41011.0,141.11371284134788,0.0,91,91,0,0,91,91,64389,0,0,0,0,0
2020-08-11,US,Oregon,Crook,50,1,0,44.14230227,-120.356297,41013.0,204.88444517292248,2.0,49,49,1,0,48,47,23867,1,0,0,1,2
2020-08-11,US,Oregon,Curry,17,0,0,42.45911325,-124.15728200000001,41015.0,74.15485278080698,0.0,17,15,0,0,15,15,22813,2,0,0,2,0
2020-08-11,US,Oregon,Deschutes,616,10,0,43.91570171,-121.2289121,41017.0,311.5958157133318,1.6233766233766234,606,611,10,0,601,604,191996,5,0,0,5,7
2020-08-11,US,Oregon,Douglas,156,1,0,43.27941273,-123.16729099999999,41019.0,140.5658677239142,0.6410256410256411,155,151,1,0,150,151,110283,5,0,0,5,0
2020-08-11,US,Oregon,Gilliam,4,0,0,45.37160076,-120.20488689999999,41021.0,209.20502092050208,0.0,4,4,0,0,4,4,1894,0,0,0,0,0
2020-08-11,US,Oregon,Grant,4,0,0,44.49024544,-119.0068631,41023.0,55.563272676760654,0.0,4,4,0,0,4,4,7176,0,0,0,0,0
2020-08-11,US,Oregon,Harney,10,0,0,43.06422669,-118.96663059999999,41025.0,135.26308670363858,0.0,10,10,0,0,10,10,7329,0,0,0,0,0
2020-08-11,US,Oregon,Hood River,201,0,0,45.51872811,-121.65520359999998,41027.0,859.6356171413909,0.0,201,193,0,0,193,191,23428,8,0,0,8,2
2020-08-11,US,Oregon,Jackson,486,2,0,42.43201126,-122.72893090000001,41029.0,219.9652400608299,0.41152263374485604,484,473,2,0,471,465,219564,13,0,0,13,8
2020-08-11,US,Oregon,Jefferson,377,4,0,44.62806839,-121.17832,41031.0,1528.9155649282181,1.0610079575596818,373,371,4,0,367,360,24192,6,0,0,6,11
2020-08-11,US,Oregon,Josephine,124,2,0,42.3665549,-123.5561938,41033.0,141.73534353675404,1.6129032258064515,122,115,2,0,113,115,87393,9,0,0,9,0
2020-08-11,US,Oregon,Klamath,204,2,0,42.68762984,-121.64964609999998,41035.0,298.95366218236165,0.9803921568627452,202,201,2,0,199,201,67653,3,0,0,3,0
2020-08-11,US,Oregon,Lake,32,0,0,42.79246693,-120.38501629999999,41037.0,406.6590418096328,0.0,32,32,0,0,32,32,7879,0,0,0,0,0
2020-08-11,US,Oregon,Lane,596,3,0,43.93727035,-122.847753,41039.0,155.99358227745398,0.5033557046979866,593,590,3,0,587,585,379611,6,0,0,6,5
2020-08-11,US,Oregon,Lincoln,419,9,0,44.64252874,-123.86991200000001,41041.0,838.6373643969417,2.1479713603818618,410,418,9,0,409,416,49388,1,0,0,1,2
2020-08-11,US,Oregon,Linn,296,11,0,44.48899494,-122.53731540000001,41043.0,228.13277944338685,3.716216216216216,285,284,10,0,274,281,127335,12,1,0,11,3
2020-08-11,US,Oregon,Malheur,822,13,0,43.1937027,-117.62273950000001,41045.0,2688.822740505708,1.5815085158150852,809,804,14,0,790,783,30725,18,-1,0,19,21
2020-08-11,US,Oregon,Marion,2979,73,0,44.90287942,-122.58151170000001,41047.0,856.4824132161071,2.4504867405169515,2906,2938,70,0,2868,2911,346868,41,3,0,38,27
2020-08-11,US,Oregon,Morrow,377,3,0,45.41846568,-119.584546,41049.0,3249.159700077566,0.7957559681697612,374,372,3,0,369,357,11372,5,0,0,5,15
2020-08-11,US,Oregon,Multnomah,5014,98,0,45.54747959,-122.4169351,41051.0,616.8381814714803,1.954527323494216,4916,4960,96,0,4864,4917,811880,54,2,0,52,43
2020-08-11,US,Oregon,Polk,326,12,0,44.90322804,-123.4128888,41053.0,378.6954754022188,3.6809815950920246,314,319,12,0,307,313,85234,7,0,0,7,6
2020-08-11,US,Oregon,Sherman,16,0,0,45.41501554,-120.6827834,41055.0,898.876404494382,0.0,16,16,0,0,16,16,1708,0,0,0,0,0
2020-08-11,US,Oregon,Tillamook,34,0,0,45.46248721,-123.712066,41057.0,125.75824826157715,0.0,34,34,0,0,34,34,26787,0,0,0,0,0
2020-08-11,US,Oregon,Umatilla,2312,30,0,45.59073056,-118.7353826,41059.0,2966.0038486209114,1.2975778546712802,2282,2302,28,0,2274,2290,77516,10,2,0,8,12
2020-08-11,US,Oregon,Union,395,2,0,45.30915495,-118.0068979,41061.0,1471.9582634618964,0.5063291139240507,393,394,2,0,392,394,26461,1,0,0,1,0
2020-08-11,US,Oregon,Wallowa,19,1,0,45.57894064,-117.18353799999998,41063.0,263.59600443951166,5.2631578947368425,18,19,1,0,18,19,7081,0,0,0,0,0
2020-08-11,US,Oregon,Wasco,194,3,0,45.16292781,-121.16709540000001,41065.0,727.0819278914624,1.5463917525773196,191,192,3,0,189,192,26505,2,0,0,2,0
2020-08-11,US,Oregon,Washington,3161,25,0,45.55972701,-123.0955257,41067.0,525.4391680740437,0.7908889591901297,3136,3119,25,0,3094,3088,597695,42,0,0,42,31
2020-08-11,US,Oregon,Yamhill,470,13,0,45.23330449,-123.3086963,41071.0,438.8422035480859,2.765957446808511,457,467,13,0,454,460,107002,3,0,0,3,7
2020-08-11,US,Pennsylvania,Adams,531,20,0,39.87140411,-77.21610347,42001.0,515.4889378597986,3.766478342749529,511,524,20,0,504,518,102811,7,0,0,7,6
2020-08-11,US,Pennsylvania,Allegheny,9008,254,0,40.46809875,-79.98167747,42003.0,740.7620606145332,2.8197158081705154,8754,8932,247,0,8685,8857,1218452,76,7,0,69,75
2020-08-11,US,Pennsylvania,Armstrong,222,8,0,40.81665618,-79.46290811,42005.0,342.9365876264772,3.603603603603604,214,216,7,0,209,212,65263,6,1,0,5,4
2020-08-11,US,Pennsylvania,Beaver,1332,92,0,40.6825484,-80.34921611,42007.0,812.5468953022345,6.906906906906907,1240,1326,92,0,1234,1316,164742,6,0,0,6,10
2020-08-11,US,Pennsylvania,Bedford,143,4,0,40.00522157,-78.48998442,42009.0,298.61343133979284,2.797202797202797,139,143,4,0,139,142,48176,0,0,0,0,1
2020-08-11,US,Pennsylvania,Berks,5431,369,0,40.41570541,-75.92457766,42011.0,1289.521421583991,6.7943288528816055,5062,5407,368,0,5039,5382,420152,24,1,0,23,25
2020-08-11,US,Pennsylvania,Blair,298,6,0,40.47961444,-78.34917412,42013.0,244.6051432745898,2.0134228187919465,292,293,5,0,288,284,122492,5,1,0,4,9
2020-08-11,US,Pennsylvania,Bradford,90,3,0,41.78869215,-76.51570822,42015.0,149.19682376539632,3.333333333333333,87,86,3,0,83,85,60833,4,0,0,4,1
2020-08-11,US,Pennsylvania,Bucks,7231,582,0,40.33682119,-75.10836643,42017.0,1150.938290862209,8.048679297469231,6649,7210,582,0,6628,7197,628195,21,0,0,21,13
2020-08-11,US,Pennsylvania,Butler,677,15,0,40.91152759,-79.91351055,42019.0,360.3881758609125,2.2156573116691285,662,671,15,0,656,661,187888,6,0,0,6,10
2020-08-11,US,Pennsylvania,Cambria,349,3,0,40.49527404,-78.71377428,42021.0,268.06562615214455,0.8595988538681948,346,341,3,0,338,336,131730,8,0,0,8,5
2020-08-11,US,Pennsylvania,Cameron,7,0,0,41.43625568,-78.20376845,42023.0,157.40948954351248,0.0,7,7,0,0,7,7,4492,0,0,0,0,0
2020-08-11,US,Pennsylvania,Carbon,372,28,0,40.91545395,-75.7068525,42025.0,579.6017575021034,7.526881720430107,344,372,28,0,344,372,64227,0,0,0,0,0
2020-08-11,US,Pennsylvania,Centre,373,10,0,40.92058903,-77.82200624,42027.0,229.70101918280636,2.680965147453083,363,372,10,0,362,372,162805,1,0,0,1,0
2020-08-11,US,Pennsylvania,Chester,5194,349,0,39.97291773,-75.74768357,42029.0,989.3540626565507,6.719291490180978,4845,5157,349,0,4808,5102,522046,37,0,0,37,55
2020-08-11,US,Pennsylvania,Clarion,81,2,0,41.19265812,-79.42413524,42031.0,210.7289661272699,2.469135802469136,79,80,2,0,78,80,38779,1,0,0,1,0
2020-08-11,US,Pennsylvania,Clearfield,174,1,0,41.00110782,-78.47592663,42033.0,219.54450823291907,0.5747126436781609,173,174,0,0,174,172,79388,0,1,0,-1,2
2020-08-11,US,Pennsylvania,Clinton,123,5,0,41.23255967,-77.63785995,42035.0,318.3889003934562,4.0650406504065035,118,122,5,0,117,120,38684,1,0,0,1,2
2020-08-11,US,Pennsylvania,Columbia,478,35,0,41.04821986,-76.40565017,42037.0,735.7921310264146,7.322175732217572,443,477,35,0,442,471,65456,1,0,0,1,6
2020-08-11,US,Pennsylvania,Crawford,158,1,0,41.68447709,-80.10760592,42039.0,186.6972314454856,0.6329113924050633,157,154,1,0,153,144,85063,4,0,0,4,10
2020-08-11,US,Pennsylvania,Cumberland,1311,71,0,40.1625372,-77.26130755,42041.0,517.4251095236216,5.415713196033561,1240,1300,71,0,1229,1286,251423,11,0,0,11,14
2020-08-11,US,Pennsylvania,Dauphin,2850,159,0,40.41377078,-76.77993242,42043.0,1024.0784192541116,5.578947368421051,2691,2829,159,0,2670,2801,277097,21,0,0,21,28
2020-08-11,US,Pennsylvania,Delaware,9347,701,0,39.91680171,-75.40243663,42045.0,1649.2367846675854,7.499732534503049,8646,9274,699,0,8575,9226,564751,73,2,0,71,48
2020-08-11,US,Pennsylvania,Elk,50,2,0,41.42822061,-78.64524744,42047.0,167.16817118020728,4.0,48,49,2,0,47,48,30169,1,0,0,1,1
2020-08-11,US,Pennsylvania,Erie,1126,21,0,41.99253829,-80.03301954,42049.0,417.45758690236084,1.8650088809946717,1105,1110,19,0,1091,1102,272061,16,2,0,14,8
2020-08-11,US,Pennsylvania,Fayette,562,6,0,39.92041012,-79.64291195,42051.0,434.735522997664,1.0676156583629892,556,501,5,0,496,494,130441,61,1,0,60,7
2020-08-11,US,Pennsylvania,Forest,10,0,0,41.51095103,-79.23229292,42053.0,137.9881330205602,0.0,10,10,0,0,10,10,7279,0,0,0,0,0
2020-08-11,US,Pennsylvania,Franklin,1375,46,0,39.92956518,-77.72157791,42055.0,886.9422745715262,3.345454545454545,1329,1368,46,0,1322,1350,154835,7,0,0,7,18
2020-08-11,US,Pennsylvania,Fulton,27,2,0,39.92913544,-78.11163677,42057.0,185.8224363386097,7.407407407407407,25,27,2,0,25,27,14523,0,0,0,0,0
2020-08-11,US,Pennsylvania,Greene,117,1,0,39.85746531,-80.22357106,42059.0,322.9100543703254,0.8547008547008547,116,116,1,0,115,116,36506,1,0,0,1,0
2020-08-11,US,Pennsylvania,Huntingdon,310,4,0,40.42162652,-77.97673273,42061.0,686.6914761651602,1.2903225806451613,306,308,4,0,304,308,45168,2,0,0,2,0
2020-08-11,US,Pennsylvania,Indiana,326,7,0,40.65241041,-79.08963285,42063.0,387.7582577046138,2.147239263803681,319,322,6,0,316,320,84501,4,1,0,3,2
2020-08-11,US,Pennsylvania,Jefferson,73,1,0,41.12913106,-78.9986361,42065.0,168.10592976396092,1.3698630136986298,72,73,1,0,72,71,43641,0,0,0,0,2
2020-08-11,US,Pennsylvania,Juniata,133,6,0,40.53358749,-77.39975129999998,42067.0,537.0916286395025,4.511278195488722,127,133,6,0,127,132,24704,0,0,0,0,1
2020-08-11,US,Pennsylvania,Lackawanna,1944,212,0,41.43564672,-75.60379201,42069.0,927.1535812737868,10.905349794238685,1732,1940,212,0,1728,1932,210793,4,0,0,4,8
2020-08-11,US,Pennsylvania,Lancaster,5999,414,0,40.03904563,-76.24770128,42071.0,1099.2736254956717,6.901150191698616,5585,5975,411,0,5564,5923,543557,24,3,0,21,52
2020-08-11,US,Pennsylvania,Lawrence,392,16,0,40.99206278,-80.33393706,42073.0,458.41519318925987,4.081632653061225,376,392,16,0,376,391,86184,0,0,0,0,1
2020-08-11,US,Pennsylvania,Lebanon,1621,55,0,40.36680311,-76.45651841,42075.0,1143.2158146029774,3.392967304133251,1566,1617,54,0,1563,1610,141314,4,1,0,3,7
2020-08-11,US,Pennsylvania,Lehigh,4992,338,0,40.6154815,-75.59435245,42077.0,1351.6806654427894,6.770833333333332,4654,4975,337,0,4638,4968,368100,17,1,0,16,7
2020-08-11,US,Pennsylvania,Luzerne,3477,184,0,41.17823008,-75.98447579,42079.0,1095.4044679396504,5.291918320391142,3293,3462,184,0,3278,3448,317646,15,0,0,15,14
2020-08-11,US,Pennsylvania,Lycoming,407,20,0,41.34310539,-77.06629984,42081.0,359.2264715487338,4.914004914004914,387,400,20,0,380,391,113664,7,0,0,7,9
2020-08-11,US,Pennsylvania,McKean,34,1,0,41.80938602,-78.56478358,42083.0,83.69230769230771,2.9411764705882355,33,34,1,0,33,34,40968,0,0,0,0,0
2020-08-11,US,Pennsylvania,Mercer,446,11,0,41.30248872,-80.25816981,42085.0,407.5888287761368,2.4663677130044843,435,442,9,0,433,437,110683,4,2,0,2,5
2020-08-11,US,Pennsylvania,Mifflin,120,1,0,40.61116939,-77.61070738,42087.0,260.08929732541503,0.8333333333333334,119,120,1,0,119,120,46222,0,0,0,0,0
2020-08-11,US,Pennsylvania,Monroe,1642,124,0,41.05934058,-75.34031025,42089.0,964.3450734417488,7.551766138855054,1518,1636,124,0,1512,1634,169507,6,0,0,6,2
2020-08-11,US,Pennsylvania,Montgomery,10187,858,0,40.21053671,-75.36652296,42091.0,1225.9978457483614,8.422499263767548,9329,10149,857,0,9292,10121,828604,38,1,0,37,28
2020-08-11,US,Pennsylvania,Montour,104,3,0,41.03023987,-76.66345939,42093.0,570.4882062534283,2.8846153846153846,101,102,3,0,99,102,18240,2,0,0,2,0
2020-08-11,US,Pennsylvania,Northampton,3944,292,0,40.75182733,-75.30471829,42095.0,1291.9075617865276,7.403651115618661,3652,3931,292,0,3639,3928,304807,13,0,0,13,3
2020-08-11,US,Pennsylvania,Northumberland,507,13,0,40.84785433,-76.70798222,42097.0,558.1057428750702,2.5641025641025643,494,475,13,0,462,466,91083,32,0,0,32,9
2020-08-11,US,Pennsylvania,Perry,124,5,0,40.40206612,-77.26297447,42099.0,267.98063623789767,4.032258064516129,119,124,5,0,119,124,46139,0,0,0,0,0
2020-08-11,US,Pennsylvania,Philadelphia,31584,1700,0,40.00338507,-75.1379271,42101.0,1993.858833986505,5.382472137791287,29884,31448,1699,0,29749,31120,1584138,136,1,0,135,328
2020-08-11,US,Pennsylvania,Pike,526,21,0,41.33155042,-75.03208106,42103.0,942.500313569496,3.9923954372623576,505,526,21,0,505,526,55933,0,0,0,0,0
2020-08-11,US,Pennsylvania,Potter,20,0,0,41.74471626,-77.89559864,42105.0,121.0214207914801,0.0,20,20,0,0,20,20,16622,0,0,0,0,0
2020-08-11,US,Pennsylvania,Schuylkill,922,51,0,40.70497338,-76.2150785,42107.0,652.240041313252,5.531453362255966,871,919,51,0,868,916,142067,3,0,0,3,3
2020-08-11,US,Pennsylvania,Snyder,109,2,0,40.77129231,-77.06840691,42109.0,269.9891013573764,1.834862385321101,107,106,2,0,104,104,40540,3,0,0,3,2
2020-08-11,US,Pennsylvania,Somerset,136,3,0,39.97172723,-79.02699593,42111.0,185.1675357740956,2.2058823529411766,133,135,3,0,132,134,73952,1,0,0,1,1
2020-08-11,US,Pennsylvania,Sullivan,10,0,0,41.44634738,-76.51246591,42113.0,164.85328058028355,0.0,10,10,0,0,10,10,6071,0,0,0,0,0
2020-08-11,US,Pennsylvania,Susquehanna,215,27,0,41.82147784,-75.80071959,42115.0,533.1283475500893,12.55813953488372,188,214,27,0,187,214,40589,1,0,0,1,0
2020-08-11,US,Pennsylvania,Tioga,38,3,0,41.77255149,-77.25433032,42117.0,93.61681160848465,7.894736842105262,35,38,3,0,35,38,40763,0,0,0,0,0
2020-08-11,US,Pennsylvania,Union,262,2,0,40.96188846,-77.05996014,42119.0,583.220176746878,0.7633587786259542,260,238,2,0,236,225,44785,24,0,0,24,13
2020-08-11,US,Pennsylvania,Venango,65,0,0,41.40323442,-79.75845449,42121.0,128.28609773427016,0.0,65,64,0,0,64,63,51266,1,0,0,1,1
2020-08-11,US,Pennsylvania,Warren,23,1,0,41.81304978,-79.26969577,42123.0,58.68694343088975,4.3478260869565215,22,23,1,0,22,23,39498,0,0,0,0,0
2020-08-11,US,Pennsylvania,Washington,862,13,0,40.19208869,-80.24582867,42125.0,416.69687960747353,1.508120649651972,849,855,13,0,842,840,207346,7,0,0,7,15
2020-08-11,US,Pennsylvania,Wayne,162,10,0,41.64938475,-75.29956506,42127.0,315.4144195011778,6.172839506172839,152,162,9,0,153,160,51276,0,1,0,-1,2
2020-08-11,US,Pennsylvania,Westmoreland,1555,47,0,40.31377979999999,-79.46615476,42129.0,445.6877205151062,3.0225080385852094,1508,1553,46,0,1507,1537,350611,2,1,0,1,16
2020-08-11,US,Pennsylvania,Wyoming,61,8,0,41.51955538,-76.01074915,42131.0,227.66290960662843,13.114754098360656,53,61,8,0,53,60,27046,0,0,0,0,1
2020-08-11,US,Pennsylvania,York,2637,94,0,39.9210089,-76.73040131,42133.0,587.2292665980788,3.5646568069776268,2543,2591,93,0,2498,2572,448273,46,1,0,45,19
2020-08-11,US,Puerto Rico,Adjuntas,95,0,0,18.180117000000006,-66.754367,72001.0,487.6045783503568,0.0,95,94,0,0,94,94,,1,0,0,1,0
2020-08-11,US,Puerto Rico,Aguada,144,0,0,18.360255,-67.17513100000001,72003.0,343.19216377892707,0.0,144,140,0,0,140,135,,4,0,0,4,5
2020-08-11,US,Puerto Rico,Aguadilla,232,0,0,18.459681,-67.12081500000001,72005.0,380.646113964134,0.0,232,230,0,0,230,223,,2,0,0,2,7
2020-08-11,US,Puerto Rico,Aguas Buenas,137,0,0,18.251619,-66.126806,72007.0,478.0348232666876,0.0,137,133,0,0,133,129,,4,0,0,4,4
2020-08-11,US,Puerto Rico,Aibonito,91,0,0,18.131361,-66.264131,72009.0,351.3513513513513,0.0,91,89,0,0,89,89,,2,0,0,2,0
2020-08-11,US,Puerto Rico,Anasco,147,0,0,18.287985,-67.120611,72011.0,502.3751751478077,0.0,147,145,0,0,145,142,,2,0,0,2,3
2020-08-11,US,Puerto Rico,Arecibo,336,0,0,18.406631,-66.675077,72013.0,348.4031522189963,0.0,336,324,0,0,324,312,,12,0,0,12,12
2020-08-11,US,Puerto Rico,Arroyo,94,0,0,17.998457000000005,-66.056546,72015.0,480.2043422733078,0.0,94,92,0,0,92,89,,2,0,0,2,3
2020-08-11,US,Puerto Rico,Barceloneta,95,0,0,18.445532999999998,-66.56053100000001,72017.0,382.8175370728562,0.0,95,95,0,0,95,91,,0,0,0,0,4
2020-08-11,US,Puerto Rico,Barranquitas,260,0,0,18.201592,-66.30963,72019.0,857.5763572795039,0.0,260,248,0,0,248,245,,12,0,0,12,3
2020-08-11,US,Puerto Rico,Bayamon,1604,0,0,18.34946,-66.168435,72021.0,770.7240192969307,0.0,1604,1565,0,0,1565,1511,,39,0,0,39,54
2020-08-11,US,Puerto Rico,Cabo Rojo,216,0,0,18.040993,-67.154391,72023.0,424.21980870829003,0.0,216,210,0,0,210,206,,6,0,0,6,4
2020-08-11,US,Puerto Rico,Caguas,773,0,0,18.211615,-66.050779,72025.0,540.9642179812867,0.0,773,745,0,0,745,717,,28,0,0,28,28
2020-08-11,US,Puerto Rico,Camuy,144,0,0,18.418578,-66.860206,72027.0,409.5679626838078,0.0,144,143,0,0,143,139,,1,0,0,1,4
2020-08-11,US,Puerto Rico,Canovanas,404,0,0,18.328802,-65.887612,72029.0,847.8844862323707,0.0,404,388,0,0,388,373,,16,0,0,16,15
2020-08-11,US,Puerto Rico,Carolina,1337,0,0,18.374986,-65.95683100000001,72031.0,756.3842907412227,0.0,1337,1302,0,0,1302,1263,,35,0,0,35,39
2020-08-11,US,Puerto Rico,Catano,200,0,0,18.437269,-66.14330600000001,72033.0,710.7320540156361,0.0,200,198,0,0,198,189,,2,0,0,2,9
2020-08-11,US,Puerto Rico,Cayey,203,0,0,18.102851,-66.14914,72035.0,421.8707786944866,0.0,203,199,0,0,199,197,,4,0,0,4,2
2020-08-11,US,Puerto Rico,Ceiba,72,0,0,18.251818,-65.666416,72037.0,528.2077617196097,0.0,72,70,0,0,70,68,,2,0,0,2,2
2020-08-11,US,Puerto Rico,Ciales,158,0,0,18.28885,-66.516475,72039.0,841.2309658183368,0.0,158,155,0,0,155,149,,3,0,0,3,6
2020-08-11,US,Puerto Rico,Cidra,177,0,0,18.173559,-66.161179,72041.0,407.08371665133393,0.0,177,171,0,0,171,169,,6,0,0,6,2
2020-08-11,US,Puerto Rico,Coamo,153,0,0,18.097597,-66.36014,72043.0,377.6658767772512,0.0,153,152,0,0,152,149,,1,0,0,1,3
2020-08-11,US,Puerto Rico,Comerio,122,0,0,18.224687,-66.221622,72045.0,587.1594956203677,0.0,122,122,0,0,122,117,,0,0,0,0,5
2020-08-11,US,Puerto Rico,Corozal,247,0,0,18.304264,-66.327738,72047.0,665.0153465079964,0.0,247,242,0,0,242,226,,5,0,0,5,16
2020-08-11,US,Puerto Rico,Culebra,19,0,0,18.31586,-65.28813000000001,72049.0,1045.1045104510451,0.0,19,19,0,0,19,19,,0,0,0,0,0
2020-08-11,US,Puerto Rico,Dorado,332,0,0,18.436115,-66.278669,72051.0,869.9069828376787,0.0,332,325,0,0,325,315,,7,0,0,7,10
2020-08-11,US,Puerto Rico,Fajardo,266,0,0,18.318373,-65.666866,72053.0,719.0549563430919,0.0,266,256,0,0,256,240,,10,0,0,10,16
2020-08-11,US,Puerto Rico,Florida,188,0,0,18.373715,-66.560488,72054.0,1482.6498422712937,0.0,188,178,0,0,178,175,,10,0,0,10,3
2020-08-11,US,Puerto Rico,Guanica,61,0,0,17.982429,-66.91964300000001,72055.0,313.9959849693725,0.0,61,59,0,0,59,58,,2,0,0,2,1
2020-08-11,US,Puerto Rico,Guayama,164,0,0,18.007516,-66.13390799999999,72057.0,361.5360874740972,0.0,164,162,0,0,162,158,,2,0,0,2,4
2020-08-11,US,Puerto Rico,Guayanilla,131,0,0,18.039942,-66.79186,72059.0,607.0154302395625,0.0,131,129,0,0,129,128,,2,0,0,2,1
2020-08-11,US,Puerto Rico,Guaynabo,880,0,0,18.345114000000002,-66.11452299999999,72061.0,898.6561006494832,0.0,880,861,0,0,861,846,,19,0,0,19,15
2020-08-11,US,Puerto Rico,Gurabo,267,0,0,18.266461,-65.97970500000001,72063.0,588.5075712490907,0.0,267,261,0,0,261,254,,6,0,0,6,7
2020-08-11,US,Puerto Rico,Hatillo,116,0,0,18.410928,-66.79632600000001,72065.0,276.4998927371106,0.0,116,114,0,0,114,106,,2,0,0,2,8
2020-08-11,US,Puerto Rico,Hormigueros,98,0,0,18.134532,-67.113972,72067.0,568.1159420289855,0.0,98,97,0,0,97,91,,1,0,0,1,6
2020-08-11,US,Puerto Rico,Humacao,197,0,0,18.145211,-65.810174,72069.0,336.9479697602025,0.0,197,192,0,0,192,185,,5,0,0,5,7
2020-08-11,US,Puerto Rico,Isabela,142,0,0,18.44981,-67.005093,72071.0,311.1919528390787,0.0,142,141,0,0,141,135,,1,0,0,1,6
2020-08-11,US,Puerto Rico,Jayuya,180,0,0,18.211446,-66.58878,72073.0,1081.6007691383247,0.0,180,179,0,0,179,179,,1,0,0,1,0
2020-08-11,US,Puerto Rico,Juana Diaz,202,0,0,18.050764,-66.49458100000001,72075.0,252.82551284779154,0.0,202,197,0,0,197,192,,5,0,0,5,5
2020-08-11,US,Puerto Rico,Juncos,143,0,0,18.223793,-65.909109,72077.0,354.92678083891786,0.0,143,141,0,0,141,131,,2,0,0,2,10
2020-08-11,US,Puerto Rico,Lajas,83,0,0,18.011661,-67.040585,72079.0,322.29254844095834,0.0,83,82,0,0,82,81,,1,0,0,1,1
2020-08-11,US,Puerto Rico,Lares,182,0,0,18.269035000000002,-66.867236,72081.0,591.8121809254383,0.0,182,175,0,0,175,169,,7,0,0,7,6
2020-08-11,US,Puerto Rico,Las Marias,72,0,0,18.23679,-66.98362,72083.0,728.6711871268091,0.0,72,72,0,0,72,70,,0,0,0,0,2
2020-08-11,US,Puerto Rico,Las Piedras,163,0,0,18.187527,-65.86946800000001,72085.0,421.4608920491273,0.0,163,158,0,0,158,151,,5,0,0,5,7
2020-08-11,US,Puerto Rico,Loiza,136,0,0,18.425688,-65.89943000000001,72087.0,452.4284763805722,0.0,136,135,0,0,135,124,,1,0,0,1,11
2020-08-11,US,Puerto Rico,Luquillo,118,0,0,18.342114000000002,-65.72509699999999,72089.0,588.0007972892166,0.0,118,110,0,0,110,106,,8,0,0,8,4
2020-08-11,US,Puerto Rico,Manati,256,0,0,18.420473,-66.490461,72091.0,580.3277945276902,0.0,256,249,0,0,249,243,,7,0,0,7,6
2020-08-11,US,Puerto Rico,Maricao,42,0,0,18.171795,-66.942126,72093.0,669.2160611854682,0.0,42,42,0,0,42,42,,0,0,0,0,0
2020-08-11,US,Puerto Rico,Maunabo,63,0,0,18.017889,-65.922235,72095.0,515.3374233128834,0.0,63,63,0,0,63,61,,0,0,0,0,2
2020-08-11,US,Puerto Rico,Mayaguez,516,0,0,18.2013,-67.1452,72097.0,579.2546026044006,0.0,516,507,0,0,507,493,,9,0,0,9,14
2020-08-11,US,Puerto Rico,Moca,180,0,0,18.377805,-67.080952,72099.0,448.7770824503229,0.0,180,177,0,0,177,173,,3,0,0,3,4
2020-08-11,US,Puerto Rico,Morovis,263,0,0,18.316963,-66.420383,72101.0,806.5010732904018,0.0,263,258,0,0,258,255,,5,0,0,5,3
2020-08-11,US,Puerto Rico,Naguabo,96,0,0,18.230636999999998,-65.753897,72103.0,359.28143712574854,0.0,96,94,0,0,94,93,,2,0,0,2,1
2020-08-11,US,Puerto Rico,Naranjito,300,0,0,18.288019,-66.252703,72105.0,986.7771857114664,0.0,300,294,0,0,294,279,,6,0,0,6,15
2020-08-11,US,Puerto Rico,Orocovis,227,0,0,18.215046,-66.433604,72107.0,969.1329035563336,0.0,227,221,0,0,221,217,,6,0,0,6,4
2020-08-11,US,Puerto Rico,Out of PR,655,0,0,0.0,0.0,72888.0,0.0,0.0,655,654,0,0,654,653,,1,0,0,1,1
2020-08-11,US,Puerto Rico,Patillas,107,0,0,18.03174,-66.012242,72109.0,555.0656222441252,0.0,107,107,0,0,107,104,,0,0,0,0,3
2020-08-11,US,Puerto Rico,Penuelas,78,0,0,18.059645,-66.721572,72111.0,321.2255992092908,0.0,78,76,0,0,76,75,,2,0,0,2,1
2020-08-11,US,Puerto Rico,Ponce,506,0,0,18.059498,-66.613748,72113.0,304.2200003607352,0.0,506,499,0,0,499,490,,7,0,0,7,9
2020-08-11,US,Puerto Rico,Quebradillas,81,0,0,18.439692,-66.926113,72115.0,312.51205679231447,0.0,81,81,0,0,81,79,,0,0,0,0,2
2020-08-11,US,Puerto Rico,Rincon,98,0,0,18.335442999999998,-67.23174,72117.0,644.7368421052631,0.0,98,98,0,0,98,96,,0,0,0,0,2
2020-08-11,US,Puerto Rico,Rio Grande,311,0,0,18.346329,-65.813742,72119.0,572.7018267530938,0.0,311,302,0,0,302,292,,9,0,0,9,10
2020-08-11,US,Puerto Rico,Sabana Grande,131,0,0,18.08282,-66.943758,72121.0,518.5038590936077,0.0,131,130,0,0,130,130,,1,0,0,1,0
2020-08-11,US,Puerto Rico,Salinas,193,0,0,18.010386999999994,-66.256592,72123.0,621.0180835317587,0.0,193,187,0,0,187,171,,6,0,0,6,16
2020-08-11,US,Puerto Rico,San German,147,0,0,18.111484,-67.03858100000001,72125.0,413.7698088777549,0.0,147,146,0,0,146,142,,1,0,0,1,4
2020-08-11,US,Puerto Rico,San Juan,3477,0,0,18.386933,-66.061128,72127.0,879.5272762226617,0.0,3477,3361,0,0,3361,3274,,116,0,0,116,87
2020-08-11,US,Puerto Rico,San Lorenzo,183,0,0,18.147987,-65.976392,72129.0,445.7109454917434,0.0,183,179,0,0,179,174,,4,0,0,4,5
2020-08-11,US,Puerto Rico,San Sebastian,241,0,0,18.328646,-66.971214,72131.0,567.9943436247938,0.0,241,236,0,0,236,231,,5,0,0,5,5
2020-08-11,US,Puerto Rico,Santa Isabel,100,0,0,17.994525,-66.388913,72133.0,429.6640027498496,0.0,100,98,0,0,98,94,,2,0,0,2,4
2020-08-11,US,Puerto Rico,Toa Alta,613,0,0,18.362406,-66.246616,72135.0,827.6402127831932,0.0,613,595,0,0,595,578,,18,0,0,18,17
2020-08-11,US,Puerto Rico,Toa Baja,558,0,0,18.431445999999998,-66.213553,72137.0,622.7053086185539,0.0,558,543,0,0,543,520,,15,0,0,15,23
2020-08-11,US,Puerto Rico,Trujillo Alto,543,0,0,18.336159,-65.99888399999999,72139.0,725.5284465941584,0.0,543,514,0,0,514,501,,29,0,0,29,13
2020-08-11,US,Puerto Rico,Unassigned,543,287,0,0.0,0.0,72999.0,0.0,52.85451197053407,256,550,279,0,271,512,,-7,8,0,-15,38
2020-08-11,US,Puerto Rico,Utuado,76,0,0,18.271214,-66.702984,72141.0,229.26785121723128,0.0,76,75,0,0,75,68,,1,0,0,1,7
2020-08-11,US,Puerto Rico,Vega Alta,258,0,0,18.409346,-66.33725,72143.0,645.7910940902606,0.0,258,250,0,0,250,242,,8,0,0,8,8
2020-08-11,US,Puerto Rico,Vega Baja,429,0,0,18.428262,-66.397924,72145.0,719.0506520063021,0.0,429,418,0,0,418,406,,11,0,0,11,12
2020-08-11,US,Puerto Rico,Vieques,71,0,0,18.123276,-65.44097099999999,72147.0,763.3587786259543,0.0,71,60,0,0,60,59,,11,0,0,11,1
2020-08-11,US,Puerto Rico,Villalba,83,0,0,18.127951,-66.473115,72149.0,318.3369769493345,0.0,83,81,0,0,81,80,,2,0,0,2,1
2020-08-11,US,Puerto Rico,Yabucoa,142,0,0,18.070399,-65.896289,72151.0,374.2653066603411,0.0,142,126,0,0,126,118,,16,0,0,16,8
2020-08-11,US,Puerto Rico,Yauco,255,0,0,18.080374,-66.858814,72153.0,606.5218942511239,0.0,255,255,0,0,255,241,,0,0,0,0,14
2020-08-11,US,Rhode Island,Bristol,316,0,0,41.71018079,-71.28652315,44001.0,651.8286268281113,0.0,316,316,0,0,316,316,48649,0,0,0,0,0
2020-08-11,US,Rhode Island,Kent,1494,0,0,41.67106337,-71.57641596,44003.0,909.3565115769484,0.0,1494,1494,0,0,1494,1494,163861,0,0,0,0,0
2020-08-11,US,Rhode Island,Newport,396,0,0,41.5642026,-71.26569799,44005.0,482.44438488340927,0.0,396,396,0,0,396,396,82542,0,0,0,0,0
2020-08-11,US,Rhode Island,Providence,15047,0,0,41.87064746,-71.57753536,44007.0,2355.027381673452,0.0,15047,15047,0,0,15047,15047,636084,0,0,0,0,0
2020-08-11,US,Rhode Island,Unassigned,2193,1016,0,0.0,0.0,90044.0,0.0,46.329229366165066,1177,2074,1015,0,1059,1878,,119,1,0,118,196
2020-08-11,US,Rhode Island,Washington,607,0,0,41.45961631,-71.61435303,44009.0,483.3687697587934,0.0,607,607,0,0,607,607,126179,0,0,0,0,0
2020-08-11,US,South Carolina,Abbeville,346,9,0,34.22333378,-82.46170658,45001.0,1410.6902597137848,2.601156069364162,337,335,9,0,326,335,24541,11,0,0,11,0
2020-08-11,US,South Carolina,Aiken,1934,39,0,33.54338026,-81.63645384,45003.0,1131.8413783416827,2.016546018614271,1895,1883,38,0,1845,1868,169401,51,1,0,50,15
2020-08-11,US,South Carolina,Allendale,232,5,0,32.98837386,-81.35321066,45005.0,2670.349907918969,2.155172413793104,227,228,3,0,225,221,8903,4,2,0,2,7
2020-08-11,US,South Carolina,Anderson,2405,67,0,34.51828081,-82.63959517,45007.0,1187.3142507331233,2.7858627858627862,2338,2350,63,0,2287,2335,200482,55,4,0,51,15
2020-08-11,US,South Carolina,Bamberg,480,24,0,33.21927586,-81.05659969,45009.0,3412.484003981231,5.0,456,479,22,0,457,473,14275,1,2,0,-1,6
2020-08-11,US,South Carolina,Barnwell,431,7,0,33.26679302,-81.43584352,45011.0,2065.56120003834,1.6241299303944317,424,420,5,0,415,413,21112,11,2,0,9,7
2020-08-11,US,South Carolina,Beaufort,4194,57,0,32.39226291,-80.72619758,45013.0,2182.9878931095873,1.3590844062947067,4137,4131,56,0,4075,4105,188715,63,1,0,62,26
2020-08-11,US,South Carolina,Berkeley,4272,68,0,33.20222596,-79.94654523,45015.0,1874.4487883215522,1.591760299625468,4204,4186,67,0,4119,4158,221091,86,1,0,85,28
2020-08-11,US,South Carolina,Calhoun,377,13,0,33.66926881,-80.77722168,45017.0,2590.531161959733,3.4482758620689653,364,383,11,0,372,380,14520,-6,2,0,-8,3
2020-08-11,US,South Carolina,Charleston,12454,203,0,32.82487866,-79.96512315,45019.0,3027.179963345212,1.6299983940902518,12251,12377,196,0,12181,12324,405905,77,7,0,70,53
2020-08-11,US,South Carolina,Cherokee,668,30,0,35.05122251,-81.61828622,45021.0,1165.7940663176264,4.491017964071856,638,641,28,0,613,638,57078,27,2,0,25,3
2020-08-11,US,South Carolina,Chester,691,14,0,34.69249168,-81.1583216,45023.0,2143.03436298226,2.0260492040520983,677,671,14,0,657,665,32251,20,0,0,20,6
2020-08-11,US,South Carolina,Chesterfield,783,21,0,34.64137396,-80.15640140000002,45025.0,1715.2245345016433,2.681992337164751,762,777,21,0,756,769,45754,6,0,0,6,8
2020-08-11,US,South Carolina,Clarendon,859,53,0,33.66610974,-80.21647898,45027.0,2545.562305526745,6.169965075669383,806,846,52,0,794,838,33700,13,1,0,12,8
2020-08-11,US,South Carolina,Colleton,828,34,0,32.87582989,-80.67641292,45029.0,2197.627199617804,4.106280193236715,794,825,34,0,791,814,37660,3,0,0,3,11
2020-08-11,US,South Carolina,Darlington,1335,36,0,34.33358335,-79.96027485,45031.0,2003.9628929118253,2.696629213483146,1299,1312,36,0,1276,1295,66802,23,0,0,23,17
2020-08-11,US,South Carolina,Dillon,654,25,0,34.39007791,-79.37741872,45033.0,2145.739689622363,3.82262996941896,629,644,25,0,619,642,30599,10,0,0,10,2
2020-08-11,US,South Carolina,Dorchester,3113,50,0,33.0794369,-80.40502652,45035.0,1912.0564587952758,1.6061676839061998,3063,3135,47,0,3088,3113,160647,-22,3,0,-25,22
2020-08-11,US,South Carolina,Edgefield,338,7,0,33.77221995,-81.96231108,45037.0,1239.91195891416,2.0710059171597632,331,332,7,0,325,330,27052,6,0,0,6,2
2020-08-11,US,South Carolina,Fairfield,572,24,0,34.39287073,-81.1195624,45039.0,2559.627690517743,4.195804195804196,548,573,23,0,550,567,22402,-1,1,0,-2,6
2020-08-11,US,South Carolina,Florence,3511,117,0,34.02361754,-79.70189312,45041.0,2538.8125212411333,3.3323839362005128,3394,3480,116,0,3364,3436,138159,31,1,0,30,44
2020-08-11,US,South Carolina,Georgetown,1479,19,0,33.43443342,-79.33202141,45043.0,2359.604339502233,1.2846517917511833,1460,1461,19,0,1442,1454,62249,18,0,0,18,7
2020-08-11,US,South Carolina,Greenville,11028,213,0,34.89502264,-82.37295012,45045.0,2106.421261331469,1.9314472252448316,10815,11001,208,0,10793,10916,514213,27,5,0,22,85
2020-08-11,US,South Carolina,Greenwood,1442,18,0,34.15272415,-82.12715789,45047.0,2036.4067729590035,1.2482662968099858,1424,1416,18,0,1398,1390,70741,26,0,0,26,26
2020-08-11,US,South Carolina,Hampton,444,12,0,32.77419582,-81.13845571,45049.0,2309.8532931016543,2.702702702702702,432,441,11,0,430,432,19351,3,1,0,2,9
2020-08-11,US,South Carolina,Horry,8678,160,0,33.9212828,-78.99555293,45051.0,2450.8516412911167,1.843742797879696,8518,8625,156,0,8469,8594,344147,53,4,0,49,31
2020-08-11,US,South Carolina,Jasper,609,17,0,32.43171982,-81.02487495,45053.0,2025.072324011572,2.7914614121510675,592,597,16,0,581,594,28971,12,1,0,11,3
2020-08-11,US,South Carolina,Kershaw,1409,27,0,34.33988254,-80.58763164,45055.0,2117.173295667984,1.9162526614620297,1382,1407,25,0,1382,1394,65592,2,2,0,0,13
2020-08-11,US,South Carolina,Lancaster,1247,26,0,34.68270843,-80.70513032,45057.0,1272.2931885891526,2.0850040096230957,1221,1227,26,0,1201,1209,95380,20,0,0,20,18
2020-08-11,US,South Carolina,Laurens,1349,46,0,34.48244419,-82.00490796,45059.0,1998.7257937860227,3.4099332839140097,1303,1340,46,0,1294,1330,66994,9,0,0,9,10
2020-08-11,US,South Carolina,Lee,559,29,0,34.16393091,-80.25690731,45061.0,3321.844544806276,5.18783542039356,530,566,29,0,537,562,17142,-7,0,0,-7,4
2020-08-11,US,South Carolina,Lexington,5032,113,0,33.89665987,-81.27146426,45063.0,1684.3514644351465,2.2456279809220985,4919,4980,111,0,4869,4955,295032,52,2,0,50,25
2020-08-11,US,South Carolina,Marion,560,13,0,34.07859748,-79.36400756,45067.0,1826.6627523893399,2.321428571428572,547,558,13,0,545,554,31039,2,0,0,2,4
2020-08-11,US,South Carolina,Marlboro,516,4,0,34.59905577,-79.67561152,45069.0,1975.6489777165173,0.7751937984496124,512,507,4,0,503,497,26398,9,0,0,9,10
2020-08-11,US,South Carolina,McCormick,127,2,0,33.90161443,-82.30794338,45065.0,1342.069111275494,1.5748031496062993,125,120,2,0,118,118,9410,7,0,0,7,2
2020-08-11,US,South Carolina,Newberry,855,10,0,34.28629098,-81.59935761,45071.0,2224.245577523413,1.1695906432748535,845,854,10,0,844,845,38520,1,0,0,1,9
2020-08-11,US,South Carolina,Oconee,844,11,0,34.75225169,-83.06742317,45073.0,1061.0212958539712,1.3033175355450235,833,839,10,0,829,827,78374,5,1,0,4,12
2020-08-11,US,South Carolina,Orangeburg,2450,68,0,33.4391073,-80.79886287,45075.0,2843.051929213809,2.7755102040816326,2382,2441,65,0,2376,2420,86934,9,3,0,6,21
2020-08-11,US,South Carolina,Pickens,1876,27,0,34.88807695,-82.72791551,45077.0,1478.515809715961,1.4392324093816633,1849,1863,27,0,1836,1850,124937,13,0,0,13,13
2020-08-11,US,South Carolina,Richland,8917,154,0,34.01791263,-80.90267209,45079.0,2144.7521280357128,1.7270382415610632,8763,8836,153,0,8683,8774,414576,81,1,0,80,62
2020-08-11,US,South Carolina,Saluda,465,8,0,34.00795823,-81.72713237,45081.0,2271.28413031798,1.7204301075268815,457,459,8,0,451,458,20544,6,0,0,6,1
2020-08-11,US,South Carolina,Spartanburg,4172,102,0,34.92960077,-81.99225984,45083.0,1304.6265459605672,2.4448705656759353,4070,4100,103,0,3997,4080,313888,72,-1,0,73,20
2020-08-11,US,South Carolina,Sumter,2557,52,0,33.91826534,-80.37942316,45085.0,2395.967054281725,2.033633163863903,2505,2539,51,0,2488,2517,106512,18,1,0,17,22
2020-08-11,US,South Carolina,Union,375,4,0,34.68835752,-81.61730349,45087.0,1372.8217894274421,1.0666666666666669,371,364,4,0,360,362,27410,11,0,0,11,2
2020-08-11,US,South Carolina,Williamsburg,1026,31,0,33.62190129,-79.72767442,45089.0,3378.5563751317177,3.021442495126706,995,1020,31,0,989,1016,30606,6,0,0,6,4
2020-08-11,US,South Carolina,York,3637,29,0,34.97281497,-81.18085944,45091.0,1294.4027845497349,0.7973604619191641,3608,3590,29,0,3561,3568,274118,47,0,0,47,22
2020-08-11,US,South Dakota,Aurora,38,0,0,43.71757685,-98.56050467,46003.0,1381.315885132679,0.0,38,38,0,0,38,38,2801,0,0,0,0,0
2020-08-11,US,South Dakota,Beadle,594,9,0,44.41464384,-98.27858469,46005.0,3218.9887823118193,1.5151515151515151,585,594,9,0,585,593,18883,0,0,0,0,1
2020-08-11,US,South Dakota,Bennett,6,0,0,43.19486375,-101.6665572,46007.0,178.30609212481426,0.0,6,6,0,0,6,6,3468,0,0,0,0,0
2020-08-11,US,South Dakota,Bon Homme,13,0,0,42.98914167,-97.88592746,46009.0,188.37849587016373,0.0,13,13,0,0,13,13,6980,0,0,0,0,0
2020-08-11,US,South Dakota,Brookings,140,1,0,44.36974375,-96.79079945,46011.0,399.1219317501497,0.7142857142857143,139,139,1,0,138,137,35232,1,0,0,1,2
2020-08-11,US,South Dakota,Brown,451,3,0,45.58994323,-98.35165355,46013.0,1161.2039444887869,0.6651884700665188,448,446,3,0,443,442,39316,5,0,0,5,4
2020-08-11,US,South Dakota,Brule,46,0,0,43.71756379,-99.08118954,46015.0,868.4160845761752,0.0,46,45,0,0,45,45,5229,1,0,0,1,0
2020-08-11,US,South Dakota,Buffalo,109,3,0,44.07657829,-99.20814467,46017.0,5555.555555555556,2.7522935779816518,106,109,3,0,106,109,2036,0,0,0,0,0
2020-08-11,US,South Dakota,Butte,18,1,0,44.90608745,-103.5079318,46019.0,172.59564675424298,5.5555555555555545,17,18,1,0,17,17,10222,0,0,0,0,1
2020-08-11,US,South Dakota,Campbell,3,0,0,45.77074915,-100.0510181,46021.0,218.02325581395348,0.0,3,3,0,0,3,3,1377,0,0,0,0,0
2020-08-11,US,South Dakota,Charles Mix,103,0,0,43.20660134,-98.58856175,46023.0,1108.4804132587171,0.0,103,104,0,0,104,105,9338,-1,0,0,-1,-1
2020-08-11,US,South Dakota,Clark,16,0,0,44.85834507,-97.72925109,46025.0,428.2655246252677,0.0,16,16,0,0,16,16,3739,0,0,0,0,0
2020-08-11,US,South Dakota,Clay,131,0,0,42.91296147,-96.97656917,46027.0,931.0589907604832,0.0,131,130,0,0,130,128,14041,1,0,0,1,2
2020-08-11,US,South Dakota,Codington,138,1,0,44.97788119,-97.18827677,46029.0,492.69877539362335,0.7246376811594203,137,137,1,0,136,133,28015,1,0,0,1,4
2020-08-11,US,South Dakota,Corson,36,0,0,45.70889983,-101.1970473,46031.0,881.0572687224669,0.0,36,34,0,0,34,33,4165,2,0,0,2,1
2020-08-11,US,South Dakota,Custer,36,0,0,43.67741105,-103.45345209999999,46033.0,401.2483281319661,0.0,36,36,0,0,36,35,8726,0,0,0,0,1
2020-08-11,US,South Dakota,Davison,96,1,0,43.67490933,-98.14458906,46035.0,485.46144121365364,1.0416666666666667,95,97,1,0,96,97,19790,-1,0,0,-1,0
2020-08-11,US,South Dakota,Day,23,0,0,45.367281,-97.60737498,46037.0,424.0412979351032,0.0,23,23,0,0,23,23,5505,0,0,0,0,0
2020-08-11,US,South Dakota,Deuel,11,0,0,44.75994309,-96.66943645,46039.0,252.8154447253505,0.0,11,11,0,0,11,11,4337,0,0,0,0,0
2020-08-11,US,South Dakota,Dewey,48,0,0,45.15639647,-100.8709139,46041.0,814.6639511201628,0.0,48,48,0,0,48,48,5904,0,0,0,0,0
2020-08-11,US,South Dakota,Douglas,19,0,0,43.38520741,-98.36978007,46043.0,650.4621704895584,0.0,19,17,0,0,17,17,2935,2,0,0,2,0
2020-08-11,US,South Dakota,Edmunds,17,0,0,45.41846445,-99.21545423,46045.0,443.98015147558107,0.0,17,16,0,0,16,15,3875,1,0,0,1,1
2020-08-11,US,South Dakota,Fall River,22,0,0,43.23929297,-103.5275691,46047.0,327.7223298078356,0.0,22,22,0,0,22,22,6758,0,0,0,0,0
2020-08-11,US,South Dakota,Faulk,27,1,0,45.07082625,-99.14535601,46049.0,1174.42366246194,3.703703703703704,26,27,1,0,26,26,2330,0,0,0,0,1
2020-08-11,US,South Dakota,Grant,27,0,0,45.1723937,-96.77002276,46051.0,382.8701077708452,0.0,27,27,0,0,27,26,7147,0,0,0,0,1
2020-08-11,US,South Dakota,Gregory,7,0,0,43.19419064,-99.18883902,46053.0,167.26403823178018,0.0,7,7,0,0,7,7,4212,0,0,0,0,0
2020-08-11,US,South Dakota,Haakon,2,0,0,44.29299053,-101.539099,46055.0,105.318588730911,0.0,2,2,0,0,2,2,1918,0,0,0,0,0
2020-08-11,US,South Dakota,Hamlin,22,0,0,44.67385954,-97.18829593,46057.0,356.91109669046074,0.0,22,22,0,0,22,21,6111,0,0,0,0,1
2020-08-11,US,South Dakota,Hand,8,0,0,44.54708407,-99.00386459,46059.0,250.70510811657783,0.0,8,8,0,0,8,7,3262,0,0,0,0,1
2020-08-11,US,South Dakota,Hanson,21,0,0,43.6746384,-97.78715148,46061.0,608.1668114682883,0.0,21,21,0,0,21,21,3376,0,0,0,0,0
2020-08-11,US,South Dakota,Hughes,93,2,0,44.39091534,-99.99661148,46065.0,530.640191715166,2.150537634408602,91,93,2,0,91,93,17650,0,0,0,0,0
2020-08-11,US,South Dakota,Hutchinson,29,0,0,43.33449012,-97.75536441,46067.0,397.750651488136,0.0,29,29,0,0,29,29,7380,0,0,0,0,0
2020-08-11,US,South Dakota,Hyde,3,0,0,44.54747703,-99.48572582,46069.0,230.59185242121444,0.0,3,3,0,0,3,3,1282,0,0,0,0,0
2020-08-11,US,South Dakota,Jackson,11,1,0,43.69318385,-101.6255063,46071.0,328.9473684210526,9.090909090909092,10,11,1,0,10,11,3307,0,0,0,0,0
2020-08-11,US,South Dakota,Jerauld,39,1,0,44.06637798,-98.62965972,46073.0,1937.4068554396426,2.5641025641025643,38,39,1,0,38,39,2043,0,0,0,0,0
2020-08-11,US,South Dakota,Jones,2,0,0,43.96278565,-100.6940008,46075.0,221.48394241417492,0.0,2,2,0,0,2,2,928,0,0,0,0,0
2020-08-11,US,South Dakota,Kingsbury,14,0,0,44.36956169,-97.4913945,46077.0,283.4581899169873,0.0,14,14,0,0,14,14,4919,0,0,0,0,0
2020-08-11,US,South Dakota,Lake,94,2,0,44.02193107,-97.12926365,46079.0,734.5471594905057,2.127659574468085,92,94,2,0,92,94,13057,0,0,0,0,0
2020-08-11,US,South Dakota,Lawrence,61,0,0,44.35919441,-103.79294279999999,46081.0,236.03157405974304,0.0,61,60,0,0,60,55,25741,1,0,0,1,5
2020-08-11,US,South Dakota,Lincoln,653,2,0,43.27841182,-96.72039050000001,46083.0,1068.2502290276145,0.30627871362940273,651,642,2,0,640,638,58807,11,0,0,11,4
2020-08-11,US,South Dakota,Lyman,90,2,0,43.89522709,-99.85201878,46085.0,2380.322665961386,2.2222222222222223,88,90,2,0,88,90,3821,0,0,0,0,0
2020-08-11,US,South Dakota,Marshall,9,0,0,45.75870838,-97.59855639,46091.0,182.370820668693,0.0,9,9,0,0,9,9,5112,0,0,0,0,0
2020-08-11,US,South Dakota,McCook,29,1,0,43.6742571,-97.36863144,46087.0,519.1550304332259,3.4482758620689653,28,29,1,0,28,28,5546,0,0,0,0,1
2020-08-11,US,South Dakota,McPherson,8,0,0,45.76626028,-99.22118798,46089.0,336.27574611181166,0.0,8,8,0,0,8,8,2407,0,0,0,0,0
2020-08-11,US,South Dakota,Meade,96,1,0,44.56676791,-102.71627409999999,46093.0,338.83947479881414,1.0416666666666667,95,94,1,0,93,94,28294,2,0,0,2,0
2020-08-11,US,South Dakota,Mellette,24,0,0,43.58078848,-100.7563186,46095.0,1164.4832605531294,0.0,24,24,0,0,24,24,2042,0,0,0,0,0
2020-08-11,US,South Dakota,Miner,15,0,0,44.02197882,-97.60992207,46097.0,676.8953068592058,0.0,15,15,0,0,15,15,2213,0,0,0,0,0
2020-08-11,US,South Dakota,Minnehaha,4457,68,0,43.67441641,-96.7910885,46099.0,2307.72417078298,1.5256899259591654,4389,4437,68,0,4369,4422,192876,20,0,0,20,15
2020-08-11,US,South Dakota,Moody,32,0,0,44.02266214,-96.67081159,46101.0,486.61800486618006,0.0,32,32,0,0,32,32,6579,0,0,0,0,0
2020-08-11,US,South Dakota,Oglala Lakota,156,2,0,43.33749164,-102.55554980000001,46102.0,1100.3738449601467,1.2820512820512822,154,156,2,0,154,155,14309,0,0,0,0,1
2020-08-11,US,South Dakota,Pennington,898,32,0,44.0025835,-102.8240777,46103.0,789.2770819600087,3.5634743875278403,866,896,32,0,864,891,111729,2,0,0,2,5
2020-08-11,US,South Dakota,Perkins,6,0,0,45.49049506,-102.47555859999999,46105.0,209.42408376963348,0.0,6,6,0,0,6,6,2922,0,0,0,0,0
2020-08-11,US,South Dakota,Potter,1,0,0,45.06583079,-99.95498503,46107.0,46.44681839294008,0.0,1,1,0,0,1,1,2207,0,0,0,0,0
2020-08-11,US,South Dakota,Roberts,80,1,0,45.62975048,-96.94672673,46109.0,769.6748123917645,1.25,79,80,1,0,79,80,10447,0,0,0,0,0
2020-08-11,US,South Dakota,Sanborn,13,0,0,44.02351092,-98.09098159999999,46111.0,554.6075085324234,0.0,13,13,0,0,13,13,2429,0,0,0,0,0
2020-08-11,US,South Dakota,Spink,26,0,0,44.93837606,-98.34626602,46115.0,407.7791718946048,0.0,26,26,0,0,26,25,6495,0,0,0,0,1
2020-08-11,US,South Dakota,Stanley,14,0,0,44.41381872,-100.7349153,46117.0,451.9044544867656,0.0,14,14,0,0,14,14,3022,0,0,0,0,0
2020-08-11,US,South Dakota,Sully,3,0,0,44.71571812,-100.1278092,46119.0,215.67217828900073,0.0,3,3,0,0,3,3,1392,0,0,0,0,0
2020-08-11,US,South Dakota,Todd,69,5,0,43.19338568,-100.71955030000001,46121.0,677.9994104352952,7.246376811594202,64,69,5,0,64,69,10283,0,0,0,0,0
2020-08-11,US,South Dakota,Tripp,20,0,0,43.34459388,-99.8854891,46123.0,367.5794890645102,0.0,20,20,0,0,20,20,5478,0,0,0,0,0
2020-08-11,US,South Dakota,Turner,52,0,0,43.3109081,-97.14865776,46125.0,620.2290076335877,0.0,52,52,0,0,52,51,8424,0,0,0,0,1
2020-08-11,US,South Dakota,Union,216,4,0,42.83112163,-96.6557828,46127.0,1355.7619884509165,1.851851851851852,212,216,4,0,212,214,15619,0,0,0,0,2
2020-08-11,US,South Dakota,Walworth,18,0,0,45.43019636,-100.03075140000001,46129.0,331.1867525298988,0.0,18,18,0,0,18,18,5587,0,0,0,0,0
2020-08-11,US,South Dakota,Yankton,119,2,0,43.00924485,-97.39467635,46135.0,521.6095380029807,1.680672268907563,117,117,2,0,115,114,22869,2,0,0,2,3
2020-08-11,US,South Dakota,Ziebach,35,0,0,44.97881876,-101.6654622,46137.0,1269.956458635704,0.0,35,35,0,0,35,35,2742,0,0,0,0,0
2020-08-11,US,Tennessee,Anderson,698,6,0,36.12684348,-84.19965764,47001.0,906.7525786588376,0.8595988538681948,692,693,6,0,687,684,76482,5,0,0,5,9
2020-08-11,US,Tennessee,Bedford,930,11,0,35.51123746,-86.45549096,47003.0,1870.7380363285254,1.1827956989247312,919,928,11,0,917,928,49038,2,0,0,2,0
2020-08-11,US,Tennessee,Benton,158,1,0,36.07110411,-88.06849355,47005.0,977.7227722772276,0.6329113924050633,157,159,1,0,158,155,16184,-1,0,0,-1,4
2020-08-11,US,Tennessee,Bledsoe,716,2,0,35.59942968,-85.20611967,47007.0,4753.053637812002,0.2793296089385475,714,708,1,0,707,705,14755,8,1,0,7,3
2020-08-11,US,Tennessee,Blount,1324,12,0,35.68938198,-83.92847788,47009.0,994.8304880981004,0.9063444108761328,1312,1314,11,0,1303,1303,131349,10,1,0,9,11
2020-08-11,US,Tennessee,Bradley,1991,15,0,35.15739424,-84.857186,47011.0,1841.642771251503,0.7533902561526871,1976,1956,13,0,1943,1943,106727,35,2,0,33,13
2020-08-11,US,Tennessee,Campbell,254,1,0,36.40355516,-84.15108559999999,47013.0,637.5181968776668,0.3937007874015748,253,254,1,0,253,248,39583,0,0,0,0,6
2020-08-11,US,Tennessee,Cannon,154,0,0,35.80990797,-86.05738983,47015.0,1049.1892628423489,0.0,154,151,0,0,151,147,14462,3,0,0,3,4
2020-08-11,US,Tennessee,Carroll,330,3,0,35.97366108,-88.45189331,47017.0,1188.4611229156912,0.9090909090909092,327,325,3,0,322,314,28020,5,0,0,5,11
2020-08-11,US,Tennessee,Carter,532,6,0,36.28969086,-82.12588974,47019.0,943.412955968151,1.1278195488721805,526,524,6,0,518,522,56351,8,0,0,8,2
2020-08-11,US,Tennessee,Cheatham,601,8,0,36.26136216,-87.08903581,47021.0,1477.8567388791894,1.3311148086522462,593,599,7,0,592,595,40439,2,1,0,1,4
2020-08-11,US,Tennessee,Chester,225,2,0,35.42527478,-88.6095842,47023.0,1300.803607562005,0.8888888888888888,223,223,2,0,221,221,17276,2,0,0,2,2
2020-08-11,US,Tennessee,Claiborne,277,0,0,36.48319149,-83.65947309,47025.0,866.7355048656093,0.0,277,276,0,0,276,272,31756,1,0,0,1,4
2020-08-11,US,Tennessee,Clay,79,0,0,36.55151008,-85.53930419,47027.0,1037.4261326329613,0.0,79,78,0,0,78,76,7717,1,0,0,1,2
2020-08-11,US,Tennessee,Cocke,482,4,0,35.9278914,-83.11828725,47029.0,1338.7401399844462,0.8298755186721992,478,478,3,0,475,475,35774,4,1,0,3,3
2020-08-11,US,Tennessee,Coffee,558,3,0,35.49090731,-86.07311784,47031.0,987.2611464968152,0.5376344086021505,555,548,3,0,545,545,55700,10,0,0,10,3
2020-08-11,US,Tennessee,Crockett,274,5,0,35.81830662,-89.14916269,47033.0,1925.5094869992968,1.8248175182481752,269,269,5,0,264,269,14328,5,0,0,5,0
2020-08-11,US,Tennessee,Cumberland,463,6,0,35.95271721,-84.99840585,47035.0,765.0363516192994,1.2958963282937366,457,458,6,0,452,457,59673,5,0,0,5,1
2020-08-11,US,Tennessee,Davidson,20865,219,0,36.17007426,-86.78646056,47037.0,3005.860455467453,1.04960460100647,20646,20722,217,0,20505,20620,692587,143,2,0,141,102
2020-08-11,US,Tennessee,DeKalb,366,2,0,35.97616272,-85.83689361,47041.0,1786.237188872621,0.5464480874316939,364,365,2,0,363,360,20138,1,0,0,1,5
2020-08-11,US,Tennessee,Decatur,215,3,0,35.60048904,-88.11043779,47039.0,1843.436508616994,1.3953488372093024,212,216,3,0,213,213,11706,-1,0,0,-1,3
2020-08-11,US,Tennessee,Dickson,705,2,0,36.14669837,-87.35891709,47043.0,1306.8139690071919,0.28368794326241137,703,698,2,0,696,691,53446,7,0,0,7,7
2020-08-11,US,Tennessee,Dyer,668,8,0,36.05931946,-89.41542855,47045.0,1797.6802389730615,1.1976047904191616,660,663,8,0,655,650,37320,5,0,0,5,13
2020-08-11,US,Tennessee,Fayette,704,8,0,35.19615831,-89.41399032,47047.0,1711.5211630564268,1.1363636363636365,696,702,8,0,694,698,40507,2,0,0,2,4
2020-08-11,US,Tennessee,Fentress,96,0,0,36.38128818,-84.92870012,47049.0,518.2745775522324,0.0,96,96,0,0,96,93,18217,0,0,0,0,3
2020-08-11,US,Tennessee,Franklin,338,4,0,35.15634626,-86.09201039,47051.0,800.7960576194088,1.183431952662722,334,332,4,0,328,330,41890,6,0,0,6,2
2020-08-11,US,Tennessee,Gibson,735,7,0,35.99438059,-88.93358327,47053.0,1495.9395925345486,0.9523809523809524,728,726,6,0,720,717,49045,9,1,0,8,9
2020-08-11,US,Tennessee,Giles,387,13,0,35.20222469,-87.03992678,47055.0,1313.467282106978,3.3591731266149867,374,385,13,0,372,381,29503,2,0,0,2,4
2020-08-11,US,Tennessee,Grainger,204,0,0,36.27469206,-83.51254721,47057.0,874.7855917667239,0.0,204,200,0,0,200,197,23145,4,0,0,4,3
2020-08-11,US,Tennessee,Greene,504,9,0,36.17470125,-82.84691273,47059.0,729.7050775311645,1.7857142857142858,495,504,8,0,496,492,69087,0,1,0,-1,12
2020-08-11,US,Tennessee,Grundy,118,2,0,35.38433717,-85.72142731,47061.0,878.826245624488,1.6949152542372878,116,114,2,0,112,114,13346,4,0,0,4,0
2020-08-11,US,Tennessee,Hamblen,1420,16,0,36.21990035,-83.26586179,47063.0,2186.8358641081713,1.1267605633802815,1404,1405,14,0,1391,1396,64569,15,2,0,13,9
2020-08-11,US,Tennessee,Hamilton,6315,55,0,35.17670231,-85.16652245,47065.0,1716.9470696349142,0.8709422011084719,6260,6220,53,0,6167,6132,364286,95,2,0,93,88
2020-08-11,US,Tennessee,Hancock,81,2,0,36.52692871,-83.22375847,47067.0,1223.5649546827794,2.469135802469136,79,81,2,0,79,80,6549,0,0,0,0,1
2020-08-11,US,Tennessee,Hardeman,942,18,0,35.20772017,-88.99161161,47069.0,3760.479041916168,1.9108280254777068,924,930,17,0,913,917,25220,12,1,0,11,13
2020-08-11,US,Tennessee,Hardin,479,8,0,35.19732531,-88.18593755,47071.0,1867.3007952596286,1.6701461377870563,471,482,8,0,474,471,25776,-3,0,0,-3,11
2020-08-11,US,Tennessee,Hawkins,485,9,0,36.44355426,-82.94885298,47073.0,854.0837530377206,1.855670103092784,476,483,7,0,476,472,56530,2,2,0,0,11
2020-08-11,US,Tennessee,Haywood,510,7,0,35.58332824,-89.28536625,47075.0,2947.2954230235773,1.3725490196078431,503,510,6,0,504,500,17335,0,1,0,-1,10
2020-08-11,US,Tennessee,Henderson,613,3,0,35.65581134,-88.38600175,47077.0,2180.175694419746,0.4893964110929853,610,604,3,0,601,593,27847,9,0,0,9,11
2020-08-11,US,Tennessee,Henry,299,0,0,36.33160906,-88.30121797,47079.0,924.4087185036328,0.0,299,290,0,0,290,288,32358,9,0,0,9,2
2020-08-11,US,Tennessee,Hickman,272,0,0,35.80609681,-87.47643507,47081.0,1080.3082055762966,0.0,272,273,0,0,273,268,25063,-1,0,0,-1,5
2020-08-11,US,Tennessee,Houston,61,0,0,36.28872054,-87.71878828,47083.0,743.8117302767955,0.0,61,59,0,0,59,59,8263,2,0,0,2,0
2020-08-11,US,Tennessee,Humphreys,129,3,0,36.03958805,-87.77992872,47085.0,694.2202131094607,2.3255813953488373,126,128,3,0,125,124,18486,1,0,0,1,4
2020-08-11,US,Tennessee,Jackson,130,1,0,36.36380466,-85.67239905,47087.0,1103.0035635499746,0.7692307692307693,129,129,1,0,128,127,11758,1,0,0,1,2
2020-08-11,US,Tennessee,Jefferson,587,4,0,36.04818632,-83.45148924,47089.0,1077.1630424809616,0.6814310051107325,583,584,4,0,580,568,54012,3,0,0,3,16
2020-08-11,US,Tennessee,Johnson,288,0,0,36.45523950000001,-81.84886538,47091.0,1619.0690353046998,0.0,288,285,0,0,285,280,17778,3,0,0,3,5
2020-08-11,US,Tennessee,Knox,4750,40,0,35.99508821,-83.94635435,47093.0,1009.9657036909464,0.8421052631578947,4710,4685,40,0,4645,4600,465289,65,0,0,65,85
2020-08-11,US,Tennessee,Lake,794,0,0,36.34180170000001,-89.48921915,47095.0,11316.989737742304,0.0,794,792,0,0,792,787,7411,2,0,0,2,5
2020-08-11,US,Tennessee,Lauderdale,522,9,0,35.75893438,-89.63015909999999,47097.0,2036.437404907736,1.7241379310344829,513,514,8,0,506,508,25825,8,1,0,7,6
2020-08-11,US,Tennessee,Lawrence,584,7,0,35.21675201,-87.39787695,47099.0,1323.0030356576503,1.1986301369863013,577,575,6,0,569,562,43734,9,1,0,8,13
2020-08-11,US,Tennessee,Lewis,74,1,0,35.52853208,-87.49022694,47101.0,603.1953048581677,1.351351351351351,73,74,1,0,73,75,12086,0,0,0,0,-1
2020-08-11,US,Tennessee,Lincoln,315,1,0,35.13738622,-86.58910106,47103.0,916.6036198568352,0.31746031746031744,314,309,1,0,308,302,34117,6,0,0,6,7
2020-08-11,US,Tennessee,Loudon,754,3,0,35.73939663,-84.31145275,47105.0,1394.5402086261747,0.3978779840848806,751,749,3,0,746,742,53054,5,0,0,5,7
2020-08-11,US,Tennessee,Macon,867,13,0,36.53157855,-86.00778595,47111.0,3524.103731403951,1.4994232987312572,854,860,13,0,847,860,24265,7,0,0,7,0
2020-08-11,US,Tennessee,Madison,1189,20,0,35.61181957,-88.84076036,47113.0,1213.463422599608,1.682085786375105,1169,1160,18,0,1142,1102,97605,29,2,0,27,58
2020-08-11,US,Tennessee,Marion,228,5,0,35.12997174,-85.62265895,47115.0,788.7362922475525,2.1929824561403506,223,227,4,0,223,224,28575,1,1,0,0,3
2020-08-11,US,Tennessee,Marshall,305,4,0,35.45798777,-86.76420988,47117.0,887.2727272727273,1.3114754098360657,301,304,4,0,300,301,33683,1,0,0,1,3
2020-08-11,US,Tennessee,Maury,1284,7,0,35.618741299999996,-87.07462444,47119.0,1332.1298515359954,0.5451713395638629,1277,1272,7,0,1265,1257,94340,12,0,0,12,15
2020-08-11,US,Tennessee,McMinn,559,20,0,35.42812616,-84.61520715,47107.0,1039.1493475108748,3.5778175313059037,539,553,20,0,533,547,53285,6,0,0,6,6
2020-08-11,US,Tennessee,McNairy,388,6,0,35.17468549,-88.5647812,47109.0,1510.0801743597726,1.5463917525773196,382,381,5,0,376,378,25832,7,1,0,6,3
2020-08-11,US,Tennessee,Meigs,108,0,0,35.51558739,-84.81482914,47121.0,869.4252133311867,0.0,108,106,0,0,106,106,12306,2,0,0,2,0
2020-08-11,US,Tennessee,Monroe,451,9,0,35.44550387,-84.24902965,47123.0,968.954774948974,1.9955654101995568,442,452,9,0,443,444,46357,-1,0,0,-1,8
2020-08-11,US,Tennessee,Montgomery,1986,14,0,36.49609412,-87.38550661,47125.0,950.2710617102008,0.7049345417925479,1972,1952,13,0,1939,1939,205950,34,1,0,33,13
2020-08-11,US,Tennessee,Moore,60,0,0,35.27724699,-86.36230578,47127.0,924.7842170160296,0.0,60,61,0,0,61,63,6411,-1,0,0,-1,-2
2020-08-11,US,Tennessee,Morgan,127,1,0,36.13248031,-84.64880098,47129.0,593.3747605475868,0.7874015748031497,126,126,1,0,125,122,21579,1,0,0,1,4
2020-08-11,US,Tennessee,Obion,588,4,0,36.35732446,-89.14921589,47131.0,1955.5023446074026,0.6802721088435374,584,579,4,0,575,565,30267,9,0,0,9,14
2020-08-11,US,Tennessee,Out of TN,2952,16,0,0.0,0.0,80047.0,0.0,0.5420054200542005,2936,2947,14,0,2933,2924,,5,2,0,3,23
2020-08-11,US,Tennessee,Overton,209,1,0,36.34117832,-85.28989535,47133.0,939.7059484735396,0.4784688995215311,208,198,1,0,197,195,22068,11,0,0,11,3
2020-08-11,US,Tennessee,Perry,81,0,0,35.63708728,-87.86139634,47135.0,1002.9717682020804,0.0,81,81,0,0,81,81,8064,0,0,0,0,0
2020-08-11,US,Tennessee,Pickett,39,1,0,36.55606529,-85.07763299999998,47137.0,772.5832012678287,2.5641025641025643,38,37,1,0,36,35,5082,2,0,0,2,2
2020-08-11,US,Tennessee,Polk,213,3,0,35.12245443,-84.52075859,47139.0,1265.4467680608366,1.4084507042253518,210,207,3,0,204,206,16898,6,0,0,6,1
2020-08-11,US,Tennessee,Putnam,1800,18,0,36.14005459,-85.50646123,47141.0,2243.130413109851,1.0,1782,1785,18,0,1767,1767,78843,15,0,0,15,18
2020-08-11,US,Tennessee,Rhea,544,2,0,35.60536161,-84.93076643,47143.0,1640.1845207585854,0.36764705882352944,542,538,2,0,536,536,33044,6,0,0,6,2
2020-08-11,US,Tennessee,Roane,488,2,0,35.84923189,-84.52458689,47145.0,914.1658236858867,0.4098360655737705,486,485,2,0,483,475,53140,3,0,0,3,10
2020-08-11,US,Tennessee,Robertson,1578,20,0,36.52454807,-86.87346725,47147.0,2197.373734560595,1.267427122940431,1558,1567,20,0,1547,1558,71012,11,0,0,11,9
2020-08-11,US,Tennessee,Rutherford,6629,55,0,35.84591405,-86.4107263,47149.0,1994.9741938396253,0.8296877357067431,6574,6589,55,0,6534,6553,324890,40,0,0,40,36
2020-08-11,US,Tennessee,Scott,124,1,0,36.42325673,-84.50360494,47151.0,561.8995831067608,0.8064516129032258,123,122,0,0,122,119,22039,2,1,0,1,3
2020-08-11,US,Tennessee,Sequatchie,113,1,0,35.36979721,-85.41022136,47153.0,752.0298149873552,0.8849557522123894,112,106,0,0,106,105,14876,7,1,0,6,1
2020-08-11,US,Tennessee,Sevier,1902,9,0,35.78077323,-83.52244332,47155.0,1935.8778625954199,0.473186119873817,1893,1894,7,0,1887,1886,97892,8,2,0,6,8
2020-08-11,US,Tennessee,Shelby,23625,314,0,35.1864775,-89.89692423,47157.0,2520.8981119673567,1.3291005291005291,23311,23485,308,0,23177,23238,935764,140,6,0,134,247
2020-08-11,US,Tennessee,Smith,458,4,0,36.25359775,-85.95411046,47159.0,2272.163516396289,0.8733624454148472,454,455,4,0,451,452,19942,3,0,0,3,3
2020-08-11,US,Tennessee,Stewart,79,0,0,36.50235092,-87.83920548,47161.0,576.0116660590594,0.0,79,78,0,0,78,74,13561,1,0,0,1,4
2020-08-11,US,Tennessee,Sullivan,1048,15,0,36.51240691,-82.30412917,47163.0,661.8334301664687,1.431297709923664,1033,1037,14,0,1023,994,157668,11,1,0,10,43
2020-08-11,US,Tennessee,Sumner,3473,73,0,36.46824103,-86.45917204,47165.0,1815.6344264780453,2.1019291678663983,3400,3449,72,0,3377,3433,187149,24,1,0,23,16
2020-08-11,US,Tennessee,Tipton,1217,10,0,35.501942,-89.73694895,47167.0,1975.6814233997304,0.8216926869350862,1207,1211,10,0,1201,1208,61581,6,0,0,6,3
2020-08-11,US,Tennessee,Trousdale,1583,6,0,36.39026213,-86.16087954,47169.0,14028.71322226161,0.3790271636133923,1577,1583,6,0,1577,1583,11012,0,0,0,0,0
2020-08-11,US,Tennessee,Unassigned,3117,3,0,0.0,0.0,90047.0,0.0,0.09624639076034648,3114,3142,4,0,3138,3161,,-25,-1,0,-24,-19
2020-08-11,US,Tennessee,Unicoi,168,0,0,36.10890856,-82.43709629,47171.0,939.4396913269586,0.0,168,169,0,0,169,166,17761,-1,0,0,-1,3
2020-08-11,US,Tennessee,Union,162,0,0,36.28590426,-83.83651902,47173.0,811.135589825756,0.0,162,162,0,0,162,160,19688,0,0,0,0,2
2020-08-11,US,Tennessee,Van Buren,36,0,0,35.69864497,-85.45221699,47175.0,613.0790190735695,0.0,36,36,0,0,36,36,5765,0,0,0,0,0
2020-08-11,US,Tennessee,Warren,540,4,0,35.672829899999996,-85.77969117,47177.0,1308.2346100734064,0.7407407407407407,536,533,4,0,529,530,40878,7,0,0,7,3
2020-08-11,US,Tennessee,Washington,1291,2,0,36.29472368,-82.49454720000001,47179.0,997.8743961352657,0.15491866769945778,1289,1277,2,0,1275,1252,128607,14,0,0,14,25
2020-08-11,US,Tennessee,Wayne,229,2,0,35.23868267,-87.78644456,47181.0,1373.4780783302344,0.8733624454148472,227,228,2,0,226,226,16558,1,0,0,1,2
2020-08-11,US,Tennessee,Weakley,482,4,0,36.29896232,-88.71990865,47183.0,1446.2313970235239,0.8298755186721992,478,463,4,0,459,451,33415,19,0,0,19,12
2020-08-11,US,Tennessee,White,294,5,0,35.92929884,-85.45591799,47185.0,1075.150850246846,1.7006802721088434,289,294,5,0,289,293,27107,0,0,0,0,1
2020-08-11,US,Tennessee,Williamson,3607,25,0,35.89099229,-86.89281867,47187.0,1512.9272016509235,0.6930967563071805,3582,3577,25,0,3552,3551,231729,30,0,0,30,26
2020-08-11,US,Tennessee,Wilson,2339,23,0,36.15496772,-86.29775884,47189.0,1616.9283200951215,0.9833262077811029,2316,2321,23,0,2298,2290,140625,18,0,0,18,31
2020-08-11,US,Texas,Anderson,2406,14,0,31.81534745,-95.65354823,48001.0,4167.316186022344,0.5818786367414797,2392,2403,14,0,2389,2402,58057,3,0,0,3,1
2020-08-11,US,Texas,Andrews,304,7,0,32.30468633,-102.63765479999999,48003.0,1625.2338946805667,2.3026315789473686,297,304,7,0,297,297,18128,0,0,0,0,7
2020-08-11,US,Texas,Angelina,1828,46,0,31.25457347,-94.60901487,48005.0,2108.055123104423,2.516411378555799,1782,1796,45,0,1751,1796,87092,32,1,0,31,0
2020-08-11,US,Texas,Aransas,182,15,0,28.10556197,-96.9995047,48007.0,774.1386643981284,8.241758241758241,167,177,15,0,162,173,23792,5,0,0,5,4
2020-08-11,US,Texas,Archer,27,0,0,33.61569967,-98.68754589,48009.0,315.67870922483337,0.0,27,21,0,0,21,21,8786,6,0,0,6,0
2020-08-11,US,Texas,Armstrong,8,0,0,34.96507426,-101.35748740000001,48011.0,423.9533651298357,0.0,8,8,0,0,8,8,1892,0,0,0,0,0
2020-08-11,US,Texas,Atascosa,456,18,0,28.89333001,-98.52730485,48013.0,891.4433171075011,3.947368421052632,438,437,18,0,419,437,50310,19,0,0,19,0
2020-08-11,US,Texas,Austin,269,4,0,29.88548725,-96.27736949,48015.0,895.7112413425681,1.4869888475836432,265,249,4,0,245,242,29989,20,0,0,20,7
2020-08-11,US,Texas,Bailey,175,4,0,34.06854817,-102.8299707,48017.0,2500.0,2.2857142857142856,171,171,4,0,167,171,7027,4,0,0,4,0
2020-08-11,US,Texas,Bandera,92,3,0,29.74619598,-99.24598147,48019.0,398.061613014884,3.260869565217391,89,91,3,0,88,91,22824,1,0,0,1,0
2020-08-11,US,Texas,Bastrop,1375,21,0,30.10370699,-97.31206354,48021.0,1549.7672531361654,1.5272727272727271,1354,1365,21,0,1344,1363,86976,10,0,0,10,2
2020-08-11,US,Texas,Baylor,12,0,0,33.61640794,-99.21352901,48023.0,341.9777714448561,0.0,12,11,0,0,11,11,3582,1,0,0,1,0
2020-08-11,US,Texas,Bee,1246,11,0,28.41761668,-97.74215593,48025.0,3826.1937663135272,0.8828250401284109,1235,1207,11,0,1196,1089,32587,39,0,0,39,118
2020-08-11,US,Texas,Bell,3957,39,0,31.03736027,-97.4785025,48027.0,1090.3109190904984,0.9855951478392722,3918,3831,38,0,3793,3831,355642,126,1,0,125,0
2020-08-11,US,Texas,Bexar,43164,806,0,29.44928723,-98.52019748,48029.0,2154.3716815219354,1.8672968214252617,42358,42959,784,0,42175,42783,1986049,205,22,0,183,176
2020-08-11,US,Texas,Blanco,114,5,0,30.26640707,-98.3999852,48031.0,955.4940910233844,4.385964912280701,109,98,5,0,93,98,11702,16,0,0,16,0
2020-08-11,US,Texas,Bosque,166,2,0,31.89978581,-97.63613524,48035.0,888.4131656408887,1.2048192771084338,164,162,2,0,160,161,18691,4,0,0,4,1
2020-08-11,US,Texas,Bowie,762,33,0,33.44626922,-94.41834132,48037.0,817.2019947450266,4.330708661417323,729,764,32,0,732,764,94324,-2,1,0,-3,0
2020-08-11,US,Texas,Brazoria,7591,96,0,29.18757369,-95.44563172,48039.0,2028.2474403095136,1.2646555131076274,7495,7481,93,0,7388,7357,370200,110,3,0,107,124
2020-08-11,US,Texas,Brazos,4092,49,0,30.663644800000004,-96.30205577,48041.0,1785.2546343761862,1.1974584555229717,4043,4069,49,0,4020,4055,226758,23,0,0,23,14
2020-08-11,US,Texas,Brewster,187,2,0,29.81008251,-103.25203259999999,48043.0,2031.9461045311316,1.0695187165775402,185,188,2,0,186,188,9267,-1,0,0,-1,0
2020-08-11,US,Texas,Briscoe,12,1,0,34.53026962,-101.2084947,48045.0,776.1966364812421,8.333333333333334,11,12,1,0,11,12,1516,0,0,0,0,0
2020-08-11,US,Texas,Brooks,135,3,0,27.03103197,-98.21808402,48047.0,1903.2849288030447,2.2222222222222223,132,113,3,0,110,113,7114,22,0,0,22,0
2020-08-11,US,Texas,Brown,398,16,0,31.77430356,-98.99907113,48049.0,1051.1303612930487,4.0201005025125625,382,391,16,0,375,391,37924,7,0,0,7,0
2020-08-11,US,Texas,Burleson,248,6,0,30.49273808,-96.62158484,48051.0,1344.6836198015508,2.419354838709677,242,242,6,0,236,242,18389,6,0,0,6,0
2020-08-11,US,Texas,Burnet,567,9,0,30.78801353,-98.181887,48053.0,1177.4478247326342,1.5873015873015872,558,563,9,0,554,557,47542,4,0,0,4,6
2020-08-11,US,Texas,Caldwell,1158,26,0,29.83668859,-97.61814775,48055.0,2652.0703554415536,2.245250431778929,1132,1149,26,0,1123,1145,43247,9,0,0,9,4
2020-08-11,US,Texas,Calhoun,546,5,0,28.47048236,-96.61633945,48057.0,2564.584311883513,0.9157509157509156,541,544,5,0,539,544,21561,2,0,0,2,0
2020-08-11,US,Texas,Callahan,47,3,0,32.29760619,-99.37326312,48059.0,337.0867101771498,6.382978723404255,44,46,3,0,43,46,13994,1,0,0,1,0
2020-08-11,US,Texas,Cameron,16906,454,0,26.14524221,-97.48140372,48061.0,3995.150804772629,2.6854371229149416,16452,16590,430,0,16160,16290,423908,316,24,0,292,300
2020-08-11,US,Texas,Camp,242,6,0,32.97195142,-94.97790104,48063.0,1848.1747365205442,2.479338842975207,236,233,6,0,227,233,13033,9,0,0,9,0
2020-08-11,US,Texas,Carson,16,0,0,35.40365929,-101.35426690000001,48065.0,269.99662504218696,0.0,16,15,0,0,15,15,6005,1,0,0,1,0
2020-08-11,US,Texas,Cass,185,8,0,33.07499881,-94.34646905,48067.0,616.1326850063277,4.3243243243243255,177,176,8,0,168,176,30119,9,0,0,9,0
2020-08-11,US,Texas,Castro,205,4,0,34.53016752,-102.2617243,48069.0,2722.4435590969456,1.951219512195122,201,200,4,0,196,200,7665,5,0,0,5,0
2020-08-11,US,Texas,Chambers,981,3,0,29.70972016,-94.67154501,48071.0,2237.8356183132973,0.3058103975535168,978,951,3,0,948,951,42454,30,0,0,30,0
2020-08-11,US,Texas,Cherokee,1151,8,0,31.837258000000002,-95.16559897,48073.0,2186.3009535387305,0.6950477845351868,1143,1119,7,0,1112,1110,52592,32,1,0,31,9
2020-08-11,US,Texas,Childress,47,0,0,34.529304100000004,-100.2077916,48075.0,643.3068710648782,0.0,47,40,0,0,40,40,7291,7,0,0,7,0
2020-08-11,US,Texas,Clay,43,1,0,33.78686685,-98.20771198,48077.0,410.6580078311527,2.3255813953488373,42,40,1,0,39,40,10456,3,0,0,3,0
2020-08-11,US,Texas,Cochran,32,0,0,33.60425307,-102.82844990000001,48079.0,1121.626358219418,0.0,32,32,0,0,32,32,2836,0,0,0,0,0
2020-08-11,US,Texas,Coke,42,2,0,31.88911733,-100.5297533,48081.0,1240.0354295837026,4.761904761904762,40,42,2,0,40,42,3370,0,0,0,0,0
2020-08-11,US,Texas,Coleman,24,0,0,31.76736834,-99.45240766,48083.0,293.5779816513761,0.0,24,19,0,0,19,19,8397,5,0,0,5,0
2020-08-11,US,Texas,Collin,8052,93,0,33.18820114,-96.57264368,48085.0,778.174016410078,1.1549925484351713,7959,7833,90,0,7743,7654,1005146,219,3,0,216,179
2020-08-11,US,Texas,Collingsworth,12,0,0,34.96489496,-100.27001109999999,48087.0,410.958904109589,0.0,12,11,0,0,11,11,2962,1,0,0,1,0
2020-08-11,US,Texas,Colorado,308,2,0,29.622097999999998,-96.5273805,48089.0,1433.024705718141,0.6493506493506493,306,296,2,0,294,281,21217,12,0,0,12,15
2020-08-11,US,Texas,Comal,1929,70,0,29.80811278,-98.27647225,48091.0,1234.884033570409,3.6288232244686367,1859,1839,70,0,1769,1839,148373,90,0,0,90,0
2020-08-11,US,Texas,Comanche,150,3,0,31.94854689,-98.55876441,48093.0,1100.1100110011,2.0,147,142,3,0,139,142,13534,8,0,0,8,0
2020-08-11,US,Texas,Concho,31,0,0,31.32635934,-99.86473038,48095.0,1137.1973587674247,0.0,31,28,0,0,28,28,4276,3,0,0,3,0
2020-08-11,US,Texas,Cooke,248,3,0,33.63979567,-97.21240912,48097.0,601.1101146472114,1.2096774193548387,245,223,3,0,220,223,40574,25,0,0,25,0
2020-08-11,US,Texas,Coryell,686,5,0,31.39078397,-97.79936155,48099.0,903.2139142341772,0.7288629737609329,681,669,5,0,664,668,74808,17,0,0,17,1
2020-08-11,US,Texas,Cottle,18,2,0,34.07783319,-100.27850620000001,48101.0,1287.5536480686694,11.111111111111109,16,18,2,0,16,18,1389,0,0,0,0,0
2020-08-11,US,Texas,Crane,70,2,0,31.43052248,-102.5143314,48103.0,1459.245361684386,2.8571428571428568,68,70,2,0,68,70,4794,0,0,0,0,0
2020-08-11,US,Texas,Crockett,158,3,0,30.72367027,-101.4134238,48105.0,4561.200923787529,1.8987341772151896,155,155,3,0,152,155,3499,3,0,0,3,0
2020-08-11,US,Texas,Crosby,63,1,0,33.61431553,-101.30003640000001,48107.0,1098.1349137179711,1.5873015873015872,62,63,1,0,62,63,5779,0,0,0,0,0
2020-08-11,US,Texas,Culberson,17,2,0,31.44506775,-104.5185739,48109.0,783.049286043298,11.764705882352944,15,17,2,0,15,17,2204,0,0,0,0,0
2020-08-11,US,Texas,Dallam,193,5,0,36.27787176,-102.60207249999999,48111.0,2648.552216275559,2.5906735751295336,188,190,5,0,185,190,7200,3,0,0,3,0
2020-08-11,US,Texas,Dallas,55553,785,0,32.76670599,-96.77796049999999,48113.0,2107.860472104893,1.4130650009900456,54768,55255,756,0,54499,54674,2637772,298,29,0,269,581
2020-08-11,US,Texas,Dawson,157,4,0,32.74255572,-101.94772420000001,48115.0,1233.5009428032683,2.5477707006369426,153,145,4,0,141,145,12619,12,0,0,12,0
2020-08-11,US,Texas,DeWitt,700,19,0,29.08101855,-97.35681170000001,48123.0,3472.222222222222,2.7142857142857144,681,693,19,0,674,693,20187,7,0,0,7,0
2020-08-11,US,Texas,Deaf Smith,674,17,0,34.96522957,-102.6054267,48117.0,3634.2068370538123,2.5222551928783377,657,667,17,0,650,667,18760,7,0,0,7,0
2020-08-11,US,Texas,Delta,17,0,0,33.38570922,-95.66921122,48119.0,318.88951416244606,0.0,17,16,0,0,16,16,5349,1,0,0,1,0
2020-08-11,US,Texas,Denton,7867,91,0,33.20521901,-97.11691153,48121.0,886.7152761418698,1.1567306470064829,7776,7745,88,0,7657,7644,859064,122,3,0,119,101
2020-08-11,US,Texas,Dickens,5,1,0,33.61616822,-100.7788855,48125.0,226.14201718679334,20.0,4,5,1,0,4,5,2249,0,0,0,0,0
2020-08-11,US,Texas,Dimmit,155,3,0,28.42270064,-99.75645095,48127.0,1531.0154089292764,1.935483870967742,152,150,3,0,147,150,10308,5,0,0,5,0
2020-08-11,US,Texas,Donley,49,0,0,34.96517499,-100.8140093,48129.0,1494.8139109212937,0.0,49,48,0,0,48,48,3319,1,0,0,1,0
2020-08-11,US,Texas,Duval,188,6,0,27.68184592,-98.50864568,48131.0,1685.0407815721067,3.191489361702128,182,177,6,0,171,176,11212,11,0,0,11,1
2020-08-11,US,Texas,Eastland,79,1,0,32.32743996,-98.83243566,48133.0,430.28322440087135,1.2658227848101269,78,73,1,0,72,73,18322,6,0,0,6,0
2020-08-11,US,Texas,Ector,3616,57,0,31.86898877,-102.54294279999999,48135.0,2175.390890550646,1.5763274336283186,3559,3587,55,0,3532,3531,162124,29,2,0,27,56
2020-08-11,US,Texas,Edwards,28,0,0,29.98202582,-100.304252,48137.0,1449.2753623188407,0.0,28,28,0,0,28,28,1928,0,0,0,0,0
2020-08-11,US,Texas,El Paso,16936,307,0,31.76980765,-106.23632749999999,48141.0,2018.0211096256369,1.8127066603684456,16629,16396,300,0,16096,16308,840758,540,7,0,533,88
2020-08-11,US,Texas,Ellis,3120,43,0,32.34894117,-96.79371841,48139.0,1688.0741886963956,1.3782051282051282,3077,2855,42,0,2813,2855,179436,265,1,0,264,0
2020-08-11,US,Texas,Erath,555,5,0,32.23602653,-98.21773417,48143.0,1299.826689774697,0.9009009009009008,550,527,5,0,522,527,42446,28,0,0,28,0
2020-08-11,US,Texas,Falls,135,3,0,31.25350609,-96.93630086,48145.0,780.4821645372031,2.2222222222222223,132,128,3,0,125,127,17335,7,0,0,7,1
2020-08-11,US,Texas,Fannin,266,8,0,33.59564294,-96.10751083,48147.0,749.0003942107338,3.0075187969924815,258,246,8,0,238,246,35286,20,0,0,20,0
2020-08-11,US,Texas,Fayette,390,14,0,29.87788372,-96.92076062,48149.0,1538.704332044504,3.58974358974359,376,388,14,0,374,378,25349,2,0,0,2,10
2020-08-11,US,Texas,Fisher,29,1,0,32.74281316,-100.40193020000001,48151.0,757.1801566579636,3.4482758620689653,28,28,1,0,27,28,3839,1,0,0,1,0
2020-08-11,US,Texas,Floyd,91,6,0,34.07227468,-101.3031546,48153.0,1593.1372549019613,6.593406593406592,85,89,6,0,83,89,5837,2,0,0,2,0
2020-08-11,US,Texas,Foard,2,0,0,33.97308618,-99.7767797,48155.0,173.16017316017312,0.0,2,2,0,0,2,2,1200,0,0,0,0,0
2020-08-11,US,Texas,Fort Bend,10335,164,0,29.52704478,-95.77219463,48157.0,1273.2724889366355,1.586840832123851,10171,10021,162,0,9859,9533,787858,314,2,0,312,488
2020-08-11,US,Texas,Franklin,92,2,0,33.17653242,-95.21917243,48159.0,857.8088578088579,2.1739130434782608,90,92,2,0,90,92,10766,0,0,0,0,0
2020-08-11,US,Texas,Freestone,162,0,0,31.70422788,-96.15072516,48161.0,821.6260080133894,0.0,162,157,0,0,157,156,19808,5,0,0,5,1
2020-08-11,US,Texas,Frio,514,5,0,28.86751206,-99.10804207,48163.0,2531.271545356052,0.9727626459143968,509,512,5,0,507,512,19816,2,0,0,2,0
2020-08-11,US,Texas,Gaines,172,3,0,32.74055318,-102.6353295,48165.0,800.2977852224085,1.7441860465116281,169,161,3,0,158,161,20901,11,0,0,11,0
2020-08-11,US,Texas,Galveston,9605,114,0,29.40167322,-94.90469073,48167.0,2807.3385378457288,1.1868818323789694,9491,9514,113,0,9401,9376,337890,91,1,0,90,138
2020-08-11,US,Texas,Garza,99,3,0,33.17969345,-101.2984114,48169.0,1589.34018301493,3.0303030303030303,96,99,3,0,96,99,6578,0,0,0,0,0
2020-08-11,US,Texas,Gillespie,176,6,0,30.31824095,-98.94676915,48171.0,652.1416926041203,3.4090909090909087,170,175,6,0,169,175,26804,1,0,0,1,0
2020-08-11,US,Texas,Glasscock,6,0,0,31.86942909,-101.5207776,48173.0,425.83392476934,0.0,6,6,0,0,6,6,1388,0,0,0,0,0
2020-08-11,US,Texas,Goliad,96,5,0,28.65696592,-97.42760647,48175.0,1253.5910159310527,5.208333333333333,91,89,4,0,85,89,7584,7,1,0,6,0
2020-08-11,US,Texas,Gonzales,684,10,0,29.45634206,-97.49424032,48177.0,3282.6222584825073,1.4619883040935673,674,683,9,0,674,683,20826,1,1,0,0,0
2020-08-11,US,Texas,Gray,218,2,0,35.40081878,-100.8129222,48179.0,996.070547381888,0.9174311926605504,216,215,2,0,213,215,21895,3,0,0,3,0
2020-08-11,US,Texas,Grayson,1169,13,0,33.62744998,-96.67753461,48181.0,858.2210084280388,1.1120615911035072,1156,1139,13,0,1126,1118,133991,30,0,0,30,21
2020-08-11,US,Texas,Gregg,1416,27,0,32.47940482,-94.81591935,48183.0,1142.4422122715719,1.9067796610169487,1389,1416,27,0,1389,1416,123707,0,0,0,0,0
2020-08-11,US,Texas,Grimes,891,23,0,30.54579585,-95.98902499,48185.0,3085.180055401663,2.5813692480359145,868,880,23,0,857,876,28360,11,0,0,11,4
2020-08-11,US,Texas,Guadalupe,1696,56,0,29.58165339,-97.94786822,48187.0,1016.5001468411181,3.30188679245283,1640,1679,55,0,1624,1679,163694,17,1,0,16,0
2020-08-11,US,Texas,Hale,1439,29,0,34.07044901,-101.82681140000001,48189.0,4307.609411482968,2.0152883947185547,1410,1285,26,0,1259,1285,33830,154,3,0,151,0
2020-08-11,US,Texas,Hall,14,1,0,34.5307555,-100.68138520000001,48191.0,472.3346828609986,7.142857142857142,13,11,1,0,10,11,3028,3,0,0,3,0
2020-08-11,US,Texas,Hamilton,91,3,0,31.70470573,-98.11083887,48193.0,1075.522987826498,3.2967032967032965,88,83,3,0,80,83,8484,8,0,0,8,0
2020-08-11,US,Texas,Hansford,80,2,0,36.27743284,-101.3545796,48195.0,1481.7558807186515,2.5,78,73,2,0,71,73,5463,7,0,0,7,0
2020-08-11,US,Texas,Hardeman,21,0,0,34.28944521,-99.74632408,48197.0,533.9435545385202,0.0,21,18,0,0,18,18,3922,3,0,0,3,0
2020-08-11,US,Texas,Hardin,973,15,0,30.33364686,-94.38931817,48199.0,1689.1774591160029,1.5416238437821173,958,973,15,0,958,973,57207,0,0,0,0,0
2020-08-11,US,Texas,Harris,87505,1616,0,29.85864939,-95.39339521,48201.0,1856.5450080357284,1.8467516141934743,85889,86563,1583,0,84980,85757,4698619,942,33,0,909,806
2020-08-11,US,Texas,Harrison,713,23,0,32.54935988,-94.36934071,48203.0,1071.3266118732438,3.2258064516129035,690,693,23,0,670,693,66726,20,0,0,20,0
2020-08-11,US,Texas,Hartley,90,0,0,35.84008013,-102.6029022,48205.0,1614.060258249641,0.0,90,85,0,0,85,85,5619,5,0,0,5,0
2020-08-11,US,Texas,Haskell,43,0,0,33.17823584,-99.73037358,48207.0,759.9858607281725,0.0,43,42,0,0,42,42,5813,1,0,0,1,0
2020-08-11,US,Texas,Hays,5066,41,0,30.05669873,-98.02944344,48209.0,2200.781090485727,0.8093170153967627,5025,5050,39,0,5011,5012,222631,16,2,0,14,38
2020-08-11,US,Texas,Hemphill,42,0,0,35.83764858,-100.2703577,48211.0,1099.7643362136685,0.0,42,42,0,0,42,42,3825,0,0,0,0,0
2020-08-11,US,Texas,Henderson,641,12,0,32.21128872,-95.85846587,48213.0,774.7440685545765,1.87207488299532,629,641,12,0,629,641,82299,0,0,0,0,0
2020-08-11,US,Texas,Hidalgo,20431,849,0,26.39418217,-98.18299696,48215.0,2351.886194079247,4.155450051392491,19582,20148,829,0,19319,19741,865939,283,20,0,263,407
2020-08-11,US,Texas,Hill,328,7,0,31.99045053,-97.13423143,48217.0,894.9766705776419,2.1341463414634148,321,328,7,0,321,321,36354,0,0,0,0,7
2020-08-11,US,Texas,Hockley,214,4,0,33.60771256,-102.3431676,48219.0,929.5860301463879,1.8691588785046729,210,206,4,0,202,206,22980,8,0,0,8,0
2020-08-11,US,Texas,Hood,567,10,0,32.42990927,-97.83242024,48221.0,919.8124685690184,1.7636684303350971,557,528,10,0,518,528,60537,39,0,0,39,0
2020-08-11,US,Texas,Hopkins,206,2,0,33.14875072,-95.56351139,48223.0,555.4956315392083,0.9708737864077671,204,201,2,0,199,199,36810,5,0,0,5,2
2020-08-11,US,Texas,Houston,317,7,0,31.31925973,-95.42226208,48225.0,1380.1811215604318,2.2082018927444795,310,314,7,0,307,314,23169,3,0,0,3,0
2020-08-11,US,Texas,Howard,177,6,0,32.30621324,-101.4356444,48227.0,482.7623827187432,3.3898305084745757,171,173,6,0,167,171,36459,4,0,0,4,2
2020-08-11,US,Texas,Hudspeth,24,2,0,31.45628381,-105.388178,48229.0,491.1993450675399,8.333333333333334,22,24,2,0,22,23,4795,0,0,0,0,1
2020-08-11,US,Texas,Hunt,1202,21,0,33.12351514,-96.08551032,48231.0,1219.1411242063411,1.7470881863560732,1181,1182,21,0,1161,1182,96493,20,0,0,20,0
2020-08-11,US,Texas,Hutchinson,128,3,0,35.84006574,-101.3546643,48233.0,611.3286846881267,2.34375,125,126,3,0,123,126,21198,2,0,0,2,0
2020-08-11,US,Texas,Irion,9,0,0,31.30375559,-100.982439,48235.0,585.9375,0.0,9,9,0,0,9,9,1522,0,0,0,0,0
2020-08-11,US,Texas,Jack,67,0,0,33.23377248,-98.17283469,48237.0,749.8601007274762,0.0,67,59,0,0,59,59,8843,8,0,0,8,0
2020-08-11,US,Texas,Jackson,408,7,0,28.95472367,-96.57749563,48239.0,2764.2276422764226,1.7156862745098038,401,406,7,0,399,406,14874,2,0,0,2,0
2020-08-11,US,Texas,Jasper,332,11,0,30.74685667,-94.02667579,48241.0,934.4479157871036,3.3132530120481927,321,304,11,0,293,304,35872,28,0,0,28,0
2020-08-11,US,Texas,Jeff Davis,8,0,0,30.71490589,-104.1399973,48243.0,351.8029903254178,0.0,8,8,0,0,8,8,2252,0,0,0,0,0
2020-08-11,US,Texas,Jefferson,5977,84,0,29.8832777,-94.16434171,48245.0,2375.9266988651043,1.4053873180525347,5893,5880,84,0,5796,5880,255001,97,0,0,97,0
2020-08-11,US,Texas,Jim Hogg,64,1,0,27.04453923,-98.69681870000001,48247.0,1230.7692307692307,1.5625,63,62,1,0,61,62,5248,2,0,0,2,0
2020-08-11,US,Texas,Jim Wells,777,16,0,27.73103938,-98.0904705,48249.0,1919.3715725507639,2.0592020592020592,761,724,15,0,709,724,40822,53,1,0,52,0
2020-08-11,US,Texas,Johnson,1980,30,0,32.37877812,-97.36615819,48251.0,1126.1709618523805,1.5151515151515151,1950,1861,30,0,1831,1861,171361,119,0,0,119,0
2020-08-11,US,Texas,Jones,600,0,0,32.73997145,-99.87861576,48253.0,2987.6014539660414,0.0,600,596,0,0,596,596,19817,4,0,0,4,0
2020-08-11,US,Texas,Karnes,644,7,0,28.90705334,-97.85960149,48255.0,4127.940516633549,1.0869565217391304,637,639,6,0,633,632,15650,5,1,0,4,7
2020-08-11,US,Texas,Kaufman,2289,25,0,32.599141700000004,-96.28734728,48257.0,1681.1845410344172,1.09217999126256,2264,2158,25,0,2133,2158,128622,131,0,0,131,0
2020-08-11,US,Texas,Kendall,163,4,0,29.94414155,-98.7113588,48259.0,343.6571018953849,2.4539877300613497,159,158,4,0,154,158,45641,5,0,0,5,0
2020-08-11,US,Texas,Kenedy,6,1,0,26.92601662,-97.66413984,48261.0,1485.148514851485,16.666666666666668,5,6,1,0,5,6,442,0,0,0,0,0
2020-08-11,US,Texas,Kent,3,0,0,33.18104136,-100.7780939,48263.0,393.70078740157476,0.0,3,3,0,0,3,3,726,0,0,0,0,0
2020-08-11,US,Texas,Kerr,400,6,0,30.06040006,-99.34930144,48265.0,760.4562737642585,1.5,394,398,6,0,392,398,52405,2,0,0,2,0
2020-08-11,US,Texas,Kimble,14,1,0,30.48678918,-99.74856473,48267.0,322.80378141572515,7.142857142857142,13,14,1,0,13,13,4362,0,0,0,0,1
2020-08-11,US,Texas,Kinney,19,0,0,29.34967888,-100.41866379999999,48271.0,518.1347150259069,0.0,19,19,0,0,19,19,3767,0,0,0,0,0
2020-08-11,US,Texas,Kleberg,451,8,0,27.42435506,-97.69894948,48273.0,1470.013037809648,1.7738359201773837,443,442,8,0,434,434,31129,9,0,0,9,8
2020-08-11,US,Texas,Knox,60,1,0,33.60519951,-99.74229059999999,48275.0,1637.5545851528384,1.6666666666666667,59,60,1,0,59,60,3653,0,0,0,0,0
2020-08-11,US,Texas,La Salle,362,2,0,28.34453111,-99.09908775,48283.0,4813.829787234043,0.5524861878453039,360,361,2,0,359,362,7531,1,0,0,1,-1
2020-08-11,US,Texas,Lamar,655,18,0,33.66981763,-95.57404777,48277.0,1313.7046471048354,2.7480916030534357,637,647,18,0,629,644,49728,8,0,0,8,3
2020-08-11,US,Texas,Lamb,233,11,0,34.06859623,-102.35162890000001,48279.0,1807.1821918870705,4.721030042918455,222,226,11,0,215,226,13158,7,0,0,7,0
2020-08-11,US,Texas,Lampasas,110,3,0,31.19531316,-98.24206613,48281.0,513.347022587269,2.727272727272727,107,104,3,0,101,104,21229,6,0,0,6,0
2020-08-11,US,Texas,Lavaca,633,19,0,29.38508402,-96.93186692,48285.0,3140.815718963977,3.001579778830964,614,627,17,0,610,627,20110,6,2,0,4,0
2020-08-11,US,Texas,Lee,177,10,0,30.31120597,-96.97045773,48287.0,1026.7416903532687,5.649717514124294,167,173,10,0,163,173,17144,4,0,0,4,0
2020-08-11,US,Texas,Leon,145,3,0,31.29872538,-95.9936328,48289.0,833.1418064812686,2.0689655172413794,142,144,2,0,142,143,17270,1,1,0,0,1
2020-08-11,US,Texas,Liberty,1002,34,0,30.15152688,-94.81205615,48291.0,1135.8097461997984,3.393213572854292,968,987,34,0,953,978,86323,15,0,0,15,9
2020-08-11,US,Texas,Limestone,254,3,0,31.5454767,-96.58095444,48293.0,1083.7564534710077,1.1811023622047243,251,241,3,0,238,235,23519,13,0,0,13,6
2020-08-11,US,Texas,Lipscomb,20,0,0,36.27783108,-100.27331509999999,48295.0,618.6204763377667,0.0,20,18,0,0,18,18,3355,2,0,0,2,0
2020-08-11,US,Texas,Live Oak,230,4,0,28.35101362,-98.1246786,48297.0,1884.164823461948,1.7391304347826086,226,230,2,0,228,230,12166,0,2,0,-2,0
2020-08-11,US,Texas,Llano,89,1,0,30.70645047,-98.68475262,48299.0,408.3505391144758,1.1235955056179776,88,89,1,0,88,89,21646,0,0,0,0,0
2020-08-11,US,Texas,Lubbock,6222,75,0,33.61008596,-101.82047890000001,48303.0,2003.4195299595256,1.2054001928640308,6147,6059,73,0,5986,6018,307412,163,2,0,161,41
2020-08-11,US,Texas,Lynn,73,4,0,33.17657705,-101.8162849,48305.0,1226.6845908250716,5.479452054794519,69,67,4,0,63,67,5877,6,0,0,6,0
2020-08-11,US,Texas,Madison,667,2,0,30.96694679,-95.93003775,48313.0,4669.560347241669,0.29985007496251875,665,668,2,0,666,666,14422,-1,0,0,-1,2
2020-08-11,US,Texas,Marion,134,9,0,32.79868409,-94.35661230000001,48315.0,1359.8538664501725,6.7164179104477615,125,133,8,0,125,133,9928,1,1,0,0,0
2020-08-11,US,Texas,Martin,63,5,0,32.30600051,-101.9513518,48317.0,1091.6652226650494,7.936507936507938,58,55,5,0,50,55,5753,8,0,0,8,0
2020-08-11,US,Texas,Mason,54,0,0,30.71780434,-99.22629416,48319.0,1263.4534394010295,0.0,54,53,0,0,53,53,4280,1,0,0,1,0
2020-08-11,US,Texas,Matagorda,770,28,0,28.81955746,-96.01230294,48321.0,2101.356329994815,3.636363636363636,742,752,27,0,725,740,36552,18,1,0,17,12
2020-08-11,US,Texas,Maverick,2321,44,0,28.7429195,-100.3157686,48323.0,3952.522053063589,1.895734597156398,2277,2321,43,0,2278,2321,58485,0,1,0,-1,0
2020-08-11,US,Texas,McCulloch,51,1,0,31.1925468,-99.34682807,48307.0,638.7775551102203,1.96078431372549,50,48,1,0,47,48,7987,3,0,0,3,0
2020-08-11,US,Texas,McLennan,5031,57,0,31.55255453,-97.20217694,48309.0,1960.4634035141046,1.132975551580203,4974,4970,55,0,4915,4946,254607,61,2,0,59,24
2020-08-11,US,Texas,McMullen,9,0,0,28.35251708,-98.56769164,48311.0,1211.305518169583,0.0,9,9,0,0,9,9,749,0,0,0,0,0
2020-08-11,US,Texas,Medina,892,26,0,29.355730100000002,-99.11030298,48325.0,1729.2183622828784,2.914798206278027,866,878,26,0,852,811,50921,14,0,0,14,67
2020-08-11,US,Texas,Menard,18,0,0,30.88990665,-99.82047940000001,48327.0,841.9083255378857,0.0,18,17,0,0,17,17,2139,1,0,0,1,0
2020-08-11,US,Texas,Midland,2788,49,0,31.86904128,-102.03156820000001,48329.0,1576.6377126311982,1.757532281205165,2739,2676,49,0,2627,2592,172578,112,0,0,112,84
2020-08-11,US,Texas,Milam,350,3,0,30.78581830000001,-96.97718698,48331.0,1409.982677355678,0.8571428571428571,347,346,3,0,343,333,25131,4,0,0,4,13
2020-08-11,US,Texas,Mills,22,0,0,31.49557106,-98.59272068,48333.0,451.46726862302484,0.0,22,22,0,0,22,22,4921,0,0,0,0,0
2020-08-11,US,Texas,Mitchell,68,1,0,32.30623474,-100.9212058,48335.0,795.7870099473378,1.4705882352941178,67,61,1,0,60,61,8145,7,0,0,7,0
2020-08-11,US,Texas,Montague,77,2,0,33.67521893,-97.72500958,48337.0,388.53567463921684,2.5974025974025974,75,70,1,0,69,70,19596,7,1,0,6,0
2020-08-11,US,Texas,Montgomery,6776,94,0,30.30079133,-95.50572772,48339.0,1115.5911101745005,1.3872491145218415,6682,6654,90,0,6564,6577,590925,122,4,0,118,77
2020-08-11,US,Texas,Moore,1063,14,0,35.83769242,-101.8930281,48341.0,5076.408787010506,1.317027281279398,1049,1050,13,0,1037,1050,21485,13,1,0,12,0
2020-08-11,US,Texas,Morris,125,3,0,33.11304005,-94.73255695,48343.0,1009.0410074265418,2.4,122,117,3,0,114,116,12339,8,0,0,8,1
2020-08-11,US,Texas,Motley,6,0,0,34.07408766,-100.77972199999999,48345.0,500.0,0.0,6,6,0,0,6,6,1234,0,0,0,0,0
2020-08-11,US,Texas,Nacogdoches,1167,42,0,31.62017125,-94.61803994,48347.0,1789.7674989264465,3.5989717223650386,1125,1148,42,0,1106,1147,65711,19,0,0,19,1
2020-08-11,US,Texas,Navarro,883,9,0,32.04620681,-96.47428766,48349.0,1762.017839682318,1.0192525481313703,874,856,8,0,848,856,49565,27,1,0,26,0
2020-08-11,US,Texas,Newton,116,4,0,30.78548982,-93.74408813,48351.0,853.2548731151159,3.4482758620689653,112,93,4,0,89,93,13746,23,0,0,23,0
2020-08-11,US,Texas,Nolan,136,3,0,32.30365282,-100.4060208,48353.0,924.2897920347967,2.2058823529411766,133,134,3,0,131,134,14751,2,0,0,2,0
2020-08-11,US,Texas,Nueces,15731,249,0,27.736286,-97.5433285,48355.0,4342.053691201068,1.5828618651071134,15482,15423,243,0,15180,15244,362265,308,6,0,302,179
2020-08-11,US,Texas,Ochiltree,95,2,0,36.27829105,-100.8158184,48357.0,965.8397722651483,2.1052631578947367,93,95,2,0,93,95,9947,0,0,0,0,0
2020-08-11,US,Texas,Oldham,14,1,0,35.40425596,-102.6027606,48359.0,662.8787878787879,7.142857142857142,13,14,1,0,13,14,2131,0,0,0,0,0
2020-08-11,US,Texas,Orange,1493,22,0,30.11879481,-93.89412775,48361.0,1790.2537291956448,1.4735432016075016,1471,1477,20,0,1457,1477,83572,16,2,0,14,0
2020-08-11,US,Texas,Palo Pinto,297,9,0,32.75310985,-98.31319001,48363.0,1017.5065949501525,3.0303030303030303,288,265,7,0,258,265,28875,32,2,0,30,0
2020-08-11,US,Texas,Panola,297,18,0,32.163959600000005,-94.30552481,48365.0,1280.503578511684,6.0606060606060606,279,292,18,0,274,291,23148,5,0,0,5,1
2020-08-11,US,Texas,Parker,1292,19,0,32.77757172,-97.80500621,48367.0,904.2679768753762,1.4705882352941178,1273,1225,19,0,1206,1225,138371,67,0,0,67,0
2020-08-11,US,Texas,Parmer,345,7,0,34.52993409,-102.78446679999999,48369.0,3591.8792295679327,2.028985507246377,338,340,7,0,333,340,9864,5,0,0,5,0
2020-08-11,US,Texas,Pecos,249,1,0,30.78097267,-102.72412609999999,48371.0,1573.6585982430634,0.4016064257028112,248,244,1,0,243,243,15673,5,0,0,5,1
2020-08-11,US,Texas,Polk,750,12,0,30.79472531,-94.82766240000001,48373.0,1460.4794267131424,1.6,738,748,12,0,736,748,50031,2,0,0,2,0
2020-08-11,US,Texas,Potter,3711,45,0,35.40133773,-101.893964,48375.0,3160.5842524379327,1.2126111560226354,3666,3689,45,0,3644,3661,119648,22,0,0,22,28
2020-08-11,US,Texas,Presidio,47,2,0,29.99954402,-104.24080790000001,48377.0,701.0739856801912,4.25531914893617,45,46,2,0,44,46,6948,1,0,0,1,0
2020-08-11,US,Texas,Rains,51,1,0,32.87109387,-95.79232691,48379.0,407.54355122263047,1.96078431372549,50,51,1,0,50,51,12159,0,0,0,0,0
2020-08-11,US,Texas,Randall,1747,21,0,34.96585996,-101.8971322,48381.0,1268.5803083223807,1.2020606754436176,1726,1725,21,0,1704,1725,136271,22,0,0,22,0
2020-08-11,US,Texas,Reagan,63,3,0,31.36607041,-101.52326590000001,48383.0,1636.7887763055344,4.761904761904762,60,63,3,0,60,63,3741,0,0,0,0,0
2020-08-11,US,Texas,Real,88,1,0,29.83321503,-99.82018052,48385.0,2549.246813441483,1.1363636363636365,87,87,1,0,86,87,3478,1,0,0,1,0
2020-08-11,US,Texas,Red River,137,11,0,33.61886692,-95.04841765,48387.0,1139.4826582383764,8.02919708029197,126,136,11,0,125,136,12175,1,0,0,1,0
2020-08-11,US,Texas,Reeves,148,5,0,31.32323325,-103.69038959999999,48389.0,926.3895843765648,3.3783783783783785,143,146,5,0,141,146,15695,2,0,0,2,0
2020-08-11,US,Texas,Refugio,234,4,0,28.323897600000002,-97.15766311,48391.0,3367.875647668395,1.709401709401709,230,226,4,0,222,223,7032,8,0,0,8,3
2020-08-11,US,Texas,Roberts,6,0,0,35.83809685,-100.813175,48393.0,702.5761124121782,0.0,6,6,0,0,6,6,903,0,0,0,0,0
2020-08-11,US,Texas,Robertson,234,2,0,31.02539637,-96.51272246,48395.0,1370.5048611924565,0.8547008547008547,232,234,2,0,232,234,17284,0,0,0,0,0
2020-08-11,US,Texas,Rockwall,1031,13,0,32.89779518,-96.40771592,48397.0,982.7002811800028,1.2609117361784674,1018,896,13,0,883,896,100657,135,0,0,135,0
2020-08-11,US,Texas,Runnels,129,2,0,31.8314342,-99.97616148,48399.0,1256.8199532346064,1.5503875968992251,127,124,1,0,123,124,10234,5,1,0,4,0
2020-08-11,US,Texas,Rusk,377,2,0,32.10773545,-94.76176432,48401.0,692.9382788663016,0.5305039787798409,375,370,2,0,368,369,54450,7,0,0,7,1
2020-08-11,US,Texas,Sabine,62,6,0,31.34318809,-93.85440451,48403.0,588.1236956934167,9.677419354838712,56,51,6,0,45,51,10589,11,0,0,11,0
2020-08-11,US,Texas,San Augustine,162,11,0,31.39457611,-94.17000399,48405.0,1966.7354619400269,6.790123456790122,151,162,11,0,151,162,8232,0,0,0,0,0
2020-08-11,US,Texas,San Jacinto,182,8,0,30.57933681,-95.16260304,48407.0,630.6524827610103,4.395604395604397,174,177,8,0,169,177,28719,5,0,0,5,0
2020-08-11,US,Texas,San Patricio,972,30,0,28.00880118,-97.51763891,48409.0,1456.6162145961334,3.08641975308642,942,935,26,0,909,935,66893,37,4,0,33,0
2020-08-11,US,Texas,San Saba,24,0,0,31.1577796,-98.81758731,48411.0,396.3666391412056,0.0,24,24,0,0,24,24,6054,0,0,0,0,0
2020-08-11,US,Texas,Schleicher,36,1,0,30.89740592,-100.5384842,48413.0,1288.936627282492,2.7777777777777777,35,36,1,0,35,36,2895,0,0,0,0,0
2020-08-11,US,Texas,Scurry,488,1,0,32.74613808,-100.91626640000001,48415.0,2921.6308447584265,0.20491803278688525,487,481,1,0,480,481,16866,7,0,0,7,0
2020-08-11,US,Texas,Shackelford,19,0,0,32.73587756,-99.35401337,48417.0,581.9295558958653,0.0,19,18,0,0,18,18,3253,1,0,0,1,0
2020-08-11,US,Texas,Shelby,405,18,0,31.79211404,-94.14550696,48419.0,1602.437287330854,4.4444444444444455,387,401,18,0,383,401,25418,4,0,0,4,0
2020-08-11,US,Texas,Sherman,41,0,0,36.27751473,-101.8933156,48421.0,1356.7174056915946,0.0,41,40,0,0,40,40,3079,1,0,0,1,0
2020-08-11,US,Texas,Smith,2524,24,0,32.37474036,-95.27175679999999,48423.0,1084.4206899218477,0.9508716323296356,2500,2524,23,0,2501,2524,230221,0,1,0,-1,0
2020-08-11,US,Texas,Somervell,77,0,0,32.22236802,-97.77403489,48425.0,843.5582822085887,0.0,77,74,0,0,74,74,9016,3,0,0,3,0
2020-08-11,US,Texas,Starr,2249,73,0,26.56150059,-98.73892358,48427.0,3479.6466201476032,3.2458870609159627,2176,2213,68,0,2145,2161,64525,36,5,0,31,52
2020-08-11,US,Texas,Stephens,49,3,0,32.73553157,-98.83631615,48429.0,523.168908819133,6.1224489795918355,46,42,3,0,39,42,9433,7,0,0,7,0
2020-08-11,US,Texas,Stonewall,5,0,0,33.17906744,-100.25384009999999,48433.0,370.3703703703704,0.0,5,5,0,0,5,5,1362,0,0,0,0,0
2020-08-11,US,Texas,Sutton,66,1,0,30.49856623,-100.5382014,48435.0,1747.8813559322034,1.5151515151515151,65,62,1,0,61,62,3758,4,0,0,4,0
2020-08-11,US,Texas,Swisher,82,2,0,34.53028891,-101.73491740000001,48437.0,1108.5575233202646,2.4390243902439024,80,80,2,0,78,80,7462,2,0,0,2,0
2020-08-11,US,Texas,Tarrant,32469,457,0,32.77143818,-97.29101614,48439.0,1544.2933819734938,1.4074963811635717,32012,32177,449,0,31728,31687,2084931,292,8,0,284,490
2020-08-11,US,Texas,Taylor,1130,27,0,32.30163422,-99.89007449,48441.0,818.6388860715477,2.3893805309734515,1103,1130,23,0,1107,1126,137640,0,4,0,-4,4
2020-08-11,US,Texas,Terrell,2,0,0,30.22429013,-102.0766732,48443.0,257.73195876288656,0.0,2,2,0,0,2,2,823,0,0,0,0,0
2020-08-11,US,Texas,Terry,159,2,0,33.17402785,-102.3354521,48445.0,1288.8060306395396,1.2578616352201255,157,143,2,0,141,143,12287,16,0,0,16,0
2020-08-11,US,Texas,Throckmorton,4,2,0,33.17751417,-99.21226795,48447.0,266.4890073284477,50.0,2,4,2,0,2,4,1515,0,0,0,0,0
2020-08-11,US,Texas,Titus,1289,15,0,33.21339719,-94.96797273,48449.0,3935.8778625954205,1.1636927851047325,1274,1289,15,0,1274,1289,33033,0,0,0,0,0
2020-08-11,US,Texas,Tom Green,2740,26,0,31.40464436,-100.46244300000001,48451.0,2298.657718120805,0.9489051094890509,2714,2671,26,0,2645,2632,118189,69,0,0,69,39
2020-08-11,US,Texas,Travis,23249,307,0,30.33432034,-97.78535620000001,48453.0,1824.9481535440048,1.32048690266248,22942,22953,303,0,22650,22724,1248743,296,4,0,292,229
2020-08-11,US,Texas,Trinity,156,4,0,31.0879489,-95.1367187,48455.0,1064.773735581189,2.5641025641025643,152,156,4,0,152,156,14740,0,0,0,0,0
2020-08-11,US,Texas,Tyler,127,2,0,30.77031716,-94.37690895,48457.0,586.0095976375046,1.5748031496062993,125,116,2,0,114,116,21696,11,0,0,11,0
2020-08-11,US,Texas,Upshur,250,2,0,32.73706798,-94.93999853,48459.0,598.7593705841498,0.8,248,226,2,0,224,221,41260,24,0,0,24,5
2020-08-11,US,Texas,Upton,16,1,0,31.36868194,-102.0423217,48461.0,437.5170905113481,6.25,15,16,1,0,15,16,3671,0,0,0,0,0
2020-08-11,US,Texas,Uvalde,555,10,0,29.35739637,-99.76229172,48463.0,2075.464642309562,1.8018018018018016,545,551,10,0,541,543,26846,4,0,0,4,8
2020-08-11,US,Texas,Val Verde,1693,49,0,29.89149232,-101.1525205,48465.0,3453.340132585416,2.8942705256940333,1644,1693,49,0,1644,1693,49208,0,0,0,0,0
2020-08-11,US,Texas,Van Zandt,394,3,0,32.56483801,-95.83766469,48467.0,696.236084113801,0.7614213197969543,391,375,3,0,372,375,56019,19,0,0,19,0
2020-08-11,US,Texas,Victoria,3494,47,0,28.79780988,-96.96813006,48469.0,3794.361669779766,1.3451631368059531,3447,3448,42,0,3406,3448,92035,46,5,0,41,0
2020-08-11,US,Texas,Walker,3074,41,0,30.73872995,-95.57440968,48471.0,4212.632415617163,1.3337670787247886,3033,3051,41,0,3010,3005,72480,23,0,0,23,46
2020-08-11,US,Texas,Waller,465,5,0,30.01058447,-95.99011759,48473.0,841.6898961010753,1.075268817204301,460,454,5,0,449,444,53126,11,0,0,11,10
2020-08-11,US,Texas,Ward,93,1,0,31.50999644,-103.09279090000001,48475.0,775.129188198033,1.075268817204301,92,89,1,0,88,89,11720,4,0,0,4,0
2020-08-11,US,Texas,Washington,515,39,0,30.21498498,-96.40946246,48477.0,1435.2600189510058,7.572815533980582,476,515,39,0,476,515,35108,0,0,0,0,0
2020-08-11,US,Texas,Webb,8490,175,0,27.7610369,-99.33237355,48479.0,3068.8373841504854,2.061248527679623,8315,8262,174,0,8088,7888,275910,228,1,0,227,374
2020-08-11,US,Texas,Wharton,815,26,0,29.27765923,-96.22319248,48481.0,1961.208971027048,3.1901840490797544,789,761,25,0,736,711,41619,54,1,0,53,50
2020-08-11,US,Texas,Wheeler,33,0,0,35.40114335,-100.26995140000001,48483.0,652.6898734177215,0.0,33,33,0,0,33,33,5191,0,0,0,0,0
2020-08-11,US,Texas,Wichita,1039,11,0,33.98842886,-98.70410340000001,48485.0,785.7520986160479,1.0587102983638113,1028,1001,11,0,990,1001,132064,38,0,0,38,0
2020-08-11,US,Texas,Wilbarger,75,1,0,34.07945812,-99.24178437,48487.0,587.3600125303469,1.3333333333333333,74,69,1,0,68,69,12820,6,0,0,6,0
2020-08-11,US,Texas,Willacy,710,30,0,26.47411727,-97.61535848,48489.0,3324.2812997471674,4.225352112676056,680,699,30,0,669,693,21515,11,0,0,11,6
2020-08-11,US,Texas,Williamson,7011,95,0,30.64655664,-97.60048540000001,48491.0,1187.1963640735514,1.3550135501355014,6916,6893,93,0,6800,6245,566719,118,2,0,116,648
2020-08-11,US,Texas,Wilson,448,19,0,29.1732598,-98.08693082,48493.0,877.2273350303502,4.241071428571429,429,439,19,0,420,439,50224,9,0,0,9,0
2020-08-11,US,Texas,Winkler,85,1,0,31.85008651,-103.04851629999999,48495.0,1061.1735330836457,1.1764705882352942,84,84,1,0,83,84,7720,1,0,0,1,0
2020-08-11,US,Texas,Wise,449,8,0,33.21570665,-97.65460265,48497.0,641.5752171925011,1.7817371937639201,441,409,7,0,402,409,68305,40,1,0,39,0
2020-08-11,US,Texas,Wood,321,7,0,32.78722382,-95.38236368,48499.0,704.8903137969652,2.1806853582554515,314,316,7,0,309,316,45129,5,0,0,5,0
2020-08-11,US,Texas,Yoakum,106,3,0,33.17320212,-102.82764329999999,48501.0,1216.5729369907035,2.830188679245283,103,102,3,0,99,102,8591,4,0,0,4,0
2020-08-11,US,Texas,Young,185,5,0,33.17659707,-98.68790885,48503.0,1027.2071071626874,2.702702702702702,180,169,5,0,164,169,18045,16,0,0,16,0
2020-08-11,US,Texas,Zapata,179,2,0,27.00156391,-99.16987152,48505.0,1262.4303547499824,1.11731843575419,177,174,2,0,172,172,14190,5,0,0,5,2
2020-08-11,US,Texas,Zavala,220,6,0,28.86617238,-99.76050829,48507.0,1858.108108108108,2.727272727272727,214,210,5,0,205,210,11983,10,1,0,9,0
2020-08-11,US,Utah,Bear River,2335,7,0,41.52106798,-113.08328159999999,0.0,1249.879561926581,0.2997858672376873,2328,2316,7,0,2309,2303,,19,0,0,19,13
2020-08-11,US,Utah,Central Utah,430,2,0,39.37231946,-111.5758676,0.0,524.6845791541597,0.4651162790697674,428,426,2,0,424,426,,4,0,0,4,0
2020-08-11,US,Utah,Davis,3256,21,0,40.99001837,-112.1139997,49011.0,915.942061601042,0.644963144963145,3235,3232,21,0,3211,3224,351713,24,0,0,24,8
2020-08-11,US,Utah,Salt Lake,20903,200,0,40.66616532,-111.92160109999999,49035.0,1801.304163862407,0.9568004592642204,20703,20748,196,0,20552,20628,1152633,155,4,0,151,120
2020-08-11,US,Utah,San Juan,653,25,0,37.62762978,-109.80337140000002,49037.0,4265.743402142671,3.8284839203675354,628,650,25,0,625,648,15449,3,0,0,3,2
2020-08-11,US,Utah,Southeast Utah,115,1,0,38.99617072,-110.70139579999999,0.0,285.8634318526436,0.8695652173913043,114,113,1,0,112,112,,2,0,0,2,1
2020-08-11,US,Utah,Southwest Utah,3240,26,0,37.85447192,-111.4418764,0.0,1285.5000357083345,0.8024691358024691,3214,3223,26,0,3197,3210,,17,0,0,17,13
2020-08-11,US,Utah,Summit,714,1,0,40.86688146,-110.9535882,49043.0,1694.1511448570413,0.1400560224089636,713,713,1,0,712,710,41933,1,0,0,1,3
2020-08-11,US,Utah,Tooele,584,0,0,40.44862644,-113.12957150000001,49045.0,808.2038223612282,0.0,584,583,0,0,583,581,69907,1,0,0,1,2
2020-08-11,US,Utah,TriCounty,181,0,0,40.12491499,-109.5174415,0.0,319.6637349440147,0.0,181,179,0,0,179,179,,2,0,0,2,0
2020-08-11,US,Utah,Utah,8887,37,0,40.116672200000004,-111.66576620000001,49049.0,1396.8109267801992,0.4163384719252841,8850,8794,37,0,8757,8719,622213,93,0,0,93,75
2020-08-11,US,Utah,Wasatch,576,4,0,40.33110236,-111.1691419,49051.0,1689.5954944120153,0.6944444444444444,572,568,4,0,564,563,33240,8,0,0,8,5
2020-08-11,US,Utah,Weber-Morgan,2878,25,0,41.27116049,-111.9145117,0.0,1056.7789172973191,0.8686587908269632,2853,2845,25,0,2820,2824,,33,0,0,33,21
2020-08-11,US,Vermont,Addison,74,2,0,44.03217337,-73.14130877,50001.0,201.21271446828186,2.702702702702702,72,73,2,0,71,73,36973,1,0,0,1,0
2020-08-11,US,Vermont,Bennington,90,1,0,43.03519828,-73.09048868,50003.0,253.73555117000282,1.1111111111111112,89,88,1,0,87,87,35631,2,0,0,2,1
2020-08-11,US,Vermont,Caledonia,28,0,0,44.46548598,-72.10314651,50005.0,93.35511619377856,0.0,28,28,0,0,28,28,30302,0,0,0,0,0
2020-08-11,US,Vermont,Chittenden,735,39,0,44.46322849,-73.08359212,50007.0,448.78918509653533,5.306122448979592,696,730,39,0,691,729,164572,5,0,0,5,1
2020-08-11,US,Vermont,Essex,6,0,0,44.72736416,-71.73579864,50009.0,97.35518416355671,0.0,6,6,0,0,6,6,6250,0,0,0,0,0
2020-08-11,US,Vermont,Franklin,118,7,0,44.85627605,-72.91249563,50011.0,238.85672644832192,5.932203389830509,111,118,7,0,111,118,49421,0,0,0,0,0
2020-08-11,US,Vermont,Grand Isle,13,0,0,44.797582399999996,-73.29679772,50013.0,179.68210089841045,0.0,13,13,0,0,13,13,7090,0,0,0,0,0
2020-08-11,US,Vermont,Lamoille,43,1,0,44.60353043,-72.64356694,50015.0,169.5449885655706,2.3255813953488373,42,43,1,0,42,43,25300,0,0,0,0,0
2020-08-11,US,Vermont,Orange,15,0,0,44.00470222,-72.37640104,50017.0,51.917485809220544,0.0,15,14,0,0,14,14,28999,1,0,0,1,0
2020-08-11,US,Vermont,Orleans,14,0,0,44.82964024,-72.24562697,50019.0,51.78089285053815,0.0,14,14,0,0,14,14,26907,0,0,0,0,0
2020-08-11,US,Vermont,Rutland,99,1,0,43.57723578,-73.03741676,50021.0,170.12940145383303,1.0101010101010102,98,100,1,0,99,99,58672,-1,0,0,-1,1
2020-08-11,US,Vermont,Unassigned,8,0,0,0.0,0.0,90050.0,0.0,0.0,8,8,0,0,8,8,,0,0,0,0,0
2020-08-11,US,Vermont,Washington,53,2,0,44.27343241,-72.61604978,50023.0,90.73944083959664,3.7735849056603774,51,53,2,0,51,53,58140,0,0,0,0,0
2020-08-11,US,Vermont,Windham,104,3,0,42.986982,-72.71268875,50025.0,246.31708587939937,2.8846153846153846,101,102,3,0,99,102,42756,2,0,0,2,0
2020-08-11,US,Vermont,Windsor,72,2,0,43.58010937,-72.58595157,50027.0,130.76168682576005,2.7777777777777777,70,72,2,0,70,72,55286,0,0,0,0,0
2020-08-11,US,Virginia,Accomack,1106,16,0,37.76707161,-75.63234615,51001.0,3422.4532739200395,1.4466546112115732,1090,1102,16,0,1086,1100,32412,4,0,0,4,2
2020-08-11,US,Virginia,Albemarle,848,16,0,38.02080697,-78.55481085,51003.0,775.6334034574222,1.8867924528301887,832,842,16,0,826,838,108718,6,0,0,6,4
2020-08-11,US,Virginia,Alexandria,2995,60,0,38.814003,-77.08183073,51510.0,1878.5909626916225,2.003338898163606,2935,2976,60,0,2916,2964,160530,19,0,0,19,12
2020-08-11,US,Virginia,Alleghany,62,4,0,37.78636074,-80.00222498,51005.0,417.227456258412,6.451612903225807,58,62,4,0,58,62,14910,0,0,0,0,0
2020-08-11,US,Virginia,Amelia,81,2,0,37.34081025,-77.98584649,51007.0,616.2038798022063,2.469135802469136,79,79,2,0,77,79,13013,2,0,0,2,0
2020-08-11,US,Virginia,Amherst,183,1,0,37.60308293,-79.14548696,51009.0,579.0223065970573,0.5464480874316939,182,176,0,0,176,175,31666,7,1,0,6,1
2020-08-11,US,Virginia,Appomattox,88,0,0,37.37569884,-78.81340003,51011.0,553.0764879643016,0.0,88,87,0,0,87,85,15841,1,0,0,1,2
2020-08-11,US,Virginia,Arlington,3105,135,0,38.8767675,-77.10139853,51013.0,1311.0005826669255,4.3478260869565215,2970,3091,135,0,2956,3077,237521,14,0,0,14,14
2020-08-11,US,Virginia,Augusta,282,4,0,38.16404586,-79.12461614,51015.0,373.223219248789,1.4184397163120568,278,280,4,0,276,276,75457,2,0,0,2,4
2020-08-11,US,Virginia,Bath,4,0,0,38.05852573,-79.73912095,51017.0,96.45526886906195,0.0,4,4,0,0,4,4,4292,0,0,0,0,0
2020-08-11,US,Virginia,Bedford,367,8,0,37.3080028,-79.5281964,51019.0,464.57460409888984,2.1798365122615806,359,361,7,0,354,359,78747,6,1,0,5,2
2020-08-11,US,Virginia,Bland,22,0,0,37.13128068,-81.13599391,51021.0,350.31847133757964,0.0,22,19,0,0,19,19,6293,3,0,0,3,0
2020-08-11,US,Virginia,Botetourt,215,7,0,37.55531756,-79.80982182,51023.0,643.3465992399532,3.255813953488372,208,215,7,0,208,214,33277,0,0,0,0,1
2020-08-11,US,Virginia,Bristol,88,0,0,36.616302399999995,-82.16359122,51520.0,524.9970170624031,0.0,88,80,0,0,80,78,16482,8,0,0,8,2
2020-08-11,US,Virginia,Brunswick,237,2,0,36.76366949,-77.8593436,51025.0,1460.1688127656953,0.8438818565400844,235,230,2,0,228,228,16384,7,0,0,7,2
2020-08-11,US,Virginia,Buchanan,80,1,0,37.26818323,-82.03749726,51027.0,380.87983241287367,1.25,79,80,0,0,80,80,21221,0,1,0,-1,0
2020-08-11,US,Virginia,Buckingham,610,8,0,37.57242268,-78.52518834,51029.0,3557.266153487288,1.3114754098360657,602,605,8,0,597,605,16999,5,0,0,5,0
2020-08-11,US,Virginia,Buena Vista,56,1,0,37.73484642,-79.35296097,51530.0,864.4643408459401,1.7857142857142858,55,50,1,0,49,50,6237,6,0,0,6,0
2020-08-11,US,Virginia,Campbell,218,2,0,37.20553386,-79.09678609,51031.0,397.19413318757415,0.9174311926605504,216,213,2,0,211,213,54973,5,0,0,5,0
2020-08-11,US,Virginia,Caroline,216,5,0,38.02679129,-77.34901405,51033.0,703.0105777054516,2.314814814814815,211,214,5,0,209,208,30772,2,0,0,2,6
2020-08-11,US,Virginia,Carroll,332,14,0,36.73066666,-80.73455942,51035.0,1114.4305327112215,4.216867469879518,318,334,13,0,321,334,29636,-2,1,0,-3,0
2020-08-11,US,Virginia,Charles City,53,5,0,37.35358063,-77.05634116,51036.0,761.1661640097659,9.433962264150944,48,52,5,0,47,52,6941,1,0,0,1,0
2020-08-11,US,Virginia,Charlotte,54,0,0,37.01909701,-78.66314092,51037.0,454.54545454545456,0.0,54,53,0,0,53,53,11938,1,0,0,1,0
2020-08-11,US,Virginia,Charlottesville,546,15,0,38.03527919,-78.48569588,51540.0,1155.164388778403,2.7472527472527477,531,543,15,0,528,542,48117,3,0,0,3,1
2020-08-11,US,Virginia,Chesapeake,2958,38,0,36.67670048,-76.30545744,51550.0,1208.1605979537242,1.2846517917511833,2920,2949,37,0,2912,2912,242634,9,1,0,8,37
2020-08-11,US,Virginia,Chesterfield,4439,80,0,37.37373208,-77.58680140000001,51041.0,1258.2128219227784,1.8022077044379363,4359,4370,80,0,4290,4362,348556,69,0,0,69,8
2020-08-11,US,Virginia,Clarke,71,0,0,39.11271747,-77.99199425,51043.0,485.66933442779936,0.0,71,71,0,0,71,71,14523,0,0,0,0,0
2020-08-11,US,Virginia,Colonial Heights,200,21,0,37.26420587,-77.39609676,51570.0,1151.4104778353485,10.5,179,197,21,0,176,197,17833,3,0,0,3,0
2020-08-11,US,Virginia,Covington,13,0,0,37.7824656,-79.98631446,51580.0,234.74178403755863,0.0,13,13,0,0,13,13,5460,0,0,0,0,0
2020-08-11,US,Virginia,Craig,17,0,0,37.48133648,-80.21072274,51045.0,331.319430910154,0.0,17,17,0,0,17,17,5064,0,0,0,0,0
2020-08-11,US,Virginia,Culpeper,1012,12,0,38.48199985,-77.95630870000002,51047.0,1923.7715046098278,1.1857707509881423,1000,1008,12,0,996,1005,51859,4,0,0,4,3
2020-08-11,US,Virginia,Cumberland,76,0,0,37.51328851,-78.24398086,51049.0,765.2033830044303,0.0,76,76,0,0,76,76,9809,0,0,0,0,0
2020-08-11,US,Virginia,Danville,415,7,0,36.58022376,-79.40395668,51590.0,1036.3600039956048,1.686746987951807,408,411,7,0,404,405,40693,4,0,0,4,6
2020-08-11,US,Virginia,Dickenson,48,1,0,37.12560977,-82.35124171,51051.0,335.2423522838385,2.083333333333333,47,43,1,0,42,41,14523,5,0,0,5,2
2020-08-11,US,Virginia,Dinwiddie,223,7,0,37.07544585,-77.63451754,51053.0,781.25,3.1390134529147984,216,221,7,0,214,219,28529,2,0,0,2,2
2020-08-11,US,Virginia,Emporia,178,15,0,36.69455571,-77.53406129,51595.0,3329.592218481108,8.426966292134832,163,178,15,0,163,175,5121,0,0,0,0,3
2020-08-11,US,Virginia,Essex,104,1,0,37.93357639,-76.94230311,51057.0,949.5115493472107,0.9615384615384616,103,103,1,0,102,102,10919,1,0,0,1,1
2020-08-11,US,Virginia,Fairfax,16544,529,0,38.83677558,-77.27565836,51059.0,1441.702715044112,3.1975338491295937,16015,16445,529,0,15916,16376,1150795,99,0,0,99,69
2020-08-11,US,Virginia,Fairfax,16544,529,0,38.83677558,-77.27565836,51059.0,1441.702715044112,3.1975338491295937,16015,16445,529,0,15916,16376,24574,99,0,0,99,69
2020-08-11,US,Virginia,Fairfax City,91,7,0,38.85157547,-77.29779640000002,51600.0,378.86673050501685,7.6923076923076925,84,90,7,0,83,88,24574,1,0,0,1,2
2020-08-11,US,Virginia,Falls Church,60,6,0,38.88485255,-77.17560759,51610.0,410.4809468427173,10.0,54,61,6,0,55,60,14772,-1,0,0,-1,1
2020-08-11,US,Virginia,Fauquier,623,9,0,38.73564842,-77.80647472,51061.0,874.729718345455,1.4446227929373996,614,620,9,0,611,616,70675,3,0,0,3,4
2020-08-11,US,Virginia,Floyd,77,2,0,36.9302126,-80.36738849,51063.0,488.9199314242174,2.5974025974025974,75,75,2,0,73,75,15795,2,0,0,2,0
2020-08-11,US,Virginia,Fluvanna,194,9,0,37.84157909,-78.27715475,51065.0,711.4044737807112,4.639175257731959,185,193,9,0,184,192,26783,1,0,0,1,1
2020-08-11,US,Virginia,Franklin,175,1,0,36.99536167,-79.88023649,51067.0,312.26580064951287,0.5714285714285714,174,175,1,0,174,172,56195,0,0,0,0,3
2020-08-11,US,Virginia,Franklin,175,1,0,36.99536167,-79.88023649,51067.0,312.26580064951287,0.5714285714285714,174,175,1,0,174,172,8013,0,0,0,0,3
2020-08-11,US,Virginia,Franklin City,185,6,0,36.6831435,-76.93859681,51620.0,2322.0785741182376,3.2432432432432434,179,182,6,0,176,181,8013,3,0,0,3,1
2020-08-11,US,Virginia,Frederick,685,9,0,39.20172582,-78.25974949,51069.0,766.9656153079619,1.313868613138686,676,681,9,0,672,681,88355,4,0,0,4,0
2020-08-11,US,Virginia,Fredericksburg,406,3,0,38.2977863,-77.4922454,51630.0,1398.2642237222758,0.7389162561576355,403,406,4,0,402,403,29144,0,-1,0,1,3
2020-08-11,US,Virginia,Galax,350,24,0,36.66601852,-80.91703124,51640.0,5514.416259650228,6.857142857142858,326,347,24,0,323,347,6423,3,0,0,3,0
2020-08-11,US,Virginia,Giles,26,0,0,37.31234791,-80.70636931,51071.0,155.5023923444976,0.0,26,24,0,0,24,24,16844,2,0,0,2,0
2020-08-11,US,Virginia,Gloucester,162,2,0,37.40809042,-76.53524337,51073.0,433.75816643461496,1.2345679012345678,160,161,2,0,159,160,37349,1,0,0,1,1
2020-08-11,US,Virginia,Goochland,165,7,0,37.71714806,-77.90381514,51075.0,694.6490969561737,4.242424242424242,158,164,7,0,157,163,23244,1,0,0,1,1
2020-08-11,US,Virginia,Grayson,156,5,0,36.65677234,-81.23215889,51077.0,1003.2154340836013,3.2051282051282053,151,157,5,0,152,157,15631,-1,0,0,-1,0
2020-08-11,US,Virginia,Greene,167,2,0,38.29545894,-78.46525378,51079.0,842.6257631565669,1.1976047904191616,165,166,2,0,164,163,19779,1,0,0,1,3
2020-08-11,US,Virginia,Greensville,497,11,0,36.67878901,-77.56351439,51081.0,4384.262526464361,2.2132796780684103,486,495,11,0,484,482,11627,2,0,0,2,13
2020-08-11,US,Virginia,Halifax,157,1,0,36.76654925,-78.93512622,51083.0,462.97661525758605,0.6369426751592356,156,156,1,0,155,155,34120,1,0,0,1,1
2020-08-11,US,Virginia,Hampton,1257,7,0,37.03513786,-76.35879121,51650.0,934.5030109285556,0.5568814638027049,1250,1245,7,0,1238,1228,134313,12,0,0,12,17
2020-08-11,US,Virginia,Hanover,656,32,0,37.7583355,-77.49464673,51085.0,608.7263144219884,4.878048780487805,624,653,32,0,621,644,107239,3,0,0,3,9
2020-08-11,US,Virginia,Harrisonburg,1082,31,0,38.43542574,-78.87536254,51660.0,2040.893315225592,2.8650646950092415,1051,1079,31,0,1048,1077,54033,3,0,0,3,2
2020-08-11,US,Virginia,Henrico,3948,186,0,37.53460572,-77.39326555,51087.0,1193.4054374308532,4.711246200607904,3762,3904,185,0,3719,3871,329261,44,1,0,43,33
2020-08-11,US,Virginia,Henry,596,9,0,36.68542395,-79.87634026,51089.0,1178.8674169748995,1.5100671140939597,587,591,7,0,584,588,50953,5,2,0,3,3
2020-08-11,US,Virginia,Highland,6,0,0,38.35799465,-79.56124594,51091.0,273.97260273972597,0.0,6,6,0,0,6,6,2210,0,0,0,0,0
2020-08-11,US,Virginia,Hopewell,275,5,0,37.29186313,-77.29754684,51670.0,1220.6489413644636,1.818181818181818,270,272,5,0,267,272,22596,3,0,0,3,0
2020-08-11,US,Virginia,Isle of Wight,390,9,0,36.90579348,-76.70842863,51093.0,1050.9579886280956,2.3076923076923075,381,387,9,0,378,387,36953,3,0,0,3,0
2020-08-11,US,Virginia,James City,618,17,0,37.31156958,-76.76950618,51095.0,807.6003293127558,2.750809061488673,601,617,16,0,601,608,76397,1,1,0,0,9
2020-08-11,US,Virginia,King George,149,4,0,38.26818502,-77.15852768,51099.0,555.2243255328663,2.684563758389262,145,145,4,0,141,144,26575,4,0,0,4,1
2020-08-11,US,Virginia,King William,90,2,0,37.70965316,-77.09384941,51101.0,524.8425472358292,2.2222222222222223,88,90,2,0,88,87,16939,0,0,0,0,3
2020-08-11,US,Virginia,King and Queen,42,1,0,37.71044922,-76.88689628,51097.0,597.8647686832742,2.380952380952381,41,42,1,0,41,42,7042,0,0,0,0,0
2020-08-11,US,Virginia,Lancaster,40,0,0,37.71889653,-76.46400482,51103.0,377.251721210978,0.0,40,40,0,0,40,37,10783,0,0,0,0,3
2020-08-11,US,Virginia,Lee,125,1,0,36.70586667,-83.12606515,51105.0,533.6634931477607,0.8,124,121,1,0,120,115,23541,4,0,0,4,6
2020-08-11,US,Virginia,Lexington,33,0,0,37.78258621,-79.44262866,51678.0,443.19097502014506,0.0,33,33,0,0,33,33,7136,0,0,0,0,0
2020-08-11,US,Virginia,Loudoun,5346,115,0,39.08990083,-77.63481877,51107.0,1292.7469785122528,2.151141040029929,5231,5306,115,0,5191,5280,406850,40,0,0,40,26
2020-08-11,US,Virginia,Louisa,190,2,0,37.97850256,-77.96274807,51109.0,505.4401319464765,1.0526315789473684,188,183,2,0,181,182,36778,7,0,0,7,1
2020-08-11,US,Virginia,Lunenburg,64,1,0,36.94618528,-78.24133319,51111.0,524.7622171203674,1.5625,63,62,1,0,61,62,12086,2,0,0,2,0
2020-08-11,US,Virginia,Lynchburg,644,5,0,37.40021399,-79.19888138,51680.0,783.7601012559635,0.7763975155279503,639,627,5,0,622,617,82126,17,0,0,17,10
2020-08-11,US,Virginia,Madison,70,1,0,38.41531222,-78.28220331,51113.0,527.8636603574391,1.4285714285714286,69,69,1,0,68,69,13295,1,0,0,1,0
2020-08-11,US,Virginia,Manassas,1666,22,0,38.7464321,-77.48509905,51683.0,4055.0079104295974,1.3205282112845138,1644,1662,22,0,1640,1653,41641,4,0,0,4,9
2020-08-11,US,Virginia,Manassas Park,516,7,0,38.77058531,-77.44399307,51685.0,2952.2828698935805,1.3565891472868217,509,515,7,0,508,516,17307,1,0,0,1,-1
2020-08-11,US,Virginia,Martinsville,215,3,0,36.68212094,-79.86352771,51690.0,1712.601561255377,1.3953488372093024,212,212,3,0,209,209,12902,3,0,0,3,3
2020-08-11,US,Virginia,Mathews,18,0,0,37.44164146,-76.34098896,51115.0,203.75820692777904,0.0,18,18,0,0,18,18,8802,0,0,0,0,0
2020-08-11,US,Virginia,Mecklenburg,446,32,0,36.67882005,-78.36131056,51117.0,1458.1358093307615,7.174887892376683,414,446,32,0,414,444,30650,0,0,0,0,2
2020-08-11,US,Virginia,Middlesex,46,1,0,37.63191998,-76.55064617,51119.0,434.7004347004347,2.1739130434782608,45,42,1,0,41,41,10769,4,0,0,4,1
2020-08-11,US,Virginia,Montgomery,307,3,0,37.17746986,-80.37868691,51121.0,311.5644187344598,0.977198697068404,304,305,3,0,302,305,98985,2,0,0,2,0
2020-08-11,US,Virginia,Nelson,52,0,0,37.78790447,-78.88498513,51125.0,348.292029470864,0.0,52,49,0,0,49,48,14836,3,0,0,3,1
2020-08-11,US,Virginia,New Kent,128,1,0,37.50694406,-76.99828634,51127.0,554.3285262656447,0.78125,127,129,1,0,128,128,22391,-1,0,0,-1,1
2020-08-11,US,Virginia,Newport News,1855,19,0,37.08166899,-76.51754109,51700.0,1035.0118566048263,1.0242587601078168,1836,1847,18,0,1829,1827,178626,8,1,0,7,20
2020-08-11,US,Virginia,Norfolk,3787,32,0,36.89934014,-76.26420872,51710.0,1560.0926086132602,0.8449960390810668,3755,3703,32,0,3671,3703,244076,84,0,0,84,0
2020-08-11,US,Virginia,Northampton,296,29,0,37.34062933,-75.87751591,51131.0,2527.754056362084,9.797297297297296,267,296,29,0,267,296,11735,0,0,0,0,0
2020-08-11,US,Virginia,Northumberland,78,3,0,37.89202088,-76.41949732,51133.0,644.8945845390658,3.8461538461538463,75,74,2,0,72,72,12147,4,1,0,3,2
2020-08-11,US,Virginia,Norton,21,0,0,36.93357076,-82.62750411,51720.0,527.5056518462699,0.0,21,19,0,0,19,18,3968,2,0,0,2,1
2020-08-11,US,Virginia,Nottoway,182,14,0,37.1435975,-78.05065922,51135.0,1194.8529411764705,7.6923076923076925,168,182,13,0,169,182,15420,0,1,0,-1,0
2020-08-11,US,Virginia,Orange,230,3,0,38.24530219,-78.01560400000002,51137.0,620.7659712288468,1.3043478260869563,227,231,3,0,228,231,36644,-1,0,0,-1,0
2020-08-11,US,Virginia,Page,346,25,0,38.61807452,-78.48797204,51139.0,1447.5776085683206,7.22543352601156,321,346,25,0,321,345,23933,0,0,0,0,1
2020-08-11,US,Virginia,Patrick,161,4,0,36.680163799999995,-80.2865648,51141.0,914.3571104043616,2.4844720496894412,157,158,4,0,154,157,17673,3,0,0,3,1
2020-08-11,US,Virginia,Petersburg,526,19,0,37.20530399,-77.39368102,51730.0,1678.0450456198557,3.612167300380228,507,520,19,0,501,515,31567,6,0,0,6,5
2020-08-11,US,Virginia,Pittsylvania,507,2,0,36.81980341,-79.39731264,51143.0,840.0437419226563,0.3944773175542407,505,493,2,0,491,487,60949,14,0,0,14,6
2020-08-11,US,Virginia,Poquoson,44,0,0,37.14259351,-76.35798148,51735.0,358.5689837829028,0.0,44,44,0,0,44,44,12190,0,0,0,0,0
2020-08-11,US,Virginia,Portsmouth,1833,25,0,36.85914825,-76.35971629,51740.0,1941.7784275090573,1.363884342607747,1808,1788,25,0,1763,1759,94632,45,0,0,45,29
2020-08-11,US,Virginia,Powhatan,149,4,0,37.55016038,-77.91267882,51145.0,502.4956158100634,2.684563758389262,145,147,4,0,143,147,29189,2,0,0,2,0
2020-08-11,US,Virginia,Prince Edward,423,11,0,37.22554789,-78.43597949,51147.0,1855.1004297868606,2.600472813238771,412,410,10,0,400,410,22950,13,1,0,12,0
2020-08-11,US,Virginia,Prince George,416,2,0,37.18497668,-77.22922187,51149.0,1084.660913096759,0.4807692307692308,414,384,2,0,382,384,38082,32,0,0,32,0
2020-08-11,US,Virginia,Prince William,9566,176,0,38.70916224,-77.48713689,51153.0,2033.869476011779,1.8398494668618024,9390,9516,176,0,9340,9488,468011,50,0,0,50,28
2020-08-11,US,Virginia,Pulaski,90,3,0,37.06474963,-80.71229738,51155.0,264.4958415376025,3.333333333333333,87,89,3,0,86,89,34066,1,0,0,1,0
2020-08-11,US,Virginia,Radford,56,0,0,37.12222899,-80.56027320000003,51750.0,306.86612965093985,0.0,56,54,0,0,54,53,18339,2,0,0,2,1
2020-08-11,US,Virginia,Rappahannock,44,2,0,38.68295619,-78.15826963,51157.0,597.0149253731344,4.545454545454546,42,43,2,0,41,43,7252,1,0,0,1,0
2020-08-11,US,Virginia,Richmond,322,4,0,37.937575,-76.72920628,51159.0,3568.6578743211794,1.2422360248447204,318,321,4,0,317,317,9038,1,0,0,1,4
2020-08-11,US,Virginia,Richmond City,3229,41,0,37.53255773,-77.47966921,51760.0,1401.2567480775574,1.2697429544750696,3188,3190,41,0,3149,3165,228783,39,0,0,39,25
2020-08-11,US,Virginia,Roanoke,498,4,0,37.26865804,-80.06396753,51161.0,528.7410018474084,0.8032128514056225,494,496,4,0,492,496,94073,2,0,0,2,0
2020-08-11,US,Virginia,Roanoke City,1032,15,0,37.27791025,-79.96189766,51770.0,1040.9206903160084,1.4534883720930232,1017,1015,15,0,1000,1017,99920,17,0,0,17,-2
2020-08-11,US,Virginia,Rockbridge,68,1,0,37.81204314,-79.44605905,51163.0,301.24485004208566,1.4705882352941178,67,69,1,0,68,67,22752,-1,0,0,-1,2
2020-08-11,US,Virginia,Rockingham,950,19,0,38.51006137,-78.87260325,51165.0,1159.271733294284,2.0,931,946,19,0,927,938,81244,4,0,0,4,8
2020-08-11,US,Virginia,Russell,130,2,0,36.93028320000001,-82.10095486,51167.0,488.979161964944,1.5384615384615383,128,128,2,0,126,115,26748,2,0,0,2,13
2020-08-11,US,Virginia,Salem,163,3,0,37.2836193,-80.06219455,51775.0,644.2433105410853,1.8404907975460123,160,161,3,0,158,161,25643,2,0,0,2,0
2020-08-11,US,Virginia,Scott,111,3,0,36.71466456,-82.60171704,51169.0,514.6990633404433,2.702702702702702,108,102,3,0,99,91,21534,9,0,0,9,11
2020-08-11,US,Virginia,Shenandoah,722,46,0,38.85905135,-78.56813762,51171.0,1655.3558327219366,6.371191135734072,676,717,44,0,673,717,43497,5,2,0,3,0
2020-08-11,US,Virginia,Smyth,151,3,0,36.84455636,-81.53344948,51173.0,501.5944724953495,1.9867549668874167,148,150,3,0,147,148,30472,1,0,0,1,2
2020-08-11,US,Virginia,Southampton,274,13,0,36.72231125,-77.10642712,51175.0,1554.0808802677102,4.744525547445256,261,267,13,0,254,267,17586,7,0,0,7,0
2020-08-11,US,Virginia,Spotsylvania,1514,36,0,38.18574462,-77.655399,51177.0,1111.4781778805566,2.3778071334214004,1478,1499,35,0,1464,1486,134238,15,1,0,14,13
2020-08-11,US,Virginia,Stafford,1405,9,0,38.41758738,-77.45917053,51179.0,919.00943211104,0.6405693950177936,1396,1385,9,0,1376,1374,149960,20,0,0,20,11
2020-08-11,US,Virginia,Staunton,154,0,0,38.15965544,-79.05979937,51790.0,617.6800898443768,0.0,154,152,0,0,152,151,24922,2,0,0,2,1
2020-08-11,US,Virginia,Suffolk,1316,51,0,36.70155394,-76.63603554,51800.0,1428.7575454900766,3.875379939209727,1265,1297,50,0,1247,1282,91185,19,1,0,18,15
2020-08-11,US,Virginia,Surry,52,2,0,37.11781893,-76.88450012,51181.0,809.7165991902832,3.8461538461538463,50,52,2,0,50,52,6474,0,0,0,0,0
2020-08-11,US,Virginia,Sussex,308,9,0,36.92432914,-77.25791182,51183.0,2760.103951967022,2.9220779220779223,299,307,9,0,298,302,11237,1,0,0,1,5
2020-08-11,US,Virginia,Tazewell,122,0,0,37.12191123,-81.56685568,51185.0,300.52962187461515,0.0,122,119,0,0,119,117,40855,3,0,0,3,2
2020-08-11,US,Virginia,Virginia Beach,5111,54,0,36.73285734,-76.04566934,51810.0,1135.8434042855808,1.0565447074936412,5057,5050,54,0,4996,4973,450189,61,0,0,61,77
2020-08-11,US,Virginia,Warren,356,6,0,38.90847745,-78.20280433,51187.0,886.3658998107758,1.6853932584269662,350,355,6,0,349,355,40003,1,0,0,1,0
2020-08-11,US,Virginia,Washington,231,6,0,36.72341572,-81.95666289,51191.0,429.84741347227373,2.5974025974025974,225,233,5,0,228,229,54402,-2,1,0,-3,4
2020-08-11,US,Virginia,Waynesboro,177,3,0,38.06451466,-78.90293905,51820.0,782.1475916924437,1.6949152542372878,174,174,3,0,171,173,22628,3,0,0,3,1
2020-08-11,US,Virginia,Westmoreland,213,3,0,38.11021557,-76.80213247,51193.0,1182.3480432972526,1.4084507042253518,210,211,3,0,208,211,17830,2,0,0,2,0
2020-08-11,US,Virginia,Williamsburg,128,6,0,37.28131268,-76.70905141,51830.0,855.9582720342382,4.6875,122,128,6,0,122,126,14896,0,0,0,0,2
2020-08-11,US,Virginia,Winchester,403,4,0,39.17054517,-78.17325058,51840.0,1435.2874136334494,0.9925558312655088,399,399,4,0,395,399,28108,4,0,0,4,0
2020-08-11,US,Virginia,Wise,168,3,0,36.9746148,-82.62410519,51195.0,449.4021346601396,1.7857142857142858,165,141,3,0,138,130,38012,27,0,0,27,11
2020-08-11,US,Virginia,Wythe,116,3,0,36.91582035,-81.07834059,51197.0,404.40663784688326,2.586206896551724,113,115,3,0,112,115,28754,1,0,0,1,0
2020-08-11,US,Virginia,York,374,4,0,37.24374789,-76.54412815,51199.0,547.7445811364968,1.0695187165775402,370,373,4,0,369,366,67846,1,0,0,1,7
2020-08-11,US,Washington,Adams,457,5,0,46.98299757,-118.56017340000001,53001.0,2286.943902316969,1.0940919037199124,452,452,5,0,447,440,19759,5,0,0,5,12
2020-08-11,US,Washington,Asotin,28,2,0,46.18894415,-117.2022851,53003.0,123.99256044637322,7.142857142857142,26,27,2,0,25,27,22610,1,0,0,1,0
2020-08-11,US,Washington,Benton,3776,117,0,46.23946995,-119.51208340000001,53005.0,1847.4485053084784,3.0985169491525424,3659,3748,116,0,3632,3723,201877,28,1,0,27,25
2020-08-11,US,Washington,Chelan,1363,10,0,47.87046092,-120.6173956,53007.0,1765.5440414507773,0.7336757153338225,1353,1358,10,0,1348,1334,77036,5,0,0,5,24
2020-08-11,US,Washington,Clallam,139,0,0,48.04754642,-123.92263190000001,53009.0,179.74680270525403,0.0,139,122,0,0,122,120,76737,17,0,0,17,2
2020-08-11,US,Washington,Clark,1823,43,0,45.77568046,-122.48292040000001,53011.0,373.3811785573108,2.35874931431706,1780,1787,43,0,1744,1777,481857,36,0,0,36,10
2020-08-11,US,Washington,Columbia,13,1,0,46.29442881,-117.9051983,53013.0,326.2233375156838,7.6923076923076925,12,13,1,0,12,13,4059,0,0,0,0,0
2020-08-11,US,Washington,Cowlitz,495,5,0,46.19074721,-122.6782231,53015.0,447.5870986409629,1.0101010101010102,490,485,5,0,480,482,108987,10,0,0,10,3
2020-08-11,US,Washington,Douglas,965,7,0,47.7361335,-119.69293700000001,53017.0,2222.017545879481,0.7253886010362695,958,961,7,0,954,948,42907,4,0,0,4,13
2020-08-11,US,Washington,Ferry,23,0,0,48.471143100000006,-118.5154041,53019.0,301.5602464927232,0.0,23,23,0,0,23,22,7649,0,0,0,0,1
2020-08-11,US,Washington,Franklin,3560,49,0,46.53351425,-118.9018212,53021.0,3738.6318287790637,1.3764044943820224,3511,3540,49,0,3491,3507,94347,20,0,0,20,33
2020-08-11,US,Washington,Garfield,4,0,0,46.43197502,-117.54540320000001,53023.0,179.77528089887642,0.0,4,4,0,0,4,4,2247,0,0,0,0,0
2020-08-11,US,Washington,Grant,1562,13,0,47.20753737,-119.4500749,53025.0,1598.2319175713424,0.8322663252240717,1549,1540,13,0,1527,1491,97331,22,0,0,22,49
2020-08-11,US,Washington,Grays Harbor,122,2,0,47.14003705,-123.7820567,53027.0,162.5344719628036,1.639344262295082,120,122,2,0,120,120,73901,0,0,0,0,2
2020-08-11,US,Washington,Island,249,11,0,48.14713305,-122.5216407,53029.0,292.4560435043046,4.417670682730924,238,247,11,0,236,250,84460,2,0,0,2,-3
2020-08-11,US,Washington,Jefferson,55,0,0,47.75003077,-123.56097040000002,53031.0,170.69612985320134,0.0,55,54,0,0,54,54,31729,1,0,0,1,0
2020-08-11,US,Washington,King,16808,686,0,47.49137892,-121.8346131,53033.0,746.099711379086,4.081389814374107,16122,16707,676,0,16031,16570,2233163,101,10,0,91,137
2020-08-11,US,Washington,Kitsap,761,7,0,47.63479026,-122.6436061,53035.0,280.32253667952244,0.9198423127463864,754,746,7,0,739,739,269805,15,0,0,15,7
2020-08-11,US,Washington,Kittitas,394,20,0,47.12521214,-120.67943899999999,53037.0,821.946385730677,5.076142131979696,374,375,20,0,355,373,47364,19,0,0,19,2
2020-08-11,US,Washington,Klickitat,118,3,0,45.87325839,-120.7913598,53039.0,526.1984392419175,2.5423728813559316,115,113,3,0,110,113,22107,5,0,0,5,0
2020-08-11,US,Washington,Lewis,229,4,0,46.57756476,-122.39257690000001,53041.0,283.74242630750734,1.7467248908296944,225,225,3,0,222,220,79604,4,1,0,3,5
2020-08-11,US,Washington,Lincoln,27,0,0,47.57705241,-118.41943880000001,53043.0,246.82329280555808,0.0,27,27,0,0,27,27,10740,0,0,0,0,0
2020-08-11,US,Washington,Mason,229,1,0,47.35007586,-123.1863685,53045.0,342.9786724179248,0.4366812227074236,228,226,1,0,225,217,65507,3,0,0,3,9
2020-08-11,US,Washington,Okanogan,877,5,0,48.54855019,-119.73872240000001,53047.0,2076.0836114859267,0.5701254275940707,872,877,4,0,873,864,42132,0,1,0,-1,13
2020-08-11,US,Washington,Pacific,51,2,0,46.55418369,-123.7285716,53049.0,226.95919184726986,3.92156862745098,49,50,2,0,48,51,22036,1,0,0,1,-1
2020-08-11,US,Washington,Pend Oreille,44,0,0,48.53234021,-117.2741804,53051.0,320.6062372486156,0.0,44,44,0,0,44,41,13602,0,0,0,0,3
2020-08-11,US,Washington,Pierce,5801,143,0,47.03892768,-122.14059579999999,53053.0,641.0086410749409,2.4650922254783656,5658,5751,142,0,5609,5682,891299,50,1,0,49,69
2020-08-11,US,Washington,San Juan,30,0,0,48.60182783,-122.96745,53055.0,170.62905243999546,0.0,30,28,0,0,28,28,17128,2,0,0,2,0
2020-08-11,US,Washington,Skagit,891,21,0,48.48171488,-121.766131,53057.0,689.6017955961456,2.356902356902357,870,890,22,0,868,880,128206,1,-1,0,2,10
2020-08-11,US,Washington,Skamania,57,1,0,46.02408726,-121.91644029999999,53059.0,471.737151369693,1.7543859649122806,56,57,1,0,56,57,11924,0,0,0,0,0
2020-08-11,US,Washington,Snohomish,5532,198,0,48.04615983,-121.7170703,53061.0,672.9247533399912,3.579175704989154,5334,5486,193,0,5293,5465,814901,46,5,0,41,21
2020-08-11,US,Washington,Spokane,4561,93,0,47.62113146,-117.4046494,53063.0,872.4210880684317,2.039026529269897,4468,4504,90,0,4414,4442,514631,57,3,0,54,62
2020-08-11,US,Washington,Stevens,112,1,0,48.40035475,-117.8542701,53065.0,244.95330577608644,0.8928571428571429,111,110,1,0,109,110,45260,2,0,0,2,0
2020-08-11,US,Washington,Thurston,742,11,0,46.9291895,-122.82906559999999,53067.0,255.39003772338023,1.482479784366577,731,732,11,0,721,717,286419,10,0,0,10,15
2020-08-11,US,Washington,Unassigned,209,2,0,0.0,0.0,90053.0,0.0,0.9569377990430622,207,202,2,0,200,208,,7,0,0,7,-6
2020-08-11,US,Washington,Wahkiakum,5,0,0,46.29180039999999,-123.4250831,53069.0,111.40819964349377,0.0,5,5,0,0,5,5,4426,0,0,0,0,0
2020-08-11,US,Washington,Walla Walla,549,3,0,46.23040051,-118.4775539,53071.0,903.5549703752467,0.5464480874316939,546,547,3,0,544,533,60922,2,0,0,2,14
2020-08-11,US,Washington,Whatcom,991,39,0,48.82227976,-121.74900179999999,53073.0,432.28482815478486,3.9354187689202815,952,990,40,0,950,989,225685,1,-1,0,2,1
2020-08-11,US,Washington,Whitman,110,0,0,46.90022523,-117.52417630000001,53075.0,219.54334983234867,0.0,110,105,0,0,105,104,49791,5,0,0,5,1
2020-08-11,US,Washington,Yakima,10389,211,0,46.45738486,-120.73801259999999,53077.0,4141.139142115731,2.0309943209163537,10178,10367,212,0,10155,10325,251446,22,-1,0,23,42
2020-08-11,US,West Virginia,Barbour,29,1,0,39.1307219,-80.00350858,54001.0,176.38829754881093,3.4482758620689653,28,29,1,0,28,29,16535,0,0,0,0,0
2020-08-11,US,West Virginia,Berkeley,699,11,0,39.46704621,-78.02414609,54003.0,586.5520974062482,1.5736766809728182,688,698,11,0,687,696,117123,1,0,0,1,2
2020-08-11,US,West Virginia,Boone,105,0,0,38.01974191,-81.69888019,54005.0,489.35079461248085,0.0,105,101,0,0,101,101,21951,4,0,0,4,0
2020-08-11,US,West Virginia,Braxton,8,0,0,38.70036159,-80.72011184,54007.0,57.31890807480117,0.0,8,8,0,0,8,8,14089,0,0,0,0,0
2020-08-11,US,West Virginia,Brooke,67,1,0,40.27367263,-80.57915332,54009.0,305.39222389352295,1.492537313432836,66,64,1,0,63,64,22203,3,0,0,3,0
2020-08-11,US,West Virginia,Cabell,409,3,0,38.42424062,-82.23855912,54011.0,444.83114905650115,0.7334963325183375,406,404,3,0,401,400,93224,5,0,0,5,4
2020-08-11,US,West Virginia,Calhoun,6,0,0,38.84315422,-81.11934872,54013.0,84.40005626670418,0.0,6,6,0,0,6,6,7254,0,0,0,0,0
2020-08-11,US,West Virginia,Clay,18,1,0,38.46231092,-81.07652217,54015.0,211.56558533145275,5.5555555555555545,17,18,1,0,17,18,8632,0,0,0,0,0
2020-08-11,US,West Virginia,Doddridge,6,0,0,39.27057157,-80.70671527,54017.0,71.02272727272727,0.0,6,6,0,0,6,6,8406,0,0,0,0,0
2020-08-11,US,West Virginia,Fayette,154,7,0,38.02974928,-81.08286634,54019.0,363.1561571475735,4.545454545454546,147,151,7,0,144,148,43018,3,0,0,3,3
2020-08-11,US,West Virginia,Gilmer,17,0,0,38.9251277,-80.85952723,54021.0,217.30793813115173,0.0,17,17,0,0,17,16,8026,0,0,0,0,1
2020-08-11,US,West Virginia,Grant,121,3,0,39.10314817,-79.19440518,54023.0,1045.9889349930845,2.479338842975207,118,121,1,0,120,121,11626,0,2,0,-2,0
2020-08-11,US,West Virginia,Greenbrier,93,3,0,37.9463652,-80.45335881,54025.0,268.3053487969534,3.2258064516129035,90,93,3,0,90,93,34786,0,0,0,0,0
2020-08-11,US,West Virginia,Hampshire,76,1,0,39.32103553,-78.60826476,54027.0,327.9395900755124,1.3157894736842106,75,76,1,0,75,76,23347,0,0,0,0,0
2020-08-11,US,West Virginia,Hancock,112,0,0,40.51943859,-80.57461608,54029.0,388.753904894134,0.0,112,112,0,0,112,112,29094,0,0,0,0,0
2020-08-11,US,West Virginia,Hardy,61,0,0,39.00683177,-78.85855301,54031.0,442.7990708478514,0.0,61,61,0,0,61,58,13775,0,0,0,0,3
2020-08-11,US,West Virginia,Harrison,232,1,0,39.2853852,-80.37919577,54033.0,344.95063637444986,0.4310344827586207,231,226,1,0,225,221,67554,6,0,0,6,5
2020-08-11,US,West Virginia,Jackson,165,19,0,38.84263974,-81.68148753,54035.0,577.407614781635,11.515151515151516,146,165,19,0,146,162,28706,0,0,0,0,3
2020-08-11,US,West Virginia,Jefferson,296,4,0,39.30776166,-77.86014147,54037.0,517.9715115668638,1.351351351351351,292,296,4,0,292,294,56811,0,0,0,0,2
2020-08-11,US,West Virginia,Kanawha,960,24,0,38.33860077,-81.52857054,54039.0,538.9503941074756,2.5,936,938,24,0,914,935,180454,22,0,0,22,3
2020-08-11,US,West Virginia,Lewis,29,2,0,38.9947249,-80.49988181,54041.0,182.30967498585528,6.896551724137932,27,29,2,0,27,29,16024,0,0,0,0,0
2020-08-11,US,West Virginia,Lincoln,94,0,0,38.172154,-82.07017953,54043.0,460.5811161742369,0.0,94,88,0,0,88,88,20599,6,0,0,6,0
2020-08-11,US,West Virginia,Logan,246,5,0,37.8299889,-81.93528571,54045.0,768.2938255410851,2.0325203252032518,241,234,4,0,230,228,32607,12,1,0,11,6
2020-08-11,US,West Virginia,Marion,192,2,0,39.50984542,-80.24244659,54049.0,342.41689256669997,1.0416666666666667,190,191,2,0,189,191,56097,1,0,0,1,0
2020-08-11,US,West Virginia,Marshall,130,1,0,39.86064362,-80.66591062,54051.0,425.79673119124817,0.7692307692307693,129,131,1,0,130,131,30785,-1,0,0,-1,0
2020-08-11,US,West Virginia,Mason,63,1,0,38.77071799,-82.02524219,54053.0,237.59239704329465,1.5873015873015872,62,56,1,0,55,56,26718,7,0,0,7,0
2020-08-11,US,West Virginia,McDowell,64,0,0,37.38002939,-81.65083669,54047.0,363.14117113027686,0.0,64,64,0,0,64,62,18223,0,0,0,0,2
2020-08-11,US,West Virginia,Mercer,203,13,0,37.40481169,-81.11023142,54055.0,345.4848701453418,6.403940886699507,190,200,11,0,189,196,59131,3,2,0,1,4
2020-08-11,US,West Virginia,Mineral,125,4,0,39.41561583,-78.94104895,54057.0,465.237457198154,3.2,121,123,4,0,119,121,26940,2,0,0,2,2
2020-08-11,US,West Virginia,Mingo,182,5,0,37.73048351,-82.13338365,54059.0,776.9808743169399,2.7472527472527477,177,173,5,0,168,173,23785,9,0,0,9,0
2020-08-11,US,West Virginia,Monongalia,950,5,0,39.63218457,-80.04766838,54061.0,899.518994053706,0.5263157894736842,945,945,5,0,940,939,106420,5,0,0,5,6
2020-08-11,US,West Virginia,Monroe,21,0,0,37.56274716,-80.54577965,54063.0,158.19209039548022,0.0,21,21,0,0,21,21,13280,0,0,0,0,0
2020-08-11,US,West Virginia,Morgan,30,0,0,39.55439028,-78.26311676,54065.0,167.74770744799818,0.0,30,29,0,0,29,28,17787,1,0,0,1,1
2020-08-11,US,West Virginia,Nicholas,37,1,0,38.29617706,-80.79759588,54067.0,151.0450685826257,2.702702702702702,36,37,1,0,36,37,24842,0,0,0,0,0
2020-08-11,US,West Virginia,Ohio,272,4,0,40.0955451,-80.62203992,54069.0,656.830310786989,1.4705882352941178,268,269,4,0,265,268,41755,3,0,0,3,1
2020-08-11,US,West Virginia,Pendleton,42,1,0,38.68314479,-79.35084086,54071.0,602.6689625484287,2.380952380952381,41,41,1,0,40,40,6997,1,0,0,1,1
2020-08-11,US,West Virginia,Pleasants,14,1,0,39.37091679,-81.16771771,54073.0,187.66756032171585,7.142857142857142,13,13,1,0,12,13,7507,1,0,0,1,0
2020-08-11,US,West Virginia,Pocahontas,42,0,0,38.32758728,-80.00993811,54075.0,509.2761004001455,0.0,42,41,0,0,41,41,8414,1,0,0,1,0
2020-08-11,US,West Virginia,Preston,125,4,0,39.46770987,-79.66712803,54077.0,373.8932759033261,3.2,121,125,4,0,121,125,33839,0,0,0,0,0
2020-08-11,US,West Virginia,Putnam,200,0,0,38.50782345,-81.9082131,54079.0,354.29583702391494,0.0,200,195,0,0,195,195,56682,5,0,0,5,0
2020-08-11,US,West Virginia,Raleigh,259,1,0,37.76936795,-81.2456041,54081.0,353.0486225651232,0.3861003861003861,258,255,1,0,254,253,74254,4,0,0,4,2
2020-08-11,US,West Virginia,Randolph,211,0,0,38.769899,-79.87919615,54083.0,735.3197421153511,0.0,211,210,0,0,210,210,28823,1,0,0,1,0
2020-08-11,US,West Virginia,Ritchie,3,0,0,39.18094587,-81.06356878,54085.0,31.400460540087924,0.0,3,3,0,0,3,3,9721,0,0,0,0,0
2020-08-11,US,West Virginia,Roane,16,1,0,38.71622686,-81.35243568,54087.0,116.89070718877848,6.25,15,15,1,0,14,15,13932,1,0,0,1,0
2020-08-11,US,West Virginia,Summers,14,0,0,37.65390597,-80.86009693,54089.0,111.34971764893022,0.0,14,12,0,0,12,11,12760,2,0,0,2,1
2020-08-11,US,West Virginia,Taylor,59,1,0,39.33602617,-80.0421439,54091.0,353.3992213237496,1.6949152542372878,58,56,1,0,55,56,16862,3,0,0,3,0
2020-08-11,US,West Virginia,Tucker,10,0,0,39.11240885,-79.57053576,54093.0,146.22020763269484,0.0,10,10,0,0,10,10,6955,0,0,0,0,0
2020-08-11,US,West Virginia,Tyler,15,0,0,39.46811972,-80.88772676,54095.0,174.60132697008495,0.0,15,13,0,0,13,13,8746,2,0,0,2,0
2020-08-11,US,West Virginia,Upshur,40,0,0,38.89285061,-80.23689136,54097.0,165.45334215751157,0.0,40,40,0,0,40,40,24415,0,0,0,0,0
2020-08-11,US,West Virginia,Wayne,212,9,0,38.14901357,-82.42287994,54099.0,538.0437541241562,4.245283018867925,203,210,9,0,201,208,39944,2,0,0,2,2
2020-08-11,US,West Virginia,Webster,4,0,0,38.49370949,-80.4202023,54101.0,49.297510475720976,0.0,4,4,0,0,4,4,8285,0,0,0,0,0
2020-08-11,US,West Virginia,Wetzel,44,0,0,39.6065771,-80.64016540000001,54103.0,292.0677066047129,0.0,44,43,0,0,43,42,15270,1,0,0,1,1
2020-08-11,US,West Virginia,Wirt,7,0,0,39.02775007,-81.37473928,54105.0,120.25425184676172,0.0,7,7,0,0,7,6,5830,0,0,0,0,1
2020-08-11,US,West Virginia,Wood,256,5,0,39.20967886,-81.5162836,54107.0,306.5207500179602,1.953125,251,250,5,0,245,247,84203,6,0,0,6,3
2020-08-11,US,West Virginia,Wyoming,34,2,0,37.612327,-81.54511071,54109.0,166.71570069628322,5.882352941176472,32,34,1,0,33,31,20786,0,1,0,-1,3
2020-08-11,US,Wisconsin,Adams,86,2,0,43.96974651,-89.76782777,55001.0,425.3214638971315,2.3255813953488373,84,86,2,0,84,85,20348,0,0,0,0,1
2020-08-11,US,Wisconsin,Ashland,26,1,0,46.31956891,-90.67837132,55003.0,167.07364092019017,3.8461538461538463,25,25,1,0,24,25,15600,1,0,0,1,0
2020-08-11,US,Wisconsin,Barron,296,3,0,45.42372701,-91.84833627,55005.0,654.2303951905226,1.0135135135135136,293,295,3,0,292,293,45164,1,0,0,1,2
2020-08-11,US,Wisconsin,Bayfield,29,1,0,46.52868768,-91.19716729,55007.0,192.87044426709232,3.4482758620689653,28,28,1,0,27,27,15042,1,0,0,1,1
2020-08-11,US,Wisconsin,Brown,4340,54,0,44.452655299999996,-88.00411844,55009.0,1640.571251445895,1.2442396313364057,4286,4264,54,0,4210,4264,263378,76,0,0,76,0
2020-08-11,US,Wisconsin,Buffalo,44,2,0,44.37835084,-91.75332578,55011.0,337.65635791573936,4.545454545454546,42,44,2,0,42,43,13125,0,0,0,0,1
2020-08-11,US,Wisconsin,Burnett,22,1,0,45.86303537,-92.36711412,55013.0,142.72739068379394,4.545454545454546,21,22,1,0,21,22,15392,0,0,0,0,0
2020-08-11,US,Wisconsin,Calumet,334,2,0,44.0816316,-88.21780273,55015.0,666.8130727305396,0.5988023952095808,332,330,2,0,328,320,50159,4,0,0,4,10
2020-08-11,US,Wisconsin,Chippewa,241,0,0,45.06939744,-91.28068855,55017.0,372.7303659253302,0.0,241,239,0,0,239,230,64135,2,0,0,2,9
2020-08-11,US,Wisconsin,Clark,189,8,0,44.73483377,-90.61207486,55019.0,543.5095186058551,4.232804232804233,181,188,7,0,181,184,34709,1,1,0,0,4
2020-08-11,US,Wisconsin,Columbia,255,2,0,43.46492199,-89.33589004,55021.0,443.2315928526733,0.7843137254901961,253,252,1,0,251,248,57358,3,1,0,2,4
2020-08-11,US,Wisconsin,Crawford,76,0,0,43.23870316,-90.93073686,55023.0,471.14252061248527,0.0,76,75,0,0,75,75,16291,1,0,0,1,0
2020-08-11,US,Wisconsin,Dane,4578,38,0,43.06601594,-89.41733797,55025.0,837.3956227878433,0.8300567933595456,4540,4554,38,0,4516,4536,542364,24,0,0,24,18
2020-08-11,US,Wisconsin,Dodge,845,5,0,43.41576662,-88.70928178,55027.0,961.987272168399,0.591715976331361,840,835,5,0,830,819,87847,10,0,0,10,16
2020-08-11,US,Wisconsin,Door,107,3,0,44.95856458,-87.30002707,55029.0,386.7283504409426,2.803738317757009,104,106,3,0,103,106,27610,1,0,0,1,0
2020-08-11,US,Wisconsin,Douglas,191,0,0,46.43222285,-91.91595768,55031.0,442.6419466975666,0.0,191,186,0,0,186,173,43208,5,0,0,5,13
2020-08-11,US,Wisconsin,Dunn,128,0,0,44.94562799,-91.8962481,55033.0,282.1371892082525,0.0,128,126,0,0,126,123,45131,2,0,0,2,3
2020-08-11,US,Wisconsin,Eau Claire,596,4,0,44.726614,-91.28609183,55035.0,569.5392083787242,0.6711409395973155,592,590,4,0,586,588,104534,6,0,0,6,2
2020-08-11,US,Wisconsin,Florence,8,0,0,45.84963535,-88.39804137,55037.0,186.26309662398137,0.0,8,8,0,0,8,8,4321,0,0,0,0,0
2020-08-11,US,Wisconsin,Fond du Lac,676,7,0,43.75354908,-88.48885325,55039.0,653.752792472172,1.0355029585798816,669,671,7,0,664,657,103066,5,0,0,5,14
2020-08-11,US,Wisconsin,Forest,60,4,0,45.66678019,-88.77084892,55041.0,666.3705019991115,6.666666666666668,56,59,4,0,55,59,8991,1,0,0,1,0
2020-08-11,US,Wisconsin,Grant,362,15,0,42.8671731,-90.7063218,55043.0,703.7461848014152,4.143646408839779,347,357,15,0,342,356,51554,5,0,0,5,1
2020-08-11,US,Wisconsin,Green,169,1,0,42.6794956,-89.60243287,55045.0,457.2510822510823,0.591715976331361,168,167,1,0,166,162,36929,2,0,0,2,5
2020-08-11,US,Wisconsin,Green Lake,57,0,0,43.80025981,-89.04679553,55047.0,301.3800031724211,0.0,57,56,0,0,56,56,18918,1,0,0,1,0
2020-08-11,US,Wisconsin,Iowa,83,0,0,43.00050278,-90.13469017,55049.0,350.53636286848547,0.0,83,82,0,0,82,80,23771,1,0,0,1,2
2020-08-11,US,Wisconsin,Iron,76,1,0,46.26302338,-90.24295041,55051.0,1336.3812203270618,1.3157894736842106,75,75,1,0,74,75,5676,1,0,0,1,0
2020-08-11,US,Wisconsin,Jackson,58,1,0,44.31864893,-90.80566792,55053.0,280.96691372378046,1.7241379310344829,57,58,1,0,57,58,20478,0,0,0,0,0
2020-08-11,US,Wisconsin,Jefferson,647,5,0,43.02054068,-88.77529134,55055.0,763.2507166534938,0.7727975270479135,642,637,5,0,632,631,85129,10,0,0,10,6
2020-08-11,US,Wisconsin,Juneau,138,1,0,43.92456975,-90.11120239,55057.0,517.1057068984899,0.7246376811594203,137,138,1,0,137,137,26617,0,0,0,0,1
2020-08-11,US,Wisconsin,Kenosha,2692,60,0,42.57639354,-88.04051686,55059.0,1587.6292307783042,2.2288261515601784,2632,2681,60,0,2621,2667,169290,11,0,0,11,14
2020-08-11,US,Wisconsin,Kewaunee,135,2,0,44.51727459,-87.61468386,55061.0,660.6635998825487,1.4814814814814814,133,131,2,0,129,131,20383,4,0,0,4,0
2020-08-11,US,Wisconsin,La Crosse,921,1,0,43.90632465,-91.11451093,55063.0,780.4026572668113,0.10857763300760044,920,914,1,0,913,908,118230,7,0,0,7,6
2020-08-11,US,Wisconsin,Lafayette,147,0,0,42.66005229,-90.1317729,55065.0,882.0882088208821,0.0,147,143,0,0,143,139,16665,4,0,0,4,4
2020-08-11,US,Wisconsin,Langlade,63,1,0,45.26271619,-89.07483625,55067.0,328.31309604460887,1.5873015873015872,62,65,1,0,64,65,19268,-2,0,0,-2,0
2020-08-11,US,Wisconsin,Lincoln,69,0,0,45.33737523,-89.73411273,55069.0,250.06342188236144,0.0,69,68,0,0,68,68,27689,1,0,0,1,0
2020-08-11,US,Wisconsin,Manitowoc,351,1,0,44.11946801,-87.80928853,55071.0,444.41068104987284,0.2849002849002849,350,345,1,0,344,337,79074,6,0,0,6,8
2020-08-11,US,Wisconsin,Marathon,662,10,0,44.89792533,-89.75863384,55073.0,487.86958700586615,1.5105740181268883,652,655,9,0,646,646,135428,7,1,0,6,9
2020-08-11,US,Wisconsin,Marinette,432,4,0,45.38553432,-88.03324599999998,55075.0,1070.631970260223,0.925925925925926,428,411,3,0,408,395,40434,21,1,0,20,16
2020-08-11,US,Wisconsin,Marquette,80,1,0,43.81911946,-89.40073763,55077.0,513.6766405547708,1.25,79,80,1,0,79,80,15434,0,0,0,0,0
2020-08-11,US,Wisconsin,Menominee,25,0,0,45.00422544,-88.70950714,55078.0,548.7269534679543,0.0,25,22,0,0,22,22,4658,3,0,0,3,0
2020-08-11,US,Wisconsin,Milwaukee,21331,458,0,43.00486062,-87.96733172,55079.0,2255.515868232448,2.147109840138765,20873,21178,456,0,20722,21062,948201,153,2,0,151,116
2020-08-11,US,Wisconsin,Monroe,245,2,0,43.94641218,-90.61881899999999,55081.0,529.6953711110632,0.8163265306122449,243,244,2,0,242,243,46051,1,0,0,1,1
2020-08-11,US,Wisconsin,Oconto,259,0,0,45.02715345,-88.26807503,55083.0,682.8368046401265,0.0,259,256,0,0,256,248,37830,3,0,0,3,8
2020-08-11,US,Wisconsin,Oneida,153,0,0,45.70677897,-89.51944105,55085.0,429.8356510745892,0.0,153,141,0,0,141,131,35470,12,0,0,12,10
2020-08-11,US,Wisconsin,Outagamie,1299,14,0,44.41578887,-88.46565023,55087.0,691.3803656492003,1.077752117013087,1285,1276,14,0,1262,1252,187365,23,0,0,23,24
2020-08-11,US,Wisconsin,Ozaukee,716,17,0,43.38352225,-87.94625009,55089.0,802.501653198238,2.3743016759776543,699,692,17,0,675,692,89147,24,0,0,24,0
2020-08-11,US,Wisconsin,Pepin,42,0,0,44.58307413,-91.99949611,55091.0,576.3688760806916,0.0,42,42,0,0,42,42,7289,0,0,0,0,0
2020-08-11,US,Wisconsin,Pierce,224,3,0,44.71850291,-92.4224416,55093.0,523.9275857229733,1.3392857142857142,221,224,2,0,222,222,42555,0,1,0,-1,2
2020-08-11,US,Wisconsin,Polk,137,2,0,45.46130348,-92.44182875,55095.0,312.9068359865701,1.45985401459854,135,132,2,0,130,132,43598,5,0,0,5,0
2020-08-11,US,Wisconsin,Portage,426,0,0,44.47558711,-89.50152965,55097.0,601.9329678403889,0.0,426,420,0,0,420,411,70942,6,0,0,6,9
2020-08-11,US,Wisconsin,Price,33,0,0,45.68051754,-90.36098879999999,55099.0,247.17249644221405,0.0,33,33,0,0,33,32,13397,0,0,0,0,1
2020-08-11,US,Wisconsin,Racine,3567,79,0,42.74753117,-88.05941254,55101.0,1817.0148386998185,2.2147462853938884,3488,3526,78,0,3448,3514,196584,41,1,0,40,12
2020-08-11,US,Wisconsin,Richland,37,4,0,43.3762778,-90.43012729,55103.0,214.46788778112682,10.810810810810812,33,37,4,0,33,37,17377,0,0,0,0,0
2020-08-11,US,Wisconsin,Rock,1444,26,0,42.67151616,-89.07147900000002,55105.0,883.9697834151598,1.8005540166204983,1418,1441,26,0,1415,1432,163129,3,0,0,3,9
2020-08-11,US,Wisconsin,Rusk,21,1,0,45.47498854,-91.1333012,55107.0,148.11680067710537,4.761904761904762,20,21,1,0,20,20,14147,0,0,0,0,1
2020-08-11,US,Wisconsin,Sauk,452,3,0,43.42574087,-89.94966132,55111.0,701.4059153967909,0.6637168141592921,449,444,3,0,441,444,64249,8,0,0,8,0
2020-08-11,US,Wisconsin,Sawyer,76,0,0,45.87931905,-91.14504927,55113.0,458.9926319603817,0.0,76,69,0,0,69,67,16489,7,0,0,7,2
2020-08-11,US,Wisconsin,Shawano,204,0,0,44.78902246,-88.76443896,55115.0,498.7897014596934,0.0,204,200,0,0,200,196,40796,4,0,0,4,4
2020-08-11,US,Wisconsin,Sheboygan,776,8,0,43.72099677,-87.94579284,55117.0,672.7934801456563,1.0309278350515465,768,753,9,0,744,746,115456,23,-1,0,24,7
2020-08-11,US,Wisconsin,St. Croix,512,5,0,45.03437474,-92.45000068,55109.0,564.5792671496466,0.9765625,507,502,5,0,497,493,89694,10,0,0,10,9
2020-08-11,US,Wisconsin,Taylor,71,1,0,45.21179252,-90.5004405,55119.0,349.01440298874303,1.4084507042253518,70,71,1,0,70,69,20412,0,0,0,0,2
2020-08-11,US,Wisconsin,Trempealeau,345,2,0,44.30360275,-91.35893614,55121.0,1163.6142871597692,0.5797101449275363,343,338,2,0,336,336,29442,7,0,0,7,2
2020-08-11,US,Wisconsin,Vernon,66,0,0,43.59422667,-90.8324691,55123.0,214.13276231263384,0.0,66,64,0,0,64,64,30785,2,0,0,2,0
2020-08-11,US,Wisconsin,Vilas,60,0,0,46.05467334,-89.51719204,55125.0,270.33115566569046,0.0,60,55,0,0,55,53,21938,5,0,0,5,2
2020-08-11,US,Wisconsin,Walworth,1359,23,0,42.66858202,-88.54163073,55127.0,1308.3914198790774,1.6924208977189108,1336,1335,23,0,1312,1335,103718,24,0,0,24,0
2020-08-11,US,Wisconsin,Washburn,47,0,0,45.89838588,-91.79050449,55129.0,298.9821882951654,0.0,47,48,0,0,48,47,15878,-1,0,0,-1,1
2020-08-11,US,Wisconsin,Washington,1108,22,0,43.36863664,-88.22974712,55131.0,814.502256788744,1.985559566787004,1086,1066,22,0,1044,1066,135693,42,0,0,42,0
2020-08-11,US,Wisconsin,Waukesha,4354,59,0,43.01833055,-88.30431188,55133.0,1077.1948401525983,1.3550757923748278,4295,4299,59,0,4240,4234,403072,55,0,0,55,65
2020-08-11,US,Wisconsin,Waupaca,473,15,0,44.47068056,-88.96534501,55135.0,927.6328691900372,3.171247357293869,458,468,15,0,453,453,51128,5,0,0,5,15
2020-08-11,US,Wisconsin,Waushara,120,1,0,44.11324419,-89.24317107,55137.0,490.9381008877797,0.8333333333333334,119,120,1,0,119,116,24263,0,0,0,0,4
2020-08-11,US,Wisconsin,Winnebago,1212,18,0,44.06886922,-88.64477096,55139.0,705.0323721547113,1.4851485148514851,1194,1193,18,0,1175,1176,171020,19,0,0,19,17
2020-08-11,US,Wisconsin,Wood,322,2,0,44.45537896,-90.04158336,55141.0,441.1019329031905,0.6211180124223602,320,305,1,0,304,291,73055,17,1,0,16,14
2020-08-11,US,Wyoming,Albany,88,0,0,41.65498705,-105.72354150000001,56001.0,226.33744855967083,0.0,88,86,0,0,86,88,38601,2,0,0,2,-2
2020-08-11,US,Wyoming,Big Horn,37,0,0,44.52405055,-107.9960365,56003.0,313.8252756573367,0.0,37,37,0,0,37,37,11881,0,0,0,0,0
2020-08-11,US,Wyoming,Campbell,129,0,0,44.24886082,-105.54744040000001,56005.0,278.37120476467925,0.0,129,124,0,0,124,123,46140,5,0,0,5,1
2020-08-11,US,Wyoming,Carbon,103,0,0,41.69357844,-106.9326084,56007.0,695.9459459459459,0.0,103,100,0,0,100,99,14971,3,0,0,3,1
2020-08-11,US,Wyoming,Converse,31,0,0,42.97272268,-105.5081848,56009.0,224.2801331211113,0.0,31,31,0,0,31,32,13640,0,0,0,0,-1
2020-08-11,US,Wyoming,Crook,10,0,0,44.58855102,-104.56977049999999,56011.0,131.85654008438817,0.0,10,10,0,0,10,10,7450,0,0,0,0,0
2020-08-11,US,Wyoming,Fremont,497,0,0,43.04183996,-108.6296893,56013.0,1265.887267262678,0.0,497,497,0,0,497,504,39531,0,0,0,0,-7
2020-08-11,US,Wyoming,Goshen,34,0,0,42.08798185,-104.3534743,56015.0,257.36128983422907,0.0,34,34,0,0,34,28,13376,0,0,0,0,6
2020-08-11,US,Wyoming,Hot Springs,23,0,0,43.71930657,-108.44231740000001,56017.0,521.1874008610922,0.0,23,23,0,0,23,22,4555,0,0,0,0,1
2020-08-11,US,Wyoming,Johnson,24,1,0,44.04057166,-106.58451740000001,56019.0,284.1918294849023,4.166666666666667,23,23,1,0,22,23,8460,1,0,0,1,0
2020-08-11,US,Wyoming,Laramie,500,0,0,41.30702520000001,-104.6887497,56021.0,502.51256281407035,0.0,500,495,0,0,495,502,98976,5,0,0,5,-7
2020-08-11,US,Wyoming,Lincoln,103,0,0,42.26376367,-110.6563997,56023.0,519.4150277357538,0.0,103,103,0,0,103,103,19434,0,0,0,0,0
2020-08-11,US,Wyoming,Natrona,238,0,0,42.96180148,-106.79788500000001,56025.0,298.0290014776228,0.0,238,235,0,0,235,231,79115,3,0,0,3,4
2020-08-11,US,Wyoming,Niobrara,2,0,0,43.05607708,-104.47588959999999,56027.0,84.88964346349746,0.0,2,2,0,0,2,2,2388,0,0,0,0,0
2020-08-11,US,Wyoming,Park,135,0,0,44.52157546,-109.58528249999999,56029.0,462.4237857093924,0.0,135,135,0,0,135,134,29324,0,0,0,0,1
2020-08-11,US,Wyoming,Platte,5,0,0,42.13299116,-104.96633100000001,56031.0,59.57345406886692,0.0,5,5,0,0,5,5,8566,0,0,0,0,0
2020-08-11,US,Wyoming,Sheridan,73,0,0,44.79048913,-106.8862389,56033.0,239.46203050680663,0.0,73,73,0,0,73,74,30233,0,0,0,0,-1
2020-08-11,US,Wyoming,Sublette,39,0,0,42.76558279,-109.91309220000001,56035.0,396.7043027158987,0.0,39,39,0,0,39,40,9813,0,0,0,0,-1
2020-08-11,US,Wyoming,Sweetwater,267,0,0,41.65943896,-108.8827882,56037.0,630.5646742082516,0.0,267,260,0,0,260,259,43051,7,0,0,7,1
2020-08-11,US,Wyoming,Teton,372,0,0,43.93522482,-110.5890801,56039.0,1585.4074326628024,0.0,372,370,0,0,370,374,23081,2,0,0,2,-4
2020-08-11,US,Wyoming,Uinta,279,0,0,41.2878183,-110.54757820000002,56041.0,1379.4126371996438,0.0,279,277,0,0,277,278,20299,2,0,0,2,-1
2020-08-11,US,Wyoming,Unassigned,0,28,0,0.0,0.0,90056.0,0.0,0.0,-28,0,27,0,-27,0,,0,1,0,-1,0
2020-08-11,US,Wyoming,Washakie,79,0,0,43.90451606,-107.68018700000002,56043.0,1012.1716848174248,0.0,79,77,0,0,77,77,7885,2,0,0,2,0
2020-08-11,US,Wyoming,Weston,5,0,0,43.83961191,-104.56748809999999,56045.0,72.18131947452,0.0,5,6,0,0,6,5,6967,-1,0,0,-1,1
