Date,Country/Region,Province/State,Admin2,Confirmed,Deaths,Recovered,Latitude,Longitude,FIPS,Incidence_Rate,Case-Fatality_Ratio,Active Cases,Previous Confirmed,Previous Deaths,Previous Recovered,Previous Active,Prev2 Confirmed,Population,Daily Confirmed,Daily Deaths,Daily Recovered,Daily Active,Previous Daily Confirmed
2020-10-23,US,Alabama,Autauga,2030,30,0,32.53952745,-86.64408227,1001.0,3633.499794161343,1.477832512315271,2000,2023,30,0,1993,2021,55601,7,0,0,7,2
2020-10-23,US,Alabama,Baldwin,6615,69,0,30.72774991,-87.72207058,1003.0,2963.2582850282665,1.0430839002267571,6546,6475,69,0,6406,6443,218022,140,0,0,140,32
2020-10-23,US,Alabama,Barbour,1012,9,0,31.868263,-85.3871286,1005.0,4099.489589240865,0.8893280632411067,1003,997,9,0,988,996,24881,15,0,0,15,1
2020-10-23,US,Alabama,Bibb,825,14,0,32.99642064,-87.12511459999996,1007.0,3684.022506028401,1.6969696969696968,811,811,14,0,797,801,22400,14,0,0,14,10
2020-10-23,US,Alabama,Blount,1911,25,0,33.98210918,-86.56790593,1009.0,3304.741811641822,1.3082155939298796,1886,1893,25,0,1868,1873,57840,18,0,0,18,20
2020-10-23,US,Alabama,Bullock,639,17,0,32.10030533,-85.71265535,1011.0,6326.1063261063255,2.660406885758998,622,637,17,0,620,637,10138,2,0,0,2,0
2020-10-23,US,Alabama,Butler,1002,40,0,31.75300095,-86.68057478,1013.0,5152.200740436035,3.992015968063872,962,1001,40,0,961,998,19680,1,0,0,1,3
2020-10-23,US,Alabama,Calhoun,4224,61,0,33.77483727,-85.82630386,1015.0,3718.1462083535052,1.4441287878787878,4163,4189,60,0,4129,4160,114277,35,1,0,34,29
2020-10-23,US,Alabama,Chambers,1343,43,0,32.91360079,-85.39072749,1017.0,4038.6118963132253,3.2017870439314966,1300,1336,43,0,1293,1330,33615,7,0,0,7,6
2020-10-23,US,Alabama,Cherokee,731,14,0,34.17805983,-85.60638968,1019.0,2790.5023667735527,1.915184678522572,717,726,14,0,712,723,26032,5,0,0,5,3
2020-10-23,US,Alabama,Chilton,1858,32,0,32.85044126,-86.7173256,1021.0,4182.047357522283,1.7222820236813778,1826,1841,32,0,1809,1826,44153,17,0,0,17,15
2020-10-23,US,Alabama,Choctaw,390,12,0,32.02227341,-88.26564429999998,1023.0,3097.942648343793,3.0769230769230766,378,388,12,0,376,387,12841,2,0,0,2,1
2020-10-23,US,Alabama,Clarke,1336,17,0,31.68099859,-87.83548597,1025.0,5655.744644822625,1.2724550898203593,1319,1300,17,0,1283,1273,23920,36,0,0,36,27
2020-10-23,US,Alabama,Clay,736,12,0,33.26984193,-85.85836077,1027.0,5561.01246694371,1.6304347826086956,724,729,12,0,717,722,13275,7,0,0,7,7
2020-10-23,US,Alabama,Cleburne,551,8,0,33.67679204,-85.52005899,1029.0,3695.50637156271,1.4519056261343013,543,543,8,0,535,532,14987,8,0,0,8,11
2020-10-23,US,Alabama,Coffee,1732,11,0,31.39932826,-85.98901039,1031.0,3309.0061518474654,0.6351039260969977,1721,1717,10,0,1707,1682,51909,15,1,0,14,35
2020-10-23,US,Alabama,Colbert,1987,31,0,34.69847452,-87.80168544,1033.0,3596.966021614381,1.560140915953699,1956,1967,31,0,1936,1933,54762,20,0,0,20,34
2020-10-23,US,Alabama,Conecuh,560,13,0,31.43401703,-86.99320044,1035.0,4640.755780227066,2.321428571428572,547,557,13,0,544,556,12277,3,0,0,3,1
2020-10-23,US,Alabama,Coosa,203,3,0,32.93690146,-86.24847739,1037.0,1903.779424177061,1.477832512315271,200,202,3,0,199,199,10715,1,0,0,1,3
2020-10-23,US,Alabama,Covington,1714,29,0,31.247785399999998,-86.45050893,1039.0,4626.305703257848,1.6919486581096852,1685,1699,29,0,1670,1666,36986,15,0,0,15,33
2020-10-23,US,Alabama,Crenshaw,603,30,0,31.72941803,-86.31593104,1041.0,4378.4490270113265,4.975124378109452,573,602,30,0,572,598,13824,1,0,0,1,4
2020-10-23,US,Alabama,Cullman,2399,25,0,34.13020303,-86.86888037,1043.0,2863.862095310859,1.0421008753647354,2374,2357,24,0,2333,2310,83442,42,1,0,41,47
2020-10-23,US,Alabama,Dale,1665,51,0,31.43037123,-85.61095742,1045.0,3386.073375091516,3.063063063063063,1614,1654,51,0,1603,1638,48956,11,0,0,11,16
2020-10-23,US,Alabama,Dallas,1863,27,0,32.32688101,-87.10866709999998,1047.0,5008.603075599527,1.4492753623188406,1836,1862,27,0,1835,1860,38310,1,0,0,1,2
2020-10-23,US,Alabama,DeKalb,3360,29,0,34.45946862,-85.80782906,1049.0,4698.446436312279,0.8630952380952381,3331,3302,29,0,3273,3254,71385,58,0,0,58,48
2020-10-23,US,Alabama,Elmore,3173,53,0,32.59785413,-86.14415284,1051.0,3907.2024036744697,1.670343523479357,3120,3148,52,0,3096,3128,81887,25,1,0,24,20
2020-10-23,US,Alabama,Escambia,1722,30,0,31.1256789,-87.15918694,1053.0,4700.679715011056,1.7421602787456445,1692,1719,29,0,1690,1714,36748,3,1,0,2,5
2020-10-23,US,Alabama,Etowah,4214,50,0,34.04567266,-86.04051873,1055.0,4120.5460163492,1.1865211200759374,4164,4187,49,0,4138,4122,102501,27,1,0,26,65
2020-10-23,US,Alabama,Fayette,569,13,0,33.72076938,-87.73886638,1057.0,3490.3692798429643,2.2847100175746924,556,561,13,0,548,557,16433,8,0,0,8,4
2020-10-23,US,Alabama,Franklin,2032,31,0,34.44235334,-87.84289505,1059.0,6479.178623812257,1.5255905511811023,2001,2021,31,0,1990,2017,31363,11,0,0,11,4
2020-10-23,US,Alabama,Geneva,861,7,0,31.09389027,-85.83572839,1061.0,3277.3780975219825,0.8130081300813008,854,852,7,0,845,844,26314,9,0,0,9,8
2020-10-23,US,Alabama,Greene,342,16,0,32.85504247,-87.95684022,1063.0,4216.496116385156,4.678362573099415,326,342,16,0,326,340,8233,0,0,0,0,2
2020-10-23,US,Alabama,Hale,758,30,0,32.76039258,-87.63284988,1065.0,5173.708279298341,3.9577836411609497,728,749,30,0,719,748,14726,9,0,0,9,1
2020-10-23,US,Alabama,Henry,643,6,0,31.51148016,-85.24267944,1067.0,3737.285672769544,0.9331259720062208,637,639,6,0,633,638,17209,4,0,0,4,1
2020-10-23,US,Alabama,Houston,3717,34,0,31.15197924,-85.29939599,1069.0,3510.511701705673,0.9147161689534572,3683,3692,32,0,3660,3655,104722,25,2,0,23,37
2020-10-23,US,Alabama,Jackson,2125,15,0,34.78144169,-85.99750489,1071.0,4116.143028706466,0.7058823529411765,2110,2100,15,0,2085,2055,51736,25,0,0,25,45
2020-10-23,US,Alabama,Jefferson,22988,375,0,33.55554728,-86.89506300000002,1073.0,3490.577354370738,1.6312858882895425,22613,22861,374,0,22487,22720,659300,127,1,0,126,141
2020-10-23,US,Alabama,Lamar,474,5,0,33.77995024,-88.09668032,1075.0,3433.538572980804,1.0548523206751057,469,466,5,0,461,459,13844,8,0,0,8,7
2020-10-23,US,Alabama,Lauderdale,2180,42,0,34.90171875,-87.65624729,1077.0,2350.9366002005845,1.926605504587156,2138,2148,41,0,2107,2125,92387,32,1,0,31,23
2020-10-23,US,Alabama,Lawrence,837,32,0,34.52041498,-87.31069453,1079.0,2542.218442473576,3.823178016726404,805,821,31,0,790,811,32957,16,1,0,15,10
2020-10-23,US,Alabama,Lee,6517,65,0,32.60154883,-85.35132246,1081.0,3960.690887432996,0.9973914377781188,6452,6496,65,0,6431,6461,163941,21,0,0,21,35
2020-10-23,US,Alabama,Limestone,2797,30,0,34.81185586,-86.98310072,1083.0,2827.6803315978364,1.0725777618877368,2767,2765,30,0,2735,2736,96174,32,0,0,32,29
2020-10-23,US,Alabama,Lowndes,704,28,0,32.1597283,-86.65158371,1085.0,7238.330248817602,3.977272727272727,676,703,28,0,675,702,9974,1,0,0,1,1
2020-10-23,US,Alabama,Macon,530,20,0,32.38759944,-85.69267724,1087.0,2933.362851450077,3.7735849056603774,510,529,20,0,509,530,18439,1,0,0,1,-1
2020-10-23,US,Alabama,Madison,9228,94,0,34.76327133,-86.55069633,1089.0,2474.598360457913,1.0186389250108363,9134,9150,94,0,9056,9078,366519,78,0,0,78,72
2020-10-23,US,Alabama,Marengo,1002,22,0,32.24767634,-87.78796182,1091.0,5311.986428457827,2.1956087824351296,980,992,22,0,970,982,19066,10,0,0,10,10
2020-10-23,US,Alabama,Marion,1071,29,0,34.13697363,-87.88704173,1093.0,3604.9681914571343,2.707749766573296,1042,1062,29,0,1033,1050,29763,9,0,0,9,12
2020-10-23,US,Alabama,Marshall,4372,49,0,34.36975964,-86.30486727,1095.0,4517.742368818072,1.1207685269899361,4323,4330,49,0,4281,4310,96109,42,0,0,42,20
2020-10-23,US,Alabama,Mobile,16788,315,0,30.78472347,-88.20842409,1097.0,4062.825197841291,1.8763402430307363,16473,14468,314,0,14154,14405,413757,2320,1,0,2319,63
2020-10-23,US,Alabama,Monroe,645,10,0,31.56729412,-87.36995001,1099.0,3110.982491679931,1.5503875968992251,635,640,10,0,630,636,21067,5,0,0,5,4
2020-10-23,US,Alabama,Montgomery,9978,197,0,32.2206831,-86.20969272,1101.0,4405.5703222274215,1.9743435558228104,9781,9875,196,0,9679,9820,225763,103,1,0,102,55
2020-10-23,US,Alabama,Morgan,4071,35,0,34.45500589,-86.85475946,1103.0,3401.5992780688343,0.8597396217145664,4036,4036,35,0,4001,4000,119089,35,0,0,35,36
2020-10-23,US,Alabama,Perry,585,6,0,32.64048341,-87.29770589,1105.0,6556.09100078449,1.0256410256410255,579,583,6,0,577,581,9140,2,0,0,2,2
2020-10-23,US,Alabama,Pickens,836,18,0,33.28094866,-88.08818103,1107.0,4194.681384846965,2.15311004784689,818,824,17,0,807,811,19938,12,1,0,11,13
2020-10-23,US,Alabama,Pike,1327,13,0,31.80396383,-85.9408295,1109.0,4007.368484628858,0.9796533534287868,1314,1323,13,0,1310,1313,33338,4,0,0,4,10
2020-10-23,US,Alabama,Randolph,820,16,0,33.29526734,-85.45708831,1111.0,3608.837250242056,1.951219512195122,804,812,16,0,796,805,22725,8,0,0,8,7
2020-10-23,US,Alabama,Russell,1928,3,0,32.28725256,-85.18415324,1113.0,3326.3746312175426,0.15560165975103735,1925,1923,3,0,1920,1905,57781,5,0,0,5,18
2020-10-23,US,Alabama,Shelby,7274,63,0,33.26879845,-86.66232561,1117.0,3341.2646645414366,0.8660984327742645,7211,7204,62,0,7142,7153,215707,70,1,0,69,51
2020-10-23,US,Alabama,St. Clair,2891,42,0,33.71902176,-86.31029372,1115.0,3229.7345607292878,1.452784503631961,2849,2871,42,0,2829,2838,88690,20,0,0,20,33
2020-10-23,US,Alabama,Sumter,472,21,0,32.59117397,-88.19916205,1119.0,3798.181379254848,4.4491525423728815,451,470,21,0,449,468,12691,2,0,0,2,2
2020-10-23,US,Alabama,Talladega,2636,35,0,33.37823223,-86.16886178,1121.0,3295.9063742529197,1.3277693474962065,2601,2610,35,0,2575,2591,79828,26,0,0,26,19
2020-10-23,US,Alabama,Tallapoosa,1313,87,0,32.86698258,-85.79833053,1123.0,3252.6568731884954,6.626047220106625,1226,1305,87,0,1218,1295,40497,8,0,0,8,10
2020-10-23,US,Alabama,Tuscaloosa,10235,140,0,33.28726072,-87.52556818,1125.0,4888.82520121325,1.3678553981436248,10095,10148,139,0,10009,10066,208911,87,1,0,86,82
2020-10-23,US,Alabama,Walker,2755,93,0,33.80270512,-87.30027177,1127.0,4337.14834464193,3.3756805807622503,2662,2722,93,0,2629,2699,63711,33,0,0,33,23
2020-10-23,US,Alabama,Washington,734,12,0,31.4092794,-88.20689944,1129.0,4495.8961166237905,1.6348773841961852,722,634,12,0,622,623,16378,100,0,0,100,11
2020-10-23,US,Alabama,Wilcox,564,12,0,31.98773215,-87.30891118,1131.0,5437.192711848067,2.127659574468085,552,562,12,0,550,559,10627,2,0,0,2,3
2020-10-23,US,Alabama,Winston,919,13,0,34.15030532,-87.37325922,1133.0,3889.288586059504,1.4145810663764962,906,913,13,0,900,906,23660,6,0,0,6,7
2020-10-23,US,Alaska,Aleutians East,5,0,0,55.32222414,-161.9722021,2013.0,149.8351813005694,0.0,5,5,0,0,5,5,3515,0,0,0,0,0
2020-10-23,US,Alaska,Aleutians West,6,0,0,52.3233,-174.1596,2016.0,106.49627263045794,0.0,6,6,0,0,6,6,5723,0,0,0,0,0
2020-10-23,US,Alaska,Anchorage,6666,42,0,61.14998174,-149.14269860000005,2020.0,2314.583333333333,0.6300630063006301,6624,6510,42,0,6468,6445,291538,156,0,0,156,65
2020-10-23,US,Alaska,Bethel,328,1,0,60.90980451,-159.8561831,2050.0,1783.9660611334714,0.3048780487804878,327,309,1,0,308,270,18216,19,0,0,19,39
2020-10-23,US,Alaska,Bristol Bay plus Lake and Peninsula,37,0,0,58.62403337,-156.21405890000003,2164.0,920.3980099502487,0.0,37,37,0,0,37,37,,0,0,0,0,0
2020-10-23,US,Alaska,Denali,20,0,0,63.67264044,-150.0076108,2068.0,953.7434430138292,0.0,20,20,0,0,20,20,2059,0,0,0,0,0
2020-10-23,US,Alaska,Dillingham,24,0,0,59.79603738,-158.23819419999995,2070.0,488.2017900732303,0.0,24,24,0,0,24,24,5000,0,0,0,0,0
2020-10-23,US,Alaska,Fairbanks North Star,1859,13,0,64.80726247,-146.5692662,2090.0,1919.4829063800348,0.6993006993006993,1846,1837,13,0,1824,1832,98971,22,0,0,22,5
2020-10-23,US,Alaska,Haines,5,0,0,59.09893571,-135.4679843,2100.0,197.6284584980237,0.0,5,5,0,0,5,5,2474,0,0,0,0,0
2020-10-23,US,Alaska,Juneau,385,3,0,58.45031811,-134.200436,2110.0,1204.1033339588416,0.7792207792207793,382,378,3,0,375,375,32113,7,0,0,7,3
2020-10-23,US,Alaska,Kenai Peninsula,637,3,0,60.24429722,-151.53888840000005,2122.0,1085.0310008857396,0.4709576138147567,634,623,3,0,620,610,58533,14,0,0,14,13
2020-10-23,US,Alaska,Ketchikan Gateway,59,0,0,55.57445008,-130.975561,2130.0,424.4298971297029,0.0,59,59,0,0,59,59,13918,0,0,0,0,0
2020-10-23,US,Alaska,Kodiak Island,50,0,0,57.65529415,-153.7493579,2150.0,384.67456531774116,0.0,50,49,0,0,49,49,13345,1,0,0,1,0
2020-10-23,US,Alaska,Kusilvak,108,0,0,62.15429159999999,-163.39678830000003,2158.0,1299.0137118114023,0.0,108,97,0,0,97,29,8303,11,0,0,11,68
2020-10-23,US,Alaska,Matanuska-Susitna,955,2,0,62.31305045,-149.5741743,2170.0,881.6713904557918,0.2094240837696335,953,922,2,0,920,896,107610,33,0,0,33,26
2020-10-23,US,Alaska,Nome,121,0,0,64.90320724,-164.0353804,2180.0,1209.516193522591,0.0,121,120,0,0,120,112,10008,1,0,0,1,8
2020-10-23,US,Alaska,North Slope,227,0,0,69.31479216,-153.4836093,2185.0,2308.7876322213183,0.0,227,217,0,0,217,215,9872,10,0,0,10,2
2020-10-23,US,Alaska,Northwest Arctic,210,0,0,67.04919196,-159.7503946,2188.0,2755.5438918777063,0.0,210,207,0,0,207,207,7671,3,0,0,3,0
2020-10-23,US,Alaska,Petersburg,11,1,0,57.13978948,-132.9540995,2195.0,336.80342927127987,9.090909090909092,10,11,1,0,10,11,3221,0,0,0,0,0
2020-10-23,US,Alaska,Prince of Wales-Hyder,33,0,0,55.76261984,-133.0511621,2198.0,532.0006448492667,0.0,33,33,0,0,33,33,6422,0,0,0,0,0
2020-10-23,US,Alaska,Sitka,56,0,0,57.24124555,-135.3206587,2220.0,659.3665371482398,0.0,56,56,0,0,56,56,8647,0,0,0,0,0
2020-10-23,US,Alaska,Skagway,5,0,0,59.56149996,-135.33377480000001,2230.0,422.654268808115,0.0,5,5,0,0,5,4,1148,0,0,0,0,1
2020-10-23,US,Alaska,Southeast Fairbanks,51,0,0,63.87692095,-143.2127643,2240.0,739.8810387349484,0.0,51,51,0,0,51,50,6918,0,0,0,0,1
2020-10-23,US,Alaska,Unassigned,3,0,0,0.0,0.0,90002.0,0.0,0.0,3,3,0,0,3,3,,0,0,0,0,0
2020-10-23,US,Alaska,Valdez-Cordova,106,1,0,61.47502768,-144.7126799,2261.0,1151.9234948924147,0.9433962264150944,105,106,1,0,105,104,9164,0,0,0,0,2
2020-10-23,US,Alaska,Wrangell,13,0,0,56.3202004,-132.05837309999998,2275.0,519.5843325339728,0.0,13,13,0,0,13,13,2503,0,0,0,0,0
2020-10-23,US,Alaska,Yakutat,29,0,0,59.890980799999994,-140.36014509999998,2282.0,5008.635578583765,0.0,29,29,0,0,29,29,604,0,0,0,0,0
2020-10-23,US,Alaska,Yukon-Koyukuk,104,2,0,65.50815459,-151.39073869999999,2290.0,1988.527724665392,1.9230769230769231,102,103,2,0,101,103,5327,1,0,0,1,0
2020-10-23,US,Arizona,Apache,3826,168,0,35.39465006,-109.4892383,4001.0,5322.241851795178,4.391008886565603,3658,3825,168,0,3657,3810,71818,1,0,0,1,15
2020-10-23,US,Arizona,Cochise,2098,73,0,31.87934684,-109.7516088,4003.0,1666.1107669827356,3.4795042897998094,2025,2093,73,0,2020,2075,126770,5,0,0,5,18
2020-10-23,US,Arizona,Coconino,4925,147,0,35.83883429,-111.77071780000001,4005.0,3432.6298475006274,2.984771573604061,4778,4888,147,0,4741,4814,142854,37,0,0,37,74
2020-10-23,US,Arizona,Gila,1830,70,0,33.80190085,-110.8132779,4007.0,3387.7596356769964,3.8251366120218577,1760,1812,67,0,1745,1777,53889,18,3,0,15,35
2020-10-23,US,Arizona,Graham,1105,27,0,32.93166885,-109.8882178,4009.0,2845.224914385766,2.443438914027149,1078,1083,27,0,1056,1063,38072,22,0,0,22,20
2020-10-23,US,Arizona,Greenlee,100,1,0,33.21498827,-109.2405279,4011.0,1052.853232259423,1.0,99,84,1,0,83,82,9483,16,0,0,16,2
2020-10-23,US,Arizona,La Paz,611,16,0,33.72854224,-113.98100290000001,4012.0,2894.6371044153875,2.6186579378068737,595,610,16,0,594,606,21098,1,0,0,1,4
2020-10-23,US,Arizona,Maricopa,152695,3536,0,33.34835867,-112.49181540000001,4013.0,3404.256552460932,2.3157274304987068,149159,152101,3536,0,148565,151527,4410824,594,0,0,594,574
2020-10-23,US,Arizona,Mohave,4244,230,0,35.70471703,-113.7577902,4015.0,2000.1790923786768,5.4194156456173435,4014,4234,230,0,4004,4223,209550,10,0,0,10,11
2020-10-23,US,Arizona,Navajo,6238,238,0,35.3997715,-110.3218983,4017.0,5623.670260719052,3.8153254248156463,6000,6218,236,0,5982,6197,110445,20,2,0,18,21
2020-10-23,US,Arizona,Pima,27297,635,0,32.0971334,-111.7890033,4019.0,2606.468763338137,2.3262629592995565,26662,27208,635,0,26573,27128,1039073,89,0,0,89,80
2020-10-23,US,Arizona,Pinal,11638,217,0,32.90525627,-111.3449483,4021.0,2514.7529435660745,1.8645815432204849,11421,11583,217,0,11366,11538,447138,55,0,0,55,45
2020-10-23,US,Arizona,Santa Cruz,2968,65,0,31.52508998,-110.8479088,4023.0,6383.070239580196,2.1900269541778976,2903,2967,65,0,2902,2961,46511,1,0,0,1,6
2020-10-23,US,Arizona,Unassigned,1,1,0,0.0,0.0,90004.0,0.0,100.0,0,0,1,0,-1,0,,1,0,0,1,0
2020-10-23,US,Arizona,Yavapai,2864,87,0,34.59933926,-112.5538588,4025.0,1218.210200809021,3.0377094972067034,2777,2841,87,0,2754,2814,231993,23,0,0,23,27
2020-10-23,US,Arizona,Yuma,13442,354,0,32.76895712,-113.90666740000002,4027.0,6287.566596659292,2.6335366760898675,13088,13359,353,0,13006,13297,212128,83,1,0,82,62
2020-10-23,US,Arkansas,Arkansas,649,13,0,34.29145151,-91.37277296,5001.0,3711.5406611003086,2.0030816640986133,636,634,12,0,622,619,17769,15,1,0,14,15
2020-10-23,US,Arkansas,Ashley,523,11,0,33.19153461,-91.76984709999999,5003.0,2660.629801088671,2.103250478011472,512,515,11,0,504,507,20046,8,0,0,8,8
2020-10-23,US,Arkansas,Baxter,619,9,0,36.28784385,-92.33782872,5005.0,1476.1995611943146,1.4539579967689822,610,599,7,0,592,588,41619,20,2,0,18,11
2020-10-23,US,Arkansas,Benton,7926,114,0,36.33644656,-94.25680817,5007.0,2839.42523670833,1.4383043149129446,7812,7851,114,0,7737,7757,272608,75,0,0,75,94
2020-10-23,US,Arkansas,Boone,997,30,0,36.3084504,-93.09374925,5009.0,2663.496473605471,3.0090270812437314,967,979,29,0,950,972,37480,18,1,0,17,7
2020-10-23,US,Arkansas,Bradley,367,8,0,33.46755808,-92.15980837,5011.0,3409.8299730558397,2.1798365122615806,359,365,8,0,357,365,10897,2,0,0,2,0
2020-10-23,US,Arkansas,Calhoun,48,0,0,33.55598792,-92.49974403,5013.0,925.0337251878976,0.0,48,47,0,0,47,46,5277,1,0,0,1,1
2020-10-23,US,Arkansas,Carroll,977,13,0,36.34038560000001,-93.54270261,5015.0,3442.565186751233,1.330603889457523,964,970,12,0,958,955,28223,7,1,0,6,15
2020-10-23,US,Arkansas,Chicot,1043,22,0,33.26458973,-91.29539209,5017.0,10308.361336232458,2.109300095877277,1021,1041,22,0,1019,1038,10438,2,0,0,2,3
2020-10-23,US,Arkansas,Clark,484,4,0,34.04613432,-93.17484713,5019.0,2168.4587813620074,0.8264462809917356,480,480,4,0,476,475,22061,4,0,0,4,5
2020-10-23,US,Arkansas,Clay,460,12,0,36.36826212,-90.4148172,5021.0,3161.2947563741322,2.608695652173913,448,452,12,0,440,445,14847,8,0,0,8,7
2020-10-23,US,Arkansas,Cleburne,448,15,0,35.53864922,-92.02640019,5023.0,1797.824952847225,3.3482142857142856,433,442,15,0,427,439,24965,6,0,0,6,3
2020-10-23,US,Arkansas,Cleveland,226,13,0,33.89723187,-92.18537045,5025.0,2840.623428858723,5.7522123893805315,213,213,13,0,200,211,8018,13,0,0,13,2
2020-10-23,US,Arkansas,Columbia,677,19,0,33.21230701,-93.22642793,5027.0,2886.132071449887,2.8064992614475632,658,667,19,0,648,662,23537,10,0,0,10,5
2020-10-23,US,Arkansas,Conway,341,3,0,35.26205537,-92.70506566,5029.0,1635.8054302983785,0.8797653958944281,338,338,3,0,335,334,20891,3,0,0,3,4
2020-10-23,US,Arkansas,Craighead,4321,38,0,35.83018283,-90.63235729,5031.0,3916.3615270275172,0.8794260587826892,4283,4249,38,0,4211,4168,108558,72,0,0,72,81
2020-10-23,US,Arkansas,Crawford,1980,25,0,35.58928601,-94.2446814,5033.0,3130.088369666599,1.2626262626262623,1955,1936,25,0,1911,1920,63406,44,0,0,44,16
2020-10-23,US,Arkansas,Crittenden,2302,51,0,35.21247318,-90.30839406,5035.0,4800.333646126577,2.2154648132059083,2251,2261,51,0,2210,2245,48342,41,0,0,41,16
2020-10-23,US,Arkansas,Cross,562,22,0,35.29631396,-90.77185818,5037.0,3422.863755405323,3.9145907473309607,540,557,22,0,535,554,16676,5,0,0,5,3
2020-10-23,US,Arkansas,Dallas,179,5,0,33.97042763,-92.65167437,5039.0,2553.859323726637,2.793296089385475,174,178,5,0,173,178,7182,1,0,0,1,0
2020-10-23,US,Arkansas,Desha,389,7,0,33.83011025,-91.25500948,5041.0,3423.994366693073,1.7994858611825193,382,386,7,0,379,384,11512,3,0,0,3,2
2020-10-23,US,Arkansas,Drew,420,7,0,33.59035001,-91.71777921,5043.0,2305.285690762391,1.6666666666666667,413,417,7,0,410,412,18328,3,0,0,3,5
2020-10-23,US,Arkansas,Faulkner,3246,30,0,35.14719007,-92.33717519,5045.0,2576.047362448118,0.9242144177449167,3216,3216,30,0,3186,3191,124806,30,0,0,30,25
2020-10-23,US,Arkansas,Franklin,503,2,0,35.51202821,-93.89299569,5047.0,2839.401637030765,0.3976143141153082,501,485,2,0,483,474,17810,18,0,0,18,11
2020-10-23,US,Arkansas,Fulton,304,9,0,36.38177105,-91.81729127,5049.0,2436.4831289572808,2.9605263157894735,295,299,9,0,290,296,12269,5,0,0,5,3
2020-10-23,US,Arkansas,Garland,2401,62,0,34.57692074,-93.14921604,5051.0,2415.833215945908,2.58225739275302,2339,2340,62,0,2278,2302,99154,61,0,0,61,38
2020-10-23,US,Arkansas,Grant,352,4,0,34.29017991,-92.42320562,5053.0,1927.18313714755,1.1363636363636365,348,349,4,0,345,343,18188,3,0,0,3,6
2020-10-23,US,Arkansas,Greene,1385,16,0,36.11735460000001,-90.55832668,5055.0,3055.708769994484,1.1552346570397112,1369,1331,16,0,1315,1311,45325,54,0,0,54,20
2020-10-23,US,Arkansas,Hempstead,530,5,0,33.73325583,-93.66935133,5057.0,2461.452721530745,0.9433962264150944,525,526,5,0,521,517,21741,4,0,0,4,9
2020-10-23,US,Arkansas,Hot Spring,2176,33,0,34.31709259,-92.95396325,5059.0,6443.39818187202,1.5165441176470589,2143,2160,32,0,2128,2123,33701,16,1,0,15,37
2020-10-23,US,Arkansas,Howard,564,14,0,34.09007427,-93.9934871,5061.0,4272.079987880624,2.482269503546099,550,556,14,0,542,546,13341,8,0,0,8,10
2020-10-23,US,Arkansas,Independence,1440,44,0,35.74242707,-91.57001641,5063.0,3807.0059484467934,3.055555555555556,1396,1427,42,0,1385,1408,37678,13,2,0,11,19
2020-10-23,US,Arkansas,Izard,552,1,0,36.09604046,-91.90847954,5065.0,4050.1871010345585,0.18115942028985507,551,550,1,0,549,547,13593,2,0,0,2,3
2020-10-23,US,Arkansas,Jackson,667,6,0,35.59802983,-91.21494602,5067.0,3989.473054608529,0.8995502248875562,661,658,6,0,652,652,16811,9,0,0,9,6
2020-10-23,US,Arkansas,Jefferson,4090,102,0,34.26767081,-91.92619839,5069.0,6120.555489045853,2.493887530562348,3988,4064,101,0,3963,4039,68114,26,1,0,25,25
2020-10-23,US,Arkansas,Johnson,992,7,0,35.56759135,-93.46036368,5071.0,3732.4102641282257,0.7056451612903226,985,976,7,0,969,962,26742,16,0,0,16,14
2020-10-23,US,Arkansas,Lafayette,163,3,0,33.24116713,-93.60677071,5073.0,2460.748792270532,1.8404907975460123,160,159,3,0,156,155,6682,4,0,0,4,4
2020-10-23,US,Arkansas,Lawrence,782,17,0,36.04188196,-91.10867198,5075.0,4766.5488236011215,2.1739130434782608,765,766,17,0,749,758,16434,16,0,0,16,8
2020-10-23,US,Arkansas,Lee,1105,18,0,34.78498904,-90.78383866,5077.0,12476.007677543186,1.6289592760180995,1087,1102,18,0,1084,1102,8985,3,0,0,3,0
2020-10-23,US,Arkansas,Lincoln,2300,17,0,33.95317155,-91.74002806,5079.0,17659.705159705158,0.7391304347826086,2283,2290,17,0,2273,2224,13383,10,0,0,10,66
2020-10-23,US,Arkansas,Little River,436,38,0,33.70375665,-94.23468591,5081.0,3556.570682763684,8.715596330275227,398,432,38,0,394,426,12326,4,0,0,4,6
2020-10-23,US,Arkansas,Logan,578,3,0,35.21413234,-93.71951016,5083.0,2692.630205907016,0.5190311418685121,575,567,3,0,564,562,21737,11,0,0,11,5
2020-10-23,US,Arkansas,Lonoke,1642,25,0,34.75392199,-91.88742357,5085.0,2239.8341267784313,1.5225334957369059,1617,1622,26,0,1596,1594,73657,20,-1,0,21,28
2020-10-23,US,Arkansas,Madison,421,6,0,36.01038185,-93.72524943,5087.0,2539.8166023166023,1.4251781472684086,415,418,6,0,412,417,16481,3,0,0,3,1
2020-10-23,US,Arkansas,Marion,143,2,0,36.26844485,-92.68451899,5089.0,856.5951838984067,1.3986013986013983,141,141,2,0,139,138,16722,2,0,0,2,3
2020-10-23,US,Arkansas,Miller,1332,15,0,33.31403423,-93.89285258,5091.0,3079.2704071017406,1.1261261261261262,1317,1271,15,0,1256,1235,43592,61,0,0,61,36
2020-10-23,US,Arkansas,Mississippi,2174,66,0,35.76271485,-90.05194370000002,5093.0,5347.961919755971,3.0358785648574056,2108,2144,66,0,2078,2128,41239,30,0,0,30,16
2020-10-23,US,Arkansas,Monroe,206,1,0,34.6815935,-91.20540287,5095.0,3074.168034621698,0.4854368932038835,205,206,1,0,205,201,6900,0,0,0,0,5
2020-10-23,US,Arkansas,Montgomery,182,8,0,34.53704874,-93.65824478,5097.0,2025.3728021366571,4.395604395604397,174,181,8,0,173,181,8924,1,0,0,1,0
2020-10-23,US,Arkansas,Nevada,290,14,0,33.66340119,-93.30632432,5099.0,3514.2995637421227,4.827586206896552,276,286,14,0,272,283,8326,4,0,0,4,3
2020-10-23,US,Arkansas,Newton,293,20,0,35.91947491,-93.21612969,5101.0,3779.182252031472,6.825938566552901,273,292,20,0,272,290,7805,1,0,0,1,2
2020-10-23,US,Arkansas,Ouachita,359,9,0,33.58839816,-92.87795984,5103.0,1535.369087332136,2.5069637883008355,350,351,9,0,342,346,23606,8,0,0,8,5
2020-10-23,US,Arkansas,Perry,135,0,0,34.945915299999996,-92.94372564,5105.0,1291.248206599713,0.0,135,132,0,0,132,130,10352,3,0,0,3,2
2020-10-23,US,Arkansas,Phillips,718,16,0,34.43268455,-90.84800154,5107.0,4037.7910246316496,2.2284122562674096,702,710,16,0,694,699,18029,8,0,0,8,11
2020-10-23,US,Arkansas,Pike,262,1,0,34.16250414,-93.65789349,5109.0,2444.4859115506624,0.3816793893129771,261,260,1,0,259,258,10673,2,0,0,2,2
2020-10-23,US,Arkansas,Poinsett,996,18,0,35.57433534,-90.66268713,5111.0,4233.253995239715,1.8072289156626504,978,983,17,0,966,965,23974,13,1,0,12,18
2020-10-23,US,Arkansas,Polk,346,5,0,34.48254879,-94.22728802,5113.0,1733.1196153075534,1.4450867052023122,341,342,5,0,337,341,20049,4,0,0,4,1
2020-10-23,US,Arkansas,Pope,2660,37,0,35.44871474,-93.03212219,5115.0,4151.579473092771,1.3909774436090223,2623,2645,37,0,2608,2616,64000,15,0,0,15,29
2020-10-23,US,Arkansas,Prairie,202,4,0,34.83624419,-91.55162157,5117.0,2505.581741503349,1.98019801980198,198,200,4,0,196,195,8074,2,0,0,2,5
2020-10-23,US,Arkansas,Pulaski,11601,201,0,34.77054088,-92.31355101,5119.0,2960.1108414920727,1.7326092578226016,11400,11485,200,0,11285,11355,392680,116,1,0,115,130
2020-10-23,US,Arkansas,Randolph,626,24,0,36.3415714,-91.02455531,5121.0,3485.911571444481,3.8338658146964857,602,621,24,0,597,607,17948,5,0,0,5,14
2020-10-23,US,Arkansas,Saline,2741,29,0,34.64916145,-92.67583224,5125.0,2238.7023530468728,1.0580080262677856,2712,2693,29,0,2664,2669,121421,48,0,0,48,24
2020-10-23,US,Arkansas,Scott,197,1,0,34.85588887,-94.0632176,5127.0,1916.156015951756,0.5076142131979695,196,185,1,0,184,158,10319,12,0,0,12,27
2020-10-23,US,Arkansas,Searcy,196,1,0,35.9109364,-92.69936482,5129.0,2486.994036289811,0.5102040816326531,195,183,1,0,182,179,7958,13,0,0,13,4
2020-10-23,US,Arkansas,Sebastian,4704,90,0,35.19605503,-94.27162713,5131.0,3679.973714473468,1.913265306122449,4614,4666,90,0,4576,4632,127753,38,0,0,38,34
2020-10-23,US,Arkansas,Sevier,1311,16,0,33.99780401,-94.2424869,5133.0,7708.590580349268,1.2204424103737606,1295,1301,16,0,1285,1291,17139,10,0,0,10,10
2020-10-23,US,Arkansas,Sharp,333,10,0,36.16258158,-91.47819342,5135.0,1909.1847265221882,3.003003003003003,323,324,10,0,314,317,17366,9,0,0,9,7
2020-10-23,US,Arkansas,St. Francis,1682,10,0,35.02201976,-90.74828138,5123.0,6729.61510762583,0.5945303210463734,1672,1678,10,0,1668,1668,25439,4,0,0,4,10
2020-10-23,US,Arkansas,Stone,394,21,0,35.86251946,-92.15684085,5137.0,3150.487765872381,5.3299492385786795,373,392,21,0,371,390,12457,2,0,0,2,2
2020-10-23,US,Arkansas,Unassigned,2142,0,0,0.0,0.0,90005.0,0.0,0.0,2142,2060,0,0,2060,1999,,82,0,0,82,61
2020-10-23,US,Arkansas,Union,1107,49,0,33.16887091,-92.59746952,5139.0,2861.796184271754,4.426377597109305,1058,1100,49,0,1051,1089,39126,7,0,0,7,11
2020-10-23,US,Arkansas,Van Buren,205,3,0,35.58095779,-92.51295036,5141.0,1239.04502870958,1.4634146341463414,202,204,3,0,201,201,16603,1,0,0,1,3
2020-10-23,US,Arkansas,Washington,11188,146,0,35.976844,-94.21800746,5143.0,4677.511737678051,1.3049696102967463,11042,11099,146,0,10953,11042,236961,89,0,0,89,57
2020-10-23,US,Arkansas,White,1407,32,0,35.25688493,-91.74908296,5145.0,1786.5986057673992,2.274342572850036,1375,1362,32,0,1330,1347,78727,45,0,0,45,15
2020-10-23,US,Arkansas,Woodruff,103,0,0,35.18902527,-91.2439489,5147.0,1629.746835443038,0.0,103,101,0,0,101,96,6490,2,0,0,2,5
2020-10-23,US,Arkansas,Yell,1333,30,0,35.00292371,-93.41171338,5149.0,6246.192774471673,2.250562640660165,1303,1330,30,0,1300,1327,21535,3,0,0,3,3
2020-10-23,US,California,Alameda,23133,456,0,37.64629437,-121.8929271,6001.0,1384.1080960122156,1.9712099597976915,22677,23001,456,0,22545,22932,1666753,132,0,0,132,69
2020-10-23,US,California,Alpine,3,0,0,38.59678594,-119.82235940000001,6003.0,265.72187776793623,0.0,3,3,0,0,3,3,1101,0,0,0,0,0
2020-10-23,US,California,Amador,317,16,0,38.44583082,-120.65696000000001,6005.0,797.4441537532703,5.047318611987381,301,313,16,0,297,313,39383,4,0,0,4,0
2020-10-23,US,California,Butte,3046,52,0,39.66727762,-121.6005252,6007.0,1389.6872975463766,1.707156927117531,2994,3041,51,0,2990,3026,231256,5,1,0,4,15
2020-10-23,US,California,Calaveras,339,17,0,38.20537103,-120.55291299999999,6009.0,738.4816468794249,5.014749262536873,322,339,17,0,322,339,45602,0,0,0,0,0
2020-10-23,US,California,Colusa,549,6,0,39.17881957,-122.2331726,6011.0,2547.918503736019,1.0928961748633879,543,549,6,0,543,548,21627,0,0,0,0,1
2020-10-23,US,California,Contra Costa,18413,240,0,37.91923498,-121.9289527,6013.0,1596.2362356808605,1.3034269266279261,18173,18342,240,0,18102,18273,1150215,71,0,0,71,69
2020-10-23,US,California,Del Norte,178,1,0,41.74228275,-123.89740630000001,6015.0,640.0115058248239,0.5617977528089888,177,175,1,0,174,175,27828,3,0,0,3,0
2020-10-23,US,California,El Dorado,1308,4,0,38.77965956,-120.5233166,6017.0,678.2719621661142,0.3058103975535168,1304,1306,4,0,1302,1302,190678,2,0,0,2,4
2020-10-23,US,California,Fresno,30471,436,0,36.75733899,-119.6466953,6019.0,3049.841807785199,1.4308686948245872,30035,30328,430,0,29898,30220,994400,143,6,0,137,108
2020-10-23,US,California,Glenn,652,3,0,39.59875897,-122.3938452,6021.0,2296.340647342655,0.4601226993865031,649,649,3,0,646,647,28047,3,0,0,3,2
2020-10-23,US,California,Humboldt,561,9,0,40.69923009,-123.876044,6023.0,413.8449962377728,1.60427807486631,552,561,9,0,552,560,136373,0,0,0,0,1
2020-10-23,US,California,Imperial,12700,336,0,33.0393082,-115.36690420000001,6025.0,7008.249868940209,2.645669291338583,12364,12668,336,0,12332,12610,181827,32,0,0,32,58
2020-10-23,US,California,Inyo,227,15,0,36.51112084,-117.41119779999998,6027.0,1258.3846111203504,6.607929515418503,212,220,15,0,205,218,17987,7,0,0,7,2
2020-10-23,US,California,Kern,33669,416,0,35.34329425,-118.72777959999999,6029.0,3740.160541745075,1.235557931628501,33253,33630,415,0,33215,33551,896764,39,1,0,38,79
2020-10-23,US,California,Kings,8201,83,0,36.07409056,-119.8159973,6031.0,5362.233555642736,1.012071698573345,8118,8186,83,0,8103,8173,151366,15,0,0,15,13
2020-10-23,US,California,Lake,679,15,0,39.10124298,-122.75362439999999,6033.0,1054.5770819743423,2.2091310751104567,664,678,15,0,663,678,64382,1,0,0,1,0
2020-10-23,US,California,Lassen,764,1,0,40.67311306,-120.59350990000002,6035.0,2498.936970529552,0.13089005235602094,763,764,1,0,763,761,30802,0,0,0,0,3
2020-10-23,US,California,Los Angeles,296821,6974,0,34.30828379,-118.22824109999999,6037.0,2956.647438860847,2.3495642154699303,289847,294065,6956,0,287109,290486,10105518,2756,18,0,2738,3579
2020-10-23,US,California,Madera,4981,74,0,37.21513971,-119.76655890000002,6039.0,3166.0172761191657,1.485645452720337,4907,4945,74,0,4871,4928,157672,36,0,0,36,17
2020-10-23,US,California,Marin,7045,128,0,38.07122463,-122.72106310000001,6041.0,2721.9058363533804,1.816891412349184,6917,7038,128,0,6910,7036,259666,7,0,0,7,2
2020-10-23,US,California,Mariposa,78,2,0,37.57978556,-119.9073334,6043.0,453.4092890774865,2.5641025641025643,76,78,2,0,76,78,17471,0,0,0,0,0
2020-10-23,US,California,Mendocino,1121,21,0,39.4381191,-123.39113130000001,6045.0,1292.2339162411095,1.8733273862622657,1100,1118,21,0,1097,1111,87606,3,0,0,3,7
2020-10-23,US,California,Merced,9439,154,0,37.18922369,-120.72090349999999,6047.0,3399.236531259003,1.6315287636402156,9285,9415,154,0,9261,9386,274765,24,0,0,24,29
2020-10-23,US,California,Modoc,29,0,0,41.58965602,-120.7244817,6049.0,328.01719262526865,0.0,29,28,0,0,28,27,8777,1,0,0,1,1
2020-10-23,US,California,Mono,176,2,0,37.93899289,-118.8872409,6051.0,1218.499030739407,1.1363636363636365,174,176,2,0,174,175,14250,0,0,0,0,1
2020-10-23,US,California,Monterey,11284,87,0,36.21862405,-121.24133970000001,6053.0,2599.6346135681392,0.7710031903580291,11197,11225,86,0,11139,11158,435594,59,1,0,58,67
2020-10-23,US,California,Napa,1928,15,0,38.50735751,-122.33283899999999,6055.0,1399.6979904750842,0.7780082987551867,1913,1918,15,0,1903,1908,139417,10,0,0,10,10
2020-10-23,US,California,Nevada,603,8,0,39.30394768,-120.76272809999999,6057.0,604.4809783970727,1.326699834162521,595,601,8,0,593,598,99696,2,0,0,2,3
2020-10-23,US,California,Orange,58010,1440,0,33.70147516,-117.76459979999998,6059.0,1826.6884823843122,2.482330632649543,56570,57848,1434,0,56414,57635,3185968,162,6,0,156,213
2020-10-23,US,California,Placer,4088,57,0,39.06167234,-120.72405690000001,6061.0,1026.2873152594966,1.3943248532289627,4031,4052,57,0,3995,4023,393149,36,0,0,36,29
2020-10-23,US,California,Plumas,63,0,0,40.00355989,-120.8395236,6063.0,334.98165576646994,0.0,63,63,0,0,63,61,18804,0,0,0,0,2
2020-10-23,US,California,Riverside,65757,1279,0,33.74314981,-115.9933578,6065.0,2661.638358484319,1.9450400717794305,64478,65386,1279,0,64107,65056,2450758,371,0,0,371,330
2020-10-23,US,California,Sacramento,25094,482,0,38.45106826,-121.34253740000001,6067.0,1616.8210208639111,1.9207778751892883,24612,24957,480,0,24477,24811,1540975,137,2,0,135,146
2020-10-23,US,California,San Benito,1432,15,0,36.60308176,-121.069975,6069.0,2279.964335753408,1.047486033519553,1417,1419,15,0,1404,1411,61537,13,0,0,13,8
2020-10-23,US,California,San Bernardino,61726,1070,0,34.84060306,-116.1774685,6071.0,2831.357492941789,1.733467258529631,60656,61550,1070,0,60480,60945,2171603,176,0,0,176,605
2020-10-23,US,California,San Diego,53928,867,0,33.03484597,-116.73653259999999,6073.0,1615.4184876869574,1.6076991544281265,53061,53498,866,0,52632,53263,3343364,430,1,0,429,235
2020-10-23,US,California,San Francisco,12032,140,0,37.75215114,-122.43856720000001,6075.0,1364.8702454429647,1.1635638297872342,11892,12000,138,0,11862,11969,883305,32,2,0,30,31
2020-10-23,US,California,San Joaquin,21528,488,0,37.93433732,-121.2730061,6077.0,2824.6482310522365,2.2668153102935706,21040,21473,488,0,20985,21436,752660,55,0,0,55,37
2020-10-23,US,California,San Luis Obispo,4121,32,0,35.38822029,-120.4039028,6079.0,1455.6128161745746,0.7765105556903664,4089,4092,32,0,4060,4080,284010,29,0,0,29,12
2020-10-23,US,California,San Mateo,11002,159,0,37.422880799999994,-122.32755459999998,6081.0,1435.2188245607401,1.4451917833121248,10843,10961,157,0,10804,10918,769545,41,2,0,39,43
2020-10-23,US,California,Santa Barbara,9715,120,0,34.65329488,-120.0188492,6083.0,2175.8167431506004,1.2352032938754502,9595,9688,119,0,9569,9671,446527,27,1,0,26,17
2020-10-23,US,California,Santa Clara,23881,388,0,37.23104908,-121.6970462,6085.0,1238.7361685440585,1.6247225828064151,23493,23679,385,0,23294,23591,1937570,202,3,0,199,88
2020-10-23,US,California,Santa Cruz,2753,25,0,37.05580291,-122.0066524,6087.0,1007.6387287574164,0.9081002542680712,2728,2744,25,0,2719,2725,274255,9,0,0,9,19
2020-10-23,US,California,Shasta,1839,30,0,40.76391419,-122.0396884,6089.0,1021.2127943136383,1.6313213703099512,1809,1839,30,0,1809,1786,180040,0,0,0,0,53
2020-10-23,US,California,Sierra,6,0,0,39.57713498,-120.52007009999998,6091.0,199.6672212978369,0.0,6,6,0,0,6,6,2987,0,0,0,0,0
2020-10-23,US,California,Siskiyou,188,0,0,41.59198861,-122.54074340000001,6093.0,431.7967798984818,0.0,188,187,0,0,187,186,43724,1,0,0,1,1
2020-10-23,US,California,Solano,7286,74,0,38.26827353,-121.9357113,6095.0,1627.63630839754,1.0156464452374416,7212,7249,74,0,7175,7205,446610,37,0,0,37,44
2020-10-23,US,California,Sonoma,9163,134,0,38.52746429,-122.88625060000001,6097.0,1853.597553081305,1.4624031430754119,9029,9099,134,0,8965,9016,499942,64,0,0,64,83
2020-10-23,US,California,Stanislaus,17509,396,0,37.55862499,-120.9970722,6099.0,3179.6389786801287,2.261693985950082,17113,17455,395,0,17060,17403,549815,54,1,0,53,52
2020-10-23,US,California,Sutter,1837,12,0,39.03417539,-121.6945899,6101.0,1894.3807942580768,0.65323897659227,1825,1830,12,0,1818,1821,96807,7,0,0,7,9
2020-10-23,US,California,Tehama,852,8,0,40.12570935,-122.23701709999999,6103.0,1309.0774998463526,0.9389671361502347,844,824,8,0,816,793,63916,28,0,0,28,31
2020-10-23,US,California,Trinity,26,0,0,40.64917670000001,-123.114713,6105.0,211.64021164021165,0.0,26,25,0,0,25,25,12535,1,0,0,1,0
2020-10-23,US,California,Tulare,17425,284,0,36.22026558,-118.8020203,6107.0,3737.706324606656,1.629842180774749,17141,17365,282,0,17083,17317,465861,60,2,0,58,48
2020-10-23,US,California,Tuolumne,262,4,0,38.02644018,-119.95250929999999,6109.0,480.9280810602445,1.5267175572519085,258,258,4,0,254,257,54539,4,0,0,4,1
2020-10-23,US,California,Ventura,14124,162,0,34.44465746,-119.09106129999999,6111.0,1669.4917057325836,1.146983857264231,13962,14050,160,0,13890,13930,850967,74,2,0,72,120
2020-10-23,US,California,Yolo,3144,58,0,38.68278902,-121.90182879999999,6113.0,1425.8503401360545,1.8447837150127224,3086,3119,58,0,3061,3099,220408,25,0,0,25,20
2020-10-23,US,California,Yuba,1293,10,0,39.26255932,-121.35356440000001,6115.0,1643.6162098947477,0.7733952049497294,1283,1288,10,0,1278,1280,78041,5,0,0,5,8
2020-10-23,US,Colorado,Adams,12818,253,0,39.87432092,-104.3362578,8001.0,2477.286387680438,1.9737868622249959,12565,12677,249,0,12428,12408,511868,141,4,0,137,269
2020-10-23,US,Colorado,Alamosa,294,9,0,37.57250606,-105.7885451,8003.0,1811.1254851228973,3.0612244897959178,285,292,9,0,283,292,16683,2,0,0,2,0
2020-10-23,US,Colorado,Arapahoe,11766,378,0,39.64977461,-104.3353617,8005.0,1791.9858663701852,3.212646608873024,11388,11661,377,0,11284,11529,651215,105,1,0,104,132
2020-10-23,US,Colorado,Archuleta,63,0,0,37.19474156,-107.04768670000001,8007.0,449.0697840188182,0.0,63,61,0,0,61,61,13765,2,0,0,2,0
2020-10-23,US,Colorado,Baca,29,0,0,37.31940883,-102.5603223,8009.0,809.8296565205251,0.0,29,27,0,0,27,25,3585,2,0,0,2,2
2020-10-23,US,Colorado,Bent,14,0,0,37.95474293,-103.0720195,8011.0,251.03102026178948,0.0,14,13,0,0,13,12,5882,1,0,0,1,1
2020-10-23,US,Colorado,Boulder,5254,85,0,40.09313619,-105.3546767,8013.0,1610.6880525818833,1.6178149980966885,5169,5198,84,0,5114,5141,326078,56,1,0,55,57
2020-10-23,US,Colorado,Broomfield,879,41,0,39.95998787,-105.0566324,8014.0,1247.427801035975,4.6643913538111486,838,862,41,0,821,846,69267,17,0,0,17,16
2020-10-23,US,Colorado,Chaffee,381,20,0,38.74745778,-106.19265729999998,8015.0,1871.6840243662805,5.2493438320209975,361,375,20,0,355,374,20027,6,0,0,6,1
2020-10-23,US,Colorado,Cheyenne,15,0,0,38.82777431,-102.6032558,8017.0,819.2244675040961,0.0,15,14,0,0,14,14,1876,1,0,0,1,0
2020-10-23,US,Colorado,Clear Creek,65,1,0,39.68864463,-105.6463118,8019.0,670.1030927835053,1.5384615384615383,64,64,1,0,63,63,9605,1,0,0,1,1
2020-10-23,US,Colorado,Conejos,65,0,0,37.201606,-106.19174879999998,8021.0,792.1998781230957,0.0,65,62,0,0,62,61,8200,3,0,0,3,1
2020-10-23,US,Colorado,Costilla,36,1,0,37.27732493,-105.4276548,8023.0,926.164136866478,2.7777777777777777,35,35,1,0,34,35,3828,1,0,0,1,0
2020-10-23,US,Colorado,Crowley,85,1,0,38.32608609,-103.7844965,8025.0,1402.4088434251773,1.1764705882352942,84,83,1,0,82,83,5858,2,0,0,2,0
2020-10-23,US,Colorado,Custer,19,0,0,38.10883162,-105.3683478,8027.0,374.9013417521705,0.0,19,19,0,0,19,19,4954,0,0,0,0,0
2020-10-23,US,Colorado,Delta,200,3,0,38.86246243,-107.86313419999999,8029.0,641.8073294397022,1.5,197,198,4,0,194,196,30953,2,-1,0,3,2
2020-10-23,US,Colorado,Denver,16812,446,0,39.76018276,-104.87256950000001,8031.0,2311.8462179477483,2.6528669997620753,16366,16592,444,0,16148,16386,716492,220,2,0,218,206
2020-10-23,US,Colorado,Dolores,3,0,0,37.75208676,-108.5211585,8033.0,145.98540145985402,0.0,3,3,0,0,3,3,2074,0,0,0,0,0
2020-10-23,US,Colorado,Douglas,3519,64,0,39.33133796,-104.930001,8035.0,1002.1244240418733,1.8186984938903097,3455,3472,64,0,3408,3434,342776,47,0,0,47,38
2020-10-23,US,Colorado,Eagle,1399,10,0,39.62754308,-106.6933637,8037.0,2537.776407205181,0.7147962830593281,1389,1379,10,0,1369,1366,54993,20,0,0,20,13
2020-10-23,US,Colorado,El Paso,9349,194,0,38.83240149,-104.5251411,8041.0,1297.7458450339602,2.075088244732057,9155,9172,194,0,8978,9003,713856,177,0,0,177,169
2020-10-23,US,Colorado,Elbert,193,3,0,39.28656773,-104.13587209999999,8039.0,722.0621796550563,1.5544041450777202,190,191,3,0,188,190,26282,2,0,0,2,1
2020-10-23,US,Colorado,Fremont,611,1,0,38.47362326,-105.43996670000001,8043.0,1277.2006103806516,0.16366612111292966,610,602,1,0,601,549,48021,9,0,0,9,53
2020-10-23,US,Colorado,Garfield,1118,5,0,39.59921777,-107.902708,8045.0,1861.4408684504087,0.4472271914132379,1113,1107,5,0,1102,1087,59770,11,0,0,11,20
2020-10-23,US,Colorado,Gilpin,29,0,0,39.85646523,-105.5252597,8047.0,464.5202626942176,0.0,29,27,0,0,27,26,6121,2,0,0,2,1
2020-10-23,US,Colorado,Grand,142,1,0,40.10603347,-106.11780420000001,8049.0,902.5041311808824,0.7042253521126759,141,142,1,0,141,141,15525,0,0,0,0,1
2020-10-23,US,Colorado,Gunnison,305,7,0,38.66611652,-107.0320729,8051.0,1746.6498682854199,2.295081967213114,298,305,7,0,298,304,17246,0,0,0,0,1
2020-10-23,US,Colorado,Hinsdale,3,0,0,37.82247444,-107.3004345,8053.0,365.8536585365854,0.0,3,3,0,0,3,3,811,0,0,0,0,0
2020-10-23,US,Colorado,Huerfano,29,2,0,37.68473101,-104.9612585,8055.0,420.47266927649696,6.896551724137932,27,29,2,0,27,29,6889,0,0,0,0,0
2020-10-23,US,Colorado,Jackson,9,0,0,40.66593870000001,-106.3408905,8057.0,646.5517241379309,0.0,9,9,0,0,9,9,1399,0,0,0,0,0
2020-10-23,US,Colorado,Jefferson,7721,305,0,39.58635604,-105.2517692,8059.0,1324.6271537415014,3.9502655096490087,7416,7599,301,0,7298,7492,580233,122,4,0,118,107
2020-10-23,US,Colorado,Kiowa,3,0,0,38.43260896,-102.7392145,8061.0,213.3712660028449,0.0,3,3,0,0,3,3,1383,0,0,0,0,0
2020-10-23,US,Colorado,Kit Carson,122,3,0,39.30497777,-102.60221990000001,8063.0,1719.0362124841486,2.459016393442623,119,114,3,0,111,109,7163,8,0,0,8,5
2020-10-23,US,Colorado,La Plata,341,2,0,37.28632032,-107.8429014,8067.0,606.5349246722755,0.5865102639296188,339,331,2,0,329,331,56310,10,0,0,10,0
2020-10-23,US,Colorado,Lake,124,0,0,39.20278823,-106.35556969999999,8065.0,1525.7782699643165,0.0,124,122,0,0,122,122,7824,2,0,0,2,0
2020-10-23,US,Colorado,Larimer,3801,55,0,40.66671597,-105.4625784,8069.0,1065.0071869072203,1.446987634832939,3746,3718,55,0,3663,3640,350518,83,0,0,83,78
2020-10-23,US,Colorado,Las Animas,66,1,0,37.3153406,-104.03764579999999,8071.0,454.9841444919343,1.5151515151515151,65,65,1,0,64,65,14503,1,0,0,1,0
2020-10-23,US,Colorado,Lincoln,24,0,0,38.98749519,-103.51366490000001,8073.0,420.97877565339417,0.0,24,24,0,0,24,24,5610,0,0,0,0,0
2020-10-23,US,Colorado,Logan,1149,11,0,40.7249637,-103.110817,8075.0,5127.404167968227,0.9573542210617928,1138,1129,10,0,1119,1118,21528,20,1,0,19,11
2020-10-23,US,Colorado,Mesa,1209,9,0,39.01787888,-108.469799,8077.0,783.9958498151871,0.7444168734491315,1200,1117,8,0,1109,1091,153207,92,1,0,91,26
2020-10-23,US,Colorado,Mineral,21,0,0,37.66954283,-106.92816979999999,8079.0,2730.8192457737327,0.0,21,21,0,0,21,21,776,0,0,0,0,0
2020-10-23,US,Colorado,Moffat,58,1,0,40.61810999,-108.2070876,8081.0,436.6483475118572,1.7241379310344829,57,56,1,0,55,56,13188,2,0,0,2,0
2020-10-23,US,Colorado,Montezuma,189,5,0,37.33859579,-108.59588570000001,8083.0,721.8424168353513,2.6455026455026456,184,187,5,0,182,185,26158,2,0,0,2,2
2020-10-23,US,Colorado,Montrose,441,13,0,38.40214114,-108.26390220000002,8085.0,1031.385939473315,2.947845804988662,428,431,13,0,418,428,42214,10,0,0,10,3
2020-10-23,US,Colorado,Morgan,835,48,0,40.26279810000001,-103.8093302,8087.0,2872.5746525388745,5.748502994011977,787,829,48,0,781,827,28558,6,0,0,6,2
2020-10-23,US,Colorado,Otero,123,6,0,37.9014485,-103.7173385,8089.0,672.9401466243571,4.878048780487805,117,122,6,0,116,119,18432,1,0,0,1,3
2020-10-23,US,Colorado,Ouray,36,2,0,38.14717457,-107.7675136,8091.0,726.9789983844911,5.5555555555555545,34,34,2,0,32,34,4833,2,0,0,2,0
2020-10-23,US,Colorado,Park,91,1,0,39.120926000000004,-105.7182065,8093.0,482.8867073494296,1.0989010989010992,90,88,1,0,87,85,18556,3,0,0,3,3
2020-10-23,US,Colorado,Phillips,44,0,0,40.59414277,-102.3577703,8095.0,1031.6529894490036,0.0,44,42,0,0,42,40,4286,2,0,0,2,2
2020-10-23,US,Colorado,Pitkin,271,2,0,39.21720112,-106.9310027,8097.0,1525.2997129509765,0.7380073800738007,269,271,2,0,269,261,17950,0,0,0,0,10
2020-10-23,US,Colorado,Prowers,158,0,0,37.95544985,-102.3926052,8099.0,1298.061123890897,0.0,158,138,0,0,138,137,12164,20,0,0,20,1
2020-10-23,US,Colorado,Pueblo,1762,40,0,38.17359144,-104.5127437,8101.0,1046.1691920391393,2.2701475595913734,1722,1725,40,0,1685,1697,167529,37,0,0,37,28
2020-10-23,US,Colorado,Rio Blanco,27,0,0,39.97913541,-108.2179009,8103.0,426.9449715370019,0.0,27,27,0,0,27,26,6336,0,0,0,0,1
2020-10-23,US,Colorado,Rio Grande,116,3,0,37.5836865,-106.3847838,8105.0,1029.5553385994497,2.586206896551724,113,115,3,0,112,115,11250,1,0,0,1,0
2020-10-23,US,Colorado,Routt,200,8,0,40.48596505,-106.9905548,8107.0,780.0920508620018,4.0,192,197,8,0,189,196,25733,3,0,0,3,1
2020-10-23,US,Colorado,Saguache,130,2,0,38.08054629,-106.28246599999999,8109.0,1905.041031652989,1.5384615384615383,128,128,2,0,126,124,6843,2,0,0,2,4
2020-10-23,US,Colorado,San Juan,7,0,0,37.76248981,-107.67632890000002,8111.0,961.5384615384617,0.0,7,7,0,0,7,7,762,0,0,0,0,0
2020-10-23,US,Colorado,San Miguel,100,0,0,38.00450883,-108.4020725,8113.0,1222.643354933366,0.0,100,100,0,0,100,100,8191,0,0,0,0,0
2020-10-23,US,Colorado,Sedgwick,38,1,0,40.87595412,-102.3519227,8115.0,1690.3914590747333,2.631578947368421,37,38,1,0,37,34,2303,0,0,0,0,4
2020-10-23,US,Colorado,Summit,636,4,0,39.63803232,-106.1150762,8117.0,2050.8851697784658,0.6289308176100629,632,620,4,0,616,604,31007,16,0,0,16,16
2020-10-23,US,Colorado,Teller,205,4,0,38.88133511,-105.16148929999999,8119.0,807.4680951630693,1.951219512195122,201,201,4,0,197,200,25083,4,0,0,4,1
2020-10-23,US,Colorado,Washington,85,0,0,39.97015535,-103.202587,8121.0,1731.8663406682967,0.0,85,83,0,0,83,82,4909,2,0,0,2,1
2020-10-23,US,Colorado,Weld,5708,159,0,40.55499405,-104.39296209999999,8123.0,1759.0572340766491,2.785564120532586,5549,5639,159,0,5480,5563,314305,69,0,0,69,76
2020-10-23,US,Colorado,Yuma,204,1,0,40.00346839,-102.4258673,8125.0,2036.1313504341751,0.4901960784313725,203,204,1,0,203,201,10020,0,0,0,0,3
2020-10-23,US,Connecticut,Fairfield,22322,1430,0,41.26809896,-73.3881171,9001.0,2366.29309723406,6.406236000358391,20892,22088,1429,0,20659,21898,943823,234,1,0,233,190
2020-10-23,US,Connecticut,Hartford,17062,1464,0,41.80283011,-72.73103891,9003.0,1913.3808818911768,8.580471222599929,15598,16911,1459,0,15452,16795,892697,151,5,0,146,116
2020-10-23,US,Connecticut,Litchfield,2116,143,0,41.7937534,-73.2451475,9005.0,1173.3847936872342,6.758034026465029,1973,2086,143,0,1943,2064,181111,30,0,0,30,22
2020-10-23,US,Connecticut,Middlesex,1873,196,0,41.45949668,-72.53714864,9007.0,1153.0695166096186,10.464495461825948,1677,1853,196,0,1657,1838,162682,20,0,0,20,15
2020-10-23,US,Connecticut,New Haven,16073,1123,0,41.408032500000004,-72.93620426,9009.0,1880.4174753760424,6.986872394699185,14950,15952,1122,0,14830,15876,857620,121,1,0,120,76
2020-10-23,US,Connecticut,New London,3456,136,0,41.48896435,-72.10430976,9011.0,1303.1379380557,3.935185185185185,3320,3386,135,0,3251,3329,266784,70,1,0,69,57
2020-10-23,US,Connecticut,Tolland,1689,68,0,41.85853803,-72.3308481,9013.0,1120.613584039384,4.026050917702784,1621,1655,68,0,1587,1638,150921,34,0,0,34,17
2020-10-23,US,Connecticut,Unassigned,137,0,0,0.0,0.0,90009.0,0.0,0.0,137,137,0,0,137,153,,0,0,0,0,-16
2020-10-23,US,Connecticut,Windham,1324,17,0,41.82972709,-71.98182316,9015.0,1133.7363634806736,1.2839879154078548,1307,1305,17,0,1288,1280,117027,19,0,0,19,25
2020-10-23,US,Delaware,Kent,3394,120,0,39.08646628,-75.56884914,10001.0,1877.35776000354,3.535651149086624,3274,3376,119,0,3257,3364,178550,18,1,0,17,12
2020-10-23,US,Delaware,New Castle,12491,339,0,39.57992638,-75.64054974,10003.0,2235.5137243111,2.7139540469137784,12152,12401,335,0,12066,12311,559335,90,4,0,86,90
2020-10-23,US,Delaware,Sussex,7711,219,0,38.66143781,-75.39031349,10005.0,3292.133632191269,2.84009856049799,7492,7660,216,0,7444,7609,229286,51,3,0,48,51
2020-10-23,US,Delaware,Unassigned,91,0,0,0.0,0.0,90010.0,0.0,0.0,91,91,0,0,91,91,,0,0,0,0,0
2020-10-23,US,District of Columbia,District of Columbia,16609,642,0,38.90417773,-77.01655992,11001.0,2353.386260554389,3.865374194713709,15967,16537,642,0,15895,16498,702455,72,0,0,72,39
2020-10-23,US,Florida,Alachua,9895,74,0,29.67866525,-82.35928158,12001.0,3677.850752481945,0.7478524507326932,9821,9807,74,0,9733,9616,269956,88,0,0,88,191
2020-10-23,US,Florida,Baker,1740,19,0,30.33060121,-82.28467476,12003.0,5956.864087641219,1.091954022988506,1721,1723,18,0,1705,1709,28355,17,1,0,16,14
2020-10-23,US,Florida,Bay,6620,132,0,30.26548745,-85.62122584,12005.0,3789.2447268252204,1.9939577039274925,6488,6579,132,0,6447,6512,185287,41,0,0,41,67
2020-10-23,US,Florida,Bradford,1214,15,0,29.95079741,-82.16611613,12007.0,4304.811886103329,1.2355848434925865,1199,1214,15,0,1199,1207,27732,0,0,0,0,7
2020-10-23,US,Florida,Brevard,10849,367,0,28.29409504,-80.73091022,12009.0,1802.333115150629,3.382800258088303,10482,10747,352,0,10395,10596,596849,102,15,0,87,151
2020-10-23,US,Florida,Broward,82706,1519,0,26.15184651,-80.48725556,12011.0,4235.299660278844,1.836626121442217,81187,82250,1519,0,80731,81704,1951260,456,0,0,456,546
2020-10-23,US,Florida,Calhoun,700,14,0,30.40666734,-85.19394153,12013.0,4962.779156327542,2.0,686,697,14,0,683,681,14587,3,0,0,3,16
2020-10-23,US,Florida,Charlotte,3463,157,0,26.90131002,-81.92949121,12015.0,1833.1480599227145,4.533641351429396,3306,3440,156,0,3284,3404,184998,23,1,0,22,36
2020-10-23,US,Florida,Citrus,3124,130,0,28.84804315,-82.47614748,12017.0,2087.439946009876,4.161331626120359,2994,3091,130,0,2961,3070,147929,33,0,0,33,21
2020-10-23,US,Florida,Clay,5899,117,0,29.98319144,-81.85609986,12019.0,2690.511375038768,1.9833870147482624,5782,5868,117,0,5751,5813,216072,31,0,0,31,55
2020-10-23,US,Florida,Collier,13927,251,0,26.11091986,-81.34687065,12021.0,3618.323625234476,1.802254613340992,13676,13864,249,0,13615,13762,378488,63,2,0,61,102
2020-10-23,US,Florida,Columbia,4175,71,0,30.22509788,-82.62160164,12023.0,5824.0102669977405,1.7005988023952097,4104,4158,71,0,4087,4136,70503,17,0,0,17,22
2020-10-23,US,Florida,DeSoto,1644,29,0,27.18677893,-81.80941373,12027.0,4326.201942054157,1.7639902676399026,1615,1641,29,0,1612,1636,37489,3,0,0,3,5
2020-10-23,US,Florida,Dixie,880,11,0,29.60631086,-83.15724673,12029.0,5230.001188636634,1.25,869,879,11,0,868,872,16700,1,0,0,1,7
2020-10-23,US,Florida,Duval,33946,512,0,30.33225875,-81.66976468,12031.0,3544.330230591331,1.5082778530607437,33434,33676,512,0,33164,33260,950181,270,0,0,270,416
2020-10-23,US,Florida,Escambia,13194,269,0,30.67652764,-87.37284571,12033.0,4144.93773482954,2.0388055176595423,12925,13130,269,0,12861,13060,315534,64,0,0,64,70
2020-10-23,US,Florida,Flagler,2052,37,0,29.45933576,-81.31508595,12035.0,1783.0919091770145,1.8031189083820665,2015,2035,37,0,1998,1998,112067,17,0,0,17,37
2020-10-23,US,Florida,Franklin,742,4,0,29.83791238,-84.82731662,12037.0,6119.587628865979,0.5390835579514824,738,737,4,0,733,722,11736,5,0,0,5,15
2020-10-23,US,Florida,Gadsden,3038,54,0,30.57796289,-84.61915825,12039.0,6653.526062198861,1.7774851876234363,2984,3038,54,0,2984,3034,45894,0,0,0,0,4
2020-10-23,US,Florida,Gilchrist,600,18,0,29.72856978,-82.79880657,12041.0,3228.931223764933,3.0,582,600,18,0,582,591,18256,0,0,0,0,9
2020-10-23,US,Florida,Glades,593,6,0,26.95635849,-81.18996211,12043.0,4293.678951560351,1.011804384485666,587,593,6,0,587,591,13724,0,0,0,0,2
2020-10-23,US,Florida,Gulf,933,15,0,29.93543004,-85.24270990000002,12045.0,6840.6774690226575,1.6077170418006432,918,931,15,0,916,928,16164,2,0,0,2,3
2020-10-23,US,Florida,Hamilton,899,9,0,30.49673973,-82.94998918,12047.0,6230.939839201553,1.0011123470522802,890,894,9,0,885,890,14310,5,0,0,5,4
2020-10-23,US,Florida,Hardee,1566,16,0,27.49293939,-81.80956574,12049.0,5813.564984964918,1.0217113665389528,1550,1558,16,0,1542,1547,27245,8,0,0,8,11
2020-10-23,US,Florida,Hendry,2180,43,0,26.55386945,-81.16469006,12051.0,5187.758793013184,1.9724770642201837,2137,2172,43,0,2129,2169,41556,8,0,0,8,3
2020-10-23,US,Florida,Hernando,3560,164,0,28.55364461,-82.42700204,12053.0,1835.8085808580856,4.606741573033708,3396,3531,165,0,3366,3493,190865,29,-1,0,30,38
2020-10-23,US,Florida,Highlands,2513,110,0,27.34254618,-81.34071957,12055.0,2365.8222008830644,4.3772383605252685,2403,2499,111,0,2388,2478,105424,14,-1,0,15,21
2020-10-23,US,Florida,Hillsborough,46518,757,0,27.9276559,-82.32013172,12057.0,3160.258918672145,1.6273270561933015,45761,46300,755,0,45545,45948,1436888,218,2,0,216,352
2020-10-23,US,Florida,Holmes,869,12,0,30.86747479,-85.81319222,12059.0,4429.83126879747,1.380897583429229,857,860,12,0,848,851,19477,9,0,0,9,9
2020-10-23,US,Florida,Indian River,3649,122,0,27.69308961,-80.60556721,12061.0,2281.7230792318805,3.3433817484242256,3527,3614,123,0,3491,3583,157413,35,-1,0,36,31
2020-10-23,US,Florida,Jackson,3085,83,0,30.795459700000002,-85.21500423,12063.0,6646.701426293792,2.6904376012965963,3002,3082,83,0,2999,3067,48305,3,0,0,3,15
2020-10-23,US,Florida,Jefferson,650,9,0,30.43669112,-83.89442308,12065.0,4562.684262249052,1.3846153846153846,641,640,9,0,631,633,14288,10,0,0,10,7
2020-10-23,US,Florida,Lafayette,1269,16,0,29.98484137,-83.18166636,12067.0,15067.679886012827,1.2608353033884951,1253,1265,15,0,1250,1265,8732,4,1,0,3,0
2020-10-23,US,Florida,Lake,8387,227,0,28.76202069,-81.7125123,12069.0,2284.551561078454,2.7065696911887445,8160,8336,227,0,8109,8266,356495,51,0,0,51,70
2020-10-23,US,Florida,Lee,22480,505,0,26.58410348,-81.88399313,12071.0,2917.2944429953136,2.24644128113879,21975,22341,500,0,21841,22198,754610,139,5,0,134,143
2020-10-23,US,Florida,Leon,11902,102,0,30.45955727,-84.27491114,12073.0,4054.063260009129,0.8569988237271047,11800,11854,101,0,11753,11770,292502,48,1,0,47,84
2020-10-23,US,Florida,Levy,1114,12,0,29.31829741,-82.74007147,12075.0,2684.1433149410886,1.0771992818671454,1102,1111,12,0,1099,1104,40770,3,0,0,3,7
2020-10-23,US,Florida,Liberty,532,10,0,30.23766008,-84.8829258,12077.0,6368.206847019392,1.8796992481203008,522,530,10,0,520,529,8457,2,0,0,2,1
2020-10-23,US,Florida,Madison,1071,24,0,30.44396917,-83.47398594,12079.0,5791.380522359812,2.2408963585434174,1047,1068,24,0,1044,1067,18529,3,0,0,3,1
2020-10-23,US,Florida,Manatee,12842,324,0,27.47196942,-82.31831044,12081.0,3184.601230493016,2.5229714997663915,12518,12761,324,0,12437,12674,394855,81,0,0,81,87
2020-10-23,US,Florida,Marion,10630,341,0,29.21227113,-82.05803627,12083.0,2907.716252848221,3.207902163687677,10289,10593,342,0,10251,10522,359977,37,-1,0,38,71
2020-10-23,US,Florida,Martin,5243,164,0,27.0772071,-80.43109784,12085.0,3256.521739130435,3.1279801640282283,5079,5227,163,0,5064,5201,160912,16,1,0,15,26
2020-10-23,US,Florida,Miami-Dade,181017,3597,0,25.6112362,-80.55170587,12086.0,6662.532113333383,1.9871061833971395,177420,180497,3585,0,176912,179644,2761581,520,12,0,508,853
2020-10-23,US,Florida,Monroe,2151,25,0,25.20904673,-81.07812416,12087.0,2897.8283127660716,1.1622501162250116,2126,2131,25,0,2106,2101,75027,20,0,0,20,30
2020-10-23,US,Florida,Nassau,2401,50,0,30.61037141,-81.80297522,12089.0,2709.167842031029,2.0824656393169514,2351,2387,50,0,2337,2360,85832,14,0,0,14,27
2020-10-23,US,Florida,Okaloosa,6032,130,0,30.69143028,-86.59267105,12091.0,2862.321935294062,2.155172413793104,5902,5977,129,0,5848,5894,207269,55,1,0,54,83
2020-10-23,US,Florida,Okeechobee,1698,38,0,27.386336199999995,-80.88944347,12093.0,4026.750142287991,2.237926972909305,1660,1695,37,0,1658,1683,41537,3,1,0,2,12
2020-10-23,US,Florida,Orange,44605,537,0,28.51367621,-81.31799498,12095.0,3201.0431647448213,1.2039009079699583,44068,44435,532,0,43903,44112,1380645,170,5,0,165,323
2020-10-23,US,Florida,Osceola,13778,185,0,28.06312234,-81.14882926,12097.0,3666.78997527618,1.3427202787051822,13593,13703,186,0,13517,13628,367990,75,-1,0,76,75
2020-10-23,US,Florida,Palm Beach,49988,1558,0,26.64676272,-80.46536002,12099.0,3339.7248742291736,3.1167480195246857,48430,49759,1549,0,48210,49380,1485941,229,9,0,220,379
2020-10-23,US,Florida,Pasco,10465,227,0,28.30810945,-82.40227529,12101.0,1889.169902535802,2.1691352126134733,10238,10406,227,0,10179,10316,539630,59,0,0,59,90
2020-10-23,US,Florida,Pinellas,24789,815,0,27.93130349,-82.72239666,12103.0,2542.4719691157707,3.2877485981685424,23974,24650,812,0,23838,24422,975280,139,3,0,136,228
2020-10-23,US,Florida,Polk,22332,602,0,27.95027105,-81.69732947,12105.0,3081.223603949905,2.695683324377575,21730,22256,593,0,21663,22061,708009,76,9,0,67,195
2020-10-23,US,Florida,Putnam,2337,50,0,29.60779729,-81.74230285,12107.0,3136.028770413709,2.139495079161318,2287,2323,50,0,2273,2294,74163,14,0,0,14,29
2020-10-23,US,Florida,Santa Rosa,5810,86,0,30.69341450000001,-87.02458128,12113.0,3152.2464503317724,1.4802065404475042,5724,5789,86,0,5703,5756,179349,21,0,0,21,33
2020-10-23,US,Florida,Sarasota,9280,329,0,27.18546175,-82.33174248,12115.0,2139.520728912579,3.5452586206896552,8951,9235,327,0,8908,9156,426718,45,2,0,43,79
2020-10-23,US,Florida,Seminole,9928,235,0,28.7158582,-81.24060348,12117.0,2104.165518644585,2.3670427074939564,9693,9894,236,0,9658,9818,467832,34,-1,0,35,76
2020-10-23,US,Florida,St. Johns,6193,78,0,29.90096506,-81.43589967,12109.0,2339.877282069883,1.2594865170353624,6115,6150,78,0,6072,6084,254261,43,0,0,43,66
2020-10-23,US,Florida,St. Lucie,8798,330,0,27.37763908,-80.47106649,12111.0,2679.8904650362324,3.750852466469652,8468,8753,323,0,8430,8700,321128,45,7,0,38,53
2020-10-23,US,Florida,Sumter,2826,83,0,28.70181754,-82.0794267,12119.0,2134.1187131853194,2.937013446567587,2743,2802,83,0,2719,2784,128754,24,0,0,24,18
2020-10-23,US,Florida,Suwannee,2956,77,0,30.19746066,-82.99099670000003,12121.0,6655.109530134859,2.6048714479025707,2879,2949,78,0,2871,2940,44191,7,-1,0,8,9
2020-10-23,US,Florida,Taylor,1436,16,0,30.04848048,-83.60445406,12123.0,6657.703185126802,1.1142061281337048,1420,1435,16,0,1419,1432,21623,1,0,0,1,3
2020-10-23,US,Florida,Unassigned,1853,0,0,0.0,0.0,90012.0,0.0,0.0,1853,1861,0,0,1861,1912,,-8,0,0,-8,-51
2020-10-23,US,Florida,Union,1111,41,0,30.04412971,-82.37497443,12125.0,7291.461573800617,3.6903690369036894,1070,1106,41,0,1065,1092,14940,5,0,0,5,14
2020-10-23,US,Florida,Volusia,12288,316,0,29.05858895,-81.18263252,12127.0,2220.920901381569,2.571614583333333,11972,12180,315,0,11865,12080,547538,108,1,0,107,100
2020-10-23,US,Florida,Wakulla,1289,11,0,30.16548905,-84.39895211,12129.0,3820.504460713121,0.8533747090768037,1278,1283,10,0,1273,1267,32461,6,1,0,5,16
2020-10-23,US,Florida,Walton,2323,29,0,30.64204028,-86.16935664,12131.0,3136.1801514762865,1.248385708136031,2294,2305,29,0,2276,2276,71375,18,0,0,18,29
2020-10-23,US,Florida,Washington,1203,24,0,30.61359259,-85.66002461,12133.0,4722.6475091273105,1.9950124688279305,1179,1196,24,0,1172,1184,24880,7,0,0,7,12
2020-10-23,US,Georgia,Appling,1156,36,0,31.74847232,-82.28909114,13001.0,6287.392581311868,3.1141868512110733,1120,1147,36,0,1111,1140,18507,9,0,0,9,7
2020-10-23,US,Georgia,Atkinson,477,5,0,31.29633502,-82.87545866,13003.0,5842.008573178199,1.0482180293501049,472,476,5,0,471,475,8297,1,0,0,1,1
2020-10-23,US,Georgia,Bacon,631,16,0,31.55456473,-82.45936528,13005.0,5652.096022930849,2.5356576862123608,615,629,15,0,614,632,11185,2,1,0,1,-3
2020-10-23,US,Georgia,Baker,90,6,0,31.32669878,-84.44218806,13007.0,2962.4753127057274,6.666666666666668,84,89,6,0,83,88,3092,1,0,0,1,1
2020-10-23,US,Georgia,Baldwin,2285,63,0,33.06882326,-83.24701748,13009.0,5090.220539095567,2.7571115973741795,2222,2267,63,0,2204,2260,44823,18,0,0,18,7
2020-10-23,US,Georgia,Banks,549,8,0,34.35607081,-83.49644388,13011.0,2854.3204741603413,1.4571948998178506,541,544,8,0,536,544,18988,5,0,0,5,0
2020-10-23,US,Georgia,Barrow,2548,50,0,33.99148694,-83.71436292,13013.0,3061.028351753964,1.9623233908948197,2498,2528,50,0,2478,2518,80809,20,0,0,20,10
2020-10-23,US,Georgia,Bartow,3511,94,0,34.23732119,-84.83887523,13015.0,3258.8316100168927,2.677299914554258,3417,3484,94,0,3390,3443,106408,27,0,0,27,41
2020-10-23,US,Georgia,Ben Hill,867,34,0,31.76095874,-83.22145359,13017.0,5191.616766467066,3.92156862745098,833,859,34,0,825,851,16787,8,0,0,8,8
2020-10-23,US,Georgia,Berrien,485,12,0,31.27590016,-83.22529920000002,13019.0,2500.386657730577,2.4742268041237114,473,484,12,0,472,482,19252,1,0,0,1,2
2020-10-23,US,Georgia,Bibb,6550,194,0,32.80904227,-83.70489165,13021.0,4276.601440333248,2.9618320610687023,6356,6520,190,0,6330,6499,153095,30,4,0,26,21
2020-10-23,US,Georgia,Bleckley,510,24,0,32.43829035,-83.33035166,13023.0,3961.7804707527375,4.705882352941177,486,503,23,0,480,501,12838,7,1,0,6,2
2020-10-23,US,Georgia,Brantley,421,13,0,31.19576557,-81.97743999,13025.0,2203.1503480035585,3.0878859857482186,408,419,13,0,406,412,18897,2,0,0,2,7
2020-10-23,US,Georgia,Brooks,551,27,0,30.83922642,-83.58303423,13027.0,3564.7279549718573,4.900181488203267,524,549,27,0,522,548,15513,2,0,0,2,1
2020-10-23,US,Georgia,Bryan,1282,14,0,32.00979311,-81.44002948,13029.0,3235.1679410502948,1.0920436817472698,1268,1285,14,0,1271,1283,38109,-3,0,0,-3,2
2020-10-23,US,Georgia,Bulloch,3054,33,0,32.39577406,-81.74811421,13031.0,3836.297859511607,1.080550098231827,3021,3037,33,0,3004,3030,77296,17,0,0,17,7
2020-10-23,US,Georgia,Burke,877,12,0,33.05917989,-81.99928721,13033.0,3918.152169056874,1.3683010262257698,865,873,12,0,861,871,22423,4,0,0,4,2
2020-10-23,US,Georgia,Butts,734,44,0,33.283094500000004,-83.95435040000002,13035.0,2943.53545075393,5.994550408719347,690,728,43,0,685,725,24193,6,1,0,5,3
2020-10-23,US,Georgia,Calhoun,265,9,0,31.53169785,-84.62725131,13037.0,4281.790273065116,3.39622641509434,256,263,9,0,254,262,6352,2,0,0,2,1
2020-10-23,US,Georgia,Camden,1398,18,0,30.92951916,-81.66601818,13039.0,2557.348260344638,1.2875536480686696,1380,1393,17,0,1376,1390,53677,5,1,0,4,3
2020-10-23,US,Georgia,Candler,530,24,0,32.40209349,-82.07702563,13043.0,4906.0446172359525,4.528301886792453,506,529,24,0,505,527,10836,1,0,0,1,2
2020-10-23,US,Georgia,Carroll,3297,75,0,33.58138199,-85.07976677,13045.0,2747.683178878592,2.2747952684258417,3222,3243,75,0,3168,3208,118121,54,0,0,54,35
2020-10-23,US,Georgia,Catoosa,1377,21,0,34.89872298,-85.13757014,13047.0,2037.585084344481,1.5250544662309369,1356,1368,21,0,1347,1361,67420,9,0,0,9,7
2020-10-23,US,Georgia,Charlton,644,10,0,30.78371028,-82.13951596,13049.0,4808.84109916368,1.5527950310559009,634,644,10,0,634,644,12968,0,0,0,0,0
2020-10-23,US,Georgia,Chatham,9280,186,0,32.00043026,-81.12489526,13051.0,3206.3020419445115,2.0043103448275863,9094,9245,186,0,9059,9220,289195,35,0,0,35,25
2020-10-23,US,Georgia,Chattahoochee,1735,1,0,32.34341231,-84.78809239,13053.0,15907.215549647017,0.05763688760806916,1734,1735,1,0,1734,1735,10684,0,0,0,0,0
2020-10-23,US,Georgia,Chattooga,910,29,0,34.47197698,-85.34535662,13055.0,3670.9830973415633,3.1868131868131866,881,902,28,0,874,888,24790,8,1,0,7,14
2020-10-23,US,Georgia,Cherokee,6950,100,0,34.24393976,-84.47431861,13057.0,2685.7516046882793,1.4388489208633093,6850,6881,100,0,6781,6820,254149,69,0,0,69,61
2020-10-23,US,Georgia,Clarke,5656,47,0,33.95436462,-83.37124007,13059.0,4407.352860961109,0.830975954738331,5609,5624,46,0,5578,5596,127330,32,1,0,31,28
2020-10-23,US,Georgia,Clay,124,3,0,31.62221166,-84.97713865,13061.0,4375.441072688779,2.419354838709677,121,124,3,0,121,124,2887,0,0,0,0,0
2020-10-23,US,Georgia,Clayton,8037,175,0,33.54187245,-84.35594188,13063.0,2749.986313369101,2.1774293890755256,7862,7983,175,0,7808,7948,289615,54,0,0,54,35
2020-10-23,US,Georgia,Clinch,437,12,0,30.91395822,-82.70432472,13065.0,6603.203384708371,2.7459954233409607,425,436,12,0,424,432,6648,1,0,0,1,4
2020-10-23,US,Georgia,Cobb,21563,452,0,33.94243204,-84.5761255,13067.0,2836.710557646542,2.096183276909521,21111,21453,449,0,21004,21367,756865,110,3,0,107,86
2020-10-23,US,Georgia,Coffee,2230,60,0,31.54892966,-82.85492059999999,13069.0,5153.328865574376,2.690582959641256,2170,2215,60,0,2155,2200,43093,15,0,0,15,15
2020-10-23,US,Georgia,Colquitt,2101,39,0,31.18810588,-83.7677946,13071.0,4607.456140350877,1.8562589243217515,2062,2097,39,0,2058,2094,45592,4,0,0,4,3
2020-10-23,US,Georgia,Columbia,4283,64,0,33.54534185,-82.263524,13073.0,2733.0040711104307,1.494279710483306,4219,4253,64,0,4189,4226,154291,30,0,0,30,27
2020-10-23,US,Georgia,Cook,581,16,0,31.16068491,-83.42947229,13075.0,3364.215402431963,2.753872633390705,565,578,16,0,562,575,17162,3,0,0,3,3
2020-10-23,US,Georgia,Coweta,2915,63,0,33.35334302,-84.76129976,13077.0,1962.8440027203733,2.1612349914236706,2852,2893,63,0,2830,2881,145864,22,0,0,22,12
2020-10-23,US,Georgia,Crawford,193,6,0,32.71391813,-83.98061238,13079.0,1555.9496936472103,3.1088082901554404,187,191,6,0,185,190,12318,2,0,0,2,1
2020-10-23,US,Georgia,Crisp,637,23,0,31.92289565,-83.76811843,13081.0,2847.3091364205256,3.6106750392464684,614,635,23,0,612,635,22601,2,0,0,2,0
2020-10-23,US,Georgia,Dade,339,5,0,34.854916700000004,-85.50490424,13083.0,2103.499627699181,1.4749262536873156,334,337,5,0,332,335,16226,2,0,0,2,2
2020-10-23,US,Georgia,Dawson,903,11,0,34.44244079,-84.16964071,13085.0,3458.7099739543437,1.2181616832779625,892,900,10,0,890,897,25083,3,1,0,2,3
2020-10-23,US,Georgia,DeKalb,20769,397,0,33.76944049,-84.22396017,13089.0,2735.293304201123,1.9115027204005968,20372,20583,393,0,20190,20482,756558,186,4,0,182,101
2020-10-23,US,Georgia,Decatur,1278,34,0,30.87967778,-84.57619536,13087.0,4840.175730949856,2.660406885758998,1244,1273,34,0,1239,1268,26575,5,0,0,5,5
2020-10-23,US,Georgia,Dodge,583,15,0,32.17265114,-83.16948926,13091.0,2829.4103372967725,2.5728987993138936,568,563,14,0,549,544,20705,20,1,0,19,19
2020-10-23,US,Georgia,Dooly,368,17,0,32.15630737,-83.79746561,13093.0,2748.319641523525,4.619565217391305,351,364,16,0,348,362,13706,4,1,0,3,2
2020-10-23,US,Georgia,Dougherty,3289,191,0,31.53328528,-84.21722377,13095.0,3739.369684842421,5.807236242018851,3098,3282,190,0,3092,3277,91243,7,1,0,6,5
2020-10-23,US,Georgia,Douglas,4039,72,0,33.70291126,-84.77026156,13097.0,2759.9543538126177,1.7826194602624412,3967,4002,72,0,3930,3983,145331,37,0,0,37,19
2020-10-23,US,Georgia,Early,545,35,0,31.32155345,-84.90255207,13099.0,5348.38076545633,6.422018348623853,510,537,35,0,502,535,10247,8,0,0,8,2
2020-10-23,US,Georgia,Echols,244,2,0,30.71101099,-82.89687287,13101.0,6090.863704443335,0.819672131147541,242,244,2,0,242,243,4000,0,0,0,0,1
2020-10-23,US,Georgia,Effingham,1759,27,0,32.36616021,-81.34280942,13103.0,2735.78449670275,1.5349630471859008,1732,1745,27,0,1718,1733,62190,14,0,0,14,12
2020-10-23,US,Georgia,Elbert,761,9,0,34.11302332,-82.83936148,13105.0,3964.780660623112,1.1826544021024967,752,758,9,0,749,754,19120,3,0,0,3,4
2020-10-23,US,Georgia,Emanuel,1187,36,0,32.59221302,-82.30239915,13107.0,5241.543760487503,3.0328559393428813,1151,1176,36,0,1140,1171,22612,11,0,0,11,5
2020-10-23,US,Georgia,Evans,478,7,0,32.15328841,-81.8870105,13109.0,4486.5778111507425,1.4644351464435146,471,475,6,0,469,471,10721,3,1,0,2,4
2020-10-23,US,Georgia,Fannin,805,28,0,34.86430205,-84.316964,13111.0,3073.926989460823,3.4782608695652173,777,802,28,0,774,786,25964,3,0,0,3,16
2020-10-23,US,Georgia,Fayette,2101,56,0,33.41357794,-84.49089434,13113.0,1836.2013965967785,2.665397429795336,2045,2087,56,0,2031,2073,113459,14,0,0,14,14
2020-10-23,US,Georgia,Floyd,3837,58,0,34.26268279,-85.21577392,13115.0,3895.510568742513,1.5115976022934583,3779,3785,57,0,3728,3710,97927,52,1,0,51,75
2020-10-23,US,Georgia,Forsyth,4647,52,0,34.22604035,-84.12315129999998,13117.0,1902.543274978301,1.1190015063481815,4595,4607,52,0,4555,4587,236612,40,0,0,40,20
2020-10-23,US,Georgia,Franklin,887,17,0,34.37525597,-83.23159927,13119.0,3798.877896269648,1.9165727170236757,870,862,17,0,845,856,23023,25,0,0,25,6
2020-10-23,US,Georgia,Fulton,30540,614,0,33.79216944,-84.46319413,13121.0,2870.470713961447,2.0104780615586115,29926,30264,613,0,29651,30141,1050114,276,1,0,275,123
2020-10-23,US,Georgia,Gilmer,1008,23,0,34.69316688,-84.45802506,13123.0,3213.3635117472663,2.281746031746032,985,1004,22,0,982,997,30816,4,1,0,3,7
2020-10-23,US,Georgia,Glascock,48,2,0,33.22879932,-82.61297636,13125.0,1615.6176371592055,4.166666666666667,46,46,2,0,44,43,2995,2,0,0,2,3
2020-10-23,US,Georgia,Glynn,3681,104,0,31.23279254,-81.53811412,13127.0,4315.7623223749015,2.8253192067373,3577,3666,104,0,3562,3650,85219,15,0,0,15,16
2020-10-23,US,Georgia,Gordon,2291,43,0,34.50487351,-84.87296253,13129.0,3952.521436088539,1.8769096464426012,2248,2262,43,0,2219,2235,57685,29,0,0,29,27
2020-10-23,US,Georgia,Grady,849,25,0,30.87454847,-84.23418364,13131.0,3446.596029716234,2.944640753828033,824,846,25,0,821,845,24748,3,0,0,3,1
2020-10-23,US,Georgia,Greene,566,25,0,33.5769205,-83.17139104,13133.0,3088.8452302990613,4.41696113074205,541,561,25,0,536,558,17698,5,0,0,5,3
2020-10-23,US,Georgia,Gwinnett,30109,438,0,33.96044201,-84.02137802,13135.0,3215.914552736983,1.4547145371815735,29671,29959,438,0,29521,29916,927781,150,0,0,150,43
2020-10-23,US,Georgia,Habersham,1861,75,0,34.63331566,-83.53094677,13137.0,4105.630074126368,4.030091348737238,1786,1856,75,0,1781,1840,45388,5,0,0,5,16
2020-10-23,US,Georgia,Hall,10529,173,0,34.32207823,-83.81896936,13139.0,5150.141116507942,1.643081014341343,10356,10485,172,0,10313,10444,202148,44,1,0,43,41
2020-10-23,US,Georgia,Hancock,414,44,0,33.2721566,-82.99766919,13141.0,4895.352962043277,10.628019323671495,370,412,44,0,368,412,8348,2,0,0,2,0
2020-10-23,US,Georgia,Haralson,625,10,0,33.79602175,-85.21005667,13143.0,2097.8786251342644,1.6,615,616,10,0,606,610,29533,9,0,0,9,6
2020-10-23,US,Georgia,Harris,847,25,0,32.73709786,-84.90538572,13145.0,2403.7915767964582,2.9515938606847696,822,847,25,0,822,843,34475,0,0,0,0,4
2020-10-23,US,Georgia,Hart,566,16,0,34.34626973,-82.96567682,13147.0,2159.893150162183,2.826855123674912,550,564,16,0,548,561,26099,2,0,0,2,3
2020-10-23,US,Georgia,Heard,222,6,0,33.29686567,-85.12886832,13149.0,1861.9474964354608,2.702702702702702,216,217,6,0,211,213,11879,5,0,0,5,4
2020-10-23,US,Georgia,Henry,6050,112,0,33.4533428,-84.14814659999998,13151.0,2579.2864116370583,1.851239669421488,5938,5999,111,0,5888,5974,230220,51,1,0,50,25
2020-10-23,US,Georgia,Houston,3544,92,0,32.45802497,-83.66879087,13153.0,2244.984575232955,2.5959367945823932,3452,3514,91,0,3423,3482,155469,30,1,0,29,32
2020-10-23,US,Georgia,Irwin,352,6,0,31.60213036,-83.27501387,13155.0,3738.3177570093458,1.7045454545454546,346,351,6,0,345,350,9398,1,0,0,1,1
2020-10-23,US,Georgia,Jackson,2323,40,0,34.13794553,-83.56814788,13157.0,3183.1947051810844,1.7219113215669393,2283,2307,40,0,2267,2294,70422,16,0,0,16,13
2020-10-23,US,Georgia,Jasper,243,4,0,33.31535543,-83.68844964,13159.0,1708.9809409944446,1.6460905349794241,239,241,4,0,237,241,14040,2,0,0,2,0
2020-10-23,US,Georgia,Jeff Davis,783,23,0,31.80405727,-82.63724870000001,13161.0,5180.284485610321,2.9374201787994894,760,782,23,0,759,777,15029,1,0,0,1,5
2020-10-23,US,Georgia,Jefferson,849,32,0,33.05867328,-82.41609057,13163.0,5526.624137482098,3.7691401648998815,817,844,32,0,812,840,15430,5,0,0,5,4
2020-10-23,US,Georgia,Jenkins,463,32,0,32.79248718,-81.96040187,13165.0,5336.560627017058,6.911447084233261,431,462,32,0,430,462,8683,1,0,0,1,0
2020-10-23,US,Georgia,Johnson,440,22,0,32.70211082,-82.66166794,13167.0,4562.895364513119,5.0,418,439,22,0,417,439,9708,1,0,0,1,0
2020-10-23,US,Georgia,Jones,638,15,0,33.02512137,-83.56019163,13169.0,2220.28884635462,2.3510971786833856,623,635,15,0,620,631,28616,3,0,0,3,4
2020-10-23,US,Georgia,Lamar,403,19,0,33.07841647,-84.14263877,13171.0,2112.4914818891857,4.714640198511166,384,402,19,0,383,403,19000,1,0,0,1,-1
2020-10-23,US,Georgia,Lanier,316,7,0,31.03828570000001,-83.06472457,13173.0,3031.7566919313067,2.2151898734177213,309,316,7,0,309,314,10340,0,0,0,0,2
2020-10-23,US,Georgia,Laurens,1944,86,0,32.46325233,-82.92221316,13175.0,4088.672022883103,4.423868312757202,1858,1939,86,0,1853,1921,47325,5,0,0,5,18
2020-10-23,US,Georgia,Lee,744,27,0,31.779330600000005,-84.14324253,13177.0,2480.661509735929,3.629032258064516,717,743,27,0,716,740,29764,1,0,0,1,3
2020-10-23,US,Georgia,Liberty,1228,25,0,31.82588896,-81.49251135,13179.0,1998.8605843574508,2.035830618892508,1203,1218,25,0,1193,1214,61497,10,0,0,10,4
2020-10-23,US,Georgia,Lincoln,231,7,0,33.79201475,-82.45024131,13181.0,2916.298447165762,3.0303030303030303,224,228,7,0,221,227,7915,3,0,0,3,1
2020-10-23,US,Georgia,Long,274,4,0,31.75218791,-81.74952375,13183.0,1400.8896160335394,1.45985401459854,270,273,4,0,269,272,18998,1,0,0,1,1
2020-10-23,US,Georgia,Lowndes,4399,85,0,30.83568832,-83.27056716,13185.0,3746.8272490332693,1.9322573312116391,4314,4382,85,0,4297,4357,116321,17,0,0,17,25
2020-10-23,US,Georgia,Lumpkin,1035,15,0,34.57286511,-84.00425681,13187.0,3079.440642665873,1.4492753623188406,1020,1028,14,0,1014,1022,32955,7,1,0,6,6
2020-10-23,US,Georgia,Macon,248,10,0,32.35207048,-84.04234127,13193.0,1915.501660616359,4.032258064516129,238,246,10,0,236,245,13143,2,0,0,2,1
2020-10-23,US,Georgia,Madison,771,11,0,34.12920917,-83.21218732,13195.0,2580.3212851405624,1.4267185473411157,760,769,11,0,758,766,29650,2,0,0,2,3
2020-10-23,US,Georgia,Marion,196,9,0,32.3483402,-84.52733571,13197.0,2344.778083502811,4.591836734693878,187,196,9,0,187,196,8351,0,0,0,0,0
2020-10-23,US,Georgia,McDuffie,673,15,0,33.47851918,-82.48252774,13189.0,3157.845345345345,2.2288261515601784,658,669,15,0,654,667,21531,4,0,0,4,2
2020-10-23,US,Georgia,McIntosh,303,7,0,31.49683595,-81.40163426,13191.0,2107.3862846014745,2.31023102310231,296,303,7,0,296,302,14340,0,0,0,0,1
2020-10-23,US,Georgia,Meriwether,585,16,0,33.04163534,-84.68859732,13199.0,2763.736004157415,2.7350427350427347,569,582,16,0,566,580,21068,3,0,0,3,2
2020-10-23,US,Georgia,Miller,306,2,0,31.16568912,-84.73151117,13201.0,5351.521511017839,0.6535947712418301,304,302,2,0,300,299,5686,4,0,0,4,3
2020-10-23,US,Georgia,Mitchell,848,45,0,31.22483255,-84.19381821,13205.0,3878.699172117276,5.306603773584905,803,846,45,0,801,845,22192,2,0,0,2,1
2020-10-23,US,Georgia,Monroe,749,53,0,33.014289,-83.92097166,13207.0,2715.9329900645444,7.076101468624832,696,747,53,0,694,749,27520,2,0,0,2,-2
2020-10-23,US,Georgia,Montgomery,368,9,0,32.17201038,-82.53527476,13209.0,4012.211077191452,2.4456521739130435,359,364,9,0,355,363,9193,4,0,0,4,1
2020-10-23,US,Georgia,Morgan,521,6,0,33.59232073,-83.49129491,13211.0,2702.8429134675243,1.151631477927063,515,519,5,0,514,516,18853,2,1,0,1,3
2020-10-23,US,Georgia,Murray,1005,9,0,34.78897608,-84.74993177,13213.0,2506.48443735036,0.8955223880597015,996,996,9,0,987,974,39921,9,0,0,9,22
2020-10-23,US,Georgia,Muscogee,6313,173,0,32.50931999,-84.87142262,13215.0,3224.718928941763,2.740376999841597,6140,6304,173,0,6131,6297,194160,9,0,0,9,7
2020-10-23,US,Georgia,Newton,2829,95,0,33.55514538,-83.84547140000002,13217.0,2531.679553264605,3.3580770590314595,2734,2815,94,0,2721,2803,109541,14,1,0,13,12
2020-10-23,US,Georgia,Oconee,851,29,0,33.83749973,-83.43679568,13219.0,2112.7110228401198,3.4077555816686247,822,843,27,0,816,838,39272,8,2,0,6,5
2020-10-23,US,Georgia,Oglethorpe,404,11,0,33.878629600000004,-83.08278123,13221.0,2647.617799331542,2.722772277227723,393,398,11,0,387,394,15054,6,0,0,6,4
2020-10-23,US,Georgia,Out of GA,14280,182,0,0.0,0.0,80013.0,0.0,1.2745098039215683,14098,14219,182,0,14037,14141,,61,0,0,61,78
2020-10-23,US,Georgia,Paulding,3091,60,0,33.91969522,-84.86848792,13223.0,1832.605073903016,1.9411193788417989,3031,3065,60,0,3005,3050,164044,26,0,0,26,15
2020-10-23,US,Georgia,Peach,758,25,0,32.56934316,-83.82937,13225.0,2751.7606912074352,3.298153034300792,733,749,24,0,725,744,27297,9,1,0,8,5
2020-10-23,US,Georgia,Pickens,735,10,0,34.46589159,-84.46406611,13227.0,2255.223834801019,1.3605442176870748,725,727,10,0,717,720,31980,8,0,0,8,7
2020-10-23,US,Georgia,Pierce,661,24,0,31.35928155,-82.21598442,13229.0,3395.8386848189057,3.630862329803328,637,655,24,0,631,651,19389,6,0,0,6,4
2020-10-23,US,Georgia,Pike,381,12,0,33.09310242,-84.38790389,13231.0,2009.2817213374121,3.1496062992125986,369,380,12,0,368,377,18634,1,0,0,1,3
2020-10-23,US,Georgia,Polk,1688,27,0,34.00267074,-85.18677781,13233.0,3961.232487738484,1.599526066350711,1661,1683,26,0,1657,1649,42470,5,1,0,4,34
2020-10-23,US,Georgia,Pulaski,332,23,0,32.23334561,-83.47549959999998,13235.0,2981.054143844841,6.927710843373494,309,330,23,0,307,329,11069,2,0,0,2,1
2020-10-23,US,Georgia,Putnam,784,27,0,33.32056115,-83.37552891,13237.0,3544.464035444641,3.4438775510204085,757,777,27,0,750,776,21809,7,0,0,7,1
2020-10-23,US,Georgia,Quitman,38,1,0,31.86728114,-85.01773177,13239.0,1652.892561983471,2.631578947368421,37,38,1,0,37,38,2279,0,0,0,0,0
2020-10-23,US,Georgia,Rabun,420,11,0,34.88389445,-83.40304637,13241.0,2450.837369434557,2.619047619047619,409,417,11,0,406,417,16867,3,0,0,3,0
2020-10-23,US,Georgia,Randolph,338,29,0,31.76622818,-84.75732369,13243.0,4986.721746827973,8.579881656804734,309,338,29,0,309,338,6833,0,0,0,0,0
2020-10-23,US,Georgia,Richmond,7845,175,0,33.35777107,-82.07026432,13245.0,3873.729742541404,2.2307202039515617,7670,7816,175,0,7641,7776,201554,29,0,0,29,40
2020-10-23,US,Georgia,Rockdale,2073,40,0,33.65145002,-84.02202167,13247.0,2280.6284104911106,1.929570670525808,2033,2049,40,0,2009,2044,90594,24,0,0,24,5
2020-10-23,US,Georgia,Schley,109,2,0,32.2654021,-84.31258912,13249.0,2073.4259083127263,1.834862385321101,107,109,2,0,107,109,5236,0,0,0,0,0
2020-10-23,US,Georgia,Screven,447,11,0,32.74976524,-81.60779441,13251.0,3200.630101675498,2.460850111856823,436,446,11,0,435,445,13938,1,0,0,1,1
2020-10-23,US,Georgia,Seminole,390,11,0,30.93464824,-84.86823924,13253.0,4820.766378244746,2.8205128205128207,379,386,11,0,375,384,8315,4,0,0,4,2
2020-10-23,US,Georgia,Spalding,1549,62,0,33.26310031,-84.28013991,13255.0,2322.2343822616667,4.002582311168496,1487,1532,62,0,1470,1513,66100,17,0,0,17,19
2020-10-23,US,Georgia,Stephens,1262,41,0,34.55151201,-83.29405315,13257.0,4867.888138862102,3.248811410459588,1221,1258,41,0,1217,1255,26035,4,0,0,4,3
2020-10-23,US,Georgia,Stewart,534,16,0,32.07996777,-84.83208037,13259.0,8065.246941549615,2.9962546816479403,518,534,16,0,518,534,6199,0,0,0,0,0
2020-10-23,US,Georgia,Sumter,959,69,0,32.03650571,-84.19821492,13261.0,3248.2048502912885,7.194994786235663,890,959,69,0,890,958,29733,0,0,0,0,1
2020-10-23,US,Georgia,Talbot,173,7,0,32.69642758,-84.53351366,13263.0,2792.574656981437,4.0462427745664735,166,170,7,0,163,169,6272,3,0,0,3,1
2020-10-23,US,Georgia,Taliaferro,25,0,0,33.56543317,-82.88136816,13265.0,1626.545217957059,0.0,25,25,0,0,25,25,1608,0,0,0,0,0
2020-10-23,US,Georgia,Tattnall,915,13,0,32.04785085,-82.05539188,13267.0,3618.603179625089,1.4207650273224044,902,914,13,0,901,910,25391,1,0,0,1,4
2020-10-23,US,Georgia,Taylor,226,12,0,32.55792548,-84.25077141,13269.0,2817.955112219451,5.3097345132743365,214,226,12,0,214,225,8039,0,0,0,0,1
2020-10-23,US,Georgia,Telfair,444,24,0,31.92829517,-82.93491155,13271.0,2799.495586380833,5.405405405405406,420,435,23,0,412,431,15876,9,1,0,8,4
2020-10-23,US,Georgia,Terrell,340,32,0,31.77527543,-84.44069698,13273.0,3985.464775524557,9.411764705882351,308,338,32,0,306,338,8611,2,0,0,2,0
2020-10-23,US,Georgia,Thomas,1586,69,0,30.86392347,-83.91847289,13275.0,3567.973723875729,4.3505674653215625,1517,1582,69,0,1513,1579,44448,4,0,0,4,3
2020-10-23,US,Georgia,Tift,1931,63,0,31.45743864,-83.5236119,13277.0,4751.008758980415,3.262558259968928,1868,1924,63,0,1861,1920,40571,7,0,0,7,4
2020-10-23,US,Georgia,Toombs,1468,57,0,32.12059861,-82.32957247,13279.0,5471.487141259784,3.88283378746594,1411,1463,57,0,1406,1455,26887,5,0,0,5,8
2020-10-23,US,Georgia,Towns,422,12,0,34.91369188,-83.74107459999998,13281.0,3505.8569410982805,2.8436018957345968,410,418,12,0,406,413,11852,4,0,0,4,5
2020-10-23,US,Georgia,Treutlen,301,11,0,32.40422134,-82.56904553,13283.0,4361.686712070715,3.6544850498338866,290,292,11,0,281,295,6809,9,0,0,9,-3
2020-10-23,US,Georgia,Troup,3008,106,0,33.03349196,-85.02812115,13285.0,4301.936443465576,3.523936170212766,2902,2995,106,0,2889,2987,70034,13,0,0,13,8
2020-10-23,US,Georgia,Turner,332,24,0,31.71612656,-83.62069378,13287.0,4157.795867251096,7.2289156626506035,308,332,24,0,308,332,7912,0,0,0,0,0
2020-10-23,US,Georgia,Twiggs,215,9,0,32.67435595,-83.43078662,13289.0,2647.783251231527,4.186046511627906,206,214,9,0,205,211,8188,1,0,0,1,3
2020-10-23,US,Georgia,Unassigned,1947,5,0,0.0,0.0,90013.0,0.0,0.25680534155110424,1942,1971,7,0,1964,1906,,-24,-2,0,-22,65
2020-10-23,US,Georgia,Union,875,25,0,34.82995757,-83.98967069,13291.0,3569.8257925013263,2.8571428571428568,850,871,25,0,846,863,24001,4,0,0,4,8
2020-10-23,US,Georgia,Upson,830,69,0,32.87920671,-84.30024826,13293.0,3153.495440729483,8.313253012048191,761,829,69,0,760,829,26215,1,0,0,1,0
2020-10-23,US,Georgia,Walker,1826,43,0,34.73376362,-85.30165174,13295.0,2617.508349937644,2.354874041621029,1783,1801,43,0,1758,1795,69410,25,0,0,25,6
2020-10-23,US,Georgia,Walton,2271,67,0,33.78017694,-83.73552314,13297.0,2400.81189940059,2.9502421840598854,2204,2218,66,0,2152,2143,93503,53,1,0,52,75
2020-10-23,US,Georgia,Ware,1722,62,0,31.05449097,-82.42224148,13299.0,4818.939945150277,3.6004645760743323,1660,1720,62,0,1658,1717,35680,2,0,0,2,3
2020-10-23,US,Georgia,Warren,163,5,0,33.41146451,-82.67795848,13301.0,3102.398172820708,3.0674846625766867,158,163,5,0,158,163,5251,0,0,0,0,0
2020-10-23,US,Georgia,Washington,749,13,0,32.96711864,-82.79357039,13303.0,3676.254049278493,1.7356475300400531,736,742,13,0,729,737,20386,7,0,0,7,5
2020-10-23,US,Georgia,Wayne,1215,32,0,31.5521809,-81.91894878,13305.0,4059.8790389948877,2.633744855967078,1183,1209,30,0,1179,1205,29808,6,2,0,4,4
2020-10-23,US,Georgia,Webster,43,2,0,32.04066113,-84.54742852,13307.0,1649.4054468738013,4.651162790697675,41,44,2,0,42,44,2611,-1,0,0,-1,0
2020-10-23,US,Georgia,Wheeler,363,16,0,32.12009104,-82.72574721,13309.0,4621.2603437301095,4.40771349862259,347,359,16,0,343,356,7879,4,0,0,4,3
2020-10-23,US,Georgia,White,994,23,0,34.64624278,-83.74905525,13311.0,3227.4823040457172,2.3138832997987926,971,993,23,0,970,991,29970,1,0,0,1,2
2020-10-23,US,Georgia,Whitfield,5268,64,0,34.80987459,-84.96093476,13313.0,5034.981075811446,1.2148823082763858,5204,5228,64,0,5164,5175,104062,40,0,0,40,53
2020-10-23,US,Georgia,Wilcox,251,25,0,31.97496928,-83.43438555,13315.0,2906.774753908512,9.9601593625498,226,251,25,0,226,251,8812,0,0,0,0,0
2020-10-23,US,Georgia,Wilkes,289,6,0,33.78290391,-82.74286107,13317.0,2955.916947939041,2.0761245674740483,283,283,6,0,277,282,9876,6,0,0,6,1
2020-10-23,US,Georgia,Wilkinson,364,17,0,32.80291082,-83.17140684,13319.0,4065.222247040429,4.670329670329671,347,361,17,0,344,360,9036,3,0,0,3,1
2020-10-23,US,Georgia,Worth,604,32,0,31.55162306,-83.85090513,13321.0,2983.1579987158593,5.298013245033113,572,602,32,0,570,601,20299,2,0,0,2,1
2020-10-23,US,Hawaii,Hawaii,1154,28,0,19.60121157,-155.5210167,15001.0,572.6677683325643,2.4263431542461005,1126,1120,28,0,1092,1091,200983,34,0,0,34,29
2020-10-23,US,Hawaii,Honolulu,12734,162,0,21.45803166,-157.97121819999995,15003.0,1306.6369234210615,1.2721847023716035,12572,12669,159,0,12510,12617,980080,65,3,0,62,52
2020-10-23,US,Hawaii,Kauai,60,0,0,22.03935037,-159.5966786,15007.0,82.99558740126983,0.0,60,60,0,0,60,60,72133,0,0,0,0,0
2020-10-23,US,Hawaii,Maui,464,18,0,20.86399628,-156.56890969999995,15009.0,277.15226052312494,3.8793103448275854,446,435,18,0,417,417,167207,29,0,0,29,18
2020-10-23,US,Hawaii,Out of HI,52,1,0,0.0,0.0,80015.0,0.0,1.9230769230769231,51,51,1,0,50,48,,1,0,0,1,3
2020-10-23,US,Idaho,Ada,15885,160,0,43.4526575,-116.24155159999998,16001.0,3298.469435429113,1.0072395341517155,15725,15746,160,0,15586,15496,469966,139,0,0,139,250
2020-10-23,US,Idaho,Adams,39,2,0,44.89333571,-116.4545247,16003.0,908.2440614811363,5.128205128205129,37,32,2,0,30,32,4250,7,0,0,7,0
2020-10-23,US,Idaho,Bannock,2204,10,0,42.67002716,-112.2233311,16005.0,2510.021865889213,0.4537205081669691,2194,2117,10,0,2107,2056,87138,87,0,0,87,61
2020-10-23,US,Idaho,Bear Lake,67,1,0,42.28269683,-111.32892379999998,16007.0,1093.8775510204084,1.492537313432836,66,66,1,0,65,64,6050,1,0,0,1,2
2020-10-23,US,Idaho,Benewah,169,3,0,47.21754179,-116.6586851,16009.0,1817.5951817595185,1.7751479289940828,166,168,3,0,165,167,9226,1,0,0,1,1
2020-10-23,US,Idaho,Bingham,1512,17,0,43.21672879999999,-112.3978437,16011.0,3230.0100403751253,1.1243386243386244,1495,1481,15,0,1466,1443,46236,31,2,0,29,38
2020-10-23,US,Idaho,Blaine,854,7,0,43.4085812,-113.9752658,16013.0,3709.656400677642,0.819672131147541,847,844,6,0,838,842,22601,10,1,0,9,2
2020-10-23,US,Idaho,Boise,75,2,0,43.98829931,-115.7309284,16015.0,957.7320904099092,2.6666666666666665,73,75,2,0,73,75,7634,0,0,0,0,0
2020-10-23,US,Idaho,Bonner,460,1,0,48.29996017,-116.6017932,16017.0,1005.7062900369486,0.21739130434782608,459,454,1,0,453,450,44727,6,0,0,6,4
2020-10-23,US,Idaho,Bonneville,4210,27,0,43.38713372,-111.6161537,16019.0,3535.972854479179,0.6413301662707839,4183,4130,25,0,4105,4068,116854,80,2,0,78,62
2020-10-23,US,Idaho,Boundary,126,1,0,48.76684761,-116.4630179,16021.0,1028.9914250714578,0.7936507936507936,125,121,1,0,120,115,11948,5,0,0,5,6
2020-10-23,US,Idaho,Butte,92,0,0,43.72592209,-113.1735463,16023.0,3542.5490951097413,0.0,92,86,0,0,86,86,2611,6,0,0,6,0
2020-10-23,US,Idaho,Camas,40,0,0,43.46665742,-114.8065892,16025.0,3616.6365280289333,0.0,40,40,0,0,40,39,1127,0,0,0,0,1
2020-10-23,US,Idaho,Canyon,9644,108,0,43.61970148,-116.70954990000001,16027.0,4195.7981109337,1.1198672749896308,9536,9536,108,0,9428,9438,223499,108,0,0,108,98
2020-10-23,US,Idaho,Caribou,249,4,0,42.77149116,-111.5597683,16029.0,3480.083857442348,1.606425702811245,245,246,4,0,242,227,7060,3,0,0,3,19
2020-10-23,US,Idaho,Cassia,1276,8,0,42.28347888,-113.6012409,16031.0,5310.029130253849,0.6269592476489029,1268,1242,8,0,1234,1221,23864,34,0,0,34,21
2020-10-23,US,Idaho,Clark,40,0,0,44.28496071,-112.35057040000001,16033.0,4733.727810650888,0.0,40,40,0,0,40,40,852,0,0,0,0,0
2020-10-23,US,Idaho,Clearwater,132,0,0,46.67459924,-115.6622393,16035.0,1507.537688442211,0.0,132,130,0,0,130,128,8758,2,0,0,2,2
2020-10-23,US,Idaho,Custer,93,1,0,44.24186819,-114.2855494,16037.0,2155.2723059096174,1.075268817204301,92,93,1,0,92,93,4280,0,0,0,0,0
2020-10-23,US,Idaho,Elmore,501,4,0,43.3507101,-115.4701578,16039.0,1821.0897459198136,0.7984031936127745,497,490,4,0,486,477,27259,11,0,0,11,13
2020-10-23,US,Idaho,Franklin,329,1,0,42.18332217,-111.81496659999999,16041.0,2371.0002882675117,0.30395136778115506,328,322,1,0,321,309,13726,7,0,0,7,13
2020-10-23,US,Idaho,Fremont,437,3,0,44.22800938,-111.48099429999999,16043.0,3336.132529200703,0.6864988558352403,434,389,3,0,386,381,13168,48,0,0,48,8
2020-10-23,US,Idaho,Gem,412,6,0,44.06482372,-116.398376,16045.0,2274.734982332156,1.4563106796116505,406,408,6,0,402,401,17634,4,0,0,4,7
2020-10-23,US,Idaho,Gooding,515,6,0,42.96927962,-114.81083059999999,16047.0,3392.845378483431,1.1650485436893203,509,501,5,0,496,485,15196,14,1,0,13,16
2020-10-23,US,Idaho,Idaho,337,1,0,45.84721541,-115.4634436,16049.0,2021.9595608087839,0.2967359050445104,336,323,1,0,322,311,16513,14,0,0,14,12
2020-10-23,US,Idaho,Jefferson,911,3,0,43.82078483,-112.3131749,16051.0,3049.780723778916,0.32930845225027444,908,895,3,0,892,878,29439,16,0,0,16,17
2020-10-23,US,Idaho,Jerome,1034,8,0,42.68891267,-114.2655033,16053.0,4235.621825331804,0.7736943907156673,1026,1021,7,0,1014,1006,24015,13,1,0,12,15
2020-10-23,US,Idaho,Kootenai,3801,48,0,47.67282258,-116.7020872,16055.0,2293.9461788686576,1.2628255722178374,3753,3677,48,0,3629,3629,161505,124,0,0,124,48
2020-10-23,US,Idaho,Latah,886,0,0,46.81587887,-116.71136979999999,16057.0,2209.035603869552,0.0,886,862,0,0,862,847,40134,24,0,0,24,15
2020-10-23,US,Idaho,Lemhi,203,0,0,44.9438088,-113.9309747,16059.0,2528.964743989037,0.0,203,196,0,0,196,194,7961,7,0,0,7,2
2020-10-23,US,Idaho,Lewis,75,3,0,46.23315327,-116.434146,16061.0,1954.1427826993229,4.0,72,73,3,0,70,71,3861,2,0,0,2,2
2020-10-23,US,Idaho,Lincoln,154,0,0,43.0012336,-114.1358773,16063.0,2869.9217294073796,0.0,154,150,0,0,150,143,5360,4,0,0,4,7
2020-10-23,US,Idaho,Madison,2328,3,0,43.78141028,-111.65384740000002,16065.0,5833.563034054176,0.12886597938144329,2325,2236,2,0,2234,2205,39304,92,1,0,91,31
2020-10-23,US,Idaho,Minidoka,1126,8,0,42.85518524,-113.6357257,16067.0,5351.965397594943,0.7104795737122558,1118,1113,8,0,1105,1103,20825,13,0,0,13,10
2020-10-23,US,Idaho,Nez Perce,757,24,0,46.32638236,-116.75009750000001,16069.0,1873.391407642051,3.170409511228533,733,725,24,0,701,690,40408,32,0,0,32,35
2020-10-23,US,Idaho,Oneida,44,0,0,42.19494279999999,-112.5407838,16071.0,971.0880600308984,0.0,44,38,0,0,38,37,4488,6,0,0,6,1
2020-10-23,US,Idaho,Owyhee,384,5,0,42.58016894,-116.16938710000001,16073.0,3247.906622684598,1.3020833333333333,379,380,5,0,375,378,11693,4,0,0,4,2
2020-10-23,US,Idaho,Payette,1104,10,0,44.00545243,-116.7647695,16075.0,4609.410880547785,0.9057971014492754,1094,1098,10,0,1088,1089,23551,6,0,0,6,9
2020-10-23,US,Idaho,Power,355,2,0,42.69254894,-112.83957420000002,16077.0,4621.794037234735,0.5633802816901409,353,353,2,0,351,342,7768,2,0,0,2,11
2020-10-23,US,Idaho,Shoshone,253,20,0,47.35364087,-115.89167490000001,16079.0,1963.9807483310046,7.905138339920947,233,245,20,0,225,241,12796,8,0,0,8,4
2020-10-23,US,Idaho,Teton,274,2,0,43.75303583,-111.2056773,16081.0,2256.629879756218,0.7299270072992701,272,273,2,0,271,268,11640,1,0,0,1,5
2020-10-23,US,Idaho,Twin Falls,3734,44,0,42.35440512,-114.6685381,16083.0,4297.9810769124515,1.1783610069630424,3690,3637,43,0,3594,3540,86081,97,1,0,96,97
2020-10-23,US,Idaho,Unassigned,3,0,0,0.0,0.0,90016.0,0.0,0.0,3,3,0,0,3,4,,0,0,0,0,-1
2020-10-23,US,Idaho,Valley,113,1,0,44.76728382,-115.5676773,16085.0,991.9241573033709,0.8849557522123894,112,111,1,0,110,110,11041,2,0,0,2,1
2020-10-23,US,Idaho,Washington,436,8,0,44.45275475,-116.78476880000001,16087.0,4277.025701392976,1.834862385321101,428,434,8,0,426,431,10161,2,0,0,2,3
2020-10-23,US,Illinois,Adams,1767,16,0,39.98815591,-91.18786813,17001.0,2700.389699701995,0.9054895302773062,1751,1730,15,0,1715,1701,65691,37,1,0,36,29
2020-10-23,US,Illinois,Alexander,117,1,0,37.18049267,-89.32910838,17003.0,2030.8974136434647,0.8547008547008547,116,113,1,0,112,110,6060,4,0,0,4,3
2020-10-23,US,Illinois,Bond,484,9,0,38.88829622,-89.43534887,17005.0,2946.5481553634477,1.859504132231405,475,483,9,0,474,480,16630,1,0,0,1,3
2020-10-23,US,Illinois,Boone,1790,25,0,42.32359279,-88.82345779,17007.0,3343.044972359181,1.3966480446927374,1765,1774,25,0,1749,1709,53577,16,0,0,16,65
2020-10-23,US,Illinois,Brown,105,0,0,39.96209138,-90.75068024,17009.0,1596.2298570994226,0.0,105,103,0,0,103,103,6556,2,0,0,2,0
2020-10-23,US,Illinois,Bureau,881,17,0,41.40385234,-89.5283051,17011.0,2700.134853500061,1.9296254256526677,864,879,17,0,862,866,32993,2,0,0,2,13
2020-10-23,US,Illinois,Calhoun,67,0,0,39.16840183,-90.66330078,17013.0,1413.8003798269674,0.0,67,67,0,0,67,67,4802,0,0,0,0,0
2020-10-23,US,Illinois,Carroll,384,9,0,42.06823429,-89.93395545,17015.0,2684.3760922754277,2.34375,375,383,9,0,374,372,14312,1,0,0,1,11
2020-10-23,US,Illinois,Cass,459,11,0,39.96991073,-90.24734436,17017.0,3778.710792788343,2.396514161220044,448,455,11,0,444,453,12260,4,0,0,4,2
2020-10-23,US,Illinois,Champaign,5945,28,0,40.13919438,-88.20046615,17019.0,2835.151104731293,0.4709840201850294,5917,5893,28,0,5865,5819,209983,52,0,0,52,74
2020-10-23,US,Illinois,Christian,803,29,0,39.54581621,-89.27780482,17021.0,2485.7602773650324,3.6114570361145697,774,800,27,0,773,794,32661,3,2,0,1,6
2020-10-23,US,Illinois,Clark,298,11,0,39.33425789,-87.78705622,17023.0,1929.9268182112562,3.6912751677852342,287,292,10,0,282,288,15596,6,1,0,5,4
2020-10-23,US,Illinois,Clay,302,13,0,38.75388572,-88.48914513,17025.0,2290.655339805825,4.304635761589403,289,298,13,0,285,291,13253,4,0,0,4,7
2020-10-23,US,Illinois,Clinton,1709,26,0,38.60704876,-89.42385254,17027.0,4549.810979181088,1.5213575190169688,1683,1687,25,0,1662,1663,37639,22,1,0,21,24
2020-10-23,US,Illinois,Coles,1864,38,0,39.51949084,-88.22358557,17029.0,3682.2662531360497,2.03862660944206,1826,1828,38,0,1790,1822,50885,36,0,0,36,6
2020-10-23,US,Illinois,Cook,171437,5392,0,41.84144849,-87.81658794,17031.0,3328.72318592188,3.1451786953808103,166045,170039,5390,0,164649,168139,5180493,1398,2,0,1396,1900
2020-10-23,US,Illinois,Crawford,645,6,0,39.0032229,-87.75954624,17033.0,3455.2954411528367,0.9302325581395348,639,639,6,0,633,636,18807,6,0,0,6,3
2020-10-23,US,Illinois,Cumberland,270,6,0,39.27432424,-88.2401158,17035.0,2507.8952257105702,2.2222222222222223,264,262,6,0,256,260,10808,8,0,0,8,2
2020-10-23,US,Illinois,De Witt,251,5,0,40.17514519,-88.90959682,17039.0,1605.0645862642282,1.99203187250996,246,248,4,0,244,246,15769,3,1,0,2,2
2020-10-23,US,Illinois,DeKalb,2251,42,0,41.89373302,-88.76958483,17037.0,2145.9145638102136,1.865837405597512,2209,2213,42,0,2171,2168,104143,38,0,0,38,45
2020-10-23,US,Illinois,Douglas,616,8,0,39.76768052,-88.21854195,17041.0,3164.654508091446,1.2987012987012987,608,604,8,0,596,584,19479,12,0,0,12,20
2020-10-23,US,Illinois,DuPage,22100,605,0,41.85116968,-88.08642662,17043.0,2394.5711496433605,2.7375565610859733,21495,21776,605,0,21171,21470,928589,324,0,0,324,306
2020-10-23,US,Illinois,Edgar,151,8,0,39.6809186,-87.74759563,17045.0,879.9021036070159,5.298013245033113,143,150,8,0,142,146,17360,1,0,0,1,4
2020-10-23,US,Illinois,Edwards,105,0,0,38.41353228,-88.05720863,17047.0,1641.9077404222048,0.0,105,101,0,0,101,101,6392,4,0,0,4,0
2020-10-23,US,Illinois,Effingham,1139,4,0,39.05935711,-88.58969584,17049.0,3349.211950129381,0.3511852502194908,1135,1121,4,0,1117,1103,34208,18,0,0,18,18
2020-10-23,US,Illinois,Fayette,666,22,0,39.00072038,-89.02452658,17051.0,3121.4848143982013,3.3033033033033035,644,660,22,0,638,652,21416,6,0,0,6,8
2020-10-23,US,Illinois,Ford,187,11,0,40.59706922,-88.22350769,17053.0,1442.7899081860971,5.882352941176472,176,187,11,0,176,186,13264,0,0,0,0,1
2020-10-23,US,Illinois,Franklin,930,8,0,37.99189086,-88.92567818,17055.0,2417.530998986197,0.8602150537634409,922,913,8,0,905,888,38701,17,0,0,17,25
2020-10-23,US,Illinois,Fulton,473,1,0,40.47289135,-90.20862357,17057.0,1377.4024461269657,0.21141649048625796,472,460,1,0,459,446,34844,13,0,0,13,14
2020-10-23,US,Illinois,Gallatin,106,2,0,37.76430935,-88.22953869,17059.0,2195.5260977630487,1.8867924528301887,104,106,2,0,104,106,5058,0,0,0,0,0
2020-10-23,US,Illinois,Greene,281,15,0,39.35907414,-90.388865,17061.0,2166.705220140335,5.338078291814947,266,280,15,0,265,276,13044,1,0,0,1,4
2020-10-23,US,Illinois,Grundy,936,7,0,41.28569601,-88.41905692,17063.0,1833.3529204371841,0.7478632478632479,929,923,7,0,916,903,50972,13,0,0,13,20
2020-10-23,US,Illinois,Hamilton,114,2,0,38.08163641,-88.53883373,17065.0,1404.6328240512564,1.7543859649122806,112,114,2,0,112,113,8163,0,0,0,0,1
2020-10-23,US,Illinois,Hancock,298,4,0,40.40423981,-91.16313899,17067.0,1682.8552066862435,1.342281879194631,294,292,4,0,288,288,17844,6,0,0,6,4
2020-10-23,US,Illinois,Hardin,53,0,0,37.51810645,-88.26873022,17069.0,1387.071447265114,0.0,53,53,0,0,53,50,3910,0,0,0,0,3
2020-10-23,US,Illinois,Henderson,121,0,0,40.81908672,-90.92491462,17071.0,1820.6439963888047,0.0,121,121,0,0,121,115,6709,0,0,0,0,6
2020-10-23,US,Illinois,Henry,831,7,0,41.3533994,-90.13296166,17073.0,1698.934843497639,0.8423586040914561,824,820,7,0,813,810,49090,11,0,0,11,10
2020-10-23,US,Illinois,Iroquois,475,19,0,40.74717633,-87.82466784,17075.0,1751.8625064542302,4.0,456,468,19,0,449,464,27604,7,0,0,7,4
2020-10-23,US,Illinois,Jackson,1511,26,0,37.78595185,-89.38232563,17077.0,2662.555066079295,1.7207147584381204,1485,1491,26,0,1465,1462,57419,20,0,0,20,29
2020-10-23,US,Illinois,Jasper,260,10,0,39.01054275,-88.15437049,17079.0,2705.515088449532,3.8461538461538463,250,258,10,0,248,257,9611,2,0,0,2,1
2020-10-23,US,Illinois,Jefferson,894,46,0,38.29980057,-88.9240025,17081.0,2372.359622120794,5.1454138702460845,848,888,45,0,843,886,37820,6,1,0,5,2
2020-10-23,US,Illinois,Jersey,467,21,0,39.08869046,-90.35393073,17083.0,2144.8583107518484,4.496788008565312,446,467,21,0,446,462,21847,0,0,0,0,5
2020-10-23,US,Illinois,Jo Daviess,472,7,0,42.36542373,-90.21094405,17085.0,2222.745467388745,1.4830508474576272,465,461,7,0,454,446,21366,11,0,0,11,15
2020-10-23,US,Illinois,Johnson,340,0,0,37.45939802,-88.88165419,17087.0,2738.1815253281798,0.0,340,332,0,0,332,327,12456,8,0,0,8,5
2020-10-23,US,Illinois,Kane,16211,346,0,41.93842729,-88.42861412,17089.0,3044.8739019126488,2.1343532169514527,15865,16038,345,0,15693,15802,534216,173,1,0,172,236
2020-10-23,US,Illinois,Kankakee,3313,79,0,41.13746989,-87.86205334,17091.0,3015.601390835776,2.3845457289465744,3234,3288,78,0,3210,3224,110024,25,1,0,24,64
2020-10-23,US,Illinois,Kendall,2595,28,0,41.59081014,-88.42869583,17093.0,2011.7838592138928,1.0789980732177264,2567,2555,28,0,2527,2521,127915,40,0,0,40,34
2020-10-23,US,Illinois,Knox,1231,16,0,40.93148779,-90.21330340000002,17095.0,2476.9110042455577,1.2997562956945572,1215,1190,16,0,1174,1181,50112,41,0,0,41,9
2020-10-23,US,Illinois,LaSalle,2320,63,0,41.34426129999999,-88.88633881,17099.0,2134.92348323809,2.7155172413793105,2257,2281,61,0,2220,2235,109430,39,2,0,37,46
2020-10-23,US,Illinois,Lake,20157,508,0,42.3224907,-88.00367925,17097.0,2893.896214834861,2.5202163020290715,19649,20042,507,0,19535,19856,700832,115,1,0,114,186
2020-10-23,US,Illinois,Lawrence,324,8,0,38.71987914,-87.72884035,17101.0,2066.5901262916186,2.469135802469136,316,323,8,0,315,317,15765,1,0,0,1,6
2020-10-23,US,Illinois,Lee,669,1,0,41.74583951,-89.29977132,17103.0,1962.1069920225243,0.14947683109118087,668,658,1,0,657,641,34223,11,0,0,11,17
2020-10-23,US,Illinois,Livingston,608,10,0,40.89188292,-88.55784752,17105.0,1705.5655296229806,1.6447368421052633,598,597,10,0,587,586,35761,11,0,0,11,11
2020-10-23,US,Illinois,Logan,568,4,0,40.12581572,-89.36638784,17107.0,1984.7648333216853,0.7042253521126759,564,566,4,0,562,553,28925,2,0,0,2,13
2020-10-23,US,Illinois,Macon,2832,51,0,39.86064913,-88.96342505,17115.0,2722.8412925804496,1.8008474576271187,2781,2794,49,0,2745,2733,104712,38,2,0,36,61
2020-10-23,US,Illinois,Macoupin,771,10,0,39.26119767,-89.92424028,17117.0,1716.1554556381604,1.2970168612191961,761,760,10,0,750,751,45313,11,0,0,11,9
2020-10-23,US,Illinois,Madison,7021,154,0,38.83042506,-89.90422563,17119.0,2669.926910703285,2.1934197407776668,6867,6957,153,0,6804,6893,264461,64,1,0,63,64
2020-10-23,US,Illinois,Marion,976,17,0,38.64963204,-88.91899208,17121.0,2623.303319446311,1.7418032786885247,959,896,17,0,879,891,37620,80,0,0,80,5
2020-10-23,US,Illinois,Marshall,148,3,0,41.0327901,-89.34510444,17123.0,1293.9325056828118,2.0270270270270268,145,142,3,0,139,141,11534,6,0,0,6,1
2020-10-23,US,Illinois,Mason,298,1,0,40.23917274,-89.91824452,17125.0,2230.7058911595177,0.3355704697986577,297,294,1,0,293,239,13565,4,0,0,4,55
2020-10-23,US,Illinois,Massac,147,2,0,37.22078441,-88.71036614,17127.0,1067.3830961370898,1.3605442176870748,145,146,2,0,144,141,14080,1,0,0,1,5
2020-10-23,US,Illinois,McDonough,720,17,0,40.45674722,-90.67775541,17109.0,2425.7125530624617,2.3611111111111107,703,708,17,0,691,687,29955,12,0,0,12,21
2020-10-23,US,Illinois,McHenry,6049,120,0,42.32451172,-88.45248227,17111.0,1965.4031854542616,1.9837989750371965,5929,5943,120,0,5823,5803,308570,106,0,0,106,140
2020-10-23,US,Illinois,McLean,4041,34,0,40.48996987,-88.84621113,17113.0,2356.034678778197,0.8413758970551843,4007,3997,31,0,3966,3967,172828,44,3,0,41,30
2020-10-23,US,Illinois,Menard,173,1,0,40.02742725,-89.80246001,17129.0,1418.4978681534928,0.5780346820809249,172,171,1,0,170,165,12288,2,0,0,2,6
2020-10-23,US,Illinois,Mercer,244,6,0,41.20596782,-90.74290052,17131.0,1580.617995724558,2.459016393442623,238,237,6,0,231,229,15601,7,0,0,7,8
2020-10-23,US,Illinois,Monroe,901,28,0,38.27594376,-90.17761038,17133.0,2601.2645436960474,3.107658157602664,873,884,28,0,856,873,34335,17,0,0,17,11
2020-10-23,US,Illinois,Montgomery,595,15,0,39.23198845,-89.47809254,17135.0,2094.0381502076443,2.5210084033613445,580,587,15,0,572,570,28601,8,0,0,8,17
2020-10-23,US,Illinois,Morgan,868,24,0,39.71654544,-90.20255104,17137.0,2578.8816923168342,2.7649769585253456,844,865,24,0,841,854,33976,3,0,0,3,11
2020-10-23,US,Illinois,Moultrie,396,5,0,39.64187451,-88.62099969,17139.0,2730.84614854148,1.2626262626262623,391,390,5,0,385,380,14717,6,0,0,6,10
2020-10-23,US,Illinois,Ogle,1147,7,0,42.04165196,-89.32184679,17141.0,2264.8737239105108,0.6102877070619006,1140,1137,7,0,1130,1121,50923,10,0,0,10,16
2020-10-23,US,Illinois,Out of IL,9,0,0,0.0,0.0,80017.0,0.0,0.0,9,5,0,0,5,2,,4,0,0,4,3
2020-10-23,US,Illinois,Peoria,4433,68,0,40.78702156,-89.76078901,17143.0,2474.0622505985634,1.5339499210466951,4365,4388,68,0,4320,4336,180621,45,0,0,45,52
2020-10-23,US,Illinois,Perry,421,16,0,38.08510853,-89.36856219,17145.0,2012.8131573914707,3.800475059382423,405,415,16,0,399,412,21174,6,0,0,6,3
2020-10-23,US,Illinois,Piatt,234,0,0,40.01360584,-88.59319339,17147.0,1431.7180616740088,0.0,234,224,0,0,224,220,16396,10,0,0,10,4
2020-10-23,US,Illinois,Pike,323,4,0,39.62265059,-90.8877017,17149.0,2075.7020757020755,1.238390092879257,319,304,4,0,300,281,15611,19,0,0,19,23
2020-10-23,US,Illinois,Pope,41,1,0,37.41391284,-88.56152109,17151.0,981.565717021786,2.4390243902439024,40,38,1,0,37,37,4212,3,0,0,3,1
2020-10-23,US,Illinois,Pulaski,233,1,0,37.22631423,-89.13085001,17153.0,4367.38519212746,0.4291845493562232,232,230,1,0,229,228,5463,3,0,0,3,2
2020-10-23,US,Illinois,Putnam,88,0,0,41.2013541,-89.2869272,17155.0,1533.3681826102109,0.0,88,88,0,0,88,88,5740,0,0,0,0,0
2020-10-23,US,Illinois,Randolph,1238,15,0,38.05095369,-89.82512254,17157.0,3895.286640236612,1.2116316639741518,1223,1220,15,0,1205,1195,32106,18,0,0,18,25
2020-10-23,US,Illinois,Richland,330,16,0,38.71240969,-88.08475366,17159.0,2127.2481144846256,4.848484848484849,314,325,16,0,309,322,15763,5,0,0,5,3
2020-10-23,US,Illinois,Rock Island,3889,90,0,41.46613806,-90.57042164,17161.0,2741.0680932343757,2.3142195937258934,3799,3822,89,0,3733,3766,143477,67,1,0,66,56
2020-10-23,US,Illinois,Saline,539,9,0,37.75332999,-88.54119706,17165.0,2294.4957643352773,1.6697588126159555,530,524,9,0,515,511,23906,15,0,0,15,13
2020-10-23,US,Illinois,Sangamon,3745,63,0,39.75836914,-89.65872023,17167.0,1923.7486644201529,1.6822429906542056,3682,3722,62,0,3660,3626,195348,23,1,0,22,96
2020-10-23,US,Illinois,Schuyler,88,1,0,40.157179799999994,-90.61114163,17169.0,1300.2364066193854,1.1363636363636365,87,84,1,0,83,83,6907,4,0,0,4,1
2020-10-23,US,Illinois,Scott,102,0,0,39.642916899999996,-90.47814431,17171.0,2060.189860634215,0.0,102,100,0,0,100,98,4926,2,0,0,2,2
2020-10-23,US,Illinois,Shelby,638,12,0,39.39133527,-88.80611122,17173.0,2949.061662198392,1.8808777429467085,626,631,11,0,620,611,21741,7,1,0,6,20
2020-10-23,US,Illinois,St. Clair,7814,217,0,38.46996033,-89.93063427,17163.0,3009.0185839821943,2.7770668031737906,7597,7759,216,0,7543,7674,261059,55,1,0,54,85
2020-10-23,US,Illinois,Stark,83,2,0,41.09309773,-89.79745866,17175.0,1553.7251965555972,2.409638554216868,81,83,2,0,81,82,5427,0,0,0,0,1
2020-10-23,US,Illinois,Stephenson,900,7,0,42.35129217,-89.662598,17177.0,2022.5628118117663,0.7777777777777778,893,865,7,0,858,851,44753,35,0,0,35,14
2020-10-23,US,Illinois,Tazewell,2559,53,0,40.50716185,-89.51404662,17179.0,1941.5339559797574,2.0711215318483784,2506,2522,52,0,2470,2475,132328,37,1,0,36,47
2020-10-23,US,Illinois,Unassigned,4765,270,0,0.0,0.0,90017.0,0.0,5.666316894018888,4495,3631,260,0,3371,3632,,1134,10,0,1124,-1
2020-10-23,US,Illinois,Union,751,25,0,37.47119609,-89.25548938,17181.0,4509.697952320903,3.3288948069241013,726,746,25,0,721,746,16841,5,0,0,5,0
2020-10-23,US,Illinois,Vermilion,1653,10,0,40.18417171,-87.73384359,17183.0,2181.9477810924263,0.6049606775559588,1643,1619,8,0,1611,1592,76806,34,2,0,32,27
2020-10-23,US,Illinois,Wabash,218,5,0,38.44272901,-87.84922065,17185.0,1892.361111111111,2.2935779816513757,213,216,5,0,211,215,11549,2,0,0,2,1
2020-10-23,US,Illinois,Warren,487,8,0,40.84925021,-90.6147432,17187.0,2891.2372358109715,1.6427104722792607,479,474,7,0,467,467,17032,13,1,0,12,7
2020-10-23,US,Illinois,Washington,297,1,0,38.35309213,-89.40982703,17189.0,2138.6908619572264,0.3367003367003367,296,289,1,0,288,286,13995,8,0,0,8,3
2020-10-23,US,Illinois,Wayne,473,12,0,38.42955355,-88.42586459,17191.0,2917.0521122417517,2.5369978858350954,461,473,12,0,461,461,16332,0,0,0,0,12
2020-10-23,US,Illinois,White,259,4,0,38.08706198,-88.17657461,17193.0,1913.2747285218286,1.5444015444015444,255,248,2,0,246,242,13665,11,2,0,9,6
2020-10-23,US,Illinois,Whiteside,1321,25,0,41.75509713,-89.91556058,17195.0,2394.200271862257,1.8925056775170328,1296,1297,25,0,1272,1241,55626,24,0,0,24,56
2020-10-23,US,Illinois,Will,17862,426,0,41.44619267,-87.97862712,17197.0,2585.9111131057425,2.3849512932482364,17436,17616,425,0,17191,17354,692310,246,1,0,245,262
2020-10-23,US,Illinois,Williamson,1832,59,0,37.73033511,-88.92994027,17199.0,2750.874664023905,3.2205240174672487,1773,1800,59,0,1741,1761,67056,32,0,0,32,39
2020-10-23,US,Illinois,Winnebago,9857,179,0,42.33641854,-89.16085327,17201.0,3488.3144826805205,1.815968347367353,9678,9736,179,0,9557,9464,284081,121,0,0,121,272
2020-10-23,US,Illinois,Woodford,580,14,0,40.78579374,-89.20973757,17203.0,1508.0995345692816,2.413793103448276,566,568,14,0,554,558,38463,12,0,0,12,10
2020-10-23,US,Indiana,Adams,502,7,0,40.7457653,-84.93671406,18001.0,1403.1360930206558,1.3944223107569722,495,483,7,0,476,481,35636,19,0,0,19,2
2020-10-23,US,Indiana,Allen,8278,230,0,41.09194313,-85.06800636,18003.0,2182.447093190333,2.7784489007006523,8048,8129,228,0,7901,7978,375351,149,2,0,147,151
2020-10-23,US,Indiana,Bartholomew,1433,58,0,39.20744865,-85.89558181,18005.0,1710.4525000298404,4.047452896022331,1375,1415,58,0,1357,1397,82753,18,0,0,18,18
2020-10-23,US,Indiana,Benton,112,0,0,40.60626947,-87.31093999,18007.0,1280.2926383173296,0.0,112,110,0,0,110,108,8653,2,0,0,2,2
2020-10-23,US,Indiana,Blackford,219,3,0,40.47388153,-85.32499702,18009.0,1862.5616601462839,1.3698630136986298,216,209,3,0,206,198,11930,10,0,0,10,11
2020-10-23,US,Indiana,Boone,1245,50,0,40.0509304,-86.46841646,18011.0,1835.1193196055606,4.016064257028113,1195,1222,50,0,1172,1195,66999,23,0,0,23,27
2020-10-23,US,Indiana,Brown,143,3,0,39.19605589,-86.22868909,18013.0,947.5218658892128,2.097902097902098,140,139,3,0,136,130,15234,4,0,0,4,9
2020-10-23,US,Indiana,Carroll,329,13,0,40.580783200000006,-86.56198812,18015.0,1624.1299303944315,3.951367781155015,316,325,13,0,312,317,20127,4,0,0,4,8
2020-10-23,US,Indiana,Cass,2255,22,0,40.76135835,-86.34830753,18017.0,5983.178115630555,0.975609756097561,2233,2240,22,0,2218,2228,37955,15,0,0,15,12
2020-10-23,US,Indiana,Clark,2967,62,0,38.48015445,-85.70510334,18019.0,2507.9880306334635,2.0896528479946075,2905,2939,61,0,2878,2891,117360,28,1,0,27,48
2020-10-23,US,Indiana,Clay,453,7,0,39.39561833,-87.11723506,18021.0,1727.3593898951385,1.5452538631346575,446,446,7,0,439,439,26170,7,0,0,7,7
2020-10-23,US,Indiana,Clinton,867,16,0,40.30319754,-86.47277257,18023.0,2676.0085187814443,1.8454440599769317,851,847,16,0,831,829,32250,20,0,0,20,18
2020-10-23,US,Indiana,Crawford,159,1,0,38.28814402,-86.44518825,18025.0,1503.2617944596766,0.6289308176100629,158,158,1,0,157,153,10558,1,0,0,1,5
2020-10-23,US,Indiana,Daviess,893,34,0,38.70186039,-87.07185406,18027.0,2677.58088213247,3.807390817469205,859,871,33,0,838,853,33147,22,1,0,21,18
2020-10-23,US,Indiana,DeKalb,720,11,0,41.39804622,-84.99906934,18033.0,1656.1242093156986,1.5277777777777777,709,710,11,0,699,699,43226,10,0,0,10,11
2020-10-23,US,Indiana,Dearborn,980,28,0,39.14647946,-84.97333539,18029.0,1981.4792349063853,2.8571428571428568,952,949,28,0,921,928,49568,31,0,0,31,21
2020-10-23,US,Indiana,Decatur,507,39,0,39.30712658,-85.50087166,18031.0,1908.957415565345,7.6923076923076925,468,504,39,0,465,499,26794,3,0,0,3,5
2020-10-23,US,Indiana,Delaware,2970,74,0,40.22787247,-85.39732772,18035.0,2602.1816270206336,2.491582491582492,2896,2932,74,0,2858,2845,114772,38,0,0,38,87
2020-10-23,US,Indiana,Dubois,1396,26,0,38.36597551,-86.87924170000002,18037.0,3266.5668289030327,1.8624641833810889,1370,1386,26,0,1360,1367,42565,10,0,0,10,19
2020-10-23,US,Indiana,Elkhart,8890,135,0,41.59761169,-85.85875695,18039.0,4308.402111068571,1.5185601799775028,8755,8759,135,0,8624,8530,205560,131,0,0,131,229
2020-10-23,US,Indiana,Fayette,690,18,0,39.63684962,-85.17797541,18041.0,2986.754393559,2.608695652173913,672,666,18,0,648,614,23047,24,0,0,24,52
2020-10-23,US,Indiana,Floyd,1801,67,0,38.32117957,-85.90385377,18043.0,2293.6247166399226,3.7201554691837866,1734,1791,67,0,1724,1773,77781,10,0,0,10,18
2020-10-23,US,Indiana,Fountain,307,3,0,40.12361933,-87.24217689,18045.0,1878.1353236265757,0.977198697068404,304,294,3,0,291,288,16351,13,0,0,13,6
2020-10-23,US,Indiana,Franklin,376,25,0,39.4142482,-85.06062647,18047.0,1652.1662712013358,6.648936170212767,351,372,25,0,347,366,22736,4,0,0,4,6
2020-10-23,US,Indiana,Fulton,365,3,0,41.0469907,-86.26252745,18049.0,1827.375588264744,0.821917808219178,362,352,3,0,349,347,20092,13,0,0,13,5
2020-10-23,US,Indiana,Gibson,886,12,0,38.30393723,-87.58054938,18051.0,2632.282599007695,1.3544018058690743,874,871,11,0,860,849,33452,15,1,0,14,22
2020-10-23,US,Indiana,Grant,1278,39,0,40.51587228,-85.65468702,18053.0,1943.1647128586415,3.0516431924882634,1239,1253,39,0,1214,1226,65936,25,0,0,25,27
2020-10-23,US,Indiana,Greene,553,37,0,39.03630547,-86.96223202,18055.0,1732.3475972683414,6.690777576853527,516,533,37,0,496,521,32006,20,0,0,20,12
2020-10-23,US,Indiana,Hamilton,6215,113,0,40.07306535,-86.05244729,18057.0,1838.697557180092,1.818181818181818,6102,6117,113,0,6004,6000,330086,98,0,0,98,117
2020-10-23,US,Indiana,Hancock,1199,44,0,39.82304555,-85.77566351,18059.0,1533.8757547845667,3.669724770642202,1155,1182,45,0,1137,1156,76351,17,-1,0,18,26
2020-10-23,US,Indiana,Harrison,773,24,0,38.19467379,-86.10948271,18061.0,1907.9353325928669,3.104786545924968,749,762,24,0,738,748,40350,11,0,0,11,14
2020-10-23,US,Indiana,Hendricks,3302,133,0,39.76719009,-86.51037283,18063.0,1938.806066548843,4.02786190187765,3169,3268,133,0,3135,3221,167009,34,0,0,34,47
2020-10-23,US,Indiana,Henry,1284,30,0,39.93029017,-85.39625719,18065.0,2676.561327441007,2.336448598130841,1254,1254,29,0,1225,1234,48271,30,1,0,29,20
2020-10-23,US,Indiana,Howard,1640,66,0,40.48527731,-86.11351892,18067.0,1986.8191509982555,4.024390243902439,1574,1624,66,0,1558,1600,82366,16,0,0,16,24
2020-10-23,US,Indiana,Huntington,401,5,0,40.82907273,-85.48822092,18069.0,1098.0284775465498,1.2468827930174564,396,390,5,0,385,380,36240,11,0,0,11,10
2020-10-23,US,Indiana,Jackson,1144,16,0,38.90915820000001,-86.03851889,18071.0,2586.421288236757,1.3986013986013983,1128,1129,15,0,1114,1094,44111,15,1,0,14,35
2020-10-23,US,Indiana,Jasper,617,5,0,41.02078733,-87.11553319,18073.0,1838.388653834694,0.8103727714748784,612,594,5,0,589,574,33370,23,0,0,23,20
2020-10-23,US,Indiana,Jay,311,6,0,40.43781032,-85.00576229,18075.0,1521.8242317478962,1.929260450160772,305,305,6,0,299,294,20764,6,0,0,6,11
2020-10-23,US,Indiana,Jefferson,343,5,0,38.78576239,-85.43633383,18077.0,1061.656555651851,1.4577259475218658,338,341,5,0,336,330,32208,2,0,0,2,11
2020-10-23,US,Indiana,Jennings,369,13,0,38.99588883,-85.62710784,18079.0,1330.4488912925906,3.523035230352304,356,367,13,0,354,360,27611,2,0,0,2,7
2020-10-23,US,Indiana,Johnson,3151,129,0,39.48994426,-86.10149107,18081.0,1992.1981197089153,4.093938432243732,3022,3105,128,0,2977,3051,156225,46,1,0,45,54
2020-10-23,US,Indiana,Knox,774,10,0,38.68861576,-87.4194665,18083.0,2115.100836202656,1.2919896640826871,764,756,10,0,746,721,36895,18,0,0,18,35
2020-10-23,US,Indiana,Kosciusko,1878,26,0,41.24521668,-85.86312322,18085.0,2363.5722915827632,1.384451544195953,1852,1826,25,0,1801,1792,79344,52,1,0,51,34
2020-10-23,US,Indiana,LaGrange,810,15,0,41.64232188,-85.42674232,18087.0,2044.7316605240567,1.851851851851852,795,801,15,0,786,777,39330,9,0,0,9,24
2020-10-23,US,Indiana,LaPorte,2266,58,0,41.54366008,-86.74072188,18091.0,2062.0995923121727,2.5595763459841128,2208,2228,58,0,2170,2209,110007,38,0,0,38,19
2020-10-23,US,Indiana,Lake,13805,355,0,41.41874274,-87.38277575,18089.0,2843.501348114185,2.5715320536037667,13450,13570,355,0,13215,13380,484411,235,0,0,235,190
2020-10-23,US,Indiana,Lawrence,908,37,0,38.84112637,-86.48361629,18093.0,2001.3224597751816,4.07488986784141,871,874,36,0,838,826,45668,34,1,0,33,48
2020-10-23,US,Indiana,Madison,2405,95,0,40.16143691,-85.71964711,18095.0,1856.1538639643743,3.95010395010395,2310,2350,93,0,2257,2324,129641,55,2,0,53,26
2020-10-23,US,Indiana,Marion,25392,789,0,39.78163624,-86.13826325,18097.0,2632.435604230641,3.107277882797732,24603,25151,785,0,24366,24905,954670,241,4,0,237,246
2020-10-23,US,Indiana,Marshall,1400,26,0,41.32467367,-86.26185087,18099.0,3026.5035237148168,1.8571428571428568,1374,1374,26,0,1348,1342,46248,26,0,0,26,32
2020-10-23,US,Indiana,Martin,200,0,0,38.7099921,-86.80373186,18101.0,1950.2681618722575,0.0,200,199,0,0,199,196,10217,1,0,0,1,3
2020-10-23,US,Indiana,Miami,630,5,0,40.76940965,-86.04525048,18103.0,1773.8484063520666,0.7936507936507936,625,609,5,0,604,587,35567,21,0,0,21,22
2020-10-23,US,Indiana,Monroe,3266,38,0,39.16130004,-86.52414358,18105.0,2200.348983702865,1.1635027556644213,3228,3257,38,0,3219,3222,146917,9,0,0,9,35
2020-10-23,US,Indiana,Montgomery,590,22,0,40.04034823,-86.89335024,18107.0,1538.9430851896286,3.7288135593220337,568,583,22,0,561,578,38346,7,0,0,7,5
2020-10-23,US,Indiana,Morgan,948,40,0,39.47899078,-86.44573375,18109.0,1344.890692164735,4.219409282700422,908,937,40,0,897,930,70116,11,0,0,11,7
2020-10-23,US,Indiana,Newton,230,11,0,40.95610449,-87.39635768,18111.0,1644.7368421052633,4.782608695652174,219,225,11,0,214,222,14011,5,0,0,5,3
2020-10-23,US,Indiana,Noble,1174,34,0,41.39672484,-85.41966713,18113.0,2458.9477211796248,2.8960817717206133,1140,1159,33,0,1126,1146,47532,15,1,0,14,13
2020-10-23,US,Indiana,Ohio,132,7,0,38.955304999999996,-84.96515993,18115.0,2246.8085106382987,5.303030303030303,125,129,7,0,122,124,5844,3,0,0,3,5
2020-10-23,US,Indiana,Orange,409,25,0,38.54118920000001,-86.49523093,18117.0,2081.8487223862357,6.112469437652812,384,404,25,0,379,388,19489,5,0,0,5,16
2020-10-23,US,Indiana,Owen,207,1,0,39.31145587,-86.83900724,18119.0,995.2401557767199,0.4830917874396135,206,205,1,0,204,203,20845,2,0,0,2,2
2020-10-23,US,Indiana,Parke,237,4,0,39.77202286,-87.20375833,18121.0,1399.3033004664346,1.6877637130801688,233,232,3,0,229,222,16927,5,1,0,4,10
2020-10-23,US,Indiana,Perry,326,14,0,38.07809328,-86.63741946,18123.0,1700.6625280400647,4.294478527607362,312,310,14,0,296,297,19102,16,0,0,16,13
2020-10-23,US,Indiana,Pike,335,18,0,38.40112197,-87.23574907,18125.0,2704.0116232141418,5.373134328358209,317,330,18,0,312,329,12410,5,0,0,5,1
2020-10-23,US,Indiana,Porter,3220,49,0,41.45986947,-87.06848888,18127.0,1889.7933552048548,1.5217391304347827,3171,3136,49,0,3087,3036,169594,84,0,0,84,100
2020-10-23,US,Indiana,Posey,723,6,0,38.02097333,-87.86480429,18129.0,2843.4341448067016,0.8298755186721992,717,714,6,0,708,689,25540,9,0,0,9,25
2020-10-23,US,Indiana,Pulaski,156,2,0,41.04166107,-86.69890683,18131.0,1262.8511292803369,1.2820512820512822,154,152,1,0,151,148,12469,4,1,0,3,4
2020-10-23,US,Indiana,Putnam,737,16,0,39.66437981,-86.84517605,18133.0,1961.35831381733,2.170963364993216,721,728,16,0,712,716,37779,9,0,0,9,12
2020-10-23,US,Indiana,Randolph,365,9,0,40.15734772,-85.01139319,18135.0,1479.8297182242045,2.4657534246575343,356,352,9,0,343,343,24851,13,0,0,13,9
2020-10-23,US,Indiana,Ripley,453,8,0,39.10235626,-85.26212744,18137.0,1599.3503742409266,1.7660044150110374,445,441,8,0,433,427,28523,12,0,0,12,14
2020-10-23,US,Indiana,Rush,218,4,0,39.62002287,-85.4655599,18139.0,1314.7578553766361,1.834862385321101,214,215,4,0,211,208,16663,3,0,0,3,7
2020-10-23,US,Indiana,Scott,524,13,0,38.68672078,-85.74627859,18143.0,2194.9482679177318,2.480916030534351,511,518,13,0,505,510,23878,6,0,0,6,8
2020-10-23,US,Indiana,Shelby,835,31,0,39.52305623,-85.79158570000001,18145.0,1866.7978269131884,3.712574850299401,804,817,30,0,787,803,44593,18,1,0,17,14
2020-10-23,US,Indiana,Spencer,395,6,0,38.01519732,-87.0079644,18147.0,1948.0199240518807,1.5189873417721518,389,390,6,0,384,374,20327,5,0,0,5,16
2020-10-23,US,Indiana,St. Joseph,9277,163,0,41.61756781,-86.29040834,18141.0,3412.844981716245,1.7570335237684596,9114,9145,161,0,8984,8985,270771,132,2,0,130,160
2020-10-23,US,Indiana,Starke,415,7,0,41.27890281,-86.64686895,18149.0,1804.7401609045444,1.686746987951807,408,407,7,0,400,397,22935,8,0,0,8,10
2020-10-23,US,Indiana,Steuben,633,8,0,41.64423868,-85.00101094,18151.0,1829.7970746372198,1.263823064770932,625,627,8,0,619,611,34586,6,0,0,6,16
2020-10-23,US,Indiana,Sullivan,444,14,0,39.08952258,-87.41414469,18153.0,2148.144564323383,3.1531531531531534,430,437,14,0,423,429,20690,7,0,0,7,8
2020-10-23,US,Indiana,Switzerland,96,0,0,38.82767338,-85.03022429,18155.0,892.9401916100827,0.0,96,92,0,0,92,90,10717,4,0,0,4,2
2020-10-23,US,Indiana,Tippecanoe,3759,15,0,40.38872739,-86.89413959,18157.0,1920.4831095579666,0.3990422984836393,3744,3695,15,0,3680,3587,193048,64,0,0,64,108
2020-10-23,US,Indiana,Tipton,278,23,0,40.31123252,-86.05234925,18159.0,1835.225772379192,8.273381294964029,255,275,23,0,252,270,15128,3,0,0,3,5
2020-10-23,US,Indiana,Unassigned,0,234,0,0.0,0.0,90018.0,0.0,0.0,-234,0,234,0,-234,0,,0,0,0,0,0
2020-10-23,US,Indiana,Union,111,0,0,39.62550777,-84.92497066,18161.0,1573.5752764389001,0.0,111,110,0,0,110,106,7037,1,0,0,1,4
2020-10-23,US,Indiana,Vanderburgh,5882,61,0,38.02658833,-87.58763124,18163.0,3241.646505117084,1.0370622237334242,5821,5767,60,0,5707,5675,180974,115,1,0,114,92
2020-10-23,US,Indiana,Vermillion,253,1,0,39.8523352,-87.46160542,18165.0,1632.4687056394373,0.3952569169960474,252,241,1,0,240,225,15479,12,0,0,12,16
2020-10-23,US,Indiana,Vigo,2648,40,0,39.42944561,-87.39169027,18167.0,2473.8877781722376,1.5105740181268883,2608,2605,38,0,2567,2560,107386,43,2,0,41,45
2020-10-23,US,Indiana,Wabash,421,9,0,40.84704239,-85.79328272,18169.0,1358.2397728739193,2.1377672209026133,412,411,9,0,402,402,31280,10,0,0,10,9
2020-10-23,US,Indiana,Warren,84,1,0,40.34728141,-87.35602659,18171.0,1016.3339382940107,1.1904761904761905,83,78,1,0,77,76,8263,6,0,0,6,2
2020-10-23,US,Indiana,Warrick,1952,65,0,38.08922676,-87.2716085,18173.0,3098.511063843297,3.3299180327868854,1887,1929,65,0,1864,1900,62567,23,0,0,23,29
2020-10-23,US,Indiana,Washington,378,3,0,38.60219804,-86.1049363,18175.0,1348.2665144813811,0.7936507936507936,375,375,3,0,372,363,27943,3,0,0,3,12
2020-10-23,US,Indiana,Wayne,1321,30,0,39.863344399999995,-85.01044989,18177.0,2005.0391597352923,2.2710068130204397,1291,1269,30,0,1239,1221,65936,52,0,0,52,48
2020-10-23,US,Indiana,Wells,435,11,0,40.72934187,-85.22132966,18179.0,1537.319762510602,2.528735632183908,424,428,8,0,420,420,28206,7,3,0,4,8
2020-10-23,US,Indiana,White,592,15,0,40.74911165,-86.86492015,18181.0,2456.2276989461457,2.533783783783784,577,585,15,0,570,572,24133,7,0,0,7,13
2020-10-23,US,Indiana,Whitley,463,6,0,41.13863784,-85.50791236,18183.0,1363.2081026969736,1.2958963282937366,457,455,6,0,449,442,34074,8,0,0,8,13
2020-10-23,US,Iowa,Adair,152,1,0,41.33075609,-94.47105874,19001.0,2125.2796420581653,0.6578947368421053,151,148,1,0,147,147,7063,4,0,0,4,1
2020-10-23,US,Iowa,Adams,74,0,0,41.02903567,-94.69932645,19003.0,2054.4142143253753,0.0,74,70,0,0,70,70,3645,4,0,0,4,0
2020-10-23,US,Iowa,Allamakee,351,8,0,43.28383218,-91.37860922,19005.0,2564.47724117776,2.2792022792022792,343,343,8,0,335,335,13832,8,0,0,8,8
2020-10-23,US,Iowa,Appanoose,220,3,0,40.74324454,-92.86865906,19007.0,1770.4812489940448,1.3636363636363635,217,217,3,0,214,209,12437,3,0,0,3,8
2020-10-23,US,Iowa,Audubon,141,1,0,41.6844628,-94.90581859,19009.0,2565.502183406113,0.7092198581560284,140,138,1,0,137,137,5506,3,0,0,3,1
2020-10-23,US,Iowa,Benton,553,2,0,42.08011739,-92.06463573,19011.0,2156.3657633066878,0.3616636528028933,551,538,1,0,537,529,25642,15,1,0,14,9
2020-10-23,US,Iowa,Black Hawk,5440,98,0,42.4704581,-92.30524729,19013.0,4145.4567622763425,1.8014705882352944,5342,5350,98,0,5252,5300,132408,90,0,0,90,50
2020-10-23,US,Iowa,Boone,703,9,0,42.03657094,-93.9313999,19015.0,2679.728596477853,1.2802275960170697,694,696,9,0,687,686,26346,7,0,0,7,10
2020-10-23,US,Iowa,Bremer,655,9,0,42.77461496,-92.31795937,19017.0,2613.5184741840235,1.3740458015267176,646,638,9,0,629,629,24947,17,0,0,17,9
2020-10-23,US,Iowa,Buchanan,431,4,0,42.4709188,-91.83510825,19019.0,2035.4191263282169,0.9280742459396752,427,419,4,0,415,405,21199,12,0,0,12,14
2020-10-23,US,Iowa,Buena Vista,2241,12,0,42.73545875,-95.15100162,19021.0,11422.018348623853,0.535475234270415,2229,2225,12,0,2213,2213,19874,16,0,0,16,12
2020-10-23,US,Iowa,Butler,359,2,0,42.73172833,-92.79015971,19023.0,2486.321767435417,0.5571030640668524,357,354,2,0,352,350,14539,5,0,0,5,4
2020-10-23,US,Iowa,Calhoun,290,4,0,42.38521079,-94.64046046,19025.0,2999.5862639635907,1.3793103448275863,286,285,4,0,281,278,9699,5,0,0,5,7
2020-10-23,US,Iowa,Carroll,1099,12,0,42.03617207,-94.86032705,19027.0,5450.03719315646,1.0919017288444042,1087,1072,12,0,1060,1052,20154,27,0,0,27,20
2020-10-23,US,Iowa,Cass,371,2,0,41.33149454,-94.92792482,19029.0,2890.3085073231537,0.5390835579514824,369,351,2,0,349,345,12930,20,0,0,20,6
2020-10-23,US,Iowa,Cedar,437,5,0,41.77233777,-91.13246684,19031.0,2346.056799269877,1.1441647597254003,432,420,5,0,415,411,18627,17,0,0,17,9
2020-10-23,US,Iowa,Cerro Gordo,1314,25,0,43.08177563,-93.2612239,19033.0,3095.4063604240278,1.9025875190258752,1289,1304,23,0,1281,1278,42647,10,2,0,8,26
2020-10-23,US,Iowa,Cherokee,388,2,0,42.73538914,-95.62389402,19035.0,3453.493546951491,0.5154639175257731,386,383,2,0,381,376,11321,5,0,0,5,7
2020-10-23,US,Iowa,Chickasaw,341,1,0,43.06001295,-92.31773347,19037.0,2857.6217212771307,0.2932551319648094,340,338,1,0,337,330,11964,3,0,0,3,8
2020-10-23,US,Iowa,Clarke,339,3,0,41.02868181,-93.78499767,19039.0,3608.302288451304,0.8849557522123894,336,328,3,0,325,319,9423,11,0,0,11,9
2020-10-23,US,Iowa,Clay,514,4,0,43.08247182,-95.15096481,19041.0,3209.2907092907094,0.7782101167315175,510,504,4,0,500,501,16134,10,0,0,10,3
2020-10-23,US,Iowa,Clayton,393,3,0,42.84443388,-91.34133693,19043.0,2239.4438429540146,0.7633587786259542,390,375,3,0,372,358,17556,18,0,0,18,17
2020-10-23,US,Iowa,Clinton,1430,26,0,41.89981633,-90.53275096,19045.0,3079.971569493205,1.818181818181818,1404,1409,26,0,1383,1382,46518,21,0,0,21,27
2020-10-23,US,Iowa,Crawford,1344,14,0,42.03718237,-95.3819718,19047.0,7990.487514863258,1.0416666666666667,1330,1337,12,0,1325,1324,17158,7,2,0,5,13
2020-10-23,US,Iowa,Dallas,3397,44,0,41.68560356,-94.04127625,19049.0,3634.982290563171,1.2952605239917574,3353,3369,44,0,3325,3337,90180,28,0,0,28,32
2020-10-23,US,Iowa,Davis,165,4,0,40.74773536,-92.41005468,19051.0,1833.333333333333,2.4242424242424243,161,163,4,0,159,162,9017,2,0,0,2,1
2020-10-23,US,Iowa,Decatur,148,0,0,40.73742757,-93.78645949,19053.0,1880.559085133418,0.0,148,143,0,0,143,140,7890,5,0,0,5,3
2020-10-23,US,Iowa,Delaware,742,12,0,42.47104597,-91.3664492,19055.0,4361.883487155371,1.6172506738544474,730,729,12,0,717,709,17069,13,0,0,13,20
2020-10-23,US,Iowa,Des Moines,1336,10,0,40.92012606,-91.18326592,19057.0,3428.542099725409,0.7485029940119761,1326,1305,9,0,1296,1281,39138,31,1,0,30,24
2020-10-23,US,Iowa,Dickinson,721,7,0,43.37787725,-95.1510206,19059.0,4177.772627187392,0.9708737864077671,714,711,7,0,704,701,17153,10,0,0,10,10
2020-10-23,US,Iowa,Dubuque,5016,57,0,42.46815349,-90.88181925,19061.0,5154.607392792182,1.1363636363636365,4959,4896,54,0,4842,4797,96854,120,3,0,117,99
2020-10-23,US,Iowa,Emmet,420,17,0,43.37782951,-94.67858943,19063.0,4561.251086012163,4.047619047619048,403,415,17,0,398,412,9253,5,0,0,5,3
2020-10-23,US,Iowa,Fayette,360,4,0,42.86271799,-91.84412309999999,19065.0,1832.0610687022906,1.1111111111111112,356,354,3,0,351,348,19660,6,1,0,5,6
2020-10-23,US,Iowa,Floyd,425,11,0,43.06000529999999,-92.78940097,19067.0,2717.0438562843624,2.588235294117647,414,424,11,0,413,419,15761,1,0,0,1,5
2020-10-23,US,Iowa,Franklin,378,18,0,42.73270384,-93.26256925,19069.0,3753.723932472691,4.761904761904762,360,378,18,0,360,375,10124,0,0,0,0,3
2020-10-23,US,Iowa,Fremont,194,1,0,40.74542720000001,-95.60129045,19071.0,2787.35632183908,0.5154639175257731,193,188,1,0,187,186,6993,6,0,0,6,2
2020-10-23,US,Iowa,Greene,183,0,0,42.03614551,-94.39658081,19073.0,2058.955895589559,0.0,183,182,0,0,182,180,8981,1,0,0,1,2
2020-10-23,US,Iowa,Grundy,292,5,0,42.40183723,-92.78829551,19075.0,2387.181164159581,1.7123287671232876,287,289,5,0,284,285,12304,3,0,0,3,4
2020-10-23,US,Iowa,Guthrie,380,15,0,41.68378965,-94.50111014,19077.0,3555.056600243241,3.947368421052632,365,376,15,0,361,374,10720,4,0,0,4,2
2020-10-23,US,Iowa,Hamilton,462,4,0,42.38382428,-93.70197703,19079.0,3127.3268801191357,0.8658008658008658,458,461,3,0,458,454,14952,1,1,0,0,7
2020-10-23,US,Iowa,Hancock,306,4,0,43.08178477,-93.73454884,19081.0,2878.645343367827,1.30718954248366,302,298,4,0,294,292,10712,8,0,0,8,6
2020-10-23,US,Iowa,Hardin,460,6,0,42.38353877,-93.23654611,19083.0,2730.618544461593,1.3043478260869563,454,449,5,0,444,444,16868,11,1,0,10,5
2020-10-23,US,Iowa,Harrison,637,11,0,41.68330137,-95.81558439,19085.0,4534.130543099152,1.7268445839874411,626,623,8,0,615,592,14134,14,3,0,11,31
2020-10-23,US,Iowa,Henry,1032,5,0,40.98767962,-91.54436349,19087.0,5171.8953593264505,0.4844961240310077,1027,1007,5,0,1002,999,20067,25,0,0,25,8
2020-10-23,US,Iowa,Howard,262,9,0,43.35671042,-92.31702714,19089.0,2860.886656475213,3.435114503816794,253,261,9,0,252,258,9187,1,0,0,1,3
2020-10-23,US,Iowa,Humboldt,316,3,0,42.7764426,-94.20722537,19091.0,3306.130989746809,0.9493670886075948,313,308,3,0,305,300,9547,8,0,0,8,8
2020-10-23,US,Iowa,Ida,187,2,0,42.38696136,-95.51355387,19093.0,2725.947521865889,1.0695187165775402,185,184,2,0,182,181,6841,3,0,0,3,3
2020-10-23,US,Iowa,Iowa,391,8,0,41.68630265,-92.0643373,19095.0,2415.9663865546217,2.0460358056265986,383,394,8,0,386,385,16141,-3,0,0,-3,9
2020-10-23,US,Iowa,Jackson,576,3,0,42.17178824,-90.57354837,19097.0,2963.1153865939605,0.5208333333333334,573,558,3,0,555,546,19432,18,0,0,18,12
2020-10-23,US,Iowa,Jasper,1070,34,0,41.68576082,-93.05567785,19099.0,2877.504370041684,3.177570093457944,1036,1055,34,0,1021,1036,37147,15,0,0,15,19
2020-10-23,US,Iowa,Jefferson,231,1,0,41.03192394,-91.94849466,19101.0,1262.6400655916914,0.4329004329004329,230,212,1,0,211,210,18381,19,0,0,19,2
2020-10-23,US,Iowa,Johnson,5763,30,0,41.67169354,-91.58754744,19103.0,3813.021040095276,0.5205622071837585,5733,5717,30,0,5687,5683,151260,46,0,0,46,34
2020-10-23,US,Iowa,Jones,428,4,0,42.12118609,-91.13139641,19105.0,2069.5324210628114,0.9345794392523364,424,422,3,0,419,417,20744,6,1,0,5,5
2020-10-23,US,Iowa,Keokuk,156,1,0,41.33649833,-92.1785067,19107.0,1522.5453835643177,0.6410256410256411,155,148,1,0,147,145,10225,8,0,0,8,3
2020-10-23,US,Iowa,Kossuth,451,0,0,43.20405458,-94.20691791,19109.0,3044.6229663133736,0.0,451,446,0,0,446,443,14908,5,0,0,5,3
2020-10-23,US,Iowa,Lee,931,10,0,40.64181461,-91.48183025,19111.0,2766.140773093264,1.074113856068743,921,907,10,0,897,898,34055,24,0,0,24,9
2020-10-23,US,Iowa,Linn,5342,129,0,42.07923082,-91.59809485,19113.0,2356.355808844936,2.414825907899663,5213,5245,129,0,5116,5173,225909,97,0,0,97,72
2020-10-23,US,Iowa,Louisa,512,15,0,41.21842119,-91.26102611,19115.0,4639.782510194836,2.9296875,497,507,15,0,492,498,11169,5,0,0,5,9
2020-10-23,US,Iowa,Lucas,198,6,0,41.02958964,-93.32780803,19117.0,2302.325581395349,3.0303030303030303,192,197,6,0,191,191,8645,1,0,0,1,6
2020-10-23,US,Iowa,Lyon,533,7,0,43.38107862,-96.20926845,19119.0,4534.24074861761,1.3133208255159474,526,528,7,0,521,525,11811,5,0,0,5,3
2020-10-23,US,Iowa,Madison,353,3,0,41.33081904,-94.01554631,19121.0,2160.607173460644,0.8498583569405099,350,351,2,0,349,344,16249,2,1,0,1,7
2020-10-23,US,Iowa,Mahaska,670,24,0,41.33521503,-92.64083907,19123.0,3032.360262502829,3.582089552238806,646,659,24,0,635,640,22000,11,0,0,11,19
2020-10-23,US,Iowa,Marion,963,10,0,41.33445101,-93.09934783,19125.0,2895.979310137431,1.038421599169263,953,957,10,0,947,948,33407,6,0,0,6,9
2020-10-23,US,Iowa,Marshall,1983,36,0,42.03586837,-92.99908190000001,19127.0,5036.9580126495475,1.815431164901664,1947,1959,36,0,1923,1947,39981,24,0,0,24,12
2020-10-23,US,Iowa,Mills,371,1,0,41.03299766,-95.61920963,19129.0,2455.490105235291,0.2695417789757412,370,355,1,0,354,350,15063,16,0,0,16,5
2020-10-23,US,Iowa,Mitchell,243,0,0,43.35638371,-92.78887719,19131.0,2295.484602304931,0.0,243,238,0,0,238,236,10569,5,0,0,5,2
2020-10-23,US,Iowa,Monona,236,1,0,42.05220391,-95.95743843,19133.0,2739.408009286129,0.42372881355932196,235,236,1,0,235,233,8679,0,0,0,0,3
2020-10-23,US,Iowa,Monroe,258,11,0,41.02988815,-92.8690667,19135.0,3347.6060724017134,4.263565891472869,247,251,11,0,240,249,7790,7,0,0,7,2
2020-10-23,US,Iowa,Montgomery,164,7,0,41.03018714,-95.15642896,19137.0,1653.7259251789856,4.2682926829268295,157,161,6,0,155,159,10003,3,1,0,2,2
2020-10-23,US,Iowa,Muscatine,1407,58,0,41.48370744,-91.11216970000001,19139.0,3297.8623663978997,4.122245913290691,1349,1393,58,0,1335,1369,42929,14,0,0,14,24
2020-10-23,US,Iowa,O'Brien,622,14,0,43.08310673,-95.62474482,19141.0,4522.649603722824,2.2508038585209005,608,616,14,0,602,590,13840,6,0,0,6,26
2020-10-23,US,Iowa,Osceola,266,0,0,43.37824276,-95.62422844,19143.0,4464.5854313528025,0.0,266,261,0,0,261,254,6040,5,0,0,5,7
2020-10-23,US,Iowa,Page,386,0,0,40.7393172,-95.1497813,19145.0,2555.1069040841994,0.0,386,374,0,0,374,368,15249,12,0,0,12,6
2020-10-23,US,Iowa,Palo Alto,308,2,0,43.08193849,-94.67824621,19147.0,3466.1264911096105,0.6493506493506493,306,298,2,0,296,293,8929,10,0,0,10,5
2020-10-23,US,Iowa,Plymouth,1619,27,0,42.737633,-96.21366621,19149.0,6430.472256424517,1.6676961087090796,1592,1594,26,0,1568,1571,25095,25,1,0,24,23
2020-10-23,US,Iowa,Pocahontas,219,2,0,42.73420133,-94.67862564,19151.0,3308.6568968122083,0.9132420091324199,217,217,2,0,215,214,6740,2,0,0,2,3
2020-10-23,US,Iowa,Polk,18617,286,0,41.68679484,-93.57767461,19153.0,3798.139794883722,1.536230327120374,18331,18419,283,0,18136,18245,487204,198,3,0,195,174
2020-10-23,US,Iowa,Pottawattamie,3148,44,0,41.33640314,-95.53907776,19155.0,3377.464970066305,1.397712833545108,3104,3091,44,0,3047,3032,93533,57,0,0,57,59
2020-10-23,US,Iowa,Poweshiek,447,11,0,41.68625425,-92.53155731,19157.0,2415.693904020752,2.460850111856823,436,441,11,0,430,439,18699,6,0,0,6,2
2020-10-23,US,Iowa,Ringgold,88,2,0,40.73518949,-94.24368535,19159.0,1798.1201471189208,2.272727272727273,86,83,2,0,81,82,4968,5,0,0,5,1
2020-10-23,US,Iowa,Sac,385,4,0,42.38624071,-95.10547892,19161.0,3960.497891163461,1.0389610389610389,381,377,4,0,373,372,9719,8,0,0,8,5
2020-10-23,US,Iowa,Scott,4337,38,0,41.63935978,-90.61959493,19163.0,2507.7626732507238,0.8761816924141111,4299,4210,37,0,4173,4134,173283,127,1,0,126,76
2020-10-23,US,Iowa,Shelby,362,1,0,41.6850066,-95.31015553,19165.0,3160.467958791688,0.27624309392265195,361,360,1,0,359,350,11578,2,0,0,2,10
2020-10-23,US,Iowa,Sioux,2364,16,0,43.08221074,-96.17675679999999,19167.0,6782.384162960838,0.6768189509306259,2348,2343,14,0,2329,2317,34909,21,2,0,19,26
2020-10-23,US,Iowa,Story,3944,18,0,42.03621213,-93.46499005,19169.0,4061.080964197823,0.4563894523326572,3926,3910,18,0,3892,3898,98105,34,0,0,34,12
2020-10-23,US,Iowa,Tama,927,37,0,42.07991767,-92.53266945,19171.0,5500.177999288003,3.9913700107874863,890,918,37,0,881,911,16904,9,0,0,9,7
2020-10-23,US,Iowa,Taylor,231,2,0,40.73710579,-94.69778563,19173.0,3773.893154713282,0.8658008658008658,229,230,2,0,228,225,6191,1,0,0,1,5
2020-10-23,US,Iowa,Unassigned,8,0,0,0.0,0.0,90019.0,0.0,0.0,8,14,0,0,14,9,,-6,0,0,-6,5
2020-10-23,US,Iowa,Union,223,4,0,41.0277278,-94.24234847,19175.0,1821.7465893309368,1.7937219730941705,219,219,4,0,215,217,12359,4,0,0,4,2
2020-10-23,US,Iowa,Van Buren,167,2,0,40.75326764,-91.95017958,19177.0,2370.812038614424,1.1976047904191616,165,166,2,0,164,164,7020,1,0,0,1,2
2020-10-23,US,Iowa,Wapello,1505,62,0,41.03064984,-92.40954728,19179.0,4303.811947725128,4.119601328903655,1443,1494,62,0,1432,1483,35205,11,0,0,11,11
2020-10-23,US,Iowa,Warren,1203,7,0,41.33559454,-93.56007641,19181.0,2337.465511211285,0.5818786367414797,1196,1185,6,0,1179,1171,51056,18,1,0,17,14
2020-10-23,US,Iowa,Washington,634,11,0,41.33577126,-91.71725711,19183.0,2886.41019804234,1.7350157728706626,623,627,11,0,616,618,22141,7,0,0,7,9
2020-10-23,US,Iowa,Wayne,116,3,0,40.73969028,-93.32752197,19185.0,1800.9625834497754,2.586206896551724,113,113,3,0,110,113,6401,3,0,0,3,0
2020-10-23,US,Iowa,Webster,1807,15,0,42.42853483,-94.17987389,19187.0,5032.865418894829,0.8301051466519093,1792,1789,14,0,1775,1740,36277,18,1,0,17,49
2020-10-23,US,Iowa,Winnebago,466,19,0,43.37751174,-93.73407298,19189.0,4500.676067220398,4.07725321888412,447,458,18,0,440,447,10518,8,1,0,7,11
2020-10-23,US,Iowa,Winneshiek,460,9,0,43.29094334,-91.84422722,19191.0,2301.035465959682,1.9565217391304348,451,455,9,0,446,451,20029,5,0,0,5,4
2020-10-23,US,Iowa,Woodbury,7041,94,0,42.38979414,-96.0459439,19193.0,6828.828304576799,1.3350376366993324,6947,6979,94,0,6885,6896,102539,62,0,0,62,83
2020-10-23,US,Iowa,Worth,137,0,0,43.37750768,-93.26087602,19195.0,1856.117057309308,0.0,137,134,0,0,134,133,7453,3,0,0,3,1
2020-10-23,US,Iowa,Wright,710,1,0,42.73305373,-93.73515113,19197.0,5651.9662474128345,0.14084507042253522,709,707,1,0,706,698,12690,3,0,0,3,9
2020-10-23,US,Kansas,Allen,112,1,0,37.88582951,-95.30030847,20001.0,905.489530277306,0.8928571428571429,111,112,1,0,111,112,12444,0,0,0,0,0
2020-10-23,US,Kansas,Anderson,167,0,0,38.21413251,-95.29272815,20003.0,2125.222702977857,0.0,167,167,0,0,167,167,7878,0,0,0,0,0
2020-10-23,US,Kansas,Atchison,512,5,0,39.53185661,-95.30870026,20005.0,3185.4663099608038,0.9765625,507,500,5,0,495,500,16193,12,0,0,12,0
2020-10-23,US,Kansas,Barber,36,0,0,37.2288586,-98.68460053,20007.0,813.1917777275808,0.0,36,31,0,0,31,31,4472,5,0,0,5,0
2020-10-23,US,Kansas,Barton,729,7,0,38.47889676,-98.75636726,20009.0,2827.8831607122074,0.9602194787379972,722,716,7,0,709,716,26111,13,0,0,13,0
2020-10-23,US,Kansas,Bourbon,306,3,0,37.85508555,-94.84865997,20011.0,2105.4080088069354,0.9803921568627452,303,306,3,0,303,306,14653,0,0,0,0,0
2020-10-23,US,Kansas,Brown,204,5,0,39.82652589,-95.56421698,20013.0,2132.998745294856,2.4509803921568634,199,193,5,0,188,193,9598,11,0,0,11,0
2020-10-23,US,Kansas,Butler,841,3,0,37.78134351,-96.83878537,20015.0,1256.8934853760966,0.35671819262782395,838,825,3,0,822,810,66765,16,0,0,16,15
2020-10-23,US,Kansas,Chase,90,2,0,38.30292938,-96.59563862,20017.0,3398.7915407854985,2.2222222222222223,88,90,2,0,88,90,2629,0,0,0,0,0
2020-10-23,US,Kansas,Chautauqua,21,0,0,37.14994405,-96.2454192,20019.0,646.1538461538463,0.0,21,21,0,0,21,21,3309,0,0,0,0,0
2020-10-23,US,Kansas,Cherokee,660,7,0,37.16928494,-94.8462897,20021.0,3310.0957921661065,1.0606060606060606,653,650,7,0,643,650,20015,10,0,0,10,0
2020-10-23,US,Kansas,Cheyenne,111,5,0,39.78580976,-101.7318201,20023.0,4177.643959352653,4.504504504504505,106,109,5,0,104,109,2660,2,0,0,2,0
2020-10-23,US,Kansas,Clark,63,4,0,37.23577007,-99.81883015,20025.0,3159.4784353059167,6.349206349206349,59,63,4,0,59,61,2005,0,0,0,0,2
2020-10-23,US,Kansas,Clay,96,3,0,39.34948772,-97.16518128,20027.0,1199.7000749812544,3.125,93,86,2,0,84,86,7997,10,1,0,9,0
2020-10-23,US,Kansas,Cloud,116,1,0,39.48028352,-97.64925343,20029.0,1320.2822672433415,0.8620689655172413,115,104,1,0,103,104,8729,12,0,0,12,0
2020-10-23,US,Kansas,Coffey,154,9,0,38.2365018,-95.73379515,20031.0,1882.870766597384,5.8441558441558445,145,148,9,0,139,148,8233,6,0,0,6,0
2020-10-23,US,Kansas,Comanche,20,0,0,37.19114520000001,-99.27113247,20033.0,1176.4705882352941,0.0,20,20,0,0,20,20,1748,0,0,0,0,0
2020-10-23,US,Kansas,Cowley,490,10,0,37.23781842,-96.83776647,20035.0,1403.6896986364154,2.0408163265306123,480,484,10,0,474,484,35218,6,0,0,6,0
2020-10-23,US,Kansas,Crawford,1384,10,0,37.50675523,-94.85245778,20037.0,3565.356278015354,0.7225433526011561,1374,1354,10,0,1344,1354,39019,30,0,0,30,0
2020-10-23,US,Kansas,Decatur,76,1,0,39.78468441,-100.45940809999999,20039.0,2688.3622214361512,1.3157894736842106,75,72,1,0,71,72,2871,4,0,0,4,0
2020-10-23,US,Kansas,Dickinson,294,3,0,38.86600962,-97.15532383,20041.0,1592.1152388172861,1.020408163265306,291,275,3,0,272,275,18717,19,0,0,19,0
2020-10-23,US,Kansas,Doniphan,201,0,0,39.79067154,-95.14056866,20043.0,2644.7368421052633,0.0,201,190,0,0,190,190,7682,11,0,0,11,0
2020-10-23,US,Kansas,Douglas,2799,17,0,38.88503636,-95.2925121,20045.0,2289.402007214193,0.6073597713469097,2782,2787,17,0,2770,2769,121436,12,0,0,12,18
2020-10-23,US,Kansas,Edwards,67,0,0,37.88735543,-99.31263309,20047.0,2394.567548248749,0.0,67,64,0,0,64,64,2849,3,0,0,3,0
2020-10-23,US,Kansas,Elk,13,0,0,37.45338105,-96.24369667,20049.0,513.8339920948616,0.0,13,13,0,0,13,13,2508,0,0,0,0,0
2020-10-23,US,Kansas,Ellis,1352,18,0,38.91458712,-99.31751551,20051.0,4735.054109900886,1.331360946745562,1334,1329,16,0,1313,1329,28710,23,2,0,21,0
2020-10-23,US,Kansas,Ellsworth,209,1,0,38.69677695,-98.20462799,20053.0,3425.106522451655,0.4784688995215311,208,178,0,0,178,178,6196,31,1,0,30,0
2020-10-23,US,Kansas,Finney,2900,18,0,38.04340344,-100.73819379999999,20055.0,7952.395316313379,0.6206896551724138,2882,2851,18,0,2833,2766,36611,49,0,0,49,85
2020-10-23,US,Kansas,Ford,3193,13,0,37.69200114,-99.88825298,20057.0,9497.605520687706,0.4071406201064829,3180,3171,13,0,3158,3171,33888,22,0,0,22,0
2020-10-23,US,Kansas,Franklin,522,3,0,38.56443815,-95.28644341,20059.0,2043.5327278421546,0.5747126436781609,519,506,3,0,503,506,25631,16,0,0,16,0
2020-10-23,US,Kansas,Geary,385,4,0,38.99871131,-96.7577178,20061.0,1215.6615093148089,1.0389610389610389,381,384,4,0,380,369,32594,1,0,0,1,15
2020-10-23,US,Kansas,Gove,162,10,0,38.91588178,-100.4829321,20063.0,6145.6752655538685,6.172839506172839,152,162,10,0,152,162,2612,0,0,0,0,0
2020-10-23,US,Kansas,Graham,56,1,0,39.34987223,-99.88332493,20065.0,2256.2449637389204,1.7857142857142858,55,56,1,0,55,56,2492,0,0,0,0,0
2020-10-23,US,Kansas,Grant,422,8,0,37.56227336,-101.3079758,20067.0,5902.0979020979,1.895734597156398,414,417,8,0,409,410,7336,5,0,0,5,7
2020-10-23,US,Kansas,Gray,197,0,0,37.73836671,-100.4369088,20069.0,3289.9131596526386,0.0,197,197,0,0,197,197,6033,0,0,0,0,0
2020-10-23,US,Kansas,Greeley,34,0,0,38.4808095,-101.8061079,20071.0,2759.74025974026,0.0,34,27,0,0,27,27,1227,7,0,0,7,0
2020-10-23,US,Kansas,Greenwood,85,0,0,37.8774388,-96.23250453,20073.0,1420.929455031762,0.0,85,75,0,0,75,75,6055,10,0,0,10,0
2020-10-23,US,Kansas,Hamilton,60,0,0,37.99978709,-101.7921066,20075.0,2363.135092556125,0.0,60,57,0,0,57,57,2607,3,0,0,3,0
2020-10-23,US,Kansas,Harper,149,2,0,37.19175361,-98.07578384,20077.0,2740.9860191317143,1.342281879194631,147,142,2,0,140,142,5506,7,0,0,7,0
2020-10-23,US,Kansas,Harvey,518,7,0,38.04293782,-97.42747573,20079.0,1504.5455865694619,1.351351351351351,511,506,7,0,499,506,34210,12,0,0,12,0
2020-10-23,US,Kansas,Haskell,103,1,0,37.562039399999996,-100.8710738,20081.0,2595.766129032258,0.9708737864077671,102,103,1,0,102,103,3997,0,0,0,0,0
2020-10-23,US,Kansas,Hodgeman,33,0,0,38.08780079,-99.89829881,20083.0,1839.464882943144,0.0,33,32,0,0,32,32,1818,1,0,0,1,0
2020-10-23,US,Kansas,Jackson,315,4,0,39.41673394,-95.79356799,20085.0,2391.617948523271,1.2698412698412698,311,299,4,0,295,291,13280,16,0,0,16,8
2020-10-23,US,Kansas,Jefferson,269,4,0,39.2347941,-95.38289232,20087.0,1412.592553694271,1.4869888475836432,265,266,4,0,262,261,18975,3,0,0,3,5
2020-10-23,US,Kansas,Jewell,28,1,0,39.78470589,-98.21820662,20089.0,972.5599166377216,3.571428571428572,27,28,1,0,27,28,2841,0,0,0,0,0
2020-10-23,US,Kansas,Johnson,13494,190,0,38.88548175,-94.82250877,20091.0,2240.036122117991,1.4080331999407143,13304,13377,185,0,13192,13297,597555,117,5,0,112,80
2020-10-23,US,Kansas,Kearny,139,6,0,38.00017981,-101.32168100000001,20093.0,3621.677957269411,4.316546762589929,133,133,3,0,130,133,3943,6,3,0,3,0
2020-10-23,US,Kansas,Kingman,119,3,0,37.55909527,-98.13638678,20095.0,1663.8702460850106,2.5210084033613445,116,113,3,0,110,113,7310,6,0,0,6,0
2020-10-23,US,Kansas,Kiowa,69,0,0,37.55848695,-99.2856537,20097.0,2787.878787878788,0.0,69,57,0,0,57,57,2516,12,0,0,12,0
2020-10-23,US,Kansas,Labette,372,6,0,37.19113093,-95.29849679,20099.0,1896.217759200734,1.6129032258064515,366,372,6,0,366,361,19964,0,0,0,0,11
2020-10-23,US,Kansas,Lane,21,0,0,38.48119447,-100.46607540000001,20101.0,1368.0781758957655,0.0,21,20,0,0,20,20,1560,1,0,0,1,0
2020-10-23,US,Kansas,Leavenworth,2520,18,0,39.20183497,-95.03620809,20103.0,3082.2671787470344,0.7142857142857143,2502,2493,18,0,2475,2493,81352,27,0,0,27,0
2020-10-23,US,Kansas,Lincoln,20,1,0,39.04549684,-98.20756994,20105.0,675.219446320054,5.0,19,20,1,0,19,20,3023,0,0,0,0,0
2020-10-23,US,Kansas,Linn,110,1,0,38.21267844,-94.84254089,20107.0,1133.669998969391,0.9090909090909092,109,109,1,0,108,109,9750,1,0,0,1,0
2020-10-23,US,Kansas,Logan,68,0,0,38.91735806,-101.148475,20109.0,2433.78668575519,0.0,68,68,0,0,68,68,2844,0,0,0,0,0
2020-10-23,US,Kansas,Lyon,1288,39,0,38.45576156,-96.15275715,20111.0,3880.102425064016,3.027950310559006,1249,1277,39,0,1238,1268,33406,11,0,0,11,9
2020-10-23,US,Kansas,Marion,116,1,0,38.35855394,-97.09852509999999,20115.0,976.1023224503534,0.8620689655172413,115,115,1,0,114,115,11950,1,0,0,1,0
2020-10-23,US,Kansas,Marshall,65,0,0,39.78359669,-96.52278974,20117.0,669.61986195529,0.0,65,64,0,0,64,64,9722,1,0,0,1,0
2020-10-23,US,Kansas,McPherson,390,6,0,38.39184858,-97.64769869,20113.0,1366.4073996216102,1.5384615384615383,384,372,6,0,366,359,28537,18,0,0,18,13
2020-10-23,US,Kansas,Meade,141,1,0,37.23859987,-100.36483100000001,20119.0,3496.1567071658806,0.7092198581560284,140,140,1,0,139,140,4146,1,0,0,1,0
2020-10-23,US,Kansas,Miami,509,2,0,38.56383358,-94.83832189,20121.0,1486.6956801121594,0.3929273084479371,507,509,2,0,507,509,33680,0,0,0,0,0
2020-10-23,US,Kansas,Mitchell,62,0,0,39.39331582,-98.20906732,20123.0,1036.9627027931092,0.0,62,59,0,0,59,59,6150,3,0,0,3,0
2020-10-23,US,Kansas,Montgomery,656,6,0,37.19236568,-95.74329258,20125.0,2061.0135411103083,0.9146341463414634,650,656,6,0,650,656,32120,0,0,0,0,0
2020-10-23,US,Kansas,Morris,56,0,0,38.68827511,-96.65128437,20127.0,996.44128113879,0.0,56,56,0,0,56,56,5521,0,0,0,0,0
2020-10-23,US,Kansas,Morton,41,2,0,37.19141121,-101.79925190000002,20129.0,1584.8473134905296,4.878048780487805,39,41,2,0,39,41,2667,0,0,0,0,0
2020-10-23,US,Kansas,Nemaha,258,1,0,39.78345387,-96.01392079,20131.0,2521.7476297527123,0.3875968992248062,257,258,1,0,257,258,10155,0,0,0,0,0
2020-10-23,US,Kansas,Neosho,255,0,0,37.55862897,-95.30670046,20133.0,1593.0530392953085,0.0,255,255,0,0,255,245,15951,0,0,0,0,10
2020-10-23,US,Kansas,Ness,148,9,0,38.47974157,-99.91547333,20135.0,5381.818181818182,6.081081081081082,139,129,9,0,120,129,2840,19,0,0,19,0
2020-10-23,US,Kansas,Norton,477,10,0,39.78443827,-99.90286639,20137.0,8897.59373251259,2.0964360587002098,467,464,10,0,454,464,5430,13,0,0,13,0
2020-10-23,US,Kansas,Osage,156,2,0,38.65235984,-95.72707998,20139.0,978.1177503291742,1.2820512820512822,154,152,2,0,150,152,15941,4,0,0,4,0
2020-10-23,US,Kansas,Osborne,21,0,0,39.3503437,-98.76753828,20141.0,613.8555977784274,0.0,21,21,0,0,21,21,3475,0,0,0,0,0
2020-10-23,US,Kansas,Ottawa,111,0,0,39.13237408,-97.65020313,20143.0,1946.0028050490885,0.0,111,111,0,0,111,111,5802,0,0,0,0,0
2020-10-23,US,Kansas,Pawnee,413,1,0,38.18108732,-99.23692334,20145.0,6439.0396008730895,0.2421307506053269,412,413,1,0,412,413,6562,0,0,0,0,0
2020-10-23,US,Kansas,Phillips,178,9,0,39.78465501,-99.34668865,20147.0,3400.840657241116,5.056179775280898,169,175,9,0,166,172,5317,3,0,0,3,3
2020-10-23,US,Kansas,Pottawatomie,376,0,0,39.37925655,-96.34564657,20149.0,1542.0579912233936,0.0,376,367,0,0,367,367,24277,9,0,0,9,0
2020-10-23,US,Kansas,Pratt,114,0,0,37.64780729,-98.73922153,20151.0,1243.998254037538,0.0,114,105,0,0,105,105,9378,9,0,0,9,0
2020-10-23,US,Kansas,Rawlins,82,0,0,39.78525843,-101.07616170000001,20153.0,3241.106719367589,0.0,82,76,0,0,76,76,2508,6,0,0,6,0
2020-10-23,US,Kansas,Reno,2005,15,0,37.95230263,-98.08607292,20155.0,3233.9752895254687,0.7481296758104738,1990,1937,15,0,1922,1891,62342,68,0,0,68,46
2020-10-23,US,Kansas,Republic,76,1,0,39.82799632,-97.65036709,20157.0,1639.344262295082,1.3157894736842106,75,74,1,0,73,74,4664,2,0,0,2,0
2020-10-23,US,Kansas,Rice,136,1,0,38.34616184,-98.19992118,20159.0,1426.02495543672,0.7352941176470589,135,132,1,0,131,123,9531,4,0,0,4,9
2020-10-23,US,Kansas,Riley,2123,11,0,39.28935726,-96.73420026,20161.0,2859.952581097101,0.5181347150259067,2112,2096,11,0,2085,2096,73703,27,0,0,27,0
2020-10-23,US,Kansas,Rooks,145,7,0,39.35022773,-99.32484567,20163.0,2947.154471544716,4.827586206896552,138,141,7,0,134,141,5013,4,0,0,4,0
2020-10-23,US,Kansas,Rush,98,0,0,38.52275276,-99.30863983,20165.0,3227.931488801054,0.0,98,98,0,0,98,98,3093,0,0,0,0,0
2020-10-23,US,Kansas,Russell,174,4,0,38.91462787,-98.76254297,20167.0,2537.9229871645275,2.2988505747126435,170,165,4,0,161,165,6907,9,0,0,9,0
2020-10-23,US,Kansas,Saline,1068,13,0,38.78369175,-97.65185177,20169.0,1969.6075538506934,1.2172284644194755,1055,1030,13,0,1017,1030,54401,38,0,0,38,0
2020-10-23,US,Kansas,Scott,176,1,0,38.48222076,-100.90665390000001,20171.0,3649.181007671573,0.5681818181818182,175,174,1,0,173,171,4897,2,0,0,2,3
2020-10-23,US,Kansas,Sedgwick,10625,127,0,37.6842718,-97.4608198,20173.0,2058.9409389158245,1.1952941176470588,10498,10465,127,0,10338,10330,513607,160,0,0,160,135
2020-10-23,US,Kansas,Seward,2049,11,0,37.19324632,-100.85072009999999,20175.0,9562.254993466491,0.5368472425573451,2038,2049,11,0,2038,2031,21780,0,0,0,0,18
2020-10-23,US,Kansas,Shawnee,3354,77,0,39.04100763,-95.75572640000001,20177.0,1896.2544169611303,2.2957662492546214,3277,3333,77,0,3256,3292,177499,21,0,0,21,41
2020-10-23,US,Kansas,Sheridan,143,0,0,39.35018161,-100.44182590000001,20179.0,5672.352241174137,0.0,143,130,0,0,130,130,2533,13,0,0,13,0
2020-10-23,US,Kansas,Sherman,171,0,0,39.35147699,-101.71976240000001,20181.0,2889.978029406793,0.0,171,159,0,0,159,159,5899,12,0,0,12,0
2020-10-23,US,Kansas,Smith,22,0,0,39.78516566,-98.78566062,20183.0,614.0106056377338,0.0,22,19,0,0,19,19,3603,3,0,0,3,0
2020-10-23,US,Kansas,Stafford,77,1,0,38.03100851,-98.71762001,20185.0,1852.7430221366697,1.2987012987012987,76,72,1,0,71,72,4178,5,0,0,5,0
2020-10-23,US,Kansas,Stanton,48,2,0,37.56304714,-101.78435340000001,20187.0,2392.8215353938185,4.166666666666667,46,48,2,0,46,48,1987,0,0,0,0,0
2020-10-23,US,Kansas,Stevens,220,1,0,37.1923008,-101.3118967,20189.0,4010.9389243391065,0.4545454545454545,219,211,1,0,210,211,5559,9,0,0,9,0
2020-10-23,US,Kansas,Sumner,262,3,0,37.23682549,-97.47721621,20191.0,1147.3112629181994,1.1450381679389312,259,246,3,0,243,246,22996,16,0,0,16,0
2020-10-23,US,Kansas,Thomas,315,2,0,39.35107575,-101.0553705,20193.0,4050.4050405040502,0.6349206349206349,313,295,2,0,293,295,7711,20,0,0,20,0
2020-10-23,US,Kansas,Trego,91,3,0,38.91467218,-99.87284448,20195.0,3246.5215840171245,3.2967032967032965,88,87,3,0,84,74,2793,4,0,0,4,13
2020-10-23,US,Kansas,Wabaunsee,81,1,0,38.95471985,-96.20350509,20197.0,1168.6625306593564,1.2345679012345678,80,81,1,0,80,81,6899,0,0,0,0,0
2020-10-23,US,Kansas,Wallace,36,0,0,38.91686134,-101.76388759999999,20199.0,2371.5415019762845,0.0,36,33,0,0,33,33,1503,3,0,0,3,0
2020-10-23,US,Kansas,Washington,31,0,0,39.78420784,-97.08753229999999,20201.0,573.4369219385867,0.0,31,31,0,0,31,31,5420,0,0,0,0,0
2020-10-23,US,Kansas,Wichita,28,0,0,38.48178252,-101.3471509,20203.0,1321.3780084945731,0.0,28,27,0,0,27,27,2105,1,0,0,1,0
2020-10-23,US,Kansas,Wilson,113,2,0,37.55937174,-95.74323255,20205.0,1325.5131964809386,1.7699115044247788,111,106,2,0,104,106,8665,7,0,0,7,0
2020-10-23,US,Kansas,Woodson,27,0,0,37.8865336,-95.74006277,20207.0,860.4206500956022,0.0,27,27,0,0,27,27,3183,0,0,0,0,0
2020-10-23,US,Kansas,Wyandotte,8088,162,0,39.11727348,-94.76378225,20209.0,4889.106504905428,2.0029673590504453,7926,8059,161,0,7898,8022,165324,29,1,0,28,37
2020-10-23,US,Kentucky,Adair,471,21,0,37.10459774,-85.28129668,21001.0,2452.869492761171,4.4585987261146505,450,461,21,0,440,455,19215,10,0,0,10,6
2020-10-23,US,Kentucky,Allen,518,11,0,36.75197631,-86.19457544,21003.0,2430.213464696223,2.123552123552124,507,512,11,0,501,500,21122,6,0,0,6,12
2020-10-23,US,Kentucky,Anderson,239,1,0,38.00671029,-84.99171713,21005.0,1050.6880028135581,0.41841004184100417,238,237,1,0,236,231,22663,2,0,0,2,6
2020-10-23,US,Kentucky,Ballard,69,1,0,37.05842757,-88.99427697,21007.0,874.7464503042596,1.4492753623188406,68,69,1,0,68,69,7979,0,0,0,0,0
2020-10-23,US,Kentucky,Barren,1084,13,0,36.96469836,-85.93338945,21009.0,2449.7728762231914,1.1992619926199262,1071,1048,13,0,1035,1015,44176,36,0,0,36,33
2020-10-23,US,Kentucky,Bath,114,1,0,38.14735938,-83.74588932,21011.0,912.0,0.8771929824561403,113,108,1,0,107,106,12383,6,0,0,6,2
2020-10-23,US,Kentucky,Bell,660,17,0,36.73355174,-83.67766671,21013.0,2535.341118623233,2.575757575757576,643,647,17,0,630,631,26569,13,0,0,13,16
2020-10-23,US,Kentucky,Boone,2027,25,0,38.97065142,-84.72615357,21015.0,1517.431371227944,1.23334977799704,2002,2006,25,0,1981,1986,131533,21,0,0,21,20
2020-10-23,US,Kentucky,Bourbon,296,1,0,38.2054607,-84.21827874,21017.0,1495.8560743885184,0.33783783783783783,295,294,1,0,293,287,20184,2,0,0,2,7
2020-10-23,US,Kentucky,Boyd,632,21,0,38.36176608,-82.68652187,21019.0,1352.7976368851407,3.3227848101265822,611,621,20,0,601,612,47240,11,1,0,10,9
2020-10-23,US,Kentucky,Boyle,431,0,0,37.62680923,-84.8633779,21021.0,1433.7990685296074,0.0,431,423,0,0,423,416,30100,8,0,0,8,7
2020-10-23,US,Kentucky,Bracken,66,1,0,38.69158994,-84.08532444,21023.0,794.8934120197517,1.5151515151515151,65,65,1,0,64,59,8239,1,0,0,1,6
2020-10-23,US,Kentucky,Breathitt,117,0,0,37.52333168,-83.31959161,21025.0,926.3657957244657,0.0,117,115,0,0,115,114,12726,2,0,0,2,1
2020-10-23,US,Kentucky,Breckinridge,187,2,0,37.77377239,-86.42885017,21027.0,913.2197099184452,1.0695187165775402,185,187,2,0,185,183,20388,0,0,0,0,4
2020-10-23,US,Kentucky,Bullitt,1316,14,0,37.97162523,-85.68955617,21029.0,1611.2444292080904,1.0638297872340423,1302,1298,14,0,1284,1286,81069,18,0,0,18,12
2020-10-23,US,Kentucky,Butler,396,16,0,37.20946153,-86.68748787,21031.0,3074.772886093641,4.040404040404041,380,393,16,0,377,394,12772,3,0,0,3,-1
2020-10-23,US,Kentucky,Caldwell,249,0,0,37.14749129,-87.86948214,21033.0,1953.40080018828,0.0,249,246,0,0,246,240,12715,3,0,0,3,6
2020-10-23,US,Kentucky,Calloway,896,9,0,36.62093411,-88.2731593,21035.0,2297.376990333581,1.0044642857142858,887,884,9,0,875,868,39135,12,0,0,12,16
2020-10-23,US,Kentucky,Campbell,1139,16,0,38.94384345,-84.37875208,21037.0,1217.0883911779792,1.404741000877963,1123,1126,16,0,1110,1113,93152,13,0,0,13,13
2020-10-23,US,Kentucky,Carlisle,101,1,0,36.85372876,-88.96692220000001,21039.0,2121.848739495799,0.99009900990099,100,101,1,0,100,101,4771,0,0,0,0,0
2020-10-23,US,Kentucky,Carroll,214,5,0,38.66599534,-85.12601074,21041.0,2012.980904900762,2.336448598130841,209,214,5,0,209,214,10737,0,0,0,0,0
2020-10-23,US,Kentucky,Carter,319,4,0,38.31690743,-83.05092385,21043.0,1190.4317647497853,1.2539184952978055,315,313,4,0,309,312,27004,6,0,0,6,1
2020-10-23,US,Kentucky,Casey,311,15,0,37.32533118,-84.92726209,21045.0,1924.624048517854,4.823151125401928,296,309,15,0,294,307,15888,2,0,0,2,2
2020-10-23,US,Kentucky,Christian,1786,27,0,36.89267803,-87.49055367,21047.0,2534.735527454904,1.5117581187010078,1759,1769,27,0,1742,1751,71671,17,0,0,17,18
2020-10-23,US,Kentucky,Clark,475,11,0,37.9689263,-84.14615986,21049.0,1309.8750792819126,2.3157894736842106,464,460,11,0,449,455,36249,15,0,0,15,5
2020-10-23,US,Kentucky,Clay,482,6,0,37.16451126,-83.712575,21051.0,2421.988844781669,1.2448132780082988,476,462,6,0,456,451,20105,20,0,0,20,11
2020-10-23,US,Kentucky,Clinton,216,3,0,36.72581156,-85.13377529,21053.0,2113.916617733412,1.3888888888888888,213,209,3,0,206,208,10206,7,0,0,7,1
2020-10-23,US,Kentucky,Crittenden,161,1,0,37.35839237,-88.08826090000002,21055.0,1828.2988871224163,0.6211180124223602,160,161,1,0,160,154,8915,0,0,0,0,7
2020-10-23,US,Kentucky,Cumberland,130,0,0,36.78926125,-85.39050034,21057.0,1965.527668581796,0.0,130,129,0,0,129,125,6659,1,0,0,1,4
2020-10-23,US,Kentucky,Daviess,1887,29,0,37.73028906,-87.09019479999998,21059.0,1858.911842066377,1.5368309485956544,1858,1861,27,0,1834,1837,101104,26,2,0,24,24
2020-10-23,US,Kentucky,Edmonson,178,12,0,37.21218923,-86.23955613,21061.0,1465.0205761316872,6.741573033707866,166,174,12,0,162,170,12274,4,0,0,4,4
2020-10-23,US,Kentucky,Elliott,110,0,0,38.11624059,-83.09771563,21063.0,1463.3497405880005,0.0,110,104,0,0,104,101,7508,6,0,0,6,3
2020-10-23,US,Kentucky,Estill,259,0,0,37.69241417,-83.95956369,21065.0,1836.0981142776127,0.0,259,253,0,0,253,252,14198,6,0,0,6,1
2020-10-23,US,Kentucky,Fayette,10245,87,0,38.0368225,-84.45576892,21067.0,3170.3347031737385,0.849194729136164,10158,10142,86,0,10056,10048,323780,103,1,0,102,94
2020-10-23,US,Kentucky,Fleming,166,0,0,38.36758311,-83.69657514,21069.0,1138.4678691447775,0.0,166,155,0,0,155,147,14432,11,0,0,11,8
2020-10-23,US,Kentucky,Floyd,325,4,0,37.56213922,-82.74750924,21071.0,913.2035179409368,1.2307692307692308,321,310,4,0,306,301,35845,15,0,0,15,9
2020-10-23,US,Kentucky,Franklin,824,14,0,38.2379395,-84.87962551,21073.0,1615.9714459414404,1.699029126213592,810,813,14,0,799,809,50815,11,0,0,11,4
2020-10-23,US,Kentucky,Fulton,228,3,0,36.55238827,-89.20140068,21075.0,3819.7352990450654,1.3157894736842106,225,229,3,0,226,224,6120,-1,0,0,-1,5
2020-10-23,US,Kentucky,Gallatin,123,8,0,38.75398691,-84.8558382,21077.0,1386.8530837749465,6.5040650406504055,115,121,8,0,113,121,8832,2,0,0,2,0
2020-10-23,US,Kentucky,Garrard,283,3,0,37.638866799999995,-84.53289319,21079.0,1601.9472432921998,1.060070671378092,280,275,3,0,272,269,17560,8,0,0,8,6
2020-10-23,US,Kentucky,Grant,227,6,0,38.64962758,-84.62415957,21081.0,905.5008177430292,2.643171806167401,221,225,6,0,219,222,25121,2,0,0,2,3
2020-10-23,US,Kentucky,Graves,865,29,0,36.72292505,-88.65143315,21083.0,2321.150646702088,3.352601156069364,836,859,29,0,830,854,37317,6,0,0,6,5
2020-10-23,US,Kentucky,Grayson,488,15,0,37.46231118,-86.34248968,21085.0,1846.5962841033786,3.0737704918032787,473,483,15,0,468,472,26321,5,0,0,5,11
2020-10-23,US,Kentucky,Green,326,8,0,37.26484328,-85.5540745,21087.0,2979.617950827164,2.4539877300613497,318,321,8,0,313,319,11049,5,0,0,5,2
2020-10-23,US,Kentucky,Greenup,592,10,0,38.54332505,-82.9215658,21089.0,1686.705795202006,1.6891891891891893,582,584,10,0,574,580,35268,8,0,0,8,4
2020-10-23,US,Kentucky,Hancock,126,2,0,37.83766422,-86.78280584,21091.0,1444.6227929373997,1.5873015873015872,124,125,2,0,123,124,8758,1,0,0,1,1
2020-10-23,US,Kentucky,Hardin,1871,13,0,37.6976111,-85.96319251,21093.0,1686.223616143045,0.694815606627472,1858,1824,13,0,1811,1788,110356,47,0,0,47,36
2020-10-23,US,Kentucky,Harlan,579,13,0,36.85699301,-83.21899516,21095.0,2226.0668973471743,2.245250431778929,566,572,13,0,559,565,26409,7,0,0,7,7
2020-10-23,US,Kentucky,Harrison,258,1,0,38.44188174,-84.32869741,21097.0,1366.0912845494015,0.3875968992248062,257,257,1,0,256,249,18778,1,0,0,1,8
2020-10-23,US,Kentucky,Hart,349,1,0,37.29943898,-85.88461055,21099.0,1833.464670344103,0.28653295128939826,348,323,1,0,322,304,18906,26,0,0,26,19
2020-10-23,US,Kentucky,Henderson,1265,24,0,37.79344553,-87.57392021,21101.0,2798.0535279805354,1.897233201581028,1241,1248,24,0,1224,1229,45591,17,0,0,17,19
2020-10-23,US,Kentucky,Henry,255,2,0,38.44942688,-85.11587507,21103.0,1581.297283889371,0.7843137254901961,253,248,2,0,246,245,16106,7,0,0,7,3
2020-10-23,US,Kentucky,Hickman,109,1,0,36.67948079999999,-88.97875928,21105.0,2488.584474885845,0.9174311926605504,108,109,1,0,108,104,4421,0,0,0,0,5
2020-10-23,US,Kentucky,Hopkins,984,42,0,37.30939025,-87.54670406,21107.0,2202.031956317415,4.2682926829268295,942,970,42,0,928,963,45068,14,0,0,14,7
2020-10-23,US,Kentucky,Jackson,435,17,0,37.41866422,-83.99825483,21109.0,3263.5606572135944,3.9080459770114944,418,431,17,0,414,424,13442,4,0,0,4,7
2020-10-23,US,Kentucky,Jefferson,20747,347,0,38.18664655,-85.65931031,21111.0,2705.811619587432,1.6725309683327712,20400,20441,341,0,20100,20172,770517,306,6,0,300,269
2020-10-23,US,Kentucky,Jessamine,914,7,0,37.87119786,-84.58252003,21113.0,1688.9956573962854,0.7658643326039387,907,903,7,0,896,886,53920,11,0,0,11,17
2020-10-23,US,Kentucky,Johnson,284,2,0,37.85106355,-82.8264322,21115.0,1279.9711555795925,0.7042253521126759,282,272,2,0,270,269,22386,12,0,0,12,3
2020-10-23,US,Kentucky,Kenton,2495,49,0,38.93950319,-84.53241199,21117.0,1494.029868621181,1.9639278557114228,2446,2471,49,0,2422,2455,166051,24,0,0,24,16
2020-10-23,US,Kentucky,Knott,319,4,0,37.35388197,-82.94981134,21119.0,2154.5319465081725,1.2539184952978055,315,308,3,0,305,303,15126,11,1,0,10,5
2020-10-23,US,Kentucky,Knox,785,9,0,36.89225732,-83.85403396,21121.0,2520.468775084283,1.1464968152866242,776,777,9,0,768,766,31304,8,0,0,8,11
2020-10-23,US,Kentucky,Larue,237,1,0,37.54567114,-85.70138352,21123.0,1646.0619530490344,0.4219409282700422,236,236,1,0,235,227,14307,1,0,0,1,9
2020-10-23,US,Kentucky,Laurel,1353,7,0,37.10975748,-84.11321779,21125.0,2224.853238616743,0.5173688100517368,1346,1333,7,0,1326,1307,60669,20,0,0,20,26
2020-10-23,US,Kentucky,Lawrence,137,0,0,38.07136018,-82.72882223,21127.0,894.4310243520273,0.0,137,137,0,0,137,131,15571,0,0,0,0,6
2020-10-23,US,Kentucky,Lee,85,2,0,37.59645942,-83.71513901,21129.0,1148.1831689855467,2.3529411764705883,83,58,1,0,57,48,7033,27,1,0,26,10
2020-10-23,US,Kentucky,Leslie,125,1,0,37.09246661,-83.37999606,21131.0,1265.5664675508758,0.8,124,123,0,0,123,121,10143,2,1,0,1,2
2020-10-23,US,Kentucky,Letcher,295,2,0,37.12306748,-82.85346474,21133.0,1368.7189718368672,0.6779661016949152,293,291,2,0,289,286,21899,4,0,0,4,5
2020-10-23,US,Kentucky,Lewis,273,15,0,38.53184419,-83.37735618,21135.0,2056.497175141243,5.494505494505495,258,271,15,0,256,266,13257,2,0,0,2,5
2020-10-23,US,Kentucky,Lincoln,305,18,0,37.45475628,-84.6565327,21137.0,1242.413132917838,5.9016393442622945,287,297,18,0,279,291,24644,8,0,0,8,6
2020-10-23,US,Kentucky,Livingston,122,1,0,37.21137452,-88.34797529,21139.0,1326.9523602349361,0.819672131147541,121,123,1,0,122,121,9242,-1,0,0,-1,2
2020-10-23,US,Kentucky,Logan,731,31,0,36.85949479,-86.877635,21141.0,2697.217917496864,4.240766073871408,700,716,30,0,686,711,26989,15,1,0,14,5
2020-10-23,US,Kentucky,Lyon,105,4,0,37.02080035,-88.07886257,21143.0,1278.9281364190012,3.809523809523809,101,104,4,0,100,98,8009,1,0,0,1,6
2020-10-23,US,Kentucky,Madison,2268,13,0,37.71659336,-84.27220275,21151.0,2439.050619979137,0.5731922398589065,2255,2245,13,0,2232,2217,92368,23,0,0,23,28
2020-10-23,US,Kentucky,Magoffin,152,0,0,37.70820545,-83.0657714,21153.0,1249.897212400296,0.0,152,149,0,0,149,148,12362,3,0,0,3,1
2020-10-23,US,Kentucky,Marion,403,10,0,37.55218078,-85.26898542,21155.0,2091.00814611114,2.481389578163772,393,391,10,0,381,367,19404,12,0,0,12,24
2020-10-23,US,Kentucky,Marshall,450,7,0,36.88007070000001,-88.32803576,21157.0,1446.9453376205786,1.5555555555555556,443,440,6,0,434,433,31191,10,1,0,9,7
2020-10-23,US,Kentucky,Martin,167,3,0,37.79990579,-82.51247478,21159.0,1491.7373827601612,1.7964071856287425,164,153,3,0,150,148,11323,14,0,0,14,5
2020-10-23,US,Kentucky,Mason,166,2,0,38.59471935,-83.82151043,21161.0,972.4663151728176,1.2048192771084338,164,161,2,0,159,160,17150,5,0,0,5,1
2020-10-23,US,Kentucky,McCracken,1031,12,0,37.05350953,-88.70445755,21145.0,1576.018832737167,1.1639185257032008,1019,1008,12,0,996,994,65346,23,0,0,23,14
2020-10-23,US,Kentucky,McCreary,251,1,0,36.73874143,-84.48102924,21147.0,1456.6769195055426,0.398406374501992,250,249,1,0,248,248,17408,2,0,0,2,1
2020-10-23,US,Kentucky,McLean,167,3,0,37.5301951,-87.26803443,21149.0,1813.8372977082654,1.7964071856287425,164,156,3,0,153,153,9252,11,0,0,11,3
2020-10-23,US,Kentucky,Meade,360,3,0,37.96163597,-86.21028219,21163.0,1259.97480050399,0.8333333333333334,357,355,3,0,352,339,28715,5,0,0,5,16
2020-10-23,US,Kentucky,Menifee,78,1,0,37.94090733,-83.59985712,21165.0,1202.0342117429495,1.2820512820512822,77,77,1,0,76,76,6451,1,0,0,1,1
2020-10-23,US,Kentucky,Mercer,337,6,0,37.81474237,-84.87488475,21167.0,1536.4975151598044,1.7804154302670625,331,331,6,0,325,327,21774,6,0,0,6,4
2020-10-23,US,Kentucky,Metcalfe,183,2,0,36.99459295,-85.63123699,21169.0,1817.098599940423,1.0928961748633879,181,175,2,0,173,174,10030,8,0,0,8,1
2020-10-23,US,Kentucky,Monroe,264,4,0,36.71225341,-85.71596443,21171.0,2478.8732394366198,1.5151515151515151,260,258,4,0,254,257,10718,6,0,0,6,1
2020-10-23,US,Kentucky,Montgomery,414,4,0,38.03253032,-83.9145241,21173.0,1470.3270945058068,0.966183574879227,410,397,4,0,393,389,28203,17,0,0,17,8
2020-10-23,US,Kentucky,Morgan,114,0,0,37.92465657,-83.25558245,21175.0,856.5632278909009,0.0,114,114,0,0,114,107,13345,0,0,0,0,7
2020-10-23,US,Kentucky,Muhlenberg,944,13,0,37.21425819,-87.14632053,21177.0,3082.750963359676,1.3771186440677967,931,938,13,0,925,928,30774,6,0,0,6,10
2020-10-23,US,Kentucky,Nelson,796,4,0,37.80335779,-85.4657193,21179.0,1721.713927281379,0.5025125628140703,792,776,4,0,772,740,45851,20,0,0,20,36
2020-10-23,US,Kentucky,Nicholas,104,2,0,38.33342292,-84.01889177,21181.0,1430.7332507910305,1.9230769230769231,102,103,2,0,101,103,7166,1,0,0,1,0
2020-10-23,US,Kentucky,Ohio,585,9,0,37.47751843,-86.85368087,21183.0,2438.109527381845,1.5384615384615383,576,580,9,0,571,572,24087,5,0,0,5,8
2020-10-23,US,Kentucky,Oldham,1389,26,0,38.39791089,-85.448222,21185.0,2079.372445695295,1.8718502519798417,1363,1374,26,0,1348,1370,66470,15,0,0,15,4
2020-10-23,US,Kentucky,Owen,116,3,0,38.51679143,-84.82404619,21187.0,1064.1225575635262,2.586206896551724,113,115,3,0,112,115,10880,1,0,0,1,0
2020-10-23,US,Kentucky,Owsley,82,1,0,37.42823949,-83.68811419,21189.0,1857.304643261608,1.2195121951219512,81,76,1,0,75,72,4472,6,0,0,6,4
2020-10-23,US,Kentucky,Pendleton,113,0,0,38.69607718,-84.35599463,21191.0,774.5030843043179,0.0,113,113,0,0,113,112,14529,0,0,0,0,1
2020-10-23,US,Kentucky,Perry,489,9,0,37.25023553,-83.22922731,21193.0,1898.4393198229682,1.8404907975460123,480,472,9,0,463,461,26092,17,0,0,17,11
2020-10-23,US,Kentucky,Pike,786,3,0,37.47088263,-82.39487445,21195.0,1358.0758863777733,0.3816793893129771,783,759,3,0,756,749,58402,27,0,0,27,10
2020-10-23,US,Kentucky,Powell,139,0,0,37.83218794,-83.82553961,21197.0,1124.6864633060927,0.0,139,136,0,0,136,133,12442,3,0,0,3,3
2020-10-23,US,Kentucky,Pulaski,969,13,0,37.10466131,-84.57629079,21199.0,1491.251019560165,1.3415892672858618,956,965,13,0,952,963,64623,4,0,0,4,2
2020-10-23,US,Kentucky,Robertson,17,1,0,38.51923469,-84.05055616,21201.0,806.4516129032259,5.882352941176472,16,17,1,0,16,16,2135,0,0,0,0,1
2020-10-23,US,Kentucky,Rockcastle,315,2,0,37.36642393,-84.31176452,21203.0,1886.7924528301885,0.6349206349206349,313,308,2,0,306,295,16750,7,0,0,7,13
2020-10-23,US,Kentucky,Rowan,330,1,0,38.19484205,-83.42088935,21205.0,1349.141455437449,0.30303030303030304,329,330,1,0,329,324,24583,0,0,0,0,6
2020-10-23,US,Kentucky,Russell,367,6,0,36.99308373,-85.06070117,21207.0,2047.6482731685544,1.6348773841961852,361,364,6,0,358,360,17821,3,0,0,3,4
2020-10-23,US,Kentucky,Scott,1075,18,0,38.29622293,-84.5816631,21209.0,1885.8325731527607,1.6744186046511629,1057,1056,18,0,1038,1034,56031,19,0,0,19,22
2020-10-23,US,Kentucky,Shelby,1359,24,0,38.21476019,-85.194223,21211.0,2772.1116187989555,1.7660044150110374,1335,1341,24,0,1317,1312,48518,18,0,0,18,29
2020-10-23,US,Kentucky,Simpson,335,8,0,36.74058474,-86.58047435,21213.0,1803.790652595305,2.388059701492537,327,329,8,0,321,321,18529,6,0,0,6,8
2020-10-23,US,Kentucky,Spencer,284,0,0,38.03223971,-85.32749335,21215.0,1467.6244121750815,0.0,284,280,0,0,280,269,18794,4,0,0,4,11
2020-10-23,US,Kentucky,Taylor,457,7,0,37.3677562,-85.3329931,21217.0,1773.4487174512008,1.5317286652078774,450,448,7,0,441,440,25549,9,0,0,9,8
2020-10-23,US,Kentucky,Todd,276,12,0,36.8381152,-87.17878374,21219.0,2244.9975597852613,4.3478260869565215,264,276,11,0,265,274,12311,0,1,0,-1,2
2020-10-23,US,Kentucky,Trigg,239,0,0,36.80767017,-87.87333656,21221.0,1631.287966691693,0.0,239,234,0,0,234,230,14643,5,0,0,5,4
2020-10-23,US,Kentucky,Trimble,84,0,0,38.61056487,-85.33775972,21223.0,991.6184629913824,0.0,84,84,0,0,84,84,8515,0,0,0,0,0
2020-10-23,US,Kentucky,Union,496,6,0,37.66166713,-87.94300009,21225.0,3448.995202002642,1.2096774193548387,490,493,6,0,487,485,14505,3,0,0,3,8
2020-10-23,US,Kentucky,Warren,5058,57,0,36.99903045,-86.42672751,21227.0,3805.983626294245,1.126927639383155,5001,4999,57,0,4942,4962,131264,59,0,0,59,37
2020-10-23,US,Kentucky,Washington,217,1,0,37.75599461,-85.17407732,21229.0,1794.1298057048364,0.4608294930875576,216,214,1,0,213,212,12084,3,0,0,3,2
2020-10-23,US,Kentucky,Wayne,271,1,0,36.80310688,-84.8251971,21231.0,1332.8087345694196,0.3690036900369004,270,261,1,0,260,257,20468,10,0,0,10,4
2020-10-23,US,Kentucky,Webster,297,5,0,37.52168356,-87.67989953,21233.0,2294.8539638386646,1.6835016835016836,292,297,5,0,292,293,13111,0,0,0,0,4
2020-10-23,US,Kentucky,Whitley,761,6,0,36.75700531,-84.14541217,21235.0,2098.499889697772,0.7884362680683311,755,742,6,0,736,737,36242,19,0,0,19,5
2020-10-23,US,Kentucky,Wolfe,59,0,0,37.73941626,-83.49303612,21237.0,824.3677518513342,0.0,59,58,0,0,58,58,7177,1,0,0,1,0
2020-10-23,US,Kentucky,Woodford,363,0,0,38.04178222,-84.7417556,21239.0,1357.8215007107055,0.0,363,358,0,0,358,356,26533,5,0,0,5,2
2020-10-23,US,Louisiana,Acadia,3108,100,0,30.295064899999996,-92.41419698,22001.0,5009.267467160932,3.217503217503217,3008,3112,100,0,3012,3091,62190,-4,0,0,-4,21
2020-10-23,US,Louisiana,Allen,1843,55,0,30.65385745,-92.82442028,22003.0,7191.6338237015625,2.9842647856755287,1788,1835,54,0,1781,1823,25605,8,1,0,7,12
2020-10-23,US,Louisiana,Ascension,4043,98,0,30.20406249,-90.91328409999998,22005.0,3193.4220087832928,2.4239426168686617,3945,3998,98,0,3900,3992,124672,45,0,0,45,6
2020-10-23,US,Louisiana,Assumption,793,24,0,29.89946234,-91.06461642,22007.0,3622.4932620711706,3.0264817150063053,769,794,24,0,770,788,22300,-1,0,0,-1,6
2020-10-23,US,Louisiana,Avoyelles,1700,62,0,31.07796211,-92.00079449,22009.0,4234.754882423275,3.647058823529412,1638,1692,62,0,1630,1679,40462,8,0,0,8,13
2020-10-23,US,Louisiana,Beauregard,1065,40,0,30.64836518,-93.34173616,22011.0,2840.2272181774542,3.755868544600939,1025,1063,40,0,1023,1056,37253,2,0,0,2,7
2020-10-23,US,Louisiana,Bienville,589,33,0,32.34569994,-93.05398492,22013.0,4448.3045087229075,5.602716468590832,556,584,33,0,551,581,13308,5,0,0,5,3
2020-10-23,US,Louisiana,Bossier,4129,117,0,32.67932307,-93.60460152,22015.0,3250.183014664788,2.8336158876241218,4012,4082,117,0,3965,4023,127185,47,0,0,47,59
2020-10-23,US,Louisiana,Caddo,9928,392,0,32.57991587,-93.88375652,22017.0,4133.153486203394,3.94842868654311,9536,9855,391,0,9464,9784,242922,73,1,0,72,71
2020-10-23,US,Louisiana,Calcasieu,8302,224,0,30.22931235,-93.35400434,22019.0,4080.8903045675293,2.69814502529511,8078,8284,224,0,8060,8256,203112,18,0,0,18,28
2020-10-23,US,Louisiana,Caldwell,345,3,0,32.0902519,-92.11752148,22021.0,3478.5238959467633,0.8695652173913043,342,344,3,0,341,340,9960,1,0,0,1,4
2020-10-23,US,Louisiana,Cameron,241,2,0,29.87592238,-93.19310676,22023.0,3456.18815430948,0.8298755186721992,239,242,2,0,240,238,6968,-1,0,0,-1,4
2020-10-23,US,Louisiana,Catahoula,460,14,0,31.66778967,-91.84526385,22025.0,4845.16536760059,3.0434782608695654,446,459,14,0,445,455,9608,1,0,0,1,4
2020-10-23,US,Louisiana,Claiborne,600,24,0,32.82308512,-92.99526883,22027.0,3828.972559029993,4.0,576,599,24,0,575,593,15944,1,0,0,1,6
2020-10-23,US,Louisiana,Concordia,597,16,0,31.44817835,-91.63814433,22029.0,3099.8494210498993,2.680067001675042,581,593,16,0,577,576,19572,4,0,0,4,17
2020-10-23,US,Louisiana,De Soto,1009,35,0,32.05457447,-93.74130302,22031.0,3674.0341550449693,3.468780971258672,974,1007,35,0,972,1000,27436,2,0,0,2,7
2020-10-23,US,Louisiana,East Baton Rouge,15950,457,0,30.53842039,-91.09777565,22033.0,3624.513985624655,2.865203761755486,15493,15869,456,0,15413,15846,440956,81,1,0,80,23
2020-10-23,US,Louisiana,East Carroll,578,6,0,32.73926954,-91.23425694,22035.0,8424.427925958316,1.038062283737024,572,576,6,0,570,575,7037,2,0,0,2,1
2020-10-23,US,Louisiana,East Feliciana,1795,77,0,30.84425359,-91.04976723,22037.0,9380.71596550823,4.289693593314763,1718,1794,76,0,1718,1786,19305,1,1,0,0,8
2020-10-23,US,Louisiana,Evangeline,1401,39,0,30.72985248,-92.39915924,22039.0,4195.238808204821,2.78372591006424,1362,1400,39,0,1361,1389,33443,1,0,0,1,11
2020-10-23,US,Louisiana,Franklin,1305,45,0,32.13675181,-91.67589857,22041.0,6520.109917561827,3.4482758620689653,1260,1299,44,0,1255,1287,20156,6,1,0,5,12
2020-10-23,US,Louisiana,Grant,532,30,0,31.59882456,-92.56124347,22043.0,2376.166867658225,5.639097744360902,502,528,30,0,498,522,22482,4,0,0,4,6
2020-10-23,US,Louisiana,Iberia,3059,95,0,29.86803617,-91.75871777,22045.0,4380.638693971073,3.1055900621118013,2964,3060,93,0,2967,3049,70941,-1,2,0,-3,11
2020-10-23,US,Louisiana,Iberville,1470,60,0,30.25734305,-91.3499598,22047.0,4521.546553474209,4.081632653061225,1410,1462,60,0,1402,1457,32721,8,0,0,8,5
2020-10-23,US,Louisiana,Jackson,846,23,0,32.30251776,-92.55692092,22049.0,5373.475609756098,2.7186761229314422,823,847,22,0,825,829,15902,-1,1,0,-2,18
2020-10-23,US,Louisiana,Jefferson,18539,583,0,29.74075478,-90.11115756,22051.0,4286.543366019797,3.144721937537084,17956,18491,581,0,17910,18441,434051,48,2,0,46,50
2020-10-23,US,Louisiana,Jefferson Davis,1335,43,0,30.26896765,-92.81210004,22053.0,4255.92960979342,3.2209737827715355,1292,1329,43,0,1286,1323,31582,6,0,0,6,6
2020-10-23,US,Louisiana,LaSalle,490,10,0,31.67884782,-92.15907765,22059.0,3290.3572387859253,2.0408163265306123,480,485,10,0,475,483,14917,5,0,0,5,2
2020-10-23,US,Louisiana,Lafayette,9380,138,0,30.2049055,-92.06959876,22055.0,3838.12758296166,1.4712153518123667,9242,9378,137,0,9241,9345,242782,2,1,0,1,33
2020-10-23,US,Louisiana,Lafourche,3871,128,0,29.52470226,-90.40976986,22057.0,3965.6196857008217,3.3066391113407385,3743,3862,126,0,3736,3854,98115,9,2,0,7,8
2020-10-23,US,Louisiana,Lincoln,1633,48,0,32.6003154,-92.66597409999999,22061.0,3493.645971503145,2.939375382731169,1585,1630,48,0,1582,1622,47196,3,0,0,3,8
2020-10-23,US,Louisiana,Livingston,4157,79,0,30.44143993,-90.73061664,22063.0,2952.645448152909,1.9004089487611255,4078,4132,79,0,4053,4135,139567,25,0,0,25,-3
2020-10-23,US,Louisiana,Madison,893,9,0,32.36918118,-91.23973355,22065.0,8154.506437768241,1.0078387458006721,884,892,8,0,884,892,11161,1,1,0,0,0
2020-10-23,US,Louisiana,Morehouse,885,26,0,32.81686191,-91.80421614,22067.0,3557.9319771649107,2.9378531073446332,859,882,26,0,856,874,25398,3,0,0,3,8
2020-10-23,US,Louisiana,Natchitoches,1448,28,0,31.72321584,-93.09816516,22069.0,3794.7481524188897,1.9337016574585637,1420,1437,28,0,1409,1422,38659,11,0,0,11,15
2020-10-23,US,Louisiana,Orleans,13368,592,0,30.06971951,-89.92660315,22071.0,3426.4271653543306,4.428485936564932,12776,13324,592,0,12732,13289,391006,44,0,0,44,35
2020-10-23,US,Louisiana,Ouachita,6911,160,0,32.47645559,-92.15704172,22073.0,4508.77158645346,2.315149761250181,6751,6880,160,0,6720,6845,154475,31,0,0,31,35
2020-10-23,US,Louisiana,Plaquemines,885,19,0,29.42245447,-89.60322085,22075.0,3815.148510583265,2.146892655367232,866,884,19,0,865,883,23410,1,0,0,1,1
2020-10-23,US,Louisiana,Pointe Coupee,1129,40,0,30.71409502,-91.60209535,22077.0,5195.5821445006895,3.5429583702391496,1089,1127,40,0,1087,1119,21940,2,0,0,2,8
2020-10-23,US,Louisiana,Rapides,4646,154,0,31.19778499,-92.52997303,22079.0,3583.549302727385,3.3146792940163583,4492,4624,154,0,4470,4593,130562,22,0,0,22,31
2020-10-23,US,Louisiana,Red River,415,24,0,32.09530039,-93.34213308,22081.0,4915.896706941483,5.783132530120483,391,407,24,0,383,405,8477,8,0,0,8,2
2020-10-23,US,Louisiana,Richland,872,16,0,32.41391005,-91.76634876,22083.0,4333.565251963026,1.834862385321101,856,868,16,0,852,860,20192,4,0,0,4,8
2020-10-23,US,Louisiana,Sabine,976,15,0,31.56388699,-93.55433981,22085.0,4086.417685479819,1.536885245901639,961,972,14,0,958,960,24032,4,1,0,3,12
2020-10-23,US,Louisiana,St. Bernard,1532,32,0,29.87761636,-89.51887093,22087.0,3242.739818812972,2.0887728459530033,1500,1525,32,0,1493,1524,46721,7,0,0,7,1
2020-10-23,US,Louisiana,St. Charles,1933,63,0,29.90709658,-90.35555967,22089.0,3640.30131826742,3.259182617692705,1870,1928,63,0,1865,1920,52879,5,0,0,5,8
2020-10-23,US,Louisiana,St. Helena,434,4,0,30.82210324,-90.71013176,22091.0,4283.458349782866,0.9216589861751152,430,433,4,0,429,430,10262,1,0,0,1,3
2020-10-23,US,Louisiana,St. James,837,40,0,30.02531716,-90.80212061,22093.0,3967.576791808873,4.778972520908004,797,834,40,0,794,832,21037,3,0,0,3,2
2020-10-23,US,Louisiana,St. John the Baptist,1628,107,0,30.12597499,-90.4753503,22095.0,3800.452879520041,6.572481572481573,1521,1627,106,0,1521,1623,43184,1,1,0,0,4
2020-10-23,US,Louisiana,St. Landry,3616,135,0,30.59724262,-92.00135806,22097.0,4403.097754614973,3.7334070796460175,3481,3597,135,0,3462,3565,82764,19,0,0,19,32
2020-10-23,US,Louisiana,St. Martin,2201,63,0,30.13112107,-91.61403569,22099.0,4119.3314742378025,2.862335302135393,2138,2191,63,0,2128,2183,53621,10,0,0,10,8
2020-10-23,US,Louisiana,St. Mary,2015,85,0,29.69262097,-91.44702164,22101.0,4083.2455216016856,4.218362282878412,1930,2011,84,0,1927,2001,49774,4,1,0,3,10
2020-10-23,US,Louisiana,St. Tammany,7640,269,0,30.40942847,-89.95642711,22103.0,2933.7337137459253,3.520942408376963,7371,7602,269,0,7333,7580,258111,38,0,0,38,22
2020-10-23,US,Louisiana,Tangipahoa,4959,123,0,30.62888673,-90.40664996,22105.0,3679.9299485002734,2.4803387779794317,4836,4936,122,0,4814,4930,133777,23,1,0,22,6
2020-10-23,US,Louisiana,Tensas,187,2,0,32.00760749,-91.32915234,22107.0,4314.720812182741,1.0695187165775402,185,186,2,0,184,186,4462,1,0,0,1,0
2020-10-23,US,Louisiana,Terrebonne,3855,123,0,29.37343766,-90.82626855,22109.0,3489.919519106291,3.1906614785992216,3732,3841,123,0,3718,3832,111021,14,0,0,14,9
2020-10-23,US,Louisiana,Unassigned,249,206,0,0.0,0.0,90022.0,0.0,82.73092369477912,43,245,206,0,39,241,,4,0,0,4,4
2020-10-23,US,Louisiana,Union,1098,51,0,32.83121059,-92.3749373,22111.0,4966.527953681925,4.644808743169398,1047,1097,51,0,1046,1079,22330,1,0,0,1,18
2020-10-23,US,Louisiana,Vermilion,2114,70,0,29.83517605,-92.30292538,22113.0,3552.2844516139867,3.3112582781456954,2044,2104,70,0,2034,2097,59830,10,0,0,10,7
2020-10-23,US,Louisiana,Vernon,1112,55,0,31.10884837,-93.18153838,22115.0,2344.557127495836,4.946043165467626,1057,1113,55,0,1058,1108,48860,-1,0,0,-1,5
2020-10-23,US,Louisiana,Washington,1737,71,0,30.85288548,-90.03866652,22117.0,3760.228601117028,4.087507196315486,1666,1732,70,0,1662,1731,46582,5,1,0,4,1
2020-10-23,US,Louisiana,Webster,1452,40,0,32.70847669,-93.33121835,22119.0,3787.1674491392796,2.7548209366391183,1412,1445,38,0,1407,1430,38798,7,2,0,5,15
2020-10-23,US,Louisiana,West Baton Rouge,960,42,0,30.46058217,-91.30989571,22121.0,3627.4324579633476,4.375,918,955,42,0,913,957,26427,5,0,0,5,-2
2020-10-23,US,Louisiana,West Carroll,371,12,0,32.78550125,-91.461201,22123.0,3425.6694367497694,3.2345013477088953,359,371,12,0,359,369,10982,0,0,0,0,2
2020-10-23,US,Louisiana,West Feliciana,739,25,0,30.87882871,-91.41485379999999,22125.0,4746.916752312436,3.3829499323410013,714,740,25,0,715,747,15460,-1,0,0,-1,-7
2020-10-23,US,Louisiana,Winn,680,19,0,31.94449367,-92.63789413,22127.0,4890.678941311853,2.794117647058824,661,676,19,0,657,674,14134,4,0,0,4,2
2020-10-23,US,Maine,Androscoggin,841,10,0,44.1664747,-70.20380627,23001.0,776.7115823305041,1.1890606420927468,831,840,10,0,830,839,107679,1,0,0,1,1
2020-10-23,US,Maine,Aroostook,59,1,0,46.65926321,-68.59841248,23003.0,87.98747296995005,1.6949152542372878,58,59,1,0,58,59,67111,0,0,0,0,0
2020-10-23,US,Maine,Cumberland,2445,70,0,43.8370751,-70.37226999,23005.0,828.8051307952803,2.8629856850715747,2375,2436,70,0,2366,2431,293557,9,0,0,9,5
2020-10-23,US,Maine,Franklin,74,1,0,44.97330019,-70.44381045,23007.0,245.04122653067986,1.351351351351351,73,74,1,0,73,74,29897,0,0,0,0,0
2020-10-23,US,Maine,Hancock,62,1,0,44.59816444,-68.38401854,23009.0,112.75392365468201,1.6129032258064515,61,62,1,0,61,60,54811,0,0,0,0,2
2020-10-23,US,Maine,Kennebec,305,11,0,44.40759555,-69.76738544,23011.0,249.382675671698,3.60655737704918,294,301,11,0,290,298,122083,4,0,0,4,3
2020-10-23,US,Maine,Knox,58,1,0,44.11486325,-69.10529169,23013.0,145.8312380569245,1.7241379310344829,57,61,1,0,60,61,39771,-3,0,0,-3,0
2020-10-23,US,Maine,Lincoln,60,1,0,44.05996956,-69.54227124,23015.0,173.2401686204308,1.6666666666666667,59,60,1,0,59,57,34342,0,0,0,0,3
2020-10-23,US,Maine,Oxford,158,2,0,44.49952995,-70.75682123,23017.0,272.53126347563597,1.2658227848101269,156,157,2,0,155,157,57618,1,0,0,1,0
2020-10-23,US,Maine,Penobscot,284,6,0,45.40194593,-68.65020455,23019.0,186.66035702079554,2.112676056338028,278,284,6,0,278,284,151096,0,0,0,0,0
2020-10-23,US,Maine,Piscataquis,10,0,0,45.83839062,-69.2860223,23021.0,59.577003276735184,0.0,10,10,0,0,10,10,16800,0,0,0,0,0
2020-10-23,US,Maine,Sagadahoc,79,0,0,43.95415864,-69.85074999,23023.0,220.32574743418118,0.0,79,79,0,0,79,78,35634,0,0,0,0,1
2020-10-23,US,Maine,Somerset,129,8,0,45.51229767,-69.95995554,23025.0,255.52650344663655,6.2015503875969005,121,129,8,0,121,127,50592,0,0,0,0,2
2020-10-23,US,Maine,Waldo,143,14,0,44.4858305,-69.12061935,23027.0,360.0654664484452,9.79020979020979,129,138,14,0,124,132,39694,5,0,0,5,6
2020-10-23,US,Maine,Washington,30,0,0,45.01607142,-67.62813524,23029.0,95.60534115172571,0.0,30,29,0,0,29,23,31490,1,0,0,1,6
2020-10-23,US,Maine,York,1357,20,0,43.47808377,-70.71052375,23031.0,653.5318169340353,1.4738393515106851,1337,1344,20,0,1324,1334,206229,13,0,0,13,10
2020-10-23,US,Maryland,Allegany,614,23,0,39.62357628,-78.69280486,24001.0,871.9609179731879,3.745928338762215,591,604,23,0,581,594,70975,10,0,0,10,10
2020-10-23,US,Maryland,Anne Arundel,11568,267,0,39.00670238,-76.60329337,24003.0,1997.1203347869773,2.3080912863070537,11301,11514,266,0,11248,11433,576031,54,1,0,53,81
2020-10-23,US,Maryland,Baltimore,19980,661,0,39.45784712,-76.62911955,24005.0,2414.880887631894,3.3083083083083085,19319,19897,658,0,19239,19799,828431,83,3,0,80,98
2020-10-23,US,Maryland,Baltimore City,17181,499,0,39.30211911,-76.61151012,24510.0,2894.909771015519,2.9043711076188816,16682,17079,498,0,16581,17000,621342,102,1,0,101,79
2020-10-23,US,Maryland,Calvert,1153,29,0,38.53961642,-76.56820632,24009.0,1246.1496892731693,2.515177797051171,1124,1145,29,0,1116,1141,92003,8,0,0,8,4
2020-10-23,US,Maryland,Caroline,726,8,0,38.87172293,-75.82904158,24011.0,2173.2622882116984,1.1019283746556474,718,721,8,0,713,713,33304,5,0,0,5,8
2020-10-23,US,Maryland,Carroll,2175,129,0,39.56453592,-77.02373735,24013.0,1291.207323371743,5.931034482758621,2046,2168,129,0,2039,2159,168429,7,0,0,7,9
2020-10-23,US,Maryland,Cecil,1307,36,0,39.56647682,-75.94627411,24015.0,1270.7209177968984,2.754399387911247,1271,1299,36,0,1263,1291,102826,8,0,0,8,8
2020-10-23,US,Maryland,Charles,3078,101,0,38.51092331,-76.98580666,24017.0,1885.3709182454654,3.281351526965562,2977,3067,101,0,2966,3050,161503,11,0,0,11,17
2020-10-23,US,Maryland,Dorchester,742,10,0,38.45413522,-76.02752426,24019.0,2323.906166807604,1.3477088948787062,732,735,10,0,725,715,31998,7,0,0,7,20
2020-10-23,US,Maryland,Frederick,4610,137,0,39.47296601,-77.39999394,24021.0,1776.1715604495525,2.9718004338394794,4473,4581,138,0,4443,4559,255648,29,-1,0,30,22
2020-10-23,US,Maryland,Garrett,117,1,0,39.52786077,-79.27355126,24023.0,403.25360170951967,0.8547008547008547,116,115,1,0,114,108,29163,2,0,0,2,7
2020-10-23,US,Maryland,Harford,3492,80,0,39.55010644,-76.30775940000002,24025.0,1367.0475765440942,2.290950744558992,3412,3482,80,0,3402,3448,253956,10,0,0,10,34
2020-10-23,US,Maryland,Howard,5716,124,0,39.25305293,-76.93126208,24027.0,1755.0431391814304,2.1693491952414274,5592,5684,124,0,5560,5647,323196,32,0,0,32,37
2020-10-23,US,Maryland,Kent,338,24,0,39.24976208,-76.04741541,24029.0,1740.294511378849,7.100591715976331,314,336,24,0,312,334,19383,2,0,0,2,2
2020-10-23,US,Maryland,Montgomery,24877,863,0,39.13676329,-77.20358245,24031.0,2367.686696716818,3.4690678136431243,24014,24772,863,0,23909,24664,1052567,105,0,0,105,108
2020-10-23,US,Maryland,Prince George's,31999,853,0,38.83070039,-76.8496441,24033.0,3518.976121901142,2.6657083033844806,31146,31844,852,0,30992,31695,909308,155,1,0,154,149
2020-10-23,US,Maryland,Queen Anne's,758,26,0,39.06198912,-76.03530977,24035.0,1504.5354399475991,3.430079155672823,732,743,26,0,717,742,50251,15,0,0,15,1
2020-10-23,US,Maryland,Somerset,404,6,0,38.1163542,-75.75118623,24039.0,1577.1392879450345,1.4851485148514851,398,401,6,0,395,398,25675,3,0,0,3,3
2020-10-23,US,Maryland,St. Mary's,1429,60,0,38.30058422,-76.60629279999998,24037.0,1258.9199189498722,4.198740377886634,1369,1420,59,0,1361,1416,112664,9,1,0,8,4
2020-10-23,US,Maryland,Talbot,636,6,0,38.76618159,-76.10882561,24041.0,1710.5510879212502,0.9433962264150944,630,631,6,0,625,627,36968,5,0,0,5,4
2020-10-23,US,Maryland,Unassigned,0,14,0,0.0,0.0,90024.0,0.0,0.0,-14,0,12,0,-12,0,,0,2,0,-2,0
2020-10-23,US,Maryland,Washington,2182,42,0,39.60835778,-77.82002295,24043.0,1444.5643466689614,1.924839596700275,2140,2158,42,0,2116,2137,150926,24,0,0,24,21
2020-10-23,US,Maryland,Wicomico,2418,49,0,38.37301947,-75.62705831,24045.0,2333.7740929842003,2.0264681555004134,2369,2397,49,0,2348,2385,103195,21,0,0,21,12
2020-10-23,US,Maryland,Worcester,1191,30,0,38.21274277,-75.33200012,24047.0,2278.2921417093885,2.5188916876574305,1161,1186,30,0,1156,1181,51823,5,0,0,5,5
2020-10-23,US,Massachusetts,Barnstable,1929,182,0,41.72980578,-70.28854339,25001.0,905.6763228320578,9.434940383618457,1747,1922,182,0,1740,1911,213413,7,0,0,7,11
2020-10-23,US,Massachusetts,Berkshire,747,51,0,42.37428441,-73.20524838,25003.0,597.8678447944678,6.827309236947792,696,744,51,0,693,742,126348,3,0,0,3,2
2020-10-23,US,Massachusetts,Bristol,11451,735,0,41.79228404,-71.10872211,25005.0,2025.9475564252318,6.418653392716793,10716,11334,735,0,10599,11170,564022,117,0,0,117,164
2020-10-23,US,Massachusetts,Dukes and Nantucket,213,2,0,41.40674725,-70.68763497,0.0,741.359507152553,0.9389671361502347,211,209,2,0,207,208,26707,4,0,0,4,1
2020-10-23,US,Massachusetts,Essex,22739,1336,0,42.6687626,-70.94687179,25009.0,2881.8783474476386,5.875368309952066,21403,22596,1333,0,21263,22446,790638,143,3,0,140,150
2020-10-23,US,Massachusetts,Franklin,456,72,0,42.58119713,-72.58602547,25011.0,649.7577657452266,15.789473684210524,384,456,72,0,384,445,70963,0,0,0,0,11
2020-10-23,US,Massachusetts,Hampden,9379,807,0,42.13440424,-72.63235561,25013.0,2011.055552220116,8.604328819703593,8572,9305,804,0,8501,9219,470406,74,3,0,71,86
2020-10-23,US,Massachusetts,Hampshire,1435,153,0,42.33997957,-72.65898478,25015.0,892.2464714294597,10.662020905923344,1282,1430,153,0,1277,1420,161355,5,0,0,5,10
2020-10-23,US,Massachusetts,Middlesex,30831,2243,0,42.48607732,-71.39049229,25017.0,1912.9502469133506,7.275145146119166,28588,30656,2240,0,28416,30502,1614714,175,3,0,172,154
2020-10-23,US,Massachusetts,Norfolk,11397,1099,0,42.16073095,-71.20530408,25021.0,1612.535814085105,9.64288847942441,10298,11336,1097,0,10239,11274,705388,61,2,0,59,62
2020-10-23,US,Massachusetts,Plymouth,10975,820,0,41.94070556,-70.80802823,25023.0,2105.709494591349,7.471526195899773,10155,10895,814,0,10081,10824,518132,80,6,0,74,71
2020-10-23,US,Massachusetts,Suffolk,27180,1168,0,42.327951399999996,-71.07850442,25025.0,3380.9880993697034,4.297277409860191,26012,26954,1166,0,25788,26787,807252,226,2,0,224,167
2020-10-23,US,Massachusetts,Unassigned,3693,5,0,0.0,0.0,90025.0,0.0,0.13539128080151638,3688,3600,5,0,3595,3537,,93,0,0,93,63
2020-10-23,US,Massachusetts,Worcester,15860,1157,0,42.35026951,-71.90493363,25027.0,1909.4124643941527,7.2950819672131155,14703,15778,1156,0,14622,15681,830839,82,1,0,81,97
2020-10-23,US,Michigan,Alcona,52,2,0,44.6846864,-83.59507875,26001.0,499.7597308986065,3.8461538461538463,50,52,2,0,50,52,10362,0,0,0,0,0
2020-10-23,US,Michigan,Alger,103,1,0,46.41292944,-86.60260122,26003.0,1130.8739569609136,0.9708737864077671,102,103,1,0,102,101,9097,0,0,0,0,2
2020-10-23,US,Michigan,Allegan,1165,7,0,42.59147037,-85.89102866,26005.0,986.6108857479187,0.6008583690987125,1158,1142,7,0,1135,1109,117327,23,0,0,23,33
2020-10-23,US,Michigan,Alpena,156,14,0,45.03477666,-83.62212411,26007.0,549.1990846681922,8.974358974358974,142,157,14,0,143,156,28360,-1,0,0,-1,1
2020-10-23,US,Michigan,Antrim,109,0,0,44.99690221,-85.15503082,26009.0,467.3297890584805,0.0,109,107,0,0,107,106,23365,2,0,0,2,1
2020-10-23,US,Michigan,Arenac,90,3,0,44.0636262,-83.89277559,26011.0,604.7167909695626,3.333333333333333,87,89,3,0,86,89,15041,1,0,0,1,0
2020-10-23,US,Michigan,Baraga,77,4,0,46.6720582,-88.36363591,26013.0,937.9948836642708,5.194805194805196,73,78,4,0,74,75,8320,-1,0,0,-1,3
2020-10-23,US,Michigan,Barry,590,5,0,42.59513984,-85.30834519,26015.0,958.5702680747361,0.8474576271186439,585,577,6,0,571,562,61157,13,-1,0,14,15
2020-10-23,US,Michigan,Bay,1312,60,0,43.70639106,-83.98731479,26017.0,1272.2300874658185,4.573170731707316,1252,1288,59,0,1229,1260,103923,24,1,0,23,28
2020-10-23,US,Michigan,Benzie,114,2,0,44.63899297,-86.01608482,26019.0,641.6751097602162,1.7543859649122806,112,111,2,0,109,111,17753,3,0,0,3,0
2020-10-23,US,Michigan,Berrien,2530,81,0,41.95447397,-86.41313079999998,26021.0,1649.2721690210626,3.2015810276679844,2449,2489,81,0,2408,2457,154141,41,0,0,41,32
2020-10-23,US,Michigan,Branch,839,10,0,41.91600556,-85.05929476,26023.0,1927.9821678884118,1.1918951132300355,829,828,10,0,818,812,43622,11,0,0,11,16
2020-10-23,US,Michigan,Calhoun,2541,65,0,42.24633834,-85.00493569,26025.0,1894.021273265305,2.558048012593467,2476,2493,63,0,2430,2364,134487,48,2,0,46,129
2020-10-23,US,Michigan,Cass,926,24,0,41.91522292,-85.99405727,26027.0,1788.0935369880472,2.591792656587473,902,895,24,0,871,881,51653,31,0,0,31,14
2020-10-23,US,Michigan,Charlevoix,148,4,0,45.37790017,-85.19614053,26029.0,566.1171250430325,2.702702702702702,144,142,4,0,138,140,26244,6,0,0,6,2
2020-10-23,US,Michigan,Cheboygan,130,2,0,45.44787015,-84.50122149,26031.0,514.3218863744263,1.5384615384615383,128,123,2,0,121,119,25413,7,0,0,7,4
2020-10-23,US,Michigan,Chippewa,123,0,0,46.29552653,-84.54353449,26033.0,329.3260863744679,0.0,123,117,0,0,117,113,37517,6,0,0,6,4
2020-10-23,US,Michigan,Clare,244,9,0,43.98794227,-84.84819859999998,26035.0,788.3683360258482,3.6885245901639343,235,235,9,0,226,221,30757,9,0,0,9,14
2020-10-23,US,Michigan,Clinton,1007,14,0,42.94400871,-84.60145248,26037.0,1265.1548464099506,1.3902681231380338,993,972,14,0,958,963,79332,35,0,0,35,9
2020-10-23,US,Michigan,Crawford,145,5,0,44.68255561,-84.61006219,26039.0,1033.573312424264,3.4482758620689653,140,144,5,0,139,140,13901,1,0,0,1,4
2020-10-23,US,Michigan,Delta,1111,22,0,45.90484910000001,-86.9080745,26041.0,3104.7395484015196,1.98019801980198,1089,1097,22,0,1075,1051,35857,14,0,0,14,46
2020-10-23,US,Michigan,Dickinson,550,17,0,46.00999672,-87.86961634,26043.0,2179.1671619319313,3.0909090909090913,533,529,15,0,514,504,25383,21,2,0,19,25
2020-10-23,US,Michigan,Eaton,1039,11,0,42.59599185,-84.83740035,26045.0,942.2497914172743,1.0587102983638113,1028,1031,11,0,1020,1010,109826,8,0,0,8,21
2020-10-23,US,Michigan,Emmet,207,4,0,45.52625509,-84.89083249,26047.0,619.4822684423164,1.932367149758454,203,195,4,0,191,193,33308,12,0,0,12,2
2020-10-23,US,Michigan,Federal Correctional Institution (FCI),197,5,0,0.0,0.0,0.0,0.0,2.538071065989848,192,197,5,0,192,197,,0,0,0,0,0
2020-10-23,US,Michigan,Genesee,6356,331,0,43.02244215,-83.70589709,26049.0,1566.2386370076858,5.207677784770295,6025,6276,332,0,5944,6214,406892,80,-1,0,81,62
2020-10-23,US,Michigan,Gladwin,178,2,0,43.98901072,-84.38774817,26051.0,699.4380918700145,1.1235955056179776,176,176,2,0,174,172,25337,2,0,0,2,4
2020-10-23,US,Michigan,Gogebic,348,2,0,46.40862701,-89.69377193,26053.0,2490.161001788909,0.5747126436781609,346,336,2,0,334,315,15096,12,0,0,12,21
2020-10-23,US,Michigan,Grand Traverse,722,13,0,44.69565625,-85.55585247,26055.0,775.6101753179788,1.8005540166204983,709,703,13,0,690,680,92573,19,0,0,19,23
2020-10-23,US,Michigan,Gratiot,445,16,0,43.29265605,-84.60505416,26057.0,1093.0706688609957,3.5955056179775284,429,434,16,0,418,425,40599,11,0,0,11,9
2020-10-23,US,Michigan,Hillsdale,490,28,0,41.88753639,-84.59312019,26059.0,1074.4435917114351,5.7142857142857135,462,482,28,0,454,470,45749,8,0,0,8,12
2020-10-23,US,Michigan,Houghton,895,9,0,46.89988536,-88.68495385,26061.0,2508.1268916040804,1.005586592178771,886,885,8,0,877,875,36219,10,1,0,9,10
2020-10-23,US,Michigan,Huron,260,5,0,43.83353985,-83.04078453,26063.0,839.2240405409767,1.9230769230769231,255,260,5,0,255,259,31166,0,0,0,0,1
2020-10-23,US,Michigan,Ingham,4456,62,0,42.59716886,-84.37472069,26065.0,1523.9085381284924,1.3913824057450628,4394,4430,62,0,4368,4395,292735,26,0,0,26,35
2020-10-23,US,Michigan,Ionia,628,8,0,42.94502238,-85.07413319,26067.0,970.6787022582193,1.2738853503184713,620,631,7,0,624,601,64210,-3,1,0,-4,30
2020-10-23,US,Michigan,Iosco,273,15,0,44.35486835,-83.63484895,26069.0,1086.4806781549728,5.494505494505495,258,273,15,0,258,270,25081,0,0,0,0,3
2020-10-23,US,Michigan,Iron,404,21,0,46.20974132,-88.53136251,26071.0,3650.8223386951013,5.198019801980198,383,398,21,0,377,386,11117,6,0,0,6,12
2020-10-23,US,Michigan,Isabella,979,15,0,43.64060976,-84.84664923,26073.0,1401.1335012594461,1.5321756894790604,964,960,15,0,945,948,70562,19,0,0,19,12
2020-10-23,US,Michigan,Jackson,1650,64,0,42.24807035,-84.42258681,26075.0,1040.943789035392,3.878787878787879,1586,1630,62,0,1568,1603,158823,20,2,0,18,27
2020-10-23,US,Michigan,Kalamazoo,4504,102,0,42.24542231,-85.53038622,26077.0,1699.1994446666113,2.2646536412078158,4402,4469,102,0,4367,4338,264870,35,0,0,35,131
2020-10-23,US,Michigan,Kalkaska,118,4,0,44.68512729,-85.09085699,26079.0,654.1745204568134,3.3898305084745757,114,118,4,0,114,117,17824,0,0,0,0,1
2020-10-23,US,Michigan,Kent,13390,182,0,43.03197711,-85.54934642,26081.0,2038.1913525279508,1.3592233009708738,13208,13162,182,0,12980,13000,653786,228,0,0,228,162
2020-10-23,US,Michigan,Keweenaw,18,0,0,47.63197653,-88.41434263,26083.0,850.6616257088847,0.0,18,18,0,0,18,18,2113,0,0,0,0,0
2020-10-23,US,Michigan,Lake,56,0,0,43.99050893,-85.802173,26085.0,472.45423099637225,0.0,56,55,0,0,55,55,11881,1,0,0,1,0
2020-10-23,US,Michigan,Lapeer,856,38,0,43.09052506,-83.22153148,26087.0,977.0908717339937,4.439252336448599,818,847,38,0,809,838,88028,9,0,0,9,9
2020-10-23,US,Michigan,Leelanau,140,2,0,44.94430054,-85.80150326,26089.0,643.3527870961813,1.4285714285714286,138,138,2,0,136,138,21764,2,0,0,2,0
2020-10-23,US,Michigan,Lenawee,1076,19,0,41.89475156,-84.06603727,26091.0,1092.9294776081501,1.7657992565055762,1057,1063,19,0,1044,1053,98266,13,0,0,13,10
2020-10-23,US,Michigan,Livingston,1899,33,0,42.60302282,-83.91297209,26093.0,989.088257506706,1.7377567140600316,1866,1883,33,0,1850,1858,191224,16,0,0,16,25
2020-10-23,US,Michigan,Luce,48,0,0,46.47227431,-85.54471223,26095.0,770.5891796436024,0.0,48,47,0,0,47,45,6283,1,0,0,1,2
2020-10-23,US,Michigan,Mackinac,152,0,0,46.07028979,-85.04980537,26097.0,1407.5377349754606,0.0,152,147,0,0,147,146,10787,5,0,0,5,1
2020-10-23,US,Michigan,Macomb,17709,1078,0,42.69158356,-82.92752801,26099.0,2026.2662877071573,6.087300242814388,16631,17557,1074,0,16483,17368,874759,152,4,0,148,189
2020-10-23,US,Michigan,Manistee,120,3,0,44.33352407,-86.05626916,26101.0,488.6391399951136,2.5,117,117,3,0,114,115,24528,3,0,0,3,2
2020-10-23,US,Michigan,Marquette,931,13,0,46.4338914,-87.64043701,26103.0,1395.8230258324713,1.3963480128893662,918,909,12,0,897,862,66516,22,1,0,21,47
2020-10-23,US,Michigan,Mason,209,1,0,43.99509218,-86.24988902,26105.0,717.1287400494098,0.4784688995215311,208,197,1,0,196,196,29100,12,0,0,12,1
2020-10-23,US,Michigan,Mecosta,432,4,0,43.64064262,-85.32463223,26107.0,994.1776171955906,0.925925925925926,428,423,4,0,419,413,43545,9,0,0,9,10
2020-10-23,US,Michigan,Menominee,663,3,0,45.58038692,-87.55370409,26109.0,2910.4477611940297,0.4524886877828054,660,655,3,0,652,634,22983,8,0,0,8,21
2020-10-23,US,Michigan,Michigan Department of Corrections (MDOC),6459,75,0,0.0,0.0,0.0,0.0,1.1611704598235022,6384,6329,75,0,6254,6293,,130,0,0,130,36
2020-10-23,US,Michigan,Midland,917,14,0,43.64330771,-84.38804374,26111.0,1102.7466448602627,1.5267175572519085,903,890,14,0,876,858,83209,27,0,0,27,32
2020-10-23,US,Michigan,Missaukee,83,1,0,44.33772443,-85.09256478,26113.0,549.0144198968118,1.2048192771084338,82,82,1,0,81,83,15113,1,0,0,1,-1
2020-10-23,US,Michigan,Monroe,1928,32,0,41.92734151,-83.53749864,26115.0,1281.063122923588,1.6597510373443984,1896,1903,31,0,1872,1867,150439,25,1,0,24,36
2020-10-23,US,Michigan,Montcalm,564,10,0,43.31082541,-85.15252824,26117.0,882.794891059354,1.7730496453900708,554,560,9,0,551,549,63968,4,1,0,3,11
2020-10-23,US,Michigan,Montmorency,23,0,0,45.0275929,-84.12696227,26119.0,246.56946826758147,0.0,23,22,0,0,22,21,9265,1,0,0,1,1
2020-10-23,US,Michigan,Muskegon,1936,80,0,43.29123859,-86.15176712,26121.0,1115.4258322482517,4.132231404958676,1856,1897,77,0,1820,1851,173588,39,3,0,36,46
2020-10-23,US,Michigan,Newaygo,562,3,0,43.554373999999996,-85.80070107,26123.0,1147.407104940792,0.5338078291814946,559,552,3,0,549,544,48892,10,0,0,10,8
2020-10-23,US,Michigan,Oakland,24025,1233,0,42.66090111,-83.38595416,26125.0,1910.409165511012,5.132154006243496,22792,23827,1233,0,22594,23608,1259201,198,0,0,198,219
2020-10-23,US,Michigan,Oceana,597,6,0,43.64124435,-86.26726673,26127.0,2255.639097744361,1.0050251256281406,591,584,6,0,578,576,26625,13,0,0,13,8
2020-10-23,US,Michigan,Ogemaw,98,5,0,44.33481032,-84.12725175,26129.0,466.7333428585037,5.1020408163265305,93,95,5,0,90,95,20952,3,0,0,3,0
2020-10-23,US,Michigan,Ontonagon,79,0,0,46.665226200000006,-89.31390481,26131.0,1381.1188811188806,0.0,79,78,0,0,78,74,5795,1,0,0,1,4
2020-10-23,US,Michigan,Osceola,138,0,0,43.98992088,-85.32566756,26133.0,588.2352941176471,0.0,138,135,0,0,135,131,23341,3,0,0,3,4
2020-10-23,US,Michigan,Oscoda,54,1,0,44.68192279,-84.12939244,26135.0,655.2602839461231,1.851851851851852,53,54,1,0,53,54,8276,0,0,0,0,0
2020-10-23,US,Michigan,Otsego,235,12,0,45.02085831,-84.59898295,26137.0,952.6512080428084,5.1063829787234045,223,226,12,0,214,221,24665,9,0,0,9,5
2020-10-23,US,Michigan,Ottawa,4687,72,0,42.95996803,-85.9969107,26139.0,1606.0720282356167,1.5361638574781307,4615,4610,72,0,4538,4532,290494,77,0,0,77,78
2020-10-23,US,Michigan,Out of MI,277,3,0,0.0,0.0,80026.0,0.0,1.083032490974729,274,276,2,0,274,266,,1,1,0,0,10
2020-10-23,US,Michigan,Presque Isle,47,1,0,45.34018577,-83.91498656,26141.0,373.2528589580686,2.127659574468085,46,43,1,0,42,41,12738,4,0,0,4,2
2020-10-23,US,Michigan,Roscommon,158,5,0,44.33473082,-84.61067651,26143.0,657.8125650526666,3.1645569620253164,153,151,5,0,146,143,23884,7,0,0,7,8
2020-10-23,US,Michigan,Saginaw,3617,152,0,43.33433923,-84.05131209999998,26145.0,1898.2990358929144,4.202377661045065,3465,3568,152,0,3416,3497,190800,49,0,0,49,71
2020-10-23,US,Michigan,Sanilac,178,7,0,43.42406072,-82.82055898,26151.0,432.35365557444743,3.9325842696629216,171,175,7,0,168,176,41182,3,0,0,3,-1
2020-10-23,US,Michigan,Schoolcraft,62,1,0,46.19235734,-86.19972234,26153.0,765.9995058067705,1.6129032258064515,61,60,1,0,59,56,8068,2,0,0,2,4
2020-10-23,US,Michigan,Shiawassee,667,34,0,42.95392800000001,-84.14585902,26155.0,979.1256862687532,5.097451274362818,633,663,33,0,630,650,68192,4,1,0,3,13
2020-10-23,US,Michigan,St. Clair,1435,64,0,42.92655373,-82.67937954,26147.0,901.7897541601732,4.45993031358885,1371,1404,64,0,1340,1375,159337,31,0,0,31,29
2020-10-23,US,Michigan,St. Joseph,1144,16,0,41.91441767,-85.52797979,26149.0,1876.517288891805,1.3986013986013983,1128,1117,15,0,1102,1095,61043,27,1,0,26,22
2020-10-23,US,Michigan,Tuscola,626,35,0,43.46606813,-83.41897025,26157.0,1198.2007847640925,5.5910543130990416,591,611,35,0,576,608,52516,15,0,0,15,3
2020-10-23,US,Michigan,Unassigned,9,0,0,0.0,0.0,90026.0,0.0,0.0,9,10,0,0,10,9,,-1,0,0,-1,1
2020-10-23,US,Michigan,Van Buren,1001,18,0,42.25190229,-86.01939087,26159.0,1322.726852280085,1.7982017982017982,983,996,18,0,978,974,75448,5,0,0,5,22
2020-10-23,US,Michigan,Washtenaw,5120,116,0,42.253105,-83.83853204,26161.0,1392.8144917995326,2.265625,5004,5028,116,0,4912,4967,370963,92,0,0,92,61
2020-10-23,US,Michigan,Wayne,39324,3040,0,42.28098405,-83.281255,26163.0,2247.929651303375,7.730647950361103,36284,39100,3040,0,36060,38910,1753893,224,0,0,224,190
2020-10-23,US,Michigan,Wexford,162,4,0,44.33853602,-85.57712739,26165.0,481.69843299336924,2.469135802469136,158,160,4,0,156,155,33466,2,0,0,2,5
2020-10-23,US,Minnesota,Aitkin,165,2,0,46.60962049,-93.41168259999999,27001.0,1038.6503839858997,1.2121212121212122,163,159,2,0,157,157,15902,6,0,0,6,2
2020-10-23,US,Minnesota,Anoka,8414,150,0,45.27476015,-93.24604565,27003.0,2357.384407193749,1.7827430473021155,8264,8324,150,0,8174,8216,353813,90,0,0,90,108
2020-10-23,US,Minnesota,Becker,538,3,0,46.93479392,-95.67158144,27005.0,1562.9085204659675,0.5576208178438662,535,519,3,0,516,505,34371,19,0,0,19,14
2020-10-23,US,Minnesota,Beltrami,871,7,0,47.97373527,-94.93732139,27007.0,1845.8082563363569,0.8036739380022963,864,839,7,0,832,813,46847,32,0,0,32,26
2020-10-23,US,Minnesota,Benton,910,7,0,45.69804958,-93.99514135,27009.0,2225.537430604808,0.7692307692307693,903,882,7,0,875,862,40545,28,0,0,28,20
2020-10-23,US,Minnesota,Big Stone,132,0,0,45.42712824,-96.41403739,27011.0,2644.7605690242435,0.0,132,131,0,0,131,129,4989,1,0,0,1,2
2020-10-23,US,Minnesota,Blue Earth,2020,7,0,44.03554215,-94.06699781,27013.0,2985.824723219961,0.3465346534653465,2013,2003,7,0,1996,1979,67427,17,0,0,17,24
2020-10-23,US,Minnesota,Brown,316,3,0,44.24205652,-94.72562874,27015.0,1263.5956493921944,0.9493670886075948,313,311,3,0,308,307,25111,5,0,0,5,4
2020-10-23,US,Minnesota,Carlton,411,1,0,46.59180601,-92.67601019,27017.0,1145.7723509241448,0.24330900243309006,410,403,1,0,402,392,35837,8,0,0,8,11
2020-10-23,US,Minnesota,Carver,1743,7,0,44.82017001,-93.80099179999999,27019.0,1658.5941440112667,0.4016064257028112,1736,1724,7,0,1717,1714,103551,19,0,0,19,10
2020-10-23,US,Minnesota,Cass,357,5,0,46.95043611,-94.32603968,27021.0,1198.8313912488663,1.4005602240896358,352,344,5,0,339,328,29519,13,0,0,13,16
2020-10-23,US,Minnesota,Chippewa,424,3,0,45.02343421,-95.56403693,27023.0,3593.2203389830506,0.7075471698113207,421,415,3,0,412,404,11924,9,0,0,9,11
2020-10-23,US,Minnesota,Chisago,950,2,0,45.5021011,-92.90861945,27025.0,1679.0682055179486,0.21052631578947367,948,920,2,0,918,890,55922,30,0,0,30,30
2020-10-23,US,Minnesota,Clay,2214,43,0,46.89289518,-96.48761922,27027.0,3447.41677306842,1.942186088527552,2171,2153,43,0,2110,2093,63955,61,0,0,61,60
2020-10-23,US,Minnesota,Clearwater,101,0,0,47.57992111,-95.37790562,27029.0,1145.3844409163075,0.0,101,88,0,0,88,88,8810,13,0,0,13,0
2020-10-23,US,Minnesota,Cook,12,0,0,47.90504893,-90.52629546,27031.0,219.65952773201542,0.0,12,11,0,0,11,11,5393,1,0,0,1,0
2020-10-23,US,Minnesota,Cottonwood,272,0,0,44.00715262,-95.18138802,27033.0,2429.4390853876384,0.0,272,265,0,0,265,264,11277,7,0,0,7,1
2020-10-23,US,Minnesota,Crow Wing,980,21,0,46.48096553,-94.06755609,27035.0,1506.4176466067174,2.142857142857143,959,947,21,0,926,920,64889,33,0,0,33,27
2020-10-23,US,Minnesota,Dakota,9541,137,0,44.67172617,-93.06299363,27037.0,2223.9004617489586,1.4359081857247669,9404,9467,136,0,9331,9389,425423,74,1,0,73,78
2020-10-23,US,Minnesota,Dodge,386,0,0,44.02238415,-92.86244324,27039.0,1843.8903219642689,0.0,386,379,0,0,379,370,20822,7,0,0,7,9
2020-10-23,US,Minnesota,Douglas,647,3,0,45.93348491,-95.45335469,27041.0,1696.3372748485879,0.4636785162287481,644,632,3,0,629,624,37964,15,0,0,15,8
2020-10-23,US,Minnesota,Faribault,221,0,0,43.67381499,-93.94787458,27043.0,1618.6918625943015,0.0,221,221,0,0,221,214,13758,0,0,0,0,7
2020-10-23,US,Minnesota,Fillmore,250,0,0,43.67394126,-92.08980382,27045.0,1186.690084017658,0.0,250,245,0,0,245,241,21058,5,0,0,5,4
2020-10-23,US,Minnesota,Freeborn,659,4,0,43.67385583,-93.34884422,27047.0,2176.282157128232,0.6069802731411229,655,649,4,0,645,647,30444,10,0,0,10,2
2020-10-23,US,Minnesota,Goodhue,558,11,0,44.40849741,-92.72341949999999,27049.0,1204.1432887354338,1.971326164874552,547,542,11,0,531,529,46403,16,0,0,16,13
2020-10-23,US,Minnesota,Grant,92,4,0,45.93424769,-96.01139609,27051.0,1540.5224380442062,4.3478260869565215,88,92,4,0,88,90,6021,0,0,0,0,2
2020-10-23,US,Minnesota,Hennepin,33310,981,0,45.00761521,-93.47694895,27053.0,2631.447975775827,2.9450615430801563,32329,33024,980,0,32044,32743,1259428,286,1,0,285,281
2020-10-23,US,Minnesota,Houston,195,1,0,43.67129565,-91.49143057,27055.0,1048.3870967741937,0.5128205128205128,194,186,1,0,185,183,18578,9,0,0,9,3
2020-10-23,US,Minnesota,Hubbard,369,2,0,47.10778564,-94.91693868,27057.0,1716.9978130380161,0.5420054200542005,367,346,2,0,344,335,21332,23,0,0,23,11
2020-10-23,US,Minnesota,Isanti,519,5,0,45.56181234,-93.29487636,27059.0,1278.451078924032,0.9633911368015414,514,511,5,0,506,504,39966,8,0,0,8,7
2020-10-23,US,Minnesota,Itasca,706,17,0,47.51009045,-93.63092229,27061.0,1564.369598936406,2.407932011331445,689,696,17,0,679,688,45108,10,0,0,10,8
2020-10-23,US,Minnesota,Jackson,207,1,0,43.67423373,-95.15398258,27063.0,2102.376599634369,0.4830917874396135,206,204,1,0,203,201,9911,3,0,0,3,3
2020-10-23,US,Minnesota,Kanabec,195,10,0,45.9459309,-93.29275192,27065.0,1193.6095978453814,5.128205128205129,185,194,10,0,184,191,16207,1,0,0,1,3
2020-10-23,US,Minnesota,Kandiyohi,1650,5,0,45.1526059,-95.00586446,27067.0,3819.532859556934,0.30303030303030304,1645,1639,5,0,1634,1600,42855,11,0,0,11,39
2020-10-23,US,Minnesota,Kittson,38,0,0,48.77754106,-96.78317184,27069.0,884.1321544904608,0.0,38,37,0,0,37,33,4248,1,0,0,1,4
2020-10-23,US,Minnesota,Koochiching,165,4,0,48.24539665,-93.78352843,27071.0,1349.2517785591624,2.4242424242424243,161,164,4,0,160,163,12440,1,0,0,1,1
2020-10-23,US,Minnesota,Lac qui Parle,131,3,0,44.9973857,-96.17488219,27073.0,1977.9556092405253,2.2900763358778624,128,130,3,0,127,126,6658,1,0,0,1,4
2020-10-23,US,Minnesota,Lake,115,0,0,47.64270764,-91.44557998,27075.0,1080.7254957240864,0.0,115,111,0,0,111,108,10658,4,0,0,4,3
2020-10-23,US,Minnesota,Lake of the Woods,44,1,0,48.77217001,-94.90274472,27077.0,1176.4705882352941,2.272727272727273,43,43,1,0,42,43,3758,1,0,0,1,0
2020-10-23,US,Minnesota,Le Sueur,614,5,0,44.37136597,-93.72844721,27079.0,2125.5235919271645,0.8143322475570033,609,598,5,0,593,591,28494,16,0,0,16,7
2020-10-23,US,Minnesota,Lincoln,176,0,0,44.41311883,-96.26688165,27081.0,3121.1207660932787,0.0,176,172,0,0,172,171,5673,4,0,0,4,1
2020-10-23,US,Minnesota,Lyon,951,6,0,44.41327865,-95.83806103,27083.0,3733.218183245662,0.6309148264984227,945,941,6,0,935,933,25629,10,0,0,10,8
2020-10-23,US,Minnesota,Mahnomen,106,2,0,47.32557075,-95.80921485,27087.0,1917.8577890356432,1.8867924528301887,104,104,1,0,103,101,5519,2,1,0,1,3
2020-10-23,US,Minnesota,Marshall,103,1,0,48.35825983,-96.37017407,27089.0,1103.2562125107113,0.9708737864077671,102,97,1,0,96,90,9390,6,0,0,6,7
2020-10-23,US,Minnesota,Martin,606,16,0,43.67429718,-94.55099908,27091.0,3078.7989635726262,2.64026402640264,590,602,16,0,586,599,19785,4,0,0,4,3
2020-10-23,US,Minnesota,McLeod,580,4,0,44.82367677,-94.27287017,27085.0,1615.9139665115756,0.6896551724137931,576,576,4,0,572,573,35873,4,0,0,4,3
2020-10-23,US,Minnesota,Meeker,322,3,0,45.12328869,-94.52839455,27093.0,1386.6161398673667,0.9316770186335404,319,318,3,0,315,312,23141,4,0,0,4,6
2020-10-23,US,Minnesota,Mille Lacs,387,14,0,45.93705297,-93.63236823,27095.0,1472.7708642539105,3.617571059431525,373,376,13,0,363,364,26139,11,1,0,10,12
2020-10-23,US,Minnesota,Morrison,694,8,0,46.01265363,-94.27341528,27097.0,2078.715629305697,1.1527377521613833,686,657,8,0,649,643,33169,37,0,0,37,14
2020-10-23,US,Minnesota,Mower,1503,15,0,43.67142874,-92.75234549,27099.0,3751.684888422944,0.998003992015968,1488,1499,15,0,1484,1494,40011,4,0,0,4,5
2020-10-23,US,Minnesota,Murray,272,3,0,44.02216709,-95.76328482,27101.0,3319.502074688797,1.1029411764705883,269,264,3,0,261,258,8276,8,0,0,8,6
2020-10-23,US,Minnesota,Nicollet,714,17,0,44.35291112,-94.24710352,27103.0,2083.2117640193733,2.380952380952381,697,700,17,0,683,689,34220,14,0,0,14,11
2020-10-23,US,Minnesota,Nobles,2219,16,0,43.67434621,-95.75329576,27105.0,10259.37398862638,0.7210455159981974,2203,2195,16,0,2179,2174,21924,24,0,0,24,21
2020-10-23,US,Minnesota,Norman,108,0,0,47.32628443,-96.45620947,27107.0,1694.1176470588236,0.0,108,105,0,0,105,101,6475,3,0,0,3,4
2020-10-23,US,Minnesota,Olmsted,3183,30,0,44.00374114,-92.40209944,27109.0,2010.828021453886,0.9425070688030159,3153,3159,30,0,3129,3125,156277,24,0,0,24,34
2020-10-23,US,Minnesota,Otter Tail,818,7,0,46.40846929,-95.70835255,27111.0,1392.4352296326556,0.8557457212713936,811,789,6,0,783,783,58812,29,1,0,28,6
2020-10-23,US,Minnesota,Pennington,174,1,0,48.06642577,-96.0370814,27113.0,1232.381896734896,0.5747126436781609,173,171,1,0,170,170,14178,3,0,0,3,1
2020-10-23,US,Minnesota,Pine,523,0,0,46.12105238,-92.74070188,27115.0,1768.146320024341,0.0,523,519,0,0,519,516,29483,4,0,0,4,3
2020-10-23,US,Minnesota,Pipestone,342,17,0,44.02301619,-96.25841142,27117.0,3747.5345167652863,4.970760233918129,325,336,16,0,320,330,9047,6,1,0,5,6
2020-10-23,US,Minnesota,Polk,596,4,0,47.77372465,-96.40134647,27119.0,1900.2678229817625,0.6711409395973155,592,557,4,0,553,527,31529,39,0,0,39,30
2020-10-23,US,Minnesota,Pope,154,0,0,45.58606667,-95.44451209,27121.0,1369.0105787181085,0.0,154,152,0,0,152,148,11097,2,0,0,2,4
2020-10-23,US,Minnesota,Ramsey,13782,357,0,45.01625271,-93.09872295,27123.0,2504.356548269101,2.5903352198519807,13425,13609,355,0,13254,13510,550210,173,2,0,171,99
2020-10-23,US,Minnesota,Red Lake,69,2,0,47.87197525,-96.09561104,27125.0,1701.6029593094947,2.898550724637681,67,66,2,0,64,61,3999,3,0,0,3,5
2020-10-23,US,Minnesota,Redwood,269,11,0,44.40555844,-95.25207021,27127.0,1773.2366512854314,4.089219330855019,258,260,11,0,249,251,15249,9,0,0,9,9
2020-10-23,US,Minnesota,Renville,243,11,0,44.72836381,-94.94553734,27129.0,1670.3326917789386,4.526748971193416,232,237,11,0,226,233,14612,6,0,0,6,4
2020-10-23,US,Minnesota,Rice,1605,9,0,44.3543376,-93.29658715,27131.0,2396.523920444365,0.5607476635514018,1596,1592,9,0,1583,1586,66523,13,0,0,13,6
2020-10-23,US,Minnesota,Rock,315,4,0,43.67482683,-96.25296832,27133.0,3381.642512077295,1.2698412698412698,311,311,3,0,308,304,9414,4,1,0,3,7
2020-10-23,US,Minnesota,Roseau,228,0,0,48.77501878,-95.81079919,27135.0,1503.4619188921854,0.0,228,216,0,0,216,211,15150,12,0,0,12,5
2020-10-23,US,Minnesota,Scott,3293,34,0,44.6490231,-93.53340251,27139.0,2209.8743062685808,1.032493167324628,3259,3265,34,0,3231,3234,147381,28,0,0,28,31
2020-10-23,US,Minnesota,Sherburne,1634,21,0,45.44447208,-93.77617511,27141.0,1680.4130072605358,1.2851897184822518,1613,1606,21,0,1585,1583,96036,28,0,0,28,23
2020-10-23,US,Minnesota,Sibley,243,3,0,44.5796592,-94.23164924,27143.0,1634.712411705348,1.2345679012345678,240,242,3,0,239,240,15028,1,0,0,1,2
2020-10-23,US,Minnesota,St. Louis,2850,65,0,47.604840700000004,-92.46879855,27137.0,1431.6572060079368,2.280701754385965,2785,2797,65,0,2732,2738,199754,53,0,0,53,59
2020-10-23,US,Minnesota,Stearns,5665,41,0,45.55192576,-94.61078221,27145.0,3516.99518857675,0.7237422771403353,5624,5546,41,0,5505,5485,159256,119,0,0,119,61
2020-10-23,US,Minnesota,Steele,741,3,0,44.02240351,-93.22627088,27147.0,2021.8832710305874,0.4048582995951417,738,734,2,0,732,733,36803,7,1,0,6,1
2020-10-23,US,Minnesota,Stevens,177,1,0,45.58613007,-96.00163705,27149.0,1805.2014278429367,0.5649717514124294,176,174,1,0,173,169,9753,3,0,0,3,5
2020-10-23,US,Minnesota,Swift,194,1,0,45.2829032,-95.68264092,27151.0,2093.675804014677,0.5154639175257731,193,193,1,0,192,192,9345,1,0,0,1,1
2020-10-23,US,Minnesota,Todd,769,5,0,46.06996226,-94.89785296,27153.0,3117.9046383392797,0.6501950585175552,764,752,5,0,747,741,24582,17,0,0,17,11
2020-10-23,US,Minnesota,Traverse,54,0,0,45.77298854,-96.47062949,27155.0,1656.9499846578706,0.0,54,54,0,0,54,54,3308,0,0,0,0,0
2020-10-23,US,Minnesota,Unassigned,211,53,0,0.0,0.0,90027.0,0.0,25.118483412322274,158,265,53,0,212,195,,-54,0,0,-54,70
2020-10-23,US,Minnesota,Wabasha,359,0,0,44.28424356,-92.23121312,27157.0,1659.9620844314975,0.0,359,343,0,0,343,332,21645,16,0,0,16,11
2020-10-23,US,Minnesota,Wadena,215,3,0,46.58589171,-94.96968506,27159.0,1571.4076889343664,1.3953488372093024,212,208,2,0,206,201,13773,7,1,0,6,7
2020-10-23,US,Minnesota,Waseca,922,9,0,44.02211116,-93.58720034,27161.0,4953.793251665592,0.9761388286334056,913,919,9,0,910,918,18691,3,0,0,3,1
2020-10-23,US,Minnesota,Washington,5469,70,0,45.03864533,-92.88429635,27163.0,2083.904892546868,1.2799414883891025,5399,5399,68,0,5331,5345,259201,70,2,0,68,54
2020-10-23,US,Minnesota,Watonwan,576,4,0,43.97823903,-94.61413846,27165.0,5285.858493163256,0.6944444444444444,572,572,4,0,568,572,10980,4,0,0,4,0
2020-10-23,US,Minnesota,Wilkin,129,4,0,46.35721532,-96.4684375,27167.0,2078.2986950217496,3.1007751937984502,125,127,4,0,123,126,6254,2,0,0,2,1
2020-10-23,US,Minnesota,Winona,1236,18,0,43.98772283,-91.78081305,27169.0,2448.3004516282385,1.4563106796116505,1218,1225,18,0,1207,1209,50825,11,0,0,11,16
2020-10-23,US,Minnesota,Wright,2367,14,0,45.17297924,-93.96234781,27171.0,1710.5443823756839,0.5914659907055344,2353,2332,14,0,2318,2314,136349,35,0,0,35,18
2020-10-23,US,Minnesota,Yellow Medicine,275,5,0,44.71710183,-95.86842453,27173.0,2832.423524564837,1.818181818181818,270,271,5,0,266,268,9795,4,0,0,4,3
2020-10-23,US,Mississippi,Adams,1073,43,0,31.47669768,-91.35326037,28001.0,3495.911119799303,4.007455731593662,1030,1067,43,0,1024,1052,31192,6,0,0,6,15
2020-10-23,US,Mississippi,Alcorn,987,12,0,34.88084463,-88.57996173,28003.0,2670.960409168403,1.2158054711246202,975,981,12,0,969,967,36925,6,0,0,6,14
2020-10-23,US,Mississippi,Amite,421,13,0,31.17467303,-90.80501621,28005.0,3423.599251850045,3.0878859857482186,408,421,13,0,408,420,12326,0,0,0,0,1
2020-10-23,US,Mississippi,Attala,790,26,0,33.08658803,-89.57838564,28007.0,4346.8691537361055,3.2911392405063293,764,789,26,0,763,781,18365,1,0,0,1,8
2020-10-23,US,Mississippi,Benton,333,5,0,34.81681228,-89.18945516,28009.0,4031.9651289502362,1.5015015015015014,328,325,5,0,320,319,8271,8,0,0,8,6
2020-10-23,US,Mississippi,Bolivar,2004,77,0,33.79696941,-90.87372121,28011.0,6543.032519263419,3.842315369261477,1927,2001,77,0,1924,1994,31333,3,0,0,3,7
2020-10-23,US,Mississippi,Calhoun,622,12,0,33.93683395,-89.33686647,28013.0,4331.174709282083,1.929260450160772,610,619,12,0,607,618,14436,3,0,0,3,1
2020-10-23,US,Mississippi,Carroll,480,12,0,33.44834567,-89.91994479,28015.0,4825.575550417211,2.5,468,476,12,0,464,468,9911,4,0,0,4,8
2020-10-23,US,Mississippi,Chickasaw,840,26,0,33.91983202,-88.9481545,28017.0,4911.419049289599,3.095238095238096,814,836,26,0,810,832,17171,4,0,0,4,4
2020-10-23,US,Mississippi,Choctaw,205,6,0,33.34598242,-89.24809382,28019.0,2496.954933008526,2.9268292682926833,199,204,6,0,198,203,8278,1,0,0,1,1
2020-10-23,US,Mississippi,Claiborne,537,16,0,31.97061673,-90.90702196,28021.0,5974.632843791723,2.97951582867784,521,533,16,0,517,534,9002,4,0,0,4,-1
2020-10-23,US,Mississippi,Clarke,743,51,0,32.04158545,-88.68896219999998,28023.0,4780.902129850074,6.864064602960969,692,734,50,0,684,727,15604,9,1,0,8,7
2020-10-23,US,Mississippi,Clay,684,21,0,33.65358105,-88.77784255,28025.0,3541.105819010147,3.0701754385964914,663,683,21,0,662,684,19386,1,0,0,1,-1
2020-10-23,US,Mississippi,Coahoma,1249,36,0,34.22772299,-90.60415045,28027.0,5645.452901826071,2.8823058446757406,1213,1247,36,0,1211,1240,22628,2,0,0,2,7
2020-10-23,US,Mississippi,Copiah,1369,36,0,31.86977774,-90.44565118,28029.0,4877.961874220559,2.6296566837107376,1333,1362,36,0,1326,1357,28543,7,0,0,7,5
2020-10-23,US,Mississippi,Covington,970,26,0,31.63225413,-89.55389939,28031.0,5204.979609358232,2.6804123711340204,944,953,26,0,927,945,18853,17,0,0,17,8
2020-10-23,US,Mississippi,DeSoto,6932,79,0,34.87625235,-89.99091418,28033.0,3748.141339317094,1.1396422388920946,6853,6857,79,0,6778,6767,182001,75,0,0,75,90
2020-10-23,US,Mississippi,Forrest,3007,78,0,31.18961454,-89.25832496,28035.0,4014.847056624431,2.5939474559361493,2929,2995,78,0,2917,2980,75036,12,0,0,12,15
2020-10-23,US,Mississippi,Franklin,240,3,0,31.47786634,-90.89672989,28037.0,3111.629716063788,1.25,237,237,3,0,234,237,7788,3,0,0,3,0
2020-10-23,US,Mississippi,George,979,18,0,30.86259065,-88.64436789,28039.0,3995.9183673469392,1.838610827374872,961,977,18,0,959,957,24250,2,0,0,2,20
2020-10-23,US,Mississippi,Greene,473,18,0,31.21444233,-88.63922281,28041.0,3481.525099366996,3.8054968287526423,455,469,18,0,451,459,13586,4,0,0,4,10
2020-10-23,US,Mississippi,Grenada,1216,38,0,33.77036166,-89.80245083,28043.0,5857.982464591964,3.125,1178,1211,38,0,1173,1206,21055,5,0,0,5,5
2020-10-23,US,Mississippi,Hancock,816,28,0,30.41830223,-89.48851033,28045.0,1713.134027544508,3.431372549019608,788,798,27,0,771,787,47334,18,1,0,17,11
2020-10-23,US,Mississippi,Harrison,5129,83,0,30.51359752,-89.12467576,28047.0,2464.917339484813,1.6182491713784364,5046,5050,83,0,4967,4902,206650,79,0,0,79,148
2020-10-23,US,Mississippi,Hinds,7894,177,0,32.2656285,-90.44435448,28049.0,3404.934437543133,2.2422092728654675,7717,7850,176,0,7674,7823,237085,44,1,0,43,27
2020-10-23,US,Mississippi,Holmes,1144,60,0,33.12345854,-90.08923538,28051.0,6725.455614344503,5.244755244755245,1084,1141,60,0,1081,1137,17622,3,0,0,3,4
2020-10-23,US,Mississippi,Humphreys,428,16,0,33.12825718,-90.52252707,28053.0,5307.539682539683,3.7383177570093458,412,426,16,0,410,419,8257,2,0,0,2,7
2020-10-23,US,Mississippi,Issaquena,107,4,0,32.72531359,-90.97392828,28055.0,8063.300678221552,3.7383177570093458,103,107,4,0,103,106,1308,0,0,0,0,1
2020-10-23,US,Mississippi,Itawamba,1122,25,0,34.27993475,-88.3606733,28057.0,4796.921761436512,2.228163992869875,1097,1121,25,0,1096,1113,23517,1,0,0,1,8
2020-10-23,US,Mississippi,Jackson,4503,84,0,30.54020656,-88.64184064,28059.0,3135.4226867292878,1.8654230512991337,4419,4450,84,0,4366,4393,143277,53,0,0,53,57
2020-10-23,US,Mississippi,Jasper,679,17,0,32.01922104,-89.11786866,28061.0,4144.5400720258785,2.503681885125184,662,677,17,0,660,674,16428,2,0,0,2,3
2020-10-23,US,Mississippi,Jefferson,275,10,0,31.73397872,-91.03764977,28063.0,3934.191702432046,3.636363636363636,265,274,10,0,264,271,7106,1,0,0,1,3
2020-10-23,US,Mississippi,Jefferson Davis,405,11,0,31.56884708,-89.82670990000004,28065.0,3639.4680086268872,2.716049382716049,394,400,11,0,389,400,11234,5,0,0,5,0
2020-10-23,US,Mississippi,Jones,2891,84,0,31.62257767,-89.16896899999998,28067.0,4245.352286410761,2.905569007263922,2807,2877,84,0,2793,2853,68461,14,0,0,14,24
2020-10-23,US,Mississippi,Kemper,322,15,0,32.75462946,-88.64105766,28069.0,3305.276123999179,4.658385093167702,307,320,15,0,305,321,10027,2,0,0,2,-1
2020-10-23,US,Mississippi,Lafayette,2483,43,0,34.35687874,-89.48490961,28071.0,4596.530850256391,1.7317760773258155,2440,2459,43,0,2416,2440,54793,24,0,0,24,19
2020-10-23,US,Mississippi,Lamar,2242,38,0,31.20572971,-89.5077704,28073.0,3539.459766667193,1.6949152542372878,2204,2212,38,0,2174,2190,62447,30,0,0,30,22
2020-10-23,US,Mississippi,Lauderdale,2437,134,0,32.40419769,-88.66229662,28075.0,3287.689713322091,5.498563807960608,2303,2418,134,0,2284,2398,75317,19,0,0,19,20
2020-10-23,US,Mississippi,Lawrence,512,14,0,31.55147224,-90.10841127,28077.0,4068.0120769108535,2.734375,498,507,14,0,493,504,12455,5,0,0,5,3
2020-10-23,US,Mississippi,Leake,1146,40,0,32.7536828,-89.52402044,28079.0,5029.404020012288,3.4904013961605584,1106,1143,40,0,1103,1139,22763,3,0,0,3,4
2020-10-23,US,Mississippi,Lee,3514,79,0,34.291877500000005,-88.68149954,28081.0,4113.020272484667,2.248150256118384,3435,3507,79,0,3428,3490,85202,7,0,0,7,17
2020-10-23,US,Mississippi,Leflore,1658,87,0,33.55545125,-90.29900733,28083.0,5882.979100876415,5.247285886610374,1571,1651,87,0,1564,1632,28919,7,0,0,7,19
2020-10-23,US,Mississippi,Lincoln,1389,57,0,31.53288662,-90.45391915,28085.0,4066.992650718824,4.103671706263499,1332,1385,57,0,1328,1368,34205,4,0,0,4,17
2020-10-23,US,Mississippi,Lowndes,1783,62,0,33.47386518,-88.44191529999998,28087.0,3042.921751002645,3.477285473920359,1721,1763,62,0,1701,1755,58930,20,0,0,20,8
2020-10-23,US,Mississippi,Madison,3812,93,0,32.63389156,-90.03513564,28089.0,3587.0219813309245,2.4396642182581316,3719,3779,93,0,3686,3757,105630,33,0,0,33,22
2020-10-23,US,Mississippi,Marion,946,42,0,31.23132643,-89.8209217,28091.0,3849.753794815448,4.439746300211416,904,935,42,0,893,933,24715,11,0,0,11,2
2020-10-23,US,Mississippi,Marshall,1412,29,0,34.76216286,-89.50299462,28093.0,4000.6800022666735,2.053824362606232,1383,1392,27,0,1365,1362,35451,20,2,0,18,30
2020-10-23,US,Mississippi,Monroe,1481,72,0,33.89236763,-88.4808438,28095.0,4201.180074889368,4.861580013504389,1409,1473,72,0,1401,1465,35564,8,0,0,8,8
2020-10-23,US,Mississippi,Montgomery,543,23,0,33.49419589,-89.61729103,28097.0,5554.987212276214,4.23572744014733,520,535,23,0,512,531,10023,8,0,0,8,4
2020-10-23,US,Mississippi,Neshoba,1842,111,0,32.75339664,-89.11726492,28099.0,6325.983927467546,6.026058631921824,1731,1831,111,0,1720,1820,29125,11,0,0,11,11
2020-10-23,US,Mississippi,Newton,856,27,0,32.40021118,-89.11843336,28101.0,4072.699590826911,3.154205607476636,829,852,27,0,825,849,21443,4,0,0,4,3
2020-10-23,US,Mississippi,Noxubee,596,17,0,33.11009499,-88.56949061,28103.0,5721.416914658729,2.8523489932885906,579,596,17,0,579,596,10535,0,0,0,0,0
2020-10-23,US,Mississippi,Oktibbeha,2008,54,0,33.42491685,-88.87905132,28105.0,4049.448444148669,2.689243027888446,1954,1993,54,0,1939,1976,49599,15,0,0,15,17
2020-10-23,US,Mississippi,Panola,1691,39,0,34.36398677,-89.95064249,28107.0,4945.601310248011,2.306327616794796,1652,1690,38,0,1652,1676,34178,1,1,0,0,14
2020-10-23,US,Mississippi,Pearl River,1129,59,0,30.77090935,-89.58677275,28109.0,2032.9521923111554,5.225863596102746,1070,1122,59,0,1063,1105,55387,7,0,0,7,17
2020-10-23,US,Mississippi,Perry,487,23,0,31.17161885,-88.99281835,28111.0,4067.485174977032,4.722792607802875,464,486,23,0,463,484,11931,1,0,0,1,2
2020-10-23,US,Mississippi,Pike,1382,56,0,31.17507789,-90.40392572,28113.0,3517.613520667888,4.052098408104197,1326,1377,56,0,1321,1372,39563,5,0,0,5,5
2020-10-23,US,Mississippi,Pontotoc,1461,19,0,34.226046000000004,-89.03636807,28115.0,4540.9336731522335,1.3004791238877482,1442,1458,19,0,1439,1452,31833,3,0,0,3,6
2020-10-23,US,Mississippi,Prentiss,1048,19,0,34.61810501,-88.51986294,28117.0,4170.978269521611,1.8129770992366407,1029,1037,19,0,1018,1029,25315,11,0,0,11,8
2020-10-23,US,Mississippi,Quitman,419,6,0,34.25157572,-90.28908,28119.0,6169.022379269729,1.431980906921241,413,419,6,0,413,417,7051,0,0,0,0,2
2020-10-23,US,Mississippi,Rankin,3894,86,0,32.26469147,-89.94537876,28121.0,2507.873331143613,2.2085259373394965,3808,3881,86,0,3795,3859,153902,13,0,0,13,22
2020-10-23,US,Mississippi,Scott,1249,29,0,32.406704100000006,-89.53789439,28123.0,4441.046792774854,2.321857485988791,1220,1247,29,0,1218,1238,28287,2,0,0,2,9
2020-10-23,US,Mississippi,Sharkey,283,14,0,32.88149103,-90.81595379999999,28125.0,6549.409858828974,4.946996466431095,269,280,14,0,266,280,4377,3,0,0,3,0
2020-10-23,US,Mississippi,Simpson,1212,49,0,31.91282117,-89.91716179,28127.0,4546.477605221697,4.0429042904290435,1163,1204,49,0,1155,1195,26758,8,0,0,8,9
2020-10-23,US,Mississippi,Smith,591,16,0,32.01744532,-89.50644846,28129.0,3713.2445338024627,2.7072758037225038,575,589,16,0,573,585,16002,2,0,0,2,4
2020-10-23,US,Mississippi,Stone,464,14,0,30.79187949,-89.11547539,28131.0,2530.541012216405,3.0172413793103448,450,462,14,0,448,455,18717,2,0,0,2,7
2020-10-23,US,Mississippi,Sunflower,1609,49,0,33.60192578,-90.58882684,28133.0,6407.805655117483,3.045369794903667,1560,1597,49,0,1548,1588,25735,12,0,0,12,9
2020-10-23,US,Mississippi,Tallahatchie,840,25,0,33.95339918,-90.1729398,28135.0,6082.989354768629,2.9761904761904763,815,830,25,0,805,825,13987,10,0,0,10,5
2020-10-23,US,Mississippi,Tate,1160,39,0,34.65133709,-89.94485778,28137.0,4095.9005684827507,3.362068965517241,1121,1149,39,0,1110,1136,28759,11,0,0,11,13
2020-10-23,US,Mississippi,Tippah,889,22,0,34.76872156,-88.90988194,28139.0,4038.155802861685,2.4746906636670416,867,881,21,0,860,865,21995,8,1,0,7,16
2020-10-23,US,Mississippi,Tishomingo,800,41,0,34.74023475,-88.23917219,28141.0,4127.328070990043,5.125,759,800,41,0,759,797,19454,0,0,0,0,3
2020-10-23,US,Mississippi,Tunica,529,17,0,34.64967704,-90.37481167,28143.0,5492.109634551494,3.2136105860113418,512,528,17,0,511,523,9944,1,0,0,1,5
2020-10-23,US,Mississippi,Union,1174,25,0,34.49162015,-89.00776006,28145.0,4074.266874891549,2.1294718909710397,1149,1165,25,0,1140,1160,28606,9,0,0,9,5
2020-10-23,US,Mississippi,Walthall,638,27,0,31.14971548,-90.10446654,28147.0,4465.910681786364,4.231974921630093,611,636,27,0,609,633,14465,2,0,0,2,3
2020-10-23,US,Mississippi,Warren,1543,55,0,32.35810271,-90.83352619,28149.0,3400.1013640069627,3.5644847699287103,1488,1536,55,0,1481,1532,46176,7,0,0,7,4
2020-10-23,US,Mississippi,Washington,2564,99,0,33.28392041,-90.94196237,28151.0,5839.349563870733,3.8611544461778466,2465,2551,99,0,2452,2537,45063,13,0,0,13,14
2020-10-23,US,Mississippi,Wayne,1008,21,0,31.64135687,-88.69573913,28153.0,4994.302135460536,2.083333333333333,987,998,21,0,977,994,20298,10,0,0,10,4
2020-10-23,US,Mississippi,Webster,370,13,0,33.61300486,-89.28392912,28155.0,3818.763546289607,3.5135135135135136,357,370,13,0,357,366,9788,0,0,0,0,4
2020-10-23,US,Mississippi,Wilkinson,337,20,0,31.16078225,-91.31018819,28157.0,3904.982618771727,5.934718100890208,317,335,20,0,315,331,8792,2,0,0,2,4
2020-10-23,US,Mississippi,Winston,833,21,0,33.08747908,-89.03391385,28159.0,4639.376218323587,2.5210084033613445,812,828,21,0,807,826,18165,5,0,0,5,2
2020-10-23,US,Mississippi,Yalobusha,526,14,0,34.02824175,-89.70762049999998,28161.0,4344.23521638586,2.661596958174905,512,519,14,0,505,513,12392,7,0,0,7,6
2020-10-23,US,Mississippi,Yazoo,1217,33,0,32.77890365,-90.39656148,28163.0,4099.023240148198,2.711585866885785,1184,1207,33,0,1174,1199,28248,10,0,0,10,8
2020-10-23,US,Missouri,Adair,493,0,0,40.19058551,-92.60078167,29001.0,1945.3103421063013,0.0,493,482,0,0,482,475,25339,11,0,0,11,7
2020-10-23,US,Missouri,Andrew,420,4,0,39.98492163,-94.80163024,29003.0,2371.2737127371274,0.9523809523809524,416,414,4,0,410,406,17607,6,0,0,6,8
2020-10-23,US,Missouri,Atchison,75,1,0,40.43238737,-95.42970639,29005.0,1458.2928251992996,1.3333333333333333,74,74,1,0,73,73,5171,1,0,0,1,1
2020-10-23,US,Missouri,Audrain,560,7,0,39.215877,-91.84242683,29007.0,2205.7665038600912,1.25,553,553,7,0,546,535,25473,7,0,0,7,18
2020-10-23,US,Missouri,Barry,764,8,0,36.70978521,-93.82919888,29009.0,2134.7341361870967,1.0471204188481675,756,748,8,0,740,735,35886,16,0,0,16,13
2020-10-23,US,Missouri,Barton,413,3,0,37.50207671,-94.34757022,29011.0,3513.697464692871,0.7263922518159807,410,409,2,0,407,402,11798,4,1,0,3,7
2020-10-23,US,Missouri,Bates,234,5,0,38.25271289,-94.34113157,29013.0,1446.9453376205786,2.1367521367521367,229,233,5,0,228,229,16320,1,0,0,1,4
2020-10-23,US,Missouri,Benton,473,5,0,38.29503305,-93.28756116,29015.0,2432.7521473023708,1.0570824524312896,468,468,5,0,463,465,19278,5,0,0,5,3
2020-10-23,US,Missouri,Bollinger,455,2,0,37.32449052,-90.02725304,29017.0,3750.103024808374,0.4395604395604396,453,448,2,0,446,441,12169,7,0,0,7,7
2020-10-23,US,Missouri,Boone,5819,14,0,38.99186229,-92.30723575,29019.0,3224.483689177283,0.2405911668671593,5805,5777,14,0,5763,5730,180005,42,0,0,42,47
2020-10-23,US,Missouri,Buchanan,2858,38,0,39.65816401,-94.80138942,29021.0,3271.3703585000685,1.3296011196641009,2820,2821,37,0,2784,2796,88571,37,1,0,36,25
2020-10-23,US,Missouri,Butler,1106,8,0,36.71462476,-90.40421163,29023.0,2603.700739206177,0.7233273056057866,1098,1067,8,0,1059,1050,42639,39,0,0,39,17
2020-10-23,US,Missouri,Caldwell,164,1,0,39.65620858,-93.98308093,29025.0,1818.1818181818185,0.6097560975609756,163,163,1,0,162,162,9108,1,0,0,1,1
2020-10-23,US,Missouri,Callaway,1105,5,0,38.83674754,-91.92186505,29027.0,2469.6600585566457,0.4524886877828054,1100,1083,5,0,1078,1067,44889,22,0,0,22,16
2020-10-23,US,Missouri,Camden,1519,28,0,38.02199522,-92.76083747,29029.0,3280.423280423281,1.8433179723502304,1491,1510,28,0,1482,1492,45815,9,0,0,9,18
2020-10-23,US,Missouri,Cape Girardeau,2564,46,0,37.38489388,-89.6843587,29031.0,3250.878016000812,1.7940717628705147,2518,2540,46,0,2494,2504,78753,24,0,0,24,36
2020-10-23,US,Missouri,Carroll,177,3,0,39.42762566,-93.50626255,29033.0,2039.4054614586933,1.6949152542372878,174,174,2,0,172,173,8743,3,1,0,2,1
2020-10-23,US,Missouri,Carter,166,3,0,36.94160441,-90.96051322,29035.0,2774.991641591441,1.8072289156626504,163,164,3,0,161,157,6054,2,0,0,2,7
2020-10-23,US,Missouri,Cass,1967,28,0,38.64789422,-94.353399,29037.0,1859.5197579882777,1.4234875444839858,1939,1940,28,0,1912,1929,104954,27,0,0,27,11
2020-10-23,US,Missouri,Cedar,217,2,0,37.72391475,-93.85445441,29039.0,1512.3005087462539,0.9216589861751152,215,216,2,0,214,212,14165,1,0,0,1,4
2020-10-23,US,Missouri,Chariton,57,0,0,39.51499357,-92.9629191,29041.0,767.5733907891192,0.0,57,57,1,0,56,56,7451,0,-1,0,1,1
2020-10-23,US,Missouri,Christian,2183,11,0,36.9711783,-93.18537118,29043.0,2464.021671651899,0.5038937242327073,2172,2154,10,0,2144,2127,86983,29,1,0,28,27
2020-10-23,US,Missouri,Clark,104,0,0,40.41040752,-91.73661677,29045.0,1530.086803001324,0.0,104,104,0,0,104,103,6842,0,0,0,0,1
2020-10-23,US,Missouri,Clay,2449,46,0,39.31132056,-94.41850862,29047.0,979.8037991902316,1.8783176806859945,2403,2412,45,0,2367,2347,246365,37,1,0,36,65
2020-10-23,US,Missouri,Clinton,463,14,0,39.6013098,-94.40465394,29049.0,2271.0550841222353,3.0237580993520514,449,447,13,0,434,436,20470,16,1,0,15,11
2020-10-23,US,Missouri,Cole,2756,18,0,38.50455671,-92.27860244,29051.0,3591.113427584859,0.6531204644412192,2738,2649,18,0,2631,2600,76796,107,0,0,107,49
2020-10-23,US,Missouri,Cooper,592,2,0,38.844478,-92.80896081,29053.0,3342.932971935174,0.33783783783783783,590,586,2,0,584,581,17603,6,0,0,6,5
2020-10-23,US,Missouri,Crawford,593,7,0,37.97663738,-91.30528104,29055.0,2479.0969899665547,1.1804384485666104,586,583,7,0,576,563,23957,10,0,0,10,20
2020-10-23,US,Missouri,Dade,131,0,0,37.431814,-93.8503345,29057.0,1732.5750562094959,0.0,131,130,0,0,130,129,7569,1,0,0,1,1
2020-10-23,US,Missouri,Dallas,331,1,0,37.681135499999996,-93.02127031,29059.0,1961.1328356440329,0.3021148036253776,330,325,1,0,324,303,16762,6,0,0,6,22
2020-10-23,US,Missouri,Daviess,211,4,0,39.96145298,-93.98519678,29061.0,2548.924861077555,1.895734597156398,207,206,4,0,202,206,8313,5,0,0,5,0
2020-10-23,US,Missouri,DeKalb,271,2,0,39.89201062,-94.40476508,29063.0,2159.8788555033075,0.7380073800738007,269,262,2,0,260,259,12630,9,0,0,9,3
2020-10-23,US,Missouri,Dent,239,3,0,37.60663134,-91.50790473,29065.0,1534.7075065819047,1.2552301255230125,236,239,3,0,236,236,15441,0,0,0,0,3
2020-10-23,US,Missouri,Douglas,277,9,0,36.9325593,-92.49905109,29067.0,2100.8722032612823,3.249097472924188,268,276,9,0,267,273,13373,1,0,0,1,3
2020-10-23,US,Missouri,Dunklin,1071,12,0,36.27167174,-90.09122243,29069.0,3676.495829185404,1.1204481792717087,1059,1043,12,0,1031,1028,29423,28,0,0,28,15
2020-10-23,US,Missouri,Franklin,2464,43,0,38.41127108,-91.07522826,29071.0,2369.9827829984515,1.74512987012987,2421,2433,42,0,2391,2395,103670,31,1,0,30,38
2020-10-23,US,Missouri,Gasconade,237,24,0,38.43947277,-91.50847147,29073.0,1611.5871073031415,10.126582278481012,213,235,24,0,211,230,14705,2,0,0,2,5
2020-10-23,US,Missouri,Gentry,177,10,0,40.21097916,-94.40944419,29075.0,2693.653933952214,5.649717514124294,167,176,10,0,166,174,6628,1,0,0,1,2
2020-10-23,US,Missouri,Greene,8667,118,0,37.2575872,-93.34230916,29077.0,2957.1525081375435,1.3614860966885889,8549,8592,111,0,8481,8497,291923,75,7,0,68,95
2020-10-23,US,Missouri,Grundy,255,9,0,40.11406587,-93.56509276,29079.0,2588.832487309645,3.5294117647058822,246,254,9,0,245,248,9914,1,0,0,1,6
2020-10-23,US,Missouri,Harrison,182,1,0,40.35570088,-93.99222144,29081.0,2179.1187739463603,0.5494505494505495,181,182,1,0,181,179,8414,0,0,0,0,3
2020-10-23,US,Missouri,Henry,363,6,0,38.38482826,-93.79293734,29083.0,1663.3064516129032,1.6528925619834711,357,352,5,0,347,347,21792,11,1,0,10,5
2020-10-23,US,Missouri,Hickory,188,3,0,37.94163617,-93.3203037,29085.0,1969.8239731768647,1.5957446808510638,185,190,3,0,187,183,9509,-2,0,0,-2,7
2020-10-23,US,Missouri,Holt,113,1,0,40.09799248,-95.21638879999999,29087.0,2566.4319781966838,0.8849557522123894,112,112,1,0,111,111,4404,1,0,0,1,1
2020-10-23,US,Missouri,Howard,239,2,0,39.1435761,-92.69756691,29089.0,2389.7610238976104,0.8368200836820083,237,235,2,0,233,230,10137,4,0,0,4,5
2020-10-23,US,Missouri,Howell,1083,7,0,36.77383887,-91.88683935,29091.0,2699.603659296557,0.6463527239150508,1076,1066,6,0,1060,1038,40076,17,1,0,16,28
2020-10-23,US,Missouri,Iron,96,0,0,37.55487945,-90.7735296,29093.0,948.1481481481482,0.0,96,95,0,0,95,93,10177,1,0,0,1,2
2020-10-23,US,Missouri,Jackson,9662,118,0,39.01002188,-94.34724536,29095.0,1374.3739429397265,1.2212792382529496,9544,9541,118,0,9423,9384,700307,121,0,0,121,157
2020-10-23,US,Missouri,Jasper,5028,68,0,37.20351921,-94.34050458,29097.0,4144.1382038770935,1.352426412092283,4960,4955,68,0,4887,4893,120636,73,0,0,73,62
2020-10-23,US,Missouri,Jefferson,5305,79,0,38.25926778,-90.53870896,29099.0,2356.929283235813,1.4891611687087654,5226,5282,78,0,5204,5241,224347,23,1,0,22,41
2020-10-23,US,Missouri,Johnson,1428,10,0,38.74719601,-93.80691168,29101.0,2641.4117124782656,0.7002801120448179,1418,1411,10,0,1401,1393,53652,17,0,0,17,18
2020-10-23,US,Missouri,Kansas City,13989,184,0,39.0997,-94.5786,0.0,2861.0696952405488,1.3153191793552077,13805,13904,177,0,13727,13869,491918,85,7,0,78,35
2020-10-23,US,Missouri,Knox,61,1,0,40.12699751,-92.14780832,29103.0,1540.7931295781766,1.639344262295082,60,60,1,0,59,59,3947,1,0,0,1,1
2020-10-23,US,Missouri,Laclede,1126,21,0,37.65896829,-92.5888493,29105.0,3152.0309044593128,1.8650088809946717,1105,1118,21,0,1097,1093,35713,8,0,0,8,25
2020-10-23,US,Missouri,Lafayette,782,24,0,39.06986886,-93.78076396,29107.0,2390.852390852391,3.0690537084398977,758,767,24,0,743,754,32598,15,0,0,15,13
2020-10-23,US,Missouri,Lawrence,1034,14,0,37.10626634,-93.83293097,29109.0,2695.8675531221484,1.3539651837524178,1020,1018,14,0,1004,1006,38359,16,0,0,16,12
2020-10-23,US,Missouri,Lewis,186,2,0,40.09673161,-91.72070156,29111.0,1902.6186579378068,1.075268817204301,184,179,2,0,177,175,9855,7,0,0,7,4
2020-10-23,US,Missouri,Lincoln,1102,5,0,39.05345619,-90.95588181,29113.0,1867.3851524240424,0.4537205081669691,1097,1084,5,0,1079,1079,57686,18,0,0,18,5
2020-10-23,US,Missouri,Linn,156,2,0,39.87001769,-93.10704106,29115.0,1308.724832214765,1.2820512820512822,154,153,2,0,151,153,12037,3,0,0,3,0
2020-10-23,US,Missouri,Livingston,553,6,0,39.78110272,-93.54645978,29117.0,3631.7068365403557,1.08499095840868,547,551,6,0,545,549,15146,2,0,0,2,2
2020-10-23,US,Missouri,Macon,200,1,0,39.83049768,-92.56453089,29121.0,1323.0138254944766,0.5,199,199,1,0,198,198,15153,1,0,0,1,1
2020-10-23,US,Missouri,Madison,465,3,0,37.47865134,-90.34671429999999,29123.0,3846.790205162145,0.6451612903225806,462,454,3,0,451,447,12188,11,0,0,11,7
2020-10-23,US,Missouri,Maries,161,0,0,38.16193985,-91.92249662,29125.0,1851.2130619753934,0.0,161,155,0,0,155,148,8769,6,0,0,6,7
2020-10-23,US,Missouri,Marion,871,14,0,39.80601912,-91.62203062,29127.0,3052.926743778479,1.6073478760045925,857,858,14,0,844,850,28592,13,0,0,13,8
2020-10-23,US,Missouri,McDonald,1196,11,0,36.62869595,-94.34867205,29119.0,5237.115207776853,0.9197324414715721,1185,1195,11,0,1184,1192,23078,1,0,0,1,3
2020-10-23,US,Missouri,Mercer,31,0,0,40.42212303,-93.56829590000001,29129.0,857.0638650815595,0.0,31,31,0,0,31,31,3641,0,0,0,0,0
2020-10-23,US,Missouri,Miller,812,7,0,38.21450288,-92.42610898,29131.0,3169.52261993052,0.8620689655172413,805,804,7,0,797,791,25336,8,0,0,8,13
2020-10-23,US,Missouri,Mississippi,417,5,0,36.82516239,-89.29505753,29133.0,3163.884673748103,1.1990407673860912,412,406,5,0,401,402,13336,11,0,0,11,4
2020-10-23,US,Missouri,Moniteau,583,9,0,38.63571781,-92.57976951,29135.0,3613.935035953385,1.5437392795883362,574,523,9,0,514,507,16121,60,0,0,60,16
2020-10-23,US,Missouri,Monroe,144,1,0,39.49593978,-92.00043978,29137.0,1665.8954187875986,0.6944444444444444,143,142,1,0,141,139,8664,2,0,0,2,3
2020-10-23,US,Missouri,Montgomery,126,1,0,38.94022054,-91.47000721,29139.0,1090.814648082417,0.7936507936507936,125,116,1,0,115,112,11534,10,0,0,10,4
2020-10-23,US,Missouri,Morgan,629,6,0,38.4181765,-92.88791859,29141.0,3049.401270179861,0.9538950715421304,623,622,6,0,616,604,20358,7,0,0,7,18
2020-10-23,US,Missouri,New Madrid,736,20,0,36.59666326,-89.66070007,29143.0,4310.142890606699,2.717391304347826,716,725,20,0,705,709,17296,11,0,0,11,16
2020-10-23,US,Missouri,Newton,1979,17,0,36.90519407,-94.3394104,29145.0,3398.2416374751006,0.8590197069226883,1962,1946,17,0,1929,1915,58266,33,0,0,33,31
2020-10-23,US,Missouri,Nodaway,1079,10,0,40.36079813,-94.88133008,29147.0,4884.120948759732,0.9267840593141798,1069,1067,10,0,1057,1041,22304,12,0,0,12,26
2020-10-23,US,Missouri,Oregon,223,0,0,36.68710164,-91.4033755,29149.0,2117.959920220344,0.0,223,219,0,0,219,214,10541,4,0,0,4,5
2020-10-23,US,Missouri,Osage,449,3,0,38.46036182,-91.8613635,29151.0,3297.833272126332,0.6681514476614699,446,438,3,0,435,431,13714,11,0,0,11,7
2020-10-23,US,Missouri,Ozark,195,1,0,36.64916339,-92.44459066,29153.0,2125.5722694571614,0.5128205128205128,194,192,1,0,191,181,9017,3,0,0,3,11
2020-10-23,US,Missouri,Pemiscot,703,12,0,36.2130572,-89.78742322,29155.0,4447.959506485288,1.7069701280227596,691,691,12,0,679,686,16272,12,0,0,12,5
2020-10-23,US,Missouri,Perry,779,8,0,37.70660776,-89.82741088,29157.0,4070.8612040133785,1.0269576379974326,771,771,8,0,763,762,19150,8,0,0,8,9
2020-10-23,US,Missouri,Pettis,1524,15,0,38.72798918,-93.28471706,29159.0,3599.518174732516,0.9842519685039369,1509,1500,14,0,1486,1484,42542,24,1,0,23,16
2020-10-23,US,Missouri,Phelps,794,21,0,37.87736118,-91.79351727,29161.0,1781.347452493662,2.6448362720403025,773,785,20,0,765,776,44732,9,1,0,8,9
2020-10-23,US,Missouri,Pike,328,8,0,39.34310674,-91.16980779,29163.0,1792.1538629657962,2.4390243902439024,320,321,8,0,313,309,18504,7,0,0,7,12
2020-10-23,US,Missouri,Platte,956,12,0,39.38154439,-94.77068479,29165.0,915.5509586469766,1.2552301255230125,944,945,12,0,933,926,102985,11,0,0,11,19
2020-10-23,US,Missouri,Polk,913,8,0,37.616229600000004,-93.39828174,29167.0,2839.9017076736445,0.8762322015334063,905,908,8,0,900,895,32201,5,0,0,5,13
2020-10-23,US,Missouri,Pulaski,927,9,0,37.82462075,-92.20783203,29169.0,1762.1229113996235,0.9708737864077671,918,906,9,0,897,901,52014,21,0,0,21,5
2020-10-23,US,Missouri,Putnam,52,1,0,40.47942497,-93.02042674,29171.0,1107.3253833049403,1.9230769230769231,51,49,1,0,48,48,4757,3,0,0,3,1
2020-10-23,US,Missouri,Ralls,198,0,0,39.52817427,-91.51838643,29173.0,1920.6518576001556,0.0,198,195,0,0,195,194,10212,3,0,0,3,1
2020-10-23,US,Missouri,Randolph,575,3,0,39.44007257,-92.49713740000001,29175.0,2323.4200743494425,0.5217391304347826,572,562,3,0,559,541,24763,13,0,0,13,21
2020-10-23,US,Missouri,Ray,260,2,0,39.353746799999996,-93.98905745,29177.0,1129.5507863411246,0.7692307692307693,258,257,2,0,255,252,22883,3,0,0,3,5
2020-10-23,US,Missouri,Reynolds,65,1,0,37.36085952,-90.97009925,29179.0,1036.682615629984,1.5384615384615383,64,62,0,0,62,60,6254,3,1,0,2,2
2020-10-23,US,Missouri,Ripley,247,4,0,36.65460667,-90.85990261,29181.0,1858.8199879590607,1.6194331983805668,243,241,4,0,237,233,13401,6,0,0,6,8
2020-10-23,US,Missouri,Saline,926,10,0,39.13734288,-93.20259964,29195.0,4068.362549975837,1.079913606911447,916,916,10,0,906,909,22895,10,0,0,10,7
2020-10-23,US,Missouri,Schuyler,36,0,0,40.46921489,-92.52311943,29197.0,772.5321888412018,0.0,36,35,0,0,35,35,4599,1,0,0,1,0
2020-10-23,US,Missouri,Scotland,68,1,0,40.45214695,-92.14709064,29199.0,1387.1889024887805,1.4705882352941178,67,68,1,0,67,63,4966,0,0,0,0,5
2020-10-23,US,Missouri,Scott,1356,19,0,37.05588075,-89.56474493,29201.0,3542.3197492163013,1.4011799410029502,1337,1337,19,0,1318,1312,38458,19,0,0,19,25
2020-10-23,US,Missouri,Shannon,217,3,0,37.15772072,-91.40190382,29203.0,2657.3597844722017,1.3824884792626728,214,214,3,0,211,202,8189,3,0,0,3,12
2020-10-23,US,Missouri,Shelby,99,1,0,39.79742518,-92.07634971,29205.0,1669.4772344013488,1.0101010101010102,98,98,1,0,97,97,6050,1,0,0,1,1
2020-10-23,US,Missouri,St. Charles,10150,144,0,38.77875681,-90.66662425,29183.0,2524.737452179234,1.41871921182266,10006,10055,144,0,9911,9951,399182,95,0,0,95,104
2020-10-23,US,Missouri,St. Clair,117,1,0,38.03699437,-93.77631447,29185.0,1245.0782164520592,0.8547008547008547,116,115,1,0,114,114,9395,2,0,0,2,1
2020-10-23,US,Missouri,St. Francois,2720,24,0,37.81214171,-90.47598685,29187.0,4046.7157628505543,0.8823529411764706,2696,2699,22,0,2677,2683,66692,21,2,0,19,16
2020-10-23,US,Missouri,St. Louis,29143,867,0,38.63770039999999,-90.4458375,29189.0,2931.2868070468357,2.974985416738153,28276,28842,865,0,27977,28626,996945,301,2,0,299,216
2020-10-23,US,Missouri,St. Louis City,8157,218,0,38.63555736,-90.24349225,29510.0,2713.7895241137016,2.672551183032978,7939,8103,218,0,7885,8059,302838,54,0,0,54,44
2020-10-23,US,Missouri,Ste. Genevieve,341,1,0,37.89090059,-90.1949941,29186.0,1905.6667039231027,0.2932551319648094,340,331,1,0,330,319,17888,10,0,0,10,12
2020-10-23,US,Missouri,Stoddard,841,15,0,36.85571651,-89.9444155,29207.0,2897.5021533161066,1.78359096313912,826,813,15,0,798,792,29206,28,0,0,28,21
2020-10-23,US,Missouri,Stone,657,9,0,36.75000327,-93.45256475,29209.0,2056.2093139709564,1.3698630136986298,648,655,8,0,647,646,31749,2,1,0,1,9
2020-10-23,US,Missouri,Sullivan,285,1,0,40.2099105,-93.11150106,29211.0,4680.571522417474,0.3508771929824561,284,281,1,0,280,279,6221,4,0,0,4,2
2020-10-23,US,Missouri,Taney,1641,33,0,36.65465345,-93.04075153,29213.0,2934.129595193821,2.010968921389397,1608,1626,33,0,1593,1591,55852,15,0,0,15,35
2020-10-23,US,Missouri,Texas,553,3,0,37.31728859,-91.96564727,29215.0,2177.3367981730844,0.5424954792043399,550,550,3,0,547,534,25571,3,0,0,3,16
2020-10-23,US,Missouri,Vernon,312,3,0,37.8457799,-94.34127305,29217.0,1517.288333414385,0.9615384615384616,309,305,3,0,302,296,20528,7,0,0,7,9
2020-10-23,US,Missouri,Warren,590,1,0,38.76529479,-91.16124662,29219.0,1655.0253864063513,0.1694915254237288,589,587,1,0,586,582,34711,3,0,0,3,5
2020-10-23,US,Missouri,Washington,623,17,0,37.96130078,-90.87948158,29221.0,2519.207440355843,2.7287319422150884,606,617,16,0,601,605,24943,6,1,0,5,12
2020-10-23,US,Missouri,Wayne,297,1,0,37.11303869,-90.46001416,29223.0,2307.1545094383605,0.3367003367003367,296,295,1,0,294,294,13122,2,0,0,2,1
2020-10-23,US,Missouri,Webster,1091,11,0,37.2813734,-92.876329,29225.0,2755.6071933723993,1.008249312557287,1080,1080,11,0,1069,1062,39109,11,0,0,11,18
2020-10-23,US,Missouri,Worth,29,0,0,40.47945588,-94.42328751,29227.0,1440.635866865375,0.0,29,29,0,0,29,27,2040,0,0,0,0,2
2020-10-23,US,Missouri,Wright,574,3,0,37.27029221,-92.46914488,29229.0,3138.498551041609,0.5226480836236934,571,572,3,0,569,565,18378,2,0,0,2,7
2020-10-23,US,Montana,Beaverhead,252,1,0,45.13434354,-112.89846940000001,30001.0,2665.8203744842913,0.3968253968253968,251,247,1,0,246,240,9404,5,0,0,5,7
2020-10-23,US,Montana,Big Horn,1225,34,0,45.42335905,-107.492347,30003.0,9197.387191230573,2.7755102040816326,1191,1225,34,0,1191,1205,13338,0,0,0,0,20
2020-10-23,US,Montana,Blaine,266,2,0,48.43175214,-108.9582723,30005.0,3981.439904205957,0.7518796992481203,264,256,2,0,254,246,6807,10,0,0,10,10
2020-10-23,US,Montana,Broadwater,58,0,0,46.33277565,-111.49558130000001,30007.0,929.9342632675966,0.0,58,52,0,0,52,43,6085,6,0,0,6,9
2020-10-23,US,Montana,Carbon,220,0,0,45.22850116,-109.0274047,30009.0,2051.2820512820513,0.0,220,216,0,0,216,206,10714,4,0,0,4,10
2020-10-23,US,Montana,Carter,46,0,0,45.5197966,-104.53955359999999,30011.0,3674.121405750799,0.0,46,46,0,0,46,32,1238,0,0,0,0,14
2020-10-23,US,Montana,Cascade,1688,6,0,47.30797024,-111.3467922,30013.0,2074.576604478529,0.35545023696682465,1682,1627,6,0,1621,1538,81643,61,0,0,61,89
2020-10-23,US,Montana,Chouteau,84,0,0,47.88084126,-110.4353362,30015.0,1490.6832298136646,0.0,84,79,0,0,79,68,5745,5,0,0,5,11
2020-10-23,US,Montana,Custer,245,3,0,46.25319932,-105.57375259999998,30017.0,2148.7458340641992,1.2244897959183674,242,233,3,0,230,206,11586,12,0,0,12,27
2020-10-23,US,Montana,Daniels,26,1,0,48.78420029,-105.54763429999998,30019.0,1538.4615384615383,3.8461538461538463,25,27,1,0,26,23,1747,-1,0,0,-1,4
2020-10-23,US,Montana,Dawson,196,3,0,47.26584855,-104.89444170000002,30021.0,2275.629861836758,1.5306122448979589,193,185,3,0,182,181,8680,11,0,0,11,4
2020-10-23,US,Montana,Deer Lodge,386,1,0,46.05953325,-113.073353,30023.0,4223.194748358862,0.2590673575129533,385,365,1,0,364,358,9131,21,0,0,21,7
2020-10-23,US,Montana,Fallon,47,0,0,46.33478338,-104.41835649999999,30025.0,1651.440618411806,0.0,47,47,0,0,47,37,2920,0,0,0,0,10
2020-10-23,US,Montana,Fergus,192,2,0,47.26331584,-109.2245206,30027.0,1737.5565610859728,1.0416666666666667,190,172,2,0,170,167,11113,20,0,0,20,5
2020-10-23,US,Montana,Flathead,2885,23,0,48.29575866,-114.05205690000001,30029.0,2779.2227809567853,0.7972270363951474,2862,2823,23,0,2800,2712,102106,62,0,0,62,111
2020-10-23,US,Montana,Gallatin,2618,6,0,45.54486106,-111.1692571,30031.0,2287.781603369628,0.22918258212375855,2612,2500,6,0,2494,2400,111876,118,0,0,118,100
2020-10-23,US,Montana,Garfield,29,0,0,47.27545948,-107.0002351,30033.0,2305.246422893482,0.0,29,29,0,0,29,21,1268,0,0,0,0,8
2020-10-23,US,Montana,Glacier,841,10,0,48.70513576,-112.9934235,30035.0,6115.02944812041,1.1890606420927468,831,827,10,0,817,815,13747,14,0,0,14,12
2020-10-23,US,Montana,Golden Valley,12,0,0,46.3816474,-109.17685220000001,30037.0,1461.6321559074302,0.0,12,12,0,0,12,12,826,0,0,0,0,0
2020-10-23,US,Montana,Granite,56,0,0,46.40605220000001,-113.4414186,30039.0,1657.2950577093814,0.0,56,56,0,0,56,54,3378,0,0,0,0,2
2020-10-23,US,Montana,Hill,673,16,0,48.62879827,-110.1129252,30041.0,4082.746906090754,2.37741456166419,657,644,16,0,628,621,16347,29,0,0,29,23
2020-10-23,US,Montana,Jefferson,141,0,0,46.14907081,-112.094396,30043.0,1153.7517388102447,0.0,141,140,0,0,140,139,12097,1,0,0,1,1
2020-10-23,US,Montana,Judith Basin,16,0,0,47.04581276,-110.26606880000001,30045.0,797.2097658196312,0.0,16,15,0,0,15,15,1952,1,0,0,1,0
2020-10-23,US,Montana,Lake,492,2,0,47.64514965,-114.0898013,30047.0,1615.3391555584742,0.4065040650406504,490,485,1,0,484,476,30250,7,1,0,6,9
2020-10-23,US,Montana,Lewis and Clark,777,5,0,47.12610041,-112.39469799999999,30049.0,1119.0805392326306,0.6435006435006435,772,740,5,0,735,714,68700,37,0,0,37,26
2020-10-23,US,Montana,Liberty,28,0,0,48.56084317,-111.02430700000001,30051.0,1198.117244330338,0.0,28,28,0,0,28,28,2430,0,0,0,0,0
2020-10-23,US,Montana,Lincoln,272,3,0,48.54265777,-115.4046155,30053.0,1361.3613613613613,1.1029411764705883,269,267,3,0,264,258,19794,5,0,0,5,9
2020-10-23,US,Montana,Madison,154,1,0,45.30080065,-111.9173017,30057.0,1790.6976744186047,0.6493506493506493,153,152,1,0,151,148,8768,2,0,0,2,4
2020-10-23,US,Montana,McCone,59,0,0,47.64469406,-105.79449939999999,30055.0,3545.6730769230767,0.0,59,58,0,0,58,52,1675,1,0,0,1,6
2020-10-23,US,Montana,Meagher,61,3,0,46.59907074,-110.8898557,30059.0,3276.0472610096667,4.918032786885246,58,57,3,0,54,56,1866,4,0,0,4,1
2020-10-23,US,Montana,Mineral,15,0,0,47.15283992,-115.00152390000001,30061.0,341.14168751421425,0.0,15,15,0,0,15,14,4316,0,0,0,0,1
2020-10-23,US,Montana,Missoula,1935,9,0,47.03728583,-113.92135079999998,30063.0,1617.8929765886292,0.4651162790697674,1926,1846,8,0,1838,1750,118791,89,1,0,88,96
2020-10-23,US,Montana,Musselshell,88,1,0,46.49684637,-108.39498,30065.0,1899.4172242607385,1.1363636363636365,87,81,1,0,80,75,4651,7,0,0,7,6
2020-10-23,US,Montana,Park,214,0,0,45.48965095,-110.52643940000002,30067.0,1288.6908346380824,0.0,214,206,0,0,206,203,16736,8,0,0,8,3
2020-10-23,US,Montana,Petroleum,3,0,0,47.118246299999996,-108.2508876,30069.0,616.0164271047228,0.0,3,3,0,0,3,3,513,0,0,0,0,0
2020-10-23,US,Montana,Phillips,159,0,0,48.25936577,-107.9128511,30071.0,4021.2443095599383,0.0,159,157,0,0,157,146,4074,2,0,0,2,11
2020-10-23,US,Montana,Pondera,141,1,0,48.22773388,-112.22527029999999,30073.0,2385.3831838944343,0.7092198581560284,140,140,1,0,139,138,5972,1,0,0,1,2
2020-10-23,US,Montana,Powder River,54,5,0,45.39617714,-105.636738,30075.0,3210.463733650416,9.25925925925926,49,47,5,0,42,47,1716,7,0,0,7,0
2020-10-23,US,Montana,Powell,89,0,0,46.85538891,-112.93591640000001,30077.0,1291.7271407837445,0.0,89,89,0,0,89,80,6968,0,0,0,0,9
2020-10-23,US,Montana,Prairie,32,0,0,46.86048047,-105.379384,30079.0,2971.2163416898798,0.0,32,31,0,0,31,30,1087,1,0,0,1,1
2020-10-23,US,Montana,Ravalli,391,4,0,46.08520862,-114.11891640000002,30081.0,892.5717938181984,1.0230179028132993,387,376,4,0,372,359,43172,15,0,0,15,17
2020-10-23,US,Montana,Richland,247,2,0,47.78668011,-104.5610786,30083.0,2286.401925391095,0.8097165991902834,245,240,2,0,238,231,10913,7,0,0,7,9
2020-10-23,US,Montana,Roosevelt,875,17,0,48.29607488,-105.00792679999999,30085.0,7951.653944020356,1.9428571428571428,858,871,17,0,854,829,11059,4,0,0,4,42
2020-10-23,US,Montana,Rosebud,742,21,0,46.23397237,-106.72928799999998,30087.0,8302.56238111223,2.830188679245283,721,739,20,0,719,737,9063,3,1,0,2,2
2020-10-23,US,Montana,Sanders,89,2,0,47.67657534,-115.1329916,30089.0,734.7477916288284,2.247191011235955,87,89,2,0,87,88,11844,0,0,0,0,1
2020-10-23,US,Montana,Sheridan,61,0,0,48.72085833,-104.50382900000001,30091.0,1843.4572378362045,0.0,61,54,0,0,54,52,3424,7,0,0,7,2
2020-10-23,US,Montana,Silver Bow,514,0,0,45.90018933,-112.6620092,30093.0,1472.1466418444793,0.0,514,483,0,0,483,481,34993,31,0,0,31,2
2020-10-23,US,Montana,Stillwater,187,3,0,45.67071407,-109.3950061,30095.0,1939.4316531839868,1.60427807486631,184,165,3,0,162,160,9534,22,0,0,22,5
2020-10-23,US,Montana,Sweet Grass,69,2,0,45.81367654,-109.9425686,30097.0,1846.4008563018467,2.898550724637681,67,63,2,0,61,62,3710,6,0,0,6,1
2020-10-23,US,Montana,Teton,81,0,0,47.83741052,-112.24106880000001,30099.0,1317.7159590043925,0.0,81,75,0,0,75,75,6162,6,0,0,6,0
2020-10-23,US,Montana,Toole,306,6,0,48.65577551,-111.69424140000001,30101.0,6461.148648648647,1.96078431372549,300,305,6,0,299,304,4853,1,0,0,1,1
2020-10-23,US,Montana,Treasure,17,0,0,46.20973220000001,-107.26665159999999,30103.0,2442.528735632184,0.0,17,11,0,0,11,11,679,6,0,0,6,0
2020-10-23,US,Montana,Valley,310,2,0,48.36435097,-106.6669635,30105.0,4191.454840454298,0.6451612903225806,308,288,2,0,286,285,7437,22,0,0,22,3
2020-10-23,US,Montana,Wheatland,60,2,0,46.46652491,-109.84646359999999,30107.0,2822.2013170272808,3.333333333333333,58,60,2,0,58,60,2236,0,0,0,0,0
2020-10-23,US,Montana,Wibaux,39,0,0,46.95925154,-104.2510927,30109.0,4024.767801857585,0.0,39,39,0,0,39,37,1034,0,0,0,0,2
2020-10-23,US,Montana,Yellowstone,5740,83,0,45.93955949,-108.26914860000001,30111.0,3558.5864848109113,1.4459930313588851,5657,5557,82,0,5475,5384,160137,183,1,0,182,173
2020-10-23,US,Nebraska,Adams,803,13,0,40.52449420000001,-98.50117804,31001.0,2560.341804036604,1.6189290161892902,790,778,13,0,765,760,31511,25,0,0,25,18
2020-10-23,US,Nebraska,Antelope,153,1,0,42.17695516,-98.06662829999999,31003.0,2429.3426484598285,0.6535947712418301,152,147,1,0,146,142,6336,6,0,0,6,5
2020-10-23,US,Nebraska,Arthur,3,0,0,41.56896142,-101.6959559,31005.0,647.9481641468683,0.0,3,3,0,0,3,3,465,0,0,0,0,0
2020-10-23,US,Nebraska,Banner,4,0,0,41.54634427,-103.7114332,31007.0,536.9127516778524,0.0,4,3,0,0,3,3,730,1,0,0,1,0
2020-10-23,US,Nebraska,Blaine,2,0,0,41.91311716,-99.97677845,31009.0,430.1075268817205,0.0,2,2,0,0,2,2,476,0,0,0,0,0
2020-10-23,US,Nebraska,Boone,136,0,0,41.70759415,-98.06737183,31011.0,2619.4144838212633,0.0,136,136,0,0,136,133,5239,0,0,0,0,3
2020-10-23,US,Nebraska,Box Butte,212,1,0,42.22079243,-103.08788340000001,31013.0,1966.0576833905216,0.4716981132075472,211,192,1,0,191,181,10772,20,0,0,20,11
2020-10-23,US,Nebraska,Boyd,62,0,0,42.899727399999996,-98.76486568,31015.0,3230.849400729547,0.0,62,61,0,0,61,55,1955,1,0,0,1,6
2020-10-23,US,Nebraska,Brown,68,0,0,42.43018907,-99.92904055,31017.0,2301.184433164129,0.0,68,67,0,0,67,66,2973,1,0,0,1,1
2020-10-23,US,Nebraska,Buffalo,1750,13,0,40.85486962,-99.07500296,31019.0,3524.033911274895,0.7428571428571429,1737,1696,13,0,1683,1655,49615,54,0,0,54,41
2020-10-23,US,Nebraska,Burt,110,1,0,41.85056773,-96.32605633,31021.0,1703.0500077411364,0.9090909090909092,109,106,1,0,105,102,6488,4,0,0,4,4
2020-10-23,US,Nebraska,Butler,250,2,0,41.22703692,-97.13106306,31023.0,3118.7624750499003,0.8,248,247,1,0,246,240,8058,3,1,0,2,7
2020-10-23,US,Nebraska,Cass,501,4,0,40.90899107,-96.13971217,31025.0,1908.7168546174946,0.7984031936127745,497,483,4,0,479,476,26159,18,0,0,18,7
2020-10-23,US,Nebraska,Cedar,138,0,0,42.598885100000004,-97.25311951,31027.0,1642.46607950488,0.0,138,133,0,0,133,133,8446,5,0,0,5,0
2020-10-23,US,Nebraska,Chase,141,0,0,40.523719799999995,-101.69780259999999,31029.0,3593.272171253823,0.0,141,139,0,0,139,137,3977,2,0,0,2,2
2020-10-23,US,Nebraska,Cherry,65,4,0,42.54502621,-101.1244332,31031.0,1142.5558094568464,6.153846153846153,61,63,4,0,59,63,5761,2,0,0,2,0
2020-10-23,US,Nebraska,Cheyenne,83,1,0,41.21999357,-102.9941693,31033.0,931.5375982042647,1.2048192771084338,82,82,1,0,81,78,9310,1,0,0,1,4
2020-10-23,US,Nebraska,Clay,156,0,0,40.52439441,-98.05126296,31035.0,2514.9121392874413,0.0,156,146,0,0,146,143,6214,10,0,0,10,3
2020-10-23,US,Nebraska,Colfax,888,7,0,41.57486951,-97.0868542,31037.0,8292.09076477729,0.7882882882882883,881,882,7,0,875,877,10881,6,0,0,6,5
2020-10-23,US,Nebraska,Cuming,276,1,0,41.91637624,-96.78730772,31039.0,3120.054261813249,0.3623188405797101,275,256,1,0,255,255,8940,20,0,0,20,1
2020-10-23,US,Nebraska,Custer,201,4,0,41.39374521,-99.72805369,31041.0,1865.0830472302125,1.9900497512437807,197,196,4,0,192,187,10840,5,0,0,5,9
2020-10-23,US,Nebraska,Dakota,2507,44,0,42.39040144,-96.56656425,31043.0,12518.72565664636,1.7550857598723577,2463,2493,44,0,2449,2476,20083,14,0,0,14,17
2020-10-23,US,Nebraska,Dawes,210,1,0,42.71985036,-103.1313774,31045.0,2444.987775061125,0.4761904761904762,209,206,0,0,206,203,8716,4,1,0,3,3
2020-10-23,US,Nebraska,Dawson,1255,15,0,40.87028216,-99.82014609999999,31047.0,5318.923500741683,1.195219123505976,1240,1236,15,0,1221,1217,23709,19,0,0,19,19
2020-10-23,US,Nebraska,Deuel,8,0,0,41.11168186,-102.33333309999999,31049.0,445.9308807134894,0.0,8,8,0,0,8,8,1825,0,0,0,0,0
2020-10-23,US,Nebraska,Dixon,157,2,0,42.49188363,-96.86782408,31051.0,2785.6635911994317,1.2738853503184713,155,152,2,0,150,152,5709,5,0,0,5,0
2020-10-23,US,Nebraska,Dodge,1548,17,0,41.58071748,-96.65598179,31053.0,4233.556679885136,1.0981912144702843,1531,1517,17,0,1500,1506,36791,31,0,0,31,11
2020-10-23,US,Nebraska,Douglas,21288,217,0,41.29518299,-96.15085305,31055.0,3726.062307575171,1.0193536264562195,21071,20992,217,0,20775,20690,566880,296,0,0,296,302
2020-10-23,US,Nebraska,Dundy,19,1,0,40.17638677,-101.6876522,31057.0,1122.2681630242173,5.2631578947368425,18,18,1,0,17,18,1770,1,0,0,1,0
2020-10-23,US,Nebraska,Fillmore,92,1,0,40.52458567,-97.59646937,31059.0,1684.3647015745148,1.0869565217391304,91,89,1,0,88,86,5527,3,0,0,3,3
2020-10-23,US,Nebraska,Franklin,89,0,0,40.17636348,-98.95299073,31061.0,2987.579724739845,0.0,89,85,0,0,85,80,3023,4,0,0,4,5
2020-10-23,US,Nebraska,Frontier,36,0,0,40.52993007,-100.3924658,31063.0,1370.3844689760185,0.0,36,33,0,0,33,30,2608,3,0,0,3,3
2020-10-23,US,Nebraska,Furnas,90,3,0,40.17642064,-99.91247454,31065.0,1924.7219846022242,3.333333333333333,87,86,3,0,83,84,4715,4,0,0,4,2
2020-10-23,US,Nebraska,Gage,513,5,0,40.26186809,-96.68946704,31067.0,2384.6046576488634,0.9746588693957114,508,496,5,0,491,490,21493,17,0,0,17,6
2020-10-23,US,Nebraska,Garden,18,0,0,41.61703149,-102.3313973,31069.0,979.858464888405,0.0,18,18,0,0,18,18,1897,0,0,0,0,0
2020-10-23,US,Nebraska,Garfield,24,0,0,41.91428955,-98.99111827,31071.0,1218.8928390045708,0.0,24,22,0,0,22,20,1987,2,0,0,2,2
2020-10-23,US,Nebraska,Gosper,60,0,0,40.51481965,-99.83020279,31073.0,3015.075376884422,0.0,60,55,0,0,55,54,1996,5,0,0,5,1
2020-10-23,US,Nebraska,Grant,3,0,0,41.91528587,-101.740701,31075.0,481.54093097913324,0.0,3,4,0,0,4,4,660,-1,0,0,-1,0
2020-10-23,US,Nebraska,Greeley,47,0,0,41.56742671,-98.52150266,31077.0,1994.90662139219,0.0,47,46,0,0,46,45,2356,1,0,0,1,1
2020-10-23,US,Nebraska,Hall,2530,49,0,40.87257079,-98.50218293,31079.0,4123.677733770151,1.9367588932806323,2481,2497,49,0,2448,2467,61607,33,0,0,33,30
2020-10-23,US,Nebraska,Hamilton,228,12,0,40.87349452,-98.02099117,31081.0,2445.302445302445,5.2631578947368425,216,225,12,0,213,223,9280,3,0,0,3,2
2020-10-23,US,Nebraska,Harlan,53,0,0,40.17658508,-99.40438879,31083.0,1568.0473372781064,0.0,53,52,0,0,52,51,3401,1,0,0,1,1
2020-10-23,US,Nebraska,Hayes,20,0,0,40.52451972,-101.0603568,31085.0,2169.1973969631235,0.0,20,19,0,0,19,15,916,1,0,0,1,4
2020-10-23,US,Nebraska,Hitchcock,38,0,0,40.17609175,-101.04164770000001,31087.0,1375.8146270818247,0.0,38,34,0,0,34,34,2806,4,0,0,4,0
2020-10-23,US,Nebraska,Holt,263,1,0,42.45522056,-98.78402558,31089.0,2612.496274957783,0.3802281368821293,262,245,1,0,244,238,10178,18,0,0,18,7
2020-10-23,US,Nebraska,Hooker,21,1,0,41.91586243,-101.1354293,31091.0,3079.1788856304993,4.761904761904762,20,21,1,0,20,20,682,0,0,0,0,1
2020-10-23,US,Nebraska,Howard,134,5,0,41.2200529,-98.5166499,31093.0,2079.131109387122,3.7313432835820897,129,131,5,0,126,131,6468,3,0,0,3,0
2020-10-23,US,Nebraska,Jefferson,80,0,0,40.17584531,-97.142601,31095.0,1135.395969344309,0.0,80,80,0,0,80,79,7097,0,0,0,0,1
2020-10-23,US,Nebraska,Johnson,98,0,0,40.39257596,-96.26522753,31097.0,1932.5576809307834,0.0,98,97,0,0,97,97,5134,1,0,0,1,0
2020-10-23,US,Nebraska,Kearney,251,0,0,40.50663314,-98.94877182,31099.0,3864.511162432641,0.0,251,249,0,0,249,248,6544,2,0,0,2,1
2020-10-23,US,Nebraska,Keith,93,0,0,41.19930341,-101.66201640000001,31101.0,1157.580283793876,0.0,93,88,0,0,88,88,8021,5,0,0,5,0
2020-10-23,US,Nebraska,Keya Paha,9,0,0,42.87990694,-99.71343729,31103.0,1116.6253101736972,0.0,9,9,0,0,9,9,810,0,0,0,0,0
2020-10-23,US,Nebraska,Kimball,45,0,0,41.19774275,-103.7148131,31105.0,1238.9867841409693,0.0,45,42,0,0,42,41,3618,3,0,0,3,1
2020-10-23,US,Nebraska,Knox,252,1,0,42.63758421,-97.89178836,31107.0,3024.4839174267877,0.3968253968253968,251,249,1,0,248,246,8419,3,0,0,3,3
2020-10-23,US,Nebraska,Lancaster,8529,40,0,40.78416049,-96.68777155,31109.0,2672.913598044439,0.4689881580490093,8489,8411,40,0,8371,8315,317272,118,0,0,118,96
2020-10-23,US,Nebraska,Lincoln,787,7,0,41.04658298,-100.74753740000001,31111.0,2254.1100991006474,0.8894536213468869,780,745,7,0,738,715,35185,42,0,0,42,30
2020-10-23,US,Nebraska,Logan,9,0,0,41.56650314,-100.4817851,31113.0,1203.2085561497329,0.0,9,9,0,0,9,9,749,0,0,0,0,0
2020-10-23,US,Nebraska,Loup,6,0,0,41.91371961,-99.45440415,31115.0,903.6144578313254,0.0,6,6,0,0,6,6,618,0,0,0,0,0
2020-10-23,US,Nebraska,Madison,1179,8,0,41.91676024,-97.6005481,31119.0,3359.070058976039,0.6785411365564037,1171,1136,8,0,1128,1117,35392,43,0,0,43,19
2020-10-23,US,Nebraska,McPherson,10,0,0,41.56797682,-101.05993620000001,31117.0,2024.2914979757086,0.0,10,10,0,0,10,9,492,0,0,0,0,1
2020-10-23,US,Nebraska,Merrick,131,1,0,41.16624273,-98.0374887,31121.0,1689.2327530625405,0.7633587786259542,130,129,1,0,128,125,7733,2,0,0,2,4
2020-10-23,US,Nebraska,Morrill,104,0,0,41.71711774,-103.0061405,31123.0,2240.4136148211983,0.0,104,102,0,0,102,98,4686,2,0,0,2,4
2020-10-23,US,Nebraska,Nance,80,0,0,41.39750195,-97.99327291,31125.0,2273.373117362887,0.0,80,76,0,0,76,75,3532,4,0,0,4,1
2020-10-23,US,Nebraska,Nemaha,164,0,0,40.38514847,-95.85433992,31127.0,2352.2662076878946,0.0,164,163,0,0,163,163,6958,1,0,0,1,0
2020-10-23,US,Nebraska,Nuckolls,82,0,0,40.17637905,-98.04743961,31129.0,1976.8563162970106,0.0,82,79,0,0,79,78,4195,3,0,0,3,1
2020-10-23,US,Nebraska,Otoe,287,1,0,40.64843556,-96.13374142,31131.0,1792.4056957282041,0.3484320557491289,286,280,1,0,279,274,15985,7,0,0,7,6
2020-10-23,US,Nebraska,Pawnee,28,0,0,40.13141096,-96.23705437,31133.0,1071.5652506697284,0.0,28,28,0,0,28,28,2632,0,0,0,0,0
2020-10-23,US,Nebraska,Perkins,42,10,0,40.85082525,-101.6502942,31135.0,1452.7845036319613,23.809523809523807,32,41,10,0,31,40,2929,1,0,0,1,1
2020-10-23,US,Nebraska,Phelps,285,0,0,40.51156033,-99.41461667,31137.0,3154.7487270312154,0.0,285,271,0,0,271,261,8996,14,0,0,14,10
2020-10-23,US,Nebraska,Pierce,181,8,0,42.26434853,-97.60122773,31139.0,2532.17683268047,4.419889502762431,173,167,8,0,159,164,7142,14,0,0,14,3
2020-10-23,US,Nebraska,Platte,1495,7,0,41.57246836,-97.52144359,31141.0,4466.686585001494,0.4682274247491639,1488,1460,7,0,1453,1446,33363,35,0,0,35,14
2020-10-23,US,Nebraska,Polk,187,3,0,41.18813488,-97.56630712,31143.0,3587.185881450221,1.60427807486631,184,182,3,0,179,181,5278,5,0,0,5,1
2020-10-23,US,Nebraska,Red Willow,195,0,0,40.17556879999999,-100.476998,31145.0,1818.3513614323008,0.0,195,180,0,0,180,175,10726,15,0,0,15,5
2020-10-23,US,Nebraska,Richardson,95,2,0,40.1247415,-95.71755036,31147.0,1207.8830260648442,2.1052631578947367,93,90,2,0,88,90,7937,5,0,0,5,0
2020-10-23,US,Nebraska,Rock,55,1,0,42.42252217,-99.44832069,31149.0,4053.058216654385,1.818181818181818,54,54,1,0,53,53,1360,1,0,0,1,1
2020-10-23,US,Nebraska,Saline,882,2,0,40.52418865,-97.14085859,31151.0,6200.787401574804,0.2267573696145125,880,870,2,0,868,863,14350,12,0,0,12,7
2020-10-23,US,Nebraska,Sarpy,5491,36,0,41.11314181,-96.11156432,31153.0,2933.289172845574,0.655618284465489,5455,5398,35,0,5363,5303,184459,93,1,0,92,95
2020-10-23,US,Nebraska,Saunders,650,4,0,41.227810299999994,-96.63773905,31155.0,3012.327370469923,0.6153846153846154,646,637,4,0,633,626,21303,13,0,0,13,11
2020-10-23,US,Nebraska,Scotts Bluff,674,8,0,41.85070896,-103.70809859999999,31157.0,1892.301645235555,1.1869436201780414,666,652,8,0,644,598,35989,22,0,0,22,54
2020-10-23,US,Nebraska,Seward,338,3,0,40.87241834,-97.139673,31159.0,1955.5658412404532,0.8875739644970414,335,329,3,0,326,323,17318,9,0,0,9,6
2020-10-23,US,Nebraska,Sheridan,118,0,0,42.50284406,-102.4126613,31161.0,2249.332825009531,0.0,118,114,0,0,114,113,5190,4,0,0,4,1
2020-10-23,US,Nebraska,Sherman,37,3,0,41.22045983,-98.97588642,31163.0,1232.9223592135954,8.108108108108109,34,37,3,0,34,36,3038,0,0,0,0,1
2020-10-23,US,Nebraska,Sioux,12,0,0,42.48932059,-103.7576544,31165.0,1029.1595197255574,0.0,12,12,0,0,12,12,1187,0,0,0,0,0
2020-10-23,US,Nebraska,Stanton,66,0,0,41.9169835,-97.19394708,31167.0,1114.8648648648648,0.0,66,65,0,0,65,64,5970,1,0,0,1,1
2020-10-23,US,Nebraska,Thayer,59,0,0,40.17626377,-97.59504381,31169.0,1179.2924245452728,0.0,59,55,0,0,55,54,5039,4,0,0,4,1
2020-10-23,US,Nebraska,Thomas,11,0,0,41.91358968,-100.5556632,31171.0,1523.545706371191,0.0,11,10,0,0,10,9,720,1,0,0,1,1
2020-10-23,US,Nebraska,Thurston,316,4,0,42.15725356,-96.54157099,31173.0,4374.307862679956,1.2658227848101269,312,311,4,0,307,308,7303,5,0,0,5,3
2020-10-23,US,Nebraska,Unassigned,431,5,0,0.0,0.0,90031.0,0.0,1.160092807424594,426,418,5,0,413,410,,13,0,0,13,8
2020-10-23,US,Nebraska,Valley,75,1,0,41.56730777,-98.98197724,31175.0,1803.751803751804,1.3333333333333333,74,72,1,0,71,70,4190,3,0,0,3,2
2020-10-23,US,Nebraska,Washington,455,7,0,41.52815707,-96.22019892,31177.0,2194.992522552945,1.5384615384615383,448,429,7,0,422,423,20667,26,0,0,26,6
2020-10-23,US,Nebraska,Wayne,313,1,0,42.20934475,-97.11926964,31179.0,3335.109216835376,0.3194888178913738,312,296,0,0,296,295,9403,17,1,0,16,1
2020-10-23,US,Nebraska,Webster,110,0,0,40.17642643,-98.50019851,31181.0,3154.5741324921137,0.0,110,107,0,0,107,103,3533,3,0,0,3,4
2020-10-23,US,Nebraska,Wheeler,3,0,0,41.91482725,-98.52798941,31183.0,383.1417624521073,0.0,3,3,0,0,3,3,805,0,0,0,0,0
2020-10-23,US,Nebraska,York,457,2,0,40.87272618,-97.59710186,31185.0,3340.887491775715,0.43763676148796504,455,439,2,0,437,414,13772,18,0,0,18,25
2020-10-23,US,Nevada,Carson City,699,8,0,39.15509045,-119.7480219,32510.0,1250.0894198440515,1.1444921316165952,691,689,8,0,681,678,55414,10,0,0,10,11
2020-10-23,US,Nevada,Churchill,200,4,0,39.58105744,-118.3394607,32001.0,802.9226384037898,2.0,196,198,4,0,194,195,24440,2,0,0,2,3
2020-10-23,US,Nevada,Clark,77426,1488,0,36.21458855,-115.0130241,32003.0,3415.780104688944,1.9218350424921864,75938,76817,1488,0,75329,76244,2231647,609,0,0,609,573
2020-10-23,US,Nevada,Douglas,391,1,0,38.912862,-119.61713329999999,32005.0,799.5092526326551,0.2557544757033248,390,388,1,0,387,387,48467,3,0,0,3,1
2020-10-23,US,Nevada,Elko,1302,11,0,41.14531606,-115.3577619,32007.0,2466.936981317973,0.8448540706605223,1291,1288,11,0,1277,1245,52460,14,0,0,14,43
2020-10-23,US,Nevada,Eureka,11,0,0,39.98100864,-116.26832040000001,32011.0,542.1389847215377,0.0,11,10,0,0,10,10,2003,1,0,0,1,0
2020-10-23,US,Nevada,Humboldt,167,4,0,41.40692186,-118.11094270000001,32013.0,992.2167429148597,2.395209580838323,163,167,4,0,163,160,16786,0,0,0,0,7
2020-10-23,US,Nevada,Lander,102,0,0,39.933223299999995,-117.03970749999999,32015.0,1843.8177874186554,0.0,102,102,2,0,100,96,5575,0,-2,0,2,6
2020-10-23,US,Nevada,Lincoln,44,0,0,37.64268459,-114.8790388,32017.0,848.9291915878835,0.0,44,44,0,0,44,44,5201,0,0,0,0,0
2020-10-23,US,Nevada,Lyon,575,12,0,39.01777974,-119.18704790000001,32019.0,999.8261171970092,2.0869565217391304,563,569,12,0,557,560,55808,6,0,0,6,9
2020-10-23,US,Nevada,Mineral,18,0,0,38.53841696,-118.4344506,32021.0,399.5560488346282,0.0,18,14,0,0,14,14,4514,4,0,0,4,0
2020-10-23,US,Nevada,Nye,620,16,0,38.04264256,-116.47227020000001,32023.0,1332.6741611675945,2.5806451612903225,604,601,16,0,585,588,45346,19,0,0,19,13
2020-10-23,US,Nevada,Pershing,22,0,0,40.44003782,-118.40056409999998,32027.0,327.13754646840147,0.0,22,22,0,0,22,23,6666,0,0,0,0,-1
2020-10-23,US,Nevada,Storey,21,0,0,39.44875482,-119.5250207,32029.0,0.0,0.0,21,21,0,0,21,21,4029,0,0,0,0,0
2020-10-23,US,Nevada,Washoe,11954,189,0,40.66562265,-119.6631594,32031.0,2535.210670195687,1.5810607328091015,11765,11811,189,0,11622,11694,465735,143,0,0,143,117
2020-10-23,US,Nevada,White Pine,113,1,0,39.44157041,-114.89996599999999,32033.0,1179.5407098121084,0.8849557522123894,112,112,1,0,111,105,9475,1,0,0,1,7
2020-10-23,US,New Hampshire,Belknap,210,5,0,43.51637314,-71.41684235,33001.0,342.5607229662496,2.380952380952381,205,202,5,0,197,202,61022,8,0,0,8,0
2020-10-23,US,New Hampshire,Carroll,138,2,0,43.87498583,-71.20430216,33003.0,282.1508893886732,1.4492753623188406,136,137,2,0,135,137,48779,1,0,0,1,0
2020-10-23,US,New Hampshire,Cheshire,180,3,0,42.92015988,-72.25311043,33005.0,236.5775119931656,1.6666666666666667,177,178,3,0,175,176,76493,2,0,0,2,2
2020-10-23,US,New Hampshire,Coos,37,0,0,44.69063265,-71.30633239,33007.0,117.22586572885972,0.0,37,36,0,0,36,34,31589,1,0,0,1,2
2020-10-23,US,New Hampshire,Grafton,191,1,0,43.93779815,-71.82057197,33009.0,212.4913779676479,0.5235602094240838,190,189,1,0,188,187,89786,2,0,0,2,2
2020-10-23,US,New Hampshire,Hillsborough,5274,314,0,42.91537785,-71.7200253,33011.0,1264.6723817516936,5.953735305271143,4960,5228,313,0,4915,5196,415247,46,1,0,45,32
2020-10-23,US,New Hampshire,Merrimack,831,26,0,43.29662971,-71.6811573,33013.0,548.9097766710041,3.128760529482552,805,814,26,0,788,807,151132,17,0,0,17,7
2020-10-23,US,New Hampshire,Rockingham,2484,105,0,42.98499744,-71.12883377,33015.0,801.8878583718837,4.2270531400966185,2379,2452,105,0,2347,2426,309176,32,0,0,32,26
2020-10-23,US,New Hampshire,Strafford,679,14,0,43.291833000000004,-71.02336013,33017.0,519.7767792211769,2.061855670103093,665,671,14,0,657,665,130090,8,0,0,8,6
2020-10-23,US,New Hampshire,Sullivan,74,1,0,43.36094111,-72.22203125,33019.0,171.5106846521114,1.351351351351351,73,72,1,0,71,70,43144,2,0,0,2,2
2020-10-23,US,New Hampshire,Unassigned,14,0,0,0.0,0.0,90033.0,0.0,0.0,14,15,0,0,15,17,,-1,0,0,-1,-2
2020-10-23,US,New Jersey,Atlantic,4898,264,0,39.47538693,-74.65848483,34001.0,1857.625061630068,5.389955083707637,4634,4845,264,0,4581,4816,265429,53,0,0,53,29
2020-10-23,US,New Jersey,Bergen,24259,2057,0,40.96010917,-74.07164325,34003.0,2602.332970750975,8.479327259985983,22202,24172,2056,0,22116,24066,936692,87,1,0,86,106
2020-10-23,US,New Jersey,Burlington,8075,509,0,39.87681124,-74.66927768,34005.0,1813.1847158071528,6.303405572755418,7566,8028,508,0,7520,7978,445384,47,1,0,46,50
2020-10-23,US,New Jersey,Camden,11115,624,0,39.80343818,-74.96388753,34007.0,2194.5975189102633,5.614035087719297,10491,11071,623,0,10448,11007,507078,44,1,0,43,64
2020-10-23,US,New Jersey,Cape May,1085,100,0,39.15008829,-74.80170244,34009.0,1178.8480970023575,9.216589861751153,985,1083,100,0,983,1080,92560,2,0,0,2,3
2020-10-23,US,New Jersey,Cumberland,3945,162,0,39.37199394,-75.10712559,34011.0,2638.3195008259377,4.106463878326996,3783,3939,161,0,3778,3933,150972,6,1,0,5,6
2020-10-23,US,New Jersey,Essex,23253,2139,0,40.78681335,-74.24657979,34013.0,2910.3538909227445,9.19881305637982,21114,23068,2139,0,20929,22877,799767,185,0,0,185,191
2020-10-23,US,New Jersey,Gloucester,5327,242,0,39.71581067,-75.13995546,34015.0,1826.5920531072986,4.542894687441336,5085,5305,240,0,5065,5261,291408,22,2,0,20,44
2020-10-23,US,New Jersey,Hudson,22236,1525,0,40.73766234,-74.07515667,34017.0,3307.004406662195,6.858247886310487,20711,22116,1525,0,20591,22004,676061,120,0,0,120,112
2020-10-23,US,New Jersey,Hunterdon,1515,126,0,40.56335249,-74.91284156,34019.0,1218.129628289553,8.316831683168317,1389,1509,126,0,1383,1505,124714,6,0,0,6,4
2020-10-23,US,New Jersey,Mercer,9072,639,0,40.28047017,-74.70479631,34021.0,2469.041722232806,7.0436507936507935,8433,9048,638,0,8410,9031,369811,24,1,0,23,17
2020-10-23,US,New Jersey,Middlesex,21415,1444,0,40.43629879,-74.41426991,34023.0,2595.5625153018805,6.7429371935559175,19971,21323,1443,0,19880,21229,829685,92,1,0,91,94
2020-10-23,US,New Jersey,Monmouth,13620,870,0,40.26549699,-74.22240686,34025.0,2201.0520446997793,6.387665198237887,12750,13555,870,0,12685,13477,621354,65,0,0,65,78
2020-10-23,US,New Jersey,Morris,8721,834,0,40.86095313,-74.54553709999998,34027.0,1773.1195803555993,9.56312349501204,7887,8659,834,0,7825,8596,494228,62,0,0,62,63
2020-10-23,US,New Jersey,Ocean,16358,1062,0,39.8895449,-74.28089251,34029.0,2694.067386270435,6.492236214696172,15296,16302,1061,0,15241,16238,601651,56,1,0,55,64
2020-10-23,US,New Jersey,Passaic,20264,1261,0,41.03238628,-74.29954144,34031.0,4038.053030333224,6.222858270825109,19003,20211,1260,0,18951,20160,503310,53,1,0,52,51
2020-10-23,US,New Jersey,Salem,1153,88,0,39.58719656,-75.34696629999998,34033.0,1848.2006892682532,7.632263660017347,1065,1152,88,0,1064,1147,62607,1,0,0,1,5
2020-10-23,US,New Jersey,Somerset,6255,592,0,40.56465737,-74.61683016,34035.0,1901.5972809134964,9.464428457234213,5663,6240,592,0,5648,6216,331164,15,0,0,15,24
2020-10-23,US,New Jersey,Sussex,1651,197,0,41.13891592,-74.69118243,34037.0,1175.1893400148053,11.932162325863114,1454,1645,197,0,1448,1637,140799,6,0,0,6,8
2020-10-23,US,New Jersey,Unassigned,432,0,0,0.0,0.0,90034.0,0.0,0.0,432,428,0,0,428,404,,4,0,0,4,24
2020-10-23,US,New Jersey,Union,19252,1367,0,40.65835409,-74.30680092,34039.0,3460.4675909199573,7.100560980677332,17885,19161,1367,0,17794,19044,558067,91,0,0,91,117
2020-10-23,US,New Jersey,Warren,1529,171,0,40.85951833,-74.99556527,34041.0,1452.4969838600891,11.18378024852845,1358,1525,171,0,1354,1517,105779,4,0,0,4,8
2020-10-23,US,New Mexico,Bernalillo,9880,190,0,35.05163625,-106.6703554,35001.0,1454.8217475236374,1.9230769230769231,9690,9685,189,0,9496,9503,678701,195,1,0,194,182
2020-10-23,US,New Mexico,Catron,9,1,0,33.91514144,-108.4046587,35003.0,255.17436915225403,11.111111111111109,8,9,1,0,8,9,3578,0,0,0,0,0
2020-10-23,US,New Mexico,Chaves,1874,18,0,33.36406072,-104.4665365,35005.0,2900.255358662849,0.96051227321238,1856,1846,18,0,1828,1816,64689,28,0,0,28,30
2020-10-23,US,New Mexico,Cibola,538,21,0,34.91131525,-107.998876,35006.0,2016.8697282099345,3.903345724907063,517,532,21,0,511,520,26746,6,0,0,6,12
2020-10-23,US,New Mexico,Colfax,43,1,0,36.60569702,-104.64726740000002,35007.0,360.10384389917084,2.3255813953488373,42,42,1,0,41,41,12110,1,0,0,1,1
2020-10-23,US,New Mexico,Curry,1451,10,0,34.57421077,-103.34688759999999,35009.0,2964.007027004943,0.6891798759476223,1441,1397,10,0,1387,1367,49437,54,0,0,54,30
2020-10-23,US,New Mexico,De Baca,1,0,0,34.34274529,-104.4117842,35011.0,57.20823798627003,0.0,1,1,0,0,1,1,1781,0,0,0,0,0
2020-10-23,US,New Mexico,Dona Ana,5298,66,0,32.35275771,-106.83293870000001,35013.0,2428.103302092165,1.2457531143827858,5232,5170,65,0,5105,5073,217522,128,1,0,127,97
2020-10-23,US,New Mexico,Eddy,1339,22,0,32.47167456,-104.3053527,35015.0,2290.4550119739997,1.6430171769977595,1317,1302,20,0,1282,1256,57900,37,2,0,35,46
2020-10-23,US,New Mexico,Grant,178,3,0,32.73911281,-108.3827845,35017.0,659.3080968960663,1.6853932584269662,175,172,3,0,169,171,27346,6,0,0,6,1
2020-10-23,US,New Mexico,Guadalupe,40,1,0,34.86319296,-104.790669,35019.0,930.2325581395347,2.5,39,39,1,0,38,38,4341,1,0,0,1,1
2020-10-23,US,New Mexico,Harding,1,0,0,35.85751555,-103.82209379999999,35021.0,160.0,0.0,1,1,0,0,1,1,655,0,0,0,0,0
2020-10-23,US,New Mexico,Hidalgo,112,2,0,31.91383467,-108.7151824,35023.0,2667.93711291091,1.7857142857142858,110,112,2,0,110,112,4240,0,0,0,0,0
2020-10-23,US,New Mexico,Lea,1966,28,0,32.79215361,-103.4123733,35025.0,2766.2867595328553,1.4242115971515767,1938,1928,28,0,1900,1893,69611,38,0,0,38,35
2020-10-23,US,New Mexico,Lincoln,349,5,0,33.74526079,-105.4586166,35027.0,1783.1596157776416,1.4326647564469914,344,336,4,0,332,315,19556,13,1,0,12,21
2020-10-23,US,New Mexico,Los Alamos,41,0,0,35.86631386,-106.31349850000001,35028.0,211.6784552635655,0.0,41,40,0,0,40,40,19101,1,0,0,1,0
2020-10-23,US,New Mexico,Luna,719,11,0,32.18179341,-107.75088259999998,35029.0,3032.603652621368,1.5299026425591098,708,685,11,0,674,661,23963,34,0,0,34,24
2020-10-23,US,New Mexico,McKinley,4539,261,0,35.58007720000001,-108.262245,35031.0,6360.082391021059,5.75016523463318,4278,4509,261,0,4248,4502,72290,30,0,0,30,7
2020-10-23,US,New Mexico,Mora,14,0,0,36.01095101,-104.9497716,35033.0,309.66600309666,0.0,14,14,0,0,14,14,4506,0,0,0,0,0
2020-10-23,US,New Mexico,Otero,437,13,0,32.61348406,-105.7417604,35035.0,647.5033338272336,2.9748283752860414,424,418,13,0,405,411,66781,19,0,0,19,7
2020-10-23,US,New Mexico,Quay,98,2,0,35.10403332,-103.54817270000001,35037.0,1187.4469889737065,2.0408163265306123,96,95,2,0,93,95,8253,3,0,0,3,0
2020-10-23,US,New Mexico,Rio Arriba,476,15,0,36.51072137,-106.69316740000001,35039.0,1222.9901595539684,3.1512605042016806,461,464,15,0,449,460,39006,12,0,0,12,4
2020-10-23,US,New Mexico,Roosevelt,432,7,0,34.02097406,-103.4799493,35041.0,2335.135135135135,1.6203703703703705,425,418,7,0,411,402,18743,14,0,0,14,16
2020-10-23,US,New Mexico,San Juan,3688,204,0,36.50838318,-108.32043700000001,35045.0,2975.2012778521757,5.531453362255966,3484,3674,203,0,3471,3653,125043,14,1,0,13,21
2020-10-23,US,New Mexico,San Miguel,159,0,0,35.48014807,-104.8163562,35047.0,582.908677640503,0.0,159,152,0,0,152,151,27591,7,0,0,7,1
2020-10-23,US,New Mexico,Sandoval,1862,46,0,35.68862401,-106.86878030000001,35043.0,1268.8418240793742,2.4704618689581097,1816,1825,45,0,1780,1772,145179,37,1,0,36,53
2020-10-23,US,New Mexico,Santa Fe,1546,13,0,35.50708973,-105.9774716,35049.0,1028.2126657710262,0.8408796895213454,1533,1491,13,0,1478,1474,150056,55,0,0,55,17
2020-10-23,US,New Mexico,Sierra,89,1,0,33.13028233,-107.1925893,35051.0,824.7613752200908,1.1235955056179776,88,89,1,0,88,80,10968,0,0,0,0,9
2020-10-23,US,New Mexico,Socorro,203,8,0,34.00715494,-106.9298354,35053.0,1220.171905992667,3.940886699507389,195,197,8,0,189,191,16735,6,0,0,6,6
2020-10-23,US,New Mexico,Taos,191,4,0,36.58006022,-105.63101979999999,35055.0,583.6873147327567,2.094240837696335,187,182,4,0,178,181,32835,9,0,0,9,1
2020-10-23,US,New Mexico,Torrance,95,1,0,34.64048375,-105.8508949,35057.0,614.4492594269452,1.0526315789473684,94,94,1,0,93,93,15591,1,0,0,1,1
2020-10-23,US,New Mexico,Unassigned,1601,0,0,0.0,0.0,90035.0,0.0,0.0,1601,1586,0,0,1586,1577,,15,0,0,15,9
2020-10-23,US,New Mexico,Union,39,2,0,36.48126404,-103.4709624,35059.0,960.8277900960827,5.128205128205129,37,39,2,0,37,39,4118,0,0,0,0,0
2020-10-23,US,New Mexico,Valencia,860,4,0,34.71669834,-106.8103733,35061.0,1121.427081160025,0.4651162790697674,856,833,4,0,829,803,76456,27,0,0,27,30
2020-10-23,US,New York,Albany,3516,136,0,42.60060306,-73.97723916,36001.0,1150.8775605061767,3.868031854379977,3380,3488,136,0,3352,3460,307117,28,0,0,28,28
2020-10-23,US,New York,Allegany,264,1,0,42.25748406,-78.02750466,36003.0,572.7799353452951,0.3787878787878788,263,243,1,0,242,224,46430,21,0,0,21,19
2020-10-23,US,New York,Bronx,54792,4985,0,40.85209301,-73.86282755,36005.0,3863.4698601826112,9.098043510001462,49807,54706,4983,0,49723,54628,1432132,86,2,0,84,78
2020-10-23,US,New York,Broome,3262,83,0,42.15903158,-75.81326086,36007.0,1712.443828482634,2.544451256897609,3179,3166,83,0,3083,3060,191659,96,0,0,96,106
2020-10-23,US,New York,Cattaraugus,447,6,0,42.24778241,-78.67923096,36009.0,587.2538329151175,1.342281879194631,441,442,6,0,436,434,76840,5,0,0,5,8
2020-10-23,US,New York,Cayuga,351,2,0,42.91261714,-76.55731592,36011.0,458.3681571249477,0.5698005698005698,349,342,2,0,340,332,77145,9,0,0,9,10
2020-10-23,US,New York,Chautauqua,868,13,0,42.22769210000001,-79.36691763,36013.0,683.9869821832423,1.4976958525345625,855,858,13,0,845,845,127939,10,0,0,10,13
2020-10-23,US,New York,Chemung,1510,3,0,42.13891056,-76.7638805,36015.0,1809.3366564417172,0.1986754966887417,1507,1456,3,0,1453,1381,84254,54,0,0,54,75
2020-10-23,US,New York,Chenango,358,7,0,42.49430041,-75.60887553,36017.0,758.3621073145932,1.9553072625698324,351,347,7,0,340,337,47536,11,0,0,11,10
2020-10-23,US,New York,Clinton,232,5,0,44.74530905,-73.67875352,36019.0,288.2524694042368,2.155172413793104,227,224,5,0,219,220,80695,8,0,0,8,4
2020-10-23,US,New York,Columbia,667,38,0,42.24819348,-73.63089095,36021.0,1121.7436639141622,5.697151424287857,629,663,38,0,625,659,59916,4,0,0,4,4
2020-10-23,US,New York,Cortland,488,0,0,42.59509207,-76.07048931,36023.0,1025.619469956495,0.0,488,475,0,0,475,451,47823,13,0,0,13,24
2020-10-23,US,New York,Delaware,166,7,0,42.19837623,-74.96709306,36025.0,376.1187266341906,4.216867469879518,159,164,7,0,157,161,44527,2,0,0,2,3
2020-10-23,US,New York,Dutchess,5403,163,0,41.76486060000001,-73.74356679,36027.0,1836.3934225642208,3.0168424949102346,5240,5382,163,0,5219,5366,293718,21,0,0,21,16
2020-10-23,US,New York,Erie,12705,713,0,42.76249024,-78.73063652,36029.0,1382.9293938622104,5.611963793781976,11992,12650,713,0,11937,12574,919719,55,0,0,55,76
2020-10-23,US,New York,Essex,195,0,0,44.11630765,-73.77297842,36031.0,528.6701911346074,0.0,195,195,0,0,195,194,37300,0,0,0,0,1
2020-10-23,US,New York,Franklin,79,0,0,44.59040891,-74.29926032,36033.0,157.93051057534686,0.0,79,79,0,0,79,78,50293,0,0,0,0,1
2020-10-23,US,New York,Fulton,361,24,0,43.11363907,-74.41798804,36035.0,676.2452466140908,6.648199445983379,337,360,24,0,336,360,53591,1,0,0,1,0
2020-10-23,US,New York,Genesee,377,5,0,43.0022601,-78.19135193,36037.0,658.1703910614525,1.326259946949602,372,373,5,0,368,372,57511,4,0,0,4,1
2020-10-23,US,New York,Greene,488,18,0,42.275797,-74.12384884,36039.0,1034.1612274307026,3.6885245901639343,470,487,18,0,469,482,47491,1,0,0,1,5
2020-10-23,US,New York,Hamilton,16,0,0,43.66146647,-74.49721957,36041.0,362.3188405797102,0.0,16,16,0,0,16,16,4434,0,0,0,0,0
2020-10-23,US,New York,Herkimer,380,10,0,43.42034246,-74.96145307,36043.0,619.710040933479,2.631578947368421,370,376,10,0,366,374,61833,4,0,0,4,2
2020-10-23,US,New York,Jefferson,197,0,0,44.04200959,-75.94653457,36045.0,179.36158202378135,0.0,197,194,0,0,194,193,111755,3,0,0,3,1
2020-10-23,US,New York,Kings,74114,7381,0,40.636182500000004,-73.94935552,36047.0,2895.1878254762,9.958982108643443,66733,73935,7376,0,66559,73766,2582830,179,5,0,174,169
2020-10-23,US,New York,Lewis,68,0,0,43.784415700000004,-75.44903992,36049.0,258.59446303620325,0.0,68,64,0,0,64,62,26447,4,0,0,4,2
2020-10-23,US,New York,Livingston,266,8,0,42.72596275,-77.77966158,36051.0,422.79937692723394,3.0075187969924815,258,261,8,0,253,256,63227,5,0,0,5,5
2020-10-23,US,New York,Madison,552,17,0,42.91653905,-75.67266639,36053.0,778.111388336787,3.079710144927536,535,545,17,0,528,541,70795,7,0,0,7,4
2020-10-23,US,New York,Monroe,6992,300,0,43.14638895,-77.69322942,36055.0,942.610243067258,4.290617848970252,6692,6917,300,0,6617,6850,742474,75,0,0,75,67
2020-10-23,US,New York,Montgomery,261,4,0,42.90123494,-74.44011632,36057.0,530.2614737611995,1.5325670498084292,257,259,4,0,255,257,49455,2,0,0,2,2
2020-10-23,US,New York,Nassau,49042,2208,0,40.74066522,-73.58941873,36059.0,3614.2038905642466,4.502263366094368,46834,48941,2204,0,46737,48864,1358343,101,4,0,97,77
2020-10-23,US,New York,New York,35459,3192,0,40.76727260000001,-73.97152637,36061.0,2177.127118092523,9.001945909360106,32267,35345,3191,0,32154,35249,,114,1,0,113,96
2020-10-23,US,New York,Niagara,2016,101,0,43.19898042,-78.74777412,36063.0,963.2981493781089,5.009920634920634,1915,1997,101,0,1896,1986,210433,19,0,0,19,11
2020-10-23,US,New York,Oneida,2644,128,0,43.24375382,-75.43710392,36065.0,1156.2463102011184,4.8411497730711055,2516,2625,128,0,2497,2617,229577,19,0,0,19,8
2020-10-23,US,New York,Onondaga,5222,207,0,43.00491923,-76.19971155,36067.0,1133.9158531077373,3.963998468019916,5015,5170,207,0,4963,5121,461809,52,0,0,52,49
2020-10-23,US,New York,Ontario,629,35,0,42.85145728,-77.30874425,36069.0,572.9797680752798,5.5643879173290935,594,617,35,0,582,603,109864,12,0,0,12,14
2020-10-23,US,New York,Orange,13342,505,0,41.40337468,-74.30240757,36071.0,3465.994700472801,3.785039724179284,12837,13303,505,0,12798,13258,381951,39,0,0,39,45
2020-10-23,US,New York,Orleans,379,54,0,43.2516977,-78.2320066,36073.0,939.2347343378273,14.248021108179419,325,378,54,0,324,376,40612,1,0,0,1,2
2020-10-23,US,New York,Oswego,607,4,0,43.42778894,-76.14635194,36075.0,518.2541579864077,0.6589785831960461,603,606,4,0,602,599,117898,1,0,0,1,7
2020-10-23,US,New York,Otsego,378,5,0,42.63492579,-75.03151402,36077.0,635.3688669255208,1.3227513227513228,373,374,5,0,369,369,59749,4,0,0,4,5
2020-10-23,US,New York,Putnam,1780,63,0,41.42630093,-73.74965532,36079.0,1810.4149715215624,3.539325842696629,1717,1768,63,0,1705,1755,98892,12,0,0,12,13
2020-10-23,US,New York,Queens,75853,7290,0,40.71088124,-73.81684712,36081.0,3365.473778738501,9.61069436937234,68563,75698,7289,0,68409,75543,2278906,155,1,0,154,155
2020-10-23,US,New York,Rensselaer,1064,42,0,42.71348136,-73.51089874,36083.0,670.3882455233943,3.947368421052632,1022,1058,42,0,1016,1047,159442,6,0,0,6,11
2020-10-23,US,New York,Richmond,16929,1094,0,40.58582155,-74.14808598,36085.0,3555.444477814438,6.462283655266112,15835,16892,1093,0,15799,16860,476179,37,1,0,36,32
2020-10-23,US,New York,Rockland,17581,683,0,41.15027894,-74.02560498,36087.0,5396.43757155705,3.884875718104772,16898,17524,683,0,16841,17453,325695,57,0,0,57,71
2020-10-23,US,New York,Saratoga,1265,17,0,43.10904162,-73.86653895,36091.0,550.3278039527893,1.3438735177865613,1248,1244,17,0,1227,1229,230163,21,0,0,21,15
2020-10-23,US,New York,Schenectady,1530,50,0,42.81668777,-74.05278291,36093.0,985.1962987527286,3.2679738562091503,1480,1522,50,0,1472,1516,155350,8,0,0,8,6
2020-10-23,US,New York,Schoharie,104,0,0,42.58831742,-74.44339029999998,36095.0,335.4946933772057,0.0,104,101,0,0,101,101,31097,3,0,0,3,0
2020-10-23,US,New York,Schuyler,111,0,0,42.39184015,-76.8773299,36097.0,623.3503678328748,0.0,111,109,0,0,109,104,17912,2,0,0,2,5
2020-10-23,US,New York,Seneca,139,3,0,42.78081007,-76.82497064,36099.0,408.63123236124176,2.1582733812949644,136,135,3,0,132,131,34300,4,0,0,4,4
2020-10-23,US,New York,St. Lawrence,379,4,0,44.4976179,-75.06550039,36089.0,351.7727863374791,1.0554089709762533,375,376,4,0,372,372,108047,3,0,0,3,4
2020-10-23,US,New York,Steuben,929,57,0,42.2689144,-77.3829924,36101.0,974.0089537529228,6.135629709364909,872,915,57,0,858,898,95796,14,0,0,14,17
2020-10-23,US,New York,Suffolk,48399,2019,0,40.88320119,-72.8012172,36103.0,3277.730409230388,4.17157379284696,46380,48308,2019,0,46289,48234,1481093,91,0,0,91,74
2020-10-23,US,New York,Sullivan,1714,48,0,41.71579493,-74.76394559,36105.0,2272.245200975713,2.8004667444574096,1666,1709,48,0,1661,1694,75498,5,0,0,5,15
2020-10-23,US,New York,Tioga,512,30,0,42.16852837,-76.30835812,36107.0,1062.17455345103,5.859375,482,502,30,0,472,478,48560,10,0,0,10,24
2020-10-23,US,New York,Tompkins,585,0,0,42.44945765,-76.47229843,36109.0,572.5190839694657,0.0,585,579,0,0,579,563,102793,6,0,0,6,16
2020-10-23,US,New York,Ulster,2450,95,0,41.89027881,-74.26252104,36111.0,1379.7142583613502,3.877551020408163,2355,2436,95,0,2341,2428,178599,14,0,0,14,8
2020-10-23,US,New York,Unassigned,0,21,0,0.0,0.0,90036.0,0.0,0.0,-21,0,23,0,-23,0,,0,-2,0,2,0
2020-10-23,US,New York,Warren,445,33,0,43.56173026,-73.8433699,36113.0,695.9214312523458,7.415730337078652,412,444,33,0,411,441,64265,1,0,0,1,3
2020-10-23,US,New York,Washington,327,14,0,43.31153794,-73.43043448,36115.0,534.2788053068426,4.281345565749237,313,326,14,0,312,326,61197,1,0,0,1,0
2020-10-23,US,New York,Wayne,408,5,0,43.15494365,-77.02976528,36117.0,453.7467470361885,1.2254901960784317,403,400,5,0,395,393,90064,8,0,0,8,7
2020-10-23,US,New York,Westchester,39890,1470,0,41.16278376,-73.75741653,36119.0,4122.971847203015,3.685134118826773,38420,39789,1460,0,38329,39694,967612,101,10,0,91,95
2020-10-23,US,New York,Wyoming,177,5,0,42.70145109,-78.22199579,36121.0,444.0653302892697,2.824858757062147,172,174,5,0,169,172,40085,3,0,0,3,2
2020-10-23,US,New York,Yates,107,7,0,42.63505484,-77.10369919,36123.0,429.4946413519048,6.542056074766355,100,102,7,0,95,99,24841,5,0,0,5,3
2020-10-23,US,North Carolina,Alamance,4942,72,0,36.0434701,-79.39976137,37001.0,2915.479414072409,1.4569000404694457,4870,4899,72,0,4827,4852,166436,43,0,0,43,47
2020-10-23,US,North Carolina,Alexander,771,9,0,35.922379600000006,-81.17751948,37003.0,2056.1644931594533,1.1673151750972763,762,751,9,0,742,741,37353,20,0,0,20,10
2020-10-23,US,North Carolina,Alleghany,286,2,0,36.49360862,-81.12857041,37005.0,2568.0165215048937,0.6993006993006993,284,275,2,0,273,271,11161,11,0,0,11,4
2020-10-23,US,North Carolina,Anson,709,9,0,34.97403241,-80.09953279,37007.0,2900.2699828192754,1.2693935119887163,700,706,9,0,697,702,24877,3,0,0,3,4
2020-10-23,US,North Carolina,Ashe,383,3,0,36.43296207,-81.49862729,37009.0,1407.9329485718488,0.783289817232376,380,377,3,0,374,370,27109,6,0,0,6,7
2020-10-23,US,North Carolina,Avery,590,0,0,36.07569796,-81.92308483,37011.0,3360.4829982343226,0.0,590,588,0,0,588,581,17505,2,0,0,2,7
2020-10-23,US,North Carolina,Beaufort,1298,39,0,35.48531943,-76.84325809,37013.0,2762.054730391114,3.00462249614792,1259,1289,39,0,1250,1281,47079,9,0,0,9,8
2020-10-23,US,North Carolina,Bertie,714,19,0,36.0688473,-76.96545943,37015.0,3768.4066079062654,2.661064425770308,695,710,19,0,691,703,19026,4,0,0,4,7
2020-10-23,US,North Carolina,Bladen,1069,19,0,34.61296243,-78.56180059,37017.0,3266.9152252307317,1.7773620205799814,1050,1068,19,0,1049,1060,33190,1,0,0,1,8
2020-10-23,US,North Carolina,Brunswick,2117,38,0,34.070565,-78.22814204,37019.0,1482.2853942024924,1.7949929145016532,2079,2106,37,0,2069,2079,136744,11,1,0,10,27
2020-10-23,US,North Carolina,Buncombe,3924,100,0,35.61113393,-82.53305,37021.0,1502.3488558181562,2.5484199796126403,3824,3873,100,0,3773,3815,259103,51,0,0,51,58
2020-10-23,US,North Carolina,Burke,2569,47,0,35.74989637,-81.70755735,37023.0,2839.144609603801,1.8295056442195408,2522,2556,47,0,2509,2525,90382,13,0,0,13,31
2020-10-23,US,North Carolina,Cabarrus,4719,89,0,35.3877799,-80.55267168,37025.0,2180.1499632714717,1.885992795083704,4630,4695,87,0,4608,4660,211342,24,2,0,22,35
2020-10-23,US,North Carolina,Caldwell,2328,19,0,35.95204977,-81.54799522,37027.0,2832.874978704763,0.8161512027491409,2309,2291,19,0,2272,2227,82029,37,0,0,37,64
2020-10-23,US,North Carolina,Camden,134,3,0,36.33804939,-76.15568396,37029.0,1233.0910094782366,2.238805970149253,131,134,3,0,131,133,10710,0,0,0,0,1
2020-10-23,US,North Carolina,Carteret,1089,5,0,34.8932941,-76.54120135,37031.0,1567.5154376520375,0.4591368227731864,1084,1027,5,0,1022,1016,69524,62,0,0,62,11
2020-10-23,US,North Carolina,Caswell,591,5,0,36.39312665,-79.33353281,37033.0,2614.581490001769,0.8460236886632826,586,586,5,0,581,577,22698,5,0,0,5,9
2020-10-23,US,North Carolina,Catawba,4155,61,0,35.66211129,-81.2132617,37035.0,2604.1829885115108,1.4681107099879662,4094,4115,59,0,4056,4055,158652,40,2,0,38,60
2020-10-23,US,North Carolina,Chatham,1896,60,0,35.70394416,-79.25541492,37037.0,2545.9916744997986,3.1645569620253164,1836,1888,60,0,1828,1873,73139,8,0,0,8,15
2020-10-23,US,North Carolina,Cherokee,755,14,0,35.1349263,-84.05970864,37039.0,2638.7529707814897,1.854304635761589,741,753,14,0,739,738,28383,2,0,0,2,15
2020-10-23,US,North Carolina,Chowan,500,10,0,36.12908077,-76.60118385,37041.0,3586.0288316718065,2.0,490,496,10,0,486,496,14029,4,0,0,4,0
2020-10-23,US,North Carolina,Clay,199,3,0,35.05704275,-83.74353633,37043.0,1771.8813996972665,1.5075376884422111,196,197,3,0,194,186,11139,2,0,0,2,11
2020-10-23,US,North Carolina,Cleveland,3008,81,0,35.33553364,-81.55204486,37045.0,3071.0486283398163,2.6928191489361697,2927,2985,81,0,2904,2956,97645,23,0,0,23,29
2020-10-23,US,North Carolina,Columbus,1628,60,0,34.26744084,-78.65801424,37047.0,2932.9105714491607,3.6855036855036856,1568,1626,59,0,1567,1603,55655,2,1,0,1,23
2020-10-23,US,North Carolina,Craven,2238,57,0,35.11833364,-77.08398081,37049.0,2191.131693084914,2.5469168900804293,2181,2213,57,0,2156,2189,102912,25,0,0,25,24
2020-10-23,US,North Carolina,Cumberland,6771,92,0,35.04762133,-78.82623165,37051.0,2018.1276806285373,1.3587357849652932,6679,6709,91,0,6618,6647,332330,62,1,0,61,62
2020-10-23,US,North Carolina,Currituck,222,4,0,36.36123664,-75.95876401,37053.0,799.6254007131794,1.8018018018018016,218,221,4,0,217,220,27072,1,0,0,1,1
2020-10-23,US,North Carolina,Dare,355,3,0,35.66520691,-75.71767334,37055.0,959.226134183577,0.8450704225352113,352,353,3,0,350,344,36501,2,0,0,2,9
2020-10-23,US,North Carolina,Davidson,3559,43,0,35.79115496,-80.21256572,37057.0,2123.3943284668485,1.2082045518404043,3516,3539,43,0,3496,3509,166614,20,0,0,20,30
2020-10-23,US,North Carolina,Davie,734,8,0,35.93099927,-80.54496571,37059.0,1713.1120758063767,1.0899182561307903,726,730,8,0,722,722,42733,4,0,0,4,8
2020-10-23,US,North Carolina,Duplin,2726,54,0,34.93449805,-77.93140529,37061.0,4640.710917417136,1.9809244314013208,2672,2699,54,0,2645,2687,58856,27,0,0,27,12
2020-10-23,US,North Carolina,Durham,8745,99,0,36.03638492,-78.87608331,37063.0,2720.1637386154384,1.1320754716981132,8646,8696,99,0,8597,8652,316739,49,0,0,49,44
2020-10-23,US,North Carolina,Edgecombe,1907,52,0,35.91230639,-77.59436892,37065.0,3704.926950575071,2.726796014682748,1855,1883,52,0,1831,1837,52005,24,0,0,24,46
2020-10-23,US,North Carolina,Forsyth,8388,116,0,36.12859861,-80.25459052,37067.0,2194.117108515675,1.3829279923700524,8272,8319,115,0,8204,8264,379099,69,1,0,68,55
2020-10-23,US,North Carolina,Franklin,1401,31,0,36.081519,-78.28708884,37069.0,2010.4757121331704,2.2127052105638834,1370,1394,31,0,1363,1386,67560,7,0,0,7,8
2020-10-23,US,North Carolina,Gaston,7009,109,0,35.29373559,-81.17477045,37071.0,3121.6457562274804,1.5551433870737623,6900,6956,108,0,6848,6881,222846,53,1,0,52,75
2020-10-23,US,North Carolina,Gates,166,3,0,36.44667547,-76.69749701,37073.0,1435.7377616329354,1.8072289156626504,163,166,3,0,163,164,11573,0,0,0,0,2
2020-10-23,US,North Carolina,Graham,242,7,0,35.3506925,-83.83369267,37075.0,2866.958891126644,2.8925619834710745,235,239,7,0,232,237,8484,3,0,0,3,2
2020-10-23,US,North Carolina,Granville,1938,50,0,36.30337451,-78.65184241,37077.0,3206.3266217758887,2.5799793601651193,1888,1931,50,0,1881,1926,60115,7,0,0,7,5
2020-10-23,US,North Carolina,Greene,907,12,0,35.48544173,-77.67578087,37079.0,4304.902937965731,1.323042998897464,895,902,12,0,890,889,21012,5,0,0,5,13
2020-10-23,US,North Carolina,Guilford,10821,202,0,36.07959451,-79.78824948,37081.0,2014.4310781981253,1.8667405969873396,10619,10720,200,0,10520,10619,533670,101,2,0,99,101
2020-10-23,US,North Carolina,Halifax,1349,27,0,36.25669272,-77.6556109,37083.0,2697.4605078984205,2.001482579688658,1322,1318,25,0,1293,1297,50574,31,2,0,29,21
2020-10-23,US,North Carolina,Harnett,2808,68,0,35.36731853,-78.87243571,37085.0,2065.0703065246807,2.421652421652422,2740,2791,68,0,2723,2762,134214,17,0,0,17,29
2020-10-23,US,North Carolina,Haywood,697,36,0,35.55269063,-82.98196486,37087.0,1118.4748944910698,5.164992826398851,661,693,36,0,657,692,61971,4,0,0,4,1
2020-10-23,US,North Carolina,Henderson,2435,65,0,35.33788927,-82.4766782,37089.0,2073.8053263156103,2.6694045174537986,2370,2409,65,0,2344,2367,116748,26,0,0,26,42
2020-10-23,US,North Carolina,Hertford,851,34,0,36.3607755,-76.98104134,37091.0,3594.205346961186,3.9952996474735607,817,849,34,0,815,845,23659,2,0,0,2,4
2020-10-23,US,North Carolina,Hoke,1504,25,0,35.01888303,-79.23651674,37093.0,2722.960495347069,1.6622340425531914,1479,1485,25,0,1460,1478,54764,19,0,0,19,7
2020-10-23,US,North Carolina,Hyde,175,5,0,35.42017674,-76.15180542,37095.0,3544.6627506582945,2.8571428571428568,170,175,5,0,170,175,5230,0,0,0,0,0
2020-10-23,US,North Carolina,Iredell,3667,34,0,35.80950511,-80.8743128,37097.0,2016.9851380042464,0.9271884374147804,3633,3647,34,0,3613,3619,178435,20,0,0,20,28
2020-10-23,US,North Carolina,Jackson,967,7,0,35.28814273,-83.14093385,37099.0,2200.8284400746506,0.7238883143743536,960,928,7,0,921,910,43327,39,0,0,39,18
2020-10-23,US,North Carolina,Johnston,5335,60,0,35.51745004,-78.36622717,37101.0,2548.4978909806573,1.1246485473289598,5275,5285,60,0,5225,5238,202675,50,0,0,50,47
2020-10-23,US,North Carolina,Jones,190,15,0,35.02254606,-77.35870791,37103.0,2017.1992780549951,7.894736842105262,175,184,15,0,169,176,9637,6,0,0,6,8
2020-10-23,US,North Carolina,Lee,2009,19,0,35.47623147,-79.17569362,37105.0,3251.91408083653,0.9457441513190642,1990,2005,19,0,1986,1987,61452,4,0,0,4,18
2020-10-23,US,North Carolina,Lenoir,1346,38,0,35.24032589999999,-77.64245615,37107.0,2405.7623907487177,2.823179791976226,1308,1325,38,0,1287,1311,55976,21,0,0,21,14
2020-10-23,US,North Carolina,Lincoln,2261,16,0,35.48508185,-81.21740317,37109.0,2625.680807330074,0.7076514816452897,2245,2246,16,0,2230,2206,83770,15,0,0,15,40
2020-10-23,US,North Carolina,Macon,735,7,0,35.14867843,-83.41696617,37113.0,2049.7517987617825,0.9523809523809524,728,720,7,0,713,709,35285,15,0,0,15,11
2020-10-23,US,North Carolina,Madison,198,1,0,35.85402722,-82.71346418,37115.0,910.1356010112618,0.5050505050505051,197,192,1,0,191,161,21763,6,0,0,6,31
2020-10-23,US,North Carolina,Martin,615,16,0,35.84326734,-77.10860251,37117.0,2740.6417112299464,2.6016260162601625,599,607,16,0,591,603,22671,8,0,0,8,4
2020-10-23,US,North Carolina,McDowell,1272,32,0,35.67736232,-82.0482425,37111.0,2779.9632835038037,2.5157232704402515,1240,1256,32,0,1224,1238,45507,16,0,0,16,18
2020-10-23,US,North Carolina,Mecklenburg,32583,381,0,35.24469268,-80.8317671,37119.0,2934.464261912396,1.169321425283123,32202,32457,380,0,32077,32264,1093901,126,1,0,125,193
2020-10-23,US,North Carolina,Mitchell,201,4,0,36.01059309,-82.1582442,37121.0,1343.223736968725,1.9900497512437807,197,197,4,0,193,196,15000,4,0,0,4,1
2020-10-23,US,North Carolina,Montgomery,1164,38,0,35.33155144,-79.90416657,37123.0,4283.663931108084,3.2646048109965635,1126,1157,38,0,1119,1154,27271,7,0,0,7,3
2020-10-23,US,North Carolina,Moore,2195,40,0,35.30885257,-79.48474178,37125.0,2175.8524980174466,1.8223234624145783,2155,2184,40,0,2144,2160,98682,11,0,0,11,24
2020-10-23,US,North Carolina,Nash,3235,71,0,35.96575634,-77.98422508,37127.0,3430.6135867144585,2.1947449768160743,3164,3205,70,0,3135,3162,94016,30,1,0,29,43
2020-10-23,US,North Carolina,New Hanover,5099,37,0,34.25758282,-77.87075626,37129.0,2174.6640338119955,0.725632476956266,5062,5068,37,0,5031,5011,232274,31,0,0,31,57
2020-10-23,US,North Carolina,Northampton,546,19,0,36.41736238,-77.39769443,37131.0,2802.443155571524,3.47985347985348,527,536,19,0,517,530,19676,10,0,0,10,6
2020-10-23,US,North Carolina,Onslow,3127,27,0,34.72607366,-77.42908179,37133.0,1579.787610261799,0.8634473936680525,3100,3082,27,0,3055,3039,197683,45,0,0,45,43
2020-10-23,US,North Carolina,Orange,3003,58,0,36.06092947,-79.12167935,37135.0,2022.5490988442573,1.9314019314019315,2945,2989,58,0,2931,2977,146027,14,0,0,14,12
2020-10-23,US,North Carolina,Pamlico,307,2,0,35.15253315,-76.66559823,37137.0,2412.3840955524124,0.6514657980456026,305,304,2,0,302,302,12670,3,0,0,3,2
2020-10-23,US,North Carolina,Pasquotank,840,35,0,36.26723798,-76.25134778,37139.0,2109.2808356769788,4.166666666666667,805,835,35,0,800,830,39639,5,0,0,5,5
2020-10-23,US,North Carolina,Pender,1242,11,0,34.52265624,-77.90352133,37141.0,1969.5528068506185,0.8856682769726248,1231,1228,8,0,1220,1204,62162,14,3,0,11,24
2020-10-23,US,North Carolina,Perquimans,235,4,0,36.17847453,-76.40603143,37143.0,1745.5247715962264,1.702127659574468,231,235,4,0,231,232,13422,0,0,0,0,3
2020-10-23,US,North Carolina,Person,610,10,0,36.38989032,-78.97217358,37145.0,1544.6948594580906,1.639344262295082,600,602,10,0,592,588,39507,8,0,0,8,14
2020-10-23,US,North Carolina,Pitt,6007,38,0,35.59535426,-77.37353178,37147.0,3323.521926281661,0.6325953054769435,5969,5958,38,0,5920,5902,179914,49,0,0,49,56
2020-10-23,US,North Carolina,Polk,378,11,0,35.27820615,-82.16812354,37149.0,1823.9722061378118,2.9100529100529102,367,378,11,0,367,381,20611,0,0,0,0,-3
2020-10-23,US,North Carolina,Randolph,3614,60,0,35.71015088,-79.80570339,37151.0,2515.539407101144,1.6602102933038183,3554,3583,60,0,3523,3542,143351,31,0,0,31,41
2020-10-23,US,North Carolina,Richmond,1388,25,0,35.00417719,-79.74491009,37153.0,3096.2100426063485,1.8011527377521614,1363,1376,24,0,1352,1364,44887,12,1,0,11,12
2020-10-23,US,North Carolina,Robeson,5792,91,0,34.64244496,-79.10250529999998,37155.0,4434.0669856459335,1.5711325966850829,5701,5762,90,0,5672,5702,131831,30,1,0,29,60
2020-10-23,US,North Carolina,Rockingham,1821,19,0,36.39593137,-79.77504841,37157.0,2000.8790242830453,1.043382756727073,1802,1786,18,0,1768,1766,90690,35,1,0,34,20
2020-10-23,US,North Carolina,Rowan,4022,115,0,35.64003916,-80.52446628,37159.0,2830.640166657283,2.8592739930382893,3907,3995,113,0,3882,3970,141262,27,2,0,25,25
2020-10-23,US,North Carolina,Rutherford,1678,52,0,35.40114178,-81.92112099,37161.0,2503.394053320205,3.0989272943980932,1626,1655,48,0,1607,1636,66826,23,4,0,19,19
2020-10-23,US,North Carolina,Sampson,2630,31,0,34.98820368,-78.36914061,37163.0,4139.711322031764,1.1787072243346008,2599,2605,28,0,2577,2579,63626,25,3,0,22,26
2020-10-23,US,North Carolina,Scotland,1587,23,0,34.8386299,-79.4757978,37165.0,4557.332797289148,1.4492753623188406,1564,1579,22,0,1557,1576,34810,8,1,0,7,3
2020-10-23,US,North Carolina,Stanly,2386,60,0,35.31647813,-80.25093221,37167.0,3799.0000955322735,2.5146689019279127,2326,2377,60,0,2317,2374,62075,9,0,0,9,3
2020-10-23,US,North Carolina,Stokes,653,9,0,36.4017975,-80.23893369,37169.0,1432.3002346954447,1.3782542113323124,644,643,9,0,634,635,45467,10,0,0,10,8
2020-10-23,US,North Carolina,Surry,1694,29,0,36.41689489,-80.69102283,37171.0,2359.890224705013,1.7119244391971664,1665,1677,29,0,1648,1661,71948,17,0,0,17,16
2020-10-23,US,North Carolina,Swain,259,4,0,35.48665845,-83.48748932,37173.0,1814.8693153948568,1.5444015444015444,255,237,4,0,233,227,14245,22,0,0,22,10
2020-10-23,US,North Carolina,Transylvania,401,9,0,35.20383864,-82.79638423,37175.0,1166.2061945615822,2.244389027431421,392,400,9,0,391,395,34215,1,0,0,1,5
2020-10-23,US,North Carolina,Tyrrell,128,3,0,35.87147226,-76.17055253,37177.0,3187.2509960159364,2.34375,125,127,3,0,124,127,4131,1,0,0,1,0
2020-10-23,US,North Carolina,Unassigned,708,0,0,0.0,0.0,90037.0,0.0,0.0,708,,,,,3,,,,,,
2020-10-23,US,North Carolina,Union,5743,62,0,34.98960527,-80.52955873,37179.0,2394.323331623996,1.0795751349468918,5681,5725,62,0,5663,5698,235908,18,0,0,18,27
2020-10-23,US,North Carolina,Vance,1178,46,0,36.36880673,-78.40670845,37181.0,2645.1105871786235,3.9049235993208833,1132,1170,46,0,1124,1158,44582,8,0,0,8,12
2020-10-23,US,North Carolina,Wake,20283,269,0,35.78879266,-78.65249174,37183.0,1824.402906739848,1.3262337918453877,20014,20165,268,0,19897,20015,1092305,118,1,0,117,150
2020-10-23,US,North Carolina,Warren,416,7,0,36.39728256,-78.10652228,37185.0,2108.357407125843,1.6826923076923077,409,410,7,0,403,405,19807,6,0,0,6,5
2020-10-23,US,North Carolina,Washington,241,8,0,35.83810081,-76.57299037,37187.0,2081.174438687392,3.319502074688797,233,239,8,0,231,238,11859,2,0,0,2,1
2020-10-23,US,North Carolina,Watauga,1352,5,0,36.23103603,-81.70033724,37189.0,2406.678889937163,0.3698224852071006,1347,1343,5,0,1338,1331,55945,9,0,0,9,12
2020-10-23,US,North Carolina,Wayne,4345,79,0,35.36438125,-78.00027268,37191.0,3528.762050174205,1.818181818181818,4266,4313,79,0,4234,4252,123248,32,0,0,32,61
2020-10-23,US,North Carolina,Wilkes,1624,37,0,36.2084135,-81.16232895,37193.0,2373.8525404899724,2.278325123152709,1587,1606,37,0,1569,1587,68557,18,0,0,18,19
2020-10-23,US,North Carolina,Wilson,2828,62,0,35.70625477,-77.917978,37195.0,3457.170450238995,2.1923620933521923,2766,2797,62,0,2735,2757,81455,31,0,0,31,40
2020-10-23,US,North Carolina,Yadkin,956,9,0,36.16222629,-80.66239436,37197.0,2538.030636897019,0.9414225941422594,947,946,9,0,937,940,37543,10,0,0,10,6
2020-10-23,US,North Carolina,Yancey,292,0,0,35.90079156,-82.31237181,37199.0,1616.0274503292933,0.0,292,285,0,0,285,275,17903,7,0,0,7,10
2020-10-23,US,North Dakota,Adams,69,0,0,46.09686891,-102.5285397,38001.0,3113.718411552347,0.0,69,65,0,0,65,62,2294,4,0,0,4,3
2020-10-23,US,North Dakota,Barnes,335,1,0,46.93579637,-98.06605978,38003.0,3216.5146423427755,0.29850746268656714,334,332,1,0,331,312,10542,3,0,0,3,20
2020-10-23,US,North Dakota,Benson,492,8,0,48.0683985,-99.35916363,38005.0,7201.4051522248255,1.6260162601626016,484,470,8,0,462,462,6962,22,0,0,22,8
2020-10-23,US,North Dakota,Billings,32,0,0,47.02366884,-103.3762965,38007.0,3448.2758620689656,0.0,32,32,0,0,32,32,919,0,0,0,0,0
2020-10-23,US,North Dakota,Bottineau,242,16,0,48.79106111,-100.8378166,38009.0,3852.2763451130213,6.6115702479338845,226,220,16,0,204,218,6411,22,0,0,22,2
2020-10-23,US,North Dakota,Bowman,114,2,0,46.11285362,-103.5203343,38011.0,3769.841269841271,1.7543859649122806,112,111,2,0,109,109,3076,3,0,0,3,2
2020-10-23,US,North Dakota,Burke,61,1,0,48.79094471,-102.51821170000001,38013.0,2884.1607565011823,1.639344262295082,60,60,1,0,59,55,2100,1,0,0,1,5
2020-10-23,US,North Dakota,Burleigh,6120,75,0,46.97847375,-100.46452140000001,38015.0,6399.93307259532,1.2254901960784317,6045,6020,74,0,5946,5852,95273,100,1,0,99,168
2020-10-23,US,North Dakota,Cass,8359,83,0,46.93201724,-97.24447190000001,38017.0,4594.801097167483,0.9929417394425172,8276,8207,82,0,8125,8010,181516,152,1,0,151,197
2020-10-23,US,North Dakota,Cavalier,69,1,0,48.77286211,-98.46685243,38019.0,1834.1307814992026,1.4492753623188406,68,66,1,0,65,65,3829,3,0,0,3,1
2020-10-23,US,North Dakota,Dickey,240,1,0,46.11017712,-98.50490079999999,38021.0,4926.1083743842355,0.4166666666666667,239,228,1,0,227,223,4903,12,0,0,12,5
2020-10-23,US,North Dakota,Divide,47,1,0,48.814938700000006,-103.48736109999999,38023.0,2075.9717314487634,2.127659574468085,46,45,1,0,44,45,2283,2,0,0,2,0
2020-10-23,US,North Dakota,Dunn,197,5,0,47.35423935,-102.61604679999999,38025.0,4452.983725135624,2.538071065989848,192,195,5,0,190,194,4332,2,0,0,2,1
2020-10-23,US,North Dakota,Eddy,184,3,0,47.71701474,-98.90432337,38027.0,8045.474420638391,1.6304347826086956,181,167,3,0,164,165,2313,17,0,0,17,2
2020-10-23,US,North Dakota,Emmons,275,8,0,46.28398398,-100.2389766,38029.0,8485.035482875655,2.9090909090909087,267,272,8,0,264,271,3295,3,0,0,3,1
2020-10-23,US,North Dakota,Foster,164,2,0,47.457108399999996,-98.88279923,38031.0,5109.0342679127725,1.2195121951219512,162,162,2,0,160,160,3216,2,0,0,2,2
2020-10-23,US,North Dakota,Golden Valley,112,0,0,46.94022281,-103.8465421,38033.0,6360.022714366837,0.0,112,112,0,0,112,112,1769,0,0,0,0,0
2020-10-23,US,North Dakota,Grand Forks,3541,17,0,47.92093639,-97.45450447,38035.0,5098.558696059092,0.480090369951991,3524,3421,17,0,3404,3365,70770,120,0,0,120,56
2020-10-23,US,North Dakota,Grant,62,3,0,46.35821257,-101.63900129999999,38037.0,2726.473175021988,4.838709677419356,59,60,3,0,57,58,2374,2,0,0,2,2
2020-10-23,US,North Dakota,Griggs,78,1,0,47.45785838,-98.23850925,38039.0,3496.190049305245,1.2820512820512822,77,77,1,0,76,74,2232,1,0,0,1,3
2020-10-23,US,North Dakota,Hettinger,125,2,0,46.43375068,-102.4632417,38041.0,5002.000800320128,1.6,123,112,2,0,110,111,2514,13,0,0,13,1
2020-10-23,US,North Dakota,Kidder,88,2,0,46.97830064,-99.77507857,38043.0,3548.3870967741937,2.272727272727273,86,82,2,0,80,79,2450,6,0,0,6,3
2020-10-23,US,North Dakota,LaMoure,189,5,0,46.45681054,-98.53542355,38045.0,4671.280276816609,2.6455026455026456,184,186,5,0,181,175,4062,3,0,0,3,11
2020-10-23,US,North Dakota,Logan,125,0,0,46.45729487,-99.47719806,38047.0,6756.756756756757,0.0,125,123,0,0,123,121,1903,2,0,0,2,2
2020-10-23,US,North Dakota,McHenry,168,12,0,48.23104458,-100.6324822,38049.0,2924.281984334204,7.142857142857142,156,160,12,0,148,152,5816,8,0,0,8,8
2020-10-23,US,North Dakota,McIntosh,167,4,0,46.11182017,-99.44145858,38051.0,6688.025630756908,2.395209580838323,163,161,4,0,157,159,2585,6,0,0,6,2
2020-10-23,US,North Dakota,McKenzie,485,4,0,47.74133370000001,-103.395905,38053.0,3228.1682641107564,0.8247422680412371,481,476,4,0,472,454,13632,9,0,0,9,22
2020-10-23,US,North Dakota,McLean,520,9,0,47.60766714,-101.3182418,38055.0,5502.6455026455005,1.7307692307692308,511,503,9,0,494,489,9541,17,0,0,17,14
2020-10-23,US,North Dakota,Mercer,448,3,0,47.31213126,-101.8318399,38057.0,5472.0898986197635,0.6696428571428571,445,392,3,0,389,384,8267,56,0,0,56,8
2020-10-23,US,North Dakota,Morton,2093,50,0,46.71681782,-101.2822377,38059.0,6673.255962249713,2.388915432393693,2043,2069,49,0,2020,2013,31095,24,1,0,23,56
2020-10-23,US,North Dakota,Mountrail,477,6,0,48.20197971,-102.3555315,38061.0,4523.470839260313,1.2578616352201255,471,462,6,0,456,443,10218,15,0,0,15,19
2020-10-23,US,North Dakota,Nelson,153,3,0,47.9226426,-98.19038437,38063.0,5314.345258770406,1.96078431372549,150,151,3,0,148,150,2869,2,0,0,2,1
2020-10-23,US,North Dakota,Oliver,72,1,0,47.11530482,-101.3406158,38065.0,3675.3445635528333,1.3888888888888888,71,71,1,0,70,70,1952,1,0,0,1,1
2020-10-23,US,North Dakota,Pembina,187,0,0,48.76623521,-97.5523809,38067.0,2749.5956476988677,0.0,187,183,0,0,183,179,6947,4,0,0,4,4
2020-10-23,US,North Dakota,Pierce,77,0,0,48.24977025,-99.96407787,38069.0,1937.1069182389936,0.0,77,73,0,0,73,69,4081,4,0,0,4,4
2020-10-23,US,North Dakota,Ramsey,462,4,0,48.26886249,-98.72223879,38071.0,4010.764823335359,0.8658008658008658,458,447,4,0,443,437,11481,15,0,0,15,10
2020-10-23,US,North Dakota,Ransom,160,0,0,46.45621782,-97.65742504,38073.0,3066.3089306247607,0.0,160,153,0,0,153,138,5237,7,0,0,7,15
2020-10-23,US,North Dakota,Renville,100,2,0,48.71982533,-101.6603912,38075.0,4297.378599054577,2.0,98,100,2,0,98,98,2374,0,0,0,0,2
2020-10-23,US,North Dakota,Richland,417,3,0,46.26440649,-96.94852979,38077.0,2577.733819620449,0.7194244604316546,414,396,3,0,393,381,16239,21,0,0,21,15
2020-10-23,US,North Dakota,Rolette,314,8,0,48.77245354,-99.84097493,38079.0,2215.0112866817162,2.5477707006369426,306,305,7,0,298,291,14301,9,1,0,8,14
2020-10-23,US,North Dakota,Sargent,123,2,0,46.10830372,-97.63217159,38081.0,3155.4643406875316,1.6260162601626016,121,121,2,0,119,117,3870,2,0,0,2,4
2020-10-23,US,North Dakota,Sheridan,39,1,0,47.57700669,-100.3426391,38083.0,2965.7794676806084,2.5641025641025643,38,38,1,0,37,38,1349,1,0,0,1,0
2020-10-23,US,North Dakota,Sioux,236,4,0,46.11323337,-101.04401490000001,38085.0,5579.196217494089,1.6949152542372878,232,233,4,0,229,218,4358,3,0,0,3,15
2020-10-23,US,North Dakota,Slope,13,0,0,46.44737738,-103.4601547,38087.0,1733.333333333333,0.0,13,12,0,0,12,12,763,1,0,0,1,0
2020-10-23,US,North Dakota,Stark,2275,34,0,46.80851182,-102.65763259999999,38089.0,7224.7451490996855,1.4945054945054943,2241,2234,30,0,2204,2233,30997,41,4,0,37,1
2020-10-23,US,North Dakota,Steele,38,0,0,47.45611548,-97.72728747,38091.0,2010.5820105820105,0.0,38,38,0,0,38,36,1903,0,0,0,0,2
2020-10-23,US,North Dakota,Stutsman,780,6,0,46.97962541,-98.95637318,38093.0,3767.387944358578,0.7692307692307693,774,757,6,0,751,746,20917,23,0,0,23,11
2020-10-23,US,North Dakota,Towner,87,2,0,48.68565745,-99.24564265,38095.0,3974.417542256738,2.2988505747126435,85,84,2,0,82,84,2192,3,0,0,3,0
2020-10-23,US,North Dakota,Traill,239,3,0,47.45367788,-97.16323288,38097.0,2974.116475858636,1.2552301255230125,236,231,3,0,228,217,8037,8,0,0,8,14
2020-10-23,US,North Dakota,Walsh,393,2,0,48.36876964,-97.72574783,38099.0,3693.261911474485,0.5089058524173028,391,380,2,0,378,361,10667,13,0,0,13,19
2020-10-23,US,North Dakota,Ward,2296,28,0,48.22390169,-101.54367629999999,38101.0,3394.3909758874056,1.2195121951219512,2268,2227,27,0,2200,2132,67744,69,1,0,68,95
2020-10-23,US,North Dakota,Wells,95,0,0,47.58614526,-99.65904998,38103.0,2477.829942618675,0.0,95,89,0,0,89,83,3957,6,0,0,6,6
2020-10-23,US,North Dakota,Williams,1705,12,0,48.34522353,-103.4793387,38105.0,4535.901460533667,0.7038123167155426,1693,1681,12,0,1669,1651,35350,24,0,0,24,30
2020-10-23,US,Ohio,Adams,212,6,0,38.84541072,-83.4718964,39001.0,765.3982236984621,2.830188679245283,206,209,6,0,203,204,27724,3,0,0,3,5
2020-10-23,US,Ohio,Allen,2183,73,0,40.77285242,-84.10802343,39003.0,2132.8565426815567,3.344021988089785,2110,2130,73,0,2057,2080,102663,53,0,0,53,50
2020-10-23,US,Ohio,Ashland,410,9,0,40.84772277,-82.27280781,39005.0,766.5843990726198,2.1951219512195124,401,398,6,0,392,389,53745,12,3,0,9,9
2020-10-23,US,Ohio,Ashtabula,735,48,0,41.70860332,-80.74830218,39007.0,755.8540121965015,6.530612244897959,687,726,48,0,678,721,97493,9,0,0,9,5
2020-10-23,US,Ohio,Athens,1235,2,0,39.33425634,-82.04278644,39009.0,1890.4893841749965,0.16194331983805668,1233,1205,2,0,1203,1184,65818,30,0,0,30,21
2020-10-23,US,Ohio,Auglaize,1023,16,0,40.55998859,-84.22421429999999,39011.0,2240.669353425618,1.564027370478983,1007,1006,16,0,990,978,45804,17,0,0,17,28
2020-10-23,US,Ohio,Belmont,789,27,0,40.01625942,-80.9924051,39013.0,1177.5064919559445,3.4220532319391634,762,788,27,0,761,786,67505,1,0,0,1,2
2020-10-23,US,Ohio,Brown,388,3,0,38.93416837,-83.86788395,39015.0,893.3505249585559,0.7731958762886598,385,379,3,0,376,372,43602,9,0,0,9,7
2020-10-23,US,Ohio,Butler,8401,130,0,39.44012838,-84.57388716,39017.0,2192.7054242118948,1.5474348291870017,8271,8276,129,0,8147,8145,382378,125,1,0,124,131
2020-10-23,US,Ohio,Carroll,215,7,0,40.578968599999996,-81.09178213,39019.0,798.8407520249684,3.255813953488372,208,200,7,0,193,193,27081,15,0,0,15,7
2020-10-23,US,Ohio,Champaign,405,3,0,40.13923427,-83.76875242,39021.0,1041.5327247010416,0.7407407407407407,402,398,3,0,395,395,38754,7,0,0,7,3
2020-10-23,US,Ohio,Clark,2530,57,0,39.91592258,-83.78498252,39023.0,1886.8909556021274,2.2529644268774702,2473,2494,56,0,2438,2451,134585,36,1,0,35,43
2020-10-23,US,Ohio,Clermont,2512,38,0,39.04847534,-84.15375786,39025.0,1216.889181700157,1.5127388535031847,2474,2459,38,0,2421,2403,205466,53,0,0,53,56
2020-10-23,US,Ohio,Clinton,472,13,0,39.41485808,-83.80852286,39027.0,1124.6664125047657,2.754237288135593,459,464,13,0,451,451,42057,8,0,0,8,13
2020-10-23,US,Ohio,Columbiana,2133,87,0,40.76932373,-80.78094576,39029.0,2093.5779276228614,4.078762306610408,2046,2128,87,0,2041,2114,102665,5,0,0,5,14
2020-10-23,US,Ohio,Coshocton,324,12,0,40.30096166,-81.91729018,39031.0,885.2459016393442,3.703703703703704,312,321,12,0,309,305,36629,3,0,0,3,16
2020-10-23,US,Ohio,Crawford,468,8,0,40.85065156,-82.91989099,39033.0,1127.8739094808889,1.709401709401709,460,452,8,0,444,441,41550,16,0,0,16,11
2020-10-23,US,Ohio,Cuyahoga,19906,684,0,41.424119,-81.65918339,39035.0,1611.7278992641723,3.4361499045513915,19222,19706,682,0,19024,19586,1243857,200,2,0,198,120
2020-10-23,US,Ohio,Darke,1155,51,0,40.13412966,-84.6194517,39037.0,2259.6990980768105,4.415584415584416,1104,1144,51,0,1093,1123,51323,11,0,0,11,21
2020-10-23,US,Ohio,Defiance,466,13,0,41.32398837,-84.49076944,39039.0,1223.5145850290126,2.7896995708154506,453,460,13,0,447,446,38165,6,0,0,6,14
2020-10-23,US,Ohio,Delaware,2906,27,0,40.27942393,-83.00457058,39041.0,1389.2540766910322,0.9291121816930488,2879,2872,27,0,2845,2835,204826,34,0,0,34,37
2020-10-23,US,Ohio,Erie,1169,53,0,41.36796058,-82.62904521,39043.0,1574.0715805348345,4.533789563729684,1116,1155,53,0,1102,1146,74615,14,0,0,14,9
2020-10-23,US,Ohio,Fairfield,2686,57,0,39.75107189,-82.63088163,39045.0,1704.5959358777466,2.122114668652271,2629,2644,57,0,2587,2616,155782,42,0,0,42,28
2020-10-23,US,Ohio,Fayette,452,8,0,39.56021306,-83.4562016,39047.0,1584.574934268186,1.7699115044247788,444,449,8,0,441,440,28666,3,0,0,3,9
2020-10-23,US,Ohio,Franklin,31703,640,0,39.96995815,-83.01115755,39049.0,2407.659429689327,2.018736397186386,31063,31466,640,0,30826,31221,1310300,237,0,0,237,245
2020-10-23,US,Ohio,Fulton,545,13,0,41.60213491,-84.12571393,39051.0,1293.7378341166975,2.385321100917431,532,537,11,0,526,522,42276,8,2,0,6,15
2020-10-23,US,Ohio,Gallia,292,13,0,38.82708533,-82.31647569,39053.0,976.6539567864073,4.452054794520548,279,291,13,0,278,282,29979,1,0,0,1,9
2020-10-23,US,Ohio,Geauga,869,50,0,41.49952319,-81.17935342,39055.0,927.9330265138975,5.7537399309551205,819,859,50,0,809,844,94031,10,0,0,10,15
2020-10-23,US,Ohio,Greene,2345,42,0,39.69116283,-83.89032084,39057.0,1388.0914186945429,1.791044776119403,2303,2292,42,0,2250,2248,167995,53,0,0,53,44
2020-10-23,US,Ohio,Guernsey,329,8,0,40.05026529,-81.49248905,39059.0,846.3022508038588,2.4316109422492405,321,321,8,0,313,300,39022,8,0,0,8,21
2020-10-23,US,Ohio,Hamilton,16878,344,0,39.19673558,-84.54502924,39061.0,2064.655346415111,2.0381561796421384,16534,16687,343,0,16344,16496,816684,191,1,0,190,191
2020-10-23,US,Ohio,Hancock,1066,26,0,41.00250487,-83.66838948,39063.0,1406.6479289550427,2.4390243902439024,1040,1047,25,0,1022,1040,75930,19,1,0,18,7
2020-10-23,US,Ohio,Hardin,348,13,0,40.66015414,-83.65929931,39065.0,1109.5169775227164,3.7356321839080464,335,336,13,0,323,328,31480,12,0,0,12,8
2020-10-23,US,Ohio,Harrison,84,3,0,40.29380509,-81.09068544,39067.0,558.5106382978723,3.571428571428572,81,80,3,0,77,79,15174,4,0,0,4,1
2020-10-23,US,Ohio,Henry,488,17,0,41.333964200000004,-84.06830637,39069.0,1807.005850551729,3.4836065573770494,471,473,17,0,456,461,27086,15,0,0,15,12
2020-10-23,US,Ohio,Highland,444,6,0,39.1839264,-83.60331456,39071.0,1028.7064711197606,1.351351351351351,438,430,4,0,426,417,43058,14,2,0,12,13
2020-10-23,US,Ohio,Hocking,199,9,0,39.49537927,-82.47991446,39073.0,704.0758562128502,4.522613065326633,190,197,9,0,188,194,28385,2,0,0,2,3
2020-10-23,US,Ohio,Holmes,633,10,0,40.56163713,-81.92635677,39075.0,1439.9454049135575,1.5797788309636651,623,617,10,0,607,590,43892,16,0,0,16,27
2020-10-23,US,Ohio,Huron,716,14,0,41.14651175,-82.59867951,39077.0,1228.847011979542,1.9553072625698324,702,709,12,0,697,706,58504,7,2,0,5,3
2020-10-23,US,Ohio,Jackson,472,8,0,39.01914254,-82.61818559999998,39079.0,1456.2058433344644,1.6949152542372878,464,459,8,0,451,447,32384,13,0,0,13,12
2020-10-23,US,Ohio,Jefferson,477,4,0,40.38614126,-80.76259514,39081.0,730.1951779563719,0.8385744234800838,473,469,4,0,465,466,65767,8,0,0,8,3
2020-10-23,US,Ohio,Knox,394,16,0,40.39830217,-82.42027563,39083.0,632.2005070440615,4.060913705583757,378,384,16,0,368,376,61893,10,0,0,10,8
2020-10-23,US,Ohio,Lake,1966,59,0,41.69710807,-81.23676539,39085.0,854.2292167248172,3.0010172939979656,1907,1936,59,0,1877,1911,230514,30,0,0,30,25
2020-10-23,US,Ohio,Lawrence,945,25,0,38.59743452,-82.53466552,39087.0,1589.2235507794762,2.6455026455026456,920,930,25,0,905,929,59866,15,0,0,15,1
2020-10-23,US,Ohio,Licking,2623,66,0,40.09136236,-82.48185785,39089.0,1483.0772014338863,2.5162028211971026,2557,2579,66,0,2513,2524,175769,44,0,0,44,55
2020-10-23,US,Ohio,Logan,435,3,0,40.38996525,-83.76784341,39091.0,952.4435102469783,0.6896551724137931,432,423,3,0,420,413,45358,12,0,0,12,10
2020-10-23,US,Ohio,Lorain,2754,89,0,41.29553751,-82.15083537,39093.0,888.8659374566298,3.2316630355846043,2665,2728,89,0,2639,2692,309461,26,0,0,26,36
2020-10-23,US,Ohio,Lucas,8364,373,0,41.62101218,-83.65468618,39095.0,1952.6179648323325,4.4595887135341945,7991,8285,373,0,7912,8223,429899,79,0,0,79,62
2020-10-23,US,Ohio,Madison,1063,15,0,39.89381073,-83.40178317,39097.0,2376.427980595113,1.4111006585136407,1048,1054,15,0,1039,1048,44413,9,0,0,9,6
2020-10-23,US,Ohio,Mahoning,3739,287,0,41.01631101,-80.77287029,39099.0,1635.0144085918066,7.675849157528751,3452,3709,286,0,3423,3660,229642,30,1,0,29,49
2020-10-23,US,Ohio,Marion,3412,50,0,40.58610662,-83.15736305,39101.0,5241.731061711705,1.4654161781946071,3362,3388,50,0,3338,3375,65256,24,0,0,24,13
2020-10-23,US,Ohio,Medina,1889,42,0,41.11770589,-81.89986209999998,39103.0,1050.9274198035005,2.223398623610376,1847,1856,42,0,1814,1820,179146,33,0,0,33,36
2020-10-23,US,Ohio,Meigs,210,12,0,39.09224872,-82.0305041,39105.0,916.7503383245296,5.7142857142857135,198,210,12,0,198,210,23106,0,0,0,0,0
2020-10-23,US,Ohio,Mercer,1547,28,0,40.54043046,-84.62912742,39107.0,3757.407947148548,1.8099547511312215,1519,1521,28,0,1493,1505,40959,26,0,0,26,16
2020-10-23,US,Ohio,Miami,2028,58,0,40.0543329,-84.22871271,39109.0,1895.5574041706,2.8599605522682445,1970,1999,58,0,1941,1976,106222,29,0,0,29,23
2020-10-23,US,Ohio,Monroe,163,18,0,39.72984936,-81.08464734,39111.0,1193.7893657536256,11.042944785276074,145,161,18,0,143,155,13790,2,0,0,2,6
2020-10-23,US,Ohio,Montgomery,10546,189,0,39.75394919,-84.29050975,39113.0,1983.4978098016315,1.792148681964726,10357,10377,189,0,10188,10216,532331,169,0,0,169,161
2020-10-23,US,Ohio,Morgan,80,0,0,39.62081738,-81.85308173,39115.0,551.4199062586159,0.0,80,78,0,0,78,77,14604,2,0,0,2,1
2020-10-23,US,Ohio,Morrow,356,2,0,40.52363560000001,-82.7892599,39117.0,1007.6992753623188,0.5617977528089888,354,344,2,0,342,338,35112,12,0,0,12,6
2020-10-23,US,Ohio,Muskingum,904,4,0,39.96575964,-81.94363275,39119.0,1048.541437104912,0.4424778761061947,900,888,4,0,884,859,86183,16,0,0,16,29
2020-10-23,US,Ohio,Noble,148,0,0,39.76818851,-81.45937183,39121.0,1026.067665002773,0.0,148,129,0,0,129,127,14354,19,0,0,19,2
2020-10-23,US,Ohio,Ottawa,589,30,0,41.53781826,-83.0940185,39123.0,1453.4238124614435,5.093378607809846,559,584,30,0,554,573,40769,5,0,0,5,11
2020-10-23,US,Ohio,Paulding,207,2,0,41.11676341,-84.5801017,39125.0,1108.611825192802,0.966183574879227,205,201,2,0,199,194,18760,6,0,0,6,7
2020-10-23,US,Ohio,Perry,373,11,0,39.73508655,-82.23804971,39127.0,1032.2687773288317,2.949061662198392,362,366,11,0,355,363,36033,7,0,0,7,3
2020-10-23,US,Ohio,Pickaway,3024,46,0,39.64170392,-83.0243386,39129.0,5173.033169680278,1.5211640211640212,2978,3011,46,0,2965,2994,58086,13,0,0,13,17
2020-10-23,US,Ohio,Pike,312,0,0,39.07634001,-83.06769584,39131.0,1123.4336742042344,0.0,312,300,0,0,300,290,28067,12,0,0,12,10
2020-10-23,US,Ohio,Portage,1654,68,0,41.16793482,-81.19735782,39133.0,1018.0591631479816,4.111245465538088,1586,1620,68,0,1552,1589,162927,34,0,0,34,31
2020-10-23,US,Ohio,Preble,635,18,0,39.7420247,-84.64787018,39135.0,1553.2508194315344,2.8346456692913384,617,624,18,0,606,610,40997,11,0,0,11,14
2020-10-23,US,Ohio,Putnam,1016,27,0,41.02094889,-84.1336111,39137.0,3000.502052508785,2.65748031496063,989,974,27,0,947,937,33780,42,0,0,42,37
2020-10-23,US,Ohio,Richland,1351,24,0,40.77180308,-82.53799609999999,39139.0,1115.1096950988,1.7764618800888232,1327,1323,24,0,1299,1306,121099,28,0,0,28,17
2020-10-23,US,Ohio,Ross,1415,37,0,39.33705391,-83.06000914,39141.0,1845.668223201941,2.614840989399293,1378,1394,36,0,1358,1361,76931,21,1,0,20,33
2020-10-23,US,Ohio,Sandusky,717,22,0,41.35624126,-83.137872,39143.0,1225.2640213267712,3.0683403068340307,695,711,22,0,689,699,58799,6,0,0,6,12
2020-10-23,US,Ohio,Scioto,871,9,0,38.80270163,-82.98907345,39145.0,1156.4914889661948,1.033295063145809,862,859,9,0,850,837,75502,12,0,0,12,22
2020-10-23,US,Ohio,Seneca,607,14,0,41.12351311,-83.12783209,39147.0,1100.0761172931238,2.306425041186161,593,601,14,0,587,595,55207,6,0,0,6,6
2020-10-23,US,Ohio,Shelby,917,14,0,40.33163494,-84.20258189,39149.0,1887.2195925087467,1.5267175572519085,903,909,14,0,895,888,48627,8,0,0,8,21
2020-10-23,US,Ohio,Stark,3853,182,0,40.81482476,-81.36437305,39151.0,1039.6485755762185,4.7235920062289125,3671,3796,181,0,3615,3748,371574,57,1,0,56,48
2020-10-23,US,Ohio,Summit,6780,265,0,41.12464734,-81.53123079,39153.0,1253.2046364874782,3.9085545722713855,6515,6689,265,0,6424,6620,541918,91,0,0,91,69
2020-10-23,US,Ohio,Trumbull,2290,134,0,41.31735028,-80.76109643,39155.0,1156.7175487690304,5.851528384279477,2156,2270,134,0,2136,2247,198627,20,0,0,20,23
2020-10-23,US,Ohio,Tuscarawas,1308,25,0,40.44214695,-81.47226262,39157.0,1421.9400567471494,1.91131498470948,1283,1290,24,0,1266,1258,92176,18,1,0,17,32
2020-10-23,US,Ohio,Union,770,3,0,40.30016061,-83.37239023,39159.0,1305.3502407269275,0.3896103896103896,767,758,3,0,755,747,57835,12,0,0,12,11
2020-10-23,US,Ohio,Van Wert,268,5,0,40.8554138,-84.59111700000003,39161.0,947.8337754199823,1.8656716417910448,263,263,3,0,260,240,28281,5,2,0,3,23
2020-10-23,US,Ohio,Vinton,104,3,0,39.25208988,-82.4831444,39163.0,794.8032097821933,2.8846153846153846,101,96,3,0,93,93,13139,8,0,0,8,3
2020-10-23,US,Ohio,Warren,4284,66,0,39.42581994,-84.16557457,39165.0,1826.0713889907165,1.5406162464985995,4218,4200,64,0,4136,4135,232173,84,2,0,82,65
2020-10-23,US,Ohio,Washington,355,24,0,39.45690571,-81.49121382,39167.0,592.5456093204921,6.76056338028169,331,351,24,0,327,344,60155,4,0,0,4,7
2020-10-23,US,Ohio,Wayne,1446,69,0,40.82925852,-81.88844833,39169.0,1249.6759139227381,4.771784232365144,1377,1402,69,0,1333,1370,115967,44,0,0,44,32
2020-10-23,US,Ohio,Williams,346,4,0,41.56052014,-84.58429552,39171.0,942.9848468330972,1.1560693641618498,342,335,4,0,331,330,36804,11,0,0,11,5
2020-10-23,US,Ohio,Wood,2529,81,0,41.36224827,-83.62285108,39173.0,1933.234977105422,3.2028469750889683,2448,2496,81,0,2415,2472,130696,33,0,0,33,24
2020-10-23,US,Ohio,Wyandot,298,13,0,40.84339621,-83.30734173,39175.0,1368.7304795149735,4.362416107382551,285,295,13,0,282,286,21935,3,0,0,3,9
2020-10-23,US,Oklahoma,Adair,769,11,0,35.88494195,-94.65859267,40001.0,3464.900423537893,1.4304291287386215,758,752,11,0,741,740,22082,17,0,0,17,12
2020-10-23,US,Oklahoma,Alfalfa,115,0,0,36.73090616,-98.32408495,40003.0,2016.8361978253245,0.0,115,115,0,0,115,115,5754,0,0,0,0,0
2020-10-23,US,Oklahoma,Atoka,423,1,0,34.37366573,-96.03802487,40005.0,3074.574792847797,0.2364066193853428,422,419,1,0,418,414,13838,4,0,0,4,5
2020-10-23,US,Oklahoma,Beaver,88,1,0,36.7496847,-100.4758872,40007.0,1656.9384296742608,1.1363636363636365,87,86,1,0,85,82,5319,2,0,0,2,4
2020-10-23,US,Oklahoma,Beckham,867,11,0,35.26862449,-99.68128023,40009.0,3966.3296582643306,1.268742791234141,856,860,10,0,850,848,21709,7,1,0,6,12
2020-10-23,US,Oklahoma,Blaine,201,1,0,35.87518314,-98.43307003,40011.0,2131.7212853961178,0.4975124378109453,200,197,1,0,196,194,9485,4,0,0,4,3
2020-10-23,US,Oklahoma,Bryan,1467,11,0,33.96472458,-96.25903472,40013.0,3056.56839254089,0.7498295841854125,1456,1438,11,0,1427,1415,47192,29,0,0,29,23
2020-10-23,US,Oklahoma,Caddo,1119,26,0,35.17364557,-98.37534464,40015.0,3890.5500312912873,2.323503127792672,1093,1116,26,0,1090,1097,28977,3,0,0,3,19
2020-10-23,US,Oklahoma,Canadian,3754,22,0,35.5426055,-97.98465569,40017.0,2531.2529499817942,0.5860415556739478,3732,3674,21,0,3653,3607,144447,80,1,0,79,67
2020-10-23,US,Oklahoma,Carter,793,10,0,34.25103751,-97.28552485,40019.0,1648.271705015485,1.261034047919294,783,788,10,0,778,779,48177,5,0,0,5,9
2020-10-23,US,Oklahoma,Cherokee,1356,8,0,35.90692775,-94.99980896,40021.0,2786.854923238177,0.5899705014749262,1348,1343,8,0,1335,1324,48675,13,0,0,13,19
2020-10-23,US,Oklahoma,Choctaw,439,2,0,34.02807439,-95.54771129,40023.0,2992.093784078517,0.4555808656036446,437,427,2,0,425,412,14668,12,0,0,12,15
2020-10-23,US,Oklahoma,Cimarron,36,0,0,36.74817177,-102.5173885,40025.0,1684.6045858680393,0.0,36,36,0,0,36,36,2153,0,0,0,0,0
2020-10-23,US,Oklahoma,Cleveland,8037,89,0,35.20413532,-97.32519562,40027.0,2829.790080770666,1.107378375015553,7948,7941,87,0,7854,7843,281669,96,2,0,94,98
2020-10-23,US,Oklahoma,Coal,91,0,0,34.58840127,-96.29798747,40029.0,1656.0509554140128,0.0,91,89,0,0,89,86,5520,2,0,0,2,3
2020-10-23,US,Oklahoma,Comanche,2272,17,0,34.65973764,-98.47195055,40031.0,1881.5890814830764,0.7482394366197183,2255,2252,17,0,2235,2201,120422,20,0,0,20,51
2020-10-23,US,Oklahoma,Cotton,96,3,0,34.28845626,-98.37053567,40033.0,1694.3169784680551,3.125,93,93,3,0,90,90,5776,3,0,0,3,3
2020-10-23,US,Oklahoma,Craig,611,2,0,36.76268118,-95.20916602,40035.0,4320.463866496961,0.3273322422258593,609,607,2,0,605,601,14306,4,0,0,4,6
2020-10-23,US,Oklahoma,Creek,1536,37,0,35.90230551,-96.37086028,40037.0,2147.5909510360448,2.4088541666666665,1499,1523,37,0,1486,1495,71604,13,0,0,13,28
2020-10-23,US,Oklahoma,Custer,1046,3,0,35.63853802,-99.00170785,40039.0,3606.523463090025,0.2868068833652008,1043,1035,3,0,1032,1011,29036,11,0,0,11,24
2020-10-23,US,Oklahoma,Delaware,1214,27,0,36.40823634,-94.80325046,40041.0,2822.6650235997117,2.224052718286656,1187,1190,27,0,1163,1170,42733,24,0,0,24,20
2020-10-23,US,Oklahoma,Dewey,89,1,0,35.98772922,-99.00730714,40043.0,1819.6687793907172,1.1235955056179776,88,88,1,0,87,83,4894,1,0,0,1,5
2020-10-23,US,Oklahoma,Ellis,20,0,0,36.218019399999996,-99.75324573,40045.0,518.2689816014512,0.0,20,20,0,0,20,19,3952,0,0,0,0,1
2020-10-23,US,Oklahoma,Garfield,2339,25,0,36.3791334,-97.78265517,40047.0,3830.9093291404606,1.0688328345446771,2314,2310,25,0,2285,2272,60913,29,0,0,29,38
2020-10-23,US,Oklahoma,Garvin,613,6,0,34.70418038,-97.30811132,40049.0,2212.117931507344,0.9787928221859706,607,606,6,0,600,597,27811,7,0,0,7,9
2020-10-23,US,Oklahoma,Grady,1559,16,0,35.0167709,-97.88339847,40051.0,2792.2054662033893,1.0262989095574089,1543,1547,16,0,1531,1521,55551,12,0,0,12,26
2020-10-23,US,Oklahoma,Grant,88,1,0,36.796296999999996,-97.78638765,40053.0,2030.9254558042926,1.1363636363636365,87,84,1,0,83,80,4326,4,0,0,4,4
2020-10-23,US,Oklahoma,Greer,145,8,0,34.93535801,-99.56056120000001,40055.0,2538.515406162465,5.517241379310344,137,144,8,0,136,144,5821,1,0,0,1,0
2020-10-23,US,Oklahoma,Harmon,64,0,0,34.7440135,-99.84741652,40057.0,2412.363362231436,0.0,64,63,0,0,63,63,2664,1,0,0,1,0
2020-10-23,US,Oklahoma,Harper,65,1,0,36.78836519,-99.6679804,40059.0,1762.4728850325382,1.5384615384615383,64,65,1,0,64,57,3797,0,0,0,0,8
2020-10-23,US,Oklahoma,Haskell,371,5,0,35.22257600000001,-95.11513306,40061.0,2938.148412132732,1.3477088948787062,366,368,5,0,363,363,12668,3,0,0,3,5
2020-10-23,US,Oklahoma,Hughes,379,4,0,35.04912569,-96.24921145,40063.0,2854.1305821221476,1.0554089709762533,375,378,4,0,374,374,13335,1,0,0,1,4
2020-10-23,US,Oklahoma,Jackson,1093,13,0,34.58781741,-99.41138784,40065.0,4455.768446799837,1.1893870082342175,1080,1081,12,0,1069,1069,24949,12,1,0,11,12
2020-10-23,US,Oklahoma,Jefferson,76,0,0,34.11130184,-97.83182974,40067.0,1266.2445851382872,0.0,76,73,0,0,73,74,6123,3,0,0,3,-1
2020-10-23,US,Oklahoma,Johnston,280,4,0,34.31440473,-96.66011537,40069.0,2525.935949481281,1.4285714285714286,276,279,4,0,275,272,10949,1,0,0,1,7
2020-10-23,US,Oklahoma,Kay,844,16,0,36.81799745,-97.14421435,40071.0,1938.5364509164408,1.895734597156398,828,831,16,0,815,822,44161,13,0,0,13,9
2020-10-23,US,Oklahoma,Kingfisher,532,3,0,35.94530008,-97.94193268,40073.0,3374.5639073897883,0.5639097744360902,529,522,2,0,520,508,15816,10,1,0,9,14
2020-10-23,US,Oklahoma,Kiowa,171,2,0,34.91671958,-98.97720696,40075.0,1963.7115296279285,1.1695906432748535,169,166,2,0,164,158,8729,5,0,0,5,8
2020-10-23,US,Oklahoma,Latimer,203,2,0,34.87844729,-95.25215049,40077.0,2015.2883947185544,0.9852216748768472,201,198,2,0,196,189,10231,5,0,0,5,9
2020-10-23,US,Oklahoma,Le Flore,1615,22,0,34.89851864,-94.70392124,40079.0,3239.524201151385,1.3622291021671826,1593,1611,22,0,1589,1593,49980,4,0,0,4,18
2020-10-23,US,Oklahoma,Lincoln,764,20,0,35.70270942,-96.8812462,40081.0,2190.5553803366115,2.6178010471204187,744,757,20,0,737,737,34920,7,0,0,7,20
2020-10-23,US,Oklahoma,Logan,812,2,0,35.91899576,-97.44352845,40083.0,1691.2790818770698,0.24630541871921185,810,806,2,0,804,791,47291,6,0,0,6,15
2020-10-23,US,Oklahoma,Love,262,1,0,33.95273467,-97.23906784,40085.0,2555.3496537598753,0.3816793893129771,261,261,1,0,260,259,10134,1,0,0,1,2
2020-10-23,US,Oklahoma,Major,164,2,0,36.31149996,-98.53467076,40093.0,2149.691964870887,1.2195121951219512,162,160,2,0,158,153,7644,4,0,0,4,7
2020-10-23,US,Oklahoma,Marshall,269,2,0,34.02311222,-96.76855464,40095.0,1588.8016065205834,0.7434944237918215,267,268,2,0,266,264,16806,1,0,0,1,4
2020-10-23,US,Oklahoma,Mayes,951,13,0,36.30179091,-95.23175116,40097.0,2313.8686131386858,1.3669821240799158,938,937,12,0,925,908,41107,14,1,0,13,29
2020-10-23,US,Oklahoma,McClain,1267,9,0,35.01123903,-97.44572302,40087.0,3130.404704254583,0.7103393843725335,1258,1246,9,0,1237,1231,39985,21,0,0,21,15
2020-10-23,US,Oklahoma,McCurtain,1595,38,0,34.11664328,-94.77222373,40089.0,4858.0653021442495,2.3824451410658307,1557,1577,38,0,1539,1557,32703,18,0,0,18,20
2020-10-23,US,Oklahoma,McIntosh,494,9,0,35.37235506,-95.66599306,40091.0,2520.922637272913,1.8218623481781375,485,487,9,0,478,480,19815,7,0,0,7,7
2020-10-23,US,Oklahoma,Murray,287,2,0,34.48116015,-97.06826283,40099.0,2039.36616215448,0.6968641114982579,285,277,2,0,275,273,13953,10,0,0,10,4
2020-10-23,US,Oklahoma,Muskogee,2281,28,0,35.61318461,-95.37802952,40101.0,3354.559759989412,1.2275317843051294,2253,2255,28,0,2227,2224,68362,26,0,0,26,31
2020-10-23,US,Oklahoma,Noble,173,3,0,36.38953329,-97.22928674,40103.0,1554.2179498697333,1.7341040462427746,170,172,3,0,169,171,11289,1,0,0,1,1
2020-10-23,US,Oklahoma,Nowata,243,4,0,36.79843529,-95.61902331,40105.0,2411.67129813418,1.6460905349794241,239,239,4,0,235,226,10218,4,0,0,4,13
2020-10-23,US,Oklahoma,Okfuskee,535,6,0,35.46485198,-96.32639984,40107.0,4460.935545735012,1.1214953271028036,529,336,6,0,330,323,12098,199,0,0,199,13
2020-10-23,US,Oklahoma,Oklahoma,22816,225,0,35.55140095,-97.40716948,40109.0,2861.1772259522413,0.9861500701262272,22591,22669,222,0,22447,22422,792582,147,3,0,144,247
2020-10-23,US,Oklahoma,Okmulgee,1182,8,0,35.64661916,-95.96432828,40111.0,3072.92343689068,0.6768189509306259,1174,1153,8,0,1145,1140,38335,29,0,0,29,13
2020-10-23,US,Oklahoma,Osage,1366,13,0,36.62888819,-96.39635704,40113.0,2908.672784958372,0.9516837481698388,1353,1368,13,0,1355,1343,47014,-2,0,0,-2,25
2020-10-23,US,Oklahoma,Ottawa,1202,9,0,36.83532655,-94.81011909,40115.0,3861.599254666368,0.7487520798668885,1193,1192,9,0,1183,1167,31175,10,0,0,10,25
2020-10-23,US,Oklahoma,Pawnee,330,5,0,36.31743373,-96.70331759999999,40117.0,2015.1441133365906,1.5151515151515151,325,327,5,0,322,322,16390,3,0,0,3,5
2020-10-23,US,Oklahoma,Payne,2772,12,0,36.07695283,-96.97584944,40119.0,3389.4160226939252,0.4329004329004329,2760,2752,11,0,2741,2718,82040,20,1,0,19,34
2020-10-23,US,Oklahoma,Pittsburg,1221,20,0,34.92065823,-95.75134320000001,40121.0,2796.9945480368347,1.638001638001638,1201,1214,20,0,1194,1202,43877,7,0,0,7,12
2020-10-23,US,Oklahoma,Pontotoc,742,4,0,34.72959848,-96.68337199,40123.0,1938.146484170933,0.5390835579514824,738,722,4,0,718,674,38247,20,0,0,20,48
2020-10-23,US,Oklahoma,Pottawatomie,2051,14,0,35.20614018,-96.94923008,40125.0,2825.380207185365,0.6825938566552902,2037,2002,14,0,1988,1965,72679,49,0,0,49,37
2020-10-23,US,Oklahoma,Pushmataha,261,5,0,34.41635232,-95.37603505,40127.0,2352.198990627253,1.9157088122605364,256,260,5,0,255,260,11179,1,0,0,1,0
2020-10-23,US,Oklahoma,Roger Mills,88,4,0,35.68711719,-99.69666167,40129.0,2456.042422550935,4.545454545454546,84,88,4,0,84,87,3656,0,0,0,0,1
2020-10-23,US,Oklahoma,Rogers,2375,54,0,36.37004357,-95.60406759,40131.0,2568.7061292032145,2.273684210526316,2321,2349,54,0,2295,2330,91984,26,0,0,26,19
2020-10-23,US,Oklahoma,Seminole,751,6,0,35.16478725,-96.61686741,40133.0,3095.885893313546,0.7989347536617842,745,742,6,0,736,723,24578,9,0,0,9,19
2020-10-23,US,Oklahoma,Sequoyah,1209,13,0,35.49447108,-94.75463785,40135.0,2908.417330222041,1.075268817204301,1196,1197,13,0,1184,1181,41179,12,0,0,12,16
2020-10-23,US,Oklahoma,Stephens,675,8,0,34.48556989,-97.85141892,40137.0,1564.5643557471665,1.1851851851851851,667,662,8,0,654,640,43265,13,0,0,13,22
2020-10-23,US,Oklahoma,Texas,1760,10,0,36.74777635,-101.4889765,40139.0,8807.486363408898,0.5681818181818182,1750,1758,10,0,1748,1741,20455,2,0,0,2,17
2020-10-23,US,Oklahoma,Tillman,141,3,0,34.37288446,-98.92426619,40141.0,1944.8275862068963,2.127659574468085,138,139,3,0,136,137,7348,2,0,0,2,2
2020-10-23,US,Oklahoma,Tulsa,21239,197,0,36.11939621,-95.94013939,40143.0,3259.755169196012,0.9275389613446959,21042,21032,195,0,20837,20805,648360,207,2,0,205,227
2020-10-23,US,Oklahoma,Unassigned,12,0,0,0.0,0.0,90040.0,0.0,0.0,12,7,0,0,7,8,,5,0,0,5,-1
2020-10-23,US,Oklahoma,Wagoner,1850,28,0,35.96024096,-95.51911308,40145.0,2275.830678197542,1.5135135135135136,1822,1834,28,0,1806,1804,80110,16,0,0,16,30
2020-10-23,US,Oklahoma,Washington,1275,41,0,36.71380786,-95.90514104,40147.0,2474.430880897393,3.2156862745098036,1234,1266,41,0,1225,1235,51843,9,0,0,9,31
2020-10-23,US,Oklahoma,Washita,175,0,0,35.29071824,-98.99180434,40149.0,1603.1513374862586,0.0,175,171,0,0,171,167,11127,4,0,0,4,4
2020-10-23,US,Oklahoma,Woods,169,0,0,36.76705782,-98.86573064,40151.0,1921.9833958830886,0.0,169,167,0,0,167,163,8897,2,0,0,2,4
2020-10-23,US,Oklahoma,Woodward,1221,5,0,36.42316318,-99.26283045,40153.0,6041.264657859581,0.4095004095004095,1216,1219,5,0,1214,1206,20222,2,0,0,2,13
2020-10-23,US,Oregon,Baker,114,3,0,44.70915557,-117.6749883,41001.0,707.0205904242122,2.631578947368421,111,113,2,0,111,113,16006,1,1,0,0,0
2020-10-23,US,Oregon,Benton,433,6,0,44.49167306,-123.4316987,41003.0,465.326211943731,1.3856812933025404,427,418,6,0,412,418,92101,15,0,0,15,0
2020-10-23,US,Oregon,Clackamas,3061,65,0,45.18787398,-122.2179634,41005.0,731.9691908165486,2.1234890558640966,2996,2990,65,0,2925,2990,416075,71,0,0,71,0
2020-10-23,US,Oregon,Clatsop,237,0,0,45.99712889,-123.660711,41007.0,589.200477326969,0.0,237,234,0,0,234,234,39764,3,0,0,3,0
2020-10-23,US,Oregon,Columbia,253,1,0,45.94464254,-123.08908980000001,41009.0,483.2486533980212,0.3952569169960474,252,249,1,0,248,249,52377,4,0,0,4,0
2020-10-23,US,Oregon,Coos,236,0,0,43.17406868,-124.0594514,41011.0,365.96523330283617,0.0,236,229,0,0,229,229,64389,7,0,0,7,0
2020-10-23,US,Oregon,Crook,100,2,0,44.14230227,-120.356297,41013.0,409.76889034584497,2.0,98,87,2,0,85,87,23867,13,0,0,13,0
2020-10-23,US,Oregon,Curry,57,1,0,42.45911325,-124.15728200000001,41015.0,248.63685932388225,1.7543859649122806,56,56,1,0,55,56,22813,1,0,0,1,0
2020-10-23,US,Oregon,Deschutes,1098,13,0,43.91570171,-121.2289121,41017.0,555.4094247617506,1.1839708561020037,1085,1074,13,0,1061,1074,191996,24,0,0,24,0
2020-10-23,US,Oregon,Douglas,342,5,0,43.27941273,-123.16729099999999,41019.0,308.1636330870427,1.4619883040935673,337,331,4,0,327,331,110283,11,1,0,10,0
2020-10-23,US,Oregon,Gilliam,11,0,0,45.37160076,-120.20488689999999,41021.0,575.3138075313808,0.0,11,11,0,0,11,11,1894,0,0,0,0,0
2020-10-23,US,Oregon,Grant,11,0,0,44.49024544,-119.0068631,41023.0,152.79899986109183,0.0,11,10,0,0,10,10,7176,1,0,0,1,0
2020-10-23,US,Oregon,Harney,21,0,0,43.06422669,-118.96663059999999,41025.0,284.052482077641,0.0,21,17,0,0,17,17,7329,4,0,0,4,0
2020-10-23,US,Oregon,Hood River,277,1,0,45.51872811,-121.65520359999998,41027.0,1184.6719698913694,0.36101083032490977,276,272,1,0,271,272,23428,5,0,0,5,0
2020-10-23,US,Oregon,Jackson,1617,6,0,42.43201126,-122.72893090000001,41029.0,731.8596567456008,0.3710575139146568,1611,1555,6,0,1549,1555,219564,62,0,0,62,0
2020-10-23,US,Oregon,Jefferson,600,9,0,44.62806839,-121.17832,41031.0,2433.287371238543,1.5,591,597,9,0,588,597,24192,3,0,0,3,0
2020-10-23,US,Oregon,Josephine,262,3,0,42.3665549,-123.5561938,41033.0,299.4730645695932,1.1450381679389312,259,258,3,0,255,258,87393,4,0,0,4,0
2020-10-23,US,Oregon,Klamath,405,3,0,42.68762984,-121.64964609999998,41035.0,593.5109469796887,0.7407407407407407,402,401,3,0,398,401,67653,4,0,0,4,0
2020-10-23,US,Oregon,Lake,34,0,0,42.79246693,-120.38501629999999,41037.0,432.0752319227348,0.0,34,34,0,0,34,34,7879,0,0,0,0,0
2020-10-23,US,Oregon,Lane,2294,27,0,43.93727035,-122.847753,41039.0,600.4182512491265,1.1769834350479509,2267,2212,26,0,2186,2212,379611,82,1,0,81,0
2020-10-23,US,Oregon,Lincoln,511,13,0,44.64252874,-123.86991200000001,41041.0,1022.7773107561746,2.5440313111545994,498,509,13,0,496,509,49388,2,0,0,2,0
2020-10-23,US,Oregon,Linn,788,15,0,44.48899494,-122.53731540000001,41043.0,607.3264533830704,1.9035532994923856,773,764,14,0,750,764,127335,24,1,0,23,0
2020-10-23,US,Oregon,Malheur,1897,37,0,43.1937027,-117.62273950000001,41045.0,6205.227176081908,1.9504480759093303,1860,1866,34,0,1832,1866,30725,31,3,0,28,0
2020-10-23,US,Oregon,Marion,5684,107,0,44.90287942,-122.58151170000001,41047.0,1634.1879948708804,1.8824771287825477,5577,5590,106,0,5484,5590,346868,94,1,0,93,0
2020-10-23,US,Oregon,Morrow,543,6,0,45.41846568,-119.584546,41049.0,4679.824183400845,1.1049723756906078,537,542,6,0,536,542,11372,1,0,0,1,0
2020-10-23,US,Oregon,Multnomah,8955,159,0,45.54747959,-122.4169351,41051.0,1101.6725000153779,1.7755443886097153,8796,8743,155,0,8588,8743,811880,212,4,0,208,0
2020-10-23,US,Oregon,Polk,643,15,0,44.90322804,-123.4128888,41053.0,746.9361677411861,2.3328149300155516,628,639,15,0,624,639,85234,4,0,0,4,0
2020-10-23,US,Oregon,Sherman,18,0,0,45.41501554,-120.6827834,41055.0,1011.2359550561798,0.0,18,18,0,0,18,18,1708,0,0,0,0,0
2020-10-23,US,Oregon,Tillamook,70,0,0,45.46248721,-123.712066,41057.0,258.9140405385412,0.0,70,70,0,0,70,70,26787,0,0,0,0,0
2020-10-23,US,Oregon,Umatilla,3328,44,0,45.59073056,-118.7353826,41059.0,4269.40346375882,1.3221153846153846,3284,3295,43,0,3252,3295,77516,33,1,0,32,0
2020-10-23,US,Oregon,Union,465,2,0,45.30915495,-118.0068979,41061.0,1732.811626607043,0.4301075268817205,463,458,2,0,456,458,26461,7,0,0,7,0
2020-10-23,US,Oregon,Wallowa,40,2,0,45.57894064,-117.18353799999998,41063.0,554.9389567147614,5.0,38,40,2,0,38,40,7081,0,0,0,0,0
2020-10-23,US,Oregon,Wasco,347,15,0,45.16292781,-121.16709540000001,41065.0,1300.5022112285435,4.322766570605188,332,335,15,0,320,335,26505,12,0,0,12,0
2020-10-23,US,Oregon,Washington,5612,74,0,45.55972701,-123.0955257,41067.0,932.8581497094376,1.3186029935851746,5538,5469,73,0,5396,5469,597695,143,1,0,142,0
2020-10-23,US,Oregon,Wheeler,1,0,0,44.72698162,-120.02814270000002,41069.0,75.07507507507508,0.0,1,1,0,0,1,1,1366,0,0,0,0,0
2020-10-23,US,Oregon,Yamhill,983,15,0,45.23330449,-123.3086963,41071.0,917.8338001867412,1.5259409969481181,968,956,15,0,941,956,107002,27,0,0,27,0
2020-10-23,US,Pennsylvania,Adams,1062,27,0,39.87140411,-77.21610347,42001.0,1030.9778757195973,2.5423728813559316,1035,1044,27,0,1017,1035,102811,18,0,0,18,9
2020-10-23,US,Pennsylvania,Allegheny,14687,403,0,40.46809875,-79.98167747,42003.0,1207.7678046453873,2.7439231973854428,14284,14529,399,0,14130,14396,1218452,158,4,0,154,133
2020-10-23,US,Pennsylvania,Armstrong,622,20,0,40.81665618,-79.46290811,42005.0,960.8403491156253,3.2154340836012865,602,602,20,0,582,590,65263,20,0,0,20,12
2020-10-23,US,Pennsylvania,Beaver,2214,139,0,40.6825484,-80.34921611,42007.0,1350.5847043537142,6.278229448961157,2075,2207,139,0,2068,2164,164742,7,0,0,7,43
2020-10-23,US,Pennsylvania,Bedford,369,6,0,40.00522157,-78.48998442,42009.0,770.5479452054794,1.6260162601626016,363,359,6,0,353,348,48176,10,0,0,10,11
2020-10-23,US,Pennsylvania,Berks,8698,418,0,40.41570541,-75.92457766,42011.0,2065.2287469964194,4.805702460335709,8280,8632,418,0,8214,8533,420152,66,0,0,66,99
2020-10-23,US,Pennsylvania,Blair,1116,27,0,40.47961444,-78.34917412,42013.0,916.0380533370544,2.419354838709677,1089,1100,27,0,1073,1077,122492,16,0,0,16,23
2020-10-23,US,Pennsylvania,Bradford,613,9,0,41.78869215,-76.51570822,42015.0,1016.1961440909768,1.4681892332789561,604,564,9,0,555,530,60833,49,0,0,49,34
2020-10-23,US,Pennsylvania,Bucks,9848,624,0,40.33682119,-75.10836643,42017.0,1567.4789501329044,6.336311941510965,9224,9764,623,0,9141,9709,628195,84,1,0,83,55
2020-10-23,US,Pennsylvania,Butler,1555,27,0,40.91152759,-79.91351055,42019.0,827.7749091044592,1.7363344051446945,1528,1504,27,0,1477,1463,187888,51,0,0,51,41
2020-10-23,US,Pennsylvania,Cambria,986,7,0,40.49527404,-78.71377428,42021.0,757.3430011060589,0.7099391480730223,979,936,7,0,929,918,131730,50,0,0,50,18
2020-10-23,US,Pennsylvania,Cameron,8,0,0,41.43625568,-78.20376845,42023.0,179.89655947830002,0.0,8,8,0,0,8,8,4492,0,0,0,0,0
2020-10-23,US,Pennsylvania,Carbon,561,29,0,40.91545395,-75.7068525,42025.0,874.0768439749463,5.16934046345811,532,558,29,0,529,550,64227,3,0,0,3,8
2020-10-23,US,Pennsylvania,Centre,3908,16,0,40.92058903,-77.82200624,42027.0,2406.626227791976,0.4094165813715456,3892,3849,15,0,3834,3778,162805,59,1,0,58,71
2020-10-23,US,Pennsylvania,Chester,7833,378,0,39.97291773,-75.74768357,42029.0,1492.0312616073859,4.825737265415548,7455,7775,376,0,7399,7730,522046,58,2,0,56,45
2020-10-23,US,Pennsylvania,Clarion,200,3,0,41.19265812,-79.42413524,42031.0,520.3184348821479,1.5,197,197,3,0,194,188,38779,3,0,0,3,9
2020-10-23,US,Pennsylvania,Clearfield,427,7,0,41.00110782,-78.47592663,42033.0,538.7672702037727,1.639344262295082,420,423,7,0,416,407,79388,4,0,0,4,16
2020-10-23,US,Pennsylvania,Clinton,249,6,0,41.23255967,-77.63785995,42035.0,644.5433837233381,2.409638554216868,243,247,6,0,241,245,38684,2,0,0,2,2
2020-10-23,US,Pennsylvania,Columbia,1041,41,0,41.04821986,-76.40565017,42037.0,1602.4259589926728,3.93852065321806,1000,1037,41,0,996,1029,65456,4,0,0,4,8
2020-10-23,US,Pennsylvania,Crawford,438,3,0,41.68447709,-80.10760592,42039.0,517.553084640017,0.6849315068493149,435,431,3,0,428,417,85063,7,0,0,7,14
2020-10-23,US,Pennsylvania,Cumberland,2391,78,0,40.1625372,-77.26130755,42041.0,943.6792043256897,3.2622333751568378,2313,2385,78,0,2307,2361,251423,6,0,0,6,24
2020-10-23,US,Pennsylvania,Dauphin,4556,192,0,40.41377078,-76.77993242,42043.0,1637.0881677620114,4.214223002633889,4364,4522,192,0,4330,4486,277097,34,0,0,34,36
2020-10-23,US,Pennsylvania,Delaware,12972,767,0,39.91680171,-75.40243663,42045.0,2288.8519921587585,5.912735121800803,12205,12865,767,0,12098,12756,564751,107,0,0,107,109
2020-10-23,US,Pennsylvania,Elk,143,2,0,41.42822061,-78.64524744,42047.0,478.1009695753928,1.3986013986013983,141,134,2,0,132,127,30169,9,0,0,9,7
2020-10-23,US,Pennsylvania,Erie,1962,40,0,41.99253829,-80.03301954,42049.0,727.3994542650372,2.038735983690112,1922,1926,40,0,1886,1912,272061,36,0,0,36,14
2020-10-23,US,Pennsylvania,Fayette,974,14,0,39.92041012,-79.64291195,42051.0,753.4384330955954,1.4373716632443532,960,957,13,0,944,945,130441,17,1,0,16,12
2020-10-23,US,Pennsylvania,Forest,18,1,0,41.51095103,-79.23229292,42053.0,248.3786394370084,5.5555555555555545,17,18,1,0,17,18,7279,0,0,0,0,0
2020-10-23,US,Pennsylvania,Franklin,2081,54,0,39.92956518,-77.72157791,42055.0,1342.3468170060698,2.5949062950504564,2027,2047,54,0,1993,2031,154835,34,0,0,34,16
2020-10-23,US,Pennsylvania,Fulton,64,3,0,39.92913544,-78.11163677,42057.0,440.46799724707495,4.6875,61,65,3,0,62,64,14523,-1,0,0,-1,1
2020-10-23,US,Pennsylvania,Greene,220,1,0,39.85746531,-80.22357106,42059.0,607.1812988159965,0.4545454545454545,219,219,1,0,218,217,36506,1,0,0,1,2
2020-10-23,US,Pennsylvania,Huntingdon,835,14,0,40.42162652,-77.97673273,42061.0,1849.6367180577704,1.6766467065868262,821,808,11,0,797,768,45168,27,3,0,24,40
2020-10-23,US,Pennsylvania,Indiana,1028,16,0,40.65241041,-79.08963285,42063.0,1222.7468985286596,1.5564202334630348,1012,994,16,0,978,973,84501,34,0,0,34,21
2020-10-23,US,Pennsylvania,Jefferson,158,4,0,41.12913106,-78.9986361,42065.0,363.8457109959701,2.5316455696202533,154,152,4,0,148,148,43641,6,0,0,6,4
2020-10-23,US,Pennsylvania,Juniata,223,8,0,40.53358749,-77.39975129999998,42067.0,900.5370916286395,3.5874439461883414,215,221,8,0,213,215,24704,2,0,0,2,6
2020-10-23,US,Pennsylvania,Lackawanna,3536,218,0,41.43564672,-75.60379201,42069.0,1686.4275017407974,6.165158371040723,3318,3454,218,0,3236,3400,210793,82,0,0,82,54
2020-10-23,US,Pennsylvania,Lancaster,9205,472,0,40.03904563,-76.24770128,42071.0,1686.7500787944089,5.1276480173818575,8733,9121,472,0,8649,9068,543557,84,0,0,84,53
2020-10-23,US,Pennsylvania,Lawrence,800,31,0,40.99206278,-80.33393706,42073.0,935.5412105903264,3.875,769,777,29,0,748,753,86184,23,2,0,21,24
2020-10-23,US,Pennsylvania,Lebanon,2760,66,0,40.36680311,-76.45651841,42075.0,1946.4994745861927,2.391304347826087,2694,2725,66,0,2659,2671,141314,35,0,0,35,54
2020-10-23,US,Pennsylvania,Lehigh,6318,364,0,40.6154815,-75.59435245,42077.0,1710.7208422010299,5.761316872427983,5954,6262,363,0,5899,6201,368100,56,1,0,55,61
2020-10-23,US,Pennsylvania,Luzerne,5011,193,0,41.17823008,-75.98447579,42079.0,1578.680410942073,3.851526641388944,4818,4936,191,0,4745,4824,317646,75,2,0,73,112
2020-10-23,US,Pennsylvania,Lycoming,914,31,0,41.34310539,-77.06629984,42081.0,806.7149754190242,3.3916849015317285,883,910,31,0,879,902,113664,4,0,0,4,8
2020-10-23,US,Pennsylvania,McKean,112,2,0,41.80938602,-78.56478358,42083.0,275.6923076923077,1.7857142857142858,110,105,2,0,103,102,40968,7,0,0,7,3
2020-10-23,US,Pennsylvania,Mercer,969,25,0,41.30248872,-80.25816981,42085.0,885.5461324755081,2.5799793601651193,944,948,25,0,923,929,110683,21,0,0,21,19
2020-10-23,US,Pennsylvania,Mifflin,349,3,0,40.61116939,-77.61070738,42087.0,756.4263730547486,0.8595988538681948,346,343,3,0,340,331,46222,6,0,0,6,12
2020-10-23,US,Pennsylvania,Monroe,1968,135,0,41.05934058,-75.34031025,42089.0,1155.8045703613652,6.859756097560974,1833,1961,134,0,1827,1944,169507,7,1,0,6,17
2020-10-23,US,Pennsylvania,Montgomery,13428,893,0,40.21053671,-75.36652296,42091.0,1616.0497764512616,6.6502829907655645,12535,13346,893,0,12453,13270,828604,82,0,0,82,76
2020-10-23,US,Pennsylvania,Montour,291,9,0,41.03023987,-76.66345939,42093.0,1596.2698848052662,3.0927835051546397,282,281,9,0,272,280,18240,10,0,0,10,1
2020-10-23,US,Pennsylvania,Northampton,5184,311,0,40.75182733,-75.30471829,42095.0,1698.0853956139347,5.999228395061729,4873,5155,310,0,4845,5108,304807,29,1,0,28,47
2020-10-23,US,Pennsylvania,Northumberland,1420,107,0,40.84785433,-76.70798222,42097.0,1563.1364001629183,7.535211267605634,1313,1387,106,0,1281,1359,91083,33,1,0,32,28
2020-10-23,US,Pennsylvania,Perry,347,6,0,40.40206612,-77.26297447,42099.0,749.9135546334717,1.7291066282420748,341,339,6,0,333,336,46139,8,0,0,8,3
2020-10-23,US,Pennsylvania,Philadelphia,41972,1853,0,40.00338507,-75.1379271,42101.0,2649.6404185689466,4.414847993900696,40119,41561,1852,0,39709,41323,1584138,411,1,0,410,238
2020-10-23,US,Pennsylvania,Pike,614,23,0,41.33155042,-75.03208106,42103.0,1100.1809743948108,3.745928338762215,591,614,23,0,591,613,55933,0,0,0,0,1
2020-10-23,US,Pennsylvania,Potter,43,1,0,41.74471626,-77.89559864,42105.0,260.1960547016822,2.3255813953488373,42,43,1,0,42,43,16622,0,0,0,0,0
2020-10-23,US,Pennsylvania,Schuylkill,1769,84,0,40.70497338,-76.2150785,42107.0,1251.4236801335605,4.748445449406445,1685,1732,78,0,1654,1682,142067,37,6,0,31,50
2020-10-23,US,Pennsylvania,Snyder,465,17,0,40.77129231,-77.06840691,42109.0,1151.7883681759633,3.655913978494624,448,459,16,0,443,456,40540,6,1,0,5,3
2020-10-23,US,Pennsylvania,Somerset,355,3,0,39.97172723,-79.02699593,42111.0,483.3417294103231,0.8450704225352113,352,344,3,0,341,334,73952,11,0,0,11,10
2020-10-23,US,Pennsylvania,Sullivan,17,1,0,41.44634738,-76.51246591,42113.0,280.25057698648203,5.882352941176472,16,17,1,0,16,16,6071,0,0,0,0,1
2020-10-23,US,Pennsylvania,Susquehanna,390,28,0,41.82147784,-75.80071959,42115.0,967.0700257885339,7.17948717948718,362,382,28,0,354,381,40589,8,0,0,8,1
2020-10-23,US,Pennsylvania,Tioga,173,3,0,41.77255149,-77.25433032,42117.0,426.20285284915377,1.7341040462427746,170,163,3,0,160,159,40763,10,0,0,10,4
2020-10-23,US,Pennsylvania,Union,672,10,0,40.96188846,-77.05996014,42119.0,1495.8929724194736,1.488095238095238,662,659,8,0,651,647,44785,13,2,0,11,12
2020-10-23,US,Pennsylvania,Venango,203,1,0,41.40323442,-79.75845449,42121.0,400.6473513854898,0.4926108374384237,202,192,1,0,191,187,51266,11,0,0,11,5
2020-10-23,US,Pennsylvania,Warren,62,1,0,41.81304978,-79.26969577,42123.0,158.19958663978974,1.6129032258064515,61,62,1,0,61,60,39498,0,0,0,0,2
2020-10-23,US,Pennsylvania,Washington,1818,34,0,40.19208869,-80.24582867,42125.0,878.8340221883838,1.87018701870187,1784,1754,34,0,1720,1718,207346,64,0,0,64,36
2020-10-23,US,Pennsylvania,Wayne,283,12,0,41.64938475,-75.29956506,42127.0,551.0017328323047,4.2402826855123665,271,282,12,0,270,281,51276,1,0,0,1,1
2020-10-23,US,Pennsylvania,Westmoreland,3900,80,0,40.31377979999999,-79.46615476,42129.0,1117.8020000057322,2.051282051282051,3820,3836,78,0,3758,3703,350611,64,2,0,62,133
2020-10-23,US,Pennsylvania,Wyoming,110,8,0,41.51955538,-76.01074915,42131.0,410.5396730611331,7.272727272727272,102,107,8,0,99,103,27046,3,0,0,3,4
2020-10-23,US,Pennsylvania,York,6137,199,0,39.9210089,-76.73040131,42133.0,1366.6386079303786,3.242626690565422,5938,6065,197,0,5868,6013,448273,72,2,0,70,52
2020-10-23,US,Puerto Rico,Adjuntas,177,0,0,18.180117000000006,-66.754367,72001.0,908.4843196632962,0.0,177,174,0,0,174,170,,3,0,0,3,4
2020-10-23,US,Puerto Rico,Aguada,415,0,0,18.360255,-67.17513100000001,72003.0,989.0607497795468,0.0,415,404,0,0,404,400,,11,0,0,11,4
2020-10-23,US,Puerto Rico,Aguadilla,540,0,0,18.459681,-67.12081500000001,72005.0,885.9866445716908,0.0,540,532,0,0,532,528,,8,0,0,8,4
2020-10-23,US,Puerto Rico,Aguas Buenas,359,0,0,18.251619,-66.126806,72007.0,1252.6605952754805,0.0,359,350,0,0,350,349,,9,0,0,9,1
2020-10-23,US,Puerto Rico,Aibonito,203,0,0,18.131361,-66.264131,72009.0,783.7837837837837,0.0,203,195,0,0,195,194,,8,0,0,8,1
2020-10-23,US,Puerto Rico,Anasco,257,0,0,18.287985,-67.120611,72011.0,878.3021769590922,0.0,257,244,0,0,244,243,,13,0,0,13,1
2020-10-23,US,Puerto Rico,Arecibo,1043,0,0,18.406631,-66.675077,72013.0,1081.501451679801,0.0,1043,1004,0,0,1004,998,,39,0,0,39,6
2020-10-23,US,Puerto Rico,Arroyo,195,0,0,17.998457000000005,-66.056546,72015.0,996.1685823754789,0.0,195,193,0,0,193,193,,2,0,0,2,0
2020-10-23,US,Puerto Rico,Barceloneta,306,0,0,18.445532999999998,-66.56053100000001,72017.0,1233.0754352030947,0.0,306,301,0,0,301,301,,5,0,0,5,0
2020-10-23,US,Puerto Rico,Barranquitas,581,0,0,18.201592,-66.30963,72019.0,1916.3533214591992,0.0,581,546,0,0,546,548,,35,0,0,35,-2
2020-10-23,US,Puerto Rico,Bayamon,4693,0,0,18.34946,-66.168435,72021.0,2254.992408080109,0.0,4693,4549,0,0,4549,4538,,144,0,0,144,11
2020-10-23,US,Puerto Rico,Cabo Rojo,490,0,0,18.040993,-67.154391,72023.0,962.3504919771393,0.0,490,486,0,0,486,485,,4,0,0,4,1
2020-10-23,US,Puerto Rico,Caguas,2095,0,0,18.211615,-66.050779,72025.0,1466.1320008677826,0.0,2095,2013,0,0,2013,2008,,82,0,0,82,5
2020-10-23,US,Puerto Rico,Camuy,359,0,0,18.418578,-66.860206,72027.0,1021.0756847464377,0.0,359,346,0,0,346,344,,13,0,0,13,2
2020-10-23,US,Puerto Rico,Canovanas,883,0,0,18.328802,-65.887612,72029.0,1853.173270651444,0.0,883,856,0,0,856,850,,27,0,0,27,6
2020-10-23,US,Puerto Rico,Carolina,3834,0,0,18.374986,-65.95683100000001,72031.0,2169.0182278996617,0.0,3834,3693,0,0,3693,3692,,141,0,0,141,1
2020-10-23,US,Puerto Rico,Catano,587,0,0,18.437269,-66.14330600000001,72033.0,2085.998578535892,0.0,587,566,0,0,566,565,,21,0,0,21,1
2020-10-23,US,Puerto Rico,Cayey,484,0,0,18.102851,-66.14914,72035.0,1005.8396891040961,0.0,484,461,0,0,461,452,,23,0,0,23,9
2020-10-23,US,Puerto Rico,Ceiba,182,0,0,18.251818,-65.666416,72037.0,1335.191842124569,0.0,182,180,0,0,180,176,,2,0,0,2,4
2020-10-23,US,Puerto Rico,Ciales,323,0,0,18.28885,-66.516475,72039.0,1719.7316579703972,0.0,323,320,0,0,320,320,,3,0,0,3,0
2020-10-23,US,Puerto Rico,Cidra,405,0,0,18.173559,-66.161179,72041.0,931.4627414903405,0.0,405,393,0,0,393,389,,12,0,0,12,4
2020-10-23,US,Puerto Rico,Coamo,383,0,0,18.097597,-66.36014,72043.0,945.3988941548184,0.0,383,363,0,0,363,360,,20,0,0,20,3
2020-10-23,US,Puerto Rico,Comerio,275,0,0,18.224687,-66.221622,72045.0,1323.515256521321,0.0,275,273,0,0,273,273,,2,0,0,2,0
2020-10-23,US,Puerto Rico,Corozal,843,0,0,18.304264,-66.327738,72047.0,2269.667761563729,0.0,843,815,0,0,815,810,,28,0,0,28,5
2020-10-23,US,Puerto Rico,Culebra,22,0,0,18.31586,-65.28813000000001,72049.0,1210.1210121012102,0.0,22,22,0,0,22,22,,0,0,0,0,0
2020-10-23,US,Puerto Rico,Dorado,1041,0,0,18.436115,-66.278669,72051.0,2727.6300275121184,0.0,1041,997,0,0,997,989,,44,0,0,44,8
2020-10-23,US,Puerto Rico,Fajardo,707,0,0,18.318373,-65.666866,72053.0,1911.1723839645333,0.0,707,689,0,0,689,682,,18,0,0,18,7
2020-10-23,US,Puerto Rico,Florida,372,0,0,18.373715,-66.560488,72054.0,2933.753943217665,0.0,372,370,0,0,370,370,,2,0,0,2,0
2020-10-23,US,Puerto Rico,Guanica,145,0,0,17.982429,-66.91964300000001,72055.0,746.3838986976888,0.0,145,143,0,0,143,141,,2,0,0,2,2
2020-10-23,US,Puerto Rico,Guayama,367,0,0,18.007516,-66.13390799999999,72057.0,809.0472201402057,0.0,367,360,0,0,360,359,,7,0,0,7,1
2020-10-23,US,Puerto Rico,Guayanilla,240,0,0,18.039942,-66.79186,72059.0,1112.0893378434737,0.0,240,233,0,0,233,233,,7,0,0,7,0
2020-10-23,US,Puerto Rico,Guaynabo,2183,0,0,18.345114000000002,-66.11452299999999,72061.0,2229.279849679343,0.0,2183,2105,0,0,2105,2101,,78,0,0,78,4
2020-10-23,US,Puerto Rico,Gurabo,728,0,0,18.266461,-65.97970500000001,72063.0,1604.6198946417153,0.0,728,689,0,0,689,687,,39,0,0,39,2
2020-10-23,US,Puerto Rico,Hatillo,404,0,0,18.410928,-66.79632600000001,72065.0,962.9823850499366,0.0,404,393,0,0,393,394,,11,0,0,11,-1
2020-10-23,US,Puerto Rico,Hormigueros,207,0,0,18.134532,-67.113972,72067.0,1200.0,0.0,207,201,0,0,201,201,,6,0,0,6,0
2020-10-23,US,Puerto Rico,Humacao,748,0,0,18.145211,-65.810174,72069.0,1279.3760476174184,0.0,748,722,0,0,722,720,,26,0,0,26,2
2020-10-23,US,Puerto Rico,Isabela,353,0,0,18.44981,-67.005093,72071.0,773.5968968464421,0.0,353,346,0,0,346,346,,7,0,0,7,0
2020-10-23,US,Puerto Rico,Jayuya,277,0,0,18.211446,-66.58878,72073.0,1664.4634058406439,0.0,277,276,0,0,276,277,,1,0,0,1,-1
2020-10-23,US,Puerto Rico,Juana Diaz,429,0,0,18.050764,-66.49458100000001,72075.0,536.9413119391216,0.0,429,421,0,0,421,421,,8,0,0,8,0
2020-10-23,US,Puerto Rico,Juncos,562,0,0,18.223793,-65.909109,72077.0,1394.8870687515512,0.0,562,540,0,0,540,535,,22,0,0,22,5
2020-10-23,US,Puerto Rico,Lajas,204,0,0,18.011661,-67.040585,72079.0,792.1407214693434,0.0,204,200,0,0,200,198,,4,0,0,4,2
2020-10-23,US,Puerto Rico,Lares,416,0,0,18.269035000000002,-66.867236,72081.0,1352.7135564010014,0.0,416,404,0,0,404,404,,12,0,0,12,0
2020-10-23,US,Puerto Rico,Las Marias,121,0,0,18.23679,-66.98362,72083.0,1224.5724116992208,0.0,121,118,0,0,118,118,,3,0,0,3,0
2020-10-23,US,Puerto Rico,Las Piedras,652,0,0,18.187527,-65.86946800000001,72085.0,1685.8435681965093,0.0,652,620,0,0,620,612,,32,0,0,32,8
2020-10-23,US,Puerto Rico,Loiza,357,0,0,18.425688,-65.89943000000001,72087.0,1187.6247504990022,0.0,357,347,0,0,347,346,,10,0,0,10,1
2020-10-23,US,Puerto Rico,Luquillo,313,0,0,18.342114000000002,-65.72509699999999,72089.0,1559.6970300976682,0.0,313,310,0,0,310,309,,3,0,0,3,1
2020-10-23,US,Puerto Rico,Manati,704,0,0,18.420473,-66.490461,72091.0,1595.901434951148,0.0,704,695,0,0,695,696,,9,0,0,9,-1
2020-10-23,US,Puerto Rico,Maricao,91,0,0,18.171795,-66.942126,72093.0,1449.9681325685144,0.0,91,91,0,0,91,92,,0,0,0,0,-1
2020-10-23,US,Puerto Rico,Maunabo,173,0,0,18.017889,-65.922235,72095.0,1415.1329243353782,0.0,173,166,0,0,166,168,,7,0,0,7,-2
2020-10-23,US,Puerto Rico,Mayaguez,980,0,0,18.2013,-67.1452,72097.0,1100.134710372699,0.0,980,970,0,0,970,963,,10,0,0,10,7
2020-10-23,US,Puerto Rico,Moca,425,0,0,18.377805,-67.080952,72099.0,1059.6125557854846,0.0,425,416,0,0,416,416,,9,0,0,9,0
2020-10-23,US,Puerto Rico,Morovis,596,0,0,18.316963,-66.420383,72101.0,1827.660226924257,0.0,596,587,0,0,587,587,,9,0,0,9,0
2020-10-23,US,Puerto Rico,Naguabo,361,0,0,18.230636999999998,-65.753897,72103.0,1351.047904191617,0.0,361,350,0,0,350,352,,11,0,0,11,-2
2020-10-23,US,Puerto Rico,Naranjito,800,0,0,18.288019,-66.252703,72105.0,2631.405828563911,0.0,800,777,0,0,777,776,,23,0,0,23,1
2020-10-23,US,Puerto Rico,Orocovis,411,0,0,18.215046,-66.433604,72107.0,1754.6855654698372,0.0,411,402,0,0,402,402,,9,0,0,9,0
2020-10-23,US,Puerto Rico,Out of PR,804,0,0,0.0,0.0,72888.0,0.0,0.0,804,804,0,0,804,804,,0,0,0,0,0
2020-10-23,US,Puerto Rico,Patillas,195,0,0,18.03174,-66.012242,72109.0,1011.5681900710692,0.0,195,193,0,0,193,192,,2,0,0,2,1
2020-10-23,US,Puerto Rico,Penuelas,149,0,0,18.059645,-66.721572,72111.0,613.6232600280042,0.0,149,147,0,0,147,146,,2,0,0,2,1
2020-10-23,US,Puerto Rico,Ponce,1191,0,0,18.059498,-66.613748,72113.0,716.0593289123233,0.0,1191,1171,0,0,1171,1161,,20,0,0,20,10
2020-10-23,US,Puerto Rico,Quebradillas,254,0,0,18.439692,-66.926113,72115.0,979.976079324048,0.0,254,242,0,0,242,242,,12,0,0,12,0
2020-10-23,US,Puerto Rico,Rincon,233,0,0,18.335442999999998,-67.23174,72117.0,1532.8947368421052,0.0,233,232,0,0,232,231,,1,0,0,1,1
2020-10-23,US,Puerto Rico,Rio Grande,802,0,0,18.346329,-65.813742,72119.0,1476.8709487330584,0.0,802,780,0,0,780,771,,22,0,0,22,9
2020-10-23,US,Puerto Rico,Sabana Grande,232,0,0,18.08282,-66.943758,72121.0,918.2663764100536,0.0,232,230,0,0,230,228,,2,0,0,2,2
2020-10-23,US,Puerto Rico,Salinas,526,0,0,18.010386999999994,-66.256592,72123.0,1692.5156058948453,0.0,526,519,0,0,519,516,,7,0,0,7,3
2020-10-23,US,Puerto Rico,San German,302,0,0,18.111484,-67.03858100000001,72125.0,850.0577025923945,0.0,302,297,0,0,297,295,,5,0,0,5,2
2020-10-23,US,Puerto Rico,San Juan,9819,0,0,18.386933,-66.061128,72127.0,2483.772886174955,0.0,9819,9517,0,0,9517,9481,,302,0,0,302,36
2020-10-23,US,Puerto Rico,San Lorenzo,696,0,0,18.147987,-65.976392,72129.0,1695.162940230893,0.0,696,667,0,0,667,668,,29,0,0,29,-1
2020-10-23,US,Puerto Rico,San Sebastian,683,0,0,18.328646,-66.971214,72131.0,1609.7101107706812,0.0,683,620,0,0,620,621,,63,0,0,63,-1
2020-10-23,US,Puerto Rico,Santa Isabel,221,0,0,17.994525,-66.388913,72133.0,949.5574460771677,0.0,221,216,0,0,216,215,,5,0,0,5,1
2020-10-23,US,Puerto Rico,Toa Alta,1646,0,0,18.362406,-66.246616,72135.0,2222.342235303648,0.0,1646,1595,0,0,1595,1585,,51,0,0,51,10
2020-10-23,US,Puerto Rico,Toa Baja,1859,0,0,18.431445999999998,-66.213553,72137.0,2074.5684027274046,0.0,1859,1799,0,0,1799,1799,,60,0,0,60,0
2020-10-23,US,Puerto Rico,Trujillo Alto,1445,0,0,18.336159,-65.99888399999999,72139.0,1930.7340797947681,0.0,1445,1373,0,0,1373,1368,,72,0,0,72,5
2020-10-23,US,Puerto Rico,Unassigned,1030,791,0,0.0,0.0,72999.0,0.0,76.79611650485437,239,917,783,0,134,917,,113,8,0,105,0
2020-10-23,US,Puerto Rico,Utuado,224,0,0,18.271214,-66.702984,72141.0,675.7368246402608,0.0,224,198,0,0,198,196,,26,0,0,26,2
2020-10-23,US,Puerto Rico,Vega Alta,937,0,0,18.409346,-66.33725,72143.0,2345.373082025481,0.0,937,917,0,0,917,913,,20,0,0,20,4
2020-10-23,US,Puerto Rico,Vega Baja,1156,0,0,18.428262,-66.397924,72145.0,1937.5817103013644,0.0,1156,1136,0,0,1136,1131,,20,0,0,20,5
2020-10-23,US,Puerto Rico,Vieques,104,0,0,18.123276,-65.44097099999999,72147.0,1118.159337705623,0.0,104,102,0,0,102,102,,2,0,0,2,0
2020-10-23,US,Puerto Rico,Villalba,200,0,0,18.127951,-66.473115,72149.0,767.0770528899627,0.0,200,191,0,0,191,191,,9,0,0,9,0
2020-10-23,US,Puerto Rico,Yabucoa,462,0,0,18.070399,-65.896289,72151.0,1217.6800822329405,0.0,462,449,0,0,449,449,,13,0,0,13,0
2020-10-23,US,Puerto Rico,Yauco,513,0,0,18.080374,-66.858814,72153.0,1220.1793401993198,0.0,513,508,0,0,508,505,,5,0,0,5,3
2020-10-23,US,Rhode Island,Bristol,498,18,0,41.71018079,-71.28652315,44001.0,1027.2489118999981,3.614457831325301,480,498,18,0,480,498,48649,0,0,0,0,0
2020-10-23,US,Rhode Island,Kent,2287,117,0,41.67106337,-71.57641596,44003.0,1392.033696102062,5.115872321818976,2170,2287,117,0,2170,2287,163861,0,0,0,0,0
2020-10-23,US,Rhode Island,Newport,631,10,0,41.5642026,-71.26569799,44005.0,768.7434516702809,1.584786053882726,621,631,10,0,621,631,82542,0,0,0,0,0
2020-10-23,US,Rhode Island,Providence,21543,930,0,41.87064746,-71.57753536,44007.0,3371.72558539185,4.3169475003481415,20613,21543,930,0,20613,21543,636084,0,0,0,0,0
2020-10-23,US,Rhode Island,Unassigned,3924,25,0,0.0,0.0,90044.0,0.0,0.6371049949031601,3899,3400,21,0,3379,2929,,524,4,0,520,471
2020-10-23,US,Rhode Island,Washington,1235,77,0,41.45961631,-71.61435303,44009.0,983.4603470380723,6.234817813765183,1158,1235,77,0,1158,1235,126179,0,0,0,0,0
2020-10-23,US,South Carolina,Abbeville,733,15,0,34.22333378,-82.46170658,45001.0,2988.543238064174,2.046384720327421,718,723,15,0,708,718,24541,10,0,0,10,5
2020-10-23,US,South Carolina,Aiken,4890,86,0,33.54338026,-81.63645384,45003.0,2861.7912823634065,1.7586912065439673,4804,4864,86,0,4778,4830,169401,26,0,0,26,34
2020-10-23,US,South Carolina,Allendale,425,6,0,32.98837386,-81.35321066,45005.0,4891.804788213628,1.4117647058823528,419,427,6,0,421,428,8903,-2,0,0,-2,-1
2020-10-23,US,South Carolina,Anderson,5438,201,0,34.51828081,-82.63959517,45007.0,2684.6631582065384,3.6962118425891872,5237,5382,200,0,5182,5329,200482,56,1,0,55,53
2020-10-23,US,South Carolina,Bamberg,685,35,0,33.21927586,-81.05659969,45009.0,4869.8990473482145,5.109489051094892,650,682,35,0,647,678,14275,3,0,0,3,4
2020-10-23,US,South Carolina,Barnwell,859,25,0,33.26679302,-81.43584352,45011.0,4116.744943927921,2.910360884749709,834,858,25,0,833,861,21112,1,0,0,1,-3
2020-10-23,US,South Carolina,Beaufort,6059,91,0,32.39226291,-80.72619758,45013.0,3153.725237088933,1.5018980029707871,5968,6042,90,0,5952,6015,188715,17,1,0,16,27
2020-10-23,US,South Carolina,Berkeley,5996,93,0,33.20222596,-79.94654523,45015.0,2630.8976907247256,1.5510340226817878,5903,5946,93,0,5853,5906,221091,50,0,0,50,40
2020-10-23,US,South Carolina,Calhoun,506,17,0,33.66926881,-80.77722168,45017.0,3476.946334089191,3.3596837944664038,489,504,17,0,487,504,14520,2,0,0,2,0
2020-10-23,US,South Carolina,Charleston,16912,274,0,32.82487866,-79.96512315,45019.0,4110.781077573006,1.6201513718070009,16638,16859,273,0,16586,16770,405905,53,1,0,52,89
2020-10-23,US,South Carolina,Cherokee,1433,52,0,35.05122251,-81.61828622,45021.0,2500.87260034904,3.6287508722958832,1381,1418,52,0,1366,1398,57078,15,0,0,15,20
2020-10-23,US,South Carolina,Chester,1198,27,0,34.69249168,-81.1583216,45023.0,3715.4199230864656,2.2537562604340566,1171,1190,27,0,1163,1184,32251,8,0,0,8,6
2020-10-23,US,South Carolina,Chesterfield,1455,42,0,34.64137396,-80.15640140000002,45025.0,3187.294633077765,2.88659793814433,1413,1450,42,0,1408,1442,45754,5,0,0,5,8
2020-10-23,US,South Carolina,Clarendon,1154,68,0,33.66610974,-80.21647898,45027.0,3419.765891243147,5.8925476603119575,1086,1153,68,0,1085,1148,33700,1,0,0,1,5
2020-10-23,US,South Carolina,Colleton,1224,48,0,32.87582989,-80.67641292,45029.0,3248.6662950871882,3.92156862745098,1176,1215,47,0,1168,1212,37660,9,1,0,8,3
2020-10-23,US,South Carolina,Darlington,2417,65,0,34.33358335,-79.96027485,45031.0,3628.1485484403615,2.6892842366570133,2352,2402,65,0,2337,2391,66802,15,0,0,15,11
2020-10-23,US,South Carolina,Dillon,1276,48,0,34.39007791,-79.37741872,45033.0,4186.4890580399615,3.761755485893417,1228,1273,48,0,1225,1275,30599,3,0,0,3,-2
2020-10-23,US,South Carolina,Dorchester,4705,98,0,33.0794369,-80.40502652,45035.0,2889.8893795797526,2.082890541976621,4607,4685,98,0,4587,4655,160647,20,0,0,20,30
2020-10-23,US,South Carolina,Edgefield,897,21,0,33.77221995,-81.96231108,45037.0,3290.5355832721943,2.34113712374582,876,894,21,0,873,886,27052,3,0,0,3,8
2020-10-23,US,South Carolina,Fairfield,856,38,0,34.39287073,-81.1195624,45039.0,3830.491788606972,4.439252336448599,818,848,38,0,810,846,22402,8,0,0,8,2
2020-10-23,US,South Carolina,Florence,5474,200,0,34.02361754,-79.70189312,45041.0,3958.2625295568105,3.6536353671903545,5274,5461,199,0,5262,5427,138159,13,1,0,12,34
2020-10-23,US,South Carolina,Georgetown,2272,53,0,33.43443342,-79.33202141,45043.0,3624.760689215061,2.3327464788732395,2219,2257,50,0,2207,2238,62249,15,3,0,12,19
2020-10-23,US,South Carolina,Greenville,16938,337,0,34.89502264,-82.37295012,45045.0,3235.27052270878,1.9896091628291412,16601,16799,334,0,16465,16659,514213,139,3,0,136,140
2020-10-23,US,South Carolina,Greenwood,2489,74,0,34.15272415,-82.12715789,45047.0,3514.990608803717,2.97308155885898,2415,2479,74,0,2405,2470,70741,10,0,0,10,9
2020-10-23,US,South Carolina,Hampton,755,31,0,32.77419582,-81.13845571,45049.0,3927.791072729165,4.105960264900662,724,749,31,0,718,748,19351,6,0,0,6,1
2020-10-23,US,South Carolina,Horry,12177,223,0,33.9212828,-78.99555293,45051.0,3439.0436086658137,1.8313213435164652,11954,12136,223,0,11913,12047,344147,41,0,0,41,89
2020-10-23,US,South Carolina,Jasper,898,23,0,32.43171982,-81.02487495,45053.0,2986.0672363914478,2.5612472160356345,875,895,23,0,872,885,28971,3,0,0,3,10
2020-10-23,US,South Carolina,Kershaw,2413,44,0,34.33988254,-80.58763164,45055.0,3625.790746945951,1.8234562784915045,2369,2385,43,0,2342,2376,65592,28,1,0,27,9
2020-10-23,US,South Carolina,Lancaster,2486,61,0,34.68270843,-80.70513032,45057.0,2536.424111333306,2.4537409493161704,2425,2472,61,0,2411,2461,95380,14,0,0,14,11
2020-10-23,US,South Carolina,Laurens,1860,60,0,34.48244419,-82.00490796,45059.0,2755.8413465100084,3.2258064516129035,1800,1854,60,0,1794,1844,66994,6,0,0,6,10
2020-10-23,US,South Carolina,Lee,778,36,0,34.16393091,-80.25690731,45061.0,4623.246969336818,4.627249357326479,742,768,36,0,732,765,17142,10,0,0,10,3
2020-10-23,US,South Carolina,Lexington,8688,200,0,33.89665987,-81.27146426,45063.0,2908.117154811716,2.3020257826887662,8488,8610,198,0,8412,8571,295032,78,2,0,76,39
2020-10-23,US,South Carolina,Marion,1095,40,0,34.07859748,-79.36400756,45067.0,3571.778060475585,3.6529680365296797,1055,1088,39,0,1049,1079,31039,7,1,0,6,9
2020-10-23,US,South Carolina,Marlboro,1101,12,0,34.59905577,-79.67561152,45069.0,4215.48357454629,1.0899182561307903,1089,1093,12,0,1081,1073,26398,8,0,0,8,20
2020-10-23,US,South Carolina,McCormick,265,7,0,33.90161443,-82.30794338,45065.0,2800.3804290394173,2.641509433962264,258,265,7,0,258,264,9410,0,0,0,0,1
2020-10-23,US,South Carolina,Newberry,1588,43,0,34.28629098,-81.59935761,45071.0,4131.113423517169,2.7078085642317387,1545,1565,43,0,1522,1564,38520,23,0,0,23,1
2020-10-23,US,South Carolina,Oconee,2381,33,0,34.75225169,-83.06742317,45073.0,2993.2366178060493,1.3859722805543888,2348,2364,32,0,2332,2340,78374,17,1,0,16,24
2020-10-23,US,South Carolina,Orangeburg,3303,130,0,33.4391073,-80.79886287,45075.0,3832.89817232376,3.9358159249167417,3173,3296,130,0,3166,3289,86934,7,0,0,7,7
2020-10-23,US,South Carolina,Pickens,4146,59,0,34.88807695,-82.72791551,45077.0,3267.551464329624,1.4230583695127834,4087,4091,57,0,4034,4022,124937,55,2,0,53,69
2020-10-23,US,South Carolina,Richland,16924,265,0,34.01791263,-80.90267209,45079.0,4070.62745484764,1.5658236823445997,16659,16851,265,0,16586,16796,414576,73,0,0,73,55
2020-10-23,US,South Carolina,Saluda,714,22,0,34.00795823,-81.72713237,45081.0,3487.520148488253,3.0812324929971986,692,712,22,0,690,713,20544,2,0,0,2,-1
2020-10-23,US,South Carolina,Spartanburg,8602,219,0,34.92960077,-81.99225984,45083.0,2689.9322982628955,2.545919553592188,8383,8487,218,0,8269,8342,313888,115,1,0,114,145
2020-10-23,US,South Carolina,Sumter,3487,88,0,33.91826534,-80.37942316,45085.0,3267.398169057636,2.5236593059936907,3399,3450,88,0,3362,3432,106512,37,0,0,37,18
2020-10-23,US,South Carolina,Union,721,16,0,34.68835752,-81.61730349,45087.0,2639.478693805828,2.219140083217753,705,713,16,0,697,708,27410,8,0,0,8,5
2020-10-23,US,South Carolina,Williamsburg,1417,49,0,33.62190129,-79.72767442,45089.0,4666.095890410958,3.4580098800282286,1368,1415,48,0,1367,1411,30606,2,1,0,1,4
2020-10-23,US,South Carolina,York,6459,102,0,34.97281497,-81.18085944,45091.0,2298.748305033472,1.5791918253599628,6357,6415,100,0,6315,6357,274118,44,2,0,42,58
2020-10-23,US,South Dakota,Aurora,164,0,0,43.71757685,-98.56050467,46003.0,5961.468556888404,0.0,164,159,0,0,159,159,2801,5,0,0,5,0
2020-10-23,US,South Dakota,Beadle,1150,13,0,44.41464384,-98.27858469,46005.0,6232.048989324228,1.1304347826086956,1137,1121,13,0,1108,1094,18883,29,0,0,29,27
2020-10-23,US,South Dakota,Bennett,151,5,0,43.19486375,-101.6665572,46007.0,4487.369985141159,3.3112582781456954,146,143,5,0,138,136,3468,8,0,0,8,7
2020-10-23,US,South Dakota,Bon Homme,485,1,0,42.98914167,-97.88592746,46009.0,7027.966961309955,0.20618556701030927,484,354,1,0,353,332,6980,131,0,0,131,22
2020-10-23,US,South Dakota,Brookings,1307,4,0,44.36974375,-96.79079945,46011.0,3726.088319981755,0.306044376434583,1303,1258,4,0,1254,1242,35232,49,0,0,49,16
2020-10-23,US,South Dakota,Brown,1888,4,0,45.58994323,-98.35165355,46013.0,4861.093231030665,0.21186440677966098,1884,1854,4,0,1850,1823,39316,34,0,0,34,31
2020-10-23,US,South Dakota,Brule,251,2,0,43.71756379,-99.08118954,46015.0,4738.531244100434,0.796812749003984,249,243,2,0,241,228,5229,8,0,0,8,15
2020-10-23,US,South Dakota,Buffalo,220,4,0,44.07657829,-99.20814467,46017.0,11213.047910295616,1.818181818181818,216,218,4,0,214,213,2036,2,0,0,2,5
2020-10-23,US,South Dakota,Butte,274,3,0,44.90608745,-103.5079318,46019.0,2627.2892894812544,1.094890510948905,271,261,3,0,258,248,10222,13,0,0,13,13
2020-10-23,US,South Dakota,Campbell,72,0,0,45.77074915,-100.0510181,46021.0,5232.558139534884,0.0,72,71,0,0,71,72,1377,1,0,0,1,-1
2020-10-23,US,South Dakota,Charles Mix,350,0,0,43.20660134,-98.58856175,46023.0,3766.6810159276793,0.0,350,332,0,0,332,320,9338,18,0,0,18,12
2020-10-23,US,South Dakota,Clark,95,0,0,44.85834507,-97.72925109,46025.0,2542.8265524625267,0.0,95,88,0,0,88,81,3739,7,0,0,7,7
2020-10-23,US,South Dakota,Clay,751,8,0,42.91296147,-96.97656917,46027.0,5337.597725657427,1.0652463382157125,743,735,8,0,727,724,14041,16,0,0,16,11
2020-10-23,US,South Dakota,Codington,1362,10,0,44.97788119,-97.18827677,46029.0,4862.722696276197,0.7342143906020558,1352,1325,10,0,1315,1296,28015,37,0,0,37,29
2020-10-23,US,South Dakota,Corson,148,1,0,45.70889983,-101.1970473,46031.0,3622.1243269701417,0.6756756756756757,147,143,1,0,142,139,4165,5,0,0,5,4
2020-10-23,US,South Dakota,Custer,292,3,0,43.67741105,-103.45345209999999,46033.0,3254.5697726259473,1.0273972602739727,289,288,3,0,285,283,8726,4,0,0,4,5
2020-10-23,US,South Dakota,Davison,812,5,0,43.67490933,-98.14458906,46035.0,4106.194690265485,0.6157635467980296,807,770,5,0,765,753,19790,42,0,0,42,17
2020-10-23,US,South Dakota,Day,147,2,0,45.367281,-97.60737498,46037.0,2710.1769911504425,1.3605442176870748,145,145,2,0,143,141,5505,2,0,0,2,4
2020-10-23,US,South Dakota,Deuel,165,0,0,44.75994309,-96.66943645,46039.0,3792.231670880257,0.0,165,159,0,0,159,157,4337,6,0,0,6,2
2020-10-23,US,South Dakota,Dewey,291,0,0,45.15639647,-100.8709139,46041.0,4938.900203665989,0.0,291,277,0,0,277,276,5904,14,0,0,14,1
2020-10-23,US,South Dakota,Douglas,155,4,0,43.38520741,-98.36978007,46043.0,5306.40191715166,2.5806451612903225,151,154,4,0,150,151,2935,1,0,0,1,3
2020-10-23,US,South Dakota,Edmunds,132,1,0,45.41846445,-99.21545423,46045.0,3447.3752938103944,0.7575757575757576,131,127,1,0,126,126,3875,5,0,0,5,1
2020-10-23,US,South Dakota,Fall River,184,6,0,43.23929297,-103.5275691,46047.0,2740.9503947564426,3.260869565217391,178,178,6,0,172,173,6758,6,0,0,6,5
2020-10-23,US,South Dakota,Faulk,192,1,0,45.07082625,-99.14535601,46049.0,8351.457155284907,0.5208333333333334,191,189,1,0,188,182,2330,3,0,0,3,7
2020-10-23,US,South Dakota,Grant,280,2,0,45.1723937,-96.77002276,46051.0,3970.5048213272826,0.7142857142857143,278,278,2,0,276,273,7147,2,0,0,2,5
2020-10-23,US,South Dakota,Gregory,200,10,0,43.19419064,-99.18883902,46053.0,4778.972520908005,5.0,190,192,9,0,183,186,4212,8,1,0,7,6
2020-10-23,US,South Dakota,Haakon,75,1,0,44.29299053,-101.539099,46055.0,3949.4470774091633,1.3333333333333333,74,73,1,0,72,70,1918,2,0,0,2,3
2020-10-23,US,South Dakota,Hamlin,176,0,0,44.67385954,-97.18829593,46057.0,2855.288773523686,0.0,176,173,0,0,173,166,6111,3,0,0,3,7
2020-10-23,US,South Dakota,Hand,103,1,0,44.54708407,-99.00386459,46059.0,3227.828267000941,0.9708737864077671,102,95,1,0,94,93,3262,8,0,0,8,2
2020-10-23,US,South Dakota,Hanson,76,1,0,43.6746384,-97.78715148,46061.0,2200.9846510280913,1.3157894736842106,75,72,1,0,71,68,3376,4,0,0,4,4
2020-10-23,US,South Dakota,Harding,42,0,0,45.58015551,-103.4958629,46063.0,3235.7473035439148,0.0,42,39,0,0,39,38,1249,3,0,0,3,1
2020-10-23,US,South Dakota,Hughes,793,5,0,44.39091534,-99.99661148,46065.0,4524.706150861577,0.6305170239596469,788,766,5,0,761,750,17650,27,0,0,27,16
2020-10-23,US,South Dakota,Hutchinson,207,2,0,43.33449012,-97.75536441,46067.0,2839.116719242902,0.966183574879227,205,200,2,0,198,199,7380,7,0,0,7,1
2020-10-23,US,South Dakota,Hyde,37,0,0,44.54747703,-99.48572582,46069.0,2843.966179861645,0.0,37,37,0,0,37,35,1282,0,0,0,0,2
2020-10-23,US,South Dakota,Jackson,105,1,0,43.69318385,-101.6255063,46071.0,3139.952153110048,0.9523809523809524,104,100,1,0,99,94,3307,5,0,0,5,6
2020-10-23,US,South Dakota,Jerauld,154,7,0,44.06637798,-98.62965972,46073.0,7650.273224043716,4.545454545454546,147,154,6,0,148,154,2043,0,1,0,-1,0
2020-10-23,US,South Dakota,Jones,29,0,0,43.96278565,-100.6940008,46075.0,3211.517165005537,0.0,29,27,0,0,27,28,928,2,0,0,2,-1
2020-10-23,US,South Dakota,Kingsbury,158,2,0,44.36956169,-97.4913945,46077.0,3199.0281433488562,1.2658227848101269,156,151,2,0,149,149,4919,7,0,0,7,2
2020-10-23,US,South Dakota,Lake,335,8,0,44.02193107,-97.12926365,46079.0,2617.801047120419,2.388059701492537,327,320,8,0,312,314,13057,15,0,0,15,6
2020-10-23,US,South Dakota,Lawrence,772,6,0,44.35919441,-103.79294279999999,46081.0,2987.153691379044,0.7772020725388601,766,746,6,0,740,710,25741,26,0,0,26,36
2020-10-23,US,South Dakota,Lincoln,2437,17,0,43.27841182,-96.72039050000001,46083.0,3986.716398377176,0.6975789905621665,2420,2383,16,0,2367,2313,58807,54,1,0,53,70
2020-10-23,US,South Dakota,Lyman,231,5,0,43.89522709,-99.85201878,46085.0,6109.4948426342235,2.1645021645021645,226,220,5,0,215,213,3821,11,0,0,11,7
2020-10-23,US,South Dakota,Marshall,60,1,0,45.75870838,-97.59855639,46091.0,1215.80547112462,1.6666666666666667,59,60,1,0,59,60,5112,0,0,0,0,0
2020-10-23,US,South Dakota,McCook,205,1,0,43.6742571,-97.36863144,46087.0,3669.889008234873,0.4878048780487805,204,192,1,0,191,188,5546,13,0,0,13,4
2020-10-23,US,South Dakota,McPherson,62,0,0,45.76626028,-99.22118798,46089.0,2606.137032366541,0.0,62,61,0,0,61,59,2407,1,0,0,1,2
2020-10-23,US,South Dakota,Meade,854,9,0,44.56676791,-102.71627409999999,46093.0,3014.25949456445,1.053864168618267,845,847,9,0,838,826,28294,7,0,0,7,21
2020-10-23,US,South Dakota,Mellette,60,1,0,43.58078848,-100.7563186,46095.0,2911.208151382824,1.6666666666666667,59,58,1,0,57,54,2042,2,0,0,2,4
2020-10-23,US,South Dakota,Miner,131,1,0,44.02197882,-97.60992207,46097.0,5911.5523465703955,0.7633587786259542,130,121,1,0,120,121,2213,10,0,0,10,0
2020-10-23,US,South Dakota,Minnehaha,9969,102,0,43.67441641,-96.7910885,46099.0,5161.701202274069,1.0231718326813122,9867,9701,100,0,9601,9437,192876,268,2,0,266,264
2020-10-23,US,South Dakota,Moody,189,2,0,44.02266214,-96.67081159,46101.0,2874.087591240876,1.058201058201058,187,183,2,0,181,179,6579,6,0,0,6,4
2020-10-23,US,South Dakota,Oglala Lakota,770,5,0,43.33749164,-102.55554980000001,46102.0,5431.33243986739,0.6493506493506493,765,710,5,0,705,652,14309,60,0,0,60,58
2020-10-23,US,South Dakota,Pennington,3909,49,0,44.0025835,-102.8240777,46103.0,3435.728411338168,1.253517523663341,3860,3835,47,0,3788,3742,111729,74,2,0,72,93
2020-10-23,US,South Dakota,Perkins,71,0,0,45.49049506,-102.47555859999999,46105.0,2478.1849912739967,0.0,71,69,0,0,69,67,2922,2,0,0,2,2
2020-10-23,US,South Dakota,Potter,94,0,0,45.06583079,-99.95498503,46107.0,4366.000928936368,0.0,94,88,0,0,88,87,2207,6,0,0,6,1
2020-10-23,US,South Dakota,Roberts,315,4,0,45.62975048,-96.94672673,46109.0,3030.594573792573,1.2698412698412698,311,301,4,0,297,296,10447,14,0,0,14,5
2020-10-23,US,South Dakota,Sanborn,81,0,0,44.02351092,-98.09098159999999,46111.0,3455.631399317407,0.0,81,75,0,0,75,74,2429,6,0,0,6,1
2020-10-23,US,South Dakota,Spink,238,1,0,44.93837606,-98.34626602,46115.0,3732.747804265997,0.4201680672268908,237,232,1,0,231,227,6495,6,0,0,6,5
2020-10-23,US,South Dakota,Stanley,82,0,0,44.41381872,-100.7349153,46117.0,2646.868947708199,0.0,82,78,0,0,78,76,3022,4,0,0,4,2
2020-10-23,US,South Dakota,Sully,39,0,0,44.71571812,-100.1278092,46119.0,2803.738317757009,0.0,39,39,0,0,39,39,1392,0,0,0,0,0
2020-10-23,US,South Dakota,Todd,395,5,0,43.19338568,-100.71955030000001,46121.0,3881.3009727817625,1.2658227848101269,390,381,5,0,376,357,10283,14,0,0,14,24
2020-10-23,US,South Dakota,Tripp,251,2,0,43.34459388,-99.8854891,46123.0,4613.122587759603,0.796812749003984,249,249,2,0,247,242,5478,2,0,0,2,7
2020-10-23,US,South Dakota,Turner,424,9,0,43.3109081,-97.14865776,46125.0,5057.2519083969455,2.1226415094339623,415,413,8,0,405,399,8424,11,1,0,10,14
2020-10-23,US,South Dakota,Union,703,11,0,42.83112163,-96.6557828,46127.0,4412.5031383379355,1.5647226173541964,692,686,10,0,676,673,15619,17,1,0,16,13
2020-10-23,US,South Dakota,Walworth,260,2,0,45.43019636,-100.03075140000001,46129.0,4783.808647654094,0.7692307692307693,258,257,2,0,255,254,5587,3,0,0,3,3
2020-10-23,US,South Dakota,Yankton,706,5,0,43.00924485,-97.39467635,46135.0,3094.591040589112,0.7082152974504249,701,681,5,0,676,652,22869,25,0,0,25,29
2020-10-23,US,South Dakota,Ziebach,86,1,0,44.97881876,-101.6654622,46137.0,3120.4644412191583,1.162790697674419,85,82,1,0,81,81,2742,4,0,0,4,1
2020-10-23,US,Tennessee,Anderson,1646,14,0,36.12684348,-84.19965764,47001.0,2138.2732728831616,0.8505467800729041,1632,1611,14,0,1597,1596,76482,35,0,0,35,15
2020-10-23,US,Tennessee,Bedford,1650,20,0,35.51123746,-86.45549096,47003.0,3319.051354776417,1.2121212121212122,1630,1617,20,0,1597,1606,49038,33,0,0,33,11
2020-10-23,US,Tennessee,Benton,411,9,0,36.07110411,-88.06849355,47005.0,2543.316831683169,2.18978102189781,402,397,9,0,388,396,16184,14,0,0,14,1
2020-10-23,US,Tennessee,Bledsoe,1010,4,0,35.59942968,-85.20611967,47007.0,6704.726500265533,0.3960396039603961,1006,999,4,0,995,994,14755,11,0,0,11,5
2020-10-23,US,Tennessee,Blount,3273,34,0,35.68938198,-83.92847788,47009.0,2459.275066121664,1.03880232202872,3239,3191,32,0,3159,3170,131349,82,2,0,80,21
2020-10-23,US,Tennessee,Bradley,3519,23,0,35.15739424,-84.857186,47011.0,3255.018037184349,0.6535947712418301,3496,3479,23,0,3456,3447,106727,40,0,0,40,32
2020-10-23,US,Tennessee,Campbell,975,9,0,36.40355516,-84.15108559999999,47013.0,2447.166306912304,0.9230769230769232,966,911,8,0,903,899,39583,64,1,0,63,12
2020-10-23,US,Tennessee,Cannon,404,2,0,35.80990797,-86.05738983,47015.0,2752.4185856383697,0.4950495049504951,402,396,2,0,394,390,14462,8,0,0,8,6
2020-10-23,US,Tennessee,Carroll,1125,25,0,35.97366108,-88.45189331,47017.0,4051.5720099398573,2.2222222222222223,1100,1105,25,0,1080,1107,28020,20,0,0,20,-2
2020-10-23,US,Tennessee,Carter,1495,32,0,36.28969086,-82.12588974,47019.0,2651.1322728804244,2.140468227424749,1463,1465,32,0,1433,1439,56351,30,0,0,30,26
2020-10-23,US,Tennessee,Cheatham,1031,11,0,36.26136216,-87.08903581,47021.0,2535.2251211055645,1.066925315227934,1020,1000,11,0,989,982,40439,31,0,0,31,18
2020-10-23,US,Tennessee,Chester,721,14,0,35.42527478,-88.6095842,47023.0,4168.3528935653585,1.9417475728155342,707,715,14,0,701,715,17276,6,0,0,6,0
2020-10-23,US,Tennessee,Claiborne,514,6,0,36.48319149,-83.65947309,47025.0,1608.3106480177728,1.1673151750972763,508,508,6,0,502,506,31756,6,0,0,6,2
2020-10-23,US,Tennessee,Clay,394,13,0,36.55151008,-85.53930419,47027.0,5173.998686802363,3.2994923857868015,381,383,14,0,369,379,7717,11,-1,0,12,4
2020-10-23,US,Tennessee,Cocke,1014,12,0,35.9278914,-83.11828725,47029.0,2816.3537384735027,1.183431952662722,1002,966,12,0,954,952,35774,48,0,0,48,14
2020-10-23,US,Tennessee,Coffee,1832,23,0,35.49090731,-86.07311784,47031.0,3241.3305024769993,1.255458515283843,1809,1799,20,0,1779,1783,55700,33,3,0,30,16
2020-10-23,US,Tennessee,Crockett,829,20,0,35.81830662,-89.14916269,47033.0,5825.720309205904,2.41254523522316,809,803,20,0,783,802,14328,26,0,0,26,1
2020-10-23,US,Tennessee,Cumberland,1584,25,0,35.95271721,-84.99840585,47035.0,2617.316589557171,1.5782828282828285,1559,1561,24,0,1537,1536,59673,23,1,0,22,25
2020-10-23,US,Tennessee,Davidson,30982,333,0,36.17007426,-86.78646056,47037.0,4463.339018993177,1.0748176360467367,30649,30302,330,0,29972,30155,692587,680,3,0,677,147
2020-10-23,US,Tennessee,DeKalb,711,17,0,35.97616272,-85.83689361,47041.0,3469.9853587115667,2.3909985935302394,694,690,17,0,673,686,20138,21,0,0,21,4
2020-10-23,US,Tennessee,Decatur,648,11,0,35.60048904,-88.11043779,47039.0,5556.031895738661,1.6975308641975309,637,648,11,0,637,645,11706,0,0,0,0,3
2020-10-23,US,Tennessee,Dickson,1636,19,0,36.14669837,-87.35891709,47043.0,3032.549862830874,1.1613691931540342,1617,1604,19,0,1585,1591,53446,32,0,0,32,13
2020-10-23,US,Tennessee,Dyer,2163,29,0,36.05931946,-89.41542855,47045.0,5820.931672004091,1.3407304669440592,2134,2096,27,0,2069,2071,37320,67,2,0,65,25
2020-10-23,US,Tennessee,Fayette,1650,22,0,35.19615831,-89.41399032,47047.0,4011.3777259135,1.3333333333333333,1628,1605,22,0,1583,1596,40507,45,0,0,45,9
2020-10-23,US,Tennessee,Fentress,889,10,0,36.38128818,-84.92870012,47049.0,4799.438535874318,1.124859392575928,879,877,8,0,869,869,18217,12,2,0,10,8
2020-10-23,US,Tennessee,Franklin,1263,17,0,35.15634626,-86.09201039,47051.0,2992.32373009856,1.3460015835312746,1246,1244,16,0,1228,1234,41890,19,1,0,18,10
2020-10-23,US,Tennessee,Gibson,2123,42,0,35.99438059,-88.93358327,47053.0,4320.92483666782,1.9783325482807348,2081,2082,38,0,2044,2078,49045,41,4,0,37,4
2020-10-23,US,Tennessee,Giles,937,35,0,35.20222469,-87.03992678,47055.0,3180.1520499592725,3.735325506937033,902,921,34,0,887,911,29503,16,1,0,15,10
2020-10-23,US,Tennessee,Grainger,566,4,0,36.27469206,-83.51254721,47057.0,2427.1012006861065,0.7067137809187279,562,551,4,0,547,546,23145,15,0,0,15,5
2020-10-23,US,Tennessee,Greene,1654,51,0,36.17470125,-82.84691273,47059.0,2394.7067425328296,3.083434099153567,1603,1618,51,0,1567,1575,69087,36,0,0,36,43
2020-10-23,US,Tennessee,Grundy,545,11,0,35.38433717,-85.72142731,47061.0,4058.985625977508,2.018348623853211,534,535,11,0,524,525,13346,10,0,0,10,10
2020-10-23,US,Tennessee,Hamblen,2422,48,0,36.21990035,-83.26586179,47063.0,3729.941171035205,1.981833195706028,2374,2379,43,0,2336,2365,64569,43,5,0,38,14
2020-10-23,US,Tennessee,Hamilton,11497,105,0,35.17670231,-85.16652245,47065.0,3125.849637306827,0.9132817256675656,11392,11368,105,0,11263,11289,364286,129,0,0,129,79
2020-10-23,US,Tennessee,Hancock,115,3,0,36.52692871,-83.22375847,47067.0,1737.1601208459217,2.608695652173913,112,113,3,0,110,112,6549,2,0,0,2,1
2020-10-23,US,Tennessee,Hardeman,1854,33,0,35.20772017,-88.99161161,47069.0,7401.197604790419,1.779935275080906,1821,1821,32,0,1789,1804,25220,33,1,0,32,17
2020-10-23,US,Tennessee,Hardin,1375,19,0,35.19732531,-88.18593755,47071.0,5360.205831903944,1.3818181818181818,1356,1352,19,0,1333,1336,25776,23,0,0,23,16
2020-10-23,US,Tennessee,Hawkins,1170,24,0,36.44355426,-82.94885298,47073.0,2060.3669918641917,2.051282051282051,1146,1142,24,0,1118,1117,56530,28,0,0,28,25
2020-10-23,US,Tennessee,Haywood,1253,27,0,35.58332824,-89.28536625,47075.0,7241.100323624595,2.154828411811652,1226,1210,27,0,1183,1200,17335,43,0,0,43,10
2020-10-23,US,Tennessee,Henderson,1398,25,0,35.65581134,-88.38600175,47077.0,4972.080947469503,1.78826895565093,1373,1379,25,0,1354,1373,27847,19,0,0,19,6
2020-10-23,US,Tennessee,Henry,771,10,0,36.33160906,-88.30121797,47079.0,2383.67599319833,1.2970168612191961,761,756,10,0,746,753,32358,15,0,0,15,3
2020-10-23,US,Tennessee,Hickman,767,15,0,35.80609681,-87.47643507,47081.0,3046.3102708713955,1.9556714471968708,752,751,13,0,738,745,25063,16,2,0,14,6
2020-10-23,US,Tennessee,Houston,404,17,0,36.28872054,-87.71878828,47083.0,4926.228508718449,4.207920792079208,387,399,15,0,384,392,8263,5,2,0,3,7
2020-10-23,US,Tennessee,Humphreys,434,4,0,36.03958805,-87.77992872,47085.0,2335.593585189969,0.9216589861751152,430,424,4,0,420,419,18486,10,0,0,10,5
2020-10-23,US,Tennessee,Jackson,446,5,0,36.36380466,-85.67239905,47087.0,3784.150687256066,1.1210762331838564,441,434,5,0,429,422,11758,12,0,0,12,12
2020-10-23,US,Tennessee,Jefferson,1529,20,0,36.04818632,-83.45148924,47089.0,2805.7619965134418,1.3080444735120995,1509,1492,20,0,1472,1483,54012,37,0,0,37,9
2020-10-23,US,Tennessee,Johnson,1127,7,0,36.45523950000001,-81.84886538,47091.0,6335.731954126378,0.6211180124223602,1120,1117,7,0,1110,1115,17778,10,0,0,10,2
2020-10-23,US,Tennessee,Knox,12398,89,0,35.99508821,-83.94635435,47093.0,2636.116798812705,0.7178577189869334,12309,12174,88,0,12086,12081,465289,224,1,0,223,93
2020-10-23,US,Tennessee,Lake,980,3,0,36.34180170000001,-89.48921915,47095.0,13968.072976054731,0.30612244897959184,977,975,3,0,972,976,7411,5,0,0,5,-1
2020-10-23,US,Tennessee,Lauderdale,1404,17,0,35.75893438,-89.63015909999999,47097.0,5477.314399407014,1.210826210826211,1387,1367,17,0,1350,1345,25825,37,0,0,37,22
2020-10-23,US,Tennessee,Lawrence,1556,18,0,35.21675201,-87.39787695,47099.0,3524.987540211137,1.1568123393316196,1538,1526,18,0,1508,1505,43734,30,0,0,30,21
2020-10-23,US,Tennessee,Lewis,375,2,0,35.52853208,-87.49022694,47101.0,3056.732963808281,0.5333333333333333,373,360,2,0,358,358,12086,15,0,0,15,2
2020-10-23,US,Tennessee,Lincoln,852,3,0,35.13738622,-86.58910106,47103.0,2479.1945527556304,0.35211267605633795,849,836,3,0,833,830,34117,16,0,0,16,6
2020-10-23,US,Tennessee,Loudon,1588,11,0,35.73939663,-84.31145275,47105.0,2937.04224310128,0.6926952141057935,1577,1566,10,0,1556,1566,53054,22,1,0,21,0
2020-10-23,US,Tennessee,Macon,1307,25,0,36.53157855,-86.00778595,47111.0,5312.5762133159915,1.912777352716144,1282,1286,25,0,1261,1269,24265,21,0,0,21,17
2020-10-23,US,Tennessee,Madison,3711,80,0,35.61181957,-88.84076036,47113.0,3787.353037230568,2.155753166262463,3631,3696,79,0,3617,3665,97605,15,1,0,14,31
2020-10-23,US,Tennessee,Marion,741,9,0,35.12997174,-85.62265895,47115.0,2563.392949804545,1.214574898785425,732,724,9,0,715,715,28575,17,0,0,17,9
2020-10-23,US,Tennessee,Marshall,1108,9,0,35.45798777,-86.76420988,47117.0,3223.2727272727275,0.8122743682310469,1099,1085,9,0,1076,1063,33683,23,0,0,23,22
2020-10-23,US,Tennessee,Maury,3164,37,0,35.618741299999996,-87.07462444,47119.0,3282.600350669696,1.1694058154235143,3127,3139,37,0,3102,3112,94340,25,0,0,25,27
2020-10-23,US,Tennessee,McMinn,1589,34,0,35.42812616,-84.61520715,47107.0,2953.8610253931665,2.1397105097545626,1555,1564,33,0,1531,1542,53285,25,1,0,24,22
2020-10-23,US,Tennessee,McNairy,1111,27,0,35.17468549,-88.5647812,47109.0,4323.966684829143,2.43024302430243,1084,1099,26,0,1073,1096,25832,12,1,0,11,3
2020-10-23,US,Tennessee,Meigs,306,6,0,35.51558739,-84.81482914,47121.0,2463.371437771696,1.96078431372549,300,300,5,0,295,297,12306,6,1,0,5,3
2020-10-23,US,Tennessee,Monroe,1419,28,0,35.44550387,-84.24902965,47123.0,3048.662584595553,1.9732205778717409,1391,1395,28,0,1367,1382,46357,24,0,0,24,13
2020-10-23,US,Tennessee,Montgomery,4080,52,0,36.49609412,-87.38550661,47125.0,1952.218495356304,1.2745098039215683,4028,3988,51,0,3937,3933,205950,92,1,0,91,55
2020-10-23,US,Tennessee,Moore,259,2,0,35.27724699,-86.36230578,47127.0,3991.985203452528,0.7722007722007722,257,254,2,0,252,249,6411,5,0,0,5,5
2020-10-23,US,Tennessee,Morgan,431,7,0,36.13248031,-84.64880098,47129.0,2013.736392094566,1.6241299303944317,424,422,7,0,415,416,21579,9,0,0,9,6
2020-10-23,US,Tennessee,Obion,1730,21,0,36.35732446,-89.14921589,47131.0,5753.433768997971,1.213872832369942,1709,1678,20,0,1658,1664,30267,52,1,0,51,14
2020-10-23,US,Tennessee,Out of TN,3906,36,0,0.0,0.0,80047.0,0.0,0.9216589861751152,3870,3828,36,0,3792,3761,,78,0,0,78,67
2020-10-23,US,Tennessee,Overton,1184,16,0,36.34117832,-85.28989535,47133.0,5323.501641113259,1.351351351351351,1168,1165,12,0,1153,1152,22068,19,4,0,15,13
2020-10-23,US,Tennessee,Perry,277,2,0,35.63708728,-87.86139634,47135.0,3429.9157999009412,0.7220216606498195,275,261,1,0,260,253,8064,16,1,0,15,8
2020-10-23,US,Tennessee,Pickett,262,7,0,36.55606529,-85.07763299999998,47137.0,5190.174326465927,2.6717557251908395,255,252,7,0,245,250,5082,10,0,0,10,2
2020-10-23,US,Tennessee,Polk,492,13,0,35.12245443,-84.52075859,47139.0,2923.003802281369,2.6422764227642275,479,483,13,0,470,476,16898,9,0,0,9,7
2020-10-23,US,Tennessee,Putnam,4329,55,0,36.14005459,-85.50646123,47141.0,5394.728643529192,1.2705012705012706,4274,4257,54,0,4203,4230,78843,72,1,0,71,27
2020-10-23,US,Tennessee,Rhea,1083,17,0,35.60536161,-84.93076643,47143.0,3265.2938161425513,1.5697137580794094,1066,1063,16,0,1047,1059,33044,20,1,0,19,4
2020-10-23,US,Tennessee,Roane,1257,7,0,35.84923189,-84.52458689,47145.0,2354.726312240081,0.5568814638027049,1250,1223,7,0,1216,1224,53140,34,0,0,34,-1
2020-10-23,US,Tennessee,Robertson,2577,41,0,36.52454807,-86.87346725,47147.0,3588.4867642348877,1.5909972836631745,2536,2537,41,0,2496,2510,71012,40,0,0,40,27
2020-10-23,US,Tennessee,Rutherford,11502,113,0,35.84591405,-86.4107263,47149.0,3461.4863746482692,0.9824378368979308,11389,11274,110,0,11164,11165,324890,228,3,0,225,109
2020-10-23,US,Tennessee,Scott,362,5,0,36.42325673,-84.50360494,47151.0,1640.3842668116733,1.3812154696132597,357,351,4,0,347,344,22039,11,1,0,10,7
2020-10-23,US,Tennessee,Sequatchie,338,4,0,35.36979721,-85.41022136,47153.0,2249.434313855983,1.183431952662722,334,329,4,0,325,330,14876,9,0,0,9,-1
2020-10-23,US,Tennessee,Sevier,3299,21,0,35.78077323,-83.52244332,47155.0,3357.760814249364,0.6365565322825099,3278,3241,21,0,3220,3224,97892,58,0,0,58,17
2020-10-23,US,Tennessee,Shelby,35564,562,0,35.1864775,-89.89692423,47157.0,3794.845310222522,1.5802496906984589,35002,34892,558,0,34334,34739,935764,672,4,0,668,153
2020-10-23,US,Tennessee,Smith,976,13,0,36.25359775,-85.95411046,47159.0,4841.990375551917,1.3319672131147542,963,962,12,0,950,954,19942,14,1,0,13,8
2020-10-23,US,Tennessee,Stewart,317,9,0,36.50235092,-87.83920548,47161.0,2311.337951148377,2.8391167192429023,308,312,8,0,304,312,13561,5,1,0,4,0
2020-10-23,US,Tennessee,Sullivan,3540,46,0,36.51240691,-82.30412917,47163.0,2235.5823881577285,1.2994350282485876,3494,3395,46,0,3349,3321,157668,145,0,0,145,74
2020-10-23,US,Tennessee,Sumner,5900,109,0,36.46824103,-86.45917204,47165.0,3084.435104008197,1.847457627118644,5791,5788,108,0,5680,5715,187149,112,1,0,111,73
2020-10-23,US,Tennessee,Tipton,2309,22,0,35.501942,-89.73694895,47167.0,3748.437474634328,0.952793417063664,2287,2260,22,0,2238,2235,61581,49,0,0,49,25
2020-10-23,US,Tennessee,Trousdale,1758,7,0,36.39026213,-86.16087954,47169.0,15579.581708613967,0.3981797497155859,1751,1751,7,0,1744,1744,11012,7,0,0,7,7
2020-10-23,US,Tennessee,Unassigned,2837,8,0,0.0,0.0,90047.0,0.0,0.28198801550934083,2829,3822,4,0,3818,3755,,-985,4,0,-989,67
2020-10-23,US,Tennessee,Unicoi,395,3,0,36.10890856,-82.43709629,47171.0,2208.8016552032655,0.7594936708860759,392,384,2,0,382,373,17761,11,1,0,10,11
2020-10-23,US,Tennessee,Union,523,3,0,36.28590426,-83.83651902,47173.0,2618.66613258562,0.5736137667304015,520,517,3,0,514,514,19688,6,0,0,6,3
2020-10-23,US,Tennessee,Van Buren,201,1,0,35.69864497,-85.45221699,47175.0,3423.024523160763,0.4975124378109453,200,197,1,0,196,195,5765,4,0,0,4,2
2020-10-23,US,Tennessee,Warren,1415,10,0,35.672829899999996,-85.77969117,47177.0,3428.059209729389,0.7067137809187279,1405,1387,10,0,1377,1368,40878,28,0,0,28,19
2020-10-23,US,Tennessee,Washington,3326,49,0,36.29472368,-82.49454720000001,47179.0,2570.8212560386473,1.4732411304870716,3277,3241,46,0,3195,3182,128607,85,3,0,82,59
2020-10-23,US,Tennessee,Wayne,1584,7,0,35.23868267,-87.78644456,47181.0,9500.389851856296,0.4419191919191919,1577,1569,7,0,1562,1569,16558,15,0,0,15,0
2020-10-23,US,Tennessee,Weakley,1511,25,0,36.29896232,-88.71990865,47183.0,4533.725396063371,1.6545334215751155,1486,1467,25,0,1442,1453,33415,44,0,0,44,14
2020-10-23,US,Tennessee,White,1150,14,0,35.92929884,-85.45591799,47185.0,4205.5220332784775,1.2173913043478262,1136,1133,14,0,1119,1122,27107,17,0,0,17,11
2020-10-23,US,Tennessee,Williamson,6897,56,0,35.89099229,-86.89281867,47187.0,2892.891297417915,0.8119472234304771,6841,6802,55,0,6747,6707,231729,95,1,0,94,95
2020-10-23,US,Tennessee,Wilson,4577,56,0,36.15496772,-86.29775884,47189.0,3164.036306573481,1.2235088485907801,4521,4514,55,0,4459,4455,140625,63,1,0,62,59
2020-10-23,US,Texas,Anderson,2934,39,0,31.81534745,-95.65354823,48001.0,5081.839438815277,1.3292433537832309,2895,2922,39,0,2883,2922,58057,12,0,0,12,0
2020-10-23,US,Texas,Andrews,567,10,0,32.30468633,-102.63765479999999,48003.0,3031.2750601443463,1.7636684303350971,557,567,10,0,557,567,18128,0,0,0,0,0
2020-10-23,US,Texas,Angelina,2277,90,0,31.25457347,-94.60901487,48005.0,2625.843279709393,3.9525691699604737,2187,2277,90,0,2187,2277,87092,0,0,0,0,0
2020-10-23,US,Texas,Aransas,340,18,0,28.10556197,-96.9995047,48007.0,1446.193109315185,5.294117647058823,322,340,18,0,322,340,23792,0,0,0,0,0
2020-10-23,US,Texas,Archer,133,1,0,33.61569967,-98.68754589,48009.0,1555.0099380334384,0.7518796992481203,132,133,1,0,132,133,8786,0,0,0,0,0
2020-10-23,US,Texas,Armstrong,22,1,0,34.96507426,-101.35748740000001,48011.0,1165.8717541070482,4.545454545454546,21,21,1,0,20,21,1892,1,0,0,1,0
2020-10-23,US,Texas,Atascosa,1268,35,0,28.89333001,-98.52730485,48013.0,2478.8379958164724,2.7602523659305995,1233,1265,35,0,1230,1265,50310,3,0,0,3,0
2020-10-23,US,Texas,Austin,509,9,0,29.88548725,-96.27736949,48015.0,1694.8588172615875,1.7681728880157166,500,509,9,0,500,509,29989,0,0,0,0,0
2020-10-23,US,Texas,Bailey,271,5,0,34.06854817,-102.8299707,48017.0,3871.4285714285716,1.845018450184502,266,264,5,0,259,264,7027,7,0,0,7,0
2020-10-23,US,Texas,Bandera,185,8,0,29.74619598,-99.24598147,48019.0,800.4499826929732,4.3243243243243255,177,184,8,0,176,184,22824,1,0,0,1,0
2020-10-23,US,Texas,Bastrop,1976,31,0,30.10370699,-97.31206354,48021.0,2227.156430688773,1.5688259109311742,1945,1949,31,0,1918,1949,86976,27,0,0,27,0
2020-10-23,US,Texas,Baylor,43,2,0,33.61640794,-99.21352901,48023.0,1225.420347677401,4.651162790697675,41,43,2,0,41,43,3582,0,0,0,0,0
2020-10-23,US,Texas,Bee,1838,39,0,28.41761668,-97.74215593,48025.0,5644.096422539536,2.121871599564744,1799,1845,39,0,1806,1845,32587,-7,0,0,-7,0
2020-10-23,US,Texas,Bell,6183,96,0,31.03736027,-97.4785025,48027.0,1703.66247478811,1.552644347404173,6087,6158,96,0,6062,6158,355642,25,0,0,25,0
2020-10-23,US,Texas,Bexar,64261,1386,0,29.44928723,-98.52019748,48029.0,3207.350538093807,2.1568291809962497,62875,64014,1385,0,62629,63807,1986049,247,1,0,246,207
2020-10-23,US,Texas,Blanco,158,6,0,30.26640707,-98.3999852,48031.0,1324.2812840499541,3.79746835443038,152,153,6,0,147,153,11702,5,0,0,5,0
2020-10-23,US,Texas,Borden,2,0,0,32.74363984,-101.43165090000001,48033.0,305.8103975535168,0.0,2,2,0,0,2,2,648,0,0,0,0,0
2020-10-23,US,Texas,Bosque,394,10,0,31.89978581,-97.63613524,48035.0,2108.6432967621085,2.538071065989848,384,385,10,0,375,385,18691,9,0,0,9,0
2020-10-23,US,Texas,Bowie,1759,72,0,33.44626922,-94.41834132,48037.0,1886.428226714569,4.093234792495736,1687,1730,72,0,1658,1730,94324,29,0,0,29,0
2020-10-23,US,Texas,Brazoria,12105,181,0,29.18757369,-95.44563172,48039.0,3234.3479469037898,1.4952498967368857,11924,12060,179,0,11881,12060,370200,45,2,0,43,0
2020-10-23,US,Texas,Brazos,7430,66,0,30.663644800000004,-96.30205577,48041.0,3241.5547246859887,0.8882907133243607,7364,7404,66,0,7338,7368,226758,26,0,0,26,36
2020-10-23,US,Texas,Brewster,246,5,0,29.81008251,-103.25203259999999,48043.0,2673.041399543627,2.0325203252032518,241,246,5,0,241,246,9267,0,0,0,0,0
2020-10-23,US,Texas,Briscoe,20,1,0,34.53026962,-101.2084947,48045.0,1293.6610608020699,5.0,19,20,1,0,19,20,1516,0,0,0,0,0
2020-10-23,US,Texas,Brooks,341,23,0,27.03103197,-98.21808402,48047.0,4807.556746087692,6.744868035190616,318,341,23,0,318,341,7114,0,0,0,0,0
2020-10-23,US,Texas,Brown,651,28,0,31.77430356,-98.99907113,48049.0,1719.3112190999366,4.301075268817204,623,640,28,0,612,640,37924,11,0,0,11,0
2020-10-23,US,Texas,Burleson,432,6,0,30.49273808,-96.62158484,48051.0,2342.3521119123793,1.3888888888888888,426,421,6,0,415,421,18389,11,0,0,11,0
2020-10-23,US,Texas,Burnet,857,13,0,30.78801353,-98.181887,48053.0,1779.6698162184616,1.5169194865810969,844,854,12,0,842,854,47542,3,1,0,2,0
2020-10-23,US,Texas,Caldwell,1685,37,0,29.83668859,-97.61814775,48055.0,3859.0142909490655,2.1958456973293767,1648,1675,37,0,1638,1675,43247,10,0,0,10,0
2020-10-23,US,Texas,Calhoun,881,9,0,28.47048236,-96.61633945,48057.0,4138.093001409112,1.021566401816118,872,880,9,0,871,880,21561,1,0,0,1,0
2020-10-23,US,Texas,Callahan,113,4,0,32.29760619,-99.37326312,48059.0,810.4425159578282,3.5398230088495577,109,112,4,0,108,112,13994,1,0,0,1,0
2020-10-23,US,Texas,Cameron,23937,1075,0,26.14524221,-97.48140372,48061.0,5656.68548526218,4.49095542465639,22862,23906,1072,0,22834,23871,423908,31,3,0,28,35
2020-10-23,US,Texas,Camp,390,13,0,32.97195142,-94.97790104,48063.0,2978.463418359554,3.333333333333333,377,388,13,0,375,388,13033,2,0,0,2,0
2020-10-23,US,Texas,Carson,52,0,0,35.40365929,-101.35426690000001,48065.0,877.4890313871077,0.0,52,52,0,0,52,52,6005,0,0,0,0,0
2020-10-23,US,Texas,Cass,495,22,0,33.07499881,-94.34646905,48067.0,1648.5712382601746,4.4444444444444455,473,477,22,0,455,477,30119,18,0,0,18,0
2020-10-23,US,Texas,Castro,289,6,0,34.53016752,-102.2617243,48069.0,3837.981407702523,2.0761245674740483,283,289,6,0,283,289,7665,0,0,0,0,0
2020-10-23,US,Texas,Chambers,1536,8,0,29.70972016,-94.67154501,48071.0,3503.889408490545,0.5208333333333334,1528,1524,8,0,1516,1524,42454,12,0,0,12,0
2020-10-23,US,Texas,Cherokee,1618,32,0,31.837258000000002,-95.16559897,48073.0,3073.3578999354177,1.9777503090234856,1586,1616,32,0,1584,1616,52592,2,0,0,2,0
2020-10-23,US,Texas,Childress,116,0,0,34.529304100000004,-100.2077916,48075.0,1587.736107309061,0.0,116,107,0,0,107,107,7291,9,0,0,9,0
2020-10-23,US,Texas,Clay,103,2,0,33.78686685,-98.20771198,48077.0,983.6691815490402,1.9417475728155342,101,103,2,0,101,103,10456,0,0,0,0,0
2020-10-23,US,Texas,Cochran,98,1,0,33.60425307,-102.82844990000001,48079.0,3434.980722046968,1.020408163265306,97,90,1,0,89,90,2836,8,0,0,8,0
2020-10-23,US,Texas,Coke,105,5,0,31.88911733,-100.5297533,48081.0,3100.088573959256,4.761904761904762,100,90,4,0,86,90,3370,15,1,0,14,0
2020-10-23,US,Texas,Coleman,86,4,0,31.76736834,-99.45240766,48083.0,1051.9877675840978,4.651162790697675,82,85,4,0,81,85,8397,1,0,0,1,0
2020-10-23,US,Texas,Collin,17248,174,0,33.18820114,-96.57264368,48085.0,1666.908275588801,1.0088126159554731,17074,17122,173,0,16949,17122,1005146,126,1,0,125,0
2020-10-23,US,Texas,Collingsworth,20,0,0,34.96489496,-100.27001109999999,48087.0,684.931506849315,0.0,20,20,0,0,20,20,2962,0,0,0,0,0
2020-10-23,US,Texas,Colorado,500,4,0,29.622097999999998,-96.5273805,48089.0,2326.338807983995,0.8,496,498,4,0,494,498,21217,2,0,0,2,0
2020-10-23,US,Texas,Comal,2834,106,0,29.80811278,-98.27647225,48091.0,1814.2360555409741,3.74029640084686,2728,2823,106,0,2717,2823,148373,11,0,0,11,0
2020-10-23,US,Texas,Comanche,348,5,0,31.94854689,-98.55876441,48093.0,2552.2552255225523,1.4367816091954022,343,348,5,0,343,348,13534,0,0,0,0,0
2020-10-23,US,Texas,Concho,141,2,0,31.32635934,-99.86473038,48095.0,5172.4137931034475,1.4184397163120568,139,141,2,0,139,141,4276,0,0,0,0,0
2020-10-23,US,Texas,Cooke,529,8,0,33.63979567,-97.21240912,48097.0,1282.206655840221,1.5122873345935728,521,524,8,0,516,524,40574,5,0,0,5,0
2020-10-23,US,Texas,Coryell,1947,13,0,31.39078397,-97.79936155,48099.0,2563.494884859976,0.6676938880328711,1934,1937,13,0,1924,1937,74808,10,0,0,10,0
2020-10-23,US,Texas,Cottle,33,3,0,34.07783319,-100.27850620000001,48101.0,2360.5150214592277,9.090909090909092,30,33,3,0,30,33,1389,0,0,0,0,0
2020-10-23,US,Texas,Crane,73,2,0,31.43052248,-102.5143314,48103.0,1521.7844486137174,2.7397260273972597,71,73,2,0,71,73,4794,0,0,0,0,0
2020-10-23,US,Texas,Crockett,166,7,0,30.72367027,-101.4134238,48105.0,4792.147806004619,4.216867469879518,159,166,7,0,159,166,3499,0,0,0,0,0
2020-10-23,US,Texas,Crosby,113,6,0,33.61431553,-101.30003640000001,48107.0,1969.6705595258843,5.3097345132743365,107,108,6,0,102,108,5779,5,0,0,5,0
2020-10-23,US,Texas,Culberson,91,2,0,31.44506775,-104.5185739,48109.0,4191.616766467066,2.1978021978021984,89,88,2,0,86,88,2204,3,0,0,3,0
2020-10-23,US,Texas,Dallam,352,10,0,36.27787176,-102.60207249999999,48111.0,4830.52010429532,2.8409090909090913,342,332,10,0,322,332,7200,20,0,0,20,0
2020-10-23,US,Texas,Dallas,91664,1211,0,32.76670599,-96.77796049999999,48113.0,3478.028590985599,1.321129341944493,90453,91313,1205,0,90108,91313,2637772,351,6,0,345,0
2020-10-23,US,Texas,Dawson,787,16,0,32.74255572,-101.94772420000001,48115.0,6183.218101822753,2.0330368487928845,771,762,15,0,747,762,12619,25,1,0,24,0
2020-10-23,US,Texas,DeWitt,1078,42,0,29.08101855,-97.35681170000001,48123.0,5347.222222222223,3.8961038961038965,1036,1072,42,0,1030,1072,20187,6,0,0,6,0
2020-10-23,US,Texas,Deaf Smith,1006,25,0,34.96522957,-102.6054267,48117.0,5424.350264207917,2.485089463220676,981,988,25,0,963,988,18760,18,0,0,18,0
2020-10-23,US,Texas,Delta,33,0,0,33.38570922,-95.66921122,48119.0,619.0208216094543,0.0,33,32,0,0,32,32,5349,1,0,0,1,0
2020-10-23,US,Texas,Denton,13904,166,0,33.20521901,-97.11691153,48121.0,1567.165272591402,1.1939010356731876,13738,13773,166,0,13607,13773,859064,131,0,0,131,0
2020-10-23,US,Texas,Dickens,51,2,0,33.61616822,-100.7788855,48125.0,2306.648575305292,3.92156862745098,49,51,2,0,49,51,2249,0,0,0,0,0
2020-10-23,US,Texas,Dimmit,284,7,0,28.42270064,-99.75645095,48127.0,2805.2153299091274,2.4647887323943656,277,283,7,0,276,283,10308,1,0,0,1,0
2020-10-23,US,Texas,Donley,85,1,0,34.96517499,-100.8140093,48129.0,2593.0445393532636,1.1764705882352942,84,84,1,0,83,84,3319,1,0,0,1,0
2020-10-23,US,Texas,Duval,472,21,0,27.68184592,-98.50864568,48131.0,4230.5279196916745,4.4491525423728815,451,471,21,0,450,471,11212,1,0,0,1,0
2020-10-23,US,Texas,Eastland,237,6,0,32.32743996,-98.83243566,48133.0,1290.8496732026144,2.5316455696202533,231,235,6,0,229,235,18322,2,0,0,2,0
2020-10-23,US,Texas,Ector,6025,115,0,31.86898877,-102.54294279999999,48135.0,3624.6488151459184,1.9087136929460584,5910,5986,115,0,5871,5913,162124,39,0,0,39,73
2020-10-23,US,Texas,Edwards,68,2,0,29.98202582,-100.304252,48137.0,3519.6687370600416,2.9411764705882355,66,68,2,0,66,68,1928,0,0,0,0,0
2020-10-23,US,Texas,El Paso,36025,581,0,31.76980765,-106.23632749999999,48141.0,4292.584463525245,1.6127689104788339,35444,34760,579,0,34181,34760,840758,1265,2,0,1263,0
2020-10-23,US,Texas,Ellis,4816,75,0,32.34894117,-96.79371841,48139.0,2605.6940040903337,1.5573089700996678,4741,4796,75,0,4721,4796,179436,20,0,0,20,0
2020-10-23,US,Texas,Erath,993,13,0,32.23602653,-98.21773417,48143.0,2325.6358611644573,1.309164149043303,980,991,13,0,978,991,42446,2,0,0,2,0
2020-10-23,US,Texas,Falls,646,5,0,31.25350609,-96.93630086,48145.0,3734.75169104469,0.7739938080495357,641,639,5,0,634,639,17335,7,0,0,7,0
2020-10-23,US,Texas,Fannin,758,16,0,33.59564294,-96.10751083,48147.0,2134.369544405024,2.1108179419525066,742,755,16,0,739,755,35286,3,0,0,3,0
2020-10-23,US,Texas,Fayette,665,22,0,29.87788372,-96.92076062,48149.0,2623.6881559220387,3.3082706766917283,643,656,22,0,634,656,25349,9,0,0,9,0
2020-10-23,US,Texas,Fisher,96,3,0,32.74281316,-100.40193020000001,48151.0,2506.5274151436033,3.125,93,91,3,0,88,91,3839,5,0,0,5,0
2020-10-23,US,Texas,Floyd,125,9,0,34.07227468,-101.3031546,48153.0,2188.375350140056,7.2,116,121,9,0,112,121,5837,4,0,0,4,0
2020-10-23,US,Texas,Foard,20,0,0,33.97308618,-99.7767797,48155.0,1731.6017316017317,0.0,20,20,0,0,20,20,1200,0,0,0,0,0
2020-10-23,US,Texas,Fort Bend,17392,305,0,29.52704478,-95.77219463,48157.0,2142.695222794965,1.7536798528058877,17087,17362,303,0,17059,17351,787858,30,2,0,28,11
2020-10-23,US,Texas,Franklin,200,7,0,33.17653242,-95.21917243,48159.0,1864.801864801865,3.5,193,183,7,0,176,183,10766,17,0,0,17,0
2020-10-23,US,Texas,Freestone,449,4,0,31.70422788,-96.15072516,48161.0,2277.222701222296,0.8908685968819601,445,440,4,0,436,440,19808,9,0,0,9,0
2020-10-23,US,Texas,Frio,1007,9,0,28.86751206,-99.10804207,48163.0,4959.125381660593,0.8937437934458788,998,1008,9,0,999,1008,19816,-1,0,0,-1,0
2020-10-23,US,Texas,Gaines,503,10,0,32.74055318,-102.6353295,48165.0,2340.4057323655315,1.9880715705765408,493,493,10,0,483,493,20901,10,0,0,10,0
2020-10-23,US,Texas,Galveston,12222,168,0,29.40167322,-94.90469073,48167.0,3572.232338318637,1.3745704467353952,12054,12172,168,0,12004,12172,337890,50,0,0,50,0
2020-10-23,US,Texas,Garza,122,5,0,33.17969345,-101.2984114,48169.0,1958.5808315941565,4.0983606557377055,117,121,5,0,116,121,6578,1,0,0,1,0
2020-10-23,US,Texas,Gillespie,353,10,0,30.31824095,-98.94676915,48171.0,1307.9887357344005,2.8328611898016995,343,351,10,0,341,351,26804,2,0,0,2,0
2020-10-23,US,Texas,Glasscock,12,0,0,31.86942909,-101.5207776,48173.0,851.6678495386798,0.0,12,12,0,0,12,12,1388,0,0,0,0,0
2020-10-23,US,Texas,Goliad,157,6,0,28.65696592,-97.42760647,48175.0,2050.1436406372422,3.8216560509554136,151,157,6,0,151,157,7584,0,0,0,0,0
2020-10-23,US,Texas,Gonzales,1110,20,0,29.45634206,-97.49424032,48177.0,5327.062437011085,1.8018018018018016,1090,1110,20,0,1090,1110,20826,0,0,0,0,0
2020-10-23,US,Texas,Gray,412,10,0,35.40081878,-100.8129222,48179.0,1882.4819519327425,2.4271844660194173,402,408,10,0,398,408,21895,4,0,0,4,0
2020-10-23,US,Texas,Grayson,2419,64,0,33.62744998,-96.67753461,48181.0,1775.908143188559,2.645721372467962,2355,2340,62,0,2278,2340,133991,79,2,0,77,0
2020-10-23,US,Texas,Gregg,2503,84,0,32.47940482,-94.81591935,48183.0,2019.4441082738308,3.355972832600879,2419,2470,83,0,2387,2470,123707,33,1,0,32,0
2020-10-23,US,Texas,Grimes,1170,35,0,30.54579585,-95.98902499,48185.0,4051.2465373961213,2.9914529914529915,1135,1157,35,0,1122,1157,28360,13,0,0,13,0
2020-10-23,US,Texas,Guadalupe,3818,79,0,29.58165339,-97.94786822,48187.0,2288.3240333958656,2.069146149816658,3739,3806,79,0,3727,3806,163694,12,0,0,12,0
2020-10-23,US,Texas,Hale,2444,60,0,34.07044901,-101.82681140000001,48189.0,7316.051008800814,2.4549918166939437,2384,2407,59,0,2348,2407,33830,37,1,0,36,0
2020-10-23,US,Texas,Hall,44,1,0,34.5307555,-100.68138520000001,48191.0,1484.4804318488532,2.272727272727273,43,41,1,0,40,41,3028,3,0,0,3,0
2020-10-23,US,Texas,Hamilton,185,4,0,31.70470573,-98.11083887,48193.0,2186.5027774494747,2.1621621621621623,181,182,4,0,178,182,8484,3,0,0,3,0
2020-10-23,US,Texas,Hansford,193,6,0,36.27743284,-101.3545796,48195.0,3574.736062233747,3.1088082901554404,187,187,6,0,181,187,5463,6,0,0,6,0
2020-10-23,US,Texas,Hardeman,60,1,0,34.28944521,-99.74632408,48197.0,1525.5530129672006,1.6666666666666667,59,60,1,0,59,60,3922,0,0,0,0,0
2020-10-23,US,Texas,Hardin,1424,34,0,30.33364686,-94.38931817,48199.0,2472.136384153328,2.3876404494382024,1390,1416,34,0,1382,1416,57207,8,0,0,8,0
2020-10-23,US,Texas,Harris,157392,2759,0,29.85864939,-95.39339521,48201.0,3339.2986904149407,1.7529480532682729,154633,156742,2750,0,153992,156035,4698619,650,9,0,641,707
2020-10-23,US,Texas,Harrison,1060,38,0,32.54935988,-94.36934071,48203.0,1592.7155800640094,3.5849056603773586,1022,1042,38,0,1004,1042,66726,18,0,0,18,0
2020-10-23,US,Texas,Hartley,169,0,0,35.84008013,-102.6029022,48205.0,3030.8464849354377,0.0,169,168,0,0,168,168,5619,1,0,0,1,0
2020-10-23,US,Texas,Haskell,78,3,0,33.17823584,-99.73037358,48207.0,1378.5790031813365,3.8461538461538463,75,78,3,0,75,78,5813,0,0,0,0,0
2020-10-23,US,Texas,Hays,6287,86,0,30.05669873,-98.02944344,48209.0,2731.210168946657,1.3679020200413552,6201,6268,74,0,6194,6246,222631,19,12,0,7,22
2020-10-23,US,Texas,Hemphill,133,0,0,35.83764858,-100.2703577,48211.0,3482.587064676617,0.0,133,133,0,0,133,133,3825,0,0,0,0,0
2020-10-23,US,Texas,Henderson,1213,31,0,32.21128872,-95.85846587,48213.0,1466.0913496984424,2.555647155812036,1182,1203,30,0,1173,1203,82299,10,1,0,9,0
2020-10-23,US,Texas,Hidalgo,34970,1919,0,26.39418217,-98.18299696,48215.0,4025.5229899148967,5.4875607663711765,33051,34343,1899,0,32444,34343,865939,627,20,0,607,0
2020-10-23,US,Texas,Hill,780,16,0,31.99045053,-97.13423143,48217.0,2128.2981800321973,2.051282051282051,764,762,15,0,747,762,36354,18,1,0,17,0
2020-10-23,US,Texas,Hockley,557,12,0,33.60771256,-102.3431676,48219.0,2419.5299943529817,2.154398563734291,545,519,12,0,507,519,22980,38,0,0,38,0
2020-10-23,US,Texas,Hood,1148,37,0,32.42990927,-97.83242024,48221.0,1862.336356115049,3.2229965156794425,1111,1130,35,0,1095,1130,60537,18,2,0,16,0
2020-10-23,US,Texas,Hopkins,592,26,0,33.14875072,-95.56351139,48223.0,1596.3757954913171,4.391891891891892,566,589,23,0,566,589,36810,3,3,0,0,0
2020-10-23,US,Texas,Houston,416,12,0,31.31925973,-95.42226208,48225.0,1811.2156043190523,2.8846153846153846,404,415,11,0,404,415,23169,1,1,0,0,0
2020-10-23,US,Texas,Howard,1053,21,0,32.30621324,-101.4356444,48227.0,2872.0270565132014,1.9943019943019944,1032,1044,20,0,1024,1044,36459,9,1,0,8,0
2020-10-23,US,Texas,Hudspeth,75,3,0,31.45628381,-105.388178,48229.0,1534.9979533360622,4.0,72,75,3,0,72,75,4795,0,0,0,0,0
2020-10-23,US,Texas,Hunt,1934,43,0,33.12351514,-96.08551032,48231.0,1961.5798121589548,2.2233712512926576,1891,1934,43,0,1891,1934,96493,0,0,0,0,0
2020-10-23,US,Texas,Hutchinson,306,7,0,35.84006574,-101.3546643,48233.0,1461.4576368325534,2.2875816993464047,299,294,7,0,287,294,21198,12,0,0,12,0
2020-10-23,US,Texas,Irion,13,0,0,31.30375559,-100.982439,48235.0,846.3541666666665,0.0,13,13,0,0,13,13,1522,0,0,0,0,0
2020-10-23,US,Texas,Jack,150,3,0,33.23377248,-98.17283469,48237.0,1678.7912702853946,2.0,147,149,3,0,146,149,8843,1,0,0,1,0
2020-10-23,US,Texas,Jackson,640,16,0,28.95472367,-96.57749563,48239.0,4336.043360433604,2.5,624,639,16,0,623,639,14874,1,0,0,1,0
2020-10-23,US,Texas,Jasper,512,34,0,30.74685667,-94.02667579,48241.0,1441.0763038644488,6.640625,478,511,34,0,477,511,35872,1,0,0,1,0
2020-10-23,US,Texas,Jeff Davis,17,0,0,30.71490589,-104.1399973,48243.0,747.5813544415128,0.0,17,17,0,0,17,17,2252,0,0,0,0,0
2020-10-23,US,Texas,Jefferson,8179,149,0,29.8832777,-94.16434171,48245.0,3251.2471925744835,1.8217385988507155,8030,8139,148,0,7991,8139,255001,40,1,0,39,0
2020-10-23,US,Texas,Jim Hogg,162,5,0,27.04453923,-98.69681870000001,48247.0,3115.384615384615,3.08641975308642,157,162,5,0,157,162,5248,0,0,0,0,0
2020-10-23,US,Texas,Jim Wells,1534,52,0,27.73103938,-98.0904705,48249.0,3789.338471419396,3.3898305084745757,1482,1533,51,0,1482,1533,40822,1,1,0,0,0
2020-10-23,US,Texas,Johnson,3505,63,0,32.37877812,-97.36615819,48251.0,1993.5501117639365,1.797432239657632,3442,3479,63,0,3416,3479,171361,26,0,0,26,0
2020-10-23,US,Texas,Jones,593,2,0,32.73997145,-99.87861576,48253.0,2952.7461036697705,0.3372681281618887,591,591,2,0,589,591,19817,2,0,0,2,0
2020-10-23,US,Texas,Karnes,948,17,0,28.90705334,-97.85960149,48255.0,6076.533555541311,1.7932489451476794,931,948,17,0,931,948,15650,0,0,0,0,0
2020-10-23,US,Texas,Kaufman,3449,55,0,32.599141700000004,-96.28734728,48257.0,2533.1609794791198,1.5946651203247315,3394,3436,54,0,3382,3436,128622,13,1,0,12,0
2020-10-23,US,Texas,Kendall,378,10,0,29.94414155,-98.7113588,48259.0,796.947144272733,2.6455026455026456,368,377,10,0,367,377,45641,1,0,0,1,0
2020-10-23,US,Texas,Kenedy,7,2,0,26.92601662,-97.66413984,48261.0,1732.6732673267327,28.57142857142857,5,7,2,0,5,7,442,0,0,0,0,0
2020-10-23,US,Texas,Kent,10,0,0,33.18104136,-100.7780939,48263.0,1312.3359580052493,0.0,10,10,0,0,10,10,726,0,0,0,0,0
2020-10-23,US,Texas,Kerr,684,13,0,30.06040006,-99.34930144,48265.0,1300.3802281368821,1.9005847953216373,671,679,13,0,666,679,52405,5,0,0,5,0
2020-10-23,US,Texas,Kimble,21,1,0,30.48678918,-99.74856473,48267.0,484.2056721235877,4.761904761904762,20,21,1,0,20,21,4362,0,0,0,0,0
2020-10-23,US,Texas,King,1,0,0,33.61643847,-100.2558057,48269.0,367.6470588235293,0.0,1,1,0,0,1,1,277,0,0,0,0,0
2020-10-23,US,Texas,Kinney,73,1,0,29.34967888,-100.41866379999999,48271.0,1990.7281156258523,1.3698630136986298,72,72,1,0,71,72,3767,1,0,0,1,0
2020-10-23,US,Texas,Kleberg,999,51,0,27.42435506,-97.69894948,48273.0,3256.19295958279,5.105105105105106,948,999,50,0,949,999,31129,0,1,0,-1,0
2020-10-23,US,Texas,Knox,111,8,0,33.60519951,-99.74229059999999,48275.0,3029.475982532751,7.207207207207206,103,111,8,0,103,111,3653,0,0,0,0,0
2020-10-23,US,Texas,La Salle,366,13,0,28.34453111,-99.09908775,48283.0,4867.021276595745,3.551912568306011,353,369,13,0,356,369,7531,-3,0,0,-3,0
2020-10-23,US,Texas,Lamar,1695,45,0,33.66981763,-95.57404777,48277.0,3399.5868348743456,2.6548672566371683,1650,1644,44,0,1600,1644,49728,51,1,0,50,0
2020-10-23,US,Texas,Lamb,491,23,0,34.06859623,-102.35162890000001,48279.0,3808.268052431552,4.684317718940936,468,482,23,0,459,482,13158,9,0,0,9,0
2020-10-23,US,Texas,Lampasas,304,9,0,31.19531316,-98.24206613,48281.0,1418.7044987866345,2.9605263157894735,295,298,9,0,289,298,21229,6,0,0,6,0
2020-10-23,US,Texas,Lavaca,1117,39,0,29.38508402,-96.93186692,48285.0,5542.32410439615,3.491495076096688,1078,1110,38,0,1072,1110,20110,7,1,0,6,0
2020-10-23,US,Texas,Lee,236,14,0,30.31120597,-96.97045773,48287.0,1368.988920471025,5.932203389830509,222,235,14,0,221,235,17144,1,0,0,1,0
2020-10-23,US,Texas,Leon,322,11,0,31.29872538,-95.9936328,48289.0,1850.1493909446106,3.4161490683229814,311,319,10,0,309,319,17270,3,1,0,2,0
2020-10-23,US,Texas,Liberty,2272,57,0,30.15152688,-94.81205615,48291.0,2575.408925514912,2.5088028169014085,2215,2266,56,0,2210,2266,86323,6,1,0,5,0
2020-10-23,US,Texas,Limestone,661,16,0,31.5454767,-96.58095444,48293.0,2820.326833639117,2.4205748865355523,645,659,16,0,643,659,23519,2,0,0,2,0
2020-10-23,US,Texas,Lipscomb,66,1,0,36.27783108,-100.27331509999999,48295.0,2041.4475719146305,1.5151515151515151,65,66,1,0,65,66,3355,0,0,0,0,0
2020-10-23,US,Texas,Live Oak,381,10,0,28.35101362,-98.1246786,48297.0,3121.1599901695754,2.6246719160104988,371,381,10,0,371,381,12166,0,0,0,0,0
2020-10-23,US,Texas,Llano,167,2,0,30.70645047,-98.68475262,48299.0,766.2307868777243,1.1976047904191616,165,165,2,0,163,165,21646,2,0,0,2,0
2020-10-23,US,Texas,Lubbock,16417,158,0,33.61008596,-101.82047890000001,48303.0,5286.103893176718,0.962417006761284,16259,16130,155,0,15975,16130,307412,287,3,0,284,0
2020-10-23,US,Texas,Lynn,163,5,0,33.17657705,-101.8162849,48305.0,2739.0354562258444,3.0674846625766867,158,160,5,0,155,160,5877,3,0,0,3,0
2020-10-23,US,Texas,Madison,741,6,0,30.96694679,-95.93003775,48313.0,5187.622514701764,0.8097165991902834,735,739,6,0,733,739,14422,2,0,0,2,0
2020-10-23,US,Texas,Marion,170,14,0,32.79868409,-94.35661230000001,48315.0,1725.1877410188754,8.235294117647058,156,168,14,0,154,168,9928,2,0,0,2,0
2020-10-23,US,Texas,Martin,86,7,0,32.30600051,-101.9513518,48317.0,1490.2096690348294,8.13953488372093,79,86,7,0,79,86,5753,0,0,0,0,0
2020-10-23,US,Texas,Mason,80,2,0,30.71780434,-99.22629416,48319.0,1871.7828731867105,2.5,78,80,2,0,78,80,4280,0,0,0,0,0
2020-10-23,US,Texas,Matagorda,1092,53,0,28.81955746,-96.01230294,48321.0,2980.105340719919,4.853479853479853,1039,1089,52,0,1037,1089,36552,3,1,0,2,0
2020-10-23,US,Texas,Maverick,4110,144,0,28.7429195,-100.3157686,48323.0,6999.080412792479,3.5036496350364965,3966,4084,142,0,3942,4084,58485,26,2,0,24,0
2020-10-23,US,Texas,McCulloch,196,4,0,31.1925468,-99.34682807,48307.0,2454.9098196392783,2.0408163265306123,192,194,4,0,190,194,7987,2,0,0,2,0
2020-10-23,US,Texas,McLennan,9632,130,0,31.55255453,-97.20217694,48309.0,3753.365832368884,1.3496677740863787,9502,9573,129,0,9444,9573,254607,59,1,0,58,0
2020-10-23,US,Texas,McMullen,24,1,0,28.35251708,-98.56769164,48311.0,3230.1480484522212,4.166666666666667,23,24,1,0,23,24,749,0,0,0,0,0
2020-10-23,US,Texas,Medina,1262,48,0,29.355730100000002,-99.11030298,48325.0,2446.495037220844,3.803486529318542,1214,1257,48,0,1209,1257,50921,5,0,0,5,0
2020-10-23,US,Texas,Menard,50,0,0,30.88990665,-99.82047940000001,48327.0,2338.6342376052385,0.0,50,49,0,0,49,49,2139,1,0,0,1,0
2020-10-23,US,Texas,Midland,4979,90,0,31.86904128,-102.03156820000001,48329.0,2815.6668476293885,1.807591885920868,4889,4875,89,0,4786,4771,172578,104,1,0,103,104
2020-10-23,US,Texas,Milam,542,7,0,30.78581830000001,-96.97718698,48331.0,2183.45888893365,1.2915129151291511,535,539,7,0,532,539,25131,3,0,0,3,0
2020-10-23,US,Texas,Mills,73,1,0,31.49557106,-98.59272068,48333.0,1498.0504822491278,1.3698630136986298,72,71,1,0,70,71,4921,2,0,0,2,0
2020-10-23,US,Texas,Mitchell,157,2,0,32.30623474,-100.9212058,48335.0,1837.3317729666476,1.2738853503184713,155,154,2,0,152,154,8145,3,0,0,3,0
2020-10-23,US,Texas,Montague,249,5,0,33.67521893,-97.72500958,48337.0,1256.4335452618832,2.0080321285140563,244,245,5,0,240,245,19596,4,0,0,4,0
2020-10-23,US,Texas,Montgomery,13575,172,0,30.30079133,-95.50572772,48339.0,2234.9689080016,1.267034990791897,13403,13436,172,0,13264,13224,590925,139,0,0,139,212
2020-10-23,US,Texas,Moore,1305,22,0,35.83769242,-101.8930281,48341.0,6232.091690544413,1.685823754789272,1283,1289,22,0,1267,1289,21485,16,0,0,16,0
2020-10-23,US,Texas,Morris,213,5,0,33.11304005,-94.73255695,48343.0,1719.4058766548276,2.347417840375587,208,209,5,0,204,209,12339,4,0,0,4,0
2020-10-23,US,Texas,Motley,17,0,0,34.07408766,-100.77972199999999,48345.0,1416.666666666667,0.0,17,14,0,0,14,14,1234,3,0,0,3,0
2020-10-23,US,Texas,Nacogdoches,1778,68,0,31.62017125,-94.61803994,48347.0,2726.826575056745,3.8245219347581547,1710,1768,68,0,1700,1768,65711,10,0,0,10,0
2020-10-23,US,Texas,Navarro,1404,32,0,32.04620681,-96.47428766,48349.0,2801.6682298006513,2.2792022792022792,1372,1393,31,0,1362,1393,49565,11,1,0,10,0
2020-10-23,US,Texas,Newton,188,13,0,30.78548982,-93.74408813,48351.0,1382.8613460831189,6.914893617021277,175,188,13,0,175,188,13746,0,0,0,0,0
2020-10-23,US,Texas,Nolan,383,5,0,32.30365282,-100.4060208,48353.0,2602.9631643332878,1.3054830287206267,378,378,5,0,373,378,14751,5,0,0,5,0
2020-10-23,US,Texas,Nueces,21125,439,0,27.736286,-97.5433285,48355.0,5830.899766487991,2.07810650887574,20686,21087,438,0,20649,21058,362265,38,1,0,37,29
2020-10-23,US,Texas,Ochiltree,288,5,0,36.27829105,-100.8158184,48357.0,2928.0195201301344,1.7361111111111112,283,279,5,0,274,279,9947,9,0,0,9,0
2020-10-23,US,Texas,Oldham,27,2,0,35.40425596,-102.6027606,48359.0,1278.409090909091,7.407407407407407,25,27,2,0,25,27,2131,0,0,0,0,0
2020-10-23,US,Texas,Orange,2126,46,0,30.11879481,-93.89412775,48361.0,2549.2829392296994,2.1636876763875823,2080,2116,46,0,2070,2116,83572,10,0,0,10,0
2020-10-23,US,Texas,Palo Pinto,678,17,0,32.75310985,-98.31319001,48363.0,2322.7928329165093,2.5073746312684366,661,677,17,0,660,677,28875,1,0,0,1,0
2020-10-23,US,Texas,Panola,457,28,0,32.163959600000005,-94.30552481,48365.0,1970.337156161076,6.12691466083151,429,455,27,0,428,455,23148,2,1,0,1,0
2020-10-23,US,Texas,Parker,2350,45,0,32.77757172,-97.80500621,48367.0,1644.7598650597013,1.9148936170212767,2305,2299,44,0,2255,2299,138371,51,1,0,50,0
2020-10-23,US,Texas,Parmer,552,18,0,34.52993409,-102.78446679999999,48369.0,5747.006767308691,3.260869565217391,534,547,17,0,530,547,9864,5,1,0,4,0
2020-10-23,US,Texas,Pecos,432,6,0,30.78097267,-102.72412609999999,48371.0,2730.2028692409785,1.3888888888888888,426,423,5,0,418,423,15673,9,1,0,8,0
2020-10-23,US,Texas,Polk,912,32,0,30.79472531,-94.82766240000001,48373.0,1775.9429828831812,3.5087719298245608,880,912,31,0,881,912,50031,0,1,0,-1,0
2020-10-23,US,Texas,Potter,7682,100,0,35.40133773,-101.893964,48375.0,6542.605288932419,1.3017443374121322,7582,7540,98,0,7442,7446,119648,142,2,0,140,94
2020-10-23,US,Texas,Presidio,124,7,0,29.99954402,-104.24080790000001,48377.0,1849.6420047732693,5.645161290322582,117,124,7,0,117,124,6948,0,0,0,0,0
2020-10-23,US,Texas,Rains,86,5,0,32.87109387,-95.79232691,48379.0,687.2303020616906,5.813953488372092,81,85,5,0,80,85,12159,1,0,0,1,0
2020-10-23,US,Texas,Randall,4662,50,0,34.96585996,-101.8971322,48381.0,3385.3013150537713,1.0725010725010724,4612,4532,49,0,4483,4532,136271,130,1,0,129,0
2020-10-23,US,Texas,Reagan,90,6,0,31.36607041,-101.52326590000001,48383.0,2338.269680436477,6.666666666666668,84,90,6,0,84,90,3741,0,0,0,0,0
2020-10-23,US,Texas,Real,124,8,0,29.83321503,-99.82018052,48385.0,3592.120509849363,6.451612903225807,116,122,8,0,114,122,3478,2,0,0,2,0
2020-10-23,US,Texas,Red River,196,17,0,33.61886692,-95.04841765,48387.0,1630.208766530816,8.673469387755103,179,190,17,0,173,190,12175,6,0,0,6,0
2020-10-23,US,Texas,Reeves,257,6,0,31.32323325,-103.69038959999999,48389.0,1608.6629944917374,2.3346303501945527,251,249,6,0,243,249,15695,8,0,0,8,0
2020-10-23,US,Texas,Refugio,305,16,0,28.323897600000002,-97.15766311,48391.0,4389.752446747266,5.245901639344262,289,305,16,0,289,305,7032,0,0,0,0,0
2020-10-23,US,Texas,Roberts,14,0,0,35.83809685,-100.813175,48393.0,1639.344262295082,0.0,14,14,0,0,14,14,903,0,0,0,0,0
2020-10-23,US,Texas,Robertson,403,4,0,31.02539637,-96.51272246,48395.0,2360.3139276092306,0.9925558312655088,399,402,4,0,398,402,17284,1,0,0,1,0
2020-10-23,US,Texas,Rockwall,1854,32,0,32.89779518,-96.40771592,48397.0,1767.1448315302866,1.7259978425026967,1822,1838,32,0,1806,1838,100657,16,0,0,16,0
2020-10-23,US,Texas,Runnels,289,9,0,31.8314342,-99.97616148,48399.0,2815.6664068589243,3.1141868512110733,280,287,9,0,278,287,10234,2,0,0,2,0
2020-10-23,US,Texas,Rusk,990,21,0,32.10773545,-94.76176432,48401.0,1819.652244237768,2.121212121212121,969,990,21,0,969,990,54450,0,0,0,0,0
2020-10-23,US,Texas,Sabine,90,9,0,31.34318809,-93.85440451,48403.0,853.7279453614115,10.0,81,89,9,0,80,89,10589,1,0,0,1,0
2020-10-23,US,Texas,San Augustine,214,15,0,31.39457611,-94.17000399,48405.0,2598.0332645380604,7.009345794392522,199,214,15,0,199,214,8232,0,0,0,0,0
2020-10-23,US,Texas,San Jacinto,236,11,0,30.57933681,-95.16260304,48407.0,817.7691534703212,4.6610169491525415,225,236,11,0,225,236,28719,0,0,0,0,0
2020-10-23,US,Texas,San Patricio,1549,80,0,28.00880118,-97.51763891,48409.0,2321.29476996853,5.164622336991608,1469,1549,80,0,1469,1549,66893,0,0,0,0,0
2020-10-23,US,Texas,San Saba,113,1,0,31.1577796,-98.81758731,48411.0,1866.226259289843,0.8849557522123894,112,112,1,0,111,112,6054,1,0,0,1,0
2020-10-23,US,Texas,Schleicher,55,2,0,30.89740592,-100.5384842,48413.0,1969.2087361260294,3.636363636363636,53,55,2,0,53,55,2895,0,0,0,0,0
2020-10-23,US,Texas,Scurry,1035,12,0,32.74613808,-100.91626640000001,48415.0,6196.491648206909,1.1594202898550725,1023,995,12,0,983,995,16866,40,0,0,40,0
2020-10-23,US,Texas,Shackelford,36,0,0,32.73587756,-99.35401337,48417.0,1102.6033690658498,0.0,36,35,0,0,35,35,3253,1,0,0,1,0
2020-10-23,US,Texas,Shelby,542,30,0,31.79211404,-94.14550696,48419.0,2144.4963203291927,5.535055350553505,512,542,30,0,512,542,25418,0,0,0,0,0
2020-10-23,US,Texas,Sherman,76,1,0,36.27751473,-101.8933156,48421.0,2514.890800794176,1.3157894736842106,75,72,1,0,71,72,3079,4,0,0,4,0
2020-10-23,US,Texas,Smith,4293,127,0,32.37474036,-95.27175679999999,48423.0,1844.4603889994028,2.9583042161658515,4166,4269,125,0,4144,4269,230221,24,2,0,22,0
2020-10-23,US,Texas,Somervell,157,5,0,32.22236802,-97.77403489,48425.0,1719.9824715162138,3.1847133757961785,152,156,5,0,151,156,9016,1,0,0,1,0
2020-10-23,US,Texas,Starr,3496,182,0,26.56150059,-98.73892358,48427.0,5409.00159361317,5.2059496567505725,3314,3492,181,0,3311,3492,64525,4,1,0,3,0
2020-10-23,US,Texas,Stephens,155,4,0,32.73553157,-98.83631615,48429.0,1654.922058509503,2.5806451612903225,151,154,4,0,150,154,9433,1,0,0,1,0
2020-10-23,US,Texas,Sterling,12,0,0,31.82781912,-101.05007459999999,48431.0,929.5120061967468,0.0,12,12,0,0,12,12,1311,0,0,0,0,0
2020-10-23,US,Texas,Stonewall,18,1,0,33.17906744,-100.25384009999999,48433.0,1333.3333333333333,5.5555555555555545,17,18,1,0,17,18,1362,0,0,0,0,0
2020-10-23,US,Texas,Sutton,102,3,0,30.49856623,-100.5382014,48435.0,2701.2711864406783,2.9411764705882355,99,97,3,0,94,97,3758,5,0,0,5,0
2020-10-23,US,Texas,Swisher,140,3,0,34.53028891,-101.73491740000001,48437.0,1892.65918615655,2.142857142857143,137,137,3,0,134,137,7462,3,0,0,3,0
2020-10-23,US,Texas,Tarrant,62375,801,0,32.77143818,-97.29101614,48439.0,2966.6851366102032,1.2841683366733467,61574,61527,796,0,60731,60795,2084931,848,5,0,843,732
2020-10-23,US,Texas,Taylor,1811,63,0,32.30163422,-99.89007449,48441.0,1311.9955952881173,3.4787410270568753,1748,1785,62,0,1723,1785,137640,26,1,0,25,0
2020-10-23,US,Texas,Terrell,4,0,0,30.22429013,-102.0766732,48443.0,515.4639175257731,0.0,4,4,0,0,4,4,823,0,0,0,0,0
2020-10-23,US,Texas,Terry,493,7,0,33.17402785,-102.3354521,48445.0,3996.109264813164,1.4198782961460443,486,487,7,0,480,487,12287,6,0,0,6,0
2020-10-23,US,Texas,Throckmorton,17,2,0,33.17751417,-99.21226795,48447.0,1132.5782811459028,11.764705882352944,15,17,2,0,15,17,1515,0,0,0,0,0
2020-10-23,US,Texas,Titus,1695,35,0,33.21339719,-94.96797273,48449.0,5175.572519083969,2.0648967551622417,1660,1695,35,0,1660,1695,33033,0,0,0,0,0
2020-10-23,US,Texas,Tom Green,4548,77,0,31.40464436,-100.46244300000001,48451.0,3815.4362416107374,1.6930518909410732,4471,4472,75,0,4397,4427,118189,76,2,0,74,45
2020-10-23,US,Texas,Travis,31411,448,0,30.33432034,-97.78535620000001,48453.0,2465.630627165502,1.4262519499538375,30963,31327,448,0,30879,31228,1248743,84,0,0,84,99
2020-10-23,US,Texas,Trinity,205,7,0,31.0879489,-95.1367187,48455.0,1399.2218961163062,3.414634146341464,198,205,7,0,198,205,14740,0,0,0,0,0
2020-10-23,US,Texas,Tyler,259,4,0,30.77031716,-94.37690895,48457.0,1195.0904392764858,1.5444015444015444,255,259,4,0,255,259,21696,0,0,0,0,0
2020-10-23,US,Texas,Upshur,479,12,0,32.73706798,-94.93999853,48459.0,1147.222954039231,2.5052192066805845,467,467,12,0,455,467,41260,12,0,0,12,0
2020-10-23,US,Texas,Upton,27,3,0,31.36868194,-102.0423217,48461.0,738.3100902378999,11.111111111111109,24,27,3,0,24,27,3671,0,0,0,0,0
2020-10-23,US,Texas,Uvalde,824,36,0,29.35739637,-99.76229172,48463.0,3081.4105680415837,4.368932038834951,788,824,36,0,788,824,26846,0,0,0,0,0
2020-10-23,US,Texas,Val Verde,2431,124,0,29.89149232,-101.1525205,48465.0,4958.694543600204,5.100781571369806,2307,2431,124,0,2307,2431,49208,0,0,0,0,0
2020-10-23,US,Texas,Van Zandt,665,26,0,32.56483801,-95.83766469,48467.0,1175.1192790245627,3.909774436090225,639,662,26,0,636,662,56019,3,0,0,3,0
2020-10-23,US,Texas,Victoria,4232,97,0,28.79780988,-96.96813006,48469.0,4595.803831284479,2.2920604914933835,4135,4224,97,0,4127,4224,92035,8,0,0,8,0
2020-10-23,US,Texas,Walker,3906,62,0,30.73872995,-95.57440968,48471.0,5352.811390826493,1.5873015873015872,3844,3854,62,0,3792,3854,72480,52,0,0,52,0
2020-10-23,US,Texas,Waller,952,17,0,30.01058447,-95.99011759,48473.0,1723.2016797596207,1.7857142857142858,935,951,17,0,934,951,53126,1,0,0,1,0
2020-10-23,US,Texas,Ward,157,1,0,31.50999644,-103.09279090000001,48475.0,1308.5514252375394,0.6369426751592356,156,157,1,0,156,157,11720,0,0,0,0,0
2020-10-23,US,Texas,Washington,692,48,0,30.21498498,-96.40946246,48477.0,1928.543559444847,6.9364161849710975,644,692,48,0,644,692,35108,0,0,0,0,0
2020-10-23,US,Texas,Webb,15011,349,0,27.7610369,-99.33237355,48479.0,5425.950291340746,2.324961694757178,14662,14949,348,0,14601,14909,275910,62,1,0,61,40
2020-10-23,US,Texas,Wharton,1415,58,0,29.27765923,-96.22319248,48481.0,3405.0437963230347,4.098939929328623,1357,1415,58,0,1357,1415,41619,0,0,0,0,0
2020-10-23,US,Texas,Wheeler,65,0,0,35.40114335,-100.26995140000001,48483.0,1285.6012658227844,0.0,65,62,0,0,62,62,5191,3,0,0,3,0
2020-10-23,US,Texas,Wichita,3217,31,0,33.98842886,-98.70410340000001,48485.0,2432.8820993723057,0.9636307118433324,3186,3134,31,0,3103,3134,132064,83,0,0,83,0
2020-10-23,US,Texas,Wilbarger,313,3,0,34.07945812,-99.24178437,48487.0,2451.249118959981,0.9584664536741214,310,308,3,0,305,308,12820,5,0,0,5,0
2020-10-23,US,Texas,Willacy,1203,55,0,26.47411727,-97.61535848,48489.0,5632.549864219496,4.57190357439734,1148,1202,55,0,1147,1202,21515,1,0,0,1,0
2020-10-23,US,Texas,Williamson,9335,151,0,30.64655664,-97.60048540000001,48491.0,1580.7271514229928,1.6175682913765401,9184,9289,151,0,9138,9263,566719,46,0,0,46,26
2020-10-23,US,Texas,Wilson,991,28,0,29.1732598,-98.08693082,48493.0,1940.4738594086548,2.825428859737639,963,982,28,0,954,982,50224,9,0,0,9,0
2020-10-23,US,Texas,Winkler,137,4,0,31.85008651,-103.04851629999999,48495.0,1710.3620474406991,2.9197080291970803,133,136,4,0,132,136,7720,1,0,0,1,0
2020-10-23,US,Texas,Wise,885,15,0,33.21570665,-97.65460265,48497.0,1264.5747599451304,1.6949152542372878,870,881,15,0,866,881,68305,4,0,0,4,0
2020-10-23,US,Texas,Wood,623,36,0,32.78722382,-95.38236368,48499.0,1368.0581479610885,5.7784911717495975,587,621,35,0,586,621,45129,2,1,0,1,0
2020-10-23,US,Texas,Yoakum,289,5,0,33.17320212,-102.82764329999999,48501.0,3316.882818776541,1.7301038062283738,284,289,5,0,284,289,8591,0,0,0,0,0
2020-10-23,US,Texas,Young,507,6,0,33.17659707,-98.68790885,48503.0,2815.102720710717,1.183431952662722,501,497,6,0,491,497,18045,10,0,0,10,0
2020-10-23,US,Texas,Zapata,342,9,0,27.00156391,-99.16987152,48505.0,2412.017772762536,2.631578947368421,333,342,8,0,334,342,14190,0,1,0,-1,0
2020-10-23,US,Texas,Zavala,458,18,0,28.86617238,-99.76050829,48507.0,3868.243243243243,3.930131004366812,440,452,18,0,434,452,11983,6,0,0,6,0
2020-10-23,US,Utah,Bear River,4867,15,0,41.52106798,-113.08328159999999,0.0,2605.2093481356187,0.30819806862543664,4852,4754,15,0,4739,4659,,113,0,0,113,95
2020-10-23,US,Utah,Central Utah,1176,7,0,39.37231946,-111.5758676,0.0,1434.9513141518412,0.5952380952380952,1169,1150,7,0,1143,1122,,26,0,0,26,28
2020-10-23,US,Utah,Davis,7763,41,0,40.99001837,-112.1139997,49011.0,2183.8016659118207,0.5281463351796986,7722,7610,40,0,7570,7463,351713,153,1,0,152,147
2020-10-23,US,Utah,Salt Lake,43647,297,0,40.66616532,-111.92160109999999,49035.0,3761.2554580731226,0.6804591380850917,43350,42902,296,0,42606,42276,1152633,745,1,0,744,626
2020-10-23,US,Utah,San Juan,786,30,0,37.62762978,-109.80337140000002,49037.0,5134.570159393781,3.816793893129771,756,785,30,0,755,775,15449,1,0,0,1,10
2020-10-23,US,Utah,Southeast Utah,422,3,0,38.99617072,-110.70139579999999,0.0,1048.9945064505703,0.7109004739336493,419,408,3,0,405,385,,14,0,0,14,23
2020-10-23,US,Utah,Southwest Utah,5705,49,0,37.85447192,-111.4418764,0.0,2263.511636949397,0.8588957055214724,5656,5571,48,0,5523,5504,,134,1,0,133,67
2020-10-23,US,Utah,Summit,1302,1,0,40.86688146,-110.9535882,49043.0,3089.3344406216634,0.07680491551459294,1301,1274,1,0,1273,1252,41933,28,0,0,28,22
2020-10-23,US,Utah,Tooele,1329,2,0,40.44862644,-113.12957150000001,49045.0,1839.2172601336856,0.1504890895410083,1327,1300,2,0,1298,1272,69907,29,0,0,29,28
2020-10-23,US,Utah,TriCounty,384,2,0,40.12491499,-109.5174415,0.0,678.1816255165836,0.5208333333333334,382,372,2,0,370,357,,12,0,0,12,15
2020-10-23,US,Utah,Utah,26948,78,0,40.116672200000004,-111.66576620000001,49049.0,4235.541898826691,0.2894463411013805,26870,26429,77,0,26352,26067,622213,519,1,0,518,362
2020-10-23,US,Utah,Wasatch,1039,9,0,40.33110236,-111.1691419,49051.0,3047.725206066117,0.8662175168431184,1030,1020,9,0,1011,1008,33240,19,0,0,19,12
2020-10-23,US,Utah,Weber-Morgan,6141,33,0,41.27116049,-111.9145117,0.0,2254.9268002511594,0.537371763556424,6108,5974,33,0,5941,5866,,167,0,0,167,108
2020-10-23,US,Vermont,Addison,117,2,0,44.03217337,-73.14130877,50001.0,318.1336161187698,1.709401709401709,115,117,2,0,115,116,36973,0,0,0,0,1
2020-10-23,US,Vermont,Bennington,134,1,0,43.03519828,-73.09048868,50003.0,377.7840428531153,0.746268656716418,133,134,1,0,133,134,35631,0,0,0,0,0
2020-10-23,US,Vermont,Caledonia,39,0,0,44.46548598,-72.10314651,50005.0,130.03034041276294,0.0,39,38,0,0,38,37,30302,1,0,0,1,1
2020-10-23,US,Vermont,Chittenden,933,39,0,44.46322849,-73.08359212,50007.0,569.6874961837655,4.180064308681672,894,921,39,0,882,913,164572,12,0,0,12,8
2020-10-23,US,Vermont,Essex,6,0,0,44.72736416,-71.73579864,50009.0,97.35518416355671,0.0,6,6,0,0,6,6,6250,0,0,0,0,0
2020-10-23,US,Vermont,Franklin,133,7,0,44.85627605,-72.91249563,50011.0,269.21986964090524,5.2631578947368425,126,133,7,0,126,132,49421,0,0,0,0,1
2020-10-23,US,Vermont,Grand Isle,17,0,0,44.797582399999996,-73.29679772,50013.0,234.96890117484446,0.0,17,17,0,0,17,16,7090,0,0,0,0,1
2020-10-23,US,Vermont,Lamoille,62,1,0,44.60353043,-72.64356694,50015.0,244.46021607128776,1.6129032258064515,61,61,1,0,60,61,25300,1,0,0,1,0
2020-10-23,US,Vermont,Orange,31,0,0,44.00470222,-72.37640104,50017.0,107.2961373390558,0.0,31,31,0,0,31,31,28999,0,0,0,0,0
2020-10-23,US,Vermont,Orleans,28,0,0,44.82964024,-72.24562697,50019.0,103.5617857010763,0.0,28,27,0,0,27,27,26907,1,0,0,1,0
2020-10-23,US,Vermont,Rutland,133,1,0,43.57723578,-73.03741676,50021.0,228.5576807410081,0.7518796992481203,132,133,1,0,132,133,58672,0,0,0,0,0
2020-10-23,US,Vermont,Unassigned,8,0,0,0.0,0.0,90050.0,0.0,0.0,8,8,0,0,8,8,,0,0,0,0,0
2020-10-23,US,Vermont,Washington,119,2,0,44.27343241,-72.61604978,50023.0,203.73572565871697,1.680672268907563,117,109,2,0,107,107,58140,10,0,0,10,2
2020-10-23,US,Vermont,Windham,140,3,0,42.986982,-72.71268875,50025.0,331.5806925299607,2.142857142857143,137,138,3,0,135,137,42756,2,0,0,2,1
2020-10-23,US,Vermont,Windsor,116,2,0,43.58010937,-72.58595157,50027.0,210.6716065526134,1.7241379310344829,114,114,2,0,112,113,55286,2,0,0,2,1
2020-10-23,US,Virginia,Accomack,1206,19,0,37.76707161,-75.63234615,51001.0,3731.8975120683253,1.5754560530679933,1187,1204,19,0,1185,1202,32412,2,0,0,2,2
2020-10-23,US,Virginia,Albemarle,1530,24,0,38.02080697,-78.55481085,51003.0,1399.4329095399246,1.568627450980392,1506,1519,23,0,1496,1501,108718,11,1,0,10,18
2020-10-23,US,Virginia,Alexandria,4179,75,0,38.814003,-77.08183073,51510.0,2621.2459542865745,1.7946877243359656,4104,4162,75,0,4087,4144,160530,17,0,0,17,18
2020-10-23,US,Virginia,Alleghany,105,4,0,37.78636074,-80.00222498,51005.0,706.5948855989232,3.809523809523809,101,95,4,0,91,92,14910,10,0,0,10,3
2020-10-23,US,Virginia,Amelia,143,6,0,37.34081025,-77.98584649,51007.0,1087.8661087866108,4.195804195804196,137,139,6,0,133,139,13013,4,0,0,4,0
2020-10-23,US,Virginia,Amherst,563,4,0,37.60308293,-79.14548696,51009.0,1781.3637082740072,0.7104795737122558,559,555,4,0,551,549,31666,8,0,0,8,6
2020-10-23,US,Virginia,Appomattox,281,5,0,37.37569884,-78.81340003,51011.0,1766.0737854314625,1.7793594306049825,276,281,5,0,276,271,15841,0,0,0,0,10
2020-10-23,US,Virginia,Arlington,4488,153,0,38.8767675,-77.10139853,51013.0,1894.9341755263001,3.4090909090909087,4335,4457,152,0,4305,4437,237521,31,1,0,30,20
2020-10-23,US,Virginia,Augusta,647,8,0,38.16404586,-79.12461614,51015.0,856.2958257232855,1.2364760432766615,639,638,8,0,630,633,75457,9,0,0,9,5
2020-10-23,US,Virginia,Bath,24,0,0,38.05852573,-79.73912095,51017.0,578.7316132143717,0.0,24,23,0,0,23,22,4292,1,0,0,1,1
2020-10-23,US,Virginia,Bedford,1151,17,0,37.3080028,-79.5281964,51019.0,1457.0173550894335,1.476976542137272,1134,1135,17,0,1118,1113,78747,16,0,0,16,22
2020-10-23,US,Virginia,Bland,64,5,0,37.13128068,-81.13599391,51021.0,1019.108280254777,7.8125,59,64,5,0,59,64,6293,0,0,0,0,0
2020-10-23,US,Virginia,Botetourt,378,12,0,37.55531756,-79.80982182,51023.0,1131.0930907567551,3.1746031746031744,366,370,12,0,358,363,33277,8,0,0,8,7
2020-10-23,US,Virginia,Bristol,253,7,0,36.616302399999995,-82.16359122,51520.0,1509.366424054409,2.766798418972332,246,245,7,0,238,240,16482,8,0,0,8,5
2020-10-23,US,Virginia,Brunswick,419,5,0,36.76366949,-77.8593436,51025.0,2581.4798841722627,1.1933174224343674,414,416,5,0,411,414,16384,3,0,0,3,2
2020-10-23,US,Virginia,Buchanan,246,2,0,37.26818323,-82.03749726,51027.0,1171.205484669587,0.8130081300813008,244,245,2,0,243,241,21221,1,0,0,1,4
2020-10-23,US,Virginia,Buckingham,731,9,0,37.57242268,-78.52518834,51029.0,4262.887800326569,1.2311901504787959,722,726,9,0,717,725,16999,5,0,0,5,1
2020-10-23,US,Virginia,Buena Vista,121,1,0,37.73484642,-79.35296097,51530.0,1867.8604507564066,0.8264462809917356,120,121,1,0,120,121,6237,0,0,0,0,0
2020-10-23,US,Virginia,Campbell,672,8,0,37.20553386,-79.09678609,51031.0,1224.3782454222467,1.1904761904761905,664,667,8,0,659,652,54973,5,0,0,5,15
2020-10-23,US,Virginia,Caroline,406,6,0,38.02679129,-77.34901405,51033.0,1321.39951179821,1.477832512315271,400,402,6,0,396,402,30772,4,0,0,4,0
2020-10-23,US,Virginia,Carroll,584,27,0,36.73066666,-80.73455942,51035.0,1960.3235876607032,4.623287671232877,557,578,27,0,551,568,29636,6,0,0,6,10
2020-10-23,US,Virginia,Charles City,98,5,0,37.35358063,-77.05634116,51036.0,1407.4393221312653,5.1020408163265305,93,97,5,0,92,97,6941,1,0,0,1,0
2020-10-23,US,Virginia,Charlotte,203,1,0,37.01909701,-78.66314092,51037.0,1708.7542087542088,0.4926108374384237,202,202,1,0,201,202,11938,1,0,0,1,0
2020-10-23,US,Virginia,Charlottesville,1556,31,0,38.03527919,-78.48569588,51540.0,3292.006939449076,1.9922879177377888,1525,1543,32,0,1511,1536,48117,13,-1,0,14,7
2020-10-23,US,Virginia,Chesapeake,4823,78,0,36.67670048,-76.30545744,51550.0,1969.8980946351624,1.6172506738544474,4745,4806,78,0,4728,4780,242634,17,0,0,17,26
2020-10-23,US,Virginia,Chesterfield,6869,101,0,37.37373208,-77.58680140000001,51041.0,1946.984427525921,1.4703741447081091,6768,6851,100,0,6751,6796,348556,18,1,0,17,55
2020-10-23,US,Virginia,Clarke,116,1,0,39.11271747,-77.99199425,51043.0,793.4879266707709,0.8620689655172413,115,115,1,0,114,114,14523,1,0,0,1,1
2020-10-23,US,Virginia,Colonial Heights,298,26,0,37.26420587,-77.39609676,51570.0,1715.601611974669,8.724832214765101,272,290,26,0,264,288,17833,8,0,0,8,2
2020-10-23,US,Virginia,Covington,35,0,0,37.7824656,-79.98631446,51580.0,631.9971108703503,0.0,35,35,0,0,35,35,5460,0,0,0,0,0
2020-10-23,US,Virginia,Craig,50,0,0,37.48133648,-80.21072274,51045.0,974.4689144416292,0.0,50,47,0,0,47,45,5064,3,0,0,3,2
2020-10-23,US,Virginia,Culpeper,1338,18,0,38.48199985,-77.95630870000002,51047.0,2543.4844596521248,1.345291479820628,1320,1335,18,0,1317,1327,51859,3,0,0,3,8
2020-10-23,US,Virginia,Cumberland,115,2,0,37.51328851,-78.24398086,51049.0,1157.873540072493,1.7391304347826086,113,114,2,0,112,113,9809,1,0,0,1,1
2020-10-23,US,Virginia,Danville,1161,42,0,36.58022376,-79.40395668,51590.0,2899.310758166017,3.617571059431525,1119,1157,41,0,1116,1141,40693,4,1,0,3,16
2020-10-23,US,Virginia,Dickenson,128,1,0,37.12560977,-82.35124171,51051.0,893.9796060902361,0.78125,127,127,1,0,126,123,14523,1,0,0,1,4
2020-10-23,US,Virginia,Dinwiddie,501,12,0,37.07544585,-77.63451754,51053.0,1755.1849775784756,2.395209580838323,489,498,12,0,486,492,28529,3,0,0,3,6
2020-10-23,US,Virginia,Emporia,286,28,0,36.69455571,-77.53406129,51595.0,5349.794238683126,9.79020979020979,258,285,28,0,257,279,5121,1,0,0,1,6
2020-10-23,US,Virginia,Essex,191,2,0,37.93357639,-76.94230311,51057.0,1743.8144800511277,1.0471204188481675,189,191,2,0,189,190,10919,0,0,0,0,1
2020-10-23,US,Virginia,Fairfax,23137,606,0,38.83677558,-77.27565836,51059.0,2016.2400699936911,2.6191813977611624,22531,23015,605,0,22410,22849,1150795,122,1,0,121,166
2020-10-23,US,Virginia,Fairfax,23137,606,0,38.83677558,-77.27565836,51059.0,2016.2400699936911,2.6191813977611624,22531,23015,605,0,22410,22849,24574,122,1,0,121,166
2020-10-23,US,Virginia,Fairfax City,156,8,0,38.85157547,-77.29779640000002,51600.0,649.4858237228859,5.128205128205129,148,156,8,0,148,157,24574,0,0,0,0,-1
2020-10-23,US,Virginia,Falls Church,74,7,0,38.88485255,-77.17560759,51610.0,506.2598344393513,9.459459459459461,67,74,7,0,67,75,14772,0,0,0,0,-1
2020-10-23,US,Virginia,Fauquier,1073,27,0,38.73564842,-77.80647472,51061.0,1506.5569627362331,2.516309412861137,1046,1066,26,0,1040,1055,70675,7,1,0,6,11
2020-10-23,US,Virginia,Floyd,241,15,0,36.9302126,-80.36738849,51063.0,1530.2558892628103,6.224066390041495,226,237,16,0,221,233,15795,4,-1,0,5,4
2020-10-23,US,Virginia,Fluvanna,416,9,0,37.84157909,-78.27715475,51065.0,1525.4858819215256,2.1634615384615383,407,415,9,0,406,412,26783,1,0,0,1,3
2020-10-23,US,Virginia,Franklin,194,1,0,36.99536167,-79.88023649,51067.0,346.1689447200313,0.5154639175257731,193,194,1,0,193,194,56195,0,0,0,0,0
2020-10-23,US,Virginia,Franklin,194,1,0,36.99536167,-79.88023649,51067.0,346.1689447200313,0.5154639175257731,193,194,1,0,193,194,8013,0,0,0,0,0
2020-10-23,US,Virginia,Franklin City,489,12,0,36.6831435,-76.93859681,51620.0,6137.8185013179345,2.4539877300613497,477,482,12,0,470,482,8013,7,0,0,7,0
2020-10-23,US,Virginia,Frederick,1137,13,0,39.20172582,-78.25974949,51069.0,1273.05095562796,1.1433597185576077,1124,1123,13,0,1110,1120,88355,14,0,0,14,3
2020-10-23,US,Virginia,Fredericksburg,582,6,0,38.2977863,-77.4922454,51630.0,2004.4083207053313,1.0309278350515465,576,583,6,0,577,576,29144,-1,0,0,-1,7
2020-10-23,US,Virginia,Galax,436,30,0,36.66601852,-80.91703124,51640.0,6869.387112021427,6.8807339449541285,406,436,30,0,406,434,6423,0,0,0,0,2
2020-10-23,US,Virginia,Giles,122,0,0,37.31234791,-80.70636931,51071.0,729.665071770335,0.0,122,119,0,0,119,117,16844,3,0,0,3,2
2020-10-23,US,Virginia,Gloucester,342,3,0,37.40809042,-76.53524337,51073.0,915.7116846952983,0.8771929824561403,339,340,3,0,337,337,37349,2,0,0,2,3
2020-10-23,US,Virginia,Goochland,321,7,0,37.71714806,-77.90381514,51075.0,1351.408243169284,2.1806853582554515,314,319,7,0,312,315,23244,2,0,0,2,4
2020-10-23,US,Virginia,Grayson,374,19,0,36.65677234,-81.23215889,51077.0,2405.144694533762,5.080213903743315,355,371,19,0,352,367,15631,3,0,0,3,4
2020-10-23,US,Virginia,Greene,280,3,0,38.29545894,-78.46525378,51079.0,1412.7857106816693,1.0714285714285714,277,279,3,0,276,271,19779,1,0,0,1,8
2020-10-23,US,Virginia,Greensville,890,14,0,36.67878901,-77.56351439,51081.0,7851.093860268173,1.5730337078651686,876,887,14,0,873,887,11627,3,0,0,3,0
2020-10-23,US,Virginia,Halifax,472,8,0,36.76654925,-78.93512622,51083.0,1391.8787414113415,1.6949152542372878,464,467,8,0,459,464,34120,5,0,0,5,3
2020-10-23,US,Virginia,Hampton,2079,32,0,37.03513786,-76.35879121,51650.0,1545.6099918221696,1.5392015392015392,2047,2071,32,0,2039,2064,134313,8,0,0,8,7
2020-10-23,US,Virginia,Hanover,1580,42,0,37.7583355,-77.49464673,51085.0,1466.1395987602768,2.6582278481012658,1538,1571,42,0,1529,1554,107239,9,0,0,9,17
2020-10-23,US,Virginia,Harrisonburg,2962,35,0,38.43542574,-78.87536254,51660.0,5586.992606005732,1.1816340310600946,2927,2954,35,0,2919,2945,54033,8,0,0,8,9
2020-10-23,US,Virginia,Henrico,6136,229,0,37.53460572,-77.39326555,51087.0,1854.7962928256625,3.7320730117340286,5907,6096,227,0,5869,6058,329261,40,2,0,38,38
2020-10-23,US,Virginia,Henry,1276,31,0,36.68542395,-79.87634026,51089.0,2523.88393298653,2.4294670846394983,1245,1268,31,0,1237,1259,50953,8,0,0,8,9
2020-10-23,US,Virginia,Highland,9,0,0,38.35799465,-79.56124594,51091.0,410.958904109589,0.0,9,9,0,0,9,9,2210,0,0,0,0,0
2020-10-23,US,Virginia,Hopewell,497,7,0,37.29186313,-77.29754684,51670.0,2206.045541302321,1.4084507042253518,490,493,7,0,486,488,22596,4,0,0,4,5
2020-10-23,US,Virginia,Isle of Wight,849,25,0,36.90579348,-76.70842863,51093.0,2287.8546983211622,2.944640753828033,824,841,24,0,817,834,36953,8,1,0,7,7
2020-10-23,US,Virginia,James City,936,22,0,37.31156958,-76.76950618,51095.0,1223.161663813494,2.3504273504273505,914,933,22,0,911,931,76397,3,0,0,3,2
2020-10-23,US,Virginia,King George,266,4,0,38.26818502,-77.15852768,51099.0,991.2058428976004,1.5037593984962403,262,265,4,0,261,266,26575,1,0,0,1,-1
2020-10-23,US,Virginia,King William,199,2,0,37.70965316,-77.09384941,51101.0,1160.4851877770002,1.0050251256281406,197,197,2,0,195,196,16939,2,0,0,2,1
2020-10-23,US,Virginia,King and Queen,86,2,0,37.71044922,-76.88689628,51097.0,1224.1992882562276,2.3255813953488373,84,86,2,0,84,86,7042,0,0,0,0,0
2020-10-23,US,Virginia,Lancaster,196,1,0,37.71889653,-76.46400482,51103.0,1848.5334339337924,0.5102040816326531,195,188,1,0,187,181,10783,8,0,0,8,7
2020-10-23,US,Virginia,Lee,423,9,0,36.70586667,-83.12606515,51105.0,1805.9172608120225,2.127659574468085,414,422,9,0,413,413,23541,1,0,0,1,9
2020-10-23,US,Virginia,Lexington,217,1,0,37.78258621,-79.44262866,51678.0,2914.3164114961046,0.4608294930875576,216,210,1,0,209,210,7136,7,0,0,7,0
2020-10-23,US,Virginia,Loudoun,7704,130,0,39.08990083,-77.63481877,51107.0,1862.9485077550312,1.6874350986500517,7574,7680,130,0,7550,7634,406850,24,0,0,24,46
2020-10-23,US,Virginia,Louisa,378,8,0,37.97850256,-77.96274807,51109.0,1005.5598414514113,2.1164021164021163,370,377,7,0,370,377,36778,1,1,0,0,0
2020-10-23,US,Virginia,Lunenburg,146,3,0,36.94618528,-78.24133319,51111.0,1197.113807805838,2.054794520547945,143,145,3,0,142,145,12086,1,0,0,1,0
2020-10-23,US,Virginia,Lynchburg,1893,25,0,37.40021399,-79.19888138,51680.0,2303.816570927855,1.3206550449022716,1868,1882,24,0,1858,1857,82126,11,1,0,10,25
2020-10-23,US,Virginia,Madison,128,3,0,38.41531222,-78.28220331,51113.0,965.2364075107457,2.34375,125,125,3,0,122,124,13295,3,0,0,3,1
2020-10-23,US,Virginia,Manassas,2029,27,0,38.7464321,-77.48509905,51683.0,4938.542046975782,1.330704780680138,2002,2025,27,0,1998,2018,41641,4,0,0,4,7
2020-10-23,US,Virginia,Manassas Park,641,8,0,38.77058531,-77.44399307,51685.0,3667.467673646871,1.24804992199688,633,639,8,0,631,634,17307,2,0,0,2,5
2020-10-23,US,Virginia,Martinsville,472,23,0,36.68212094,-79.86352771,51690.0,3759.7578461048274,4.872881355932203,449,469,23,0,446,462,12902,3,0,0,3,7
2020-10-23,US,Virginia,Mathews,130,0,0,37.44164146,-76.34098896,51115.0,1471.5870500339593,0.0,130,130,0,0,130,127,8802,0,0,0,0,3
2020-10-23,US,Virginia,Mecklenburg,858,35,0,36.67882005,-78.36131056,51117.0,2805.1132834210607,4.07925407925408,823,857,35,0,822,851,30650,1,0,0,1,6
2020-10-23,US,Virginia,Middlesex,143,11,0,37.63191998,-76.55064617,51119.0,1351.3513513513512,7.6923076923076925,132,143,11,0,132,140,10769,0,0,0,0,3
2020-10-23,US,Virginia,Montgomery,2632,5,0,37.17746986,-80.37868691,51121.0,2671.132085045923,0.1899696048632219,2627,2597,5,0,2592,2565,98985,35,0,0,35,32
2020-10-23,US,Virginia,Nelson,136,2,0,37.78790447,-78.88498513,51125.0,910.9176155391827,1.4705882352941178,134,135,2,0,133,132,14836,1,0,0,1,3
2020-10-23,US,Virginia,New Kent,276,3,0,37.50694406,-76.99828634,51127.0,1195.2708847602962,1.0869565217391304,273,274,3,0,271,272,22391,2,0,0,2,2
2020-10-23,US,Virginia,Newport News,3119,50,0,37.08166899,-76.51754109,51700.0,1740.2706095689773,1.6030779095864058,3069,3103,50,0,3053,3080,178626,16,0,0,16,23
2020-10-23,US,Virginia,Norfolk,5282,85,0,36.89934014,-76.26420872,51710.0,2175.9728435952575,1.6092389246497538,5197,5243,85,0,5158,5219,244076,39,0,0,39,24
2020-10-23,US,Virginia,Northampton,316,31,0,37.34062933,-75.87751591,51131.0,2698.5482493595223,9.810126582278484,285,316,31,0,285,315,11735,0,0,0,0,1
2020-10-23,US,Virginia,Northumberland,213,7,0,37.89202088,-76.41949732,51133.0,1761.058288548987,3.286384976525821,206,213,7,0,206,212,12147,0,0,0,0,1
2020-10-23,US,Virginia,Norton,47,0,0,36.93357076,-82.62750411,51720.0,1180.6078874654609,0.0,47,46,0,0,46,45,3968,1,0,0,1,1
2020-10-23,US,Virginia,Nottoway,336,21,0,37.1435975,-78.05065922,51135.0,2205.8823529411766,6.25,315,336,21,0,315,335,15420,0,0,0,0,1
2020-10-23,US,Virginia,Orange,385,5,0,38.24530219,-78.01560400000002,51137.0,1039.1082561874173,1.2987012987012987,380,379,5,0,374,377,36644,6,0,0,6,2
2020-10-23,US,Virginia,Page,464,30,0,38.61807452,-78.48797204,51139.0,1941.2601455945112,6.465517241379311,434,463,30,0,433,460,23933,1,0,0,1,3
2020-10-23,US,Virginia,Patrick,314,27,0,36.680163799999995,-80.2865648,51141.0,1783.2803271240343,8.598726114649683,287,313,26,0,287,309,17673,1,1,0,0,4
2020-10-23,US,Virginia,Petersburg,905,29,0,37.20530399,-77.39368102,51730.0,2887.1307343839726,3.2044198895027622,876,899,29,0,870,889,31567,6,0,0,6,10
2020-10-23,US,Virginia,Pittsylvania,1248,17,0,36.81980341,-79.39731264,51143.0,2067.799980117308,1.3621794871794872,1231,1242,17,0,1225,1237,60949,6,0,0,6,5
2020-10-23,US,Virginia,Poquoson,93,2,0,37.14259351,-76.35798148,51735.0,757.8844429956807,2.150537634408602,91,91,2,0,89,90,12190,2,0,0,2,1
2020-10-23,US,Virginia,Portsmouth,2793,69,0,36.85914825,-76.35971629,51740.0,2958.7491260408065,2.4704618689581097,2724,2762,67,0,2695,2741,94632,31,2,0,29,21
2020-10-23,US,Virginia,Powhatan,294,5,0,37.55016038,-77.91267882,51145.0,991.5014164305948,1.7006802721088434,289,290,5,0,285,289,29189,4,0,0,4,1
2020-10-23,US,Virginia,Prince Edward,739,13,0,37.22554789,-78.43597949,51147.0,3240.943776861679,1.7591339648173208,726,733,13,0,720,730,22950,6,0,0,6,3
2020-10-23,US,Virginia,Prince George,1065,6,0,37.18497668,-77.22922187,51149.0,2776.83623184627,0.5633802816901409,1059,1055,6,0,1049,1052,38082,10,0,0,10,3
2020-10-23,US,Virginia,Prince William,13912,223,0,38.70916224,-77.48713689,51153.0,2957.891715479392,1.6029327199539964,13689,13832,223,0,13609,13735,468011,80,0,0,80,97
2020-10-23,US,Virginia,Pulaski,278,6,0,37.06474963,-80.71229738,51155.0,816.9982660828166,2.1582733812949644,272,280,6,0,274,278,34066,-2,0,0,-2,2
2020-10-23,US,Virginia,Radford,907,1,0,37.12222899,-80.56027320000003,51750.0,4970.135349882185,0.11025358324145534,906,898,1,0,897,886,18339,9,0,0,9,12
2020-10-23,US,Virginia,Rappahannock,69,2,0,38.68295619,-78.15826963,51157.0,936.2279511533244,2.898550724637681,67,68,2,0,66,68,7252,1,0,0,1,0
2020-10-23,US,Virginia,Richmond,368,5,0,37.937575,-76.72920628,51159.0,4078.466142081348,1.358695652173913,363,365,4,0,361,363,9038,3,1,0,2,2
2020-10-23,US,Virginia,Richmond City,5218,68,0,37.53255773,-77.47966921,51760.0,2264.4031314551544,1.3031812955155229,5150,5176,69,0,5107,5145,228783,42,-1,0,43,31
2020-10-23,US,Virginia,Roanoke,1391,13,0,37.26865804,-80.06396753,51161.0,1476.8649268468776,0.9345794392523364,1378,1364,11,0,1353,1324,94073,27,2,0,25,40
2020-10-23,US,Virginia,Roanoke City,2578,35,0,37.27791025,-79.96189766,51770.0,2600.284437630493,1.3576415826221877,2543,2517,35,0,2482,2478,99920,61,0,0,61,39
2020-10-23,US,Virginia,Rockbridge,150,3,0,37.81204314,-79.44605905,51163.0,664.5106986222478,2.0,147,148,3,0,145,148,22752,2,0,0,2,0
2020-10-23,US,Virginia,Rockingham,1721,26,0,38.51006137,-78.87260325,51165.0,2100.112266315224,1.5107495642068565,1695,1709,26,0,1683,1701,81244,12,0,0,12,8
2020-10-23,US,Virginia,Russell,458,8,0,36.93028320000001,-82.10095486,51167.0,1722.7112013841872,1.7467248908296944,450,448,8,0,440,437,26748,10,0,0,10,11
2020-10-23,US,Virginia,Salem,508,6,0,37.2836193,-80.06219455,51775.0,2007.825777637248,1.1811023622047243,502,501,6,0,495,481,25643,7,0,0,7,20
2020-10-23,US,Virginia,Scott,319,5,0,36.71466456,-82.60171704,51169.0,1479.1801910414542,1.567398119122257,314,310,5,0,305,300,21534,9,0,0,9,10
2020-10-23,US,Virginia,Shenandoah,941,60,0,38.85905135,-78.56813762,51171.0,2157.465150403521,6.376195536663125,881,936,60,0,876,931,43497,5,0,0,5,5
2020-10-23,US,Virginia,Smyth,610,24,0,36.84455636,-81.53344948,51173.0,2026.308796173266,3.9344262295081966,586,607,24,0,583,604,30472,3,0,0,3,3
2020-10-23,US,Virginia,Southampton,911,34,0,36.72231125,-77.10642712,51175.0,5167.035335488628,3.7321624588364433,877,907,34,0,873,905,17586,4,0,0,4,2
2020-10-23,US,Virginia,Spotsylvania,2389,50,0,38.18574462,-77.655399,51177.0,1753.8450244099402,2.092925910422771,2339,2367,50,0,2317,2355,134238,22,0,0,22,12
2020-10-23,US,Virginia,Stafford,2314,20,0,38.41758738,-77.45917053,51179.0,1513.5856412134851,0.8643042350907519,2294,2307,20,0,2287,2287,149960,7,0,0,7,20
2020-10-23,US,Virginia,Staunton,371,1,0,38.15965544,-79.05979937,51790.0,1488.0474891705442,0.2695417789757412,370,367,1,0,366,363,24922,4,0,0,4,4
2020-10-23,US,Virginia,Suffolk,2277,77,0,36.70155394,-76.63603554,51800.0,2472.0979719459765,3.3816425120772946,2200,2266,78,0,2188,2263,91185,11,-1,0,12,3
2020-10-23,US,Virginia,Surry,140,5,0,37.11781893,-76.88450012,51181.0,2180.0062285892245,3.571428571428572,135,140,5,0,135,137,6474,0,0,0,0,3
2020-10-23,US,Virginia,Sussex,639,13,0,36.92432914,-77.25791182,51183.0,5726.319562684828,2.0344287949921758,626,639,13,0,626,635,11237,0,0,0,0,4
2020-10-23,US,Virginia,Tazewell,466,2,0,37.12191123,-81.56685568,51185.0,1147.9246212587755,0.4291845493562232,464,447,2,0,445,437,40855,19,0,0,19,10
2020-10-23,US,Virginia,Virginia Beach,7722,103,0,36.73285734,-76.04566934,51810.0,1716.0991523954715,1.3338513338513338,7619,7679,103,0,7576,7622,450189,43,0,0,43,57
2020-10-23,US,Virginia,Warren,563,20,0,38.90847745,-78.20280433,51187.0,1401.7528134647946,3.5523978685612785,543,559,18,0,541,544,40003,4,2,0,2,15
2020-10-23,US,Virginia,Washington,899,26,0,36.72341572,-81.95666289,51191.0,1672.869371045776,2.8921023359288096,873,867,26,0,841,850,54402,32,0,0,32,17
2020-10-23,US,Virginia,Waynesboro,385,3,0,38.06451466,-78.90293905,51820.0,1701.2814847547504,0.7792207792207793,382,378,3,0,375,372,22628,7,0,0,7,6
2020-10-23,US,Virginia,Westmoreland,336,5,0,38.11021557,-76.80213247,51193.0,1865.1124063280606,1.488095238095238,331,334,5,0,329,334,17830,2,0,0,2,0
2020-10-23,US,Virginia,Williamsburg,211,8,0,37.28131268,-76.70905141,51830.0,1410.9937140564398,3.791469194312796,203,210,8,0,202,210,14896,1,0,0,1,0
2020-10-23,US,Virginia,Winchester,588,4,0,39.17054517,-78.17325058,51840.0,2094.16625115749,0.6802721088435374,584,577,4,0,573,572,28108,11,0,0,11,5
2020-10-23,US,Virginia,Wise,554,9,0,36.9746148,-82.62410519,51195.0,1481.957039295937,1.624548736462094,545,550,9,0,541,542,38012,4,0,0,4,8
2020-10-23,US,Virginia,Wythe,326,6,0,36.91582035,-81.07834059,51197.0,1136.5221029145168,1.8404907975460123,320,323,6,0,317,320,28754,3,0,0,3,3
2020-10-23,US,Virginia,York,626,9,0,37.24374789,-76.54412815,51199.0,916.8131224370239,1.437699680511182,617,626,9,0,617,625,67846,0,0,0,0,1
2020-10-23,US,Washington,Adams,912,10,0,46.98299757,-118.56017340000001,53001.0,4563.879297402792,1.0964912280701755,902,912,10,0,902,910,19759,0,0,0,0,2
2020-10-23,US,Washington,Asotin,208,7,0,46.18894415,-117.2022851,53003.0,921.087591887344,3.3653846153846154,201,200,7,0,193,199,22610,8,0,0,8,1
2020-10-23,US,Washington,Benton,5099,134,0,46.23946995,-119.51208340000001,53005.0,2494.740447184305,2.627966267895666,4965,5085,134,0,4951,5068,201877,14,0,0,14,17
2020-10-23,US,Washington,Chelan,1982,16,0,47.87046092,-120.6173956,53007.0,2567.357512953368,0.8072653884964682,1966,1976,16,0,1960,1973,77036,6,0,0,6,3
2020-10-23,US,Washington,Clallam,260,1,0,48.04754642,-123.92263190000001,53009.0,336.21704103141036,0.38461538461538464,259,258,1,0,257,255,76737,2,0,0,2,3
2020-10-23,US,Washington,Clark,4180,77,0,45.77568046,-122.48292040000001,53011.0,856.1345728851121,1.8421052631578947,4103,4108,77,0,4031,4081,481857,72,0,0,72,27
2020-10-23,US,Washington,Columbia,14,1,0,46.29442881,-117.9051983,53013.0,351.3174404015057,7.142857142857142,13,14,1,0,13,14,4059,0,0,0,0,0
2020-10-23,US,Washington,Cowlitz,792,7,0,46.19074721,-122.6782231,53015.0,716.1393578255405,0.8838383838383839,785,779,7,0,772,776,108987,13,0,0,13,3
2020-10-23,US,Washington,Douglas,1229,9,0,47.7361335,-119.69293700000001,53017.0,2829.9062838195678,0.7323026851098454,1220,1227,9,0,1218,1225,42907,2,0,0,2,2
2020-10-23,US,Washington,Ferry,34,0,0,48.471143100000006,-118.5154041,53019.0,445.7847122066343,0.0,34,33,0,0,33,33,7649,1,0,0,1,0
2020-10-23,US,Washington,Franklin,4721,67,0,46.53351425,-118.9018212,53021.0,4957.887883052235,1.4191908493963143,4654,4717,67,0,4650,4703,94347,4,0,0,4,14
2020-10-23,US,Washington,Garfield,14,0,0,46.43197502,-117.54540320000001,53023.0,629.2134831460675,0.0,14,14,0,0,14,14,2247,0,0,0,0,0
2020-10-23,US,Washington,Grant,3309,26,0,47.20753737,-119.4500749,53025.0,3385.7550673774467,0.7857358718646117,3283,3300,26,0,3274,3287,97331,9,0,0,9,13
2020-10-23,US,Washington,Grays Harbor,672,11,0,47.14003705,-123.7820567,53027.0,895.2718455656067,1.636904761904762,661,659,11,0,648,656,73901,13,0,0,13,3
2020-10-23,US,Washington,Island,372,12,0,48.14713305,-122.5216407,53029.0,436.9222818618527,3.2258064516129035,360,371,12,0,359,368,84460,1,0,0,1,3
2020-10-23,US,Washington,Jefferson,84,0,0,47.75003077,-123.56097040000002,53031.0,260.6995437757984,0.0,84,82,0,0,82,81,31729,2,0,0,2,1
2020-10-23,US,Washington,King,25896,798,0,47.49137892,-121.8346131,53033.0,1149.5120255754885,3.081556997219648,25098,25712,798,0,24914,25540,2233163,184,0,0,184,172
2020-10-23,US,Washington,Kitsap,1453,22,0,47.63479026,-122.6436061,53035.0,535.2281810714142,1.5141087405368203,1431,1445,22,0,1423,1437,269805,8,0,0,8,8
2020-10-23,US,Washington,Kittitas,708,22,0,47.12521214,-120.67943899999999,53037.0,1477.000104307917,3.1073446327683616,686,691,22,0,669,690,47364,17,0,0,17,1
2020-10-23,US,Washington,Klickitat,207,3,0,45.87325839,-120.7913598,53039.0,923.0769230769232,1.4492753623188406,204,206,3,0,203,206,22107,1,0,0,1,0
2020-10-23,US,Washington,Lewis,688,12,0,46.57756476,-122.39257690000001,53041.0,852.4663288190616,1.7441860465116281,676,685,12,0,673,677,79604,3,0,0,3,8
2020-10-23,US,Washington,Lincoln,75,2,0,47.57705241,-118.41943880000001,53043.0,685.620257793217,2.6666666666666665,73,73,2,0,71,69,10740,2,0,0,2,4
2020-10-23,US,Washington,Mason,511,9,0,47.35007586,-123.1863685,53045.0,765.3366882338844,1.761252446183953,502,507,9,0,498,503,65507,4,0,0,4,4
2020-10-23,US,Washington,Okanogan,1097,11,0,48.54855019,-119.73872240000001,53047.0,2596.879956442488,1.0027347310847767,1086,1096,11,0,1085,1095,42132,1,0,0,1,1
2020-10-23,US,Washington,Pacific,117,3,0,46.55418369,-123.7285716,53049.0,520.6710871790308,2.5641025641025643,114,114,3,0,111,114,22036,3,0,0,3,0
2020-10-23,US,Washington,Pend Oreille,137,1,0,48.53234021,-117.2741804,53051.0,998.2512387059166,0.7299270072992701,136,136,1,0,135,133,13602,1,0,0,1,3
2020-10-23,US,Washington,Pierce,9664,219,0,47.03892768,-122.14059579999999,53053.0,1067.8689031801807,2.2661423841059603,9445,9547,217,0,9330,9482,891299,117,2,0,115,65
2020-10-23,US,Washington,San Juan,30,0,0,48.60182783,-122.96745,53055.0,170.62905243999546,0.0,30,30,0,0,30,30,17128,0,0,0,0,0
2020-10-23,US,Washington,Skagit,1226,23,0,48.48171488,-121.766131,53057.0,948.8796873186025,1.876019575856444,1203,1224,23,0,1201,1212,128206,2,0,0,2,12
2020-10-23,US,Washington,Skamania,71,1,0,46.02408726,-121.91644029999999,53059.0,587.6024166183895,1.4084507042253518,70,72,1,0,71,72,11924,-1,0,0,-1,0
2020-10-23,US,Washington,Snohomish,8363,228,0,48.04615983,-121.7170703,53061.0,1017.2938742195132,2.726294391964606,8135,8280,228,0,8052,8189,814901,83,0,0,83,91
2020-10-23,US,Washington,Spokane,8945,195,0,47.62113146,-117.4046494,53063.0,1710.9858874747033,2.1799888205701508,8750,8829,193,0,8636,8735,514631,116,2,0,114,94
2020-10-23,US,Washington,Stevens,244,5,0,48.40035475,-117.8542701,53065.0,533.6482732979026,2.0491803278688523,239,241,5,0,236,238,45260,3,0,0,3,3
2020-10-23,US,Washington,Thurston,1523,23,0,46.9291895,-122.82906559999999,53067.0,524.2035410413856,1.510177281680893,1500,1483,22,0,1461,1449,286419,40,1,0,39,34
2020-10-23,US,Washington,Unassigned,374,3,0,0.0,0.0,90053.0,0.0,0.8021390374331551,371,357,3,0,354,360,,17,0,0,17,-3
2020-10-23,US,Washington,Wahkiakum,10,0,0,46.29180039999999,-123.4250831,53069.0,222.81639928698758,0.0,10,10,0,0,10,10,4426,0,0,0,0,0
2020-10-23,US,Washington,Walla Walla,1049,6,0,46.23040051,-118.4775539,53071.0,1726.4647794601713,0.5719733079122974,1043,1035,6,0,1029,1016,60922,14,0,0,14,19
2020-10-23,US,Washington,Whatcom,1553,49,0,48.82227976,-121.74900179999999,53073.0,677.4352554231898,3.1551835157759176,1504,1544,49,0,1495,1537,225685,9,0,0,9,7
2020-10-23,US,Washington,Whitman,1733,12,0,46.90022523,-117.52417630000001,53075.0,3458.805684176912,0.6924408540103866,1721,1714,11,0,1703,1689,49791,19,1,0,18,25
2020-10-23,US,Washington,Yakima,11789,271,0,46.45738486,-120.73801259999999,53077.0,4699.190427028815,2.2987530749003313,11518,11759,270,0,11489,11748,251446,30,1,0,29,11
2020-10-23,US,West Virginia,Barbour,166,1,0,39.1307219,-80.00350858,54001.0,1009.6709445897452,0.6024096385542169,165,166,1,0,165,165,16535,0,0,0,0,1
2020-10-23,US,West Virginia,Berkeley,1497,17,0,39.46704621,-78.02414609,54003.0,1256.1780970202485,1.1356045424181698,1480,1473,17,0,1456,1461,117123,24,0,0,24,12
2020-10-23,US,West Virginia,Boone,325,3,0,38.01974191,-81.69888019,54005.0,1514.657221419583,0.9230769230769232,322,318,3,0,315,307,21951,7,0,0,7,11
2020-10-23,US,West Virginia,Braxton,56,0,0,38.70036159,-80.72011184,54007.0,401.23235652360825,0.0,56,51,0,0,51,47,14089,5,0,0,5,4
2020-10-23,US,West Virginia,Brooke,201,4,0,40.27367263,-80.57915332,54009.0,916.1766716805687,1.9900497512437807,197,199,3,0,196,199,22203,2,1,0,1,0
2020-10-23,US,West Virginia,Cabell,1293,20,0,38.42424062,-82.23855912,54011.0,1406.2754907825326,1.5467904098994587,1273,1266,20,0,1246,1237,93224,27,0,0,27,29
2020-10-23,US,West Virginia,Calhoun,33,0,0,38.84315422,-81.11934872,54013.0,464.20030946687297,0.0,33,33,0,0,33,33,7254,0,0,0,0,0
2020-10-23,US,West Virginia,Clay,58,3,0,38.46231092,-81.07652217,54015.0,681.7113305124589,5.172413793103448,55,56,3,0,53,55,8632,2,0,0,2,1
2020-10-23,US,West Virginia,Doddridge,69,1,0,39.27057157,-80.70671527,54017.0,816.7613636363636,1.4492753623188406,68,67,1,0,66,67,8406,2,0,0,2,0
2020-10-23,US,West Virginia,Fayette,745,20,0,38.02974928,-81.08286634,54019.0,1756.826864123001,2.684563758389262,725,739,20,0,719,727,43018,6,0,0,6,12
2020-10-23,US,West Virginia,Gilmer,64,0,0,38.9251277,-80.85952723,54021.0,818.100472964336,0.0,64,64,0,0,64,64,8026,0,0,0,0,0
2020-10-23,US,West Virginia,Grant,179,8,0,39.10314817,-79.19440518,54023.0,1547.3720608575381,4.46927374301676,171,179,8,0,171,179,11626,0,0,0,0,0
2020-10-23,US,West Virginia,Greenbrier,167,4,0,37.9463652,-80.45335881,54025.0,481.79562633431436,2.395209580838323,163,165,4,0,161,162,34786,2,0,0,2,3
2020-10-23,US,West Virginia,Hampshire,123,1,0,39.32103553,-78.60826476,54027.0,530.7443365695793,0.8130081300813008,122,122,1,0,121,122,23347,1,0,0,1,0
2020-10-23,US,West Virginia,Hancock,207,1,0,40.51943859,-80.57461608,54029.0,718.5005206525512,0.4830917874396135,206,198,1,0,197,195,29094,9,0,0,9,3
2020-10-23,US,West Virginia,Hardy,102,1,0,39.00683177,-78.85855301,54031.0,740.4181184668988,0.9803921568627452,101,102,1,0,101,102,13775,0,0,0,0,0
2020-10-23,US,West Virginia,Harrison,632,12,0,39.2853852,-80.37919577,54033.0,939.693112882122,1.8987341772151896,620,629,12,0,617,625,67554,3,0,0,3,4
2020-10-23,US,West Virginia,Jackson,368,24,0,38.84263974,-81.68148753,54035.0,1287.7939529675252,6.521739130434782,344,363,24,0,339,362,28706,5,0,0,5,1
2020-10-23,US,West Virginia,Jefferson,554,4,0,39.30776166,-77.86014147,54037.0,969.4466804325765,0.7220216606498195,550,545,4,0,541,538,56811,9,0,0,9,7
2020-10-23,US,West Virginia,Kanawha,3459,101,0,38.33860077,-81.52857054,54039.0,1941.9056387684986,2.9199190517490603,3358,3426,101,0,3325,3394,180454,33,0,0,33,32
2020-10-23,US,West Virginia,Lewis,72,2,0,38.9947249,-80.49988181,54041.0,452.63091720626136,2.7777777777777777,70,70,2,0,68,68,16024,2,0,0,2,2
2020-10-23,US,West Virginia,Lincoln,225,2,0,38.172154,-82.07017953,54043.0,1102.4547993532262,0.8888888888888888,223,221,2,0,219,217,20599,4,0,0,4,4
2020-10-23,US,West Virginia,Logan,738,45,0,37.8299889,-81.93528571,54045.0,2304.881476623255,6.097560975609755,693,727,45,0,682,719,32607,11,0,0,11,8
2020-10-23,US,West Virginia,Marion,367,5,0,39.50984542,-80.24244659,54049.0,654.5156227707232,1.3623978201634876,362,366,5,0,361,362,56097,1,0,0,1,4
2020-10-23,US,West Virginia,Marshall,274,3,0,39.86064362,-80.66591062,54051.0,897.4484949723233,1.094890510948905,271,267,3,0,264,262,30785,7,0,0,7,5
2020-10-23,US,West Virginia,Mason,170,6,0,38.77071799,-82.02524219,54053.0,641.1223412279378,3.5294117647058822,164,168,6,0,162,167,26718,2,0,0,2,1
2020-10-23,US,West Virginia,McDowell,112,1,0,37.38002939,-81.65083669,54047.0,635.4970494779844,0.8928571428571429,111,107,1,0,106,106,18223,5,0,0,5,1
2020-10-23,US,West Virginia,Mercer,644,30,0,37.40481169,-81.11023142,54055.0,1096.0209673576364,4.658385093167702,614,625,30,0,595,606,59131,19,0,0,19,19
2020-10-23,US,West Virginia,Mineral,207,4,0,39.41561583,-78.94104895,54057.0,770.4332291201429,1.932367149758454,203,204,4,0,200,206,26940,3,0,0,3,-2
2020-10-23,US,West Virginia,Mingo,546,10,0,37.73048351,-82.13338365,54059.0,2330.94262295082,1.8315018315018317,536,538,10,0,528,528,23785,8,0,0,8,10
2020-10-23,US,West Virginia,Monongalia,2259,5,0,39.63218457,-80.04766838,54061.0,2138.9614816498124,0.2213368747233289,2254,2248,5,0,2243,2239,106420,11,0,0,11,9
2020-10-23,US,West Virginia,Monroe,223,8,0,37.56274716,-80.54577965,54063.0,1679.84934086629,3.5874439461883414,215,214,8,0,206,206,13280,9,0,0,9,8
2020-10-23,US,West Virginia,Morgan,123,0,0,39.55439028,-78.26311676,54065.0,687.7656005367927,0.0,123,114,0,0,114,109,17787,9,0,0,9,5
2020-10-23,US,West Virginia,Nicholas,180,3,0,38.29617706,-80.79759588,54067.0,734.8138471587198,1.6666666666666667,177,179,3,0,176,177,24842,1,0,0,1,2
2020-10-23,US,West Virginia,Ohio,487,8,0,40.0955451,-80.62203992,54069.0,1176.0160343869984,1.6427104722792607,479,485,8,0,477,467,41755,2,0,0,2,18
2020-10-23,US,West Virginia,Pendleton,75,1,0,38.68314479,-79.35084086,54071.0,1076.194575979337,1.3333333333333333,74,73,1,0,72,73,6997,2,0,0,2,0
2020-10-23,US,West Virginia,Pleasants,23,3,0,39.37091679,-81.16771771,54073.0,308.3109919571045,13.043478260869565,20,23,3,0,20,23,7507,0,0,0,0,0
2020-10-23,US,West Virginia,Pocahontas,68,0,0,38.32758728,-80.00993811,54075.0,824.5422577907118,0.0,68,66,0,0,66,64,8414,2,0,0,2,2
2020-10-23,US,West Virginia,Preston,192,4,0,39.46770987,-79.66712803,54077.0,574.300071787509,2.083333333333333,188,186,4,0,182,181,33839,6,0,0,6,5
2020-10-23,US,West Virginia,Putnam,827,13,0,38.50782345,-81.9082131,54079.0,1465.0132860938886,1.5719467956469166,814,810,10,0,800,804,56682,17,3,0,14,6
2020-10-23,US,West Virginia,Raleigh,712,8,0,37.76936795,-81.2456041,54081.0,970.5429315303772,1.1235955056179776,704,702,8,0,694,681,74254,10,0,0,10,21
2020-10-23,US,West Virginia,Randolph,399,1,0,38.769899,-79.87919615,54083.0,1390.4861474124411,0.2506265664160401,398,395,1,0,394,389,28823,4,0,0,4,6
2020-10-23,US,West Virginia,Ritchie,34,0,0,39.18094587,-81.06356878,54085.0,355.87188612099646,0.0,34,33,0,0,33,32,9721,1,0,0,1,1
2020-10-23,US,West Virginia,Roane,94,2,0,38.71622686,-81.35243568,54087.0,686.7329047340736,2.127659574468085,92,92,2,0,90,92,13932,2,0,0,2,0
2020-10-23,US,West Virginia,Summers,92,1,0,37.65390597,-80.86009693,54089.0,731.7267159786845,1.0869565217391304,91,88,1,0,87,82,12760,4,0,0,4,6
2020-10-23,US,West Virginia,Taylor,165,8,0,39.33602617,-80.0421439,54091.0,988.3198562443846,4.848484848484849,157,164,8,0,156,165,16862,1,0,0,1,-1
2020-10-23,US,West Virginia,Tucker,61,0,0,39.11240885,-79.57053576,54093.0,891.9432665594385,0.0,61,60,0,0,60,58,6955,1,0,0,1,2
2020-10-23,US,West Virginia,Tyler,30,1,0,39.46811972,-80.88772676,54095.0,349.20265394016997,3.333333333333333,29,28,1,0,27,25,8746,2,0,0,2,3
2020-10-23,US,West Virginia,Upshur,234,2,0,38.89285061,-80.23689136,54097.0,967.9020516214428,0.8547008547008547,232,233,2,0,231,228,24415,1,0,0,1,5
2020-10-23,US,West Virginia,Wayne,531,11,0,38.14901357,-82.42287994,54099.0,1347.647327546825,2.071563088512241,520,523,11,0,512,513,39944,8,0,0,8,10
2020-10-23,US,West Virginia,Webster,25,0,0,38.49370949,-80.4202023,54101.0,308.1094404732561,0.0,25,25,0,0,25,26,8285,0,0,0,0,-1
2020-10-23,US,West Virginia,Wetzel,134,1,0,39.6065771,-80.64016540000001,54103.0,889.4789246598075,0.746268656716418,133,112,1,0,111,95,15270,22,0,0,22,17
2020-10-23,US,West Virginia,Wirt,37,0,0,39.02775007,-81.37473928,54105.0,635.629616904312,0.0,37,35,0,0,35,32,5830,2,0,0,2,3
2020-10-23,US,West Virginia,Wood,519,6,0,39.20967886,-81.5162836,54107.0,621.422926794224,1.1560693641618498,513,513,6,0,507,505,84203,6,0,0,6,8
2020-10-23,US,West Virginia,Wyoming,216,5,0,37.612327,-81.54511071,54109.0,1059.135039717564,2.314814814814815,211,202,5,0,197,187,20786,14,0,0,14,15
2020-10-23,US,Wisconsin,Adams,435,4,0,43.96974651,-89.76782777,55001.0,2151.3353115727004,0.9195402298850576,431,425,4,0,421,425,20348,10,0,0,10,0
2020-10-23,US,Wisconsin,Ashland,256,3,0,46.31956891,-90.67837132,55003.0,1645.0327721372573,1.171875,253,251,3,0,248,246,15600,5,0,0,5,5
2020-10-23,US,Wisconsin,Barron,931,6,0,45.42372701,-91.84833627,55005.0,2057.7314118999207,0.644468313641246,925,895,6,0,889,858,45164,36,0,0,36,37
2020-10-23,US,Wisconsin,Bayfield,200,1,0,46.52868768,-91.19716729,55007.0,1330.1409949454644,0.5,199,192,1,0,191,186,15042,8,0,0,8,6
2020-10-23,US,Wisconsin,Brown,14270,89,0,44.452655299999996,-88.00411844,55009.0,5394.22851569883,0.6236860546601262,14181,13966,87,0,13879,13645,263378,304,2,0,302,321
2020-10-23,US,Wisconsin,Buffalo,235,3,0,44.37835084,-91.75332578,55011.0,1803.3919115954266,1.2765957446808511,232,226,3,0,223,219,13125,9,0,0,9,7
2020-10-23,US,Wisconsin,Burnett,292,6,0,45.86303537,-92.36711412,55013.0,1894.3817308939927,2.054794520547945,286,286,6,0,280,282,15392,6,0,0,6,4
2020-10-23,US,Wisconsin,Calumet,2520,11,0,44.0816316,-88.21780273,55015.0,5031.044740362156,0.4365079365079365,2509,2452,11,0,2441,2373,50159,68,0,0,68,79
2020-10-23,US,Wisconsin,Chippewa,1318,10,0,45.06939744,-91.28068855,55017.0,2038.4175198737976,0.7587253414264037,1308,1279,7,0,1272,1215,64135,39,3,0,36,64
2020-10-23,US,Wisconsin,Clark,767,16,0,44.73483377,-90.61207486,55019.0,2205.6709035486288,2.0860495436766624,751,738,14,0,724,714,34709,29,2,0,27,24
2020-10-23,US,Wisconsin,Columbia,1610,5,0,43.46492199,-89.33589004,55021.0,2798.4426058541335,0.3105590062111801,1605,1575,5,0,1570,1534,57358,35,0,0,35,41
2020-10-23,US,Wisconsin,Crawford,311,0,0,43.23870316,-90.93073686,55023.0,1927.964788295828,0.0,311,308,0,0,308,300,16291,3,0,0,3,8
2020-10-23,US,Wisconsin,Dane,13555,47,0,43.06601594,-89.41733797,55025.0,2479.4446629290555,0.3467355219476208,13508,13315,47,0,13268,13121,542364,240,0,0,240,194
2020-10-23,US,Wisconsin,Dodge,3473,24,0,43.41576662,-88.70928178,55027.0,3953.8246109359166,0.6910452058738843,3449,3379,24,0,3355,3280,87847,94,0,0,94,99
2020-10-23,US,Wisconsin,Door,723,4,0,44.95856458,-87.30002707,55029.0,2613.1270782130982,0.5532503457814661,719,695,4,0,691,668,27610,28,0,0,28,27
2020-10-23,US,Wisconsin,Douglas,726,1,0,46.43222285,-91.91595768,55031.0,1682.5028968713789,0.13774104683195593,725,715,1,0,714,707,43208,11,0,0,11,8
2020-10-23,US,Wisconsin,Dunn,972,1,0,44.94562799,-91.8962481,55033.0,2142.4792805501675,0.10288065843621401,971,929,1,0,928,900,45131,43,0,0,43,29
2020-10-23,US,Wisconsin,Eau Claire,2941,12,0,44.726614,-91.28609183,55035.0,2810.4275366473635,0.40802448146888814,2929,2850,12,0,2838,2783,104534,91,0,0,91,67
2020-10-23,US,Wisconsin,Florence,200,6,0,45.84963535,-88.39804137,55037.0,4656.577415599534,3.0,194,198,6,0,192,186,4321,2,0,0,2,12
2020-10-23,US,Wisconsin,Fond du Lac,3953,19,0,43.75354908,-88.48885325,55039.0,3822.9064920746973,0.4806476094105743,3934,3835,19,0,3816,3741,103066,118,0,0,118,94
2020-10-23,US,Wisconsin,Forest,430,10,0,45.66678019,-88.77084892,55041.0,4775.655264326966,2.3255813953488373,420,417,10,0,407,413,8991,13,0,0,13,4
2020-10-23,US,Wisconsin,Grant,1727,28,0,42.8671731,-90.7063218,55043.0,3357.374754563658,1.6213086276780544,1699,1688,28,0,1660,1646,51554,39,0,0,39,42
2020-10-23,US,Wisconsin,Green,883,5,0,42.6794956,-89.60243287,55045.0,2389.069264069264,0.5662514156285391,878,855,5,0,850,846,36929,28,0,0,28,9
2020-10-23,US,Wisconsin,Green Lake,675,2,0,43.80025981,-89.04679553,55047.0,3568.9737217786706,0.2962962962962963,673,653,2,0,651,632,18918,22,0,0,22,21
2020-10-23,US,Wisconsin,Iowa,417,1,0,43.00050278,-90.13469017,55049.0,1761.1284736886566,0.23980815347721826,416,407,1,0,406,401,23771,10,0,0,10,6
2020-10-23,US,Wisconsin,Iron,178,2,0,46.26302338,-90.24295041,55051.0,3129.9454897133805,1.1235955056179776,176,177,1,0,176,170,5676,1,1,0,0,7
2020-10-23,US,Wisconsin,Jackson,342,1,0,44.31864893,-90.80566792,55053.0,1656.735939543671,0.29239766081871343,341,326,1,0,325,309,20478,16,0,0,16,17
2020-10-23,US,Wisconsin,Jefferson,2446,10,0,43.02054068,-88.77529134,55055.0,2885.488798971322,0.4088307440719542,2436,2380,10,0,2370,2356,85129,66,0,0,66,24
2020-10-23,US,Wisconsin,Juneau,719,4,0,43.92456975,-90.11120239,55057.0,2694.195675797205,0.5563282336578581,715,707,4,0,703,693,26617,12,0,0,12,14
2020-10-23,US,Wisconsin,Kenosha,4663,74,0,42.57639354,-88.04051686,55059.0,2750.0427574737114,1.5869611837872617,4589,4603,74,0,4529,4557,169290,60,0,0,60,46
2020-10-23,US,Wisconsin,Kewaunee,1004,6,0,44.51727459,-87.61468386,55061.0,4913.379661348733,0.5976095617529881,998,981,6,0,975,968,20383,23,0,0,23,13
2020-10-23,US,Wisconsin,La Crosse,3984,17,0,43.90632465,-91.11451093,55063.0,3375.8134490238613,0.4267068273092369,3967,3961,17,0,3944,3907,118230,23,0,0,23,54
2020-10-23,US,Wisconsin,Lafayette,492,1,0,42.66005229,-90.1317729,55065.0,2952.2952295229525,0.2032520325203252,491,478,1,0,477,471,16665,14,0,0,14,7
2020-10-23,US,Wisconsin,Langlade,803,9,0,45.26271619,-89.07483625,55067.0,4184.689144822553,1.1207970112079702,794,774,8,0,766,754,19268,29,1,0,28,20
2020-10-23,US,Wisconsin,Lincoln,685,7,0,45.33737523,-89.73411273,55069.0,2482.513681006052,1.0218978102189782,678,649,5,0,644,617,27689,36,2,0,34,32
2020-10-23,US,Wisconsin,Manitowoc,2424,9,0,44.11946801,-87.80928853,55071.0,3069.092566566643,0.3712871287128713,2415,2385,9,0,2376,2347,79074,39,0,0,39,38
2020-10-23,US,Wisconsin,Marathon,4011,45,0,44.89792533,-89.75863384,55073.0,2955.9590838074464,1.1219147344801794,3966,3859,40,0,3819,3699,135428,152,5,0,147,160
2020-10-23,US,Wisconsin,Marinette,1578,11,0,45.38553432,-88.03324599999998,55075.0,3910.780669144981,0.6970849176172371,1567,1532,11,0,1521,1502,40434,46,0,0,46,30
2020-10-23,US,Wisconsin,Marquette,576,2,0,43.81911946,-89.40073763,55077.0,3698.4718119943495,0.3472222222222222,574,556,2,0,554,537,15434,20,0,0,20,19
2020-10-23,US,Wisconsin,Menominee,273,0,0,45.00422544,-88.70950714,55078.0,5992.098331870062,0.0,273,257,0,0,257,252,4658,16,0,0,16,5
2020-10-23,US,Wisconsin,Milwaukee,37887,565,0,43.00486062,-87.96733172,55079.0,4006.128624992863,1.4912766912133448,37322,37082,561,0,36521,36706,948201,805,4,0,801,376
2020-10-23,US,Wisconsin,Monroe,1028,4,0,43.94641218,-90.61881899999999,55081.0,2222.5585367435624,0.3891050583657588,1024,1007,4,0,1003,989,46051,21,0,0,21,18
2020-10-23,US,Wisconsin,Oconto,1971,13,0,45.02715345,-88.26807503,55083.0,5196.414447666754,0.6595636732623034,1958,1942,9,0,1933,1877,37830,29,4,0,25,65
2020-10-23,US,Wisconsin,Oneida,1119,8,0,45.70677897,-89.51944105,55085.0,3143.69995785925,0.7149240393208222,1111,1072,8,0,1064,1025,35470,47,0,0,47,47
2020-10-23,US,Wisconsin,Outagamie,8472,60,0,44.41578887,-88.46565023,55087.0,4509.141230007717,0.7082152974504249,8412,8294,56,0,8238,8183,187365,178,4,0,174,111
2020-10-23,US,Wisconsin,Ozaukee,2016,23,0,43.38352225,-87.94625009,55089.0,2259.557727440849,1.1408730158730158,1993,2001,23,0,1978,1992,89147,15,0,0,15,9
2020-10-23,US,Wisconsin,Pepin,118,0,0,44.58307413,-91.99949611,55091.0,1619.3220804171815,0.0,118,112,0,0,112,102,7289,6,0,0,6,10
2020-10-23,US,Wisconsin,Pierce,649,7,0,44.71850291,-92.4224416,55093.0,1517.9866211348651,1.078582434514638,642,639,7,0,632,619,42555,10,0,0,10,20
2020-10-23,US,Wisconsin,Polk,473,2,0,45.46130348,-92.44182875,55095.0,1080.32798117991,0.4228329809725159,471,454,2,0,452,445,43598,19,0,0,19,9
2020-10-23,US,Wisconsin,Portage,2510,19,0,44.47558711,-89.50152965,55097.0,3546.600350421071,0.7569721115537849,2491,2433,19,0,2414,2397,70942,77,0,0,77,36
2020-10-23,US,Wisconsin,Price,329,1,0,45.68051754,-90.36098879999999,55099.0,2464.2348887723765,0.30395136778115506,328,317,0,0,317,299,13397,12,1,0,11,18
2020-10-23,US,Wisconsin,Racine,6814,107,0,42.74753117,-88.05941254,55101.0,3471.023019596457,1.5702964484884063,6707,6616,106,0,6510,6575,196584,198,1,0,197,41
2020-10-23,US,Wisconsin,Richland,422,6,0,43.3762778,-90.43012729,55103.0,2446.093206584744,1.4218009478672986,416,415,6,0,409,404,17377,7,0,0,7,11
2020-10-23,US,Wisconsin,Rock,4520,41,0,42.67151616,-89.07147900000002,55105.0,2766.996828972661,0.9070796460176992,4479,4455,39,0,4416,4292,163129,65,2,0,63,163
2020-10-23,US,Wisconsin,Rusk,182,1,0,45.47498854,-91.1333012,55107.0,1283.67893920158,0.5494505494505495,181,165,1,0,164,160,14147,17,0,0,17,5
2020-10-23,US,Wisconsin,Sauk,1586,7,0,43.42574087,-89.94966132,55111.0,2461.12783588343,0.4413619167717529,1579,1535,7,0,1528,1511,64249,51,0,0,51,24
2020-10-23,US,Wisconsin,Sawyer,356,1,0,45.87931905,-91.14504927,55113.0,2150.018118130209,0.2808988764044944,355,353,1,0,352,350,16489,3,0,0,3,3
2020-10-23,US,Wisconsin,Shawano,2215,17,0,44.78902246,-88.76443896,55115.0,5415.780336927553,0.7674943566591422,2198,2135,17,0,2118,2093,40796,80,0,0,80,42
2020-10-23,US,Wisconsin,Sheboygan,4202,24,0,43.72099677,-87.94579284,55117.0,3643.142014912433,0.5711565920990005,4178,4101,22,0,4079,3995,115456,101,2,0,99,106
2020-10-23,US,Wisconsin,St. Croix,1609,10,0,45.03437474,-92.45000068,55109.0,1774.2344547730106,0.6215040397762586,1599,1582,9,0,1573,1550,89694,27,1,0,26,32
2020-10-23,US,Wisconsin,Taylor,424,7,0,45.21179252,-90.5004405,55119.0,2084.2550262989726,1.650943396226415,417,407,7,0,400,395,20412,17,0,0,17,12
2020-10-23,US,Wisconsin,Trempealeau,961,2,0,44.30360275,-91.35893614,55121.0,3241.2560288711256,0.2081165452653486,959,922,2,0,920,910,29442,39,0,0,39,12
2020-10-23,US,Wisconsin,Vernon,463,3,0,43.59422667,-90.8324691,55123.0,1502.1737719810526,0.6479481641468683,460,454,2,0,452,450,30785,9,1,0,8,4
2020-10-23,US,Wisconsin,Vilas,509,5,0,46.05467334,-89.51719204,55125.0,2293.3093038972743,0.9823182711198428,504,479,5,0,474,459,21938,30,0,0,30,20
2020-10-23,US,Wisconsin,Walworth,3213,37,0,42.66858202,-88.54163073,55127.0,3093.349250972388,1.1515717398070342,3176,3186,37,0,3149,3157,103718,27,0,0,27,29
2020-10-23,US,Wisconsin,Washburn,217,2,0,45.89838588,-91.79050449,55129.0,1380.4071246819335,0.9216589861751152,215,212,2,0,210,206,15878,5,0,0,5,6
2020-10-23,US,Wisconsin,Washington,4076,43,0,43.36863664,-88.22974712,55131.0,2996.309746092889,1.0549558390579,4033,4044,43,0,4001,4028,135693,32,0,0,32,16
2020-10-23,US,Wisconsin,Waukesha,11389,112,0,43.01833055,-88.30431188,55133.0,2817.678464514916,0.9834050399508296,11277,11116,110,0,11006,10923,403072,273,2,0,271,193
2020-10-23,US,Wisconsin,Waupaca,2149,38,0,44.47068056,-88.96534501,55135.0,4214.551872916258,1.7682643089809214,2111,2116,36,0,2080,2065,51128,33,2,0,31,51
2020-10-23,US,Wisconsin,Waushara,906,5,0,44.11324419,-89.24317107,55137.0,3706.582661702737,0.5518763796909493,901,867,4,0,863,837,24263,39,1,0,38,30
2020-10-23,US,Wisconsin,Winnebago,8159,54,0,44.06886922,-88.64477096,55139.0,4746.170894727963,0.6618458144380439,8105,7989,53,0,7936,7807,171020,170,1,0,169,182
2020-10-23,US,Wisconsin,Wood,1536,9,0,44.45537896,-90.04158336,55141.0,2104.1384128549707,0.5859375,1527,1444,9,0,1435,1426,73055,92,0,0,92,18
2020-10-23,US,Wyoming,Albany,1214,3,0,41.65498705,-105.72354150000001,56001.0,3122.427983539095,0.2471169686985173,1211,1167,2,0,1165,1147,38601,47,1,0,46,20
2020-10-23,US,Wyoming,Big Horn,201,2,0,44.52405055,-107.9960365,56003.0,1704.8346055979646,0.9950248756218906,199,189,1,0,188,175,11881,12,1,0,11,14
2020-10-23,US,Wyoming,Campbell,765,3,0,44.24886082,-105.54744040000001,56005.0,1650.805981744028,0.392156862745098,762,701,2,0,699,676,46140,64,1,0,63,25
2020-10-23,US,Wyoming,Carbon,299,2,0,41.69357844,-106.9326084,56007.0,2020.2702702702704,0.6688963210702341,297,295,2,0,293,286,14971,4,0,0,4,9
2020-10-23,US,Wyoming,Converse,283,0,0,42.97272268,-105.5081848,56009.0,2047.4605701056287,0.0,283,275,0,0,275,269,13640,8,0,0,8,6
2020-10-23,US,Wyoming,Crook,98,1,0,44.58855102,-104.56977049999999,56011.0,1292.1940928270042,1.020408163265306,97,91,0,0,91,90,7450,7,1,0,6,1
2020-10-23,US,Wyoming,Fremont,1189,15,0,43.04183996,-108.6296893,56013.0,3028.450625302463,1.2615643397813288,1174,1150,15,0,1135,1113,39531,39,0,0,39,37
2020-10-23,US,Wyoming,Goshen,148,3,0,42.08798185,-104.3534743,56015.0,1120.278555748997,2.0270270270270268,145,146,2,0,144,139,13376,2,1,0,1,7
2020-10-23,US,Wyoming,Hot Springs,49,0,0,43.71930657,-108.44231740000001,56017.0,1110.355767051892,0.0,49,46,0,0,46,46,4555,3,0,0,3,0
2020-10-23,US,Wyoming,Johnson,83,2,0,44.04057166,-106.58451740000001,56019.0,982.8300769686203,2.409638554216868,81,77,2,0,75,75,8460,6,0,0,6,2
2020-10-23,US,Wyoming,Laramie,1366,4,0,41.30702520000001,-104.6887497,56021.0,1372.8643216080404,0.2928257686676428,1362,1308,4,0,1304,1280,98976,58,0,0,58,28
2020-10-23,US,Wyoming,Lincoln,326,2,0,42.26376367,-110.6563997,56023.0,1643.9737771053958,0.6134969325153374,324,321,2,0,319,314,19434,5,0,0,5,7
2020-10-23,US,Wyoming,Natrona,1193,9,0,42.96180148,-106.79788500000001,56025.0,1493.9016754739664,0.7544006705783739,1184,1136,8,0,1128,1111,79115,57,1,0,56,25
2020-10-23,US,Wyoming,Niobrara,7,0,0,43.05607708,-104.47588959999999,56027.0,297.11375212224107,0.0,7,7,0,0,7,6,2388,0,0,0,0,1
2020-10-23,US,Wyoming,Park,536,3,0,44.52157546,-109.58528249999999,56029.0,1835.9936973350686,0.5597014925373134,533,504,3,0,501,481,29324,32,0,0,32,23
2020-10-23,US,Wyoming,Platte,115,1,0,42.13299116,-104.96633100000001,56031.0,1370.189443583939,0.8695652173913043,114,113,1,0,112,106,8566,2,0,0,2,7
2020-10-23,US,Wyoming,Sheridan,634,4,0,44.79048913,-106.8862389,56033.0,2079.7113334426767,0.6309148264984227,630,598,4,0,594,577,30233,36,0,0,36,21
2020-10-23,US,Wyoming,Sublette,158,1,0,42.76558279,-109.91309220000001,56035.0,1607.1610212592816,0.6329113924050633,157,157,1,0,156,154,9813,1,0,0,1,3
2020-10-23,US,Wyoming,Sweetwater,451,2,0,41.65943896,-108.8827882,56037.0,1065.1111163592566,0.4434589800443459,449,443,2,0,441,436,43051,8,0,0,8,7
2020-10-23,US,Wyoming,Teton,740,1,0,43.93522482,-110.5890801,56039.0,3153.767473576543,0.13513513513513514,739,727,1,0,726,715,23081,13,0,0,13,12
2020-10-23,US,Wyoming,Uinta,425,3,0,41.2878183,-110.54757820000002,56041.0,2101.255809354297,0.7058823529411765,422,410,2,0,408,407,20299,15,1,0,14,3
2020-10-23,US,Wyoming,Washakie,144,7,0,43.90451606,-107.68018700000002,56043.0,1844.9711723254325,4.861111111111111,137,143,7,0,136,142,7885,1,0,0,1,1
2020-10-23,US,Wyoming,Weston,121,0,0,43.83961191,-104.56748809999999,56045.0,1746.7879312833838,0.0,121,115,0,0,115,103,6967,6,0,0,6,12
