Date,Country/Region,Province/State,Admin2,Confirmed,Deaths,Recovered,Latitude,Longitude,FIPS,Incidence_Rate,Case-Fatality_Ratio,Active Cases,Previous Confirmed,Previous Deaths,Previous Recovered,Previous Active,Prev2 Confirmed,Population,Daily Confirmed,Daily Deaths,Daily Recovered,Daily Active,Previous Daily Confirmed
2020-09-15,US,Alabama,Autauga,1619,24,0,32.53952745,-86.64408227,1001.0,2865.6321036710883,1.499063085571518,1595,1447,23,0,1424,1442,55601,172,1,0,171,5
2020-09-15,US,Alabama,Baldwin,5003,47,0,30.72774991,-87.72207058,1003.0,2236.218497182329,0.9415064102564102,4956,4800,43,0,4757,4781,218022,203,4,0,199,19
2020-09-15,US,Alabama,Barbour,809,7,0,31.868263,-85.3871286,1005.0,3265.0085068459857,0.8684863523573201,802,626,7,0,619,622,24881,183,0,0,183,4
2020-09-15,US,Alabama,Bibb,612,9,0,32.99642064,-87.12511459999996,1007.0,2728.409395373761,1.4729950900163666,603,581,6,0,575,578,22400,31,3,0,28,3
2020-09-15,US,Alabama,Blount,1487,13,0,33.98210918,-86.56790593,1009.0,2550.755715422129,0.8813559322033898,1474,1128,13,0,1115,1121,57840,359,0,0,359,7
2020-09-15,US,Alabama,Bullock,583,14,0,32.10030533,-85.71265535,1011.0,5751.905751905752,2.409638554216868,569,558,13,0,545,558,10138,25,1,0,24,0
2020-09-15,US,Alabama,Butler,901,38,0,31.75300095,-86.68057478,1013.0,4632.8671328671335,4.217536071032186,863,867,37,0,830,866,19680,34,1,0,33,1
2020-09-15,US,Alabama,Calhoun,3165,38,0,33.77483727,-85.82630386,1015.0,2752.5196954359412,1.215222257755037,3127,2790,31,0,2759,2773,114277,375,7,0,368,17
2020-09-15,US,Alabama,Chambers,1107,42,0,32.91360079,-85.39072749,1017.0,3313.8870511818127,3.8112522686025407,1065,864,40,0,824,863,33615,243,2,0,241,1
2020-09-15,US,Alabama,Cherokee,526,15,0,34.17805983,-85.60638968,1019.0,1988.8532600397007,2.8790786948176583,511,407,11,0,396,407,26032,119,4,0,115,0
2020-09-15,US,Alabama,Chilton,1428,24,0,32.85044126,-86.7173256,1021.0,3193.9317547492574,1.6913319238900637,1404,1251,14,0,1237,1244,44153,177,10,0,167,7
2020-09-15,US,Alabama,Choctaw,342,12,0,32.02227341,-88.26564429999998,1023.0,2708.7139566288033,3.5190615835777126,330,331,12,0,319,331,12841,11,0,0,11,0
2020-09-15,US,Alabama,Clarke,1043,16,0,31.68099859,-87.83548597,1025.0,4411.142155617646,1.5355086372360844,1027,936,14,0,922,935,23920,107,2,0,105,1
2020-09-15,US,Alabama,Clay,505,7,0,33.26984193,-85.85836077,1027.0,3740.0831129580656,1.414141414141414,498,443,7,0,436,435,13275,62,0,0,62,8
2020-09-15,US,Alabama,Cleburne,305,6,0,33.67679204,-85.52005899,1029.0,2012.0724346076456,2.0,299,285,6,0,279,281,14987,20,0,0,20,4
2020-09-15,US,Alabama,Coffee,1235,7,0,31.39932826,-85.98901039,1031.0,2351.8398227045204,0.5686433793663688,1228,1047,5,0,1042,1044,51909,188,2,0,186,3
2020-09-15,US,Alabama,Colbert,1560,24,0,34.69847452,-87.80168544,1033.0,2820.3689288752917,1.5404364569961488,1536,1515,23,0,1492,1513,54762,45,1,0,44,2
2020-09-15,US,Alabama,Conecuh,516,11,0,31.43401703,-86.99320044,1035.0,4276.12496892351,2.1317829457364343,505,444,11,0,433,444,12277,72,0,0,72,0
2020-09-15,US,Alabama,Coosa,157,3,0,32.93690146,-86.24847739,1037.0,1453.624683484948,1.935483870967742,154,117,3,0,114,117,10715,40,0,0,40,0
2020-09-15,US,Alabama,Covington,1272,27,0,31.247785399999998,-86.45050893,1039.0,3411.698021539043,2.1360759493670884,1245,845,25,0,820,842,36986,427,2,0,425,3
2020-09-15,US,Alabama,Crenshaw,507,31,0,31.72941803,-86.31593104,1041.0,3681.3825152483296,6.114398422090731,476,421,30,0,391,421,13824,86,1,0,85,0
2020-09-15,US,Alabama,Cullman,1797,17,0,34.13020303,-86.86888037,1043.0,2130.8853022633944,0.9523809523809524,1780,1528,15,0,1513,1524,83442,269,2,0,267,4
2020-09-15,US,Alabama,Dale,1274,42,0,31.43037123,-85.61095742,1045.0,2570.568616285691,3.3227848101265822,1232,1094,42,0,1052,1091,48956,180,0,0,180,3
2020-09-15,US,Alabama,Dallas,1725,26,0,32.32688101,-87.10866709999998,1047.0,4640.283901494784,1.5063731170336037,1699,1475,25,0,1450,1475,38310,250,1,0,249,0
2020-09-15,US,Alabama,DeKalb,2293,19,0,34.45946862,-85.80782906,1049.0,3196.621593276747,0.8311461067366579,2274,2159,16,0,2143,2155,71385,134,3,0,131,4
2020-09-15,US,Alabama,Elmore,2468,47,0,32.59785413,-86.14415284,1051.0,3018.138383676686,1.9175846593227253,2421,2223,44,0,2179,2213,81887,245,3,0,242,10
2020-09-15,US,Alabama,Escambia,1538,24,0,31.1256789,-87.15918694,1053.0,4187.481232768269,1.564537157757497,1514,1302,23,0,1279,1300,36748,236,1,0,235,2
2020-09-15,US,Alabama,Etowah,3247,44,0,34.04567266,-86.04051873,1055.0,3159.3460319943683,1.3618074899411947,3203,2899,43,0,2856,2886,102501,348,1,0,347,13
2020-09-15,US,Alabama,Fayette,408,8,0,33.72076938,-87.73886638,1057.0,2478.2235308551103,1.98019801980198,400,357,7,0,350,353,16433,51,1,0,50,4
2020-09-15,US,Alabama,Franklin,1703,28,0,34.44235334,-87.84289505,1059.0,5401.441234615139,1.6528925619834711,1675,1662,28,0,1634,1662,31363,41,0,0,41,0
2020-09-15,US,Alabama,Geneva,536,4,0,31.09389027,-85.83572839,1061.0,2002.2077576034408,0.7604562737642585,532,424,3,0,421,418,26314,112,1,0,111,6
2020-09-15,US,Alabama,Greene,297,15,0,32.85504247,-87.95684022,1063.0,3637.0361237825177,5.084745762711863,282,282,14,0,268,282,8233,15,1,0,14,0
2020-09-15,US,Alabama,Hale,609,28,0,32.76039258,-87.63284988,1065.0,4095.2835983891882,4.666666666666667,581,556,27,0,529,556,14726,53,1,0,52,0
2020-09-15,US,Alabama,Henry,447,4,0,31.51148016,-85.24267944,1067.0,2586.4574251671024,0.8988764044943821,443,362,3,0,359,361,17209,85,1,0,84,1
2020-09-15,US,Alabama,Houston,2586,21,0,31.15197924,-85.29939599,1069.0,2401.730227989649,0.8257963035784507,2565,2016,15,0,2001,2008,104722,570,6,0,564,8
2020-09-15,US,Alabama,Jackson,1442,10,0,34.78144169,-85.99750489,1071.0,2779.607174679425,0.6968641114982579,1432,1366,8,0,1358,1362,51736,76,2,0,74,4
2020-09-15,US,Alabama,Jefferson,18531,332,0,33.55554728,-86.89506300000002,1073.0,2791.034555015161,1.7844513356183016,18199,17484,310,0,17174,17407,659300,1047,22,0,1025,77
2020-09-15,US,Alabama,Lamar,327,2,0,33.77995024,-88.09668032,1075.0,2339.7319811662437,0.6191950464396285,325,295,2,0,293,292,13844,32,0,0,32,3
2020-09-15,US,Alabama,Lauderdale,1590,31,0,34.90171875,-87.65624729,1077.0,1699.5761843651933,1.967005076142132,1559,1530,30,0,1500,1527,92387,60,1,0,59,3
2020-09-15,US,Alabama,Lawrence,573,20,0,34.52041498,-87.31069453,1079.0,1725.1852751792005,3.5211267605633805,553,534,12,0,522,532,32957,39,8,0,31,2
2020-09-15,US,Alabama,Lee,5570,59,0,32.60154883,-85.35132246,1081.0,3367.529263045301,1.064789749142754,5511,3622,49,0,3573,3613,163941,1948,10,0,1938,9
2020-09-15,US,Alabama,Limestone,1908,19,0,34.81185586,-86.98310072,1083.0,1913.7643431228832,1.0036978341257263,1889,1807,18,0,1789,1796,96174,101,1,0,100,11
2020-09-15,US,Alabama,Lowndes,643,27,0,32.1597283,-86.65158371,1085.0,6580.30022619782,4.21875,616,606,25,0,581,604,9974,37,2,0,35,2
2020-09-15,US,Alabama,Macon,466,19,0,32.38759944,-85.69267724,1087.0,2579.145450520257,4.07725321888412,447,421,17,0,404,420,18439,45,2,0,43,1
2020-09-15,US,Alabama,Madison,7303,73,0,34.76327133,-86.55069633,1089.0,1940.687942634799,0.994887384275252,7230,6880,65,0,6815,6846,366519,423,8,0,415,34
2020-09-15,US,Alabama,Marengo,694,19,0,32.24767634,-87.78796182,1091.0,3679.160260828077,2.7377521613832854,675,662,18,0,644,660,19066,32,1,0,31,2
2020-09-15,US,Alabama,Marion,903,28,0,34.13697363,-87.88704173,1093.0,3029.385034837928,3.111111111111111,875,787,27,0,760,787,29763,116,1,0,115,0
2020-09-15,US,Alabama,Marshall,3759,42,0,34.36975964,-86.30486727,1095.0,3872.9410792154918,1.1205976520811098,3717,3554,41,0,3513,3544,96109,205,1,0,204,10
2020-09-15,US,Alabama,Mobile,12931,288,0,30.78472347,-88.20842409,1097.0,3120.2052225260773,2.2260141161870783,12643,12559,281,0,12278,12528,413757,372,7,0,365,31
2020-09-15,US,Alabama,Monroe,570,8,0,31.56729412,-87.36995001,1099.0,2749.24034148459,1.4035087719298245,562,445,8,0,437,445,21067,125,0,0,125,0
2020-09-15,US,Alabama,Montgomery,8546,170,0,32.2206831,-86.20969272,1101.0,3756.9651104262516,1.997884592784111,8376,8188,166,0,8022,8149,225763,358,4,0,354,39
2020-09-15,US,Alabama,Morgan,3118,25,0,34.45500589,-86.85475946,1103.0,2595.275695819651,0.8048937540244687,3093,2972,24,0,2948,2962,119089,146,1,0,145,10
2020-09-15,US,Alabama,Perry,536,6,0,32.64048341,-87.29770589,1105.0,6006.948335761514,1.1194029850746268,530,489,5,0,484,487,9140,47,1,0,46,2
2020-09-15,US,Alabama,Pickens,615,14,0,33.28094866,-88.08818103,1107.0,3075.765178123432,2.283849918433932,601,569,12,0,557,564,19938,46,2,0,44,5
2020-09-15,US,Alabama,Pike,1128,9,0,31.80396383,-85.9408295,1109.0,3394.334722473878,0.8007117437722421,1119,883,7,0,876,882,33338,245,2,0,243,1
2020-09-15,US,Alabama,Randolph,581,12,0,33.29526734,-85.45708831,1111.0,2556.993222427603,2.0654044750430294,569,506,11,0,495,505,22725,75,1,0,74,1
2020-09-15,US,Alabama,Russell,1685,2,0,32.28725256,-85.18415324,1113.0,2903.6766101344015,0.11883541295306,1683,1578,2,0,1576,1575,57781,107,0,0,107,3
2020-09-15,US,Alabama,Shelby,5446,49,0,33.26879845,-86.66232561,1117.0,2480.4549338086013,0.9074074074074074,5397,4680,40,0,4640,4643,215707,766,9,0,757,37
2020-09-15,US,Alabama,St. Clair,2174,34,0,33.71902176,-86.31029372,1115.0,2404.146930020556,1.579925650557621,2140,1834,32,0,1802,1825,88690,340,2,0,338,9
2020-09-15,US,Alabama,Sumter,414,19,0,32.59117397,-88.19916205,1119.0,3331.4557012955656,4.5893719806763285,395,405,19,0,386,405,12691,9,0,0,9,0
2020-09-15,US,Alabama,Talladega,1991,25,0,33.37823223,-86.16886178,1121.0,2476.931156067919,1.2619888944977284,1966,1371,22,0,1349,1366,79828,620,3,0,617,5
2020-09-15,US,Alabama,Tallapoosa,1124,83,0,32.86698258,-85.79833053,1123.0,2777.0208338494317,7.493309545049063,1041,958,83,0,875,956,40497,166,0,0,166,2
2020-09-15,US,Alabama,Tuscaloosa,6984,109,0,33.28726072,-87.52556818,1125.0,3268.133075398247,1.593101432329728,6875,5618,96,0,5522,5567,208911,1366,13,0,1353,51
2020-09-15,US,Alabama,Walker,2174,80,0,33.80270512,-87.30027177,1127.0,3406.747374883897,3.696857670979667,2094,2039,76,0,1963,2034,63711,135,4,0,131,5
2020-09-15,US,Alabama,Washington,542,13,0,31.4092794,-88.20689944,1129.0,3301.4822981746906,2.411873840445269,529,509,13,0,496,507,16378,33,0,0,33,2
2020-09-15,US,Alabama,Wilcox,529,11,0,31.98773215,-87.30891118,1131.0,5109.418683119638,2.0754716981132075,518,480,11,0,469,480,10627,49,0,0,49,0
2020-09-15,US,Alabama,Winston,680,12,0,34.15030532,-87.37325922,1133.0,2839.730839222989,1.7883755588673622,668,626,12,0,614,623,23660,54,0,0,54,3
2020-09-15,US,Alaska,Aleutians East,2,0,0,55.32222414,-161.9722021,2013.0,59.93407252022774,0.0,2,2,0,0,2,2,3515,0,0,0,0,0
2020-09-15,US,Alaska,Aleutians West,7,0,0,52.3233,-174.1596,2016.0,124.24565140220093,0.0,7,7,0,0,7,7,5723,0,0,0,0,0
2020-09-15,US,Alaska,Anchorage,3611,27,0,61.14998174,-149.14269860000005,2020.0,1253.8194444444443,0.7477153143173636,3584,3591,27,0,3564,3544,291538,20,0,0,20,47
2020-09-15,US,Alaska,Bethel,85,1,0,60.90980451,-159.8561831,2050.0,462.3082780376373,1.1764705882352942,84,80,1,0,79,80,18216,5,0,0,5,0
2020-09-15,US,Alaska,Bristol Bay,10,0,0,58.74513976,-156.701064,2060.0,1196.1722488038274,0.0,10,10,0,0,10,10,877,0,0,0,0,0
2020-09-15,US,Alaska,Denali,2,0,0,63.67264044,-150.0076108,2068.0,95.37434430138292,0.0,2,2,0,0,2,2,2059,0,0,0,0,0
2020-09-15,US,Alaska,Dillingham,6,0,0,59.79603738,-158.23819419999995,2070.0,122.05044751830758,0.0,6,6,0,0,6,6,5000,0,0,0,0,0
2020-09-15,US,Alaska,Fairbanks North Star,889,9,0,64.80726247,-146.5692662,2090.0,917.923778252744,1.0123734533183353,880,884,9,0,875,872,98971,5,0,0,5,12
2020-09-15,US,Alaska,Haines,4,0,0,59.09893571,-135.4679843,2100.0,158.10276679841897,0.0,4,4,0,0,4,4,2474,0,0,0,0,0
2020-09-15,US,Alaska,Juneau,241,1,0,58.45031811,-134.200436,2110.0,753.7374116469632,0.4149377593360996,240,240,1,0,239,235,32113,1,0,0,1,5
2020-09-15,US,Alaska,Kenai Peninsula,426,2,0,60.24429722,-151.53888840000005,2122.0,725.6251277509027,0.4694835680751174,424,426,2,0,424,426,58533,0,0,0,0,0
2020-09-15,US,Alaska,Ketchikan Gateway,48,0,0,55.57445008,-130.975561,2130.0,345.2988993597583,0.0,48,48,0,0,48,48,13918,0,0,0,0,0
2020-09-15,US,Alaska,Kodiak Island,20,0,0,57.65529415,-153.7493579,2150.0,153.86982612709647,0.0,20,19,0,0,19,19,13345,1,0,0,1,0
2020-09-15,US,Alaska,Kusilvak,11,0,0,62.15429159999999,-163.39678830000003,2158.0,132.30695212893914,0.0,11,9,0,0,9,9,8303,2,0,0,2,0
2020-09-15,US,Alaska,Matanuska-Susitna,548,2,0,62.31305045,-149.5741743,2170.0,505.9224313819622,0.36496350364963503,546,544,2,0,542,537,107610,4,0,0,4,7
2020-09-15,US,Alaska,Nome,50,0,0,64.90320724,-164.0353804,2180.0,499.8000799680128,0.0,50,50,0,0,50,50,10008,0,0,0,0,0
2020-09-15,US,Alaska,North Slope,66,0,0,69.31479216,-153.4836093,2185.0,671.2774613506916,0.0,66,63,0,0,63,61,9872,3,0,0,3,2
2020-09-15,US,Alaska,Northwest Arctic,74,0,0,67.04919196,-159.7503946,2188.0,971.0011809473822,0.0,74,74,0,0,74,74,7671,0,0,0,0,0
2020-09-15,US,Alaska,Petersburg,7,1,0,57.13978948,-132.9540995,2195.0,214.32945499081444,14.285714285714285,6,7,1,0,6,7,3221,0,0,0,0,0
2020-09-15,US,Alaska,Prince of Wales-Hyder,30,0,0,55.76261984,-133.0511621,2198.0,483.6369498629695,0.0,30,30,0,0,30,30,6422,0,0,0,0,0
2020-09-15,US,Alaska,Sitka,40,0,0,57.24124555,-135.3206587,2220.0,470.9760979630284,0.0,40,40,0,0,40,40,8647,0,0,0,0,0
2020-09-15,US,Alaska,Southeast Fairbanks,21,0,0,63.87692095,-143.2127643,2240.0,304.6568983026258,0.0,21,21,0,0,21,21,6918,0,0,0,0,0
2020-09-15,US,Alaska,Unassigned,2,0,0,0.0,0.0,90002.0,0.0,0.0,2,2,0,0,2,1,,0,0,0,0,1
2020-09-15,US,Alaska,Valdez-Cordova,75,0,0,61.47502768,-144.7126799,2261.0,815.0402086502934,0.0,75,75,0,0,75,75,9164,0,0,0,0,0
2020-09-15,US,Alaska,Wrangell,12,0,0,56.3202004,-132.05837309999998,2275.0,479.61630695443637,0.0,12,12,0,0,12,12,2503,0,0,0,0,0
2020-09-15,US,Alaska,Yakutat,21,0,0,59.890980799999994,-140.36014509999998,2282.0,3626.943005181347,0.0,21,21,0,0,21,21,604,0,0,0,0,0
2020-09-15,US,Alaska,Yukon-Koyukuk,76,1,0,65.50815459,-151.39073869999999,2290.0,1453.1548757170171,1.3157894736842106,75,76,1,0,75,75,5327,0,0,0,0,1
2020-09-15,US,Arizona,Apache,3395,158,0,35.39465006,-109.4892383,4001.0,4722.689777011144,4.653902798232696,3237,3386,158,0,3228,3386,71818,9,0,0,9,0
2020-09-15,US,Arizona,Cochise,1861,69,0,31.87934684,-109.7516088,4003.0,1477.8990168517014,3.707684040838259,1792,1860,67,0,1793,1860,126770,1,2,0,-1,0
2020-09-15,US,Arizona,Coconino,3565,133,0,35.83883429,-111.77071780000001,4005.0,2484.7361231146674,3.730715287517532,3432,3553,132,0,3421,3550,142854,12,1,0,11,3
2020-09-15,US,Arizona,Gila,1168,51,0,33.80190085,-110.8132779,4007.0,2162.242215557777,4.366438356164384,1117,1168,51,0,1117,1168,53889,0,0,0,0,0
2020-09-15,US,Arizona,Graham,776,24,0,32.93166885,-109.8882178,4009.0,1998.094600509823,3.0927835051546397,752,774,24,0,750,774,38072,2,0,0,2,0
2020-09-15,US,Arizona,Greenlee,58,1,0,33.21498827,-109.2405279,4011.0,610.6548747104654,1.7241379310344829,57,58,1,0,57,58,9483,0,0,0,0,0
2020-09-15,US,Arizona,La Paz,527,15,0,33.72854224,-113.98100290000001,4012.0,2496.683721811635,2.8462998102466788,512,526,15,0,511,526,21098,1,0,0,1,0
2020-09-15,US,Arizona,Maricopa,137870,3172,0,33.34835867,-112.49181540000001,4013.0,3073.740796278783,2.300718067744977,134698,137589,3154,0,134435,137507,4410824,281,18,0,263,82
2020-09-15,US,Arizona,Mohave,3798,218,0,35.70471703,-113.7577902,4015.0,1789.981195300239,5.73986308583465,3580,3792,217,0,3575,3790,209550,6,1,0,5,2
2020-09-15,US,Arizona,Navajo,5704,227,0,35.3997715,-110.3218983,4017.0,5142.259565107643,3.979663394109397,5477,5694,227,0,5467,5686,110445,10,0,0,10,8
2020-09-15,US,Arizona,Pima,22643,601,0,32.0971334,-111.7890033,4019.0,2162.079063936162,2.654241929073003,22042,22511,602,0,21909,22418,1039073,132,-1,0,133,93
2020-09-15,US,Arizona,Pinal,10198,196,0,32.90525627,-111.3449483,4021.0,2203.5960232416933,1.921945479505785,10002,10187,195,0,9992,10183,447138,11,1,0,10,4
2020-09-15,US,Arizona,Santa Cruz,2787,61,0,31.52508998,-110.8479088,4023.0,5993.8061852122655,2.188733405095084,2726,2785,61,0,2724,2783,46511,2,0,0,2,2
2020-09-15,US,Arizona,Unassigned,0,1,0,0.0,0.0,90004.0,0.0,0.0,-1,0,1,0,-1,0,,0,0,0,0,0
2020-09-15,US,Arizona,Yavapai,2429,80,0,34.59933926,-112.5538588,4025.0,1033.1817659794383,3.293536434746809,2349,2427,80,0,2347,2423,231993,2,0,0,2,4
2020-09-15,US,Arizona,Yuma,12430,337,0,32.76895712,-113.90666740000002,4027.0,5814.198244046645,2.711182622687048,12093,12415,337,0,12078,12400,212128,15,0,0,15,15
2020-09-15,US,Arkansas,Arkansas,319,4,0,34.29145151,-91.37277296,5001.0,1824.31659613405,1.2539184952978055,315,316,4,0,312,314,17769,3,0,0,3,2
2020-09-15,US,Arkansas,Ashley,403,8,0,33.19153461,-91.76984709999999,5003.0,2050.160248257618,1.9851116625310172,395,403,8,0,395,400,20046,0,0,0,0,3
2020-09-15,US,Arkansas,Baxter,222,1,0,36.28784385,-92.33782872,5005.0,529.4285986835829,0.4504504504504505,221,212,1,0,211,207,41619,10,0,0,10,5
2020-09-15,US,Arkansas,Benton,5940,79,0,36.33644656,-94.25680817,5007.0,2127.956839016841,1.32996632996633,5861,5862,62,0,5800,5849,272608,78,17,0,61,13
2020-09-15,US,Arkansas,Boone,555,7,0,36.3084504,-93.09374925,5009.0,1482.6886086770678,1.2612612612612613,548,533,5,0,528,531,37480,22,2,0,20,2
2020-09-15,US,Arkansas,Bradley,324,7,0,33.46755808,-92.15980837,5011.0,3010.313109727771,2.1604938271604937,317,321,6,0,315,321,10897,3,1,0,2,0
2020-09-15,US,Arkansas,Calhoun,31,0,0,33.55598792,-92.49974403,5013.0,597.4176141838504,0.0,31,29,0,0,29,28,5277,2,0,0,2,1
2020-09-15,US,Arkansas,Carroll,573,9,0,36.34038560000001,-93.54270261,5015.0,2019.027484143763,1.5706806282722514,564,555,9,0,546,546,28223,18,0,0,18,9
2020-09-15,US,Arkansas,Chicot,977,17,0,33.26458973,-91.29539209,5017.0,9656.058509586876,1.7400204708290683,960,976,16,0,960,976,10438,1,1,0,0,0
2020-09-15,US,Arkansas,Clark,286,4,0,34.04613432,-93.17484713,5019.0,1281.3620071684586,1.3986013986013983,282,283,4,0,279,277,22061,3,0,0,3,6
2020-09-15,US,Arkansas,Clay,243,7,0,36.36826212,-90.4148172,5021.0,1669.9883169541613,2.8806584362139915,236,236,5,0,231,229,14847,7,2,0,5,7
2020-09-15,US,Arkansas,Cleburne,299,7,0,35.53864922,-92.02640019,5023.0,1199.8876359404471,2.34113712374582,292,295,7,0,288,293,24965,4,0,0,4,2
2020-09-15,US,Arkansas,Cleveland,164,10,0,33.89723187,-92.18537045,5025.0,2061.3373554550026,6.097560975609755,154,161,9,0,152,159,8018,3,1,0,2,2
2020-09-15,US,Arkansas,Columbia,348,18,0,33.21230701,-93.22642793,5027.0,1483.5656733597648,5.172413793103448,330,345,18,0,327,339,23537,3,0,0,3,6
2020-09-15,US,Arkansas,Conway,233,3,0,35.26205537,-92.70506566,5029.0,1117.7204259810035,1.2875536480686696,230,233,3,0,230,231,20891,0,0,0,0,2
2020-09-15,US,Arkansas,Craighead,2417,19,0,35.83018283,-90.63235729,5031.0,2190.6609143312908,0.7860984691766653,2398,2389,16,0,2373,2360,108558,28,3,0,25,29
2020-09-15,US,Arkansas,Crawford,1127,14,0,35.58928601,-94.2446814,5033.0,1781.6210063708365,1.2422360248447204,1113,1108,11,0,1097,1088,63406,19,3,0,16,20
2020-09-15,US,Arkansas,Crittenden,1816,45,0,35.21247318,-90.30839406,5035.0,3786.8835366489416,2.4779735682819384,1771,1802,37,0,1765,1801,48342,14,8,0,6,1
2020-09-15,US,Arkansas,Cross,383,7,0,35.29631396,-90.77185818,5037.0,2332.6633777940187,1.827676240208877,376,377,5,0,372,367,16676,6,2,0,4,10
2020-09-15,US,Arkansas,Dallas,154,2,0,33.97042763,-92.65167437,5039.0,2197.1750606363253,1.2987012987012987,152,154,2,0,152,154,7182,0,0,0,0,0
2020-09-15,US,Arkansas,Desha,265,5,0,33.83011025,-91.25500948,5041.0,2332.541149546695,1.8867924528301887,260,260,5,0,255,260,11512,5,0,0,5,0
2020-09-15,US,Arkansas,Drew,336,6,0,33.59035001,-91.71777921,5043.0,1844.2285526099126,1.7857142857142858,330,333,5,0,328,332,18328,3,1,0,2,1
2020-09-15,US,Arkansas,Faulkner,2061,15,0,35.14719007,-92.33717519,5045.0,1635.623417746633,0.7278020378457059,2046,2031,12,0,2019,2012,124806,30,3,0,27,19
2020-09-15,US,Arkansas,Franklin,221,2,0,35.51202821,-93.89299569,5047.0,1247.5303415184871,0.9049773755656108,219,213,2,0,211,212,17810,8,0,0,8,1
2020-09-15,US,Arkansas,Fulton,104,2,0,36.38177105,-91.81729127,5049.0,833.5337020117015,1.9230769230769231,102,98,1,0,97,98,12269,6,1,0,5,0
2020-09-15,US,Arkansas,Garland,1658,45,0,34.57692074,-93.14921604,5051.0,1668.2430120942588,2.714113389626056,1613,1630,37,0,1593,1624,99154,28,8,0,20,6
2020-09-15,US,Arkansas,Grant,227,2,0,34.29017991,-92.42320562,5053.0,1242.8141253764031,0.8810572687224669,225,222,1,0,221,222,18188,5,1,0,4,0
2020-09-15,US,Arkansas,Greene,733,7,0,36.11735460000001,-90.55832668,5055.0,1617.2090457804745,0.9549795361527968,726,718,7,0,711,715,45325,15,0,0,15,3
2020-09-15,US,Arkansas,Hempstead,344,4,0,33.73325583,-93.66935133,5057.0,1597.6221437859924,1.162790697674419,340,344,4,0,340,344,21741,0,0,0,0,0
2020-09-15,US,Arkansas,Hot Spring,1790,25,0,34.31709259,-92.95396325,5059.0,5300.405673506855,1.3966480446927374,1765,1787,23,0,1764,1783,33701,3,2,0,1,4
2020-09-15,US,Arkansas,Howard,450,8,0,34.09007427,-93.9934871,5061.0,3408.5744584153917,1.7777777777777777,442,448,8,0,440,448,13341,2,0,0,2,0
2020-09-15,US,Arkansas,Independence,931,13,0,35.74242707,-91.57001641,5063.0,2461.335095836087,1.3963480128893662,918,911,12,0,899,906,37678,20,1,0,19,5
2020-09-15,US,Arkansas,Izard,133,0,0,36.09604046,-91.90847954,5065.0,975.8602978941963,0.0,133,130,0,0,130,128,13593,3,0,0,3,2
2020-09-15,US,Arkansas,Jackson,248,1,0,35.59802983,-91.21494602,5067.0,1483.342305161792,0.4032258064516129,247,243,1,0,242,243,16811,5,0,0,5,0
2020-09-15,US,Arkansas,Jefferson,2588,60,0,34.26767081,-91.92619839,5069.0,3872.860050281336,2.3183925811437405,2528,2555,55,0,2500,2514,68114,33,5,0,28,41
2020-09-15,US,Arkansas,Johnson,805,5,0,35.56759135,-93.46036368,5071.0,3028.8208292572804,0.6211180124223602,800,801,4,0,797,799,26742,4,1,0,3,2
2020-09-15,US,Arkansas,Lafayette,80,2,0,33.24116713,-93.60677071,5073.0,1207.729468599034,2.5,78,80,2,0,78,80,6682,0,0,0,0,0
2020-09-15,US,Arkansas,Lawrence,321,11,0,36.04188196,-91.10867198,5075.0,1956.6012434475192,3.4267912772585665,310,313,11,0,302,313,16434,8,0,0,8,0
2020-09-15,US,Arkansas,Lee,1027,16,0,34.78498904,-90.78383866,5077.0,11595.348312069551,1.5579357351509249,1011,1024,15,0,1009,1021,8985,3,1,0,2,3
2020-09-15,US,Arkansas,Lincoln,1792,15,0,33.95317155,-91.74002806,5079.0,13759.21375921376,0.8370535714285714,1777,1785,13,0,1772,1780,13383,7,2,0,5,5
2020-09-15,US,Arkansas,Little River,331,23,0,33.70375665,-94.23468591,5081.0,2700.057100905457,6.948640483383686,308,323,18,0,305,323,12326,8,5,0,3,0
2020-09-15,US,Arkansas,Logan,383,1,0,35.21413234,-93.71951016,5083.0,1784.2169011459982,0.2610966057441253,382,381,1,0,380,381,21737,2,0,0,2,0
2020-09-15,US,Arkansas,Lonoke,947,9,0,34.75392199,-91.88742357,5085.0,1291.7922765281207,0.9503695881731784,938,930,7,0,923,920,73657,17,2,0,15,10
2020-09-15,US,Arkansas,Madison,319,2,0,36.01038185,-93.72524943,5087.0,1924.469111969112,0.6269592476489029,317,319,2,0,317,319,16481,0,0,0,0,0
2020-09-15,US,Arkansas,Marion,64,0,0,36.26844485,-92.68451899,5089.0,383.3712711153708,0.0,64,62,0,0,62,60,16722,2,0,0,2,2
2020-09-15,US,Arkansas,Miller,725,11,0,33.31403423,-93.89285258,5091.0,1676.0293131747464,1.5172413793103448,714,722,10,0,712,717,43592,3,1,0,2,5
2020-09-15,US,Arkansas,Mississippi,1520,48,0,35.76271485,-90.05194370000002,5093.0,3739.145408477036,3.1578947368421053,1472,1506,37,0,1469,1499,41239,14,11,0,3,7
2020-09-15,US,Arkansas,Monroe,105,0,0,34.6815935,-91.20540287,5095.0,1566.9303089091181,0.0,105,103,0,0,103,102,6900,2,0,0,2,1
2020-09-15,US,Arkansas,Montgomery,123,4,0,34.53704874,-93.65824478,5097.0,1368.7959047407078,3.2520325203252027,119,123,4,0,119,121,8924,0,0,0,0,2
2020-09-15,US,Arkansas,Nevada,186,13,0,33.66340119,-93.30632432,5099.0,2253.999030538052,6.989247311827956,173,182,12,0,170,177,8326,4,1,0,3,5
2020-09-15,US,Arkansas,Newton,184,18,0,35.91947491,-93.21612969,5101.0,2373.274861343996,9.782608695652174,166,175,16,0,159,172,7805,9,2,0,7,3
2020-09-15,US,Arkansas,Ouachita,220,6,0,33.58839816,-92.87795984,5103.0,940.8947053288856,2.727272727272727,214,214,5,0,209,212,23606,6,1,0,5,2
2020-09-15,US,Arkansas,Perry,73,0,0,34.945915299999996,-92.94372564,5105.0,698.2305117168819,0.0,73,73,0,0,73,72,10352,0,0,0,0,1
2020-09-15,US,Arkansas,Phillips,437,11,0,34.43268455,-90.84800154,5107.0,2457.541333933191,2.517162471395881,426,434,11,0,423,432,18029,3,0,0,3,2
2020-09-15,US,Arkansas,Pike,215,3,0,34.16250414,-93.65789349,5109.0,2005.9712632953906,1.3953488372093024,212,212,2,0,210,212,10673,3,1,0,2,0
2020-09-15,US,Arkansas,Poinsett,579,8,0,35.57433534,-90.66268713,5111.0,2460.8976538592315,1.381692573402418,571,569,7,0,562,564,23974,10,1,0,9,5
2020-09-15,US,Arkansas,Polk,249,4,0,34.48254879,-94.22728802,5113.0,1247.2450410739332,1.606425702811245,245,248,4,0,244,247,20049,1,0,0,1,1
2020-09-15,US,Arkansas,Pope,1963,28,0,35.44871474,-93.03212219,5115.0,3063.74079160944,1.4263881813550687,1935,1947,24,0,1923,1943,64000,16,4,0,12,4
2020-09-15,US,Arkansas,Prairie,133,1,0,34.83624419,-91.55162157,5117.0,1649.7147109898287,0.7518796992481203,132,131,1,0,130,131,8074,2,0,0,2,0
2020-09-15,US,Arkansas,Pulaski,8231,135,0,34.77054088,-92.31355101,5119.0,2100.2217340161415,1.6401409306281132,8096,8130,121,0,8009,8067,392680,101,14,0,87,63
2020-09-15,US,Arkansas,Randolph,352,22,0,36.3415714,-91.02455531,5121.0,1960.1291903329995,6.25,330,341,18,0,323,339,17948,11,4,0,7,2
2020-09-15,US,Arkansas,Saline,1856,19,0,34.64916145,-92.67583224,5125.0,1515.8816370868285,1.0237068965517242,1837,1842,17,0,1825,1833,121421,14,2,0,12,9
2020-09-15,US,Arkansas,Scott,93,1,0,34.85588887,-94.0632176,5127.0,904.5812664137727,1.075268817204301,92,93,1,0,92,92,10319,0,0,0,0,1
2020-09-15,US,Arkansas,Searcy,132,0,0,35.9109364,-92.69936482,5129.0,1674.9143509706894,0.0,132,128,0,0,128,127,7958,4,0,0,4,1
2020-09-15,US,Arkansas,Sebastian,3253,55,0,35.19605503,-94.27162713,5131.0,2544.8457681084587,1.6907470027666769,3198,3192,41,0,3151,3175,127753,61,14,0,47,17
2020-09-15,US,Arkansas,Sevier,1185,16,0,33.99780401,-94.2424869,5133.0,6967.719174457577,1.3502109704641352,1169,1183,16,0,1167,1182,17139,2,0,0,2,1
2020-09-15,US,Arkansas,Sharp,170,6,0,36.16258158,-91.47819342,5135.0,974.6588693957117,3.5294117647058822,164,167,6,0,161,166,17366,3,0,0,3,1
2020-09-15,US,Arkansas,St. Francis,1398,4,0,35.02201976,-90.74828138,5123.0,5593.342402176522,0.2861230329041488,1394,1388,4,0,1384,1386,25439,10,0,0,10,2
2020-09-15,US,Arkansas,Stone,283,5,0,35.86251946,-92.15684085,5137.0,2262.91380137534,1.7667844522968197,278,282,5,0,277,266,12457,1,0,0,1,16
2020-09-15,US,Arkansas,Unassigned,1595,0,0,0.0,0.0,90005.0,0.0,0.0,1595,1628,0,0,1628,1641,,-33,0,0,-33,-13
2020-09-15,US,Arkansas,Union,816,31,0,33.16887091,-92.59746952,5139.0,2109.5082984333803,3.7990196078431366,785,801,25,0,776,796,39126,15,6,0,9,5
2020-09-15,US,Arkansas,Van Buren,159,2,0,35.58095779,-92.51295036,5141.0,961.0154125113327,1.2578616352201255,157,157,2,0,155,157,16603,2,0,0,2,0
2020-09-15,US,Arkansas,Washington,8396,105,0,35.976844,-94.21800746,5143.0,3510.224217871373,1.250595521676989,8291,8244,89,0,8155,8212,236961,152,16,0,136,32
2020-09-15,US,Arkansas,White,652,18,0,35.25688493,-91.74908296,5145.0,827.9049686996051,2.7607361963190185,634,643,14,0,629,638,78727,9,4,0,5,5
2020-09-15,US,Arkansas,Woodruff,36,0,0,35.18902527,-91.2439489,5147.0,569.6202531645571,0.0,36,36,0,0,36,32,6490,0,0,0,0,4
2020-09-15,US,Arkansas,Yell,1206,29,0,35.00292371,-93.41171338,5149.0,5651.094138044139,2.4046434494195688,1177,1202,26,0,1176,1202,21535,4,3,0,1,0
2020-09-15,US,California,Alameda,20097,356,0,37.64629437,-121.8929271,6001.0,1202.4562488893566,1.7714086679603922,19741,20022,332,0,19690,19991,1666753,75,24,0,51,31
2020-09-15,US,California,Alpine,2,0,0,38.59678594,-119.82235940000001,6003.0,177.14791851195747,0.0,2,2,0,0,2,2,1101,0,0,0,0,0
2020-09-15,US,California,Amador,286,16,0,38.44583082,-120.65696000000001,6005.0,719.4606560676193,5.594405594405594,270,286,16,0,270,286,39383,0,0,0,0,0
2020-09-15,US,California,Butte,2642,28,0,39.66727762,-121.6005252,6007.0,1205.368956046463,1.0598031794095382,2614,2640,28,0,2612,2629,231256,2,0,0,2,11
2020-09-15,US,California,Calaveras,298,10,0,38.20537103,-120.55291299999999,6009.0,649.1667574338308,3.355704697986577,288,298,10,0,288,298,45602,0,0,0,0,0
2020-09-15,US,California,Colusa,496,6,0,39.17881957,-122.2331726,6011.0,2301.9445862533066,1.2096774193548387,490,489,6,0,483,489,21627,7,0,0,7,0
2020-09-15,US,California,Contra Costa,15424,192,0,37.91923498,-121.9289527,6013.0,1337.117672250127,1.2448132780082988,15232,15351,192,0,15159,15203,1150215,73,0,0,73,148
2020-09-15,US,California,Del Norte,133,1,0,41.74228275,-123.89740630000001,6015.0,478.21084423989646,0.7518796992481203,132,129,1,0,128,129,27828,4,0,0,4,0
2020-09-15,US,California,El Dorado,1046,3,0,38.77965956,-120.5233166,6017.0,542.4101471144921,0.2868068833652008,1043,1035,2,0,1033,1034,190678,11,1,0,10,1
2020-09-15,US,California,Fresno,27232,348,0,36.75733899,-119.6466953,6019.0,2725.6503596733464,1.2779083431257343,26884,27196,337,0,26859,27076,994400,36,11,0,25,120
2020-09-15,US,California,Glenn,529,3,0,39.59875897,-122.3938452,6021.0,1863.1352798224914,0.5671077504725898,526,522,3,0,519,522,28047,7,0,0,7,0
2020-09-15,US,California,Humboldt,479,6,0,40.69923009,-123.876044,6023.0,353.35428377521066,1.2526096033402925,473,473,6,0,467,447,136373,6,0,0,6,26
2020-09-15,US,California,Imperial,11392,309,0,33.0393082,-115.36690420000001,6025.0,6286.455315509202,2.712429775280899,11083,11291,308,0,10983,11274,181827,101,1,0,100,17
2020-09-15,US,California,Inyo,186,14,0,36.51112084,-117.41119779999998,6027.0,1031.099284882754,7.526881720430107,172,186,14,0,172,186,17987,0,0,0,0,0
2020-09-15,US,California,Kern,30850,332,0,35.34329425,-118.72777959999999,6029.0,3427.0086047353816,1.0761750405186383,30518,30735,332,0,30403,30622,896764,115,0,0,115,113
2020-09-15,US,California,Kings,7125,77,0,36.07409056,-119.8159973,6031.0,4658.689682228325,1.080701754385965,7048,7097,77,0,7020,7057,151366,28,0,0,28,40
2020-09-15,US,California,Lake,416,7,0,39.10124298,-122.75362439999999,6033.0,646.1031901345012,1.6826923076923077,409,397,7,0,390,393,64382,19,0,0,19,4
2020-09-15,US,California,Lassen,727,0,0,40.67311306,-120.59350990000002,6035.0,2377.9151538939586,0.0,727,727,0,0,727,727,30802,0,0,0,0,0
2020-09-15,US,California,Los Angeles,255049,6273,0,34.30828379,-118.22824109999999,6037.0,2540.5546529188305,2.4595273849338755,248776,254656,6231,0,248425,253985,10105518,393,42,0,351,671
2020-09-15,US,California,Madera,4230,58,0,37.21513971,-119.76655890000002,6039.0,2688.667552295537,1.3711583924349882,4172,4226,58,0,4168,4150,157672,4,0,0,4,76
2020-09-15,US,California,Marin,6470,106,0,38.07122463,-122.72106310000001,6041.0,2499.748866033552,1.6383307573415764,6364,6464,99,0,6365,6450,259666,6,7,0,-1,14
2020-09-15,US,California,Mariposa,75,2,0,37.57978556,-119.9073334,6043.0,435.97047026681395,2.6666666666666665,73,75,2,0,73,75,17471,0,0,0,0,0
2020-09-15,US,California,Mendocino,802,18,0,39.4381191,-123.39113130000001,6045.0,924.5063343669667,2.244389027431421,784,789,18,0,771,785,87606,13,0,0,13,4
2020-09-15,US,California,Merced,8616,129,0,37.18922369,-120.72090349999999,6047.0,3102.8522039757995,1.4972144846796658,8487,8575,127,0,8448,8541,274765,41,2,0,39,34
2020-09-15,US,California,Modoc,22,0,0,41.58965602,-120.7244817,6049.0,248.84062888813483,0.0,22,22,0,0,22,22,8777,0,0,0,0,0
2020-09-15,US,California,Mono,163,2,0,37.93899289,-118.8872409,6051.0,1128.4962614234285,1.2269938650306749,161,163,2,0,161,163,14250,0,0,0,0,0
2020-09-15,US,California,Monterey,9011,64,0,36.21862405,-121.24133970000001,6053.0,2075.9754965315933,0.7102430362889801,8947,8992,64,0,8928,8904,435594,19,0,0,19,88
2020-09-15,US,California,Napa,1576,13,0,38.50735751,-122.33283899999999,6055.0,1144.1514693924962,0.8248730964467005,1563,1563,13,0,1550,1556,139417,13,0,0,13,7
2020-09-15,US,California,Nevada,494,5,0,39.30394768,-120.76272809999999,6057.0,495.2132725176683,1.0121457489878545,489,486,5,0,481,482,99696,8,0,0,8,4
2020-09-15,US,California,Orange,51124,1105,0,33.70147516,-117.76459979999998,6059.0,1609.8538523257293,2.161411470151005,50019,50974,1093,0,49881,50930,3185968,150,12,0,138,44
2020-09-15,US,California,Placer,3353,39,0,39.06167234,-120.72405690000001,6061.0,841.7664794679774,1.1631374888159858,3314,3325,39,0,3286,3316,393149,28,0,0,28,9
2020-09-15,US,California,Plumas,48,0,0,40.00355989,-120.8395236,6063.0,255.2241186792152,0.0,48,48,0,0,48,48,18804,0,0,0,0,0
2020-09-15,US,California,Riverside,55986,1125,0,33.74314981,-115.9933578,6065.0,2266.1387401813204,2.0094309291608616,54861,55766,1118,0,54648,55073,2450758,220,7,0,213,693
2020-09-15,US,California,Sacramento,20545,358,0,38.45106826,-121.34253740000001,6067.0,1323.7263040427613,1.7425164273545874,20187,20435,356,0,20079,20184,1540975,110,2,0,108,251
2020-09-15,US,California,San Benito,1245,10,0,36.60308176,-121.069975,6069.0,1982.2315628582346,0.8032128514056225,1235,1240,10,0,1230,1238,61537,5,0,0,5,2
2020-09-15,US,California,San Bernardino,50978,835,0,34.84060306,-116.1774685,6071.0,2338.3491928067024,1.6379614735768369,50143,50709,832,0,49877,50699,2171603,269,3,0,266,10
2020-09-15,US,California,San Diego,43181,742,0,33.03484597,-116.73653259999999,6073.0,1293.4910569056985,1.7183483476529031,42439,42887,734,0,42153,42679,3343364,294,8,0,286,208
2020-09-15,US,California,San Francisco,10430,91,0,37.75215114,-122.43856720000001,6075.0,1183.1446692129425,0.87248322147651,10339,10378,91,0,10287,10302,883305,52,0,0,52,76
2020-09-15,US,California,San Joaquin,19564,392,0,37.93433732,-121.2730061,6077.0,2566.9554994567984,2.0036802289920264,19172,19364,389,0,18975,19108,752660,200,3,0,197,256
2020-09-15,US,California,San Luis Obispo,3278,26,0,35.38822029,-120.4039028,6079.0,1157.8497479787081,0.7931665649786455,3252,3240,23,0,3217,3222,284010,38,3,0,35,18
2020-09-15,US,California,San Mateo,9242,142,0,37.422880799999994,-122.32755459999998,6081.0,1205.6255568615122,1.5364639688379138,9100,9166,139,0,9027,9077,769545,76,3,0,73,89
2020-09-15,US,California,Santa Barbara,8718,106,0,34.65329488,-120.0188492,6083.0,1952.5239698185208,1.2158752007341134,8612,8690,105,0,8585,8642,446527,28,1,0,27,48
2020-09-15,US,California,Santa Clara,19683,287,0,37.23104908,-121.6970462,6085.0,1017.3498795550696,1.4581110603058476,19396,19613,283,0,19330,19549,1937570,70,4,0,66,64
2020-09-15,US,California,Santa Cruz,2065,7,0,37.05580291,-122.0066524,6087.0,755.8205502666417,0.3389830508474576,2058,2043,7,0,2036,2043,274255,22,0,0,22,0
2020-09-15,US,California,Shasta,645,12,0,40.76391419,-122.0396884,6089.0,358.1741448245224,1.8604651162790695,633,612,12,0,600,612,180040,33,0,0,33,0
2020-09-15,US,California,Sierra,6,0,0,39.57713498,-120.52007009999998,6091.0,199.6672212978369,0.0,6,6,0,0,6,6,2987,0,0,0,0,0
2020-09-15,US,California,Siskiyou,156,0,0,41.59198861,-122.54074340000001,6093.0,358.29945566044233,0.0,156,155,0,0,155,155,43724,1,0,0,1,0
2020-09-15,US,California,Solano,5987,52,0,38.26827353,-121.9357113,6095.0,1337.449708808135,0.8685485217972273,5935,5937,50,0,5887,5820,446610,50,2,0,48,117
2020-09-15,US,California,Sonoma,6777,110,0,38.52746429,-122.88625060000001,6097.0,1370.92989383739,1.623137081304412,6667,6701,108,0,6593,6701,499942,76,2,0,74,0
2020-09-15,US,California,Stanislaus,16052,317,0,37.55862499,-120.9970722,6099.0,2915.0473976682524,1.974831796660852,15735,15976,310,0,15666,15976,549815,76,7,0,69,0
2020-09-15,US,California,Sutter,1599,10,0,39.03417539,-121.6945899,6101.0,1648.9465922801662,0.6253908692933083,1589,1564,10,0,1554,1564,96807,35,0,0,35,0
2020-09-15,US,California,Tehama,475,1,0,40.12570935,-122.23701709999999,6103.0,729.8260709237294,0.21052631578947367,474,476,1,0,475,471,63916,-1,0,0,-1,5
2020-09-15,US,California,Trinity,15,0,0,40.64917670000001,-123.114713,6105.0,122.10012210012206,0.0,15,14,0,0,14,15,12535,1,0,0,1,-1
2020-09-15,US,California,Tulare,15270,251,0,36.22026558,-118.8020203,6107.0,3275.45340469117,1.6437459070072036,15019,15114,247,0,14867,15114,465861,156,4,0,152,0
2020-09-15,US,California,Tuolumne,216,3,0,38.02644018,-119.95250929999999,6109.0,396.4903263702778,1.3888888888888888,213,213,3,0,210,213,54539,3,0,0,3,0
2020-09-15,US,California,Ventura,11903,135,0,34.44465746,-119.09106129999999,6111.0,1406.9640168036633,1.1341678568428126,11768,11855,129,0,11726,11759,850967,48,6,0,42,96
2020-09-15,US,California,Yolo,2710,53,0,38.68278902,-121.90182879999999,6113.0,1229.0249433106576,1.9557195571955717,2657,2689,53,0,2636,2677,220408,21,0,0,21,12
2020-09-15,US,California,Yuba,1085,7,0,39.26255932,-121.35356440000001,6115.0,1379.2139116286166,0.6451612903225806,1078,1057,7,0,1050,1057,78041,28,0,0,28,0
2020-09-15,US,Colorado,Adams,8154,213,0,39.87432092,-104.3362578,8001.0,1575.8927449794269,2.612214863870493,7941,8103,211,0,7892,8050,511868,51,2,0,49,53
2020-09-15,US,Colorado,Alamosa,240,9,0,37.57250606,-105.7885451,8003.0,1478.4697837737942,3.75,231,240,9,0,231,240,16683,0,0,0,0,0
2020-09-15,US,Colorado,Arapahoe,8606,369,0,39.64977461,-104.3353617,8005.0,1310.7114028541405,4.287706251452475,8237,8553,369,0,8184,8510,651215,53,0,0,53,43
2020-09-15,US,Colorado,Archuleta,48,0,0,37.19474156,-107.04768670000001,8007.0,342.14840687148046,0.0,48,48,0,0,48,48,13765,0,0,0,0,0
2020-09-15,US,Colorado,Baca,17,0,0,37.31940883,-102.5603223,8009.0,474.7277296844457,0.0,17,17,0,0,17,17,3585,0,0,0,0,0
2020-09-15,US,Colorado,Bent,11,0,0,37.95474293,-103.0720195,8011.0,197.23865877712032,0.0,11,11,0,0,11,11,5882,0,0,0,0,0
2020-09-15,US,Colorado,Boulder,2876,79,0,40.09313619,-105.3546767,8013.0,881.6785000429187,2.7468706536856744,2797,2844,79,0,2765,2777,326078,32,0,0,32,67
2020-09-15,US,Colorado,Broomfield,572,33,0,39.95998787,-105.0566324,8014.0,811.7505144397928,5.769230769230768,539,571,33,0,538,570,69267,1,0,0,1,1
2020-09-15,US,Colorado,Chaffee,319,19,0,38.74745778,-106.19265729999998,8015.0,1567.1055217134995,5.956112852664576,300,318,19,0,299,318,20027,1,0,0,1,0
2020-09-15,US,Colorado,Cheyenne,10,0,0,38.82777431,-102.6032558,8017.0,546.1496450027307,0.0,10,10,0,0,10,10,1876,0,0,0,0,0
2020-09-15,US,Colorado,Clear Creek,36,1,0,39.68864463,-105.6463118,8019.0,371.1340206185567,2.7777777777777777,35,36,1,0,35,36,9605,0,0,0,0,0
2020-09-15,US,Colorado,Conejos,31,0,0,37.201606,-106.19174879999998,8021.0,377.8184034125533,0.0,31,31,0,0,31,31,8200,0,0,0,0,0
2020-09-15,US,Colorado,Costilla,32,1,0,37.27732493,-105.4276548,8023.0,823.2570105479805,3.125,31,32,1,0,31,32,3828,0,0,0,0,0
2020-09-15,US,Colorado,Crowley,73,1,0,38.32608609,-103.7844965,8025.0,1204.4217125886814,1.3698630136986298,72,73,1,0,72,73,5858,0,0,0,0,0
2020-09-15,US,Colorado,Custer,17,0,0,38.10883162,-105.3683478,8027.0,335.43804262036303,0.0,17,17,0,0,17,17,4954,0,0,0,0,0
2020-09-15,US,Colorado,Delta,176,3,0,38.86246243,-107.86313419999999,8029.0,564.790449906938,1.7045454545454546,173,175,3,0,172,174,30953,1,0,0,1,1
2020-09-15,US,Colorado,Denver,11976,430,0,39.76018276,-104.87256950000001,8031.0,1646.8397755259475,3.590514362057448,11546,11883,430,0,11453,11816,716492,93,0,0,93,67
2020-09-15,US,Colorado,Dolores,3,0,0,37.75208676,-108.5211585,8033.0,145.98540145985402,0.0,3,3,0,0,3,3,2074,0,0,0,0,0
2020-09-15,US,Colorado,Douglas,2240,60,0,39.33133796,-104.930001,8035.0,637.8967632434773,2.6785714285714284,2180,2222,60,0,2162,2208,342776,18,0,0,18,14
2020-09-15,US,Colorado,Eagle,1215,9,0,39.62754308,-106.6933637,8037.0,2204.001668873692,0.7407407407407407,1206,1210,9,0,1201,1208,54993,5,0,0,5,2
2020-09-15,US,Colorado,El Paso,6443,161,0,38.83240149,-104.5251411,8041.0,894.3605176547017,2.498835945987894,6282,6406,160,0,6246,6378,713856,37,1,0,36,28
2020-09-15,US,Colorado,Elbert,141,3,0,39.28656773,-104.13587209999999,8039.0,527.5169291780463,2.127659574468085,138,140,2,0,138,138,26282,1,1,0,0,2
2020-09-15,US,Colorado,Fremont,167,1,0,38.47362326,-105.43996670000001,8043.0,349.0875645393925,0.5988023952095808,166,167,1,0,166,166,48021,0,0,0,0,1
2020-09-15,US,Colorado,Garfield,900,5,0,39.59921777,-107.902708,8045.0,1498.4765488420105,0.5555555555555556,895,892,5,0,887,891,59770,8,0,0,8,1
2020-09-15,US,Colorado,Gilpin,18,0,0,39.85646523,-105.5252597,8047.0,288.32292167227297,0.0,18,18,0,0,18,18,6121,0,0,0,0,0
2020-09-15,US,Colorado,Grand,69,1,0,40.10603347,-106.11780420000001,8049.0,438.54073979916086,1.4492753623188406,68,69,1,0,68,69,15525,0,0,0,0,0
2020-09-15,US,Colorado,Gunnison,296,7,0,38.66611652,-107.0320729,8051.0,1695.1093803688007,2.3648648648648654,289,296,7,0,289,296,17246,0,0,0,0,0
2020-09-15,US,Colorado,Hinsdale,3,0,0,37.82247444,-107.3004345,8053.0,365.8536585365854,0.0,3,3,0,0,3,3,811,0,0,0,0,0
2020-09-15,US,Colorado,Huerfano,10,1,0,37.68473101,-104.9612585,8055.0,144.9905756125852,10.0,9,10,1,0,9,10,6889,0,0,0,0,0
2020-09-15,US,Colorado,Jackson,9,0,0,40.66593870000001,-106.3408905,8057.0,646.5517241379309,0.0,9,9,0,0,9,9,1399,0,0,0,0,0
2020-09-15,US,Colorado,Jefferson,5160,246,0,39.58635604,-105.2517692,8059.0,885.2578828268547,4.767441860465117,4914,5146,245,0,4901,5117,580233,14,1,0,13,29
2020-09-15,US,Colorado,Kit Carson,78,3,0,39.30497777,-102.60221990000001,8063.0,1099.0559391292095,3.8461538461538463,75,78,3,0,75,78,7163,0,0,0,0,0
2020-09-15,US,Colorado,La Plata,248,2,0,37.28632032,-107.8429014,8067.0,441.11630885256403,0.8064516129032258,246,247,2,0,245,247,56310,1,0,0,1,0
2020-09-15,US,Colorado,Lake,87,0,0,39.20278823,-106.35556969999999,8065.0,1070.5057216685125,0.0,87,87,0,0,87,87,7824,0,0,0,0,0
2020-09-15,US,Colorado,Larimer,2220,47,0,40.66671597,-105.4625784,8069.0,622.0247184777767,2.1171171171171173,2173,2204,46,0,2158,2184,350518,16,1,0,15,20
2020-09-15,US,Colorado,Las Animas,21,0,0,37.3153406,-104.03764579999999,8071.0,144.76768233834275,0.0,21,21,0,0,21,21,14503,0,0,0,0,0
2020-09-15,US,Colorado,Lincoln,8,0,0,38.98749519,-103.51366490000001,8073.0,140.3262585511314,0.0,8,8,0,0,8,8,5610,0,0,0,0,0
2020-09-15,US,Colorado,Logan,792,5,0,40.7249637,-103.110817,8075.0,3534.294256771833,0.6313131313131313,787,789,5,0,784,776,21528,3,0,0,3,13
2020-09-15,US,Colorado,Mesa,500,6,0,39.01787888,-108.469799,8077.0,324.2331885091758,1.2,494,492,6,0,486,489,153207,8,0,0,8,3
2020-09-15,US,Colorado,Mineral,20,0,0,37.66954283,-106.92816979999999,8079.0,2600.780234070221,0.0,20,20,0,0,20,20,776,0,0,0,0,0
2020-09-15,US,Colorado,Moffat,38,1,0,40.61810999,-108.2070876,8081.0,286.0799518181134,2.631578947368421,37,35,1,0,34,35,13188,3,0,0,3,0
2020-09-15,US,Colorado,Montezuma,128,5,0,37.33859579,-108.59588570000001,8083.0,488.8668219837298,3.90625,123,128,5,0,123,128,26158,0,0,0,0,0
2020-09-15,US,Colorado,Montrose,358,13,0,38.40214114,-108.26390220000002,8085.0,837.2702184386548,3.6312849162011163,345,355,13,0,342,353,42214,3,0,0,3,2
2020-09-15,US,Colorado,Morgan,726,48,0,40.26279810000001,-103.8093302,8087.0,2497.5918535846977,6.6115702479338845,678,725,48,0,677,729,28558,1,0,0,1,-4
2020-09-15,US,Colorado,Otero,84,6,0,37.9014485,-103.7173385,8089.0,459.5688806215122,7.142857142857142,78,84,6,0,78,84,18432,0,0,0,0,0
2020-09-15,US,Colorado,Ouray,25,1,0,38.14717457,-107.7675136,8091.0,504.8465266558966,4.0,24,25,1,0,24,25,4833,0,0,0,0,0
2020-09-15,US,Colorado,Park,46,1,0,39.120926000000004,-105.7182065,8093.0,244.09657734146992,2.1739130434782608,45,46,1,0,45,46,18556,0,0,0,0,0
2020-09-15,US,Colorado,Phillips,32,0,0,40.59414277,-102.3577703,8095.0,750.2930832356392,0.0,32,19,0,0,19,19,4286,13,0,0,13,0
2020-09-15,US,Colorado,Pitkin,208,2,0,39.21720112,-106.9310027,8097.0,1170.7097427815613,0.9615384615384616,206,205,2,0,203,204,17950,3,0,0,3,1
2020-09-15,US,Colorado,Prowers,91,0,0,37.95544985,-102.3926052,8099.0,747.6174827472888,0.0,91,90,0,0,90,90,12164,1,0,0,1,0
2020-09-15,US,Colorado,Pueblo,989,34,0,38.17359144,-104.5127437,8101.0,587.2084738517076,3.437815975733064,955,980,34,0,946,974,167529,9,0,0,9,6
2020-09-15,US,Colorado,Rio Blanco,24,0,0,39.97913541,-108.2179009,8103.0,379.5066413662239,0.0,24,24,0,0,24,24,6336,0,0,0,0,0
2020-09-15,US,Colorado,Rio Grande,95,2,0,37.5836865,-106.3847838,8105.0,843.1703204047217,2.1052631578947367,93,95,2,0,93,95,11250,0,0,0,0,0
2020-09-15,US,Colorado,Routt,139,8,0,40.48596505,-106.9905548,8107.0,542.1639753490912,5.755395683453237,131,138,8,0,130,138,25733,1,0,0,1,0
2020-09-15,US,Colorado,Saguache,111,2,0,38.08054629,-106.28246599999999,8109.0,1626.6119577960142,1.8018018018018016,109,111,2,0,109,111,6843,0,0,0,0,0
2020-09-15,US,Colorado,San Juan,6,0,0,37.76248981,-107.67632890000002,8111.0,824.1758241758242,0.0,6,6,0,0,6,6,762,0,0,0,0,0
2020-09-15,US,Colorado,San Miguel,93,0,0,38.00450883,-108.4020725,8113.0,1137.0583200880305,0.0,93,93,0,0,93,93,8191,0,0,0,0,0
2020-09-15,US,Colorado,Sedgwick,12,1,0,40.87595412,-102.3519227,8115.0,533.8078291814946,8.333333333333334,11,12,1,0,11,12,2303,0,0,0,0,0
2020-09-15,US,Colorado,Summit,377,4,0,39.63803232,-106.1150762,8117.0,1215.6976556705686,1.0610079575596818,373,376,4,0,372,372,31007,1,0,0,1,4
2020-09-15,US,Colorado,Teller,168,4,0,38.88133511,-105.16148929999999,8119.0,661.7299511580275,2.380952380952381,164,168,4,0,164,168,25083,0,0,0,0,0
2020-09-15,US,Colorado,Washington,56,0,0,39.97015535,-103.202587,8121.0,1140.994295028525,0.0,56,55,0,0,55,57,4909,1,0,0,1,-2
2020-09-15,US,Colorado,Weld,4356,149,0,40.55499405,-104.39296209999999,8123.0,1342.405976110351,3.420569329660238,4207,4326,149,0,4177,4304,314305,30,0,0,30,22
2020-09-15,US,Colorado,Yuma,75,0,0,40.00346839,-102.4258673,8125.0,748.5777023655055,0.0,75,72,0,0,72,72,10020,3,0,0,3,0
2020-09-15,US,Connecticut,Fairfield,19558,1419,0,41.26809896,-73.3881171,9001.0,2073.2891495252998,7.255343082114736,18139,19518,1419,0,18099,19360,943823,40,0,0,40,158
2020-09-15,US,Connecticut,Hartford,14099,1431,0,41.80283011,-72.73103891,9003.0,1581.1016911138024,10.149656003971911,12668,14060,1431,0,12629,13886,892697,39,0,0,39,174
2020-09-15,US,Connecticut,Litchfield,1798,140,0,41.7937534,-73.2451475,9005.0,997.0443568287557,7.7864293659621815,1658,1793,140,0,1653,1773,181111,5,0,0,5,20
2020-09-15,US,Connecticut,Middlesex,1527,193,0,41.45949668,-72.53714864,9007.0,940.0625477110983,12.639161755075312,1334,1524,193,0,1331,1512,162682,3,0,0,3,12
2020-09-15,US,Connecticut,New Haven,14082,1111,0,41.408032500000004,-72.93620426,9009.0,1647.4857766593313,7.8895043317710565,12971,14059,1111,0,12948,13961,857620,23,0,0,23,98
2020-09-15,US,Connecticut,New London,1682,111,0,41.48896435,-72.10430976,9011.0,634.2239617504882,6.5992865636147435,1571,1677,111,0,1566,1651,266784,5,0,0,5,26
2020-09-15,US,Connecticut,Tolland,1281,65,0,41.85853803,-72.3308481,9013.0,849.9147431346661,5.07416081186573,1216,1270,65,0,1205,1232,150921,11,0,0,11,38
2020-09-15,US,Connecticut,Unassigned,126,0,0,0.0,0.0,90009.0,0.0,0.0,126,126,0,0,126,107,,0,0,0,0,19
2020-09-15,US,Connecticut,Windham,878,15,0,41.82972709,-71.98182316,9015.0,751.8281927009299,1.7084282460136675,863,868,15,0,853,844,117027,10,0,0,10,24
2020-09-15,US,Delaware,Kent,2815,113,0,39.08646628,-75.56884914,10001.0,1557.0895976458355,4.014209591474245,2702,2802,113,0,2689,2788,178550,13,0,0,13,14
2020-09-15,US,Delaware,New Castle,9262,306,0,39.57992638,-75.64054974,10003.0,1657.6197353750226,3.3038220686676745,8956,9146,306,0,8840,9092,559335,116,0,0,116,54
2020-09-15,US,Delaware,Sussex,6567,199,0,38.66143781,-75.39031349,10005.0,2803.714377201409,3.0303030303030303,6368,6519,198,0,6321,6504,229286,48,1,0,47,15
2020-09-15,US,Delaware,Unassigned,493,0,0,0.0,0.0,90010.0,0.0,0.0,493,470,0,0,470,465,,23,0,0,23,5
2020-09-15,US,District of Columbia,District of Columbia,14687,616,0,38.90417773,-77.01655992,11001.0,2081.0514786418407,4.194185333968816,14071,14622,616,0,14006,14592,702455,65,0,0,65,30
2020-09-15,US,Florida,Alachua,6657,42,0,29.67866525,-82.35928158,12001.0,2474.325665414079,0.6309148264984227,6615,6555,40,0,6515,6401,269956,102,2,0,100,154
2020-09-15,US,Florida,Baker,1341,8,0,30.33060121,-82.28467476,12003.0,4590.893529613146,0.5965697240865027,1333,1330,7,0,1323,1319,28355,11,1,0,10,11
2020-09-15,US,Florida,Bay,5719,93,0,30.26548745,-85.62122584,12005.0,3273.518216421969,1.626158419304074,5626,5693,91,0,5602,5682,185287,26,2,0,24,11
2020-09-15,US,Florida,Bradford,945,6,0,29.95079741,-82.16611613,12007.0,3350.9450019502856,0.6349206349206349,939,937,6,0,931,929,27732,8,0,0,8,8
2020-09-15,US,Florida,Brevard,8050,263,0,28.29409504,-80.73091022,12009.0,1337.3381488581956,3.267080745341615,7787,7995,256,0,7739,7960,596849,55,7,0,48,35
2020-09-15,US,Florida,Broward,74689,1288,0,26.15184651,-80.48725556,12011.0,3824.756321507104,1.7244841944596931,73401,74525,1284,0,73241,74434,1951260,164,4,0,160,91
2020-09-15,US,Florida,Calhoun,602,9,0,30.40666734,-85.19394153,12013.0,4267.990074441687,1.495016611295681,593,599,9,0,590,598,14587,3,0,0,3,1
2020-09-15,US,Florida,Charlotte,2881,125,0,26.90131002,-81.92949121,12015.0,1525.0648456937165,4.338771259979174,2756,2877,122,0,2755,2871,184998,4,3,0,1,6
2020-09-15,US,Florida,Citrus,2493,75,0,28.84804315,-82.47614748,12017.0,1665.8091502569214,3.0084235860409145,2418,2477,73,0,2404,2469,147929,16,2,0,14,8
2020-09-15,US,Florida,Clay,4607,88,0,29.98319144,-81.85609986,12019.0,2101.235108459672,1.910136748426308,4519,4593,86,0,4507,4578,216072,14,2,0,12,15
2020-09-15,US,Florida,Collier,12254,193,0,26.11091986,-81.34687065,12021.0,3183.667530955932,1.57499591969969,12061,12234,192,0,12042,12209,378488,20,1,0,19,25
2020-09-15,US,Florida,Columbia,3559,45,0,30.22509788,-82.62160164,12023.0,4964.707195268254,1.2644001123911208,3514,3540,44,0,3496,3535,70503,19,1,0,18,5
2020-09-15,US,Florida,DeSoto,1539,23,0,27.18677893,-81.80941373,12027.0,4049.893423857267,1.4944769330734242,1516,1536,23,0,1513,1534,37489,3,0,0,3,2
2020-09-15,US,Florida,Dixie,799,5,0,29.60631086,-83.15724673,12029.0,4748.603351955308,0.6257822277847309,794,792,5,0,787,790,16700,7,0,0,7,2
2020-09-15,US,Florida,Duval,28632,326,0,30.33225875,-81.66976468,12031.0,2989.491049381105,1.138586197261805,28306,28525,322,0,28203,28458,950181,107,4,0,103,67
2020-09-15,US,Florida,Escambia,11944,210,0,30.67652764,-87.37284571,12033.0,3752.246195604369,1.7582049564634965,11734,11891,204,0,11687,11867,315534,53,6,0,47,24
2020-09-15,US,Florida,Flagler,1589,19,0,29.45933576,-81.31508595,12035.0,1380.7665904884384,1.1957205789804908,1570,1571,19,0,1552,1560,112067,18,0,0,18,11
2020-09-15,US,Florida,Franklin,582,3,0,29.83791238,-84.82731662,12037.0,4800.0,0.5154639175257731,579,581,3,0,578,578,11736,1,0,0,1,3
2020-09-15,US,Florida,Gadsden,2626,44,0,30.57796289,-84.61915825,12039.0,5751.204555409548,1.6755521706016756,2582,2605,44,0,2561,2597,45894,21,0,0,21,8
2020-09-15,US,Florida,Gilchrist,490,12,0,29.72856978,-82.79880657,12041.0,2636.9604994080287,2.4489795918367347,478,486,12,0,474,485,18256,4,0,0,4,1
2020-09-15,US,Florida,Glades,476,4,0,26.95635849,-81.18996211,12043.0,3446.5281297516467,0.8403361344537815,472,475,4,0,471,475,13724,1,0,0,1,0
2020-09-15,US,Florida,Gulf,862,13,0,29.93543004,-85.24270990000002,12045.0,6320.11144512061,1.508120649651972,849,861,13,0,848,860,16164,1,0,0,1,1
2020-09-15,US,Florida,Hamilton,785,8,0,30.49673973,-82.94998918,12047.0,5440.809537011367,1.0191082802547768,777,763,7,0,756,762,14310,22,1,0,21,1
2020-09-15,US,Florida,Hardee,1242,9,0,27.49293939,-81.80956574,12049.0,4610.758436351487,0.7246376811594203,1233,1235,9,0,1226,1224,27245,7,0,0,7,11
2020-09-15,US,Florida,Hendry,2026,42,0,26.55386945,-81.16469006,12051.0,4821.284089286563,2.073050345508391,1984,2023,41,0,1982,2018,41556,3,1,0,2,5
2020-09-15,US,Florida,Hernando,2901,107,0,28.55364461,-82.42700204,12053.0,1495.9777227722773,3.6883833160978967,2794,2894,105,0,2789,2884,190865,7,2,0,5,10
2020-09-15,US,Florida,Highlands,2018,79,0,27.34254618,-81.34071957,12055.0,1899.8126547481195,3.914767096134787,1939,2005,78,0,1927,1996,105424,13,1,0,12,9
2020-09-15,US,Florida,Hillsborough,39751,591,0,27.9276559,-82.32013172,12057.0,2700.534250744581,1.4867550501874167,39160,39600,585,0,39015,39450,1436888,151,6,0,145,150
2020-09-15,US,Florida,Holmes,711,5,0,30.86747479,-85.81319222,12059.0,3624.4074017433854,0.7032348804500703,706,707,5,0,702,702,19477,4,0,0,4,5
2020-09-15,US,Florida,Indian River,3000,107,0,27.69308961,-80.60556721,12061.0,1875.9027782120145,3.566666666666667,2893,2990,106,0,2884,2983,157413,10,1,0,9,7
2020-09-15,US,Florida,Jackson,2632,73,0,30.795459700000002,-85.21500423,12063.0,5670.70280518809,2.7735562310030395,2559,2618,73,0,2545,2617,48305,14,0,0,14,1
2020-09-15,US,Florida,Jefferson,534,8,0,30.43669112,-83.89442308,12065.0,3748.420609293837,1.49812734082397,526,534,8,0,526,532,14288,0,0,0,0,2
2020-09-15,US,Florida,Lafayette,1222,10,0,29.98484137,-83.18166636,12067.0,14509.617668012348,0.8183306055646481,1212,1220,10,0,1210,1219,8732,2,0,0,2,1
2020-09-15,US,Florida,Lake,7092,156,0,28.76202069,-81.7125123,12069.0,1931.8039431463453,2.1996615905245345,6936,7063,147,0,6916,7046,356495,29,9,0,20,17
2020-09-15,US,Florida,Lee,19566,451,0,26.58410348,-81.88399313,12071.0,2539.1362576355123,2.305018910354697,19115,19525,448,0,19077,19488,754610,41,3,0,38,37
2020-09-15,US,Florida,Leon,9271,46,0,30.45955727,-84.27491114,12073.0,3157.891151364866,0.4961708553554093,9225,9133,45,0,9088,9025,292502,138,1,0,137,108
2020-09-15,US,Florida,Levy,971,8,0,29.31829741,-82.74007147,12075.0,2339.589909163193,0.8238928939237901,963,964,8,0,956,963,40770,7,0,0,7,1
2020-09-15,US,Florida,Liberty,481,7,0,30.23766008,-84.8829258,12077.0,5757.720852286329,1.4553014553014554,474,479,7,0,472,478,8457,2,0,0,2,1
2020-09-15,US,Florida,Madison,989,16,0,30.44396917,-83.47398594,12079.0,5347.96950197372,1.6177957532861476,973,989,16,0,973,988,18529,0,0,0,0,1
2020-09-15,US,Florida,Manatee,10972,274,0,27.47196942,-82.31831044,12081.0,2720.8725043583067,2.4972657674079475,10698,10932,275,0,10657,10886,394855,40,-1,0,41,46
2020-09-15,US,Florida,Marion,9217,253,0,29.21227113,-82.05803627,12083.0,2521.206086782884,2.7449278507106434,8964,9165,248,0,8917,9146,359977,52,5,0,47,19
2020-09-15,US,Florida,Martin,4607,129,0,27.0772071,-80.43109784,12085.0,2861.490683229814,2.800086824397656,4478,4567,127,0,4440,4558,160912,40,2,0,38,9
2020-09-15,US,Florida,Miami-Dade,164688,2923,0,25.6112362,-80.55170587,12086.0,6061.52509808829,1.7748712717380744,161765,164299,2894,0,161405,164086,2761581,389,29,0,360,213
2020-09-15,US,Florida,Monroe,1787,20,0,25.20904673,-81.07812416,12087.0,2407.4473244597725,1.119194180190263,1767,1787,20,0,1767,1779,75027,0,0,0,0,8
2020-09-15,US,Florida,Nassau,1960,31,0,30.61037141,-81.80297522,12089.0,2211.565585331453,1.5816326530612246,1929,1948,31,0,1917,1929,85832,12,0,0,12,19
2020-09-15,US,Florida,Okaloosa,4676,94,0,30.69143028,-86.59267105,12091.0,2218.8689272936067,2.0102651839178787,4582,4637,94,0,4543,4620,207269,39,0,0,39,17
2020-09-15,US,Florida,Okeechobee,1341,21,0,27.386336199999995,-80.88944347,12093.0,3180.136596471257,1.5659955257270697,1320,1335,21,0,1314,1333,41537,6,0,0,6,2
2020-09-15,US,Florida,Orange,38147,412,0,28.51367621,-81.31799498,12095.0,2737.589812925024,1.0800325058326998,37735,38013,409,0,37604,37939,1380645,134,3,0,131,74
2020-09-15,US,Florida,Osceola,11846,137,0,28.06312234,-81.14882926,12097.0,3152.6196869735545,1.1565085260847543,11709,11807,136,0,11671,11772,367990,39,1,0,38,35
2020-09-15,US,Florida,Palm Beach,44305,1216,0,26.64676272,-80.46536002,12099.0,2960.0406208034638,2.74461121769552,43089,44139,1199,0,42940,44025,1485941,166,17,0,149,114
2020-09-15,US,Florida,Pasco,8600,195,0,28.30810945,-82.40227529,12101.0,1552.4950942960247,2.2674418604651163,8405,8551,195,0,8356,8527,539630,49,0,0,49,24
2020-09-15,US,Florida,Pinellas,21081,710,0,27.93130349,-82.72239666,12103.0,2162.162716564991,3.367961671647455,20371,20988,701,0,20287,20922,975280,93,9,0,84,66
2020-09-15,US,Florida,Polk,18612,494,0,27.95027105,-81.69732947,12105.0,2567.9622835713612,2.6542015903718035,18118,18523,488,0,18035,18473,708009,89,6,0,83,50
2020-09-15,US,Florida,Putnam,1980,38,0,29.60779729,-81.74230285,12107.0,2656.969176473746,1.9191919191919191,1942,1964,38,0,1926,1958,74163,16,0,0,16,6
2020-09-15,US,Florida,Santa Rosa,5157,69,0,30.69341450000001,-87.02458128,12113.0,2797.9578217488734,1.3379872018615475,5088,5139,66,0,5073,5126,179349,18,3,0,15,13
2020-09-15,US,Florida,Sarasota,7671,239,0,27.18546175,-82.33174248,12115.0,1768.562878393146,3.115630295919697,7432,7644,233,0,7411,7619,426718,27,6,0,21,25
2020-09-15,US,Florida,Seminole,8613,193,0,28.7158582,-81.24060348,12117.0,1825.4610809917208,2.2407987925229302,8420,8568,193,0,8375,8552,467832,45,0,0,45,16
2020-09-15,US,Florida,St. Johns,4928,63,0,29.90096506,-81.43589967,12109.0,1861.927215572482,1.2784090909090908,4865,4902,63,0,4839,4887,254261,26,0,0,26,15
2020-09-15,US,Florida,St. Lucie,7633,256,0,27.37763908,-80.47106649,12111.0,2325.028861061783,3.3538582470850256,7377,7572,256,0,7316,7544,321128,61,0,0,61,28
2020-09-15,US,Florida,Sumter,2121,61,0,28.70181754,-82.0794267,12119.0,1601.7217942908926,2.8760018859028764,2060,2107,60,0,2047,2103,128754,14,1,0,13,4
2020-09-15,US,Florida,Suwannee,2552,65,0,30.19746066,-82.99099670000003,12121.0,5745.547875813316,2.547021943573668,2487,2546,65,0,2481,2545,44191,6,0,0,6,1
2020-09-15,US,Florida,Taylor,1261,11,0,30.04848048,-83.60445406,12123.0,5846.353562983913,0.8723235527359239,1250,1247,11,0,1236,1245,21623,14,0,0,14,2
2020-09-15,US,Florida,Unassigned,1556,0,0,0.0,0.0,90012.0,0.0,0.0,1556,1038,0,0,1038,1035,,518,0,0,518,3
2020-09-15,US,Florida,Union,820,8,0,30.04412971,-82.37497443,12125.0,5381.63680514537,0.975609756097561,812,795,7,0,788,798,14940,25,1,0,24,-3
2020-09-15,US,Florida,Volusia,10262,209,0,29.05858895,-81.18263252,12127.0,1854.7436759421923,2.0366400311830053,10053,10197,206,0,9991,10160,547538,65,3,0,62,37
2020-09-15,US,Florida,Wakulla,1037,9,0,30.16548905,-84.39895211,12129.0,3073.594356679214,0.8678881388621023,1028,1023,9,0,1014,1004,32461,14,0,0,14,19
2020-09-15,US,Florida,Walton,1840,22,0,30.64204028,-86.16935664,12131.0,2484.1030902782463,1.1956521739130437,1818,1830,22,0,1808,1812,71375,10,0,0,10,18
2020-09-15,US,Florida,Washington,1048,18,0,30.61359259,-85.66002461,12133.0,4114.160091076827,1.717557251908397,1030,1047,18,0,1029,1047,24880,1,0,0,1,0
2020-09-15,US,Georgia,Appling,965,26,0,31.74847232,-82.28909114,13001.0,5248.558685956706,2.694300518134715,939,964,26,0,938,960,18507,1,0,0,1,4
2020-09-15,US,Georgia,Atkinson,432,3,0,31.29633502,-82.87545866,13003.0,5290.875688916105,0.6944444444444444,429,432,3,0,429,432,8297,0,0,0,0,0
2020-09-15,US,Georgia,Bacon,571,10,0,31.55456473,-82.45936528,13005.0,5114.65424579004,1.7513134851138354,561,561,10,0,551,560,11185,10,0,0,10,1
2020-09-15,US,Georgia,Baker,73,3,0,31.32669878,-84.44218806,13007.0,2402.896642527979,4.109589041095891,70,73,3,0,70,73,3092,0,0,0,0,0
2020-09-15,US,Georgia,Baldwin,1950,55,0,33.06882326,-83.24701748,13009.0,4343.9518823791495,2.8205128205128207,1895,1923,55,0,1868,1912,44823,27,0,0,27,11
2020-09-15,US,Georgia,Banks,445,6,0,34.35607081,-83.49644388,13011.0,2313.611313299365,1.348314606741573,439,437,6,0,431,433,18988,8,0,0,8,4
2020-09-15,US,Georgia,Barrow,2010,44,0,33.99148694,-83.71436292,13013.0,2414.704469005286,2.189054726368159,1966,1979,43,0,1936,1971,80809,31,1,0,30,8
2020-09-15,US,Georgia,Bartow,2713,77,0,34.23732119,-84.83887523,13015.0,2518.145872394141,2.838186509399189,2636,2685,77,0,2608,2677,106408,28,0,0,28,8
2020-09-15,US,Georgia,Ben Hill,707,18,0,31.76095874,-83.22145359,13017.0,4233.532934131737,2.545968882602546,689,702,18,0,684,700,16787,5,0,0,5,2
2020-09-15,US,Georgia,Berrien,419,11,0,31.27590016,-83.22529920000002,13019.0,2160.1278548229106,2.6252983293556085,408,419,11,0,408,418,19252,0,0,0,0,1
2020-09-15,US,Georgia,Bibb,5827,154,0,32.80904227,-83.70489165,13021.0,3804.5429912705104,2.6428694010640124,5673,5777,152,0,5625,5748,153095,50,2,0,48,29
2020-09-15,US,Georgia,Bleckley,417,19,0,32.43829035,-83.33035166,13023.0,3239.3381496154743,4.556354916067146,398,418,19,0,399,418,12838,-1,0,0,-1,0
2020-09-15,US,Georgia,Brantley,329,8,0,31.19576557,-81.97743999,13025.0,1721.7018158982678,2.4316109422492405,321,325,8,0,317,325,18897,4,0,0,4,0
2020-09-15,US,Georgia,Brooks,500,27,0,30.83922642,-83.58303423,13027.0,3234.780358413664,5.4,473,499,26,0,473,497,15513,1,1,0,0,2
2020-09-15,US,Georgia,Bryan,1008,10,0,32.00979311,-81.44002948,13029.0,2543.7201907790145,0.992063492063492,998,993,9,0,984,987,38109,15,1,0,14,6
2020-09-15,US,Georgia,Bulloch,2668,24,0,32.39577406,-81.74811421,13031.0,3351.4219676414427,0.8995502248875562,2644,2659,24,0,2635,2643,77296,9,0,0,9,16
2020-09-15,US,Georgia,Burke,732,9,0,33.05917989,-81.99928721,13033.0,3270.3390966358397,1.2295081967213115,723,728,9,0,719,727,22423,4,0,0,4,1
2020-09-15,US,Georgia,Butts,613,41,0,33.283094500000004,-83.95435040000002,13035.0,2458.293230670517,6.688417618270799,572,609,41,0,568,608,24193,4,0,0,4,1
2020-09-15,US,Georgia,Calhoun,229,7,0,31.53169785,-84.62725131,13037.0,3700.1131038940057,3.056768558951965,222,227,7,0,220,229,6352,2,0,0,2,-2
2020-09-15,US,Georgia,Camden,1168,7,0,30.92951916,-81.66601818,13039.0,2136.6114220905133,0.5993150684931506,1161,1163,7,0,1156,1150,53677,5,0,0,5,13
2020-09-15,US,Georgia,Candler,404,16,0,32.40209349,-82.07702563,13043.0,3739.701934647783,3.96039603960396,388,400,16,0,384,398,10836,4,0,0,4,2
2020-09-15,US,Georgia,Carroll,2540,63,0,33.58138199,-85.07976677,13045.0,2116.8077871858122,2.4803149606299213,2477,2530,63,0,2467,2523,118121,10,0,0,10,7
2020-09-15,US,Georgia,Catoosa,1043,16,0,34.89872298,-85.13757014,13047.0,1543.3560224918615,1.5340364333652925,1027,1024,16,0,1008,1017,67420,19,0,0,19,7
2020-09-15,US,Georgia,Charlton,599,6,0,30.78371028,-82.13951596,13049.0,4472.819593787336,1.001669449081803,593,597,6,0,591,597,12968,2,0,0,2,0
2020-09-15,US,Georgia,Chatham,7877,140,0,32.00043026,-81.12489526,13051.0,2721.556162111737,1.7773263932969403,7737,7836,136,0,7700,7794,289195,41,4,0,37,42
2020-09-15,US,Georgia,Chattahoochee,1583,1,0,32.34341231,-84.78809239,13053.0,14513.615109562666,0.06317119393556538,1582,1584,2,0,1582,1584,10684,-1,-1,0,0,0
2020-09-15,US,Georgia,Chattooga,684,7,0,34.47197698,-85.34535662,13055.0,2759.288394045746,1.023391812865497,677,680,7,0,673,678,24790,4,0,0,4,2
2020-09-15,US,Georgia,Cherokee,5573,88,0,34.24393976,-84.47431861,13057.0,2153.6249917881696,1.5790418087206173,5485,5545,87,0,5458,5513,254149,28,1,0,27,32
2020-09-15,US,Georgia,Clarke,4639,37,0,33.95436462,-83.37124007,13059.0,3614.870919731008,0.7975856865703815,4602,4540,36,0,4504,4503,127330,99,1,0,98,37
2020-09-15,US,Georgia,Clay,118,2,0,31.62221166,-84.97713865,13061.0,4163.726182074806,1.6949152542372878,116,118,2,0,116,118,2887,0,0,0,0,0
2020-09-15,US,Georgia,Clayton,6914,154,0,33.54187245,-84.35594188,13063.0,2365.7341508814193,2.227364767139138,6760,6877,154,0,6723,6850,289615,37,0,0,37,27
2020-09-15,US,Georgia,Clinch,338,5,0,30.91395822,-82.70432472,13065.0,5107.2831671199765,1.4792899408284024,333,337,5,0,332,336,6648,1,0,0,1,1
2020-09-15,US,Georgia,Cobb,18601,414,0,33.94243204,-84.5761255,13067.0,2447.0460085694626,2.2256867910327403,18187,18550,413,0,18137,18495,756865,51,1,0,50,55
2020-09-15,US,Georgia,Coffee,1912,41,0,31.54892966,-82.85492059999999,13069.0,4418.45954752386,2.1443514644351462,1871,1913,41,0,1872,1910,43093,-1,0,0,-1,3
2020-09-15,US,Georgia,Colquitt,1883,32,0,31.18810588,-83.7677946,13071.0,4129.3859649122805,1.6994158258098782,1851,1878,32,0,1846,1870,45592,5,0,0,5,8
2020-09-15,US,Georgia,Columbia,3509,56,0,33.54534185,-82.263524,13073.0,2239.110736756129,1.5958962667426615,3453,3498,56,0,3442,3461,154291,11,0,0,11,37
2020-09-15,US,Georgia,Cook,534,12,0,31.16068491,-83.42947229,13075.0,3092.0671685002885,2.247191011235955,522,533,12,0,521,531,17162,1,0,0,1,2
2020-09-15,US,Georgia,Coweta,2428,40,0,33.35334302,-84.76129976,13077.0,1634.9177490926475,1.6474464579901154,2388,2412,40,0,2372,2402,145864,16,0,0,16,10
2020-09-15,US,Georgia,Crawford,164,4,0,32.71391813,-83.98061238,13079.0,1322.1541438245727,2.4390243902439024,160,163,5,0,158,163,12318,1,-1,0,2,0
2020-09-15,US,Georgia,Crisp,522,17,0,31.92289565,-83.76811843,13081.0,2333.273735025925,3.2567049808429123,505,515,17,0,498,513,22601,7,0,0,7,2
2020-09-15,US,Georgia,Dade,250,4,0,34.854916700000004,-85.50490424,13083.0,1551.2534127575082,1.6,246,239,4,0,235,239,16226,11,0,0,11,0
2020-09-15,US,Georgia,Dawson,757,6,0,34.44244079,-84.16964071,13085.0,2899.494407844339,0.7926023778071334,751,755,6,0,749,754,25083,2,0,0,2,1
2020-09-15,US,Georgia,DeKalb,17698,340,0,33.76944049,-84.22396017,13089.0,2330.840237746231,1.9211210306249291,17358,17610,339,0,17271,17536,756558,88,1,0,87,74
2020-09-15,US,Georgia,Decatur,1068,24,0,30.87967778,-84.57619536,13087.0,4044.841690652931,2.247191011235955,1044,1066,24,0,1042,1064,26575,2,0,0,2,2
2020-09-15,US,Georgia,Dodge,370,9,0,32.17265114,-83.16948926,13091.0,1795.6806600339726,2.4324324324324325,361,369,9,0,360,368,20705,1,0,0,1,1
2020-09-15,US,Georgia,Dooly,308,15,0,32.15630737,-83.79746561,13093.0,2300.2240477968635,4.87012987012987,293,308,14,0,294,305,13706,0,1,0,-1,3
2020-09-15,US,Georgia,Dougherty,3076,182,0,31.53328528,-84.21722377,13095.0,3497.2031470280604,5.916775032509753,2894,3074,182,0,2892,3067,91243,2,0,0,2,7
2020-09-15,US,Georgia,Douglas,3373,69,0,33.70291126,-84.77026156,13097.0,2304.8591323124438,2.045656685443225,3304,3358,69,0,3289,3350,145331,15,0,0,15,8
2020-09-15,US,Georgia,Early,450,32,0,31.32155345,-84.90255207,13099.0,4416.094210009814,7.111111111111112,418,447,32,0,415,446,10247,3,0,0,3,1
2020-09-15,US,Georgia,Echols,238,2,0,30.71101099,-82.89687287,13101.0,5941.088367448827,0.8403361344537815,236,238,2,0,236,238,4000,0,0,0,0,0
2020-09-15,US,Georgia,Effingham,1315,21,0,32.36616021,-81.34280942,13103.0,2045.228319024512,1.596958174904943,1294,1309,21,0,1288,1291,62190,6,0,0,6,18
2020-09-15,US,Georgia,Elbert,570,2,0,34.11302332,-82.83936148,13105.0,2969.6780243826197,0.3508771929824561,568,559,2,0,557,557,19120,11,0,0,11,2
2020-09-15,US,Georgia,Emanuel,939,28,0,32.59221302,-82.30239915,13107.0,4146.427625187671,2.981895633652822,911,921,27,0,894,915,22612,18,1,0,17,6
2020-09-15,US,Georgia,Evans,406,5,0,32.15328841,-81.8870105,13109.0,3810.7752956636,1.2315270935960592,401,401,5,0,396,401,10721,5,0,0,5,0
2020-09-15,US,Georgia,Fannin,555,9,0,34.86430205,-84.316964,13111.0,2119.291278448144,1.6216216216216215,546,548,9,0,539,535,25964,7,0,0,7,13
2020-09-15,US,Georgia,Fayette,1693,47,0,33.41357794,-84.49089434,13113.0,1479.6234956869805,2.77613703484938,1646,1681,45,0,1636,1675,113459,12,2,0,10,6
2020-09-15,US,Georgia,Floyd,2746,39,0,34.26268279,-85.21577392,13115.0,2787.8738654591966,1.4202476329206115,2707,2707,39,0,2668,2695,97927,39,0,0,39,12
2020-09-15,US,Georgia,Forsyth,3568,40,0,34.22604035,-84.12315129999998,13117.0,1460.7864009301868,1.1210762331838564,3528,3545,40,0,3505,3528,236612,23,0,0,23,17
2020-09-15,US,Georgia,Franklin,675,11,0,34.37525597,-83.23159927,13119.0,2890.9160991905437,1.6296296296296295,664,659,11,0,648,657,23023,16,0,0,16,2
2020-09-15,US,Georgia,Fulton,26360,556,0,33.79216944,-84.46319413,13121.0,2477.5903084487145,2.1092564491654016,25804,26289,555,0,25734,26225,1050114,71,1,0,70,64
2020-09-15,US,Georgia,Gilmer,784,10,0,34.69316688,-84.45802506,13123.0,2499.282731358985,1.2755102040816326,774,784,10,0,774,784,30816,0,0,0,0,0
2020-09-15,US,Georgia,Glascock,37,2,0,33.22879932,-82.61297636,13125.0,1245.3719286435546,5.405405405405406,35,37,2,0,35,37,2995,0,0,0,0,0
2020-09-15,US,Georgia,Glynn,3335,86,0,31.23279254,-81.53811412,13127.0,3910.0970782722884,2.578710644677661,3249,3331,85,0,3246,3321,85219,4,1,0,3,10
2020-09-15,US,Georgia,Gordon,1706,35,0,34.50487351,-84.87296253,13129.0,2943.256905267153,2.0515826494724503,1671,1686,35,0,1651,1680,57685,20,0,0,20,6
2020-09-15,US,Georgia,Grady,729,19,0,30.87454847,-84.23418364,13131.0,2959.444647424187,2.606310013717421,710,730,19,0,711,729,24748,-1,0,0,-1,1
2020-09-15,US,Georgia,Greene,484,21,0,33.5769205,-83.17139104,13133.0,2641.344684566689,4.338842975206612,463,483,21,0,462,482,17698,1,0,0,1,1
2020-09-15,US,Georgia,Gwinnett,26019,380,0,33.96044201,-84.02137802,13135.0,2779.0654205607475,1.4604711941273685,25639,25863,379,0,25484,25806,927781,156,1,0,155,57
2020-09-15,US,Georgia,Habersham,1464,64,0,34.63331566,-83.53094677,13137.0,3229.79174020473,4.371584699453551,1400,1444,63,0,1381,1444,45388,20,1,0,19,0
2020-09-15,US,Georgia,Hall,8444,139,0,34.32207823,-83.81896936,13139.0,4130.286977661037,1.6461392704879203,8305,8379,138,0,8241,8362,202148,65,1,0,64,17
2020-09-15,US,Georgia,Hancock,382,41,0,33.2721566,-82.99766919,13141.0,4516.968192030271,10.732984293193716,341,379,41,0,338,375,8348,3,0,0,3,4
2020-09-15,US,Georgia,Haralson,408,8,0,33.79602175,-85.21005667,13143.0,1369.4951664876478,1.96078431372549,400,402,8,0,394,401,29533,6,0,0,6,1
2020-09-15,US,Georgia,Harris,766,21,0,32.73709786,-84.90538572,13145.0,2173.913043478261,2.741514360313316,745,764,21,0,743,764,34475,2,0,0,2,0
2020-09-15,US,Georgia,Hart,467,11,0,34.34626973,-82.96567682,13147.0,1782.1026521656174,2.3554603854389717,456,465,11,0,454,465,26099,2,0,0,2,0
2020-09-15,US,Georgia,Heard,184,5,0,33.29686567,-85.12886832,13149.0,1543.235762811373,2.717391304347826,179,183,5,0,178,181,11879,1,0,0,1,2
2020-09-15,US,Georgia,Henry,4777,93,0,33.4533428,-84.14814659999998,13151.0,2036.570444362021,1.946828553485451,4684,4751,93,0,4658,4734,230220,26,0,0,26,17
2020-09-15,US,Georgia,Houston,2920,75,0,32.45802497,-83.66879087,13153.0,1849.70512406327,2.568493150684932,2845,2900,74,0,2826,2869,155469,20,1,0,19,31
2020-09-15,US,Georgia,Irwin,269,4,0,31.60213036,-83.27501387,13155.0,2856.8394222599827,1.4869888475836432,265,268,4,0,264,268,9398,1,0,0,1,0
2020-09-15,US,Georgia,Jackson,1790,29,0,34.13794553,-83.56814788,13157.0,2452.827603217452,1.6201117318435754,1761,1748,28,0,1720,1735,70422,42,1,0,41,13
2020-09-15,US,Georgia,Jasper,202,4,0,33.31535543,-83.68844964,13159.0,1420.6343624727474,1.98019801980198,198,203,4,0,199,202,14040,-1,0,0,-1,1
2020-09-15,US,Georgia,Jeff Davis,686,16,0,31.80405727,-82.63724870000001,13161.0,4538.537876281839,2.332361516034985,670,680,15,0,665,680,15029,6,1,0,5,0
2020-09-15,US,Georgia,Jefferson,752,21,0,33.05867328,-82.41609057,13163.0,4895.195938028904,2.792553191489361,731,749,21,0,728,745,15430,3,0,0,3,4
2020-09-15,US,Georgia,Jenkins,376,29,0,32.79248718,-81.96040187,13165.0,4333.794375288151,7.712765957446807,347,375,29,0,346,372,8683,1,0,0,1,3
2020-09-15,US,Georgia,Johnson,405,21,0,32.70211082,-82.66166794,13167.0,4199.937778699576,5.185185185185184,384,403,18,0,385,402,9708,2,3,0,-1,1
2020-09-15,US,Georgia,Jones,515,6,0,33.02512137,-83.56019163,13169.0,1792.239429267444,1.1650485436893203,509,509,5,0,504,510,28616,6,1,0,5,-1
2020-09-15,US,Georgia,Lamar,344,17,0,33.07841647,-84.14263877,13171.0,1803.2185354091314,4.941860465116279,327,343,17,0,326,343,19000,1,0,0,1,0
2020-09-15,US,Georgia,Lanier,286,5,0,31.03828570000001,-83.06472457,13173.0,2743.9316895327647,1.7482517482517483,281,286,5,0,281,285,10340,0,0,0,0,1
2020-09-15,US,Georgia,Laurens,1521,59,0,32.46325233,-82.92221316,13175.0,3199.0072771631685,3.879026955950033,1462,1502,56,0,1446,1491,47325,19,3,0,16,11
2020-09-15,US,Georgia,Lee,677,25,0,31.779330600000005,-84.14324253,13177.0,2257.268604961323,3.6927621861152136,652,673,25,0,648,672,29764,4,0,0,4,1
2020-09-15,US,Georgia,Liberty,1012,20,0,31.82588896,-81.49251135,13179.0,1647.269471799463,1.9762845849802368,992,1009,20,0,989,1006,61497,3,0,0,3,3
2020-09-15,US,Georgia,Lincoln,205,7,0,33.79201475,-82.45024131,13181.0,2588.057063502083,3.414634146341464,198,205,7,0,198,204,7915,0,0,0,0,1
2020-09-15,US,Georgia,Long,216,3,0,31.75218791,-81.74952375,13183.0,1104.350938187024,1.3888888888888888,213,212,3,0,209,212,18998,4,0,0,4,0
2020-09-15,US,Georgia,Lowndes,3736,75,0,30.83568832,-83.27056716,13185.0,3182.12016421648,2.007494646680942,3661,3717,74,0,3643,3711,116321,19,1,0,18,6
2020-09-15,US,Georgia,Lumpkin,815,13,0,34.57286511,-84.00425681,13187.0,2424.8735495388282,1.5950920245398772,802,809,12,0,797,806,32955,6,1,0,5,3
2020-09-15,US,Georgia,Macon,224,10,0,32.35207048,-84.04234127,13193.0,1730.1305321696145,4.464285714285714,214,225,10,0,215,223,13143,-1,0,0,-1,2
2020-09-15,US,Georgia,Madison,631,8,0,34.12920917,-83.21218732,13195.0,2111.7804551539493,1.2678288431061806,623,619,8,0,611,616,29650,12,0,0,12,3
2020-09-15,US,Georgia,Marion,181,8,0,32.3483402,-84.52733571,13197.0,2165.3307811939226,4.419889502762431,173,180,7,0,173,178,8351,1,1,0,0,2
2020-09-15,US,Georgia,McDuffie,563,13,0,33.47851918,-82.48252774,13189.0,2641.7042042042044,2.3090586145648317,550,559,13,0,546,556,21531,4,0,0,4,3
2020-09-15,US,Georgia,McIntosh,274,7,0,31.49683595,-81.40163426,13191.0,1905.6892474614,2.554744525547445,267,276,7,0,269,276,14340,-2,0,0,-2,0
2020-09-15,US,Georgia,Meriwether,523,12,0,33.04163534,-84.68859732,13199.0,2470.8272310672273,2.294455066921606,511,519,11,0,508,518,21068,4,1,0,3,1
2020-09-15,US,Georgia,Miller,233,1,0,31.16568912,-84.73151117,13201.0,4074.851346624694,0.4291845493562232,232,234,1,0,233,233,5686,-1,0,0,-1,1
2020-09-15,US,Georgia,Mitchell,759,45,0,31.22483255,-84.19381821,13205.0,3471.6187165530805,5.928853754940713,714,756,45,0,711,752,22192,3,0,0,3,4
2020-09-15,US,Georgia,Monroe,638,45,0,33.014289,-83.92097166,13207.0,2313.438247878744,7.053291536050158,593,628,45,0,583,627,27520,10,0,0,10,1
2020-09-15,US,Georgia,Montgomery,268,5,0,32.17201038,-82.53527476,13209.0,2921.9363279546446,1.8656716417910448,263,265,5,0,260,261,9193,3,0,0,3,4
2020-09-15,US,Georgia,Morgan,454,2,0,33.59232073,-83.49129491,13211.0,2355.26042747458,0.4405286343612335,452,452,2,0,450,451,18853,2,0,0,2,1
2020-09-15,US,Georgia,Murray,762,5,0,34.78897608,-84.74993177,13213.0,1900.4389465283318,0.6561679790026247,757,758,5,0,753,758,39921,4,0,0,4,0
2020-09-15,US,Georgia,Muscogee,5769,159,0,32.50931999,-84.87142262,13215.0,2946.840408849205,2.7561102444097765,5610,5747,159,0,5588,5732,194160,22,0,0,22,15
2020-09-15,US,Georgia,Newton,2466,78,0,33.55514538,-83.84547140000002,13217.0,2206.8298969072166,3.1630170316301705,2388,2451,76,0,2375,2439,109541,15,2,0,13,12
2020-09-15,US,Georgia,Oconee,677,24,0,33.83749973,-83.43679568,13219.0,1680.7348560079447,3.5450516986706058,653,666,24,0,642,664,39272,11,0,0,11,2
2020-09-15,US,Georgia,Oglethorpe,300,11,0,33.878629600000004,-83.08278123,13221.0,1966.0528212857987,3.6666666666666665,289,298,11,0,287,297,15054,2,0,0,2,1
2020-09-15,US,Georgia,Out of GA,16638,142,0,0.0,0.0,80013.0,0.0,0.8534679648996274,16496,16638,142,0,16496,16599,,0,0,0,0,39
2020-09-15,US,Georgia,Paulding,2620,47,0,33.91969522,-84.86848792,13223.0,1553.356613919735,1.7938931297709924,2573,2594,46,0,2548,2588,164044,26,1,0,25,6
2020-09-15,US,Georgia,Peach,627,20,0,32.56934316,-83.82937,13225.0,2276.192550642561,3.1897926634768736,607,623,19,0,604,616,27297,4,1,0,3,7
2020-09-15,US,Georgia,Pickens,577,8,0,34.46589159,-84.46406611,13227.0,1770.4274186125006,1.3864818024263432,569,571,8,0,563,571,31980,6,0,0,6,0
2020-09-15,US,Georgia,Pierce,576,15,0,31.35928155,-82.21598442,13229.0,2959.1574621114823,2.6041666666666665,561,565,15,0,550,563,19389,11,0,0,11,2
2020-09-15,US,Georgia,Pike,298,8,0,33.09310242,-84.38790389,13231.0,1571.564180993566,2.684563758389262,290,297,8,0,289,297,18634,1,0,0,1,0
2020-09-15,US,Georgia,Polk,1348,17,0,34.00267074,-85.18677781,13233.0,3163.3539060849976,1.2611275964391688,1331,1339,17,0,1322,1337,42470,9,0,0,9,2
2020-09-15,US,Georgia,Pulaski,300,12,0,32.23334561,-83.47549959999998,13235.0,2693.723623956182,4.0,288,301,12,0,289,295,11069,-1,0,0,-1,6
2020-09-15,US,Georgia,Putnam,660,23,0,33.32056115,-83.37552891,13237.0,2983.8600298386004,3.484848484848485,637,659,23,0,636,657,21809,1,0,0,1,2
2020-09-15,US,Georgia,Quitman,31,1,0,31.86728114,-85.01773177,13239.0,1348.4123531970422,3.2258064516129035,30,31,1,0,30,31,2279,0,0,0,0,0
2020-09-15,US,Georgia,Rabun,309,7,0,34.88389445,-83.40304637,13241.0,1803.116064655424,2.26537216828479,302,308,7,0,301,308,16867,1,0,0,1,0
2020-09-15,US,Georgia,Randolph,327,28,0,31.76622818,-84.75732369,13243.0,4824.43198583653,8.562691131498473,299,327,27,0,300,327,6833,0,1,0,-1,0
2020-09-15,US,Georgia,Richmond,6634,148,0,33.35777107,-82.07026432,13245.0,3275.758204209009,2.2309315646668675,6486,6614,148,0,6466,6570,201554,20,0,0,20,44
2020-09-15,US,Georgia,Rockdale,1766,33,0,33.65145002,-84.02202167,13247.0,1942.879774687555,1.868629671574179,1733,1760,32,0,1728,1751,90594,6,1,0,5,9
2020-09-15,US,Georgia,Schley,103,2,0,32.2654021,-84.31258912,13249.0,1959.292372075328,1.9417475728155342,101,103,2,0,101,102,5236,0,0,0,0,1
2020-09-15,US,Georgia,Screven,357,9,0,32.74976524,-81.60779441,13251.0,2556.2079335529143,2.5210084033613445,348,352,9,0,343,345,13938,5,0,0,5,7
2020-09-15,US,Georgia,Seminole,329,8,0,30.93464824,-84.86823924,13253.0,4066.7490729295428,2.4316109422492405,321,325,8,0,317,325,8315,4,0,0,4,0
2020-09-15,US,Georgia,Spalding,1257,54,0,33.26310031,-84.28013991,13255.0,1884.4729622355815,4.295942720763724,1203,1251,54,0,1197,1249,66100,6,0,0,6,2
2020-09-15,US,Georgia,Stephens,933,32,0,34.55151201,-83.29405315,13257.0,3598.8428158148504,3.429796355841372,901,927,31,0,896,922,26035,6,1,0,5,5
2020-09-15,US,Georgia,Stewart,414,13,0,32.07996777,-84.83208037,13259.0,6252.831898504757,3.1400966183574885,401,411,13,0,398,410,6199,3,0,0,3,1
2020-09-15,US,Georgia,Sumter,909,60,0,32.03650571,-84.19821492,13261.0,3078.8511041864244,6.600660066006602,849,904,60,0,844,903,29733,5,0,0,5,1
2020-09-15,US,Georgia,Talbot,157,5,0,32.69642758,-84.53351366,13263.0,2534.3018563357546,3.1847133757961785,152,157,5,0,152,156,6272,0,0,0,0,1
2020-09-15,US,Georgia,Taliaferro,19,0,0,33.56543317,-82.88136816,13265.0,1236.174365647365,0.0,19,19,0,0,19,19,1608,0,0,0,0,0
2020-09-15,US,Georgia,Tattnall,751,9,0,32.04785085,-82.05539188,13267.0,2970.0229375939257,1.1984021304926764,742,748,9,0,739,744,25391,3,0,0,3,4
2020-09-15,US,Georgia,Taylor,180,8,0,32.55792548,-84.25077141,13269.0,2244.3890274314213,4.4444444444444455,172,180,8,0,172,178,8039,0,0,0,0,2
2020-09-15,US,Georgia,Telfair,372,16,0,31.92829517,-82.93491155,13271.0,2345.5233291298864,4.301075268817204,356,372,16,0,356,372,15876,0,0,0,0,0
2020-09-15,US,Georgia,Terrell,325,31,0,31.77527543,-84.44069698,13273.0,3809.635447192592,9.538461538461537,294,325,31,0,294,325,8611,0,0,0,0,0
2020-09-15,US,Georgia,Thomas,1435,58,0,30.86392347,-83.91847289,13275.0,3228.2738296101325,4.041811846689895,1377,1433,58,0,1375,1430,44448,2,0,0,2,3
2020-09-15,US,Georgia,Tift,1641,55,0,31.45743864,-83.5236119,13277.0,4037.496309418365,3.351614868982328,1586,1638,54,0,1584,1634,40571,3,1,0,2,4
2020-09-15,US,Georgia,Toombs,1229,39,0,32.12059861,-82.32957247,13279.0,4580.69325382035,3.1733116354759967,1190,1222,39,0,1183,1219,26887,7,0,0,7,3
2020-09-15,US,Georgia,Towns,265,7,0,34.91369188,-83.74107459999998,13281.0,2201.5452355238017,2.641509433962264,258,255,7,0,248,254,11852,10,0,0,10,1
2020-09-15,US,Georgia,Treutlen,241,6,0,32.40422134,-82.56904553,13283.0,3492.2475003622662,2.489626556016597,235,240,6,0,234,239,6809,1,0,0,1,1
2020-09-15,US,Georgia,Troup,2711,93,0,33.03349196,-85.02812115,13285.0,3877.1774262749923,3.4304684618222057,2618,2701,93,0,2608,2697,70034,10,0,0,10,4
2020-09-15,US,Georgia,Turner,287,22,0,31.71612656,-83.62069378,13287.0,3594.239198497183,7.665505226480835,265,287,22,0,265,287,7912,0,0,0,0,0
2020-09-15,US,Georgia,Twiggs,179,7,0,32.67435595,-83.43078662,13289.0,2204.4334975369457,3.910614525139665,172,178,7,0,171,178,8188,1,0,0,1,0
2020-09-15,US,Georgia,Unassigned,2415,3,0,0.0,0.0,90013.0,0.0,0.12422360248447205,2412,2414,3,0,2411,2459,,1,0,0,1,-45
2020-09-15,US,Georgia,Union,608,17,0,34.82995757,-83.98967069,13291.0,2480.5189506752067,2.796052631578948,591,603,17,0,586,599,24001,5,0,0,5,4
2020-09-15,US,Georgia,Upson,726,59,0,32.87920671,-84.30024826,13293.0,2758.358662613982,8.1267217630854,667,717,59,0,658,716,26215,9,0,0,9,1
2020-09-15,US,Georgia,Walker,1346,27,0,34.73376362,-85.30165174,13295.0,1929.4448187382638,2.0059435364041605,1319,1313,26,0,1287,1297,69410,33,1,0,32,16
2020-09-15,US,Georgia,Walton,1685,52,0,33.78017694,-83.73552314,13297.0,1781.3157421796539,3.086053412462908,1633,1681,51,0,1630,1677,93503,4,1,0,3,4
2020-09-15,US,Georgia,Ware,1438,49,0,31.05449097,-82.42224148,13299.0,4024.1786533833333,3.407510431154382,1389,1417,49,0,1368,1414,35680,21,0,0,21,3
2020-09-15,US,Georgia,Warren,127,5,0,33.41146451,-82.67795848,13301.0,2417.205938332699,3.9370078740157477,122,126,5,0,121,125,5251,1,0,0,1,1
2020-09-15,US,Georgia,Washington,640,7,0,32.96711864,-82.79357039,13303.0,3141.258466673211,1.09375,633,638,7,0,631,637,20386,2,0,0,2,1
2020-09-15,US,Georgia,Wayne,1064,27,0,31.5521809,-81.91894878,13305.0,3555.317940321449,2.537593984962406,1037,1058,27,0,1031,1056,29808,6,0,0,6,2
2020-09-15,US,Georgia,Webster,43,2,0,32.04066113,-84.54742852,13307.0,1649.4054468738013,4.651162790697675,41,43,2,0,41,42,2611,0,0,0,0,1
2020-09-15,US,Georgia,Wheeler,309,12,0,32.12009104,-82.72574721,13309.0,3933.8001273074483,3.8834951456310685,297,309,12,0,297,308,7879,0,0,0,0,1
2020-09-15,US,Georgia,White,672,17,0,34.64624278,-83.74905525,13311.0,2181.9598675238653,2.5297619047619047,655,659,17,0,642,659,29970,13,0,0,13,0
2020-09-15,US,Georgia,Whitfield,4310,59,0,34.80987459,-84.96093476,13313.0,4119.356195282334,1.368909512761021,4251,4302,59,0,4243,4292,104062,8,0,0,8,10
2020-09-15,US,Georgia,Wilcox,233,20,0,31.97496928,-83.43438555,13315.0,2698.320787492762,8.583690987124463,213,233,20,0,213,233,8812,0,0,0,0,0
2020-09-15,US,Georgia,Wilkes,254,4,0,33.78290391,-82.74286107,13317.0,2597.9339265623403,1.5748031496062993,250,253,4,0,249,249,9876,1,0,0,1,4
2020-09-15,US,Georgia,Wilkinson,314,17,0,32.80291082,-83.17140684,13319.0,3506.8125977216887,5.414012738853503,297,312,17,0,295,311,9036,2,0,0,2,1
2020-09-15,US,Georgia,Worth,514,29,0,31.55162306,-83.85090513,13321.0,2538.64770089396,5.642023346303503,485,513,29,0,484,513,20299,1,0,0,1,0
2020-09-15,US,Hawaii,Hawaii,599,3,0,19.60121157,-155.5210167,15001.0,297.25129396118365,0.5008347245409015,596,594,3,0,591,587,200983,5,0,0,5,7
2020-09-15,US,Hawaii,Honolulu,9782,87,0,21.45803166,-157.97121819999995,15003.0,1003.7319290800084,0.8893886730729912,9695,9723,86,0,9637,9654,980080,59,1,0,58,69
2020-09-15,US,Hawaii,Kauai,58,0,0,22.03935037,-159.5966786,15007.0,80.2290678212275,0.0,58,58,0,0,58,58,72133,0,0,0,0,0
2020-09-15,US,Hawaii,Maui,378,9,0,20.86399628,-156.56890969999995,15009.0,225.78352258133881,2.380952380952381,369,378,9,0,369,375,167207,0,0,0,0,3
2020-09-15,US,Hawaii,Out of HI,27,1,0,0.0,0.0,80015.0,0.0,3.703703703703704,26,26,1,0,25,26,,1,0,0,1,0
2020-09-15,US,Idaho,Ada,12043,142,0,43.4526575,-116.24155159999998,16001.0,2500.690425613648,1.1791081956323175,11901,11980,140,0,11840,11953,469966,63,2,0,61,27
2020-09-15,US,Idaho,Adams,26,1,0,44.89333571,-116.4545247,16003.0,605.4960409874243,3.8461538461538463,25,26,1,0,25,26,4250,0,0,0,0,0
2020-09-15,US,Idaho,Bannock,769,4,0,42.67002716,-112.2233311,16005.0,875.774416909621,0.5201560468140443,765,759,4,0,755,757,87138,10,0,0,10,2
2020-09-15,US,Idaho,Bear Lake,31,0,0,42.28269683,-111.32892379999998,16007.0,506.1224489795918,0.0,31,31,0,0,31,31,6050,0,0,0,0,0
2020-09-15,US,Idaho,Benewah,127,2,0,47.21754179,-116.6586851,16009.0,1365.8851365885134,1.5748031496062993,125,127,2,0,125,126,9226,0,0,0,0,1
2020-09-15,US,Idaho,Bingham,605,10,0,43.21672879999999,-112.3978437,16011.0,1292.4312661553909,1.6528925619834711,595,594,10,0,584,592,46236,11,0,0,11,2
2020-09-15,US,Idaho,Blaine,616,6,0,43.4085812,-113.9752658,16013.0,2675.817731636332,0.9740259740259741,610,614,6,0,608,610,22601,2,0,0,2,4
2020-09-15,US,Idaho,Boise,65,1,0,43.98829931,-115.7309284,16015.0,830.0344783552548,1.5384615384615383,64,65,1,0,64,65,7634,0,0,0,0,0
2020-09-15,US,Idaho,Bonner,256,0,0,48.29996017,-116.6017932,16017.0,559.6974135857802,0.0,256,255,0,0,255,246,44727,1,0,0,1,9
2020-09-15,US,Idaho,Bonneville,2257,14,0,43.38713372,-111.6161537,16019.0,1895.6510053585528,0.6202924235711121,2243,2230,14,0,2216,2208,116854,27,0,0,27,22
2020-09-15,US,Idaho,Boundary,48,1,0,48.76684761,-116.4630179,16021.0,391.99673336055537,2.083333333333333,47,46,1,0,45,45,11948,2,0,0,2,1
2020-09-15,US,Idaho,Butte,26,0,0,43.72592209,-113.1735463,16023.0,1001.1551790527533,0.0,26,26,0,0,26,26,2611,0,0,0,0,0
2020-09-15,US,Idaho,Camas,7,0,0,43.46665742,-114.8065892,16025.0,632.9113924050632,0.0,7,5,0,0,5,5,1127,2,0,0,2,0
2020-09-15,US,Idaho,Canyon,7729,93,0,43.61970148,-116.70954990000001,16027.0,3362.642430465219,1.2032604476646396,7636,7718,93,0,7625,7687,223499,11,0,0,11,31
2020-09-15,US,Idaho,Caribou,61,0,0,42.77149116,-111.5597683,16029.0,852.5506638714186,0.0,61,58,0,0,58,51,7060,3,0,0,3,7
2020-09-15,US,Idaho,Cassia,608,5,0,42.28347888,-113.6012409,16031.0,2530.1706200582603,0.8223684210526315,603,599,5,0,594,596,23864,9,0,0,9,3
2020-09-15,US,Idaho,Clark,27,0,0,44.28496071,-112.35057040000001,16033.0,3195.266272189349,0.0,27,25,0,0,25,24,852,2,0,0,2,1
2020-09-15,US,Idaho,Clearwater,26,0,0,46.67459924,-115.6622393,16035.0,296.9392416628598,0.0,26,27,0,0,27,27,8758,-1,0,0,-1,0
2020-09-15,US,Idaho,Custer,54,0,0,44.24186819,-114.2855494,16037.0,1251.4484356894557,0.0,54,54,0,0,54,54,4280,0,0,0,0,0
2020-09-15,US,Idaho,Elmore,314,3,0,43.3507101,-115.4701578,16039.0,1141.3616371633166,0.9554140127388536,311,312,3,0,309,312,27259,2,0,0,2,0
2020-09-15,US,Idaho,Franklin,67,0,0,42.18332217,-111.81496659999999,16041.0,482.84808302104346,0.0,67,64,0,0,64,64,13726,3,0,0,3,0
2020-09-15,US,Idaho,Fremont,145,3,0,44.22800938,-111.48099429999999,16043.0,1106.9547293686542,2.0689655172413794,142,140,3,0,137,139,13168,5,0,0,5,1
2020-09-15,US,Idaho,Gem,265,2,0,44.06482372,-116.398376,16045.0,1463.1183745583041,0.7547169811320755,263,265,2,0,263,264,17634,0,0,0,0,1
2020-09-15,US,Idaho,Gooding,254,1,0,42.96927962,-114.81083059999999,16047.0,1673.3645167665854,0.3937007874015748,253,254,1,0,253,251,15196,0,0,0,0,3
2020-09-15,US,Idaho,Idaho,75,0,0,45.84721541,-115.4634436,16049.0,449.9910001799963,0.0,75,68,0,0,68,54,16513,7,0,0,7,14
2020-09-15,US,Idaho,Jefferson,433,1,0,43.82078483,-112.3131749,16051.0,1449.566469150681,0.2309468822170901,432,422,1,0,421,409,29439,11,0,0,11,13
2020-09-15,US,Idaho,Jerome,695,6,0,42.68891267,-114.2655033,16053.0,2846.960511223989,0.8633093525179856,689,689,6,0,683,681,24015,6,0,0,6,8
2020-09-15,US,Idaho,Kootenai,2382,33,0,47.67282258,-116.7020872,16055.0,1437.563745873492,1.3853904282115868,2349,2375,32,0,2343,2357,161505,7,1,0,6,18
2020-09-15,US,Idaho,Latah,291,0,0,46.81587887,-116.71136979999999,16057.0,725.5410391941757,0.0,291,287,0,0,287,273,40134,4,0,0,4,14
2020-09-15,US,Idaho,Lemhi,72,0,0,44.9438088,-113.9309747,16059.0,896.9727170798552,0.0,72,72,0,0,72,72,7961,0,0,0,0,0
2020-09-15,US,Idaho,Lewis,12,0,0,46.23315327,-116.434146,16061.0,312.66284523189165,0.0,12,12,0,0,12,12,3861,0,0,0,0,0
2020-09-15,US,Idaho,Lincoln,83,0,0,43.0012336,-114.1358773,16063.0,1546.7759970182626,0.0,83,83,0,0,83,83,5360,0,0,0,0,0
2020-09-15,US,Idaho,Madison,392,1,0,43.78141028,-111.65384740000002,16065.0,982.2838098579197,0.2551020408163265,391,355,1,0,354,336,39304,37,0,0,37,19
2020-09-15,US,Idaho,Minidoka,594,7,0,42.85518524,-113.6357257,16067.0,2823.328104947953,1.1784511784511784,587,584,7,0,577,584,20825,10,0,0,10,0
2020-09-15,US,Idaho,Nez Perce,383,20,0,46.32638236,-116.75009750000001,16069.0,947.8321124529796,5.221932114882507,363,376,20,0,356,372,40408,7,0,0,7,4
2020-09-15,US,Idaho,Oneida,22,0,0,42.19494279999999,-112.5407838,16071.0,485.5440300154492,0.0,22,22,0,0,22,22,4488,0,0,0,0,0
2020-09-15,US,Idaho,Owyhee,322,5,0,42.58016894,-116.16938710000001,16073.0,2723.5050325636466,1.5527950310559009,317,321,5,0,316,320,11693,1,0,0,1,1
2020-09-15,US,Idaho,Payette,780,5,0,44.00545243,-116.7647695,16075.0,3256.6489916913697,0.6410256410256411,775,773,4,0,769,769,23551,7,1,0,6,4
2020-09-15,US,Idaho,Power,155,0,0,42.69254894,-112.83957420000002,16077.0,2017.9664106236166,0.0,155,151,0,0,151,151,7768,4,0,0,4,0
2020-09-15,US,Idaho,Shoshone,211,17,0,47.35364087,-115.89167490000001,16079.0,1637.9444185685452,8.056872037914692,194,210,17,0,193,209,12796,1,0,0,1,1
2020-09-15,US,Idaho,Teton,140,0,0,43.75303583,-111.2056773,16081.0,1153.0225662987975,0.0,140,140,0,0,140,140,11640,0,0,0,0,0
2020-09-15,US,Idaho,Twin Falls,1932,35,0,42.35440512,-114.6685381,16083.0,2223.808098713138,1.8115942028985508,1897,1911,35,0,1876,1871,86081,21,0,0,21,40
2020-09-15,US,Idaho,Unassigned,3,0,0,0.0,0.0,90016.0,0.0,0.0,3,1,0,0,1,1,,2,0,0,2,0
2020-09-15,US,Idaho,Valley,86,1,0,44.76728382,-115.5676773,16085.0,754.9157303370787,1.162790697674419,85,86,1,0,85,86,11041,0,0,0,0,0
2020-09-15,US,Idaho,Washington,321,4,0,44.45275475,-116.78476880000001,16087.0,3148.9111241907012,1.2461059190031152,317,320,4,0,316,318,10161,1,0,0,1,2
2020-09-15,US,Illinois,Adams,902,10,0,39.98815591,-91.18786813,17001.0,1378.4671811721555,1.1086474501108647,892,888,10,0,878,876,65691,14,0,0,14,12
2020-09-15,US,Illinois,Alexander,61,1,0,37.18049267,-89.32910838,17003.0,1058.843950703003,1.639344262295082,60,61,1,0,60,60,6060,0,0,0,0,1
2020-09-15,US,Illinois,Bond,245,4,0,38.88829622,-89.43534887,17005.0,1491.5378059174482,1.6326530612244898,241,241,4,0,237,231,16630,4,0,0,4,10
2020-09-15,US,Illinois,Boone,974,23,0,42.32359279,-88.82345779,17007.0,1819.0646944568955,2.3613963039014374,951,969,23,0,946,955,53577,5,0,0,5,14
2020-09-15,US,Illinois,Brown,31,0,0,39.96209138,-90.75068024,17009.0,471.2678625722104,0.0,31,29,0,0,29,26,6556,2,0,0,2,3
2020-09-15,US,Illinois,Bureau,511,9,0,41.40385234,-89.5283051,17011.0,1566.1395120755178,1.761252446183953,502,497,9,0,488,489,32993,14,0,0,14,8
2020-09-15,US,Illinois,Calhoun,34,0,0,39.16840183,-90.66330078,17013.0,717.4509390166702,0.0,34,34,0,0,34,34,4802,0,0,0,0,0
2020-09-15,US,Illinois,Carroll,195,4,0,42.06823429,-89.93395545,17015.0,1363.159734358616,2.051282051282051,191,194,4,0,190,159,14312,1,0,0,1,35
2020-09-15,US,Illinois,Cass,353,11,0,39.96991073,-90.24734436,17017.0,2906.067341730469,3.1161473087818696,342,350,11,0,339,351,12260,3,0,0,3,-1
2020-09-15,US,Illinois,Champaign,4133,20,0,40.13919438,-88.20046615,17019.0,1971.0142162917466,0.4839099927413501,4113,4059,20,0,4039,4035,209983,74,0,0,74,24
2020-09-15,US,Illinois,Christian,320,10,0,39.54581621,-89.27780482,17021.0,990.5894006934126,3.125,310,306,9,0,297,305,32661,14,1,0,13,1
2020-09-15,US,Illinois,Clark,141,2,0,39.33425789,-87.78705622,17023.0,913.1532931804936,1.4184397163120568,139,140,2,0,138,137,15596,1,0,0,1,3
2020-09-15,US,Illinois,Clay,134,0,0,38.75388572,-88.48914513,17025.0,1016.3834951456313,0.0,134,132,0,0,132,129,13253,2,0,0,2,3
2020-09-15,US,Illinois,Clinton,971,19,0,38.60704876,-89.42385254,17027.0,2585.059368510729,1.9567456230690008,952,961,19,0,942,950,37639,10,0,0,10,11
2020-09-15,US,Illinois,Coles,1268,26,0,39.51949084,-88.22358557,17029.0,2504.8892752019915,2.050473186119874,1242,1248,26,0,1222,1237,50885,20,0,0,20,11
2020-09-15,US,Illinois,Cook,135690,5137,0,41.84144849,-87.81658794,17031.0,2634.638083364384,3.785835360011792,130553,135274,5134,0,130140,134801,5180493,416,3,0,413,473
2020-09-15,US,Illinois,Crawford,272,1,0,39.0032229,-87.75954624,17033.0,1457.1168371993356,0.36764705882352944,271,261,1,0,260,255,18807,11,0,0,11,6
2020-09-15,US,Illinois,Cumberland,183,4,0,39.27432424,-88.2401158,17035.0,1699.7956529816088,2.1857923497267757,179,182,4,0,178,182,10808,1,0,0,1,0
2020-09-15,US,Illinois,De Witt,86,1,0,40.17514519,-88.90959682,17039.0,549.9424478833612,1.162790697674419,85,83,1,0,82,75,15769,3,0,0,3,8
2020-09-15,US,Illinois,DeKalb,1342,36,0,41.89373302,-88.76958483,17037.0,1279.3502197393636,2.6825633383010428,1306,1323,36,0,1287,1317,104143,19,0,0,19,6
2020-09-15,US,Illinois,Douglas,267,5,0,39.76768052,-88.21854195,17041.0,1371.69278191626,1.8726591760299625,262,262,5,0,257,260,19479,5,0,0,5,2
2020-09-15,US,Illinois,DuPage,16209,546,0,41.85116968,-88.08642662,17043.0,1756.271663555169,3.368498982047011,15663,16123,545,0,15578,16022,928589,86,1,0,85,101
2020-09-15,US,Illinois,Edgar,105,3,0,39.6809186,-87.74759563,17045.0,611.8524561505741,2.8571428571428568,102,104,3,0,101,104,17360,1,0,0,1,0
2020-09-15,US,Illinois,Edwards,55,0,0,38.41353228,-88.05720863,17047.0,860.0469116497262,0.0,55,55,0,0,55,55,6392,0,0,0,0,0
2020-09-15,US,Illinois,Effingham,754,1,0,39.05935711,-88.58969584,17049.0,2217.125382262997,0.13262599469496025,753,751,1,0,750,744,34208,3,0,0,3,7
2020-09-15,US,Illinois,Fayette,266,3,0,39.00072038,-89.02452658,17051.0,1246.719160104987,1.1278195488721805,263,260,3,0,257,255,21416,6,0,0,6,5
2020-09-15,US,Illinois,Ford,86,4,0,40.59706922,-88.22350769,17053.0,663.529048684515,4.651162790697675,82,90,4,0,86,86,13264,-4,0,0,-4,4
2020-09-15,US,Illinois,Franklin,440,1,0,37.99189086,-88.92567818,17055.0,1143.7781070472329,0.2272727272727273,439,432,1,0,431,427,38701,8,0,0,8,5
2020-09-15,US,Illinois,Fulton,126,0,0,40.47289135,-90.20862357,17057.0,366.91904484566106,0.0,126,125,0,0,125,119,34844,1,0,0,1,6
2020-09-15,US,Illinois,Gallatin,68,2,0,37.76430935,-88.22953869,17059.0,1408.4507042253522,2.9411764705882355,66,68,2,0,66,68,5058,0,0,0,0,0
2020-09-15,US,Illinois,Greene,187,2,0,39.35907414,-90.388865,17061.0,1441.8999151823584,1.0695187165775402,185,183,2,0,181,183,13044,4,0,0,4,0
2020-09-15,US,Illinois,Grundy,595,5,0,41.28569601,-88.41905692,17063.0,1165.4326791240644,0.8403361344537815,590,586,5,0,581,579,50972,9,0,0,9,7
2020-09-15,US,Illinois,Hamilton,53,0,0,38.08163641,-88.53883373,17065.0,653.0310497782159,0.0,53,53,0,0,53,52,8163,0,0,0,0,1
2020-09-15,US,Illinois,Hancock,175,2,0,40.40423981,-91.16313899,17067.0,988.253896543935,1.1428571428571428,173,170,2,0,168,170,17844,5,0,0,5,0
2020-09-15,US,Illinois,Hardin,27,0,0,37.51810645,-88.26873022,17069.0,706.6213033237372,0.0,27,26,0,0,26,26,3910,1,0,0,1,0
2020-09-15,US,Illinois,Henderson,60,0,0,40.81908672,-90.92491462,17071.0,902.7986758952753,0.0,60,60,0,0,60,60,6709,0,0,0,0,0
2020-09-15,US,Illinois,Henry,583,4,0,41.3533994,-90.13296166,17073.0,1191.9121705885962,0.6861063464837049,579,580,4,0,576,576,49090,3,0,0,3,4
2020-09-15,US,Illinois,Iroquois,338,19,0,40.74717633,-87.82466784,17075.0,1246.5884782769047,5.621301775147929,319,336,19,0,317,335,27604,2,0,0,2,1
2020-09-15,US,Illinois,Jackson,1169,24,0,37.78595185,-89.38232563,17077.0,2059.911894273128,2.0530367835757057,1145,1159,24,0,1135,1144,57419,10,0,0,10,15
2020-09-15,US,Illinois,Jasper,184,8,0,39.01054275,-88.15437049,17079.0,1914.6722164412072,4.3478260869565215,176,180,7,0,173,180,9611,4,1,0,3,0
2020-09-15,US,Illinois,Jefferson,521,37,0,38.29980057,-88.9240025,17081.0,1382.5496231822524,7.1017274472168905,484,519,37,0,482,513,37820,2,0,0,2,6
2020-09-15,US,Illinois,Jersey,361,13,0,39.08869046,-90.35393073,17083.0,1658.0168098103156,3.601108033240997,348,360,12,0,348,356,21847,1,1,0,0,4
2020-09-15,US,Illinois,Jo Daviess,217,2,0,42.36542373,-90.21094405,17085.0,1021.897810218978,0.9216589861751152,215,215,2,0,213,212,21366,2,0,0,2,3
2020-09-15,US,Illinois,Johnson,130,0,0,37.45939802,-88.88165419,17087.0,1046.951759684304,0.0,130,130,0,0,130,130,12456,0,0,0,0,0
2020-09-15,US,Illinois,Kane,12194,324,0,41.93842729,-88.42861412,17089.0,2290.3702646303645,2.6570444480892244,11870,12135,323,0,11812,12081,534216,59,1,0,58,54
2020-09-15,US,Illinois,Kankakee,2546,73,0,41.13746989,-87.86205334,17091.0,2317.4528044273725,2.8672427336999213,2473,2540,72,0,2468,2528,110024,6,1,0,5,12
2020-09-15,US,Illinois,Kendall,1823,25,0,41.59081014,-88.42869583,17093.0,1413.287851771455,1.3713658804168951,1798,1818,25,0,1793,1806,127915,5,0,0,5,12
2020-09-15,US,Illinois,Knox,538,3,0,40.93148779,-90.21330340000002,17095.0,1082.516750840057,0.5576208178438662,535,527,3,0,524,525,50112,11,0,0,11,2
2020-09-15,US,Illinois,LaSalle,1518,54,0,41.34426129999999,-88.88633881,17099.0,1396.9025204980262,3.5573122529644268,1464,1508,54,0,1454,1496,109430,10,0,0,10,12
2020-09-15,US,Illinois,Lake,15888,481,0,42.3224907,-88.00367925,17097.0,2281.0052617599977,3.0274420946626384,15407,15818,481,0,15337,15776,700832,70,0,0,70,42
2020-09-15,US,Illinois,Lawrence,235,0,0,38.71987914,-87.72884035,17101.0,1498.9156780201556,0.0,235,235,0,0,235,233,15765,0,0,0,0,2
2020-09-15,US,Illinois,Lee,306,1,0,41.74583951,-89.29977132,17103.0,897.4659784138902,0.32679738562091504,305,303,1,0,302,299,34223,3,0,0,3,4
2020-09-15,US,Illinois,Livingston,272,4,0,40.89188292,-88.55784752,17105.0,763.0161579892281,1.4705882352941178,268,270,4,0,266,266,35761,2,0,0,2,4
2020-09-15,US,Illinois,Logan,400,1,0,40.12581572,-89.36638784,17107.0,1397.721713606821,0.25,399,390,1,0,389,386,28925,10,0,0,10,4
2020-09-15,US,Illinois,Macon,1247,33,0,39.86064913,-88.96342505,17115.0,1198.934707573383,2.6463512429831595,1214,1229,32,0,1197,1224,104712,18,1,0,17,5
2020-09-15,US,Illinois,Macoupin,440,6,0,39.26119767,-89.92424028,17117.0,979.3883274718428,1.3636363636363635,434,435,6,0,429,432,45313,5,0,0,5,3
2020-09-15,US,Illinois,Madison,5020,122,0,38.83042506,-89.90422563,17119.0,1908.992036993376,2.4302788844621515,4898,4946,121,0,4825,4908,264461,74,1,0,73,38
2020-09-15,US,Illinois,Marion,441,0,0,38.64963204,-88.91899208,17121.0,1185.324553151458,0.0,441,436,0,0,436,427,37620,5,0,0,5,9
2020-09-15,US,Illinois,Marshall,76,0,0,41.0327901,-89.34510444,17123.0,664.4518272425249,0.0,76,74,0,0,74,71,11534,2,0,0,2,3
2020-09-15,US,Illinois,Mason,111,1,0,40.23917274,-89.91824452,17125.0,830.9005165057265,0.9009009009009008,110,109,1,0,108,109,13565,2,0,0,2,0
2020-09-15,US,Illinois,Massac,86,1,0,37.22078441,-88.71036614,17127.0,624.4554167876853,1.162790697674419,85,85,1,0,84,83,14080,1,0,0,1,2
2020-09-15,US,Illinois,McDonough,417,15,0,40.45674722,-90.67775541,17109.0,1404.8918536486765,3.5971223021582728,402,404,15,0,389,404,29955,13,0,0,13,0
2020-09-15,US,Illinois,McHenry,4271,117,0,42.32451172,-88.45248227,17111.0,1387.7065639072823,2.73940529150082,4154,4275,117,0,4158,4258,308570,-4,0,0,-4,17
2020-09-15,US,Illinois,McLean,2980,18,0,40.48996987,-88.84621113,17113.0,1737.4371053598184,0.6040268456375839,2962,2931,18,0,2913,2909,172828,49,0,0,49,22
2020-09-15,US,Illinois,Menard,103,0,0,40.02742725,-89.80246001,17129.0,844.5391931780913,0.0,103,98,0,0,98,95,12288,5,0,0,5,3
2020-09-15,US,Illinois,Mercer,118,5,0,41.20596782,-90.74290052,17131.0,764.3972274405647,4.2372881355932215,113,118,5,0,113,118,15601,0,0,0,0,0
2020-09-15,US,Illinois,Monroe,585,15,0,38.27594376,-90.17761038,17133.0,1688.945347460808,2.5641025641025643,570,581,15,0,566,581,34335,4,0,0,4,0
2020-09-15,US,Illinois,Montgomery,287,12,0,39.23198845,-89.47809254,17135.0,1010.0654606883928,4.181184668989547,275,288,12,0,276,287,28601,-1,0,0,-1,1
2020-09-15,US,Illinois,Morgan,596,21,0,39.71654544,-90.20255104,17137.0,1770.7528670746924,3.523489932885906,575,592,21,0,571,591,33976,4,0,0,4,1
2020-09-15,US,Illinois,Moultrie,200,3,0,39.64187451,-88.62099969,17139.0,1379.215226536101,1.5,197,196,3,0,193,196,14717,4,0,0,4,0
2020-09-15,US,Illinois,Ogle,572,6,0,42.04165196,-89.32184679,17141.0,1129.474952115791,1.048951048951049,566,574,5,0,569,561,50923,-2,1,0,-3,13
2020-09-15,US,Illinois,Out of IL,4,0,0,0.0,0.0,80017.0,0.0,0.0,4,1,0,0,1,,,3,0,0,3,
2020-09-15,US,Illinois,Peoria,2972,47,0,40.78702156,-89.76078901,17143.0,1658.6765190117144,1.5814266487213997,2925,2948,44,0,2904,2898,180621,24,3,0,21,50
2020-09-15,US,Illinois,Perry,323,13,0,38.08510853,-89.36856219,17145.0,1544.2723274048574,4.0247678018575845,310,323,13,0,310,320,21174,0,0,0,0,3
2020-09-15,US,Illinois,Piatt,123,0,0,40.01360584,-88.59319339,17147.0,752.5697503671072,0.0,123,120,0,0,120,119,16396,3,0,0,3,1
2020-09-15,US,Illinois,Pike,101,1,0,39.62265059,-90.8877017,17149.0,649.0585437953857,0.99009900990099,100,101,1,0,100,99,15611,0,0,0,0,2
2020-09-15,US,Illinois,Pope,24,1,0,37.41391284,-88.56152109,17151.0,574.5750538664113,4.166666666666667,23,23,1,0,22,23,4212,1,0,0,1,0
2020-09-15,US,Illinois,Pulaski,149,1,0,37.22631423,-89.13085001,17153.0,2792.8772258669164,0.6711409395973155,148,148,1,0,147,148,5463,1,0,0,1,0
2020-09-15,US,Illinois,Putnam,33,0,0,41.2013541,-89.2869272,17155.0,575.0130684788289,0.0,33,31,0,0,31,31,5740,2,0,0,2,0
2020-09-15,US,Illinois,Randolph,880,10,0,38.05095369,-89.82512254,17157.0,2768.86287835882,1.1363636363636365,870,863,9,0,854,854,32106,17,1,0,16,9
2020-09-15,US,Illinois,Richland,120,4,0,38.71240969,-88.08475366,17159.0,773.5447689035002,3.333333333333333,116,117,4,0,113,116,15763,3,0,0,3,1
2020-09-15,US,Illinois,Rock Island,2637,69,0,41.46613806,-90.57042164,17161.0,1858.626012306261,2.6166097838452793,2568,2632,68,0,2564,2610,143477,5,1,0,4,22
2020-09-15,US,Illinois,Saline,217,3,0,37.75332999,-88.54119706,17165.0,923.7580349921246,1.3824884792626728,214,213,3,0,210,211,23906,4,0,0,4,2
2020-09-15,US,Illinois,Sangamon,2122,42,0,39.75836914,-89.65872023,17167.0,1090.0386290786553,1.9792648444863337,2080,2115,42,0,2073,2113,195348,7,0,0,7,2
2020-09-15,US,Illinois,Schuyler,36,0,0,40.157179799999994,-90.61114163,17169.0,531.9148936170212,0.0,36,34,0,0,34,34,6907,2,0,0,2,0
2020-09-15,US,Illinois,Scott,62,0,0,39.642916899999996,-90.47814431,17171.0,1252.2722682286408,0.0,62,62,0,0,62,62,4926,0,0,0,0,0
2020-09-15,US,Illinois,Shelby,319,3,0,39.39133527,-88.80611122,17173.0,1474.5308310991957,0.9404388714733544,316,310,3,0,307,304,21741,9,0,0,9,6
2020-09-15,US,Illinois,St. Clair,6043,178,0,38.46996033,-89.93063427,17163.0,2327.041118889736,2.945556842627834,5865,6008,178,0,5830,5983,261059,35,0,0,35,25
2020-09-15,US,Illinois,Stark,46,2,0,41.09309773,-89.79745866,17175.0,861.1007113440659,4.3478260869565215,44,46,1,0,45,45,5427,0,1,0,-1,1
2020-09-15,US,Illinois,Stephenson,434,6,0,42.35129217,-89.662598,17177.0,975.3247336958963,1.3824884792626728,428,431,6,0,425,424,44753,3,0,0,3,7
2020-09-15,US,Illinois,Tazewell,1441,12,0,40.50716185,-89.51404662,17179.0,1093.29833160095,0.8327550312283136,1429,1397,12,0,1385,1381,132328,44,0,0,44,16
2020-09-15,US,Illinois,Unassigned,2139,232,0,0.0,0.0,90017.0,0.0,10.846189808321645,1907,2138,232,0,1906,2138,,1,0,0,1,0
2020-09-15,US,Illinois,Union,476,24,0,37.47119609,-89.25548938,17181.0,2858.343841950399,5.042016806722689,452,473,24,0,449,471,16841,3,0,0,3,2
2020-09-15,US,Illinois,Vermilion,498,4,0,40.18417171,-87.73384359,17183.0,657.3563188046147,0.8032128514056225,494,475,4,0,471,470,76806,23,0,0,23,5
2020-09-15,US,Illinois,Wabash,134,1,0,38.44272901,-87.84922065,17185.0,1163.1944444444443,0.746268656716418,133,133,1,0,132,133,11549,1,0,0,1,0
2020-09-15,US,Illinois,Warren,288,1,0,40.84925021,-90.6147432,17187.0,1709.807646639753,0.3472222222222222,287,282,1,0,281,282,17032,6,0,0,6,0
2020-09-15,US,Illinois,Washington,160,1,0,38.35309213,-89.40982703,17189.0,1152.1566933102902,0.625,159,158,1,0,157,158,13995,2,0,0,2,0
2020-09-15,US,Illinois,Wayne,224,4,0,38.42955355,-88.42586459,17191.0,1381.436941103916,1.7857142857142858,220,219,4,0,215,218,16332,5,0,0,5,1
2020-09-15,US,Illinois,White,150,0,0,38.08706198,-88.17657461,17193.0,1108.0741670975844,0.0,150,149,0,0,149,149,13665,1,0,0,1,0
2020-09-15,US,Illinois,Whiteside,644,19,0,41.75509713,-89.91556058,17195.0,1167.195287720888,2.950310559006211,625,638,19,0,619,634,55626,6,0,0,6,4
2020-09-15,US,Illinois,Will,12955,367,0,41.44619267,-87.97862712,17197.0,1875.5166538061194,2.8328830567348517,12588,12888,367,0,12521,12820,692310,67,0,0,67,68
2020-09-15,US,Illinois,Williamson,1204,27,0,37.73033511,-88.92994027,17199.0,1807.889244260252,2.242524916943521,1177,1183,27,0,1156,1160,67056,21,0,0,21,23
2020-09-15,US,Illinois,Winnebago,4883,148,0,42.33641854,-89.16085327,17201.0,1728.0551505457015,3.0309236125332792,4735,4843,148,0,4695,4790,284081,40,0,0,40,53
2020-09-15,US,Illinois,Woodford,362,4,0,40.78579374,-89.20973757,17203.0,941.2621233001378,1.1049723756906078,358,355,4,0,351,351,38463,7,0,0,7,4
2020-09-15,US,Indiana,Adams,223,3,0,40.7457653,-84.93671406,18001.0,623.305475584873,1.345291479820628,220,222,3,0,219,220,35636,1,0,0,1,2
2020-09-15,US,Indiana,Allen,5703,196,0,41.09194313,-85.06800636,18003.0,1503.5631520251834,3.4367876556198493,5507,5652,193,0,5459,5627,375351,51,3,0,48,25
2020-09-15,US,Indiana,Bartholomew,1126,57,0,39.20744865,-85.89558181,18005.0,1344.0122226333567,5.062166962699823,1069,1125,56,0,1069,1121,82753,1,1,0,0,4
2020-09-15,US,Indiana,Benton,87,0,0,40.60626947,-87.31093999,18007.0,994.5130315500688,0.0,87,87,0,0,87,87,8653,0,0,0,0,0
2020-09-15,US,Indiana,Blackford,105,2,0,40.47388153,-85.32499702,18009.0,893.009015138629,1.9047619047619049,103,103,2,0,101,97,11930,2,0,0,2,6
2020-09-15,US,Indiana,Boone,936,46,0,40.0509304,-86.46841646,18011.0,1379.6559704022525,4.914529914529915,890,932,46,0,886,927,66999,4,0,0,4,5
2020-09-15,US,Indiana,Brown,93,3,0,39.19605589,-86.22868909,18013.0,616.2205141796977,3.2258064516129035,90,91,3,0,88,91,15234,2,0,0,2,0
2020-09-15,US,Indiana,Carroll,267,13,0,40.580783200000006,-86.56198812,18015.0,1318.062891839858,4.868913857677903,254,266,13,0,253,265,20127,1,0,0,1,1
2020-09-15,US,Indiana,Cass,1913,9,0,40.76135835,-86.34830753,18017.0,5075.751545543792,0.4704652378463146,1904,1911,9,0,1902,1911,37955,2,0,0,2,0
2020-09-15,US,Indiana,Clark,2016,55,0,38.48015445,-85.70510334,18019.0,1704.1132018055484,2.7281746031746037,1961,2003,53,0,1950,1977,117360,13,2,0,11,26
2020-09-15,US,Indiana,Clay,280,5,0,39.39561833,-87.11723506,18021.0,1067.683508102955,1.7857142857142858,275,277,5,0,272,272,26170,3,0,0,3,5
2020-09-15,US,Indiana,Clinton,589,11,0,40.30319754,-86.47277257,18023.0,1817.9573443624804,1.867572156196944,578,585,11,0,574,584,32250,4,0,0,4,1
2020-09-15,US,Indiana,Crawford,98,0,0,38.28814402,-86.44518825,18025.0,926.5387160820649,0.0,98,96,0,0,96,94,10558,2,0,0,2,2
2020-09-15,US,Indiana,Daviess,599,27,0,38.70186039,-87.07185406,18027.0,1796.0480945099093,4.507512520868113,572,591,26,0,565,586,33147,8,1,0,7,5
2020-09-15,US,Indiana,DeKalb,417,10,0,41.39804622,-84.99906934,18033.0,959.1719378953419,2.3980815347721824,407,411,9,0,402,404,43226,6,1,0,5,7
2020-09-15,US,Indiana,Dearborn,608,28,0,39.14647946,-84.97333539,18029.0,1229.3258926766146,4.605263157894737,580,608,28,0,580,602,49568,0,0,0,0,6
2020-09-15,US,Indiana,Decatur,446,38,0,39.30712658,-85.50087166,18031.0,1679.2800933770095,8.52017937219731,408,446,38,0,408,442,26794,0,0,0,0,4
2020-09-15,US,Indiana,Delaware,1753,59,0,40.22787247,-85.39732772,18035.0,1535.900468743155,3.3656588705077013,1694,1747,59,0,1688,1717,114772,6,0,0,6,30
2020-09-15,US,Indiana,Dubois,910,18,0,38.36597551,-86.87924170000002,18037.0,2129.352302508424,1.978021978021978,892,909,18,0,891,907,42565,1,0,0,1,2
2020-09-15,US,Indiana,Elkhart,6117,105,0,41.59761169,-85.85875695,18039.0,2964.5102039827275,1.7165277096615987,6012,6066,104,0,5962,6041,205560,51,1,0,50,25
2020-09-15,US,Indiana,Fayette,400,13,0,39.63684962,-85.17797541,18041.0,1731.4518223530426,3.25,387,398,13,0,385,395,23047,2,0,0,2,3
2020-09-15,US,Indiana,Floyd,1252,60,0,38.32117957,-85.90385377,18043.0,1594.4576042383026,4.792332268370607,1192,1241,60,0,1181,1220,77781,11,0,0,11,21
2020-09-15,US,Indiana,Fountain,113,2,0,40.12361933,-87.24217689,18045.0,691.3006240058728,1.7699115044247788,111,112,2,0,110,109,16351,1,0,0,1,3
2020-09-15,US,Indiana,Franklin,289,25,0,39.4142482,-85.06062647,18047.0,1269.883118024431,8.650519031141869,264,288,25,0,263,287,22736,1,0,0,1,1
2020-09-15,US,Indiana,Fulton,226,2,0,41.0469907,-86.26252745,18049.0,1131.4709121858416,0.8849557522123894,224,224,2,0,222,223,20092,2,0,0,2,1
2020-09-15,US,Indiana,Gibson,413,4,0,38.30393723,-87.58054938,18051.0,1227.0120918625034,0.9685230024213076,409,398,4,0,394,384,33452,15,0,0,15,14
2020-09-15,US,Indiana,Grant,833,32,0,40.51587228,-85.65468702,18053.0,1266.554151651994,3.8415366146458574,801,828,32,0,796,817,65936,5,0,0,5,11
2020-09-15,US,Indiana,Greene,402,35,0,39.03630547,-86.96223202,18055.0,1259.3195915042918,8.706467661691542,367,400,35,0,365,393,32006,2,0,0,2,7
2020-09-15,US,Indiana,Hamilton,4546,109,0,40.07306535,-86.05244729,18057.0,1344.9266443991467,2.3977122745270565,4437,4536,108,0,4428,4514,330086,10,1,0,9,22
2020-09-15,US,Indiana,Hancock,881,42,0,39.82304555,-85.77566351,18059.0,1127.0596663596355,4.767309875141883,839,877,42,0,835,880,76351,4,0,0,4,-3
2020-09-15,US,Indiana,Harrison,538,24,0,38.19467379,-86.10948271,18061.0,1327.903245711465,4.4609665427509295,514,533,24,0,509,529,40350,5,0,0,5,4
2020-09-15,US,Indiana,Hendricks,2572,120,0,39.76719009,-86.51037283,18063.0,1510.178438268814,4.665629860031103,2452,2562,119,0,2443,2546,167009,10,1,0,9,16
2020-09-15,US,Indiana,Henry,715,24,0,39.93029017,-85.39625719,18065.0,1490.4527641123987,3.3566433566433567,691,706,24,0,682,703,48271,9,0,0,9,3
2020-09-15,US,Indiana,Howard,1235,63,0,40.48527731,-86.11351892,18067.0,1496.171738709052,5.101214574898785,1172,1231,62,0,1169,1219,82366,4,1,0,3,12
2020-09-15,US,Indiana,Huntington,200,3,0,40.82907273,-85.48822092,18069.0,547.645125958379,1.5,197,199,3,0,196,198,36240,1,0,0,1,1
2020-09-15,US,Indiana,Jackson,725,9,0,38.90915820000001,-86.03851889,18071.0,1639.1218828423505,1.2413793103448276,716,722,9,0,713,721,44111,3,0,0,3,1
2020-09-15,US,Indiana,Jasper,372,2,0,41.02078733,-87.11553319,18073.0,1108.396400691258,0.5376344086021505,370,372,2,0,370,370,33370,0,0,0,0,2
2020-09-15,US,Indiana,Jay,156,0,0,40.43781032,-85.00576229,18075.0,763.3587786259543,0.0,156,154,0,0,154,153,20764,2,0,0,2,1
2020-09-15,US,Indiana,Jefferson,232,3,0,38.78576239,-85.43633383,18077.0,718.0883991581031,1.293103448275862,229,231,3,0,228,230,32208,1,0,0,1,1
2020-09-15,US,Indiana,Jennings,305,12,0,38.99588883,-85.62710784,18079.0,1099.6935280331709,3.9344262295081966,293,304,12,0,292,303,27611,1,0,0,1,1
2020-09-15,US,Indiana,Johnson,2218,122,0,39.48994426,-86.10149107,18081.0,1402.315274361909,5.500450856627593,2096,2208,122,0,2086,2189,156225,10,0,0,10,19
2020-09-15,US,Indiana,Knox,444,8,0,38.68861576,-87.4194665,18083.0,1213.3136579767174,1.8018018018018016,436,441,8,0,433,434,36895,3,0,0,3,7
2020-09-15,US,Indiana,Kosciusko,1150,17,0,41.24521668,-85.86312322,18085.0,1447.341925090616,1.4782608695652173,1133,1150,17,0,1133,1143,79344,0,0,0,0,7
2020-09-15,US,Indiana,LaGrange,627,11,0,41.64232188,-85.42674232,18087.0,1582.7737668501034,1.7543859649122806,616,627,11,0,616,626,39330,0,0,0,0,1
2020-09-15,US,Indiana,LaPorte,1328,37,0,41.54366008,-86.74072188,18091.0,1208.5032032615027,2.786144578313253,1291,1324,37,0,1287,1315,110007,4,0,0,4,9
2020-09-15,US,Indiana,Lake,9939,309,0,41.41874274,-87.38277575,18089.0,2047.1973849262506,3.108964684575913,9630,9902,308,0,9594,9852,484411,37,1,0,36,50
2020-09-15,US,Indiana,Lawrence,494,28,0,38.84112637,-86.48361629,18093.0,1088.8252148997135,5.668016194331983,466,493,28,0,465,492,45668,1,0,0,1,1
2020-09-15,US,Indiana,Madison,1503,75,0,40.16143691,-85.71964711,18095.0,1159.9996912841807,4.990019960079841,1428,1497,74,0,1423,1487,129641,6,1,0,5,10
2020-09-15,US,Indiana,Marion,20196,756,0,39.78163624,-86.13826325,18097.0,2093.7566738753158,3.7433155080213902,19440,20147,755,0,19392,20065,954670,49,1,0,48,82
2020-09-15,US,Indiana,Marshall,966,23,0,41.32467367,-86.26185087,18099.0,2088.2874313632237,2.380952380952381,943,965,23,0,942,958,46248,1,0,0,1,7
2020-09-15,US,Indiana,Martin,152,0,0,38.7099921,-86.80373186,18101.0,1482.2038030229157,0.0,152,146,0,0,146,141,10217,6,0,0,6,5
2020-09-15,US,Indiana,Miami,418,2,0,40.76940965,-86.04525048,18103.0,1176.934339452641,0.4784688995215311,416,417,2,0,415,416,35567,1,0,0,1,1
2020-09-15,US,Indiana,Monroe,2180,36,0,39.16130004,-86.52414358,18105.0,1468.6958923674977,1.6513761467889911,2144,2026,36,0,1990,1986,146917,154,0,0,154,40
2020-09-15,US,Indiana,Montgomery,493,21,0,40.04034823,-86.89335024,18107.0,1285.930408472012,4.259634888438134,472,493,21,0,472,492,38346,0,0,0,0,1
2020-09-15,US,Indiana,Morgan,667,37,0,39.47899078,-86.44573375,18109.0,946.2469321454413,5.547226386806597,630,665,36,0,629,660,70116,2,1,0,1,5
2020-09-15,US,Indiana,Newton,162,10,0,40.95610449,-87.39635768,18111.0,1158.4668192219679,6.172839506172839,152,159,10,0,149,155,14011,3,0,0,3,4
2020-09-15,US,Indiana,Noble,858,32,0,41.39672484,-85.41966713,18113.0,1797.0844504021447,3.7296037296037294,826,854,32,0,822,850,47532,4,0,0,4,4
2020-09-15,US,Indiana,Ohio,75,7,0,38.955304999999996,-84.96515993,18115.0,1276.5957446808507,9.333333333333334,68,75,7,0,68,75,5844,0,0,0,0,0
2020-09-15,US,Indiana,Orange,276,24,0,38.54118920000001,-86.49523093,18117.0,1404.8661305100275,8.695652173913043,252,276,24,0,252,275,19489,0,0,0,0,1
2020-09-15,US,Indiana,Owen,161,1,0,39.31145587,-86.83900724,18119.0,774.0756767152268,0.6211180124223602,160,161,1,0,160,161,20845,0,0,0,0,0
2020-09-15,US,Indiana,Parke,88,2,0,39.77202286,-87.20375833,18121.0,519.5725335065242,2.272727272727273,86,88,2,0,86,88,16927,0,0,0,0,0
2020-09-15,US,Indiana,Perry,200,14,0,38.07809328,-86.63741946,18123.0,1043.3512441963587,7.0,186,200,14,0,186,199,19102,0,0,0,0,1
2020-09-15,US,Indiana,Pike,128,1,0,38.40112197,-87.23574907,18125.0,1033.1745903624183,0.78125,127,126,1,0,125,126,12410,2,0,0,2,0
2020-09-15,US,Indiana,Porter,1947,43,0,41.45986947,-87.06848888,18127.0,1142.6793983179664,2.2085259373394965,1904,1940,43,0,1897,1926,169594,7,0,0,7,14
2020-09-15,US,Indiana,Posey,281,0,0,38.02097333,-87.86480429,18129.0,1105.1244739843473,0.0,281,280,0,0,280,279,25540,1,0,0,1,1
2020-09-15,US,Indiana,Pulaski,112,1,0,41.04166107,-86.69890683,18131.0,906.6623492269084,0.8928571428571429,111,113,1,0,112,111,12469,-1,0,0,-1,2
2020-09-15,US,Indiana,Putnam,509,8,0,39.66437981,-86.84517605,18133.0,1354.5880349159038,1.5717092337917484,501,507,8,0,499,502,37779,2,0,0,2,5
2020-09-15,US,Indiana,Randolph,199,7,0,40.15734772,-85.01139319,18135.0,806.8112710318263,3.5175879396984926,192,198,7,0,191,196,24851,1,0,0,1,2
2020-09-15,US,Indiana,Ripley,269,8,0,39.10235626,-85.26212744,18137.0,949.7246151673493,2.9739776951672865,261,267,8,0,259,265,28523,2,0,0,2,2
2020-09-15,US,Indiana,Rush,146,4,0,39.62002287,-85.4655599,18139.0,880.5259031421507,2.7397260273972597,142,147,4,0,143,146,16663,-1,0,0,-1,1
2020-09-15,US,Indiana,Scott,343,10,0,38.68672078,-85.74627859,18143.0,1436.7695723201944,2.915451895043732,333,340,10,0,330,338,23878,3,0,0,3,2
2020-09-15,US,Indiana,Shelby,649,29,0,39.52305623,-85.79158570000001,18145.0,1450.9602271456995,4.468412942989215,620,648,29,0,619,646,44593,1,0,0,1,2
2020-09-15,US,Indiana,Spencer,191,3,0,38.01519732,-87.0079644,18147.0,941.9539379592642,1.5706806282722514,188,188,3,0,185,182,20327,3,0,0,3,6
2020-09-15,US,Indiana,St. Joseph,5804,96,0,41.61756781,-86.29040834,18141.0,2135.1894226453687,1.6540317022742936,5708,5772,96,0,5676,5723,270771,32,0,0,32,49
2020-09-15,US,Indiana,Starke,228,7,0,41.27890281,-86.64686895,18149.0,991.5198956294847,3.0701754385964914,221,230,7,0,223,227,22935,-2,0,0,-2,3
2020-09-15,US,Indiana,Steuben,343,7,0,41.64423868,-85.00101094,18151.0,991.5014164305948,2.0408163265306123,336,342,7,0,335,337,34586,1,0,0,1,5
2020-09-15,US,Indiana,Sullivan,324,12,0,39.08952258,-87.41414469,18153.0,1567.5649523440902,3.703703703703704,312,320,12,0,308,319,20690,4,0,0,4,1
2020-09-15,US,Indiana,Switzerland,66,0,0,38.82767338,-85.03022429,18155.0,613.8963817319318,0.0,66,66,0,0,66,65,10717,0,0,0,0,1
2020-09-15,US,Indiana,Tippecanoe,2029,13,0,40.38872739,-86.89413959,18157.0,1036.6215028712732,0.6407097092163627,2016,1998,13,0,1985,1991,193048,31,0,0,31,7
2020-09-15,US,Indiana,Tipton,214,22,0,40.31123252,-86.05234925,18159.0,1412.7277528386585,10.280373831775703,192,214,22,0,192,213,15128,0,0,0,0,1
2020-09-15,US,Indiana,Unassigned,0,225,0,0.0,0.0,90018.0,0.0,0.0,-225,0,224,0,-224,0,,0,1,0,-1,0
2020-09-15,US,Indiana,Union,75,0,0,39.62550777,-84.92497066,18161.0,1063.2265381343918,0.0,75,75,0,0,75,73,7037,0,0,0,0,2
2020-09-15,US,Indiana,Vanderburgh,3087,24,0,38.02658833,-87.58763124,18163.0,1701.2857465651887,0.7774538386783285,3063,3055,24,0,3031,3027,180974,32,0,0,32,28
2020-09-15,US,Indiana,Vermillion,119,0,0,39.8523352,-87.46160542,18165.0,767.8410117434507,0.0,119,119,0,0,119,117,15479,0,0,0,0,2
2020-09-15,US,Indiana,Vigo,1677,20,0,39.42944561,-87.39169027,18167.0,1566.7333096657262,1.1926058437686344,1657,1668,20,0,1648,1649,107386,9,0,0,9,19
2020-09-15,US,Indiana,Wabash,251,7,0,40.84704239,-85.79328272,18169.0,809.781907342883,2.7888446215139444,244,251,7,0,244,249,31280,0,0,0,0,2
2020-09-15,US,Indiana,Warren,38,1,0,40.34728141,-87.35602659,18171.0,459.7701149425288,2.631578947368421,37,38,1,0,37,38,8263,0,0,0,0,0
2020-09-15,US,Indiana,Warrick,1006,34,0,38.08922676,-87.2716085,18173.0,1596.8760913044864,3.37972166998012,972,987,31,0,956,957,62567,19,3,0,16,30
2020-09-15,US,Indiana,Washington,248,1,0,38.60219804,-86.1049363,18175.0,884.5769724639749,0.4032258064516129,247,245,1,0,244,243,27943,3,0,0,3,2
2020-09-15,US,Indiana,Wayne,717,14,0,39.863344399999995,-85.01044989,18177.0,1088.2763645194584,1.9525801952580195,703,710,13,0,697,700,65936,7,1,0,6,10
2020-09-15,US,Indiana,Wells,235,2,0,40.72934187,-85.22132966,18179.0,830.5060785976816,0.851063829787234,233,234,2,0,232,231,28206,1,0,0,1,3
2020-09-15,US,Indiana,White,467,14,0,40.74911165,-86.86492015,18181.0,1937.5985395402872,2.9978586723768736,453,466,14,0,452,466,24133,1,0,0,1,0
2020-09-15,US,Indiana,Whitley,241,6,0,41.13863784,-85.50791236,18183.0,709.5748439524202,2.489626556016597,235,238,6,0,232,237,34074,3,0,0,3,1
2020-09-15,US,Iowa,Adair,57,1,0,41.33075609,-94.47105874,19001.0,796.9798657718121,1.7543859649122806,56,57,1,0,56,56,7063,0,0,0,0,1
2020-09-15,US,Iowa,Adams,27,0,0,41.02903567,-94.69932645,19003.0,749.5835646862854,0.0,27,27,0,0,27,27,3645,0,0,0,0,0
2020-09-15,US,Iowa,Allamakee,224,5,0,43.28383218,-91.37860922,19005.0,1636.5894644553225,2.232142857142857,219,225,5,0,220,217,13832,-1,0,0,-1,8
2020-09-15,US,Iowa,Appanoose,116,3,0,40.74324454,-92.86865906,19007.0,933.5264767423143,2.586206896551724,113,116,3,0,113,112,12437,0,0,0,0,4
2020-09-15,US,Iowa,Audubon,46,1,0,41.6844628,-94.90581859,19009.0,836.9723435225619,2.1739130434782608,45,46,1,0,45,46,5506,0,0,0,0,0
2020-09-15,US,Iowa,Benton,250,1,0,42.08011739,-92.06463573,19011.0,974.8488984207448,0.4,249,247,1,0,246,244,25642,3,0,0,3,3
2020-09-15,US,Iowa,Black Hawk,4218,83,0,42.4704581,-92.30524729,19013.0,3214.2530557502973,1.9677572309151257,4135,4191,82,0,4109,4179,132408,27,1,0,26,12
2020-09-15,US,Iowa,Boone,429,6,0,42.03657094,-93.9313999,19015.0,1635.2824578790885,1.3986013986013983,423,420,5,0,415,412,26346,9,1,0,8,8
2020-09-15,US,Iowa,Bremer,441,7,0,42.77461496,-92.31795937,19017.0,1759.6361024658845,1.5873015873015872,434,432,7,0,425,428,24947,9,0,0,9,4
2020-09-15,US,Iowa,Buchanan,211,1,0,42.4709188,-91.83510825,19019.0,996.4580873671782,0.4739336492890995,210,208,1,0,207,207,21199,3,0,0,3,1
2020-09-15,US,Iowa,Buena Vista,1901,12,0,42.73545875,-95.15100162,19021.0,9689.092762487258,0.631246712256707,1889,1901,12,0,1889,1898,19874,0,0,0,0,3
2020-09-15,US,Iowa,Butler,247,2,0,42.73172833,-92.79015971,19023.0,1710.6447814945636,0.8097165991902834,245,244,2,0,242,243,14539,3,0,0,3,1
2020-09-15,US,Iowa,Calhoun,159,2,0,42.38521079,-94.64046046,19025.0,1644.600744724865,1.2578616352201255,157,152,2,0,150,150,9699,7,0,0,7,2
2020-09-15,US,Iowa,Carroll,562,5,0,42.03617207,-94.86032705,19027.0,2787.0071906769153,0.8896797153024911,557,559,5,0,554,554,20154,3,0,0,3,5
2020-09-15,US,Iowa,Cass,122,2,0,41.33149454,-94.92792482,19029.0,950.4518541601744,1.639344262295082,120,122,2,0,120,122,12930,0,0,0,0,0
2020-09-15,US,Iowa,Cedar,205,1,0,41.77233777,-91.13246684,19031.0,1100.552960755892,0.4878048780487805,204,204,1,0,203,203,18627,1,0,0,1,1
2020-09-15,US,Iowa,Cerro Gordo,961,21,0,43.08177563,-93.2612239,19033.0,2263.839811542992,2.1852237252861597,940,947,21,0,926,940,42647,14,0,0,14,7
2020-09-15,US,Iowa,Cherokee,165,2,0,42.73538914,-95.62389402,19035.0,1468.6248331108145,1.2121212121212122,163,160,2,0,158,159,11321,5,0,0,5,1
2020-09-15,US,Iowa,Chickasaw,193,0,0,43.06001295,-92.31773347,19037.0,1617.3636135087572,0.0,193,191,0,0,191,190,11964,2,0,0,2,1
2020-09-15,US,Iowa,Clarke,249,3,0,41.02868181,-93.78499767,19039.0,2650.345928685471,1.2048192771084338,246,249,3,0,246,249,9423,0,0,0,0,0
2020-09-15,US,Iowa,Clay,261,3,0,43.08247182,-95.15096481,19041.0,1629.6203796203797,1.1494252873563218,258,255,3,0,252,254,16134,6,0,0,6,1
2020-09-15,US,Iowa,Clayton,217,3,0,42.84443388,-91.34133693,19043.0,1236.5376944555244,1.3824884792626728,214,215,3,0,212,214,17556,2,0,0,2,1
2020-09-15,US,Iowa,Clinton,1008,17,0,41.89981633,-90.53275096,19045.0,2171.0568825518535,1.6865079365079363,991,1004,16,0,988,1000,46518,4,1,0,3,4
2020-09-15,US,Iowa,Crawford,924,4,0,42.03718237,-95.3819718,19047.0,5493.46016646849,0.4329004329004329,920,910,4,0,906,909,17158,14,0,0,14,1
2020-09-15,US,Iowa,Dallas,2614,38,0,41.68560356,-94.04127625,19049.0,2797.127968069511,1.4537107880642692,2576,2597,38,0,2559,2594,90180,17,0,0,17,3
2020-09-15,US,Iowa,Davis,107,4,0,40.74773536,-92.41005468,19051.0,1188.888888888889,3.7383177570093458,103,107,4,0,103,107,9017,0,0,0,0,0
2020-09-15,US,Iowa,Decatur,57,0,0,40.73742757,-93.78645949,19053.0,724.2693773824651,0.0,57,55,0,0,55,54,7890,2,0,0,2,1
2020-09-15,US,Iowa,Delaware,291,3,0,42.47104597,-91.3664492,19055.0,1710.6578096525775,1.0309278350515465,288,286,3,0,283,281,17069,5,0,0,5,5
2020-09-15,US,Iowa,Des Moines,707,7,0,40.92012606,-91.18326592,19057.0,1814.3557369055868,0.99009900990099,700,688,6,0,682,686,39138,19,1,0,18,2
2020-09-15,US,Iowa,Dickinson,453,6,0,43.37787725,-95.1510206,19059.0,2624.8696256808435,1.3245033112582782,447,452,6,0,446,452,17153,1,0,0,1,0
2020-09-15,US,Iowa,Dubuque,2436,38,0,42.46815349,-90.88181925,19061.0,2503.314116595246,1.5599343185550083,2398,2416,37,0,2379,2384,96854,20,1,0,19,32
2020-09-15,US,Iowa,Emmet,237,10,0,43.37782951,-94.67858943,19063.0,2573.848827106864,4.219409282700422,227,235,9,0,226,236,9253,2,1,0,1,-1
2020-09-15,US,Iowa,Fayette,173,1,0,42.86271799,-91.84412309999999,19065.0,880.4071246819339,0.5780346820809249,172,170,1,0,169,169,19660,3,0,0,3,1
2020-09-15,US,Iowa,Floyd,266,3,0,43.06000529999999,-92.78940097,19067.0,1700.5498018156243,1.1278195488721805,263,261,3,0,258,262,15761,5,0,0,5,-1
2020-09-15,US,Iowa,Franklin,325,17,0,42.73270384,-93.26256925,19069.0,3227.408142999007,5.230769230769232,308,324,17,0,307,323,10124,1,0,0,1,1
2020-09-15,US,Iowa,Fremont,68,0,0,40.74542720000001,-95.60129045,19071.0,977.0114942528737,0.0,68,66,0,0,66,67,6993,2,0,0,2,-1
2020-09-15,US,Iowa,Greene,72,0,0,42.03614551,-94.39658081,19073.0,810.0810081008101,0.0,72,72,0,0,72,71,8981,0,0,0,0,1
2020-09-15,US,Iowa,Grundy,190,2,0,42.40183723,-92.78829551,19075.0,1553.302812295618,1.0526315789473684,188,184,2,0,182,181,12304,6,0,0,6,3
2020-09-15,US,Iowa,Guthrie,206,5,0,41.68378965,-94.50111014,19077.0,1927.2148938160726,2.4271844660194173,201,203,5,0,198,199,10720,3,0,0,3,4
2020-09-15,US,Iowa,Hamilton,311,3,0,42.38382428,-93.70197703,19079.0,2105.191904149462,0.964630225080386,308,307,3,0,304,307,14952,4,0,0,4,0
2020-09-15,US,Iowa,Hancock,170,2,0,43.08178477,-93.73454884,19081.0,1599.2474129821258,1.1764705882352942,168,170,2,0,168,170,10712,0,0,0,0,0
2020-09-15,US,Iowa,Hardin,262,1,0,42.38353877,-93.23654611,19083.0,1555.2653448889944,0.3816793893129771,261,263,1,0,262,261,16868,-1,0,0,-1,2
2020-09-15,US,Iowa,Harrison,164,2,0,41.68330137,-95.81558439,19085.0,1167.3428713787455,1.2195121951219512,162,162,2,0,160,162,14134,2,0,0,2,0
2020-09-15,US,Iowa,Henry,470,4,0,40.98767962,-91.54436349,19087.0,2355.417460158364,0.851063829787234,466,464,4,0,460,459,20067,6,0,0,6,5
2020-09-15,US,Iowa,Howard,175,4,0,43.35671042,-92.31702714,19089.0,1910.8975758899328,2.2857142857142856,171,174,4,0,170,174,9187,1,0,0,1,0
2020-09-15,US,Iowa,Humboldt,166,2,0,42.7764426,-94.20722537,19091.0,1736.7650136011719,1.2048192771084338,164,165,2,0,163,164,9547,1,0,0,1,1
2020-09-15,US,Iowa,Ida,76,0,0,42.38696136,-95.51355387,19093.0,1107.871720116618,0.0,76,73,0,0,73,70,6841,3,0,0,3,3
2020-09-15,US,Iowa,Iowa,163,1,0,41.68630265,-92.0643373,19095.0,1007.1675729115176,0.6134969325153374,162,161,1,0,160,160,16141,2,0,0,2,1
2020-09-15,US,Iowa,Jackson,266,3,0,42.17178824,-90.57354837,19097.0,1368.3831472812387,1.1278195488721805,263,265,2,0,263,264,19432,1,1,0,0,1
2020-09-15,US,Iowa,Jasper,694,32,0,41.68576082,-93.05567785,19099.0,1866.3439558961948,4.610951008645533,662,686,31,0,655,684,37147,8,1,0,7,2
2020-09-15,US,Iowa,Jefferson,129,1,0,41.03192394,-91.94849466,19101.0,705.1106859797759,0.7751937984496124,128,126,1,0,125,126,18381,3,0,0,3,0
2020-09-15,US,Iowa,Johnson,4857,27,0,41.67169354,-91.58754744,19103.0,3213.5768161969045,0.5558987029030266,4830,4834,26,0,4808,4810,151260,23,1,0,22,24
2020-09-15,US,Iowa,Jones,227,3,0,42.12118609,-91.13139641,19105.0,1097.6258401431267,1.3215859030837005,224,222,3,0,219,220,20744,5,0,0,5,2
2020-09-15,US,Iowa,Keokuk,82,1,0,41.33649833,-92.1785067,19107.0,800.3123170017567,1.2195121951219512,81,81,1,0,80,80,10225,1,0,0,1,1
2020-09-15,US,Iowa,Kossuth,174,0,0,43.20405458,-94.20691791,19109.0,1174.643893877,0.0,174,167,0,0,167,167,14908,7,0,0,7,0
2020-09-15,US,Iowa,Lee,562,6,0,40.64181461,-91.48183025,19111.0,1669.7863743054934,1.0676156583629892,556,551,6,0,545,551,34055,11,0,0,11,0
2020-09-15,US,Iowa,Linn,3570,101,0,42.07923082,-91.59809485,19113.0,1574.7267385953617,2.8291316526610646,3469,3534,101,0,3433,3510,225909,36,0,0,36,24
2020-09-15,US,Iowa,Louisa,409,14,0,41.21842119,-91.26102611,19115.0,3706.3887630267327,3.4229828850855744,395,404,14,0,390,405,11169,5,0,0,5,-1
2020-09-15,US,Iowa,Lucas,122,6,0,41.02958964,-93.32780803,19117.0,1418.6046511627908,4.918032786885246,116,123,6,0,117,118,8645,-1,0,0,-1,5
2020-09-15,US,Iowa,Lyon,201,3,0,43.38107862,-96.20926845,19119.0,1709.9106763079542,1.492537313432836,198,194,3,0,191,190,11811,7,0,0,7,4
2020-09-15,US,Iowa,Madison,186,2,0,41.33081904,-94.01554631,19121.0,1138.450238707308,1.075268817204301,184,184,2,0,182,184,16249,2,0,0,2,0
2020-09-15,US,Iowa,Mahaska,298,19,0,41.33521503,-92.64083907,19123.0,1348.7214301878253,6.375838926174498,279,293,19,0,274,293,22000,5,0,0,5,0
2020-09-15,US,Iowa,Marion,674,3,0,41.33445101,-93.09934783,19125.0,2026.8847923495623,0.4451038575667656,671,666,3,0,663,660,33407,8,0,0,8,6
2020-09-15,US,Iowa,Marshall,1743,32,0,42.03586837,-92.99908190000001,19127.0,4427.3413091518705,1.8359150889271367,1711,1741,32,0,1709,1741,39981,2,0,0,2,0
2020-09-15,US,Iowa,Mills,152,1,0,41.03299766,-95.61920963,19129.0,1006.0229002581244,0.6578947368421053,151,149,1,0,148,150,15063,3,0,0,3,-1
2020-09-15,US,Iowa,Mitchell,169,0,0,43.35638371,-92.78887719,19131.0,1596.4481390515775,0.0,169,169,0,0,169,168,10569,0,0,0,0,1
2020-09-15,US,Iowa,Monona,121,1,0,42.05220391,-95.95743843,19133.0,1404.526987811956,0.8264462809917356,120,119,1,0,118,116,8679,2,0,0,2,3
2020-09-15,US,Iowa,Monroe,133,8,0,41.02988815,-92.8690667,19135.0,1725.7039055404175,6.015037593984963,125,132,8,0,124,132,7790,1,0,0,1,0
2020-09-15,US,Iowa,Montgomery,84,5,0,41.03018714,-95.15642896,19137.0,847.0303519209439,5.9523809523809526,79,83,5,0,78,83,10003,1,0,0,1,0
2020-09-15,US,Iowa,Muscatine,1045,52,0,41.48370744,-91.11216970000001,19139.0,2449.371835739734,4.9760765550239245,993,1045,52,0,993,1036,42929,0,0,0,0,9
2020-09-15,US,Iowa,O'Brien,267,8,0,43.08310673,-95.62474482,19141.0,1941.394604813496,2.9962546816479403,259,263,8,0,255,258,13840,4,0,0,4,5
2020-09-15,US,Iowa,Osceola,110,0,0,43.37824276,-95.62422844,19143.0,1846.257133266197,0.0,110,109,0,0,109,107,6040,1,0,0,1,2
2020-09-15,US,Iowa,Page,139,0,0,40.7393172,-95.1497813,19145.0,920.1032633878334,0.0,139,135,0,0,135,133,15249,4,0,0,4,2
2020-09-15,US,Iowa,Palo Alto,145,0,0,43.08193849,-94.67824621,19147.0,1631.7803286067972,0.0,145,142,0,0,142,140,8929,3,0,0,3,2
2020-09-15,US,Iowa,Plymouth,938,20,0,42.737633,-96.21366621,19149.0,3725.6225920482975,2.1321961620469083,918,927,20,0,907,928,25095,11,0,0,11,-1
2020-09-15,US,Iowa,Pocahontas,146,2,0,42.73420133,-94.67862564,19151.0,2205.7712645414717,1.3698630136986298,144,146,2,0,144,146,6740,0,0,0,0,0
2020-09-15,US,Iowa,Polk,14829,253,0,41.68679484,-93.57767461,19153.0,3025.3324927931844,1.7061163935531733,14576,14746,252,0,14494,14697,487204,83,1,0,82,49
2020-09-15,US,Iowa,Pottawattamie,1848,36,0,41.33640314,-95.53907776,19155.0,1982.7049760745017,1.9480519480519483,1812,1828,36,0,1792,1828,93533,20,0,0,20,0
2020-09-15,US,Iowa,Poweshiek,221,8,0,41.68625425,-92.53155731,19157.0,1194.3363597060095,3.619909502262444,213,219,8,0,211,219,18699,2,0,0,2,0
2020-09-15,US,Iowa,Ringgold,39,2,0,40.73518949,-94.24368535,19159.0,796.894156109522,5.128205128205129,37,37,2,0,35,37,4968,2,0,0,2,0
2020-09-15,US,Iowa,Sac,157,0,0,42.38624071,-95.10547892,19161.0,1615.0601789939308,0.0,157,152,0,0,152,147,9719,5,0,0,5,5
2020-09-15,US,Iowa,Scott,2551,26,0,41.63935978,-90.61959493,19163.0,1475.0524739364996,1.019208153665229,2525,2534,26,0,2508,2525,173283,17,0,0,17,9
2020-09-15,US,Iowa,Shelby,234,1,0,41.6850066,-95.31015553,19165.0,2042.9544264012573,0.4273504273504273,233,234,1,0,233,234,11578,0,0,0,0,0
2020-09-15,US,Iowa,Sioux,1137,3,0,43.08221074,-96.17675679999999,19167.0,3262.085783962129,0.2638522427440633,1134,1115,3,0,1112,1092,34909,22,0,0,22,23
2020-09-15,US,Iowa,Story,3175,17,0,42.03621213,-93.46499005,19169.0,3269.252551046676,0.5354330708661418,3158,3154,17,0,3137,3124,98105,21,0,0,21,30
2020-09-15,US,Iowa,Tama,673,30,0,42.07991767,-92.53266945,19171.0,3993.1173608638896,4.457652303120356,643,673,30,0,643,671,16904,0,0,0,0,2
2020-09-15,US,Iowa,Taylor,116,1,0,40.73710579,-94.69778563,19173.0,1895.115177258618,0.8620689655172413,115,116,1,0,115,116,6191,0,0,0,0,0
2020-09-15,US,Iowa,Unassigned,19,0,0,0.0,0.0,90019.0,0.0,0.0,19,13,0,0,13,12,,6,0,0,6,1
2020-09-15,US,Iowa,Union,105,3,0,41.0277278,-94.24234847,19175.0,857.7730577567193,2.8571428571428568,102,105,3,0,102,104,12359,0,0,0,0,1
2020-09-15,US,Iowa,Van Buren,108,1,0,40.75326764,-91.95017958,19177.0,1533.2197614991485,0.925925925925926,107,108,1,0,107,108,7020,0,0,0,0,0
2020-09-15,US,Iowa,Wapello,1199,57,0,41.03064984,-92.40954728,19179.0,3428.751179616232,4.75396163469558,1142,1199,57,0,1142,1194,35205,0,0,0,0,5
2020-09-15,US,Iowa,Warren,911,6,0,41.33559454,-93.56007641,19181.0,1770.1006489721372,0.6586169045005489,905,906,6,0,900,903,51056,5,0,0,5,3
2020-09-15,US,Iowa,Washington,405,11,0,41.33577126,-91.71725711,19183.0,1843.8424766674245,2.716049382716049,394,394,11,0,383,390,22141,11,0,0,11,4
2020-09-15,US,Iowa,Wayne,76,2,0,40.73969028,-93.32752197,19185.0,1179.9410029498524,2.631578947368421,74,76,2,0,74,73,6401,0,0,0,0,3
2020-09-15,US,Iowa,Webster,1161,14,0,42.42853483,-94.17987389,19187.0,3233.622994652407,1.205857019810508,1147,1148,14,0,1134,1147,36277,13,0,0,13,1
2020-09-15,US,Iowa,Winnebago,220,10,0,43.37751174,-93.73407298,19189.0,2124.782692679157,4.545454545454546,210,207,10,0,197,206,10518,13,0,0,13,1
2020-09-15,US,Iowa,Winneshiek,268,5,0,43.29094334,-91.84422722,19191.0,1340.6032714721625,1.8656716417910448,263,261,5,0,256,260,20029,7,0,0,7,1
2020-09-15,US,Iowa,Woodbury,4633,59,0,42.38979414,-96.0459439,19193.0,4493.3903614691535,1.2734729117202677,4574,4577,59,0,4518,4547,102539,56,0,0,56,30
2020-09-15,US,Iowa,Worth,99,0,0,43.37750768,-93.26087602,19195.0,1341.2816691505216,0.0,99,95,0,0,95,96,7453,4,0,0,4,-1
2020-09-15,US,Iowa,Wright,542,1,0,42.73305373,-93.73515113,19197.0,4314.599586053177,0.18450184501845016,541,540,1,0,539,540,12690,2,0,0,2,0
2020-09-15,US,Kansas,Allen,31,0,0,37.88582951,-95.30030847,20001.0,250.62656641604008,0.0,31,31,0,0,31,27,12444,0,0,0,0,4
2020-09-15,US,Kansas,Anderson,54,0,0,38.21413251,-95.29272815,20003.0,687.197760244337,0.0,54,54,0,0,54,47,7878,0,0,0,0,7
2020-09-15,US,Kansas,Atchison,299,1,0,39.53185661,-95.30870026,20005.0,1860.2625521060165,0.33444816053511706,298,299,1,0,298,281,16193,0,0,0,0,18
2020-09-15,US,Kansas,Barber,5,0,0,37.2288586,-98.68460053,20007.0,112.943302462164,0.0,5,5,0,0,5,4,4472,0,0,0,0,1
2020-09-15,US,Kansas,Barton,371,5,0,38.47889676,-98.75636726,20009.0,1439.1559020908496,1.3477088948787062,366,371,5,0,366,353,26111,0,0,0,0,18
2020-09-15,US,Kansas,Bourbon,118,2,0,37.85508555,-94.84865997,20011.0,811.8893628732628,1.6949152542372878,116,118,2,0,116,104,14653,0,0,0,0,14
2020-09-15,US,Kansas,Brown,80,3,0,39.82652589,-95.56421698,20013.0,836.4700961940613,3.75,77,80,3,0,77,80,9598,0,0,0,0,0
2020-09-15,US,Kansas,Butler,480,3,0,37.78134351,-96.83878537,20015.0,717.370835886476,0.625,477,474,3,0,471,470,66765,6,0,0,6,4
2020-09-15,US,Kansas,Chase,81,1,0,38.30292938,-96.59563862,20017.0,3058.912386706949,1.2345679012345678,80,81,1,0,80,81,2629,0,0,0,0,0
2020-09-15,US,Kansas,Chautauqua,13,0,0,37.14994405,-96.2454192,20019.0,400.0,0.0,13,13,0,0,13,12,3309,0,0,0,0,1
2020-09-15,US,Kansas,Cherokee,388,6,0,37.16928494,-94.8462897,20021.0,1945.935102061287,1.5463917525773196,382,372,3,0,369,372,20015,16,3,0,13,0
2020-09-15,US,Kansas,Cheyenne,10,0,0,39.78580976,-101.7318201,20023.0,376.3643206624012,0.0,10,10,0,0,10,10,2660,0,0,0,0,0
2020-09-15,US,Kansas,Clark,48,1,0,37.23577007,-99.81883015,20025.0,2407.221664994985,2.083333333333333,47,48,1,0,47,47,2005,0,0,0,0,1
2020-09-15,US,Kansas,Clay,40,2,0,39.34948772,-97.16518128,20027.0,499.8750312421894,5.0,38,40,2,0,38,40,7997,0,0,0,0,0
2020-09-15,US,Kansas,Cloud,62,0,0,39.48028352,-97.64925343,20029.0,705.6681083541997,0.0,62,62,0,0,62,61,8729,0,0,0,0,1
2020-09-15,US,Kansas,Coffey,101,8,0,38.2365018,-95.73379515,20031.0,1234.8697884826995,7.920792079207921,93,101,8,0,93,101,8233,0,0,0,0,0
2020-09-15,US,Kansas,Comanche,10,0,0,37.19114520000001,-99.27113247,20033.0,588.2352941176471,0.0,10,10,0,0,10,9,1748,0,0,0,0,1
2020-09-15,US,Kansas,Cowley,300,3,0,37.23781842,-96.83776647,20035.0,859.4018563080098,1.0,297,300,3,0,297,284,35218,0,0,0,0,16
2020-09-15,US,Kansas,Crawford,858,5,0,37.50675523,-94.85245778,20037.0,2210.3148024112525,0.5827505827505828,853,858,5,0,853,858,39019,0,0,0,0,0
2020-09-15,US,Kansas,Decatur,7,0,0,39.78468441,-100.45940809999999,20039.0,247.61230986911917,0.0,7,7,0,0,7,7,2871,0,0,0,0,0
2020-09-15,US,Kansas,Dickinson,94,1,0,38.86600962,-97.15532383,20041.0,509.04364778511865,1.0638297872340423,93,94,1,0,93,91,18717,0,0,0,0,3
2020-09-15,US,Kansas,Doniphan,89,0,0,39.79067154,-95.14056866,20043.0,1171.0526315789473,0.0,89,89,0,0,89,89,7682,0,0,0,0,0
2020-09-15,US,Kansas,Douglas,1938,10,0,38.88503636,-95.2925121,20045.0,1585.1593747699555,0.5159958720330238,1928,1898,10,0,1888,1826,121436,40,0,0,40,72
2020-09-15,US,Kansas,Edwards,36,0,0,37.88735543,-99.31263309,20047.0,1286.6333095067905,0.0,36,36,0,0,36,34,2849,0,0,0,0,2
2020-09-15,US,Kansas,Elk,1,0,0,37.45338105,-96.24369667,20049.0,39.52569169960474,0.0,1,1,0,0,1,1,2508,0,0,0,0,0
2020-09-15,US,Kansas,Ellis,698,3,0,38.91458712,-99.31751551,20051.0,2444.576752005043,0.4297994269340974,695,698,3,0,695,678,28710,0,0,0,0,20
2020-09-15,US,Kansas,Ellsworth,27,0,0,38.69677695,-98.20462799,20053.0,442.4778761061947,0.0,27,27,0,0,27,25,6196,0,0,0,0,2
2020-09-15,US,Kansas,Finney,1974,12,0,38.04340344,-100.73819379999999,20055.0,5413.113225656071,0.6079027355623101,1962,1968,12,0,1956,1951,36611,6,0,0,6,17
2020-09-15,US,Kansas,Ford,2514,10,0,37.69200114,-99.88825298,20057.0,7477.914274666112,0.3977724741447892,2504,2514,10,0,2504,2468,33888,0,0,0,0,46
2020-09-15,US,Kansas,Franklin,281,3,0,38.56443815,-95.28644341,20059.0,1100.062637018478,1.0676156583629892,278,284,3,0,281,276,25631,-3,0,0,-3,8
2020-09-15,US,Kansas,Geary,255,2,0,38.99871131,-96.7577178,20061.0,805.1784022734448,0.7843137254901961,253,256,2,0,254,253,32594,-1,0,0,-1,3
2020-09-15,US,Kansas,Gove,19,0,0,38.91588178,-100.4829321,20063.0,720.7890743550835,0.0,19,19,0,0,19,19,2612,0,0,0,0,0
2020-09-15,US,Kansas,Graham,30,1,0,39.34987223,-99.88332493,20065.0,1208.70265914585,3.333333333333333,29,30,1,0,29,29,2492,0,0,0,0,1
2020-09-15,US,Kansas,Grant,189,3,0,37.56227336,-101.3079758,20067.0,2643.3566433566434,1.5873015873015872,186,189,3,0,186,188,7336,0,0,0,0,1
2020-09-15,US,Kansas,Gray,117,0,0,37.73836671,-100.4369088,20069.0,1953.9078156312626,0.0,117,117,0,0,117,117,6033,0,0,0,0,0
2020-09-15,US,Kansas,Greeley,6,0,0,38.4808095,-101.8061079,20071.0,487.0129870129869,0.0,6,6,0,0,6,6,1227,0,0,0,0,0
2020-09-15,US,Kansas,Greenwood,45,0,0,37.8774388,-96.23250453,20073.0,752.2567703109328,0.0,45,45,0,0,45,45,6055,0,0,0,0,0
2020-09-15,US,Kansas,Hamilton,42,0,0,37.99978709,-101.7921066,20075.0,1654.1945647892871,0.0,42,42,0,0,42,42,2607,0,0,0,0,0
2020-09-15,US,Kansas,Harper,120,2,0,37.19175361,-98.07578384,20077.0,2207.5055187637968,1.6666666666666667,118,120,2,0,118,120,5506,0,0,0,0,0
2020-09-15,US,Kansas,Harvey,324,4,0,38.04293782,-97.42747573,20079.0,941.0671236457636,1.2345679012345678,320,324,4,0,320,318,34210,0,0,0,0,6
2020-09-15,US,Kansas,Haskell,88,1,0,37.562039399999996,-100.8710738,20081.0,2217.7419354838707,1.1363636363636365,87,88,1,0,87,88,3997,0,0,0,0,0
2020-09-15,US,Kansas,Hodgeman,19,0,0,38.08780079,-99.89829881,20083.0,1059.0858416945373,0.0,19,19,0,0,19,19,1818,0,0,0,0,0
2020-09-15,US,Kansas,Jackson,226,2,0,39.41673394,-95.79356799,20085.0,1715.890972591299,0.8849557522123894,224,226,2,0,224,224,13280,0,0,0,0,2
2020-09-15,US,Kansas,Jefferson,168,1,0,39.2347941,-95.38289232,20087.0,882.2139368796933,0.5952380952380952,167,158,0,0,158,146,18975,10,1,0,9,12
2020-09-15,US,Kansas,Jewell,14,1,0,39.78470589,-98.21820662,20089.0,486.2799583188608,7.142857142857142,13,14,1,0,13,14,2841,0,0,0,0,0
2020-09-15,US,Kansas,Johnson,9619,138,0,38.88548175,-94.82250877,20091.0,1596.776897780714,1.4346605676265725,9481,9513,134,0,9379,9428,597555,106,4,0,102,85
2020-09-15,US,Kansas,Kearny,78,1,0,38.00017981,-101.32168100000001,20093.0,2032.308494007296,1.2820512820512822,77,78,1,0,77,78,3943,0,0,0,0,0
2020-09-15,US,Kansas,Kingman,61,1,0,37.55909527,-98.13638678,20095.0,852.9082774049217,1.639344262295082,60,61,1,0,60,52,7310,0,0,0,0,9
2020-09-15,US,Kansas,Kiowa,17,0,0,37.55848695,-99.2856537,20097.0,686.8686868686867,0.0,17,17,0,0,17,15,2516,0,0,0,0,2
2020-09-15,US,Kansas,Labette,218,4,0,37.19113093,-95.29849679,20099.0,1111.2243857681724,1.834862385321101,214,211,4,0,207,206,19964,7,0,0,7,5
2020-09-15,US,Kansas,Lane,11,0,0,38.48119447,-100.46607540000001,20101.0,716.6123778501628,0.0,11,11,0,0,11,10,1560,0,0,0,0,1
2020-09-15,US,Kansas,Leavenworth,1823,9,0,39.20183497,-95.03620809,20103.0,2229.751217006287,0.4936917169500823,1814,1823,9,0,1814,1771,81352,0,0,0,0,52
2020-09-15,US,Kansas,Lincoln,10,0,0,39.04549684,-98.20756994,20105.0,337.609723160027,0.0,10,10,0,0,10,10,3023,0,0,0,0,0
2020-09-15,US,Kansas,Linn,63,0,0,38.21267844,-94.84254089,20107.0,649.2837266824694,0.0,63,63,0,0,63,57,9750,0,0,0,0,6
2020-09-15,US,Kansas,Logan,6,0,0,38.91735806,-101.148475,20109.0,214.74588403722262,0.0,6,6,0,0,6,6,2844,0,0,0,0,0
2020-09-15,US,Kansas,Lyon,1042,20,0,38.45576156,-96.15275715,20111.0,3139.026961891851,1.919385796545105,1022,1042,20,0,1022,1032,33406,0,0,0,0,10
2020-09-15,US,Kansas,Marion,71,1,0,38.35855394,-97.09852509999999,20115.0,597.4419387411648,1.4084507042253518,70,71,1,0,70,71,11950,0,0,0,0,0
2020-09-15,US,Kansas,Marshall,17,0,0,39.78359669,-96.52278974,20117.0,175.13134851138355,0.0,17,17,0,0,17,17,9722,0,0,0,0,0
2020-09-15,US,Kansas,McPherson,264,1,0,38.39184858,-97.64769869,20113.0,924.9527012823207,0.3787878787878788,263,264,1,0,263,259,28537,0,0,0,0,5
2020-09-15,US,Kansas,Meade,85,0,0,37.23859987,-100.36483100000001,20119.0,2107.612199355319,0.0,85,85,0,0,85,73,4146,0,0,0,0,12
2020-09-15,US,Kansas,Miami,298,1,0,38.56383358,-94.83832189,20121.0,870.4033647807927,0.3355704697986577,297,298,1,0,297,282,33680,0,0,0,0,16
2020-09-15,US,Kansas,Mitchell,44,0,0,39.39331582,-98.20906732,20123.0,735.9090148854324,0.0,44,44,0,0,44,40,6150,0,0,0,0,4
2020-09-15,US,Kansas,Montgomery,336,5,0,37.19236568,-95.74329258,20125.0,1055.6410820321091,1.488095238095238,331,324,5,0,319,324,32120,12,0,0,12,0
2020-09-15,US,Kansas,Morris,27,0,0,38.68827511,-96.65128437,20127.0,480.4270462633452,0.0,27,27,0,0,27,24,5521,0,0,0,0,3
2020-09-15,US,Kansas,Morton,14,2,0,37.19141121,-101.79925190000002,20129.0,541.1673753382296,14.285714285714285,12,14,2,0,12,14,2667,0,0,0,0,0
2020-09-15,US,Kansas,Nemaha,75,1,0,39.78345387,-96.01392079,20131.0,733.066171439742,1.3333333333333333,74,62,1,0,61,62,10155,13,0,0,13,0
2020-09-15,US,Kansas,Neosho,136,0,0,37.55862897,-95.30670046,20133.0,849.6282876241644,0.0,136,136,0,0,136,136,15951,0,0,0,0,0
2020-09-15,US,Kansas,Ness,56,5,0,38.47974157,-99.91547333,20135.0,2036.3636363636365,8.928571428571429,51,56,1,0,55,56,2840,0,4,0,-4,0
2020-09-15,US,Kansas,Norton,26,0,0,39.78443827,-99.90286639,20137.0,484.984144749114,0.0,26,26,0,0,26,25,5430,0,0,0,0,1
2020-09-15,US,Kansas,Osage,82,0,0,38.65235984,-95.72707998,20139.0,514.1388174807198,0.0,82,84,0,0,84,77,15941,-2,0,0,-2,7
2020-09-15,US,Kansas,Osborne,5,0,0,39.3503437,-98.76753828,20141.0,146.1560947091494,0.0,5,5,0,0,5,5,3475,0,0,0,0,0
2020-09-15,US,Kansas,Ottawa,48,0,0,39.13237408,-97.65020313,20143.0,841.5147265077139,0.0,48,48,0,0,48,48,5802,0,0,0,0,0
2020-09-15,US,Kansas,Pawnee,318,1,0,38.18108732,-99.23692334,20145.0,4957.904583723106,0.31446540880503143,317,318,1,0,317,318,6562,0,0,0,0,0
2020-09-15,US,Kansas,Phillips,77,8,0,39.78465501,-99.34668865,20147.0,1471.1501719526175,10.389610389610391,69,77,8,0,69,68,5317,0,0,0,0,9
2020-09-15,US,Kansas,Pottawatomie,190,0,0,39.37925655,-96.34564657,20149.0,779.2314317352252,0.0,190,190,0,0,190,188,24277,0,0,0,0,2
2020-09-15,US,Kansas,Pratt,59,0,0,37.64780729,-98.73922153,20151.0,643.8236577913575,0.0,59,59,0,0,59,58,9378,0,0,0,0,1
2020-09-15,US,Kansas,Rawlins,1,0,0,39.78525843,-101.07616170000001,20153.0,39.52569169960474,0.0,1,1,0,0,1,1,2508,0,0,0,0,0
2020-09-15,US,Kansas,Reno,857,3,0,37.95230263,-98.08607292,20155.0,1382.3026549243525,0.3500583430571762,854,852,3,0,849,850,62342,5,0,0,5,2
2020-09-15,US,Kansas,Republic,39,1,0,39.82799632,-97.65036709,20157.0,841.2424503882656,2.5641025641025643,38,39,1,0,38,39,4664,0,0,0,0,0
2020-09-15,US,Kansas,Rice,59,1,0,38.34616184,-98.19992118,20159.0,618.6431791968124,1.6949152542372878,58,59,1,0,58,50,9531,0,0,0,0,9
2020-09-15,US,Kansas,Riley,1386,8,0,39.28935726,-96.73420026,20161.0,1867.1193016488849,0.5772005772005772,1378,1386,8,0,1378,1322,73703,0,0,0,0,64
2020-09-15,US,Kansas,Rooks,44,0,0,39.35022773,-99.32484567,20163.0,894.3089430894307,0.0,44,44,0,0,44,41,5013,0,0,0,0,3
2020-09-15,US,Kansas,Rush,40,0,0,38.52275276,-99.30863983,20165.0,1317.5230566534915,0.0,40,40,0,0,40,34,3093,0,0,0,0,6
2020-09-15,US,Kansas,Russell,71,0,0,38.91462787,-98.76254297,20167.0,1035.5892648774795,0.0,71,71,0,0,71,65,6907,0,0,0,0,6
2020-09-15,US,Kansas,Saline,588,9,0,38.78369175,-97.65185177,20169.0,1084.3906757155503,1.5306122448979589,579,588,9,0,579,567,54401,0,0,0,0,21
2020-09-15,US,Kansas,Scott,102,1,0,38.48222076,-100.90665390000001,20171.0,2114.866265809662,0.9803921568627452,101,100,1,0,99,100,4897,2,0,0,2,0
2020-09-15,US,Kansas,Sedgwick,7719,69,0,37.6842718,-97.4608198,20173.0,1495.8084807050589,0.8938981733385154,7650,7688,68,0,7620,7511,513607,31,1,0,30,177
2020-09-15,US,Kansas,Seward,1555,5,0,37.19324632,-100.85072009999999,20175.0,7256.8601829382105,0.3215434083601286,1550,1518,5,0,1513,1518,21780,37,0,0,37,0
2020-09-15,US,Kansas,Shawnee,2464,27,0,39.04100763,-95.75572640000001,20177.0,1393.0742049469964,1.0957792207792207,2437,2460,27,0,2433,2415,177499,4,0,0,4,45
2020-09-15,US,Kansas,Sheridan,12,0,0,39.35018161,-100.44182590000001,20179.0,476.0015866719557,0.0,12,12,0,0,12,12,2533,0,0,0,0,0
2020-09-15,US,Kansas,Sherman,19,0,0,39.35147699,-101.71976240000001,20181.0,321.1086699340882,0.0,19,19,0,0,19,19,5899,0,0,0,0,0
2020-09-15,US,Kansas,Smith,6,0,0,39.78516566,-98.78566062,20183.0,167.45743790120008,0.0,6,6,0,0,6,5,3603,0,0,0,0,1
2020-09-15,US,Kansas,Stafford,52,1,0,38.03100851,-98.71762001,20185.0,1251.2030798845046,1.9230769230769231,51,52,1,0,51,49,4178,0,0,0,0,3
2020-09-15,US,Kansas,Stanton,48,2,0,37.56304714,-101.78435340000001,20187.0,2392.8215353938185,4.166666666666667,46,48,2,0,46,48,1987,0,0,0,0,0
2020-09-15,US,Kansas,Stevens,100,0,0,37.1923008,-101.3118967,20189.0,1823.1540565177759,0.0,100,100,0,0,100,94,5559,0,0,0,0,6
2020-09-15,US,Kansas,Sumner,165,3,0,37.23682549,-97.47721621,20191.0,722.543352601156,1.818181818181818,162,165,3,0,162,155,22996,0,0,0,0,10
2020-09-15,US,Kansas,Thomas,101,0,0,39.35107575,-101.0553705,20193.0,1298.7012987012986,0.0,101,98,0,0,98,92,7711,3,0,0,3,6
2020-09-15,US,Kansas,Trego,43,3,0,38.91467218,-99.87284448,20195.0,1534.0706386014983,6.9767441860465125,40,42,3,0,39,42,2793,1,0,0,1,0
2020-09-15,US,Kansas,Wabaunsee,65,1,0,38.95471985,-96.20350509,20197.0,937.8156110229404,1.5384615384615383,64,65,1,0,64,65,6899,0,0,0,0,0
2020-09-15,US,Kansas,Wallace,14,0,0,38.91686134,-101.76388759999999,20199.0,922.266139657444,0.0,14,14,0,0,14,12,1503,0,0,0,0,2
2020-09-15,US,Kansas,Washington,16,0,0,39.78420784,-97.08753229999999,20201.0,295.96744358120606,0.0,16,16,0,0,16,16,5420,0,0,0,0,0
2020-09-15,US,Kansas,Wichita,5,0,0,38.48178252,-101.3471509,20203.0,235.96035865974517,0.0,5,5,0,0,5,5,2105,0,0,0,0,0
2020-09-15,US,Kansas,Wilson,56,1,0,37.55937174,-95.74323255,20205.0,656.891495601173,1.7857142857142858,55,56,1,0,55,51,8665,0,0,0,0,5
2020-09-15,US,Kansas,Woodson,12,0,0,37.8865336,-95.74006277,20207.0,382.4091778202677,0.0,12,12,0,0,12,12,3183,0,0,0,0,0
2020-09-15,US,Kansas,Wyandotte,6504,128,0,39.11727348,-94.76378225,20209.0,3931.596032134632,1.9680196801968017,6376,6468,126,0,6342,6451,165324,36,2,0,34,17
2020-09-15,US,Kentucky,Adair,282,19,0,37.10459774,-85.28129668,21001.0,1468.5970211436304,6.73758865248227,263,282,19,0,263,281,19215,0,0,0,0,1
2020-09-15,US,Kentucky,Allen,296,9,0,36.75197631,-86.19457544,21003.0,1388.6934083978422,3.0405405405405403,287,296,9,0,287,294,21122,0,0,0,0,2
2020-09-15,US,Kentucky,Anderson,132,1,0,38.00671029,-84.99171713,21005.0,580.2963028091616,0.7575757575757576,131,133,1,0,132,132,22663,-1,0,0,-1,1
2020-09-15,US,Kentucky,Ballard,48,1,0,37.05842757,-88.99427697,21007.0,608.5192697768762,2.083333333333333,47,48,1,0,47,46,7979,0,0,0,0,2
2020-09-15,US,Kentucky,Barren,594,13,0,36.96469836,-85.93338945,21009.0,1342.4032181518226,2.1885521885521886,581,585,13,0,572,584,44176,9,0,0,9,1
2020-09-15,US,Kentucky,Bath,72,1,0,38.14735938,-83.74588932,21011.0,576.0,1.3888888888888888,71,71,1,0,70,71,12383,1,0,0,1,0
2020-09-15,US,Kentucky,Bell,454,11,0,36.73355174,-83.67766671,21013.0,1744.0073755377994,2.4229074889867843,443,450,11,0,439,450,26569,4,0,0,4,0
2020-09-15,US,Kentucky,Boone,1436,25,0,38.97065142,-84.72615357,21015.0,1075.0031815901962,1.7409470752089136,1411,1423,25,0,1398,1417,131533,13,0,0,13,6
2020-09-15,US,Kentucky,Bourbon,153,1,0,38.2054607,-84.21827874,21017.0,773.1958762886599,0.6535947712418301,152,146,1,0,145,145,20184,7,0,0,7,1
2020-09-15,US,Kentucky,Boyd,357,4,0,38.36176608,-82.68652187,21019.0,764.1594246329038,1.1204481792717087,353,351,4,0,347,348,47240,6,0,0,6,3
2020-09-15,US,Kentucky,Boyle,241,0,0,37.62680923,-84.8633779,21021.0,801.729873586161,0.0,241,237,0,0,237,237,30100,4,0,0,4,0
2020-09-15,US,Kentucky,Bracken,39,0,0,38.69158994,-84.08532444,21023.0,469.70974346621705,0.0,39,38,0,0,38,37,8239,1,0,0,1,1
2020-09-15,US,Kentucky,Breathitt,76,0,0,37.52333168,-83.31959161,21025.0,601.7418844022169,0.0,76,70,0,0,70,68,12726,6,0,0,6,2
2020-09-15,US,Kentucky,Breckinridge,116,2,0,37.77377239,-86.42885017,21027.0,566.4892318210675,1.7241379310344829,114,116,2,0,114,115,20388,0,0,0,0,1
2020-09-15,US,Kentucky,Bullitt,749,9,0,37.97162523,-85.68955617,21029.0,917.0380527939664,1.2016021361815754,740,739,8,0,731,729,81069,10,1,0,9,10
2020-09-15,US,Kentucky,Butler,331,16,0,37.20946153,-86.68748787,21031.0,2570.075316406553,4.833836858006042,315,329,16,0,313,328,12772,2,0,0,2,1
2020-09-15,US,Kentucky,Caldwell,109,0,0,37.14749129,-87.86948214,21033.0,855.1031615282028,0.0,109,104,0,0,104,102,12715,5,0,0,5,2
2020-09-15,US,Kentucky,Calloway,498,8,0,36.62093411,-88.2731593,21035.0,1276.8903361452271,1.606425702811245,490,494,8,0,486,487,39135,4,0,0,4,7
2020-09-15,US,Kentucky,Campbell,787,16,0,38.94384345,-84.37875208,21037.0,840.9557189263122,2.0330368487928845,771,783,16,0,767,779,93152,4,0,0,4,4
2020-09-15,US,Kentucky,Carlisle,68,1,0,36.85372876,-88.96692220000001,21039.0,1428.5714285714291,1.4705882352941178,67,68,1,0,67,66,4771,0,0,0,0,2
2020-09-15,US,Kentucky,Carroll,195,5,0,38.66599534,-85.12601074,21041.0,1834.2583011946194,2.5641025641025643,190,195,5,0,190,195,10737,0,0,0,0,0
2020-09-15,US,Kentucky,Carter,149,3,0,38.31690743,-83.05092385,21043.0,556.0323916856364,2.0134228187919465,146,145,3,0,142,145,27004,4,0,0,4,0
2020-09-15,US,Kentucky,Casey,265,15,0,37.32533118,-84.92726209,21045.0,1639.9529673865954,5.660377358490566,250,265,15,0,250,266,15888,0,0,0,0,-1
2020-09-15,US,Kentucky,Christian,1007,15,0,36.89267803,-87.49055367,21047.0,1429.1593931394668,1.4895729890764648,992,1004,15,0,989,1002,71671,3,0,0,3,2
2020-09-15,US,Kentucky,Clark,293,8,0,37.9689263,-84.14615986,21049.0,807.9861015360008,2.7303754266211606,285,286,8,0,278,285,36249,7,0,0,7,1
2020-09-15,US,Kentucky,Clay,263,6,0,37.16451126,-83.712575,21051.0,1321.5416310738153,2.281368821292776,257,261,6,0,255,257,20105,2,0,0,2,4
2020-09-15,US,Kentucky,Clinton,101,2,0,36.72581156,-85.13377529,21053.0,988.4517518105304,1.98019801980198,99,99,2,0,97,98,10206,2,0,0,2,1
2020-09-15,US,Kentucky,Crittenden,113,1,0,37.35839237,-88.08826090000002,21055.0,1283.2159890983419,0.8849557522123894,112,99,1,0,98,98,8915,14,0,0,14,1
2020-09-15,US,Kentucky,Cumberland,92,0,0,36.78926125,-85.39050034,21057.0,1390.9888116117331,0.0,92,92,0,0,92,92,6659,0,0,0,0,0
2020-09-15,US,Kentucky,Daviess,1163,12,0,37.73028906,-87.09019479999998,21059.0,1145.6886445803902,1.0318142734307825,1151,1146,12,0,1134,1142,101104,17,0,0,17,4
2020-09-15,US,Kentucky,Edmonson,124,12,0,37.21218923,-86.23955613,21061.0,1020.5761316872428,9.677419354838712,112,123,12,0,111,123,12274,1,0,0,1,0
2020-09-15,US,Kentucky,Elliott,32,0,0,38.11624059,-83.09771563,21063.0,425.7017427165093,0.0,32,32,0,0,32,32,7508,0,0,0,0,0
2020-09-15,US,Kentucky,Estill,75,0,0,37.69241417,-83.95956369,21065.0,531.6886431305827,0.0,75,74,0,0,74,72,14198,1,0,0,1,2
2020-09-15,US,Kentucky,Fayette,5046,63,0,38.0368225,-84.45576892,21067.0,1561.4942813289106,1.248513674197384,4983,4991,63,0,4928,4951,323780,55,0,0,55,40
2020-09-15,US,Kentucky,Fleming,75,0,0,38.36758311,-83.69657514,21069.0,514.3680131678211,0.0,75,75,0,0,75,75,14432,0,0,0,0,0
2020-09-15,US,Kentucky,Floyd,165,2,0,37.56213922,-82.74750924,21071.0,463.626401416168,1.2121212121212122,163,162,2,0,160,162,35845,3,0,0,3,0
2020-09-15,US,Kentucky,Franklin,577,11,0,38.2379395,-84.87962551,21073.0,1131.5722382381205,1.9064124783362215,566,566,11,0,555,566,50815,11,0,0,11,0
2020-09-15,US,Kentucky,Fulton,133,2,0,36.55238827,-89.20140068,21075.0,2228.178924442955,1.5037593984962403,131,131,2,0,129,130,6120,2,0,0,2,1
2020-09-15,US,Kentucky,Gallatin,96,8,0,38.75398691,-84.8558382,21077.0,1082.4219190438607,8.333333333333334,88,96,8,0,88,94,8832,0,0,0,0,2
2020-09-15,US,Kentucky,Garrard,139,3,0,37.638866799999995,-84.53289319,21079.0,786.8221442318578,2.1582733812949644,136,139,3,0,136,139,17560,0,0,0,0,0
2020-09-15,US,Kentucky,Grant,149,6,0,38.64962758,-84.62415957,21081.0,594.3595675934422,4.026845637583893,143,146,6,0,140,146,25121,3,0,0,3,0
2020-09-15,US,Kentucky,Graves,693,29,0,36.72292505,-88.65143315,21083.0,1859.6039285139268,4.1847041847041835,664,691,29,0,662,687,37317,2,0,0,2,4
2020-09-15,US,Kentucky,Grayson,350,13,0,37.46231118,-86.34248968,21085.0,1324.4030726151284,3.7142857142857135,337,345,13,0,332,344,26321,5,0,0,5,1
2020-09-15,US,Kentucky,Green,234,8,0,37.26484328,-85.5540745,21087.0,2138.7441732931175,3.418803418803418,226,231,8,0,223,230,11049,3,0,0,3,1
2020-09-15,US,Kentucky,Greenup,318,2,0,38.54332505,-82.9215658,21089.0,906.0345318821584,0.6289308176100629,316,315,2,0,313,310,35268,3,0,0,3,5
2020-09-15,US,Kentucky,Hancock,69,0,0,37.83766422,-86.78280584,21091.0,791.1029580371477,0.0,69,67,0,0,67,67,8758,2,0,0,2,0
2020-09-15,US,Kentucky,Hardin,1135,10,0,37.6976111,-85.96319251,21093.0,1022.9095693866146,0.8810572687224669,1125,1102,10,0,1092,1091,110356,33,0,0,33,11
2020-09-15,US,Kentucky,Harlan,353,10,0,36.85699301,-83.21899516,21095.0,1357.1703191080353,2.8328611898016995,343,352,10,0,342,351,26409,1,0,0,1,1
2020-09-15,US,Kentucky,Harrison,165,0,0,38.44188174,-84.32869741,21097.0,873.6630308164778,0.0,165,165,0,0,165,164,18778,0,0,0,0,1
2020-09-15,US,Kentucky,Hart,158,1,0,37.29943898,-85.88461055,21099.0,830.0499080640925,0.6329113924050633,157,158,1,0,157,158,18906,0,0,0,0,0
2020-09-15,US,Kentucky,Henderson,583,3,0,37.79344553,-87.57392021,21101.0,1289.5377128953771,0.5145797598627787,580,575,3,0,572,573,45591,8,0,0,8,2
2020-09-15,US,Kentucky,Henry,175,2,0,38.44942688,-85.11587507,21103.0,1085.2040183554511,1.1428571428571428,173,175,2,0,173,175,16106,0,0,0,0,0
2020-09-15,US,Kentucky,Hickman,73,0,0,36.67948079999999,-88.97875928,21105.0,1666.666666666667,0.0,73,72,0,0,72,71,4421,1,0,0,1,1
2020-09-15,US,Kentucky,Hopkins,577,38,0,37.30939025,-87.54670406,21107.0,1291.2321532471021,6.58578856152513,539,568,37,0,531,568,45068,9,1,0,8,0
2020-09-15,US,Kentucky,Jackson,332,15,0,37.41866422,-83.99825483,21109.0,2490.809513091755,4.518072289156627,317,326,15,0,311,323,13442,6,0,0,6,3
2020-09-15,US,Kentucky,Jefferson,13896,293,0,38.18664655,-85.65931031,21111.0,1812.30820194664,2.1085204375359816,13603,13784,289,0,13495,13697,770517,112,4,0,108,87
2020-09-15,US,Kentucky,Jessamine,545,0,0,37.87119786,-84.58252003,21113.0,1007.1144784255753,0.0,545,539,0,0,539,539,53920,6,0,0,6,0
2020-09-15,US,Kentucky,Johnson,136,1,0,37.85106355,-82.8264322,21115.0,612.9439336578331,0.7352941176470589,135,136,1,0,135,136,22386,0,0,0,0,0
2020-09-15,US,Kentucky,Kenton,1894,45,0,38.93950319,-84.53241199,21117.0,1134.145319105618,2.3759239704329462,1849,1877,44,0,1833,1872,166051,17,1,0,16,5
2020-09-15,US,Kentucky,Knott,113,1,0,37.35388197,-82.94981134,21119.0,763.2041064433338,0.8849557522123894,112,110,1,0,109,107,15126,3,0,0,3,3
2020-09-15,US,Kentucky,Knox,416,9,0,36.89225732,-83.85403396,21121.0,1335.6879113822442,2.1634615384615383,407,408,9,0,399,409,31304,8,0,0,8,-1
2020-09-15,US,Kentucky,Larue,106,1,0,37.54567114,-85.70138352,21123.0,736.2133629670788,0.9433962264150944,105,104,1,0,103,104,14307,2,0,0,2,0
2020-09-15,US,Kentucky,Laurel,704,5,0,37.10975748,-84.11321779,21125.0,1157.6472135891995,0.7102272727272727,699,699,5,0,694,690,60669,5,0,0,5,9
2020-09-15,US,Kentucky,Lawrence,52,0,0,38.07136018,-82.72882223,21127.0,339.4920676372658,0.0,52,53,0,0,53,53,15571,-1,0,0,-1,0
2020-09-15,US,Kentucky,Lee,15,0,0,37.59645942,-83.71513901,21129.0,202.6205592327435,0.0,15,15,0,0,15,15,7033,0,0,0,0,0
2020-09-15,US,Kentucky,Leslie,47,0,0,37.09246661,-83.37999606,21131.0,475.8529917991293,0.0,47,45,0,0,45,45,10143,2,0,0,2,0
2020-09-15,US,Kentucky,Letcher,96,2,0,37.12306748,-82.85346474,21133.0,445.41363151301437,2.083333333333333,94,96,2,0,94,94,21899,0,0,0,0,2
2020-09-15,US,Kentucky,Lewis,211,14,0,38.53184419,-83.37735618,21135.0,1589.4538606403014,6.6350710900473935,197,210,14,0,196,207,13257,1,0,0,1,3
2020-09-15,US,Kentucky,Lincoln,165,12,0,37.45475628,-84.6565327,21137.0,672.1251374801418,7.272727272727272,153,164,12,0,152,161,24644,1,0,0,1,3
2020-09-15,US,Kentucky,Livingston,73,1,0,37.21137452,-88.34797529,21139.0,793.9960844028716,1.3698630136986298,72,72,1,0,71,70,9242,1,0,0,1,2
2020-09-15,US,Kentucky,Logan,531,27,0,36.85949479,-86.877635,21141.0,1959.2649988930707,5.084745762711863,504,481,27,0,454,481,26989,50,0,0,50,0
2020-09-15,US,Kentucky,Lyon,56,4,0,37.02080035,-88.07886257,21143.0,682.095006090134,7.142857142857142,52,59,4,0,55,59,8009,-3,0,0,-3,0
2020-09-15,US,Kentucky,Madison,1438,4,0,37.71659336,-84.27220275,21151.0,1546.4527299514987,0.27816411682892905,1434,1406,4,0,1402,1398,92368,32,0,0,32,8
2020-09-15,US,Kentucky,Magoffin,79,0,0,37.70820545,-83.0657714,21153.0,649.6176301291013,0.0,79,78,0,0,78,77,12362,1,0,0,1,1
2020-09-15,US,Kentucky,Marion,210,7,0,37.55218078,-85.26898542,21155.0,1089.6072225393036,3.333333333333333,203,205,7,0,198,205,19404,5,0,0,5,0
2020-09-15,US,Kentucky,Marshall,239,2,0,36.88007070000001,-88.32803576,21157.0,768.4887459807074,0.8368200836820083,237,237,2,0,235,236,31191,2,0,0,2,1
2020-09-15,US,Kentucky,Martin,62,2,0,37.79990579,-82.51247478,21159.0,553.8186690486824,3.2258064516129035,60,62,2,0,60,62,11323,0,0,0,0,0
2020-09-15,US,Kentucky,Mason,118,2,0,38.59471935,-83.82151043,21161.0,691.2712360867018,1.6949152542372878,116,118,2,0,116,118,17150,0,0,0,0,0
2020-09-15,US,Kentucky,McCracken,633,6,0,37.05350953,-88.70445755,21145.0,967.6235898376593,0.9478672985781992,627,618,6,0,612,611,65346,15,0,0,15,7
2020-09-15,US,Kentucky,McCreary,131,0,0,36.73874143,-84.48102924,21147.0,760.2576751204225,0.0,131,128,0,0,128,128,17408,3,0,0,3,0
2020-09-15,US,Kentucky,McLean,64,1,0,37.5301951,-87.26803443,21149.0,695.1232757684372,1.5625,63,63,1,0,62,63,9252,1,0,0,1,0
2020-09-15,US,Kentucky,Meade,166,3,0,37.96163597,-86.21028219,21163.0,580.9883802323952,1.8072289156626504,163,162,3,0,159,159,28715,4,0,0,4,3
2020-09-15,US,Kentucky,Menifee,41,0,0,37.94090733,-83.59985712,21165.0,631.8384959161658,0.0,41,40,0,0,40,40,6451,1,0,0,1,0
2020-09-15,US,Kentucky,Mercer,171,1,0,37.81474237,-84.87488475,21167.0,779.6471070988921,0.5847953216374269,170,165,1,0,164,165,21774,6,0,0,6,0
2020-09-15,US,Kentucky,Metcalfe,100,2,0,36.99459295,-85.63123699,21169.0,992.950054612253,2.0,98,98,2,0,96,96,10030,2,0,0,2,2
2020-09-15,US,Kentucky,Monroe,188,4,0,36.71225341,-85.71596443,21171.0,1765.258215962441,2.127659574468085,184,185,4,0,181,183,10718,3,0,0,3,2
2020-09-15,US,Kentucky,Montgomery,221,1,0,38.03253032,-83.9145241,21173.0,784.8847533473025,0.4524886877828054,220,220,1,0,219,220,28203,1,0,0,1,0
2020-09-15,US,Kentucky,Morgan,50,0,0,37.92465657,-83.25558245,21175.0,375.68562626793886,0.0,50,50,0,0,50,50,13345,0,0,0,0,0
2020-09-15,US,Kentucky,Muhlenberg,707,12,0,37.21425819,-87.14632053,21177.0,2308.797596499249,1.6973125884016973,695,701,12,0,689,694,30774,6,0,0,6,7
2020-09-15,US,Kentucky,Nelson,451,4,0,37.80335779,-85.4657193,21179.0,975.4936949797763,0.8869179600886918,447,443,4,0,439,440,45851,8,0,0,8,3
2020-09-15,US,Kentucky,Nicholas,29,1,0,38.33342292,-84.01889177,21181.0,398.95446416288354,3.4482758620689653,28,29,1,0,28,29,7166,0,0,0,0,0
2020-09-15,US,Kentucky,Ohio,412,9,0,37.47751843,-86.85368087,21183.0,1717.0959406518296,2.184466019417476,403,410,9,0,401,410,24087,2,0,0,2,0
2020-09-15,US,Kentucky,Oldham,976,25,0,38.39791089,-85.448222,21185.0,1461.0997170616324,2.5614754098360657,951,955,25,0,930,951,66470,21,0,0,21,4
2020-09-15,US,Kentucky,Owen,89,2,0,38.51679143,-84.82404619,21187.0,816.4388588202918,2.247191011235955,87,89,2,0,87,89,10880,0,0,0,0,0
2020-09-15,US,Kentucky,Owsley,37,1,0,37.42823949,-83.68811419,21189.0,838.0520951302377,2.702702702702702,36,37,1,0,36,37,4472,0,0,0,0,0
2020-09-15,US,Kentucky,Pendleton,88,0,0,38.69607718,-84.35599463,21191.0,603.1528444139823,0.0,88,88,0,0,88,83,14529,0,0,0,0,5
2020-09-15,US,Kentucky,Perry,311,8,0,37.25023553,-83.22922731,21193.0,1207.391878251417,2.5723472668810294,303,310,8,0,302,308,26092,1,0,0,1,2
2020-09-15,US,Kentucky,Pike,373,3,0,37.47088263,-82.39487445,21195.0,644.4813048586633,0.8042895442359249,370,369,3,0,366,369,58402,4,0,0,4,0
2020-09-15,US,Kentucky,Powell,88,0,0,37.83218794,-83.82553961,21197.0,712.0317177765191,0.0,88,87,0,0,87,86,12442,1,0,0,1,1
2020-09-15,US,Kentucky,Pulaski,697,9,0,37.10466131,-84.57629079,21199.0,1072.6542421397685,1.2912482065997128,688,691,9,0,682,687,64623,6,0,0,6,4
2020-09-15,US,Kentucky,Robertson,12,0,0,38.51923469,-84.05055616,21201.0,569.2599620493359,0.0,12,12,0,0,12,12,2135,0,0,0,0,0
2020-09-15,US,Kentucky,Rockcastle,154,1,0,37.36642393,-84.31176452,21203.0,922.4318658280922,0.6493506493506493,153,154,1,0,153,153,16750,0,0,0,0,1
2020-09-15,US,Kentucky,Rowan,194,1,0,38.19484205,-83.42088935,21205.0,793.1316434995912,0.5154639175257731,193,188,1,0,187,188,24583,6,0,0,6,0
2020-09-15,US,Kentucky,Russell,230,6,0,36.99308373,-85.06070117,21207.0,1283.2673101601295,2.608695652173913,224,226,6,0,220,225,17821,4,0,0,4,1
2020-09-15,US,Kentucky,Scott,695,8,0,38.29622293,-84.5816631,21209.0,1219.2126868289945,1.1510791366906474,687,689,8,0,681,683,56031,6,0,0,6,6
2020-09-15,US,Kentucky,Shelby,994,24,0,38.21476019,-85.194223,21211.0,2027.5783289817236,2.414486921529175,970,983,24,0,959,978,48518,11,0,0,11,5
2020-09-15,US,Kentucky,Simpson,252,8,0,36.74058474,-86.58047435,21213.0,1356.8813267284086,3.1746031746031744,244,248,8,0,240,248,18529,4,0,0,4,0
2020-09-15,US,Kentucky,Spencer,189,0,0,38.03223971,-85.32749335,21215.0,976.6937109193324,0.0,189,188,0,0,188,188,18794,1,0,0,1,0
2020-09-15,US,Kentucky,Taylor,265,6,0,37.3677562,-85.3329931,21217.0,1028.3674182156856,2.2641509433962264,259,250,6,0,244,245,25549,15,0,0,15,5
2020-09-15,US,Kentucky,Todd,174,8,0,36.8381152,-87.17878374,21219.0,1415.3245485602731,4.597701149425287,166,170,8,0,162,169,12311,4,0,0,4,1
2020-09-15,US,Kentucky,Trigg,144,0,0,36.80767017,-87.87333656,21221.0,982.8680636134053,0.0,144,138,0,0,138,137,14643,6,0,0,6,1
2020-09-15,US,Kentucky,Trimble,52,0,0,38.61056487,-85.33775972,21223.0,613.8590485184748,0.0,52,52,0,0,52,51,8515,0,0,0,0,1
2020-09-15,US,Kentucky,Union,214,1,0,37.66166713,-87.94300009,21225.0,1488.074542799527,0.4672897196261682,213,212,1,0,211,210,14505,2,0,0,2,2
2020-09-15,US,Kentucky,Warren,3991,40,0,36.99903045,-86.42672751,21227.0,3003.1001685528536,1.0022550739163116,3951,3944,38,0,3906,3942,131264,47,2,0,45,2
2020-09-15,US,Kentucky,Washington,140,1,0,37.75599461,-85.17407732,21229.0,1157.5031004547334,0.7142857142857143,139,140,1,0,139,139,12084,0,0,0,0,1
2020-09-15,US,Kentucky,Wayne,124,0,0,36.80310688,-84.8251971,21231.0,609.846063050214,0.0,124,120,0,0,120,116,20468,4,0,0,4,4
2020-09-15,US,Kentucky,Webster,132,2,0,37.52168356,-87.67989953,21233.0,1019.9350950394066,1.5151515151515151,130,132,2,0,130,130,13111,0,0,0,0,2
2020-09-15,US,Kentucky,Whitley,246,2,0,36.75700531,-84.14541217,21235.0,678.3587028457973,0.8130081300813008,244,241,2,0,239,237,36242,5,0,0,5,4
2020-09-15,US,Kentucky,Wolfe,30,0,0,37.73941626,-83.49303612,21237.0,419.17004331423783,0.0,30,30,0,0,30,30,7177,0,0,0,0,0
2020-09-15,US,Kentucky,Woodford,238,0,0,38.04178222,-84.7417556,21239.0,890.2521134136307,0.0,238,237,0,0,237,233,26533,1,0,0,1,4
2020-09-15,US,Louisiana,Acadia,2897,94,0,30.295064899999996,-92.41419698,22001.0,4669.1917156902255,3.2447359337245425,2803,2891,94,0,2797,2889,62190,6,0,0,6,2
2020-09-15,US,Louisiana,Allen,1522,45,0,30.65385745,-92.82442028,22003.0,5939.04865961681,2.9566360052562417,1477,1514,45,0,1469,1512,25605,8,0,0,8,2
2020-09-15,US,Louisiana,Ascension,3610,96,0,30.20406249,-90.91328409999998,22005.0,2851.410697924236,2.659279778393352,3514,3588,95,0,3493,3571,124672,22,1,0,21,17
2020-09-15,US,Louisiana,Assumption,734,24,0,29.89946234,-91.06461642,22007.0,3352.9761089032013,3.2697547683923704,710,729,23,0,706,721,22300,5,1,0,4,8
2020-09-15,US,Louisiana,Avoyelles,1431,49,0,31.07796211,-92.00079449,22009.0,3564.6671980868873,3.424178895877009,1382,1426,49,0,1377,1419,40462,5,0,0,5,7
2020-09-15,US,Louisiana,Beauregard,966,37,0,30.64836518,-93.34173616,22011.0,2576.206096487719,3.8302277432712217,929,969,36,0,933,970,37253,-3,1,0,-4,-1
2020-09-15,US,Louisiana,Bienville,445,32,0,32.34569994,-93.05398492,22013.0,3360.7733554867464,7.191011235955057,413,442,32,0,410,441,13308,3,0,0,3,1
2020-09-15,US,Louisiana,Bossier,2952,103,0,32.67932307,-93.60460152,22015.0,2323.695872920914,3.489159891598916,2849,2942,102,0,2840,2926,127185,10,1,0,9,16
2020-09-15,US,Louisiana,Caddo,7929,337,0,32.57991587,-93.88375652,22017.0,3300.9441974321826,4.250220708790517,7592,7926,334,0,7592,7908,242922,3,3,0,0,18
2020-09-15,US,Louisiana,Calcasieu,7632,203,0,30.22931235,-93.35400434,22019.0,3751.5483985135374,2.659853249475891,7429,7632,202,0,7430,7623,203112,0,1,0,-1,9
2020-09-15,US,Louisiana,Caldwell,298,3,0,32.0902519,-92.11752148,22021.0,3004.6380318612623,1.0067114093959733,295,298,3,0,295,295,9960,0,0,0,0,3
2020-09-15,US,Louisiana,Cameron,216,1,0,29.87592238,-93.19310676,22023.0,3097.662412161193,0.462962962962963,215,209,1,0,208,208,6968,7,0,0,7,1
2020-09-15,US,Louisiana,Catahoula,421,9,0,31.66778967,-91.84526385,22025.0,4434.379608173584,2.1377672209026133,412,420,8,0,412,419,9608,1,1,0,0,1
2020-09-15,US,Louisiana,Claiborne,476,18,0,32.82308512,-92.99526883,22027.0,3037.6515634971283,3.7815126050420167,458,477,18,0,459,465,15944,-1,0,0,-1,12
2020-09-15,US,Louisiana,Concordia,497,12,0,31.44817835,-91.63814433,22029.0,2580.611662080067,2.414486921529175,485,497,12,0,485,496,19572,0,0,0,0,1
2020-09-15,US,Louisiana,De Soto,860,34,0,32.05457447,-93.74130302,22031.0,3131.485999344573,3.953488372093023,826,857,34,0,823,857,27436,3,0,0,3,0
2020-09-15,US,Louisiana,East Baton Rouge,14681,433,0,30.53842039,-91.09777565,22033.0,3336.1435625677477,2.9493903685035088,14248,14674,432,0,14242,14588,440956,7,1,0,6,86
2020-09-15,US,Louisiana,East Carroll,537,4,0,32.73926954,-91.23425694,22035.0,7826.847398338435,0.74487895716946,533,538,4,0,534,539,7037,-1,0,0,-1,-1
2020-09-15,US,Louisiana,East Feliciana,1687,64,0,30.84425359,-91.04976723,22037.0,8816.30519989548,3.7937166567871965,1623,1675,60,0,1615,1669,19305,12,4,0,8,6
2020-09-15,US,Louisiana,Evangeline,1270,30,0,30.72985248,-92.39915924,22039.0,3802.964515646055,2.3622047244094486,1240,1265,30,0,1235,1262,33443,5,0,0,5,3
2020-09-15,US,Louisiana,Franklin,1162,35,0,32.13675181,-91.67589857,22041.0,5805.645765675744,3.0120481927710845,1127,1163,35,0,1128,1145,20156,-1,0,0,-1,18
2020-09-15,US,Louisiana,Grant,474,30,0,31.59882456,-92.56124347,22043.0,2117.111081334584,6.329113924050633,444,470,30,0,440,471,22482,4,0,0,4,-1
2020-09-15,US,Louisiana,Iberia,2849,89,0,29.86803617,-91.75871777,22045.0,4079.9083488471997,3.1239031239031236,2760,2847,89,0,2758,2844,70941,2,0,0,2,3
2020-09-15,US,Louisiana,Iberville,1391,58,0,30.25734305,-91.3499598,22047.0,4278.551874750085,4.169662113587346,1333,1396,58,0,1338,1391,32721,-5,0,0,-5,5
2020-09-15,US,Louisiana,Jackson,586,23,0,32.30251776,-92.55692092,22049.0,3722.0528455284552,3.9249146757679183,563,584,23,0,561,584,15902,2,0,0,2,0
2020-09-15,US,Louisiana,Jefferson,17077,563,0,29.74075478,-90.11115756,22051.0,3948.5032127687614,3.2968319962522687,16514,17048,560,0,16488,17023,434051,29,3,0,26,25
2020-09-15,US,Louisiana,Jefferson Davis,1203,38,0,30.26896765,-92.81210004,22053.0,3835.118592195869,3.1587697423108896,1165,1200,38,0,1162,1197,31582,3,0,0,3,3
2020-09-15,US,Louisiana,LaSalle,415,7,0,31.67884782,-92.15907765,22059.0,2786.731130808488,1.686746987951807,408,414,7,0,407,412,14917,1,0,0,1,2
2020-09-15,US,Louisiana,Lafayette,8709,122,0,30.2049055,-92.06959876,22055.0,3563.5664307050206,1.4008496957170742,8587,8706,121,0,8585,8687,242782,3,1,0,2,19
2020-09-15,US,Louisiana,Lafourche,3467,118,0,29.52470226,-90.40976986,22057.0,3551.744626795337,3.4035188924141915,3349,3447,118,0,3329,3435,98115,20,0,0,20,12
2020-09-15,US,Louisiana,Lincoln,1048,44,0,32.6003154,-92.66597409999999,22061.0,2242.094903940781,4.198473282442748,1004,1057,43,0,1014,1043,47196,-9,1,0,-10,14
2020-09-15,US,Louisiana,Livingston,3642,71,0,30.44143993,-90.73061664,22063.0,2586.849824915299,1.9494783086216363,3571,3566,71,0,3495,3558,139567,76,0,0,76,8
2020-09-15,US,Louisiana,Madison,856,8,0,32.36918118,-91.23973355,22065.0,7816.637749977171,0.9345794392523364,848,854,8,0,846,848,11161,2,0,0,2,6
2020-09-15,US,Louisiana,Morehouse,705,19,0,32.81686191,-91.80421614,22067.0,2834.2847953686583,2.695035460992908,686,704,19,0,685,698,25398,1,0,0,1,6
2020-09-15,US,Louisiana,Natchitoches,1035,25,0,31.72321584,-93.09816516,22069.0,2712.406310603281,2.415458937198068,1010,1029,25,0,1004,1025,38659,6,0,0,6,4
2020-09-15,US,Louisiana,Orleans,12235,584,0,30.06971951,-89.92660315,22071.0,3136.0215715223108,4.773191663261137,11651,12184,584,0,11600,12169,391006,51,0,0,51,15
2020-09-15,US,Louisiana,Ouachita,5896,138,0,32.47645559,-92.15704172,22073.0,3846.580418713588,2.340569877883311,5758,5891,138,0,5753,5852,154475,5,0,0,5,39
2020-09-15,US,Louisiana,Plaquemines,657,19,0,29.42245447,-89.60322085,22075.0,2832.262792602492,2.8919330289193304,638,663,19,0,644,662,23410,-6,0,0,-6,1
2020-09-15,US,Louisiana,Pointe Coupee,1028,40,0,30.71409502,-91.60209535,22077.0,4730.786930510814,3.891050583657588,988,1018,40,0,978,1013,21940,10,0,0,10,5
2020-09-15,US,Louisiana,Rapides,4017,139,0,31.19778499,-92.52997303,22079.0,3098.3894853757865,3.460293751555888,3878,4018,139,0,3879,4010,130562,-1,0,0,-1,8
2020-09-15,US,Louisiana,Red River,347,20,0,32.09530039,-93.34213308,22081.0,4110.400379057095,5.763688760806915,327,349,20,0,329,345,8477,-2,0,0,-2,4
2020-09-15,US,Louisiana,Richland,739,10,0,32.41391005,-91.76634876,22083.0,3672.5971573402253,1.3531799729364005,729,738,10,0,728,732,20192,1,0,0,1,6
2020-09-15,US,Louisiana,Sabine,810,13,0,31.56388699,-93.55433981,22085.0,3391.3917266789476,1.6049382716049383,797,809,13,0,796,809,24032,1,0,0,1,0
2020-09-15,US,Louisiana,St. Bernard,1339,28,0,29.87761636,-89.51887093,22087.0,2834.222335111337,2.091112770724421,1311,1335,28,0,1307,1328,46721,4,0,0,4,7
2020-09-15,US,Louisiana,St. Charles,1740,58,0,29.90709658,-90.35555967,22089.0,3276.8361581920904,3.333333333333333,1682,1735,58,0,1677,1731,52879,5,0,0,5,4
2020-09-15,US,Louisiana,St. Helena,396,4,0,30.82210324,-90.71013176,22091.0,3908.4090011843664,1.0101010101010102,392,391,3,0,388,391,10262,5,1,0,4,0
2020-09-15,US,Louisiana,St. James,785,38,0,30.02531716,-90.80212061,22093.0,3721.084565794463,4.840764331210191,747,780,38,0,742,781,21037,5,0,0,5,-1
2020-09-15,US,Louisiana,St. John the Baptist,1566,98,0,30.12597499,-90.4753503,22095.0,3655.7181875481483,6.257982120051086,1468,1560,97,0,1463,1559,43184,6,1,0,5,1
2020-09-15,US,Louisiana,St. Landry,3230,120,0,30.59724262,-92.00135806,22097.0,3933.076810676538,3.7151702786377703,3110,3232,120,0,3112,3230,82764,-2,0,0,-2,2
2020-09-15,US,Louisiana,St. Martin,2051,59,0,30.13112107,-91.61403569,22099.0,3838.595571859033,2.87664553876158,1992,2042,59,0,1983,2046,53621,9,0,0,9,-4
2020-09-15,US,Louisiana,St. Mary,1843,75,0,29.69262097,-91.44702164,22101.0,3734.700494447597,4.069451980466631,1768,1836,75,0,1761,1825,49774,7,0,0,7,11
2020-09-15,US,Louisiana,St. Tammany,6676,250,0,30.40942847,-89.95642711,22103.0,2563.561030493167,3.7447573397243863,6426,6670,247,0,6423,6637,258111,6,3,0,3,33
2020-09-15,US,Louisiana,Tangipahoa,4307,111,0,30.62888673,-90.40664996,22105.0,3196.0996749729143,2.5771999071279312,4196,4292,111,0,4181,4278,133777,15,0,0,15,14
2020-09-15,US,Louisiana,Tensas,158,2,0,32.00760749,-91.32915234,22107.0,3645.5929856945095,1.2658227848101269,156,158,1,0,157,158,4462,0,1,0,-1,0
2020-09-15,US,Louisiana,Terrebonne,3512,107,0,29.37343766,-90.82626855,22109.0,3179.4026851105823,3.046697038724373,3405,3519,106,0,3413,3511,111021,-7,1,0,-8,8
2020-09-15,US,Louisiana,Unassigned,194,170,0,0.0,0.0,90022.0,0.0,87.62886597938144,24,196,170,0,26,196,,-2,0,0,-2,0
2020-09-15,US,Louisiana,Union,919,41,0,32.83121059,-92.3749373,22111.0,4156.8662927447085,4.461371055495103,878,913,41,0,872,909,22330,6,0,0,6,4
2020-09-15,US,Louisiana,Vermilion,1980,55,0,29.83517605,-92.30292538,22113.0,3327.1159953622027,2.7777777777777777,1925,1985,55,0,1930,1979,59830,-5,0,0,-5,6
2020-09-15,US,Louisiana,Vernon,1019,46,0,31.10884837,-93.18153838,22115.0,2148.474561976849,4.5142296368989205,973,1016,46,0,970,1016,48860,3,0,0,3,0
2020-09-15,US,Louisiana,Washington,1571,62,0,30.85288548,-90.03866652,22117.0,3400.8745724552973,3.946530872056016,1509,1570,62,0,1508,1561,46582,1,0,0,1,9
2020-09-15,US,Louisiana,Webster,1147,21,0,32.70847669,-93.33121835,22119.0,2991.653625456442,1.8308631211857016,1126,1147,21,0,1126,1144,38798,0,0,0,0,3
2020-09-15,US,Louisiana,West Baton Rouge,873,41,0,30.46058217,-91.30989571,22121.0,3298.6963914604194,4.696449026345934,832,872,41,0,831,873,26427,1,0,0,1,-1
2020-09-15,US,Louisiana,West Carroll,332,9,0,32.78550125,-91.461201,22123.0,3065.558633425669,2.710843373493976,323,330,9,0,321,332,10982,2,0,0,2,-2
2020-09-15,US,Louisiana,West Feliciana,673,24,0,30.87882871,-91.41485379999999,22125.0,4322.9701952723535,3.566121842496285,649,652,24,0,628,651,15460,21,0,0,21,1
2020-09-15,US,Louisiana,Winn,598,18,0,31.94449367,-92.63789413,22127.0,4300.920598388952,3.0100334448160537,580,592,18,0,574,588,14134,6,0,0,6,4
2020-09-15,US,Maine,Androscoggin,653,10,0,44.1664747,-70.20380627,23001.0,603.082833842829,1.531393568147014,643,652,10,0,642,641,107679,1,0,0,1,11
2020-09-15,US,Maine,Aroostook,42,1,0,46.65926321,-68.59841248,23003.0,62.63515024979496,2.380952380952381,41,41,1,0,40,40,67111,1,0,0,1,1
2020-09-15,US,Maine,Cumberland,2257,70,0,43.8370751,-70.37226999,23005.0,765.0769653189967,3.1014621178555606,2187,2256,70,0,2186,2251,293557,1,0,0,1,5
2020-09-15,US,Maine,Franklin,53,1,0,44.97330019,-70.44381045,23007.0,175.5025000827842,1.8867924528301887,52,54,1,0,53,54,29897,-1,0,0,-1,0
2020-09-15,US,Maine,Hancock,53,1,0,44.59816444,-68.38401854,23009.0,96.38641860803465,1.8867924528301887,52,53,1,0,52,52,54811,0,0,0,0,1
2020-09-15,US,Maine,Kennebec,200,11,0,44.40759555,-69.76738544,23011.0,163.52962339127734,5.5,189,200,11,0,189,200,122083,0,0,0,0,0
2020-09-15,US,Maine,Knox,33,1,0,44.11486325,-69.10529169,23013.0,82.97294579100875,3.0303030303030303,32,33,1,0,32,33,39771,0,0,0,0,0
2020-09-15,US,Maine,Lincoln,39,1,0,44.05996956,-69.54227124,23015.0,112.60610960328,2.5641025641025643,38,39,1,0,38,38,34342,0,0,0,0,1
2020-09-15,US,Maine,Oxford,89,0,0,44.49952995,-70.75682123,23017.0,153.51444588184563,0.0,89,84,0,0,84,83,57618,5,0,0,5,1
2020-09-15,US,Maine,Penobscot,251,6,0,45.40194593,-68.65020455,23019.0,164.9709493388017,2.3904382470119523,245,251,6,0,245,251,151096,0,0,0,0,0
2020-09-15,US,Maine,Piscataquis,8,0,0,45.83839062,-69.2860223,23021.0,47.66160262138814,0.0,8,8,0,0,8,8,16800,0,0,0,0,0
2020-09-15,US,Maine,Sagadahoc,62,0,0,43.95415864,-69.85074999,23023.0,172.91387773315483,0.0,62,62,0,0,62,62,35634,0,0,0,0,0
2020-09-15,US,Maine,Somerset,85,6,0,45.51229767,-69.95995554,23025.0,168.37017668964424,7.0588235294117645,79,85,5,0,80,74,50592,0,1,0,-1,11
2020-09-15,US,Maine,Waldo,73,14,0,44.4858305,-69.12061935,23027.0,183.809643711444,19.17808219178082,59,73,14,0,59,73,39694,0,0,0,0,0
2020-09-15,US,Maine,Washington,15,0,0,45.01607142,-67.62813524,23029.0,47.802670575862855,0.0,15,15,0,0,15,15,31490,0,0,0,0,0
2020-09-15,US,Maine,York,1005,15,0,43.47808377,-70.71052375,23031.0,484.0084569039833,1.492537313432836,990,997,15,0,982,987,206229,8,0,0,8,10
2020-09-15,US,Maryland,Allegany,429,22,0,39.62357628,-78.69280486,24001.0,609.2365371506478,5.128205128205129,407,424,22,0,402,421,70975,5,0,0,5,3
2020-09-15,US,Maryland,Anne Arundel,9302,240,0,39.00670238,-76.60329337,24003.0,1605.9140174782556,2.5800903031606106,9062,9191,240,0,8951,9119,576031,111,0,0,111,72
2020-09-15,US,Maryland,Baltimore,16905,613,0,39.45784712,-76.62911955,24005.0,2043.2212915624207,3.62614611061816,16292,16797,612,0,16185,16724,828431,108,1,0,107,73
2020-09-15,US,Maryland,Baltimore City,15236,474,0,39.30211911,-76.61151012,24510.0,2567.187315708773,3.1110527697558417,14762,15299,473,0,14826,15254,621342,-63,1,0,-64,45
2020-09-15,US,Maryland,Calvert,881,28,0,38.53961642,-76.56820632,24009.0,952.1750878141044,3.1782065834279227,853,874,28,0,846,862,92003,7,0,0,7,12
2020-09-15,US,Maryland,Caroline,612,3,0,38.87172293,-75.82904158,24011.0,1832.0062264263904,0.4901960784313725,609,609,3,0,606,609,33304,3,0,0,3,0
2020-09-15,US,Maryland,Carroll,1871,123,0,39.56453592,-77.02373735,24013.0,1110.7351273694396,6.574024585783004,1748,1863,123,0,1740,1852,168429,8,0,0,8,11
2020-09-15,US,Maryland,Cecil,942,31,0,39.56647682,-75.94627411,24015.0,915.8524135919498,3.2908704883227182,911,918,31,0,887,911,102826,24,0,0,24,7
2020-09-15,US,Maryland,Charles,2607,95,0,38.51092331,-76.98580666,24017.0,1596.8687406971826,3.64403528960491,2512,2591,95,0,2496,2570,161503,16,0,0,16,21
2020-09-15,US,Maryland,Dorchester,538,9,0,38.45413522,-76.02752426,24019.0,1684.9885683861066,1.6728624535315986,529,530,9,0,521,527,31998,8,0,0,8,3
2020-09-15,US,Maryland,Frederick,3785,128,0,39.47296601,-77.39999394,24021.0,1458.310055596867,3.381770145310436,3657,3756,128,0,3628,3742,255648,29,0,0,29,14
2020-09-15,US,Maryland,Garrett,71,1,0,39.52786077,-79.27355126,24023.0,244.7094506100503,1.4084507042253518,70,68,1,0,67,68,29163,3,0,0,3,0
2020-09-15,US,Maryland,Harford,2846,75,0,39.55010644,-76.30775940000002,24025.0,1114.151604480095,2.635277582572031,2771,2834,75,0,2759,2811,253956,12,0,0,12,23
2020-09-15,US,Maryland,Howard,4809,119,0,39.25305293,-76.93126208,24027.0,1476.5574626178268,2.4745269286754,4690,4787,119,0,4668,4768,323196,22,0,0,22,19
2020-09-15,US,Maryland,Kent,293,24,0,39.24976208,-76.04741541,24029.0,1508.5984965503037,8.19112627986348,269,291,24,0,267,290,19383,2,0,0,2,1
2020-09-15,US,Maryland,Montgomery,21375,835,0,39.13676329,-77.20358245,24031.0,2034.3812815983429,3.906432748538012,20540,21281,834,0,20447,21167,1052567,94,1,0,93,114
2020-09-15,US,Maryland,Prince George's,27891,813,0,38.83070039,-76.8496441,24033.0,3067.21344466842,2.914918791007852,27078,27760,813,0,26947,27683,909308,131,0,0,131,77
2020-09-15,US,Maryland,Queen Anne's,613,26,0,39.06198912,-76.03530977,24035.0,1216.7285286119768,4.241435562805873,587,612,26,0,586,607,50251,1,0,0,1,5
2020-09-15,US,Maryland,Somerset,225,4,0,38.1163542,-75.75118623,24039.0,878.3572767020613,1.7777777777777777,221,220,4,0,216,219,25675,5,0,0,5,1
2020-09-15,US,Maryland,St. Mary's,1202,57,0,38.30058422,-76.60629279999998,24037.0,1058.9375385428596,4.742096505823628,1145,1197,57,0,1140,1193,112664,5,0,0,5,4
2020-09-15,US,Maryland,Talbot,515,5,0,38.76618159,-76.10882561,24041.0,1385.1160538984964,0.9708737864077671,510,512,5,0,507,510,36968,3,0,0,3,2
2020-09-15,US,Maryland,Unassigned,0,15,0,0.0,0.0,90024.0,0.0,0.0,-15,0,8,0,-8,0,,0,7,0,-7,0
2020-09-15,US,Maryland,Washington,1525,35,0,39.60835778,-77.82002295,24043.0,1009.6061542943021,2.295081967213114,1490,1506,35,0,1471,1493,150926,19,0,0,19,13
2020-09-15,US,Maryland,Wicomico,1819,48,0,38.37301947,-75.62705831,24045.0,1755.6389888909266,2.638812534359538,1771,1778,48,0,1730,1770,103195,41,0,0,41,8
2020-09-15,US,Maryland,Worcester,953,26,0,38.21274277,-75.33200012,24047.0,1823.0162981100314,2.728226652675761,927,948,26,0,922,940,51823,5,0,0,5,8
2020-09-15,US,Massachusetts,Barnstable,1687,170,0,41.72980578,-70.28854339,25001.0,792.0559650687826,10.077059869590991,1517,1683,170,0,1513,1682,213413,4,0,0,4,1
2020-09-15,US,Massachusetts,Berkshire,687,47,0,42.37428441,-73.20524838,25003.0,549.846331156358,6.841339155749637,640,685,47,0,638,683,126348,2,0,0,2,2
2020-09-15,US,Massachusetts,Bristol,9565,675,0,41.79228404,-71.10872211,25005.0,1692.2704023410479,7.0569785676947205,8890,9543,674,0,8869,9525,564022,22,1,0,21,18
2020-09-15,US,Massachusetts,Dukes and Nantucket,134,1,0,41.40674725,-70.68763497,0.0,466.39518290348406,0.746268656716418,133,132,1,0,131,129,26707,2,0,0,2,3
2020-09-15,US,Massachusetts,Essex,18746,1261,0,42.6687626,-70.94687179,25009.0,2375.8165047387056,6.726768377253814,17485,18703,1260,0,17443,18679,790638,43,1,0,42,24
2020-09-15,US,Massachusetts,Franklin,397,67,0,42.58119713,-72.58602547,25011.0,565.6882302650328,16.876574307304786,330,396,67,0,329,396,70963,1,0,0,1,0
2020-09-15,US,Massachusetts,Hampden,7885,767,0,42.13440424,-72.63235561,25013.0,1690.7104200080623,9.72733037412809,7118,7868,767,0,7101,7857,470406,17,0,0,17,11
2020-09-15,US,Massachusetts,Hampshire,1198,141,0,42.33997957,-72.65898478,25015.0,744.8859043710753,11.769616026711185,1057,1196,141,0,1055,1196,161355,2,0,0,2,0
2020-09-15,US,Massachusetts,Middlesex,26304,2109,0,42.48607732,-71.39049229,25017.0,1632.0665335152532,8.01779197080292,24195,26246,2107,0,24139,26182,1614714,58,2,0,56,64
2020-09-15,US,Massachusetts,Norfolk,9864,1034,0,42.16073095,-71.20530408,25021.0,1395.635103109193,10.482562854825627,8830,9845,1034,0,8811,9832,705388,19,0,0,19,13
2020-09-15,US,Massachusetts,Plymouth,9407,753,0,41.94070556,-70.80802823,25023.0,1804.8664433367483,8.004677367917509,8654,9389,753,0,8636,9367,518132,18,0,0,18,22
2020-09-15,US,Massachusetts,Suffolk,23306,1120,0,42.327951399999996,-71.07850442,25025.0,2899.091561586104,4.8056294516433535,22186,23236,1119,0,22117,23194,807252,70,1,0,69,42
2020-09-15,US,Massachusetts,Unassigned,2311,5,0,0.0,0.0,90025.0,0.0,0.2163565556036348,2306,2281,5,0,2276,2262,,30,0,0,30,19
2020-09-15,US,Massachusetts,Worcester,13902,1075,0,42.35026951,-71.90493363,25027.0,1673.6855031530588,7.732700330887643,12827,13877,1074,0,12803,13842,830839,25,1,0,24,35
2020-09-15,US,Michigan,Alcona,41,2,0,44.6846864,-83.59507875,26001.0,394.0413262854397,4.878048780487805,39,41,2,0,39,40,10362,0,0,0,0,1
2020-09-15,US,Michigan,Alger,17,0,0,46.41292944,-86.60260122,26003.0,186.649099692578,0.0,17,17,0,0,17,17,9097,0,0,0,0,0
2020-09-15,US,Michigan,Allegan,711,7,0,42.59147037,-85.89102866,26005.0,602.1290470101032,0.9845288326300984,704,702,7,0,695,694,117327,9,0,0,9,8
2020-09-15,US,Michigan,Alpena,134,14,0,45.03477666,-83.62212411,26007.0,471.7479317021652,10.447761194029852,120,133,14,0,119,132,28360,1,0,0,1,1
2020-09-15,US,Michigan,Antrim,64,0,0,44.99690221,-85.15503082,26009.0,274.39547247470415,0.0,64,64,0,0,64,64,23365,0,0,0,0,0
2020-09-15,US,Michigan,Arenac,68,3,0,44.0636262,-83.89277559,26011.0,456.8971309547807,4.411764705882354,65,66,3,0,63,66,15041,2,0,0,2,0
2020-09-15,US,Michigan,Baraga,12,0,0,46.6720582,-88.36363591,26013.0,146.18102083079546,0.0,12,12,0,0,12,10,8320,0,0,0,0,2
2020-09-15,US,Michigan,Barry,263,2,0,42.59513984,-85.30834519,26015.0,427.29488220958575,0.7604562737642585,261,259,2,0,257,257,61157,4,0,0,4,2
2020-09-15,US,Michigan,Bay,918,46,0,43.70639106,-83.98731479,26017.0,890.1731861994066,5.010893246187363,872,911,46,0,865,903,103923,7,0,0,7,8
2020-09-15,US,Michigan,Benzie,61,2,0,44.63899297,-86.01608482,26019.0,343.3524710120455,3.278688524590164,59,62,2,0,60,63,17753,-1,0,0,-1,-1
2020-09-15,US,Michigan,Berrien,1742,72,0,41.95447397,-86.41313079999998,26021.0,1135.5858175631188,4.133180252583236,1670,1740,72,0,1668,1729,154141,2,0,0,2,11
2020-09-15,US,Michigan,Branch,554,4,0,41.91600556,-85.05929476,26023.0,1273.0656984626696,0.7220216606498195,550,548,4,0,544,545,43622,6,0,0,6,3
2020-09-15,US,Michigan,Calhoun,1160,44,0,42.24633834,-85.00493569,26025.0,864.6456816165892,3.7931034482758617,1116,1153,44,0,1109,1130,134487,7,0,0,7,23
2020-09-15,US,Michigan,Cass,480,16,0,41.91522292,-85.99405727,26027.0,926.8735396914284,3.333333333333333,464,475,16,0,459,466,51653,5,0,0,5,9
2020-09-15,US,Michigan,Charlevoix,91,3,0,45.37790017,-85.19614053,26029.0,348.08552958727006,3.2967032967032965,88,91,3,0,88,89,26244,0,0,0,0,2
2020-09-15,US,Michigan,Cheboygan,86,2,0,45.44787015,-84.50122149,26031.0,340.24370944769737,2.3255813953488373,84,85,2,0,83,86,25413,1,0,0,1,-1
2020-09-15,US,Michigan,Chippewa,67,0,0,46.29552653,-84.54353449,26033.0,179.38900639910037,0.0,67,67,0,0,67,66,37517,0,0,0,0,1
2020-09-15,US,Michigan,Clare,107,4,0,43.98794227,-84.84819859999998,26035.0,345.718901453958,3.7383177570093458,103,106,4,0,102,107,30757,1,0,0,1,-1
2020-09-15,US,Michigan,Clinton,594,13,0,42.94400871,-84.60145248,26037.0,746.2780325397324,2.1885521885521886,581,589,13,0,576,591,79332,5,0,0,5,-2
2020-09-15,US,Michigan,Crawford,118,5,0,44.68255561,-84.61006219,26039.0,841.1148335590563,4.2372881355932215,113,117,5,0,112,116,13901,1,0,0,1,1
2020-09-15,US,Michigan,Delta,230,4,0,45.90484910000001,-86.9080745,26041.0,642.7453610552203,1.7391304347826086,226,223,4,0,219,211,35857,7,0,0,7,12
2020-09-15,US,Michigan,Dickinson,78,2,0,46.00999672,-87.86961634,26043.0,309.0455247830738,2.5641025641025643,76,75,2,0,73,73,25383,3,0,0,3,2
2020-09-15,US,Michigan,Eaton,586,10,0,42.59599185,-84.83740035,26045.0,531.4325098850074,1.706484641638225,576,576,10,0,566,569,109826,10,0,0,10,7
2020-09-15,US,Michigan,Emmet,140,4,0,45.52625509,-84.89083249,26047.0,418.9735148885232,2.8571428571428568,136,138,4,0,134,135,33308,2,0,0,2,3
2020-09-15,US,Michigan,Federal Correctional Institution (FCI),196,5,0,0.0,0.0,0.0,0.0,2.5510204081632653,191,196,5,0,191,196,,0,0,0,0,0
2020-09-15,US,Michigan,Genesee,4169,307,0,43.02244215,-83.70589709,26049.0,1027.320465337483,7.363876229311585,3862,4145,307,0,3838,4104,406892,24,0,0,24,41
2020-09-15,US,Michigan,Gladwin,85,2,0,43.98901072,-84.38774817,26051.0,334.001336005344,2.3529411764705883,83,86,2,0,84,84,25337,-1,0,0,-1,2
2020-09-15,US,Michigan,Gogebic,152,1,0,46.40862701,-89.69377193,26053.0,1087.6565295169946,0.6578947368421053,151,152,1,0,151,149,15096,0,0,0,0,3
2020-09-15,US,Michigan,Grand Traverse,439,7,0,44.69565625,-85.55585247,26055.0,471.5967686490203,1.5945330296127562,432,435,7,0,428,432,92573,4,0,0,4,3
2020-09-15,US,Michigan,Gratiot,224,15,0,43.29265605,-84.60505416,26057.0,550.2198423030629,6.696428571428571,209,223,15,0,208,216,40599,1,0,0,1,7
2020-09-15,US,Michigan,Hillsdale,316,27,0,41.88753639,-84.59312019,26059.0,692.9064795526808,8.544303797468354,289,316,27,0,289,313,45749,0,0,0,0,3
2020-09-15,US,Michigan,Houghton,223,1,0,46.89988536,-88.68495385,26061.0,624.9299405896202,0.4484304932735426,222,218,1,0,217,210,36219,5,0,0,5,8
2020-09-15,US,Michigan,Huron,207,5,0,43.83353985,-83.04078453,26063.0,668.1514476614699,2.415458937198068,202,206,5,0,201,205,31166,1,0,0,1,1
2020-09-15,US,Michigan,Ingham,2758,43,0,42.59716886,-84.37472069,26065.0,943.2090996764772,1.559100797679478,2715,2655,43,0,2612,2525,292735,103,0,0,103,130
2020-09-15,US,Michigan,Ionia,341,7,0,42.94502238,-85.07413319,26067.0,527.0723526593196,2.0527859237536656,334,342,7,0,335,338,64210,-1,0,0,-1,4
2020-09-15,US,Michigan,Iosco,176,12,0,44.35486835,-83.63484895,26069.0,700.4417558801289,6.8181818181818175,164,174,12,0,162,167,25081,2,0,0,2,7
2020-09-15,US,Michigan,Iron,52,1,0,46.20974132,-88.53136251,26071.0,469.9078257726369,1.9230769230769231,51,52,1,0,51,48,11117,0,0,0,0,4
2020-09-15,US,Michigan,Isabella,622,11,0,43.64060976,-84.84664923,26073.0,890.1992214334782,1.7684887459807077,611,616,10,0,606,606,70562,6,1,0,5,10
2020-09-15,US,Michigan,Jackson,940,42,0,42.24807035,-84.42258681,26075.0,593.0225222383445,4.468085106382978,898,928,42,0,886,930,158823,12,0,0,12,-2
2020-09-15,US,Michigan,Kalamazoo,2352,91,0,42.24542231,-85.53038622,26077.0,887.3261753676442,3.8690476190476186,2261,2326,91,0,2235,2276,264870,26,0,0,26,50
2020-09-15,US,Michigan,Kalkaska,78,4,0,44.68512729,-85.09085699,26079.0,432.42044572569023,5.128205128205129,74,78,4,0,74,75,17824,0,0,0,0,3
2020-09-15,US,Michigan,Kent,9125,173,0,43.03197711,-85.54934642,26081.0,1388.9840247809973,1.895890410958904,8952,9086,173,0,8913,9009,653786,39,0,0,39,77
2020-09-15,US,Michigan,Keweenaw,7,0,0,47.63197653,-88.41434263,26083.0,330.812854442344,0.0,7,8,0,0,8,7,2113,-1,0,0,-1,1
2020-09-15,US,Michigan,Lake,32,0,0,43.99050893,-85.802173,26085.0,269.97384628364125,0.0,32,32,0,0,32,32,11881,0,0,0,0,0
2020-09-15,US,Michigan,Lapeer,572,37,0,43.09052506,-83.22153148,26087.0,652.9158628876687,6.468531468531468,535,570,37,0,533,565,88028,2,0,0,2,5
2020-09-15,US,Michigan,Leelanau,102,1,0,44.94430054,-85.80150326,26089.0,468.72845917007487,0.9803921568627452,101,102,1,0,101,103,21764,0,0,0,0,-1
2020-09-15,US,Michigan,Lenawee,752,15,0,41.89475156,-84.06603727,26091.0,763.8317538674063,1.9946808510638296,737,749,14,0,735,730,98266,3,1,0,2,19
2020-09-15,US,Michigan,Livingston,1278,29,0,42.60302282,-83.91297209,26093.0,665.6423344357926,2.269170579029734,1249,1272,29,0,1243,1242,191224,6,0,0,6,30
2020-09-15,US,Michigan,Luce,12,0,0,46.47227431,-85.54471223,26095.0,192.6472949109006,0.0,12,11,0,0,11,10,6283,1,0,0,1,1
2020-09-15,US,Michigan,Mackinac,51,0,0,46.07028979,-85.04980537,26097.0,472.26595055097687,0.0,51,51,0,0,51,51,10787,0,0,0,0,0
2020-09-15,US,Michigan,Macomb,13797,1005,0,42.69158356,-82.92752801,26099.0,1578.654693743049,7.284192215699066,12792,13760,1004,0,12756,13673,874759,37,1,0,36,87
2020-09-15,US,Michigan,Manistee,69,2,0,44.33352407,-86.05626916,26101.0,280.9675054971903,2.898550724637681,67,69,2,0,67,69,24528,0,0,0,0,0
2020-09-15,US,Michigan,Marquette,292,11,0,46.4338914,-87.64043701,26103.0,437.78767297860537,3.767123287671233,281,289,11,0,278,284,66516,3,0,0,3,5
2020-09-15,US,Michigan,Mason,132,0,0,43.99509218,-86.24988902,26105.0,452.9234147680483,0.0,132,131,0,0,131,129,29100,1,0,0,1,2
2020-09-15,US,Michigan,Mecosta,169,2,0,43.64064262,-85.32463223,26107.0,388.925965986238,1.183431952662722,167,164,2,0,162,163,43545,5,0,0,5,1
2020-09-15,US,Michigan,Menominee,272,0,0,45.58038692,-87.55370409,26109.0,1194.0298507462687,0.0,272,268,0,0,268,267,22983,4,0,0,4,1
2020-09-15,US,Michigan,Michigan Department of Corrections (MDOC),5535,71,0,0.0,0.0,0.0,0.0,1.2827461607949413,5464,5534,71,0,5463,5504,,1,0,0,1,30
2020-09-15,US,Michigan,Midland,526,11,0,43.64330771,-84.38804374,26111.0,632.5460580114484,2.091254752851711,515,519,11,0,508,508,83209,7,0,0,7,11
2020-09-15,US,Michigan,Missaukee,54,1,0,44.33772443,-85.09256478,26113.0,357.19010451117873,1.851851851851852,53,54,1,0,53,54,15113,0,0,0,0,0
2020-09-15,US,Michigan,Monroe,1443,28,0,41.92734151,-83.53749864,26115.0,958.8039867109636,1.9404019404019404,1415,1438,29,0,1409,1427,150439,5,-1,0,6,11
2020-09-15,US,Michigan,Montcalm,273,4,0,43.31082541,-85.15252824,26117.0,427.3102930127724,1.465201465201465,269,270,4,0,266,257,63968,3,0,0,3,13
2020-09-15,US,Michigan,Montmorency,13,0,0,45.0275929,-84.12696227,26119.0,139.36535162950258,0.0,13,13,0,0,13,13,9265,0,0,0,0,0
2020-09-15,US,Michigan,Muskegon,1421,69,0,43.29123859,-86.15176712,26121.0,818.7087332772547,4.855735397607318,1352,1418,69,0,1349,1436,173588,3,0,0,3,-18
2020-09-15,US,Michigan,Newaygo,317,1,0,43.554373999999996,-85.80070107,26123.0,647.2029399755003,0.3154574132492113,316,314,1,0,313,309,48892,3,0,0,3,5
2020-09-15,US,Michigan,Oakland,19549,1188,0,42.66090111,-83.38595416,26125.0,1554.4886067252764,6.077037188602997,18361,19466,1185,0,18281,19348,1259201,83,3,0,80,118
2020-09-15,US,Michigan,Oceana,506,6,0,43.64124435,-86.26726673,26127.0,1911.8147126610493,1.1857707509881423,500,506,6,0,500,501,26625,0,0,0,0,5
2020-09-15,US,Michigan,Ogemaw,60,5,0,44.33481032,-84.12725175,26129.0,285.7551078725532,8.333333333333334,55,60,5,0,55,60,20952,0,0,0,0,0
2020-09-15,US,Michigan,Ontonagon,39,0,0,46.665226200000006,-89.31390481,26131.0,681.8181818181819,0.0,39,37,0,0,37,37,5795,2,0,0,2,0
2020-09-15,US,Michigan,Osceola,88,0,0,43.98992088,-85.32566756,26133.0,375.1065643648764,0.0,88,89,0,0,89,86,23341,-1,0,0,-1,3
2020-09-15,US,Michigan,Oscoda,29,1,0,44.68192279,-84.12939244,26135.0,351.8990413784735,3.4482758620689653,28,29,1,0,28,29,8276,0,0,0,0,0
2020-09-15,US,Michigan,Otsego,159,11,0,45.02085831,-84.59898295,26137.0,644.5597535268364,6.918238993710692,148,160,11,0,149,157,24665,-1,0,0,-1,3
2020-09-15,US,Michigan,Ottawa,2996,65,0,42.95996803,-85.9969107,26139.0,1026.6250899496285,2.1695594125500666,2931,2951,65,0,2886,2877,290494,45,0,0,45,74
2020-09-15,US,Michigan,Out of MI,238,2,0,0.0,0.0,80026.0,0.0,0.8403361344537815,236,224,2,0,222,227,,14,0,0,14,-3
2020-09-15,US,Michigan,Presque Isle,24,1,0,45.34018577,-83.91498656,26141.0,190.59720457433292,4.166666666666667,23,24,1,0,23,23,12738,0,0,0,0,1
2020-09-15,US,Michigan,Roscommon,87,4,0,44.33473082,-84.61067651,26143.0,362.2132478454557,4.597701149425287,83,87,4,0,83,83,23884,0,0,0,0,4
2020-09-15,US,Michigan,Saginaw,2805,137,0,43.33433923,-84.05131209999998,26145.0,1472.1395619794373,4.884135472370766,2668,2801,136,0,2665,2757,190800,4,1,0,3,44
2020-09-15,US,Michigan,Sanilac,134,7,0,43.42406072,-82.82055898,26151.0,325.47971824143787,5.223880597014926,127,134,7,0,127,132,41182,0,0,0,0,2
2020-09-15,US,Michigan,Schoolcraft,19,0,0,46.19235734,-86.19972234,26153.0,234.74178403755863,0.0,19,17,0,0,17,17,8068,2,0,0,2,0
2020-09-15,US,Michigan,Shiawassee,482,30,0,42.95392800000001,-84.14585902,26155.0,707.5540941252458,6.224066390041495,452,480,30,0,450,472,68192,2,0,0,2,8
2020-09-15,US,Michigan,St. Clair,963,53,0,42.92655373,-82.67937954,26147.0,605.173193906792,5.503634475597092,910,961,53,0,908,954,159337,2,0,0,2,7
2020-09-15,US,Michigan,St. Joseph,711,11,0,41.91441767,-85.52797979,26149.0,1166.2620562955187,1.5471167369901546,700,711,11,0,700,708,61043,0,0,0,0,3
2020-09-15,US,Michigan,Tuscola,474,29,0,43.46606813,-83.41897025,26157.0,907.2638530002873,6.118143459915612,445,473,29,0,444,471,52516,1,0,0,1,2
2020-09-15,US,Michigan,Unassigned,11,0,0,0.0,0.0,90026.0,0.0,0.0,11,11,0,0,11,16,,0,0,0,0,-5
2020-09-15,US,Michigan,Van Buren,714,17,0,42.25190229,-86.01939087,26159.0,943.4834890389418,2.380952380952381,697,710,17,0,693,700,75448,4,0,0,4,10
2020-09-15,US,Michigan,Washtenaw,3222,115,0,42.253105,-83.83853204,26161.0,876.4938071441591,3.569211669770328,3107,3209,114,0,3095,3162,370963,13,1,0,12,47
2020-09-15,US,Michigan,Wayne,33653,2946,0,42.28098405,-83.281255,26163.0,1923.7508024441172,8.754048673223783,30707,33511,2942,0,30569,33251,1753893,142,4,0,138,260
2020-09-15,US,Michigan,Wexford,117,4,0,44.33853602,-85.57712739,26165.0,347.89331271743333,3.418803418803418,113,116,4,0,112,115,33466,1,0,0,1,1
2020-09-15,US,Minnesota,Aitkin,66,1,0,46.60962049,-93.41168259999999,27001.0,415.46015359435984,1.5151515151515151,65,66,1,0,65,66,15902,0,0,0,0,0
2020-09-15,US,Minnesota,Anoka,5431,129,0,45.27476015,-93.24604565,27003.0,1521.6252335951092,2.3752531762106432,5302,5396,129,0,5267,5341,353813,35,0,0,35,55
2020-09-15,US,Minnesota,Becker,230,2,0,46.93479392,-95.67158144,27005.0,668.1579176713244,0.8695652173913043,228,229,2,0,227,225,34371,1,0,0,1,4
2020-09-15,US,Minnesota,Beltrami,355,4,0,47.97373527,-94.93732139,27007.0,752.3099092989743,1.1267605633802815,351,353,3,0,350,350,46847,2,1,0,1,3
2020-09-15,US,Minnesota,Benton,464,3,0,45.69804958,-93.99514135,27009.0,1134.7795250556385,0.646551724137931,461,463,3,0,460,458,40545,1,0,0,1,5
2020-09-15,US,Minnesota,Big Stone,56,0,0,45.42712824,-96.41403739,27011.0,1122.0196353436186,0.0,56,55,0,0,55,51,4989,1,0,0,1,4
2020-09-15,US,Minnesota,Blue Earth,1515,6,0,44.03554215,-94.06699781,27013.0,2239.3685424149703,0.3960396039603961,1509,1507,6,0,1501,1494,67427,8,0,0,8,13
2020-09-15,US,Minnesota,Brown,150,2,0,44.24205652,-94.72562874,27015.0,599.8080614203454,1.3333333333333333,148,145,2,0,143,144,25111,5,0,0,5,1
2020-09-15,US,Minnesota,Carlton,216,1,0,46.59180601,-92.67601019,27017.0,602.1577318725433,0.462962962962963,215,216,1,0,215,214,35837,0,0,0,0,2
2020-09-15,US,Minnesota,Carver,1280,7,0,44.82017001,-93.80099179999999,27019.0,1218.0152061585893,0.546875,1273,1274,7,0,1267,1257,103551,6,0,0,6,17
2020-09-15,US,Minnesota,Cass,118,3,0,46.95043611,-94.32603968,27021.0,396.25239262567584,2.5423728813559316,115,119,3,0,116,118,29519,-1,0,0,-1,1
2020-09-15,US,Minnesota,Chippewa,173,1,0,45.02343421,-95.56403693,27023.0,1466.1016949152545,0.5780346820809249,172,172,1,0,171,169,11924,1,0,0,1,3
2020-09-15,US,Minnesota,Chisago,408,1,0,45.5021011,-92.90861945,27025.0,721.1156082645505,0.24509803921568624,407,398,1,0,397,392,55922,10,0,0,10,6
2020-09-15,US,Minnesota,Clay,1165,40,0,46.89289518,-96.48761922,27027.0,1814.0201177166705,3.433476394849785,1125,1142,40,0,1102,1131,63955,23,0,0,23,11
2020-09-15,US,Minnesota,Clearwater,24,0,0,47.57992111,-95.37790562,27029.0,272.17056021773647,0.0,24,24,0,0,24,24,8810,0,0,0,0,0
2020-09-15,US,Minnesota,Cook,6,0,0,47.90504893,-90.52629546,27031.0,109.82976386600771,0.0,6,6,0,0,6,6,5393,0,0,0,0,0
2020-09-15,US,Minnesota,Cottonwood,211,0,0,44.00715262,-95.18138802,27033.0,1884.6016434440871,0.0,211,210,0,0,210,209,11277,1,0,0,1,1
2020-09-15,US,Minnesota,Crow Wing,378,18,0,46.48096553,-94.06755609,27035.0,581.0468065483053,4.761904761904762,360,377,18,0,359,373,64889,1,0,0,1,4
2020-09-15,US,Minnesota,Dakota,6870,122,0,44.67172617,-93.06299363,27037.0,1601.3202150943662,1.7758369723435226,6748,6836,120,0,6716,6767,425423,34,2,0,32,69
2020-09-15,US,Minnesota,Dodge,182,0,0,44.02238415,-92.86244324,27039.0,869.3990637240852,0.0,182,181,0,0,181,181,20822,1,0,0,1,0
2020-09-15,US,Minnesota,Douglas,210,1,0,45.93348491,-95.45335469,27041.0,550.5886054377179,0.4761904761904762,209,206,1,0,205,200,37964,4,0,0,4,6
2020-09-15,US,Minnesota,Faribault,128,0,0,43.67381499,-93.94787458,27043.0,937.5228887424008,0.0,128,128,0,0,128,127,13758,0,0,0,0,1
2020-09-15,US,Minnesota,Fillmore,94,0,0,43.67394126,-92.08980382,27045.0,446.1954715906393,0.0,94,92,0,0,92,92,21058,2,0,0,2,0
2020-09-15,US,Minnesota,Freeborn,463,3,0,43.67385583,-93.34884422,27047.0,1529.0115914269675,0.6479481641468683,460,461,2,0,459,454,30444,2,1,0,1,7
2020-09-15,US,Minnesota,Goodhue,303,9,0,44.40849741,-92.72341949999999,27049.0,653.8627535606387,2.9702970297029703,294,301,9,0,292,296,46403,2,0,0,2,5
2020-09-15,US,Minnesota,Grant,57,4,0,45.93424769,-96.01139609,27051.0,954.4541192230407,7.0175438596491215,53,57,4,0,53,58,6021,0,0,0,0,-1
2020-09-15,US,Minnesota,Hennepin,25018,908,0,45.00761521,-93.47694895,27053.0,1976.3904370447208,3.6293868414741386,24110,24944,907,0,24037,24788,1259428,74,1,0,73,156
2020-09-15,US,Minnesota,Houston,97,0,0,43.67129565,-91.49143057,27055.0,521.505376344086,0.0,97,96,0,0,96,93,18578,1,0,0,1,3
2020-09-15,US,Minnesota,Hubbard,56,0,0,47.10778564,-94.91693868,27057.0,260.5741938485877,0.0,56,55,0,0,55,53,21332,1,0,0,1,2
2020-09-15,US,Minnesota,Isanti,214,0,0,45.56181234,-93.29487636,27059.0,527.1455315794659,0.0,214,210,0,0,210,208,39966,4,0,0,4,2
2020-09-15,US,Minnesota,Itasca,250,13,0,47.51009045,-93.63092229,27061.0,553.9552404165744,5.2,237,248,13,0,235,245,45108,2,0,0,2,3
2020-09-15,US,Minnesota,Jackson,112,1,0,43.67423373,-95.15398258,27063.0,1137.5177737152146,0.8928571428571429,111,109,1,0,108,104,9911,3,0,0,3,5
2020-09-15,US,Minnesota,Kanabec,91,8,0,45.9459309,-93.29275192,27065.0,557.0178123278448,8.791208791208794,83,86,8,0,78,85,16207,5,0,0,5,1
2020-09-15,US,Minnesota,Kandiyohi,893,2,0,45.1526059,-95.00586446,27067.0,2067.1774809602075,0.22396416573348266,891,891,2,0,889,888,42855,2,0,0,2,3
2020-09-15,US,Minnesota,Kittson,13,0,0,48.77754106,-96.78317184,27069.0,302.4662633783155,0.0,13,12,0,0,12,12,4248,1,0,0,1,0
2020-09-15,US,Minnesota,Koochiching,96,3,0,48.24539665,-93.78352843,27071.0,785.0192166162401,3.125,93,96,3,0,93,96,12440,0,0,0,0,0
2020-09-15,US,Minnesota,Lac qui Parle,32,0,0,44.9973857,-96.17488219,27073.0,483.16472897478485,0.0,32,32,0,0,32,30,6658,0,0,0,0,2
2020-09-15,US,Minnesota,Lake,48,0,0,47.64270764,-91.44557998,27075.0,451.0854243022272,0.0,48,48,0,0,48,47,10658,0,0,0,0,1
2020-09-15,US,Minnesota,Lake of the Woods,20,1,0,48.77217001,-94.90274472,27077.0,534.75935828877,5.0,19,20,1,0,19,18,3758,0,0,0,0,2
2020-09-15,US,Minnesota,Le Sueur,432,3,0,44.37136597,-93.72844721,27079.0,1495.4823969259528,0.6944444444444444,429,430,3,0,427,428,28494,2,0,0,2,2
2020-09-15,US,Minnesota,Lincoln,84,0,0,44.41311883,-96.26688165,27081.0,1489.6258201808832,0.0,84,83,0,0,83,81,5673,1,0,0,1,2
2020-09-15,US,Minnesota,Lyon,606,4,0,44.41327865,-95.83806103,27083.0,2378.8961293868256,0.6600660066006601,602,603,4,0,599,599,25629,3,0,0,3,4
2020-09-15,US,Minnesota,Mahnomen,41,1,0,47.32557075,-95.80921485,27087.0,741.8129184005791,2.4390243902439024,40,41,1,0,40,41,5519,0,0,0,0,0
2020-09-15,US,Minnesota,Marshall,49,1,0,48.35825983,-96.37017407,27089.0,524.8500428449015,2.0408163265306123,48,49,1,0,48,49,9390,0,0,0,0,0
2020-09-15,US,Minnesota,Martin,269,9,0,43.67429718,-94.55099908,27091.0,1366.6615861403238,3.3457249070631967,260,268,9,0,259,264,19785,1,0,0,1,4
2020-09-15,US,Minnesota,McLeod,428,2,0,44.82367677,-94.27287017,27085.0,1192.433064943025,0.4672897196261682,426,421,2,0,419,416,35873,7,0,0,7,5
2020-09-15,US,Minnesota,Meeker,149,2,0,45.12328869,-94.52839455,27093.0,641.6329342864525,1.342281879194631,147,148,2,0,146,146,23141,1,0,0,1,2
2020-09-15,US,Minnesota,Mille Lacs,131,3,0,45.93705297,-93.63236823,27095.0,498.53484035468284,2.2900763358778624,128,131,3,0,128,128,26139,0,0,0,0,3
2020-09-15,US,Minnesota,Morrison,177,1,0,46.01265363,-94.27341528,27097.0,530.1623434972744,0.5649717514124294,176,174,1,0,173,170,33169,3,0,0,3,4
2020-09-15,US,Minnesota,Mower,1245,4,0,43.67142874,-92.75234549,27099.0,3107.6830912086266,0.321285140562249,1241,1238,4,0,1234,1234,40011,7,0,0,7,4
2020-09-15,US,Minnesota,Murray,148,2,0,44.02216709,-95.76328482,27101.0,1806.1996582865506,1.351351351351351,146,147,2,0,145,147,8276,1,0,0,1,0
2020-09-15,US,Minnesota,Nicollet,484,16,0,44.35291112,-94.24710352,27103.0,1412.1491509599116,3.3057851239669422,468,479,16,0,463,476,34220,5,0,0,5,3
2020-09-15,US,Minnesota,Nobles,1909,15,0,43.67434621,-95.75329576,27105.0,8826.113088908409,0.785751702462022,1894,1906,15,0,1891,1906,21924,3,0,0,3,0
2020-09-15,US,Minnesota,Norman,51,0,0,47.32628443,-96.45620947,27107.0,800.0,0.0,51,48,0,0,48,48,6475,3,0,0,3,0
2020-09-15,US,Minnesota,Olmsted,2204,26,0,44.00374114,-92.40209944,27109.0,1392.3546840353015,1.1796733212341195,2178,2187,26,0,2161,2176,156277,17,0,0,17,11
2020-09-15,US,Minnesota,Otter Tail,349,4,0,46.40846929,-95.70835255,27111.0,594.0830013958398,1.146131805157593,345,347,4,0,343,339,58812,2,0,0,2,8
2020-09-15,US,Minnesota,Pennington,104,1,0,48.06642577,-96.0370814,27113.0,736.5960762093632,0.9615384615384616,103,104,1,0,103,103,14178,0,0,0,0,1
2020-09-15,US,Minnesota,Pine,183,0,0,46.12105238,-92.74070188,27115.0,618.6821731633929,0.0,183,181,0,0,181,180,29483,2,0,0,2,1
2020-09-15,US,Minnesota,Pipestone,202,9,0,44.02301619,-96.25841142,27117.0,2213.456059609906,4.455445544554456,193,202,9,0,193,202,9047,0,0,0,0,0
2020-09-15,US,Minnesota,Polk,250,4,0,47.77372465,-96.40134647,27119.0,797.0922076265782,1.6,246,246,4,0,242,244,31529,4,0,0,4,2
2020-09-15,US,Minnesota,Pope,74,0,0,45.58606667,-95.44451209,27121.0,657.8362521112988,0.0,74,74,0,0,74,74,11097,0,0,0,0,0
2020-09-15,US,Minnesota,Ramsey,10145,313,0,45.01625271,-93.09872295,27123.0,1843.4695386874207,3.085263676688024,9832,10111,313,0,9798,10060,550210,34,0,0,34,51
2020-09-15,US,Minnesota,Red Lake,36,0,0,47.87197525,-96.09561104,27125.0,887.7928483353884,0.0,36,36,0,0,36,36,3999,0,0,0,0,0
2020-09-15,US,Minnesota,Redwood,88,0,0,44.40555844,-95.25207021,27127.0,580.0922874093608,0.0,88,87,0,0,87,84,15249,1,0,0,1,3
2020-09-15,US,Minnesota,Renville,107,6,0,44.72836381,-94.94553734,27129.0,735.4962881495738,5.607476635514018,101,107,6,0,101,107,14612,0,0,0,0,0
2020-09-15,US,Minnesota,Rice,1267,8,0,44.3543376,-93.29658715,27131.0,1891.8353938959565,0.6314127861089187,1259,1264,8,0,1256,1261,66523,3,0,0,3,3
2020-09-15,US,Minnesota,Rock,133,0,0,43.67482683,-96.25296832,27133.0,1427.8046162104133,0.0,133,135,0,0,135,133,9414,-2,0,0,-2,2
2020-09-15,US,Minnesota,Roseau,104,0,0,48.77501878,-95.81079919,27135.0,685.7896472139796,0.0,104,104,0,0,104,104,15150,0,0,0,0,0
2020-09-15,US,Minnesota,Scott,2291,32,0,44.6490231,-93.53340251,27139.0,1537.4497527061396,1.3967699694456568,2259,2279,32,0,2247,2254,147381,12,0,0,12,25
2020-09-15,US,Minnesota,Sherburne,1037,13,0,45.44447208,-93.77617511,27141.0,1066.455500935848,1.253616200578592,1024,1030,13,0,1017,1015,96036,7,0,0,7,15
2020-09-15,US,Minnesota,Sibley,162,3,0,44.5796592,-94.23164924,27143.0,1089.8082744702322,1.851851851851852,159,161,3,0,158,157,15028,1,0,0,1,4
2020-09-15,US,Minnesota,St. Louis,1173,28,0,47.604840700000004,-92.46879855,27137.0,589.2399658411614,2.387041773231032,1145,1161,28,0,1133,1145,199754,12,0,0,12,16
2020-09-15,US,Minnesota,Stearns,3575,23,0,45.55192576,-94.61078221,27145.0,2219.4629830824147,0.6433566433566433,3552,3571,23,0,3548,3558,159256,4,0,0,4,13
2020-09-15,US,Minnesota,Steele,496,2,0,44.02240351,-93.22627088,27147.0,1353.3793555076536,0.4032258064516129,494,497,2,0,495,496,36803,-1,0,0,-1,1
2020-09-15,US,Minnesota,Stevens,87,1,0,45.58613007,-96.00163705,27149.0,887.3023967363589,1.1494252873563218,86,87,1,0,86,86,9753,0,0,0,0,1
2020-09-15,US,Minnesota,Swift,96,1,0,45.2829032,-95.68264092,27151.0,1036.0457586876753,1.0416666666666667,95,96,1,0,95,94,9345,0,0,0,0,2
2020-09-15,US,Minnesota,Todd,470,2,0,46.06996226,-94.89785296,27153.0,1905.6114174505346,0.425531914893617,468,469,2,0,467,468,24582,1,0,0,1,1
2020-09-15,US,Minnesota,Traverse,29,0,0,45.77298854,-96.47062949,27155.0,889.8435102792267,0.0,29,29,0,0,29,29,3308,0,0,0,0,0
2020-09-15,US,Minnesota,Unassigned,153,52,0,0.0,0.0,90027.0,0.0,33.98692810457516,101,156,52,0,104,147,,-3,0,0,-3,9
2020-09-15,US,Minnesota,Wabasha,154,0,0,44.28424356,-92.23121312,27157.0,712.0728718731218,0.0,154,152,0,0,152,151,21645,2,0,0,2,1
2020-09-15,US,Minnesota,Wadena,59,0,0,46.58589171,-94.96968506,27159.0,431.2235053354773,0.0,59,61,0,0,61,59,13773,-2,0,0,-2,2
2020-09-15,US,Minnesota,Waseca,397,8,0,44.02211116,-93.58720034,27161.0,2133.0324521813877,2.0151133501259446,389,393,8,0,385,392,18691,4,0,0,4,1
2020-09-15,US,Minnesota,Washington,3416,55,0,45.03864533,-92.88429635,27163.0,1301.630848955952,1.6100702576112411,3361,3407,55,0,3352,3384,259201,9,0,0,9,23
2020-09-15,US,Minnesota,Watonwan,476,4,0,43.97823903,-94.61413846,27165.0,4368.174726989079,0.8403361344537815,472,475,4,0,471,473,10980,1,0,0,1,2
2020-09-15,US,Minnesota,Wilkin,55,3,0,46.35721532,-96.4684375,27167.0,886.0963428387305,5.454545454545454,52,55,3,0,52,55,6254,0,0,0,0,0
2020-09-15,US,Minnesota,Winona,694,17,0,43.98772283,-91.78081305,27169.0,1374.6929720307426,2.44956772334294,677,679,17,0,662,677,50825,15,0,0,15,2
2020-09-15,US,Minnesota,Wright,1455,7,0,45.17297924,-93.96234781,27171.0,1051.4753174299196,0.4810996563573883,1448,1447,7,0,1440,1439,136349,8,0,0,8,8
2020-09-15,US,Minnesota,Yellow Medicine,134,1,0,44.71710183,-95.86842453,27173.0,1380.1627356061385,0.746268656716418,133,132,1,0,131,132,9795,2,0,0,2,0
2020-09-15,US,Mississippi,Adams,877,32,0,31.47669768,-91.35326037,28001.0,2857.3290326784613,3.648802736602053,845,863,32,0,831,862,31192,14,0,0,14,1
2020-09-15,US,Mississippi,Alcorn,736,9,0,34.88084463,-88.57996173,28003.0,1991.7192108895083,1.2228260869565215,727,732,9,0,723,729,36925,4,0,0,4,3
2020-09-15,US,Mississippi,Amite,293,10,0,31.17467303,-90.80501621,28005.0,2382.6949662519314,3.4129692832764507,283,291,10,0,281,291,12326,2,0,0,2,0
2020-09-15,US,Mississippi,Attala,624,25,0,33.08658803,-89.57838564,28007.0,3433.4763948497853,4.006410256410256,599,619,25,0,594,619,18365,5,0,0,5,0
2020-09-15,US,Mississippi,Benton,208,1,0,34.81681228,-89.18945516,28009.0,2518.4647051701177,0.4807692307692308,207,206,1,0,205,206,8271,2,0,0,2,0
2020-09-15,US,Mississippi,Bolivar,1727,62,0,33.79696941,-90.87372121,28011.0,5638.631317748465,3.590040532715692,1665,1708,60,0,1648,1708,31333,19,2,0,17,0
2020-09-15,US,Mississippi,Calhoun,502,12,0,33.93683395,-89.33686647,28013.0,3495.5783023466333,2.3904382470119523,490,502,12,0,490,502,14436,0,0,0,0,0
2020-09-15,US,Mississippi,Carroll,304,12,0,33.44834567,-89.91994479,28015.0,3056.197848597567,3.947368421052632,292,303,12,0,291,303,9911,1,0,0,1,0
2020-09-15,US,Mississippi,Chickasaw,626,24,0,33.91983202,-88.9481545,28017.0,3660.176577208677,3.8338658146964857,602,624,24,0,600,621,17171,2,0,0,2,3
2020-09-15,US,Mississippi,Choctaw,176,5,0,33.34598242,-89.24809382,28019.0,2143.727161997564,2.8409090909090913,171,174,5,0,169,174,8278,2,0,0,2,0
2020-09-15,US,Mississippi,Claiborne,447,16,0,31.97061673,-90.90702196,28021.0,4973.297730307076,3.5794183445190155,431,447,16,0,431,447,9002,0,0,0,0,0
2020-09-15,US,Mississippi,Clarke,518,37,0,32.04158545,-88.68896219999998,28023.0,3333.1188469210474,7.142857142857142,481,508,37,0,471,508,15604,10,0,0,10,0
2020-09-15,US,Mississippi,Clay,553,16,0,33.65358105,-88.77784255,28025.0,2862.9115758956304,2.8933092224231465,537,547,16,0,531,544,19386,6,0,0,6,3
2020-09-15,US,Mississippi,Coahoma,1079,24,0,34.22772299,-90.60415045,28027.0,4877.056590128367,2.2242817423540315,1055,1073,24,0,1049,1072,22628,6,0,0,6,1
2020-09-15,US,Mississippi,Copiah,1139,33,0,31.86977774,-90.44565118,28029.0,4058.435774095849,2.8972783143107987,1106,1137,33,0,1104,1136,28543,2,0,0,2,1
2020-09-15,US,Mississippi,Covington,783,20,0,31.63225413,-89.55389939,28031.0,4201.545396007728,2.554278416347382,763,776,19,0,757,774,18853,7,1,0,6,2
2020-09-15,US,Mississippi,DeSoto,5224,53,0,34.87625235,-89.99091418,28033.0,2824.623536727135,1.0145482388973963,5171,5173,53,0,5120,5154,182001,51,0,0,51,19
2020-09-15,US,Mississippi,Forrest,2284,68,0,31.18961454,-89.25832496,28035.0,3049.5213426438977,2.9772329246935203,2216,2281,68,0,2213,2277,75036,3,0,0,3,4
2020-09-15,US,Mississippi,Franklin,182,3,0,31.47786634,-90.89672989,28037.0,2359.652534681706,1.6483516483516485,179,182,3,0,179,182,7788,0,0,0,0,0
2020-09-15,US,Mississippi,George,737,13,0,30.86259065,-88.64436789,28039.0,3008.1632653061224,1.7639077340569878,724,729,13,0,716,729,24250,8,0,0,8,0
2020-09-15,US,Mississippi,Greene,328,16,0,31.21444233,-88.63922281,28041.0,2414.249963197409,4.878048780487805,312,326,16,0,310,326,13586,2,0,0,2,0
2020-09-15,US,Mississippi,Grenada,1021,34,0,33.77036166,-89.80245083,28043.0,4918.585605549668,3.3300685602350635,987,1014,33,0,981,1011,21055,7,1,0,6,3
2020-09-15,US,Mississippi,Hancock,542,20,0,30.41830223,-89.48851033,28045.0,1137.8904937856905,3.690036900369004,522,540,20,0,520,538,47334,2,0,0,2,2
2020-09-15,US,Mississippi,Harrison,3632,71,0,30.51359752,-89.12467576,28047.0,1745.4825067281815,1.9548458149779733,3561,3625,69,0,3556,3619,206650,7,2,0,5,6
2020-09-15,US,Mississippi,Hinds,6846,152,0,32.2656285,-90.44435448,28049.0,2952.898550724637,2.22027461291265,6694,6820,151,0,6669,6816,237085,26,1,0,25,4
2020-09-15,US,Mississippi,Holmes,1075,58,0,33.12345854,-90.08923538,28051.0,6319.811875367431,5.395348837209302,1017,1075,57,0,1018,1075,17622,0,1,0,-1,0
2020-09-15,US,Mississippi,Humphreys,365,15,0,33.12825718,-90.52252707,28053.0,4526.289682539683,4.109589041095891,350,364,15,0,349,362,8257,1,0,0,1,2
2020-09-15,US,Mississippi,Issaquena,102,3,0,32.72531359,-90.97392828,28055.0,7686.510926902788,2.9411764705882355,99,99,3,0,96,98,1308,3,0,0,3,1
2020-09-15,US,Mississippi,Itawamba,712,20,0,34.27993475,-88.3606733,28057.0,3044.0359127832407,2.808988764044944,692,692,20,0,672,690,23517,20,0,0,20,2
2020-09-15,US,Mississippi,Jackson,3301,66,0,30.54020656,-88.64184064,28059.0,2298.4744145888017,1.9993941229930323,3235,3297,66,0,3231,3290,143277,4,0,0,4,7
2020-09-15,US,Mississippi,Jasper,530,13,0,32.01922104,-89.11786866,28061.0,3235.060733687359,2.452830188679245,517,526,13,0,513,523,16428,4,0,0,4,3
2020-09-15,US,Mississippi,Jefferson,233,9,0,31.73397872,-91.03764977,28063.0,3333.333333333333,3.862660944206009,224,232,9,0,223,232,7106,1,0,0,1,0
2020-09-15,US,Mississippi,Jefferson Davis,317,11,0,31.56884708,-89.82670990000004,28065.0,2848.6700215672167,3.470031545741325,306,315,10,0,305,313,11234,2,1,0,1,2
2020-09-15,US,Mississippi,Jones,2315,77,0,31.62257767,-89.16896899999998,28067.0,3399.5124673265004,3.3261339092872566,2238,2298,76,0,2222,2293,68461,17,1,0,16,5
2020-09-15,US,Mississippi,Kemper,284,15,0,32.75462946,-88.64105766,28069.0,2915.212482036543,5.28169014084507,269,281,15,0,266,281,10027,3,0,0,3,0
2020-09-15,US,Mississippi,Lafayette,1975,39,0,34.35687874,-89.48490961,28071.0,3656.1209944649104,1.9746835443037976,1936,1958,39,0,1919,1939,54793,17,0,0,17,19
2020-09-15,US,Mississippi,Lamar,1540,33,0,31.20572971,-89.5077704,28073.0,2431.207868272737,2.142857142857143,1507,1536,33,0,1503,1536,62447,4,0,0,4,0
2020-09-15,US,Mississippi,Lauderdale,1965,122,0,32.40419769,-88.66229662,28075.0,2650.927487352445,6.208651399491093,1843,1952,119,0,1833,1948,75317,13,3,0,10,4
2020-09-15,US,Mississippi,Lawrence,421,12,0,31.55147224,-90.10841127,28077.0,3344.986492928651,2.8503562945368173,409,421,12,0,409,420,12455,0,0,0,0,1
2020-09-15,US,Mississippi,Leake,928,35,0,32.7536828,-89.52402044,28079.0,4072.676204687089,3.771551724137931,893,925,33,0,892,925,22763,3,2,0,1,0
2020-09-15,US,Mississippi,Lee,2489,65,0,34.291877500000005,-88.68149954,28081.0,2913.2918207781263,2.611490558457212,2424,2472,64,0,2408,2460,85202,17,1,0,16,12
2020-09-15,US,Mississippi,Leflore,1326,79,0,33.55545125,-90.29900733,28083.0,4704.963985381258,5.957767722473606,1247,1322,79,0,1243,1320,28919,4,0,0,4,2
2020-09-15,US,Mississippi,Lincoln,1026,52,0,31.53288662,-90.45391915,28085.0,3004.128480660557,5.0682261208577,974,1025,52,0,973,1024,34205,1,0,0,1,1
2020-09-15,US,Mississippi,Lowndes,1374,56,0,33.47386518,-88.44191529999998,28087.0,2344.909975253861,4.075691411935954,1318,1365,56,0,1309,1364,58930,9,0,0,9,1
2020-09-15,US,Mississippi,Madison,3146,85,0,32.63389156,-90.03513564,28089.0,2960.328214393255,2.7018436109345196,3061,3136,85,0,3051,3134,105630,10,0,0,10,2
2020-09-15,US,Mississippi,Marion,824,31,0,31.23132643,-89.8209217,28091.0,3353.2739185284668,3.762135922330097,793,823,30,0,793,823,24715,1,1,0,0,0
2020-09-15,US,Mississippi,Marshall,1052,14,0,34.76216286,-89.50299462,28093.0,2980.676602255341,1.3307984790874523,1038,1052,14,0,1038,1053,35451,0,0,0,0,-1
2020-09-15,US,Mississippi,Monroe,1151,65,0,33.89236763,-88.4808438,28095.0,3265.062975150346,5.647263249348392,1086,1146,65,0,1081,1144,35564,5,0,0,5,2
2020-09-15,US,Mississippi,Montgomery,438,20,0,33.49419589,-89.61729103,28097.0,4480.818414322251,4.5662100456621015,418,438,19,0,419,437,10023,0,1,0,-1,1
2020-09-15,US,Mississippi,Neshoba,1505,102,0,32.75339664,-89.11726492,28099.0,5168.624218696339,6.777408637873754,1403,1497,102,0,1395,1497,29125,8,0,0,8,0
2020-09-15,US,Mississippi,Newton,736,22,0,32.40021118,-89.11843336,28101.0,3501.760395851175,2.989130434782609,714,732,22,0,710,730,21443,4,0,0,4,2
2020-09-15,US,Mississippi,Noxubee,539,15,0,33.11009499,-88.56949061,28103.0,5174.234424498416,2.782931354359926,524,539,15,0,524,539,10535,0,0,0,0,0
2020-09-15,US,Mississippi,Oktibbeha,1708,48,0,33.42491685,-88.87905132,28105.0,3444.4511666364174,2.8103044496487115,1660,1694,47,0,1647,1691,49599,14,1,0,13,3
2020-09-15,US,Mississippi,Panola,1379,26,0,34.36398677,-89.95064249,28107.0,4033.10715956949,1.8854242204496008,1353,1367,26,0,1341,1365,34178,12,0,0,12,2
2020-09-15,US,Mississippi,Pearl River,828,49,0,30.77090935,-89.58677275,28109.0,1490.9516521112812,5.9178743961352644,779,823,49,0,774,822,55387,5,0,0,5,1
2020-09-15,US,Mississippi,Perry,377,16,0,31.17161885,-88.99281835,28111.0,3148.7513572204125,4.244031830238727,361,374,15,0,359,374,11931,3,1,0,2,0
2020-09-15,US,Mississippi,Pike,1192,48,0,31.17507789,-90.40392572,28113.0,3034.005294237427,4.026845637583893,1144,1185,48,0,1137,1185,39563,7,0,0,7,0
2020-09-15,US,Mississippi,Pontotoc,1176,16,0,34.226046000000004,-89.03636807,28115.0,3655.1252564182255,1.3605442176870748,1160,1168,15,0,1153,1163,31833,8,1,0,7,5
2020-09-15,US,Mississippi,Prentiss,755,17,0,34.61810501,-88.51986294,28117.0,3004.855528138184,2.2516556291390732,738,742,17,0,725,735,25315,13,0,0,13,7
2020-09-15,US,Mississippi,Quitman,356,5,0,34.25157572,-90.28908,28119.0,5241.460541813899,1.404494382022472,351,354,5,0,349,354,7051,2,0,0,2,0
2020-09-15,US,Mississippi,Rankin,3094,73,0,32.26469147,-89.94537876,28121.0,1992.6451172466204,2.3594053005817712,3021,3075,72,0,3003,3075,153902,19,1,0,18,0
2020-09-15,US,Mississippi,Scott,1147,25,0,32.406704100000006,-89.53789439,28123.0,4078.367230834874,2.1795989537925022,1122,1141,24,0,1117,1141,28287,6,1,0,5,0
2020-09-15,US,Mississippi,Sharkey,258,11,0,32.88149103,-90.81595379999999,28125.0,5970.840083314048,4.263565891472869,247,250,11,0,239,257,4377,8,0,0,8,-7
2020-09-15,US,Mississippi,Simpson,997,40,0,31.91282117,-89.91716179,28127.0,3739.965488783855,4.012036108324976,957,994,40,0,954,993,26758,3,0,0,3,1
2020-09-15,US,Mississippi,Smith,511,14,0,32.01744532,-89.50644846,28129.0,3210.6056798190502,2.7397260273972597,497,511,13,0,498,509,16002,0,1,0,-1,2
2020-09-15,US,Mississippi,Stone,344,11,0,30.79187949,-89.11547539,28131.0,1876.0907504363001,3.197674418604651,333,343,11,0,332,341,18717,1,0,0,1,2
2020-09-15,US,Mississippi,Sunflower,1357,42,0,33.60192578,-90.58882684,28133.0,5404.2214257268015,3.0950626381724398,1315,1338,42,0,1296,1338,25735,19,0,0,19,0
2020-09-15,US,Mississippi,Tallahatchie,710,16,0,33.95339918,-90.1729398,28135.0,5141.574335578246,2.2535211267605635,694,703,16,0,687,703,13987,7,0,0,7,0
2020-09-15,US,Mississippi,Tate,918,36,0,34.65133709,-89.94485778,28137.0,3241.410967126867,3.92156862745098,882,914,36,0,878,914,28759,4,0,0,4,0
2020-09-15,US,Mississippi,Tippah,613,16,0,34.76872156,-88.90988194,28139.0,2784.465137406313,2.6101141924959217,597,611,16,0,595,611,21995,2,0,0,2,0
2020-09-15,US,Mississippi,Tishomingo,631,34,0,34.74023475,-88.23917219,28141.0,3255.4300159933964,5.388272583201268,597,629,34,0,595,628,19454,2,0,0,2,1
2020-09-15,US,Mississippi,Tunica,465,13,0,34.64967704,-90.37481167,28143.0,4827.65780730897,2.795698924731183,452,463,13,0,450,464,9944,2,0,0,2,-1
2020-09-15,US,Mississippi,Union,957,23,0,34.49162015,-89.00776006,28145.0,3321.186881832379,2.4033437826541277,934,952,23,0,929,952,28606,5,0,0,5,0
2020-09-15,US,Mississippi,Walthall,581,25,0,31.14971548,-90.10446654,28147.0,4066.918661626768,4.3029259896729775,556,579,24,0,555,579,14465,2,1,0,1,0
2020-09-15,US,Mississippi,Warren,1360,48,0,32.35810271,-90.83352619,28149.0,2996.848901522664,3.5294117647058822,1312,1354,48,0,1306,1354,46176,6,0,0,6,0
2020-09-15,US,Mississippi,Washington,2128,71,0,33.28392041,-90.94196237,28151.0,4846.386845521421,3.3364661654135337,2057,2126,71,0,2055,2123,45063,2,0,0,2,3
2020-09-15,US,Mississippi,Wayne,864,21,0,31.64135687,-88.69573913,28153.0,4280.8304018233175,2.430555555555556,843,863,21,0,842,863,20298,1,0,0,1,0
2020-09-15,US,Mississippi,Webster,324,13,0,33.61300486,-89.28392912,28155.0,3343.998348642791,4.012345679012347,311,323,13,0,310,321,9788,1,0,0,1,2
2020-09-15,US,Mississippi,Wilkinson,296,17,0,31.16078225,-91.31018819,28157.0,3429.8957126303594,5.743243243243242,279,290,17,0,273,290,8792,6,0,0,6,0
2020-09-15,US,Mississippi,Winston,718,19,0,33.08747908,-89.03391385,28159.0,3998.886104149262,2.6462395543175488,699,717,19,0,698,717,18165,1,0,0,1,0
2020-09-15,US,Mississippi,Yalobusha,406,14,0,34.02824175,-89.70762049999998,28161.0,3353.1549388833832,3.4482758620689653,392,405,13,0,392,405,12392,1,1,0,0,0
2020-09-15,US,Mississippi,Yazoo,1016,25,0,32.77890365,-90.39656148,28163.0,3422.0276187268437,2.4606299212598426,991,1012,23,0,989,1009,28248,4,2,0,2,3
2020-09-15,US,Missouri,Adair,294,0,0,40.19058551,-92.60078167,29001.0,1160.0836522905734,0.0,294,292,0,0,292,292,25339,2,0,0,2,0
2020-09-15,US,Missouri,Andrew,189,1,0,39.98492163,-94.80163024,29003.0,1067.0731707317073,0.5291005291005291,188,187,1,0,186,180,17607,2,0,0,2,7
2020-09-15,US,Missouri,Atchison,41,0,0,40.43238737,-95.42970639,29005.0,797.2000777756174,0.0,41,41,0,0,41,41,5171,0,0,0,0,0
2020-09-15,US,Missouri,Audrain,372,2,0,39.215877,-91.84242683,29007.0,1465.2591775642036,0.5376344086021505,370,371,2,0,369,344,25473,1,0,0,1,27
2020-09-15,US,Missouri,Barry,411,5,0,36.70978521,-93.82919888,29009.0,1148.3975523205454,1.2165450121654502,406,410,5,0,405,409,35886,1,0,0,1,1
2020-09-15,US,Missouri,Barton,153,0,0,37.50207671,-94.34757022,29011.0,1301.6845329249618,0.0,153,152,0,0,152,145,11798,1,0,0,1,7
2020-09-15,US,Missouri,Bates,84,1,0,38.25271289,-94.34113157,29013.0,519.4162750432847,1.1904761904761905,83,83,1,0,82,82,16320,1,0,0,1,1
2020-09-15,US,Missouri,Benton,188,2,0,38.29503305,-93.28756116,29015.0,966.9289718664817,1.0638297872340423,186,183,1,0,182,180,19278,5,1,0,4,3
2020-09-15,US,Missouri,Bollinger,263,1,0,37.32449052,-90.02725304,29017.0,2167.6419681859397,0.3802281368821293,262,263,1,0,262,250,12169,0,0,0,0,13
2020-09-15,US,Missouri,Boone,4182,6,0,38.99186229,-92.30723575,29019.0,2317.3725361985557,0.14347202295552364,4176,4131,6,0,4125,4071,180005,51,0,0,51,60
2020-09-15,US,Missouri,Buchanan,1598,13,0,39.65816401,-94.80138942,29021.0,1829.128702898219,0.8135168961201502,1585,1559,13,0,1546,1547,88571,39,0,0,39,12
2020-09-15,US,Missouri,Butler,492,4,0,36.71462476,-90.40421163,29023.0,1158.2466217806864,0.8130081300813008,488,490,4,0,486,484,42639,2,0,0,2,6
2020-09-15,US,Missouri,Caldwell,60,1,0,39.65620858,-93.98308093,29025.0,665.1884700665189,1.6666666666666667,59,59,1,0,58,56,9108,1,0,0,1,3
2020-09-15,US,Missouri,Callaway,532,2,0,38.83674754,-91.92186505,29027.0,1189.0128064725207,0.3759398496240601,530,526,2,0,524,506,44889,6,0,0,6,20
2020-09-15,US,Missouri,Camden,722,10,0,38.02199522,-92.76083747,29029.0,1559.2268653493145,1.3850415512465375,712,712,9,0,703,683,45815,10,1,0,9,29
2020-09-15,US,Missouri,Cape Girardeau,1339,9,0,37.38489388,-89.6843587,29031.0,1697.7089170924673,0.6721433905899925,1330,1316,9,0,1307,1276,78753,23,0,0,23,40
2020-09-15,US,Missouri,Carroll,128,1,0,39.42762566,-93.50626255,29033.0,1474.8242885125014,0.78125,127,128,1,0,127,126,8743,0,0,0,0,2
2020-09-15,US,Missouri,Carter,53,1,0,36.94160441,-90.96051322,29035.0,885.9913072550986,1.8867924528301887,52,51,1,0,50,50,6054,2,0,0,2,1
2020-09-15,US,Missouri,Cass,1288,16,0,38.64789422,-94.353399,29037.0,1217.6214785403668,1.2422360248447204,1272,1270,16,0,1254,1255,104954,18,0,0,18,15
2020-09-15,US,Missouri,Cedar,70,0,0,37.72391475,-93.85445441,29039.0,487.8388737891143,0.0,70,70,0,0,70,70,14165,0,0,0,0,0
2020-09-15,US,Missouri,Chariton,42,0,0,39.51499357,-92.9629191,29041.0,565.5803932130352,0.0,42,41,0,0,41,42,7451,1,0,0,1,-1
2020-09-15,US,Missouri,Christian,1068,3,0,36.9711783,-93.18537118,29043.0,1205.4856368869575,0.2808988764044944,1065,1045,3,0,1042,1025,86983,23,0,0,23,20
2020-09-15,US,Missouri,Clark,55,0,0,40.41040752,-91.73661677,29045.0,809.180520818008,0.0,55,55,0,0,55,54,6842,0,0,0,0,1
2020-09-15,US,Missouri,Clay,1642,39,0,39.31132056,-94.41850862,29047.0,656.9366428217069,2.3751522533495737,1603,1624,39,0,1585,1608,246365,18,0,0,18,16
2020-09-15,US,Missouri,Clinton,185,0,0,39.6013098,-94.40465394,29049.0,907.4410163339385,0.0,185,179,0,0,179,179,20470,6,0,0,6,0
2020-09-15,US,Missouri,Cole,1233,7,0,38.50455671,-92.27860244,29051.0,1606.6193237344453,0.5677210056772101,1226,1218,7,0,1211,1198,76796,15,0,0,15,20
2020-09-15,US,Missouri,Cooper,350,2,0,38.844478,-92.80896081,29053.0,1976.396182731944,0.5714285714285714,348,343,2,0,341,335,17603,7,0,0,7,8
2020-09-15,US,Missouri,Crawford,294,2,0,37.97663738,-91.30528104,29055.0,1229.0969899665552,0.6802721088435374,292,280,2,0,278,249,23957,14,0,0,14,31
2020-09-15,US,Missouri,Dade,44,0,0,37.431814,-93.8503345,29057.0,581.933606665785,0.0,44,42,0,0,42,41,7569,2,0,0,2,1
2020-09-15,US,Missouri,Dallas,154,1,0,37.681135499999996,-93.02127031,29059.0,912.430382746771,0.6493506493506493,153,152,1,0,151,147,16762,2,0,0,2,5
2020-09-15,US,Missouri,Daviess,69,0,0,39.96145298,-93.98519678,29061.0,833.5346702101957,0.0,69,68,0,0,68,66,8313,1,0,0,1,2
2020-09-15,US,Missouri,DeKalb,101,2,0,39.89201062,-94.40476508,29063.0,804.9733003905316,1.98019801980198,99,93,2,0,91,93,12630,8,0,0,8,0
2020-09-15,US,Missouri,Dent,94,0,0,37.60663134,-91.50790473,29065.0,603.6088101200796,0.0,94,87,0,0,87,84,15441,7,0,0,7,3
2020-09-15,US,Missouri,Douglas,139,3,0,36.9325593,-92.49905109,29067.0,1054.2282897231703,2.1582733812949644,136,137,3,0,134,137,13373,2,0,0,2,0
2020-09-15,US,Missouri,Dunklin,647,6,0,36.27167174,-90.09122243,29069.0,2221.001682056916,0.927357032457496,641,641,6,0,635,636,29423,6,0,0,6,5
2020-09-15,US,Missouri,Franklin,1376,23,0,38.41127108,-91.07522826,29071.0,1323.496878817317,1.6715116279069768,1353,1347,23,0,1324,1329,103670,29,0,0,29,18
2020-09-15,US,Missouri,Gasconade,140,6,0,38.43947277,-91.50847147,29073.0,951.9923840609276,4.285714285714286,134,135,6,0,129,135,14705,5,0,0,5,0
2020-09-15,US,Missouri,Gentry,109,9,0,40.21097916,-94.40944419,29075.0,1658.8038350327195,8.256880733944952,100,109,9,0,100,108,6628,0,0,0,0,1
2020-09-15,US,Missouri,Greene,4872,19,0,37.2575872,-93.34230916,29077.0,1662.3107210852786,0.3899835796387521,4853,4758,19,0,4739,4660,291923,114,0,0,114,98
2020-09-15,US,Missouri,Grundy,141,2,0,40.11406587,-93.56509276,29079.0,1431.4720812182736,1.4184397163120568,139,138,1,0,137,130,9914,3,1,0,2,8
2020-09-15,US,Missouri,Harrison,97,1,0,40.35570088,-93.99222144,29081.0,1161.3984674329504,1.0309278350515465,96,97,1,0,96,94,8414,0,0,0,0,3
2020-09-15,US,Missouri,Henry,149,4,0,38.38482826,-93.79293734,29083.0,682.7346041055719,2.684563758389262,145,148,4,0,144,145,21792,1,0,0,1,3
2020-09-15,US,Missouri,Hickory,74,2,0,37.94163617,-93.3203037,29085.0,775.3562447611066,2.702702702702702,72,74,2,0,72,72,9509,0,0,0,0,2
2020-09-15,US,Missouri,Holt,72,0,0,40.09799248,-95.21638879999999,29087.0,1635.2486940722235,0.0,72,72,0,0,72,72,4404,0,0,0,0,0
2020-09-15,US,Missouri,Howard,151,2,0,39.1435761,-92.69756691,29089.0,1509.84901509849,1.3245033112582782,149,147,2,0,145,149,10137,4,0,0,4,-2
2020-09-15,US,Missouri,Howell,431,3,0,36.77383887,-91.88683935,29091.0,1074.3575042999228,0.6960556844547564,428,415,3,0,412,396,40076,16,0,0,16,19
2020-09-15,US,Missouri,Iron,43,0,0,37.55487945,-90.7735296,29093.0,424.6913580246914,0.0,43,43,0,0,43,43,10177,0,0,0,0,0
2020-09-15,US,Missouri,Jackson,6609,88,0,39.01002188,-94.34724536,29095.0,940.0990880654783,1.331517627477682,6521,6527,87,0,6440,6473,700307,82,1,0,81,54
2020-09-15,US,Missouri,Jasper,3194,42,0,37.20351921,-94.34050458,29097.0,2632.533298166953,1.3149655604257984,3152,3135,40,0,3095,3110,120636,59,2,0,57,25
2020-09-15,US,Missouri,Jefferson,3536,49,0,38.25926778,-90.53870896,29099.0,1570.9899991558593,1.3857466063348416,3487,3466,47,0,3419,3425,224347,70,2,0,68,41
2020-09-15,US,Missouri,Johnson,905,4,0,38.74719601,-93.80691168,29101.0,1674.0039214235508,0.4419889502762431,901,888,4,0,884,853,53652,17,0,0,17,35
2020-09-15,US,Missouri,Kansas City,10250,99,0,39.0997,-94.5786,0.0,2096.3588802784784,0.9658536585365852,10151,10219,97,0,10122,10146,491918,31,2,0,29,73
2020-09-15,US,Missouri,Knox,46,0,0,40.12699751,-92.14780832,29103.0,1161.9095731245266,0.0,46,46,0,0,46,45,3947,0,0,0,0,1
2020-09-15,US,Missouri,Laclede,437,2,0,37.65896829,-92.5888493,29105.0,1223.301514430479,0.4576659038901602,435,418,2,0,416,402,35713,19,0,0,19,16
2020-09-15,US,Missouri,Lafayette,350,2,0,39.06986886,-93.78076396,29107.0,1070.074599486364,0.5714285714285714,348,346,2,0,344,320,32598,4,0,0,4,26
2020-09-15,US,Missouri,Lawrence,454,2,0,37.10626634,-93.83293097,29109.0,1183.6787902489898,0.4405286343612335,452,448,2,0,446,441,38359,6,0,0,6,7
2020-09-15,US,Missouri,Lewis,69,2,0,40.09673161,-91.72070156,29111.0,705.810147299509,2.898550724637681,67,69,2,0,67,69,9855,0,0,0,0,0
2020-09-15,US,Missouri,Lincoln,682,2,0,39.05345619,-90.95588181,29113.0,1155.677562570959,0.2932551319648094,680,675,2,0,673,666,57686,7,0,0,7,9
2020-09-15,US,Missouri,Linn,52,1,0,39.87001769,-93.10704106,29115.0,436.241610738255,1.9230769230769231,51,50,1,0,49,48,12037,2,0,0,2,2
2020-09-15,US,Missouri,Livingston,360,1,0,39.78110272,-93.54645978,29117.0,2364.2214487423653,0.2777777777777778,359,356,1,0,355,351,15146,4,0,0,4,5
2020-09-15,US,Missouri,Macon,109,0,0,39.83049768,-92.56453089,29121.0,721.0425348944898,0.0,109,106,0,0,106,104,15153,3,0,0,3,2
2020-09-15,US,Missouri,Madison,247,0,0,37.47865134,-90.34671429999999,29123.0,2043.348775645268,0.0,247,242,0,0,242,238,12188,5,0,0,5,4
2020-09-15,US,Missouri,Maries,62,0,0,38.16193985,-91.92249662,29125.0,712.8895021271702,0.0,62,61,0,0,61,59,8769,1,0,0,1,2
2020-09-15,US,Missouri,Marion,610,7,0,39.80601912,-91.62203062,29127.0,2138.1002453557653,1.147540983606557,603,604,7,0,597,595,28592,6,0,0,6,9
2020-09-15,US,Missouri,McDonald,1017,10,0,36.62869595,-94.34867205,29119.0,4453.2994701580765,0.983284169124877,1007,1018,10,0,1008,1016,23078,-1,0,0,-1,2
2020-09-15,US,Missouri,Mercer,28,0,0,40.42212303,-93.56829590000001,29129.0,774.1222007188278,0.0,28,27,0,0,27,27,3641,1,0,0,1,0
2020-09-15,US,Missouri,Miller,375,1,0,38.21450288,-92.42610898,29131.0,1463.75736757875,0.26666666666666666,374,363,1,0,362,355,25336,12,0,0,12,8
2020-09-15,US,Missouri,Mississippi,270,3,0,36.82516239,-89.29505753,29133.0,2048.55842185129,1.1111111111111112,267,268,3,0,265,263,13336,2,0,0,2,5
2020-09-15,US,Missouri,Moniteau,251,4,0,38.63571781,-92.57976951,29135.0,1555.9137118770145,1.593625498007968,247,247,4,0,243,225,16121,4,0,0,4,22
2020-09-15,US,Missouri,Monroe,82,0,0,39.49593978,-92.00043978,29137.0,948.6348912540492,0.0,82,82,0,0,82,82,8664,0,0,0,0,0
2020-09-15,US,Missouri,Montgomery,68,1,0,38.94022054,-91.47000721,29139.0,588.6936196000346,1.4705882352941178,67,68,1,0,67,67,11534,0,0,0,0,1
2020-09-15,US,Missouri,Morgan,220,1,0,38.4181765,-92.88791859,29141.0,1066.5632423522568,0.4545454545454545,219,210,1,0,209,199,20358,10,0,0,10,11
2020-09-15,US,Missouri,New Madrid,489,12,0,36.59666326,-89.66070007,29143.0,2863.668306394941,2.4539877300613497,477,485,12,0,473,479,17296,4,0,0,4,6
2020-09-15,US,Missouri,Newton,1229,14,0,36.90519407,-94.3394104,29145.0,2110.3784600590693,1.1391375101708707,1215,1218,14,0,1204,1214,58266,11,0,0,11,4
2020-09-15,US,Missouri,Nodaway,682,7,0,40.36079813,-94.88133008,29147.0,3087.0903494477643,1.0263929618768328,675,677,7,0,670,677,22304,5,0,0,5,0
2020-09-15,US,Missouri,Oregon,82,0,0,36.68710164,-91.4033755,29149.0,778.8014056415615,0.0,82,81,0,0,81,80,10541,1,0,0,1,1
2020-09-15,US,Missouri,Osage,115,1,0,38.46036182,-91.8613635,29151.0,844.6566287183254,0.8695652173913043,114,111,1,0,110,109,13714,4,0,0,4,2
2020-09-15,US,Missouri,Ozark,92,0,0,36.64916339,-92.44459066,29153.0,1002.8340963592764,0.0,92,87,0,0,87,82,9017,5,0,0,5,5
2020-09-15,US,Missouri,Pemiscot,434,9,0,36.2130572,-89.78742322,29155.0,2745.9664663081303,2.0737327188940093,425,425,9,0,416,426,16272,9,0,0,9,-1
2020-09-15,US,Missouri,Perry,533,4,0,37.70660776,-89.82741088,29157.0,2785.326086956521,0.7504690431519699,529,527,4,0,523,516,19150,6,0,0,6,11
2020-09-15,US,Missouri,Pettis,919,8,0,38.72798918,-93.28471706,29159.0,2170.575592243558,0.8705114254624592,911,907,8,0,899,894,42542,12,0,0,12,13
2020-09-15,US,Missouri,Phelps,353,1,0,37.87736118,-91.79351727,29161.0,791.9592578466785,0.28328611898017,352,353,1,0,352,338,44732,0,0,0,0,15
2020-09-15,US,Missouri,Pike,209,2,0,39.34310674,-91.16980779,29163.0,1141.9516992678396,0.9569377990430622,207,189,2,0,187,189,18504,20,0,0,20,0
2020-09-15,US,Missouri,Platte,583,10,0,39.38154439,-94.77068479,29165.0,558.3328544886897,1.7152658662092624,573,576,10,0,566,571,102985,7,0,0,7,5
2020-09-15,US,Missouri,Polk,417,1,0,37.616229600000004,-93.39828174,29167.0,1297.0854458925628,0.23980815347721826,416,410,1,0,409,390,32201,7,0,0,7,20
2020-09-15,US,Missouri,Pulaski,489,4,0,37.82462075,-92.20783203,29169.0,929.5340924211607,0.8179959100204499,485,475,3,0,472,460,52014,14,1,0,13,15
2020-09-15,US,Missouri,Putnam,30,1,0,40.47942497,-93.02042674,29171.0,638.8415672913118,3.333333333333333,29,30,1,0,29,30,4757,0,0,0,0,0
2020-09-15,US,Missouri,Ralls,137,0,0,39.52817427,-91.51838643,29173.0,1328.9358812687942,0.0,137,135,0,0,135,134,10212,2,0,0,2,1
2020-09-15,US,Missouri,Randolph,187,2,0,39.44007257,-92.49713740000001,29175.0,755.6166154840795,1.0695187165775402,185,185,1,0,184,182,24763,2,1,0,1,3
2020-09-15,US,Missouri,Ray,146,0,0,39.353746799999996,-93.98905745,29177.0,634.2862107915545,0.0,146,142,0,0,142,140,22883,4,0,0,4,2
2020-09-15,US,Missouri,Reynolds,27,0,0,37.36085952,-90.97009925,29179.0,430.62200956937795,0.0,27,26,0,0,26,28,6254,1,0,0,1,-2
2020-09-15,US,Missouri,Ripley,137,0,0,36.65460667,-90.85990261,29181.0,1031.005418422637,0.0,137,132,0,0,132,132,13401,5,0,0,5,0
2020-09-15,US,Missouri,Saline,624,9,0,39.13734288,-93.20259964,29195.0,2741.531567154343,1.4423076923076923,615,622,9,0,613,617,22895,2,0,0,2,5
2020-09-15,US,Missouri,Schuyler,22,0,0,40.46921489,-92.52311943,29197.0,472.1030042918455,0.0,22,22,0,0,22,22,4599,0,0,0,0,0
2020-09-15,US,Missouri,Scotland,24,1,0,40.45214695,-92.14709064,29199.0,489.59608323133415,4.166666666666667,23,23,1,0,22,23,4966,1,0,0,1,0
2020-09-15,US,Missouri,Scott,756,15,0,37.05588075,-89.56474493,29201.0,1974.9216300940438,1.984126984126984,741,752,15,0,737,746,38458,4,0,0,4,6
2020-09-15,US,Missouri,Shannon,69,1,0,37.15772072,-91.40190382,29203.0,844.9669360764142,1.4492753623188406,68,69,1,0,68,67,8189,0,0,0,0,2
2020-09-15,US,Missouri,Shelby,56,1,0,39.79742518,-92.07634971,29205.0,944.3507588532884,1.7857142857142858,55,56,1,0,55,56,6050,0,0,0,0,0
2020-09-15,US,Missouri,St. Charles,6793,109,0,38.77875681,-90.66662425,29183.0,1689.7085234141416,1.6045929633446194,6684,6719,109,0,6610,6660,399182,74,0,0,74,59
2020-09-15,US,Missouri,St. Clair,33,0,0,38.03699437,-93.77631447,29185.0,351.17590720442695,0.0,33,33,0,0,33,33,9395,0,0,0,0,0
2020-09-15,US,Missouri,St. Francois,1748,7,0,37.81214171,-90.47598685,29187.0,2600.609982890724,0.40045766590389015,1741,1684,7,0,1677,1606,66692,64,0,0,64,78
2020-09-15,US,Missouri,St. Louis,22090,774,0,38.63770039999999,-90.4458375,29189.0,2221.875770087658,3.503847894975102,21316,21914,768,0,21146,21831,996945,176,6,0,170,83
2020-09-15,US,Missouri,St. Louis City,6667,192,0,38.63555736,-90.24349225,29510.0,2218.0746300436494,2.87985600719964,6475,6624,192,0,6432,6608,302838,43,0,0,43,16
2020-09-15,US,Missouri,Ste. Genevieve,158,1,0,37.89090059,-90.1949941,29186.0,882.9775343690621,0.6329113924050633,157,155,1,0,154,151,17888,3,0,0,3,4
2020-09-15,US,Missouri,Stoddard,374,9,0,36.85571651,-89.9444155,29207.0,1288.5443583118,2.406417112299465,365,364,9,0,355,358,29206,10,0,0,10,6
2020-09-15,US,Missouri,Stone,359,2,0,36.75000327,-93.45256475,29209.0,1123.560340510766,0.5571030640668524,357,351,2,0,349,348,31749,8,0,0,8,3
2020-09-15,US,Missouri,Sullivan,185,0,0,40.2099105,-93.11150106,29211.0,3038.265725078009,0.0,185,185,0,0,185,184,6221,0,0,0,0,1
2020-09-15,US,Missouri,Taney,1061,22,0,36.65465345,-93.04075153,29213.0,1897.081962523244,2.0735155513666355,1039,1053,22,0,1031,1050,55852,8,0,0,8,3
2020-09-15,US,Missouri,Texas,204,2,0,37.31728859,-91.96564727,29215.0,803.2128514056226,0.9803921568627452,202,199,2,0,197,197,25571,5,0,0,5,2
2020-09-15,US,Missouri,Vernon,132,0,0,37.8457799,-94.34127305,29217.0,641.9296795214707,0.0,132,130,0,0,130,127,20528,2,0,0,2,3
2020-09-15,US,Missouri,Warren,412,0,0,38.76529479,-91.16124662,29219.0,1155.7126427108756,0.0,412,406,0,0,406,402,34711,6,0,0,6,4
2020-09-15,US,Missouri,Washington,304,1,0,37.96130078,-90.87948158,29221.0,1229.2761827739587,0.32894736842105265,303,304,1,0,303,298,24943,0,0,0,0,6
2020-09-15,US,Missouri,Wayne,152,0,0,37.11303869,-90.46001416,29223.0,1180.7659442243455,0.0,152,148,0,0,148,145,13122,4,0,0,4,3
2020-09-15,US,Missouri,Webster,427,2,0,37.2813734,-92.876329,29225.0,1078.5007072135786,0.468384074941452,425,397,2,0,395,379,39109,30,0,0,30,18
2020-09-15,US,Missouri,Worth,18,0,0,40.47945588,-94.42328751,29227.0,894.187779433681,0.0,18,18,0,0,18,18,2040,0,0,0,0,0
2020-09-15,US,Missouri,Wright,165,0,0,37.27029221,-92.46914488,29229.0,902.1816392366997,0.0,165,158,0,0,158,147,18378,7,0,0,7,11
2020-09-15,US,Montana,Beaverhead,75,1,0,45.13434354,-112.89846940000001,30001.0,793.3989209774675,1.3333333333333333,74,74,1,0,73,74,9404,1,0,0,1,0
2020-09-15,US,Montana,Big Horn,791,21,0,45.42335905,-107.492347,30003.0,5938.88430062317,2.6548672566371683,770,782,21,0,761,773,13338,9,0,0,9,9
2020-09-15,US,Montana,Blaine,15,0,0,48.43175214,-108.9582723,30005.0,224.51728783116297,0.0,15,15,0,0,15,15,6807,0,0,0,0,0
2020-09-15,US,Montana,Broadwater,17,0,0,46.33277565,-111.49558130000001,30007.0,272.5669392336059,0.0,17,17,0,0,17,17,6085,0,0,0,0,0
2020-09-15,US,Montana,Carbon,102,0,0,45.22850116,-109.0274047,30009.0,951.0489510489508,0.0,102,100,0,0,100,100,10714,2,0,0,2,0
2020-09-15,US,Montana,Cascade,463,5,0,47.30797024,-111.3467922,30013.0,569.0337487402602,1.079913606911447,458,447,5,0,442,444,81643,16,0,0,16,3
2020-09-15,US,Montana,Chouteau,15,0,0,47.88084126,-110.4353362,30015.0,266.19343389529723,0.0,15,15,0,0,15,15,5745,0,0,0,0,0
2020-09-15,US,Montana,Custer,81,2,0,46.25319932,-105.57375259999998,30017.0,710.4016839151027,2.469135802469136,79,79,2,0,77,79,11586,2,0,0,2,0
2020-09-15,US,Montana,Daniels,3,0,0,48.78420029,-105.54763429999998,30019.0,177.5147928994083,0.0,3,3,0,0,3,3,1747,0,0,0,0,0
2020-09-15,US,Montana,Dawson,60,1,0,47.26584855,-104.89444170000002,30021.0,696.6213862765587,1.6666666666666667,59,60,1,0,59,59,8680,0,0,0,0,1
2020-09-15,US,Montana,Deer Lodge,87,0,0,46.05953325,-113.073353,30023.0,951.8599562363237,0.0,87,87,0,0,87,87,9131,0,0,0,0,0
2020-09-15,US,Montana,Fallon,4,0,0,46.33478338,-104.41835649999999,30025.0,140.54813773717498,0.0,4,4,0,0,4,4,2920,0,0,0,0,0
2020-09-15,US,Montana,Fergus,53,1,0,47.26331584,-109.2245206,30027.0,479.6380090497737,1.8867924528301887,52,53,1,0,52,53,11113,0,0,0,0,0
2020-09-15,US,Montana,Flathead,736,13,0,48.29575866,-114.05205690000001,30029.0,709.0148931660982,1.766304347826087,723,731,13,0,718,730,102106,5,0,0,5,1
2020-09-15,US,Montana,Gallatin,1160,3,0,45.54486106,-111.1692571,30031.0,1013.6847440446021,0.25862068965517243,1157,1153,3,0,1150,1153,111876,7,0,0,7,0
2020-09-15,US,Montana,Garfield,16,0,0,47.27545948,-107.0002351,30033.0,1271.8600953895073,0.0,16,16,0,0,16,16,1268,0,0,0,0,0
2020-09-15,US,Montana,Glacier,168,1,0,48.70513576,-112.9934235,30035.0,1221.5516614556825,0.5952380952380952,167,166,1,0,165,166,13747,2,0,0,2,0
2020-09-15,US,Montana,Golden Valley,3,0,0,46.3816474,-109.17685220000001,30037.0,365.4080389768576,0.0,3,3,0,0,3,3,826,0,0,0,0,0
2020-09-15,US,Montana,Granite,22,0,0,46.40605220000001,-113.4414186,30039.0,651.0802012429713,0.0,22,22,0,0,22,22,3378,0,0,0,0,0
2020-09-15,US,Montana,Hill,115,3,0,48.62879827,-110.1129252,30041.0,697.6462023780635,2.608695652173913,112,113,3,0,110,111,16347,2,0,0,2,2
2020-09-15,US,Montana,Jefferson,47,0,0,46.14907081,-112.094396,30043.0,384.5839129367482,0.0,47,46,0,0,46,45,12097,1,0,0,1,1
2020-09-15,US,Montana,Judith Basin,6,0,0,47.04581276,-110.26606880000001,30045.0,298.95366218236165,0.0,6,6,0,0,6,6,1952,0,0,0,0,0
2020-09-15,US,Montana,Lake,243,1,0,47.64514965,-114.0898013,30047.0,797.8199487819293,0.41152263374485604,242,241,1,0,240,241,30250,2,0,0,2,0
2020-09-15,US,Montana,Lewis and Clark,211,3,0,47.12610041,-112.39469799999999,30049.0,303.8944578868533,1.4218009478672986,208,209,3,0,206,209,68700,2,0,0,2,0
2020-09-15,US,Montana,Liberty,15,0,0,48.56084317,-111.02430700000001,30051.0,641.8485237483952,0.0,15,15,0,0,15,15,2430,0,0,0,0,0
2020-09-15,US,Montana,Lincoln,105,3,0,48.54265777,-115.4046155,30053.0,525.5255255255255,2.8571428571428568,102,103,3,0,100,103,19794,2,0,0,2,0
2020-09-15,US,Montana,Madison,97,1,0,45.30080065,-111.9173017,30057.0,1127.9069767441858,1.0309278350515465,96,97,1,0,96,96,8768,0,0,0,0,1
2020-09-15,US,Montana,McCone,19,0,0,47.64469406,-105.79449939999999,30055.0,1141.826923076923,0.0,19,15,0,0,15,15,1675,4,0,0,4,0
2020-09-15,US,Montana,Meagher,10,1,0,46.59907074,-110.8898557,30059.0,537.0569280343716,10.0,9,10,1,0,9,9,1866,0,0,0,0,1
2020-09-15,US,Montana,Mineral,2,0,0,47.15283992,-115.00152390000001,30061.0,45.48555833522857,0.0,2,2,0,0,2,2,4316,0,0,0,0,0
2020-09-15,US,Montana,Missoula,502,3,0,47.03728583,-113.92135079999998,30063.0,419.732441471572,0.5976095617529881,499,473,3,0,470,473,118791,29,0,0,29,0
2020-09-15,US,Montana,Musselshell,28,1,0,46.49684637,-108.39498,30065.0,604.360025901144,3.571428571428572,27,27,1,0,26,23,4651,1,0,0,1,4
2020-09-15,US,Montana,Park,80,0,0,45.48965095,-110.52643940000002,30067.0,481.7535830422739,0.0,80,80,0,0,80,76,16736,0,0,0,0,4
2020-09-15,US,Montana,Phillips,116,0,0,48.25936577,-107.9128511,30071.0,2933.737986848761,0.0,116,116,0,0,116,114,4074,0,0,0,0,2
2020-09-15,US,Montana,Pondera,18,0,0,48.22773388,-112.22527029999999,30073.0,304.51700219928944,0.0,18,17,0,0,17,17,5972,1,0,0,1,0
2020-09-15,US,Montana,Powder River,2,0,0,45.39617714,-105.636738,30075.0,118.90606420927469,0.0,2,2,0,0,2,2,1716,0,0,0,0,0
2020-09-15,US,Montana,Powell,10,0,0,46.85538891,-112.93591640000001,30077.0,145.1378809869376,0.0,10,10,0,0,10,10,6968,0,0,0,0,0
2020-09-15,US,Montana,Prairie,1,0,0,46.86048047,-105.379384,30079.0,92.85051067780873,0.0,1,1,0,0,1,1,1087,0,0,0,0,0
2020-09-15,US,Montana,Ravalli,117,2,0,46.08520862,-114.11891640000002,30081.0,267.0867004519929,1.709401709401709,115,116,2,0,114,115,43172,1,0,0,1,1
2020-09-15,US,Montana,Richland,70,2,0,47.78668011,-104.5610786,30083.0,647.9681569934278,2.8571428571428568,68,70,2,0,68,70,10913,0,0,0,0,0
2020-09-15,US,Montana,Roosevelt,87,1,0,48.29607488,-105.00792679999999,30085.0,790.6215921483098,1.1494252873563218,86,86,1,0,85,86,11059,1,0,0,1,0
2020-09-15,US,Montana,Rosebud,466,7,0,46.23397237,-106.72928799999998,30087.0,5214.277721830592,1.502145922746781,459,439,7,0,432,434,9063,27,0,0,27,5
2020-09-15,US,Montana,Sanders,42,1,0,47.67657534,-115.1329916,30089.0,346.7349129034921,2.380952380952381,41,42,1,0,41,42,11844,0,0,0,0,0
2020-09-15,US,Montana,Sheridan,7,0,0,48.72085833,-104.50382900000001,30091.0,211.54427319431846,0.0,7,6,0,0,6,6,3424,1,0,0,1,0
2020-09-15,US,Montana,Silver Bow,182,0,0,45.90018933,-112.6620092,30093.0,521.2659315480454,0.0,182,182,0,0,182,160,34993,0,0,0,0,22
2020-09-15,US,Montana,Stillwater,49,2,0,45.67071407,-109.3950061,30095.0,508.1933208877826,4.081632653061225,47,49,2,0,47,49,9534,0,0,0,0,0
2020-09-15,US,Montana,Sweet Grass,37,1,0,45.81367654,-109.9425686,30097.0,990.0990099009905,2.702702702702702,36,37,1,0,36,36,3710,0,0,0,0,1
2020-09-15,US,Montana,Teton,20,0,0,47.83741052,-112.24106880000001,30099.0,325.36196518626974,0.0,20,20,0,0,20,19,6162,0,0,0,0,1
2020-09-15,US,Montana,Toole,64,6,0,48.65577551,-111.69424140000001,30101.0,1351.3513513513512,9.375,58,64,6,0,58,64,4853,0,0,0,0,0
2020-09-15,US,Montana,Treasure,3,0,0,46.20973220000001,-107.26665159999999,30103.0,431.0344827586207,0.0,3,3,0,0,3,3,679,0,0,0,0,0
2020-09-15,US,Montana,Valley,52,0,0,48.36435097,-106.6669635,30105.0,703.0827474310437,0.0,52,51,0,0,51,51,7437,1,0,0,1,0
2020-09-15,US,Montana,Wheatland,6,0,0,46.46652491,-109.84646359999999,30107.0,282.2201317027281,0.0,6,6,0,0,6,6,2236,0,0,0,0,0
2020-09-15,US,Montana,Wibaux,8,0,0,46.95925154,-104.2510927,30109.0,825.5933952528377,0.0,8,8,0,0,8,8,1034,0,0,0,0,0
2020-09-15,US,Montana,Yellowstone,2536,54,0,45.93955949,-108.26914860000001,30111.0,1572.2256664600125,2.1293375394321767,2482,2518,52,0,2466,2491,160137,18,2,0,16,27
2020-09-15,US,Nebraska,Adams,480,12,0,40.52449420000001,-98.50117804,31001.0,1530.465835538692,2.5,468,469,11,0,458,458,31511,11,1,0,10,11
2020-09-15,US,Nebraska,Antelope,41,1,0,42.17695516,-98.06662829999999,31003.0,651.0003175611305,2.4390243902439024,40,38,1,0,37,36,6336,3,0,0,3,2
2020-09-15,US,Nebraska,Arthur,1,0,0,41.56896142,-101.6959559,31005.0,215.98272138228938,0.0,1,1,0,0,1,1,465,0,0,0,0,0
2020-09-15,US,Nebraska,Banner,2,0,0,41.54634427,-103.7114332,31007.0,268.4563758389262,0.0,2,2,0,0,2,2,730,0,0,0,0,0
2020-09-15,US,Nebraska,Boone,50,0,0,41.70759415,-98.06737183,31011.0,963.0200308166408,0.0,50,46,0,0,46,45,5239,4,0,0,4,1
2020-09-15,US,Nebraska,Box Butte,45,0,0,42.22079243,-103.08788340000001,31013.0,417.32356487062964,0.0,45,44,0,0,44,42,10772,1,0,0,1,2
2020-09-15,US,Nebraska,Boyd,12,0,0,42.899727399999996,-98.76486568,31015.0,625.3256904637833,0.0,12,12,0,0,12,12,1955,0,0,0,0,0
2020-09-15,US,Nebraska,Brown,12,0,0,42.43018907,-99.92904055,31017.0,406.0913705583756,0.0,12,11,0,0,11,10,2973,1,0,0,1,1
2020-09-15,US,Nebraska,Buffalo,892,4,0,40.85486962,-99.07500296,31019.0,1796.2504279184036,0.4484304932735426,888,883,4,0,879,867,49615,9,0,0,9,16
2020-09-15,US,Nebraska,Burt,72,0,0,41.85056773,-96.32605633,31021.0,1114.7236414305619,0.0,72,72,0,0,72,72,6488,0,0,0,0,0
2020-09-15,US,Nebraska,Butler,101,1,0,41.22703692,-97.13106306,31023.0,1259.9800399201595,0.99009900990099,100,101,1,0,100,100,8058,0,0,0,0,1
2020-09-15,US,Nebraska,Cass,289,2,0,40.90899107,-96.13971217,31025.0,1101.0362694300518,0.6920415224913494,287,289,2,0,287,286,26159,0,0,0,0,3
2020-09-15,US,Nebraska,Cedar,72,0,0,42.598885100000004,-97.25311951,31027.0,856.9388240895025,0.0,72,71,0,0,71,72,8446,1,0,0,1,-1
2020-09-15,US,Nebraska,Chase,18,0,0,40.523719799999995,-101.69780259999999,31029.0,458.7155963302752,0.0,18,17,0,0,17,16,3977,1,0,0,1,1
2020-09-15,US,Nebraska,Cherry,37,4,0,42.54502621,-101.1244332,31031.0,650.3779223062049,10.810810810810812,33,37,4,0,33,37,5761,0,0,0,0,0
2020-09-15,US,Nebraska,Cheyenne,33,0,0,41.21999357,-102.9941693,31033.0,370.3703703703704,0.0,33,32,0,0,32,31,9310,1,0,0,1,1
2020-09-15,US,Nebraska,Clay,64,0,0,40.52439441,-98.05126296,31035.0,1031.758826374335,0.0,64,64,0,0,64,64,6214,0,0,0,0,0
2020-09-15,US,Nebraska,Colfax,744,5,0,41.57486951,-97.0868542,31037.0,6947.427397516109,0.6720430107526881,739,744,5,0,739,743,10881,0,0,0,0,1
2020-09-15,US,Nebraska,Cuming,105,0,0,41.91637624,-96.78730772,31039.0,1186.9771648202575,0.0,105,105,0,0,105,105,8940,0,0,0,0,0
2020-09-15,US,Nebraska,Custer,79,4,0,41.39374521,-99.72805369,31041.0,733.0425907024219,5.063291139240507,75,79,4,0,75,79,10840,0,0,0,0,0
2020-09-15,US,Nebraska,Dakota,2086,43,0,42.39040144,-96.56656425,31043.0,10416.458603815041,2.061361457334612,2043,2085,43,0,2042,2081,20083,1,0,0,1,4
2020-09-15,US,Nebraska,Dawes,113,0,0,42.71985036,-103.1313774,31045.0,1315.6362789614625,0.0,113,112,0,0,112,108,8716,1,0,0,1,4
2020-09-15,US,Nebraska,Dawson,1055,12,0,40.87028216,-99.82014609999999,31047.0,4471.2862894681075,1.1374407582938388,1043,1052,12,0,1040,1046,23709,3,0,0,3,6
2020-09-15,US,Nebraska,Deuel,4,0,0,41.11168186,-102.33333309999999,31049.0,222.9654403567447,0.0,4,3,0,0,3,3,1825,1,0,0,1,0
2020-09-15,US,Nebraska,Dixon,75,2,0,42.49188363,-96.86782408,31051.0,1330.7310149041873,2.6666666666666665,73,75,2,0,73,75,5709,0,0,0,0,0
2020-09-15,US,Nebraska,Dodge,1016,11,0,41.58071748,-96.65598179,31053.0,2778.6134281416657,1.0826771653543308,1005,1007,11,0,996,993,36791,9,0,0,9,14
2020-09-15,US,Nebraska,Douglas,14648,173,0,41.29518299,-96.15085305,31055.0,2563.8557253551817,1.1810486073184052,14475,14563,173,0,14390,14448,566880,85,0,0,85,115
2020-09-15,US,Nebraska,Dundy,10,1,0,40.17638677,-101.6876522,31057.0,590.6674542232722,10.0,9,10,1,0,9,10,1770,0,0,0,0,0
2020-09-15,US,Nebraska,Fillmore,48,1,0,40.52458567,-97.59646937,31059.0,878.7989747345296,2.083333333333333,47,48,1,0,47,46,5527,0,0,0,0,2
2020-09-15,US,Nebraska,Franklin,20,0,0,40.17636348,-98.95299073,31061.0,671.366230278617,0.0,20,20,0,0,20,20,3023,0,0,0,0,0
2020-09-15,US,Nebraska,Frontier,6,0,0,40.52993007,-100.3924658,31063.0,228.39741149600303,0.0,6,6,0,0,6,6,2608,0,0,0,0,0
2020-09-15,US,Nebraska,Furnas,30,1,0,40.17642064,-99.91247454,31065.0,641.573994867408,3.333333333333333,29,30,1,0,29,30,4715,0,0,0,0,0
2020-09-15,US,Nebraska,Gage,172,5,0,40.26186809,-96.68946704,31067.0,799.5165713754474,2.9069767441860463,167,169,5,0,164,163,21493,3,0,0,3,6
2020-09-15,US,Nebraska,Garden,9,0,0,41.61703149,-102.3313973,31069.0,489.9292324442025,0.0,9,9,0,0,9,9,1897,0,0,0,0,0
2020-09-15,US,Nebraska,Garfield,6,0,0,41.91428955,-98.99111827,31071.0,304.7232097511427,0.0,6,6,0,0,6,6,1987,0,0,0,0,0
2020-09-15,US,Nebraska,Gosper,31,0,0,40.51481965,-99.83020279,31073.0,1557.7889447236178,0.0,31,30,0,0,30,30,1996,1,0,0,1,0
2020-09-15,US,Nebraska,Greeley,20,0,0,41.56742671,-98.52150266,31077.0,848.8964346349745,0.0,20,20,0,0,20,18,2356,0,0,0,0,2
2020-09-15,US,Nebraska,Hall,1932,47,0,40.87257079,-98.50218293,31079.0,3148.990269424479,2.4327122153209113,1885,1922,47,0,1875,1917,61607,10,0,0,10,5
2020-09-15,US,Nebraska,Hamilton,110,12,0,40.87349452,-98.02099117,31081.0,1179.7511797511795,10.909090909090908,98,110,12,0,98,110,9280,0,0,0,0,0
2020-09-15,US,Nebraska,Harlan,8,0,0,40.17658508,-99.40438879,31083.0,236.6863905325444,0.0,8,8,0,0,8,8,3401,0,0,0,0,0
2020-09-15,US,Nebraska,Hitchcock,3,0,0,40.17609175,-101.04164770000001,31087.0,108.61694424330194,0.0,3,3,0,0,3,2,2806,0,0,0,0,1
2020-09-15,US,Nebraska,Holt,40,0,0,42.45522056,-98.78402558,31089.0,397.33783649548036,0.0,40,37,0,0,37,35,10178,3,0,0,3,2
2020-09-15,US,Nebraska,Hooker,7,0,0,41.91586243,-101.1354293,31091.0,1026.392961876833,0.0,7,7,0,0,7,7,682,0,0,0,0,0
2020-09-15,US,Nebraska,Howard,74,5,0,41.2200529,-98.5166499,31093.0,1148.1768813033361,6.756756756756758,69,73,5,0,68,71,6468,1,0,0,1,2
2020-09-15,US,Nebraska,Jefferson,27,0,0,40.17584531,-97.142601,31095.0,383.1961396537042,0.0,27,26,0,0,26,26,7097,1,0,0,1,0
2020-09-15,US,Nebraska,Johnson,34,0,0,40.39257596,-96.26522753,31097.0,670.4791954249655,0.0,34,34,0,0,34,33,5134,0,0,0,0,1
2020-09-15,US,Nebraska,Kearney,126,0,0,40.50663314,-98.94877182,31099.0,1939.9538106235568,0.0,126,126,0,0,126,126,6544,0,0,0,0,0
2020-09-15,US,Nebraska,Keith,52,0,0,41.19930341,-101.66201640000001,31101.0,647.2491909385112,0.0,52,52,0,0,52,51,8021,0,0,0,0,1
2020-09-15,US,Nebraska,Keya Paha,3,0,0,42.87990694,-99.71343729,31103.0,372.2084367245657,0.0,3,2,0,0,2,2,810,1,0,0,1,0
2020-09-15,US,Nebraska,Kimball,15,0,0,41.19774275,-103.7148131,31105.0,412.9955947136564,0.0,15,15,0,0,15,15,3618,0,0,0,0,0
2020-09-15,US,Nebraska,Knox,99,0,0,42.63758421,-97.89178836,31107.0,1188.1901104176668,0.0,99,96,0,0,96,90,8419,3,0,0,3,6
2020-09-15,US,Nebraska,Lancaster,5267,22,0,40.78416049,-96.68777155,31109.0,1650.6314832805792,0.4176950825897095,5245,5186,22,0,5164,5086,317272,81,0,0,81,100
2020-09-15,US,Nebraska,Lincoln,347,2,0,41.04658298,-100.74753740000001,31111.0,993.8706536060033,0.5763688760806917,345,345,2,0,343,343,35185,2,0,0,2,2
2020-09-15,US,Nebraska,Logan,6,0,0,41.56650314,-100.4817851,31113.0,802.1390374331551,0.0,6,6,0,0,6,6,749,0,0,0,0,0
2020-09-15,US,Nebraska,Loup,2,0,0,41.91371961,-99.45440415,31115.0,301.20481927710836,0.0,2,2,0,0,2,2,618,0,0,0,0,0
2020-09-15,US,Nebraska,Madison,738,5,0,41.91676024,-97.6005481,31119.0,2102.6240063819478,0.6775067750677507,733,732,5,0,727,713,35392,6,0,0,6,19
2020-09-15,US,Nebraska,McPherson,6,0,0,41.56797682,-101.05993620000001,31117.0,1214.5748987854256,0.0,6,6,0,0,6,6,492,0,0,0,0,0
2020-09-15,US,Nebraska,Merrick,79,1,0,41.16624273,-98.0374887,31121.0,1018.6976144422953,1.2658227848101269,78,79,1,0,78,78,7733,0,0,0,0,1
2020-09-15,US,Nebraska,Morrill,73,0,0,41.71711774,-103.0061405,31123.0,1572.5980180956485,0.0,73,72,0,0,72,71,4686,1,0,0,1,1
2020-09-15,US,Nebraska,Nance,18,0,0,41.39750195,-97.99327291,31125.0,511.5089514066496,0.0,18,18,0,0,18,17,3532,0,0,0,0,1
2020-09-15,US,Nebraska,Nemaha,108,0,0,40.38514847,-95.85433992,31127.0,1549.053356282272,0.0,108,108,0,0,108,109,6958,0,0,0,0,-1
2020-09-15,US,Nebraska,Nuckolls,13,0,0,40.17637905,-98.04743961,31129.0,313.404050144648,0.0,13,13,0,0,13,13,4195,0,0,0,0,0
2020-09-15,US,Nebraska,Otoe,130,1,0,40.64843556,-96.13374142,31131.0,811.8910816887335,0.7692307692307693,129,131,1,0,130,130,15985,-1,0,0,-1,1
2020-09-15,US,Nebraska,Pawnee,14,0,0,40.13141096,-96.23705437,31133.0,535.7826253348642,0.0,14,13,0,0,13,13,2632,1,0,0,1,0
2020-09-15,US,Nebraska,Perkins,33,9,0,40.85082525,-101.6502942,31135.0,1141.4735385679696,27.272727272727273,24,32,9,0,23,32,2929,1,0,0,1,0
2020-09-15,US,Nebraska,Phelps,92,0,0,40.51156033,-99.41461667,31137.0,1018.3750276732344,0.0,92,91,0,0,91,89,8996,1,0,0,1,2
2020-09-15,US,Nebraska,Pierce,87,7,0,42.26434853,-97.60122773,31139.0,1217.123670956911,8.045977011494253,80,84,7,0,77,83,7142,3,0,0,3,1
2020-09-15,US,Nebraska,Platte,969,3,0,41.57246836,-97.52144359,31141.0,2895.1299671347474,0.30959752321981426,966,963,3,0,960,958,33363,6,0,0,6,5
2020-09-15,US,Nebraska,Polk,43,1,0,41.18813488,-97.56630712,31143.0,824.8609246115483,2.3255813953488373,42,43,1,0,42,43,5278,0,0,0,0,0
2020-09-15,US,Nebraska,Red Willow,22,0,0,40.17556879999999,-100.476998,31145.0,205.14733308466992,0.0,22,21,0,0,21,21,10726,1,0,0,1,0
2020-09-15,US,Nebraska,Richardson,48,1,0,40.1247415,-95.71755036,31147.0,610.2987921169739,2.083333333333333,47,47,1,0,46,47,7937,1,0,0,1,0
2020-09-15,US,Nebraska,Rock,34,0,0,42.42252217,-99.44832069,31149.0,2505.526897568165,0.0,34,34,0,0,34,33,1360,0,0,0,0,1
2020-09-15,US,Nebraska,Saline,670,2,0,40.52418865,-97.14085859,31151.0,4710.348706411699,0.29850746268656714,668,668,2,0,666,664,14350,2,0,0,2,4
2020-09-15,US,Nebraska,Sarpy,3209,15,0,41.11314181,-96.11156432,31153.0,1714.246030898096,0.4674353381115613,3194,3179,15,0,3164,3120,184459,30,0,0,30,59
2020-09-15,US,Nebraska,Saunders,348,3,0,41.227810299999994,-96.63773905,31155.0,1612.7537306515894,0.8620689655172413,345,329,3,0,326,313,21303,19,0,0,19,16
2020-09-15,US,Nebraska,Scotts Bluff,392,7,0,41.85070896,-103.70809859999999,31157.0,1100.5671289797292,1.7857142857142858,385,389,7,0,382,387,35989,3,0,0,3,2
2020-09-15,US,Nebraska,Seward,193,3,0,40.87241834,-97.139673,31159.0,1116.6396667438094,1.5544041450777202,190,190,3,0,187,187,17318,3,0,0,3,3
2020-09-15,US,Nebraska,Sheridan,40,0,0,42.50284406,-102.4126613,31161.0,762.4857033930614,0.0,40,38,0,0,38,38,5190,2,0,0,2,0
2020-09-15,US,Nebraska,Sherman,19,1,0,41.22045983,-98.97588642,31163.0,633.1222925691436,5.2631578947368425,18,19,1,0,18,19,3038,0,0,0,0,0
2020-09-15,US,Nebraska,Sioux,7,0,0,42.48932059,-103.7576544,31165.0,600.3430531732419,0.0,7,7,0,0,7,7,1187,0,0,0,0,0
2020-09-15,US,Nebraska,Stanton,38,0,0,41.9169835,-97.19394708,31167.0,641.8918918918919,0.0,38,37,0,0,37,35,5970,1,0,0,1,2
2020-09-15,US,Nebraska,Thayer,28,0,0,40.17626377,-97.59504381,31169.0,559.6642014791124,0.0,28,28,0,0,28,28,5039,0,0,0,0,0
2020-09-15,US,Nebraska,Thomas,5,0,0,41.91358968,-100.5556632,31171.0,692.5207756232687,0.0,5,5,0,0,5,5,720,0,0,0,0,0
2020-09-15,US,Nebraska,Thurston,241,4,0,42.15725356,-96.54157099,31173.0,3336.101882613511,1.6597510373443984,237,241,4,0,237,240,7303,0,0,0,0,1
2020-09-15,US,Nebraska,Unassigned,160,0,0,0.0,0.0,90031.0,0.0,0.0,160,160,0,0,160,146,,0,0,0,0,14
2020-09-15,US,Nebraska,Valley,25,0,0,41.56730777,-98.98197724,31175.0,601.2506012506012,0.0,25,25,0,0,25,25,4190,0,0,0,0,0
2020-09-15,US,Nebraska,Washington,202,2,0,41.52815707,-96.22019892,31177.0,974.4801968257033,0.99009900990099,200,195,2,0,193,190,20667,7,0,0,7,5
2020-09-15,US,Nebraska,Wayne,82,0,0,42.20934475,-97.11926964,31179.0,873.7346830047949,0.0,82,80,0,0,80,78,9403,2,0,0,2,2
2020-09-15,US,Nebraska,Webster,14,0,0,40.17642643,-98.50019851,31181.0,401.491253226269,0.0,14,15,0,0,15,14,3533,-1,0,0,-1,1
2020-09-15,US,Nebraska,Wheeler,1,0,0,41.91482725,-98.52798941,31183.0,127.7139208173691,0.0,1,1,0,0,1,1,805,0,0,0,0,0
2020-09-15,US,Nebraska,York,139,1,0,40.87272618,-97.59710186,31185.0,1016.15615176548,0.7194244604316546,138,137,1,0,136,135,13772,2,0,0,2,2
2020-09-15,US,Nevada,Carson City,494,8,0,39.15509045,-119.7480219,32510.0,883.4680592317047,1.6194331983805668,486,490,8,0,482,487,55414,4,0,0,4,3
2020-09-15,US,Nevada,Churchill,130,3,0,39.58105744,-118.3394607,32001.0,521.8997149624633,2.3076923076923075,127,130,3,0,127,113,24440,0,0,0,0,17
2020-09-15,US,Nevada,Clark,62952,1287,0,36.21458855,-115.0130241,32003.0,2777.2348971970455,2.044414792222646,61665,62812,1262,0,61550,62650,2231647,140,25,0,115,162
2020-09-15,US,Nevada,Douglas,274,1,0,38.912862,-119.61713329999999,32005.0,560.2699110520397,0.36496350364963503,273,271,1,0,270,269,48467,3,0,0,3,2
2020-09-15,US,Nevada,Elko,887,7,0,41.14531606,-115.3577619,32007.0,1680.624502633673,0.7891770011273957,880,879,7,0,872,883,52460,8,0,0,8,-4
2020-09-15,US,Nevada,Eureka,10,0,0,39.98100864,-116.26832040000001,32011.0,492.8536224741252,0.0,10,10,0,0,10,10,2003,0,0,0,0,0
2020-09-15,US,Nevada,Humboldt,118,4,0,41.40692186,-118.11094270000001,32013.0,701.0872794248708,3.3898305084745757,114,117,4,0,113,117,16786,1,0,0,1,0
2020-09-15,US,Nevada,Lander,69,1,0,39.933223299999995,-117.03970749999999,32015.0,1247.2885032537959,1.4492753623188406,68,69,1,0,68,67,5575,0,0,0,0,2
2020-09-15,US,Nevada,Lincoln,6,0,0,37.64268459,-114.8790388,32017.0,115.76307158016591,0.0,6,6,0,0,6,6,5201,0,0,0,0,0
2020-09-15,US,Nevada,Lyon,377,6,0,39.01777974,-119.18704790000001,32019.0,655.5381672752565,1.5915119363395225,371,374,6,0,368,374,55808,3,0,0,3,0
2020-09-15,US,Nevada,Mineral,13,0,0,38.53841696,-118.4344506,32021.0,288.56825749167587,0.0,13,13,0,0,13,13,4514,0,0,0,0,0
2020-09-15,US,Nevada,Nye,490,15,0,38.04264256,-116.47227020000001,32023.0,1053.2424822130988,3.0612244897959178,475,490,14,0,476,490,45346,0,1,0,-1,0
2020-09-15,US,Nevada,Pershing,21,0,0,40.44003782,-118.40056409999998,32027.0,312.2676579925651,0.0,21,21,0,0,21,21,6666,0,0,0,0,0
2020-09-15,US,Nevada,Storey,9,0,0,39.44875482,-119.5250207,32029.0,218.287654620422,0.0,9,9,0,0,9,9,4029,0,0,0,0,0
2020-09-15,US,Nevada,Washoe,8142,149,0,40.66562265,-119.6631594,32031.0,1726.7596851876597,1.8300171947924344,7993,8077,149,0,7928,7981,465735,65,0,0,65,96
2020-09-15,US,Nevada,White Pine,48,1,0,39.44157041,-114.89996599999999,32033.0,501.0438413361169,2.083333333333333,47,46,1,0,45,47,9475,2,0,0,2,-1
2020-09-15,US,New Hampshire,Belknap,135,4,0,43.51637314,-71.41684235,33001.0,220.21760762116043,2.962962962962963,131,134,4,0,130,133,61022,1,0,0,1,1
2020-09-15,US,New Hampshire,Carroll,117,2,0,43.87498583,-71.20430216,33003.0,239.2148844817011,1.709401709401709,115,116,2,0,114,116,48779,1,0,0,1,0
2020-09-15,US,New Hampshire,Cheshire,142,3,0,42.92015988,-72.25311043,33005.0,186.63337057238616,2.112676056338028,139,141,3,0,138,141,76493,1,0,0,1,0
2020-09-15,US,New Hampshire,Coos,21,0,0,44.69063265,-71.30633239,33007.0,66.53359946773121,0.0,21,21,0,0,21,21,31589,0,0,0,0,0
2020-09-15,US,New Hampshire,Grafton,129,1,0,43.93779815,-71.82057197,33009.0,143.5151191509245,0.7751937984496124,128,128,1,0,127,127,89786,1,0,0,1,1
2020-09-15,US,New Hampshire,Hillsborough,4219,288,0,42.91537785,-71.7200253,33011.0,1011.6899466458846,6.8262621474283005,3931,4207,288,0,3919,4196,415247,12,0,0,12,11
2020-09-15,US,New Hampshire,Merrimack,540,23,0,43.29662971,-71.6811573,33013.0,356.6922736490281,4.25925925925926,517,535,23,0,512,534,151132,5,0,0,5,1
2020-09-15,US,New Hampshire,Rockingham,1932,103,0,42.98499744,-71.12883377,33015.0,623.690556511465,5.3312629399585925,1829,1922,101,0,1821,1919,309176,10,2,0,8,3
2020-09-15,US,New Hampshire,Strafford,463,13,0,43.291833000000004,-71.02336013,33017.0,354.4280541670176,2.8077753779697625,450,458,13,0,445,457,130090,5,0,0,5,1
2020-09-15,US,New Hampshire,Sullivan,49,1,0,43.36094111,-72.22203125,33019.0,113.56788578315485,2.0408163265306123,48,49,1,0,48,49,43144,0,0,0,0,0
2020-09-15,US,New Hampshire,Unassigned,3,0,0,0.0,0.0,90033.0,0.0,0.0,3,3,0,0,3,3,,0,0,0,0,0
2020-09-15,US,New Jersey,Atlantic,3911,254,0,39.47538693,-74.65848483,34001.0,1483.2935108279294,6.4945026847353615,3657,3895,253,0,3642,3887,265429,16,1,0,15,8
2020-09-15,US,New Jersey,Bergen,21999,2042,0,40.96010917,-74.07164325,34003.0,2359.8962456634936,9.28224010182281,19957,21995,2042,0,19953,21966,936692,4,0,0,4,29
2020-09-15,US,New Jersey,Burlington,6782,490,0,39.87681124,-74.66927768,34005.0,1522.8506182791473,7.225007372456503,6292,6747,489,0,6258,6716,445384,35,1,0,34,31
2020-09-15,US,New Jersey,Camden,9534,600,0,39.80343818,-74.96388753,34007.0,1882.4374939532568,6.293266205160477,8934,9506,598,0,8908,9476,507078,28,2,0,26,30
2020-09-15,US,New Jersey,Cape May,982,94,0,39.15008829,-74.80170244,34009.0,1066.9390149827789,9.572301425661914,888,968,94,0,874,963,92560,14,0,0,14,5
2020-09-15,US,New Jersey,Cumberland,3700,157,0,39.37199394,-75.10712559,34011.0,2474.4694938037946,4.243243243243243,3543,3698,157,0,3541,3688,150972,2,0,0,2,10
2020-09-15,US,New Jersey,Essex,20702,2122,0,40.78681335,-74.24657979,34013.0,2591.069808191746,10.250217370302387,18580,20669,2123,0,18546,20657,799767,33,-1,0,34,12
2020-09-15,US,New Jersey,Gloucester,4147,224,0,39.71581067,-75.13995546,34015.0,1421.9780822669354,5.4014950566674695,3923,4082,224,0,3858,4058,291408,65,0,0,65,24
2020-09-15,US,New Jersey,Hudson,20403,1512,0,40.73766234,-74.07515667,34017.0,3034.395165907932,7.41067490074989,18891,20385,1512,0,18873,20371,676061,18,0,0,18,14
2020-09-15,US,New Jersey,Hunterdon,1264,125,0,40.56335249,-74.91284156,34019.0,1016.314092513528,9.889240506329116,1139,1264,125,0,1139,1256,124714,0,0,0,0,8
2020-09-15,US,New Jersey,Mercer,8510,634,0,40.28047017,-74.70479631,34021.0,2316.087418011594,7.45005875440658,7876,8498,634,0,7864,8491,369811,12,0,0,12,7
2020-09-15,US,New Jersey,Middlesex,18909,1423,0,40.43629879,-74.41426991,34023.0,2291.827765670944,7.525516949600719,17486,18870,1422,0,17448,18842,829685,39,1,0,38,28
2020-09-15,US,New Jersey,Monmouth,11268,864,0,40.26549699,-74.22240686,34025.0,1820.9584757472187,7.667731629392972,10404,11217,863,0,10354,11190,621354,51,1,0,50,27
2020-09-15,US,New Jersey,Morris,7671,831,0,40.86095313,-74.54553709999998,34027.0,1559.6376907359027,10.833007430582716,6840,7647,831,0,6816,7628,494228,24,0,0,24,19
2020-09-15,US,New Jersey,Ocean,11821,1038,0,39.8895449,-74.28089251,34029.0,1946.8498944310309,8.780982996362406,10783,11774,1037,0,10737,11743,601651,47,1,0,46,31
2020-09-15,US,New Jersey,Passaic,18690,1251,0,41.03238628,-74.29954144,34031.0,3724.398496690088,6.693418940609952,17439,18673,1249,0,17424,18661,503310,17,2,0,15,12
2020-09-15,US,New Jersey,Salem,1022,89,0,39.58719656,-75.34696629999998,34033.0,1638.2143143383826,8.708414872798434,933,1016,89,0,927,1014,62607,6,0,0,6,2
2020-09-15,US,New Jersey,Somerset,5596,568,0,40.56465737,-74.61683016,34035.0,1701.253138927566,10.15010721944246,5028,5575,568,0,5007,5558,331164,21,0,0,21,17
2020-09-15,US,New Jersey,Sussex,1430,198,0,41.13891592,-74.69118243,34037.0,1017.8805307214853,13.846153846153848,1232,1428,198,0,1230,1425,140799,2,0,0,2,3
2020-09-15,US,New Jersey,Unassigned,301,0,0,0.0,0.0,90034.0,0.0,0.0,301,313,0,0,313,311,,-12,0,0,-12,2
2020-09-15,US,New Jersey,Union,17337,1356,0,40.65835409,-74.30680092,34039.0,3116.254239755833,7.821422391417201,15981,17324,1355,0,15969,17315,558067,13,1,0,12,9
2020-09-15,US,New Jersey,Warren,1425,171,0,40.85951833,-74.99556527,34041.0,1353.7005899284675,12.0,1254,1424,171,0,1253,1418,105779,1,0,0,1,6
2020-09-15,US,New Mexico,Bernalillo,6093,168,0,35.05163625,-106.6703554,35001.0,897.189160694486,2.75726243229936,5925,6077,167,0,5910,6056,678701,16,1,0,15,21
2020-09-15,US,New Mexico,Catron,11,1,0,33.91514144,-108.4046587,35003.0,311.8797845194216,9.090909090909092,10,11,1,0,10,11,3578,0,0,0,0,0
2020-09-15,US,New Mexico,Chaves,965,7,0,33.36406072,-104.4665365,35005.0,1493.4612706028013,0.7253886010362695,958,956,7,0,949,947,64689,9,0,0,9,9
2020-09-15,US,New Mexico,Cibola,403,20,0,34.91131525,-107.998876,35006.0,1510.7778819119026,4.962779156327543,383,403,20,0,383,403,26746,0,0,0,0,0
2020-09-15,US,New Mexico,Colfax,25,1,0,36.60569702,-104.64726740000002,35007.0,209.36269994137845,4.0,24,24,1,0,23,23,12110,1,0,0,1,1
2020-09-15,US,New Mexico,Curry,727,5,0,34.57421077,-103.34688759999999,35009.0,1485.0676144952404,0.687757909215956,722,724,5,0,719,724,49437,3,0,0,3,0
2020-09-15,US,New Mexico,De Baca,1,0,0,34.34274529,-104.4117842,35011.0,57.20823798627003,0.0,1,2,0,0,2,2,1781,-1,0,0,-1,0
2020-09-15,US,New Mexico,Dona Ana,3038,51,0,32.35275771,-106.83293870000001,35013.0,1392.332546575311,1.6787360105332456,2987,3031,51,0,2980,3026,217522,7,0,0,7,5
2020-09-15,US,New Mexico,Eddy,631,5,0,32.47167456,-104.3053527,35015.0,1079.3705097502566,0.7923930269413629,626,625,5,0,620,624,57900,6,0,0,6,1
2020-09-15,US,New Mexico,Grant,99,2,0,32.73911281,-108.3827845,35017.0,366.69382917253125,2.0202020202020203,97,99,2,0,97,99,27346,0,0,0,0,0
2020-09-15,US,New Mexico,Guadalupe,32,1,0,34.86319296,-104.790669,35019.0,744.1860465116278,3.125,31,32,1,0,31,32,4341,0,0,0,0,0
2020-09-15,US,New Mexico,Harding,2,0,0,35.85751555,-103.82209379999999,35021.0,320.0,0.0,2,2,0,0,2,2,655,0,0,0,0,0
2020-09-15,US,New Mexico,Hidalgo,98,2,0,31.91383467,-108.7151824,35023.0,2334.444973797047,2.0408163265306123,96,98,2,0,96,98,4240,0,0,0,0,0
2020-09-15,US,New Mexico,Lea,1268,19,0,32.79215361,-103.4123733,35025.0,1784.156465456592,1.498422712933754,1249,1264,19,0,1245,1261,69611,4,0,0,4,3
2020-09-15,US,New Mexico,Lincoln,178,3,0,33.74526079,-105.4586166,35027.0,909.4624974453301,1.6853932584269662,175,177,3,0,174,177,19556,1,0,0,1,0
2020-09-15,US,New Mexico,Los Alamos,29,0,0,35.86631386,-106.31349850000001,35028.0,149.7237854303268,0.0,29,29,0,0,29,29,19101,0,0,0,0,0
2020-09-15,US,New Mexico,Luna,377,6,0,32.18179341,-107.75088259999998,35029.0,1590.1134590239997,1.5915119363395225,371,372,5,0,367,357,23963,5,1,0,4,15
2020-09-15,US,New Mexico,McKinley,4278,252,0,35.58007720000001,-108.262245,35031.0,5994.367144478541,5.890603085553996,4026,4266,251,0,4015,4266,72290,12,1,0,11,0
2020-09-15,US,New Mexico,Mora,7,0,0,36.01095101,-104.9497716,35033.0,154.83300154833,0.0,7,7,0,0,7,7,4506,0,0,0,0,0
2020-09-15,US,New Mexico,Otero,241,13,0,32.61348406,-105.7417604,35035.0,357.0899392502593,5.394190871369295,228,240,12,0,228,238,66781,1,1,0,0,2
2020-09-15,US,New Mexico,Quay,69,2,0,35.10403332,-103.54817270000001,35037.0,836.0596146855687,2.898550724637681,67,69,2,0,67,69,8253,0,0,0,0,0
2020-09-15,US,New Mexico,Rio Arriba,375,13,0,36.51072137,-106.69316740000001,35039.0,963.490146707433,3.466666666666667,362,374,13,0,361,374,39006,1,0,0,1,0
2020-09-15,US,New Mexico,Roosevelt,231,3,0,34.02097406,-103.4799493,35041.0,1248.6486486486488,1.2987012987012987,228,230,3,0,227,230,18743,1,0,0,1,0
2020-09-15,US,New Mexico,San Juan,3233,194,0,36.50838318,-108.32043700000001,35045.0,2608.141467271173,6.000618620476338,3039,3233,194,0,3039,3233,125043,0,0,0,0,0
2020-09-15,US,New Mexico,San Miguel,91,0,0,35.48014807,-104.8163562,35047.0,333.6144004106024,0.0,91,91,0,0,91,91,27591,0,0,0,0,0
2020-09-15,US,New Mexico,Sandoval,1297,39,0,35.68862401,-106.86878030000001,35043.0,883.8280589854718,3.0069390902081725,1258,1292,38,0,1254,1289,145179,5,1,0,4,3
2020-09-15,US,New Mexico,Santa Fe,913,5,0,35.50708973,-105.9774716,35049.0,607.2174410407163,0.547645125958379,908,909,4,0,905,898,150056,4,1,0,3,11
2020-09-15,US,New Mexico,Sierra,39,1,0,33.13028233,-107.1925893,35051.0,361.4122880177926,2.5641025641025643,38,39,1,0,38,39,10968,0,0,0,0,0
2020-09-15,US,New Mexico,Socorro,78,6,0,34.00715494,-106.9298354,35053.0,468.83452545531037,7.6923076923076925,72,78,6,0,72,78,16735,0,0,0,0,0
2020-09-15,US,New Mexico,Taos,125,4,0,36.58006022,-105.63101979999999,35055.0,381.99431592457915,3.2,121,124,3,0,121,124,32835,1,1,0,0,0
2020-09-15,US,New Mexico,Torrance,64,1,0,34.64048375,-105.8508949,35057.0,413.944764245521,1.5625,63,64,1,0,63,64,15591,0,0,0,0,0
2020-09-15,US,New Mexico,Unassigned,1341,0,0,0.0,0.0,90035.0,0.0,0.0,1341,1337,0,0,1337,1327,,4,0,0,4,10
2020-09-15,US,New Mexico,Union,31,2,0,36.48126404,-103.4709624,35059.0,763.7349100763735,6.451612903225807,29,31,2,0,29,31,4118,0,0,0,0,0
2020-09-15,US,New Mexico,Valencia,533,4,0,34.71669834,-106.8103733,35061.0,695.0239933235968,0.7504690431519699,529,532,4,0,528,532,76456,1,0,0,1,0
2020-09-15,US,New York,Albany,2936,133,0,42.60060306,-73.97723916,36001.0,961.0285886365573,4.529972752043596,2803,2921,133,0,2788,2915,307117,15,0,0,15,6
2020-09-15,US,New York,Allegany,94,1,0,42.25748406,-78.02750466,36003.0,203.94437091840047,1.0638297872340423,93,94,1,0,93,94,46430,0,0,0,0,0
2020-09-15,US,New York,Bronx,52335,4936,0,40.85209301,-73.86282755,36005.0,3690.222936426065,9.43154676602656,47399,52281,4936,0,47345,52235,1432132,54,0,0,54,46
2020-09-15,US,New York,Broome,1423,69,0,42.15903158,-75.81326086,36007.0,747.0286842215783,4.848910751932537,1354,1420,69,0,1351,1418,191659,3,0,0,3,2
2020-09-15,US,New York,Cattaraugus,242,6,0,42.24778241,-78.67923096,36009.0,317.9316052918533,2.479338842975207,236,242,6,0,236,241,76840,0,0,0,0,1
2020-09-15,US,New York,Cayuga,191,2,0,42.91261714,-76.55731592,36011.0,249.4254074383619,1.0471204188481675,189,190,2,0,188,190,77145,1,0,0,1,0
2020-09-15,US,New York,Chautauqua,523,9,0,42.22769210000001,-79.36691763,36013.0,412.12579686847437,1.7208413001912046,514,516,9,0,507,515,127939,7,0,0,7,1
2020-09-15,US,New York,Chemung,269,3,0,42.13891056,-76.7638805,36015.0,322.325536809816,1.1152416356877324,266,251,3,0,248,251,84254,18,0,0,18,0
2020-09-15,US,New York,Chenango,245,7,0,42.49430041,-75.60887553,36017.0,518.9908276314953,2.8571428571428568,238,245,7,0,238,245,47536,0,0,0,0,0
2020-09-15,US,New York,Clinton,154,5,0,44.74530905,-73.67875352,36019.0,191.34000124246757,3.2467532467532467,149,153,5,0,148,153,80695,1,0,0,1,0
2020-09-15,US,New York,Columbia,577,37,0,42.24819348,-73.63089095,36021.0,970.383949143136,6.412478336221838,540,577,37,0,540,577,59916,0,0,0,0,0
2020-09-15,US,New York,Cortland,137,0,0,42.59509207,-76.07048931,36023.0,287.93005611483574,0.0,137,132,0,0,132,128,47823,5,0,0,5,4
2020-09-15,US,New York,Delaware,128,4,0,42.19837623,-74.96709306,36025.0,290.01925909142415,3.125,124,128,4,0,124,128,44527,0,0,0,0,0
2020-09-15,US,New York,Dutchess,5006,153,0,41.76486060000001,-73.74356679,36027.0,1701.459462031555,3.0563324011186577,4853,4994,153,0,4841,4986,293718,12,0,0,12,8
2020-09-15,US,New York,Erie,10716,681,0,42.76249024,-78.73063652,36029.0,1166.4282868655996,6.35498320268757,10035,10668,681,0,9987,10637,919719,48,0,0,48,31
2020-09-15,US,New York,Essex,153,0,0,44.11630765,-73.77297842,36031.0,414.80276535176887,0.0,153,151,0,0,151,151,37300,2,0,0,2,0
2020-09-15,US,New York,Franklin,63,0,0,44.59040891,-74.29926032,36033.0,125.94458438287157,0.0,63,63,0,0,63,63,50293,0,0,0,0,0
2020-09-15,US,New York,Fulton,324,24,0,43.11363907,-74.41798804,36035.0,606.9347919749732,7.407407407407407,300,320,24,0,296,318,53591,4,0,0,4,2
2020-09-15,US,New York,Genesee,307,5,0,43.0022601,-78.19135193,36037.0,535.963687150838,1.6286644951140066,302,307,5,0,302,307,57511,0,0,0,0,0
2020-09-15,US,New York,Greene,318,18,0,42.275797,-74.12384884,36039.0,673.9001441044334,5.660377358490566,300,318,18,0,300,318,47491,0,0,0,0,0
2020-09-15,US,New York,Hamilton,14,0,0,43.66146647,-74.49721957,36041.0,317.0289855072464,0.0,14,14,0,0,14,14,4434,0,0,0,0,0
2020-09-15,US,New York,Herkimer,313,10,0,43.42034246,-74.96145307,36043.0,510.4453758215235,3.194888178913738,303,313,10,0,303,313,61833,0,0,0,0,0
2020-09-15,US,New York,Jefferson,158,0,0,44.04200959,-75.94653457,36045.0,143.85345157237285,0.0,158,158,0,0,158,157,111755,0,0,0,0,1
2020-09-15,US,New York,Kings,66381,7309,0,40.636182500000004,-73.94935552,36047.0,2593.106066909567,11.010680767086965,59072,66274,7306,0,58968,66197,2582830,107,3,0,104,77
2020-09-15,US,New York,Lewis,50,0,0,43.784415700000004,-75.44903992,36049.0,190.14298752661998,0.0,50,50,0,0,50,50,26447,0,0,0,0,0
2020-09-15,US,New York,Livingston,196,8,0,42.72596275,-77.77966158,36051.0,311.5363829990145,4.081632653061225,188,196,8,0,188,196,63227,0,0,0,0,0
2020-09-15,US,New York,Madison,480,17,0,42.91653905,-75.67266639,36053.0,676.6185985537277,3.5416666666666665,463,478,17,0,461,478,70795,2,0,0,2,0
2020-09-15,US,New York,Monroe,5793,289,0,43.14638895,-77.69322942,36055.0,780.9698424039798,4.988779561539789,5504,5764,289,0,5475,5727,742474,29,0,0,29,37
2020-09-15,US,New York,Montgomery,218,4,0,42.90123494,-74.44011632,36057.0,442.9003880457528,1.834862385321101,214,218,4,0,214,218,49455,0,0,0,0,0
2020-09-15,US,New York,Nassau,45840,2199,0,40.74066522,-73.58941873,36059.0,3378.2289944020445,4.797120418848167,43641,45763,2199,0,43564,45711,1358343,77,0,0,77,52
2020-09-15,US,New York,New York,32772,3177,0,40.76727260000001,-73.97152637,36061.0,2012.149522381572,9.694251190040276,29595,32728,3177,0,29551,32677,,44,0,0,44,51
2020-09-15,US,New York,Niagara,1693,101,0,43.19898042,-78.74777412,36063.0,808.9602018338977,5.9657412876550495,1592,1689,101,0,1588,1685,210433,4,0,0,4,4
2020-09-15,US,New York,Oneida,2356,120,0,43.24375382,-75.43710392,36065.0,1030.3011750506187,5.093378607809846,2236,2348,120,0,2228,2347,229577,8,0,0,8,1
2020-09-15,US,New York,Onondaga,4114,204,0,43.00491923,-76.19971155,36067.0,893.3224472779071,4.958677685950414,3910,4096,204,0,3892,4081,461809,18,0,0,18,15
2020-09-15,US,New York,Ontario,444,35,0,42.85145728,-77.30874425,36069.0,404.4563068766682,7.882882882882883,409,443,35,0,408,439,109864,1,0,0,1,4
2020-09-15,US,New York,Orange,11676,495,0,41.40337468,-74.30240757,36071.0,3033.19997921754,4.2394655704008235,11181,11652,495,0,11157,11635,381951,24,0,0,24,17
2020-09-15,US,New York,Orleans,322,54,0,43.2516977,-78.2320066,36073.0,797.9777954004758,16.770186335403725,268,321,54,0,267,321,40612,1,0,0,1,0
2020-09-15,US,New York,Oswego,402,3,0,43.42778894,-76.14635194,36075.0,343.22598271916945,0.746268656716418,399,390,3,0,387,388,117898,12,0,0,12,2
2020-09-15,US,New York,Otsego,316,5,0,42.63492579,-75.03151402,36077.0,531.1549257895887,1.5822784810126582,311,314,5,0,309,314,59749,2,0,0,2,0
2020-09-15,US,New York,Putnam,1564,63,0,41.42630093,-73.74965532,36079.0,1590.7241659886083,4.028132992327365,1501,1561,63,0,1498,1557,98892,3,0,0,3,4
2020-09-15,US,New York,Queens,71254,7235,0,40.71088124,-73.81684712,36081.0,3161.423656681122,10.153815926123444,64019,71180,7231,0,63949,71111,2278906,74,4,0,70,69
2020-09-15,US,New York,Rensselaer,884,40,0,42.71348136,-73.51089874,36083.0,556.9767002280832,4.524886877828054,844,879,40,0,839,879,159442,5,0,0,5,0
2020-09-15,US,New York,Richmond,15631,1084,0,40.58582155,-74.14808598,36085.0,3282.837298878698,6.9349369841980675,14547,15604,1084,0,14520,15582,476179,27,0,0,27,22
2020-09-15,US,New York,Rockland,14617,674,0,41.15027894,-74.02560498,36087.0,4486.646264913794,4.611069302866525,13943,14581,674,0,13907,14547,325695,36,0,0,36,34
2020-09-15,US,New York,Saratoga,965,17,0,43.10904162,-73.86653895,36091.0,419.81528127623847,1.7616580310880832,948,964,17,0,947,961,230163,1,0,0,1,3
2020-09-15,US,New York,Schenectady,1358,45,0,42.81668777,-74.05278291,36093.0,874.4422050367357,3.3136966126656846,1313,1357,45,0,1312,1356,155350,1,0,0,1,1
2020-09-15,US,New York,Schoharie,83,0,0,42.58831742,-74.44339029999998,36095.0,267.7505725991161,0.0,83,82,0,0,82,78,31097,1,0,0,1,4
2020-09-15,US,New York,Schuyler,33,0,0,42.39184015,-76.8773299,36097.0,185.32037962598977,0.0,33,32,0,0,32,32,17912,1,0,0,1,0
2020-09-15,US,New York,Seneca,104,3,0,42.78081007,-76.82497064,36099.0,305.7384760112888,2.8846153846153846,101,104,3,0,101,104,34300,0,0,0,0,0
2020-09-15,US,New York,St. Lawrence,308,4,0,44.4976179,-75.06550039,36089.0,285.873398923334,1.2987012987012987,304,307,4,0,303,304,108047,1,0,0,1,3
2020-09-15,US,New York,Steuben,331,42,0,42.2689144,-77.3829924,36101.0,347.0365594103524,12.68882175226586,289,326,42,0,284,326,95796,5,0,0,5,0
2020-09-15,US,New York,Suffolk,45785,2008,0,40.88320119,-72.8012172,36103.0,3100.702220843681,4.385715845801027,43777,45714,2008,0,43706,45683,1481093,71,0,0,71,31
2020-09-15,US,New York,Sullivan,1559,48,0,41.71579493,-74.76394559,36105.0,2066.762116873476,3.078896728672226,1511,1557,48,0,1509,1553,75498,2,0,0,2,4
2020-09-15,US,New York,Tioga,221,25,0,42.16852837,-76.30835812,36107.0,458.47768811069847,11.312217194570133,196,221,25,0,196,219,48560,0,0,0,0,2
2020-09-15,US,New York,Tompkins,384,0,0,42.44945765,-76.47229843,36109.0,375.80739870816205,0.0,384,382,0,0,382,381,102793,2,0,0,2,1
2020-09-15,US,New York,Ulster,2225,94,0,41.89027881,-74.26252104,36111.0,1253.0058060628587,4.224719101123595,2131,2219,94,0,2125,2218,178599,6,0,0,6,1
2020-09-15,US,New York,Unassigned,0,17,0,0.0,0.0,90036.0,0.0,0.0,-17,0,16,0,-16,0,,0,1,0,-1,0
2020-09-15,US,New York,Warren,348,33,0,43.56173026,-73.8433699,36113.0,544.2261979231828,9.482758620689657,315,348,33,0,315,348,64265,0,0,0,0,0
2020-09-15,US,New York,Washington,284,14,0,43.31153794,-73.43043448,36115.0,464.0219593490622,4.929577464788731,270,284,14,0,270,284,61197,0,0,0,0,0
2020-09-15,US,New York,Wayne,304,5,0,43.15494365,-77.02976528,36117.0,338.0858115171601,1.6447368421052633,299,303,5,0,298,303,90064,1,0,0,1,0
2020-09-15,US,New York,Westchester,37601,1452,0,41.16278376,-73.75741653,36119.0,3886.384167126612,3.8615994255471935,36149,37571,1452,0,36119,37531,967612,30,0,0,30,40
2020-09-15,US,New York,Wyoming,130,5,0,42.70145109,-78.22199579,36121.0,326.14967761358787,3.8461538461538463,125,130,5,0,125,128,40085,0,0,0,0,2
2020-09-15,US,New York,Yates,62,7,0,42.63505484,-77.10369919,36123.0,248.8660538674588,11.290322580645164,55,62,7,0,55,62,24841,0,0,0,0,0
2020-09-15,US,North Carolina,Alamance,3584,48,0,36.0434701,-79.39976137,37001.0,2114.342011338631,1.3392857142857142,3536,3573,48,0,3525,3558,166436,11,0,0,11,15
2020-09-15,US,North Carolina,Alexander,471,3,0,35.922379600000006,-81.17751948,37003.0,1256.100488039043,0.6369426751592356,468,473,3,0,470,472,37353,-2,0,0,-2,1
2020-09-15,US,North Carolina,Alleghany,217,0,0,36.49360862,-81.12857041,37005.0,1948.460087994972,0.0,217,217,0,0,217,217,11161,0,0,0,0,0
2020-09-15,US,North Carolina,Anson,521,3,0,34.97403241,-80.09953279,37007.0,2131.228012762824,0.5758157389635317,518,510,3,0,507,508,24877,11,0,0,11,2
2020-09-15,US,North Carolina,Ashe,244,1,0,36.43296207,-81.49862729,37009.0,896.9598941293242,0.4098360655737705,243,241,1,0,240,240,27109,3,0,0,3,1
2020-09-15,US,North Carolina,Avery,306,0,0,36.07569796,-81.92308483,37011.0,1742.8945719655978,0.0,306,306,0,0,306,288,17505,0,0,0,0,18
2020-09-15,US,North Carolina,Beaufort,791,10,0,35.48531943,-76.84325809,37013.0,1683.1935991828746,1.2642225031605565,781,788,10,0,778,782,47079,3,0,0,3,6
2020-09-15,US,North Carolina,Bertie,520,7,0,36.0688473,-76.96545943,37015.0,2744.497809679633,1.3461538461538465,513,515,7,0,508,512,19026,5,0,0,5,3
2020-09-15,US,North Carolina,Bladen,803,12,0,34.61296243,-78.56180059,37017.0,2454.006478821588,1.49439601494396,791,799,11,0,788,799,33190,4,1,0,3,0
2020-09-15,US,North Carolina,Brunswick,1487,26,0,34.070565,-78.22814204,37019.0,1041.1707043831395,1.7484868863483525,1461,1482,26,0,1456,1478,136744,5,0,0,5,4
2020-09-15,US,North Carolina,Buncombe,2764,75,0,35.61113393,-82.53305,37021.0,1058.2294183183953,2.7134587554269176,2689,2760,72,0,2688,2738,259103,4,3,0,1,22
2020-09-15,US,North Carolina,Burke,1974,33,0,35.74989637,-81.70755735,37023.0,2181.5770569707693,1.6717325227963526,1941,1967,33,0,1934,1962,90382,7,0,0,7,5
2020-09-15,US,North Carolina,Cabarrus,3647,59,0,35.3877799,-80.55267168,37025.0,1684.8923322846067,1.6177680285165892,3588,3604,58,0,3546,3588,211342,43,1,0,42,16
2020-09-15,US,North Carolina,Caldwell,1526,17,0,35.95204977,-81.54799522,37027.0,1856.9446810581906,1.1140235910878111,1509,1522,17,0,1505,1519,82029,4,0,0,4,3
2020-09-15,US,North Carolina,Camden,107,3,0,36.33804939,-76.15568396,37029.0,984.6323732400847,2.803738317757009,104,107,3,0,104,107,10710,0,0,0,0,0
2020-09-15,US,North Carolina,Carteret,587,5,0,34.8932941,-76.54120135,37031.0,844.9325637297943,0.8517887563884157,582,583,5,0,578,579,69524,4,0,0,4,4
2020-09-15,US,North Carolina,Caswell,278,3,0,36.39312665,-79.33353281,37033.0,1229.8708193240136,1.0791366906474822,275,275,3,0,272,272,22698,3,0,0,3,3
2020-09-15,US,North Carolina,Catawba,2860,48,0,35.66211129,-81.2132617,37035.0,1792.5302881210391,1.6783216783216783,2812,2842,48,0,2794,2825,158652,18,0,0,18,17
2020-09-15,US,North Carolina,Chatham,1577,57,0,35.70394416,-79.25541492,37037.0,2117.631260910434,3.614457831325301,1520,1572,57,0,1515,1568,73139,5,0,0,5,4
2020-09-15,US,North Carolina,Cherokee,546,6,0,35.1349263,-84.05970864,37039.0,1908.2902278764154,1.0989010989010992,540,535,6,0,529,529,28383,11,0,0,11,6
2020-09-15,US,North Carolina,Chowan,285,3,0,36.12908077,-76.60118385,37041.0,2044.0364340529293,1.0526315789473684,282,281,3,0,278,274,14029,4,0,0,4,7
2020-09-15,US,North Carolina,Clay,106,1,0,35.05704275,-83.74353633,37043.0,943.8162229543228,0.9433962264150944,105,103,1,0,102,102,11139,3,0,0,3,1
2020-09-15,US,North Carolina,Cleveland,1879,54,0,35.33553364,-81.55204486,37045.0,1918.3844323971127,2.8738690792974984,1825,1844,54,0,1790,1830,97645,35,0,0,35,14
2020-09-15,US,North Carolina,Columbus,1269,53,0,34.26744084,-78.65801424,37047.0,2286.1569503494993,4.1765169424743895,1216,1260,52,0,1208,1258,55655,9,1,0,8,2
2020-09-15,US,North Carolina,Craven,1181,30,0,35.11833364,-77.08398081,37049.0,1156.2674394697424,2.5402201524132093,1151,1147,29,0,1118,1141,102912,34,1,0,33,6
2020-09-15,US,North Carolina,Cumberland,4787,75,0,35.04762133,-78.82623165,37051.0,1426.7873589084052,1.5667432630039688,4712,4745,74,0,4671,4714,332330,42,1,0,41,31
2020-09-15,US,North Carolina,Currituck,137,0,0,36.36123664,-75.95876401,37053.0,493.4625220617368,0.0,137,136,0,0,136,136,27072,1,0,0,1,0
2020-09-15,US,North Carolina,Dare,259,2,0,35.66520691,-75.71767334,37055.0,699.8297711367505,0.7722007722007722,257,258,2,0,256,253,36501,1,0,0,1,5
2020-09-15,US,North Carolina,Davidson,2477,33,0,35.79115496,-80.21256572,37057.0,1477.8442685058676,1.3322567622123536,2444,2452,33,0,2419,2441,166614,25,0,0,25,11
2020-09-15,US,North Carolina,Davie,520,6,0,35.93099927,-80.54496571,37059.0,1213.6488820426646,1.1538461538461535,514,519,6,0,513,518,42733,1,0,0,1,1
2020-09-15,US,North Carolina,Duplin,2121,52,0,34.93449805,-77.93140529,37061.0,3610.765904564104,2.451673738802452,2069,2121,52,0,2069,2121,58856,0,0,0,0,0
2020-09-15,US,North Carolina,Durham,7335,88,0,36.03638492,-78.87608331,37063.0,2281.578161548798,1.19972733469666,7247,7318,88,0,7230,7307,316739,17,0,0,17,11
2020-09-15,US,North Carolina,Edgecombe,1189,36,0,35.91230639,-77.59436892,37065.0,2309.993783027665,3.027754415475189,1153,1175,30,0,1145,1171,52005,14,6,0,8,4
2020-09-15,US,North Carolina,Forsyth,6668,91,0,36.12859861,-80.25459052,37067.0,1744.2027753436485,1.3647270545890822,6577,6634,86,0,6548,6617,379099,34,5,0,29,17
2020-09-15,US,North Carolina,Franklin,1156,30,0,36.081519,-78.28708884,37069.0,1658.8935925952499,2.5951557093425603,1126,1151,30,0,1121,1143,67560,5,0,0,5,8
2020-09-15,US,North Carolina,Gaston,4600,74,0,35.29373559,-81.17477045,37071.0,2048.73312578776,1.608695652173913,4526,4568,70,0,4498,4546,222846,32,4,0,28,22
2020-09-15,US,North Carolina,Gates,109,3,0,36.44667547,-76.69749701,37073.0,942.7434699878912,2.7522935779816518,106,108,3,0,105,108,11573,1,0,0,1,0
2020-09-15,US,North Carolina,Graham,113,0,0,35.3506925,-83.83369267,37075.0,1338.7039450302098,0.0,113,119,0,0,119,117,8484,-6,0,0,-6,2
2020-09-15,US,North Carolina,Granville,1647,48,0,36.30337451,-78.65184241,37077.0,2724.881293119137,2.914389799635701,1599,1646,48,0,1598,1640,60115,1,0,0,1,6
2020-09-15,US,North Carolina,Greene,485,5,0,35.48544173,-77.67578087,37079.0,2301.960225924344,1.0309278350515465,480,486,5,0,481,478,21012,-1,0,0,-1,8
2020-09-15,US,North Carolina,Guilford,7782,176,0,36.07959451,-79.78824948,37081.0,1448.6926023969886,2.261629401182216,7606,7700,174,0,7526,7673,533670,82,2,0,80,27
2020-09-15,US,North Carolina,Halifax,930,17,0,36.25669272,-77.6556109,37083.0,1859.628074385123,1.827956989247312,913,925,17,0,908,922,50574,5,0,0,5,3
2020-09-15,US,North Carolina,Harnett,1887,49,0,35.36731853,-78.87243571,37085.0,1387.7448961581454,2.5967143614202444,1838,1875,49,0,1826,1861,134214,12,0,0,12,14
2020-09-15,US,North Carolina,Haywood,560,31,0,35.55269063,-82.98196486,37087.0,898.6311921305584,5.5357142857142865,529,557,31,0,526,555,61971,3,0,0,3,2
2020-09-15,US,North Carolina,Henderson,1848,64,0,35.33788927,-82.4766782,37089.0,1573.8777178773096,3.463203463203463,1784,1833,60,0,1773,1825,116748,15,4,0,11,8
2020-09-15,US,North Carolina,Hertford,645,24,0,36.3607755,-76.98104134,37091.0,2724.162689529924,3.72093023255814,621,641,24,0,617,638,23659,4,0,0,4,3
2020-09-15,US,North Carolina,Hoke,997,13,0,35.01888303,-79.23651674,37093.0,1805.0476155990875,1.3039117352056169,984,982,13,0,969,975,54764,15,0,0,15,7
2020-09-15,US,North Carolina,Hyde,123,3,0,35.42017674,-76.15180542,37095.0,2491.3915333198293,2.4390243902439024,120,123,3,0,120,123,5230,0,0,0,0,0
2020-09-15,US,North Carolina,Iredell,2569,25,0,35.80950511,-80.8743128,37097.0,1413.0446739931574,0.9731413001167768,2544,2558,25,0,2533,2549,178435,11,0,0,11,9
2020-09-15,US,North Carolina,Jackson,523,7,0,35.28814273,-83.14093385,37099.0,1190.3136237425465,1.338432122370937,516,521,7,0,514,520,43327,2,0,0,2,1
2020-09-15,US,North Carolina,Johnston,4151,54,0,35.51745004,-78.36622717,37101.0,1982.9081059907608,1.3008913514815708,4097,4133,54,0,4079,4117,202675,18,0,0,18,16
2020-09-15,US,North Carolina,Jones,141,11,0,35.02254606,-77.35870791,37103.0,1496.9742010829175,7.801418439716313,130,142,11,0,131,142,9637,-1,0,0,-1,0
2020-09-15,US,North Carolina,Lee,1538,13,0,35.47623147,-79.17569362,37105.0,2489.519092248175,0.8452535760728218,1525,1533,13,0,1520,1524,61452,5,0,0,5,9
2020-09-15,US,North Carolina,Lenoir,907,22,0,35.24032589999999,-77.64245615,37107.0,1621.1192335877317,2.4255788313120177,885,903,22,0,881,898,55976,4,0,0,4,5
2020-09-15,US,North Carolina,Lincoln,1378,14,0,35.48508185,-81.21740317,37109.0,1600.2601293679086,1.0159651669085632,1364,1360,14,0,1346,1355,83770,18,0,0,18,5
2020-09-15,US,North Carolina,Macon,567,2,0,35.14867843,-83.41696617,37113.0,1581.2371019019465,0.3527336860670194,565,564,2,0,562,562,35285,3,0,0,3,2
2020-09-15,US,North Carolina,Madison,87,1,0,35.85402722,-82.71346418,37115.0,399.9080671110089,1.1494252873563218,86,85,1,0,84,84,21763,2,0,0,2,1
2020-09-15,US,North Carolina,Martin,400,9,0,35.84326734,-77.10860251,37117.0,1782.5311942959,2.25,391,398,9,0,389,396,22671,2,0,0,2,2
2020-09-15,US,North Carolina,McDowell,870,26,0,35.67736232,-82.0482425,37111.0,1901.389981641752,2.9885057471264367,844,863,25,0,838,859,45507,7,1,0,6,4
2020-09-15,US,North Carolina,Mecklenburg,27021,334,0,35.24469268,-80.8317671,37119.0,2433.543836391211,1.2360756448688055,26687,26931,334,0,26597,26868,1093901,90,0,0,90,63
2020-09-15,US,North Carolina,Mitchell,101,3,0,36.01059309,-82.1582442,37121.0,674.9532210638866,2.9702970297029703,98,99,3,0,96,97,15000,2,0,0,2,2
2020-09-15,US,North Carolina,Montgomery,990,23,0,35.33155144,-79.90416657,37123.0,3643.3224156331653,2.323232323232323,967,986,23,0,963,979,27271,4,0,0,4,7
2020-09-15,US,North Carolina,Moore,1472,22,0,35.30885257,-79.48474178,37125.0,1459.159397303727,1.4945652173913044,1450,1470,22,0,1448,1453,98682,2,0,0,2,17
2020-09-15,US,North Carolina,Nash,1986,34,0,35.96575634,-77.98422508,37127.0,2106.0892065579333,1.7119838872104731,1952,1965,31,0,1934,1951,94016,21,3,0,18,14
2020-09-15,US,North Carolina,New Hanover,3710,26,0,34.25758282,-77.87075626,37129.0,1582.2717327794671,0.7008086253369272,3684,3679,25,0,3654,3655,232274,31,1,0,30,24
2020-09-15,US,North Carolina,Northampton,389,17,0,36.41736238,-77.39769443,37131.0,1996.612431350408,4.370179948586118,372,387,17,0,370,379,19676,2,0,0,2,8
2020-09-15,US,North Carolina,Onslow,1731,20,0,34.72607366,-77.42908179,37133.0,874.5162626681082,1.1554015020219526,1711,1707,18,0,1689,1696,197683,24,2,0,22,11
2020-09-15,US,North Carolina,Orange,2535,54,0,36.06092947,-79.12167935,37135.0,1707.346641881516,2.1301775147929,2481,2526,54,0,2472,2519,146027,9,0,0,9,7
2020-09-15,US,North Carolina,Pamlico,219,2,0,35.15253315,-76.66559823,37137.0,1720.8863743517209,0.9132420091324199,217,218,2,0,216,219,12670,1,0,0,1,-1
2020-09-15,US,North Carolina,Pasquotank,631,26,0,36.26723798,-76.25134778,37139.0,1584.4716753716352,4.120443740095086,605,630,26,0,604,627,39639,1,0,0,1,3
2020-09-15,US,North Carolina,Pender,837,5,0,34.52265624,-77.90352133,37141.0,1327.3073263558515,0.5973715651135006,832,834,5,0,829,831,62162,3,0,0,3,3
2020-09-15,US,North Carolina,Perquimans,161,3,0,36.17847453,-76.40603143,37143.0,1195.8701626680534,1.8633540372670807,158,161,3,0,158,161,13422,0,0,0,0,0
2020-09-15,US,North Carolina,Person,385,6,0,36.38989032,-78.97217358,37145.0,974.9303621169915,1.5584415584415583,379,384,6,0,378,383,39507,1,0,0,1,1
2020-09-15,US,North Carolina,Pitt,4345,25,0,35.59535426,-77.37353178,37147.0,2403.9791526042645,0.5753739930955121,4320,4318,25,0,4293,4294,179914,27,0,0,27,24
2020-09-15,US,North Carolina,Polk,254,7,0,35.27820615,-82.16812354,37149.0,1225.6321173518625,2.755905511811024,247,253,7,0,246,251,20611,1,0,0,1,2
2020-09-15,US,North Carolina,Randolph,2611,49,0,35.71015088,-79.80570339,37151.0,1817.397175412586,1.8766756032171583,2562,2590,49,0,2541,2584,143351,21,0,0,21,6
2020-09-15,US,North Carolina,Richmond,842,12,0,35.00417719,-79.74491009,37153.0,1878.248455241027,1.4251781472684086,830,838,12,0,826,819,44887,4,0,0,4,19
2020-09-15,US,North Carolina,Robeson,4065,66,0,34.64244496,-79.10250529999998,37155.0,3111.9617224880385,1.6236162361623616,3999,4050,66,0,3984,4040,131831,15,0,0,15,10
2020-09-15,US,North Carolina,Rockingham,1087,13,0,36.39593137,-79.77504841,37157.0,1194.3742445885068,1.1959521619135234,1074,1074,13,0,1061,1066,90690,13,0,0,13,8
2020-09-15,US,North Carolina,Rowan,3072,83,0,35.64003916,-80.52446628,37159.0,2162.0404256517086,2.7018229166666665,2989,3054,79,0,2975,3041,141262,18,4,0,14,13
2020-09-15,US,North Carolina,Rutherford,1061,22,0,35.40114178,-81.92112099,37161.0,1582.896955049307,2.0735155513666355,1039,1057,21,0,1036,1051,66826,4,1,0,3,6
2020-09-15,US,North Carolina,Sampson,1710,22,0,34.98820368,-78.36914061,37163.0,2691.599376682249,1.286549707602339,1688,1701,22,0,1679,1696,63626,9,0,0,9,5
2020-09-15,US,North Carolina,Scotland,838,12,0,34.8386299,-79.4757978,37165.0,2406.4555035465064,1.431980906921241,826,831,12,0,819,820,34810,7,0,0,7,11
2020-09-15,US,North Carolina,Stanly,1733,52,0,35.31647813,-80.25093221,37167.0,2759.2905136451927,3.000577034045009,1681,1720,52,0,1668,1713,62075,13,0,0,13,7
2020-09-15,US,North Carolina,Stokes,391,3,0,36.4017975,-80.23893369,37169.0,857.625408523612,0.7672634271099744,388,387,3,0,384,387,45467,4,0,0,4,0
2020-09-15,US,North Carolina,Surry,1243,20,0,36.41689489,-80.69102283,37171.0,1731.607762283549,1.6090104585679808,1223,1242,20,0,1222,1240,71948,1,0,0,1,2
2020-09-15,US,North Carolina,Swain,135,3,0,35.48665845,-83.48748932,37173.0,945.9743535841916,2.2222222222222223,132,135,3,0,132,135,14245,0,0,0,0,0
2020-09-15,US,North Carolina,Transylvania,296,6,0,35.20383864,-82.79638423,37175.0,860.8404827686493,2.0270270270270268,290,293,6,0,287,292,34215,3,0,0,3,1
2020-09-15,US,North Carolina,Tyrrell,111,2,0,35.87147226,-76.17055253,37177.0,2763.944223107569,1.8018018018018016,109,110,2,0,108,110,4131,1,0,0,1,0
2020-09-15,US,North Carolina,Union,4428,56,0,34.98960527,-80.52955873,37179.0,1846.0845746876287,1.2646793134598011,4372,4385,56,0,4329,4345,235908,43,0,0,43,40
2020-09-15,US,North Carolina,Vance,990,43,0,36.36880673,-78.40670845,37181.0,2222.970697204446,4.343434343434343,947,987,43,0,944,981,44582,3,0,0,3,6
2020-09-15,US,North Carolina,Wake,16480,220,0,35.78879266,-78.65249174,37183.0,1482.3329834379874,1.3349514563106797,16260,16393,213,0,16180,16318,1092305,87,7,0,80,75
2020-09-15,US,North Carolina,Warren,302,7,0,36.39728256,-78.10652228,37185.0,1530.5863869038571,2.3178807947019866,295,301,7,0,294,300,19807,1,0,0,1,1
2020-09-15,US,North Carolina,Washington,196,8,0,35.83810081,-76.57299037,37187.0,1692.5734024179621,4.081632653061225,188,195,8,0,187,195,11859,1,0,0,1,0
2020-09-15,US,North Carolina,Watauga,540,0,0,36.23103603,-81.70033724,37189.0,961.2474856257901,0.0,540,531,0,0,531,518,55945,9,0,0,9,13
2020-09-15,US,North Carolina,Wayne,3046,62,0,35.36438125,-78.00027268,37191.0,2473.78807936263,2.0354563361785947,2984,3032,62,0,2970,3026,123248,14,0,0,14,6
2020-09-15,US,North Carolina,Wilkes,1124,31,0,36.2084135,-81.16232895,37193.0,1642.9866105361637,2.7580071174377223,1093,1117,28,0,1089,1112,68557,7,3,0,4,5
2020-09-15,US,North Carolina,Wilson,1979,44,0,35.70625477,-77.917978,37195.0,2419.285827801616,2.223345123799899,1935,1968,44,0,1924,1954,81455,11,0,0,11,14
2020-09-15,US,North Carolina,Yadkin,688,7,0,36.16222629,-80.66239436,37197.0,1826.532508561871,1.0174418604651163,681,687,7,0,680,682,37543,1,0,0,1,5
2020-09-15,US,North Carolina,Yancey,116,0,0,35.90079156,-82.31237181,37199.0,641.9835076650617,0.0,116,116,0,0,116,114,17903,0,0,0,0,2
2020-09-15,US,North Dakota,Adams,13,0,0,46.09686891,-102.5285397,38001.0,586.6425992779783,0.0,13,14,0,0,14,14,2294,-1,0,0,-1,0
2020-09-15,US,North Dakota,Barnes,197,0,0,46.93579637,-98.06605978,38003.0,1891.502640422468,0.0,197,198,0,0,198,195,10542,-1,0,0,-1,3
2020-09-15,US,North Dakota,Benson,267,5,0,48.0683985,-99.35916363,38005.0,3908.07962529274,1.8726591760299625,262,268,5,0,263,265,6962,-1,0,0,-1,3
2020-09-15,US,North Dakota,Billings,6,0,0,47.02366884,-103.3762965,38007.0,646.5517241379309,0.0,6,6,0,0,6,6,919,0,0,0,0,0
2020-09-15,US,North Dakota,Bottineau,35,0,0,48.79106111,-100.8378166,38009.0,557.1474052849411,0.0,35,34,0,0,34,34,6411,1,0,0,1,0
2020-09-15,US,North Dakota,Bowman,26,0,0,46.11285362,-103.5203343,38011.0,859.7883597883597,0.0,26,26,0,0,26,26,3076,0,0,0,0,0
2020-09-15,US,North Dakota,Burke,26,1,0,48.79094471,-102.51821170000001,38013.0,1229.3144208037825,3.8461538461538463,25,25,1,0,24,25,2100,1,0,0,1,0
2020-09-15,US,North Dakota,Burleigh,2767,27,0,46.97847375,-100.46452140000001,38015.0,2893.5645117436684,0.9757860498735093,2740,2685,26,0,2659,2643,95273,82,1,0,81,42
2020-09-15,US,North Dakota,Cass,4328,77,0,46.93201724,-97.24447190000001,38017.0,2379.0284900754714,1.7791127541589649,4251,4294,77,0,4217,4214,181516,34,0,0,34,80
2020-09-15,US,North Dakota,Cavalier,39,0,0,48.77286211,-98.46685243,38019.0,1036.682615629984,0.0,39,37,0,0,37,37,3829,2,0,0,2,0
2020-09-15,US,North Dakota,Dickey,36,0,0,46.11017712,-98.50490079999999,38021.0,738.9162561576352,0.0,36,35,0,0,35,35,4903,1,0,0,1,0
2020-09-15,US,North Dakota,Divide,6,0,0,48.814938700000006,-103.48736109999999,38023.0,265.01766784452303,0.0,6,6,0,0,6,6,2283,0,0,0,0,0
2020-09-15,US,North Dakota,Dunn,59,1,0,47.35423935,-102.61604679999999,38025.0,1333.6347197106688,1.6949152542372878,58,60,1,0,59,58,4332,-1,0,0,-1,2
2020-09-15,US,North Dakota,Eddy,59,1,0,47.71701474,-98.90432337,38027.0,2579.7988631394837,1.6949152542372878,58,59,1,0,58,58,2313,0,0,0,0,1
2020-09-15,US,North Dakota,Emmons,55,1,0,46.28398398,-100.2389766,38029.0,1697.0070965751306,1.818181818181818,54,52,1,0,51,50,3295,3,0,0,3,2
2020-09-15,US,North Dakota,Foster,51,0,0,47.457108399999996,-98.88279923,38031.0,1588.7850467289718,0.0,51,52,0,0,52,52,3216,-1,0,0,-1,0
2020-09-15,US,North Dakota,Golden Valley,40,0,0,46.94022281,-103.8465421,38033.0,2271.4366837024413,0.0,40,40,0,0,40,40,1769,0,0,0,0,0
2020-09-15,US,North Dakota,Grand Forks,1951,12,0,47.92093639,-97.45450447,38035.0,2809.1748138975677,0.6150691952844695,1939,1934,12,0,1922,1902,70770,17,0,0,17,32
2020-09-15,US,North Dakota,Grant,11,0,0,46.35821257,-101.63900129999999,38037.0,483.72911169744935,0.0,11,9,0,0,9,9,2374,2,0,0,2,0
2020-09-15,US,North Dakota,Griggs,44,1,0,47.45785838,-98.23850925,38039.0,1972.2097714029583,2.272727272727273,43,44,1,0,43,43,2232,0,0,0,0,1
2020-09-15,US,North Dakota,Hettinger,46,0,0,46.43375068,-102.4632417,38041.0,1840.7362945178072,0.0,46,46,0,0,46,44,2514,0,0,0,0,2
2020-09-15,US,North Dakota,Kidder,38,0,0,46.97830064,-99.77507857,38043.0,1532.2580645161293,0.0,38,38,0,0,38,38,2450,0,0,0,0,0
2020-09-15,US,North Dakota,LaMoure,38,0,0,46.45681054,-98.53542355,38045.0,939.1992090954027,0.0,38,37,0,0,37,37,4062,1,0,0,1,0
2020-09-15,US,North Dakota,Logan,16,0,0,46.45729487,-99.47719806,38047.0,864.8648648648648,0.0,16,15,0,0,15,15,1903,1,0,0,1,0
2020-09-15,US,North Dakota,McHenry,55,1,0,48.23104458,-100.6324822,38049.0,957.3542210617927,1.818181818181818,54,55,1,0,54,55,5816,0,0,0,0,0
2020-09-15,US,North Dakota,McIntosh,48,3,0,46.11182017,-99.44145858,38051.0,1922.306768121746,6.25,45,50,3,0,47,50,2585,-2,0,0,-2,0
2020-09-15,US,North Dakota,McKenzie,148,2,0,47.74133370000001,-103.395905,38053.0,985.0905218317359,1.351351351351351,146,147,2,0,145,145,13632,1,0,0,1,2
2020-09-15,US,North Dakota,McLean,204,2,0,47.60766714,-101.3182418,38055.0,2158.7301587301586,0.9803921568627452,202,201,2,0,199,202,9541,3,0,0,3,-1
2020-09-15,US,North Dakota,Mercer,84,0,0,47.31213126,-101.8318399,38057.0,1026.0168559912056,0.0,84,79,0,0,79,74,8267,5,0,0,5,5
2020-09-15,US,North Dakota,Morton,957,9,0,46.71681782,-101.2822377,38059.0,3051.268970794541,0.9404388714733544,948,930,8,0,922,917,31095,27,1,0,26,13
2020-09-15,US,North Dakota,Mountrail,191,2,0,48.20197971,-102.3555315,38061.0,1811.2849691797064,1.0471204188481675,189,191,2,0,189,189,10218,0,0,0,0,2
2020-09-15,US,North Dakota,Nelson,37,0,0,47.9226426,-98.19038437,38063.0,1285.1684612712747,0.0,37,36,0,0,36,36,2869,1,0,0,1,0
2020-09-15,US,North Dakota,Oliver,15,0,0,47.11530482,-101.3406158,38065.0,765.6967840735069,0.0,15,13,0,0,13,13,1952,2,0,0,2,0
2020-09-15,US,North Dakota,Pembina,43,0,0,48.76623521,-97.5523809,38067.0,632.2599617703279,0.0,43,43,0,0,43,43,6947,0,0,0,0,0
2020-09-15,US,North Dakota,Pierce,29,0,0,48.24977025,-99.96407787,38069.0,729.5597484276732,0.0,29,28,0,0,28,29,4081,1,0,0,1,-1
2020-09-15,US,North Dakota,Ramsey,172,2,0,48.26886249,-98.72223879,38071.0,1493.1851723239865,1.162790697674419,170,176,2,0,174,175,11481,-4,0,0,-4,1
2020-09-15,US,North Dakota,Ransom,58,0,0,46.45621782,-97.65742504,38073.0,1111.5369873514758,0.0,58,58,0,0,58,58,5237,0,0,0,0,0
2020-09-15,US,North Dakota,Renville,21,0,0,48.71982533,-101.6603912,38075.0,902.4495058014612,0.0,21,19,0,0,19,19,2374,2,0,0,2,0
2020-09-15,US,North Dakota,Richland,178,1,0,46.26440649,-96.94852979,38077.0,1100.3276256413426,0.5617977528089888,177,176,1,0,175,174,16239,2,0,0,2,2
2020-09-15,US,North Dakota,Rolette,140,3,0,48.77245354,-99.84097493,38079.0,987.5846501128668,2.142857142857143,137,140,3,0,137,139,14301,0,0,0,0,1
2020-09-15,US,North Dakota,Sargent,32,0,0,46.10830372,-97.63217159,38081.0,820.9338122113904,0.0,32,30,0,0,30,29,3870,2,0,0,2,1
2020-09-15,US,North Dakota,Sheridan,9,0,0,47.57700669,-100.3426391,38083.0,684.4106463878327,0.0,9,9,0,0,9,9,1349,0,0,0,0,0
2020-09-15,US,North Dakota,Sioux,135,3,0,46.11323337,-101.04401490000001,38085.0,3191.4893617021285,2.2222222222222223,132,133,3,0,130,132,4358,2,0,0,2,1
2020-09-15,US,North Dakota,Slope,7,0,0,46.44737738,-103.4601547,38087.0,933.3333333333336,0.0,7,7,0,0,7,7,763,0,0,0,0,0
2020-09-15,US,North Dakota,Stark,1120,6,0,46.80851182,-102.65763259999999,38089.0,3556.797611864461,0.5357142857142857,1114,1115,6,0,1109,1080,30997,5,0,0,5,35
2020-09-15,US,North Dakota,Steele,26,0,0,47.45611548,-97.72728747,38091.0,1375.6613756613754,0.0,26,25,0,0,25,25,1903,1,0,0,1,0
2020-09-15,US,North Dakota,Stutsman,465,3,0,46.97962541,-98.95637318,38093.0,2245.9428129829985,0.6451612903225806,462,455,3,0,452,449,20917,10,0,0,10,6
2020-09-15,US,North Dakota,Towner,11,0,0,48.68565745,-99.24564265,38095.0,502.51256281407035,0.0,11,11,0,0,11,11,2192,0,0,0,0,0
2020-09-15,US,North Dakota,Traill,83,0,0,47.45367788,-97.16323288,38097.0,1032.8521652563466,0.0,83,82,0,0,82,81,8037,1,0,0,1,1
2020-09-15,US,North Dakota,Walsh,162,1,0,48.36876964,-97.72574783,38099.0,1522.4133070200169,0.6172839506172839,161,162,1,0,161,162,10667,0,0,0,0,0
2020-09-15,US,North Dakota,Ward,756,3,0,48.22390169,-101.54367629999999,38101.0,1117.6653213287798,0.3968253968253968,753,745,3,0,742,739,67744,11,0,0,11,6
2020-09-15,US,North Dakota,Wells,33,0,0,47.58614526,-99.65904998,38103.0,860.7198748043819,0.0,33,32,0,0,32,32,3957,1,0,0,1,0
2020-09-15,US,North Dakota,Williams,691,5,0,48.34522353,-103.4793387,38105.0,1838.3037590784534,0.723589001447178,686,669,5,0,664,657,35350,22,0,0,22,12
2020-09-15,US,Ohio,Adams,109,4,0,38.84541072,-83.4718964,39001.0,393.53021878836023,3.669724770642202,105,103,4,0,99,100,27724,6,0,0,6,3
2020-09-15,US,Ohio,Allen,1318,63,0,40.77285242,-84.10802343,39003.0,1287.7255718068213,4.779969650986343,1255,1313,61,0,1252,1299,102663,5,2,0,3,14
2020-09-15,US,Ohio,Ashland,201,4,0,40.84772277,-82.27280781,39005.0,375.81332735023557,1.9900497512437807,197,199,4,0,195,197,53745,2,0,0,2,2
2020-09-15,US,Ohio,Ashtabula,633,48,0,41.70860332,-80.74830218,39007.0,650.9599860141299,7.582938388625592,585,634,47,0,587,627,97493,-1,1,0,-2,7
2020-09-15,US,Ohio,Athens,540,2,0,39.33425634,-82.04278644,39009.0,826.6107428781363,0.3703703703703704,538,532,2,0,530,508,65818,8,0,0,8,24
2020-09-15,US,Ohio,Auglaize,521,8,0,40.55998859,-84.22421429999999,39011.0,1141.142456632206,1.5355086372360844,513,514,8,0,506,512,45804,7,0,0,7,2
2020-09-15,US,Ohio,Belmont,702,27,0,40.01625942,-80.9924051,39013.0,1047.6673730710684,3.8461538461538463,675,702,27,0,675,699,67505,0,0,0,0,3
2020-09-15,US,Ohio,Brown,268,2,0,38.93416837,-83.86788395,39015.0,617.05654816725,0.746268656716418,266,258,2,0,256,256,43602,10,0,0,10,2
2020-09-15,US,Ohio,Butler,5366,94,0,39.44012838,-84.57388716,39017.0,1400.554375231642,1.7517704062616477,5272,5315,88,0,5227,5266,382378,51,6,0,45,49
2020-09-15,US,Ohio,Carroll,143,7,0,40.578968599999996,-81.09178213,39019.0,531.3219885561418,4.895104895104895,136,140,7,0,133,139,27081,3,0,0,3,1
2020-09-15,US,Ohio,Champaign,281,3,0,40.13923427,-83.76875242,39021.0,722.6436929407226,1.0676156583629892,278,281,3,0,278,278,38754,0,0,0,0,3
2020-09-15,US,Ohio,Clark,1665,36,0,39.91592258,-83.78498252,39023.0,1241.7681585286725,2.1621621621621623,1629,1653,36,0,1617,1615,134585,12,0,0,12,38
2020-09-15,US,Ohio,Clermont,1536,17,0,39.04847534,-84.15375786,39025.0,744.0851047338539,1.1067708333333333,1519,1518,18,0,1500,1500,205466,18,-1,0,19,18
2020-09-15,US,Ohio,Clinton,274,13,0,39.41485808,-83.80852286,39027.0,652.8783835303087,4.744525547445256,261,273,13,0,260,271,42057,1,0,0,1,2
2020-09-15,US,Ohio,Columbiana,1900,71,0,40.76932373,-80.78094576,39029.0,1864.884229950041,3.736842105263158,1829,1897,71,0,1826,1895,102665,3,0,0,3,2
2020-09-15,US,Ohio,Coshocton,229,10,0,40.30096166,-81.91729018,39031.0,625.6830601092896,4.366812227074236,219,229,10,0,219,228,36629,0,0,0,0,1
2020-09-15,US,Ohio,Crawford,208,6,0,40.85065156,-82.91989099,39033.0,501.27729310261725,2.8846153846153846,202,208,6,0,202,208,41550,0,0,0,0,0
2020-09-15,US,Ohio,Cuyahoga,16789,631,0,41.424119,-81.65918339,39035.0,1359.3539485957094,3.7584132467687175,16158,16747,622,0,16125,16698,1243857,42,9,0,33,49
2020-09-15,US,Ohio,Darke,731,38,0,40.13412966,-84.6194517,39037.0,1430.1645373975311,5.198358413132696,693,726,37,0,689,713,51323,5,1,0,4,13
2020-09-15,US,Ohio,Defiance,260,9,0,41.32398837,-84.49076944,39039.0,682.647622548376,3.4615384615384617,251,258,9,0,249,253,38165,2,0,0,2,5
2020-09-15,US,Ohio,Delaware,2022,20,0,40.27942393,-83.00457058,39041.0,966.645472494586,0.9891196834817012,2002,1985,20,0,1965,1967,204826,37,0,0,37,18
2020-09-15,US,Ohio,Erie,862,44,0,41.36796058,-82.62904521,39043.0,1160.6926453558826,5.104408352668212,818,848,43,0,805,844,74615,14,1,0,13,4
2020-09-15,US,Ohio,Fairfield,1953,50,0,39.75107189,-82.63088163,39045.0,1239.4176704278625,2.5601638504864312,1903,1941,44,0,1897,1930,155782,12,6,0,6,11
2020-09-15,US,Ohio,Fayette,221,5,0,39.56021306,-83.4562016,39047.0,774.7589833479402,2.262443438914027,216,219,5,0,214,217,28666,2,0,0,2,2
2020-09-15,US,Ohio,Franklin,25067,593,0,39.96995815,-83.01115755,39049.0,1903.6936228124268,2.365660031116608,24474,24832,579,0,24253,24590,1310300,235,14,0,221,242
2020-09-15,US,Ohio,Fulton,216,1,0,41.60213491,-84.12571393,39051.0,512.7474718701039,0.462962962962963,215,215,1,0,214,215,42276,1,0,0,1,0
2020-09-15,US,Ohio,Gallia,174,10,0,38.82708533,-82.31647569,39053.0,581.9787276740917,5.747126436781608,164,170,9,0,161,169,29979,4,1,0,3,1
2020-09-15,US,Ohio,Geauga,691,47,0,41.49952319,-81.17935342,39055.0,737.8615895524779,6.801736613603473,644,687,46,0,641,689,94031,4,1,0,3,-2
2020-09-15,US,Ohio,Greene,1244,26,0,39.69116283,-83.89032084,39057.0,736.3691790430753,2.090032154340836,1218,1224,25,0,1199,1218,167995,20,1,0,19,6
2020-09-15,US,Ohio,Guernsey,152,7,0,40.05026529,-81.49248905,39059.0,390.99678456591636,4.605263157894737,145,151,7,0,144,148,39022,1,0,0,1,3
2020-09-15,US,Ohio,Hamilton,12368,302,0,39.19673558,-84.54502924,39061.0,1512.9551679382682,2.4417852522639065,12066,12306,292,0,12014,12208,816684,62,10,0,52,98
2020-09-15,US,Ohio,Hancock,626,8,0,41.00250487,-83.66838948,39063.0,826.0427800430176,1.2779552715654952,618,615,7,0,608,603,75930,11,1,0,10,12
2020-09-15,US,Ohio,Hardin,246,13,0,40.66015414,-83.65929931,39065.0,784.313725490196,5.284552845528455,233,248,13,0,235,245,31480,-2,0,0,-2,3
2020-09-15,US,Ohio,Harrison,60,1,0,40.29380509,-81.09068544,39067.0,398.93617021276594,1.6666666666666667,59,49,1,0,48,50,15174,11,0,0,11,-1
2020-09-15,US,Ohio,Henry,282,10,0,41.333964200000004,-84.06830637,39069.0,1044.2123972450568,3.5460992907801416,272,280,10,0,270,272,27086,2,0,0,2,8
2020-09-15,US,Ohio,Highland,214,3,0,39.1839264,-83.60331456,39071.0,495.81798382799286,1.4018691588785046,211,212,3,0,209,210,43058,2,0,0,2,2
2020-09-15,US,Ohio,Hocking,155,9,0,39.49537927,-82.47991446,39073.0,548.400792527597,5.806451612903227,146,154,9,0,145,153,28385,1,0,0,1,1
2020-09-15,US,Ohio,Holmes,364,7,0,40.56163713,-81.92635677,39075.0,828.0254777070064,1.9230769230769231,357,364,7,0,357,363,43892,0,0,0,0,1
2020-09-15,US,Ohio,Huron,512,7,0,41.14651175,-82.59867951,39077.0,878.7285895719632,1.3671875,505,509,7,0,502,505,58504,3,0,0,3,4
2020-09-15,US,Ohio,Jackson,204,2,0,39.01914254,-82.61818559999998,39079.0,629.3771017801498,0.9803921568627452,202,200,2,0,198,198,32384,4,0,0,4,2
2020-09-15,US,Ohio,Jefferson,312,4,0,40.38614126,-80.76259514,39081.0,477.61194029850753,1.2820512820512822,308,306,4,0,302,305,65767,6,0,0,6,1
2020-09-15,US,Ohio,Knox,273,15,0,40.39830217,-82.42027563,39083.0,438.0475594493116,5.494505494505495,258,272,15,0,257,268,61893,1,0,0,1,4
2020-09-15,US,Ohio,Lake,1530,46,0,41.69710807,-81.23676539,39085.0,664.7867251215517,3.0065359477124183,1484,1516,46,0,1470,1507,230514,14,0,0,14,9
2020-09-15,US,Ohio,Lawrence,553,18,0,38.59743452,-82.53466552,39087.0,929.9900778635454,3.25497287522604,535,544,18,0,526,538,59866,9,0,0,9,6
2020-09-15,US,Ohio,Licking,1801,61,0,40.09136236,-82.48185785,39089.0,1018.3080593909376,3.3870072182121045,1740,1792,59,0,1733,1773,175769,9,2,0,7,19
2020-09-15,US,Ohio,Logan,279,3,0,40.38996525,-83.76784341,39091.0,610.8775617446137,1.075268817204301,276,273,3,0,270,270,45358,6,0,0,6,3
2020-09-15,US,Ohio,Lorain,2212,86,0,41.29553751,-82.15083537,39093.0,713.9329897073585,3.8878842676311027,2126,2211,85,0,2126,2200,309461,1,1,0,0,11
2020-09-15,US,Ohio,Lucas,6945,355,0,41.62101218,-83.65468618,39095.0,1621.345261329573,5.111591072714183,6590,6903,350,0,6553,6877,429899,42,5,0,37,26
2020-09-15,US,Ohio,Madison,750,12,0,39.89381073,-83.40178317,39097.0,1676.6895441640027,1.6,738,748,11,0,737,747,44413,2,1,0,1,1
2020-09-15,US,Ohio,Mahoning,2966,279,0,41.01631101,-80.77287029,39099.0,1296.9919058259684,9.406608226567768,2687,2960,274,0,2686,2945,229642,6,5,0,1,15
2020-09-15,US,Ohio,Marion,3046,47,0,40.58610662,-83.15736305,39101.0,4679.458620742629,1.5430072225869993,2999,3040,46,0,2994,3034,65256,6,1,0,5,6
2020-09-15,US,Ohio,Medina,1383,38,0,41.11770589,-81.89986209999998,39103.0,769.4190691308847,2.7476500361532903,1345,1373,38,0,1335,1359,179146,10,0,0,10,14
2020-09-15,US,Ohio,Meigs,165,8,0,39.09224872,-82.0305041,39105.0,720.3038372549878,4.848484848484849,157,163,6,0,157,162,23106,2,2,0,0,1
2020-09-15,US,Ohio,Mercer,986,17,0,40.54043046,-84.62912742,39107.0,2394.8314388419312,1.7241379310344829,969,976,17,0,959,967,40959,10,0,0,10,9
2020-09-15,US,Ohio,Miami,1275,48,0,40.0543329,-84.22871271,39109.0,1191.733575107256,3.7647058823529416,1227,1259,48,0,1211,1252,106222,16,0,0,16,7
2020-09-15,US,Ohio,Monroe,106,18,0,39.72984936,-81.08464734,39111.0,776.3292807968361,16.9811320754717,88,106,18,0,88,106,13790,0,0,0,0,0
2020-09-15,US,Ohio,Montgomery,7216,146,0,39.75394919,-84.29050975,39113.0,1357.1894742583513,2.0232815964523283,7070,7148,144,0,7004,7084,532331,68,2,0,66,64
2020-09-15,US,Ohio,Morgan,45,0,0,39.62081738,-81.85308173,39115.0,310.1736972704714,0.0,45,46,0,0,46,46,14604,-1,0,0,-1,0
2020-09-15,US,Ohio,Morrow,244,2,0,40.52363560000001,-82.7892599,39117.0,690.6702898550725,0.819672131147541,242,243,2,0,241,240,35112,1,0,0,1,3
2020-09-15,US,Ohio,Muskingum,356,2,0,39.96575964,-81.94363275,39119.0,412.9211854085716,0.5617977528089888,354,350,2,0,348,344,86183,6,0,0,6,6
2020-09-15,US,Ohio,Noble,23,0,0,39.76818851,-81.45937183,39121.0,159.45646145313367,0.0,23,23,0,0,23,23,14354,0,0,0,0,0
2020-09-15,US,Ohio,Ottawa,461,30,0,41.53781826,-83.0940185,39123.0,1137.569401603948,6.507592190889372,431,461,30,0,431,461,40769,0,0,0,0,0
2020-09-15,US,Ohio,Paulding,95,0,0,41.11676341,-84.5801017,39125.0,508.78320479862884,0.0,95,95,0,0,95,93,18760,0,0,0,0,2
2020-09-15,US,Ohio,Perry,273,9,0,39.73508655,-82.23804971,39127.0,755.5211158465712,3.2967032967032965,264,271,9,0,262,262,36033,2,0,0,2,9
2020-09-15,US,Ohio,Pickaway,2610,44,0,39.64170392,-83.0243386,39129.0,4464.820295259764,1.685823754789272,2566,2606,44,0,2562,2602,58086,4,0,0,4,4
2020-09-15,US,Ohio,Pike,134,0,0,39.07634001,-83.06769584,39131.0,482.5003600748957,0.0,134,129,0,0,129,122,28067,5,0,0,5,7
2020-09-15,US,Ohio,Portage,1015,65,0,41.16793482,-81.19735782,39133.0,624.7461007226127,6.403940886699507,950,1008,65,0,943,994,162927,7,0,0,7,14
2020-09-15,US,Ohio,Preble,409,12,0,39.7420247,-84.64787018,39135.0,1000.4402915708624,2.9339853300733503,397,403,10,0,393,398,40997,6,2,0,4,5
2020-09-15,US,Ohio,Putnam,493,18,0,41.02094889,-84.1336111,39137.0,1455.9522754791647,3.6511156186612577,475,481,18,0,463,477,33780,12,0,0,12,4
2020-09-15,US,Ohio,Richland,755,18,0,40.77180308,-82.53799609999999,39139.0,623.1738118427786,2.384105960264901,737,752,18,0,734,745,121099,3,0,0,3,7
2020-09-15,US,Ohio,Ross,830,20,0,39.33705391,-83.06000914,39141.0,1082.6181097226931,2.409638554216868,810,827,19,0,808,822,76931,3,1,0,2,5
2020-09-15,US,Ohio,Sandusky,547,20,0,41.35624126,-83.137872,39143.0,934.7551180833248,3.6563071297989036,527,544,20,0,524,543,58799,3,0,0,3,1
2020-09-15,US,Ohio,Scioto,441,6,0,38.80270163,-82.98907345,39145.0,585.5485035982688,1.3605442176870748,435,438,6,0,432,429,75502,3,0,0,3,9
2020-09-15,US,Ohio,Seneca,410,14,0,41.12351311,-83.12783209,39147.0,743.0497662111711,3.414634146341464,396,402,14,0,388,400,55207,8,0,0,8,2
2020-09-15,US,Ohio,Shelby,511,8,0,40.33163494,-84.20258189,39149.0,1051.656719489607,1.5655577299412915,503,505,6,0,499,498,48627,6,2,0,4,7
2020-09-15,US,Ohio,Stark,2628,162,0,40.81482476,-81.36437305,39151.0,709.1088649401248,6.164383561643835,2466,2606,158,0,2448,2570,371574,22,4,0,18,36
2020-09-15,US,Ohio,Summit,4912,244,0,41.12464734,-81.53123079,39153.0,907.9264269065624,4.96742671009772,4668,4894,244,0,4650,4861,541918,18,0,0,18,33
2020-09-15,US,Ohio,Trumbull,1823,129,0,41.31735028,-80.76109643,39155.0,920.827987513512,7.07624794295118,1694,1817,127,0,1690,1813,198627,6,2,0,4,4
2020-09-15,US,Ohio,Tuscarawas,899,19,0,40.44214695,-81.47226262,39157.0,977.3120114798828,2.113459399332592,880,892,19,0,873,887,92176,7,0,0,7,5
2020-09-15,US,Ohio,Union,444,2,0,40.30016061,-83.37239023,39159.0,752.6954634840985,0.4504504504504505,442,443,2,0,441,437,57835,1,0,0,1,6
2020-09-15,US,Ohio,Van Wert,107,3,0,40.8554138,-84.59111700000003,39161.0,378.4261715296198,2.803738317757009,104,105,3,0,102,105,28281,2,0,0,2,0
2020-09-15,US,Ohio,Vinton,45,3,0,39.25208988,-82.4831444,39163.0,343.90523500191057,6.666666666666668,42,41,3,0,38,41,13139,4,0,0,4,0
2020-09-15,US,Ohio,Warren,2795,46,0,39.42581994,-84.16557457,39165.0,1191.3794426304974,1.6457960644007157,2749,2748,46,0,2702,2717,232173,47,0,0,47,31
2020-09-15,US,Ohio,Washington,240,23,0,39.45690571,-81.49121382,39167.0,400.594214751882,9.583333333333334,217,241,23,0,218,242,60155,-1,0,0,-1,-1
2020-09-15,US,Ohio,Wayne,887,65,0,40.82925852,-81.88844833,39169.0,766.5716014173364,7.3280721533258175,822,881,65,0,816,869,115967,6,0,0,6,12
2020-09-15,US,Ohio,Williams,182,3,0,41.56052014,-84.58429552,39171.0,496.020930993132,1.6483516483516485,179,182,3,0,179,180,36804,0,0,0,0,2
2020-09-15,US,Ohio,Wood,1567,69,0,41.36224827,-83.62285108,39173.0,1197.8565476964004,4.403318442884492,1498,1553,65,0,1488,1537,130696,14,4,0,10,16
2020-09-15,US,Ohio,Wyandot,199,11,0,40.84339621,-83.30734173,39175.0,914.0180047767776,5.527638190954773,188,198,11,0,187,197,21935,1,0,0,1,1
2020-09-15,US,Oklahoma,Adair,536,10,0,35.88494195,-94.65859267,40001.0,2415.0671352617824,1.8656716417910448,526,530,10,0,520,523,22082,6,0,0,6,7
2020-09-15,US,Oklahoma,Alfalfa,37,0,0,36.73090616,-98.32408495,40003.0,648.895124517713,0.0,37,37,0,0,37,36,5754,0,0,0,0,1
2020-09-15,US,Oklahoma,Atoka,244,1,0,34.37366573,-96.03802487,40005.0,1773.5135920918738,0.4098360655737705,243,243,1,0,242,243,13838,1,0,0,1,0
2020-09-15,US,Oklahoma,Beaver,47,0,0,36.7496847,-100.4758872,40007.0,884.9557522123894,0.0,47,46,0,0,46,46,5319,1,0,0,1,0
2020-09-15,US,Oklahoma,Beckham,177,1,0,35.26862449,-99.68128023,40009.0,809.7351205453133,0.5649717514124294,176,174,1,0,173,168,21709,3,0,0,3,6
2020-09-15,US,Oklahoma,Blaine,99,1,0,35.87518314,-98.43307003,40011.0,1049.9522748965956,1.0101010101010102,98,98,1,0,97,98,9485,1,0,0,1,0
2020-09-15,US,Oklahoma,Bryan,756,4,0,33.96472458,-96.25903472,40013.0,1575.1640795916242,0.5291005291005291,752,742,4,0,738,738,47192,14,0,0,14,4
2020-09-15,US,Oklahoma,Caddo,654,20,0,35.17364557,-98.37534464,40015.0,2273.833530352549,3.058103975535168,634,646,20,0,626,639,28977,8,0,0,8,7
2020-09-15,US,Oklahoma,Canadian,1783,13,0,35.5426055,-97.98465569,40017.0,1202.2440090084015,0.7291082445316882,1770,1752,13,0,1739,1736,144447,31,0,0,31,16
2020-09-15,US,Oklahoma,Carter,475,8,0,34.25103751,-97.28552485,40019.0,987.3002016170938,1.6842105263157894,467,469,8,0,461,471,48177,6,0,0,6,-2
2020-09-15,US,Oklahoma,Cherokee,894,7,0,35.90692775,-94.99980896,40021.0,1837.3512547012765,0.7829977628635347,887,881,7,0,874,867,48675,13,0,0,13,14
2020-09-15,US,Oklahoma,Choctaw,282,2,0,34.02807439,-95.54771129,40023.0,1922.0283533260642,0.7092198581560284,280,274,2,0,272,273,14668,8,0,0,8,1
2020-09-15,US,Oklahoma,Cimarron,21,0,0,36.74817177,-102.5173885,40025.0,982.6860084230227,0.0,21,21,0,0,21,21,2153,0,0,0,0,0
2020-09-15,US,Oklahoma,Cleveland,5110,68,0,35.20413532,-97.32519562,40027.0,1799.2070813410608,1.3307240704500978,5042,5002,68,0,4934,4965,281669,108,0,0,108,37
2020-09-15,US,Oklahoma,Coal,65,0,0,34.58840127,-96.29798747,40029.0,1182.8935395814376,0.0,65,65,0,0,65,65,5520,0,0,0,0,0
2020-09-15,US,Oklahoma,Comanche,1397,12,0,34.65973764,-98.47195055,40031.0,1156.9453991337402,0.8589835361488904,1385,1384,12,0,1372,1384,120422,13,0,0,13,0
2020-09-15,US,Oklahoma,Cotton,64,2,0,34.28845626,-98.37053567,40033.0,1129.5446523120368,3.125,62,64,2,0,62,63,5776,0,0,0,0,1
2020-09-15,US,Oklahoma,Craig,398,1,0,36.76268118,-95.20916602,40035.0,2814.311978503749,0.25125628140703515,397,379,1,0,378,195,14306,19,0,0,19,184
2020-09-15,US,Oklahoma,Creek,993,29,0,35.90230551,-96.37086028,40037.0,1388.3839937361931,2.920443101711984,964,974,28,0,946,968,71604,19,1,0,18,6
2020-09-15,US,Oklahoma,Custer,425,0,0,35.63853802,-99.00170785,40039.0,1465.3656518291214,0.0,425,402,0,0,402,399,29036,23,0,0,23,3
2020-09-15,US,Oklahoma,Delaware,645,23,0,36.40823634,-94.80325046,40041.0,1499.6861122090725,3.5658914728682167,622,638,23,0,615,633,42733,7,0,0,7,5
2020-09-15,US,Oklahoma,Dewey,45,1,0,35.98772922,-99.00730714,40043.0,920.0572480065426,2.2222222222222223,44,44,1,0,43,39,4894,1,0,0,1,5
2020-09-15,US,Oklahoma,Ellis,7,0,0,36.218019399999996,-99.75324573,40045.0,181.3941435605079,0.0,7,7,0,0,7,7,3952,0,0,0,0,0
2020-09-15,US,Oklahoma,Garfield,1363,17,0,36.3791334,-97.78265517,40047.0,2232.3768343815514,1.247248716067498,1346,1333,17,0,1316,1315,60913,30,0,0,30,18
2020-09-15,US,Oklahoma,Garvin,315,4,0,34.70418038,-97.30811132,40049.0,1136.732705423839,1.2698412698412698,311,311,4,0,307,311,27811,4,0,0,4,0
2020-09-15,US,Oklahoma,Grady,731,7,0,35.0167709,-97.88339847,40051.0,1309.2380986495684,0.957592339261286,724,714,7,0,707,690,55551,17,0,0,17,24
2020-09-15,US,Oklahoma,Grant,33,0,0,36.796296999999996,-97.78638765,40053.0,761.5970459266098,0.0,33,32,0,0,32,32,4326,1,0,0,1,0
2020-09-15,US,Oklahoma,Greer,98,8,0,34.93535801,-99.56056120000001,40055.0,1715.686274509804,8.16326530612245,90,97,8,0,89,97,5821,1,0,0,1,0
2020-09-15,US,Oklahoma,Harmon,43,0,0,34.7440135,-99.84741652,40057.0,1620.8066339992456,0.0,43,43,0,0,43,43,2664,0,0,0,0,0
2020-09-15,US,Oklahoma,Harper,25,0,0,36.78836519,-99.6679804,40059.0,677.8741865509761,0.0,25,25,0,0,25,24,3797,0,0,0,0,1
2020-09-15,US,Oklahoma,Haskell,225,4,0,35.22257600000001,-95.11513306,40061.0,1781.8959372772629,1.7777777777777777,221,211,4,0,207,210,12668,14,0,0,14,1
2020-09-15,US,Oklahoma,Hughes,262,4,0,35.04912569,-96.24921145,40063.0,1973.040138564651,1.5267175572519085,258,261,4,0,257,257,13335,1,0,0,1,4
2020-09-15,US,Oklahoma,Jackson,653,10,0,34.58781741,-99.41138784,40065.0,2662.0464737056664,1.531393568147014,643,650,9,0,641,649,24949,3,1,0,2,1
2020-09-15,US,Oklahoma,Jefferson,38,0,0,34.11130184,-97.83182974,40067.0,633.1222925691436,0.0,38,37,0,0,37,37,6123,1,0,0,1,0
2020-09-15,US,Oklahoma,Johnston,125,3,0,34.31440473,-96.66011537,40069.0,1127.6499774470005,2.4,122,124,3,0,121,124,10949,1,0,0,1,0
2020-09-15,US,Oklahoma,Kay,451,13,0,36.81799745,-97.14421435,40071.0,1035.8767054067712,2.882483370288248,438,442,13,0,429,423,44161,9,0,0,9,19
2020-09-15,US,Oklahoma,Kingfisher,305,2,0,35.94530008,-97.94193268,40073.0,1934.6653980336189,0.6557377049180327,303,303,2,0,301,303,15816,2,0,0,2,0
2020-09-15,US,Oklahoma,Kiowa,58,2,0,34.91671958,-98.97720696,40075.0,666.054203031695,3.4482758620689653,56,58,2,0,56,58,8729,0,0,0,0,0
2020-09-15,US,Oklahoma,Latimer,126,2,0,34.87844729,-95.25215049,40077.0,1250.8686587908267,1.5873015873015872,124,125,2,0,123,123,10231,1,0,0,1,2
2020-09-15,US,Oklahoma,Le Flore,888,16,0,34.89851864,-94.70392124,40079.0,1781.2368362987186,1.8018018018018016,872,869,16,0,853,853,49980,19,0,0,19,16
2020-09-15,US,Oklahoma,Lincoln,358,9,0,35.70270942,-96.8812462,40081.0,1026.4644321472604,2.5139664804469275,349,354,9,0,345,351,34920,4,0,0,4,3
2020-09-15,US,Oklahoma,Logan,367,1,0,35.91899576,-97.44352845,40083.0,764.4081564641436,0.2724795640326976,366,363,1,0,362,359,47291,4,0,0,4,4
2020-09-15,US,Oklahoma,Love,151,1,0,33.95273467,-97.23906784,40085.0,1472.7396859455769,0.6622516556291391,150,146,1,0,145,144,10134,5,0,0,5,2
2020-09-15,US,Oklahoma,Major,69,1,0,36.31149996,-98.53467076,40093.0,904.443570585922,1.4492753623188406,68,67,1,0,66,66,7644,2,0,0,2,1
2020-09-15,US,Oklahoma,Marshall,161,1,0,34.02311222,-96.76855464,40095.0,950.9184336424312,0.6211180124223602,160,157,1,0,156,147,16806,4,0,0,4,10
2020-09-15,US,Oklahoma,Mayes,501,10,0,36.30179091,-95.23175116,40097.0,1218.978102189781,1.996007984031936,491,497,10,0,487,488,41107,4,0,0,4,9
2020-09-15,US,Oklahoma,McClain,711,6,0,35.01123903,-97.44572302,40087.0,1756.6833028610959,0.8438818565400844,705,698,6,0,692,696,39985,13,0,0,13,2
2020-09-15,US,Oklahoma,McCurtain,1168,32,0,34.11664328,-94.77222373,40089.0,3557.504873294347,2.7397260273972597,1136,1160,32,0,1128,1155,32703,8,0,0,8,5
2020-09-15,US,Oklahoma,McIntosh,279,4,0,35.37235506,-95.66599306,40091.0,1423.7599510104105,1.4336917562724014,275,278,4,0,274,275,19815,1,0,0,1,3
2020-09-15,US,Oklahoma,Murray,109,1,0,34.48116015,-97.06826283,40099.0,774.5327932921198,0.9174311926605504,108,107,1,0,106,107,13953,2,0,0,2,0
2020-09-15,US,Oklahoma,Muskogee,1607,19,0,35.61318461,-95.37802952,40101.0,2363.3395590981954,1.1823273179838207,1588,1593,19,0,1574,1583,68362,14,0,0,14,10
2020-09-15,US,Oklahoma,Noble,136,2,0,36.38953329,-97.22928674,40103.0,1221.8129548108884,1.4705882352941178,134,131,2,0,129,129,11289,5,0,0,5,2
2020-09-15,US,Oklahoma,Nowata,125,2,0,36.79843529,-95.61902331,40105.0,1240.571655418817,1.6,123,122,2,0,120,121,10218,3,0,0,3,1
2020-09-15,US,Oklahoma,Okfuskee,120,4,0,35.46485198,-96.32639984,40107.0,1000.5836738097224,3.333333333333333,116,118,4,0,114,118,12098,2,0,0,2,0
2020-09-15,US,Oklahoma,Oklahoma,15517,176,0,35.55140095,-97.40716948,40109.0,1945.8663663701325,1.1342398659534705,15341,15293,175,0,15118,15178,792582,224,1,0,223,115
2020-09-15,US,Oklahoma,Okmulgee,729,5,0,35.64661916,-95.96432828,40111.0,1895.2294293513587,0.6858710562414266,724,719,5,0,714,710,38335,10,0,0,10,9
2020-09-15,US,Oklahoma,Osage,744,13,0,36.62888819,-96.39635704,40113.0,1584.2258799480442,1.7473118279569892,731,733,13,0,720,730,47014,11,0,0,11,3
2020-09-15,US,Oklahoma,Ottawa,738,4,0,36.83532655,-94.81011909,40115.0,2370.9319883059725,0.5420054200542005,734,724,4,0,720,699,31175,14,0,0,14,25
2020-09-15,US,Oklahoma,Pawnee,234,3,0,36.31743373,-96.70331759999999,40117.0,1428.9203712750366,1.2820512820512822,231,232,3,0,229,233,16390,2,0,0,2,-1
2020-09-15,US,Oklahoma,Payne,1855,5,0,36.07695283,-96.97584944,40119.0,2268.169813166389,0.2695417789757412,1850,1801,5,0,1796,1761,82040,54,0,0,54,40
2020-09-15,US,Oklahoma,Pittsburg,837,19,0,34.92065823,-95.75134320000001,40121.0,1917.3500710129654,2.2700119474313016,818,825,19,0,806,707,43877,12,0,0,12,118
2020-09-15,US,Oklahoma,Pontotoc,306,3,0,34.72959848,-96.68337199,40123.0,799.2895204262877,0.9803921568627452,303,300,3,0,297,294,38247,6,0,0,6,6
2020-09-15,US,Oklahoma,Pottawatomie,1086,9,0,35.20614018,-96.94923008,40125.0,1496.0326206744546,0.8287292817679558,1077,1064,9,0,1055,1048,72679,22,0,0,22,16
2020-09-15,US,Oklahoma,Pushmataha,139,1,0,34.41635232,-95.37603505,40127.0,1252.703677000721,0.7194244604316546,138,137,1,0,136,136,11179,2,0,0,2,1
2020-09-15,US,Oklahoma,Roger Mills,18,1,0,35.68711719,-99.69666167,40129.0,502.3723137036004,5.5555555555555545,17,17,1,0,16,19,3656,1,0,0,1,-2
2020-09-15,US,Oklahoma,Rogers,1583,46,0,36.37004357,-95.60406759,40131.0,1712.1102326436585,2.905874921036008,1537,1546,46,0,1500,1536,91984,37,0,0,37,10
2020-09-15,US,Oklahoma,Seminole,381,5,0,35.16478725,-96.61686741,40133.0,1570.6158792975516,1.3123359580052494,376,377,5,0,372,377,24578,4,0,0,4,0
2020-09-15,US,Oklahoma,Sequoyah,714,9,0,35.49447108,-94.75463785,40135.0,1717.6261156150015,1.2605042016806722,705,708,9,0,699,701,41179,6,0,0,6,7
2020-09-15,US,Oklahoma,Stephens,339,5,0,34.48556989,-97.85141892,40137.0,785.7589875530214,1.4749262536873156,334,320,5,0,315,319,43265,19,0,0,19,1
2020-09-15,US,Oklahoma,Texas,1339,8,0,36.74777635,-101.4889765,40139.0,6700.695591252565,0.5974607916355489,1331,1321,8,0,1313,1313,20455,18,0,0,18,8
2020-09-15,US,Oklahoma,Tillman,78,2,0,34.37288446,-98.92426619,40141.0,1075.8620689655172,2.5641025641025643,76,78,1,0,77,78,7348,0,1,0,-1,0
2020-09-15,US,Oklahoma,Tulsa,15358,147,0,36.11939621,-95.94013939,40143.0,2357.141103089239,0.9571558796718322,15211,15202,144,0,15058,15146,648360,156,3,0,153,56
2020-09-15,US,Oklahoma,Unassigned,56,0,0,0.0,0.0,90040.0,0.0,0.0,56,47,0,0,47,47,,9,0,0,9,0
2020-09-15,US,Oklahoma,Wagoner,1342,23,0,35.96024096,-95.51911308,40145.0,1650.8998757519464,1.7138599105812218,1319,1327,23,0,1304,1316,80110,15,0,0,15,11
2020-09-15,US,Oklahoma,Washington,926,40,0,36.71380786,-95.90514104,40147.0,1797.1160750674405,4.319654427645788,886,916,40,0,876,913,51843,10,0,0,10,3
2020-09-15,US,Oklahoma,Washita,46,0,0,35.29071824,-98.99180434,40149.0,421.39978013924514,0.0,46,46,0,0,46,46,11127,0,0,0,0,0
2020-09-15,US,Oklahoma,Woods,33,0,0,36.76705782,-98.86573064,40151.0,375.29853292391675,0.0,33,33,0,0,33,32,8897,0,0,0,0,1
2020-09-15,US,Oklahoma,Woodward,161,0,0,36.42316318,-99.26283045,40153.0,796.5959131166196,0.0,161,159,0,0,159,150,20222,2,0,0,2,9
2020-09-15,US,Oregon,Baker,90,2,0,44.70915557,-117.6749883,41001.0,558.1741503349044,2.2222222222222223,88,90,2,0,88,90,16006,0,0,0,0,0
2020-09-15,US,Oregon,Benton,244,6,0,44.49167306,-123.4316987,41003.0,262.21615638399624,2.459016393442623,238,244,6,0,238,244,92101,0,0,0,0,0
2020-09-15,US,Oregon,Clackamas,2178,61,0,45.18787398,-122.2179634,41005.0,520.8196333219349,2.800734618916437,2117,2151,59,0,2092,2151,416075,27,2,0,25,0
2020-09-15,US,Oregon,Clatsop,103,0,0,45.99712889,-123.660711,41007.0,256.066030230708,0.0,103,102,0,0,102,102,39764,1,0,0,1,0
2020-09-15,US,Oregon,Columbia,145,1,0,45.94464254,-123.08908980000001,41009.0,276.9606906826604,0.6896551724137931,144,143,1,0,142,143,52377,2,0,0,2,0
2020-09-15,US,Oregon,Coos,132,0,0,43.17406868,-124.0594514,41011.0,204.69241862701008,0.0,132,131,0,0,131,131,64389,1,0,0,1,0
2020-09-15,US,Oregon,Crook,60,1,0,44.14230227,-120.356297,41013.0,245.86133420750699,1.6666666666666667,59,59,1,0,58,59,23867,1,0,0,1,0
2020-09-15,US,Oregon,Curry,26,0,0,42.45911325,-124.15728200000001,41015.0,113.41330425299893,0.0,26,26,0,0,26,26,22813,0,0,0,0,0
2020-09-15,US,Oregon,Deschutes,728,12,0,43.91570171,-121.2289121,41017.0,368.2496003884832,1.6483516483516485,716,723,12,0,711,723,191996,5,0,0,5,0
2020-09-15,US,Oregon,Douglas,192,3,0,43.27941273,-123.16729099999999,41019.0,173.0041448909713,1.5625,189,188,3,0,185,188,110283,4,0,0,4,0
2020-09-15,US,Oregon,Gilliam,7,0,0,45.37160076,-120.20488689999999,41021.0,366.1087866108786,0.0,7,5,0,0,5,5,1894,2,0,0,2,0
2020-09-15,US,Oregon,Grant,8,0,0,44.49024544,-119.0068631,41023.0,111.12654535352131,0.0,8,8,0,0,8,8,7176,0,0,0,0,0
2020-09-15,US,Oregon,Harney,12,0,0,43.06422669,-118.96663059999999,41025.0,162.31570404436633,0.0,12,12,0,0,12,12,7329,0,0,0,0,0
2020-09-15,US,Oregon,Hood River,238,0,0,45.51872811,-121.65520359999998,41027.0,1017.8769994012488,0.0,238,238,0,0,238,238,23428,0,0,0,0,0
2020-09-15,US,Oregon,Jackson,981,3,0,42.43201126,-122.72893090000001,41029.0,444.00391049315664,0.3058103975535168,978,967,3,0,964,967,219564,14,0,0,14,0
2020-09-15,US,Oregon,Jefferson,491,8,0,44.62806839,-121.17832,41031.0,1991.2401654635407,1.6293279022403258,483,487,8,0,479,487,24192,4,0,0,4,0
2020-09-15,US,Oregon,Josephine,180,2,0,42.3665549,-123.5561938,41033.0,205.7448535210945,1.1111111111111112,178,178,2,0,176,178,87393,2,0,0,2,0
2020-09-15,US,Oregon,Klamath,246,2,0,42.68762984,-121.64964609999998,41035.0,360.502945572848,0.8130081300813008,244,242,2,0,240,242,67653,4,0,0,4,0
2020-09-15,US,Oregon,Lake,29,0,0,42.79246693,-120.38501629999999,41037.0,368.5347566399797,0.0,29,29,0,0,29,29,7879,0,0,0,0,0
2020-09-15,US,Oregon,Lane,875,14,0,43.93727035,-122.847753,41039.0,229.0174236455909,1.6,861,846,13,0,833,846,379611,29,1,0,28,0
2020-09-15,US,Oregon,Lincoln,472,13,0,44.64252874,-123.86991200000001,41041.0,944.7179856691084,2.754237288135593,459,473,13,0,460,473,49388,-1,0,0,-1,0
2020-09-15,US,Oregon,Linn,437,13,0,44.48899494,-122.53731540000001,41043.0,336.804137218784,2.9748283752860414,424,431,13,0,418,431,127335,6,0,0,6,0
2020-09-15,US,Oregon,Malheur,1444,23,0,43.1937027,-117.62273950000001,41045.0,4723.4307022995645,1.592797783933518,1421,1407,22,0,1385,1407,30725,37,1,0,36,0
2020-09-15,US,Oregon,Marion,4287,88,0,44.90287942,-122.58151170000001,41047.0,1232.5411565818906,2.05271751807791,4199,4248,87,0,4161,4248,346868,39,1,0,38,0
2020-09-15,US,Oregon,Morrow,476,5,0,45.41846568,-119.584546,41049.0,4102.387313625786,1.050420168067227,471,471,4,0,467,471,11372,5,1,0,4,0
2020-09-15,US,Oregon,Multnomah,6618,129,0,45.54747959,-122.4169351,41051.0,814.1673484200751,1.9492293744333635,6489,6556,127,0,6429,6556,811880,62,2,0,60,0
2020-09-15,US,Oregon,Polk,484,15,0,44.90322804,-123.4128888,41053.0,562.2350002904107,3.0991735537190084,469,481,15,0,466,481,85234,3,0,0,3,0
2020-09-15,US,Oregon,Sherman,18,0,0,45.41501554,-120.6827834,41055.0,1011.2359550561798,0.0,18,18,0,0,18,18,1708,0,0,0,0,0
2020-09-15,US,Oregon,Tillamook,46,0,0,45.46248721,-123.712066,41057.0,170.1435123538985,0.0,46,45,0,0,45,45,26787,1,0,0,1,0
2020-09-15,US,Oregon,Umatilla,2872,41,0,45.59073056,-118.7353826,41059.0,3684.413085311097,1.4275766016713092,2831,2844,41,0,2803,2844,77516,28,0,0,28,0
2020-09-15,US,Oregon,Union,433,2,0,45.30915495,-118.0068979,41061.0,1613.5643748835473,0.4618937644341801,431,431,2,0,429,431,26461,2,0,0,2,0
2020-09-15,US,Oregon,Wallowa,23,1,0,45.57894064,-117.18353799999998,41063.0,319.0899001109878,4.3478260869565215,22,23,1,0,22,23,7081,0,0,0,0,0
2020-09-15,US,Oregon,Wasco,228,3,0,45.16292781,-121.16709540000001,41065.0,854.5086575219249,1.3157894736842106,225,227,3,0,224,227,26505,1,0,0,1,0
2020-09-15,US,Oregon,Washington,4145,57,0,45.55972701,-123.0955257,41067.0,689.0051729411296,1.3751507840772017,4088,4107,55,0,4052,4107,597695,38,2,0,36,0
2020-09-15,US,Oregon,Yamhill,714,14,0,45.23330449,-123.3086963,41071.0,666.6666666666666,1.96078431372549,700,706,14,0,692,706,107002,8,0,0,8,0
2020-09-15,US,Pennsylvania,Adams,749,25,0,39.87140411,-77.21610347,42001.0,727.1209311807705,3.337783711615488,724,742,25,0,717,734,102811,7,0,0,7,8
2020-09-15,US,Pennsylvania,Allegheny,11358,335,0,40.46809875,-79.98167747,42003.0,934.0114880617084,2.9494629336150733,11023,11268,335,0,10933,11126,1218452,90,0,0,90,142
2020-09-15,US,Pennsylvania,Armstrong,386,13,0,40.81665618,-79.46290811,42005.0,596.2771298370279,3.3678756476683938,373,384,13,0,371,380,65263,2,0,0,2,4
2020-09-15,US,Pennsylvania,Beaver,1796,110,0,40.6825484,-80.34921611,42007.0,1095.5962642363465,6.124721603563473,1686,1783,109,0,1674,1767,164742,13,1,0,12,16
2020-09-15,US,Pennsylvania,Bedford,213,6,0,40.00522157,-78.48998442,42009.0,444.7878382893417,2.8169014084507036,207,212,6,0,206,202,48176,1,0,0,1,10
2020-09-15,US,Pennsylvania,Berks,6641,386,0,40.41570541,-75.92457766,42011.0,1576.8204309960015,5.8123776539677765,6255,6587,386,0,6201,6521,420152,54,0,0,54,66
2020-09-15,US,Pennsylvania,Blair,536,13,0,40.47961444,-78.34917412,42013.0,439.96092884288635,2.4253731343283578,523,532,13,0,519,517,122492,4,0,0,4,15
2020-09-15,US,Pennsylvania,Bradford,114,3,0,41.78869215,-76.51570822,42015.0,188.98264343616864,2.631578947368421,111,108,3,0,105,104,60833,6,0,0,6,4
2020-09-15,US,Pennsylvania,Bucks,8349,596,0,40.33682119,-75.10836643,42017.0,1328.8872618460216,7.138579470595281,7753,8294,595,0,7699,8229,628195,55,1,0,54,65
2020-09-15,US,Pennsylvania,Butler,945,21,0,40.91152759,-79.91351055,42019.0,503.05291903775833,2.2222222222222223,924,938,21,0,917,932,187888,7,0,0,7,6
2020-09-15,US,Pennsylvania,Cambria,527,7,0,40.49527404,-78.71377428,42021.0,404.7867764532383,1.3282732447817838,520,525,7,0,518,518,131730,2,0,0,2,7
2020-09-15,US,Pennsylvania,Cameron,8,0,0,41.43625568,-78.20376845,42023.0,179.89655947830002,0.0,8,8,0,0,8,8,4492,0,0,0,0,0
2020-09-15,US,Pennsylvania,Carbon,439,28,0,40.91545395,-75.7068525,42025.0,683.9923966221057,6.378132118451026,411,438,28,0,410,436,64227,1,0,0,1,2
2020-09-15,US,Pennsylvania,Centre,1449,11,0,40.92058903,-77.82200624,42027.0,892.3237983803923,0.7591442374051071,1438,1237,11,0,1226,1135,162805,212,0,0,212,102
2020-09-15,US,Pennsylvania,Chester,6357,362,0,39.97291773,-75.74768357,42029.0,1210.8825137288588,5.694509988988518,5995,6294,362,0,5932,6187,522046,63,0,0,63,107
2020-09-15,US,Pennsylvania,Clarion,112,3,0,41.19265812,-79.42413524,42031.0,291.3783235340028,2.6785714285714284,109,112,3,0,109,110,38779,0,0,0,0,2
2020-09-15,US,Pennsylvania,Clearfield,288,1,0,41.00110782,-78.47592663,42033.0,363.38401362690047,0.3472222222222222,287,286,1,0,285,271,79388,2,0,0,2,15
2020-09-15,US,Pennsylvania,Clinton,176,5,0,41.23255967,-77.63785995,42035.0,455.5808656036447,2.8409090909090913,171,170,5,0,165,169,38684,6,0,0,6,1
2020-09-15,US,Pennsylvania,Columbia,843,35,0,41.04821986,-76.40565017,42037.0,1297.6417708269196,4.1518386714116255,808,842,35,0,807,836,65456,1,0,0,1,6
2020-09-15,US,Pennsylvania,Crawford,257,3,0,41.68447709,-80.10760592,42039.0,303.67840811069493,1.1673151750972763,254,254,3,0,251,245,85063,3,0,0,3,9
2020-09-15,US,Pennsylvania,Cumberland,1696,73,0,40.1625372,-77.26130755,42041.0,669.3768007262108,4.304245283018868,1623,1685,73,0,1612,1661,251423,11,0,0,11,24
2020-09-15,US,Pennsylvania,Dauphin,3597,169,0,40.41377078,-76.77993242,42043.0,1292.4947628270313,4.698359744231304,3428,3580,169,0,3411,3559,277097,17,0,0,17,21
2020-09-15,US,Pennsylvania,Delaware,10967,744,0,39.91680171,-75.40243663,42045.0,1935.0786153257093,6.783988328622232,10223,10922,742,0,10180,10857,564751,45,2,0,43,65
2020-09-15,US,Pennsylvania,Elk,66,2,0,41.42822061,-78.64524744,42047.0,220.6619859578736,3.0303030303030303,64,66,2,0,64,66,30169,0,0,0,0,0
2020-09-15,US,Pennsylvania,Erie,1435,37,0,41.99253829,-80.03301954,42049.0,532.0174397911969,2.578397212543554,1398,1423,37,0,1386,1421,272061,12,0,0,12,2
2020-09-15,US,Pennsylvania,Fayette,750,7,0,39.92041012,-79.64291195,42051.0,580.1630644986617,0.9333333333333332,743,747,7,0,740,740,130441,3,0,0,3,7
2020-09-15,US,Pennsylvania,Forest,14,0,0,41.51095103,-79.23229292,42053.0,193.1833862287843,0.0,14,14,0,0,14,14,7279,0,0,0,0,0
2020-09-15,US,Pennsylvania,Franklin,1677,49,0,39.92956518,-77.72157791,42055.0,1081.7470505137817,2.9218843172331543,1628,1658,49,0,1609,1642,154835,19,0,0,19,16
2020-09-15,US,Pennsylvania,Fulton,41,2,0,39.92913544,-78.11163677,42057.0,282.17481073640744,4.878048780487805,39,40,2,0,38,40,14523,1,0,0,1,0
2020-09-15,US,Pennsylvania,Greene,160,1,0,39.85746531,-80.22357106,42059.0,441.5863991389065,0.625,159,159,1,0,158,159,36506,1,0,0,1,0
2020-09-15,US,Pennsylvania,Huntingdon,393,6,0,40.42162652,-77.97673273,42061.0,870.5475810738968,1.5267175572519085,387,392,6,0,386,393,45168,1,0,0,1,-1
2020-09-15,US,Pennsylvania,Indiana,553,11,0,40.65241041,-79.08963285,42063.0,657.7617070878879,1.9891500904159127,542,534,11,0,523,523,84501,19,0,0,19,11
2020-09-15,US,Pennsylvania,Jefferson,104,2,0,41.12913106,-78.9986361,42065.0,239.4933793897524,1.9230769230769231,102,101,2,0,99,101,43641,3,0,0,3,0
2020-09-15,US,Pennsylvania,Juniata,169,6,0,40.53358749,-77.39975129999998,42067.0,682.4698138351572,3.5502958579881656,163,167,6,0,161,164,24704,2,0,0,2,3
2020-09-15,US,Pennsylvania,Lackawanna,2329,215,0,41.43564672,-75.60379201,42069.0,1110.7719602811985,9.23142979819665,2114,2321,215,0,2106,2301,210793,8,0,0,8,20
2020-09-15,US,Pennsylvania,Lancaster,7354,447,0,40.03904563,-76.24770128,42071.0,1347.567634921682,6.078324721240143,6907,7325,447,0,6878,7273,543557,29,0,0,29,52
2020-09-15,US,Pennsylvania,Lawrence,487,21,0,40.99206278,-80.33393706,42073.0,569.5107119468613,4.312114989733058,466,487,21,0,466,481,86184,0,0,0,0,6
2020-09-15,US,Pennsylvania,Lebanon,1857,58,0,40.36680311,-76.45651841,42075.0,1309.6556247487536,3.1233171782444797,1799,1838,58,0,1780,1814,141314,19,0,0,19,24
2020-09-15,US,Pennsylvania,Lehigh,5409,345,0,40.6154815,-75.59435245,42077.0,1464.591490260426,6.378258458125347,5064,5393,345,0,5048,5366,368100,16,0,0,16,27
2020-09-15,US,Pennsylvania,Luzerne,3966,189,0,41.17823008,-75.98447579,42079.0,1249.4604888837082,4.765506807866869,3777,3951,189,0,3762,3941,317646,15,0,0,15,10
2020-09-15,US,Pennsylvania,Lycoming,596,23,0,41.34310539,-77.06629984,42081.0,526.0417126364753,3.859060402684564,573,588,23,0,565,585,113664,8,0,0,8,3
2020-09-15,US,Pennsylvania,McKean,51,2,0,41.80938602,-78.56478358,42083.0,125.53846153846152,3.92156862745098,49,48,2,0,46,47,40968,3,0,0,3,1
2020-09-15,US,Pennsylvania,Mercer,659,13,0,41.30248872,-80.25816981,42085.0,602.2444801871619,1.9726858877086493,646,656,13,0,643,636,110683,3,0,0,3,20
2020-09-15,US,Pennsylvania,Mifflin,198,1,0,40.61116939,-77.61070738,42087.0,429.14734058693483,0.5050505050505051,197,195,1,0,194,189,46222,3,0,0,3,6
2020-09-15,US,Pennsylvania,Monroe,1766,129,0,41.05934058,-75.34031025,42089.0,1037.1701581596396,7.304643261608153,1637,1759,129,0,1630,1753,169507,7,0,0,7,6
2020-09-15,US,Pennsylvania,Montgomery,11710,868,0,40.21053671,-75.36652296,42091.0,1409.2897588802705,7.412467976088812,10842,11657,868,0,10789,11578,828604,53,0,0,53,79
2020-09-15,US,Pennsylvania,Montour,161,5,0,41.03023987,-76.66345939,42093.0,883.1596269884807,3.1055900621118013,156,161,5,0,156,160,18240,0,0,0,0,1
2020-09-15,US,Pennsylvania,Northampton,4277,304,0,40.75182733,-75.30471829,42095.0,1400.9859639353394,7.1077858311900854,3973,4258,304,0,3954,4224,304807,19,0,0,19,34
2020-09-15,US,Pennsylvania,Northumberland,811,44,0,40.84785433,-76.70798222,42097.0,892.7490285437513,5.425400739827373,767,806,44,0,762,799,91083,5,0,0,5,7
2020-09-15,US,Pennsylvania,Perry,190,6,0,40.40206612,-77.26297447,42099.0,410.6154910096819,3.1578947368421053,184,188,6,0,182,186,46139,2,0,0,2,2
2020-09-15,US,Pennsylvania,Philadelphia,35344,1771,0,40.00338507,-75.1379271,42101.0,2231.222980889661,5.010751471253961,33573,35257,1770,0,33487,35094,1584138,87,1,0,86,163
2020-09-15,US,Pennsylvania,Pike,557,21,0,41.33155042,-75.03208106,42103.0,998.0469099965956,3.7701974865350087,536,555,21,0,534,554,55933,2,0,0,2,1
2020-09-15,US,Pennsylvania,Potter,25,0,0,41.74471626,-77.89559864,42105.0,151.27677598935009,0.0,25,25,0,0,25,25,16622,0,0,0,0,0
2020-09-15,US,Pennsylvania,Schuylkill,1044,52,0,40.70497338,-76.2150785,42107.0,738.5451227017735,4.980842911877394,992,1039,52,0,987,1029,142067,5,0,0,5,10
2020-09-15,US,Pennsylvania,Snyder,224,3,0,40.77129231,-77.06840691,42109.0,554.8399881105717,1.3392857142857142,221,209,3,0,206,203,40540,15,0,0,15,6
2020-09-15,US,Pennsylvania,Somerset,195,3,0,39.97172723,-79.02699593,42111.0,265.4975696760929,1.5384615384615383,192,195,3,0,192,195,73952,0,0,0,0,0
2020-09-15,US,Pennsylvania,Sullivan,10,0,0,41.44634738,-76.51246591,42113.0,164.85328058028355,0.0,10,10,0,0,10,10,6071,0,0,0,0,0
2020-09-15,US,Pennsylvania,Susquehanna,288,28,0,41.82147784,-75.80071959,42115.0,714.1440190438408,9.722222222222221,260,287,28,0,259,286,40589,1,0,0,1,1
2020-09-15,US,Pennsylvania,Tioga,53,3,0,41.77255149,-77.25433032,42117.0,130.57081619078122,5.660377358490566,50,52,3,0,49,51,40763,1,0,0,1,1
2020-09-15,US,Pennsylvania,Union,439,6,0,40.96188846,-77.05996014,42119.0,977.2277007323644,1.366742596810934,433,435,6,0,429,425,44785,4,0,0,4,10
2020-09-15,US,Pennsylvania,Venango,77,1,0,41.40323442,-79.75845449,42121.0,151.96968500828925,1.2987012987012987,76,77,1,0,76,74,51266,0,0,0,0,3
2020-09-15,US,Pennsylvania,Warren,43,1,0,41.81304978,-79.26969577,42123.0,109.71906815340256,2.3255813953488373,42,41,1,0,40,40,39498,2,0,0,2,1
2020-09-15,US,Pennsylvania,Washington,1232,28,0,40.19208869,-80.24582867,42125.0,595.5574891837672,2.272727272727273,1204,1210,28,0,1182,1190,207346,22,0,0,22,20
2020-09-15,US,Pennsylvania,Wayne,204,10,0,41.64938475,-75.29956506,42127.0,397.18852826074266,4.901960784313727,194,202,10,0,192,201,51276,2,0,0,2,1
2020-09-15,US,Pennsylvania,Westmoreland,1993,49,0,40.31377979999999,-79.46615476,42129.0,571.2254835926731,2.458605117912694,1944,1985,49,0,1936,1962,350611,8,0,0,8,23
2020-09-15,US,Pennsylvania,Wyoming,72,8,0,41.51955538,-76.01074915,42131.0,268.7168769127417,11.111111111111109,64,72,8,0,64,72,27046,0,0,0,0,0
2020-09-15,US,Pennsylvania,York,4258,134,0,39.9210089,-76.73040131,42133.0,948.2071358265524,3.1470173790511984,4124,4216,134,0,4082,4124,448273,42,0,0,42,92
2020-09-15,US,Puerto Rico,Adjuntas,141,0,0,18.180117000000006,-66.754367,72001.0,723.7078478673718,0.0,141,139,0,0,139,135,,2,0,0,2,4
2020-09-15,US,Puerto Rico,Aguada,281,0,0,18.360255,-67.17513100000001,72003.0,669.701375151934,0.0,281,273,0,0,273,269,,8,0,0,8,4
2020-09-15,US,Puerto Rico,Aguadilla,374,0,0,18.459681,-67.12081500000001,72005.0,613.6277871663193,0.0,374,370,0,0,370,367,,4,0,0,4,3
2020-09-15,US,Puerto Rico,Aguas Buenas,228,0,0,18.251619,-66.126806,72007.0,795.5616036847064,0.0,228,227,0,0,227,224,,1,0,0,1,3
2020-09-15,US,Puerto Rico,Aibonito,137,0,0,18.131361,-66.264131,72009.0,528.957528957529,0.0,137,136,0,0,136,136,,1,0,0,1,0
2020-09-15,US,Puerto Rico,Anasco,206,0,0,18.287985,-67.120611,72011.0,704.0087488465877,0.0,206,202,0,0,202,201,,4,0,0,4,1
2020-09-15,US,Puerto Rico,Arecibo,604,0,0,18.406631,-66.675077,72013.0,626.2961426793861,0.0,604,594,0,0,594,586,,10,0,0,10,8
2020-09-15,US,Puerto Rico,Arroyo,149,0,0,17.998457000000005,-66.056546,72015.0,761.1749680715197,0.0,149,149,0,0,149,149,,0,0,0,0,0
2020-09-15,US,Puerto Rico,Barceloneta,154,0,0,18.445532999999998,-66.56053100000001,72017.0,620.5673758865247,0.0,154,153,0,0,153,151,,1,0,0,1,2
2020-09-15,US,Puerto Rico,Barranquitas,377,0,0,18.201592,-66.30963,72019.0,1243.4857180552804,0.0,377,373,0,0,373,372,,4,0,0,4,1
2020-09-15,US,Puerto Rico,Bayamon,3065,0,0,18.34946,-66.168435,72021.0,1472.7363585692597,0.0,3065,3027,0,0,3027,2991,,38,0,0,38,36
2020-09-15,US,Puerto Rico,Cabo Rojo,295,0,0,18.040993,-67.154391,72023.0,579.3742757821552,0.0,295,294,0,0,294,293,,1,0,0,1,1
2020-09-15,US,Puerto Rico,Caguas,1287,0,0,18.211615,-66.050779,72025.0,900.6739308433583,0.0,1287,1271,0,0,1271,1255,,16,0,0,16,16
2020-09-15,US,Puerto Rico,Camuy,212,0,0,18.418578,-66.860206,72027.0,602.9750561733837,0.0,212,211,0,0,211,210,,1,0,0,1,1
2020-09-15,US,Puerto Rico,Canovanas,588,0,0,18.328802,-65.887612,72029.0,1234.0496977837477,0.0,588,581,0,0,581,580,,7,0,0,7,1
2020-09-15,US,Puerto Rico,Carolina,2192,0,0,18.374986,-65.95683100000001,72031.0,1240.0855387470158,0.0,2192,2161,0,0,2161,2149,,31,0,0,31,12
2020-09-15,US,Puerto Rico,Catano,366,0,0,18.437269,-66.14330600000001,72033.0,1300.639658848614,0.0,366,361,0,0,361,359,,5,0,0,5,2
2020-09-15,US,Puerto Rico,Cayey,304,0,0,18.102851,-66.14914,72035.0,631.7670774538125,0.0,304,302,0,0,302,297,,2,0,0,2,5
2020-09-15,US,Puerto Rico,Ceiba,100,0,0,18.251818,-65.666416,72037.0,733.6218912772357,0.0,100,96,0,0,96,96,,4,0,0,4,0
2020-09-15,US,Puerto Rico,Ciales,202,0,0,18.28885,-66.516475,72039.0,1075.4978170588859,0.0,202,201,0,0,201,200,,1,0,0,1,1
2020-09-15,US,Puerto Rico,Cidra,270,0,0,18.173559,-66.161179,72041.0,620.9751609935603,0.0,270,263,0,0,263,260,,7,0,0,7,3
2020-09-15,US,Puerto Rico,Coamo,238,0,0,18.097597,-66.36014,72043.0,587.4802527646127,0.0,238,236,0,0,236,235,,2,0,0,2,1
2020-09-15,US,Puerto Rico,Comerio,198,0,0,18.224687,-66.221622,72045.0,952.9309846953508,0.0,198,197,0,0,197,195,,1,0,0,1,2
2020-09-15,US,Puerto Rico,Corozal,480,0,0,18.304264,-66.327738,72047.0,1292.3375154811265,0.0,480,473,0,0,473,470,,7,0,0,7,3
2020-09-15,US,Puerto Rico,Culebra,22,0,0,18.31586,-65.28813000000001,72049.0,1210.1210121012102,0.0,22,22,0,0,22,21,,0,0,0,0,1
2020-09-15,US,Puerto Rico,Dorado,600,0,0,18.436115,-66.278669,72051.0,1572.1210533211056,0.0,600,597,0,0,597,587,,3,0,0,3,10
2020-09-15,US,Puerto Rico,Fajardo,417,0,0,18.318373,-65.666866,72053.0,1127.2402887032679,0.0,417,413,0,0,413,411,,4,0,0,4,2
2020-09-15,US,Puerto Rico,Florida,227,0,0,18.373715,-66.560488,72054.0,1790.2208201892745,0.0,227,225,0,0,225,223,,2,0,0,2,2
2020-09-15,US,Puerto Rico,Guanica,87,0,0,17.982429,-66.91964300000001,72055.0,447.8303392186133,0.0,87,87,0,0,87,87,,0,0,0,0,0
2020-09-15,US,Puerto Rico,Guayama,261,0,0,18.007516,-66.13390799999999,72057.0,575.3714562849963,0.0,261,260,0,0,260,259,,1,0,0,1,1
2020-09-15,US,Puerto Rico,Guayanilla,150,0,0,18.039942,-66.79186,72059.0,695.0558361521709,0.0,150,150,0,0,150,148,,0,0,0,0,2
2020-09-15,US,Puerto Rico,Guaynabo,1422,0,0,18.345114000000002,-66.11452299999999,72061.0,1452.1465626404154,0.0,1422,1409,0,0,1409,1394,,13,0,0,13,15
2020-09-15,US,Puerto Rico,Gurabo,421,0,0,18.266461,-65.97970500000001,72063.0,927.9463951156076,0.0,421,416,0,0,416,415,,5,0,0,5,1
2020-09-15,US,Puerto Rico,Hatillo,222,0,0,18.410928,-66.79632600000001,72065.0,529.1635878244703,0.0,222,220,0,0,220,215,,2,0,0,2,5
2020-09-15,US,Puerto Rico,Hormigueros,142,0,0,18.134532,-67.113972,72067.0,823.1884057971015,0.0,142,143,0,0,143,141,,-1,0,0,-1,2
2020-09-15,US,Puerto Rico,Humacao,386,0,0,18.145211,-65.810174,72069.0,660.2127732357268,0.0,386,379,0,0,379,373,,7,0,0,7,6
2020-09-15,US,Puerto Rico,Isabela,234,0,0,18.44981,-67.005093,72071.0,512.8092743967917,0.0,234,234,0,0,234,232,,0,0,0,0,2
2020-09-15,US,Puerto Rico,Jayuya,218,0,0,18.211446,-66.58878,72073.0,1309.9387092897487,0.0,218,218,0,0,218,218,,0,0,0,0,0
2020-09-15,US,Puerto Rico,Juana Diaz,294,0,0,18.050764,-66.49458100000001,72075.0,367.9737662240135,0.0,294,294,0,0,294,288,,0,0,0,0,6
2020-09-15,US,Puerto Rico,Juncos,297,0,0,18.223793,-65.909109,72077.0,737.1556217423679,0.0,297,288,0,0,288,284,,9,0,0,9,4
2020-09-15,US,Puerto Rico,Lajas,127,0,0,18.011661,-67.040585,72079.0,493.14642954218925,0.0,127,127,0,0,127,126,,0,0,0,0,1
2020-09-15,US,Puerto Rico,Lares,272,0,0,18.269035000000002,-66.867236,72081.0,884.4665561083473,0.0,272,263,0,0,263,263,,9,0,0,9,0
2020-09-15,US,Puerto Rico,Las Marias,91,0,0,18.23679,-66.98362,72083.0,920.9594170630504,0.0,91,91,0,0,91,91,,0,0,0,0,0
2020-09-15,US,Puerto Rico,Las Piedras,386,0,0,18.187527,-65.86946800000001,72085.0,998.0607627666452,0.0,386,384,0,0,384,374,,2,0,0,2,10
2020-09-15,US,Puerto Rico,Loiza,213,0,0,18.425688,-65.89943000000001,72087.0,708.5828343313374,0.0,213,213,0,0,213,212,,0,0,0,0,1
2020-09-15,US,Puerto Rico,Luquillo,197,0,0,18.342114000000002,-65.72509699999999,72089.0,981.6623480167433,0.0,197,196,0,0,196,194,,1,0,0,1,2
2020-09-15,US,Puerto Rico,Manati,443,0,0,18.420473,-66.490461,72091.0,1004.2391131865892,0.0,443,435,0,0,435,431,,8,0,0,8,4
2020-09-15,US,Puerto Rico,Maricao,71,0,0,18.171795,-66.942126,72093.0,1131.2938177182918,0.0,71,70,0,0,70,69,,1,0,0,1,1
2020-09-15,US,Puerto Rico,Maunabo,103,0,0,18.017889,-65.922235,72095.0,842.5357873210634,0.0,103,100,0,0,100,100,,3,0,0,3,0
2020-09-15,US,Puerto Rico,Mayaguez,722,0,0,18.2013,-67.1452,72097.0,810.5074090704984,0.0,722,719,0,0,719,715,,3,0,0,3,4
2020-09-15,US,Puerto Rico,Moca,302,0,0,18.377805,-67.080952,72099.0,752.9482161110973,0.0,302,293,0,0,293,290,,9,0,0,9,3
2020-09-15,US,Puerto Rico,Morovis,452,0,0,18.316963,-66.420383,72101.0,1386.0778902177246,0.0,452,445,0,0,445,443,,7,0,0,7,2
2020-09-15,US,Puerto Rico,Naguabo,163,0,0,18.230636999999998,-65.753897,72103.0,610.0299401197606,0.0,163,162,0,0,162,162,,1,0,0,1,0
2020-09-15,US,Puerto Rico,Naranjito,525,0,0,18.288019,-66.252703,72105.0,1726.8600749950656,0.0,525,522,0,0,522,518,,3,0,0,3,4
2020-09-15,US,Puerto Rico,Orocovis,293,0,0,18.215046,-66.433604,72107.0,1250.9072279383513,0.0,293,292,0,0,292,285,,1,0,0,1,7
2020-09-15,US,Puerto Rico,Out of PR,766,0,0,0.0,0.0,72888.0,0.0,0.0,766,767,0,0,767,767,,-1,0,0,-1,0
2020-09-15,US,Puerto Rico,Patillas,153,0,0,18.03174,-66.012242,72109.0,793.6919645173004,0.0,153,152,0,0,152,152,,1,0,0,1,0
2020-09-15,US,Puerto Rico,Penuelas,103,0,0,18.059645,-66.721572,72111.0,424.1825220327816,0.0,103,103,0,0,103,102,,0,0,0,0,1
2020-09-15,US,Puerto Rico,Ponce,716,0,0,18.059498,-66.613748,72113.0,430.4773127634118,0.0,716,712,0,0,712,701,,4,0,0,4,11
2020-09-15,US,Puerto Rico,Quebradillas,142,0,0,18.439692,-66.926113,72115.0,547.8606427717119,0.0,142,139,0,0,139,136,,3,0,0,3,3
2020-09-15,US,Puerto Rico,Rincon,148,0,0,18.335442999999998,-67.23174,72117.0,973.6842105263156,0.0,148,147,0,0,147,146,,1,0,0,1,1
2020-09-15,US,Puerto Rico,Rio Grande,481,0,0,18.346329,-65.813742,72119.0,885.7542722451385,0.0,481,478,0,0,478,475,,3,0,0,3,3
2020-09-15,US,Puerto Rico,Sabana Grande,180,0,0,18.08282,-66.943758,72121.0,712.4480506629726,0.0,180,180,0,0,180,179,,0,0,0,0,1
2020-09-15,US,Puerto Rico,Salinas,360,0,0,18.010386999999994,-66.256592,72123.0,1158.3756998519852,0.0,360,357,0,0,357,356,,3,0,0,3,1
2020-09-15,US,Puerto Rico,San German,214,0,0,18.111484,-67.03858100000001,72125.0,602.3587693866638,0.0,214,213,0,0,213,211,,1,0,0,1,2
2020-09-15,US,Puerto Rico,San Juan,6135,0,0,18.386933,-66.061128,72127.0,1551.8837617561205,0.0,6135,6070,0,0,6070,6014,,65,0,0,65,56
2020-09-15,US,Puerto Rico,San Lorenzo,364,0,0,18.147987,-65.976392,72129.0,886.5507331092599,0.0,364,351,0,0,351,344,,13,0,0,13,7
2020-09-15,US,Puerto Rico,San Sebastian,312,0,0,18.328646,-66.971214,72131.0,735.3287768088617,0.0,312,310,0,0,310,308,,2,0,0,2,2
2020-09-15,US,Puerto Rico,Santa Isabel,146,0,0,17.994525,-66.388913,72133.0,627.3094440147803,0.0,146,146,0,0,146,145,,0,0,0,0,1
2020-09-15,US,Puerto Rico,Toa Alta,1076,0,0,18.362406,-66.246616,72135.0,1452.7583506602218,0.0,1076,1061,0,0,1061,1050,,15,0,0,15,11
2020-09-15,US,Puerto Rico,Toa Baja,1055,0,0,18.431445999999998,-66.213553,72137.0,1177.337097836155,0.0,1055,1044,0,0,1044,1028,,11,0,0,11,16
2020-09-15,US,Puerto Rico,Trujillo Alto,863,0,0,18.336159,-65.99888399999999,72139.0,1153.0958552684324,0.0,863,852,0,0,852,843,,11,0,0,11,9
2020-09-15,US,Puerto Rico,Unassigned,511,551,0,0.0,0.0,72999.0,0.0,107.82778864970646,-40,503,542,0,-39,499,,8,9,0,-1,4
2020-09-15,US,Puerto Rico,Utuado,116,0,0,18.271214,-66.702984,72141.0,349.9351413315637,0.0,116,115,0,0,115,115,,1,0,0,1,0
2020-09-15,US,Puerto Rico,Vega Alta,563,0,0,18.409346,-66.33725,72143.0,1409.2263022202194,0.0,563,554,0,0,554,544,,9,0,0,9,10
2020-09-15,US,Puerto Rico,Vega Baja,786,0,0,18.428262,-66.397924,72145.0,1317.421474305253,0.0,786,770,0,0,770,755,,16,0,0,16,15
2020-09-15,US,Puerto Rico,Vieques,87,0,0,18.123276,-65.44097099999999,72147.0,935.3832921191272,0.0,87,86,0,0,86,86,,1,0,0,1,0
2020-09-15,US,Puerto Rico,Villalba,115,0,0,18.127951,-66.473115,72149.0,441.0693054117286,0.0,115,115,0,0,115,110,,0,0,0,0,5
2020-09-15,US,Puerto Rico,Yabucoa,237,0,0,18.070399,-65.896289,72151.0,624.6540681584565,0.0,237,233,0,0,233,233,,4,0,0,4,0
2020-09-15,US,Puerto Rico,Yauco,335,0,0,18.080374,-66.858814,72153.0,796.8032728397118,0.0,335,335,0,0,335,332,,0,0,0,0,3
2020-09-15,US,Rhode Island,Bristol,369,0,0,41.71018079,-71.28652315,44001.0,761.1543142391548,0.0,369,369,0,0,369,369,48649,0,0,0,0,0
2020-09-15,US,Rhode Island,Kent,1746,0,0,41.67106337,-71.57641596,44003.0,1062.7419472646263,0.0,1746,1746,0,0,1746,1746,163861,0,0,0,0,0
2020-09-15,US,Rhode Island,Newport,476,0,0,41.5642026,-71.26569799,44005.0,579.9078969810678,0.0,476,476,0,0,476,476,82542,0,0,0,0,0
2020-09-15,US,Rhode Island,Providence,17500,0,0,41.87064746,-71.57753536,44007.0,2738.9499022586165,0.0,17500,17500,0,0,17500,17500,636084,0,0,0,0,0
2020-09-15,US,Rhode Island,Unassigned,2426,1078,0,0.0,0.0,90044.0,0.0,44.43528441879637,1348,2306,1075,0,1231,2081,,120,3,0,117,225
2020-09-15,US,Rhode Island,Washington,733,0,0,41.45961631,-71.61435303,44009.0,583.7056148817062,0.0,733,733,0,0,733,733,126179,0,0,0,0,0
2020-09-15,US,South Carolina,Abbeville,498,12,0,34.22333378,-82.46170658,45001.0,2030.415460512904,2.409638554216868,486,492,12,0,480,491,24541,6,0,0,6,1
2020-09-15,US,South Carolina,Aiken,2540,77,0,33.54338026,-81.63645384,45003.0,1486.4928133339574,3.0314960629921264,2463,2525,76,0,2449,2511,169401,15,1,0,14,14
2020-09-15,US,South Carolina,Allendale,335,6,0,32.98837386,-81.35321066,45005.0,3855.893186003683,1.791044776119403,329,325,6,0,319,319,8903,10,0,0,10,6
2020-09-15,US,South Carolina,Anderson,3775,152,0,34.51828081,-82.63959517,45007.0,1863.663740755734,4.026490066225166,3623,3729,147,0,3582,3695,200482,46,5,0,41,34
2020-09-15,US,South Carolina,Bamberg,588,33,0,33.21927586,-81.05659969,45009.0,4180.292904877008,5.612244897959183,555,584,33,0,551,583,14275,4,0,0,4,1
2020-09-15,US,South Carolina,Barnwell,591,17,0,33.26679302,-81.43584352,45011.0,2832.358861305473,2.8764805414551606,574,587,17,0,570,580,21112,4,0,0,4,7
2020-09-15,US,South Carolina,Beaufort,5269,76,0,32.39226291,-80.72619758,45013.0,2742.528185215644,1.4423989371797306,5193,5222,75,0,5147,5194,188715,47,1,0,46,28
2020-09-15,US,South Carolina,Berkeley,5231,87,0,33.20222596,-79.94654523,45015.0,2295.234459669953,1.6631619193270886,5144,5203,87,0,5116,5197,221091,28,0,0,28,6
2020-09-15,US,South Carolina,Calhoun,437,17,0,33.66926881,-80.77722168,45017.0,3002.817288531575,3.8901601830663615,420,435,17,0,418,435,14520,2,0,0,2,0
2020-09-15,US,South Carolina,Charleston,15191,254,0,32.82487866,-79.96512315,45019.0,3692.459516876273,1.6720426568362847,14937,15167,253,0,14914,15124,405905,24,1,0,23,43
2020-09-15,US,South Carolina,Cherokee,1009,34,0,35.05122251,-81.61828622,45021.0,1760.9075043630014,3.3696729435084243,975,974,34,0,940,972,57078,35,0,0,35,2
2020-09-15,US,South Carolina,Chester,996,19,0,34.69249168,-81.1583216,45023.0,3088.9467807964274,1.9076305220883532,977,994,19,0,975,990,32251,2,0,0,2,4
2020-09-15,US,South Carolina,Chesterfield,1129,31,0,34.64137396,-80.15640140000002,45025.0,2473.1653888280393,2.745792736935341,1098,1123,31,0,1092,1114,45754,6,0,0,6,9
2020-09-15,US,South Carolina,Clarendon,1044,66,0,33.66610974,-80.21647898,45027.0,3093.791672840421,6.32183908045977,978,1035,66,0,969,1032,33700,9,0,0,9,3
2020-09-15,US,South Carolina,Colleton,964,40,0,32.87582989,-80.67641292,45029.0,2558.590121294158,4.149377593360996,924,961,40,0,921,956,37660,3,0,0,3,5
2020-09-15,US,South Carolina,Darlington,1864,48,0,34.33358335,-79.96027485,45031.0,2798.042571076886,2.5751072961373387,1816,1847,48,0,1799,1822,66802,17,0,0,17,25
2020-09-15,US,South Carolina,Dillon,906,29,0,34.39007791,-79.37741872,45033.0,2972.5384691098798,3.200883002207505,877,898,28,0,870,888,30599,8,1,0,7,10
2020-09-15,US,South Carolina,Dorchester,3949,88,0,33.0794369,-80.40502652,45035.0,2425.5415855388833,2.2284122562674096,3861,3958,88,0,3870,3922,160647,-9,0,0,-9,36
2020-09-15,US,South Carolina,Edgefield,521,17,0,33.77221995,-81.96231108,45037.0,1911.2252384446078,3.2629558541266794,504,521,17,0,504,519,27052,0,0,0,0,2
2020-09-15,US,South Carolina,Fairfield,717,32,0,34.39287073,-81.1195624,45039.0,3208.4843603168215,4.463040446304045,685,716,32,0,684,715,22402,1,0,0,1,1
2020-09-15,US,South Carolina,Florence,4672,173,0,34.02361754,-79.70189312,45041.0,3378.3344059352253,3.7029109589041096,4499,4655,173,0,4482,4645,138159,17,0,0,17,10
2020-09-15,US,South Carolina,Georgetown,1833,43,0,33.43443342,-79.33202141,45043.0,2924.377791959157,2.3458810692853245,1790,1823,43,0,1780,1818,62249,10,0,0,10,5
2020-09-15,US,South Carolina,Greenville,13398,285,0,34.89502264,-82.37295012,45045.0,2559.10700574166,2.1271831616659203,13113,13328,283,0,13045,13231,514213,70,2,0,68,97
2020-09-15,US,South Carolina,Greenwood,2078,67,0,34.15272415,-82.12715789,45047.0,2934.5723122113795,3.2242540904716077,2011,2060,66,0,1994,2055,70741,18,1,0,17,5
2020-09-15,US,South Carolina,Hampton,586,25,0,32.77419582,-81.13845571,45049.0,3048.5901571116437,4.266211604095563,561,583,25,0,558,580,19351,3,0,0,3,3
2020-09-15,US,South Carolina,Horry,9945,193,0,33.9212828,-78.99555293,45051.0,2808.6793699746668,1.940673705379588,9752,9897,192,0,9705,9848,344147,48,1,0,47,49
2020-09-15,US,South Carolina,Jasper,748,19,0,32.43171982,-81.02487495,45053.0,2487.28094968909,2.5401069518716577,729,743,19,0,724,736,28971,5,0,0,5,7
2020-09-15,US,South Carolina,Kershaw,1784,36,0,34.33988254,-80.58763164,45055.0,2680.650929362444,2.0179372197309418,1748,1767,36,0,1731,1762,65592,17,0,0,17,5
2020-09-15,US,South Carolina,Lancaster,1961,45,0,34.68270843,-80.70513032,45057.0,2000.7754152552748,2.294747577766446,1916,1935,44,0,1891,1904,95380,26,1,0,25,31
2020-09-15,US,South Carolina,Laurens,1566,54,0,34.48244419,-82.00490796,45059.0,2320.240617545523,3.4482758620689653,1512,1560,54,0,1506,1559,66994,6,0,0,6,1
2020-09-15,US,South Carolina,Lee,690,32,0,34.16393091,-80.25690731,45061.0,4100.309008794866,4.63768115942029,658,687,32,0,655,684,17142,3,0,0,3,3
2020-09-15,US,South Carolina,Lexington,6494,151,0,33.89665987,-81.27146426,45063.0,2173.723849372385,2.325223283030489,6343,6444,151,0,6293,6391,295032,50,0,0,50,53
2020-09-15,US,South Carolina,Marion,783,20,0,34.07859748,-79.36400756,45067.0,2554.065955572952,2.554278416347382,763,772,20,0,752,768,31039,11,0,0,11,4
2020-09-15,US,South Carolina,Marlboro,861,7,0,34.59905577,-79.67561152,45069.0,3296.5770732827937,0.8130081300813008,854,858,7,0,851,845,26398,3,0,0,3,13
2020-09-15,US,South Carolina,McCormick,187,5,0,33.90161443,-82.30794338,45065.0,1976.1175103032865,2.6737967914438503,182,187,5,0,182,187,9410,0,0,0,0,0
2020-09-15,US,South Carolina,Newberry,1078,16,0,34.28629098,-81.59935761,45071.0,2804.370447450572,1.4842300556586268,1062,1078,16,0,1062,1072,38520,0,0,0,0,6
2020-09-15,US,South Carolina,Oconee,1291,24,0,34.75225169,-83.06742317,45073.0,1622.960299700802,1.8590240123934931,1267,1281,24,0,1257,1271,78374,10,0,0,10,10
2020-09-15,US,South Carolina,Orangeburg,3002,120,0,33.4391073,-80.79886287,45075.0,3483.6089353060634,3.9973351099267154,2882,2991,120,0,2871,2981,86934,11,0,0,11,10
2020-09-15,US,South Carolina,Pickens,2640,40,0,34.88807695,-82.72791551,45077.0,2080.6405851013524,1.5151515151515151,2600,2617,39,0,2578,2596,124937,23,1,0,22,21
2020-09-15,US,South Carolina,Richland,13853,220,0,34.01791263,-80.90267209,45079.0,3331.97838170671,1.5881036598570706,13633,13771,218,0,13553,13638,414576,82,2,0,80,133
2020-09-15,US,South Carolina,Saluda,664,20,0,34.00795823,-81.72713237,45081.0,3243.2960484540613,3.0120481927710845,644,661,20,0,641,660,20544,3,0,0,3,1
2020-09-15,US,South Carolina,Spartanburg,6044,185,0,34.92960077,-81.99225984,45083.0,1890.019857091484,3.0608868299139638,5859,5996,181,0,5815,5977,313888,48,4,0,44,19
2020-09-15,US,South Carolina,Sumter,3042,74,0,33.91826534,-80.37942316,45085.0,2850.423065750884,2.4326101249178174,2968,3032,74,0,2958,3008,106512,10,0,0,10,24
2020-09-15,US,South Carolina,Union,514,10,0,34.68835752,-81.61730349,45087.0,1881.6810660418805,1.9455252918287935,504,507,10,0,497,507,27410,7,0,0,7,0
2020-09-15,US,South Carolina,Williamsburg,1280,39,0,33.62190129,-79.72767442,45089.0,4214.963119072708,3.046875,1241,1277,39,0,1238,1274,30606,3,0,0,3,3
2020-09-15,US,South Carolina,York,4922,60,0,34.97281497,-81.18085944,45091.0,1751.7323358685169,1.2190166598943522,4862,4874,60,0,4814,4808,274118,48,0,0,48,66
2020-09-15,US,South Dakota,Aurora,42,0,0,43.71757685,-98.56050467,46003.0,1526.7175572519086,0.0,42,42,0,0,42,42,2801,0,0,0,0,0
2020-09-15,US,South Dakota,Beadle,666,9,0,44.41464384,-98.27858469,46005.0,3609.169240773858,1.351351351351351,657,665,9,0,656,664,18883,1,0,0,1,1
2020-09-15,US,South Dakota,Bennett,44,1,0,43.19486375,-101.6665572,46007.0,1307.5780089153045,2.272727272727273,43,44,1,0,43,44,3468,0,0,0,0,0
2020-09-15,US,South Dakota,Bon Homme,67,1,0,42.98914167,-97.88592746,46009.0,970.8737864077667,1.492537313432836,66,67,1,0,66,65,6980,0,0,0,0,2
2020-09-15,US,South Dakota,Brookings,603,1,0,44.36974375,-96.79079945,46011.0,1719.075177466716,0.16583747927031509,602,600,1,0,599,595,35232,3,0,0,3,5
2020-09-15,US,South Dakota,Brown,946,3,0,45.58994323,-98.35165355,46013.0,2435.696078683797,0.3171247357293869,943,931,3,0,928,921,39316,15,0,0,15,10
2020-09-15,US,South Dakota,Brule,80,0,0,43.71756379,-99.08118954,46015.0,1510.2888427411742,0.0,80,80,0,0,80,80,5229,0,0,0,0,0
2020-09-15,US,South Dakota,Buffalo,113,3,0,44.07657829,-99.20814467,46017.0,5759.429153924567,2.6548672566371683,110,113,3,0,110,113,2036,0,0,0,0,0
2020-09-15,US,South Dakota,Butte,65,1,0,44.90608745,-103.5079318,46019.0,623.2620577236553,1.5384615384615383,64,65,1,0,64,65,10222,0,0,0,0,0
2020-09-15,US,South Dakota,Campbell,5,0,0,45.77074915,-100.0510181,46021.0,363.37209302325584,0.0,5,5,0,0,5,5,1377,0,0,0,0,0
2020-09-15,US,South Dakota,Charles Mix,129,0,0,43.20660134,-98.58856175,46023.0,1388.2910030133448,0.0,129,129,0,0,129,129,9338,0,0,0,0,0
2020-09-15,US,South Dakota,Clark,31,0,0,44.85834507,-97.72925109,46025.0,829.7644539614563,0.0,31,28,0,0,28,27,3739,3,0,0,3,1
2020-09-15,US,South Dakota,Clay,517,4,0,42.91296147,-96.97656917,46027.0,3674.484719260839,0.7736943907156673,513,508,4,0,504,501,14041,9,0,0,9,7
2020-09-15,US,South Dakota,Codington,597,2,0,44.97788119,-97.18827677,46029.0,2131.4577457245887,0.33500837520938026,595,591,2,0,589,570,28015,6,0,0,6,21
2020-09-15,US,South Dakota,Corson,75,1,0,45.70889983,-101.1970473,46031.0,1835.5359765051394,1.3333333333333333,74,75,1,0,74,72,4165,0,0,0,0,3
2020-09-15,US,South Dakota,Custer,155,2,0,43.67741105,-103.45345209999999,46033.0,1727.5969683459653,1.2903225806451613,153,155,2,0,153,154,8726,0,0,0,0,1
2020-09-15,US,South Dakota,Davison,176,2,0,43.67490933,-98.14458906,46035.0,890.0126422250316,1.1363636363636365,174,171,2,0,169,171,19790,5,0,0,5,0
2020-09-15,US,South Dakota,Day,52,0,0,45.367281,-97.60737498,46037.0,958.7020648967552,0.0,52,50,0,0,50,47,5505,2,0,0,2,3
2020-09-15,US,South Dakota,Deuel,67,0,0,44.75994309,-96.66943645,46039.0,1539.875890599862,0.0,67,65,0,0,65,64,4337,2,0,0,2,1
2020-09-15,US,South Dakota,Dewey,108,0,0,45.15639647,-100.8709139,46041.0,1832.9938900203665,0.0,108,108,0,0,108,103,5904,0,0,0,0,5
2020-09-15,US,South Dakota,Douglas,44,0,0,43.38520741,-98.36978007,46043.0,1506.3334474495034,0.0,44,43,0,0,43,43,2935,1,0,0,1,0
2020-09-15,US,South Dakota,Edmunds,69,0,0,45.41846445,-99.21545423,46045.0,1802.0370854008881,0.0,69,65,0,0,65,63,3875,4,0,0,4,2
2020-09-15,US,South Dakota,Fall River,77,1,0,43.23929297,-103.5275691,46047.0,1147.0281543274245,1.2987012987012987,76,77,1,0,76,77,6758,0,0,0,0,0
2020-09-15,US,South Dakota,Faulk,51,1,0,45.07082625,-99.14535601,46049.0,2218.355806872553,1.96078431372549,50,51,1,0,50,48,2330,0,0,0,0,3
2020-09-15,US,South Dakota,Grant,66,1,0,45.1723937,-96.77002276,46051.0,935.9047078842882,1.5151515151515151,65,64,1,0,63,63,7147,2,0,0,2,1
2020-09-15,US,South Dakota,Gregory,63,1,0,43.19419064,-99.18883902,46053.0,1505.3763440860214,1.5873015873015872,62,58,1,0,57,57,4212,5,0,0,5,1
2020-09-15,US,South Dakota,Haakon,12,0,0,44.29299053,-101.539099,46055.0,631.911532385466,0.0,12,11,0,0,11,11,1918,1,0,0,1,0
2020-09-15,US,South Dakota,Hamlin,77,0,0,44.67385954,-97.18829593,46057.0,1249.1888384166125,0.0,77,76,0,0,76,76,6111,1,0,0,1,0
2020-09-15,US,South Dakota,Hand,22,0,0,44.54708407,-99.00386459,46059.0,689.4390473205891,0.0,22,19,0,0,19,18,3262,3,0,0,3,1
2020-09-15,US,South Dakota,Hanson,24,0,0,43.6746384,-97.78715148,46061.0,695.0477845351868,0.0,24,24,0,0,24,24,3376,0,0,0,0,0
2020-09-15,US,South Dakota,Harding,3,0,0,45.58015551,-103.4958629,46063.0,231.12480739599386,0.0,3,3,0,0,3,3,1249,0,0,0,0,0
2020-09-15,US,South Dakota,Hughes,169,4,0,44.39091534,-99.99661148,46065.0,964.2816387082048,2.366863905325444,165,166,4,0,162,163,17650,3,0,0,3,3
2020-09-15,US,South Dakota,Hutchinson,64,1,0,43.33449012,-97.75536441,46067.0,877.7945412151967,1.5625,63,64,1,0,63,64,7380,0,0,0,0,0
2020-09-15,US,South Dakota,Hyde,8,0,0,44.54747703,-99.48572582,46069.0,614.9116064565719,0.0,8,8,0,0,8,8,1282,0,0,0,0,0
2020-09-15,US,South Dakota,Jackson,15,1,0,43.69318385,-101.6255063,46071.0,448.56459330143537,6.666666666666668,14,15,1,0,14,13,3307,0,0,0,0,2
2020-09-15,US,South Dakota,Jerauld,51,1,0,44.06637798,-98.62965972,46073.0,2533.532041728763,1.96078431372549,50,50,1,0,49,50,2043,1,0,0,1,0
2020-09-15,US,South Dakota,Jones,6,0,0,43.96278565,-100.6940008,46075.0,664.4518272425249,0.0,6,6,0,0,6,6,928,0,0,0,0,0
2020-09-15,US,South Dakota,Kingsbury,32,0,0,44.36956169,-97.4913945,46077.0,647.9044340959707,0.0,32,32,0,0,32,32,4919,0,0,0,0,0
2020-09-15,US,South Dakota,Lake,153,6,0,44.02193107,-97.12926365,46079.0,1195.5927170430568,3.92156862745098,147,149,6,0,143,148,13057,4,0,0,4,1
2020-09-15,US,South Dakota,Lawrence,290,4,0,44.35919441,-103.79294279999999,46081.0,1122.1173193004179,1.3793103448275863,286,290,4,0,286,286,25741,0,0,0,0,4
2020-09-15,US,South Dakota,Lincoln,1108,2,0,43.27841182,-96.72039050000001,46083.0,1812.5899751341449,0.18050541516245489,1106,1087,2,0,1085,1079,58807,21,0,0,21,8
2020-09-15,US,South Dakota,Lyman,107,3,0,43.89522709,-99.85201878,46085.0,2829.93916953187,2.803738317757009,104,107,3,0,104,106,3821,0,0,0,0,1
2020-09-15,US,South Dakota,Marshall,28,0,0,45.75870838,-97.59855639,46091.0,567.3758865248228,0.0,28,27,0,0,27,26,5112,1,0,0,1,1
2020-09-15,US,South Dakota,McCook,75,1,0,43.6742571,-97.36863144,46087.0,1342.6423200859292,1.3333333333333333,74,71,1,0,70,70,5546,4,0,0,4,1
2020-09-15,US,South Dakota,McPherson,19,0,0,45.76626028,-99.22118798,46089.0,798.6548970155528,0.0,19,19,0,0,19,19,2407,0,0,0,0,0
2020-09-15,US,South Dakota,Meade,405,3,0,44.56676791,-102.71627409999999,46093.0,1429.479034307497,0.7407407407407407,402,392,3,0,389,384,28294,13,0,0,13,8
2020-09-15,US,South Dakota,Mellette,25,0,0,43.58078848,-100.7563186,46095.0,1213.0033964095098,0.0,25,25,0,0,25,25,2042,0,0,0,0,0
2020-09-15,US,South Dakota,Miner,19,0,0,44.02197882,-97.60992207,46097.0,857.4007220216606,0.0,19,19,0,0,19,19,2213,0,0,0,0,0
2020-09-15,US,South Dakota,Minnehaha,5938,74,0,43.67441641,-96.7910885,46099.0,3074.5492766680127,1.2462108454024925,5864,5898,74,0,5824,5874,192876,40,0,0,40,24
2020-09-15,US,South Dakota,Moody,63,0,0,44.02266214,-96.67081159,46101.0,958.0291970802921,0.0,63,63,0,0,63,63,6579,0,0,0,0,0
2020-09-15,US,South Dakota,Oglala Lakota,206,3,0,43.33749164,-102.55554980000001,46102.0,1453.0577696268604,1.4563106796116505,203,205,3,0,202,203,14309,1,0,0,1,2
2020-09-15,US,South Dakota,Pennington,1841,33,0,44.0025835,-102.8240777,46103.0,1618.1059107888375,1.7925040738728952,1808,1814,33,0,1781,1795,111729,27,0,0,27,19
2020-09-15,US,South Dakota,Perkins,25,0,0,45.49049506,-102.47555859999999,46105.0,872.6003490401396,0.0,25,24,0,0,24,24,2922,1,0,0,1,0
2020-09-15,US,South Dakota,Potter,31,0,0,45.06583079,-99.95498503,46107.0,1439.8513701811426,0.0,31,30,0,0,30,30,2207,1,0,0,1,0
2020-09-15,US,South Dakota,Roberts,128,1,0,45.62975048,-96.94672673,46109.0,1231.4796998268232,0.78125,127,126,1,0,125,123,10447,2,0,0,2,3
2020-09-15,US,South Dakota,Sanborn,17,0,0,44.02351092,-98.09098159999999,46111.0,725.2559726962457,0.0,17,17,0,0,17,17,2429,0,0,0,0,0
2020-09-15,US,South Dakota,Spink,83,0,0,44.93837606,-98.34626602,46115.0,1301.7565872020075,0.0,83,83,0,0,83,83,6495,0,0,0,0,0
2020-09-15,US,South Dakota,Stanley,27,0,0,44.41381872,-100.7349153,46117.0,871.5300193673337,0.0,27,27,0,0,27,27,3022,0,0,0,0,0
2020-09-15,US,South Dakota,Sully,8,0,0,44.71571812,-100.1278092,46119.0,575.1258087706685,0.0,8,8,0,0,8,8,1392,0,0,0,0,0
2020-09-15,US,South Dakota,Todd,92,5,0,43.19338568,-100.71955030000001,46121.0,903.999213913727,5.434782608695652,87,92,5,0,87,91,10283,0,0,0,0,1
2020-09-15,US,South Dakota,Tripp,45,0,0,43.34459388,-99.8854891,46123.0,827.0538503951482,0.0,45,40,0,0,40,39,5478,5,0,0,5,1
2020-09-15,US,South Dakota,Turner,106,0,0,43.3109081,-97.14865776,46125.0,1264.3129770992364,0.0,106,107,0,0,107,107,8424,-1,0,0,-1,0
2020-09-15,US,South Dakota,Union,332,5,0,42.83112163,-96.6557828,46127.0,2083.856389656038,1.5060240963855422,327,329,5,0,324,319,15619,3,0,0,3,10
2020-09-15,US,South Dakota,Walworth,69,0,0,45.43019636,-100.03075140000001,46129.0,1269.5492180312788,0.0,69,70,0,0,70,69,5587,-1,0,0,-1,1
2020-09-15,US,South Dakota,Yankton,304,3,0,43.00924485,-97.39467635,46135.0,1332.5151222933287,0.986842105263158,301,299,3,0,296,295,22869,5,0,0,5,4
2020-09-15,US,South Dakota,Ziebach,59,0,0,44.97881876,-101.6654622,46137.0,2140.7837445573296,0.0,59,59,0,0,59,58,2742,0,0,0,0,1
2020-09-15,US,Tennessee,Anderson,1042,11,0,36.12684348,-84.19965764,47001.0,1353.6335056769467,1.055662188099808,1031,1035,10,0,1025,1015,76482,7,1,0,6,20
2020-09-15,US,Tennessee,Bedford,1250,15,0,35.51123746,-86.45549096,47003.0,2514.432844527589,1.2,1235,1241,14,0,1227,1231,49038,9,1,0,8,10
2020-09-15,US,Tennessee,Benton,314,9,0,36.07110411,-88.06849355,47005.0,1943.069306930693,2.8662420382165603,305,310,9,0,301,303,16184,4,0,0,4,7
2020-09-15,US,Tennessee,Bledsoe,832,4,0,35.59942968,-85.20611967,47007.0,5523.101433882103,0.4807692307692308,828,831,4,0,827,826,14755,1,0,0,1,5
2020-09-15,US,Tennessee,Blount,2355,21,0,35.68938198,-83.92847788,47009.0,1769.505890839144,0.89171974522293,2334,2344,21,0,2323,2314,131349,11,0,0,11,30
2020-09-15,US,Tennessee,Bradley,2747,16,0,35.15739424,-84.857186,47011.0,2540.93053371566,0.5824535857298871,2731,2740,16,0,2724,2710,106727,7,0,0,7,30
2020-09-15,US,Tennessee,Campbell,396,3,0,36.40355516,-84.15108559999999,47013.0,993.9260077305356,0.7575757575757576,393,394,3,0,391,391,39583,2,0,0,2,3
2020-09-15,US,Tennessee,Cannon,249,0,0,35.80990797,-86.05738983,47015.0,1696.4164055048373,0.0,249,249,0,0,249,241,14462,0,0,0,0,8
2020-09-15,US,Tennessee,Carroll,766,16,0,35.97366108,-88.45189331,47017.0,2758.6703641012714,2.0887728459530033,750,762,15,0,747,739,28020,4,1,0,3,23
2020-09-15,US,Tennessee,Carter,1067,26,0,36.28969086,-82.12588974,47019.0,1892.1459098083026,2.436738519212746,1041,1065,26,0,1039,1053,56351,2,0,0,2,12
2020-09-15,US,Tennessee,Cheatham,765,10,0,36.26136216,-87.08903581,47021.0,1881.1321218678534,1.30718954248366,755,761,10,0,751,751,40439,4,0,0,4,10
2020-09-15,US,Tennessee,Chester,538,8,0,35.42527478,-88.6095842,47023.0,3110.365959414928,1.4869888475836432,530,523,8,0,515,512,17276,15,0,0,15,11
2020-09-15,US,Tennessee,Claiborne,408,4,0,36.48319149,-83.65947309,47025.0,1276.6356894771425,0.9803921568627452,404,406,4,0,402,399,31756,2,0,0,2,7
2020-09-15,US,Tennessee,Clay,151,4,0,36.55151008,-85.53930419,47027.0,1982.9284307288249,2.6490066225165565,147,146,4,0,142,142,7717,5,0,0,5,4
2020-09-15,US,Tennessee,Cocke,712,9,0,35.9278914,-83.11828725,47029.0,1977.5580491056546,1.2640449438202248,703,712,9,0,703,709,35774,0,0,0,0,3
2020-09-15,US,Tennessee,Coffee,980,10,0,35.49090731,-86.07311784,47031.0,1733.8995046001417,1.020408163265306,970,959,9,0,950,925,55700,21,1,0,20,34
2020-09-15,US,Tennessee,Crockett,487,19,0,35.81830662,-89.14916269,47033.0,3422.347153900211,3.901437371663244,468,469,19,0,450,460,14328,18,0,0,18,9
2020-09-15,US,Tennessee,Cumberland,1071,15,0,35.95271721,-84.99840585,47035.0,1769.6629213483145,1.4005602240896358,1056,1070,12,0,1058,1057,59673,1,3,0,-2,13
2020-09-15,US,Tennessee,Davidson,25440,283,0,36.17007426,-86.78646056,47037.0,3664.945602065277,1.1124213836477987,25157,25345,281,0,25064,25184,692587,95,2,0,93,161
2020-09-15,US,Tennessee,DeKalb,524,9,0,35.97616272,-85.83689361,47041.0,2557.34504636408,1.717557251908397,515,523,9,0,514,522,20138,1,0,0,1,1
2020-09-15,US,Tennessee,Decatur,416,6,0,35.60048904,-88.11043779,47039.0,3566.8352910914864,1.4423076923076923,410,412,5,0,407,399,11706,4,1,0,3,13
2020-09-15,US,Tennessee,Dickson,1138,12,0,36.14669837,-87.35891709,47043.0,2109.4387187662187,1.054481546572935,1126,1131,12,0,1119,1111,53446,7,0,0,7,20
2020-09-15,US,Tennessee,Dyer,1161,13,0,36.05931946,-89.41542855,47045.0,3124.411313544498,1.119724375538329,1148,1152,12,0,1140,1129,37320,9,1,0,8,23
2020-09-15,US,Tennessee,Fayette,1063,16,0,35.19615831,-89.41399032,47047.0,2584.2997106945763,1.505174035747883,1047,1063,14,0,1049,1040,40507,0,2,0,-2,23
2020-09-15,US,Tennessee,Fentress,354,3,0,36.38128818,-84.92870012,47049.0,1911.1375047238569,0.8474576271186439,351,348,3,0,345,339,18217,6,0,0,6,9
2020-09-15,US,Tennessee,Franklin,788,7,0,35.15634626,-86.09201039,47051.0,1866.9446550416985,0.8883248730964467,781,781,7,0,774,746,41890,7,0,0,7,35
2020-09-15,US,Tennessee,Gibson,1383,19,0,35.99438059,-88.93358327,47053.0,2814.8087843201106,1.3738250180766451,1364,1379,19,0,1360,1338,49045,4,0,0,4,41
2020-09-15,US,Tennessee,Giles,531,17,0,35.20222469,-87.03992678,47055.0,1802.1992940537605,3.2015065913371004,514,528,17,0,511,516,29503,3,0,0,3,12
2020-09-15,US,Tennessee,Grainger,322,1,0,36.27469206,-83.51254721,47057.0,1380.7890222984565,0.3105590062111801,321,319,1,0,318,311,23145,3,0,0,3,8
2020-09-15,US,Tennessee,Greene,1018,32,0,36.17470125,-82.84691273,47059.0,1473.8884304101693,3.1434184675834973,986,1010,30,0,980,979,69087,8,2,0,6,31
2020-09-15,US,Tennessee,Grundy,190,4,0,35.38433717,-85.72142731,47061.0,1415.0592090563794,2.1052631578947367,186,185,4,0,181,182,13346,5,0,0,5,3
2020-09-15,US,Tennessee,Hamblen,1775,22,0,36.21990035,-83.26586179,47063.0,2733.5448301352144,1.2394366197183098,1753,1771,22,0,1749,1760,64569,4,0,0,4,11
2020-09-15,US,Tennessee,Hamilton,8924,85,0,35.17670231,-85.16652245,47065.0,2426.2922643581906,0.9524876736889288,8839,8860,85,0,8775,8765,364286,64,0,0,64,95
2020-09-15,US,Tennessee,Hancock,105,2,0,36.52692871,-83.22375847,47067.0,1586.1027190332327,1.9047619047619049,103,104,2,0,102,103,6549,1,0,0,1,1
2020-09-15,US,Tennessee,Hardeman,1472,25,0,35.20772017,-88.99161161,47069.0,5876.24750499002,1.6983695652173914,1447,1470,25,0,1445,1450,25220,2,0,0,2,20
2020-09-15,US,Tennessee,Hardin,897,14,0,35.19732531,-88.18593755,47071.0,3496.8033681584284,1.5607580824972132,883,894,14,0,880,877,25776,3,0,0,3,17
2020-09-15,US,Tennessee,Hawkins,718,14,0,36.44355426,-82.94885298,47073.0,1264.3961539816153,1.9498607242339836,704,716,14,0,702,713,56530,2,0,0,2,3
2020-09-15,US,Tennessee,Haywood,866,15,0,35.58332824,-89.28536625,47075.0,5004.623208506704,1.7321016166281755,851,863,15,0,848,848,17335,3,0,0,3,15
2020-09-15,US,Tennessee,Henderson,1058,18,0,35.65581134,-88.38600175,47077.0,3762.848099014831,1.7013232514177694,1040,1052,18,0,1034,1035,27847,6,0,0,6,17
2020-09-15,US,Tennessee,Henry,561,8,0,36.33160906,-88.30121797,47079.0,1734.4257226773846,1.42602495543672,553,560,8,0,552,546,32358,1,0,0,1,14
2020-09-15,US,Tennessee,Hickman,481,4,0,35.80609681,-87.47643507,47081.0,1910.3979664786718,0.8316008316008316,477,475,4,0,471,465,25063,6,0,0,6,10
2020-09-15,US,Tennessee,Houston,157,0,0,36.28872054,-87.71878828,47083.0,1914.4006828435558,0.0,157,144,0,0,144,132,8263,13,0,0,13,12
2020-09-15,US,Tennessee,Humphreys,209,3,0,36.03958805,-87.77992872,47085.0,1124.7443762781186,1.4354066985645932,206,208,3,0,205,200,18486,1,0,0,1,8
2020-09-15,US,Tennessee,Jackson,285,3,0,36.36380466,-85.67239905,47087.0,2418.123197013406,1.0526315789473684,282,284,2,0,282,279,11758,1,1,0,0,5
2020-09-15,US,Tennessee,Jefferson,1015,13,0,36.04818632,-83.45148924,47089.0,1862.5561978163128,1.2807881773399017,1002,1013,13,0,1000,1004,54012,2,0,0,2,9
2020-09-15,US,Tennessee,Johnson,610,2,0,36.45523950000001,-81.84886538,47091.0,3429.278165055093,0.3278688524590164,608,561,2,0,559,539,17778,49,0,0,49,22
2020-09-15,US,Tennessee,Knox,8351,67,0,35.99508821,-83.94635435,47093.0,1775.6260192680195,0.8022991258531912,8284,8276,67,0,8209,8073,465289,75,0,0,75,203
2020-09-15,US,Tennessee,Lake,863,2,0,36.34180170000001,-89.48921915,47095.0,12300.456100342075,0.2317497103128621,861,863,2,0,861,857,7411,0,0,0,0,6
2020-09-15,US,Tennessee,Lauderdale,887,14,0,35.75893438,-89.63015909999999,47097.0,3460.383099910272,1.5783540022547915,873,885,14,0,871,867,25825,2,0,0,2,18
2020-09-15,US,Tennessee,Lawrence,884,11,0,35.21675201,-87.39787695,47099.0,2002.6278827420601,1.2443438914027152,873,876,11,0,865,857,43734,8,0,0,8,19
2020-09-15,US,Tennessee,Lewis,158,1,0,35.52853208,-87.49022694,47101.0,1287.9034887512228,0.6329113924050633,157,158,1,0,157,157,12086,0,0,0,0,1
2020-09-15,US,Tennessee,Lincoln,537,1,0,35.13738622,-86.58910106,47103.0,1562.5909328987952,0.186219739292365,536,528,1,0,527,517,34117,9,0,0,9,11
2020-09-15,US,Tennessee,Loudon,1054,6,0,35.73939663,-84.31145275,47105.0,1949.3970555596652,0.5692599620493358,1048,1049,6,0,1043,1032,53054,5,0,0,5,17
2020-09-15,US,Tennessee,Macon,983,19,0,36.53157855,-86.00778595,47111.0,3995.6101129989443,1.9328585961342828,964,984,19,0,965,974,24265,-1,0,0,-1,10
2020-09-15,US,Tennessee,Madison,2467,54,0,35.61181957,-88.84076036,47113.0,2517.758001306336,2.1888933927847587,2413,2390,54,0,2336,2301,97605,77,0,0,77,89
2020-09-15,US,Tennessee,Marion,460,7,0,35.12997174,-85.62265895,47115.0,1591.3100633064655,1.5217391304347827,453,452,7,0,445,434,28575,8,0,0,8,18
2020-09-15,US,Tennessee,Marshall,658,4,0,35.45798777,-86.76420988,47117.0,1914.1818181818185,0.6079027355623101,654,657,4,0,653,639,33683,1,0,0,1,18
2020-09-15,US,Tennessee,Maury,2082,21,0,35.618741299999996,-87.07462444,47119.0,2160.0423293597682,1.0086455331412103,2061,2072,20,0,2052,2027,94340,10,1,0,9,45
2020-09-15,US,Tennessee,McMinn,962,24,0,35.42812616,-84.61520715,47107.0,1788.3035282745288,2.4948024948024954,938,954,24,0,930,945,53285,8,0,0,8,9
2020-09-15,US,Tennessee,McNairy,735,15,0,35.17468549,-88.5647812,47109.0,2860.59002101658,2.0408163265306123,720,729,15,0,714,702,25832,6,0,0,6,27
2020-09-15,US,Tennessee,Meigs,207,3,0,35.51558739,-84.81482914,47121.0,1666.398325551441,1.4492753623188406,204,204,3,0,201,202,12306,3,0,0,3,2
2020-09-15,US,Tennessee,Monroe,955,16,0,35.44550387,-84.24902965,47123.0,2051.7778493930605,1.675392670157068,939,955,17,0,938,944,46357,0,-1,0,1,11
2020-09-15,US,Tennessee,Montgomery,2833,41,0,36.49609412,-87.38550661,47125.0,1355.5477934667667,1.4472290857747971,2792,2826,40,0,2786,2790,205950,7,1,0,6,36
2020-09-15,US,Tennessee,Moore,133,1,0,35.27724699,-86.36230578,47127.0,2049.9383477188653,0.7518796992481203,132,129,1,0,128,126,6411,4,0,0,4,3
2020-09-15,US,Tennessee,Morgan,282,2,0,36.13248031,-84.64880098,47129.0,1317.5723029481849,0.7092198581560284,280,282,2,0,280,281,21579,0,0,0,0,1
2020-09-15,US,Tennessee,Obion,1005,8,0,36.35732446,-89.14921589,47131.0,3342.3126808340808,0.7960199004975125,997,999,8,0,991,974,30267,6,0,0,6,25
2020-09-15,US,Tennessee,Out of TN,2743,25,0,0.0,0.0,80047.0,0.0,0.911410864017499,2718,2776,24,0,2752,2673,,-33,1,0,-34,103
2020-09-15,US,Tennessee,Overton,612,3,0,36.34117832,-85.28989535,47133.0,2751.674834764624,0.4901960784313725,609,607,3,0,604,593,22068,5,0,0,5,14
2020-09-15,US,Tennessee,Perry,133,0,0,35.63708728,-87.86139634,47135.0,1646.8548786527986,0.0,133,133,0,0,133,132,8064,0,0,0,0,1
2020-09-15,US,Tennessee,Pickett,90,2,0,36.55606529,-85.07763299999998,47137.0,1782.8843106180664,2.2222222222222223,88,89,1,0,88,88,5082,1,1,0,0,1
2020-09-15,US,Tennessee,Polk,367,11,0,35.12245443,-84.52075859,47139.0,2180.3707224334603,2.9972752043596733,356,366,11,0,355,366,16898,1,0,0,1,0
2020-09-15,US,Tennessee,Putnam,2765,36,0,36.14005459,-85.50646123,47141.0,3445.6975512492986,1.3019891500904162,2729,2741,36,0,2705,2695,78843,24,0,0,24,46
2020-09-15,US,Tennessee,Rhea,745,9,0,35.60536161,-84.93076643,47143.0,2246.2085808182833,1.2080536912751678,736,732,8,0,724,723,33044,13,1,0,12,9
2020-09-15,US,Tennessee,Roane,761,4,0,35.84923189,-84.52458689,47145.0,1425.5741635757372,0.5256241787122208,757,760,4,0,756,747,53140,1,0,0,1,13
2020-09-15,US,Tennessee,Robertson,2107,32,0,36.52454807,-86.87346725,47147.0,2934.0091626864228,1.5187470336971998,2075,2091,32,0,2059,2070,71012,16,0,0,16,21
2020-09-15,US,Tennessee,Rutherford,8661,85,0,35.84591405,-86.4107263,47149.0,2606.497434431287,0.9814109225262672,8576,8629,84,0,8545,8530,324890,32,1,0,31,99
2020-09-15,US,Tennessee,Scott,183,2,0,36.42325673,-84.50360494,47151.0,829.2550299075584,1.0928961748633879,181,183,2,0,181,182,22039,0,0,0,0,1
2020-09-15,US,Tennessee,Sequatchie,201,2,0,35.36979721,-85.41022136,47153.0,1337.6813523226406,0.9950248756218906,199,203,2,0,201,195,14876,-2,0,0,-2,8
2020-09-15,US,Tennessee,Sevier,2443,13,0,35.78077323,-83.52244332,47155.0,2486.5139949109416,0.5321326238231683,2430,2440,13,0,2427,2420,97892,3,0,0,3,20
2020-09-15,US,Tennessee,Shelby,29100,433,0,35.1864775,-89.89692423,47157.0,3105.1062458518554,1.4879725085910651,28667,28963,428,0,28535,28709,935764,137,5,0,132,254
2020-09-15,US,Tennessee,Smith,634,10,0,36.25359775,-85.95411046,47159.0,3145.309321823684,1.5772870662460567,624,630,10,0,620,616,19942,4,0,0,4,14
2020-09-15,US,Tennessee,Stewart,126,2,0,36.50235092,-87.83920548,47161.0,918.7021509296393,1.5873015873015872,124,124,2,0,122,121,13561,2,0,0,2,3
2020-09-15,US,Tennessee,Sullivan,1963,31,0,36.51240691,-82.30412917,47163.0,1239.674640664865,1.5792154865002548,1932,1956,31,0,1925,1939,157668,7,0,0,7,17
2020-09-15,US,Tennessee,Sumner,4548,92,0,36.46824103,-86.45917204,47165.0,2377.6289581405567,2.0228671943711523,4456,4532,91,0,4441,4469,187149,16,1,0,15,63
2020-09-15,US,Tennessee,Tipton,1650,17,0,35.501942,-89.73694895,47167.0,2678.6149125797497,1.0303030303030305,1633,1642,17,0,1625,1614,61581,8,0,0,8,28
2020-09-15,US,Tennessee,Trousdale,1643,7,0,36.39026213,-86.16087954,47169.0,14560.439560439561,0.426049908703591,1636,1641,7,0,1634,1638,11012,2,0,0,2,3
2020-09-15,US,Tennessee,Unassigned,2684,7,0,0.0,0.0,90047.0,0.0,0.2608047690014903,2677,2698,7,0,2691,2631,,-14,0,0,-14,67
2020-09-15,US,Tennessee,Unicoi,258,1,0,36.10890856,-82.43709629,47171.0,1442.7109545378296,0.3875968992248062,257,256,1,0,255,252,17761,2,0,0,2,4
2020-09-15,US,Tennessee,Union,284,1,0,36.28590426,-83.83651902,47173.0,1421.9907871019427,0.35211267605633795,283,281,1,0,280,272,19688,3,0,0,3,9
2020-09-15,US,Tennessee,Van Buren,132,0,0,35.69864497,-85.45221699,47175.0,2247.956403269755,0.0,132,131,0,0,131,129,5765,1,0,0,1,2
2020-09-15,US,Tennessee,Warren,970,8,0,35.672829899999996,-85.77969117,47177.0,2349.976984761489,0.8247422680412371,962,965,8,0,957,953,40878,5,0,0,5,12
2020-09-15,US,Tennessee,Washington,2025,26,0,36.29472368,-82.49454720000001,47179.0,1565.2173913043478,1.2839506172839503,1999,2007,25,0,1982,1964,128607,18,1,0,17,43
2020-09-15,US,Tennessee,Wayne,1477,4,0,35.23868267,-87.78644456,47181.0,8858.63371918671,0.2708192281651997,1473,1477,4,0,1473,1473,16558,0,0,0,0,4
2020-09-15,US,Tennessee,Weakley,1037,17,0,36.29896232,-88.71990865,47183.0,3111.497839654345,1.639344262295082,1020,1030,15,0,1015,1010,33415,7,2,0,5,20
2020-09-15,US,Tennessee,White,700,8,0,35.92929884,-85.45591799,47185.0,2559.8829767782045,1.1428571428571428,692,694,8,0,686,670,27107,6,0,0,6,24
2020-09-15,US,Tennessee,Williamson,4879,35,0,35.89099229,-86.89281867,47187.0,2046.4573930842407,0.7173601147776184,4844,4851,35,0,4816,4788,231729,28,0,0,28,63
2020-09-15,US,Tennessee,Wilson,3223,37,0,36.15496772,-86.29775884,47189.0,2228.0290618497547,1.1479987589202607,3186,3210,37,0,3173,3173,140625,13,0,0,13,37
2020-09-15,US,Texas,Anderson,2776,26,0,31.81534745,-95.65354823,48001.0,4808.175283623452,0.936599423631124,2750,2762,24,0,2738,2763,58057,14,2,0,12,-1
2020-09-15,US,Texas,Andrews,400,8,0,32.30468633,-102.63765479999999,48003.0,2138.4656508954827,2.0,392,400,8,0,392,400,18128,0,0,0,0,0
2020-09-15,US,Texas,Angelina,2072,77,0,31.25457347,-94.60901487,48005.0,2389.43666032405,3.716216216216216,1995,2072,77,0,1995,2072,87092,0,0,0,0,0
2020-09-15,US,Texas,Aransas,302,18,0,28.10556197,-96.9995047,48007.0,1284.5597618034876,5.960264900662253,284,302,18,0,284,302,23792,0,0,0,0,0
2020-09-15,US,Texas,Archer,68,1,0,33.61569967,-98.68754589,48009.0,795.0426750847656,1.4705882352941178,67,67,1,0,66,67,8786,1,0,0,1,0
2020-09-15,US,Texas,Armstrong,12,1,0,34.96507426,-101.35748740000001,48011.0,635.9300476947536,8.333333333333334,11,12,1,0,11,12,1892,0,0,0,0,0
2020-09-15,US,Texas,Atascosa,615,30,0,28.89333001,-98.52730485,48013.0,1202.2755263620902,4.878048780487805,585,615,30,0,585,615,50310,0,0,0,0,0
2020-09-15,US,Texas,Austin,460,9,0,29.88548725,-96.27736949,48015.0,1531.6995205114545,1.9565217391304348,451,460,9,0,451,460,29989,0,0,0,0,0
2020-09-15,US,Texas,Bailey,204,4,0,34.06854817,-102.8299707,48017.0,2914.285714285714,1.96078431372549,200,204,4,0,200,204,7027,0,0,0,0,0
2020-09-15,US,Texas,Bandera,113,7,0,29.74619598,-99.24598147,48019.0,488.9235029421946,6.1946902654867255,106,113,7,0,106,113,22824,0,0,0,0,0
2020-09-15,US,Texas,Bastrop,1696,28,0,30.10370699,-97.31206354,48021.0,1911.5674627774085,1.650943396226415,1668,1691,28,0,1663,1691,86976,5,0,0,5,0
2020-09-15,US,Texas,Baylor,14,0,0,33.61640794,-99.21352901,48023.0,398.97406668566543,0.0,14,14,0,0,14,14,3582,0,0,0,0,0
2020-09-15,US,Texas,Bee,1815,27,0,28.41761668,-97.74215593,48025.0,5573.4684477199435,1.487603305785124,1788,1814,27,0,1787,1805,32587,1,0,0,1,9
2020-09-15,US,Texas,Bell,5114,76,0,31.03736027,-97.4785025,48027.0,1409.1104473663904,1.4861165428236214,5038,5100,75,0,5025,5100,355642,14,1,0,13,0
2020-09-15,US,Texas,Bexar,50131,1215,0,29.44928723,-98.52019748,48029.0,2502.103761615609,2.423650036903313,48916,50016,1205,0,48811,49915,1986049,115,10,0,105,101
2020-09-15,US,Texas,Blanco,135,5,0,30.26640707,-98.3999852,48031.0,1131.506160422429,3.703703703703704,130,135,5,0,130,135,11702,0,0,0,0,0
2020-09-15,US,Texas,Bosque,269,6,0,31.89978581,-97.63613524,48035.0,1439.6574792614394,2.2304832713754648,263,263,6,0,257,263,18691,6,0,0,6,0
2020-09-15,US,Texas,Bowie,1190,46,0,33.44626922,-94.41834132,48037.0,1276.207839562443,3.865546218487395,1144,1177,46,0,1131,1178,94324,13,0,0,13,-1
2020-09-15,US,Texas,Brazoria,10721,155,0,29.18757369,-95.44563172,48039.0,2864.555500929825,1.4457606566551628,10566,10545,155,0,10390,10545,370200,176,0,0,176,0
2020-09-15,US,Texas,Brazos,5807,60,0,30.663644800000004,-96.30205577,48041.0,2533.473524394553,1.0332357499569484,5747,5743,60,0,5683,5700,226758,64,0,0,64,43
2020-09-15,US,Texas,Brewster,212,2,0,29.81008251,-103.25203259999999,48043.0,2303.59665326524,0.9433962264150944,210,212,2,0,210,212,9267,0,0,0,0,0
2020-09-15,US,Texas,Briscoe,12,1,0,34.53026962,-101.2084947,48045.0,776.1966364812421,8.333333333333334,11,12,1,0,11,12,1516,0,0,0,0,0
2020-09-15,US,Texas,Brooks,282,21,0,27.03103197,-98.21808402,48047.0,3975.750740166361,7.446808510638298,261,282,20,0,262,282,7114,0,1,0,-1,0
2020-09-15,US,Texas,Brown,524,20,0,31.77430356,-98.99907113,48049.0,1383.9002746672302,3.816793893129771,504,509,20,0,489,509,37924,15,0,0,15,0
2020-09-15,US,Texas,Burleson,317,6,0,30.49273808,-96.62158484,48051.0,1718.8093043431113,1.892744479495268,311,312,6,0,306,312,18389,5,0,0,5,0
2020-09-15,US,Texas,Burnet,681,12,0,30.78801353,-98.181887,48053.0,1414.1833662132694,1.7621145374449338,669,680,12,0,668,680,47542,1,0,0,1,0
2020-09-15,US,Texas,Caldwell,1427,35,0,29.83668859,-97.61814775,48055.0,3268.138512275559,2.452697967764541,1392,1412,34,0,1378,1412,43247,15,1,0,14,0
2020-09-15,US,Texas,Calhoun,623,7,0,28.47048236,-96.61633945,48057.0,2926.2564584311885,1.1235955056179776,616,618,7,0,611,618,21561,5,0,0,5,0
2020-09-15,US,Texas,Callahan,79,3,0,32.29760619,-99.37326312,48059.0,566.5925554041454,3.79746835443038,76,75,3,0,72,75,13994,4,0,0,4,0
2020-09-15,US,Texas,Cameron,22152,848,0,26.14524221,-97.48140372,48061.0,5234.862216214557,3.8280967858432646,21304,21983,843,0,21140,21983,423908,169,5,0,164,0
2020-09-15,US,Texas,Camp,337,10,0,32.97195142,-94.97790104,48063.0,2573.6978768901786,2.967359050445104,327,335,9,0,326,335,13033,2,1,0,1,0
2020-09-15,US,Texas,Carson,17,0,0,35.40365929,-101.35426690000001,48065.0,286.87141410732363,0.0,17,17,0,0,17,17,6005,0,0,0,0,0
2020-09-15,US,Texas,Cass,293,14,0,33.07499881,-94.34646905,48067.0,975.820955172184,4.778156996587032,279,291,14,0,277,291,30119,2,0,0,2,0
2020-09-15,US,Texas,Castro,241,5,0,34.53016752,-102.2617243,48069.0,3200.531208499336,2.074688796680498,236,241,5,0,236,241,7665,0,0,0,0,0
2020-09-15,US,Texas,Chambers,1220,8,0,29.70972016,-94.67154501,48071.0,2783.037160389625,0.6557377049180327,1212,1220,8,0,1212,1220,42454,0,0,0,0,0
2020-09-15,US,Texas,Cherokee,1501,24,0,31.837258000000002,-95.16559897,48073.0,2851.118793450595,1.5989340439706865,1477,1467,24,0,1443,1467,52592,34,0,0,34,0
2020-09-15,US,Texas,Childress,64,0,0,34.529304100000004,-100.2077916,48075.0,875.9923350670682,0.0,64,63,0,0,63,63,7291,1,0,0,1,0
2020-09-15,US,Texas,Clay,73,1,0,33.78686685,-98.20771198,48077.0,697.1635946900965,1.3698630136986298,72,72,1,0,71,72,10456,1,0,0,1,0
2020-09-15,US,Texas,Cochran,47,1,0,33.60425307,-102.82844990000001,48079.0,1647.3887136347705,2.127659574468085,46,47,1,0,46,47,2836,0,0,0,0,0
2020-09-15,US,Texas,Coke,50,3,0,31.88911733,-100.5297533,48081.0,1476.2326542663125,6.0,47,50,3,0,47,50,3370,0,0,0,0,0
2020-09-15,US,Texas,Coleman,62,3,0,31.76736834,-99.45240766,48083.0,758.4097859327217,4.838709677419356,59,61,3,0,58,61,8397,1,0,0,1,0
2020-09-15,US,Texas,Collin,12369,129,0,33.18820114,-96.57264368,48085.0,1195.3843031515469,1.042929905408683,12240,12239,124,0,12115,12001,1005146,130,5,0,125,238
2020-09-15,US,Texas,Collingsworth,18,0,0,34.96489496,-100.27001109999999,48087.0,616.4383561643834,0.0,18,18,0,0,18,18,2962,0,0,0,0,0
2020-09-15,US,Texas,Colorado,460,4,0,29.622097999999998,-96.5273805,48089.0,2140.231703345275,0.8695652173913043,456,460,4,0,456,460,21217,0,0,0,0,0
2020-09-15,US,Texas,Comal,2559,102,0,29.80811278,-98.27647225,48091.0,1638.1898610195315,3.985932004689332,2457,2545,102,0,2443,2545,148373,14,0,0,14,0
2020-09-15,US,Texas,Comanche,254,3,0,31.94854689,-98.55876441,48093.0,1862.8529519618628,1.1811023622047243,251,238,3,0,235,238,13534,16,0,0,16,0
2020-09-15,US,Texas,Concho,66,2,0,31.32635934,-99.86473038,48095.0,2421.129860601614,3.0303030303030303,64,62,2,0,60,62,4276,4,0,0,4,0
2020-09-15,US,Texas,Cooke,384,5,0,33.63979567,-97.21240912,48097.0,930.7511452601983,1.3020833333333333,379,358,5,0,353,358,40574,26,0,0,26,0
2020-09-15,US,Texas,Coryell,1768,11,0,31.39078397,-97.79936155,48099.0,2327.816618609367,0.6221719457013575,1757,1767,11,0,1756,1767,74808,1,0,0,1,0
2020-09-15,US,Texas,Cottle,25,2,0,34.07783319,-100.27850620000001,48101.0,1788.26895565093,8.0,23,20,2,0,18,20,1389,5,0,0,5,0
2020-09-15,US,Texas,Crane,71,2,0,31.43052248,-102.5143314,48103.0,1480.091723994163,2.8169014084507036,69,71,2,0,69,71,4794,0,0,0,0,0
2020-09-15,US,Texas,Crockett,164,6,0,30.72367027,-101.4134238,48105.0,4734.411085450346,3.6585365853658534,158,164,6,0,158,164,3499,0,0,0,0,0
2020-09-15,US,Texas,Crosby,83,2,0,33.61431553,-101.30003640000001,48107.0,1446.7491720411365,2.409638554216868,81,83,1,0,82,83,5779,0,1,0,-1,0
2020-09-15,US,Texas,Culberson,41,2,0,31.44506775,-104.5185739,48109.0,1888.5306310456008,4.878048780487805,39,39,2,0,37,39,2204,2,0,0,2,0
2020-09-15,US,Texas,Dallam,223,8,0,36.27787176,-102.60207249999999,48111.0,3060.2442706189104,3.5874439461883414,215,219,8,0,211,219,7200,4,0,0,4,0
2020-09-15,US,Texas,Dallas,75838,1050,0,32.76670599,-96.77796049999999,48113.0,2877.538971495525,1.384530182757984,74788,75648,1046,0,74602,75052,2637772,190,4,0,186,596
2020-09-15,US,Texas,Dawson,286,8,0,32.74255572,-101.94772420000001,48115.0,2247.014456316782,2.797202797202797,278,268,8,0,260,268,12619,18,0,0,18,0
2020-09-15,US,Texas,DeWitt,944,29,0,29.08101855,-97.35681170000001,48123.0,4682.539682539683,3.0720338983050848,915,937,29,0,908,937,20187,7,0,0,7,0
2020-09-15,US,Texas,Deaf Smith,838,20,0,34.96522957,-102.6054267,48117.0,4518.494554081743,2.386634844868735,818,838,20,0,818,838,18760,0,0,0,0,0
2020-09-15,US,Texas,Delta,22,0,0,33.38570922,-95.66921122,48119.0,412.68054773963615,0.0,22,22,0,0,22,22,5349,0,0,0,0,0
2020-09-15,US,Texas,Denton,11225,143,0,33.20521901,-97.11691153,48121.0,1265.2064287139306,1.2739420935412027,11082,11130,142,0,10988,11014,859064,95,1,0,94,116
2020-09-15,US,Texas,Dickens,48,2,0,33.61616822,-100.7788855,48125.0,2170.963364993216,4.166666666666667,46,48,2,0,46,48,2249,0,0,0,0,0
2020-09-15,US,Texas,Dimmit,190,7,0,28.42270064,-99.75645095,48127.0,1876.728565784275,3.684210526315789,183,190,7,0,183,190,10308,0,0,0,0,0
2020-09-15,US,Texas,Donley,59,1,0,34.96517499,-100.8140093,48129.0,1799.8779743746186,1.6949152542372878,58,59,1,0,58,59,3319,0,0,0,0,0
2020-09-15,US,Texas,Duval,412,14,0,27.68184592,-98.50864568,48131.0,3692.748946849512,3.3980582524271843,398,405,14,0,391,405,11212,7,0,0,7,0
2020-09-15,US,Texas,Eastland,155,3,0,32.32743996,-98.83243566,48133.0,844.2265795206972,1.935483870967742,152,144,3,0,141,144,18322,11,0,0,11,0
2020-09-15,US,Texas,Ector,4513,90,0,31.86898877,-102.54294279999999,48135.0,2715.027402946644,1.994238865499668,4423,4473,87,0,4386,4454,162124,40,3,0,37,19
2020-09-15,US,Texas,Edwards,34,1,0,29.98202582,-100.304252,48137.0,1759.8343685300208,2.9411764705882355,33,34,1,0,33,34,1928,0,0,0,0,0
2020-09-15,US,Texas,El Paso,21826,484,0,31.76980765,-106.23632749999999,48141.0,2600.6925329882583,2.2175387152936863,21342,21731,482,0,21249,21621,840758,95,2,0,93,110
2020-09-15,US,Texas,Ellis,4119,62,0,32.34894117,-96.79371841,48139.0,2228.5825587309146,1.5052197135226997,4057,3998,62,0,3936,3998,179436,121,0,0,121,0
2020-09-15,US,Texas,Erath,785,12,0,32.23602653,-98.21773417,48143.0,1838.4936062579043,1.5286624203821657,773,760,11,0,749,760,42446,25,1,0,24,0
2020-09-15,US,Texas,Falls,190,3,0,31.25350609,-96.93630086,48145.0,1098.4563797190262,1.5789473684210529,187,186,3,0,183,186,17335,4,0,0,4,0
2020-09-15,US,Texas,Fannin,655,12,0,33.59564294,-96.10751083,48147.0,1844.34307597004,1.83206106870229,643,641,12,0,629,641,35286,14,0,0,14,0
2020-09-15,US,Texas,Fayette,533,18,0,29.87788372,-96.92076062,48149.0,2102.8959204608223,3.377110694183865,515,508,18,0,490,513,25349,25,0,0,25,-5
2020-09-15,US,Texas,Fisher,63,1,0,32.74281316,-100.40193020000001,48151.0,1644.9086161879895,1.5873015873015872,62,62,1,0,61,62,3839,1,0,0,1,0
2020-09-15,US,Texas,Floyd,100,9,0,34.07227468,-101.3031546,48153.0,1750.7002801120448,9.0,91,100,9,0,91,100,5837,0,0,0,0,0
2020-09-15,US,Texas,Foard,8,0,0,33.97308618,-99.7767797,48155.0,692.6406926406928,0.0,8,5,0,0,5,5,1200,3,0,0,3,0
2020-09-15,US,Texas,Fort Bend,15499,268,0,29.52704478,-95.77219463,48157.0,1909.4775332393729,1.7291438157300472,15231,15471,268,0,15203,15423,787858,28,0,0,28,48
2020-09-15,US,Texas,Franklin,125,6,0,33.17653242,-95.21917243,48159.0,1165.5011655011654,4.8,119,123,6,0,117,123,10766,2,0,0,2,0
2020-09-15,US,Texas,Freestone,396,1,0,31.70422788,-96.15072516,48161.0,2008.4191306993964,0.2525252525252525,395,393,1,0,392,394,19808,3,0,0,3,-1
2020-09-15,US,Texas,Frio,666,8,0,28.86751206,-99.10804207,48163.0,3279.81877277652,1.2012012012012012,658,664,8,0,656,664,19816,2,0,0,2,0
2020-09-15,US,Texas,Gaines,289,8,0,32.74055318,-102.6353295,48165.0,1344.6863949376511,2.7681660899653977,281,279,8,0,271,279,20901,10,0,0,10,0
2020-09-15,US,Texas,Galveston,11337,165,0,29.40167322,-94.90469073,48167.0,3313.565539152217,1.455411484519714,11172,11301,165,0,11136,11280,337890,36,0,0,36,21
2020-09-15,US,Texas,Garza,102,4,0,33.17969345,-101.2984114,48169.0,1637.5020067426553,3.92156862745098,98,102,4,0,98,102,6578,0,0,0,0,0
2020-09-15,US,Texas,Gillespie,210,9,0,30.31824095,-98.94676915,48171.0,778.1236104935527,4.285714285714286,201,210,9,0,201,210,26804,0,0,0,0,0
2020-09-15,US,Texas,Glasscock,7,0,0,31.86942909,-101.5207776,48173.0,496.8062455642298,0.0,7,6,0,0,6,6,1388,1,0,0,1,0
2020-09-15,US,Texas,Goliad,149,6,0,28.65696592,-97.42760647,48175.0,1945.6777226429879,4.026845637583893,143,129,6,0,123,129,7584,20,0,0,20,0
2020-09-15,US,Texas,Gonzales,824,14,0,29.45634206,-97.49424032,48177.0,3954.5040072947163,1.699029126213592,810,822,14,0,808,822,20826,2,0,0,2,0
2020-09-15,US,Texas,Gray,267,5,0,35.40081878,-100.8129222,48179.0,1219.957963995248,1.8726591760299625,262,258,5,0,253,258,21895,9,0,0,9,0
2020-09-15,US,Texas,Grayson,1577,35,0,33.62744998,-96.67753461,48181.0,1157.7540892138725,2.219403931515536,1542,1577,33,0,1544,1577,133991,0,2,0,-2,0
2020-09-15,US,Texas,Gregg,2062,59,0,32.47940482,-94.81591935,48183.0,1663.6411311468796,2.8612997090203685,2003,2012,59,0,1953,2012,123707,50,0,0,50,0
2020-09-15,US,Texas,Grimes,1057,31,0,30.54579585,-95.98902499,48185.0,3659.972299168975,2.9328287606433303,1026,1061,31,0,1030,1057,28360,-4,0,0,-4,4
2020-09-15,US,Texas,Guadalupe,1952,76,0,29.58165339,-97.94786822,48187.0,1169.934131269966,3.89344262295082,1876,1941,76,0,1865,1941,163694,11,0,0,11,0
2020-09-15,US,Texas,Hale,1769,50,0,34.07044901,-101.82681140000001,48189.0,5295.455906124648,2.8264556246466936,1719,1753,49,0,1704,1704,33830,16,1,0,15,49
2020-09-15,US,Texas,Hall,19,1,0,34.5307555,-100.68138520000001,48191.0,641.025641025641,5.2631578947368425,18,19,1,0,18,19,3028,0,0,0,0,0
2020-09-15,US,Texas,Hamilton,109,4,0,31.70470573,-98.11083887,48193.0,1288.2637986053658,3.669724770642202,105,108,4,0,104,108,8484,1,0,0,1,0
2020-09-15,US,Texas,Hansford,108,4,0,36.27743284,-101.3545796,48195.0,2000.37043897018,3.703703703703704,104,108,4,0,104,108,5463,0,0,0,0,0
2020-09-15,US,Texas,Hardeman,24,0,0,34.28944521,-99.74632408,48197.0,610.2212051868803,0.0,24,24,0,0,24,24,3922,0,0,0,0,0
2020-09-15,US,Texas,Hardin,1297,27,0,30.33364686,-94.38931817,48199.0,2251.657928544148,2.0817270624518116,1270,1258,27,0,1231,1258,57207,39,0,0,39,0
2020-09-15,US,Texas,Harris,120336,2440,0,29.85864939,-95.39339521,48201.0,2553.102109445031,2.027655896822231,117896,117568,2423,0,115145,116172,4698619,2768,17,0,2751,1396
2020-09-15,US,Texas,Harrison,842,30,0,32.54935988,-94.36934071,48203.0,1265.1570928432975,3.5629453681710213,812,840,30,0,810,840,66726,2,0,0,2,0
2020-09-15,US,Texas,Hartley,110,0,0,35.84008013,-102.6029022,48205.0,1972.7403156384505,0.0,110,107,0,0,107,107,5619,3,0,0,3,0
2020-09-15,US,Texas,Haskell,59,2,0,33.17823584,-99.73037358,48207.0,1042.77129727819,3.3898305084745757,57,59,2,0,57,59,5813,0,0,0,0,0
2020-09-15,US,Texas,Hays,5665,60,0,30.05669873,-98.02944344,48209.0,2460.9997784448565,1.059135039717564,5605,5656,60,0,5596,5598,222631,9,0,0,9,58
2020-09-15,US,Texas,Hemphill,71,0,0,35.83764858,-100.2703577,48211.0,1859.1254255040587,0.0,71,71,0,0,71,71,3825,0,0,0,0,0
2020-09-15,US,Texas,Henderson,897,22,0,32.21128872,-95.85846587,48213.0,1084.1582363392436,2.452619843924192,875,892,20,0,872,892,82299,5,2,0,3,0
2020-09-15,US,Texas,Hidalgo,29721,1450,0,26.39418217,-98.18299696,48215.0,3421.291643787837,4.878705292554086,28271,29519,1431,0,28088,29446,865939,202,19,0,183,73
2020-09-15,US,Texas,Hill,556,12,0,31.99045053,-97.13423143,48217.0,1517.0946001255152,2.1582733812949644,544,468,12,0,456,468,36354,88,0,0,88,0
2020-09-15,US,Texas,Hockley,305,7,0,33.60771256,-102.3431676,48219.0,1324.8772859563007,2.295081967213114,298,302,6,0,296,302,22980,3,1,0,2,0
2020-09-15,US,Texas,Hood,861,25,0,32.42990927,-97.83242024,48221.0,1396.7522670862872,2.9036004645760745,836,847,25,0,822,847,60537,14,0,0,14,0
2020-09-15,US,Texas,Hopkins,287,8,0,33.14875072,-95.56351139,48223.0,773.9186711250135,2.787456445993032,279,287,8,0,279,287,36810,0,0,0,0,0
2020-09-15,US,Texas,Houston,353,9,0,31.31925973,-95.42226208,48225.0,1536.9209334726575,2.54957507082153,344,353,9,0,344,352,23169,0,0,0,0,1
2020-09-15,US,Texas,Howard,438,10,0,32.30621324,-101.4356444,48227.0,1194.632336897229,2.2831050228310503,428,406,10,0,396,406,36459,32,0,0,32,0
2020-09-15,US,Texas,Hudspeth,44,2,0,31.45628381,-105.388178,48229.0,900.5321326238231,4.545454545454546,42,43,2,0,41,43,4795,1,0,0,1,0
2020-09-15,US,Texas,Hunt,1531,33,0,33.12351514,-96.08551032,48231.0,1552.8328295839506,2.1554539516655784,1498,1519,33,0,1486,1512,96493,12,0,0,12,7
2020-09-15,US,Texas,Hutchinson,166,3,0,35.84006574,-101.3546643,48233.0,792.8168879549146,1.8072289156626504,163,163,3,0,160,163,21198,3,0,0,3,0
2020-09-15,US,Texas,Irion,10,0,0,31.30375559,-100.982439,48235.0,651.0416666666666,0.0,10,10,0,0,10,10,1522,0,0,0,0,0
2020-09-15,US,Texas,Jack,127,2,0,33.23377248,-98.17283469,48237.0,1421.376608841634,1.5748031496062993,125,129,2,0,127,129,8843,-2,0,0,-2,0
2020-09-15,US,Texas,Jackson,522,15,0,28.95472367,-96.57749563,48239.0,3536.5853658536585,2.8735632183908044,507,518,15,0,503,518,14874,4,0,0,4,0
2020-09-15,US,Texas,Jasper,431,24,0,30.74685667,-94.02667579,48241.0,1213.0935292296433,5.568445475638051,407,411,21,0,390,411,35872,20,3,0,17,0
2020-09-15,US,Texas,Jeff Davis,14,0,0,30.71490589,-104.1399973,48243.0,615.6552330694811,0.0,14,14,0,0,14,14,2252,0,0,0,0,0
2020-09-15,US,Texas,Jefferson,6995,125,0,29.8832777,-94.16434171,48245.0,2780.5934847852445,1.7869907076483202,6870,6956,125,0,6831,6956,255001,39,0,0,39,0
2020-09-15,US,Texas,Jim Hogg,101,2,0,27.04453923,-98.69681870000001,48247.0,1942.3076923076928,1.98019801980198,99,96,2,0,94,96,5248,5,0,0,5,0
2020-09-15,US,Texas,Jim Wells,1384,32,0,27.73103938,-98.0904705,48249.0,3418.80341880342,2.3121387283237,1352,1384,31,0,1353,1370,40822,0,1,0,-1,14
2020-09-15,US,Texas,Johnson,2699,48,0,32.37877812,-97.36615819,48251.0,1535.1189020401896,1.7784364579473884,2651,2663,48,0,2615,2663,171361,36,0,0,36,0
2020-09-15,US,Texas,Jones,566,0,0,32.73997145,-99.87861576,48253.0,2818.3040382412987,0.0,566,562,0,0,562,562,19817,4,0,0,4,0
2020-09-15,US,Texas,Karnes,753,16,0,28.90705334,-97.85960149,48255.0,4826.613678610345,2.1248339973439574,737,752,16,0,736,752,15650,1,0,0,1,0
2020-09-15,US,Texas,Kaufman,2968,45,0,32.599141700000004,-96.28734728,48257.0,2179.884542503342,1.5161725067385443,2923,2915,44,0,2871,2915,128622,53,1,0,52,0
2020-09-15,US,Texas,Kendall,205,6,0,29.94414155,-98.7113588,48259.0,432.2067845923552,2.9268292682926833,199,203,6,0,197,203,45641,2,0,0,2,0
2020-09-15,US,Texas,Kenedy,7,1,0,26.92601662,-97.66413984,48261.0,1732.6732673267327,14.285714285714285,6,7,1,0,6,7,442,0,0,0,0,0
2020-09-15,US,Texas,Kent,7,0,0,33.18104136,-100.7780939,48263.0,918.6351706036743,0.0,7,7,0,0,7,7,726,0,0,0,0,0
2020-09-15,US,Texas,Kerr,444,10,0,30.06040006,-99.34930144,48265.0,844.1064638783272,2.2522522522522523,434,444,10,0,434,444,52405,0,0,0,0,0
2020-09-15,US,Texas,Kimble,16,1,0,30.48678918,-99.74856473,48267.0,368.9186073322573,6.25,15,16,1,0,15,16,4362,0,0,0,0,0
2020-09-15,US,Texas,Kinney,24,1,0,29.34967888,-100.41866379999999,48271.0,654.485955822198,4.166666666666667,23,24,1,0,23,24,3767,0,0,0,0,0
2020-09-15,US,Texas,Kleberg,963,39,0,27.42435506,-97.69894948,48273.0,3138.852672750978,4.0498442367601255,924,957,38,0,919,957,31129,6,1,0,5,0
2020-09-15,US,Texas,Knox,68,8,0,33.60519951,-99.74229059999999,48275.0,1855.8951965065505,11.764705882352944,60,67,8,0,59,67,3653,1,0,0,1,0
2020-09-15,US,Texas,La Salle,358,11,0,28.34453111,-99.09908775,48283.0,4760.63829787234,3.0726256983240225,347,359,11,0,348,359,7531,-1,0,0,-1,0
2020-09-15,US,Texas,Lamar,999,30,0,33.66981763,-95.57404777,48277.0,2003.6502938285971,3.003003003003003,969,1033,30,0,1003,959,49728,-34,0,0,-34,74
2020-09-15,US,Texas,Lamb,308,21,0,34.06859623,-102.35162890000001,48279.0,2388.893197859304,6.8181818181818175,287,308,21,0,287,308,13158,0,0,0,0,0
2020-09-15,US,Texas,Lampasas,214,8,0,31.19531316,-98.24206613,48281.0,998.6932984879596,3.7383177570093458,206,205,7,0,198,205,21229,9,1,0,8,0
2020-09-15,US,Texas,Lavaca,706,32,0,29.38508402,-96.93186692,48285.0,3503.0266944527143,4.53257790368272,674,701,32,0,669,701,20110,5,0,0,5,0
2020-09-15,US,Texas,Lee,211,14,0,30.31120597,-96.97045773,48287.0,1223.9689077092642,6.6350710900473935,197,208,14,0,194,208,17144,3,0,0,3,0
2020-09-15,US,Texas,Leon,221,5,0,31.29872538,-95.9936328,48289.0,1269.8230291886925,2.262443438914027,216,210,5,0,205,210,17270,11,0,0,11,0
2020-09-15,US,Texas,Liberty,2171,47,0,30.15152688,-94.81205615,48291.0,2460.9211167662297,2.1649009672961768,2124,2161,46,0,2115,2158,86323,10,1,0,9,3
2020-09-15,US,Texas,Limestone,530,9,0,31.5454767,-96.58095444,48293.0,2261.381576140291,1.69811320754717,521,515,9,0,506,515,23519,15,0,0,15,0
2020-09-15,US,Texas,Lipscomb,32,0,0,36.27783108,-100.27331509999999,48295.0,989.7927621404268,0.0,32,29,0,0,29,29,3355,3,0,0,3,0
2020-09-15,US,Texas,Live Oak,359,8,0,28.35101362,-98.1246786,48297.0,2940.9355287949543,2.2284122562674096,351,359,8,0,351,359,12166,0,0,0,0,0
2020-09-15,US,Texas,Llano,113,1,0,30.70645047,-98.68475262,48299.0,518.4675384262447,0.8849557522123894,112,112,1,0,111,112,21646,1,0,0,1,0
2020-09-15,US,Texas,Lubbock,9828,108,0,33.61008596,-101.82047890000001,48303.0,3164.5141659341402,1.0989010989010992,9720,9649,108,0,9541,9616,307412,179,0,0,179,33
2020-09-15,US,Texas,Lynn,89,5,0,33.17657705,-101.8162849,48305.0,1495.5469668963199,5.617977528089888,84,89,5,0,84,89,5877,0,0,0,0,0
2020-09-15,US,Texas,Madison,717,6,0,30.96694679,-95.93003775,48313.0,5019.602352282274,0.8368200836820083,711,709,5,0,704,709,14422,8,1,0,7,0
2020-09-15,US,Texas,Marion,147,13,0,32.79868409,-94.35661230000001,48315.0,1491.7799878222042,8.843537414965986,134,147,13,0,134,147,9928,0,0,0,0,0
2020-09-15,US,Texas,Martin,76,6,0,32.30600051,-101.9513518,48317.0,1316.929474961012,7.894736842105262,70,75,6,0,69,75,5753,1,0,0,1,0
2020-09-15,US,Texas,Mason,76,2,0,30.71780434,-99.22629416,48319.0,1778.193729527375,2.631578947368421,74,76,2,0,74,76,4280,0,0,0,0,0
2020-09-15,US,Texas,Matagorda,986,40,0,28.81955746,-96.01230294,48321.0,2690.8277160712823,4.056795131845842,946,980,40,0,940,976,36552,6,0,0,6,4
2020-09-15,US,Texas,Maverick,3535,102,0,28.7429195,-100.3157686,48323.0,6019.890330710807,2.8854314002828856,3433,3535,102,0,3433,3535,58485,0,0,0,0,0
2020-09-15,US,Texas,McCulloch,134,3,0,31.1925468,-99.34682807,48307.0,1678.3567134268537,2.238805970149253,131,133,3,0,130,133,7987,1,0,0,1,0
2020-09-15,US,Texas,McLennan,7188,91,0,31.55255453,-97.20217694,48309.0,2800.9960136075097,1.2659988870339454,7097,7134,91,0,7043,7109,254607,54,0,0,54,25
2020-09-15,US,Texas,McMullen,21,0,0,28.35251708,-98.56769164,48311.0,2826.3795423956926,0.0,21,19,0,0,19,19,749,2,0,0,2,0
2020-09-15,US,Texas,Medina,1157,40,0,29.355730100000002,-99.11030298,48325.0,2242.943548387097,3.457216940363008,1117,1147,39,0,1108,1147,50921,10,1,0,9,0
2020-09-15,US,Texas,Menard,24,0,0,30.88990665,-99.82047940000001,48327.0,1122.5444340505146,0.0,24,23,0,0,23,23,2139,1,0,0,1,0
2020-09-15,US,Texas,Midland,3495,78,0,31.86904128,-102.03156820000001,48329.0,1976.4522258414765,2.2317596566523603,3417,3469,77,0,3392,3441,172578,26,1,0,25,28
2020-09-15,US,Texas,Milam,463,5,0,30.78581830000001,-96.97718698,48331.0,1865.2056560447973,1.079913606911447,458,463,5,0,458,463,25131,0,0,0,0,0
2020-09-15,US,Texas,Mills,45,0,0,31.49557106,-98.59272068,48333.0,923.4557767289143,0.0,45,42,0,0,42,42,4921,3,0,0,3,0
2020-09-15,US,Texas,Mitchell,82,1,0,32.30623474,-100.9212058,48335.0,959.6255119953188,1.2195121951219512,81,80,1,0,79,80,8145,2,0,0,2,0
2020-09-15,US,Texas,Montague,160,3,0,33.67521893,-97.72500958,48337.0,807.346856393178,1.875,157,157,3,0,154,157,19596,3,0,0,3,0
2020-09-15,US,Texas,Montgomery,10182,147,0,30.30079133,-95.50572772,48339.0,1676.3501599463934,1.4437242192103712,10035,10016,145,0,9871,9790,590925,166,2,0,164,226
2020-09-15,US,Texas,Moore,1138,19,0,35.83769242,-101.8930281,48341.0,5434.574976122254,1.6695957820738137,1119,1137,19,0,1118,1137,21485,1,0,0,1,0
2020-09-15,US,Texas,Morris,174,3,0,33.11304005,-94.73255695,48343.0,1404.585082337746,1.7241379310344829,171,174,3,0,171,174,12339,0,0,0,0,0
2020-09-15,US,Texas,Motley,7,0,0,34.07408766,-100.77972199999999,48345.0,583.3333333333334,0.0,7,7,0,0,7,7,1234,0,0,0,0,0
2020-09-15,US,Texas,Nacogdoches,1478,58,0,31.62017125,-94.61803994,48347.0,2266.7321023250106,3.924221921515562,1420,1465,58,0,1407,1465,65711,13,0,0,13,0
2020-09-15,US,Texas,Navarro,1203,23,0,32.04620681,-96.47428766,48349.0,2400.5747011753438,1.9118869492934327,1180,1185,23,0,1162,1185,49565,18,0,0,18,0
2020-09-15,US,Texas,Newton,166,8,0,30.78548982,-93.74408813,48351.0,1221.0371460095625,4.819277108433735,158,164,8,0,156,164,13746,2,0,0,2,0
2020-09-15,US,Texas,Nolan,189,4,0,32.30365282,-100.4060208,48353.0,1284.4909609895335,2.1164021164021163,185,185,4,0,181,185,14751,4,0,0,4,0
2020-09-15,US,Texas,Nueces,19845,397,0,27.736286,-97.5433285,48355.0,5477.595543950493,2.00050390526581,19448,19635,390,0,19245,19635,362265,210,7,0,203,0
2020-09-15,US,Texas,Ochiltree,119,4,0,36.27829105,-100.8158184,48357.0,1209.8413989426595,3.361344537815126,115,115,4,0,111,115,9947,4,0,0,4,0
2020-09-15,US,Texas,Oldham,15,1,0,35.40425596,-102.6027606,48359.0,710.2272727272727,6.666666666666668,14,15,1,0,14,15,2131,0,0,0,0,0
2020-09-15,US,Texas,Orange,1847,39,0,30.11879481,-93.89412775,48361.0,2214.7345196412307,2.1115322144017323,1808,1822,39,0,1783,1822,83572,25,0,0,25,0
2020-09-15,US,Texas,Palo Pinto,485,15,0,32.75310985,-98.31319001,48363.0,1661.5848436054678,3.0927835051546397,470,470,14,0,456,470,28875,15,1,0,14,0
2020-09-15,US,Texas,Panola,354,24,0,32.163959600000005,-94.30552481,48365.0,1526.2567905492801,6.779661016949151,330,352,24,0,328,349,23148,2,0,0,2,3
2020-09-15,US,Texas,Parker,1786,30,0,32.77757172,-97.80500621,48367.0,1250.017497445373,1.6797312430011198,1756,1742,29,0,1713,1742,138371,44,1,0,43,0
2020-09-15,US,Texas,Parmer,405,7,0,34.52993409,-102.78446679999999,48369.0,4216.553878188443,1.728395061728395,398,404,7,0,397,404,9864,1,0,0,1,0
2020-09-15,US,Texas,Pecos,351,5,0,30.78097267,-102.72412609999999,48371.0,2218.2898312582947,1.4245014245014245,346,348,4,0,344,348,15673,3,1,0,2,0
2020-09-15,US,Texas,Polk,811,21,0,30.79472531,-94.82766240000001,48373.0,1579.265086752478,2.589395807644882,790,811,21,0,790,811,50031,0,0,0,0,0
2020-09-15,US,Texas,Potter,4398,57,0,35.40133773,-101.893964,48375.0,3745.688370310437,1.296043656207367,4341,4336,57,0,4279,4310,119648,62,0,0,62,26
2020-09-15,US,Texas,Presidio,93,5,0,29.99954402,-104.24080790000001,48377.0,1387.2315035799525,5.376344086021504,88,92,5,0,87,92,6948,1,0,0,1,0
2020-09-15,US,Texas,Rains,61,3,0,32.87109387,-95.79232691,48379.0,487.45405146236214,4.918032786885246,58,60,3,0,57,60,12159,1,0,0,1,0
2020-09-15,US,Texas,Randall,2455,35,0,34.96585996,-101.8971322,48381.0,1782.6929919470206,1.4256619144602851,2420,2426,35,0,2391,2426,136271,29,0,0,29,0
2020-09-15,US,Texas,Reagan,86,6,0,31.36607041,-101.52326590000001,48383.0,2234.346583528189,6.9767441860465125,80,86,6,0,80,86,3741,0,0,0,0,0
2020-09-15,US,Texas,Real,105,7,0,29.83321503,-99.82018052,48385.0,3041.7149478563147,6.666666666666668,98,105,6,0,99,105,3478,0,1,0,-1,0
2020-09-15,US,Texas,Red River,157,14,0,33.61886692,-95.04841765,48387.0,1305.8304915578474,8.917197452229301,143,157,14,0,143,157,12175,0,0,0,0,0
2020-09-15,US,Texas,Reeves,185,6,0,31.32323325,-103.69038959999999,48389.0,1157.9869804707062,3.2432432432432434,179,185,6,0,179,185,15695,0,0,0,0,0
2020-09-15,US,Texas,Refugio,301,12,0,28.323897600000002,-97.15766311,48391.0,4332.181922855498,3.986710963455149,289,301,10,0,291,301,7032,0,2,0,-2,0
2020-09-15,US,Texas,Roberts,10,0,0,35.83809685,-100.813175,48393.0,1170.96018735363,0.0,10,9,0,0,9,9,903,1,0,0,1,0
2020-09-15,US,Texas,Robertson,281,4,0,31.02539637,-96.51272246,48395.0,1645.7772051071804,1.4234875444839858,277,272,4,0,268,272,17284,9,0,0,9,0
2020-09-15,US,Texas,Rockwall,1489,24,0,32.89779518,-96.40771592,48397.0,1419.2441500262116,1.6118200134318337,1465,1446,24,0,1422,1446,100657,43,0,0,43,0
2020-09-15,US,Texas,Runnels,242,5,0,31.8314342,-99.97616148,48399.0,2357.755261106781,2.066115702479338,237,232,5,0,227,232,10234,10,0,0,10,0
2020-09-15,US,Texas,Rusk,839,6,0,32.10773545,-94.76176432,48401.0,1542.1093261772598,0.7151370679380215,833,831,6,0,825,830,54450,8,0,0,8,1
2020-09-15,US,Texas,Sabine,76,8,0,31.34318809,-93.85440451,48403.0,720.9258205274142,10.526315789473683,68,75,8,0,67,75,10589,1,0,0,1,0
2020-09-15,US,Texas,San Augustine,197,13,0,31.39457611,-94.17000399,48405.0,2391.647444457933,6.598984771573603,184,197,13,0,184,197,8232,0,0,0,0,0
2020-09-15,US,Texas,San Jacinto,219,9,0,30.57933681,-95.16260304,48407.0,758.8620534322049,4.109589041095891,210,219,9,0,210,219,28719,0,0,0,0,0
2020-09-15,US,Texas,San Patricio,1393,70,0,28.00880118,-97.51763891,48409.0,2087.516858983965,5.025125628140704,1323,1384,64,0,1320,1384,66893,9,6,0,3,0
2020-09-15,US,Texas,San Saba,43,0,0,31.1577796,-98.81758731,48411.0,710.1568951279933,0.0,43,42,0,0,42,42,6054,1,0,0,1,0
2020-09-15,US,Texas,Schleicher,51,2,0,30.89740592,-100.5384842,48413.0,1825.993555316864,3.92156862745098,49,51,2,0,49,51,2895,0,0,0,0,0
2020-09-15,US,Texas,Scurry,579,2,0,32.74613808,-100.91626640000001,48415.0,3466.443153924445,0.3454231433506045,577,574,2,0,572,574,16866,5,0,0,5,0
2020-09-15,US,Texas,Shackelford,25,0,0,32.73587756,-99.35401337,48417.0,765.6967840735069,0.0,25,23,0,0,23,23,3253,2,0,0,2,0
2020-09-15,US,Texas,Shelby,455,22,0,31.79211404,-94.14550696,48419.0,1800.2690511988606,4.835164835164835,433,455,21,0,434,455,25418,0,1,0,-1,0
2020-09-15,US,Texas,Sherman,58,0,0,36.27751473,-101.8933156,48421.0,1919.2587690271343,0.0,58,58,0,0,58,58,3079,0,0,0,0,0
2020-09-15,US,Texas,Smith,3509,89,0,32.37474036,-95.27175679999999,48423.0,1507.6197309571173,2.536335138216016,3420,3484,85,0,3399,3484,230221,25,4,0,21,0
2020-09-15,US,Texas,Somervell,134,5,0,32.22236802,-97.77403489,48425.0,1468.0105170902716,3.7313432835820897,129,133,5,0,128,133,9016,1,0,0,1,0
2020-09-15,US,Texas,Starr,3278,153,0,26.56150059,-98.73892358,48427.0,5071.712592638435,4.667480170835876,3125,3278,146,0,3132,3255,64525,0,7,0,-7,23
2020-09-15,US,Texas,Stephens,126,4,0,32.73553157,-98.83631615,48429.0,1345.2914798206275,3.1746031746031744,122,124,4,0,120,124,9433,2,0,0,2,0
2020-09-15,US,Texas,Sterling,4,0,0,31.82781912,-101.05007459999999,48431.0,309.8373353989156,0.0,4,4,0,0,4,4,1311,0,0,0,0,0
2020-09-15,US,Texas,Stonewall,10,1,0,33.17906744,-100.25384009999999,48433.0,740.7407407407408,10.0,9,10,1,0,9,10,1362,0,0,0,0,0
2020-09-15,US,Texas,Sutton,81,3,0,30.49856623,-100.5382014,48435.0,2145.127118644068,3.703703703703704,78,80,3,0,77,79,3758,1,0,0,1,1
2020-09-15,US,Texas,Swisher,102,3,0,34.53028891,-101.73491740000001,48437.0,1378.937407056915,2.9411764705882355,99,101,3,0,98,101,7462,1,0,0,1,0
2020-09-15,US,Texas,Tarrant,45163,667,0,32.77143818,-97.29101614,48439.0,2148.046506208041,1.4768726612492526,44496,44727,662,0,44065,44454,2084931,436,5,0,431,273
2020-09-15,US,Texas,Taylor,1405,44,0,32.30163422,-99.89007449,48441.0,1017.8651636553312,3.1316725978647684,1361,1405,44,0,1361,1405,137640,0,0,0,0,0
2020-09-15,US,Texas,Terrell,3,0,0,30.22429013,-102.0766732,48443.0,386.59793814432993,0.0,3,3,0,0,3,3,823,0,0,0,0,0
2020-09-15,US,Texas,Terry,217,4,0,33.17402785,-102.3354521,48445.0,1758.9365323822647,1.8433179723502304,213,215,4,0,211,215,12287,2,0,0,2,0
2020-09-15,US,Texas,Throckmorton,6,2,0,33.17751417,-99.21226795,48447.0,399.7335109926715,33.333333333333336,4,6,2,0,4,6,1515,0,0,0,0,0
2020-09-15,US,Texas,Titus,1542,28,0,33.21339719,-94.96797273,48449.0,4708.396946564885,1.8158236057068744,1514,1542,28,0,1514,1542,33033,0,0,0,0,0
2020-09-15,US,Texas,Tom Green,3484,61,0,31.40464436,-100.46244300000001,48451.0,2922.8187919463094,1.7508610792192882,3423,3463,61,0,3402,3448,118189,21,0,0,21,15
2020-09-15,US,Texas,Travis,27961,412,0,30.33432034,-97.78535620000001,48453.0,2194.8202211382827,1.473480919852652,27549,27776,407,0,27369,27701,1248743,185,5,0,180,75
2020-09-15,US,Texas,Trinity,187,6,0,31.0879489,-95.1367187,48455.0,1276.3633881646304,3.2085561497326203,181,187,6,0,181,187,14740,0,0,0,0,0
2020-09-15,US,Texas,Tyler,206,4,0,30.77031716,-94.37690895,48457.0,950.5352528608342,1.9417475728155342,202,192,4,0,188,192,21696,14,0,0,14,0
2020-09-15,US,Texas,Upshur,363,9,0,32.73706798,-94.93999853,48459.0,869.3986060881853,2.479338842975207,354,361,9,0,352,361,41260,2,0,0,2,0
2020-09-15,US,Texas,Upton,22,2,0,31.36868194,-102.0423217,48461.0,601.5859994531037,9.090909090909092,20,21,2,0,19,21,3671,1,0,0,1,0
2020-09-15,US,Texas,Uvalde,741,29,0,29.35739637,-99.76229172,48463.0,2771.0257656781732,3.9136302294197027,712,740,29,0,711,739,26846,1,0,0,1,1
2020-09-15,US,Texas,Val Verde,1957,94,0,29.89149232,-101.1525205,48465.0,3991.840897501275,4.803270311701584,1863,1957,92,0,1865,1957,49208,0,2,0,-2,0
2020-09-15,US,Texas,Van Zandt,548,18,0,32.56483801,-95.83766469,48467.0,968.3689697826472,3.2846715328467155,530,540,18,0,522,540,56019,8,0,0,8,0
2020-09-15,US,Texas,Victoria,3942,88,0,28.79780988,-96.96813006,48469.0,4280.873984622735,2.2323693556570268,3854,3925,86,0,3839,3925,92035,17,2,0,15,0
2020-09-15,US,Texas,Walker,3548,53,0,30.73872995,-95.57440968,48471.0,4862.205533705171,1.4937993235625704,3495,3537,53,0,3484,3497,72480,11,0,0,11,40
2020-09-15,US,Texas,Waller,792,11,0,30.01058447,-95.99011759,48473.0,1433.587952068928,1.3888888888888888,781,784,11,0,773,778,53126,8,0,0,8,6
2020-09-15,US,Texas,Ward,117,1,0,31.50999644,-103.09279090000001,48475.0,975.162527087848,0.8547008547008547,116,115,1,0,114,115,11720,2,0,0,2,0
2020-09-15,US,Texas,Washington,613,47,0,30.21498498,-96.40946246,48477.0,1708.3774594504212,7.66721044045677,566,594,47,0,547,594,35108,19,0,0,19,0
2020-09-15,US,Texas,Webb,12733,273,0,27.7610369,-99.33237355,48479.0,4602.533146335469,2.144035184167125,12460,12676,272,0,12404,12657,275910,57,1,0,56,19
2020-09-15,US,Texas,Wharton,1285,48,0,29.27765923,-96.22319248,48481.0,3092.212917508903,3.7354085603112837,1237,1278,48,0,1230,1270,41619,7,0,0,7,8
2020-09-15,US,Texas,Wheeler,43,0,0,35.40114335,-100.26995140000001,48483.0,850.4746835443037,0.0,43,42,0,0,42,42,5191,1,0,0,1,0
2020-09-15,US,Texas,Wichita,1525,19,0,33.98842886,-98.70410340000001,48485.0,1153.2935037434772,1.2459016393442623,1506,1498,19,0,1479,1498,132064,27,0,0,27,0
2020-09-15,US,Texas,Wilbarger,128,2,0,34.07945812,-99.24178437,48487.0,1002.4277547184587,1.5625,126,124,2,0,122,124,12820,4,0,0,4,0
2020-09-15,US,Texas,Willacy,1190,46,0,26.47411727,-97.61535848,48489.0,5571.682741829761,3.865546218487395,1144,1180,46,0,1134,1180,21515,10,0,0,10,0
2020-09-15,US,Texas,Williamson,8252,134,0,30.64655664,-97.60048540000001,48491.0,1397.3390951839892,1.6238487639360155,8118,8227,134,0,8093,8143,566719,25,0,0,25,84
2020-09-15,US,Texas,Wilson,568,26,0,29.1732598,-98.08693082,48493.0,1112.1989426277657,4.577464788732393,542,566,26,0,540,566,50224,2,0,0,2,0
2020-09-15,US,Texas,Winkler,109,1,0,31.85008651,-103.04851629999999,48495.0,1360.7990012484395,0.9174311926605504,108,106,1,0,105,106,7720,3,0,0,3,0
2020-09-15,US,Texas,Wise,703,13,0,33.21570665,-97.65460265,48497.0,1004.5153177869228,1.8492176386913228,690,689,13,0,676,689,68305,14,0,0,14,0
2020-09-15,US,Texas,Wood,466,20,0,32.78722382,-95.38236368,48499.0,1023.2987109949713,4.291845493562231,446,452,18,0,434,452,45129,14,2,0,12,0
2020-09-15,US,Texas,Yoakum,190,4,0,33.17320212,-102.82764329999999,48501.0,2180.6496040399397,2.1052631578947367,186,183,4,0,179,183,8591,7,0,0,7,0
2020-09-15,US,Texas,Young,252,6,0,33.17659707,-98.68790885,48503.0,1399.222654081066,2.380952380952381,246,246,6,0,240,246,18045,6,0,0,6,0
2020-09-15,US,Texas,Zapata,320,5,0,27.00156391,-99.16987152,48505.0,2256.8587347485723,1.5625,315,317,5,0,312,317,14190,3,0,0,3,0
2020-09-15,US,Texas,Zavala,283,15,0,28.86617238,-99.76050829,48507.0,2390.2027027027025,5.300353356890461,268,282,14,0,268,282,11983,1,1,0,0,0
2020-09-15,US,Utah,Bear River,2885,11,0,41.52106798,-113.08328159999999,0.0,1544.2837413953687,0.3812824956672444,2874,2852,11,0,2841,2826,,33,0,0,33,26
2020-09-15,US,Utah,Central Utah,563,3,0,39.37231946,-111.5758676,0.0,686.970739683237,0.5328596802841918,560,559,3,0,556,553,,4,0,0,4,6
2020-09-15,US,Utah,Davis,4440,28,0,40.99001837,-112.1139997,49011.0,1249.011902183239,0.6306306306306306,4412,4384,28,0,4356,4350,351713,56,0,0,56,34
2020-09-15,US,Utah,Salt Lake,26451,243,0,40.66616532,-111.92160109999999,49035.0,2279.3999157214053,0.9186798230690713,26208,26255,243,0,26012,26014,1152633,196,0,0,196,241
2020-09-15,US,Utah,San Juan,684,29,0,37.62762978,-109.80337140000002,49037.0,4468.251894434283,4.239766081871345,655,682,29,0,653,680,15449,2,0,0,2,2
2020-09-15,US,Utah,Southeast Utah,166,1,0,38.99617072,-110.70139579999999,0.0,412.6376494568595,0.6024096385542169,165,166,1,0,165,166,,0,0,0,0,0
2020-09-15,US,Utah,Southwest Utah,3880,29,0,37.85447192,-111.4418764,0.0,1539.4259686877585,0.7474226804123711,3851,3852,29,0,3823,3838,,28,0,0,28,14
2020-09-15,US,Utah,Summit,923,1,0,40.86688146,-110.9535882,49043.0,2190.0581326373235,0.10834236186348864,922,919,1,0,918,914,41933,4,0,0,4,5
2020-09-15,US,Utah,Tooele,773,0,0,40.44862644,-113.12957150000001,49045.0,1069.762936104845,0.0,773,770,0,0,770,768,69907,3,0,0,3,2
2020-09-15,US,Utah,TriCounty,227,2,0,40.12491499,-109.5174415,0.0,400.90424216735545,0.8810572687224669,225,226,2,0,224,226,,1,0,0,1,0
2020-09-15,US,Utah,Utah,13528,53,0,40.116672200000004,-111.66576620000001,49049.0,2126.2583793724016,0.3917800118273211,13475,13330,53,0,13277,13120,622213,198,0,0,198,210
2020-09-15,US,Utah,Wasatch,675,7,0,40.33110236,-111.1691419,49051.0,1979.9947200140805,1.037037037037037,668,671,7,0,664,671,33240,4,0,0,4,0
2020-09-15,US,Utah,Weber-Morgan,3805,29,0,41.27116049,-111.9145117,0.0,1397.166011228735,0.7621550591327201,3776,3772,29,0,3743,3749,,33,0,0,33,23
2020-09-15,US,Vermont,Addison,82,2,0,44.03217337,-73.14130877,50001.0,222.9654403567447,2.4390243902439024,80,82,2,0,80,82,36973,0,0,0,0,0
2020-09-15,US,Vermont,Bennington,108,1,0,43.03519828,-73.09048868,50003.0,304.4826614040033,0.925925925925926,107,109,1,0,108,108,35631,-1,0,0,-1,1
2020-09-15,US,Vermont,Caledonia,34,0,0,44.46548598,-72.10314651,50005.0,113.35978394958825,0.0,34,34,0,0,34,34,30302,0,0,0,0,0
2020-09-15,US,Vermont,Chittenden,821,39,0,44.46322849,-73.08359212,50007.0,501.30057274048386,4.7503045066991465,782,818,39,0,779,814,164572,3,0,0,3,4
2020-09-15,US,Vermont,Essex,6,0,0,44.72736416,-71.73579864,50009.0,97.35518416355671,0.0,6,6,0,0,6,6,6250,0,0,0,0,0
2020-09-15,US,Vermont,Franklin,123,7,0,44.85627605,-72.91249563,50011.0,248.97777417918306,5.691056910569106,116,123,7,0,116,123,49421,0,0,0,0,0
2020-09-15,US,Vermont,Grand Isle,14,0,0,44.797582399999996,-73.29679772,50013.0,193.503800967519,0.0,14,14,0,0,14,13,7090,0,0,0,0,1
2020-09-15,US,Vermont,Lamoille,51,1,0,44.60353043,-72.64356694,50015.0,201.0882422521883,1.96078431372549,50,50,1,0,49,48,25300,1,0,0,1,2
2020-09-15,US,Vermont,Orange,22,0,0,44.00470222,-72.37640104,50017.0,76.14564585352346,0.0,22,22,0,0,22,22,28999,0,0,0,0,0
2020-09-15,US,Vermont,Orleans,22,0,0,44.82964024,-72.24562697,50019.0,81.3699744794171,0.0,22,22,0,0,22,22,26907,0,0,0,0,0
2020-09-15,US,Vermont,Rutland,129,1,0,43.57723578,-73.03741676,50021.0,221.68376553075214,0.7751937984496124,128,128,1,0,127,128,58672,1,0,0,1,0
2020-09-15,US,Vermont,Unassigned,8,0,0,0.0,0.0,90050.0,0.0,0.0,8,8,0,0,8,8,,0,0,0,0,0
2020-09-15,US,Vermont,Washington,76,2,0,44.27343241,-72.61604978,50023.0,130.11693403413858,2.631578947368421,74,74,2,0,72,71,58140,2,0,0,2,3
2020-09-15,US,Vermont,Windham,123,3,0,42.986982,-72.71268875,50025.0,291.3173227227512,2.4390243902439024,120,123,3,0,120,123,42756,0,0,0,0,0
2020-09-15,US,Vermont,Windsor,83,2,0,43.58010937,-72.58595157,50027.0,150.73916675747338,2.409638554216868,81,83,2,0,81,82,55286,0,0,0,0,1
2020-09-15,US,Virginia,Accomack,1161,19,0,37.76707161,-75.63234615,51001.0,3592.6476049015973,1.6365202411714042,1142,1161,19,0,1142,1159,32412,0,0,0,0,2
2020-09-15,US,Virginia,Albemarle,1140,19,0,38.02080697,-78.55481085,51003.0,1042.714716912101,1.6666666666666667,1121,1140,19,0,1121,1137,108718,0,0,0,0,3
2020-09-15,US,Virginia,Alexandria,3615,65,0,38.814003,-77.08183073,51510.0,2267.481245452493,1.798063623789765,3550,3613,62,0,3551,3602,160530,2,3,0,-1,11
2020-09-15,US,Virginia,Alleghany,75,4,0,37.78636074,-80.00222498,51005.0,504.7106325706594,5.333333333333333,71,76,4,0,72,74,14910,-1,0,0,-1,2
2020-09-15,US,Virginia,Amelia,120,3,0,37.34081025,-77.98584649,51007.0,912.8946367440093,2.5,117,120,3,0,117,120,13013,0,0,0,0,0
2020-09-15,US,Virginia,Amherst,351,3,0,37.60308293,-79.14548696,51009.0,1110.5837683910777,0.8547008547008547,348,345,2,0,343,343,31666,6,1,0,5,2
2020-09-15,US,Virginia,Appomattox,197,2,0,37.37569884,-78.81340003,51011.0,1238.137137829175,1.0152284263959392,195,195,1,0,194,193,15841,2,1,0,1,2
2020-09-15,US,Virginia,Arlington,3759,145,0,38.8767675,-77.10139853,51013.0,1587.1340387262396,3.8574088853418464,3614,3741,145,0,3596,3727,237521,18,0,0,18,14
2020-09-15,US,Virginia,Augusta,436,7,0,38.16404586,-79.12461614,51015.0,577.0401545832341,1.6055045871559632,429,429,4,0,425,423,75457,7,3,0,4,6
2020-09-15,US,Virginia,Bath,4,0,0,38.05852573,-79.73912095,51017.0,96.45526886906195,0.0,4,4,0,0,4,4,4292,0,0,0,0,0
2020-09-15,US,Virginia,Bedford,663,9,0,37.3080028,-79.5281964,51019.0,839.2723774320543,1.3574660633484164,654,662,9,0,653,660,78747,1,0,0,1,2
2020-09-15,US,Virginia,Bland,64,2,0,37.13128068,-81.13599391,51021.0,1019.108280254777,3.125,62,64,1,0,63,64,6293,0,1,0,-1,0
2020-09-15,US,Virginia,Botetourt,278,10,0,37.55531756,-79.80982182,51023.0,831.8621143660791,3.5971223021582728,268,277,10,0,267,277,33277,1,0,0,1,0
2020-09-15,US,Virginia,Bristol,169,2,0,36.616302399999995,-82.16359122,51520.0,1008.2329077675696,1.183431952662722,167,165,2,0,163,164,16482,4,0,0,4,1
2020-09-15,US,Virginia,Brunswick,333,3,0,36.76366949,-77.8593436,51025.0,2051.6295976834454,0.9009009009009008,330,332,2,0,330,331,16384,1,1,0,0,1
2020-09-15,US,Virginia,Buchanan,111,2,0,37.26818323,-82.03749726,51027.0,528.4707674728623,1.8018018018018016,109,112,2,0,110,112,21221,-1,0,0,-1,0
2020-09-15,US,Virginia,Buckingham,670,8,0,37.57242268,-78.52518834,51029.0,3907.16118497784,1.1940298507462686,662,665,8,0,657,665,16999,5,0,0,5,0
2020-09-15,US,Virginia,Buena Vista,78,1,0,37.73484642,-79.35296097,51530.0,1204.0753318925595,1.2820512820512822,77,77,1,0,76,77,6237,1,0,0,1,0
2020-09-15,US,Virginia,Campbell,385,3,0,37.20553386,-79.09678609,51031.0,701.4667031064954,0.7792207792207793,382,384,3,0,381,383,54973,1,0,0,1,1
2020-09-15,US,Virginia,Caroline,299,5,0,38.02679129,-77.34901405,51033.0,973.1489015459724,1.6722408026755853,294,299,5,0,294,299,30772,0,0,0,0,0
2020-09-15,US,Virginia,Carroll,463,21,0,36.73066666,-80.73455942,51035.0,1554.1606525460709,4.535637149028077,442,461,20,0,441,460,29636,2,1,0,1,1
2020-09-15,US,Virginia,Charles City,77,5,0,37.35358063,-77.05634116,51036.0,1105.8451816745655,6.493506493506493,72,76,5,0,71,76,6941,1,0,0,1,0
2020-09-15,US,Virginia,Charlotte,97,0,0,37.01909701,-78.66314092,51037.0,816.4983164983165,0.0,97,96,0,0,96,96,11938,1,0,0,1,0
2020-09-15,US,Virginia,Charlottesville,923,25,0,38.03527919,-78.48569588,51540.0,1952.7778953158718,2.708559046587216,898,922,24,0,898,908,48117,1,1,0,0,14
2020-09-15,US,Virginia,Chesapeake,4096,53,0,36.67670048,-76.30545744,51550.0,1672.9634243470093,1.2939453125,4043,4086,49,0,4037,4067,242634,10,4,0,6,19
2020-09-15,US,Virginia,Chesterfield,5593,87,0,37.37373208,-77.58680140000001,51041.0,1585.3084733079745,1.5555158233506168,5506,5558,86,0,5472,5540,348556,35,1,0,34,18
2020-09-15,US,Virginia,Clarke,88,0,0,39.11271747,-77.99199425,51043.0,601.9563581640331,0.0,88,87,0,0,87,87,14523,1,0,0,1,0
2020-09-15,US,Virginia,Colonial Heights,240,23,0,37.26420587,-77.39609676,51570.0,1381.692573402418,9.583333333333334,217,240,23,0,217,240,17833,0,0,0,0,0
2020-09-15,US,Virginia,Covington,29,0,0,37.7824656,-79.98631446,51580.0,523.6547490068617,0.0,29,29,0,0,29,29,5460,0,0,0,0,0
2020-09-15,US,Virginia,Craig,26,0,0,37.48133648,-80.21072274,51045.0,506.72383550964724,0.0,26,26,0,0,26,25,5064,0,0,0,0,1
2020-09-15,US,Virginia,Culpeper,1167,16,0,38.48199985,-77.95630870000002,51047.0,2218.4203022526376,1.3710368466152527,1151,1163,14,0,1149,1159,51859,4,2,0,2,4
2020-09-15,US,Virginia,Cumberland,102,1,0,37.51328851,-78.24398086,51049.0,1026.983487716472,0.9803921568627452,101,102,0,0,102,102,9809,0,1,0,-1,0
2020-09-15,US,Virginia,Danville,767,20,0,36.58022376,-79.40395668,51590.0,1915.3930676256118,2.607561929595828,747,756,20,0,736,745,40693,11,0,0,11,11
2020-09-15,US,Virginia,Dickenson,79,1,0,37.12560977,-82.35124171,51051.0,551.7530381338175,1.2658227848101269,78,79,1,0,78,79,14523,0,0,0,0,0
2020-09-15,US,Virginia,Dinwiddie,341,9,0,37.07544585,-77.63451754,51053.0,1194.6468609865472,2.6392961876832843,332,336,8,0,328,336,28529,5,1,0,4,0
2020-09-15,US,Virginia,Emporia,244,22,0,36.69455571,-77.53406129,51595.0,4564.160119715675,9.016393442622949,222,243,19,0,224,242,5121,1,3,0,-2,1
2020-09-15,US,Virginia,Essex,163,2,0,37.93357639,-76.94230311,51057.0,1488.1767552268784,1.2269938650306749,161,162,2,0,160,162,10919,1,0,0,1,0
2020-09-15,US,Virginia,Fairfax,19732,569,0,38.83677558,-77.27565836,51059.0,1719.516318499179,2.8836407865396314,19163,19658,568,0,19090,19601,1150795,74,1,0,73,57
2020-09-15,US,Virginia,Fairfax,19732,569,0,38.83677558,-77.27565836,51059.0,1719.516318499179,2.8836407865396314,19163,19658,568,0,19090,19601,24574,74,1,0,73,57
2020-09-15,US,Virginia,Fairfax City,131,7,0,38.85157547,-77.29779640000002,51600.0,545.4015571006287,5.343511450381679,124,129,7,0,122,128,24574,2,0,0,2,1
2020-09-15,US,Virginia,Falls Church,67,7,0,38.88485255,-77.17560759,51610.0,458.3703906410344,10.447761194029852,60,67,7,0,60,67,14772,0,0,0,0,0
2020-09-15,US,Virginia,Fauquier,866,21,0,38.73564842,-77.80647472,51061.0,1215.9164303164753,2.424942263279445,845,864,21,0,843,861,70675,2,0,0,2,3
2020-09-15,US,Virginia,Floyd,184,4,0,36.9302126,-80.36738849,51063.0,1168.3281478189092,2.1739130434782608,180,184,3,0,181,181,15795,0,1,0,-1,3
2020-09-15,US,Virginia,Fluvanna,247,9,0,37.84157909,-78.27715475,51065.0,905.7572423909056,3.643724696356276,238,247,9,0,238,246,26783,0,0,0,0,1
2020-09-15,US,Virginia,Franklin,194,1,0,36.99536167,-79.88023649,51067.0,346.1689447200313,0.5154639175257731,193,194,1,0,193,194,56195,0,0,0,0,0
2020-09-15,US,Virginia,Franklin,194,1,0,36.99536167,-79.88023649,51067.0,346.1689447200313,0.5154639175257731,193,194,1,0,193,194,8013,0,0,0,0,0
2020-09-15,US,Virginia,Franklin City,377,9,0,36.6831435,-76.93859681,51620.0,4732.019580770679,2.3872679045092844,368,376,9,0,367,372,8013,1,0,0,1,4
2020-09-15,US,Virginia,Frederick,821,11,0,39.20172582,-78.25974949,51069.0,919.239080536988,1.3398294762484777,810,815,11,0,804,813,88355,6,0,0,6,2
2020-09-15,US,Virginia,Fredericksburg,518,5,0,38.2977863,-77.4922454,51630.0,1783.9922854387655,0.9652509652509652,513,516,4,0,512,515,29144,2,1,0,1,1
2020-09-15,US,Virginia,Galax,406,30,0,36.66601852,-80.91703124,51640.0,6396.722861194266,7.389162561576356,376,406,28,0,378,405,6423,0,2,0,-2,1
2020-09-15,US,Virginia,Giles,71,0,0,37.31234791,-80.70636931,51071.0,424.64114832535887,0.0,71,69,0,0,69,67,16844,2,0,0,2,2
2020-09-15,US,Virginia,Gloucester,227,2,0,37.40809042,-76.53524337,51073.0,607.7969369176394,0.8810572687224669,225,226,2,0,224,223,37349,1,0,0,1,3
2020-09-15,US,Virginia,Goochland,252,7,0,37.71714806,-77.90381514,51075.0,1060.918620805793,2.7777777777777777,245,249,7,0,242,247,23244,3,0,0,3,2
2020-09-15,US,Virginia,Grayson,290,8,0,36.65677234,-81.23215889,51077.0,1864.951768488746,2.7586206896551726,282,289,8,0,281,287,15631,1,0,0,1,2
2020-09-15,US,Virginia,Greene,207,3,0,38.29545894,-78.46525378,51079.0,1044.4522932539483,1.4492753623188406,204,207,3,0,204,206,19779,0,0,0,0,1
2020-09-15,US,Virginia,Greensville,740,11,0,36.67878901,-77.56351439,51081.0,6527.87579393084,1.4864864864864864,729,739,11,0,728,735,11627,1,0,0,1,4
2020-09-15,US,Virginia,Halifax,297,4,0,36.76654925,-78.93512622,51083.0,875.8220046592551,1.3468013468013469,293,292,4,0,288,289,34120,5,0,0,5,3
2020-09-15,US,Virginia,Hampton,1730,19,0,37.03513786,-76.35879121,51650.0,1286.1497286447106,1.0982658959537572,1711,1723,17,0,1706,1714,134313,7,2,0,5,9
2020-09-15,US,Virginia,Hanover,1187,35,0,37.7583355,-77.49464673,51085.0,1101.4605719800309,2.9486099410278013,1152,1124,35,0,1089,1090,107239,63,0,0,63,34
2020-09-15,US,Virginia,Harrisonburg,2269,34,0,38.43542574,-78.87536254,51660.0,4279.840048287309,1.498457470251212,2235,2184,34,0,2150,2148,54033,85,0,0,85,36
2020-09-15,US,Virginia,Henrico,5079,203,0,37.53460572,-77.39326555,51087.0,1535.2852625915154,3.996849773577476,4876,5068,198,0,4870,5037,329261,11,5,0,6,31
2020-09-15,US,Virginia,Henry,963,18,0,36.68542395,-79.87634026,51089.0,1904.780742528236,1.8691588785046729,945,957,16,0,941,953,50953,6,2,0,4,4
2020-09-15,US,Virginia,Highland,6,0,0,38.35799465,-79.56124594,51091.0,273.97260273972597,0.0,6,6,0,0,6,6,2210,0,0,0,0,0
2020-09-15,US,Virginia,Hopewell,373,5,0,37.29186313,-77.29754684,51670.0,1655.6438368325269,1.3404825737265416,368,370,5,0,365,367,22596,3,0,0,3,3
2020-09-15,US,Virginia,Isle of Wight,666,14,0,36.90579348,-76.70842863,51093.0,1794.7128728879786,2.1021021021021022,652,652,12,0,640,647,36953,14,2,0,12,5
2020-09-15,US,Virginia,James City,801,19,0,37.31156958,-76.76950618,51095.0,1046.7441161480865,2.3720349563046192,782,799,18,0,781,793,76397,2,1,0,1,6
2020-09-15,US,Virginia,King George,224,4,0,38.26818502,-77.15852768,51099.0,834.6996571769266,1.7857142857142858,220,224,4,0,220,224,26575,0,0,0,0,0
2020-09-15,US,Virginia,King William,140,2,0,37.70965316,-77.09384941,51101.0,816.4217401446233,1.4285714285714286,138,135,2,0,133,135,16939,5,0,0,5,0
2020-09-15,US,Virginia,King and Queen,65,1,0,37.71044922,-76.88689628,51097.0,925.2669039145908,1.5384615384615383,64,65,1,0,64,65,7042,0,0,0,0,0
2020-09-15,US,Virginia,Lancaster,111,0,0,37.71889653,-76.46400482,51103.0,1046.873526360464,0.0,111,110,0,0,110,101,10783,1,0,0,1,9
2020-09-15,US,Virginia,Lee,248,6,0,36.70586667,-83.12606515,51105.0,1058.7883704051574,2.419354838709677,242,247,5,0,242,246,23541,1,1,0,0,1
2020-09-15,US,Virginia,Lexington,47,1,0,37.78258621,-79.44262866,51678.0,631.2113886650552,2.127659574468085,46,47,1,0,46,47,7136,0,0,0,0,0
2020-09-15,US,Virginia,Loudoun,6489,119,0,39.08990083,-77.63481877,51107.0,1569.1423762749735,1.8338727076591157,6370,6449,118,0,6331,6443,406850,40,1,0,39,6
2020-09-15,US,Virginia,Louisa,273,4,0,37.97850256,-77.96274807,51109.0,726.2376632704637,1.465201465201465,269,272,3,0,269,270,36778,1,1,0,0,2
2020-09-15,US,Virginia,Lunenburg,107,2,0,36.94618528,-78.24133319,51111.0,877.3368317481143,1.8691588785046729,105,107,2,0,105,106,12086,0,0,0,0,1
2020-09-15,US,Virginia,Lynchburg,1207,8,0,37.40021399,-79.19888138,51680.0,1468.9416804595462,0.6628003314001657,1199,1192,7,0,1185,1180,82126,15,1,0,14,12
2020-09-15,US,Virginia,Madison,99,3,0,38.41531222,-78.28220331,51113.0,746.5500339340924,3.0303030303030303,96,98,2,0,96,96,13295,1,1,0,0,2
2020-09-15,US,Virginia,Manassas,1869,24,0,38.7464321,-77.48509905,51683.0,4549.105512960935,1.2841091492776886,1845,1864,24,0,1840,1861,41641,5,0,0,5,3
2020-09-15,US,Virginia,Manassas Park,597,8,0,38.77058531,-77.44399307,51685.0,3415.7226227257124,1.340033500837521,589,595,8,0,587,594,17307,2,0,0,2,1
2020-09-15,US,Virginia,Martinsville,366,9,0,36.68212094,-79.86352771,51690.0,2915.405448462641,2.459016393442623,357,363,7,0,356,359,12902,3,2,0,1,4
2020-09-15,US,Virginia,Mathews,25,0,0,37.44164146,-76.34098896,51115.0,282.9975096219153,0.0,25,25,0,0,25,23,8802,0,0,0,0,2
2020-09-15,US,Virginia,Mecklenburg,634,33,0,36.67882005,-78.36131056,51117.0,2072.7760159544905,5.205047318611987,601,635,33,0,602,634,30650,-1,0,0,-1,1
2020-09-15,US,Virginia,Middlesex,81,8,0,37.63191998,-76.55064617,51119.0,765.4507654507654,9.876543209876543,73,78,4,0,74,77,10769,3,4,0,-1,1
2020-09-15,US,Virginia,Montgomery,1515,4,0,37.17746986,-80.37868691,51121.0,1537.5247374029532,0.26402640264026395,1511,1487,4,0,1483,1395,98985,28,0,0,28,92
2020-09-15,US,Virginia,Nelson,93,1,0,37.78790447,-78.88498513,51125.0,622.9068988613527,1.075268817204301,92,92,0,0,92,92,14836,1,1,0,0,0
2020-09-15,US,Virginia,New Kent,168,2,0,37.50694406,-76.99828634,51127.0,727.5561907236586,1.1904761904761905,166,168,2,0,166,167,22391,0,0,0,0,1
2020-09-15,US,Virginia,Newport News,2591,32,0,37.08166899,-76.51754109,51700.0,1445.668852001674,1.2350443844075647,2559,2586,28,0,2558,2573,178626,5,4,0,1,13
2020-09-15,US,Virginia,Norfolk,4676,66,0,36.89934014,-76.26420872,51710.0,1926.325069415264,1.4114627887082978,4610,4651,61,0,4590,4647,244076,25,5,0,20,4
2020-09-15,US,Virginia,Northampton,304,29,0,37.34062933,-75.87751591,51131.0,2596.071733561059,9.539473684210526,275,304,29,0,275,304,11735,0,0,0,0,0
2020-09-15,US,Virginia,Northumberland,123,5,0,37.89202088,-76.41949732,51133.0,1016.9491525423728,4.0650406504065035,118,116,5,0,111,114,12147,7,0,0,7,2
2020-09-15,US,Virginia,Norton,33,0,0,36.93357076,-82.62750411,51720.0,828.9374529012813,0.0,33,32,0,0,32,32,3968,1,0,0,1,0
2020-09-15,US,Virginia,Nottoway,233,15,0,37.1435975,-78.05065922,51135.0,1529.6743697478992,6.437768240343348,218,221,15,0,206,221,15420,12,0,0,12,0
2020-09-15,US,Virginia,Orange,289,4,0,38.24530219,-78.01560400000002,51137.0,780.0059377614639,1.3840830449826989,285,286,4,0,282,284,36644,3,0,0,3,2
2020-09-15,US,Virginia,Page,376,28,0,38.61807452,-78.48797204,51139.0,1573.0901179817588,7.446808510638298,348,374,27,0,347,371,23933,2,1,0,1,3
2020-09-15,US,Virginia,Patrick,255,18,0,36.680163799999995,-80.2865648,51141.0,1448.2053611994547,7.0588235294117645,237,250,14,0,236,250,17673,5,4,0,1,0
2020-09-15,US,Virginia,Petersburg,691,24,0,37.20530399,-77.39368102,51730.0,2204.4279971926244,3.4732272069464543,667,691,23,0,668,684,31567,0,1,0,-1,7
2020-09-15,US,Virginia,Pittsylvania,914,7,0,36.81980341,-79.39731264,51143.0,1514.3983828743744,0.7658643326039387,907,906,7,0,899,906,60949,8,0,0,8,0
2020-09-15,US,Virginia,Poquoson,76,1,0,37.14259351,-76.35798148,51735.0,619.3464265341048,1.3157894736842106,75,75,1,0,74,76,12190,1,0,0,1,-1
2020-09-15,US,Virginia,Portsmouth,2424,46,0,36.85914825,-76.35971629,51740.0,2567.851013792665,1.8976897689768977,2378,2391,45,0,2346,2391,94632,33,1,0,32,0
2020-09-15,US,Virginia,Powhatan,207,5,0,37.55016038,-77.91267882,51145.0,698.0979360582761,2.415458937198068,202,203,5,0,198,203,29189,4,0,0,4,0
2020-09-15,US,Virginia,Prince Edward,541,12,0,37.22554789,-78.43597949,51147.0,2372.5988948337867,2.2181146025878005,529,530,12,0,518,529,22950,11,0,0,11,1
2020-09-15,US,Virginia,Prince George,689,4,0,37.18497668,-77.22922187,51149.0,1796.4696373165073,0.5805515239477503,685,685,2,0,683,682,38082,4,2,0,2,3
2020-09-15,US,Virginia,Prince William,11765,193,0,38.70916224,-77.48713689,51153.0,2501.408570486993,1.640458988525287,11572,11688,191,0,11497,11665,468011,77,2,0,75,23
2020-09-15,US,Virginia,Pulaski,188,3,0,37.06474963,-80.71229738,51155.0,552.5024245452141,1.5957446808510638,185,182,3,0,179,175,34066,6,0,0,6,7
2020-09-15,US,Virginia,Radford,685,0,0,37.12222899,-80.56027320000003,51750.0,3753.630335908817,0.0,685,669,0,0,669,661,18339,16,0,0,16,8
2020-09-15,US,Virginia,Rappahannock,62,2,0,38.68295619,-78.15826963,51157.0,841.248303934871,3.2258064516129035,60,60,2,0,58,59,7252,2,0,0,2,1
2020-09-15,US,Virginia,Richmond,338,4,0,37.937575,-76.72920628,51159.0,3745.982489194281,1.183431952662722,334,337,4,0,333,338,9038,1,0,0,1,-1
2020-09-15,US,Virginia,Richmond City,4363,55,0,37.53255773,-77.47966921,51760.0,1893.3673557951013,1.2606005042402018,4308,4336,50,0,4286,4317,228783,27,5,0,22,19
2020-09-15,US,Virginia,Roanoke,715,5,0,37.26865804,-80.06396753,51161.0,759.1361773511987,0.6993006993006993,710,710,5,0,705,702,94073,5,0,0,5,8
2020-09-15,US,Virginia,Roanoke City,1394,15,0,37.27791025,-79.96189766,51770.0,1406.0498471904218,1.0760401721664274,1379,1391,15,0,1376,1373,99920,3,0,0,3,18
2020-09-15,US,Virginia,Rockbridge,92,2,0,37.81204314,-79.44605905,51163.0,407.5665618216453,2.1739130434782608,90,90,2,0,88,90,22752,2,0,0,2,0
2020-09-15,US,Virginia,Rockingham,1294,20,0,38.51006137,-78.87260325,51165.0,1579.0501293503198,1.545595054095827,1274,1278,20,0,1258,1262,81244,16,0,0,16,16
2020-09-15,US,Virginia,Russell,219,4,0,36.93028320000001,-82.10095486,51167.0,823.7418190024823,1.8264840182648399,215,212,4,0,208,212,26748,7,0,0,7,0
2020-09-15,US,Virginia,Salem,252,4,0,37.2836193,-80.06219455,51775.0,996.0080629224144,1.5873015873015872,248,252,4,0,248,248,25643,0,0,0,0,4
2020-09-15,US,Virginia,Scott,176,4,0,36.71466456,-82.60171704,51169.0,816.0994157470093,2.272727272727273,172,174,4,0,170,174,21534,2,0,0,2,0
2020-09-15,US,Virginia,Shenandoah,791,55,0,38.85905135,-78.56813762,51171.0,1813.5546588407929,6.95322376738306,736,790,51,0,739,789,43497,1,4,0,-3,1
2020-09-15,US,Virginia,Smyth,402,7,0,36.84455636,-81.53344948,51173.0,1335.3707148551687,1.7412935323383083,395,397,6,0,391,393,30472,5,1,0,4,4
2020-09-15,US,Virginia,Southampton,474,16,0,36.72231125,-77.10642712,51175.0,2688.4464863025355,3.3755274261603376,458,466,14,0,452,407,17586,8,2,0,6,59
2020-09-15,US,Virginia,Spotsylvania,2029,41,0,38.18574462,-77.655399,51177.0,1489.5569504092796,2.020699852143913,1988,2014,39,0,1975,2011,134238,15,2,0,13,3
2020-09-15,US,Virginia,Stafford,1872,14,0,38.41758738,-77.45917053,51179.0,1224.473777161471,0.7478632478632479,1858,1869,13,0,1856,1858,149960,3,1,0,2,11
2020-09-15,US,Virginia,Staunton,219,0,0,38.15965544,-79.05979937,51790.0,878.3892186747954,0.0,219,210,0,0,210,205,24922,9,0,0,9,5
2020-09-15,US,Virginia,Suffolk,1858,64,0,36.70155394,-76.63603554,51800.0,2017.1972032831025,3.444564047362756,1794,1842,63,0,1779,1835,91185,16,1,0,15,7
2020-09-15,US,Virginia,Surry,104,3,0,37.11781893,-76.88450012,51181.0,1619.4331983805664,2.8846153846153846,101,101,3,0,98,101,6474,3,0,0,3,0
2020-09-15,US,Virginia,Sussex,374,10,0,36.92432914,-77.25791182,51183.0,3351.5547988170983,2.6737967914438503,364,374,9,0,365,367,11237,0,1,0,-1,7
2020-09-15,US,Virginia,Tazewell,231,2,0,37.12191123,-81.56685568,51185.0,569.0355955166892,0.8658008658008658,229,232,2,0,230,232,40855,-1,0,0,-1,0
2020-09-15,US,Virginia,Virginia Beach,6523,74,0,36.73285734,-76.04566934,51810.0,1449.6393124936108,1.1344473401808983,6449,6482,72,0,6410,6453,450189,41,2,0,39,29
2020-09-15,US,Virginia,Warren,407,6,0,38.90847745,-78.20280433,51187.0,1013.3452843342296,1.4742014742014742,401,405,6,0,399,404,40003,2,0,0,2,1
2020-09-15,US,Virginia,Washington,489,14,0,36.72341572,-81.95666289,51191.0,909.9367324153328,2.8629856850715747,475,475,14,0,461,470,54402,14,0,0,14,5
2020-09-15,US,Virginia,Waynesboro,248,3,0,38.06451466,-78.90293905,51820.0,1095.8904109589039,1.2096774193548387,245,243,3,0,240,241,22628,5,0,0,5,2
2020-09-15,US,Virginia,Westmoreland,242,3,0,38.11021557,-76.80213247,51193.0,1343.3250069386622,1.2396694214876034,239,241,3,0,238,238,17830,1,0,0,1,3
2020-09-15,US,Virginia,Williamsburg,167,7,0,37.28131268,-76.70905141,51830.0,1116.7580580446704,4.1916167664670665,160,163,6,0,157,164,14896,4,1,0,3,-1
2020-09-15,US,Virginia,Winchester,471,4,0,39.17054517,-78.17325058,51840.0,1677.4699052639078,0.8492569002123143,467,468,4,0,464,467,28108,3,0,0,3,1
2020-09-15,US,Virginia,Wise,382,7,0,36.9746148,-82.62410519,51195.0,1021.8548538105556,1.8324607329842928,375,382,6,0,376,380,38012,0,1,0,-1,2
2020-09-15,US,Virginia,Wythe,209,3,0,36.91582035,-81.07834059,51197.0,728.6292009482637,1.4354066985645932,206,206,3,0,203,204,28754,3,0,0,3,2
2020-09-15,US,Virginia,York,509,6,0,37.24374789,-76.54412815,51199.0,745.4598711189221,1.1787819253438114,503,507,6,0,501,506,67846,2,0,0,2,1
2020-09-15,US,Washington,Adams,768,9,0,46.98299757,-118.56017340000001,53001.0,3843.266776760246,1.171875,759,763,9,0,754,746,19759,5,0,0,5,17
2020-09-15,US,Washington,Asotin,68,2,0,46.18894415,-117.2022851,53003.0,301.12478965547785,2.9411764705882355,66,63,2,0,61,63,22610,5,0,0,5,0
2020-09-15,US,Washington,Benton,4347,126,0,46.23946995,-119.51208340000001,53005.0,2126.8163804491414,2.898550724637681,4221,4338,126,0,4212,4329,201877,9,0,0,9,9
2020-09-15,US,Washington,Chelan,1812,14,0,47.87046092,-120.6173956,53007.0,2347.1502590673576,0.7726269315673289,1798,1809,13,0,1796,1796,77036,3,1,0,2,13
2020-09-15,US,Washington,Clallam,217,1,0,48.04754642,-123.92263190000001,53009.0,280.61191501467715,0.4608294930875576,216,216,1,0,215,215,76737,1,0,0,1,1
2020-09-15,US,Washington,Clark,2483,60,0,45.77568046,-122.48292040000001,53011.0,508.56032164443377,2.416431735803464,2423,2437,60,0,2377,2430,481857,46,0,0,46,7
2020-09-15,US,Washington,Columbia,14,1,0,46.29442881,-117.9051983,53013.0,351.3174404015057,7.142857142857142,13,14,1,0,13,14,4059,0,0,0,0,0
2020-09-15,US,Washington,Cowlitz,580,6,0,46.19074721,-122.6782231,53015.0,524.4454893166836,1.0344827586206895,574,577,6,0,571,575,108987,3,0,0,3,2
2020-09-15,US,Washington,Douglas,1170,9,0,47.7361335,-119.69293700000001,53017.0,2694.052361325381,0.7692307692307693,1161,1170,9,0,1161,1168,42907,0,0,0,0,2
2020-09-15,US,Washington,Ferry,29,0,0,48.471143100000006,-118.5154041,53019.0,380.22813688212926,0.0,29,29,0,0,29,29,7649,0,0,0,0,0
2020-09-15,US,Washington,Franklin,4135,61,0,46.53351425,-118.9018212,53021.0,4342.483879775682,1.4752116082224909,4074,4131,59,0,4072,4113,94347,4,2,0,2,18
2020-09-15,US,Washington,Garfield,10,0,0,46.43197502,-117.54540320000001,53023.0,449.438202247191,0.0,10,10,0,0,10,10,2247,0,0,0,0,0
2020-09-15,US,Washington,Grant,2681,18,0,47.20753737,-119.4500749,53025.0,2743.188073629173,0.6713912719134651,2663,2663,18,0,2645,2610,97331,18,0,0,18,53
2020-09-15,US,Washington,Grays Harbor,367,6,0,47.14003705,-123.7820567,53027.0,488.9356656585977,1.6348773841961852,361,363,6,0,357,355,73901,4,0,0,4,8
2020-09-15,US,Washington,Island,281,11,0,48.14713305,-122.5216407,53029.0,330.0407559225285,3.9145907473309607,270,278,11,0,267,278,84460,3,0,0,3,0
2020-09-15,US,Washington,Jefferson,71,0,0,47.75003077,-123.56097040000002,53031.0,220.35318581049626,0.0,71,71,0,0,71,71,31729,0,0,0,0,0
2020-09-15,US,Washington,King,20960,748,0,47.49137892,-121.8346131,53033.0,930.4051612628296,3.5687022900763363,20212,20912,747,0,20165,20863,2233163,48,1,0,47,49
2020-09-15,US,Washington,Kitsap,1107,11,0,47.63479026,-122.6436061,53035.0,407.7753588754682,0.9936766034327009,1096,1104,11,0,1093,1105,269805,3,0,0,3,-1
2020-09-15,US,Washington,Kittitas,490,22,0,47.12521214,-120.67943899999999,53037.0,1022.2175863148012,4.489795918367347,468,489,22,0,467,489,47364,1,0,0,1,0
2020-09-15,US,Washington,Klickitat,189,3,0,45.87325839,-120.7913598,53039.0,842.8093645484952,1.5873015873015872,186,187,3,0,184,187,22107,2,0,0,2,0
2020-09-15,US,Washington,Lewis,442,4,0,46.57756476,-122.39257690000001,53041.0,547.6600542703853,0.9049773755656108,438,433,4,0,429,429,79604,9,0,0,9,4
2020-09-15,US,Washington,Lincoln,39,1,0,47.57705241,-118.41943880000001,53043.0,356.52253405247285,2.5641025641025643,38,38,1,0,37,38,10740,1,0,0,1,0
2020-09-15,US,Washington,Mason,354,3,0,47.35007586,-123.1863685,53045.0,530.1941049604601,0.8474576271186439,351,354,3,0,351,354,65507,0,0,0,0,0
2020-09-15,US,Washington,Okanogan,1020,9,0,48.54855019,-119.73872240000001,53047.0,2414.601235707691,0.8823529411764706,1011,1008,9,0,999,1004,42132,12,0,0,12,4
2020-09-15,US,Washington,Pacific,77,3,0,46.55418369,-123.7285716,53049.0,342.66387788705435,3.8961038961038965,74,77,3,0,74,77,22036,0,0,0,0,0
2020-09-15,US,Washington,Pend Oreille,56,0,0,48.53234021,-117.2741804,53051.0,408.04430195278337,0.0,56,56,0,0,56,56,13602,0,0,0,0,0
2020-09-15,US,Washington,Pierce,7364,190,0,47.03892768,-122.14059579999999,53053.0,813.7196402130434,2.5801195002715915,7174,7338,188,0,7150,7307,891299,26,2,0,24,31
2020-09-15,US,Washington,San Juan,29,0,0,48.60182783,-122.96745,53055.0,164.94141735866228,0.0,29,29,0,0,29,29,17128,0,0,0,0,0
2020-09-15,US,Washington,Skagit,1066,22,0,48.48171488,-121.766131,53057.0,825.0454703765332,2.063789868667917,1044,1063,22,0,1041,1062,128206,3,0,0,3,1
2020-09-15,US,Washington,Skamania,60,1,0,46.02408726,-121.91644029999999,53059.0,496.56542249441367,1.6666666666666667,59,60,1,0,59,60,11924,0,0,0,0,0
2020-09-15,US,Washington,Snohomish,6575,208,0,48.04615983,-121.7170703,53061.0,799.7975873482361,3.1634980988593155,6367,6547,207,0,6340,6527,814901,28,1,0,27,20
2020-09-15,US,Washington,Spokane,5910,147,0,47.62113146,-117.4046494,53063.0,1130.4557400755168,2.487309644670051,5763,5874,147,0,5727,5824,514631,36,0,0,36,50
2020-09-15,US,Washington,Stevens,133,2,0,48.40035475,-117.8542701,53065.0,290.88205060910263,1.5037593984962403,131,133,2,0,131,133,45260,0,0,0,0,0
2020-09-15,US,Washington,Thurston,1000,16,0,46.9291895,-122.82906559999999,53067.0,344.1914255032079,1.6,984,996,15,0,981,995,286419,4,1,0,3,1
2020-09-15,US,Washington,Unassigned,283,4,0,0.0,0.0,90053.0,0.0,1.413427561837456,279,288,4,0,284,287,,-5,0,0,-5,1
2020-09-15,US,Washington,Wahkiakum,6,0,0,46.29180039999999,-123.4250831,53069.0,133.6898395721925,0.0,6,6,0,0,6,6,4426,0,0,0,0,0
2020-09-15,US,Washington,Walla Walla,826,5,0,46.23040051,-118.4775539,53071.0,1359.447004608295,0.6053268765133172,821,824,5,0,819,824,60922,2,0,0,2,0
2020-09-15,US,Washington,Whatcom,1208,40,0,48.82227976,-121.74900179999999,53073.0,526.9425554096673,3.3112582781456954,1168,1204,40,0,1164,1200,225685,4,0,0,4,4
2020-09-15,US,Washington,Whitman,1052,0,0,46.90022523,-117.52417630000001,53075.0,2099.6327638511893,0.0,1052,1015,0,0,1015,1015,49791,37,0,0,37,0
2020-09-15,US,Washington,Yakima,11186,252,0,46.45738486,-120.73801259999999,53077.0,4458.8297664555375,2.2528160200250307,10934,11171,251,0,10920,11153,251446,15,1,0,14,18
2020-09-15,US,West Virginia,Barbour,37,1,0,39.1307219,-80.00350858,54001.0,225.0471382519312,2.702702702702702,36,37,1,0,36,36,16535,0,0,0,0,1
2020-09-15,US,West Virginia,Berkeley,890,11,0,39.46704621,-78.02414609,54003.0,746.8259895444362,1.2359550561797752,879,884,11,0,873,872,117123,6,0,0,6,12
2020-09-15,US,West Virginia,Boone,182,0,0,38.01974191,-81.69888019,54005.0,848.2080439949667,0.0,182,176,0,0,176,176,21951,6,0,0,6,0
2020-09-15,US,West Virginia,Braxton,10,0,0,38.70036159,-80.72011184,54007.0,71.64863509350147,0.0,10,9,0,0,9,9,14089,1,0,0,1,0
2020-09-15,US,West Virginia,Brooke,105,1,0,40.27367263,-80.57915332,54009.0,478.5997538629837,0.9523809523809524,104,105,1,0,104,105,22203,0,0,0,0,0
2020-09-15,US,West Virginia,Cabell,665,9,0,38.42424062,-82.23855912,54011.0,723.2584697373427,1.3533834586466165,656,658,8,0,650,654,93224,7,1,0,6,4
2020-09-15,US,West Virginia,Calhoun,22,0,0,38.84315422,-81.11934872,54013.0,309.46687297791533,0.0,22,22,0,0,22,22,7254,0,0,0,0,0
2020-09-15,US,West Virginia,Clay,30,2,0,38.46231092,-81.07652217,54015.0,352.60930888575456,6.666666666666668,28,30,2,0,28,30,8632,0,0,0,0,0
2020-09-15,US,West Virginia,Doddridge,17,0,0,39.27057157,-80.70671527,54017.0,201.2310606060606,0.0,17,17,0,0,17,17,8406,0,0,0,0,0
2020-09-15,US,West Virginia,Fayette,481,10,0,38.02974928,-81.08286634,54019.0,1134.2734518700186,2.079002079002079,471,475,10,0,465,470,43018,6,0,0,6,5
2020-09-15,US,West Virginia,Gilmer,20,0,0,38.9251277,-80.85952723,54021.0,255.65639780135498,0.0,20,20,0,0,20,20,8026,0,0,0,0,0
2020-09-15,US,West Virginia,Grant,147,7,0,39.10314817,-79.19440518,54023.0,1270.746887966805,4.761904761904762,140,147,7,0,140,147,11626,0,0,0,0,0
2020-09-15,US,West Virginia,Greenbrier,117,3,0,37.9463652,-80.45335881,54025.0,337.54543880907045,2.5641025641025643,114,117,3,0,114,117,34786,0,0,0,0,0
2020-09-15,US,West Virginia,Hampshire,96,1,0,39.32103553,-78.60826476,54027.0,414.2394822006473,1.0416666666666667,95,95,1,0,94,95,23347,1,0,0,1,0
2020-09-15,US,West Virginia,Hancock,137,0,0,40.51943859,-80.57461608,54029.0,475.5293300937175,0.0,137,137,0,0,137,137,29094,0,0,0,0,0
2020-09-15,US,West Virginia,Hardy,76,0,0,39.00683177,-78.85855301,54031.0,551.6840882694542,0.0,76,76,0,0,76,76,13775,0,0,0,0,0
2020-09-15,US,West Virginia,Harrison,324,7,0,39.2853852,-80.37919577,54033.0,481.74140597121453,2.1604938271604937,317,324,7,0,317,320,67554,0,0,0,0,4
2020-09-15,US,West Virginia,Jackson,231,22,0,38.84263974,-81.68148753,54035.0,808.370660694289,9.523809523809524,209,229,22,0,207,228,28706,2,0,0,2,1
2020-09-15,US,West Virginia,Jefferson,409,4,0,39.30776166,-77.86014147,54037.0,715.7106359150247,0.9779951100244498,405,403,4,0,399,403,56811,6,0,0,6,0
2020-09-15,US,West Virginia,Kanawha,2035,58,0,38.33860077,-81.52857054,54039.0,1142.4625541757428,2.85012285012285,1977,2019,56,0,1963,1985,180454,16,2,0,14,34
2020-09-15,US,West Virginia,Lewis,38,2,0,38.9947249,-80.49988181,54041.0,238.888539636638,5.2631578947368425,36,37,2,0,35,37,16024,1,0,0,1,0
2020-09-15,US,West Virginia,Lincoln,144,2,0,38.172154,-82.07017953,54043.0,705.5710715860649,1.3888888888888888,142,144,2,0,142,139,20599,0,0,0,0,5
2020-09-15,US,West Virginia,Logan,549,37,0,37.8299889,-81.93528571,54045.0,1714.6069521221775,6.739526411657558,512,547,37,0,510,544,32607,2,0,0,2,3
2020-09-15,US,West Virginia,Marion,246,3,0,39.50984542,-80.24244659,54049.0,438.7216436010843,1.2195121951219512,243,244,3,0,241,243,56097,2,0,0,2,1
2020-09-15,US,West Virginia,Marshall,143,1,0,39.86064362,-80.66591062,54051.0,468.37640431037306,0.6993006993006993,142,140,1,0,139,139,30785,3,0,0,3,1
2020-09-15,US,West Virginia,Mason,128,2,0,38.77071799,-82.02524219,54053.0,482.72740986574144,1.5625,126,126,1,0,125,126,26718,2,1,0,1,0
2020-09-15,US,West Virginia,McDowell,80,1,0,37.38002939,-81.65083669,54047.0,453.9264639128462,1.25,79,80,1,0,79,80,18223,0,0,0,0,0
2020-09-15,US,West Virginia,Mercer,384,24,0,37.40481169,-81.11023142,54055.0,653.5280302256714,6.25,360,380,24,0,356,379,59131,4,0,0,4,1
2020-09-15,US,West Virginia,Mineral,153,4,0,39.41561583,-78.94104895,54057.0,569.4506476105404,2.6143790849673203,149,149,4,0,145,149,26940,4,0,0,4,0
2020-09-15,US,West Virginia,Mingo,304,7,0,37.73048351,-82.13338365,54059.0,1297.8142076502734,2.3026315789473686,297,301,7,0,294,301,23785,3,0,0,3,0
2020-09-15,US,West Virginia,Monongalia,1745,5,0,39.63218457,-80.04766838,54061.0,1652.2743627618077,0.28653295128939826,1740,1715,5,0,1710,1691,106420,30,0,0,30,24
2020-09-15,US,West Virginia,Monroe,144,7,0,37.56274716,-80.54577965,54063.0,1084.7457627118642,4.861111111111111,137,144,7,0,137,144,13280,0,0,0,0,0
2020-09-15,US,West Virginia,Morgan,46,0,0,39.55439028,-78.26311676,54065.0,257.2131514202639,0.0,46,45,0,0,45,44,17787,1,0,0,1,1
2020-09-15,US,West Virginia,Nicholas,72,3,0,38.29617706,-80.79759588,54067.0,293.92553886348793,4.166666666666667,69,69,3,0,66,66,24842,3,0,0,3,3
2020-09-15,US,West Virginia,Ohio,334,6,0,40.0955451,-80.62203992,54069.0,806.5489845693173,1.7964071856287425,328,332,6,0,326,328,41755,2,0,0,2,4
2020-09-15,US,West Virginia,Pendleton,47,1,0,38.68314479,-79.35084086,54071.0,674.4152676137179,2.127659574468085,46,46,1,0,45,46,6997,1,0,0,1,0
2020-09-15,US,West Virginia,Pleasants,15,2,0,39.37091679,-81.16771771,54073.0,201.07238605898124,13.333333333333336,13,15,2,0,13,15,7507,0,0,0,0,0
2020-09-15,US,West Virginia,Pocahontas,58,0,0,38.32758728,-80.00993811,54075.0,703.2860434097247,0.0,58,58,0,0,58,56,8414,0,0,0,0,2
2020-09-15,US,West Virginia,Preston,143,4,0,39.46770987,-79.66712803,54077.0,427.7339076334051,2.797202797202797,139,143,4,0,139,143,33839,0,0,0,0,0
2020-09-15,US,West Virginia,Putnam,416,2,0,38.50782345,-81.9082131,54079.0,736.9353410097432,0.4807692307692308,414,403,2,0,401,399,56682,13,0,0,13,4
2020-09-15,US,West Virginia,Raleigh,443,6,0,37.76936795,-81.2456041,54081.0,603.8630880167938,1.3544018058690743,437,423,5,0,418,415,74254,20,1,0,19,8
2020-09-15,US,West Virginia,Randolph,230,2,0,38.769899,-79.87919615,54083.0,801.5333681826103,0.8695652173913043,228,230,2,0,228,230,28823,0,0,0,0,0
2020-09-15,US,West Virginia,Ritchie,11,0,0,39.18094587,-81.06356878,54085.0,115.13502198032238,0.0,11,11,0,0,11,9,9721,0,0,0,0,2
2020-09-15,US,West Virginia,Roane,42,1,0,38.71622686,-81.35243568,54087.0,306.8381063705435,2.380952380952381,41,41,1,0,40,41,13932,1,0,0,1,0
2020-09-15,US,West Virginia,Summers,28,0,0,37.65390597,-80.86009693,54089.0,222.69943529786045,0.0,28,28,0,0,28,28,12760,0,0,0,0,0
2020-09-15,US,West Virginia,Taylor,115,6,0,39.33602617,-80.0421439,54091.0,688.8289907157832,5.217391304347826,109,114,6,0,108,113,16862,1,0,0,1,1
2020-09-15,US,West Virginia,Tucker,16,0,0,39.11240885,-79.57053576,54093.0,233.95233221231172,0.0,16,16,0,0,16,16,6955,0,0,0,0,0
2020-09-15,US,West Virginia,Tyler,15,0,0,39.46811972,-80.88772676,54095.0,174.60132697008495,0.0,15,15,0,0,15,15,8746,0,0,0,0,0
2020-09-15,US,West Virginia,Upshur,59,0,0,38.89285061,-80.23689136,54097.0,244.0436796823296,0.0,59,59,0,0,59,58,24415,0,0,0,0,1
2020-09-15,US,West Virginia,Wayne,323,11,0,38.14901357,-82.42287994,54099.0,819.7553423684077,3.4055727554179565,312,320,11,0,309,317,39944,3,0,0,3,3
2020-09-15,US,West Virginia,Webster,7,0,0,38.49370949,-80.4202023,54101.0,86.27064333251171,0.0,7,7,0,0,7,7,8285,0,0,0,0,0
2020-09-15,US,West Virginia,Wetzel,47,0,0,39.6065771,-80.64016540000001,54103.0,311.98141387321607,0.0,47,46,0,0,46,46,15270,1,0,0,1,0
2020-09-15,US,West Virginia,Wirt,9,0,0,39.02775007,-81.37473928,54105.0,154.6126095172651,0.0,9,9,0,0,9,9,5830,0,0,0,0,0
2020-09-15,US,West Virginia,Wood,339,5,0,39.20967886,-81.5162836,54107.0,405.90052443784566,1.4749262536873156,334,333,5,0,328,333,84203,6,0,0,6,0
2020-09-15,US,West Virginia,Wyoming,82,3,0,37.612327,-81.54511071,54109.0,402.0790428557419,3.6585365853658534,79,80,3,0,77,80,20786,2,0,0,2,0
2020-09-15,US,Wisconsin,Adams,170,3,0,43.96974651,-89.76782777,55001.0,840.7517309594461,1.7647058823529411,167,163,3,0,160,163,20348,7,0,0,7,0
2020-09-15,US,Wisconsin,Ashland,42,1,0,46.31956891,-90.67837132,55003.0,269.8881891787688,2.380952380952381,41,42,1,0,41,42,15600,0,0,0,0,0
2020-09-15,US,Wisconsin,Barron,398,4,0,45.42372701,-91.84833627,55005.0,879.674652992662,1.0050251256281406,394,398,4,0,394,396,45164,0,0,0,0,2
2020-09-15,US,Wisconsin,Bayfield,67,1,0,46.52868768,-91.19716729,55007.0,445.5972333067305,1.492537313432836,66,67,1,0,66,66,15042,0,0,0,0,1
2020-09-15,US,Wisconsin,Brown,6657,58,0,44.452655299999996,-88.00411844,55009.0,2516.424613104913,0.8712633318311552,6599,6490,58,0,6432,6491,263378,167,0,0,167,-1
2020-09-15,US,Wisconsin,Buffalo,104,2,0,44.37835084,-91.75332578,55011.0,798.0968459826568,1.9230769230769231,102,104,2,0,102,104,13125,0,0,0,0,0
2020-09-15,US,Wisconsin,Burnett,77,2,0,45.86303537,-92.36711412,55013.0,499.5458673932789,2.5974025974025974,75,77,2,0,75,75,15392,0,0,0,0,2
2020-09-15,US,Wisconsin,Calumet,713,2,0,44.0816316,-88.21780273,55015.0,1423.466230110403,0.2805049088359046,711,700,2,0,698,687,50159,13,0,0,13,13
2020-09-15,US,Wisconsin,Chippewa,420,0,0,45.06939744,-91.28068855,55017.0,649.5715920690402,0.0,420,420,0,0,420,418,64135,0,0,0,0,2
2020-09-15,US,Wisconsin,Clark,290,8,0,44.73483377,-90.61207486,55019.0,833.9564042100418,2.7586206896551726,282,290,8,0,282,288,34709,0,0,0,0,2
2020-09-15,US,Wisconsin,Columbia,447,2,0,43.46492199,-89.33589004,55021.0,776.9589098240979,0.44742729306487694,445,436,2,0,434,433,57358,11,0,0,11,3
2020-09-15,US,Wisconsin,Crawford,129,0,0,43.23870316,-90.93073686,55023.0,799.702436302771,0.0,129,129,0,0,129,126,16291,0,0,0,0,3
2020-09-15,US,Wisconsin,Dane,7896,41,0,43.06601594,-89.41733797,55025.0,1444.315386092794,0.5192502532928065,7855,7846,41,0,7805,7622,542364,50,0,0,50,224
2020-09-15,US,Wisconsin,Dodge,1459,8,0,43.41576662,-88.70928178,55027.0,1660.9934083949042,0.5483207676490747,1451,1417,8,0,1409,1416,87847,42,0,0,42,1
2020-09-15,US,Wisconsin,Door,192,3,0,44.95856458,-87.30002707,55029.0,693.9424606043083,1.5625,189,187,3,0,184,182,27610,5,0,0,5,5
2020-09-15,US,Wisconsin,Douglas,334,0,0,46.43222285,-91.91595768,55031.0,774.0440324449596,0.0,334,334,0,0,334,328,43208,0,0,0,0,6
2020-09-15,US,Wisconsin,Dunn,254,0,0,44.94562799,-91.8962481,55033.0,559.865984835126,0.0,254,254,0,0,254,249,45131,0,0,0,0,5
2020-09-15,US,Wisconsin,Eau Claire,1259,6,0,44.726614,-91.28609183,55035.0,1203.1037975651245,0.4765687053216839,1253,1259,6,0,1253,1232,104534,0,0,0,0,27
2020-09-15,US,Wisconsin,Florence,46,0,0,45.84963535,-88.39804137,55037.0,1071.0128055878931,0.0,46,46,0,0,46,45,4321,0,0,0,0,1
2020-09-15,US,Wisconsin,Fond du Lac,1490,12,0,43.75354908,-88.48885325,55039.0,1440.9639952419175,0.8053691275167785,1478,1467,12,0,1455,1447,103066,23,0,0,23,20
2020-09-15,US,Wisconsin,Forest,158,4,0,45.66678019,-88.77084892,55041.0,1754.775655264327,2.5316455696202533,154,158,4,0,154,154,8991,0,0,0,0,4
2020-09-15,US,Wisconsin,Grant,603,19,0,42.8671731,-90.7063218,55043.0,1172.2622912576062,3.1509121061359866,584,603,19,0,584,599,51554,0,0,0,0,4
2020-09-15,US,Wisconsin,Green,362,2,0,42.6794956,-89.60243287,55045.0,979.4372294372296,0.5524861878453039,360,358,2,0,356,357,36929,4,0,0,4,1
2020-09-15,US,Wisconsin,Green Lake,146,0,0,43.80025981,-89.04679553,55047.0,771.9557975995348,0.0,146,140,0,0,140,133,18918,6,0,0,6,7
2020-09-15,US,Wisconsin,Iowa,134,0,0,43.00050278,-90.13469017,55049.0,565.9261761973138,0.0,134,135,0,0,135,133,23771,-1,0,0,-1,2
2020-09-15,US,Wisconsin,Iron,136,1,0,46.26302338,-90.24295041,55051.0,2391.4190258484264,0.7352941176470589,135,136,1,0,135,136,5676,0,0,0,0,0
2020-09-15,US,Wisconsin,Jackson,92,1,0,44.31864893,-90.80566792,55053.0,445.6716562515138,1.0869565217391304,91,92,1,0,91,90,20478,0,0,0,0,2
2020-09-15,US,Wisconsin,Jefferson,1097,7,0,43.02054068,-88.77529134,55055.0,1294.1051563661247,0.6381039197812215,1090,1072,7,0,1065,1067,85129,25,0,0,25,5
2020-09-15,US,Wisconsin,Juneau,278,1,0,43.92456975,-90.11120239,55057.0,1041.7056994042043,0.3597122302158273,277,273,1,0,272,271,26617,5,0,0,5,2
2020-09-15,US,Wisconsin,Kenosha,3166,65,0,42.57639354,-88.04051686,55059.0,1867.1746451129682,2.053063802905875,3101,3150,65,0,3085,3136,169290,16,0,0,16,14
2020-09-15,US,Wisconsin,Kewaunee,277,2,0,44.51727459,-87.61468386,55061.0,1355.5838308701186,0.7220216606498195,275,267,2,0,265,253,20383,10,0,0,10,14
2020-09-15,US,Wisconsin,La Crosse,1799,2,0,43.90632465,-91.11451093,55063.0,1524.3695770065076,0.1111728738187882,1797,1799,2,0,1797,1754,118230,0,0,0,0,45
2020-09-15,US,Wisconsin,Lafayette,198,0,0,42.66005229,-90.1317729,55065.0,1188.118811881188,0.0,198,197,0,0,197,196,16665,1,0,0,1,1
2020-09-15,US,Wisconsin,Langlade,112,2,0,45.26271619,-89.07483625,55067.0,583.6677263015271,1.7857142857142858,110,101,2,0,99,100,19268,11,0,0,11,1
2020-09-15,US,Wisconsin,Lincoln,111,1,0,45.33737523,-89.73411273,55069.0,402.2759395498858,0.9009009009009008,110,111,1,0,110,111,27689,0,0,0,0,0
2020-09-15,US,Wisconsin,Manitowoc,734,2,0,44.11946801,-87.80928853,55071.0,929.3374355857736,0.2724795640326976,732,711,2,0,709,704,79074,23,0,0,23,7
2020-09-15,US,Wisconsin,Marathon,905,14,0,44.89792533,-89.75863384,55073.0,666.951625740648,1.5469613259668509,891,892,14,0,878,889,135428,13,0,0,13,3
2020-09-15,US,Wisconsin,Marinette,673,7,0,45.38553432,-88.03324599999998,55075.0,1667.905824039653,1.0401188707280833,666,670,7,0,663,669,40434,3,0,0,3,1
2020-09-15,US,Wisconsin,Marquette,147,1,0,43.81911946,-89.40073763,55077.0,943.8808270193912,0.6802721088435374,146,146,1,0,145,146,15434,1,0,0,1,0
2020-09-15,US,Wisconsin,Menominee,34,1,0,45.00422544,-88.70950714,55078.0,746.2686567164177,2.9411764705882355,33,33,0,0,33,33,4658,1,1,0,0,0
2020-09-15,US,Wisconsin,Milwaukee,25721,517,0,43.00486062,-87.96733172,55079.0,2719.709514172181,2.0100307142024025,25204,25627,514,0,25113,25554,948201,94,3,0,91,73
2020-09-15,US,Wisconsin,Monroe,319,2,0,43.94641218,-90.61881899999999,55081.0,689.6849934058331,0.6269592476489029,317,319,2,0,317,318,46051,0,0,0,0,1
2020-09-15,US,Wisconsin,Oconto,575,4,0,45.02715345,-88.26807503,55083.0,1515.950435011864,0.6956521739130435,571,559,4,0,555,558,37830,16,0,0,16,1
2020-09-15,US,Wisconsin,Oneida,282,2,0,45.70677897,-89.51944105,55085.0,792.2461019806152,0.7092198581560284,280,282,2,0,280,271,35470,0,0,0,0,11
2020-09-15,US,Wisconsin,Outagamie,2888,24,0,44.41578887,-88.46565023,55087.0,1537.1104665087687,0.8310249307479224,2864,2791,24,0,2767,2727,187365,97,0,0,97,64
2020-09-15,US,Wisconsin,Ozaukee,1112,18,0,43.38352225,-87.94625009,55089.0,1246.3433496598336,1.6187050359712232,1094,1093,18,0,1075,1093,89147,19,0,0,19,0
2020-09-15,US,Wisconsin,Pepin,52,0,0,44.58307413,-91.99949611,55091.0,713.5995608618088,0.0,52,52,0,0,52,52,7289,0,0,0,0,0
2020-09-15,US,Wisconsin,Pierce,333,6,0,44.71850291,-92.4224416,55093.0,778.8744912756703,1.8018018018018016,327,333,6,0,327,327,42555,0,0,0,0,6
2020-09-15,US,Wisconsin,Polk,205,2,0,45.46130348,-92.44182875,55095.0,468.2182582280794,0.975609756097561,203,205,2,0,203,205,43598,0,0,0,0,0
2020-09-15,US,Wisconsin,Portage,974,3,0,44.47558711,-89.50152965,55097.0,1376.2504945458654,0.3080082135523614,971,949,3,0,946,920,70942,25,0,0,25,29
2020-09-15,US,Wisconsin,Price,38,0,0,45.68051754,-90.36098879999999,55099.0,284.6228746910344,0.0,38,38,0,0,38,38,13397,0,0,0,0,0
2020-09-15,US,Wisconsin,Racine,4299,94,0,42.74753117,-88.05941254,55101.0,2189.8925684245914,2.186555012793673,4205,4261,93,0,4168,4259,196584,38,1,0,37,2
2020-09-15,US,Wisconsin,Richland,73,4,0,43.3762778,-90.43012729,55103.0,423.1393461627637,5.479452054794519,69,73,4,0,69,73,17377,0,0,0,0,0
2020-09-15,US,Wisconsin,Rock,2063,32,0,42.67151616,-89.07147900000002,55105.0,1262.901428798805,1.5511391177896268,2031,2038,29,0,2009,2011,163129,25,3,0,22,27
2020-09-15,US,Wisconsin,Rusk,40,1,0,45.47498854,-91.1333012,55107.0,282.1272393849626,2.5,39,40,1,0,39,37,14147,0,0,0,0,3
2020-09-15,US,Wisconsin,Sauk,730,3,0,43.42574087,-89.94966132,55111.0,1132.8015890257907,0.410958904109589,727,724,3,0,721,723,64249,6,0,0,6,1
2020-09-15,US,Wisconsin,Sawyer,185,1,0,45.87931905,-91.14504927,55113.0,1117.28469621935,0.5405405405405406,184,185,1,0,184,183,16489,0,0,0,0,2
2020-09-15,US,Wisconsin,Shawano,407,0,0,44.78902246,-88.76443896,55115.0,995.134355363212,0.0,407,399,0,0,399,391,40796,8,0,0,8,8
2020-09-15,US,Wisconsin,Sheboygan,1277,12,0,43.72099677,-87.94579284,55117.0,1107.1614357551587,0.9397024275646044,1265,1243,11,0,1232,1233,115456,34,1,0,33,10
2020-09-15,US,Wisconsin,St. Croix,725,7,0,45.03437474,-92.45000068,55109.0,799.4530638349487,0.9655172413793104,718,725,7,0,718,718,89694,0,0,0,0,7
2020-09-15,US,Wisconsin,Taylor,132,3,0,45.21179252,-90.5004405,55119.0,648.8718478100575,2.272727272727273,129,132,3,0,129,132,20412,0,0,0,0,0
2020-09-15,US,Wisconsin,Trempealeau,474,2,0,44.30360275,-91.35893614,55121.0,1598.7048467064656,0.4219409282700422,472,474,2,0,472,457,29442,0,0,0,0,17
2020-09-15,US,Wisconsin,Vernon,145,0,0,43.59422667,-90.8324691,55123.0,470.4431899292714,0.0,145,145,0,0,145,142,30785,0,0,0,0,3
2020-09-15,US,Wisconsin,Vilas,145,1,0,46.05467334,-89.51719204,55125.0,653.300292858752,0.6896551724137931,144,145,1,0,144,142,21938,0,0,0,0,3
2020-09-15,US,Wisconsin,Walworth,2239,33,0,42.66858202,-88.54163073,55127.0,2155.620595371048,1.4738722644037516,2206,2116,32,0,2084,2093,103718,123,1,0,122,23
2020-09-15,US,Wisconsin,Washburn,83,1,0,45.89838588,-91.79050449,55129.0,527.9898218829517,1.2048192771084338,82,83,1,0,82,83,15878,0,0,0,0,0
2020-09-15,US,Wisconsin,Washington,2016,32,0,43.36863664,-88.22974712,55131.0,1481.9824455650796,1.5873015873015872,1984,1973,32,0,1941,1973,135693,43,0,0,43,0
2020-09-15,US,Wisconsin,Waukesha,6170,85,0,43.01833055,-88.30431188,55133.0,1526.4795966333331,1.3776337115072934,6085,6131,85,0,6046,6115,403072,39,0,0,39,16
2020-09-15,US,Wisconsin,Waupaca,821,19,0,44.47068056,-88.96534501,55135.0,1610.1196313002552,2.3142509135200973,802,815,19,0,796,812,51128,6,0,0,6,3
2020-09-15,US,Wisconsin,Waushara,243,2,0,44.11324419,-89.24317107,55137.0,994.1496542977541,0.8230452674897121,241,238,2,0,236,233,24263,5,0,0,5,5
2020-09-15,US,Wisconsin,Winnebago,2100,22,0,44.06886922,-88.64477096,55139.0,1221.590743832421,1.0476190476190477,2078,2019,22,0,1997,1996,171020,81,0,0,81,23
2020-09-15,US,Wisconsin,Wood,590,3,0,44.45537896,-90.04158336,55141.0,808.2302497294484,0.5084745762711864,587,579,3,0,576,575,73055,11,0,0,11,4
2020-09-15,US,Wyoming,Albany,263,0,0,41.65498705,-105.72354150000001,56001.0,676.440329218107,0.0,263,253,0,0,253,234,38601,10,0,0,10,19
2020-09-15,US,Wyoming,Big Horn,51,1,0,44.52405055,-107.9960365,56003.0,432.5699745547074,1.96078431372549,50,51,1,0,50,51,11881,0,0,0,0,0
2020-09-15,US,Wyoming,Campbell,223,1,0,44.24886082,-105.54744040000001,56005.0,481.2153384691742,0.4484304932735426,222,223,1,0,222,222,46140,0,0,0,0,1
2020-09-15,US,Wyoming,Carbon,196,2,0,41.69357844,-106.9326084,56007.0,1324.3243243243246,1.020408163265306,194,196,2,0,194,194,14971,0,0,0,0,2
2020-09-15,US,Wyoming,Converse,68,0,0,42.97272268,-105.5081848,56009.0,491.9693242656634,0.0,68,65,0,0,65,62,13640,3,0,0,3,3
2020-09-15,US,Wyoming,Crook,27,0,0,44.58855102,-104.56977049999999,56011.0,356.01265822784814,0.0,27,23,0,0,23,23,7450,4,0,0,4,0
2020-09-15,US,Wyoming,Fremont,632,14,0,43.04183996,-108.6296893,56013.0,1609.7399454929828,2.2151898734177213,618,630,14,0,616,625,39531,2,0,0,2,5
2020-09-15,US,Wyoming,Goshen,73,1,0,42.08798185,-104.3534743,56015.0,552.5698281734918,1.3698630136986298,72,71,1,0,70,69,13376,2,0,0,2,2
2020-09-15,US,Wyoming,Hot Springs,30,0,0,43.71930657,-108.44231740000001,56017.0,679.8096532970767,0.0,30,30,0,0,30,30,4555,0,0,0,0,0
2020-09-15,US,Wyoming,Johnson,29,1,0,44.04057166,-106.58451740000001,56019.0,343.3984606275903,3.4482758620689653,28,29,1,0,28,29,8460,0,0,0,0,0
2020-09-15,US,Wyoming,Laramie,627,4,0,41.30702520000001,-104.6887497,56021.0,630.1507537688442,0.6379585326953748,623,624,4,0,620,624,98976,3,0,0,3,0
2020-09-15,US,Wyoming,Lincoln,124,1,0,42.26376367,-110.6563997,56023.0,625.3151790216842,0.8064516129032258,123,123,1,0,122,124,19434,1,0,0,1,-1
2020-09-15,US,Wyoming,Natrona,377,2,0,42.96180148,-106.79788500000001,56025.0,472.0879561221168,0.5305039787798409,375,372,2,0,370,368,79115,5,0,0,5,4
2020-09-15,US,Wyoming,Niobrara,3,0,0,43.05607708,-104.47588959999999,56027.0,127.33446519524618,0.0,3,3,0,0,3,3,2388,0,0,0,0,0
2020-09-15,US,Wyoming,Park,187,1,0,44.52157546,-109.58528249999999,56029.0,640.542577241899,0.5347593582887701,186,186,1,0,185,187,29324,1,0,0,1,-1
2020-09-15,US,Wyoming,Platte,12,1,0,42.13299116,-104.96633100000001,56031.0,142.9762897652806,8.333333333333334,11,10,1,0,9,9,8566,2,0,0,2,1
2020-09-15,US,Wyoming,Sheridan,213,1,0,44.79048913,-106.8862389,56033.0,698.704280793833,0.4694835680751174,212,210,1,0,209,203,30233,3,0,0,3,7
2020-09-15,US,Wyoming,Sublette,62,1,0,42.76558279,-109.91309220000001,56035.0,630.6581222663003,1.6129032258064515,61,54,1,0,53,54,9813,8,0,0,8,0
2020-09-15,US,Wyoming,Sweetwater,317,2,0,41.65943896,-108.8827882,56037.0,748.6479465318943,0.6309148264984227,315,317,2,0,315,318,43051,0,0,0,0,-1
2020-09-15,US,Wyoming,Teton,478,1,0,43.93522482,-110.5890801,56039.0,2037.1633140129559,0.20920502092050208,477,476,1,0,475,470,23081,2,0,0,2,6
2020-09-15,US,Wyoming,Uinta,312,2,0,41.2878183,-110.54757820000002,56041.0,1542.56897063186,0.6410256410256411,310,312,2,0,310,311,20299,0,0,0,0,1
2020-09-15,US,Wyoming,Unassigned,2,0,0,0.0,0.0,90056.0,0.0,0.0,2,2,0,0,2,2,,0,0,0,0,0
2020-09-15,US,Wyoming,Washakie,111,6,0,43.90451606,-107.68018700000002,56043.0,1422.1652786675209,5.405405405405406,105,111,6,0,105,111,7885,0,0,0,0,0
2020-09-15,US,Wyoming,Weston,23,0,0,43.83961191,-104.56748809999999,56045.0,332.03406958279203,0.0,23,23,0,0,23,23,6967,0,0,0,0,0
