Date,Country/Region,Province/State,Admin2,Confirmed,Deaths,Recovered,Latitude,Longitude,FIPS,Incidence_Rate,Case-Fatality_Ratio,Active Cases,Previous Confirmed,Previous Deaths,Previous Recovered,Previous Active,Prev2 Confirmed,Population,Daily Confirmed,Daily Deaths,Daily Recovered,Daily Active,Previous Daily Confirmed
2020-10-28,US,Alabama,Autauga,2103,31,0,32.53952745,-86.64408227,1001.0,3764.162594641035,1.474084640989063,2072,2082,31,0,2051,2074,55601,21,0,0,21,8
2020-10-28,US,Alabama,Baldwin,6743,69,0,30.72774991,-87.72207058,1003.0,3020.597220853454,1.0232834050126056,6674,6712,69,0,6643,6694,218022,31,0,0,31,18
2020-10-28,US,Alabama,Barbour,1045,9,0,31.868263,-85.3871286,1005.0,4233.168597585676,0.8612440191387559,1036,1042,9,0,1033,1033,24881,3,0,0,3,9
2020-10-28,US,Alabama,Bibb,856,15,0,32.99642064,-87.12511459999996,1007.0,3822.452442618559,1.7523364485981308,841,850,15,0,835,843,22400,6,0,0,6,7
2020-10-28,US,Alabama,Blount,1988,25,0,33.98210918,-86.56790593,1009.0,3437.8999066164006,1.2575452716297786,1963,1972,25,0,1947,1942,57840,16,0,0,16,30
2020-10-28,US,Alabama,Bullock,650,17,0,32.10030533,-85.71265535,1011.0,6435.006435006436,2.6153846153846154,633,650,17,0,633,649,10138,0,0,0,0,1
2020-10-28,US,Alabama,Butler,1015,41,0,31.75300095,-86.68057478,1013.0,5219.045660222131,4.039408866995074,974,1012,41,0,971,1013,19680,3,0,0,3,-1
2020-10-28,US,Alabama,Calhoun,4689,62,0,33.77483727,-85.82630386,1015.0,4127.459178733329,1.3222435487310726,4627,4647,61,0,4586,4621,114277,42,1,0,41,26
2020-10-28,US,Alabama,Chambers,1370,47,0,32.91360079,-85.39072749,1017.0,4119.805136224214,3.4306569343065694,1323,1368,47,0,1321,1352,33615,2,0,0,2,16
2020-10-28,US,Alabama,Cherokee,761,14,0,34.17805983,-85.60638968,1019.0,2905.0236677355324,1.8396846254927728,747,756,14,0,742,745,26032,5,0,0,5,11
2020-10-28,US,Alabama,Chilton,1909,32,0,32.85044126,-86.7173256,1021.0,4296.839830737373,1.676270298585647,1877,1904,32,0,1872,1893,44153,5,0,0,5,11
2020-10-28,US,Alabama,Choctaw,394,12,0,32.02227341,-88.26564429999998,1023.0,3129.7164190960357,3.045685279187817,382,393,12,0,381,392,12841,1,0,0,1,1
2020-10-28,US,Alabama,Clarke,1380,17,0,31.68099859,-87.83548597,1025.0,5842.011684023368,1.2318840579710144,1363,1366,17,0,1349,1353,23920,14,0,0,14,13
2020-10-28,US,Alabama,Clay,758,12,0,33.26984193,-85.85836077,1027.0,5727.23838307518,1.5831134564643798,746,753,12,0,741,749,13275,5,0,0,5,4
2020-10-28,US,Alabama,Cleburne,577,9,0,33.67679204,-85.52005899,1029.0,3869.8859825620393,1.5597920277296362,568,573,9,0,564,573,14987,4,0,0,4,0
2020-10-28,US,Alabama,Coffee,1826,11,0,31.39932826,-85.98901039,1031.0,3488.5942455389563,0.6024096385542169,1815,1807,11,0,1796,1795,51909,19,0,0,19,12
2020-10-28,US,Alabama,Colbert,2082,32,0,34.69847452,-87.80168544,1033.0,3768.9397367897027,1.5369836695485108,2050,2060,32,0,2028,2041,54762,22,0,0,22,19
2020-10-28,US,Alabama,Conecuh,565,13,0,31.43401703,-86.99320044,1035.0,4682.191099693378,2.3008849557522124,552,565,13,0,552,561,12277,0,0,0,0,4
2020-10-28,US,Alabama,Coosa,214,3,0,32.93690146,-86.24847739,1037.0,2006.9398855856696,1.4018691588785046,211,209,3,0,206,205,10715,5,0,0,5,4
2020-10-28,US,Alabama,Covington,1767,29,0,31.247785399999998,-86.45050893,1039.0,4769.359496882506,1.6411997736276174,1738,1759,29,0,1730,1755,36986,8,0,0,8,4
2020-10-28,US,Alabama,Crenshaw,611,30,0,31.72941803,-86.31593104,1041.0,4436.5379029915775,4.9099836333878875,581,609,30,0,579,609,13824,2,0,0,2,0
2020-10-28,US,Alabama,Cullman,2600,25,0,34.13020303,-86.86888037,1043.0,3103.810524305224,0.9615384615384616,2575,2557,25,0,2532,2508,83442,43,0,0,43,49
2020-10-28,US,Alabama,Dale,1808,52,0,31.43037123,-85.61095742,1045.0,3676.889286585862,2.8761061946902653,1756,1789,52,0,1737,1772,48956,19,0,0,19,17
2020-10-28,US,Alabama,Dallas,1881,27,0,32.32688101,-87.10866709999998,1047.0,5056.9953758468655,1.4354066985645932,1854,1881,27,0,1854,1872,38310,0,0,0,0,9
2020-10-28,US,Alabama,DeKalb,3512,29,0,34.45946862,-85.80782906,1049.0,4910.995203669263,0.8257403189066059,3483,3492,28,0,3464,3461,71385,20,1,0,19,31
2020-10-28,US,Alabama,Elmore,3265,58,0,32.59785413,-86.14415284,1051.0,4020.490339740669,1.7764165390505358,3207,3246,53,0,3193,3227,81887,19,5,0,14,19
2020-10-28,US,Alabama,Escambia,1753,31,0,31.1256789,-87.15918694,1053.0,4785.302868997898,1.7683970336565886,1722,1749,31,0,1718,1730,36748,4,0,0,4,19
2020-10-28,US,Alabama,Etowah,4365,52,0,34.04567266,-86.04051873,1055.0,4268.197285563421,1.1912943871706758,4313,4341,51,0,4290,4312,102501,24,1,0,23,29
2020-10-28,US,Alabama,Fayette,594,13,0,33.72076938,-87.73886638,1057.0,3643.724696356275,2.1885521885521886,581,589,13,0,576,584,16433,5,0,0,5,5
2020-10-28,US,Alabama,Franklin,2077,32,0,34.44235334,-87.84289505,1059.0,6622.664370894713,1.5406836783822822,2045,2064,32,0,2032,2061,31363,13,0,0,13,3
2020-10-28,US,Alabama,Geneva,935,7,0,31.09389027,-85.83572839,1061.0,3559.0575158920483,0.7486631016042781,928,921,7,0,914,916,26314,14,0,0,14,5
2020-10-28,US,Alabama,Greene,346,16,0,32.85504247,-87.95684022,1063.0,4265.8118604364445,4.624277456647398,330,346,16,0,330,346,8233,0,0,0,0,0
2020-10-28,US,Alabama,Hale,780,30,0,32.76039258,-87.63284988,1065.0,5323.868677905944,3.8461538461538463,750,777,30,0,747,777,14726,3,0,0,3,0
2020-10-28,US,Alabama,Henry,728,6,0,31.51148016,-85.24267944,1067.0,4231.3281022958445,0.8241758241758241,722,723,6,0,717,719,17209,5,0,0,5,4
2020-10-28,US,Alabama,Houston,4212,34,0,31.15197924,-85.29939599,1069.0,3978.0132600442,0.8072174738841406,4178,4193,34,0,4159,4180,104722,19,0,0,19,13
2020-10-28,US,Alabama,Jackson,2219,17,0,34.78144169,-85.99750489,1071.0,4298.2218262115975,0.7661108607480848,2202,2194,17,0,2177,2175,51736,25,0,0,25,19
2020-10-28,US,Alabama,Jefferson,23769,383,0,33.55554728,-86.89506300000002,1073.0,3609.1670930937044,1.6113425049434138,23386,23573,377,0,23196,23443,659300,196,6,0,190,130
2020-10-28,US,Alabama,Lamar,516,5,0,33.77995024,-88.09668032,1075.0,3737.776168055053,0.9689922480620154,511,508,5,0,503,506,13844,8,0,0,8,2
2020-10-28,US,Alabama,Lauderdale,2371,43,0,34.90171875,-87.65624729,1077.0,2556.91315553926,1.8135807676086042,2328,2338,42,0,2296,2313,92387,33,1,0,32,25
2020-10-28,US,Alabama,Lawrence,877,33,0,34.52041498,-87.31069453,1079.0,2663.7103632608428,3.762827822120866,844,869,33,0,836,861,32957,8,0,0,8,8
2020-10-28,US,Alabama,Lee,6624,65,0,32.60154883,-85.35132246,1081.0,4025.7198769918928,0.9812801932367149,6559,6571,65,0,6506,6550,163941,53,0,0,53,21
2020-10-28,US,Alabama,Limestone,2951,31,0,34.81185586,-86.98310072,1083.0,2983.3695597229944,1.0504913588614029,2920,2936,31,0,2905,2893,96174,15,0,0,15,43
2020-10-28,US,Alabama,Lowndes,717,28,0,32.1597283,-86.65158371,1085.0,7371.992597162245,3.9051603905160386,689,716,28,0,688,714,9974,1,0,0,1,2
2020-10-28,US,Alabama,Macon,541,20,0,32.38759944,-85.69267724,1087.0,2994.2439672348905,3.696857670979667,521,539,20,0,519,537,18439,2,0,0,2,2
2020-10-28,US,Alabama,Madison,9467,98,0,34.76327133,-86.55069633,1089.0,2538.689063551697,1.0351748177881062,9369,9422,98,0,9324,9394,366519,45,0,0,45,28
2020-10-28,US,Alabama,Marengo,1035,22,0,32.24767634,-87.78796182,1091.0,5486.932089275301,2.1256038647343,1013,1026,22,0,1004,1025,19066,9,0,0,9,1
2020-10-28,US,Alabama,Marion,1103,31,0,34.13697363,-87.88704173,1093.0,3712.679659362482,2.8105167724388034,1072,1103,31,0,1072,1097,29763,0,0,0,0,6
2020-10-28,US,Alabama,Marshall,4452,51,0,34.36975964,-86.30486727,1095.0,4600.4092008184025,1.1455525606469004,4401,4426,51,0,4375,4411,96109,26,0,0,26,15
2020-10-28,US,Alabama,Mobile,17039,318,0,30.78472347,-88.20842409,1097.0,4123.569129498318,1.8663067081401492,16721,16994,316,0,16678,16934,413757,45,2,0,43,60
2020-10-28,US,Alabama,Monroe,660,10,0,31.56729412,-87.36995001,1099.0,3183.3309217189985,1.5151515151515151,650,655,10,0,645,648,21067,5,0,0,5,7
2020-10-28,US,Alabama,Montgomery,10435,199,0,32.2206831,-86.20969272,1101.0,4607.348798601238,1.9070436032582652,10236,10352,198,0,10154,10298,225763,83,1,0,82,54
2020-10-28,US,Alabama,Morgan,4263,35,0,34.45500589,-86.85475946,1103.0,3562.0284260396556,0.8210180623973727,4228,4223,35,0,4188,4182,119089,40,0,0,40,41
2020-10-28,US,Alabama,Perry,596,6,0,32.64048341,-87.29770589,1105.0,6679.367925585565,1.0067114093959733,590,595,6,0,589,593,9140,1,0,0,1,2
2020-10-28,US,Alabama,Pickens,874,18,0,33.28094866,-88.08818103,1107.0,4385.348720521826,2.059496567505721,856,869,18,0,851,860,19938,5,0,0,5,9
2020-10-28,US,Alabama,Pike,1355,14,0,31.80396383,-85.9408295,1109.0,4091.924865615752,1.033210332103321,1341,1345,14,0,1331,1344,33338,10,0,0,10,1
2020-10-28,US,Alabama,Randolph,843,16,0,33.29526734,-85.45708831,1111.0,3710.060734090309,1.8979833926453145,827,835,16,0,819,829,22725,8,0,0,8,6
2020-10-28,US,Alabama,Russell,1976,3,0,32.28725256,-85.18415324,1113.0,3409.188937388934,0.15182186234817813,1973,1960,3,0,1957,1953,57781,16,0,0,16,7
2020-10-28,US,Alabama,Shelby,7563,65,0,33.26879845,-86.66232561,1117.0,3474.014937850824,0.8594473092688086,7498,7504,65,0,7439,7436,215707,59,0,0,59,68
2020-10-28,US,Alabama,St. Clair,3070,42,0,33.71902176,-86.31029372,1115.0,3429.7077486817407,1.3680781758957654,3028,3040,42,0,2998,2999,88690,30,0,0,30,41
2020-10-28,US,Alabama,Sumter,477,21,0,32.59117397,-88.19916205,1119.0,3838.4163514927172,4.402515723270441,456,474,21,0,453,473,12691,3,0,0,3,1
2020-10-28,US,Alabama,Talladega,2739,37,0,33.37823223,-86.16886178,1121.0,3424.691790242316,1.3508579773640017,2702,2714,37,0,2677,2674,79828,25,0,0,25,40
2020-10-28,US,Alabama,Tallapoosa,1353,87,0,32.86698258,-85.79833053,1123.0,3351.747714717468,6.430155210643015,1266,1339,87,0,1252,1330,40497,14,0,0,14,9
2020-10-28,US,Alabama,Tuscaloosa,10539,141,0,33.28726072,-87.52556818,1125.0,5034.033101669415,1.3378878451465983,10398,10462,140,0,10322,10414,208911,77,1,0,76,48
2020-10-28,US,Alabama,Walker,2855,93,0,33.80270512,-87.30027177,1127.0,4494.576596716047,3.2574430823117337,2762,2837,93,0,2744,2823,63711,18,0,0,18,14
2020-10-28,US,Alabama,Washington,754,12,0,31.4092794,-88.20689944,1129.0,4618.400098003185,1.5915119363395225,742,751,12,0,739,749,16378,3,0,0,3,2
2020-10-28,US,Alabama,Wilcox,571,12,0,31.98773215,-87.30891118,1131.0,5504.675600115685,2.1015761821366024,559,570,12,0,558,570,10627,1,0,0,1,0
2020-10-28,US,Alabama,Winston,943,13,0,34.15030532,-87.37325922,1133.0,3990.8586905920693,1.3785790031813359,930,940,13,0,927,937,23660,3,0,0,3,3
2020-10-28,US,Alaska,Aleutians East,16,0,0,55.32222414,-161.9722021,2013.0,479.47258016182195,0.0,16,16,0,0,16,6,3515,0,0,0,0,10
2020-10-28,US,Alaska,Aleutians West,98,0,0,52.3233,-174.1596,2016.0,1739.439119630813,0.0,98,97,0,0,97,5,5723,1,0,0,1,92
2020-10-28,US,Alaska,Anchorage,7792,43,0,61.14998174,-149.14269860000005,2020.0,2705.555555555556,0.5518480492813141,7749,7612,43,0,7569,7216,291538,180,0,0,180,396
2020-10-28,US,Alaska,Bethel,409,1,0,60.90980451,-159.8561831,2050.0,2224.518655498749,0.2444987775061125,408,402,1,0,401,384,18216,7,0,0,7,18
2020-10-28,US,Alaska,Bristol Bay plus Lake and Peninsula,107,0,0,58.62403337,-156.21405890000003,2164.0,2661.6915422885572,0.0,107,105,0,0,105,38,,2,0,0,2,67
2020-10-28,US,Alaska,Denali,31,0,0,63.67264044,-150.0076108,2068.0,1478.3023366714353,0.0,31,31,0,0,31,22,2059,0,0,0,0,9
2020-10-28,US,Alaska,Dillingham,59,0,0,59.79603738,-158.23819419999995,2070.0,1200.1627339300246,0.0,59,54,0,0,54,29,5000,5,0,0,5,25
2020-10-28,US,Alaska,Fairbanks North Star,2173,14,0,64.80726247,-146.5692662,2090.0,2243.698954041859,0.6442705936493327,2159,2140,14,0,2126,2011,98971,33,0,0,33,129
2020-10-28,US,Alaska,Haines,12,0,0,59.09893571,-135.4679843,2100.0,474.30830039525694,0.0,12,12,0,0,12,6,2474,0,0,0,0,6
2020-10-28,US,Alaska,Juneau,542,3,0,58.45031811,-134.200436,2110.0,1695.1272909238758,0.5535055350553506,539,535,3,0,532,434,32113,7,0,0,7,101
2020-10-28,US,Alaska,Kenai Peninsula,975,4,0,60.24429722,-151.53888840000005,2122.0,1660.7617360496015,0.41025641025641024,971,942,3,0,939,731,58533,33,1,0,32,211
2020-10-28,US,Alaska,Ketchikan Gateway,80,0,0,55.57445008,-130.975561,2130.0,575.4981655995972,0.0,80,81,0,0,81,61,13918,-1,0,0,-1,20
2020-10-28,US,Alaska,Kodiak Island,98,0,0,57.65529415,-153.7493579,2150.0,753.9621480227727,0.0,98,98,0,0,98,53,13345,0,0,0,0,45
2020-10-28,US,Alaska,Kusilvak,209,0,0,62.15429159999999,-163.39678830000003,2158.0,2513.832090449844,0.0,209,208,0,0,208,192,8303,1,0,0,1,16
2020-10-28,US,Alaska,Matanuska-Susitna,1300,2,0,62.31305045,-149.5741743,2170.0,1200.1809503586694,0.15384615384615385,1298,1224,2,0,1222,1144,107610,76,0,0,76,80
2020-10-28,US,Alaska,Nome,133,0,0,64.90320724,-164.0353804,2180.0,1329.468212714914,0.0,133,133,0,0,133,125,10008,0,0,0,0,8
2020-10-28,US,Alaska,North Slope,267,0,0,69.31479216,-153.4836093,2185.0,2715.6224572823435,0.0,267,266,0,0,266,236,9872,1,0,0,1,30
2020-10-28,US,Alaska,Northwest Arctic,243,0,0,67.04919196,-159.7503946,2188.0,3188.557932029917,0.0,243,238,0,0,238,224,7671,5,0,0,5,14
2020-10-28,US,Alaska,Petersburg,17,1,0,57.13978948,-132.9540995,2195.0,520.514390691978,5.882352941176472,16,17,1,0,16,12,3221,0,0,0,0,5
2020-10-28,US,Alaska,Prince of Wales-Hyder,35,0,0,55.76261984,-133.0511621,2198.0,564.2431081734644,0.0,35,35,0,0,35,34,6422,0,0,0,0,1
2020-10-28,US,Alaska,Sitka,75,0,0,57.24124555,-135.3206587,2220.0,883.0801836806783,0.0,75,75,0,0,75,59,8647,0,0,0,0,16
2020-10-28,US,Alaska,Skagway,8,0,0,59.56149996,-135.33377480000001,2230.0,676.2468300929838,0.0,8,8,0,0,8,8,1148,0,0,0,0,0
2020-10-28,US,Alaska,Southeast Fairbanks,78,0,0,63.87692095,-143.2127643,2240.0,1131.5827651240386,0.0,78,74,0,0,74,59,6918,4,0,0,4,15
2020-10-28,US,Alaska,Unassigned,64,0,0,0.0,0.0,90002.0,0.0,0.0,64,62,0,0,62,3,,2,0,0,2,59
2020-10-28,US,Alaska,Valdez-Cordova,163,1,0,61.47502768,-144.7126799,2261.0,1771.3540534666377,0.6134969325153374,162,163,1,0,162,112,9164,0,0,0,0,51
2020-10-28,US,Alaska,Wrangell,19,0,0,56.3202004,-132.05837309999998,2275.0,759.3924860111911,0.0,19,19,0,0,19,13,2503,0,0,0,0,6
2020-10-28,US,Alaska,Yakutat,38,0,0,59.890980799999994,-140.36014509999998,2282.0,6563.039723661485,0.0,38,37,0,0,37,30,604,1,0,0,1,7
2020-10-28,US,Alaska,Yukon-Koyukuk,114,2,0,65.50815459,-151.39073869999999,2290.0,2179.732313575526,1.7543859649122806,112,114,2,0,112,109,5327,0,0,0,0,5
2020-10-28,US,Arizona,Apache,3934,169,0,35.39465006,-109.4892383,4001.0,5472.477638516004,4.295882053889171,3765,3890,169,0,3721,3885,71818,44,0,0,44,5
2020-10-28,US,Arizona,Cochise,2150,75,0,31.87934684,-109.7516088,4003.0,1707.4061720747766,3.4883720930232562,2075,2125,73,0,2052,2121,126770,25,2,0,23,4
2020-10-28,US,Arizona,Coconino,5165,148,0,35.83883429,-111.77071780000001,4005.0,3599.9052106275612,2.8654404646660216,5017,5121,147,0,4974,5090,142854,44,1,0,43,31
2020-10-28,US,Arizona,Gila,1914,70,0,33.80190085,-110.8132779,4007.0,3543.263356658892,3.657262277951933,1844,1907,70,0,1837,1863,53889,7,0,0,7,44
2020-10-28,US,Arizona,Graham,1185,28,0,32.93166885,-109.8882178,4009.0,3051.214048458944,2.3628691983122363,1157,1162,28,0,1134,1151,38072,23,0,0,23,11
2020-10-28,US,Arizona,Greenlee,101,1,0,33.21498827,-109.2405279,4011.0,1063.3817645820172,0.99009900990099,100,103,1,0,102,102,9483,-2,0,0,-2,1
2020-10-28,US,Arizona,La Paz,618,17,0,33.72854224,-113.98100290000001,4012.0,2927.799886299033,2.750809061488673,601,616,17,0,599,613,21098,2,0,0,2,3
2020-10-28,US,Arizona,Maricopa,155951,3559,0,33.34835867,-112.49181540000001,4013.0,3476.847399147548,2.2821270783771825,152392,155458,3557,0,151901,154722,4410824,493,2,0,491,736
2020-10-28,US,Arizona,Mohave,4340,230,0,35.70471703,-113.7577902,4015.0,2045.4234827812106,5.299539170506913,4110,4313,230,0,4083,4272,209550,27,0,0,27,41
2020-10-28,US,Arizona,Navajo,6340,239,0,35.3997715,-110.3218983,4017.0,5715.6251126897705,3.769716088328076,6101,6307,238,0,6069,6307,110445,33,1,0,32,0
2020-10-28,US,Arizona,Pima,27962,636,0,32.0971334,-111.7890033,4019.0,2669.9666469011604,2.2745154137758385,27326,27703,636,0,27067,27575,1039073,259,0,0,259,128
2020-10-28,US,Arizona,Pinal,11873,224,0,32.90525627,-111.3449483,4021.0,2565.532024313456,1.8866335382801316,11649,11832,217,0,11615,11743,447138,41,7,0,34,89
2020-10-28,US,Arizona,Santa Cruz,3004,65,0,31.52508998,-110.8479088,4023.0,6460.492924426857,2.1637816245006656,2939,2995,65,0,2930,2981,46511,9,0,0,9,14
2020-10-28,US,Arizona,Unassigned,0,1,0,0.0,0.0,90004.0,0.0,0.0,-1,1,1,0,0,0,,-1,0,0,-1,1
2020-10-28,US,Arizona,Yavapai,2939,89,0,34.59933926,-112.5538588,4025.0,1250.1116550899833,3.028240898264716,2850,2919,88,0,2831,2893,231993,20,1,0,19,26
2020-10-28,US,Arizona,Yuma,13689,354,0,32.76895712,-113.90666740000002,4027.0,6403.102153077596,2.586017970633355,13335,13670,354,0,13316,13646,212128,19,0,0,19,24
2020-10-28,US,Arkansas,Arkansas,676,16,0,34.29145151,-91.37277296,5001.0,3865.9499027793663,2.366863905325444,660,673,16,0,657,668,17769,3,0,0,3,5
2020-10-28,US,Arkansas,Ashley,547,11,0,33.19153461,-91.76984709999999,5003.0,2782.723711654881,2.010968921389397,536,539,11,0,528,537,20046,8,0,0,8,2
2020-10-28,US,Arkansas,Baxter,677,10,0,36.28784385,-92.33782872,5005.0,1614.5187446341697,1.4771048744460855,667,668,10,0,658,658,41619,9,0,0,9,10
2020-10-28,US,Arkansas,Benton,8262,119,0,36.33644656,-94.25680817,5007.0,2959.794512450697,1.4403292181069958,8143,8177,118,0,8059,8098,272608,85,1,0,84,79
2020-10-28,US,Arkansas,Boone,1045,34,0,36.3084504,-93.09374925,5009.0,2791.729001923489,3.253588516746412,1011,1040,33,0,1007,1032,37480,5,1,0,4,8
2020-10-28,US,Arkansas,Bradley,371,8,0,33.46755808,-92.15980837,5011.0,3446.994332435195,2.1563342318059298,363,370,8,0,362,369,10897,1,0,0,1,1
2020-10-28,US,Arkansas,Calhoun,53,0,0,33.55598792,-92.49974403,5013.0,1021.3914048949704,0.0,53,53,0,0,53,49,5277,0,0,0,0,4
2020-10-28,US,Arkansas,Carroll,1007,16,0,36.34038560000001,-93.54270261,5015.0,3548.273431994363,1.5888778550148956,991,1000,15,0,985,992,28223,7,1,0,6,8
2020-10-28,US,Arkansas,Chicot,1053,23,0,33.26458973,-91.29539209,5017.0,10407.195097845424,2.184235517568851,1030,1050,22,0,1028,1049,10438,3,1,0,2,1
2020-10-28,US,Arkansas,Clark,501,5,0,34.04613432,-93.17484713,5019.0,2244.6236559139784,0.998003992015968,496,497,5,0,492,495,22061,4,0,0,4,2
2020-10-28,US,Arkansas,Clay,493,12,0,36.36826212,-90.4148172,5021.0,3388.0832932444505,2.4340770791075053,481,490,12,0,478,482,14847,3,0,0,3,8
2020-10-28,US,Arkansas,Cleburne,462,15,0,35.53864922,-92.02640019,5023.0,1854.0069826237009,3.2467532467532467,447,461,15,0,446,455,24965,1,0,0,1,6
2020-10-28,US,Arkansas,Cleveland,238,13,0,33.89723187,-92.18537045,5025.0,2991.452991452991,5.46218487394958,225,234,13,0,221,233,8018,4,0,0,4,1
2020-10-28,US,Arkansas,Columbia,711,21,0,33.21230701,-93.22642793,5027.0,3031.078142985037,2.9535864978902957,690,704,21,0,683,696,23537,7,0,0,7,8
2020-10-28,US,Arkansas,Conway,349,3,0,35.26205537,-92.70506566,5029.0,1674.1820972848514,0.8595988538681948,346,346,3,0,343,344,20891,3,0,0,3,2
2020-10-28,US,Arkansas,Craighead,4583,45,0,35.83018283,-90.63235729,5031.0,4153.82663234601,0.9818895919703252,4538,4544,45,0,4499,4472,108558,39,0,0,39,72
2020-10-28,US,Arkansas,Crawford,2063,26,0,35.58928601,-94.2446814,5033.0,3261.299144758683,1.2603005332040718,2037,2035,26,0,2009,2018,63406,28,0,0,28,17
2020-10-28,US,Arkansas,Crittenden,2428,52,0,35.21247318,-90.30839406,5035.0,5063.079970805964,2.1416803953871497,2376,2397,52,0,2345,2367,48342,31,0,0,31,30
2020-10-28,US,Arkansas,Cross,593,22,0,35.29631396,-90.77185818,5037.0,3611.6694073938734,3.7099494097807764,571,587,22,0,565,579,16676,6,0,0,6,8
2020-10-28,US,Arkansas,Dallas,180,6,0,33.97042763,-92.65167437,5039.0,2568.12669425025,3.333333333333333,174,179,5,0,174,179,7182,1,1,0,0,0
2020-10-28,US,Arkansas,Desha,414,7,0,33.83011025,-91.25500948,5041.0,3644.045418537101,1.6908212560386473,407,410,7,0,403,410,11512,4,0,0,4,0
2020-10-28,US,Arkansas,Drew,433,7,0,33.59035001,-91.71777921,5043.0,2376.6397716669408,1.6166281755196306,426,430,7,0,423,429,18328,3,0,0,3,1
2020-10-28,US,Arkansas,Faulkner,3389,36,0,35.14719007,-92.33717519,5045.0,2689.5331211758075,1.0622602537621717,3353,3358,35,0,3323,3320,124806,31,1,0,30,38
2020-10-28,US,Arkansas,Franklin,537,3,0,35.51202821,-93.89299569,5047.0,3031.329381879764,0.5586592178770949,534,529,3,0,526,522,17810,8,0,0,8,7
2020-10-28,US,Arkansas,Fulton,330,9,0,36.38177105,-91.81729127,5049.0,2644.8665544602068,2.727272727272727,321,323,9,0,314,319,12269,7,0,0,7,4
2020-10-28,US,Arkansas,Garland,2481,66,0,34.57692074,-93.14921604,5051.0,2496.327450546354,2.660217654171705,2415,2457,66,0,2391,2448,99154,24,0,0,24,9
2020-10-28,US,Arkansas,Grant,368,4,0,34.29017991,-92.42320562,5053.0,2014.782370654257,1.0869565217391304,364,364,4,0,360,360,18188,4,0,0,4,4
2020-10-28,US,Arkansas,Greene,1541,20,0,36.11735460000001,-90.55832668,5055.0,3399.8896856039714,1.2978585334198571,1521,1507,19,0,1488,1466,45325,34,1,0,33,41
2020-10-28,US,Arkansas,Hempstead,557,5,0,33.73325583,-93.66935133,5057.0,2586.847482816273,0.8976660682226212,552,554,5,0,549,547,21741,3,0,0,3,7
2020-10-28,US,Arkansas,Hot Spring,2212,38,0,34.31709259,-92.95396325,5059.0,6549.998519439756,1.7179023508137432,2174,2208,36,0,2172,2203,33701,4,2,0,2,5
2020-10-28,US,Arkansas,Howard,590,14,0,34.09007427,-93.9934871,5061.0,4469.0198454779575,2.3728813559322037,576,582,14,0,568,578,13341,8,0,0,8,4
2020-10-28,US,Arkansas,Independence,1472,53,0,35.74242707,-91.57001641,5063.0,3891.606080634501,3.6005434782608696,1419,1466,51,0,1415,1457,37678,6,2,0,4,9
2020-10-28,US,Arkansas,Izard,604,2,0,36.09604046,-91.90847954,5065.0,4431.726465624771,0.3311258278145696,602,556,2,0,554,556,13593,48,0,0,48,0
2020-10-28,US,Arkansas,Jackson,773,6,0,35.59802983,-91.21494602,5067.0,4623.482265685747,0.7761966364812419,767,760,6,0,754,750,16811,13,0,0,13,10
2020-10-28,US,Arkansas,Jefferson,4231,102,0,34.26767081,-91.92619839,5069.0,6331.557524242787,2.4107775939494207,4129,4194,102,0,4092,4160,68114,37,0,0,37,34
2020-10-28,US,Arkansas,Johnson,1025,8,0,35.56759135,-93.46036368,5071.0,3856.5731055760402,0.7804878048780488,1017,1017,8,0,1009,1013,26742,8,0,0,8,4
2020-10-28,US,Arkansas,Lafayette,173,3,0,33.24116713,-93.60677071,5073.0,2611.714975845411,1.7341040462427746,170,172,3,0,169,170,6682,1,0,0,1,2
2020-10-28,US,Arkansas,Lawrence,833,18,0,36.04188196,-91.10867198,5075.0,5077.410703401195,2.1608643457382954,815,823,17,0,806,808,16434,10,1,0,9,15
2020-10-28,US,Arkansas,Lee,1110,18,0,34.78498904,-90.78383866,5077.0,12532.460200970983,1.6216216216216215,1092,1110,18,0,1092,1110,8985,0,0,0,0,0
2020-10-28,US,Arkansas,Lincoln,2333,17,0,33.95317155,-91.74002806,5079.0,17913.083538083538,0.7286755250750108,2316,2315,17,0,2298,2306,13383,18,0,0,18,9
2020-10-28,US,Arkansas,Little River,459,38,0,33.70375665,-94.23468591,5081.0,3744.187943551676,8.278867102396513,421,451,38,0,413,447,12326,8,0,0,8,4
2020-10-28,US,Arkansas,Logan,595,4,0,35.21413234,-93.71951016,5083.0,2771.8252119631043,0.6722689075630253,591,594,4,0,590,592,21737,1,0,0,1,2
2020-10-28,US,Arkansas,Lonoke,1781,28,0,34.75392199,-91.88742357,5085.0,2429.442496828493,1.5721504772599664,1753,1752,28,0,1724,1723,73657,29,0,0,29,29
2020-10-28,US,Arkansas,Madison,431,6,0,36.01038185,-93.72524943,5087.0,2600.144787644788,1.3921113689095128,425,430,6,0,424,426,16481,1,0,0,1,4
2020-10-28,US,Arkansas,Marion,155,2,0,36.26844485,-92.68451899,5089.0,928.4772972325386,1.2903225806451613,153,153,2,0,151,151,16722,2,0,0,2,2
2020-10-28,US,Arkansas,Miller,1457,16,0,33.31403423,-93.89285258,5091.0,3368.240978338765,1.0981468771448182,1441,1435,16,0,1419,1419,43592,22,0,0,22,16
2020-10-28,US,Arkansas,Mississippi,2316,68,0,35.76271485,-90.05194370000002,5093.0,5697.276819758431,2.936096718480138,2248,2297,68,0,2229,2267,41239,19,0,0,19,30
2020-10-28,US,Arkansas,Monroe,212,1,0,34.6815935,-91.20540287,5095.0,3163.706909416505,0.4716981132075472,211,212,1,0,211,212,6900,0,0,0,0,0
2020-10-28,US,Arkansas,Montgomery,183,8,0,34.53704874,-93.65824478,5097.0,2036.5012241264194,4.371584699453551,175,183,8,0,175,182,8924,0,0,0,0,1
2020-10-28,US,Arkansas,Nevada,311,14,0,33.66340119,-93.30632432,5099.0,3768.783325254484,4.501607717041801,297,301,14,0,287,299,8326,10,0,0,10,2
2020-10-28,US,Arkansas,Newton,314,20,0,35.91947491,-93.21612969,5101.0,4050.0451438152973,6.369426751592357,294,307,19,0,288,306,7805,7,1,0,6,1
2020-10-28,US,Arkansas,Ouachita,385,9,0,33.58839816,-92.87795984,5103.0,1646.5657343255496,2.3376623376623376,376,379,9,0,370,377,23606,6,0,0,6,2
2020-10-28,US,Arkansas,Perry,139,0,0,34.945915299999996,-92.94372564,5105.0,1329.507412721186,0.0,139,137,0,0,137,137,10352,2,0,0,2,0
2020-10-28,US,Arkansas,Phillips,757,16,0,34.43268455,-90.84800154,5107.0,4257.113935440333,2.1136063408190227,741,746,16,0,730,741,18029,11,0,0,11,5
2020-10-28,US,Arkansas,Pike,269,1,0,34.16250414,-93.65789349,5109.0,2509.796603844001,0.3717472118959108,268,267,1,0,266,266,10673,2,0,0,2,1
2020-10-28,US,Arkansas,Poinsett,1115,20,0,35.57433534,-90.66268713,5111.0,4739.034342060524,1.7937219730941705,1095,1071,20,0,1051,1039,23974,44,0,0,44,32
2020-10-28,US,Arkansas,Polk,360,5,0,34.48254879,-94.22728802,5113.0,1803.2458425165296,1.3888888888888888,355,358,5,0,353,354,20049,2,0,0,2,4
2020-10-28,US,Arkansas,Pope,2759,38,0,35.44871474,-93.03212219,5115.0,4306.0931452116365,1.3773106197897789,2721,2725,38,0,2687,2707,64000,34,0,0,34,18
2020-10-28,US,Arkansas,Prairie,231,4,0,34.83624419,-91.55162157,5117.0,2865.293971719176,1.7316017316017316,227,224,4,0,220,207,8074,7,0,0,7,17
2020-10-28,US,Arkansas,Pulaski,12058,211,0,34.77054088,-92.31355101,5119.0,3076.718948945041,1.7498756012605738,11847,11997,209,0,11788,11830,392680,61,2,0,59,167
2020-10-28,US,Arkansas,Randolph,659,24,0,36.3415714,-91.02455531,5121.0,3669.6736830382,3.6418816388467374,635,650,24,0,626,640,17948,9,0,0,9,10
2020-10-28,US,Arkansas,Saline,2884,30,0,34.64916145,-92.67583224,5125.0,2355.497112800869,1.0402219140083218,2854,2854,29,0,2825,2790,121421,30,1,0,29,64
2020-10-28,US,Arkansas,Scott,220,1,0,34.85588887,-94.0632176,5127.0,2139.869662484194,0.4545454545454545,219,219,1,0,218,213,10319,1,0,0,1,6
2020-10-28,US,Arkansas,Searcy,202,1,0,35.9109364,-92.69936482,5129.0,2563.126506788479,0.4950495049504951,201,199,1,0,198,198,7958,3,0,0,3,1
2020-10-28,US,Arkansas,Sebastian,4877,93,0,35.19605503,-94.27162713,5131.0,3815.3128838195375,1.906909985646914,4784,4849,93,0,4756,4820,127753,28,0,0,28,29
2020-10-28,US,Arkansas,Sevier,1362,16,0,33.99780401,-94.2424869,5133.0,8008.467101781619,1.1747430249632893,1346,1351,16,0,1335,1341,17139,11,0,0,11,10
2020-10-28,US,Arkansas,Sharp,365,10,0,36.16258158,-91.47819342,5135.0,2092.649925467263,2.7397260273972597,355,361,10,0,351,358,17366,4,0,0,4,3
2020-10-28,US,Arkansas,St. Francis,1762,10,0,35.02201976,-90.74828138,5123.0,7049.6919260622535,0.5675368898978433,1752,1760,10,0,1750,1750,25439,2,0,0,2,10
2020-10-28,US,Arkansas,Stone,404,21,0,35.86251946,-92.15684085,5137.0,3230.4493842955376,5.198019801980198,383,401,21,0,380,398,12457,3,0,0,3,3
2020-10-28,US,Arkansas,Unassigned,2095,0,0,0.0,0.0,90005.0,0.0,0.0,2095,2098,0,0,2098,2205,,-3,0,0,-3,-107
2020-10-28,US,Arkansas,Union,1130,49,0,33.16887091,-92.59746952,5139.0,2921.255364252107,4.336283185840708,1081,1122,49,0,1073,1120,39126,8,0,0,8,2
2020-10-28,US,Arkansas,Van Buren,211,3,0,35.58095779,-92.51295036,5141.0,1275.3097612571773,1.4218009478672986,208,210,3,0,207,209,16603,1,0,0,1,1
2020-10-28,US,Arkansas,Washington,11522,151,0,35.976844,-94.21800746,5143.0,4817.151433815383,1.3105363652143724,11371,11468,150,0,11318,11392,236961,54,1,0,53,76
2020-10-28,US,Arkansas,White,1493,33,0,35.25688493,-91.74908296,5145.0,1895.8007948903535,2.2103148024112524,1460,1478,32,0,1446,1452,78727,15,1,0,14,26
2020-10-28,US,Arkansas,Woodruff,124,0,0,35.18902527,-91.2439489,5147.0,1962.0253164556962,0.0,124,120,0,0,120,116,6490,4,0,0,4,4
2020-10-28,US,Arkansas,Yell,1345,31,0,35.00292371,-93.41171338,5149.0,6302.422566890024,2.3048327137546467,1314,1341,31,0,1310,1339,21535,4,0,0,4,2
2020-10-28,US,California,Alameda,23576,462,0,37.64629437,-121.8929271,6001.0,1410.6139485403535,1.9596199524940616,23114,23471,462,0,23009,23391,1666753,105,0,0,105,80
2020-10-28,US,California,Alpine,3,0,0,38.59678594,-119.82235940000001,6003.0,265.72187776793623,0.0,3,3,0,0,3,3,1101,0,0,0,0,0
2020-10-28,US,California,Amador,335,16,0,38.44583082,-120.65696000000001,6005.0,842.7248943449388,4.776119402985074,319,331,16,0,315,330,39383,4,0,0,4,1
2020-10-28,US,California,Butte,3107,52,0,39.66727762,-121.6005252,6007.0,1417.5175421787887,1.6736401673640169,3055,3095,52,0,3043,3087,231256,12,0,0,12,8
2020-10-28,US,California,Calaveras,347,21,0,38.20537103,-120.55291299999999,6009.0,755.9089423810042,6.051873198847263,326,342,18,0,324,342,45602,5,3,0,2,0
2020-10-28,US,California,Colusa,553,6,0,39.17881957,-122.2331726,6011.0,2566.482572979997,1.08499095840868,547,551,6,0,545,550,21627,2,0,0,2,1
2020-10-28,US,California,Contra Costa,18817,243,0,37.91923498,-121.9289527,6013.0,1631.2592867434287,1.2913854493277357,18574,18763,242,0,18521,18694,1150215,54,1,0,53,69
2020-10-28,US,California,Del Norte,180,1,0,41.74228275,-123.89740630000001,6015.0,647.2026463397094,0.5555555555555556,179,180,1,0,179,178,27828,0,0,0,0,2
2020-10-28,US,California,El Dorado,1361,4,0,38.77965956,-120.5233166,6017.0,705.755459104038,0.2939015429831007,1357,1351,4,0,1347,1328,190678,10,0,0,10,23
2020-10-28,US,California,Fresno,31096,439,0,36.75733899,-119.6466953,6019.0,3112.398045843213,1.4117571391818884,30657,30969,439,0,30530,30858,994400,127,0,0,127,111
2020-10-28,US,California,Glenn,678,3,0,39.59875897,-122.3938452,6021.0,2387.91251364773,0.4424778761061947,675,671,3,0,668,657,28047,7,0,0,7,14
2020-10-28,US,California,Humboldt,568,10,0,40.69923009,-123.876044,6023.0,419.0088375455525,1.7605633802816902,558,568,10,0,558,567,136373,0,0,0,0,1
2020-10-28,US,California,Imperial,12983,336,0,33.0393082,-115.36690420000001,6025.0,7164.417956570924,2.5879996919047987,12647,12967,336,0,12631,12882,181827,16,0,0,16,85
2020-10-28,US,California,Inyo,234,15,0,36.51112084,-117.41119779999998,6027.0,1297.1894229170132,6.410256410256411,219,231,15,0,216,227,17987,3,0,0,3,4
2020-10-28,US,California,Kern,34027,420,0,35.34329425,-118.72777959999999,6029.0,3779.9293936249865,1.2343139271754784,33607,33928,416,0,33512,33881,896764,99,4,0,95,47
2020-10-28,US,California,Kings,8411,83,0,36.07409056,-119.8159973,6031.0,5499.5423041715685,0.9868029960765664,8328,8264,83,0,8181,8246,151366,147,0,0,147,18
2020-10-28,US,California,Lake,700,16,0,39.10124298,-122.75362439999999,6033.0,1087.1928680147855,2.2857142857142856,684,698,16,0,682,695,64382,2,0,0,2,3
2020-10-28,US,California,Lassen,766,1,0,40.67311306,-120.59350990000002,6035.0,2505.4786903476925,0.13054830287206268,765,766,1,0,765,766,30802,0,0,0,0,0
2020-10-28,US,California,Los Angeles,303369,7040,0,34.30828379,-118.22824109999999,6037.0,3021.872363747095,2.320606258385003,296329,302077,7027,0,295050,300614,10105518,1292,13,0,1279,1463
2020-10-28,US,California,Madera,5057,76,0,37.21513971,-119.76655890000002,6039.0,3214.324305427549,1.5028673126359502,4981,5037,74,0,4963,5020,157672,20,2,0,18,17
2020-10-28,US,California,Marin,7099,127,0,38.07122463,-122.72106310000001,6041.0,2742.7692735660253,1.7889843639949288,6972,7096,129,0,6967,7089,259666,3,-2,0,5,7
2020-10-28,US,California,Mariposa,80,2,0,37.57978556,-119.9073334,6043.0,465.0351682846015,2.5,78,79,2,0,77,78,17471,1,0,0,1,1
2020-10-28,US,California,Mendocino,1142,21,0,39.4381191,-123.39113130000001,6045.0,1316.4416880886236,1.8388791593695268,1121,1136,21,0,1115,1129,87606,6,0,0,6,7
2020-10-28,US,California,Merced,9572,155,0,37.18922369,-120.72090349999999,6047.0,3447.1333909536156,1.6193063100710403,9417,9531,155,0,9376,9465,274765,41,0,0,41,66
2020-10-28,US,California,Modoc,43,0,0,41.58965602,-120.7244817,6049.0,486.37032009953623,0.0,43,36,0,0,36,29,8777,7,0,0,7,7
2020-10-28,US,California,Mono,180,2,0,37.93899289,-118.8872409,6051.0,1246.1921905289396,1.1111111111111112,178,180,2,0,178,180,14250,0,0,0,0,0
2020-10-28,US,California,Monterey,11472,91,0,36.21862405,-121.24133970000001,6053.0,2642.946498303234,0.7932357043235704,11381,11419,90,0,11329,11399,435594,53,1,0,52,20
2020-10-28,US,California,Napa,1979,16,0,38.50735751,-122.33283899999999,6055.0,1436.7231966546638,0.8084891359272359,1963,1966,16,0,1950,1962,139417,13,0,0,13,4
2020-10-28,US,California,Nevada,628,8,0,39.30394768,-120.76272809999999,6057.0,629.5423788281289,1.2738853503184713,620,623,8,0,615,616,99696,5,0,0,5,7
2020-10-28,US,California,Orange,59213,1467,0,33.70147516,-117.76459979999998,6059.0,1864.5699897849038,2.477496495701957,57746,58980,1454,0,57526,58725,3185968,233,13,0,220,255
2020-10-28,US,California,Placer,4248,57,0,39.06167234,-120.72405690000001,6061.0,1066.4551162481266,1.3418079096045197,4191,4207,57,0,4150,4178,393149,41,0,0,41,29
2020-10-28,US,California,Plumas,73,0,0,40.00355989,-120.8395236,6063.0,388.1533471579731,0.0,73,70,0,0,70,68,18804,3,0,0,3,2
2020-10-28,US,California,Riverside,67299,1305,0,33.74314981,-115.9933578,6065.0,2724.05371120392,1.9391075647483615,65994,66993,1303,0,65690,66732,2450758,306,2,0,304,261
2020-10-28,US,California,Sacramento,25750,496,0,38.45106826,-121.34253740000001,6067.0,1659.08748255542,1.9262135922330097,25254,25601,491,0,25110,25445,1540975,149,5,0,144,156
2020-10-28,US,California,San Benito,1444,15,0,36.60308176,-121.069975,6069.0,2299.070182142403,1.0387811634349031,1429,1442,15,0,1427,1442,61537,2,0,0,2,0
2020-10-28,US,California,San Bernardino,63850,1073,0,34.84060306,-116.1774685,6071.0,2928.784886827807,1.6805011746280345,62777,63367,1073,0,62294,62774,2171603,483,0,0,483,593
2020-10-28,US,California,San Diego,55540,881,0,33.03484597,-116.73653259999999,6073.0,1663.7061045492803,1.5862441483615413,54659,55210,877,0,54333,54941,3343364,330,4,0,326,269
2020-10-28,US,California,San Francisco,12241,145,0,37.75215114,-122.43856720000001,6075.0,1388.5785135029364,1.1845437464259456,12096,12189,140,0,12049,12152,883305,52,5,0,47,37
2020-10-28,US,California,San Joaquin,21906,490,0,37.93433732,-121.2730061,6077.0,2874.2448973165315,2.236830092212179,21416,21729,489,0,21240,21630,752660,177,1,0,176,99
2020-10-28,US,California,San Luis Obispo,4191,32,0,35.38822029,-120.4039028,6079.0,1480.3381006036502,0.7635409210212359,4159,4174,32,0,4142,4141,284010,17,0,0,17,33
2020-10-28,US,California,San Mateo,11232,159,0,37.422880799999994,-122.32755459999998,6081.0,1465.2224902259795,1.415598290598291,11073,11198,159,0,11039,11149,769545,34,0,0,34,49
2020-10-28,US,California,Santa Barbara,9874,126,0,34.65329488,-120.0188492,6083.0,2211.42712525672,1.2760785902369858,9748,9827,122,0,9705,9814,446527,47,4,0,43,13
2020-10-28,US,California,Santa Clara,24558,402,0,37.23104908,-121.6970462,6085.0,1273.8529721161167,1.6369411189836305,24156,24425,392,0,24033,24313,1937570,133,10,0,123,112
2020-10-28,US,California,Santa Cruz,2821,25,0,37.05580291,-122.0066524,6087.0,1032.5277347710394,0.8862105636299185,2796,2808,25,0,2783,2802,274255,13,0,0,13,6
2020-10-28,US,California,Shasta,1962,31,0,40.76391419,-122.0396884,6089.0,1089.515770768547,1.5800203873598369,1931,1954,31,0,1923,1889,180040,8,0,0,8,65
2020-10-28,US,California,Sierra,6,0,0,39.57713498,-120.52007009999998,6091.0,199.6672212978369,0.0,6,6,0,0,6,6,2987,0,0,0,0,0
2020-10-28,US,California,Siskiyou,205,0,0,41.59198861,-122.54074340000001,6093.0,470.84223339994026,0.0,205,205,0,0,205,193,43724,0,0,0,0,12
2020-10-28,US,California,Solano,7480,76,0,38.26827353,-121.9357113,6095.0,1670.9744148797145,1.0160427807486632,7404,7445,76,0,7369,7384,446610,35,0,0,35,61
2020-10-28,US,California,Sonoma,9569,136,0,38.52746429,-122.88625060000001,6097.0,1935.7279259451057,1.421256139617515,9433,9494,136,0,9358,9402,499942,75,0,0,75,92
2020-10-28,US,California,Stanislaus,17760,399,0,37.55862499,-120.9970722,6099.0,3225.2206443177283,2.246621621621621,17361,17714,398,0,17316,17686,549815,46,1,0,45,28
2020-10-28,US,California,Sutter,1878,12,0,39.03417539,-121.6945899,6101.0,1936.6614761114147,0.6389776357827476,1866,1865,12,0,1853,1837,96807,13,0,0,13,28
2020-10-28,US,California,Tehama,913,9,0,40.12570935,-122.23701709999999,6103.0,1402.802532112347,0.9857612267250822,904,892,8,0,884,880,63916,21,1,0,20,12
2020-10-28,US,California,Trinity,28,0,0,40.64917670000001,-123.114713,6105.0,227.9202279202279,0.0,28,27,0,0,27,26,12535,1,0,0,1,1
2020-10-28,US,California,Tulare,17678,288,0,36.22026558,-118.8020203,6107.0,3791.9754609122792,1.6291435682769544,17390,17590,288,0,17302,17495,465861,88,0,0,88,95
2020-10-28,US,California,Tuolumne,279,4,0,38.02644018,-119.95250929999999,6109.0,512.1333382282756,1.4336917562724014,275,275,4,0,271,271,54539,4,0,0,4,4
2020-10-28,US,California,Ventura,14347,165,0,34.44465746,-119.09106129999999,6111.0,1695.850856849715,1.1500662159336448,14182,14330,165,0,14165,14300,850967,17,0,0,17,30
2020-10-28,US,California,Yolo,3234,60,0,38.68278902,-121.90182879999999,6113.0,1466.666666666667,1.855287569573284,3174,3219,59,0,3160,3207,220408,15,1,0,14,12
2020-10-28,US,California,Yuba,1334,10,0,39.26255932,-121.35356440000001,6115.0,1695.7339706106675,0.7496251874062968,1324,1323,10,0,1313,1293,78041,11,0,0,11,30
2020-10-28,US,Colorado,Adams,14173,260,0,39.87432092,-104.3362578,8001.0,2739.162113636671,1.8344739998588864,13913,13945,257,0,13688,13724,511868,228,3,0,225,221
2020-10-28,US,Colorado,Alamosa,316,9,0,37.57250606,-105.7885451,8003.0,1946.651881968829,2.848101265822785,307,307,9,0,298,307,16683,9,0,0,9,0
2020-10-28,US,Colorado,Arapahoe,12810,382,0,39.64977461,-104.3353617,8005.0,1950.98920178498,2.9820452771272445,12428,12654,380,0,12274,12481,651215,156,2,0,154,173
2020-10-28,US,Colorado,Archuleta,67,0,0,37.19474156,-107.04768670000001,8007.0,477.58215125810824,0.0,67,67,0,0,67,66,13765,0,0,0,0,1
2020-10-28,US,Colorado,Baca,31,0,0,37.31940883,-102.5603223,8009.0,865.6799776598715,0.0,31,31,0,0,31,30,3585,0,0,0,0,1
2020-10-28,US,Colorado,Bent,14,0,0,37.95474293,-103.0720195,8011.0,251.03102026178948,0.0,14,14,0,0,14,15,5882,0,0,0,0,-1
2020-10-28,US,Colorado,Boulder,5651,85,0,40.09313619,-105.3546767,8013.0,1732.394020772787,1.504158556007786,5566,5501,85,0,5416,5454,326078,150,0,0,150,47
2020-10-28,US,Colorado,Broomfield,985,42,0,39.95998787,-105.0566324,8014.0,1397.8570921734195,4.2639593908629445,943,947,41,0,906,930,69267,38,1,0,37,17
2020-10-28,US,Colorado,Chaffee,402,20,0,38.74745778,-106.19265729999998,8015.0,1974.8477107486733,4.975124378109452,382,394,20,0,374,393,20027,8,0,0,8,1
2020-10-28,US,Colorado,Cheyenne,15,0,0,38.82777431,-102.6032558,8017.0,819.2244675040961,0.0,15,15,0,0,15,15,1876,0,0,0,0,0
2020-10-28,US,Colorado,Clear Creek,75,1,0,39.68864463,-105.6463118,8019.0,773.1958762886599,1.3333333333333333,74,71,1,0,70,70,9605,4,0,0,4,1
2020-10-28,US,Colorado,Conejos,66,0,0,37.201606,-106.19174879999998,8021.0,804.3875685557588,0.0,66,66,0,0,66,66,8200,0,0,0,0,0
2020-10-28,US,Colorado,Costilla,36,1,0,37.27732493,-105.4276548,8023.0,926.164136866478,2.7777777777777777,35,36,1,0,35,36,3828,0,0,0,0,0
2020-10-28,US,Colorado,Crowley,92,1,0,38.32608609,-103.7844965,8025.0,1517.9013364131326,1.0869565217391304,91,91,1,0,90,91,5858,1,0,0,1,0
2020-10-28,US,Colorado,Custer,21,0,0,38.10883162,-105.3683478,8027.0,414.3646408839778,0.0,21,21,0,0,21,20,4954,0,0,0,0,1
2020-10-28,US,Colorado,Delta,205,3,0,38.86246243,-107.86313419999999,8029.0,657.8525126756947,1.4634146341463414,202,203,3,0,200,201,30953,2,0,0,2,2
2020-10-28,US,Colorado,Denver,18256,450,0,39.76018276,-104.87256950000001,8031.0,2510.4130713094273,2.4649430324276946,17806,18037,449,0,17588,17787,716492,219,1,0,218,250
2020-10-28,US,Colorado,Dolores,3,0,0,37.75208676,-108.5211585,8033.0,145.98540145985402,0.0,3,3,0,0,3,3,2074,0,0,0,0,0
2020-10-28,US,Colorado,Douglas,4008,64,0,39.33133796,-104.930001,8035.0,1141.3795656606505,1.5968063872255491,3944,3943,64,0,3879,3868,342776,65,0,0,65,75
2020-10-28,US,Colorado,Eagle,1447,10,0,39.62754308,-106.6933637,8037.0,2624.8480780742652,0.691085003455425,1437,1428,10,0,1418,1426,54993,19,0,0,19,2
2020-10-28,US,Colorado,El Paso,10159,198,0,38.83240149,-104.5251411,8041.0,1410.1829115092526,1.9490107294025003,9961,10056,196,0,9860,9898,713856,103,2,0,101,158
2020-10-28,US,Colorado,Elbert,224,3,0,39.28656773,-104.13587209999999,8039.0,838.0410789778891,1.3392857142857142,221,219,3,0,216,215,26282,5,0,0,5,4
2020-10-28,US,Colorado,Fremont,679,2,0,38.47362326,-105.43996670000001,8043.0,1419.3440498338175,0.29455081001472755,677,673,1,0,672,669,48021,6,1,0,5,4
2020-10-28,US,Colorado,Garfield,1187,5,0,39.59921777,-107.902708,8045.0,1976.3240705282965,0.42122999157540014,1182,1163,5,0,1158,1153,59770,24,0,0,24,10
2020-10-28,US,Colorado,Gilpin,28,0,0,39.85646523,-105.5252597,8047.0,448.5023226013135,0.0,28,28,0,0,28,28,6121,0,0,0,0,0
2020-10-28,US,Colorado,Grand,153,1,0,40.10603347,-106.11780420000001,8049.0,972.4164230329224,0.6535947712418301,152,153,1,0,152,149,15525,0,0,0,0,4
2020-10-28,US,Colorado,Gunnison,307,7,0,38.66611652,-107.0320729,8051.0,1758.103310044669,2.280130293159609,300,306,7,0,299,306,17246,1,0,0,1,0
2020-10-28,US,Colorado,Hinsdale,3,0,0,37.82247444,-107.3004345,8053.0,365.8536585365854,0.0,3,3,0,0,3,3,811,0,0,0,0,0
2020-10-28,US,Colorado,Huerfano,33,2,0,37.68473101,-104.9612585,8055.0,478.4688995215312,6.0606060606060606,31,33,2,0,31,33,6889,0,0,0,0,0
2020-10-28,US,Colorado,Jackson,9,0,0,40.66593870000001,-106.3408905,8057.0,646.5517241379309,0.0,9,9,0,0,9,9,1399,0,0,0,0,0
2020-10-28,US,Colorado,Jefferson,8608,311,0,39.58635604,-105.2517692,8059.0,1476.8022975530164,3.612918215613383,8297,8464,309,0,8155,8333,580233,144,2,0,142,131
2020-10-28,US,Colorado,Kiowa,4,0,0,38.43260896,-102.7392145,8061.0,284.4950213371266,0.0,4,4,0,0,4,4,1383,0,0,0,0,0
2020-10-28,US,Colorado,Kit Carson,132,3,0,39.30497777,-102.60221990000001,8063.0,1859.940820064816,2.272727272727273,129,131,3,0,128,130,7163,1,0,0,1,1
2020-10-28,US,Colorado,La Plata,364,2,0,37.28632032,-107.8429014,8067.0,647.4449049287633,0.5494505494505495,362,364,2,0,362,354,56310,0,0,0,0,10
2020-10-28,US,Colorado,Lake,133,0,0,39.20278823,-106.35556969999999,8065.0,1636.5202411714042,0.0,133,133,0,0,133,133,7824,0,0,0,0,0
2020-10-28,US,Colorado,Larimer,4105,57,0,40.66671597,-105.4625784,8069.0,1150.1853465546276,1.3885505481120584,4048,4071,57,0,4014,4013,350518,34,0,0,34,58
2020-10-28,US,Colorado,Las Animas,74,1,0,37.3153406,-104.03764579999999,8071.0,510.133737763684,1.351351351351351,73,70,1,0,69,70,14503,4,0,0,4,0
2020-10-28,US,Colorado,Lincoln,25,0,0,38.98749519,-103.51366490000001,8073.0,438.5195579722856,0.0,25,25,0,0,25,24,5610,0,0,0,0,1
2020-10-28,US,Colorado,Logan,1233,12,0,40.7249637,-103.110817,8075.0,5502.253558837968,0.97323600973236,1221,1223,12,0,1211,1213,21528,10,0,0,10,10
2020-10-28,US,Colorado,Mesa,1470,13,0,39.01787888,-108.469799,8077.0,953.2455742169768,0.8843537414965986,1457,1419,11,0,1408,1357,153207,51,2,0,49,62
2020-10-28,US,Colorado,Mineral,21,0,0,37.66954283,-106.92816979999999,8079.0,2730.8192457737327,0.0,21,21,0,0,21,21,776,0,0,0,0,0
2020-10-28,US,Colorado,Moffat,68,1,0,40.61810999,-108.2070876,8081.0,511.93254535872916,1.4705882352941178,67,64,1,0,63,62,13188,4,0,0,4,2
2020-10-28,US,Colorado,Montezuma,212,5,0,37.33859579,-108.59588570000001,8083.0,809.6856739105526,2.358490566037736,207,211,5,0,206,200,26158,1,0,0,1,11
2020-10-28,US,Colorado,Montrose,470,13,0,38.40214114,-108.26390220000002,8085.0,1099.2095046541,2.765957446808511,457,470,13,0,457,463,42214,0,0,0,0,7
2020-10-28,US,Colorado,Morgan,864,48,0,40.26279810000001,-103.8093302,8087.0,2972.3407183156733,5.5555555555555545,816,856,48,0,808,854,28558,8,0,0,8,2
2020-10-28,US,Colorado,Otero,148,6,0,37.9014485,-103.7173385,8089.0,809.7165991902832,4.0540540540540535,142,139,6,0,133,138,18432,9,0,0,9,1
2020-10-28,US,Colorado,Ouray,38,2,0,38.14717457,-107.7675136,8091.0,767.3667205169627,5.2631578947368425,36,36,2,0,34,38,4833,2,0,0,2,-2
2020-10-28,US,Colorado,Park,96,1,0,39.120926000000004,-105.7182065,8093.0,509.4189440169806,1.0416666666666667,95,95,1,0,94,92,18556,1,0,0,1,3
2020-10-28,US,Colorado,Phillips,55,0,0,40.59414277,-102.3577703,8095.0,1289.5662368112544,0.0,55,50,0,0,50,48,4286,5,0,0,5,2
2020-10-28,US,Colorado,Pitkin,291,2,0,39.21720112,-106.9310027,8097.0,1637.8679574492035,0.6872852233676976,289,287,2,0,285,278,17950,4,0,0,4,9
2020-10-28,US,Colorado,Prowers,182,3,0,37.95544985,-102.3926052,8099.0,1495.2349654945776,1.6483516483516485,179,175,3,0,172,172,12164,7,0,0,7,3
2020-10-28,US,Colorado,Pueblo,2096,41,0,38.17359144,-104.5127437,8101.0,1244.4782216311214,1.956106870229008,2055,2047,41,0,2006,1982,167529,49,0,0,49,65
2020-10-28,US,Colorado,Rio Blanco,29,0,0,39.97913541,-108.2179009,8103.0,458.57052498418716,0.0,29,28,0,0,28,28,6336,1,0,0,1,0
2020-10-28,US,Colorado,Rio Grande,122,3,0,37.5836865,-106.3847838,8105.0,1082.8082009408006,2.459016393442623,119,122,3,0,119,121,11250,0,0,0,0,1
2020-10-28,US,Colorado,Routt,215,8,0,40.48596505,-106.9905548,8107.0,838.5989546766517,3.72093023255814,207,211,8,0,203,204,25733,4,0,0,4,7
2020-10-28,US,Colorado,Saguache,137,2,0,38.08054629,-106.28246599999999,8109.0,2007.6201641266118,1.45985401459854,135,135,2,0,133,135,6843,2,0,0,2,0
2020-10-28,US,Colorado,San Juan,7,0,0,37.76248981,-107.67632890000002,8111.0,961.5384615384617,0.0,7,7,0,0,7,11,762,0,0,0,0,-4
2020-10-28,US,Colorado,San Miguel,104,0,0,38.00450883,-108.4020725,8113.0,1271.5490891307006,0.0,104,102,0,0,102,102,8191,2,0,0,2,0
2020-10-28,US,Colorado,Sedgwick,40,1,0,40.87595412,-102.3519227,8115.0,1779.3594306049822,2.5,39,40,1,0,39,40,2303,0,0,0,0,0
2020-10-28,US,Colorado,Summit,718,4,0,39.63803232,-106.1150762,8117.0,2315.307471542356,0.5571030640668524,714,695,4,0,691,678,31007,23,0,0,23,17
2020-10-28,US,Colorado,Teller,227,4,0,38.88133511,-105.16148929999999,8119.0,894.1232078147158,1.7621145374449338,223,223,4,0,219,220,25083,4,0,0,4,3
2020-10-28,US,Colorado,Washington,102,0,0,39.97015535,-103.202587,8121.0,2078.239608801956,0.0,102,96,0,0,96,96,4909,6,0,0,6,0
2020-10-28,US,Colorado,Weld,6122,159,0,40.55499405,-104.39296209999999,8123.0,1886.6412731284595,2.59719046063378,5963,6065,160,0,5905,6004,314305,57,-1,0,58,61
2020-10-28,US,Colorado,Yuma,218,1,0,40.00346839,-102.4258673,8125.0,2175.865854875736,0.4587155963302753,217,214,1,0,213,213,10020,4,0,0,4,1
2020-10-28,US,Connecticut,Fairfield,23280,1435,0,41.26809896,-73.3881171,9001.0,2467.848011092595,6.164089347079037,21845,23090,1433,0,21657,22893,943823,190,2,0,188,197
2020-10-28,US,Connecticut,Hartford,17783,1474,0,41.80283011,-72.73103891,9003.0,1994.2358587897547,8.288815160546589,16309,17672,1470,0,16202,17516,892697,111,4,0,107,156
2020-10-28,US,Connecticut,Litchfield,2228,143,0,41.7937534,-73.2451475,9005.0,1235.4921173606606,6.418312387791741,2085,2209,143,0,2066,2192,181111,19,0,0,19,17
2020-10-28,US,Connecticut,Middlesex,1965,197,0,41.45949668,-72.53714864,9007.0,1209.707207761826,10.025445292620867,1768,1957,197,0,1760,1937,162682,8,0,0,8,20
2020-10-28,US,Connecticut,New Haven,16837,1128,0,41.408032500000004,-72.93620426,9009.0,1969.7996038640226,6.699530795272317,15709,16715,1126,0,15589,16594,857620,122,2,0,120,121
2020-10-28,US,Connecticut,New London,3715,140,0,41.48896435,-72.10430976,9011.0,1400.7978703347585,3.7685060565275914,3575,3695,140,0,3555,3660,266784,20,0,0,20,35
2020-10-28,US,Connecticut,Tolland,1750,68,0,41.85853803,-72.3308481,9013.0,1161.0857146648445,3.8857142857142857,1682,1738,68,0,1670,1724,150921,12,0,0,12,14
2020-10-28,US,Connecticut,Unassigned,150,0,0,0.0,0.0,90009.0,0.0,0.0,150,153,0,0,153,189,,-3,0,0,-3,-36
2020-10-28,US,Connecticut,Windham,1419,19,0,41.82972709,-71.98182316,9015.0,1215.0845164494528,1.3389711064129668,1400,1408,18,0,1390,1394,117027,11,1,0,10,14
2020-10-28,US,Delaware,Kent,3481,120,0,39.08646628,-75.56884914,10001.0,1925.4809553837133,3.4472852628555013,3361,3462,120,0,3342,3447,178550,19,0,0,19,15
2020-10-28,US,Delaware,New Castle,12895,340,0,39.57992638,-75.64054974,10003.0,2307.817586661727,2.6366808840635905,12555,12814,340,0,12474,12776,559335,81,0,0,81,38
2020-10-28,US,Delaware,Sussex,7925,228,0,38.66143781,-75.39031349,10005.0,3383.4987725477645,2.8769716088328074,7697,7882,226,0,7656,7854,229286,43,2,0,41,28
2020-10-28,US,Delaware,Unassigned,91,0,0,0.0,0.0,90010.0,0.0,0.0,91,91,0,0,91,91,,0,0,0,0,0
2020-10-28,US,District of Columbia,District of Columbia,16973,644,0,38.90417773,-77.01655992,11001.0,2404.962670864571,3.7942614741059333,16329,16906,644,0,16262,16812,702455,67,0,0,67,94
2020-10-28,US,Florida,Alachua,10296,74,0,29.67866525,-82.35928158,12001.0,3826.897559126237,0.7187257187257188,10222,10196,74,0,10122,10114,269956,100,0,0,100,82
2020-10-28,US,Florida,Baker,1771,19,0,30.33060121,-82.28467476,12003.0,6062.99212598425,1.072840203274986,1752,1758,19,0,1739,1752,28355,13,0,0,13,6
2020-10-28,US,Florida,Bay,6780,133,0,30.26548745,-85.62122584,12005.0,3880.8276809478834,1.9616519174041296,6647,6724,133,0,6591,6667,185287,56,0,0,56,57
2020-10-28,US,Florida,Bradford,1233,15,0,29.95079741,-82.16611613,12007.0,4372.185383497039,1.2165450121654502,1218,1225,15,0,1210,1222,27732,8,0,0,8,3
2020-10-28,US,Florida,Brevard,11318,368,0,28.29409504,-80.73091022,12009.0,1880.2475986058457,3.2514578547446544,10950,11249,368,0,10881,11083,596849,69,0,0,69,166
2020-10-28,US,Florida,Broward,84983,1520,0,26.15184651,-80.48725556,12011.0,4351.902776454876,1.7885930127201908,83463,84338,1520,0,82818,83962,1951260,645,0,0,645,376
2020-10-28,US,Florida,Calhoun,709,14,0,30.40666734,-85.19394153,12013.0,5026.586316908898,1.9746121297602257,695,707,14,0,693,702,14587,2,0,0,2,5
2020-10-28,US,Florida,Charlotte,3611,157,0,26.90131002,-81.92949121,12015.0,1911.492244984384,4.3478260869565215,3454,3588,157,0,3431,3553,184998,23,0,0,23,35
2020-10-28,US,Florida,Citrus,3210,131,0,28.84804315,-82.47614748,12017.0,2144.904682039597,4.080996884735201,3079,3195,130,0,3065,3178,147929,15,1,0,14,17
2020-10-28,US,Florida,Clay,6032,126,0,29.98319144,-81.85609986,12019.0,2751.172167186616,2.088859416445624,5906,5993,119,0,5874,5966,216072,39,7,0,32,27
2020-10-28,US,Florida,Collier,14326,255,0,26.11091986,-81.34687065,12021.0,3721.9863757527887,1.7799804551165712,14071,14247,255,0,13992,14135,378488,79,0,0,79,112
2020-10-28,US,Florida,Columbia,4240,81,0,30.22509788,-82.62160164,12023.0,5914.68348073543,1.910377358490566,4159,4235,71,0,4164,4214,70503,5,10,0,-5,21
2020-10-28,US,Florida,DeSoto,1666,29,0,27.18677893,-81.80941373,12027.0,4384.095155390648,1.7406962785114046,1637,1662,29,0,1633,1654,37489,4,0,0,4,8
2020-10-28,US,Florida,Dixie,891,11,0,29.60631086,-83.15724673,12029.0,5295.376203494592,1.2345679012345678,880,887,11,0,876,886,16700,4,0,0,4,1
2020-10-28,US,Florida,Duval,34727,515,0,30.33225875,-81.66976468,12031.0,3625.875093317185,1.4829959397586892,34212,34619,515,0,34104,34462,950181,108,0,0,108,157
2020-10-28,US,Florida,Escambia,13445,269,0,30.67652764,-87.37284571,12033.0,4223.790195905955,2.000743770918557,13176,13375,269,0,13106,13328,315534,70,0,0,70,47
2020-10-28,US,Florida,Flagler,2115,38,0,29.45933576,-81.31508595,12035.0,1837.8359590201685,1.7966903073286051,2077,2103,38,0,2065,2085,112067,12,0,0,12,18
2020-10-28,US,Florida,Franklin,764,4,0,29.83791238,-84.82731662,12037.0,6301.030927835051,0.5235602094240838,760,759,4,0,755,755,11736,5,0,0,5,4
2020-10-28,US,Florida,Gadsden,3060,56,0,30.57796289,-84.61915825,12039.0,6701.708278580814,1.830065359477124,3004,3058,55,0,3003,3053,45894,2,1,0,1,5
2020-10-28,US,Florida,Gilchrist,603,18,0,29.72856978,-82.79880657,12041.0,3245.075879883759,2.985074626865672,585,603,18,0,585,604,18256,0,0,0,0,-1
2020-10-28,US,Florida,Glades,601,6,0,26.95635849,-81.18996211,12043.0,4351.603794077185,0.9983361064891848,595,599,6,0,593,597,13724,2,0,0,2,2
2020-10-28,US,Florida,Gulf,938,15,0,29.93543004,-85.24270990000002,12045.0,6877.337048170687,1.5991471215351811,923,937,15,0,922,935,16164,1,0,0,1,2
2020-10-28,US,Florida,Hamilton,903,11,0,30.49673973,-82.94998918,12047.0,6258.66370945384,1.2181616832779625,892,901,9,0,892,901,14310,2,2,0,0,0
2020-10-28,US,Florida,Hardee,1596,16,0,27.49293939,-81.80956574,12049.0,5924.935961688384,1.0025062656641603,1580,1584,16,0,1568,1582,27245,12,0,0,12,2
2020-10-28,US,Florida,Hendry,2209,43,0,26.55386945,-81.16469006,12051.0,5256.770263195469,1.946582163875057,2166,2202,43,0,2159,2199,41556,7,0,0,7,3
2020-10-28,US,Florida,Hernando,3678,170,0,28.55364461,-82.42700204,12053.0,1896.658415841584,4.6220772158781935,3508,3653,170,0,3483,3629,190865,25,0,0,25,24
2020-10-28,US,Florida,Highlands,2633,114,0,27.34254618,-81.34071957,12055.0,2478.7942120672933,4.3296619825294345,2519,2602,113,0,2489,2576,105424,31,1,0,30,26
2020-10-28,US,Florida,Hillsborough,47596,782,0,27.9276559,-82.32013172,12057.0,3233.494206395791,1.642995209681486,46814,47371,762,0,46609,47080,1436888,225,20,0,205,291
2020-10-28,US,Florida,Holmes,907,12,0,30.86747479,-85.81319222,12059.0,4623.540806443391,1.323042998897464,895,889,12,0,877,886,19477,18,0,0,18,3
2020-10-28,US,Florida,Indian River,3803,125,0,27.69308961,-80.60556721,12061.0,2378.019421846764,3.2868787799105967,3678,3764,125,0,3639,3737,157413,39,0,0,39,27
2020-10-28,US,Florida,Jackson,3123,84,0,30.795459700000002,-85.21500423,12063.0,6728.573275304864,2.689721421709894,3039,3108,84,0,3024,3102,48305,15,0,0,15,6
2020-10-28,US,Florida,Jefferson,665,9,0,30.43669112,-83.89442308,12065.0,4667.9769759932615,1.3533834586466165,656,665,9,0,656,661,14288,0,0,0,0,4
2020-10-28,US,Florida,Lafayette,1276,16,0,29.98484137,-83.18166636,12067.0,15150.795535502255,1.2539184952978055,1260,1275,16,0,1259,1273,8732,1,0,0,1,2
2020-10-28,US,Florida,Lake,8580,227,0,28.76202069,-81.7125123,12069.0,2337.123213789572,2.6456876456876457,8353,8520,226,0,8294,8479,356495,60,1,0,59,41
2020-10-28,US,Florida,Lee,23195,510,0,26.58410348,-81.88399313,12071.0,3010.082055394853,2.198749730545376,22685,23058,509,0,22549,22887,754610,137,1,0,136,171
2020-10-28,US,Florida,Leon,12246,115,0,30.45955727,-84.27491114,12073.0,4171.236656198268,0.939082149273232,12131,12137,114,0,12023,12060,292502,109,1,0,108,77
2020-10-28,US,Florida,Levy,1134,12,0,29.31829741,-82.74007147,12075.0,2732.332602462473,1.058201058201058,1122,1129,12,0,1117,1124,40770,5,0,0,5,5
2020-10-28,US,Florida,Liberty,534,11,0,30.23766008,-84.8829258,12077.0,6392.147474263826,2.059925093632959,523,534,11,0,523,533,8457,0,0,0,0,1
2020-10-28,US,Florida,Madison,1076,24,0,30.44396917,-83.47398594,12079.0,5818.417779700429,2.2304832713754648,1052,1075,24,0,1051,1075,18529,1,0,0,1,0
2020-10-28,US,Florida,Manatee,13175,330,0,27.47196942,-82.31831044,12081.0,3267.1796614036352,2.504743833017078,12845,13114,330,0,12784,13023,394855,61,0,0,61,91
2020-10-28,US,Florida,Marion,10795,348,0,29.21227113,-82.05803627,12083.0,2952.8501363590362,3.2237146827234837,10447,10755,347,0,10408,10706,359977,40,1,0,39,49
2020-10-28,US,Florida,Martin,5342,164,0,27.0772071,-80.43109784,12085.0,3318.0124223602484,3.0700112317484085,5178,5316,164,0,5152,5296,160912,26,0,0,26,20
2020-10-28,US,Florida,Miami-Dade,183996,3625,0,25.6112362,-80.55170587,12086.0,6772.17752324306,1.970151525033153,180371,183250,3624,0,179626,182523,2761581,746,1,0,745,727
2020-10-28,US,Florida,Monroe,2229,25,0,25.20904673,-81.07812416,12087.0,3002.909953117422,1.1215791834903543,2204,2214,25,0,2189,2199,75027,15,0,0,15,15
2020-10-28,US,Florida,Nassau,2470,51,0,30.61037141,-81.80297522,12089.0,2787.023977433005,2.0647773279352233,2419,2457,51,0,2406,2441,85832,13,0,0,13,16
2020-10-28,US,Florida,Okaloosa,6308,130,0,30.69143028,-86.59267105,12091.0,2993.290246656987,2.060875079264426,6178,6244,130,0,6114,6189,207269,64,0,0,64,55
2020-10-28,US,Florida,Okeechobee,1735,38,0,27.386336199999995,-80.88944347,12093.0,4114.494403339026,2.1902017291066285,1697,1731,38,0,1693,1724,41537,4,0,0,4,7
2020-10-28,US,Florida,Orange,45755,549,0,28.51367621,-81.31799498,12095.0,3283.572021138869,1.1998688667905146,45206,45492,546,0,44946,45242,1380645,263,3,0,260,250
2020-10-28,US,Florida,Osceola,14114,202,0,28.06312234,-81.14882926,12097.0,3756.210894980985,1.4312030607907045,13912,14044,198,0,13846,13978,367990,70,4,0,66,66
2020-10-28,US,Florida,Palm Beach,51415,1568,0,26.64676272,-80.46536002,12099.0,3435.0635034106776,3.049693669162696,49847,51172,1565,0,49607,50816,1485941,243,3,0,240,356
2020-10-28,US,Florida,Pasco,10781,238,0,28.30810945,-82.40227529,12101.0,1946.215071116912,2.2075874223170397,10543,10717,236,0,10481,10637,539630,64,2,0,62,80
2020-10-28,US,Florida,Pinellas,25534,818,0,27.93130349,-82.72239666,12103.0,2618.8825390052884,3.203571708310488,24716,25414,818,0,24596,25244,975280,120,0,0,120,170
2020-10-28,US,Florida,Polk,22852,615,0,27.95027105,-81.69732947,12105.0,3152.969810024325,2.691230526868545,22237,22762,615,0,22147,22634,708009,90,0,0,90,128
2020-10-28,US,Florida,Putnam,2374,50,0,29.60779729,-81.74230285,12107.0,3185.679204519532,2.1061499578770007,2324,2362,50,0,2312,2355,74163,12,0,0,12,7
2020-10-28,US,Florida,Santa Rosa,5918,87,0,30.69341450000001,-87.02458128,12113.0,3210.842425656356,1.47009124704292,5831,5894,87,0,5807,5876,179349,24,0,0,24,18
2020-10-28,US,Florida,Sarasota,9567,338,0,27.18546175,-82.33174248,12115.0,2205.689096283044,3.5329779450193373,9229,9517,338,0,9179,9429,426718,50,0,0,50,88
2020-10-28,US,Florida,Seminole,10188,241,0,28.7158582,-81.24060348,12117.0,2159.2705785607404,2.365528072241853,9947,10145,238,0,9907,10094,467832,43,3,0,40,51
2020-10-28,US,Florida,St. Johns,6436,80,0,29.90096506,-81.43589967,12109.0,2431.6890339741267,1.2430080795525171,6356,6384,80,0,6304,6326,254261,52,0,0,52,58
2020-10-28,US,Florida,St. Lucie,9024,333,0,27.37763908,-80.47106649,12111.0,2748.730570184924,3.690159574468085,8691,8981,331,0,8650,8922,321128,43,2,0,41,59
2020-10-28,US,Florida,Sumter,2882,87,0,28.70181754,-82.0794267,12119.0,2176.4083975230333,3.0187369882026367,2795,2869,85,0,2784,2855,128754,13,2,0,11,14
2020-10-28,US,Florida,Suwannee,2989,77,0,30.19746066,-82.99099670000003,12121.0,6729.405407839341,2.5761124121779857,2912,2983,77,0,2906,2976,44191,6,0,0,6,7
2020-10-28,US,Florida,Taylor,1464,16,0,30.04848048,-83.60445406,12123.0,6787.519124669666,1.0928961748633879,1448,1459,16,0,1443,1453,21623,5,0,0,5,6
2020-10-28,US,Florida,Unassigned,1835,0,0,0.0,0.0,90012.0,0.0,0.0,1835,1856,0,0,1856,1847,,-21,0,0,-21,9
2020-10-28,US,Florida,Union,1129,43,0,30.04412971,-82.37497443,12125.0,7409.595064645271,3.8086802480070867,1086,1126,43,0,1083,1121,14940,3,0,0,3,5
2020-10-28,US,Florida,Volusia,12670,318,0,29.05858895,-81.18263252,12127.0,2289.9632015384504,2.509865824782952,12352,12589,318,0,12271,12520,547538,81,0,0,81,69
2020-10-28,US,Florida,Wakulla,1317,11,0,30.16548905,-84.39895211,12129.0,3903.494472272445,0.8352315869400152,1306,1312,11,0,1301,1306,32461,5,0,0,5,6
2020-10-28,US,Florida,Walton,2427,30,0,30.64204028,-86.16935664,12131.0,3276.5859783181004,1.236093943139679,2397,2402,30,0,2372,2368,71375,25,0,0,25,34
2020-10-28,US,Florida,Washington,1232,24,0,30.61359259,-85.66002461,12133.0,4836.493542181917,1.9480519480519483,1208,1226,24,0,1202,1222,24880,6,0,0,6,4
2020-10-28,US,Georgia,Appling,1163,37,0,31.74847232,-82.28909114,13001.0,6325.465027738496,3.181427343078246,1126,1159,37,0,1122,1160,18507,4,0,0,4,-1
2020-10-28,US,Georgia,Atkinson,483,6,0,31.29633502,-82.87545866,13003.0,5915.492957746479,1.2422360248447204,477,482,6,0,476,481,8297,1,0,0,1,1
2020-10-28,US,Georgia,Bacon,637,16,0,31.55456473,-82.45936528,13005.0,5705.8402006449305,2.5117739403453694,621,636,16,0,620,634,11185,1,0,0,1,2
2020-10-28,US,Georgia,Baker,91,6,0,31.32669878,-84.44218806,13007.0,2995.391705069125,6.593406593406592,85,91,6,0,85,91,3092,0,0,0,0,0
2020-10-28,US,Georgia,Baldwin,2315,64,0,33.06882326,-83.24701748,13009.0,5157.050568055246,2.7645788336933044,2251,2306,64,0,2242,2306,44823,9,0,0,9,0
2020-10-28,US,Georgia,Banks,555,8,0,34.35607081,-83.49644388,13011.0,2885.5152334407812,1.4414414414414414,547,556,8,0,548,553,18988,-1,0,0,-1,3
2020-10-28,US,Georgia,Barrow,2616,51,0,33.99148694,-83.71436292,13013.0,3142.719846227775,1.9495412844036697,2565,2602,51,0,2551,2579,80809,14,0,0,14,23
2020-10-28,US,Georgia,Bartow,3637,94,0,34.23732119,-84.83887523,13015.0,3375.7819896415376,2.584547704151773,3543,3614,94,0,3520,3580,106408,23,0,0,23,34
2020-10-28,US,Georgia,Ben Hill,871,33,0,31.76095874,-83.22145359,13017.0,5215.56886227545,3.7887485648679684,838,871,33,0,838,871,16787,0,0,0,0,0
2020-10-28,US,Georgia,Berrien,493,13,0,31.27590016,-83.22529920000002,13019.0,2541.630148992112,2.636916835699797,480,491,13,0,478,491,19252,2,0,0,2,0
2020-10-28,US,Georgia,Bibb,6618,197,0,32.80904227,-83.70489165,13021.0,4320.999745362662,2.976730129948625,6421,6604,196,0,6408,6594,153095,14,1,0,13,10
2020-10-28,US,Georgia,Bleckley,514,27,0,32.43829035,-83.33035166,13023.0,3992.853258758642,5.252918287937743,487,511,27,0,484,513,12838,3,0,0,3,-2
2020-10-28,US,Georgia,Brantley,462,13,0,31.19576557,-81.97743999,13025.0,2417.708932963525,2.813852813852814,449,455,13,0,442,446,18897,7,0,0,7,9
2020-10-28,US,Georgia,Brooks,554,27,0,30.83922642,-83.58303423,13027.0,3584.1366371223394,4.873646209386282,527,552,27,0,525,552,15513,2,0,0,2,0
2020-10-28,US,Georgia,Bryan,1318,16,0,32.00979311,-81.44002948,13029.0,3326.0150907209727,1.2139605462822458,1302,1310,14,0,1296,1302,38109,8,2,0,6,8
2020-10-28,US,Georgia,Bulloch,3093,33,0,32.39577406,-81.74811421,13031.0,3885.287910762737,1.066925315227934,3060,3089,33,0,3056,3085,77296,4,0,0,4,4
2020-10-28,US,Georgia,Burke,893,12,0,33.05917989,-81.99928721,13033.0,3989.634990841264,1.3437849944008962,881,886,12,0,874,879,22423,7,0,0,7,7
2020-10-28,US,Georgia,Butts,743,44,0,33.283094500000004,-83.95435040000002,13035.0,2979.62784728906,5.921938088829071,699,740,44,0,696,742,24193,3,0,0,3,-2
2020-10-28,US,Georgia,Calhoun,270,9,0,31.53169785,-84.62725131,13037.0,4362.578768783325,3.333333333333333,261,270,9,0,261,266,6352,0,0,0,0,4
2020-10-28,US,Georgia,Camden,1423,18,0,30.92951916,-81.66601818,13039.0,2603.080525372261,1.264933239634575,1405,1416,18,0,1398,1412,53677,7,0,0,7,4
2020-10-28,US,Georgia,Candler,546,25,0,32.40209349,-82.07702563,13043.0,5054.1516245487355,4.5787545787545785,521,545,24,0,521,541,10836,1,1,0,0,4
2020-10-28,US,Georgia,Carroll,3341,76,0,33.58138199,-85.07976677,13045.0,2784.352290152677,2.274768033522897,3265,3337,75,0,3262,3353,118121,4,1,0,3,-16
2020-10-28,US,Georgia,Catoosa,1444,22,0,34.89872298,-85.13757014,13047.0,2136.7268422610236,1.5235457063711912,1422,1429,22,0,1407,1413,67420,15,0,0,15,16
2020-10-28,US,Georgia,Charlton,647,10,0,30.78371028,-82.13951596,13049.0,4831.2425328554355,1.545595054095827,637,646,10,0,636,646,12968,1,0,0,1,0
2020-10-28,US,Georgia,Chatham,9446,187,0,32.00043026,-81.12489526,13051.0,3263.656151746536,1.9796739360575903,9259,9406,187,0,9219,9342,289195,40,0,0,40,64
2020-10-28,US,Georgia,Chattahoochee,1747,1,0,32.34341231,-84.78809239,13053.0,16017.236637022097,0.057240984544934176,1746,1747,1,0,1746,1743,10684,0,0,0,0,4
2020-10-28,US,Georgia,Chattooga,944,29,0,34.47197698,-85.34535662,13055.0,3808.1407075719067,3.0720338983050848,915,940,29,0,911,933,24790,4,0,0,4,7
2020-10-28,US,Georgia,Cherokee,7161,102,0,34.24393976,-84.47431861,13057.0,2767.290250528455,1.4243820695433598,7059,7082,102,0,6980,7057,254149,79,0,0,79,25
2020-10-28,US,Georgia,Clarke,5748,48,0,33.95436462,-83.37124007,13059.0,4479.042476096968,0.8350730688935282,5700,5729,48,0,5681,5708,127330,19,0,0,19,21
2020-10-28,US,Georgia,Clay,124,3,0,31.62221166,-84.97713865,13061.0,4375.441072688779,2.419354838709677,121,124,3,0,121,124,2887,0,0,0,0,0
2020-10-28,US,Georgia,Clayton,8253,175,0,33.54187245,-84.35594188,13063.0,2823.894120223366,2.1204410517387617,8078,8200,175,0,8025,8168,289615,53,0,0,53,32
2020-10-28,US,Georgia,Clinch,450,12,0,30.91395822,-82.70432472,13065.0,6799.637352674524,2.6666666666666665,438,448,12,0,436,447,6648,2,0,0,2,1
2020-10-28,US,Georgia,Cobb,21977,457,0,33.94243204,-84.5761255,13067.0,2891.1741374297662,2.0794466942712835,21520,21867,454,0,21413,21814,756865,110,3,0,107,53
2020-10-28,US,Georgia,Coffee,2260,60,0,31.54892966,-82.85492059999999,13069.0,5222.656159730086,2.6548672566371683,2200,2255,60,0,2195,2244,43093,5,0,0,5,11
2020-10-28,US,Georgia,Colquitt,2132,40,0,31.18810588,-83.7677946,13071.0,4675.438596491228,1.876172607879925,2092,2123,39,0,2084,2123,45592,9,1,0,8,0
2020-10-28,US,Georgia,Columbia,4386,64,0,33.54534185,-82.263524,13073.0,2798.728894674375,1.459188326493388,4322,4371,64,0,4307,4351,154291,15,0,0,15,20
2020-10-28,US,Georgia,Cook,584,16,0,31.16068491,-83.42947229,13075.0,3381.586566299942,2.7397260273972597,568,582,16,0,566,582,17162,2,0,0,2,0
2020-10-28,US,Georgia,Coweta,2971,63,0,33.35334302,-84.76129976,13077.0,2000.552155088244,2.1204981487714574,2908,2964,63,0,2901,2957,145864,7,0,0,7,7
2020-10-28,US,Georgia,Crawford,196,6,0,32.71391813,-83.98061238,13079.0,1580.1354401805868,3.0612244897959178,190,196,6,0,190,195,12318,0,0,0,0,1
2020-10-28,US,Georgia,Crisp,647,23,0,31.92289565,-83.76811843,13081.0,2892.0078669765776,3.554868624420402,624,643,23,0,620,642,22601,4,0,0,4,1
2020-10-28,US,Georgia,Dade,356,6,0,34.854916700000004,-85.50490424,13083.0,2208.9848597666914,1.6853932584269662,350,355,6,0,349,348,16226,1,0,0,1,7
2020-10-28,US,Georgia,Dawson,915,11,0,34.44244079,-84.16964071,13085.0,3504.6728971962616,1.2021857923497268,904,911,11,0,900,909,25083,4,0,0,4,2
2020-10-28,US,Georgia,DeKalb,21231,398,0,33.76944049,-84.22396017,13089.0,2796.1390602096412,1.8746173048843675,20833,21101,398,0,20703,21049,756558,130,0,0,130,52
2020-10-28,US,Georgia,Decatur,1297,34,0,30.87967778,-84.57619536,13087.0,4912.1345250719605,2.6214340786430226,1263,1292,34,0,1258,1291,26575,5,0,0,5,1
2020-10-28,US,Georgia,Dodge,612,19,0,32.17265114,-83.16948926,13091.0,2970.1528755156514,3.1045751633986933,593,609,19,0,590,605,20705,3,0,0,3,4
2020-10-28,US,Georgia,Dooly,374,18,0,32.15630737,-83.79746561,13093.0,2793.1292008961914,4.81283422459893,356,371,18,0,353,370,13706,3,0,0,3,1
2020-10-28,US,Georgia,Dougherty,3300,191,0,31.53328528,-84.21722377,13095.0,3751.875937968985,5.787878787878787,3109,3294,191,0,3103,3296,91243,6,0,0,6,-2
2020-10-28,US,Georgia,Douglas,4114,72,0,33.70291126,-84.77026156,13097.0,2811.203815693269,1.7501215362177929,4042,4084,72,0,4012,4078,145331,30,0,0,30,6
2020-10-28,US,Georgia,Early,550,35,0,31.32155345,-84.90255207,13099.0,5397.448478900883,6.363636363636362,515,550,35,0,515,551,10247,0,0,0,0,-1
2020-10-28,US,Georgia,Echols,246,2,0,30.71101099,-82.89687287,13101.0,6140.788816774838,0.8130081300813008,244,246,2,0,244,246,4000,0,0,0,0,0
2020-10-28,US,Georgia,Effingham,1827,28,0,32.36616021,-81.34280942,13103.0,2841.5453527435607,1.5325670498084292,1799,1816,28,0,1788,1796,62190,11,0,0,11,20
2020-10-28,US,Georgia,Elbert,754,9,0,34.11302332,-82.83936148,13105.0,3928.310930499114,1.1936339522546422,745,752,8,0,744,767,19120,2,1,0,1,-15
2020-10-28,US,Georgia,Emanuel,1204,39,0,32.59221302,-82.30239915,13107.0,5316.612205245961,3.2392026578073088,1165,1203,37,0,1166,1202,22612,1,2,0,-1,1
2020-10-28,US,Georgia,Evans,487,7,0,32.15328841,-81.8870105,13109.0,4571.0531255866335,1.4373716632443532,480,485,7,0,478,480,10721,2,0,0,2,5
2020-10-28,US,Georgia,Fannin,832,29,0,34.86430205,-84.316964,13111.0,3177.027646250191,3.4855769230769234,803,828,28,0,800,822,25964,4,1,0,3,6
2020-10-28,US,Georgia,Fayette,2129,57,0,33.41357794,-84.49089434,13113.0,1860.672429012157,2.6773132926256458,2072,2129,57,0,2072,2123,113459,0,0,0,0,6
2020-10-28,US,Georgia,Floyd,3975,60,0,34.26268279,-85.21577392,13115.0,4035.614936343885,1.509433962264151,3915,3956,59,0,3897,3912,97927,19,1,0,18,44
2020-10-28,US,Georgia,Forsyth,4772,53,0,34.22604035,-84.12315129999998,13117.0,1953.719928598333,1.1106454316848282,4719,4735,53,0,4682,4700,236612,37,0,0,37,35
2020-10-28,US,Georgia,Franklin,935,18,0,34.37525597,-83.23159927,13119.0,4004.4541522120867,1.925133689839572,917,933,18,0,915,924,23023,2,0,0,2,9
2020-10-28,US,Georgia,Fulton,31220,620,0,33.79216944,-84.46319413,13121.0,2934.384272752992,1.9859064702114029,30600,31038,619,0,30419,30926,1050114,182,1,0,181,112
2020-10-28,US,Georgia,Gilmer,1043,23,0,34.69316688,-84.45802506,13123.0,3324.9386336829352,2.205177372962608,1020,1036,23,0,1013,1030,30816,7,0,0,7,6
2020-10-28,US,Georgia,Glascock,49,2,0,33.22879932,-82.61297636,13125.0,1649.2763379333558,4.081632653061225,47,49,2,0,47,49,2995,0,0,0,0,0
2020-10-28,US,Georgia,Glynn,3734,104,0,31.23279254,-81.53811412,13127.0,4377.901796182527,2.7852169255490096,3630,3723,104,0,3619,3716,85219,11,0,0,11,7
2020-10-28,US,Georgia,Gordon,2387,45,0,34.50487351,-84.87296253,13129.0,4118.1443334541,1.8852115626309172,2342,2370,45,0,2325,2326,57685,17,0,0,17,44
2020-10-28,US,Georgia,Grady,860,25,0,30.87454847,-84.23418364,13131.0,3491.251573093005,2.9069767441860463,835,858,25,0,833,853,24748,2,0,0,2,5
2020-10-28,US,Georgia,Greene,573,25,0,33.5769205,-83.17139104,13133.0,3127.046496398167,4.363001745200698,548,570,25,0,545,569,17698,3,0,0,3,1
2020-10-28,US,Georgia,Gwinnett,30596,445,0,33.96044201,-84.02137802,13135.0,3267.9305740987984,1.4544384886913322,30151,30489,443,0,30046,30383,927781,107,2,0,105,106
2020-10-28,US,Georgia,Habersham,1884,78,0,34.63331566,-83.53094677,13137.0,4156.371337804449,4.140127388535031,1806,1876,78,0,1798,1870,45388,8,0,0,8,6
2020-10-28,US,Georgia,Hall,10694,178,0,34.32207823,-83.81896936,13139.0,5230.848997999423,1.6644847578081168,10516,10658,176,0,10482,10605,202148,36,2,0,34,53
2020-10-28,US,Georgia,Hancock,413,44,0,33.2721566,-82.99766919,13141.0,4883.528437980372,10.653753026634384,369,413,44,0,369,414,8348,0,0,0,0,-1
2020-10-28,US,Georgia,Haralson,650,10,0,33.79602175,-85.21005667,13143.0,2181.793770139635,1.5384615384615383,640,642,10,0,632,635,29533,8,0,0,8,7
2020-10-28,US,Georgia,Harris,851,25,0,32.73709786,-84.90538572,13145.0,2415.1436031331586,2.9377203290246765,826,850,25,0,825,850,34475,1,0,0,1,0
2020-10-28,US,Georgia,Hart,576,16,0,34.34626973,-82.96567682,13147.0,2198.0538065254723,2.7777777777777777,560,576,16,0,560,574,26099,0,0,0,0,2
2020-10-28,US,Georgia,Heard,229,6,0,33.29686567,-85.12886832,13149.0,1920.657552629372,2.6200873362445414,223,228,6,0,222,227,11879,1,0,0,1,1
2020-10-28,US,Georgia,Henry,6223,113,0,33.4533428,-84.14814659999998,13151.0,2653.041213159903,1.8158444480154263,6110,6204,112,0,6092,6163,230220,19,1,0,18,41
2020-10-28,US,Georgia,Houston,3615,94,0,32.45802497,-83.66879087,13153.0,2289.9602820166847,2.600276625172891,3521,3611,94,0,3517,3588,155469,4,0,0,4,23
2020-10-28,US,Georgia,Irwin,356,8,0,31.60213036,-83.27501387,13155.0,3780.7986406117247,2.247191011235955,348,358,8,0,350,357,9398,-2,0,0,-2,1
2020-10-28,US,Georgia,Jackson,2392,41,0,34.13794553,-83.56814788,13157.0,3277.74504295874,1.714046822742475,2351,2375,40,0,2335,2361,70422,17,1,0,16,14
2020-10-28,US,Georgia,Jasper,247,4,0,33.31535543,-83.68844964,13159.0,1737.1123145087558,1.6194331983805668,243,246,4,0,242,246,14040,1,0,0,1,0
2020-10-28,US,Georgia,Jeff Davis,798,23,0,31.80405727,-82.63724870000001,13161.0,5279.523652001323,2.8822055137844615,775,792,23,0,769,787,15029,6,0,0,6,5
2020-10-28,US,Georgia,Jefferson,856,33,0,33.05867328,-82.41609057,13163.0,5572.191120947793,3.855140186915888,823,853,33,0,820,853,15430,3,0,0,3,0
2020-10-28,US,Georgia,Jenkins,469,32,0,32.79248718,-81.96040187,13165.0,5405.716920239742,6.823027718550106,437,467,32,0,435,467,8683,2,0,0,2,0
2020-10-28,US,Georgia,Johnson,440,22,0,32.70211082,-82.66166794,13167.0,4562.895364513119,5.0,418,440,22,0,418,440,9708,0,0,0,0,0
2020-10-28,US,Georgia,Jones,646,16,0,33.02512137,-83.56019163,13169.0,2248.1294588480946,2.476780185758514,630,643,16,0,627,642,28616,3,0,0,3,1
2020-10-28,US,Georgia,Lamar,423,20,0,33.07841647,-84.14263877,13171.0,2217.329768831577,4.728132387706856,403,422,20,0,402,421,19000,1,0,0,1,1
2020-10-28,US,Georgia,Lanier,318,7,0,31.03828570000001,-83.06472457,13173.0,3050.9450254245417,2.2012578616352205,311,318,7,0,311,318,10340,0,0,0,0,0
2020-10-28,US,Georgia,Laurens,2010,87,0,32.46325233,-82.92221316,13175.0,4227.484961931603,4.328358208955224,1923,1989,86,0,1903,1975,47325,21,1,0,20,14
2020-10-28,US,Georgia,Lee,748,29,0,31.779330600000005,-84.14324253,13177.0,2493.99839957322,3.877005347593583,719,746,29,0,717,747,29764,2,0,0,2,-1
2020-10-28,US,Georgia,Liberty,1275,25,0,31.82588896,-81.49251135,13179.0,2075.3642060714583,1.96078431372549,1250,1247,25,0,1222,1234,61497,28,0,0,28,13
2020-10-28,US,Georgia,Lincoln,235,7,0,33.79201475,-82.45024131,13181.0,2966.7971215755592,2.9787234042553186,228,234,7,0,227,234,7915,1,0,0,1,0
2020-10-28,US,Georgia,Long,276,4,0,31.75218791,-81.74952375,13183.0,1411.1150876834195,1.4492753623188406,272,277,4,0,273,277,18998,-1,0,0,-1,0
2020-10-28,US,Georgia,Lowndes,4475,85,0,30.83568832,-83.27056716,13185.0,3811.5598862068377,1.899441340782123,4390,4457,85,0,4372,4451,116321,18,0,0,18,6
2020-10-28,US,Georgia,Lumpkin,1048,15,0,34.57286511,-84.00425681,13187.0,3118.119607259744,1.431297709923664,1033,1043,15,0,1028,1038,32955,5,0,0,5,5
2020-10-28,US,Georgia,Macon,249,10,0,32.35207048,-84.04234127,13193.0,1923.225457634973,4.016064257028113,239,249,10,0,239,248,13143,0,0,0,0,1
2020-10-28,US,Georgia,Madison,789,11,0,34.12920917,-83.21218732,13195.0,2640.5622489959837,1.3941698352344742,778,787,11,0,776,783,29650,2,0,0,2,4
2020-10-28,US,Georgia,Marion,200,9,0,32.3483402,-84.52733571,13197.0,2392.6306974518484,4.5,191,197,9,0,188,196,8351,3,0,0,3,1
2020-10-28,US,Georgia,McDuffie,685,15,0,33.47851918,-82.48252774,13189.0,3214.151651651652,2.18978102189781,670,679,15,0,664,676,21531,6,0,0,6,3
2020-10-28,US,Georgia,McIntosh,308,8,0,31.49683595,-81.40163426,13191.0,2142.161635832522,2.5974025974025974,300,304,8,0,296,304,14340,4,0,0,4,0
2020-10-28,US,Georgia,Meriwether,596,16,0,33.04163534,-84.68859732,13199.0,2815.7036897056732,2.684563758389262,580,598,16,0,582,595,21068,-2,0,0,-2,3
2020-10-28,US,Georgia,Miller,313,2,0,31.16568912,-84.73151117,13201.0,5473.941937740468,0.6389776357827476,311,312,2,0,310,309,5686,1,0,0,1,3
2020-10-28,US,Georgia,Mitchell,847,45,0,31.22483255,-84.19381821,13205.0,3874.125234414307,5.312868949232586,802,845,45,0,800,850,22192,2,0,0,2,-5
2020-10-28,US,Georgia,Monroe,762,53,0,33.014289,-83.92097166,13207.0,2763.0720139241425,6.955380577427823,709,756,53,0,703,754,27520,6,0,0,6,2
2020-10-28,US,Georgia,Montgomery,373,10,0,32.17201038,-82.53527476,13209.0,4066.724814653293,2.680965147453083,363,376,10,0,366,388,9193,-3,0,0,-3,-12
2020-10-28,US,Georgia,Morgan,531,6,0,33.59232073,-83.49129491,13211.0,2754.720896451545,1.1299435028248588,525,528,6,0,522,525,18853,3,0,0,3,3
2020-10-28,US,Georgia,Murray,1051,9,0,34.78897608,-84.74993177,13213.0,2621.209098164405,0.8563273073263559,1042,1033,9,0,1024,1028,39921,18,0,0,18,5
2020-10-28,US,Georgia,Muscogee,6378,174,0,32.50931999,-84.87142262,13215.0,3257.921325643999,2.7281279397930387,6204,6362,174,0,6188,6348,194160,16,0,0,16,14
2020-10-28,US,Georgia,Newton,2868,95,0,33.55514538,-83.84547140000002,13217.0,2566.580756013745,3.3124128312412835,2773,2856,95,0,2761,2850,109541,12,0,0,12,6
2020-10-28,US,Georgia,Oconee,869,30,0,33.83749973,-83.43679568,13219.0,2157.398212512413,3.4522439585730726,839,865,30,0,835,865,39272,4,0,0,4,0
2020-10-28,US,Georgia,Oglethorpe,420,13,0,33.878629600000004,-83.08278123,13221.0,2752.4739498001177,3.095238095238096,407,417,13,0,404,416,15054,3,0,0,3,1
2020-10-28,US,Georgia,Out of GA,14733,184,0,0.0,0.0,80013.0,0.0,1.2488970338695446,14549,14708,183,0,14525,14440,,25,1,0,24,268
2020-10-28,US,Georgia,Paulding,3176,61,0,33.91969522,-84.86848792,13223.0,1883.0002312248398,1.920654911838791,3115,3147,60,0,3087,3129,164044,29,1,0,28,18
2020-10-28,US,Georgia,Peach,776,26,0,32.56934316,-83.82937,13225.0,2817.1059318957373,3.3505154639175267,750,772,26,0,746,769,27297,4,0,0,4,3
2020-10-28,US,Georgia,Pickens,785,10,0,34.46589159,-84.46406611,13227.0,2408.6404222024485,1.2738853503184713,775,775,10,0,765,763,31980,10,0,0,10,12
2020-10-28,US,Georgia,Pierce,680,24,0,31.35928155,-82.21598442,13229.0,3493.4497816593885,3.5294117647058822,656,679,24,0,655,677,19389,1,0,0,1,2
2020-10-28,US,Georgia,Pike,389,11,0,33.09310242,-84.38790389,13231.0,2051.471363780192,2.8277634961439593,378,387,11,0,376,385,18634,2,0,0,2,2
2020-10-28,US,Georgia,Polk,1711,29,0,34.00267074,-85.18677781,13233.0,4015.206627085631,1.6949152542372878,1682,1707,28,0,1679,1701,42470,4,1,0,3,6
2020-10-28,US,Georgia,Pulaski,339,23,0,32.23334561,-83.47549959999998,13235.0,3043.9076950704853,6.784660766961652,316,339,23,0,316,335,11069,0,0,0,0,4
2020-10-28,US,Georgia,Putnam,800,27,0,33.32056115,-83.37552891,13237.0,3616.800036168001,3.375,773,795,27,0,768,788,21809,5,0,0,5,7
2020-10-28,US,Georgia,Quitman,40,1,0,31.86728114,-85.01773177,13239.0,1739.8869073510227,2.5,39,39,1,0,38,38,2279,1,0,0,1,1
2020-10-28,US,Georgia,Rabun,429,11,0,34.88389445,-83.40304637,13241.0,2503.3553130652967,2.5641025641025643,418,428,11,0,417,425,16867,1,0,0,1,3
2020-10-28,US,Georgia,Randolph,339,29,0,31.76622818,-84.75732369,13243.0,5001.475361463557,8.55457227138643,310,339,29,0,310,339,6833,0,0,0,0,0
2020-10-28,US,Georgia,Richmond,7964,183,0,33.35777107,-82.07026432,13245.0,3932.4899515104826,2.2978402812656955,7781,7941,182,0,7759,7926,201554,23,1,0,22,15
2020-10-28,US,Georgia,Rockdale,2136,40,0,33.65145002,-84.02202167,13247.0,2349.9383911283226,1.8726591760299625,2096,2122,40,0,2082,2116,90594,14,0,0,14,6
2020-10-28,US,Georgia,Schley,109,2,0,32.2654021,-84.31258912,13249.0,2073.4259083127263,1.834862385321101,107,109,2,0,107,109,5236,0,0,0,0,0
2020-10-28,US,Georgia,Screven,450,11,0,32.74976524,-81.60779441,13251.0,3222.110840612917,2.4444444444444446,439,450,11,0,439,451,13938,0,0,0,0,-1
2020-10-28,US,Georgia,Seminole,393,11,0,30.93464824,-84.86823924,13253.0,4857.849196538937,2.7989821882951653,382,393,11,0,382,392,8315,0,0,0,0,1
2020-10-28,US,Georgia,Spalding,1599,62,0,33.26310031,-84.28013991,13255.0,2397.193529526408,3.877423389618512,1537,1588,62,0,1526,1576,66100,11,0,0,11,12
2020-10-28,US,Georgia,Stephens,1280,41,0,34.55151201,-83.29405315,13257.0,4937.319189971071,3.203125,1239,1278,41,0,1237,1265,26035,2,0,0,2,13
2020-10-28,US,Georgia,Stewart,567,16,0,32.07996777,-84.83208037,13259.0,8563.661078386951,2.8218694885361546,551,568,16,0,552,535,6199,-1,0,0,-1,33
2020-10-28,US,Georgia,Sumter,959,68,0,32.03650571,-84.19821492,13261.0,3248.2048502912885,7.090719499478624,891,959,68,0,891,959,29733,0,0,0,0,0
2020-10-28,US,Georgia,Talbot,174,8,0,32.69642758,-84.53351366,13263.0,2808.716707021792,4.597701149425287,166,174,8,0,166,174,6272,0,0,0,0,0
2020-10-28,US,Georgia,Taliaferro,28,0,0,33.56543317,-82.88136816,13265.0,1821.7306441119065,0.0,28,27,0,0,27,27,1608,1,0,0,1,0
2020-10-28,US,Georgia,Tattnall,933,15,0,32.04785085,-82.05539188,13267.0,3689.7888159455824,1.6077170418006432,918,926,15,0,911,922,25391,7,0,0,7,4
2020-10-28,US,Georgia,Taylor,232,12,0,32.55792548,-84.25077141,13269.0,2892.7680798004985,5.172413793103448,220,230,12,0,218,229,8039,2,0,0,2,1
2020-10-28,US,Georgia,Telfair,507,24,0,31.92829517,-82.93491155,13271.0,3196.72131147541,4.733727810650888,483,504,24,0,480,502,15876,3,0,0,3,2
2020-10-28,US,Georgia,Terrell,341,32,0,31.77527543,-84.44069698,13273.0,3997.1867307466887,9.384164222873899,309,341,32,0,309,340,8611,0,0,0,0,1
2020-10-28,US,Georgia,Thomas,1605,69,0,30.86392347,-83.91847289,13275.0,3610.7174191806707,4.299065420560748,1536,1601,69,0,1532,1600,44448,4,0,0,4,1
2020-10-28,US,Georgia,Tift,1964,64,0,31.45743864,-83.5236119,13277.0,4832.201554965062,3.2586558044806515,1900,1951,63,0,1888,1950,40571,13,1,0,12,1
2020-10-28,US,Georgia,Toombs,1499,56,0,32.12059861,-82.32957247,13279.0,5587.02944465151,3.735823882588392,1443,1496,56,0,1440,1477,26887,3,0,0,3,19
2020-10-28,US,Georgia,Towns,441,13,0,34.91369188,-83.74107459999998,13281.0,3663.703580626402,2.947845804988662,428,438,13,0,425,431,11852,3,0,0,3,7
2020-10-28,US,Georgia,Treutlen,311,12,0,32.40422134,-82.56904553,13283.0,4506.593247355456,3.858520900321544,299,309,11,0,298,309,6809,2,1,0,1,0
2020-10-28,US,Georgia,Troup,3068,108,0,33.03349196,-85.02812115,13285.0,4387.74634592832,3.520208604954368,2960,3056,107,0,2949,3044,70034,12,1,0,11,12
2020-10-28,US,Georgia,Turner,335,24,0,31.71612656,-83.62069378,13287.0,4195.36631183469,7.164179104477612,311,335,24,0,311,334,7912,0,0,0,0,1
2020-10-28,US,Georgia,Twiggs,217,10,0,32.67435595,-83.43078662,13289.0,2672.4137931034484,4.6082949308755765,207,216,10,0,206,216,8188,1,0,0,1,0
2020-10-28,US,Georgia,Unassigned,1888,6,0,0.0,0.0,90013.0,0.0,0.3177966101694915,1882,1873,5,0,1868,1950,,15,1,0,14,-77
2020-10-28,US,Georgia,Union,890,26,0,34.82995757,-83.98967069,13291.0,3631.022806087063,2.9213483146067416,864,886,25,0,861,883,24001,4,1,0,3,3
2020-10-28,US,Georgia,Upson,839,70,0,32.87920671,-84.30024826,13293.0,3187.689969604863,8.34326579261025,769,838,70,0,768,833,26215,1,0,0,1,5
2020-10-28,US,Georgia,Walker,1894,44,0,34.73376362,-85.30165174,13295.0,2714.9840168575565,2.3231256599788805,1850,1877,43,0,1834,1861,69410,17,1,0,16,16
2020-10-28,US,Georgia,Walton,2354,68,0,33.78017694,-83.73552314,13297.0,2488.556235662258,2.888700084961767,2286,2339,68,0,2271,2327,93503,15,0,0,15,12
2020-10-28,US,Georgia,Ware,1737,63,0,31.05449097,-82.42224148,13299.0,4860.916773940785,3.6269430051813467,1674,1734,63,0,1671,1733,35680,3,0,0,3,1
2020-10-28,US,Georgia,Warren,165,5,0,33.41146451,-82.67795848,13301.0,3140.4644080700427,3.0303030303030303,160,164,5,0,159,164,5251,1,0,0,1,0
2020-10-28,US,Georgia,Washington,776,13,0,32.96711864,-82.79357039,13303.0,3808.775890841269,1.6752577319587634,763,764,13,0,751,760,20386,12,0,0,12,4
2020-10-28,US,Georgia,Wayne,1242,33,0,31.5521809,-81.91894878,13305.0,4150.098573194774,2.6570048309178738,1209,1235,33,0,1202,1231,29808,7,0,0,7,4
2020-10-28,US,Georgia,Webster,44,2,0,32.04066113,-84.54742852,13307.0,1687.7637130801688,4.545454545454546,42,44,2,0,42,44,2611,0,0,0,0,0
2020-10-28,US,Georgia,Wheeler,369,16,0,32.12009104,-82.72574721,13309.0,4697.644812221515,4.336043360433604,353,369,16,0,353,368,7879,0,0,0,0,1
2020-10-28,US,Georgia,White,1005,23,0,34.64624278,-83.74905525,13311.0,3263.1989090200664,2.288557213930348,982,1000,23,0,977,997,29970,5,0,0,5,3
2020-10-28,US,Georgia,Whitfield,5469,64,0,34.80987459,-84.96093476,13313.0,5227.0902626448,1.1702322179557505,5405,5410,64,0,5346,5383,104062,59,0,0,59,27
2020-10-28,US,Georgia,Wilcox,257,25,0,31.97496928,-83.43438555,13315.0,2976.259409380429,9.727626459143966,232,256,25,0,231,256,8812,1,0,0,1,0
2020-10-28,US,Georgia,Wilkes,300,6,0,33.78290391,-82.74286107,13317.0,3068.4258975145754,2.0,294,297,6,0,291,295,9876,3,0,0,3,2
2020-10-28,US,Georgia,Wilkinson,369,17,0,32.80291082,-83.17140684,13319.0,4121.063211972303,4.607046070460704,352,368,17,0,351,368,9036,1,0,0,1,0
2020-10-28,US,Georgia,Worth,607,32,0,31.55162306,-83.85090513,13321.0,2997.9750086432564,5.271828665568369,575,604,32,0,572,605,20299,3,0,0,3,-1
2020-10-28,US,Hawaii,Hawaii,1238,30,0,19.60121157,-155.5210167,15001.0,614.3524239130974,2.423263327948304,1208,1233,30,0,1203,1230,200983,5,0,0,5,3
2020-10-28,US,Hawaii,Honolulu,12953,166,0,21.45803166,-157.97121819999995,15003.0,1329.108533773599,1.281556396201652,12787,12913,166,0,12747,12864,980080,40,0,0,40,49
2020-10-28,US,Hawaii,Kauai,63,0,0,22.03935037,-159.5966786,15007.0,87.14536677133333,0.0,63,62,0,0,62,62,72133,1,0,0,1,0
2020-10-28,US,Hawaii,Maui,516,16,0,20.86399628,-156.56890969999995,15009.0,308.21242765071645,3.1007751937984502,500,507,18,0,489,497,167207,9,-2,0,11,10
2020-10-28,US,Hawaii,Out of HI,64,1,0,0.0,0.0,80015.0,0.0,1.5625,63,58,1,0,57,56,,6,0,0,6,2
2020-10-28,US,Idaho,Ada,16710,167,0,43.4526575,-116.24155159999998,16001.0,3469.7780463343074,0.9994015559545184,16543,16551,167,0,16384,16397,469966,159,0,0,159,154
2020-10-28,US,Idaho,Adams,57,2,0,44.89333571,-116.4545247,16003.0,1327.4336283185844,3.5087719298245608,55,57,2,0,55,54,4250,0,0,0,0,3
2020-10-28,US,Idaho,Bannock,2520,14,0,42.67002716,-112.2233311,16005.0,2869.8979591836733,0.5555555555555556,2506,2466,13,0,2453,2404,87138,54,1,0,53,62
2020-10-28,US,Idaho,Bear Lake,74,1,0,42.28269683,-111.32892379999998,16007.0,1208.1632653061224,1.351351351351351,73,73,1,0,72,70,6050,1,0,0,1,3
2020-10-28,US,Idaho,Benewah,175,3,0,47.21754179,-116.6586851,16009.0,1882.1251882125187,1.7142857142857142,172,172,3,0,169,170,9226,3,0,0,3,2
2020-10-28,US,Idaho,Bingham,1612,22,0,43.21672879999999,-112.3978437,16011.0,3443.635043045438,1.3647642679900744,1590,1590,18,0,1572,1569,46236,22,4,0,18,21
2020-10-28,US,Idaho,Blaine,883,7,0,43.4085812,-113.9752658,16013.0,3835.62833934234,0.7927519818799547,876,865,7,0,858,861,22601,18,0,0,18,4
2020-10-28,US,Idaho,Boise,82,2,0,43.98829931,-115.7309284,16015.0,1047.1204188481674,2.4390243902439024,80,77,2,0,75,76,7634,5,0,0,5,1
2020-10-28,US,Idaho,Bonner,492,1,0,48.29996017,-116.6017932,16017.0,1075.6684667351713,0.2032520325203252,491,487,1,0,486,481,44727,5,0,0,5,6
2020-10-28,US,Idaho,Bonneville,4553,35,0,43.38713372,-111.6161537,16019.0,3824.0580537871033,0.7687239182956292,4518,4459,30,0,4429,4381,116854,94,5,0,89,78
2020-10-28,US,Idaho,Boundary,156,1,0,48.76684761,-116.4630179,16021.0,1273.9893834218049,0.6410256410256411,155,147,1,0,146,142,11948,9,0,0,9,5
2020-10-28,US,Idaho,Butte,101,0,0,43.72592209,-113.1735463,16023.0,3889.1028109356953,0.0,101,98,0,0,98,96,2611,3,0,0,3,2
2020-10-28,US,Idaho,Camas,41,0,0,43.46665742,-114.8065892,16025.0,3707.052441229656,0.0,41,41,0,0,41,41,1127,0,0,0,0,0
2020-10-28,US,Idaho,Canyon,10013,108,0,43.61970148,-116.70954990000001,16027.0,4356.338291661047,1.0785978228303206,9905,9929,108,0,9821,9824,223499,84,0,0,84,105
2020-10-28,US,Idaho,Caribou,287,4,0,42.77149116,-111.5597683,16029.0,4011.180992313068,1.3937282229965158,283,277,4,0,273,265,7060,10,0,0,10,12
2020-10-28,US,Idaho,Cassia,1397,9,0,42.28347888,-113.6012409,16031.0,5813.566375364128,0.6442376521116678,1388,1381,8,0,1373,1352,23864,16,1,0,15,29
2020-10-28,US,Idaho,Clark,40,0,0,44.28496071,-112.35057040000001,16033.0,4733.727810650888,0.0,40,40,0,0,40,40,852,0,0,0,0,0
2020-10-28,US,Idaho,Clearwater,142,0,0,46.67459924,-115.6622393,16035.0,1621.7450890817724,0.0,142,144,0,0,144,140,8758,-2,0,0,-2,4
2020-10-28,US,Idaho,Custer,95,1,0,44.24186819,-114.2855494,16037.0,2201.62224797219,1.0526315789473684,94,94,1,0,93,94,4280,1,0,0,1,0
2020-10-28,US,Idaho,Elmore,530,4,0,43.3507101,-115.4701578,16039.0,1926.5021264221584,0.7547169811320755,526,521,4,0,517,520,27259,9,0,0,9,1
2020-10-28,US,Idaho,Franklin,367,2,0,42.18332217,-111.81496659999999,16041.0,2644.854424906313,0.5449591280653951,365,359,2,0,357,347,13726,8,0,0,8,12
2020-10-28,US,Idaho,Fremont,481,4,0,44.22800938,-111.48099429999999,16043.0,3672.036033284984,0.8316008316008316,477,477,4,0,473,470,13168,4,0,0,4,7
2020-10-28,US,Idaho,Gem,428,6,0,44.06482372,-116.398376,16045.0,2363.0742049469964,1.4018691588785046,422,425,6,0,419,424,17634,3,0,0,3,1
2020-10-28,US,Idaho,Gooding,588,8,0,42.96927962,-114.81083059999999,16047.0,3873.7729758218593,1.3605442176870748,580,562,7,0,555,548,15196,26,1,0,25,14
2020-10-28,US,Idaho,Idaho,373,1,0,45.84721541,-115.4634436,16049.0,2237.9552408951818,0.2680965147453083,372,370,1,0,369,359,16513,3,0,0,3,11
2020-10-28,US,Idaho,Jefferson,980,3,0,43.82078483,-112.3131749,16051.0,3280.7739948444982,0.30612244897959184,977,967,3,0,964,951,29439,13,0,0,13,16
2020-10-28,US,Idaho,Jerome,1119,9,0,42.68891267,-114.2655033,16053.0,4583.811240373587,0.8042895442359249,1110,1093,9,0,1084,1076,24015,26,0,0,26,17
2020-10-28,US,Idaho,Kootenai,4135,49,0,47.67282258,-116.7020872,16055.0,2495.5189291296765,1.185006045949214,4086,4068,49,0,4019,4019,161505,67,0,0,67,49
2020-10-28,US,Idaho,Latah,949,1,0,46.81587887,-116.71136979999999,16057.0,2366.1114989528273,0.1053740779768177,948,949,1,0,948,933,40134,0,0,0,0,16
2020-10-28,US,Idaho,Lemhi,251,0,0,44.9438088,-113.9309747,16059.0,3126.946555375607,0.0,251,230,0,0,230,218,7961,21,0,0,21,12
2020-10-28,US,Idaho,Lewis,81,3,0,46.23315327,-116.434146,16061.0,2110.474205315269,3.703703703703704,78,81,3,0,78,79,3861,0,0,0,0,2
2020-10-28,US,Idaho,Lincoln,207,2,0,43.0012336,-114.1358773,16063.0,3857.622064852777,0.966183574879227,205,198,1,0,197,184,5360,9,1,0,8,14
2020-10-28,US,Idaho,Madison,2611,3,0,43.78141028,-111.65384740000002,16065.0,6542.711804946502,0.11489850631941785,2608,2585,3,0,2582,2532,39304,26,0,0,26,53
2020-10-28,US,Idaho,Minidoka,1207,9,0,42.85518524,-113.6357257,16067.0,5736.9646846333,0.7456503728251864,1198,1199,8,0,1191,1185,20825,8,1,0,7,14
2020-10-28,US,Idaho,Nez Perce,862,24,0,46.32638236,-116.75009750000001,16069.0,2133.240942387646,2.7842227378190256,838,853,24,0,829,818,40408,9,0,0,9,35
2020-10-28,US,Idaho,Oneida,54,0,0,42.19494279999999,-112.5407838,16071.0,1191.7898918561025,0.0,54,51,0,0,51,46,4488,3,0,0,3,5
2020-10-28,US,Idaho,Owyhee,398,5,0,42.58016894,-116.16938710000001,16073.0,3366.319884969974,1.256281407035176,393,392,5,0,387,389,11693,6,0,0,6,3
2020-10-28,US,Idaho,Payette,1137,10,0,44.00545243,-116.7647695,16075.0,4747.19218404242,0.8795074758135444,1127,1130,10,0,1120,1116,23551,7,0,0,7,14
2020-10-28,US,Idaho,Power,367,2,0,42.69254894,-112.83957420000002,16077.0,4778.023694831402,0.5449591280653951,365,361,2,0,359,357,7768,6,0,0,6,4
2020-10-28,US,Idaho,Shoshone,268,20,0,47.35364087,-115.89167490000001,16079.0,2080.42229467474,7.462686567164179,248,266,20,0,246,264,12796,2,0,0,2,2
2020-10-28,US,Idaho,Teton,288,2,0,43.75303583,-111.2056773,16081.0,2371.932136386097,0.6944444444444444,286,283,2,0,281,281,11640,5,0,0,5,2
2020-10-28,US,Idaho,Twin Falls,4097,46,0,42.35440512,-114.6685381,16083.0,4715.808374962591,1.1227727605565048,4051,3987,46,0,3941,3907,86081,110,0,0,110,80
2020-10-28,US,Idaho,Valley,117,1,0,44.76728382,-115.5676773,16085.0,1027.0365168539329,0.8547008547008547,116,117,1,0,116,115,11041,0,0,0,0,2
2020-10-28,US,Idaho,Washington,460,8,0,44.45275475,-116.78476880000001,16087.0,4512.458308809103,1.7391304347826086,452,451,8,0,443,446,10161,9,0,0,9,5
2020-10-28,US,Illinois,Adams,2004,22,0,39.98815591,-91.18786813,17001.0,3062.5811874379165,1.0978043912175648,1982,1935,21,0,1914,1888,65691,69,1,0,68,47
2020-10-28,US,Illinois,Alexander,136,1,0,37.18049267,-89.32910838,17003.0,2360.7012671411208,0.7352941176470589,135,132,1,0,131,124,6060,4,0,0,4,8
2020-10-28,US,Illinois,Bond,518,9,0,38.88829622,-89.43534887,17005.0,3153.537075368319,1.7374517374517375,509,513,9,0,504,507,16630,5,0,0,5,6
2020-10-28,US,Illinois,Boone,1953,25,0,42.32359279,-88.82345779,17007.0,3647.467503361722,1.2800819252432156,1928,1905,25,0,1880,1878,53577,48,0,0,48,27
2020-10-28,US,Illinois,Brown,117,0,0,39.96209138,-90.75068024,17009.0,1778.6561264822135,0.0,117,115,0,0,115,111,6556,2,0,0,2,4
2020-10-28,US,Illinois,Bureau,948,17,0,41.40385234,-89.5283051,17011.0,2905.4799558661266,1.7932489451476794,931,925,16,0,909,913,32993,23,1,0,22,12
2020-10-28,US,Illinois,Calhoun,64,0,0,39.16840183,-90.66330078,17013.0,1350.4958852078498,0.0,64,66,0,0,66,66,4802,-2,0,0,-2,0
2020-10-28,US,Illinois,Carroll,437,12,0,42.06823429,-89.93395545,17015.0,3054.87591751136,2.7459954233409607,425,430,12,0,418,419,14312,7,0,0,7,11
2020-10-28,US,Illinois,Cass,468,11,0,39.96991073,-90.24734436,17017.0,3852.803161274389,2.3504273504273505,457,464,11,0,453,463,12260,4,0,0,4,1
2020-10-28,US,Illinois,Champaign,6390,28,0,40.13919438,-88.20046615,17019.0,3047.3701529407845,0.4381846635367762,6362,6285,29,0,6256,6172,209983,105,-1,0,106,113
2020-10-28,US,Illinois,Christian,846,29,0,39.54581621,-89.27780482,17021.0,2618.870728083209,3.4278959810874703,817,829,29,0,800,825,32661,17,0,0,17,4
2020-10-28,US,Illinois,Clark,314,17,0,39.33425789,-87.78705622,17023.0,2033.5470500615243,5.414012738853503,297,312,17,0,295,310,15596,2,0,0,2,2
2020-10-28,US,Illinois,Clay,324,13,0,38.75388572,-88.48914513,17025.0,2457.5242718446602,4.012345679012347,311,317,13,0,304,314,13253,7,0,0,7,3
2020-10-28,US,Illinois,Clinton,1828,29,0,38.60704876,-89.42385254,17027.0,4866.620520739045,1.5864332603938731,1799,1811,28,0,1783,1789,37639,17,1,0,16,22
2020-10-28,US,Illinois,Coles,2030,40,0,39.51949084,-88.22358557,17029.0,4010.19339799688,1.9704433497536944,1990,1971,40,0,1931,1935,50885,59,0,0,59,36
2020-10-28,US,Illinois,Cook,181108,5450,0,41.84144849,-87.81658794,17031.0,3516.5010981056585,3.0092541466969984,175658,178832,5439,0,173393,177465,5180493,2276,11,0,2265,1367
2020-10-28,US,Illinois,Crawford,663,6,0,39.0032229,-87.75954624,17033.0,3551.722290673381,0.9049773755656108,657,653,6,0,647,651,18807,10,0,0,10,2
2020-10-28,US,Illinois,Cumberland,308,6,0,39.27432424,-88.2401158,17035.0,2860.858257477243,1.9480519480519483,302,302,6,0,296,294,10808,6,0,0,6,8
2020-10-28,US,Illinois,De Witt,275,6,0,40.17514519,-88.90959682,17039.0,1758.5368973014456,2.1818181818181817,269,272,6,0,266,264,15769,3,0,0,3,8
2020-10-28,US,Illinois,DeKalb,2469,42,0,41.89373302,-88.76958483,17037.0,2353.737475809604,1.7010935601458081,2427,2432,42,0,2390,2399,104143,37,0,0,37,33
2020-10-28,US,Illinois,Douglas,733,9,0,39.76768052,-88.21854195,17041.0,3765.7333675828413,1.2278308321964528,724,710,9,0,701,684,19479,23,0,0,23,26
2020-10-28,US,Illinois,DuPage,23780,615,0,41.85116968,-88.08642662,17043.0,2576.601897670548,2.586206896551724,23165,23408,608,0,22800,23099,928589,372,7,0,365,309
2020-10-28,US,Illinois,Edgar,159,10,0,39.6809186,-87.74759563,17045.0,926.5194335994406,6.289308176100628,149,157,10,0,147,157,17360,2,0,0,2,0
2020-10-28,US,Illinois,Edwards,114,0,0,38.41353228,-88.05720863,17047.0,1782.6426896012506,0.0,114,111,0,0,111,109,6392,3,0,0,3,2
2020-10-28,US,Illinois,Effingham,1226,4,0,39.05935711,-88.58969584,17049.0,3605.034109621265,0.3262642740619902,1222,1204,4,0,1200,1183,34208,22,0,0,22,21
2020-10-28,US,Illinois,Fayette,699,24,0,39.00072038,-89.02452658,17051.0,3276.1529808773907,3.433476394849785,675,689,24,0,665,685,21416,10,0,0,10,4
2020-10-28,US,Illinois,Ford,208,14,0,40.59706922,-88.22350769,17053.0,1604.81444332999,6.730769230769232,194,204,14,0,190,198,13264,4,0,0,4,6
2020-10-28,US,Illinois,Franklin,1033,10,0,37.99189086,-88.92567818,17055.0,2685.279055863163,0.968054211035818,1023,1005,9,0,996,986,38701,28,1,0,27,19
2020-10-28,US,Illinois,Fulton,557,1,0,40.47289135,-90.20862357,17057.0,1622.0151426907394,0.17953321364452424,556,550,1,0,549,527,34844,7,0,0,7,23
2020-10-28,US,Illinois,Gallatin,110,2,0,37.76430935,-88.22953869,17059.0,2278.376139188069,1.818181818181818,108,108,2,0,106,107,5058,2,0,0,2,1
2020-10-28,US,Illinois,Greene,299,15,0,39.35907414,-90.388865,17061.0,2305.497725345053,5.016722408026756,284,295,15,0,280,295,13044,4,0,0,4,0
2020-10-28,US,Illinois,Grundy,1019,7,0,41.28569601,-88.41905692,17063.0,1995.9258823990285,0.6869479882237488,1012,987,7,0,980,977,50972,32,0,0,32,10
2020-10-28,US,Illinois,Hamilton,135,2,0,38.08163641,-88.53883373,17065.0,1663.3809758501725,1.4814814814814814,133,127,2,0,125,126,8163,8,0,0,8,1
2020-10-28,US,Illinois,Hancock,321,4,0,40.40423981,-91.16313899,17067.0,1812.740004517732,1.2461059190031152,317,314,4,0,310,314,17844,7,0,0,7,0
2020-10-28,US,Illinois,Hardin,56,0,0,37.51810645,-88.26873022,17069.0,1465.5849254121958,0.0,56,55,0,0,55,54,3910,1,0,0,1,1
2020-10-28,US,Illinois,Henderson,131,0,0,40.81908672,-90.92491462,17071.0,1971.1104423713516,0.0,131,129,0,0,129,129,6709,2,0,0,2,0
2020-10-28,US,Illinois,Henry,863,7,0,41.3533994,-90.13296166,17073.0,1764.357123872999,0.8111239860950173,856,862,7,0,855,853,49090,1,0,0,1,9
2020-10-28,US,Illinois,Iroquois,515,19,0,40.74717633,-87.82466784,17075.0,1899.3877701556396,3.6893203883495143,496,505,19,0,486,495,27604,10,0,0,10,10
2020-10-28,US,Illinois,Jackson,1584,26,0,37.78595185,-89.38232563,17077.0,2791.1894273127755,1.6414141414141414,1558,1550,26,0,1524,1548,57419,34,0,0,34,2
2020-10-28,US,Illinois,Jasper,272,10,0,39.01054275,-88.15437049,17079.0,2830.385015608741,3.6764705882352944,262,266,10,0,256,264,9611,6,0,0,6,2
2020-10-28,US,Illinois,Jefferson,920,52,0,38.29980057,-88.9240025,17081.0,2441.3544209744186,5.652173913043479,868,911,49,0,862,907,37820,9,3,0,6,4
2020-10-28,US,Illinois,Jersey,481,21,0,39.08869046,-90.35393073,17083.0,2209.158131630919,4.365904365904367,460,477,21,0,456,475,21847,4,0,0,4,2
2020-10-28,US,Illinois,Jo Daviess,536,9,0,42.36542373,-90.21094405,17085.0,2524.134683305863,1.6791044776119404,527,518,9,0,509,512,21366,18,0,0,18,6
2020-10-28,US,Illinois,Johnson,376,0,0,37.45939802,-88.88165419,17087.0,3028.106628009987,0.0,376,366,0,0,366,362,12456,10,0,0,10,4
2020-10-28,US,Illinois,Kane,17421,348,0,41.93842729,-88.42861412,17089.0,3272.145348542363,1.9975891165834336,17073,17098,348,0,16750,16903,534216,323,0,0,323,195
2020-10-28,US,Illinois,Kankakee,3505,81,0,41.13746989,-87.86205334,17091.0,3190.366095647267,2.3109843081312405,3424,3444,80,0,3364,3421,110024,61,1,0,60,23
2020-10-28,US,Illinois,Kendall,2797,30,0,41.59081014,-88.42869583,17093.0,2168.38514613536,1.0725777618877368,2767,2744,30,0,2714,2704,127915,53,0,0,53,40
2020-10-28,US,Illinois,Knox,1362,21,0,40.93148779,-90.21330340000002,17095.0,2740.497796736353,1.5418502202643172,1341,1331,19,0,1312,1317,50112,31,2,0,29,14
2020-10-28,US,Illinois,LaSalle,2554,65,0,41.34426129999999,-88.88633881,17099.0,2350.256282840553,2.54502740798747,2489,2473,65,0,2408,2426,109430,81,0,0,81,47
2020-10-28,US,Illinois,Lake,21373,514,0,42.3224907,-88.00367925,17097.0,3068.47466387188,2.4049033827726567,20859,21010,511,0,20499,20815,700832,363,3,0,360,195
2020-10-28,US,Illinois,Lawrence,351,8,0,38.71987914,-87.72884035,17101.0,2238.8059701492543,2.2792022792022792,343,338,8,0,330,336,15765,13,0,0,13,2
2020-10-28,US,Illinois,Lee,769,2,0,41.74583951,-89.29977132,17103.0,2255.3965274519005,0.2600780234070221,767,754,2,0,752,740,34223,15,0,0,15,14
2020-10-28,US,Illinois,Livingston,692,10,0,40.89188292,-88.55784752,17105.0,1941.2028725314185,1.4450867052023122,682,662,10,0,652,646,35761,30,0,0,30,16
2020-10-28,US,Illinois,Logan,614,4,0,40.12581572,-89.36638784,17107.0,2145.50283038647,0.6514657980456026,610,607,4,0,603,599,28925,7,0,0,7,8
2020-10-28,US,Illinois,Macon,3308,54,0,39.86064913,-88.96342505,17115.0,3180.493995711909,1.6324062877871826,3254,3234,53,0,3181,3160,104712,74,1,0,73,74
2020-10-28,US,Illinois,Macoupin,829,11,0,39.26119767,-89.92424028,17117.0,1845.2566442594489,1.3268998793727382,818,824,11,0,813,816,45313,5,0,0,5,8
2020-10-28,US,Illinois,Madison,7373,157,0,38.83042506,-89.90422563,17119.0,2803.7845196717444,2.1293910212939102,7216,7264,155,0,7109,7221,264461,109,2,0,107,43
2020-10-28,US,Illinois,Marion,1102,20,0,38.64963204,-88.91899208,17121.0,2961.967477489585,1.8148820326678765,1082,1051,19,0,1032,1028,37620,51,1,0,50,23
2020-10-28,US,Illinois,Marshall,166,3,0,41.0327901,-89.34510444,17123.0,1451.3026752928836,1.8072289156626504,163,161,3,0,158,157,11534,5,0,0,5,4
2020-10-28,US,Illinois,Mason,317,5,0,40.23917274,-89.91824452,17125.0,2372.932105696534,1.5772870662460567,312,317,5,0,312,309,13565,0,0,0,0,8
2020-10-28,US,Illinois,Massac,158,2,0,37.22078441,-88.71036614,17127.0,1147.255300609933,1.2658227848101269,156,156,2,0,154,155,14080,2,0,0,2,1
2020-10-28,US,Illinois,McDonough,789,20,0,40.45674722,-90.67775541,17109.0,2658.1766727309478,2.534854245880862,769,780,20,0,760,771,29955,9,0,0,9,9
2020-10-28,US,Illinois,McHenry,6671,121,0,42.32451172,-88.45248227,17111.0,2167.499528875084,1.8138210163393795,6550,6545,121,0,6424,6452,308570,126,0,0,126,93
2020-10-28,US,Illinois,McLean,4301,38,0,40.48996987,-88.84621113,17113.0,2507.6231510579128,0.8835154615205766,4263,4255,36,0,4219,4209,172828,46,2,0,44,46
2020-10-28,US,Illinois,Menard,188,1,0,40.02742725,-89.80246001,17129.0,1541.4890127910792,0.5319148936170213,187,187,1,0,186,186,12288,1,0,0,1,1
2020-10-28,US,Illinois,Mercer,287,6,0,41.20596782,-90.74290052,17131.0,1859.169527757984,2.0905923344947737,281,287,6,0,281,270,15601,0,0,0,0,17
2020-10-28,US,Illinois,Monroe,971,30,0,38.27594376,-90.17761038,17133.0,2803.360568178537,3.0895983522142116,941,935,30,0,905,925,34335,36,0,0,36,10
2020-10-28,US,Illinois,Montgomery,644,16,0,39.23198845,-89.47809254,17135.0,2266.48835081298,2.4844720496894412,628,625,16,0,609,615,28601,19,0,0,19,10
2020-10-28,US,Illinois,Morgan,983,24,0,39.71654544,-90.20255104,17137.0,2920.5538059302394,2.4415055951169893,959,956,24,0,932,934,33976,27,0,0,27,22
2020-10-28,US,Illinois,Moultrie,443,6,0,39.64187451,-88.62099969,17139.0,3054.961726777464,1.3544018058690743,437,434,5,0,429,415,14717,9,1,0,8,19
2020-10-28,US,Illinois,Ogle,1271,7,0,42.04165196,-89.32184679,17141.0,2509.7249373062423,0.5507474429583006,1264,1236,7,0,1229,1218,50923,35,0,0,35,18
2020-10-28,US,Illinois,Out of IL,1,0,0,0.0,0.0,80017.0,0.0,0.0,1,1,0,0,1,5,,0,0,0,0,-4
2020-10-28,US,Illinois,Peoria,4748,77,0,40.78702156,-89.76078901,17143.0,2649.8641023780688,1.6217354675652906,4671,4680,73,0,4607,4622,180621,68,4,0,64,58
2020-10-28,US,Illinois,Perry,465,16,0,38.08510853,-89.36856219,17145.0,2223.178427997705,3.4408602150537635,449,451,16,0,435,447,21174,14,0,0,14,4
2020-10-28,US,Illinois,Piatt,265,1,0,40.01360584,-88.59319339,17147.0,1621.3901125795398,0.37735849056603776,264,257,0,0,257,254,16396,8,1,0,7,3
2020-10-28,US,Illinois,Pike,388,7,0,39.62265059,-90.8877017,17149.0,2493.413019728809,1.8041237113402064,381,367,7,0,360,358,15611,21,0,0,21,9
2020-10-28,US,Illinois,Pope,42,1,0,37.41391284,-88.56152109,17151.0,1005.5063442662198,2.380952380952381,41,42,1,0,41,42,4212,0,0,0,0,0
2020-10-28,US,Illinois,Pulaski,245,1,0,37.22631423,-89.13085001,17153.0,4592.314901593252,0.4081632653061225,244,245,1,0,244,240,5463,0,0,0,0,5
2020-10-28,US,Illinois,Putnam,98,0,0,41.2013541,-89.2869272,17155.0,1707.6145669977348,0.0,98,93,0,0,93,92,5740,5,0,0,5,1
2020-10-28,US,Illinois,Randolph,1314,15,0,38.05095369,-89.82512254,17157.0,4134.415707003965,1.1415525114155252,1299,1293,15,0,1278,1283,32106,21,0,0,21,10
2020-10-28,US,Illinois,Richland,342,18,0,38.71240969,-88.08475366,17159.0,2204.602591374976,5.2631578947368425,324,337,18,0,319,335,15763,5,0,0,5,2
2020-10-28,US,Illinois,Rock Island,4173,93,0,41.46613806,-90.57042164,17161.0,2941.238661112638,2.2286125089863407,4080,4128,92,0,4036,4070,143477,45,1,0,44,58
2020-10-28,US,Illinois,Saline,596,9,0,37.75332999,-88.54119706,17165.0,2537.1418841258355,1.5100671140939597,587,573,9,0,564,567,23906,23,0,0,23,6
2020-10-28,US,Illinois,Sangamon,4248,63,0,39.75836914,-89.65872023,17167.0,2182.131996383661,1.4830508474576272,4185,4151,63,0,4088,4067,195348,97,0,0,97,84
2020-10-28,US,Illinois,Schuyler,93,1,0,40.157179799999994,-90.61114163,17169.0,1374.113475177305,1.075268817204301,92,94,1,0,93,90,6907,-1,0,0,-1,4
2020-10-28,US,Illinois,Scott,109,0,0,39.642916899999996,-90.47814431,17171.0,2201.5754393051907,0.0,109,107,0,0,107,107,4926,2,0,0,2,0
2020-10-28,US,Illinois,Shelby,715,12,0,39.39133527,-88.80611122,17173.0,3304.9828972913015,1.6783216783216783,703,702,12,0,690,691,21741,13,0,0,13,11
2020-10-28,US,Illinois,St. Clair,8096,221,0,38.46996033,-89.93063427,17163.0,3117.611268994093,2.7297430830039526,7875,8042,221,0,7821,7993,261059,54,0,0,54,49
2020-10-28,US,Illinois,Stark,92,3,0,41.09309773,-89.79745866,17175.0,1722.2014226881315,3.260869565217391,89,88,3,0,85,86,5427,4,0,0,4,2
2020-10-28,US,Illinois,Stephenson,1075,9,0,42.35129217,-89.662598,17177.0,2415.8389141084995,0.8372093023255814,1066,1032,7,0,1025,1018,44753,43,2,0,41,14
2020-10-28,US,Illinois,Tazewell,2809,56,0,40.50716185,-89.51404662,17179.0,2131.2109739535517,1.9935920256318973,2753,2735,56,0,2679,2687,132328,74,0,0,74,48
2020-10-28,US,Illinois,Unassigned,4786,270,0,0.0,0.0,90017.0,0.0,5.641454241537819,4516,4784,270,0,4514,4778,,2,0,0,2,6
2020-10-28,US,Illinois,Union,799,25,0,37.47119609,-89.25548938,17181.0,4797.934306131027,3.1289111389236544,774,792,25,0,767,787,16841,7,0,0,7,5
2020-10-28,US,Illinois,Vermilion,1810,11,0,40.18417171,-87.73384359,17183.0,2389.186620554925,0.6077348066298343,1799,1784,11,0,1773,1741,76806,26,0,0,26,43
2020-10-28,US,Illinois,Wabash,241,5,0,38.44272901,-87.84922065,17185.0,2092.0138888888887,2.074688796680498,236,233,5,0,228,228,11549,8,0,0,8,5
2020-10-28,US,Illinois,Warren,529,9,0,40.84925021,-90.6147432,17187.0,3140.584184279269,1.7013232514177694,520,516,9,0,507,506,17032,13,0,0,13,10
2020-10-28,US,Illinois,Washington,327,2,0,38.35309213,-89.40982703,17189.0,2354.720241952906,0.6116207951070336,325,322,2,0,320,310,13995,5,0,0,5,12
2020-10-28,US,Illinois,Wayne,509,14,0,38.42955355,-88.42586459,17191.0,3139.0687634905958,2.7504911591355596,495,502,13,0,489,486,16332,7,1,0,6,16
2020-10-28,US,Illinois,White,274,4,0,38.08706198,-88.17657461,17193.0,2024.0821452315874,1.45985401459854,270,270,4,0,266,270,13665,4,0,0,4,0
2020-10-28,US,Illinois,Whiteside,1584,30,0,41.75509713,-89.91556058,17195.0,2870.865428183054,1.893939393939394,1554,1514,28,0,1486,1460,55626,70,2,0,68,54
2020-10-28,US,Illinois,Will,19141,430,0,41.44619267,-87.97862712,17197.0,2771.074046352985,2.246486599446215,18711,18807,429,0,18378,18621,692310,334,1,0,333,186
2020-10-28,US,Illinois,Williamson,1938,61,0,37.73033511,-88.92994027,17199.0,2910.040992837515,3.147574819401445,1877,1905,61,0,1844,1888,67056,33,0,0,33,17
2020-10-28,US,Illinois,Winnebago,10703,182,0,42.33641854,-89.16085327,17201.0,3787.707203827697,1.7004578155657293,10521,10463,180,0,10283,10340,284081,240,2,0,238,123
2020-10-28,US,Illinois,Woodford,676,15,0,40.78579374,-89.20973757,17203.0,1757.716009256611,2.218934911242604,661,660,15,0,645,637,38463,16,0,0,16,23
2020-10-28,US,Indiana,Adams,617,7,0,40.7457653,-84.93671406,18001.0,1724.571652178774,1.1345218800648298,610,577,7,0,570,560,35636,40,0,0,40,17
2020-10-28,US,Indiana,Allen,8886,235,0,41.09194313,-85.06800636,18003.0,2342.7427965800066,2.6446094980868784,8651,8741,232,0,8509,8647,375351,145,3,0,142,94
2020-10-28,US,Indiana,Bartholomew,1507,58,0,39.20744865,-85.89558181,18005.0,1798.7801238973968,3.84870603848706,1449,1490,58,0,1432,1479,82753,17,0,0,17,11
2020-10-28,US,Indiana,Benton,113,0,0,40.60626947,-87.31093999,18007.0,1291.72382258802,0.0,113,111,0,0,111,113,8653,2,0,0,2,-2
2020-10-28,US,Indiana,Blackford,252,5,0,40.47388153,-85.32499702,18009.0,2143.2216363327093,1.984126984126984,247,242,5,0,237,239,11930,10,0,0,10,3
2020-10-28,US,Indiana,Boone,1325,50,0,40.0509304,-86.46841646,18011.0,1953.0386333151541,3.7735849056603774,1275,1310,50,0,1260,1291,66999,15,0,0,15,19
2020-10-28,US,Indiana,Brown,152,3,0,39.19605589,-86.22868909,18013.0,1007.1561091969256,1.973684210526316,149,150,3,0,147,147,15234,2,0,0,2,3
2020-10-28,US,Indiana,Carroll,352,13,0,40.580783200000006,-86.56198812,18015.0,1737.6709285679026,3.6931818181818175,339,347,13,0,334,343,20127,5,0,0,5,4
2020-10-28,US,Indiana,Cass,2327,25,0,40.76135835,-86.34830753,18017.0,6174.2152882804,1.0743446497636442,2302,2301,25,0,2276,2297,37955,26,0,0,26,4
2020-10-28,US,Indiana,Clark,3129,65,0,38.48015445,-85.70510334,18019.0,2644.925698635695,2.0773410035155,3064,3085,65,0,3020,3062,117360,44,0,0,44,23
2020-10-28,US,Indiana,Clay,475,7,0,39.39561833,-87.11723506,18021.0,1811.2488083889416,1.4736842105263157,468,469,7,0,462,461,26170,6,0,0,6,8
2020-10-28,US,Indiana,Clinton,952,16,0,40.30319754,-86.47277257,18023.0,2938.362295132566,1.680672268907563,936,935,16,0,919,924,32250,17,0,0,17,11
2020-10-28,US,Indiana,Crawford,166,1,0,38.28814402,-86.44518825,18025.0,1569.4431313226812,0.6024096385542169,165,165,1,0,164,163,10558,1,0,0,1,2
2020-10-28,US,Indiana,Daviess,941,36,0,38.70186039,-87.07185406,18027.0,2821.5046025606425,3.8257173219978746,905,932,36,0,896,923,33147,9,0,0,9,9
2020-10-28,US,Indiana,DeKalb,800,11,0,41.39804622,-84.99906934,18033.0,1840.1380103507763,1.375,789,781,11,0,770,760,43226,19,0,0,19,21
2020-10-28,US,Indiana,Dearborn,1058,28,0,39.14647946,-84.97333539,18029.0,2139.1888066642405,2.6465028355387523,1030,1038,28,0,1010,1031,49568,20,0,0,20,7
2020-10-28,US,Indiana,Decatur,547,39,0,39.30712658,-85.50087166,18031.0,2059.565495688844,7.1297989031078615,508,533,39,0,494,528,26794,14,0,0,14,5
2020-10-28,US,Indiana,Delaware,3185,77,0,40.22787247,-85.39732772,18035.0,2790.5550444648875,2.417582417582417,3108,3144,75,0,3069,3115,114772,41,2,0,39,29
2020-10-28,US,Indiana,Dubois,1535,26,0,38.36597551,-86.87924170000002,18037.0,3591.819543242231,1.6938110749185669,1509,1479,26,0,1453,1464,42565,56,0,0,56,15
2020-10-28,US,Indiana,Elkhart,9549,145,0,41.59761169,-85.85875695,18039.0,4627.776350797951,1.5184836108493036,9404,9402,142,0,9260,9271,205560,147,3,0,144,131
2020-10-28,US,Indiana,Fayette,810,22,0,39.63684962,-85.17797541,18041.0,3506.189940264912,2.716049382716049,788,790,21,0,769,767,23047,20,1,0,19,23
2020-10-28,US,Indiana,Floyd,1905,69,0,38.32117957,-85.90385377,18043.0,2426.0716741804845,3.622047244094488,1836,1884,68,0,1816,1874,77781,21,1,0,20,10
2020-10-28,US,Indiana,Fountain,356,3,0,40.12361933,-87.24217689,18045.0,2177.902850850361,0.8426966292134831,353,339,3,0,336,329,16351,17,0,0,17,10
2020-10-28,US,Indiana,Franklin,388,25,0,39.4142482,-85.06062647,18047.0,1704.8949819843576,6.443298969072165,363,383,25,0,358,383,22736,5,0,0,5,0
2020-10-28,US,Indiana,Fulton,411,8,0,41.0469907,-86.26252745,18049.0,2057.674977470712,1.9464720194647205,403,395,6,0,389,378,20092,16,2,0,14,17
2020-10-28,US,Indiana,Gibson,967,12,0,38.30393723,-87.58054938,18051.0,2872.9314596393237,1.240951396070321,955,956,12,0,944,944,33452,11,0,0,11,12
2020-10-28,US,Indiana,Grant,1381,40,0,40.51587228,-85.65468702,18053.0,2099.7734494974834,2.896451846488052,1341,1354,40,0,1314,1335,65936,27,0,0,27,19
2020-10-28,US,Indiana,Greene,594,38,0,39.03630547,-86.96223202,18055.0,1860.78566505858,6.397306397306397,556,581,38,0,543,578,32006,13,0,0,13,3
2020-10-28,US,Indiana,Hamilton,6541,119,0,40.07306535,-86.05244729,18057.0,1935.1441225285569,1.819293685980737,6422,6462,117,0,6345,6400,330086,79,2,0,77,62
2020-10-28,US,Indiana,Hancock,1271,44,0,39.82304555,-85.77566351,18059.0,1625.9850578241735,3.4618410700236035,1227,1250,44,0,1206,1247,76351,21,0,0,21,3
2020-10-28,US,Indiana,Harrison,824,24,0,38.19467379,-86.10948271,18061.0,2033.8146365543626,2.9126213592233015,800,807,24,0,783,810,40350,17,0,0,17,-3
2020-10-28,US,Indiana,Hendricks,3472,138,0,39.76719009,-86.51037283,18063.0,2038.6234594359728,3.9746543778801833,3334,3442,137,0,3305,3418,167009,30,1,0,29,24
2020-10-28,US,Indiana,Henry,1377,30,0,39.93029017,-85.39625719,18065.0,2870.4244142416414,2.178649237472767,1347,1343,30,0,1313,1330,48271,34,0,0,34,13
2020-10-28,US,Indiana,Howard,1725,66,0,40.48527731,-86.11351892,18067.0,2089.7945338243844,3.8260869565217392,1659,1701,66,0,1635,1694,82366,24,0,0,24,7
2020-10-28,US,Indiana,Huntington,472,5,0,40.82907273,-85.48822092,18069.0,1292.4424972617744,1.0593220338983051,467,454,5,0,449,445,36240,18,0,0,18,9
2020-10-28,US,Indiana,Jackson,1233,19,0,38.90915820000001,-86.03851889,18071.0,2787.6376297167144,1.5409570154095702,1214,1225,19,0,1206,1210,44111,8,0,0,8,15
2020-10-28,US,Indiana,Jasper,723,5,0,41.02078733,-87.11553319,18073.0,2154.2220368273647,0.6915629322268326,718,707,5,0,702,688,33370,16,0,0,16,19
2020-10-28,US,Indiana,Jay,351,6,0,40.43781032,-85.00576229,18075.0,1717.557251908397,1.709401709401709,345,348,6,0,342,338,20764,3,0,0,3,10
2020-10-28,US,Indiana,Jefferson,409,5,0,38.78576239,-85.43633383,18077.0,1265.9403243778634,1.2224938875305624,404,365,5,0,360,365,32208,44,0,0,44,0
2020-10-28,US,Indiana,Jennings,396,13,0,38.99588883,-85.62710784,18079.0,1427.7988101676583,3.2828282828282833,383,388,13,0,375,387,27611,8,0,0,8,1
2020-10-28,US,Indiana,Johnson,3352,131,0,39.48994426,-86.10149107,18081.0,2119.278989928366,3.9081145584725534,3221,3307,131,0,3176,3286,156225,45,0,0,45,21
2020-10-28,US,Indiana,Knox,861,10,0,38.68861576,-87.4194665,18083.0,2352.84472864404,1.1614401858304295,851,839,10,0,829,818,36895,22,0,0,22,21
2020-10-28,US,Indiana,Kosciusko,2147,29,0,41.24521668,-85.86312322,18085.0,2702.124446234394,1.3507219375873312,2118,2103,29,0,2074,2011,79344,44,0,0,44,92
2020-10-28,US,Indiana,LaGrange,831,15,0,41.64232188,-85.42674232,18087.0,2097.7432220931987,1.8050541516245489,816,828,15,0,813,828,39330,3,0,0,3,0
2020-10-28,US,Indiana,LaPorte,2441,65,0,41.54366008,-86.74072188,18091.0,2221.35264997088,2.662843097091356,2376,2414,64,0,2350,2392,110007,27,1,0,26,22
2020-10-28,US,Indiana,Lake,14804,364,0,41.41874274,-87.38277575,18089.0,3049.271565192495,2.458794920291813,14440,14627,362,0,14265,14436,484411,177,2,0,175,191
2020-10-28,US,Indiana,Lawrence,1022,38,0,38.84112637,-86.48361629,18093.0,2252.589817059731,3.718199608610568,984,992,38,0,954,968,45668,30,0,0,30,24
2020-10-28,US,Indiana,Madison,2607,97,0,40.16143691,-85.71964711,18095.0,2012.055352746413,3.7207518220176454,2510,2547,96,0,2451,2508,129641,60,1,0,59,39
2020-10-28,US,Indiana,Marion,26448,794,0,39.78163624,-86.13826325,18097.0,2741.9130773744478,3.0021173623714463,25654,26255,795,0,25460,26055,954670,193,-1,0,194,200
2020-10-28,US,Indiana,Marshall,1528,29,0,41.32467367,-86.26185087,18099.0,3303.2124173116003,1.897905759162304,1499,1490,28,0,1462,1474,46248,38,1,0,37,16
2020-10-28,US,Indiana,Martin,205,0,0,38.7099921,-86.80373186,18101.0,1999.024865919064,0.0,205,204,0,0,204,205,10217,1,0,0,1,-1
2020-10-28,US,Indiana,Miami,698,5,0,40.76940965,-86.04525048,18103.0,1965.3114089424485,0.7163323782234957,693,690,5,0,685,671,35567,8,0,0,8,19
2020-10-28,US,Indiana,Monroe,3426,38,0,39.16130004,-86.52414358,18105.0,2308.1431776380946,1.1091652072387623,3388,3375,38,0,3337,3356,146917,51,0,0,51,19
2020-10-28,US,Indiana,Montgomery,653,22,0,40.04034823,-86.89335024,18107.0,1703.2709061505554,3.3690658499234303,631,644,22,0,622,631,38346,9,0,0,9,13
2020-10-28,US,Indiana,Morgan,1009,40,0,39.47899078,-86.44573375,18109.0,1431.4290172934784,3.964321110009911,969,1004,40,0,964,1003,70116,5,0,0,5,1
2020-10-28,US,Indiana,Newton,241,11,0,40.95610449,-87.39635768,18111.0,1723.3981693363846,4.564315352697094,230,240,11,0,229,237,14011,1,0,0,1,3
2020-10-28,US,Indiana,Noble,1273,35,0,41.39672484,-85.41966713,18113.0,2666.303619302949,2.7494108405341717,1238,1245,35,0,1210,1229,47532,28,0,0,28,16
2020-10-28,US,Indiana,Ohio,137,7,0,38.955304999999996,-84.96515993,18115.0,2331.914893617021,5.109489051094892,130,136,7,0,129,133,5844,1,0,0,1,3
2020-10-28,US,Indiana,Orange,432,25,0,38.54118920000001,-86.49523093,18117.0,2198.920899928739,5.787037037037037,407,425,25,0,400,424,19489,7,0,0,7,1
2020-10-28,US,Indiana,Owen,221,1,0,39.31145587,-86.83900724,18119.0,1062.5510841867397,0.4524886877828054,220,217,1,0,216,215,20845,4,0,0,4,2
2020-10-28,US,Indiana,Parke,264,4,0,39.77202286,-87.20375833,18121.0,1558.7176005195724,1.5151515151515151,260,260,4,0,256,256,16927,4,0,0,4,4
2020-10-28,US,Indiana,Perry,404,14,0,38.07809328,-86.63741946,18123.0,2107.569513276645,3.4653465346534653,390,377,14,0,363,369,19102,27,0,0,27,8
2020-10-28,US,Indiana,Pike,367,18,0,38.40112197,-87.23574907,18125.0,2962.305270804746,4.9046321525885554,349,363,18,0,345,357,12410,4,0,0,4,6
2020-10-28,US,Indiana,Porter,3614,51,0,41.45986947,-87.06848888,18127.0,2121.028939661598,1.4111787493082455,3563,3554,50,0,3504,3475,169594,60,1,0,59,79
2020-10-28,US,Indiana,Posey,783,7,0,38.02097333,-87.86480429,18129.0,3079.403783379872,0.8939974457215837,776,778,7,0,771,776,25540,5,0,0,5,2
2020-10-28,US,Indiana,Pulaski,181,4,0,41.04166107,-86.69890683,18131.0,1465.2311179470569,2.209944751381216,177,179,4,0,175,178,12469,2,0,0,2,1
2020-10-28,US,Indiana,Putnam,788,17,0,39.66437981,-86.84517605,18133.0,2097.0832446242284,2.1573604060913705,771,783,17,0,766,776,37779,5,0,0,5,7
2020-10-28,US,Indiana,Randolph,427,11,0,40.15734772,-85.01139319,18135.0,1731.1980539225626,2.5761124121779857,416,421,10,0,411,392,24851,6,1,0,5,29
2020-10-28,US,Indiana,Ripley,501,8,0,39.10235626,-85.26212744,18137.0,1768.8179635644683,1.5968063872255491,493,488,8,0,480,483,28523,13,0,0,13,5
2020-10-28,US,Indiana,Rush,265,4,0,39.62002287,-85.4655599,18139.0,1598.2148241963696,1.509433962264151,261,254,4,0,250,246,16663,11,0,0,11,8
2020-10-28,US,Indiana,Scott,569,16,0,38.68672078,-85.74627859,18143.0,2383.445733674025,2.81195079086116,553,559,16,0,543,554,23878,10,0,0,10,5
2020-10-28,US,Indiana,Shelby,945,36,0,39.52305623,-85.79158570000001,18145.0,2112.7232891412727,3.809523809523809,909,918,35,0,883,906,44593,27,1,0,26,12
2020-10-28,US,Indiana,Spencer,433,6,0,38.01519732,-87.0079644,18147.0,2135.424372441683,1.3856812933025404,427,423,6,0,417,417,20327,10,0,0,10,6
2020-10-28,US,Indiana,St. Joseph,9866,173,0,41.61756781,-86.29040834,18141.0,3629.5277125808425,1.7534968578958037,9693,9725,171,0,9554,9606,270771,141,2,0,139,119
2020-10-28,US,Indiana,Starke,473,10,0,41.27890281,-86.64686895,18149.0,2056.968906283975,2.1141649048625792,463,460,8,0,452,443,22935,13,2,0,11,17
2020-10-28,US,Indiana,Steuben,684,9,0,41.64423868,-85.00101094,18151.0,1977.221483494248,1.3157894736842106,675,674,8,0,666,660,34586,10,1,0,9,14
2020-10-28,US,Indiana,Sullivan,474,14,0,39.08952258,-87.41414469,18153.0,2293.289467318206,2.9535864978902957,460,467,14,0,453,457,20690,7,0,0,7,10
2020-10-28,US,Indiana,Switzerland,103,0,0,38.82767338,-85.03022429,18155.0,958.0504139149847,0.0,103,99,0,0,99,98,10717,4,0,0,4,1
2020-10-28,US,Indiana,Tippecanoe,4098,16,0,40.38872739,-86.89413959,18157.0,2093.6791122555333,0.3904343582235237,4082,4024,16,0,4008,3967,193048,74,0,0,74,57
2020-10-28,US,Indiana,Tipton,286,23,0,40.31123252,-86.05234925,18159.0,1888.0380248217587,8.041958041958042,263,285,23,0,262,284,15128,1,0,0,1,1
2020-10-28,US,Indiana,Unassigned,0,236,0,0.0,0.0,90018.0,0.0,0.0,-236,0,236,0,-236,0,,0,0,0,0,0
2020-10-28,US,Indiana,Union,124,0,0,39.62550777,-84.92497066,18161.0,1757.8678763821945,0.0,124,118,0,0,118,114,7037,6,0,0,6,4
2020-10-28,US,Indiana,Vanderburgh,6269,70,0,38.02658833,-87.58763124,18163.0,3454.9272255319624,1.1166055192215665,6199,6224,64,0,6160,6171,180974,45,6,0,39,53
2020-10-28,US,Indiana,Vermillion,287,1,0,39.8523352,-87.46160542,18165.0,1851.8518518518522,0.3484320557491289,286,276,1,0,275,272,15479,11,0,0,11,4
2020-10-28,US,Indiana,Vigo,2883,41,0,39.42944561,-87.39169027,18167.0,2693.4359760085204,1.422129725979882,2842,2806,41,0,2765,2753,107386,77,0,0,77,53
2020-10-28,US,Indiana,Wabash,489,9,0,40.84704239,-85.79328272,18169.0,1577.6229190863337,1.8404907975460123,480,459,9,0,450,443,31280,30,0,0,30,16
2020-10-28,US,Indiana,Warren,102,1,0,40.34728141,-87.35602659,18171.0,1234.119782214156,0.9803921568627452,101,92,1,0,91,91,8263,10,0,0,10,1
2020-10-28,US,Indiana,Warrick,2089,65,0,38.08922676,-87.2716085,18173.0,3315.978285024921,3.1115366203925316,2024,2068,65,0,2003,2050,62567,21,0,0,21,18
2020-10-28,US,Indiana,Washington,398,3,0,38.60219804,-86.1049363,18175.0,1419.6033670994434,0.7537688442211056,395,392,3,0,389,387,27943,6,0,0,6,5
2020-10-28,US,Indiana,Wayne,1498,33,0,39.863344399999995,-85.01044989,18177.0,2273.693157671058,2.202937249666222,1465,1455,33,0,1422,1420,65936,43,0,0,43,35
2020-10-28,US,Indiana,Wells,490,11,0,40.72934187,-85.22132966,18179.0,1731.6935255866556,2.2448979591836733,479,473,11,0,462,456,28206,17,0,0,17,17
2020-10-28,US,Indiana,White,640,16,0,40.74911165,-86.86492015,18181.0,2655.381296157995,2.5,624,630,16,0,614,623,24133,10,0,0,10,7
2020-10-28,US,Indiana,Whitley,508,6,0,41.13863784,-85.50791236,18183.0,1495.701330820869,1.1811023622047243,502,492,6,0,486,483,34074,16,0,0,16,9
2020-10-28,US,Iowa,Adair,191,1,0,41.33075609,-94.47105874,19001.0,2670.5816554809844,0.5235602094240838,190,177,1,0,176,170,7063,14,0,0,14,7
2020-10-28,US,Iowa,Adams,84,1,0,41.02903567,-94.69932645,19003.0,2332.037756801777,1.1904761904761905,83,83,0,0,83,81,3645,1,1,0,0,2
2020-10-28,US,Iowa,Allamakee,387,9,0,43.28383218,-91.37860922,19005.0,2827.5005479652227,2.3255813953488373,378,380,9,0,371,371,13832,7,0,0,7,9
2020-10-28,US,Iowa,Appanoose,234,3,0,40.74324454,-92.86865906,19007.0,1883.1482375663927,1.2820512820512822,231,233,3,0,230,227,12437,1,0,0,1,6
2020-10-28,US,Iowa,Audubon,156,1,0,41.6844628,-94.90581859,19009.0,2838.427947598253,0.6410256410256411,155,151,1,0,150,148,5506,5,0,0,5,3
2020-10-28,US,Iowa,Benton,622,2,0,42.08011739,-92.06463573,19011.0,2425.424059270813,0.3215434083601286,620,598,2,0,596,590,25642,24,0,0,24,8
2020-10-28,US,Iowa,Black Hawk,5862,102,0,42.4704581,-92.30524729,19013.0,4467.034474349986,1.7400204708290683,5760,5727,101,0,5626,5626,132408,135,1,0,134,101
2020-10-28,US,Iowa,Boone,736,9,0,42.03657094,-93.9313999,19015.0,2805.519554776245,1.2228260869565215,727,726,9,0,717,723,26346,10,0,0,10,3
2020-10-28,US,Iowa,Bremer,702,9,0,42.77461496,-92.31795937,19017.0,2801.0533875987553,1.2820512820512822,693,687,9,0,678,677,24947,15,0,0,15,10
2020-10-28,US,Iowa,Buchanan,475,5,0,42.4709188,-91.83510825,19019.0,2243.211334120425,1.0526315789473684,470,462,5,0,457,454,21199,13,0,0,13,8
2020-10-28,US,Iowa,Buena Vista,2279,12,0,42.73545875,-95.15100162,19021.0,11615.698267074416,0.5265467310223783,2267,2268,12,0,2256,2261,19874,11,0,0,11,7
2020-10-28,US,Iowa,Butler,396,3,0,42.73172833,-92.79015971,19023.0,2742.5722002908788,0.7575757575757576,393,388,3,0,385,383,14539,8,0,0,8,5
2020-10-28,US,Iowa,Calhoun,323,4,0,42.38521079,-94.64046046,19025.0,3340.918494000828,1.238390092879257,319,312,4,0,308,309,9699,11,0,0,11,3
2020-10-28,US,Iowa,Carroll,1189,13,0,42.03617207,-94.86032705,19027.0,5896.355070666999,1.0933557611438185,1176,1168,13,0,1155,1156,20154,21,0,0,21,12
2020-10-28,US,Iowa,Cass,412,3,0,41.33149454,-94.92792482,19029.0,3209.7226550327205,0.7281553398058253,409,402,3,0,399,390,12930,10,0,0,10,12
2020-10-28,US,Iowa,Cedar,494,7,0,41.77233777,-91.13246684,19031.0,2652.064207870296,1.4170040485829958,487,477,7,0,470,474,18627,17,0,0,17,3
2020-10-28,US,Iowa,Cerro Gordo,1461,27,0,43.08177563,-93.2612239,19033.0,3441.6961130742047,1.8480492813141685,1434,1402,27,0,1375,1377,42647,59,0,0,59,25
2020-10-28,US,Iowa,Cherokee,411,2,0,42.73538914,-95.62389402,19035.0,3658.2109479305736,0.4866180048661801,409,406,2,0,404,403,11321,5,0,0,5,3
2020-10-28,US,Iowa,Chickasaw,369,1,0,43.06001295,-92.31773347,19037.0,3092.2651470711467,0.27100271002710025,368,364,1,0,363,361,11964,5,0,0,5,3
2020-10-28,US,Iowa,Clarke,357,3,0,41.02868181,-93.78499767,19039.0,3799.893560404471,0.8403361344537815,354,357,3,0,354,352,9423,0,0,0,0,5
2020-10-28,US,Iowa,Clay,547,4,0,43.08247182,-95.15096481,19041.0,3415.334665334665,0.7312614259597806,543,541,4,0,537,535,16134,6,0,0,6,6
2020-10-28,US,Iowa,Clayton,461,3,0,42.84443388,-91.34133693,19043.0,2626.93030941934,0.6507592190889371,458,450,3,0,447,423,17556,11,0,0,11,27
2020-10-28,US,Iowa,Clinton,1516,27,0,41.89981633,-90.53275096,19045.0,3265.200628917272,1.7810026385224274,1489,1502,27,0,1475,1492,46518,14,0,0,14,10
2020-10-28,US,Iowa,Crawford,1370,14,0,42.03718237,-95.3819718,19047.0,8145.065398335315,1.0218978102189782,1356,1363,14,0,1349,1361,17158,7,0,0,7,2
2020-10-28,US,Iowa,Dallas,3525,47,0,41.68560356,-94.04127625,19049.0,3771.9495361304607,1.3333333333333333,3478,3485,44,0,3441,3463,90180,40,3,0,37,22
2020-10-28,US,Iowa,Davis,185,4,0,40.74773536,-92.41005468,19051.0,2055.555555555556,2.1621621621621623,181,179,4,0,175,178,9017,6,0,0,6,1
2020-10-28,US,Iowa,Decatur,160,0,0,40.73742757,-93.78645949,19053.0,2033.0368487928845,0.0,160,153,0,0,153,150,7890,7,0,0,7,3
2020-10-28,US,Iowa,Delaware,817,13,0,42.47104597,-91.3664492,19055.0,4802.774675210158,1.591187270501836,804,802,13,0,789,780,17069,15,0,0,15,22
2020-10-28,US,Iowa,Des Moines,1473,10,0,40.92012606,-91.18326592,19057.0,3780.1216413888674,0.6788866259334692,1463,1409,10,0,1399,1396,39138,64,0,0,64,13
2020-10-28,US,Iowa,Dickinson,776,9,0,43.37787725,-95.1510206,19059.0,4496.4654073473175,1.1597938144329898,767,752,9,0,743,741,17153,24,0,0,24,11
2020-10-28,US,Iowa,Dubuque,5383,58,0,42.46815349,-90.88181925,19061.0,5531.748723165932,1.0774660969719487,5325,5295,58,0,5237,5211,96854,88,0,0,88,84
2020-10-28,US,Iowa,Emmet,446,20,0,43.37782951,-94.67858943,19063.0,4843.614248479583,4.484304932735426,426,435,20,0,415,430,9253,11,0,0,11,5
2020-10-28,US,Iowa,Fayette,392,4,0,42.86271799,-91.84412309999999,19065.0,1994.910941475827,1.020408163265306,388,384,4,0,380,381,19660,8,0,0,8,3
2020-10-28,US,Iowa,Floyd,452,11,0,43.06000529999999,-92.78940097,19067.0,2889.6560542130164,2.433628318584071,441,440,11,0,429,437,15761,12,0,0,12,3
2020-10-28,US,Iowa,Franklin,393,18,0,42.73270384,-93.26256925,19069.0,3902.6812313803375,4.580152671755725,375,382,18,0,364,381,10124,11,0,0,11,1
2020-10-28,US,Iowa,Fremont,212,1,0,40.74542720000001,-95.60129045,19071.0,3045.977011494253,0.4716981132075472,211,209,1,0,208,206,6993,3,0,0,3,3
2020-10-28,US,Iowa,Greene,189,0,0,42.03614551,-94.39658081,19073.0,2126.4626462646265,0.0,189,188,0,0,188,187,8981,1,0,0,1,1
2020-10-28,US,Iowa,Grundy,332,6,0,42.40183723,-92.78829551,19075.0,2714.1922825376064,1.8072289156626504,326,318,6,0,312,311,12304,14,0,0,14,7
2020-10-28,US,Iowa,Guthrie,413,15,0,41.68378965,-94.50111014,19077.0,3863.7851997380485,3.6319612590799033,398,407,15,0,392,395,10720,6,0,0,6,12
2020-10-28,US,Iowa,Hamilton,479,4,0,42.38382428,-93.70197703,19079.0,3242.4016787382398,0.8350730688935282,475,478,4,0,474,475,14952,1,0,0,1,3
2020-10-28,US,Iowa,Hancock,339,4,0,43.08178477,-93.73454884,19081.0,3189.0874882408284,1.1799410029498525,335,331,4,0,327,320,10712,8,0,0,8,11
2020-10-28,US,Iowa,Hardin,488,7,0,42.38353877,-93.23654611,19083.0,2896.8301080375163,1.4344262295081966,481,483,7,0,476,477,16868,5,0,0,5,6
2020-10-28,US,Iowa,Harrison,684,15,0,41.68330137,-95.81558439,19085.0,4868.673926969891,2.1929824561403506,669,673,15,0,658,658,14134,11,0,0,11,15
2020-10-28,US,Iowa,Henry,1095,5,0,40.98767962,-91.54436349,19087.0,5487.621529517891,0.45662100456620996,1090,1074,5,0,1069,1067,20067,21,0,0,21,7
2020-10-28,US,Iowa,Howard,281,9,0,43.35671042,-92.31702714,19089.0,3068.3555361432627,3.2028469750889683,272,274,9,0,265,270,9187,7,0,0,7,4
2020-10-28,US,Iowa,Humboldt,350,3,0,42.7764426,-94.20722537,19091.0,3661.8539443398213,0.8571428571428571,347,338,3,0,335,325,9547,12,0,0,12,13
2020-10-28,US,Iowa,Ida,208,2,0,42.38696136,-95.51355387,19093.0,3032.069970845481,0.9615384615384616,206,196,2,0,194,193,6841,12,0,0,12,3
2020-10-28,US,Iowa,Iowa,429,9,0,41.68630265,-92.0643373,19095.0,2650.7661888284724,2.097902097902098,420,418,9,0,409,410,16141,11,0,0,11,8
2020-10-28,US,Iowa,Jackson,662,3,0,42.17178824,-90.57354837,19097.0,3405.524975564587,0.4531722054380665,659,646,3,0,643,633,19432,16,0,0,16,13
2020-10-28,US,Iowa,Jasper,1150,34,0,41.68576082,-93.05567785,19099.0,3092.64488368966,2.9565217391304346,1116,1123,34,0,1089,1112,37147,27,0,0,27,11
2020-10-28,US,Iowa,Jefferson,247,1,0,41.03192394,-91.94849466,19101.0,1350.0956545504234,0.4048582995951417,246,245,1,0,244,239,18381,2,0,0,2,6
2020-10-28,US,Iowa,Johnson,5965,31,0,41.67169354,-91.58754744,19103.0,3946.6719597723963,0.5196982397317687,5934,5906,30,0,5876,5862,151260,59,1,0,58,44
2020-10-28,US,Iowa,Jones,470,4,0,42.12118609,-91.13139641,19105.0,2272.617378269909,0.851063829787234,466,454,4,0,450,447,20744,16,0,0,16,7
2020-10-28,US,Iowa,Keokuk,171,1,0,41.33649833,-92.1785067,19107.0,1668.9439781378098,0.5847953216374269,170,164,1,0,163,161,10225,7,0,0,7,3
2020-10-28,US,Iowa,Kossuth,485,0,0,43.20405458,-94.20691791,19109.0,3274.1510835077297,0.0,485,477,0,0,477,469,14908,8,0,0,8,8
2020-10-28,US,Iowa,Lee,983,11,0,40.64181461,-91.48183025,19111.0,2920.640579968506,1.1190233977619533,972,959,10,0,949,956,34055,24,1,0,23,3
2020-10-28,US,Iowa,Linn,5823,132,0,42.07923082,-91.59809485,19113.0,2568.524873624871,2.2668727460072127,5691,5692,132,0,5560,5591,225909,131,0,0,131,101
2020-10-28,US,Iowa,Louisa,534,15,0,41.21842119,-91.26102611,19115.0,4839.148164929769,2.808988764044944,519,525,15,0,510,523,11169,9,0,0,9,2
2020-10-28,US,Iowa,Lucas,210,6,0,41.02958964,-93.32780803,19117.0,2441.860465116279,2.8571428571428568,204,206,6,0,200,205,8645,4,0,0,4,1
2020-10-28,US,Iowa,Lyon,559,8,0,43.38107862,-96.20926845,19119.0,4755.423224159932,1.4311270125223614,551,556,8,0,548,553,11811,3,0,0,3,3
2020-10-28,US,Iowa,Madison,371,3,0,41.33081904,-94.01554631,19121.0,2270.7797772065123,0.8086253369272237,368,364,3,0,361,362,16249,7,0,0,7,2
2020-10-28,US,Iowa,Mahaska,728,24,0,41.33521503,-92.64083907,19123.0,3294.863091197104,3.2967032967032965,704,709,24,0,685,697,22000,19,0,0,19,12
2020-10-28,US,Iowa,Marion,1048,11,0,41.33445101,-93.09934783,19125.0,3151.5953447809225,1.049618320610687,1037,1032,11,0,1021,1018,33407,16,0,0,16,14
2020-10-28,US,Iowa,Marshall,2090,36,0,42.03586837,-92.99908190000001,19127.0,5308.745459625594,1.7224880382775118,2054,2044,36,0,2008,2020,39981,46,0,0,46,24
2020-10-28,US,Iowa,Mills,413,3,0,41.03299766,-95.61920963,19129.0,2733.4701171487195,0.7263922518159807,410,405,3,0,402,405,15063,8,0,0,8,0
2020-10-28,US,Iowa,Mitchell,288,1,0,43.35638371,-92.78887719,19131.0,2720.574343472511,0.3472222222222222,287,283,1,0,282,281,10569,5,0,0,5,2
2020-10-28,US,Iowa,Monona,247,2,0,42.05220391,-95.95743843,19133.0,2867.092280905397,0.8097165991902834,245,245,2,0,243,245,8679,2,0,0,2,0
2020-10-28,US,Iowa,Monroe,264,11,0,41.02988815,-92.8690667,19135.0,3425.4573764110555,4.166666666666667,253,262,11,0,251,259,7790,2,0,0,2,3
2020-10-28,US,Iowa,Montgomery,187,7,0,41.03018714,-95.15642896,19137.0,1885.6509024906727,3.7433155080213902,180,180,7,0,173,178,10003,7,0,0,7,2
2020-10-28,US,Iowa,Muscatine,1512,58,0,41.48370744,-91.11216970000001,19139.0,3543.9714982186388,3.8359788359788363,1454,1487,58,0,1429,1477,42929,25,0,0,25,10
2020-10-28,US,Iowa,O'Brien,704,14,0,43.08310673,-95.62474482,19141.0,5118.883152766669,1.9886363636363635,690,687,14,0,673,684,13840,17,0,0,17,3
2020-10-28,US,Iowa,Osceola,293,0,0,43.37824276,-95.62422844,19143.0,4917.757636790871,0.0,293,289,0,0,289,285,6040,4,0,0,4,4
2020-10-28,US,Iowa,Page,419,0,0,40.7393172,-95.1497813,19145.0,2773.5486860395845,0.0,419,413,0,0,413,406,15249,6,0,0,6,7
2020-10-28,US,Iowa,Palo Alto,326,2,0,43.08193849,-94.67824621,19147.0,3668.692325005627,0.6134969325153374,324,316,2,0,314,314,8929,10,0,0,10,2
2020-10-28,US,Iowa,Plymouth,1703,31,0,42.737633,-96.21366621,19149.0,6764.110100488541,1.82031708749266,1672,1678,31,0,1647,1667,25095,25,0,0,25,11
2020-10-28,US,Iowa,Pocahontas,238,2,0,42.73420133,-94.67862564,19151.0,3595.709321649796,0.8403361344537815,236,232,2,0,230,226,6740,6,0,0,6,6
2020-10-28,US,Iowa,Polk,19440,289,0,41.68679484,-93.57767461,19153.0,3966.0438100950505,1.4866255144032925,19151,19173,289,0,18884,19024,487204,267,0,0,267,149
2020-10-28,US,Iowa,Pottawattamie,3332,45,0,41.33640314,-95.53907776,19155.0,3574.877153831298,1.3505402160864346,3287,3267,44,0,3223,3247,93533,65,1,0,64,20
2020-10-28,US,Iowa,Poweshiek,472,11,0,41.68625425,-92.53155731,19157.0,2550.7998270644184,2.3305084745762707,461,462,11,0,451,459,18699,10,0,0,10,3
2020-10-28,US,Iowa,Ringgold,92,2,0,40.73518949,-94.24368535,19159.0,1879.852881078872,2.1739130434782608,90,92,2,0,90,88,4968,0,0,0,0,4
2020-10-28,US,Iowa,Sac,407,4,0,42.38624071,-95.10547892,19161.0,4186.812056372801,0.9828009828009828,403,403,4,0,399,399,9719,4,0,0,4,4
2020-10-28,US,Iowa,Scott,4744,42,0,41.63935978,-90.61959493,19163.0,2743.100327853686,0.8853288364249579,4702,4662,41,0,4621,4566,173283,82,1,0,81,96
2020-10-28,US,Iowa,Shelby,393,2,0,41.6850066,-95.31015553,19165.0,3431.1157674174956,0.5089058524173028,391,381,2,0,379,373,11578,12,0,0,12,8
2020-10-28,US,Iowa,Sioux,2498,17,0,43.08221074,-96.17675679999999,19167.0,7166.834026681968,0.6805444355484388,2481,2470,17,0,2453,2447,34909,28,0,0,28,23
2020-10-28,US,Iowa,Story,4082,18,0,42.03621213,-93.46499005,19169.0,4203.177610511033,0.44096031357177856,4064,4039,18,0,4021,4010,98105,43,0,0,43,29
2020-10-28,US,Iowa,Tama,986,37,0,42.07991767,-92.53266945,19171.0,5850.2432656936035,3.752535496957404,949,958,37,0,921,948,16904,28,0,0,28,10
2020-10-28,US,Iowa,Taylor,252,2,0,40.73710579,-94.69778563,19173.0,4116.974350596308,0.7936507936507936,250,248,2,0,246,243,6191,4,0,0,4,5
2020-10-28,US,Iowa,Unassigned,9,0,0,0.0,0.0,90019.0,0.0,0.0,9,15,0,0,15,11,,-6,0,0,-6,4
2020-10-28,US,Iowa,Union,263,5,0,41.0277278,-94.24234847,19175.0,2148.5172780001635,1.9011406844106464,258,252,4,0,248,231,12359,11,1,0,10,21
2020-10-28,US,Iowa,Van Buren,184,2,0,40.75326764,-91.95017958,19177.0,2612.152186257808,1.0869565217391304,182,181,2,0,179,180,7020,3,0,0,3,1
2020-10-28,US,Iowa,Wapello,1573,62,0,41.03064984,-92.40954728,19179.0,4498.26989619377,3.9415130324221233,1511,1541,62,0,1479,1530,35205,32,0,0,32,11
2020-10-28,US,Iowa,Warren,1294,7,0,41.33559454,-93.56007641,19181.0,2514.281273073485,0.5409582689335394,1287,1273,7,0,1266,1261,51056,21,0,0,21,12
2020-10-28,US,Iowa,Washington,677,11,0,41.33577126,-91.71725711,19183.0,3082.176189392215,1.6248153618906942,666,667,11,0,656,662,22141,10,0,0,10,5
2020-10-28,US,Iowa,Wayne,134,3,0,40.73969028,-93.32752197,19185.0,2080.42229467474,2.238805970149253,131,132,3,0,129,121,6401,2,0,0,2,11
2020-10-28,US,Iowa,Webster,1923,15,0,42.42853483,-94.17987389,19187.0,5355.949197860962,0.7800312012480499,1908,1891,15,0,1876,1844,36277,32,0,0,32,47
2020-10-28,US,Iowa,Winnebago,506,19,0,43.37751174,-93.73407298,19189.0,4887.000193162063,3.7549407114624502,487,502,19,0,483,497,10518,4,0,0,4,5
2020-10-28,US,Iowa,Winneshiek,496,9,0,43.29094334,-91.84422722,19191.0,2481.1165024260918,1.814516129032258,487,483,9,0,474,477,20029,13,0,0,13,6
2020-10-28,US,Iowa,Woodbury,7359,98,0,42.38979414,-96.0459439,19193.0,7137.245773807792,1.331702676994157,7261,7285,97,0,7188,7247,102539,74,1,0,73,38
2020-10-28,US,Iowa,Worth,146,0,0,43.37750768,-93.26087602,19195.0,1978.0517545048097,0.0,146,146,0,0,146,145,7453,0,0,0,0,1
2020-10-28,US,Iowa,Wright,748,1,0,42.73305373,-93.73515113,19197.0,5954.46584938704,0.13368983957219252,747,734,1,0,733,727,12690,14,0,0,14,7
2020-10-28,US,Kansas,Allen,112,1,0,37.88582951,-95.30030847,20001.0,905.489530277306,0.8928571428571429,111,112,1,0,111,112,12444,0,0,0,0,0
2020-10-28,US,Kansas,Anderson,186,0,0,38.21413251,-95.29272815,20003.0,2367.014507508272,0.0,186,177,0,0,177,177,7878,9,0,0,9,0
2020-10-28,US,Kansas,Atchison,512,5,0,39.53185661,-95.30870026,20005.0,3185.4663099608038,0.9765625,507,512,5,0,507,512,16193,0,0,0,0,0
2020-10-28,US,Kansas,Barber,48,0,0,37.2288586,-98.68460053,20007.0,1084.2557036367743,0.0,48,41,0,0,41,41,4472,7,0,0,7,0
2020-10-28,US,Kansas,Barton,757,7,0,38.47889676,-98.75636726,20009.0,2936.498700492649,0.9247027741083224,750,757,7,0,750,729,26111,0,0,0,0,28
2020-10-28,US,Kansas,Bourbon,306,3,0,37.85508555,-94.84865997,20011.0,2105.4080088069354,0.9803921568627452,303,306,3,0,303,306,14653,0,0,0,0,0
2020-10-28,US,Kansas,Brown,232,5,0,39.82652589,-95.56421698,20013.0,2425.763278962777,2.155172413793104,227,204,5,0,199,204,9598,28,0,0,28,0
2020-10-28,US,Kansas,Butler,934,3,0,37.78134351,-96.83878537,20015.0,1395.8840848291013,0.32119914346895073,931,900,3,0,897,900,66765,34,0,0,34,0
2020-10-28,US,Kansas,Chase,107,3,0,38.30292938,-96.59563862,20017.0,4040.785498489426,2.803738317757009,104,107,3,0,104,107,2629,0,0,0,0,0
2020-10-28,US,Kansas,Chautauqua,25,0,0,37.14994405,-96.2454192,20019.0,769.2307692307692,0.0,25,22,0,0,22,22,3309,3,0,0,3,0
2020-10-28,US,Kansas,Cherokee,699,7,0,37.16928494,-94.8462897,20021.0,3505.6923617031957,1.0014306151645207,692,681,7,0,674,681,20015,18,0,0,18,0
2020-10-28,US,Kansas,Cheyenne,115,5,0,39.78580976,-101.7318201,20023.0,4328.189687617614,4.3478260869565215,110,111,5,0,106,111,2660,4,0,0,4,0
2020-10-28,US,Kansas,Clark,65,4,0,37.23577007,-99.81883015,20025.0,3259.779338014042,6.153846153846153,61,64,4,0,60,64,2005,1,0,0,1,0
2020-10-28,US,Kansas,Clay,114,3,0,39.34948772,-97.16518128,20027.0,1424.6438390402402,2.631578947368421,111,102,3,0,99,102,7997,12,0,0,12,0
2020-10-28,US,Kansas,Cloud,144,1,0,39.48028352,-97.64925343,20029.0,1638.9710903710445,0.6944444444444444,143,130,1,0,129,130,8729,14,0,0,14,0
2020-10-28,US,Kansas,Coffey,160,9,0,38.2365018,-95.73379515,20031.0,1956.2293678933854,5.625,151,154,9,0,145,154,8233,6,0,0,6,0
2020-10-28,US,Kansas,Comanche,20,0,0,37.19114520000001,-99.27113247,20033.0,1176.4705882352941,0.0,20,20,0,0,20,20,1748,0,0,0,0,0
2020-10-28,US,Kansas,Cowley,523,10,0,37.23781842,-96.83776647,20035.0,1498.2239028302965,1.9120458891013383,513,500,10,0,490,500,35218,23,0,0,23,0
2020-10-28,US,Kansas,Crawford,1449,12,0,37.50675523,-94.85245778,20037.0,3732.804369107115,0.8281573498964804,1437,1449,12,0,1437,1384,39019,0,0,0,0,65
2020-10-28,US,Kansas,Decatur,89,1,0,39.78468441,-100.45940809999999,20039.0,3148.2136540502297,1.1235955056179776,88,88,1,0,87,88,2871,1,0,0,1,0
2020-10-28,US,Kansas,Dickinson,326,4,0,38.86600962,-97.15532383,20041.0,1765.4066933824326,1.2269938650306749,322,303,3,0,300,303,18717,23,1,0,22,0
2020-10-28,US,Kansas,Doniphan,211,1,0,39.79067154,-95.14056866,20043.0,2776.315789473684,0.4739336492890995,210,211,1,0,210,211,7682,0,0,0,0,0
2020-10-28,US,Kansas,Douglas,2901,19,0,38.88503636,-95.2925121,20045.0,2372.8314479915593,0.6549465701482248,2882,2880,18,0,2862,2842,121436,21,1,0,20,38
2020-10-28,US,Kansas,Edwards,76,0,0,37.88735543,-99.31263309,20047.0,2716.225875625447,0.0,76,67,0,0,67,67,2849,9,0,0,9,0
2020-10-28,US,Kansas,Elk,13,0,0,37.45338105,-96.24369667,20049.0,513.8339920948616,0.0,13,13,0,0,13,13,2508,0,0,0,0,0
2020-10-28,US,Kansas,Ellis,1420,18,0,38.91458712,-99.31751551,20051.0,4973.207718978742,1.2676056338028172,1402,1376,18,0,1358,1376,28710,44,0,0,44,0
2020-10-28,US,Kansas,Ellsworth,278,1,0,38.69677695,-98.20462799,20053.0,4555.883316945265,0.3597122302158273,277,231,1,0,230,231,6196,47,0,0,47,0
2020-10-28,US,Kansas,Finney,2981,18,0,38.04340344,-100.73819379999999,20055.0,8174.513944113856,0.6038242200603824,2963,2981,18,0,2963,2953,36611,0,0,0,0,28
2020-10-28,US,Kansas,Ford,3271,13,0,37.69200114,-99.88825298,20057.0,9729.61718076088,0.3974319779883828,3258,3210,13,0,3197,3210,33888,61,0,0,61,0
2020-10-28,US,Kansas,Franklin,559,5,0,38.56443815,-95.28644341,20059.0,2188.380833072346,0.8944543828264758,554,531,3,0,528,522,25631,28,2,0,26,9
2020-10-28,US,Kansas,Geary,392,4,0,38.99871131,-96.7577178,20061.0,1237.7644458478055,1.020408163265306,388,389,4,0,385,389,32594,3,0,0,3,0
2020-10-28,US,Kansas,Gove,182,12,0,38.91588178,-100.4829321,20063.0,6904.400606980274,6.593406593406592,170,162,10,0,152,162,2612,20,2,0,18,0
2020-10-28,US,Kansas,Graham,56,1,0,39.34987223,-99.88332493,20065.0,2256.2449637389204,1.7857142857142858,55,56,1,0,55,56,2492,0,0,0,0,0
2020-10-28,US,Kansas,Grant,434,8,0,37.56227336,-101.3079758,20067.0,6069.930069930071,1.8433179723502304,426,434,8,0,426,429,7336,0,0,0,0,5
2020-10-28,US,Kansas,Gray,211,2,0,37.73836671,-100.4369088,20069.0,3523.714094856379,0.9478672985781992,209,197,0,0,197,197,6033,14,2,0,12,0
2020-10-28,US,Kansas,Greeley,34,0,0,38.4808095,-101.8061079,20071.0,2759.74025974026,0.0,34,34,0,0,34,34,1227,0,0,0,0,0
2020-10-28,US,Kansas,Greenwood,97,0,0,37.8774388,-96.23250453,20073.0,1621.531260448011,0.0,97,89,0,0,89,89,6055,8,0,0,8,0
2020-10-28,US,Kansas,Hamilton,60,0,0,37.99978709,-101.7921066,20075.0,2363.135092556125,0.0,60,60,0,0,60,60,2607,0,0,0,0,0
2020-10-28,US,Kansas,Harper,155,2,0,37.19175361,-98.07578384,20077.0,2851.361295069905,1.2903225806451613,153,152,2,0,150,152,5506,3,0,0,3,0
2020-10-28,US,Kansas,Harvey,558,7,0,38.04293782,-97.42747573,20079.0,1620.726712945482,1.254480286738351,551,553,7,0,546,553,34210,5,0,0,5,0
2020-10-28,US,Kansas,Haskell,103,1,0,37.562039399999996,-100.8710738,20081.0,2595.766129032258,0.9708737864077671,102,103,1,0,102,103,3997,0,0,0,0,0
2020-10-28,US,Kansas,Hodgeman,36,0,0,38.08780079,-99.89829881,20083.0,2006.6889632107025,0.0,36,33,0,0,33,33,1818,3,0,0,3,0
2020-10-28,US,Kansas,Jackson,323,4,0,39.41673394,-95.79356799,20085.0,2452.3574519778304,1.238390092879257,319,323,4,0,319,315,13280,0,0,0,0,8
2020-10-28,US,Kansas,Jefferson,282,6,0,39.2347941,-95.38289232,20087.0,1480.859108333771,2.127659574468085,276,282,6,0,276,269,18975,0,0,0,0,13
2020-10-28,US,Kansas,Jewell,29,1,0,39.78470589,-98.21820662,20089.0,1007.2941993747827,3.4482758620689653,28,29,1,0,28,29,2841,0,0,0,0,0
2020-10-28,US,Kansas,Johnson,14205,199,0,38.88548175,-94.82250877,20091.0,2358.063814635102,1.4009151707145373,14006,14037,196,0,13841,13813,597555,168,3,0,165,224
2020-10-28,US,Kansas,Kearny,159,6,0,38.00017981,-101.32168100000001,20093.0,4142.782699322564,3.7735849056603774,153,159,6,0,153,159,3943,0,0,0,0,0
2020-10-28,US,Kansas,Kingman,128,3,0,37.55909527,-98.13638678,20095.0,1789.7091722595078,2.34375,125,125,3,0,122,125,7310,3,0,0,3,0
2020-10-28,US,Kansas,Kiowa,69,0,0,37.55848695,-99.2856537,20097.0,2787.878787878788,0.0,69,69,0,0,69,69,2516,0,0,0,0,0
2020-10-28,US,Kansas,Labette,394,6,0,37.19113093,-95.29849679,20099.0,2008.3596696911,1.5228426395939083,388,394,6,0,388,378,19964,0,0,0,0,16
2020-10-28,US,Kansas,Lane,23,0,0,38.48119447,-100.46607540000001,20101.0,1498.3713355048858,0.0,23,23,0,0,23,23,1560,0,0,0,0,0
2020-10-28,US,Kansas,Leavenworth,2568,18,0,39.20183497,-95.03620809,20103.0,3140.977029770787,0.7009345794392523,2550,2540,18,0,2522,2540,81352,28,0,0,28,0
2020-10-28,US,Kansas,Lincoln,23,1,0,39.04549684,-98.20756994,20105.0,776.5023632680621,4.3478260869565215,22,20,1,0,19,20,3023,3,0,0,3,0
2020-10-28,US,Kansas,Linn,117,1,0,38.21267844,-94.84254089,20107.0,1205.8126352674428,0.8547008547008547,116,110,1,0,109,110,9750,7,0,0,7,0
2020-10-28,US,Kansas,Logan,68,0,0,38.91735806,-101.148475,20109.0,2433.78668575519,0.0,68,68,0,0,68,68,2844,0,0,0,0,0
2020-10-28,US,Kansas,Lyon,1325,40,0,38.45576156,-96.15275715,20111.0,3991.564994728121,3.018867924528302,1285,1314,40,0,1274,1304,33406,11,0,0,11,10
2020-10-28,US,Kansas,Marion,124,1,0,38.35855394,-97.09852509999999,20115.0,1043.4197239986536,0.8064516129032258,123,118,1,0,117,118,11950,6,0,0,6,0
2020-10-28,US,Kansas,Marshall,71,0,0,39.78359669,-96.52278974,20117.0,731.4309261357782,0.0,71,67,0,0,67,67,9722,4,0,0,4,0
2020-10-28,US,Kansas,McPherson,412,6,0,38.39184858,-97.64769869,20113.0,1443.486791395137,1.4563106796116505,406,412,6,0,406,390,28537,0,0,0,0,22
2020-10-28,US,Kansas,Meade,144,1,0,37.23859987,-100.36483100000001,20119.0,3570.5430200843043,0.6944444444444444,143,141,1,0,140,141,4146,3,0,0,3,0
2020-10-28,US,Kansas,Miami,526,2,0,38.56383358,-94.83832189,20121.0,1536.3495633379093,0.3802281368821293,524,509,2,0,507,509,33680,17,0,0,17,0
2020-10-28,US,Kansas,Mitchell,63,0,0,39.39331582,-98.20906732,20123.0,1053.6879076768691,0.0,63,62,0,0,62,62,6150,1,0,0,1,0
2020-10-28,US,Kansas,Montgomery,656,6,0,37.19236568,-95.74329258,20125.0,2061.0135411103083,0.9146341463414634,650,656,6,0,650,656,32120,0,0,0,0,0
2020-10-28,US,Kansas,Morris,60,0,0,38.68827511,-96.65128437,20127.0,1067.6156583629893,0.0,60,57,0,0,57,57,5521,3,0,0,3,0
2020-10-28,US,Kansas,Morton,56,2,0,37.19141121,-101.79925190000002,20129.0,2164.6695013529184,3.571428571428572,54,41,2,0,39,41,2667,15,0,0,15,0
2020-10-28,US,Kansas,Nemaha,315,2,0,39.78345387,-96.01392079,20131.0,3078.8779200469157,0.6349206349206349,313,315,2,0,313,258,10155,0,0,0,0,57
2020-10-28,US,Kansas,Neosho,274,0,0,37.55862897,-95.30670046,20133.0,1711.7511088898611,0.0,274,274,0,0,274,255,15951,0,0,0,0,19
2020-10-28,US,Kansas,Ness,148,9,0,38.47974157,-99.91547333,20135.0,5381.818181818182,6.081081081081082,139,148,9,0,139,148,2840,0,0,0,0,0
2020-10-28,US,Kansas,Norton,668,15,0,39.78443827,-99.90286639,20137.0,12460.36187278493,2.245508982035928,653,576,14,0,562,576,5430,92,1,0,91,0
2020-10-28,US,Kansas,Osage,161,3,0,38.65235984,-95.72707998,20139.0,1009.46767822434,1.8633540372670807,158,158,3,0,155,158,15941,3,0,0,3,0
2020-10-28,US,Kansas,Osborne,23,0,0,39.3503437,-98.76753828,20141.0,672.3180356620871,0.0,23,23,0,0,23,23,3475,0,0,0,0,0
2020-10-28,US,Kansas,Ottawa,114,0,0,39.13237408,-97.65020313,20143.0,1998.5974754558206,0.0,114,111,0,0,111,111,5802,3,0,0,3,0
2020-10-28,US,Kansas,Pawnee,431,1,0,38.18108732,-99.23692334,20145.0,6719.675709385719,0.2320185614849188,430,413,1,0,412,413,6562,18,0,0,18,0
2020-10-28,US,Kansas,Phillips,197,9,0,39.78465501,-99.34668865,20147.0,3763.851738632021,4.568527918781727,188,186,9,0,177,186,5317,11,0,0,11,0
2020-10-28,US,Kansas,Pottawatomie,382,0,0,39.37925655,-96.34564657,20149.0,1566.6652995939794,0.0,382,382,0,0,382,382,24277,0,0,0,0,0
2020-10-28,US,Kansas,Pratt,155,0,0,37.64780729,-98.73922153,20151.0,1691.4011348756,0.0,155,123,0,0,123,123,9378,32,0,0,32,0
2020-10-28,US,Kansas,Rawlins,92,0,0,39.78525843,-101.07616170000001,20153.0,3636.363636363637,0.0,92,85,0,0,85,85,2508,7,0,0,7,0
2020-10-28,US,Kansas,Reno,2174,16,0,37.95230263,-98.08607292,20155.0,3506.5647278944484,0.7359705611775529,2158,2154,16,0,2138,2106,62342,20,0,0,20,48
2020-10-28,US,Kansas,Republic,80,1,0,39.82799632,-97.65036709,20157.0,1725.625539257981,1.25,79,79,1,0,78,79,4664,1,0,0,1,0
2020-10-28,US,Kansas,Rice,156,1,0,38.34616184,-98.19992118,20159.0,1635.734507706826,0.6410256410256411,155,143,1,0,142,136,9531,13,0,0,13,7
2020-10-28,US,Kansas,Riley,2189,11,0,39.28935726,-96.73420026,20161.0,2948.863024032762,0.5025125628140703,2178,2152,11,0,2141,2152,73703,37,0,0,37,0
2020-10-28,US,Kansas,Rooks,154,7,0,39.35022773,-99.32484567,20163.0,3130.0813008130076,4.545454545454546,147,150,7,0,143,150,5013,4,0,0,4,0
2020-10-28,US,Kansas,Rush,98,0,0,38.52275276,-99.30863983,20165.0,3227.931488801054,0.0,98,98,0,0,98,98,3093,0,0,0,0,0
2020-10-28,US,Kansas,Russell,186,4,0,38.91462787,-98.76254297,20167.0,2712.9521586931155,2.150537634408602,182,180,4,0,176,180,6907,6,0,0,6,0
2020-10-28,US,Kansas,Saline,1127,13,0,38.78369175,-97.65185177,20169.0,2078.415461788138,1.1535048802129548,1114,1092,13,0,1079,1092,54401,35,0,0,35,0
2020-10-28,US,Kansas,Scott,179,1,0,38.48222076,-100.90665390000001,20171.0,3711.382956665976,0.5586592178770949,178,177,1,0,176,176,4897,2,0,0,2,1
2020-10-28,US,Kansas,Sedgwick,11369,129,0,37.6842718,-97.4608198,20173.0,2203.1152503090834,1.134664438385082,11240,11194,127,0,11067,10995,513607,175,2,0,173,199
2020-10-28,US,Kansas,Seward,2120,13,0,37.19324632,-100.85072009999999,20175.0,9893.597162591002,0.6132075471698113,2107,2120,13,0,2107,2092,21780,0,0,0,0,28
2020-10-28,US,Kansas,Shawnee,3491,82,0,39.04100763,-95.75572640000001,20177.0,1973.7102473498232,2.3488971641363507,3409,3455,81,0,3374,3419,177499,36,1,0,35,36
2020-10-28,US,Kansas,Sheridan,165,0,0,39.35018161,-100.44182590000001,20179.0,6545.02181673939,0.0,165,151,0,0,151,151,2533,14,0,0,14,0
2020-10-28,US,Kansas,Sherman,239,6,0,39.35147699,-101.71976240000001,20181.0,4039.209058644584,2.510460251046025,233,218,4,0,214,186,5899,21,2,0,19,32
2020-10-28,US,Kansas,Smith,23,0,0,39.78516566,-98.78566062,20183.0,641.920178621267,0.0,23,22,0,0,22,22,3603,1,0,0,1,0
2020-10-28,US,Kansas,Stafford,82,1,0,38.03100851,-98.71762001,20185.0,1973.051010587103,1.2195121951219512,81,77,1,0,76,77,4178,5,0,0,5,0
2020-10-28,US,Kansas,Stanton,52,2,0,37.56304714,-101.78435340000001,20187.0,2592.2233300099697,3.8461538461538463,50,50,2,0,48,50,1987,2,0,0,2,0
2020-10-28,US,Kansas,Stevens,237,1,0,37.1923008,-101.3118967,20189.0,4320.875113947129,0.4219409282700422,236,227,1,0,226,227,5559,10,0,0,10,0
2020-10-28,US,Kansas,Sumner,296,3,0,37.23682549,-97.47721621,20191.0,1296.1989840602555,1.0135135135135136,293,287,3,0,284,287,22996,9,0,0,9,0
2020-10-28,US,Kansas,Thomas,355,2,0,39.35107575,-101.0553705,20193.0,4564.742188504565,0.5633802816901409,353,340,2,0,338,333,7711,15,0,0,15,7
2020-10-28,US,Kansas,Trego,106,3,0,38.91467218,-99.87284448,20195.0,3781.662504459508,2.830188679245283,103,99,3,0,96,99,2793,7,0,0,7,0
2020-10-28,US,Kansas,Wabaunsee,84,1,0,38.95471985,-96.20350509,20197.0,1211.9463280911846,1.1904761904761905,83,82,1,0,81,82,6899,2,0,0,2,0
2020-10-28,US,Kansas,Wallace,52,0,0,38.91686134,-101.76388759999999,20199.0,3425.559947299077,0.0,52,43,0,0,43,43,1503,9,0,0,9,0
2020-10-28,US,Kansas,Washington,39,0,0,39.78420784,-97.08753229999999,20201.0,721.4206437291898,0.0,39,32,0,0,32,32,5420,7,0,0,7,0
2020-10-28,US,Kansas,Wichita,44,0,0,38.48178252,-101.3471509,20203.0,2076.4511562057573,0.0,44,35,0,0,35,35,2105,9,0,0,9,0
2020-10-28,US,Kansas,Wilson,118,3,0,37.55937174,-95.74323255,20205.0,1384.1642228739004,2.5423728813559316,115,114,2,0,112,114,8665,4,1,0,3,0
2020-10-28,US,Kansas,Woodson,27,0,0,37.8865336,-95.74006277,20207.0,860.4206500956022,0.0,27,27,0,0,27,27,3183,0,0,0,0,0
2020-10-28,US,Kansas,Wyandotte,8270,164,0,39.11727348,-94.76378225,20209.0,4999.1234910444955,1.9830713422007256,8106,8237,164,0,8073,8229,165324,33,0,0,33,8
2020-10-28,US,Kentucky,Adair,506,21,0,37.10459774,-85.28129668,21001.0,2635.142172690345,4.150197628458498,485,501,21,0,480,495,19215,5,0,0,5,6
2020-10-28,US,Kentucky,Allen,551,11,0,36.75197631,-86.19457544,21003.0,2585.0340136054424,1.996370235934664,540,546,11,0,535,544,21122,5,0,0,5,2
2020-10-28,US,Kentucky,Anderson,256,1,0,38.00671029,-84.99171713,21005.0,1125.4231327207983,0.390625,255,251,1,0,250,245,22663,5,0,0,5,6
2020-10-28,US,Kentucky,Ballard,73,1,0,37.05842757,-88.99427697,21007.0,925.4563894523328,1.3698630136986298,72,72,1,0,71,72,7979,1,0,0,1,0
2020-10-28,US,Kentucky,Barren,1224,13,0,36.96469836,-85.93338945,21009.0,2766.164207100725,1.062091503267974,1211,1193,13,0,1180,1149,44176,31,0,0,31,44
2020-10-28,US,Kentucky,Bath,129,1,0,38.14735938,-83.74588932,21011.0,1032.0,0.7751937984496124,128,122,1,0,121,118,12383,7,0,0,7,4
2020-10-28,US,Kentucky,Bell,693,17,0,36.73355174,-83.67766671,21013.0,2662.108174554395,2.453102453102453,676,679,17,0,662,672,26569,14,0,0,14,7
2020-10-28,US,Kentucky,Boone,2196,25,0,38.97065142,-84.72615357,21015.0,1643.9463696184334,1.138433515482696,2171,2165,25,0,2140,2125,131533,31,0,0,31,40
2020-10-28,US,Kentucky,Bourbon,319,1,0,38.2054607,-84.21827874,21017.0,1612.0881342227613,0.31347962382445144,318,311,1,0,310,309,20184,8,0,0,8,2
2020-10-28,US,Kentucky,Boyd,692,22,0,38.36176608,-82.68652187,21019.0,1481.2277922856288,3.1791907514450872,670,674,21,0,653,662,47240,18,1,0,17,12
2020-10-28,US,Kentucky,Boyle,459,0,0,37.62680923,-84.8633779,21021.0,1526.9461077844312,0.0,459,452,0,0,452,446,30100,7,0,0,7,6
2020-10-28,US,Kentucky,Bracken,71,1,0,38.69158994,-84.08532444,21023.0,855.1126099000363,1.4084507042253518,70,71,1,0,70,71,8239,0,0,0,0,0
2020-10-28,US,Kentucky,Breathitt,138,1,0,37.52333168,-83.31959161,21025.0,1092.6365795724466,0.7246376811594203,137,130,0,0,130,127,12726,8,1,0,7,3
2020-10-28,US,Kentucky,Breckinridge,198,2,0,37.77377239,-86.42885017,21027.0,966.938516384236,1.0101010101010102,196,191,2,0,189,192,20388,7,0,0,7,-1
2020-10-28,US,Kentucky,Bullitt,1483,14,0,37.97162523,-85.68955617,21029.0,1815.710857534649,0.9440323668240054,1469,1447,14,0,1433,1398,81069,36,0,0,36,49
2020-10-28,US,Kentucky,Butler,419,16,0,37.20946153,-86.68748787,21031.0,3253.358179982918,3.8186157517899764,403,410,16,0,394,404,12772,9,0,0,9,6
2020-10-28,US,Kentucky,Caldwell,268,0,0,37.14749129,-87.86948214,21033.0,2102.455479720719,0.0,268,255,0,0,255,255,12715,13,0,0,13,0
2020-10-28,US,Kentucky,Calloway,993,9,0,36.62093411,-88.2731593,21035.0,2546.088561831748,0.9063444108761328,984,977,9,0,968,956,39135,16,0,0,16,21
2020-10-28,US,Kentucky,Campbell,1282,16,0,38.94384345,-84.37875208,21037.0,1369.8922892802188,1.24804992199688,1266,1255,16,0,1239,1220,93152,27,0,0,27,35
2020-10-28,US,Kentucky,Carlisle,104,1,0,36.85372876,-88.96692220000001,21039.0,2184.873949579832,0.9615384615384616,103,103,1,0,102,103,4771,1,0,0,1,0
2020-10-28,US,Kentucky,Carroll,226,5,0,38.66599534,-85.12601074,21041.0,2125.8583388204306,2.2123893805309733,221,224,5,0,219,224,10737,2,0,0,2,0
2020-10-28,US,Kentucky,Carter,350,4,0,38.31690743,-83.05092385,21043.0,1306.116356308542,1.1428571428571428,346,343,4,0,339,333,27004,7,0,0,7,10
2020-10-28,US,Kentucky,Casey,317,15,0,37.32533118,-84.92726209,21045.0,1961.755059100192,4.731861198738169,302,316,15,0,301,315,15888,1,0,0,1,1
2020-10-28,US,Kentucky,Christian,1892,29,0,36.89267803,-87.49055367,21047.0,2685.1733583116893,1.53276955602537,1863,1856,28,0,1828,1837,71671,36,1,0,35,19
2020-10-28,US,Kentucky,Clark,534,11,0,37.9689263,-84.14615986,21049.0,1472.5753522874554,2.059925093632959,523,531,11,0,520,519,36249,3,0,0,3,12
2020-10-28,US,Kentucky,Clay,550,6,0,37.16451126,-83.712575,21051.0,2763.680217074519,1.0909090909090908,544,530,6,0,524,506,20105,20,0,0,20,24
2020-10-28,US,Kentucky,Clinton,241,3,0,36.72581156,-85.13377529,21053.0,2358.5828929340382,1.2448132780082988,238,235,3,0,232,231,10206,6,0,0,6,4
2020-10-28,US,Kentucky,Crittenden,169,1,0,37.35839237,-88.08826090000002,21055.0,1919.146036793096,0.591715976331361,168,164,1,0,163,162,8915,5,0,0,5,2
2020-10-28,US,Kentucky,Cumberland,144,0,0,36.78926125,-85.39050034,21057.0,2177.199879044452,0.0,144,136,0,0,136,134,6659,8,0,0,8,2
2020-10-28,US,Kentucky,Daviess,2005,29,0,37.73028906,-87.09019479999998,21059.0,1975.1554018776287,1.4463840399002494,1976,1974,29,0,1945,1952,101104,31,0,0,31,22
2020-10-28,US,Kentucky,Edmonson,187,12,0,37.21218923,-86.23955613,21061.0,1539.0946502057614,6.4171122994652405,175,185,12,0,173,184,12274,2,0,0,2,1
2020-10-28,US,Kentucky,Elliott,335,0,0,38.11624059,-83.09771563,21063.0,4456.565119063456,0.0,335,333,0,0,333,330,7508,2,0,0,2,3
2020-10-28,US,Kentucky,Estill,283,0,0,37.69241417,-83.95956369,21065.0,2006.2384800793989,0.0,283,278,0,0,278,267,14198,5,0,0,5,11
2020-10-28,US,Kentucky,Fayette,10637,89,0,38.0368225,-84.45576892,21067.0,3291.6398475021037,0.8367020776534737,10548,10534,88,0,10446,10412,323780,103,1,0,102,122
2020-10-28,US,Kentucky,Fleming,187,0,0,38.36758311,-83.69657514,21069.0,1282.4909128317674,0.0,187,179,0,0,179,179,14432,8,0,0,8,0
2020-10-28,US,Kentucky,Floyd,396,4,0,37.56213922,-82.74750924,21071.0,1112.703363398803,1.0101010101010102,392,386,4,0,382,367,35845,10,0,0,10,19
2020-10-28,US,Kentucky,Franklin,875,14,0,38.2379395,-84.87962551,21073.0,1715.9890961150006,1.6,861,856,14,0,842,846,50815,19,0,0,19,10
2020-10-28,US,Kentucky,Fulton,234,3,0,36.55238827,-89.20140068,21075.0,3920.254649019937,1.2820512820512822,231,235,3,0,232,234,6120,-1,0,0,-1,1
2020-10-28,US,Kentucky,Gallatin,127,8,0,38.75398691,-84.8558382,21077.0,1431.953997068441,6.299212598425197,119,126,8,0,118,126,8832,1,0,0,1,0
2020-10-28,US,Kentucky,Garrard,331,4,0,37.638866799999995,-84.53289319,21079.0,1873.655609645647,1.2084592145015105,327,322,4,0,318,308,17560,9,0,0,9,14
2020-10-28,US,Kentucky,Grant,267,6,0,38.64962758,-84.62415957,21081.0,1065.0604332043558,2.247191011235955,261,258,6,0,252,247,25121,9,0,0,9,11
2020-10-28,US,Kentucky,Graves,892,30,0,36.72292505,-88.65143315,21083.0,2393.60274781302,3.363228699551569,862,885,30,0,855,877,37317,7,0,0,7,8
2020-10-28,US,Kentucky,Grayson,513,16,0,37.46231118,-86.34248968,21085.0,1941.1965035758883,3.1189083820662766,497,510,16,0,494,503,26321,3,0,0,3,7
2020-10-28,US,Kentucky,Green,336,8,0,37.26484328,-85.5540745,21087.0,3071.017274472169,2.380952380952381,328,334,8,0,326,333,11049,2,0,0,2,1
2020-10-28,US,Kentucky,Greenup,638,11,0,38.54332505,-82.9215658,21089.0,1817.767394153513,1.7241379310344829,627,628,11,0,617,626,35268,10,0,0,10,2
2020-10-28,US,Kentucky,Hancock,150,2,0,37.83766422,-86.78280584,21091.0,1719.7890392111901,1.3333333333333333,148,147,2,0,145,134,8758,3,0,0,3,13
2020-10-28,US,Kentucky,Hardin,2084,13,0,37.6976111,-85.96319251,21093.0,1878.1881432614146,0.6238003838771593,2071,2006,13,0,1993,1956,110356,78,0,0,78,50
2020-10-28,US,Kentucky,Harlan,596,14,0,36.85699301,-83.21899516,21095.0,2291.426374471357,2.348993288590604,582,589,14,0,575,585,26409,7,0,0,7,4
2020-10-28,US,Kentucky,Harrison,272,1,0,38.44188174,-84.32869741,21097.0,1440.220268982315,0.36764705882352944,271,265,1,0,264,261,18778,7,0,0,7,4
2020-10-28,US,Kentucky,Hart,431,1,0,37.29943898,-85.88461055,21099.0,2264.250065668505,0.2320185614849188,430,408,1,0,407,386,18906,23,0,0,23,22
2020-10-28,US,Kentucky,Henderson,1327,28,0,37.79344553,-87.57392021,21101.0,2935.191329351913,2.110022607385079,1299,1307,26,0,1281,1295,45591,20,2,0,18,12
2020-10-28,US,Kentucky,Henry,288,2,0,38.44942688,-85.11587507,21103.0,1785.9357559221137,0.6944444444444444,286,280,2,0,278,270,16106,8,0,0,8,10
2020-10-28,US,Kentucky,Hickman,122,1,0,36.67948079999999,-88.97875928,21105.0,2785.388127853881,0.819672131147541,121,121,1,0,120,119,4421,1,0,0,1,2
2020-10-28,US,Kentucky,Hopkins,1036,43,0,37.30939025,-87.54670406,21107.0,2318.3994987244328,4.150579150579151,993,1024,43,0,981,1018,45068,12,0,0,12,6
2020-10-28,US,Kentucky,Jackson,463,17,0,37.41866422,-83.99825483,21109.0,3473.628929402056,3.6717062634989204,446,454,17,0,437,450,13442,9,0,0,9,4
2020-10-28,US,Kentucky,Jefferson,22551,360,0,38.18664655,-85.65931031,21111.0,2941.0882456893128,1.5963815351869095,22191,22204,356,0,21848,21841,770517,347,4,0,343,363
2020-10-28,US,Kentucky,Jessamine,994,11,0,37.87119786,-84.58252003,21113.0,1836.828975330315,1.1066398390342052,983,969,11,0,958,952,53920,25,0,0,25,17
2020-10-28,US,Kentucky,Johnson,322,2,0,37.85106355,-82.8264322,21115.0,1451.234901748693,0.6211180124223602,320,314,2,0,312,298,22386,8,0,0,8,16
2020-10-28,US,Kentucky,Kenton,2746,51,0,38.93950319,-84.53241199,21117.0,1644.3310698331713,1.8572469045884925,2695,2689,49,0,2640,2627,166051,57,2,0,55,62
2020-10-28,US,Kentucky,Knott,354,4,0,37.35388197,-82.94981134,21119.0,2390.922598946373,1.1299435028248588,350,345,4,0,341,337,15126,9,0,0,9,8
2020-10-28,US,Kentucky,Knox,868,10,0,36.89225732,-83.85403396,21121.0,2786.964199711029,1.1520737327188941,858,842,9,0,833,826,31304,26,1,0,25,16
2020-10-28,US,Kentucky,Larue,286,1,0,37.54567114,-85.70138352,21123.0,1986.3869981941932,0.34965034965034963,285,274,1,0,273,250,14307,12,0,0,12,24
2020-10-28,US,Kentucky,Laurel,1455,7,0,37.10975748,-84.11321779,21125.0,2392.580533767451,0.4810996563573883,1448,1435,7,0,1428,1393,60669,20,0,0,20,42
2020-10-28,US,Kentucky,Lawrence,157,0,0,38.07136018,-82.72882223,21127.0,1025.0048965202063,0.0,157,153,0,0,153,147,15571,4,0,0,4,6
2020-10-28,US,Kentucky,Lee,159,4,0,37.59645942,-83.71513901,21129.0,2147.777927867081,2.5157232704402515,155,139,3,0,136,118,7033,20,1,0,19,21
2020-10-28,US,Kentucky,Leslie,131,1,0,37.09246661,-83.37999606,21131.0,1326.3136579933175,0.7633587786259542,130,129,1,0,128,128,10143,2,0,0,2,1
2020-10-28,US,Kentucky,Letcher,304,2,0,37.12306748,-82.85346474,21133.0,1410.4764997912125,0.6578947368421053,302,303,2,0,301,303,21899,1,0,0,1,0
2020-10-28,US,Kentucky,Lewis,295,16,0,38.53184419,-83.37735618,21135.0,2222.222222222222,5.423728813559323,279,287,16,0,271,280,13257,8,0,0,8,7
2020-10-28,US,Kentucky,Lincoln,339,19,0,37.45475628,-84.6565327,21137.0,1380.911646095564,5.604719764011801,320,327,19,0,308,317,24644,12,0,0,12,10
2020-10-28,US,Kentucky,Livingston,129,1,0,37.21137452,-88.34797529,21139.0,1403.088971068088,0.7751937984496124,128,126,1,0,125,124,9242,3,0,0,3,2
2020-10-28,US,Kentucky,Logan,786,31,0,36.85949479,-86.877635,21141.0,2900.154970112907,3.944020356234097,755,777,31,0,746,757,26989,9,0,0,9,20
2020-10-28,US,Kentucky,Lyon,109,4,0,37.02080035,-88.07886257,21143.0,1327.6492082825825,3.669724770642202,105,106,4,0,102,106,8009,3,0,0,3,0
2020-10-28,US,Kentucky,Madison,2369,13,0,37.71659336,-84.27220275,21151.0,2547.6679535849107,0.5487547488391726,2356,2343,13,0,2330,2303,92368,26,0,0,26,40
2020-10-28,US,Kentucky,Magoffin,175,0,0,37.70820545,-83.0657714,21153.0,1439.026395855604,0.0,175,164,0,0,164,159,12362,11,0,0,11,5
2020-10-28,US,Kentucky,Marion,477,10,0,37.55218078,-85.26898542,21155.0,2474.964976910704,2.0964360587002098,467,453,10,0,443,436,19404,24,0,0,24,17
2020-10-28,US,Kentucky,Marshall,485,7,0,36.88007070000001,-88.32803576,21157.0,1559.4855305466235,1.443298969072165,478,472,7,0,465,466,31191,13,0,0,13,6
2020-10-28,US,Kentucky,Martin,206,3,0,37.79990579,-82.51247478,21159.0,1840.1071907101386,1.4563106796116505,203,195,3,0,192,182,11323,11,0,0,11,13
2020-10-28,US,Kentucky,Mason,176,2,0,38.59471935,-83.82151043,21161.0,1031.0486233157587,1.1363636363636365,174,171,2,0,169,166,17150,5,0,0,5,5
2020-10-28,US,Kentucky,McCracken,1150,12,0,37.05350953,-88.70445755,21145.0,1757.9259531015928,1.0434782608695652,1138,1130,12,0,1118,1114,65346,20,0,0,20,16
2020-10-28,US,Kentucky,McCreary,261,1,0,36.73874143,-84.48102924,21147.0,1514.7118565376354,0.3831417624521073,260,262,1,0,261,261,17408,-1,0,0,-1,1
2020-10-28,US,Kentucky,McLean,205,3,0,37.5301951,-87.26803443,21149.0,2226.5667426957752,1.4634146341463414,202,196,3,0,193,189,9252,9,0,0,9,7
2020-10-28,US,Kentucky,Meade,392,3,0,37.96163597,-86.21028219,21163.0,1371.972560548789,0.7653061224489796,389,383,3,0,380,375,28715,9,0,0,9,8
2020-10-28,US,Kentucky,Menifee,86,1,0,37.94090733,-83.59985712,21165.0,1325.3197719217135,1.162790697674419,85,84,1,0,83,81,6451,2,0,0,2,3
2020-10-28,US,Kentucky,Mercer,366,6,0,37.81474237,-84.87488475,21167.0,1668.7183695800848,1.639344262295082,360,367,6,0,361,358,21774,-1,0,0,-1,9
2020-10-28,US,Kentucky,Metcalfe,200,2,0,36.99459295,-85.63123699,21169.0,1985.900109224506,1.0,198,193,2,0,191,189,10030,7,0,0,7,4
2020-10-28,US,Kentucky,Monroe,298,4,0,36.71225341,-85.71596443,21171.0,2798.1220657276995,1.342281879194631,294,288,4,0,284,276,10718,10,0,0,10,12
2020-10-28,US,Kentucky,Montgomery,498,4,0,38.03253032,-83.9145241,21173.0,1768.6543310722022,0.8032128514056225,494,470,4,0,466,456,28203,28,0,0,28,14
2020-10-28,US,Kentucky,Morgan,133,0,0,37.92465657,-83.25558245,21175.0,999.3237658727176,0.0,133,129,0,0,129,122,13345,4,0,0,4,7
2020-10-28,US,Kentucky,Muhlenberg,974,13,0,37.21425819,-87.14632053,21177.0,3180.71974397492,1.3347022587268993,961,973,13,0,960,965,30774,1,0,0,1,8
2020-10-28,US,Kentucky,Nelson,959,4,0,37.80335779,-85.4657193,21179.0,2074.275950078948,0.4171011470281543,955,892,4,0,888,856,45851,67,0,0,67,36
2020-10-28,US,Kentucky,Nicholas,116,3,0,38.33342292,-84.01889177,21181.0,1595.8178566515342,2.586206896551724,113,110,3,0,107,107,7166,6,0,0,6,3
2020-10-28,US,Kentucky,Ohio,611,10,0,37.47751843,-86.85368087,21183.0,2546.469950821039,1.6366612111292962,601,608,10,0,598,598,24087,3,0,0,3,10
2020-10-28,US,Kentucky,Oldham,1439,26,0,38.39791089,-85.448222,21185.0,2154.223865626731,1.8068102849200836,1413,1423,26,0,1397,1417,66470,16,0,0,16,6
2020-10-28,US,Kentucky,Owen,123,3,0,38.51679143,-84.82404619,21187.0,1128.3368498302907,2.4390243902439024,120,120,3,0,117,119,10880,3,0,0,3,1
2020-10-28,US,Kentucky,Owsley,95,1,0,37.42823949,-83.68811419,21189.0,2151.7553793884485,1.0526315789473684,94,94,1,0,93,91,4472,1,0,0,1,3
2020-10-28,US,Kentucky,Pendleton,131,0,0,38.69607718,-84.35599463,21191.0,897.8752570253598,0.0,131,126,0,0,126,123,14529,5,0,0,5,3
2020-10-28,US,Kentucky,Perry,534,9,0,37.25023553,-83.22922731,21193.0,2073.142324714652,1.6853932584269662,525,528,9,0,519,517,26092,6,0,0,6,11
2020-10-28,US,Kentucky,Pike,928,3,0,37.47088263,-82.39487445,21195.0,1603.4280185223581,0.3232758620689655,925,868,3,0,865,821,58402,60,0,0,60,47
2020-10-28,US,Kentucky,Powell,146,0,0,37.83218794,-83.82553961,21197.0,1181.3253499474067,0.0,146,143,0,0,143,143,12442,3,0,0,3,0
2020-10-28,US,Kentucky,Pulaski,997,13,0,37.10466131,-84.57629079,21199.0,1534.3418642946185,1.3039117352056169,984,989,13,0,976,987,64623,8,0,0,8,2
2020-10-28,US,Kentucky,Robertson,31,1,0,38.51923469,-84.05055616,21201.0,1470.588235294117,3.2258064516129035,30,28,1,0,27,24,2135,3,0,0,3,4
2020-10-28,US,Kentucky,Rockcastle,361,2,0,37.36642393,-84.31176452,21203.0,2162.324049116502,0.554016620498615,359,344,2,0,342,331,16750,17,0,0,17,13
2020-10-28,US,Kentucky,Rowan,360,1,0,38.19484205,-83.42088935,21205.0,1471.7906786590356,0.2777777777777778,359,347,1,0,346,341,24583,13,0,0,13,6
2020-10-28,US,Kentucky,Russell,392,6,0,36.99308373,-85.06070117,21207.0,2187.1338503598727,1.5306122448979589,386,389,6,0,383,383,17821,3,0,0,3,6
2020-10-28,US,Kentucky,Scott,1152,20,0,38.29622293,-84.5816631,21209.0,2020.9108132762613,1.7361111111111112,1132,1126,20,0,1106,1117,56031,26,0,0,26,9
2020-10-28,US,Kentucky,Shelby,1496,24,0,38.21476019,-85.194223,21211.0,3051.5665796344647,1.60427807486631,1472,1482,24,0,1458,1468,48518,14,0,0,14,14
2020-10-28,US,Kentucky,Simpson,359,8,0,36.74058474,-86.58047435,21213.0,1933.017445617058,2.2284122562674096,351,354,8,0,346,347,18529,5,0,0,5,7
2020-10-28,US,Kentucky,Spencer,315,1,0,38.03223971,-85.32749335,21215.0,1627.8228515322205,0.31746031746031744,314,308,1,0,307,301,18794,7,0,0,7,7
2020-10-28,US,Kentucky,Taylor,510,7,0,37.3677562,-85.3329931,21217.0,1979.1222010943384,1.3725490196078431,503,490,7,0,483,486,25549,20,0,0,20,4
2020-10-28,US,Kentucky,Todd,295,12,0,36.8381152,-87.17878374,21219.0,2399.5444932487394,4.067796610169491,283,294,12,0,282,280,12311,1,0,0,1,14
2020-10-28,US,Kentucky,Trigg,251,0,0,36.80767017,-87.87333656,21221.0,1713.1936386594766,0.0,251,243,0,0,243,241,14643,8,0,0,8,2
2020-10-28,US,Kentucky,Trimble,88,0,0,38.61056487,-85.33775972,21223.0,1038.838389800496,0.0,88,86,0,0,86,86,8515,2,0,0,2,0
2020-10-28,US,Kentucky,Union,515,6,0,37.66166713,-87.94300009,21225.0,3581.113969821292,1.1650485436893203,509,508,6,0,502,507,14505,7,0,0,7,1
2020-10-28,US,Kentucky,Warren,5253,57,0,36.99903045,-86.42672751,21227.0,3952.714904888033,1.0850942318675043,5196,5201,57,0,5144,5135,131264,52,0,0,52,66
2020-10-28,US,Kentucky,Washington,242,1,0,37.75599461,-85.17407732,21229.0,2000.8267879288958,0.4132231404958678,241,237,1,0,236,228,12084,5,0,0,5,9
2020-10-28,US,Kentucky,Wayne,288,2,0,36.80310688,-84.8251971,21231.0,1416.4166625682387,0.6944444444444444,286,285,2,0,283,284,20468,3,0,0,3,1
2020-10-28,US,Kentucky,Webster,318,5,0,37.52168356,-87.67989953,21233.0,2457.1163653222065,1.572327044025157,313,314,5,0,309,309,13111,4,0,0,4,5
2020-10-28,US,Kentucky,Whitley,819,6,0,36.75700531,-84.14541217,21235.0,2258.438120450033,0.7326007326007326,813,806,6,0,800,790,36242,13,0,0,13,16
2020-10-28,US,Kentucky,Wolfe,65,0,0,37.73941626,-83.49303612,21237.0,908.201760514182,0.0,65,64,0,0,64,63,7177,1,0,0,1,1
2020-10-28,US,Kentucky,Woodford,380,0,0,38.04178222,-84.7417556,21239.0,1421.4109373831077,0.0,380,374,0,0,374,375,26533,6,0,0,6,-1
2020-10-28,US,Louisiana,Acadia,3147,101,0,30.295064899999996,-92.41419698,22001.0,5072.125070513337,3.209405783285669,3046,3139,101,0,3038,3119,62190,8,0,0,8,20
2020-10-28,US,Louisiana,Allen,1844,60,0,30.65385745,-92.82442028,22003.0,7195.535958169117,3.2537960954446854,1784,1840,59,0,1781,1851,25605,4,1,0,3,-11
2020-10-28,US,Louisiana,Ascension,4169,99,0,30.20406249,-90.91328409999998,22005.0,3292.9449306499005,2.3746701846965697,4070,4146,99,0,4047,4075,124672,23,0,0,23,71
2020-10-28,US,Louisiana,Assumption,801,24,0,29.89946234,-91.06461642,22007.0,3659.0379608058106,2.9962546816479403,777,799,24,0,775,796,22300,2,0,0,2,3
2020-10-28,US,Louisiana,Avoyelles,1743,62,0,31.07796211,-92.00079449,22009.0,4341.869270625747,3.557085484796328,1681,1737,62,0,1675,1708,40462,6,0,0,6,29
2020-10-28,US,Louisiana,Beauregard,1069,40,0,30.64836518,-93.34173616,22011.0,2850.8947382457263,3.7418147801683816,1029,1069,40,0,1029,1068,37253,0,0,0,0,1
2020-10-28,US,Louisiana,Bienville,610,35,0,32.34569994,-93.05398492,22013.0,4606.902801903178,5.737704918032787,575,606,35,0,571,595,13308,4,0,0,4,11
2020-10-28,US,Louisiana,Bossier,4286,120,0,32.67932307,-93.60460152,22015.0,3373.767110887208,2.7998133457769483,4166,4259,120,0,4139,4212,127185,27,0,0,27,47
2020-10-28,US,Louisiana,Caddo,10146,395,0,32.57991587,-93.88375652,22017.0,4223.9096767747415,3.8931598659570272,9751,10105,395,0,9710,10046,242922,41,0,0,41,59
2020-10-28,US,Louisiana,Calcasieu,8419,230,0,30.22931235,-93.35400434,22019.0,4138.402249356063,2.7319159045017223,8189,8402,230,0,8172,8366,203112,17,0,0,17,36
2020-10-28,US,Louisiana,Caldwell,360,3,0,32.0902519,-92.11752148,22021.0,3629.764065335753,0.8333333333333334,357,355,3,0,352,355,9960,5,0,0,5,0
2020-10-28,US,Louisiana,Cameron,247,2,0,29.87592238,-93.19310676,22023.0,3542.2343324250683,0.8097165991902834,245,240,2,0,238,240,6968,7,0,0,7,0
2020-10-28,US,Louisiana,Catahoula,463,14,0,31.66778967,-91.84526385,22025.0,4876.7642721718985,3.0237580993520514,449,461,14,0,447,464,9608,2,0,0,2,-3
2020-10-28,US,Louisiana,Claiborne,603,26,0,32.82308512,-92.99526883,22027.0,3848.117421825144,4.311774461028192,577,603,26,0,577,604,15944,0,0,0,0,-1
2020-10-28,US,Louisiana,Concordia,611,16,0,31.44817835,-91.63814433,22029.0,3172.5427073056762,2.6186579378068737,595,610,16,0,594,600,19572,1,0,0,1,10
2020-10-28,US,Louisiana,De Soto,1030,35,0,32.05457447,-93.74130302,22031.0,3750.500673633616,3.3980582524271843,995,1027,35,0,992,1015,27436,3,0,0,3,12
2020-10-28,US,Louisiana,East Baton Rouge,16142,459,0,30.53842039,-91.09777565,22033.0,3668.1444988058415,2.8435138148928263,15683,16092,458,0,15634,16039,440956,50,1,0,49,53
2020-10-28,US,Louisiana,East Carroll,584,6,0,32.73926954,-91.23425694,22035.0,8511.878734878297,1.0273972602739727,578,586,6,0,580,582,7037,-2,0,0,-2,4
2020-10-28,US,Louisiana,East Feliciana,1801,78,0,30.84425359,-91.04976723,22037.0,9412.072119153383,4.330927262631871,1723,1796,78,0,1718,1801,19305,5,0,0,5,-5
2020-10-28,US,Louisiana,Evangeline,1412,39,0,30.72985248,-92.39915924,22039.0,4228.177870938764,2.7620396600566566,1373,1413,39,0,1374,1414,33443,-1,0,0,-1,-1
2020-10-28,US,Louisiana,Franklin,1335,47,0,32.13675181,-91.67589857,22041.0,6669.997501873595,3.5205992509363297,1288,1329,47,0,1282,1312,20156,6,0,0,6,17
2020-10-28,US,Louisiana,Grant,541,30,0,31.59882456,-92.56124347,22043.0,2416.365179329135,5.545286506469501,511,540,30,0,510,541,22482,1,0,0,1,-1
2020-10-28,US,Louisiana,Iberia,3080,97,0,29.86803617,-91.75871777,22045.0,4410.7117284834585,3.1493506493506493,2983,3072,96,0,2976,3068,70941,8,1,0,7,4
2020-10-28,US,Louisiana,Iberville,1480,61,0,30.25734305,-91.3499598,22047.0,4552.305373565871,4.121621621621622,1419,1475,61,0,1414,1472,32721,5,0,0,5,3
2020-10-28,US,Louisiana,Jackson,860,24,0,32.30251776,-92.55692092,22049.0,5462.3983739837395,2.7906976744186047,836,858,23,0,835,856,15902,2,1,0,1,2
2020-10-28,US,Louisiana,Jefferson,18726,585,0,29.74075478,-90.11115756,22051.0,4329.781060040278,3.1239987183595,18141,18687,585,0,18102,18645,434051,39,0,0,39,42
2020-10-28,US,Louisiana,Jefferson Davis,1354,43,0,30.26896765,-92.81210004,22053.0,4316.500892629431,3.1757754800590843,1311,1353,43,0,1310,1339,31582,1,0,0,1,14
2020-10-28,US,Louisiana,LaSalle,501,10,0,31.67884782,-92.15907765,22059.0,3364.222401289283,1.996007984031936,491,499,10,0,489,496,14917,2,0,0,2,3
2020-10-28,US,Louisiana,Lafayette,9477,139,0,30.2049055,-92.06959876,22055.0,3877.8182413355694,1.4667088741162817,9338,9463,139,0,9324,9433,242782,14,0,0,14,30
2020-10-28,US,Louisiana,Lafourche,3905,128,0,29.52470226,-90.40976986,22057.0,4000.4507550146495,3.2778489116517284,3777,3899,128,0,3771,3886,98115,6,0,0,6,13
2020-10-28,US,Louisiana,Lincoln,1676,49,0,32.6003154,-92.66597409999999,22061.0,3585.6403234778145,2.9236276849642007,1627,1672,49,0,1623,1658,47196,4,0,0,4,14
2020-10-28,US,Louisiana,Livingston,4221,80,0,30.44143993,-90.73061664,22063.0,2998.103545021273,1.8952854773750296,4141,4216,79,0,4137,4188,139567,5,1,0,4,28
2020-10-28,US,Louisiana,Madison,893,9,0,32.36918118,-91.23973355,22065.0,8154.506437768241,1.0078387458006721,884,892,9,0,883,893,11161,1,0,0,1,-1
2020-10-28,US,Louisiana,Morehouse,895,27,0,32.81686191,-91.80421614,22067.0,3598.134598375814,3.0167597765363126,868,892,26,0,866,890,25398,3,1,0,2,2
2020-10-28,US,Louisiana,Natchitoches,1493,28,0,31.72321584,-93.09816516,22069.0,3912.678861575554,1.8754186202277292,1465,1483,28,0,1455,1470,38659,10,0,0,10,13
2020-10-28,US,Louisiana,Orleans,13499,593,0,30.06971951,-89.92660315,22071.0,3460.004511154856,4.392917993925476,12906,13471,592,0,12879,13434,391006,28,1,0,27,37
2020-10-28,US,Louisiana,Ouachita,7036,165,0,32.47645559,-92.15704172,22073.0,4590.322222874627,2.3450824332006817,6871,7025,165,0,6860,6983,154475,11,0,0,11,42
2020-10-28,US,Louisiana,Plaquemines,894,19,0,29.42245447,-89.60322085,22075.0,3853.9466310298735,2.1252796420581657,875,893,19,0,874,892,23410,1,0,0,1,1
2020-10-28,US,Louisiana,Pointe Coupee,1139,42,0,30.71409502,-91.60209535,22077.0,5241.601472618499,3.687445127304653,1097,1138,42,0,1096,1136,21940,1,0,0,1,2
2020-10-28,US,Louisiana,Rapides,4715,158,0,31.19778499,-92.52997303,22079.0,3636.7703319758116,3.3510074231177094,4557,4715,158,0,4557,4680,130562,0,0,0,0,35
2020-10-28,US,Louisiana,Red River,438,24,0,32.09530039,-93.34213308,22081.0,5188.343994314144,5.479452054794519,414,436,24,0,412,430,8477,2,0,0,2,6
2020-10-28,US,Louisiana,Richland,889,18,0,32.41391005,-91.76634876,22083.0,4418.049895636616,2.0247469066366706,871,891,17,0,874,886,20192,-2,1,0,-3,5
2020-10-28,US,Louisiana,Sabine,1001,15,0,31.56388699,-93.55433981,22085.0,4191.090269636577,1.4985014985014986,986,993,15,0,978,984,24032,8,0,0,8,9
2020-10-28,US,Louisiana,St. Bernard,1551,32,0,29.87761636,-89.51887093,22087.0,3282.9565659131317,2.0631850419084463,1519,1548,32,0,1516,1542,46721,3,0,0,3,6
2020-10-28,US,Louisiana,St. Charles,1955,63,0,29.90709658,-90.35555967,22089.0,3681.732580037665,3.2225063938618925,1892,1956,63,0,1893,1945,52879,-1,0,0,-1,11
2020-10-28,US,Louisiana,St. Helena,438,4,0,30.82210324,-90.71013176,22091.0,4322.9372285827085,0.9132420091324199,434,437,4,0,433,434,10262,1,0,0,1,3
2020-10-28,US,Louisiana,St. James,847,40,0,30.02531716,-90.80212061,22093.0,4014.9791429654906,4.722550177095632,807,841,40,0,801,839,21037,6,0,0,6,2
2020-10-28,US,Louisiana,St. John the Baptist,1653,107,0,30.12597499,-90.4753503,22095.0,3858.813642411933,6.473079249848759,1546,1649,107,0,1542,1643,43184,4,0,0,4,6
2020-10-28,US,Louisiana,St. Landry,3675,135,0,30.59724262,-92.00135806,22097.0,4474.940334128878,3.673469387755102,3540,3678,135,0,3543,3625,82764,-3,0,0,-3,53
2020-10-28,US,Louisiana,St. Martin,2230,64,0,30.13112107,-91.61403569,22099.0,4173.607082031031,2.8699551569506725,2166,2218,63,0,2155,2215,53621,12,1,0,11,3
2020-10-28,US,Louisiana,St. Mary,2021,86,0,29.69262097,-91.44702164,22101.0,4095.40406906055,4.25531914893617,1935,2021,86,0,1935,2018,49774,0,0,0,0,3
2020-10-28,US,Louisiana,St. Tammany,7749,270,0,30.40942847,-89.95642711,22103.0,2975.589338719525,3.484320557491289,7479,7727,270,0,7457,7689,258111,22,0,0,22,38
2020-10-28,US,Louisiana,Tangipahoa,5026,126,0,30.62888673,-90.40664996,22105.0,3729.648703602013,2.5069637883008355,4900,5004,126,0,4878,4983,133777,22,0,0,22,21
2020-10-28,US,Louisiana,Tensas,186,2,0,32.00760749,-91.32915234,22107.0,4291.647438855561,1.075268817204301,184,187,2,0,185,186,4462,-1,0,0,-1,1
2020-10-28,US,Louisiana,Terrebonne,3870,125,0,29.37343766,-90.82626855,22109.0,3503.4989724880274,3.2299741602067185,3745,3862,124,0,3738,3865,111021,8,1,0,7,-3
2020-10-28,US,Louisiana,Unassigned,317,214,0,0.0,0.0,90022.0,0.0,67.50788643533123,103,307,206,0,101,253,,10,8,0,2,54
2020-10-28,US,Louisiana,Union,1118,51,0,32.83121059,-92.3749373,22111.0,5056.992943730777,4.561717352415028,1067,1118,51,0,1067,1105,22330,0,0,0,0,13
2020-10-28,US,Louisiana,Vermilion,2129,70,0,29.83517605,-92.30292538,22113.0,3577.4898758212767,3.2879286049788634,2059,2125,70,0,2055,2117,59830,4,0,0,4,8
2020-10-28,US,Louisiana,Vernon,1125,56,0,31.10884837,-93.18153838,22115.0,2371.966518374834,4.977777777777779,1069,1118,56,0,1062,1116,48860,7,0,0,7,2
2020-10-28,US,Louisiana,Washington,1752,71,0,30.85288548,-90.03866652,22117.0,3792.7003506948963,4.052511415525114,1681,1747,71,0,1676,1748,46582,5,0,0,5,-1
2020-10-28,US,Louisiana,Webster,1483,40,0,32.70847669,-93.33121835,22119.0,3868.0229525299947,2.6972353337828725,1443,1481,40,0,1441,1466,38798,2,0,0,2,15
2020-10-28,US,Louisiana,West Baton Rouge,964,42,0,30.46058217,-91.30989571,22121.0,3642.546759871529,4.356846473029045,922,970,42,0,928,964,26427,-6,0,0,-6,6
2020-10-28,US,Louisiana,West Carroll,376,13,0,32.78550125,-91.461201,22123.0,3471.837488457987,3.4574468085106385,363,375,13,0,362,373,10982,1,0,0,1,2
2020-10-28,US,Louisiana,West Feliciana,755,25,0,30.87882871,-91.41485379999999,22125.0,4849.691675231244,3.3112582781456954,730,757,25,0,732,740,15460,-2,0,0,-2,17
2020-10-28,US,Louisiana,Winn,688,19,0,31.94449367,-92.63789413,22127.0,4948.216340621404,2.7616279069767438,669,688,19,0,669,681,14134,0,0,0,0,7
2020-10-28,US,Maine,Androscoggin,855,10,0,44.1664747,-70.20380627,23001.0,789.6413827497992,1.1695906432748535,845,852,10,0,842,849,107679,3,0,0,3,3
2020-10-28,US,Maine,Aroostook,67,1,0,46.65926321,-68.59841248,23003.0,99.91797777943479,1.492537313432836,66,64,1,0,63,63,67111,3,0,0,3,1
2020-10-28,US,Maine,Cumberland,2523,70,0,43.8370751,-70.37226999,23005.0,855.2455398758658,2.7744748315497425,2453,2507,70,0,2437,2494,293557,16,0,0,16,13
2020-10-28,US,Maine,Franklin,77,1,0,44.97330019,-70.44381045,23007.0,254.97533030895062,1.2987012987012987,76,74,1,0,73,74,29897,3,0,0,3,0
2020-10-28,US,Maine,Hancock,71,1,0,44.59816444,-68.38401854,23009.0,129.1214287013294,1.4084507042253518,70,69,1,0,68,67,54811,2,0,0,2,2
2020-10-28,US,Maine,Kennebec,332,11,0,44.40759555,-69.76738544,23011.0,271.45917482952035,3.3132530120481927,321,328,11,0,317,315,122083,4,0,0,4,13
2020-10-28,US,Maine,Knox,78,1,0,44.11486325,-69.10529169,23013.0,196.11787186965702,1.2820512820512822,77,67,1,0,66,66,39771,11,0,0,11,1
2020-10-28,US,Maine,Lincoln,61,1,0,44.05996956,-69.54227124,23015.0,176.12750476410457,1.639344262295082,60,60,1,0,59,60,34342,1,0,0,1,0
2020-10-28,US,Maine,Oxford,164,2,0,44.49952995,-70.75682123,23017.0,282.8805519620526,1.2195121951219512,162,162,2,0,160,162,57618,2,0,0,2,0
2020-10-28,US,Maine,Penobscot,302,6,0,45.40194593,-68.65020455,23019.0,198.49094302915586,1.9867549668874167,296,300,6,0,294,298,151096,2,0,0,2,2
2020-10-28,US,Maine,Piscataquis,10,0,0,45.83839062,-69.2860223,23021.0,59.577003276735184,0.0,10,10,0,0,10,10,16800,0,0,0,0,0
2020-10-28,US,Maine,Sagadahoc,82,0,0,43.95415864,-69.85074999,23023.0,228.6925479696564,0.0,82,82,0,0,82,82,35634,0,0,0,0,0
2020-10-28,US,Maine,Somerset,153,8,0,45.51229767,-69.95995554,23025.0,303.06631804135964,5.2287581699346415,145,146,8,0,138,141,50592,7,0,0,7,5
2020-10-28,US,Maine,Waldo,150,14,0,44.4858305,-69.12061935,23027.0,377.6910487221453,9.333333333333334,136,149,14,0,135,148,39694,1,0,0,1,1
2020-10-28,US,Maine,Washington,57,0,0,45.01607142,-67.62813524,23029.0,181.65014818827882,0.0,57,48,0,0,48,44,31490,9,0,0,9,4
2020-10-28,US,Maine,York,1404,20,0,43.47808377,-70.71052375,23031.0,676.1670383016841,1.4245014245014245,1384,1391,20,0,1371,1378,206229,13,0,0,13,13
2020-10-28,US,Maryland,Allegany,679,24,0,39.62357628,-78.69280486,24001.0,964.2694842081343,3.5346097201767304,655,660,24,0,636,646,70975,19,0,0,19,14
2020-10-28,US,Maryland,Anne Arundel,11921,273,0,39.00670238,-76.60329337,24003.0,2058.062889954664,2.2900763358778624,11648,11872,272,0,11600,11778,576031,49,1,0,48,94
2020-10-28,US,Maryland,Baltimore,20510,666,0,39.45784712,-76.62911955,24005.0,2478.9392895560627,3.2471964895173087,19844,20419,665,0,19754,20273,828431,91,1,0,90,146
2020-10-28,US,Maryland,Baltimore City,17664,502,0,39.30211911,-76.61151012,24510.0,2976.2927766263965,2.8419384057971016,17162,17581,501,0,17080,17506,621342,83,1,0,82,75
2020-10-28,US,Maryland,Calvert,1184,29,0,38.53961642,-76.56820632,24009.0,1279.6541475276954,2.449324324324324,1155,1176,29,0,1147,1170,92003,8,0,0,8,6
2020-10-28,US,Maryland,Caroline,740,8,0,38.87172293,-75.82904158,24011.0,2215.1709273783154,1.0810810810810811,732,740,8,0,732,736,33304,0,0,0,0,4
2020-10-28,US,Maryland,Carroll,2231,129,0,39.56453592,-77.02373735,24013.0,1324.4522015826938,5.782160466158674,2102,2219,129,0,2090,2211,168429,12,0,0,12,8
2020-10-28,US,Maryland,Cecil,1348,36,0,39.56647682,-75.94627411,24015.0,1310.5828593651254,2.6706231454005933,1312,1340,36,0,1304,1325,102826,8,0,0,8,15
2020-10-28,US,Maryland,Charles,3168,102,0,38.51092331,-76.98580666,24017.0,1940.4987228725256,3.2196969696969697,3066,3154,102,0,3052,3136,161503,14,0,0,14,18
2020-10-28,US,Maryland,Dorchester,782,10,0,38.45413522,-76.02752426,24019.0,2449.184127282408,1.278772378516624,772,779,10,0,769,775,31998,3,0,0,3,4
2020-10-28,US,Maryland,Frederick,4748,139,0,39.47296601,-77.39999394,24021.0,1829.3411212612743,2.927548441449032,4609,4721,139,0,4582,4700,255648,27,0,0,27,21
2020-10-28,US,Maryland,Garrett,142,1,0,39.52786077,-79.27355126,24023.0,489.4189012201006,0.7042253521126759,141,139,1,0,138,130,29163,3,0,0,3,9
2020-10-28,US,Maryland,Harford,3583,81,0,39.55010644,-76.30775940000002,24025.0,1402.6722413394873,2.2606754116662016,3502,3555,81,0,3474,3541,253956,28,0,0,28,14
2020-10-28,US,Maryland,Howard,5865,126,0,39.25305293,-76.93126208,24027.0,1800.792164328042,2.1483375959079285,5739,5845,126,0,5719,5801,323196,20,0,0,20,44
2020-10-28,US,Maryland,Kent,343,25,0,39.24976208,-76.04741541,24029.0,1766.0385130264651,7.288629737609329,318,342,25,0,317,340,19383,1,0,0,1,2
2020-10-28,US,Maryland,Montgomery,25562,870,0,39.13676329,-77.20358245,24031.0,2432.882073460437,3.4034895548079183,24692,25438,869,0,24569,25281,1052567,124,1,0,123,157
2020-10-28,US,Maryland,Prince George's,32648,859,0,38.83070039,-76.8496441,24033.0,3590.3475867317256,2.631095319774565,31789,32499,854,0,31645,32292,909308,149,5,0,144,207
2020-10-28,US,Maryland,Queen Anne's,777,26,0,39.06198912,-76.03530977,24035.0,1542.2480697088188,3.3462033462033465,751,773,26,0,747,768,50251,4,0,0,4,5
2020-10-28,US,Maryland,Somerset,421,6,0,38.1163542,-75.75118623,24039.0,1643.5040599625231,1.4251781472684086,415,419,6,0,413,410,25675,2,0,0,2,9
2020-10-28,US,Maryland,St. Mary's,1475,60,0,38.30058422,-76.60629279999998,24037.0,1299.4449828208972,4.067796610169491,1415,1470,60,0,1410,1459,112664,5,0,0,5,11
2020-10-28,US,Maryland,Talbot,647,6,0,38.76618159,-76.10882561,24041.0,1740.1360910142275,0.927357032457496,641,645,6,0,639,643,36968,2,0,0,2,2
2020-10-28,US,Maryland,Unassigned,0,11,0,0.0,0.0,90024.0,0.0,0.0,-11,0,13,0,-13,0,,0,-2,0,2,0
2020-10-28,US,Maryland,Washington,2281,44,0,39.60835778,-77.82002295,24043.0,1510.1059920952805,1.9289785181937744,2237,2252,44,0,2208,2239,150926,29,0,0,29,13
2020-10-28,US,Maryland,Wicomico,2494,51,0,38.37301947,-75.62705831,24045.0,2407.1267940043813,2.044907778668805,2443,2493,51,0,2442,2480,103195,1,0,0,1,13
2020-10-28,US,Maryland,Worcester,1212,31,0,38.21274277,-75.33200012,24047.0,2318.463539674037,2.557755775577558,1181,1210,31,0,1179,1204,51823,2,0,0,2,6
2020-10-28,US,Massachusetts,Barnstable,1999,183,0,41.72980578,-70.28854339,25001.0,938.5417155735008,9.154577288644322,1816,1992,182,0,1810,1968,213413,7,1,0,6,24
2020-10-28,US,Massachusetts,Berkshire,780,52,0,42.37428441,-73.20524838,25003.0,624.2796772954282,6.666666666666668,728,774,52,0,722,765,126348,6,0,0,6,9
2020-10-28,US,Massachusetts,Bristol,12167,750,0,41.79228404,-71.10872211,25005.0,2152.6245672016234,6.164214679049889,11417,11986,743,0,11243,11878,564022,181,7,0,174,108
2020-10-28,US,Massachusetts,Dukes and Nantucket,241,2,0,41.40674725,-70.68763497,0.0,838.8152170129823,0.8298755186721992,239,230,2,0,228,229,26707,11,0,0,11,1
2020-10-28,US,Massachusetts,Essex,23642,1343,0,42.6687626,-70.94687179,25009.0,2996.322084979861,5.680568479824044,22299,23418,1342,0,22076,23296,790638,224,1,0,223,122
2020-10-28,US,Massachusetts,Franklin,472,72,0,42.58119713,-72.58602547,25011.0,672.5562838415502,15.254237288135593,400,472,72,0,400,467,70963,0,0,0,0,5
2020-10-28,US,Massachusetts,Hampden,9901,815,0,42.13440424,-72.63235561,25013.0,2122.9833694990266,8.231491768508231,9086,9800,812,0,8988,9723,470406,101,3,0,98,77
2020-10-28,US,Massachusetts,Hampshire,1472,155,0,42.33997957,-72.65898478,25015.0,915.2521295778153,10.529891304347826,1317,1465,154,0,1311,1458,161355,7,1,0,6,7
2020-10-28,US,Massachusetts,Middlesex,31808,2265,0,42.48607732,-71.39049229,25017.0,1973.569506464917,7.120850100603621,29543,31594,2257,0,29337,31401,1614714,214,8,0,206,193
2020-10-28,US,Massachusetts,Norfolk,11733,1108,0,42.16073095,-71.20530408,25021.0,1660.075695942839,9.443450098014148,10625,11676,1106,0,10570,11591,705388,57,2,0,55,85
2020-10-28,US,Massachusetts,Plymouth,11350,832,0,41.94070556,-70.80802823,25023.0,2177.658566160529,7.330396475770925,10518,11294,828,0,10466,11217,518132,56,4,0,52,77
2020-10-28,US,Massachusetts,Suffolk,28152,1173,0,42.327951399999996,-71.07850442,25025.0,3501.897607559084,4.166666666666667,26979,27992,1171,0,26821,27823,807252,160,2,0,158,169
2020-10-28,US,Massachusetts,Unassigned,4030,5,0,0.0,0.0,90025.0,0.0,0.1240694789081886,4025,3995,5,0,3990,3751,,35,0,0,35,244
2020-10-28,US,Massachusetts,Worcester,16471,1169,0,42.35026951,-71.90493363,25027.0,1982.9717970388456,7.097322566935826,15302,16349,1162,0,15187,16210,830839,122,7,0,115,139
2020-10-28,US,Michigan,Alcona,54,3,0,44.6846864,-83.59507875,26001.0,518.9812590100913,5.5555555555555545,51,54,2,0,52,52,10362,0,1,0,-1,2
2020-10-28,US,Michigan,Alger,117,1,0,46.41292944,-86.60260122,26003.0,1284.5849802371542,0.8547008547008547,116,111,1,0,110,107,9097,6,0,0,6,4
2020-10-28,US,Michigan,Allegan,1325,7,0,42.59147037,-85.89102866,26005.0,1122.1110932326114,0.5283018867924528,1318,1289,7,0,1282,1265,117327,36,0,0,36,24
2020-10-28,US,Michigan,Alpena,163,14,0,45.03477666,-83.62212411,26007.0,573.8426333392007,8.588957055214724,149,161,14,0,147,157,28360,2,0,0,2,4
2020-10-28,US,Michigan,Antrim,130,0,0,44.99690221,-85.15503082,26009.0,557.3658034642427,0.0,130,130,0,0,130,122,23365,0,0,0,0,8
2020-10-28,US,Michigan,Arenac,102,3,0,44.0636262,-83.89277559,26011.0,685.3456964321707,2.9411764705882355,99,98,3,0,95,95,15041,4,0,0,4,3
2020-10-28,US,Michigan,Baraga,101,4,0,46.6720582,-88.36363591,26013.0,1230.3569253258618,3.96039603960396,97,88,4,0,84,83,8320,13,0,0,13,5
2020-10-28,US,Michigan,Barry,716,6,0,42.59513984,-85.30834519,26015.0,1163.2818846466287,0.8379888268156425,710,688,6,0,682,669,61157,28,0,0,28,19
2020-10-28,US,Michigan,Bay,1433,62,0,43.70639106,-83.98731479,26017.0,1389.5622830324066,4.326587578506629,1371,1404,62,0,1342,1390,103923,29,0,0,29,14
2020-10-28,US,Michigan,Benzie,125,2,0,44.63899297,-86.01608482,26019.0,703.591129123044,1.6,123,124,2,0,122,120,17753,1,0,0,1,4
2020-10-28,US,Michigan,Berrien,2774,82,0,41.95447397,-86.41313079999998,26021.0,1808.332409827837,2.9560201874549388,2692,2735,81,0,2654,2687,154141,39,1,0,38,48
2020-10-28,US,Michigan,Branch,899,11,0,41.91600556,-85.05929476,26023.0,2065.859319346462,1.2235817575083423,888,875,11,0,864,866,43622,24,0,0,24,9
2020-10-28,US,Michigan,Calhoun,2976,71,0,42.24633834,-85.00493569,26025.0,2218.263403871525,2.385752688172043,2905,2870,71,0,2799,2820,134487,106,0,0,106,50
2020-10-28,US,Michigan,Cass,1025,24,0,41.91522292,-85.99405727,26027.0,1979.2612045494045,2.341463414634146,1001,1015,24,0,991,985,51653,10,0,0,10,30
2020-10-28,US,Michigan,Charlevoix,190,4,0,45.37790017,-85.19614053,26029.0,726.7719848525418,2.1052631578947367,186,183,4,0,179,179,26244,7,0,0,7,4
2020-10-28,US,Michigan,Cheboygan,154,2,0,45.44787015,-84.50122149,26031.0,609.2736192435511,1.2987012987012987,152,150,2,0,148,149,25413,4,0,0,4,1
2020-10-28,US,Michigan,Chippewa,161,0,0,46.29552653,-84.54353449,26033.0,431.0691049291815,0.0,161,147,0,0,147,134,37517,14,0,0,14,13
2020-10-28,US,Michigan,Clare,291,11,0,43.98794227,-84.84819859999998,26035.0,940.2261712439418,3.7800687285223367,280,276,11,0,265,267,30757,15,0,0,15,9
2020-10-28,US,Michigan,Clinton,1149,16,0,42.94400871,-84.60145248,26037.0,1443.5580124379671,1.3925152306353348,1133,1125,16,0,1109,1091,79332,24,0,0,24,34
2020-10-28,US,Michigan,Crawford,153,5,0,44.68255561,-84.61006219,26039.0,1090.5980469028439,3.2679738562091503,148,150,5,0,145,149,13901,3,0,0,3,1
2020-10-28,US,Michigan,Delta,1263,27,0,45.90484910000001,-86.9080745,26041.0,3529.510395707579,2.1377672209026133,1236,1201,26,0,1175,1178,35857,62,1,0,61,23
2020-10-28,US,Michigan,Dickinson,660,20,0,46.00999672,-87.86961634,26043.0,2615.000594318317,3.0303030303030303,640,636,20,0,616,627,25383,24,0,0,24,9
2020-10-28,US,Michigan,Eaton,1180,11,0,42.59599185,-84.83740035,26045.0,1070.120071099503,0.9322033898305084,1169,1156,11,0,1145,1131,109826,24,0,0,24,25
2020-10-28,US,Michigan,Emmet,268,4,0,45.52625509,-84.89083249,26047.0,802.0350142151729,1.492537313432836,264,250,4,0,246,243,33308,18,0,0,18,7
2020-10-28,US,Michigan,Federal Correctional Institution (FCI),197,5,0,0.0,0.0,0.0,0.0,2.538071065989848,192,197,5,0,192,197,,0,0,0,0,0
2020-10-28,US,Michigan,Genesee,6898,338,0,43.02244215,-83.70589709,26049.0,1699.7976900690715,4.899971006088721,6560,6799,338,0,6461,6659,406892,99,0,0,99,140
2020-10-28,US,Michigan,Gladwin,216,2,0,43.98901072,-84.38774817,26051.0,848.7563362018152,0.925925925925926,214,209,2,0,207,204,25337,7,0,0,7,5
2020-10-28,US,Michigan,Gogebic,413,9,0,46.40862701,-89.69377193,26053.0,2955.277280858676,2.179176755447942,404,404,7,0,397,394,15096,9,2,0,7,10
2020-10-28,US,Michigan,Grand Traverse,810,13,0,44.69565625,-85.55585247,26055.0,870.1443795118597,1.6049382716049383,797,788,13,0,775,763,92573,22,0,0,22,25
2020-10-28,US,Michigan,Gratiot,533,17,0,43.29265605,-84.60505416,26057.0,1309.228464051485,3.189493433395872,516,514,16,0,498,499,40599,19,1,0,18,15
2020-10-28,US,Michigan,Hillsdale,530,29,0,41.88753639,-84.59312019,26059.0,1162.1532726674707,5.471698113207546,501,513,29,0,484,508,45749,17,0,0,17,5
2020-10-28,US,Michigan,Houghton,942,9,0,46.89988536,-88.68495385,26061.0,2639.838583118485,0.9554140127388536,933,929,9,0,920,919,36219,13,0,0,13,10
2020-10-28,US,Michigan,Huron,277,5,0,43.83353985,-83.04078453,26063.0,894.0963816532714,1.8050541516245489,272,273,5,0,268,270,31166,4,0,0,4,3
2020-10-28,US,Michigan,Ingham,4683,65,0,42.59716886,-84.37472069,26065.0,1601.5403240699575,1.3879991458466794,4618,4630,65,0,4565,4590,292735,53,0,0,53,40
2020-10-28,US,Michigan,Ionia,731,8,0,42.94502238,-85.07413319,26067.0,1129.8823747623535,1.0943912448700408,723,715,8,0,707,699,64210,16,0,0,16,16
2020-10-28,US,Michigan,Iosco,294,16,0,44.35486835,-83.63484895,26069.0,1170.0561149361247,5.442176870748299,278,289,16,0,273,283,25081,5,0,0,5,6
2020-10-28,US,Michigan,Iron,443,25,0,46.20974132,-88.53136251,26071.0,4003.2532080245796,5.643340857787812,418,441,25,0,416,438,11117,2,0,0,2,3
2020-10-28,US,Michigan,Isabella,1065,15,0,43.64060976,-84.84664923,26073.0,1524.2157087245248,1.4084507042253518,1050,1039,15,0,1024,1024,70562,26,0,0,26,15
2020-10-28,US,Michigan,Jackson,1861,67,0,42.24807035,-84.42258681,26075.0,1174.0584190271907,3.600214938205266,1794,1810,66,0,1744,1781,158823,51,1,0,50,29
2020-10-28,US,Michigan,Kalamazoo,4889,106,0,42.24542231,-85.53038622,26077.0,1844.446288848815,2.1681325424422173,4783,4817,106,0,4711,4762,264870,72,0,0,72,55
2020-10-28,US,Michigan,Kalkaska,130,4,0,44.68512729,-85.09085699,26079.0,720.7007428761502,3.0769230769230766,126,130,4,0,126,127,17824,0,0,0,0,3
2020-10-28,US,Michigan,Kent,14778,185,0,43.03197711,-85.54934642,26081.0,2249.469141722036,1.2518608742725674,14593,14413,184,0,14229,14194,653786,365,1,0,364,219
2020-10-28,US,Michigan,Keweenaw,23,0,0,47.63197653,-88.41434263,26083.0,1086.9565217391305,0.0,23,20,0,0,20,19,2113,3,0,0,3,1
2020-10-28,US,Michigan,Lake,64,1,0,43.99050893,-85.802173,26085.0,539.9476925672825,1.5625,63,64,1,0,63,61,11881,0,0,0,0,3
2020-10-28,US,Michigan,Lapeer,942,38,0,43.09052506,-83.22153148,26087.0,1075.2565434268954,4.0339702760084934,904,915,38,0,877,891,88028,27,0,0,27,24
2020-10-28,US,Michigan,Leelanau,151,2,0,44.94430054,-85.80150326,26089.0,693.9019346537383,1.3245033112582782,149,152,2,0,150,148,21764,-1,0,0,-1,4
2020-10-28,US,Michigan,Lenawee,1162,20,0,41.89475156,-84.06603727,26091.0,1180.2825771195826,1.721170395869191,1142,1139,19,0,1120,1127,98266,23,1,0,22,12
2020-10-28,US,Michigan,Livingston,2142,33,0,42.60302282,-83.91297209,26093.0,1115.6540534909764,1.5406162464985995,2109,2056,33,0,2023,2014,191224,86,0,0,86,42
2020-10-28,US,Michigan,Luce,66,1,0,46.47227431,-85.54471223,26095.0,1059.5601220099534,1.5151515151515151,65,55,0,0,55,47,6283,11,1,0,10,8
2020-10-28,US,Michigan,Mackinac,162,0,0,46.07028979,-85.04980537,26097.0,1500.138901750162,0.0,162,158,0,0,158,155,10787,4,0,0,4,3
2020-10-28,US,Michigan,Macomb,18829,1088,0,42.69158356,-82.92752801,26099.0,2154.416846306289,5.778320675553667,17741,18548,1087,0,17461,18337,874759,281,1,0,280,211
2020-10-28,US,Michigan,Manistee,139,3,0,44.33352407,-86.05626916,26101.0,566.0070038276733,2.1582733812949644,136,136,3,0,133,132,24528,3,0,0,3,4
2020-10-28,US,Michigan,Marquette,1083,15,0,46.4338914,-87.64043701,26103.0,1623.7124994377727,1.3850415512465375,1068,1044,15,0,1029,1015,66516,39,0,0,39,29
2020-10-28,US,Michigan,Mason,250,1,0,43.99509218,-86.24988902,26105.0,857.8094976667581,0.4,249,244,1,0,243,240,29100,6,0,0,6,4
2020-10-28,US,Michigan,Mecosta,541,4,0,43.64064262,-85.32463223,26107.0,1245.0233585713302,0.7393715341959335,537,524,4,0,520,504,43545,17,0,0,17,20
2020-10-28,US,Michigan,Menominee,729,5,0,45.58038692,-87.55370409,26109.0,3200.17559262511,0.6858710562414266,724,715,5,0,710,698,22983,14,0,0,14,17
2020-10-28,US,Michigan,Michigan Department of Corrections (MDOC),6691,75,0,0.0,0.0,0.0,0.0,1.1209086833059334,6616,6562,75,0,6487,6538,,129,0,0,129,24
2020-10-28,US,Michigan,Midland,1066,14,0,43.64330771,-84.38804374,26111.0,1281.9279426619846,1.3133208255159474,1052,1037,14,0,1023,1003,83209,29,0,0,29,34
2020-10-28,US,Michigan,Missaukee,91,1,0,44.33772443,-85.09256478,26113.0,601.9314724169864,1.0989010989010992,90,91,1,0,90,90,15113,0,0,0,0,1
2020-10-28,US,Michigan,Monroe,2076,38,0,41.92734151,-83.53749864,26115.0,1379.4019933554816,1.8304431599229287,2038,2046,36,0,2010,1996,150439,30,2,0,28,50
2020-10-28,US,Michigan,Montcalm,680,13,0,43.31082541,-85.15252824,26117.0,1064.3626346105684,1.9117647058823528,667,645,13,0,632,629,63968,35,0,0,35,16
2020-10-28,US,Michigan,Montmorency,29,0,0,45.0275929,-84.12696227,26119.0,310.89193825042884,0.0,29,27,0,0,27,27,9265,2,0,0,2,0
2020-10-28,US,Michigan,Muskegon,2227,82,0,43.29123859,-86.15176712,26121.0,1283.0853969095328,3.682083520431073,2145,2149,82,0,2067,2093,173588,78,0,0,78,56
2020-10-28,US,Michigan,Newaygo,650,3,0,43.554373999999996,-85.80070107,26123.0,1327.0722743977133,0.4615384615384616,647,630,3,0,627,615,48892,20,0,0,20,15
2020-10-28,US,Michigan,Oakland,25563,1237,0,42.66090111,-83.38595416,26125.0,2032.707159124162,4.839025153542228,24326,25069,1237,0,23832,24730,1259201,494,0,0,494,339
2020-10-28,US,Michigan,Oceana,637,6,0,43.64124435,-86.26726673,26127.0,2406.770695583179,0.9419152276295132,631,622,6,0,616,617,26625,15,0,0,15,5
2020-10-28,US,Michigan,Ogemaw,117,5,0,44.33481032,-84.12725175,26129.0,557.2224603514786,4.2735042735042725,112,114,5,0,109,111,20952,3,0,0,3,3
2020-10-28,US,Michigan,Ontonagon,106,0,0,46.665226200000006,-89.31390481,26131.0,1853.1468531468527,0.0,106,103,0,0,103,96,5795,3,0,0,3,7
2020-10-28,US,Michigan,Osceola,182,1,0,43.98992088,-85.32566756,26133.0,775.7885763000853,0.5494505494505495,181,177,1,0,176,166,23341,5,0,0,5,11
2020-10-28,US,Michigan,Oscoda,56,2,0,44.68192279,-84.12939244,26135.0,679.529183351535,3.571428571428572,54,56,2,0,54,58,8276,0,0,0,0,-2
2020-10-28,US,Michigan,Otsego,262,12,0,45.02085831,-84.59898295,26137.0,1062.1047510945357,4.580152671755725,250,252,12,0,240,245,24665,10,0,0,10,7
2020-10-28,US,Michigan,Ottawa,5279,76,0,42.95996803,-85.9969107,26139.0,1808.9298564232602,1.4396666035233945,5203,5128,73,0,5055,5014,290494,151,3,0,148,114
2020-10-28,US,Michigan,Out of MI,364,3,0,0.0,0.0,80026.0,0.0,0.8241758241758241,361,339,3,0,336,320,,25,0,0,25,19
2020-10-28,US,Michigan,Presque Isle,65,1,0,45.34018577,-83.91498656,26141.0,516.2007623888182,1.5384615384615383,64,66,1,0,65,62,12738,-1,0,0,-1,4
2020-10-28,US,Michigan,Roscommon,193,6,0,44.33473082,-84.61067651,26143.0,803.5305383238269,3.1088082901554404,187,185,6,0,179,176,23884,8,0,0,8,9
2020-10-28,US,Michigan,Saginaw,3927,155,0,43.33433923,-84.05131209999998,26145.0,2060.995386771212,3.9470333587980653,3772,3873,154,0,3719,3788,190800,54,1,0,53,85
2020-10-28,US,Michigan,Sanilac,210,7,0,43.42406072,-82.82055898,26151.0,510.08015545299975,3.333333333333333,203,200,7,0,193,194,41182,10,0,0,10,6
2020-10-28,US,Michigan,Schoolcraft,81,1,0,46.19235734,-86.19972234,26153.0,1000.7412898443292,1.2345679012345678,80,74,1,0,73,69,8068,7,0,0,7,5
2020-10-28,US,Michigan,Shiawassee,728,34,0,42.95392800000001,-84.14585902,26155.0,1068.6709139485042,4.670329670329671,694,719,34,0,685,711,68192,9,0,0,9,8
2020-10-28,US,Michigan,St. Clair,1594,65,0,42.92655373,-82.67937954,26147.0,1001.7093157709517,4.077791718946049,1529,1545,64,0,1481,1525,159337,49,1,0,48,20
2020-10-28,US,Michigan,St. Joseph,1256,21,0,41.91441767,-85.52797979,26149.0,2060.23226822387,1.6719745222929936,1235,1210,21,0,1189,1200,61043,46,0,0,46,10
2020-10-28,US,Michigan,Tuscola,678,35,0,43.46606813,-83.41897025,26157.0,1297.7318403674992,5.162241887905606,643,671,35,0,636,644,52516,7,0,0,7,27
2020-10-28,US,Michigan,Unassigned,11,0,0,0.0,0.0,90026.0,0.0,0.0,11,27,0,0,27,31,,-16,0,0,-16,-4
2020-10-28,US,Michigan,Van Buren,1124,19,0,42.25190229,-86.01939087,26159.0,1485.259722240575,1.6903914590747333,1105,1092,19,0,1073,1080,75448,32,0,0,32,12
2020-10-28,US,Michigan,Washtenaw,5568,119,0,42.253105,-83.83853204,26161.0,1514.6857598319918,2.137212643678161,5449,5464,118,0,5346,5378,370963,104,1,0,103,86
2020-10-28,US,Michigan,Wayne,40861,3052,0,42.28098405,-83.281255,26163.0,2335.7912084708373,7.469224933310492,37809,40396,3050,0,37346,40023,1753893,465,2,0,463,373
2020-10-28,US,Michigan,Wexford,180,4,0,44.33853602,-85.57712739,26165.0,535.2204811037436,2.2222222222222223,176,179,4,0,175,175,33466,1,0,0,1,4
2020-10-28,US,Minnesota,Aitkin,188,2,0,46.60962049,-93.41168259999999,27001.0,1183.431952662722,1.0638297872340423,186,186,2,0,184,179,15902,2,0,0,2,7
2020-10-28,US,Minnesota,Anoka,9160,153,0,45.27476015,-93.24604565,27003.0,2566.394244104438,1.6703056768558953,9007,9039,151,0,8888,8872,353813,121,2,0,119,167
2020-10-28,US,Minnesota,Becker,604,4,0,46.93479392,-95.67158144,27005.0,1754.640792493391,0.6622516556291391,600,588,4,0,584,575,34371,16,0,0,16,13
2020-10-28,US,Minnesota,Beltrami,927,8,0,47.97373527,-94.93732139,27007.0,1964.4824955497158,0.8629989212513485,919,914,7,0,907,901,46847,13,1,0,12,13
2020-10-28,US,Minnesota,Benton,1009,9,0,45.69804958,-93.99514135,27009.0,2467.656337890386,0.8919722497522299,1000,976,9,0,967,950,40545,33,0,0,33,26
2020-10-28,US,Minnesota,Big Stone,153,1,0,45.42712824,-96.41403739,27011.0,3065.5179322781005,0.6535947712418301,152,143,1,0,142,141,4989,10,0,0,10,2
2020-10-28,US,Minnesota,Blue Earth,2085,7,0,44.03554215,-94.06699781,27013.0,3081.9032415413953,0.33573141486810554,2078,2066,7,0,2059,2045,67427,19,0,0,19,21
2020-10-28,US,Minnesota,Brown,335,3,0,44.24205652,-94.72562874,27015.0,1339.571337172105,0.8955223880597015,332,333,3,0,330,324,25111,2,0,0,2,9
2020-10-28,US,Minnesota,Carlton,483,2,0,46.59180601,-92.67601019,27017.0,1346.4915948816592,0.4140786749482402,481,462,2,0,460,444,35837,21,0,0,21,18
2020-10-28,US,Minnesota,Carver,1867,7,0,44.82017001,-93.80099179999999,27019.0,1776.58936710788,0.3749330476700589,1860,1847,7,0,1840,1820,103551,20,0,0,20,27
2020-10-28,US,Minnesota,Cass,405,5,0,46.95043611,-94.32603968,27021.0,1360.018805198294,1.2345679012345678,400,390,5,0,385,377,29519,15,0,0,15,13
2020-10-28,US,Minnesota,Chippewa,469,3,0,45.02343421,-95.56403693,27023.0,3974.576271186441,0.6396588486140725,466,466,3,0,463,444,11924,3,0,0,3,22
2020-10-28,US,Minnesota,Chisago,1114,2,0,45.5021011,-92.90861945,27025.0,1968.928400996836,0.17953321364452424,1112,1083,2,0,1081,1040,55922,31,0,0,31,43
2020-10-28,US,Minnesota,Clay,2464,43,0,46.89289518,-96.48761922,27027.0,3836.691476441095,1.74512987012987,2421,2362,43,0,2319,2328,63955,102,0,0,102,34
2020-10-28,US,Minnesota,Clearwater,128,1,0,47.57992111,-95.37790562,27029.0,1451.5763211612616,0.78125,127,114,0,0,114,114,8810,14,1,0,13,0
2020-10-28,US,Minnesota,Cook,18,0,0,47.90504893,-90.52629546,27031.0,329.48929159802304,0.0,18,17,0,0,17,17,5393,1,0,0,1,0
2020-10-28,US,Minnesota,Cottonwood,290,0,0,44.00715262,-95.18138802,27033.0,2590.210789567703,0.0,290,286,0,0,286,282,11277,4,0,0,4,4
2020-10-28,US,Minnesota,Crow Wing,1083,22,0,46.48096553,-94.06755609,27035.0,1664.7452155868111,2.0313942751615883,1061,1062,22,0,1040,1035,64889,21,0,0,21,27
2020-10-28,US,Minnesota,Dakota,10132,138,0,44.67172617,-93.06299363,27037.0,2361.655956235243,1.362021318594552,9994,10027,138,0,9889,9897,425423,105,0,0,105,130
2020-10-28,US,Minnesota,Dodge,405,0,0,44.02238415,-92.86244324,27039.0,1934.6517626827167,0.0,405,404,0,0,404,394,20822,1,0,0,1,10
2020-10-28,US,Minnesota,Douglas,734,4,0,45.93348491,-95.45335469,27041.0,1924.4382685299288,0.5449591280653951,730,728,3,0,725,708,37964,6,1,0,5,20
2020-10-28,US,Minnesota,Faribault,244,0,0,43.67381499,-93.94787458,27043.0,1787.1530066652015,0.0,244,239,0,0,239,235,13758,5,0,0,5,4
2020-10-28,US,Minnesota,Fillmore,265,0,0,43.67394126,-92.08980382,27045.0,1257.8914890587175,0.0,265,264,0,0,264,264,21058,1,0,0,1,0
2020-10-28,US,Minnesota,Freeborn,700,4,0,43.67385583,-93.34884422,27047.0,2311.680591790232,0.5714285714285714,696,691,4,0,687,684,30444,9,0,0,9,7
2020-10-28,US,Minnesota,Goodhue,633,11,0,44.40849741,-92.72341949999999,27049.0,1365.9905049633146,1.7377567140600316,622,625,11,0,614,597,46403,8,0,0,8,28
2020-10-28,US,Minnesota,Grant,102,4,0,45.93424769,-96.01139609,27051.0,1707.9705291359678,3.92156862745098,98,99,4,0,95,99,6021,3,0,0,3,0
2020-10-28,US,Minnesota,Hennepin,34988,995,0,45.00761521,-93.47694895,27053.0,2764.0078587944954,2.843832171030068,33993,34657,994,0,33663,34290,1259428,331,1,0,330,367
2020-10-28,US,Minnesota,Houston,220,1,0,43.67129565,-91.49143057,27055.0,1182.7956989247314,0.4545454545454545,219,212,1,0,211,206,18578,8,0,0,8,6
2020-10-28,US,Minnesota,Hubbard,423,3,0,47.10778564,-94.91693868,27057.0,1968.2657856777253,0.7092198581560284,420,410,3,0,407,396,21332,13,0,0,13,14
2020-10-28,US,Minnesota,Isanti,583,5,0,45.56181234,-93.29487636,27059.0,1436.102079022564,0.8576329331046312,578,571,5,0,566,561,39966,12,0,0,12,10
2020-10-28,US,Minnesota,Itasca,771,17,0,47.51009045,-93.63092229,27061.0,1708.3979614447153,2.2049286640726335,754,763,17,0,746,736,45108,8,0,0,8,27
2020-10-28,US,Minnesota,Jackson,219,1,0,43.67423373,-95.15398258,27063.0,2224.2535039609993,0.45662100456620996,218,217,1,0,216,215,9911,2,0,0,2,2
2020-10-28,US,Minnesota,Kanabec,230,10,0,45.9459309,-93.29275192,27065.0,1407.847217971476,4.3478260869565215,220,225,10,0,215,215,16207,5,0,0,5,10
2020-10-28,US,Minnesota,Kandiyohi,1783,5,0,45.1526059,-95.00586446,27067.0,4127.4103567212205,0.28042624789680315,1778,1753,5,0,1748,1705,42855,30,0,0,30,48
2020-10-28,US,Minnesota,Kittson,50,0,0,48.77754106,-96.78317184,27069.0,1163.3317822242905,0.0,50,49,0,0,49,42,4248,1,0,0,1,7
2020-10-28,US,Minnesota,Koochiching,176,5,0,48.24539665,-93.78352843,27071.0,1439.2018971297737,2.8409090909090913,171,172,5,0,167,170,12440,4,0,0,4,2
2020-10-28,US,Minnesota,Lac qui Parle,145,3,0,44.9973857,-96.17488219,27073.0,2189.3401781669936,2.0689655172413794,142,144,3,0,141,140,6658,1,0,0,1,4
2020-10-28,US,Minnesota,Lake,129,0,0,47.64270764,-91.44557998,27075.0,1212.2920778122357,0.0,129,126,0,0,126,123,10658,3,0,0,3,3
2020-10-28,US,Minnesota,Lake of the Woods,45,1,0,48.77217001,-94.90274472,27077.0,1203.2085561497329,2.2222222222222223,44,44,1,0,43,44,3758,1,0,0,1,0
2020-10-28,US,Minnesota,Le Sueur,651,6,0,44.37136597,-93.72844721,27079.0,2253.608889812026,0.9216589861751152,645,645,6,0,639,631,28494,6,0,0,6,14
2020-10-28,US,Minnesota,Lincoln,191,0,0,44.41311883,-96.26688165,27081.0,3387.125376839865,0.0,191,189,0,0,189,184,5673,2,0,0,2,5
2020-10-28,US,Minnesota,Lyon,1007,6,0,44.41327865,-95.83806103,27083.0,3953.0501687995597,0.5958291956305859,1001,996,6,0,990,976,25629,11,0,0,11,20
2020-10-28,US,Minnesota,Mahnomen,128,2,0,47.32557075,-95.80921485,27087.0,2315.903745250588,1.5625,126,117,2,0,115,116,5519,11,0,0,11,1
2020-10-28,US,Minnesota,Marshall,137,1,0,48.35825983,-96.37017407,27089.0,1467.4378748928875,0.7299270072992701,136,131,1,0,130,126,9390,6,0,0,6,5
2020-10-28,US,Minnesota,Martin,619,18,0,43.67429718,-94.55099908,27091.0,3144.8458060255048,2.9079159935379644,601,615,18,0,597,613,19785,4,0,0,4,2
2020-10-28,US,Minnesota,McLeod,615,4,0,44.82367677,-94.27287017,27085.0,1713.4260162148607,0.6504065040650406,611,610,4,0,606,602,35873,5,0,0,5,8
2020-10-28,US,Minnesota,Meeker,348,3,0,45.12328869,-94.52839455,27093.0,1498.5789337697006,0.8620689655172413,345,345,3,0,342,331,23141,3,0,0,3,14
2020-10-28,US,Minnesota,Mille Lacs,432,16,0,45.93705297,-93.63236823,27095.0,1644.0232903299466,3.703703703703704,416,427,15,0,412,413,26139,5,1,0,4,14
2020-10-28,US,Minnesota,Morrison,802,9,0,46.01265363,-94.27341528,27097.0,2402.204516863356,1.1221945137157108,793,776,10,0,766,742,33169,26,-1,0,27,34
2020-10-28,US,Minnesota,Mower,1539,18,0,43.67142874,-92.75234549,27099.0,3841.545604313314,1.1695906432748535,1521,1535,17,0,1518,1529,40011,4,1,0,3,6
2020-10-28,US,Minnesota,Murray,291,3,0,44.02216709,-95.76328482,27101.0,3551.3790578472053,1.0309278350515465,288,289,3,0,286,283,8276,2,0,0,2,6
2020-10-28,US,Minnesota,Nicollet,756,18,0,44.35291112,-94.24710352,27103.0,2205.753632491101,2.380952380952381,738,747,18,0,729,739,34220,9,0,0,9,8
2020-10-28,US,Minnesota,Nobles,2319,18,0,43.67434621,-95.75329576,27105.0,10721.716214341855,0.7761966364812419,2301,2309,16,0,2293,2276,21924,10,2,0,8,33
2020-10-28,US,Minnesota,Norman,128,0,0,47.32628443,-96.45620947,27107.0,2007.8431372549012,0.0,128,121,0,0,121,117,6475,7,0,0,7,4
2020-10-28,US,Minnesota,Olmsted,3359,30,0,44.00374114,-92.40209944,27109.0,2122.014239416778,0.8931229532598988,3329,3314,30,0,3284,3277,156277,45,0,0,45,37
2020-10-28,US,Minnesota,Otter Tail,921,7,0,46.40846929,-95.70835255,27111.0,1567.766316004494,0.760043431053203,914,901,7,0,894,873,58812,20,0,0,20,28
2020-10-28,US,Minnesota,Pennington,209,1,0,48.06642577,-96.0370814,27113.0,1480.2748069976624,0.4784688995215311,208,207,1,0,206,195,14178,2,0,0,2,12
2020-10-28,US,Minnesota,Pine,563,0,0,46.12105238,-92.74070188,27115.0,1903.3773961256293,0.0,563,554,0,0,554,549,29483,9,0,0,9,5
2020-10-28,US,Minnesota,Pipestone,361,17,0,44.02301619,-96.25841142,27117.0,3955.7308788078017,4.709141274238228,344,359,17,0,342,351,9047,2,0,0,2,8
2020-10-28,US,Minnesota,Polk,786,4,0,47.77372465,-96.40134647,27119.0,2506.057900777962,0.5089058524173028,782,724,4,0,720,673,31529,62,0,0,62,51
2020-10-28,US,Minnesota,Pope,165,0,0,45.58606667,-95.44451209,27121.0,1466.7970486265451,0.0,165,165,0,0,165,161,11097,0,0,0,0,4
2020-10-28,US,Minnesota,Ramsey,14471,364,0,45.01625271,-93.09872295,27123.0,2629.556204469755,2.5153755787436944,14107,14342,362,0,13980,14168,550210,129,2,0,127,174
2020-10-28,US,Minnesota,Red Lake,82,2,0,47.87197525,-96.09561104,27125.0,2022.1948212083846,2.4390243902439024,80,81,2,0,79,78,3999,1,0,0,1,3
2020-10-28,US,Minnesota,Redwood,294,11,0,44.40555844,-95.25207021,27127.0,1938.035596572182,3.741496598639456,283,284,11,0,273,281,15249,10,0,0,10,3
2020-10-28,US,Minnesota,Renville,263,13,0,44.72836381,-94.94553734,27129.0,1807.8086334891393,4.942965779467682,250,258,12,0,246,256,14612,5,1,0,4,2
2020-10-28,US,Minnesota,Rice,1683,10,0,44.3543376,-93.29658715,27131.0,2512.990503493997,0.5941770647653001,1673,1674,10,0,1664,1648,66523,9,0,0,9,26
2020-10-28,US,Minnesota,Rock,355,5,0,43.67482683,-96.25296832,27133.0,3811.05743424584,1.4084507042253518,350,348,4,0,344,340,9414,7,1,0,6,8
2020-10-28,US,Minnesota,Roseau,300,0,0,48.77501878,-95.81079919,27135.0,1978.2393669634025,0.0,300,290,0,0,290,265,15150,10,0,0,10,25
2020-10-28,US,Minnesota,Scott,3549,34,0,44.6490231,-93.53340251,27139.0,2381.671397797508,0.9580163426317272,3515,3496,34,0,3462,3429,147381,53,0,0,53,67
2020-10-28,US,Minnesota,Sherburne,1763,22,0,45.44447208,-93.77617511,27141.0,1813.0771920442623,1.2478729438457177,1741,1733,22,0,1711,1711,96036,30,0,0,30,22
2020-10-28,US,Minnesota,Sibley,262,3,0,44.5796592,-94.23164924,27143.0,1762.5294315506226,1.1450381679389312,259,260,3,0,257,254,15028,2,0,0,2,6
2020-10-28,US,Minnesota,St. Louis,3142,71,0,47.604840700000004,-92.46879855,27137.0,1578.3392776410308,2.259707192870783,3071,3079,70,0,3009,3026,199754,63,1,0,62,53
2020-10-28,US,Minnesota,Stearns,6082,48,0,45.55192576,-94.61078221,27145.0,3775.8808008691603,0.7892140743176587,6034,5991,44,0,5947,5883,159256,91,4,0,87,108
2020-10-28,US,Minnesota,Steele,787,3,0,44.02240351,-93.22627088,27147.0,2147.398291904281,0.3811944091486658,784,782,3,0,779,761,36803,5,0,0,5,21
2020-10-28,US,Minnesota,Stevens,186,1,0,45.58613007,-96.00163705,27149.0,1896.991330953595,0.5376344086021505,185,187,1,0,186,184,9753,-1,0,0,-1,3
2020-10-28,US,Minnesota,Swift,212,2,0,45.2829032,-95.68264092,27151.0,2287.9343837686165,0.9433962264150944,210,209,1,0,208,207,9345,3,1,0,2,2
2020-10-28,US,Minnesota,Todd,872,6,0,46.06996226,-94.89785296,27153.0,3535.517353227376,0.6880733944954128,866,865,6,0,859,826,24582,7,0,0,7,39
2020-10-28,US,Minnesota,Traverse,58,0,0,45.77298854,-96.47062949,27155.0,1779.6870205584535,0.0,58,58,0,0,58,57,3308,0,0,0,0,1
2020-10-28,US,Minnesota,Unassigned,195,53,0,0.0,0.0,90027.0,0.0,27.179487179487182,142,193,53,0,140,292,,2,0,0,2,-99
2020-10-28,US,Minnesota,Wabasha,405,0,0,44.28424356,-92.23121312,27157.0,1872.6591760299625,0.0,405,397,0,0,397,384,21645,8,0,0,8,13
2020-10-28,US,Minnesota,Wadena,257,3,0,46.58589171,-94.96968506,27159.0,1878.3803537494518,1.1673151750972763,254,255,3,0,252,239,13773,2,0,0,2,16
2020-10-28,US,Minnesota,Waseca,941,9,0,44.02211116,-93.58720034,27161.0,5055.877928218354,0.9564293304994688,932,937,9,0,928,929,18691,4,0,0,4,8
2020-10-28,US,Minnesota,Washington,6233,72,0,45.03864533,-92.88429635,27163.0,2375.0190519737844,1.1551419862024708,6161,6089,72,0,6017,5986,259201,144,0,0,144,103
2020-10-28,US,Minnesota,Watonwan,581,4,0,43.97823903,-94.61413846,27165.0,5331.742681471965,0.6884681583476764,577,579,4,0,575,579,10980,2,0,0,2,0
2020-10-28,US,Minnesota,Wilkin,142,4,0,46.35721532,-96.4684375,27167.0,2287.7396487836318,2.8169014084507036,138,140,4,0,136,137,6254,2,0,0,2,3
2020-10-28,US,Minnesota,Winona,1296,19,0,43.98772283,-91.78081305,27169.0,2567.149988115046,1.4660493827160497,1277,1278,19,0,1259,1260,50825,18,0,0,18,18
2020-10-28,US,Minnesota,Wright,2653,15,0,45.17297924,-93.96234781,27171.0,1917.2261286196408,0.5653976630229929,2638,2609,15,0,2594,2541,136349,44,0,0,44,68
2020-10-28,US,Minnesota,Yellow Medicine,294,6,0,44.71710183,-95.86842453,27173.0,3028.1182408074988,2.0408163265306123,288,292,6,0,286,285,9795,2,0,0,2,7
2020-10-28,US,Mississippi,Adams,1094,45,0,31.47669768,-91.35326037,28001.0,3564.3306291336785,4.113345521023766,1049,1093,44,0,1049,1089,31192,1,1,0,0,4
2020-10-28,US,Mississippi,Alcorn,1045,12,0,34.88084463,-88.57996173,28003.0,2827.9165426352392,1.1483253588516746,1033,1021,12,0,1009,1011,36925,24,0,0,24,10
2020-10-28,US,Mississippi,Amite,428,13,0,31.17467303,-90.80501621,28005.0,3480.523704968692,3.037383177570093,415,427,13,0,414,425,12326,1,0,0,1,2
2020-10-28,US,Mississippi,Attala,805,27,0,33.08658803,-89.57838564,28007.0,4429.404643996919,3.354037267080745,778,805,26,0,779,797,18365,0,1,0,-1,8
2020-10-28,US,Mississippi,Benton,367,10,0,34.81681228,-89.18945516,28009.0,4443.637244218427,2.7247956403269757,357,360,8,0,352,345,8271,7,2,0,5,15
2020-10-28,US,Mississippi,Bolivar,2039,79,0,33.79696941,-90.87372121,28011.0,6657.307039310434,3.8744482589504665,1960,2028,77,0,1951,2019,31333,11,2,0,9,9
2020-10-28,US,Mississippi,Calhoun,633,13,0,33.93683395,-89.33686647,28013.0,4407.771046584499,2.0537124802527646,620,627,13,0,614,626,14436,6,0,0,6,1
2020-10-28,US,Mississippi,Carroll,503,12,0,33.44834567,-89.91994479,28015.0,5056.8010455413705,2.3856858846918487,491,497,12,0,485,493,9911,6,0,0,6,4
2020-10-28,US,Mississippi,Chickasaw,867,27,0,33.91983202,-88.9481545,28017.0,5069.286090159621,3.1141868512110733,840,862,26,0,836,857,17171,5,1,0,4,5
2020-10-28,US,Mississippi,Choctaw,209,6,0,33.34598242,-89.24809382,28019.0,2545.676004872107,2.8708133971291865,203,208,6,0,202,208,8278,1,0,0,1,0
2020-10-28,US,Mississippi,Claiborne,539,16,0,31.97061673,-90.90702196,28021.0,5996.884735202491,2.9684601113172535,523,539,16,0,523,538,9002,0,0,0,0,1
2020-10-28,US,Mississippi,Clarke,770,53,0,32.04158545,-88.68896219999998,28023.0,4954.636123801557,6.883116883116883,717,763,53,0,710,761,15604,7,0,0,7,2
2020-10-28,US,Mississippi,Clay,710,22,0,33.65358105,-88.77784255,28025.0,3675.7092565748603,3.0985915492957745,688,705,22,0,683,700,19386,5,0,0,5,5
2020-10-28,US,Mississippi,Coahoma,1258,37,0,34.22772299,-90.60415045,28027.0,5686.132706563009,2.9411764705882355,1221,1255,37,0,1218,1254,22628,3,0,0,3,1
2020-10-28,US,Mississippi,Copiah,1393,36,0,31.86977774,-90.44565118,28029.0,4963.477641190095,2.5843503230437905,1357,1387,36,0,1351,1381,28543,6,0,0,6,6
2020-10-28,US,Mississippi,Covington,988,29,0,31.63225413,-89.55389939,28031.0,5301.5668598411685,2.935222672064777,959,985,29,0,956,979,18853,3,0,0,3,6
2020-10-28,US,Mississippi,DeSoto,7285,80,0,34.87625235,-89.99091418,28033.0,3939.0088945362136,1.0981468771448182,7205,7210,79,0,7131,7134,182001,75,1,0,74,76
2020-10-28,US,Mississippi,Forrest,3118,78,0,31.18961454,-89.25832496,28035.0,4163.050589476214,2.5016035920461834,3040,3094,78,0,3016,3069,75036,24,0,0,24,25
2020-10-28,US,Mississippi,Franklin,251,3,0,31.47786634,-90.89672989,28037.0,3254.246078050045,1.195219123505976,248,248,3,0,245,246,7788,3,0,0,3,2
2020-10-28,US,Mississippi,George,1017,19,0,30.86259065,-88.64436789,28039.0,4151.0204081632655,1.8682399213372665,998,1014,19,0,995,999,24250,3,0,0,3,15
2020-10-28,US,Mississippi,Greene,481,18,0,31.21444233,-88.63922281,28041.0,3540.4092448108345,3.7422037422037424,463,479,18,0,461,478,13586,2,0,0,2,1
2020-10-28,US,Mississippi,Grenada,1229,39,0,33.77036166,-89.80245083,28043.0,5920.608921861452,3.1733116354759967,1190,1226,39,0,1187,1226,21055,3,0,0,3,0
2020-10-28,US,Mississippi,Hancock,868,28,0,30.41830223,-89.48851033,28045.0,1822.3043332213642,3.2258064516129035,840,859,28,0,831,850,47334,9,0,0,9,9
2020-10-28,US,Mississippi,Harrison,5491,85,0,30.51359752,-89.12467576,28047.0,2638.8888888888887,1.547987616099071,5406,5398,84,0,5314,5272,206650,93,1,0,92,126
2020-10-28,US,Mississippi,Hinds,8050,179,0,32.2656285,-90.44435448,28049.0,3472.222222222222,2.2236024844720497,7871,8011,179,0,7832,7987,237085,39,0,0,39,24
2020-10-28,US,Mississippi,Holmes,1150,60,0,33.12345854,-90.08923538,28051.0,6760.728982951207,5.217391304347826,1090,1149,60,0,1089,1149,17622,1,0,0,1,0
2020-10-28,US,Mississippi,Humphreys,451,17,0,33.12825718,-90.52252707,28053.0,5592.7579365079355,3.76940133037694,434,449,16,0,433,449,8257,2,1,0,1,0
2020-10-28,US,Mississippi,Issaquena,107,4,0,32.72531359,-90.97392828,28055.0,8063.300678221552,3.7383177570093458,103,107,4,0,103,107,1308,0,0,0,0,0
2020-10-28,US,Mississippi,Itawamba,1172,26,0,34.27993475,-88.3606733,28057.0,5010.688328345447,2.2184300341296934,1146,1159,26,0,1133,1148,23517,13,0,0,13,11
2020-10-28,US,Mississippi,Jackson,4800,88,0,30.54020656,-88.64184064,28059.0,3342.2227173663287,1.8333333333333333,4712,4693,87,0,4606,4622,143277,107,1,0,106,71
2020-10-28,US,Mississippi,Jasper,696,17,0,32.01922104,-89.11786866,28061.0,4248.306171030948,2.4425287356321843,679,692,17,0,675,691,16428,4,0,0,4,1
2020-10-28,US,Mississippi,Jefferson,279,10,0,31.73397872,-91.03764977,28063.0,3991.4163090128745,3.584229390681004,269,277,10,0,267,277,7106,2,0,0,2,0
2020-10-28,US,Mississippi,Jefferson Davis,421,12,0,31.56884708,-89.82670990000004,28065.0,3783.2494608195534,2.8503562945368173,409,417,11,0,406,412,11234,4,1,0,3,5
2020-10-28,US,Mississippi,Jones,2966,84,0,31.62257767,-89.16896899999998,28067.0,4355.487679520691,2.832097100472016,2882,2961,84,0,2877,2957,68461,5,0,0,5,4
2020-10-28,US,Mississippi,Kemper,333,15,0,32.75462946,-88.64105766,28069.0,3418.189283514679,4.504504504504505,318,327,15,0,312,327,10027,6,0,0,6,0
2020-10-28,US,Mississippi,Lafayette,2550,43,0,34.35687874,-89.48490961,28071.0,4720.561283992669,1.6862745098039216,2507,2531,43,0,2488,2513,54793,19,0,0,19,18
2020-10-28,US,Mississippi,Lamar,2319,40,0,31.20572971,-89.5077704,28073.0,3661.0201600808296,1.7248814144027598,2279,2291,38,0,2253,2271,62447,28,2,0,26,20
2020-10-28,US,Mississippi,Lauderdale,2546,135,0,32.40419769,-88.66229662,28075.0,3434.7386172006745,5.302435192458759,2411,2499,135,0,2364,2485,75317,47,0,0,47,14
2020-10-28,US,Mississippi,Lawrence,544,14,0,31.55147224,-90.10841127,28077.0,4322.2628317177805,2.573529411764706,530,534,14,0,520,525,12455,10,0,0,10,9
2020-10-28,US,Mississippi,Leake,1163,42,0,32.7536828,-89.52402044,28079.0,5104.011234968841,3.6113499570077385,1121,1158,42,0,1116,1152,22763,5,0,0,5,6
2020-10-28,US,Mississippi,Lee,3665,82,0,34.291877500000005,-88.68149954,28081.0,4289.760756589728,2.237380627557981,3583,3640,82,0,3558,3600,85202,25,0,0,25,40
2020-10-28,US,Mississippi,Leflore,1706,88,0,33.55545125,-90.29900733,28083.0,6053.294539261256,5.1582649472450175,1618,1691,88,0,1603,1687,28919,15,0,0,15,4
2020-10-28,US,Mississippi,Lincoln,1433,59,0,31.53288662,-90.45391915,28085.0,4195.824671331949,4.117236566643405,1374,1429,59,0,1370,1411,34205,4,0,0,4,18
2020-10-28,US,Mississippi,Lowndes,1819,62,0,33.47386518,-88.44191529999998,28087.0,3104.3604403106074,3.408466190214404,1757,1812,62,0,1750,1802,58930,7,0,0,7,10
2020-10-28,US,Mississippi,Madison,3861,94,0,32.63389156,-90.03513564,28089.0,3633.130081300813,2.4346024346024344,3767,3843,94,0,3749,3837,105630,18,0,0,18,6
2020-10-28,US,Mississippi,Marion,959,43,0,31.23132643,-89.8209217,28091.0,3902.65738819029,4.483837330552659,916,954,43,0,911,954,24715,5,0,0,5,0
2020-10-28,US,Mississippi,Marshall,1484,30,0,34.76216286,-89.50299462,28093.0,4204.680682268941,2.0215633423180592,1454,1473,30,0,1443,1453,35451,11,0,0,11,20
2020-10-28,US,Mississippi,Monroe,1538,73,0,33.89236763,-88.4808438,28095.0,4362.873028480653,4.746423927178153,1465,1530,73,0,1457,1521,35564,8,0,0,8,9
2020-10-28,US,Mississippi,Montgomery,558,23,0,33.49419589,-89.61729103,28097.0,5708.439897698209,4.121863799283154,535,554,23,0,531,552,10023,4,0,0,4,2
2020-10-28,US,Mississippi,Neshoba,1868,111,0,32.75339664,-89.11726492,28099.0,6415.275774435057,5.942184154175589,1757,1861,111,0,1750,1854,29125,7,0,0,7,7
2020-10-28,US,Mississippi,Newton,872,27,0,32.40021118,-89.11843336,28101.0,4148.824816823675,3.096330275229358,845,868,27,0,841,869,21443,4,0,0,4,-1
2020-10-28,US,Mississippi,Noxubee,602,17,0,33.11009499,-88.56949061,28103.0,5779.015071517712,2.8239202657807314,585,601,17,0,584,599,10535,1,0,0,1,2
2020-10-28,US,Mississippi,Oktibbeha,2048,55,0,33.42491685,-88.87905132,28105.0,4130.114747816968,2.685546875,1993,2037,55,0,1982,2028,49599,11,0,0,11,9
2020-10-28,US,Mississippi,Panola,1720,40,0,34.36398677,-89.95064249,28107.0,5030.416471689284,2.3255813953488373,1680,1706,40,0,1666,1702,34178,14,0,0,14,4
2020-10-28,US,Mississippi,Pearl River,1163,60,0,30.77090935,-89.58677275,28109.0,2094.174844692536,5.1590713671539135,1103,1150,60,0,1090,1145,55387,13,0,0,13,5
2020-10-28,US,Mississippi,Perry,524,23,0,31.17161885,-88.99281835,28111.0,4376.513822767894,4.3893129770992365,501,512,23,0,489,498,11931,12,0,0,12,14
2020-10-28,US,Mississippi,Pike,1406,56,0,31.17507789,-90.40392572,28113.0,3578.7008755854204,3.982930298719773,1350,1404,56,0,1348,1392,39563,2,0,0,2,12
2020-10-28,US,Mississippi,Pontotoc,1506,20,0,34.226046000000004,-89.03636807,28115.0,4680.798160004973,1.3280212483399734,1486,1490,20,0,1470,1479,31833,16,0,0,16,11
2020-10-28,US,Mississippi,Prentiss,1092,20,0,34.61810501,-88.51986294,28117.0,4346.095677783969,1.8315018315018317,1072,1083,20,0,1063,1069,25315,9,0,0,9,14
2020-10-28,US,Mississippi,Quitman,423,6,0,34.25157572,-90.28908,28119.0,6227.915194346289,1.4184397163120568,417,421,6,0,415,420,7051,2,0,0,2,1
2020-10-28,US,Mississippi,Rankin,4046,86,0,32.26469147,-89.94537876,28121.0,2605.766691784042,2.125556104794859,3960,4016,86,0,3930,3982,153902,30,0,0,30,34
2020-10-28,US,Mississippi,Scott,1270,29,0,32.406704100000006,-89.53789439,28123.0,4515.716114350733,2.2834645669291342,1241,1262,29,0,1233,1257,28287,8,0,0,8,5
2020-10-28,US,Mississippi,Sharkey,287,15,0,32.88149103,-90.81595379999999,28125.0,6641.981022911364,5.2264808362369335,272,287,15,0,272,285,4377,0,0,0,0,2
2020-10-28,US,Mississippi,Simpson,1231,49,0,31.91282117,-89.91716179,28127.0,4617.750768999925,3.980503655564582,1182,1223,49,0,1174,1217,26758,8,0,0,8,6
2020-10-28,US,Mississippi,Smith,602,16,0,32.01744532,-89.50644846,28129.0,3782.3573762251813,2.6578073089701,586,598,16,0,582,596,16002,4,0,0,4,2
2020-10-28,US,Mississippi,Stone,491,14,0,30.79187949,-89.11547539,28131.0,2677.792321116929,2.8513238289205702,477,486,14,0,472,477,18717,5,0,0,5,9
2020-10-28,US,Mississippi,Sunflower,1643,49,0,33.60192578,-90.58882684,28133.0,6543.20987654321,2.9823493609251366,1594,1640,49,0,1591,1634,25735,3,0,0,3,6
2020-10-28,US,Mississippi,Tallahatchie,855,26,0,33.95339918,-90.1729398,28135.0,6191.614164675212,3.04093567251462,829,846,26,0,820,845,13987,9,0,0,9,1
2020-10-28,US,Mississippi,Tate,1210,39,0,34.65133709,-89.94485778,28137.0,4272.448006779422,3.2231404958677685,1171,1193,39,0,1154,1177,28759,17,0,0,17,16
2020-10-28,US,Mississippi,Tippah,949,24,0,34.76872156,-88.90988194,28139.0,4310.697251873722,2.528977871443625,925,931,23,0,908,913,21995,18,1,0,17,18
2020-10-28,US,Mississippi,Tishomingo,827,41,0,34.74023475,-88.23917219,28141.0,4266.625393385957,4.957678355501813,786,822,41,0,781,816,19454,5,0,0,5,6
2020-10-28,US,Mississippi,Tunica,537,17,0,34.64967704,-90.37481167,28143.0,5575.166112956812,3.165735567970205,520,536,17,0,519,535,9944,1,0,0,1,1
2020-10-28,US,Mississippi,Union,1258,25,0,34.49162015,-89.00776006,28145.0,4365.7817109144535,1.987281399046105,1233,1197,25,0,1172,1192,28606,61,0,0,61,5
2020-10-28,US,Mississippi,Walthall,644,27,0,31.14971548,-90.10446654,28147.0,4507.909841803164,4.192546583850931,617,641,27,0,614,640,14465,3,0,0,3,1
2020-10-28,US,Mississippi,Warren,1561,56,0,32.35810271,-90.83352619,28149.0,3439.765540644764,3.5874439461883414,1505,1560,56,0,1504,1551,46176,1,0,0,1,9
2020-10-28,US,Mississippi,Washington,2627,100,0,33.28392041,-90.94196237,28151.0,5982.828121797354,3.806623524933384,2527,2603,99,0,2504,2592,45063,24,1,0,23,11
2020-10-28,US,Mississippi,Wayne,1027,22,0,31.64135687,-88.69573913,28153.0,5088.440766982114,2.142161635832522,1005,1027,22,0,1005,1020,20298,0,0,0,0,7
2020-10-28,US,Mississippi,Webster,378,13,0,33.61300486,-89.28392912,28155.0,3901.3314067499214,3.4391534391534386,365,378,13,0,365,376,9788,0,0,0,0,2
2020-10-28,US,Mississippi,Wilkinson,342,21,0,31.16078225,-91.31018819,28157.0,3962.920046349942,6.140350877192982,321,338,20,0,318,338,8792,4,1,0,3,0
2020-10-28,US,Mississippi,Winston,852,21,0,33.08747908,-89.03391385,28159.0,4745.196324143692,2.4647887323943656,831,846,21,0,825,844,18165,6,0,0,6,2
2020-10-28,US,Mississippi,Yalobusha,564,16,0,34.02824175,-89.70762049999998,28161.0,4658.0773042616465,2.8368794326241136,548,556,14,0,542,549,12392,8,2,0,6,7
2020-10-28,US,Mississippi,Yazoo,1234,34,0,32.77890365,-90.39656148,28163.0,4156.281576288313,2.7552674230145873,1200,1227,34,0,1193,1226,28248,7,0,0,7,1
2020-10-28,US,Missouri,Adair,531,0,0,40.19058551,-92.60078167,29001.0,2095.2531270962395,0.0,531,519,0,0,519,510,25339,12,0,0,12,9
2020-10-28,US,Missouri,Andrew,450,8,0,39.98492163,-94.80163024,29003.0,2540.650406504065,1.7777777777777777,442,443,8,0,435,441,17607,7,0,0,7,2
2020-10-28,US,Missouri,Atchison,77,1,0,40.43238737,-95.42970639,29005.0,1497.180633871281,1.2987012987012987,76,77,1,0,76,77,5171,0,0,0,0,0
2020-10-28,US,Missouri,Audrain,588,10,0,39.215877,-91.84242683,29007.0,2316.054829053096,1.7006802721088434,578,586,11,0,575,577,25473,2,-1,0,3,9
2020-10-28,US,Missouri,Barry,844,9,0,36.70978521,-93.82919888,29009.0,2358.266506468468,1.0663507109004742,835,816,9,0,807,808,35886,28,0,0,28,8
2020-10-28,US,Missouri,Barton,436,3,0,37.50207671,-94.34757022,29011.0,3709.3755317338787,0.6880733944954128,433,432,3,0,429,426,11798,4,0,0,4,6
2020-10-28,US,Missouri,Bates,253,5,0,38.25271289,-94.34113157,29013.0,1564.4323522137024,1.9762845849802368,248,252,5,0,247,250,16320,1,0,0,1,2
2020-10-28,US,Missouri,Benton,484,5,0,38.29503305,-93.28756116,29015.0,2489.3277786349845,1.033057851239669,479,482,5,0,477,481,19278,2,0,0,2,1
2020-10-28,US,Missouri,Bollinger,511,2,0,37.32449052,-90.02725304,29017.0,4211.654166323251,0.3913894324853229,509,476,2,0,474,471,12169,35,0,0,35,5
2020-10-28,US,Missouri,Boone,6091,14,0,38.99186229,-92.30723575,29019.0,3375.207106165806,0.2298473157117058,6077,5978,14,0,5964,5961,180005,113,0,0,113,17
2020-10-28,US,Missouri,Buchanan,2985,41,0,39.65816401,-94.80138942,29021.0,3416.7391602948583,1.3735343383584588,2944,2976,40,0,2936,2965,88571,9,1,0,8,11
2020-10-28,US,Missouri,Butler,1251,8,0,36.71462476,-90.40421163,29023.0,2945.053910259429,0.6394884092725819,1243,1188,8,0,1180,1177,42639,63,0,0,63,11
2020-10-28,US,Missouri,Caldwell,174,1,0,39.65620858,-93.98308093,29025.0,1929.0465631929046,0.5747126436781609,173,170,1,0,169,171,9108,4,0,0,4,-1
2020-10-28,US,Missouri,Callaway,1256,5,0,38.83674754,-91.92186505,29027.0,2807.1430167847484,0.3980891719745223,1251,1216,5,0,1211,1204,44889,40,0,0,40,12
2020-10-28,US,Missouri,Camden,1611,35,0,38.02199522,-92.76083747,29029.0,3479.10592808552,2.172563625077592,1576,1602,34,0,1568,1584,45815,9,1,0,8,18
2020-10-28,US,Missouri,Cape Girardeau,2696,50,0,37.38489388,-89.6843587,29031.0,3418.239910740323,1.8545994065281897,2646,2690,50,0,2640,2645,78753,6,0,0,6,45
2020-10-28,US,Missouri,Carroll,199,3,0,39.42762566,-93.50626255,29033.0,2292.8908860467795,1.5075376884422111,196,195,3,0,192,190,8743,4,0,0,4,5
2020-10-28,US,Missouri,Carter,179,3,0,36.94160441,-90.96051322,29035.0,2992.3102641257105,1.675977653631285,176,176,3,0,173,174,6054,3,0,0,3,2
2020-10-28,US,Missouri,Cass,2092,30,0,38.64789422,-94.353399,29037.0,1977.6895443373041,1.4340344168260035,2062,2058,30,0,2028,2020,104954,34,0,0,34,38
2020-10-28,US,Missouri,Cedar,238,4,0,37.72391475,-93.85445441,29039.0,1658.652170882989,1.680672268907563,234,232,4,0,228,228,14165,6,0,0,6,4
2020-10-28,US,Missouri,Chariton,61,0,0,39.51499357,-92.9629191,29041.0,821.4381901427417,0.0,61,60,0,0,60,60,7451,1,0,0,1,0
2020-10-28,US,Missouri,Christian,2316,13,0,36.9711783,-93.18537118,29043.0,2614.143010327897,0.5613126079447323,2303,2299,13,0,2286,2263,86983,17,0,0,17,36
2020-10-28,US,Missouri,Clark,113,1,0,40.41040752,-91.73661677,29045.0,1662.4981609533618,0.8849557522123894,112,113,1,0,112,113,6842,0,0,0,0,0
2020-10-28,US,Missouri,Clay,2570,49,0,39.31132056,-94.41850862,29047.0,1028.2138684846448,1.906614785992218,2521,2536,49,0,2487,2504,246365,34,0,0,34,32
2020-10-28,US,Missouri,Clinton,509,19,0,39.6013098,-94.40465394,29049.0,2496.6890665620253,3.7328094302554033,490,502,17,0,485,495,20470,7,2,0,5,7
2020-10-28,US,Missouri,Cole,3006,24,0,38.50455671,-92.27860244,29051.0,3916.8675483744873,0.7984031936127745,2982,2962,22,0,2940,2935,76796,44,2,0,42,27
2020-10-28,US,Missouri,Cooper,626,3,0,38.844478,-92.80896081,29053.0,3534.9257439719922,0.4792332268370607,623,613,3,0,610,609,17603,13,0,0,13,4
2020-10-28,US,Missouri,Crawford,646,8,0,37.97663738,-91.30528104,29055.0,2700.6688963210704,1.238390092879257,638,639,8,0,631,629,23957,7,0,0,7,10
2020-10-28,US,Missouri,Dade,142,0,0,37.431814,-93.8503345,29057.0,1878.0584578759424,0.0,142,140,0,0,140,140,7569,2,0,0,2,0
2020-10-28,US,Missouri,Dallas,364,1,0,37.681135499999996,-93.02127031,29059.0,2156.6536319469133,0.27472527472527475,363,359,1,0,358,349,16762,5,0,0,5,10
2020-10-28,US,Missouri,Daviess,222,3,0,39.96145298,-93.98519678,29061.0,2681.807199806717,1.351351351351351,219,222,3,0,219,223,8313,0,0,0,0,-1
2020-10-28,US,Missouri,DeKalb,302,2,0,39.89201062,-94.40476508,29063.0,2406.949868494461,0.6622516556291391,300,301,2,0,299,300,12630,1,0,0,1,1
2020-10-28,US,Missouri,Dent,257,3,0,37.60663134,-91.50790473,29065.0,1650.2921723495795,1.1673151750972763,254,256,3,0,253,251,15441,1,0,0,1,5
2020-10-28,US,Missouri,Douglas,288,12,0,36.9325593,-92.49905109,29067.0,2184.3003412969283,4.166666666666667,276,288,12,0,276,285,13373,0,0,0,0,3
2020-10-28,US,Missouri,Dunklin,1147,12,0,36.27167174,-90.09122243,29069.0,3937.386289519756,1.0462074978204008,1135,1130,12,0,1118,1118,29423,17,0,0,17,12
2020-10-28,US,Missouri,Franklin,2723,44,0,38.41127108,-91.07522826,29071.0,2619.100291438629,1.615864854939405,2679,2694,44,0,2650,2659,103670,29,0,0,29,35
2020-10-28,US,Missouri,Gasconade,265,24,0,38.43947277,-91.50847147,29073.0,1801.9855841153271,9.056603773584905,241,260,24,0,236,257,14705,5,0,0,5,3
2020-10-28,US,Missouri,Gentry,184,10,0,40.21097916,-94.40944419,29075.0,2800.182620605692,5.434782608695652,174,183,10,0,173,183,6628,1,0,0,1,0
2020-10-28,US,Missouri,Greene,9098,131,0,37.2575872,-93.34230916,29077.0,3104.2083211071154,1.4398768960211037,8967,9019,126,0,8893,8944,291923,79,5,0,74,75
2020-10-28,US,Missouri,Grundy,264,11,0,40.11406587,-93.56509276,29079.0,2680.203045685279,4.166666666666667,253,259,11,0,248,259,9914,5,0,0,5,0
2020-10-28,US,Missouri,Harrison,190,1,0,40.35570088,-93.99222144,29081.0,2274.904214559387,0.5263157894736842,189,189,1,0,188,189,8414,1,0,0,1,0
2020-10-28,US,Missouri,Henry,386,7,0,38.38482826,-93.79293734,29083.0,1768.6950146627564,1.8134715025906736,379,378,7,0,371,377,21792,8,0,0,8,1
2020-10-28,US,Missouri,Hickory,211,3,0,37.94163617,-93.3203037,29085.0,2210.81307627829,1.4218009478672986,208,203,3,0,200,198,9509,8,0,0,8,5
2020-10-28,US,Missouri,Holt,120,1,0,40.09799248,-95.21638879999999,29087.0,2725.414490120373,0.8333333333333334,119,116,1,0,115,115,4404,4,0,0,4,1
2020-10-28,US,Missouri,Howard,249,2,0,39.1435761,-92.69756691,29089.0,2489.7510248975104,0.8032128514056225,247,247,2,0,245,245,10137,2,0,0,2,2
2020-10-28,US,Missouri,Howell,1188,10,0,36.77383887,-91.88683935,29091.0,2961.338086098163,0.8417508417508418,1178,1173,10,0,1163,1140,40076,15,0,0,15,33
2020-10-28,US,Missouri,Iron,102,0,0,37.55487945,-90.7735296,29093.0,1007.4074074074074,0.0,102,103,0,0,103,99,10177,-1,0,0,-1,4
2020-10-28,US,Missouri,Jackson,10144,126,0,39.01002188,-94.34724536,29095.0,1442.9361702732958,1.2421135646687698,10018,10033,123,0,9910,9944,700307,111,3,0,108,89
2020-10-28,US,Missouri,Jasper,5329,75,0,37.20351921,-94.34050458,29097.0,4392.22603191349,1.40739350722462,5254,5235,73,0,5162,5170,120636,94,2,0,92,65
2020-10-28,US,Missouri,Jefferson,5644,84,0,38.25926778,-90.53870896,29099.0,2507.5417294218532,1.48830616583983,5560,5597,84,0,5513,5531,224347,47,0,0,47,66
2020-10-28,US,Missouri,Johnson,1503,10,0,38.74719601,-93.80691168,29101.0,2780.1413192260743,0.6653359946773121,1493,1494,10,0,1484,1487,53652,9,0,0,9,7
2020-10-28,US,Missouri,Kansas City,14583,200,0,39.0997,-94.5786,0.0,2982.5562488879077,1.3714599190838648,14383,14435,196,0,14239,14313,491918,148,4,0,144,122
2020-10-28,US,Missouri,Knox,64,1,0,40.12699751,-92.14780832,29103.0,1616.5698408689066,1.5625,63,64,1,0,63,64,3947,0,0,0,0,0
2020-10-28,US,Missouri,Laclede,1213,22,0,37.65896829,-92.5888493,29105.0,3395.571480558744,1.8136850783182192,1191,1197,22,0,1175,1188,35713,16,0,0,16,9
2020-10-28,US,Missouri,Lafayette,854,24,0,39.06986886,-93.78076396,29107.0,2610.9820227467285,2.8103044496487115,830,845,24,0,821,831,32598,9,0,0,9,14
2020-10-28,US,Missouri,Lawrence,1126,21,0,37.10626634,-93.83293097,29109.0,2935.7319775778906,1.8650088809946717,1105,1105,21,0,1084,1096,38359,21,0,0,21,9
2020-10-28,US,Missouri,Lewis,204,2,0,40.09673161,-91.72070156,29111.0,2086.7430441898528,0.9803921568627452,202,201,2,0,199,198,9855,3,0,0,3,3
2020-10-28,US,Missouri,Lincoln,1224,5,0,39.05345619,-90.95588181,29113.0,2074.119261857557,0.4084967320261438,1219,1205,5,0,1200,1191,57686,19,0,0,19,14
2020-10-28,US,Missouri,Linn,164,4,0,39.87001769,-93.10704106,29115.0,1375.8389261744967,2.4390243902439024,160,161,4,0,157,160,12037,3,0,0,3,1
2020-10-28,US,Missouri,Livingston,562,8,0,39.78110272,-93.54645978,29117.0,3690.812372758915,1.4234875444839858,554,558,8,0,550,557,15146,4,0,0,4,1
2020-10-28,US,Missouri,Macon,223,1,0,39.83049768,-92.56453089,29121.0,1475.1604154263412,0.4484304932735426,222,212,1,0,211,207,15153,11,0,0,11,5
2020-10-28,US,Missouri,Madison,508,3,0,37.47865134,-90.34671429999999,29123.0,4202.514890800794,0.5905511811023622,505,499,3,0,496,494,12188,9,0,0,9,5
2020-10-28,US,Missouri,Maries,192,0,0,38.16193985,-91.92249662,29125.0,2207.657813038979,0.0,192,187,0,0,187,185,8769,5,0,0,5,2
2020-10-28,US,Missouri,Marion,938,14,0,39.80601912,-91.62203062,29127.0,3287.767262530669,1.492537313432836,924,929,14,0,915,906,28592,9,0,0,9,23
2020-10-28,US,Missouri,McDonald,1223,12,0,36.62869595,-94.34867205,29119.0,5355.344397250076,0.98119378577269,1211,1217,11,0,1206,1215,23078,6,1,0,5,2
2020-10-28,US,Missouri,Mercer,31,0,0,40.42212303,-93.56829590000001,29129.0,857.0638650815595,0.0,31,31,0,0,31,31,3641,0,0,0,0,0
2020-10-28,US,Missouri,Miller,886,11,0,38.21450288,-92.42610898,29131.0,3458.370740466061,1.2415349887133182,875,878,9,0,869,865,25336,8,2,0,6,13
2020-10-28,US,Missouri,Mississippi,447,6,0,36.82516239,-89.29505753,29133.0,3391.502276176024,1.342281879194631,441,443,6,0,437,439,13336,4,0,0,4,4
2020-10-28,US,Missouri,Moniteau,634,11,0,38.63571781,-92.57976951,29135.0,3930.076865856682,1.7350157728706626,623,623,10,0,613,618,16121,11,1,0,10,5
2020-10-28,US,Missouri,Monroe,169,2,0,39.49593978,-92.00043978,29137.0,1955.1133734382227,1.183431952662722,167,165,2,0,163,161,8664,4,0,0,4,4
2020-10-28,US,Missouri,Montgomery,163,1,0,38.94022054,-91.47000721,29139.0,1411.13323521773,0.6134969325153374,162,157,1,0,156,144,11534,6,0,0,6,13
2020-10-28,US,Missouri,Morgan,682,7,0,38.4181765,-92.88791859,29141.0,3306.346051291996,1.0263929618768328,675,672,7,0,665,665,20358,10,0,0,10,7
2020-10-28,US,Missouri,New Madrid,782,22,0,36.59666326,-89.66070007,29143.0,4579.526821269618,2.8132992327365733,760,774,22,0,752,770,17296,8,0,0,8,4
2020-10-28,US,Missouri,Newton,2045,21,0,36.90519407,-94.3394104,29145.0,3511.5735970877117,1.0268948655256724,2024,2031,21,0,2010,2019,58266,14,0,0,14,12
2020-10-28,US,Missouri,Nodaway,1141,11,0,40.36079813,-94.88133008,29147.0,5164.765525982256,0.9640666082383874,1130,1128,11,0,1117,1128,22304,13,0,0,13,0
2020-10-28,US,Missouri,Oregon,233,0,0,36.68710164,-91.4033755,29149.0,2212.935701396144,0.0,233,232,0,0,232,228,10541,1,0,0,1,4
2020-10-28,US,Missouri,Osage,494,3,0,38.46036182,-91.8613635,29151.0,3628.3510833639366,0.6072874493927125,491,488,3,0,485,484,13714,6,0,0,6,4
2020-10-28,US,Missouri,Ozark,214,1,0,36.64916339,-92.44459066,29153.0,2332.6793110965773,0.4672897196261682,213,211,1,0,210,209,9017,3,0,0,3,2
2020-10-28,US,Missouri,Pemiscot,736,12,0,36.2130572,-89.78742322,29155.0,4656.754191711484,1.6304347826086956,724,730,12,0,718,720,16272,6,0,0,6,10
2020-10-28,US,Missouri,Perry,814,8,0,37.70660776,-89.82741088,29157.0,4253.7625418060215,0.9828009828009828,806,812,8,0,804,809,19150,2,0,0,2,3
2020-10-28,US,Missouri,Pettis,1630,19,0,38.72798918,-93.28471706,29159.0,3849.878362738845,1.1656441717791408,1611,1617,17,0,1600,1607,42542,13,2,0,11,10
2020-10-28,US,Missouri,Phelps,852,24,0,37.87736118,-91.79351727,29161.0,1911.4710699302268,2.8169014084507036,828,838,24,0,814,830,44732,14,0,0,14,8
2020-10-28,US,Missouri,Pike,354,8,0,39.34310674,-91.16980779,29163.0,1934.2148399082068,2.2598870056497176,346,351,8,0,343,351,18504,3,0,0,3,0
2020-10-28,US,Missouri,Platte,1010,13,0,39.38154439,-94.77068479,29165.0,967.2661801605087,1.2871287128712872,997,991,13,0,978,977,102985,19,0,0,19,14
2020-10-28,US,Missouri,Polk,973,10,0,37.616229600000004,-93.39828174,29167.0,3026.5327070826465,1.027749229188078,963,942,10,0,932,937,32201,31,0,0,31,5
2020-10-28,US,Missouri,Pulaski,1020,11,0,37.82462075,-92.20783203,29169.0,1938.9054688539547,1.0784313725490196,1009,1003,11,0,992,979,52014,17,0,0,17,24
2020-10-28,US,Missouri,Putnam,57,1,0,40.47942497,-93.02042674,29171.0,1213.7989778534925,1.7543859649122806,56,57,1,0,56,56,4757,0,0,0,0,1
2020-10-28,US,Missouri,Ralls,210,0,0,39.52817427,-91.51838643,29173.0,2037.0550004850131,0.0,210,207,0,0,207,202,10212,3,0,0,3,5
2020-10-28,US,Missouri,Randolph,627,3,0,39.44007257,-92.49713740000001,29175.0,2533.5380636819136,0.4784688995215311,624,616,3,0,613,606,24763,11,0,0,11,10
2020-10-28,US,Missouri,Ray,281,2,0,39.353746799999996,-93.98905745,29177.0,1220.7837344686764,0.7117437722419929,279,274,2,0,272,273,22883,7,0,0,7,1
2020-10-28,US,Missouri,Reynolds,83,1,0,37.36085952,-90.97009925,29179.0,1323.7639553429026,1.2048192771084338,82,80,1,0,79,71,6254,3,0,0,3,9
2020-10-28,US,Missouri,Ripley,273,4,0,36.65460667,-90.85990261,29181.0,2054.4852498494884,1.465201465201465,269,271,4,0,267,266,13401,2,0,0,2,5
2020-10-28,US,Missouri,Saline,955,10,0,39.13734288,-93.20259964,29195.0,4195.773472167304,1.0471204188481675,945,952,10,0,942,951,22895,3,0,0,3,1
2020-10-28,US,Missouri,Schuyler,42,0,0,40.46921489,-92.52311943,29197.0,901.2875536480688,0.0,42,41,0,0,41,41,4599,1,0,0,1,0
2020-10-28,US,Missouri,Scotland,73,1,0,40.45214695,-92.14709064,29199.0,1489.188086495308,1.3698630136986298,72,73,1,0,72,72,4966,0,0,0,0,1
2020-10-28,US,Missouri,Scott,1434,25,0,37.05588075,-89.56474493,29201.0,3746.0815047021943,1.7433751743375174,1409,1429,25,0,1404,1407,38458,5,0,0,5,22
2020-10-28,US,Missouri,Shannon,243,4,0,37.15772072,-91.40190382,29203.0,2975.7531227038953,1.6460905349794241,239,243,4,0,239,236,8189,0,0,0,0,7
2020-10-28,US,Missouri,Shelby,110,1,0,39.79742518,-92.07634971,29205.0,1854.9747048903878,0.9090909090909092,109,107,1,0,106,108,6050,3,0,0,3,-1
2020-10-28,US,Missouri,St. Charles,10949,147,0,38.77875681,-90.66662425,29183.0,2723.482794473934,1.3425883642341767,10802,10827,147,0,10680,10684,399182,122,0,0,122,143
2020-10-28,US,Missouri,St. Clair,123,1,0,38.03699437,-93.77631447,29185.0,1308.9283813983184,0.8130081300813008,122,121,1,0,120,120,9395,2,0,0,2,1
2020-10-28,US,Missouri,St. Francois,2887,27,0,37.81214171,-90.47598685,29187.0,4295.172208584393,0.9352268791132664,2860,2862,27,0,2835,2839,66692,25,0,0,25,23
2020-10-28,US,Missouri,St. Louis,30566,886,0,38.63770039999999,-90.4458375,29189.0,3074.4162421231035,2.8986455538834,29680,30135,885,0,29250,29962,996945,431,1,0,430,173
2020-10-28,US,Missouri,St. Louis City,8478,221,0,38.63555736,-90.24349225,29510.0,2820.584477802619,2.6067468742627984,8257,8428,221,0,8207,8368,302838,50,0,0,50,60
2020-10-28,US,Missouri,Ste. Genevieve,405,1,0,37.89090059,-90.1949941,29186.0,2263.328489996647,0.2469135802469136,404,398,1,0,397,396,17888,7,0,0,7,2
2020-10-28,US,Missouri,Stoddard,893,15,0,36.85571651,-89.9444155,29207.0,3076.65805340224,1.6797312430011198,878,876,15,0,861,870,29206,17,0,0,17,6
2020-10-28,US,Missouri,Stone,712,9,0,36.75000327,-93.45256475,29209.0,2228.3425137706563,1.2640449438202248,703,696,9,0,687,689,31749,16,0,0,16,7
2020-10-28,US,Missouri,Sullivan,319,1,0,40.2099105,-93.11150106,29211.0,5238.955493512892,0.31347962382445144,318,315,1,0,314,305,6221,4,0,0,4,10
2020-10-28,US,Missouri,Taney,1752,33,0,36.65465345,-93.04075153,29213.0,3132.599055929052,1.8835616438356164,1719,1725,33,0,1692,1714,55852,27,0,0,27,11
2020-10-28,US,Missouri,Texas,594,3,0,37.31728859,-91.96564727,29215.0,2338.7668320340185,0.5050505050505051,591,590,3,0,587,587,25571,4,0,0,4,3
2020-10-28,US,Missouri,Vernon,343,3,0,37.8457799,-94.34127305,29217.0,1668.0445460292758,0.8746355685131195,340,336,3,0,333,331,20528,7,0,0,7,5
2020-10-28,US,Missouri,Warren,636,1,0,38.76529479,-91.16124662,29219.0,1784.0612639905746,0.15723270440251572,635,629,1,0,628,622,34711,7,0,0,7,7
2020-10-28,US,Missouri,Washington,673,19,0,37.96130078,-90.87948158,29221.0,2721.3910230489278,2.823179791976226,654,667,18,0,649,662,24943,6,1,0,5,5
2020-10-28,US,Missouri,Wayne,309,1,0,37.11303869,-90.46001416,29223.0,2400.372873456071,0.32362459546925565,308,307,1,0,306,307,13122,2,0,0,2,0
2020-10-28,US,Missouri,Webster,1164,13,0,37.2813734,-92.876329,29225.0,2939.987876338654,1.1168384879725086,1151,1146,13,0,1133,1142,39109,18,0,0,18,4
2020-10-28,US,Missouri,Worth,34,0,0,40.47945588,-94.42328751,29227.0,1689.021361152509,0.0,34,34,0,0,34,34,2040,0,0,0,0,0
2020-10-28,US,Missouri,Wright,591,7,0,37.27029221,-92.46914488,29229.0,3231.4505987205425,1.1844331641285957,584,589,5,0,584,586,18378,2,2,0,0,3
2020-10-28,US,Montana,Beaverhead,275,1,0,45.13434354,-112.89846940000001,30001.0,2909.129376917381,0.3636363636363637,274,269,1,0,268,263,9404,6,0,0,6,6
2020-10-28,US,Montana,Big Horn,1362,36,0,45.42335905,-107.492347,30003.0,10225.992942413091,2.643171806167401,1326,1358,36,0,1322,1338,13338,4,0,0,4,20
2020-10-28,US,Montana,Blaine,308,7,0,48.43175214,-108.9582723,30005.0,4610.088310133214,2.272727272727273,301,300,3,0,297,293,6807,8,4,0,4,7
2020-10-28,US,Montana,Broadwater,77,0,0,46.33277565,-111.49558130000001,30007.0,1234.5679012345681,0.0,77,77,0,0,77,71,6085,0,0,0,0,6
2020-10-28,US,Montana,Carbon,241,0,0,45.22850116,-109.0274047,30009.0,2247.086247086247,0.0,241,235,0,0,235,232,10714,6,0,0,6,3
2020-10-28,US,Montana,Carter,66,0,0,45.5197966,-104.53955359999999,30011.0,5271.5654952076675,0.0,66,56,0,0,56,53,1238,10,0,0,10,3
2020-10-28,US,Montana,Cascade,1904,13,0,47.30797024,-111.3467922,30013.0,2340.0437529189107,0.6827731092436975,1891,1821,6,0,1815,1732,81643,83,7,0,76,89
2020-10-28,US,Montana,Chouteau,102,0,0,47.88084126,-110.4353362,30015.0,1810.1153504880206,0.0,102,102,0,0,102,99,5745,0,0,0,0,3
2020-10-28,US,Montana,Custer,301,3,0,46.25319932,-105.57375259999998,30017.0,2639.887738993159,0.9966777408637874,298,296,3,0,293,277,11586,5,0,0,5,19
2020-10-28,US,Montana,Daniels,36,1,0,48.78420029,-105.54763429999998,30019.0,2130.1775147928993,2.7777777777777777,35,32,1,0,31,32,1747,4,0,0,4,0
2020-10-28,US,Montana,Dawson,235,4,0,47.26584855,-104.89444170000002,30021.0,2728.4337629165216,1.702127659574468,231,228,4,0,224,219,8680,7,0,0,7,9
2020-10-28,US,Montana,Deer Lodge,432,1,0,46.05953325,-113.073353,30023.0,4726.477024070022,0.2314814814814815,431,429,1,0,428,423,9131,3,0,0,3,6
2020-10-28,US,Montana,Fallon,63,0,0,46.33478338,-104.41835649999999,30025.0,2213.633169360506,0.0,63,62,0,0,62,59,2920,1,0,0,1,3
2020-10-28,US,Montana,Fergus,211,2,0,47.26331584,-109.2245206,30027.0,1909.5022624434393,0.9478672985781992,209,210,2,0,208,207,11113,1,0,0,1,3
2020-10-28,US,Montana,Flathead,3241,26,0,48.29575866,-114.05205690000001,30029.0,3122.1702021077776,0.8022215365627893,3215,3176,26,0,3150,3084,102106,65,0,0,65,92
2020-10-28,US,Montana,Gallatin,3036,6,0,45.54486106,-111.1692571,30031.0,2653.0576576891485,0.1976284584980237,3030,2959,6,0,2953,2896,111876,77,0,0,77,63
2020-10-28,US,Montana,Garfield,23,0,0,47.27545948,-107.0002351,30033.0,1828.2988871224163,0.0,23,34,0,0,34,34,1268,-11,0,0,-11,0
2020-10-28,US,Montana,Glacier,930,13,0,48.70513576,-112.9934235,30035.0,6762.160983058242,1.3978494623655917,917,932,10,0,922,859,13747,-2,3,0,-5,73
2020-10-28,US,Montana,Golden Valley,16,0,0,46.3816474,-109.17685220000001,30037.0,1948.84287454324,0.0,16,16,0,0,16,15,826,0,0,0,0,1
2020-10-28,US,Montana,Granite,66,0,0,46.40605220000001,-113.4414186,30039.0,1953.2406037289136,0.0,66,63,0,0,63,63,3378,3,0,0,3,0
2020-10-28,US,Montana,Hill,813,19,0,48.62879827,-110.1129252,30041.0,4932.055326377093,2.3370233702337018,794,779,19,0,760,737,16347,34,0,0,34,42
2020-10-28,US,Montana,Jefferson,168,0,0,46.14907081,-112.094396,30043.0,1374.6829228377387,0.0,168,165,0,0,165,156,12097,3,0,0,3,9
2020-10-28,US,Montana,Judith Basin,14,0,0,47.04581276,-110.26606880000001,30045.0,697.5585450921774,0.0,14,14,0,0,14,14,1952,0,0,0,0,0
2020-10-28,US,Montana,Lake,560,4,0,47.64514965,-114.0898013,30047.0,1838.5974128307835,0.7142857142857143,556,550,2,0,548,535,30250,10,2,0,8,15
2020-10-28,US,Montana,Lewis and Clark,972,5,0,47.12610041,-112.39469799999999,30049.0,1399.930867611476,0.51440329218107,967,940,5,0,935,860,68700,32,0,0,32,80
2020-10-28,US,Montana,Liberty,31,0,0,48.56084317,-111.02430700000001,30051.0,1326.4869490800172,0.0,31,31,0,0,31,28,2430,0,0,0,0,3
2020-10-28,US,Montana,Lincoln,306,3,0,48.54265777,-115.4046155,30053.0,1531.5315315315313,0.9803921568627452,303,301,3,0,298,296,19794,5,0,0,5,5
2020-10-28,US,Montana,Madison,170,1,0,45.30080065,-111.9173017,30057.0,1976.7441860465121,0.5882352941176471,169,170,1,0,169,165,8768,0,0,0,0,5
2020-10-28,US,Montana,McCone,62,0,0,47.64469406,-105.79449939999999,30055.0,3725.9615384615386,0.0,62,61,0,0,61,61,1675,1,0,0,1,0
2020-10-28,US,Montana,Meagher,79,4,0,46.59907074,-110.8898557,30059.0,4242.7497314715365,5.063291139240507,75,76,4,0,72,69,1866,3,0,0,3,7
2020-10-28,US,Montana,Mineral,15,0,0,47.15283992,-115.00152390000001,30061.0,341.14168751421425,0.0,15,15,0,0,15,15,4316,0,0,0,0,0
2020-10-28,US,Montana,Missoula,2164,13,0,47.03728583,-113.92135079999998,30063.0,1809.3645484949832,0.6007393715341961,2151,2155,10,0,2145,2093,118791,9,3,0,6,62
2020-10-28,US,Montana,Musselshell,110,1,0,46.49684637,-108.39498,30065.0,2374.271530325923,0.9090909090909092,109,102,1,0,101,101,4651,8,0,0,8,1
2020-10-28,US,Montana,Park,247,0,0,45.48965095,-110.52643940000002,30067.0,1487.4141876430206,0.0,247,246,0,0,246,245,16736,1,0,0,1,1
2020-10-28,US,Montana,Petroleum,3,0,0,47.118246299999996,-108.2508876,30069.0,616.0164271047228,0.0,3,3,0,0,3,3,513,0,0,0,0,0
2020-10-28,US,Montana,Phillips,170,0,0,48.25936577,-107.9128511,30071.0,4299.4436014162875,0.0,170,164,0,0,164,163,4074,6,0,0,6,1
2020-10-28,US,Montana,Pondera,179,1,0,48.22773388,-112.22527029999999,30073.0,3028.252410759601,0.5586592178770949,178,160,1,0,159,146,5972,19,0,0,19,14
2020-10-28,US,Montana,Powder River,59,5,0,45.39617714,-105.636738,30075.0,3507.728894173603,8.474576271186441,54,54,5,0,49,54,1716,5,0,0,5,0
2020-10-28,US,Montana,Powell,112,0,0,46.85538891,-112.93591640000001,30077.0,1625.5442670537009,0.0,112,110,0,0,110,110,6968,2,0,0,2,0
2020-10-28,US,Montana,Prairie,33,0,0,46.86048047,-105.379384,30079.0,3064.066852367688,0.0,33,32,0,0,32,32,1087,1,0,0,1,0
2020-10-28,US,Montana,Ravalli,475,4,0,46.08520862,-114.11891640000002,30081.0,1084.32634798886,0.8421052631578947,471,450,4,0,446,425,43172,25,0,0,25,25
2020-10-28,US,Montana,Richland,331,5,0,47.78668011,-104.5610786,30083.0,3063.963713783209,1.5105740181268883,326,323,5,0,318,304,10913,8,0,0,8,19
2020-10-28,US,Montana,Roosevelt,935,19,0,48.29607488,-105.00792679999999,30085.0,8496.910214467467,2.0320855614973263,916,931,19,0,912,903,11059,4,0,0,4,28
2020-10-28,US,Montana,Rosebud,766,21,0,46.23397237,-106.72928799999998,30087.0,8571.108873223677,2.741514360313316,745,754,21,0,733,751,9063,12,0,0,12,3
2020-10-28,US,Montana,Sanders,97,2,0,47.67657534,-115.1329916,30089.0,800.7925369437794,2.061855670103093,95,97,2,0,95,96,11844,0,0,0,0,1
2020-10-28,US,Montana,Sheridan,73,0,0,48.72085833,-104.50382900000001,30091.0,2206.104563312179,0.0,73,67,0,0,67,66,3424,6,0,0,6,1
2020-10-28,US,Montana,Silver Bow,575,0,0,45.90018933,-112.6620092,30093.0,1646.8566518688242,0.0,575,569,0,0,569,556,34993,6,0,0,6,13
2020-10-28,US,Montana,Stillwater,210,3,0,45.67071407,-109.3950061,30095.0,2177.9713752333537,1.4285714285714286,207,208,3,0,205,201,9534,2,0,0,2,7
2020-10-28,US,Montana,Sweet Grass,82,2,0,45.81367654,-109.9425686,30097.0,2194.2734814021937,2.4390243902439024,80,81,2,0,79,74,3710,1,0,0,1,7
2020-10-28,US,Montana,Teton,89,0,0,47.83741052,-112.24106880000001,30099.0,1447.8607450789002,0.0,89,88,0,0,88,88,6162,1,0,0,1,0
2020-10-28,US,Montana,Toole,311,6,0,48.65577551,-111.69424140000001,30101.0,6566.7229729729725,1.929260450160772,305,310,6,0,304,309,4853,1,0,0,1,1
2020-10-28,US,Montana,Treasure,22,1,0,46.20973220000001,-107.26665159999999,30103.0,3160.919540229885,4.545454545454546,21,22,1,0,21,22,679,0,0,0,0,0
2020-10-28,US,Montana,Valley,343,4,0,48.36435097,-106.6669635,30105.0,4637.641968631693,1.1661807580174928,339,341,4,0,337,331,7437,2,0,0,2,10
2020-10-28,US,Montana,Wheatland,67,2,0,46.46652491,-109.84646359999999,30107.0,3151.4581373471306,2.985074626865672,65,66,2,0,64,64,2236,1,0,0,1,2
2020-10-28,US,Montana,Wibaux,42,0,0,46.95925154,-104.2510927,30109.0,4334.3653250774,0.0,42,41,0,0,41,41,1034,1,0,0,1,0
2020-10-28,US,Montana,Yellowstone,6356,87,0,45.93955949,-108.26914860000001,30111.0,3940.483570985741,1.368785399622404,6269,6215,86,0,6129,6138,160137,141,1,0,140,77
2020-10-28,US,Nebraska,Adams,878,15,0,40.52449420000001,-98.50117804,31001.0,2799.4770908395244,1.7084282460136675,863,861,15,0,846,839,31511,17,0,0,17,22
2020-10-28,US,Nebraska,Antelope,166,1,0,42.17695516,-98.06662829999999,31003.0,2635.7573832962844,0.6024096385542169,165,164,1,0,163,160,6336,2,0,0,2,4
2020-10-28,US,Nebraska,Arthur,4,0,0,41.56896142,-101.6959559,31005.0,863.9308855291575,0.0,4,4,0,0,4,4,465,0,0,0,0,0
2020-10-28,US,Nebraska,Banner,4,0,0,41.54634427,-103.7114332,31007.0,536.9127516778524,0.0,4,4,0,0,4,4,730,0,0,0,0,0
2020-10-28,US,Nebraska,Blaine,2,0,0,41.91311716,-99.97677845,31009.0,430.1075268817205,0.0,2,2,0,0,2,2,476,0,0,0,0,0
2020-10-28,US,Nebraska,Boone,153,0,0,41.70759415,-98.06737183,31011.0,2946.8412942989216,0.0,153,147,0,0,147,145,5239,6,0,0,6,2
2020-10-28,US,Nebraska,Box Butte,254,1,0,42.22079243,-103.08788340000001,31013.0,2355.559677269777,0.3937007874015748,253,241,1,0,240,234,10772,13,0,0,13,7
2020-10-28,US,Nebraska,Boyd,73,0,0,42.899727399999996,-98.76486568,31015.0,3804.064616988015,0.0,73,71,0,0,71,70,1955,2,0,0,2,1
2020-10-28,US,Nebraska,Brown,78,0,0,42.43018907,-99.92904055,31017.0,2639.5939086294416,0.0,78,75,0,0,75,74,2973,3,0,0,3,1
2020-10-28,US,Nebraska,Buffalo,1844,17,0,40.85486962,-99.07500296,31019.0,3713.3248756519456,0.9219088937093276,1827,1820,16,0,1804,1802,49615,24,1,0,23,18
2020-10-28,US,Nebraska,Burt,130,1,0,41.85056773,-96.32605633,31021.0,2012.6954636940704,0.7692307692307693,129,120,1,0,119,119,6488,10,0,0,10,1
2020-10-28,US,Nebraska,Butler,280,2,0,41.22703692,-97.13106306,31023.0,3493.013972055888,0.7142857142857143,278,266,2,0,264,264,8058,14,0,0,14,2
2020-10-28,US,Nebraska,Cass,549,4,0,40.90899107,-96.13971217,31025.0,2091.587930508991,0.7285974499089253,545,532,4,0,528,524,26159,17,0,0,17,8
2020-10-28,US,Nebraska,Cedar,145,0,0,42.598885100000004,-97.25311951,31027.0,1725.7795762913593,0.0,145,141,0,0,141,140,8446,4,0,0,4,1
2020-10-28,US,Nebraska,Chase,150,0,0,40.523719799999995,-101.69780259999999,31029.0,3822.62996941896,0.0,150,147,0,0,147,145,3977,3,0,0,3,2
2020-10-28,US,Nebraska,Cherry,71,4,0,42.54502621,-101.1244332,31031.0,1248.0224995605556,5.633802816901407,67,69,4,0,65,69,5761,2,0,0,2,0
2020-10-28,US,Nebraska,Cheyenne,102,0,0,41.21999357,-102.9941693,31033.0,1144.7811447811448,0.0,102,97,1,0,96,94,9310,5,-1,0,6,3
2020-10-28,US,Nebraska,Clay,175,1,0,40.52439441,-98.05126296,31035.0,2821.2155408673225,0.5714285714285714,174,173,1,0,172,163,6214,2,0,0,2,10
2020-10-28,US,Nebraska,Colfax,919,7,0,41.57486951,-97.0868542,31037.0,8581.566906340462,0.7616974972796517,912,915,7,0,908,905,10881,4,0,0,4,10
2020-10-28,US,Nebraska,Cuming,297,2,0,41.91637624,-96.78730772,31039.0,3357.4496947773005,0.6734006734006734,295,284,2,0,282,283,8940,13,0,0,13,1
2020-10-28,US,Nebraska,Custer,228,5,0,41.39374521,-99.72805369,31041.0,2115.616590888002,2.1929824561403506,223,219,5,0,214,219,10840,9,0,0,9,0
2020-10-28,US,Nebraska,Dakota,2545,47,0,42.39040144,-96.56656425,31043.0,12708.478977329472,1.8467583497053048,2498,2534,47,0,2487,2532,20083,11,0,0,11,2
2020-10-28,US,Nebraska,Dawes,245,4,0,42.71985036,-103.1313774,31045.0,2852.4857375713123,1.6326530612244898,241,242,2,0,240,242,8716,3,2,0,1,0
2020-10-28,US,Nebraska,Dawson,1291,15,0,40.87028216,-99.82014609999999,31047.0,5471.498198770926,1.161890007745933,1276,1277,15,0,1262,1273,23709,14,0,0,14,4
2020-10-28,US,Nebraska,Deuel,10,0,0,41.11168186,-102.33333309999999,31049.0,557.4136008918617,0.0,10,8,0,0,8,8,1825,2,0,0,2,0
2020-10-28,US,Nebraska,Dixon,168,2,0,42.49188363,-96.86782408,31051.0,2980.8374733853802,1.1904761904761905,166,164,2,0,162,163,5709,4,0,0,4,1
2020-10-28,US,Nebraska,Dodge,1637,20,0,41.58071748,-96.65598179,31053.0,4476.958840421168,1.221747098350641,1617,1616,20,0,1596,1604,36791,21,0,0,21,12
2020-10-28,US,Nebraska,Douglas,22381,220,0,41.29518299,-96.15085305,31055.0,3917.371312750841,0.9829766319646128,22161,22081,218,0,21863,21816,566880,300,2,0,298,265
2020-10-28,US,Nebraska,Dundy,27,1,0,40.17638677,-101.6876522,31057.0,1594.8021264028355,3.703703703703704,26,27,1,0,26,21,1770,0,0,0,0,6
2020-10-28,US,Nebraska,Fillmore,103,2,0,40.52458567,-97.59646937,31059.0,1885.7561332845112,1.9417475728155342,101,95,2,0,93,94,5527,8,0,0,8,1
2020-10-28,US,Nebraska,Franklin,91,0,0,40.17636348,-98.95299073,31061.0,3054.716347767707,0.0,91,91,0,0,91,90,3023,0,0,0,0,1
2020-10-28,US,Nebraska,Frontier,39,0,0,40.52993007,-100.3924658,31063.0,1484.5831747240195,0.0,39,37,0,0,37,36,2608,2,0,0,2,1
2020-10-28,US,Nebraska,Furnas,98,3,0,40.17642064,-99.91247454,31065.0,2095.808383233533,3.0612244897959178,95,94,3,0,91,92,4715,4,0,0,4,2
2020-10-28,US,Nebraska,Gage,555,5,0,40.26186809,-96.68946704,31067.0,2579.835448333565,0.9009009009009008,550,535,5,0,530,530,21493,20,0,0,20,5
2020-10-28,US,Nebraska,Garden,22,0,0,41.61703149,-102.3313973,31069.0,1197.6047904191614,0.0,22,20,0,0,20,20,1897,2,0,0,2,0
2020-10-28,US,Nebraska,Garfield,27,0,0,41.91428955,-98.99111827,31071.0,1371.2544438801422,0.0,27,27,0,0,27,26,1987,0,0,0,0,1
2020-10-28,US,Nebraska,Gosper,60,0,0,40.51481965,-99.83020279,31073.0,3015.075376884422,0.0,60,59,0,0,59,59,1996,1,0,0,1,0
2020-10-28,US,Nebraska,Grant,4,0,0,41.91528587,-101.740701,31075.0,642.0545746388442,0.0,4,4,0,0,4,4,660,0,0,0,0,0
2020-10-28,US,Nebraska,Greeley,47,0,0,41.56742671,-98.52150266,31077.0,1994.90662139219,0.0,47,47,0,0,47,47,2356,0,0,0,0,0
2020-10-28,US,Nebraska,Hall,2656,50,0,40.87257079,-98.50218293,31079.0,4329.0466643847885,1.882530120481928,2606,2620,50,0,2570,2599,61607,36,0,0,36,21
2020-10-28,US,Nebraska,Hamilton,237,12,0,40.87349452,-98.02099117,31081.0,2541.8275418275416,5.063291139240507,225,236,12,0,224,233,9280,1,0,0,1,3
2020-10-28,US,Nebraska,Harlan,58,0,0,40.17658508,-99.40438879,31083.0,1715.9763313609467,0.0,58,56,0,0,56,53,3401,2,0,0,2,3
2020-10-28,US,Nebraska,Hayes,23,0,0,40.52451972,-101.0603568,31085.0,2494.5770065075917,0.0,23,23,0,0,23,21,916,0,0,0,0,2
2020-10-28,US,Nebraska,Hitchcock,47,0,0,40.17609175,-101.04164770000001,31087.0,1701.6654598117307,0.0,47,42,0,0,42,41,2806,5,0,0,5,1
2020-10-28,US,Nebraska,Holt,290,4,0,42.45522056,-98.78402558,31089.0,2880.699314592232,1.3793103448275863,286,276,4,0,272,276,10178,14,0,0,14,0
2020-10-28,US,Nebraska,Hooker,21,1,0,41.91586243,-101.1354293,31091.0,3079.1788856304993,4.761904761904762,20,21,1,0,20,21,682,0,0,0,0,0
2020-10-28,US,Nebraska,Howard,148,5,0,41.2200529,-98.5166499,31093.0,2296.3537626066723,3.3783783783783785,143,145,5,0,140,143,6468,3,0,0,3,2
2020-10-28,US,Nebraska,Jefferson,86,0,0,40.17584531,-97.142601,31095.0,1220.550667045132,0.0,86,85,0,0,85,84,7097,1,0,0,1,1
2020-10-28,US,Nebraska,Johnson,105,0,0,40.39257596,-96.26522753,31097.0,2070.5975152829815,0.0,105,102,0,0,102,101,5134,3,0,0,3,1
2020-10-28,US,Nebraska,Kearney,262,0,0,40.50663314,-98.94877182,31099.0,4033.87220939184,0.0,262,261,0,0,261,257,6544,1,0,0,1,4
2020-10-28,US,Nebraska,Keith,107,0,0,41.19930341,-101.66201640000001,31101.0,1331.8396813542445,0.0,107,104,0,0,104,102,8021,3,0,0,3,2
2020-10-28,US,Nebraska,Keya Paha,9,0,0,42.87990694,-99.71343729,31103.0,1116.6253101736972,0.0,9,9,0,0,9,9,810,0,0,0,0,0
2020-10-28,US,Nebraska,Kimball,53,0,0,41.19774275,-103.7148131,31105.0,1459.2511013215858,0.0,53,49,0,0,49,47,3618,4,0,0,4,2
2020-10-28,US,Nebraska,Knox,264,1,0,42.63758421,-97.89178836,31107.0,3168.506961113779,0.3787878787878788,263,260,1,0,259,257,8419,4,0,0,4,3
2020-10-28,US,Nebraska,Lancaster,8981,45,0,40.78416049,-96.68777155,31109.0,2814.566423266163,0.5010577886649593,8936,8884,43,0,8841,8783,317272,97,2,0,95,101
2020-10-28,US,Nebraska,Lincoln,902,8,0,41.04658298,-100.74753740000001,31111.0,2583.4908632640204,0.8869179600886918,894,888,8,0,880,854,35185,14,0,0,14,34
2020-10-28,US,Nebraska,Logan,10,0,0,41.56650314,-100.4817851,31113.0,1336.8983957219252,0.0,10,10,0,0,10,10,749,0,0,0,0,0
2020-10-28,US,Nebraska,Loup,8,0,0,41.91371961,-99.45440415,31115.0,1204.8192771084334,0.0,8,8,0,0,8,8,618,0,0,0,0,0
2020-10-28,US,Nebraska,Madison,1362,10,0,41.91676024,-97.6005481,31119.0,3880.452434542295,0.7342143906020558,1352,1278,10,0,1268,1261,35392,84,0,0,84,17
2020-10-28,US,Nebraska,McPherson,10,0,0,41.56797682,-101.05993620000001,31117.0,2024.2914979757086,0.0,10,10,0,0,10,10,492,0,0,0,0,0
2020-10-28,US,Nebraska,Merrick,141,1,0,41.16624273,-98.0374887,31121.0,1818.1818181818185,0.7092198581560284,140,138,1,0,137,136,7733,3,0,0,3,2
2020-10-28,US,Nebraska,Morrill,114,0,0,41.71711774,-103.0061405,31123.0,2455.838000861697,0.0,114,110,0,0,110,108,4686,4,0,0,4,2
2020-10-28,US,Nebraska,Nance,93,0,0,41.39750195,-97.99327291,31125.0,2642.7962489343563,0.0,93,87,0,0,87,83,3532,6,0,0,6,4
2020-10-28,US,Nebraska,Nemaha,167,0,0,40.38514847,-95.85433992,31127.0,2395.295467584624,0.0,167,164,0,0,164,164,6958,3,0,0,3,0
2020-10-28,US,Nebraska,Nuckolls,99,0,0,40.17637905,-98.04743961,31129.0,2386.692381870781,0.0,99,96,0,0,96,91,4195,3,0,0,3,5
2020-10-28,US,Nebraska,Otoe,302,1,0,40.64843556,-96.13374142,31131.0,1886.0854359230573,0.3311258278145696,301,298,1,0,297,293,15985,4,0,0,4,5
2020-10-28,US,Nebraska,Pawnee,29,0,0,40.13141096,-96.23705437,31133.0,1109.8354381936474,0.0,29,28,0,0,28,28,2632,1,0,0,1,0
2020-10-28,US,Nebraska,Perkins,45,10,0,40.85082525,-101.6502942,31135.0,1556.5548253199586,22.222222222222218,35,45,10,0,35,44,2929,0,0,0,0,1
2020-10-28,US,Nebraska,Phelps,304,2,0,40.51156033,-99.41461667,31137.0,3365.0653088332965,0.6578947368421053,302,297,2,0,295,290,8996,7,0,0,7,7
2020-10-28,US,Nebraska,Pierce,213,8,0,42.26434853,-97.60122773,31139.0,2979.8545047565754,3.755868544600939,205,199,8,0,191,189,7142,14,0,0,14,10
2020-10-28,US,Nebraska,Platte,1619,7,0,41.57246836,-97.52144359,31141.0,4837.167612787571,0.4323656578134651,1612,1589,7,0,1582,1544,33363,30,0,0,30,45
2020-10-28,US,Nebraska,Polk,195,4,0,41.18813488,-97.56630712,31143.0,3740.648379052369,2.051282051282051,191,193,4,0,189,191,5278,2,0,0,2,2
2020-10-28,US,Nebraska,Red Willow,233,0,0,40.17556879999999,-100.476998,31145.0,2172.696754942185,0.0,233,213,0,0,213,207,10726,20,0,0,20,6
2020-10-28,US,Nebraska,Richardson,98,2,0,40.1247415,-95.71755036,31147.0,1246.026700572155,2.0408163265306123,96,97,2,0,95,95,7937,1,0,0,1,2
2020-10-28,US,Nebraska,Rock,58,1,0,42.42252217,-99.44832069,31149.0,4274.1341193809885,1.7241379310344829,57,58,1,0,57,55,1360,0,0,0,0,3
2020-10-28,US,Nebraska,Saline,939,2,0,40.52418865,-97.14085859,31151.0,6601.518560179978,0.21299254526091588,937,924,2,0,922,914,14350,15,0,0,15,10
2020-10-28,US,Nebraska,Sarpy,5859,37,0,41.11314181,-96.11156432,31153.0,3129.874569969444,0.6315070831199864,5822,5739,37,0,5702,5651,184459,120,0,0,120,88
2020-10-28,US,Nebraska,Saunders,679,4,0,41.227810299999994,-96.63773905,31155.0,3146.7235146908893,0.5891016200294551,675,668,4,0,664,661,21303,11,0,0,11,7
2020-10-28,US,Nebraska,Scotts Bluff,803,9,0,41.85070896,-103.70809859999999,31157.0,2254.478072884497,1.1207970112079702,794,774,8,0,766,730,35989,29,1,0,28,44
2020-10-28,US,Nebraska,Seward,368,3,0,40.87241834,-97.139673,31159.0,2129.136773894932,0.8152173913043478,365,363,3,0,360,357,17318,5,0,0,5,6
2020-10-28,US,Nebraska,Sheridan,133,0,0,42.50284406,-102.4126613,31161.0,2535.264963781929,0.0,133,130,0,0,130,128,5190,3,0,0,3,2
2020-10-28,US,Nebraska,Sherman,47,3,0,41.22045983,-98.97588642,31163.0,1566.1446184605136,6.382978723404255,44,41,3,0,38,41,3038,6,0,0,6,0
2020-10-28,US,Nebraska,Sioux,12,0,0,42.48932059,-103.7576544,31165.0,1029.1595197255574,0.0,12,12,0,0,12,12,1187,0,0,0,0,0
2020-10-28,US,Nebraska,Stanton,79,0,0,41.9169835,-97.19394708,31167.0,1334.4594594594596,0.0,79,76,0,0,76,74,5970,3,0,0,3,2
2020-10-28,US,Nebraska,Thayer,65,0,0,40.17626377,-97.59504381,31169.0,1299.2204677193683,0.0,65,64,0,0,64,61,5039,1,0,0,1,3
2020-10-28,US,Nebraska,Thomas,12,0,0,41.91358968,-100.5556632,31171.0,1662.0498614958447,0.0,12,11,0,0,11,11,720,1,0,0,1,0
2020-10-28,US,Nebraska,Thurston,333,4,0,42.15725356,-96.54157099,31173.0,4609.634551495016,1.2012012012012012,329,325,4,0,321,324,7303,8,0,0,8,1
2020-10-28,US,Nebraska,Unassigned,475,4,0,0.0,0.0,90031.0,0.0,0.8421052631578947,471,461,3,0,458,468,,14,1,0,13,-7
2020-10-28,US,Nebraska,Valley,93,1,0,41.56730777,-98.98197724,31175.0,2236.6522366522368,1.075268817204301,92,90,1,0,89,86,4190,3,0,0,3,4
2020-10-28,US,Nebraska,Washington,495,7,0,41.52815707,-96.22019892,31177.0,2387.9588981619954,1.414141414141414,488,485,7,0,478,474,20667,10,0,0,10,11
2020-10-28,US,Nebraska,Wayne,339,1,0,42.20934475,-97.11926964,31179.0,3612.147043153969,0.2949852507374631,338,322,1,0,321,318,9403,17,0,0,17,4
2020-10-28,US,Nebraska,Webster,118,0,0,40.17642643,-98.50019851,31181.0,3383.997705764268,0.0,118,120,0,0,120,115,3533,-2,0,0,-2,5
2020-10-28,US,Nebraska,Wheeler,3,0,0,41.91482725,-98.52798941,31183.0,383.1417624521073,0.0,3,3,0,0,3,3,805,0,0,0,0,0
2020-10-28,US,Nebraska,York,492,2,0,40.87272618,-97.59710186,31185.0,3596.75414869508,0.4065040650406504,490,479,2,0,477,467,13772,13,0,0,13,12
2020-10-28,US,Nevada,Carson City,742,8,0,39.15509045,-119.7480219,32510.0,1326.9904857285926,1.0781671159029649,734,733,8,0,725,726,55414,9,0,0,9,7
2020-10-28,US,Nevada,Churchill,223,4,0,39.58105744,-118.3394607,32001.0,895.2587418202256,1.7937219730941705,219,214,4,0,210,206,24440,9,0,0,9,8
2020-10-28,US,Nevada,Clark,80104,1506,0,36.21458855,-115.0130241,32003.0,3533.9246442539093,1.8800559272945168,78598,79782,1497,0,78285,79240,2231647,322,9,0,313,542
2020-10-28,US,Nevada,Douglas,411,1,0,38.912862,-119.61713329999999,32005.0,840.4048665780597,0.24330900243309006,410,400,1,0,399,398,48467,11,0,0,11,2
2020-10-28,US,Nevada,Elko,1393,14,0,41.14531606,-115.3577619,32007.0,2639.3573079692296,1.0050251256281406,1379,1376,14,0,1362,1358,52460,17,0,0,17,18
2020-10-28,US,Nevada,Eureka,11,0,0,39.98100864,-116.26832040000001,32011.0,542.1389847215377,0.0,11,11,0,0,11,11,2003,0,0,0,0,0
2020-10-28,US,Nevada,Humboldt,173,4,0,41.40692186,-118.11094270000001,32013.0,1027.8652486483277,2.3121387283237,169,173,4,0,169,169,16786,0,0,0,0,4
2020-10-28,US,Nevada,Lander,110,0,0,39.933223299999995,-117.03970749999999,32015.0,1988.430947216197,0.0,110,107,0,0,107,102,5575,3,0,0,3,5
2020-10-28,US,Nevada,Lincoln,49,0,0,37.64268459,-114.8790388,32017.0,945.3984179046885,0.0,49,48,0,0,48,45,5201,1,0,0,1,3
2020-10-28,US,Nevada,Lyon,607,13,0,39.01777974,-119.18704790000001,32019.0,1055.46861415406,2.1416803953871497,594,598,12,0,586,593,55808,9,1,0,8,5
2020-10-28,US,Nevada,Mineral,18,0,0,38.53841696,-118.4344506,32021.0,399.5560488346282,0.0,18,18,0,0,18,18,4514,0,0,0,0,0
2020-10-28,US,Nevada,Nye,676,16,0,38.04264256,-116.47227020000001,32023.0,1453.0447305633775,2.366863905325444,660,676,16,0,660,666,45346,0,0,0,0,10
2020-10-28,US,Nevada,Pershing,24,0,0,40.44003782,-118.40056409999998,32027.0,356.8773234200744,0.0,24,24,0,0,24,24,6666,0,0,0,0,0
2020-10-28,US,Nevada,Storey,22,0,0,39.44875482,-119.5250207,32029.0,533.5920446276983,0.0,22,22,0,0,22,22,4029,0,0,0,0,0
2020-10-28,US,Nevada,Washoe,12797,195,0,40.66562265,-119.6631594,32031.0,2713.994558013569,1.5237946393686017,12602,12608,195,0,12413,12482,465735,189,0,0,189,126
2020-10-28,US,Nevada,White Pine,119,1,0,39.44157041,-114.89996599999999,32033.0,1242.1711899791233,0.8403361344537815,118,118,1,0,117,118,9475,1,0,0,1,0
2020-10-28,US,New Hampshire,Belknap,233,5,0,43.51637314,-71.41684235,33001.0,380.07927833874356,2.145922746781116,228,229,5,0,224,224,61022,4,0,0,4,5
2020-10-28,US,New Hampshire,Carroll,151,2,0,43.87498583,-71.20430216,33003.0,308.730320997751,1.3245033112582782,149,148,2,0,146,146,48779,3,0,0,3,2
2020-10-28,US,New Hampshire,Cheshire,192,3,0,42.92015988,-72.25311043,33005.0,252.34934612604323,1.5625,189,192,3,0,189,190,76493,0,0,0,0,2
2020-10-28,US,New Hampshire,Coos,49,0,0,44.69063265,-71.30633239,33007.0,155.24506542470615,0.0,49,43,0,0,43,39,31589,6,0,0,6,4
2020-10-28,US,New Hampshire,Grafton,212,1,0,43.93779815,-71.82057197,33009.0,235.85430434105427,0.4716981132075472,211,207,1,0,206,199,89786,5,0,0,5,8
2020-10-28,US,New Hampshire,Hillsborough,5468,318,0,42.91537785,-71.7200253,33011.0,1311.1923745578802,5.815654718361375,5150,5430,317,0,5113,5389,415247,38,1,0,37,41
2020-10-28,US,New Hampshire,Merrimack,897,29,0,43.29662971,-71.6811573,33013.0,592.5054990058854,3.2329988851727984,868,878,27,0,851,867,151132,19,2,0,17,11
2020-10-28,US,New Hampshire,Rockingham,2617,105,0,42.98499744,-71.12883377,33015.0,844.8230778418757,4.012227741688958,2512,2589,105,0,2484,2551,309176,28,0,0,28,38
2020-10-28,US,New Hampshire,Strafford,723,14,0,43.291833000000004,-71.02336013,33017.0,553.4589269173945,1.9363762102351316,709,714,14,0,700,699,130090,9,0,0,9,15
2020-10-28,US,New Hampshire,Sullivan,81,1,0,43.36094111,-72.22203125,33019.0,187.7346683354193,1.2345679012345678,80,79,1,0,78,77,43144,2,0,0,2,2
2020-10-28,US,New Hampshire,Unassigned,18,0,0,0.0,0.0,90033.0,0.0,0.0,18,21,0,0,21,16,,-3,0,0,-3,5
2020-10-28,US,New Jersey,Atlantic,5130,267,0,39.47538693,-74.65848483,34001.0,1945.613835476164,5.204678362573098,4863,5091,265,0,4826,5045,265429,39,2,0,37,46
2020-10-28,US,New Jersey,Bergen,24890,2061,0,40.96010917,-74.07164325,34003.0,2670.022162578497,8.280433909200482,22829,24795,2058,0,22737,24648,936692,95,3,0,92,147
2020-10-28,US,New Jersey,Burlington,8416,513,0,39.87681124,-74.66927768,34005.0,1889.753878418948,6.095532319391634,7903,8334,513,0,7821,8280,445384,82,0,0,82,54
2020-10-28,US,New Jersey,Camden,11519,633,0,39.80343818,-74.96388753,34007.0,2274.365166021352,5.495268686517926,10886,11407,632,0,10775,11336,507078,112,1,0,111,71
2020-10-28,US,New Jersey,Cape May,1115,100,0,39.15008829,-74.80170244,34009.0,1211.4429752604876,8.968609865470851,1015,1111,100,0,1011,1105,92560,4,0,0,4,6
2020-10-28,US,New Jersey,Cumberland,3996,162,0,39.37199394,-75.10712559,34011.0,2672.427053308098,4.0540540540540535,3834,3986,162,0,3824,3978,150972,10,0,0,10,8
2020-10-28,US,New Jersey,Essex,24455,2142,0,40.78681335,-74.24657979,34013.0,3060.796645702307,8.758945001022285,22313,24177,2142,0,22035,23931,799767,278,0,0,278,246
2020-10-28,US,New Jersey,Gloucester,5519,246,0,39.71581067,-75.13995546,34015.0,1892.427546667764,4.457329226309113,5273,5467,243,0,5224,5435,291408,52,3,0,49,32
2020-10-28,US,New Jersey,Hudson,22956,1528,0,40.73766234,-74.07515667,34017.0,3414.0849594952947,6.656211883603415,21428,22837,1528,0,21309,22646,676061,119,0,0,119,191
2020-10-28,US,New Jersey,Hunterdon,1582,127,0,40.56335249,-74.91284156,34019.0,1272.0007075604442,8.027812895069532,1455,1569,127,0,1442,1548,124714,13,0,0,13,21
2020-10-28,US,New Jersey,Mercer,9250,639,0,40.28047017,-74.70479631,34021.0,2517.4863239256456,6.908108108108107,8611,9220,640,0,8580,9174,369811,30,-1,0,31,46
2020-10-28,US,New Jersey,Middlesex,22111,1445,0,40.43629879,-74.41426991,34023.0,2679.919812086849,6.535208719641807,20666,21939,1444,0,20495,21783,829685,172,1,0,171,156
2020-10-28,US,New Jersey,Monmouth,13996,872,0,40.26549699,-74.22240686,34025.0,2261.8153023214472,6.2303515290082885,13124,13892,872,0,13020,13807,621354,104,0,0,104,85
2020-10-28,US,New Jersey,Morris,9091,838,0,40.86095313,-74.54553709999998,34027.0,1848.346531935874,9.217907820921793,8253,9002,835,0,8167,8919,494228,89,3,0,86,83
2020-10-28,US,New Jersey,Ocean,16642,1067,0,39.8895449,-74.28089251,34029.0,2740.840533213875,6.411489003725513,15575,16605,1065,0,15540,16534,601651,37,2,0,35,71
2020-10-28,US,New Jersey,Passaic,20775,1261,0,41.03238628,-74.29954144,34031.0,4139.881154025499,6.06979542719615,19514,20662,1261,0,19401,20554,503310,113,0,0,113,108
2020-10-28,US,New Jersey,Salem,1169,89,0,39.58719656,-75.34696629999998,34033.0,1873.8478800993826,7.613344739093241,1080,1166,89,0,1077,1160,62607,3,0,0,3,6
2020-10-28,US,New Jersey,Somerset,6451,594,0,40.56465737,-74.61683016,34035.0,1961.1837025056693,9.20787474810107,5857,6411,593,0,5818,6371,331164,40,1,0,39,40
2020-10-28,US,New Jersey,Sussex,1707,197,0,41.13891592,-74.69118243,34037.0,1215.0503957633389,11.540714704159345,1510,1692,197,0,1495,1681,140799,15,0,0,15,11
2020-10-28,US,New Jersey,Unassigned,537,0,0,0.0,0.0,90034.0,0.0,0.0,537,480,0,0,480,505,,57,0,0,57,-25
2020-10-28,US,New Jersey,Union,20106,1372,0,40.65835409,-74.30680092,34039.0,3613.9705684103815,6.823833681488113,18734,19918,1369,0,18549,19682,558067,188,3,0,185,236
2020-10-28,US,New Jersey,Warren,1584,171,0,40.85951833,-74.99556527,34041.0,1504.7450768046967,10.795454545454543,1413,1570,171,0,1399,1562,105779,14,0,0,14,8
2020-10-28,US,New Mexico,Bernalillo,10857,200,0,35.05163625,-106.6703554,35001.0,1598.6841814639804,1.8421295017039696,10657,10589,196,0,10393,10452,678701,268,4,0,264,137
2020-10-28,US,New Mexico,Catron,10,1,0,33.91514144,-108.4046587,35003.0,283.5270768358378,10.0,9,10,1,0,9,9,3578,0,0,0,0,1
2020-10-28,US,New Mexico,Chaves,2035,19,0,33.36406072,-104.4665365,35005.0,3149.423508473265,0.9336609336609336,2016,2016,19,0,1997,2001,64689,19,0,0,19,15
2020-10-28,US,New Mexico,Cibola,571,22,0,34.91131525,-107.998876,35006.0,2140.58106841612,3.852889667250438,549,565,22,0,543,560,26746,6,0,0,6,5
2020-10-28,US,New Mexico,Colfax,45,1,0,36.60569702,-104.64726740000002,35007.0,376.8528598944812,2.2222222222222223,44,44,1,0,43,44,12110,1,0,0,1,0
2020-10-28,US,New Mexico,Curry,1568,12,0,34.57421077,-103.34688759999999,35009.0,3203.006904440904,0.7653061224489796,1556,1555,10,0,1545,1548,49437,13,2,0,11,7
2020-10-28,US,New Mexico,De Baca,2,0,0,34.34274529,-104.4117842,35011.0,114.41647597254006,0.0,2,1,0,0,1,1,1781,1,0,0,1,0
2020-10-28,US,New Mexico,Dona Ana,6078,72,0,32.35275771,-106.83293870000001,35013.0,2785.581704438689,1.1846001974333662,6006,5980,70,0,5910,5817,217522,98,2,0,96,163
2020-10-28,US,New Mexico,Eddy,1481,23,0,32.47167456,-104.3053527,35015.0,2533.3561409510776,1.5530047265361242,1458,1437,22,0,1415,1423,57900,44,1,0,43,14
2020-10-28,US,New Mexico,Grant,187,3,0,32.73911281,-108.3827845,35017.0,692.6438995481146,1.60427807486631,184,187,3,0,184,186,27346,0,0,0,0,1
2020-10-28,US,New Mexico,Guadalupe,42,1,0,34.86319296,-104.790669,35019.0,976.7441860465117,2.380952380952381,41,42,1,0,41,41,4341,0,0,0,0,1
2020-10-28,US,New Mexico,Harding,1,0,0,35.85751555,-103.82209379999999,35021.0,160.0,0.0,1,1,0,0,1,1,655,0,0,0,0,0
2020-10-28,US,New Mexico,Hidalgo,117,2,0,31.91383467,-108.7151824,35023.0,2787.0414483087184,1.709401709401709,115,117,2,0,115,118,4240,0,0,0,0,-1
2020-10-28,US,New Mexico,Lea,2110,29,0,32.79215361,-103.4123733,35025.0,2968.9038975657804,1.3744075829383886,2081,2088,29,0,2059,2081,69611,22,0,0,22,7
2020-10-28,US,New Mexico,Lincoln,380,6,0,33.74526079,-105.4586166,35027.0,1941.549151849581,1.5789473684210529,374,373,6,0,367,369,19556,7,0,0,7,4
2020-10-28,US,New Mexico,Los Alamos,47,0,0,35.86631386,-106.31349850000001,35028.0,242.65579018018482,0.0,47,44,0,0,44,44,19101,3,0,0,3,0
2020-10-28,US,New Mexico,Luna,976,11,0,32.18179341,-107.75088259999998,35029.0,4116.580201611203,1.1270491803278688,965,959,11,0,948,864,23963,17,0,0,17,95
2020-10-28,US,New Mexico,McKinley,4649,261,0,35.58007720000001,-108.262245,35031.0,6514.215253548559,5.6141105614110565,4388,4627,261,0,4366,4616,72290,22,0,0,22,11
2020-10-28,US,New Mexico,Mora,14,0,0,36.01095101,-104.9497716,35033.0,309.66600309666,0.0,14,14,0,0,14,14,4506,0,0,0,0,0
2020-10-28,US,New Mexico,Otero,513,13,0,32.61348406,-105.7417604,35035.0,760.1126092754483,2.53411306042885,500,509,13,0,496,494,66781,4,0,0,4,15
2020-10-28,US,New Mexico,Quay,102,2,0,35.10403332,-103.54817270000001,35037.0,1235.9142130134496,1.96078431372549,100,101,2,0,99,101,8253,1,0,0,1,0
2020-10-28,US,New Mexico,Rio Arriba,501,15,0,36.51072137,-106.69316740000001,35039.0,1287.2228360011304,2.9940119760479043,486,493,15,0,478,488,39006,8,0,0,8,5
2020-10-28,US,New Mexico,Roosevelt,463,9,0,34.02097406,-103.4799493,35041.0,2502.7027027027025,1.9438444924406049,454,452,8,0,444,449,18743,11,1,0,10,3
2020-10-28,US,New Mexico,San Juan,3788,204,0,36.50838318,-108.32043700000001,35045.0,3055.8737636941546,5.385427666314678,3584,3779,204,0,3575,3756,125043,9,0,0,9,23
2020-10-28,US,New Mexico,San Miguel,175,0,0,35.48014807,-104.8163562,35047.0,641.5661546357737,0.0,175,171,0,0,171,171,27591,4,0,0,4,0
2020-10-28,US,New Mexico,Sandoval,2000,47,0,35.68862401,-106.86878030000001,35043.0,1362.8805844031947,2.35,1953,1981,47,0,1934,1949,145179,19,0,0,19,32
2020-10-28,US,New Mexico,Santa Fe,1740,13,0,35.50708973,-105.9774716,35049.0,1157.238058500379,0.7471264367816092,1727,1692,13,0,1679,1673,150056,48,0,0,48,19
2020-10-28,US,New Mexico,Sierra,110,1,0,33.13028233,-107.1925893,35051.0,1019.367991845056,0.9090909090909092,109,109,1,0,108,104,10968,1,0,0,1,5
2020-10-28,US,New Mexico,Socorro,237,11,0,34.00715494,-106.9298354,35053.0,1424.5356734988281,4.641350210970463,226,231,11,0,220,228,16735,6,0,0,6,3
2020-10-28,US,New Mexico,Taos,228,5,0,36.58006022,-105.63101979999999,35055.0,696.7576322464322,2.1929824561403506,223,224,4,0,220,224,32835,4,1,0,3,0
2020-10-28,US,New Mexico,Torrance,99,1,0,34.64048375,-105.8508949,35057.0,640.3208071922903,1.0101010101010102,98,99,1,0,98,99,15591,0,0,0,0,0
2020-10-28,US,New Mexico,Unassigned,1707,0,0,0.0,0.0,90035.0,0.0,0.0,1707,1705,0,0,1705,1702,,2,0,0,2,3
2020-10-28,US,New Mexico,Union,40,2,0,36.48126404,-103.4709624,35059.0,985.4644000985464,5.0,38,39,2,0,37,39,4118,1,0,0,1,0
2020-10-28,US,New Mexico,Valencia,953,5,0,34.71669834,-106.8103733,35061.0,1242.697684122679,0.5246589716684156,948,935,5,0,930,920,76456,18,0,0,18,15
2020-10-28,US,New York,Albany,3627,136,0,42.60060306,-73.97723916,36001.0,1187.2107258122592,3.749655362558588,3491,3613,136,0,3477,3590,307117,14,0,0,14,23
2020-10-28,US,New York,Allegany,308,1,0,42.25748406,-78.02750466,36003.0,668.2432579028442,0.3246753246753247,307,289,1,0,288,287,46430,19,0,0,19,2
2020-10-28,US,New York,Bronx,55354,4988,0,40.85209301,-73.86282755,36005.0,3903.097361668642,9.011092242656355,50366,55213,4987,0,50226,55086,1432132,141,1,0,140,127
2020-10-28,US,New York,Broome,3566,83,0,42.15903158,-75.81326086,36007.0,1872.0339338960987,2.327537857543466,3483,3516,83,0,3433,3415,191659,50,0,0,50,101
2020-10-28,US,New York,Cattaraugus,502,6,0,42.24778241,-78.67923096,36009.0,659.5110159359932,1.195219123505976,496,470,6,0,464,462,76840,32,0,0,32,8
2020-10-28,US,New York,Cayuga,397,2,0,42.91261714,-76.55731592,36011.0,518.4391976598412,0.5037783375314862,395,389,2,0,387,373,77145,8,0,0,8,16
2020-10-28,US,New York,Chautauqua,924,13,0,42.22769210000001,-79.36691763,36013.0,728.1151745821612,1.406926406926407,911,905,13,0,892,887,127939,19,0,0,19,18
2020-10-28,US,New York,Chemung,1743,3,0,42.13891056,-76.7638805,36015.0,2088.525690184049,0.1721170395869191,1740,1710,3,0,1707,1662,84254,33,0,0,33,48
2020-10-28,US,New York,Chenango,397,7,0,42.49430041,-75.60887553,36017.0,840.9769737538925,1.7632241813602014,390,388,7,0,381,386,47536,9,0,0,9,2
2020-10-28,US,New York,Clinton,246,5,0,44.74530905,-73.67875352,36019.0,305.6470149717339,2.0325203252032518,241,244,5,0,239,242,80695,2,0,0,2,2
2020-10-28,US,New York,Columbia,710,38,0,42.24819348,-73.63089095,36021.0,1194.0599720825414,5.352112676056338,672,699,38,0,661,692,59916,11,0,0,11,7
2020-10-28,US,New York,Cortland,547,0,0,42.59509207,-76.07048931,36023.0,1149.618545217629,0.0,547,542,0,0,542,524,47823,5,0,0,5,18
2020-10-28,US,New York,Delaware,177,7,0,42.19837623,-74.96709306,36025.0,401.0422567123599,3.9548022598870056,170,173,7,0,166,169,44527,4,0,0,4,4
2020-10-28,US,New York,Dutchess,5472,163,0,41.76486060000001,-73.74356679,36027.0,1859.8454207424427,2.978801169590643,5309,5465,163,0,5302,5450,293718,7,0,0,7,15
2020-10-28,US,New York,Erie,13021,713,0,42.76249024,-78.73063652,36029.0,1417.3257487193894,5.47576991014515,12308,12971,713,0,12258,12855,919719,50,0,0,50,116
2020-10-28,US,New York,Essex,198,0,0,44.11630765,-73.77297842,36031.0,536.8035786905247,0.0,198,197,0,0,197,197,37300,1,0,0,1,0
2020-10-28,US,New York,Franklin,80,0,0,44.59040891,-74.29926032,36033.0,159.92963096237656,0.0,80,80,0,0,80,80,50293,0,0,0,0,0
2020-10-28,US,New York,Fulton,362,24,0,43.11363907,-74.41798804,36035.0,678.1185021448774,6.629834254143647,338,362,24,0,338,361,53591,0,0,0,0,1
2020-10-28,US,New York,Genesee,388,5,0,43.0022601,-78.19135193,36037.0,677.3743016759778,1.2886597938144329,383,384,5,0,379,381,57511,4,0,0,4,3
2020-10-28,US,New York,Greene,505,18,0,42.275797,-74.12384884,36039.0,1070.1873357633297,3.5643564356435644,487,501,18,0,483,495,47491,4,0,0,4,6
2020-10-28,US,New York,Hamilton,17,0,0,43.66146647,-74.49721957,36041.0,384.963768115942,0.0,17,16,0,0,16,16,4434,1,0,0,1,0
2020-10-28,US,New York,Herkimer,394,10,0,43.42034246,-74.96145307,36043.0,642.5414634941861,2.538071065989848,384,390,10,0,380,389,61833,4,0,0,4,1
2020-10-28,US,New York,Jefferson,207,0,0,44.04200959,-75.94653457,36045.0,188.46623085747586,0.0,207,206,0,0,206,203,111755,1,0,0,1,3
2020-10-28,US,New York,Kings,75169,7390,0,40.636182500000004,-73.94935552,36047.0,2936.400324543547,9.83118040681664,67779,74903,7387,0,67516,74703,2582830,266,3,0,263,200
2020-10-28,US,New York,Lewis,127,0,0,43.784415700000004,-75.44903992,36049.0,482.9631883176148,0.0,127,120,0,0,120,115,26447,7,0,0,7,5
2020-10-28,US,New York,Livingston,305,8,0,42.72596275,-77.77966158,36051.0,484.78875925867055,2.622950819672131,297,303,8,0,295,298,63227,2,0,0,2,5
2020-10-28,US,New York,Madison,565,17,0,42.91653905,-75.67266639,36053.0,796.4364753809504,3.008849557522124,548,563,17,0,546,559,70795,2,0,0,2,4
2020-10-28,US,New York,Monroe,7312,300,0,43.14638895,-77.69322942,36055.0,985.750299958208,4.102844638949672,7012,7256,300,0,6956,7174,742474,56,0,0,56,82
2020-10-28,US,New York,Montgomery,268,4,0,42.90123494,-74.44011632,36057.0,544.4830458544119,1.492537313432836,264,266,4,0,262,262,49455,2,0,0,2,4
2020-10-28,US,New York,Nassau,49663,2208,0,40.74066522,-73.58941873,36059.0,3659.9691655538563,4.4459658095564105,47455,49496,2208,0,47288,49377,1358343,167,0,0,167,119
2020-10-28,US,New York,New York,36076,3195,0,40.76727260000001,-73.97152637,36061.0,2215.0099526863655,8.856303359574232,32881,35897,3195,0,32702,35789,,179,0,0,179,108
2020-10-28,US,New York,Niagara,2075,101,0,43.19898042,-78.74777412,36063.0,991.489910694234,4.867469879518072,1974,2065,101,0,1964,2050,210433,10,0,0,10,15
2020-10-28,US,New York,Oneida,2746,128,0,43.24375382,-75.43710392,36065.0,1200.8518789002542,4.6613255644573925,2618,2709,128,0,2581,2686,229577,37,0,0,37,23
2020-10-28,US,New York,Onondaga,5454,207,0,43.00491923,-76.19971155,36067.0,1184.2928117291456,3.7953795379537953,5247,5399,207,0,5192,5337,461809,55,0,0,55,62
2020-10-28,US,New York,Ontario,669,35,0,42.85145728,-77.30874425,36069.0,609.4172731993041,5.23168908819133,634,663,35,0,628,650,109864,6,0,0,6,13
2020-10-28,US,New York,Orange,13597,505,0,41.40337468,-74.30240757,36071.0,3532.238790460851,3.71405457086122,13092,13548,505,0,13043,13475,381951,49,0,0,49,73
2020-10-28,US,New York,Orleans,406,54,0,43.2516977,-78.2320066,36073.0,1006.1459159397303,13.300492610837438,352,401,54,0,347,399,40612,5,0,0,5,2
2020-10-28,US,New York,Oswego,627,4,0,43.42778894,-76.14635194,36075.0,535.3300775246747,0.6379585326953748,623,623,4,0,619,620,117898,4,0,0,4,3
2020-10-28,US,New York,Otsego,400,5,0,42.63492579,-75.03151402,36077.0,672.3480073285932,1.25,395,398,5,0,393,393,59749,2,0,0,2,5
2020-10-28,US,New York,Putnam,1812,63,0,41.42630093,-73.74965532,36079.0,1842.961757526444,3.4768211920529803,1749,1805,63,0,1742,1800,98892,7,0,0,7,5
2020-10-28,US,New York,Queens,76696,7293,0,40.71088124,-73.81684712,36081.0,3402.8763125272308,9.508970480859498,69403,76523,7293,0,69230,76316,2278906,173,0,0,173,207
2020-10-28,US,New York,Rensselaer,1099,42,0,42.71348136,-73.51089874,36083.0,692.4404904419272,3.8216560509554136,1057,1094,42,0,1052,1088,159442,5,0,0,5,6
2020-10-28,US,New York,Richmond,17252,1095,0,40.58582155,-74.14808598,36085.0,3623.2812411397413,6.347090192441456,16157,17174,1095,0,16079,17085,476179,78,0,0,78,89
2020-10-28,US,New York,Rockland,17943,683,0,41.15027894,-74.02560498,36087.0,5507.55243424425,3.8064983559048096,17260,17832,683,0,17149,17760,325695,111,0,0,111,72
2020-10-28,US,New York,Saratoga,1345,17,0,43.10904162,-73.86653895,36091.0,585.1311433332028,1.2639405204460967,1328,1334,17,0,1317,1319,230163,11,0,0,11,15
2020-10-28,US,New York,Schenectady,1570,50,0,42.81668777,-74.05278291,36093.0,1010.9530647331925,3.1847133757961785,1520,1564,50,0,1514,1549,155350,6,0,0,6,15
2020-10-28,US,New York,Schoharie,111,0,0,42.58831742,-74.44339029999998,36095.0,358.07606696990234,0.0,111,110,0,0,110,109,31097,1,0,0,1,1
2020-10-28,US,New York,Schuyler,126,0,0,42.39184015,-76.8773299,36097.0,707.5869040265062,0.0,126,124,0,0,124,119,17912,2,0,0,2,5
2020-10-28,US,New York,Seneca,143,3,0,42.78081007,-76.82497064,36099.0,420.39040451552216,2.097902097902098,140,142,3,0,139,140,34300,1,0,0,1,2
2020-10-28,US,New York,St. Lawrence,399,4,0,44.4976179,-75.06550039,36089.0,370.3359940597736,1.0025062656641603,395,396,4,0,392,390,108047,3,0,0,3,6
2020-10-28,US,New York,Steuben,1005,57,0,42.2689144,-77.3829924,36101.0,1053.6910640707074,5.6716417910447765,948,984,57,0,927,970,95796,21,0,0,21,14
2020-10-28,US,New York,Suffolk,48998,2019,0,40.88320119,-72.8012172,36103.0,3318.2965472730957,4.120576350055105,46979,48829,2019,0,46810,48717,1481093,169,0,0,169,112
2020-10-28,US,New York,Sullivan,1779,48,0,41.71579493,-74.76394559,36105.0,2358.4155265669738,2.69814502529511,1731,1765,48,0,1717,1750,75498,14,0,0,14,15
2020-10-28,US,New York,Tioga,629,30,0,42.16852837,-76.30835812,36107.0,1304.898035391988,4.769475357710652,599,610,30,0,580,589,48560,19,0,0,19,21
2020-10-28,US,New York,Tompkins,619,0,0,42.44945765,-76.47229843,36109.0,605.7936973967509,0.0,619,609,0,0,609,606,102793,10,0,0,10,3
2020-10-28,US,New York,Ulster,2518,95,0,41.89027881,-74.26252104,36111.0,1418.0083683893383,3.772835583796663,2423,2515,95,0,2420,2500,178599,3,0,0,3,15
2020-10-28,US,New York,Unassigned,0,19,0,0.0,0.0,90036.0,0.0,0.0,-19,0,21,0,-21,0,,0,-2,0,2,0
2020-10-28,US,New York,Warren,459,33,0,43.56173026,-73.8433699,36113.0,717.81558864006,7.189542483660131,426,457,33,0,424,452,64265,2,0,0,2,5
2020-10-28,US,New York,Washington,336,14,0,43.31153794,-73.43043448,36115.0,548.98372655382,4.166666666666667,322,335,14,0,321,334,61197,1,0,0,1,1
2020-10-28,US,New York,Wayne,488,5,0,43.15494365,-77.02976528,36117.0,542.7166974354412,1.024590163934426,483,482,5,0,477,471,90064,6,0,0,6,11
2020-10-28,US,New York,Westchester,40438,1470,0,41.16278376,-73.75741653,36119.0,4179.612322817637,3.635194618922796,38968,40322,1470,0,38852,40202,967612,116,0,0,116,120
2020-10-28,US,New York,Wyoming,188,5,0,42.70145109,-78.22199579,36121.0,471.6626107027272,2.6595744680851063,183,186,5,0,181,185,40085,2,0,0,2,1
2020-10-28,US,New York,Yates,123,7,0,42.63505484,-77.10369919,36123.0,493.71813912415206,5.691056910569106,116,121,7,0,114,115,24841,2,0,0,2,6
2020-10-28,US,North Carolina,Alamance,5181,79,0,36.0434701,-79.39976137,37001.0,3056.474877440136,1.5248021617448368,5102,5147,79,0,5068,5095,166436,34,0,0,34,52
2020-10-28,US,North Carolina,Alexander,865,9,0,35.922379600000006,-81.17751948,37003.0,2306.851214763848,1.0404624277456649,856,851,9,0,842,830,37353,14,0,0,14,21
2020-10-28,US,North Carolina,Alleghany,297,2,0,36.49360862,-81.12857041,37005.0,2666.78638771662,0.6734006734006734,295,296,2,0,294,294,11161,1,0,0,1,2
2020-10-28,US,North Carolina,Anson,728,10,0,34.97403241,-80.09953279,37007.0,2977.9923095803,1.3736263736263736,718,723,9,0,714,723,24877,5,1,0,4,0
2020-10-28,US,North Carolina,Ashe,434,3,0,36.43296207,-81.49862729,37009.0,1595.4122707054364,0.6912442396313364,431,432,3,0,429,417,27109,2,0,0,2,15
2020-10-28,US,North Carolina,Avery,618,0,0,36.07569796,-81.92308483,37011.0,3519.96354730307,0.0,618,619,0,0,619,608,17505,-1,0,0,-1,11
2020-10-28,US,North Carolina,Beaufort,1371,42,0,35.48531943,-76.84325809,37013.0,2917.393709835298,3.063457330415755,1329,1362,42,0,1320,1349,47079,9,0,0,9,13
2020-10-28,US,North Carolina,Bertie,726,19,0,36.0688473,-76.96545943,37015.0,3831.741172745026,2.6170798898071626,707,727,19,0,708,724,19026,-1,0,0,-1,3
2020-10-28,US,North Carolina,Bladen,1088,19,0,34.61296243,-78.56180059,37017.0,3324.9801356885278,1.7463235294117647,1069,1080,19,0,1061,1077,33190,8,0,0,8,3
2020-10-28,US,North Carolina,Brunswick,2186,46,0,34.070565,-78.22814204,37019.0,1530.5979554684216,2.104300091491308,2140,2168,45,0,2123,2160,136744,18,1,0,17,8
2020-10-28,US,North Carolina,Buncombe,4116,103,0,35.61113393,-82.53305,37021.0,1575.8582799560475,2.5024295432458703,4013,4088,102,0,3986,4032,259103,28,1,0,27,56
2020-10-28,US,North Carolina,Burke,2669,52,0,35.74989637,-81.70755735,37023.0,2949.660164668177,1.9482952416635444,2617,2654,48,0,2606,2633,90382,15,4,0,11,21
2020-10-28,US,North Carolina,Cabarrus,4894,91,0,35.3877799,-80.55267168,37025.0,2260.9989235538433,1.8594196975888844,4803,4850,91,0,4759,4815,211342,44,0,0,44,35
2020-10-28,US,North Carolina,Caldwell,2487,19,0,35.95204977,-81.54799522,37027.0,3026.3574192606293,0.7639726578206675,2468,2476,19,0,2457,2431,82029,11,0,0,11,45
2020-10-28,US,North Carolina,Camden,135,3,0,36.33804939,-76.15568396,37029.0,1242.293181190761,2.2222222222222223,132,135,3,0,132,135,10710,0,0,0,0,0
2020-10-28,US,North Carolina,Carteret,1137,5,0,34.8932941,-76.54120135,37031.0,1636.6070271904193,0.4397537379067722,1132,1125,5,0,1120,1113,69524,12,0,0,12,12
2020-10-28,US,North Carolina,Caswell,619,5,0,36.39312665,-79.33353281,37033.0,2738.453371084764,0.8077544426494345,614,620,5,0,615,616,22698,-1,0,0,-1,4
2020-10-28,US,North Carolina,Catawba,4435,62,0,35.66211129,-81.2132617,37035.0,2779.6754642716123,1.3979706877113869,4373,4375,61,0,4314,4302,158652,60,1,0,59,73
2020-10-28,US,North Carolina,Chatham,1930,61,0,35.70394416,-79.25541492,37037.0,2591.647643346314,3.160621761658031,1869,1925,61,0,1864,1922,73139,5,0,0,5,3
2020-10-28,US,North Carolina,Cherokee,773,14,0,35.1349263,-84.05970864,37039.0,2701.663637634559,1.8111254851228975,759,773,14,0,759,769,28383,0,0,0,0,4
2020-10-28,US,North Carolina,Chowan,529,10,0,36.12908077,-76.60118385,37041.0,3794.0185039087705,1.8903591682419658,519,526,10,0,516,524,14029,3,0,0,3,2
2020-10-28,US,North Carolina,Clay,221,3,0,35.05704275,-83.74353633,37043.0,1967.7677855934467,1.3574660633484164,218,222,3,0,219,213,11139,-1,0,0,-1,9
2020-10-28,US,North Carolina,Cleveland,3157,86,0,35.33553364,-81.55204486,37045.0,3223.171715315426,2.724105163129553,3071,3132,85,0,3047,3088,97645,25,1,0,24,44
2020-10-28,US,North Carolina,Columbus,1704,62,0,34.26744084,-78.65801424,37047.0,3069.827772573323,3.63849765258216,1642,1673,62,0,1611,1671,55655,31,0,0,31,2
2020-10-28,US,North Carolina,Craven,2329,60,0,35.11833364,-77.08398081,37049.0,2280.2259665749616,2.5762129669386,2269,2314,60,0,2254,2288,102912,15,0,0,15,26
2020-10-28,US,North Carolina,Cumberland,7048,99,0,35.04762133,-78.82623165,37051.0,2100.688804175149,1.4046538024971622,6949,6974,98,0,6876,6931,332330,74,1,0,73,43
2020-10-28,US,North Carolina,Currituck,224,4,0,36.36123664,-75.95876401,37053.0,806.8292331520369,1.7857142857142858,220,222,4,0,218,222,27072,2,0,0,2,0
2020-10-28,US,North Carolina,Dare,370,3,0,35.66520691,-75.71767334,37055.0,999.7568159096436,0.8108108108108109,367,368,3,0,365,367,36501,2,0,0,2,1
2020-10-28,US,North Carolina,Davidson,3717,43,0,35.79115496,-80.21256572,37057.0,2217.66134276799,1.1568469195587843,3674,3677,43,0,3634,3660,166614,40,0,0,40,17
2020-10-28,US,North Carolina,Davie,763,8,0,35.93099927,-80.54496571,37059.0,1780.7963403818326,1.0484927916120577,755,753,8,0,745,753,42733,10,0,0,10,0
2020-10-28,US,North Carolina,Duplin,2795,54,0,34.93449805,-77.93140529,37061.0,4758.175720535912,1.932021466905188,2741,2774,54,0,2720,2755,58856,21,0,0,21,19
2020-10-28,US,North Carolina,Durham,9021,101,0,36.03638492,-78.87608331,37063.0,2806.014532424227,1.1196097993570555,8920,8933,101,0,8832,8890,316739,88,0,0,88,43
2020-10-28,US,North Carolina,Edgecombe,1988,57,0,35.91230639,-77.59436892,37065.0,3862.294062791421,2.8672032193158947,1931,1973,56,0,1917,1961,52005,15,1,0,14,12
2020-10-28,US,North Carolina,Forsyth,8834,119,0,36.12859861,-80.25459052,37067.0,2310.7809414195845,1.3470681458003169,8715,8756,119,0,8637,8703,379099,78,0,0,78,53
2020-10-28,US,North Carolina,Franklin,1467,32,0,36.081519,-78.28708884,37069.0,2105.1876300495087,2.1813224267212,1435,1449,32,0,1417,1430,67560,18,0,0,18,19
2020-10-28,US,North Carolina,Gaston,7399,116,0,35.29373559,-81.17477045,37071.0,3295.342695152965,1.5677794296526557,7283,7302,115,0,7187,7243,222846,97,1,0,96,59
2020-10-28,US,North Carolina,Gates,168,3,0,36.44667547,-76.69749701,37073.0,1453.0358069538145,1.7857142857142858,165,167,3,0,164,167,11573,1,0,0,1,0
2020-10-28,US,North Carolina,Graham,247,8,0,35.3506925,-83.83369267,37075.0,2926.1935789598388,3.238866396761133,239,246,8,0,238,245,8484,1,0,0,1,1
2020-10-28,US,North Carolina,Granville,2002,50,0,36.30337451,-78.65184241,37077.0,3312.211505054349,2.4975024975024973,1952,2031,50,0,1981,1979,60115,-29,0,0,-29,52
2020-10-28,US,North Carolina,Greene,955,13,0,35.48544173,-77.67578087,37079.0,4532.725805686079,1.361256544502618,942,951,13,0,938,941,21012,4,0,0,4,10
2020-10-28,US,North Carolina,Guilford,11376,208,0,36.07959451,-79.78824948,37081.0,2117.749556009785,1.8284106891701828,11168,11278,205,0,11073,11200,533670,98,3,0,95,78
2020-10-28,US,North Carolina,Halifax,1416,27,0,36.25669272,-77.6556109,37083.0,2831.433713257349,1.9067796610169487,1389,1394,27,0,1367,1383,50574,22,0,0,22,11
2020-10-28,US,North Carolina,Harnett,2940,69,0,35.36731853,-78.87243571,37085.0,2162.146261104901,2.346938775510204,2871,2901,68,0,2833,2883,134214,39,1,0,38,18
2020-10-28,US,North Carolina,Haywood,714,36,0,35.55269063,-82.98196486,37087.0,1145.7547699664615,5.042016806722689,678,710,36,0,674,706,61971,4,0,0,4,4
2020-10-28,US,North Carolina,Henderson,2506,66,0,35.33788927,-82.4766782,37089.0,2134.2735719699867,2.633679169992019,2440,2504,66,0,2438,2482,116748,2,0,0,2,22
2020-10-28,US,North Carolina,Hertford,852,34,0,36.3607755,-76.98104134,37091.0,3598.428855006969,3.9906103286384975,818,853,34,0,819,852,23659,-1,0,0,-1,1
2020-10-28,US,North Carolina,Hoke,1548,25,0,35.01888303,-79.23651674,37093.0,2802.621573668393,1.6149870801033592,1523,1539,25,0,1514,1529,54764,9,0,0,9,10
2020-10-28,US,North Carolina,Hyde,174,5,0,35.42017674,-76.15180542,37095.0,3524.407534940248,2.8735632183908044,169,175,5,0,170,175,5230,-1,0,0,-1,0
2020-10-28,US,North Carolina,Iredell,3818,34,0,35.80950511,-80.8743128,37097.0,2100.0407027270826,0.8905185961236249,3784,3785,34,0,3751,3750,178435,33,0,0,33,35
2020-10-28,US,North Carolina,Jackson,1056,7,0,35.28814273,-83.14093385,37099.0,2403.386590195275,0.6628787878787878,1049,1036,7,0,1029,1015,43327,20,0,0,20,21
2020-10-28,US,North Carolina,Johnston,5638,62,0,35.51745004,-78.36622717,37101.0,2693.239195754255,1.0996807378503015,5576,5566,60,0,5506,5513,202675,72,2,0,70,53
2020-10-28,US,North Carolina,Jones,200,15,0,35.02254606,-77.35870791,37103.0,2123.367661110521,7.5,185,199,15,0,184,198,9637,1,0,0,1,1
2020-10-28,US,North Carolina,Lee,2101,20,0,35.47623147,-79.17569362,37105.0,3400.8319979280986,0.951927653498334,2081,2079,20,0,2059,2066,61452,22,0,0,22,13
2020-10-28,US,North Carolina,Lenoir,1450,41,0,35.24032589999999,-77.64245615,37107.0,2591.645963287994,2.827586206896552,1409,1437,40,0,1397,1418,55976,13,1,0,12,19
2020-10-28,US,North Carolina,Lincoln,2395,16,0,35.48508185,-81.21740317,37109.0,2781.2939113469824,0.6680584551148225,2379,2361,16,0,2345,2324,83770,34,0,0,34,37
2020-10-28,US,North Carolina,Macon,755,7,0,35.14867843,-83.41696617,37113.0,2105.527357911763,0.9271523178807948,748,752,7,0,745,749,35285,3,0,0,3,3
2020-10-28,US,North Carolina,Madison,246,1,0,35.85402722,-82.71346418,37115.0,1130.7745345897495,0.4065040650406504,245,244,1,0,243,218,21763,2,0,0,2,26
2020-10-28,US,North Carolina,Martin,640,17,0,35.84326734,-77.10860251,37117.0,2852.04991087344,2.65625,623,636,17,0,619,634,22671,4,0,0,4,2
2020-10-28,US,North Carolina,McDowell,1322,32,0,35.67736232,-82.0482425,37111.0,2889.238569805053,2.4205748865355523,1290,1313,32,0,1281,1304,45507,9,0,0,9,9
2020-10-28,US,North Carolina,Mecklenburg,33779,387,0,35.24469268,-80.8317671,37119.0,3042.177463804401,1.1456822286035702,33392,33552,386,0,33166,33279,1093901,227,1,0,226,273
2020-10-28,US,North Carolina,Mitchell,228,4,0,36.01059309,-82.1582442,37121.0,1523.6567762630316,1.7543859649122806,224,219,4,0,215,211,15000,9,0,0,9,8
2020-10-28,US,North Carolina,Montgomery,1190,38,0,35.33155144,-79.90416657,37123.0,4379.3471460641085,3.1932773109243704,1152,1184,38,0,1146,1178,27271,6,0,0,6,6
2020-10-28,US,North Carolina,Moore,2266,43,0,35.30885257,-79.48474178,37125.0,2246.233148295004,1.897616946160636,2223,2251,40,0,2211,2242,98682,15,3,0,12,9
2020-10-28,US,North Carolina,Nash,3365,75,0,35.96575634,-77.98422508,37127.0,3568.474410910093,2.2288261515601784,3290,3334,73,0,3261,3308,94016,31,2,0,29,26
2020-10-28,US,North Carolina,New Hanover,5254,37,0,34.25758282,-77.87075626,37129.0,2240.7697261518383,0.7042253521126759,5217,5229,37,0,5192,5192,232274,25,0,0,25,37
2020-10-28,US,North Carolina,Northampton,562,19,0,36.41736238,-77.39769443,37131.0,2884.5660319252684,3.3807829181494666,543,559,19,0,540,556,19676,3,0,0,3,3
2020-10-28,US,North Carolina,Onslow,3329,29,0,34.72607366,-77.42908179,37133.0,1681.8397680081641,0.8711324722138779,3300,3268,28,0,3240,3225,197683,61,1,0,60,43
2020-10-28,US,North Carolina,Orange,3088,58,0,36.06092947,-79.12167935,37135.0,2079.797408335354,1.878238341968912,3030,3079,58,0,3021,3059,146027,9,0,0,9,20
2020-10-28,US,North Carolina,Pamlico,318,2,0,35.15253315,-76.66559823,37137.0,2498.821310702499,0.6289308176100629,316,315,2,0,313,312,12670,3,0,0,3,3
2020-10-28,US,North Carolina,Pasquotank,873,35,0,36.26723798,-76.25134778,37139.0,2192.1454399357167,4.009163802978236,838,863,35,0,828,858,39639,10,0,0,10,5
2020-10-28,US,North Carolina,Pender,1398,13,0,34.52265624,-77.90352133,37141.0,2216.9362511893437,0.9298998569384836,1385,1383,12,0,1371,1356,62162,15,1,0,14,27
2020-10-28,US,North Carolina,Perquimans,250,4,0,36.17847453,-76.40603143,37143.0,1856.9412463789645,1.6,246,246,4,0,242,244,13422,4,0,0,4,2
2020-10-28,US,North Carolina,Person,662,10,0,36.38989032,-78.97217358,37145.0,1676.3737655102555,1.5105740181268883,652,661,10,0,651,653,39507,1,0,0,1,8
2020-10-28,US,North Carolina,Pitt,6142,39,0,35.59535426,-77.37353178,37147.0,3398.2140288366845,0.6349723217193096,6103,6113,38,0,6075,6102,179914,29,1,0,28,11
2020-10-28,US,North Carolina,Polk,397,11,0,35.27820615,-82.16812354,37149.0,1915.653348774368,2.7707808564231735,386,396,11,0,385,391,20611,1,0,0,1,5
2020-10-28,US,North Carolina,Randolph,3765,63,0,35.71015088,-79.80570339,37151.0,2620.643571592641,1.6733067729083666,3702,3730,62,0,3668,3707,143351,35,1,0,34,23
2020-10-28,US,North Carolina,Richmond,1426,29,0,35.00417719,-79.74491009,37153.0,3180.97659996877,2.0336605890603088,1397,1410,29,0,1381,1406,44887,16,0,0,16,4
2020-10-28,US,North Carolina,Robeson,6026,95,0,34.64244496,-79.10250529999998,37155.0,4613.2057416267935,1.5765018254231662,5931,5977,95,0,5882,5930,131831,49,0,0,49,47
2020-10-28,US,North Carolina,Rockingham,1967,19,0,36.39593137,-79.77504841,37157.0,2161.300955938908,0.9659379766141332,1948,1956,19,0,1937,1932,90690,11,0,0,11,24
2020-10-28,US,North Carolina,Rowan,4122,116,0,35.64003916,-80.52446628,37159.0,2901.019086763133,2.8141678796700633,4006,4102,116,0,3986,4079,141262,20,0,0,20,23
2020-10-28,US,North Carolina,Rutherford,1751,55,0,35.40114178,-81.92112099,37161.0,2612.302137880619,3.141062250142776,1696,1742,53,0,1689,1732,66826,9,2,0,7,10
2020-10-28,US,North Carolina,Sampson,2750,31,0,34.98820368,-78.36914061,37163.0,4328.595488816483,1.1272727272727272,2719,2724,32,0,2692,2702,63626,26,-1,0,27,22
2020-10-28,US,North Carolina,Scotland,1630,24,0,34.8386299,-79.4757978,37165.0,4680.814404273037,1.4723926380368098,1606,1621,24,0,1597,1614,34810,9,0,0,9,7
2020-10-28,US,North Carolina,Stanly,2438,62,0,35.31647813,-80.25093221,37167.0,3881.7947329872936,2.543068088597211,2376,2431,60,0,2371,2414,62075,7,2,0,5,17
2020-10-28,US,North Carolina,Stokes,685,10,0,36.4017975,-80.23893369,37169.0,1502.4895264416227,1.45985401459854,675,673,10,0,663,675,45467,12,0,0,12,-2
2020-10-28,US,North Carolina,Surry,1853,30,0,36.41689489,-80.69102283,37171.0,2581.391137177326,1.6189962223421481,1823,1810,30,0,1780,1795,71948,43,0,0,43,15
2020-10-28,US,North Carolina,Swain,284,4,0,35.48665845,-83.48748932,37173.0,1990.0497512437807,1.4084507042253518,280,276,4,0,272,265,14245,8,0,0,8,11
2020-10-28,US,North Carolina,Transylvania,420,9,0,35.20383864,-82.79638423,37175.0,1221.462847171732,2.142857142857143,411,409,9,0,400,409,34215,11,0,0,11,0
2020-10-28,US,North Carolina,Tyrrell,132,3,0,35.87147226,-76.17055253,37177.0,3286.8525896414344,2.272727272727273,129,131,3,0,128,130,4131,1,0,0,1,1
2020-10-28,US,North Carolina,Union,5913,65,0,34.98960527,-80.52955873,37179.0,2465.198304003602,1.0992727887705056,5848,5883,64,0,5819,5847,235908,30,1,0,29,36
2020-10-28,US,North Carolina,Vance,1206,47,0,36.36880673,-78.40670845,37181.0,2707.982485685416,3.897180762852405,1159,1196,47,0,1149,1195,44582,10,0,0,10,1
2020-10-28,US,North Carolina,Wake,21145,270,0,35.78879266,-78.65249174,37183.0,1901.9375567230727,1.2768976117285409,20875,20953,270,0,20683,20765,1092305,192,0,0,192,188
2020-10-28,US,North Carolina,Warren,433,7,0,36.39728256,-78.10652228,37185.0,2194.5162434747353,1.6166281755196306,426,423,7,0,416,426,19807,10,0,0,10,-3
2020-10-28,US,North Carolina,Washington,250,8,0,35.83810081,-76.57299037,37187.0,2158.894645941278,3.2,242,250,8,0,242,246,11859,0,0,0,0,4
2020-10-28,US,North Carolina,Watauga,1393,6,0,36.23103603,-81.70033724,37189.0,2479.662495327269,0.43072505384063176,1387,1392,6,0,1386,1378,55945,1,0,0,1,14
2020-10-28,US,North Carolina,Wayne,4589,80,0,35.36438125,-78.00027268,37191.0,3726.9249823358864,1.743299193724123,4509,4525,80,0,4445,4494,123248,64,0,0,64,31
2020-10-28,US,North Carolina,Wilkes,1744,38,0,36.2084135,-81.16232895,37193.0,2549.260363678887,2.1788990825688077,1706,1705,38,0,1667,1689,68557,39,0,0,39,16
2020-10-28,US,North Carolina,Wilson,2994,64,0,35.70625477,-77.917978,37195.0,3660.1019547438295,2.137608550434202,2930,2964,63,0,2901,2937,81455,30,1,0,29,27
2020-10-28,US,North Carolina,Yadkin,1028,9,0,36.16222629,-80.66239436,37197.0,2729.179387793029,0.8754863813229572,1019,1003,9,0,994,996,37543,25,0,0,25,7
2020-10-28,US,North Carolina,Yancey,317,0,0,35.90079156,-82.31237181,37199.0,1754.385964912281,0.0,317,314,0,0,314,310,17903,3,0,0,3,4
2020-10-28,US,North Dakota,Adams,80,0,0,46.09686891,-102.5285397,38001.0,3610.1083032490974,0.0,80,79,0,0,79,75,2294,1,0,0,1,4
2020-10-28,US,North Dakota,Barnes,362,1,0,46.93579637,-98.06605978,38003.0,3475.756120979357,0.27624309392265195,361,357,1,0,356,351,10542,5,0,0,5,6
2020-10-28,US,North Dakota,Benson,511,10,0,48.0683985,-99.35916363,38005.0,7479.508196721312,1.9569471624266144,501,511,9,0,502,510,6962,0,1,0,-1,1
2020-10-28,US,North Dakota,Billings,33,0,0,47.02366884,-103.3762965,38007.0,3556.0344827586205,0.0,33,33,0,0,33,33,919,0,0,0,0,0
2020-10-28,US,North Dakota,Bottineau,290,16,0,48.79106111,-100.8378166,38009.0,4616.364215218084,5.517241379310344,274,279,16,0,263,262,6411,11,0,0,11,17
2020-10-28,US,North Dakota,Bowman,132,2,0,46.11285362,-103.5203343,38011.0,4365.079365079365,1.5151515151515151,130,130,2,0,128,127,3076,2,0,0,2,3
2020-10-28,US,North Dakota,Burke,71,1,0,48.79094471,-102.51821170000001,38013.0,3356.9739952718683,1.4084507042253518,70,66,1,0,65,63,2100,5,0,0,5,3
2020-10-28,US,North Dakota,Burleigh,6817,78,0,46.97847375,-100.46452140000001,38015.0,7128.814339196451,1.1441983277101364,6739,6670,77,0,6593,6484,95273,147,1,0,146,186
2020-10-28,US,North Dakota,Cass,9056,84,0,46.93201724,-97.24447190000001,38017.0,4977.930223226311,0.9275618374558304,8972,8925,84,0,8841,8794,181516,131,0,0,131,131
2020-10-28,US,North Dakota,Cavalier,78,1,0,48.77286211,-98.46685243,38019.0,2073.365231259968,1.2820512820512822,77,75,1,0,74,74,3829,3,0,0,3,1
2020-10-28,US,North Dakota,Dickey,283,1,0,46.11017712,-98.50490079999999,38021.0,5808.702791461414,0.353356890459364,282,280,1,0,279,275,4903,3,0,0,3,5
2020-10-28,US,North Dakota,Divide,62,1,0,48.814938700000006,-103.48736109999999,38023.0,2738.5159010600705,1.6129032258064515,61,60,1,0,59,54,2283,2,0,0,2,6
2020-10-28,US,North Dakota,Dunn,203,5,0,47.35423935,-102.61604679999999,38025.0,4588.607594936709,2.4630541871921183,198,202,5,0,197,200,4332,1,0,0,1,2
2020-10-28,US,North Dakota,Eddy,201,3,0,47.71701474,-98.90432337,38027.0,8788.806296458242,1.492537313432836,198,197,3,0,194,191,2313,4,0,0,4,6
2020-10-28,US,North Dakota,Emmons,281,8,0,46.28398398,-100.2389766,38029.0,8670.163529774762,2.846975088967972,273,279,8,0,271,277,3295,2,0,0,2,2
2020-10-28,US,North Dakota,Foster,184,2,0,47.457108399999996,-98.88279923,38031.0,5732.0872274143285,1.0869565217391304,182,179,2,0,177,175,3216,5,0,0,5,4
2020-10-28,US,North Dakota,Golden Valley,114,0,0,46.94022281,-103.8465421,38033.0,6473.5945485519605,0.0,114,115,0,0,115,113,1769,-1,0,0,-1,2
2020-10-28,US,North Dakota,Grand Forks,4020,20,0,47.92093639,-97.45450447,38035.0,5788.253588861212,0.4975124378109453,4000,3991,20,0,3971,3838,70770,29,0,0,29,153
2020-10-28,US,North Dakota,Grant,71,3,0,46.35821257,-101.63900129999999,38037.0,3122.251539138082,4.225352112676056,68,70,3,0,67,67,2374,1,0,0,1,3
2020-10-28,US,North Dakota,Griggs,88,1,0,47.45785838,-98.23850925,38039.0,3944.4195428059165,1.1363636363636365,87,88,1,0,87,85,2232,0,0,0,0,3
2020-10-28,US,North Dakota,Hettinger,131,2,0,46.43375068,-102.4632417,38041.0,5242.096838735494,1.5267175572519085,129,130,2,0,128,130,2514,1,0,0,1,0
2020-10-28,US,North Dakota,Kidder,100,2,0,46.97830064,-99.77507857,38043.0,4032.2580645161293,2.0,98,100,2,0,98,94,2450,0,0,0,0,6
2020-10-28,US,North Dakota,LaMoure,204,8,0,46.45681054,-98.53542355,38045.0,5042.01680672269,3.92156862745098,196,202,5,0,197,201,4062,2,3,0,-1,1
2020-10-28,US,North Dakota,Logan,128,1,0,46.45729487,-99.47719806,38047.0,6918.918918918918,0.78125,127,126,0,0,126,127,1903,2,1,0,1,-1
2020-10-28,US,North Dakota,McHenry,192,13,0,48.23104458,-100.6324822,38049.0,3342.036553524805,6.770833333333332,179,186,13,0,173,182,5816,6,0,0,6,4
2020-10-28,US,North Dakota,McIntosh,169,5,0,46.11182017,-99.44145858,38051.0,6768.121746095314,2.9585798816568047,164,169,5,0,164,167,2585,0,0,0,0,2
2020-10-28,US,North Dakota,McKenzie,545,4,0,47.74133370000001,-103.395905,38053.0,3627.5292864749736,0.7339449541284404,541,521,4,0,517,510,13632,24,0,0,24,11
2020-10-28,US,North Dakota,McLean,586,9,0,47.60766714,-101.3182418,38055.0,6201.058201058201,1.5358361774744027,577,578,9,0,569,564,9541,8,0,0,8,14
2020-10-28,US,North Dakota,Mercer,482,3,0,47.31213126,-101.8318399,38057.0,5887.3824355685865,0.6224066390041494,479,478,3,0,475,462,8267,4,0,0,4,16
2020-10-28,US,North Dakota,Morton,2293,50,0,46.71681782,-101.2822377,38059.0,7310.929728350977,2.180549498473616,2243,2254,50,0,2204,2208,31095,39,0,0,39,46
2020-10-28,US,North Dakota,Mountrail,527,8,0,48.20197971,-102.3555315,38061.0,4997.629208155524,1.5180265654648957,519,510,7,0,503,506,10218,17,1,0,16,4
2020-10-28,US,North Dakota,Nelson,163,3,0,47.9226426,-98.19038437,38063.0,5661.688086141021,1.8404907975460123,160,163,3,0,160,161,2869,0,0,0,0,2
2020-10-28,US,North Dakota,Oliver,81,1,0,47.11530482,-101.3406158,38065.0,4134.762633996937,1.2345679012345678,80,81,1,0,80,77,1952,0,0,0,0,4
2020-10-28,US,North Dakota,Pembina,212,0,0,48.76623521,-97.5523809,38067.0,3117.188648728128,0.0,212,207,0,0,207,206,6947,5,0,0,5,1
2020-10-28,US,North Dakota,Pierce,106,1,0,48.24977025,-99.96407787,38069.0,2666.6666666666665,0.9433962264150944,105,101,1,0,100,97,4081,5,0,0,5,4
2020-10-28,US,North Dakota,Ramsey,519,4,0,48.26886249,-98.72223879,38071.0,4505.599444396215,0.7707129094412332,515,513,4,0,509,493,11481,6,0,0,6,20
2020-10-28,US,North Dakota,Ransom,190,2,0,46.45621782,-97.65742504,38073.0,3641.241855116903,1.0526315789473684,188,185,2,0,183,179,5237,5,0,0,5,6
2020-10-28,US,North Dakota,Renville,108,2,0,48.71982533,-101.6603912,38075.0,4641.168886978943,1.851851851851852,106,108,2,0,106,104,2374,0,0,0,0,4
2020-10-28,US,North Dakota,Richland,476,3,0,46.26440649,-96.94852979,38077.0,2942.449156209433,0.6302521008403361,473,469,3,0,466,455,16239,7,0,0,7,14
2020-10-28,US,North Dakota,Rolette,383,8,0,48.77245354,-99.84097493,38079.0,2701.749435665914,2.0887728459530033,375,362,8,0,354,350,14301,21,0,0,21,12
2020-10-28,US,North Dakota,Sargent,127,2,0,46.10830372,-97.63217159,38081.0,3258.0810672139564,1.5748031496062993,125,126,2,0,124,129,3870,1,0,0,1,-3
2020-10-28,US,North Dakota,Sheridan,52,1,0,47.57700669,-100.3426391,38083.0,3954.372623574145,1.9230769230769231,51,48,1,0,47,46,1349,4,0,0,4,2
2020-10-28,US,North Dakota,Sioux,250,5,0,46.11323337,-101.04401490000001,38085.0,5910.1654846335705,2.0,245,249,5,0,244,250,4358,1,0,0,1,-1
2020-10-28,US,North Dakota,Slope,15,0,0,46.44737738,-103.4601547,38087.0,2000.0,0.0,15,15,0,0,15,15,763,0,0,0,0,0
2020-10-28,US,North Dakota,Stark,2342,34,0,46.80851182,-102.65763259999999,38089.0,7437.517863380863,1.4517506404782237,2308,2328,34,0,2294,2317,30997,14,0,0,14,11
2020-10-28,US,North Dakota,Steele,47,0,0,47.45611548,-97.72728747,38091.0,2486.772486772487,0.0,47,47,0,0,47,46,1903,0,0,0,0,1
2020-10-28,US,North Dakota,Stutsman,895,6,0,46.97962541,-98.95637318,38093.0,4322.836166924266,0.6703910614525139,889,858,6,0,852,843,20917,37,0,0,37,15
2020-10-28,US,North Dakota,Towner,101,5,0,48.68565745,-99.24564265,38095.0,4613.978985838282,4.950495049504951,96,98,5,0,93,93,2192,3,0,0,3,5
2020-10-28,US,North Dakota,Traill,279,3,0,47.45367788,-97.16323288,38097.0,3471.876555500249,1.075268817204301,276,271,3,0,268,262,8037,8,0,0,8,9
2020-10-28,US,North Dakota,Walsh,485,2,0,48.36876964,-97.72574783,38099.0,4557.842308053754,0.4123711340206185,483,467,2,0,465,437,10667,18,0,0,18,30
2020-10-28,US,North Dakota,Ward,2813,48,0,48.22390169,-101.54367629999999,38101.0,4158.720302774944,1.7063633131887666,2765,2675,43,0,2632,2591,67744,138,5,0,133,84
2020-10-28,US,North Dakota,Wells,139,0,0,47.58614526,-99.65904998,38103.0,3625.456442357851,0.0,139,122,0,0,122,118,3957,17,0,0,17,4
2020-10-28,US,North Dakota,Williams,1830,16,0,48.34522353,-103.4793387,38105.0,4868.445555880709,0.8743169398907104,1814,1797,16,0,1781,1773,35350,33,0,0,33,24
2020-10-28,US,Ohio,Adams,244,6,0,38.84541072,-83.4718964,39001.0,880.9300310491733,2.459016393442623,238,233,6,0,227,226,27724,11,0,0,11,7
2020-10-28,US,Ohio,Allen,2367,80,0,40.77285242,-84.10802343,39003.0,2312.630067121963,3.3798056611744824,2287,2317,74,0,2243,2289,102663,50,6,0,44,28
2020-10-28,US,Ohio,Ashland,452,9,0,40.84772277,-82.27280781,39005.0,845.1125570264003,1.9911504424778759,443,441,9,0,432,435,53745,11,0,0,11,6
2020-10-28,US,Ohio,Ashtabula,790,48,0,41.70860332,-80.74830218,39007.0,812.4145165105252,6.075949367088607,742,779,48,0,731,760,97493,11,0,0,11,19
2020-10-28,US,Ohio,Athens,1331,2,0,39.33425634,-82.04278644,39009.0,2037.4424051311096,0.15026296018031554,1329,1311,2,0,1309,1281,65818,20,0,0,20,30
2020-10-28,US,Ohio,Auglaize,1147,19,0,40.55998859,-84.22421429999999,39011.0,2512.265638689329,1.6564952048823016,1128,1127,19,0,1108,1106,45804,20,0,0,20,21
2020-10-28,US,Ohio,Belmont,819,27,0,40.01625942,-80.9924051,39013.0,1222.2786019162465,3.2967032967032965,792,815,27,0,788,811,67505,4,0,0,4,4
2020-10-28,US,Ohio,Brown,434,3,0,38.93416837,-83.86788395,39015.0,999.2632160618898,0.6912442396313364,431,422,3,0,419,410,43602,12,0,0,12,12
2020-10-28,US,Ohio,Butler,8981,132,0,39.44012838,-84.57388716,39017.0,2344.0884912328324,1.4697695134172142,8849,8821,132,0,8689,8727,382378,160,0,0,160,94
2020-10-28,US,Ohio,Carroll,229,7,0,40.578968599999996,-81.09178213,39019.0,850.8582893661293,3.056768558951965,222,224,7,0,217,221,27081,5,0,0,5,3
2020-10-28,US,Ohio,Champaign,440,3,0,40.13923427,-83.76875242,39021.0,1131.5417256011315,0.6818181818181818,437,432,3,0,429,423,38754,8,0,0,8,9
2020-10-28,US,Ohio,Clark,2705,57,0,39.91592258,-83.78498252,39023.0,2017.4071284204558,2.1072088724584104,2648,2668,57,0,2611,2631,134585,37,0,0,37,37
2020-10-28,US,Ohio,Clermont,2732,39,0,39.04847534,-84.15375786,39025.0,1323.4638711802666,1.4275256222547583,2693,2670,38,0,2632,2622,205466,62,1,0,61,48
2020-10-28,US,Ohio,Clinton,524,13,0,39.41485808,-83.80852286,39027.0,1248.570339306138,2.480916030534351,511,509,13,0,496,506,42057,15,0,0,15,3
2020-10-28,US,Ohio,Columbiana,2204,88,0,40.76932373,-80.78094576,39029.0,2163.2657067420473,3.992740471869329,2116,2190,88,0,2102,2185,102665,14,0,0,14,5
2020-10-28,US,Ohio,Coshocton,363,12,0,40.30096166,-81.91729018,39031.0,991.8032786885246,3.3057851239669422,351,357,12,0,345,344,36629,6,0,0,6,13
2020-10-28,US,Ohio,Crawford,548,8,0,40.85065156,-82.91989099,39033.0,1320.6728683665108,1.45985401459854,540,540,8,0,532,526,41550,8,0,0,8,14
2020-10-28,US,Ohio,Cuyahoga,20741,686,0,41.424119,-81.65918339,39035.0,1679.3352938128305,3.3074586567667903,20055,20582,686,0,19896,20452,1243857,159,0,0,159,130
2020-10-28,US,Ohio,Darke,1231,51,0,40.13412966,-84.6194517,39037.0,2408.3892551797,4.1429731925264015,1180,1202,51,0,1151,1190,51323,29,0,0,29,12
2020-10-28,US,Ohio,Defiance,529,13,0,41.32398837,-84.49076944,39039.0,1388.925355108042,2.457466918714556,516,514,13,0,501,505,38165,15,0,0,15,9
2020-10-28,US,Ohio,Delaware,3078,28,0,40.27942393,-83.00457058,39041.0,1471.4810901772187,0.9096816114359974,3050,3028,28,0,3000,2997,204826,50,0,0,50,31
2020-10-28,US,Ohio,Erie,1202,54,0,41.36796058,-82.62904521,39043.0,1618.5064497885978,4.492512479201332,1148,1196,54,0,1142,1194,74615,6,0,0,6,2
2020-10-28,US,Ohio,Fairfield,2904,57,0,39.75107189,-82.63088163,39045.0,1842.9436328328281,1.9628099173553717,2847,2873,57,0,2816,2842,155782,31,0,0,31,31
2020-10-28,US,Ohio,Fayette,476,10,0,39.56021306,-83.4562016,39047.0,1668.711656441718,2.100840336134454,466,468,10,0,458,461,28666,8,0,0,8,7
2020-10-28,US,Ohio,Franklin,33084,643,0,39.96995815,-83.01115755,39049.0,2512.5383898003884,1.943537661709588,32441,32767,642,0,32125,32468,1310300,317,1,0,316,299
2020-10-28,US,Ohio,Fulton,597,15,0,41.60213491,-84.12571393,39051.0,1417.1770403076487,2.512562814070352,582,583,15,0,568,571,42276,14,0,0,14,12
2020-10-28,US,Ohio,Gallia,316,13,0,38.82708533,-82.31647569,39053.0,1056.9268847414544,4.113924050632911,303,310,13,0,297,306,29979,6,0,0,6,4
2020-10-28,US,Ohio,Geauga,925,50,0,41.49952319,-81.17935342,39055.0,987.7307819624342,5.405405405405406,875,913,50,0,863,898,94031,12,0,0,12,15
2020-10-28,US,Ohio,Greene,2589,42,0,39.69116283,-83.89032084,39057.0,1532.5239586354676,1.6222479721900347,2547,2535,42,0,2493,2499,167995,54,0,0,54,36
2020-10-28,US,Ohio,Guernsey,383,8,0,40.05026529,-81.49248905,39059.0,985.209003215434,2.0887728459530033,375,367,8,0,359,365,39022,16,0,0,16,2
2020-10-28,US,Ohio,Hamilton,17917,346,0,39.19673558,-84.54502924,39061.0,2191.7543454034567,1.9311268627560416,17571,17719,344,0,17375,17564,816684,198,2,0,196,155
2020-10-28,US,Ohio,Hancock,1181,29,0,41.00250487,-83.66838948,39063.0,1558.3970019661401,2.4555461473327687,1152,1159,29,0,1130,1133,75930,22,0,0,22,26
2020-10-28,US,Ohio,Hardin,379,14,0,40.66015414,-83.65929931,39065.0,1208.3532600031886,3.693931398416887,365,374,14,0,360,367,31480,5,0,0,5,7
2020-10-28,US,Ohio,Harrison,89,3,0,40.29380509,-81.09068544,39067.0,591.7553191489362,3.3707865168539324,86,87,3,0,84,86,15174,2,0,0,2,1
2020-10-28,US,Ohio,Henry,538,17,0,41.333964200000004,-84.06830637,39069.0,1992.149892616456,3.159851301115242,521,535,17,0,518,531,27086,3,0,0,3,4
2020-10-28,US,Ohio,Highland,501,6,0,39.1839264,-83.60331456,39071.0,1160.77013970946,1.1976047904191616,495,491,6,0,485,475,43058,10,0,0,10,16
2020-10-28,US,Ohio,Hocking,221,9,0,39.49537927,-82.47991446,39073.0,781.913388055477,4.072398190045249,212,215,9,0,206,212,28385,6,0,0,6,3
2020-10-28,US,Ohio,Holmes,796,14,0,40.56163713,-81.92635677,39075.0,1810.7370336669696,1.7587939698492463,782,772,14,0,758,716,43892,24,0,0,24,56
2020-10-28,US,Ohio,Huron,741,15,0,41.14651175,-82.59867951,39077.0,1271.7536813922356,2.0242914979757085,726,737,15,0,722,729,58504,4,0,0,4,8
2020-10-28,US,Ohio,Jackson,510,8,0,39.01914254,-82.61818559999998,39079.0,1573.4427544503747,1.568627450980392,502,502,8,0,494,492,32384,8,0,0,8,10
2020-10-28,US,Ohio,Jefferson,509,4,0,40.38614126,-80.76259514,39081.0,779.1810179869881,0.7858546168958742,505,502,4,0,498,499,65767,7,0,0,7,3
2020-10-28,US,Ohio,Knox,446,16,0,40.39830217,-82.42027563,39083.0,715.638137415359,3.5874439461883414,430,439,16,0,423,425,61893,7,0,0,7,14
2020-10-28,US,Ohio,Lake,2135,60,0,41.69710807,-81.23676539,39085.0,927.6599072774594,2.8103044496487115,2075,2089,60,0,2029,2069,230514,46,0,0,46,20
2020-10-28,US,Ohio,Lawrence,1016,26,0,38.59743452,-82.53466552,39087.0,1708.6255318433316,2.559055118110236,990,997,25,0,972,985,59866,19,1,0,18,12
2020-10-28,US,Ohio,Licking,2851,67,0,40.09136236,-82.48185785,39089.0,1611.9912700297407,2.350052613118204,2784,2816,67,0,2749,2743,175769,35,0,0,35,73
2020-10-28,US,Ohio,Logan,483,3,0,40.38996525,-83.76784341,39091.0,1057.540725170783,0.6211180124223602,480,470,3,0,467,457,45358,13,0,0,13,13
2020-10-28,US,Ohio,Lorain,2927,90,0,41.29553751,-82.15083537,39093.0,944.702468749294,3.0748206354629315,2837,2897,90,0,2807,2862,309461,30,0,0,30,35
2020-10-28,US,Ohio,Lucas,8703,376,0,41.62101218,-83.65468618,39095.0,2031.7592238086788,4.320349304837412,8327,8647,376,0,8271,8549,429899,56,0,0,56,98
2020-10-28,US,Ohio,Madison,1091,16,0,39.89381073,-83.40178317,39097.0,2439.0243902439024,1.4665444546287811,1075,1086,15,0,1071,1081,44413,5,1,0,4,5
2020-10-28,US,Ohio,Mahoning,3910,287,0,41.01631101,-80.77287029,39099.0,1709.7904085568232,7.340153452685423,3623,3889,287,0,3602,3863,229642,21,0,0,21,26
2020-10-28,US,Ohio,Marion,3505,50,0,40.58610662,-83.15736305,39101.0,5384.603567203847,1.4265335235378032,3455,3487,50,0,3437,3456,65256,18,0,0,18,31
2020-10-28,US,Ohio,Medina,2036,43,0,41.11770589,-81.89986209999998,39103.0,1132.7094900581933,2.1119842829076623,1993,2006,43,0,1963,1972,179146,30,0,0,30,34
2020-10-28,US,Ohio,Meigs,220,12,0,39.09224872,-82.0305041,39105.0,960.4051163399837,5.454545454545454,208,219,12,0,207,214,23106,1,0,0,1,5
2020-10-28,US,Ohio,Mercer,1649,30,0,40.54043046,-84.62912742,39107.0,4005.149130477024,1.8192844147968463,1619,1616,30,0,1586,1596,40959,33,0,0,33,20
2020-10-28,US,Ohio,Miami,2196,58,0,40.0543329,-84.22871271,39109.0,2052.5858281847327,2.6411657559198543,2138,2152,58,0,2094,2132,106222,44,0,0,44,20
2020-10-28,US,Ohio,Monroe,186,18,0,39.72984936,-81.08464734,39111.0,1362.2381719642594,9.677419354838712,168,183,18,0,165,178,13790,3,0,0,3,5
2020-10-28,US,Ohio,Montgomery,11281,190,0,39.75394919,-84.29050975,39113.0,2121.7370370161393,1.6842478503678753,11091,11103,190,0,10913,10959,532331,178,0,0,178,144
2020-10-28,US,Ohio,Morgan,92,0,0,39.62081738,-81.85308173,39115.0,634.1328921974082,0.0,92,86,0,0,86,83,14604,6,0,0,6,3
2020-10-28,US,Ohio,Morrow,415,2,0,40.52363560000001,-82.7892599,39117.0,1174.705615942029,0.4819277108433735,413,408,2,0,406,387,35112,7,0,0,7,21
2020-10-28,US,Ohio,Muskingum,994,4,0,39.96575964,-81.94363275,39119.0,1152.9316244273039,0.4024144869215292,990,971,4,0,967,953,86183,23,0,0,23,18
2020-10-28,US,Ohio,Noble,182,0,0,39.76818851,-81.45937183,39121.0,1261.7859123682754,0.0,182,172,0,0,172,166,14354,10,0,0,10,6
2020-10-28,US,Ohio,Ottawa,617,30,0,41.53781826,-83.0940185,39123.0,1522.5169648365204,4.8622366288492715,587,614,30,0,584,610,40769,3,0,0,3,4
2020-10-28,US,Ohio,Paulding,251,2,0,41.11676341,-84.5801017,39125.0,1344.2587832047984,0.796812749003984,249,249,2,0,247,239,18760,2,0,0,2,10
2020-10-28,US,Ohio,Perry,395,11,0,39.73508655,-82.23804971,39127.0,1093.1532628549292,2.7848101265822787,384,393,11,0,382,385,36033,2,0,0,2,8
2020-10-28,US,Ohio,Pickaway,3131,46,0,39.64170392,-83.0243386,39129.0,5356.073695194758,1.4691791759821144,3085,3109,46,0,3063,3092,58086,22,0,0,22,17
2020-10-28,US,Ohio,Pike,344,0,0,39.07634001,-83.06769584,39131.0,1238.6576407892842,0.0,344,341,0,0,341,334,28067,3,0,0,3,7
2020-10-28,US,Ohio,Portage,1780,68,0,41.16793482,-81.19735782,39133.0,1095.6138515135474,3.820224719101124,1712,1747,68,0,1679,1724,162927,33,0,0,33,23
2020-10-28,US,Ohio,Preble,707,18,0,39.7420247,-84.64787018,39135.0,1729.3674477765271,2.545968882602546,689,691,18,0,673,677,40997,16,0,0,16,14
2020-10-28,US,Ohio,Putnam,1189,28,0,41.02094889,-84.1336111,39137.0,3511.4143114497506,2.3549201009251477,1161,1156,27,0,1129,1125,33780,33,1,0,32,31
2020-10-28,US,Ohio,Richland,1494,25,0,40.77180308,-82.53799609999999,39139.0,1233.1412912491542,1.6733601070950468,1469,1454,25,0,1429,1430,121099,40,0,0,40,24
2020-10-28,US,Ohio,Ross,1534,42,0,39.33705391,-83.06000914,39141.0,2000.886964234472,2.7379400260756195,1492,1509,40,0,1469,1489,76931,25,2,0,23,20
2020-10-28,US,Ohio,Sandusky,758,22,0,41.35624126,-83.137872,39143.0,1295.3279332854847,2.9023746701846966,736,747,22,0,725,740,58799,11,0,0,11,7
2020-10-28,US,Ohio,Scioto,961,9,0,38.80270163,-82.98907345,39145.0,1275.9911835780865,0.9365244536940688,952,949,9,0,940,921,75502,12,0,0,12,28
2020-10-28,US,Ohio,Seneca,652,14,0,41.12351311,-83.12783209,39147.0,1181.6303599260575,2.147239263803681,638,643,14,0,629,636,55207,9,0,0,9,7
2020-10-28,US,Ohio,Shelby,999,14,0,40.33163494,-84.20258189,39149.0,2055.9785964190164,1.4014014014014011,985,975,14,0,961,964,48627,24,0,0,24,11
2020-10-28,US,Ohio,Stark,4162,185,0,40.81482476,-81.36437305,39151.0,1123.025531157078,4.444978375780875,3977,4125,185,0,3940,4045,371574,37,0,0,37,80
2020-10-28,US,Ohio,Summit,7195,270,0,41.12464734,-81.53123079,39153.0,1329.9125899007972,3.7526059763724815,6925,7109,269,0,6840,6978,541918,86,1,0,85,131
2020-10-28,US,Ohio,Trumbull,2414,134,0,41.31735028,-80.76109643,39155.0,1219.352036125956,5.550952775476388,2280,2404,134,0,2270,2380,198627,10,0,0,10,24
2020-10-28,US,Ohio,Tuscarawas,1440,29,0,40.44214695,-81.47226262,39157.0,1565.4385945840177,2.0138888888888893,1411,1419,28,0,1391,1386,92176,21,1,0,20,33
2020-10-28,US,Ohio,Union,815,3,0,40.30016061,-83.37239023,39159.0,1381.6369431070725,0.3680981595092024,812,802,3,0,799,799,57835,13,0,0,13,3
2020-10-28,US,Ohio,Van Wert,307,5,0,40.8554138,-84.59111700000003,39161.0,1085.764809902741,1.6286644951140066,302,300,5,0,295,290,28281,7,0,0,7,10
2020-10-28,US,Ohio,Vinton,120,3,0,39.25208988,-82.4831444,39163.0,917.0806266717616,2.5,117,114,3,0,111,109,13139,6,0,0,6,5
2020-10-28,US,Ohio,Warren,4612,66,0,39.42581994,-84.16557457,39165.0,1965.882643796728,1.4310494362532524,4546,4541,66,0,4475,4465,232173,71,0,0,71,76
2020-10-28,US,Ohio,Washington,394,24,0,39.45690571,-81.49121382,39167.0,657.6421692176729,6.091370558375634,370,391,24,0,367,381,60155,3,0,0,3,10
2020-10-28,US,Ohio,Wayne,1649,72,0,40.82925852,-81.88844833,39169.0,1425.1145104139664,4.366282595512431,1577,1609,72,0,1537,1558,115967,40,0,0,40,51
2020-10-28,US,Ohio,Williams,380,4,0,41.56052014,-84.58429552,39171.0,1035.648097677968,1.0526315789473684,376,374,4,0,370,366,36804,6,0,0,6,8
2020-10-28,US,Ohio,Wood,2669,83,0,41.36224827,-83.62285108,39173.0,2040.2547069570471,3.109778943424504,2586,2648,83,0,2565,2620,130696,21,0,0,21,28
2020-10-28,US,Ohio,Wyandot,313,13,0,40.84339621,-83.30734173,39175.0,1437.6263090207606,4.15335463258786,300,307,13,0,294,303,21935,6,0,0,6,4
2020-10-28,US,Oklahoma,Adair,815,11,0,35.88494195,-94.65859267,40001.0,3672.1636478327478,1.3496932515337423,804,801,11,0,790,795,22082,14,0,0,14,6
2020-10-28,US,Oklahoma,Alfalfa,122,0,0,36.73090616,-98.32408495,40003.0,2139.6001403016485,0.0,122,122,0,0,122,120,5754,0,0,0,0,2
2020-10-28,US,Oklahoma,Atoka,452,1,0,34.37366573,-96.03802487,40005.0,3285.361244366914,0.22123893805309736,451,450,1,0,449,436,13838,2,0,0,2,14
2020-10-28,US,Oklahoma,Beaver,92,1,0,36.7496847,-100.4758872,40007.0,1732.253812841273,1.0869565217391304,91,89,1,0,88,88,5319,3,0,0,3,1
2020-10-28,US,Oklahoma,Beckham,912,11,0,35.26862449,-99.68128023,40009.0,4172.194519419919,1.2061403508771928,901,911,11,0,900,904,21709,1,0,0,1,7
2020-10-28,US,Oklahoma,Blaine,215,1,0,35.87518314,-98.43307003,40011.0,2280.199384876445,0.4651162790697674,214,215,1,0,214,212,9485,0,0,0,0,3
2020-10-28,US,Oklahoma,Bryan,1574,13,0,33.96472458,-96.25903472,40013.0,3279.5082821127203,0.8259212198221093,1561,1556,13,0,1543,1528,47192,18,0,0,18,28
2020-10-28,US,Oklahoma,Caddo,1155,26,0,35.17364557,-98.37534464,40015.0,4015.715179751061,2.2510822510822512,1129,1146,26,0,1120,1146,28977,9,0,0,9,0
2020-10-28,US,Oklahoma,Canadian,4009,23,0,35.5426055,-97.98465569,40017.0,2703.194745998139,0.5737091544025942,3986,3987,23,0,3964,3896,144447,22,0,0,22,91
2020-10-28,US,Oklahoma,Carter,865,10,0,34.25103751,-97.28552485,40019.0,1797.925630313234,1.1560693641618498,855,858,10,0,848,846,48177,7,0,0,7,12
2020-10-28,US,Oklahoma,Cherokee,1395,8,0,35.90692775,-94.99980896,40021.0,2867.007830322461,0.5734767025089605,1387,1388,8,0,1380,1382,48675,7,0,0,7,6
2020-10-28,US,Oklahoma,Choctaw,457,2,0,34.02807439,-95.54771129,40023.0,3114.7764449291167,0.43763676148796504,455,450,2,0,448,453,14668,7,0,0,7,-3
2020-10-28,US,Oklahoma,Cimarron,39,0,0,36.74817177,-102.5173885,40025.0,1824.9883013570425,0.0,39,39,0,0,39,37,2153,0,0,0,0,2
2020-10-28,US,Oklahoma,Cleveland,8400,99,0,35.20413532,-97.32519562,40027.0,2957.600681656538,1.1785714285714286,8301,8369,96,0,8273,8331,281669,31,3,0,28,38
2020-10-28,US,Oklahoma,Coal,100,0,0,34.58840127,-96.29798747,40029.0,1819.8362147406733,0.0,100,100,0,0,100,97,5520,0,0,0,0,3
2020-10-28,US,Oklahoma,Comanche,2437,17,0,34.65973764,-98.47195055,40031.0,2018.236175868951,0.6975789905621665,2420,2417,17,0,2400,2390,120422,20,0,0,20,27
2020-10-28,US,Oklahoma,Cotton,102,3,0,34.28845626,-98.37053567,40033.0,1800.2117896223083,2.9411764705882355,99,100,3,0,97,98,5776,2,0,0,2,2
2020-10-28,US,Oklahoma,Craig,629,2,0,36.76268118,-95.20916602,40035.0,4447.744307735822,0.3179650238473768,627,625,2,0,623,618,14306,4,0,0,4,7
2020-10-28,US,Oklahoma,Creek,1597,37,0,35.90230551,-96.37086028,40037.0,2232.8793937529713,2.316844082654978,1560,1582,37,0,1545,1568,71604,15,0,0,15,14
2020-10-28,US,Oklahoma,Custer,1104,6,0,35.63853802,-99.00170785,40039.0,3806.5027755749406,0.5434782608695652,1098,1092,6,0,1086,1085,29036,12,0,0,12,7
2020-10-28,US,Oklahoma,Delaware,1260,28,0,36.40823634,-94.80325046,40041.0,2929.6193819898162,2.2222222222222223,1232,1250,28,0,1222,1248,42733,10,0,0,10,2
2020-10-28,US,Oklahoma,Dewey,93,1,0,35.98772922,-99.00730714,40043.0,1901.451645880188,1.075268817204301,92,93,1,0,92,92,4894,0,0,0,0,1
2020-10-28,US,Oklahoma,Ellis,24,0,0,36.218019399999996,-99.75324573,40045.0,621.9227779217414,0.0,24,22,0,0,22,22,3952,2,0,0,2,0
2020-10-28,US,Oklahoma,Garfield,2455,28,0,36.3791334,-97.78265517,40047.0,4020.8988469601677,1.140529531568228,2427,2443,28,0,2415,2415,60913,12,0,0,12,28
2020-10-28,US,Oklahoma,Garvin,689,6,0,34.70418038,-97.30811132,40049.0,2486.3772509111905,0.8708272859216255,683,679,6,0,673,661,27811,10,0,0,10,18
2020-10-28,US,Oklahoma,Grady,1631,16,0,35.0167709,-97.88339847,40051.0,2921.1591503385034,0.9809932556713672,1615,1624,16,0,1608,1612,55551,7,0,0,7,12
2020-10-28,US,Oklahoma,Grant,105,1,0,36.796296999999996,-97.78638765,40053.0,2423.2633279483043,0.9523809523809524,104,101,1,0,100,99,4326,4,0,0,4,2
2020-10-28,US,Oklahoma,Greer,152,8,0,34.93535801,-99.56056120000001,40055.0,2661.064425770308,5.2631578947368425,144,149,8,0,141,150,5821,3,0,0,3,-1
2020-10-28,US,Oklahoma,Harmon,72,0,0,34.7440135,-99.84741652,40057.0,2713.9087825103657,0.0,72,70,0,0,70,69,2664,2,0,0,2,1
2020-10-28,US,Oklahoma,Harper,72,1,0,36.78836519,-99.6679804,40059.0,1952.2776572668115,1.3888888888888888,71,72,1,0,71,70,3797,0,0,0,0,2
2020-10-28,US,Oklahoma,Haskell,384,5,0,35.22257600000001,-95.11513306,40061.0,3041.1023996198633,1.3020833333333333,379,381,5,0,376,377,12668,3,0,0,3,4
2020-10-28,US,Oklahoma,Hughes,404,4,0,35.04912569,-96.24921145,40063.0,3042.397770916485,0.99009900990099,400,396,4,0,392,398,13335,8,0,0,8,-2
2020-10-28,US,Oklahoma,Jackson,1132,13,0,34.58781741,-99.41138784,40065.0,4614.757439869548,1.1484098939929328,1119,1122,13,0,1109,1116,24949,10,0,0,10,6
2020-10-28,US,Oklahoma,Jefferson,81,0,0,34.11130184,-97.83182974,40067.0,1349.5501499500167,0.0,81,80,0,0,80,78,6123,1,0,0,1,2
2020-10-28,US,Oklahoma,Johnston,299,4,0,34.31440473,-96.66011537,40069.0,2697.338746053225,1.3377926421404682,295,291,4,0,287,287,10949,8,0,0,8,4
2020-10-28,US,Oklahoma,Kay,897,16,0,36.81799745,-97.14421435,40071.0,2060.2691901327576,1.7837235228539576,881,883,16,0,867,866,44161,14,0,0,14,17
2020-10-28,US,Oklahoma,Kingfisher,560,3,0,35.94530008,-97.94193268,40073.0,3552.172534094513,0.5357142857142857,557,558,3,0,555,552,15816,2,0,0,2,6
2020-10-28,US,Oklahoma,Kiowa,178,3,0,34.91671958,-98.97720696,40075.0,2044.0973817179608,1.6853932584269662,175,178,3,0,175,176,8729,0,0,0,0,2
2020-10-28,US,Oklahoma,Latimer,211,2,0,34.87844729,-95.25215049,40077.0,2094.708627022734,0.9478672985781992,209,209,2,0,207,209,10231,2,0,0,2,0
2020-10-28,US,Oklahoma,Le Flore,1682,24,0,34.89851864,-94.70392124,40079.0,3373.919322809058,1.4268727705112958,1658,1680,22,0,1658,1651,49980,2,2,0,0,29
2020-10-28,US,Oklahoma,Lincoln,802,22,0,35.70270942,-96.8812462,40081.0,2299.5097055366,2.743142144638404,780,794,22,0,772,785,34920,8,0,0,8,9
2020-10-28,US,Oklahoma,Logan,862,2,0,35.91899576,-97.44352845,40083.0,1795.4218824852633,0.2320185614849188,860,861,2,0,859,849,47291,1,0,0,1,12
2020-10-28,US,Oklahoma,Love,273,1,0,33.95273467,-97.23906784,40085.0,2662.635326245977,0.3663003663003663,272,272,1,0,271,271,10134,1,0,0,1,1
2020-10-28,US,Oklahoma,Major,177,2,0,36.31149996,-98.53467076,40093.0,2320.094376720409,1.1299435028248588,175,176,2,0,174,175,7644,1,0,0,1,1
2020-10-28,US,Oklahoma,Marshall,276,2,0,34.02311222,-96.76855464,40095.0,1630.1458862441675,0.7246376811594203,274,273,2,0,271,271,16806,3,0,0,3,2
2020-10-28,US,Oklahoma,Mayes,982,14,0,36.30179091,-95.23175116,40097.0,2389.294403892944,1.4256619144602851,968,976,13,0,963,972,41107,6,1,0,5,4
2020-10-28,US,Oklahoma,McClain,1337,11,0,35.01123903,-97.44572302,40087.0,3303.3552404012453,0.8227374719521316,1326,1327,10,0,1317,1316,39985,10,1,0,9,11
2020-10-28,US,Oklahoma,McCurtain,1630,40,0,34.11664328,-94.77222373,40089.0,4964.668615984406,2.4539877300613497,1590,1621,39,0,1582,1616,32703,9,1,0,8,5
2020-10-28,US,Oklahoma,McIntosh,510,10,0,35.37235506,-95.66599306,40091.0,2602.571953459889,1.96078431372549,500,507,10,0,497,506,19815,3,0,0,3,1
2020-10-28,US,Oklahoma,Murray,310,2,0,34.48116015,-97.06826283,40099.0,2202.7996873445604,0.6451612903225806,308,304,2,0,302,303,13953,6,0,0,6,1
2020-10-28,US,Oklahoma,Muskogee,2364,28,0,35.61318461,-95.37802952,40101.0,3476.623968704501,1.1844331641285957,2336,2349,28,0,2321,2327,68362,15,0,0,15,22
2020-10-28,US,Oklahoma,Noble,183,3,0,36.38953329,-97.22928674,40103.0,1644.057137723475,1.639344262295082,180,179,3,0,176,175,11289,4,0,0,4,4
2020-10-28,US,Oklahoma,Nowata,257,4,0,36.79843529,-95.61902331,40105.0,2550.615323541088,1.5564202334630348,253,257,4,0,253,255,10218,0,0,0,0,2
2020-10-28,US,Oklahoma,Okfuskee,545,8,0,35.46485198,-96.32639984,40107.0,4544.317518552489,1.4678899082568808,537,543,7,0,536,543,12098,2,1,0,1,0
2020-10-28,US,Oklahoma,Oklahoma,23997,231,0,35.55140095,-97.40716948,40109.0,3009.2772568011897,0.9626203275409426,23766,23881,231,0,23650,23726,792582,116,0,0,116,155
2020-10-28,US,Oklahoma,Okmulgee,1243,9,0,35.64661916,-95.96432828,40111.0,3231.509164175224,0.7240547063555913,1234,1231,9,0,1222,1224,38335,12,0,0,12,7
2020-10-28,US,Oklahoma,Osage,1388,13,0,36.62888819,-96.39635704,40113.0,2955.518173881567,0.936599423631124,1375,1384,13,0,1371,1377,47014,4,0,0,4,7
2020-10-28,US,Oklahoma,Ottawa,1260,10,0,36.83532655,-94.81011909,40115.0,4047.932662961416,0.7936507936507936,1250,1246,9,0,1237,1231,31175,14,1,0,13,15
2020-10-28,US,Oklahoma,Pawnee,339,5,0,36.31743373,-96.70331759999999,40117.0,2070.1025891548607,1.4749262536873156,334,336,5,0,331,331,16390,3,0,0,3,5
2020-10-28,US,Oklahoma,Payne,2812,12,0,36.07695283,-96.97584944,40119.0,3438.3253448107207,0.4267425320056899,2800,2811,12,0,2799,2804,82040,1,0,0,1,7
2020-10-28,US,Oklahoma,Pittsburg,1267,20,0,34.92065823,-95.75134320000001,40121.0,2902.368626013653,1.5785319652722969,1247,1261,20,0,1241,1247,43877,6,0,0,6,14
2020-10-28,US,Oklahoma,Pontotoc,814,4,0,34.72959848,-96.68337199,40123.0,2126.214606624177,0.4914004914004914,810,794,4,0,790,784,38247,20,0,0,20,10
2020-10-28,US,Oklahoma,Pottawatomie,2232,14,0,35.20614018,-96.94923008,40125.0,3074.718977297774,0.6272401433691757,2218,2211,14,0,2197,2181,72679,21,0,0,21,30
2020-10-28,US,Oklahoma,Pushmataha,279,6,0,34.41635232,-95.37603505,40127.0,2514.419610670512,2.150537634408602,273,279,6,0,273,275,11179,0,0,0,0,4
2020-10-28,US,Oklahoma,Roger Mills,89,4,0,35.68711719,-99.69666167,40129.0,2483.951995534468,4.49438202247191,85,89,4,0,85,89,3656,0,0,0,0,0
2020-10-28,US,Oklahoma,Rogers,2469,55,0,36.37004357,-95.60406759,40131.0,2670.372813895889,2.227622519238558,2414,2449,55,0,2394,2418,91984,20,0,0,20,31
2020-10-28,US,Oklahoma,Seminole,796,6,0,35.16478725,-96.61686741,40133.0,3281.3917058290053,0.7537688442211056,790,791,6,0,785,784,24578,5,0,0,5,7
2020-10-28,US,Oklahoma,Sequoyah,1251,13,0,35.49447108,-94.75463785,40135.0,3009.4541605523345,1.0391686650679457,1238,1242,13,0,1229,1234,41179,9,0,0,9,8
2020-10-28,US,Oklahoma,Stephens,756,8,0,34.48556989,-97.85141892,40137.0,1752.3120784368264,1.058201058201058,748,741,8,0,733,711,43265,15,0,0,15,30
2020-10-28,US,Oklahoma,Texas,1807,10,0,36.74777635,-101.4889765,40139.0,9042.68628334084,0.5534034311012729,1797,1797,10,0,1787,1786,20455,10,0,0,10,11
2020-10-28,US,Oklahoma,Tillman,148,3,0,34.37288446,-98.92426619,40141.0,2041.379310344828,2.0270270270270268,145,147,3,0,144,148,7348,1,0,0,1,-1
2020-10-28,US,Oklahoma,Tulsa,21922,204,0,36.11939621,-95.94013939,40143.0,3364.581798536418,0.930572028099626,21718,21829,201,0,21628,21692,648360,93,3,0,90,137
2020-10-28,US,Oklahoma,Unassigned,9,0,0,0.0,0.0,90040.0,0.0,0.0,9,6,0,0,6,6,,3,0,0,3,0
2020-10-28,US,Oklahoma,Wagoner,1937,30,0,35.96024096,-95.51911308,40145.0,2382.8562290100754,1.5487867836861124,1907,1919,30,0,1889,1886,80110,18,0,0,18,33
2020-10-28,US,Oklahoma,Washington,1341,41,0,36.71380786,-95.90514104,40147.0,2602.519067673258,3.0574198359433264,1300,1328,41,0,1287,1316,51843,13,0,0,13,12
2020-10-28,US,Oklahoma,Washita,185,0,0,35.29071824,-98.99180434,40149.0,1694.7599853426166,0.0,185,185,0,0,185,181,11127,0,0,0,0,4
2020-10-28,US,Oklahoma,Woods,184,0,0,36.76705782,-98.86573064,40151.0,2092.5736381212328,0.0,184,184,0,0,184,181,8897,0,0,0,0,3
2020-10-28,US,Oklahoma,Woodward,1267,5,0,36.42316318,-99.26283045,40153.0,6268.8634901786145,0.39463299131807417,1262,1251,5,0,1246,1245,20222,16,0,0,16,6
2020-10-28,US,Oregon,Baker,133,3,0,44.70915557,-117.6749883,41001.0,824.8573554949144,2.255639097744361,130,125,3,0,122,120,16006,8,0,0,8,5
2020-10-28,US,Oregon,Benton,448,6,0,44.49167306,-123.4316987,41003.0,481.44605762307503,1.3392857142857142,442,445,6,0,439,442,92101,3,0,0,3,3
2020-10-28,US,Oregon,Clackamas,3206,66,0,45.18787398,-122.2179634,41005.0,766.6426742103412,2.058640049906425,3140,3172,65,0,3107,3139,416075,34,1,0,33,33
2020-10-28,US,Oregon,Clatsop,246,0,0,45.99712889,-123.660711,41007.0,611.5751789976134,0.0,246,244,0,0,244,243,39764,2,0,0,2,1
2020-10-28,US,Oregon,Columbia,270,1,0,45.94464254,-123.08908980000001,41009.0,515.719906788402,0.3703703703703704,269,269,1,0,268,266,52377,1,0,0,1,3
2020-10-28,US,Oregon,Coos,259,1,0,43.17406868,-124.0594514,41011.0,401.6313365484516,0.3861003861003861,258,251,0,0,251,246,64389,8,1,0,7,5
2020-10-28,US,Oregon,Crook,112,2,0,44.14230227,-120.356297,41013.0,458.94115718734633,1.7857142857142858,110,110,2,0,108,109,23867,2,0,0,2,1
2020-10-28,US,Oregon,Curry,58,1,0,42.45911325,-124.15728200000001,41015.0,252.99890948745912,1.7241379310344829,57,58,1,0,57,57,22813,0,0,0,0,1
2020-10-28,US,Oregon,Deschutes,1161,13,0,43.91570171,-121.2289121,41017.0,587.2771786415233,1.119724375538329,1148,1136,13,0,1123,1132,191996,25,0,0,25,4
2020-10-28,US,Oregon,Douglas,363,8,0,43.27941273,-123.16729099999999,41019.0,327.0859614344927,2.203856749311295,355,359,8,0,351,350,110283,4,0,0,4,9
2020-10-28,US,Oregon,Gilliam,11,0,0,45.37160076,-120.20488689999999,41021.0,575.3138075313808,0.0,11,11,0,0,11,11,1894,0,0,0,0,0
2020-10-28,US,Oregon,Grant,11,0,0,44.49024544,-119.0068631,41023.0,152.79899986109183,0.0,11,11,0,0,11,11,7176,0,0,0,0,0
2020-10-28,US,Oregon,Harney,34,0,0,43.06422669,-118.96663059999999,41025.0,459.89449479237123,0.0,34,34,0,0,34,23,7329,0,0,0,0,11
2020-10-28,US,Oregon,Hood River,279,1,0,45.51872811,-121.65520359999998,41027.0,1193.2255581216318,0.35842293906810035,278,277,1,0,276,277,23428,2,0,0,2,0
2020-10-28,US,Oregon,Jackson,1742,7,0,42.43201126,-122.72893090000001,41029.0,788.4350785719458,0.4018369690011481,1735,1707,6,0,1701,1684,219564,35,1,0,34,23
2020-10-28,US,Oregon,Jefferson,605,10,0,44.62806839,-121.17832,41031.0,2453.5647659988645,1.6528925619834711,595,605,9,0,596,604,24192,0,1,0,-1,1
2020-10-28,US,Oregon,Josephine,269,3,0,42.3665549,-123.5561938,41033.0,307.47425331763577,1.1152416356877324,266,269,3,0,266,267,87393,0,0,0,0,2
2020-10-28,US,Oregon,Klamath,421,3,0,42.68762984,-121.64964609999998,41035.0,616.9582930332073,0.7125890736342043,418,417,3,0,414,411,67653,4,0,0,4,6
2020-10-28,US,Oregon,Lake,41,0,0,42.79246693,-120.38501629999999,41037.0,521.031897318592,0.0,41,38,0,0,38,37,7879,3,0,0,3,1
2020-10-28,US,Oregon,Lane,2451,27,0,43.93727035,-122.847753,41039.0,641.5105204061067,1.1015911872705018,2424,2419,27,0,2392,2392,379611,32,0,0,32,27
2020-10-28,US,Oregon,Lincoln,518,13,0,44.64252874,-123.86991200000001,41041.0,1036.7879588487249,2.509652509652509,505,517,13,0,504,517,49388,1,0,0,1,0
2020-10-28,US,Oregon,Linn,827,15,0,44.48899494,-122.53731540000001,41043.0,637.3844885124355,1.8137847642079807,812,816,15,0,801,810,127335,11,0,0,11,6
2020-10-28,US,Oregon,Malheur,1943,38,0,43.1937027,-117.62273950000001,41045.0,6355.696575185633,1.9557385486361296,1905,1927,38,0,1889,1917,30725,16,0,0,16,10
2020-10-28,US,Oregon,Marion,5963,108,0,44.90287942,-122.58151170000001,41047.0,1714.4023598548667,1.811168874727486,5855,5929,108,0,5821,5858,346868,34,0,0,34,71
2020-10-28,US,Oregon,Morrow,546,7,0,45.41846568,-119.584546,41049.0,4705.679565629579,1.2820512820512822,539,545,7,0,538,545,11372,1,0,0,1,0
2020-10-28,US,Oregon,Multnomah,9401,165,0,45.54747959,-122.4169351,41051.0,1156.5408344661716,1.7551324327199234,9236,9292,163,0,9129,9228,811880,109,2,0,107,64
2020-10-28,US,Oregon,Polk,663,15,0,44.90322804,-123.4128888,41053.0,770.1690189928559,2.262443438914027,648,657,15,0,642,654,85234,6,0,0,6,3
2020-10-28,US,Oregon,Sherman,19,0,0,45.41501554,-120.6827834,41055.0,1067.4157303370787,0.0,19,19,0,0,19,19,1708,0,0,0,0,0
2020-10-28,US,Oregon,Tillamook,72,0,0,45.46248721,-123.712066,41057.0,266.3115845539281,0.0,72,70,0,0,70,70,26787,2,0,0,2,0
2020-10-28,US,Oregon,Umatilla,3393,45,0,45.59073056,-118.7353826,41059.0,4352.7902501603585,1.326259946949602,3348,3376,45,0,3331,3354,77516,17,0,0,17,22
2020-10-28,US,Oregon,Union,477,2,0,45.30915495,-118.0068979,41061.0,1777.5293460033538,0.4192872117400419,475,468,2,0,466,467,26461,9,0,0,9,1
2020-10-28,US,Oregon,Wallowa,46,2,0,45.57894064,-117.18353799999998,41063.0,638.1798002219756,4.3478260869565215,44,46,2,0,44,44,7081,0,0,0,0,2
2020-10-28,US,Oregon,Wasco,349,16,0,45.16292781,-121.16709540000001,41065.0,1307.997901206806,4.584527220630372,333,348,16,0,332,347,26505,1,0,0,1,1
2020-10-28,US,Oregon,Washington,5885,78,0,45.55972701,-123.0955257,41067.0,978.2377425231717,1.325403568394223,5807,5838,77,0,5761,5790,597695,47,1,0,46,48
2020-10-28,US,Oregon,Wheeler,1,0,0,44.72698162,-120.02814270000002,41069.0,75.07507507507508,0.0,1,2,0,0,2,1,1366,-1,0,0,-1,1
2020-10-28,US,Oregon,Yamhill,1005,15,0,45.23330449,-123.3086963,41071.0,938.375350140056,1.492537313432836,990,1001,15,0,986,994,107002,4,0,0,4,7
2020-10-28,US,Pennsylvania,Adams,1133,27,0,39.87140411,-77.21610347,42001.0,1099.9038918929414,2.383053839364519,1106,1118,27,0,1091,1100,102811,15,0,0,15,18
2020-10-28,US,Pennsylvania,Allegheny,15300,411,0,40.46809875,-79.98167747,42003.0,1258.1771233794802,2.6862745098039214,14889,15101,410,0,14691,14995,1218452,199,1,0,198,106
2020-10-28,US,Pennsylvania,Armstrong,699,21,0,40.81665618,-79.46290811,42005.0,1079.7868232022863,3.004291845493562,678,690,21,0,669,655,65263,9,0,0,9,35
2020-10-28,US,Pennsylvania,Beaver,2270,140,0,40.6825484,-80.34921611,42007.0,1384.7458350871414,6.167400881057269,2130,2255,140,0,2115,2246,164742,15,0,0,15,9
2020-10-28,US,Pennsylvania,Bedford,398,6,0,40.00522157,-78.48998442,42009.0,831.105913798864,1.5075376884422111,392,392,6,0,386,383,48176,6,0,0,6,9
2020-10-28,US,Pennsylvania,Berks,9290,422,0,40.41570541,-75.92457766,42011.0,2205.7915681302293,4.542518837459634,8868,9155,421,0,8734,9024,420152,135,1,0,134,131
2020-10-28,US,Pennsylvania,Blair,1237,29,0,40.47961444,-78.34917412,42013.0,1015.3575913780792,2.3443815683104283,1208,1212,27,0,1185,1186,122492,25,2,0,23,26
2020-10-28,US,Pennsylvania,Bradford,745,14,0,41.78869215,-76.51570822,42015.0,1235.0181522802247,1.8791946308724832,731,701,14,0,687,656,60833,44,0,0,44,45
2020-10-28,US,Pennsylvania,Bucks,10171,626,0,40.33682119,-75.10836643,42017.0,1618.889967689051,6.1547537115327895,9545,10112,626,0,9486,10053,628195,59,0,0,59,59
2020-10-28,US,Pennsylvania,Butler,1701,28,0,40.91152759,-79.91351055,42019.0,905.4952542679648,1.6460905349794241,1673,1661,28,0,1633,1623,187888,40,0,0,40,38
2020-10-28,US,Pennsylvania,Cambria,1095,7,0,40.49527404,-78.71377428,42021.0,841.0655032567288,0.6392694063926939,1088,1073,7,0,1066,1035,131730,22,0,0,22,38
2020-10-28,US,Pennsylvania,Cameron,9,0,0,41.43625568,-78.20376845,42023.0,202.38362941308748,0.0,9,9,0,0,9,8,4492,0,0,0,0,1
2020-10-28,US,Pennsylvania,Carbon,587,30,0,40.91545395,-75.7068525,42025.0,914.5866442304697,5.110732538330495,557,581,29,0,552,574,64227,6,1,0,5,7
2020-10-28,US,Pennsylvania,Centre,4138,16,0,40.92058903,-77.82200624,42027.0,2548.264925947594,0.3866602223296278,4122,4097,16,0,4081,4070,162805,41,0,0,41,27
2020-10-28,US,Pennsylvania,Chester,8093,379,0,39.97291773,-75.74768357,42029.0,1541.5561087946605,4.6830594340788325,7714,8039,378,0,7661,7986,522046,54,1,0,53,53
2020-10-28,US,Pennsylvania,Clarion,222,4,0,41.19265812,-79.42413524,42031.0,577.5534627191843,1.8018018018018016,218,220,4,0,216,216,38779,2,0,0,2,4
2020-10-28,US,Pennsylvania,Clearfield,469,7,0,41.00110782,-78.47592663,42033.0,591.760772191029,1.492537313432836,462,462,7,0,455,451,79388,7,0,0,7,11
2020-10-28,US,Pennsylvania,Clinton,267,7,0,41.23255967,-77.63785995,42035.0,691.1368813418927,2.621722846441948,260,261,7,0,254,259,38684,6,0,0,6,2
2020-10-28,US,Pennsylvania,Columbia,1055,41,0,41.04821986,-76.40565017,42037.0,1623.9763561357058,3.886255924170616,1014,1053,41,0,1012,1050,65456,2,0,0,2,3
2020-10-28,US,Pennsylvania,Crawford,523,3,0,41.68447709,-80.10760592,42039.0,617.9914686454997,0.5736137667304015,520,490,3,0,487,478,85063,33,0,0,33,12
2020-10-28,US,Pennsylvania,Cumberland,2467,79,0,40.1625372,-77.26130755,42041.0,973.6748628487982,3.2022699635184435,2388,2438,79,0,2359,2396,251423,29,0,0,29,42
2020-10-28,US,Pennsylvania,Dauphin,4818,195,0,40.41377078,-76.77993242,42043.0,1731.2315171811613,4.0473225404732265,4623,4745,195,0,4550,4688,277097,73,0,0,73,57
2020-10-28,US,Pennsylvania,Delaware,13527,769,0,39.91680171,-75.40243663,42045.0,2386.7792859953383,5.684926443409477,12758,13397,769,0,12628,13269,564751,130,0,0,130,128
2020-10-28,US,Pennsylvania,Elk,164,2,0,41.42822061,-78.64524744,42047.0,548.3116014710798,1.2195121951219512,162,160,2,0,158,155,30169,4,0,0,4,5
2020-10-28,US,Pennsylvania,Erie,2087,40,0,41.99253829,-80.03301954,42049.0,773.7424368252463,1.9166267369429804,2047,2054,40,0,2014,2013,272061,33,0,0,33,41
2020-10-28,US,Pennsylvania,Fayette,1019,15,0,39.92041012,-79.64291195,42051.0,788.2482169655151,1.4720314033366044,1004,1006,14,0,992,1002,130441,13,1,0,12,4
2020-10-28,US,Pennsylvania,Forest,19,1,0,41.51095103,-79.23229292,42053.0,262.17745273906445,5.2631578947368425,18,19,1,0,18,19,7279,0,0,0,0,0
2020-10-28,US,Pennsylvania,Franklin,2190,54,0,39.92956518,-77.72157791,42055.0,1412.6571500448306,2.4657534246575343,2136,2168,54,0,2114,2115,154835,22,0,0,22,53
2020-10-28,US,Pennsylvania,Fulton,83,4,0,39.92913544,-78.11163677,42057.0,571.2319339298002,4.819277108433735,79,80,4,0,76,70,14523,3,0,0,3,10
2020-10-28,US,Pennsylvania,Greene,240,1,0,39.85746531,-80.22357106,42059.0,662.3795987083597,0.4166666666666667,239,231,1,0,230,227,36506,9,0,0,9,4
2020-10-28,US,Pennsylvania,Huntingdon,957,17,0,40.42162652,-77.97673273,42061.0,2119.8830409356724,1.7763845350052248,940,932,15,0,917,874,45168,25,2,0,23,58
2020-10-28,US,Pennsylvania,Indiana,1109,16,0,40.65241041,-79.08963285,42063.0,1319.091741700665,1.442741208295762,1093,1087,16,0,1071,1080,84501,22,0,0,22,7
2020-10-28,US,Pennsylvania,Jefferson,187,4,0,41.12913106,-78.9986361,42065.0,430.62751871042025,2.1390374331550803,183,185,4,0,181,180,43641,2,0,0,2,5
2020-10-28,US,Pennsylvania,Juniata,237,8,0,40.53358749,-77.39975129999998,42067.0,957.0730525380608,3.3755274261603376,229,231,8,0,223,227,24704,6,0,0,6,4
2020-10-28,US,Pennsylvania,Lackawanna,3746,218,0,41.43564672,-75.60379201,42069.0,1786.5829811993854,5.819540843566472,3528,3702,218,0,3484,3653,210793,44,0,0,44,49
2020-10-28,US,Pennsylvania,Lancaster,9573,476,0,40.03904563,-76.24770128,42071.0,1754.1834333839083,4.972317977645461,9097,9483,475,0,9008,9413,543557,90,1,0,89,70
2020-10-28,US,Pennsylvania,Lawrence,879,34,0,40.99206278,-80.33393706,42073.0,1027.9259051361212,3.868031854379977,845,865,34,0,831,849,86184,14,0,0,14,16
2020-10-28,US,Pennsylvania,Lebanon,3038,66,0,40.36680311,-76.45651841,42075.0,2142.559928910454,2.1724818959842,2972,2964,66,0,2898,2897,141314,74,0,0,74,67
2020-10-28,US,Pennsylvania,Lehigh,6593,365,0,40.6154815,-75.59435245,42077.0,1785.1824173205746,5.536174730775063,6228,6541,365,0,6176,6496,368100,52,0,0,52,45
2020-10-28,US,Pennsylvania,Luzerne,5337,198,0,41.17823008,-75.98447579,42079.0,1681.3844249047784,3.7099494097807764,5139,5273,197,0,5076,5195,317646,64,1,0,63,78
2020-10-28,US,Pennsylvania,Lycoming,968,32,0,41.34310539,-77.06629984,42081.0,854.3764728726642,3.3057851239669422,936,960,31,0,929,950,113664,8,1,0,7,10
2020-10-28,US,Pennsylvania,McKean,136,2,0,41.80938602,-78.56478358,42083.0,334.76923076923083,1.4705882352941178,134,132,2,0,130,129,40968,4,0,0,4,3
2020-10-28,US,Pennsylvania,Mercer,1052,26,0,41.30248872,-80.25816981,42085.0,961.3978651849684,2.4714828897338403,1026,1034,25,0,1009,1015,110683,18,1,0,17,19
2020-10-28,US,Pennsylvania,Mifflin,396,3,0,40.61116939,-77.61070738,42087.0,858.2946811738698,0.7575757575757576,393,381,3,0,378,374,46222,15,0,0,15,7
2020-10-28,US,Pennsylvania,Monroe,2020,135,0,41.05934058,-75.34031025,42089.0,1186.344122017255,6.683168316831683,1885,2013,135,0,1878,2001,169507,7,0,0,7,12
2020-10-28,US,Pennsylvania,Montgomery,13885,895,0,40.21053671,-75.36652296,42091.0,1671.0493853161875,6.4458048253510976,12990,13791,895,0,12896,13695,828604,94,0,0,94,96
2020-10-28,US,Pennsylvania,Montour,297,11,0,41.03023987,-76.66345939,42093.0,1629.1826659352716,3.703703703703704,286,296,11,0,285,295,18240,1,0,0,1,1
2020-10-28,US,Pennsylvania,Northampton,5393,311,0,40.75182733,-75.30471829,42095.0,1766.5460143800055,5.766734656035602,5082,5341,311,0,5030,5304,304807,52,0,0,52,37
2020-10-28,US,Pennsylvania,Northumberland,1527,112,0,40.84785433,-76.70798222,42097.0,1680.9220303160398,7.33464309102816,1415,1517,111,0,1406,1503,91083,10,1,0,9,14
2020-10-28,US,Pennsylvania,Perry,360,6,0,40.40206612,-77.26297447,42099.0,778.0082987551867,1.6666666666666667,354,359,6,0,353,355,46139,1,0,0,1,4
2020-10-28,US,Pennsylvania,Philadelphia,43740,1867,0,40.00338507,-75.1379271,42101.0,2761.2520706234086,4.268404206675812,41873,43365,1864,0,41501,43003,1584138,375,3,0,372,362
2020-10-28,US,Pennsylvania,Pike,622,23,0,41.33155042,-75.03208106,42103.0,1114.515579924385,3.6977491961414786,599,621,23,0,598,617,55933,1,0,0,1,4
2020-10-28,US,Pennsylvania,Potter,54,1,0,41.74471626,-77.89559864,42105.0,326.7578361369964,1.851851851851852,53,50,1,0,49,49,16622,4,0,0,4,1
2020-10-28,US,Pennsylvania,Schuylkill,2015,88,0,40.70497338,-76.2150785,42107.0,1425.4486803104153,4.367245657568239,1927,1975,86,0,1889,1925,142067,40,2,0,38,50
2020-10-28,US,Pennsylvania,Snyder,484,17,0,40.77129231,-77.06840691,42109.0,1198.850688596057,3.512396694214876,467,483,17,0,466,474,40540,1,0,0,1,9
2020-10-28,US,Pennsylvania,Somerset,420,3,0,39.97172723,-79.02699593,42111.0,571.8409193023541,0.7142857142857143,417,412,3,0,409,398,73952,8,0,0,8,14
2020-10-28,US,Pennsylvania,Sullivan,19,1,0,41.44634738,-76.51246591,42113.0,313.22123310253875,5.2631578947368425,18,19,1,0,18,19,6071,0,0,0,0,0
2020-10-28,US,Pennsylvania,Susquehanna,406,28,0,41.82147784,-75.80071959,42115.0,1006.7446935131917,6.896551724137932,378,403,28,0,375,399,40589,3,0,0,3,4
2020-10-28,US,Pennsylvania,Tioga,213,3,0,41.77255149,-77.25433032,42117.0,524.7468650686112,1.4084507042253518,210,205,3,0,202,199,40763,8,0,0,8,6
2020-10-28,US,Pennsylvania,Union,702,11,0,40.96188846,-77.05996014,42119.0,1562.6739086881998,1.566951566951567,691,699,11,0,688,700,44785,3,0,0,3,-1
2020-10-28,US,Pennsylvania,Venango,260,1,0,41.40323442,-79.75845449,42121.0,513.1443909370806,0.38461538461538464,259,229,1,0,228,225,51266,31,0,0,31,4
2020-10-28,US,Pennsylvania,Warren,66,1,0,41.81304978,-79.26969577,42123.0,168.40601158429232,1.5151515151515151,65,64,1,0,63,63,39498,2,0,0,2,1
2020-10-28,US,Pennsylvania,Washington,1986,34,0,40.19208869,-80.24582867,42125.0,960.0464070770793,1.7119838872104731,1952,1945,34,0,1911,1881,207346,41,0,0,41,64
2020-10-28,US,Pennsylvania,Wayne,285,12,0,41.64938475,-75.29956506,42127.0,554.8957380113317,4.2105263157894735,273,283,12,0,271,283,51276,2,0,0,2,0
2020-10-28,US,Pennsylvania,Westmoreland,4260,93,0,40.31377979999999,-79.46615476,42129.0,1220.9837230831845,2.183098591549296,4167,4169,88,0,4081,4097,350611,91,5,0,86,72
2020-10-28,US,Pennsylvania,Wyoming,130,8,0,41.51955538,-76.01074915,42131.0,485.1832499813391,6.153846153846153,122,126,8,0,118,114,27046,4,0,0,4,12
2020-10-28,US,Pennsylvania,York,6484,203,0,39.9210089,-76.73040131,42133.0,1443.9114769138953,3.1307834669956818,6281,6405,203,0,6202,6315,448273,79,0,0,79,90
2020-10-28,US,Puerto Rico,Adjuntas,180,0,0,18.180117000000006,-66.754367,72001.0,923.8823589796233,0.0,180,180,0,0,180,180,,0,0,0,0,0
2020-10-28,US,Puerto Rico,Aguada,438,0,0,18.360255,-67.17513100000001,72003.0,1043.8761648275695,0.0,438,438,0,0,438,430,,0,0,0,0,8
2020-10-28,US,Puerto Rico,Aguadilla,581,0,0,18.459681,-67.12081500000001,72005.0,953.256000918801,0.0,581,581,0,0,581,571,,0,0,0,0,10
2020-10-28,US,Puerto Rico,Aguas Buenas,371,0,0,18.251619,-66.126806,72007.0,1294.5322586273073,0.0,371,370,0,0,370,367,,1,0,0,1,3
2020-10-28,US,Puerto Rico,Aibonito,212,0,0,18.131361,-66.264131,72009.0,818.5328185328184,0.0,212,212,0,0,212,210,,0,0,0,0,2
2020-10-28,US,Puerto Rico,Anasco,279,0,0,18.287985,-67.120611,72011.0,953.4875773213491,0.0,279,278,0,0,278,274,,1,0,0,1,4
2020-10-28,US,Puerto Rico,Arecibo,1083,0,0,18.406631,-66.675077,72013.0,1122.9780174201576,0.0,1083,1083,0,0,1083,1080,,0,0,0,0,3
2020-10-28,US,Puerto Rico,Arroyo,201,0,0,17.998457000000005,-66.056546,72015.0,1026.8199233716477,0.0,201,201,0,0,201,201,,0,0,0,0,0
2020-10-28,US,Puerto Rico,Barceloneta,314,0,0,18.445532999999998,-66.56053100000001,72017.0,1265.3127014829142,0.0,314,314,0,0,314,312,,0,0,0,0,2
2020-10-28,US,Puerto Rico,Barranquitas,606,0,0,18.201592,-66.30963,72019.0,1998.8125865822285,0.0,606,605,0,0,605,604,,1,0,0,1,1
2020-10-28,US,Puerto Rico,Bayamon,4857,0,0,18.34946,-66.168435,72021.0,2333.79461454189,0.0,4857,4853,0,0,4853,4833,,4,0,0,4,20
2020-10-28,US,Puerto Rico,Cabo Rojo,513,0,0,18.040993,-67.154391,72023.0,1007.5220456821886,0.0,513,512,0,0,512,504,,1,0,0,1,8
2020-10-28,US,Puerto Rico,Caguas,2190,0,0,18.211615,-66.050779,72025.0,1532.6153135562977,0.0,2190,2183,0,0,2183,2166,,7,0,0,7,17
2020-10-28,US,Puerto Rico,Camuy,375,0,0,18.418578,-66.860206,72027.0,1066.5832361557498,0.0,375,375,0,0,375,374,,0,0,0,0,1
2020-10-28,US,Puerto Rico,Canovanas,932,0,0,18.328802,-65.887612,72029.0,1956.010745466756,0.0,932,930,0,0,930,926,,2,0,0,2,4
2020-10-28,US,Puerto Rico,Carolina,4010,0,0,18.374986,-65.95683100000001,72031.0,2268.58713976986,0.0,4010,4009,0,0,4009,3997,,1,0,0,1,12
2020-10-28,US,Puerto Rico,Catano,599,0,0,18.437269,-66.14330600000001,72033.0,2128.64250177683,0.0,599,599,0,0,599,597,,0,0,0,0,2
2020-10-28,US,Puerto Rico,Cayey,497,0,0,18.102851,-66.14914,72035.0,1032.8560443899498,0.0,497,496,0,0,496,491,,1,0,0,1,5
2020-10-28,US,Puerto Rico,Ceiba,196,0,0,18.251818,-65.666416,72037.0,1437.8989069033819,0.0,196,196,0,0,196,193,,0,0,0,0,3
2020-10-28,US,Puerto Rico,Ciales,334,0,0,18.28885,-66.516475,72039.0,1778.2983707805345,0.0,334,334,0,0,334,332,,0,0,0,0,2
2020-10-28,US,Puerto Rico,Cidra,425,0,0,18.173559,-66.161179,72041.0,977.4609015639377,0.0,425,424,0,0,424,420,,1,0,0,1,4
2020-10-28,US,Puerto Rico,Coamo,393,0,0,18.097597,-66.36014,72043.0,970.0829383886256,0.0,393,392,0,0,392,392,,1,0,0,1,0
2020-10-28,US,Puerto Rico,Comerio,287,0,0,18.224687,-66.221622,72045.0,1381.26864953316,0.0,287,287,0,0,287,287,,0,0,0,0,0
2020-10-28,US,Puerto Rico,Corozal,873,0,0,18.304264,-66.327738,72047.0,2350.438856281299,0.0,873,872,0,0,872,870,,1,0,0,1,2
2020-10-28,US,Puerto Rico,Culebra,23,0,0,18.31586,-65.28813000000001,72049.0,1265.1265126512649,0.0,23,23,0,0,23,23,,0,0,0,0,0
2020-10-28,US,Puerto Rico,Dorado,1102,0,0,18.436115,-66.278669,72051.0,2887.4623345997643,0.0,1102,1100,0,0,1100,1096,,2,0,0,2,4
2020-10-28,US,Puerto Rico,Fajardo,722,0,0,18.318373,-65.666866,72053.0,1951.7205957883925,0.0,722,722,0,0,722,721,,0,0,0,0,1
2020-10-28,US,Puerto Rico,Florida,387,0,0,18.373715,-66.560488,72054.0,3052.05047318612,0.0,387,387,0,0,387,386,,0,0,0,0,1
2020-10-28,US,Puerto Rico,Guanica,156,0,0,17.982429,-66.91964300000001,72055.0,803.0061254954445,0.0,156,155,0,0,155,154,,1,0,0,1,1
2020-10-28,US,Puerto Rico,Guayama,380,0,0,18.007516,-66.13390799999999,72057.0,837.7055685375426,0.0,380,379,0,0,379,377,,1,0,0,1,2
2020-10-28,US,Puerto Rico,Guayanilla,250,0,0,18.039942,-66.79186,72059.0,1158.4263935869515,0.0,250,250,0,0,250,248,,0,0,0,0,2
2020-10-28,US,Puerto Rico,Guaynabo,2262,0,0,18.345114000000002,-66.11452299999999,72061.0,2309.9546587149216,0.0,2262,2261,0,0,2261,2248,,1,0,0,1,13
2020-10-28,US,Puerto Rico,Gurabo,760,0,0,18.266461,-65.97970500000001,72063.0,1675.1526372633296,0.0,760,759,0,0,759,757,,1,0,0,1,2
2020-10-28,US,Puerto Rico,Hatillo,419,0,0,18.410928,-66.79632600000001,72065.0,998.7366815245633,0.0,419,419,0,0,419,418,,0,0,0,0,1
2020-10-28,US,Puerto Rico,Hormigueros,218,0,0,18.134532,-67.113972,72067.0,1263.768115942029,0.0,218,218,0,0,218,217,,0,0,0,0,1
2020-10-28,US,Puerto Rico,Humacao,779,0,0,18.145211,-65.810174,72069.0,1332.398316970547,0.0,779,779,0,0,779,775,,0,0,0,0,4
2020-10-28,US,Puerto Rico,Isabela,369,0,0,18.44981,-67.005093,72071.0,808.6607788564792,0.0,369,369,0,0,369,362,,0,0,0,0,7
2020-10-28,US,Puerto Rico,Jayuya,284,0,0,18.211446,-66.58878,72073.0,1706.5256579738013,0.0,284,284,0,0,284,284,,0,0,0,0,0
2020-10-28,US,Puerto Rico,Juana Diaz,449,0,0,18.050764,-66.49458100000001,72075.0,561.9735409339524,0.0,449,449,0,0,449,445,,0,0,0,0,4
2020-10-28,US,Puerto Rico,Juncos,578,0,0,18.223793,-65.909109,72077.0,1434.5991561181436,0.0,578,577,0,0,577,575,,1,0,0,1,2
2020-10-28,US,Puerto Rico,Lajas,217,0,0,18.011661,-67.040585,72079.0,842.6202772492525,0.0,217,216,0,0,216,208,,1,0,0,1,8
2020-10-28,US,Puerto Rico,Lares,438,0,0,18.269035000000002,-66.867236,72081.0,1424.2512925568235,0.0,438,438,0,0,438,435,,0,0,0,0,3
2020-10-28,US,Puerto Rico,Las Marias,125,0,0,18.23679,-66.98362,72083.0,1265.0541443173768,0.0,125,125,0,0,125,125,,0,0,0,0,0
2020-10-28,US,Puerto Rico,Las Piedras,688,0,0,18.187527,-65.86946800000001,72085.0,1778.9269553975437,0.0,688,685,0,0,685,682,,3,0,0,3,3
2020-10-28,US,Puerto Rico,Loiza,375,0,0,18.425688,-65.89943000000001,72087.0,1247.5049900199601,0.0,375,375,0,0,375,368,,0,0,0,0,7
2020-10-28,US,Puerto Rico,Luquillo,324,0,0,18.342114000000002,-65.72509699999999,72089.0,1614.510663743273,0.0,324,324,0,0,324,322,,0,0,0,0,2
2020-10-28,US,Puerto Rico,Manati,727,0,0,18.420473,-66.490461,72091.0,1648.0402602407453,0.0,727,727,0,0,727,725,,0,0,0,0,2
2020-10-28,US,Puerto Rico,Maricao,95,0,0,18.171795,-66.942126,72093.0,1513.7029955385597,0.0,95,95,0,0,95,94,,0,0,0,0,1
2020-10-28,US,Puerto Rico,Maunabo,175,0,0,18.017889,-65.922235,72095.0,1431.4928425357873,0.0,175,174,0,0,174,174,,1,0,0,1,0
2020-10-28,US,Puerto Rico,Mayaguez,997,0,0,18.2013,-67.1452,72097.0,1119.2186798383477,0.0,997,997,0,0,997,995,,0,0,0,0,2
2020-10-28,US,Puerto Rico,Moca,449,0,0,18.377805,-67.080952,72099.0,1119.4495001121943,0.0,449,447,0,0,447,444,,2,0,0,2,3
2020-10-28,US,Puerto Rico,Morovis,605,0,0,18.316963,-66.420383,72101.0,1855.2591229684147,0.0,605,605,0,0,605,604,,0,0,0,0,1
2020-10-28,US,Puerto Rico,Naguabo,375,0,0,18.230636999999998,-65.753897,72103.0,1403.443113772455,0.0,375,373,0,0,373,372,,2,0,0,2,1
2020-10-28,US,Puerto Rico,Naranjito,813,0,0,18.288019,-66.252703,72105.0,2674.166173278074,0.0,813,808,0,0,808,805,,5,0,0,5,3
2020-10-28,US,Puerto Rico,Orocovis,420,0,0,18.215046,-66.433604,72107.0,1793.1093369764762,0.0,420,420,0,0,420,420,,0,0,0,0,0
2020-10-28,US,Puerto Rico,Out of PR,804,0,0,0.0,0.0,72888.0,0.0,0.0,804,804,0,0,804,804,,0,0,0,0,0
2020-10-28,US,Puerto Rico,Patillas,200,0,0,18.03174,-66.012242,72109.0,1037.5058359703273,0.0,200,200,0,0,200,200,,0,0,0,0,0
2020-10-28,US,Puerto Rico,Penuelas,154,0,0,18.059645,-66.721572,72111.0,634.2146445927024,0.0,154,154,0,0,154,153,,0,0,0,0,1
2020-10-28,US,Puerto Rico,Ponce,1231,0,0,18.059498,-66.613748,72113.0,740.1083407985475,0.0,1231,1231,0,0,1231,1223,,0,0,0,0,8
2020-10-28,US,Puerto Rico,Quebradillas,271,0,0,18.439692,-66.926113,72115.0,1045.5650295150276,0.0,271,271,0,0,271,268,,0,0,0,0,3
2020-10-28,US,Puerto Rico,Rincon,236,0,0,18.335442999999998,-67.23174,72117.0,1552.6315789473686,0.0,236,236,0,0,236,236,,0,0,0,0,0
2020-10-28,US,Puerto Rico,Rio Grande,847,0,0,18.346329,-65.813742,72119.0,1559.7377725397766,0.0,847,846,0,0,846,840,,1,0,0,1,6
2020-10-28,US,Puerto Rico,Sabana Grande,238,0,0,18.08282,-66.943758,72121.0,942.014644765486,0.0,238,238,0,0,238,236,,0,0,0,0,2
2020-10-28,US,Puerto Rico,Salinas,545,0,0,18.010386999999994,-66.256592,72123.0,1753.652101164811,0.0,545,545,0,0,545,543,,0,0,0,0,2
2020-10-28,US,Puerto Rico,San German,315,0,0,18.111484,-67.03858100000001,72125.0,886.6495904523323,0.0,315,313,0,0,313,310,,2,0,0,2,3
2020-10-28,US,Puerto Rico,San Juan,10234,0,0,18.386933,-66.061128,72127.0,2588.749538355686,0.0,10234,10218,0,0,10218,10182,,16,0,0,16,36
2020-10-28,US,Puerto Rico,San Lorenzo,718,0,0,18.147987,-65.976392,72129.0,1748.7456768473867,0.0,718,717,0,0,717,711,,1,0,0,1,6
2020-10-28,US,Puerto Rico,San Sebastian,727,0,0,18.328646,-66.971214,72131.0,1713.4103228847516,0.0,727,726,0,0,726,721,,1,0,0,1,5
2020-10-28,US,Puerto Rico,Santa Isabel,232,0,0,17.994525,-66.388913,72133.0,996.8204863796511,0.0,232,231,0,0,231,229,,1,0,0,1,2
2020-10-28,US,Puerto Rico,Toa Alta,1701,0,0,18.362406,-66.246616,72135.0,2296.6003294359084,0.0,1701,1701,0,0,1701,1692,,0,0,0,0,9
2020-10-28,US,Puerto Rico,Toa Baja,1933,0,0,18.431445999999998,-66.213553,72137.0,2157.1493934761015,0.0,1933,1934,0,0,1934,1929,,-1,0,0,-1,5
2020-10-28,US,Puerto Rico,Trujillo Alto,1532,0,0,18.336159,-65.99888399999999,72139.0,2046.9789690280857,0.0,1532,1530,0,0,1530,1514,,2,0,0,2,16
2020-10-28,US,Puerto Rico,Unassigned,1160,813,0,0.0,0.0,72999.0,0.0,70.08620689655173,347,1141,808,0,333,1110,,19,5,0,14,31
2020-10-28,US,Puerto Rico,Utuado,248,0,0,18.271214,-66.702984,72141.0,748.1371987088602,0.0,248,248,0,0,248,247,,0,0,0,0,1
2020-10-28,US,Puerto Rico,Vega Alta,974,0,0,18.409346,-66.33725,72143.0,2437.986533503542,0.0,974,971,0,0,971,969,,3,0,0,3,2
2020-10-28,US,Puerto Rico,Vega Baja,1214,0,0,18.428262,-66.397924,72145.0,2034.7960175656199,0.0,1214,1213,0,0,1213,1205,,1,0,0,1,8
2020-10-28,US,Puerto Rico,Vieques,104,0,0,18.123276,-65.44097099999999,72147.0,1118.159337705623,0.0,104,104,0,0,104,104,,0,0,0,0,0
2020-10-28,US,Puerto Rico,Villalba,230,0,0,18.127951,-66.473115,72149.0,882.1386108234572,0.0,230,229,0,0,229,214,,1,0,0,1,15
2020-10-28,US,Puerto Rico,Yabucoa,473,0,0,18.070399,-65.896289,72151.0,1246.6724651432487,0.0,473,473,0,0,473,470,,0,0,0,0,3
2020-10-28,US,Puerto Rico,Yauco,559,0,0,18.080374,-66.858814,72153.0,1329.5911328877578,0.0,559,559,0,0,559,555,,0,0,0,0,4
2020-10-28,US,Rhode Island,Bristol,558,19,0,41.71018079,-71.28652315,44001.0,1151.0138410445759,3.4050179211469533,539,498,18,0,480,498,48649,60,1,0,59,0
2020-10-28,US,Rhode Island,Kent,2566,121,0,41.67106337,-71.57641596,44003.0,1561.8532856134198,4.715510522213561,2445,2287,117,0,2170,2287,163861,279,4,0,275,0
2020-10-28,US,Rhode Island,Newport,678,10,0,41.5642026,-71.26569799,44005.0,826.0032650276552,1.4749262536873156,668,631,10,0,621,631,82542,47,0,0,47,0
2020-10-28,US,Rhode Island,Providence,23320,951,0,41.87064746,-71.57753536,44007.0,3649.8463840383392,4.078044596912521,22369,21543,930,0,20613,21543,636084,1777,21,0,1756,0
2020-10-28,US,Rhode Island,Unassigned,3487,13,0,0.0,0.0,90044.0,0.0,0.37281330656724976,3474,5251,36,0,5215,4830,,-1764,-23,0,-1741,421
2020-10-28,US,Rhode Island,Washington,1335,78,0,41.45961631,-71.61435303,44009.0,1063.0927638022886,5.842696629213482,1257,1235,77,0,1158,1235,126179,100,1,0,99,0
2020-10-28,US,South Carolina,Abbeville,768,17,0,34.22333378,-82.46170658,45001.0,3131.243119827129,2.2135416666666665,751,760,16,0,744,754,24541,8,1,0,7,6
2020-10-28,US,South Carolina,Aiken,5016,87,0,33.54338026,-81.63645384,45003.0,2935.5306896390275,1.7344497607655502,4929,4989,87,0,4902,4947,169401,27,0,0,27,42
2020-10-28,US,South Carolina,Allendale,425,7,0,32.98837386,-81.35321066,45005.0,4891.804788213628,1.6470588235294117,418,425,6,0,419,425,8903,0,1,0,-1,0
2020-10-28,US,South Carolina,Anderson,5760,206,0,34.51828081,-82.63959517,45007.0,2843.629972649809,3.576388888888889,5554,5678,206,0,5472,5622,200482,82,0,0,82,56
2020-10-28,US,South Carolina,Bamberg,696,35,0,33.21927586,-81.05659969,45009.0,4948.101805772785,5.028735632183908,661,697,35,0,662,693,14275,-1,0,0,-1,4
2020-10-28,US,South Carolina,Barnwell,873,25,0,33.26679302,-81.43584352,45011.0,4183.8397392887955,2.8636884306987405,848,872,25,0,847,869,21112,1,0,0,1,3
2020-10-28,US,South Carolina,Beaufort,6148,92,0,32.39226291,-80.72619758,45013.0,3200.049968249341,1.4964216005204944,6056,6138,92,0,6046,6123,188715,10,0,0,10,15
2020-10-28,US,South Carolina,Berkeley,6128,94,0,33.20222596,-79.94654523,45015.0,2688.8160521616273,1.5339425587467364,6034,6113,93,0,6020,6078,221091,15,1,0,14,35
2020-10-28,US,South Carolina,Calhoun,516,18,0,33.66926881,-80.77722168,45017.0,3545.6606885178307,3.4883720930232562,498,515,18,0,497,515,14520,1,0,0,1,0
2020-10-28,US,South Carolina,Charleston,17181,277,0,32.82487866,-79.96512315,45019.0,4176.166609140362,1.6122460857924452,16904,17134,277,0,16857,17075,405905,47,0,0,47,59
2020-10-28,US,South Carolina,Cherokee,1507,52,0,35.05122251,-81.61828622,45021.0,2630.017452006981,3.4505640345056405,1455,1501,52,0,1449,1489,57078,6,0,0,6,12
2020-10-28,US,South Carolina,Chester,1241,27,0,34.69249168,-81.1583216,45023.0,3848.778067237317,2.17566478646253,1214,1239,27,0,1212,1221,32251,2,0,0,2,18
2020-10-28,US,South Carolina,Chesterfield,1484,46,0,34.64137396,-80.15640140000002,45025.0,3250.821467688937,3.0997304582210243,1438,1482,46,0,1436,1476,45754,2,0,0,2,6
2020-10-28,US,South Carolina,Clarendon,1177,68,0,33.66610974,-80.21647898,45027.0,3487.924136909172,5.777400169923534,1109,1166,68,0,1098,1158,33700,11,0,0,11,8
2020-10-28,US,South Carolina,Colleton,1259,49,0,32.87582989,-80.67641292,45029.0,3341.5611646362504,3.891977760127085,1210,1253,48,0,1205,1245,37660,6,1,0,5,8
2020-10-28,US,South Carolina,Darlington,2503,67,0,34.33358335,-79.96027485,45031.0,3757.2427872346807,2.6767878545745107,2436,2485,67,0,2418,2468,66802,18,0,0,18,17
2020-10-28,US,South Carolina,Dillon,1305,48,0,34.39007791,-79.37741872,45033.0,4281.63653663178,3.67816091954023,1257,1299,48,0,1251,1294,30599,6,0,0,6,5
2020-10-28,US,South Carolina,Dorchester,4818,100,0,33.0794369,-80.40502652,45035.0,2959.29586202237,2.0755500207554998,4718,4787,100,0,4687,4770,160647,31,0,0,31,17
2020-10-28,US,South Carolina,Edgefield,920,22,0,33.77221995,-81.96231108,45037.0,3374.908290535583,2.391304347826087,898,918,21,0,897,909,27052,2,1,0,1,9
2020-10-28,US,South Carolina,Fairfield,870,40,0,34.39287073,-81.1195624,45039.0,3893.140018794469,4.597701149425287,830,867,40,0,827,864,22402,3,0,0,3,3
2020-10-28,US,South Carolina,Florence,5631,202,0,34.02361754,-79.70189312,45041.0,4071.789606126125,3.5872846741253768,5429,5582,203,0,5379,5552,138159,49,-1,0,50,30
2020-10-28,US,South Carolina,Georgetown,2346,53,0,33.43443342,-79.33202141,45043.0,3742.820676451818,2.2591645353793695,2293,2331,53,0,2278,2305,62249,15,0,0,15,26
2020-10-28,US,South Carolina,Greenville,17606,348,0,34.89502264,-82.37295012,45045.0,3362.8629603737622,1.976598886743156,17258,17482,343,0,17139,17349,514213,124,5,0,119,133
2020-10-28,US,South Carolina,Greenwood,2543,76,0,34.15272415,-82.12715789,45047.0,3591.2499470421253,2.988596146283917,2467,2534,76,0,2458,2525,70741,9,0,0,9,9
2020-10-28,US,South Carolina,Hampton,765,31,0,32.77419582,-81.13845571,45049.0,3979.814795546769,4.052287581699346,734,763,31,0,732,760,19351,2,0,0,2,3
2020-10-28,US,South Carolina,Horry,12463,228,0,33.9212828,-78.99555293,45051.0,3519.816087279464,1.829415068603065,12235,12406,227,0,12179,12318,344147,57,1,0,56,88
2020-10-28,US,South Carolina,Jasper,923,23,0,32.43171982,-81.02487495,45053.0,3069.198284175173,2.4918743228602382,900,919,23,0,896,916,28971,4,0,0,4,3
2020-10-28,US,South Carolina,Kershaw,2467,46,0,34.33988254,-80.58763164,45055.0,3706.9315261979536,1.86461289014998,2421,2459,45,0,2414,2442,65592,8,1,0,7,17
2020-10-28,US,South Carolina,Lancaster,2580,62,0,34.68270843,-80.70513032,45057.0,2632.3307350120394,2.4031007751937983,2518,2559,62,0,2497,2537,95380,21,0,0,21,22
2020-10-28,US,South Carolina,Laurens,1917,61,0,34.48244419,-82.00490796,45059.0,2840.2945490643474,3.182055294731351,1856,1912,61,0,1851,1895,66994,5,0,0,5,17
2020-10-28,US,South Carolina,Lee,786,36,0,34.16393091,-80.25690731,45061.0,4670.786783931541,4.580152671755725,750,786,36,0,750,782,17142,0,0,0,0,4
2020-10-28,US,South Carolina,Lexington,8949,209,0,33.89665987,-81.27146426,45063.0,2995.481171548117,2.335456475583864,8740,8909,207,0,8702,8844,295032,40,2,0,38,65
2020-10-28,US,South Carolina,Marion,1158,41,0,34.07859748,-79.36400756,45067.0,3777.2776201193856,3.540587219343696,1117,1151,40,0,1111,1140,31039,7,1,0,6,11
2020-10-28,US,South Carolina,Marlboro,1136,13,0,34.59905577,-79.67561152,45069.0,4349.4907726472165,1.1443661971830985,1123,1133,13,0,1120,1127,26398,3,0,0,3,6
2020-10-28,US,South Carolina,McCormick,274,7,0,33.90161443,-82.30794338,45065.0,2895.487688893585,2.554744525547445,267,271,7,0,264,271,9410,3,0,0,3,0
2020-10-28,US,South Carolina,Newberry,1636,52,0,34.28629098,-81.59935761,45071.0,4255.983350676379,3.1784841075794623,1584,1631,47,0,1584,1612,38520,5,5,0,0,19
2020-10-28,US,South Carolina,Oconee,2448,34,0,34.75225169,-83.06742317,45073.0,3077.4646116712347,1.3888888888888888,2414,2444,33,0,2411,2439,78374,4,1,0,3,5
2020-10-28,US,South Carolina,Orangeburg,3358,131,0,33.4391073,-80.79886287,45075.0,3896.7217870612126,3.9011316259678384,3227,3346,131,0,3215,3333,86934,12,0,0,12,13
2020-10-28,US,South Carolina,Pickens,4448,63,0,34.88807695,-82.72791551,45077.0,3505.564137322279,1.41636690647482,4385,4406,61,0,4345,4352,124937,42,2,0,40,54
2020-10-28,US,South Carolina,Richland,17241,270,0,34.01791263,-80.90267209,45079.0,4146.873549339883,1.5660344527579606,16971,17182,269,0,16913,17107,414576,59,1,0,58,75
2020-10-28,US,South Carolina,Saluda,723,24,0,34.00795823,-81.72713237,45081.0,3531.4804864944067,3.319502074688797,699,723,22,0,701,717,20544,0,2,0,-2,6
2020-10-28,US,South Carolina,Spartanburg,9014,229,0,34.92960077,-81.99225984,45083.0,2818.768860328033,2.5404925671178167,8785,8922,223,0,8699,8868,313888,92,6,0,86,54
2020-10-28,US,South Carolina,Sumter,3556,89,0,33.91826534,-80.37942316,45085.0,3332.0527356377843,2.50281214848144,3467,3548,88,0,3460,3523,106512,8,1,0,7,25
2020-10-28,US,South Carolina,Union,752,17,0,34.68835752,-81.61730349,45087.0,2752.9652950651634,2.2606382978723403,735,746,16,0,730,740,27410,6,1,0,5,6
2020-10-28,US,South Carolina,Williamsburg,1461,50,0,33.62190129,-79.72767442,45089.0,4810.9852476290835,3.4223134839151266,1411,1445,50,0,1395,1440,30606,16,0,0,16,5
2020-10-28,US,South Carolina,York,6715,104,0,34.97281497,-81.18085944,45091.0,2389.858316813712,1.548771407297096,6611,6671,103,0,6568,6612,274118,44,1,0,43,59
2020-10-28,US,South Dakota,Aurora,176,0,0,43.71757685,-98.56050467,46003.0,6397.673573246093,0.0,176,166,0,0,166,165,2801,10,0,0,10,1
2020-10-28,US,South Dakota,Beadle,1240,13,0,44.41464384,-98.27858469,46005.0,6719.774562401777,1.0483870967741935,1227,1212,13,0,1199,1210,18883,28,0,0,28,2
2020-10-28,US,South Dakota,Bennett,183,5,0,43.19486375,-101.6665572,46007.0,5438.335809806835,2.7322404371584703,178,173,5,0,168,157,3468,10,0,0,10,16
2020-10-28,US,South Dakota,Bon Homme,920,1,0,42.98914167,-97.88592746,46009.0,13331.401246196203,0.10869565217391304,919,882,1,0,881,773,6980,38,0,0,38,109
2020-10-28,US,South Dakota,Brookings,1426,5,0,44.36974375,-96.79079945,46011.0,4065.341961969382,0.3506311360448808,1421,1413,4,0,1409,1390,35232,13,1,0,12,23
2020-10-28,US,South Dakota,Brown,2014,4,0,45.58994323,-98.35165355,46013.0,5185.50941064394,0.198609731876862,2010,1983,4,0,1979,1960,39316,31,0,0,31,23
2020-10-28,US,South Dakota,Brule,282,2,0,43.71756379,-99.08118954,46015.0,5323.768170662639,0.7092198581560284,280,275,2,0,273,266,5229,7,0,0,7,9
2020-10-28,US,South Dakota,Buffalo,249,4,0,44.07657829,-99.20814467,46017.0,12691.131498470948,1.606425702811245,245,238,4,0,234,235,2036,11,0,0,11,3
2020-10-28,US,South Dakota,Butte,355,3,0,44.90608745,-103.5079318,46019.0,3403.9696998753475,0.8450704225352113,352,315,3,0,312,309,10222,40,0,0,40,6
2020-10-28,US,South Dakota,Campbell,74,1,0,45.77074915,-100.0510181,46021.0,5377.906976744186,1.351351351351351,73,74,0,0,74,74,1377,0,1,0,-1,0
2020-10-28,US,South Dakota,Charles Mix,391,0,0,43.20660134,-98.58856175,46023.0,4207.920792079208,0.0,391,376,0,0,376,371,9338,15,0,0,15,5
2020-10-28,US,South Dakota,Clark,114,0,0,44.85834507,-97.72925109,46025.0,3051.3918629550317,0.0,114,102,0,0,102,100,3739,12,0,0,12,2
2020-10-28,US,South Dakota,Clay,817,8,0,42.91296147,-96.97656917,46027.0,5806.680881307747,0.9791921664626684,809,801,8,0,793,788,14041,16,0,0,16,13
2020-10-28,US,South Dakota,Codington,1479,12,0,44.97788119,-97.18827677,46029.0,5280.445571066442,0.8113590263691683,1467,1443,10,0,1433,1432,28015,36,2,0,34,11
2020-10-28,US,South Dakota,Corson,176,1,0,45.70889983,-101.1970473,46031.0,4307.39109153206,0.5681818181818182,175,173,1,0,172,170,4165,3,0,0,3,3
2020-10-28,US,South Dakota,Custer,315,3,0,43.67741105,-103.45345209999999,46033.0,3510.9228711547034,0.9523809523809524,312,308,3,0,305,306,8726,7,0,0,7,2
2020-10-28,US,South Dakota,Davison,915,8,0,43.67490933,-98.14458906,46035.0,4627.054361567636,0.8743169398907104,907,873,8,0,865,863,19790,42,0,0,42,10
2020-10-28,US,South Dakota,Day,159,2,0,45.367281,-97.60737498,46037.0,2931.41592920354,1.2578616352201255,157,156,2,0,154,155,5505,3,0,0,3,1
2020-10-28,US,South Dakota,Deuel,184,0,0,44.75994309,-96.66943645,46039.0,4228.9128935876815,0.0,184,182,0,0,182,177,4337,2,0,0,2,5
2020-10-28,US,South Dakota,Dewey,327,0,0,45.15639647,-100.8709139,46041.0,5549.898167006108,0.0,327,308,0,0,308,298,5904,19,0,0,19,10
2020-10-28,US,South Dakota,Douglas,165,4,0,43.38520741,-98.36978007,46043.0,5648.750427935638,2.4242424242424243,161,161,4,0,157,160,2935,4,0,0,4,1
2020-10-28,US,South Dakota,Edmunds,142,1,0,45.41846445,-99.21545423,46045.0,3708.5400887960304,0.7042253521126759,141,139,1,0,138,136,3875,3,0,0,3,3
2020-10-28,US,South Dakota,Fall River,203,6,0,43.23929297,-103.5275691,46047.0,3023.9833159541195,2.955665024630542,197,192,6,0,186,192,6758,11,0,0,11,0
2020-10-28,US,South Dakota,Faulk,206,1,0,45.07082625,-99.14535601,46049.0,8960.417572857765,0.4854368932038835,205,203,1,0,202,202,2330,3,0,0,3,1
2020-10-28,US,South Dakota,Grant,304,2,0,45.1723937,-96.77002276,46051.0,4310.833806012479,0.6578947368421053,302,290,2,0,288,290,7147,14,0,0,14,0
2020-10-28,US,South Dakota,Gregory,224,10,0,43.19419064,-99.18883902,46053.0,5352.449223416966,4.464285714285714,214,213,10,0,203,211,4212,11,0,0,11,2
2020-10-28,US,South Dakota,Haakon,96,1,0,44.29299053,-101.539099,46055.0,5055.292259083728,1.0416666666666667,95,87,1,0,86,87,1918,9,0,0,9,0
2020-10-28,US,South Dakota,Hamlin,198,0,0,44.67385954,-97.18829593,46057.0,3212.199870214147,0.0,198,192,0,0,192,191,6111,6,0,0,6,1
2020-10-28,US,South Dakota,Hand,121,1,0,44.54708407,-99.00386459,46059.0,3791.9147602632397,0.8264462809917356,120,119,1,0,118,118,3262,2,0,0,2,1
2020-10-28,US,South Dakota,Hanson,93,1,0,43.6746384,-97.78715148,46061.0,2693.310165073849,1.075268817204301,92,89,1,0,88,88,3376,4,0,0,4,1
2020-10-28,US,South Dakota,Harding,52,0,0,45.58015551,-103.4958629,46063.0,4006.1633281972254,0.0,52,46,0,0,46,46,1249,6,0,0,6,0
2020-10-28,US,South Dakota,Hughes,846,6,0,44.39091534,-99.99661148,46065.0,4827.1140020540915,0.7092198581560284,840,843,6,0,837,837,17650,3,0,0,3,6
2020-10-28,US,South Dakota,Hutchinson,229,2,0,43.33449012,-97.75536441,46067.0,3140.858592785626,0.8733624454148472,227,221,2,0,219,215,7380,8,0,0,8,6
2020-10-28,US,South Dakota,Hyde,42,0,0,44.54747703,-99.48572582,46069.0,3228.2859338970025,0.0,42,39,0,0,39,39,1282,3,0,0,3,0
2020-10-28,US,South Dakota,Jackson,121,1,0,43.69318385,-101.6255063,46071.0,3618.421052631578,0.8264462809917356,120,115,1,0,114,113,3307,6,0,0,6,2
2020-10-28,US,South Dakota,Jerauld,158,12,0,44.06637798,-98.62965972,46073.0,7848.981619473423,7.594936708860758,146,155,12,0,143,155,2043,3,0,0,3,0
2020-10-28,US,South Dakota,Jones,32,0,0,43.96278565,-100.6940008,46075.0,3543.7430786268,0.0,32,32,0,0,32,31,928,0,0,0,0,1
2020-10-28,US,South Dakota,Kingsbury,186,2,0,44.36956169,-97.4913945,46077.0,3765.9445231828304,1.075268817204301,184,176,2,0,174,169,4919,10,0,0,10,7
2020-10-28,US,South Dakota,Lake,378,9,0,44.02193107,-97.12926365,46079.0,2953.817300929905,2.380952380952381,369,362,8,0,354,352,13057,16,1,0,15,10
2020-10-28,US,South Dakota,Lawrence,896,6,0,44.35919441,-103.79294279999999,46081.0,3466.955579631636,0.6696428571428571,890,849,6,0,843,848,25741,47,0,0,47,1
2020-10-28,US,South Dakota,Lincoln,2759,18,0,43.27841182,-96.72039050000001,46083.0,4513.479911006413,0.6524102935846321,2741,2661,18,0,2643,2623,58807,98,0,0,98,38
2020-10-28,US,South Dakota,Lyman,267,5,0,43.89522709,-99.85201878,46085.0,7061.623909018778,1.8726591760299625,262,257,5,0,252,251,3821,10,0,0,10,6
2020-10-28,US,South Dakota,Marshall,64,1,0,45.75870838,-97.59855639,46091.0,1296.8591691995948,1.5625,63,64,1,0,63,63,5112,0,0,0,0,1
2020-10-28,US,South Dakota,McCook,234,1,0,43.6742571,-97.36863144,46087.0,4189.044038668098,0.4273504273504273,233,225,1,0,224,223,5546,9,0,0,9,2
2020-10-28,US,South Dakota,McPherson,69,0,0,45.76626028,-99.22118798,46089.0,2900.378310214376,0.0,69,67,0,0,67,66,2407,2,0,0,2,1
2020-10-28,US,South Dakota,Meade,944,10,0,44.56676791,-102.71627409999999,46093.0,3331.921502188339,1.0593220338983051,934,916,10,0,906,906,28294,28,0,0,28,10
2020-10-28,US,South Dakota,Mellette,80,1,0,43.58078848,-100.7563186,46095.0,3881.6108685104323,1.25,79,71,1,0,70,72,2042,9,0,0,9,-1
2020-10-28,US,South Dakota,Miner,142,1,0,44.02197882,-97.60992207,46097.0,6407.942238267148,0.7042253521126759,141,137,1,0,136,137,2213,5,0,0,5,0
2020-10-28,US,South Dakota,Minnehaha,11281,107,0,43.67441641,-96.7910885,46099.0,5841.022295401121,0.9484974736282245,11174,10997,106,0,10891,10492,192876,284,1,0,283,505
2020-10-28,US,South Dakota,Moody,213,2,0,44.02266214,-96.67081159,46101.0,3239.0510948905107,0.9389671361502347,211,210,2,0,208,207,6579,3,0,0,3,3
2020-10-28,US,South Dakota,Oglala Lakota,907,6,0,43.33749164,-102.55554980000001,46102.0,6397.686393454186,0.6615214994487321,901,878,5,0,873,855,14309,29,1,0,28,23
2020-10-28,US,South Dakota,Pennington,4381,49,0,44.0025835,-102.8240777,46103.0,3850.5822896066798,1.1184661036293084,4332,4239,49,0,4190,4183,111729,142,0,0,142,56
2020-10-28,US,South Dakota,Perkins,78,0,0,45.49049506,-102.47555859999999,46105.0,2722.5130890052355,0.0,78,74,0,0,74,74,2922,4,0,0,4,0
2020-10-28,US,South Dakota,Potter,103,0,0,45.06583079,-99.95498503,46107.0,4784.0222944728275,0.0,103,99,0,0,99,99,2207,4,0,0,4,0
2020-10-28,US,South Dakota,Roberts,342,4,0,45.62975048,-96.94672673,46109.0,3290.359822974793,1.1695906432748535,338,336,4,0,332,333,10447,6,0,0,6,3
2020-10-28,US,South Dakota,Sanborn,99,0,0,44.02351092,-98.09098159999999,46111.0,4223.549488054608,0.0,99,91,0,0,91,88,2429,8,0,0,8,3
2020-10-28,US,South Dakota,Spink,272,1,0,44.93837606,-98.34626602,46115.0,4265.997490589712,0.36764705882352944,271,262,1,0,261,259,6495,10,0,0,10,3
2020-10-28,US,South Dakota,Stanley,90,0,0,44.41381872,-100.7349153,46117.0,2905.1000645577788,0.0,90,90,0,0,90,90,3022,0,0,0,0,0
2020-10-28,US,South Dakota,Sully,41,0,0,44.71571812,-100.1278092,46119.0,2947.519769949677,0.0,41,41,0,0,41,41,1392,0,0,0,0,0
2020-10-28,US,South Dakota,Todd,453,6,0,43.19338568,-100.71955030000001,46121.0,4451.213520683896,1.3245033112582782,447,435,6,0,429,420,10283,18,0,0,18,15
2020-10-28,US,South Dakota,Tripp,269,2,0,43.34459388,-99.8854891,46123.0,4943.944127917663,0.7434944237918215,267,262,2,0,260,259,5478,7,0,0,7,3
2020-10-28,US,South Dakota,Turner,475,11,0,43.3109081,-97.14865776,46125.0,5665.553435114503,2.3157894736842106,464,453,11,0,442,451,8424,22,0,0,22,2
2020-10-28,US,South Dakota,Union,747,11,0,42.83112163,-96.6557828,46127.0,4688.6768767260855,1.4725568942436411,736,732,11,0,721,725,15619,15,0,0,15,7
2020-10-28,US,South Dakota,Walworth,268,4,0,45.43019636,-100.03075140000001,46129.0,4931.002759889604,1.492537313432836,264,267,2,0,265,266,5587,1,2,0,-1,1
2020-10-28,US,South Dakota,Yankton,842,5,0,43.00924485,-97.39467635,46135.0,3690.716226878233,0.5938242280285035,837,801,5,0,796,792,22869,41,0,0,41,9
2020-10-28,US,South Dakota,Ziebach,92,2,0,44.97881876,-101.6654622,46137.0,3338.171262699564,2.1739130434782608,90,89,2,0,87,87,2742,3,0,0,3,2
2020-10-28,US,Tennessee,Anderson,1767,14,0,36.12684348,-84.19965764,47001.0,2295.461040816857,0.7923033389926429,1753,1727,14,0,1713,1697,76482,40,0,0,40,30
2020-10-28,US,Tennessee,Bedford,1763,20,0,35.51123746,-86.45549096,47003.0,3546.3560839217107,1.1344299489506522,1743,1753,20,0,1733,1745,49038,10,0,0,10,8
2020-10-28,US,Tennessee,Benton,431,9,0,36.07110411,-88.06849355,47005.0,2667.0792079207918,2.0881670533642693,422,426,9,0,417,421,16184,5,0,0,5,5
2020-10-28,US,Tennessee,Bledsoe,1033,4,0,35.59942968,-85.20611967,47007.0,6857.4083908656385,0.3872216844143272,1029,1026,4,0,1022,1026,14755,7,0,0,7,0
2020-10-28,US,Tennessee,Blount,3464,36,0,35.68938198,-83.92847788,47009.0,2602.7891320028853,1.039260969976905,3428,3404,36,0,3368,3374,131349,60,0,0,60,30
2020-10-28,US,Tennessee,Bradley,3667,23,0,35.15739424,-84.857186,47011.0,3391.9156414762742,0.6272157076629398,3644,3641,23,0,3618,3619,106727,26,0,0,26,22
2020-10-28,US,Tennessee,Campbell,1071,13,0,36.40355516,-84.15108559999999,47013.0,2688.1180663621303,1.2138188608776843,1058,1044,12,0,1032,1035,39583,27,1,0,26,9
2020-10-28,US,Tennessee,Cannon,430,2,0,35.80990797,-86.05738983,47015.0,2929.5544352091565,0.4651162790697674,428,427,2,0,425,421,14462,3,0,0,3,6
2020-10-28,US,Tennessee,Carroll,1161,26,0,35.97366108,-88.45189331,47017.0,4181.222314257932,2.239448751076658,1135,1158,26,0,1132,1153,28020,3,0,0,3,5
2020-10-28,US,Tennessee,Carter,1630,34,0,36.28969086,-82.12588974,47019.0,2890.5321771204626,2.085889570552147,1596,1598,34,0,1564,1583,56351,32,0,0,32,15
2020-10-28,US,Tennessee,Cheatham,1091,12,0,36.26136216,-87.08903581,47021.0,2682.7648953697103,1.0999083409715855,1079,1079,12,0,1067,1069,40439,12,0,0,12,10
2020-10-28,US,Tennessee,Chester,740,15,0,35.42527478,-88.6095842,47023.0,4278.19853153726,2.0270270270270268,725,735,15,0,720,733,17276,5,0,0,5,2
2020-10-28,US,Tennessee,Claiborne,538,7,0,36.48319149,-83.65947309,47025.0,1683.40686504584,1.3011152416356877,531,534,6,0,528,528,31756,4,1,0,3,6
2020-10-28,US,Tennessee,Clay,415,15,0,36.55151008,-85.53930419,47027.0,5449.7701904136575,3.614457831325301,400,410,15,0,395,406,7717,5,0,0,5,4
2020-10-28,US,Tennessee,Cocke,1123,14,0,35.9278914,-83.11828725,47029.0,3119.097878013555,1.2466607301869992,1109,1097,14,0,1083,1080,35774,26,0,0,26,17
2020-10-28,US,Tennessee,Coffee,1962,26,0,35.49090731,-86.07311784,47031.0,3471.3375796178343,1.3251783893985731,1936,1943,26,0,1917,1923,55700,19,0,0,19,20
2020-10-28,US,Tennessee,Crockett,897,22,0,35.81830662,-89.14916269,47033.0,6303.583977512299,2.452619843924192,875,876,20,0,856,870,14328,21,2,0,19,6
2020-10-28,US,Tennessee,Cumberland,1651,27,0,35.95271721,-84.99840585,47035.0,2728.023793787178,1.6353725015142335,1624,1623,27,0,1596,1613,59673,28,0,0,28,10
2020-10-28,US,Tennessee,Davidson,32483,346,0,36.17007426,-86.78646056,47037.0,4679.576572008114,1.0651725517963242,32137,32175,341,0,31834,31975,692587,308,5,0,303,200
2020-10-28,US,Tennessee,DeKalb,779,17,0,35.97616272,-85.83689361,47041.0,3801.854563201561,2.1822849807445444,762,751,17,0,734,737,20138,28,0,0,28,14
2020-10-28,US,Tennessee,Decatur,674,11,0,35.60048904,-88.11043779,47039.0,5778.9591014318785,1.632047477744807,663,667,11,0,656,663,11706,7,0,0,7,4
2020-10-28,US,Tennessee,Dickson,1747,19,0,36.14669837,-87.35891709,47043.0,3238.3035515681768,1.0875787063537492,1728,1722,19,0,1703,1707,53446,25,0,0,25,15
2020-10-28,US,Tennessee,Dyer,2324,38,0,36.05931946,-89.41542855,47045.0,6254.204903253586,1.6351118760757315,2286,2285,35,0,2250,2247,37320,39,3,0,36,38
2020-10-28,US,Tennessee,Fayette,1744,25,0,35.19615831,-89.41399032,47047.0,4239.9046993897855,1.43348623853211,1719,1708,25,0,1683,1698,40507,36,0,0,36,10
2020-10-28,US,Tennessee,Fentress,934,11,0,36.38128818,-84.92870012,47049.0,5042.379744101927,1.1777301927194859,923,926,11,0,915,918,18217,8,0,0,8,8
2020-10-28,US,Tennessee,Franklin,1314,23,0,35.15634626,-86.09201039,47051.0,3113.153904473085,1.7503805175038052,1291,1305,22,0,1283,1302,41890,9,1,0,8,3
2020-10-28,US,Tennessee,Gibson,2205,49,0,35.99438059,-88.93358327,47053.0,4487.818777603648,2.2222222222222223,2156,2192,49,0,2143,2172,49045,13,0,0,13,20
2020-10-28,US,Tennessee,Giles,994,38,0,35.20222469,-87.03992678,47055.0,3373.6084713548744,3.8229376257545273,956,986,36,0,950,983,29503,8,2,0,6,3
2020-10-28,US,Tennessee,Grainger,635,4,0,36.27469206,-83.51254721,47057.0,2722.9845626072038,0.6299212598425197,631,617,4,0,613,612,23145,18,0,0,18,5
2020-10-28,US,Tennessee,Greene,1831,54,0,36.17470125,-82.84691273,47059.0,2650.9722161896075,2.9492080830147462,1777,1821,54,0,1767,1812,69087,10,0,0,10,9
2020-10-28,US,Tennessee,Grundy,585,11,0,35.38433717,-85.72142731,47061.0,4356.892827884114,1.8803418803418803,574,578,11,0,567,575,13346,7,0,0,7,3
2020-10-28,US,Tennessee,Hamblen,2525,50,0,36.21990035,-83.26586179,47063.0,3888.563772445868,1.98019801980198,2475,2495,48,0,2447,2475,64569,30,2,0,28,20
2020-10-28,US,Tennessee,Hamilton,12057,111,0,35.17670231,-85.16652245,47065.0,3278.104642690129,0.920627021647176,11946,11952,110,0,11842,11867,364286,105,1,0,104,85
2020-10-28,US,Tennessee,Hancock,123,3,0,36.52692871,-83.22375847,47067.0,1858.0060422960728,2.4390243902439024,120,121,3,0,118,121,6549,2,0,0,2,0
2020-10-28,US,Tennessee,Hardeman,1929,33,0,35.20772017,-88.99161161,47069.0,7700.5988023952095,1.7107309486780715,1896,1909,33,0,1876,1905,25220,20,0,0,20,4
2020-10-28,US,Tennessee,Hardin,1426,22,0,35.19732531,-88.18593755,47071.0,5559.0207391236545,1.5427769985974755,1404,1416,22,0,1394,1404,25776,10,0,0,10,12
2020-10-28,US,Tennessee,Hawkins,1245,25,0,36.44355426,-82.94885298,47073.0,2192.441799034973,2.0080321285140563,1220,1232,25,0,1207,1226,56530,13,0,0,13,6
2020-10-28,US,Tennessee,Haywood,1317,28,0,35.58332824,-89.28536625,47075.0,7610.957004160888,2.1260440394836753,1289,1305,28,0,1277,1297,17335,12,0,0,12,8
2020-10-28,US,Tennessee,Henderson,1436,26,0,35.65581134,-88.38600175,47077.0,5107.230501120319,1.8105849582172704,1410,1426,26,0,1400,1421,27847,10,0,0,10,5
2020-10-28,US,Tennessee,Henry,821,12,0,36.33160906,-88.30121797,47079.0,2538.259390941413,1.4616321559074301,809,809,12,0,797,802,32358,12,0,0,12,7
2020-10-28,US,Tennessee,Hickman,820,15,0,35.80609681,-87.47643507,47081.0,3256.811502105012,1.8292682926829267,805,810,15,0,795,810,25063,10,0,0,10,0
2020-10-28,US,Tennessee,Houston,428,17,0,36.28872054,-87.71878828,47083.0,5218.875746860139,3.97196261682243,411,425,17,0,408,423,8263,3,0,0,3,2
2020-10-28,US,Tennessee,Humphreys,462,4,0,36.03958805,-87.77992872,47085.0,2486.277042298999,0.8658008658008658,458,457,4,0,453,458,18486,5,0,0,5,-1
2020-10-28,US,Tennessee,Jackson,468,6,0,36.36380466,-85.67239905,47087.0,3970.8128287799077,1.2820512820512822,462,459,6,0,453,453,11758,9,0,0,9,6
2020-10-28,US,Tennessee,Jefferson,1588,23,0,36.04818632,-83.45148924,47089.0,2914.028809982567,1.4483627204030227,1565,1575,22,0,1553,1564,54012,13,1,0,12,11
2020-10-28,US,Tennessee,Johnson,1171,7,0,36.45523950000001,-81.84886538,47091.0,6583.089723409039,0.5977796754910333,1164,1166,7,0,1159,1157,17778,5,0,0,5,9
2020-10-28,US,Tennessee,Knox,13049,95,0,35.99508821,-83.94635435,47093.0,2774.535256308033,0.7280251360257491,12954,12956,92,0,12864,12848,465289,93,3,0,90,108
2020-10-28,US,Tennessee,Lake,990,4,0,36.34180170000001,-89.48921915,47095.0,14110.60433295325,0.404040404040404,986,988,3,0,985,987,7411,2,1,0,1,1
2020-10-28,US,Tennessee,Lauderdale,1474,17,0,35.75893438,-89.63015909999999,47097.0,5750.399875160925,1.153324287652646,1457,1451,17,0,1434,1441,25825,23,0,0,23,10
2020-10-28,US,Tennessee,Lawrence,1696,20,0,35.21675201,-87.39787695,47099.0,3842.145802183861,1.179245283018868,1676,1665,20,0,1645,1645,43734,31,0,0,31,20
2020-10-28,US,Tennessee,Lewis,431,5,0,35.52853208,-87.49022694,47101.0,3513.205086403652,1.160092807424594,426,422,5,0,417,418,12086,9,0,0,9,4
2020-10-28,US,Tennessee,Lincoln,931,3,0,35.13738622,-86.58910106,47103.0,2709.072920910202,0.322234156820623,928,925,3,0,922,917,34117,6,0,0,6,8
2020-10-28,US,Tennessee,Loudon,1678,12,0,35.73939663,-84.31145275,47105.0,3103.4992971813267,0.7151370679380215,1666,1653,11,0,1642,1643,53054,25,1,0,24,10
2020-10-28,US,Tennessee,Macon,1371,25,0,36.53157855,-86.00778595,47111.0,5572.717665230469,1.8234865061998544,1346,1357,25,0,1332,1348,24265,14,0,0,14,9
2020-10-28,US,Tennessee,Madison,3892,80,0,35.61181957,-88.84076036,47113.0,3972.0770738079686,2.055498458376156,3812,3851,80,0,3771,3814,97605,41,0,0,41,37
2020-10-28,US,Tennessee,Marion,809,10,0,35.12997174,-85.62265895,47115.0,2798.630089597675,1.236093943139679,799,794,10,0,784,783,28575,15,0,0,15,11
2020-10-28,US,Tennessee,Marshall,1172,11,0,35.45798777,-86.76420988,47117.0,3409.4545454545455,0.938566552901024,1161,1156,11,0,1145,1157,33683,16,0,0,16,-1
2020-10-28,US,Tennessee,Maury,3431,38,0,35.618741299999996,-87.07462444,47119.0,3559.608660919004,1.1075488195861265,3393,3407,38,0,3369,3389,94340,24,0,0,24,18
2020-10-28,US,Tennessee,McMinn,1683,38,0,35.42812616,-84.61520715,47107.0,3128.601702792133,2.2578728461081403,1645,1673,37,0,1636,1659,53285,10,1,0,9,14
2020-10-28,US,Tennessee,McNairy,1150,29,0,35.17468549,-88.5647812,47109.0,4475.753094107574,2.5217391304347827,1121,1144,28,0,1116,1134,25832,6,1,0,5,10
2020-10-28,US,Tennessee,Meigs,332,6,0,35.51558739,-84.81482914,47121.0,2672.677507647722,1.8072289156626504,326,330,6,0,324,329,12306,2,0,0,2,1
2020-10-28,US,Tennessee,Monroe,1507,29,0,35.44550387,-84.24902965,47123.0,3237.72693092706,1.92435301924353,1478,1486,29,0,1457,1472,46357,21,0,0,21,14
2020-10-28,US,Tennessee,Montgomery,4333,60,0,36.49609412,-87.38550661,47125.0,2073.275181465408,1.3847219016847452,4273,4275,58,0,4217,4240,205950,58,2,0,56,35
2020-10-28,US,Tennessee,Moore,277,2,0,35.27724699,-86.36230578,47127.0,4269.420468557337,0.7220216606498195,275,271,2,0,269,272,6411,6,0,0,6,-1
2020-10-28,US,Tennessee,Morgan,451,7,0,36.13248031,-84.64880098,47129.0,2107.1812362752885,1.5521064301552103,444,444,7,0,437,443,21579,7,0,0,7,1
2020-10-28,US,Tennessee,Obion,1847,23,0,36.35732446,-89.14921589,47131.0,6142.538827363729,1.245262587980509,1824,1811,23,0,1788,1795,30267,36,0,0,36,16
2020-10-28,US,Tennessee,Out of TN,4177,35,0,0.0,0.0,80047.0,0.0,0.8379219535551832,4142,4171,34,0,4137,4151,,6,1,0,5,20
2020-10-28,US,Tennessee,Overton,1248,18,0,36.34117832,-85.28989535,47133.0,5611.258486578841,1.4423076923076923,1230,1232,18,0,1214,1229,22068,16,0,0,16,3
2020-10-28,US,Tennessee,Perry,336,5,0,35.63708728,-87.86139634,47135.0,4160.475482912333,1.488095238095238,331,329,5,0,324,308,8064,7,0,0,7,21
2020-10-28,US,Tennessee,Pickett,283,9,0,36.55606529,-85.07763299999998,47137.0,5606.180665610143,3.180212014134276,274,276,9,0,267,274,5082,7,0,0,7,2
2020-10-28,US,Tennessee,Polk,533,13,0,35.12245443,-84.52075859,47139.0,3166.587452471483,2.4390243902439024,520,527,13,0,514,517,16898,6,0,0,6,10
2020-10-28,US,Tennessee,Putnam,4548,57,0,36.14005459,-85.50646123,47141.0,5667.642843790891,1.2532981530343008,4491,4499,57,0,4442,4456,78843,49,0,0,49,43
2020-10-28,US,Tennessee,Rhea,1132,19,0,35.60536161,-84.93076643,47143.0,3413.0310248138207,1.6784452296819787,1113,1130,18,0,1112,1124,33044,2,1,0,1,6
2020-10-28,US,Tennessee,Roane,1387,8,0,35.84923189,-84.52458689,47145.0,2598.25409314001,0.5767844268204758,1379,1346,7,0,1339,1321,53140,41,1,0,40,25
2020-10-28,US,Tennessee,Robertson,2669,43,0,36.52454807,-86.87346725,47147.0,3716.597273474162,1.6110902959910078,2626,2640,44,0,2596,2628,71012,29,-1,0,30,12
2020-10-28,US,Tennessee,Rutherford,12271,115,0,35.84591405,-86.4107263,47149.0,3692.914215206825,0.9371689348871324,12156,12143,115,0,12028,12017,324890,128,0,0,128,126
2020-10-28,US,Tennessee,Scott,400,5,0,36.42325673,-84.50360494,47151.0,1812.57930034439,1.25,395,394,5,0,389,386,22039,6,0,0,6,8
2020-10-28,US,Tennessee,Sequatchie,357,2,0,35.36979721,-85.41022136,47153.0,2375.881804871556,0.5602240896358543,355,357,2,0,355,347,14876,0,0,0,0,10
2020-10-28,US,Tennessee,Sevier,3461,22,0,35.78077323,-83.52244332,47155.0,3522.6463104325708,0.6356544351343543,3439,3408,23,0,3385,3364,97892,53,-1,0,54,44
2020-10-28,US,Tennessee,Shelby,37111,570,0,35.1864775,-89.89692423,47157.0,3959.917453258014,1.5359327423135998,36541,36855,568,0,36287,36685,935764,256,2,0,254,170
2020-10-28,US,Tennessee,Smith,1024,14,0,36.25359775,-85.95411046,47159.0,5080.1210497593875,1.3671875,1010,1005,14,0,991,994,19942,19,0,0,19,11
2020-10-28,US,Tennessee,Stewart,344,11,0,36.50235092,-87.83920548,47161.0,2508.202697776157,3.197674418604651,333,338,11,0,327,336,13561,6,0,0,6,2
2020-10-28,US,Tennessee,Sullivan,3923,49,0,36.51240691,-82.30412917,47163.0,2477.454719983833,1.2490440989039,3874,3846,48,0,3798,3819,157668,77,1,0,76,27
2020-10-28,US,Tennessee,Sumner,6305,113,0,36.46824103,-86.45917204,47165.0,3296.1632764019805,1.7922283901665346,6192,6230,112,0,6118,6184,187149,75,1,0,74,46
2020-10-28,US,Tennessee,Tipton,2439,23,0,35.501942,-89.73694895,47167.0,3959.479861686066,0.9430094300943008,2416,2406,23,0,2383,2381,61581,33,0,0,33,25
2020-10-28,US,Tennessee,Trousdale,1781,9,0,36.39026213,-86.16087954,47169.0,15783.410138248848,0.5053340819764177,1772,1777,8,0,1769,1776,11012,4,1,0,3,1
2020-10-28,US,Tennessee,Unassigned,2107,5,0,0.0,0.0,90047.0,0.0,0.2373042240151875,2102,2330,6,0,2324,2261,,-223,-1,0,-222,69
2020-10-28,US,Tennessee,Unicoi,457,3,0,36.10890856,-82.43709629,47171.0,2555.49963652631,0.6564551422319475,454,445,3,0,442,433,17761,12,0,0,12,12
2020-10-28,US,Tennessee,Union,552,3,0,36.28590426,-83.83651902,47173.0,2763.869417184057,0.5434782608695652,549,549,3,0,546,546,19688,3,0,0,3,3
2020-10-28,US,Tennessee,Van Buren,212,2,0,35.69864497,-85.45221699,47175.0,3610.3542234332426,0.9433962264150944,210,210,2,0,208,208,5765,2,0,0,2,2
2020-10-28,US,Tennessee,Warren,1490,11,0,35.672829899999996,-85.77969117,47177.0,3609.758461128473,0.7382550335570469,1479,1461,10,0,1451,1449,40878,29,1,0,28,12
2020-10-28,US,Tennessee,Washington,3663,53,0,36.29472368,-82.49454720000001,47179.0,2831.304347826087,1.446901446901447,3610,3615,53,0,3562,3569,128607,48,0,0,48,46
2020-10-28,US,Tennessee,Wayne,1612,7,0,35.23868267,-87.78644456,47181.0,9668.326036106278,0.43424317617866,1605,1606,7,0,1599,1604,16558,6,0,0,6,2
2020-10-28,US,Tennessee,Weakley,1601,26,0,36.29896232,-88.71990865,47183.0,4803.768602976475,1.6239850093691444,1575,1579,26,0,1553,1573,33415,22,0,0,22,6
2020-10-28,US,Tennessee,White,1228,14,0,35.92929884,-85.45591799,47185.0,4490.766136405193,1.1400651465798046,1214,1200,14,0,1186,1194,27107,28,0,0,28,6
2020-10-28,US,Tennessee,Williamson,7319,56,0,35.89099229,-86.89281867,47187.0,3069.89581061356,0.7651318486131985,7263,7235,56,0,7179,7187,231729,84,0,0,84,48
2020-10-28,US,Tennessee,Wilson,4847,60,0,36.15496772,-86.29775884,47189.0,3350.6847231727465,1.2378791004745202,4787,4785,60,0,4725,4731,140625,62,0,0,62,54
2020-10-28,US,Texas,Anderson,2961,39,0,31.81534745,-95.65354823,48001.0,5128.6048324240055,1.3171225937183384,2922,2949,39,0,2910,2946,58057,12,0,0,12,3
2020-10-28,US,Texas,Andrews,628,10,0,32.30468633,-102.63765479999999,48003.0,3357.391071905908,1.5923566878980893,618,628,10,0,618,584,18128,0,0,0,0,44
2020-10-28,US,Texas,Angelina,2304,92,0,31.25457347,-94.60901487,48005.0,2656.979761286975,3.9930555555555554,2212,2304,91,0,2213,2277,87092,0,1,0,-1,27
2020-10-28,US,Texas,Aransas,350,18,0,28.10556197,-96.9995047,48007.0,1488.7282007656318,5.142857142857143,332,349,18,0,331,348,23792,1,0,0,1,1
2020-10-28,US,Texas,Archer,154,1,0,33.61569967,-98.68754589,48009.0,1800.5378229860867,0.6493506493506493,153,142,1,0,141,137,8786,12,0,0,12,5
2020-10-28,US,Texas,Armstrong,27,1,0,34.96507426,-101.35748740000001,48011.0,1430.8426073131955,3.703703703703704,26,27,1,0,26,24,1892,0,0,0,0,3
2020-10-28,US,Texas,Atascosa,1285,35,0,28.89333001,-98.52730485,48013.0,2512.071628252497,2.723735408560312,1250,1282,35,0,1247,1284,50310,3,0,0,3,-2
2020-10-28,US,Texas,Austin,514,9,0,29.88548725,-96.27736949,48015.0,1711.5077250932336,1.7509727626459144,505,514,9,0,505,514,29989,0,0,0,0,0
2020-10-28,US,Texas,Bailey,296,5,0,34.06854817,-102.8299707,48017.0,4228.571428571428,1.6891891891891893,291,296,5,0,291,280,7027,0,0,0,0,16
2020-10-28,US,Texas,Bandera,185,8,0,29.74619598,-99.24598147,48019.0,800.4499826929732,4.3243243243243255,177,185,8,0,177,185,22824,0,0,0,0,0
2020-10-28,US,Texas,Bastrop,2006,31,0,30.10370699,-97.31206354,48021.0,2260.969534393562,1.5453639082751744,1975,1998,31,0,1967,1993,86976,8,0,0,8,5
2020-10-28,US,Texas,Baylor,43,2,0,33.61640794,-99.21352901,48023.0,1225.420347677401,4.651162790697675,41,43,2,0,41,43,3582,0,0,0,0,0
2020-10-28,US,Texas,Bee,1858,39,0,28.41761668,-97.74215593,48025.0,5705.512052817441,2.0990312163616798,1819,1841,39,0,1802,1853,32587,17,0,0,17,-12
2020-10-28,US,Texas,Bell,6427,100,0,31.03736027,-97.4785025,48027.0,1770.894181701954,1.5559358954411078,6327,6391,100,0,6291,6327,355642,36,0,0,36,64
2020-10-28,US,Texas,Bexar,65222,1407,0,29.44928723,-98.52019748,48029.0,3255.315304703541,2.157247554506148,63815,64941,1402,0,63539,64767,1986049,281,5,0,276,174
2020-10-28,US,Texas,Blanco,162,6,0,30.26640707,-98.3999852,48031.0,1357.8073925069148,3.703703703703704,156,161,6,0,155,159,11702,1,0,0,1,2
2020-10-28,US,Texas,Borden,2,0,0,32.74363984,-101.43165090000001,48033.0,305.8103975535168,0.0,2,2,0,0,2,2,648,0,0,0,0,0
2020-10-28,US,Texas,Bosque,408,11,0,31.89978581,-97.63613524,48035.0,2183.5697083221835,2.6960784313725488,397,407,11,0,396,405,18691,1,0,0,1,2
2020-10-28,US,Texas,Bowie,1944,75,0,33.44626922,-94.41834132,48037.0,2084.8302858062093,3.858024691358025,1869,1907,73,0,1834,1783,94324,37,2,0,35,124
2020-10-28,US,Texas,Brazoria,12333,184,0,29.18757369,-95.44563172,48039.0,3295.267511702969,1.4919322143841725,12149,12295,183,0,12112,12271,370200,38,1,0,37,24
2020-10-28,US,Texas,Brazos,7587,68,0,30.663644800000004,-96.30205577,48041.0,3310.0505647634723,0.8962699354158429,7519,7564,68,0,7496,7534,226758,23,0,0,23,30
2020-10-28,US,Texas,Brewster,249,5,0,29.81008251,-103.25203259999999,48043.0,2705.63946539172,2.0080321285140563,244,248,5,0,243,246,9267,1,0,0,1,2
2020-10-28,US,Texas,Briscoe,22,1,0,34.53026962,-101.2084947,48045.0,1423.0271668822766,4.545454545454546,21,22,1,0,21,22,1516,0,0,0,0,0
2020-10-28,US,Texas,Brooks,358,23,0,27.03103197,-98.21808402,48047.0,5047.229663048076,6.424581005586593,335,356,23,0,333,354,7114,2,0,0,2,2
2020-10-28,US,Texas,Brown,674,28,0,31.77430356,-98.99907113,48049.0,1780.0549334460172,4.154302670623147,646,670,28,0,642,661,37924,4,0,0,4,9
2020-10-28,US,Texas,Burleson,467,6,0,30.49273808,-96.62158484,48051.0,2532.1260098682433,1.284796573875803,461,464,6,0,458,461,18389,3,0,0,3,3
2020-10-28,US,Texas,Burnet,1047,15,0,30.78801353,-98.181887,48053.0,2174.22905201952,1.4326647564469914,1032,950,15,0,935,925,47542,97,0,0,97,25
2020-10-28,US,Texas,Caldwell,1700,37,0,29.83668859,-97.61814775,48055.0,3893.3675338952003,2.176470588235294,1663,1700,37,0,1663,1693,43247,0,0,0,0,7
2020-10-28,US,Texas,Calhoun,930,9,0,28.47048236,-96.61633945,48057.0,4368.2480037576315,0.967741935483871,921,930,9,0,921,929,21561,0,0,0,0,1
2020-10-28,US,Texas,Callahan,131,4,0,32.29760619,-99.37326312,48059.0,939.5395538980133,3.053435114503817,127,131,4,0,127,123,13994,0,0,0,0,8
2020-10-28,US,Texas,Cameron,24150,1081,0,26.14524221,-97.48140372,48061.0,5707.020698879628,4.476190476190476,23069,24085,1079,0,23006,23976,423908,65,2,0,63,109
2020-10-28,US,Texas,Camp,399,13,0,32.97195142,-94.97790104,48063.0,3047.1971895524666,3.2581453634085213,386,399,13,0,386,391,13033,0,0,0,0,8
2020-10-28,US,Texas,Carson,58,0,0,35.40365929,-101.35426690000001,48065.0,978.7377657779275,0.0,58,58,0,0,58,53,6005,0,0,0,0,5
2020-10-28,US,Texas,Cass,533,23,0,33.07499881,-94.34646905,48067.0,1775.1282222074203,4.3151969981238265,510,515,23,0,492,498,30119,18,0,0,18,17
2020-10-28,US,Texas,Castro,311,7,0,34.53016752,-102.2617243,48069.0,4130.146082337317,2.2508038585209005,304,311,7,0,304,301,7665,0,0,0,0,10
2020-10-28,US,Texas,Chambers,1565,10,0,29.70972016,-94.67154501,48071.0,3570.043570499807,0.6389776357827476,1555,1556,10,0,1546,1545,42454,9,0,0,9,11
2020-10-28,US,Texas,Cherokee,1642,37,0,31.837258000000002,-95.16559897,48073.0,3118.945408957945,2.2533495736906213,1605,1640,37,0,1603,1633,52592,2,0,0,2,7
2020-10-28,US,Texas,Childress,122,0,0,34.529304100000004,-100.2077916,48075.0,1669.8603887215986,0.0,122,122,0,0,122,120,7291,0,0,0,0,2
2020-10-28,US,Texas,Clay,117,2,0,33.78686685,-98.20771198,48077.0,1117.3717887498806,1.709401709401709,115,110,2,0,108,107,10456,7,0,0,7,3
2020-10-28,US,Texas,Cochran,109,1,0,33.60425307,-102.82844990000001,48079.0,3820.539782684893,0.9174311926605504,108,109,1,0,108,99,2836,0,0,0,0,10
2020-10-28,US,Texas,Coke,127,5,0,31.88911733,-100.5297533,48081.0,3749.6309418364335,3.9370078740157477,122,112,5,0,107,109,3370,15,0,0,15,3
2020-10-28,US,Texas,Coleman,93,4,0,31.76736834,-99.45240766,48083.0,1137.6146788990825,4.301075268817204,89,89,4,0,85,88,8397,4,0,0,4,1
2020-10-28,US,Texas,Collin,18015,180,0,33.18820114,-96.57264368,48085.0,1741.0338928995968,0.9991673605328892,17835,17883,177,0,17706,17768,1005146,132,3,0,129,115
2020-10-28,US,Texas,Collingsworth,22,0,0,34.96489496,-100.27001109999999,48087.0,753.4246575342465,0.0,22,22,0,0,22,21,2962,0,0,0,0,1
2020-10-28,US,Texas,Colorado,502,4,0,29.622097999999998,-96.5273805,48089.0,2335.6441632159313,0.796812749003984,498,503,4,0,499,501,21217,-1,0,0,-1,2
2020-10-28,US,Texas,Comal,2872,106,0,29.80811278,-98.27647225,48091.0,1838.5624387839368,3.6908077994428967,2766,2861,106,0,2755,2848,148373,11,0,0,11,13
2020-10-28,US,Texas,Comanche,368,5,0,31.94854689,-98.55876441,48093.0,2698.936560322699,1.358695652173913,363,365,5,0,360,354,13534,3,0,0,3,11
2020-10-28,US,Texas,Concho,143,2,0,31.32635934,-99.86473038,48095.0,5245.7813646368295,1.3986013986013983,141,143,2,0,141,142,4276,0,0,0,0,1
2020-10-28,US,Texas,Cooke,561,9,0,33.63979567,-97.21240912,48097.0,1359.7692512785713,1.60427807486631,552,561,9,0,552,539,40574,0,0,0,0,22
2020-10-28,US,Texas,Coryell,1972,13,0,31.39078397,-97.79936155,48099.0,2596.4108438335243,0.6592292089249493,1959,1967,13,0,1954,1970,74808,5,0,0,5,-3
2020-10-28,US,Texas,Cottle,40,3,0,34.07783319,-100.27850620000001,48101.0,2861.230329041488,7.5,37,39,3,0,36,35,1389,1,0,0,1,4
2020-10-28,US,Texas,Crane,77,4,0,31.43052248,-102.5143314,48103.0,1605.1698978528248,5.194805194805196,73,77,4,0,73,74,4794,0,0,0,0,3
2020-10-28,US,Texas,Crockett,166,7,0,30.72367027,-101.4134238,48105.0,4792.147806004619,4.216867469879518,159,166,7,0,159,166,3499,0,0,0,0,0
2020-10-28,US,Texas,Crosby,123,7,0,33.61431553,-101.30003640000001,48107.0,2143.9776886874674,5.691056910569106,116,123,6,0,117,115,5779,0,1,0,-1,8
2020-10-28,US,Texas,Culberson,101,2,0,31.44506775,-104.5185739,48109.0,4652.233993551359,1.98019801980198,99,101,2,0,99,97,2204,0,0,0,0,4
2020-10-28,US,Texas,Dallam,371,10,0,36.27787176,-102.60207249999999,48111.0,5091.258405379443,2.6954177897574123,361,371,10,0,361,362,7200,0,0,0,0,9
2020-10-28,US,Texas,Dallas,94837,1235,0,32.76670599,-96.77796049999999,48113.0,3598.422472107929,1.3022343600071702,93602,93939,1229,0,92710,93939,2637772,898,6,0,892,0
2020-10-28,US,Texas,Dawson,851,17,0,32.74255572,-101.94772420000001,48115.0,6686.0465116279065,1.9976498237367804,834,820,17,0,803,820,12619,31,0,0,31,0
2020-10-28,US,Texas,DeWitt,1086,44,0,29.08101855,-97.35681170000001,48123.0,5386.904761904762,4.051565377532229,1042,1084,44,0,1040,1078,20187,2,0,0,2,6
2020-10-28,US,Texas,Deaf Smith,1058,26,0,34.96522957,-102.6054267,48117.0,5704.734174485065,2.457466918714556,1032,1058,26,0,1032,1026,18760,0,0,0,0,32
2020-10-28,US,Texas,Delta,35,0,0,33.38570922,-95.66921122,48119.0,656.5372350403303,0.0,35,33,0,0,33,33,5349,2,0,0,2,0
2020-10-28,US,Texas,Denton,14547,174,0,33.20521901,-97.11691153,48121.0,1639.6399036526984,1.1961229119406065,14373,14427,173,0,14254,14260,859064,120,1,0,119,167
2020-10-28,US,Texas,Dickens,51,2,0,33.61616822,-100.7788855,48125.0,2306.648575305292,3.92156862745098,49,51,2,0,49,51,2249,0,0,0,0,0
2020-10-28,US,Texas,Dimmit,292,7,0,28.42270064,-99.75645095,48127.0,2884.2354800474122,2.3972602739726026,285,290,7,0,283,289,10308,2,0,0,2,1
2020-10-28,US,Texas,Donley,99,1,0,34.96517499,-100.8140093,48129.0,3020.13422818792,1.0101010101010102,98,99,1,0,98,85,3319,0,0,0,0,14
2020-10-28,US,Texas,Duval,489,21,0,27.68184592,-98.50864568,48131.0,4382.898628663619,4.294478527607362,468,489,21,0,468,488,11212,0,0,0,0,1
2020-10-28,US,Texas,Eastland,253,7,0,32.32743996,-98.83243566,48133.0,1377.995642701525,2.766798418972332,246,253,6,0,247,251,18322,0,1,0,-1,2
2020-10-28,US,Texas,Ector,6373,119,0,31.86898877,-102.54294279999999,48135.0,3834.006124302895,1.867252471363565,6254,6246,117,0,6129,6246,162124,127,2,0,125,0
2020-10-28,US,Texas,Edwards,72,2,0,29.98202582,-100.304252,48137.0,3726.7080745341614,2.7777777777777777,70,72,2,0,70,71,1928,0,0,0,0,1
2020-10-28,US,Texas,El Paso,43425,601,0,31.76980765,-106.23632749999999,48141.0,5174.3367197386215,1.3839953943580887,42824,42332,596,0,41736,40887,840758,1093,5,0,1088,1445
2020-10-28,US,Texas,Ellis,4968,78,0,32.34894117,-96.79371841,48139.0,2687.933515847337,1.5700483091787443,4890,4945,77,0,4868,4875,179436,23,1,0,22,70
2020-10-28,US,Texas,Erath,1036,14,0,32.23602653,-98.21773417,48143.0,2426.3431542461003,1.351351351351351,1022,1031,14,0,1017,1017,42446,5,0,0,5,14
2020-10-28,US,Texas,Falls,675,5,0,31.25350609,-96.93630086,48145.0,3902.410822686015,0.7407407407407407,670,674,5,0,669,666,17335,1,0,0,1,8
2020-10-28,US,Texas,Fannin,795,19,0,33.59564294,-96.10751083,48147.0,2238.553809765163,2.3899371069182394,776,789,18,0,771,778,35286,6,1,0,5,11
2020-10-28,US,Texas,Fayette,676,22,0,29.87788372,-96.92076062,48149.0,2667.0875088771404,3.2544378698224854,654,676,22,0,654,672,25349,0,0,0,0,4
2020-10-28,US,Texas,Fisher,106,3,0,32.74281316,-100.40193020000001,48151.0,2767.6240208877284,2.830188679245283,103,106,3,0,103,102,3839,0,0,0,0,4
2020-10-28,US,Texas,Floyd,142,9,0,34.07227468,-101.3031546,48153.0,2485.9943977591042,6.338028169014086,133,142,9,0,133,126,5837,0,0,0,0,16
2020-10-28,US,Texas,Foard,22,1,0,33.97308618,-99.7767797,48155.0,1904.7619047619046,4.545454545454546,21,21,1,0,20,21,1200,1,0,0,1,0
2020-10-28,US,Texas,Fort Bend,17585,308,0,29.52704478,-95.77219463,48157.0,2166.472831925568,1.7514927495024168,17277,17556,307,0,17249,17486,787858,29,1,0,28,70
2020-10-28,US,Texas,Franklin,221,7,0,33.17653242,-95.21917243,48159.0,2060.6060606060605,3.1674208144796383,214,218,7,0,211,216,10766,3,0,0,3,2
2020-10-28,US,Texas,Freestone,456,4,0,31.70422788,-96.15072516,48161.0,2312.725059593245,0.8771929824561403,452,456,4,0,452,459,19808,0,0,0,0,-3
2020-10-28,US,Texas,Frio,1017,9,0,28.86751206,-99.10804207,48163.0,5008.3719097803605,0.8849557522123894,1008,1016,9,0,1007,1014,19816,1,0,0,1,2
2020-10-28,US,Texas,Gaines,526,11,0,32.74055318,-102.6353295,48165.0,2447.4222966685284,2.091254752851711,515,511,11,0,500,511,20901,15,0,0,15,0
2020-10-28,US,Texas,Galveston,12490,169,0,29.40167322,-94.90469073,48167.0,3650.5630752413495,1.3530824659727785,12321,12404,169,0,12235,12368,337890,86,0,0,86,36
2020-10-28,US,Texas,Garza,126,8,0,33.17969345,-101.2984114,48169.0,2022.7965965644569,6.349206349206349,118,126,8,0,118,124,6578,0,0,0,0,2
2020-10-28,US,Texas,Gillespie,363,10,0,30.31824095,-98.94676915,48171.0,1345.0422409959986,2.7548209366391183,353,363,10,0,353,361,26804,0,0,0,0,2
2020-10-28,US,Texas,Glasscock,13,0,0,31.86942909,-101.5207776,48173.0,922.6401703335699,0.0,13,13,0,0,13,13,1388,0,0,0,0,0
2020-10-28,US,Texas,Goliad,166,6,0,28.65696592,-97.42760647,48175.0,2167.667798380778,3.614457831325301,160,166,6,0,160,157,7584,0,0,0,0,9
2020-10-28,US,Texas,Gonzales,1115,20,0,29.45634206,-97.49424032,48177.0,5351.05821375438,1.7937219730941705,1095,1112,20,0,1092,1112,20826,3,0,0,3,0
2020-10-28,US,Texas,Gray,495,10,0,35.40081878,-100.8129222,48179.0,2261.7198208900672,2.0202020202020203,485,495,10,0,485,450,21895,0,0,0,0,45
2020-10-28,US,Texas,Grayson,2632,70,0,33.62744998,-96.67753461,48181.0,1932.282030951752,2.6595744680851063,2562,2515,69,0,2446,2508,133991,117,1,0,116,7
2020-10-28,US,Texas,Gregg,2568,86,0,32.47940482,-94.81591935,48183.0,2071.8867239501387,3.3489096573208723,2482,2545,86,0,2459,2537,123707,23,0,0,23,8
2020-10-28,US,Texas,Grimes,1189,35,0,30.54579585,-95.98902499,48185.0,4117.036011080332,2.9436501261564336,1154,1187,35,0,1152,1177,28360,2,0,0,2,10
2020-10-28,US,Texas,Guadalupe,3888,81,0,29.58165339,-97.94786822,48187.0,2330.278638513129,2.083333333333333,3807,3883,80,0,3803,3876,163694,5,1,0,4,7
2020-10-28,US,Texas,Hale,2559,61,0,34.07044901,-101.82681140000001,48189.0,7660.300544812309,2.383743649863228,2498,2537,61,0,2476,2537,33830,22,0,0,22,0
2020-10-28,US,Texas,Hall,47,1,0,34.5307555,-100.68138520000001,48191.0,1585.6950067476382,2.127659574468085,46,47,1,0,46,45,3028,0,0,0,0,2
2020-10-28,US,Texas,Hamilton,201,5,0,31.70470573,-98.11083887,48193.0,2375.605720364023,2.487562189054726,196,197,5,0,192,196,8484,4,0,0,4,1
2020-10-28,US,Texas,Hansford,216,6,0,36.27743284,-101.3545796,48195.0,4000.74087794036,2.7777777777777777,210,216,6,0,210,193,5463,0,0,0,0,23
2020-10-28,US,Texas,Hardeman,63,3,0,34.28944521,-99.74632408,48197.0,1601.8306636155605,4.761904761904762,60,63,3,0,60,63,3922,0,0,0,0,0
2020-10-28,US,Texas,Hardin,1448,35,0,30.33364686,-94.38931817,48199.0,2513.801604110969,2.4171270718232045,1413,1434,34,0,1400,1429,57207,14,1,0,13,5
2020-10-28,US,Texas,Harris,160532,2791,0,29.85864939,-95.39339521,48201.0,3405.9183272954865,1.7385941743702191,157741,159617,2785,0,156832,159272,4698619,915,6,0,909,345
2020-10-28,US,Texas,Harrison,1090,38,0,32.54935988,-94.36934071,48203.0,1637.7924361035566,3.486238532110092,1052,1076,38,0,1038,1069,66726,14,0,0,14,7
2020-10-28,US,Texas,Hartley,171,0,0,35.84008013,-102.6029022,48205.0,3066.7144906743183,0.0,171,171,0,0,171,170,5619,0,0,0,0,1
2020-10-28,US,Texas,Haskell,83,3,0,33.17823584,-99.73037358,48207.0,1466.9494521032166,3.614457831325301,80,83,3,0,80,80,5813,0,0,0,0,3
2020-10-28,US,Texas,Hays,6376,86,0,30.05669873,-98.02944344,48209.0,2769.8737135682977,1.3488080301129235,6290,6376,86,0,6290,6353,222631,0,0,0,0,23
2020-10-28,US,Texas,Hemphill,145,0,0,35.83764858,-100.2703577,48211.0,3796.805446451952,0.0,145,145,0,0,145,133,3825,0,0,0,0,12
2020-10-28,US,Texas,Henderson,1295,35,0,32.21128872,-95.85846587,48213.0,1565.2005753169683,2.702702702702702,1260,1259,35,0,1224,1228,82299,36,0,0,36,31
2020-10-28,US,Texas,Hidalgo,35485,1940,0,26.39418217,-98.18299696,48215.0,4084.806499774953,5.467098774129914,33545,35281,1934,0,33347,35100,865939,204,6,0,198,181
2020-10-28,US,Texas,Hill,831,16,0,31.99045053,-97.13423143,48217.0,2267.4561379573793,1.9253910950661848,815,817,16,0,801,803,36354,14,0,0,14,14
2020-10-28,US,Texas,Hockley,665,14,0,33.60771256,-102.3431676,48219.0,2888.666869380131,2.1052631578947367,651,665,14,0,651,632,22980,0,0,0,0,33
2020-10-28,US,Texas,Hood,1194,38,0,32.42990927,-97.83242024,48221.0,1936.9595898966631,3.1825795644891124,1156,1184,38,0,1146,1167,60537,10,0,0,10,17
2020-10-28,US,Texas,Hopkins,672,29,0,33.14875072,-95.56351139,48223.0,1812.1022543414954,4.315476190476192,643,635,27,0,608,614,36810,37,2,0,35,21
2020-10-28,US,Texas,Houston,427,13,0,31.31925973,-95.42226208,48225.0,1859.1083246255664,3.0444964871194378,414,424,13,0,411,419,23169,3,0,0,3,5
2020-10-28,US,Texas,Howard,1202,21,0,32.30621324,-101.4356444,48227.0,3278.420248745363,1.7470881863560732,1181,1194,21,0,1173,1192,36459,8,0,0,8,2
2020-10-28,US,Texas,Hudspeth,106,3,0,31.45628381,-105.388178,48229.0,2169.4637740483013,2.830188679245283,103,101,3,0,98,94,4795,5,0,0,5,7
2020-10-28,US,Texas,Hunt,2019,45,0,33.12351514,-96.08551032,48231.0,2047.7919548856928,2.2288261515601784,1974,1992,44,0,1948,1944,96493,27,1,0,26,48
2020-10-28,US,Texas,Hutchinson,344,7,0,35.84006574,-101.3546643,48233.0,1642.945840099341,2.0348837209302326,337,344,7,0,337,326,21198,0,0,0,0,18
2020-10-28,US,Texas,Irion,13,0,0,31.30375559,-100.982439,48235.0,846.3541666666665,0.0,13,13,0,0,13,13,1522,0,0,0,0,0
2020-10-28,US,Texas,Jack,153,3,0,33.23377248,-98.17283469,48237.0,1712.3670956911026,1.96078431372549,150,152,3,0,149,151,8843,1,0,0,1,1
2020-10-28,US,Texas,Jackson,652,16,0,28.95472367,-96.57749563,48239.0,4417.344173441736,2.4539877300613497,636,650,16,0,634,647,14874,2,0,0,2,3
2020-10-28,US,Texas,Jasper,515,34,0,30.74685667,-94.02667579,48241.0,1449.5201103324046,6.601941747572815,481,515,34,0,481,515,35872,0,0,0,0,0
2020-10-28,US,Texas,Jeff Davis,23,0,0,30.71490589,-104.1399973,48243.0,1011.433597185576,0.0,23,23,0,0,23,21,2252,0,0,0,0,2
2020-10-28,US,Texas,Jefferson,8332,152,0,29.8832777,-94.16434171,48245.0,3312.066463935762,1.8242918867018725,8180,8301,152,0,8149,8245,255001,31,0,0,31,56
2020-10-28,US,Texas,Jim Hogg,169,6,0,27.04453923,-98.69681870000001,48247.0,3250.0,3.5502958579881656,163,169,6,0,163,168,5248,0,0,0,0,1
2020-10-28,US,Texas,Jim Wells,1620,52,0,27.73103938,-98.0904705,48249.0,4001.778568252557,3.2098765432098766,1568,1600,52,0,1548,1590,40822,20,0,0,20,10
2020-10-28,US,Texas,Johnson,3727,65,0,32.37877812,-97.36615819,48251.0,2119.8177650625366,1.74403005097934,3662,3656,65,0,3591,3588,171361,71,0,0,71,68
2020-10-28,US,Texas,Jones,595,2,0,32.73997145,-99.87861576,48253.0,2962.704775182991,0.33613445378151263,593,590,2,0,588,585,19817,5,0,0,5,5
2020-10-28,US,Texas,Karnes,955,17,0,28.90705334,-97.85960149,48255.0,6121.402474200372,1.780104712041885,938,954,17,0,937,951,15650,1,0,0,1,3
2020-10-28,US,Texas,Kaufman,3571,56,0,32.599141700000004,-96.28734728,48257.0,2622.7653980052,1.5681881825819095,3515,3543,56,0,3487,3499,128622,28,0,0,28,44
2020-10-28,US,Texas,Kendall,388,10,0,29.94414155,-98.7113588,48259.0,818.030402057726,2.5773195876288657,378,387,10,0,377,387,45641,1,0,0,1,0
2020-10-28,US,Texas,Kenedy,11,2,0,26.92601662,-97.66413984,48261.0,2722.772277227723,18.181818181818183,9,11,2,0,9,11,442,0,0,0,0,0
2020-10-28,US,Texas,Kent,10,0,0,33.18104136,-100.7780939,48263.0,1312.3359580052493,0.0,10,10,0,0,10,10,726,0,0,0,0,0
2020-10-28,US,Texas,Kerr,704,13,0,30.06040006,-99.34930144,48265.0,1338.403041825095,1.8465909090909087,691,702,13,0,689,697,52405,2,0,0,2,5
2020-10-28,US,Texas,Kimble,26,2,0,30.48678918,-99.74856473,48267.0,599.4927369149182,7.6923076923076925,24,26,1,0,25,24,4362,0,1,0,-1,2
2020-10-28,US,Texas,King,1,0,0,33.61643847,-100.2558057,48269.0,367.6470588235293,0.0,1,1,0,0,1,1,277,0,0,0,0,0
2020-10-28,US,Texas,Kinney,79,1,0,29.34967888,-100.41866379999999,48271.0,2154.3496045814013,1.2658227848101269,78,79,1,0,78,78,3767,0,0,0,0,1
2020-10-28,US,Texas,Kleberg,1026,52,0,27.42435506,-97.69894948,48273.0,3344.1981747066493,5.0682261208577,974,1025,52,0,973,1023,31129,1,0,0,1,2
2020-10-28,US,Texas,Knox,113,9,0,33.60519951,-99.74229059999999,48275.0,3084.0611353711793,7.9646017699115035,104,113,9,0,104,113,3653,0,0,0,0,0
2020-10-28,US,Texas,La Salle,376,13,0,28.34453111,-99.09908775,48283.0,5000.0,3.4574468085106385,363,376,13,0,363,366,7531,0,0,0,0,10
2020-10-28,US,Texas,Lamar,1820,47,0,33.66981763,-95.57404777,48277.0,3650.2938285966425,2.5824175824175826,1773,1803,46,0,1757,1768,49728,17,1,0,16,35
2020-10-28,US,Texas,Lamb,538,24,0,34.06859623,-102.35162890000001,48279.0,4172.806949507485,4.4609665427509295,514,538,24,0,514,507,13158,0,0,0,0,31
2020-10-28,US,Texas,Lampasas,305,9,0,31.19531316,-98.24206613,48281.0,1423.371289901064,2.950819672131148,296,305,9,0,296,305,21229,0,0,0,0,0
2020-10-28,US,Texas,Lavaca,1159,39,0,29.38508402,-96.93186692,48285.0,5750.719460156794,3.364969801553063,1120,1141,39,0,1102,1131,20110,18,0,0,18,10
2020-10-28,US,Texas,Lee,242,14,0,30.31120597,-96.97045773,48287.0,1403.7937235338472,5.785123966942148,228,241,14,0,227,239,17144,1,0,0,1,2
2020-10-28,US,Texas,Leon,354,12,0,31.29872538,-95.9936328,48289.0,2034.015168926684,3.3898305084745757,342,350,11,0,339,342,17270,4,1,0,3,8
2020-10-28,US,Texas,Liberty,2295,58,0,30.15152688,-94.81205615,48291.0,2601.480406715107,2.5272331154684102,2237,2308,58,0,2250,2291,86323,-13,0,0,-13,17
2020-10-28,US,Texas,Limestone,679,16,0,31.5454767,-96.58095444,48293.0,2897.128472074071,2.3564064801178204,663,677,16,0,661,673,23519,2,0,0,2,4
2020-10-28,US,Texas,Lipscomb,69,1,0,36.27783108,-100.27331509999999,48295.0,2134.2406433652955,1.4492753623188406,68,69,1,0,68,68,3355,0,0,0,0,1
2020-10-28,US,Texas,Live Oak,383,10,0,28.35101362,-98.1246786,48297.0,3137.544032112722,2.610966057441253,373,383,10,0,373,381,12166,0,0,0,0,2
2020-10-28,US,Texas,Llano,180,3,0,30.70645047,-98.68475262,48299.0,825.8774948382656,1.6666666666666667,177,180,3,0,177,176,21646,0,0,0,0,4
2020-10-28,US,Texas,Lubbock,18015,174,0,33.61008596,-101.82047890000001,48303.0,5800.643335297471,0.9658617818484596,17841,17703,170,0,17533,17478,307412,312,4,0,308,225
2020-10-28,US,Texas,Lynn,172,5,0,33.17657705,-101.8162849,48305.0,2890.2705427659216,2.9069767441860463,167,165,5,0,160,165,5877,7,0,0,7,0
2020-10-28,US,Texas,Madison,759,6,0,30.96694679,-95.93003775,48313.0,5313.6376365163815,0.7905138339920948,753,759,6,0,753,758,14422,0,0,0,0,1
2020-10-28,US,Texas,Marion,172,14,0,32.79868409,-94.35661230000001,48315.0,1745.4840673838034,8.13953488372093,158,170,14,0,156,170,9928,2,0,0,2,0
2020-10-28,US,Texas,Martin,92,7,0,32.30600051,-101.9513518,48317.0,1594.1777854791198,7.608695652173912,85,91,7,0,84,89,5753,1,0,0,1,2
2020-10-28,US,Texas,Mason,82,2,0,30.71780434,-99.22629416,48319.0,1918.5774450163776,2.4390243902439024,80,82,2,0,80,80,4280,0,0,0,0,2
2020-10-28,US,Texas,Matagorda,1105,53,0,28.81955746,-96.01230294,48321.0,3015.5827852523,4.796380090497737,1052,1100,53,0,1047,1095,36552,5,0,0,5,5
2020-10-28,US,Texas,Maverick,4232,147,0,28.7429195,-100.3157686,48323.0,7206.839004121113,3.4735349716446127,4085,4224,146,0,4078,4182,58485,8,1,0,7,42
2020-10-28,US,Texas,McCulloch,209,4,0,31.1925468,-99.34682807,48307.0,2617.7354709418837,1.9138755980861244,205,206,4,0,202,202,7987,3,0,0,3,4
2020-10-28,US,Texas,McLennan,10014,138,0,31.55255453,-97.20217694,48309.0,3902.2223261360054,1.378070701018574,9876,9961,135,0,9826,9893,254607,53,3,0,50,68
2020-10-28,US,Texas,McMullen,25,1,0,28.35251708,-98.56769164,48311.0,3364.737550471063,4.0,24,25,1,0,24,24,749,0,0,0,0,1
2020-10-28,US,Texas,Medina,1276,48,0,29.355730100000002,-99.11030298,48325.0,2473.6352357320097,3.761755485893417,1228,1276,48,0,1228,1274,50921,0,0,0,0,2
2020-10-28,US,Texas,Menard,72,0,0,30.88990665,-99.82047940000001,48327.0,3367.6333021515434,0.0,72,68,0,0,68,62,2139,4,0,0,4,6
2020-10-28,US,Texas,Midland,5378,94,0,31.86904128,-102.03156820000001,48329.0,3041.304741223308,1.7478616586091484,5284,5294,92,0,5202,5211,172578,84,2,0,82,83
2020-10-28,US,Texas,Milam,548,8,0,30.78581830000001,-96.97718698,48331.0,2207.6300205454627,1.45985401459854,540,547,7,0,540,545,25131,1,1,0,0,2
2020-10-28,US,Texas,Mills,76,1,0,31.49557106,-98.59272068,48333.0,1559.6142006977225,1.3157894736842106,75,77,1,0,76,76,4921,-1,0,0,-1,1
2020-10-28,US,Texas,Mitchell,193,2,0,32.30623474,-100.9212058,48335.0,2258.630778232885,1.0362694300518134,191,193,2,0,191,179,8145,0,0,0,0,14
2020-10-28,US,Texas,Montague,284,6,0,33.67521893,-97.72500958,48337.0,1433.0406700978906,2.112676056338028,278,279,5,0,274,270,19596,5,1,0,4,9
2020-10-28,US,Texas,Montgomery,13996,179,0,30.30079133,-95.50572772,48339.0,2304.2817559035284,1.2789368390968847,13817,13917,178,0,13739,13796,590925,79,1,0,78,121
2020-10-28,US,Texas,Moore,1345,22,0,35.83769242,-101.8930281,48341.0,6423.113658070677,1.6356877323420074,1323,1345,22,0,1323,1317,21485,0,0,0,0,28
2020-10-28,US,Texas,Morris,228,5,0,33.11304005,-94.73255695,48343.0,1840.4907975460128,2.1929824561403506,223,224,5,0,219,217,12339,4,0,0,4,7
2020-10-28,US,Texas,Motley,17,0,0,34.07408766,-100.77972199999999,48345.0,1416.666666666667,0.0,17,17,0,0,17,17,1234,0,0,0,0,0
2020-10-28,US,Texas,Nacogdoches,1803,69,0,31.62017125,-94.61803994,48347.0,2765.167781117723,3.826955074875208,1734,1800,68,0,1732,1789,65711,3,1,0,2,11
2020-10-28,US,Texas,Navarro,1417,33,0,32.04620681,-96.47428766,48349.0,2827.6096022988045,2.3288637967537054,1384,1417,32,0,1385,1417,49565,0,1,0,-1,0
2020-10-28,US,Texas,Newton,188,13,0,30.78548982,-93.74408813,48351.0,1382.8613460831189,6.914893617021277,175,188,13,0,175,188,13746,0,0,0,0,0
2020-10-28,US,Texas,Nolan,420,6,0,32.30365282,-100.4060208,48353.0,2854.42435775452,1.4285714285714286,414,420,5,0,415,405,14751,0,1,0,-1,15
2020-10-28,US,Texas,Nueces,21247,442,0,27.736286,-97.5433285,48355.0,5864.574075198596,2.0802936885207317,20805,21219,442,0,20777,21187,362265,28,0,0,28,32
2020-10-28,US,Texas,Ochiltree,305,5,0,36.27829105,-100.8158184,48357.0,3100.854005693371,1.639344262295082,300,305,5,0,300,302,9947,0,0,0,0,3
2020-10-28,US,Texas,Oldham,27,2,0,35.40425596,-102.6027606,48359.0,1278.409090909091,7.407407407407407,25,27,2,0,25,27,2131,0,0,0,0,0
2020-10-28,US,Texas,Orange,2187,46,0,30.11879481,-93.89412775,48361.0,2622.4279341934866,2.1033379058070416,2141,2187,46,0,2141,2160,83572,0,0,0,0,27
2020-10-28,US,Texas,Palo Pinto,726,17,0,32.75310985,-98.31319001,48363.0,2487.238343211484,2.3415977961432506,709,718,17,0,701,700,28875,8,0,0,8,18
2020-10-28,US,Texas,Panola,475,28,0,32.163959600000005,-94.30552481,48365.0,2047.9434336466327,5.894736842105262,447,474,28,0,446,468,23148,1,0,0,1,6
2020-10-28,US,Texas,Parker,2490,49,0,32.77757172,-97.80500621,48367.0,1742.7455591483642,1.9678714859437751,2441,2461,48,0,2413,2400,138371,29,1,0,28,61
2020-10-28,US,Texas,Parmer,579,18,0,34.52993409,-102.78446679999999,48369.0,6028.110359187924,3.1088082901554404,561,579,18,0,561,570,9864,0,0,0,0,9
2020-10-28,US,Texas,Pecos,508,8,0,30.78097267,-102.72412609999999,48371.0,3210.516336977817,1.5748031496062993,500,488,7,0,481,474,15673,20,1,0,19,14
2020-10-28,US,Texas,Polk,914,35,0,30.79472531,-94.82766240000001,48373.0,1779.8375946877497,3.8293216630196936,879,914,35,0,879,912,50031,0,0,0,0,2
2020-10-28,US,Texas,Potter,8007,100,0,35.40133773,-101.893964,48375.0,6819.40126900311,1.2489072061945798,7907,8007,100,0,7907,7845,119648,0,0,0,0,162
2020-10-28,US,Texas,Presidio,133,7,0,29.99954402,-104.24080790000001,48377.0,1983.890214797136,5.2631578947368425,126,133,7,0,126,128,6948,0,0,0,0,5
2020-10-28,US,Texas,Rains,93,5,0,32.87109387,-95.79232691,48379.0,743.167652229503,5.376344086021504,88,92,5,0,87,90,12159,1,0,0,1,2
2020-10-28,US,Texas,Randall,5218,56,0,34.96585996,-101.8971322,48381.0,3789.039524227923,1.0732081257186659,5162,5049,56,0,4993,4883,136271,169,0,0,169,166
2020-10-28,US,Texas,Reagan,95,6,0,31.36607041,-101.52326590000001,48383.0,2468.173551571837,6.315789473684211,89,95,6,0,89,92,3741,0,0,0,0,3
2020-10-28,US,Texas,Real,125,8,0,29.83321503,-99.82018052,48385.0,3621.089223638471,6.4,117,124,8,0,116,123,3478,1,0,0,1,1
2020-10-28,US,Texas,Red River,199,17,0,33.61886692,-95.04841765,48387.0,1655.1609415287369,8.542713567839195,182,197,17,0,180,196,12175,2,0,0,2,1
2020-10-28,US,Texas,Reeves,271,7,0,31.32323325,-103.69038959999999,48389.0,1696.2944416624937,2.5830258302583027,264,267,7,0,260,258,15695,4,0,0,4,9
2020-10-28,US,Texas,Refugio,311,16,0,28.323897600000002,-97.15766311,48391.0,4476.108232584917,5.144694533762059,295,310,16,0,294,309,7032,1,0,0,1,1
2020-10-28,US,Texas,Roberts,14,0,0,35.83809685,-100.813175,48393.0,1639.344262295082,0.0,14,14,0,0,14,14,903,0,0,0,0,0
2020-10-28,US,Texas,Robertson,427,4,0,31.02539637,-96.51272246,48395.0,2500.8785287571745,0.936768149882904,423,425,4,0,421,420,17284,2,0,0,2,5
2020-10-28,US,Texas,Rockwall,1945,32,0,32.89779518,-96.40771592,48397.0,1853.8817137682888,1.6452442159383034,1913,1939,32,0,1907,1896,100657,6,0,0,6,43
2020-10-28,US,Texas,Runnels,302,9,0,31.8314342,-99.97616148,48399.0,2942.3226812159,2.9801324503311264,293,301,9,0,292,296,10234,1,0,0,1,5
2020-10-28,US,Texas,Rusk,1029,23,0,32.10773545,-94.76176432,48401.0,1891.3355144653158,2.2351797862001943,1006,1008,23,0,985,995,54450,21,0,0,21,13
2020-10-28,US,Texas,Sabine,99,9,0,31.34318809,-93.85440451,48403.0,939.1007398975528,9.090909090909092,90,94,9,0,85,94,10589,5,0,0,5,0
2020-10-28,US,Texas,San Augustine,221,15,0,31.39457611,-94.17000399,48405.0,2683.0156610416416,6.787330316742081,206,221,15,0,206,214,8232,0,0,0,0,7
2020-10-28,US,Texas,San Jacinto,239,13,0,30.57933681,-95.16260304,48407.0,828.1645240652829,5.439330543933054,226,238,12,0,226,237,28719,1,1,0,0,1
2020-10-28,US,Texas,San Patricio,1572,80,0,28.00880118,-97.51763891,48409.0,2355.7620260752287,5.089058524173028,1492,1572,80,0,1492,1572,66893,0,0,0,0,0
2020-10-28,US,Texas,San Saba,117,2,0,31.1577796,-98.81758731,48411.0,1932.2873658133774,1.709401709401709,115,118,2,0,116,117,6054,-1,0,0,-1,1
2020-10-28,US,Texas,Schleicher,55,2,0,30.89740592,-100.5384842,48413.0,1969.2087361260294,3.636363636363636,53,55,2,0,53,55,2895,0,0,0,0,0
2020-10-28,US,Texas,Scurry,1089,15,0,32.74613808,-100.91626640000001,48415.0,6519.786864635095,1.3774104683195592,1074,1089,14,0,1075,1074,16866,0,1,0,-1,15
2020-10-28,US,Texas,Shackelford,39,0,0,32.73587756,-99.35401337,48417.0,1194.4869831546707,0.0,39,39,0,0,39,39,3253,0,0,0,0,0
2020-10-28,US,Texas,Shelby,550,30,0,31.79211404,-94.14550696,48419.0,2176.1494025480733,5.454545454545454,520,549,30,0,519,544,25418,1,0,0,1,5
2020-10-28,US,Texas,Sherman,77,1,0,36.27751473,-101.8933156,48421.0,2547.981469225678,1.2987012987012987,76,77,1,0,76,77,3079,0,0,0,0,0
2020-10-28,US,Texas,Smith,4541,137,0,32.37474036,-95.27175679999999,48423.0,1951.0120257270648,3.0169566174851354,4404,4498,135,0,4363,4437,230221,43,2,0,41,61
2020-10-28,US,Texas,Somervell,159,5,0,32.22236802,-97.77403489,48425.0,1741.8930762489044,3.1446540880503147,154,158,5,0,153,156,9016,1,0,0,1,2
2020-10-28,US,Texas,Starr,3562,185,0,26.56150059,-98.73892358,48427.0,5511.116612256897,5.19371139809096,3377,3547,185,0,3362,3546,64525,15,0,0,15,1
2020-10-28,US,Texas,Stephens,165,4,0,32.73553157,-98.83631615,48429.0,1761.6912235746313,2.4242424242424243,161,161,4,0,157,160,9433,4,0,0,4,1
2020-10-28,US,Texas,Sterling,17,0,0,31.82781912,-101.05007459999999,48431.0,1316.8086754453911,0.0,17,17,0,0,17,13,1311,0,0,0,0,4
2020-10-28,US,Texas,Stonewall,19,1,0,33.17906744,-100.25384009999999,48433.0,1407.4074074074076,5.2631578947368425,18,19,1,0,18,19,1362,0,0,0,0,0
2020-10-28,US,Texas,Sutton,110,3,0,30.49856623,-100.5382014,48435.0,2913.1355932203387,2.727272727272727,107,110,3,0,107,108,3758,0,0,0,0,2
2020-10-28,US,Texas,Swisher,152,3,0,34.53028891,-101.73491740000001,48437.0,2054.8871163985395,1.973684210526316,149,152,3,0,149,146,7462,0,0,0,0,6
2020-10-28,US,Texas,Tarrant,65368,821,0,32.77143818,-97.29101614,48439.0,3109.038461081134,1.2559662220046506,64547,64727,815,0,63912,64290,2084931,641,6,0,635,437
2020-10-28,US,Texas,Taylor,2097,67,0,32.30163422,-99.89007449,48441.0,1519.1909239752524,3.195040534096328,2030,2048,65,0,1983,2003,137640,49,2,0,47,45
2020-10-28,US,Texas,Terrell,4,0,0,30.22429013,-102.0766732,48443.0,515.4639175257731,0.0,4,4,0,0,4,4,823,0,0,0,0,0
2020-10-28,US,Texas,Terry,535,9,0,33.17402785,-102.3354521,48445.0,4336.548593661344,1.6822429906542056,526,505,8,0,497,505,12287,30,1,0,29,0
2020-10-28,US,Texas,Throckmorton,19,2,0,33.17751417,-99.21226795,48447.0,1265.822784810127,10.526315789473683,17,17,2,0,15,17,1515,2,0,0,2,0
2020-10-28,US,Texas,Titus,1695,35,0,33.21339719,-94.96797273,48449.0,5175.572519083969,2.0648967551622417,1660,1695,35,0,1660,1695,33033,0,0,0,0,0
2020-10-28,US,Texas,Tom Green,4803,77,0,31.40464436,-100.46244300000001,48451.0,4029.3624161073826,1.6031646887362063,4726,4678,77,0,4601,4678,118189,125,0,0,125,0
2020-10-28,US,Texas,Travis,31851,449,0,30.33432034,-97.78535620000001,48453.0,2500.168765905205,1.409688863771938,31402,31775,449,0,31326,31653,1248743,76,0,0,76,122
2020-10-28,US,Texas,Trinity,206,8,0,31.0879489,-95.1367187,48455.0,1406.047368780288,3.8834951456310685,198,206,7,0,199,206,14740,0,1,0,-1,0
2020-10-28,US,Texas,Tyler,269,4,0,30.77031716,-94.37690895,48457.0,1241.2329272794389,1.4869888475836432,265,261,4,0,257,261,21696,8,0,0,8,0
2020-10-28,US,Texas,Upshur,498,15,0,32.73706798,-94.93999853,48459.0,1192.7286662036258,3.0120481927710845,483,491,13,0,478,484,41260,7,2,0,5,7
2020-10-28,US,Texas,Upton,27,3,0,31.36868194,-102.0423217,48461.0,738.3100902378999,11.111111111111109,24,27,3,0,24,27,3671,0,0,0,0,0
2020-10-28,US,Texas,Uvalde,833,36,0,29.35739637,-99.76229172,48463.0,3115.066751430388,4.321728691476591,797,833,36,0,797,833,26846,0,0,0,0,0
2020-10-28,US,Texas,Val Verde,2562,127,0,29.89149232,-101.1525205,48465.0,5225.905150433452,4.9570647931303675,2435,2562,125,0,2437,2489,49208,0,2,0,-2,73
2020-10-28,US,Texas,Van Zandt,696,27,0,32.56483801,-95.83766469,48467.0,1229.8992754903693,3.8793103448275854,669,684,26,0,658,681,56019,12,1,0,11,3
2020-10-28,US,Texas,Victoria,4267,98,0,28.79780988,-96.96813006,48469.0,4633.812605881586,2.2966955706585424,4169,4258,97,0,4161,4248,92035,9,1,0,8,10
2020-10-28,US,Texas,Walker,3940,62,0,30.73872995,-95.57440968,48471.0,5399.405243178797,1.5736040609137056,3878,3935,62,0,3873,3946,72480,5,0,0,5,-11
2020-10-28,US,Texas,Waller,984,17,0,30.01058447,-95.99011759,48473.0,1781.1244252977594,1.727642276422764,967,983,17,0,966,971,53126,1,0,0,1,12
2020-10-28,US,Texas,Ward,164,1,0,31.50999644,-103.09279090000001,48475.0,1366.8944824137354,0.6097560975609756,163,163,1,0,162,158,11720,1,0,0,1,5
2020-10-28,US,Texas,Washington,702,49,0,30.21498498,-96.40946246,48477.0,1956.41268602642,6.980056980056981,653,702,48,0,654,700,35108,0,1,0,-1,2
2020-10-28,US,Texas,Webb,15175,355,0,27.7610369,-99.33237355,48479.0,5485.230542342004,2.339373970345964,14820,15145,353,0,14792,15106,275910,30,2,0,28,39
2020-10-28,US,Texas,Wharton,1433,59,0,29.27765923,-96.22319248,48481.0,3448.358841081913,4.117236566643405,1374,1442,58,0,1384,1426,41619,-9,1,0,-10,16
2020-10-28,US,Texas,Wheeler,83,0,0,35.40114335,-100.26995140000001,48483.0,1641.613924050633,0.0,83,83,0,0,83,76,5191,0,0,0,0,7
2020-10-28,US,Texas,Wichita,3752,44,0,33.98842886,-98.70410340000001,48485.0,2837.480148226575,1.1727078891257996,3708,3649,41,0,3608,3486,132064,103,3,0,100,163
2020-10-28,US,Texas,Wilbarger,361,3,0,34.07945812,-99.24178437,48487.0,2827.1595269794043,0.8310249307479224,358,348,3,0,345,336,12820,13,0,0,13,12
2020-10-28,US,Texas,Willacy,1232,56,0,26.47411727,-97.61535848,48489.0,5768.330368011986,4.545454545454546,1176,1231,55,0,1176,1228,21515,1,1,0,0,3
2020-10-28,US,Texas,Williamson,9509,154,0,30.64655664,-97.60048540000001,48491.0,1610.1911604586223,1.6195183510358608,9355,9479,153,0,9326,9418,566719,30,1,0,29,61
2020-10-28,US,Texas,Wilson,1003,28,0,29.1732598,-98.08693082,48493.0,1963.9710201683965,2.7916251246261217,975,1000,28,0,972,998,50224,3,0,0,3,2
2020-10-28,US,Texas,Winkler,149,5,0,31.85008651,-103.04851629999999,48495.0,1860.174781523096,3.355704697986577,144,142,5,0,137,140,7720,7,0,0,7,2
2020-10-28,US,Texas,Wise,930,15,0,33.21570665,-97.65460265,48497.0,1328.875171467764,1.6129032258064515,915,925,15,0,910,908,68305,5,0,0,5,17
2020-10-28,US,Texas,Wood,639,39,0,32.78722382,-95.38236368,48499.0,1403.1928676519028,6.103286384976527,600,636,39,0,597,633,45129,3,0,0,3,3
2020-10-28,US,Texas,Yoakum,300,6,0,33.17320212,-102.82764329999999,48501.0,3443.130953747275,2.0,294,289,6,0,283,289,8591,11,0,0,11,0
2020-10-28,US,Texas,Young,578,8,0,33.17659707,-98.68790885,48503.0,3209.3281510272072,1.3840830449826989,570,559,8,0,551,535,18045,19,0,0,19,24
2020-10-28,US,Texas,Zapata,352,9,0,27.00156391,-99.16987152,48505.0,2482.544608223429,2.5568181818181817,343,352,9,0,343,346,14190,0,0,0,0,6
2020-10-28,US,Texas,Zavala,466,19,0,28.86617238,-99.76050829,48507.0,3935.8108108108113,4.07725321888412,447,463,19,0,444,461,11983,3,0,0,3,2
2020-10-28,US,Utah,Bear River,5197,17,0,41.52106798,-113.08328159999999,0.0,2781.8518558168907,0.3271117952664999,5180,5149,17,0,5132,5101,,48,0,0,48,48
2020-10-28,US,Utah,Central Utah,1293,8,0,39.37231946,-111.5758676,0.0,1577.7143275496012,0.6187161639597835,1285,1261,7,0,1254,1253,,32,1,0,31,8
2020-10-28,US,Utah,Davis,8377,41,0,40.99001837,-112.1139997,49011.0,2356.52538391644,0.4894353587203056,8336,8252,41,0,8211,8172,351713,125,0,0,125,80
2020-10-28,US,Utah,Salt Lake,46672,303,0,40.66616532,-111.92160109999999,49035.0,4021.9331165759113,0.6492115186835791,46369,45969,298,0,45671,45508,1152633,703,5,0,698,461
2020-10-28,US,Utah,San Juan,821,30,0,37.62762978,-109.80337140000002,49037.0,5363.2087797230215,3.654080389768575,791,810,30,0,780,804,15449,11,0,0,11,6
2020-10-28,US,Utah,Southeast Utah,488,4,0,38.99617072,-110.70139579999999,0.0,1213.0552586442616,0.819672131147541,484,466,4,0,462,453,,22,0,0,22,13
2020-10-28,US,Utah,Southwest Utah,6153,54,0,37.85447192,-111.4418764,0.0,2441.259790034995,0.8776206728425159,6099,6055,54,0,6001,5971,,98,0,0,98,84
2020-10-28,US,Utah,Summit,1403,1,0,40.86688146,-110.9535882,49043.0,3328.9832720370146,0.07127583749109052,1402,1382,1,0,1381,1365,41933,21,0,0,21,17
2020-10-28,US,Utah,Tooele,1429,3,0,40.44862644,-113.12957150000001,49045.0,1977.6083256064987,0.2099370188943317,1426,1401,3,0,1398,1385,69907,28,0,0,28,16
2020-10-28,US,Utah,TriCounty,453,2,0,40.12491499,-109.5174415,0.0,800.0423863515947,0.44150110375275936,451,441,2,0,439,420,,12,0,0,12,21
2020-10-28,US,Utah,Utah,28681,80,0,40.116672200000004,-111.66576620000001,49049.0,4507.925530660841,0.2789303022907151,28601,28353,79,0,28274,28067,622213,328,1,0,327,286
2020-10-28,US,Utah,Wasatch,1145,9,0,40.33110236,-111.1691419,49051.0,3358.657710246106,0.7860262008733624,1136,1124,9,0,1115,1107,33240,21,0,0,21,17
2020-10-28,US,Utah,Weber-Morgan,6691,36,0,41.27116049,-111.9145117,0.0,2456.882465474761,0.5380361679868481,6655,6565,33,0,6532,6477,,126,3,0,123,88
2020-10-28,US,Vermont,Addison,120,2,0,44.03217337,-73.14130877,50001.0,326.29088832694345,1.6666666666666667,118,120,2,0,118,120,36973,0,0,0,0,0
2020-10-28,US,Vermont,Bennington,142,1,0,43.03519828,-73.09048868,50003.0,400.3383140682267,0.7042253521126759,141,141,1,0,140,137,35631,1,0,0,1,4
2020-10-28,US,Vermont,Caledonia,44,0,0,44.46548598,-72.10314651,50005.0,146.7008968759377,0.0,44,43,0,0,43,41,30302,1,0,0,1,2
2020-10-28,US,Vermont,Chittenden,977,39,0,44.46322849,-73.08359212,50007.0,596.5537875364832,3.991811668372569,938,973,39,0,934,966,164572,4,0,0,4,7
2020-10-28,US,Vermont,Essex,7,0,0,44.72736416,-71.73579864,50009.0,113.58104819081615,0.0,7,7,0,0,7,7,6250,0,0,0,0,0
2020-10-28,US,Vermont,Franklin,142,7,0,44.85627605,-72.91249563,50011.0,287.4377555564552,4.929577464788731,135,142,7,0,135,135,49421,0,0,0,0,7
2020-10-28,US,Vermont,Grand Isle,17,0,0,44.797582399999996,-73.29679772,50013.0,234.96890117484446,0.0,17,17,0,0,17,17,7090,0,0,0,0,0
2020-10-28,US,Vermont,Lamoille,63,1,0,44.60353043,-72.64356694,50015.0,248.403122782115,1.5873015873015872,62,63,1,0,62,63,25300,0,0,0,0,0
2020-10-28,US,Vermont,Orange,33,0,0,44.00470222,-72.37640104,50017.0,114.2184687802852,0.0,33,33,0,0,33,33,28999,0,0,0,0,0
2020-10-28,US,Vermont,Orleans,35,0,0,44.82964024,-72.24562697,50019.0,129.45223212634536,0.0,35,35,0,0,35,33,26907,0,0,0,0,2
2020-10-28,US,Vermont,Rutland,135,1,0,43.57723578,-73.03741676,50021.0,231.994638346136,0.7407407407407407,134,135,1,0,134,134,58672,0,0,0,0,1
2020-10-28,US,Vermont,Unassigned,8,0,0,0.0,0.0,90050.0,0.0,0.0,8,8,0,0,8,8,,0,0,0,0,0
2020-10-28,US,Vermont,Washington,132,2,0,44.27343241,-72.61604978,50023.0,225.9925696382407,1.5151515151515151,130,131,2,0,129,125,58140,1,0,0,1,6
2020-10-28,US,Vermont,Windham,146,3,0,42.986982,-72.71268875,50025.0,345.79129363838763,2.054794520547945,143,146,3,0,143,145,42756,0,0,0,0,1
2020-10-28,US,Vermont,Windsor,119,2,0,43.58010937,-72.58595157,50027.0,216.12001017035342,1.680672268907563,117,119,2,0,117,119,55286,0,0,0,0,0
2020-10-28,US,Virginia,Accomack,1214,19,0,37.76707161,-75.63234615,51001.0,3756.653051120188,1.5650741350906097,1195,1211,19,0,1192,1210,32412,3,0,0,3,1
2020-10-28,US,Virginia,Albemarle,1585,24,0,38.02080697,-78.55481085,51003.0,1449.7393213207724,1.5141955835962144,1561,1570,24,0,1546,1564,108718,15,0,0,15,6
2020-10-28,US,Virginia,Alexandria,4269,74,0,38.814003,-77.08183073,51510.0,2677.6977695260557,1.7334270320918248,4195,4248,74,0,4174,4230,160530,21,0,0,21,18
2020-10-28,US,Virginia,Alleghany,112,4,0,37.78636074,-80.00222498,51005.0,753.7012113055182,3.571428571428572,108,113,4,0,109,113,14910,-1,0,0,-1,0
2020-10-28,US,Virginia,Amelia,147,6,0,37.34081025,-77.98584649,51007.0,1118.2959300114112,4.081632653061225,141,147,6,0,141,146,13013,0,0,0,0,1
2020-10-28,US,Virginia,Amherst,600,6,0,37.60308293,-79.14548696,51009.0,1898.4337921215,1.0,594,583,6,0,577,573,31666,17,0,0,17,10
2020-10-28,US,Virginia,Appomattox,292,6,0,37.37569884,-78.81340003,51011.0,1835.2083464270002,2.054794520547945,286,289,6,0,283,290,15841,3,0,0,3,-1
2020-10-28,US,Virginia,Arlington,4630,154,0,38.8767675,-77.10139853,51013.0,1954.8897577287808,3.3261339092872566,4476,4586,154,0,4432,4562,237521,44,0,0,44,24
2020-10-28,US,Virginia,Augusta,679,9,0,38.16404586,-79.12461614,51015.0,898.6473967018715,1.325478645066274,670,664,9,0,655,659,75457,15,0,0,15,5
2020-10-28,US,Virginia,Bath,24,0,0,38.05852573,-79.73912095,51017.0,578.7316132143717,0.0,24,24,0,0,24,24,4292,0,0,0,0,0
2020-10-28,US,Virginia,Bedford,1234,18,0,37.3080028,-79.5281964,51019.0,1562.0846361254223,1.4586709886547813,1216,1200,18,0,1182,1186,78747,34,0,0,34,14
2020-10-28,US,Virginia,Bland,72,5,0,37.13128068,-81.13599391,51021.0,1146.4968152866245,6.9444444444444455,67,71,5,0,66,70,6293,1,0,0,1,1
2020-10-28,US,Virginia,Botetourt,397,12,0,37.55531756,-79.80982182,51023.0,1187.9469762709834,3.022670025188917,385,390,12,0,378,383,33277,7,0,0,7,7
2020-10-28,US,Virginia,Bristol,277,7,0,36.616302399999995,-82.16359122,51520.0,1652.5474287077914,2.527075812274368,270,270,7,0,263,263,16482,7,0,0,7,7
2020-10-28,US,Virginia,Brunswick,420,5,0,36.76366949,-77.8593436,51025.0,2587.6409340151567,1.1904761904761905,415,421,5,0,416,421,16384,-1,0,0,-1,0
2020-10-28,US,Virginia,Buchanan,266,2,0,37.26818323,-82.03749726,51027.0,1266.4254427728051,0.7518796992481203,264,263,2,0,261,258,21221,3,0,0,3,5
2020-10-28,US,Virginia,Buckingham,737,9,0,37.57242268,-78.52518834,51029.0,4297.877303475624,1.2211668928086838,728,735,9,0,726,733,16999,2,0,0,2,2
2020-10-28,US,Virginia,Buena Vista,121,1,0,37.73484642,-79.35296097,51530.0,1867.8604507564066,0.8264462809917356,120,121,1,0,120,121,6237,0,0,0,0,0
2020-10-28,US,Virginia,Campbell,739,8,0,37.20553386,-79.09678609,51031.0,1346.4516716771432,1.0825439783491204,731,714,8,0,706,705,54973,25,0,0,25,9
2020-10-28,US,Virginia,Caroline,422,6,0,38.02679129,-77.34901405,51033.0,1373.4743694060212,1.4218009478672986,416,419,6,0,413,414,30772,3,0,0,3,5
2020-10-28,US,Virginia,Carroll,611,29,0,36.73066666,-80.73455942,51035.0,2050.95498640529,4.746317512274959,582,606,29,0,577,602,29636,5,0,0,5,4
2020-10-28,US,Virginia,Charles City,102,5,0,37.35358063,-77.05634116,51036.0,1464.8858250753985,4.901960784313727,97,101,5,0,96,100,6941,1,0,0,1,1
2020-10-28,US,Virginia,Charlotte,213,1,0,37.01909701,-78.66314092,51037.0,1792.9292929292926,0.4694835680751174,212,212,1,0,211,212,11938,1,0,0,1,0
2020-10-28,US,Virginia,Charlottesville,1597,31,0,38.03527919,-78.48569588,51540.0,3378.7500528921423,1.941139636819036,1566,1588,31,0,1557,1581,48117,9,0,0,9,7
2020-10-28,US,Virginia,Chesapeake,4921,79,0,36.67670048,-76.30545744,51550.0,2009.92505156534,1.6053647632595,4842,4905,79,0,4826,4880,242634,16,0,0,16,25
2020-10-28,US,Virginia,Chesterfield,7111,113,0,37.37373208,-77.58680140000001,51041.0,2015.5781429810488,1.5890873294895234,6998,7058,106,0,6952,7029,348556,53,7,0,46,29
2020-10-28,US,Virginia,Clarke,120,1,0,39.11271747,-77.99199425,51043.0,820.8495793145906,0.8333333333333334,119,117,1,0,116,117,14523,3,0,0,3,0
2020-10-28,US,Virginia,Colonial Heights,308,26,0,37.26420587,-77.39609676,51570.0,1773.1721358664365,8.441558441558442,282,306,26,0,280,303,17833,2,0,0,2,3
2020-10-28,US,Virginia,Covington,37,0,0,37.7824656,-79.98631446,51580.0,668.1112314915132,0.0,37,37,0,0,37,35,5460,0,0,0,0,2
2020-10-28,US,Virginia,Craig,49,0,0,37.48133648,-80.21072274,51045.0,954.9795361527968,0.0,49,50,0,0,50,49,5064,-1,0,0,-1,1
2020-10-28,US,Virginia,Culpeper,1381,18,0,38.48199985,-77.95630870000002,51047.0,2625.225738998194,1.3034033309196236,1363,1373,18,0,1355,1374,51859,8,0,0,8,-1
2020-10-28,US,Virginia,Cumberland,119,2,0,37.51328851,-78.24398086,51049.0,1198.147402335884,1.680672268907563,117,119,2,0,117,117,9809,0,0,0,0,2
2020-10-28,US,Virginia,Danville,1201,43,0,36.58022376,-79.40395668,51590.0,2999.2008790330638,3.5803497085761866,1158,1184,42,0,1142,1173,40693,17,1,0,16,11
2020-10-28,US,Virginia,Dickenson,142,1,0,37.12560977,-82.35124171,51051.0,991.7586255063555,0.7042253521126759,141,137,1,0,136,134,14523,5,0,0,5,3
2020-10-28,US,Virginia,Dinwiddie,527,12,0,37.07544585,-77.63451754,51053.0,1846.272421524664,2.2770398481973437,515,520,12,0,508,513,28529,7,0,0,7,7
2020-10-28,US,Virginia,Emporia,296,28,0,36.69455571,-77.53406129,51595.0,5536.8499812944265,9.459459459459461,268,296,28,0,268,295,5121,0,0,0,0,1
2020-10-28,US,Virginia,Essex,197,2,0,37.93357639,-76.94230311,51057.0,1798.5939925134671,1.0152284263959392,195,195,2,0,193,195,10919,2,0,0,2,0
2020-10-28,US,Virginia,Fairfax,23648,605,0,38.83677558,-77.27565836,51059.0,2060.770418602706,2.5583558863328824,23043,23534,605,0,22929,23462,1150795,114,0,0,114,72
2020-10-28,US,Virginia,Fairfax,23648,605,0,38.83677558,-77.27565836,51059.0,2060.770418602706,2.5583558863328824,23043,23534,605,0,22929,23462,24574,114,0,0,114,72
2020-10-28,US,Virginia,Fairfax City,159,8,0,38.85157547,-77.29779640000002,51600.0,661.9759357175568,5.031446540880503,151,160,8,0,152,158,24574,-1,0,0,-1,2
2020-10-28,US,Virginia,Falls Church,75,7,0,38.88485255,-77.17560759,51610.0,513.1011835533967,9.333333333333334,68,75,7,0,68,75,14772,0,0,0,0,0
2020-10-28,US,Virginia,Fauquier,1093,27,0,38.73564842,-77.80647472,51061.0,1534.6381735980453,2.4702653247941444,1066,1087,27,0,1060,1084,70675,6,0,0,6,3
2020-10-28,US,Virginia,Floyd,248,15,0,36.9302126,-80.36738849,51063.0,1574.703155755921,6.048387096774193,233,246,15,0,231,243,15795,2,0,0,2,3
2020-10-28,US,Virginia,Fluvanna,428,9,0,37.84157909,-78.27715475,51065.0,1569.4902823615696,2.102803738317757,419,426,9,0,417,425,26783,2,0,0,2,1
2020-10-28,US,Virginia,Franklin,846,6,0,36.99536167,-79.88023649,51067.0,1509.5820991399307,0.7092198581560284,840,194,1,0,193,194,56195,652,5,0,647,0
2020-10-28,US,Virginia,Franklin,846,6,0,36.99536167,-79.88023649,51067.0,1509.5820991399307,0.7092198581560284,840,194,1,0,193,194,8013,652,5,0,647,0
2020-10-28,US,Virginia,Franklin City,498,13,0,36.6831435,-76.93859681,51620.0,6250.784486004771,2.6104417670682727,485,495,13,0,482,490,8013,3,0,0,3,5
2020-10-28,US,Virginia,Frederick,1181,13,0,39.20172582,-78.25974949,51069.0,1322.3159002608802,1.1007620660457242,1168,1169,13,0,1156,1158,88355,12,0,0,12,11
2020-10-28,US,Virginia,Fredericksburg,588,6,0,38.2977863,-77.4922454,51630.0,2025.072324011572,1.020408163265306,582,589,6,0,583,585,29144,-1,0,0,-1,4
2020-10-28,US,Virginia,Galax,448,30,0,36.66601852,-80.91703124,51640.0,7058.452812352292,6.696428571428571,418,444,30,0,414,443,6423,4,0,0,4,1
2020-10-28,US,Virginia,Giles,134,0,0,37.31234791,-80.70636931,51071.0,801.4354066985646,0.0,134,133,0,0,133,129,16844,1,0,0,1,4
2020-10-28,US,Virginia,Gloucester,350,3,0,37.40809042,-76.53524337,51073.0,937.1318410624398,0.8571428571428571,347,341,3,0,338,345,37349,9,0,0,9,-4
2020-10-28,US,Virginia,Goochland,330,7,0,37.71714806,-77.90381514,51075.0,1389.298193912348,2.121212121212121,323,328,7,0,321,327,23244,2,0,0,2,1
2020-10-28,US,Virginia,Grayson,379,19,0,36.65677234,-81.23215889,51077.0,2437.299035369775,5.013192612137203,360,379,19,0,360,374,15631,0,0,0,0,5
2020-10-28,US,Virginia,Greene,293,3,0,38.29545894,-78.46525378,51079.0,1478.379332963318,1.023890784982935,290,292,3,0,289,291,19779,1,0,0,1,1
2020-10-28,US,Virginia,Greensville,900,15,0,36.67878901,-77.56351439,51081.0,7939.308398023994,1.6666666666666667,885,894,15,0,879,893,11627,6,0,0,6,1
2020-10-28,US,Virginia,Halifax,523,8,0,36.76654925,-78.93512622,51083.0,1542.2724189790924,1.5296367112810707,515,515,8,0,507,510,34120,8,0,0,8,5
2020-10-28,US,Virginia,Hampton,2125,32,0,37.03513786,-76.35879121,51650.0,1579.8081926994275,1.5058823529411764,2093,2109,32,0,2077,2102,134313,16,0,0,16,7
2020-10-28,US,Virginia,Hanover,1642,44,0,37.7583355,-77.49464673,51085.0,1523.671658964794,2.679658952496955,1598,1629,43,0,1586,1612,107239,13,1,0,12,17
2020-10-28,US,Virginia,Harrisonburg,3040,35,0,38.43542574,-78.87536254,51660.0,5734.118002112571,1.1513157894736843,3005,3032,35,0,2997,3002,54033,8,0,0,8,30
2020-10-28,US,Virginia,Henrico,6342,232,0,37.53460572,-77.39326555,51087.0,1917.0661814048813,3.658152002522864,6110,6294,232,0,6062,6249,329261,48,0,0,48,45
2020-10-28,US,Virginia,Henry,1326,31,0,36.68542395,-79.87634026,51089.0,2622.782206222679,2.337858220211161,1295,1320,31,0,1289,1307,50953,6,0,0,6,13
2020-10-28,US,Virginia,Highland,10,0,0,38.35799465,-79.56124594,51091.0,456.6210045662101,0.0,10,10,0,0,10,10,2210,0,0,0,0,0
2020-10-28,US,Virginia,Hopewell,515,7,0,37.29186313,-77.29754684,51670.0,2285.9425629189045,1.3592233009708738,508,514,7,0,507,506,22596,1,0,0,1,8
2020-10-28,US,Virginia,Isle of Wight,870,26,0,36.90579348,-76.70842863,51093.0,2344.444743862675,2.9885057471264367,844,864,26,0,838,858,36953,6,0,0,6,6
2020-10-28,US,Virginia,James City,954,22,0,37.31156958,-76.76950618,51095.0,1246.6840035022149,2.3060796645702304,932,951,22,0,929,949,76397,3,0,0,3,2
2020-10-28,US,Virginia,King George,275,5,0,38.26818502,-77.15852768,51099.0,1024.7428826948874,1.818181818181818,270,272,5,0,267,270,26575,3,0,0,3,2
2020-10-28,US,Virginia,King William,208,3,0,37.70965316,-77.09384941,51101.0,1212.9694425005832,1.4423076923076923,205,203,3,0,200,200,16939,5,0,0,5,3
2020-10-28,US,Virginia,King and Queen,85,2,0,37.71044922,-76.88689628,51097.0,1209.964412811388,2.3529411764705883,83,85,2,0,83,85,7042,0,0,0,0,0
2020-10-28,US,Virginia,Lancaster,200,1,0,37.71889653,-76.46400482,51103.0,1886.2586060548904,0.5,199,198,1,0,197,199,10783,2,0,0,2,-1
2020-10-28,US,Virginia,Lee,496,10,0,36.70586667,-83.12606515,51105.0,2117.5767408103147,2.0161290322580645,486,479,10,0,469,473,23541,17,0,0,17,6
2020-10-28,US,Virginia,Lexington,238,1,0,37.78258621,-79.44262866,51678.0,3196.3470319634703,0.4201680672268908,237,234,1,0,233,233,7136,4,0,0,4,1
2020-10-28,US,Virginia,Loudoun,7876,130,0,39.08990083,-77.63481877,51107.0,1904.54081607978,1.6505840528186897,7746,7817,130,0,7687,7784,406850,59,0,0,59,33
2020-10-28,US,Virginia,Louisa,398,8,0,37.97850256,-77.96274807,51109.0,1058.7640658668304,2.010050251256281,390,395,8,0,387,393,36778,3,0,0,3,2
2020-10-28,US,Virginia,Lunenburg,152,4,0,36.94618528,-78.24133319,51111.0,1246.3102656608726,2.631578947368421,148,151,4,0,147,151,12086,1,0,0,1,0
2020-10-28,US,Virginia,Lynchburg,1987,26,0,37.40021399,-79.19888138,51680.0,2418.2163372602467,1.3085052843482636,1961,1955,26,0,1929,1936,82126,32,0,0,32,19
2020-10-28,US,Virginia,Madison,130,3,0,38.41531222,-78.28220331,51113.0,980.3182263781011,2.3076923076923075,127,131,3,0,128,130,13295,-1,0,0,-1,1
2020-10-28,US,Virginia,Manassas,2045,27,0,38.7464321,-77.48509905,51683.0,4977.485700377267,1.3202933985330074,2018,2043,27,0,2016,2032,41641,2,0,0,2,11
2020-10-28,US,Virginia,Manassas Park,648,8,0,38.77058531,-77.44399307,51685.0,3707.518022657055,1.2345679012345678,640,644,8,0,636,642,17307,4,0,0,4,2
2020-10-28,US,Virginia,Martinsville,483,24,0,36.68212094,-79.86352771,51690.0,3847.3793213318463,4.9689440993788825,459,482,24,0,458,479,12902,1,0,0,1,3
2020-10-28,US,Virginia,Mathews,135,0,0,37.44164146,-76.34098896,51115.0,1528.186551958343,0.0,135,134,0,0,134,131,8802,1,0,0,1,3
2020-10-28,US,Virginia,Mecklenburg,882,35,0,36.67882005,-78.36131056,51117.0,2883.5779906496227,3.968253968253968,847,871,35,0,836,869,30650,11,0,0,11,2
2020-10-28,US,Virginia,Middlesex,146,11,0,37.63191998,-76.55064617,51119.0,1379.7013797013794,7.534246575342466,135,145,11,0,134,145,10769,1,0,0,1,0
2020-10-28,US,Virginia,Montgomery,2788,5,0,37.17746986,-80.37868691,51121.0,2829.451463946821,0.1793400286944046,2783,2751,5,0,2746,2738,98985,37,0,0,37,13
2020-10-28,US,Virginia,Nelson,137,2,0,37.78790447,-78.88498513,51125.0,917.6155391828534,1.45985401459854,135,136,2,0,134,136,14836,1,0,0,1,0
2020-10-28,US,Virginia,New Kent,288,3,0,37.50694406,-76.99828634,51127.0,1247.2391840977004,1.0416666666666667,285,280,3,0,277,285,22391,8,0,0,8,-5
2020-10-28,US,Virginia,Newport News,3205,51,0,37.08166899,-76.51754109,51700.0,1788.2549867485004,1.5912636505460218,3154,3182,51,0,3131,3166,178626,23,0,0,23,16
2020-10-28,US,Virginia,Norfolk,5395,84,0,36.89934014,-76.26420872,51710.0,2222.524326239382,1.556997219647822,5311,5369,84,0,5285,5331,244076,26,0,0,26,38
2020-10-28,US,Virginia,Northampton,319,31,0,37.34062933,-75.87751591,51131.0,2724.167378309137,9.717868338557992,288,319,31,0,288,319,11735,0,0,0,0,0
2020-10-28,US,Virginia,Northumberland,224,7,0,37.89202088,-76.41949732,51133.0,1852.0049607275726,3.125,217,218,7,0,211,216,12147,6,0,0,6,2
2020-10-28,US,Virginia,Norton,51,0,0,36.93357076,-82.62750411,51720.0,1281.085154483798,0.0,51,50,0,0,50,49,3968,1,0,0,1,1
2020-10-28,US,Virginia,Nottoway,356,21,0,37.1435975,-78.05065922,51135.0,2337.18487394958,5.898876404494383,335,351,21,0,330,340,15420,5,0,0,5,11
2020-10-28,US,Virginia,Orange,406,5,0,38.24530219,-78.01560400000002,51137.0,1095.7868883430947,1.2315270935960592,401,400,5,0,395,402,36644,6,0,0,6,-2
2020-10-28,US,Virginia,Page,478,31,0,38.61807452,-78.48797204,51139.0,1999.8326499874488,6.485355648535565,447,470,30,0,440,469,23933,8,1,0,7,1
2020-10-28,US,Virginia,Patrick,320,27,0,36.680163799999995,-80.2865648,51141.0,1817.3557473875512,8.4375,293,320,27,0,293,319,17673,0,0,0,0,1
2020-10-28,US,Virginia,Petersburg,925,30,0,37.20530399,-77.39368102,51730.0,2950.934728514005,3.2432432432432434,895,926,30,0,896,918,31567,-1,0,0,-1,8
2020-10-28,US,Virginia,Pittsylvania,1307,17,0,36.81980341,-79.39731264,51143.0,2165.5565496901613,1.3006885998469775,1290,1284,17,0,1267,1275,60949,23,0,0,23,9
2020-10-28,US,Virginia,Poquoson,97,2,0,37.14259351,-76.35798148,51735.0,790.4816233395811,2.061855670103093,95,97,2,0,95,97,12190,0,0,0,0,0
2020-10-28,US,Virginia,Portsmouth,2838,70,0,36.85914825,-76.35971629,51740.0,3006.419627534481,2.466525722339676,2768,2824,69,0,2755,2819,94632,14,1,0,13,5
2020-10-28,US,Virginia,Powhatan,313,5,0,37.55016038,-77.91267882,51145.0,1055.5780385808714,1.597444089456869,308,312,5,0,307,311,29189,1,0,0,1,1
2020-10-28,US,Virginia,Prince Edward,765,13,0,37.22554789,-78.43597949,51147.0,3354.968862380493,1.699346405228758,752,760,13,0,747,746,22950,5,0,0,5,14
2020-10-28,US,Virginia,Prince George,1091,7,0,37.18497668,-77.22922187,51149.0,2844.6275389148177,0.6416131989000916,1084,1087,7,0,1080,1075,38082,4,0,0,4,12
2020-10-28,US,Virginia,Prince William,14235,223,0,38.70916224,-77.48713689,51153.0,3026.5661709207257,1.5665612925886898,14012,14162,223,0,13939,14015,468011,73,0,0,73,147
2020-10-28,US,Virginia,Pulaski,299,6,0,37.06474963,-80.71229738,51155.0,878.7139624415905,2.0066889632107023,293,296,6,0,290,293,34066,3,0,0,3,3
2020-10-28,US,Virginia,Radford,935,1,0,37.12222899,-80.56027320000003,51750.0,5123.568414707655,0.106951871657754,934,929,1,0,928,925,18339,6,0,0,6,4
2020-10-28,US,Virginia,Rappahannock,70,2,0,38.68295619,-78.15826963,51157.0,949.796472184532,2.8571428571428568,68,69,2,0,67,69,7252,1,0,0,1,0
2020-10-28,US,Virginia,Richmond,366,4,0,37.937575,-76.72920628,51159.0,4056.30056522221,1.0928961748633879,362,380,4,0,376,379,9038,-14,0,0,-14,1
2020-10-28,US,Virginia,Richmond City,5355,77,0,37.53255773,-77.47966921,51760.0,2323.855647555069,1.437908496732026,5278,5320,77,0,5243,5285,228783,35,0,0,35,35
2020-10-28,US,Virginia,Roanoke,1510,14,0,37.26865804,-80.06396753,51161.0,1603.210668252182,0.9271523178807948,1496,1502,14,0,1488,1468,94073,8,0,0,8,34
2020-10-28,US,Virginia,Roanoke City,2771,39,0,37.27791025,-79.96189766,51770.0,2794.9527450248634,1.4074341392998917,2732,2730,39,0,2691,2695,99920,41,0,0,41,35
2020-10-28,US,Virginia,Rockbridge,153,3,0,37.81204314,-79.44605905,51163.0,677.8009125946928,1.96078431372549,150,152,3,0,149,151,22752,1,0,0,1,1
2020-10-28,US,Virginia,Rockingham,1764,27,0,38.51006137,-78.87260325,51165.0,2152.584565822229,1.5306122448979589,1737,1753,27,0,1726,1742,81244,11,0,0,11,11
2020-10-28,US,Virginia,Russell,483,8,0,36.93028320000001,-82.10095486,51167.0,1816.7456556082147,1.6563146997929608,475,478,8,0,470,472,26748,5,0,0,5,6
2020-10-28,US,Virginia,Salem,572,7,0,37.2836193,-80.06219455,51775.0,2260.780206315956,1.2237762237762235,565,555,7,0,548,534,25643,17,0,0,17,21
2020-10-28,US,Virginia,Scott,392,6,0,36.71466456,-82.60171704,51169.0,1817.6759714365203,1.5306122448979589,386,367,6,0,361,352,21534,25,0,0,25,15
2020-10-28,US,Virginia,Shenandoah,967,61,0,38.85905135,-78.56813762,51171.0,2217.0763022743945,6.308169596690798,906,966,61,0,905,963,43497,1,0,0,1,3
2020-10-28,US,Virginia,Smyth,627,27,0,36.84455636,-81.53344948,51173.0,2082.7796970502263,4.30622009569378,600,624,27,0,597,617,30472,3,0,0,3,7
2020-10-28,US,Virginia,Southampton,923,38,0,36.72231125,-77.10642712,51175.0,5235.097271850717,4.117009750812568,885,921,38,0,883,919,17586,2,0,0,2,2
2020-10-28,US,Virginia,Spotsylvania,2450,54,0,38.18574462,-77.655399,51177.0,1798.6271702822744,2.204081632653061,2396,2432,51,0,2381,2420,134238,18,3,0,15,12
2020-10-28,US,Virginia,Stafford,2373,21,0,38.41758738,-77.45917053,51179.0,1552.1774963697492,0.8849557522123894,2352,2341,20,0,2321,2328,149960,32,1,0,31,13
2020-10-28,US,Virginia,Staunton,395,3,0,38.15965544,-79.05979937,51790.0,1584.3093213540826,0.7594936708860759,392,390,3,0,387,383,24922,5,0,0,5,7
2020-10-28,US,Virginia,Suffolk,2300,78,0,36.70155394,-76.63603554,51800.0,2497.068658531289,3.391304347826087,2222,2290,78,0,2212,2284,91185,10,0,0,10,6
2020-10-28,US,Virginia,Surry,141,5,0,37.11781893,-76.88450012,51181.0,2195.5777016505763,3.5460992907801416,136,141,5,0,136,141,6474,0,0,0,0,0
2020-10-28,US,Virginia,Sussex,639,13,0,36.92432914,-77.25791182,51183.0,5726.319562684828,2.0344287949921758,626,639,13,0,626,640,11237,0,0,0,0,-1
2020-10-28,US,Virginia,Tazewell,519,2,0,37.12191123,-81.56685568,51185.0,1278.4825717452886,0.3853564547206166,517,514,2,0,512,502,40855,5,0,0,5,12
2020-10-28,US,Virginia,Virginia Beach,7926,106,0,36.73285734,-76.04566934,51810.0,1761.435105139408,1.337370678778703,7820,7881,105,0,7776,7833,450189,45,1,0,44,48
2020-10-28,US,Virginia,Warren,603,20,0,38.90847745,-78.20280433,51187.0,1501.3444876008364,3.316749585406302,583,583,20,0,563,572,40003,20,0,0,20,11
2020-10-28,US,Virginia,Washington,994,26,0,36.72341572,-81.95666289,51191.0,1849.6464458503906,2.6156941649899395,968,980,26,0,954,979,54402,14,0,0,14,1
2020-10-28,US,Virginia,Waynesboro,397,4,0,38.06451466,-78.90293905,51820.0,1754.3084401237295,1.0075566750629723,393,388,4,0,384,385,22628,9,0,0,9,3
2020-10-28,US,Virginia,Westmoreland,340,5,0,38.11021557,-76.80213247,51193.0,1887.3161254510128,1.4705882352941178,335,337,5,0,332,337,17830,3,0,0,3,0
2020-10-28,US,Virginia,Williamsburg,216,8,0,37.28131268,-76.70905141,51830.0,1444.429584057777,3.703703703703704,208,215,8,0,207,215,14896,1,0,0,1,0
2020-10-28,US,Virginia,Winchester,617,5,0,39.17054517,-78.17325058,51840.0,2197.4499608234205,0.8103727714748784,612,611,5,0,606,607,28108,6,0,0,6,4
2020-10-28,US,Virginia,Wise,638,10,0,36.9746148,-82.62410519,51195.0,1706.6581066260064,1.567398119122257,628,619,10,0,609,609,38012,19,0,0,19,10
2020-10-28,US,Virginia,Wythe,339,6,0,36.91582035,-81.07834059,51197.0,1181.8435364663226,1.7699115044247788,333,339,6,0,333,334,28754,0,0,0,0,5
2020-10-28,US,Virginia,York,644,9,0,37.24374789,-76.54412815,51199.0,943.1751611013474,1.3975155279503106,635,640,9,0,631,637,67846,4,0,0,4,3
2020-10-28,US,Washington,Adams,922,12,0,46.98299757,-118.56017340000001,53001.0,4613.921833558525,1.3015184381778742,910,917,10,0,907,917,19759,5,2,0,3,0
2020-10-28,US,Washington,Asotin,237,8,0,46.18894415,-117.2022851,53003.0,1049.5084580639448,3.3755274261603376,229,234,8,0,226,230,22610,3,0,0,3,4
2020-10-28,US,Washington,Benton,5265,136,0,46.23946995,-119.51208340000001,53005.0,2575.957727873184,2.58309591642925,5129,5243,135,0,5108,5223,201877,22,1,0,21,20
2020-10-28,US,Washington,Chelan,2004,17,0,47.87046092,-120.6173956,53007.0,2595.8549222797933,0.8483033932135728,1987,2002,17,0,1985,2000,77036,2,0,0,2,2
2020-10-28,US,Washington,Clallam,269,1,0,48.04754642,-123.92263190000001,53009.0,347.85532322095924,0.3717472118959108,268,264,1,0,263,264,76737,5,0,0,5,0
2020-10-28,US,Washington,Clark,4385,79,0,45.77568046,-122.48292040000001,53011.0,898.1220339955063,1.8015963511972637,4306,4352,79,0,4273,4295,481857,33,0,0,33,57
2020-10-28,US,Washington,Columbia,14,1,0,46.29442881,-117.9051983,53013.0,351.3174404015057,7.142857142857142,13,14,1,0,13,14,4059,0,0,0,0,0
2020-10-28,US,Washington,Cowlitz,807,7,0,46.19074721,-122.6782231,53015.0,729.7026032389032,0.8674101610904585,800,803,7,0,796,798,108987,4,0,0,4,5
2020-10-28,US,Washington,Douglas,1235,11,0,47.7361335,-119.69293700000001,53017.0,2843.7219369545696,0.8906882591093117,1224,1233,11,0,1222,1233,42907,2,0,0,2,0
2020-10-28,US,Washington,Ferry,34,0,0,48.471143100000006,-118.5154041,53019.0,445.7847122066343,0.0,34,34,0,0,34,34,7649,0,0,0,0,0
2020-10-28,US,Washington,Franklin,4858,67,0,46.53351425,-118.9018212,53021.0,5101.762197811428,1.3791683820502263,4791,4831,68,0,4763,4805,94347,27,-1,0,28,26
2020-10-28,US,Washington,Garfield,16,0,0,46.43197502,-117.54540320000001,53023.0,719.1011235955057,0.0,16,16,0,0,16,14,2247,0,0,0,0,2
2020-10-28,US,Washington,Grant,3336,27,0,47.20753737,-119.4500749,53025.0,3413.3813553252226,0.8093525179856115,3309,3335,26,0,3309,3329,97331,1,1,0,0,6
2020-10-28,US,Washington,Grays Harbor,709,11,0,47.14003705,-123.7820567,53027.0,944.5650870625225,1.5514809590973202,698,709,11,0,698,709,73901,0,0,0,0,0
2020-10-28,US,Washington,Island,382,12,0,48.14713305,-122.5216407,53029.0,448.66750449254766,3.141361256544503,370,382,12,0,370,377,84460,0,0,0,0,5
2020-10-28,US,Washington,Jefferson,87,0,0,47.75003077,-123.56097040000002,53031.0,270.0102417677912,0.0,87,87,0,0,87,86,31729,0,0,0,0,1
2020-10-28,US,Washington,King,26789,814,0,47.49137892,-121.8346131,53033.0,1189.1519019594439,3.03856060323267,25975,26599,809,0,25790,26519,2233163,190,5,0,185,80
2020-10-28,US,Washington,Kitsap,1506,22,0,47.63479026,-122.6436061,53035.0,554.7513012343769,1.4608233731739708,1484,1491,22,0,1469,1476,269805,15,0,0,15,15
2020-10-28,US,Washington,Kittitas,735,22,0,47.12521214,-120.67943899999999,53037.0,1533.3263794722022,2.993197278911565,713,725,22,0,703,714,47364,10,0,0,10,11
2020-10-28,US,Washington,Klickitat,208,3,0,45.87325839,-120.7913598,53039.0,927.5362318840581,1.4423076923076923,205,208,3,0,205,208,22107,0,0,0,0,0
2020-10-28,US,Washington,Lewis,718,12,0,46.57756476,-122.39257690000001,53041.0,889.6378257152415,1.6713091922005572,706,714,12,0,702,709,79604,4,0,0,4,5
2020-10-28,US,Washington,Lincoln,77,2,0,47.57705241,-118.41943880000001,53043.0,703.9034646677028,2.5974025974025974,75,76,2,0,74,76,10740,1,0,0,1,0
2020-10-28,US,Washington,Mason,520,10,0,47.35007586,-123.1863685,53045.0,778.816199376947,1.9230769230769231,510,520,10,0,510,519,65507,0,0,0,0,1
2020-10-28,US,Washington,Okanogan,1107,11,0,48.54855019,-119.73872240000001,53047.0,2620.552517576877,0.9936766034327009,1096,1105,11,0,1094,1103,42132,2,0,0,2,2
2020-10-28,US,Washington,Pacific,118,3,0,46.55418369,-123.7285716,53049.0,525.1212674113301,2.5423728813559316,115,118,3,0,115,117,22036,0,0,0,0,1
2020-10-28,US,Washington,Pend Oreille,143,1,0,48.53234021,-117.2741804,53051.0,1041.970271058001,0.6993006993006993,142,142,1,0,141,140,13602,1,0,0,1,2
2020-10-28,US,Washington,Pierce,10116,223,0,47.03892768,-122.14059579999999,53053.0,1117.8147583372008,2.2044286279161724,9893,10027,223,0,9804,9971,891299,89,0,0,89,56
2020-10-28,US,Washington,San Juan,34,0,0,48.60182783,-122.96745,53055.0,193.37959276532814,0.0,34,32,0,0,32,32,17128,2,0,0,2,0
2020-10-28,US,Washington,Skagit,1251,23,0,48.48171488,-121.766131,53057.0,968.2287837158003,1.8385291766586729,1228,1246,23,0,1223,1241,128206,5,0,0,5,5
2020-10-28,US,Washington,Skamania,72,1,0,46.02408726,-121.91644029999999,53059.0,595.8785069932964,1.3888888888888888,71,72,1,0,71,71,11924,0,0,0,0,1
2020-10-28,US,Washington,Snohomish,8705,234,0,48.04615983,-121.7170703,53061.0,1058.8955129834821,2.688110281447444,8471,8629,230,0,8399,8526,814901,76,4,0,72,103
2020-10-28,US,Washington,Spokane,9400,198,0,47.62113146,-117.4046494,53063.0,1798.0175899678272,2.106382978723404,9202,9279,198,0,9081,9213,514631,121,0,0,121,66
2020-10-28,US,Washington,Stevens,252,5,0,48.40035475,-117.8542701,53065.0,551.1449379961946,1.984126984126984,247,251,5,0,246,249,45260,1,0,0,1,2
2020-10-28,US,Washington,Thurston,1594,33,0,46.9291895,-122.82906559999999,53067.0,548.6411322521134,2.0702634880803013,1561,1583,31,0,1552,1572,286419,11,2,0,9,11
2020-10-28,US,Washington,Unassigned,405,3,0,0.0,0.0,90053.0,0.0,0.7407407407407407,402,365,3,0,362,359,,40,0,0,40,6
2020-10-28,US,Washington,Wahkiakum,10,0,0,46.29180039999999,-123.4250831,53069.0,222.81639928698758,0.0,10,10,0,0,10,10,4426,0,0,0,0,0
2020-10-28,US,Washington,Walla Walla,1154,6,0,46.23040051,-118.4775539,53071.0,1899.2758393680053,0.5199306759098787,1148,1141,6,0,1135,1132,60922,13,0,0,13,9
2020-10-28,US,Washington,Whatcom,1585,50,0,48.82227976,-121.74900179999999,53073.0,691.3939986128497,3.154574132492113,1535,1577,50,0,1527,1576,225685,8,0,0,8,1
2020-10-28,US,Washington,Whitman,1803,15,0,46.90022523,-117.52417630000001,53075.0,3598.5150886156794,0.8319467554076541,1788,1789,14,0,1775,1787,49791,14,1,0,13,2
2020-10-28,US,Washington,Yakima,11881,273,0,46.45738486,-120.73801259999999,53077.0,4735.862368608818,2.2977863816177093,11608,11872,272,0,11600,11852,251446,9,1,0,8,20
2020-10-28,US,West Virginia,Barbour,182,1,0,39.1307219,-80.00350858,54001.0,1106.9886259959856,0.5494505494505495,181,182,1,0,181,175,16535,0,0,0,0,7
2020-10-28,US,West Virginia,Berkeley,1604,17,0,39.46704621,-78.02414609,54003.0,1345.965041830647,1.059850374064838,1587,1569,17,0,1552,1534,117123,35,0,0,35,35
2020-10-28,US,West Virginia,Boone,353,3,0,38.01974191,-81.69888019,54005.0,1645.150766649578,0.8498583569405099,350,352,3,0,349,339,21951,1,0,0,1,13
2020-10-28,US,West Virginia,Braxton,65,0,0,38.70036159,-80.72011184,54007.0,465.71612810775963,0.0,65,63,0,0,63,62,14089,2,0,0,2,1
2020-10-28,US,West Virginia,Brooke,226,4,0,40.27367263,-80.57915332,54009.0,1030.1289940288982,1.7699115044247788,222,219,4,0,215,214,22203,7,0,0,7,5
2020-10-28,US,West Virginia,Cabell,1427,25,0,38.42424062,-82.23855912,54011.0,1552.0147914514112,1.7519271198318151,1402,1396,24,0,1372,1354,93224,31,1,0,30,42
2020-10-28,US,West Virginia,Calhoun,35,0,0,38.84315422,-81.11934872,54013.0,492.33366155577437,0.0,35,35,0,0,35,34,7254,0,0,0,0,1
2020-10-28,US,West Virginia,Clay,62,3,0,38.46231092,-81.07652217,54015.0,728.7259050305595,4.838709677419356,59,61,3,0,58,60,8632,1,0,0,1,1
2020-10-28,US,West Virginia,Doddridge,71,1,0,39.27057157,-80.70671527,54017.0,840.4356060606059,1.4084507042253518,70,70,1,0,69,70,8406,1,0,0,1,0
2020-10-28,US,West Virginia,Fayette,776,21,0,38.02974928,-81.08286634,54019.0,1829.9297269254348,2.706185567010309,755,766,21,0,745,762,43018,10,0,0,10,4
2020-10-28,US,West Virginia,Gilmer,64,0,0,38.9251277,-80.85952723,54021.0,818.100472964336,0.0,64,64,0,0,64,64,8026,0,0,0,0,0
2020-10-28,US,West Virginia,Grant,191,8,0,39.10314817,-79.19440518,54023.0,1651.106500691563,4.18848167539267,183,191,8,0,183,188,11626,0,0,0,0,3
2020-10-28,US,West Virginia,Greenbrier,195,4,0,37.9463652,-80.45335881,54025.0,562.5757313484507,2.051282051282051,191,194,4,0,190,181,34786,1,0,0,1,13
2020-10-28,US,West Virginia,Hampshire,130,1,0,39.32103553,-78.60826476,54027.0,560.9492988133765,0.7692307692307693,129,127,1,0,126,125,23347,3,0,0,3,2
2020-10-28,US,West Virginia,Hancock,224,1,0,40.51943859,-80.57461608,54029.0,777.507809788268,0.44642857142857145,223,219,1,0,218,214,29094,5,0,0,5,5
2020-10-28,US,West Virginia,Hardy,107,1,0,39.00683177,-78.85855301,54031.0,776.7131242740999,0.9345794392523364,106,106,1,0,105,105,13775,1,0,0,1,1
2020-10-28,US,West Virginia,Harrison,649,12,0,39.2853852,-80.37919577,54033.0,964.969668133698,1.8489984591679507,637,648,12,0,636,644,67554,1,0,0,1,4
2020-10-28,US,West Virginia,Jackson,386,24,0,38.84263974,-81.68148753,54035.0,1350.7838745800673,6.217616580310881,362,385,24,0,361,378,28706,1,0,0,1,7
2020-10-28,US,West Virginia,Jefferson,599,5,0,39.30776166,-77.86014147,54037.0,1048.192349420782,0.8347245409015025,594,580,5,0,575,567,56811,19,0,0,19,13
2020-10-28,US,West Virginia,Kanawha,3650,102,0,38.33860077,-81.52857054,54039.0,2049.134310929465,2.794520547945205,3548,3624,102,0,3522,3564,180454,26,0,0,26,60
2020-10-28,US,West Virginia,Lewis,87,2,0,38.9947249,-80.49988181,54041.0,546.9290249575658,2.2988505747126435,85,82,2,0,80,79,16024,5,0,0,5,3
2020-10-28,US,West Virginia,Lincoln,249,2,0,38.172154,-82.07017953,54043.0,1220.049977950904,0.8032128514056225,247,244,2,0,242,236,20599,5,0,0,5,8
2020-10-28,US,West Virginia,Logan,757,45,0,37.8299889,-81.93528571,54045.0,2364.2212436365908,5.9445178335535,712,751,45,0,706,748,32607,6,0,0,6,3
2020-10-28,US,West Virginia,Marion,380,5,0,39.50984542,-80.24244659,54049.0,677.7000998715938,1.3157894736842106,375,377,5,0,372,371,56097,3,0,0,3,6
2020-10-28,US,West Virginia,Marshall,329,4,0,39.86064362,-80.66591062,54051.0,1077.5932658609283,1.2158054711246202,325,316,4,0,312,290,30785,13,0,0,13,26
2020-10-28,US,West Virginia,Mason,175,6,0,38.77071799,-82.02524219,54053.0,659.9788806758182,3.4285714285714284,169,175,6,0,169,174,26718,0,0,0,0,1
2020-10-28,US,West Virginia,McDowell,122,1,0,37.38002939,-81.65083669,54047.0,692.2378574670903,0.819672131147541,121,120,1,0,119,117,18223,2,0,0,2,3
2020-10-28,US,West Virginia,Mercer,748,31,0,37.40481169,-81.11023142,54055.0,1273.0181422104224,4.144385026737968,717,732,30,0,702,704,59131,16,1,0,15,28
2020-10-28,US,West Virginia,Mineral,219,4,0,39.41561583,-78.94104895,54057.0,815.0960250111658,1.8264840182648399,215,218,4,0,214,212,26940,1,0,0,1,6
2020-10-28,US,West Virginia,Mingo,600,10,0,37.73048351,-82.13338365,54059.0,2561.475409836065,1.6666666666666667,590,574,10,0,564,564,23785,26,0,0,26,10
2020-10-28,US,West Virginia,Monongalia,2307,5,0,39.63218457,-80.04766838,54061.0,2184.410862402,0.2167316861725184,2302,2298,5,0,2293,2290,106420,9,0,0,9,8
2020-10-28,US,West Virginia,Monroe,251,8,0,37.56274716,-80.54577965,54063.0,1890.7721280602639,3.187250996015936,243,249,8,0,241,241,13280,2,0,0,2,8
2020-10-28,US,West Virginia,Morgan,150,0,0,39.55439028,-78.26311676,54065.0,838.738537239991,0.0,150,147,0,0,147,141,17787,3,0,0,3,6
2020-10-28,US,West Virginia,Nicholas,185,3,0,38.29617706,-80.79759588,54067.0,755.2253429131288,1.6216216216216215,182,185,3,0,182,185,24842,0,0,0,0,0
2020-10-28,US,West Virginia,Ohio,541,9,0,40.0955451,-80.62203992,54069.0,1306.4161696167685,1.6635859519408502,532,528,8,0,520,514,41755,13,1,0,12,14
2020-10-28,US,West Virginia,Pendleton,76,1,0,38.68314479,-79.35084086,54071.0,1090.543836992395,1.3157894736842106,75,75,1,0,74,75,6997,1,0,0,1,0
2020-10-28,US,West Virginia,Pleasants,29,3,0,39.37091679,-81.16771771,54073.0,388.7399463806971,10.344827586206897,26,27,3,0,24,25,7507,2,0,0,2,2
2020-10-28,US,West Virginia,Pocahontas,70,0,0,38.32758728,-80.00993811,54075.0,848.7935006669092,0.0,70,69,0,0,69,68,8414,1,0,0,1,1
2020-10-28,US,West Virginia,Preston,199,4,0,39.46770987,-79.66712803,54077.0,595.2380952380953,2.010050251256281,195,199,4,0,195,199,33839,0,0,0,0,0
2020-10-28,US,West Virginia,Putnam,879,13,0,38.50782345,-81.9082131,54079.0,1557.1302037201062,1.4789533560864618,866,863,13,0,850,842,56682,16,0,0,16,21
2020-10-28,US,West Virginia,Raleigh,798,9,0,37.76936795,-81.2456041,54081.0,1087.7714316871363,1.1278195488721805,789,780,9,0,771,761,74254,18,0,0,18,19
2020-10-28,US,West Virginia,Randolph,416,1,0,38.769899,-79.87919615,54083.0,1449.7299181041994,0.2403846153846154,415,412,1,0,411,410,28823,4,0,0,4,2
2020-10-28,US,West Virginia,Ritchie,37,0,0,39.18094587,-81.06356878,54085.0,387.2723466610844,0.0,37,36,0,0,36,36,9721,1,0,0,1,0
2020-10-28,US,West Virginia,Roane,106,2,0,38.71622686,-81.35243568,54087.0,774.4009351256575,1.8867924528301887,104,106,2,0,104,100,13932,0,0,0,0,6
2020-10-28,US,West Virginia,Summers,112,1,0,37.65390597,-80.86009693,54089.0,890.7977411914418,0.8928571428571429,111,109,1,0,108,103,12760,3,0,0,3,6
2020-10-28,US,West Virginia,Taylor,166,8,0,39.33602617,-80.0421439,54091.0,994.3096735549568,4.819277108433735,158,166,8,0,158,166,16862,0,0,0,0,0
2020-10-28,US,West Virginia,Tucker,63,0,0,39.11240885,-79.57053576,54093.0,921.1873080859776,0.0,63,63,0,0,63,63,6955,0,0,0,0,0
2020-10-28,US,West Virginia,Tyler,33,1,0,39.46811972,-80.88772676,54095.0,384.12291933418686,3.0303030303030303,32,32,1,0,31,32,8746,1,0,0,1,0
2020-10-28,US,West Virginia,Upshur,263,4,0,38.89285061,-80.23689136,54097.0,1087.8557246856387,1.520912547528517,259,257,3,0,254,243,24415,6,1,0,5,14
2020-10-28,US,West Virginia,Wayne,586,11,0,38.14901357,-82.42287994,54099.0,1487.2341505507336,1.877133105802048,575,580,11,0,569,562,39944,6,0,0,6,18
2020-10-28,US,West Virginia,Webster,31,0,0,38.49370949,-80.4202023,54101.0,382.0557061868376,0.0,31,29,0,0,29,29,8285,2,0,0,2,0
2020-10-28,US,West Virginia,Wetzel,178,1,0,39.6065771,-80.64016540000001,54103.0,1181.5466312645206,0.5617977528089888,177,173,1,0,172,171,15270,5,0,0,5,2
2020-10-28,US,West Virginia,Wirt,53,0,0,39.02775007,-81.37473928,54105.0,910.4964782683388,0.0,53,51,0,0,51,45,5830,2,0,0,2,6
2020-10-28,US,West Virginia,Wood,591,6,0,39.20967886,-81.5162836,54107.0,707.6318877367752,1.0152284263959392,585,580,6,0,574,543,84203,11,0,0,11,37
2020-10-28,US,West Virginia,Wyoming,285,5,0,37.612327,-81.54511071,54109.0,1397.469844071786,1.7543859649122806,280,256,5,0,251,251,20786,29,0,0,29,5
2020-10-28,US,Wisconsin,Adams,515,5,0,43.96974651,-89.76782777,55001.0,2546.983184965381,0.9708737864077671,510,502,5,0,497,466,20348,13,0,0,13,36
2020-10-28,US,Wisconsin,Ashland,279,3,0,46.31956891,-90.67837132,55003.0,1792.8286852589642,1.075268817204301,276,274,3,0,271,269,15600,5,0,0,5,5
2020-10-28,US,Wisconsin,Barron,1132,7,0,45.42372701,-91.84833627,55005.0,2501.9892140394313,0.6183745583038869,1125,1093,6,0,1087,1062,45164,39,1,0,38,31
2020-10-28,US,Wisconsin,Bayfield,230,2,0,46.52868768,-91.19716729,55007.0,1529.662144187284,0.8695652173913043,228,225,2,0,223,221,15042,5,0,0,5,4
2020-10-28,US,Wisconsin,Brown,15377,97,0,44.452655299999996,-88.00411844,55009.0,5812.687588360262,0.6308122520647721,15280,15103,93,0,15010,14588,263378,274,4,0,270,515
2020-10-28,US,Wisconsin,Buffalo,273,3,0,44.37835084,-91.75332578,55011.0,2095.004220704474,1.0989010989010992,270,262,3,0,259,253,13125,11,0,0,11,9
2020-10-28,US,Wisconsin,Burnett,311,6,0,45.86303537,-92.36711412,55013.0,2017.646295575451,1.929260450160772,305,308,6,0,302,297,15392,3,0,0,3,11
2020-10-28,US,Wisconsin,Calumet,2694,11,0,44.0816316,-88.21780273,55015.0,5378.426401006209,0.4083147735708983,2683,2676,11,0,2665,2628,50159,18,0,0,18,48
2020-10-28,US,Wisconsin,Chippewa,1685,13,0,45.06939744,-91.28068855,55017.0,2606.01936341984,0.771513353115727,1672,1581,11,0,1570,1533,64135,104,2,0,102,48
2020-10-28,US,Wisconsin,Clark,889,16,0,44.73483377,-90.61207486,55019.0,2556.507735664577,1.7997750281214848,873,867,15,0,852,826,34709,22,1,0,21,41
2020-10-28,US,Wisconsin,Columbia,1788,6,0,43.46492199,-89.33589004,55021.0,3107.8356392963915,0.3355704697986577,1782,1761,5,0,1756,1718,57358,27,1,0,26,43
2020-10-28,US,Wisconsin,Crawford,340,1,0,43.23870316,-90.93073686,55023.0,2107.7428553716445,0.29411764705882354,339,328,0,0,328,323,16291,12,1,0,11,5
2020-10-28,US,Wisconsin,Dane,14929,49,0,43.06601594,-89.41733797,55025.0,2730.773100174686,0.3282202424810771,14880,14560,48,0,14512,14305,542364,369,1,0,368,255
2020-10-28,US,Wisconsin,Dodge,4158,26,0,43.41576662,-88.70928178,55027.0,4733.660446954086,0.6253006253006252,4132,4051,27,0,4024,3945,87847,107,-1,0,108,106
2020-10-28,US,Wisconsin,Door,822,6,0,44.95856458,-87.30002707,55029.0,2970.9411594621947,0.7299270072992701,816,780,5,0,775,755,27610,42,1,0,41,25
2020-10-28,US,Wisconsin,Douglas,781,1,0,46.43222285,-91.91595768,55031.0,1809.965237543453,0.12804097311139565,780,774,1,0,773,766,43208,7,0,0,7,8
2020-10-28,US,Wisconsin,Dunn,1066,1,0,44.94562799,-91.8962481,55033.0,2349.673778874978,0.09380863039399624,1065,1039,1,0,1038,1017,45131,27,0,0,27,22
2020-10-28,US,Wisconsin,Eau Claire,3531,12,0,44.726614,-91.28609183,55035.0,3374.233128834356,0.33984706881903143,3519,3442,12,0,3430,3320,104534,89,0,0,89,122
2020-10-28,US,Wisconsin,Florence,209,6,0,45.84963535,-88.39804137,55037.0,4866.123399301513,2.8708133971291865,203,210,6,0,204,210,4321,-1,0,0,-1,0
2020-10-28,US,Wisconsin,Fond du Lac,4564,20,0,43.75354908,-88.48885325,55039.0,4413.798439116854,0.4382120946538125,4544,4461,20,0,4441,4124,103066,103,0,0,103,337
2020-10-28,US,Wisconsin,Forest,475,11,0,45.66678019,-88.77084892,55041.0,5275.4331408263,2.3157894736842106,464,464,10,0,454,449,8991,11,1,0,10,15
2020-10-28,US,Wisconsin,Grant,1881,32,0,42.8671731,-90.7063218,55043.0,3656.758490639398,1.7012227538543327,1849,1833,30,0,1803,1809,51554,48,2,0,46,24
2020-10-28,US,Wisconsin,Green,957,5,0,42.6794956,-89.60243287,55045.0,2589.285714285714,0.522466039707419,952,932,5,0,927,924,36929,25,0,0,25,8
2020-10-28,US,Wisconsin,Green Lake,751,3,0,43.80025981,-89.04679553,55047.0,3970.8137260085655,0.3994673768308921,748,741,3,0,738,725,18918,10,0,0,10,16
2020-10-28,US,Wisconsin,Iowa,480,1,0,43.00050278,-90.13469017,55049.0,2027.198243094856,0.20833333333333331,479,466,1,0,465,458,23771,14,0,0,14,8
2020-10-28,US,Wisconsin,Iron,191,4,0,46.26302338,-90.24295041,55051.0,3358.53701424301,2.094240837696335,187,190,4,0,186,184,5676,1,0,0,1,6
2020-10-28,US,Wisconsin,Jackson,494,1,0,44.31864893,-90.80566792,55053.0,2393.0630237853024,0.20242914979757085,493,472,1,0,471,464,20478,22,0,0,22,8
2020-10-28,US,Wisconsin,Jefferson,2768,14,0,43.02054068,-88.77529134,55055.0,3265.3446424990266,0.5057803468208093,2754,2697,11,0,2686,2621,85129,71,3,0,68,76
2020-10-28,US,Wisconsin,Juneau,784,4,0,43.92456975,-90.11120239,55057.0,2937.7599580320007,0.5102040816326531,780,774,4,0,770,759,26617,10,0,0,10,15
2020-10-28,US,Wisconsin,Kenosha,5118,80,0,42.57639354,-88.04051686,55059.0,3018.3827649046657,1.5631105900742477,5038,4958,76,0,4882,4949,169290,160,4,0,156,9
2020-10-28,US,Wisconsin,Kewaunee,1073,7,0,44.51727459,-87.61468386,55061.0,5251.052167955369,0.65237651444548,1066,1069,7,0,1062,1034,20383,4,0,0,4,35
2020-10-28,US,Wisconsin,La Crosse,4256,21,0,43.90632465,-91.11451093,55063.0,3606.290672451193,0.4934210526315789,4235,4187,20,0,4167,4103,118230,69,1,0,68,84
2020-10-28,US,Wisconsin,Lafayette,550,1,0,42.66005229,-90.1317729,55065.0,3300.3300330033007,0.18181818181818185,549,531,1,0,530,514,16665,19,0,0,19,17
2020-10-28,US,Wisconsin,Langlade,983,9,0,45.26271619,-89.07483625,55067.0,5122.7265620928665,0.9155645981688708,974,954,9,0,945,901,19268,29,0,0,29,53
2020-10-28,US,Wisconsin,Lincoln,802,10,0,45.33737523,-89.73411273,55069.0,2906.534265937013,1.2468827930174564,792,783,10,0,773,756,27689,19,0,0,19,27
2020-10-28,US,Wisconsin,Manitowoc,2788,11,0,44.11946801,-87.80928853,55071.0,3529.9629024702144,0.3945480631276901,2777,2764,11,0,2753,2696,79074,24,0,0,24,68
2020-10-28,US,Wisconsin,Marathon,4728,54,0,44.89792533,-89.75863384,55073.0,3484.361642543407,1.1421319796954317,4674,4620,53,0,4567,4495,135428,108,1,0,107,125
2020-10-28,US,Wisconsin,Marinette,1738,13,0,45.38553432,-88.03324599999998,55075.0,4307.3110285006205,0.7479861910241657,1725,1709,12,0,1697,1650,40434,29,1,0,28,59
2020-10-28,US,Wisconsin,Marquette,616,2,0,43.81911946,-89.40073763,55077.0,3955.3101322717353,0.3246753246753247,614,607,2,0,605,602,15434,9,0,0,9,5
2020-10-28,US,Wisconsin,Menominee,304,0,0,45.00422544,-88.70950714,55078.0,6672.519754170325,0.0,304,298,0,0,298,288,4658,6,0,0,6,10
2020-10-28,US,Wisconsin,Milwaukee,40609,582,0,43.00486062,-87.96733172,55079.0,4293.9498332498,1.4331798369819495,40027,40143,578,0,39565,39158,948201,466,4,0,462,985
2020-10-28,US,Wisconsin,Monroe,1132,5,0,43.94641218,-90.61881899999999,55081.0,2447.4088167254017,0.4416961130742049,1127,1111,4,0,1107,1085,46051,21,1,0,20,26
2020-10-28,US,Wisconsin,Oconto,2114,17,0,45.02715345,-88.26807503,55083.0,5573.4247297653565,0.8041627246925258,2097,2090,14,0,2076,2063,37830,24,3,0,21,27
2020-10-28,US,Wisconsin,Oneida,1239,14,0,45.70677897,-89.51944105,55085.0,3480.825958702065,1.1299435028248588,1225,1222,14,0,1208,1208,35470,17,0,0,17,14
2020-10-28,US,Wisconsin,Outagamie,9251,75,0,44.41578887,-88.46565023,55087.0,4923.756553210741,0.8107231650632364,9176,9176,72,0,9104,8987,187365,75,3,0,72,189
2020-10-28,US,Wisconsin,Ozaukee,2246,25,0,43.38352225,-87.94625009,55089.0,2517.344571345311,1.1130899376669634,2221,2209,24,0,2185,2142,89147,37,1,0,36,67
2020-10-28,US,Wisconsin,Pepin,146,0,0,44.58307413,-91.99949611,55091.0,2003.567997804309,0.0,146,140,0,0,140,133,7289,6,0,0,6,7
2020-10-28,US,Wisconsin,Pierce,703,7,0,44.71850291,-92.4224416,55093.0,1644.2905926930814,0.9957325746799432,696,693,7,0,686,681,42555,10,0,0,10,12
2020-10-28,US,Wisconsin,Polk,563,3,0,45.46130348,-92.44182875,55095.0,1285.8872164995544,0.5328596802841918,560,548,3,0,545,537,43598,15,0,0,15,11
2020-10-28,US,Wisconsin,Portage,2776,21,0,44.47558711,-89.50152965,55097.0,3922.4552082744594,0.7564841498559077,2755,2730,21,0,2709,2673,70942,46,0,0,46,57
2020-10-28,US,Wisconsin,Price,367,2,0,45.68051754,-90.36098879999999,55099.0,2748.857763463411,0.5449591280653951,365,355,2,0,353,352,13397,12,0,0,12,3
2020-10-28,US,Wisconsin,Racine,7457,113,0,42.74753117,-88.05941254,55101.0,3798.564522619721,1.5153547002816146,7344,7299,112,0,7187,7004,196584,158,1,0,157,295
2020-10-28,US,Wisconsin,Richland,471,8,0,43.3762778,-90.43012729,55103.0,2730.118247159749,1.6985138004246283,463,458,8,0,450,449,17377,13,0,0,13,9
2020-10-28,US,Wisconsin,Rock,5138,44,0,42.67151616,-89.07147900000002,55105.0,3145.316306916268,0.8563643441027637,5094,5077,44,0,5033,4923,163129,61,0,0,61,154
2020-10-28,US,Wisconsin,Rusk,211,1,0,45.47498854,-91.1333012,55107.0,1488.221187755678,0.4739336492890995,210,205,1,0,204,199,14147,6,0,0,6,6
2020-10-28,US,Wisconsin,Sauk,1785,7,0,43.42574087,-89.94966132,55111.0,2769.9326526178584,0.392156862745098,1778,1732,7,0,1725,1643,64249,53,0,0,53,89
2020-10-28,US,Wisconsin,Sawyer,380,3,0,45.87931905,-91.14504927,55113.0,2294.9631598019087,0.7894736842105263,377,372,3,0,369,369,16489,8,0,0,8,3
2020-10-28,US,Wisconsin,Shawano,2441,24,0,44.78902246,-88.76443896,55115.0,5968.361084623096,0.9832036050798852,2417,2406,23,0,2383,2356,40796,35,1,0,34,50
2020-10-28,US,Wisconsin,Sheboygan,4802,26,0,43.72099677,-87.94579284,55117.0,4163.34315935495,0.5414410662224073,4776,4697,26,0,4671,4590,115456,105,0,0,105,107
2020-10-28,US,Wisconsin,St. Croix,1858,11,0,45.03437474,-92.45000068,55109.0,2048.805231179773,0.5920344456404736,1847,1806,11,0,1795,1775,89694,52,0,0,52,31
2020-10-28,US,Wisconsin,Taylor,488,7,0,45.21179252,-90.5004405,55119.0,2398.859558570516,1.4344262295081966,481,475,7,0,468,475,20412,13,0,0,13,0
2020-10-28,US,Wisconsin,Trempealeau,1036,2,0,44.30360275,-91.35893614,55121.0,3494.2156565145533,0.19305019305019305,1034,1006,2,0,1004,990,29442,30,0,0,30,16
2020-10-28,US,Wisconsin,Vernon,499,2,0,43.59422667,-90.8324691,55123.0,1618.9734605152164,0.4008016032064128,497,495,2,0,493,485,30785,4,0,0,4,10
2020-10-28,US,Wisconsin,Vilas,563,6,0,46.05467334,-89.51719204,55125.0,2536.6073439963957,1.0657193605683837,557,555,5,0,550,543,21938,8,1,0,7,12
2020-10-28,US,Wisconsin,Walworth,3411,38,0,42.66858202,-88.54163073,55127.0,3283.975815458081,1.1140428026971565,3373,3385,38,0,3347,3355,103718,26,0,0,26,30
2020-10-28,US,Wisconsin,Washburn,245,2,0,45.89838588,-91.79050449,55129.0,1558.5241730279895,0.8163265306122449,243,242,2,0,240,230,15878,3,0,0,3,12
2020-10-28,US,Wisconsin,Washington,4508,42,0,43.36863664,-88.22974712,55131.0,3313.877412999692,0.9316770186335404,4466,4367,42,0,4325,4281,135693,141,0,0,141,86
2020-10-28,US,Wisconsin,Waukesha,12446,120,0,43.01833055,-88.30431188,55133.0,3079.183964294727,0.9641651936365098,12326,12186,119,0,12067,11876,403072,260,1,0,259,310
2020-10-28,US,Wisconsin,Waupaca,2399,40,0,44.47068056,-88.96534501,55135.0,4704.844087075897,1.6673614005835764,2359,2371,38,0,2333,2313,51128,28,2,0,26,58
2020-10-28,US,Wisconsin,Waushara,1025,5,0,44.11324419,-89.24317107,55137.0,4193.429611749785,0.4878048780487805,1020,1009,5,0,1004,980,24263,16,0,0,16,29
2020-10-28,US,Wisconsin,Winnebago,8799,62,0,44.06886922,-88.64477096,55139.0,5118.465216657844,0.7046255256279123,8737,8726,59,0,8667,8553,171020,73,3,0,70,173
2020-10-28,US,Wisconsin,Wood,1708,9,0,44.45537896,-90.04158336,55141.0,2339.758078877793,0.5269320843091335,1699,1679,9,0,1670,1634,73055,29,0,0,29,45
2020-10-28,US,Wyoming,Albany,1422,4,0,41.65498705,-105.72354150000001,56001.0,3657.407407407408,0.2812939521800281,1418,1386,4,0,1382,1371,38601,36,0,0,36,15
2020-10-28,US,Wyoming,Big Horn,241,7,0,44.52405055,-107.9960365,56003.0,2044.1051738761664,2.904564315352697,234,233,7,0,226,227,11881,8,0,0,8,6
2020-10-28,US,Wyoming,Campbell,969,3,0,44.24886082,-105.54744040000001,56005.0,2091.0209102091017,0.30959752321981426,966,948,3,0,945,897,46140,21,0,0,21,51
2020-10-28,US,Wyoming,Carbon,321,2,0,41.69357844,-106.9326084,56007.0,2168.9189189189187,0.6230529595015576,319,315,2,0,313,314,14971,6,0,0,6,1
2020-10-28,US,Wyoming,Converse,307,0,0,42.97272268,-105.5081848,56009.0,2221.096802199392,0.0,307,301,0,0,301,294,13640,6,0,0,6,7
2020-10-28,US,Wyoming,Crook,112,1,0,44.58855102,-104.56977049999999,56011.0,1476.7932489451478,0.8928571428571429,111,109,1,0,108,104,7450,3,0,0,3,5
2020-10-28,US,Wyoming,Fremont,1345,15,0,43.04183996,-108.6296893,56013.0,3425.791497924149,1.1152416356877324,1330,1290,15,0,1275,1262,39531,55,0,0,55,28
2020-10-28,US,Wyoming,Goshen,161,3,0,42.08798185,-104.3534743,56015.0,1218.6814018620846,1.8633540372670807,158,156,3,0,153,155,13376,5,0,0,5,1
2020-10-28,US,Wyoming,Hot Springs,53,0,0,43.71930657,-108.44231740000001,56017.0,1200.997054158169,0.0,53,51,0,0,51,51,4555,2,0,0,2,0
2020-10-28,US,Wyoming,Johnson,112,2,0,44.04057166,-106.58451740000001,56019.0,1326.2285375962108,1.7857142857142858,110,105,2,0,103,98,8460,7,0,0,7,7
2020-10-28,US,Wyoming,Laramie,1595,6,0,41.30702520000001,-104.6887497,56021.0,1603.0150753768844,0.3761755485893417,1589,1553,6,0,1547,1487,98976,42,0,0,42,66
2020-10-28,US,Wyoming,Lincoln,348,3,0,42.26376367,-110.6563997,56023.0,1754.916792738275,0.8620689655172413,345,339,3,0,336,329,19434,9,0,0,9,10
2020-10-28,US,Wyoming,Natrona,1426,8,0,42.96180148,-106.79788500000001,56025.0,1785.6695634751684,0.5610098176718092,1418,1382,8,0,1374,1331,79115,44,0,0,44,51
2020-10-28,US,Wyoming,Niobrara,12,0,0,43.05607708,-104.47588959999999,56027.0,509.3378607809847,0.0,12,12,0,0,12,11,2388,0,0,0,0,1
2020-10-28,US,Wyoming,Park,644,3,0,44.52157546,-109.58528249999999,56029.0,2205.9327259025827,0.4658385093167702,641,628,3,0,625,613,29324,16,0,0,16,15
2020-10-28,US,Wyoming,Platte,136,2,0,42.13299116,-104.96633100000001,56031.0,1620.3979506731796,1.4705882352941178,134,127,2,0,125,126,8566,9,0,0,9,1
2020-10-28,US,Wyoming,Sheridan,731,4,0,44.79048913,-106.8862389,56033.0,2397.9006068558306,0.5471956224350205,727,721,4,0,717,695,30233,10,0,0,10,26
2020-10-28,US,Wyoming,Sublette,171,1,0,42.76558279,-109.91309220000001,56035.0,1739.3957888312482,0.5847953216374269,170,160,1,0,159,160,9813,11,0,0,11,0
2020-10-28,US,Wyoming,Sweetwater,505,2,0,41.65943896,-108.8827882,56037.0,1192.6410504687904,0.3960396039603961,503,488,2,0,486,476,43051,17,0,0,17,12
2020-10-28,US,Wyoming,Teton,772,1,0,43.93522482,-110.5890801,56039.0,3290.146607569042,0.12953367875647667,771,761,1,0,760,756,23081,11,0,0,11,5
2020-10-28,US,Wyoming,Uinta,462,3,0,41.2878183,-110.54757820000002,56041.0,2284.1886680510233,0.6493506493506493,459,451,3,0,448,442,20299,11,0,0,11,9
2020-10-28,US,Wyoming,Washakie,153,7,0,43.90451606,-107.68018700000002,56043.0,1960.281870595772,4.575163398692809,146,151,7,0,144,146,7885,2,0,0,2,5
2020-10-28,US,Wyoming,Weston,148,0,0,43.83961191,-104.56748809999999,56045.0,2136.567056445792,0.0,148,139,0,0,139,132,6967,9,0,0,9,7
