Date,Country/Region,Province/State,Admin2,Confirmed,Deaths,Recovered,Latitude,Longitude,FIPS,Incidence_Rate,Case-Fatality_Ratio,Active Cases,Previous Confirmed,Previous Deaths,Previous Recovered,Previous Active,Prev2 Confirmed,Population,Daily Confirmed,Daily Deaths,Daily Recovered,Daily Active,Previous Daily Confirmed
2020-09-18,US,Alabama,Autauga,1664,24,0,32.53952745,-86.64408227,1001.0,2978.395890386439,1.4423076923076923,1640,1624,24,0,1600,1619,55601,40,0,0,40,5
2020-09-18,US,Alabama,Baldwin,5033,48,0,30.72774991,-87.72207058,1003.0,2254.584875063835,0.9537055434134712,4985,5021,48,0,4973,5003,218022,12,0,0,12,18
2020-09-18,US,Alabama,Barbour,824,7,0,31.868263,-85.3871286,1005.0,3337.9243295795186,0.8495145631067961,817,809,7,0,802,809,24881,15,0,0,15,0
2020-09-18,US,Alabama,Bibb,619,10,0,32.99642064,-87.12511459999996,1007.0,2764.1332499776727,1.615508885298869,609,617,9,0,608,612,22400,2,1,0,1,5
2020-09-18,US,Alabama,Blount,1527,14,0,33.98210918,-86.56790593,1009.0,2640.680662677689,0.91683038637852,1513,1504,13,0,1491,1487,57840,23,1,0,22,17
2020-09-18,US,Alabama,Bullock,585,14,0,32.10030533,-85.71265535,1011.0,5791.505791505791,2.393162393162393,571,585,14,0,571,583,10138,0,0,0,0,2
2020-09-18,US,Alabama,Butler,906,38,0,31.75300095,-86.68057478,1013.0,4658.576717400248,4.194260485651214,868,902,38,0,864,901,19680,4,0,0,4,1
2020-09-18,US,Alabama,Calhoun,3249,39,0,33.77483727,-85.82630386,1015.0,2859.9093349764535,1.2003693444136658,3210,3211,39,0,3172,3165,114277,38,0,0,38,46
2020-09-18,US,Alabama,Chambers,1117,42,0,32.91360079,-85.39072749,1017.0,3358.994406687917,3.7600716204118174,1075,1106,42,0,1064,1107,33615,11,0,0,11,-1
2020-09-18,US,Alabama,Cherokee,548,16,0,34.17805983,-85.60638968,1019.0,2091.9224309054816,2.9197080291970803,532,528,16,0,512,526,26032,20,0,0,20,2
2020-09-18,US,Alabama,Chilton,1463,27,0,32.85044126,-86.7173256,1021.0,3292.9683983073737,1.845522898154477,1436,1433,25,0,1408,1428,44153,30,2,0,28,5
2020-09-18,US,Alabama,Choctaw,344,12,0,32.02227341,-88.26564429999998,1023.0,2732.5442846929864,3.4883720930232562,332,342,12,0,330,342,12841,2,0,0,2,0
2020-09-18,US,Alabama,Clarke,1046,17,0,31.68099859,-87.83548597,1025.0,4428.075522817712,1.6252390057361377,1029,1044,17,0,1027,1043,23920,2,0,0,2,1
2020-09-18,US,Alabama,Clay,531,7,0,33.26984193,-85.85836077,1027.0,4012.089157536834,1.3182674199623352,524,518,7,0,511,505,13275,13,0,0,13,13
2020-09-18,US,Alabama,Cleburne,316,6,0,33.67679204,-85.52005899,1029.0,2119.382964453387,1.8987341772151896,310,311,6,0,305,305,14987,5,0,0,5,6
2020-09-18,US,Alabama,Coffee,1248,8,0,31.39932826,-85.98901039,1031.0,2384.31852049979,0.6410256410256411,1240,1238,8,0,1230,1235,51909,10,0,0,10,3
2020-09-18,US,Alabama,Colbert,1581,26,0,34.69847452,-87.80168544,1033.0,2862.0046704440533,1.644528779253637,1555,1572,24,0,1548,1560,54762,9,2,0,7,12
2020-09-18,US,Alabama,Conecuh,517,11,0,31.43401703,-86.99320044,1035.0,4284.412032816773,2.127659574468085,506,516,11,0,505,516,12277,1,0,0,1,0
2020-09-18,US,Alabama,Coosa,160,3,0,32.93690146,-86.24847739,1037.0,1500.5158023070433,1.875,157,157,3,0,154,157,10715,3,0,0,3,0
2020-09-18,US,Alabama,Covington,1303,27,0,31.247785399999998,-86.45050893,1039.0,3516.96402062134,2.0721412125863394,1276,1270,27,0,1243,1272,36986,33,0,0,33,-2
2020-09-18,US,Alabama,Crenshaw,519,31,0,31.72941803,-86.31593104,1041.0,3768.5158292187048,5.973025048169558,488,515,31,0,484,507,13824,4,0,0,4,8
2020-09-18,US,Alabama,Cullman,1808,17,0,34.13020303,-86.86888037,1043.0,2158.3420876707096,0.9402654867256636,1791,1800,17,0,1783,1797,83442,8,0,0,8,3
2020-09-18,US,Alabama,Dale,1300,43,0,31.43037123,-85.61095742,1045.0,2643.7810135849672,3.3076923076923075,1257,1280,42,0,1238,1274,48956,20,1,0,19,6
2020-09-18,US,Alabama,Dallas,1732,26,0,32.32688101,-87.10866709999998,1047.0,4656.414668243897,1.5011547344110854,1706,1725,26,0,1699,1725,38310,7,0,0,7,0
2020-09-18,US,Alabama,DeKalb,2326,19,0,34.45946862,-85.80782906,1049.0,3252.5554794233217,0.8168529664660361,2307,2301,19,0,2282,2293,71385,25,0,0,25,8
2020-09-18,US,Alabama,Elmore,2497,47,0,32.59785413,-86.14415284,1051.0,3074.782351709786,1.8822587104525432,2450,2475,47,0,2428,2468,81887,22,0,0,22,7
2020-09-18,US,Alabama,Escambia,1554,24,0,31.1256789,-87.15918694,1053.0,4242.076815985587,1.5444015444015444,1530,1543,24,0,1519,1538,36748,11,0,0,11,5
2020-09-18,US,Alabama,Etowah,3306,45,0,34.04567266,-86.04051873,1055.0,3232.682755114014,1.3611615245009074,3261,3263,44,0,3219,3247,102501,43,1,0,42,16
2020-09-18,US,Alabama,Fayette,415,9,0,33.72076938,-87.73886638,1057.0,2545.699914120967,2.1686746987951806,406,412,8,0,404,408,16433,3,1,0,2,4
2020-09-18,US,Alabama,Franklin,1734,28,0,34.44235334,-87.84289505,1059.0,5528.984120910655,1.6147635524798154,1706,1727,28,0,1699,1703,31363,7,0,0,7,24
2020-09-18,US,Alabama,Geneva,556,4,0,31.09389027,-85.83572839,1061.0,2116.4021164021165,0.7194244604316546,552,540,4,0,536,536,26314,16,0,0,16,4
2020-09-18,US,Alabama,Greene,300,15,0,32.85504247,-87.95684022,1063.0,3698.680803846628,5.0,285,299,15,0,284,297,8233,1,0,0,1,2
2020-09-18,US,Alabama,Hale,610,28,0,32.76039258,-87.63284988,1065.0,4163.538325029008,4.590163934426228,582,608,28,0,580,609,14726,2,0,0,2,-1
2020-09-18,US,Alabama,Henry,459,4,0,31.51148016,-85.24267944,1067.0,2667.8291194420226,0.8714596949891068,455,452,4,0,448,447,17209,7,0,0,7,5
2020-09-18,US,Alabama,Houston,2644,22,0,31.15197924,-85.29939599,1069.0,2497.119434842561,0.8320726172465961,2622,2606,21,0,2585,2586,104722,38,1,0,37,20
2020-09-18,US,Alabama,Jackson,1485,11,0,34.78144169,-85.99750489,1071.0,2876.457598884283,0.7407407407407407,1474,1466,10,0,1456,1442,51736,19,1,0,18,24
2020-09-18,US,Alabama,Jefferson,18772,333,0,33.55554728,-86.89506300000002,1073.0,2850.4053461043804,1.77391860217345,18439,18648,332,0,18316,18531,659300,124,1,0,123,117
2020-09-18,US,Alabama,Lamar,337,2,0,33.77995024,-88.09668032,1075.0,2441.14451285766,0.5934718100890207,335,330,2,0,328,327,13844,7,0,0,7,3
2020-09-18,US,Alabama,Lauderdale,1616,33,0,34.90171875,-87.65624729,1077.0,1742.7126357450204,2.042079207920792,1583,1592,31,0,1561,1590,92387,24,2,0,22,2
2020-09-18,US,Alabama,Lawrence,578,20,0,34.52041498,-87.31069453,1079.0,1755.5582553760175,3.460207612456748,558,576,20,0,556,573,32957,2,0,0,2,3
2020-09-18,US,Alabama,Lee,5603,59,0,32.60154883,-85.35132246,1081.0,3405.2096121355034,1.0530073175084775,5544,5582,59,0,5523,5570,163941,21,0,0,21,12
2020-09-18,US,Alabama,Limestone,1942,19,0,34.81185586,-86.98310072,1083.0,1963.30182479907,0.9783728115345004,1923,1919,19,0,1900,1908,96174,23,0,0,23,11
2020-09-18,US,Alabama,Lowndes,645,27,0,32.1597283,-86.65158371,1085.0,6631.70882171499,4.186046511627906,618,643,27,0,616,643,9974,2,0,0,2,0
2020-09-18,US,Alabama,Macon,467,20,0,32.38759944,-85.69267724,1087.0,2584.680097409785,4.282655246252677,447,466,19,0,447,466,18439,1,1,0,0,0
2020-09-18,US,Alabama,Madison,7422,75,0,34.76327133,-86.55069633,1089.0,1990.297901096514,1.0105092966855296,7347,7365,73,0,7292,7303,366519,57,2,0,55,62
2020-09-18,US,Alabama,Marengo,696,19,0,32.24767634,-87.78796182,1091.0,3689.763028150348,2.7298850574712645,677,693,19,0,674,694,19066,3,0,0,3,-1
2020-09-18,US,Alabama,Marion,921,28,0,34.13697363,-87.88704173,1093.0,3100.070685650813,3.040173724212812,893,914,28,0,886,903,29763,7,0,0,7,11
2020-09-18,US,Alabama,Marshall,3784,42,0,34.36975964,-86.30486727,1095.0,3910.141153615641,1.109936575052854,3742,3763,42,0,3721,3759,96109,21,0,0,21,4
2020-09-18,US,Alabama,Mobile,12975,289,0,30.78472347,-88.20842409,1097.0,3140.0498535853444,2.227360308285164,12686,12949,288,0,12661,12931,413757,26,1,0,25,18
2020-09-18,US,Alabama,Monroe,573,8,0,31.56729412,-87.36995001,1099.0,2763.710027492403,1.3961605584642234,565,570,8,0,562,570,21067,3,0,0,3,0
2020-09-18,US,Alabama,Montgomery,8598,173,0,32.2206831,-86.20969272,1101.0,3796.2611375537563,2.0120958362409858,8425,8560,170,0,8390,8546,225763,38,3,0,35,14
2020-09-18,US,Alabama,Morgan,3142,26,0,34.45500589,-86.85475946,1103.0,2625.35616106418,0.8274984086569064,3116,3129,25,0,3104,3118,119089,13,1,0,12,11
2020-09-18,US,Alabama,Perry,536,6,0,32.64048341,-87.29770589,1105.0,6006.948335761514,1.1194029850746268,530,535,6,0,529,536,9140,1,0,0,1,-1
2020-09-18,US,Alabama,Pickens,628,14,0,33.28094866,-88.08818103,1107.0,3151.028600100351,2.2292993630573252,614,622,14,0,608,615,19938,6,0,0,6,7
2020-09-18,US,Alabama,Pike,1135,9,0,31.80396383,-85.9408295,1109.0,3427.553300718729,0.7929515418502202,1126,1132,9,0,1123,1128,33338,3,0,0,3,4
2020-09-18,US,Alabama,Randolph,591,12,0,33.29526734,-85.45708831,1111.0,2601.003432796409,2.0304568527918785,579,585,12,0,573,581,22725,6,0,0,6,4
2020-09-18,US,Alabama,Russell,1692,2,0,32.28725256,-85.18415324,1113.0,2919.2042925415367,0.1182033096926714,1690,1691,2,0,1689,1685,57781,1,0,0,1,6
2020-09-18,US,Alabama,Shelby,5572,50,0,33.26879845,-86.66232561,1117.0,2559.4620168854667,0.8973438621679828,5522,5501,49,0,5452,5446,215707,71,1,0,70,55
2020-09-18,US,Alabama,St. Clair,2198,35,0,33.71902176,-86.31029372,1115.0,2455.536687818393,1.5923566878980893,2163,2181,34,0,2147,2174,88690,17,1,0,16,7
2020-09-18,US,Alabama,Sumter,417,19,0,32.59117397,-88.19916205,1119.0,3355.596684638288,4.556354916067146,398,417,19,0,398,414,12691,0,0,0,0,3
2020-09-18,US,Alabama,Talladega,2034,26,0,33.37823223,-86.16886178,1121.0,2543.199379829453,1.27826941986234,2008,1999,25,0,1974,1991,79828,35,1,0,34,8
2020-09-18,US,Alabama,Tallapoosa,1129,83,0,32.86698258,-85.79833053,1123.0,2796.839002155226,7.351638618246236,1046,1124,83,0,1041,1124,40497,5,0,0,5,0
2020-09-18,US,Alabama,Tuscaloosa,7081,114,0,33.28726072,-87.52556818,1125.0,3382.29323398056,1.6099420985736483,6967,7015,112,0,6903,6984,208911,66,2,0,64,31
2020-09-18,US,Alabama,Walker,2191,80,0,33.80270512,-87.30027177,1127.0,3449.2530029439085,3.651300775901415,2111,2177,80,0,2097,2174,63711,14,0,0,14,3
2020-09-18,US,Alabama,Washington,545,13,0,31.4092794,-88.20689944,1129.0,3338.233492588509,2.385321100917431,532,545,13,0,532,542,16378,0,0,0,0,3
2020-09-18,US,Alabama,Wilcox,530,11,0,31.98773215,-87.30891118,1131.0,5109.418683119638,2.0754716981132075,519,529,11,0,518,529,10627,1,0,0,1,0
2020-09-18,US,Alabama,Winston,687,12,0,34.15030532,-87.37325922,1133.0,2907.444242244699,1.7467248908296944,675,685,12,0,673,680,23660,2,0,0,2,5
2020-09-18,US,Alaska,Aleutians East,2,0,0,55.32222414,-161.9722021,2013.0,59.93407252022774,0.0,2,2,0,0,2,2,3515,0,0,0,0,0
2020-09-18,US,Alaska,Aleutians West,7,0,0,52.3233,-174.1596,2016.0,124.24565140220093,0.0,7,7,0,0,7,7,5723,0,0,0,0,0
2020-09-18,US,Alaska,Anchorage,3750,28,0,61.14998174,-149.14269860000005,2020.0,1302.0833333333333,0.7466666666666667,3722,3679,27,0,3652,3632,291538,71,1,0,70,47
2020-09-18,US,Alaska,Bethel,88,1,0,60.90980451,-159.8561831,2050.0,478.6250407919069,1.1363636363636365,87,86,1,0,85,85,18216,2,0,0,2,1
2020-09-18,US,Alaska,Bristol Bay,10,0,0,58.74513976,-156.701064,2060.0,1196.1722488038274,0.0,10,10,0,0,10,10,877,0,0,0,0,0
2020-09-18,US,Alaska,Denali,2,0,0,63.67264044,-150.0076108,2068.0,95.37434430138292,0.0,2,2,0,0,2,2,2059,0,0,0,0,0
2020-09-18,US,Alaska,Dillingham,7,0,0,59.79603738,-158.23819419999995,2070.0,142.39218877135886,0.0,7,7,0,0,7,6,5000,0,0,0,0,1
2020-09-18,US,Alaska,Fairbanks North Star,934,9,0,64.80726247,-146.5692662,2090.0,964.3878615163812,0.9635974304068522,925,921,9,0,912,909,98971,13,0,0,13,12
2020-09-18,US,Alaska,Haines,5,0,0,59.09893571,-135.4679843,2100.0,197.6284584980237,0.0,5,5,0,0,5,4,2474,0,0,0,0,1
2020-09-18,US,Alaska,Juneau,258,1,0,58.45031811,-134.200436,2110.0,806.9056108087822,0.3875968992248062,257,258,1,0,257,242,32113,0,0,0,0,16
2020-09-18,US,Alaska,Kenai Peninsula,434,2,0,60.24429722,-151.53888840000005,2122.0,739.251890713361,0.4608294930875576,432,432,2,0,430,429,58533,2,0,0,2,3
2020-09-18,US,Alaska,Ketchikan Gateway,49,0,0,55.57445008,-130.975561,2130.0,352.49262642975333,0.0,49,49,0,0,49,48,13918,0,0,0,0,1
2020-09-18,US,Alaska,Kodiak Island,20,0,0,57.65529415,-153.7493579,2150.0,153.86982612709647,0.0,20,20,0,0,20,20,13345,0,0,0,0,0
2020-09-18,US,Alaska,Kusilvak,11,0,0,62.15429159999999,-163.39678830000003,2158.0,132.30695212893914,0.0,11,11,0,0,11,11,8303,0,0,0,0,0
2020-09-18,US,Alaska,Matanuska-Susitna,569,2,0,62.31305045,-149.5741743,2170.0,525.309969810833,0.351493848857645,567,558,2,0,556,550,107610,11,0,0,11,8
2020-09-18,US,Alaska,Nome,51,0,0,64.90320724,-164.0353804,2180.0,509.79608156737305,0.0,51,51,0,0,51,50,10008,0,0,0,0,1
2020-09-18,US,Alaska,North Slope,79,0,0,69.31479216,-153.4836093,2185.0,803.4987794955248,0.0,79,74,0,0,74,67,9872,5,0,0,5,7
2020-09-18,US,Alaska,Northwest Arctic,80,0,0,67.04919196,-159.7503946,2188.0,1049.7310064296023,0.0,80,80,0,0,80,75,7671,0,0,0,0,5
2020-09-18,US,Alaska,Petersburg,7,1,0,57.13978948,-132.9540995,2195.0,214.32945499081444,14.285714285714285,6,7,1,0,6,7,3221,0,0,0,0,0
2020-09-18,US,Alaska,Prince of Wales-Hyder,30,0,0,55.76261984,-133.0511621,2198.0,483.6369498629695,0.0,30,30,0,0,30,30,6422,0,0,0,0,0
2020-09-18,US,Alaska,Sitka,42,0,0,57.24124555,-135.3206587,2220.0,494.5249028611798,0.0,42,40,0,0,40,40,8647,2,0,0,2,0
2020-09-18,US,Alaska,Southeast Fairbanks,22,0,0,63.87692095,-143.2127643,2240.0,319.16436965036996,0.0,22,22,0,0,22,21,6918,0,0,0,0,1
2020-09-18,US,Alaska,Unassigned,1,0,0,0.0,0.0,90002.0,0.0,0.0,1,1,0,0,1,1,,0,0,0,0,0
2020-09-18,US,Alaska,Valdez-Cordova,75,0,0,61.47502768,-144.7126799,2261.0,815.0402086502934,0.0,75,75,0,0,75,75,9164,0,0,0,0,0
2020-09-18,US,Alaska,Wrangell,13,0,0,56.3202004,-132.05837309999998,2275.0,519.5843325339728,0.0,13,13,0,0,13,12,2503,0,0,0,0,1
2020-09-18,US,Alaska,Yakutat,21,0,0,59.890980799999994,-140.36014509999998,2282.0,3626.943005181347,0.0,21,21,0,0,21,21,604,0,0,0,0,0
2020-09-18,US,Alaska,Yukon-Koyukuk,77,1,0,65.50815459,-151.39073869999999,2290.0,1472.2753346080303,1.2987012987012987,76,76,1,0,75,76,5327,1,0,0,1,0
2020-09-18,US,Arizona,Apache,3440,161,0,35.39465006,-109.4892383,4001.0,4785.288021478154,4.680232558139535,3279,3417,159,0,3258,3410,71818,23,2,0,21,7
2020-09-18,US,Arizona,Cochise,1873,69,0,31.87934684,-109.7516088,4003.0,1487.4287257190958,3.6839295248264814,1804,1872,69,0,1803,1862,126770,1,0,0,1,10
2020-09-18,US,Arizona,Coconino,3738,133,0,35.83883429,-111.77071780000001,4005.0,2605.313780701999,3.5580524344569286,3605,3644,133,0,3511,3624,142854,94,0,0,94,20
2020-09-18,US,Arizona,Gila,1217,51,0,33.80190085,-110.8132779,4007.0,2252.952719463882,4.19063270336894,1166,1208,51,0,1157,1176,53889,9,0,0,9,32
2020-09-18,US,Arizona,Graham,787,24,0,32.93166885,-109.8882178,4009.0,2026.4181064448846,3.0495552731893265,763,786,24,0,762,776,38072,1,0,0,1,10
2020-09-18,US,Arizona,Greenlee,58,0,0,33.21498827,-109.2405279,4011.0,610.6548747104654,0.0,58,58,1,0,57,58,9483,0,-1,0,1,0
2020-09-18,US,Arizona,La Paz,534,15,0,33.72854224,-113.98100290000001,4012.0,2529.846503695281,2.808988764044944,519,530,15,0,515,528,21098,4,0,0,4,2
2020-09-18,US,Arizona,Maricopa,139245,3245,0,33.34835867,-112.49181540000001,4013.0,3104.3957146430625,2.330424790836296,136000,139051,3210,0,135841,138151,4410824,194,35,0,159,900
2020-09-18,US,Arizona,Mohave,3886,222,0,35.70471703,-113.7577902,4015.0,1831.4552198358954,5.7128152341739575,3664,3817,221,0,3596,3811,209550,69,1,0,68,6
2020-09-18,US,Arizona,Navajo,5740,231,0,35.3997715,-110.3218983,4017.0,5174.714218744365,4.024390243902439,5509,5733,231,0,5502,5718,110445,7,0,0,7,15
2020-09-18,US,Arizona,Pima,24313,613,0,32.0971334,-111.7890033,4019.0,2321.5399143876652,2.5212849093077776,23700,23563,612,0,22951,22887,1039073,750,1,0,749,676
2020-09-18,US,Arizona,Pinal,10337,202,0,32.90525627,-111.3449483,4021.0,2233.631309300783,1.954145303279481,10135,10263,200,0,10063,10232,447138,74,2,0,72,31
2020-09-18,US,Arizona,Santa Cruz,2815,62,0,31.52508998,-110.8479088,4023.0,6054.023828981892,2.2024866785079933,2753,2801,61,0,2740,2794,46511,14,1,0,13,7
2020-09-18,US,Arizona,Unassigned,4,2,0,0.0,0.0,90004.0,0.0,50.0,2,3,1,0,2,3,,1,1,0,0,0
2020-09-18,US,Arizona,Yavapai,2457,79,0,34.59933926,-112.5538588,4025.0,1045.091642244331,3.2153032153032157,2378,2442,80,0,2362,2437,231993,15,-1,0,16,5
2020-09-18,US,Arizona,Yuma,12498,342,0,32.76895712,-113.90666740000002,4027.0,5846.005603708364,2.7364378300528083,12156,12472,341,0,12131,12440,212128,26,1,0,25,32
2020-09-18,US,Arkansas,Arkansas,338,4,0,34.29145151,-91.37277296,5001.0,1932.9749513896832,1.183431952662722,334,334,4,0,330,327,17769,4,0,0,4,7
2020-09-18,US,Arkansas,Ashley,417,8,0,33.19153461,-91.76984709999999,5003.0,2121.381696087908,1.9184652278177456,409,414,8,0,406,406,20046,3,0,0,3,8
2020-09-18,US,Arkansas,Baxter,257,1,0,36.28784385,-92.33782872,5005.0,612.8970714490127,0.3891050583657588,256,243,1,0,242,226,41619,14,0,0,14,17
2020-09-18,US,Arkansas,Benton,6086,79,0,36.33644656,-94.25680817,5007.0,2180.2601552620363,1.2980611238908972,6007,6030,79,0,5951,5983,272608,56,0,0,56,47
2020-09-18,US,Arkansas,Boone,596,8,0,36.3084504,-93.09374925,5009.0,1592.220559948707,1.342281879194631,588,584,8,0,576,569,37480,12,0,0,12,15
2020-09-18,US,Arkansas,Bradley,332,7,0,33.46755808,-92.15980837,5011.0,3084.641828486481,2.108433734939759,325,329,7,0,322,327,10897,3,0,0,3,2
2020-09-18,US,Arkansas,Calhoun,32,0,0,33.55598792,-92.49974403,5013.0,616.689150125265,0.0,32,32,0,0,32,31,5277,0,0,0,0,1
2020-09-18,US,Arkansas,Carroll,599,9,0,36.34038560000001,-93.54270261,5015.0,2110.6412966878083,1.5025041736227045,590,594,9,0,585,582,28223,5,0,0,5,12
2020-09-18,US,Arkansas,Chicot,991,17,0,33.26458973,-91.29539209,5017.0,9794.42577584503,1.7154389505549952,974,991,17,0,974,986,10438,0,0,0,0,5
2020-09-18,US,Arkansas,Clark,301,4,0,34.04613432,-93.17484713,5019.0,1348.5663082437275,1.32890365448505,297,294,4,0,290,289,22061,7,0,0,7,5
2020-09-18,US,Arkansas,Clay,254,7,0,36.36826212,-90.4148172,5021.0,1745.584495910934,2.755905511811024,247,251,7,0,244,244,14847,3,0,0,3,7
2020-09-18,US,Arkansas,Cleburne,304,7,0,35.53864922,-92.02640019,5023.0,1219.9526465749027,2.3026315789473686,297,302,7,0,295,299,24965,2,0,0,2,3
2020-09-18,US,Arkansas,Cleveland,178,10,0,33.89723187,-92.18537045,5025.0,2237.305178481649,5.617977528089888,168,178,10,0,168,165,8018,0,0,0,0,13
2020-09-18,US,Arkansas,Columbia,365,18,0,33.21230701,-93.22642793,5027.0,1556.0387091273394,4.931506849315068,347,359,18,0,341,354,23537,6,0,0,6,5
2020-09-18,US,Arkansas,Conway,242,3,0,35.26205537,-92.70506566,5029.0,1160.8941763407847,1.2396694214876034,239,238,3,0,235,234,20891,4,0,0,4,4
2020-09-18,US,Arkansas,Craighead,2523,20,0,35.83018283,-90.63235729,5031.0,2286.7345828952616,0.7927070947284979,2503,2490,20,0,2470,2454,108558,33,0,0,33,36
2020-09-18,US,Arkansas,Crawford,1204,15,0,35.58928601,-94.2446814,5033.0,1903.346665191204,1.2458471760797345,1189,1170,15,0,1155,1144,63406,34,0,0,34,26
2020-09-18,US,Arkansas,Crittenden,1856,45,0,35.21247318,-90.30839406,5035.0,3870.2950682931923,2.424568965517241,1811,1848,45,0,1803,1833,48342,8,0,0,8,15
2020-09-18,US,Arkansas,Cross,395,7,0,35.29631396,-90.77185818,5037.0,2405.749436628297,1.7721518987341771,388,387,7,0,380,384,16676,8,0,0,8,3
2020-09-18,US,Arkansas,Dallas,156,2,0,33.97042763,-92.65167437,5039.0,2225.7098016835503,1.2820512820512822,154,152,2,0,150,152,7182,4,0,0,4,0
2020-09-18,US,Arkansas,Desha,275,5,0,33.83011025,-91.25500948,5041.0,2420.561570284306,1.818181818181818,270,271,5,0,266,268,11512,4,0,0,4,3
2020-09-18,US,Arkansas,Drew,346,6,0,33.59035001,-91.71777921,5043.0,1899.1163071518745,1.7341040462427746,340,346,6,0,340,344,18328,0,0,0,0,2
2020-09-18,US,Arkansas,Faulkner,2167,17,0,35.14719007,-92.33717519,5045.0,1719.7457284119134,0.7844946931241348,2150,2138,16,0,2122,2103,124806,29,1,0,28,35
2020-09-18,US,Arkansas,Franklin,230,2,0,35.51202821,-93.89299569,5047.0,1298.3347445667516,0.8695652173913043,228,231,2,0,229,225,17810,-1,0,0,-1,6
2020-09-18,US,Arkansas,Fulton,113,3,0,36.38177105,-91.81729127,5049.0,905.6664262242526,2.6548672566371683,110,113,3,0,110,111,12269,0,0,0,0,2
2020-09-18,US,Arkansas,Garland,1714,48,0,34.57692074,-93.14921604,5051.0,1724.5889763145715,2.8004667444574096,1666,1696,47,0,1649,1671,99154,18,1,0,17,25
2020-09-18,US,Arkansas,Grant,243,2,0,34.29017991,-92.42320562,5053.0,1330.4133588831098,0.8230452674897121,241,241,2,0,239,226,18188,2,0,0,2,15
2020-09-18,US,Arkansas,Greene,764,7,0,36.11735460000001,-90.55832668,5055.0,1685.6039713182572,0.9162303664921466,757,757,7,0,750,747,45325,7,0,0,7,10
2020-09-18,US,Arkansas,Hempstead,353,4,0,33.73325583,-93.66935133,5057.0,1639.4203975478354,1.13314447592068,349,348,4,0,344,347,21741,5,0,0,5,1
2020-09-18,US,Arkansas,Hot Spring,1832,25,0,34.31709259,-92.95396325,5059.0,5424.772734002547,1.3646288209606987,1807,1824,25,0,1799,1810,33701,8,0,0,8,14
2020-09-18,US,Arkansas,Howard,452,8,0,34.09007427,-93.9934871,5061.0,3423.7236782305713,1.7699115044247788,444,450,8,0,442,450,13341,2,0,0,2,0
2020-09-18,US,Arkansas,Independence,986,13,0,35.74242707,-91.57001641,5063.0,2606.741573033708,1.3184584178498986,973,976,13,0,963,962,37678,10,0,0,10,14
2020-09-18,US,Arkansas,Izard,144,0,0,36.09604046,-91.90847954,5065.0,1056.5705480959716,0.0,144,141,0,0,141,138,13593,3,0,0,3,3
2020-09-18,US,Arkansas,Jackson,279,1,0,35.59802983,-91.21494602,5067.0,1668.760093307016,0.35842293906810035,278,274,1,0,273,267,16811,5,0,0,5,7
2020-09-18,US,Arkansas,Jefferson,2781,61,0,34.26767081,-91.92619839,5069.0,4161.6784388842325,2.1934555915138443,2720,2709,60,0,2649,2623,68114,72,1,0,71,86
2020-09-18,US,Arkansas,Johnson,814,5,0,35.56759135,-93.46036368,5071.0,3062.683422379412,0.6142506142506142,809,813,5,0,808,808,26742,1,0,0,1,5
2020-09-18,US,Arkansas,Lafayette,86,2,0,33.24116713,-93.60677071,5073.0,1298.3091787439614,2.3255813953488373,84,85,2,0,83,84,6682,1,0,0,1,1
2020-09-18,US,Arkansas,Lawrence,346,11,0,36.04188196,-91.10867198,5075.0,2108.98451785932,3.1791907514450872,335,340,11,0,329,331,16434,6,0,0,6,9
2020-09-18,US,Arkansas,Lee,1042,18,0,34.78498904,-90.78383866,5077.0,11764.705882352939,1.727447216890595,1024,1041,16,0,1025,1041,8985,1,2,0,-1,0
2020-09-18,US,Arkansas,Lincoln,1886,15,0,33.95317155,-91.74002806,5079.0,14480.958230958233,0.7953340402969247,1871,1804,15,0,1789,1802,13383,82,0,0,82,2
2020-09-18,US,Arkansas,Little River,341,24,0,33.70375665,-94.23468591,5081.0,2781.629822987193,7.038123167155424,317,337,24,0,313,332,12326,4,0,0,4,5
2020-09-18,US,Arkansas,Logan,386,1,0,35.21413234,-93.71951016,5083.0,1798.192490450014,0.2590673575129533,385,385,1,0,384,383,21737,1,0,0,1,2
2020-09-18,US,Arkansas,Lonoke,1001,9,0,34.75392199,-91.88742357,5085.0,1365.4530821590802,0.8991008991008991,992,981,9,0,972,965,73657,20,0,0,20,16
2020-09-18,US,Arkansas,Madison,328,2,0,36.01038185,-93.72524943,5087.0,1978.7644787644788,0.6097560975609756,326,324,2,0,322,321,16481,4,0,0,4,3
2020-09-18,US,Arkansas,Marion,73,0,0,36.26844485,-92.68451899,5089.0,437.2828561159698,0.0,73,71,0,0,71,67,16722,2,0,0,2,4
2020-09-18,US,Arkansas,Miller,761,11,0,33.31403423,-93.89285258,5091.0,1759.2528376910095,1.445466491458607,750,755,11,0,744,747,43592,6,0,0,6,8
2020-09-18,US,Arkansas,Mississippi,1564,50,0,35.76271485,-90.05194370000002,5093.0,3847.383828196109,3.1969309462915603,1514,1560,49,0,1511,1542,41239,4,1,0,3,18
2020-09-18,US,Arkansas,Monroe,110,0,0,34.6815935,-91.20540287,5095.0,1641.5460379047906,0.0,110,110,0,0,110,105,6900,0,0,0,0,5
2020-09-18,US,Arkansas,Montgomery,136,4,0,34.53704874,-93.65824478,5097.0,1513.465390607612,2.9411764705882355,132,136,4,0,132,123,8924,0,0,0,0,13
2020-09-18,US,Arkansas,Nevada,195,13,0,33.66340119,-93.30632432,5099.0,2363.0634997576344,6.666666666666668,182,188,13,0,175,187,8326,7,0,0,7,1
2020-09-18,US,Arkansas,Newton,200,18,0,35.91947491,-93.21612969,5101.0,2579.646588417387,9.0,182,195,18,0,177,186,7805,5,0,0,5,9
2020-09-18,US,Arkansas,Ouachita,238,6,0,33.58839816,-92.87795984,5103.0,1017.8769994012488,2.5210084033613445,232,232,6,0,226,225,23606,6,0,0,6,7
2020-09-18,US,Arkansas,Perry,80,0,0,34.945915299999996,-92.94372564,5105.0,765.1841224294595,0.0,80,79,0,0,79,77,10352,1,0,0,1,2
2020-09-18,US,Arkansas,Phillips,445,11,0,34.43268455,-90.84800154,5107.0,2502.5306489708696,2.4719101123595504,434,444,11,0,433,442,18029,1,0,0,1,2
2020-09-18,US,Arkansas,Pike,215,3,0,34.16250414,-93.65789349,5109.0,2005.9712632953906,1.3953488372093024,212,215,3,0,212,215,10673,0,0,0,0,0
2020-09-18,US,Arkansas,Poinsett,595,9,0,35.57433534,-90.66268713,5111.0,2528.901734104046,1.512605042016807,586,593,9,0,584,587,23974,2,0,0,2,6
2020-09-18,US,Arkansas,Polk,252,4,0,34.48254879,-94.22728802,5113.0,1262.2720897615711,1.5873015873015872,248,252,4,0,248,249,20049,0,0,0,0,3
2020-09-18,US,Arkansas,Pope,1988,29,0,35.44871474,-93.03212219,5115.0,3102.75939567986,1.4587525150905432,1959,1982,28,0,1954,1971,64000,6,1,0,5,11
2020-09-18,US,Arkansas,Prairie,134,1,0,34.83624419,-91.55162157,5117.0,1662.118580997271,0.746268656716418,133,134,1,0,133,133,8074,0,0,0,0,1
2020-09-18,US,Arkansas,Pulaski,8473,135,0,34.77054088,-92.31355101,5119.0,2161.97044737198,1.5932963531216806,8338,8408,135,0,8273,8329,392680,65,0,0,65,79
2020-09-18,US,Arkansas,Randolph,374,22,0,36.3415714,-91.02455531,5121.0,2082.637264728812,5.882352941176472,352,370,22,0,348,361,17948,4,0,0,4,9
2020-09-18,US,Arkansas,Saline,1913,20,0,34.64916145,-92.67583224,5125.0,1562.4361916740854,1.0454783063251438,1893,1901,20,0,1881,1883,121421,12,0,0,12,18
2020-09-18,US,Arkansas,Scott,94,1,0,34.85588887,-94.0632176,5127.0,914.3079466977921,1.0638297872340423,93,94,1,0,93,94,10319,0,0,0,0,0
2020-09-18,US,Arkansas,Searcy,138,0,0,35.9109364,-92.69936482,5129.0,1751.0468214693567,0.0,138,138,0,0,138,137,7958,0,0,0,0,1
2020-09-18,US,Arkansas,Sebastian,3378,56,0,35.19605503,-94.27162713,5131.0,2642.6341852660235,1.6577856719952635,3322,3345,56,0,3289,3277,127753,33,0,0,33,68
2020-09-18,US,Arkansas,Sevier,1188,16,0,33.99780401,-94.2424869,5133.0,6985.35896983595,1.3468013468013469,1172,1188,16,0,1172,1186,17139,0,0,0,0,2
2020-09-18,US,Arkansas,Sharp,184,6,0,36.16258158,-91.47819342,5135.0,1054.924893934182,3.260869565217391,178,178,6,0,172,173,17366,6,0,0,6,5
2020-09-18,US,Arkansas,St. Francis,1443,4,0,35.02201976,-90.74828138,5123.0,5773.38561254701,0.2772002772002772,1439,1414,4,0,1410,1408,25439,29,0,0,29,6
2020-09-18,US,Arkansas,Stone,301,7,0,35.86251946,-92.15684085,5137.0,2406.8447145370224,2.3255813953488373,294,296,8,0,288,293,12457,5,-1,0,6,3
2020-09-18,US,Arkansas,Unassigned,1621,0,0,0.0,0.0,90005.0,0.0,0.0,1621,1535,0,0,1535,1458,,86,0,0,86,77
2020-09-18,US,Arkansas,Union,836,31,0,33.16887091,-92.59746952,5139.0,2161.2119331989043,3.708133971291866,805,833,31,0,802,827,39126,3,0,0,3,6
2020-09-18,US,Arkansas,Van Buren,167,2,0,35.58095779,-92.51295036,5141.0,1009.3683892414624,1.1976047904191616,165,164,2,0,162,163,16603,3,0,0,3,1
2020-09-18,US,Arkansas,Washington,8697,106,0,35.976844,-94.21800746,5143.0,3636.067177563998,1.2188110842819364,8591,8618,105,0,8513,8512,236961,79,1,0,78,106
2020-09-18,US,Arkansas,White,692,19,0,35.25688493,-91.74908296,5145.0,878.6966845707465,2.7456647398843934,673,680,19,0,661,663,78727,12,0,0,12,17
2020-09-18,US,Arkansas,Woodruff,40,0,0,35.18902527,-91.2439489,5147.0,632.9113924050632,0.0,40,39,0,0,39,38,6490,1,0,0,1,1
2020-09-18,US,Arkansas,Yell,1222,29,0,35.00292371,-93.41171338,5149.0,5726.067194601938,2.3731587561374794,1193,1219,29,0,1190,1213,21535,3,0,0,3,6
2020-09-18,US,California,Alameda,20364,370,0,37.64629437,-121.8929271,6001.0,1218.4315595553,1.816931840502848,19994,20162,365,0,19797,20097,1666753,202,5,0,197,65
2020-09-18,US,California,Alpine,2,0,0,38.59678594,-119.82235940000001,6003.0,177.14791851195747,0.0,2,2,0,0,2,2,1101,0,0,0,0,0
2020-09-18,US,California,Amador,286,16,0,38.44583082,-120.65696000000001,6005.0,719.4606560676193,5.594405594405594,270,286,16,0,270,286,39383,0,0,0,0,0
2020-09-18,US,California,Butte,2720,33,0,39.66727762,-121.6005252,6007.0,1240.9551704944658,1.213235294117647,2687,2704,33,0,2671,2695,231256,16,0,0,16,9
2020-09-18,US,California,Calaveras,305,13,0,38.20537103,-120.55291299999999,6009.0,664.4156409977128,4.262295081967213,292,305,13,0,292,305,45602,0,0,0,0,0
2020-09-18,US,California,Colusa,502,6,0,39.17881957,-122.2331726,6011.0,2329.790690119274,1.195219123505976,496,499,6,0,493,499,21627,3,0,0,3,0
2020-09-18,US,California,Contra Costa,15640,198,0,37.91923498,-121.9289527,6013.0,1355.8428678677374,1.2659846547314575,15442,15544,197,0,15347,15489,1150215,96,1,0,95,55
2020-09-18,US,California,Del Norte,135,1,0,41.74228275,-123.89740630000001,6015.0,485.4019847547821,0.7407407407407407,134,135,1,0,134,135,27828,0,0,0,0,0
2020-09-18,US,California,El Dorado,1058,4,0,38.77965956,-120.5233166,6017.0,548.6328256664748,0.3780718336483932,1054,1054,4,0,1050,1051,190678,4,0,0,4,3
2020-09-18,US,California,Fresno,27487,355,0,36.75733899,-119.6466953,6019.0,2751.1733048010165,1.2915196274602538,27132,27381,348,0,27033,27312,994400,106,7,0,99,69
2020-09-18,US,California,Glenn,548,3,0,39.59875897,-122.3938452,6021.0,1930.0531821223544,0.5474452554744526,545,547,3,0,544,539,28047,1,0,0,1,8
2020-09-18,US,California,Humboldt,482,6,0,40.69923009,-123.876044,6023.0,355.5673586214019,1.2448132780082988,476,482,6,0,476,481,136373,0,0,0,0,1
2020-09-18,US,California,Imperial,11534,312,0,33.0393082,-115.36690420000001,6025.0,6364.8152746737305,2.705045951101092,11222,11457,310,0,11147,11435,181827,77,2,0,75,22
2020-09-18,US,California,Inyo,187,14,0,36.51112084,-117.41119779999998,6027.0,1036.6428294251343,7.4866310160427805,173,187,14,0,173,187,17987,0,0,0,0,0
2020-09-18,US,California,Kern,31148,340,0,35.34329425,-118.72777959999999,6029.0,3460.1122859091624,1.091562861178888,30808,31076,340,0,30736,30916,896764,72,0,0,72,160
2020-09-18,US,California,Kings,7158,77,0,36.07409056,-119.8159973,6031.0,4680.266771282856,1.0757194747136072,7081,7158,77,0,7081,7144,151366,0,0,0,0,14
2020-09-18,US,California,Lake,433,10,0,39.10124298,-122.75362439999999,6033.0,672.5064455005746,2.3094688221709005,423,433,10,0,423,418,64382,0,0,0,0,15
2020-09-18,US,California,Lassen,731,0,0,40.67311306,-120.59350990000002,6035.0,2390.9985935302398,0.0,731,730,0,0,730,729,30802,1,0,0,1,1
2020-09-18,US,California,Los Angeles,258516,6330,0,34.30828379,-118.22824109999999,6037.0,2575.089597112572,2.448591189713596,252186,257271,6324,0,250947,256148,10105518,1245,6,0,1239,1123
2020-09-18,US,California,Madera,4296,58,0,37.21513971,-119.76655890000002,6039.0,2730.6183935370277,1.3500931098696465,4238,4270,58,0,4212,4267,157672,26,0,0,26,3
2020-09-18,US,California,Marin,6522,112,0,38.07122463,-122.72106310000001,6041.0,2519.8395833494315,1.7172646427476237,6410,6505,111,0,6394,6477,259666,17,1,0,16,28
2020-09-18,US,California,Mariposa,75,2,0,37.57978556,-119.9073334,6043.0,435.97047026681395,2.6666666666666665,73,75,2,0,73,75,17471,0,0,0,0,0
2020-09-18,US,California,Mendocino,822,18,0,39.4381191,-123.39113130000001,6045.0,947.5613551741228,2.18978102189781,804,817,18,0,799,808,87606,5,0,0,5,9
2020-09-18,US,California,Merced,8719,133,0,37.18922369,-120.72090349999999,6047.0,3139.9452607317767,1.5254042894827389,8586,8692,131,0,8561,8645,274765,27,2,0,25,47
2020-09-18,US,California,Modoc,23,0,0,41.58965602,-120.7244817,6049.0,260.15156656486823,0.0,23,23,0,0,23,23,8777,0,0,0,0,0
2020-09-18,US,California,Mono,163,2,0,37.93899289,-118.8872409,6051.0,1128.4962614234285,1.2269938650306749,161,163,2,0,161,163,14250,0,0,0,0,0
2020-09-18,US,California,Monterey,9337,65,0,36.21862405,-121.24133970000001,6053.0,2151.080147721173,0.6961550819320981,9272,9197,65,0,9132,9089,435594,140,0,0,140,108
2020-09-18,US,California,Napa,1592,13,0,38.50735751,-122.33283899999999,6055.0,1155.7672203507955,0.8165829145728644,1579,1587,13,0,1574,1580,139417,5,0,0,5,7
2020-09-18,US,California,Nevada,503,5,0,39.30394768,-120.76272809999999,6057.0,504.23537667284853,0.9940357852882704,498,497,5,0,492,496,99696,6,0,0,6,1
2020-09-18,US,California,Orange,51646,1123,0,33.70147516,-117.76459979999998,6059.0,1626.291214639203,2.1744181543585177,50523,51399,1115,0,50284,51259,3185968,247,8,0,239,140
2020-09-18,US,California,Placer,3407,41,0,39.06167234,-120.72405690000001,6061.0,855.3231123016403,1.203404754916349,3366,3385,41,0,3344,3373,393149,22,0,0,22,12
2020-09-18,US,California,Plumas,49,0,0,40.00355989,-120.8395236,6063.0,260.5412878183655,0.0,49,49,0,0,49,49,18804,0,0,0,0,0
2020-09-18,US,California,Riverside,56681,1153,0,33.74314981,-115.9933578,6065.0,2294.270173475823,2.034191351599301,55528,56374,1143,0,55231,56201,2450758,307,10,0,297,173
2020-09-18,US,California,Sacramento,21171,375,0,38.45106826,-121.34253740000001,6067.0,1364.059848278866,1.7712909168201785,20796,20961,371,0,20590,20660,1540975,210,4,0,206,301
2020-09-18,US,California,San Benito,1272,11,0,36.60308176,-121.069975,6069.0,2025.219717233473,0.8647798742138365,1261,1260,10,0,1250,1254,61537,12,1,0,11,6
2020-09-18,US,California,San Bernardino,51750,858,0,34.84060306,-116.1774685,6071.0,2373.7606561212065,1.6579710144927535,50892,51467,839,0,50628,51252,2171603,283,19,0,264,215
2020-09-18,US,California,San Diego,44007,757,0,33.03484597,-116.73653259999999,6073.0,1318.2339672830428,1.7201808803144951,43250,43619,754,0,42865,43445,3343364,388,3,0,385,174
2020-09-18,US,California,San Francisco,10640,96,0,37.75215114,-122.43856720000001,6075.0,1206.966373962196,0.9022556390977444,10544,10569,91,0,10478,10490,883305,71,5,0,66,79
2020-09-18,US,California,San Joaquin,19793,414,0,37.93433732,-121.2730061,6077.0,2597.002157061358,2.0916485626231496,19379,19701,407,0,19294,19623,752660,92,7,0,85,78
2020-09-18,US,California,San Luis Obispo,3332,27,0,35.38822029,-120.4039028,6079.0,1176.9235388239952,0.8103241296518607,3305,3316,27,0,3289,3293,284010,16,0,0,16,23
2020-09-18,US,California,San Mateo,9332,142,0,37.422880799999994,-122.32755459999998,6081.0,1217.366121687041,1.521645949421346,9190,9332,142,0,9190,9264,769545,0,0,0,0,68
2020-09-18,US,California,Santa Barbara,8803,109,0,34.65329488,-120.0188492,6083.0,1971.5609665419186,1.238214245143701,8694,8785,109,0,8676,8741,446527,18,0,0,18,44
2020-09-18,US,California,Santa Clara,20129,295,0,37.23104908,-121.6970462,6085.0,1044.1154196483963,1.4655472204282378,19834,19891,295,0,19596,19760,1937570,238,0,0,238,131
2020-09-18,US,California,Santa Cruz,2175,8,0,37.05580291,-122.0066524,6087.0,796.0821776416202,0.36781609195402293,2167,2108,8,0,2100,2096,274255,67,0,0,67,12
2020-09-18,US,California,Shasta,668,14,0,40.76391419,-122.0396884,6089.0,370.9462461128388,2.0958083832335332,654,661,14,0,647,652,180040,7,0,0,7,9
2020-09-18,US,California,Sierra,6,0,0,39.57713498,-120.52007009999998,6091.0,199.6672212978369,0.0,6,6,0,0,6,6,2987,0,0,0,0,0
2020-09-18,US,California,Siskiyou,160,0,0,41.59198861,-122.54074340000001,6093.0,367.4866211901973,0.0,160,159,0,0,159,158,43724,1,0,0,1,1
2020-09-18,US,California,Solano,6085,55,0,38.26827353,-121.9357113,6095.0,1359.3421543506768,0.903861955628595,6030,6054,55,0,5999,6007,446610,31,0,0,31,47
2020-09-18,US,California,Sonoma,6987,114,0,38.52746429,-122.88625060000001,6097.0,1413.4111211807349,1.6316015457277802,6873,6827,114,0,6713,6777,499942,160,0,0,160,50
2020-09-18,US,California,Stanislaus,16229,329,0,37.55862499,-120.9970722,6099.0,2947.1906439545282,2.02723519625362,15900,16150,325,0,15825,16052,549815,79,4,0,75,98
2020-09-18,US,California,Sutter,1631,10,0,39.03417539,-121.6945899,6101.0,1681.946148848625,0.6131207847946045,1621,1621,10,0,1611,1608,96807,10,0,0,10,13
2020-09-18,US,California,Tehama,487,4,0,40.12570935,-122.23701709999999,6103.0,748.2637821891707,0.8213552361396304,483,485,3,0,482,484,63916,2,1,0,1,1
2020-09-18,US,California,Trinity,15,0,0,40.64917670000001,-123.114713,6105.0,122.10012210012206,0.0,15,15,0,0,15,15,12535,0,0,0,0,0
2020-09-18,US,California,Tulare,15517,256,0,36.22026558,-118.8020203,6107.0,3328.435525906541,1.649803441386866,15261,15486,255,0,15231,15361,465861,31,1,0,30,125
2020-09-18,US,California,Tuolumne,220,4,0,38.02644018,-119.95250929999999,6109.0,403.83273982157937,1.818181818181818,216,216,3,0,213,216,54539,4,1,0,3,0
2020-09-18,US,California,Ventura,12167,142,0,34.44465746,-119.09106129999999,6111.0,1438.1694692472631,1.167091312566779,12025,12073,141,0,11932,11932,850967,94,1,0,93,141
2020-09-18,US,California,Yolo,2732,53,0,38.68278902,-121.90182879999999,6113.0,1239.002267573696,1.939970717423133,2679,2721,53,0,2668,2710,220408,11,0,0,11,11
2020-09-18,US,California,Yuba,1112,7,0,39.26255932,-121.35356440000001,6115.0,1413.5353638073932,0.6294964028776978,1105,1108,7,0,1101,1092,78041,4,0,0,4,16
2020-09-18,US,Colorado,Adams,8335,218,0,39.87432092,-104.3362578,8001.0,1610.873930513064,2.615476904619076,8117,8264,216,0,8048,8225,511868,71,2,0,69,39
2020-09-18,US,Colorado,Alamosa,241,9,0,37.57250606,-105.7885451,8003.0,1484.6300745395185,3.734439834024896,232,241,9,0,232,241,16683,0,0,0,0,0
2020-09-18,US,Colorado,Arapahoe,8753,369,0,39.64977461,-104.3353617,8005.0,1333.0998035303614,4.2156974751513765,8384,8701,369,0,8332,8649,651215,52,0,0,52,52
2020-09-18,US,Colorado,Archuleta,48,0,0,37.19474156,-107.04768670000001,8007.0,342.14840687148046,0.0,48,48,0,0,48,48,13765,0,0,0,0,0
2020-09-18,US,Colorado,Baca,17,0,0,37.31940883,-102.5603223,8009.0,474.7277296844457,0.0,17,17,0,0,17,17,3585,0,0,0,0,0
2020-09-18,US,Colorado,Bent,11,0,0,37.95474293,-103.0720195,8011.0,197.23865877712032,0.0,11,11,0,0,11,11,5882,0,0,0,0,0
2020-09-18,US,Colorado,Boulder,3224,79,0,40.09313619,-105.3546767,8013.0,988.3628248047188,2.4503722084367245,3145,3086,79,0,3007,3020,326078,138,0,0,138,66
2020-09-18,US,Colorado,Broomfield,588,33,0,39.95998787,-105.0566324,8014.0,834.4568225360107,5.612244897959183,555,580,33,0,547,578,69267,8,0,0,8,2
2020-09-18,US,Colorado,Chaffee,320,19,0,38.74745778,-106.19265729999998,8015.0,1572.0180782078994,5.9375,301,319,19,0,300,319,20027,1,0,0,1,0
2020-09-18,US,Colorado,Cheyenne,12,0,0,38.82777431,-102.6032558,8017.0,655.3795740032767,0.0,12,12,0,0,12,11,1876,0,0,0,0,1
2020-09-18,US,Colorado,Clear Creek,36,1,0,39.68864463,-105.6463118,8019.0,371.1340206185567,2.7777777777777777,35,36,1,0,35,36,9605,0,0,0,0,0
2020-09-18,US,Colorado,Conejos,31,0,0,37.201606,-106.19174879999998,8021.0,377.8184034125533,0.0,31,31,0,0,31,31,8200,0,0,0,0,0
2020-09-18,US,Colorado,Costilla,32,1,0,37.27732493,-105.4276548,8023.0,823.2570105479805,3.125,31,32,1,0,31,32,3828,0,0,0,0,0
2020-09-18,US,Colorado,Crowley,73,1,0,38.32608609,-103.7844965,8025.0,1204.4217125886814,1.3698630136986298,72,73,1,0,72,73,5858,0,0,0,0,0
2020-09-18,US,Colorado,Custer,17,0,0,38.10883162,-105.3683478,8027.0,335.43804262036303,0.0,17,17,0,0,17,17,4954,0,0,0,0,0
2020-09-18,US,Colorado,Delta,179,3,0,38.86246243,-107.86313419999999,8029.0,574.4175598485334,1.675977653631285,176,178,3,0,175,177,30953,1,0,0,1,1
2020-09-18,US,Colorado,Denver,12235,431,0,39.76018276,-104.87256950000001,8031.0,1682.4552983934511,3.522680833673886,11804,12127,431,0,11696,12055,716492,108,0,0,108,72
2020-09-18,US,Colorado,Dolores,3,0,0,37.75208676,-108.5211585,8033.0,145.98540145985402,0.0,3,3,0,0,3,3,2074,0,0,0,0,0
2020-09-18,US,Colorado,Douglas,2320,60,0,39.33133796,-104.930001,8035.0,660.6787905021729,2.586206896551724,2260,2282,60,0,2222,2252,342776,38,0,0,38,30
2020-09-18,US,Colorado,Eagle,1227,9,0,39.62754308,-106.6933637,8037.0,2225.7695865909627,0.7334963325183375,1218,1224,9,0,1215,1221,54993,3,0,0,3,3
2020-09-18,US,Colorado,El Paso,6581,165,0,38.83240149,-104.5251411,8041.0,913.5164623134552,2.507217748062605,6416,6546,164,0,6382,6508,713856,35,1,0,34,38
2020-09-18,US,Colorado,Elbert,144,3,0,39.28656773,-104.13587209999999,8039.0,538.740693628643,2.083333333333333,141,145,3,0,142,144,26282,-1,0,0,-1,1
2020-09-18,US,Colorado,Fremont,167,1,0,38.47362326,-105.43996670000001,8043.0,349.0875645393925,0.5988023952095808,166,167,1,0,166,167,48021,0,0,0,0,0
2020-09-18,US,Colorado,Garfield,916,5,0,39.59921777,-107.902708,8045.0,1525.1161319325354,0.5458515283842795,911,912,5,0,907,906,59770,4,0,0,4,6
2020-09-18,US,Colorado,Gilpin,18,0,0,39.85646523,-105.5252597,8047.0,288.32292167227297,0.0,18,18,0,0,18,18,6121,0,0,0,0,0
2020-09-18,US,Colorado,Grand,71,1,0,40.10603347,-106.11780420000001,8049.0,451.25206559044113,1.4084507042253518,70,71,1,0,70,71,15525,0,0,0,0,0
2020-09-18,US,Colorado,Gunnison,296,7,0,38.66611652,-107.0320729,8051.0,1695.1093803688007,2.3648648648648654,289,296,7,0,289,296,17246,0,0,0,0,0
2020-09-18,US,Colorado,Hinsdale,3,0,0,37.82247444,-107.3004345,8053.0,365.8536585365854,0.0,3,3,0,0,3,3,811,0,0,0,0,0
2020-09-18,US,Colorado,Huerfano,13,1,0,37.68473101,-104.9612585,8055.0,188.48774829636073,7.6923076923076925,12,13,1,0,12,12,6889,0,0,0,0,1
2020-09-18,US,Colorado,Jackson,9,0,0,40.66593870000001,-106.3408905,8057.0,646.5517241379309,0.0,9,9,0,0,9,9,1399,0,0,0,0,0
2020-09-18,US,Colorado,Jefferson,5267,247,0,39.58635604,-105.2517692,8059.0,903.6149745831482,4.689576609075375,5020,5232,247,0,4985,5194,580233,35,0,0,35,38
2020-09-18,US,Colorado,Kit Carson,78,3,0,39.30497777,-102.60221990000001,8063.0,1099.0559391292095,3.8461538461538463,75,78,3,0,75,78,7163,0,0,0,0,0
2020-09-18,US,Colorado,La Plata,247,2,0,37.28632032,-107.8429014,8067.0,439.3376140588037,0.8097165991902834,245,248,2,0,246,248,56310,-1,0,0,-1,0
2020-09-18,US,Colorado,Lake,89,0,0,39.20278823,-106.35556969999999,8065.0,1095.1150486034207,0.0,89,88,0,0,88,87,7824,1,0,0,1,1
2020-09-18,US,Colorado,Larimer,2308,49,0,40.66671597,-105.4625784,8069.0,646.681554165184,2.1230502599653382,2259,2270,49,0,2221,2236,350518,38,0,0,38,34
2020-09-18,US,Colorado,Las Animas,21,0,0,37.3153406,-104.03764579999999,8071.0,144.76768233834275,0.0,21,21,0,0,21,21,14503,0,0,0,0,0
2020-09-18,US,Colorado,Lincoln,9,0,0,38.98749519,-103.51366490000001,8073.0,157.8670408700228,0.0,9,8,0,0,8,8,5610,1,0,0,1,0
2020-09-18,US,Colorado,Logan,815,5,0,40.7249637,-103.110817,8075.0,3636.9315899861663,0.6134969325153374,810,813,5,0,808,800,21528,2,0,0,2,13
2020-09-18,US,Colorado,Mesa,521,6,0,39.01787888,-108.469799,8077.0,337.8509824265612,1.151631477927063,515,504,6,0,498,503,153207,17,0,0,17,1
2020-09-18,US,Colorado,Mineral,20,0,0,37.66954283,-106.92816979999999,8079.0,2600.780234070221,0.0,20,20,0,0,20,20,776,0,0,0,0,0
2020-09-18,US,Colorado,Moffat,38,1,0,40.61810999,-108.2070876,8081.0,286.0799518181134,2.631578947368421,37,38,1,0,37,37,13188,0,0,0,0,1
2020-09-18,US,Colorado,Montezuma,129,5,0,37.33859579,-108.59588570000001,8083.0,492.6860940304778,3.875968992248062,124,128,5,0,123,128,26158,1,0,0,1,0
2020-09-18,US,Colorado,Montrose,365,13,0,38.40214114,-108.26390220000002,8085.0,853.6414238271201,3.5616438356164384,352,361,13,0,348,359,42214,4,0,0,4,2
2020-09-18,US,Colorado,Morgan,731,48,0,40.26279810000001,-103.8093302,8087.0,2514.792899408284,6.566347469220246,683,728,48,0,680,727,28558,3,0,0,3,1
2020-09-18,US,Colorado,Otero,87,6,0,37.9014485,-103.7173385,8089.0,475.9820549294232,6.896551724137932,81,86,6,0,80,86,18432,1,0,0,1,0
2020-09-18,US,Colorado,Ouray,25,1,0,38.14717457,-107.7675136,8091.0,504.8465266558966,4.0,24,25,1,0,24,25,4833,0,0,0,0,0
2020-09-18,US,Colorado,Park,49,1,0,39.120926000000004,-105.7182065,8093.0,260.01591934200053,2.0408163265306123,48,48,1,0,47,46,18556,1,0,0,1,2
2020-09-18,US,Colorado,Phillips,33,0,0,40.59414277,-102.3577703,8095.0,773.7397420867526,0.0,33,33,0,0,33,33,4286,0,0,0,0,0
2020-09-18,US,Colorado,Pitkin,217,2,0,39.21720112,-106.9310027,8097.0,1221.3654528057637,0.9216589861751152,215,215,2,0,213,213,17950,2,0,0,2,2
2020-09-18,US,Colorado,Prowers,92,0,0,37.95544985,-102.3926052,8099.0,755.8330594807753,0.0,92,92,0,0,92,92,12164,0,0,0,0,0
2020-09-18,US,Colorado,Pueblo,1014,34,0,38.17359144,-104.5127437,8101.0,602.0519640906283,3.3530571992110447,980,1003,34,0,969,1001,167529,11,0,0,11,2
2020-09-18,US,Colorado,Rio Blanco,24,0,0,39.97913541,-108.2179009,8103.0,379.5066413662239,0.0,24,24,0,0,24,24,6336,0,0,0,0,0
2020-09-18,US,Colorado,Rio Grande,95,2,0,37.5836865,-106.3847838,8105.0,843.1703204047217,2.1052631578947367,93,95,2,0,93,95,11250,0,0,0,0,0
2020-09-18,US,Colorado,Routt,141,8,0,40.48596505,-106.9905548,8107.0,549.9648958577112,5.673758865248227,133,140,8,0,132,139,25733,1,0,0,1,1
2020-09-18,US,Colorado,Saguache,111,2,0,38.08054629,-106.28246599999999,8109.0,1626.6119577960142,1.8018018018018016,109,111,2,0,109,111,6843,0,0,0,0,0
2020-09-18,US,Colorado,San Juan,6,0,0,37.76248981,-107.67632890000002,8111.0,824.1758241758242,0.0,6,6,0,0,6,6,762,0,0,0,0,0
2020-09-18,US,Colorado,San Miguel,95,0,0,38.00450883,-108.4020725,8113.0,1161.5111871866975,0.0,95,95,0,0,95,94,8191,0,0,0,0,1
2020-09-18,US,Colorado,Sedgwick,12,1,0,40.87595412,-102.3519227,8115.0,533.8078291814946,8.333333333333334,11,12,1,0,11,12,2303,0,0,0,0,0
2020-09-18,US,Colorado,Summit,408,4,0,39.63803232,-106.1150762,8117.0,1315.6621843861853,0.9803921568627452,404,403,4,0,399,391,31007,5,0,0,5,12
2020-09-18,US,Colorado,Teller,171,4,0,38.88133511,-105.16148929999999,8119.0,673.5465574287065,2.3391812865497075,167,170,4,0,166,169,25083,1,0,0,1,1
2020-09-18,US,Colorado,Washington,57,0,0,39.97015535,-103.202587,8121.0,1161.3691931540345,0.0,57,56,0,0,56,56,4909,1,0,0,1,0
2020-09-18,US,Colorado,Weld,4451,149,0,40.55499405,-104.39296209999999,8123.0,1371.6825068106455,3.347562345540328,4302,4428,149,0,4279,4401,314305,23,0,0,23,27
2020-09-18,US,Colorado,Yuma,84,0,0,40.00346839,-102.4258673,8125.0,838.4070266493663,0.0,84,84,0,0,84,76,10020,0,0,0,0,8
2020-09-18,US,Connecticut,Fairfield,19716,1420,0,41.26809896,-73.3881171,9001.0,2090.03828980677,7.202272266179753,18296,19678,1419,0,18259,19611,943823,38,1,0,37,67
2020-09-18,US,Connecticut,Hartford,14253,1434,0,41.80283011,-72.73103891,9003.0,1598.3716861795185,10.061039781098716,12819,14205,1434,0,12771,14130,892697,48,0,0,48,75
2020-09-18,US,Connecticut,Litchfield,1822,140,0,41.7937534,-73.2451475,9005.0,1010.3530690444901,7.683863885839736,1682,1815,140,0,1675,1804,181111,7,0,0,7,11
2020-09-18,US,Connecticut,Middlesex,1542,193,0,41.45949668,-72.53714864,9007.0,949.2969538772194,12.51621271076524,1349,1537,193,0,1344,1531,162682,5,0,0,5,6
2020-09-18,US,Connecticut,New Haven,14164,1111,0,41.408032500000004,-72.93620426,9009.0,1657.0791464708686,7.843829426715617,13053,14145,1111,0,13034,14102,857620,19,0,0,19,43
2020-09-18,US,Connecticut,New London,1717,114,0,41.48896435,-72.10430976,9011.0,647.421249896307,6.63948747815958,1603,1705,111,0,1594,1689,266784,12,3,0,9,16
2020-09-18,US,Connecticut,Tolland,1293,65,0,41.85853803,-72.3308481,9013.0,857.8764737495106,5.02706883217324,1228,1289,65,0,1224,1283,150921,4,0,0,4,6
2020-09-18,US,Connecticut,Unassigned,121,0,0,0.0,0.0,90009.0,0.0,0.0,121,122,0,0,122,132,,-1,0,0,-1,-10
2020-09-18,US,Connecticut,Windham,899,15,0,41.82972709,-71.98182316,9015.0,769.8104159887654,1.6685205784204669,884,890,15,0,875,884,117027,9,0,0,9,6
2020-09-18,US,Delaware,Kent,2839,113,0,39.08646628,-75.56884914,10001.0,1570.3649618886413,3.98027474462839,2726,2836,113,0,2723,2827,178550,3,0,0,3,9
2020-09-18,US,Delaware,New Castle,9480,307,0,39.57992638,-75.64054974,10003.0,1696.635185851351,3.238396624472574,9173,9418,306,0,9112,9351,559335,62,1,0,61,67
2020-09-18,US,Delaware,Sussex,6570,200,0,38.66143781,-75.39031349,10005.0,2804.995196926033,3.0441400304413997,6370,6585,200,0,6385,6578,229286,-15,0,0,-15,7
2020-09-18,US,Delaware,Unassigned,477,0,0,0.0,0.0,90010.0,0.0,0.0,477,479,0,0,479,478,,-2,0,0,-2,1
2020-09-18,US,District of Columbia,District of Columbia,14852,619,0,38.90417773,-77.01655992,11001.0,2104.430895403323,4.1677888499865325,14233,14790,619,0,14171,14743,702455,62,0,0,62,47
2020-09-18,US,Florida,Alachua,7199,46,0,29.67866525,-82.35928158,12001.0,2675.7804514519985,0.6389776357827476,7153,6994,44,0,6950,6814,269956,205,2,0,203,180
2020-09-18,US,Florida,Baker,1388,11,0,30.33060121,-82.28467476,12003.0,4751.797329681616,0.7925072046109509,1377,1373,11,0,1362,1353,28355,15,0,0,15,20
2020-09-18,US,Florida,Bay,5767,94,0,30.26548745,-85.62122584,12005.0,3300.993102658768,1.629963585919889,5673,5754,94,0,5660,5732,185287,13,0,0,13,22
2020-09-18,US,Florida,Bradford,1000,7,0,29.95079741,-82.16611613,12007.0,3545.973547037339,0.7,993,984,7,0,977,963,27732,16,0,0,16,21
2020-09-18,US,Florida,Brevard,8264,274,0,28.29409504,-80.73091022,12009.0,1372.8897468526868,3.3155856727976767,7990,8193,270,0,7923,8097,596849,71,4,0,67,96
2020-09-18,US,Florida,Broward,75266,1317,0,26.15184651,-80.48725556,12011.0,3854.3039710607145,1.7497940637206706,73949,75048,1311,0,73737,74832,1951260,218,6,0,212,216
2020-09-18,US,Florida,Calhoun,605,10,0,30.40666734,-85.19394153,12013.0,4289.259127968806,1.6528925619834711,595,605,9,0,596,602,14587,0,1,0,-1,3
2020-09-18,US,Florida,Charlotte,2922,131,0,26.90131002,-81.92949121,12015.0,1546.7683023662064,4.483230663928817,2791,2901,131,0,2770,2895,184998,21,0,0,21,6
2020-09-18,US,Florida,Citrus,2586,81,0,28.84804315,-82.47614748,12017.0,1727.9512485216196,3.132250580046404,2505,2541,80,0,2461,2508,147929,45,1,0,44,33
2020-09-18,US,Florida,Clay,4723,91,0,29.98319144,-81.85609986,12019.0,2154.142265520953,1.9267414778742324,4632,4672,91,0,4581,4629,216072,51,0,0,51,43
2020-09-18,US,Florida,Collier,12368,201,0,26.11091986,-81.34687065,12021.0,3213.28545967545,1.6251617076326,12167,12324,196,0,12128,12272,378488,44,5,0,39,52
2020-09-18,US,Florida,Columbia,3604,50,0,30.22509788,-82.62160164,12023.0,5027.480958625115,1.3873473917869037,3554,3592,50,0,3542,3577,70503,12,0,0,12,15
2020-09-18,US,Florida,DeSoto,1543,23,0,27.18677893,-81.80941373,12027.0,4060.41946264572,1.4906027219701878,1520,1540,23,0,1517,1540,37489,3,0,0,3,0
2020-09-18,US,Florida,Dixie,815,6,0,29.60631086,-83.15724673,12029.0,4843.6942826577915,0.7361963190184049,809,814,5,0,809,804,16700,1,1,0,0,10
2020-09-18,US,Florida,Duval,29056,350,0,30.33225875,-81.66976468,12031.0,3033.761243741876,1.2045704845814975,28706,28876,345,0,28531,28756,950181,180,5,0,175,120
2020-09-18,US,Florida,Escambia,11996,217,0,30.67652764,-87.37284571,12033.0,3768.582163636135,1.8089363121040347,11779,11991,215,0,11776,11973,315534,5,2,0,3,18
2020-09-18,US,Florida,Flagler,1631,23,0,29.45933576,-81.31508595,12035.0,1417.2626237172076,1.4101778050275904,1608,1614,22,0,1592,1597,112067,17,1,0,16,17
2020-09-18,US,Florida,Franklin,589,3,0,29.83791238,-84.82731662,12037.0,4857.731958762885,0.5093378607809848,586,588,3,0,585,584,11736,1,0,0,1,4
2020-09-18,US,Florida,Gadsden,2680,44,0,30.57796289,-84.61915825,12039.0,5869.469995619798,1.6417910447761197,2636,2656,44,0,2612,2632,45894,24,0,0,24,24
2020-09-18,US,Florida,Gilchrist,498,12,0,29.72856978,-82.79880657,12041.0,2680.0129157248957,2.409638554216868,486,493,12,0,481,491,18256,5,0,0,5,2
2020-09-18,US,Florida,Glades,491,4,0,26.95635849,-81.18996211,12043.0,3555.137209470712,0.8146639511201629,487,487,4,0,483,482,13724,4,0,0,4,5
2020-09-18,US,Florida,Gulf,865,14,0,29.93543004,-85.24270990000002,12045.0,6342.107192609429,1.6184971098265897,851,864,13,0,851,863,16164,1,1,0,0,1
2020-09-18,US,Florida,Hamilton,824,8,0,30.49673973,-82.94998918,12047.0,5711.117271971169,0.9708737864077671,816,807,8,0,799,794,14310,17,0,0,17,13
2020-09-18,US,Florida,Hardee,1268,10,0,27.49293939,-81.80956574,12049.0,4707.279949511823,0.7886435331230284,1258,1259,10,0,1249,1252,27245,9,0,0,9,7
2020-09-18,US,Florida,Hendry,2037,42,0,26.55386945,-81.16469006,12051.0,4847.460853838466,2.061855670103093,1995,2034,42,0,1992,2028,41556,3,0,0,3,6
2020-09-18,US,Florida,Hernando,2974,112,0,28.55364461,-82.42700204,12053.0,1533.622112211221,3.765971755211836,2862,2941,110,0,2831,2925,190865,33,2,0,31,16
2020-09-18,US,Florida,Highlands,2046,81,0,27.34254618,-81.34071957,12055.0,1926.1727906911065,3.958944281524927,1965,2037,81,0,1956,2024,105424,9,0,0,9,13
2020-09-18,US,Florida,Hillsborough,40349,604,0,27.9276559,-82.32013172,12057.0,2741.1601339159547,1.4969392054326005,39745,40126,601,0,39525,39888,1436888,223,3,0,220,238
2020-09-18,US,Florida,Holmes,720,5,0,30.86747479,-85.81319222,12059.0,3670.2859764489976,0.6944444444444444,715,717,5,0,712,711,19477,3,0,0,3,6
2020-09-18,US,Florida,Indian River,3049,109,0,27.69308961,-80.60556721,12061.0,1906.5425235894766,3.5749426041325023,2940,3026,109,0,2917,3011,157413,23,0,0,23,15
2020-09-18,US,Florida,Jackson,2683,76,0,30.795459700000002,-85.21500423,12063.0,5780.583444650321,2.8326500186358547,2607,2673,75,0,2598,2644,48305,10,1,0,9,29
2020-09-18,US,Florida,Jefferson,542,8,0,30.43669112,-83.89442308,12065.0,3804.5767232907483,1.4760147601476017,534,540,8,0,532,536,14288,2,0,0,2,4
2020-09-18,US,Florida,Lafayette,1228,12,0,29.98484137,-83.18166636,12067.0,14580.859653289004,0.977198697068404,1216,1227,12,0,1215,1227,8732,1,0,0,1,0
2020-09-18,US,Florida,Lake,7220,169,0,28.76202069,-81.7125123,12069.0,1966.6701169651176,2.3407202216066483,7051,7173,163,0,7010,7137,356495,47,6,0,41,36
2020-09-18,US,Florida,Lee,19807,459,0,26.58410348,-81.88399313,12071.0,2570.4115227939583,2.3173625485939318,19348,19733,457,0,19276,19617,754610,74,2,0,72,116
2020-09-18,US,Florida,Leon,9730,53,0,30.45955727,-84.27491114,12073.0,3314.235886396305,0.5447070914696814,9677,9566,52,0,9514,9395,292502,164,1,0,163,171
2020-09-18,US,Florida,Levy,992,9,0,29.31829741,-82.74007147,12075.0,2390.188661060646,0.907258064516129,983,989,8,0,981,972,40770,3,1,0,2,17
2020-09-18,US,Florida,Liberty,487,7,0,30.23766008,-84.8829258,12077.0,5829.542734019631,1.4373716632443532,480,485,7,0,478,483,8457,2,0,0,2,2
2020-09-18,US,Florida,Madison,1000,18,0,30.44396917,-83.47398594,12079.0,5407.451468123074,1.8,982,995,18,0,977,993,18529,5,0,0,5,2
2020-09-18,US,Florida,Manatee,11087,277,0,27.47196942,-82.31831044,12081.0,2749.39058109921,2.4984215748173537,10810,11041,277,0,10764,10985,394855,46,0,0,46,56
2020-09-18,US,Florida,Marion,9329,259,0,29.21227113,-82.05803627,12083.0,2551.842419832649,2.7762889913173967,9070,9274,258,0,9016,9235,359977,55,1,0,54,39
2020-09-18,US,Florida,Martin,4666,132,0,27.0772071,-80.43109784,12085.0,2898.136645962733,2.828975567938277,4534,4645,132,0,4513,4613,160912,21,0,0,21,32
2020-09-18,US,Florida,Miami-Dade,165980,3027,0,25.6112362,-80.55170587,12086.0,6109.078595773186,1.8237137004458368,162953,165595,2977,0,162618,165147,2761581,385,50,0,335,448
2020-09-18,US,Florida,Monroe,1801,22,0,25.20904673,-81.07812416,12087.0,2426.3081317023225,1.2215435868961688,1779,1799,22,0,1777,1791,75027,2,0,0,2,8
2020-09-18,US,Florida,Nassau,1999,37,0,30.61037141,-81.80297522,12089.0,2255.5712270803947,1.8509254627313656,1962,1989,35,0,1954,1978,85832,10,2,0,8,11
2020-09-18,US,Florida,Okaloosa,4719,100,0,30.69143028,-86.59267105,12091.0,2239.273410585656,2.1190930281839373,4619,4706,99,0,4607,4695,207269,13,1,0,12,11
2020-09-18,US,Florida,Okeechobee,1409,22,0,27.386336199999995,-80.88944347,12093.0,3341.396319483969,1.5613910574875798,1387,1376,22,0,1354,1357,41537,33,0,0,33,19
2020-09-18,US,Florida,Orange,38623,431,0,28.51367621,-81.31799498,12095.0,2771.749583049865,1.1159153872045156,38192,38422,426,0,37996,38242,1380645,201,5,0,196,180
2020-09-18,US,Florida,Osceola,11975,137,0,28.06312234,-81.14882926,12097.0,3186.9509329316493,1.1440501043841336,11838,11919,137,0,11782,11883,367990,56,0,0,56,36
2020-09-18,US,Florida,Palm Beach,44906,1272,0,26.64676272,-80.46536002,12099.0,3000.1937505428364,2.8325836191154856,43634,44683,1254,0,43429,44459,1485941,223,18,0,205,224
2020-09-18,US,Florida,Pasco,8729,198,0,28.30810945,-82.40227529,12101.0,1575.7825207104654,2.2683010654141365,8531,8680,197,0,8483,8640,539630,49,1,0,48,40
2020-09-18,US,Florida,Pinellas,21359,720,0,27.93130349,-82.72239666,12103.0,2190.675654053965,3.3709443325998407,20639,21254,715,0,20539,21152,975280,105,5,0,100,102
2020-09-18,US,Florida,Polk,18915,505,0,27.95027105,-81.69732947,12105.0,2609.7682459570324,2.669838752312979,18410,18783,503,0,18280,18674,708009,132,2,0,130,109
2020-09-18,US,Florida,Putnam,2023,38,0,29.60779729,-81.74230285,12107.0,2714.6710323264583,1.8783984181908056,1985,2017,38,0,1979,1990,74163,6,0,0,6,27
2020-09-18,US,Florida,Santa Rosa,5190,69,0,30.69341450000001,-87.02458128,12113.0,2815.8621475424957,1.329479768786127,5121,5192,69,0,5123,5176,179349,-2,0,0,-2,16
2020-09-18,US,Florida,Sarasota,7795,246,0,27.18546175,-82.33174248,12115.0,1797.1513019260294,3.155869146889032,7549,7752,245,0,7507,7709,426718,43,1,0,42,43
2020-09-18,US,Florida,Seminole,8742,199,0,28.7158582,-81.24060348,12117.0,1852.8016684116608,2.2763669640814457,8543,8694,197,0,8497,8635,467832,48,2,0,46,59
2020-09-18,US,Florida,St. Johns,5037,65,0,29.90096506,-81.43589967,12109.0,1903.1102647805585,1.2904506650784198,4972,4991,65,0,4926,4952,254261,46,0,0,46,39
2020-09-18,US,Florida,St. Lucie,7742,259,0,27.37763908,-80.47106649,12111.0,2358.2305046954434,3.3453887884267632,7483,7704,259,0,7445,7661,321128,38,0,0,38,43
2020-09-18,US,Florida,Sumter,2140,65,0,28.70181754,-82.0794267,12119.0,1616.070080048331,3.037383177570093,2075,2137,64,0,2073,2129,128754,3,1,0,2,8
2020-09-18,US,Florida,Suwannee,2577,65,0,30.19746066,-82.99099670000003,12121.0,5801.832631650044,2.522312766783081,2512,2563,65,0,2498,2553,44191,14,0,0,14,10
2020-09-18,US,Florida,Taylor,1280,12,0,30.04848048,-83.60445406,12123.0,5934.442950530854,0.9375,1268,1270,11,0,1259,1266,21623,10,1,0,9,4
2020-09-18,US,Florida,Unassigned,1575,0,0,0.0,0.0,90012.0,0.0,0.0,1575,1569,0,0,1569,1566,,6,0,0,6,3
2020-09-18,US,Florida,Union,858,12,0,30.04412971,-82.37497443,12125.0,5631.029730261863,1.3986013986013983,846,839,10,0,829,824,14940,19,2,0,17,15
2020-09-18,US,Florida,Volusia,10413,216,0,29.05858895,-81.18263252,12127.0,1882.0352657947813,2.0743301642178045,10197,10364,214,0,10150,10307,547538,49,2,0,47,57
2020-09-18,US,Florida,Wakulla,1065,9,0,30.16548905,-84.39895211,12129.0,3156.584368238537,0.8450704225352113,1056,1057,9,0,1048,1045,32461,8,0,0,8,12
2020-09-18,US,Florida,Walton,1861,22,0,30.64204028,-86.16935664,12131.0,2512.4542668520744,1.1821601289629229,1839,1858,22,0,1836,1853,71375,3,0,0,3,5
2020-09-18,US,Florida,Washington,1053,18,0,30.61359259,-85.66002461,12133.0,4133.788717465552,1.709401709401709,1035,1051,18,0,1033,1051,24880,2,0,0,2,0
2020-09-18,US,Georgia,Appling,991,26,0,31.74847232,-82.28909114,13001.0,5389.970629827042,2.623612512613522,965,975,26,0,949,967,18507,16,0,0,16,8
2020-09-18,US,Georgia,Atkinson,434,3,0,31.29633502,-82.87545866,13003.0,5315.370483772198,0.6912442396313364,431,434,3,0,431,434,8297,0,0,0,0,0
2020-09-18,US,Georgia,Bacon,585,10,0,31.55456473,-82.45936528,13005.0,5240.057327122895,1.709401709401709,575,581,10,0,571,574,11185,4,0,0,4,7
2020-09-18,US,Georgia,Baker,75,3,0,31.32669878,-84.44218806,13007.0,2468.729427254773,4.0,72,74,3,0,71,74,3092,1,0,0,1,0
2020-09-18,US,Georgia,Baldwin,2020,55,0,33.06882326,-83.24701748,13009.0,4499.8886166184,2.722772277227723,1965,1968,55,0,1913,1960,44823,52,0,0,52,8
2020-09-18,US,Georgia,Banks,460,7,0,34.35607081,-83.49644388,13011.0,2391.598211500468,1.5217391304347827,453,451,7,0,444,447,18988,9,0,0,9,4
2020-09-18,US,Georgia,Barrow,2054,44,0,33.99148694,-83.71436292,13013.0,2467.563671311869,2.142161635832522,2010,2036,44,0,1992,2023,80809,18,0,0,18,13
2020-09-18,US,Georgia,Bartow,2779,81,0,34.23732119,-84.83887523,13015.0,2579.405595054669,2.914717524289313,2698,2762,81,0,2681,2741,106408,17,0,0,17,21
2020-09-18,US,Georgia,Ben Hill,729,20,0,31.76095874,-83.22145359,13017.0,4365.269461077844,2.7434842249657065,709,727,18,0,709,721,16787,2,2,0,0,6
2020-09-18,US,Georgia,Berrien,430,11,0,31.27590016,-83.22529920000002,13019.0,2216.837655307522,2.5581395348837206,419,426,11,0,415,424,19252,4,0,0,4,2
2020-09-18,US,Georgia,Bibb,5919,156,0,32.80904227,-83.70489165,13021.0,3864.6112863103053,2.6355803345159656,5763,5880,154,0,5726,5853,153095,39,2,0,37,27
2020-09-18,US,Georgia,Bleckley,421,19,0,32.43829035,-83.33035166,13023.0,3270.4109376213787,4.513064133016627,402,420,19,0,401,419,12838,1,0,0,1,1
2020-09-18,US,Georgia,Brantley,334,9,0,31.19576557,-81.97743999,13025.0,1747.8674969909464,2.6946107784431144,325,331,8,0,323,332,18897,3,1,0,2,-1
2020-09-18,US,Georgia,Brooks,510,27,0,30.83922642,-83.58303423,13027.0,3299.475965581937,5.294117647058823,483,511,27,0,484,502,15513,-1,0,0,-1,9
2020-09-18,US,Georgia,Bryan,1046,11,0,32.00979311,-81.44002948,13029.0,2639.6144043202867,1.051625239005736,1035,1042,11,0,1031,1015,38109,4,0,0,4,27
2020-09-18,US,Georgia,Bulloch,2741,25,0,32.39577406,-81.74811421,13031.0,3443.121294342277,0.912075884713608,2716,2710,24,0,2686,2699,77296,31,1,0,30,11
2020-09-18,US,Georgia,Burke,756,9,0,33.05917989,-81.99928721,13033.0,3377.563329312425,1.1904761904761905,747,750,9,0,741,742,22423,6,0,0,6,8
2020-09-18,US,Georgia,Butts,623,41,0,33.283094500000004,-83.95435040000002,13035.0,2498.395893487328,6.5810593900481535,582,614,41,0,573,614,24193,9,0,0,9,0
2020-09-18,US,Georgia,Calhoun,232,7,0,31.53169785,-84.62725131,13037.0,3748.586201324931,3.0172413793103448,225,231,7,0,224,230,6352,1,0,0,1,1
2020-09-18,US,Georgia,Camden,1208,7,0,30.92951916,-81.66601818,13039.0,2209.783046134709,0.5794701986754967,1201,1203,7,0,1196,1188,53677,5,0,0,5,15
2020-09-18,US,Georgia,Candler,406,17,0,32.40209349,-82.07702563,13043.0,3758.2153105618813,4.1871921182266005,389,406,17,0,389,406,10836,0,0,0,0,0
2020-09-18,US,Georgia,Carroll,2606,63,0,33.58138199,-85.07976677,13045.0,2171.8114540969395,2.417498081350729,2543,2578,63,0,2515,2551,118121,28,0,0,28,27
2020-09-18,US,Georgia,Catoosa,1079,16,0,34.89872298,-85.13757014,13047.0,1596.6262207753773,1.4828544949026876,1063,1061,16,0,1045,1054,67420,18,0,0,18,7
2020-09-18,US,Georgia,Charlton,608,6,0,30.78371028,-82.13951596,13049.0,4540.023894862605,0.986842105263158,602,605,6,0,599,603,12968,3,0,0,3,2
2020-09-18,US,Georgia,Chatham,8010,145,0,32.00043026,-81.12489526,13051.0,2767.5085512904675,1.8102372034956304,7865,7984,141,0,7843,7922,289195,26,4,0,22,62
2020-09-18,US,Georgia,Chattahoochee,1613,1,0,32.34341231,-84.78809239,13053.0,14788.667828000369,0.061996280223186616,1612,1612,1,0,1611,1596,10684,1,0,0,1,16
2020-09-18,US,Georgia,Chattooga,709,12,0,34.47197698,-85.34535662,13055.0,2860.139578038646,1.6925246826516216,697,694,11,0,683,686,24790,15,1,0,14,8
2020-09-18,US,Georgia,Cherokee,5712,90,0,34.24393976,-84.47431861,13057.0,2207.340023881935,1.5756302521008403,5622,5675,89,0,5586,5632,254149,37,1,0,36,43
2020-09-18,US,Georgia,Clarke,4821,41,0,33.95436462,-83.37124007,13059.0,3756.6916801084694,0.8504459655673097,4780,4775,38,0,4737,4719,127330,46,3,0,43,56
2020-09-18,US,Georgia,Clay,120,2,0,31.62221166,-84.97713865,13061.0,4234.297812279464,1.6666666666666667,118,119,2,0,117,119,2887,1,0,0,1,0
2020-09-18,US,Georgia,Clayton,7024,156,0,33.54187245,-84.35594188,13063.0,2403.372385853498,2.220956719817768,6868,7010,155,0,6855,6960,289615,14,1,0,13,50
2020-09-18,US,Georgia,Clinch,355,6,0,30.91395822,-82.70432472,13065.0,5364.158355998791,1.6901408450704225,349,349,6,0,343,344,6648,6,0,0,6,5
2020-09-18,US,Georgia,Cobb,18941,419,0,33.94243204,-84.5761255,13067.0,2491.7745523527874,2.2121324111715333,18522,18839,416,0,18423,18719,756865,102,3,0,99,120
2020-09-18,US,Georgia,Coffee,1963,42,0,31.54892966,-82.85492059999999,13069.0,4536.315947588566,2.139582272032603,1921,1940,42,0,1898,1932,43093,23,0,0,23,8
2020-09-18,US,Georgia,Colquitt,1898,33,0,31.18810588,-83.7677946,13071.0,4162.2807017543855,1.7386722866174922,1865,1893,33,0,1860,1887,45592,5,0,0,5,6
2020-09-18,US,Georgia,Columbia,3598,56,0,33.54534185,-82.263524,13073.0,2295.9020891560417,1.5564202334630348,3542,3573,56,0,3517,3531,154291,25,0,0,25,42
2020-09-18,US,Georgia,Cook,538,12,0,31.16068491,-83.42947229,13075.0,3115.228720324261,2.2304832713754648,526,536,12,0,524,534,17162,2,0,0,2,2
2020-09-18,US,Georgia,Coweta,2483,40,0,33.35334302,-84.76129976,13077.0,1671.9525415968055,1.6109544905356423,2443,2465,40,0,2425,2446,145864,18,0,0,18,19
2020-09-18,US,Georgia,Crawford,165,4,0,32.71391813,-83.98061238,13079.0,1330.2160593356982,2.4242424242424243,161,164,4,0,160,164,12318,1,0,0,1,0
2020-09-18,US,Georgia,Crisp,529,17,0,31.92289565,-83.76811843,13081.0,2364.562846415162,3.2136105860113418,512,528,17,0,511,524,22601,1,0,0,1,4
2020-09-18,US,Georgia,Dade,266,4,0,34.854916700000004,-85.50490424,13083.0,1650.5336311739886,1.5037593984962403,262,260,4,0,256,257,16226,6,0,0,6,3
2020-09-18,US,Georgia,Dawson,776,6,0,34.44244079,-84.16964071,13085.0,2972.2690363107095,0.7731958762886598,770,772,6,0,766,769,25083,4,0,0,4,3
2020-09-18,US,Georgia,DeKalb,17907,346,0,33.76944049,-84.22396017,13089.0,2358.3656987977038,1.9322052828502818,17561,17849,345,0,17504,17777,756558,58,1,0,57,72
2020-09-18,US,Georgia,Decatur,1087,26,0,30.87967778,-84.57619536,13087.0,4116.800484775034,2.3919043238270468,1061,1082,25,0,1057,1080,26575,5,1,0,4,2
2020-09-18,US,Georgia,Dodge,389,11,0,32.17265114,-83.16948926,13091.0,1887.8912885222035,2.8277634961439593,378,378,10,0,368,373,20705,11,1,0,10,5
2020-09-18,US,Georgia,Dooly,320,14,0,32.15630737,-83.79746561,13093.0,2389.843166542196,4.375,306,316,14,0,302,312,13706,4,0,0,4,4
2020-09-18,US,Georgia,Dougherty,3100,182,0,31.53328528,-84.21722377,13095.0,3524.489517486016,5.870967741935483,2918,3097,182,0,2915,3090,91243,3,0,0,3,7
2020-09-18,US,Georgia,Douglas,3423,70,0,33.70291126,-84.77026156,13097.0,2339.025440232877,2.044989775051125,3353,3410,69,0,3341,3389,145331,13,1,0,12,21
2020-09-18,US,Georgia,Early,459,32,0,31.32155345,-84.90255207,13099.0,4504.416094210011,6.9716775599128535,427,456,32,0,424,456,10247,3,0,0,3,0
2020-09-18,US,Georgia,Echols,238,2,0,30.71101099,-82.89687287,13101.0,5941.088367448827,0.8403361344537815,236,238,2,0,236,238,4000,0,0,0,0,0
2020-09-18,US,Georgia,Effingham,1338,22,0,32.36616021,-81.34280942,13103.0,2081.0003732736095,1.6442451420029895,1316,1333,21,0,1312,1322,62190,5,1,0,4,11
2020-09-18,US,Georgia,Elbert,591,3,0,34.11302332,-82.83936148,13105.0,3079.0872147546106,0.5076142131979695,588,583,2,0,581,572,19120,8,1,0,7,11
2020-09-18,US,Georgia,Emanuel,970,28,0,32.59221302,-82.30239915,13107.0,4283.31714210015,2.88659793814433,942,967,28,0,939,949,22612,3,0,0,3,18
2020-09-18,US,Georgia,Evans,409,6,0,32.15328841,-81.8870105,13109.0,3838.9337338088976,1.4669926650366751,403,409,6,0,403,407,10721,0,0,0,0,2
2020-09-18,US,Georgia,Fannin,579,10,0,34.86430205,-84.316964,13111.0,2210.9363067053614,1.7271157167530224,569,570,9,0,561,560,25964,9,1,0,8,10
2020-09-18,US,Georgia,Fayette,1725,48,0,33.41357794,-84.49089434,13113.0,1507.5903898759846,2.782608695652174,1677,1715,48,0,1667,1701,113459,10,0,0,10,14
2020-09-18,US,Georgia,Floyd,2902,39,0,34.26268279,-85.21577392,13115.0,2946.252715791184,1.3439007580978637,2863,2841,39,0,2802,2805,97927,61,0,0,61,36
2020-09-18,US,Georgia,Forsyth,3665,42,0,34.22604035,-84.12315129999998,13117.0,1500.4994841393313,1.145975443383356,3623,3629,41,0,3588,3611,236612,36,1,0,35,18
2020-09-18,US,Georgia,Franklin,698,11,0,34.37525597,-83.23159927,13119.0,2989.421388496296,1.5759312320916905,687,691,11,0,680,683,23023,7,0,0,7,8
2020-09-18,US,Georgia,Fulton,26778,563,0,33.79216944,-84.46319413,13121.0,2516.8783489999882,2.102472178654119,26215,26620,560,0,26060,26517,1050114,158,3,0,155,103
2020-09-18,US,Georgia,Gilmer,792,11,0,34.69316688,-84.45802506,13123.0,2524.785616372852,1.3888888888888888,781,790,11,0,779,789,30816,2,0,0,2,1
2020-09-18,US,Georgia,Glascock,37,2,0,33.22879932,-82.61297636,13125.0,1245.3719286435546,5.405405405405406,35,37,2,0,35,37,2995,0,0,0,0,0
2020-09-18,US,Georgia,Glynn,3400,92,0,31.23279254,-81.53811412,13127.0,3986.3058669042816,2.7058823529411766,3308,3392,91,0,3301,3366,85219,8,1,0,7,26
2020-09-18,US,Georgia,Gordon,1751,35,0,34.50487351,-84.87296253,13129.0,3020.89263840726,1.9988577955454023,1716,1729,35,0,1694,1720,57685,22,0,0,22,9
2020-09-18,US,Georgia,Grady,738,21,0,30.87454847,-84.23418364,13131.0,2995.9810010960905,2.845528455284553,717,736,21,0,715,731,24748,2,0,0,2,5
2020-09-18,US,Georgia,Greene,490,23,0,33.5769205,-83.17139104,13133.0,2674.08862693735,4.6938775510204085,467,488,21,0,467,487,17698,2,2,0,0,1
2020-09-18,US,Georgia,Gwinnett,26403,388,0,33.96044201,-84.02137802,13135.0,2820.0801068090777,1.4695299776540545,26015,26280,386,0,25894,26133,927781,123,2,0,121,147
2020-09-18,US,Georgia,Habersham,1531,65,0,34.63331566,-83.53094677,13137.0,3377.6032474408753,4.245591116917048,1466,1504,65,0,1439,1483,45388,27,0,0,27,21
2020-09-18,US,Georgia,Hall,8634,143,0,34.32207823,-83.81896936,13139.0,4223.223326045168,1.6562427611767432,8491,8587,140,0,8447,8533,202148,47,3,0,44,54
2020-09-18,US,Georgia,Hancock,386,41,0,33.2721566,-82.99766919,13141.0,4564.266288281897,10.621761658031089,345,383,41,0,342,383,8348,3,0,0,3,0
2020-09-18,US,Georgia,Haralson,425,8,0,33.79602175,-85.21005667,13143.0,1426.5574650912995,1.8823529411764703,417,418,8,0,410,412,29533,7,0,0,7,6
2020-09-18,US,Georgia,Harris,771,21,0,32.73709786,-84.90538572,13145.0,2188.103076399137,2.723735408560312,750,769,21,0,748,766,34475,2,0,0,2,3
2020-09-18,US,Georgia,Hart,482,12,0,34.34626973,-82.96567682,13147.0,1839.3436367105514,2.489626556016597,470,476,12,0,464,470,26099,6,0,0,6,6
2020-09-18,US,Georgia,Heard,188,5,0,33.29686567,-85.12886832,13149.0,1576.7843663507504,2.6595744680851063,183,186,5,0,181,186,11879,2,0,0,2,0
2020-09-18,US,Georgia,Henry,4895,96,0,33.4533428,-84.14814659999998,13151.0,2086.8771875972557,1.9611848825331968,4799,4850,94,0,4756,4813,230220,45,2,0,43,37
2020-09-18,US,Georgia,Houston,3002,76,0,32.45802497,-83.66879087,13153.0,1901.648898095184,2.5316455696202533,2926,2974,75,0,2899,2945,155469,28,1,0,27,29
2020-09-18,US,Georgia,Irwin,278,4,0,31.60213036,-83.27501387,13155.0,2952.421410365336,1.4388489208633093,274,277,4,0,273,273,9398,1,0,0,1,4
2020-09-18,US,Georgia,Jackson,1855,30,0,34.13794553,-83.56814788,13157.0,2541.896761993505,1.6172506738544474,1825,1838,30,0,1808,1820,70422,17,0,0,17,18
2020-09-18,US,Georgia,Jasper,209,4,0,33.31535543,-83.68844964,13159.0,1469.8642661227937,1.9138755980861244,205,208,4,0,204,206,14040,1,0,0,1,2
2020-09-18,US,Georgia,Jeff Davis,699,18,0,31.80405727,-82.63724870000001,13161.0,4624.545153820708,2.5751072961373387,681,690,18,0,672,687,15029,9,0,0,9,3
2020-09-18,US,Georgia,Jefferson,764,23,0,33.05867328,-82.41609057,13163.0,4973.310766827236,3.0104712041884816,741,758,21,0,737,755,15430,6,2,0,4,3
2020-09-18,US,Georgia,Jenkins,392,29,0,32.79248718,-81.96040187,13165.0,4518.211157215306,7.397959183673469,363,389,29,0,360,382,8683,3,0,0,3,7
2020-09-18,US,Georgia,Johnson,410,22,0,32.70211082,-82.66166794,13167.0,4251.788862387224,5.365853658536587,388,407,22,0,385,406,9708,3,0,0,3,1
2020-09-18,US,Georgia,Jones,523,8,0,33.02512137,-83.56019163,13169.0,1820.080041760919,1.5296367112810707,515,516,7,0,509,514,28616,7,1,0,6,2
2020-09-18,US,Georgia,Lamar,350,17,0,33.07841647,-84.14263877,13171.0,1834.6700214918487,4.857142857142857,333,349,17,0,332,349,19000,1,0,0,1,0
2020-09-18,US,Georgia,Lanier,292,5,0,31.03828570000001,-83.06472457,13173.0,2801.496690012473,1.7123287671232876,287,292,5,0,287,288,10340,0,0,0,0,4
2020-09-18,US,Georgia,Laurens,1557,62,0,32.46325233,-82.92221316,13175.0,3274.723425735077,3.982016698779705,1495,1546,61,0,1485,1527,47325,11,1,0,10,19
2020-09-18,US,Georgia,Lee,689,25,0,31.779330600000005,-84.14324253,13177.0,2297.2792744731933,3.62844702467344,664,687,25,0,662,682,29764,2,0,0,2,5
2020-09-18,US,Georgia,Liberty,1050,22,0,31.82588896,-81.49251135,13179.0,1709.1234638235533,2.095238095238096,1028,1029,20,0,1009,1016,61497,21,2,0,19,13
2020-09-18,US,Georgia,Lincoln,206,7,0,33.79201475,-82.45024131,13181.0,2600.6817321045323,3.3980582524271843,199,205,7,0,198,205,7915,1,0,0,1,0
2020-09-18,US,Georgia,Long,226,3,0,31.75218791,-81.74952375,13183.0,1155.478296436423,1.327433628318584,223,221,3,0,218,218,18998,5,0,0,5,3
2020-09-18,US,Georgia,Lowndes,3786,76,0,30.83568832,-83.27056716,13185.0,3224.7074255148805,2.0073956682514527,3710,3774,76,0,3698,3754,116321,12,0,0,12,20
2020-09-18,US,Georgia,Lumpkin,850,13,0,34.57286511,-84.00425681,13187.0,2529.009223445403,1.5294117647058822,837,847,13,0,834,843,32955,3,0,0,3,4
2020-09-18,US,Georgia,Macon,226,10,0,32.35207048,-84.04234127,13193.0,1745.5781262068433,4.424778761061948,216,225,10,0,215,225,13143,1,0,0,1,0
2020-09-18,US,Georgia,Madison,657,8,0,34.12920917,-83.21218732,13195.0,2198.7951807228915,1.21765601217656,649,643,8,0,635,638,29650,14,0,0,14,5
2020-09-18,US,Georgia,Marion,185,8,0,32.3483402,-84.52733571,13197.0,2213.1833951429603,4.3243243243243255,177,185,8,0,177,184,8351,0,0,0,0,1
2020-09-18,US,Georgia,McDuffie,571,13,0,33.47851918,-82.48252774,13189.0,2679.241741741742,2.276707530647986,558,568,13,0,555,565,21531,3,0,0,3,3
2020-09-18,US,Georgia,McIntosh,280,7,0,31.49683595,-81.40163426,13191.0,1947.4196689386565,2.5,273,277,7,0,270,274,14340,3,0,0,3,3
2020-09-18,US,Georgia,Meriwether,530,12,0,33.04163534,-84.68859732,13199.0,2503.89757641612,2.2641509433962264,518,525,12,0,513,525,21068,5,0,0,5,0
2020-09-18,US,Georgia,Miller,240,1,0,31.16568912,-84.73151117,13201.0,4197.271773347325,0.4166666666666667,239,235,1,0,234,235,5686,5,0,0,5,0
2020-09-18,US,Georgia,Mitchell,770,45,0,31.22483255,-84.19381821,13205.0,3521.9320312857344,5.8441558441558445,725,765,45,0,720,762,22192,5,0,0,5,3
2020-09-18,US,Georgia,Monroe,654,46,0,33.014289,-83.92097166,13207.0,2371.455508013635,7.033639143730888,608,652,46,0,606,649,27520,2,0,0,2,3
2020-09-18,US,Georgia,Montgomery,287,5,0,32.17201038,-82.53527476,13209.0,3129.088530309638,1.7421602787456445,282,282,5,0,277,273,9193,5,0,0,5,9
2020-09-18,US,Georgia,Morgan,467,2,0,33.59232073,-83.49129491,13211.0,2422.701805353808,0.4282655246252677,465,465,2,0,463,459,18853,2,0,0,2,6
2020-09-18,US,Georgia,Murray,782,5,0,34.78897608,-84.74993177,13213.0,1950.3192338387867,0.639386189258312,777,775,5,0,770,767,39921,7,0,0,7,8
2020-09-18,US,Georgia,Muscogee,5831,160,0,32.50931999,-84.87142262,13215.0,2978.510387242107,2.743954724747041,5671,5809,160,0,5649,5788,194160,22,0,0,22,21
2020-09-18,US,Georgia,Newton,2501,80,0,33.55514538,-83.84547140000002,13217.0,2238.151489117984,3.198720511795282,2421,2489,79,0,2410,2482,109541,12,1,0,11,7
2020-09-18,US,Georgia,Oconee,704,25,0,33.83749973,-83.43679568,13219.0,1747.7656405163852,3.551136363636364,679,698,24,0,674,686,39272,6,1,0,5,12
2020-09-18,US,Georgia,Oglethorpe,310,11,0,33.878629600000004,-83.08278123,13221.0,2031.5879153286585,3.548387096774193,299,303,11,0,292,301,15054,7,0,0,7,2
2020-09-18,US,Georgia,Out of GA,16684,146,0,0.0,0.0,80013.0,0.0,0.8750899064972428,16538,16684,146,0,16538,16693,,0,0,0,0,-9
2020-09-18,US,Georgia,Paulding,2693,47,0,33.91969522,-84.86848792,13223.0,1596.6371607961248,1.745265503156331,2646,2663,47,0,2616,2642,164044,30,0,0,30,21
2020-09-18,US,Georgia,Peach,648,20,0,32.56934316,-83.82937,13225.0,2352.4286647789154,3.08641975308642,628,635,20,0,615,628,27297,13,0,0,13,7
2020-09-18,US,Georgia,Pickens,592,10,0,34.46589159,-84.46406611,13227.0,1816.4523948329295,1.6891891891891893,582,588,8,0,580,581,31980,4,2,0,2,7
2020-09-18,US,Georgia,Pierce,587,17,0,31.35928155,-82.21598442,13229.0,3015.6691497559723,2.8960817717206133,570,585,16,0,569,581,19389,2,1,0,1,4
2020-09-18,US,Georgia,Pike,305,9,0,33.09310242,-84.38790389,13231.0,1608.4801181309988,2.950819672131148,296,304,8,0,296,300,18634,1,1,0,0,4
2020-09-18,US,Georgia,Polk,1387,17,0,34.00267074,-85.18677781,13233.0,3254.875272804074,1.225666906993511,1370,1375,17,0,1358,1364,42470,12,0,0,12,11
2020-09-18,US,Georgia,Pulaski,304,13,0,32.23334561,-83.47549959999998,13235.0,2729.6399389422645,4.276315789473684,291,301,13,0,288,301,11069,3,0,0,3,0
2020-09-18,US,Georgia,Putnam,673,23,0,33.32056115,-83.37552891,13237.0,3042.63303042633,3.4175334323922733,650,664,24,0,640,662,21809,9,-1,0,10,2
2020-09-18,US,Georgia,Quitman,31,1,0,31.86728114,-85.01773177,13239.0,1348.4123531970422,3.2258064516129035,30,31,1,0,30,31,2279,0,0,0,0,0
2020-09-18,US,Georgia,Rabun,317,7,0,34.88389445,-83.40304637,13241.0,1849.7986812160816,2.2082018927444795,310,315,7,0,308,314,16867,2,0,0,2,1
2020-09-18,US,Georgia,Randolph,331,28,0,31.76622818,-84.75732369,13243.0,4883.446444378873,8.459214501510575,303,331,28,0,303,329,6833,0,0,0,0,2
2020-09-18,US,Georgia,Richmond,6780,150,0,33.35777107,-82.07026432,13245.0,3347.8505614315764,2.2123893805309733,6630,6721,149,0,6572,6667,201554,59,1,0,58,54
2020-09-18,US,Georgia,Rockdale,1792,34,0,33.65145002,-84.02202167,13247.0,1971.4838936806893,1.8973214285714288,1758,1781,34,0,1747,1777,90594,11,0,0,11,4
2020-09-18,US,Georgia,Schley,104,2,0,32.2654021,-84.31258912,13249.0,1978.3146281148945,1.9230769230769231,102,104,2,0,102,103,5236,0,0,0,0,1
2020-09-18,US,Georgia,Screven,362,9,0,32.74976524,-81.60779441,13251.0,2592.00916511528,2.4861878453038675,353,361,9,0,352,357,13938,1,0,0,1,4
2020-09-18,US,Georgia,Seminole,338,9,0,30.93464824,-84.86823924,13253.0,4177.997527812115,2.662721893491124,329,335,8,0,327,330,8315,3,1,0,2,5
2020-09-18,US,Georgia,Spalding,1273,55,0,33.26310031,-84.28013991,13255.0,1908.4598893602986,4.3205027494108394,1218,1270,54,0,1216,1265,66100,3,1,0,2,5
2020-09-18,US,Georgia,Stephens,966,32,0,34.55151201,-83.29405315,13257.0,3726.133076181293,3.312629399585921,934,953,32,0,921,942,26035,13,0,0,13,11
2020-09-18,US,Georgia,Stewart,462,13,0,32.07996777,-84.83208037,13259.0,6977.7979157227,2.813852813852814,449,437,13,0,424,439,6199,25,0,0,25,-2
2020-09-18,US,Georgia,Sumter,918,60,0,32.03650571,-84.19821492,13261.0,3109.3347784853004,6.5359477124183005,858,913,60,0,853,913,29733,5,0,0,5,0
2020-09-18,US,Georgia,Talbot,158,5,0,32.69642758,-84.53351366,13263.0,2550.4439063761097,3.1645569620253164,153,157,5,0,152,157,6272,1,0,0,1,0
2020-09-18,US,Georgia,Taliaferro,20,0,0,33.56543317,-82.88136816,13265.0,1301.2361743656475,0.0,20,19,0,0,19,19,1608,1,0,0,1,0
2020-09-18,US,Georgia,Tattnall,769,9,0,32.04785085,-82.05539188,13267.0,3041.208573914419,1.1703511053315996,760,761,9,0,752,755,25391,8,0,0,8,6
2020-09-18,US,Georgia,Taylor,201,8,0,32.55792548,-84.25077141,13269.0,2506.234413965087,3.9800995024875614,193,199,8,0,191,182,8039,2,0,0,2,17
2020-09-18,US,Georgia,Telfair,376,16,0,31.92829517,-82.93491155,13271.0,2370.7440100882723,4.25531914893617,360,372,16,0,356,373,15876,4,0,0,4,-1
2020-09-18,US,Georgia,Terrell,325,31,0,31.77527543,-84.44069698,13273.0,3809.635447192592,9.538461538461537,294,325,31,0,294,325,8611,0,0,0,0,0
2020-09-18,US,Georgia,Thomas,1465,58,0,30.86392347,-83.91847289,13275.0,3295.7638748284626,3.9590443686006815,1407,1455,58,0,1397,1448,44448,10,0,0,10,7
2020-09-18,US,Georgia,Tift,1661,56,0,31.45743864,-83.5236119,13277.0,4086.704064560575,3.3714629741119806,1605,1650,55,0,1595,1655,40571,11,1,0,10,-5
2020-09-18,US,Georgia,Toombs,1270,42,0,32.12059861,-82.32957247,13279.0,4733.5072679836,3.307086614173228,1228,1259,39,0,1220,1245,26887,11,3,0,8,14
2020-09-18,US,Georgia,Towns,284,8,0,34.91369188,-83.74107459999998,13281.0,2359.3918750519233,2.8169014084507036,276,282,8,0,274,272,11852,2,0,0,2,10
2020-09-18,US,Georgia,Treutlen,244,7,0,32.40422134,-82.56904553,13283.0,3535.719460947689,2.8688524590163933,237,244,6,0,238,244,6809,0,1,0,-1,0
2020-09-18,US,Georgia,Troup,2739,93,0,33.03349196,-85.02812115,13285.0,3917.222047424273,3.3953997809419496,2646,2732,93,0,2639,2720,70034,7,0,0,7,12
2020-09-18,US,Georgia,Turner,289,22,0,31.71612656,-83.62069378,13287.0,3619.286161552912,7.612456747404845,267,289,22,0,267,289,7912,0,0,0,0,0
2020-09-18,US,Georgia,Twiggs,182,7,0,32.67435595,-83.43078662,13289.0,2241.3793103448274,3.8461538461538463,175,179,7,0,172,179,8188,3,0,0,3,0
2020-09-18,US,Georgia,Unassigned,2465,4,0,0.0,0.0,90013.0,0.0,0.16227180527383367,2461,2456,4,0,2452,2426,,9,0,0,9,30
2020-09-18,US,Georgia,Union,649,17,0,34.82995757,-83.98967069,13291.0,2647.7907878095552,2.6194144838212634,632,641,17,0,624,619,24001,8,0,0,8,22
2020-09-18,US,Georgia,Upson,743,59,0,32.87920671,-84.30024826,13293.0,2822.948328267477,7.94078061911171,684,732,59,0,673,727,26215,11,0,0,11,5
2020-09-18,US,Georgia,Walker,1403,29,0,34.73376362,-85.30165174,13295.0,2011.1523630681893,2.0669992872416247,1374,1379,29,0,1350,1364,69410,24,0,0,24,15
2020-09-18,US,Georgia,Walton,1719,52,0,33.78017694,-83.73552314,13297.0,1817.2592052266025,3.0250145433391507,1667,1704,52,0,1652,1695,93503,15,0,0,15,9
2020-09-18,US,Georgia,Ware,1456,53,0,31.05449097,-82.42224148,13299.0,4074.5508479319415,3.64010989010989,1403,1445,52,0,1393,1443,35680,11,1,0,10,2
2020-09-18,US,Georgia,Warren,131,5,0,33.41146451,-82.67795848,13301.0,2493.3384088313665,3.816793893129771,126,128,5,0,123,128,5251,3,0,0,3,0
2020-09-18,US,Georgia,Washington,652,7,0,32.96711864,-82.79357039,13303.0,3200.157062923334,1.0736196319018405,645,642,7,0,635,641,20386,10,0,0,10,1
2020-09-18,US,Georgia,Wayne,1081,27,0,31.5521809,-81.91894878,13305.0,3612.1228322250813,2.4976873265494905,1054,1073,27,0,1046,1070,29808,8,0,0,8,3
2020-09-18,US,Georgia,Webster,43,2,0,32.04066113,-84.54742852,13307.0,1649.4054468738013,4.651162790697675,41,43,2,0,41,43,2611,0,0,0,0,0
2020-09-18,US,Georgia,Wheeler,322,11,0,32.12009104,-82.72574721,13309.0,4099.299809038829,3.4161490683229814,311,319,11,0,308,317,7879,3,0,0,3,2
2020-09-18,US,Georgia,White,710,17,0,34.64624278,-83.74905525,13311.0,2305.344502889798,2.3943661971830985,693,693,17,0,676,688,29970,17,0,0,17,5
2020-09-18,US,Georgia,Whitfield,4405,60,0,34.80987459,-84.96093476,13313.0,4210.154069656306,1.362088535754824,4345,4370,59,0,4311,4344,104062,35,1,0,34,26
2020-09-18,US,Georgia,Wilcox,240,20,0,31.97496928,-83.43438555,13315.0,2779.386218876665,8.333333333333334,220,238,20,0,218,237,8812,2,0,0,2,1
2020-09-18,US,Georgia,Wilkes,257,4,0,33.78290391,-82.74286107,13317.0,2628.6181855374853,1.5564202334630348,253,255,4,0,251,254,9876,2,0,0,2,1
2020-09-18,US,Georgia,Wilkinson,328,17,0,32.80291082,-83.17140684,13319.0,3663.1672995309364,5.182926829268292,311,318,17,0,301,315,9036,10,0,0,10,3
2020-09-18,US,Georgia,Worth,519,29,0,31.55162306,-83.85090513,13321.0,2563.342717439621,5.5876685934489405,490,517,29,0,488,515,20299,2,0,0,2,2
2020-09-18,US,Hawaii,Hawaii,632,15,0,19.60121157,-155.5210167,15001.0,313.627408653536,2.373417721518988,617,623,3,0,620,603,200983,9,12,0,-3,20
2020-09-18,US,Hawaii,Honolulu,10119,95,0,21.45803166,-157.97121819999995,15003.0,1038.3115303987531,0.9388279474256348,10024,10015,94,0,9921,9879,980080,104,1,0,103,136
2020-09-18,US,Hawaii,Kauai,57,0,0,22.03935037,-159.5966786,15007.0,78.84580803120635,0.0,57,58,0,0,58,58,72133,-1,0,0,-1,0
2020-09-18,US,Hawaii,Maui,381,9,0,20.86399628,-156.56890969999995,15009.0,227.57545530023842,2.3622047244094486,372,381,9,0,372,378,167207,0,0,0,0,3
2020-09-18,US,Hawaii,Out of HI,28,1,0,0.0,0.0,80015.0,0.0,3.571428571428572,27,28,1,0,27,28,,0,0,0,0,0
2020-09-18,US,Idaho,Ada,12261,144,0,43.4526575,-116.24155159999998,16001.0,2545.9574282528392,1.1744555908979692,12117,12164,143,0,12021,12106,469966,97,1,0,96,58
2020-09-18,US,Idaho,Adams,26,1,0,44.89333571,-116.4545247,16003.0,605.4960409874243,3.8461538461538463,25,26,1,0,25,26,4250,0,0,0,0,0
2020-09-18,US,Idaho,Bannock,855,4,0,42.67002716,-112.2233311,16005.0,973.7153790087464,0.4678362573099415,851,828,4,0,824,775,87138,27,0,0,27,53
2020-09-18,US,Idaho,Bear Lake,31,0,0,42.28269683,-111.32892379999998,16007.0,506.1224489795918,0.0,31,31,0,0,31,31,6050,0,0,0,0,0
2020-09-18,US,Idaho,Benewah,136,3,0,47.21754179,-116.6586851,16009.0,1462.6801462680146,2.2058823529411766,133,133,3,0,130,130,9226,3,0,0,3,3
2020-09-18,US,Idaho,Bingham,694,10,0,43.21672879999999,-112.3978437,16011.0,1482.557518531969,1.4409221902017288,684,636,10,0,626,614,46236,58,0,0,58,22
2020-09-18,US,Idaho,Blaine,624,6,0,43.4085812,-113.9752658,16013.0,2710.568611267973,0.9615384615384616,618,621,6,0,615,617,22601,3,0,0,3,4
2020-09-18,US,Idaho,Boise,65,1,0,43.98829931,-115.7309284,16015.0,830.0344783552548,1.5384615384615383,64,65,1,0,64,65,7634,0,0,0,0,0
2020-09-18,US,Idaho,Bonner,279,0,0,48.29996017,-116.6017932,16017.0,609.9827280876276,0.0,279,270,0,0,270,265,44727,9,0,0,9,5
2020-09-18,US,Idaho,Bonneville,2377,14,0,43.38713372,-111.6161537,16019.0,1996.4388301893127,0.5889777029869584,2363,2319,14,0,2305,2290,116854,58,0,0,58,29
2020-09-18,US,Idaho,Boundary,56,1,0,48.76684761,-116.4630179,16021.0,457.32952225398117,1.7857142857142858,55,56,1,0,55,53,11948,0,0,0,0,3
2020-09-18,US,Idaho,Butte,26,0,0,43.72592209,-113.1735463,16023.0,1001.1551790527533,0.0,26,26,0,0,26,26,2611,0,0,0,0,0
2020-09-18,US,Idaho,Camas,19,0,0,43.46665742,-114.8065892,16025.0,1717.9023508137436,0.0,19,17,0,0,17,16,1127,2,0,0,2,1
2020-09-18,US,Idaho,Canyon,7850,98,0,43.61970148,-116.70954990000001,16027.0,3415.285687560093,1.248407643312102,7752,7809,96,0,7713,7775,223499,41,2,0,39,34
2020-09-18,US,Idaho,Caribou,83,0,0,42.77149116,-111.5597683,16029.0,1160.0279524807827,0.0,83,75,0,0,75,67,7060,8,0,0,8,8
2020-09-18,US,Idaho,Cassia,626,5,0,42.28347888,-113.6012409,16031.0,2605.076987099459,0.7987220447284346,621,619,5,0,614,613,23864,7,0,0,7,6
2020-09-18,US,Idaho,Clark,30,0,0,44.28496071,-112.35057040000001,16033.0,3550.295857988165,0.0,30,28,0,0,28,28,852,2,0,0,2,0
2020-09-18,US,Idaho,Clearwater,30,0,0,46.67459924,-115.6622393,16035.0,342.6222019186843,0.0,30,29,0,0,29,26,8758,1,0,0,1,3
2020-09-18,US,Idaho,Custer,57,0,0,44.24186819,-114.2855494,16037.0,1320.9733487833141,0.0,57,56,0,0,56,54,4280,1,0,0,1,2
2020-09-18,US,Idaho,Elmore,317,3,0,43.3507101,-115.4701578,16039.0,1152.2663661808006,0.946372239747634,314,317,3,0,314,317,27259,0,0,0,0,0
2020-09-18,US,Idaho,Franklin,72,0,0,42.18332217,-111.81496659999999,16041.0,518.8815220524647,0.0,72,70,0,0,70,69,13726,2,0,0,2,1
2020-09-18,US,Idaho,Fremont,155,3,0,44.22800938,-111.48099429999999,16043.0,1183.2964348423545,1.935483870967742,152,149,3,0,146,146,13168,6,0,0,6,3
2020-09-18,US,Idaho,Gem,268,2,0,44.06482372,-116.398376,16045.0,1479.6819787985867,0.746268656716418,266,268,2,0,266,269,17634,0,0,0,0,-1
2020-09-18,US,Idaho,Gooding,263,1,0,42.96927962,-114.81083059999999,16047.0,1732.6569602740628,0.3802281368821293,262,259,1,0,258,256,15196,4,0,0,4,3
2020-09-18,US,Idaho,Idaho,88,0,0,45.84721541,-115.4634436,16049.0,527.9894402111959,0.0,88,85,0,0,85,77,16513,3,0,0,3,8
2020-09-18,US,Idaho,Jefferson,467,1,0,43.82078483,-112.3131749,16051.0,1563.3892404003884,0.21413276231263384,466,452,1,0,451,439,29439,15,0,0,15,13
2020-09-18,US,Idaho,Jerome,715,7,0,42.68891267,-114.2655033,16053.0,2928.88743241029,0.9790209790209792,708,712,7,0,705,701,24015,3,0,0,3,11
2020-09-18,US,Idaho,Kootenai,2456,33,0,47.67282258,-116.7020872,16055.0,1482.223576769646,1.3436482084690553,2423,2419,33,0,2386,2400,161505,37,0,0,37,19
2020-09-18,US,Idaho,Latah,310,0,0,46.81587887,-116.71136979999999,16057.0,772.9131345367508,0.0,310,299,0,0,299,293,40134,11,0,0,11,6
2020-09-18,US,Idaho,Lemhi,73,0,0,44.9438088,-113.9309747,16059.0,909.4306714837423,0.0,73,72,0,0,72,72,7961,1,0,0,1,0
2020-09-18,US,Idaho,Lewis,12,0,0,46.23315327,-116.434146,16061.0,312.66284523189165,0.0,12,12,0,0,12,12,3861,0,0,0,0,0
2020-09-18,US,Idaho,Lincoln,87,0,0,43.0012336,-114.1358773,16063.0,1621.319418561312,0.0,87,84,0,0,84,84,5360,3,0,0,3,0
2020-09-18,US,Idaho,Madison,446,1,0,43.78141028,-111.65384740000002,16065.0,1117.5984163179394,0.2242152466367713,445,436,1,0,435,408,39304,10,0,0,10,28
2020-09-18,US,Idaho,Minidoka,614,7,0,42.85518524,-113.6357257,16067.0,2918.3896573031043,1.1400651465798046,607,609,7,0,602,598,20825,5,0,0,5,11
2020-09-18,US,Idaho,Nez Perce,389,24,0,46.32638236,-116.75009750000001,16069.0,962.680657295585,6.169665809768637,365,389,23,0,366,388,40408,0,1,0,-1,1
2020-09-18,US,Idaho,Oneida,23,0,0,42.19494279999999,-112.5407838,16071.0,507.6142131979696,0.0,23,22,0,0,22,22,4488,1,0,0,1,0
2020-09-18,US,Idaho,Owyhee,323,5,0,42.58016894,-116.16938710000001,16073.0,2731.9631227268883,1.547987616099071,318,323,5,0,318,323,11693,0,0,0,0,0
2020-09-18,US,Idaho,Payette,799,6,0,44.00545243,-116.7647695,16075.0,3335.9776209761603,0.7509386733416771,793,791,6,0,785,786,23551,8,0,0,8,5
2020-09-18,US,Idaho,Power,188,0,0,42.69254894,-112.83957420000002,16077.0,2447.597969014452,0.0,188,171,0,0,171,156,7768,17,0,0,17,15
2020-09-18,US,Idaho,Shoshone,212,18,0,47.35364087,-115.89167490000001,16079.0,1645.7071883247945,8.49056603773585,194,211,18,0,193,211,12796,1,0,0,1,0
2020-09-18,US,Idaho,Teton,143,0,0,43.75303583,-111.2056773,16081.0,1177.730192719486,0.0,143,142,0,0,142,140,11640,1,0,0,1,2
2020-09-18,US,Idaho,Twin Falls,1997,35,0,42.35440512,-114.6685381,16083.0,2298.62565897005,1.7526289434151228,1962,1976,35,0,1941,1938,86081,21,0,0,21,38
2020-09-18,US,Idaho,Unassigned,3,0,0,0.0,0.0,90016.0,0.0,0.0,3,3,0,0,3,4,,0,0,0,0,-1
2020-09-18,US,Idaho,Valley,86,1,0,44.76728382,-115.5676773,16085.0,754.9157303370787,1.162790697674419,85,86,1,0,85,86,11041,0,0,0,0,0
2020-09-18,US,Idaho,Washington,328,4,0,44.45275475,-116.78476880000001,16087.0,3217.5789680204052,1.2195121951219512,324,324,4,0,320,321,10161,4,0,0,4,3
2020-09-18,US,Illinois,Adams,956,10,0,39.98815591,-91.18786813,17001.0,1460.9918239474289,1.0460251046025104,946,922,10,0,912,914,65691,34,0,0,34,8
2020-09-18,US,Illinois,Alexander,65,1,0,37.18049267,-89.32910838,17003.0,1128.276340913036,1.5384615384615383,64,64,1,0,63,62,6060,1,0,0,1,2
2020-09-18,US,Illinois,Bond,276,4,0,38.88829622,-89.43534887,17005.0,1680.2629976865946,1.4492753623188406,272,266,4,0,262,262,16630,10,0,0,10,4
2020-09-18,US,Illinois,Boone,999,23,0,42.32359279,-88.82345779,17007.0,1865.7552666965487,2.3023023023023024,976,999,23,0,976,984,53577,0,0,0,0,15
2020-09-18,US,Illinois,Brown,36,0,0,39.96209138,-90.75068024,17009.0,547.2788081483734,0.0,36,35,0,0,35,30,6556,1,0,0,1,5
2020-09-18,US,Illinois,Bureau,557,10,0,41.40385234,-89.5283051,17011.0,1707.1227166850558,1.7953321364452424,547,542,10,0,532,527,32993,15,0,0,15,15
2020-09-18,US,Illinois,Calhoun,34,0,0,39.16840183,-90.66330078,17013.0,717.4509390166702,0.0,34,35,0,0,35,34,4802,-1,0,0,-1,1
2020-09-18,US,Illinois,Carroll,202,4,0,42.06823429,-89.93395545,17015.0,1412.09367354072,1.98019801980198,198,200,4,0,196,198,14312,2,0,0,2,2
2020-09-18,US,Illinois,Cass,372,11,0,39.96991073,-90.24734436,17017.0,3062.4845640898993,2.956989247311828,361,370,11,0,359,363,12260,2,0,0,2,7
2020-09-18,US,Illinois,Champaign,4290,20,0,40.13919438,-88.20046615,17019.0,2045.8870040870047,0.4662004662004662,4270,4218,20,0,4198,4164,209983,72,0,0,72,54
2020-09-18,US,Illinois,Christian,412,10,0,39.54581621,-89.27780482,17021.0,1275.3838533927687,2.4271844660194173,402,374,10,0,364,329,32661,38,0,0,38,45
2020-09-18,US,Illinois,Clark,144,2,0,39.33425789,-87.78705622,17023.0,932.5820866524189,1.3888888888888888,142,143,2,0,141,141,15596,1,0,0,1,2
2020-09-18,US,Illinois,Clay,137,0,0,38.75388572,-88.48914513,17025.0,1039.138349514563,0.0,137,135,0,0,135,135,13253,2,0,0,2,0
2020-09-18,US,Illinois,Clinton,1022,20,0,38.60704876,-89.42385254,17027.0,2720.8348863212823,1.9569471624266144,1002,1004,20,0,984,987,37639,18,0,0,18,17
2020-09-18,US,Illinois,Coles,1324,28,0,39.51949084,-88.22358557,17029.0,2615.5152999743186,2.114803625377644,1296,1315,28,0,1287,1293,50885,9,0,0,9,22
2020-09-18,US,Illinois,Cook,137580,5150,0,41.84144849,-87.81658794,17031.0,2671.3354522018712,3.743276639046373,132430,136993,5147,0,131846,136246,5180493,587,3,0,584,747
2020-09-18,US,Illinois,Crawford,330,1,0,39.0032229,-87.75954624,17033.0,1767.8255745433114,0.30303030303030304,329,305,1,0,304,282,18807,25,0,0,25,23
2020-09-18,US,Illinois,Cumberland,189,4,0,39.27432424,-88.2401158,17035.0,1755.5266579973993,2.1164021164021163,185,186,4,0,182,185,10808,3,0,0,3,1
2020-09-18,US,Illinois,De Witt,93,1,0,40.17514519,-88.90959682,17039.0,594.705205269216,1.075268817204301,92,88,1,0,87,87,15769,5,0,0,5,1
2020-09-18,US,Illinois,DeKalb,1406,38,0,41.89373302,-88.76958483,17037.0,1340.362450785056,2.702702702702702,1368,1393,37,0,1356,1367,104143,13,1,0,12,26
2020-09-18,US,Illinois,Douglas,272,5,0,39.76768052,-88.21854195,17041.0,1397.3799126637555,1.8382352941176472,267,269,5,0,264,268,19479,3,0,0,3,1
2020-09-18,US,Illinois,DuPage,16488,550,0,41.85116968,-88.08642662,17043.0,1786.5017699239695,3.3357593401261525,15938,16374,548,0,15826,16304,928589,114,2,0,112,70
2020-09-18,US,Illinois,Edgar,108,5,0,39.6809186,-87.74759563,17045.0,629.3339548977332,4.62962962962963,103,108,3,0,105,105,17360,0,2,0,-2,3
2020-09-18,US,Illinois,Edwards,60,0,0,38.41353228,-88.05720863,17047.0,938.2329945269742,0.0,60,57,0,0,57,57,6392,3,0,0,3,0
2020-09-18,US,Illinois,Effingham,798,1,0,39.05935711,-88.58969584,17049.0,2346.506704304869,0.12531328320802004,797,787,1,0,786,776,34208,11,0,0,11,11
2020-09-18,US,Illinois,Fayette,300,3,0,39.00072038,-89.02452658,17051.0,1406.07424071991,1.0,297,300,3,0,297,285,21416,0,0,0,0,15
2020-09-18,US,Illinois,Ford,91,4,0,40.59706922,-88.22350769,17053.0,702.1063189568706,4.395604395604397,87,87,4,0,83,86,13264,4,0,0,4,1
2020-09-18,US,Illinois,Franklin,473,2,0,37.99189086,-88.92567818,17055.0,1229.5614650757752,0.4228329809725159,471,462,1,0,461,446,38701,11,1,0,10,16
2020-09-18,US,Illinois,Fulton,140,0,0,40.47289135,-90.20862357,17057.0,407.68782760629006,0.0,140,131,0,0,131,130,34844,9,0,0,9,1
2020-09-18,US,Illinois,Gallatin,68,2,0,37.76430935,-88.22953869,17059.0,1408.4507042253522,2.9411764705882355,66,68,2,0,66,68,5058,0,0,0,0,0
2020-09-18,US,Illinois,Greene,205,3,0,39.35907414,-90.388865,17061.0,1580.692420387077,1.4634146341463414,202,197,3,0,194,196,13044,8,0,0,8,1
2020-09-18,US,Illinois,Grundy,616,5,0,41.28569601,-88.41905692,17063.0,1206.5655972107966,0.8116883116883117,611,610,5,0,605,607,50972,6,0,0,6,3
2020-09-18,US,Illinois,Hamilton,63,0,0,38.08163641,-88.53883373,17065.0,776.2444553967473,0.0,63,58,0,0,58,57,8163,5,0,0,5,1
2020-09-18,US,Illinois,Hancock,182,3,0,40.40423981,-91.16313899,17067.0,1027.7840524056924,1.6483516483516485,179,182,3,0,179,180,17844,0,0,0,0,2
2020-09-18,US,Illinois,Hardin,33,0,0,37.51810645,-88.26873022,17069.0,863.6482596179013,0.0,33,31,0,0,31,29,3910,2,0,0,2,2
2020-09-18,US,Illinois,Henderson,62,0,0,40.81908672,-90.92491462,17071.0,932.8919650917844,0.0,62,62,0,0,62,61,6709,0,0,0,0,1
2020-09-18,US,Illinois,Henry,610,5,0,41.3533994,-90.13296166,17073.0,1247.1122196553065,0.819672131147541,605,599,5,0,594,590,49090,11,0,0,11,9
2020-09-18,US,Illinois,Iroquois,345,19,0,40.74717633,-87.82466784,17075.0,1272.4053994246515,5.507246376811594,326,344,19,0,325,341,27604,1,0,0,1,3
2020-09-18,US,Illinois,Jackson,1220,24,0,37.78595185,-89.38232563,17077.0,2149.77973568282,1.9672131147540983,1196,1186,24,0,1162,1174,57419,34,0,0,34,12
2020-09-18,US,Illinois,Jasper,186,9,0,39.01054275,-88.15437049,17079.0,1935.483870967742,4.838709677419356,177,185,9,0,176,184,9611,1,0,0,1,1
2020-09-18,US,Illinois,Jefferson,544,37,0,38.29980057,-88.9240025,17081.0,1443.583483706613,6.8014705882352935,507,539,37,0,502,535,37820,5,0,0,5,4
2020-09-18,US,Illinois,Jersey,373,13,0,39.08869046,-90.35393073,17083.0,1713.1309419923762,3.4852546916890086,360,362,13,0,349,361,21847,11,0,0,11,1
2020-09-18,US,Illinois,Jo Daviess,226,2,0,42.36542373,-90.21094405,17085.0,1064.2806687073228,0.8849557522123894,224,224,2,0,222,221,21366,2,0,0,2,3
2020-09-18,US,Illinois,Johnson,142,0,0,37.45939802,-88.88165419,17087.0,1143.5934605782395,0.0,142,139,0,0,139,133,12456,3,0,0,3,6
2020-09-18,US,Illinois,Kane,12444,325,0,41.93842729,-88.42861412,17089.0,2337.327175091049,2.6117004178720666,12119,12372,325,0,12047,12280,534216,72,0,0,72,92
2020-09-18,US,Illinois,Kankakee,2609,76,0,41.13746989,-87.86205334,17091.0,2374.797473193643,2.9129934840935223,2533,2591,76,0,2515,2574,110024,18,0,0,18,17
2020-09-18,US,Illinois,Kendall,1860,25,0,41.59081014,-88.42869583,17093.0,1441.9722459105358,1.3440860215053765,1835,1850,25,0,1825,1834,127915,10,0,0,10,16
2020-09-18,US,Illinois,Knox,565,3,0,40.93148779,-90.21330340000002,17095.0,1136.8437996740374,0.5309734513274337,562,552,3,0,549,548,50112,13,0,0,13,4
2020-09-18,US,Illinois,LaSalle,1568,54,0,41.34426129999999,-88.88633881,17099.0,1442.9138024643646,3.4438775510204085,1514,1546,54,0,1492,1530,109430,22,0,0,22,16
2020-09-18,US,Illinois,Lake,16175,484,0,42.3224907,-88.00367925,17097.0,2322.209221360017,2.9922720247295214,15691,16040,483,0,15557,15999,700832,135,1,0,134,41
2020-09-18,US,Illinois,Lawrence,242,2,0,38.71987914,-87.72884035,17101.0,1543.5642301313944,0.8264462809917356,240,239,2,0,237,237,15765,3,0,0,3,2
2020-09-18,US,Illinois,Lee,319,1,0,41.74583951,-89.29977132,17103.0,935.5936180197093,0.31347962382445144,318,317,1,0,316,310,34223,2,0,0,2,7
2020-09-18,US,Illinois,Livingston,293,5,0,40.89188292,-88.55784752,17105.0,821.9254937163374,1.706484641638225,288,282,5,0,277,276,35761,11,0,0,11,6
2020-09-18,US,Illinois,Logan,424,1,0,40.12581572,-89.36638784,17107.0,1481.5850164232302,0.2358490566037736,423,411,1,0,410,408,28925,13,0,0,13,3
2020-09-18,US,Illinois,Macon,1337,34,0,39.86064913,-88.96342505,17115.0,1285.4656808545415,2.543006731488407,1303,1305,34,0,1271,1278,104712,32,0,0,32,27
2020-09-18,US,Illinois,Macoupin,470,6,0,39.26119767,-89.92424028,17117.0,1046.1648043449227,1.2765957446808511,464,461,6,0,455,450,45313,9,0,0,9,11
2020-09-18,US,Illinois,Madison,5231,130,0,38.83042506,-89.90422563,17119.0,1989.2305469148105,2.4851844771554195,5101,5154,130,0,5024,5088,264461,77,0,0,77,66
2020-09-18,US,Illinois,Marion,481,0,0,38.64963204,-88.91899208,17121.0,1292.836984276307,0.0,481,464,0,0,464,455,37620,17,0,0,17,9
2020-09-18,US,Illinois,Marshall,85,0,0,41.0327901,-89.34510444,17123.0,743.1369120475607,0.0,85,84,0,0,84,80,11534,1,0,0,1,4
2020-09-18,US,Illinois,Mason,118,1,0,40.23917274,-89.91824452,17125.0,883.2996481772587,0.8474576271186439,117,116,1,0,115,115,13565,2,0,0,2,1
2020-09-18,US,Illinois,Massac,90,2,0,37.22078441,-88.71036614,17127.0,653.49985477781,2.2222222222222223,88,87,2,0,85,87,14080,3,0,0,3,0
2020-09-18,US,Illinois,McDonough,438,15,0,40.45674722,-90.67775541,17109.0,1475.641803112998,3.4246575342465757,423,431,15,0,416,427,29955,7,0,0,7,4
2020-09-18,US,Illinois,McHenry,4350,118,0,42.32451172,-88.45248227,17111.0,1413.3747490041394,2.71264367816092,4232,4322,117,0,4205,4294,308570,28,1,0,27,28
2020-09-18,US,Illinois,McLean,3089,19,0,40.48996987,-88.84621113,17113.0,1800.9876572001608,0.6150857882809971,3070,3043,19,0,3024,3004,172828,46,0,0,46,39
2020-09-18,US,Illinois,Menard,112,0,0,40.02742725,-89.80246001,17129.0,918.3338799606427,0.0,112,111,0,0,111,107,12288,1,0,0,1,4
2020-09-18,US,Illinois,Mercer,124,5,0,41.20596782,-90.74290052,17131.0,803.2648830731357,4.032258064516129,119,120,5,0,115,119,15601,4,0,0,4,1
2020-09-18,US,Illinois,Monroe,605,15,0,38.27594376,-90.17761038,17133.0,1746.6870687415192,2.479338842975207,590,603,15,0,588,593,34335,2,0,0,2,10
2020-09-18,US,Illinois,Montgomery,309,12,0,39.23198845,-89.47809254,17135.0,1087.4920813683398,3.8834951456310685,297,300,12,0,288,290,28601,9,0,0,9,10
2020-09-18,US,Illinois,Morgan,612,21,0,39.71654544,-90.20255104,17137.0,1818.2898567948184,3.431372549019608,591,604,21,0,583,601,33976,8,0,0,8,3
2020-09-18,US,Illinois,Moultrie,206,3,0,39.64187451,-88.62099969,17139.0,1420.5916833321842,1.4563106796116505,203,204,3,0,201,201,14717,2,0,0,2,3
2020-09-18,US,Illinois,Ogle,604,6,0,42.04165196,-89.32184679,17141.0,1192.6623620243668,0.9933774834437086,598,595,6,0,589,585,50923,9,0,0,9,10
2020-09-18,US,Illinois,Out of IL,2,0,0,0.0,0.0,80017.0,0.0,0.0,2,3,0,0,3,4,,-1,0,0,-1,-1
2020-09-18,US,Illinois,Peoria,3130,48,0,40.78702156,-89.76078901,17143.0,1746.856495459847,1.5335463258785942,3082,3081,48,0,3033,3039,180621,49,0,0,49,42
2020-09-18,US,Illinois,Perry,332,14,0,38.08510853,-89.36856219,17145.0,1587.3015873015872,4.216867469879518,318,326,14,0,312,326,21174,6,0,0,6,0
2020-09-18,US,Illinois,Piatt,130,0,0,40.01360584,-88.59319339,17147.0,795.3989231522273,0.0,130,126,0,0,126,124,16396,4,0,0,4,2
2020-09-18,US,Illinois,Pike,104,1,0,39.62265059,-90.8877017,17149.0,668.3375104427736,0.9615384615384616,103,104,1,0,103,103,15611,0,0,0,0,1
2020-09-18,US,Illinois,Pope,25,1,0,37.41391284,-88.56152109,17151.0,598.5156811108451,4.0,24,25,1,0,24,24,4212,0,0,0,0,1
2020-09-18,US,Illinois,Pulaski,153,1,0,37.22631423,-89.13085001,17153.0,2867.853795688847,0.6535947712418301,152,152,1,0,151,152,5463,1,0,0,1,0
2020-09-18,US,Illinois,Putnam,40,0,0,41.2013541,-89.2869272,17155.0,696.9855375500958,0.0,40,38,0,0,38,33,5740,2,0,0,2,5
2020-09-18,US,Illinois,Randolph,903,11,0,38.05095369,-89.82512254,17157.0,2841.230885406834,1.2181616832779625,892,893,11,0,882,887,32106,10,0,0,10,6
2020-09-18,US,Illinois,Richland,135,4,0,38.71240969,-88.08475366,17159.0,870.2378650164377,2.962962962962963,131,127,4,0,123,125,15763,8,0,0,8,2
2020-09-18,US,Illinois,Rock Island,2727,70,0,41.46613806,-90.57042164,17161.0,1922.0603471972602,2.566923359002567,2657,2688,70,0,2618,2667,143477,39,0,0,39,21
2020-09-18,US,Illinois,Saline,240,3,0,37.75332999,-88.54119706,17165.0,1021.6678728023497,1.25,237,226,3,0,223,220,23906,14,0,0,14,6
2020-09-18,US,Illinois,Sangamon,2203,44,0,39.75836914,-89.65872023,17167.0,1131.6470781622422,1.9972764412165231,2159,2166,44,0,2122,2148,195348,37,0,0,37,18
2020-09-18,US,Illinois,Schuyler,44,0,0,40.157179799999994,-90.61114163,17169.0,650.1182033096927,0.0,44,41,0,0,41,38,6907,3,0,0,3,3
2020-09-18,US,Illinois,Scott,67,0,0,39.642916899999996,-90.47814431,17171.0,1353.2619672793376,0.0,67,66,0,0,66,62,4926,1,0,0,1,4
2020-09-18,US,Illinois,Shelby,342,4,0,39.39133527,-88.80611122,17173.0,1580.844966256818,1.1695906432748535,338,338,4,0,334,332,21741,4,0,0,4,6
2020-09-18,US,Illinois,St. Clair,6184,182,0,38.46996033,-89.93063427,17163.0,2381.3374613956853,2.943078913324709,6002,6144,180,0,5964,6099,261059,40,2,0,38,45
2020-09-18,US,Illinois,Stark,49,2,0,41.09309773,-89.79745866,17175.0,917.259453388244,4.081632653061225,47,48,2,0,46,46,5427,1,0,0,1,2
2020-09-18,US,Illinois,Stephenson,453,6,0,42.35129217,-89.662598,17177.0,1018.023281945256,1.3245033112582782,447,449,6,0,443,439,44753,4,0,0,4,10
2020-09-18,US,Illinois,Tazewell,1511,15,0,40.50716185,-89.51404662,17179.0,1146.4078966336126,0.9927200529450696,1496,1485,13,0,1472,1471,132328,26,2,0,24,14
2020-09-18,US,Illinois,Unassigned,2242,236,0,0.0,0.0,90017.0,0.0,10.526315789473683,2006,2144,232,0,1912,2141,,98,4,0,94,3
2020-09-18,US,Illinois,Union,493,24,0,37.47119609,-89.25548938,17181.0,2960.4275505914848,4.8681541582150105,469,486,24,0,462,476,16841,7,0,0,7,10
2020-09-18,US,Illinois,Vermilion,568,4,0,40.18417171,-87.73384359,17183.0,749.7558013675124,0.7042253521126759,564,534,4,0,530,503,76806,34,0,0,34,31
2020-09-18,US,Illinois,Wabash,136,1,0,38.44272901,-87.84922065,17185.0,1180.5555555555557,0.7352941176470589,135,138,1,0,137,135,11549,-2,0,0,-2,3
2020-09-18,US,Illinois,Warren,294,1,0,40.84925021,-90.6147432,17187.0,1745.4286392780814,0.3401360544217687,293,289,1,0,288,288,17032,5,0,0,5,1
2020-09-18,US,Illinois,Washington,179,1,0,38.35309213,-89.40982703,17189.0,1288.975300640887,0.5586592178770949,178,172,1,0,171,167,13995,7,0,0,7,5
2020-09-18,US,Illinois,Wayne,234,5,0,38.42955355,-88.42586459,17191.0,1443.1082331174841,2.1367521367521367,229,230,5,0,225,225,16332,4,0,0,4,5
2020-09-18,US,Illinois,White,155,0,0,38.08706198,-88.17657461,17193.0,1145.009972667504,0.0,155,154,0,0,154,150,13665,1,0,0,1,4
2020-09-18,US,Illinois,Whiteside,672,19,0,41.75509713,-89.91556058,17195.0,1217.942908926144,2.827380952380953,653,662,19,0,643,652,55626,10,0,0,10,10
2020-09-18,US,Illinois,Will,13211,370,0,41.44619267,-87.97862712,17197.0,1912.5781947844569,2.8006963893724928,12841,13130,369,0,12761,13044,692310,81,1,0,80,86
2020-09-18,US,Illinois,Williamson,1289,34,0,37.73033511,-88.92994027,17199.0,1935.522621139091,2.637703646237393,1255,1253,31,0,1222,1227,67056,36,3,0,33,26
2020-09-18,US,Illinois,Winnebago,5098,149,0,42.33641854,-89.16085327,17201.0,1804.141953201308,2.9227147901137696,4949,5044,149,0,4895,4967,284081,54,0,0,54,77
2020-09-18,US,Illinois,Woodford,383,5,0,40.78579374,-89.20973757,17203.0,995.8657271379911,1.3054830287206267,378,380,5,0,375,370,38463,3,0,0,3,10
2020-09-18,US,Indiana,Adams,234,3,0,40.7457653,-84.93671406,18001.0,654.0514855913017,1.2820512820512822,231,230,3,0,227,226,35636,4,0,0,4,4
2020-09-18,US,Indiana,Allen,5849,198,0,41.09194313,-85.06800636,18003.0,1542.055212378625,3.385194050265002,5651,5785,198,0,5587,5743,375351,64,0,0,64,42
2020-09-18,US,Indiana,Bartholomew,1142,57,0,39.20744865,-85.89558181,18005.0,1363.1100872533684,4.991243432574432,1085,1132,57,0,1075,1127,82753,10,0,0,10,5
2020-09-18,US,Indiana,Benton,88,0,0,40.60626947,-87.31093999,18007.0,1005.9442158207588,0.0,88,88,0,0,88,87,8653,0,0,0,0,1
2020-09-18,US,Indiana,Blackford,109,2,0,40.47388153,-85.32499702,18009.0,927.0284061915293,1.834862385321101,107,107,2,0,105,106,11930,2,0,0,2,1
2020-09-18,US,Indiana,Boone,940,46,0,40.0509304,-86.46841646,18011.0,1385.551936087732,4.893617021276596,894,938,46,0,892,937,66999,2,0,0,2,1
2020-09-18,US,Indiana,Brown,99,3,0,39.19605589,-86.22868909,18013.0,655.9766763848396,3.0303030303030303,96,93,3,0,90,93,15234,6,0,0,6,0
2020-09-18,US,Indiana,Carroll,267,13,0,40.580783200000006,-86.56198812,18015.0,1318.062891839858,4.868913857677903,254,267,13,0,254,267,20127,0,0,0,0,0
2020-09-18,US,Indiana,Cass,1923,9,0,40.76135835,-86.34830753,18017.0,5102.284486189605,0.4680187207488299,1914,1920,9,0,1911,1914,37955,3,0,0,3,6
2020-09-18,US,Indiana,Clark,2081,56,0,38.48015445,-85.70510334,18019.0,1759.0573278558263,2.691013935607881,2025,2050,56,0,1994,2027,117360,31,0,0,31,23
2020-09-18,US,Indiana,Clay,288,5,0,39.39561833,-87.11723506,18021.0,1098.1887511916111,1.7361111111111112,283,285,5,0,280,284,26170,3,0,0,3,1
2020-09-18,US,Indiana,Clinton,590,12,0,40.30319754,-86.47277257,18023.0,1821.0438593783758,2.0338983050847457,578,591,11,0,580,589,32250,-1,1,0,-2,2
2020-09-18,US,Indiana,Crawford,99,0,0,38.28814402,-86.44518825,18025.0,935.9931927767798,0.0,99,98,0,0,98,98,10558,1,0,0,1,0
2020-09-18,US,Indiana,Daviess,628,27,0,38.70186039,-87.07185406,18027.0,1883.0020089352645,4.2993630573248405,601,616,27,0,589,612,33147,12,0,0,12,4
2020-09-18,US,Indiana,DeKalb,431,11,0,41.39804622,-84.99906934,18033.0,991.3743530764807,2.5522041763341066,420,425,11,0,414,421,43226,6,0,0,6,4
2020-09-18,US,Indiana,Dearborn,616,28,0,39.14647946,-84.97333539,18029.0,1245.5012333697275,4.545454545454546,588,614,28,0,586,612,49568,2,0,0,2,2
2020-09-18,US,Indiana,Decatur,450,39,0,39.30712658,-85.50087166,18031.0,1694.3409013893595,8.666666666666666,411,447,39,0,408,446,26794,3,0,0,3,1
2020-09-18,US,Indiana,Delaware,1824,60,0,40.22787247,-85.39732772,18035.0,1598.1075042712575,3.2894736842105265,1764,1801,59,0,1742,1773,114772,23,1,0,22,28
2020-09-18,US,Indiana,Dubois,927,18,0,38.36597551,-86.87924170000002,18037.0,2169.1314114563834,1.9417475728155342,909,921,18,0,903,914,42565,6,0,0,6,7
2020-09-18,US,Indiana,Elkhart,6268,107,0,41.59761169,-85.85875695,18039.0,3037.690037365332,1.7070835992342055,6161,6198,106,0,6092,6139,205560,70,1,0,69,59
2020-09-18,US,Indiana,Fayette,412,13,0,39.63684962,-85.17797541,18041.0,1783.3953770236346,3.155339805825242,399,404,13,0,391,401,23047,8,0,0,8,3
2020-09-18,US,Indiana,Floyd,1286,61,0,38.32117957,-85.90385377,18043.0,1637.757571126563,4.743390357698289,1225,1279,61,0,1218,1270,77781,7,0,0,7,9
2020-09-18,US,Indiana,Fountain,115,2,0,40.12361933,-87.24217689,18045.0,703.5360332803133,1.7391304347826086,113,115,2,0,113,113,16351,0,0,0,0,2
2020-09-18,US,Indiana,Franklin,293,25,0,39.4142482,-85.06062647,18047.0,1287.4593549521048,8.532423208191126,268,292,25,0,267,290,22736,1,0,0,1,2
2020-09-18,US,Indiana,Fulton,229,2,0,41.0469907,-86.26252745,18049.0,1146.4904375688395,0.8733624454148472,227,229,2,0,227,227,20092,0,0,0,0,2
2020-09-18,US,Indiana,Gibson,444,4,0,38.30393723,-87.58054938,18051.0,1319.112273091892,0.9009009009009008,440,434,4,0,430,425,33452,10,0,0,10,9
2020-09-18,US,Indiana,Grant,858,33,0,40.51587228,-85.65468702,18053.0,1304.5659809332665,3.8461538461538463,825,851,32,0,819,837,65936,7,1,0,6,14
2020-09-18,US,Indiana,Greene,413,35,0,39.03630547,-86.96223202,18055.0,1293.7785853016728,8.474576271186441,378,409,35,0,374,406,32006,4,0,0,4,3
2020-09-18,US,Indiana,Hamilton,4589,109,0,40.07306535,-86.05244729,18057.0,1357.6481238776253,2.3752451514491173,4480,4600,109,0,4491,4565,330086,-11,0,0,-11,35
2020-09-18,US,Indiana,Hancock,898,42,0,39.82304555,-85.77566351,18059.0,1148.8076962439873,4.67706013363029,856,892,42,0,850,888,76351,6,0,0,6,4
2020-09-18,US,Indiana,Harrison,551,24,0,38.19467379,-86.10948271,18061.0,1359.9901271134147,4.355716878402904,527,548,24,0,524,543,40350,3,0,0,3,5
2020-09-18,US,Indiana,Hendricks,2617,120,0,39.76719009,-86.51037283,18063.0,1536.600689327172,4.585403133358809,2497,2607,120,0,2487,2584,167009,10,0,0,10,23
2020-09-18,US,Indiana,Henry,742,24,0,39.93029017,-85.39625719,18065.0,1546.7355957641958,3.2345013477088953,718,734,24,0,710,724,48271,8,0,0,8,10
2020-09-18,US,Indiana,Howard,1261,63,0,40.48527731,-86.11351892,18067.0,1527.670091102927,4.9960348929421095,1198,1251,63,0,1188,1247,82366,10,0,0,10,4
2020-09-18,US,Indiana,Huntington,212,3,0,40.82907273,-85.48822092,18069.0,580.5038335158818,1.4150943396226414,209,207,3,0,204,203,36240,5,0,0,5,4
2020-09-18,US,Indiana,Jackson,727,9,0,38.90915820000001,-86.03851889,18071.0,1643.6435983812255,1.237964236588721,718,725,9,0,716,725,44111,2,0,0,2,0
2020-09-18,US,Indiana,Jasper,375,2,0,41.02078733,-87.11553319,18073.0,1117.3350813419936,0.5333333333333333,373,373,2,0,371,372,33370,2,0,0,2,1
2020-09-18,US,Indiana,Jay,166,0,0,40.43781032,-85.00576229,18075.0,812.2920336660794,0.0,166,164,0,0,164,157,20764,2,0,0,2,7
2020-09-18,US,Indiana,Jefferson,238,3,0,38.78576239,-85.43633383,18077.0,736.659650860468,1.2605042016806722,235,236,3,0,233,234,32208,2,0,0,2,2
2020-09-18,US,Indiana,Jennings,307,12,0,38.99588883,-85.62710784,18079.0,1106.904633135028,3.908794788273616,295,305,12,0,293,305,27611,2,0,0,2,0
2020-09-18,US,Indiana,Johnson,2236,122,0,39.48994426,-86.10149107,18081.0,1413.6956507994714,5.456171735241503,2114,2241,122,0,2119,2227,156225,-5,0,0,-5,14
2020-09-18,US,Indiana,Knox,468,9,0,38.68861576,-87.4194665,18083.0,1278.898180029513,1.9230769230769231,459,465,9,0,456,448,36895,3,0,0,3,17
2020-09-18,US,Indiana,Kosciusko,1174,17,0,41.24521668,-85.86312322,18085.0,1477.5473217881595,1.4480408858603069,1157,1167,17,0,1150,1156,79344,7,0,0,7,11
2020-09-18,US,Indiana,LaGrange,629,11,0,41.64232188,-85.42674232,18087.0,1587.8224869995456,1.7488076311605725,618,628,11,0,617,628,39330,1,0,0,1,0
2020-09-18,US,Indiana,LaPorte,1351,37,0,41.54366008,-86.74072188,18091.0,1229.4336051252185,2.7387120651369354,1314,1348,37,0,1311,1336,110007,3,0,0,3,12
2020-09-18,US,Indiana,Lake,10095,315,0,41.41874274,-87.38277575,18089.0,2079.329671076617,3.1203566121842496,9780,10013,312,0,9701,9956,484411,82,3,0,79,57
2020-09-18,US,Indiana,Lawrence,500,28,0,38.84112637,-86.48361629,18093.0,1102.0498126515317,5.6,472,499,28,0,471,498,45668,1,0,0,1,1
2020-09-18,US,Indiana,Madison,1546,75,0,40.16143691,-85.71964711,18095.0,1193.1866418664958,4.851228978007762,1471,1530,75,0,1455,1513,129641,16,0,0,16,17
2020-09-18,US,Indiana,Marion,20510,758,0,39.78163624,-86.13826325,18097.0,2126.309634639668,3.6957581667479285,19752,20341,757,0,19584,20249,954670,169,1,0,168,92
2020-09-18,US,Indiana,Marshall,975,24,0,41.32467367,-86.26185087,18099.0,2107.743525444248,2.4615384615384617,951,974,23,0,951,972,46248,1,1,0,0,2
2020-09-18,US,Indiana,Martin,157,0,0,38.7099921,-86.80373186,18101.0,1530.960507069722,0.0,157,156,0,0,156,150,10217,1,0,0,1,6
2020-09-18,US,Indiana,Miami,422,3,0,40.76940965,-86.04525048,18103.0,1188.1968690167814,0.7109004739336493,419,420,2,0,418,418,35567,2,1,0,1,2
2020-09-18,US,Indiana,Monroe,2300,36,0,39.16130004,-86.52414358,18105.0,1549.5415378189193,1.5652173913043481,2264,2243,36,0,2207,2209,146917,57,0,0,57,34
2020-09-18,US,Indiana,Montgomery,495,21,0,40.04034823,-86.89335024,18107.0,1291.1471646929938,4.242424242424242,474,494,21,0,473,493,38346,1,0,0,1,1
2020-09-18,US,Indiana,Morgan,685,38,0,39.47899078,-86.44573375,18109.0,971.7828313637586,5.547445255474453,647,680,38,0,642,673,70116,5,0,0,5,7
2020-09-18,US,Indiana,Newton,167,11,0,40.95610449,-87.39635768,18111.0,1194.2219679633868,6.586826347305388,156,164,11,0,153,163,14011,3,0,0,3,1
2020-09-18,US,Indiana,Noble,869,32,0,41.39672484,-85.41966713,18113.0,1820.1239946380692,3.682393555811277,837,864,32,0,832,858,47532,5,0,0,5,6
2020-09-18,US,Indiana,Ohio,76,7,0,38.955304999999996,-84.96515993,18115.0,1293.6170212765958,9.210526315789474,69,75,7,0,68,75,5844,1,0,0,1,0
2020-09-18,US,Indiana,Orange,281,24,0,38.54118920000001,-86.49523093,18117.0,1430.3166038888323,8.540925266903914,257,279,24,0,255,277,19489,2,0,0,2,2
2020-09-18,US,Indiana,Owen,164,1,0,39.31145587,-86.83900724,18119.0,788.4994470888022,0.6097560975609756,163,162,1,0,161,162,20845,2,0,0,2,0
2020-09-18,US,Indiana,Parke,93,2,0,39.77202286,-87.20375833,18121.0,549.0937001830313,2.150537634408602,91,90,2,0,88,89,16927,3,0,0,3,1
2020-09-18,US,Indiana,Perry,199,14,0,38.07809328,-86.63741946,18123.0,1038.134487975377,7.035175879396986,185,200,14,0,186,200,19102,-1,0,0,-1,0
2020-09-18,US,Indiana,Pike,134,1,0,38.40112197,-87.23574907,18125.0,1081.6046492856567,0.746268656716418,133,133,1,0,132,131,12410,1,0,0,1,2
2020-09-18,US,Indiana,Porter,2011,44,0,41.45986947,-87.06848888,18127.0,1180.2405084835289,2.187966185977126,1967,1978,43,0,1935,1952,169594,33,1,0,32,26
2020-09-18,US,Indiana,Posey,291,0,0,38.02097333,-87.86480429,18129.0,1144.4527470798755,0.0,291,290,0,0,290,284,25540,1,0,0,1,6
2020-09-18,US,Indiana,Pulaski,113,1,0,41.04166107,-86.69890683,18131.0,914.7575487735772,0.8849557522123894,112,112,1,0,111,112,12469,1,0,0,1,0
2020-09-18,US,Indiana,Putnam,515,9,0,39.66437981,-86.84517605,18133.0,1370.5556738343626,1.7475728155339805,506,509,8,0,501,508,37779,6,1,0,5,1
2020-09-18,US,Indiana,Randolph,203,7,0,40.15734772,-85.01139319,18135.0,823.0285830123657,3.4482758620689653,196,204,7,0,197,200,24851,-1,0,0,-1,4
2020-09-18,US,Indiana,Ripley,278,8,0,39.10235626,-85.26212744,18137.0,981.4997881655133,2.8776978417266186,270,276,8,0,268,270,28523,2,0,0,2,6
2020-09-18,US,Indiana,Rush,149,4,0,39.62002287,-85.4655599,18139.0,898.6189011519209,2.684563758389262,145,148,4,0,144,147,16663,1,0,0,1,1
2020-09-18,US,Indiana,Scott,350,10,0,38.68672078,-85.74627859,18143.0,1466.0914003267292,2.8571428571428568,340,344,10,0,334,344,23878,6,0,0,6,0
2020-09-18,US,Indiana,Shelby,661,29,0,39.52305623,-85.79158570000001,18145.0,1477.7884593887634,4.387291981845689,632,655,29,0,626,650,44593,6,0,0,6,5
2020-09-18,US,Indiana,Spencer,207,4,0,38.01519732,-87.0079644,18147.0,1020.8610741233913,1.932367149758454,203,198,4,0,194,194,20327,9,0,0,9,4
2020-09-18,US,Indiana,St. Joseph,5935,96,0,41.61756781,-86.29040834,18141.0,2183.3820164369854,1.6175231676495367,5839,5867,96,0,5771,5828,270771,68,0,0,68,39
2020-09-18,US,Indiana,Starke,245,7,0,41.27890281,-86.64686895,18149.0,1065.4490106544902,2.8571428571428568,238,238,7,0,231,229,22935,7,0,0,7,9
2020-09-18,US,Indiana,Steuben,357,7,0,41.64423868,-85.00101094,18151.0,1031.9708619991907,1.96078431372549,350,344,7,0,337,342,34586,13,0,0,13,2
2020-09-18,US,Indiana,Sullivan,326,12,0,39.08952258,-87.41414469,18153.0,1577.2412792104114,3.6809815950920246,314,326,12,0,314,325,20690,0,0,0,0,1
2020-09-18,US,Indiana,Switzerland,67,0,0,38.82767338,-85.03022429,18155.0,623.1978420612036,0.0,67,66,0,0,66,66,10717,1,0,0,1,0
2020-09-18,US,Indiana,Tippecanoe,2142,13,0,40.38872739,-86.89413959,18157.0,1094.3535037704617,0.6069094304388422,2129,2113,13,0,2100,2082,193048,29,0,0,29,31
2020-09-18,US,Indiana,Tipton,215,22,0,40.31123252,-86.05234925,18159.0,1419.3292843939796,10.232558139534882,193,215,22,0,193,215,15128,0,0,0,0,0
2020-09-18,US,Indiana,Unassigned,0,225,0,0.0,0.0,90018.0,0.0,0.0,-225,0,225,0,-225,0,,0,0,0,0,0
2020-09-18,US,Indiana,Union,76,0,0,39.62550777,-84.92497066,18161.0,1077.4028919761838,0.0,76,76,0,0,76,75,7037,0,0,0,0,1
2020-09-18,US,Indiana,Vanderburgh,3227,28,0,38.02658833,-87.58763124,18163.0,1778.4415627359454,0.8676789587852495,3199,3181,26,0,3155,3134,180974,46,2,0,44,47
2020-09-18,US,Indiana,Vermillion,124,0,0,39.8523352,-87.46160542,18165.0,800.1032391276294,0.0,124,121,0,0,121,120,15479,3,0,0,3,1
2020-09-18,US,Indiana,Vigo,1738,22,0,39.42944561,-87.39169027,18167.0,1623.722416338123,1.2658227848101269,1716,1696,21,0,1675,1683,107386,42,1,0,41,13
2020-09-18,US,Indiana,Wabash,258,8,0,40.84704239,-85.79328272,18169.0,832.365466511808,3.1007751937984502,250,254,7,0,247,252,31280,4,1,0,3,2
2020-09-18,US,Indiana,Warren,38,1,0,40.34728141,-87.35602659,18171.0,459.7701149425288,2.631578947368421,37,38,1,0,37,38,8263,0,0,0,0,0
2020-09-18,US,Indiana,Warrick,1093,35,0,38.08922676,-87.2716085,18173.0,1734.9757135147147,3.202195791399817,1058,1041,34,0,1007,1033,62567,52,1,0,51,8
2020-09-18,US,Indiana,Washington,251,1,0,38.60219804,-86.1049363,18175.0,895.2775003566843,0.398406374501992,250,249,1,0,248,249,27943,2,0,0,2,0
2020-09-18,US,Indiana,Wayne,736,14,0,39.863344399999995,-85.01044989,18177.0,1117.1149292696255,1.9021739130434785,722,722,14,0,708,718,65936,14,0,0,14,4
2020-09-18,US,Indiana,Wells,246,2,0,40.72934187,-85.22132966,18179.0,869.3808312128923,0.8130081300813008,244,242,2,0,240,237,28206,4,0,0,4,5
2020-09-18,US,Indiana,White,475,14,0,40.74911165,-86.86492015,18181.0,1970.790805742262,2.9473684210526314,461,471,14,0,457,469,24133,4,0,0,4,2
2020-09-18,US,Indiana,Whitley,244,6,0,41.13863784,-85.50791236,18183.0,718.4077258273468,2.459016393442623,238,245,6,0,239,241,34074,-1,0,0,-1,4
2020-09-18,US,Iowa,Adair,62,1,0,41.33075609,-94.47105874,19001.0,866.8903803131991,1.6129032258064515,61,59,1,0,58,59,7063,3,0,0,3,0
2020-09-18,US,Iowa,Adams,27,0,0,41.02903567,-94.69932645,19003.0,749.5835646862854,0.0,27,27,0,0,27,27,3645,0,0,0,0,0
2020-09-18,US,Iowa,Allamakee,237,5,0,43.28383218,-91.37860922,19005.0,1731.5701030174619,2.109704641350211,232,235,5,0,230,227,13832,2,0,0,2,8
2020-09-18,US,Iowa,Appanoose,119,3,0,40.74324454,-92.86865906,19007.0,957.6694028649606,2.5210084033613445,116,116,3,0,113,116,12437,3,0,0,3,0
2020-09-18,US,Iowa,Audubon,55,1,0,41.6844628,-94.90581859,19009.0,1000.7278020378457,1.818181818181818,54,50,1,0,49,48,5506,5,0,0,5,2
2020-09-18,US,Iowa,Benton,278,1,0,42.08011739,-92.06463573,19011.0,1084.0319750438682,0.3597122302158273,277,261,1,0,260,257,25642,17,0,0,17,4
2020-09-18,US,Iowa,Black Hawk,4316,86,0,42.4704581,-92.30524729,19013.0,3288.9322400707165,1.9925857275254863,4230,4251,84,0,4167,4243,132408,65,2,0,63,8
2020-09-18,US,Iowa,Boone,455,7,0,42.03657094,-93.9313999,19015.0,1734.390485629336,1.5384615384615383,448,434,6,0,428,431,26346,21,1,0,20,3
2020-09-18,US,Iowa,Bremer,459,7,0,42.77461496,-92.31795937,19017.0,1831.457984199186,1.5250544662309369,452,449,7,0,442,447,24947,10,0,0,10,2
2020-09-18,US,Iowa,Buchanan,229,1,0,42.4709188,-91.83510825,19019.0,1081.4639905548995,0.4366812227074236,228,218,1,0,217,217,21199,11,0,0,11,1
2020-09-18,US,Iowa,Buena Vista,1933,12,0,42.73545875,-95.15100162,19021.0,9852.191641182468,0.6207966890843248,1921,1918,12,0,1906,1913,19874,15,0,0,15,5
2020-09-18,US,Iowa,Butler,257,2,0,42.73172833,-92.79015971,19023.0,1779.9016552392825,0.7782101167315175,255,251,2,0,249,250,14539,6,0,0,6,1
2020-09-18,US,Iowa,Calhoun,167,2,0,42.38521079,-94.64046046,19025.0,1727.3479520066198,1.1976047904191616,165,161,2,0,159,161,9699,6,0,0,6,0
2020-09-18,US,Iowa,Carroll,627,5,0,42.03617207,-94.86032705,19027.0,3109.3478799900818,0.7974481658692185,622,608,5,0,603,595,20154,19,0,0,19,13
2020-09-18,US,Iowa,Cass,128,2,0,41.33149454,-94.92792482,19029.0,997.1953879713308,1.5625,126,126,2,0,124,124,12930,2,0,0,2,2
2020-09-18,US,Iowa,Cedar,217,1,0,41.77233777,-91.13246684,19031.0,1164.9755730928225,0.4608294930875576,216,210,1,0,209,208,18627,7,0,0,7,2
2020-09-18,US,Iowa,Cerro Gordo,986,21,0,43.08177563,-93.2612239,19033.0,2322.732626619553,2.129817444219067,965,977,21,0,956,966,42647,9,0,0,9,11
2020-09-18,US,Iowa,Cherokee,179,2,0,42.73538914,-95.62389402,19035.0,1593.2354250111262,1.11731843575419,177,173,2,0,171,168,11321,6,0,0,6,5
2020-09-18,US,Iowa,Chickasaw,203,0,0,43.06001295,-92.31773347,19037.0,1701.1648370066202,0.0,203,197,0,0,197,196,11964,6,0,0,6,1
2020-09-18,US,Iowa,Clarke,253,3,0,41.02868181,-93.78499767,19039.0,2692.9217668972856,1.1857707509881423,250,253,3,0,250,251,9423,0,0,0,0,2
2020-09-18,US,Iowa,Clay,277,3,0,43.08247182,-95.15096481,19041.0,1729.5204795204795,1.083032490974729,274,266,3,0,263,265,16134,11,0,0,11,1
2020-09-18,US,Iowa,Clayton,227,3,0,42.84443388,-91.34133693,19043.0,1293.5209983474842,1.3215859030837005,224,224,3,0,221,223,17556,3,0,0,3,1
2020-09-18,US,Iowa,Clinton,1046,18,0,41.89981633,-90.53275096,19045.0,2252.9022809020225,1.7208413001912046,1028,1024,18,0,1006,1018,46518,22,0,0,22,6
2020-09-18,US,Iowa,Crawford,980,4,0,42.03718237,-95.3819718,19047.0,5826.3971462544605,0.4081632653061225,976,944,4,0,940,935,17158,36,0,0,36,9
2020-09-18,US,Iowa,Dallas,2653,38,0,41.68560356,-94.04127625,19049.0,2838.860175703295,1.4323407463249151,2615,2632,38,0,2594,2628,90180,21,0,0,21,4
2020-09-18,US,Iowa,Davis,113,4,0,40.74773536,-92.41005468,19051.0,1255.5555555555557,3.5398230088495577,109,110,4,0,106,110,9017,3,0,0,3,0
2020-09-18,US,Iowa,Decatur,58,0,0,40.73742757,-93.78645949,19053.0,736.9758576874208,0.0,58,58,0,0,58,58,7890,0,0,0,0,0
2020-09-18,US,Iowa,Delaware,318,3,0,42.47104597,-91.3664492,19055.0,1869.3786373523014,0.9433962264150944,315,305,3,0,302,305,17069,13,0,0,13,0
2020-09-18,US,Iowa,Des Moines,724,7,0,40.92012606,-91.18326592,19057.0,1857.9823953601765,0.9668508287292816,717,713,7,0,706,711,39138,11,0,0,11,2
2020-09-18,US,Iowa,Dickinson,475,6,0,43.37787725,-95.1510206,19059.0,2752.3467377448133,1.263157894736842,469,466,6,0,460,459,17153,9,0,0,9,7
2020-09-18,US,Iowa,Dubuque,2661,40,0,42.46815349,-90.88181925,19061.0,2734.531553472886,1.5031942878617062,2621,2518,40,0,2478,2501,96854,143,0,0,143,17
2020-09-18,US,Iowa,Emmet,248,10,0,43.37782951,-94.67858943,19063.0,2693.310165073849,4.032258064516129,238,242,10,0,232,241,9253,6,0,0,6,1
2020-09-18,US,Iowa,Fayette,178,1,0,42.86271799,-91.84412309999999,19065.0,905.8524173027988,0.5617977528089888,177,175,1,0,174,174,19660,3,0,0,3,1
2020-09-18,US,Iowa,Floyd,291,3,0,43.06000529999999,-92.78940097,19067.0,1860.3759110088226,1.0309278350515465,288,279,3,0,276,277,15761,12,0,0,12,2
2020-09-18,US,Iowa,Franklin,331,17,0,42.73270384,-93.26256925,19069.0,3286.9910625620646,5.135951661631419,314,330,17,0,313,329,10124,1,0,0,1,1
2020-09-18,US,Iowa,Fremont,79,0,0,40.74542720000001,-95.60129045,19071.0,1135.057471264368,0.0,79,73,0,0,73,69,6993,6,0,0,6,4
2020-09-18,US,Iowa,Greene,82,0,0,42.03614551,-94.39658081,19073.0,922.5922592259227,0.0,82,79,0,0,79,77,8981,3,0,0,3,2
2020-09-18,US,Iowa,Grundy,200,2,0,42.40183723,-92.78829551,19075.0,1635.0555918901246,1.0,198,193,2,0,191,193,12304,7,0,0,7,0
2020-09-18,US,Iowa,Guthrie,211,5,0,41.68378965,-94.50111014,19077.0,1973.991954345589,2.3696682464454977,206,209,5,0,204,207,10720,2,0,0,2,2
2020-09-18,US,Iowa,Hamilton,314,3,0,42.38382428,-93.70197703,19079.0,2125.4992215528328,0.9554140127388536,311,312,3,0,309,311,14952,2,0,0,2,1
2020-09-18,US,Iowa,Hancock,171,2,0,43.08178477,-93.73454884,19081.0,1608.6547507055504,1.1695906432748535,169,170,2,0,168,170,10712,1,0,0,1,0
2020-09-18,US,Iowa,Hardin,273,1,0,42.38353877,-93.23654611,19083.0,1620.56274486525,0.3663003663003663,272,266,1,0,265,265,16868,7,0,0,7,1
2020-09-18,US,Iowa,Harrison,169,2,0,41.68330137,-95.81558439,19085.0,1202.9325930671225,1.183431952662722,167,164,2,0,162,164,14134,5,0,0,5,0
2020-09-18,US,Iowa,Henry,597,4,0,40.98767962,-91.54436349,19087.0,2991.88132705222,0.6700167504187605,593,510,4,0,506,474,20067,87,0,0,87,36
2020-09-18,US,Iowa,Howard,179,5,0,43.35671042,-92.31702714,19089.0,1954.5752347674163,2.793296089385475,174,176,4,0,172,176,9187,3,1,0,2,0
2020-09-18,US,Iowa,Humboldt,169,3,0,42.7764426,-94.20722537,19091.0,1768.1523331240844,1.7751479289940828,166,168,2,0,166,168,9547,1,1,0,0,0
2020-09-18,US,Iowa,Ida,84,0,0,42.38696136,-95.51355387,19093.0,1224.4897959183672,0.0,84,77,0,0,77,76,6841,7,0,0,7,1
2020-09-18,US,Iowa,Iowa,179,1,0,41.68630265,-92.0643373,19095.0,1106.0306475531388,0.5586592178770949,178,174,1,0,173,170,16141,5,0,0,5,4
2020-09-18,US,Iowa,Jackson,292,3,0,42.17178824,-90.57354837,19097.0,1502.1348834816604,1.0273972602739727,289,280,3,0,277,276,19432,12,0,0,12,4
2020-09-18,US,Iowa,Jasper,742,32,0,41.68576082,-93.05567785,19099.0,1995.4282640849808,4.31266846361186,710,720,32,0,688,707,37147,22,0,0,22,13
2020-09-18,US,Iowa,Jefferson,132,1,0,41.03192394,-91.94849466,19101.0,721.5086089095381,0.7575757575757576,131,129,1,0,128,129,18381,3,0,0,3,0
2020-09-18,US,Iowa,Johnson,4962,27,0,41.67169354,-91.58754744,19103.0,3283.048828900357,0.5441354292623942,4935,4907,27,0,4880,4888,151260,55,0,0,55,19
2020-09-18,US,Iowa,Jones,239,3,0,42.12118609,-91.13139641,19105.0,1155.6501136308684,1.2552301255230125,236,231,3,0,228,231,20744,8,0,0,8,0
2020-09-18,US,Iowa,Keokuk,89,1,0,41.33649833,-92.1785067,19107.0,868.6316611360531,1.1235955056179776,88,84,1,0,83,83,10225,5,0,0,5,1
2020-09-18,US,Iowa,Kossuth,209,0,0,43.20405458,-94.20691791,19109.0,1410.9228380476611,0.0,209,195,0,0,195,190,14908,14,0,0,14,5
2020-09-18,US,Iowa,Lee,585,7,0,40.64181461,-91.48183025,19111.0,1738.1228273464658,1.1965811965811963,578,572,7,0,565,569,34055,13,0,0,13,3
2020-09-18,US,Iowa,Linn,3722,105,0,42.07923082,-91.59809485,19113.0,1641.773927465528,2.8210639441160668,3617,3640,102,0,3538,3615,225909,82,3,0,79,25
2020-09-18,US,Iowa,Louisa,419,15,0,41.21842119,-91.26102611,19115.0,3797.009515178976,3.5799522673031032,404,413,14,0,399,412,11169,6,1,0,5,1
2020-09-18,US,Iowa,Lucas,138,6,0,41.02958964,-93.32780803,19117.0,1604.6511627906975,4.3478260869565215,132,129,6,0,123,127,8645,9,0,0,9,2
2020-09-18,US,Iowa,Lyon,232,3,0,43.38107862,-96.20926845,19119.0,1973.6282433007232,1.293103448275862,229,223,3,0,220,214,11811,9,0,0,9,9
2020-09-18,US,Iowa,Madison,199,2,0,41.33081904,-94.01554631,19121.0,1218.0193414126575,1.0050251256281406,197,192,2,0,190,191,16249,7,0,0,7,1
2020-09-18,US,Iowa,Mahaska,326,19,0,41.33521503,-92.64083907,19123.0,1475.4469336954062,5.828220858895706,307,309,19,0,290,308,22000,17,0,0,17,1
2020-09-18,US,Iowa,Marion,701,4,0,41.33445101,-93.09934783,19125.0,2108.0804739422006,0.5706134094151213,697,687,4,0,683,683,33407,14,0,0,14,4
2020-09-18,US,Iowa,Marshall,1756,34,0,42.03586837,-92.99908190000001,19127.0,4460.362213924662,1.9362186788154896,1722,1752,34,0,1718,1749,39981,4,0,0,4,3
2020-09-18,US,Iowa,Mills,162,1,0,41.03299766,-95.61920963,19129.0,1072.2086173803693,0.6172839506172839,161,154,1,0,153,153,15063,8,0,0,8,1
2020-09-18,US,Iowa,Mitchell,175,0,0,43.35638371,-92.78887719,19131.0,1653.126771207255,0.0,175,172,0,0,172,171,10569,3,0,0,3,1
2020-09-18,US,Iowa,Monona,128,1,0,42.05220391,-95.95743843,19133.0,1485.7806152060361,0.78125,127,125,1,0,124,125,8679,3,0,0,3,0
2020-09-18,US,Iowa,Monroe,144,10,0,41.02988815,-92.8690667,19135.0,1868.431296224212,6.9444444444444455,134,140,9,0,131,140,7790,4,1,0,3,0
2020-09-18,US,Iowa,Montgomery,85,5,0,41.03018714,-95.15642896,19137.0,857.1140465866694,5.882352941176472,80,84,5,0,79,84,10003,1,0,0,1,0
2020-09-18,US,Iowa,Muscatine,1054,52,0,41.48370744,-91.11216970000001,19139.0,2470.4669041815114,4.933586337760911,1002,1051,52,0,999,1050,42929,3,0,0,3,1
2020-09-18,US,Iowa,O'Brien,287,9,0,43.08310673,-95.62474482,19141.0,2086.8174216534576,3.1358885017421603,278,280,9,0,271,276,13840,7,0,0,7,4
2020-09-18,US,Iowa,Osceola,121,0,0,43.37824276,-95.62422844,19143.0,2030.8828465928168,0.0,121,113,0,0,113,112,6040,8,0,0,8,1
2020-09-18,US,Iowa,Page,141,0,0,40.7393172,-95.1497813,19145.0,933.3421592639174,0.0,141,140,0,0,140,140,15249,1,0,0,1,0
2020-09-18,US,Iowa,Palo Alto,156,0,0,43.08193849,-94.67824621,19147.0,1755.5705604321406,0.0,156,148,0,0,148,145,8929,8,0,0,8,3
2020-09-18,US,Iowa,Plymouth,1001,20,0,42.737633,-96.21366621,19149.0,3975.8509750963176,1.998001998001998,981,975,20,0,955,959,25095,26,0,0,26,16
2020-09-18,US,Iowa,Pocahontas,150,2,0,42.73420133,-94.67862564,19151.0,2266.203353980964,1.3333333333333333,148,149,2,0,147,146,6740,1,0,0,1,3
2020-09-18,US,Iowa,Polk,15133,256,0,41.68679484,-93.57767461,19153.0,3087.3529309757405,1.691667217339589,14877,14988,255,0,14733,14932,487204,145,1,0,144,56
2020-09-18,US,Iowa,Pottawattamie,1951,37,0,41.33640314,-95.53907776,19155.0,2093.212883290775,1.8964633521271144,1914,1894,37,0,1857,1881,93533,57,0,0,57,13
2020-09-18,US,Iowa,Poweshiek,236,8,0,41.68625425,-92.53155731,19157.0,1275.3999135322092,3.3898305084745757,228,230,8,0,222,227,18699,6,0,0,6,3
2020-09-18,US,Iowa,Ringgold,41,2,0,40.73518949,-94.24368535,19159.0,837.7605230894974,4.878048780487805,39,40,2,0,38,40,4968,1,0,0,1,0
2020-09-18,US,Iowa,Sac,198,0,0,42.38624071,-95.10547892,19161.0,2036.8274868840647,0.0,198,176,0,0,176,169,9719,22,0,0,22,7
2020-09-18,US,Iowa,Scott,2712,27,0,41.63935978,-90.61959493,19163.0,1568.1467304256314,0.9955752212389379,2685,2614,27,0,2587,2600,173283,98,0,0,98,14
2020-09-18,US,Iowa,Shelby,241,1,0,41.6850066,-95.31015553,19165.0,2104.068447703859,0.4149377593360996,240,238,1,0,237,238,11578,3,0,0,3,0
2020-09-18,US,Iowa,Sioux,1275,3,0,43.08221074,-96.17675679999999,19167.0,3658.0117630182185,0.2352941176470588,1272,1224,3,0,1221,1180,34909,51,0,0,51,44
2020-09-18,US,Iowa,Story,3263,17,0,42.03621213,-93.46499005,19169.0,3359.8649052174183,0.5209929512718358,3246,3214,17,0,3197,3199,98105,49,0,0,49,15
2020-09-18,US,Iowa,Tama,685,31,0,42.07991767,-92.53266945,19171.0,4064.317076065029,4.525547445255475,654,678,30,0,648,676,16904,7,1,0,6,2
2020-09-18,US,Iowa,Taylor,119,1,0,40.73710579,-94.69778563,19173.0,1944.1267766704784,0.8403361344537815,118,117,1,0,116,116,6191,2,0,0,2,1
2020-09-18,US,Iowa,Unassigned,15,0,0,0.0,0.0,90019.0,0.0,0.0,15,16,0,0,16,22,,-1,0,0,-1,-6
2020-09-18,US,Iowa,Union,119,3,0,41.0277278,-94.24234847,19175.0,972.1427987909483,2.5210084033613445,116,112,3,0,109,109,12359,7,0,0,7,3
2020-09-18,US,Iowa,Van Buren,108,1,0,40.75326764,-91.95017958,19177.0,1533.2197614991485,0.925925925925926,107,108,1,0,107,108,7020,0,0,0,0,0
2020-09-18,US,Iowa,Wapello,1243,57,0,41.03064984,-92.40954728,19179.0,3554.5769109782955,4.585679806918745,1186,1220,57,0,1163,1216,35205,23,0,0,23,4
2020-09-18,US,Iowa,Warren,922,6,0,41.33559454,-93.56007641,19181.0,1791.4739828236118,0.6507592190889371,916,918,6,0,912,914,51056,4,0,0,4,4
2020-09-18,US,Iowa,Washington,427,11,0,41.33577126,-91.71725711,19183.0,1944.0018210789885,2.5761124121779857,416,414,11,0,403,414,22141,13,0,0,13,0
2020-09-18,US,Iowa,Wayne,79,2,0,40.73969028,-93.32752197,19185.0,1226.5176214873468,2.5316455696202533,77,76,2,0,74,76,6401,3,0,0,3,0
2020-09-18,US,Iowa,Webster,1184,14,0,42.42853483,-94.17987389,19187.0,3297.682709447415,1.1824324324324325,1170,1179,14,0,1165,1174,36277,5,0,0,5,5
2020-09-18,US,Iowa,Winnebago,262,11,0,43.37751174,-93.73407298,19189.0,2530.4230249179063,4.198473282442748,251,247,11,0,236,239,10518,15,0,0,15,8
2020-09-18,US,Iowa,Winneshiek,283,5,0,43.29094334,-91.84422722,19191.0,1415.6370366664999,1.7667844522968197,278,274,5,0,269,271,20029,9,0,0,9,3
2020-09-18,US,Iowa,Woodbury,4865,61,0,42.38979414,-96.0459439,19193.0,4718.399332732016,1.2538540596094554,4804,4754,59,0,4695,4674,102539,111,2,0,109,80
2020-09-18,US,Iowa,Worth,100,0,0,43.37750768,-93.26087602,19195.0,1354.8299688389104,0.0,100,99,0,0,99,99,7453,1,0,0,1,0
2020-09-18,US,Iowa,Wright,557,1,0,42.73305373,-93.73515113,19197.0,4434.007323674574,0.17953321364452424,556,549,1,0,548,547,12690,8,0,0,8,2
2020-09-18,US,Kansas,Allen,32,0,0,37.88582951,-95.30030847,20001.0,258.7112943649446,0.0,32,32,0,0,32,32,12444,0,0,0,0,0
2020-09-18,US,Kansas,Anderson,56,0,0,38.21413251,-95.29272815,20003.0,712.6495291422754,0.0,56,55,0,0,55,55,7878,1,0,0,1,0
2020-09-18,US,Kansas,Atchison,307,1,0,39.53185661,-95.30870026,20005.0,1910.0354631991531,0.3257328990228013,306,299,1,0,298,299,16193,8,0,0,8,0
2020-09-18,US,Kansas,Barber,5,0,0,37.2288586,-98.68460053,20007.0,112.943302462164,0.0,5,5,0,0,5,5,4472,0,0,0,0,0
2020-09-18,US,Kansas,Barton,433,5,0,38.47889676,-98.75636726,20009.0,1679.6617401761123,1.1547344110854505,428,393,5,0,388,393,26111,40,0,0,40,0
2020-09-18,US,Kansas,Bourbon,130,2,0,37.85508555,-94.84865997,20011.0,894.4543828264757,1.5384615384615383,128,118,2,0,116,118,14653,12,0,0,12,0
2020-09-18,US,Kansas,Brown,90,3,0,39.82652589,-95.56421698,20013.0,941.0288582183186,3.333333333333333,87,90,3,0,87,80,9598,0,0,0,0,10
2020-09-18,US,Kansas,Butler,488,3,0,37.78134351,-96.83878537,20015.0,729.3270164845842,0.6147540983606558,485,483,3,0,480,477,66765,5,0,0,5,6
2020-09-18,US,Kansas,Chase,81,1,0,38.30292938,-96.59563862,20017.0,3058.912386706949,1.2345679012345678,80,81,1,0,80,81,2629,0,0,0,0,0
2020-09-18,US,Kansas,Chautauqua,13,0,0,37.14994405,-96.2454192,20019.0,400.0,0.0,13,13,0,0,13,13,3309,0,0,0,0,0
2020-09-18,US,Kansas,Cherokee,442,7,0,37.16928494,-94.8462897,20021.0,2216.761121420332,1.5837104072398192,435,418,7,0,411,388,20015,24,0,0,24,30
2020-09-18,US,Kansas,Cheyenne,24,0,0,39.78580976,-101.7318201,20023.0,903.2743695897627,0.0,24,15,0,0,15,15,2660,9,0,0,9,0
2020-09-18,US,Kansas,Clark,48,1,0,37.23577007,-99.81883015,20025.0,2407.221664994985,2.083333333333333,47,48,1,0,47,48,2005,0,0,0,0,0
2020-09-18,US,Kansas,Clay,46,2,0,39.34948772,-97.16518128,20027.0,574.8562859285179,4.3478260869565215,44,46,2,0,44,46,7997,0,0,0,0,0
2020-09-18,US,Kansas,Cloud,64,0,0,39.48028352,-97.64925343,20029.0,728.4315957204643,0.0,64,62,0,0,62,62,8729,2,0,0,2,0
2020-09-18,US,Kansas,Coffey,108,8,0,38.2365018,-95.73379515,20031.0,1320.4548233280352,7.407407407407407,100,101,8,0,93,101,8233,7,0,0,7,0
2020-09-18,US,Kansas,Comanche,10,0,0,37.19114520000001,-99.27113247,20033.0,588.2352941176471,0.0,10,10,0,0,10,10,1748,0,0,0,0,0
2020-09-18,US,Kansas,Cowley,321,3,0,37.23781842,-96.83776647,20035.0,919.5599862495703,0.9345794392523364,318,309,3,0,306,309,35218,12,0,0,12,0
2020-09-18,US,Kansas,Crawford,951,6,0,37.50675523,-94.85245778,20037.0,2449.8943788963884,0.6309148264984227,945,858,5,0,853,858,39019,93,1,0,92,0
2020-09-18,US,Kansas,Decatur,15,0,0,39.78468441,-100.45940809999999,20039.0,530.5978068623983,0.0,15,11,0,0,11,11,2871,4,0,0,4,0
2020-09-18,US,Kansas,Dickinson,112,1,0,38.86600962,-97.15532383,20041.0,606.5200909780136,0.8928571428571429,111,103,1,0,102,103,18717,9,0,0,9,0
2020-09-18,US,Kansas,Doniphan,105,0,0,39.79067154,-95.14056866,20043.0,1381.578947368421,0.0,105,95,0,0,95,95,7682,10,0,0,10,0
2020-09-18,US,Kansas,Douglas,1999,10,0,38.88503636,-95.2925121,20045.0,1635.0534520975962,0.5002501250625313,1989,1971,10,0,1961,1955,121436,28,0,0,28,16
2020-09-18,US,Kansas,Edwards,44,0,0,37.88735543,-99.31263309,20047.0,1572.5518227305215,0.0,44,44,0,0,44,44,2849,0,0,0,0,0
2020-09-18,US,Kansas,Elk,1,0,0,37.45338105,-96.24369667,20049.0,39.52569169960474,0.0,1,1,0,0,1,1,2508,0,0,0,0,0
2020-09-18,US,Kansas,Ellis,775,3,0,38.91458712,-99.31751551,20051.0,2714.2506916961443,0.3870967741935484,772,717,3,0,714,717,28710,58,0,0,58,0
2020-09-18,US,Kansas,Ellsworth,26,0,0,38.69677695,-98.20462799,20053.0,426.08980662078005,0.0,26,27,0,0,27,27,6196,-1,0,0,-1,0
2020-09-18,US,Kansas,Finney,2016,12,0,38.04340344,-100.73819379999999,20055.0,5528.285847478543,0.5952380952380952,2004,2016,12,0,2004,2000,36611,0,0,0,0,16
2020-09-18,US,Kansas,Ford,2593,10,0,37.69200114,-99.88825298,20057.0,7712.900443201762,0.38565368299267255,2583,2546,10,0,2536,2546,33888,47,0,0,47,0
2020-09-18,US,Kansas,Franklin,299,3,0,38.56443815,-95.28644341,20059.0,1170.5292828061386,1.0033444816053512,296,292,3,0,289,292,25631,7,0,0,7,0
2020-09-18,US,Kansas,Geary,281,2,0,38.99871131,-96.7577178,20061.0,887.2750236817177,0.7117437722419929,279,281,2,0,279,279,32594,0,0,0,0,2
2020-09-18,US,Kansas,Gove,25,0,0,38.91588178,-100.4829321,20063.0,948.4066767830043,0.0,25,21,0,0,21,21,2612,4,0,0,4,0
2020-09-18,US,Kansas,Graham,30,1,0,39.34987223,-99.88332493,20065.0,1208.70265914585,3.333333333333333,29,30,1,0,29,30,2492,0,0,0,0,0
2020-09-18,US,Kansas,Grant,215,4,0,37.56227336,-101.3079758,20067.0,3006.9930069930074,1.8604651162790695,211,209,3,0,206,202,7336,6,1,0,5,7
2020-09-18,US,Kansas,Gray,122,0,0,37.73836671,-100.4369088,20069.0,2037.408149632599,0.0,122,117,0,0,117,117,6033,5,0,0,5,0
2020-09-18,US,Kansas,Greeley,6,0,0,38.4808095,-101.8061079,20071.0,487.0129870129869,0.0,6,6,0,0,6,6,1227,0,0,0,0,0
2020-09-18,US,Kansas,Greenwood,47,0,0,37.8774388,-96.23250453,20073.0,785.6904045469742,0.0,47,45,0,0,45,45,6055,2,0,0,2,0
2020-09-18,US,Kansas,Hamilton,42,0,0,37.99978709,-101.7921066,20075.0,1654.1945647892871,0.0,42,42,0,0,42,42,2607,0,0,0,0,0
2020-09-18,US,Kansas,Harper,119,2,0,37.19175361,-98.07578384,20077.0,2189.1096394407655,1.680672268907563,117,119,2,0,117,119,5506,0,0,0,0,0
2020-09-18,US,Kansas,Harvey,335,4,0,38.04293782,-97.42747573,20079.0,973.0169333991693,1.1940298507462686,331,329,4,0,325,329,34210,6,0,0,6,0
2020-09-18,US,Kansas,Haskell,103,1,0,37.562039399999996,-100.8710738,20081.0,2595.766129032258,0.9708737864077671,102,103,1,0,102,103,3997,0,0,0,0,0
2020-09-18,US,Kansas,Hodgeman,21,0,0,38.08780079,-99.89829881,20083.0,1170.5685618729096,0.0,21,21,0,0,21,21,1818,0,0,0,0,0
2020-09-18,US,Kansas,Jackson,231,2,0,39.41673394,-95.79356799,20085.0,1753.8531622503986,0.8658008658008658,229,231,2,0,229,226,13280,0,0,0,0,5
2020-09-18,US,Kansas,Jefferson,177,2,0,39.2347941,-95.38289232,20087.0,929.4753977839624,1.1299435028248588,175,170,1,0,169,168,18975,7,1,0,6,2
2020-09-18,US,Kansas,Jewell,15,1,0,39.78470589,-98.21820662,20089.0,521.0142410559222,6.666666666666668,14,14,1,0,13,14,2841,1,0,0,1,0
2020-09-18,US,Kansas,Johnson,9957,141,0,38.88548175,-94.82250877,20091.0,1652.885702380972,1.4160891834890028,9816,9814,140,0,9674,9689,597555,143,1,0,142,125
2020-09-18,US,Kansas,Kearny,79,1,0,38.00017981,-101.32168100000001,20093.0,2058.3637311099533,1.2658227848101269,78,79,1,0,78,79,3943,0,0,0,0,0
2020-09-18,US,Kansas,Kingman,69,1,0,37.55909527,-98.13638678,20095.0,964.7651006711408,1.4492753623188406,68,69,1,0,68,69,7310,0,0,0,0,0
2020-09-18,US,Kansas,Kiowa,17,0,0,37.55848695,-99.2856537,20097.0,686.8686868686867,0.0,17,17,0,0,17,17,2516,0,0,0,0,0
2020-09-18,US,Kansas,Labette,225,4,0,37.19113093,-95.29849679,20099.0,1146.9059027423793,1.7777777777777777,221,219,4,0,215,219,19964,6,0,0,6,0
2020-09-18,US,Kansas,Lane,12,0,0,38.48119447,-100.46607540000001,20101.0,781.7589576547231,0.0,12,11,0,0,11,11,1560,1,0,0,1,0
2020-09-18,US,Kansas,Leavenworth,1877,10,0,39.20183497,-95.03620809,20103.0,2295.799799408009,0.5327650506126798,1867,1839,10,0,1829,1839,81352,38,0,0,38,0
2020-09-18,US,Kansas,Lincoln,12,0,0,39.04549684,-98.20756994,20105.0,405.1316677920324,0.0,12,12,0,0,12,12,3023,0,0,0,0,0
2020-09-18,US,Kansas,Linn,66,0,0,38.21267844,-94.84254089,20107.0,680.2019993816346,0.0,66,66,0,0,66,66,9750,0,0,0,0,0
2020-09-18,US,Kansas,Logan,7,0,0,38.91735806,-101.148475,20109.0,250.53686471009303,0.0,7,7,0,0,7,7,2844,0,0,0,0,0
2020-09-18,US,Kansas,Lyon,1073,27,0,38.45576156,-96.15275715,20111.0,3232.4145202590753,2.516309412861137,1046,1068,21,0,1047,1057,33406,5,6,0,-1,11
2020-09-18,US,Kansas,Marion,72,1,0,38.35855394,-97.09852509999999,20115.0,605.8566139347022,1.3888888888888888,71,71,1,0,70,71,11950,1,0,0,1,0
2020-09-18,US,Kansas,Marshall,19,0,0,39.78359669,-96.52278974,20117.0,195.73503657154632,0.0,19,17,0,0,17,17,9722,2,0,0,2,0
2020-09-18,US,Kansas,McPherson,269,1,0,38.39184858,-97.64769869,20113.0,942.4707448672133,0.3717472118959108,268,268,1,0,267,266,28537,1,0,0,1,2
2020-09-18,US,Kansas,Meade,95,1,0,37.23859987,-100.36483100000001,20119.0,2355.566575750062,1.0526315789473684,94,88,1,0,87,88,4146,7,0,0,7,0
2020-09-18,US,Kansas,Miami,314,1,0,38.56383358,-94.83832189,20121.0,917.1364313462044,0.3184713375796178,313,314,1,0,313,314,33680,0,0,0,0,0
2020-09-18,US,Kansas,Mitchell,44,0,0,39.39331582,-98.20906732,20123.0,735.9090148854324,0.0,44,44,0,0,44,44,6150,0,0,0,0,0
2020-09-18,US,Kansas,Montgomery,358,5,0,37.19236568,-95.74329258,20125.0,1124.7604385937352,1.3966480446927374,353,346,5,0,341,346,32120,12,0,0,12,0
2020-09-18,US,Kansas,Morris,27,0,0,38.68827511,-96.65128437,20127.0,480.4270462633452,0.0,27,27,0,0,27,27,5521,0,0,0,0,0
2020-09-18,US,Kansas,Morton,14,2,0,37.19141121,-101.79925190000002,20129.0,541.1673753382296,14.285714285714285,12,14,2,0,12,14,2667,0,0,0,0,0
2020-09-18,US,Kansas,Nemaha,75,1,0,39.78345387,-96.01392079,20131.0,733.066171439742,1.3333333333333333,74,75,1,0,74,75,10155,0,0,0,0,0
2020-09-18,US,Kansas,Neosho,161,0,0,37.55862897,-95.30670046,20133.0,1005.8099581433124,0.0,161,161,0,0,161,155,15951,0,0,0,0,6
2020-09-18,US,Kansas,Ness,64,6,0,38.47974157,-99.91547333,20135.0,2327.2727272727275,9.375,58,56,5,0,51,56,2840,8,1,0,7,0
2020-09-18,US,Kansas,Norton,28,0,0,39.78443827,-99.90286639,20137.0,522.2906174221228,0.0,28,26,0,0,26,26,5430,2,0,0,2,0
2020-09-18,US,Kansas,Osage,90,0,0,38.65235984,-95.72707998,20139.0,564.2987021129851,0.0,90,83,0,0,83,83,15941,7,0,0,7,0
2020-09-18,US,Kansas,Osborne,5,0,0,39.3503437,-98.76753828,20141.0,146.1560947091494,0.0,5,5,0,0,5,5,3475,0,0,0,0,0
2020-09-18,US,Kansas,Ottawa,48,0,0,39.13237408,-97.65020313,20143.0,841.5147265077139,0.0,48,48,0,0,48,48,5802,0,0,0,0,0
2020-09-18,US,Kansas,Pawnee,328,1,0,38.18108732,-99.23692334,20145.0,5113.813532896787,0.3048780487804878,327,328,1,0,327,328,6562,0,0,0,0,0
2020-09-18,US,Kansas,Phillips,86,8,0,39.78465501,-99.34668865,20147.0,1643.1027894535728,9.30232558139535,78,85,8,0,77,82,5317,1,0,0,1,3
2020-09-18,US,Kansas,Pottawatomie,219,0,0,39.37925655,-96.34564657,20149.0,898.1667555263913,0.0,219,201,0,0,201,201,24277,18,0,0,18,0
2020-09-18,US,Kansas,Pratt,63,0,0,37.64780729,-98.73922153,20151.0,687.4727193365343,0.0,63,61,0,0,61,61,9378,2,0,0,2,0
2020-09-18,US,Kansas,Rawlins,4,0,0,39.78525843,-101.07616170000001,20153.0,158.10276679841897,0.0,4,3,0,0,3,3,2508,1,0,0,1,0
2020-09-18,US,Kansas,Reno,936,3,0,37.95230263,-98.08607292,20155.0,1509.7261201974256,0.3205128205128205,933,923,3,0,920,899,62342,13,0,0,13,24
2020-09-18,US,Kansas,Republic,42,1,0,39.82799632,-97.65036709,20157.0,905.95340811044,2.380952380952381,41,40,1,0,39,40,4664,2,0,0,2,0
2020-09-18,US,Kansas,Rice,66,1,0,38.34616184,-98.19992118,20159.0,692.0415224913495,1.5151515151515151,65,64,1,0,63,64,9531,2,0,0,2,0
2020-09-18,US,Kansas,Riley,1588,8,0,39.28935726,-96.73420026,20161.0,2139.2391421489388,0.5037783375314862,1580,1513,8,0,1505,1513,73703,75,0,0,75,0
2020-09-18,US,Kansas,Rooks,54,0,0,39.35022773,-99.32484567,20163.0,1097.560975609756,0.0,54,47,0,0,47,47,5013,7,0,0,7,0
2020-09-18,US,Kansas,Rush,40,0,0,38.52275276,-99.30863983,20165.0,1317.5230566534915,0.0,40,40,0,0,40,40,3093,0,0,0,0,0
2020-09-18,US,Kansas,Russell,75,0,0,38.91462787,-98.76254297,20167.0,1093.9323220536758,0.0,75,75,0,0,75,75,6907,0,0,0,0,0
2020-09-18,US,Kansas,Saline,637,9,0,38.78369175,-97.65185177,20169.0,1174.756565358513,1.41287284144427,628,588,9,0,579,588,54401,49,0,0,49,0
2020-09-18,US,Kansas,Scott,102,1,0,38.48222076,-100.90665390000001,20171.0,2114.866265809662,0.9803921568627452,101,102,1,0,101,102,4897,0,0,0,0,0
2020-09-18,US,Kansas,Sedgwick,7893,81,0,37.6842718,-97.4608198,20173.0,1529.5266664341275,1.026225769669327,7812,7832,81,0,7751,7755,513607,61,0,0,61,77
2020-09-18,US,Kansas,Seward,1591,5,0,37.19324632,-100.85072009999999,20175.0,7424.8646630576795,0.3142677561282212,1586,1591,5,0,1586,1591,21780,0,0,0,0,0
2020-09-18,US,Kansas,Shawnee,2537,28,0,39.04100763,-95.75572640000001,20177.0,1434.3462897526501,1.103665746945211,2509,2519,28,0,2491,2464,177499,18,0,0,18,55
2020-09-18,US,Kansas,Sheridan,12,0,0,39.35018161,-100.44182590000001,20179.0,476.0015866719557,0.0,12,12,0,0,12,12,2533,0,0,0,0,0
2020-09-18,US,Kansas,Sherman,24,0,0,39.35147699,-101.71976240000001,20181.0,405.61095149569036,0.0,24,22,0,0,22,22,5899,2,0,0,2,0
2020-09-18,US,Kansas,Smith,5,0,0,39.78516566,-98.78566062,20183.0,139.54786491766677,0.0,5,6,0,0,6,6,3603,-1,0,0,-1,0
2020-09-18,US,Kansas,Stafford,53,1,0,38.03100851,-98.71762001,20185.0,1275.2646775745911,1.8867924528301887,52,52,1,0,51,52,4178,1,0,0,1,0
2020-09-18,US,Kansas,Stanton,48,2,0,37.56304714,-101.78435340000001,20187.0,2392.8215353938185,4.166666666666667,46,48,2,0,46,48,1987,0,0,0,0,0
2020-09-18,US,Kansas,Stevens,121,1,0,37.1923008,-101.3118967,20189.0,2206.0164083865093,0.8264462809917356,120,110,1,0,109,105,5559,11,0,0,11,5
2020-09-18,US,Kansas,Sumner,169,3,0,37.23682549,-97.47721621,20191.0,740.0595550884567,1.7751479289940828,166,164,3,0,161,164,22996,5,0,0,5,0
2020-09-18,US,Kansas,Thomas,120,0,0,39.35107575,-101.0553705,20193.0,1543.011444001543,0.0,120,111,0,0,111,108,7711,9,0,0,9,3
2020-09-18,US,Kansas,Trego,46,3,0,38.91467218,-99.87284448,20195.0,1641.0988226899753,6.521739130434782,43,44,3,0,41,44,2793,2,0,0,2,0
2020-09-18,US,Kansas,Wabaunsee,66,1,0,38.95471985,-96.20350509,20197.0,952.2435435002163,1.5151515151515151,65,66,1,0,65,66,6899,0,0,0,0,0
2020-09-18,US,Kansas,Wallace,16,0,0,38.91686134,-101.76388759999999,20199.0,1054.0184453227932,0.0,16,16,0,0,16,16,1503,0,0,0,0,0
2020-09-18,US,Kansas,Washington,16,0,0,39.78420784,-97.08753229999999,20201.0,295.96744358120606,0.0,16,16,0,0,16,16,5420,0,0,0,0,0
2020-09-18,US,Kansas,Wichita,5,0,0,38.48178252,-101.3471509,20203.0,235.96035865974517,0.0,5,5,0,0,5,5,2105,0,0,0,0,0
2020-09-18,US,Kansas,Wilson,58,2,0,37.55937174,-95.74323255,20205.0,680.3519061583578,3.4482758620689653,56,58,1,0,57,58,8665,0,1,0,-1,0
2020-09-18,US,Kansas,Woodson,13,0,0,37.8865336,-95.74006277,20207.0,414.27660930529,0.0,13,12,0,0,12,12,3183,1,0,0,1,0
2020-09-18,US,Kansas,Wyandotte,6612,133,0,39.11727348,-94.76378225,20209.0,3996.880837096277,2.0114942528735638,6479,6569,133,0,6436,6530,165324,43,0,0,43,39
2020-09-18,US,Kentucky,Adair,292,19,0,37.10459774,-85.28129668,21001.0,1520.6749296948235,6.506849315068492,273,291,19,0,272,289,19215,1,0,0,1,2
2020-09-18,US,Kentucky,Allen,300,9,0,36.75197631,-86.19457544,21003.0,1407.4595355383533,3.0,291,297,9,0,288,298,21122,3,0,0,3,-1
2020-09-18,US,Kentucky,Anderson,141,1,0,38.00671029,-84.99171713,21005.0,619.8619598188773,0.7092198581560284,140,139,1,0,138,136,22663,2,0,0,2,3
2020-09-18,US,Kentucky,Ballard,51,1,0,37.05842757,-88.99427697,21007.0,646.5517241379309,1.96078431372549,50,50,1,0,49,50,7979,1,0,0,1,0
2020-09-18,US,Kentucky,Barren,628,13,0,36.96469836,-85.93338945,21009.0,1419.2411127935095,2.0700636942675157,615,617,13,0,604,607,44176,11,0,0,11,10
2020-09-18,US,Kentucky,Bath,79,1,0,38.14735938,-83.74588932,21011.0,632.0,1.2658227848101269,78,75,1,0,74,74,12383,4,0,0,4,1
2020-09-18,US,Kentucky,Bell,465,12,0,36.73355174,-83.67766671,21013.0,1786.2630608481866,2.5806451612903225,453,462,11,0,451,457,26569,3,1,0,2,5
2020-09-18,US,Kentucky,Boone,1474,25,0,38.97065142,-84.72615357,21015.0,1103.450340991608,1.6960651289009498,1449,1454,25,0,1429,1447,131533,20,0,0,20,7
2020-09-18,US,Kentucky,Bourbon,161,1,0,38.2054607,-84.21827874,21017.0,813.624418839701,0.6211180124223602,160,160,1,0,159,157,20184,1,0,0,1,3
2020-09-18,US,Kentucky,Boyd,380,4,0,38.36176608,-82.68652187,21019.0,813.3909842030909,1.0526315789473684,376,369,4,0,365,365,47240,11,0,0,11,4
2020-09-18,US,Kentucky,Boyle,244,0,0,37.62680923,-84.8633779,21021.0,811.7099135063208,0.0,244,243,0,0,243,244,30100,1,0,0,1,-1
2020-09-18,US,Kentucky,Bracken,40,0,0,38.69158994,-84.08532444,21023.0,481.7535830422739,0.0,40,40,0,0,40,40,8239,0,0,0,0,0
2020-09-18,US,Kentucky,Breathitt,82,0,0,37.52333168,-83.31959161,21025.0,649.2478226444972,0.0,82,82,0,0,82,77,12726,0,0,0,0,5
2020-09-18,US,Kentucky,Breckinridge,122,2,0,37.77377239,-86.42885017,21027.0,595.7903989842263,1.639344262295082,120,121,2,0,119,120,20388,1,0,0,1,1
2020-09-18,US,Kentucky,Bullitt,794,9,0,37.97162523,-85.68955617,21029.0,972.1337969538176,1.1335012594458438,785,788,9,0,779,780,81069,6,0,0,6,8
2020-09-18,US,Kentucky,Butler,330,16,0,37.20946153,-86.68748787,21031.0,2562.3107384113673,4.848484848484849,314,329,16,0,313,329,12772,1,0,0,1,0
2020-09-18,US,Kentucky,Caldwell,134,0,0,37.14749129,-87.86948214,21033.0,1051.2277398603594,0.0,134,126,0,0,126,123,12715,8,0,0,8,3
2020-09-18,US,Kentucky,Calloway,515,8,0,36.62093411,-88.2731593,21035.0,1320.4789620778954,1.5533980582524272,507,511,8,0,503,501,39135,4,0,0,4,10
2020-09-18,US,Kentucky,Campbell,811,16,0,38.94384345,-84.37875208,21037.0,866.6011283980168,1.972872996300863,795,804,16,0,788,803,93152,7,0,0,7,1
2020-09-18,US,Kentucky,Carlisle,72,1,0,36.85372876,-88.96692220000001,21039.0,1512.6050420168067,1.3888888888888888,71,70,1,0,69,70,4771,2,0,0,2,0
2020-09-18,US,Kentucky,Carroll,195,5,0,38.66599534,-85.12601074,21041.0,1834.2583011946194,2.5641025641025643,190,195,5,0,190,195,10737,0,0,0,0,0
2020-09-18,US,Kentucky,Carter,152,3,0,38.31690743,-83.05092385,21043.0,567.2276747397096,1.973684210526316,149,150,3,0,147,150,27004,2,0,0,2,0
2020-09-18,US,Kentucky,Casey,266,15,0,37.32533118,-84.92726209,21045.0,1646.1414691503187,5.639097744360902,251,265,15,0,250,264,15888,1,0,0,1,1
2020-09-18,US,Kentucky,Christian,1081,18,0,36.89267803,-87.49055367,21047.0,1534.1820297753366,1.6651248843663276,1063,1075,17,0,1058,1021,71671,6,1,0,5,54
2020-09-18,US,Kentucky,Clark,295,8,0,37.9689263,-84.14615986,21049.0,813.5013650277142,2.7118644067796613,287,294,8,0,286,294,36249,1,0,0,1,0
2020-09-18,US,Kentucky,Clay,271,6,0,37.16451126,-83.712575,21051.0,1361.7406160494447,2.2140221402214024,265,269,6,0,263,268,20105,2,0,0,2,1
2020-09-18,US,Kentucky,Clinton,100,2,0,36.72581156,-85.13377529,21053.0,978.6651008025052,2.0,98,100,2,0,98,101,10206,0,0,0,0,-1
2020-09-18,US,Kentucky,Crittenden,116,1,0,37.35839237,-88.08826090000002,21055.0,1317.283670224847,0.8620689655172413,115,115,1,0,114,114,8915,1,0,0,1,1
2020-09-18,US,Kentucky,Cumberland,97,0,0,36.78926125,-85.39050034,21057.0,1466.5860296341095,0.0,97,97,0,0,97,93,6659,0,0,0,0,4
2020-09-18,US,Kentucky,Daviess,1245,14,0,37.73028906,-87.09019479999998,21059.0,1226.468067500074,1.1244979919678717,1231,1212,14,0,1198,1184,101104,33,0,0,33,28
2020-09-18,US,Kentucky,Edmonson,130,12,0,37.21218923,-86.23955613,21061.0,1069.9588477366258,9.23076923076923,118,129,12,0,117,125,12274,1,0,0,1,4
2020-09-18,US,Kentucky,Elliott,32,0,0,38.11624059,-83.09771563,21063.0,425.7017427165093,0.0,32,32,0,0,32,32,7508,0,0,0,0,0
2020-09-18,US,Kentucky,Estill,101,0,0,37.69241417,-83.95956369,21065.0,716.0073727491847,0.0,101,93,0,0,93,93,14198,8,0,0,8,0
2020-09-18,US,Kentucky,Fayette,5238,68,0,38.0368225,-84.45576892,21067.0,1620.9090458979056,1.298205421916762,5170,5124,67,0,5057,5072,323780,114,1,0,113,52
2020-09-18,US,Kentucky,Fleming,76,0,0,38.36758311,-83.69657514,21069.0,521.226253343392,0.0,76,76,0,0,76,75,14432,0,0,0,0,1
2020-09-18,US,Kentucky,Floyd,169,2,0,37.56213922,-82.74750924,21071.0,474.8658293292871,1.183431952662722,167,167,2,0,165,166,35845,2,0,0,2,1
2020-09-18,US,Kentucky,Franklin,590,11,0,38.2379395,-84.87962551,21073.0,1157.0669333804005,1.8644067796610169,579,585,12,0,573,582,50815,5,-1,0,6,3
2020-09-18,US,Kentucky,Fulton,136,2,0,36.55238827,-89.20140068,21075.0,2278.438599430391,1.4705882352941178,134,135,2,0,133,133,6120,1,0,0,1,2
2020-09-18,US,Kentucky,Gallatin,96,8,0,38.75398691,-84.8558382,21077.0,1082.4219190438607,8.333333333333334,88,96,8,0,88,96,8832,0,0,0,0,0
2020-09-18,US,Kentucky,Garrard,145,3,0,37.638866799999995,-84.53289319,21079.0,820.7856900260388,2.0689655172413794,142,144,3,0,141,140,17560,1,0,0,1,4
2020-09-18,US,Kentucky,Grant,152,6,0,38.64962758,-84.62415957,21081.0,606.3265387530416,3.947368421052632,146,150,6,0,144,149,25121,2,0,0,2,1
2020-09-18,US,Kentucky,Graves,704,29,0,36.72292505,-88.65143315,21083.0,1889.1214511887506,4.119318181818182,675,702,29,0,673,696,37317,2,0,0,2,6
2020-09-18,US,Kentucky,Grayson,363,13,0,37.46231118,-86.34248968,21085.0,1373.5951867408332,3.5812672176308538,350,361,13,0,348,359,26321,2,0,0,2,2
2020-09-18,US,Kentucky,Green,245,8,0,37.26484328,-85.5540745,21087.0,2239.283429302623,3.26530612244898,237,242,8,0,234,240,11049,3,0,0,3,2
2020-09-18,US,Kentucky,Greenup,339,4,0,38.54332505,-82.9215658,21089.0,965.8670009687164,1.1799410029498525,335,335,3,0,332,328,35268,4,1,0,3,7
2020-09-18,US,Kentucky,Hancock,73,0,0,37.83766422,-86.78280584,21091.0,836.9639990827792,0.0,73,71,0,0,71,70,8758,2,0,0,2,1
2020-09-18,US,Kentucky,Hardin,1183,10,0,37.6976111,-85.96319251,21093.0,1066.1691811315993,0.8453085376162299,1173,1169,10,0,1159,1154,110356,14,0,0,14,15
2020-09-18,US,Kentucky,Harlan,362,10,0,36.85699301,-83.21899516,21095.0,1391.7723952326028,2.7624309392265194,352,356,10,0,346,356,26409,6,0,0,6,0
2020-09-18,US,Kentucky,Harrison,167,0,0,38.44188174,-84.32869741,21097.0,884.2528857354654,0.0,167,167,0,0,167,167,18778,0,0,0,0,0
2020-09-18,US,Kentucky,Hart,160,1,0,37.29943898,-85.88461055,21099.0,840.5568689256633,0.625,159,160,1,0,159,160,18906,0,0,0,0,0
2020-09-18,US,Kentucky,Henderson,621,3,0,37.79344553,-87.57392021,21101.0,1373.5899137358992,0.4830917874396135,618,605,3,0,602,593,45591,16,0,0,16,12
2020-09-18,US,Kentucky,Henry,182,2,0,38.44942688,-85.11587507,21103.0,1128.6121790896684,1.0989010989010992,180,177,2,0,175,177,16106,5,0,0,5,0
2020-09-18,US,Kentucky,Hickman,73,0,0,36.67948079999999,-88.97875928,21105.0,1666.666666666667,0.0,73,73,0,0,73,73,4421,0,0,0,0,0
2020-09-18,US,Kentucky,Hopkins,590,39,0,37.30939025,-87.54670406,21107.0,1320.3240388488566,6.610169491525424,551,587,38,0,549,587,45068,3,1,0,2,0
2020-09-18,US,Kentucky,Jackson,342,17,0,37.41866422,-83.99825483,21109.0,2565.833896016205,4.970760233918129,325,335,17,0,318,333,13442,7,0,0,7,2
2020-09-18,US,Kentucky,Jefferson,14245,294,0,38.18664655,-85.65931031,21111.0,1857.824578060585,2.063882063882064,13951,14101,294,0,13807,14020,770517,144,0,0,144,81
2020-09-18,US,Kentucky,Jessamine,565,0,0,37.87119786,-84.58252003,21113.0,1044.0728079090823,0.0,565,558,0,0,558,551,53920,7,0,0,7,7
2020-09-18,US,Kentucky,Johnson,142,1,0,37.85106355,-82.8264322,21115.0,639.9855777897963,0.7042253521126759,141,141,1,0,140,137,22386,1,0,0,1,4
2020-09-18,US,Kentucky,Kenton,1918,45,0,38.93950319,-84.53241199,21117.0,1148.5167487035776,2.346193952033368,1873,1906,45,0,1861,1903,166051,12,0,0,12,3
2020-09-18,US,Kentucky,Knott,127,1,0,37.35388197,-82.94981134,21119.0,857.7603674186142,0.7874015748031497,126,121,1,0,120,118,15126,6,0,0,6,3
2020-09-18,US,Kentucky,Knox,430,9,0,36.89225732,-83.85403396,21121.0,1380.6389468614545,2.0930232558139537,421,428,9,0,419,421,31304,2,0,0,2,7
2020-09-18,US,Kentucky,Larue,111,1,0,37.54567114,-85.70138352,21123.0,770.9404083900541,0.9009009009009008,110,109,1,0,108,108,14307,2,0,0,2,1
2020-09-18,US,Kentucky,Laurel,750,6,0,37.10975748,-84.11321779,21125.0,1233.2889349316756,0.8,744,734,5,0,729,720,60669,16,1,0,15,14
2020-09-18,US,Kentucky,Lawrence,52,0,0,38.07136018,-82.72882223,21127.0,339.4920676372658,0.0,52,51,0,0,51,52,15571,1,0,0,1,-1
2020-09-18,US,Kentucky,Lee,17,0,0,37.59645942,-83.71513901,21129.0,229.6366337971093,0.0,17,15,0,0,15,15,7033,2,0,0,2,0
2020-09-18,US,Kentucky,Leslie,51,0,0,37.09246661,-83.37999606,21131.0,516.3511187607573,0.0,51,50,0,0,50,50,10143,1,0,0,1,0
2020-09-18,US,Kentucky,Letcher,111,2,0,37.12306748,-82.85346474,21133.0,515.0095114369229,1.8018018018018016,109,106,2,0,104,101,21899,5,0,0,5,5
2020-09-18,US,Kentucky,Lewis,215,14,0,38.53184419,-83.37735618,21135.0,1619.5856873822975,6.511627906976744,201,214,14,0,200,214,13257,1,0,0,1,0
2020-09-18,US,Kentucky,Lincoln,178,12,0,37.45475628,-84.6565327,21137.0,725.0804513422136,6.741573033707866,166,175,12,0,163,171,24644,3,0,0,3,4
2020-09-18,US,Kentucky,Livingston,79,1,0,37.21137452,-88.34797529,21139.0,859.2560365455732,1.2658227848101269,78,79,1,0,78,76,9242,0,0,0,0,3
2020-09-18,US,Kentucky,Logan,549,27,0,36.85949479,-86.877635,21141.0,2025.6807615674122,4.918032786885246,522,552,27,0,525,547,26989,-3,0,0,-3,5
2020-09-18,US,Kentucky,Lyon,64,4,0,37.02080035,-88.07886257,21143.0,779.5371498172957,6.25,60,62,4,0,58,59,8009,2,0,0,2,3
2020-09-18,US,Kentucky,Madison,1537,6,0,37.71659336,-84.27220275,21151.0,1652.9192252680484,0.3903708523096942,1531,1503,6,0,1497,1470,92368,34,0,0,34,33
2020-09-18,US,Kentucky,Magoffin,79,0,0,37.70820545,-83.0657714,21153.0,649.6176301291013,0.0,79,79,0,0,79,79,12362,0,0,0,0,0
2020-09-18,US,Kentucky,Marion,215,7,0,37.55218078,-85.26898542,21155.0,1115.5502516473823,3.255813953488372,208,215,7,0,208,213,19404,0,0,0,0,2
2020-09-18,US,Kentucky,Marshall,257,2,0,36.88007070000001,-88.32803576,21157.0,826.3665594855305,0.7782101167315175,255,251,2,0,249,244,31191,6,0,0,6,7
2020-09-18,US,Kentucky,Martin,74,2,0,37.79990579,-82.51247478,21159.0,661.0093791871371,2.702702702702702,72,74,2,0,72,72,11323,0,0,0,0,2
2020-09-18,US,Kentucky,Mason,116,2,0,38.59471935,-83.82151043,21161.0,679.5547744581138,1.7241379310344829,114,115,2,0,113,114,17150,1,0,0,1,1
2020-09-18,US,Kentucky,McCracken,668,6,0,37.05350953,-88.70445755,21145.0,1021.1256840624903,0.8982035928143712,662,661,6,0,655,646,65346,7,0,0,7,15
2020-09-18,US,Kentucky,McCreary,136,0,0,36.73874143,-84.48102924,21147.0,789.2751436364691,0.0,136,135,0,0,135,132,17408,1,0,0,1,3
2020-09-18,US,Kentucky,McLean,70,1,0,37.5301951,-87.26803443,21149.0,760.291082871728,1.4285714285714286,69,67,1,0,66,67,9252,3,0,0,3,0
2020-09-18,US,Kentucky,Meade,183,3,0,37.96163597,-86.21028219,21163.0,640.4871902561947,1.639344262295082,180,177,3,0,174,170,28715,6,0,0,6,7
2020-09-18,US,Kentucky,Menifee,42,0,0,37.94090733,-83.59985712,21165.0,647.2491909385112,0.0,42,42,0,0,42,41,6451,0,0,0,0,1
2020-09-18,US,Kentucky,Mercer,185,1,0,37.81474237,-84.87488475,21167.0,843.4778644052341,0.5405405405405406,184,174,1,0,173,174,21774,11,0,0,11,0
2020-09-18,US,Kentucky,Metcalfe,103,2,0,36.99459295,-85.63123699,21169.0,1022.7385562506206,1.9417475728155342,101,102,2,0,100,103,10030,1,0,0,1,-1
2020-09-18,US,Kentucky,Monroe,198,4,0,36.71225341,-85.71596443,21171.0,1859.1549295774646,2.0202020202020203,194,198,4,0,194,193,10718,0,0,0,0,5
2020-09-18,US,Kentucky,Montgomery,230,3,0,38.03253032,-83.9145241,21173.0,816.8483858365593,1.3043478260869563,227,228,3,0,225,227,28203,2,0,0,2,1
2020-09-18,US,Kentucky,Morgan,52,0,0,37.92465657,-83.25558245,21175.0,390.7130513186565,0.0,52,51,0,0,51,51,13345,1,0,0,1,0
2020-09-18,US,Kentucky,Muhlenberg,728,12,0,37.21425819,-87.14632053,21177.0,2377.37574292992,1.6483516483516485,716,723,12,0,711,717,30774,5,0,0,5,6
2020-09-18,US,Kentucky,Nelson,467,4,0,37.80335779,-85.4657193,21179.0,1010.1010101010099,0.8565310492505354,463,460,4,0,456,455,45851,7,0,0,7,5
2020-09-18,US,Kentucky,Nicholas,29,1,0,38.33342292,-84.01889177,21181.0,398.95446416288354,3.4482758620689653,28,29,1,0,28,29,7166,0,0,0,0,0
2020-09-18,US,Kentucky,Ohio,434,9,0,37.47751843,-86.85368087,21183.0,1808.7855297157626,2.0737327188940093,425,428,9,0,419,412,24087,6,0,0,6,16
2020-09-18,US,Kentucky,Oldham,1036,25,0,38.39791089,-85.448222,21185.0,1550.921420979356,2.413127413127413,1011,1008,25,0,983,1005,66470,28,0,0,28,3
2020-09-18,US,Kentucky,Owen,90,2,0,38.51679143,-84.82404619,21187.0,825.6123291441153,2.2222222222222223,88,90,2,0,88,89,10880,0,0,0,0,1
2020-09-18,US,Kentucky,Owsley,36,1,0,37.42823949,-83.68811419,21189.0,815.4020385050962,2.7777777777777777,35,37,1,0,36,37,4472,-1,0,0,-1,0
2020-09-18,US,Kentucky,Pendleton,89,0,0,38.69607718,-84.35599463,21191.0,610.0068540095956,0.0,89,88,0,0,88,88,14529,1,0,0,1,0
2020-09-18,US,Kentucky,Perry,326,8,0,37.25023553,-83.22922731,21193.0,1265.6262132153115,2.4539877300613497,318,323,8,0,315,319,26092,3,0,0,3,4
2020-09-18,US,Kentucky,Pike,378,3,0,37.47088263,-82.39487445,21195.0,653.1204644412193,0.7936507936507936,375,378,3,0,375,377,58402,0,0,0,0,1
2020-09-18,US,Kentucky,Powell,90,0,0,37.83218794,-83.82553961,21197.0,728.2142568168947,0.0,90,90,0,0,90,89,12442,0,0,0,0,1
2020-09-18,US,Kentucky,Pulaski,718,10,0,37.10466131,-84.57629079,21199.0,1104.9723756906078,1.3927576601671308,708,710,9,0,701,706,64623,8,1,0,7,4
2020-09-18,US,Kentucky,Robertson,12,0,0,38.51923469,-84.05055616,21201.0,569.2599620493359,0.0,12,12,0,0,12,12,2135,0,0,0,0,0
2020-09-18,US,Kentucky,Rockcastle,159,1,0,37.36642393,-84.31176452,21203.0,952.3809523809523,0.6289308176100629,158,158,1,0,157,156,16750,1,0,0,1,2
2020-09-18,US,Kentucky,Rowan,201,1,0,38.19484205,-83.42088935,21205.0,821.7497955846277,0.4975124378109453,200,197,1,0,196,197,24583,4,0,0,4,0
2020-09-18,US,Kentucky,Russell,238,6,0,36.99308373,-85.06070117,21207.0,1327.9026948613514,2.5210084033613445,232,235,6,0,229,233,17821,3,0,0,3,2
2020-09-18,US,Kentucky,Scott,713,9,0,38.29622293,-84.5816631,21209.0,1250.789418286436,1.262272089761571,704,707,8,0,699,703,56031,6,1,0,5,4
2020-09-18,US,Kentucky,Shelby,1018,25,0,38.21476019,-85.194223,21211.0,2076.5339425587467,2.4557956777996077,993,1011,24,0,987,1003,48518,7,1,0,6,8
2020-09-18,US,Kentucky,Simpson,263,8,0,36.74058474,-86.58047435,21213.0,1416.1102735300449,3.041825095057034,255,259,8,0,251,258,18529,4,0,0,4,1
2020-09-18,US,Kentucky,Spencer,192,0,0,38.03223971,-85.32749335,21215.0,992.1967856958296,0.0,192,191,0,0,191,190,18794,1,0,0,1,1
2020-09-18,US,Kentucky,Taylor,278,6,0,37.3677562,-85.3329931,21217.0,1078.815631184757,2.1582733812949644,272,276,6,0,270,273,25549,2,0,0,2,3
2020-09-18,US,Kentucky,Todd,178,8,0,36.8381152,-87.17878374,21219.0,1447.8607450789002,4.49438202247191,170,178,8,0,170,177,12311,0,0,0,0,1
2020-09-18,US,Kentucky,Trigg,156,0,0,36.80767017,-87.87333656,21221.0,1064.773735581189,0.0,156,152,0,0,152,147,14643,4,0,0,4,5
2020-09-18,US,Kentucky,Trimble,56,0,0,38.61056487,-85.33775972,21223.0,661.0789753275883,0.0,56,55,0,0,55,55,8515,1,0,0,1,0
2020-09-18,US,Kentucky,Union,254,2,0,37.66166713,-87.94300009,21225.0,1766.219317154579,0.7874015748031497,252,235,2,0,233,217,14505,19,0,0,19,18
2020-09-18,US,Kentucky,Warren,4088,40,0,36.99903045,-86.42672751,21227.0,3076.089573802071,0.9784735812133072,4048,4062,40,0,4022,4028,131264,26,0,0,26,34
2020-09-18,US,Kentucky,Washington,140,1,0,37.75599461,-85.17407732,21229.0,1157.5031004547334,0.7142857142857143,139,139,1,0,138,140,12084,1,0,0,1,-1
2020-09-18,US,Kentucky,Wayne,124,0,0,36.80310688,-84.8251971,21231.0,609.846063050214,0.0,124,122,0,0,122,123,20468,2,0,0,2,-1
2020-09-18,US,Kentucky,Webster,141,3,0,37.52168356,-87.67989953,21233.0,1089.4761242466388,2.127659574468085,138,136,3,0,133,133,13111,5,0,0,5,3
2020-09-18,US,Kentucky,Whitley,267,2,0,36.75700531,-84.14541217,21235.0,736.2673726009268,0.7490636704119851,265,262,2,0,260,258,36242,5,0,0,5,4
2020-09-18,US,Kentucky,Wolfe,30,0,0,37.73941626,-83.49303612,21237.0,419.17004331423783,0.0,30,30,0,0,30,30,7177,0,0,0,0,0
2020-09-18,US,Kentucky,Woodford,248,0,0,38.04178222,-84.7417556,21239.0,927.6576643973967,0.0,248,244,0,0,244,242,26533,4,0,0,4,2
2020-09-18,US,Louisiana,Acadia,2917,96,0,30.295064899999996,-92.41419698,22001.0,4701.426384076074,3.2910524511484396,2821,2907,94,0,2813,2901,62190,10,2,0,8,6
2020-09-18,US,Louisiana,Allen,1530,45,0,30.65385745,-92.82442028,22003.0,5970.26573535724,2.9411764705882355,1485,1522,45,0,1477,1523,25605,8,0,0,8,-1
2020-09-18,US,Louisiana,Ascension,3657,96,0,30.20406249,-90.91328409999998,22005.0,2888.5343275093987,2.6251025430680888,3561,3641,96,0,3545,3627,124672,16,0,0,16,14
2020-09-18,US,Louisiana,Assumption,740,24,0,29.89946234,-91.06461642,22007.0,3380.384632954182,3.2432432432432434,716,735,24,0,711,735,22300,5,0,0,5,0
2020-09-18,US,Louisiana,Avoyelles,1461,53,0,31.07796211,-92.00079449,22009.0,3639.398166600239,3.6276522929500334,1408,1441,52,0,1389,1440,40462,20,1,0,19,1
2020-09-18,US,Louisiana,Beauregard,980,37,0,30.64836518,-93.34173616,22011.0,2613.5424167266715,3.7755102040816326,943,973,37,0,936,970,37253,7,0,0,7,3
2020-09-18,US,Louisiana,Bienville,452,32,0,32.34569994,-93.05398492,22013.0,3413.639453213504,7.079646017699115,420,445,32,0,413,444,13308,7,0,0,7,1
2020-09-18,US,Louisiana,Bossier,3068,104,0,32.67932307,-93.60460152,22015.0,2415.006415352765,3.3898305084745757,2964,3005,104,0,2901,2964,127185,63,0,0,63,41
2020-09-18,US,Louisiana,Caddo,8188,342,0,32.57991587,-93.88375652,22017.0,3408.769212835756,4.176844162188568,7846,8069,341,0,7728,8001,242922,119,1,0,118,68
2020-09-18,US,Louisiana,Calcasieu,7708,207,0,30.22931235,-93.35400434,22019.0,3788.906584871901,2.6855215360664246,7501,7698,206,0,7492,7645,203112,10,1,0,9,53
2020-09-18,US,Louisiana,Caldwell,298,3,0,32.0902519,-92.11752148,22021.0,3004.6380318612623,1.0067114093959733,295,297,3,0,294,298,9960,1,0,0,1,-1
2020-09-18,US,Louisiana,Cameron,220,2,0,29.87592238,-93.19310676,22023.0,3155.0265309049187,0.9090909090909092,218,218,2,0,216,217,6968,2,0,0,2,1
2020-09-18,US,Louisiana,Catahoula,426,10,0,31.66778967,-91.84526385,22025.0,4487.044449125764,2.347417840375587,416,424,9,0,415,422,9608,2,1,0,1,2
2020-09-18,US,Louisiana,Claiborne,485,19,0,32.82308512,-92.99526883,22027.0,3095.086151882578,3.9175257731958766,466,483,18,0,465,483,15944,2,1,0,1,0
2020-09-18,US,Louisiana,Concordia,499,12,0,31.44817835,-91.63814433,22029.0,2590.9964172594628,2.404809619238477,487,500,12,0,488,498,19572,-1,0,0,-1,2
2020-09-18,US,Louisiana,De Soto,876,35,0,32.05457447,-93.74130302,22031.0,3189.7462039835414,3.9954337899543377,841,864,35,0,829,864,27436,12,0,0,12,0
2020-09-18,US,Louisiana,East Baton Rouge,14813,436,0,30.53842039,-91.09777565,22033.0,3366.1395403798133,2.943360561668805,14377,14753,435,0,14318,14701,440956,60,1,0,59,52
2020-09-18,US,Louisiana,East Carroll,541,4,0,32.73926954,-91.23425694,22035.0,7885.147937618422,0.7393715341959335,537,540,4,0,536,539,7037,1,0,0,1,1
2020-09-18,US,Louisiana,East Feliciana,1713,66,0,30.84425359,-91.04976723,22037.0,8952.181865691142,3.852889667250438,1647,1698,65,0,1633,1690,19305,15,1,0,14,8
2020-09-18,US,Louisiana,Evangeline,1288,31,0,30.72985248,-92.39915924,22039.0,3856.8648001197785,2.4068322981366457,1257,1272,30,0,1242,1270,33443,16,1,0,15,2
2020-09-18,US,Louisiana,Franklin,1179,35,0,32.13675181,-91.67589857,22041.0,5890.582063452411,2.9686174724342664,1144,1169,35,0,1134,1167,20156,10,0,0,10,2
2020-09-18,US,Louisiana,Grant,479,30,0,31.59882456,-92.56124347,22043.0,2139.443476707312,6.263048016701461,449,475,30,0,445,470,22482,4,0,0,4,5
2020-09-18,US,Louisiana,Iberia,2868,89,0,29.86803617,-91.75871777,22045.0,4107.117284834599,3.1032078103207814,2779,2850,89,0,2761,2854,70941,18,0,0,18,-4
2020-09-18,US,Louisiana,Iberville,1403,58,0,30.25734305,-91.3499598,22047.0,4315.462458860078,4.1339985744832495,1345,1398,58,0,1340,1400,32721,5,0,0,5,-2
2020-09-18,US,Louisiana,Jackson,611,22,0,32.30251776,-92.55692092,22049.0,3880.8434959349593,3.6006546644844515,589,603,22,0,581,586,15902,8,0,0,8,17
2020-09-18,US,Louisiana,Jefferson,17198,564,0,29.74075478,-90.11115756,22051.0,3976.4805441937788,3.2794510989649965,16634,17141,564,0,16577,17123,434051,57,0,0,57,18
2020-09-18,US,Louisiana,Jefferson Davis,1219,38,0,30.26896765,-92.81210004,22053.0,3886.125988268299,3.1173092698933558,1181,1202,38,0,1164,1203,31582,17,0,0,17,-1
2020-09-18,US,Louisiana,LaSalle,417,7,0,31.67884782,-92.15907765,22059.0,2800.1611603545534,1.6786570743405276,410,413,7,0,406,412,14917,4,0,0,4,1
2020-09-18,US,Louisiana,Lafayette,8778,122,0,30.2049055,-92.06959876,22055.0,3591.799991816359,1.3898382319434952,8656,8750,122,0,8628,8731,242782,28,0,0,28,19
2020-09-18,US,Louisiana,Lafourche,3523,119,0,29.52470226,-90.40976986,22057.0,3609.1134468416412,3.3778030087993187,3404,3482,118,0,3364,3478,98115,41,1,0,40,4
2020-09-18,US,Louisiana,Lincoln,1097,47,0,32.6003154,-92.66597409999999,22061.0,2346.9256771212185,4.284412032816773,1050,1064,44,0,1020,1057,47196,33,3,0,30,7
2020-09-18,US,Louisiana,Livingston,3677,73,0,30.44143993,-90.73061664,22063.0,2611.709721640185,1.985314114767473,3604,3666,73,0,3593,3653,139567,11,0,0,11,13
2020-09-18,US,Louisiana,Madison,861,8,0,32.36918118,-91.23973355,22065.0,7862.295680759748,0.9291521486643438,853,857,8,0,849,857,11161,4,0,0,4,0
2020-09-18,US,Louisiana,Morehouse,743,20,0,32.81686191,-91.80421614,22067.0,2987.054755970089,2.6917900403768504,723,722,19,0,703,718,25398,21,1,0,20,4
2020-09-18,US,Louisiana,Natchitoches,1071,25,0,31.72321584,-93.09816516,22069.0,2806.750877928613,2.334267040149393,1046,1045,25,0,1020,1040,38659,26,0,0,26,5
2020-09-18,US,Louisiana,Orleans,12287,585,0,30.06971951,-89.92660315,22071.0,3149.349983595801,4.761129649222756,11702,12268,585,0,11683,12260,391006,19,0,0,19,8
2020-09-18,US,Louisiana,Ouachita,6010,139,0,32.47645559,-92.15704172,22073.0,3920.954599129692,2.3128119800332785,5871,5952,138,0,5814,5921,154475,58,1,0,57,31
2020-09-18,US,Louisiana,Plaquemines,661,19,0,29.42245447,-89.60322085,22075.0,2849.5064016898737,2.8744326777609683,642,657,19,0,638,657,23410,4,0,0,4,0
2020-09-18,US,Louisiana,Pointe Coupee,1037,40,0,30.71409502,-91.60209535,22077.0,4772.204325816843,3.8572806171648986,997,1036,40,0,996,1029,21940,1,0,0,1,7
2020-09-18,US,Louisiana,Rapides,4067,144,0,31.19778499,-92.52997303,22079.0,3136.9554485992853,3.5406933857880496,3923,4053,142,0,3911,4038,130562,14,2,0,12,15
2020-09-18,US,Louisiana,Red River,351,21,0,32.09530039,-93.34213308,22081.0,4157.782515991471,5.982905982905983,330,348,21,0,327,347,8477,3,0,0,3,1
2020-09-18,US,Louisiana,Richland,746,10,0,32.41391005,-91.76634876,22083.0,3707.3849517940557,1.3404825737265416,736,741,10,0,731,740,20192,5,0,0,5,1
2020-09-18,US,Louisiana,Sabine,825,13,0,31.56388699,-93.55433981,22085.0,3454.195277173003,1.5757575757575757,812,824,13,0,811,818,24032,1,0,0,1,6
2020-09-18,US,Louisiana,St. Bernard,1350,28,0,29.87761636,-89.51887093,22087.0,2857.50571501143,2.074074074074074,1322,1344,28,0,1316,1344,46721,6,0,0,6,0
2020-09-18,US,Louisiana,St. Charles,1756,58,0,29.90709658,-90.35555967,22089.0,3306.9679849340864,3.302961275626424,1698,1746,58,0,1688,1744,52879,10,0,0,10,2
2020-09-18,US,Louisiana,St. Helena,399,4,0,30.82210324,-90.71013176,22091.0,3938.018160284248,1.0025062656641603,395,396,4,0,392,394,10262,3,0,0,3,2
2020-09-18,US,Louisiana,St. James,792,40,0,30.02531716,-90.80212061,22093.0,3754.266211604096,5.05050505050505,752,788,40,0,748,786,21037,4,0,0,4,2
2020-09-18,US,Louisiana,St. John the Baptist,1574,98,0,30.12597499,-90.4753503,22095.0,3674.393631673553,6.2261753494282095,1476,1568,98,0,1470,1566,43184,6,0,0,6,2
2020-09-18,US,Louisiana,St. Landry,3248,124,0,30.59724262,-92.00135806,22097.0,3954.994885782475,3.817733990147784,3124,3239,120,0,3119,3235,82764,9,4,0,5,4
2020-09-18,US,Louisiana,St. Martin,2062,60,0,30.13112107,-91.61403569,22099.0,3859.1828713668096,2.909796314258002,2002,2059,60,0,1999,2053,53621,3,0,0,3,6
2020-09-18,US,Louisiana,St. Mary,1865,76,0,29.69262097,-91.44702164,22101.0,3779.281835130097,4.075067024128686,1789,1861,75,0,1786,1857,49774,4,1,0,3,4
2020-09-18,US,Louisiana,St. Tammany,6779,250,0,30.40942847,-89.95642711,22103.0,2603.112676110422,3.6878595663077145,6529,6735,250,0,6485,6719,258111,44,0,0,44,16
2020-09-18,US,Louisiana,Tangipahoa,4365,116,0,30.62888673,-90.40664996,22105.0,3239.139791329643,2.6575028636884306,4249,4323,115,0,4208,4323,133777,42,1,0,41,0
2020-09-18,US,Louisiana,Tensas,158,2,0,32.00760749,-91.32915234,22107.0,3645.5929856945095,1.2658227848101269,156,159,2,0,157,158,4462,-1,0,0,-1,1
2020-09-18,US,Louisiana,Terrebonne,3566,109,0,29.37343766,-90.82626855,22109.0,3228.2887172848327,3.0566461020751543,3457,3536,108,0,3428,3528,111021,30,1,0,29,8
2020-09-18,US,Louisiana,Unassigned,190,170,0,0.0,0.0,90022.0,0.0,89.47368421052632,20,193,170,0,23,192,,-3,0,0,-3,1
2020-09-18,US,Louisiana,Union,940,42,0,32.83121059,-92.3749373,22111.0,4251.854532296003,4.468085106382978,898,926,41,0,885,923,22330,14,1,0,13,3
2020-09-18,US,Louisiana,Vermilion,1991,57,0,29.83517605,-92.30292538,22113.0,3345.5999731142133,2.8628829733802115,1934,1984,56,0,1928,1976,59830,7,1,0,6,8
2020-09-18,US,Louisiana,Vernon,1024,46,0,31.10884837,-93.18153838,22115.0,2159.016635391849,4.4921875,978,1022,46,0,976,1019,48860,2,0,0,2,3
2020-09-18,US,Louisiana,Washington,1587,65,0,30.85288548,-90.03866652,22117.0,3435.5111053383557,4.095778197857594,1522,1581,64,0,1517,1578,46582,6,1,0,5,3
2020-09-18,US,Louisiana,Webster,1174,22,0,32.70847669,-93.33121835,22119.0,3062.07616066771,1.8739352640545144,1152,1159,21,0,1138,1156,38798,15,1,0,14,3
2020-09-18,US,Louisiana,West Baton Rouge,878,41,0,30.46058217,-91.30989571,22121.0,3317.589268845645,4.669703872437358,837,875,41,0,834,875,26427,3,0,0,3,0
2020-09-18,US,Louisiana,West Carroll,336,9,0,32.78550125,-91.461201,22123.0,3102.4930747922444,2.6785714285714284,327,337,9,0,328,334,10982,-1,0,0,-1,3
2020-09-18,US,Louisiana,West Feliciana,678,25,0,30.87882871,-91.41485379999999,22125.0,4355.087358684481,3.6873156342182885,653,675,25,0,650,678,15460,3,0,0,3,-3
2020-09-18,US,Louisiana,Winn,603,18,0,31.94449367,-92.63789413,22127.0,4336.8814729574215,2.985074626865672,585,597,18,0,579,597,14134,6,0,0,6,0
2020-09-18,US,Maine,Androscoggin,668,10,0,44.1664747,-70.20380627,23001.0,616.9361914349307,1.497005988023952,658,658,10,0,648,656,107679,10,0,0,10,2
2020-09-18,US,Maine,Aroostook,41,1,0,46.65926321,-68.59841248,23003.0,61.14383714860935,2.4390243902439024,40,41,1,0,40,42,67111,0,0,0,0,-1
2020-09-18,US,Maine,Cumberland,2269,70,0,43.8370751,-70.37226999,23005.0,769.1447205621637,3.0850594975760246,2199,2264,70,0,2194,2261,293557,5,0,0,5,3
2020-09-18,US,Maine,Franklin,56,1,0,44.97330019,-70.44381045,23007.0,185.436603861055,1.7857142857142858,55,54,1,0,53,53,29897,2,0,0,2,1
2020-09-18,US,Maine,Hancock,53,1,0,44.59816444,-68.38401854,23009.0,96.38641860803465,1.8867924528301887,52,53,1,0,52,53,54811,0,0,0,0,0
2020-09-18,US,Maine,Kennebec,202,11,0,44.40759555,-69.76738544,23011.0,165.1649196251901,5.445544554455446,191,202,11,0,191,200,122083,0,0,0,0,2
2020-09-18,US,Maine,Knox,35,1,0,44.11486325,-69.10529169,23013.0,88.001609172282,2.8571428571428568,34,34,1,0,33,33,39771,1,0,0,1,1
2020-09-18,US,Maine,Lincoln,39,1,0,44.05996956,-69.54227124,23015.0,112.60610960328,2.5641025641025643,38,39,1,0,38,39,34342,0,0,0,0,0
2020-09-18,US,Maine,Oxford,112,0,0,44.49952995,-70.75682123,23017.0,193.1867184131091,0.0,112,97,0,0,97,92,57618,15,0,0,15,5
2020-09-18,US,Maine,Penobscot,252,6,0,45.40194593,-68.65020455,23019.0,165.62820411704394,2.380952380952381,246,253,6,0,247,252,151096,-1,0,0,-1,1
2020-09-18,US,Maine,Piscataquis,8,0,0,45.83839062,-69.2860223,23021.0,47.66160262138814,0.0,8,8,0,0,8,8,16800,0,0,0,0,0
2020-09-18,US,Maine,Sagadahoc,63,0,0,43.95415864,-69.85074999,23023.0,175.7028112449799,0.0,63,62,0,0,62,62,35634,1,0,0,1,0
2020-09-18,US,Maine,Somerset,85,7,0,45.51229767,-69.95995554,23025.0,168.37017668964424,8.235294117647058,78,85,7,0,78,85,50592,0,0,0,0,0
2020-09-18,US,Maine,Waldo,73,14,0,44.4858305,-69.12061935,23027.0,183.809643711444,19.17808219178082,59,73,14,0,59,73,39694,0,0,0,0,0
2020-09-18,US,Maine,Washington,15,0,0,45.01607142,-67.62813524,23029.0,47.802670575862855,0.0,15,15,0,0,15,15,31490,0,0,0,0,0
2020-09-18,US,Maine,York,1031,15,0,43.47808377,-70.71052375,23031.0,496.5300687243848,1.454898157129001,1016,1024,15,0,1009,1017,206229,7,0,0,7,7
2020-09-18,US,Maryland,Allegany,439,22,0,39.62357628,-78.69280486,24001.0,623.437855032947,5.0113895216400905,417,435,22,0,413,431,70975,4,0,0,4,4
2020-09-18,US,Maryland,Anne Arundel,9504,242,0,39.00670238,-76.60329337,24003.0,1640.7876609453174,2.5462962962962963,9262,9452,242,0,9210,9398,576031,52,0,0,52,54
2020-09-18,US,Maryland,Baltimore,17288,617,0,39.45784712,-76.62911955,24005.0,2089.5125518208297,3.5689495603887087,16671,17221,614,0,16607,17165,828431,67,3,0,64,56
2020-09-18,US,Maryland,Baltimore City,15177,478,0,39.30211911,-76.61151012,24510.0,2557.246120406409,3.149502536733215,14699,15129,478,0,14651,15085,621342,48,0,0,48,44
2020-09-18,US,Maryland,Calvert,901,28,0,38.53961642,-76.56820632,24009.0,973.7908673331532,3.107658157602664,873,898,28,0,870,885,92003,3,0,0,3,13
2020-09-18,US,Maryland,Caroline,622,4,0,38.87172293,-75.82904158,24011.0,1861.9409686882595,0.6430868167202572,618,620,3,0,617,620,33304,2,1,0,1,0
2020-09-18,US,Maryland,Carroll,1891,123,0,39.56453592,-77.02373735,24013.0,1122.6082981590648,6.504494976203067,1768,1888,123,0,1765,1881,168429,3,0,0,3,7
2020-09-18,US,Maryland,Cecil,968,33,0,39.56647682,-75.94627411,24015.0,941.1307180010697,3.4090909090909087,935,964,32,0,932,949,102826,4,1,0,3,15
2020-09-18,US,Maryland,Charles,2664,97,0,38.51092331,-76.98580666,24017.0,1631.7830169609879,3.641141141141141,2567,2646,96,0,2550,2628,161503,18,1,0,17,18
2020-09-18,US,Maryland,Dorchester,557,10,0,38.45413522,-76.02752426,24019.0,1744.4955996116382,1.7953321364452424,547,554,10,0,544,546,31998,3,0,0,3,8
2020-09-18,US,Maryland,Frederick,3851,129,0,39.47296601,-77.39999394,24021.0,1483.7389759850814,3.349779278109582,3722,3834,129,0,3705,3811,255648,17,0,0,17,23
2020-09-18,US,Maryland,Garrett,71,1,0,39.52786077,-79.27355126,24023.0,244.7094506100503,1.4084507042253518,70,71,1,0,70,70,29163,0,0,0,0,1
2020-09-18,US,Maryland,Harford,2900,76,0,39.55010644,-76.30775940000002,24025.0,1135.2915154575812,2.6206896551724137,2824,2883,76,0,2807,2865,253956,17,0,0,17,18
2020-09-18,US,Maryland,Howard,4881,119,0,39.25305293,-76.93126208,24027.0,1498.664374098069,2.4380249948780985,4762,4863,119,0,4744,4843,323196,18,0,0,18,20
2020-09-18,US,Maryland,Kent,293,24,0,39.24976208,-76.04741541,24029.0,1508.5984965503037,8.19112627986348,269,293,24,0,269,289,19383,0,0,0,0,4
2020-09-18,US,Maryland,Montgomery,21640,837,0,39.13676329,-77.20358245,24031.0,2059.602850703539,3.867837338262477,20803,21574,836,0,20738,21467,1052567,66,1,0,65,107
2020-09-18,US,Maryland,Prince George's,28361,817,0,38.83070039,-76.8496441,24033.0,3118.900021664374,2.8807164768520157,27544,28202,817,0,27385,28034,909308,159,0,0,159,168
2020-09-18,US,Maryland,Queen Anne's,630,26,0,39.06198912,-76.03530977,24035.0,1250.4714078720153,4.126984126984127,604,626,26,0,600,618,50251,4,0,0,4,8
2020-09-18,US,Maryland,Somerset,240,4,0,38.1163542,-75.75118623,24039.0,936.9144284821988,1.6666666666666667,236,238,4,0,234,227,25675,2,0,0,2,11
2020-09-18,US,Maryland,St. Mary's,1241,57,0,38.30058422,-76.60629279999998,24037.0,1093.2957448682937,4.59307010475423,1184,1232,57,0,1175,1217,112664,9,0,0,9,15
2020-09-18,US,Maryland,Talbot,524,5,0,38.76618159,-76.10882561,24041.0,1409.3219655200235,0.9541984732824428,519,520,5,0,515,519,36968,4,0,0,4,1
2020-09-18,US,Maryland,Unassigned,0,10,0,0.0,0.0,90024.0,0.0,0.0,-10,0,9,0,-9,0,,0,1,0,-1,0
2020-09-18,US,Maryland,Washington,1589,36,0,39.60835778,-77.82002295,24043.0,1051.976510933538,2.2655758338577723,1553,1556,36,0,1520,1546,150926,33,0,0,33,10
2020-09-18,US,Maryland,Wicomico,1855,48,0,38.37301947,-75.62705831,24045.0,1790.385005163644,2.587601078167116,1807,1846,48,0,1798,1833,103195,9,0,0,9,13
2020-09-18,US,Maryland,Worcester,975,26,0,38.21274277,-75.33200012,24047.0,1865.100619787283,2.6666666666666665,949,974,26,0,948,961,51823,1,0,0,1,13
2020-09-18,US,Massachusetts,Barnstable,1697,171,0,41.72980578,-70.28854339,25001.0,796.751021174703,10.076605774896876,1526,1693,171,0,1522,1690,213413,4,0,0,4,3
2020-09-18,US,Massachusetts,Berkshire,702,49,0,42.37428441,-73.20524838,25003.0,561.8517095658855,6.980056980056981,653,692,49,0,643,690,126348,10,0,0,10,2
2020-09-18,US,Massachusetts,Bristol,9700,680,0,41.79228404,-71.10872211,25005.0,1716.1550342611774,7.0103092783505145,9020,9657,677,0,8980,9599,564022,43,3,0,40,58
2020-09-18,US,Massachusetts,Dukes and Nantucket,146,1,0,41.40674725,-70.68763497,0.0,508.161915700811,0.6849315068493149,145,142,1,0,141,139,26707,4,0,0,4,3
2020-09-18,US,Massachusetts,Essex,18872,1262,0,42.6687626,-70.94687179,25009.0,2391.785398347853,6.687155574395932,17610,18815,1262,0,17553,18770,790638,57,0,0,57,45
2020-09-18,US,Massachusetts,Franklin,401,67,0,42.58119713,-72.58602547,25011.0,571.3878597891138,16.708229426433913,334,398,67,0,331,397,70963,3,0,0,3,1
2020-09-18,US,Massachusetts,Hampden,7947,769,0,42.13440424,-72.63235561,25013.0,1704.0045285737565,9.676607524852145,7178,7933,768,0,7165,7902,470406,14,1,0,13,31
2020-09-18,US,Massachusetts,Hampshire,1203,141,0,42.33997957,-72.65898478,25015.0,747.9947770938256,11.72069825436409,1062,1200,141,0,1059,1199,161355,3,0,0,3,1
2020-09-18,US,Massachusetts,Middlesex,26545,2116,0,42.48607732,-71.39049229,25017.0,1647.0196978468066,7.971369372763232,24429,26469,2115,0,24354,26383,1614714,76,1,0,75,86
2020-09-18,US,Massachusetts,Norfolk,9980,1044,0,42.16073095,-71.20530408,25021.0,1412.0476813696014,10.460921843687377,8936,9932,1042,0,8890,9889,705388,48,2,0,46,43
2020-09-18,US,Massachusetts,Plymouth,9487,757,0,41.94070556,-70.80802823,25023.0,1820.2155786048404,7.9793401496785075,8730,9452,757,0,8695,9431,518132,35,0,0,35,21
2020-09-18,US,Massachusetts,Suffolk,23552,1124,0,42.327951399999996,-71.07850442,25025.0,2929.6921161278606,4.772418478260869,22428,23464,1122,0,22342,23371,807252,88,2,0,86,93
2020-09-18,US,Massachusetts,Unassigned,2343,5,0,0.0,0.0,90025.0,0.0,0.21340162185232608,2338,2312,5,0,2307,2312,,31,0,0,31,0
2020-09-18,US,Massachusetts,Worcester,14007,1083,0,42.35026951,-71.90493363,25027.0,1686.3266323309522,7.731848361533519,12924,13969,1083,0,12886,13927,830839,38,0,0,38,42
2020-09-18,US,Michigan,Alcona,41,2,0,44.6846864,-83.59507875,26001.0,394.0413262854397,4.878048780487805,39,42,2,0,40,41,10362,-1,0,0,-1,1
2020-09-18,US,Michigan,Alger,17,0,0,46.41292944,-86.60260122,26003.0,186.649099692578,0.0,17,17,0,0,17,17,9097,0,0,0,0,0
2020-09-18,US,Michigan,Allegan,724,7,0,42.59147037,-85.89102866,26005.0,613.1384388682345,0.9668508287292816,717,718,7,0,711,713,117327,6,0,0,6,5
2020-09-18,US,Michigan,Alpena,136,14,0,45.03477666,-83.62212411,26007.0,478.78894560816775,10.294117647058824,122,134,14,0,120,135,28360,2,0,0,2,-1
2020-09-18,US,Michigan,Antrim,66,0,0,44.99690221,-85.15503082,26009.0,282.9703309895387,0.0,66,66,0,0,66,64,23365,0,0,0,0,2
2020-09-18,US,Michigan,Arenac,68,3,0,44.0636262,-83.89277559,26011.0,456.8971309547807,4.411764705882354,65,67,3,0,64,67,15041,1,0,0,1,0
2020-09-18,US,Michigan,Baraga,13,0,0,46.6720582,-88.36363591,26013.0,158.3627725666951,0.0,13,13,0,0,13,13,8320,0,0,0,0,0
2020-09-18,US,Michigan,Barry,273,2,0,42.59513984,-85.30834519,26015.0,443.5418359057677,0.7326007326007326,271,272,2,0,270,270,61157,1,0,0,1,2
2020-09-18,US,Michigan,Bay,949,46,0,43.70639106,-83.98731479,26017.0,920.2335007660533,4.8472075869336155,903,946,46,0,900,932,103923,3,0,0,3,14
2020-09-18,US,Michigan,Benzie,67,2,0,44.63899297,-86.01608482,26019.0,377.1248452099516,2.985074626865672,65,66,2,0,64,64,17753,1,0,0,1,2
2020-09-18,US,Michigan,Berrien,1775,72,0,41.95447397,-86.41313079999998,26021.0,1157.0980632460025,4.056338028169014,1703,1770,72,0,1698,1756,154141,5,0,0,5,14
2020-09-18,US,Michigan,Branch,564,4,0,41.91600556,-85.05929476,26023.0,1296.0452237056782,0.7092198581560284,560,565,4,0,561,555,43622,-1,0,0,-1,10
2020-09-18,US,Michigan,Calhoun,1211,44,0,42.24633834,-85.00493569,26025.0,902.6602762393877,3.6333608587943846,1167,1192,44,0,1148,1174,134487,19,0,0,19,18
2020-09-18,US,Michigan,Cass,506,16,0,41.91522292,-85.99405727,26027.0,977.0791897580472,3.1620553359683794,490,495,16,0,479,488,51653,11,0,0,11,7
2020-09-18,US,Michigan,Charlevoix,95,3,0,45.37790017,-85.19614053,26029.0,363.3859924262709,3.1578947368421053,92,94,3,0,91,92,26244,1,0,0,1,2
2020-09-18,US,Michigan,Cheboygan,88,2,0,45.44787015,-84.50122149,26031.0,348.1563538534578,2.272727272727273,86,88,2,0,86,87,25413,0,0,0,0,1
2020-09-18,US,Michigan,Chippewa,75,0,0,46.29552653,-84.54353449,26033.0,200.80858925272432,0.0,75,70,0,0,70,68,37517,5,0,0,5,2
2020-09-18,US,Michigan,Clare,108,4,0,43.98794227,-84.84819859999998,26035.0,348.94991922455574,3.703703703703704,104,108,4,0,104,107,30757,0,0,0,0,1
2020-09-18,US,Michigan,Clinton,616,13,0,42.94400871,-84.60145248,26037.0,773.9179596708336,2.1103896103896105,603,611,13,0,598,601,79332,5,0,0,5,10
2020-09-18,US,Michigan,Crawford,118,5,0,44.68255561,-84.61006219,26039.0,841.1148335590563,4.2372881355932215,113,118,5,0,113,118,13901,0,0,0,0,0
2020-09-18,US,Michigan,Delta,252,5,0,45.90484910000001,-86.9080745,26041.0,704.2253521126761,1.984126984126984,247,247,5,0,242,239,35857,5,0,0,5,8
2020-09-18,US,Michigan,Dickinson,93,2,0,46.00999672,-87.86961634,26043.0,368.4773564721265,2.150537634408602,91,89,2,0,87,83,25383,4,0,0,4,6
2020-09-18,US,Michigan,Eaton,611,10,0,42.59599185,-84.83740035,26045.0,554.104545289658,1.6366612111292962,601,602,10,0,592,594,109826,9,0,0,9,8
2020-09-18,US,Michigan,Emmet,151,4,0,45.52625509,-84.89083249,26047.0,451.8928624869071,2.6490066225165565,147,147,4,0,143,144,33308,4,0,0,4,3
2020-09-18,US,Michigan,Federal Correctional Institution (FCI),195,5,0,0.0,0.0,0.0,0.0,2.5641025641025643,190,196,5,0,191,196,,-1,0,0,-1,0
2020-09-18,US,Michigan,Genesee,4248,306,0,43.02244215,-83.70589709,26049.0,1046.7875597873897,7.203389830508474,3942,4220,307,0,3913,4184,406892,28,-1,0,29,36
2020-09-18,US,Michigan,Gladwin,90,2,0,43.98901072,-84.38774817,26051.0,353.6484734174231,2.2222222222222223,88,89,2,0,87,87,25337,1,0,0,1,2
2020-09-18,US,Michigan,Gogebic,153,1,0,46.40862701,-89.69377193,26053.0,1094.8121645796064,0.6535947712418301,152,152,1,0,151,152,15096,1,0,0,1,0
2020-09-18,US,Michigan,Grand Traverse,452,7,0,44.69565625,-85.55585247,26055.0,485.5620488140255,1.5486725663716814,445,449,7,0,442,446,92573,3,0,0,3,3
2020-09-18,US,Michigan,Gratiot,238,15,0,43.29265605,-84.60505416,26057.0,584.6085824470048,6.302521008403361,223,233,15,0,218,227,40599,5,0,0,5,6
2020-09-18,US,Michigan,Hillsdale,327,27,0,41.88753639,-84.59312019,26059.0,717.0266418155902,8.256880733944952,300,323,27,0,296,318,45749,4,0,0,4,5
2020-09-18,US,Michigan,Houghton,282,1,0,46.89988536,-88.68495385,26061.0,790.2701490864254,0.3546099290780142,281,251,1,0,250,237,36219,31,0,0,31,14
2020-09-18,US,Michigan,Huron,211,5,0,43.83353985,-83.04078453,26063.0,681.0625867467157,2.3696682464454977,206,207,5,0,202,207,31166,4,0,0,4,0
2020-09-18,US,Michigan,Ingham,3091,45,0,42.59716886,-84.37472069,26065.0,1057.0918517403884,1.455839534131349,3046,3012,44,0,2968,2887,292735,79,1,0,78,125
2020-09-18,US,Michigan,Ionia,346,7,0,42.94502238,-85.07413319,26067.0,534.8006862760252,2.0231213872832368,339,346,7,0,339,344,64210,0,0,0,0,2
2020-09-18,US,Michigan,Iosco,181,12,0,44.35486835,-83.63484895,26069.0,720.3406693994507,6.629834254143647,169,177,12,0,165,176,25081,4,0,0,4,1
2020-09-18,US,Michigan,Iron,60,1,0,46.20974132,-88.53136251,26071.0,542.2013374299656,1.6666666666666667,59,58,1,0,57,53,11117,2,0,0,2,5
2020-09-18,US,Michigan,Isabella,646,11,0,43.64060976,-84.84664923,26073.0,924.5477444469886,1.7027863777089782,635,638,11,0,627,632,70562,8,0,0,8,6
2020-09-18,US,Michigan,Jackson,976,43,0,42.24807035,-84.42258681,26075.0,615.7340230900259,4.4057377049180335,933,970,43,0,927,948,158823,6,0,0,6,22
2020-09-18,US,Michigan,Kalamazoo,2534,91,0,42.24542231,-85.53038622,26077.0,955.9883198901407,3.591160220994475,2443,2473,92,0,2381,2411,264870,61,-1,0,62,62
2020-09-18,US,Michigan,Kalkaska,78,4,0,44.68512729,-85.09085699,26079.0,432.42044572569023,5.128205128205129,74,78,4,0,74,78,17824,0,0,0,0,0
2020-09-18,US,Michigan,Kent,9302,173,0,43.03197711,-85.54934642,26081.0,1415.9265094260645,1.8598150935282736,9129,9243,173,0,9070,9171,653786,59,0,0,59,72
2020-09-18,US,Michigan,Keweenaw,7,0,0,47.63197653,-88.41434263,26083.0,330.812854442344,0.0,7,8,0,0,8,8,2113,-1,0,0,-1,0
2020-09-18,US,Michigan,Lake,32,0,0,43.99050893,-85.802173,26085.0,269.97384628364125,0.0,32,32,0,0,32,32,11881,0,0,0,0,0
2020-09-18,US,Michigan,Lapeer,579,36,0,43.09052506,-83.22153148,26087.0,660.9060919789515,6.217616580310881,543,577,37,0,540,572,88028,2,-1,0,3,5
2020-09-18,US,Michigan,Leelanau,103,1,0,44.94430054,-85.80150326,26089.0,473.3238362207618,0.9708737864077671,102,103,1,0,102,102,21764,0,0,0,0,1
2020-09-18,US,Michigan,Lenawee,771,15,0,41.89475156,-84.06603727,26091.0,783.1306944571411,1.9455252918287935,756,764,15,0,749,759,98266,7,0,0,7,5
2020-09-18,US,Michigan,Livingston,1303,30,0,42.60302282,-83.91297209,26093.0,678.6635068621579,2.3023791250959325,1273,1292,29,0,1263,1284,191224,11,1,0,10,8
2020-09-18,US,Michigan,Luce,20,0,0,46.47227431,-85.54471223,26095.0,321.07882485150105,0.0,20,13,0,0,13,14,6283,7,0,0,7,-1
2020-09-18,US,Michigan,Mackinac,54,0,0,46.07028979,-85.04980537,26097.0,500.0463005833874,0.0,54,53,0,0,53,52,10787,1,0,0,1,1
2020-09-18,US,Michigan,Macomb,13927,1006,0,42.69158356,-82.92752801,26099.0,1593.5293121518766,7.223379047892583,12921,13875,1007,0,12868,13827,874759,52,-1,0,53,48
2020-09-18,US,Michigan,Manistee,70,2,0,44.33352407,-86.05626916,26101.0,285.03949833048296,2.8571428571428568,68,69,2,0,67,69,24528,1,0,0,1,0
2020-09-18,US,Michigan,Marquette,307,12,0,46.4338914,-87.64043701,26103.0,460.2767657686022,3.908794788273616,295,297,12,0,285,296,66516,10,0,0,10,1
2020-09-18,US,Michigan,Mason,133,0,0,43.99509218,-86.24988902,26105.0,456.35465275871536,0.0,133,133,0,0,133,132,29100,0,0,0,0,1
2020-09-18,US,Michigan,Mecosta,181,3,0,43.64064262,-85.32463223,26107.0,416.5420109083378,1.6574585635359116,178,175,3,0,172,171,43545,6,0,0,6,4
2020-09-18,US,Michigan,Menominee,294,1,0,45.58038692,-87.55370409,26109.0,1290.6057945566286,0.3401360544217687,293,287,1,0,286,278,22983,7,0,0,7,9
2020-09-18,US,Michigan,Michigan Department of Corrections (MDOC),5550,73,0,0.0,0.0,0.0,0.0,1.3153153153153154,5477,5541,71,0,5470,5535,,9,2,0,7,6
2020-09-18,US,Michigan,Midland,539,11,0,43.64330771,-84.38804374,26111.0,648.1793256048873,2.0408163265306123,528,536,11,0,525,531,83209,3,0,0,3,5
2020-09-18,US,Michigan,Missaukee,57,1,0,44.33772443,-85.09256478,26113.0,377.0339992062442,1.7543859649122806,56,57,1,0,56,57,15113,0,0,0,0,0
2020-09-18,US,Michigan,Monroe,1454,28,0,41.92734151,-83.53749864,26115.0,966.1129568106312,1.9257221458046767,1426,1455,28,0,1427,1454,150439,-1,0,0,-1,1
2020-09-18,US,Michigan,Montcalm,285,5,0,43.31082541,-85.15252824,26117.0,446.0931630353118,1.7543859649122806,280,278,5,0,273,275,63968,7,0,0,7,3
2020-09-18,US,Michigan,Montmorency,14,0,0,45.0275929,-84.12696227,26119.0,150.08576329331046,0.0,14,13,0,0,13,13,9265,1,0,0,1,0
2020-09-18,US,Michigan,Muskegon,1444,69,0,43.29123859,-86.15176712,26121.0,831.96017653227,4.7783933518005535,1375,1438,69,0,1369,1431,173588,6,0,0,6,7
2020-09-18,US,Michigan,Newaygo,317,1,0,43.554373999999996,-85.80070107,26123.0,647.2029399755003,0.3154574132492113,316,323,1,0,322,318,48892,-6,0,0,-6,5
2020-09-18,US,Michigan,Oakland,19828,1191,0,42.66090111,-83.38595416,26125.0,1576.6740034860495,6.0066572523703865,18637,19751,1192,0,18559,19624,1259201,77,-1,0,78,127
2020-09-18,US,Michigan,Oceana,513,6,0,43.64124435,-86.26726673,26127.0,1938.2627422828427,1.1695906432748535,507,506,6,0,500,506,26625,7,0,0,7,0
2020-09-18,US,Michigan,Ogemaw,61,5,0,44.33481032,-84.12725175,26129.0,290.51769300376236,8.196721311475411,56,61,5,0,56,61,20952,0,0,0,0,0
2020-09-18,US,Michigan,Ontonagon,42,0,0,46.665226200000006,-89.31390481,26131.0,734.2657342657343,0.0,42,41,0,0,41,41,5795,1,0,0,1,0
2020-09-18,US,Michigan,Osceola,90,0,0,43.98992088,-85.32566756,26133.0,383.6317135549872,0.0,90,88,0,0,88,88,23341,2,0,0,2,0
2020-09-18,US,Michigan,Oscoda,30,1,0,44.68192279,-84.12939244,26135.0,364.0334910811795,3.333333333333333,29,30,1,0,29,30,8276,0,0,0,0,0
2020-09-18,US,Michigan,Otsego,165,11,0,45.02085831,-84.59898295,26137.0,668.8827630938869,6.666666666666668,154,164,11,0,153,162,24665,1,0,0,1,2
2020-09-18,US,Michigan,Ottawa,3128,65,0,42.95996803,-85.9969107,26139.0,1071.8569029914677,2.0780051150895145,3063,3076,65,0,3011,3032,290494,52,0,0,52,44
2020-09-18,US,Michigan,Out of MI,193,2,0,0.0,0.0,80026.0,0.0,1.0362694300518134,191,194,2,0,192,211,,-1,0,0,-1,-17
2020-09-18,US,Michigan,Presque Isle,25,1,0,45.34018577,-83.91498656,26141.0,198.53875476493008,4.0,24,24,1,0,23,24,12738,1,0,0,1,0
2020-09-18,US,Michigan,Roscommon,88,4,0,44.33473082,-84.61067651,26143.0,366.376618510346,4.545454545454546,84,87,4,0,83,89,23884,1,0,0,1,-2
2020-09-18,US,Michigan,Saginaw,2851,138,0,43.33433923,-84.05131209999998,26145.0,1496.2816011420236,4.840406874780778,2713,2846,138,0,2708,2821,190800,5,0,0,5,25
2020-09-18,US,Michigan,Sanilac,144,7,0,43.42406072,-82.82055898,26151.0,349.76924945348554,4.861111111111111,137,142,7,0,135,139,41182,2,0,0,2,3
2020-09-18,US,Michigan,Schoolcraft,21,0,0,46.19235734,-86.19972234,26153.0,259.45144551519644,0.0,21,20,0,0,20,20,8068,1,0,0,1,0
2020-09-18,US,Michigan,Shiawassee,492,31,0,42.95392800000001,-84.14585902,26155.0,722.2336396465166,6.30081300813008,461,489,31,0,458,484,68192,3,0,0,3,5
2020-09-18,US,Michigan,St. Clair,976,53,0,42.92655373,-82.67937954,26147.0,613.3427178120758,5.430327868852459,923,972,53,0,919,970,159337,4,0,0,4,2
2020-09-18,US,Michigan,St. Joseph,724,11,0,41.91441767,-85.52797979,26149.0,1187.5861163965621,1.5193370165745856,713,717,11,0,706,713,61043,7,0,0,7,4
2020-09-18,US,Michigan,Tuscola,482,31,0,43.46606813,-83.41897025,26157.0,922.5763230931192,6.431535269709544,451,479,31,0,448,476,52516,3,0,0,3,3
2020-09-18,US,Michigan,Unassigned,4,0,0,0.0,0.0,90026.0,0.0,0.0,4,6,0,0,6,5,,-2,0,0,-2,1
2020-09-18,US,Michigan,Van Buren,729,17,0,42.25190229,-86.01939087,26159.0,963.3045707414406,2.3319615912208507,712,725,17,0,708,717,75448,4,0,0,4,8
2020-09-18,US,Michigan,Washtenaw,3293,115,0,42.253105,-83.83853204,26161.0,895.8082268546602,3.4922563012450647,3178,3267,115,0,3152,3235,370963,26,0,0,26,32
2020-09-18,US,Michigan,Wayne,34034,2951,0,42.28098405,-83.281255,26163.0,1945.5304077016344,8.670741023682199,31083,33948,2951,0,30997,33790,1753893,86,0,0,86,158
2020-09-18,US,Michigan,Wexford,119,4,0,44.33853602,-85.57712739,26165.0,353.8402069519194,3.361344537815126,115,118,4,0,114,118,33466,1,0,0,1,0
2020-09-18,US,Minnesota,Aitkin,69,1,0,46.60962049,-93.41168259999999,27001.0,434.34470603046725,1.4492753623188406,68,69,1,0,68,68,15902,0,0,0,0,1
2020-09-18,US,Minnesota,Anoka,5596,132,0,45.27476015,-93.24604565,27003.0,1567.853950874283,2.3588277340957826,5464,5531,131,0,5400,5466,353813,65,1,0,64,65
2020-09-18,US,Minnesota,Becker,237,2,0,46.93479392,-95.67158144,27005.0,688.4931586439301,0.8438818565400844,235,235,2,0,233,233,34371,2,0,0,2,2
2020-09-18,US,Minnesota,Beltrami,365,4,0,47.97373527,-94.93732139,27007.0,773.5017377299314,1.095890410958904,361,362,4,0,358,355,46847,3,0,0,3,7
2020-09-18,US,Minnesota,Benton,492,3,0,45.69804958,-93.99514135,27009.0,1203.2575998434786,0.6097560975609756,489,479,3,0,476,469,40545,13,0,0,13,10
2020-09-18,US,Minnesota,Big Stone,66,0,0,45.42712824,-96.41403739,27011.0,1322.3802845121218,0.0,66,64,0,0,64,59,4989,2,0,0,2,5
2020-09-18,US,Minnesota,Blue Earth,1556,6,0,44.03554215,-94.06699781,27013.0,2299.971915510029,0.3856041131105398,1550,1540,6,0,1534,1526,67427,16,0,0,16,14
2020-09-18,US,Minnesota,Brown,164,2,0,44.24205652,-94.72562874,27015.0,655.7901471529111,1.2195121951219512,162,158,2,0,156,152,25111,6,0,0,6,6
2020-09-18,US,Minnesota,Carlton,231,1,0,46.59180601,-92.67601019,27017.0,643.9742410303587,0.4329004329004329,230,226,1,0,225,219,35837,5,0,0,5,7
2020-09-18,US,Minnesota,Carver,1319,7,0,44.82017001,-93.80099179999999,27019.0,1255.126606971234,0.530705079605762,1312,1303,7,0,1296,1284,103551,16,0,0,16,19
2020-09-18,US,Minnesota,Cass,123,3,0,46.95043611,-94.32603968,27021.0,413.0427482454078,2.4390243902439024,120,120,3,0,117,117,29519,3,0,0,3,3
2020-09-18,US,Minnesota,Chippewa,185,1,0,45.02343421,-95.56403693,27023.0,1567.7966101694915,0.5405405405405406,184,182,1,0,181,180,11924,3,0,0,3,2
2020-09-18,US,Minnesota,Chisago,421,1,0,45.5021011,-92.90861945,27025.0,744.0923310769014,0.2375296912114014,420,415,1,0,414,413,55922,6,0,0,6,2
2020-09-18,US,Minnesota,Clay,1213,40,0,46.89289518,-96.48761922,27027.0,1888.760860764224,3.2976092333058533,1173,1199,40,0,1159,1179,63955,14,0,0,14,20
2020-09-18,US,Minnesota,Clearwater,24,0,0,47.57992111,-95.37790562,27029.0,272.17056021773647,0.0,24,24,0,0,24,24,8810,0,0,0,0,0
2020-09-18,US,Minnesota,Cook,6,0,0,47.90504893,-90.52629546,27031.0,109.82976386600771,0.0,6,6,0,0,6,6,5393,0,0,0,0,0
2020-09-18,US,Minnesota,Cottonwood,214,0,0,44.00715262,-95.18138802,27033.0,1911.396927474098,0.0,214,213,0,0,213,211,11277,1,0,0,1,2
2020-09-18,US,Minnesota,Crow Wing,410,18,0,46.48096553,-94.06755609,27035.0,630.2359541926063,4.390243902439025,392,402,18,0,384,388,64889,8,0,0,8,14
2020-09-18,US,Minnesota,Dakota,6995,125,0,44.67172617,-93.06299363,27037.0,1630.456317989096,1.7869907076483202,6870,6942,124,0,6818,6895,425423,53,1,0,52,47
2020-09-18,US,Minnesota,Dodge,188,0,0,44.02238415,-92.86244324,27039.0,898.0605713193847,0.0,188,182,0,0,182,181,20822,6,0,0,6,1
2020-09-18,US,Minnesota,Douglas,229,1,0,45.93348491,-95.45335469,27041.0,600.403764977321,0.4366812227074236,228,219,1,0,218,212,37964,10,0,0,10,7
2020-09-18,US,Minnesota,Faribault,129,0,0,43.67381499,-93.94787458,27043.0,944.847286310701,0.0,129,129,0,0,129,128,13758,0,0,0,0,1
2020-09-18,US,Minnesota,Fillmore,105,0,0,43.67394126,-92.08980382,27045.0,498.4098352874163,0.0,105,98,0,0,98,96,21058,7,0,0,7,2
2020-09-18,US,Minnesota,Freeborn,504,3,0,43.67385583,-93.34884422,27047.0,1664.4100260889668,0.5952380952380952,501,490,3,0,487,465,30444,14,0,0,14,25
2020-09-18,US,Minnesota,Goodhue,321,9,0,44.40849741,-92.72341949999999,27049.0,692.7060854553303,2.803738317757009,312,317,9,0,308,309,46403,4,0,0,4,8
2020-09-18,US,Minnesota,Grant,57,4,0,45.93424769,-96.01139609,27051.0,954.4541192230407,7.0175438596491215,53,57,4,0,53,57,6021,0,0,0,0,0
2020-09-18,US,Minnesota,Hennepin,25454,917,0,45.00761521,-93.47694895,27053.0,2010.8338869828247,3.6025771980828165,24537,25264,915,0,24349,25093,1259428,190,2,0,188,171
2020-09-18,US,Minnesota,Houston,104,0,0,43.67129565,-91.49143057,27055.0,559.1397849462365,0.0,104,105,0,0,105,104,18578,-1,0,0,-1,1
2020-09-18,US,Minnesota,Hubbard,71,0,0,47.10778564,-94.91693868,27057.0,330.37085291517377,0.0,71,65,0,0,65,59,21332,6,0,0,6,6
2020-09-18,US,Minnesota,Isanti,234,0,0,45.56181234,-93.29487636,27059.0,576.4114691102571,0.0,234,221,0,0,221,219,39966,13,0,0,13,2
2020-09-18,US,Minnesota,Itasca,264,13,0,47.51009045,-93.63092229,27061.0,584.9767338799028,4.924242424242424,251,255,13,0,242,254,45108,9,0,0,9,1
2020-09-18,US,Minnesota,Jackson,125,1,0,43.67423373,-95.15398258,27063.0,1269.5510867357302,0.8,124,120,1,0,119,112,9911,5,0,0,5,8
2020-09-18,US,Minnesota,Kanabec,100,8,0,45.9459309,-93.29275192,27065.0,612.1074860745548,8.0,92,95,8,0,87,92,16207,5,0,0,5,3
2020-09-18,US,Minnesota,Kandiyohi,911,2,0,45.1526059,-95.00586446,27067.0,2108.845112155374,0.2195389681668496,909,908,2,0,906,898,42855,3,0,0,3,10
2020-09-18,US,Minnesota,Kittson,13,0,0,48.77754106,-96.78317184,27069.0,302.4662633783155,0.0,13,13,0,0,13,14,4248,0,0,0,0,-1
2020-09-18,US,Minnesota,Koochiching,100,3,0,48.24539665,-93.78352843,27071.0,817.7283506419168,3.0,97,98,3,0,95,96,12440,2,0,0,2,2
2020-09-18,US,Minnesota,Lac qui Parle,41,0,0,44.9973857,-96.17488219,27073.0,619.054808998943,0.0,41,36,0,0,36,33,6658,5,0,0,5,3
2020-09-18,US,Minnesota,Lake,48,0,0,47.64270764,-91.44557998,27075.0,451.0854243022272,0.0,48,48,0,0,48,49,10658,0,0,0,0,-1
2020-09-18,US,Minnesota,Lake of the Woods,20,1,0,48.77217001,-94.90274472,27077.0,534.75935828877,5.0,19,20,1,0,19,20,3758,0,0,0,0,0
2020-09-18,US,Minnesota,Le Sueur,441,3,0,44.37136597,-93.72844721,27079.0,1526.6382801952436,0.6802721088435374,438,440,3,0,437,436,28494,1,0,0,1,4
2020-09-18,US,Minnesota,Lincoln,95,0,0,44.41311883,-96.26688165,27081.0,1684.6958680617126,0.0,95,93,0,0,93,87,5673,2,0,0,2,6
2020-09-18,US,Minnesota,Lyon,634,4,0,44.41327865,-95.83806103,27083.0,2488.812122163775,0.6309148264984227,630,624,4,0,620,612,25629,10,0,0,10,12
2020-09-18,US,Minnesota,Mahnomen,45,1,0,47.32557075,-95.80921485,27087.0,814.1849104396597,2.2222222222222223,44,44,1,0,43,42,5519,1,0,0,1,2
2020-09-18,US,Minnesota,Marshall,48,1,0,48.35825983,-96.37017407,27089.0,514.1388174807198,2.083333333333333,47,48,1,0,47,48,9390,0,0,0,0,0
2020-09-18,US,Minnesota,Martin,290,9,0,43.67429718,-94.55099908,27091.0,1473.352639333435,3.103448275862069,281,280,9,0,271,273,19785,10,0,0,10,7
2020-09-18,US,Minnesota,McLeod,438,2,0,44.82367677,-94.27287017,27085.0,1220.293650572535,0.45662100456620996,436,433,2,0,431,428,35873,5,0,0,5,5
2020-09-18,US,Minnesota,Meeker,166,2,0,45.12328869,-94.52839455,27093.0,714.8393764533632,1.2048192771084338,164,155,2,0,153,152,23141,11,0,0,11,3
2020-09-18,US,Minnesota,Mille Lacs,136,3,0,45.93705297,-93.63236823,27095.0,517.5628876964646,2.2058823529411766,133,133,3,0,130,132,26139,3,0,0,3,1
2020-09-18,US,Minnesota,Morrison,190,1,0,46.01265363,-94.27341528,27097.0,569.1008207032887,0.5263157894736842,189,184,1,0,183,181,33169,6,0,0,6,3
2020-09-18,US,Minnesota,Mower,1261,4,0,43.67142874,-92.75234549,27099.0,3147.6211871599016,0.31720856463124497,1257,1253,4,0,1249,1249,40011,8,0,0,8,4
2020-09-18,US,Minnesota,Murray,149,2,0,44.02216709,-95.76328482,27101.0,1818.4037100317307,1.342281879194631,147,149,2,0,147,148,8276,0,0,0,0,1
2020-09-18,US,Minnesota,Nicollet,495,16,0,44.35291112,-94.24710352,27103.0,1444.2434498453638,3.2323232323232323,479,487,16,0,471,484,34220,8,0,0,8,3
2020-09-18,US,Minnesota,Nobles,1920,16,0,43.67434621,-95.75329576,27105.0,8876.970733737113,0.8333333333333334,1904,1914,16,0,1898,1912,21924,6,0,0,6,2
2020-09-18,US,Minnesota,Norman,51,0,0,47.32628443,-96.45620947,27107.0,800.0,0.0,51,51,0,0,51,51,6475,0,0,0,0,0
2020-09-18,US,Minnesota,Olmsted,2253,27,0,44.00374114,-92.40209944,27109.0,1423.3099378999705,1.1984021304926764,2226,2237,26,0,2211,2217,156277,16,1,0,15,20
2020-09-18,US,Minnesota,Otter Tail,373,4,0,46.40846929,-95.70835255,27111.0,634.9368467640351,1.0723860589812333,369,367,4,0,363,354,58812,6,0,0,6,13
2020-09-18,US,Minnesota,Pennington,108,1,0,48.06642577,-96.0370814,27113.0,764.926694525108,0.925925925925926,107,107,1,0,106,105,14178,1,0,0,1,2
2020-09-18,US,Minnesota,Pine,236,0,0,46.12105238,-92.74070188,27115.0,797.8633489975998,0.0,236,198,0,0,198,195,29483,38,0,0,38,3
2020-09-18,US,Minnesota,Pipestone,208,9,0,44.02301619,-96.25841142,27117.0,2279.202279202279,4.326923076923077,199,205,9,0,196,204,9047,3,0,0,3,1
2020-09-18,US,Minnesota,Polk,262,4,0,47.77372465,-96.40134647,27119.0,835.352633592654,1.5267175572519085,258,257,4,0,253,253,31529,5,0,0,5,4
2020-09-18,US,Minnesota,Pope,82,0,0,45.58606667,-95.44451209,27121.0,728.9536847719796,0.0,82,81,0,0,81,78,11097,1,0,0,1,3
2020-09-18,US,Minnesota,Ramsey,10349,316,0,45.01625271,-93.09872295,27123.0,1880.5388128019827,3.053435114503817,10033,10267,314,0,9953,10166,550210,82,2,0,80,101
2020-09-18,US,Minnesota,Red Lake,37,0,0,47.87197525,-96.09561104,27125.0,912.4537607891493,0.0,37,37,0,0,37,37,3999,0,0,0,0,0
2020-09-18,US,Minnesota,Redwood,93,0,0,44.40555844,-95.25207021,27127.0,613.0520764667108,0.0,93,91,0,0,91,88,15249,2,0,0,2,3
2020-09-18,US,Minnesota,Renville,120,6,0,44.72836381,-94.94553734,27129.0,824.8556502612042,5.0,114,117,6,0,111,109,14612,3,0,0,3,8
2020-09-18,US,Minnesota,Rice,1290,8,0,44.3543376,-93.29658715,27131.0,1926.1781042823866,0.6201550387596899,1282,1279,8,0,1271,1274,66523,11,0,0,11,5
2020-09-18,US,Minnesota,Rock,145,0,0,43.67482683,-96.25296832,27133.0,1556.629092860977,0.0,145,139,0,0,139,133,9414,6,0,0,6,6
2020-09-18,US,Minnesota,Roseau,109,0,0,48.77501878,-95.81079919,27135.0,718.7603033300363,0.0,109,105,0,0,105,104,15150,4,0,0,4,1
2020-09-18,US,Minnesota,Scott,2366,32,0,44.6490231,-93.53340251,27139.0,1587.780931865005,1.3524936601859678,2334,2325,32,0,2293,2305,147381,41,0,0,41,20
2020-09-18,US,Minnesota,Sherburne,1063,13,0,45.44447208,-93.77617511,27141.0,1093.1940187992348,1.2229539040451551,1050,1050,13,0,1037,1038,96036,13,0,0,13,12
2020-09-18,US,Minnesota,Sibley,169,3,0,44.5796592,-94.23164924,27143.0,1136.8987554658595,1.7751479289940828,166,166,3,0,163,164,15028,3,0,0,3,2
2020-09-18,US,Minnesota,St. Louis,1282,29,0,47.604840700000004,-92.46879855,27137.0,643.994574772693,2.2620904836193447,1253,1233,29,0,1204,1202,199754,49,0,0,49,31
2020-09-18,US,Minnesota,Stearns,3670,23,0,45.55192576,-94.61078221,27145.0,2278.4417196957943,0.6267029972752044,3647,3629,23,0,3606,3590,159256,41,0,0,41,39
2020-09-18,US,Minnesota,Steele,513,2,0,44.02240351,-93.22627088,27147.0,1399.7653414827146,0.3898635477582846,511,506,2,0,504,498,36803,7,0,0,7,8
2020-09-18,US,Minnesota,Stevens,90,1,0,45.58613007,-96.00163705,27149.0,917.8990311065784,1.1111111111111112,89,91,1,0,90,87,9753,-1,0,0,-1,4
2020-09-18,US,Minnesota,Swift,104,1,0,45.2829032,-95.68264092,27151.0,1122.3829052449817,0.9615384615384616,103,99,1,0,98,96,9345,5,0,0,5,3
2020-09-18,US,Minnesota,Todd,472,2,0,46.06996226,-94.89785296,27153.0,1913.720402205644,0.42372881355932196,470,472,2,0,470,471,24582,0,0,0,0,1
2020-09-18,US,Minnesota,Traverse,29,0,0,45.77298854,-96.47062949,27155.0,889.8435102792267,0.0,29,29,0,0,29,29,3308,0,0,0,0,0
2020-09-18,US,Minnesota,Unassigned,165,52,0,0.0,0.0,90027.0,0.0,31.51515151515152,113,157,52,0,105,150,,8,0,0,8,7
2020-09-18,US,Minnesota,Wabasha,166,0,0,44.28424356,-92.23121312,27157.0,767.5590696814168,0.0,166,164,0,0,164,157,21645,2,0,0,2,7
2020-09-18,US,Minnesota,Wadena,61,0,0,46.58589171,-94.96968506,27159.0,445.8412512790528,0.0,61,61,0,0,61,59,13773,0,0,0,0,2
2020-09-18,US,Minnesota,Waseca,422,8,0,44.02211116,-93.58720034,27161.0,2267.354395013969,1.895734597156398,414,411,8,0,403,400,18691,11,0,0,11,11
2020-09-18,US,Minnesota,Washington,3492,55,0,45.03864533,-92.88429635,27163.0,1330.5898491083674,1.575028636884307,3437,3459,55,0,3404,3431,259201,33,0,0,33,28
2020-09-18,US,Minnesota,Watonwan,495,4,0,43.97823903,-94.61413846,27165.0,4542.534642562173,0.8080808080808081,491,484,4,0,480,482,10980,11,0,0,11,2
2020-09-18,US,Minnesota,Wilkin,55,3,0,46.35721532,-96.4684375,27167.0,886.0963428387305,5.454545454545454,52,55,3,0,52,55,6254,0,0,0,0,0
2020-09-18,US,Minnesota,Winona,828,18,0,43.98772283,-91.78081305,27169.0,1640.1236035179465,2.1739130434782608,810,727,18,0,709,714,50825,101,0,0,101,13
2020-09-18,US,Minnesota,Wright,1493,7,0,45.17297924,-93.96234781,27171.0,1078.9365284693263,0.4688546550569324,1486,1477,7,0,1470,1463,136349,16,0,0,16,14
2020-09-18,US,Minnesota,Yellow Medicine,144,2,0,44.71710183,-95.86842453,27173.0,1483.1599546812236,1.3888888888888888,142,142,1,0,141,135,9795,2,1,0,1,7
2020-09-18,US,Mississippi,Adams,909,36,0,31.47669768,-91.35326037,28001.0,2961.587332616557,3.96039603960396,873,891,35,0,856,881,31192,18,1,0,17,10
2020-09-18,US,Mississippi,Alcorn,763,11,0,34.88084463,-88.57996173,28003.0,2064.784997158553,1.4416775884665791,752,753,10,0,743,746,36925,10,1,0,9,7
2020-09-18,US,Mississippi,Amite,311,10,0,31.17467303,-90.80501621,28005.0,2529.072131414166,3.2154340836012865,301,307,10,0,297,303,12326,4,0,0,4,4
2020-09-18,US,Mississippi,Attala,640,25,0,33.08658803,-89.57838564,28007.0,3521.514251127985,3.90625,615,636,25,0,611,633,18365,4,0,0,4,3
2020-09-18,US,Mississippi,Benton,218,1,0,34.81681228,-89.18945516,28009.0,2639.5447390725267,0.4587155963302753,217,215,1,0,214,208,8271,3,0,0,3,7
2020-09-18,US,Mississippi,Bolivar,1775,65,0,33.79696941,-90.87372121,28011.0,5795.35065952723,3.661971830985916,1710,1774,65,0,1709,1750,31333,1,0,0,1,24
2020-09-18,US,Mississippi,Calhoun,506,12,0,33.93683395,-89.33686647,28013.0,3523.4315159111493,2.3715415019762847,494,506,12,0,494,506,14436,0,0,0,0,0
2020-09-18,US,Mississippi,Carroll,310,12,0,33.44834567,-89.91994479,28015.0,3116.5175429777833,3.870967741935484,298,308,12,0,296,306,9911,2,0,0,2,2
2020-09-18,US,Mississippi,Chickasaw,641,24,0,33.91983202,-88.9481545,28017.0,3747.880488803134,3.74414976599064,617,635,24,0,611,631,17171,6,0,0,6,4
2020-09-18,US,Mississippi,Choctaw,177,5,0,33.34598242,-89.24809382,28019.0,2155.907429963459,2.824858757062147,172,177,5,0,172,177,8278,0,0,0,0,0
2020-09-18,US,Mississippi,Claiborne,451,16,0,31.97061673,-90.90702196,28021.0,5017.801513128616,3.547671840354768,435,449,16,0,433,447,9002,2,0,0,2,2
2020-09-18,US,Mississippi,Clarke,531,38,0,32.04158545,-88.68896219999998,28023.0,3416.7685477125024,7.1563088512241055,493,525,38,0,487,519,15604,6,0,0,6,6
2020-09-18,US,Mississippi,Clay,565,16,0,33.65358105,-88.77784255,28025.0,2925.036239387037,2.8318584070796464,549,562,16,0,546,559,19386,3,0,0,3,3
2020-09-18,US,Mississippi,Coahoma,1112,27,0,34.22772299,-90.60415045,28027.0,5026.215874163804,2.4280575539568345,1085,1109,27,0,1082,1089,22628,3,0,0,3,20
2020-09-18,US,Mississippi,Copiah,1157,33,0,31.86977774,-90.44565118,28029.0,4122.572599323,2.852203975799481,1124,1154,33,0,1121,1145,28543,3,0,0,3,9
2020-09-18,US,Mississippi,Covington,796,22,0,31.63225413,-89.55389939,28031.0,4271.302854689848,2.7638190954773867,774,793,21,0,772,787,18853,3,1,0,2,6
2020-09-18,US,Mississippi,DeSoto,5354,55,0,34.87625235,-89.99091418,28033.0,2894.9147043715693,1.0272693313410537,5299,5321,53,0,5268,5276,182001,33,2,0,31,45
2020-09-18,US,Mississippi,Forrest,2317,69,0,31.18961454,-89.25832496,28035.0,3093.581852410644,2.9779887785930086,2248,2310,69,0,2241,2294,75036,7,0,0,7,16
2020-09-18,US,Mississippi,Franklin,187,3,0,31.47786634,-90.89672989,28037.0,2424.4781537663685,1.60427807486631,184,186,3,0,183,183,7788,1,0,0,1,3
2020-09-18,US,Mississippi,George,740,13,0,30.86259065,-88.64436789,28039.0,3020.4081632653056,1.7567567567567568,727,739,13,0,726,740,24250,1,0,0,1,-1
2020-09-18,US,Mississippi,Greene,338,17,0,31.21444233,-88.63922281,28041.0,2487.855145002208,5.029585798816568,321,335,16,0,319,333,13586,3,1,0,2,2
2020-09-18,US,Mississippi,Grenada,1050,35,0,33.77036166,-89.80245083,28043.0,5058.290779458522,3.333333333333333,1015,1045,35,0,1010,1026,21055,5,0,0,5,19
2020-09-18,US,Mississippi,Hancock,557,20,0,30.41830223,-89.48851033,28045.0,1169.381928115553,3.5906642728904847,537,554,20,0,534,544,47334,3,0,0,3,10
2020-09-18,US,Mississippi,Harrison,3707,71,0,30.51359752,-89.12467576,28047.0,1781.5263360246058,1.9152953871054759,3636,3687,71,0,3616,3660,206650,20,0,0,20,27
2020-09-18,US,Mississippi,Hinds,6931,154,0,32.2656285,-90.44435448,28049.0,2989.56176673568,2.221901601500505,6777,6903,153,0,6750,6884,237085,28,1,0,27,19
2020-09-18,US,Mississippi,Holmes,1085,58,0,33.12345854,-90.08923538,28051.0,6378.600823045267,5.345622119815668,1027,1084,58,0,1026,1076,17622,1,0,0,1,8
2020-09-18,US,Mississippi,Humphreys,372,15,0,33.12825718,-90.52252707,28053.0,4613.095238095239,4.032258064516129,357,369,15,0,354,368,8257,3,0,0,3,1
2020-09-18,US,Mississippi,Issaquena,103,3,0,32.72531359,-90.97392828,28055.0,7761.86887716654,2.9126213592233015,100,103,3,0,100,102,1308,0,0,0,0,1
2020-09-18,US,Mississippi,Itawamba,746,21,0,34.27993475,-88.3606733,28057.0,3189.3971782813173,2.8150134048257374,725,741,21,0,720,729,23517,5,0,0,5,12
2020-09-18,US,Mississippi,Jackson,3358,67,0,30.54020656,-88.64184064,28059.0,2338.1633093575274,1.9952352590827875,3291,3343,67,0,3276,3326,143277,15,0,0,15,17
2020-09-18,US,Mississippi,Jasper,538,15,0,32.01922104,-89.11786866,28061.0,3283.891839101508,2.7881040892193307,523,536,15,0,521,532,16428,2,0,0,2,4
2020-09-18,US,Mississippi,Jefferson,237,9,0,31.73397872,-91.03764977,28063.0,3390.5579399141634,3.79746835443038,228,235,9,0,226,234,7106,2,0,0,2,1
2020-09-18,US,Mississippi,Jefferson Davis,323,11,0,31.56884708,-89.82670990000004,28065.0,2902.5880661394676,3.4055727554179565,312,322,11,0,311,317,11234,1,0,0,1,5
2020-09-18,US,Mississippi,Jones,2376,78,0,31.62257767,-89.16896899999998,28067.0,3489.0892537225764,3.2828282828282833,2298,2360,78,0,2282,2340,68461,16,0,0,16,20
2020-09-18,US,Mississippi,Kemper,286,15,0,32.75462946,-88.64105766,28069.0,2935.742147402997,5.244755244755245,271,285,15,0,270,284,10027,1,0,0,1,1
2020-09-18,US,Mississippi,Lafayette,2050,39,0,34.35687874,-89.48490961,28071.0,3794.961032229401,1.902439024390244,2011,2030,39,0,1991,1993,54793,20,0,0,20,37
2020-09-18,US,Mississippi,Lamar,1577,33,0,31.20572971,-89.5077704,28073.0,2489.6200053676016,2.0925808497146483,1544,1566,33,0,1533,1548,62447,11,0,0,11,18
2020-09-18,US,Mississippi,Lauderdale,1990,124,0,32.40419769,-88.66229662,28075.0,2684.654300168634,6.231155778894472,1866,1984,123,0,1861,1977,75317,6,1,0,5,7
2020-09-18,US,Mississippi,Lawrence,423,12,0,31.55147224,-90.10841127,28077.0,3360.877165104084,2.8368794326241136,411,422,12,0,410,421,12455,1,0,0,1,1
2020-09-18,US,Mississippi,Leake,937,35,0,32.7536828,-89.52402044,28079.0,4112.174142017028,3.735325506937033,902,935,35,0,900,932,22763,2,0,0,2,3
2020-09-18,US,Mississippi,Lee,2561,66,0,34.291877500000005,-88.68149954,28081.0,2997.5654290931225,2.5771183131589224,2495,2540,66,0,2474,2515,85202,21,0,0,21,25
2020-09-18,US,Mississippi,Leflore,1353,80,0,33.55545125,-90.29900733,28083.0,4800.766419472732,5.912786400591278,1273,1343,80,0,1263,1332,28919,10,0,0,10,11
2020-09-18,US,Mississippi,Lincoln,1049,53,0,31.53288662,-90.45391915,28085.0,3071.472491435599,5.0524308865586285,996,1044,53,0,991,1026,34205,5,0,0,5,18
2020-09-18,US,Mississippi,Lowndes,1389,57,0,33.47386518,-88.44191529999998,28087.0,2370.509429132179,4.103671706263499,1332,1384,57,0,1327,1380,58930,5,0,0,5,4
2020-09-18,US,Mississippi,Madison,3190,86,0,32.63389156,-90.03513564,28089.0,3001.731406202951,2.6959247648902815,3104,3180,86,0,3094,3164,105630,10,0,0,10,16
2020-09-18,US,Mississippi,Marion,836,33,0,31.23132643,-89.8209217,28091.0,3402.108004720629,3.947368421052632,803,836,33,0,803,828,24715,0,0,0,0,8
2020-09-18,US,Mississippi,Marshall,1071,15,0,34.76216286,-89.50299462,28093.0,3034.510115033717,1.4005602240896358,1056,1067,14,0,1053,1059,35451,4,1,0,3,8
2020-09-18,US,Mississippi,Monroe,1182,65,0,33.89236763,-88.4808438,28095.0,3353.001248156133,5.4991539763113355,1117,1176,65,0,1111,1166,35564,6,0,0,6,10
2020-09-18,US,Mississippi,Montgomery,453,20,0,33.49419589,-89.61729103,28097.0,4634.271099744246,4.415011037527594,433,450,20,0,430,444,10023,3,0,0,3,6
2020-09-18,US,Mississippi,Neshoba,1529,103,0,32.75339664,-89.11726492,28099.0,5251.047462050965,6.736429038587313,1426,1524,103,0,1421,1513,29125,5,0,0,5,11
2020-09-18,US,Mississippi,Newton,750,22,0,32.40021118,-89.11843336,28101.0,3568.3699685983447,2.933333333333333,728,747,22,0,725,742,21443,3,0,0,3,5
2020-09-18,US,Mississippi,Noxubee,540,15,0,33.11009499,-88.56949061,28103.0,5183.834117308246,2.7777777777777777,525,540,15,0,525,539,10535,0,0,0,0,1
2020-09-18,US,Mississippi,Oktibbeha,1741,49,0,33.42491685,-88.87905132,28105.0,3511.0008671627643,2.8144744399770247,1692,1737,49,0,1688,1725,49599,4,0,0,4,12
2020-09-18,US,Mississippi,Panola,1424,26,0,34.36398677,-89.95064249,28107.0,4164.716892840431,1.8258426966292132,1398,1409,26,0,1383,1403,34178,15,0,0,15,6
2020-09-18,US,Mississippi,Pearl River,851,50,0,30.77090935,-89.58677275,28109.0,1532.3669757810392,5.875440658049353,801,848,50,0,798,833,55387,3,0,0,3,15
2020-09-18,US,Mississippi,Perry,394,17,0,31.17161885,-88.99281835,28111.0,3290.7374926918897,4.314720812182741,377,390,16,0,374,382,11931,4,1,0,3,8
2020-09-18,US,Mississippi,Pike,1204,48,0,31.17507789,-90.40392572,28113.0,3064.5489716961924,3.986710963455149,1156,1201,48,0,1153,1198,39563,3,0,0,3,3
2020-09-18,US,Mississippi,Pontotoc,1212,16,0,34.226046000000004,-89.03636807,28115.0,3767.0168459004167,1.32013201320132,1196,1204,16,0,1188,1196,31833,8,0,0,8,8
2020-09-18,US,Mississippi,Prentiss,803,17,0,34.61810501,-88.51986294,28117.0,3195.8927007880284,2.1170610211706102,786,786,17,0,769,773,25315,17,0,0,17,13
2020-09-18,US,Mississippi,Quitman,372,5,0,34.25157572,-90.28908,28119.0,5477.031802120141,1.3440860215053765,367,362,5,0,357,359,7051,10,0,0,10,3
2020-09-18,US,Mississippi,Rankin,3161,74,0,32.26469147,-89.94537876,28121.0,2035.7954801604928,2.3410313192027843,3087,3134,73,0,3061,3121,153902,27,1,0,26,13
2020-09-18,US,Mississippi,Scott,1159,25,0,32.406704100000006,-89.53789439,28123.0,4121.035414592519,2.157031924072476,1134,1159,25,0,1134,1149,28287,0,0,0,0,10
2020-09-18,US,Mississippi,Sharkey,262,12,0,32.88149103,-90.81595379999999,28125.0,6063.411247396435,4.580152671755725,250,258,12,0,246,258,4377,4,0,0,4,0
2020-09-18,US,Mississippi,Simpson,1007,42,0,31.91282117,-89.91716179,28127.0,3777.4776802460797,4.1708043694141015,965,1001,42,0,959,998,26758,6,0,0,6,3
2020-09-18,US,Mississippi,Smith,518,14,0,32.01744532,-89.50644846,28129.0,3254.5865795425984,2.702702702702702,504,517,14,0,503,515,16002,1,0,0,1,2
2020-09-18,US,Mississippi,Stone,348,11,0,30.79187949,-89.11547539,28131.0,1897.905759162304,3.160919540229885,337,346,11,0,335,345,18717,2,0,0,2,1
2020-09-18,US,Mississippi,Sunflower,1396,43,0,33.60192578,-90.58882684,28133.0,5559.538032656314,3.080229226361032,1353,1385,43,0,1342,1369,25735,11,0,0,11,16
2020-09-18,US,Mississippi,Tallahatchie,745,18,0,33.95339918,-90.1729398,28135.0,5395.032225360273,2.416107382550336,727,734,18,0,716,725,13987,11,0,0,11,9
2020-09-18,US,Mississippi,Tate,950,37,0,34.65133709,-89.94485778,28137.0,3354.401327636736,3.8947368421052633,913,945,37,0,908,943,28759,5,0,0,5,2
2020-09-18,US,Mississippi,Tippah,637,16,0,34.76872156,-88.90988194,28139.0,2893.481717011129,2.5117739403453694,621,635,16,0,619,620,21995,2,0,0,2,15
2020-09-18,US,Mississippi,Tishomingo,653,36,0,34.74023475,-88.23917219,28141.0,3368.9315379456225,5.5130168453292505,617,650,35,0,615,640,19454,3,1,0,2,10
2020-09-18,US,Mississippi,Tunica,476,13,0,34.64967704,-90.37481167,28143.0,4941.86046511628,2.73109243697479,463,472,13,0,459,470,9944,4,0,0,4,2
2020-09-18,US,Mississippi,Union,977,24,0,34.49162015,-89.00776006,28145.0,3390.595176123547,2.456499488229273,953,965,24,0,941,962,28606,12,0,0,12,3
2020-09-18,US,Mississippi,Walthall,590,25,0,31.14971548,-90.10446654,28147.0,4129.917401651967,4.2372881355932215,565,589,25,0,564,585,14465,1,0,0,1,4
2020-09-18,US,Mississippi,Warren,1372,50,0,32.35810271,-90.83352619,28149.0,3023.2916859478637,3.6443148688046647,1322,1366,50,0,1316,1362,46176,6,0,0,6,4
2020-09-18,US,Mississippi,Washington,2163,71,0,33.28392041,-90.94196237,28151.0,4926.097155480653,3.282478039759593,2092,2156,71,0,2085,2147,45063,7,0,0,7,9
2020-09-18,US,Mississippi,Wayne,871,21,0,31.64135687,-88.69573913,28153.0,4315.513055541794,2.4110218140068884,850,871,21,0,850,864,20298,0,0,0,0,7
2020-09-18,US,Mississippi,Webster,328,13,0,33.61300486,-89.28392912,28155.0,3385.282278872949,3.963414634146341,315,328,13,0,315,326,9788,0,0,0,0,2
2020-09-18,US,Mississippi,Wilkinson,301,17,0,31.16078225,-91.31018819,28157.0,3487.833140208574,5.647840531561463,284,301,17,0,284,299,8792,0,0,0,0,2
2020-09-18,US,Mississippi,Winston,720,19,0,33.08747908,-89.03391385,28159.0,4010.0250626566412,2.6388888888888893,701,719,19,0,700,718,18165,1,0,0,1,1
2020-09-18,US,Mississippi,Yalobusha,415,14,0,34.02824175,-89.70762049999998,28161.0,3427.4859596960687,3.3734939759036147,401,413,14,0,399,410,12392,2,0,0,2,3
2020-09-18,US,Mississippi,Yazoo,1035,29,0,32.77890365,-90.39656148,28163.0,3486.022229706972,2.8019323671497585,1006,1034,29,0,1005,1025,28248,1,0,0,1,9
2020-09-18,US,Missouri,Adair,317,0,0,40.19058551,-92.60078167,29001.0,1250.8384958371148,0.0,317,313,0,0,313,308,25339,4,0,0,4,5
2020-09-18,US,Missouri,Andrew,206,1,0,39.98492163,-94.80163024,29003.0,1163.0532971996386,0.4854368932038835,205,194,1,0,193,189,17607,12,0,0,12,5
2020-09-18,US,Missouri,Atchison,44,0,0,40.43238737,-95.42970639,29005.0,855.5317907835894,0.0,44,43,0,0,43,41,5171,1,0,0,1,2
2020-09-18,US,Missouri,Audrain,398,2,0,39.215877,-91.84242683,29007.0,1567.669765243422,0.5025125628140703,396,386,2,0,384,377,25473,12,0,0,12,9
2020-09-18,US,Missouri,Barry,429,6,0,36.70978521,-93.82919888,29009.0,1198.692335633854,1.3986013986013983,423,420,6,0,414,416,35886,9,0,0,9,4
2020-09-18,US,Missouri,Barton,162,0,0,37.50207671,-94.34757022,29011.0,1378.2542113323127,0.0,162,161,0,0,161,158,11798,1,0,0,1,3
2020-09-18,US,Missouri,Bates,94,1,0,38.25271289,-94.34113157,29013.0,581.251545881771,1.0638297872340423,93,92,1,0,91,89,16320,2,0,0,2,3
2020-09-18,US,Missouri,Benton,226,2,0,38.29503305,-93.28756116,29015.0,1162.3720619246,0.8849557522123894,224,200,2,0,198,190,19278,26,0,0,26,10
2020-09-18,US,Missouri,Bollinger,295,1,0,37.32449052,-90.02725304,29017.0,2431.3854776230114,0.3389830508474576,294,287,1,0,286,270,12169,8,0,0,8,17
2020-09-18,US,Missouri,Boone,4328,6,0,38.99186229,-92.30723575,29019.0,2398.275546787984,0.13863216266173753,4322,4288,6,0,4282,4225,180005,40,0,0,40,63
2020-09-18,US,Missouri,Buchanan,1664,13,0,39.65816401,-94.80138942,29021.0,1904.6746943821247,0.78125,1651,1623,13,0,1610,1591,88571,41,0,0,41,32
2020-09-18,US,Missouri,Butler,531,4,0,36.71462476,-90.40421163,29023.0,1250.0588539950093,0.7532956685499058,527,519,4,0,515,504,42639,12,0,0,12,15
2020-09-18,US,Missouri,Caldwell,69,1,0,39.65620858,-93.98308093,29025.0,764.9667405764967,1.4492753623188406,68,66,1,0,65,61,9108,3,0,0,3,5
2020-09-18,US,Missouri,Callaway,562,2,0,38.83674754,-91.92186505,29027.0,1256.062400822475,0.3558718861209965,560,553,2,0,551,545,44889,9,0,0,9,8
2020-09-18,US,Missouri,Camden,767,10,0,38.02199522,-92.76083747,29029.0,1656.4085951841055,1.303780964797914,757,747,10,0,737,740,45815,20,0,0,20,7
2020-09-18,US,Missouri,Cape Girardeau,1431,9,0,37.38489388,-89.6843587,29031.0,1814.355086153339,0.6289308176100629,1422,1413,9,0,1404,1359,78753,18,0,0,18,54
2020-09-18,US,Missouri,Carroll,132,1,0,39.42762566,-93.50626255,29033.0,1520.912547528517,0.7575757575757576,131,131,1,0,130,129,8743,1,0,0,1,2
2020-09-18,US,Missouri,Carter,65,1,0,36.94160441,-90.96051322,29035.0,1086.5931126713474,1.5384615384615383,64,59,1,0,58,57,6054,6,0,0,6,2
2020-09-18,US,Missouri,Cass,1360,17,0,38.64789422,-94.353399,29037.0,1285.687275477406,1.25,1343,1333,16,0,1317,1302,104954,27,1,0,26,31
2020-09-18,US,Missouri,Cedar,81,0,0,37.72391475,-93.85445441,29039.0,564.4992682416893,0.0,81,77,0,0,77,73,14165,4,0,0,4,4
2020-09-18,US,Missouri,Chariton,43,0,0,39.51499357,-92.9629191,29041.0,579.0465930514409,0.0,43,42,0,0,42,43,7451,1,0,0,1,-1
2020-09-18,US,Missouri,Christian,1178,3,0,36.9711783,-93.18537118,29043.0,1329.6461425588352,0.2546689303904924,1175,1132,3,0,1129,1094,86983,46,0,0,46,38
2020-09-18,US,Missouri,Clark,59,0,0,40.41040752,-91.73661677,29045.0,868.0300132411357,0.0,59,59,0,0,59,57,6842,0,0,0,0,2
2020-09-18,US,Missouri,Clay,1700,40,0,39.31132056,-94.41850862,29047.0,680.1414694256405,2.3529411764705883,1660,1672,40,0,1632,1657,246365,28,0,0,28,15
2020-09-18,US,Missouri,Clinton,193,0,0,39.6013098,-94.40465394,29049.0,946.6817089321628,0.0,193,190,0,0,190,186,20470,3,0,0,3,4
2020-09-18,US,Missouri,Cole,1328,7,0,38.50455671,-92.27860244,29051.0,1730.405889634504,0.5271084337349398,1321,1289,7,0,1282,1262,76796,39,0,0,39,27
2020-09-18,US,Missouri,Cooper,368,2,0,38.844478,-92.80896081,29053.0,2078.0394149867293,0.5434782608695652,366,362,2,0,360,358,17603,6,0,0,6,4
2020-09-18,US,Missouri,Crawford,339,2,0,37.97663738,-91.30528104,29055.0,1417.2240802675585,0.5899705014749262,337,330,2,0,328,307,23957,9,0,0,9,23
2020-09-18,US,Missouri,Dade,46,0,0,37.431814,-93.8503345,29057.0,608.3851342415022,0.0,46,44,0,0,44,44,7569,2,0,0,2,0
2020-09-18,US,Missouri,Dallas,167,1,0,37.681135499999996,-93.02127031,29059.0,989.453726744875,0.5988023952095808,166,164,1,0,163,161,16762,3,0,0,3,3
2020-09-18,US,Missouri,Daviess,76,0,0,39.96145298,-93.98519678,29061.0,918.0961584923897,0.0,76,73,0,0,73,70,8313,3,0,0,3,3
2020-09-18,US,Missouri,DeKalb,109,2,0,39.89201062,-94.40476508,29063.0,868.7335618076035,1.834862385321101,107,104,2,0,102,103,12630,5,0,0,5,1
2020-09-18,US,Missouri,Dent,116,0,0,37.60663134,-91.50790473,29065.0,744.8789571694597,0.0,116,106,0,0,106,94,15441,10,0,0,10,12
2020-09-18,US,Missouri,Douglas,155,3,0,36.9325593,-92.49905109,29067.0,1175.5783086841107,1.935483870967742,152,149,3,0,146,143,13373,6,0,0,6,6
2020-09-18,US,Missouri,Dunklin,709,6,0,36.27167174,-90.09122243,29069.0,2433.8333733823074,0.8462623413258108,703,693,6,0,687,676,29423,16,0,0,16,17
2020-09-18,US,Missouri,Franklin,1461,26,0,38.41127108,-91.07522826,29071.0,1405.2535900814682,1.779603011635866,1435,1426,23,0,1403,1392,103670,35,3,0,32,34
2020-09-18,US,Missouri,Gasconade,152,15,0,38.43947277,-91.50847147,29073.0,1033.59173126615,9.868421052631579,137,148,15,0,133,144,14705,4,0,0,4,4
2020-09-18,US,Missouri,Gentry,116,9,0,40.21097916,-94.40944419,29075.0,1765.332521686197,7.758620689655173,107,110,9,0,101,109,6628,6,0,0,6,1
2020-09-18,US,Missouri,Greene,5197,19,0,37.2575872,-93.34230916,29077.0,1773.1996751806635,0.3655955358860881,5178,5068,19,0,5049,4956,291923,129,0,0,129,112
2020-09-18,US,Missouri,Grundy,164,2,0,40.11406587,-93.56509276,29079.0,1664.97461928934,1.2195121951219512,162,158,2,0,156,144,9914,6,0,0,6,14
2020-09-18,US,Missouri,Harrison,99,1,0,40.35570088,-93.99222144,29081.0,1185.344827586207,1.0101010101010102,98,99,1,0,98,99,8414,0,0,0,0,0
2020-09-18,US,Missouri,Henry,155,4,0,38.38482826,-93.79293734,29083.0,710.2272727272727,2.5806451612903225,151,151,4,0,147,149,21792,4,0,0,4,2
2020-09-18,US,Missouri,Hickory,85,2,0,37.94163617,-93.3203037,29085.0,890.6119027661357,2.3529411764705883,83,78,2,0,76,78,9509,7,0,0,7,0
2020-09-18,US,Missouri,Holt,73,0,0,40.09799248,-95.21638879999999,29087.0,1657.9604814898933,0.0,73,72,0,0,72,72,4404,1,0,0,1,0
2020-09-18,US,Missouri,Howard,163,2,0,39.1435761,-92.69756691,29089.0,1629.8370162983701,1.2269938650306749,161,161,2,0,159,157,10137,2,0,0,2,4
2020-09-18,US,Missouri,Howell,484,3,0,36.77383887,-91.88683935,29091.0,1206.4710721140664,0.6198347107438017,481,467,3,0,464,438,40076,17,0,0,17,29
2020-09-18,US,Missouri,Iron,47,0,0,37.55487945,-90.7735296,29093.0,464.19753086419746,0.0,47,47,0,0,47,48,10177,0,0,0,0,-1
2020-09-18,US,Missouri,Jackson,6912,92,0,39.01002188,-94.34724536,29095.0,983.199409397577,1.3310185185185186,6820,6796,90,0,6706,6695,700307,116,2,0,114,101
2020-09-18,US,Missouri,Jasper,3432,43,0,37.20351921,-94.34050458,29097.0,2828.6957668468945,1.2529137529137528,3389,3348,42,0,3306,3271,120636,84,1,0,83,77
2020-09-18,US,Missouri,Jefferson,3740,50,0,38.25926778,-90.53870896,29099.0,1661.6240375686975,1.3368983957219251,3690,3659,49,0,3610,3578,224347,81,1,0,80,81
2020-09-18,US,Missouri,Johnson,969,4,0,38.74719601,-93.80691168,29101.0,1792.3865191816806,0.41279669762641896,965,966,4,0,962,911,53652,3,0,0,3,55
2020-09-18,US,Missouri,Kansas City,10374,101,0,39.0997,-94.5786,0.0,2121.719709659408,0.9735878156930788,10273,10271,101,0,10170,10232,491918,103,0,0,103,39
2020-09-18,US,Missouri,Knox,47,1,0,40.12699751,-92.14780832,29103.0,1187.168476888103,2.127659574468085,46,46,1,0,45,46,3947,1,0,0,1,0
2020-09-18,US,Missouri,Laclede,489,3,0,37.65896829,-92.5888493,29105.0,1368.865996696806,0.6134969325153374,486,472,3,0,469,453,35713,17,0,0,17,19
2020-09-18,US,Missouri,Lafayette,377,2,0,39.06986886,-93.78076396,29107.0,1152.623211446741,0.5305039787798409,375,368,2,0,366,361,32598,9,0,0,9,7
2020-09-18,US,Missouri,Lawrence,494,2,0,37.10626634,-93.83293097,29109.0,1287.9676704471385,0.4048582995951417,492,475,2,0,473,462,38359,19,0,0,19,13
2020-09-18,US,Missouri,Lewis,71,2,0,40.09673161,-91.72070156,29111.0,726.2684124386252,2.8169014084507036,69,71,2,0,69,71,9855,0,0,0,0,0
2020-09-18,US,Missouri,Lincoln,700,3,0,39.05345619,-90.95588181,29113.0,1186.1793164218057,0.42857142857142855,697,694,3,0,691,686,57686,6,0,0,6,8
2020-09-18,US,Missouri,Linn,59,1,0,39.87001769,-93.10704106,29115.0,494.9664429530201,1.6949152542372878,58,58,1,0,57,55,12037,1,0,0,1,3
2020-09-18,US,Missouri,Livingston,375,1,0,39.78110272,-93.54645978,29117.0,2462.730675773297,0.26666666666666666,374,367,1,0,366,362,15146,8,0,0,8,5
2020-09-18,US,Missouri,Macon,130,0,0,39.83049768,-92.56453089,29121.0,859.9589865714098,0.0,130,119,0,0,119,118,15153,11,0,0,11,1
2020-09-18,US,Missouri,Madison,263,0,0,37.47865134,-90.34671429999999,29123.0,2175.711449371277,0.0,263,255,0,0,255,251,12188,8,0,0,8,4
2020-09-18,US,Missouri,Maries,67,0,0,38.16193985,-91.92249662,29125.0,770.3805910083937,0.0,67,66,0,0,66,63,8769,1,0,0,1,3
2020-09-18,US,Missouri,Marion,625,11,0,39.80601912,-91.62203062,29127.0,2190.676480897301,1.76,614,620,7,0,613,614,28592,5,4,0,1,6
2020-09-18,US,Missouri,McDonald,1036,11,0,36.62869595,-94.34867205,29119.0,4536.497788676271,1.061776061776062,1025,1031,10,0,1021,1021,23078,5,1,0,4,10
2020-09-18,US,Missouri,Mercer,28,0,0,40.42212303,-93.56829590000001,29129.0,774.1222007188278,0.0,28,28,0,0,28,28,3641,0,0,0,0,0
2020-09-18,US,Missouri,Miller,420,1,0,38.21450288,-92.42610898,29131.0,1639.4082516882004,0.2380952380952381,419,405,1,0,404,389,25336,15,0,0,15,16
2020-09-18,US,Missouri,Mississippi,281,3,0,36.82516239,-89.29505753,29133.0,2132.0182094081947,1.0676156583629892,278,277,3,0,274,274,13336,4,0,0,4,3
2020-09-18,US,Missouri,Moniteau,271,4,0,38.63571781,-92.57976951,29135.0,1679.8909000743865,1.4760147601476017,267,258,4,0,254,256,16121,13,0,0,13,2
2020-09-18,US,Missouri,Monroe,85,0,0,39.49593978,-92.00043978,29137.0,983.341045812124,0.0,85,84,0,0,84,82,8664,1,0,0,1,2
2020-09-18,US,Missouri,Montgomery,75,1,0,38.94022054,-91.47000721,29139.0,649.2944333823913,1.3333333333333333,74,75,1,0,74,69,11534,0,0,0,0,6
2020-09-18,US,Missouri,Morgan,256,1,0,38.4181765,-92.88791859,29141.0,1241.0917729189896,0.390625,255,235,1,0,234,222,20358,21,0,0,21,13
2020-09-18,US,Missouri,New Madrid,495,14,0,36.59666326,-89.66070007,29143.0,2898.805340829234,2.8282828282828283,481,493,12,0,481,491,17296,2,2,0,0,2
2020-09-18,US,Missouri,Newton,1305,14,0,36.90519407,-94.3394104,29145.0,2240.8819287038946,1.0727969348659003,1291,1274,14,0,1260,1246,58266,31,0,0,31,28
2020-09-18,US,Missouri,Nodaway,707,8,0,40.36079813,-94.88133008,29147.0,3200.2534854245882,1.1315417256011315,699,698,8,0,690,686,22304,9,0,0,9,12
2020-09-18,US,Missouri,Oregon,93,0,0,36.68710164,-91.4033755,29149.0,883.2747649349416,0.0,93,88,0,0,88,83,10541,5,0,0,5,5
2020-09-18,US,Missouri,Osage,122,1,0,38.46036182,-91.8613635,29151.0,896.0705104663972,0.819672131147541,121,119,1,0,118,117,13714,3,0,0,3,2
2020-09-18,US,Missouri,Ozark,105,0,0,36.64916339,-92.44459066,29153.0,1144.538914323087,0.0,105,99,0,0,99,95,9017,6,0,0,6,4
2020-09-18,US,Missouri,Pemiscot,455,9,0,36.2130572,-89.78742322,29155.0,2878.835811452072,1.978021978021978,446,443,9,0,434,441,16272,12,0,0,12,2
2020-09-18,US,Missouri,Perry,558,4,0,37.70660776,-89.82741088,29157.0,2915.9698996655516,0.7168458781362007,554,554,4,0,550,546,19150,4,0,0,4,8
2020-09-18,US,Missouri,Pettis,974,8,0,38.72798918,-93.28471706,29159.0,2300.4794633789184,0.8213552361396304,966,927,8,0,919,919,42542,47,0,0,47,8
2020-09-18,US,Missouri,Phelps,384,1,0,37.87736118,-91.79351727,29161.0,861.5080878558771,0.2604166666666667,383,376,1,0,375,365,44732,8,0,0,8,11
2020-09-18,US,Missouri,Pike,219,3,0,39.34310674,-91.16980779,29163.0,1196.5905365533822,1.3698630136986298,216,215,3,0,212,213,18504,4,0,0,4,2
2020-09-18,US,Missouri,Platte,619,10,0,39.38154439,-94.77068479,29165.0,592.8096688310444,1.615508885298869,609,592,10,0,582,586,102985,27,0,0,27,6
2020-09-18,US,Missouri,Polk,446,1,0,37.616229600000004,-93.39828174,29167.0,1387.2904289402468,0.2242152466367713,445,434,1,0,433,429,32201,12,0,0,12,5
2020-09-18,US,Missouri,Pulaski,530,5,0,37.82462075,-92.20783203,29169.0,1007.4704887182312,0.9433962264150944,525,509,5,0,504,497,52014,21,0,0,21,12
2020-09-18,US,Missouri,Putnam,30,1,0,40.47942497,-93.02042674,29171.0,638.8415672913118,3.333333333333333,29,30,1,0,29,30,4757,0,0,0,0,0
2020-09-18,US,Missouri,Ralls,138,0,0,39.52817427,-91.51838643,29173.0,1338.6361431758658,0.0,138,138,0,0,138,137,10212,0,0,0,0,1
2020-09-18,US,Missouri,Randolph,201,2,0,39.44007257,-92.49713740000001,29175.0,812.1868433812832,0.9950248756218906,199,196,2,0,194,190,24763,5,0,0,5,6
2020-09-18,US,Missouri,Ray,156,0,0,39.353746799999996,-93.98905745,29177.0,677.7304718046746,0.0,156,153,0,0,153,148,22883,3,0,0,3,5
2020-09-18,US,Missouri,Reynolds,31,0,0,37.36085952,-90.97009925,29179.0,494.4178628389155,0.0,31,28,0,0,28,27,6254,3,0,0,3,1
2020-09-18,US,Missouri,Ripley,136,0,0,36.65460667,-90.85990261,29181.0,1023.4798314268512,0.0,136,133,0,0,133,137,13401,3,0,0,3,-4
2020-09-18,US,Missouri,Saline,643,9,0,39.13734288,-93.20259964,29195.0,2825.0076885901317,1.3996889580093312,634,635,9,0,626,627,22895,8,0,0,8,8
2020-09-18,US,Missouri,Schuyler,23,0,0,40.46921489,-92.52311943,29197.0,493.5622317596566,0.0,23,22,0,0,22,22,4599,1,0,0,1,0
2020-09-18,US,Missouri,Scotland,27,1,0,40.45214695,-92.14709064,29199.0,550.795593635251,3.703703703703704,26,26,1,0,25,25,4966,1,0,0,1,1
2020-09-18,US,Missouri,Scott,797,16,0,37.05588075,-89.56474493,29201.0,2082.027168234065,2.0075282308657467,781,788,15,0,773,766,38458,9,1,0,8,22
2020-09-18,US,Missouri,Shannon,75,1,0,37.15772072,-91.40190382,29203.0,918.4423218221897,1.3333333333333333,74,73,1,0,72,70,8189,2,0,0,2,3
2020-09-18,US,Missouri,Shelby,56,1,0,39.79742518,-92.07634971,29205.0,944.3507588532884,1.7857142857142858,55,57,1,0,56,57,6050,-1,0,0,-1,0
2020-09-18,US,Missouri,St. Charles,7019,108,0,38.77875681,-90.66662425,29183.0,1745.924352398625,1.5386807237498217,6911,6940,108,0,6832,6864,399182,79,0,0,79,76
2020-09-18,US,Missouri,St. Clair,39,0,0,38.03699437,-93.77631447,29185.0,415.02607215068633,0.0,39,36,0,0,36,34,9395,3,0,0,3,2
2020-09-18,US,Missouri,St. Francois,1868,8,0,37.81214171,-90.47598685,29187.0,2779.1415606635424,0.4282655246252677,1860,1847,7,0,1840,1798,66692,21,1,0,20,49
2020-09-18,US,Missouri,St. Louis,22556,780,0,38.63770039999999,-90.4458375,29189.0,2268.747391131608,3.4580599397056218,21776,22386,776,0,21610,22241,996945,170,4,0,166,145
2020-09-18,US,Missouri,St. Louis City,6750,195,0,38.63555736,-90.24349225,29510.0,2245.68827850527,2.888888888888889,6555,6722,192,0,6530,6686,302838,28,3,0,25,36
2020-09-18,US,Missouri,Ste. Genevieve,169,1,0,37.89090059,-90.1949941,29186.0,944.4506538504527,0.591715976331361,168,165,1,0,164,160,17888,4,0,0,4,5
2020-09-18,US,Missouri,Stoddard,434,9,0,36.85571651,-89.9444155,29207.0,1495.2627045650302,2.0737327188940093,425,418,9,0,409,408,29206,16,0,0,16,10
2020-09-18,US,Missouri,Stone,383,4,0,36.75000327,-93.45256475,29209.0,1198.6730095142716,1.0443864229765014,379,375,4,0,371,365,31749,8,0,0,8,10
2020-09-18,US,Missouri,Sullivan,184,0,0,40.2099105,-93.11150106,29211.0,3021.842667104615,0.0,184,184,0,0,184,184,6221,0,0,0,0,0
2020-09-18,US,Missouri,Taney,1102,24,0,36.65465345,-93.04075153,29213.0,1970.3905020740954,2.177858439201452,1078,1091,22,0,1069,1075,55852,11,2,0,9,16
2020-09-18,US,Missouri,Texas,261,2,0,37.31728859,-91.96564727,29215.0,1027.639971651311,0.7662835249042146,259,231,2,0,229,206,25571,30,0,0,30,25
2020-09-18,US,Missouri,Vernon,147,1,0,37.8457799,-94.34127305,29217.0,714.8762340125467,0.6802721088435374,146,141,0,0,141,135,20528,6,1,0,5,6
2020-09-18,US,Missouri,Warren,429,0,0,38.76529479,-91.16124662,29219.0,1203.399814861567,0.0,429,424,0,0,424,419,34711,5,0,0,5,5
2020-09-18,US,Missouri,Washington,319,4,0,37.96130078,-90.87948158,29221.0,1289.9312575818844,1.2539184952978055,315,314,3,0,311,305,24943,5,1,0,4,9
2020-09-18,US,Missouri,Wayne,165,0,0,37.11303869,-90.46001416,29223.0,1281.752505243533,0.0,165,157,0,0,157,155,13122,8,0,0,8,2
2020-09-18,US,Missouri,Webster,486,2,0,37.2813734,-92.876329,29225.0,1227.5207112547992,0.41152263374485604,484,468,2,0,466,440,39109,18,0,0,18,28
2020-09-18,US,Missouri,Worth,18,0,0,40.47945588,-94.42328751,29227.0,894.187779433681,0.0,18,18,0,0,18,18,2040,0,0,0,0,0
2020-09-18,US,Missouri,Wright,217,0,0,37.27029221,-92.46914488,29229.0,1186.5055497840233,0.0,217,197,0,0,197,175,18378,20,0,0,20,22
2020-09-18,US,Montana,Beaverhead,76,1,0,45.13434354,-112.89846940000001,30001.0,803.977573257167,1.3157894736842106,75,76,1,0,75,75,9404,0,0,0,0,1
2020-09-18,US,Montana,Big Horn,823,21,0,45.42335905,-107.492347,30003.0,6179.1425782716415,2.5516403402187118,802,814,21,0,793,800,13338,9,0,0,9,14
2020-09-18,US,Montana,Blaine,16,0,0,48.43175214,-108.9582723,30005.0,239.4851070199072,0.0,16,15,0,0,15,15,6807,1,0,0,1,0
2020-09-18,US,Montana,Broadwater,17,0,0,46.33277565,-111.49558130000001,30007.0,272.5669392336059,0.0,17,17,0,0,17,17,6085,0,0,0,0,0
2020-09-18,US,Montana,Carbon,106,0,0,45.22850116,-109.0274047,30009.0,988.3449883449885,0.0,106,106,0,0,106,104,10714,0,0,0,0,2
2020-09-18,US,Montana,Cascade,500,5,0,47.30797024,-111.3467922,30013.0,614.5072880564362,1.0,495,483,5,0,478,481,81643,17,0,0,17,2
2020-09-18,US,Montana,Chouteau,18,0,0,47.88084126,-110.4353362,30015.0,319.43212067435667,0.0,18,18,0,0,18,18,5745,0,0,0,0,0
2020-09-18,US,Montana,Custer,92,2,0,46.25319932,-105.57375259999998,30017.0,806.8759866690054,2.1739130434782608,90,91,2,0,89,85,11586,1,0,0,1,6
2020-09-18,US,Montana,Daniels,3,0,0,48.78420029,-105.54763429999998,30019.0,177.5147928994083,0.0,3,3,0,0,3,3,1747,0,0,0,0,0
2020-09-18,US,Montana,Dawson,67,1,0,47.26584855,-104.89444170000002,30021.0,777.8938813421573,1.492537313432836,66,67,1,0,66,64,8680,0,0,0,0,3
2020-09-18,US,Montana,Deer Lodge,88,0,0,46.05953325,-113.073353,30023.0,962.8008752735228,0.0,88,88,0,0,88,87,9131,0,0,0,0,1
2020-09-18,US,Montana,Fallon,5,0,0,46.33478338,-104.41835649999999,30025.0,175.68517217146874,0.0,5,4,0,0,4,4,2920,1,0,0,1,0
2020-09-18,US,Montana,Fergus,53,1,0,47.26331584,-109.2245206,30027.0,479.6380090497737,1.8867924528301887,52,53,1,0,52,53,11113,0,0,0,0,0
2020-09-18,US,Montana,Flathead,782,13,0,48.29575866,-114.05205690000001,30029.0,753.3283239889795,1.6624040920716112,769,740,13,0,727,734,102106,42,0,0,42,6
2020-09-18,US,Montana,Gallatin,1185,4,0,45.54486106,-111.1692571,30031.0,1035.5313980110807,0.3375527426160337,1181,1179,4,0,1175,1166,111876,6,0,0,6,13
2020-09-18,US,Montana,Garfield,16,0,0,47.27545948,-107.0002351,30033.0,1271.8600953895073,0.0,16,16,0,0,16,16,1268,0,0,0,0,0
2020-09-18,US,Montana,Glacier,175,1,0,48.70513576,-112.9934235,30035.0,1272.4496473496692,0.5714285714285714,174,171,1,0,170,169,13747,4,0,0,4,2
2020-09-18,US,Montana,Golden Valley,3,0,0,46.3816474,-109.17685220000001,30037.0,365.4080389768576,0.0,3,3,0,0,3,3,826,0,0,0,0,0
2020-09-18,US,Montana,Granite,22,0,0,46.40605220000001,-113.4414186,30039.0,651.0802012429713,0.0,22,22,0,0,22,22,3378,0,0,0,0,0
2020-09-18,US,Montana,Hill,129,3,0,48.62879827,-110.1129252,30041.0,782.5770444066974,2.3255813953488373,126,124,3,0,121,119,16347,5,0,0,5,5
2020-09-18,US,Montana,Jefferson,52,0,0,46.14907081,-112.094396,30043.0,425.4970951640619,0.0,52,48,0,0,48,48,12097,4,0,0,4,0
2020-09-18,US,Montana,Judith Basin,6,0,0,47.04581276,-110.26606880000001,30045.0,298.95366218236165,0.0,6,6,0,0,6,6,1952,0,0,0,0,0
2020-09-18,US,Montana,Lake,254,1,0,47.64514965,-114.0898013,30047.0,833.935255105391,0.3937007874015748,253,252,1,0,251,245,30250,2,0,0,2,7
2020-09-18,US,Montana,Lewis and Clark,221,3,0,47.12610041,-112.39469799999999,30049.0,318.2970388293582,1.3574660633484164,218,216,3,0,213,215,68700,5,0,0,5,1
2020-09-18,US,Montana,Liberty,16,0,0,48.56084317,-111.02430700000001,30051.0,684.6384253316218,0.0,16,15,0,0,15,15,2430,1,0,0,1,0
2020-09-18,US,Montana,Lincoln,104,3,0,48.54265777,-115.4046155,30053.0,520.5205205205207,2.8846153846153846,101,105,3,0,102,105,19794,-1,0,0,-1,0
2020-09-18,US,Montana,Madison,97,1,0,45.30080065,-111.9173017,30057.0,1127.9069767441858,1.0309278350515465,96,97,1,0,96,97,8768,0,0,0,0,0
2020-09-18,US,Montana,McCone,19,0,0,47.64469406,-105.79449939999999,30055.0,1141.826923076923,0.0,19,19,0,0,19,19,1675,0,0,0,0,0
2020-09-18,US,Montana,Meagher,24,1,0,46.59907074,-110.8898557,30059.0,1288.936627282492,4.166666666666667,23,23,1,0,22,10,1866,1,0,0,1,13
2020-09-18,US,Montana,Mineral,2,0,0,47.15283992,-115.00152390000001,30061.0,45.48555833522857,0.0,2,2,0,0,2,2,4316,0,0,0,0,0
2020-09-18,US,Montana,Missoula,553,3,0,47.03728583,-113.92135079999998,30063.0,462.3745819397993,0.5424954792043399,550,514,3,0,511,505,118791,39,0,0,39,9
2020-09-18,US,Montana,Musselshell,32,1,0,46.49684637,-108.39498,30065.0,690.6971724584503,3.125,31,31,1,0,30,28,4651,1,0,0,1,3
2020-09-18,US,Montana,Park,86,0,0,45.48965095,-110.52643940000002,30067.0,517.8851017704444,0.0,86,86,0,0,86,84,16736,0,0,0,0,2
2020-09-18,US,Montana,Phillips,117,0,0,48.25936577,-107.9128511,30071.0,2959.028831562974,0.0,117,116,0,0,116,116,4074,1,0,0,1,0
2020-09-18,US,Montana,Pondera,20,0,0,48.22773388,-112.22527029999999,30073.0,338.3522246658772,0.0,20,20,0,0,20,18,5972,0,0,0,0,2
2020-09-18,US,Montana,Powder River,3,0,0,45.39617714,-105.636738,30075.0,178.359096313912,0.0,3,2,0,0,2,2,1716,1,0,0,1,0
2020-09-18,US,Montana,Powell,10,0,0,46.85538891,-112.93591640000001,30077.0,145.1378809869376,0.0,10,10,0,0,10,10,6968,0,0,0,0,0
2020-09-18,US,Montana,Prairie,1,0,0,46.86048047,-105.379384,30079.0,92.85051067780873,0.0,1,1,0,0,1,1,1087,0,0,0,0,0
2020-09-18,US,Montana,Ravalli,122,2,0,46.08520862,-114.11891640000002,30081.0,278.5006620097704,1.639344262295082,120,120,2,0,118,119,43172,2,0,0,2,1
2020-09-18,US,Montana,Richland,71,2,0,47.78668011,-104.5610786,30083.0,657.2248449504767,2.8169014084507036,69,71,2,0,69,71,10913,0,0,0,0,0
2020-09-18,US,Montana,Roosevelt,126,1,0,48.29607488,-105.00792679999999,30085.0,1145.0381679389313,0.7936507936507936,125,101,1,0,100,87,11059,25,0,0,25,14
2020-09-18,US,Montana,Rosebud,554,10,0,46.23397237,-106.72928799999998,30087.0,6198.948192905898,1.8050541516245489,544,538,7,0,531,505,9063,16,3,0,13,33
2020-09-18,US,Montana,Sanders,44,1,0,47.67657534,-115.1329916,30089.0,363.2460992322298,2.272727272727273,43,43,1,0,42,42,11844,1,0,0,1,1
2020-09-18,US,Montana,Sheridan,7,0,0,48.72085833,-104.50382900000001,30091.0,211.54427319431846,0.0,7,7,0,0,7,7,3424,0,0,0,0,0
2020-09-18,US,Montana,Silver Bow,197,0,0,45.90018933,-112.6620092,30093.0,564.2274094228842,0.0,197,194,0,0,194,183,34993,3,0,0,3,11
2020-09-18,US,Montana,Stillwater,51,2,0,45.67071407,-109.3950061,30095.0,528.9359054138146,3.92156862745098,49,49,2,0,47,49,9534,2,0,0,2,0
2020-09-18,US,Montana,Sweet Grass,37,1,0,45.81367654,-109.9425686,30097.0,990.0990099009905,2.702702702702702,36,37,1,0,36,37,3710,0,0,0,0,0
2020-09-18,US,Montana,Teton,20,0,0,47.83741052,-112.24106880000001,30099.0,325.36196518626974,0.0,20,20,0,0,20,20,6162,0,0,0,0,0
2020-09-18,US,Montana,Toole,69,6,0,48.65577551,-111.69424140000001,30101.0,1456.9256756756754,8.695652173913043,63,66,6,0,60,64,4853,3,0,0,3,2
2020-09-18,US,Montana,Treasure,3,0,0,46.20973220000001,-107.26665159999999,30103.0,431.0344827586207,0.0,3,3,0,0,3,3,679,0,0,0,0,0
2020-09-18,US,Montana,Valley,53,0,0,48.36435097,-106.6669635,30105.0,716.6035694970253,0.0,53,52,0,0,52,52,7437,1,0,0,1,0
2020-09-18,US,Montana,Wheatland,8,0,0,46.46652491,-109.84646359999999,30107.0,376.2935089369709,0.0,8,8,0,0,8,6,2236,0,0,0,0,2
2020-09-18,US,Montana,Wibaux,8,0,0,46.95925154,-104.2510927,30109.0,825.5933952528377,0.0,8,8,0,0,8,8,1034,0,0,0,0,0
2020-09-18,US,Montana,Yellowstone,2708,56,0,45.93955949,-108.26914860000001,30111.0,1678.8592684438934,2.06794682422452,2652,2677,56,0,2621,2617,160137,31,0,0,31,60
2020-09-18,US,Nebraska,Adams,499,12,0,40.52449420000001,-98.50117804,31001.0,1591.0467748620983,2.404809619238477,487,491,12,0,479,482,31511,8,0,0,8,9
2020-09-18,US,Nebraska,Antelope,48,1,0,42.17695516,-98.06662829999999,31003.0,762.1467132422991,2.083333333333333,47,46,1,0,45,44,6336,2,0,0,2,2
2020-09-18,US,Nebraska,Arthur,1,0,0,41.56896142,-101.6959559,31005.0,215.98272138228938,0.0,1,1,0,0,1,1,465,0,0,0,0,0
2020-09-18,US,Nebraska,Banner,2,0,0,41.54634427,-103.7114332,31007.0,268.4563758389262,0.0,2,2,0,0,2,2,730,0,0,0,0,0
2020-09-18,US,Nebraska,Boone,60,0,0,41.70759415,-98.06737183,31011.0,1155.624036979969,0.0,60,57,0,0,57,52,5239,3,0,0,3,5
2020-09-18,US,Nebraska,Box Butte,52,0,0,42.22079243,-103.08788340000001,31013.0,482.2405638505055,0.0,52,51,0,0,51,51,10772,1,0,0,1,0
2020-09-18,US,Nebraska,Boyd,17,0,0,42.899727399999996,-98.76486568,31015.0,885.8780614903595,0.0,17,12,0,0,12,12,1955,5,0,0,5,0
2020-09-18,US,Nebraska,Brown,16,0,0,42.43018907,-99.92904055,31017.0,541.4551607445009,0.0,16,16,0,0,16,15,2973,0,0,0,0,1
2020-09-18,US,Nebraska,Buffalo,940,4,0,40.85486962,-99.07500296,31019.0,1892.9096437705152,0.425531914893617,936,910,4,0,906,897,49615,30,0,0,30,13
2020-09-18,US,Nebraska,Burt,74,0,0,41.85056773,-96.32605633,31021.0,1145.6881870258553,0.0,74,74,0,0,74,73,6488,0,0,0,0,1
2020-09-18,US,Nebraska,Butler,104,1,0,41.22703692,-97.13106306,31023.0,1297.4051896207586,0.9615384615384616,103,104,1,0,103,103,8058,0,0,0,0,1
2020-09-18,US,Nebraska,Cass,300,2,0,40.90899107,-96.13971217,31025.0,1142.9442243218532,0.6666666666666666,298,296,2,0,294,291,26159,4,0,0,4,5
2020-09-18,US,Nebraska,Cedar,74,0,0,42.598885100000004,-97.25311951,31027.0,880.7426803142108,0.0,74,73,0,0,73,73,8446,1,0,0,1,0
2020-09-18,US,Nebraska,Chase,18,0,0,40.523719799999995,-101.69780259999999,31029.0,458.7155963302752,0.0,18,18,0,0,18,18,3977,0,0,0,0,0
2020-09-18,US,Nebraska,Cherry,41,4,0,42.54502621,-101.1244332,31031.0,720.6890490420108,9.75609756097561,37,41,4,0,37,37,5761,0,0,0,0,4
2020-09-18,US,Nebraska,Cheyenne,35,0,0,41.21999357,-102.9941693,31033.0,392.8170594837262,0.0,35,34,0,0,34,34,9310,1,0,0,1,0
2020-09-18,US,Nebraska,Clay,66,0,0,40.52439441,-98.05126296,31035.0,1064.0012896985334,0.0,66,65,0,0,65,64,6214,1,0,0,1,1
2020-09-18,US,Nebraska,Colfax,756,5,0,41.57486951,-97.0868542,31037.0,7059.482678121207,0.6613756613756614,751,752,5,0,747,750,10881,4,0,0,4,2
2020-09-18,US,Nebraska,Cuming,113,0,0,41.91637624,-96.78730772,31039.0,1277.4135202351345,0.0,113,111,0,0,111,106,8940,2,0,0,2,5
2020-09-18,US,Nebraska,Custer,80,4,0,41.39374521,-99.72805369,31041.0,742.3216108378955,5.0,76,80,4,0,76,80,10840,0,0,0,0,0
2020-09-18,US,Nebraska,Dakota,2128,43,0,42.39040144,-96.56656425,31043.0,10626.18595825427,2.0206766917293235,2085,2120,43,0,2077,2110,20083,8,0,0,8,10
2020-09-18,US,Nebraska,Dawes,114,0,0,42.71985036,-103.1313774,31045.0,1327.2790778903247,0.0,114,114,0,0,114,114,8716,0,0,0,0,0
2020-09-18,US,Nebraska,Dawson,1066,12,0,40.87028216,-99.82014609999999,31047.0,4517.906336088155,1.125703564727955,1054,1058,12,0,1046,1058,23709,8,0,0,8,0
2020-09-18,US,Nebraska,Deuel,4,0,0,41.11168186,-102.33333309999999,31049.0,222.9654403567447,0.0,4,4,0,0,4,4,1825,0,0,0,0,0
2020-09-18,US,Nebraska,Dixon,82,2,0,42.49188363,-96.86782408,31051.0,1454.9325762952444,2.4390243902439024,80,82,2,0,80,79,5709,0,0,0,0,3
2020-09-18,US,Nebraska,Dodge,1053,11,0,41.58071748,-96.65598179,31053.0,2879.8030903869812,1.0446343779677112,1042,1041,11,0,1030,1025,36791,12,0,0,12,16
2020-09-18,US,Nebraska,Douglas,15003,177,0,41.29518299,-96.15085305,31055.0,2625.9917700371248,1.179764047190562,14826,14887,177,0,14710,14751,566880,116,0,0,116,136
2020-09-18,US,Nebraska,Dundy,11,1,0,40.17638677,-101.6876522,31057.0,649.7341996455996,9.090909090909092,10,10,1,0,9,10,1770,1,0,0,1,0
2020-09-18,US,Nebraska,Fillmore,50,1,0,40.52458567,-97.59646937,31059.0,915.4155986818016,2.0,49,49,1,0,48,48,5527,1,0,0,1,1
2020-09-18,US,Nebraska,Franklin,22,0,0,40.17636348,-98.95299073,31061.0,738.5028533064784,0.0,22,22,0,0,22,20,3023,0,0,0,0,2
2020-09-18,US,Nebraska,Frontier,7,0,0,40.52993007,-100.3924658,31063.0,266.46364674533686,0.0,7,7,0,0,7,6,2608,0,0,0,0,1
2020-09-18,US,Nebraska,Furnas,33,1,0,40.17642064,-99.91247454,31065.0,705.7313943541487,3.0303030303030303,32,33,1,0,32,32,4715,0,0,0,0,1
2020-09-18,US,Nebraska,Gage,197,5,0,40.26186809,-96.68946704,31067.0,915.7253753544368,2.538071065989848,192,189,5,0,184,176,21493,8,0,0,8,13
2020-09-18,US,Nebraska,Garden,9,0,0,41.61703149,-102.3313973,31069.0,489.9292324442025,0.0,9,9,0,0,9,9,1897,0,0,0,0,0
2020-09-18,US,Nebraska,Garfield,6,0,0,41.91428955,-98.99111827,31071.0,304.7232097511427,0.0,6,6,0,0,6,7,1987,0,0,0,0,-1
2020-09-18,US,Nebraska,Gosper,32,0,0,40.51481965,-99.83020279,31073.0,1608.0402010050257,0.0,32,31,0,0,31,31,1996,1,0,0,1,0
2020-09-18,US,Nebraska,Grant,1,0,0,41.91528587,-101.740701,31075.0,160.5136436597111,0.0,1,1,0,0,1,1,660,0,0,0,0,0
2020-09-18,US,Nebraska,Greeley,21,0,0,41.56742671,-98.52150266,31077.0,891.3412563667232,0.0,21,21,0,0,21,20,2356,0,0,0,0,1
2020-09-18,US,Nebraska,Hall,1954,47,0,40.87257079,-98.50218293,31079.0,3184.8483366746527,2.40532241555783,1907,1949,47,0,1902,1939,61607,5,0,0,5,10
2020-09-18,US,Nebraska,Hamilton,117,12,0,40.87349452,-98.02099117,31081.0,1254.8262548262544,10.256410256410255,105,114,12,0,102,112,9280,3,0,0,3,2
2020-09-18,US,Nebraska,Harlan,13,0,0,40.17658508,-99.40438879,31083.0,384.6153846153846,0.0,13,12,0,0,12,11,3401,1,0,0,1,1
2020-09-18,US,Nebraska,Hitchcock,4,0,0,40.17609175,-101.04164770000001,31087.0,144.82259232440262,0.0,4,4,0,0,4,3,2806,0,0,0,0,1
2020-09-18,US,Nebraska,Holt,48,0,0,42.45522056,-98.78402558,31089.0,476.80540379457636,0.0,48,44,0,0,44,42,10178,4,0,0,4,2
2020-09-18,US,Nebraska,Hooker,7,0,0,41.91586243,-101.1354293,31091.0,1026.392961876833,0.0,7,7,0,0,7,7,682,0,0,0,0,0
2020-09-18,US,Nebraska,Howard,88,5,0,41.2200529,-98.5166499,31093.0,1365.3995345228861,5.6818181818181825,83,78,5,0,73,77,6468,10,0,0,10,1
2020-09-18,US,Nebraska,Jefferson,28,0,0,40.17584531,-97.142601,31095.0,397.388589270508,0.0,28,28,0,0,28,27,7097,0,0,0,0,1
2020-09-18,US,Nebraska,Johnson,38,0,0,40.39257596,-96.26522753,31097.0,749.3591007690791,0.0,38,38,0,0,38,37,5134,0,0,0,0,1
2020-09-18,US,Nebraska,Kearney,137,0,0,40.50663314,-98.94877182,31099.0,2109.314857582756,0.0,137,135,0,0,135,131,6544,2,0,0,2,4
2020-09-18,US,Nebraska,Keith,57,0,0,41.19930341,-101.66201640000001,31101.0,709.4846900672144,0.0,57,54,0,0,54,54,8021,3,0,0,3,0
2020-09-18,US,Nebraska,Keya Paha,4,0,0,42.87990694,-99.71343729,31103.0,496.27791563275434,0.0,4,4,0,0,4,3,810,0,0,0,0,1
2020-09-18,US,Nebraska,Kimball,15,0,0,41.19774275,-103.7148131,31105.0,412.9955947136564,0.0,15,15,0,0,15,15,3618,0,0,0,0,0
2020-09-18,US,Nebraska,Knox,129,0,0,42.63758421,-97.89178836,31107.0,1548.2477196351415,0.0,129,124,0,0,124,105,8419,5,0,0,5,19
2020-09-18,US,Nebraska,Lancaster,5502,24,0,40.78416049,-96.68777155,31109.0,1724.2784167476261,0.4362050163576881,5478,5422,24,0,5398,5349,317272,80,0,0,80,73
2020-09-18,US,Nebraska,Lincoln,355,2,0,41.04658298,-100.74753740000001,31111.0,1016.7840980695424,0.5633802816901409,353,350,2,0,348,349,35185,5,0,0,5,1
2020-09-18,US,Nebraska,Logan,6,0,0,41.56650314,-100.4817851,31113.0,802.1390374331551,0.0,6,6,0,0,6,6,749,0,0,0,0,0
2020-09-18,US,Nebraska,Loup,3,0,0,41.91371961,-99.45440415,31115.0,451.8072289156627,0.0,3,3,0,0,3,2,618,0,0,0,0,1
2020-09-18,US,Nebraska,Madison,770,5,0,41.91676024,-97.6005481,31119.0,2193.794695005556,0.6493506493506493,765,764,5,0,759,753,35392,6,0,0,6,11
2020-09-18,US,Nebraska,McPherson,6,0,0,41.56797682,-101.05993620000001,31117.0,1214.5748987854256,0.0,6,6,0,0,6,6,492,0,0,0,0,0
2020-09-18,US,Nebraska,Merrick,80,1,0,41.16624273,-98.0374887,31121.0,1031.5925209542231,1.25,79,79,1,0,78,79,7733,1,0,0,1,0
2020-09-18,US,Nebraska,Morrill,75,0,0,41.71711774,-103.0061405,31123.0,1615.6828953037484,0.0,75,74,0,0,74,73,4686,1,0,0,1,1
2020-09-18,US,Nebraska,Nance,23,0,0,41.39750195,-97.99327291,31125.0,653.59477124183,0.0,23,21,0,0,21,21,3532,2,0,0,2,0
2020-09-18,US,Nebraska,Nemaha,112,0,0,40.38514847,-95.85433992,31127.0,1606.4257028112452,0.0,112,109,0,0,109,109,6958,3,0,0,3,0
2020-09-18,US,Nebraska,Nuckolls,13,0,0,40.17637905,-98.04743961,31129.0,313.404050144648,0.0,13,13,0,0,13,13,4195,0,0,0,0,0
2020-09-18,US,Nebraska,Otoe,134,1,0,40.64843556,-96.13374142,31131.0,836.8723457406944,0.746268656716418,133,132,1,0,131,130,15985,2,0,0,2,2
2020-09-18,US,Nebraska,Pawnee,15,0,0,40.13141096,-96.23705437,31133.0,574.052812858783,0.0,15,15,0,0,15,15,2632,0,0,0,0,0
2020-09-18,US,Nebraska,Perkins,33,9,0,40.85082525,-101.6502942,31135.0,1141.4735385679696,27.272727272727273,24,33,9,0,24,33,2929,0,0,0,0,0
2020-09-18,US,Nebraska,Phelps,102,0,0,40.51156033,-99.41461667,31137.0,1129.0679654638036,0.0,102,99,0,0,99,96,8996,3,0,0,3,3
2020-09-18,US,Nebraska,Pierce,97,7,0,42.26434853,-97.60122773,31139.0,1357.0229434806938,7.216494845360825,90,96,7,0,89,93,7142,1,0,0,1,3
2020-09-18,US,Nebraska,Platte,1006,3,0,41.57246836,-97.52144359,31141.0,3005.6767254257543,0.2982107355864811,1003,985,3,0,982,980,33363,21,0,0,21,5
2020-09-18,US,Nebraska,Polk,48,1,0,41.18813488,-97.56630712,31143.0,920.7749856128908,2.083333333333333,47,48,1,0,47,45,5278,0,0,0,0,3
2020-09-18,US,Nebraska,Red Willow,25,0,0,40.17556879999999,-100.476998,31145.0,233.12196941439763,0.0,25,24,0,0,24,25,10726,1,0,0,1,-1
2020-09-18,US,Nebraska,Richardson,50,1,0,40.1247415,-95.71755036,31147.0,635.7279084551811,2.0,49,50,1,0,49,49,7937,0,0,0,0,1
2020-09-18,US,Nebraska,Rock,37,0,0,42.42252217,-99.44832069,31149.0,2726.6028002947683,0.0,37,35,0,0,35,35,1360,2,0,0,2,0
2020-09-18,US,Nebraska,Saline,688,2,0,40.52418865,-97.14085859,31151.0,4836.89538807649,0.2906976744186047,686,681,2,0,679,673,14350,7,0,0,7,8
2020-09-18,US,Nebraska,Sarpy,3320,15,0,41.11314181,-96.11156432,31153.0,1773.5421697044808,0.4518072289156626,3305,3289,15,0,3274,3250,184459,31,0,0,31,39
2020-09-18,US,Nebraska,Saunders,387,3,0,41.227810299999994,-96.63773905,31155.0,1793.4933728797848,0.7751937984496124,384,378,3,0,375,366,21303,9,0,0,9,12
2020-09-18,US,Nebraska,Scotts Bluff,404,7,0,41.85070896,-103.70809859999999,31157.0,1134.2579594587007,1.7326732673267329,397,398,7,0,391,393,35989,6,0,0,6,5
2020-09-18,US,Nebraska,Seward,200,3,0,40.87241834,-97.139673,31159.0,1157.139551029854,1.5,197,198,3,0,195,196,17318,2,0,0,2,2
2020-09-18,US,Nebraska,Sheridan,47,0,0,42.50284406,-102.4126613,31161.0,895.9207014868471,0.0,47,46,0,0,46,46,5190,1,0,0,1,0
2020-09-18,US,Nebraska,Sherman,23,1,0,41.22045983,-98.97588642,31163.0,766.4111962679108,4.3478260869565215,22,21,1,0,20,20,3038,2,0,0,2,1
2020-09-18,US,Nebraska,Sioux,7,0,0,42.48932059,-103.7576544,31165.0,600.3430531732419,0.0,7,7,0,0,7,7,1187,0,0,0,0,0
2020-09-18,US,Nebraska,Stanton,39,0,0,41.9169835,-97.19394708,31167.0,658.7837837837837,0.0,39,39,0,0,39,38,5970,0,0,0,0,1
2020-09-18,US,Nebraska,Thayer,29,0,0,40.17626377,-97.59504381,31169.0,579.6522086747951,0.0,29,28,0,0,28,28,5039,1,0,0,1,0
2020-09-18,US,Nebraska,Thomas,5,0,0,41.91358968,-100.5556632,31171.0,692.5207756232687,0.0,5,5,0,0,5,5,720,0,0,0,0,0
2020-09-18,US,Nebraska,Thurston,243,4,0,42.15725356,-96.54157099,31173.0,3363.7873754152824,1.6460905349794241,239,244,4,0,240,241,7303,-1,0,0,-1,3
2020-09-18,US,Nebraska,Unassigned,192,0,0,0.0,0.0,90031.0,0.0,0.0,192,184,0,0,184,170,,8,0,0,8,14
2020-09-18,US,Nebraska,Valley,27,0,0,41.56730777,-98.98197724,31175.0,649.3506493506493,0.0,27,26,0,0,26,26,4190,1,0,0,1,0
2020-09-18,US,Nebraska,Washington,237,2,0,41.52815707,-96.22019892,31177.0,1143.325775483622,0.8438818565400844,235,230,2,0,228,213,20667,7,0,0,7,17
2020-09-18,US,Nebraska,Wayne,112,0,0,42.20934475,-97.11926964,31179.0,1193.3937133724028,0.0,112,101,0,0,101,82,9403,11,0,0,11,19
2020-09-18,US,Nebraska,Webster,15,0,0,40.17642643,-98.50019851,31181.0,430.16919988528815,0.0,15,15,0,0,15,14,3533,0,0,0,0,1
2020-09-18,US,Nebraska,Wheeler,1,0,0,41.91482725,-98.52798941,31183.0,127.7139208173691,0.0,1,1,0,0,1,1,805,0,0,0,0,0
2020-09-18,US,Nebraska,York,145,1,0,40.87272618,-97.59710186,31185.0,1060.0190072373712,0.6896551724137931,144,142,1,0,141,140,13772,3,0,0,3,2
2020-09-18,US,Nevada,Carson City,522,8,0,39.15509045,-119.7480219,32510.0,933.5431719007083,1.5325670498084292,514,513,8,0,505,509,55414,9,0,0,9,4
2020-09-18,US,Nevada,Churchill,136,3,0,39.58105744,-118.3394607,32001.0,545.9873941145771,2.2058823529411766,133,131,3,0,128,131,24440,5,0,0,5,0
2020-09-18,US,Nevada,Clark,63603,1325,0,36.21458855,-115.0130241,32003.0,2805.95487302109,2.0832350675282614,62278,63301,1309,0,61992,63077,2231647,302,16,0,286,224
2020-09-18,US,Nevada,Douglas,283,1,0,38.912862,-119.61713329999999,32005.0,578.6729373274716,0.353356890459364,282,277,1,0,276,275,48467,6,0,0,6,2
2020-09-18,US,Nevada,Elko,900,7,0,41.14531606,-115.3577619,32007.0,1705.2559778695665,0.7777777777777778,893,896,7,0,889,894,52460,4,0,0,4,2
2020-09-18,US,Nevada,Eureka,10,0,0,39.98100864,-116.26832040000001,32011.0,492.8536224741252,0.0,10,10,0,0,10,10,2003,0,0,0,0,0
2020-09-18,US,Nevada,Humboldt,117,4,0,41.40692186,-118.11094270000001,32013.0,695.1458618026262,3.418803418803418,113,117,4,0,113,118,16786,0,0,0,0,-1
2020-09-18,US,Nevada,Lander,70,1,0,39.933223299999995,-117.03970749999999,32015.0,1265.3651482284888,1.4285714285714286,69,70,1,0,69,70,5575,0,0,0,0,0
2020-09-18,US,Nevada,Lincoln,7,0,0,37.64268459,-114.8790388,32017.0,135.05691684352692,0.0,7,7,0,0,7,7,5201,0,0,0,0,0
2020-09-18,US,Nevada,Lyon,403,6,0,39.01777974,-119.18704790000001,32019.0,700.7476960528604,1.488833746898263,397,395,6,0,389,392,55808,8,0,0,8,3
2020-09-18,US,Nevada,Mineral,13,0,0,38.53841696,-118.4344506,32021.0,288.56825749167587,0.0,13,13,0,0,13,13,4514,0,0,0,0,0
2020-09-18,US,Nevada,Nye,492,15,0,38.04264256,-116.47227020000001,32023.0,1057.5414311200911,3.0487804878048776,477,491,15,0,476,490,45346,1,0,0,1,1
2020-09-18,US,Nevada,Pershing,21,0,0,40.44003782,-118.40056409999998,32027.0,312.2676579925651,0.0,21,21,0,0,21,21,6666,0,0,0,0,0
2020-09-18,US,Nevada,Storey,9,0,0,39.44875482,-119.5250207,32029.0,218.287654620422,0.0,9,9,0,0,9,9,4029,0,0,0,0,0
2020-09-18,US,Nevada,Washoe,8461,153,0,40.66562265,-119.6631594,32031.0,1794.4133746466214,1.808296891620376,8308,8295,151,0,8144,8184,465735,166,2,0,164,111
2020-09-18,US,Nevada,White Pine,49,1,0,39.44157041,-114.89996599999999,32033.0,511.482254697286,2.0408163265306123,48,49,1,0,48,48,9475,0,0,0,0,1
2020-09-18,US,New Hampshire,Belknap,137,4,0,43.51637314,-71.41684235,33001.0,223.48009069702945,2.9197080291970803,133,135,4,0,131,135,61022,2,0,0,2,0
2020-09-18,US,New Hampshire,Carroll,119,2,0,43.87498583,-71.20430216,33003.0,243.30402780617462,1.680672268907563,117,118,2,0,116,118,48779,1,0,0,1,0
2020-09-18,US,New Hampshire,Cheshire,142,3,0,42.92015988,-72.25311043,33005.0,186.63337057238616,2.112676056338028,139,142,3,0,139,142,76493,0,0,0,0,0
2020-09-18,US,New Hampshire,Coos,21,0,0,44.69063265,-71.30633239,33007.0,66.53359946773121,0.0,21,21,0,0,21,21,31589,0,0,0,0,0
2020-09-18,US,New Hampshire,Grafton,131,1,0,43.93779815,-71.82057197,33009.0,145.7401597579156,0.7633587786259542,130,130,1,0,129,130,89786,1,0,0,1,0
2020-09-18,US,New Hampshire,Hillsborough,4273,288,0,42.91537785,-71.7200253,33011.0,1024.6388106228644,6.739995319447695,3985,4234,288,0,3946,4234,415247,39,0,0,39,0
2020-09-18,US,New Hampshire,Merrimack,546,23,0,43.29662971,-71.6811573,33013.0,360.6555211340172,4.212454212454213,523,541,23,0,518,541,151132,5,0,0,5,0
2020-09-18,US,New Hampshire,Rockingham,1959,103,0,42.98499744,-71.12883377,33015.0,632.4067288850724,5.257784583971414,1856,1940,103,0,1837,1940,309176,19,0,0,19,0
2020-09-18,US,New Hampshire,Strafford,481,13,0,43.291833000000004,-71.02336013,33017.0,368.2071145881974,2.702702702702702,468,470,13,0,457,470,130090,11,0,0,11,0
2020-09-18,US,New Hampshire,Sullivan,50,1,0,43.36094111,-72.22203125,33019.0,115.88559773791313,2.0,49,49,1,0,48,49,43144,1,0,0,1,0
2020-09-18,US,New Hampshire,Unassigned,2,0,0,0.0,0.0,90033.0,0.0,0.0,2,1,0,0,1,1,,1,0,0,1,0
2020-09-18,US,New Jersey,Atlantic,3944,255,0,39.47538693,-74.65848483,34001.0,1495.8091553836234,6.465517241379311,3689,3935,255,0,3680,3920,265429,9,0,0,9,15
2020-09-18,US,New Jersey,Bergen,22119,2044,0,40.96010917,-74.07164325,34003.0,2372.7689921283154,9.24092409240924,20075,22087,2043,0,20044,22030,936692,32,1,0,31,57
2020-09-18,US,New Jersey,Burlington,6862,490,0,39.87681124,-74.66927768,34005.0,1540.8140581880727,7.14077528417371,6372,6830,490,0,6340,6801,445384,32,0,0,32,29
2020-09-18,US,New Jersey,Camden,9633,603,0,39.80343818,-74.96388753,34007.0,1901.984516388895,6.2597321706633435,9030,9607,603,0,9004,9563,507078,26,0,0,26,44
2020-09-18,US,New Jersey,Cape May,997,95,0,39.15008829,-74.80170244,34009.0,1083.2364541118436,9.528585757271816,902,988,95,0,893,981,92560,9,0,0,9,7
2020-09-18,US,New Jersey,Cumberland,3722,157,0,39.37199394,-75.10712559,34011.0,2489.182555658844,4.218162278344976,3565,3710,157,0,3553,3702,150972,12,0,0,12,8
2020-09-18,US,New Jersey,Essex,20773,2125,0,40.78681335,-74.24657979,34013.0,2599.9561938734005,10.229624993982574,18648,20749,2125,0,18624,20723,799767,24,0,0,24,26
2020-09-18,US,New Jersey,Gloucester,4258,224,0,39.71581067,-75.13995546,34015.0,1460.0392269815802,5.260685767966182,4034,4222,224,0,3998,4178,291408,36,0,0,36,44
2020-09-18,US,New Jersey,Hudson,20454,1513,0,40.73766234,-74.07515667,34017.0,3041.980038400276,7.3970861445194105,18941,20437,1513,0,18924,20422,676061,17,0,0,17,15
2020-09-18,US,New Jersey,Hunterdon,1277,125,0,40.56335249,-74.91284156,34019.0,1026.7666899839994,9.788566953797963,1152,1275,125,0,1150,1273,124714,2,0,0,2,2
2020-09-18,US,New Jersey,Mercer,8544,635,0,40.28047017,-74.70479631,34021.0,2325.340881256294,7.432116104868914,7909,8534,634,0,7900,8526,369811,10,1,0,9,8
2020-09-18,US,New Jersey,Middlesex,19016,1425,0,40.43629879,-74.41426991,34023.0,2304.7964880215063,7.493689524610853,17591,18971,1424,0,17547,18931,829685,45,1,0,44,40
2020-09-18,US,New Jersey,Monmouth,11403,864,0,40.26549699,-74.22240686,34025.0,1842.7750709039346,7.576953433307024,10539,11358,864,0,10494,11287,621354,45,0,0,45,71
2020-09-18,US,New Jersey,Morris,7706,831,0,40.86095313,-74.54553709999998,34027.0,1566.7537537232254,10.783804827407216,6875,7697,831,0,6866,7674,494228,9,0,0,9,23
2020-09-18,US,New Jersey,Ocean,12095,1042,0,39.8895449,-74.28089251,34029.0,1991.9760995806887,8.615130219098802,11053,12005,1041,0,10964,11897,601651,90,1,0,89,108
2020-09-18,US,New Jersey,Passaic,18774,1250,0,41.03238628,-74.29954144,34031.0,3741.137366338133,6.658144242036859,17524,18749,1251,0,17498,18719,503310,25,-1,0,26,30
2020-09-18,US,New Jersey,Salem,1037,89,0,39.58719656,-75.34696629999998,34033.0,1662.2585557425666,8.582449373191901,948,1034,89,0,945,1028,62607,3,0,0,3,6
2020-09-18,US,New Jersey,Somerset,5671,569,0,40.56465737,-74.61683016,34035.0,1724.054065557224,10.03350379121848,5102,5629,568,0,5061,5611,331164,42,1,0,41,18
2020-09-18,US,New Jersey,Sussex,1431,198,0,41.13891592,-74.69118243,34037.0,1018.5923352884233,13.836477987421384,1233,1429,198,0,1231,1429,140799,2,0,0,2,0
2020-09-18,US,New Jersey,Unassigned,314,0,0,0.0,0.0,90034.0,0.0,0.0,314,324,0,0,324,320,,-10,0,0,-10,4
2020-09-18,US,New Jersey,Union,17390,1356,0,40.65835409,-74.30680092,34039.0,3125.780771145754,7.797584818861416,16034,17367,1356,0,16011,17355,558067,23,0,0,23,12
2020-09-18,US,New Jersey,Warren,1428,171,0,40.85951833,-74.99556527,34041.0,1356.5504859072646,11.974789915966387,1257,1424,171,0,1253,1422,105779,4,0,0,4,2
2020-09-18,US,New Mexico,Bernalillo,6172,169,0,35.05163625,-106.6703554,35001.0,908.8218447080859,2.7381723914452367,6003,6144,169,0,5975,6107,678701,28,0,0,28,37
2020-09-18,US,New Mexico,Catron,9,1,0,33.91514144,-108.4046587,35003.0,255.17436915225403,11.111111111111109,8,11,1,0,10,11,3578,-2,0,0,-2,0
2020-09-18,US,New Mexico,Chaves,1004,8,0,33.36406072,-104.4665365,35005.0,1553.81877273079,0.796812749003984,996,993,7,0,986,975,64689,11,1,0,10,18
2020-09-18,US,New Mexico,Cibola,404,20,0,34.91131525,-107.998876,35006.0,1514.526710402999,4.950495049504951,384,407,20,0,387,404,26746,-3,0,0,-3,3
2020-09-18,US,New Mexico,Colfax,27,1,0,36.60569702,-104.64726740000002,35007.0,226.11171593668868,3.703703703703704,26,26,1,0,25,25,12110,1,0,0,1,1
2020-09-18,US,New Mexico,Curry,737,5,0,34.57421077,-103.34688759999999,35009.0,1505.494954447032,0.6784260515603799,732,730,5,0,725,729,49437,7,0,0,7,1
2020-09-18,US,New Mexico,De Baca,1,0,0,34.34274529,-104.4117842,35011.0,57.20823798627003,0.0,1,1,0,0,1,1,1781,0,0,0,0,0
2020-09-18,US,New Mexico,Dona Ana,3085,52,0,32.35275771,-106.83293870000001,35013.0,1413.8729118449094,1.6855753646677472,3033,3068,52,0,3016,3047,217522,17,0,0,17,21
2020-09-18,US,New Mexico,Eddy,670,6,0,32.47167456,-104.3053527,35015.0,1146.082791652412,0.8955223880597015,664,654,5,0,649,645,57900,16,1,0,15,9
2020-09-18,US,New Mexico,Grant,109,2,0,32.73911281,-108.3827845,35017.0,403.7336098970293,1.834862385321101,107,100,2,0,98,99,27346,9,0,0,9,1
2020-09-18,US,New Mexico,Guadalupe,34,1,0,34.86319296,-104.790669,35019.0,790.6976744186046,2.9411764705882355,33,33,1,0,32,33,4341,1,0,0,1,0
2020-09-18,US,New Mexico,Harding,2,0,0,35.85751555,-103.82209379999999,35021.0,320.0,0.0,2,2,0,0,2,2,655,0,0,0,0,0
2020-09-18,US,New Mexico,Hidalgo,99,2,0,31.91383467,-108.7151824,35023.0,2358.265840876608,2.0202020202020203,97,99,2,0,97,98,4240,0,0,0,0,1
2020-09-18,US,New Mexico,Lea,1316,21,0,32.79215361,-103.4123733,35025.0,1851.6955114675675,1.5957446808510638,1295,1299,21,0,1278,1284,69611,17,0,0,17,15
2020-09-18,US,New Mexico,Lincoln,180,3,0,33.74526079,-105.4586166,35027.0,919.6811771919067,1.6666666666666667,177,179,3,0,176,178,19556,1,0,0,1,1
2020-09-18,US,New Mexico,Los Alamos,31,0,0,35.86631386,-106.31349850000001,35028.0,160.0495637358666,0.0,31,29,0,0,29,29,19101,2,0,0,2,0
2020-09-18,US,New Mexico,Luna,395,6,0,32.18179341,-107.75088259999998,35029.0,1666.0339955291242,1.5189873417721518,389,388,6,0,382,377,23963,7,0,0,7,11
2020-09-18,US,New Mexico,McKinley,4290,255,0,35.58007720000001,-108.262245,35031.0,6011.18163857245,5.944055944055943,4035,4285,253,0,4032,4280,72290,5,2,0,3,5
2020-09-18,US,New Mexico,Mora,7,0,0,36.01095101,-104.9497716,35033.0,154.83300154833,0.0,7,7,0,0,7,7,4506,0,0,0,0,0
2020-09-18,US,New Mexico,Otero,245,13,0,32.61348406,-105.7417604,35035.0,363.016743221218,5.306122448979592,232,243,13,0,230,241,66781,2,0,0,2,2
2020-09-18,US,New Mexico,Quay,71,2,0,35.10403332,-103.54817270000001,35037.0,860.2932267054405,2.8169014084507036,69,70,2,0,68,69,8253,1,0,0,1,1
2020-09-18,US,New Mexico,Rio Arriba,382,13,0,36.51072137,-106.69316740000001,35039.0,981.4752961126384,3.4031413612565444,369,381,13,0,368,378,39006,1,0,0,1,3
2020-09-18,US,New Mexico,Roosevelt,258,3,0,34.02097406,-103.4799493,35041.0,1394.5945945945944,1.162790697674419,255,252,3,0,249,246,18743,6,0,0,6,6
2020-09-18,US,New Mexico,San Juan,3248,195,0,36.50838318,-108.32043700000001,35045.0,2620.242340147469,6.003694581280787,3053,3245,194,0,3051,3243,125043,3,1,0,2,2
2020-09-18,US,New Mexico,San Miguel,93,0,0,35.48014807,-104.8163562,35047.0,340.9465850350112,0.0,93,91,0,0,91,91,27591,2,0,0,2,0
2020-09-18,US,New Mexico,Sandoval,1311,40,0,35.68862401,-106.86878030000001,35043.0,893.3682230762939,3.051106025934401,1271,1309,40,0,1269,1300,145179,2,0,0,2,9
2020-09-18,US,New Mexico,Santa Fe,939,5,0,35.50708973,-105.9774716,35049.0,624.5095039838252,0.5324813631522897,934,932,5,0,927,923,150056,7,0,0,7,9
2020-09-18,US,New Mexico,Sierra,41,1,0,33.13028233,-107.1925893,35051.0,379.94625150588456,2.4390243902439024,40,40,1,0,39,39,10968,1,0,0,1,1
2020-09-18,US,New Mexico,Socorro,82,6,0,34.00715494,-106.9298354,35053.0,492.8773216325058,7.317073170731707,76,82,6,0,76,82,16735,0,0,0,0,0
2020-09-18,US,New Mexico,Taos,129,4,0,36.58006022,-105.63101979999999,35055.0,394.21813403416564,3.1007751937984502,125,128,4,0,124,128,32835,1,0,0,1,0
2020-09-18,US,New Mexico,Torrance,64,1,0,34.64048375,-105.8508949,35057.0,413.944764245521,1.5625,63,64,1,0,63,64,15591,0,0,0,0,0
2020-09-18,US,New Mexico,Unassigned,1343,0,0,0.0,0.0,90035.0,0.0,0.0,1343,1342,0,0,1342,1342,,1,0,0,1,0
2020-09-18,US,New Mexico,Union,31,2,0,36.48126404,-103.4709624,35059.0,763.7349100763735,6.451612903225807,29,31,2,0,29,31,4118,0,0,0,0,0
2020-09-18,US,New Mexico,Valencia,541,4,0,34.71669834,-106.8103733,35061.0,705.4558731483412,0.7393715341959335,537,534,4,0,530,533,76456,7,0,0,7,1
2020-09-18,US,New York,Albany,2979,134,0,42.60060306,-73.97723916,36001.0,975.1035986199944,4.498153742866734,2845,2969,134,0,2835,2948,307117,10,0,0,10,21
2020-09-18,US,New York,Allegany,95,1,0,42.25748406,-78.02750466,36003.0,206.1139918856176,1.0526315789473684,94,94,1,0,93,94,46430,1,0,0,1,0
2020-09-18,US,New York,Bronx,52468,4940,0,40.85209301,-73.86282755,36005.0,3699.600975033969,9.415262636273539,47528,52422,4939,0,47483,52371,1432132,46,1,0,45,51
2020-09-18,US,New York,Broome,1450,69,0,42.15903158,-75.81326086,36007.0,761.2028054260637,4.758620689655173,1381,1437,69,0,1368,1428,191659,13,0,0,13,9
2020-09-18,US,New York,Cattaraugus,249,6,0,42.24778241,-78.67923096,36009.0,327.12797403996484,2.409638554216868,243,248,6,0,242,245,76840,1,0,0,1,3
2020-09-18,US,New York,Cayuga,195,2,0,42.91261714,-76.55731592,36011.0,254.64897618052655,1.0256410256410255,193,194,2,0,192,193,77145,1,0,0,1,1
2020-09-18,US,New York,Chautauqua,535,9,0,42.22769210000001,-79.36691763,36013.0,421.5818380968141,1.6822429906542056,526,533,9,0,524,527,127939,2,0,0,2,6
2020-09-18,US,New York,Chemung,305,3,0,42.13891056,-76.7638805,36015.0,365.46203987730064,0.9836065573770492,302,294,3,0,291,275,84254,11,0,0,11,19
2020-09-18,US,New York,Chenango,248,7,0,42.49430041,-75.60887553,36017.0,525.3458173575953,2.8225806451612905,241,245,7,0,238,245,47536,3,0,0,3,0
2020-09-18,US,New York,Clinton,154,5,0,44.74530905,-73.67875352,36019.0,191.34000124246757,3.2467532467532467,149,154,5,0,149,154,80695,0,0,0,0,0
2020-09-18,US,New York,Columbia,580,37,0,42.24819348,-73.63089095,36021.0,975.4292729688368,6.379310344827586,543,579,37,0,542,577,59916,1,0,0,1,2
2020-09-18,US,New York,Cortland,150,0,0,42.59509207,-76.07048931,36023.0,315.25188625711945,0.0,150,141,0,0,141,137,47823,9,0,0,9,4
2020-09-18,US,New York,Delaware,129,4,0,42.19837623,-74.96709306,36025.0,292.28503455307583,3.1007751937984502,125,129,4,0,125,129,44527,0,0,0,0,0
2020-09-18,US,New York,Dutchess,5050,153,0,41.76486060000001,-73.74356679,36027.0,1716.4143594205655,3.0297029702970297,4897,5042,153,0,4889,5014,293718,8,0,0,8,28
2020-09-18,US,New York,Erie,10873,689,0,42.76249024,-78.73063652,36029.0,1183.5176150699574,6.336797571967257,10184,10833,689,0,10144,10752,919719,40,0,0,40,81
2020-09-18,US,New York,Essex,157,0,0,44.11630765,-73.77297842,36031.0,425.6472820929917,0.0,157,154,0,0,154,154,37300,3,0,0,3,0
2020-09-18,US,New York,Franklin,64,0,0,44.59040891,-74.29926032,36033.0,127.94370476990123,0.0,64,63,0,0,63,63,50293,1,0,0,1,0
2020-09-18,US,New York,Fulton,331,24,0,43.11363907,-74.41798804,36035.0,620.0475806904817,7.250755287009063,307,331,24,0,307,325,53591,0,0,0,0,6
2020-09-18,US,New York,Genesee,309,5,0,43.0022601,-78.19135193,36037.0,539.4553072625698,1.6181229773462784,304,309,5,0,304,307,57511,0,0,0,0,2
2020-09-18,US,New York,Greene,319,18,0,42.275797,-74.12384884,36039.0,676.0193269475292,5.6426332288401255,301,319,18,0,301,318,47491,0,0,0,0,1
2020-09-18,US,New York,Hamilton,14,0,0,43.66146647,-74.49721957,36041.0,317.0289855072464,0.0,14,14,0,0,14,14,4434,0,0,0,0,0
2020-09-18,US,New York,Herkimer,318,10,0,43.42034246,-74.96145307,36043.0,518.5994553074903,3.1446540880503147,308,316,10,0,306,314,61833,2,0,0,2,2
2020-09-18,US,New York,Jefferson,160,0,0,44.04200959,-75.94653457,36045.0,145.67438133911176,0.0,160,159,0,0,159,158,111755,1,0,0,1,1
2020-09-18,US,New York,Kings,66737,7314,0,40.636182500000004,-73.94935552,36047.0,2607.0128438460365,10.95943779312825,59423,66586,7312,0,59274,66468,2582830,151,2,0,149,118
2020-09-18,US,New York,Lewis,50,0,0,43.784415700000004,-75.44903992,36049.0,190.14298752661998,0.0,50,50,0,0,50,50,26447,0,0,0,0,0
2020-09-18,US,New York,Livingston,201,8,0,42.72596275,-77.77966158,36051.0,319.48373970817306,3.9800995024875614,193,199,8,0,191,197,63227,2,0,0,2,2
2020-09-18,US,New York,Madison,484,17,0,42.91653905,-75.67266639,36053.0,682.2570868750088,3.512396694214876,467,480,17,0,463,480,70795,4,0,0,4,0
2020-09-18,US,New York,Monroe,5857,289,0,43.14638895,-77.69322942,36055.0,789.5978537821696,4.934266689431451,5568,5839,289,0,5550,5809,742474,18,0,0,18,30
2020-09-18,US,New York,Montgomery,219,4,0,42.90123494,-74.44011632,36057.0,444.932041201926,1.8264840182648399,215,219,4,0,215,218,49455,0,0,0,0,1
2020-09-18,US,New York,Nassau,46052,2201,0,40.74066522,-73.58941873,36059.0,3393.852566540204,4.779379831494832,43851,45989,2199,0,43790,45906,1358343,63,2,0,61,83
2020-09-18,US,New York,New York,32938,3178,0,40.76727260000001,-73.97152637,36061.0,2022.3416626450687,9.648430384358491,29760,32892,3177,0,29715,32835,,46,1,0,45,57
2020-09-18,US,New York,Niagara,1707,101,0,43.19898042,-78.74777412,36063.0,815.6497723156903,5.916813122437023,1606,1703,101,0,1602,1694,210433,4,0,0,4,9
2020-09-18,US,New York,Oneida,2369,123,0,43.24375382,-75.43710392,36065.0,1035.9861985122732,5.192064162093709,2246,2363,123,0,2240,2359,229577,6,0,0,6,4
2020-09-18,US,New York,Onondaga,4185,205,0,43.00491923,-76.19971155,36067.0,908.7395337525622,4.898446833930705,3980,4158,205,0,3953,4133,461809,27,0,0,27,25
2020-09-18,US,New York,Ontario,454,35,0,42.85145728,-77.30874425,36069.0,413.5656831576742,7.709251101321587,419,452,35,0,417,449,109864,2,0,0,2,3
2020-09-18,US,New York,Orange,11760,498,0,41.40337468,-74.30240757,36071.0,3055.021561801839,4.2346938775510194,11262,11734,498,0,11236,11711,381951,26,0,0,26,23
2020-09-18,US,New York,Orleans,322,54,0,43.2516977,-78.2320066,36073.0,797.9777954004758,16.770186335403725,268,322,54,0,268,322,40612,0,0,0,0,0
2020-09-18,US,New York,Oswego,418,3,0,43.42778894,-76.14635194,36075.0,356.8867183497831,0.7177033492822966,415,412,3,0,409,409,117898,6,0,0,6,3
2020-09-18,US,New York,Otsego,324,5,0,42.63492579,-75.03151402,36077.0,544.6018859361607,1.5432098765432098,319,322,5,0,317,318,59749,2,0,0,2,4
2020-09-18,US,New York,Putnam,1569,63,0,41.42630093,-73.74965532,36079.0,1595.8096013018717,4.0152963671128115,1506,1567,63,0,1504,1565,98892,2,0,0,2,2
2020-09-18,US,New York,Queens,71474,7239,0,40.71088124,-73.81684712,36081.0,3171.1846975275294,10.128158491199596,64235,71392,7238,0,64154,71309,2278906,82,1,0,81,83
2020-09-18,US,New York,Rensselaer,895,42,0,42.71348136,-73.51089874,36083.0,563.9074057739077,4.692737430167598,853,892,42,0,850,887,159442,3,0,0,3,5
2020-09-18,US,New York,Richmond,15689,1085,0,40.58582155,-74.14808598,36085.0,3295.0185133457812,6.915673401746447,14604,15666,1084,0,14582,15642,476179,23,1,0,22,24
2020-09-18,US,New York,Rockland,14747,675,0,41.15027894,-74.02560498,36087.0,4526.5493923981485,4.577202142808707,14072,14698,675,0,14023,14660,325695,49,0,0,49,38
2020-09-18,US,New York,Saratoga,985,17,0,43.10904162,-73.86653895,36091.0,428.5161161213418,1.7258883248730963,968,976,17,0,959,970,230163,9,0,0,9,6
2020-09-18,US,New York,Schenectady,1374,48,0,42.81668777,-74.05278291,36093.0,884.744911428921,3.4934497816593884,1326,1372,48,0,1324,1362,155350,2,0,0,2,10
2020-09-18,US,New York,Schoharie,83,0,0,42.58831742,-74.44339029999998,36095.0,267.7505725991161,0.0,83,83,0,0,83,83,31097,0,0,0,0,0
2020-09-18,US,New York,Schuyler,37,0,0,42.39184015,-76.8773299,36097.0,207.7834559442916,0.0,37,33,0,0,33,33,17912,4,0,0,4,0
2020-09-18,US,New York,Seneca,105,3,0,42.78081007,-76.82497064,36099.0,308.67826904985884,2.8571428571428568,102,104,3,0,101,104,34300,1,0,0,1,0
2020-09-18,US,New York,St. Lawrence,314,4,0,44.4976179,-75.06550039,36089.0,291.44236124002225,1.2738853503184713,310,313,4,0,309,310,108047,1,0,0,1,3
2020-09-18,US,New York,Steuben,342,42,0,42.2689144,-77.3829924,36101.0,358.5694964300318,12.280701754385964,300,339,42,0,297,334,95796,3,0,0,3,5
2020-09-18,US,New York,Suffolk,45956,2011,0,40.88320119,-72.8012172,36103.0,3112.282871269896,4.375924797632518,43945,45915,2008,0,43907,45843,1481093,41,3,0,38,72
2020-09-18,US,New York,Sullivan,1568,48,0,41.71579493,-74.76394559,36105.0,2078.693392724573,3.0612244897959178,1520,1565,48,0,1517,1561,75498,3,0,0,3,4
2020-09-18,US,New York,Tioga,222,25,0,42.16852837,-76.30835812,36107.0,460.5522477854075,11.26126126126126,197,221,25,0,196,221,48560,1,0,0,1,0
2020-09-18,US,New York,Tompkins,390,0,0,42.44945765,-76.47229843,36109.0,381.6793893129772,0.0,390,388,0,0,388,386,102793,2,0,0,2,2
2020-09-18,US,New York,Ulster,2235,95,0,41.89027881,-74.26252104,36111.0,1258.6372928316805,4.250559284116331,2140,2231,95,0,2136,2229,178599,4,0,0,4,2
2020-09-18,US,New York,Unassigned,0,19,0,0.0,0.0,90036.0,0.0,0.0,-19,0,17,0,-17,0,,0,2,0,-2,0
2020-09-18,US,New York,Warren,354,33,0,43.56173026,-73.8433699,36113.0,553.6094082322031,9.322033898305083,321,352,33,0,319,351,64265,2,0,0,2,1
2020-09-18,US,New York,Washington,287,14,0,43.31153794,-73.43043448,36115.0,468.92359976472125,4.878048780487805,273,287,14,0,273,286,61197,0,0,0,0,1
2020-09-18,US,New York,Wayne,306,5,0,43.15494365,-77.02976528,36117.0,340.31006027714136,1.6339869281045751,301,305,5,0,300,304,90064,1,0,0,1,1
2020-09-18,US,New York,Westchester,37718,1454,0,41.16278376,-73.75741653,36119.0,3898.477115387398,3.8549233787581527,36264,37672,1452,0,36220,37634,967612,46,2,0,44,38
2020-09-18,US,New York,Wyoming,131,5,0,42.70145109,-78.22199579,36121.0,328.65852128753863,3.816793893129771,126,130,5,0,125,130,40085,1,0,0,1,0
2020-09-18,US,New York,Yates,62,7,0,42.63505484,-77.10369919,36123.0,248.8660538674588,11.290322580645164,55,62,7,0,55,62,24841,0,0,0,0,0
2020-09-18,US,North Carolina,Alamance,3668,48,0,36.0434701,-79.39976137,37001.0,2163.89690222938,1.3086150490730644,3620,3630,48,0,3582,3601,166436,38,0,0,38,29
2020-09-18,US,North Carolina,Alexander,479,4,0,35.922379600000006,-81.17751948,37003.0,1277.4355281755875,0.8350730688935282,475,475,4,0,471,475,37353,4,0,0,4,0
2020-09-18,US,North Carolina,Alleghany,219,0,0,36.49360862,-81.12857041,37005.0,1966.4182454880126,0.0,219,218,0,0,218,217,11161,1,0,0,1,1
2020-09-18,US,North Carolina,Anson,547,4,0,34.97403241,-80.09953279,37007.0,2237.5848809621207,0.7312614259597806,543,534,4,0,530,528,24877,13,0,0,13,6
2020-09-18,US,North Carolina,Ashe,246,1,0,36.43296207,-81.49862729,37009.0,904.3120244090724,0.4065040650406504,245,246,1,0,245,246,27109,0,0,0,0,0
2020-09-18,US,North Carolina,Avery,317,0,0,36.07569796,-81.92308483,37011.0,1805.5476448140344,0.0,317,313,0,0,313,307,17505,4,0,0,4,6
2020-09-18,US,North Carolina,Beaufort,809,12,0,35.48531943,-76.84325809,37013.0,1721.4963612376048,1.4833127317676142,797,805,12,0,793,796,47079,4,0,0,4,9
2020-09-18,US,North Carolina,Bertie,530,7,0,36.0688473,-76.96545943,37015.0,2797.276613711933,1.320754716981132,523,523,7,0,516,521,19026,7,0,0,7,2
2020-09-18,US,North Carolina,Bladen,810,12,0,34.61296243,-78.56180059,37017.0,2475.398814253408,1.4814814814814814,798,814,12,0,802,808,33190,-4,0,0,-4,6
2020-09-18,US,North Carolina,Brunswick,1511,26,0,34.070565,-78.22814204,37019.0,1057.9750735191146,1.7207147584381204,1485,1508,26,0,1482,1500,136744,3,0,0,3,8
2020-09-18,US,North Carolina,Buncombe,2823,76,0,35.61113393,-82.53305,37021.0,1080.8182517774346,2.6921714488133186,2747,2808,76,0,2732,2796,259103,15,0,0,15,12
2020-09-18,US,North Carolina,Burke,2002,33,0,35.74989637,-81.70755735,37023.0,2212.5214123887936,1.6483516483516485,1969,1988,33,0,1955,1981,90382,14,0,0,14,7
2020-09-18,US,North Carolina,Cabarrus,3717,61,0,35.3877799,-80.55267168,37025.0,1717.2319163975546,1.6411084207694375,3656,3684,60,0,3624,3663,211342,33,1,0,32,21
2020-09-18,US,North Carolina,Caldwell,1551,18,0,35.95204977,-81.54799522,37027.0,1887.3664484411886,1.1605415860735009,1533,1544,17,0,1527,1532,82029,7,1,0,6,12
2020-09-18,US,North Carolina,Camden,107,3,0,36.33804939,-76.15568396,37029.0,984.6323732400847,2.803738317757009,104,107,3,0,104,107,10710,0,0,0,0,0
2020-09-18,US,North Carolina,Carteret,604,5,0,34.8932941,-76.54120135,37031.0,869.4025016913048,0.8278145695364238,599,599,5,0,594,590,69524,5,0,0,5,9
2020-09-18,US,North Carolina,Caswell,307,3,0,36.39312665,-79.33353281,37033.0,1358.1666961599715,0.977198697068404,304,303,3,0,300,281,22698,4,0,0,4,22
2020-09-18,US,North Carolina,Catawba,2934,51,0,35.66211129,-81.2132617,37035.0,1838.9104424290665,1.738241308793456,2883,2897,50,0,2847,2879,158652,37,1,0,36,18
2020-09-18,US,North Carolina,Chatham,1589,57,0,35.70394416,-79.25541492,37037.0,2133.745132268027,3.587161736941473,1532,1584,57,0,1527,1580,73139,5,0,0,5,4
2020-09-18,US,North Carolina,Cherokee,561,10,0,35.1349263,-84.05970864,37039.0,1960.7157835873056,1.7825311942959,551,554,10,0,544,549,28383,7,0,0,7,5
2020-09-18,US,North Carolina,Chowan,299,3,0,36.12908077,-76.60118385,37041.0,2144.4452413397407,1.0033444816053512,296,293,3,0,290,286,14029,6,0,0,6,7
2020-09-18,US,North Carolina,Clay,109,2,0,35.05704275,-83.74353633,37043.0,970.5280028492565,1.834862385321101,107,106,2,0,104,106,11139,3,0,0,3,0
2020-09-18,US,North Carolina,Cleveland,1970,57,0,35.33553364,-81.55204486,37045.0,2011.2918210869143,2.8934010152284264,1913,1927,56,0,1871,1909,97645,43,1,0,42,18
2020-09-18,US,North Carolina,Columbus,1300,53,0,34.26744084,-78.65801424,37047.0,2342.004756071197,4.076923076923077,1247,1290,53,0,1237,1280,55655,10,0,0,10,10
2020-09-18,US,North Carolina,Craven,1229,30,0,35.11833364,-77.08398081,37049.0,1203.2622210908667,2.4410089503661507,1199,1210,30,0,1180,1194,102912,19,0,0,19,16
2020-09-18,US,North Carolina,Cumberland,4951,75,0,35.04762133,-78.82623165,37051.0,1475.668312921561,1.5148454857604523,4876,4902,75,0,4827,4829,332330,49,0,0,49,73
2020-09-18,US,North Carolina,Currituck,146,0,0,36.36123664,-75.95876401,37053.0,525.8797680365956,0.0,146,141,0,0,141,137,27072,5,0,0,5,4
2020-09-18,US,North Carolina,Dare,257,2,0,35.66520691,-75.71767334,37055.0,694.4256802399416,0.7782101167315175,255,255,2,0,253,260,36501,2,0,0,2,-5
2020-09-18,US,North Carolina,Davidson,2553,34,0,35.79115496,-80.21256572,37057.0,1523.1878956380624,1.3317665491578534,2519,2519,33,0,2486,2503,166614,34,1,0,33,16
2020-09-18,US,North Carolina,Davie,524,6,0,35.93099927,-80.54496571,37059.0,1222.9846426737618,1.1450381679389312,518,522,6,0,516,522,42733,2,0,0,2,0
2020-09-18,US,North Carolina,Duplin,2131,53,0,34.93449805,-77.93140529,37061.0,3627.789789074071,2.4870952604411074,2078,2129,53,0,2076,2126,58856,2,0,0,2,3
2020-09-18,US,North Carolina,Durham,7436,90,0,36.03638492,-78.87608331,37063.0,2312.994575225203,1.2103281334050564,7346,7418,88,0,7330,7381,316739,18,2,0,16,37
2020-09-18,US,North Carolina,Edgecombe,1235,37,0,35.91230639,-77.59436892,37065.0,2399.3627603357168,2.9959514170040484,1198,1222,38,0,1184,1211,52005,13,-1,0,14,11
2020-09-18,US,North Carolina,Forsyth,6747,94,0,36.12859861,-80.25459052,37067.0,1764.8674452974797,1.3932117978360752,6653,6707,94,0,6613,6694,379099,40,0,0,40,13
2020-09-18,US,North Carolina,Franklin,1172,31,0,36.081519,-78.28708884,37069.0,1681.8540575446652,2.6450511945392488,1141,1167,31,0,1136,1158,67560,5,0,0,5,9
2020-09-18,US,North Carolina,Gaston,4782,75,0,35.29373559,-81.17477045,37071.0,2129.7916972863195,1.5683814303638646,4707,4730,74,0,4656,4659,222846,52,1,0,51,71
2020-09-18,US,North Carolina,Gates,118,3,0,36.44667547,-76.69749701,37073.0,1020.5846739318456,2.5423728813559316,115,114,3,0,111,110,11573,4,0,0,4,4
2020-09-18,US,North Carolina,Graham,119,1,0,35.3506925,-83.83369267,37075.0,1409.785570430044,0.8403361344537815,118,118,0,0,118,113,8484,1,1,0,0,5
2020-09-18,US,North Carolina,Granville,1672,48,0,36.30337451,-78.65184241,37077.0,2766.242575649785,2.8708133971291865,1624,1666,48,0,1618,1656,60115,6,0,0,6,10
2020-09-18,US,North Carolina,Greene,498,5,0,35.48544173,-77.67578087,37079.0,2363.6622525986045,1.0040160642570282,493,495,5,0,490,494,21012,3,0,0,3,1
2020-09-18,US,North Carolina,Guilford,7995,176,0,36.07959451,-79.78824948,37081.0,1488.3445587463282,2.2013758599124453,7819,7909,176,0,7733,7842,533670,86,0,0,86,67
2020-09-18,US,North Carolina,Halifax,950,18,0,36.25669272,-77.6556109,37083.0,1899.620075984803,1.8947368421052633,932,942,18,0,924,933,50574,8,0,0,8,9
2020-09-18,US,North Carolina,Harnett,1982,51,0,35.36731853,-78.87243571,37085.0,1457.6101664999703,2.5731584258324918,1931,1953,50,0,1903,1914,134214,29,1,0,28,39
2020-09-18,US,North Carolina,Haywood,574,31,0,35.55269063,-82.98196486,37087.0,921.0969719338224,5.400696864111499,543,567,31,0,536,561,61971,7,0,0,7,6
2020-09-18,US,North Carolina,Henderson,1887,64,0,35.33788927,-82.4766782,37089.0,1607.092669715629,3.3916269210386862,1823,1869,64,0,1805,1856,116748,18,0,0,18,13
2020-09-18,US,North Carolina,Hertford,667,25,0,36.3607755,-76.98104134,37091.0,2817.079866537146,3.748125937031484,642,658,25,0,633,649,23659,9,0,0,9,9
2020-09-18,US,North Carolina,Hoke,1052,16,0,35.01888303,-79.23651674,37093.0,1904.6239635007425,1.520912547528517,1036,1039,16,0,1023,1006,54764,13,0,0,13,33
2020-09-18,US,North Carolina,Hyde,124,3,0,35.42017674,-76.15180542,37095.0,2511.646749037877,2.419354838709677,121,124,3,0,121,124,5230,0,0,0,0,0
2020-09-18,US,North Carolina,Iredell,2634,27,0,35.80950511,-80.8743128,37097.0,1448.7970694036499,1.0250569476082003,2607,2617,26,0,2591,2590,178435,17,1,0,16,27
2020-09-18,US,North Carolina,Jackson,523,7,0,35.28814273,-83.14093385,37099.0,1190.3136237425465,1.338432122370937,516,523,7,0,516,524,43327,0,0,0,0,-1
2020-09-18,US,North Carolina,Johnston,4200,55,0,35.51745004,-78.36622717,37101.0,2006.3151156736205,1.3095238095238095,4145,4192,54,0,4138,4154,202675,8,1,0,7,38
2020-09-18,US,North Carolina,Jones,143,11,0,35.02254606,-77.35870791,37103.0,1518.2078776940227,7.6923076923076925,132,143,11,0,132,144,9637,0,0,0,0,-1
2020-09-18,US,North Carolina,Lee,1558,13,0,35.47623147,-79.17569362,37105.0,2521.892552485473,0.834403080872914,1545,1550,13,0,1537,1542,61452,8,0,0,8,8
2020-09-18,US,North Carolina,Lenoir,930,26,0,35.24032589999999,-77.64245615,37107.0,1662.2281005916102,2.795698924731183,904,924,26,0,898,913,55976,6,0,0,6,11
2020-09-18,US,North Carolina,Lincoln,1427,14,0,35.48508185,-81.21740317,37109.0,1657.1634285979724,0.9810791871058164,1413,1395,14,0,1381,1387,83770,32,0,0,32,8
2020-09-18,US,North Carolina,Macon,573,2,0,35.14867843,-83.41696617,37113.0,1597.9697696469407,0.34904013961605584,571,572,2,0,570,567,35285,1,0,0,1,5
2020-09-18,US,North Carolina,Madison,89,1,0,35.85402722,-82.71346418,37115.0,409.1013560101126,1.1235955056179776,88,88,1,0,87,88,21763,1,0,0,1,0
2020-09-18,US,North Carolina,Martin,412,9,0,35.84326734,-77.10860251,37117.0,1836.0071301247767,2.184466019417476,403,408,9,0,399,405,22671,4,0,0,4,3
2020-09-18,US,North Carolina,McDowell,879,26,0,35.67736232,-82.0482425,37111.0,1921.0595331759769,2.957906712172924,853,875,27,0,848,870,45507,4,-1,0,5,5
2020-09-18,US,North Carolina,Mecklenburg,27346,339,0,35.24469268,-80.8317671,37119.0,2462.8137282096914,1.2396694214876034,27007,27235,337,0,26898,27125,1093901,111,2,0,109,110
2020-09-18,US,North Carolina,Mitchell,102,3,0,36.01059309,-82.1582442,37121.0,681.635926222935,2.9411764705882355,99,101,3,0,98,101,15000,1,0,0,1,0
2020-09-18,US,North Carolina,Montgomery,1016,25,0,35.33155144,-79.90416657,37123.0,3739.005630589188,2.4606299212598426,991,1013,25,0,988,995,27271,3,0,0,3,18
2020-09-18,US,North Carolina,Moore,1494,27,0,35.30885257,-79.48474178,37125.0,1480.9674861221256,1.8072289156626504,1467,1489,26,0,1463,1477,98682,5,1,0,4,12
2020-09-18,US,North Carolina,Nash,2057,35,0,35.96575634,-77.98422508,37127.0,2181.382425926319,1.701507049100632,2022,2027,34,0,1993,1996,94016,30,1,0,29,31
2020-09-18,US,North Carolina,New Hanover,3830,28,0,34.25758282,-77.87075626,37129.0,1633.450333300636,0.7310704960835509,3802,3798,27,0,3771,3744,232274,32,1,0,31,54
2020-09-18,US,North Carolina,Northampton,399,17,0,36.41736238,-77.39769443,37131.0,2047.9392290714984,4.260651629072681,382,395,17,0,378,391,19676,4,0,0,4,4
2020-09-18,US,North Carolina,Onslow,1794,21,0,34.72607366,-77.42908179,37133.0,906.3444108761328,1.1705685618729098,1773,1772,20,0,1752,1751,197683,22,1,0,21,21
2020-09-18,US,North Carolina,Orange,2566,54,0,36.06092947,-79.12167935,37135.0,1728.2254371076804,2.1044427123928293,2512,2552,54,0,2498,2543,146027,14,0,0,14,9
2020-09-18,US,North Carolina,Pamlico,227,2,0,35.15253315,-76.66559823,37137.0,1783.7498035517838,0.8810572687224669,225,224,2,0,222,224,12670,3,0,0,3,0
2020-09-18,US,North Carolina,Pasquotank,647,29,0,36.26723798,-76.25134778,37139.0,1624.648453194054,4.482225656877898,618,638,29,0,609,631,39639,9,0,0,9,7
2020-09-18,US,North Carolina,Pender,871,5,0,34.52265624,-77.90352133,37141.0,1381.2242308912146,0.574052812858783,866,865,5,0,860,847,62162,6,0,0,6,18
2020-09-18,US,North Carolina,Perquimans,168,3,0,36.17847453,-76.40603143,37143.0,1247.8645175666645,1.7857142857142858,165,167,3,0,164,164,13422,1,0,0,1,3
2020-09-18,US,North Carolina,Person,398,6,0,36.38989032,-78.97217358,37145.0,1007.8500886300328,1.5075376884422111,392,393,6,0,387,388,39507,5,0,0,5,5
2020-09-18,US,North Carolina,Pitt,4466,27,0,35.59535426,-77.37353178,37147.0,2470.925407486915,0.6045678459471563,4439,4428,27,0,4401,4380,179914,38,0,0,38,48
2020-09-18,US,North Carolina,Polk,256,8,0,35.27820615,-82.16812354,37149.0,1235.2827639451846,3.125,248,253,8,0,245,253,20611,3,0,0,3,0
2020-09-18,US,North Carolina,Randolph,2638,50,0,35.71015088,-79.80570339,37151.0,1836.190635288549,1.8953752843062923,2588,2630,49,0,2581,2618,143351,8,1,0,7,12
2020-09-18,US,North Carolina,Richmond,881,13,0,35.00417719,-79.74491009,37153.0,1965.2457114814072,1.4755959137343928,868,869,13,0,856,856,44887,12,0,0,12,13
2020-09-18,US,North Carolina,Robeson,4204,71,0,34.64244496,-79.10250529999998,37155.0,3218.3732057416273,1.6888677450047571,4133,4173,71,0,4102,4113,131831,31,0,0,31,60
2020-09-18,US,North Carolina,Rockingham,1115,13,0,36.39593137,-79.77504841,37157.0,1225.1400944951104,1.1659192825112108,1102,1098,13,0,1085,1087,90690,17,0,0,17,11
2020-09-18,US,North Carolina,Rowan,3136,86,0,35.64003916,-80.52446628,37159.0,2207.082934519453,2.7423469387755097,3050,3109,86,0,3023,3083,141262,27,0,0,27,26
2020-09-18,US,North Carolina,Rutherford,1090,22,0,35.40114178,-81.92112099,37161.0,1626.1618105596085,2.018348623853211,1068,1082,22,0,1060,1065,66826,8,0,0,8,17
2020-09-18,US,North Carolina,Sampson,1747,24,0,34.98820368,-78.36914061,37163.0,2749.8386614408714,1.3737836290784202,1723,1737,23,0,1714,1720,63626,10,1,0,9,17
2020-09-18,US,North Carolina,Scotland,899,12,0,34.8386299,-79.4757978,37165.0,2581.627085546909,1.3348164627363737,887,889,12,0,877,848,34810,10,0,0,10,41
2020-09-18,US,North Carolina,Stanly,1778,56,0,35.31647813,-80.25093221,37167.0,2830.939719135115,3.1496062992125986,1722,1761,52,0,1709,1745,62075,17,4,0,13,16
2020-09-18,US,North Carolina,Stokes,403,3,0,36.4017975,-80.23893369,37169.0,883.9463929284288,0.7444168734491315,400,398,3,0,395,394,45467,5,0,0,5,4
2020-09-18,US,North Carolina,Surry,1265,21,0,36.41689489,-80.69102283,37171.0,1762.255687279718,1.6600790513833992,1244,1257,21,0,1236,1249,71948,8,0,0,8,8
2020-09-18,US,North Carolina,Swain,139,3,0,35.48665845,-83.48748932,37173.0,974.0032233200196,2.1582733812949644,136,139,3,0,136,138,14245,0,0,0,0,1
2020-09-18,US,North Carolina,Transylvania,301,6,0,35.20383864,-82.79638423,37175.0,875.381707139741,1.9933554817275747,295,299,6,0,293,299,34215,2,0,0,2,0
2020-09-18,US,North Carolina,Tyrrell,111,2,0,35.87147226,-76.17055253,37177.0,2763.944223107569,1.8018018018018016,109,111,2,0,109,111,4131,0,0,0,0,0
2020-09-18,US,North Carolina,Union,4532,57,0,34.98960527,-80.52955873,37179.0,1889.4433813198584,1.2577228596646073,4475,4488,57,0,4431,4456,235908,44,0,0,44,32
2020-09-18,US,North Carolina,Vance,1008,43,0,36.36880673,-78.40670845,37181.0,2263.388346244527,4.265873015873016,965,1000,43,0,957,991,44582,8,0,0,8,9
2020-09-18,US,North Carolina,Wake,16745,227,0,35.78879266,-78.65249174,37183.0,1506.1690417274935,1.3556285458345776,16518,16663,222,0,16441,16530,1092305,82,5,0,77,133
2020-09-18,US,North Carolina,Warren,311,7,0,36.39728256,-78.10652228,37185.0,1576.1998885003295,2.2508038585209005,304,308,7,0,301,307,19807,3,0,0,3,1
2020-09-18,US,North Carolina,Washington,199,8,0,35.83810081,-76.57299037,37187.0,1718.4801381692569,4.0201005025125625,191,198,8,0,190,197,11859,1,0,0,1,1
2020-09-18,US,North Carolina,Watauga,565,1,0,36.23103603,-81.70033724,37189.0,1005.7496840343912,0.17699115044247787,564,564,1,0,563,558,55945,1,0,0,1,6
2020-09-18,US,North Carolina,Wayne,3106,64,0,35.36438125,-78.00027268,37191.0,2522.5166692384532,2.0605280103026398,3042,3085,64,0,3021,3062,123248,21,0,0,21,23
2020-09-18,US,North Carolina,Wilkes,1143,31,0,36.2084135,-81.16232895,37193.0,1670.759515874408,2.7121609798775155,1112,1134,31,0,1103,1130,68557,9,0,0,9,4
2020-09-18,US,North Carolina,Wilson,2023,46,0,35.70625477,-77.917978,37195.0,2473.074901284825,2.2738507167572912,1977,2004,46,0,1958,1993,81455,19,0,0,19,11
2020-09-18,US,North Carolina,Yadkin,701,7,0,36.16222629,-80.66239436,37197.0,1861.0454774736504,0.9985734664764622,694,700,7,0,693,694,37543,1,0,0,1,6
2020-09-18,US,North Carolina,Yancey,118,0,0,35.90079156,-82.31237181,37199.0,653.0521888317007,0.0,118,117,0,0,117,116,17903,1,0,0,1,1
2020-09-18,US,North Dakota,Adams,16,0,0,46.09686891,-102.5285397,38001.0,722.0216606498195,0.0,16,16,0,0,16,14,2294,0,0,0,0,2
2020-09-18,US,North Dakota,Barnes,208,0,0,46.93579637,-98.06605978,38003.0,1997.1195391262602,0.0,208,206,0,0,206,197,10542,2,0,0,2,9
2020-09-18,US,North Dakota,Benson,304,5,0,48.0683985,-99.35916363,38005.0,4449.648711943794,1.6447368421052633,299,278,5,0,273,270,6962,26,0,0,26,8
2020-09-18,US,North Dakota,Billings,12,0,0,47.02366884,-103.3762965,38007.0,1293.1034482758619,0.0,12,7,0,0,7,6,919,5,0,0,5,1
2020-09-18,US,North Dakota,Bottineau,41,0,0,48.79106111,-100.8378166,38009.0,652.6583890480739,0.0,41,39,0,0,39,38,6411,2,0,0,2,1
2020-09-18,US,North Dakota,Bowman,27,0,0,46.11285362,-103.5203343,38011.0,892.8571428571429,0.0,27,27,0,0,27,26,3076,0,0,0,0,1
2020-09-18,US,North Dakota,Burke,28,1,0,48.79094471,-102.51821170000001,38013.0,1323.8770685579195,3.571428571428572,27,27,1,0,26,26,2100,1,0,0,1,1
2020-09-18,US,North Dakota,Burleigh,2943,36,0,46.97847375,-100.46452140000001,38015.0,3077.6148746156905,1.2232415902140672,2907,2856,34,0,2822,2782,95273,87,2,0,85,74
2020-09-18,US,North Dakota,Cass,4533,77,0,46.93201724,-97.24447190000001,38017.0,2491.713527151597,1.698654312817119,4456,4456,77,0,4379,4407,181516,77,0,0,77,49
2020-09-18,US,North Dakota,Cavalier,46,0,0,48.77286211,-98.46685243,38019.0,1222.7538543328014,0.0,46,46,0,0,46,45,3829,0,0,0,0,1
2020-09-18,US,North Dakota,Dickey,42,0,0,46.11017712,-98.50490079999999,38021.0,862.0689655172414,0.0,42,38,0,0,38,37,4903,4,0,0,4,1
2020-09-18,US,North Dakota,Divide,6,0,0,48.814938700000006,-103.48736109999999,38023.0,265.01766784452303,0.0,6,6,0,0,6,6,2283,0,0,0,0,0
2020-09-18,US,North Dakota,Dunn,72,1,0,47.35423935,-102.61604679999999,38025.0,1627.48643761302,1.3888888888888888,71,66,1,0,65,65,4332,6,0,0,6,1
2020-09-18,US,North Dakota,Eddy,61,3,0,47.71701474,-98.90432337,38027.0,2667.249672059467,4.918032786885246,58,59,3,0,56,59,2313,2,0,0,2,0
2020-09-18,US,North Dakota,Emmons,84,1,0,46.28398398,-100.2389766,38029.0,2591.792656587473,1.1904761904761905,83,81,1,0,80,63,3295,3,0,0,3,18
2020-09-18,US,North Dakota,Foster,53,0,0,47.457108399999996,-98.88279923,38031.0,1651.0903426791276,0.0,53,51,0,0,51,51,3216,2,0,0,2,0
2020-09-18,US,North Dakota,Golden Valley,41,0,0,46.94022281,-103.8465421,38033.0,2328.222600795003,0.0,41,41,0,0,41,41,1769,0,0,0,0,0
2020-09-18,US,North Dakota,Grand Forks,2039,12,0,47.92093639,-97.45450447,38035.0,2935.882852658709,0.588523786169691,2027,1973,12,0,1961,1956,70770,66,0,0,66,17
2020-09-18,US,North Dakota,Grant,11,0,0,46.35821257,-101.63900129999999,38037.0,483.72911169744935,0.0,11,11,0,0,11,11,2374,0,0,0,0,0
2020-09-18,US,North Dakota,Griggs,49,1,0,47.45785838,-98.23850925,38039.0,2196.3245181532943,2.0408163265306123,48,46,1,0,45,44,2232,3,0,0,3,2
2020-09-18,US,North Dakota,Hettinger,51,0,0,46.43375068,-102.4632417,38041.0,2040.8163265306125,0.0,51,51,0,0,51,50,2514,0,0,0,0,1
2020-09-18,US,North Dakota,Kidder,40,0,0,46.97830064,-99.77507857,38043.0,1612.9032258064515,0.0,40,39,0,0,39,38,2450,1,0,0,1,1
2020-09-18,US,North Dakota,LaMoure,41,0,0,46.45681054,-98.53542355,38045.0,1013.3465150766189,0.0,41,40,0,0,40,40,4062,1,0,0,1,0
2020-09-18,US,North Dakota,Logan,20,0,0,46.45729487,-99.47719806,38047.0,1081.081081081081,0.0,20,20,0,0,20,20,1903,0,0,0,0,0
2020-09-18,US,North Dakota,McHenry,57,1,0,48.23104458,-100.6324822,38049.0,992.1671018276762,1.7543859649122806,56,56,1,0,55,55,5816,1,0,0,1,1
2020-09-18,US,North Dakota,McIntosh,51,3,0,46.11182017,-99.44145858,38051.0,2042.4509411293552,5.882352941176472,48,51,3,0,48,49,2585,0,0,0,0,2
2020-09-18,US,North Dakota,McKenzie,161,2,0,47.74133370000001,-103.395905,38053.0,1071.618743343983,1.2422360248447204,159,156,2,0,154,154,13632,5,0,0,5,2
2020-09-18,US,North Dakota,McLean,217,2,0,47.60766714,-101.3182418,38055.0,2296.296296296296,0.9216589861751152,215,209,2,0,207,205,9541,8,0,0,8,4
2020-09-18,US,North Dakota,Mercer,101,0,0,47.31213126,-101.8318399,38057.0,1233.6631244656162,0.0,101,96,0,0,96,92,8267,5,0,0,5,4
2020-09-18,US,North Dakota,Morton,1028,9,0,46.71681782,-101.2822377,38059.0,3277.643157760491,0.8754863813229572,1019,996,9,0,987,964,31095,32,0,0,32,32
2020-09-18,US,North Dakota,Mountrail,199,2,0,48.20197971,-102.3555315,38061.0,1887.1503082029399,1.0050251256281406,197,200,2,0,198,194,10218,-1,0,0,-1,6
2020-09-18,US,North Dakota,Nelson,38,0,0,47.9226426,-98.19038437,38063.0,1319.9027440083362,0.0,38,37,0,0,37,37,2869,1,0,0,1,0
2020-09-18,US,North Dakota,Oliver,17,0,0,47.11530482,-101.3406158,38065.0,867.7896886166411,0.0,17,16,0,0,16,16,1952,1,0,0,1,0
2020-09-18,US,North Dakota,Pembina,48,0,0,48.76623521,-97.5523809,38067.0,705.77856197618,0.0,48,46,0,0,46,44,6947,2,0,0,2,2
2020-09-18,US,North Dakota,Pierce,31,0,0,48.24977025,-99.96407787,38069.0,779.874213836478,0.0,31,30,0,0,30,30,4081,1,0,0,1,0
2020-09-18,US,North Dakota,Ramsey,182,2,0,48.26886249,-98.72223879,38071.0,1579.9982637381718,1.0989010989010992,180,177,2,0,175,173,11481,5,0,0,5,4
2020-09-18,US,North Dakota,Ransom,68,0,0,46.45621782,-97.65742504,38073.0,1303.1812955155233,0.0,68,65,0,0,65,60,5237,3,0,0,3,5
2020-09-18,US,North Dakota,Renville,32,0,0,48.71982533,-101.6603912,38075.0,1375.1611516974647,0.0,32,27,0,0,27,23,2374,5,0,0,5,4
2020-09-18,US,North Dakota,Richland,197,1,0,46.26440649,-96.94852979,38077.0,1217.7783272547447,0.5076142131979695,196,192,1,0,191,182,16239,5,0,0,5,10
2020-09-18,US,North Dakota,Rolette,153,3,0,48.77245354,-99.84097493,38079.0,1079.2889390519188,1.96078431372549,150,147,3,0,144,144,14301,6,0,0,6,3
2020-09-18,US,North Dakota,Sargent,44,0,0,46.10830372,-97.63217159,38081.0,1128.783991790662,0.0,44,40,0,0,40,36,3870,4,0,0,4,4
2020-09-18,US,North Dakota,Sheridan,9,0,0,47.57700669,-100.3426391,38083.0,684.4106463878327,0.0,9,9,0,0,9,9,1349,0,0,0,0,0
2020-09-18,US,North Dakota,Sioux,138,3,0,46.11323337,-101.04401490000001,38085.0,3262.4113475177305,2.1739130434782608,135,138,3,0,135,138,4358,0,0,0,0,0
2020-09-18,US,North Dakota,Slope,7,0,0,46.44737738,-103.4601547,38087.0,933.3333333333336,0.0,7,7,0,0,7,7,763,0,0,0,0,0
2020-09-18,US,North Dakota,Stark,1248,6,0,46.80851182,-102.65763259999999,38089.0,3963.2887675061133,0.4807692307692308,1242,1193,6,0,1187,1129,30997,55,0,0,55,64
2020-09-18,US,North Dakota,Steele,27,0,0,47.45611548,-97.72728747,38091.0,1428.5714285714291,0.0,27,27,0,0,27,26,1903,0,0,0,0,1
2020-09-18,US,North Dakota,Stutsman,472,3,0,46.97962541,-98.95637318,38093.0,2279.7527047913445,0.6355932203389829,469,469,3,0,466,467,20917,3,0,0,3,2
2020-09-18,US,North Dakota,Towner,12,0,0,48.68565745,-99.24564265,38095.0,548.1955230698949,0.0,12,11,0,0,11,11,2192,1,0,0,1,0
2020-09-18,US,North Dakota,Traill,93,0,0,47.45367788,-97.16323288,38097.0,1157.2921851667495,0.0,93,90,0,0,90,88,8037,3,0,0,3,2
2020-09-18,US,North Dakota,Walsh,168,1,0,48.36876964,-97.72574783,38099.0,1578.798985057795,0.5952380952380952,167,166,1,0,165,166,10667,2,0,0,2,0
2020-09-18,US,North Dakota,Ward,852,4,0,48.22390169,-101.54367629999999,38101.0,1259.5910764181488,0.4694835680751174,848,800,4,0,796,767,67744,52,0,0,52,33
2020-09-18,US,North Dakota,Wells,33,0,0,47.58614526,-99.65904998,38103.0,860.7198748043819,0.0,33,33,0,0,33,33,3957,0,0,0,0,0
2020-09-18,US,North Dakota,Williams,779,5,0,48.34522353,-103.4793387,38105.0,2072.414802202772,0.6418485237483954,774,759,5,0,754,742,35350,20,0,0,20,17
2020-09-18,US,Ohio,Adams,119,4,0,38.84541072,-83.4718964,39001.0,429.6339085854576,3.361344537815126,115,117,4,0,113,114,27724,2,0,0,2,3
2020-09-18,US,Ohio,Allen,1353,67,0,40.77285242,-84.10802343,39003.0,1321.9216226514638,4.951958610495197,1286,1337,67,0,1270,1324,102663,16,0,0,16,13
2020-09-18,US,Ohio,Ashland,216,4,0,40.84772277,-82.27280781,39005.0,403.85909804801435,1.851851851851852,212,212,4,0,208,206,53745,4,0,0,4,6
2020-09-18,US,Ohio,Ashtabula,638,48,0,41.70860332,-80.74830218,39007.0,656.1018500426775,7.523510971786834,590,637,48,0,589,634,97493,1,0,0,1,3
2020-09-18,US,Ohio,Athens,581,2,0,39.33425634,-82.04278644,39009.0,889.3719289114763,0.3442340791738382,579,569,2,0,567,557,65818,12,0,0,12,12
2020-09-18,US,Ohio,Auglaize,555,9,0,40.55998859,-84.22421429999999,39011.0,1215.6124058174173,1.6216216216216215,546,547,9,0,538,530,45804,8,0,0,8,17
2020-09-18,US,Ohio,Belmont,704,27,0,40.01625942,-80.9924051,39013.0,1050.652180401755,3.835227272727273,677,704,27,0,677,704,67505,0,0,0,0,0
2020-09-18,US,Ohio,Brown,272,2,0,38.93416837,-83.86788395,39015.0,626.2663473936268,0.7352941176470589,270,271,2,0,269,270,43602,1,0,0,1,1
2020-09-18,US,Ohio,Butler,5508,99,0,39.44012838,-84.57388716,39017.0,1437.6171261229752,1.7973856209150327,5409,5487,98,0,5389,5425,382378,21,1,0,20,62
2020-09-18,US,Ohio,Carroll,149,7,0,40.578968599999996,-81.09178213,39019.0,553.6152188452106,4.697986577181208,142,148,7,0,141,145,27081,1,0,0,1,3
2020-09-18,US,Ohio,Champaign,285,3,0,40.13923427,-83.76875242,39021.0,732.9304359007332,1.0526315789473684,282,283,3,0,280,281,38754,2,0,0,2,2
2020-09-18,US,Ohio,Clark,1704,38,0,39.91592258,-83.78498252,39023.0,1270.8546198996146,2.2300469483568075,1666,1693,37,0,1656,1678,134585,11,1,0,10,15
2020-09-18,US,Ohio,Clermont,1594,20,0,39.04847534,-84.15375786,39025.0,772.1820683240645,1.2547051442910917,1574,1579,19,0,1560,1562,205466,15,1,0,14,17
2020-09-18,US,Ohio,Clinton,276,13,0,39.41485808,-83.80852286,39027.0,657.6439191765154,4.710144927536232,263,275,13,0,262,274,42057,1,0,0,1,1
2020-09-18,US,Ohio,Columbiana,1914,80,0,40.76932373,-80.78094576,39029.0,1878.625482170725,4.179728317659352,1834,1907,78,0,1829,1900,102665,7,2,0,5,7
2020-09-18,US,Ohio,Coshocton,230,11,0,40.30096166,-81.91729018,39031.0,628.4153005464483,4.782608695652174,219,231,11,0,220,230,36629,-1,0,0,-1,1
2020-09-18,US,Ohio,Crawford,213,6,0,40.85065156,-82.91989099,39033.0,513.3272280329686,2.8169014084507036,207,208,6,0,202,208,41550,5,0,0,5,0
2020-09-18,US,Ohio,Cuyahoga,16981,643,0,41.424119,-81.65918339,39035.0,1374.8996009949215,3.786585006772275,16338,16907,638,0,16269,16846,1243857,74,5,0,69,61
2020-09-18,US,Ohio,Darke,752,39,0,40.13412966,-84.6194517,39037.0,1471.249975544382,5.1861702127659575,713,745,39,0,706,736,51323,7,0,0,7,9
2020-09-18,US,Ohio,Defiance,276,10,0,41.32398837,-84.49076944,39039.0,724.6567070128915,3.6231884057971016,266,269,10,0,259,263,38165,7,0,0,7,6
2020-09-18,US,Ohio,Delaware,2093,20,0,40.27942393,-83.00457058,39041.0,1000.5880187592328,0.9555661729574771,2073,2069,20,0,2049,2045,204826,24,0,0,24,24
2020-09-18,US,Ohio,Erie,880,44,0,41.36796058,-82.62904521,39043.0,1184.929846767027,5.0,836,871,44,0,827,868,74615,9,0,0,9,3
2020-09-18,US,Ohio,Fairfield,1983,50,0,39.75107189,-82.63088163,39045.0,1258.4563443207635,2.5214321734745337,1933,1976,50,0,1926,1957,155782,7,0,0,7,19
2020-09-18,US,Ohio,Fayette,223,6,0,39.56021306,-83.4562016,39047.0,781.7703768624012,2.690582959641256,217,223,6,0,217,221,28666,0,0,0,0,2
2020-09-18,US,Ohio,Franklin,25658,603,0,39.96995815,-83.01115755,39049.0,1948.5766535333805,2.3501442045365963,25055,25445,600,0,24845,25274,1310300,213,3,0,210,171
2020-09-18,US,Ohio,Fulton,228,1,0,41.60213491,-84.12571393,39051.0,541.2334425295542,0.43859649122807015,227,222,1,0,221,221,42276,6,0,0,6,1
2020-09-18,US,Ohio,Gallia,179,12,0,38.82708533,-82.31647569,39053.0,598.7022543313933,6.70391061452514,167,179,10,0,169,176,29979,0,2,0,-2,3
2020-09-18,US,Ohio,Geauga,701,47,0,41.49952319,-81.17935342,39055.0,748.539760168288,6.704707560627675,654,697,47,0,650,696,94031,4,0,0,4,1
2020-09-18,US,Ohio,Greene,1313,26,0,39.69116283,-83.89032084,39057.0,777.2128071411238,1.98019801980198,1287,1288,26,0,1262,1278,167995,25,0,0,25,10
2020-09-18,US,Ohio,Guernsey,155,7,0,40.05026529,-81.49248905,39059.0,398.71382636655954,4.516129032258065,148,154,7,0,147,153,39022,1,0,0,1,1
2020-09-18,US,Ohio,Hamilton,12622,307,0,39.19673558,-84.54502924,39061.0,1544.0265305398466,2.4322611313579463,12315,12559,307,0,12252,12466,816684,63,0,0,63,93
2020-09-18,US,Ohio,Hancock,646,9,0,41.00250487,-83.66838948,39063.0,852.4339231753822,1.3931888544891642,637,641,9,0,632,628,75930,5,0,0,5,13
2020-09-18,US,Ohio,Hardin,248,13,0,40.66015414,-83.65929931,39065.0,790.6902598437749,5.241935483870968,235,246,13,0,233,247,31480,2,0,0,2,-1
2020-09-18,US,Ohio,Harrison,60,1,0,40.29380509,-81.09068544,39067.0,398.93617021276594,1.6666666666666667,59,60,1,0,59,60,15174,0,0,0,0,0
2020-09-18,US,Ohio,Henry,290,12,0,41.333964200000004,-84.06830637,39069.0,1073.8354439754128,4.137931034482759,278,285,12,0,273,284,27086,5,0,0,5,1
2020-09-18,US,Ohio,Highland,219,3,0,39.1839264,-83.60331456,39071.0,507.4025161604226,1.3698630136986298,216,216,3,0,213,214,43058,3,0,0,3,2
2020-09-18,US,Ohio,Hocking,159,9,0,39.49537927,-82.47991446,39073.0,562.5530710444382,5.660377358490566,150,158,9,0,149,157,28385,1,0,0,1,1
2020-09-18,US,Ohio,Holmes,369,7,0,40.56163713,-81.92635677,39075.0,839.3994540491356,1.897018970189702,362,368,7,0,361,366,43892,1,0,0,1,2
2020-09-18,US,Ohio,Huron,520,7,0,41.14651175,-82.59867951,39077.0,892.458723784025,1.3461538461538465,513,520,7,0,513,517,58504,0,0,0,0,3
2020-09-18,US,Ohio,Jackson,223,4,0,39.01914254,-82.61818559999998,39079.0,687.9955573381053,1.7937219730941705,219,216,2,0,214,213,32384,7,2,0,5,3
2020-09-18,US,Ohio,Jefferson,318,4,0,40.38614126,-80.76259514,39081.0,486.796785304248,1.2578616352201255,314,317,4,0,313,316,65767,1,0,0,1,1
2020-09-18,US,Ohio,Knox,277,15,0,40.39830217,-82.42027563,39083.0,444.4658387086422,5.415162454873647,262,276,15,0,261,274,61893,1,0,0,1,2
2020-09-18,US,Ohio,Lake,1558,49,0,41.69710807,-81.23676539,39085.0,676.9527566924037,3.1450577663671373,1509,1548,49,0,1499,1536,230514,10,0,0,10,12
2020-09-18,US,Ohio,Lawrence,581,18,0,38.59743452,-82.53466552,39087.0,977.0781830718263,3.0981067125645443,563,569,18,0,551,559,59866,12,0,0,12,10
2020-09-18,US,Ohio,Licking,1835,62,0,40.09136236,-82.48185785,39089.0,1037.5320871640035,3.3787465940054497,1773,1824,61,0,1763,1809,175769,11,1,0,10,15
2020-09-18,US,Ohio,Logan,288,3,0,40.38996525,-83.76784341,39091.0,630.5832895428272,1.0416666666666667,285,289,3,0,286,284,45358,-1,0,0,-1,5
2020-09-18,US,Ohio,Lorain,2238,86,0,41.29553751,-82.15083537,39093.0,722.3246071270653,3.8427167113494187,2152,2227,86,0,2141,2217,309461,11,0,0,11,10
2020-09-18,US,Ohio,Lucas,7051,356,0,41.62101218,-83.65468618,39095.0,1646.091495699758,5.048929229896468,6695,7017,356,0,6661,6982,429899,34,0,0,34,35
2020-09-18,US,Ohio,Madison,770,12,0,39.89381073,-83.40178317,39097.0,1721.4012653417096,1.5584415584415583,758,764,12,0,752,758,44413,6,0,0,6,6
2020-09-18,US,Ohio,Mahoning,2981,279,0,41.01631101,-80.77287029,39099.0,1303.5512040685142,9.359275410935927,2702,2968,279,0,2689,2971,229642,13,0,0,13,-3
2020-09-18,US,Ohio,Marion,3054,47,0,40.58610662,-83.15736305,39101.0,4691.7487287419535,1.5389652914210872,3007,3049,47,0,3002,3049,65256,5,0,0,5,0
2020-09-18,US,Ohio,Medina,1412,38,0,41.11770589,-81.89986209999998,39103.0,785.5529469362323,2.6912181303116154,1374,1405,38,0,1367,1389,179146,7,0,0,7,16
2020-09-18,US,Ohio,Meigs,168,9,0,39.09224872,-82.0305041,39105.0,733.4002706596237,5.357142857142857,159,167,9,0,158,166,23106,1,0,0,1,1
2020-09-18,US,Ohio,Mercer,1033,17,0,40.54043046,-84.62912742,39107.0,2508.9866899834838,1.6456921587608906,1016,1020,17,0,1003,1004,40959,13,0,0,13,16
2020-09-18,US,Ohio,Miami,1326,49,0,40.0543329,-84.22871271,39109.0,1239.4029181115466,3.695324283559578,1277,1312,49,0,1263,1293,106222,14,0,0,14,19
2020-09-18,US,Ohio,Monroe,106,18,0,39.72984936,-81.08464734,39111.0,776.3292807968361,16.9811320754717,88,106,18,0,88,106,13790,0,0,0,0,0
2020-09-18,US,Ohio,Montgomery,7402,151,0,39.75394919,-84.29050975,39113.0,1392.1724623697778,2.0399891921102404,7251,7334,148,0,7186,7285,532331,68,3,0,65,49
2020-09-18,US,Ohio,Morgan,47,0,0,39.62081738,-81.85308173,39115.0,323.9591949269368,0.0,47,46,0,0,46,46,14604,1,0,0,1,0
2020-09-18,US,Ohio,Morrow,247,2,0,40.52363560000001,-82.7892599,39117.0,699.1621376811594,0.8097165991902834,245,248,2,0,246,244,35112,-1,0,0,-1,4
2020-09-18,US,Ohio,Muskingum,365,2,0,39.96575964,-81.94363275,39119.0,423.36020414081077,0.547945205479452,363,362,2,0,360,359,86183,3,0,0,3,3
2020-09-18,US,Ohio,Noble,25,0,0,39.76818851,-81.45937183,39121.0,173.3222407099279,0.0,25,24,0,0,24,24,14354,1,0,0,1,0
2020-09-18,US,Ohio,Ottawa,464,30,0,41.53781826,-83.0940185,39123.0,1144.9722393584207,6.465517241379311,434,464,30,0,434,463,40769,0,0,0,0,1
2020-09-18,US,Ohio,Paulding,101,0,0,41.11676341,-84.5801017,39125.0,540.9168808911741,0.0,101,96,0,0,96,96,18760,5,0,0,5,0
2020-09-18,US,Ohio,Perry,283,9,0,39.73508655,-82.23804971,39127.0,783.1958819947971,3.180212014134276,274,283,9,0,274,277,36033,0,0,0,0,6
2020-09-18,US,Ohio,Pickaway,2623,44,0,39.64170392,-83.0243386,39129.0,4487.058863780215,1.6774685474647353,2579,2619,44,0,2575,2612,58086,4,0,0,4,7
2020-09-18,US,Ohio,Pike,144,0,0,39.07634001,-83.06769584,39131.0,518.5078496327236,0.0,144,141,0,0,141,140,28067,3,0,0,3,1
2020-09-18,US,Ohio,Portage,1056,66,0,41.16793482,-81.19735782,39133.0,649.9821501114078,6.25,990,1045,66,0,979,1033,162927,11,0,0,11,12
2020-09-18,US,Ohio,Preble,415,13,0,39.7420247,-84.64787018,39135.0,1015.1166772662784,3.132530120481928,402,411,13,0,398,411,40997,4,0,0,4,0
2020-09-18,US,Ohio,Putnam,528,23,0,41.02094889,-84.1336111,39137.0,1559.3160272880305,4.356060606060606,505,509,19,0,490,504,33780,19,4,0,15,5
2020-09-18,US,Ohio,Richland,775,18,0,40.77180308,-82.53799609999999,39139.0,639.6817273882826,2.3225806451612905,757,769,18,0,751,761,121099,6,0,0,6,8
2020-09-18,US,Ohio,Ross,848,22,0,39.33705391,-83.06000914,39141.0,1106.096574752824,2.5943396226415096,826,843,22,0,821,838,76931,5,0,0,5,5
2020-09-18,US,Ohio,Sandusky,552,20,0,41.35624126,-83.137872,39143.0,943.299497590485,3.6231884057971016,532,550,20,0,530,547,58799,2,0,0,2,3
2020-09-18,US,Ohio,Scioto,455,6,0,38.80270163,-82.98907345,39145.0,604.1373449823408,1.3186813186813189,449,449,6,0,443,446,75502,6,0,0,6,3
2020-09-18,US,Ohio,Seneca,429,14,0,41.12351311,-83.12783209,39147.0,777.4837797672984,3.2634032634032635,415,418,14,0,404,416,55207,11,0,0,11,2
2020-09-18,US,Ohio,Shelby,559,9,0,40.33163494,-84.20258189,39149.0,1150.4424778761065,1.6100178890876566,550,542,8,0,534,526,48627,17,1,0,16,16
2020-09-18,US,Ohio,Stark,2706,168,0,40.81482476,-81.36437305,39151.0,730.1554750867497,6.208425720620843,2538,2673,168,0,2505,2645,371574,33,0,0,33,28
2020-09-18,US,Ohio,Summit,5056,248,0,41.12464734,-81.53123079,39153.0,934.5431625487744,4.905063291139242,4808,5020,246,0,4774,4948,541918,36,2,0,34,72
2020-09-18,US,Ohio,Trumbull,1841,131,0,41.31735028,-80.76109643,39155.0,929.9200905169363,7.1156979902227055,1710,1837,131,0,1706,1829,198627,4,0,0,4,8
2020-09-18,US,Ohio,Tuscarawas,908,19,0,40.44214695,-81.47226262,39157.0,987.0960026960333,2.092511013215859,889,907,19,0,888,903,92176,1,0,0,1,4
2020-09-18,US,Ohio,Union,474,2,0,40.30016061,-83.37239023,39159.0,803.5532650708618,0.4219409282700422,472,462,2,0,460,449,57835,12,0,0,12,13
2020-09-18,US,Ohio,Van Wert,111,3,0,40.8554138,-84.59111700000003,39161.0,392.5729442970822,2.702702702702702,108,111,3,0,108,108,28281,0,0,0,0,3
2020-09-18,US,Ohio,Vinton,45,3,0,39.25208988,-82.4831444,39163.0,343.90523500191057,6.666666666666668,42,45,3,0,42,45,13139,0,0,0,0,0
2020-09-18,US,Ohio,Warren,2876,48,0,39.42581994,-84.16557457,39165.0,1225.9060025063725,1.6689847009735743,2828,2856,48,0,2808,2818,232173,20,0,0,20,38
2020-09-18,US,Ohio,Washington,242,23,0,39.45690571,-81.49121382,39167.0,403.9324998748143,9.504132231404961,219,242,23,0,219,242,60155,0,0,0,0,0
2020-09-18,US,Ohio,Wayne,893,66,0,40.82925852,-81.88844833,39169.0,771.7569786535304,7.390817469204927,827,892,66,0,826,888,115967,1,0,0,1,4
2020-09-18,US,Ohio,Williams,195,3,0,41.56052014,-84.58429552,39171.0,531.4509974926415,1.5384615384615383,192,188,3,0,185,185,36804,7,0,0,7,3
2020-09-18,US,Ohio,Wood,1646,71,0,41.36224827,-83.62285108,39173.0,1258.2462523983886,4.313487241798299,1575,1622,71,0,1551,1590,130696,24,0,0,24,32
2020-09-18,US,Ohio,Wyandot,200,12,0,40.84339621,-83.30734173,39175.0,918.6110600771632,6.0,188,200,12,0,188,199,21935,0,0,0,0,1
2020-09-18,US,Oklahoma,Adair,562,10,0,35.88494195,-94.65859267,40001.0,2532.215914211048,1.7793594306049825,552,559,10,0,549,545,22082,3,0,0,3,14
2020-09-18,US,Oklahoma,Alfalfa,42,0,0,36.73090616,-98.32408495,40003.0,736.5836548579448,0.0,42,39,0,0,39,37,5754,3,0,0,3,2
2020-09-18,US,Oklahoma,Atoka,250,1,0,34.37366573,-96.03802487,40005.0,1817.124582061346,0.4,249,246,1,0,245,246,13838,4,0,0,4,0
2020-09-18,US,Oklahoma,Beaver,47,0,0,36.7496847,-100.4758872,40007.0,884.9557522123894,0.0,47,47,0,0,47,47,5319,0,0,0,0,0
2020-09-18,US,Oklahoma,Beckham,239,1,0,35.26862449,-99.68128023,40009.0,1093.3711514707902,0.41841004184100417,238,221,1,0,220,200,21709,18,0,0,18,21
2020-09-18,US,Oklahoma,Blaine,106,1,0,35.87518314,-98.43307003,40011.0,1124.191324636759,0.9433962264150944,105,103,1,0,102,99,9485,3,0,0,3,4
2020-09-18,US,Oklahoma,Bryan,803,4,0,33.96472458,-96.25903472,40013.0,1673.090946973643,0.49813200498132,799,784,4,0,780,778,47192,19,0,0,19,6
2020-09-18,US,Oklahoma,Caddo,682,20,0,35.17364557,-98.37534464,40015.0,2371.1842013768164,2.9325513196480935,662,671,20,0,651,668,28977,11,0,0,11,3
2020-09-18,US,Oklahoma,Canadian,1896,16,0,35.5426055,-97.98465569,40017.0,1278.4378244979973,0.8438818565400844,1880,1827,16,0,1811,1798,144447,69,0,0,69,29
2020-09-18,US,Oklahoma,Carter,496,8,0,34.25103751,-97.28552485,40019.0,1030.9492631622709,1.6129032258064515,488,489,8,0,481,479,48177,7,0,0,7,10
2020-09-18,US,Oklahoma,Cherokee,967,7,0,35.90692775,-94.99980896,40021.0,1987.381055141089,0.7238883143743536,960,940,7,0,933,910,48675,27,0,0,27,30
2020-09-18,US,Oklahoma,Choctaw,293,2,0,34.02807439,-95.54771129,40023.0,1997.001090512541,0.6825938566552902,291,295,2,0,293,286,14668,-2,0,0,-2,9
2020-09-18,US,Oklahoma,Cimarron,23,0,0,36.74817177,-102.5173885,40025.0,1076.2751520823583,0.0,23,22,0,0,22,22,2153,1,0,0,1,0
2020-09-18,US,Oklahoma,Cleveland,5397,68,0,35.20413532,-97.32519562,40027.0,1900.2584379643256,1.2599592366129329,5329,5290,68,0,5222,5232,281669,107,0,0,107,58
2020-09-18,US,Oklahoma,Coal,70,0,0,34.58840127,-96.29798747,40029.0,1273.8853503184716,0.0,70,67,0,0,67,66,5520,3,0,0,3,1
2020-09-18,US,Oklahoma,Comanche,1442,12,0,34.65973764,-98.47195055,40031.0,1194.2127885117059,0.8321775312066574,1430,1427,12,0,1415,1414,120422,15,0,0,15,13
2020-09-18,US,Oklahoma,Cotton,64,3,0,34.28845626,-98.37053567,40033.0,1129.5446523120368,4.6875,61,65,3,0,62,65,5776,-1,0,0,-1,0
2020-09-18,US,Oklahoma,Craig,403,1,0,36.76268118,-95.20916602,40035.0,2849.667656625654,0.2481389578163772,402,400,1,0,399,399,14306,3,0,0,3,1
2020-09-18,US,Oklahoma,Creek,1032,29,0,35.90230551,-96.37086028,40037.0,1442.9126702273431,2.810077519379845,1003,1017,29,0,988,1011,71604,15,0,0,15,6
2020-09-18,US,Oklahoma,Custer,467,0,0,35.63853802,-99.00170785,40039.0,1610.178257421646,0.0,467,450,0,0,450,433,29036,17,0,0,17,17
2020-09-18,US,Oklahoma,Delaware,670,23,0,36.40823634,-94.80325046,40041.0,1557.8134808993466,3.4328358208955225,647,661,23,0,638,653,42733,9,0,0,9,8
2020-09-18,US,Oklahoma,Dewey,55,1,0,35.98772922,-99.00730714,40043.0,1124.5144142302188,1.818181818181818,54,54,1,0,53,51,4894,1,0,0,1,3
2020-09-18,US,Oklahoma,Ellis,7,0,0,36.218019399999996,-99.75324573,40045.0,181.3941435605079,0.0,7,7,0,0,7,7,3952,0,0,0,0,0
2020-09-18,US,Oklahoma,Garfield,1438,18,0,36.3791334,-97.78265517,40047.0,2355.214884696017,1.2517385257301807,1420,1402,18,0,1384,1382,60913,36,0,0,36,20
2020-09-18,US,Oklahoma,Garvin,327,4,0,34.70418038,-97.30811132,40049.0,1180.0368084876045,1.2232415902140672,323,323,4,0,319,322,27811,4,0,0,4,1
2020-09-18,US,Oklahoma,Grady,818,10,0,35.0167709,-97.88339847,40051.0,1465.0571336461649,1.2224938875305624,808,783,8,0,775,749,55551,35,2,0,33,34
2020-09-18,US,Oklahoma,Grant,37,0,0,36.796296999999996,-97.78638765,40053.0,853.9118393722594,0.0,37,37,0,0,37,36,4326,0,0,0,0,1
2020-09-18,US,Oklahoma,Greer,101,8,0,34.93535801,-99.56056120000001,40055.0,1768.2072829131653,7.920792079207921,93,101,8,0,93,99,5821,0,0,0,0,2
2020-09-18,US,Oklahoma,Harmon,43,0,0,34.7440135,-99.84741652,40057.0,1620.8066339992456,0.0,43,43,0,0,43,44,2664,0,0,0,0,-1
2020-09-18,US,Oklahoma,Harper,26,1,0,36.78836519,-99.6679804,40059.0,704.9891540130153,3.8461538461538463,25,25,0,0,25,25,3797,1,1,0,0,0
2020-09-18,US,Oklahoma,Haskell,249,4,0,35.22257600000001,-95.11513306,40061.0,1971.9648372535046,1.606425702811245,245,242,4,0,238,233,12668,7,0,0,7,9
2020-09-18,US,Oklahoma,Hughes,272,4,0,35.04912569,-96.24921145,40063.0,2048.3470140823856,1.4705882352941178,268,269,4,0,265,267,13335,3,0,0,3,2
2020-09-18,US,Oklahoma,Jackson,691,10,0,34.58781741,-99.41138784,40065.0,2816.958825927436,1.447178002894356,681,684,10,0,674,670,24949,7,0,0,7,14
2020-09-18,US,Oklahoma,Jefferson,41,0,0,34.11130184,-97.83182974,40067.0,683.1056314561813,0.0,41,39,0,0,39,38,6123,2,0,0,2,1
2020-09-18,US,Oklahoma,Johnston,138,4,0,34.31440473,-96.66011537,40069.0,1244.9255751014884,2.898550724637681,134,130,4,0,126,129,10949,8,0,0,8,1
2020-09-18,US,Oklahoma,Kay,482,13,0,36.81799745,-97.14421435,40071.0,1107.0788736276356,2.6970954356846475,469,472,13,0,459,459,44161,10,0,0,10,13
2020-09-18,US,Oklahoma,Kingfisher,313,2,0,35.94530008,-97.94193268,40073.0,1985.4107199492544,0.6389776357827476,311,310,2,0,308,308,15816,3,0,0,3,2
2020-09-18,US,Oklahoma,Kiowa,62,2,0,34.91671958,-98.97720696,40075.0,711.9889756545705,3.2258064516129035,60,62,2,0,60,61,8729,0,0,0,0,1
2020-09-18,US,Oklahoma,Latimer,129,2,0,34.87844729,-95.25215049,40077.0,1280.6512459048945,1.5503875968992251,127,128,2,0,126,127,10231,1,0,0,1,1
2020-09-18,US,Oklahoma,Le Flore,966,17,0,34.89851864,-94.70392124,40079.0,1937.6968286763085,1.7598343685300206,949,941,16,0,925,904,49980,25,1,0,24,37
2020-09-18,US,Oklahoma,Lincoln,379,10,0,35.70270942,-96.8812462,40081.0,1086.676032915675,2.638522427440633,369,375,10,0,365,371,34920,4,0,0,4,4
2020-09-18,US,Oklahoma,Logan,387,1,0,35.91899576,-97.44352845,40083.0,806.0652767074213,0.25839793281653745,386,378,1,0,377,374,47291,9,0,0,9,4
2020-09-18,US,Oklahoma,Love,159,1,0,33.95273467,-97.23906784,40085.0,1550.765629571833,0.6289308176100629,158,157,1,0,156,155,10134,2,0,0,2,2
2020-09-18,US,Oklahoma,Major,69,1,0,36.31149996,-98.53467076,40093.0,904.443570585922,1.4492753623188406,68,70,1,0,69,70,7644,-1,0,0,-1,0
2020-09-18,US,Oklahoma,Marshall,169,1,0,34.02311222,-96.76855464,40095.0,998.1690390408127,0.591715976331361,168,166,1,0,165,163,16806,3,0,0,3,3
2020-09-18,US,Oklahoma,Mayes,528,10,0,36.30179091,-95.23175116,40097.0,1284.6715328467153,1.893939393939394,518,513,10,0,503,508,41107,15,0,0,15,5
2020-09-18,US,Oklahoma,McClain,755,6,0,35.01123903,-97.44572302,40087.0,1865.3950684389981,0.7947019867549668,749,732,6,0,726,727,39985,23,0,0,23,5
2020-09-18,US,Oklahoma,McCurtain,1201,33,0,34.11664328,-94.77222373,40089.0,3658.01656920078,2.747710241465445,1168,1188,33,0,1155,1173,32703,13,0,0,13,15
2020-09-18,US,Oklahoma,McIntosh,290,4,0,35.37235506,-95.66599306,40091.0,1479.893855888957,1.3793103448275863,286,285,4,0,281,280,19815,5,0,0,5,5
2020-09-18,US,Oklahoma,Murray,113,1,0,34.48116015,-97.06826283,40099.0,802.9560150643075,0.8849557522123894,112,110,1,0,109,111,13953,3,0,0,3,-1
2020-09-18,US,Oklahoma,Muskogee,1665,21,0,35.61318461,-95.37802952,40101.0,2448.637439887054,1.2612612612612613,1644,1651,21,0,1630,1638,68362,14,0,0,14,13
2020-09-18,US,Oklahoma,Noble,139,2,0,36.38953329,-97.22928674,40103.0,1248.764711167011,1.4388489208633093,137,139,2,0,137,138,11289,0,0,0,0,1
2020-09-18,US,Oklahoma,Nowata,130,3,0,36.79843529,-95.61902331,40105.0,1290.1945216355693,2.3076923076923075,127,127,3,0,124,126,10218,3,0,0,3,1
2020-09-18,US,Oklahoma,Okfuskee,126,4,0,35.46485198,-96.32639984,40107.0,1050.6128575002085,3.1746031746031744,122,127,4,0,123,120,12098,-1,0,0,-1,7
2020-09-18,US,Oklahoma,Oklahoma,16177,180,0,35.55140095,-97.40716948,40109.0,2028.631836615945,1.1126908573901215,15997,15859,178,0,15681,15694,792582,318,2,0,316,165
2020-09-18,US,Oklahoma,Okmulgee,755,5,0,35.64661916,-95.96432828,40111.0,1962.823345898869,0.6622516556291391,750,747,5,0,742,736,38335,8,0,0,8,11
2020-09-18,US,Oklahoma,Osage,766,13,0,36.62888819,-96.39635704,40113.0,1631.071268871239,1.6971279373368149,753,755,13,0,742,752,47014,11,0,0,11,3
2020-09-18,US,Oklahoma,Ottawa,764,4,0,36.83532655,-94.81011909,40115.0,2454.460757541684,0.5235602094240838,760,756,4,0,752,742,31175,8,0,0,8,14
2020-09-18,US,Oklahoma,Pawnee,237,3,0,36.31743373,-96.70331759999999,40117.0,1447.2398632144602,1.2658227848101269,234,237,3,0,234,235,16390,0,0,0,0,2
2020-09-18,US,Oklahoma,Payne,1966,6,0,36.07695283,-96.97584944,40119.0,2403.8931820404973,0.3051881993896236,1960,1928,5,0,1923,1879,82040,38,1,0,37,49
2020-09-18,US,Oklahoma,Pittsburg,856,19,0,34.92065823,-95.75134320000001,40121.0,1960.8741466990423,2.2196261682242997,837,849,19,0,830,840,43877,7,0,0,7,9
2020-09-18,US,Oklahoma,Pontotoc,338,3,0,34.72959848,-96.68337199,40123.0,882.8753526277296,0.8875739644970414,335,327,3,0,324,309,38247,11,0,0,11,18
2020-09-18,US,Oklahoma,Pottawatomie,1145,9,0,35.20614018,-96.94923008,40125.0,1577.308794357505,0.7860262008733624,1136,1126,9,0,1117,1100,72679,19,0,0,19,26
2020-09-18,US,Oklahoma,Pushmataha,144,1,0,34.41635232,-95.37603505,40127.0,1297.7649603460707,0.6944444444444444,143,139,1,0,138,139,11179,5,0,0,5,0
2020-09-18,US,Oklahoma,Roger Mills,23,1,0,35.68711719,-99.69666167,40129.0,641.920178621267,4.3478260869565215,22,21,1,0,20,20,3656,2,0,0,2,1
2020-09-18,US,Oklahoma,Rogers,1647,46,0,36.37004357,-95.60406759,40131.0,1781.3301030727137,2.792956891317547,1601,1627,46,0,1581,1601,91984,20,0,0,20,26
2020-09-18,US,Oklahoma,Seminole,395,5,0,35.16478725,-96.61686741,40133.0,1628.3287987468052,1.2658227848101269,390,393,5,0,388,385,24578,2,0,0,2,8
2020-09-18,US,Oklahoma,Sequoyah,766,10,0,35.49447108,-94.75463785,40135.0,1842.7193341191755,1.3054830287206267,756,750,9,0,741,730,41179,16,1,0,15,20
2020-09-18,US,Oklahoma,Stephens,361,5,0,34.48556989,-97.85141892,40137.0,836.7521961847807,1.3850415512465375,356,356,5,0,351,350,43265,5,0,0,5,6
2020-09-18,US,Oklahoma,Texas,1402,8,0,36.74777635,-101.4889765,40139.0,7015.963569033679,0.5706134094151213,1394,1393,8,0,1385,1375,20455,9,0,0,9,18
2020-09-18,US,Oklahoma,Tillman,81,2,0,34.37288446,-98.92426619,40141.0,1117.2413793103447,2.469135802469136,79,81,2,0,79,81,7348,0,0,0,0,0
2020-09-18,US,Oklahoma,Tulsa,15794,152,0,36.11939621,-95.94013939,40143.0,2424.058248612544,0.9623907813093578,15642,15654,151,0,15503,15469,648360,140,1,0,139,185
2020-09-18,US,Oklahoma,Unassigned,51,0,0,0.0,0.0,90040.0,0.0,0.0,51,61,0,0,61,56,,-10,0,0,-10,5
2020-09-18,US,Oklahoma,Wagoner,1379,23,0,35.96024096,-95.51911308,40145.0,1696.4164893158975,1.6678752719361856,1356,1364,23,0,1341,1353,80110,15,0,0,15,11
2020-09-18,US,Oklahoma,Washington,942,40,0,36.71380786,-95.90514104,40147.0,1828.1677567100744,4.246284501061571,902,939,40,0,899,934,51843,3,0,0,3,5
2020-09-18,US,Oklahoma,Washita,51,0,0,35.29071824,-98.99180434,40149.0,467.204104067424,0.0,51,50,0,0,50,48,11127,1,0,0,1,2
2020-09-18,US,Oklahoma,Woods,93,0,0,36.76705782,-98.86573064,40151.0,1057.6595018764926,0.0,93,41,0,0,41,35,8897,52,0,0,52,6
2020-09-18,US,Oklahoma,Woodward,178,0,0,36.42316318,-99.26283045,40153.0,880.7085250606108,0.0,178,175,0,0,175,168,20222,3,0,0,3,7
2020-09-18,US,Oregon,Baker,90,2,0,44.70915557,-117.6749883,41001.0,558.1741503349044,2.2222222222222223,88,89,2,0,87,89,16006,1,0,0,1,0
2020-09-18,US,Oregon,Benton,251,6,0,44.49167306,-123.4316987,41003.0,269.7387510343568,2.3904382470119523,245,247,6,0,241,245,92101,4,0,0,4,2
2020-09-18,US,Oregon,Clackamas,2226,61,0,45.18787398,-122.2179634,41005.0,532.2977519626387,2.740341419586702,2165,2199,61,0,2138,2186,416075,27,0,0,27,13
2020-09-18,US,Oregon,Clatsop,109,0,0,45.99712889,-123.660711,41007.0,270.98249801113764,0.0,109,106,0,0,106,105,39764,3,0,0,3,1
2020-09-18,US,Oregon,Columbia,148,1,0,45.94464254,-123.08908980000001,41009.0,282.6909118691981,0.6756756756756757,147,148,1,0,147,145,52377,0,0,0,0,3
2020-09-18,US,Oregon,Coos,136,0,0,43.17406868,-124.0594514,41011.0,210.8952191914649,0.0,136,134,0,0,134,134,64389,2,0,0,2,0
2020-09-18,US,Oregon,Crook,60,1,0,44.14230227,-120.356297,41013.0,245.86133420750699,1.6666666666666667,59,60,1,0,59,60,23867,0,0,0,0,0
2020-09-18,US,Oregon,Curry,26,0,0,42.45911325,-124.15728200000001,41015.0,113.41330425299893,0.0,26,26,0,0,26,26,22813,0,0,0,0,0
2020-09-18,US,Oregon,Deschutes,746,12,0,43.91570171,-121.2289121,41017.0,377.354672925561,1.6085790884718498,734,739,12,0,727,732,191996,7,0,0,7,7
2020-09-18,US,Oregon,Douglas,200,3,0,43.27941273,-123.16729099999999,41019.0,180.21265092809517,1.5,197,195,3,0,192,194,110283,5,0,0,5,1
2020-09-18,US,Oregon,Gilliam,7,0,0,45.37160076,-120.20488689999999,41021.0,366.1087866108786,0.0,7,7,0,0,7,7,1894,0,0,0,0,0
2020-09-18,US,Oregon,Grant,8,0,0,44.49024544,-119.0068631,41023.0,111.12654535352131,0.0,8,10,0,0,10,8,7176,-2,0,0,-2,2
2020-09-18,US,Oregon,Harney,12,0,0,43.06422669,-118.96663059999999,41025.0,162.31570404436633,0.0,12,12,0,0,12,12,7329,0,0,0,0,0
2020-09-18,US,Oregon,Hood River,241,0,0,45.51872811,-121.65520359999998,41027.0,1030.7073817466428,0.0,241,240,0,0,240,239,23428,1,0,0,1,1
2020-09-18,US,Oregon,Jackson,1021,3,0,42.43201126,-122.72893090000001,41029.0,462.1080454775872,0.2938295788442703,1018,1007,3,0,1004,994,219564,14,0,0,14,13
2020-09-18,US,Oregon,Jefferson,505,8,0,44.62806839,-121.17832,41031.0,2048.0168707924404,1.5841584158415842,497,503,8,0,495,496,24192,2,0,0,2,7
2020-09-18,US,Oregon,Josephine,180,2,0,42.3665549,-123.5561938,41033.0,205.7448535210945,1.1111111111111112,178,180,2,0,178,180,87393,0,0,0,0,0
2020-09-18,US,Oregon,Klamath,269,2,0,42.68762984,-121.64964609999998,41035.0,394.2085055247809,0.7434944237918215,267,267,2,0,265,260,67653,2,0,0,2,7
2020-09-18,US,Oregon,Lake,29,0,0,42.79246693,-120.38501629999999,41037.0,368.5347566399797,0.0,29,29,0,0,29,29,7879,0,0,0,0,0
2020-09-18,US,Oregon,Lane,933,14,0,43.93727035,-122.847753,41039.0,244.19800715581292,1.5005359056806002,919,913,14,0,899,890,379611,20,0,0,20,23
2020-09-18,US,Oregon,Lincoln,470,13,0,44.64252874,-123.86991200000001,41041.0,940.7149433569513,2.765957446808511,457,470,13,0,457,470,49388,0,0,0,0,0
2020-09-18,US,Oregon,Linn,454,13,0,44.48899494,-122.53731540000001,41043.0,349.90635765978925,2.8634361233480177,441,449,13,0,436,438,127335,5,0,0,5,11
2020-09-18,US,Oregon,Malheur,1490,23,0,43.1937027,-117.62273950000001,41045.0,4873.900101403291,1.5436241610738255,1467,1470,23,0,1447,1460,30725,20,0,0,20,10
2020-09-18,US,Oregon,Marion,4387,89,0,44.90287942,-122.58151170000001,41047.0,1261.291825034932,2.028721221791657,4298,4336,89,0,4247,4309,346868,51,0,0,51,27
2020-09-18,US,Oregon,Morrow,484,5,0,45.41846568,-119.584546,41049.0,4171.334999569077,1.033057851239669,479,477,5,0,472,476,11372,7,0,0,7,1
2020-09-18,US,Oregon,Multnomah,6743,129,0,45.54747959,-122.4169351,41051.0,829.5452448468669,1.9130950615453064,6614,6690,129,0,6561,6649,811880,53,0,0,53,41
2020-09-18,US,Oregon,Polk,493,15,0,44.90322804,-123.4128888,41053.0,572.689783353662,3.042596348884381,478,489,15,0,474,487,85234,4,0,0,4,2
2020-09-18,US,Oregon,Sherman,18,0,0,45.41501554,-120.6827834,41055.0,1011.2359550561798,0.0,18,18,0,0,18,18,1708,0,0,0,0,0
2020-09-18,US,Oregon,Tillamook,48,0,0,45.46248721,-123.712066,41057.0,177.5410563692854,0.0,48,47,0,0,47,46,26787,1,0,0,1,1
2020-09-18,US,Oregon,Umatilla,2895,41,0,45.59073056,-118.7353826,41059.0,3713.919178960872,1.4162348877374784,2854,2881,41,0,2840,2874,77516,14,0,0,14,7
2020-09-18,US,Oregon,Union,435,2,0,45.30915495,-118.0068979,41061.0,1621.0173281162658,0.4597701149425287,433,435,2,0,433,435,26461,0,0,0,0,0
2020-09-18,US,Oregon,Wallowa,28,1,0,45.57894064,-117.18353799999998,41063.0,388.457269700333,3.571428571428572,27,28,1,0,27,29,7081,0,0,0,0,-1
2020-09-18,US,Oregon,Wasco,233,3,0,45.16292781,-121.16709540000001,41065.0,873.2478824675811,1.2875536480686696,230,230,3,0,227,230,26505,3,0,0,3,0
2020-09-18,US,Oregon,Washington,4241,58,0,45.55972701,-123.0955257,41067.0,704.9628319525525,1.3676019806649375,4183,4208,58,0,4150,4180,597695,33,0,0,33,28
2020-09-18,US,Oregon,Yamhill,726,14,0,45.23330449,-123.3086963,41071.0,677.8711484593838,1.9283746556473829,712,721,14,0,707,718,107002,5,0,0,5,3
2020-09-18,US,Pennsylvania,Adams,766,25,0,39.87140411,-77.21610347,42001.0,743.6243435039656,3.2637075718015667,741,765,25,0,740,758,102811,1,0,0,1,7
2020-09-18,US,Pennsylvania,Allegheny,11578,344,0,40.46809875,-79.98167747,42003.0,952.1029238227203,2.9711521851787874,11234,11510,342,0,11168,11431,1218452,68,2,0,66,79
2020-09-18,US,Pennsylvania,Armstrong,404,16,0,40.81665618,-79.46290811,42005.0,624.0827991040395,3.96039603960396,388,399,15,0,384,394,65263,5,1,0,4,5
2020-09-18,US,Pennsylvania,Beaver,1820,112,0,40.6825484,-80.34921611,42007.0,1110.2367488363866,6.153846153846153,1708,1814,111,0,1703,1804,164742,6,1,0,5,10
2020-09-18,US,Pennsylvania,Bedford,223,6,0,40.00522157,-78.48998442,42009.0,465.66989642499163,2.690582959641256,217,222,6,0,216,219,48176,1,0,0,1,3
2020-09-18,US,Pennsylvania,Berks,6773,387,0,40.41570541,-75.92457766,42011.0,1608.1621411136755,5.713863871253508,6386,6741,387,0,6354,6700,420152,32,0,0,32,41
2020-09-18,US,Pennsylvania,Blair,548,15,0,40.47961444,-78.34917412,42013.0,449.81080038414495,2.7372262773722627,533,540,13,0,527,537,122492,8,2,0,6,3
2020-09-18,US,Pennsylvania,Bradford,119,3,0,41.78869215,-76.51570822,42015.0,197.27135586757962,2.5210084033613445,116,118,3,0,115,116,60833,1,0,0,1,2
2020-09-18,US,Pennsylvania,Bucks,8449,598,0,40.33682119,-75.10836643,42017.0,1344.803985547615,7.077760681737484,7851,8415,597,0,7818,8359,628195,34,1,0,33,56
2020-09-18,US,Pennsylvania,Butler,976,22,0,40.91152759,-79.91351055,42019.0,519.5551841067218,2.2540983606557377,954,966,22,0,944,956,187888,10,0,0,10,10
2020-09-18,US,Pennsylvania,Cambria,537,7,0,40.49527404,-78.71377428,42021.0,412.4677399532997,1.303538175046555,530,528,7,0,521,528,131730,9,0,0,9,0
2020-09-18,US,Pennsylvania,Cameron,8,0,0,41.43625568,-78.20376845,42023.0,179.89655947830002,0.0,8,8,0,0,8,8,4492,0,0,0,0,0
2020-09-18,US,Pennsylvania,Carbon,443,28,0,40.91545395,-75.7068525,42025.0,690.2246735844943,6.320541760722348,415,440,28,0,412,439,64227,3,0,0,3,1
2020-09-18,US,Pennsylvania,Centre,1630,11,0,40.92058903,-77.82200624,42027.0,1003.7872956245959,0.6748466257668712,1619,1600,11,0,1589,1508,162805,30,0,0,30,92
2020-09-18,US,Pennsylvania,Chester,6510,364,0,39.97291773,-75.74768357,42029.0,1240.025981496755,5.591397849462366,6146,6462,362,0,6100,6401,522046,48,2,0,46,61
2020-09-18,US,Pennsylvania,Clarion,113,3,0,41.19265812,-79.42413524,42031.0,293.9799157084136,2.6548672566371683,110,113,3,0,110,112,38779,0,0,0,0,1
2020-09-18,US,Pennsylvania,Clearfield,295,1,0,41.00110782,-78.47592663,42033.0,372.2162639581099,0.3389830508474576,294,293,1,0,292,292,79388,2,0,0,2,1
2020-09-18,US,Pennsylvania,Clinton,185,5,0,41.23255967,-77.63785995,42035.0,478.87761441292196,2.702702702702702,180,185,5,0,180,176,38684,0,0,0,0,9
2020-09-18,US,Pennsylvania,Columbia,853,35,0,41.04821986,-76.40565017,42037.0,1313.0349116433715,4.1031652989449015,818,848,35,0,813,847,65456,5,0,0,5,1
2020-09-18,US,Pennsylvania,Crawford,287,3,0,41.68447709,-80.10760592,42039.0,339.1272495243947,1.0452961672473868,284,283,3,0,280,263,85063,4,0,0,4,20
2020-09-18,US,Pennsylvania,Cumberland,1739,75,0,40.1625372,-77.26130755,42041.0,686.3480285748118,4.312823461759631,1664,1716,74,0,1642,1701,251423,23,1,0,22,15
2020-09-18,US,Pennsylvania,Dauphin,3662,171,0,40.41377078,-76.77993242,42043.0,1315.850937301248,4.669579464773348,3491,3644,170,0,3474,3620,277097,18,1,0,17,24
2020-09-18,US,Pennsylvania,Delaware,11075,747,0,39.91680171,-75.40243663,42045.0,1954.1347373695846,6.744920993227991,10328,11044,747,0,10297,11006,564751,31,0,0,31,38
2020-09-18,US,Pennsylvania,Elk,67,2,0,41.42822061,-78.64524744,42047.0,224.00534938147774,2.985074626865672,65,67,2,0,65,66,30169,0,0,0,0,1
2020-09-18,US,Pennsylvania,Erie,1459,37,0,41.99253829,-80.03301954,42049.0,540.9152924427572,2.5359835503769705,1422,1446,37,0,1409,1439,272061,13,0,0,13,7
2020-09-18,US,Pennsylvania,Fayette,763,7,0,39.92041012,-79.64291195,42051.0,590.2192242833053,0.9174311926605504,756,759,7,0,752,755,130441,4,0,0,4,4
2020-09-18,US,Pennsylvania,Forest,14,0,0,41.51095103,-79.23229292,42053.0,193.1833862287843,0.0,14,14,0,0,14,14,7279,0,0,0,0,0
2020-09-18,US,Pennsylvania,Franklin,1701,49,0,39.92956518,-77.72157791,42055.0,1097.2282247608482,2.8806584362139915,1652,1691,49,0,1642,1679,154835,10,0,0,10,12
2020-09-18,US,Pennsylvania,Fulton,43,2,0,39.92913544,-78.11163677,42057.0,295.93943565037847,4.651162790697675,41,42,2,0,40,42,14523,1,0,0,1,0
2020-09-18,US,Pennsylvania,Greene,166,1,0,39.85746531,-80.22357106,42059.0,458.1458891066155,0.6024096385542169,165,165,1,0,164,162,36506,1,0,0,1,3
2020-09-18,US,Pennsylvania,Huntingdon,393,6,0,40.42162652,-77.97673273,42061.0,870.5475810738968,1.5267175572519085,387,393,6,0,387,393,45168,0,0,0,0,0
2020-09-18,US,Pennsylvania,Indiana,605,12,0,40.65241041,-79.08963285,42063.0,719.6127175192987,1.9834710743801651,593,596,12,0,584,568,84501,9,0,0,9,28
2020-09-18,US,Pennsylvania,Jefferson,106,2,0,41.12913106,-78.9986361,42065.0,244.0990213010938,1.8867924528301887,104,107,2,0,105,107,43641,-1,0,0,-1,0
2020-09-18,US,Pennsylvania,Juniata,173,7,0,40.53358749,-77.39975129999998,42067.0,698.6229455235634,4.0462427745664735,166,172,7,0,165,169,24704,1,0,0,1,3
2020-09-18,US,Pennsylvania,Lackawanna,2359,215,0,41.43564672,-75.60379201,42069.0,1125.0798859181396,9.114031369224248,2144,2337,215,0,2122,2332,210793,22,0,0,22,5
2020-09-18,US,Pennsylvania,Lancaster,7478,451,0,40.03904563,-76.24770128,42071.0,1370.2897435333612,6.0310243380583035,7027,7436,449,0,6987,7391,543557,42,2,0,40,45
2020-09-18,US,Pennsylvania,Lawrence,495,22,0,40.99206278,-80.33393706,42073.0,578.8661240527646,4.4444444444444455,473,492,22,0,470,490,86184,3,0,0,3,2
2020-09-18,US,Pennsylvania,Lebanon,1909,58,0,40.36680311,-76.45651841,42075.0,1346.3288032554499,3.0382399161864853,1851,1900,58,0,1842,1890,141314,9,0,0,9,10
2020-09-18,US,Pennsylvania,Lehigh,5464,346,0,40.6154815,-75.59435245,42077.0,1479.483805284335,6.332357247437774,5118,5451,345,0,5106,5428,368100,13,1,0,12,23
2020-09-18,US,Pennsylvania,Luzerne,4000,189,0,41.17823008,-75.98447579,42079.0,1260.1719504626406,4.725,3811,3989,189,0,3800,3981,317646,11,0,0,11,8
2020-09-18,US,Pennsylvania,Lycoming,617,23,0,41.34310539,-77.06629984,42081.0,544.576739424002,3.7277147487844413,594,610,23,0,587,603,113664,7,0,0,7,7
2020-09-18,US,Pennsylvania,McKean,53,2,0,41.80938602,-78.56478358,42083.0,130.46153846153842,3.7735849056603774,51,51,2,0,49,51,40968,2,0,0,2,0
2020-09-18,US,Pennsylvania,Mercer,684,13,0,41.30248872,-80.25816981,42085.0,625.0913876297705,1.9005847953216373,671,663,13,0,650,662,110683,21,0,0,21,1
2020-09-18,US,Pennsylvania,Mifflin,208,2,0,40.61116939,-77.61070738,42087.0,450.8214486973861,0.9615384615384616,206,207,2,0,205,200,46222,1,0,0,1,7
2020-09-18,US,Pennsylvania,Monroe,1771,129,0,41.05934058,-75.34031025,42089.0,1040.1066535111677,7.284020327498587,1642,1770,129,0,1641,1767,169507,1,0,0,1,3
2020-09-18,US,Pennsylvania,Montgomery,11855,869,0,40.21053671,-75.36652296,42091.0,1426.740400642665,7.330240404892451,10986,11800,869,0,10931,11738,828604,55,0,0,55,62
2020-09-18,US,Pennsylvania,Montour,162,5,0,41.03023987,-76.66345939,42093.0,888.6450905101483,3.08641975308642,157,162,5,0,157,162,18240,0,0,0,0,0
2020-09-18,US,Pennsylvania,Northampton,4349,304,0,40.75182733,-75.30471829,42095.0,1424.5704833188659,6.990112669579212,4045,4329,304,0,4025,4301,304807,20,0,0,20,28
2020-09-18,US,Pennsylvania,Northumberland,848,47,0,40.84785433,-76.70798222,42097.0,933.4786389705316,5.54245283018868,801,832,46,0,786,826,91083,16,1,0,15,6
2020-09-18,US,Pennsylvania,Perry,201,6,0,40.40206612,-77.26297447,42099.0,434.38796680497927,2.985074626865672,195,198,6,0,192,195,46139,3,0,0,3,3
2020-09-18,US,Pennsylvania,Philadelphia,35583,1784,0,40.00338507,-75.1379271,42101.0,2246.310755121005,5.013630104263272,33799,35529,1774,0,33755,35441,1584138,54,10,0,44,88
2020-09-18,US,Pennsylvania,Pike,564,21,0,41.33155042,-75.03208106,42103.0,1010.5896898349727,3.723404255319149,543,561,21,0,540,559,55933,3,0,0,3,2
2020-09-18,US,Pennsylvania,Potter,25,0,0,41.74471626,-77.89559864,42105.0,151.27677598935009,0.0,25,25,0,0,25,25,16622,0,0,0,0,0
2020-09-18,US,Pennsylvania,Schuylkill,1054,52,0,40.70497338,-76.2150785,42107.0,745.6193097008328,4.933586337760911,1002,1051,52,0,999,1046,142067,3,0,0,3,5
2020-09-18,US,Pennsylvania,Snyder,252,3,0,40.77129231,-77.06840691,42109.0,624.1949866243932,1.1904761904761905,249,243,3,0,240,236,40540,9,0,0,9,7
2020-09-18,US,Pennsylvania,Somerset,201,3,0,39.97172723,-79.02699593,42111.0,273.6667256661266,1.492537313432836,198,197,3,0,194,195,73952,4,0,0,4,2
2020-09-18,US,Pennsylvania,Sullivan,11,0,0,41.44634738,-76.51246591,42113.0,181.3386086383119,0.0,11,11,0,0,11,10,6071,0,0,0,0,1
2020-09-18,US,Pennsylvania,Susquehanna,293,28,0,41.82147784,-75.80071959,42115.0,726.5423527077963,9.55631399317406,265,291,28,0,263,290,40589,2,0,0,2,1
2020-09-18,US,Pennsylvania,Tioga,56,3,0,41.77255149,-77.25433032,42117.0,137.96161710724053,5.357142857142857,53,52,3,0,49,53,40763,4,0,0,4,-1
2020-09-18,US,Pennsylvania,Union,451,6,0,40.96188846,-77.05996014,42119.0,1003.9400752398548,1.3303769401330376,445,448,6,0,442,438,44785,3,0,0,3,10
2020-09-18,US,Pennsylvania,Venango,80,1,0,41.40323442,-79.75845449,42121.0,157.89058182679403,1.25,79,80,1,0,79,79,51266,0,0,0,0,1
2020-09-18,US,Pennsylvania,Warren,42,1,0,41.81304978,-79.26969577,42123.0,107.16746191727691,2.380952380952381,41,42,1,0,41,42,39498,0,0,0,0,0
2020-09-18,US,Pennsylvania,Washington,1268,29,0,40.19208869,-80.24582867,42125.0,612.9601430884878,2.2870662460567823,1239,1250,28,0,1222,1238,207346,18,1,0,17,12
2020-09-18,US,Pennsylvania,Wayne,211,10,0,41.64938475,-75.29956506,42127.0,410.8175463873367,4.739336492890995,201,208,10,0,198,204,51276,3,0,0,3,4
2020-09-18,US,Pennsylvania,Westmoreland,2032,50,0,40.31377979999999,-79.46615476,42129.0,582.4035035927302,2.4606299212598426,1982,2021,50,0,1971,2003,350611,11,0,0,11,18
2020-09-18,US,Pennsylvania,Wyoming,72,8,0,41.51955538,-76.01074915,42131.0,268.7168769127417,11.111111111111109,64,72,8,0,64,72,27046,0,0,0,0,0
2020-09-18,US,Pennsylvania,York,4391,138,0,39.9210089,-76.73040131,42133.0,977.82469079718,3.1427920746982463,4253,4361,136,0,4225,4333,448273,30,2,0,28,28
2020-09-18,US,Puerto Rico,Adjuntas,141,0,0,18.180117000000006,-66.754367,72001.0,723.7078478673718,0.0,141,140,0,0,140,141,,1,0,0,1,-1
2020-09-18,US,Puerto Rico,Aguada,289,0,0,18.360255,-67.17513100000001,72003.0,688.7676064729857,0.0,289,284,0,0,284,281,,5,0,0,5,3
2020-09-18,US,Puerto Rico,Aguadilla,386,0,0,18.459681,-67.12081500000001,72005.0,633.3163792679126,0.0,386,383,0,0,383,375,,3,0,0,3,8
2020-09-18,US,Puerto Rico,Aguas Buenas,238,0,0,18.251619,-66.126806,72007.0,830.4546564778952,0.0,238,232,0,0,232,230,,6,0,0,6,2
2020-09-18,US,Puerto Rico,Aibonito,140,0,0,18.131361,-66.264131,72009.0,540.5405405405405,0.0,140,139,0,0,139,138,,1,0,0,1,1
2020-09-18,US,Puerto Rico,Anasco,209,0,0,18.287985,-67.120611,72011.0,714.2613034414409,0.0,209,209,0,0,209,206,,0,0,0,0,3
2020-09-18,US,Puerto Rico,Arecibo,662,0,0,18.406631,-66.675077,72013.0,686.4371630029034,0.0,662,628,0,0,628,608,,34,0,0,34,20
2020-09-18,US,Puerto Rico,Arroyo,153,0,0,17.998457000000005,-66.056546,72015.0,781.6091954022987,0.0,153,149,0,0,149,148,,4,0,0,4,1
2020-09-18,US,Puerto Rico,Barceloneta,187,0,0,18.445532999999998,-66.56053100000001,72017.0,753.5460992907801,0.0,187,160,0,0,160,154,,27,0,0,27,6
2020-09-18,US,Puerto Rico,Barranquitas,393,0,0,18.201592,-66.30963,72019.0,1296.2596477340194,0.0,393,388,0,0,388,378,,5,0,0,5,10
2020-09-18,US,Puerto Rico,Bayamon,3152,0,0,18.34946,-66.168435,72021.0,1514.5399680947164,0.0,3152,3108,0,0,3108,3076,,44,0,0,44,32
2020-09-18,US,Puerto Rico,Cabo Rojo,301,0,0,18.040993,-67.154391,72023.0,591.1581593573858,0.0,301,300,0,0,300,295,,1,0,0,1,5
2020-09-18,US,Puerto Rico,Caguas,1344,0,0,18.211615,-66.050779,72025.0,940.5639184564676,0.0,1344,1321,0,0,1321,1294,,23,0,0,23,27
2020-09-18,US,Puerto Rico,Camuy,227,0,0,18.418578,-66.860206,72027.0,645.6383856196137,0.0,227,221,0,0,221,214,,6,0,0,6,7
2020-09-18,US,Puerto Rico,Canovanas,606,0,0,18.328802,-65.887612,72029.0,1271.826729348556,0.0,606,598,0,0,598,590,,8,0,0,8,8
2020-09-18,US,Puerto Rico,Carolina,2279,0,0,18.374986,-65.95683100000001,72031.0,1289.304262228307,0.0,2279,2238,0,0,2238,2199,,41,0,0,41,39
2020-09-18,US,Puerto Rico,Catano,381,0,0,18.437269,-66.14330600000001,72033.0,1353.944562899787,0.0,381,375,0,0,375,368,,6,0,0,6,7
2020-09-18,US,Puerto Rico,Cayey,312,0,0,18.102851,-66.14914,72035.0,648.3925268604917,0.0,312,308,0,0,308,304,,4,0,0,4,4
2020-09-18,US,Puerto Rico,Ceiba,104,0,0,18.251818,-65.666416,72037.0,762.9667669283252,0.0,104,102,0,0,102,100,,2,0,0,2,2
2020-09-18,US,Puerto Rico,Ciales,207,0,0,18.28885,-66.516475,72039.0,1102.119050154403,0.0,207,203,0,0,203,201,,4,0,0,4,2
2020-09-18,US,Puerto Rico,Cidra,280,0,0,18.173559,-66.161179,72041.0,643.9742410303587,0.0,280,274,0,0,274,269,,6,0,0,6,5
2020-09-18,US,Puerto Rico,Coamo,246,0,0,18.097597,-66.36014,72043.0,607.2274881516588,0.0,246,241,0,0,241,238,,5,0,0,5,3
2020-09-18,US,Puerto Rico,Comerio,204,0,0,18.224687,-66.221622,72045.0,981.8076812012706,0.0,204,201,0,0,201,198,,3,0,0,3,3
2020-09-18,US,Puerto Rico,Corozal,519,0,0,18.304264,-66.327738,72047.0,1397.339938613968,0.0,519,499,0,0,499,481,,20,0,0,20,18
2020-09-18,US,Puerto Rico,Culebra,22,0,0,18.31586,-65.28813000000001,72049.0,1210.1210121012102,0.0,22,22,0,0,22,22,,0,0,0,0,0
2020-09-18,US,Puerto Rico,Dorado,614,0,0,18.436115,-66.278669,72051.0,1608.803877898598,0.0,614,611,0,0,611,601,,3,0,0,3,10
2020-09-18,US,Puerto Rico,Fajardo,450,0,0,18.318373,-65.666866,72053.0,1216.446354715757,0.0,450,429,0,0,429,420,,21,0,0,21,9
2020-09-18,US,Puerto Rico,Florida,236,0,0,18.373715,-66.560488,72054.0,1861.198738170347,0.0,236,232,0,0,232,227,,4,0,0,4,5
2020-09-18,US,Puerto Rico,Guanica,89,0,0,17.982429,-66.91964300000001,72055.0,458.1252895454779,0.0,89,88,0,0,88,88,,1,0,0,1,0
2020-09-18,US,Puerto Rico,Guayama,270,0,0,18.007516,-66.13390799999999,72057.0,595.2118513293065,0.0,270,267,0,0,267,263,,3,0,0,3,4
2020-09-18,US,Puerto Rico,Guayanilla,152,0,0,18.039942,-66.79186,72059.0,704.3232473008667,0.0,152,152,0,0,152,151,,0,0,0,0,1
2020-09-18,US,Puerto Rico,Guaynabo,1473,0,0,18.345114000000002,-66.11452299999999,72061.0,1504.2277684735095,0.0,1473,1445,0,0,1445,1430,,28,0,0,28,15
2020-09-18,US,Puerto Rico,Gurabo,453,0,0,18.266461,-65.97970500000001,72063.0,998.4791377372212,0.0,453,434,0,0,434,424,,19,0,0,19,10
2020-09-18,US,Puerto Rico,Hatillo,232,0,0,18.410928,-66.79632600000001,72065.0,552.9997854742212,0.0,232,226,0,0,226,222,,6,0,0,6,4
2020-09-18,US,Puerto Rico,Hormigueros,145,0,0,18.134532,-67.113972,72067.0,840.5797101449275,0.0,145,144,0,0,144,143,,1,0,0,1,1
2020-09-18,US,Puerto Rico,Humacao,421,0,0,18.145211,-65.810174,72069.0,720.0766257311943,0.0,421,396,0,0,396,390,,25,0,0,25,6
2020-09-18,US,Puerto Rico,Isabela,239,0,0,18.44981,-67.005093,72071.0,523.7667375249282,0.0,239,236,0,0,236,235,,3,0,0,3,1
2020-09-18,US,Puerto Rico,Jayuya,219,0,0,18.211446,-66.58878,72073.0,1315.9476024516287,0.0,219,219,0,0,219,219,,0,0,0,0,0
2020-09-18,US,Puerto Rico,Juana Diaz,304,0,0,18.050764,-66.49458100000001,72075.0,380.4898807214289,0.0,304,300,0,0,300,296,,4,0,0,4,4
2020-09-18,US,Puerto Rico,Juncos,311,0,0,18.223793,-65.909109,72077.0,771.903698188136,0.0,311,300,0,0,300,297,,11,0,0,11,3
2020-09-18,US,Puerto Rico,Lajas,130,0,0,18.011661,-67.040585,72079.0,504.79555779909134,0.0,130,130,0,0,130,128,,0,0,0,0,2
2020-09-18,US,Puerto Rico,Lares,287,0,0,18.269035000000002,-66.867236,72081.0,933.2422853054986,0.0,287,278,0,0,278,273,,9,0,0,9,5
2020-09-18,US,Puerto Rico,Las Marias,94,0,0,18.23679,-66.98362,72083.0,951.3207165266672,0.0,94,92,0,0,92,91,,2,0,0,2,1
2020-09-18,US,Puerto Rico,Las Piedras,406,0,0,18.187527,-65.86946800000001,72085.0,1049.7737556561085,0.0,406,400,0,0,400,386,,6,0,0,6,14
2020-09-18,US,Puerto Rico,Loiza,222,0,0,18.425688,-65.89943000000001,72087.0,738.5229540918164,0.0,222,218,0,0,218,213,,4,0,0,4,5
2020-09-18,US,Puerto Rico,Luquillo,204,0,0,18.342114000000002,-65.72509699999999,72089.0,1016.5437512457643,0.0,204,200,0,0,200,197,,4,0,0,4,3
2020-09-18,US,Puerto Rico,Manati,452,0,0,18.420473,-66.490461,72091.0,1024.641262212953,0.0,452,448,0,0,448,443,,4,0,0,4,5
2020-09-18,US,Puerto Rico,Maricao,76,0,0,18.171795,-66.942126,72093.0,1210.9623964308478,0.0,76,75,0,0,75,71,,1,0,0,1,4
2020-09-18,US,Puerto Rico,Maunabo,107,0,0,18.017889,-65.922235,72095.0,875.2556237218814,0.0,107,104,0,0,104,104,,3,0,0,3,0
2020-09-18,US,Puerto Rico,Mayaguez,735,0,0,18.2013,-67.1452,72097.0,825.1010327795241,0.0,735,727,0,0,727,721,,8,0,0,8,6
2020-09-18,US,Puerto Rico,Moca,308,0,0,18.377805,-67.080952,72099.0,767.9074521927748,0.0,308,305,0,0,305,302,,3,0,0,3,3
2020-09-18,US,Puerto Rico,Morovis,470,0,0,18.316963,-66.420383,72101.0,1441.275682306041,0.0,470,459,0,0,459,454,,11,0,0,11,5
2020-09-18,US,Puerto Rico,Naguabo,175,0,0,18.230636999999998,-65.753897,72103.0,654.9401197604791,0.0,175,173,0,0,173,167,,2,0,0,2,6
2020-09-18,US,Puerto Rico,Naranjito,535,0,0,18.288019,-66.252703,72105.0,1759.752647852115,0.0,535,532,0,0,532,527,,3,0,0,3,5
2020-09-18,US,Puerto Rico,Orocovis,301,0,0,18.215046,-66.433604,72107.0,1285.0616914998081,0.0,301,299,0,0,299,295,,2,0,0,2,4
2020-09-18,US,Puerto Rico,Out of PR,772,0,0,0.0,0.0,72888.0,0.0,0.0,772,770,0,0,770,769,,2,0,0,2,1
2020-09-18,US,Puerto Rico,Patillas,161,0,0,18.03174,-66.012242,72109.0,835.1921979561134,0.0,161,155,0,0,155,153,,6,0,0,6,2
2020-09-18,US,Puerto Rico,Penuelas,103,0,0,18.059645,-66.721572,72111.0,424.1825220327816,0.0,103,103,0,0,103,103,,0,0,0,0,0
2020-09-18,US,Puerto Rico,Ponce,733,0,0,18.059498,-66.613748,72113.0,440.6981428150572,0.0,733,724,0,0,724,717,,9,0,0,9,7
2020-09-18,US,Puerto Rico,Quebradillas,150,0,0,18.439692,-66.926113,72115.0,578.7260310968787,0.0,150,147,0,0,147,142,,3,0,0,3,5
2020-09-18,US,Puerto Rico,Rincon,150,0,0,18.335442999999998,-67.23174,72117.0,986.8421052631579,0.0,150,149,0,0,149,148,,1,0,0,1,1
2020-09-18,US,Puerto Rico,Rio Grande,513,0,0,18.346329,-65.813742,72119.0,944.6817913965822,0.0,513,496,0,0,496,487,,17,0,0,17,9
2020-09-18,US,Puerto Rico,Sabana Grande,179,0,0,18.08282,-66.943758,72121.0,708.4900059370668,0.0,179,181,0,0,181,180,,-2,0,0,-2,1
2020-09-18,US,Puerto Rico,Salinas,375,0,0,18.010386999999994,-66.256592,72123.0,1206.6413540124847,0.0,375,373,0,0,373,368,,2,0,0,2,5
2020-09-18,US,Puerto Rico,San German,218,0,0,18.111484,-67.03858100000001,72125.0,613.6178118051059,0.0,218,216,0,0,216,214,,2,0,0,2,2
2020-09-18,US,Puerto Rico,San Juan,6398,0,0,18.386933,-66.061128,72127.0,1618.4111341019816,0.0,6398,6265,0,0,6265,6153,,133,0,0,133,112
2020-09-18,US,Puerto Rico,San Lorenzo,392,0,0,18.147987,-65.976392,72129.0,954.746943348434,0.0,392,372,0,0,372,366,,20,0,0,20,6
2020-09-18,US,Puerto Rico,San Sebastian,318,0,0,18.328646,-66.971214,72131.0,749.4697148244168,0.0,318,316,0,0,316,314,,2,0,0,2,2
2020-09-18,US,Puerto Rico,Santa Isabel,149,0,0,17.994525,-66.388913,72133.0,640.199364097276,0.0,149,149,0,0,149,146,,0,0,0,0,3
2020-09-18,US,Puerto Rico,Toa Alta,1123,0,0,18.362406,-66.246616,72135.0,1516.2152674641534,0.0,1123,1094,0,0,1094,1080,,29,0,0,29,14
2020-09-18,US,Puerto Rico,Toa Baja,1090,0,0,18.431445999999998,-66.213553,72137.0,1216.3956745416197,0.0,1090,1069,0,0,1069,1055,,21,0,0,21,14
2020-09-18,US,Puerto Rico,Trujillo Alto,897,0,0,18.336159,-65.99888399999999,72139.0,1198.5248924400735,0.0,897,874,0,0,874,868,,23,0,0,23,6
2020-09-18,US,Puerto Rico,Unassigned,533,599,0,0.0,0.0,72999.0,0.0,112.38273921200752,-66,474,588,0,-114,483,,59,11,0,48,-9
2020-09-18,US,Puerto Rico,Utuado,125,0,0,18.271214,-66.702984,72141.0,377.08528160728827,0.0,125,122,0,0,122,118,,3,0,0,3,4
2020-09-18,US,Puerto Rico,Vega Alta,587,0,0,18.409346,-66.33725,72143.0,1469.299892368151,0.0,587,576,0,0,576,565,,11,0,0,11,11
2020-09-18,US,Puerto Rico,Vega Baja,822,0,0,18.428262,-66.397924,72145.0,1377.7613891589285,0.0,822,811,0,0,811,792,,11,0,0,11,19
2020-09-18,US,Puerto Rico,Vieques,86,0,0,18.123276,-65.44097099999999,72147.0,924.6317600258037,0.0,86,86,0,0,86,87,,0,0,0,0,-1
2020-09-18,US,Puerto Rico,Villalba,120,0,0,18.127951,-66.473115,72149.0,460.24623173397765,0.0,120,117,0,0,117,115,,3,0,0,3,2
2020-09-18,US,Puerto Rico,Yabucoa,250,0,0,18.070399,-65.896289,72151.0,658.9177934160932,0.0,250,243,0,0,243,238,,7,0,0,7,5
2020-09-18,US,Puerto Rico,Yauco,348,0,0,18.080374,-66.858814,72153.0,827.7239968603573,0.0,348,343,0,0,343,337,,5,0,0,5,6
2020-09-18,US,Rhode Island,Bristol,382,0,0,41.71018079,-71.28652315,44001.0,787.9700488871471,0.0,382,382,0,0,382,382,48649,0,0,0,0,0
2020-09-18,US,Rhode Island,Kent,1796,0,0,41.67106337,-71.57641596,44003.0,1093.175565456626,0.0,1796,1796,0,0,1796,1796,163861,0,0,0,0,0
2020-09-18,US,Rhode Island,Newport,502,0,0,41.5642026,-71.26569799,44005.0,611.5835384128068,0.0,502,502,0,0,502,502,82542,0,0,0,0,0
2020-09-18,US,Rhode Island,Providence,17941,0,0,41.87064746,-71.57753536,44007.0,2807.9714397955336,0.0,17941,17941,0,0,17941,17941,636084,0,0,0,0,0
2020-09-18,US,Rhode Island,Unassigned,2246,1088,0,0.0,0.0,90044.0,0.0,48.44167408726626,1158,2114,1085,0,1029,1984,,132,3,0,129,130
2020-09-18,US,Rhode Island,Washington,753,0,0,41.45961631,-71.61435303,44009.0,599.6320982345493,0.0,753,753,0,0,753,753,126179,0,0,0,0,0
2020-09-18,US,South Carolina,Abbeville,530,12,0,34.22333378,-82.46170658,45001.0,2160.8839238390347,2.2641509433962264,518,515,12,0,503,500,24541,15,0,0,15,15
2020-09-18,US,South Carolina,Aiken,2596,77,0,33.54338026,-81.63645384,45003.0,1519.2658832342338,2.9661016949152543,2519,2577,78,0,2499,2556,169401,19,-1,0,20,21
2020-09-18,US,South Carolina,Allendale,349,6,0,32.98837386,-81.35321066,45005.0,4017.034990791897,1.7191977077363896,343,343,6,0,337,336,8903,6,0,0,6,7
2020-09-18,US,South Carolina,Anderson,3941,159,0,34.51828081,-82.63959517,45007.0,1945.6155767730725,4.034509007866024,3782,3889,159,0,3730,3814,200482,52,0,0,52,75
2020-09-18,US,South Carolina,Bamberg,603,33,0,33.21927586,-81.05659969,45009.0,4286.933030001422,5.472636815920398,570,599,33,0,566,590,14275,4,0,0,4,9
2020-09-18,US,South Carolina,Barnwell,595,17,0,33.26679302,-81.43584352,45011.0,2851.5288028371515,2.8571428571428568,578,595,17,0,578,592,21112,0,0,0,0,3
2020-09-18,US,South Carolina,Beaufort,5370,80,0,32.39226291,-80.72619758,45013.0,2795.098947543748,1.48975791433892,5290,5342,77,0,5265,5287,188715,28,3,0,25,55
2020-09-18,US,South Carolina,Berkeley,5292,87,0,33.20222596,-79.94654523,45015.0,2321.9997630612493,1.643990929705215,5205,5275,87,0,5188,5239,221091,17,0,0,17,36
2020-09-18,US,South Carolina,Calhoun,439,17,0,33.66926881,-80.77722168,45017.0,3016.560159417302,3.87243735763098,422,441,17,0,424,439,14520,-2,0,0,-2,2
2020-09-18,US,South Carolina,Charleston,15378,255,0,32.82487866,-79.96512315,45019.0,3737.9133994156623,1.6582130316035897,15123,15332,255,0,15077,15230,405905,46,0,0,46,102
2020-09-18,US,South Carolina,Cherokee,1062,35,0,35.05122251,-81.61828622,45021.0,1853.4031413612563,3.2956685499058382,1027,1044,35,0,1009,1029,57078,18,0,0,18,15
2020-09-18,US,South Carolina,Chester,1005,21,0,34.69249168,-81.1583216,45023.0,3116.858950502419,2.08955223880597,984,1002,20,0,982,998,32251,3,1,0,2,4
2020-09-18,US,South Carolina,Chesterfield,1176,34,0,34.64137396,-80.15640140000002,45025.0,2576.122672508215,2.891156462585034,1142,1156,34,0,1122,1139,45754,20,0,0,20,17
2020-09-18,US,South Carolina,Clarendon,1065,66,0,33.66610974,-80.21647898,45027.0,3156.023114535487,6.197183098591549,999,1054,66,0,988,1045,33700,11,0,0,11,9
2020-09-18,US,South Carolina,Colleton,977,42,0,32.87582989,-80.67641292,45029.0,2593.0939299838096,4.298874104401229,935,973,42,0,931,966,37660,4,0,0,4,7
2020-09-18,US,South Carolina,Darlington,1925,51,0,34.33358335,-79.96027485,45031.0,2889.609414872857,2.6493506493506493,1874,1901,50,0,1851,1869,66802,24,1,0,23,32
2020-09-18,US,South Carolina,Dillon,938,31,0,34.39007791,-79.37741872,45033.0,3077.5287903146427,3.3049040511727084,907,920,30,0,890,913,30599,18,1,0,17,7
2020-09-18,US,South Carolina,Dorchester,3995,88,0,33.0794369,-80.40502652,45035.0,2453.7955518429567,2.202753441802253,3907,3989,88,0,3901,3963,160647,6,0,0,6,26
2020-09-18,US,South Carolina,Edgefield,531,17,0,33.77221995,-81.96231108,45037.0,1947.9090242112986,3.2015065913371004,514,526,17,0,509,521,27052,5,0,0,5,5
2020-09-18,US,South Carolina,Fairfield,735,34,0,34.39287073,-81.1195624,45039.0,3289.032084843603,4.625850340136053,701,730,32,0,698,723,22402,5,2,0,3,7
2020-09-18,US,South Carolina,Florence,4749,180,0,34.02361754,-79.70189312,45041.0,3434.013290622085,3.7902716361339235,4569,4727,178,0,4549,4689,138159,22,2,0,20,38
2020-09-18,US,South Carolina,Georgetown,1852,44,0,33.43443342,-79.33202141,45043.0,2954.690491384812,2.3758099352051842,1808,1845,44,0,1801,1837,62249,7,0,0,7,8
2020-09-18,US,South Carolina,Greenville,13634,287,0,34.89502264,-82.37295012,45045.0,2604.184573539468,2.1050315388000587,13347,13558,285,0,13273,13449,514213,76,2,0,74,109
2020-09-18,US,South Carolina,Greenwood,2121,71,0,34.15272415,-82.12715789,45047.0,2995.2973408086323,3.3474776049033474,2050,2106,70,0,2036,2086,70741,15,1,0,14,20
2020-09-18,US,South Carolina,Hampton,598,25,0,32.77419582,-81.13845571,45049.0,3111.018624492769,4.180602006688964,573,593,25,0,568,589,19351,5,0,0,5,4
2020-09-18,US,South Carolina,Horry,10057,195,0,33.9212828,-78.99555293,45051.0,2840.310550410781,1.938947996420404,9862,10013,195,0,9818,9964,344147,44,0,0,44,49
2020-09-18,US,South Carolina,Jasper,761,19,0,32.43171982,-81.02487495,45053.0,2530.5090945366273,2.4967148488830486,742,754,19,0,735,751,28971,7,0,0,7,3
2020-09-18,US,South Carolina,Kershaw,1834,36,0,34.33988254,-80.58763164,45055.0,2755.7812805217045,1.9629225736095963,1798,1824,36,0,1788,1791,65592,10,0,0,10,33
2020-09-18,US,South Carolina,Lancaster,2014,45,0,34.68270843,-80.70513032,45057.0,2054.8504264783905,2.2343594836146967,1969,2000,45,0,1955,1972,95380,14,0,0,14,28
2020-09-18,US,South Carolina,Laurens,1600,54,0,34.48244419,-82.00490796,45059.0,2370.61621205162,3.375,1546,1583,54,0,1529,1569,66994,17,0,0,17,14
2020-09-18,US,South Carolina,Lee,696,34,0,34.16393091,-80.25690731,45061.0,4135.963869740908,4.885057471264369,662,694,33,0,661,691,17142,2,1,0,1,3
2020-09-18,US,South Carolina,Lexington,6648,153,0,33.89665987,-81.27146426,45063.0,2225.2719665271966,2.3014440433212995,6495,6595,153,0,6442,6535,295032,53,0,0,53,60
2020-09-18,US,South Carolina,Marion,806,22,0,34.07859748,-79.36400756,45067.0,2629.089604331801,2.729528535980149,784,800,22,0,778,796,31039,6,0,0,6,4
2020-09-18,US,South Carolina,Marlboro,879,10,0,34.59905577,-79.67561152,45069.0,3365.495060877556,1.1376564277588168,869,875,10,0,865,867,26398,4,0,0,4,8
2020-09-18,US,South Carolina,McCormick,195,5,0,33.90161443,-82.30794338,45065.0,2060.6572968403257,2.5641025641025643,190,190,5,0,185,189,9410,5,0,0,5,1
2020-09-18,US,South Carolina,Newberry,1159,20,0,34.28629098,-81.59935761,45071.0,3015.0884495317378,1.7256255392579811,1139,1123,20,0,1103,1086,38520,36,0,0,36,37
2020-09-18,US,South Carolina,Oconee,1321,27,0,34.75225169,-83.06742317,45073.0,1660.6743268046164,2.043906131718395,1294,1311,26,0,1285,1297,78374,10,1,0,9,14
2020-09-18,US,South Carolina,Orangeburg,3027,121,0,33.4391073,-80.79886287,45075.0,3512.6196692776325,3.9973571192599935,2906,3017,122,0,2895,3006,86934,10,-1,0,11,11
2020-09-18,US,South Carolina,Pickens,2706,41,0,34.88807695,-82.72791551,45077.0,2132.6565997288862,1.5151515151515151,2665,2691,40,0,2651,2660,124937,15,1,0,14,31
2020-09-18,US,South Carolina,Richland,14220,223,0,34.01791263,-80.90267209,45079.0,3420.250674068391,1.5682137834036571,13997,14141,222,0,13919,13941,414576,79,1,0,78,200
2020-09-18,US,South Carolina,Saluda,668,20,0,34.00795823,-81.72713237,45081.0,3262.833976456797,2.9940119760479043,648,665,20,0,645,664,20544,3,0,0,3,1
2020-09-18,US,South Carolina,Spartanburg,6312,189,0,34.92960077,-81.99225984,45083.0,1973.8261644542426,2.9942965779467676,6123,6261,187,0,6074,6156,313888,51,2,0,49,105
2020-09-18,US,South Carolina,Sumter,3104,77,0,33.91826534,-80.37942316,45085.0,2908.518473402611,2.480670103092784,3027,3068,77,0,2991,3046,106512,36,0,0,36,22
2020-09-18,US,South Carolina,Union,526,11,0,34.68835752,-81.61730349,45087.0,1925.6113633035584,2.091254752851711,515,520,11,0,509,516,27410,6,0,0,6,4
2020-09-18,US,South Carolina,Williamsburg,1289,41,0,33.62190129,-79.72767442,45089.0,4244.599578503689,3.1807602792862686,1248,1281,40,0,1241,1283,30606,8,1,0,7,-2
2020-09-18,US,South Carolina,York,5040,65,0,34.97281497,-81.18085944,45091.0,1793.7283569234714,1.2896825396825398,4975,5008,64,0,4944,4943,274118,32,1,0,31,65
2020-09-18,US,South Dakota,Aurora,44,0,0,43.71757685,-98.56050467,46003.0,1599.4183933115232,0.0,44,42,0,0,42,42,2801,2,0,0,2,0
2020-09-18,US,South Dakota,Beadle,691,9,0,44.41464384,-98.27858469,46005.0,3744.648566628733,1.3024602026049203,682,679,9,0,670,674,18883,12,0,0,12,5
2020-09-18,US,South Dakota,Bennett,57,1,0,43.19486375,-101.6665572,46007.0,1693.9078751857355,1.7543859649122806,56,45,1,0,44,45,3468,12,0,0,12,0
2020-09-18,US,South Dakota,Bon Homme,74,1,0,42.98914167,-97.88592746,46009.0,1072.3083611070858,1.351351351351351,73,72,1,0,71,69,6980,2,0,0,2,3
2020-09-18,US,South Dakota,Brookings,632,2,0,44.36974375,-96.79079945,46011.0,1801.7504347578185,0.3164556962025317,630,622,2,0,620,609,35232,10,0,0,10,13
2020-09-18,US,South Dakota,Brown,1001,3,0,45.58994323,-98.35165355,46013.0,2577.306315816576,0.2997002997002997,998,979,3,0,976,959,39316,22,0,0,22,20
2020-09-18,US,South Dakota,Brule,89,0,0,43.71756379,-99.08118954,46015.0,1680.1963375495566,0.0,89,86,0,0,86,82,5229,3,0,0,3,4
2020-09-18,US,South Dakota,Buffalo,117,3,0,44.07657829,-99.20814467,46017.0,5963.302752293578,2.5641025641025643,114,115,3,0,112,113,2036,2,0,0,2,2
2020-09-18,US,South Dakota,Butte,74,1,0,44.90608745,-103.5079318,46019.0,709.5598811007768,1.351351351351351,73,73,1,0,72,69,10222,1,0,0,1,4
2020-09-18,US,South Dakota,Campbell,7,0,0,45.77074915,-100.0510181,46021.0,508.7209302325582,0.0,7,7,0,0,7,7,1377,0,0,0,0,0
2020-09-18,US,South Dakota,Charles Mix,136,0,0,43.20660134,-98.58856175,46023.0,1463.6246233318984,0.0,136,135,0,0,135,134,9338,1,0,0,1,1
2020-09-18,US,South Dakota,Clark,31,0,0,44.85834507,-97.72925109,46025.0,829.7644539614563,0.0,31,31,0,0,31,31,3739,0,0,0,0,0
2020-09-18,US,South Dakota,Clay,529,5,0,42.91296147,-96.97656917,46027.0,3759.772565742715,0.9451795841209829,524,526,5,0,521,522,14041,3,0,0,3,4
2020-09-18,US,South Dakota,Codington,662,2,0,44.97788119,-97.18827677,46029.0,2363.526009496948,0.3021148036253776,660,638,2,0,636,612,28015,24,0,0,24,26
2020-09-18,US,South Dakota,Corson,80,1,0,45.70889983,-101.1970473,46031.0,1957.9050416054824,1.25,79,78,1,0,77,77,4165,2,0,0,2,1
2020-09-18,US,South Dakota,Custer,166,2,0,43.67741105,-103.45345209999999,46033.0,1850.2006241640656,1.2048192771084338,164,166,2,0,164,163,8726,0,0,0,0,3
2020-09-18,US,South Dakota,Davison,197,2,0,43.67490933,-98.14458906,46035.0,996.2073324905183,1.0152284263959392,195,186,2,0,184,181,19790,11,0,0,11,5
2020-09-18,US,South Dakota,Day,58,0,0,45.367281,-97.60737498,46037.0,1069.3215339233036,0.0,58,52,0,0,52,52,5505,6,0,0,6,0
2020-09-18,US,South Dakota,Deuel,75,0,0,44.75994309,-96.66943645,46039.0,1723.741668581935,0.0,75,74,0,0,74,68,4337,1,0,0,1,6
2020-09-18,US,South Dakota,Dewey,112,0,0,45.15639647,-100.8709139,46041.0,1900.8825526137134,0.0,112,108,0,0,108,108,5904,4,0,0,4,0
2020-09-18,US,South Dakota,Douglas,50,0,0,43.38520741,-98.36978007,46043.0,1711.7425539198905,0.0,50,50,0,0,50,48,2935,0,0,0,0,2
2020-09-18,US,South Dakota,Edmunds,78,0,0,45.41846445,-99.21545423,46045.0,2037.0854008879605,0.0,78,73,0,0,73,72,3875,5,0,0,5,1
2020-09-18,US,South Dakota,Fall River,85,2,0,43.23929297,-103.5275691,46047.0,1266.1999106211827,2.3529411764705883,83,81,2,0,79,79,6758,4,0,0,4,2
2020-09-18,US,South Dakota,Faulk,57,1,0,45.07082625,-99.14535601,46049.0,2479.3388429752067,1.7543859649122806,56,57,1,0,56,51,2330,0,0,0,0,6
2020-09-18,US,South Dakota,Grant,85,1,0,45.1723937,-96.77002276,46051.0,1205.331820760068,1.1764705882352942,84,75,1,0,74,72,7147,10,0,0,10,3
2020-09-18,US,South Dakota,Gregory,85,1,0,43.19419064,-99.18883902,46053.0,2031.063321385902,1.1764705882352942,84,80,1,0,79,72,4212,5,0,0,5,8
2020-09-18,US,South Dakota,Haakon,15,0,0,44.29299053,-101.539099,46055.0,789.8894154818324,0.0,15,15,0,0,15,15,1918,0,0,0,0,0
2020-09-18,US,South Dakota,Hamlin,78,0,0,44.67385954,-97.18829593,46057.0,1265.4120700843607,0.0,78,77,0,0,77,77,6111,1,0,0,1,0
2020-09-18,US,South Dakota,Hand,24,0,0,44.54708407,-99.00386459,46059.0,752.1153243497338,0.0,24,22,0,0,22,22,3262,2,0,0,2,0
2020-09-18,US,South Dakota,Hanson,28,0,0,43.6746384,-97.78715148,46061.0,810.8890819577182,0.0,28,27,0,0,27,24,3376,1,0,0,1,3
2020-09-18,US,South Dakota,Harding,3,0,0,45.58015551,-103.4958629,46063.0,231.12480739599386,0.0,3,3,0,0,3,3,1249,0,0,0,0,0
2020-09-18,US,South Dakota,Hughes,290,4,0,44.39091534,-99.99661148,46065.0,1654.6844687892276,1.3793103448275863,286,268,4,0,264,179,17650,22,0,0,22,89
2020-09-18,US,South Dakota,Hutchinson,68,2,0,43.33449012,-97.75536441,46067.0,932.6567000411467,2.9411764705882355,66,67,1,0,66,65,7380,1,1,0,0,2
2020-09-18,US,South Dakota,Hyde,11,0,0,44.54747703,-99.48572582,46069.0,845.5034588777862,0.0,11,9,0,0,9,8,1282,2,0,0,2,1
2020-09-18,US,South Dakota,Jackson,20,1,0,43.69318385,-101.6255063,46071.0,598.0861244019137,5.0,19,18,1,0,17,17,3307,2,0,0,2,1
2020-09-18,US,South Dakota,Jerauld,63,1,0,44.06637798,-98.62965972,46073.0,3129.657228017884,1.5873015873015872,62,58,1,0,57,54,2043,5,0,0,5,4
2020-09-18,US,South Dakota,Jones,6,0,0,43.96278565,-100.6940008,46075.0,664.4518272425249,0.0,6,6,0,0,6,6,928,0,0,0,0,0
2020-09-18,US,South Dakota,Kingsbury,39,0,0,44.36956169,-97.4913945,46077.0,789.6335290544646,0.0,39,36,0,0,36,33,4919,3,0,0,3,3
2020-09-18,US,South Dakota,Lake,162,7,0,44.02193107,-97.12926365,46079.0,1265.9217003985311,4.320987654320987,155,155,7,0,148,155,13057,7,0,0,7,0
2020-09-18,US,South Dakota,Lawrence,312,4,0,44.35919441,-103.79294279999999,46081.0,1207.2434607645876,1.2820512820512822,308,309,4,0,305,301,25741,3,0,0,3,8
2020-09-18,US,South Dakota,Lincoln,1169,2,0,43.27841182,-96.72039050000001,46083.0,1912.380578458317,0.1710863986313088,1167,1150,2,0,1148,1142,58807,19,0,0,19,8
2020-09-18,US,South Dakota,Lyman,109,3,0,43.89522709,-99.85201878,46085.0,2882.835228775456,2.7522935779816518,106,109,3,0,106,107,3821,0,0,0,0,2
2020-09-18,US,South Dakota,Marshall,33,0,0,45.75870838,-97.59855639,46091.0,668.693009118541,0.0,33,31,0,0,31,29,5112,2,0,0,2,2
2020-09-18,US,South Dakota,McCook,78,1,0,43.6742571,-97.36863144,46087.0,1396.3480128893664,1.2820512820512822,77,78,1,0,77,77,5546,0,0,0,0,1
2020-09-18,US,South Dakota,McPherson,25,0,0,45.76626028,-99.22118798,46089.0,1050.8617065994117,0.0,25,22,0,0,22,20,2407,3,0,0,3,2
2020-09-18,US,South Dakota,Meade,430,4,0,44.56676791,-102.71627409999999,46093.0,1517.7184808696882,0.9302325581395348,426,422,3,0,419,416,28294,8,1,0,7,6
2020-09-18,US,South Dakota,Mellette,30,0,0,43.58078848,-100.7563186,46095.0,1455.604075691412,0.0,30,29,0,0,29,27,2042,1,0,0,1,2
2020-09-18,US,South Dakota,Miner,19,0,0,44.02197882,-97.60992207,46097.0,857.4007220216606,0.0,19,19,0,0,19,19,2213,0,0,0,0,0
2020-09-18,US,South Dakota,Minnehaha,6105,76,0,43.67441641,-96.7910885,46099.0,3161.017738979155,1.244881244881245,6029,6033,76,0,5957,5992,192876,72,0,0,72,41
2020-09-18,US,South Dakota,Moody,68,0,0,44.02266214,-96.67081159,46101.0,1034.0632603406323,0.0,68,65,0,0,65,63,6579,3,0,0,3,2
2020-09-18,US,South Dakota,Oglala Lakota,215,3,0,43.33749164,-102.55554980000001,46102.0,1516.5408760668688,1.3953488372093024,212,215,3,0,212,213,14309,0,0,0,0,2
2020-09-18,US,South Dakota,Pennington,1926,34,0,44.0025835,-102.8240777,46103.0,1692.8147659854974,1.7653167185877463,1892,1897,34,0,1863,1862,111729,29,0,0,29,35
2020-09-18,US,South Dakota,Perkins,28,0,0,45.49049506,-102.47555859999999,46105.0,977.3123909249564,0.0,28,27,0,0,27,27,2922,1,0,0,1,0
2020-09-18,US,South Dakota,Potter,33,0,0,45.06583079,-99.95498503,46107.0,1532.7450069670224,0.0,33,33,0,0,33,31,2207,0,0,0,0,2
2020-09-18,US,South Dakota,Roberts,139,1,0,45.62975048,-96.94672673,46109.0,1337.3099865306908,0.7194244604316546,138,139,1,0,138,131,10447,0,0,0,0,8
2020-09-18,US,South Dakota,Sanborn,17,0,0,44.02351092,-98.09098159999999,46111.0,725.2559726962457,0.0,17,17,0,0,17,17,2429,0,0,0,0,0
2020-09-18,US,South Dakota,Spink,97,0,0,44.93837606,-98.34626602,46115.0,1521.3299874529487,0.0,97,92,0,0,92,83,6495,5,0,0,5,9
2020-09-18,US,South Dakota,Stanley,29,0,0,44.41381872,-100.7349153,46117.0,936.0877985797287,0.0,29,28,0,0,28,27,3022,1,0,0,1,1
2020-09-18,US,South Dakota,Sully,9,0,0,44.71571812,-100.1278092,46119.0,647.0165348670023,0.0,9,9,0,0,9,8,1392,0,0,0,0,1
2020-09-18,US,South Dakota,Todd,102,5,0,43.19338568,-100.71955030000001,46121.0,1002.2599980347844,4.901960784313727,97,100,5,0,95,97,10283,2,0,0,2,3
2020-09-18,US,South Dakota,Tripp,72,0,0,43.34459388,-99.8854891,46123.0,1323.2861606322367,0.0,72,63,0,0,63,48,5478,9,0,0,9,15
2020-09-18,US,South Dakota,Turner,131,0,0,43.3109081,-97.14865776,46125.0,1562.5,0.0,131,115,0,0,115,110,8424,16,0,0,16,5
2020-09-18,US,South Dakota,Union,341,6,0,42.83112163,-96.6557828,46127.0,2140.34647250816,1.7595307917888563,335,335,6,0,329,329,15619,6,0,0,6,6
2020-09-18,US,South Dakota,Walworth,84,0,0,45.43019636,-100.03075140000001,46129.0,1545.538178472861,0.0,84,76,0,0,76,72,5587,8,0,0,8,4
2020-09-18,US,South Dakota,Yankton,335,4,0,43.00924485,-97.39467635,46135.0,1468.3965985798197,1.1940298507462686,331,323,4,0,319,315,22869,12,0,0,12,8
2020-09-18,US,South Dakota,Ziebach,60,0,0,44.97881876,-101.6654622,46137.0,2177.068214804064,0.0,60,59,0,0,59,59,2742,1,0,0,1,0
2020-09-18,US,Tennessee,Anderson,1103,11,0,36.12684348,-84.19965764,47001.0,1432.8769258749253,0.99728014505893,1092,1072,11,0,1061,1063,76482,31,0,0,31,9
2020-09-18,US,Tennessee,Bedford,1287,16,0,35.51123746,-86.45549096,47003.0,2588.860056725605,1.2432012432012431,1271,1267,15,0,1252,1263,49038,20,1,0,19,4
2020-09-18,US,Tennessee,Benton,329,9,0,36.07110411,-88.06849355,47005.0,2035.8910891089108,2.735562310030395,320,325,9,0,316,323,16184,4,0,0,4,2
2020-09-18,US,Tennessee,Bledsoe,842,4,0,35.59942968,-85.20611967,47007.0,5589.484864577801,0.4750593824228028,838,838,4,0,834,837,14755,4,0,0,4,1
2020-09-18,US,Tennessee,Blount,2411,23,0,35.68938198,-83.92847788,47009.0,1811.5833132964651,0.953961012028204,2388,2387,21,0,2366,2376,131349,24,2,0,22,11
2020-09-18,US,Tennessee,Bradley,2800,16,0,35.15739424,-84.857186,47011.0,2589.954675793173,0.5714285714285714,2784,2779,16,0,2763,2767,106727,21,0,0,21,12
2020-09-18,US,Tennessee,Campbell,412,3,0,36.40355516,-84.15108559999999,47013.0,1034.0846343055068,0.7281553398058253,409,408,3,0,405,399,39583,4,0,0,4,9
2020-09-18,US,Tennessee,Cannon,263,0,0,35.80990797,-86.05738983,47015.0,1791.7972475814145,0.0,263,257,0,0,257,254,14462,6,0,0,6,3
2020-09-18,US,Tennessee,Carroll,806,16,0,35.97366108,-88.45189331,47017.0,2902.726257788022,1.9851116625310172,790,787,16,0,771,781,28020,19,0,0,19,6
2020-09-18,US,Tennessee,Carter,1106,27,0,36.28969086,-82.12588974,47019.0,1961.3058821443133,2.4412296564195297,1079,1084,27,0,1057,1080,56351,22,0,0,22,4
2020-09-18,US,Tennessee,Cheatham,781,10,0,36.26136216,-87.08903581,47021.0,1920.4760616716253,1.2804097311139564,771,776,10,0,766,775,40439,5,0,0,5,1
2020-09-18,US,Tennessee,Chester,569,9,0,35.42527478,-88.6095842,47023.0,3289.587789790137,1.5817223198594024,560,554,8,0,546,544,17276,15,1,0,14,10
2020-09-18,US,Tennessee,Claiborne,419,4,0,36.48319149,-83.65947309,47025.0,1311.05478894834,0.9546539379474941,415,414,4,0,410,411,31756,5,0,0,5,3
2020-09-18,US,Tennessee,Clay,176,5,0,36.55151008,-85.53930419,47027.0,2311.2278397898885,2.8409090909090913,171,168,5,0,163,161,7717,8,0,0,8,7
2020-09-18,US,Tennessee,Cocke,724,9,0,35.9278914,-83.11828725,47029.0,2010.8876791467608,1.2430939226519335,715,720,9,0,711,719,35774,4,0,0,4,1
2020-09-18,US,Tennessee,Coffee,1057,12,0,35.49090731,-86.07311784,47031.0,1870.134465675867,1.1352885525070957,1045,1015,11,0,1004,1004,55700,42,1,0,41,11
2020-09-18,US,Tennessee,Crockett,495,19,0,35.81830662,-89.14916269,47033.0,3478.566408995081,3.8383838383838382,476,484,19,0,465,481,14328,11,0,0,11,3
2020-09-18,US,Tennessee,Cumberland,1126,16,0,35.95271721,-84.99840585,47035.0,1860.541969596828,1.4209591474245116,1110,1112,16,0,1096,1100,59673,14,0,0,14,12
2020-09-18,US,Tennessee,Davidson,25798,287,0,36.17007426,-86.78646056,47037.0,3716.5199151761017,1.1124893402589349,25511,25652,284,0,25368,25578,692587,146,3,0,143,74
2020-09-18,US,Tennessee,DeKalb,542,10,0,35.97616272,-85.83689361,47041.0,2645.192776964373,1.845018450184502,532,537,10,0,527,536,20138,5,0,0,5,1
2020-09-18,US,Tennessee,Decatur,452,6,0,35.60048904,-88.11043779,47039.0,3875.503729743634,1.327433628318584,446,427,6,0,421,425,11706,25,0,0,25,2
2020-09-18,US,Tennessee,Dickson,1166,12,0,36.14669837,-87.35891709,47043.0,2161.340550159413,1.0291595197255574,1154,1156,12,0,1144,1148,53446,10,0,0,10,8
2020-09-18,US,Tennessee,Dyer,1246,13,0,36.05931946,-89.41542855,47045.0,3353.1580505395727,1.043338683788122,1233,1210,13,0,1197,1185,37320,36,0,0,36,25
2020-09-18,US,Tennessee,Fayette,1110,17,0,35.19615831,-89.41399032,47047.0,2698.5631974327184,1.5315315315315314,1093,1092,16,0,1076,1088,40507,18,1,0,17,4
2020-09-18,US,Tennessee,Fentress,406,3,0,36.38128818,-84.92870012,47049.0,2191.8695675646495,0.7389162561576355,403,382,3,0,379,371,18217,24,0,0,24,11
2020-09-18,US,Tennessee,Franklin,862,7,0,35.15634626,-86.09201039,47051.0,2042.2668688400306,0.8120649651972158,855,819,7,0,812,811,41890,43,0,0,43,8
2020-09-18,US,Tennessee,Gibson,1464,19,0,35.99438059,-88.93358327,47053.0,2979.6674332933057,1.2978142076502732,1445,1430,19,0,1411,1417,49045,34,0,0,34,13
2020-09-18,US,Tennessee,Giles,547,17,0,35.20222469,-87.03992678,47055.0,1856.5028509367364,3.107861060329068,530,541,17,0,524,539,29503,6,0,0,6,2
2020-09-18,US,Tennessee,Grainger,337,2,0,36.27469206,-83.51254721,47057.0,1445.111492281303,0.5934718100890207,335,331,2,0,329,329,23145,6,0,0,6,2
2020-09-18,US,Tennessee,Greene,1075,36,0,36.17470125,-82.84691273,47059.0,1556.4145998928607,3.3488372093023258,1039,1037,34,0,1003,1026,69087,38,2,0,36,11
2020-09-18,US,Tennessee,Grundy,219,5,0,35.38433717,-85.72142731,47061.0,1631.0419304386685,2.2831050228310503,214,203,5,0,198,198,13346,16,0,0,16,5
2020-09-18,US,Tennessee,Hamblen,1824,25,0,36.21990035,-83.26586179,47063.0,2809.0060676995104,1.3706140350877194,1799,1798,25,0,1773,1797,64569,26,0,0,26,1
2020-09-18,US,Tennessee,Hamilton,8985,89,0,35.17670231,-85.16652245,47065.0,2442.8771845874435,0.9905397885364496,8896,8899,85,0,8814,8859,364286,86,4,0,82,40
2020-09-18,US,Tennessee,Hancock,106,2,0,36.52692871,-83.22375847,47067.0,1601.2084592145015,1.8867924528301887,104,105,2,0,103,105,6549,1,0,0,1,0
2020-09-18,US,Tennessee,Hardeman,1512,25,0,35.20772017,-88.99161161,47069.0,6035.928143712575,1.6534391534391537,1487,1491,25,0,1466,1486,25220,21,0,0,21,5
2020-09-18,US,Tennessee,Hardin,941,14,0,35.19732531,-88.18593755,47071.0,3668.3299547793545,1.487778958554729,927,922,14,0,908,910,25776,19,0,0,19,12
2020-09-18,US,Tennessee,Hawkins,742,16,0,36.44355426,-82.94885298,47073.0,1306.6600922762652,2.1563342318059298,726,731,15,0,716,729,56530,11,1,0,10,2
2020-09-18,US,Tennessee,Haywood,896,16,0,35.58332824,-89.28536625,47075.0,5177.993527508091,1.7857142857142858,880,880,16,0,864,875,17335,16,0,0,16,5
2020-09-18,US,Tennessee,Henderson,1089,19,0,35.65581134,-88.38600175,47077.0,3873.101682256286,1.7447199265381084,1070,1068,19,0,1049,1065,27847,21,0,0,21,3
2020-09-18,US,Tennessee,Henry,590,9,0,36.33160906,-88.30121797,47079.0,1824.084093368372,1.5254237288135593,581,575,9,0,566,576,32358,15,0,0,15,-1
2020-09-18,US,Tennessee,Hickman,507,4,0,35.80609681,-87.47643507,47081.0,2013.662721423465,0.7889546351084813,503,493,4,0,489,489,25063,14,0,0,14,4
2020-09-18,US,Tennessee,Houston,171,0,0,36.28872054,-87.71878828,47083.0,2085.1115717595417,0.0,171,163,0,0,163,160,8263,8,0,0,8,3
2020-09-18,US,Tennessee,Humphreys,221,3,0,36.03958805,-87.77992872,47085.0,1189.3230007534173,1.3574660633484164,218,215,3,0,212,213,18486,6,0,0,6,2
2020-09-18,US,Tennessee,Jackson,298,4,0,36.36380466,-85.67239905,47087.0,2528.423553368403,1.342281879194631,294,294,3,0,291,291,11758,4,1,0,3,3
2020-09-18,US,Tennessee,Jefferson,1046,14,0,36.04818632,-83.45148924,47089.0,1919.4421506560238,1.338432122370937,1032,1022,13,0,1009,1019,54012,24,1,0,23,3
2020-09-18,US,Tennessee,Johnson,633,2,0,36.45523950000001,-81.84886538,47091.0,3558.578817180121,0.315955766192733,631,620,2,0,618,618,17778,13,0,0,13,2
2020-09-18,US,Tennessee,Knox,8726,71,0,35.99508821,-83.94635435,47093.0,1855.360153769936,0.8136603254641301,8655,8577,68,0,8509,8484,465289,149,3,0,146,93
2020-09-18,US,Tennessee,Lake,868,2,0,36.34180170000001,-89.48921915,47095.0,12371.721778791332,0.2304147465437788,866,865,2,0,863,864,7411,3,0,0,3,1
2020-09-18,US,Tennessee,Lauderdale,923,14,0,35.75893438,-89.63015909999999,47097.0,3600.8270588694263,1.516793066088841,909,910,14,0,896,906,25825,13,0,0,13,4
2020-09-18,US,Tennessee,Lawrence,930,11,0,35.21675201,-87.39787695,47099.0,2106.837025961669,1.1827956989247312,919,911,11,0,900,896,43734,19,0,0,19,15
2020-09-18,US,Tennessee,Lewis,168,1,0,35.52853208,-87.49022694,47101.0,1369.4163677861102,0.5952380952380952,167,160,1,0,159,160,12086,8,0,0,8,0
2020-09-18,US,Tennessee,Lincoln,566,1,0,35.13738622,-86.58910106,47103.0,1646.9766629808532,0.176678445229682,565,556,1,0,555,551,34117,10,0,0,10,5
2020-09-18,US,Tennessee,Loudon,1093,6,0,35.73939663,-84.31145275,47105.0,2021.5284456610195,0.5489478499542544,1087,1074,6,0,1068,1071,53054,19,0,0,19,3
2020-09-18,US,Tennessee,Macon,1000,19,0,36.53157855,-86.00778595,47111.0,4064.710186163727,1.9,981,997,19,0,978,995,24265,3,0,0,3,2
2020-09-18,US,Tennessee,Madison,2568,56,0,35.61181957,-88.84076036,47113.0,2620.836054866101,2.1806853582554515,2512,2510,55,0,2455,2495,97605,58,1,0,57,15
2020-09-18,US,Tennessee,Marion,488,7,0,35.12997174,-85.62265895,47115.0,1688.1724149859895,1.4344262295081966,481,476,7,0,469,469,28575,12,0,0,12,7
2020-09-18,US,Tennessee,Marshall,697,4,0,35.45798777,-86.76420988,47117.0,2027.6363636363642,0.5738880918220947,693,679,4,0,675,674,33683,18,0,0,18,5
2020-09-18,US,Tennessee,Maury,2178,22,0,35.618741299999996,-87.07462444,47119.0,2259.640822932553,1.0101010101010102,2156,2136,22,0,2114,2112,94340,42,0,0,42,24
2020-09-18,US,Tennessee,McMinn,1028,24,0,35.42812616,-84.61520715,47107.0,1910.9937911291227,2.3346303501945527,1004,1007,24,0,983,994,53285,21,0,0,21,13
2020-09-18,US,Tennessee,McNairy,778,16,0,35.17468549,-88.5647812,47109.0,3027.94426714408,2.056555269922879,762,762,16,0,746,753,25832,16,0,0,16,9
2020-09-18,US,Tennessee,Meigs,216,3,0,35.51558739,-84.81482914,47121.0,1738.8504266623734,1.3888888888888888,213,208,3,0,205,208,12306,8,0,0,8,0
2020-09-18,US,Tennessee,Monroe,987,16,0,35.44550387,-84.24902965,47123.0,2120.5285207863362,1.6210739614994931,971,975,16,0,959,962,46357,12,0,0,12,13
2020-09-18,US,Tennessee,Montgomery,2918,41,0,36.49609412,-87.38550661,47125.0,1396.2190121200229,1.405071967100754,2877,2887,41,0,2846,2870,205950,31,0,0,31,17
2020-09-18,US,Tennessee,Moore,145,1,0,35.27724699,-86.36230578,47127.0,2234.8951911220715,0.6896551724137931,144,141,1,0,140,139,6411,4,0,0,4,2
2020-09-18,US,Tennessee,Morgan,299,3,0,36.13248031,-84.64880098,47129.0,1397.0004205017988,1.0033444816053512,296,293,3,0,290,289,21579,6,0,0,6,4
2020-09-18,US,Tennessee,Obion,1060,9,0,36.35732446,-89.14921589,47131.0,3525.225315108584,0.8490566037735849,1051,1040,9,0,1031,1027,30267,20,0,0,20,13
2020-09-18,US,Tennessee,Out of TN,2876,23,0,0.0,0.0,80047.0,0.0,0.7997218358831709,2853,2736,23,0,2713,2743,,140,0,0,140,-7
2020-09-18,US,Tennessee,Overton,662,3,0,36.34117832,-85.28989535,47133.0,2976.484870284609,0.4531722054380665,659,658,3,0,655,647,22068,4,0,0,4,11
2020-09-18,US,Tennessee,Perry,138,0,0,35.63708728,-87.86139634,47135.0,1708.7667161961367,0.0,138,134,0,0,134,134,8064,4,0,0,4,0
2020-09-18,US,Tennessee,Pickett,95,2,0,36.55606529,-85.07763299999998,47137.0,1881.933438985737,2.1052631578947367,93,92,2,0,90,92,5082,3,0,0,3,0
2020-09-18,US,Tennessee,Polk,371,11,0,35.12245443,-84.52075859,47139.0,2204.1349809885933,2.964959568733154,360,369,11,0,358,370,16898,2,0,0,2,-1
2020-09-18,US,Tennessee,Putnam,2965,37,0,36.14005459,-85.50646123,47141.0,3694.93426381706,1.2478920741989885,2928,2925,36,0,2889,2863,78843,40,1,0,39,62
2020-09-18,US,Tennessee,Rhea,763,11,0,35.60536161,-84.93076643,47143.0,2300.479392166913,1.4416775884665791,752,754,11,0,743,751,33044,9,0,0,9,3
2020-09-18,US,Tennessee,Roane,812,3,0,35.84923189,-84.52458689,47145.0,1521.1119853134014,0.3694581280788177,809,789,3,0,786,781,53140,23,0,0,23,8
2020-09-18,US,Tennessee,Robertson,2141,34,0,36.52454807,-86.87346725,47147.0,2981.354350883545,1.5880429705744978,2107,2126,34,0,2092,2120,71012,15,0,0,15,6
2020-09-18,US,Tennessee,Rutherford,8869,87,0,35.84591405,-86.4107263,47149.0,2669.094301578464,0.9809448641334988,8782,8779,86,0,8693,8718,324890,90,1,0,89,61
2020-09-18,US,Tennessee,Scott,194,2,0,36.42325673,-84.50360494,47151.0,879.1009606670293,1.0309278350515465,192,188,2,0,186,189,22039,6,0,0,6,-1
2020-09-18,US,Tennessee,Sequatchie,216,2,0,35.36979721,-85.41022136,47153.0,1437.5083189138827,0.925925925925926,214,211,3,0,208,213,14876,5,-1,0,6,-2
2020-09-18,US,Tennessee,Sevier,2493,13,0,35.78077323,-83.52244332,47155.0,2537.404580152672,0.5214600882470919,2480,2467,13,0,2454,2459,97892,26,0,0,26,8
2020-09-18,US,Tennessee,Shelby,29702,443,0,35.1864775,-89.89692423,47157.0,3169.342464408653,1.4914820550804657,29259,29521,440,0,29081,29392,935764,181,3,0,178,129
2020-09-18,US,Tennessee,Smith,663,10,0,36.25359775,-85.95411046,47159.0,3289.179937490698,1.5082956259426847,653,655,10,0,645,647,19942,8,0,0,8,8
2020-09-18,US,Tennessee,Stewart,146,2,0,36.50235092,-87.83920548,47161.0,1064.527889172439,1.3698630136986298,144,135,2,0,133,130,13561,11,0,0,11,5
2020-09-18,US,Tennessee,Sullivan,2026,31,0,36.51240691,-82.30412917,47163.0,1279.4604289286888,1.5301085883514314,1995,1991,31,0,1960,1980,157668,35,0,0,35,11
2020-09-18,US,Tennessee,Sumner,4621,93,0,36.46824103,-86.45917204,47165.0,2415.792307732521,2.0125513958017747,4528,4585,93,0,4492,4568,187149,36,0,0,36,17
2020-09-18,US,Tennessee,Tipton,1704,17,0,35.501942,-89.73694895,47167.0,2766.2786733550874,0.9976525821596244,1687,1684,17,0,1667,1677,61581,20,0,0,20,7
2020-09-18,US,Tennessee,Trousdale,1645,7,0,36.39026213,-86.16087954,47169.0,14578.163771712158,0.425531914893617,1638,1645,7,0,1638,1644,11012,0,0,0,0,1
2020-09-18,US,Tennessee,Unassigned,2780,6,0,0.0,0.0,90047.0,0.0,0.2158273381294964,2774,2735,6,0,2729,2719,,45,0,0,45,16
2020-09-18,US,Tennessee,Unicoi,270,1,0,36.10890856,-82.43709629,47171.0,1509.813789632612,0.3703703703703704,269,264,1,0,263,262,17761,6,0,0,6,2
2020-09-18,US,Tennessee,Union,321,1,0,36.28590426,-83.83651902,47173.0,1607.2501502102946,0.3115264797507788,320,300,1,0,299,293,19688,21,0,0,21,7
2020-09-18,US,Tennessee,Van Buren,146,0,0,35.69864497,-85.45221699,47175.0,2486.376021798365,0.0,146,145,0,0,145,136,5765,1,0,0,1,9
2020-09-18,US,Tennessee,Warren,996,7,0,35.672829899999996,-85.77969117,47177.0,2412.966058579839,0.7028112449799196,989,990,7,0,983,984,40878,6,0,0,6,6
2020-09-18,US,Tennessee,Washington,2107,32,0,36.29472368,-82.49454720000001,47179.0,1628.5990338164252,1.5187470336971998,2075,2068,28,0,2040,2053,128607,39,4,0,35,15
2020-09-18,US,Tennessee,Wayne,1478,5,0,35.23868267,-87.78644456,47181.0,8864.631440052779,0.3382949932341001,1473,1473,5,0,1468,1471,16558,5,0,0,5,2
2020-09-18,US,Tennessee,Weakley,1091,18,0,36.29896232,-88.71990865,47183.0,3273.523763802209,1.6498625114573786,1073,1074,18,0,1056,1047,33415,17,0,0,17,27
2020-09-18,US,Tennessee,White,752,8,0,35.92929884,-85.45591799,47185.0,2750.045712196014,1.0638297872340423,744,728,8,0,720,718,27107,24,0,0,24,10
2020-09-18,US,Tennessee,Williamson,5019,36,0,35.89099229,-86.89281867,47187.0,2105.1792694998576,0.7172743574417214,4983,4956,35,0,4921,4940,231729,63,1,0,62,16
2020-09-18,US,Tennessee,Wilson,3308,39,0,36.15496772,-86.29775884,47189.0,2286.7887485569313,1.1789600967351874,3269,3259,38,0,3221,3246,140625,49,1,0,48,13
2020-09-18,US,Texas,Anderson,1744,28,0,31.81534745,-95.65354823,48001.0,3020.698016800901,1.6055045871559632,1716,2812,27,0,2785,2799,58057,-1068,1,0,-1069,13
2020-09-18,US,Texas,Andrews,412,8,0,32.30468633,-102.63765479999999,48003.0,2202.619620422347,1.9417475728155342,404,410,8,0,402,406,18128,2,0,0,2,4
2020-09-18,US,Texas,Angelina,2113,77,0,31.25457347,-94.60901487,48005.0,2436.717984201119,3.6441079034548034,2036,2094,77,0,2017,2072,87092,19,0,0,19,22
2020-09-18,US,Texas,Aransas,310,18,0,28.10556197,-96.9995047,48007.0,1318.5878349638451,5.806451612903227,292,308,18,0,290,307,23792,2,0,0,2,1
2020-09-18,US,Texas,Archer,69,1,0,33.61569967,-98.68754589,48009.0,806.7344791301297,1.4492753623188406,68,67,1,0,66,68,8786,2,0,0,2,-1
2020-09-18,US,Texas,Armstrong,12,1,0,34.96507426,-101.35748740000001,48011.0,635.9300476947536,8.333333333333334,11,12,1,0,11,12,1892,0,0,0,0,0
2020-09-18,US,Texas,Atascosa,626,30,0,28.89333001,-98.52730485,48013.0,1223.7796414677534,4.792332268370607,596,623,30,0,593,621,50310,3,0,0,3,2
2020-09-18,US,Texas,Austin,483,9,0,29.88548725,-96.27736949,48015.0,1608.2844965370273,1.8633540372670807,474,481,9,0,472,467,29989,2,0,0,2,14
2020-09-18,US,Texas,Bailey,206,5,0,34.06854817,-102.8299707,48017.0,2942.857142857143,2.4271844660194173,201,207,5,0,202,205,7027,-1,0,0,-1,2
2020-09-18,US,Texas,Bandera,112,7,0,29.74619598,-99.24598147,48019.0,484.59674627898926,6.25,105,112,7,0,105,114,22824,0,0,0,0,-2
2020-09-18,US,Texas,Bastrop,1762,28,0,30.10370699,-97.31206354,48021.0,1985.9562909279446,1.5891032917139614,1734,1730,28,0,1702,1704,86976,32,0,0,32,26
2020-09-18,US,Texas,Baylor,14,0,0,33.61640794,-99.21352901,48023.0,398.97406668566543,0.0,14,14,0,0,14,14,3582,0,0,0,0,0
2020-09-18,US,Texas,Bee,1793,30,0,28.41761668,-97.74215593,48025.0,5505.911254414248,1.6731734523145567,1763,1791,29,0,1762,1798,32587,2,1,0,1,-7
2020-09-18,US,Texas,Bell,5295,78,0,31.03736027,-97.4785025,48027.0,1458.9831479869065,1.473087818696884,5217,5255,77,0,5178,5219,355642,40,1,0,39,36
2020-09-18,US,Texas,Bexar,50587,1242,0,29.44928723,-98.52019748,48029.0,2524.86331788412,2.4551762310475023,49345,50425,1233,0,49192,50284,1986049,162,9,0,153,141
2020-09-18,US,Texas,Blanco,139,5,0,30.26640707,-98.3999852,48031.0,1165.03226887939,3.5971223021582728,134,137,5,0,132,135,11702,2,0,0,2,2
2020-09-18,US,Texas,Bosque,286,6,0,31.89978581,-97.63613524,48035.0,1530.6395504415307,2.097902097902098,280,276,6,0,270,273,18691,10,0,0,10,3
2020-09-18,US,Texas,Bowie,1230,47,0,33.44626922,-94.41834132,48037.0,1319.1055820687434,3.8211382113821135,1183,1218,46,0,1172,1213,94324,12,1,0,11,5
2020-09-18,US,Texas,Brazoria,10948,157,0,29.18757369,-95.44563172,48039.0,2925.2078746553234,1.434051881622214,10791,10872,156,0,10716,10772,370200,76,1,0,75,100
2020-09-18,US,Texas,Brazos,5996,61,0,30.663644800000004,-96.30205577,48041.0,2615.930300029231,1.017344896597732,5935,5933,61,0,5872,5860,226758,63,0,0,63,73
2020-09-18,US,Texas,Brewster,214,2,0,29.81008251,-103.25203259999999,48043.0,2325.3286971639677,0.9345794392523364,212,214,2,0,212,213,9267,0,0,0,0,1
2020-09-18,US,Texas,Briscoe,12,1,0,34.53026962,-101.2084947,48045.0,776.1966364812421,8.333333333333334,11,12,1,0,11,12,1516,0,0,0,0,0
2020-09-18,US,Texas,Brooks,294,22,0,27.03103197,-98.21808402,48047.0,4144.931622726632,7.482993197278912,272,293,21,0,272,286,7114,1,1,0,0,7
2020-09-18,US,Texas,Brown,535,20,0,31.77430356,-98.99907113,48049.0,1412.951616311008,3.7383177570093458,515,533,20,0,513,529,37924,2,0,0,2,4
2020-09-18,US,Texas,Burleson,324,6,0,30.49273808,-96.62158484,48051.0,1756.7640839342841,1.851851851851852,318,322,6,0,316,321,18389,2,0,0,2,1
2020-09-18,US,Texas,Burnet,698,12,0,30.78801353,-98.181887,48053.0,1449.4860346796802,1.7191977077363896,686,694,12,0,682,693,47542,4,0,0,4,1
2020-09-18,US,Texas,Caldwell,1474,35,0,29.83668859,-97.61814775,48055.0,3375.77867350678,2.3744911804613302,1439,1458,35,0,1423,1441,43247,16,0,0,16,17
2020-09-18,US,Texas,Calhoun,625,7,0,28.47048236,-96.61633945,48057.0,2935.650540159699,1.12,618,623,7,0,616,617,21561,2,0,0,2,6
2020-09-18,US,Texas,Callahan,84,3,0,32.29760619,-99.37326312,48059.0,602.4528437208635,3.571428571428572,81,84,3,0,81,81,13994,0,0,0,0,3
2020-09-18,US,Texas,Cameron,22339,865,0,26.14524221,-97.48140372,48061.0,5279.053225352878,3.8721518420699215,21474,22276,856,0,21420,22222,423908,63,9,0,54,54
2020-09-18,US,Texas,Camp,343,10,0,32.97195142,-94.97790104,48063.0,2619.5203910187874,2.915451895043732,333,342,10,0,332,340,13033,1,0,0,1,2
2020-09-18,US,Texas,Carson,18,0,0,35.40365929,-101.35426690000001,48065.0,303.74620317246035,0.0,18,18,0,0,18,18,6005,0,0,0,0,0
2020-09-18,US,Texas,Cass,308,14,0,33.07499881,-94.34646905,48067.0,1025.7776593618864,4.545454545454546,294,306,14,0,292,303,30119,2,0,0,2,3
2020-09-18,US,Texas,Castro,247,5,0,34.53016752,-102.2617243,48069.0,3280.2124833997345,2.0242914979757085,242,243,5,0,238,242,7665,4,0,0,4,1
2020-09-18,US,Texas,Chambers,1255,8,0,29.70972016,-94.67154501,48071.0,2862.8783904008033,0.6374501992031872,1247,1244,8,0,1236,1230,42454,11,0,0,11,14
2020-09-18,US,Texas,Cherokee,1514,27,0,31.837258000000002,-95.16559897,48073.0,2875.812027504464,1.7833553500660502,1487,1506,26,0,1480,1502,52592,8,1,0,7,4
2020-09-18,US,Texas,Childress,66,0,0,34.529304100000004,-100.2077916,48075.0,903.367095537914,0.0,66,64,0,0,64,65,7291,2,0,0,2,-1
2020-09-18,US,Texas,Clay,76,1,0,33.78686685,-98.20771198,48077.0,725.8141533759907,1.3157894736842106,75,75,1,0,74,73,10456,1,0,0,1,2
2020-09-18,US,Texas,Cochran,49,1,0,33.60425307,-102.82844990000001,48079.0,1717.490361023484,2.0408163265306123,48,47,1,0,46,47,2836,2,0,0,2,0
2020-09-18,US,Texas,Coke,50,3,0,31.88911733,-100.5297533,48081.0,1476.2326542663125,6.0,47,50,3,0,47,50,3370,0,0,0,0,0
2020-09-18,US,Texas,Coleman,67,3,0,31.76736834,-99.45240766,48083.0,819.5718654434248,4.477611940298506,64,65,3,0,62,62,8397,2,0,0,2,3
2020-09-18,US,Texas,Collin,12760,136,0,33.18820114,-96.57264368,48085.0,1233.1719385733475,1.0658307210031348,12624,12599,133,0,12466,12482,1005146,161,3,0,158,117
2020-09-18,US,Texas,Collingsworth,18,0,0,34.96489496,-100.27001109999999,48087.0,616.4383561643834,0.0,18,18,0,0,18,18,2962,0,0,0,0,0
2020-09-18,US,Texas,Colorado,476,4,0,29.622097999999998,-96.5273805,48089.0,2214.674545200763,0.8403361344537815,472,465,4,0,461,463,21217,11,0,0,11,2
2020-09-18,US,Texas,Comal,2593,102,0,29.80811278,-98.27647225,48091.0,1659.9555723421827,3.93366756652526,2491,2584,102,0,2482,2559,148373,9,0,0,9,25
2020-09-18,US,Texas,Comanche,280,3,0,31.94854689,-98.55876441,48093.0,2053.5386872020536,1.0714285714285714,277,256,3,0,253,254,13534,24,0,0,24,2
2020-09-18,US,Texas,Concho,66,2,0,31.32635934,-99.86473038,48095.0,2421.129860601614,3.0303030303030303,64,66,2,0,64,66,4276,0,0,0,0,0
2020-09-18,US,Texas,Cooke,395,5,0,33.63979567,-97.21240912,48097.0,957.413287442131,1.2658227848101269,390,391,5,0,386,387,40574,4,0,0,4,4
2020-09-18,US,Texas,Coryell,1789,12,0,31.39078397,-97.79936155,48099.0,2355.4660241471474,0.6707657909446618,1777,1786,12,0,1774,1777,74808,3,0,0,3,9
2020-09-18,US,Texas,Cottle,25,2,0,34.07783319,-100.27850620000001,48101.0,1788.26895565093,8.0,23,25,2,0,23,25,1389,0,0,0,0,0
2020-09-18,US,Texas,Crane,71,2,0,31.43052248,-102.5143314,48103.0,1480.091723994163,2.8169014084507036,69,71,2,0,69,71,4794,0,0,0,0,0
2020-09-18,US,Texas,Crockett,164,6,0,30.72367027,-101.4134238,48105.0,4734.411085450346,3.6585365853658534,158,164,6,0,158,164,3499,0,0,0,0,0
2020-09-18,US,Texas,Crosby,86,3,0,33.61431553,-101.30003640000001,48107.0,1499.0413107896113,3.4883720930232562,83,85,3,0,82,83,5779,1,0,0,1,2
2020-09-18,US,Texas,Culberson,50,2,0,31.44506775,-104.5185739,48109.0,2303.0861354214653,4.0,48,48,2,0,46,47,2204,2,0,0,2,1
2020-09-18,US,Texas,Dallam,229,8,0,36.27787176,-102.60207249999999,48111.0,3142.5826814875804,3.4934497816593884,221,226,8,0,218,223,7200,3,0,0,3,3
2020-09-18,US,Texas,Dallas,76962,1073,0,32.76670599,-96.77796049999999,48113.0,2920.187166384116,1.3941945375639926,75889,76607,1059,0,75548,76149,2637772,355,14,0,341,458
2020-09-18,US,Texas,Dawson,335,9,0,32.74255572,-101.94772420000001,48115.0,2631.9924575738532,2.6865671641791047,326,318,8,0,310,316,12619,17,1,0,16,2
2020-09-18,US,Texas,DeWitt,946,33,0,29.08101855,-97.35681170000001,48123.0,4692.460317460317,3.4883720930232562,913,945,33,0,912,945,20187,1,0,0,1,0
2020-09-18,US,Texas,Deaf Smith,852,20,0,34.96522957,-102.6054267,48117.0,4593.982529925591,2.347417840375587,832,849,20,0,829,848,18760,3,0,0,3,1
2020-09-18,US,Texas,Delta,24,0,0,33.38570922,-95.66921122,48119.0,450.19696117051217,0.0,24,23,0,0,23,23,5349,1,0,0,1,0
2020-09-18,US,Texas,Denton,11441,148,0,33.20521901,-97.11691153,48121.0,1289.5524945136815,1.2935932173761036,11293,11382,147,0,11235,11317,859064,59,1,0,58,65
2020-09-18,US,Texas,Dickens,48,2,0,33.61616822,-100.7788855,48125.0,2170.963364993216,4.166666666666667,46,48,2,0,46,48,2249,0,0,0,0,0
2020-09-18,US,Texas,Dimmit,192,7,0,28.42270064,-99.75645095,48127.0,1896.4836033188465,3.6458333333333335,185,191,7,0,184,191,10308,1,0,0,1,0
2020-09-18,US,Texas,Donley,59,1,0,34.96517499,-100.8140093,48129.0,1799.8779743746186,1.6949152542372878,58,59,1,0,58,59,3319,0,0,0,0,0
2020-09-18,US,Texas,Duval,417,14,0,27.68184592,-98.50864568,48131.0,3737.5638612530247,3.357314148681055,403,418,14,0,404,412,11212,-1,0,0,-1,6
2020-09-18,US,Texas,Eastland,158,3,0,32.32743996,-98.83243566,48133.0,860.5664488017427,1.8987341772151896,155,157,3,0,154,156,18322,1,0,0,1,1
2020-09-18,US,Texas,Ector,4601,92,0,31.86898877,-102.54294279999999,48135.0,2767.9683316989826,1.99956531188872,4509,4574,92,0,4482,4536,162124,27,0,0,27,38
2020-09-18,US,Texas,Edwards,34,1,0,29.98202582,-100.304252,48137.0,1759.8343685300208,2.9411764705882355,33,34,1,0,33,34,1928,0,0,0,0,0
2020-09-18,US,Texas,El Paso,22179,491,0,31.76980765,-106.23632749999999,48141.0,2642.7544987238425,2.2138058523828845,21688,22078,490,0,21588,21826,840758,101,1,0,100,252
2020-09-18,US,Texas,Ellis,4192,64,0,32.34894117,-96.79371841,48139.0,2268.0791663510545,1.5267175572519085,4128,4181,64,0,4117,4136,179436,11,0,0,11,45
2020-09-18,US,Texas,Erath,804,12,0,32.23602653,-98.21773417,48143.0,1882.9921776195608,1.492537313432836,792,792,12,0,780,787,42446,12,0,0,12,5
2020-09-18,US,Texas,Falls,217,5,0,31.25350609,-96.93630086,48145.0,1254.5528126264674,2.3041474654377883,212,206,4,0,202,201,17335,11,1,0,10,5
2020-09-18,US,Texas,Fannin,656,13,0,33.59564294,-96.10751083,48147.0,1847.1588669257198,1.9817073170731707,643,664,12,0,652,656,35286,-8,1,0,-9,8
2020-09-18,US,Texas,Fayette,573,18,0,29.87788372,-96.92076062,48149.0,2260.711749388464,3.141361256544503,555,553,18,0,535,553,25349,20,0,0,20,0
2020-09-18,US,Texas,Fisher,64,1,0,32.74281316,-100.40193020000001,48151.0,1671.0182767624021,1.5625,63,64,1,0,63,63,3839,0,0,0,0,1
2020-09-18,US,Texas,Floyd,105,9,0,34.07227468,-101.3031546,48153.0,1838.235294117647,8.571428571428571,96,104,9,0,95,101,5837,1,0,0,1,3
2020-09-18,US,Texas,Foard,9,0,0,33.97308618,-99.7767797,48155.0,779.2207792207793,0.0,9,8,0,0,8,8,1200,1,0,0,1,0
2020-09-18,US,Texas,Fort Bend,15734,275,0,29.52704478,-95.77219463,48157.0,1938.429544356945,1.7478072963010045,15459,15678,274,0,15404,15625,787858,56,1,0,55,53
2020-09-18,US,Texas,Franklin,128,6,0,33.17653242,-95.21917243,48159.0,1193.4731934731935,4.6875,122,126,6,0,120,126,10766,2,0,0,2,0
2020-09-18,US,Texas,Freestone,403,1,0,31.70422788,-96.15072516,48161.0,2043.921489070345,0.2481389578163772,402,401,1,0,400,397,19808,2,0,0,2,4
2020-09-18,US,Texas,Frio,671,8,0,28.86751206,-99.10804207,48163.0,3304.442036836403,1.1922503725782414,663,671,8,0,663,670,19816,0,0,0,0,1
2020-09-18,US,Texas,Gaines,307,8,0,32.74055318,-102.6353295,48165.0,1428.4384887399967,2.6058631921824102,299,306,8,0,298,300,20901,1,0,0,1,6
2020-09-18,US,Texas,Galveston,11402,153,0,29.40167322,-94.90469073,48167.0,3332.563665644665,1.3418698473951938,11249,11402,153,0,11249,11360,337890,0,0,0,0,42
2020-09-18,US,Texas,Garza,103,4,0,33.17969345,-101.2984114,48169.0,1653.5559479852304,3.8834951456310685,99,103,4,0,99,103,6578,0,0,0,0,0
2020-09-18,US,Texas,Gillespie,213,10,0,30.31824095,-98.94676915,48171.0,789.239662072032,4.694835680751174,203,212,9,0,203,211,26804,1,1,0,0,1
2020-09-18,US,Texas,Glasscock,7,0,0,31.86942909,-101.5207776,48173.0,496.8062455642298,0.0,7,7,0,0,7,7,1388,0,0,0,0,0
2020-09-18,US,Texas,Goliad,152,6,0,28.65696592,-97.42760647,48175.0,1984.8524418908328,3.947368421052632,146,152,6,0,146,152,7584,0,0,0,0,0
2020-09-18,US,Texas,Gonzales,822,14,0,29.45634206,-97.49424032,48177.0,3944.905696597399,1.70316301703163,808,822,14,0,808,822,20826,0,0,0,0,0
2020-09-18,US,Texas,Gray,280,5,0,35.40081878,-100.8129222,48179.0,1279.356666362058,1.7857142857142858,275,278,5,0,273,272,21895,2,0,0,2,6
2020-09-18,US,Texas,Grayson,1772,36,0,33.62744998,-96.67753461,48181.0,1300.9132822365136,2.031602708803612,1736,1762,35,0,1727,1744,133991,10,1,0,9,18
2020-09-18,US,Texas,Gregg,2121,60,0,32.47940482,-94.81591935,48183.0,1711.2428899915287,2.8288543140028284,2061,2111,60,0,2051,2085,123707,10,0,0,10,26
2020-09-18,US,Texas,Grimes,1063,31,0,30.54579585,-95.98902499,48185.0,3680.7479224376725,2.9162746942615243,1032,1070,31,0,1039,1061,28360,-7,0,0,-7,9
2020-09-18,US,Texas,Guadalupe,1956,76,0,29.58165339,-97.94786822,48187.0,1172.3315372766667,3.8854805725971366,1880,1951,76,0,1875,1948,163694,5,0,0,5,3
2020-09-18,US,Texas,Hale,1797,53,0,34.07044901,-101.82681140000001,48189.0,5379.273184457882,2.9493600445186416,1744,1785,53,0,1732,1769,33830,12,0,0,12,16
2020-09-18,US,Texas,Hall,24,1,0,34.5307555,-100.68138520000001,48191.0,809.7165991902832,4.166666666666667,23,20,1,0,19,20,3028,4,0,0,4,0
2020-09-18,US,Texas,Hamilton,112,4,0,31.70470573,-98.11083887,48193.0,1323.7206004018435,3.571428571428572,108,111,4,0,107,110,8484,1,0,0,1,1
2020-09-18,US,Texas,Hansford,110,4,0,36.27743284,-101.3545796,48195.0,2037.4143359881461,3.636363636363636,106,109,4,0,105,108,5463,1,0,0,1,1
2020-09-18,US,Texas,Hardeman,24,0,0,34.28944521,-99.74632408,48197.0,610.2212051868803,0.0,24,24,0,0,24,24,3922,0,0,0,0,0
2020-09-18,US,Texas,Hardin,1319,28,0,30.33364686,-94.38931817,48199.0,2289.851046838652,2.122820318423048,1291,1318,28,0,1290,1299,57207,1,0,0,1,19
2020-09-18,US,Texas,Harris,122445,2483,0,29.85864939,-95.39339521,48201.0,2597.847591668302,2.0278492384335824,119962,121628,2470,0,119158,120771,4698619,817,13,0,804,857
2020-09-18,US,Texas,Harrison,860,31,0,32.54935988,-94.36934071,48203.0,1292.2032064670266,3.6046511627906983,829,846,31,0,815,846,66726,14,0,0,14,0
2020-09-18,US,Texas,Hartley,117,0,0,35.84008013,-102.6029022,48205.0,2098.278335724534,0.0,117,113,0,0,113,112,5619,4,0,0,4,1
2020-09-18,US,Texas,Haskell,62,2,0,33.17823584,-99.73037358,48207.0,1095.7935666313183,3.2258064516129035,60,62,2,0,60,59,5813,0,0,0,0,3
2020-09-18,US,Texas,Hays,5736,60,0,30.05669873,-98.02944344,48209.0,2491.843729772233,1.0460251046025104,5676,5719,60,0,5659,5697,222631,17,0,0,17,22
2020-09-18,US,Texas,Hemphill,72,0,0,35.83764858,-100.2703577,48211.0,1885.3102906520032,0.0,72,72,0,0,72,72,3825,0,0,0,0,0
2020-09-18,US,Texas,Henderson,913,23,0,32.21128872,-95.85846587,48213.0,1103.4966218257853,2.5191675794085437,890,907,22,0,885,905,82299,6,1,0,5,2
2020-09-18,US,Texas,Hidalgo,30577,1510,0,26.39418217,-98.18299696,48215.0,3519.828895128046,4.9383523563462735,29067,30375,1488,0,28887,30046,865939,202,22,0,180,329
2020-09-18,US,Texas,Hill,599,13,0,31.99045053,-97.13423143,48217.0,1634.4238587683155,2.1702838063439067,586,585,13,0,572,570,36354,14,0,0,14,15
2020-09-18,US,Texas,Hockley,325,8,0,33.60771256,-102.3431676,48219.0,1411.7544850354025,2.4615384615384617,317,320,7,0,313,310,22980,5,1,0,4,10
2020-09-18,US,Texas,Hood,882,26,0,32.42990927,-97.83242024,48221.0,1430.8193955518066,2.947845804988662,856,873,26,0,847,869,60537,9,0,0,9,4
2020-09-18,US,Texas,Hopkins,299,8,0,33.14875072,-95.56351139,48223.0,806.2776399525403,2.6755852842809364,291,298,8,0,290,292,36810,1,0,0,1,6
2020-09-18,US,Texas,Houston,361,9,0,31.31925973,-95.42226208,48225.0,1571.7520027864855,2.4930747922437675,352,359,9,0,350,360,23169,2,0,0,2,-1
2020-09-18,US,Texas,Howard,464,12,0,32.30621324,-101.4356444,48227.0,1265.5465852061968,2.586206896551724,452,442,11,0,431,441,36459,22,1,0,21,1
2020-09-18,US,Texas,Hudspeth,45,3,0,31.45628381,-105.388178,48229.0,920.9987720016372,6.666666666666668,42,45,3,0,42,45,4795,0,0,0,0,0
2020-09-18,US,Texas,Hunt,1550,35,0,33.12351514,-96.08551032,48231.0,1572.103779134633,2.2580645161290325,1515,1537,35,0,1502,1531,96493,13,0,0,13,6
2020-09-18,US,Texas,Hutchinson,186,3,0,35.84006574,-101.3546643,48233.0,888.3369949374344,1.6129032258064515,183,180,3,0,177,176,21198,6,0,0,6,4
2020-09-18,US,Texas,Irion,10,0,0,31.30375559,-100.982439,48235.0,651.0416666666666,0.0,10,10,0,0,10,10,1522,0,0,0,0,0
2020-09-18,US,Texas,Jack,131,2,0,33.23377248,-98.17283469,48237.0,1466.1443760492443,1.5267175572519085,129,131,2,0,129,129,8843,0,0,0,0,2
2020-09-18,US,Texas,Jackson,527,15,0,28.95472367,-96.57749563,48239.0,3570.460704607046,2.8462998102466788,512,526,15,0,511,523,14874,1,0,0,1,3
2020-09-18,US,Texas,Jasper,457,25,0,30.74685667,-94.02667579,48241.0,1286.2731852852596,5.4704595185995615,432,446,25,0,421,446,35872,11,0,0,11,0
2020-09-18,US,Texas,Jeff Davis,14,0,0,30.71490589,-104.1399973,48243.0,615.6552330694811,0.0,14,14,0,0,14,14,2252,0,0,0,0,0
2020-09-18,US,Texas,Jefferson,7109,126,0,29.8832777,-94.16434171,48245.0,2825.90980462306,1.7724011816007876,6983,7061,126,0,6935,7028,255001,48,0,0,48,33
2020-09-18,US,Texas,Jim Hogg,102,3,0,27.04453923,-98.69681870000001,48247.0,1961.5384615384608,2.9411764705882355,99,101,3,0,98,101,5248,1,0,0,1,0
2020-09-18,US,Texas,Jim Wells,1409,32,0,27.73103938,-98.0904705,48249.0,3480.5592609060827,2.27111426543648,1377,1398,32,0,1366,1398,40822,11,0,0,11,0
2020-09-18,US,Texas,Johnson,2795,48,0,32.37877812,-97.36615819,48251.0,1589.7211304936386,1.7173524150268336,2747,2739,48,0,2691,2711,171361,56,0,0,56,28
2020-09-18,US,Texas,Jones,584,0,0,32.73997145,-99.87861576,48253.0,2907.93208186028,0.0,584,578,0,0,578,571,19817,6,0,0,6,7
2020-09-18,US,Texas,Karnes,754,16,0,28.90705334,-97.85960149,48255.0,4833.023524133068,2.122015915119364,738,752,16,0,736,753,15650,2,0,0,2,-1
2020-09-18,US,Texas,Kaufman,3018,45,0,32.599141700000004,-96.28734728,48257.0,2216.607664850096,1.4910536779324055,2973,3010,45,0,2965,2981,128622,8,0,0,8,29
2020-09-18,US,Texas,Kendall,202,7,0,29.94414155,-98.7113588,48259.0,425.8818072568573,3.4653465346534653,195,202,7,0,195,205,45641,0,0,0,0,-3
2020-09-18,US,Texas,Kenedy,7,1,0,26.92601662,-97.66413984,48261.0,1732.6732673267327,14.285714285714285,6,7,1,0,6,7,442,0,0,0,0,0
2020-09-18,US,Texas,Kent,8,0,0,33.18104136,-100.7780939,48263.0,1049.8687664041997,0.0,8,8,0,0,8,8,726,0,0,0,0,0
2020-09-18,US,Texas,Kerr,442,10,0,30.06040006,-99.34930144,48265.0,840.3041825095057,2.262443438914027,432,442,10,0,432,442,52405,0,0,0,0,0
2020-09-18,US,Texas,Kimble,16,1,0,30.48678918,-99.74856473,48267.0,368.9186073322573,6.25,15,16,1,0,15,16,4362,0,0,0,0,0
2020-09-18,US,Texas,Kinney,25,1,0,29.34967888,-100.41866379999999,48271.0,681.7562039814562,4.0,24,24,1,0,23,24,3767,1,0,0,1,0
2020-09-18,US,Texas,Kleberg,976,41,0,27.42435506,-97.69894948,48273.0,3181.2255541069103,4.200819672131146,935,966,40,0,926,965,31129,10,1,0,9,1
2020-09-18,US,Texas,Knox,68,8,0,33.60519951,-99.74229059999999,48275.0,1855.8951965065505,11.764705882352944,60,68,8,0,60,68,3653,0,0,0,0,0
2020-09-18,US,Texas,La Salle,360,11,0,28.34453111,-99.09908775,48283.0,4787.234042553191,3.055555555555556,349,359,11,0,348,357,7531,1,0,0,1,2
2020-09-18,US,Texas,Lamar,1040,31,0,33.66981763,-95.57404777,48277.0,2085.88218776951,2.9807692307692313,1009,1027,31,0,996,1008,49728,13,0,0,13,19
2020-09-18,US,Texas,Lamb,320,21,0,34.06859623,-102.35162890000001,48279.0,2481.9669588148613,6.5625,299,320,21,0,299,314,13158,0,0,0,0,6
2020-09-18,US,Texas,Lampasas,222,8,0,31.19531316,-98.24206613,48281.0,1036.0276274033974,3.603603603603604,214,219,8,0,211,217,21229,3,0,0,3,2
2020-09-18,US,Texas,Lavaca,713,33,0,29.38508402,-96.93186692,48285.0,3537.7592537461546,4.6283309957924255,680,708,33,0,675,705,20110,5,0,0,5,3
2020-09-18,US,Texas,Lee,217,14,0,30.31120597,-96.97045773,48287.0,1258.7737107720866,6.451612903225807,203,213,14,0,199,211,17144,4,0,0,4,2
2020-09-18,US,Texas,Leon,227,5,0,31.29872538,-95.9936328,48289.0,1304.297862560331,2.202643171806167,222,226,5,0,221,225,17270,1,0,0,1,1
2020-09-18,US,Texas,Liberty,2206,47,0,30.15152688,-94.81205615,48291.0,2500.5951098969613,2.130553037171351,2159,2207,47,0,2160,2201,86323,-1,0,0,-1,6
2020-09-18,US,Texas,Limestone,549,10,0,31.5454767,-96.58095444,48293.0,2342.4499722660753,1.8214936247723128,539,542,10,0,532,536,23519,7,0,0,7,6
2020-09-18,US,Texas,Lipscomb,32,0,0,36.27783108,-100.27331509999999,48295.0,989.7927621404268,0.0,32,32,0,0,32,32,3355,0,0,0,0,0
2020-09-18,US,Texas,Live Oak,368,8,0,28.35101362,-98.1246786,48297.0,3014.663717539117,2.1739130434782608,360,368,8,0,360,368,12166,0,0,0,0,0
2020-09-18,US,Texas,Llano,116,2,0,30.70645047,-98.68475262,48299.0,532.2321633402156,1.7241379310344829,114,116,2,0,114,115,21646,0,0,0,0,1
2020-09-18,US,Texas,Lubbock,10119,114,0,33.61008596,-101.82047890000001,48303.0,3258.213150700811,1.1265935369107618,10005,10044,113,0,9931,9828,307412,75,1,0,74,216
2020-09-18,US,Texas,Lynn,92,5,0,33.17657705,-101.8162849,48305.0,1545.958662409679,5.434782608695652,87,90,5,0,85,90,5877,2,0,0,2,0
2020-09-18,US,Texas,Madison,719,6,0,30.96694679,-95.93003775,48313.0,5033.604032483898,0.8344923504867872,713,713,6,0,707,717,14422,6,0,0,6,-4
2020-09-18,US,Texas,Marion,149,13,0,32.79868409,-94.35661230000001,48315.0,1512.0763141871319,8.724832214765101,136,147,13,0,134,147,9928,2,0,0,2,0
2020-09-18,US,Texas,Martin,77,6,0,32.30600051,-101.9513518,48317.0,1334.2574943683935,7.792207792207793,71,76,6,0,70,76,5753,1,0,0,1,0
2020-09-18,US,Texas,Mason,76,2,0,30.71780434,-99.22629416,48319.0,1778.193729527375,2.631578947368421,74,76,2,0,74,76,4280,0,0,0,0,0
2020-09-18,US,Texas,Matagorda,1014,42,0,28.81955746,-96.01230294,48321.0,2767.240673525639,4.142011834319527,972,1011,41,0,970,1006,36552,3,1,0,2,5
2020-09-18,US,Texas,Maverick,3535,110,0,28.7429195,-100.3157686,48323.0,6019.890330710807,3.111739745403112,3425,3535,102,0,3433,3535,58485,0,8,0,-8,0
2020-09-18,US,Texas,McCulloch,138,3,0,31.1925468,-99.34682807,48307.0,1728.4569138276556,2.1739130434782608,135,137,3,0,134,135,7987,1,0,0,1,2
2020-09-18,US,Texas,McLennan,7336,95,0,31.55255453,-97.20217694,48309.0,2858.668163025139,1.2949836423118866,7241,7271,93,0,7178,7231,254607,65,2,0,63,40
2020-09-18,US,Texas,McMullen,21,0,0,28.35251708,-98.56769164,48311.0,2826.3795423956926,0.0,21,21,0,0,21,21,749,0,0,0,0,0
2020-09-18,US,Texas,Medina,1178,42,0,29.355730100000002,-99.11030298,48325.0,2283.653846153846,3.5653650254668934,1136,1178,41,0,1137,1174,50921,0,1,0,-1,4
2020-09-18,US,Texas,Menard,26,0,0,30.88990665,-99.82047940000001,48327.0,1216.0898035547239,0.0,26,26,0,0,26,26,2139,0,0,0,0,0
2020-09-18,US,Texas,Midland,3551,81,0,31.86904128,-102.03156820000001,48329.0,2008.12070213536,2.2810475922275417,3470,3528,79,0,3449,3512,172578,23,2,0,21,16
2020-09-18,US,Texas,Milam,478,5,0,30.78581830000001,-96.97718698,48331.0,1925.6334850743265,1.0460251046025104,473,476,5,0,471,471,25131,2,0,0,2,5
2020-09-18,US,Texas,Mills,51,0,0,31.49557106,-98.59272068,48333.0,1046.583213626103,0.0,51,50,0,0,50,46,4921,1,0,0,1,4
2020-09-18,US,Texas,Mitchell,84,1,0,32.30623474,-100.9212058,48335.0,983.0310122878876,1.1904761904761905,83,84,1,0,83,82,8145,0,0,0,0,2
2020-09-18,US,Texas,Montague,164,3,0,33.67521893,-97.72500958,48337.0,827.5305278030072,1.8292682926829267,161,163,3,0,160,161,19596,1,0,0,1,2
2020-09-18,US,Texas,Montgomery,10571,155,0,30.30079133,-95.50572772,48339.0,1740.3945728534009,1.4662756598240467,10416,10449,152,0,10297,10343,590925,122,3,0,119,106
2020-09-18,US,Texas,Moore,1146,20,0,35.83769242,-101.8930281,48341.0,5472.779369627508,1.7452006980802792,1126,1140,20,0,1120,1140,21485,6,0,0,6,0
2020-09-18,US,Texas,Morris,176,3,0,33.11304005,-94.73255695,48343.0,1420.7297384565707,1.7045454545454546,173,175,3,0,172,174,12339,1,0,0,1,1
2020-09-18,US,Texas,Motley,7,0,0,34.07408766,-100.77972199999999,48345.0,583.3333333333334,0.0,7,7,0,0,7,7,1234,0,0,0,0,0
2020-09-18,US,Texas,Nacogdoches,1508,59,0,31.62017125,-94.61803994,48347.0,2312.741549598184,3.9124668435013263,1449,1501,58,0,1443,1484,65711,7,1,0,6,17
2020-09-18,US,Texas,Navarro,1217,24,0,32.04620681,-96.47428766,48349.0,2428.5115638656634,1.9720624486442069,1193,1207,24,0,1183,1204,49565,10,0,0,10,3
2020-09-18,US,Texas,Newton,171,9,0,30.78548982,-93.74408813,48351.0,1257.815373299007,5.2631578947368425,162,170,9,0,161,170,13746,1,0,0,1,0
2020-09-18,US,Texas,Nolan,206,4,0,32.30365282,-100.4060208,48353.0,1400.0271849938833,1.9417475728155342,202,199,4,0,195,192,14751,7,0,0,7,7
2020-09-18,US,Texas,Nueces,19956,401,0,27.736286,-97.5433285,48355.0,5508.233644498667,2.009420725596312,19555,19913,401,0,19512,19875,362265,43,0,0,43,38
2020-09-18,US,Texas,Ochiltree,127,4,0,36.27829105,-100.8158184,48357.0,1291.1752745018302,3.1496062992125986,123,122,4,0,118,122,9947,5,0,0,5,0
2020-09-18,US,Texas,Oldham,15,1,0,35.40425596,-102.6027606,48359.0,710.2272727272727,6.666666666666668,14,15,1,0,14,15,2131,0,0,0,0,0
2020-09-18,US,Texas,Orange,1883,41,0,30.11879481,-93.89412775,48361.0,2257.902057652645,2.177376526818906,1842,1882,40,0,1842,1844,83572,1,1,0,0,38
2020-09-18,US,Texas,Palo Pinto,502,15,0,32.75310985,-98.31319001,48363.0,1719.8259618349375,2.98804780876494,487,490,15,0,475,486,28875,12,0,0,12,4
2020-09-18,US,Texas,Panola,361,25,0,32.163959600000005,-94.30552481,48365.0,1556.437009571441,6.9252077562326875,336,360,25,0,335,355,23148,1,0,0,1,5
2020-09-18,US,Texas,Parker,1822,31,0,32.77757172,-97.80500621,48367.0,1275.2138187824578,1.7014270032930845,1791,1817,31,0,1786,1792,138371,5,0,0,5,25
2020-09-18,US,Texas,Parmer,409,7,0,34.52993409,-102.78446679999999,48369.0,4258.198854763145,1.7114914425427872,402,407,7,0,400,406,9864,2,0,0,2,1
2020-09-18,US,Texas,Pecos,356,5,0,30.78097267,-102.72412609999999,48371.0,2249.8894015041396,1.404494382022472,351,354,5,0,349,352,15673,2,0,0,2,2
2020-09-18,US,Texas,Polk,828,22,0,30.79472531,-94.82766240000001,48373.0,1612.3692870913092,2.6570048309178738,806,824,22,0,802,811,50031,4,0,0,4,13
2020-09-18,US,Texas,Potter,4517,61,0,35.40133773,-101.893964,48375.0,3847.038283013244,1.3504538410449414,4456,4496,60,0,4436,4440,119648,21,1,0,20,56
2020-09-18,US,Texas,Presidio,95,5,0,29.99954402,-104.24080790000001,48377.0,1417.0644391408114,5.2631578947368425,90,95,5,0,90,94,6948,0,0,0,0,1
2020-09-18,US,Texas,Rains,64,3,0,32.87109387,-95.79232691,48379.0,511.4272015342816,4.6875,61,63,3,0,60,63,12159,1,0,0,1,0
2020-09-18,US,Texas,Randall,2568,37,0,34.96585996,-101.8971322,48381.0,1864.7476999266592,1.440809968847352,2531,2553,37,0,2516,2515,136271,15,0,0,15,38
2020-09-18,US,Texas,Reagan,86,6,0,31.36607041,-101.52326590000001,48383.0,2234.346583528189,6.9767441860465125,80,86,6,0,80,86,3741,0,0,0,0,0
2020-09-18,US,Texas,Real,105,7,0,29.83321503,-99.82018052,48385.0,3041.7149478563147,6.666666666666668,98,105,7,0,98,105,3478,0,0,0,0,0
2020-09-18,US,Texas,Red River,158,14,0,33.61886692,-95.04841765,48387.0,1314.147883223821,8.860759493670884,144,158,14,0,144,158,12175,0,0,0,0,0
2020-09-18,US,Texas,Reeves,187,6,0,31.32323325,-103.69038959999999,48389.0,1170.505758637957,3.2085561497326203,181,186,6,0,180,186,15695,1,0,0,1,0
2020-09-18,US,Texas,Refugio,301,12,0,28.323897600000002,-97.15766311,48391.0,4332.181922855498,3.986710963455149,289,301,12,0,289,301,7032,0,0,0,0,0
2020-09-18,US,Texas,Roberts,9,0,0,35.83809685,-100.813175,48393.0,1053.864168618267,0.0,9,9,0,0,9,9,903,0,0,0,0,0
2020-09-18,US,Texas,Robertson,290,4,0,31.02539637,-96.51272246,48395.0,1698.4889305376596,1.3793103448275863,286,285,4,0,281,284,17284,5,0,0,5,1
2020-09-18,US,Texas,Rockwall,1543,25,0,32.89779518,-96.40771592,48397.0,1470.7143878377735,1.6202203499675956,1518,1519,25,0,1494,1498,100657,24,0,0,24,21
2020-09-18,US,Texas,Runnels,244,5,0,31.8314342,-99.97616148,48399.0,2377.240841777085,2.0491803278688523,239,242,5,0,237,242,10234,2,0,0,2,0
2020-09-18,US,Texas,Rusk,867,6,0,32.10773545,-94.76176432,48401.0,1593.5742381354999,0.6920415224913494,861,849,6,0,843,846,54450,18,0,0,18,3
2020-09-18,US,Texas,Sabine,77,8,0,31.34318809,-93.85440451,48403.0,730.4116865869853,10.389610389610391,69,77,8,0,69,77,10589,0,0,0,0,0
2020-09-18,US,Texas,San Augustine,199,15,0,31.39457611,-94.17000399,48405.0,2415.928129173243,7.537688442211055,184,199,14,0,185,197,8232,0,1,0,-1,2
2020-09-18,US,Texas,San Jacinto,224,9,0,30.57933681,-95.16260304,48407.0,776.1876710904744,4.017857142857143,215,222,9,0,213,221,28719,2,0,0,2,1
2020-09-18,US,Texas,San Patricio,1401,72,0,28.00880118,-97.51763891,48409.0,2099.5054698036865,5.139186295503212,1329,1398,72,0,1326,1393,66893,3,0,0,3,5
2020-09-18,US,Texas,San Saba,46,0,0,31.1577796,-98.81758731,48411.0,759.7027250206443,0.0,46,45,0,0,45,43,6054,1,0,0,1,2
2020-09-18,US,Texas,Schleicher,52,2,0,30.89740592,-100.5384842,48413.0,1861.7973505191546,3.8461538461538463,50,51,2,0,49,51,2895,1,0,0,1,0
2020-09-18,US,Texas,Scurry,601,2,0,32.74613808,-100.91626640000001,48415.0,3598.156019876669,0.33277870216306155,599,601,2,0,599,601,16866,0,0,0,0,0
2020-09-18,US,Texas,Shackelford,24,0,0,32.73587756,-99.35401337,48417.0,735.0689127105666,0.0,24,24,0,0,24,23,3253,0,0,0,0,1
2020-09-18,US,Texas,Shelby,461,22,0,31.79211404,-94.14550696,48419.0,1824.0088628630206,4.772234273318872,439,460,22,0,438,458,25418,1,0,0,1,2
2020-09-18,US,Texas,Sherman,59,0,0,36.27751473,-101.8933156,48421.0,1952.3494374586369,0.0,59,59,0,0,59,58,3079,0,0,0,0,1
2020-09-18,US,Texas,Smith,3587,94,0,32.37474036,-95.27175679999999,48423.0,1541.131939282753,2.6205742960691385,3493,3557,91,0,3466,3538,230221,30,3,0,27,19
2020-09-18,US,Texas,Somervell,137,5,0,32.22236802,-97.77403489,48425.0,1500.8764241893075,3.6496350364963503,132,134,5,0,129,134,9016,3,0,0,3,0
2020-09-18,US,Texas,Starr,3317,154,0,26.56150059,-98.73892358,48427.0,5132.053285473365,4.642749472414833,3163,3278,154,0,3124,3278,64525,39,0,0,39,0
2020-09-18,US,Texas,Stephens,129,4,0,32.73553157,-98.83631615,48429.0,1377.3222293401666,3.1007751937984502,125,127,4,0,123,126,9433,2,0,0,2,1
2020-09-18,US,Texas,Sterling,4,0,0,31.82781912,-101.05007459999999,48431.0,309.8373353989156,0.0,4,4,0,0,4,4,1311,0,0,0,0,0
2020-09-18,US,Texas,Stonewall,11,1,0,33.17906744,-100.25384009999999,48433.0,814.8148148148148,9.090909090909092,10,11,1,0,10,10,1362,0,0,0,0,1
2020-09-18,US,Texas,Sutton,81,3,0,30.49856623,-100.5382014,48435.0,2145.127118644068,3.703703703703704,78,81,3,0,78,81,3758,0,0,0,0,0
2020-09-18,US,Texas,Swisher,98,3,0,34.53028891,-101.73491740000001,48437.0,1324.8614303095849,3.0612244897959178,95,97,3,0,94,100,7462,1,0,0,1,-3
2020-09-18,US,Texas,Tarrant,46150,684,0,32.77143818,-97.29101614,48439.0,2194.9902854438615,1.4821235102925243,45466,45868,679,0,45189,45583,2084931,282,5,0,277,285
2020-09-18,US,Texas,Taylor,1415,47,0,32.30163422,-99.89007449,48441.0,1025.109755567469,3.3215547703180213,1368,1411,47,0,1364,1406,137640,4,0,0,4,5
2020-09-18,US,Texas,Terrell,3,0,0,30.22429013,-102.0766732,48443.0,386.59793814432993,0.0,3,3,0,0,3,3,823,0,0,0,0,0
2020-09-18,US,Texas,Terry,226,4,0,33.17402785,-102.3354521,48445.0,1831.8878171354465,1.7699115044247788,222,223,4,0,219,223,12287,3,0,0,3,0
2020-09-18,US,Texas,Throckmorton,7,2,0,33.17751417,-99.21226795,48447.0,466.3557628247835,28.57142857142857,5,6,2,0,4,6,1515,1,0,0,1,0
2020-09-18,US,Texas,Titus,1557,28,0,33.21339719,-94.96797273,48449.0,4754.198473282443,1.7983301220295438,1529,1542,28,0,1514,1542,33033,15,0,0,15,0
2020-09-18,US,Texas,Tom Green,3536,62,0,31.40464436,-100.46244300000001,48451.0,2966.442953020134,1.7533936651583708,3474,3522,62,0,3460,3499,118189,14,0,0,14,23
2020-09-18,US,Texas,Travis,28375,414,0,30.33432034,-97.78535620000001,48453.0,2227.317469861549,1.4590308370044054,27961,28212,413,0,27799,28103,1248743,163,1,0,162,109
2020-09-18,US,Texas,Trinity,191,6,0,31.0879489,-95.1367187,48455.0,1303.6652788205586,3.141361256544503,185,191,6,0,185,189,14740,0,0,0,0,2
2020-09-18,US,Texas,Tyler,209,4,0,30.77031716,-94.37690895,48457.0,964.3779992617202,1.9138755980861244,205,207,4,0,203,207,21696,2,0,0,2,0
2020-09-18,US,Texas,Upshur,374,9,0,32.73706798,-94.93999853,48459.0,895.7440183938878,2.406417112299465,365,368,9,0,359,366,41260,6,0,0,6,2
2020-09-18,US,Texas,Upton,23,2,0,31.36868194,-102.0423217,48461.0,628.9308176100631,8.695652173913043,21,22,2,0,20,22,3671,1,0,0,1,0
2020-09-18,US,Texas,Uvalde,748,30,0,29.35739637,-99.76229172,48463.0,2797.2027972027972,4.0106951871657746,718,748,30,0,718,743,26846,0,0,0,0,5
2020-09-18,US,Texas,Val Verde,2124,98,0,29.89149232,-101.1525205,48465.0,4332.48342682305,4.613935969868173,2026,1957,98,0,1859,1957,49208,167,0,0,167,0
2020-09-18,US,Texas,Van Zandt,565,18,0,32.56483801,-95.83766469,48467.0,998.4096130058313,3.1858407079646023,547,556,18,0,538,555,56019,9,0,0,9,1
2020-09-18,US,Texas,Victoria,3984,93,0,28.79780988,-96.96813006,48469.0,4326.484514139264,2.3343373493975905,3891,3972,92,0,3880,3960,92035,12,1,0,11,12
2020-09-18,US,Texas,Walker,3587,53,0,30.73872995,-95.57440968,48471.0,4915.651423168108,1.4775578477836633,3534,3567,53,0,3514,3686,72480,20,0,0,20,-119
2020-09-18,US,Texas,Waller,812,11,0,30.01058447,-95.99011759,48473.0,1469.789668030265,1.354679802955665,801,808,11,0,797,801,53126,4,0,0,4,7
2020-09-18,US,Texas,Ward,120,1,0,31.50999644,-103.09279090000001,48475.0,1000.1666944490747,0.8333333333333334,119,119,1,0,118,119,11720,1,0,0,1,0
2020-09-18,US,Texas,Washington,624,48,0,30.21498498,-96.40946246,48477.0,1739.033498690151,7.6923076923076925,576,621,48,0,573,616,35108,3,0,0,3,5
2020-09-18,US,Texas,Webb,13053,281,0,27.7610369,-99.33237355,48479.0,4718.201928776947,2.1527618172067724,12772,12984,280,0,12704,12810,275910,69,1,0,68,174
2020-09-18,US,Texas,Wharton,1314,50,0,29.27765923,-96.22319248,48481.0,3161.998267398209,3.8051750380517504,1264,1309,50,0,1259,1278,41619,5,0,0,5,31
2020-09-18,US,Texas,Wheeler,46,0,0,35.40114335,-100.26995140000001,48483.0,909.8101265822785,0.0,46,44,0,0,44,43,5191,2,0,0,2,1
2020-09-18,US,Texas,Wichita,1599,19,0,33.98842886,-98.70410340000001,48485.0,1209.2565983513575,1.1882426516572857,1580,1570,19,0,1551,1546,132064,29,0,0,29,24
2020-09-18,US,Texas,Wilbarger,131,2,0,34.07945812,-99.24178437,48487.0,1025.9221552196727,1.5267175572519085,129,131,2,0,129,131,12820,0,0,0,0,0
2020-09-18,US,Texas,Willacy,1195,48,0,26.47411727,-97.61535848,48489.0,5595.093173518119,4.01673640167364,1147,1195,46,0,1149,1194,21515,0,2,0,-2,1
2020-09-18,US,Texas,Williamson,8385,139,0,30.64655664,-97.60048540000001,48491.0,1419.8604354238669,1.6577221228384018,8246,8331,139,0,8192,8296,566719,54,0,0,54,35
2020-09-18,US,Texas,Wilson,572,26,0,29.1732598,-98.08693082,48493.0,1120.0313295476797,4.545454545454546,546,572,26,0,546,571,50224,0,0,0,0,1
2020-09-18,US,Texas,Winkler,110,1,0,31.85008651,-103.04851629999999,48495.0,1373.283395755306,0.9090909090909092,109,110,1,0,109,109,7720,0,0,0,0,1
2020-09-18,US,Texas,Wise,712,13,0,33.21570665,-97.65460265,48497.0,1017.3754000914496,1.8258426966292132,699,710,13,0,697,705,68305,2,0,0,2,5
2020-09-18,US,Texas,Wood,491,21,0,32.78722382,-95.38236368,48499.0,1078.196710511869,4.2769857433808545,470,477,20,0,457,472,45129,14,1,0,13,5
2020-09-18,US,Texas,Yoakum,198,4,0,33.17320212,-102.82764329999999,48501.0,2272.466429473201,2.0202020202020203,194,198,4,0,194,199,8591,0,0,0,0,-1
2020-09-18,US,Texas,Young,266,6,0,33.17659707,-98.68790885,48503.0,1476.9572459744586,2.255639097744361,260,259,6,0,253,258,18045,7,0,0,7,1
2020-09-18,US,Texas,Zapata,325,6,0,27.00156391,-99.16987152,48505.0,2292.122152479018,1.8461538461538465,319,323,6,0,317,321,14190,2,0,0,2,2
2020-09-18,US,Texas,Zavala,289,16,0,28.86617238,-99.76050829,48507.0,2440.878378378379,5.536332179930795,273,283,16,0,267,284,11983,6,0,0,6,-1
2020-09-18,US,Utah,Bear River,3013,11,0,41.52106798,-113.08328159999999,0.0,1612.7996231626505,0.3650846332558911,3002,2961,11,0,2950,2923,,52,0,0,52,38
2020-09-18,US,Utah,Central Utah,580,3,0,39.37231946,-111.5758676,0.0,707.7140835102617,0.5172413793103449,577,575,3,0,572,567,,5,0,0,5,8
2020-09-18,US,Utah,Davis,4588,28,0,40.99001837,-112.1139997,49011.0,1290.6456322560134,0.6102877070619006,4560,4536,28,0,4508,4486,351713,52,0,0,52,50
2020-09-18,US,Utah,Salt Lake,27454,244,0,40.66616532,-111.92160109999999,49035.0,2365.832871581999,0.8887593793254169,27210,27061,244,0,26817,26723,1152633,393,0,0,393,338
2020-09-18,US,Utah,San Juan,684,29,0,37.62762978,-109.80337140000002,49037.0,4468.251894434283,4.239766081871345,655,683,29,0,654,684,15449,1,0,0,1,-1
2020-09-18,US,Utah,Southeast Utah,168,1,0,38.99617072,-110.70139579999999,0.0,417.60918740212287,0.5952380952380952,167,168,1,0,167,167,,0,0,0,0,1
2020-09-18,US,Utah,Southwest Utah,3963,29,0,37.85447192,-111.4418764,0.0,1572.3569881210276,0.7317688619732526,3934,3926,29,0,3897,3903,,37,0,0,37,23
2020-09-18,US,Utah,Summit,930,1,0,40.86688146,-110.9535882,49043.0,2206.6674575869024,0.10752688172043012,929,927,1,0,926,925,41933,3,0,0,3,2
2020-09-18,US,Utah,Tooele,797,0,0,40.44862644,-113.12957150000001,49045.0,1102.9767918183204,0.0,797,785,0,0,785,780,69907,12,0,0,12,5
2020-09-18,US,Utah,TriCounty,226,2,0,40.12491499,-109.5174415,0.0,399.13814418423937,0.8849557522123894,224,227,2,0,225,229,,-1,0,0,-1,-2
2020-09-18,US,Utah,Utah,14746,53,0,40.116672200000004,-111.66576620000001,49049.0,2317.6970773377757,0.35941950359419506,14693,14245,53,0,14192,13837,622213,501,0,0,501,408
2020-09-18,US,Utah,Wasatch,692,7,0,40.33110236,-111.1691419,49051.0,2029.8612537033234,1.0115606936416186,685,687,7,0,680,681,33240,5,0,0,5,6
2020-09-18,US,Utah,Weber-Morgan,3934,29,0,41.27116049,-111.9145117,0.0,1444.5337945266342,0.7371631926792069,3905,3877,29,0,3848,3842,,57,0,0,57,35
2020-09-18,US,Vermont,Addison,82,2,0,44.03217337,-73.14130877,50001.0,222.9654403567447,2.4390243902439024,80,82,2,0,80,82,36973,0,0,0,0,0
2020-09-18,US,Vermont,Bennington,108,1,0,43.03519828,-73.09048868,50003.0,304.4826614040033,0.925925925925926,107,108,1,0,107,108,35631,0,0,0,0,0
2020-09-18,US,Vermont,Caledonia,34,0,0,44.46548598,-72.10314651,50005.0,113.35978394958825,0.0,34,34,0,0,34,34,30302,0,0,0,0,0
2020-09-18,US,Vermont,Chittenden,827,39,0,44.46322849,-73.08359212,50007.0,504.96415792494537,4.71584038694075,788,825,39,0,786,822,164572,2,0,0,2,3
2020-09-18,US,Vermont,Essex,6,0,0,44.72736416,-71.73579864,50009.0,97.35518416355671,0.0,6,6,0,0,6,6,6250,0,0,0,0,0
2020-09-18,US,Vermont,Franklin,123,7,0,44.85627605,-72.91249563,50011.0,248.97777417918306,5.691056910569106,116,123,7,0,116,123,49421,0,0,0,0,0
2020-09-18,US,Vermont,Grand Isle,14,0,0,44.797582399999996,-73.29679772,50013.0,193.503800967519,0.0,14,14,0,0,14,14,7090,0,0,0,0,0
2020-09-18,US,Vermont,Lamoille,51,1,0,44.60353043,-72.64356694,50015.0,201.0882422521883,1.96078431372549,50,51,1,0,50,51,25300,0,0,0,0,0
2020-09-18,US,Vermont,Orange,22,0,0,44.00470222,-72.37640104,50017.0,76.14564585352346,0.0,22,22,0,0,22,22,28999,0,0,0,0,0
2020-09-18,US,Vermont,Orleans,21,0,0,44.82964024,-72.24562697,50019.0,77.67133927580724,0.0,21,21,0,0,21,21,26907,0,0,0,0,0
2020-09-18,US,Vermont,Rutland,128,1,0,43.57723578,-73.03741676,50021.0,219.96528672818818,0.78125,127,129,1,0,128,129,58672,-1,0,0,-1,0
2020-09-18,US,Vermont,Unassigned,8,0,0,0.0,0.0,90050.0,0.0,0.0,8,8,0,0,8,8,,0,0,0,0,0
2020-09-18,US,Vermont,Washington,76,2,0,44.27343241,-72.61604978,50023.0,130.11693403413858,2.631578947368421,74,76,2,0,74,76,58140,0,0,0,0,0
2020-09-18,US,Vermont,Windham,123,3,0,42.986982,-72.71268875,50025.0,291.3173227227512,2.4390243902439024,120,123,3,0,120,123,42756,0,0,0,0,0
2020-09-18,US,Vermont,Windsor,83,2,0,43.58010937,-72.58595157,50027.0,150.73916675747338,2.409638554216868,81,83,2,0,81,83,55286,0,0,0,0,0
2020-09-18,US,Virginia,Accomack,1167,19,0,37.76707161,-75.63234615,51001.0,3611.214259190494,1.6281062553556127,1148,1163,19,0,1144,1161,32412,4,0,0,4,2
2020-09-18,US,Virginia,Albemarle,1158,20,0,38.02080697,-78.55481085,51003.0,1059.1786334949236,1.7271157167530224,1138,1150,20,0,1130,1145,108718,8,0,0,8,5
2020-09-18,US,Virginia,Alexandria,3671,67,0,38.814003,-77.08183073,51510.0,2302.606819379281,1.8251157722691365,3604,3649,66,0,3583,3628,160530,22,1,0,21,21
2020-09-18,US,Virginia,Alleghany,78,4,0,37.78636074,-80.00222498,51005.0,524.8990578734858,5.128205128205129,74,77,4,0,73,77,14910,1,0,0,1,0
2020-09-18,US,Virginia,Amelia,121,4,0,37.34081025,-77.98584649,51007.0,920.5020920502092,3.3057851239669422,117,122,4,0,118,121,13013,-1,0,0,-1,1
2020-09-18,US,Virginia,Amherst,367,4,0,37.60308293,-79.14548696,51009.0,1161.2086695143173,1.0899182561307903,363,357,3,0,354,354,31666,10,1,0,9,3
2020-09-18,US,Virginia,Appomattox,200,2,0,37.37569884,-78.81340003,51011.0,1256.992018100685,1.0,198,199,2,0,197,198,15841,1,0,0,1,1
2020-09-18,US,Virginia,Arlington,3819,146,0,38.8767675,-77.10139853,51013.0,1612.467383318837,3.8229903115998947,3673,3791,146,0,3645,3779,237521,28,0,0,28,12
2020-09-18,US,Virginia,Augusta,454,7,0,38.16404586,-79.12461614,51015.0,600.8629132586886,1.5418502202643172,447,452,7,0,445,443,75457,2,0,0,2,9
2020-09-18,US,Virginia,Bath,6,1,0,38.05852573,-79.73912095,51017.0,144.68290330359298,16.666666666666668,5,6,1,0,5,4,4292,0,0,0,0,2
2020-09-18,US,Virginia,Bedford,689,12,0,37.3080028,-79.5281964,51019.0,872.1850196842917,1.741654571843251,677,681,12,0,669,666,78747,8,0,0,8,15
2020-09-18,US,Virginia,Bland,64,4,0,37.13128068,-81.13599391,51021.0,1019.108280254777,6.25,60,64,4,0,60,64,6293,0,0,0,0,0
2020-09-18,US,Virginia,Botetourt,283,10,0,37.55531756,-79.80982182,51023.0,846.823663185613,3.53356890459364,273,281,10,0,271,280,33277,2,0,0,2,1
2020-09-18,US,Virginia,Bristol,174,3,0,36.616302399999995,-82.16359122,51520.0,1038.0622837370242,1.7241379310344829,171,171,3,0,168,169,16482,3,0,0,3,2
2020-09-18,US,Virginia,Brunswick,341,4,0,36.76366949,-77.8593436,51025.0,2100.917996426591,1.1730205278592376,337,340,3,0,337,336,16384,1,1,0,0,4
2020-09-18,US,Virginia,Buchanan,120,2,0,37.26818323,-82.03749726,51027.0,571.3197486193106,1.6666666666666667,118,113,2,0,111,113,21221,7,0,0,7,0
2020-09-18,US,Virginia,Buckingham,675,9,0,37.57242268,-78.52518834,51029.0,3936.31910426872,1.3333333333333333,666,675,9,0,666,671,16999,0,0,0,0,4
2020-09-18,US,Virginia,Buena Vista,79,1,0,37.73484642,-79.35296097,51530.0,1219.5121951219512,1.2658227848101269,78,78,1,0,77,78,6237,1,0,0,1,0
2020-09-18,US,Virginia,Campbell,395,4,0,37.20553386,-79.09678609,51031.0,719.686617472898,1.0126582278481011,391,393,4,0,389,388,54973,2,0,0,2,5
2020-09-18,US,Virginia,Caroline,326,5,0,38.02679129,-77.34901405,51033.0,1061.0252237591535,1.5337423312883436,321,303,5,0,298,302,30772,23,0,0,23,1
2020-09-18,US,Virginia,Carroll,468,21,0,36.73066666,-80.73455942,51035.0,1570.9442449061794,4.487179487179487,447,465,21,0,444,465,29636,3,0,0,3,0
2020-09-18,US,Virginia,Charles City,81,5,0,37.35358063,-77.05634116,51036.0,1163.2916846186988,6.172839506172839,76,81,5,0,76,79,6941,0,0,0,0,2
2020-09-18,US,Virginia,Charlotte,99,0,0,37.01909701,-78.66314092,51037.0,833.3333333333335,0.0,99,98,0,0,98,97,11938,1,0,0,1,1
2020-09-18,US,Virginia,Charlottesville,1021,27,0,38.03527919,-78.48569588,51540.0,2160.1150933017393,2.6444662095984333,994,961,26,0,935,935,48117,60,1,0,59,26
2020-09-18,US,Virginia,Chesapeake,4169,66,0,36.67670048,-76.30545744,51550.0,1702.7794228766309,1.5831134564643798,4103,4141,58,0,4083,4119,242634,28,8,0,20,22
2020-09-18,US,Virginia,Chesterfield,5702,90,0,37.37373208,-77.58680140000001,51041.0,1616.2039897733007,1.578393546124167,5612,5656,91,0,5565,5628,348556,46,-1,0,47,28
2020-09-18,US,Virginia,Clarke,91,0,0,39.11271747,-77.99199425,51043.0,622.4775976468977,0.0,91,90,0,0,90,88,14523,1,0,0,1,2
2020-09-18,US,Virginia,Colonial Heights,242,24,0,37.26420587,-77.39609676,51570.0,1393.2066781807714,9.917355371900827,218,242,24,0,218,241,17833,0,0,0,0,1
2020-09-18,US,Virginia,Covington,30,0,0,37.7824656,-79.98631446,51580.0,541.7118093174431,0.0,30,30,0,0,30,30,5460,0,0,0,0,0
2020-09-18,US,Virginia,Craig,29,0,0,37.48133648,-80.21072274,51045.0,565.191970376145,0.0,29,27,0,0,27,26,5064,2,0,0,2,1
2020-09-18,US,Virginia,Culpeper,1176,16,0,38.48199985,-77.95630870000002,51047.0,2235.5289421157686,1.3605442176870748,1160,1170,16,0,1154,1167,51859,6,0,0,6,3
2020-09-18,US,Virginia,Cumberland,102,1,0,37.51328851,-78.24398086,51049.0,1026.983487716472,0.9803921568627452,101,102,1,0,101,102,9809,0,0,0,0,0
2020-09-18,US,Virginia,Danville,812,22,0,36.58022376,-79.40395668,51590.0,2027.7694536010388,2.70935960591133,790,796,22,0,774,783,40693,16,0,0,16,13
2020-09-18,US,Virginia,Dickenson,85,1,0,37.12560977,-82.35124171,51051.0,593.6583321692974,1.1764705882352942,84,81,1,0,80,79,14523,4,0,0,4,2
2020-09-18,US,Virginia,Dinwiddie,355,10,0,37.07544585,-77.63451754,51053.0,1243.6939461883408,2.8169014084507036,345,347,10,0,337,343,28529,8,0,0,8,4
2020-09-18,US,Virginia,Emporia,245,25,0,36.69455571,-77.53406129,51595.0,4582.865693976805,10.20408163265306,220,245,24,0,221,244,5121,0,1,0,-1,1
2020-09-18,US,Virginia,Essex,169,2,0,37.93357639,-76.94230311,51057.0,1542.9562676892176,1.183431952662722,167,164,2,0,162,163,10919,5,0,0,5,1
2020-09-18,US,Virginia,Fairfax,20041,574,0,38.83677558,-77.27565836,51059.0,1746.4436721590334,2.8641285365001745,19467,19921,573,0,19348,19837,1150795,120,1,0,119,84
2020-09-18,US,Virginia,Fairfax,20041,574,0,38.83677558,-77.27565836,51059.0,1746.4436721590334,2.8641285365001745,19467,19921,573,0,19348,19837,24574,120,1,0,119,84
2020-09-18,US,Virginia,Fairfax City,133,7,0,38.85157547,-77.29779640000002,51600.0,553.7282984304093,5.2631578947368425,126,133,7,0,126,132,24574,0,0,0,0,1
2020-09-18,US,Virginia,Falls Church,68,6,0,38.88485255,-77.17560759,51610.0,465.21173975507963,8.823529411764708,62,67,6,0,61,66,14772,1,0,0,1,1
2020-09-18,US,Virginia,Fauquier,897,21,0,38.73564842,-77.80647472,51061.0,1259.4423071522845,2.34113712374582,876,885,21,0,864,877,70675,12,0,0,12,8
2020-09-18,US,Virginia,Floyd,189,5,0,36.9302126,-80.36738849,51063.0,1200.0761953139881,2.6455026455026456,184,188,5,0,183,189,15795,1,0,0,1,-1
2020-09-18,US,Virginia,Fluvanna,341,9,0,37.84157909,-78.27715475,51065.0,1250.4583791712505,2.6392961876832843,332,336,9,0,327,288,26783,5,0,0,5,48
2020-09-18,US,Virginia,Franklin,194,1,0,36.99536167,-79.88023649,51067.0,346.1689447200313,0.5154639175257731,193,194,1,0,193,194,56195,0,0,0,0,0
2020-09-18,US,Virginia,Franklin,194,1,0,36.99536167,-79.88023649,51067.0,346.1689447200313,0.5154639175257731,193,194,1,0,193,194,8013,0,0,0,0,0
2020-09-18,US,Virginia,Franklin City,383,9,0,36.6831435,-76.93859681,51620.0,4807.330237228568,2.3498694516971277,374,380,9,0,371,377,8013,3,0,0,3,3
2020-09-18,US,Virginia,Frederick,833,11,0,39.20172582,-78.25974949,51069.0,932.6749745277845,1.3205282112845138,822,829,11,0,818,823,88355,4,0,0,4,6
2020-09-18,US,Virginia,Fredericksburg,524,5,0,38.2977863,-77.4922454,51630.0,1804.6562887450061,0.9541984732824428,519,523,5,0,518,518,29144,1,0,0,1,5
2020-09-18,US,Virginia,Galax,407,30,0,36.66601852,-80.91703124,51640.0,6412.478336221837,7.371007371007371,377,406,30,0,376,406,6423,1,0,0,1,0
2020-09-18,US,Virginia,Giles,78,0,0,37.31234791,-80.70636931,51071.0,466.50717703349284,0.0,78,74,0,0,74,73,16844,4,0,0,4,1
2020-09-18,US,Virginia,Gloucester,225,2,0,37.40809042,-76.53524337,51073.0,602.4418978258541,0.8888888888888888,223,226,2,0,224,226,37349,-1,0,0,-1,0
2020-09-18,US,Virginia,Goochland,254,7,0,37.71714806,-77.90381514,51075.0,1069.3386098598069,2.755905511811024,247,252,7,0,245,252,23244,2,0,0,2,0
2020-09-18,US,Virginia,Grayson,292,10,0,36.65677234,-81.23215889,51077.0,1877.8135048231507,3.4246575342465757,282,292,10,0,282,292,15631,0,0,0,0,0
2020-09-18,US,Virginia,Greene,208,3,0,38.29545894,-78.46525378,51079.0,1049.4979565063827,1.4423076923076923,205,208,3,0,205,207,19779,0,0,0,0,1
2020-09-18,US,Virginia,Greensville,763,11,0,36.67878901,-77.56351439,51081.0,6730.769230769231,1.4416775884665791,752,761,11,0,750,741,11627,2,0,0,2,20
2020-09-18,US,Virginia,Halifax,316,5,0,36.76654925,-78.93512622,51083.0,931.8510217923388,1.5822784810126582,311,310,4,0,306,304,34120,6,1,0,5,6
2020-09-18,US,Virginia,Hampton,1761,21,0,37.03513786,-76.35879121,51650.0,1309.1963422793845,1.192504258943782,1740,1748,20,0,1728,1736,134313,13,1,0,12,12
2020-09-18,US,Virginia,Hanover,1198,35,0,37.7583355,-77.49464673,51085.0,1111.667872984058,2.921535893155258,1163,1195,35,0,1160,1190,107239,3,0,0,3,5
2020-09-18,US,Virginia,Harrisonburg,2405,34,0,38.43542574,-78.87536254,51660.0,4536.3663799607675,1.4137214137214138,2371,2343,34,0,2309,2293,54033,62,0,0,62,50
2020-09-18,US,Virginia,Henrico,5182,206,0,37.53460572,-77.39326555,51087.0,1566.4202068811248,3.9752991123118484,4976,5155,205,0,4950,5120,329261,27,1,0,26,35
2020-09-18,US,Virginia,Henry,991,19,0,36.68542395,-79.87634026,51089.0,1960.163775540479,1.917255297679112,972,983,18,0,965,971,50953,8,1,0,7,12
2020-09-18,US,Virginia,Highland,6,0,0,38.35799465,-79.56124594,51091.0,273.97260273972597,0.0,6,6,0,0,6,6,2210,0,0,0,0,0
2020-09-18,US,Virginia,Hopewell,378,7,0,37.29186313,-77.29754684,51670.0,1677.8374539482447,1.851851851851852,371,376,7,0,369,372,22596,2,0,0,2,4
2020-09-18,US,Virginia,Isle of Wight,688,16,0,36.90579348,-76.70842863,51093.0,1853.9976825028966,2.3255813953488373,672,683,16,0,667,672,36953,5,0,0,5,11
2020-09-18,US,Virginia,James City,818,19,0,37.31156958,-76.76950618,51095.0,1068.9596591874338,2.3227383863080684,799,812,19,0,793,804,76397,6,0,0,6,8
2020-09-18,US,Virginia,King George,226,4,0,38.26818502,-77.15852768,51099.0,842.1523326874346,1.7699115044247788,222,226,4,0,222,225,26575,0,0,0,0,1
2020-09-18,US,Virginia,King William,147,2,0,37.70965316,-77.09384941,51101.0,857.2428271518545,1.3605442176870748,145,146,2,0,144,142,16939,1,0,0,1,4
2020-09-18,US,Virginia,King and Queen,66,1,0,37.71044922,-76.88689628,51097.0,939.5017793594307,1.5151515151515151,65,66,1,0,65,66,7042,0,0,0,0,0
2020-09-18,US,Virginia,Lancaster,127,0,0,37.71889653,-76.46400482,51103.0,1197.7742148448551,0.0,127,120,0,0,120,115,10783,7,0,0,7,5
2020-09-18,US,Virginia,Lee,255,6,0,36.70586667,-83.12606515,51105.0,1088.6735260214318,2.3529411764705883,249,254,6,0,248,251,23541,1,0,0,1,3
2020-09-18,US,Virginia,Lexington,51,1,0,37.78258621,-79.44262866,51678.0,684.931506849315,1.96078431372549,50,49,1,0,48,48,7136,2,0,0,2,1
2020-09-18,US,Virginia,Loudoun,6615,122,0,39.08990083,-77.63481877,51107.0,1599.6111602803128,1.8442932728647012,6493,6567,120,0,6447,6523,406850,48,2,0,46,44
2020-09-18,US,Virginia,Louisa,278,5,0,37.97850256,-77.96274807,51109.0,739.5387193743184,1.7985611510791366,273,275,4,0,271,273,36778,3,1,0,2,2
2020-09-18,US,Virginia,Lunenburg,109,2,0,36.94618528,-78.24133319,51111.0,893.7356510331256,1.834862385321101,107,107,2,0,105,107,12086,2,0,0,2,0
2020-09-18,US,Virginia,Lynchburg,1255,9,0,37.40021399,-79.19888138,51680.0,1527.3585824165125,0.7171314741035857,1246,1237,9,0,1228,1221,82126,18,0,0,18,16
2020-09-18,US,Virginia,Madison,101,3,0,38.41531222,-78.28220331,51113.0,761.6318528014477,2.9702970297029703,98,100,3,0,97,99,13295,1,0,0,1,1
2020-09-18,US,Virginia,Manassas,1877,25,0,38.7464321,-77.48509905,51683.0,4568.577339661677,1.3319126265316996,1852,1874,24,0,1850,1869,41641,3,1,0,2,5
2020-09-18,US,Virginia,Manassas Park,603,7,0,38.77058531,-77.44399307,51685.0,3450.0514933058703,1.1608623548922057,596,599,8,0,591,598,17307,4,-1,0,5,1
2020-09-18,US,Virginia,Martinsville,372,13,0,36.68212094,-79.86352771,51690.0,2963.198980404652,3.4946236559139785,359,370,11,0,359,368,12902,2,2,0,0,2
2020-09-18,US,Virginia,Mathews,35,0,0,37.44164146,-76.34098896,51115.0,396.1965134706815,0.0,35,35,0,0,35,31,8802,0,0,0,0,4
2020-09-18,US,Virginia,Mecklenburg,661,33,0,36.67882005,-78.36131056,51117.0,2161.048811586622,4.992435703479576,628,656,33,0,623,642,30650,5,0,0,5,14
2020-09-18,US,Virginia,Middlesex,84,8,0,37.63191998,-76.55064617,51119.0,793.8007938007937,9.523809523809524,76,84,8,0,76,83,10769,0,0,0,0,1
2020-09-18,US,Virginia,Montgomery,1637,4,0,37.17746986,-80.37868691,51121.0,1661.3386106459634,0.2443494196701283,1633,1589,4,0,1585,1554,98985,48,0,0,48,35
2020-09-18,US,Virginia,Nelson,98,1,0,37.78790447,-78.88498513,51125.0,656.3965170797053,1.020408163265306,97,97,1,0,96,95,14836,1,0,0,1,2
2020-09-18,US,Virginia,New Kent,179,2,0,37.50694406,-76.99828634,51127.0,775.1937984496125,1.11731843575419,177,179,2,0,177,172,22391,0,0,0,0,7
2020-09-18,US,Virginia,Newport News,2638,32,0,37.08166899,-76.51754109,51700.0,1471.8928720881574,1.2130401819560273,2606,2629,32,0,2597,2620,178626,9,0,0,9,9
2020-09-18,US,Virginia,Norfolk,4721,67,0,36.89934014,-76.26420872,51710.0,1944.8632704682336,1.4191908493963143,4654,4707,67,0,4640,4685,244076,14,0,0,14,22
2020-09-18,US,Virginia,Northampton,305,31,0,37.34062933,-75.87751591,51131.0,2604.611443210931,10.163934426229508,274,304,30,0,274,304,11735,1,1,0,0,0
2020-09-18,US,Virginia,Northumberland,139,5,0,37.89202088,-76.41949732,51133.0,1149.235221165771,3.5971223021582728,134,133,5,0,128,128,12147,6,0,0,6,5
2020-09-18,US,Virginia,Norton,33,0,0,36.93357076,-82.62750411,51720.0,828.9374529012813,0.0,33,33,0,0,33,33,3968,0,0,0,0,0
2020-09-18,US,Virginia,Nottoway,244,15,0,37.1435975,-78.05065922,51135.0,1601.8907563025214,6.147540983606558,229,241,15,0,226,235,15420,3,0,0,3,6
2020-09-18,US,Virginia,Orange,304,4,0,38.24530219,-78.01560400000002,51137.0,820.4906750155193,1.3157894736842106,300,302,4,0,298,295,36644,2,0,0,2,7
2020-09-18,US,Virginia,Page,379,29,0,38.61807452,-78.48797204,51139.0,1585.6413689231024,7.6517150395778355,350,378,29,0,349,378,23933,1,0,0,1,0
2020-09-18,US,Virginia,Patrick,269,24,0,36.680163799999995,-80.2865648,51141.0,1527.7146751476596,8.921933085501859,245,269,24,0,245,260,17673,0,0,0,0,9
2020-09-18,US,Virginia,Petersburg,710,26,0,37.20530399,-77.39368102,51730.0,2265.041791616155,3.661971830985916,684,699,26,0,673,695,31567,11,0,0,11,4
2020-09-18,US,Virginia,Pittsylvania,938,8,0,36.81980341,-79.39731264,51143.0,1554.1637671073995,0.8528784648187633,930,928,8,0,920,921,60949,10,0,0,10,7
2020-09-18,US,Virginia,Poquoson,76,2,0,37.14259351,-76.35798148,51735.0,619.3464265341048,2.631578947368421,74,76,1,0,75,76,12190,0,1,0,-1,0
2020-09-18,US,Virginia,Portsmouth,2500,49,0,36.85914825,-76.35971629,51740.0,2648.361194093095,1.96,2451,2439,48,0,2391,2427,94632,61,1,0,60,12
2020-09-18,US,Virginia,Powhatan,207,5,0,37.55016038,-77.91267882,51145.0,698.0979360582761,2.415458937198068,202,208,5,0,203,208,29189,-1,0,0,-1,0
2020-09-18,US,Virginia,Prince Edward,556,12,0,37.22554789,-78.43597949,51147.0,2438.3825980177176,2.1582733812949644,544,549,12,0,537,543,22950,7,0,0,7,6
2020-09-18,US,Virginia,Prince George,712,4,0,37.18497668,-77.22922187,51149.0,1856.4388704925304,0.5617977528089888,708,698,4,0,694,694,38082,14,0,0,14,4
2020-09-18,US,Virginia,Prince William,11966,196,0,38.70916224,-77.48713689,51153.0,2544.144067526337,1.6379742604044794,11770,11883,196,0,11687,11810,468011,83,0,0,83,73
2020-09-18,US,Virginia,Pulaski,204,4,0,37.06474963,-80.71229738,51155.0,599.5239074852324,1.96078431372549,200,194,3,0,191,190,34066,10,1,0,9,4
2020-09-18,US,Virginia,Radford,704,0,0,37.12222899,-80.56027320000003,51750.0,3857.7456298975294,0.0,704,695,0,0,695,694,18339,9,0,0,9,1
2020-09-18,US,Virginia,Rappahannock,64,2,0,38.68295619,-78.15826963,51157.0,868.3853459972862,3.125,62,64,2,0,62,63,7252,0,0,0,0,1
2020-09-18,US,Virginia,Richmond,347,6,0,37.937575,-76.72920628,51159.0,3845.727585060401,1.7291066282420748,341,346,5,0,341,342,9038,1,1,0,0,4
2020-09-18,US,Virginia,Richmond City,4434,55,0,37.53255773,-77.47966921,51760.0,1924.1785137738896,1.2404149751917004,4379,4407,56,0,4351,4384,228783,27,-1,0,28,23
2020-09-18,US,Virginia,Roanoke,764,6,0,37.26865804,-80.06396753,51161.0,811.1608944004416,0.7853403141361257,758,745,6,0,739,725,94073,19,0,0,19,20
2020-09-18,US,Virginia,Roanoke City,1508,16,0,37.27791025,-79.96189766,51770.0,1521.0352722834693,1.0610079575596818,1492,1447,16,0,1431,1413,99920,61,0,0,61,34
2020-09-18,US,Virginia,Rockbridge,97,2,0,37.81204314,-79.44605905,51163.0,429.7169184423869,2.061855670103093,95,96,2,0,94,93,22752,1,0,0,1,3
2020-09-18,US,Virginia,Rockingham,1340,21,0,38.51006137,-78.87260325,51165.0,1635.183286962464,1.5671641791044777,1319,1326,21,0,1305,1312,81244,14,0,0,14,14
2020-09-18,US,Virginia,Russell,229,4,0,36.93028320000001,-82.10095486,51167.0,861.3556006920936,1.7467248908296944,225,228,4,0,224,227,26748,1,0,0,1,1
2020-09-18,US,Virginia,Salem,257,4,0,37.2836193,-80.06219455,51775.0,1015.7701276629382,1.5564202334630348,253,255,4,0,251,254,25643,2,0,0,2,1
2020-09-18,US,Virginia,Scott,177,4,0,36.71466456,-82.60171704,51169.0,820.7363442455718,2.2598870056497176,173,177,4,0,173,176,21534,0,0,0,0,1
2020-09-18,US,Virginia,Shenandoah,798,56,0,38.85905135,-78.56813762,51171.0,1829.6038151137202,7.0175438596491215,742,798,56,0,742,793,43497,0,0,0,0,5
2020-09-18,US,Virginia,Smyth,414,7,0,36.84455636,-81.53344948,51173.0,1375.232527238905,1.6908212560386473,407,409,7,0,402,404,30472,5,0,0,5,5
2020-09-18,US,Virginia,Southampton,526,20,0,36.72231125,-77.10642712,51175.0,2983.3815438715887,3.8022813688212933,506,525,19,0,506,505,17586,1,1,0,0,20
2020-09-18,US,Virginia,Spotsylvania,2067,42,0,38.18574462,-77.655399,51177.0,1517.4540248871274,2.0319303338171264,2025,2060,42,0,2018,2041,134238,7,0,0,7,19
2020-09-18,US,Virginia,Stafford,1915,14,0,38.41758738,-77.45917053,51179.0,1252.6000444787485,0.7310704960835509,1901,1904,13,0,1891,1880,149960,11,1,0,10,24
2020-09-18,US,Virginia,Staunton,233,0,0,38.15965544,-79.05979937,51790.0,934.5419541151932,0.0,233,223,0,0,223,220,24922,10,0,0,10,3
2020-09-18,US,Virginia,Suffolk,1885,70,0,36.70155394,-76.63603554,51800.0,2046.5106179702088,3.713527851458886,1815,1877,69,0,1808,1859,91185,8,1,0,7,18
2020-09-18,US,Virginia,Surry,106,3,0,37.11781893,-76.88450012,51181.0,1650.57614450327,2.830188679245283,103,105,3,0,102,105,6474,1,0,0,1,0
2020-09-18,US,Virginia,Sussex,379,10,0,36.92432914,-77.25791182,51183.0,3396.3616811542247,2.638522427440633,369,376,10,0,366,375,11237,3,0,0,3,1
2020-09-18,US,Virginia,Tazewell,243,2,0,37.12191123,-81.56685568,51185.0,598.5958861928808,0.8230452674897121,241,238,2,0,236,232,40855,5,0,0,5,6
2020-09-18,US,Virginia,Virginia Beach,6596,78,0,36.73285734,-76.04566934,51810.0,1465.8624720539408,1.1825348696179503,6518,6553,78,0,6475,6515,450189,43,0,0,43,38
2020-09-18,US,Virginia,Warren,409,6,0,38.90847745,-78.20280433,51187.0,1018.3248680410318,1.4669926650366751,403,409,6,0,403,409,40003,0,0,0,0,0
2020-09-18,US,Virginia,Washington,519,14,0,36.72341572,-81.95666289,51191.0,965.7610718273168,2.697495183044316,505,499,14,0,485,492,54402,20,0,0,20,7
2020-09-18,US,Virginia,Waynesboro,253,3,0,38.06451466,-78.90293905,51820.0,1117.9849756959786,1.1857707509881423,250,250,3,0,247,249,22628,3,0,0,3,1
2020-09-18,US,Virginia,Westmoreland,255,3,0,38.11021557,-76.80213247,51193.0,1415.4870940882595,1.1764705882352942,252,252,3,0,249,245,17830,3,0,0,3,7
2020-09-18,US,Virginia,Williamsburg,170,7,0,37.28131268,-76.70905141,51830.0,1136.8195800454728,4.117647058823529,163,170,7,0,163,169,14896,0,0,0,0,1
2020-09-18,US,Virginia,Winchester,481,4,0,39.17054517,-78.17325058,51840.0,1713.0849775625045,0.8316008316008316,477,475,4,0,471,471,28108,6,0,0,6,4
2020-09-18,US,Virginia,Wise,385,7,0,36.9746148,-82.62410519,51195.0,1029.8798919294868,1.818181818181818,378,385,7,0,378,383,38012,0,0,0,0,2
2020-09-18,US,Virginia,Wythe,217,3,0,36.91582035,-81.07834059,51197.0,756.5193139032215,1.3824884792626728,214,212,3,0,209,210,28754,5,0,0,5,2
2020-09-18,US,Virginia,York,520,6,0,37.24374789,-76.54412815,51199.0,761.5700058582307,1.1538461538461535,514,514,6,0,508,513,67846,6,0,0,6,1
2020-09-18,US,Washington,Adams,785,9,0,46.98299757,-118.56017340000001,53001.0,3928.339088224992,1.1464968152866242,776,780,9,0,771,769,19759,5,0,0,5,11
2020-09-18,US,Washington,Asotin,82,2,0,46.18894415,-117.2022851,53003.0,363.1210698786644,2.4390243902439024,80,76,2,0,74,70,22610,6,0,0,6,6
2020-09-18,US,Washington,Benton,4385,127,0,46.23946995,-119.51208340000001,53005.0,2145.408288076716,2.8962371721778792,4258,4374,127,0,4247,4360,201877,11,0,0,11,14
2020-09-18,US,Washington,Chelan,1825,14,0,47.87046092,-120.6173956,53007.0,2363.9896373056995,0.7671232876712328,1811,1825,14,0,1811,1821,77036,0,0,0,0,4
2020-09-18,US,Washington,Clallam,220,1,0,48.04754642,-123.92263190000001,53009.0,284.49134241119344,0.4545454545454545,219,218,1,0,217,218,76737,2,0,0,2,0
2020-09-18,US,Washington,Clark,2524,62,0,45.77568046,-122.48292040000001,53011.0,516.9578138665127,2.456418383518225,2462,2516,62,0,2454,2495,481857,8,0,0,8,21
2020-09-18,US,Washington,Columbia,14,1,0,46.29442881,-117.9051983,53013.0,351.3174404015057,7.142857142857142,13,14,1,0,13,14,4059,0,0,0,0,0
2020-09-18,US,Washington,Cowlitz,590,6,0,46.19074721,-122.6782231,53015.0,533.487652925592,1.0169491525423728,584,589,6,0,583,584,108987,1,0,0,1,5
2020-09-18,US,Washington,Douglas,1176,9,0,47.7361335,-119.69293700000001,53017.0,2707.868014460384,0.7653061224489796,1167,1176,9,0,1167,1176,42907,0,0,0,0,0
2020-09-18,US,Washington,Ferry,29,0,0,48.471143100000006,-118.5154041,53019.0,380.22813688212926,0.0,29,29,0,0,29,30,7649,0,0,0,0,-1
2020-09-18,US,Washington,Franklin,4154,63,0,46.53351425,-118.9018212,53021.0,4362.4372518955715,1.516610495907559,4091,4147,62,0,4085,4141,94347,7,1,0,6,6
2020-09-18,US,Washington,Garfield,11,0,0,46.43197502,-117.54540320000001,53023.0,494.3820224719101,0.0,11,11,0,0,11,11,2247,0,0,0,0,0
2020-09-18,US,Washington,Grant,2733,19,0,47.20753737,-119.4500749,53025.0,2796.3942578248907,0.6952067325283571,2714,2707,19,0,2688,2696,97331,26,0,0,26,11
2020-09-18,US,Washington,Grays Harbor,404,6,0,47.14003705,-123.7820567,53027.0,538.2289071555135,1.4851485148514851,398,391,6,0,385,379,73901,13,0,0,13,12
2020-09-18,US,Washington,Island,290,11,0,48.14713305,-122.5216407,53029.0,340.611456290154,3.7931034482758617,279,287,11,0,276,286,84460,3,0,0,3,1
2020-09-18,US,Washington,Jefferson,72,0,0,47.75003077,-123.56097040000002,53031.0,223.45675180782717,0.0,72,71,0,0,71,71,31729,1,0,0,1,0
2020-09-18,US,Washington,King,21264,751,0,47.49137892,-121.8346131,53033.0,943.8995872658785,3.531790820165538,20513,21148,750,0,20398,21049,2233163,116,1,0,115,99
2020-09-18,US,Washington,Kitsap,1131,11,0,47.63479026,-122.6436061,53035.0,416.6160170624704,0.9725906277630416,1120,1125,11,0,1114,1111,269805,6,0,0,6,14
2020-09-18,US,Washington,Kittitas,493,22,0,47.12521214,-120.67943899999999,53037.0,1028.4760613330552,4.462474645030426,471,491,22,0,469,491,47364,2,0,0,2,0
2020-09-18,US,Washington,Klickitat,190,3,0,45.87325839,-120.7913598,53039.0,847.2686733556299,1.5789473684210529,187,190,3,0,187,189,22107,0,0,0,0,1
2020-09-18,US,Washington,Lewis,451,4,0,46.57756476,-122.39257690000001,53041.0,558.8115033392395,0.8869179600886918,447,450,4,0,446,444,79604,1,0,0,1,6
2020-09-18,US,Washington,Lincoln,39,1,0,47.57705241,-118.41943880000001,53043.0,356.52253405247285,2.5641025641025643,38,39,1,0,38,38,10740,0,0,0,0,1
2020-09-18,US,Washington,Mason,364,3,0,47.35007586,-123.1863685,53045.0,545.171339563863,0.8241758241758241,361,359,3,0,356,355,65507,5,0,0,5,4
2020-09-18,US,Washington,Okanogan,1025,10,0,48.54855019,-119.73872240000001,53047.0,2426.4375162748856,0.975609756097561,1015,1024,10,0,1014,1025,42132,1,0,0,1,-1
2020-09-18,US,Washington,Pacific,80,3,0,46.55418369,-123.7285716,53049.0,356.01441858395265,3.75,77,78,3,0,75,77,22036,2,0,0,2,1
2020-09-18,US,Washington,Pend Oreille,58,0,0,48.53234021,-117.2741804,53051.0,422.61731273681136,0.0,58,57,0,0,57,56,13602,1,0,0,1,1
2020-09-18,US,Washington,Pierce,7467,191,0,47.03892768,-122.14059579999999,53053.0,825.1011072067893,2.5579215213606536,7276,7425,192,0,7233,7395,891299,42,-1,0,43,30
2020-09-18,US,Washington,San Juan,29,0,0,48.60182783,-122.96745,53055.0,164.94141735866228,0.0,29,29,0,0,29,29,17128,0,0,0,0,0
2020-09-18,US,Washington,Skagit,1073,22,0,48.48171488,-121.766131,53057.0,830.4632173677487,2.0503261882572232,1051,1070,22,0,1048,1066,128206,3,0,0,3,4
2020-09-18,US,Washington,Skamania,60,1,0,46.02408726,-121.91644029999999,53059.0,496.56542249441367,1.6666666666666667,59,60,1,0,59,60,11924,0,0,0,0,0
2020-09-18,US,Washington,Snohomish,6647,210,0,48.04615983,-121.7170703,53061.0,808.5558270880191,3.159319993982248,6437,6615,208,0,6407,6594,814901,32,2,0,30,21
2020-09-18,US,Washington,Spokane,6072,150,0,47.62113146,-117.4046494,53063.0,1161.442851732409,2.4703557312252964,5922,6018,150,0,5868,5967,514631,54,0,0,54,51
2020-09-18,US,Washington,Stevens,143,2,0,48.40035475,-117.8542701,53065.0,312.7528814819675,1.3986013986013983,141,136,2,0,134,136,45260,7,0,0,7,0
2020-09-18,US,Washington,Thurston,1015,17,0,46.9291895,-122.82906559999999,53067.0,349.354296885756,1.6748768472906403,998,1011,16,0,995,1004,286419,4,1,0,3,7
2020-09-18,US,Washington,Unassigned,289,5,0,0.0,0.0,90053.0,0.0,1.7301038062283738,284,296,4,0,292,294,,-7,1,0,-8,2
2020-09-18,US,Washington,Wahkiakum,6,0,0,46.29180039999999,-123.4250831,53069.0,133.6898395721925,0.0,6,6,0,0,6,6,4426,0,0,0,0,0
2020-09-18,US,Washington,Walla Walla,847,5,0,46.23040051,-118.4775539,53071.0,1394.0092165898618,0.5903187721369539,842,839,5,0,834,834,60922,8,0,0,8,5
2020-09-18,US,Washington,Whatcom,1233,40,0,48.82227976,-121.74900179999999,53073.0,537.8478235265892,3.2441200324412005,1193,1225,40,0,1185,1219,225685,8,0,0,8,6
2020-09-18,US,Washington,Whitman,1103,0,0,46.90022523,-117.52417630000001,53075.0,2201.421044228006,0.0,1103,1083,0,0,1083,1058,49791,20,0,0,20,25
2020-09-18,US,Washington,Yakima,11229,256,0,46.45738486,-120.73801259999999,53077.0,4475.969913063582,2.2798112031347406,10973,11213,255,0,10958,11194,251446,16,1,0,15,19
2020-09-18,US,West Virginia,Barbour,42,1,0,39.1307219,-80.00350858,54001.0,255.4589136913813,2.380952380952381,41,42,1,0,41,39,16535,0,0,0,0,3
2020-09-18,US,West Virginia,Berkeley,929,13,0,39.46704621,-78.02414609,54003.0,779.5520722323384,1.3993541442411197,916,922,13,0,909,911,117123,7,0,0,7,11
2020-09-18,US,West Virginia,Boone,191,1,0,38.01974191,-81.69888019,54005.0,890.1523978188936,0.5235602094240838,190,190,1,0,189,185,21951,1,0,0,1,5
2020-09-18,US,West Virginia,Braxton,10,0,0,38.70036159,-80.72011184,54007.0,71.64863509350147,0.0,10,10,0,0,10,10,14089,0,0,0,0,0
2020-09-18,US,West Virginia,Brooke,106,1,0,40.27367263,-80.57915332,54009.0,483.1578467569169,0.9433962264150944,105,106,1,0,105,105,22203,0,0,0,0,1
2020-09-18,US,West Virginia,Cabell,707,9,0,38.42424062,-82.23855912,54011.0,768.9379520365436,1.272984441301273,698,690,9,0,681,677,93224,17,0,0,17,13
2020-09-18,US,West Virginia,Calhoun,23,0,0,38.84315422,-81.11934872,54013.0,323.533549022366,0.0,23,23,0,0,23,22,7254,0,0,0,0,1
2020-09-18,US,West Virginia,Clay,33,2,0,38.46231092,-81.07652217,54015.0,387.87023977433006,6.0606060606060606,31,33,2,0,31,32,8632,0,0,0,0,1
2020-09-18,US,West Virginia,Doddridge,17,0,0,39.27057157,-80.70671527,54017.0,201.2310606060606,0.0,17,17,0,0,17,17,8406,0,0,0,0,0
2020-09-18,US,West Virginia,Fayette,524,10,0,38.02974928,-81.08286634,54019.0,1235.6741970475875,1.9083969465648856,514,501,10,0,491,492,43018,23,0,0,23,9
2020-09-18,US,West Virginia,Gilmer,20,0,0,38.9251277,-80.85952723,54021.0,255.65639780135498,0.0,20,20,0,0,20,20,8026,0,0,0,0,0
2020-09-18,US,West Virginia,Grant,150,7,0,39.10314817,-79.19440518,54023.0,1296.6804979253109,4.666666666666667,143,150,7,0,143,150,11626,0,0,0,0,0
2020-09-18,US,West Virginia,Greenbrier,119,3,0,37.9463652,-80.45335881,54025.0,343.3154463100802,2.5210084033613445,116,118,3,0,115,117,34786,1,0,0,1,1
2020-09-18,US,West Virginia,Hampshire,100,1,0,39.32103553,-78.60826476,54027.0,431.4994606256742,1.0,99,99,1,0,98,97,23347,1,0,0,1,2
2020-09-18,US,West Virginia,Hancock,140,0,0,40.51943859,-80.57461608,54029.0,485.9423811176675,0.0,140,139,0,0,139,139,29094,1,0,0,1,0
2020-09-18,US,West Virginia,Hardy,78,0,0,39.00683177,-78.85855301,54031.0,566.2020905923346,0.0,78,76,0,0,76,76,13775,2,0,0,2,0
2020-09-18,US,West Virginia,Harrison,332,7,0,39.2853852,-80.37919577,54033.0,493.6362555013679,2.108433734939759,325,326,7,0,319,324,67554,6,0,0,6,2
2020-09-18,US,West Virginia,Jackson,244,23,0,38.84263974,-81.68148753,54035.0,853.8633818589026,9.426229508196721,221,239,23,0,216,235,28706,5,0,0,5,4
2020-09-18,US,West Virginia,Jefferson,413,4,0,39.30776166,-77.86014147,54037.0,722.7102509361985,0.9685230024213076,409,413,4,0,409,410,56811,0,0,0,0,3
2020-09-18,US,West Virginia,Kanawha,2194,62,0,38.33860077,-81.52857054,54039.0,1231.7262131997936,2.8258887876025525,2132,2154,62,0,2092,2083,180454,40,0,0,40,71
2020-09-18,US,West Virginia,Lewis,38,2,0,38.9947249,-80.49988181,54041.0,238.888539636638,5.2631578947368425,36,38,2,0,36,38,16024,0,0,0,0,0
2020-09-18,US,West Virginia,Lincoln,153,2,0,38.172154,-82.07017953,54043.0,749.6692635601939,1.30718954248366,151,148,2,0,146,145,20599,5,0,0,5,3
2020-09-18,US,West Virginia,Logan,559,39,0,37.8299889,-81.93528571,54045.0,1745.8384084449854,6.9767441860465125,520,558,38,0,520,555,32607,1,1,0,0,3
2020-09-18,US,West Virginia,Marion,252,3,0,39.50984542,-80.24244659,54049.0,449.4221714937937,1.1904761904761905,249,250,3,0,247,246,56097,2,0,0,2,4
2020-09-18,US,West Virginia,Marshall,150,1,0,39.86064362,-80.66591062,54051.0,491.3039206052864,0.6666666666666666,149,148,1,0,147,145,30785,2,0,0,2,3
2020-09-18,US,West Virginia,Mason,130,5,0,38.77071799,-82.02524219,54053.0,490.2700256448936,3.8461538461538463,125,130,4,0,126,129,26718,0,1,0,-1,1
2020-09-18,US,West Virginia,McDowell,86,1,0,37.38002939,-81.65083669,54047.0,487.9709487063097,1.162790697674419,85,80,1,0,79,80,18223,6,0,0,6,0
2020-09-18,US,West Virginia,Mercer,394,24,0,37.40481169,-81.11023142,54055.0,670.5469893461316,6.091370558375634,370,392,24,0,368,384,59131,2,0,0,2,8
2020-09-18,US,West Virginia,Mineral,161,4,0,39.41561583,-78.94104895,54057.0,599.2258448712222,2.4844720496894412,157,157,4,0,153,154,26940,4,0,0,4,3
2020-09-18,US,West Virginia,Mingo,346,9,0,37.73048351,-82.13338365,54059.0,1477.1174863387976,2.601156069364162,337,332,8,0,324,324,23785,14,1,0,13,8
2020-09-18,US,West Virginia,Monongalia,1836,5,0,39.63218457,-80.04766838,54061.0,1738.4388137711624,0.27233115468409586,1831,1791,5,0,1786,1768,106420,45,0,0,45,23
2020-09-18,US,West Virginia,Monroe,146,7,0,37.56274716,-80.54577965,54063.0,1099.8116760828625,4.794520547945205,139,144,7,0,137,144,13280,2,0,0,2,0
2020-09-18,US,West Virginia,Morgan,49,0,0,39.55439028,-78.26311676,54065.0,273.98792216506376,0.0,49,48,0,0,48,46,17787,1,0,0,1,2
2020-09-18,US,West Virginia,Nicholas,79,3,0,38.29617706,-80.79759588,54067.0,322.5016329196604,3.79746835443038,76,77,3,0,74,75,24842,2,0,0,2,2
2020-09-18,US,West Virginia,Ohio,349,6,0,40.0955451,-80.62203992,54069.0,842.7712443553645,1.7191977077363896,343,343,6,0,337,340,41755,6,0,0,6,3
2020-09-18,US,West Virginia,Pendleton,51,1,0,38.68314479,-79.35084086,54071.0,731.8123116659492,1.96078431372549,50,51,1,0,50,48,6997,0,0,0,0,3
2020-09-18,US,West Virginia,Pleasants,16,2,0,39.37091679,-81.16771771,54073.0,214.47721179624665,12.5,14,15,2,0,13,15,7507,1,0,0,1,0
2020-09-18,US,West Virginia,Pocahontas,59,0,0,38.32758728,-80.00993811,54075.0,715.4116648478232,0.0,59,59,0,0,59,58,8414,0,0,0,0,1
2020-09-18,US,West Virginia,Preston,147,4,0,39.46770987,-79.66712803,54077.0,439.6984924623116,2.7210884353741496,143,145,4,0,141,143,33839,2,0,0,2,2
2020-09-18,US,West Virginia,Putnam,471,2,0,38.50782345,-81.9082131,54079.0,834.3666961913198,0.4246284501061571,469,460,2,0,458,441,56682,11,0,0,11,19
2020-09-18,US,West Virginia,Raleigh,470,6,0,37.76936795,-81.2456041,54081.0,640.6673845776368,1.2765957446808511,464,449,6,0,443,449,74254,21,0,0,21,0
2020-09-18,US,West Virginia,Randolph,233,2,0,38.769899,-79.87919615,54083.0,811.9881512458618,0.8583690987124464,231,233,2,0,231,231,28823,0,0,0,0,2
2020-09-18,US,West Virginia,Ritchie,11,0,0,39.18094587,-81.06356878,54085.0,115.13502198032238,0.0,11,11,0,0,11,11,9721,0,0,0,0,0
2020-09-18,US,West Virginia,Roane,43,2,0,38.71622686,-81.35243568,54087.0,314.1437755698422,4.651162790697675,41,43,2,0,41,42,13932,0,0,0,0,1
2020-09-18,US,West Virginia,Summers,34,0,0,37.65390597,-80.86009693,54089.0,270.42074286168776,0.0,34,32,0,0,32,31,12760,2,0,0,2,1
2020-09-18,US,West Virginia,Taylor,117,6,0,39.33602617,-80.0421439,54091.0,700.8086253369272,5.128205128205129,111,115,6,0,109,115,16862,2,0,0,2,0
2020-09-18,US,West Virginia,Tucker,16,0,0,39.11240885,-79.57053576,54093.0,233.95233221231172,0.0,16,16,0,0,16,16,6955,0,0,0,0,0
2020-09-18,US,West Virginia,Tyler,15,0,0,39.46811972,-80.88772676,54095.0,174.60132697008495,0.0,15,15,0,0,15,15,8746,0,0,0,0,0
2020-09-18,US,West Virginia,Upshur,60,0,0,38.89285061,-80.23689136,54097.0,248.18001323626737,0.0,60,60,0,0,60,60,24415,0,0,0,0,0
2020-09-18,US,West Virginia,Wayne,336,11,0,38.14901357,-82.42287994,54099.0,852.7485914420587,3.273809523809524,325,328,11,0,317,325,39944,8,0,0,8,3
2020-09-18,US,West Virginia,Webster,7,0,0,38.49370949,-80.4202023,54101.0,86.27064333251171,0.0,7,7,0,0,7,7,8285,0,0,0,0,0
2020-09-18,US,West Virginia,Wetzel,49,0,0,39.6065771,-80.64016540000001,54103.0,325.2572187188848,0.0,49,49,0,0,49,47,15270,0,0,0,0,2
2020-09-18,US,West Virginia,Wirt,10,0,0,39.02775007,-81.37473928,54105.0,171.79178835251673,0.0,10,9,0,0,9,9,5830,1,0,0,1,0
2020-09-18,US,West Virginia,Wood,346,6,0,39.20967886,-81.5162836,54107.0,414.28195119614935,1.7341040462427746,340,345,6,0,339,342,84203,1,0,0,1,3
2020-09-18,US,West Virginia,Wyoming,94,3,0,37.612327,-81.54511071,54109.0,460.91987839560653,3.191489361702128,91,88,3,0,85,83,20786,6,0,0,6,5
2020-09-18,US,Wisconsin,Adams,183,3,0,43.96974651,-89.76782777,55001.0,905.0445103857567,1.639344262295082,180,181,3,0,178,174,20348,2,0,0,2,7
2020-09-18,US,Wisconsin,Ashland,49,2,0,46.31956891,-90.67837132,55003.0,314.86955404189695,4.081632653061225,47,42,1,0,41,42,15600,7,1,0,6,0
2020-09-18,US,Wisconsin,Barron,407,4,0,45.42372701,-91.84833627,55005.0,899.5667933869687,0.9828009828009828,403,398,4,0,394,398,45164,9,0,0,9,0
2020-09-18,US,Wisconsin,Bayfield,76,1,0,46.52868768,-91.19716729,55007.0,505.45357807927627,1.3157894736842106,75,67,1,0,66,67,15042,9,0,0,9,0
2020-09-18,US,Wisconsin,Brown,7183,59,0,44.452655299999996,-88.00411844,55009.0,2715.258824685683,0.8213838229152165,7124,7013,59,0,6954,6817,263378,170,0,0,170,196
2020-09-18,US,Wisconsin,Buffalo,119,2,0,44.37835084,-91.75332578,55011.0,913.2069679993859,1.680672268907563,117,104,2,0,102,104,13125,15,0,0,15,0
2020-09-18,US,Wisconsin,Burnett,101,3,0,45.86303537,-92.36711412,55013.0,655.2484754119631,2.9702970297029703,98,77,2,0,75,77,15392,24,1,0,23,0
2020-09-18,US,Wisconsin,Calumet,819,2,0,44.0816316,-88.21780273,55015.0,1635.0895406177005,0.2442002442002442,817,769,2,0,767,737,50159,50,0,0,50,32
2020-09-18,US,Wisconsin,Chippewa,456,0,0,45.06939744,-91.28068855,55017.0,705.2491571035292,0.0,456,420,0,0,420,420,64135,36,0,0,36,0
2020-09-18,US,Wisconsin,Clark,313,8,0,44.73483377,-90.61207486,55019.0,900.0977741991143,2.5559105431309903,305,290,8,0,282,290,34709,23,0,0,23,0
2020-09-18,US,Wisconsin,Columbia,478,2,0,43.46492199,-89.33589004,55021.0,830.8419662101091,0.41841004184100417,476,471,2,0,469,455,57358,7,0,0,7,16
2020-09-18,US,Wisconsin,Crawford,135,0,0,43.23870316,-90.93073686,55023.0,836.8978984563884,0.0,135,129,0,0,129,129,16291,6,0,0,6,0
2020-09-18,US,Wisconsin,Dane,8455,41,0,43.06601594,-89.41733797,55025.0,1546.566184069728,0.4849201655824956,8414,8242,41,0,8201,7984,542364,213,0,0,213,258
2020-09-18,US,Wisconsin,Dodge,1538,9,0,43.41576662,-88.70928178,55027.0,1750.9306799940805,0.5851755526657998,1529,1512,9,0,1503,1477,87847,26,0,0,26,35
2020-09-18,US,Wisconsin,Door,220,3,0,44.95856458,-87.30002707,55029.0,795.1424027757698,1.3636363636363635,217,209,3,0,206,204,27610,11,0,0,11,5
2020-09-18,US,Wisconsin,Douglas,359,0,0,46.43222285,-91.91595768,55031.0,831.9814600231749,0.0,359,334,0,0,334,334,43208,25,0,0,25,0
2020-09-18,US,Wisconsin,Dunn,319,0,0,44.94562799,-91.8962481,55033.0,703.1387762299418,0.0,319,254,0,0,254,254,45131,65,0,0,65,0
2020-09-18,US,Wisconsin,Eau Claire,1476,6,0,44.726614,-91.28609183,55035.0,1410.469583166103,0.4065040650406504,1470,1259,6,0,1253,1259,104534,217,0,0,217,0
2020-09-18,US,Wisconsin,Florence,53,0,0,45.84963535,-88.39804137,55037.0,1233.9930151338765,0.0,53,46,0,0,46,46,4321,7,0,0,7,0
2020-09-18,US,Wisconsin,Fond du Lac,1655,12,0,43.75354908,-88.48885325,55039.0,1600.5338336411905,0.7250755287009063,1643,1582,12,0,1570,1521,103066,73,0,0,73,61
2020-09-18,US,Wisconsin,Forest,195,4,0,45.66678019,-88.77084892,55041.0,2165.7041314971125,2.051282051282051,191,158,4,0,154,158,8991,37,0,0,37,0
2020-09-18,US,Wisconsin,Grant,703,19,0,42.8671731,-90.7063218,55043.0,1366.6673146834116,2.702702702702702,684,603,19,0,584,603,51554,100,0,0,100,0
2020-09-18,US,Wisconsin,Green,395,2,0,42.6794956,-89.60243287,55045.0,1068.7229437229437,0.5063291139240507,393,384,2,0,382,371,36929,11,0,0,11,13
2020-09-18,US,Wisconsin,Green Lake,169,0,0,43.80025981,-89.04679553,55047.0,893.5652725638449,0.0,169,154,0,0,154,150,18918,15,0,0,15,4
2020-09-18,US,Wisconsin,Iowa,142,0,0,43.00050278,-90.13469017,55049.0,599.7128135822283,0.0,142,138,0,0,138,138,23771,4,0,0,4,0
2020-09-18,US,Wisconsin,Iron,136,1,0,46.26302338,-90.24295041,55051.0,2391.4190258484264,0.7352941176470589,135,136,1,0,135,136,5676,0,0,0,0,0
2020-09-18,US,Wisconsin,Jackson,99,1,0,44.31864893,-90.80566792,55053.0,479.58145618369423,1.0101010101010102,98,92,1,0,91,92,20478,7,0,0,7,0
2020-09-18,US,Wisconsin,Jefferson,1166,7,0,43.02054068,-88.77529134,55055.0,1375.5028371220612,0.6003430531732419,1159,1133,7,0,1126,1113,85129,33,0,0,33,20
2020-09-18,US,Wisconsin,Juneau,302,1,0,43.92456975,-90.11120239,55057.0,1131.6371266908982,0.3311258278145696,301,293,1,0,292,285,26617,9,0,0,9,8
2020-09-18,US,Wisconsin,Kenosha,3216,65,0,42.57639354,-88.04051686,55059.0,1896.6625580174689,2.021144278606965,3151,3206,65,0,3141,3183,169290,10,0,0,10,23
2020-09-18,US,Wisconsin,Kewaunee,350,2,0,44.51727459,-87.61468386,55061.0,1712.831555251052,0.5714285714285714,348,318,2,0,316,295,20383,32,0,0,32,23
2020-09-18,US,Wisconsin,La Crosse,2375,2,0,43.90632465,-91.11451093,55063.0,2012.4389913232105,0.08421052631578947,2373,1799,2,0,1797,1799,118230,576,0,0,576,0
2020-09-18,US,Wisconsin,Lafayette,204,0,0,42.66005229,-90.1317729,55065.0,1224.122412241224,0.0,204,200,0,0,200,199,16665,4,0,0,4,1
2020-09-18,US,Wisconsin,Langlade,120,2,0,45.26271619,-89.07483625,55067.0,625.3582781802072,1.6666666666666667,118,118,2,0,116,115,19268,2,0,0,2,3
2020-09-18,US,Wisconsin,Lincoln,127,1,0,45.33737523,-89.73411273,55069.0,460.26166056608565,0.7874015748031497,126,111,1,0,110,111,27689,16,0,0,16,0
2020-09-18,US,Wisconsin,Manitowoc,806,2,0,44.11946801,-87.80928853,55071.0,1020.4986009293373,0.2481389578163772,804,769,2,0,767,742,79074,37,0,0,37,27
2020-09-18,US,Wisconsin,Marathon,976,14,0,44.89792533,-89.75863384,55073.0,719.2760074285883,1.4344262295081966,962,952,14,0,938,925,135428,24,0,0,24,27
2020-09-18,US,Wisconsin,Marinette,707,7,0,45.38553432,-88.03324599999998,55075.0,1752.1685254027261,0.99009900990099,700,695,7,0,688,680,40434,12,0,0,12,15
2020-09-18,US,Wisconsin,Marquette,169,1,0,43.81911946,-89.40073763,55077.0,1085.1419031719533,0.591715976331361,168,164,1,0,163,152,15434,5,0,0,5,12
2020-09-18,US,Wisconsin,Menominee,42,0,0,45.00422544,-88.70950714,55078.0,921.8612818261631,0.0,42,40,0,0,40,34,4658,2,0,0,2,6
2020-09-18,US,Wisconsin,Milwaukee,26402,521,0,43.00486062,-87.96733172,55079.0,2791.7176856721712,1.9733353533823197,25881,26128,519,0,25609,25884,948201,274,2,0,272,244
2020-09-18,US,Wisconsin,Monroe,361,2,0,43.94641218,-90.61881899999999,55081.0,780.4899141677298,0.554016620498615,359,319,2,0,317,319,46051,42,0,0,42,0
2020-09-18,US,Wisconsin,Oconto,623,4,0,45.02715345,-88.26807503,55083.0,1642.499340891115,0.6420545746388443,619,608,4,0,604,580,37830,15,0,0,15,28
2020-09-18,US,Wisconsin,Oneida,312,2,0,45.70677897,-89.51944105,55085.0,876.5276021913188,0.6410256410256411,310,282,2,0,280,282,35470,30,0,0,30,0
2020-09-18,US,Wisconsin,Outagamie,3277,27,0,44.41578887,-88.46565023,55087.0,1744.1520078771591,0.8239243210253281,3250,3117,25,0,3092,2976,187365,160,2,0,158,141
2020-09-18,US,Wisconsin,Ozaukee,1173,19,0,43.38352225,-87.94625009,55089.0,1314.712903912756,1.6197783461210569,1154,1151,19,0,1132,1124,89147,22,0,0,22,27
2020-09-18,US,Wisconsin,Pepin,54,0,0,44.58307413,-91.99949611,55091.0,741.0456978180321,0.0,54,52,0,0,52,52,7289,2,0,0,2,0
2020-09-18,US,Wisconsin,Pierce,364,6,0,44.71850291,-92.4224416,55093.0,851.3823267998317,1.6483516483516485,358,333,6,0,327,333,42555,31,0,0,31,0
2020-09-18,US,Wisconsin,Polk,214,2,0,45.46130348,-92.44182875,55095.0,488.77418176004403,0.9345794392523364,212,205,2,0,203,205,43598,9,0,0,9,0
2020-09-18,US,Wisconsin,Portage,1086,3,0,44.47558711,-89.50152965,55097.0,1534.505171536766,0.27624309392265195,1083,1038,3,0,1035,1004,70942,48,0,0,48,34
2020-09-18,US,Wisconsin,Price,43,0,0,45.68051754,-90.36098879999999,55099.0,322.0732529398547,0.0,43,38,0,0,38,38,13397,5,0,0,5,0
2020-09-18,US,Wisconsin,Racine,4377,94,0,42.74753117,-88.05941254,55101.0,2229.6254412641165,2.147589673292209,4283,4348,94,0,4254,4321,196584,29,0,0,29,27
2020-09-18,US,Wisconsin,Richland,85,4,0,43.3762778,-90.43012729,55103.0,492.6964989566427,4.705882352941177,81,73,4,0,69,73,17377,12,0,0,12,0
2020-09-18,US,Wisconsin,Rock,2162,32,0,42.67151616,-89.07147900000002,55105.0,1323.5060053625868,1.4801110083256244,2130,2126,32,0,2094,2091,163129,36,0,0,36,35
2020-09-18,US,Wisconsin,Rusk,46,1,0,45.47498854,-91.1333012,55107.0,324.446325292707,2.1739130434782608,45,40,1,0,39,40,14147,6,0,0,6,0
2020-09-18,US,Wisconsin,Sauk,777,3,0,43.42574087,-89.94966132,55111.0,1205.7353899630675,0.3861003861003861,774,758,3,0,755,730,64249,19,0,0,19,28
2020-09-18,US,Wisconsin,Sawyer,192,1,0,45.87931905,-91.14504927,55113.0,1159.5603333735958,0.5208333333333334,191,185,1,0,184,185,16489,7,0,0,7,0
2020-09-18,US,Wisconsin,Shawano,470,1,0,44.78902246,-88.76443896,55115.0,1149.1723514022349,0.2127659574468085,469,440,1,0,439,421,40796,30,0,0,30,19
2020-09-18,US,Wisconsin,Sheboygan,1415,14,0,43.72099677,-87.94579284,55117.0,1226.8076989769377,0.9893992932862192,1401,1317,14,0,1303,1294,115456,98,0,0,98,23
2020-09-18,US,Wisconsin,St. Croix,773,8,0,45.03437474,-92.45000068,55109.0,852.3823701302283,1.034928848641656,765,725,7,0,718,725,89694,48,1,0,47,0
2020-09-18,US,Wisconsin,Taylor,144,3,0,45.21179252,-90.5004405,55119.0,707.8601976109717,2.083333333333333,141,132,3,0,129,132,20412,12,0,0,12,0
2020-09-18,US,Wisconsin,Trempealeau,512,2,0,44.30360275,-91.35893614,55121.0,1726.8710580458026,0.390625,510,474,2,0,472,474,29442,38,0,0,38,0
2020-09-18,US,Wisconsin,Vernon,164,0,0,43.59422667,-90.8324691,55123.0,532.0874699889689,0.0,164,145,0,0,145,145,30785,19,0,0,19,0
2020-09-18,US,Wisconsin,Vilas,157,1,0,46.05467334,-89.51719204,55125.0,707.3665239918901,0.6369426751592356,156,145,1,0,144,145,21938,12,0,0,12,0
2020-09-18,US,Wisconsin,Walworth,2374,34,0,42.66858202,-88.54163073,55127.0,2285.5932529749302,1.4321819713563606,2340,2332,34,0,2298,2282,103718,42,0,0,42,50
2020-09-18,US,Wisconsin,Washburn,87,1,0,45.89838588,-91.79050449,55129.0,553.4351145038166,1.1494252873563218,86,83,1,0,82,83,15878,4,0,0,4,0
2020-09-18,US,Wisconsin,Washington,2156,32,0,43.36863664,-88.22974712,55131.0,1584.8978931737656,1.4842300556586268,2124,2108,32,0,2076,2051,135693,48,0,0,48,57
2020-09-18,US,Wisconsin,Waukesha,6452,85,0,43.01833055,-88.30431188,55133.0,1596.2473837079847,1.3174209547427154,6367,6287,85,0,6202,6240,403072,165,0,0,165,47
2020-09-18,US,Wisconsin,Waupaca,864,20,0,44.47068056,-88.96534501,55135.0,1694.4498921357128,2.314814814814815,844,841,20,0,821,831,51128,23,0,0,23,10
2020-09-18,US,Wisconsin,Waushara,258,2,0,44.11324419,-89.24317107,55137.0,1055.5169169087264,0.7751937984496124,256,248,2,0,246,245,24263,10,0,0,10,3
2020-09-18,US,Wisconsin,Winnebago,2459,23,0,44.06886922,-88.64477096,55139.0,1430.4245900399633,0.9353395689304596,2436,2252,22,0,2230,2168,171020,207,1,0,206,84
2020-09-18,US,Wisconsin,Wood,653,3,0,44.45537896,-90.04158336,55141.0,894.5328018192032,0.4594180704441042,650,627,3,0,624,616,73055,26,0,0,26,11
2020-09-18,US,Wyoming,Albany,325,0,0,41.65498705,-105.72354150000001,56001.0,835.9053497942384,0.0,325,301,0,0,301,281,38601,24,0,0,24,20
2020-09-18,US,Wyoming,Big Horn,51,1,0,44.52405055,-107.9960365,56003.0,432.5699745547074,1.96078431372549,50,51,1,0,50,51,11881,0,0,0,0,0
2020-09-18,US,Wyoming,Campbell,236,1,0,44.24886082,-105.54744040000001,56005.0,509.26825057724267,0.42372881355932196,235,230,1,0,229,227,46140,6,0,0,6,3
2020-09-18,US,Wyoming,Carbon,208,2,0,41.69357844,-106.9326084,56007.0,1405.4054054054056,0.9615384615384616,206,205,2,0,203,200,14971,3,0,0,3,5
2020-09-18,US,Wyoming,Converse,91,0,0,42.97272268,-105.5081848,56009.0,658.3707133555201,0.0,91,85,0,0,85,80,13640,6,0,0,6,5
2020-09-18,US,Wyoming,Crook,34,0,0,44.58855102,-104.56977049999999,56011.0,448.3122362869198,0.0,34,32,0,0,32,32,7450,2,0,0,2,0
2020-09-18,US,Wyoming,Fremont,655,14,0,43.04183996,-108.6296893,56013.0,1668.3222536359235,2.137404580152672,641,646,14,0,632,640,39531,9,0,0,9,6
2020-09-18,US,Wyoming,Goshen,74,2,0,42.08798185,-104.3534743,56015.0,560.1392778744985,2.702702702702702,72,74,2,0,72,74,13376,0,0,0,0,0
2020-09-18,US,Wyoming,Hot Springs,36,0,0,43.71930657,-108.44231740000001,56017.0,815.7715839564923,0.0,36,32,0,0,32,31,4555,4,0,0,4,1
2020-09-18,US,Wyoming,Johnson,29,1,0,44.04057166,-106.58451740000001,56019.0,343.3984606275903,3.4482758620689653,28,29,1,0,28,29,8460,0,0,0,0,0
2020-09-18,US,Wyoming,Laramie,638,4,0,41.30702520000001,-104.6887497,56021.0,641.2060301507538,0.6269592476489029,634,635,4,0,631,631,98976,3,0,0,3,4
2020-09-18,US,Wyoming,Lincoln,135,1,0,42.26376367,-110.6563997,56023.0,680.7866868381242,0.7407407407407407,134,131,1,0,130,127,19434,4,0,0,4,4
2020-09-18,US,Wyoming,Natrona,435,4,0,42.96180148,-106.79788500000001,56025.0,544.7168724485963,0.9195402298850576,431,419,4,0,415,404,79115,16,0,0,16,15
2020-09-18,US,Wyoming,Niobrara,3,0,0,43.05607708,-104.47588959999999,56027.0,127.33446519524618,0.0,3,3,0,0,3,3,2388,0,0,0,0,0
2020-09-18,US,Wyoming,Park,202,2,0,44.52157546,-109.58528249999999,56029.0,691.922997876276,0.99009900990099,200,199,2,0,197,196,29324,3,0,0,3,3
2020-09-18,US,Wyoming,Platte,18,1,0,42.13299116,-104.96633100000001,56031.0,214.46443464792088,5.5555555555555545,17,18,1,0,17,16,8566,0,0,0,0,2
2020-09-18,US,Wyoming,Sheridan,231,4,0,44.79048913,-106.8862389,56033.0,757.7497129735934,1.7316017316017316,227,226,4,0,222,224,30233,5,0,0,5,2
2020-09-18,US,Wyoming,Sublette,70,1,0,42.76558279,-109.91309220000001,56035.0,712.0333638490489,1.4285714285714286,69,67,1,0,66,65,9813,3,0,0,3,2
2020-09-18,US,Wyoming,Sweetwater,322,2,0,41.65943896,-108.8827882,56037.0,760.4562737642585,0.6211180124223602,320,320,2,0,318,317,43051,2,0,0,2,3
2020-09-18,US,Wyoming,Teton,490,1,0,43.93522482,-110.5890801,56039.0,2088.305489260143,0.20408163265306126,489,487,1,0,486,481,23081,3,0,0,3,6
2020-09-18,US,Wyoming,Uinta,327,2,0,41.2878183,-110.54757820000002,56041.0,1616.7309403737765,0.6116207951070336,325,327,2,0,325,323,20299,0,0,0,0,4
2020-09-18,US,Wyoming,Unassigned,1,0,0,0.0,0.0,90056.0,0.0,0.0,1,,,,,0,,,,,,
2020-09-18,US,Wyoming,Washakie,113,6,0,43.90451606,-107.68018700000002,56043.0,1447.789878283152,5.3097345132743365,107,112,6,0,106,111,7885,1,0,0,1,1
2020-09-18,US,Wyoming,Weston,23,0,0,43.83961191,-104.56748809999999,56045.0,332.03406958279203,0.0,23,23,0,0,23,23,6967,0,0,0,0,0
