Date,Country/Region,Province/State,Admin2,Confirmed,Deaths,Recovered,Latitude,Longitude,FIPS,Active Cases,Previous Confirmed,Previous Deaths,Previous Recovered,Previous Active,Prev2 Confirmed,Population,Daily Confirmed,Daily Deaths,Daily Recovered,Daily Active,Previous Daily Confirmed
2020-04-16,US,Alabama,Autauga,26,1,0,32.53952745,-86.64408227,1001.0,25,24,1,0,23,23,55601,2,0,0,2,1
2020-04-16,US,Alabama,Baldwin,101,2,0,30.72774991,-87.72207058,1003.0,99,91,2,0,89,87,218022,10,0,0,10,4
2020-04-16,US,Alabama,Barbour,14,0,0,31.868263,-85.3871286,1005.0,14,12,0,0,12,11,24881,2,0,0,2,1
2020-04-16,US,Alabama,Bibb,22,0,0,32.99642064,-87.12511459999996,1007.0,22,18,0,0,18,17,22400,4,0,0,4,1
2020-04-16,US,Alabama,Blount,18,0,0,33.98210918,-86.56790593,1009.0,18,17,0,0,17,16,57840,1,0,0,1,1
2020-04-16,US,Alabama,Bullock,8,0,0,32.10030533,-85.71265535,1011.0,8,8,0,0,8,8,10138,0,0,0,0,0
2020-04-16,US,Alabama,Butler,11,0,0,31.75300095,-86.68057478,1013.0,11,9,0,0,9,8,19680,2,0,0,2,1
2020-04-16,US,Alabama,Calhoun,62,0,0,33.77483727,-85.82630386,1015.0,62,62,0,0,62,62,114277,0,0,0,0,0
2020-04-16,US,Alabama,Chambers,231,11,0,32.91360079,-85.39072749,1017.0,220,221,10,0,211,216,33615,10,1,0,9,5
2020-04-16,US,Alabama,Cherokee,11,0,0,34.17805983,-85.60638968,1019.0,11,9,0,0,9,9,26032,2,0,0,2,0
2020-04-16,US,Alabama,Chilton,37,0,0,32.85044126,-86.7173256,1021.0,37,35,0,0,35,33,44153,2,0,0,2,2
2020-04-16,US,Alabama,Choctaw,13,0,0,32.02227341,-88.26564429999998,1023.0,13,12,0,0,12,12,12841,1,0,0,1,0
2020-04-16,US,Alabama,Clarke,24,0,0,31.68099859,-87.83548597,1025.0,24,21,0,0,21,21,23920,3,0,0,3,0
2020-04-16,US,Alabama,Clay,14,0,0,33.26984193,-85.85836077,1027.0,14,14,0,0,14,14,13275,0,0,0,0,0
2020-04-16,US,Alabama,Cleburne,12,0,0,33.67679204,-85.52005899,1029.0,12,12,0,0,12,12,14987,0,0,0,0,0
2020-04-16,US,Alabama,Coffee,47,0,0,31.39932826,-85.98901039,1031.0,47,40,0,0,40,36,51909,7,0,0,7,4
2020-04-16,US,Alabama,Colbert,12,1,0,34.69847452,-87.80168544,1033.0,11,11,1,0,10,11,54762,1,0,0,1,0
2020-04-16,US,Alabama,Conecuh,8,0,0,31.43401703,-86.99320044,1035.0,8,5,0,0,5,5,12277,3,0,0,3,0
2020-04-16,US,Alabama,Coosa,20,1,0,32.93690146,-86.24847739,1037.0,19,19,1,0,18,18,10715,1,0,0,1,1
2020-04-16,US,Alabama,Covington,18,0,0,31.2477854,-86.45050893,1039.0,18,17,0,0,17,16,36986,1,0,0,1,1
2020-04-16,US,Alabama,Crenshaw,5,0,0,31.72941803,-86.31593104,1041.0,5,3,0,0,3,3,13824,2,0,0,2,0
2020-04-16,US,Alabama,Cullman,40,1,0,34.13020303,-86.86888037,1043.0,39,40,1,0,39,40,83442,0,0,0,0,0
2020-04-16,US,Alabama,Dale,14,0,0,31.43037123,-85.61095742,1045.0,14,12,0,0,12,12,48956,2,0,0,2,0
2020-04-16,US,Alabama,Dallas,21,2,0,32.32688101,-87.10866709999998,1047.0,19,18,2,0,16,17,38310,3,0,0,3,1
2020-04-16,US,Alabama,DeKalb,32,1,0,34.45946862,-85.80782906,1049.0,31,29,0,0,29,29,71385,3,1,0,2,0
2020-04-16,US,Alabama,Elmore,54,0,0,32.59785413,-86.14415284,1051.0,54,47,0,0,47,43,81887,7,0,0,7,4
2020-04-16,US,Alabama,Escambia,11,0,0,31.1256789,-87.15918694,1053.0,11,9,0,0,9,10,36748,2,0,0,2,-1
2020-04-16,US,Alabama,Etowah,86,8,0,34.04567266,-86.04051873,1055.0,78,78,7,0,71,78,102501,8,1,0,7,0
2020-04-16,US,Alabama,Fayette,4,0,0,33.72076938,-87.73886638,1057.0,4,4,0,0,4,4,16433,0,0,0,0,0
2020-04-16,US,Alabama,Franklin,17,1,0,34.44235334,-87.84289505,1059.0,16,14,1,0,13,12,31363,3,0,0,3,2
2020-04-16,US,Alabama,Geneva,2,0,0,31.09389027,-85.83572839,1061.0,2,2,0,0,2,1,26314,0,0,0,0,1
2020-04-16,US,Alabama,Greene,20,0,0,32.85504247,-87.95684022,1063.0,20,18,0,0,18,18,8233,2,0,0,2,0
2020-04-16,US,Alabama,Hale,21,0,0,32.76039258,-87.63284988,1065.0,21,18,0,0,18,17,14726,3,0,0,3,1
2020-04-16,US,Alabama,Henry,15,0,0,31.51148016,-85.24267944,1067.0,15,14,0,0,14,14,17209,1,0,0,1,0
2020-04-16,US,Alabama,Houston,57,3,0,31.15197924,-85.29939599,1069.0,54,54,2,0,52,52,104722,3,1,0,2,2
2020-04-16,US,Alabama,Jackson,32,2,0,34.78144169,-85.99750489,1071.0,30,31,2,0,29,29,51736,1,0,0,1,2
2020-04-16,US,Alabama,Jefferson,634,22,0,33.55554728,-86.89506300000002,1073.0,612,625,17,0,608,620,659300,9,5,0,4,5
2020-04-16,US,Alabama,Lamar,7,0,0,33.77995024,-88.09668032,1075.0,7,7,0,0,7,7,13844,0,0,0,0,0
2020-04-16,US,Alabama,Lauderdale,22,4,0,34.90171875,-87.65624729,1077.0,18,22,4,0,18,22,92387,0,0,0,0,0
2020-04-16,US,Alabama,Lawrence,8,0,0,34.52041498,-87.31069453,1079.0,8,8,0,0,8,8,32957,0,0,0,0,0
2020-04-16,US,Alabama,Lee,292,12,0,32.60154883,-85.35132246,1081.0,280,269,12,0,257,265,163941,23,0,0,23,4
2020-04-16,US,Alabama,Limestone,38,0,0,34.81185586,-86.98310072,1083.0,38,37,0,0,37,37,96174,1,0,0,1,0
2020-04-16,US,Alabama,Lowndes,24,0,0,32.1597283,-86.65158371,1085.0,24,20,0,0,20,19,9974,4,0,0,4,1
2020-04-16,US,Alabama,Macon,21,2,0,32.38759944,-85.69267724,1087.0,19,19,2,0,17,19,18439,2,0,0,2,0
2020-04-16,US,Alabama,Madison,198,4,0,34.76327133,-86.55069633,1089.0,194,191,3,0,188,191,366519,7,1,0,6,0
2020-04-16,US,Alabama,Marengo,24,1,0,32.24767634,-87.78796182,1091.0,23,23,1,0,22,23,19066,1,0,0,1,0
2020-04-16,US,Alabama,Marion,59,4,0,34.13697363,-87.88704173,1093.0,55,58,4,0,54,58,29763,1,0,0,1,0
2020-04-16,US,Alabama,Marshall,114,2,0,34.36975964,-86.30486727,1095.0,112,106,2,0,104,104,96109,8,0,0,8,2
2020-04-16,US,Alabama,Mobile,577,22,0,30.78472347,-88.20842409,1097.0,555,548,17,0,531,509,413757,29,5,0,24,39
2020-04-16,US,Alabama,Monroe,7,1,0,31.56729412,-87.36995001,1099.0,6,7,1,0,6,7,21067,0,0,0,0,0
2020-04-16,US,Alabama,Montgomery,197,5,0,32.2206831,-86.20969272,1101.0,192,174,5,0,169,161,225763,23,0,0,23,13
2020-04-16,US,Alabama,Morgan,44,0,0,34.45500589,-86.85475946,1103.0,44,42,0,0,42,41,119089,2,0,0,2,1
2020-04-16,US,Alabama,Perry,8,0,0,32.64048341,-87.29770589,1105.0,8,7,0,0,7,7,9140,1,0,0,1,0
2020-04-16,US,Alabama,Pickens,30,0,0,33.28094866,-88.08818103,1107.0,30,26,0,0,26,24,19938,4,0,0,4,2
2020-04-16,US,Alabama,Pike,27,0,0,31.80396383,-85.9408295,1109.0,27,24,0,0,24,22,33338,3,0,0,3,2
2020-04-16,US,Alabama,Randolph,46,4,0,33.29526734,-85.45708831,1111.0,42,45,4,0,41,45,22725,1,0,0,1,0
2020-04-16,US,Alabama,Russell,32,0,0,32.28725256,-85.18415324,1113.0,32,30,0,0,30,30,57781,2,0,0,2,0
2020-04-16,US,Alabama,Shelby,243,7,0,33.26879845,-86.66232561,1117.0,236,237,7,0,230,235,215707,6,0,0,6,2
2020-04-16,US,Alabama,St. Clair,49,0,0,33.71902176,-86.31029372,1115.0,49,47,0,0,47,45,88690,2,0,0,2,2
2020-04-16,US,Alabama,Sumter,31,0,0,32.59117397,-88.19916205,1119.0,31,28,0,0,28,26,12691,3,0,0,3,2
2020-04-16,US,Alabama,Talladega,40,1,0,33.37823223,-86.16886178,1121.0,39,38,1,0,37,38,79828,2,0,0,2,0
2020-04-16,US,Alabama,Tallapoosa,158,7,0,32.86698258,-85.79833053,1123.0,151,127,7,0,120,123,40497,31,0,0,31,4
2020-04-16,US,Alabama,Tuscaloosa,132,0,0,33.28726072,-87.52556818,1125.0,132,128,0,0,128,122,208911,4,0,0,4,6
2020-04-16,US,Alabama,Walker,84,0,0,33.80270512,-87.30027177,1127.0,84,84,0,0,84,84,63711,0,0,0,0,0
2020-04-16,US,Alabama,Washington,13,1,0,31.4092794,-88.20689944,1129.0,12,12,1,0,11,12,16378,1,0,0,1,0
2020-04-16,US,Alabama,Wilcox,39,0,0,31.98773215,-87.30891118,1131.0,39,34,0,0,34,31,10627,5,0,0,5,3
2020-04-16,US,Alabama,Winston,7,0,0,34.15030532,-87.37325922,1133.0,7,4,0,0,4,4,23660,3,0,0,3,0
2020-04-16,US,Alaska,Anchorage,143,4,0,61.14998174,-149.14269860000005,2020.0,139,139,4,0,135,136,291538,4,0,0,4,3
2020-04-16,US,Alaska,Bethel,1,0,0,60.90980451,-159.8561831,2050.0,1,1,0,0,1,1,18216,0,0,0,0,0
2020-04-16,US,Alaska,Fairbanks North Star,79,1,0,64.80726247,-146.5692662,2090.0,78,79,1,0,78,79,98971,0,0,0,0,0
2020-04-16,US,Alaska,Juneau,23,0,0,58.45031811,-134.200436,2110.0,23,21,0,0,21,18,32113,2,0,0,2,3
2020-04-16,US,Alaska,Kenai Peninsula,16,0,0,60.24429722,-151.53888840000005,2122.0,16,16,0,0,16,15,58533,0,0,0,0,1
2020-04-16,US,Alaska,Ketchikan Gateway,15,0,0,55.57445008,-130.975561,2130.0,15,15,0,0,15,15,13918,0,0,0,0,0
2020-04-16,US,Alaska,Kodiak Island,1,0,0,57.65529415,-153.7493579,2150.0,1,,,,,,13345,,,,,
2020-04-16,US,Alaska,Matanuska-Susitna,15,0,0,62.31305045,-149.5741743,2170.0,15,15,0,0,15,15,107610,0,0,0,0,0
2020-04-16,US,Alaska,Nome,1,0,0,64.90320724,-164.0353804,2180.0,1,1,0,0,1,,10008,0,0,0,0,
2020-04-16,US,Alaska,Petersburg,2,0,0,57.13978948,-132.9540995,2195.0,2,2,0,0,2,2,3221,0,0,0,0,0
2020-04-16,US,Alaska,Prince of Wales-Hyder,2,0,0,55.76261984,-133.0511621,2198.0,2,2,0,0,2,2,6422,0,0,0,0,0
2020-04-16,US,Alaska,Southeast Fairbanks,1,0,0,63.87692095,-143.2127643,2240.0,1,1,0,0,1,1,6918,0,0,0,0,0
2020-04-16,US,Alaska,Unassigned,0,4,0,0.0,0.0,90002.0,-4,0,4,0,-4,0,,0,0,0,0,0
2020-04-16,US,Alaska,Yukon-Koyukuk,1,0,0,65.50815459,-151.3907387,2290.0,1,1,0,0,1,1,5327,0,0,0,0,0
2020-04-16,US,Arizona,Apache,118,0,0,35.39465006,-109.4892383,4001.0,118,110,0,0,110,97,71818,8,0,0,8,13
2020-04-16,US,Arizona,Cochise,18,0,0,31.87934684,-109.7516088,4003.0,18,15,0,0,15,15,126770,3,0,0,3,0
2020-04-16,US,Arizona,Coconino,299,26,0,35.83883429,-111.7707178,4005.0,273,266,24,0,242,270,142854,33,2,0,31,-4
2020-04-16,US,Arizona,Gila,5,0,0,33.80190085,-110.8132779,4007.0,5,3,0,0,3,3,53889,2,0,0,2,0
2020-04-16,US,Arizona,Graham,2,0,0,32.93166885,-109.8882178,4009.0,2,2,0,0,2,2,38072,0,0,0,0,0
2020-04-16,US,Arizona,Greenlee,2,0,0,33.21498827,-109.2405279,4011.0,2,2,0,0,2,2,9483,0,0,0,0,0
2020-04-16,US,Arizona,La Paz,5,0,0,33.72854224,-113.9810029,4012.0,5,5,0,0,5,4,21098,0,0,0,0,1
2020-04-16,US,Arizona,Maricopa,2264,64,0,33.34835867,-112.4918154,4013.0,2200,2146,60,0,2086,2056,4410824,118,4,0,114,90
2020-04-16,US,Arizona,Mohave,51,0,0,35.70471703,-113.7577902,4015.0,51,45,0,0,45,45,209550,6,0,0,6,0
2020-04-16,US,Arizona,Navajo,410,1,0,35.3997715,-110.3218983,4017.0,409,390,1,0,389,355,110445,20,0,0,20,35
2020-04-16,US,Arizona,Pima,760,29,0,32.0971334,-111.7890033,4019.0,731,700,29,0,671,685,1039073,60,0,0,60,15
2020-04-16,US,Arizona,Pinal,197,0,0,32.90525627,-111.3449483,4021.0,197,182,0,0,182,175,447138,15,0,0,15,7
2020-04-16,US,Arizona,Santa Cruz,14,0,0,31.52508998,-110.8479088,4023.0,14,12,0,0,12,10,46511,2,0,0,2,2
2020-04-16,US,Arizona,Unassigned,0,28,0,0.0,0.0,90004.0,-28,0,27,0,-27,0,,0,1,0,-1,0
2020-04-16,US,Arizona,Yavapai,68,1,0,34.59933926,-112.5538588,4025.0,67,66,1,0,65,70,231993,2,0,0,2,-4
2020-04-16,US,Arizona,Yuma,24,1,0,32.76895712,-113.90666740000002,4027.0,23,20,0,0,20,20,212128,4,1,0,3,0
2020-04-16,US,Arkansas,Arkansas,2,0,0,34.29145151,-91.37277296,5001.0,2,2,0,0,2,2,17769,0,0,0,0,0
2020-04-16,US,Arkansas,Ashley,11,0,0,33.19153461,-91.7698471,5003.0,11,11,0,0,11,11,20046,0,0,0,0,0
2020-04-16,US,Arkansas,Baxter,4,0,0,36.28784385,-92.33782872,5005.0,4,4,0,0,4,4,41619,0,0,0,0,0
2020-04-16,US,Arkansas,Benton,61,0,0,36.33644656,-94.25680817,5007.0,61,62,0,0,62,60,272608,-1,0,0,-1,2
2020-04-16,US,Arkansas,Boone,3,0,0,36.3084504,-93.09374925,5009.0,3,3,0,0,3,3,37480,0,0,0,0,0
2020-04-16,US,Arkansas,Bradley,7,0,0,33.46755808,-92.15980837,5011.0,7,7,0,0,7,7,10897,0,0,0,0,0
2020-04-16,US,Arkansas,Carroll,2,0,0,36.34038560000001,-93.54270261,5015.0,2,2,0,0,2,2,28223,0,0,0,0,0
2020-04-16,US,Arkansas,Chicot,7,0,0,33.26458973,-91.29539209,5017.0,7,7,0,0,7,7,10438,0,0,0,0,0
2020-04-16,US,Arkansas,Clark,27,0,0,34.04613432,-93.17484713,5019.0,27,27,0,0,27,26,22061,0,0,0,0,1
2020-04-16,US,Arkansas,Clay,1,0,0,36.36826212,-90.4148172,5021.0,1,1,0,0,1,1,14847,0,0,0,0,0
2020-04-16,US,Arkansas,Cleburne,70,4,0,35.53864922,-92.02640019,5023.0,66,70,4,0,66,70,24965,0,0,0,0,0
2020-04-16,US,Arkansas,Cleveland,8,0,0,33.89723187,-92.18537045,5025.0,8,8,0,0,8,8,8018,0,0,0,0,0
2020-04-16,US,Arkansas,Columbia,4,0,0,33.21230701,-93.22642793,5027.0,4,4,0,0,4,3,23537,0,0,0,0,1
2020-04-16,US,Arkansas,Conway,5,1,0,35.26205537,-92.70506566,5029.0,4,5,1,0,4,4,20891,0,0,0,0,1
2020-04-16,US,Arkansas,Craighead,40,1,0,35.83018283,-90.63235729,5031.0,39,38,0,0,38,36,108558,2,1,0,1,2
2020-04-16,US,Arkansas,Crawford,4,0,0,35.58928601,-94.2446814,5033.0,4,4,0,0,4,4,63406,0,0,0,0,0
2020-04-16,US,Arkansas,Crittenden,122,4,0,35.21247318,-90.30839406,5035.0,118,121,2,0,119,116,48342,1,2,0,-1,5
2020-04-16,US,Arkansas,Cross,7,0,0,35.29631396,-90.77185818,5037.0,7,7,0,0,7,7,16676,0,0,0,0,0
2020-04-16,US,Arkansas,Dallas,1,0,0,33.97042763,-92.65167437,5039.0,1,1,0,0,1,1,7182,0,0,0,0,0
2020-04-16,US,Arkansas,Desha,6,0,0,33.83011025,-91.25500948,5041.0,6,6,0,0,6,6,11512,0,0,0,0,0
2020-04-16,US,Arkansas,Drew,6,1,0,33.59035001,-91.71777921,5043.0,5,6,1,0,5,6,18328,0,0,0,0,0
2020-04-16,US,Arkansas,Faulkner,59,2,0,35.14719007,-92.33717519,5045.0,57,58,2,0,56,58,124806,1,0,0,1,0
2020-04-16,US,Arkansas,Franklin,1,0,0,35.51202821,-93.89299569,5047.0,1,1,0,0,1,2,17810,0,0,0,0,-1
2020-04-16,US,Arkansas,Garland,105,0,0,34.57692074,-93.14921604,5051.0,105,103,0,0,103,102,99154,2,0,0,2,1
2020-04-16,US,Arkansas,Grant,11,0,0,34.29017991,-92.42320562,5053.0,11,11,0,0,11,10,18188,0,0,0,0,1
2020-04-16,US,Arkansas,Greene,6,0,0,36.11735460000001,-90.55832668,5055.0,6,6,0,0,6,6,45325,0,0,0,0,0
2020-04-16,US,Arkansas,Hempstead,4,1,0,33.73325583,-93.66935133,5057.0,3,4,1,0,3,4,21741,0,0,0,0,0
2020-04-16,US,Arkansas,Hot Spring,8,0,0,34.31709259,-92.95396325,5059.0,8,8,0,0,8,8,33701,0,0,0,0,0
2020-04-16,US,Arkansas,Howard,12,0,0,34.09007427,-93.9934871,5061.0,12,10,0,0,10,9,13341,2,0,0,2,1
2020-04-16,US,Arkansas,Independence,6,0,0,35.74242707,-91.57001641,5063.0,6,6,0,0,6,6,37678,0,0,0,0,0
2020-04-16,US,Arkansas,Izard,2,0,0,36.09604046,-91.90847954,5065.0,2,2,0,0,2,2,13593,0,0,0,0,0
2020-04-16,US,Arkansas,Jackson,1,0,0,35.59802983,-91.21494602,5067.0,1,1,0,0,1,1,16811,0,0,0,0,0
2020-04-16,US,Arkansas,Jefferson,109,6,0,34.26767081,-91.92619839,5069.0,103,106,6,0,100,105,68114,3,0,0,3,1
2020-04-16,US,Arkansas,Johnson,18,0,0,35.56759135,-93.46036368,5071.0,18,16,0,0,16,19,26742,2,0,0,2,-3
2020-04-16,US,Arkansas,Lafayette,5,0,0,33.24116713,-93.60677071,5073.0,5,4,0,0,4,3,6682,1,0,0,1,1
2020-04-16,US,Arkansas,Lawrence,12,1,0,36.04188196,-91.10867198,5075.0,11,11,1,0,10,11,16434,1,0,0,1,0
2020-04-16,US,Arkansas,Lee,3,1,0,34.78498904,-90.78383866,5077.0,2,3,1,0,2,2,8985,0,0,0,0,1
2020-04-16,US,Arkansas,Lincoln,61,0,0,33.95317155,-91.74002806,5079.0,61,59,0,0,59,56,13383,2,0,0,2,3
2020-04-16,US,Arkansas,Logan,2,0,0,35.21413234,-93.71951016,5083.0,2,2,0,0,2,2,21737,0,0,0,0,0
2020-04-16,US,Arkansas,Lonoke,30,0,0,34.75392199,-91.88742357,5085.0,30,30,0,0,30,29,73657,0,0,0,0,1
2020-04-16,US,Arkansas,Madison,1,0,0,36.01038185,-93.72524943,5087.0,1,1,0,0,1,1,16481,0,0,0,0,0
2020-04-16,US,Arkansas,Marion,1,0,0,36.26844485,-92.68451899,5089.0,1,1,0,0,1,1,16722,0,0,0,0,0
2020-04-16,US,Arkansas,Miller,29,0,0,33.31403423,-93.89285258,5091.0,29,28,0,0,28,28,43592,1,0,0,1,0
2020-04-16,US,Arkansas,Mississippi,8,0,0,35.76271485,-90.05194370000002,5093.0,8,7,0,0,7,7,41239,1,0,0,1,0
2020-04-16,US,Arkansas,Monroe,2,0,0,34.6815935,-91.20540287,5095.0,2,2,0,0,2,2,6900,0,0,0,0,0
2020-04-16,US,Arkansas,Nevada,1,0,0,33.66340119,-93.30632432,5099.0,1,1,0,0,1,1,8326,0,0,0,0,0
2020-04-16,US,Arkansas,Newton,1,0,0,35.91947491,-93.21612969,5101.0,1,1,0,0,1,1,7805,0,0,0,0,0
2020-04-16,US,Arkansas,Ouachita,5,0,0,33.58839816,-92.87795984,5103.0,5,5,0,0,5,5,23606,0,0,0,0,0
2020-04-16,US,Arkansas,Perry,2,0,0,34.9459153,-92.94372564,5105.0,2,2,0,0,2,2,10352,0,0,0,0,0
2020-04-16,US,Arkansas,Phillips,4,1,0,34.43268455,-90.84800154,5107.0,3,4,1,0,3,4,18029,0,0,0,0,0
2020-04-16,US,Arkansas,Pike,2,0,0,34.16250414,-93.65789349,5109.0,2,2,0,0,2,2,10673,0,0,0,0,0
2020-04-16,US,Arkansas,Poinsett,9,0,0,35.57433534,-90.66268713,5111.0,9,7,0,0,7,7,23974,2,0,0,2,0
2020-04-16,US,Arkansas,Polk,6,0,0,34.48254879,-94.22728802,5113.0,6,6,0,0,6,6,20049,0,0,0,0,0
2020-04-16,US,Arkansas,Pope,33,0,0,35.44871474,-93.03212219,5115.0,33,31,0,0,31,31,64000,2,0,0,2,0
2020-04-16,US,Arkansas,Prairie,2,0,0,34.83624419,-91.55162157,5117.0,2,2,0,0,2,2,8074,0,0,0,0,0
2020-04-16,US,Arkansas,Pulaski,355,11,0,34.77054088,-92.31355101,5119.0,344,343,10,0,333,297,392680,12,1,0,11,46
2020-04-16,US,Arkansas,Randolph,9,0,0,36.3415714,-91.02455531,5121.0,9,9,0,0,9,8,17948,0,0,0,0,1
2020-04-16,US,Arkansas,Saline,36,1,0,34.64916145,-92.67583224,5125.0,35,34,1,0,33,33,121421,2,0,0,2,1
2020-04-16,US,Arkansas,Scott,1,0,0,34.85588887,-94.0632176,5127.0,1,1,0,0,1,1,10319,0,0,0,0,0
2020-04-16,US,Arkansas,Searcy,6,0,0,35.9109364,-92.69936482,5129.0,6,6,0,0,6,6,7958,0,0,0,0,0
2020-04-16,US,Arkansas,Sebastian,11,0,0,35.19605503,-94.27162713,5131.0,11,11,0,0,11,11,127753,0,0,0,0,0
2020-04-16,US,Arkansas,Sevier,8,0,0,33.99780401,-94.2424869,5133.0,8,8,0,0,8,8,17139,0,0,0,0,0
2020-04-16,US,Arkansas,Sharp,2,0,0,36.16258158,-91.47819342,5135.0,2,2,0,0,2,2,17366,0,0,0,0,0
2020-04-16,US,Arkansas,St. Francis,63,0,0,35.02201976,-90.74828138,5123.0,63,45,0,0,45,45,25439,18,0,0,18,0
2020-04-16,US,Arkansas,Stone,7,0,0,35.86251946,-92.15684085,5137.0,7,7,0,0,7,7,12457,0,0,0,0,0
2020-04-16,US,Arkansas,Unassigned,44,0,0,0.0,0.0,90005.0,44,48,0,0,48,45,,-4,0,0,-4,3
2020-04-16,US,Arkansas,Union,19,0,0,33.16887091,-92.59746952,5139.0,19,18,0,0,18,17,39126,1,0,0,1,1
2020-04-16,US,Arkansas,Van Buren,26,2,0,35.58095779,-92.51295036,5141.0,24,26,2,0,24,26,16603,0,0,0,0,0
2020-04-16,US,Arkansas,Washington,44,0,0,35.976844,-94.21800746,5143.0,44,44,0,0,44,43,236961,0,0,0,0,1
2020-04-16,US,Arkansas,White,28,0,0,35.25688493,-91.74908296,5145.0,28,28,0,0,28,28,78727,0,0,0,0,0
2020-04-16,US,Arkansas,Woodruff,1,0,0,35.18902527,-91.2439489,5147.0,1,1,0,0,1,1,6490,0,0,0,0,0
2020-04-16,US,Arkansas,Yell,1,0,0,35.00292371,-93.41171338,5149.0,1,1,0,0,1,1,21535,0,0,0,0,0
2020-04-16,US,California,Alameda,1007,39,0,37.64629437,-121.8929271,6001.0,968,964,36,0,928,888,1666753,43,3,0,40,76
2020-04-16,US,California,Alpine,2,0,0,38.59678594,-119.8223594,6003.0,2,2,0,0,2,2,1101,0,0,0,0,0
2020-04-16,US,California,Amador,7,0,0,38.44583082,-120.65696,6005.0,7,7,0,0,7,7,39383,0,0,0,0,0
2020-04-16,US,California,Butte,16,0,0,39.66727762,-121.6005252,6007.0,16,16,0,0,16,15,231256,0,0,0,0,1
2020-04-16,US,California,Calaveras,11,0,0,38.20537103,-120.552913,6009.0,11,9,0,0,9,9,45602,2,0,0,2,0
2020-04-16,US,California,Colusa,3,0,0,39.17881957,-122.2331726,6011.0,3,3,0,0,3,3,21627,0,0,0,0,0
2020-04-16,US,California,Contra Costa,631,16,0,37.91923498,-121.9289527,6013.0,615,615,14,0,601,552,1150215,16,2,0,14,63
2020-04-16,US,California,Del Norte,2,0,0,41.74228275,-123.8974063,6015.0,2,2,0,0,2,2,27828,0,0,0,0,0
2020-04-16,US,California,El Dorado,35,0,0,38.77965956,-120.5233166,6017.0,35,35,0,0,35,34,190678,0,0,0,0,1
2020-04-16,US,California,Fresno,265,7,0,36.75733899,-119.6466953,6019.0,258,251,7,0,244,222,994400,14,0,0,14,29
2020-04-16,US,California,Glenn,4,0,0,39.59875897,-122.3938452,6021.0,4,4,0,0,4,4,28047,0,0,0,0,0
2020-04-16,US,California,Humboldt,52,0,0,40.69923009,-123.876044,6023.0,52,51,0,0,51,50,136373,1,0,0,1,1
2020-04-16,US,California,Imperial,127,3,0,33.0393082,-115.3669042,6025.0,124,117,3,0,114,100,181827,10,0,0,10,17
2020-04-16,US,California,Inyo,17,0,0,36.51112084,-117.41119779999998,6027.0,17,17,0,0,17,12,17987,0,0,0,0,5
2020-04-16,US,California,Kern,565,3,0,35.34329425,-118.7277796,6029.0,562,533,3,0,530,462,896764,32,0,0,32,71
2020-04-16,US,California,Kings,13,1,0,36.07409056,-119.8159973,6031.0,12,13,1,0,12,12,151366,0,0,0,0,1
2020-04-16,US,California,Lake,6,0,0,39.10124298,-122.7536244,6033.0,6,5,0,0,5,4,64382,1,0,0,1,1
2020-04-16,US,California,Los Angeles,10854,457,0,34.30828379,-118.2282411,6037.0,10397,10517,405,0,10112,10047,10105518,337,52,0,285,470
2020-04-16,US,California,Madera,33,2,0,37.21513971,-119.76655890000002,6039.0,31,33,2,0,31,33,157672,0,0,0,0,0
2020-04-16,US,California,Marin,184,10,0,38.07122463,-122.7210631,6041.0,174,171,10,0,161,170,259666,13,0,0,13,1
2020-04-16,US,California,Mendocino,4,0,0,39.4381191,-123.3911313,6045.0,4,4,0,0,4,4,87606,0,0,0,0,0
2020-04-16,US,California,Merced,79,3,0,37.18922369,-120.7209035,6047.0,76,76,3,0,73,74,274765,3,0,0,3,2
2020-04-16,US,California,Mono,23,1,0,37.93899289,-118.8872409,6051.0,22,23,1,0,22,23,14250,0,0,0,0,0
2020-04-16,US,California,Monterey,108,3,0,36.21862405,-121.2413397,6053.0,105,100,3,0,97,87,435594,8,0,0,8,13
2020-04-16,US,California,Napa,39,2,0,38.50735751,-122.332839,6055.0,37,38,2,0,36,38,139417,1,0,0,1,0
2020-04-16,US,California,Nevada,34,1,0,39.30394768,-120.7627281,6057.0,33,34,1,0,33,34,99696,0,0,0,0,0
2020-04-16,US,California,Orange,1425,25,0,33.70147516,-117.76459979999998,6059.0,1400,1376,22,0,1354,1299,3185968,49,3,0,46,77
2020-04-16,US,California,Placer,130,8,0,39.06167234,-120.7240569,6061.0,122,129,7,0,122,128,393149,1,1,0,0,1
2020-04-16,US,California,Plumas,4,0,0,40.00355989,-120.8395236,6063.0,4,4,0,0,4,4,18804,0,0,0,0,0
2020-04-16,US,California,Riverside,2105,54,0,33.74314981,-115.9933578,6065.0,2051,1961,50,0,1911,1961,2450758,144,4,0,140,0
2020-04-16,US,California,Sacramento,879,32,0,38.45106826,-121.3425374,6067.0,847,853,32,0,821,816,1540975,26,0,0,26,37
2020-04-16,US,California,San Benito,41,2,0,36.60308176,-121.069975,6069.0,39,39,2,0,37,39,61537,2,0,0,2,0
2020-04-16,US,California,San Bernardino,996,39,0,34.84060306,-116.1774685,6071.0,957,977,31,0,946,977,2171603,19,8,0,11,0
2020-04-16,US,California,San Diego,2012,60,0,33.03484597,-116.7365326,6073.0,1952,1930,53,0,1877,1847,3343364,82,7,0,75,83
2020-04-16,US,California,San Francisco,1019,17,0,37.75215114,-122.4385672,6075.0,1002,1013,17,0,996,987,883305,6,0,0,6,26
2020-04-16,US,California,San Joaquin,365,17,0,37.93433732,-121.2730061,6077.0,348,341,17,0,324,314,752660,24,0,0,24,27
2020-04-16,US,California,San Luis Obispo,125,1,0,35.38822029,-120.4039028,6079.0,124,120,1,0,119,117,284010,5,0,0,5,3
2020-04-16,US,California,San Mateo,767,28,0,37.4228808,-122.32755459999998,6081.0,739,747,21,0,726,721,769545,20,7,0,13,26
2020-04-16,US,California,Santa Barbara,334,2,0,34.65329488,-120.0188492,6083.0,332,313,2,0,311,284,446527,21,0,0,21,29
2020-04-16,US,California,Santa Clara,1833,69,0,37.23104908,-121.6970462,6085.0,1764,1793,65,0,1728,1666,1937570,40,4,0,36,127
2020-04-16,US,California,Santa Cruz,96,2,0,37.05580291,-122.0066524,6087.0,94,96,2,0,94,91,274255,0,0,0,0,5
2020-04-16,US,California,Shasta,25,3,0,40.76391419,-122.0396884,6089.0,22,25,3,0,22,25,180040,0,0,0,0,0
2020-04-16,US,California,Siskiyou,5,0,0,41.59198861,-122.5407434,6093.0,5,5,0,0,5,5,43724,0,0,0,0,0
2020-04-16,US,California,Solano,141,2,0,38.26827353,-121.9357113,6095.0,139,140,2,0,138,135,446610,1,0,0,1,5
2020-04-16,US,California,Sonoma,163,2,0,38.52746429,-122.8862506,6097.0,161,160,2,0,158,152,499942,3,0,0,3,8
2020-04-16,US,California,Stanislaus,177,4,0,37.55862499,-120.9970722,6099.0,173,163,4,0,159,146,549815,14,0,0,14,17
2020-04-16,US,California,Sutter,24,2,0,39.03417539,-121.6945899,6101.0,22,24,3,0,21,23,96807,0,-1,0,1,1
2020-04-16,US,California,Tehama,1,1,0,40.12570935,-122.2370171,6103.0,0,1,1,0,0,1,63916,0,0,0,0,0
2020-04-16,US,California,Tulare,372,17,0,36.22026558,-118.8020203,6107.0,355,352,15,0,337,296,465861,20,2,0,18,56
2020-04-16,US,California,Tuolumne,2,0,0,38.02644018,-119.9525093,6109.0,2,2,0,0,2,1,54539,0,0,0,0,1
2020-04-16,US,California,Ventura,384,13,0,34.44465746,-119.0910613,6111.0,371,365,13,0,352,317,850967,19,0,0,19,48
2020-04-16,US,California,Yolo,116,7,0,38.68278902,-121.9018288,6113.0,109,102,4,0,98,101,220408,14,3,0,11,1
2020-04-16,US,California,Yuba,15,1,0,39.26255932,-121.3535644,6115.0,14,15,1,0,14,15,78041,0,0,0,0,0
2020-04-16,US,Colorado,Adams,758,28,0,39.87432092,-104.3362578,8001.0,730,726,27,0,699,726,511868,32,1,0,31,0
2020-04-16,US,Colorado,Alamosa,7,2,0,37.57250606,-105.7885451,8003.0,5,7,2,0,5,7,16683,0,0,0,0,0
2020-04-16,US,Colorado,Arapahoe,1243,52,0,39.64977461,-104.3353617,8005.0,1191,1183,43,0,1140,1183,651215,60,9,0,51,0
2020-04-16,US,Colorado,Archuleta,6,0,0,37.19474156,-107.0476867,8007.0,6,6,0,0,6,6,13765,0,0,0,0,0
2020-04-16,US,Colorado,Baca,10,0,0,37.31940883,-102.5603223,8009.0,10,10,0,0,10,10,3585,0,0,0,0,0
2020-04-16,US,Colorado,Boulder,300,15,0,40.09313619,-105.3546767,8013.0,285,299,15,0,284,293,326078,1,0,0,1,6
2020-04-16,US,Colorado,Broomfield,92,2,0,39.95998787,-105.0566324,8014.0,90,88,2,0,86,88,69267,4,0,0,4,0
2020-04-16,US,Colorado,Chaffee,31,4,0,38.74745778,-106.19265729999998,8015.0,27,28,3,0,25,28,20027,3,1,0,2,0
2020-04-16,US,Colorado,Clear Creek,11,0,0,39.68864463,-105.6463118,8019.0,11,11,0,0,11,11,9605,0,0,0,0,0
2020-04-16,US,Colorado,Costilla,3,0,0,37.27732493,-105.4276548,8023.0,3,3,0,0,3,3,3828,0,0,0,0,0
2020-04-16,US,Colorado,Crowley,2,1,0,38.32608609,-103.7844965,8025.0,1,2,1,0,1,2,5858,0,0,0,0,0
2020-04-16,US,Colorado,Custer,2,0,0,38.10883162,-105.3683478,8027.0,2,2,0,0,2,2,4954,0,0,0,0,0
2020-04-16,US,Colorado,Delta,12,1,0,38.86246243,-107.8631342,8029.0,11,12,1,0,11,12,30953,0,0,0,0,0
2020-04-16,US,Colorado,Denver,1468,61,0,39.76018276,-104.8725695,8031.0,1407,1402,56,0,1346,1402,716492,66,5,0,61,0
2020-04-16,US,Colorado,Douglas,312,15,0,39.33133796,-104.930001,8035.0,297,311,12,0,299,311,342776,1,3,0,-2,0
2020-04-16,US,Colorado,Eagle,480,6,0,39.62754308,-106.6933637,8037.0,474,468,6,0,462,468,54993,12,0,0,12,0
2020-04-16,US,Colorado,El Paso,668,43,0,38.83240149,-104.5251411,8041.0,625,652,41,0,611,652,713856,16,2,0,14,0
2020-04-16,US,Colorado,Elbert,16,1,0,39.28656773,-104.1358721,8039.0,15,17,1,0,16,17,26282,-1,0,0,-1,0
2020-04-16,US,Colorado,Fremont,9,0,0,38.47362326,-105.4399667,8043.0,9,8,0,0,8,8,48021,1,0,0,1,0
2020-04-16,US,Colorado,Garfield,62,2,0,39.59921777,-107.902708,8045.0,60,59,2,0,57,59,59770,3,0,0,3,0
2020-04-16,US,Colorado,Gilpin,1,0,0,39.85646523,-105.5252597,8047.0,1,1,0,0,1,1,6121,0,0,0,0,0
2020-04-16,US,Colorado,Grand,4,0,0,40.10603347,-106.1178042,8049.0,4,4,0,0,4,4,15525,0,0,0,0,0
2020-04-16,US,Colorado,Gunnison,104,3,0,38.66611652,-107.0320729,8051.0,101,99,3,0,96,99,17246,5,0,0,5,0
2020-04-16,US,Colorado,Hinsdale,3,0,0,37.82247444,-107.3004345,8053.0,3,3,0,0,3,3,811,0,0,0,0,0
2020-04-16,US,Colorado,Huerfano,1,0,0,37.68473101,-104.9612585,8055.0,1,1,0,0,1,1,6889,0,0,0,0,0
2020-04-16,US,Colorado,Jefferson,837,32,0,39.58635604,-105.2517692,8059.0,805,809,31,0,778,809,580233,28,1,0,27,0
2020-04-16,US,Colorado,Kit Carson,8,1,0,39.30497777,-102.6022199,8063.0,7,8,1,0,7,8,7163,0,0,0,0,0
2020-04-16,US,Colorado,La Plata,46,0,0,37.28632032,-107.8429014,8067.0,46,44,0,0,44,44,56310,2,0,0,2,0
2020-04-16,US,Colorado,Lake,5,0,0,39.20278823,-106.3555697,8065.0,5,5,0,0,5,5,7824,0,0,0,0,0
2020-04-16,US,Colorado,Larimer,202,9,0,40.66671597,-105.4625784,8069.0,193,198,9,0,189,198,350518,4,0,0,4,0
2020-04-16,US,Colorado,Las Animas,2,0,0,37.3153406,-104.0376458,8071.0,2,2,0,0,2,2,14503,0,0,0,0,0
2020-04-16,US,Colorado,Lincoln,2,0,0,38.98749519,-103.5136649,8073.0,2,2,0,0,2,2,5610,0,0,0,0,0
2020-04-16,US,Colorado,Logan,13,0,0,40.7249637,-103.110817,8075.0,13,13,0,0,13,13,21528,0,0,0,0,0
2020-04-16,US,Colorado,Mesa,34,0,0,39.01787888,-108.469799,8077.0,34,35,0,0,35,35,153207,-1,0,0,-1,0
2020-04-16,US,Colorado,Mineral,2,0,0,37.66954283,-106.9281698,8079.0,2,2,0,0,2,2,776,0,0,0,0,0
2020-04-16,US,Colorado,Moffat,3,0,0,40.61810999,-108.2070876,8081.0,3,3,0,0,3,3,13188,0,0,0,0,0
2020-04-16,US,Colorado,Montezuma,12,2,0,37.33859579,-108.5958857,8083.0,10,12,2,0,10,12,26158,0,0,0,0,0
2020-04-16,US,Colorado,Montrose,65,6,0,38.40214114,-108.26390220000002,8085.0,59,63,5,0,58,63,42214,2,1,0,1,0
2020-04-16,US,Colorado,Morgan,103,0,0,40.26279810000001,-103.8093302,8087.0,103,89,0,0,89,89,28558,14,0,0,14,0
2020-04-16,US,Colorado,Otero,5,0,0,37.9014485,-103.7173385,8089.0,5,5,0,0,5,5,18432,0,0,0,0,0
2020-04-16,US,Colorado,Ouray,4,1,0,38.14717457,-107.7675136,8091.0,3,4,1,0,3,4,4833,0,0,0,0,0
2020-04-16,US,Colorado,Park,6,0,0,39.120926,-105.7182065,8093.0,6,6,0,0,6,6,18556,0,0,0,0,0
2020-04-16,US,Colorado,Phillips,4,0,0,40.59414277,-102.3577703,8095.0,4,4,0,0,4,4,4286,0,0,0,0,0
2020-04-16,US,Colorado,Pitkin,51,2,0,39.21720112,-106.9310027,8097.0,49,49,2,0,47,49,17950,2,0,0,2,0
2020-04-16,US,Colorado,Prowers,1,0,0,37.95544985,-102.3926052,8099.0,1,1,0,0,1,1,12164,0,0,0,0,0
2020-04-16,US,Colorado,Pueblo,68,4,0,38.17359144,-104.5127437,8101.0,64,64,4,0,60,64,167529,4,0,0,4,0
2020-04-16,US,Colorado,Rio Blanco,1,0,0,39.97913541,-108.2179009,8103.0,1,1,0,0,1,1,6336,0,0,0,0,0
2020-04-16,US,Colorado,Rio Grande,7,0,0,37.5836865,-106.3847838,8105.0,7,5,0,0,5,5,11250,2,0,0,2,0
2020-04-16,US,Colorado,Routt,41,1,0,40.48596505,-106.9905548,8107.0,40,41,0,0,41,41,25733,0,1,0,-1,0
2020-04-16,US,Colorado,Saguache,3,0,0,38.08054629,-106.282466,8109.0,3,3,0,0,3,3,6843,0,0,0,0,0
2020-04-16,US,Colorado,San Miguel,12,0,0,38.00450883,-108.4020725,8113.0,12,12,0,0,12,12,8191,0,0,0,0,0
2020-04-16,US,Colorado,Summit,82,1,0,39.63803232,-106.1150762,8117.0,81,74,1,0,73,74,31007,8,0,0,8,0
2020-04-16,US,Colorado,Teller,16,2,0,38.88133511,-105.1614893,8119.0,14,16,2,0,14,16,25083,0,0,0,0,0
2020-04-16,US,Colorado,Unassigned,111,1,0,0.0,0.0,90008.0,110,119,0,0,119,119,,-8,1,0,-9,0
2020-04-16,US,Colorado,Washington,5,0,0,39.97015535,-103.202587,8121.0,5,5,0,0,5,5,4909,0,0,0,0,0
2020-04-16,US,Colorado,Weld,928,57,0,40.55499405,-104.3929621,8123.0,871,858,55,0,803,858,314305,70,2,0,68,0
2020-04-16,US,Colorado,Yuma,2,0,0,40.00346839,-102.4258673,8125.0,2,2,0,0,2,2,10020,0,0,0,0,0
2020-04-16,US,Connecticut,Fairfield,6816,406,0,41.26809896,-73.3881171,9001.0,6410,6480,365,0,6115,6213,943823,336,41,0,295,267
2020-04-16,US,Connecticut,Hartford,2859,243,0,41.80283011,-72.73103891,9003.0,2616,2570,213,0,2357,2370,892697,289,30,0,259,200
2020-04-16,US,Connecticut,Litchfield,535,44,0,41.7937534,-73.2451475,9005.0,491,490,35,0,455,460,181111,45,9,0,36,30
2020-04-16,US,Connecticut,Middlesex,394,30,0,41.45949668,-72.53714864,9007.0,364,379,28,0,351,355,162682,15,2,0,13,24
2020-04-16,US,Connecticut,New Haven,4163,214,0,41.4080325,-72.93620426,9009.0,3949,3758,195,0,3563,3543,857620,405,19,0,386,215
2020-04-16,US,Connecticut,New London,255,9,0,41.48896435,-72.10430976,9011.0,246,236,7,0,229,227,266784,19,2,0,17,9
2020-04-16,US,Connecticut,Tolland,241,22,0,41.85853803,-72.3308481,9013.0,219,216,22,0,194,201,150921,25,0,0,25,15
2020-04-16,US,Connecticut,Unassigned,534,2,0,0.0,0.0,90009.0,532,537,2,0,535,533,,-3,0,0,-3,4
2020-04-16,US,Connecticut,Windham,87,1,0,41.82972709,-71.98182316,9015.0,86,89,1,0,88,87,117027,-2,0,0,-2,2
2020-04-16,US,Delaware,Kent,352,9,0,39.08646628,-75.56884914,10001.0,343,345,7,0,338,329,178550,7,2,0,5,16
2020-04-16,US,Delaware,New Castle,1003,25,0,39.57992638,-75.64054974,10003.0,978,974,20,0,954,947,559335,29,5,0,24,27
2020-04-16,US,Delaware,Sussex,698,18,0,38.66143781,-75.39031349,10005.0,680,678,16,0,662,639,229286,20,2,0,18,39
2020-04-16,US,Delaware,Unassigned,17,3,0,0.0,0.0,90010.0,14,17,3,0,14,11,,0,0,0,0,6
2020-04-16,US,District of Columbia,District of Columbia,2350,81,0,38.90417773,-77.01655992,11001.0,2269,2197,72,0,2125,2058,702455,153,9,0,144,139
2020-04-16,US,Florida,Alachua,200,0,0,29.67866525,-82.35928158,12001.0,200,194,0,0,194,195,269956,6,0,0,6,-1
2020-04-16,US,Florida,Baker,17,2,0,30.33060121,-82.28467476,12003.0,15,17,2,0,15,17,28355,0,0,0,0,0
2020-04-16,US,Florida,Bay,42,2,0,30.26548745,-85.62122584,12005.0,40,39,2,0,37,38,185287,3,0,0,3,1
2020-04-16,US,Florida,Bradford,39,1,0,29.95079741,-82.16611613,12007.0,38,35,1,0,34,31,27732,4,0,0,4,4
2020-04-16,US,Florida,Brevard,192,6,0,28.29409504,-80.73091022,12009.0,186,173,6,0,167,163,596849,19,0,0,19,10
2020-04-16,US,Florida,Broward,3466,101,0,26.15184651,-80.48725556,12011.0,3365,3363,92,0,3271,3261,1951260,103,9,0,94,102
2020-04-16,US,Florida,Calhoun,5,0,0,30.40666734,-85.19394153,12013.0,5,5,0,0,5,5,14587,0,0,0,0,0
2020-04-16,US,Florida,Charlotte,127,7,0,26.90131002,-81.92949121,12015.0,120,124,5,0,119,123,184998,3,2,0,1,1
2020-04-16,US,Florida,Citrus,80,8,0,28.84804315,-82.47614748,12017.0,72,74,8,0,66,75,147929,6,0,0,6,-1
2020-04-16,US,Florida,Clay,184,9,0,29.98319144,-81.85609986,12019.0,175,170,9,0,161,168,216072,14,0,0,14,2
2020-04-16,US,Florida,Collier,416,6,0,26.11091986,-81.34687065,12021.0,410,395,5,0,390,380,378488,21,1,0,20,15
2020-04-16,US,Florida,Columbia,35,0,0,30.22509788,-82.62160164,12023.0,35,34,0,0,34,28,70503,1,0,0,1,6
2020-04-16,US,Florida,DeSoto,22,3,0,27.18677893,-81.80941373,12027.0,19,22,3,0,19,22,37489,0,0,0,0,0
2020-04-16,US,Florida,Dixie,3,0,0,29.60631086,-83.15724673,12029.0,3,3,0,0,3,2,16700,0,0,0,0,1
2020-04-16,US,Florida,Duval,776,14,0,30.33225875,-81.66976468,12031.0,762,745,14,0,731,718,950181,31,0,0,31,27
2020-04-16,US,Florida,Escambia,277,4,0,30.67652764,-87.37284571,12033.0,273,260,4,0,256,247,315534,17,0,0,17,13
2020-04-16,US,Florida,Flagler,50,2,0,29.45933576,-81.31508595,12035.0,48,46,2,0,44,45,112067,4,0,0,4,1
2020-04-16,US,Florida,Franklin,2,0,0,29.83791238,-84.82731662,12037.0,2,2,0,0,2,2,11736,0,0,0,0,0
2020-04-16,US,Florida,Gadsden,44,0,0,30.57796289,-84.61915825,12039.0,44,40,0,0,40,38,45894,4,0,0,4,2
2020-04-16,US,Florida,Gilchrist,4,0,0,29.72856978,-82.79880657,12041.0,4,6,0,0,6,6,18256,-2,0,0,-2,0
2020-04-16,US,Florida,Glades,5,1,0,26.95635849,-81.18996211,12043.0,4,5,1,0,4,5,13724,0,0,0,0,0
2020-04-16,US,Florida,Gulf,1,0,0,29.93543004,-85.24270990000002,12045.0,1,1,0,0,1,1,16164,0,0,0,0,0
2020-04-16,US,Florida,Hamilton,2,0,0,30.49673973,-82.94998918,12047.0,2,2,0,0,2,2,14310,0,0,0,0,0
2020-04-16,US,Florida,Hardee,4,0,0,27.49293939,-81.80956574,12049.0,4,3,0,0,3,3,27245,1,0,0,1,0
2020-04-16,US,Florida,Hendry,27,0,0,26.55386945,-81.16469006,12051.0,27,26,0,0,26,23,41556,1,0,0,1,3
2020-04-16,US,Florida,Hernando,76,2,0,28.55364461,-82.42700204,12053.0,74,76,2,0,74,71,190865,0,0,0,0,5
2020-04-16,US,Florida,Highlands,66,6,0,27.34254618,-81.34071957,12055.0,60,64,6,0,58,62,105424,2,0,0,2,2
2020-04-16,US,Florida,Hillsborough,878,18,0,27.9276559,-82.32013172,12057.0,860,869,18,0,851,819,1436888,9,0,0,9,50
2020-04-16,US,Florida,Holmes,4,0,0,30.86747479,-85.81319222,12059.0,4,4,0,0,4,4,19477,0,0,0,0,0
2020-04-16,US,Florida,Indian River,83,2,0,27.69308961,-80.60556721,12061.0,81,78,1,0,77,77,157413,5,1,0,4,1
2020-04-16,US,Florida,Jackson,8,0,0,30.7954597,-85.21500423,12063.0,8,6,0,0,6,6,48305,2,0,0,2,0
2020-04-16,US,Florida,Jefferson,23,1,0,30.43669112,-83.89442308,12065.0,22,22,1,0,21,13,14288,1,0,0,1,9
2020-04-16,US,Florida,Lafayette,1,0,0,29.98484137,-83.18166636,12067.0,1,1,0,0,1,1,8732,0,0,0,0,0
2020-04-16,US,Florida,Lake,186,5,0,28.76202069,-81.7125123,12069.0,181,179,5,0,174,169,356495,7,0,0,7,10
2020-04-16,US,Florida,Lee,687,24,0,26.58410348,-81.88399313,12071.0,663,677,22,0,655,657,754610,10,2,0,8,20
2020-04-16,US,Florida,Leon,165,0,0,30.45955727,-84.27491114,12073.0,165,154,0,0,154,150,292502,11,0,0,11,4
2020-04-16,US,Florida,Levy,9,0,0,29.31829741,-82.74007147,12075.0,9,7,0,0,7,7,40770,2,0,0,2,0
2020-04-16,US,Florida,Liberty,2,0,0,30.23766008,-84.8829258,12077.0,2,2,0,0,2,2,8457,0,0,0,0,0
2020-04-16,US,Florida,Madison,16,0,0,30.44396917,-83.47398594,12079.0,16,15,0,0,15,14,18529,1,0,0,1,1
2020-04-16,US,Florida,Manatee,309,20,0,27.47196942,-82.31831044,12081.0,289,276,19,0,257,261,394855,33,1,0,32,15
2020-04-16,US,Florida,Marion,112,3,0,29.21227113,-82.05803627,12083.0,109,107,3,0,104,104,359977,5,0,0,5,3
2020-04-16,US,Florida,Martin,142,4,0,27.0772071,-80.43109784,12085.0,138,138,4,0,134,135,160912,4,0,0,4,3
2020-04-16,US,Florida,Miami-Dade,8326,183,0,25.6112362,-80.55170587,12086.0,8143,8066,146,0,7920,7712,2761581,260,37,0,223,354
2020-04-16,US,Florida,Monroe,66,3,0,25.20904673,-81.07812416,12087.0,63,66,3,0,63,64,75027,0,0,0,0,2
2020-04-16,US,Florida,Nassau,40,0,0,30.61037141,-81.80297522,12089.0,40,37,0,0,37,35,85832,3,0,0,3,2
2020-04-16,US,Florida,Okaloosa,117,1,0,30.69143028,-86.59267105,12091.0,116,107,1,0,106,104,207269,10,0,0,10,3
2020-04-16,US,Florida,Okeechobee,5,0,0,27.386336199999995,-80.88944347,12093.0,5,5,0,0,5,5,41537,0,0,0,0,0
2020-04-16,US,Florida,Orange,1114,21,0,28.51367621,-81.31799498,12095.0,1093,1073,18,0,1055,1038,1380645,41,3,0,38,35
2020-04-16,US,Florida,Osceola,384,5,0,28.06312234,-81.14882926,12097.0,379,361,5,0,356,349,367990,23,0,0,23,12
2020-04-16,US,Florida,Palm Beach,1867,112,0,26.64676272,-80.46536002,12099.0,1755,1814,105,0,1709,1740,1485941,53,7,0,46,74
2020-04-16,US,Florida,Pasco,190,3,0,28.30810945,-82.40227529,12101.0,187,186,3,0,183,177,539630,4,0,0,4,9
2020-04-16,US,Florida,Pinellas,530,14,0,27.93130349,-82.72239666,12103.0,516,513,14,0,499,494,975280,17,0,0,17,19
2020-04-16,US,Florida,Polk,304,11,0,27.95027105,-81.69732947,12105.0,293,286,10,0,276,279,708009,18,1,0,17,7
2020-04-16,US,Florida,Putnam,49,1,0,29.60779729,-81.74230285,12107.0,48,46,1,0,45,43,74163,3,0,0,3,3
2020-04-16,US,Florida,Santa Rosa,118,5,0,30.69341450000001,-87.02458128,12113.0,113,115,4,0,111,114,179349,3,1,0,2,1
2020-04-16,US,Florida,Sarasota,260,17,0,27.18546175,-82.33174248,12115.0,243,252,16,0,236,241,426718,8,1,0,7,11
2020-04-16,US,Florida,Seminole,306,3,0,28.7158582,-81.24060348,12117.0,303,283,2,0,281,275,467832,23,1,0,22,8
2020-04-16,US,Florida,St. Johns,182,3,0,29.90096506,-81.43589967,12109.0,179,179,2,0,177,177,254261,3,1,0,2,2
2020-04-16,US,Florida,St. Lucie,186,9,0,27.37763908,-80.47106649,12111.0,177,172,8,0,164,165,321128,14,1,0,13,7
2020-04-16,US,Florida,Sumter,117,11,0,28.70181754,-82.0794267,12119.0,106,114,11,0,103,113,128754,3,0,0,3,1
2020-04-16,US,Florida,Suwannee,83,5,0,30.19746066,-82.99099670000003,12121.0,78,80,3,0,77,75,44191,3,2,0,1,5
2020-04-16,US,Florida,Taylor,1,0,0,30.04848048,-83.60445406,12123.0,1,1,0,0,1,1,21623,0,0,0,0,0
2020-04-16,US,Florida,Unassigned,6,0,0,0.0,0.0,90012.0,6,5,0,0,5,3,,1,0,0,1,2
2020-04-16,US,Florida,Union,2,0,0,30.04412971,-82.37497443,12125.0,2,2,0,0,2,2,14940,0,0,0,0,0
2020-04-16,US,Florida,Volusia,255,9,0,29.05858895,-81.18263252,12127.0,246,242,8,0,234,226,547538,13,1,0,12,16
2020-04-16,US,Florida,Wakulla,14,1,0,30.16548905,-84.39895211,12129.0,13,13,1,0,12,12,32461,1,0,0,1,1
2020-04-16,US,Florida,Walton,29,0,0,30.64204028,-86.16935664,12131.0,29,29,0,0,29,29,71375,0,0,0,0,0
2020-04-16,US,Florida,Washington,5,0,0,30.61359259,-85.66002461,12133.0,5,5,0,0,5,5,24880,0,0,0,0,0
2020-04-16,US,Georgia,Appling,17,0,0,31.74847232,-82.28909114,13001.0,17,14,0,0,14,13,18507,3,0,0,3,1
2020-04-16,US,Georgia,Atkinson,3,0,0,31.29633502,-82.87545866,13003.0,3,2,0,0,2,2,8297,1,0,0,1,0
2020-04-16,US,Georgia,Bacon,14,1,0,31.55456473,-82.45936528,13005.0,13,14,0,0,14,14,11185,0,1,0,-1,0
2020-04-16,US,Georgia,Baker,17,2,0,31.32669878,-84.44218806,13007.0,15,16,2,0,14,16,3092,1,0,0,1,0
2020-04-16,US,Georgia,Baldwin,97,2,0,33.06882326,-83.24701748,13009.0,95,90,2,0,88,69,44823,7,0,0,7,21
2020-04-16,US,Georgia,Banks,10,0,0,34.35607081,-83.49644388,13011.0,10,8,0,0,8,8,18988,2,0,0,2,0
2020-04-16,US,Georgia,Barrow,70,3,0,33.99148694,-83.71436292,13013.0,67,66,3,0,63,65,80809,4,0,0,4,1
2020-04-16,US,Georgia,Bartow,237,21,0,34.23732119,-84.83887523,13015.0,216,235,17,0,218,230,106408,2,4,0,-2,5
2020-04-16,US,Georgia,Ben Hill,10,0,0,31.76095874,-83.22145359,13017.0,10,10,0,0,10,10,16787,0,0,0,0,0
2020-04-16,US,Georgia,Berrien,9,0,0,31.27590016,-83.22529920000002,13019.0,9,8,0,0,8,8,19252,1,0,0,1,0
2020-04-16,US,Georgia,Bibb,118,1,0,32.80904227,-83.70489165,13021.0,117,95,1,0,94,91,153095,23,0,0,23,4
2020-04-16,US,Georgia,Bleckley,3,0,0,32.43829035,-83.33035166,13023.0,3,3,0,0,3,3,12838,0,0,0,0,0
2020-04-16,US,Georgia,Brantley,15,1,0,31.19576557,-81.97743999,13025.0,14,13,1,0,12,12,18897,2,0,0,2,1
2020-04-16,US,Georgia,Brooks,21,2,0,30.83922642,-83.58303423,13027.0,19,21,1,0,20,20,15513,0,1,0,-1,1
2020-04-16,US,Georgia,Bryan,30,2,0,32.00979311,-81.44002948,13029.0,28,30,2,0,28,30,38109,0,0,0,0,0
2020-04-16,US,Georgia,Bulloch,23,1,0,32.39577406,-81.74811421,13031.0,22,22,1,0,21,20,77296,1,0,0,1,2
2020-04-16,US,Georgia,Burke,32,2,0,33.05917989,-81.99928721,13033.0,30,28,2,0,26,28,22423,4,0,0,4,0
2020-04-16,US,Georgia,Butts,38,0,0,33.283094500000004,-83.95435040000002,13035.0,38,36,0,0,36,35,24193,2,0,0,2,1
2020-04-16,US,Georgia,Calhoun,59,2,0,31.53169785,-84.62725131,13037.0,57,58,2,0,56,54,6352,1,0,0,1,4
2020-04-16,US,Georgia,Camden,26,0,0,30.92951916,-81.66601818,13039.0,26,23,0,0,23,22,53677,3,0,0,3,1
2020-04-16,US,Georgia,Candler,4,0,0,32.40209349,-82.07702563,13043.0,4,4,0,0,4,4,10836,0,0,0,0,0
2020-04-16,US,Georgia,Carroll,243,7,0,33.58138199,-85.07976677,13045.0,236,237,6,0,231,235,118121,6,1,0,5,2
2020-04-16,US,Georgia,Catoosa,18,0,0,34.89872298,-85.13757014,13047.0,18,17,0,0,17,15,67420,1,0,0,1,2
2020-04-16,US,Georgia,Charlton,5,0,0,30.78371028,-82.13951596,13049.0,5,4,0,0,4,4,12968,1,0,0,1,0
2020-04-16,US,Georgia,Chatham,161,5,0,32.00043026,-81.12489526,13051.0,156,160,5,0,155,157,289195,1,0,0,1,3
2020-04-16,US,Georgia,Chattahoochee,5,0,0,32.34341231,-84.78809239,13053.0,5,5,0,0,5,5,10684,0,0,0,0,0
2020-04-16,US,Georgia,Chattooga,8,1,0,34.47197698,-85.34535662,13055.0,7,8,1,0,7,8,24790,0,0,0,0,0
2020-04-16,US,Georgia,Cherokee,242,8,0,34.24393976,-84.47431861,13057.0,234,225,8,0,217,219,254149,17,0,0,17,6
2020-04-16,US,Georgia,Clarke,102,12,0,33.95436462,-83.37124007,13059.0,90,98,12,0,86,95,127330,4,0,0,4,3
2020-04-16,US,Georgia,Clay,18,2,0,31.62221166,-84.97713865,13061.0,16,16,2,0,14,16,2887,2,0,0,2,0
2020-04-16,US,Georgia,Clayton,468,13,0,33.54187245,-84.35594188,13063.0,455,456,13,0,443,435,289615,12,0,0,12,21
2020-04-16,US,Georgia,Clinch,7,0,0,30.91395822,-82.70432472,13065.0,7,7,0,0,7,6,6648,0,0,0,0,1
2020-04-16,US,Georgia,Cobb,990,47,0,33.94243204,-84.5761255,13067.0,943,924,43,0,881,895,756865,66,4,0,62,29
2020-04-16,US,Georgia,Coffee,71,3,0,31.54892966,-82.85492059999999,13069.0,68,65,3,0,62,64,43093,6,0,0,6,1
2020-04-16,US,Georgia,Colquitt,98,5,0,31.18810588,-83.7677946,13071.0,93,89,5,0,84,88,45592,9,0,0,9,1
2020-04-16,US,Georgia,Columbia,82,0,0,33.54534185,-82.263524,13073.0,82,78,0,0,78,75,154291,4,0,0,4,3
2020-04-16,US,Georgia,Cook,10,0,0,31.16068491,-83.42947229,13075.0,10,8,0,0,8,7,17162,2,0,0,2,1
2020-04-16,US,Georgia,Coweta,140,3,0,33.35334302,-84.76129976,13077.0,137,136,3,0,133,135,145864,4,0,0,4,1
2020-04-16,US,Georgia,Crawford,11,0,0,32.71391813,-83.98061238,13079.0,11,10,0,0,10,9,12318,1,0,0,1,1
2020-04-16,US,Georgia,Crisp,93,1,0,31.92289565,-83.76811843,13081.0,92,88,1,0,87,83,22601,5,0,0,5,5
2020-04-16,US,Georgia,Dade,7,1,0,34.854916700000004,-85.50490424,13083.0,6,3,1,0,2,3,16226,4,0,0,4,0
2020-04-16,US,Georgia,Dawson,37,2,0,34.44244079,-84.16964071,13085.0,35,37,2,0,35,36,25083,0,0,0,0,1
2020-04-16,US,Georgia,DeKalb,1247,18,0,33.76944049,-84.22396017,13089.0,1229,1191,15,0,1176,1144,756558,56,3,0,53,47
2020-04-16,US,Georgia,Decatur,54,0,0,30.87967778,-84.57619536,13087.0,54,47,0,0,47,46,26575,7,0,0,7,1
2020-04-16,US,Georgia,Dodge,19,0,0,32.17265114,-83.16948926,13091.0,19,17,0,0,17,17,20705,2,0,0,2,0
2020-04-16,US,Georgia,Dooly,63,4,0,32.15630737,-83.79746561,13093.0,59,52,3,0,49,51,13706,11,1,0,10,1
2020-04-16,US,Georgia,Dougherty,1338,83,0,31.53328528,-84.21722377,13095.0,1255,1308,83,0,1225,1297,91243,30,0,0,30,11
2020-04-16,US,Georgia,Douglas,202,6,0,33.70291126,-84.77026156,13097.0,196,197,6,0,191,189,145331,5,0,0,5,8
2020-04-16,US,Georgia,Early,146,6,0,31.32155345,-84.90255207,13099.0,140,141,6,0,135,137,10247,5,0,0,5,4
2020-04-16,US,Georgia,Echols,3,0,0,30.71101099,-82.89687287,13101.0,3,3,0,0,3,2,4000,0,0,0,0,1
2020-04-16,US,Georgia,Effingham,24,1,0,32.36616021,-81.34280942,13103.0,23,25,1,0,24,25,62190,-1,0,0,-1,0
2020-04-16,US,Georgia,Elbert,7,0,0,34.11302332,-82.83936148,13105.0,7,7,0,0,7,6,19120,0,0,0,0,1
2020-04-16,US,Georgia,Emanuel,11,0,0,32.59221302,-82.30239915,13107.0,11,9,0,0,9,9,22612,2,0,0,2,0
2020-04-16,US,Georgia,Evans,2,0,0,32.15328841,-81.8870105,13109.0,2,2,0,0,2,2,10721,0,0,0,0,0
2020-04-16,US,Georgia,Fannin,14,0,0,34.86430205,-84.316964,13111.0,14,14,0,0,14,13,25964,0,0,0,0,1
2020-04-16,US,Georgia,Fayette,124,5,0,33.41357794,-84.49089434,13113.0,119,120,5,0,115,115,113459,4,0,0,4,5
2020-04-16,US,Georgia,Floyd,121,6,0,34.26268279,-85.21577392,13115.0,115,120,6,0,114,120,97927,1,0,0,1,0
2020-04-16,US,Georgia,Forsyth,162,5,0,34.22604035,-84.12315129999998,13117.0,157,153,5,0,148,153,236612,9,0,0,9,0
2020-04-16,US,Georgia,Franklin,8,0,0,34.37525597,-83.23159927,13119.0,8,7,0,0,7,5,23023,1,0,0,1,2
2020-04-16,US,Georgia,Fulton,1929,63,0,33.79216944,-84.46319413,13121.0,1866,1844,62,0,1782,1812,1050114,85,1,0,84,32
2020-04-16,US,Georgia,Gilmer,8,0,0,34.69316688,-84.45802506,13123.0,8,7,0,0,7,7,30816,1,0,0,1,0
2020-04-16,US,Georgia,Glynn,44,0,0,31.23279254,-81.53811412,13127.0,44,41,0,0,41,40,85219,3,0,0,3,1
2020-04-16,US,Georgia,Gordon,49,5,0,34.50487351,-84.87296253,13129.0,44,46,3,0,43,45,57685,3,2,0,1,1
2020-04-16,US,Georgia,Grady,25,1,0,30.87454847,-84.23418364,13131.0,24,21,1,0,20,21,24748,4,0,0,4,0
2020-04-16,US,Georgia,Greene,39,1,0,33.5769205,-83.17139104,13133.0,38,34,1,0,33,31,17698,5,0,0,5,3
2020-04-16,US,Georgia,Gwinnett,896,32,0,33.96044201,-84.02137802,13135.0,864,852,29,0,823,815,927781,44,3,0,41,37
2020-04-16,US,Georgia,Habersham,48,2,0,34.63331566,-83.53094677,13137.0,46,29,1,0,28,28,45388,19,1,0,18,1
2020-04-16,US,Georgia,Hall,411,5,0,34.32207823,-83.81896936,13139.0,406,374,1,0,373,363,202148,37,4,0,33,11
2020-04-16,US,Georgia,Hancock,6,0,0,33.2721566,-82.99766919,13141.0,6,5,0,0,5,5,8348,1,0,0,1,0
2020-04-16,US,Georgia,Haralson,20,1,0,33.79602175,-85.21005667,13143.0,19,19,1,0,18,19,29533,1,0,0,1,0
2020-04-16,US,Georgia,Harris,33,1,0,32.73709786,-84.90538572,13145.0,32,25,1,0,24,23,34475,8,0,0,8,2
2020-04-16,US,Georgia,Hart,5,0,0,34.34626973,-82.96567682,13147.0,5,5,0,0,5,5,26099,0,0,0,0,0
2020-04-16,US,Georgia,Heard,5,1,0,33.29686567,-85.12886832,13149.0,4,5,1,0,4,5,11879,0,0,0,0,0
2020-04-16,US,Georgia,Henry,330,5,0,33.4533428,-84.14814659999998,13151.0,325,321,5,0,316,306,230220,9,0,0,9,15
2020-04-16,US,Georgia,Houston,154,9,0,32.45802497,-83.66879087,13153.0,145,142,9,0,133,138,155469,12,0,0,12,4
2020-04-16,US,Georgia,Irwin,13,0,0,31.60213036,-83.27501387,13155.0,13,12,0,0,12,12,9398,1,0,0,1,0
2020-04-16,US,Georgia,Jackson,37,1,0,34.13794553,-83.56814788,13157.0,36,33,1,0,32,32,70422,4,0,0,4,1
2020-04-16,US,Georgia,Jasper,10,0,0,33.31535543,-83.68844964,13159.0,10,10,0,0,10,9,14040,0,0,0,0,1
2020-04-16,US,Georgia,Jeff Davis,3,0,0,31.80405727,-82.63724870000001,13161.0,3,2,0,0,2,1,15029,1,0,0,1,1
2020-04-16,US,Georgia,Jefferson,9,1,0,33.05867328,-82.41609057,13163.0,8,7,1,0,6,7,15430,2,0,0,2,0
2020-04-16,US,Georgia,Jenkins,12,1,0,32.79248718,-81.96040187,13165.0,11,12,1,0,11,11,8683,0,0,0,0,1
2020-04-16,US,Georgia,Johnson,24,1,0,32.70211082,-82.66166794,13167.0,23,21,1,0,20,20,9708,3,0,0,3,1
2020-04-16,US,Georgia,Jones,15,0,0,33.02512137,-83.56019163,13169.0,15,15,0,0,15,14,28616,0,0,0,0,1
2020-04-16,US,Georgia,Lamar,21,0,0,33.07841647,-84.14263877,13171.0,21,21,0,0,21,20,19000,0,0,0,0,1
2020-04-16,US,Georgia,Lanier,5,1,0,31.03828570000001,-83.06472457,13173.0,4,5,1,0,4,5,10340,0,0,0,0,0
2020-04-16,US,Georgia,Laurens,37,1,0,32.46325233,-82.92221316,13175.0,36,35,1,0,34,35,47325,2,0,0,2,0
2020-04-16,US,Georgia,Lee,265,15,0,31.779330600000005,-84.14324253,13177.0,250,264,15,0,249,258,29764,1,0,0,1,6
2020-04-16,US,Georgia,Liberty,26,0,0,31.82588896,-81.49251135,13179.0,26,26,0,0,26,21,61497,0,0,0,0,5
2020-04-16,US,Georgia,Lincoln,9,0,0,33.79201475,-82.45024131,13181.0,9,9,0,0,9,9,7915,0,0,0,0,0
2020-04-16,US,Georgia,Long,2,0,0,31.75218791,-81.74952375,13183.0,2,2,0,0,2,2,18998,0,0,0,0,0
2020-04-16,US,Georgia,Lowndes,77,3,0,30.83568832,-83.27056716,13185.0,74,75,3,0,72,70,116321,2,0,0,2,5
2020-04-16,US,Georgia,Lumpkin,11,0,0,34.57286511,-84.00425681,13187.0,11,11,0,0,11,11,32955,0,0,0,0,0
2020-04-16,US,Georgia,Macon,39,0,0,32.35207048,-84.04234127,13193.0,39,47,0,0,47,47,13143,-8,0,0,-8,0
2020-04-16,US,Georgia,Madison,14,1,0,34.12920917,-83.21218732,13195.0,13,13,1,0,12,12,29650,1,0,0,1,1
2020-04-16,US,Georgia,Marion,17,0,0,32.3483402,-84.52733571,13197.0,17,17,0,0,17,17,8351,0,0,0,0,0
2020-04-16,US,Georgia,McDuffie,31,2,0,33.47851918,-82.48252774,13189.0,29,30,2,0,28,30,21531,1,0,0,1,0
2020-04-16,US,Georgia,McIntosh,4,0,0,31.49683595,-81.40163426,13191.0,4,3,0,0,3,3,14340,1,0,0,1,0
2020-04-16,US,Georgia,Meriwether,29,0,0,33.04163534,-84.68859732,13199.0,29,26,0,0,26,24,21068,3,0,0,3,2
2020-04-16,US,Georgia,Miller,20,0,0,31.16568912,-84.73151117,13201.0,20,15,0,0,15,15,5686,5,0,0,5,0
2020-04-16,US,Georgia,Mitchell,183,20,0,31.22483255,-84.19381821,13205.0,163,172,20,0,152,164,22192,11,0,0,11,8
2020-04-16,US,Georgia,Monroe,14,1,0,33.014289,-83.92097166,13207.0,13,13,1,0,12,13,27520,1,0,0,1,0
2020-04-16,US,Georgia,Montgomery,2,0,0,32.17201038,-82.53527476,13209.0,2,2,0,0,2,2,9193,0,0,0,0,0
2020-04-16,US,Georgia,Morgan,17,0,0,33.59232073,-83.49129491,13211.0,17,15,0,0,15,15,18853,2,0,0,2,0
2020-04-16,US,Georgia,Murray,16,0,0,34.78897608,-84.74993177,13213.0,16,17,0,0,17,16,39921,-1,0,0,-1,1
2020-04-16,US,Georgia,Muscogee,192,4,0,32.50931999,-84.87142262,13215.0,188,177,4,0,173,175,194160,15,0,0,15,2
2020-04-16,US,Georgia,Newton,115,3,0,33.55514538,-83.84547140000002,13217.0,112,104,3,0,101,100,109541,11,0,0,11,4
2020-04-16,US,Georgia,Oconee,45,6,0,33.83749973,-83.43679568,13219.0,39,43,0,0,43,42,39272,2,6,0,-4,1
2020-04-16,US,Georgia,Oglethorpe,31,1,0,33.878629600000004,-83.08278123,13221.0,30,19,1,0,18,19,15054,12,0,0,12,0
2020-04-16,US,Georgia,Out of GA,707,0,0,0.0,0.0,80013.0,707,683,0,0,683,665,,24,0,0,24,18
2020-04-16,US,Georgia,Paulding,121,5,0,33.91969522,-84.86848792,13223.0,116,117,5,0,112,115,164044,4,0,0,4,2
2020-04-16,US,Georgia,Peach,28,2,0,32.56934316,-83.82937,13225.0,26,24,2,0,22,24,27297,4,0,0,4,0
2020-04-16,US,Georgia,Pickens,15,2,0,34.46589159,-84.46406611,13227.0,13,14,2,0,12,13,31980,1,0,0,1,1
2020-04-16,US,Georgia,Pierce,48,2,0,31.35928155,-82.21598442,13229.0,46,47,2,0,45,47,19389,1,0,0,1,0
2020-04-16,US,Georgia,Pike,27,1,0,33.09310242,-84.38790389,13231.0,26,25,1,0,24,22,18634,2,0,0,2,3
2020-04-16,US,Georgia,Polk,27,0,0,34.00267074,-85.18677781,13233.0,27,27,0,0,27,25,42470,0,0,0,0,2
2020-04-16,US,Georgia,Pulaski,11,1,0,32.23334561,-83.47549959999998,13235.0,10,11,1,0,10,11,11069,0,0,0,0,0
2020-04-16,US,Georgia,Putnam,14,0,0,33.32056115,-83.37552891,13237.0,14,12,0,0,12,12,21809,2,0,0,2,0
2020-04-16,US,Georgia,Quitman,3,1,0,31.86728114,-85.01773177,13239.0,2,3,1,0,2,3,2279,0,0,0,0,0
2020-04-16,US,Georgia,Rabun,7,0,0,34.88389445,-83.40304637,13241.0,7,7,0,0,7,7,16867,0,0,0,0,0
2020-04-16,US,Georgia,Randolph,134,7,0,31.76622818,-84.75732369,13243.0,127,131,7,0,124,131,6833,3,0,0,3,0
2020-04-16,US,Georgia,Richmond,189,8,0,33.35777107,-82.07026432,13245.0,181,168,8,0,160,162,201554,21,0,0,21,6
2020-04-16,US,Georgia,Rockdale,108,6,0,33.65145002,-84.02202167,13247.0,102,107,6,0,101,106,90594,1,0,0,1,1
2020-04-16,US,Georgia,Schley,13,1,0,32.2654021,-84.31258912,13249.0,12,13,1,0,12,12,5236,0,0,0,0,1
2020-04-16,US,Georgia,Screven,10,1,0,32.74976524,-81.60779441,13251.0,9,9,1,0,8,9,13938,1,0,0,1,0
2020-04-16,US,Georgia,Seminole,20,1,0,30.93464824,-84.86823924,13253.0,19,16,1,0,15,16,8315,4,0,0,4,0
2020-04-16,US,Georgia,Spalding,99,5,0,33.26310031,-84.28013991,13255.0,94,90,4,0,86,83,66100,9,1,0,8,7
2020-04-16,US,Georgia,Stephens,25,0,0,34.55151201,-83.29405315,13257.0,25,24,0,0,24,24,26035,1,0,0,1,0
2020-04-16,US,Georgia,Stewart,9,0,0,32.07996777,-84.83208037,13259.0,9,9,0,0,9,8,6199,0,0,0,0,1
2020-04-16,US,Georgia,Sumter,277,14,0,32.03650571,-84.19821492,13261.0,263,273,12,0,261,269,29733,4,2,0,2,4
2020-04-16,US,Georgia,Talbot,14,1,0,32.69642758,-84.53351366,13263.0,13,12,1,0,11,10,6272,2,0,0,2,2
2020-04-16,US,Georgia,Tattnall,5,0,0,32.04785085,-82.05539188,13267.0,5,5,0,0,5,5,25391,0,0,0,0,0
2020-04-16,US,Georgia,Taylor,10,2,0,32.55792548,-84.25077141,13269.0,8,9,2,0,7,9,8039,1,0,0,1,0
2020-04-16,US,Georgia,Telfair,13,0,0,31.92829517,-82.93491155,13271.0,13,11,0,0,11,11,15876,2,0,0,2,0
2020-04-16,US,Georgia,Terrell,137,12,0,31.77527543,-84.44069698,13273.0,125,135,11,0,124,134,8611,2,1,0,1,1
2020-04-16,US,Georgia,Thomas,112,10,0,30.86392347,-83.91847289,13275.0,102,92,9,0,83,89,44448,20,1,0,19,3
2020-04-16,US,Georgia,Tift,78,4,0,31.45743864,-83.5236119,13277.0,74,74,1,0,73,71,40571,4,3,0,1,3
2020-04-16,US,Georgia,Toombs,17,2,0,32.12059861,-82.32957247,13279.0,15,16,1,0,15,15,26887,1,1,0,0,1
2020-04-16,US,Georgia,Towns,8,0,0,34.91369188,-83.74107459999998,13281.0,8,8,0,0,8,8,11852,0,0,0,0,0
2020-04-16,US,Georgia,Treutlen,1,0,0,32.40422134,-82.56904553,13283.0,1,1,0,0,1,1,6809,0,0,0,0,0
2020-04-16,US,Georgia,Troup,75,4,0,33.03349196,-85.02812115,13285.0,71,68,4,0,64,68,70034,7,0,0,7,0
2020-04-16,US,Georgia,Turner,48,1,0,31.71612656,-83.62069378,13287.0,47,41,1,0,40,41,7912,7,0,0,7,0
2020-04-16,US,Georgia,Twiggs,4,0,0,32.67435595,-83.43078662,13289.0,4,3,0,0,3,3,8188,1,0,0,1,0
2020-04-16,US,Georgia,Unassigned,144,0,0,0.0,0.0,90013.0,144,263,7,0,256,287,,-119,-7,0,-112,-24
2020-04-16,US,Georgia,Union,8,1,0,34.82995757,-83.98967069,13291.0,7,8,1,0,7,8,24001,0,0,0,0,0
2020-04-16,US,Georgia,Upson,139,5,0,32.87920671,-84.30024826,13293.0,134,135,5,0,130,128,26215,4,0,0,4,7
2020-04-16,US,Georgia,Walker,13,0,0,34.73376362,-85.30165174,13295.0,13,13,0,0,13,10,69410,0,0,0,0,3
2020-04-16,US,Georgia,Walton,55,3,0,33.78017694,-83.73552314,13297.0,52,52,3,0,49,52,93503,3,0,0,3,0
2020-04-16,US,Georgia,Ware,69,5,0,31.05449097,-82.42224148,13299.0,64,66,4,0,62,64,35680,3,1,0,2,2
2020-04-16,US,Georgia,Warren,9,0,0,33.41146451,-82.67795848,13301.0,9,8,0,0,8,7,5251,1,0,0,1,1
2020-04-16,US,Georgia,Washington,23,0,0,32.96711864,-82.79357039,13303.0,23,22,0,0,22,22,20386,1,0,0,1,0
2020-04-16,US,Georgia,Wayne,6,0,0,31.5521809,-81.91894878,13305.0,6,6,0,0,6,6,29808,0,0,0,0,0
2020-04-16,US,Georgia,Webster,4,0,0,32.04066113,-84.54742852,13307.0,4,3,0,0,3,3,2611,1,0,0,1,0
2020-04-16,US,Georgia,Wheeler,3,0,0,32.12009104,-82.72574721,13309.0,3,3,0,0,3,3,7879,0,0,0,0,0
2020-04-16,US,Georgia,White,15,0,0,34.64624278,-83.74905525,13311.0,15,14,0,0,14,14,29970,1,0,0,1,0
2020-04-16,US,Georgia,Whitfield,33,3,0,34.80987459,-84.96093476,13313.0,30,31,3,0,28,29,104062,2,0,0,2,2
2020-04-16,US,Georgia,Wilcox,34,0,0,31.97496928,-83.43438555,13315.0,34,29,0,0,29,28,8812,5,0,0,5,1
2020-04-16,US,Georgia,Wilkes,10,0,0,33.78290391,-82.74286107,13317.0,10,8,0,0,8,8,9876,2,0,0,2,0
2020-04-16,US,Georgia,Wilkinson,17,1,0,32.80291082,-83.17140684,13319.0,16,14,1,0,13,12,9036,3,0,0,3,2
2020-04-16,US,Georgia,Worth,112,4,0,31.55162306,-83.85090513,13321.0,108,104,4,0,100,99,20299,8,0,0,8,5
2020-04-16,US,Hawaii,Hawaii,41,0,0,19.60121157,-155.5210167,15001.0,41,41,0,0,41,41,200983,0,0,0,0,0
2020-04-16,US,Hawaii,Honolulu,369,6,0,21.45803166,-157.97121819999995,15003.0,363,369,6,0,363,358,980080,0,0,0,0,11
2020-04-16,US,Hawaii,Kauai,21,0,0,22.03935037,-159.5966786,15007.0,21,21,0,0,21,21,72133,0,0,0,0,0
2020-04-16,US,Hawaii,Maui,92,3,0,20.86399628,-156.56890969999995,15009.0,89,92,3,0,89,88,167207,0,0,0,0,4
2020-04-16,US,Hawaii,Out of HI,6,0,0,0.0,0.0,80015.0,6,,,,,,,,,,,
2020-04-16,US,Hawaii,Unassigned,1,0,0,0.0,0.0,90015.0,1,1,0,0,1,3,,0,0,0,0,-2
2020-04-16,US,Idaho,Ada,567,9,0,43.4526575,-116.24155159999998,16001.0,558,538,9,0,529,538,469966,29,0,0,29,0
2020-04-16,US,Idaho,Adams,1,0,0,44.89333571,-116.4545247,16003.0,1,1,0,0,1,1,4250,0,0,0,0,0
2020-04-16,US,Idaho,Bannock,8,0,0,42.67002716,-112.2233311,16005.0,8,5,0,0,5,5,87138,3,0,0,3,0
2020-04-16,US,Idaho,Bingham,2,0,0,43.21672879999999,-112.3978437,16011.0,2,2,0,0,2,2,46236,0,0,0,0,0
2020-04-16,US,Idaho,Blaine,469,5,0,43.4085812,-113.9752658,16013.0,464,458,5,0,453,458,22601,11,0,0,11,0
2020-04-16,US,Idaho,Bonner,4,0,0,48.29996017,-116.6017932,16017.0,4,4,0,0,4,4,44727,0,0,0,0,0
2020-04-16,US,Idaho,Bonneville,24,0,0,43.38713372,-111.6161537,16019.0,24,16,0,0,16,14,116854,8,0,0,8,2
2020-04-16,US,Idaho,Camas,1,0,0,43.46665742,-114.8065892,16025.0,1,1,0,0,1,1,1127,0,0,0,0,0
2020-04-16,US,Idaho,Canyon,181,5,0,43.61970148,-116.7095499,16027.0,176,167,5,0,162,161,223499,14,0,0,14,6
2020-04-16,US,Idaho,Caribou,1,0,0,42.77149116,-111.5597683,16029.0,1,1,0,0,1,1,7060,0,0,0,0,0
2020-04-16,US,Idaho,Cassia,9,1,0,42.28347888,-113.6012409,16031.0,8,10,1,0,9,10,23864,-1,0,0,-1,0
2020-04-16,US,Idaho,Custer,2,0,0,44.24186819,-114.2855494,16037.0,2,2,0,0,2,2,4280,0,0,0,0,0
2020-04-16,US,Idaho,Elmore,18,0,0,43.3507101,-115.4701578,16039.0,18,18,0,0,18,16,27259,0,0,0,0,2
2020-04-16,US,Idaho,Fremont,2,0,0,44.22800938,-111.4809943,16043.0,2,2,0,0,2,2,13168,0,0,0,0,0
2020-04-16,US,Idaho,Gem,10,0,0,44.06482372,-116.398376,16045.0,10,9,0,0,9,9,17634,1,0,0,1,0
2020-04-16,US,Idaho,Gooding,7,0,0,42.96927962,-114.8108306,16047.0,7,5,0,0,5,5,15196,2,0,0,2,0
2020-04-16,US,Idaho,Idaho,3,0,0,45.84721541,-115.4634436,16049.0,3,3,0,0,3,3,16513,0,0,0,0,0
2020-04-16,US,Idaho,Jefferson,5,0,0,43.82078483,-112.3131749,16051.0,5,4,0,0,4,4,29439,1,0,0,1,0
2020-04-16,US,Idaho,Jerome,38,2,0,42.68891267,-114.2655033,16053.0,36,30,2,0,28,30,24015,8,0,0,8,0
2020-04-16,US,Idaho,Kootenai,48,0,0,47.67282258,-116.7020872,16055.0,48,45,0,0,45,45,161505,3,0,0,3,0
2020-04-16,US,Idaho,Latah,3,0,0,46.81587887,-116.7113698,16057.0,3,3,0,0,3,3,40134,0,0,0,0,0
2020-04-16,US,Idaho,Lincoln,15,0,0,43.0012336,-114.1358773,16063.0,15,15,0,0,15,15,5360,0,0,0,0,0
2020-04-16,US,Idaho,Madison,8,0,0,43.78141028,-111.65384740000002,16065.0,8,5,0,0,5,5,39304,3,0,0,3,0
2020-04-16,US,Idaho,Minidoka,9,0,0,42.85518524,-113.6357257,16067.0,9,6,0,0,6,6,20825,3,0,0,3,0
2020-04-16,US,Idaho,Nez Perce,27,10,0,46.32638236,-116.7500975,16069.0,17,20,9,0,11,20,40408,7,1,0,6,0
2020-04-16,US,Idaho,Owyhee,4,0,0,42.58016894,-116.1693871,16073.0,4,4,0,0,4,4,11693,0,0,0,0,0
2020-04-16,US,Idaho,Payette,10,1,0,44.00545243,-116.7647695,16075.0,9,9,1,0,8,9,23551,1,0,0,1,0
2020-04-16,US,Idaho,Power,2,0,0,42.69254894,-112.83957420000002,16077.0,2,2,0,0,2,2,7768,0,0,0,0,0
2020-04-16,US,Idaho,Teton,7,0,0,43.75303583,-111.2056773,16081.0,7,6,0,0,6,6,11640,1,0,0,1,0
2020-04-16,US,Idaho,Twin Falls,99,8,0,42.35440512,-114.6685381,16083.0,91,79,7,0,72,79,86081,20,1,0,19,0
2020-04-16,US,Idaho,Valley,2,0,0,44.76728382,-115.5676773,16085.0,2,2,0,0,2,2,11041,0,0,0,0,0
2020-04-16,US,Idaho,Washington,1,0,0,44.45275475,-116.7847688,16087.0,1,1,0,0,1,1,10161,0,0,0,0,0
2020-04-16,US,Illinois,Adams,29,0,0,39.98815591,-91.18786813,17001.0,29,27,0,0,27,27,65691,2,0,0,2,0
2020-04-16,US,Illinois,Bond,4,0,0,38.88829622,-89.43534887,17005.0,4,4,0,0,4,4,16630,0,0,0,0,0
2020-04-16,US,Illinois,Boone,18,1,0,42.32359279,-88.82345779,17007.0,17,16,1,0,15,13,53577,2,0,0,2,3
2020-04-16,US,Illinois,Bureau,7,0,0,41.40385234,-89.5283051,17011.0,7,7,0,0,7,6,32993,0,0,0,0,1
2020-04-16,US,Illinois,Calhoun,1,0,0,39.16840183,-90.66330078,17013.0,1,1,0,0,1,1,4802,0,0,0,0,0
2020-04-16,US,Illinois,Carroll,5,1,0,42.06823429,-89.93395545,17015.0,4,5,1,0,4,5,14312,0,0,0,0,0
2020-04-16,US,Illinois,Champaign,90,4,0,40.13919438,-88.20046615,17019.0,86,90,2,0,88,88,209983,0,2,0,-2,2
2020-04-16,US,Illinois,Christian,24,4,0,39.54581621,-89.27780482,17021.0,20,24,3,0,21,24,32661,0,1,0,-1,0
2020-04-16,US,Illinois,Clark,4,0,0,39.33425789,-87.78705622,17023.0,4,4,0,0,4,4,15596,0,0,0,0,0
2020-04-16,US,Illinois,Clay,1,0,0,38.75388572,-88.48914513,17025.0,1,1,0,0,1,1,13253,0,0,0,0,0
2020-04-16,US,Illinois,Clinton,39,0,0,38.60704876,-89.42385254,17027.0,39,39,0,0,39,38,37639,0,0,0,0,1
2020-04-16,US,Illinois,Coles,9,0,0,39.51949084,-88.22358557,17029.0,9,9,0,0,9,8,50885,0,0,0,0,1
2020-04-16,US,Illinois,Cook,18087,722,0,41.84144849,-87.81658794,17031.0,17365,17306,630,0,16676,16323,5180493,781,92,0,689,983
2020-04-16,US,Illinois,Crawford,4,0,0,39.0032229,-87.75954624,17033.0,4,4,0,0,4,4,18807,0,0,0,0,0
2020-04-16,US,Illinois,Cumberland,2,0,0,39.27432424,-88.2401158,17035.0,2,2,0,0,2,2,10808,0,0,0,0,0
2020-04-16,US,Illinois,De Witt,1,0,0,40.17514519,-88.90959682,17039.0,1,1,0,0,1,1,15769,0,0,0,0,0
2020-04-16,US,Illinois,DeKalb,39,1,0,41.89373302,-88.76958483,17037.0,38,37,1,0,36,35,104143,2,0,0,2,2
2020-04-16,US,Illinois,Douglas,12,0,0,39.76768052,-88.21854195,17041.0,12,11,0,0,11,11,19479,1,0,0,1,0
2020-04-16,US,Illinois,DuPage,1463,69,0,41.85116968,-88.08642662,17043.0,1394,1386,66,0,1320,1312,928589,77,3,0,74,74
2020-04-16,US,Illinois,Effingham,4,1,0,39.05935711,-88.58969584,17049.0,3,3,1,0,2,3,34208,1,0,0,1,0
2020-04-16,US,Illinois,Fayette,12,1,0,39.00072038,-89.02452658,17051.0,11,12,1,0,11,12,21416,0,0,0,0,0
2020-04-16,US,Illinois,Ford,4,1,0,40.59706922,-88.22350769,17053.0,3,4,1,0,3,4,13264,0,0,0,0,0
2020-04-16,US,Illinois,Franklin,4,0,0,37.99189086,-88.92567818,17055.0,4,4,0,0,4,4,38701,0,0,0,0,0
2020-04-16,US,Illinois,Fulton,1,0,0,40.47289135,-90.20862357,17057.0,1,1,0,0,1,1,34844,0,0,0,0,0
2020-04-16,US,Illinois,Gallatin,2,0,0,37.76430935,-88.22953869,17059.0,2,2,0,0,2,2,5058,0,0,0,0,0
2020-04-16,US,Illinois,Greene,1,0,0,39.35907414,-90.388865,17061.0,1,1,0,0,1,1,13044,0,0,0,0,0
2020-04-16,US,Illinois,Grundy,24,0,0,41.28569601,-88.41905692,17063.0,24,24,0,0,24,24,50972,0,0,0,0,0
2020-04-16,US,Illinois,Hancock,3,0,0,40.40423981,-91.16313899,17067.0,3,3,0,0,3,1,17844,0,0,0,0,2
2020-04-16,US,Illinois,Henry,25,0,0,41.3533994,-90.13296166,17073.0,25,25,0,0,25,23,49090,0,0,0,0,2
2020-04-16,US,Illinois,Iroquois,11,0,0,40.74717633,-87.82466784,17075.0,11,11,0,0,11,9,27604,0,0,0,0,2
2020-04-16,US,Illinois,Jackson,39,4,0,37.78595185,-89.38232563,17077.0,35,39,4,0,35,36,57419,0,0,0,0,3
2020-04-16,US,Illinois,Jasper,3,1,0,39.01054275,-88.15437049,17079.0,2,3,1,0,2,3,9611,0,0,0,0,0
2020-04-16,US,Illinois,Jefferson,10,0,0,38.29980057,-88.9240025,17081.0,10,9,0,0,9,8,37820,1,0,0,1,1
2020-04-16,US,Illinois,Jersey,8,0,0,39.08869046,-90.35393073,17083.0,8,8,0,0,8,6,21847,0,0,0,0,2
2020-04-16,US,Illinois,Jo Daviess,11,0,0,42.36542373,-90.21094405,17085.0,11,11,0,0,11,11,21366,0,0,0,0,0
2020-04-16,US,Illinois,Johnson,2,0,0,37.45939802,-88.88165419,17087.0,2,2,0,0,2,1,12456,0,0,0,0,1
2020-04-16,US,Illinois,Kane,490,25,0,41.93842729,-88.42861412,17089.0,465,463,24,0,439,448,534216,27,1,0,26,15
2020-04-16,US,Illinois,Kankakee,252,10,0,41.13746989,-87.86205334,17091.0,242,226,10,0,216,220,110024,26,0,0,26,6
2020-04-16,US,Illinois,Kendall,119,2,0,41.59081014,-88.42869583,17093.0,117,116,2,0,114,114,127915,3,0,0,3,2
2020-04-16,US,Illinois,Knox,2,0,0,40.93148779,-90.21330340000002,17095.0,2,2,0,0,2,2,50112,0,0,0,0,0
2020-04-16,US,Illinois,LaSalle,25,1,0,41.34426129999999,-88.88633881,17099.0,24,24,1,0,23,23,109430,1,0,0,1,1
2020-04-16,US,Illinois,Lake,1767,70,0,42.3224907,-88.00367925,17097.0,1697,1711,62,0,1649,1621,700832,56,8,0,48,90
2020-04-16,US,Illinois,Lawrence,2,0,0,38.71987914,-87.72884035,17101.0,2,2,0,0,2,2,15765,0,0,0,0,0
2020-04-16,US,Illinois,Lee,15,0,0,41.74583951,-89.29977132,17103.0,15,15,0,0,15,13,34223,0,0,0,0,2
2020-04-16,US,Illinois,Livingston,17,0,0,40.89188292,-88.55784752,17105.0,17,17,0,0,17,17,35761,0,0,0,0,0
2020-04-16,US,Illinois,Logan,5,0,0,40.12581572,-89.36638784,17107.0,5,4,0,0,4,4,28925,1,0,0,1,0
2020-04-16,US,Illinois,Macon,47,5,0,39.86064913,-88.96342505,17115.0,42,44,5,0,39,45,104712,3,0,0,3,-1
2020-04-16,US,Illinois,Macoupin,18,0,0,39.26119767,-89.92424028,17117.0,18,17,0,0,17,16,45313,1,0,0,1,1
2020-04-16,US,Illinois,Madison,151,3,0,38.83042506,-89.90422563,17119.0,148,135,2,0,133,128,264461,16,1,0,15,7
2020-04-16,US,Illinois,Marion,17,0,0,38.64963204,-88.91899208,17121.0,17,17,0,0,17,14,37620,0,0,0,0,3
2020-04-16,US,Illinois,Marshall,2,0,0,41.0327901,-89.34510444,17123.0,2,2,0,0,2,2,11534,0,0,0,0,0
2020-04-16,US,Illinois,Mason,4,0,0,40.23917274,-89.91824452,17125.0,4,3,0,0,3,3,13565,1,0,0,1,0
2020-04-16,US,Illinois,Massac,4,0,0,37.22078441,-88.71036614,17127.0,4,4,0,0,4,3,14080,0,0,0,0,1
2020-04-16,US,Illinois,McDonough,3,0,0,40.45674722,-90.67775541,17109.0,3,2,0,0,2,2,29955,1,0,0,1,0
2020-04-16,US,Illinois,McHenry,279,13,0,42.32451172,-88.45248227,17111.0,266,264,11,0,253,257,308570,15,2,0,13,7
2020-04-16,US,Illinois,McLean,82,3,0,40.48996987,-88.84621113,17113.0,79,82,2,0,80,81,172828,0,1,0,-1,1
2020-04-16,US,Illinois,Menard,2,0,0,40.02742725,-89.80246001,17129.0,2,2,0,0,2,2,12288,0,0,0,0,0
2020-04-16,US,Illinois,Mercer,4,0,0,41.20596782,-90.74290052,17131.0,4,3,0,0,3,3,15601,1,0,0,1,0
2020-04-16,US,Illinois,Monroe,50,5,0,38.27594376,-90.17761038,17133.0,45,49,4,0,45,47,34335,1,1,0,0,2
2020-04-16,US,Illinois,Montgomery,9,1,0,39.23198845,-89.47809254,17135.0,8,9,1,0,8,9,28601,0,0,0,0,0
2020-04-16,US,Illinois,Morgan,11,1,0,39.71654544,-90.20255104,17137.0,10,10,1,0,9,11,33976,1,0,0,1,-1
2020-04-16,US,Illinois,Moultrie,2,0,0,39.64187451,-88.62099969,17139.0,2,2,0,0,2,2,14717,0,0,0,0,0
2020-04-16,US,Illinois,Ogle,29,1,0,42.04165196,-89.32184679,17141.0,28,28,1,0,27,26,50923,1,0,0,1,2
2020-04-16,US,Illinois,Peoria,34,1,0,40.78702156,-89.76078901,17143.0,33,33,1,0,32,31,180621,1,0,0,1,2
2020-04-16,US,Illinois,Perry,1,0,0,38.08510853,-89.36856219,17145.0,1,1,0,0,1,1,21174,0,0,0,0,0
2020-04-16,US,Illinois,Piatt,7,0,0,40.01360584,-88.59319339,17147.0,7,6,0,0,6,6,16396,1,0,0,1,0
2020-04-16,US,Illinois,Pike,1,0,0,39.62265059,-90.8877017,17149.0,1,1,0,0,1,1,15611,0,0,0,0,0
2020-04-16,US,Illinois,Pulaski,6,0,0,37.22631423,-89.13085001,17153.0,6,5,0,0,5,5,5463,1,0,0,1,0
2020-04-16,US,Illinois,Randolph,46,0,0,38.05095369,-89.82512254,17157.0,46,46,0,0,46,41,32106,0,0,0,0,5
2020-04-16,US,Illinois,Richland,1,0,0,38.71240969,-88.08475366,17159.0,1,1,0,0,1,1,15763,0,0,0,0,0
2020-04-16,US,Illinois,Rock Island,154,4,0,41.46613806,-90.57042164,17161.0,150,138,4,0,134,113,143477,16,0,0,16,25
2020-04-16,US,Illinois,Saline,3,0,0,37.75332999,-88.54119706,17165.0,3,3,0,0,3,3,23906,0,0,0,0,0
2020-04-16,US,Illinois,Sangamon,54,4,0,39.75836914,-89.65872023,17167.0,50,50,4,0,46,50,195348,4,0,0,4,0
2020-04-16,US,Illinois,Schuyler,1,0,0,40.1571798,-90.61114163,17169.0,1,1,0,0,1,1,6907,0,0,0,0,0
2020-04-16,US,Illinois,Shelby,4,0,0,39.39133527,-88.80611122,17173.0,4,4,0,0,4,4,21741,0,0,0,0,0
2020-04-16,US,Illinois,St. Clair,239,14,0,38.46996033,-89.93063427,17163.0,225,225,10,0,215,220,261059,14,4,0,10,5
2020-04-16,US,Illinois,Stark,1,0,0,41.09309773,-89.79745866,17175.0,1,1,0,0,1,1,5427,0,0,0,0,0
2020-04-16,US,Illinois,Stephenson,9,0,0,42.35129217,-89.662598,17177.0,9,9,0,0,9,9,44753,0,0,0,0,0
2020-04-16,US,Illinois,Tazewell,21,3,0,40.50716185,-89.51404662,17179.0,18,21,3,0,18,21,132328,0,0,0,0,0
2020-04-16,US,Illinois,Unassigned,55,1,0,0.0,0.0,90017.0,54,45,1,0,44,54,,10,0,0,10,-9
2020-04-16,US,Illinois,Union,3,0,0,37.47119609,-89.25548938,17181.0,3,3,0,0,3,,16841,0,0,0,0,
2020-04-16,US,Illinois,Vermilion,8,0,0,40.18417171,-87.73384359,17183.0,8,8,0,0,8,8,76806,0,0,0,0,0
2020-04-16,US,Illinois,Wabash,1,0,0,38.44272901,-87.84922065,17185.0,1,1,0,0,1,2,11549,0,0,0,0,-1
2020-04-16,US,Illinois,Warren,2,0,0,40.84925021,-90.6147432,17187.0,2,2,0,0,2,2,17032,0,0,0,0,0
2020-04-16,US,Illinois,Washington,4,0,0,38.35309213,-89.40982703,17189.0,4,3,0,0,3,2,13995,1,0,0,1,1
2020-04-16,US,Illinois,Whiteside,30,3,0,41.75509713,-89.91556058,17195.0,27,29,3,0,26,30,55626,1,0,0,1,-1
2020-04-16,US,Illinois,Will,1494,88,0,41.44619267,-87.97862712,17197.0,1406,1433,81,0,1352,1350,692310,61,7,0,54,83
2020-04-16,US,Illinois,Williamson,12,0,0,37.73033511,-88.92994027,17199.0,12,12,0,0,12,10,67056,0,0,0,0,2
2020-04-16,US,Illinois,Winnebago,121,4,0,42.33641854,-89.16085327,17201.0,117,112,4,0,108,101,284081,9,0,0,9,11
2020-04-16,US,Illinois,Woodford,11,0,0,40.78579374,-89.20973757,17203.0,11,11,0,0,11,10,38463,0,0,0,0,1
2020-04-16,US,Indiana,Adams,6,1,0,40.7457653,-84.93671406,18001.0,5,6,1,0,5,6,35636,0,0,0,0,0
2020-04-16,US,Indiana,Allen,224,16,0,41.09194313,-85.06800636,18003.0,208,180,15,0,165,167,375351,44,1,0,43,13
2020-04-16,US,Indiana,Bartholomew,116,5,0,39.20744865,-85.89558181,18005.0,111,113,4,0,109,110,82753,3,1,0,2,3
2020-04-16,US,Indiana,Benton,4,0,0,40.60626947,-87.31093999,18007.0,4,3,0,0,3,2,8653,1,0,0,1,1
2020-04-16,US,Indiana,Blackford,6,1,0,40.47388153,-85.32499702,18009.0,5,6,1,0,5,6,11930,0,0,0,0,0
2020-04-16,US,Indiana,Boone,136,5,0,40.0509304,-86.46841646,18011.0,131,129,4,0,125,125,66999,7,1,0,6,4
2020-04-16,US,Indiana,Brown,14,1,0,39.19605589,-86.22868909,18013.0,13,14,1,0,13,13,15234,0,0,0,0,1
2020-04-16,US,Indiana,Carroll,6,1,0,40.580783200000006,-86.56198812,18015.0,5,6,1,0,5,6,20127,0,0,0,0,0
2020-04-16,US,Indiana,Cass,37,1,0,40.76135835,-86.34830753,18017.0,36,33,1,0,32,28,37955,4,0,0,4,5
2020-04-16,US,Indiana,Clark,143,9,0,38.48015445,-85.70510334,18019.0,134,137,9,0,128,132,117360,6,0,0,6,5
2020-04-16,US,Indiana,Clay,14,0,0,39.39561833,-87.11723506,18021.0,14,13,0,0,13,12,26170,1,0,0,1,1
2020-04-16,US,Indiana,Clinton,14,1,0,40.30319754,-86.47277257,18023.0,13,13,1,0,12,12,32250,1,0,0,1,1
2020-04-16,US,Indiana,Crawford,12,0,0,38.28814402,-86.44518825,18025.0,12,12,0,0,12,12,10558,0,0,0,0,0
2020-04-16,US,Indiana,Daviess,24,1,0,38.70186039,-87.07185406,18027.0,23,21,1,0,20,12,33147,3,0,0,3,9
2020-04-16,US,Indiana,DeKalb,10,1,0,41.39804622,-84.99906934,18033.0,9,6,1,0,5,6,43226,4,0,0,4,0
2020-04-16,US,Indiana,Dearborn,61,4,0,39.14647946,-84.97333539,18029.0,57,61,4,0,57,60,49568,0,0,0,0,1
2020-04-16,US,Indiana,Decatur,160,14,0,39.30712658,-85.50087166,18031.0,146,155,13,0,142,153,26794,5,1,0,4,2
2020-04-16,US,Indiana,Delaware,85,5,0,40.22787247,-85.39732772,18035.0,80,77,4,0,73,72,114772,8,1,0,7,5
2020-04-16,US,Indiana,Dubois,14,0,0,38.36597551,-86.87924170000002,18037.0,14,14,0,0,14,13,42565,0,0,0,0,1
2020-04-16,US,Indiana,Elkhart,123,3,0,41.59761169,-85.85875695,18039.0,120,105,3,0,102,100,205560,18,0,0,18,5
2020-04-16,US,Indiana,Fayette,20,3,0,39.63684962,-85.17797541,18041.0,17,20,3,0,17,20,23047,0,0,0,0,0
2020-04-16,US,Indiana,Floyd,125,5,0,38.32117957,-85.90385377,18043.0,120,116,5,0,111,111,77781,9,0,0,9,5
2020-04-16,US,Indiana,Fountain,4,2,0,40.12361933,-87.24217689,18045.0,2,3,1,0,2,3,16351,1,1,0,0,0
2020-04-16,US,Indiana,Franklin,75,7,0,39.4142482,-85.06062647,18047.0,68,75,7,0,68,74,22736,0,0,0,0,1
2020-04-16,US,Indiana,Fulton,3,0,0,41.0469907,-86.26252745,18049.0,3,3,0,0,3,3,20092,0,0,0,0,0
2020-04-16,US,Indiana,Gibson,4,0,0,38.30393723,-87.58054938,18051.0,4,4,0,0,4,4,33452,0,0,0,0,0
2020-04-16,US,Indiana,Grant,45,2,0,40.51587228,-85.65468702,18053.0,43,41,2,0,39,40,65936,4,0,0,4,1
2020-04-16,US,Indiana,Greene,36,2,0,39.03630547,-86.96223202,18055.0,34,28,2,0,26,25,32006,8,0,0,8,3
2020-04-16,US,Indiana,Hamilton,520,29,0,40.07306535,-86.05244729,18057.0,491,510,27,0,483,499,330086,10,2,0,8,11
2020-04-16,US,Indiana,Hancock,127,6,0,39.82304555,-85.77566351,18059.0,121,129,6,0,123,121,76351,-2,0,0,-2,8
2020-04-16,US,Indiana,Harrison,61,2,0,38.19467379,-86.10948271,18061.0,59,59,2,0,57,58,40350,2,0,0,2,1
2020-04-16,US,Indiana,Hendricks,378,15,0,39.76719009,-86.51037283,18063.0,363,360,12,0,348,350,167009,18,3,0,15,10
2020-04-16,US,Indiana,Henry,24,1,0,39.93029017,-85.39625719,18065.0,23,23,1,0,22,22,48271,1,0,0,1,1
2020-04-16,US,Indiana,Howard,61,4,0,40.48527731,-86.11351892,18067.0,57,60,4,0,56,50,82366,1,0,0,1,10
2020-04-16,US,Indiana,Huntington,6,1,0,40.82907273,-85.48822092,18069.0,5,6,1,0,5,6,36240,0,0,0,0,0
2020-04-16,US,Indiana,Jackson,77,0,0,38.90915820000001,-86.03851889,18071.0,77,74,0,0,74,70,44111,3,0,0,3,4
2020-04-16,US,Indiana,Jasper,19,1,0,41.02078733,-87.11553319,18073.0,18,19,1,0,18,18,33370,0,0,0,0,1
2020-04-16,US,Indiana,Jay,7,0,0,40.43781032,-85.00576229,18075.0,7,7,0,0,7,7,20764,0,0,0,0,0
2020-04-16,US,Indiana,Jefferson,15,0,0,38.78576239,-85.43633383,18077.0,15,15,0,0,15,16,32208,0,0,0,0,-1
2020-04-16,US,Indiana,Jennings,63,0,0,38.99588883,-85.62710784,18079.0,63,60,0,0,60,58,27611,3,0,0,3,2
2020-04-16,US,Indiana,Johnson,358,30,0,39.48994426,-86.10149107,18081.0,328,347,25,0,322,329,156225,11,5,0,6,18
2020-04-16,US,Indiana,Knox,16,0,0,38.68861576,-87.4194665,18083.0,16,16,0,0,16,15,36895,0,0,0,0,1
2020-04-16,US,Indiana,Kosciusko,21,1,0,41.24521668,-85.86312322,18085.0,20,19,1,0,18,19,79344,2,0,0,2,0
2020-04-16,US,Indiana,LaGrange,15,1,0,41.64232188,-85.42674232,18087.0,14,14,1,0,13,13,39330,1,0,0,1,1
2020-04-16,US,Indiana,LaPorte,112,5,0,41.54366008,-86.74072188,18091.0,107,42,4,0,38,36,110007,70,1,0,69,6
2020-04-16,US,Indiana,Lake,978,41,0,41.41874274,-87.38277575,18089.0,937,876,33,0,843,819,484411,102,8,0,94,57
2020-04-16,US,Indiana,Lawrence,74,9,0,38.84112637,-86.48361629,18093.0,65,73,9,0,64,73,45668,1,0,0,1,0
2020-04-16,US,Indiana,Madison,283,24,0,40.16143691,-85.71964711,18095.0,259,273,24,0,249,263,129641,10,0,0,10,10
2020-04-16,US,Indiana,Marion,3320,164,0,39.78163624,-86.13826325,18097.0,3156,3204,155,0,3049,3063,954670,116,9,0,107,141
2020-04-16,US,Indiana,Marshall,20,0,0,41.32467367,-86.26185087,18099.0,20,19,0,0,19,17,46248,1,0,0,1,2
2020-04-16,US,Indiana,Martin,5,0,0,38.7099921,-86.80373186,18101.0,5,5,0,0,5,5,10217,0,0,0,0,0
2020-04-16,US,Indiana,Miami,22,0,0,40.76940965,-86.04525048,18103.0,22,17,0,0,17,17,35567,5,0,0,5,0
2020-04-16,US,Indiana,Monroe,102,2,0,39.16130004,-86.52414358,18105.0,100,95,2,0,93,91,146917,7,0,0,7,4
2020-04-16,US,Indiana,Montgomery,25,0,0,40.04034823,-86.89335024,18107.0,25,25,0,0,25,23,38346,0,0,0,0,2
2020-04-16,US,Indiana,Morgan,108,3,0,39.47899078,-86.44573375,18109.0,105,105,3,0,102,104,70116,3,0,0,3,1
2020-04-16,US,Indiana,Newton,29,3,0,40.95610449,-87.39635768,18111.0,26,29,2,0,27,29,14011,0,1,0,-1,0
2020-04-16,US,Indiana,Noble,27,1,0,41.39672484,-85.41966713,18113.0,26,25,1,0,24,17,47532,2,0,0,2,8
2020-04-16,US,Indiana,Ohio,1,0,0,38.955305,-84.96515993,18115.0,1,1,0,0,1,1,5844,0,0,0,0,0
2020-04-16,US,Indiana,Orange,22,4,0,38.54118920000001,-86.49523093,18117.0,18,19,3,0,16,18,19489,3,1,0,2,1
2020-04-16,US,Indiana,Owen,21,1,0,39.31145587,-86.83900724,18119.0,20,19,1,0,18,19,20845,2,0,0,2,0
2020-04-16,US,Indiana,Parke,7,0,0,39.77202286,-87.20375833,18121.0,7,7,0,0,7,7,16927,0,0,0,0,0
2020-04-16,US,Indiana,Perry,4,0,0,38.07809328,-86.63741946,18123.0,4,4,0,0,4,3,19102,0,0,0,0,1
2020-04-16,US,Indiana,Pike,1,0,0,38.40112197,-87.23574907,18125.0,1,1,0,0,1,2,12410,0,0,0,0,-1
2020-04-16,US,Indiana,Porter,143,2,0,41.45986947,-87.06848888,18127.0,141,135,2,0,133,127,169594,8,0,0,8,8
2020-04-16,US,Indiana,Posey,6,0,0,38.02097333,-87.86480429,18129.0,6,6,0,0,6,5,25540,0,0,0,0,1
2020-04-16,US,Indiana,Pulaski,1,0,0,41.04166107,-86.69890683,18131.0,1,1,0,0,1,1,12469,0,0,0,0,0
2020-04-16,US,Indiana,Putnam,43,3,0,39.66437981,-86.84517605,18133.0,40,42,3,0,39,38,37779,1,0,0,1,4
2020-04-16,US,Indiana,Randolph,10,1,0,40.15734772,-85.01139319,18135.0,9,11,1,0,10,11,24851,-1,0,0,-1,0
2020-04-16,US,Indiana,Ripley,89,3,0,39.10235626,-85.26212744,18137.0,86,88,3,0,85,89,28523,1,0,0,1,-1
2020-04-16,US,Indiana,Rush,17,1,0,39.62002287,-85.4655599,18139.0,16,17,1,0,16,16,16663,0,0,0,0,1
2020-04-16,US,Indiana,Scott,19,2,0,38.68672078,-85.74627859,18143.0,17,17,2,0,15,17,23878,2,0,0,2,0
2020-04-16,US,Indiana,Shelby,86,4,0,39.52305623,-85.79158570000001,18145.0,82,79,3,0,76,77,44593,7,1,0,6,2
2020-04-16,US,Indiana,Spencer,4,0,0,38.01519732,-87.0079644,18147.0,4,4,0,0,4,3,20327,0,0,0,0,1
2020-04-16,US,Indiana,St. Joseph,306,7,0,41.61756781,-86.29040834,18141.0,299,273,5,0,268,234,270771,33,2,0,31,39
2020-04-16,US,Indiana,Starke,10,1,0,41.27890281,-86.64686895,18149.0,9,10,1,0,9,10,22935,0,0,0,0,0
2020-04-16,US,Indiana,Steuben,14,1,0,41.64423868,-85.00101094,18151.0,13,13,1,0,12,12,34586,1,0,0,1,1
2020-04-16,US,Indiana,Sullivan,7,0,0,39.08952258,-87.41414469,18153.0,7,6,0,0,6,6,20690,1,0,0,1,0
2020-04-16,US,Indiana,Switzerland,12,0,0,38.82767338,-85.03022429,18155.0,12,12,0,0,12,12,10717,0,0,0,0,0
2020-04-16,US,Indiana,Tippecanoe,51,2,0,40.38872739,-86.89413959,18157.0,49,46,2,0,44,46,193048,5,0,0,5,0
2020-04-16,US,Indiana,Tipton,10,0,0,40.31123252,-86.05234925,18159.0,10,10,0,0,10,10,15128,0,0,0,0,0
2020-04-16,US,Indiana,Unassigned,0,1,0,0.0,0.0,90018.0,-1,,,,,,,,,,,
2020-04-16,US,Indiana,Union,6,0,0,39.62550777,-84.92497066,18161.0,6,6,0,0,6,6,7037,0,0,0,0,0
2020-04-16,US,Indiana,Vanderburgh,71,1,0,38.02658833,-87.58763124,18163.0,70,65,1,0,64,60,180974,6,0,0,6,5
2020-04-16,US,Indiana,Vermillion,4,0,0,39.8523352,-87.46160542,18165.0,4,4,0,0,4,3,15479,0,0,0,0,1
2020-04-16,US,Indiana,Vigo,46,3,0,39.42944561,-87.39169027,18167.0,43,43,3,0,40,42,107386,3,0,0,3,1
2020-04-16,US,Indiana,Wabash,8,0,0,40.84704239,-85.79328272,18169.0,8,7,0,0,7,7,31280,1,0,0,1,0
2020-04-16,US,Indiana,Warren,5,1,0,40.34728141,-87.35602659,18171.0,4,3,1,0,2,3,8263,2,0,0,2,0
2020-04-16,US,Indiana,Warrick,51,4,0,38.08922676,-87.2716085,18173.0,47,41,3,0,38,39,62567,10,1,0,9,2
2020-04-16,US,Indiana,Washington,28,0,0,38.60219804,-86.1049363,18175.0,28,27,0,0,27,26,27943,1,0,0,1,1
2020-04-16,US,Indiana,Wayne,21,1,0,39.8633444,-85.01044989,18177.0,20,20,1,0,19,19,65936,1,0,0,1,1
2020-04-16,US,Indiana,Wells,4,0,0,40.72934187,-85.22132966,18179.0,4,4,0,0,4,4,28206,0,0,0,0,0
2020-04-16,US,Indiana,White,5,0,0,40.74911165,-86.86492015,18181.0,5,5,0,0,5,5,24133,0,0,0,0,0
2020-04-16,US,Indiana,Whitley,15,1,0,41.13863784,-85.50791236,18183.0,14,14,1,0,13,14,34074,1,0,0,1,0
2020-04-16,US,Iowa,Adair,1,0,0,41.33075609,-94.47105874,19001.0,1,1,0,0,1,1,7063,0,0,0,0,0
2020-04-16,US,Iowa,Allamakee,26,3,0,43.28383218,-91.37860922,19005.0,23,24,2,0,22,24,13832,2,1,0,1,0
2020-04-16,US,Iowa,Appanoose,2,1,0,40.74324454,-92.86865906,19007.0,1,1,1,0,0,1,12437,1,0,0,1,0
2020-04-16,US,Iowa,Audubon,1,0,0,41.6844628,-94.90581859,19009.0,1,1,0,0,1,1,5506,0,0,0,0,0
2020-04-16,US,Iowa,Benton,20,1,0,42.08011739,-92.06463573,19011.0,19,19,1,0,18,20,25642,1,0,0,1,-1
2020-04-16,US,Iowa,Black Hawk,109,0,0,42.4704581,-92.30524729,19013.0,109,85,0,0,85,78,132408,24,0,0,24,7
2020-04-16,US,Iowa,Boone,4,0,0,42.03657094,-93.9313999,19015.0,4,4,0,0,4,4,26346,0,0,0,0,0
2020-04-16,US,Iowa,Bremer,10,0,0,42.77461496,-92.31795937,19017.0,10,9,0,0,9,9,24947,1,0,0,1,0
2020-04-16,US,Iowa,Buchanan,8,0,0,42.4709188,-91.83510825,19019.0,8,8,0,0,8,8,21199,0,0,0,0,0
2020-04-16,US,Iowa,Buena Vista,2,0,0,42.73545875,-95.15100162,19021.0,2,2,0,0,2,2,19874,0,0,0,0,0
2020-04-16,US,Iowa,Butler,1,0,0,42.73172833,-92.79015971,19023.0,1,1,0,0,1,1,14539,0,0,0,0,0
2020-04-16,US,Iowa,Carroll,1,0,0,42.03617207,-94.86032705,19027.0,1,1,0,0,1,1,20154,0,0,0,0,0
2020-04-16,US,Iowa,Cass,1,0,0,41.33149454,-94.92792482,19029.0,1,1,0,0,1,1,12930,0,0,0,0,0
2020-04-16,US,Iowa,Cedar,23,0,0,41.77233777,-91.13246684,19031.0,23,22,0,0,22,21,18627,1,0,0,1,1
2020-04-16,US,Iowa,Cerro Gordo,14,0,0,43.08177563,-93.2612239,19033.0,14,14,0,0,14,14,42647,0,0,0,0,0
2020-04-16,US,Iowa,Chickasaw,2,0,0,43.06001295,-92.31773347,19037.0,2,2,0,0,2,2,11964,0,0,0,0,0
2020-04-16,US,Iowa,Clarke,2,0,0,41.02868181,-93.78499767,19039.0,2,2,0,0,2,2,9423,0,0,0,0,0
2020-04-16,US,Iowa,Clay,2,0,0,43.08247182,-95.15096481,19041.0,2,2,0,0,2,2,16134,0,0,0,0,0
2020-04-16,US,Iowa,Clayton,7,1,0,42.84443388,-91.34133693,19043.0,6,7,1,0,6,7,17556,0,0,0,0,0
2020-04-16,US,Iowa,Clinton,39,0,0,41.89981633,-90.53275096,19045.0,39,38,0,0,38,36,46518,1,0,0,1,2
2020-04-16,US,Iowa,Crawford,6,1,0,42.03718237,-95.3819718,19047.0,5,6,1,0,5,6,17158,0,0,0,0,0
2020-04-16,US,Iowa,Dallas,42,0,0,41.68560356,-94.04127625,19049.0,42,38,0,0,38,37,90180,4,0,0,4,1
2020-04-16,US,Iowa,Delaware,2,0,0,42.47104597,-91.3664492,19055.0,2,2,0,0,2,2,17069,0,0,0,0,0
2020-04-16,US,Iowa,Des Moines,7,0,0,40.92012606,-91.18326592,19057.0,7,7,0,0,7,7,39138,0,0,0,0,0
2020-04-16,US,Iowa,Dickinson,1,0,0,43.37787725,-95.1510206,19059.0,1,1,0,0,1,1,17153,0,0,0,0,0
2020-04-16,US,Iowa,Dubuque,39,1,0,42.46815349,-90.88181925,19061.0,38,37,1,0,36,35,96854,2,0,0,2,2
2020-04-16,US,Iowa,Fayette,5,0,0,42.86271799,-91.8441231,19065.0,5,5,0,0,5,5,19660,0,0,0,0,0
2020-04-16,US,Iowa,Franklin,1,0,0,42.73270384,-93.26256925,19069.0,1,1,0,0,1,1,10124,0,0,0,0,0
2020-04-16,US,Iowa,Greene,1,0,0,42.03614551,-94.39658081,19073.0,1,1,0,0,1,1,8981,0,0,0,0,0
2020-04-16,US,Iowa,Grundy,1,0,0,42.40183723,-92.78829551,19075.0,1,1,0,0,1,1,12304,0,0,0,0,0
2020-04-16,US,Iowa,Guthrie,3,0,0,41.68378965,-94.50111014,19077.0,3,3,0,0,3,1,10720,0,0,0,0,2
2020-04-16,US,Iowa,Hamilton,2,0,0,42.38382428,-93.70197703,19079.0,2,2,0,0,2,2,14952,0,0,0,0,0
2020-04-16,US,Iowa,Hancock,3,0,0,43.08178477,-93.73454884,19081.0,3,3,0,0,3,3,10712,0,0,0,0,0
2020-04-16,US,Iowa,Hardin,1,0,0,42.38353877,-93.23654611,19083.0,1,1,0,0,1,2,16868,0,0,0,0,-1
2020-04-16,US,Iowa,Harrison,12,0,0,41.68330137,-95.81558439,19085.0,12,12,0,0,12,12,14134,0,0,0,0,0
2020-04-16,US,Iowa,Henry,22,1,0,40.98767962,-91.54436349,19087.0,21,22,1,0,21,22,20067,0,0,0,0,0
2020-04-16,US,Iowa,Howard,2,0,0,43.35671042,-92.31702714,19089.0,2,1,0,0,1,1,9187,1,0,0,1,0
2020-04-16,US,Iowa,Iowa,8,0,0,41.68630265,-92.0643373,19095.0,8,7,0,0,7,7,16141,1,0,0,1,0
2020-04-16,US,Iowa,Jackson,4,0,0,42.17178824,-90.57354837,19097.0,4,4,0,0,4,4,19432,0,0,0,0,0
2020-04-16,US,Iowa,Jasper,23,0,0,41.68576082,-93.05567785,19099.0,23,17,0,0,17,15,37147,6,0,0,6,2
2020-04-16,US,Iowa,Jefferson,4,0,0,41.03192394,-91.94849466,19101.0,4,4,0,0,4,4,18381,0,0,0,0,0
2020-04-16,US,Iowa,Johnson,234,3,0,41.67169354,-91.58754744,19103.0,231,226,3,0,223,216,151260,8,0,0,8,10
2020-04-16,US,Iowa,Jones,12,0,0,42.12118609,-91.13139641,19105.0,12,11,0,0,11,11,20744,1,0,0,1,0
2020-04-16,US,Iowa,Keokuk,2,0,0,41.33649833,-92.1785067,19107.0,2,2,0,0,2,2,10225,0,0,0,0,0
2020-04-16,US,Iowa,Kossuth,1,0,0,43.20405458,-94.20691791,19109.0,1,1,0,0,1,1,14908,0,0,0,0,0
2020-04-16,US,Iowa,Lee,3,0,0,40.64181461,-91.48183025,19111.0,3,2,0,0,2,2,34055,1,0,0,1,0
2020-04-16,US,Iowa,Linn,280,22,0,42.07923082,-91.59809485,19113.0,258,276,21,0,255,265,225909,4,1,0,3,11
2020-04-16,US,Iowa,Louisa,166,1,0,41.21842119,-91.26102611,19115.0,165,166,0,0,166,149,11169,0,1,0,-1,17
2020-04-16,US,Iowa,Lyon,5,0,0,43.38107862,-96.20926845,19119.0,5,4,0,0,4,4,11811,1,0,0,1,0
2020-04-16,US,Iowa,Madison,3,1,0,41.33081904,-94.01554631,19121.0,2,3,1,0,2,3,16249,0,0,0,0,0
2020-04-16,US,Iowa,Mahaska,7,0,0,41.33521503,-92.64083907,19123.0,7,7,0,0,7,5,22000,0,0,0,0,2
2020-04-16,US,Iowa,Marion,3,0,0,41.33445101,-93.09934783,19125.0,3,3,0,0,3,3,33407,0,0,0,0,0
2020-04-16,US,Iowa,Marshall,49,0,0,42.03586837,-92.9990819,19127.0,49,44,0,0,44,42,39981,5,0,0,5,2
2020-04-16,US,Iowa,Mills,2,0,0,41.03299766,-95.61920963,19129.0,2,2,0,0,2,2,15063,0,0,0,0,0
2020-04-16,US,Iowa,Mitchell,2,0,0,43.35638371,-92.78887719,19131.0,2,2,0,0,2,2,10569,0,0,0,0,0
2020-04-16,US,Iowa,Monona,6,0,0,42.05220391,-95.95743843,19133.0,6,6,0,0,6,6,8679,0,0,0,0,0
2020-04-16,US,Iowa,Montgomery,1,0,0,41.03018714,-95.15642896,19137.0,1,1,0,0,1,1,10003,0,0,0,0,0
2020-04-16,US,Iowa,Muscatine,148,2,0,41.48370744,-91.1121697,19139.0,146,133,2,0,131,122,42929,15,0,0,15,11
2020-04-16,US,Iowa,O'Brien,3,0,0,43.08310673,-95.62474482,19141.0,3,3,0,0,3,3,13840,0,0,0,0,0
2020-04-16,US,Iowa,Osceola,2,0,0,43.37824276,-95.62422844,19143.0,2,2,0,0,2,2,6040,0,0,0,0,0
2020-04-16,US,Iowa,Page,3,0,0,40.7393172,-95.1497813,19145.0,3,3,0,0,3,3,15249,0,0,0,0,0
2020-04-16,US,Iowa,Plymouth,5,0,0,42.737633,-96.21366621,19149.0,5,4,0,0,4,4,25095,1,0,0,1,0
2020-04-16,US,Iowa,Polk,256,10,0,41.68679484,-93.57767461,19153.0,246,224,7,0,217,213,487204,32,3,0,29,11
2020-04-16,US,Iowa,Pottawattamie,15,1,0,41.33640314,-95.53907776,19155.0,14,14,1,0,13,14,93533,1,0,0,1,0
2020-04-16,US,Iowa,Poweshiek,7,1,0,41.68625425,-92.53155731,19157.0,6,6,1,0,5,6,18699,1,0,0,1,0
2020-04-16,US,Iowa,Scott,146,2,0,41.63935978,-90.61959493,19163.0,144,129,2,0,127,124,173283,17,0,0,17,5
2020-04-16,US,Iowa,Shelby,7,0,0,41.6850066,-95.31015553,19165.0,7,7,0,0,7,6,11578,0,0,0,0,1
2020-04-16,US,Iowa,Sioux,7,0,0,43.08221074,-96.1767568,19167.0,7,7,0,0,7,7,34909,0,0,0,0,0
2020-04-16,US,Iowa,Story,16,0,0,42.03621213,-93.46499005,19169.0,16,11,0,0,11,11,98105,5,0,0,5,0
2020-04-16,US,Iowa,Tama,114,4,0,42.07991767,-92.53266945,19171.0,110,111,3,0,108,108,16904,3,1,0,2,3
2020-04-16,US,Iowa,Taylor,1,0,0,40.73710579,-94.69778563,19173.0,1,1,0,0,1,1,6191,0,0,0,0,0
2020-04-16,US,Iowa,Union,1,0,0,41.0277278,-94.24234847,19175.0,1,1,0,0,1,1,12359,0,0,0,0,0
2020-04-16,US,Iowa,Van Buren,8,0,0,40.75326764,-91.95017958,19177.0,8,8,0,0,8,8,7020,0,0,0,0,0
2020-04-16,US,Iowa,Wapello,6,0,0,41.03064984,-92.40954728,19179.0,6,7,0,0,7,7,35205,-1,0,0,-1,0
2020-04-16,US,Iowa,Warren,17,0,0,41.33559454,-93.56007641,19181.0,17,16,0,0,16,15,51056,1,0,0,1,1
2020-04-16,US,Iowa,Washington,106,4,0,41.33577126,-91.71725711,19183.0,102,101,4,0,97,95,22141,5,0,0,5,6
2020-04-16,US,Iowa,Webster,2,0,0,42.42853483,-94.17987389,19187.0,2,2,0,0,2,2,36277,0,0,0,0,0
2020-04-16,US,Iowa,Winnebago,2,0,0,43.37751174,-93.73407298,19189.0,2,2,0,0,2,2,10518,0,0,0,0,0
2020-04-16,US,Iowa,Winneshiek,5,0,0,43.29094334,-91.84422722,19191.0,5,5,0,0,5,5,20029,0,0,0,0,0
2020-04-16,US,Iowa,Woodbury,22,0,0,42.38979414,-96.0459439,19193.0,22,21,0,0,21,20,102539,1,0,0,1,1
2020-04-16,US,Iowa,Worth,1,0,0,43.37750768,-93.26087602,19195.0,1,1,0,0,1,1,7453,0,0,0,0,0
2020-04-16,US,Iowa,Wright,1,0,0,42.73305373,-93.73515113,19197.0,1,1,0,0,1,1,12690,0,0,0,0,0
2020-04-16,US,Kansas,Atchison,3,0,0,39.53185661,-95.30870026,20005.0,3,3,0,0,3,3,16193,0,0,0,0,0
2020-04-16,US,Kansas,Barber,1,0,0,37.2288586,-98.68460053,20007.0,1,1,0,0,1,1,4472,0,0,0,0,0
2020-04-16,US,Kansas,Barton,5,0,0,38.47889676,-98.75636726,20009.0,5,5,0,0,5,4,26111,0,0,0,0,1
2020-04-16,US,Kansas,Bourbon,7,1,0,37.85508555,-94.84865997,20011.0,6,7,1,0,6,7,14653,0,0,0,0,0
2020-04-16,US,Kansas,Butler,10,0,0,37.78134351,-96.83878537,20015.0,10,10,0,0,10,9,66765,0,0,0,0,1
2020-04-16,US,Kansas,Chautauqua,3,0,0,37.14994405,-96.2454192,20019.0,3,3,0,0,3,3,3309,0,0,0,0,0
2020-04-16,US,Kansas,Cherokee,7,0,0,37.16928494,-94.8462897,20021.0,7,7,0,0,7,6,20015,0,0,0,0,1
2020-04-16,US,Kansas,Clay,1,0,0,39.34948772,-97.16518128,20027.0,1,1,0,0,1,1,7997,0,0,0,0,0
2020-04-16,US,Kansas,Cloud,3,0,0,39.48028352,-97.64925343,20029.0,3,3,0,0,3,3,8729,0,0,0,0,0
2020-04-16,US,Kansas,Coffey,45,6,0,38.2365018,-95.73379515,20031.0,39,45,3,0,42,41,8233,0,3,0,-3,4
2020-04-16,US,Kansas,Cowley,1,1,0,37.23781842,-96.83776647,20035.0,0,1,1,0,0,1,35218,0,0,0,0,0
2020-04-16,US,Kansas,Crawford,6,1,0,37.50675523,-94.85245778,20037.0,5,6,1,0,5,6,39019,0,0,0,0,0
2020-04-16,US,Kansas,Dickinson,1,0,0,38.86600962,-97.15532383,20041.0,1,1,0,0,1,1,18717,0,0,0,0,0
2020-04-16,US,Kansas,Doniphan,1,0,0,39.79067154,-95.14056866,20043.0,1,1,0,0,1,1,7682,0,0,0,0,0
2020-04-16,US,Kansas,Douglas,42,0,0,38.88503636,-95.2925121,20045.0,42,41,0,0,41,40,121436,1,0,0,1,1
2020-04-16,US,Kansas,Ellis,4,0,0,38.91458712,-99.31751551,20051.0,4,4,0,0,4,4,28710,0,0,0,0,0
2020-04-16,US,Kansas,Finney,21,1,0,38.04340344,-100.7381938,20055.0,20,18,1,0,17,17,36611,3,0,0,3,1
2020-04-16,US,Kansas,Ford,51,0,0,37.69200114,-99.88825298,20057.0,51,32,0,0,32,17,33888,19,0,0,19,15
2020-04-16,US,Kansas,Franklin,12,0,0,38.56443815,-95.28644341,20059.0,12,12,0,0,12,12,25631,0,0,0,0,0
2020-04-16,US,Kansas,Geary,9,0,0,38.99871131,-96.7577178,20061.0,9,9,0,0,9,10,32594,0,0,0,0,-1
2020-04-16,US,Kansas,Gove,1,0,0,38.91588178,-100.4829321,20063.0,1,1,0,0,1,1,2612,0,0,0,0,0
2020-04-16,US,Kansas,Greenwood,1,0,0,37.8774388,-96.23250453,20073.0,1,1,0,0,1,1,6055,0,0,0,0,0
2020-04-16,US,Kansas,Hamilton,1,0,0,37.99978709,-101.7921066,20075.0,1,1,0,0,1,1,2607,0,0,0,0,0
2020-04-16,US,Kansas,Harvey,5,0,0,38.04293782,-97.42747573,20079.0,5,5,0,0,5,5,34210,0,0,0,0,0
2020-04-16,US,Kansas,Jackson,1,0,0,39.41673394,-95.79356799,20085.0,1,1,0,0,1,1,13280,0,0,0,0,0
2020-04-16,US,Kansas,Jefferson,5,0,0,39.2347941,-95.38289232,20087.0,5,5,0,0,5,5,18975,0,0,0,0,0
2020-04-16,US,Kansas,Jewell,3,0,0,39.78470589,-98.21820662,20089.0,3,3,0,0,3,3,2841,0,0,0,0,0
2020-04-16,US,Kansas,Johnson,343,22,0,38.88548175,-94.82250877,20091.0,321,334,19,0,315,323,597555,9,3,0,6,11
2020-04-16,US,Kansas,Labette,20,0,0,37.19113093,-95.29849679,20099.0,20,20,0,0,20,19,19964,0,0,0,0,1
2020-04-16,US,Kansas,Leavenworth,115,1,0,39.20183497,-95.03620809,20103.0,114,95,1,0,94,95,81352,20,0,0,20,0
2020-04-16,US,Kansas,Linn,6,0,0,38.21267844,-94.84254089,20107.0,6,6,0,0,6,5,9750,0,0,0,0,1
2020-04-16,US,Kansas,Lyon,48,0,0,38.45576156,-96.15275715,20111.0,48,32,0,0,32,32,33406,16,0,0,16,0
2020-04-16,US,Kansas,Marion,5,0,0,38.35855394,-97.0985251,20115.0,5,5,0,0,5,5,11950,0,0,0,0,0
2020-04-16,US,Kansas,McPherson,15,0,0,38.39184858,-97.64769869,20113.0,15,14,0,0,14,14,28537,1,0,0,1,0
2020-04-16,US,Kansas,Miami,4,0,0,38.56383358,-94.83832189,20121.0,4,4,0,0,4,4,33680,0,0,0,0,0
2020-04-16,US,Kansas,Mitchell,2,0,0,39.39331582,-98.20906732,20123.0,2,2,0,0,2,2,6150,0,0,0,0,0
2020-04-16,US,Kansas,Montgomery,11,2,0,37.19236568,-95.74329258,20125.0,9,11,2,0,9,11,32120,0,0,0,0,0
2020-04-16,US,Kansas,Morris,2,0,0,38.68827511,-96.65128437,20127.0,2,2,0,0,2,2,5521,0,0,0,0,0
2020-04-16,US,Kansas,Morton,2,0,0,37.19141121,-101.79925190000002,20129.0,2,1,0,0,1,1,2667,1,0,0,1,0
2020-04-16,US,Kansas,Neosho,2,0,0,37.55862897,-95.30670046,20133.0,2,2,0,0,2,2,15951,0,0,0,0,0
2020-04-16,US,Kansas,Osage,4,0,0,38.65235984,-95.72707998,20139.0,4,4,0,0,4,4,15941,0,0,0,0,0
2020-04-16,US,Kansas,Osborne,2,0,0,39.3503437,-98.76753828,20141.0,2,2,0,0,2,2,3475,0,0,0,0,0
2020-04-16,US,Kansas,Ottawa,3,0,0,39.13237408,-97.65020313,20143.0,3,3,0,0,3,3,5802,0,0,0,0,0
2020-04-16,US,Kansas,Phillips,1,0,0,39.78465501,-99.34668865,20147.0,1,1,0,0,1,1,5317,0,0,0,0,0
2020-04-16,US,Kansas,Pottawatomie,5,0,0,39.37925655,-96.34564657,20149.0,5,5,0,0,5,5,24277,0,0,0,0,0
2020-04-16,US,Kansas,Pratt,1,0,0,37.64780729,-98.73922153,20151.0,1,1,0,0,1,1,9378,0,0,0,0,0
2020-04-16,US,Kansas,Reno,14,0,0,37.95230263,-98.08607292,20155.0,14,14,0,0,14,14,62342,0,0,0,0,0
2020-04-16,US,Kansas,Republic,4,0,0,39.82799632,-97.65036709,20157.0,4,4,0,0,4,4,4664,0,0,0,0,0
2020-04-16,US,Kansas,Riley,26,0,0,39.28935726,-96.73420026,20161.0,26,25,0,0,25,23,73703,1,0,0,1,2
2020-04-16,US,Kansas,Rooks,3,0,0,39.35022773,-99.32484567,20163.0,3,2,0,0,2,2,5013,1,0,0,1,0
2020-04-16,US,Kansas,Saline,15,2,0,38.78369175,-97.65185177,20169.0,13,13,2,0,11,13,54401,2,0,0,2,0
2020-04-16,US,Kansas,Scott,1,0,0,38.48222076,-100.9066539,20171.0,1,1,0,0,1,1,4897,0,0,0,0,0
2020-04-16,US,Kansas,Sedgwick,219,3,0,37.6842718,-97.4608198,20173.0,216,209,3,0,206,206,513607,10,0,0,10,3
2020-04-16,US,Kansas,Seward,13,0,0,37.19324632,-100.8507201,20175.0,13,7,0,0,7,6,21780,6,0,0,6,1
2020-04-16,US,Kansas,Shawnee,84,5,0,39.04100763,-95.7557264,20177.0,79,82,5,0,77,80,177499,2,0,0,2,2
2020-04-16,US,Kansas,Sherman,1,0,0,39.35147699,-101.7197624,20181.0,1,,,,,,5899,,,,,
2020-04-16,US,Kansas,Smith,1,0,0,39.78516566,-98.78566062,20183.0,1,1,0,0,1,1,3603,0,0,0,0,0
2020-04-16,US,Kansas,Stafford,1,0,0,38.03100851,-98.71762001,20185.0,1,1,0,0,1,1,4178,0,0,0,0,0
2020-04-16,US,Kansas,Stanton,2,0,0,37.56304714,-101.7843534,20187.0,2,2,0,0,2,2,1987,0,0,0,0,0
2020-04-16,US,Kansas,Stevens,3,0,0,37.1923008,-101.3118967,20189.0,3,2,0,0,2,2,5559,1,0,0,1,0
2020-04-16,US,Kansas,Sumner,3,1,0,37.23682549,-97.47721621,20191.0,2,2,1,0,1,2,22996,1,0,0,1,0
2020-04-16,US,Kansas,Wabaunsee,1,0,0,38.95471985,-96.20350509,20197.0,1,1,0,0,1,1,6899,0,0,0,0,0
2020-04-16,US,Kansas,Woodson,4,0,0,37.8865336,-95.74006277,20207.0,4,4,0,0,4,3,3183,0,0,0,0,1
2020-04-16,US,Kansas,Wyandotte,379,34,0,39.11727348,-94.76378225,20209.0,345,363,31,0,332,345,165324,16,3,0,13,18
2020-04-16,US,Kentucky,Adair,45,3,0,37.10459774,-85.28129668,21001.0,42,43,1,0,42,43,19215,2,2,0,0,0
2020-04-16,US,Kentucky,Allen,3,0,0,36.75197631,-86.19457544,21003.0,3,2,0,0,2,2,21122,1,0,0,1,0
2020-04-16,US,Kentucky,Anderson,5,1,0,38.00671029,-84.99171713,21005.0,4,4,1,0,3,3,22663,1,0,0,1,1
2020-04-16,US,Kentucky,Ballard,4,0,0,37.05842757,-88.99427697,21007.0,4,2,0,0,2,2,7979,2,0,0,2,0
2020-04-16,US,Kentucky,Barren,6,0,0,36.96469836,-85.93338945,21009.0,6,5,0,0,5,5,44176,1,0,0,1,0
2020-04-16,US,Kentucky,Bath,3,0,0,38.14735938,-83.74588932,21011.0,3,3,0,0,3,3,12383,0,0,0,0,0
2020-04-16,US,Kentucky,Boone,67,2,0,38.97065142,-84.72615357,21015.0,65,56,2,0,54,58,131533,11,0,0,11,-2
2020-04-16,US,Kentucky,Bourbon,7,1,0,38.2054607,-84.21827874,21017.0,6,4,1,0,3,4,20184,3,0,0,3,0
2020-04-16,US,Kentucky,Boyd,27,2,0,38.36176608,-82.68652187,21019.0,25,24,2,0,22,23,47240,3,0,0,3,1
2020-04-16,US,Kentucky,Boyle,12,0,0,37.62680923,-84.8633779,21021.0,12,12,0,0,12,14,30100,0,0,0,0,-2
2020-04-16,US,Kentucky,Bracken,7,0,0,38.69158994,-84.08532444,21023.0,7,5,0,0,5,5,8239,2,0,0,2,0
2020-04-16,US,Kentucky,Breathitt,1,0,0,37.52333168,-83.31959161,21025.0,1,1,0,0,1,3,12726,0,0,0,0,-2
2020-04-16,US,Kentucky,Breckinridge,4,0,0,37.77377239,-86.42885017,21027.0,4,3,0,0,3,3,20388,1,0,0,1,0
2020-04-16,US,Kentucky,Bullitt,31,2,0,37.97162523,-85.68955617,21029.0,29,30,2,0,28,34,81069,1,0,0,1,-4
2020-04-16,US,Kentucky,Butler,27,1,0,37.20946153,-86.68748787,21031.0,26,24,1,0,23,22,12772,3,0,0,3,2
2020-04-16,US,Kentucky,Caldwell,10,0,0,37.14749129,-87.86948214,21033.0,10,10,0,0,10,9,12715,0,0,0,0,1
2020-04-16,US,Kentucky,Calloway,22,1,0,36.62093411,-88.2731593,21035.0,21,15,1,0,14,16,39135,7,0,0,7,-1
2020-04-16,US,Kentucky,Campbell,53,5,0,38.94384345,-84.37875208,21037.0,48,47,3,0,44,45,93152,6,2,0,4,2
2020-04-16,US,Kentucky,Carroll,2,0,0,38.66599534,-85.12601074,21041.0,2,2,0,0,2,2,10737,0,0,0,0,0
2020-04-16,US,Kentucky,Carter,5,0,0,38.31690743,-83.05092385,21043.0,5,3,0,0,3,3,27004,2,0,0,2,0
2020-04-16,US,Kentucky,Casey,1,0,0,37.32533118,-84.92726209,21045.0,1,1,0,0,1,,15888,0,0,0,0,
2020-04-16,US,Kentucky,Christian,72,3,0,36.89267803,-87.49055367,21047.0,69,71,3,0,68,69,71671,1,0,0,1,2
2020-04-16,US,Kentucky,Clark,18,0,0,37.9689263,-84.14615986,21049.0,18,18,0,0,18,18,36249,0,0,0,0,0
2020-04-16,US,Kentucky,Clinton,2,0,0,36.72581156,-85.13377529,21053.0,2,2,0,0,2,2,10206,0,0,0,0,0
2020-04-16,US,Kentucky,Crittenden,3,0,0,37.35839237,-88.08826090000002,21055.0,3,3,0,0,3,3,8915,0,0,0,0,0
2020-04-16,US,Kentucky,Cumberland,2,0,0,36.78926125,-85.39050034,21057.0,2,2,0,0,2,2,6659,0,0,0,0,0
2020-04-16,US,Kentucky,Daviess,106,3,0,37.73028906,-87.09019479999998,21059.0,103,89,3,0,86,87,101104,17,0,0,17,2
2020-04-16,US,Kentucky,Edmonson,7,0,0,37.21218923,-86.23955613,21061.0,7,7,0,0,7,6,12274,0,0,0,0,1
2020-04-16,US,Kentucky,Fayette,209,7,0,38.0368225,-84.45576892,21067.0,202,206,7,0,199,197,323780,3,0,0,3,9
2020-04-16,US,Kentucky,Fleming,2,0,0,38.36758311,-83.69657514,21069.0,2,2,0,0,2,2,14432,0,0,0,0,0
2020-04-16,US,Kentucky,Floyd,4,0,0,37.56213922,-82.74750924,21071.0,4,,,,,1,35845,,,,,
2020-04-16,US,Kentucky,Franklin,11,0,0,38.2379395,-84.87962551,21073.0,11,11,0,0,11,11,50815,0,0,0,0,0
2020-04-16,US,Kentucky,Gallatin,1,0,0,38.75398691,-84.8558382,21077.0,1,1,0,0,1,1,8832,0,0,0,0,0
2020-04-16,US,Kentucky,Garrard,3,0,0,37.6388668,-84.53289319,21079.0,3,1,0,0,1,,17560,2,0,0,2,
2020-04-16,US,Kentucky,Grant,16,1,0,38.64962758,-84.62415957,21081.0,15,14,1,0,13,14,25121,2,0,0,2,0
2020-04-16,US,Kentucky,Graves,24,1,0,36.72292505,-88.65143315,21083.0,23,16,0,0,16,13,37317,8,1,0,7,3
2020-04-16,US,Kentucky,Grayson,6,0,0,37.46231118,-86.34248968,21085.0,6,5,0,0,5,5,26321,1,0,0,1,0
2020-04-16,US,Kentucky,Green,1,0,0,37.26484328,-85.5540745,21087.0,1,1,0,0,1,1,11049,0,0,0,0,0
2020-04-16,US,Kentucky,Greenup,11,0,0,38.54332505,-82.9215658,21089.0,11,7,0,0,7,5,35268,4,0,0,4,2
2020-04-16,US,Kentucky,Hancock,6,0,0,37.83766422,-86.78280584,21091.0,6,1,0,0,1,2,8758,5,0,0,5,-1
2020-04-16,US,Kentucky,Hardin,27,0,0,37.6976111,-85.96319251,21093.0,27,25,0,0,25,24,110356,2,0,0,2,1
2020-04-16,US,Kentucky,Harrison,14,0,0,38.44188174,-84.32869741,21097.0,14,14,0,0,14,15,18778,0,0,0,0,-1
2020-04-16,US,Kentucky,Hart,1,0,0,37.29943898,-85.88461055,21099.0,1,1,0,0,1,1,18906,0,0,0,0,0
2020-04-16,US,Kentucky,Henderson,26,0,0,37.79344553,-87.57392021,21101.0,26,20,0,0,20,23,45591,6,0,0,6,-3
2020-04-16,US,Kentucky,Henry,3,0,0,38.44942688,-85.11587507,21103.0,3,3,0,0,3,4,16106,0,0,0,0,-1
2020-04-16,US,Kentucky,Hopkins,97,9,0,37.30939025,-87.54670406,21107.0,88,91,8,0,83,87,45068,6,1,0,5,4
2020-04-16,US,Kentucky,Jackson,37,2,0,37.41866422,-83.99825483,21109.0,35,23,0,0,23,12,13442,14,2,0,12,11
2020-04-16,US,Kentucky,Jefferson,600,56,0,38.18664655,-85.65931031,21111.0,544,573,46,0,527,531,770517,27,10,0,17,42
2020-04-16,US,Kentucky,Jessamine,30,0,0,37.87119786,-84.58252003,21113.0,30,29,0,0,29,28,53920,1,0,0,1,1
2020-04-16,US,Kentucky,Johnson,1,0,0,37.85106355,-82.8264322,21115.0,1,1,0,0,1,1,22386,0,0,0,0,0
2020-04-16,US,Kentucky,Kenton,112,10,0,38.93950319,-84.53241199,21117.0,102,106,8,0,98,99,166051,6,2,0,4,7
2020-04-16,US,Kentucky,Knott,1,0,0,37.35388197,-82.94981134,21119.0,1,1,0,0,1,1,15126,0,0,0,0,0
2020-04-16,US,Kentucky,Knox,3,0,0,36.89225732,-83.85403396,21121.0,3,1,0,0,1,1,31304,2,0,0,2,0
2020-04-16,US,Kentucky,Larue,4,0,0,37.54567114,-85.70138352,21123.0,4,4,0,0,4,3,14307,0,0,0,0,1
2020-04-16,US,Kentucky,Laurel,12,2,0,37.10975748,-84.11321779,21125.0,10,11,2,0,9,9,60669,1,0,0,1,2
2020-04-16,US,Kentucky,Lawrence,1,0,0,38.07136018,-82.72882223,21127.0,1,1,0,0,1,1,15571,0,0,0,0,0
2020-04-16,US,Kentucky,Leslie,2,0,0,37.09246661,-83.37999606,21131.0,2,2,0,0,2,1,10143,0,0,0,0,1
2020-04-16,US,Kentucky,Letcher,1,0,0,37.12306748,-82.85346474,21133.0,1,1,0,0,1,1,21899,0,0,0,0,0
2020-04-16,US,Kentucky,Lewis,2,0,0,38.53184419,-83.37735618,21135.0,2,2,0,0,2,2,13257,0,0,0,0,0
2020-04-16,US,Kentucky,Lincoln,3,1,0,37.45475628,-84.6565327,21137.0,2,1,0,0,1,1,24644,2,1,0,1,0
2020-04-16,US,Kentucky,Livingston,1,0,0,37.21137452,-88.34797529,21139.0,1,1,0,0,1,,9242,0,0,0,0,
2020-04-16,US,Kentucky,Logan,9,0,0,36.85949479,-86.877635,21141.0,9,10,0,0,10,5,26989,-1,0,0,-1,5
2020-04-16,US,Kentucky,Lyon,13,2,0,37.02080035,-88.07886257,21143.0,11,13,2,0,11,12,8009,0,0,0,0,1
2020-04-16,US,Kentucky,Madison,21,1,0,37.71659336,-84.27220275,21151.0,20,21,1,0,20,20,92368,0,0,0,0,1
2020-04-16,US,Kentucky,Marion,12,0,0,37.55218078,-85.26898542,21155.0,12,11,0,0,11,10,19404,1,0,0,1,1
2020-04-16,US,Kentucky,Marshall,12,0,0,36.88007070000001,-88.32803576,21157.0,12,12,0,0,12,11,31191,0,0,0,0,1
2020-04-16,US,Kentucky,Martin,2,0,0,37.79990579,-82.51247478,21159.0,2,1,0,0,1,1,11323,1,0,0,1,0
2020-04-16,US,Kentucky,Mason,6,0,0,38.59471935,-83.82151043,21161.0,6,6,0,0,6,5,17150,0,0,0,0,1
2020-04-16,US,Kentucky,McCracken,28,2,0,37.05350953,-88.70445755,21145.0,26,24,2,0,22,23,65346,4,0,0,4,1
2020-04-16,US,Kentucky,McCreary,9,0,0,36.73874143,-84.48102924,21147.0,9,9,0,0,9,7,17408,0,0,0,0,2
2020-04-16,US,Kentucky,McLean,7,1,0,37.5301951,-87.26803443,21149.0,6,6,1,0,5,6,9252,1,0,0,1,0
2020-04-16,US,Kentucky,Meade,2,1,0,37.96163597,-86.21028219,21163.0,1,2,1,0,1,2,28715,0,0,0,0,0
2020-04-16,US,Kentucky,Menifee,3,0,0,37.94090733,-83.59985712,21165.0,3,3,0,0,3,3,6451,0,0,0,0,0
2020-04-16,US,Kentucky,Mercer,9,0,0,37.81474237,-84.87488475,21167.0,9,9,0,0,9,9,21774,0,0,0,0,0
2020-04-16,US,Kentucky,Monroe,3,0,0,36.71225341,-85.71596443,21171.0,3,3,0,0,3,2,10718,0,0,0,0,1
2020-04-16,US,Kentucky,Montgomery,9,0,0,38.03253032,-83.9145241,21173.0,9,8,0,0,8,8,28203,1,0,0,1,0
2020-04-16,US,Kentucky,Morgan,1,0,0,37.92465657,-83.25558245,21175.0,1,1,0,0,1,1,13345,0,0,0,0,0
2020-04-16,US,Kentucky,Muhlenberg,55,2,0,37.21425819,-87.14632053,21177.0,53,47,2,0,45,45,30774,8,0,0,8,2
2020-04-16,US,Kentucky,Nelson,14,0,0,37.80335779,-85.4657193,21179.0,14,13,0,0,13,13,45851,1,0,0,1,0
2020-04-16,US,Kentucky,Nicholas,1,0,0,38.33342292,-84.01889177,21181.0,1,1,0,0,1,1,7166,0,0,0,0,0
2020-04-16,US,Kentucky,Ohio,9,0,0,37.47751843,-86.85368087,21183.0,9,7,0,0,7,8,24087,2,0,0,2,-1
2020-04-16,US,Kentucky,Oldham,22,0,0,38.39791089,-85.448222,21185.0,22,19,0,0,19,18,66470,3,0,0,3,1
2020-04-16,US,Kentucky,Owsley,2,0,0,37.42823949,-83.68811419,21189.0,2,2,0,0,2,2,4472,0,0,0,0,0
2020-04-16,US,Kentucky,Pendleton,5,0,0,38.69607718,-84.35599463,21191.0,5,3,0,0,3,3,14529,2,0,0,2,0
2020-04-16,US,Kentucky,Perry,4,0,0,37.25023553,-83.22922731,21193.0,4,4,0,0,4,4,26092,0,0,0,0,0
2020-04-16,US,Kentucky,Pike,6,1,0,37.47088263,-82.39487445,21195.0,5,5,1,0,4,5,58402,1,0,0,1,0
2020-04-16,US,Kentucky,Powell,1,0,0,37.83218794,-83.82553961,21197.0,1,1,0,0,1,1,12442,0,0,0,0,0
2020-04-16,US,Kentucky,Pulaski,33,2,0,37.10466131,-84.57629079,21199.0,31,31,2,0,29,31,64623,2,0,0,2,0
2020-04-16,US,Kentucky,Rockcastle,11,0,0,37.36642393,-84.31176452,21203.0,11,9,0,0,9,9,16750,2,0,0,2,0
2020-04-16,US,Kentucky,Rowan,1,0,0,38.19484205,-83.42088935,21205.0,1,1,0,0,1,1,24583,0,0,0,0,0
2020-04-16,US,Kentucky,Russell,12,0,0,36.99308373,-85.06070117,21207.0,12,8,0,0,8,7,17821,4,0,0,4,1
2020-04-16,US,Kentucky,Scott,21,0,0,38.29622293,-84.5816631,21209.0,21,21,0,0,21,26,56031,0,0,0,0,-5
2020-04-16,US,Kentucky,Shelby,21,2,0,38.21476019,-85.194223,21211.0,19,19,1,0,18,18,48518,2,1,0,1,1
2020-04-16,US,Kentucky,Simpson,19,2,0,36.74058474,-86.58047435,21213.0,17,17,1,0,16,16,18529,2,1,0,1,1
2020-04-16,US,Kentucky,Spencer,8,0,0,38.03223971,-85.32749335,21215.0,8,9,0,0,9,6,18794,-1,0,0,-1,3
2020-04-16,US,Kentucky,Taylor,4,0,0,37.3677562,-85.3329931,21217.0,4,4,0,0,4,4,25549,0,0,0,0,0
2020-04-16,US,Kentucky,Todd,10,0,0,36.8381152,-87.17878374,21219.0,10,8,0,0,8,7,12311,2,0,0,2,1
2020-04-16,US,Kentucky,Trigg,4,0,0,36.80767017,-87.87333656,21221.0,4,4,0,0,4,4,14643,0,0,0,0,0
2020-04-16,US,Kentucky,Trimble,1,0,0,38.61056487,-85.33775972,21223.0,1,1,0,0,1,1,8515,0,0,0,0,0
2020-04-16,US,Kentucky,Unassigned,77,0,0,0.0,0.0,90021.0,77,78,9,0,69,23,,-1,-9,0,8,55
2020-04-16,US,Kentucky,Union,6,0,0,37.66166713,-87.94300009,21225.0,6,5,0,0,5,5,14505,1,0,0,1,0
2020-04-16,US,Kentucky,Warren,71,0,0,36.99903045,-86.42672751,21227.0,71,52,0,0,52,47,131264,19,0,0,19,5
2020-04-16,US,Kentucky,Washington,3,0,0,37.75599461,-85.17407732,21229.0,3,3,0,0,3,3,12084,0,0,0,0,0
2020-04-16,US,Kentucky,Wayne,6,0,0,36.80310688,-84.8251971,21231.0,6,5,0,0,5,4,20468,1,0,0,1,1
2020-04-16,US,Kentucky,Webster,11,0,0,37.52168356,-87.67989953,21233.0,11,9,0,0,9,7,13111,2,0,0,2,2
2020-04-16,US,Kentucky,Whitley,7,0,0,36.75700531,-84.14541217,21235.0,7,5,0,0,5,5,36242,2,0,0,2,0
2020-04-16,US,Kentucky,Woodford,20,0,0,38.04178222,-84.7417556,21239.0,20,16,0,0,16,16,26533,4,0,0,4,0
2020-04-16,US,Louisiana,Acadia,108,6,0,30.2950649,-92.41419698,22001.0,102,105,5,0,100,104,62190,3,1,0,2,1
2020-04-16,US,Louisiana,Allen,78,9,0,30.65385745,-92.82442028,22003.0,69,74,8,0,66,74,25605,4,1,0,3,0
2020-04-16,US,Louisiana,Ascension,451,29,0,30.20406249,-90.91328409999998,22005.0,422,440,27,0,413,438,124672,11,2,0,9,2
2020-04-16,US,Louisiana,Assumption,132,1,0,29.89946234,-91.06461642,22007.0,131,129,1,0,128,123,22300,3,0,0,3,6
2020-04-16,US,Louisiana,Avoyelles,66,3,0,31.07796211,-92.00079449,22009.0,63,64,3,0,61,65,40462,2,0,0,2,-1
2020-04-16,US,Louisiana,Beauregard,33,2,0,30.64836518,-93.34173616,22011.0,31,30,1,0,29,28,37253,3,1,0,2,2
2020-04-16,US,Louisiana,Bienville,45,8,0,32.34569994,-93.05398492,22013.0,37,42,7,0,35,37,13308,3,1,0,2,5
2020-04-16,US,Louisiana,Bossier,220,11,0,32.67932307,-93.60460152,22015.0,209,211,11,0,200,207,127185,9,0,0,9,4
2020-04-16,US,Louisiana,Caddo,1154,55,0,32.57991587,-93.88375652,22017.0,1099,1118,57,0,1061,1097,242922,36,-2,0,38,21
2020-04-16,US,Louisiana,Calcasieu,300,15,0,30.22931235,-93.35400434,22019.0,285,282,15,0,267,273,203112,18,0,0,18,9
2020-04-16,US,Louisiana,Caldwell,19,0,0,32.0902519,-92.11752148,22021.0,19,18,0,0,18,18,9960,1,0,0,1,0
2020-04-16,US,Louisiana,Cameron,2,0,0,29.87592238,-93.19310676,22023.0,2,2,0,0,2,2,6968,0,0,0,0,0
2020-04-16,US,Louisiana,Catahoula,23,1,0,31.66778967,-91.84526385,22025.0,22,22,1,0,21,21,9608,1,0,0,1,1
2020-04-16,US,Louisiana,Claiborne,47,4,0,32.82308512,-92.99526883,22027.0,43,44,4,0,40,41,15944,3,0,0,3,3
2020-04-16,US,Louisiana,Concordia,21,2,0,31.44817835,-91.63814433,22029.0,19,21,1,0,20,19,19572,0,1,0,-1,2
2020-04-16,US,Louisiana,De Soto,140,8,0,32.05457447,-93.74130302,22031.0,132,134,8,0,126,130,27436,6,0,0,6,4
2020-04-16,US,Louisiana,East Baton Rouge,1389,66,0,30.53842039,-91.09777565,22033.0,1323,1325,62,0,1263,1295,440956,64,4,0,60,30
2020-04-16,US,Louisiana,East Carroll,1,0,0,32.73926954,-91.23425694,22035.0,1,1,0,0,1,1,7037,0,0,0,0,0
2020-04-16,US,Louisiana,East Feliciana,84,7,0,30.84425359,-91.04976723,22037.0,77,81,7,0,74,77,19305,3,0,0,3,4
2020-04-16,US,Louisiana,Evangeline,41,0,0,30.72985248,-92.39915924,22039.0,41,40,0,0,40,39,33443,1,0,0,1,1
2020-04-16,US,Louisiana,Franklin,58,2,0,32.13675181,-91.67589857,22041.0,56,53,2,0,51,49,20156,5,0,0,5,4
2020-04-16,US,Louisiana,Grant,12,0,0,31.59882456,-92.56124347,22043.0,12,12,0,0,12,12,22482,0,0,0,0,0
2020-04-16,US,Louisiana,Iberia,164,6,0,29.86803617,-91.75871777,22045.0,158,159,7,0,152,148,70941,5,-1,0,6,11
2020-04-16,US,Louisiana,Iberville,258,18,0,30.25734305,-91.3499598,22047.0,240,256,17,0,239,253,32721,2,1,0,1,3
2020-04-16,US,Louisiana,Jackson,12,0,0,32.30251776,-92.55692092,22049.0,12,11,0,0,11,9,15902,1,0,0,1,2
2020-04-16,US,Louisiana,Jefferson,5346,261,0,29.74075478,-90.11115756,22051.0,5085,5265,247,0,5018,5188,434051,81,14,0,67,77
2020-04-16,US,Louisiana,Jefferson Davis,48,5,0,30.26896765,-92.81210004,22053.0,43,48,4,0,44,47,31582,0,1,0,-1,1
2020-04-16,US,Louisiana,LaSalle,13,0,0,31.67884782,-92.15907765,22059.0,13,13,0,0,13,13,14917,0,0,0,0,0
2020-04-16,US,Louisiana,Lafayette,387,16,0,30.2049055,-92.06959876,22055.0,371,375,16,0,359,363,242782,12,0,0,12,12
2020-04-16,US,Louisiana,Lafourche,528,16,0,29.52470226,-90.40976986,22057.0,512,499,15,0,484,486,98115,29,1,0,28,13
2020-04-16,US,Louisiana,Lincoln,43,0,0,32.6003154,-92.6659741,22061.0,43,41,0,0,41,42,47196,2,0,0,2,-1
2020-04-16,US,Louisiana,Livingston,136,5,0,30.44143993,-90.73061664,22063.0,131,133,5,0,128,129,139567,3,0,0,3,4
2020-04-16,US,Louisiana,Madison,2,0,0,32.36918118,-91.23973355,22065.0,2,2,0,0,2,2,11161,0,0,0,0,0
2020-04-16,US,Louisiana,Morehouse,34,2,0,32.81686191,-91.80421614,22067.0,32,32,2,0,30,32,25398,2,0,0,2,0
2020-04-16,US,Louisiana,Natchitoches,45,0,0,31.72321584,-93.09816516,22069.0,45,42,0,0,42,42,38659,3,0,0,3,0
2020-04-16,US,Louisiana,Orleans,5847,302,0,30.06971951,-89.92660315,22071.0,5545,5769,287,0,5482,5718,391006,78,15,0,63,51
2020-04-16,US,Louisiana,Ouachita,429,9,0,32.47645559,-92.15704172,22073.0,420,411,8,0,403,387,154475,18,1,0,17,24
2020-04-16,US,Louisiana,Plaquemines,149,11,0,29.42245447,-89.60322085,22075.0,138,147,11,0,136,142,23410,2,0,0,2,5
2020-04-16,US,Louisiana,Pointe Coupee,60,5,0,30.71409502,-91.60209535,22077.0,55,53,4,0,49,49,21940,7,1,0,6,4
2020-04-16,US,Louisiana,Rapides,192,7,0,31.19778499,-92.52997303,22079.0,185,179,7,0,172,175,130562,13,0,0,13,4
2020-04-16,US,Louisiana,Red River,15,3,0,32.09530039,-93.34213308,22081.0,12,13,2,0,11,13,8477,2,1,0,1,0
2020-04-16,US,Louisiana,Richland,22,0,0,32.41391005,-91.76634876,22083.0,22,21,0,0,21,20,20192,1,0,0,1,1
2020-04-16,US,Louisiana,Sabine,11,0,0,31.56388699,-93.55433981,22085.0,11,10,0,0,10,10,24032,1,0,0,1,0
2020-04-16,US,Louisiana,St. Bernard,388,12,0,29.87761636,-89.51887093,22087.0,376,383,10,0,373,377,46721,5,2,0,3,6
2020-04-16,US,Louisiana,St. Charles,486,26,0,29.90709658,-90.35555967,22089.0,460,476,26,0,450,460,52879,10,0,0,10,16
2020-04-16,US,Louisiana,St. Helena,17,1,0,30.82210324,-90.71013176,22091.0,16,14,0,0,14,14,10262,3,1,0,2,0
2020-04-16,US,Louisiana,St. James,214,14,0,30.02531716,-90.80212061,22093.0,200,210,13,0,197,208,21037,4,1,0,3,2
2020-04-16,US,Louisiana,St. John the Baptist,609,47,0,30.12597499,-90.4753503,22095.0,562,569,47,0,522,562,43184,40,0,0,40,7
2020-04-16,US,Louisiana,St. Landry,118,17,0,30.59724262,-92.00135806,22097.0,101,116,16,0,100,115,82764,2,1,0,1,1
2020-04-16,US,Louisiana,St. Martin,179,10,0,30.13112107,-91.61403569,22099.0,169,174,10,0,164,168,53621,5,0,0,5,6
2020-04-16,US,Louisiana,St. Mary,134,8,0,29.69262097,-91.44702164,22101.0,126,130,4,0,126,129,49774,4,4,0,0,1
2020-04-16,US,Louisiana,St. Tammany,944,60,0,30.40942847,-89.95642711,22103.0,884,924,60,0,864,898,258111,20,0,0,20,26
2020-04-16,US,Louisiana,Tangipahoa,422,16,0,30.62888673,-90.40664996,22105.0,406,418,15,0,403,391,133777,4,1,0,3,27
2020-04-16,US,Louisiana,Tensas,1,0,0,32.00760749,-91.32915234,22107.0,1,1,0,0,1,1,4462,0,0,0,0,0
2020-04-16,US,Louisiana,Terrebonne,283,18,0,29.37343766,-90.82626855,22109.0,265,273,18,0,255,265,111021,10,0,0,10,8
2020-04-16,US,Louisiana,Unassigned,56,1,0,0.0,0.0,90022.0,55,56,1,0,55,56,,0,0,0,0,0
2020-04-16,US,Louisiana,Union,67,4,0,32.83121059,-92.3749373,22111.0,63,56,4,0,52,50,22330,11,0,0,11,6
2020-04-16,US,Louisiana,Vermilion,28,1,0,29.83517605,-92.30292538,22113.0,27,27,1,0,26,27,59830,1,0,0,1,0
2020-04-16,US,Louisiana,Vernon,14,1,0,31.10884837,-93.18153838,22115.0,13,14,1,0,13,14,48860,0,0,0,0,0
2020-04-16,US,Louisiana,Washington,179,10,0,30.85288548,-90.03866652,22117.0,169,173,10,0,163,162,46582,6,0,0,6,11
2020-04-16,US,Louisiana,Webster,71,4,0,32.70847669,-93.33121835,22119.0,67,69,4,0,65,65,38798,2,0,0,2,4
2020-04-16,US,Louisiana,West Baton Rouge,81,9,0,30.46058217,-91.30989571,22121.0,72,78,9,0,69,76,26427,3,0,0,3,2
2020-04-16,US,Louisiana,West Carroll,4,0,0,32.78550125,-91.461201,22123.0,4,4,0,0,4,4,10982,0,0,0,0,0
2020-04-16,US,Louisiana,West Feliciana,55,0,0,30.87882871,-91.4148538,22125.0,55,47,0,0,47,46,15460,8,0,0,8,1
2020-04-16,US,Louisiana,Winn,17,2,0,31.94449367,-92.63789413,22127.0,15,12,2,0,10,12,14134,5,0,0,5,0
2020-04-16,US,Maine,Androscoggin,32,1,0,44.1664747,-70.20380627,23001.0,31,31,1,0,30,29,107679,1,0,0,1,2
2020-04-16,US,Maine,Aroostook,3,0,0,46.65926321,-68.59841248,23003.0,3,2,0,0,2,2,67111,1,0,0,1,0
2020-04-16,US,Maine,Cumberland,343,14,0,43.8370751,-70.37226999,23005.0,329,339,14,0,325,331,293557,4,0,0,4,8
2020-04-16,US,Maine,Franklin,9,0,0,44.97330019,-70.44381045,23007.0,9,9,0,0,9,8,29897,0,0,0,0,1
2020-04-16,US,Maine,Hancock,5,0,0,44.59816444,-68.38401854,23009.0,5,5,0,0,5,5,54811,0,0,0,0,0
2020-04-16,US,Maine,Kennebec,94,3,0,44.40759555,-69.76738544,23011.0,91,93,3,0,90,81,122083,1,0,0,1,12
2020-04-16,US,Maine,Knox,12,0,0,44.11486325,-69.10529169,23013.0,12,12,0,0,12,11,39771,0,0,0,0,1
2020-04-16,US,Maine,Lincoln,12,0,0,44.05996956,-69.54227124,23015.0,12,12,0,0,12,11,34342,0,0,0,0,1
2020-04-16,US,Maine,Oxford,13,0,0,44.49952995,-70.75682123,23017.0,13,13,0,0,13,13,57618,0,0,0,0,0
2020-04-16,US,Maine,Penobscot,37,0,0,45.40194593,-68.65020455,23019.0,37,36,0,0,36,34,151096,1,0,0,1,2
2020-04-16,US,Maine,Sagadahoc,15,0,0,43.95415864,-69.85074999,23023.0,15,15,0,0,15,15,35634,0,0,0,0,0
2020-04-16,US,Maine,Somerset,14,0,0,45.51229767,-69.95995554,23025.0,14,13,0,0,13,11,50592,1,0,0,1,2
2020-04-16,US,Maine,Unassigned,2,0,0,0.0,0.0,90023.0,2,2,0,0,2,2,,0,0,0,0,0
2020-04-16,US,Maine,Waldo,39,3,0,44.4858305,-69.12061935,23027.0,36,30,2,0,28,29,39694,9,1,0,8,1
2020-04-16,US,Maine,Washington,2,0,0,45.01607142,-67.62813524,23029.0,2,2,0,0,2,1,31490,0,0,0,0,1
2020-04-16,US,Maine,York,164,6,0,43.47808377,-70.71052375,23031.0,158,156,4,0,152,152,206229,8,2,0,6,4
2020-04-16,US,Maryland,Allegany,20,1,0,39.62357628,-78.69280486,24001.0,19,17,1,0,16,17,70975,3,0,0,3,0
2020-04-16,US,Maryland,Anne Arundel,896,32,0,39.00670238,-76.60329337,24003.0,864,845,32,0,813,783,576031,51,0,0,51,62
2020-04-16,US,Maryland,Baltimore,1516,41,0,39.45784712,-76.62911955,24005.0,1475,1485,41,0,1444,1377,828431,31,0,0,31,108
2020-04-16,US,Maryland,Baltimore City,1160,31,0,39.30211911,-76.61151012,24510.0,1129,1060,29,0,1031,962,621342,100,2,0,98,98
2020-04-16,US,Maryland,Calvert,103,1,0,38.53961642,-76.56820632,24009.0,102,102,1,0,101,99,92003,1,0,0,1,3
2020-04-16,US,Maryland,Caroline,23,0,0,38.87172293,-75.82904158,24011.0,23,22,0,0,22,21,33304,1,0,0,1,1
2020-04-16,US,Maryland,Carroll,283,29,0,39.56453592,-77.02373735,24013.0,254,262,29,0,233,259,168429,21,0,0,21,3
2020-04-16,US,Maryland,Cecil,101,2,0,39.56647682,-75.94627411,24015.0,99,90,2,0,88,85,102826,11,0,0,11,5
2020-04-16,US,Maryland,Charles,327,13,0,38.51092331,-76.98580666,24017.0,314,310,12,0,298,292,161503,17,1,0,16,18
2020-04-16,US,Maryland,Dorchester,18,1,0,38.45413522,-76.02752426,24019.0,17,16,1,0,15,14,31998,2,0,0,2,2
2020-04-16,US,Maryland,Frederick,497,22,0,39.47296601,-77.39999394,24021.0,475,442,20,0,422,441,255648,55,2,0,53,1
2020-04-16,US,Maryland,Garrett,4,0,0,39.52786077,-79.27355126,24023.0,4,4,0,0,4,4,29163,0,0,0,0,0
2020-04-16,US,Maryland,Harford,161,0,0,39.55010644,-76.30775940000002,24025.0,161,152,0,0,152,147,253956,9,0,0,9,5
2020-04-16,US,Maryland,Howard,451,10,0,39.25305293,-76.93126208,24027.0,441,424,9,0,415,403,323196,27,1,0,26,21
2020-04-16,US,Maryland,Kent,11,1,0,39.24976208,-76.04741541,24029.0,10,11,1,0,10,11,19383,0,0,0,0,0
2020-04-16,US,Maryland,Montgomery,2133,56,0,39.13676329,-77.20358245,24031.0,2077,1933,54,0,1879,1883,1052567,200,2,0,198,50
2020-04-16,US,Maryland,Prince George's,2722,72,0,38.83070039,-76.8496441,24033.0,2650,2516,72,0,2444,2356,909308,206,0,0,206,160
2020-04-16,US,Maryland,Queen Anne's,19,1,0,39.06198912,-76.03530977,24035.0,18,19,1,0,18,19,50251,0,0,0,0,0
2020-04-16,US,Maryland,Somerset,6,0,0,38.1163542,-75.75118623,24039.0,6,5,0,0,5,5,25675,1,0,0,1,0
2020-04-16,US,Maryland,St. Mary's,98,3,0,38.30058422,-76.60629279999998,24037.0,95,99,3,0,96,98,112664,-1,0,0,-1,1
2020-04-16,US,Maryland,Talbot,14,1,0,38.76618159,-76.10882561,24041.0,13,14,1,0,13,16,36968,0,0,0,0,-2
2020-04-16,US,Maryland,Washington,109,1,0,39.60835778,-77.82002295,24043.0,108,106,1,0,105,96,150926,3,0,0,3,10
2020-04-16,US,Maryland,Wicomico,87,1,0,38.37301947,-75.62705831,24045.0,86,76,1,0,75,63,103195,11,0,0,11,13
2020-04-16,US,Maryland,Worcester,25,0,0,38.21274277,-75.33200012,24047.0,25,22,0,0,22,21,51823,3,0,0,3,1
2020-04-16,US,Massachusetts,Barnstable,550,18,0,41.72980578,-70.28854339,25001.0,532,530,18,0,512,514,213413,20,0,0,20,16
2020-04-16,US,Massachusetts,Berkshire,382,21,0,42.37428441,-73.20524838,25003.0,361,370,21,0,349,360,126348,12,0,0,12,10
2020-04-16,US,Massachusetts,Bristol,1605,56,0,41.79228404,-71.10872211,25005.0,1549,1508,56,0,1452,1435,564022,97,0,0,97,73
2020-04-16,US,Massachusetts,Dukes and Nantucket,21,1,0,41.40674725,-70.68763497,0.0,20,20,1,0,19,21,26707,1,0,0,1,-1
2020-04-16,US,Massachusetts,Essex,4245,140,0,42.6687626,-70.94687179,25009.0,4105,3894,140,0,3754,3594,790638,351,0,0,351,300
2020-04-16,US,Massachusetts,Franklin,170,25,0,42.58119713,-72.58602547,25011.0,145,160,25,0,135,155,70963,10,0,0,10,5
2020-04-16,US,Massachusetts,Hampden,1985,151,0,42.13440424,-72.63235561,25013.0,1834,1885,151,0,1734,1798,470406,100,0,0,100,87
2020-04-16,US,Massachusetts,Hampshire,248,6,0,42.33997957,-72.65898478,25015.0,242,239,6,0,233,233,161355,9,0,0,9,6
2020-04-16,US,Massachusetts,Middlesex,7206,221,0,42.48607732,-71.39049229,25017.0,6985,6681,221,0,6460,6254,1614714,525,0,0,525,427
2020-04-16,US,Massachusetts,Norfolk,3342,147,0,42.16073095,-71.20530408,25021.0,3195,3122,147,0,2975,2969,705388,220,0,0,220,153
2020-04-16,US,Massachusetts,Plymouth,2466,89,0,41.94070556,-70.80802823,25023.0,2377,2308,89,0,2219,2207,518132,158,0,0,158,101
2020-04-16,US,Massachusetts,Suffolk,6820,145,0,42.3279514,-71.07850442,25025.0,6675,6279,145,0,6134,5872,807252,541,0,0,541,407
2020-04-16,US,Massachusetts,Unassigned,638,14,0,0.0,0.0,90025.0,624,572,14,0,558,506,,66,0,0,66,66
2020-04-16,US,Massachusetts,Worcester,2503,74,0,42.35026951,-71.90493363,25027.0,2429,2350,74,0,2276,2246,830839,153,0,0,153,104
2020-04-16,US,Michigan,Alcona,1,0,0,44.6846864,-83.59507875,26001.0,1,1,0,0,1,,10362,0,0,0,0,
2020-04-16,US,Michigan,Allegan,25,0,0,42.59147037,-85.89102866,26005.0,25,25,0,0,25,23,117327,0,0,0,0,2
2020-04-16,US,Michigan,Alpena,2,0,0,45.03477666,-83.62212411,26007.0,2,1,0,0,1,1,28360,1,0,0,1,0
2020-04-16,US,Michigan,Antrim,9,0,0,44.99690221,-85.15503082,26009.0,9,9,0,0,9,8,23365,0,0,0,0,1
2020-04-16,US,Michigan,Arenac,7,0,0,44.0636262,-83.89277559,26011.0,7,7,0,0,7,5,15041,0,0,0,0,2
2020-04-16,US,Michigan,Barry,20,1,0,42.59513984,-85.30834519,26015.0,19,18,1,0,17,14,61157,2,0,0,2,4
2020-04-16,US,Michigan,Bay,67,2,0,43.70639106,-83.98731479,26017.0,65,64,2,0,62,60,103923,3,0,0,3,4
2020-04-16,US,Michigan,Berrien,133,7,0,41.95447397,-86.41313079999998,26021.0,126,123,7,0,116,111,154141,10,0,0,10,12
2020-04-16,US,Michigan,Branch,31,2,0,41.91600556,-85.05929476,26023.0,29,30,2,0,28,29,43622,1,0,0,1,1
2020-04-16,US,Michigan,Calhoun,119,4,0,42.24633834,-85.00493569,26025.0,115,104,3,0,101,90,134487,15,1,0,14,14
2020-04-16,US,Michigan,Cass,19,1,0,41.91522292,-85.99405727,26027.0,18,17,1,0,16,13,51653,2,0,0,2,4
2020-04-16,US,Michigan,Charlevoix,11,1,0,45.37790017,-85.19614053,26029.0,10,11,1,0,10,11,26244,0,0,0,0,0
2020-04-16,US,Michigan,Cheboygan,12,1,0,45.44787015,-84.50122149,26031.0,11,12,1,0,11,12,25413,0,0,0,0,0
2020-04-16,US,Michigan,Clare,7,1,0,43.98794227,-84.84819859999998,26035.0,6,5,1,0,4,4,30757,2,0,0,2,1
2020-04-16,US,Michigan,Clinton,102,6,0,42.94400871,-84.60145248,26037.0,96,100,5,0,95,98,79332,2,1,0,1,2
2020-04-16,US,Michigan,Crawford,18,1,0,44.68255561,-84.61006219,26039.0,17,16,1,0,15,15,13901,2,0,0,2,1
2020-04-16,US,Michigan,Delta,10,1,0,45.90484910000001,-86.9080745,26041.0,9,9,1,0,8,9,35857,1,0,0,1,0
2020-04-16,US,Michigan,Dickinson,3,2,0,46.00999672,-87.86961634,26043.0,1,3,2,0,1,3,25383,0,0,0,0,0
2020-04-16,US,Michigan,Eaton,84,5,0,42.59599185,-84.83740035,26045.0,79,77,5,0,72,76,109826,7,0,0,7,1
2020-04-16,US,Michigan,Emmet,21,2,0,45.52625509,-84.89083249,26047.0,19,21,2,0,19,21,33308,0,0,0,0,0
2020-04-16,US,Michigan,Federal Correctional Institution (FCI),36,0,0,0.0,0.0,0.0,36,36,0,0,36,23,,0,0,0,0,13
2020-04-16,US,Michigan,Genesee,1147,99,0,43.02244215,-83.70589709,26049.0,1048,1084,89,0,995,1030,406892,63,10,0,53,54
2020-04-16,US,Michigan,Gladwin,8,0,0,43.98901072,-84.38774817,26051.0,8,6,0,0,6,5,25337,2,0,0,2,1
2020-04-16,US,Michigan,Gogebic,4,1,0,46.40862701,-89.69377193,26053.0,3,4,1,0,3,4,15096,0,0,0,0,0
2020-04-16,US,Michigan,Grand Traverse,17,3,0,44.69565625,-85.55585247,26055.0,14,17,3,0,14,17,92573,0,0,0,0,0
2020-04-16,US,Michigan,Gratiot,7,0,0,43.29265605,-84.60505416,26057.0,7,7,0,0,7,7,40599,0,0,0,0,0
2020-04-16,US,Michigan,Hillsdale,84,9,0,41.88753639,-84.59312019,26059.0,75,81,9,0,72,79,45749,3,0,0,3,2
2020-04-16,US,Michigan,Houghton,2,0,0,46.89988536,-88.68495385,26061.0,2,2,0,0,2,2,36219,0,0,0,0,0
2020-04-16,US,Michigan,Huron,8,0,0,43.83353985,-83.04078453,26063.0,8,7,0,0,7,6,31166,1,0,0,1,1
2020-04-16,US,Michigan,Ingham,278,6,0,42.59716886,-84.37472069,26065.0,272,270,5,0,265,263,292735,8,1,0,7,7
2020-04-16,US,Michigan,Ionia,20,2,0,42.94502238,-85.07413319,26067.0,18,18,2,0,16,17,64210,2,0,0,2,1
2020-04-16,US,Michigan,Iosco,6,1,0,44.35486835,-83.63484895,26069.0,5,4,1,0,3,4,25081,2,0,0,2,0
2020-04-16,US,Michigan,Isabella,45,5,0,43.64060976,-84.84664923,26073.0,40,43,4,0,39,42,70562,2,1,0,1,1
2020-04-16,US,Michigan,Jackson,209,8,0,42.24807035,-84.42258681,26075.0,201,195,8,0,187,183,158823,14,0,0,14,12
2020-04-16,US,Michigan,Kalamazoo,118,8,0,42.24542231,-85.53038622,26077.0,110,103,8,0,95,94,264870,15,0,0,15,9
2020-04-16,US,Michigan,Kalkaska,17,2,0,44.68512729,-85.09085699,26079.0,15,16,2,0,14,14,17824,1,0,0,1,2
2020-04-16,US,Michigan,Kent,385,16,0,43.03197711,-85.54934642,26081.0,369,354,16,0,338,325,653786,31,0,0,31,29
2020-04-16,US,Michigan,Lake,2,0,0,43.99050893,-85.802173,26085.0,2,2,0,0,2,2,11881,0,0,0,0,0
2020-04-16,US,Michigan,Lapeer,131,13,0,43.09052506,-83.22153148,26087.0,118,125,10,0,115,117,88028,6,3,0,3,8
2020-04-16,US,Michigan,Leelanau,6,0,0,44.94430054,-85.80150326,26089.0,6,5,0,0,5,4,21764,1,0,0,1,1
2020-04-16,US,Michigan,Lenawee,59,0,0,41.89475156,-84.06603727,26091.0,59,56,0,0,56,53,98266,3,0,0,3,3
2020-04-16,US,Michigan,Livingston,263,9,0,42.60302282,-83.91297209,26093.0,254,254,7,0,247,238,191224,9,2,0,7,16
2020-04-16,US,Michigan,Luce,1,0,0,46.47227431,-85.54471223,26095.0,1,1,0,0,1,1,6283,0,0,0,0,0
2020-04-16,US,Michigan,Mackinac,4,0,0,46.07028979,-85.04980537,26097.0,4,4,0,0,4,4,10787,0,0,0,0,0
2020-04-16,US,Michigan,Macomb,3992,354,0,42.69158356,-82.92752801,26099.0,3638,3792,330,0,3462,3620,874759,200,24,0,176,172
2020-04-16,US,Michigan,Manistee,11,0,0,44.33352407,-86.05626916,26101.0,11,10,0,0,10,10,24528,1,0,0,1,0
2020-04-16,US,Michigan,Marquette,27,5,0,46.4338914,-87.64043701,26103.0,22,27,5,0,22,26,66516,0,0,0,0,1
2020-04-16,US,Michigan,Mason,4,0,0,43.99509218,-86.24988902,26105.0,4,3,0,0,3,3,29100,1,0,0,1,0
2020-04-16,US,Michigan,Mecosta,11,1,0,43.64064262,-85.32463223,26107.0,10,11,1,0,10,11,43545,0,0,0,0,0
2020-04-16,US,Michigan,Menominee,1,0,0,45.58038692,-87.55370409,26109.0,1,1,0,0,1,1,22983,0,0,0,0,0
2020-04-16,US,Michigan,Michigan Department of Corrections (MDOC),472,12,0,0.0,0.0,0.0,460,472,12,0,460,429,,0,0,0,0,43
2020-04-16,US,Michigan,Midland,41,1,0,43.64330771,-84.38804374,26111.0,40,36,1,0,35,33,83209,5,0,0,5,3
2020-04-16,US,Michigan,Missaukee,3,1,0,44.33772443,-85.09256478,26113.0,2,2,1,0,1,1,15113,1,0,0,1,1
2020-04-16,US,Michigan,Monroe,217,10,0,41.92734151,-83.53749864,26115.0,207,211,9,0,202,196,150439,6,1,0,5,15
2020-04-16,US,Michigan,Montcalm,23,1,0,43.31082541,-85.15252824,26117.0,22,23,1,0,22,23,63968,0,0,0,0,0
2020-04-16,US,Michigan,Montmorency,2,0,0,45.0275929,-84.12696227,26119.0,2,1,0,0,1,1,9265,1,0,0,1,0
2020-04-16,US,Michigan,Muskegon,110,5,0,43.29123859,-86.15176712,26121.0,105,93,5,0,88,85,173588,17,0,0,17,8
2020-04-16,US,Michigan,Newaygo,7,0,0,43.554374,-85.80070107,26123.0,7,7,0,0,7,7,48892,0,0,0,0,0
2020-04-16,US,Michigan,Oakland,5778,420,0,42.66090111,-83.38595416,26125.0,5358,5576,392,0,5184,5364,1259201,202,28,0,174,212
2020-04-16,US,Michigan,Oceana,3,1,0,43.64124435,-86.26726673,26127.0,2,3,1,0,2,3,26625,0,0,0,0,0
2020-04-16,US,Michigan,Ogemaw,5,0,0,44.33481032,-84.12725175,26129.0,5,4,0,0,4,4,20952,1,0,0,1,0
2020-04-16,US,Michigan,Osceola,6,0,0,43.98992088,-85.32566756,26133.0,6,5,0,0,5,5,23341,1,0,0,1,0
2020-04-16,US,Michigan,Oscoda,4,0,0,44.68192279,-84.12939244,26135.0,4,4,0,0,4,4,8276,0,0,0,0,0
2020-04-16,US,Michigan,Otsego,44,2,0,45.02085831,-84.59898295,26137.0,42,35,2,0,33,34,24665,9,0,0,9,1
2020-04-16,US,Michigan,Ottawa,82,2,0,42.95996803,-85.9969107,26139.0,80,74,2,0,72,67,290494,8,0,0,8,7
2020-04-16,US,Michigan,Out of MI,166,2,0,0.0,0.0,80026.0,164,166,2,0,164,157,,0,0,0,0,9
2020-04-16,US,Michigan,Presque Isle,2,0,0,45.34018577,-83.91498656,26141.0,2,2,0,0,2,2,12738,0,0,0,0,0
2020-04-16,US,Michigan,Roscommon,9,0,0,44.33473082,-84.61067651,26143.0,9,9,0,0,9,9,23884,0,0,0,0,0
2020-04-16,US,Michigan,Saginaw,349,20,0,43.33433923,-84.05131209999998,26145.0,329,313,19,0,294,302,190800,36,1,0,35,11
2020-04-16,US,Michigan,Sanilac,25,2,0,43.42406072,-82.82055898,26151.0,23,25,2,0,23,23,41182,0,0,0,0,2
2020-04-16,US,Michigan,Schoolcraft,3,0,0,46.19235734,-86.19972234,26153.0,3,3,0,0,3,3,8068,0,0,0,0,0
2020-04-16,US,Michigan,Shiawassee,70,2,0,42.95392800000001,-84.14585902,26155.0,68,63,2,0,61,62,68192,7,0,0,7,1
2020-04-16,US,Michigan,St. Clair,232,8,0,42.92655373,-82.67937954,26147.0,224,221,8,0,213,211,159337,11,0,0,11,10
2020-04-16,US,Michigan,St. Joseph,23,1,0,41.91441767,-85.52797979,26149.0,22,22,1,0,21,22,61043,1,0,0,1,0
2020-04-16,US,Michigan,Tuscola,50,10,0,43.46606813,-83.41897025,26157.0,40,47,9,0,38,45,52516,3,1,0,2,2
2020-04-16,US,Michigan,Unassigned,76,5,0,0.0,0.0,90026.0,71,76,5,0,71,91,,0,0,0,0,-15
2020-04-16,US,Michigan,Van Buren,26,2,0,42.25190229,-86.01939087,26159.0,24,26,2,0,24,22,75448,0,0,0,0,4
2020-04-16,US,Michigan,Washtenaw,826,25,0,42.253105,-83.83853204,26161.0,801,798,24,0,774,772,370963,28,1,0,27,26
2020-04-16,US,Michigan,Wayne,12544,884,0,42.28098405,-83.281255,26163.0,11660,12544,884,0,11660,12209,1753893,0,0,0,0,335
2020-04-16,US,Michigan,Wexford,7,1,0,44.33853602,-85.57712739,26165.0,6,7,1,0,6,7,33466,0,0,0,0,0
2020-04-16,US,Minnesota,Anoka,76,0,0,45.27476015,-93.24604565,27003.0,76,76,0,0,76,72,353813,0,0,0,0,4
2020-04-16,US,Minnesota,Becker,1,0,0,46.93479392,-95.67158144,27005.0,1,1,0,0,1,2,34371,0,0,0,0,-1
2020-04-16,US,Minnesota,Beltrami,5,0,0,47.97373527,-94.93732139,27007.0,5,5,0,0,5,5,46847,0,0,0,0,0
2020-04-16,US,Minnesota,Benton,1,0,0,45.69804958,-93.99514135,27009.0,1,1,0,0,1,1,40545,0,0,0,0,0
2020-04-16,US,Minnesota,Big Stone,1,0,0,45.42712824,-96.41403739,27011.0,1,1,0,0,1,1,4989,0,0,0,0,0
2020-04-16,US,Minnesota,Blue Earth,23,0,0,44.03554215,-94.06699781,27013.0,23,23,0,0,23,22,67427,0,0,0,0,1
2020-04-16,US,Minnesota,Brown,7,1,0,44.24205652,-94.72562874,27015.0,6,7,1,0,6,7,25111,0,0,0,0,0
2020-04-16,US,Minnesota,Carlton,27,0,0,46.59180601,-92.67601019,27017.0,27,27,0,0,27,26,35837,0,0,0,0,1
2020-04-16,US,Minnesota,Carver,14,0,0,44.82017001,-93.8009918,27019.0,14,14,0,0,14,13,103551,0,0,0,0,1
2020-04-16,US,Minnesota,Cass,4,0,0,46.95043611,-94.32603968,27021.0,4,4,0,0,4,4,29519,0,0,0,0,0
2020-04-16,US,Minnesota,Chisago,7,1,0,45.5021011,-92.90861945,27025.0,6,7,1,0,6,7,55922,0,0,0,0,0
2020-04-16,US,Minnesota,Clay,43,1,0,46.89289518,-96.48761922,27027.0,42,43,1,0,42,42,63955,0,0,0,0,1
2020-04-16,US,Minnesota,Clearwater,3,0,0,47.57992111,-95.37790562,27029.0,3,3,0,0,3,3,8810,0,0,0,0,0
2020-04-16,US,Minnesota,Cottonwood,6,0,0,44.00715262,-95.18138802,27033.0,6,6,0,0,6,6,11277,0,0,0,0,0
2020-04-16,US,Minnesota,Crow Wing,17,0,0,46.48096553,-94.06755609,27035.0,17,17,0,0,17,17,64889,0,0,0,0,0
2020-04-16,US,Minnesota,Dakota,103,5,0,44.67172617,-93.06299363,27037.0,98,103,5,0,98,103,425423,0,0,0,0,0
2020-04-16,US,Minnesota,Dodge,16,0,0,44.02238415,-92.86244324,27039.0,16,16,0,0,16,16,20822,0,0,0,0,0
2020-04-16,US,Minnesota,Douglas,1,0,0,45.93348491,-95.45335469,27041.0,1,1,0,0,1,1,37964,0,0,0,0,0
2020-04-16,US,Minnesota,Faribault,4,0,0,43.67381499,-93.94787458,27043.0,4,4,0,0,4,4,13758,0,0,0,0,0
2020-04-16,US,Minnesota,Fillmore,10,0,0,43.67394126,-92.08980382,27045.0,10,10,0,0,10,10,21058,0,0,0,0,0
2020-04-16,US,Minnesota,Freeborn,27,0,0,43.67385583,-93.34884422,27047.0,27,27,0,0,27,27,30444,0,0,0,0,0
2020-04-16,US,Minnesota,Goodhue,17,0,0,44.40849741,-92.7234195,27049.0,17,17,0,0,17,17,46403,0,0,0,0,0
2020-04-16,US,Minnesota,Hennepin,651,46,0,45.00761521,-93.47694895,27053.0,605,651,46,0,605,558,1259428,0,0,0,0,93
2020-04-16,US,Minnesota,Houston,1,0,0,43.67129565,-91.49143057,27055.0,1,1,0,0,1,1,18578,0,0,0,0,0
2020-04-16,US,Minnesota,Isanti,4,0,0,45.56181234,-93.29487636,27059.0,4,4,0,0,4,4,39966,0,0,0,0,0
2020-04-16,US,Minnesota,Itasca,2,0,0,47.51009045,-93.63092229,27061.0,2,2,0,0,2,2,45108,0,0,0,0,0
2020-04-16,US,Minnesota,Jackson,1,0,0,43.67423373,-95.15398258,27063.0,1,1,0,0,1,1,9911,0,0,0,0,0
2020-04-16,US,Minnesota,Kandiyohi,2,0,0,45.1526059,-95.00586446,27067.0,2,2,0,0,2,2,42855,0,0,0,0,0
2020-04-16,US,Minnesota,Koochiching,1,0,0,48.24539665,-93.78352843,27071.0,1,1,0,0,1,1,12440,0,0,0,0,0
2020-04-16,US,Minnesota,Lac qui Parle,1,0,0,44.9973857,-96.17488219,27073.0,1,1,0,0,1,1,6658,0,0,0,0,0
2020-04-16,US,Minnesota,Le Sueur,21,0,0,44.37136597,-93.72844721,27079.0,21,21,0,0,21,21,28494,0,0,0,0,0
2020-04-16,US,Minnesota,Lincoln,2,0,0,44.41311883,-96.26688165,27081.0,2,2,0,0,2,2,5673,0,0,0,0,0
2020-04-16,US,Minnesota,Lyon,5,0,0,44.41327865,-95.83806103,27083.0,5,5,0,0,5,5,25629,0,0,0,0,0
2020-04-16,US,Minnesota,Mahnomen,1,0,0,47.32557075,-95.80921485,27087.0,1,1,0,0,1,1,5519,0,0,0,0,0
2020-04-16,US,Minnesota,Martin,39,4,0,43.67429718,-94.55099908,27091.0,35,39,4,0,35,39,19785,0,0,0,0,0
2020-04-16,US,Minnesota,McLeod,2,0,0,44.82367677,-94.27287017,27085.0,2,2,0,0,2,2,35873,0,0,0,0,0
2020-04-16,US,Minnesota,Meeker,3,0,0,45.12328869,-94.52839455,27093.0,3,3,0,0,3,2,23141,0,0,0,0,1
2020-04-16,US,Minnesota,Mower,25,0,0,43.67142874,-92.75234549,27099.0,25,25,0,0,25,25,40011,0,0,0,0,0
2020-04-16,US,Minnesota,Murray,1,0,0,44.02216709,-95.76328482,27101.0,1,1,0,0,1,1,8276,0,0,0,0,0
2020-04-16,US,Minnesota,Nicollet,7,1,0,44.35291112,-94.24710352,27103.0,6,7,1,0,6,7,34220,0,0,0,0,0
2020-04-16,US,Minnesota,Nobles,2,0,0,43.67434621,-95.75329576,27105.0,2,2,0,0,2,3,21924,0,0,0,0,-1
2020-04-16,US,Minnesota,Norman,1,0,0,47.32628443,-96.45620947,27107.0,1,1,0,0,1,,6475,0,0,0,0,
2020-04-16,US,Minnesota,Olmsted,153,2,0,44.00374114,-92.40209944,27109.0,151,153,2,0,151,147,156277,0,0,0,0,6
2020-04-16,US,Minnesota,Otter Tail,4,0,0,46.40846929,-95.70835255,27111.0,4,4,0,0,4,4,58812,0,0,0,0,0
2020-04-16,US,Minnesota,Pine,6,0,0,46.12105238,-92.74070188,27115.0,6,6,0,0,6,6,29483,0,0,0,0,0
2020-04-16,US,Minnesota,Pipestone,1,0,0,44.02301619,-96.25841142,27117.0,1,1,0,0,1,1,9047,0,0,0,0,0
2020-04-16,US,Minnesota,Polk,1,0,0,47.77372465,-96.40134647,27119.0,1,1,0,0,1,1,31529,0,0,0,0,0
2020-04-16,US,Minnesota,Ramsey,164,7,0,45.01625271,-93.09872295,27123.0,157,164,7,0,157,153,550210,0,0,0,0,11
2020-04-16,US,Minnesota,Red Lake,1,0,0,47.87197525,-96.09561104,27125.0,1,1,0,0,1,1,3999,0,0,0,0,0
2020-04-16,US,Minnesota,Redwood,1,0,0,44.40555844,-95.25207021,27127.0,1,1,0,0,1,1,15249,0,0,0,0,0
2020-04-16,US,Minnesota,Renville,3,0,0,44.72836381,-94.94553734,27129.0,3,3,0,0,3,3,14612,0,0,0,0,0
2020-04-16,US,Minnesota,Rice,5,0,0,44.3543376,-93.29658715,27131.0,5,5,0,0,5,5,66523,0,0,0,0,0
2020-04-16,US,Minnesota,Rock,2,0,0,43.67482683,-96.25296832,27133.0,2,2,0,0,2,2,9414,0,0,0,0,0
2020-04-16,US,Minnesota,Roseau,1,0,0,48.77501878,-95.81079919,27135.0,1,1,0,0,1,1,15150,0,0,0,0,0
2020-04-16,US,Minnesota,Scott,20,1,0,44.6490231,-93.53340251,27139.0,19,20,1,0,19,20,147381,0,0,0,0,0
2020-04-16,US,Minnesota,Sherburne,11,0,0,45.44447208,-93.77617511,27141.0,11,11,0,0,11,10,96036,0,0,0,0,1
2020-04-16,US,Minnesota,Sibley,1,0,0,44.5796592,-94.23164924,27143.0,1,1,0,0,1,1,15028,0,0,0,0,0
2020-04-16,US,Minnesota,St. Louis,43,6,0,47.6048407,-92.46879855,27137.0,37,43,6,0,37,42,199754,0,0,0,0,1
2020-04-16,US,Minnesota,Stearns,7,0,0,45.55192576,-94.61078221,27145.0,7,7,0,0,7,7,159256,0,0,0,0,0
2020-04-16,US,Minnesota,Steele,9,0,0,44.02240351,-93.22627088,27147.0,9,9,0,0,9,9,36803,0,0,0,0,0
2020-04-16,US,Minnesota,Swift,1,0,0,45.2829032,-95.68264092,27151.0,1,1,0,0,1,1,9345,0,0,0,0,0
2020-04-16,US,Minnesota,Todd,2,0,0,46.06996226,-94.89785296,27153.0,2,2,0,0,2,2,24582,0,0,0,0,0
2020-04-16,US,Minnesota,Traverse,2,0,0,45.77298854,-96.47062949,27155.0,2,2,0,0,2,2,3308,0,0,0,0,0
2020-04-16,US,Minnesota,Unassigned,2,0,0,0.0,0.0,90027.0,2,2,0,0,2,35,,0,0,0,0,-33
2020-04-16,US,Minnesota,Wabasha,7,0,0,44.28424356,-92.23121312,27157.0,7,7,0,0,7,7,21645,0,0,0,0,0
2020-04-16,US,Minnesota,Waseca,3,0,0,44.02211116,-93.58720034,27161.0,3,3,0,0,3,3,18691,0,0,0,0,0
2020-04-16,US,Minnesota,Washington,88,3,0,45.03864533,-92.88429635,27163.0,85,88,3,0,85,84,259201,0,0,0,0,4
2020-04-16,US,Minnesota,Watonwan,4,0,0,43.97823903,-94.61413846,27165.0,4,4,0,0,4,4,10980,0,0,0,0,0
2020-04-16,US,Minnesota,Wilkin,7,2,0,46.35721532,-96.4684375,27167.0,5,7,2,0,5,7,6254,0,0,0,0,0
2020-04-16,US,Minnesota,Winona,51,6,0,43.98772283,-91.78081305,27169.0,45,51,6,0,45,30,50825,0,0,0,0,21
2020-04-16,US,Minnesota,Wright,21,1,0,45.17297924,-93.96234781,27171.0,20,21,1,0,20,19,136349,0,0,0,0,2
2020-04-16,US,Minnesota,Yellow Medicine,3,0,0,44.71710183,-95.86842453,27173.0,3,3,0,0,3,3,9795,0,0,0,0,0
2020-04-16,US,Mississippi,Adams,70,4,0,31.47669768,-91.35326037,28001.0,66,64,3,0,61,62,31192,6,1,0,5,2
2020-04-16,US,Mississippi,Alcorn,7,0,0,34.88084463,-88.57996173,28003.0,7,7,0,0,7,7,36925,0,0,0,0,0
2020-04-16,US,Mississippi,Amite,16,1,0,31.17467303,-90.80501621,28005.0,15,15,1,0,14,14,12326,1,0,0,1,1
2020-04-16,US,Mississippi,Attala,28,0,0,33.08658803,-89.57838564,28007.0,28,25,0,0,25,22,18365,3,0,0,3,3
2020-04-16,US,Mississippi,Benton,5,0,0,34.81681228,-89.18945516,28009.0,5,5,0,0,5,5,8271,0,0,0,0,0
2020-04-16,US,Mississippi,Bolivar,74,5,0,33.79696941,-90.87372121,28011.0,69,70,5,0,65,69,31333,4,0,0,4,1
2020-04-16,US,Mississippi,Calhoun,30,2,0,33.93683395,-89.33686647,28013.0,28,27,2,0,25,25,14436,3,0,0,3,2
2020-04-16,US,Mississippi,Carroll,9,1,0,33.44834567,-89.91994479,28015.0,8,9,0,0,9,8,9911,0,1,0,-1,1
2020-04-16,US,Mississippi,Chickasaw,37,2,0,33.91983202,-88.9481545,28017.0,35,33,2,0,31,32,17171,4,0,0,4,1
2020-04-16,US,Mississippi,Choctaw,11,1,0,33.34598242,-89.24809382,28019.0,10,11,1,0,10,11,8278,0,0,0,0,0
2020-04-16,US,Mississippi,Claiborne,8,0,0,31.97061673,-90.90702196,28021.0,8,8,0,0,8,6,9002,0,0,0,0,2
2020-04-16,US,Mississippi,Clarke,20,1,0,32.04158545,-88.68896219999998,28023.0,19,19,1,0,18,15,15604,1,0,0,1,4
2020-04-16,US,Mississippi,Clay,21,0,0,33.65358105,-88.77784255,28025.0,21,21,0,0,21,20,19386,0,0,0,0,1
2020-04-16,US,Mississippi,Coahoma,45,1,0,34.22772299,-90.60415045,28027.0,44,43,1,0,42,39,22628,2,0,0,2,4
2020-04-16,US,Mississippi,Copiah,39,1,0,31.86977774,-90.44565118,28029.0,38,35,0,0,35,31,28543,4,1,0,3,4
2020-04-16,US,Mississippi,Covington,19,0,0,31.63225413,-89.55389939,28031.0,19,19,0,0,19,15,18853,0,0,0,0,4
2020-04-16,US,Mississippi,DeSoto,211,3,0,34.87625235,-89.99091418,28033.0,208,199,3,0,196,188,182001,12,0,0,12,11
2020-04-16,US,Mississippi,Forrest,134,2,0,31.18961454,-89.25832496,28035.0,132,122,2,0,120,114,75036,12,0,0,12,8
2020-04-16,US,Mississippi,Franklin,14,0,0,31.47786634,-90.89672989,28037.0,14,10,0,0,10,10,7788,4,0,0,4,0
2020-04-16,US,Mississippi,George,8,0,0,30.86259065,-88.64436789,28039.0,8,8,0,0,8,10,24250,0,0,0,0,-2
2020-04-16,US,Mississippi,Greene,3,0,0,31.21444233,-88.63922281,28041.0,3,3,0,0,3,2,13586,0,0,0,0,1
2020-04-16,US,Mississippi,Grenada,14,0,0,33.77036166,-89.80245083,28043.0,14,14,0,0,14,13,21055,0,0,0,0,1
2020-04-16,US,Mississippi,Hancock,50,5,0,30.41830223,-89.48851033,28045.0,45,49,5,0,44,46,47334,1,0,0,1,3
2020-04-16,US,Mississippi,Harrison,134,5,0,30.51359752,-89.12467576,28047.0,129,129,5,0,124,121,206650,5,0,0,5,8
2020-04-16,US,Mississippi,Hinds,301,4,0,32.2656285,-90.44435448,28049.0,297,280,4,0,276,263,237085,21,0,0,21,17
2020-04-16,US,Mississippi,Holmes,53,3,0,33.12345854,-90.08923538,28051.0,50,52,3,0,49,47,17622,1,0,0,1,5
2020-04-16,US,Mississippi,Humphreys,12,3,0,33.12825718,-90.52252707,28053.0,9,12,2,0,10,11,8257,0,1,0,-1,1
2020-04-16,US,Mississippi,Itawamba,13,0,0,34.27993475,-88.3606733,28057.0,13,11,0,0,11,9,23517,2,0,0,2,2
2020-04-16,US,Mississippi,Jackson,189,5,0,30.54020656,-88.64184064,28059.0,184,182,5,0,177,157,143277,7,0,0,7,25
2020-04-16,US,Mississippi,Jasper,19,0,0,32.01922104,-89.11786866,28061.0,19,15,0,0,15,14,16428,4,0,0,4,1
2020-04-16,US,Mississippi,Jefferson,4,0,0,31.73397872,-91.03764977,28063.0,4,4,0,0,4,4,7106,0,0,0,0,0
2020-04-16,US,Mississippi,Jefferson Davis,7,1,0,31.56884708,-89.82670990000004,28065.0,6,7,1,0,6,6,11234,0,0,0,0,1
2020-04-16,US,Mississippi,Jones,48,0,0,31.62257767,-89.16896899999998,28067.0,48,42,0,0,42,40,68461,6,0,0,6,2
2020-04-16,US,Mississippi,Kemper,16,0,0,32.75462946,-88.64105766,28069.0,16,15,0,0,15,14,10027,1,0,0,1,1
2020-04-16,US,Mississippi,Lafayette,39,2,0,34.35687874,-89.48490961,28071.0,37,36,2,0,34,33,54793,3,0,0,3,3
2020-04-16,US,Mississippi,Lamar,56,1,0,31.20572971,-89.5077704,28073.0,55,48,1,0,47,46,62447,8,0,0,8,2
2020-04-16,US,Mississippi,Lauderdale,174,12,0,32.40419769,-88.66229662,28075.0,162,165,12,0,153,156,75317,9,0,0,9,9
2020-04-16,US,Mississippi,Lawrence,10,0,0,31.55147224,-90.10841127,28077.0,10,7,0,0,7,7,12455,3,0,0,3,0
2020-04-16,US,Mississippi,Leake,50,1,0,32.7536828,-89.52402044,28079.0,49,40,1,0,39,32,22763,10,0,0,10,8
2020-04-16,US,Mississippi,Lee,48,4,0,34.291877500000005,-88.68149954,28081.0,44,46,4,0,42,46,85202,2,0,0,2,0
2020-04-16,US,Mississippi,Leflore,62,6,0,33.55545125,-90.29900733,28083.0,56,55,6,0,49,52,28919,7,0,0,7,3
2020-04-16,US,Mississippi,Lincoln,86,6,0,31.53288662,-90.45391915,28085.0,80,81,4,0,77,56,34205,5,2,0,3,25
2020-04-16,US,Mississippi,Lowndes,30,0,0,33.47386518,-88.44191529999998,28087.0,30,27,0,0,27,25,58930,3,0,0,3,2
2020-04-16,US,Mississippi,Madison,116,3,0,32.63389156,-90.03513564,28089.0,113,112,3,0,109,108,105630,4,0,0,4,4
2020-04-16,US,Mississippi,Marion,35,0,0,31.23132643,-89.8209217,28091.0,35,34,0,0,34,25,24715,1,0,0,1,9
2020-04-16,US,Mississippi,Marshall,37,2,0,34.76216286,-89.50299462,28093.0,35,35,2,0,33,34,35451,2,0,0,2,1
2020-04-16,US,Mississippi,Monroe,54,3,0,33.89236763,-88.4808438,28095.0,51,46,2,0,44,38,35564,8,1,0,7,8
2020-04-16,US,Mississippi,Montgomery,15,1,0,33.49419589,-89.61729103,28097.0,14,15,1,0,14,15,10023,0,0,0,0,0
2020-04-16,US,Mississippi,Neshoba,39,1,0,32.75339664,-89.11726492,28099.0,38,35,1,0,34,33,29125,4,0,0,4,2
2020-04-16,US,Mississippi,Newton,16,0,0,32.40021118,-89.11843336,28101.0,16,14,0,0,14,14,21443,2,0,0,2,0
2020-04-16,US,Mississippi,Noxubee,18,0,0,33.11009499,-88.56949061,28103.0,18,10,0,0,10,6,10535,8,0,0,8,4
2020-04-16,US,Mississippi,Oktibbeha,42,1,0,33.42491685,-88.87905132,28105.0,41,41,1,0,40,37,49599,1,0,0,1,4
2020-04-16,US,Mississippi,Panola,27,2,0,34.36398677,-89.95064249,28107.0,25,26,2,0,24,26,34178,1,0,0,1,0
2020-04-16,US,Mississippi,Pearl River,112,8,0,30.77090935,-89.58677275,28109.0,104,102,8,0,94,93,55387,10,0,0,10,9
2020-04-16,US,Mississippi,Perry,20,1,0,31.17161885,-88.99281835,28111.0,19,20,1,0,19,20,11931,0,0,0,0,0
2020-04-16,US,Mississippi,Pike,82,2,0,31.17507789,-90.40392572,28113.0,80,72,2,0,70,62,39563,10,0,0,10,10
2020-04-16,US,Mississippi,Pontotoc,16,2,0,34.226046000000004,-89.03636807,28115.0,14,15,2,0,13,15,31833,1,0,0,1,0
2020-04-16,US,Mississippi,Prentiss,15,0,0,34.61810501,-88.51986294,28117.0,15,15,0,0,15,14,25315,0,0,0,0,1
2020-04-16,US,Mississippi,Quitman,13,0,0,34.25157572,-90.28908,28119.0,13,13,0,0,13,12,7051,0,0,0,0,1
2020-04-16,US,Mississippi,Rankin,122,2,0,32.26469147,-89.94537876,28121.0,120,113,2,0,111,105,153902,9,0,0,9,8
2020-04-16,US,Mississippi,Scott,100,0,0,32.406704100000006,-89.53789439,28123.0,100,79,0,0,79,62,28287,21,0,0,21,17
2020-04-16,US,Mississippi,Sharkey,3,0,0,32.88149103,-90.8159538,28125.0,3,3,0,0,3,3,4377,0,0,0,0,0
2020-04-16,US,Mississippi,Simpson,13,0,0,31.91282117,-89.91716179,28127.0,13,12,0,0,12,7,26758,1,0,0,1,5
2020-04-16,US,Mississippi,Smith,37,1,0,32.01744532,-89.50644846,28129.0,36,36,1,0,35,30,16002,1,0,0,1,6
2020-04-16,US,Mississippi,Stone,16,0,0,30.79187949,-89.11547539,28131.0,16,15,0,0,15,14,18717,1,0,0,1,1
2020-04-16,US,Mississippi,Sunflower,43,2,0,33.60192578,-90.58882684,28133.0,41,42,2,0,40,41,25735,1,0,0,1,1
2020-04-16,US,Mississippi,Tallahatchie,7,0,0,33.95339918,-90.1729398,28135.0,7,6,0,0,6,4,13987,1,0,0,1,2
2020-04-16,US,Mississippi,Tate,27,0,0,34.65133709,-89.94485778,28137.0,27,26,0,0,26,25,28759,1,0,0,1,1
2020-04-16,US,Mississippi,Tippah,45,6,0,34.76872156,-88.90988194,28139.0,39,45,6,0,39,45,21995,0,0,0,0,0
2020-04-16,US,Mississippi,Tishomingo,2,0,0,34.74023475,-88.23917219,28141.0,2,2,0,0,2,2,19454,0,0,0,0,0
2020-04-16,US,Mississippi,Tunica,26,1,0,34.64967704,-90.37481167,28143.0,25,23,1,0,22,23,9944,3,0,0,3,0
2020-04-16,US,Mississippi,Union,9,1,0,34.49162015,-89.00776006,28145.0,8,9,1,0,8,8,28606,0,0,0,0,1
2020-04-16,US,Mississippi,Walthall,22,0,0,31.14971548,-90.10446654,28147.0,22,22,0,0,22,22,14465,0,0,0,0,0
2020-04-16,US,Mississippi,Warren,16,1,0,32.35810271,-90.83352619,28149.0,15,15,1,0,14,14,46176,1,0,0,1,1
2020-04-16,US,Mississippi,Washington,67,2,0,33.28392041,-90.94196237,28151.0,65,62,2,0,60,57,45063,5,0,0,5,5
2020-04-16,US,Mississippi,Wayne,10,0,0,31.64135687,-88.69573913,28153.0,10,9,0,0,9,9,20298,1,0,0,1,0
2020-04-16,US,Mississippi,Webster,15,1,0,33.61300486,-89.28392912,28155.0,14,14,1,0,13,14,9788,1,0,0,1,0
2020-04-16,US,Mississippi,Wilkinson,53,3,0,31.16078225,-91.31018819,28157.0,50,51,3,0,48,49,8792,2,0,0,2,2
2020-04-16,US,Mississippi,Winston,24,0,0,33.08747908,-89.03391385,28159.0,24,22,0,0,22,20,18165,2,0,0,2,2
2020-04-16,US,Mississippi,Yalobusha,14,0,0,34.02824175,-89.70762049999998,28161.0,14,14,0,0,14,14,12392,0,0,0,0,0
2020-04-16,US,Mississippi,Yazoo,72,1,0,32.77890365,-90.39656148,28163.0,71,65,1,0,64,64,28248,7,0,0,7,1
2020-04-16,US,Missouri,Adair,12,0,0,40.19058551,-92.60078167,29001.0,12,12,0,0,12,12,25339,0,0,0,0,0
2020-04-16,US,Missouri,Andrew,1,0,0,39.98492163,-94.80163024,29003.0,1,1,0,0,1,1,17607,0,0,0,0,0
2020-04-16,US,Missouri,Atchison,2,0,0,40.43238737,-95.42970639,29005.0,2,2,0,0,2,2,5171,0,0,0,0,0
2020-04-16,US,Missouri,Barry,3,0,0,36.70978521,-93.82919888,29009.0,3,2,0,0,2,2,35886,1,0,0,1,0
2020-04-16,US,Missouri,Bates,6,1,0,38.25271289,-94.34113157,29013.0,5,6,1,0,5,6,16320,0,0,0,0,0
2020-04-16,US,Missouri,Benton,3,0,0,38.29503305,-93.28756116,29015.0,3,3,0,0,3,3,19278,0,0,0,0,0
2020-04-16,US,Missouri,Bollinger,3,0,0,37.32449052,-90.02725304,29017.0,3,3,0,0,3,3,12169,0,0,0,0,0
2020-04-16,US,Missouri,Boone,92,1,0,38.99186229,-92.30723575,29019.0,91,87,1,0,86,87,180005,5,0,0,5,0
2020-04-16,US,Missouri,Buchanan,26,1,0,39.65816401,-94.80138942,29021.0,25,22,1,0,21,22,88571,4,0,0,4,0
2020-04-16,US,Missouri,Butler,21,0,0,36.71462476,-90.40421163,29023.0,21,16,0,0,16,16,42639,5,0,0,5,0
2020-04-16,US,Missouri,Caldwell,2,0,0,39.65620858,-93.98308093,29025.0,2,1,0,0,1,1,9108,1,0,0,1,0
2020-04-16,US,Missouri,Callaway,20,1,0,38.83674754,-91.92186505,29027.0,19,20,1,0,19,20,44889,0,0,0,0,0
2020-04-16,US,Missouri,Camden,31,1,0,38.02199522,-92.76083747,29029.0,30,26,1,0,25,26,45815,5,0,0,5,0
2020-04-16,US,Missouri,Cape Girardeau,33,1,0,37.38489388,-89.6843587,29031.0,32,30,1,0,29,30,78753,3,0,0,3,0
2020-04-16,US,Missouri,Carter,3,1,0,36.94160441,-90.96051322,29035.0,2,3,1,0,2,3,6054,0,0,0,0,0
2020-04-16,US,Missouri,Cass,47,4,0,38.64789422,-94.353399,29037.0,43,45,4,0,41,45,104954,2,0,0,2,0
2020-04-16,US,Missouri,Cedar,5,0,0,37.72391475,-93.85445441,29039.0,5,5,0,0,5,5,14165,0,0,0,0,0
2020-04-16,US,Missouri,Chariton,4,0,0,39.51499357,-92.9629191,29041.0,4,4,0,0,4,4,7451,0,0,0,0,0
2020-04-16,US,Missouri,Christian,19,0,0,36.9711783,-93.18537118,29043.0,19,19,0,0,19,19,86983,0,0,0,0,0
2020-04-16,US,Missouri,Clark,1,0,0,40.41040752,-91.73661677,29045.0,1,1,0,0,1,1,6842,0,0,0,0,0
2020-04-16,US,Missouri,Clay,52,2,0,39.31132056,-94.41850862,29047.0,50,51,2,0,49,51,246365,1,0,0,1,0
2020-04-16,US,Missouri,Clinton,11,0,0,39.6013098,-94.40465394,29049.0,11,11,0,0,11,11,20470,0,0,0,0,0
2020-04-16,US,Missouri,Cole,41,1,0,38.50455671,-92.27860244,29051.0,40,38,1,0,37,38,76796,3,0,0,3,0
2020-04-16,US,Missouri,Cooper,4,0,0,38.844478,-92.80896081,29053.0,4,4,0,0,4,4,17603,0,0,0,0,0
2020-04-16,US,Missouri,Crawford,5,0,0,37.97663738,-91.30528104,29055.0,5,5,0,0,5,5,23957,0,0,0,0,0
2020-04-16,US,Missouri,Dallas,2,0,0,37.6811355,-93.02127031,29059.0,2,2,0,0,2,2,16762,0,0,0,0,0
2020-04-16,US,Missouri,DeKalb,3,0,0,39.89201062,-94.40476508,29063.0,3,3,0,0,3,3,12630,0,0,0,0,0
2020-04-16,US,Missouri,Dunklin,18,0,0,36.27167174,-90.09122243,29069.0,18,17,0,0,17,16,29423,1,0,0,1,1
2020-04-16,US,Missouri,Franklin,89,4,0,38.41127108,-91.07522826,29071.0,85,87,4,0,83,87,103670,2,0,0,2,0
2020-04-16,US,Missouri,Gasconade,2,0,0,38.43947277,-91.50847147,29073.0,2,2,0,0,2,2,14705,0,0,0,0,0
2020-04-16,US,Missouri,Gentry,1,0,0,40.21097916,-94.40944419,29075.0,1,1,0,0,1,1,6628,0,0,0,0,0
2020-04-16,US,Missouri,Greene,81,8,0,37.2575872,-93.34230916,29077.0,73,80,8,0,72,80,291923,1,0,0,1,0
2020-04-16,US,Missouri,Harrison,6,0,0,40.35570088,-93.99222144,29081.0,6,6,0,0,6,6,8414,0,0,0,0,0
2020-04-16,US,Missouri,Henry,6,1,0,38.38482826,-93.79293734,29083.0,5,5,1,0,4,5,21792,1,0,0,1,0
2020-04-16,US,Missouri,Holt,1,0,0,40.09799248,-95.2163888,29087.0,1,,,,,,4404,,,,,
2020-04-16,US,Missouri,Howard,2,0,0,39.1435761,-92.69756691,29089.0,2,2,0,0,2,2,10137,0,0,0,0,0
2020-04-16,US,Missouri,Howell,5,0,0,36.77383887,-91.88683935,29091.0,5,4,0,0,4,4,40076,1,0,0,1,0
2020-04-16,US,Missouri,Iron,1,0,0,37.55487945,-90.7735296,29093.0,1,1,0,0,1,1,10177,0,0,0,0,0
2020-04-16,US,Missouri,Jackson,260,10,0,39.01002188,-94.34724536,29095.0,250,237,9,0,228,237,700307,23,1,0,22,0
2020-04-16,US,Missouri,Jasper,28,0,0,37.20351921,-94.34050458,29097.0,28,27,0,0,27,27,120636,1,0,0,1,0
2020-04-16,US,Missouri,Jefferson,155,3,0,38.25926778,-90.53870896,29099.0,152,139,3,0,136,139,224347,16,0,0,16,0
2020-04-16,US,Missouri,Johnson,45,0,0,38.74719601,-93.80691168,29101.0,45,45,0,0,45,45,53652,0,0,0,0,0
2020-04-16,US,Missouri,Kansas City,386,12,0,39.0997,-94.5786,0.0,374,351,12,0,339,346,491918,35,0,0,35,5
2020-04-16,US,Missouri,Lafayette,29,1,0,39.06986886,-93.78076396,29107.0,28,28,1,0,27,28,32598,1,0,0,1,0
2020-04-16,US,Missouri,Lincoln,35,1,0,39.05345619,-90.95588181,29113.0,34,35,1,0,34,33,57686,0,0,0,0,2
2020-04-16,US,Missouri,Linn,5,1,0,39.87001769,-93.10704106,29115.0,4,5,1,0,4,5,12037,0,0,0,0,0
2020-04-16,US,Missouri,Livingston,2,0,0,39.78110272,-93.54645978,29117.0,2,2,0,0,2,2,15146,0,0,0,0,0
2020-04-16,US,Missouri,Macon,2,0,0,39.83049768,-92.56453089,29121.0,2,2,0,0,2,2,15153,0,0,0,0,0
2020-04-16,US,Missouri,Madison,1,0,0,37.47865134,-90.3467143,29123.0,1,1,0,0,1,1,12188,0,0,0,0,0
2020-04-16,US,Missouri,Maries,2,0,0,38.16193985,-91.92249662,29125.0,2,2,0,0,2,2,8769,0,0,0,0,0
2020-04-16,US,Missouri,McDonald,4,0,0,36.62869595,-94.34867205,29119.0,4,4,0,0,4,4,23078,0,0,0,0,0
2020-04-16,US,Missouri,Moniteau,12,0,0,38.63571781,-92.57976951,29135.0,12,4,0,0,4,4,16121,8,0,0,8,0
2020-04-16,US,Missouri,Montgomery,6,0,0,38.94022054,-91.47000721,29139.0,6,6,0,0,6,6,11534,0,0,0,0,0
2020-04-16,US,Missouri,Morgan,2,0,0,38.4181765,-92.88791859,29141.0,2,1,0,0,1,1,20358,1,0,0,1,0
2020-04-16,US,Missouri,New Madrid,8,0,0,36.59666326,-89.66070007,29143.0,8,8,0,0,8,8,17296,0,0,0,0,0
2020-04-16,US,Missouri,Newton,9,0,0,36.90519407,-94.3394104,29145.0,9,9,0,0,9,9,58266,0,0,0,0,0
2020-04-16,US,Missouri,Nodaway,3,0,0,40.36079813,-94.88133008,29147.0,3,3,0,0,3,3,22304,0,0,0,0,0
2020-04-16,US,Missouri,Oregon,1,0,0,36.68710164,-91.4033755,29149.0,1,1,0,0,1,1,10541,0,0,0,0,0
2020-04-16,US,Missouri,Osage,4,0,0,38.46036182,-91.8613635,29151.0,4,4,0,0,4,4,13714,0,0,0,0,0
2020-04-16,US,Missouri,Pemiscot,11,0,0,36.2130572,-89.78742322,29155.0,11,8,0,0,8,8,16272,3,0,0,3,0
2020-04-16,US,Missouri,Perry,41,0,0,37.70660776,-89.82741088,29157.0,41,38,0,0,38,38,19150,3,0,0,3,0
2020-04-16,US,Missouri,Pettis,8,0,0,38.72798918,-93.28471706,29159.0,8,3,0,0,3,3,42542,5,0,0,5,0
2020-04-16,US,Missouri,Phelps,1,0,0,37.87736118,-91.79351727,29161.0,1,1,0,0,1,1,44732,0,0,0,0,0
2020-04-16,US,Missouri,Pike,6,0,0,39.34310674,-91.16980779,29163.0,6,6,0,0,6,6,18504,0,0,0,0,0
2020-04-16,US,Missouri,Platte,27,0,0,39.38154439,-94.77068479,29165.0,27,26,0,0,26,26,102985,1,0,0,1,0
2020-04-16,US,Missouri,Polk,1,0,0,37.6162296,-93.39828174,29167.0,1,1,0,0,1,1,32201,0,0,0,0,0
2020-04-16,US,Missouri,Pulaski,18,1,0,37.82462075,-92.20783203,29169.0,17,16,1,0,15,12,52014,2,0,0,2,4
2020-04-16,US,Missouri,Ralls,1,0,0,39.52817427,-91.51838643,29173.0,1,1,0,0,1,1,10212,0,0,0,0,0
2020-04-16,US,Missouri,Randolph,8,0,0,39.44007257,-92.4971374,29175.0,8,8,0,0,8,8,24763,0,0,0,0,0
2020-04-16,US,Missouri,Ray,7,0,0,39.3537468,-93.98905745,29177.0,7,7,0,0,7,7,22883,0,0,0,0,0
2020-04-16,US,Missouri,Reynolds,2,0,0,37.36085952,-90.97009925,29179.0,2,2,0,0,2,2,6254,0,0,0,0,0
2020-04-16,US,Missouri,Ripley,3,0,0,36.65460667,-90.85990261,29181.0,3,3,0,0,3,3,13401,0,0,0,0,0
2020-04-16,US,Missouri,Saline,51,0,0,39.13734288,-93.20259964,29195.0,51,35,0,0,35,35,22895,16,0,0,16,0
2020-04-16,US,Missouri,Scotland,4,0,0,40.45214695,-92.14709064,29199.0,4,3,0,0,3,3,4966,1,0,0,1,0
2020-04-16,US,Missouri,Scott,41,0,0,37.05588075,-89.56474493,29201.0,41,26,0,0,26,25,38458,15,0,0,15,1
2020-04-16,US,Missouri,Shelby,1,0,0,39.79742518,-92.07634971,29205.0,1,1,0,0,1,1,6050,0,0,0,0,0
2020-04-16,US,Missouri,St. Charles,416,17,0,38.77875681,-90.66662425,29183.0,399,400,16,0,384,384,399182,16,1,0,15,16
2020-04-16,US,Missouri,St. Clair,2,0,0,38.03699437,-93.77631447,29185.0,2,2,0,0,2,2,9395,0,0,0,0,0
2020-04-16,US,Missouri,St. Francois,23,1,0,37.81214171,-90.47598685,29187.0,22,23,1,0,22,23,66692,0,0,0,0,0
2020-04-16,US,Missouri,St. Louis,2026,66,0,38.63770039999999,-90.4458375,29189.0,1960,1851,53,0,1798,1851,996945,175,13,0,162,0
2020-04-16,US,Missouri,St. Louis City,743,27,0,38.63555736,-90.24349225,29510.0,716,723,26,0,697,706,302838,20,1,0,19,17
2020-04-16,US,Missouri,Ste. Genevieve,7,1,0,37.89090059,-90.1949941,29186.0,6,7,1,0,6,7,17888,0,0,0,0,0
2020-04-16,US,Missouri,Stoddard,13,0,0,36.85571651,-89.9444155,29207.0,13,12,0,0,12,12,29206,1,0,0,1,0
2020-04-16,US,Missouri,Stone,3,0,0,36.75000327,-93.45256475,29209.0,3,3,0,0,3,3,31749,0,0,0,0,0
2020-04-16,US,Missouri,Taney,8,1,0,36.65465345,-93.04075153,29213.0,7,8,1,0,7,8,55852,0,0,0,0,0
2020-04-16,US,Missouri,Vernon,4,0,0,37.8457799,-94.34127305,29217.0,4,3,0,0,3,3,20528,1,0,0,1,0
2020-04-16,US,Missouri,Warren,17,0,0,38.76529479,-91.16124662,29219.0,17,17,0,0,17,17,34711,0,0,0,0,0
2020-04-16,US,Missouri,Washington,3,0,0,37.96130078,-90.87948158,29221.0,3,1,0,0,1,1,24943,2,0,0,2,0
2020-04-16,US,Missouri,Webster,5,0,0,37.2813734,-92.876329,29225.0,5,5,0,0,5,5,39109,0,0,0,0,0
2020-04-16,US,Missouri,Worth,1,0,0,40.47945588,-94.42328751,29227.0,1,1,0,0,1,1,2040,0,0,0,0,0
2020-04-16,US,Missouri,Wright,9,0,0,37.27029221,-92.46914488,29229.0,9,9,0,0,9,9,18378,0,0,0,0,0
2020-04-16,US,Montana,Beaverhead,1,0,0,45.13434354,-112.8984694,30001.0,1,1,0,0,1,1,9404,0,0,0,0,0
2020-04-16,US,Montana,Big Horn,3,0,0,45.42335905,-107.492347,30003.0,3,2,0,0,2,2,13338,1,0,0,1,0
2020-04-16,US,Montana,Broadwater,4,0,0,46.33277565,-111.4955813,30007.0,4,4,0,0,4,4,6085,0,0,0,0,0
2020-04-16,US,Montana,Carbon,6,0,0,45.22850116,-109.0274047,30009.0,6,6,0,0,6,6,10714,0,0,0,0,0
2020-04-16,US,Montana,Cascade,13,0,0,47.30797024,-111.3467922,30013.0,13,13,0,0,13,13,81643,0,0,0,0,0
2020-04-16,US,Montana,Deer Lodge,3,0,0,46.05953325,-113.073353,30023.0,3,3,0,0,3,3,9131,0,0,0,0,0
2020-04-16,US,Montana,Flathead,37,1,0,48.29575866,-114.0520569,30029.0,36,37,1,0,36,36,102106,0,0,0,0,1
2020-04-16,US,Montana,Gallatin,141,0,0,45.54486106,-111.1692571,30031.0,141,139,0,0,139,138,111876,2,0,0,2,1
2020-04-16,US,Montana,Glacier,4,0,0,48.70513576,-112.9934235,30035.0,4,4,0,0,4,4,13747,0,0,0,0,0
2020-04-16,US,Montana,Golden Valley,1,0,0,46.3816474,-109.1768522,30037.0,1,1,0,0,1,1,826,0,0,0,0,0
2020-04-16,US,Montana,Hill,1,0,0,48.62879827,-110.1129252,30041.0,1,1,0,0,1,1,16347,0,0,0,0,0
2020-04-16,US,Montana,Jefferson,2,0,0,46.14907081,-112.094396,30043.0,2,2,0,0,2,2,12097,0,0,0,0,0
2020-04-16,US,Montana,Lake,5,0,0,47.64514965,-114.0898013,30047.0,5,5,0,0,5,5,30250,0,0,0,0,0
2020-04-16,US,Montana,Lewis and Clark,16,0,0,47.12610041,-112.394698,30049.0,16,16,0,0,16,16,68700,0,0,0,0,0
2020-04-16,US,Montana,Liberty,1,0,0,48.56084317,-111.024307,30051.0,1,1,0,0,1,1,2430,0,0,0,0,0
2020-04-16,US,Montana,Lincoln,7,1,0,48.54265777,-115.4046155,30053.0,6,7,1,0,6,7,19794,0,0,0,0,0
2020-04-16,US,Montana,Madison,8,1,0,45.30080065,-111.9173017,30057.0,7,8,1,0,7,8,8768,0,0,0,0,0
2020-04-16,US,Montana,Meagher,1,0,0,46.59907074,-110.8898557,30059.0,1,1,0,0,1,1,1866,0,0,0,0,0
2020-04-16,US,Montana,Missoula,33,1,0,47.03728583,-113.92135079999998,30063.0,32,30,1,0,29,30,118791,3,0,0,3,0
2020-04-16,US,Montana,Musselshell,3,0,0,46.49684637,-108.39498,30065.0,3,1,0,0,1,1,4651,2,0,0,2,0
2020-04-16,US,Montana,Park,7,0,0,45.48965095,-110.52643940000002,30067.0,7,7,0,0,7,7,16736,0,0,0,0,0
2020-04-16,US,Montana,Pondera,1,0,0,48.22773388,-112.2252703,30073.0,1,1,0,0,1,,5972,0,0,0,0,
2020-04-16,US,Montana,Ravalli,5,0,0,46.08520862,-114.11891640000002,30081.0,5,5,0,0,5,5,43172,0,0,0,0,0
2020-04-16,US,Montana,Richland,3,0,0,47.78668011,-104.5610786,30083.0,3,3,0,0,3,3,10913,0,0,0,0,0
2020-04-16,US,Montana,Roosevelt,4,0,0,48.29607488,-105.0079268,30085.0,4,4,0,0,4,3,11059,0,0,0,0,1
2020-04-16,US,Montana,Silver Bow,11,0,0,45.90018933,-112.6620092,30093.0,11,11,0,0,11,11,34993,0,0,0,0,0
2020-04-16,US,Montana,Stillwater,1,0,0,45.67071407,-109.3950061,30095.0,1,1,0,0,1,1,9534,0,0,0,0,0
2020-04-16,US,Montana,Toole,26,3,0,48.65577551,-111.6942414,30101.0,23,26,3,0,23,26,4853,0,0,0,0,0
2020-04-16,US,Montana,Yellowstone,67,0,0,45.93955949,-108.2691486,30111.0,67,64,0,0,64,63,160137,3,0,0,3,1
2020-04-16,US,Nebraska,Adams,65,0,0,40.52449420000001,-98.50117804,31001.0,65,62,0,0,62,62,31511,3,0,0,3,0
2020-04-16,US,Nebraska,Antelope,1,0,0,42.17695516,-98.0666283,31003.0,1,1,0,0,1,1,6336,0,0,0,0,0
2020-04-16,US,Nebraska,Box Butte,1,0,0,42.22079243,-103.0878834,31013.0,1,1,0,0,1,1,10772,0,0,0,0,0
2020-04-16,US,Nebraska,Buffalo,42,1,0,40.85486962,-99.07500296,31019.0,41,38,1,0,37,38,49615,4,0,0,4,0
2020-04-16,US,Nebraska,Burt,1,0,0,41.85056773,-96.32605633,31021.0,1,1,0,0,1,1,6488,0,0,0,0,0
2020-04-16,US,Nebraska,Cass,3,0,0,40.90899107,-96.13971217,31025.0,3,3,0,0,3,3,26159,0,0,0,0,0
2020-04-16,US,Nebraska,Cherry,1,0,0,42.54502621,-101.1244332,31031.0,1,1,0,0,1,1,5761,0,0,0,0,0
2020-04-16,US,Nebraska,Cheyenne,3,0,0,41.21999357,-102.9941693,31033.0,3,2,0,0,2,2,9310,1,0,0,1,0
2020-04-16,US,Nebraska,Clay,2,0,0,40.52439441,-98.05126296,31035.0,2,2,0,0,2,2,6214,0,0,0,0,0
2020-04-16,US,Nebraska,Colfax,4,0,0,41.57486951,-97.0868542,31037.0,4,4,0,0,4,4,10881,0,0,0,0,0
2020-04-16,US,Nebraska,Cuming,2,0,0,41.91637624,-96.78730772,31039.0,2,2,0,0,2,2,8940,0,0,0,0,0
2020-04-16,US,Nebraska,Custer,19,0,0,41.39374521,-99.72805369,31041.0,19,19,0,0,19,19,10840,0,0,0,0,0
2020-04-16,US,Nebraska,Dakota,3,0,0,42.39040144,-96.56656425,31043.0,3,2,0,0,2,2,20083,1,0,0,1,0
2020-04-16,US,Nebraska,Dawson,21,0,0,40.87028216,-99.8201461,31047.0,21,18,0,0,18,18,23709,3,0,0,3,0
2020-04-16,US,Nebraska,Dodge,12,0,0,41.58071748,-96.65598179,31053.0,12,12,0,0,12,12,36791,0,0,0,0,0
2020-04-16,US,Nebraska,Douglas,259,5,0,41.29518299,-96.15085305,31055.0,254,251,5,0,246,251,566880,8,0,0,8,0
2020-04-16,US,Nebraska,Franklin,3,0,0,40.17636348,-98.95299073,31061.0,3,3,0,0,3,3,3023,0,0,0,0,0
2020-04-16,US,Nebraska,Gage,26,1,0,40.26186809,-96.68946704,31067.0,25,26,1,0,25,26,21493,0,0,0,0,0
2020-04-16,US,Nebraska,Gosper,1,0,0,40.51481965,-99.83020279,31073.0,1,1,0,0,1,1,1996,0,0,0,0,0
2020-04-16,US,Nebraska,Hall,231,4,0,40.87257079,-98.50218293,31079.0,227,214,4,0,210,214,61607,17,0,0,17,0
2020-04-16,US,Nebraska,Hamilton,14,0,0,40.87349452,-98.02099117,31081.0,14,13,0,0,13,13,9280,1,0,0,1,0
2020-04-16,US,Nebraska,Johnson,1,0,0,40.39257596,-96.26522753,31097.0,1,1,0,0,1,1,5134,0,0,0,0,0
2020-04-16,US,Nebraska,Kearney,3,0,0,40.50663314,-98.94877182,31099.0,3,3,0,0,3,3,6544,0,0,0,0,0
2020-04-16,US,Nebraska,Kimball,9,0,0,41.19774275,-103.7148131,31105.0,9,9,0,0,9,9,3618,0,0,0,0,0
2020-04-16,US,Nebraska,Knox,2,0,0,42.63758421,-97.89178836,31107.0,2,2,0,0,2,2,8419,0,0,0,0,0
2020-04-16,US,Nebraska,Lancaster,59,1,0,40.78416049,-96.68777155,31109.0,58,57,1,0,56,57,317272,2,0,0,2,0
2020-04-16,US,Nebraska,Lincoln,17,1,0,41.04658298,-100.7475374,31111.0,16,17,1,0,16,17,35185,0,0,0,0,0
2020-04-16,US,Nebraska,Madison,7,2,0,41.91676024,-97.6005481,31119.0,5,6,2,0,4,6,35392,1,0,0,1,0
2020-04-16,US,Nebraska,Merrick,5,0,0,41.16624273,-98.0374887,31121.0,5,2,0,0,2,2,7733,3,0,0,3,0
2020-04-16,US,Nebraska,Morrill,1,0,0,41.71711774,-103.0061405,31123.0,1,,,,,,4686,,,,,
2020-04-16,US,Nebraska,Nemaha,1,0,0,40.38514847,-95.85433992,31127.0,1,1,0,0,1,1,6958,0,0,0,0,0
2020-04-16,US,Nebraska,Otoe,1,0,0,40.64843556,-96.13374142,31131.0,1,1,0,0,1,1,15985,0,0,0,0,0
2020-04-16,US,Nebraska,Phelps,1,0,0,40.51156033,-99.41461667,31137.0,1,1,0,0,1,1,8996,0,0,0,0,0
2020-04-16,US,Nebraska,Pierce,1,0,0,42.26434853,-97.60122773,31139.0,1,1,0,0,1,1,7142,0,0,0,0,0
2020-04-16,US,Nebraska,Platte,6,0,0,41.57246836,-97.52144359,31141.0,6,6,0,0,6,6,33363,0,0,0,0,0
2020-04-16,US,Nebraska,Polk,3,0,0,41.18813488,-97.56630712,31143.0,3,2,0,0,2,2,5278,1,0,0,1,0
2020-04-16,US,Nebraska,Saline,1,0,0,40.52418865,-97.14085859,31151.0,1,1,0,0,1,,14350,0,0,0,0,
2020-04-16,US,Nebraska,Sarpy,46,0,0,41.11314181,-96.11156432,31153.0,46,46,0,0,46,46,184459,0,0,0,0,0
2020-04-16,US,Nebraska,Saunders,6,0,0,41.2278103,-96.63773905,31155.0,6,6,0,0,6,6,21303,0,0,0,0,0
2020-04-16,US,Nebraska,Scotts Bluff,16,0,0,41.85070896,-103.7080986,31157.0,16,14,0,0,14,14,35989,2,0,0,2,0
2020-04-16,US,Nebraska,Seward,1,0,0,40.87241834,-97.139673,31159.0,1,1,0,0,1,1,17318,0,0,0,0,0
2020-04-16,US,Nebraska,Stanton,1,0,0,41.9169835,-97.19394708,31167.0,1,1,0,0,1,1,5970,0,0,0,0,0
2020-04-16,US,Nebraska,Unassigned,23,6,0,0.0,0.0,90031.0,17,19,5,0,14,18,,4,1,0,3,1
2020-04-16,US,Nebraska,Washington,20,0,0,41.52815707,-96.22019892,31177.0,20,22,0,0,22,20,20667,-2,0,0,-2,2
2020-04-16,US,Nebraska,Wayne,1,0,0,42.20934475,-97.11926964,31179.0,1,1,0,0,1,1,9403,0,0,0,0,0
2020-04-16,US,Nebraska,Webster,1,0,0,40.17642643,-98.50019851,31181.0,1,1,0,0,1,1,3533,0,0,0,0,0
2020-04-16,US,Nebraska,York,5,0,0,40.87272618,-97.59710186,31185.0,5,4,0,0,4,4,13772,1,0,0,1,0
2020-04-16,US,Nevada,Carson City,25,0,0,39.15509045,-119.7480219,32510.0,25,25,0,0,25,23,55414,0,0,0,0,2
2020-04-16,US,Nevada,Churchill,1,0,0,39.58105744,-118.3394607,32001.0,1,,,,,,24440,,,,,
2020-04-16,US,Nevada,Clark,2559,115,0,36.21458855,-115.0130241,32003.0,2444,2559,115,0,2444,2509,2231647,0,0,0,0,50
2020-04-16,US,Nevada,Douglas,13,0,0,38.912862,-119.6171333,32005.0,13,13,0,0,13,10,48467,0,0,0,0,3
2020-04-16,US,Nevada,Elko,11,1,0,41.14531606,-115.3577619,32007.0,10,11,1,0,10,11,52460,0,0,0,0,0
2020-04-16,US,Nevada,Humboldt,20,1,0,41.40692186,-118.1109427,32013.0,19,20,1,0,19,20,16786,0,0,0,0,0
2020-04-16,US,Nevada,Lincoln,1,0,0,37.64268459,-114.8790388,32017.0,1,1,0,0,1,1,5201,0,0,0,0,0
2020-04-16,US,Nevada,Lyon,11,0,0,39.01777974,-119.1870479,32019.0,11,10,0,0,10,10,55808,1,0,0,1,0
2020-04-16,US,Nevada,Nye,19,0,0,38.04264256,-116.4722702,32023.0,19,15,0,0,15,15,45346,4,0,0,4,0
2020-04-16,US,Nevada,Unassigned,2,6,0,0.0,0.0,90032.0,-4,5,0,0,5,0,,-3,6,0,-9,5
2020-04-16,US,Nevada,Washoe,549,14,0,40.66562265,-119.6631594,32031.0,535,549,14,0,535,532,465735,0,0,0,0,17
2020-04-16,US,Nevada,White Pine,3,0,0,39.44157041,-114.899966,32033.0,3,3,0,0,3,3,9475,0,0,0,0,0
2020-04-16,US,New Hampshire,Belknap,24,0,0,43.51637314,-71.41684235,33001.0,24,24,0,0,24,24,61022,0,0,0,0,0
2020-04-16,US,New Hampshire,Carroll,29,0,0,43.87498583,-71.20430216,33003.0,29,29,0,0,29,29,48779,0,0,0,0,0
2020-04-16,US,New Hampshire,Cheshire,26,0,0,42.92015988,-72.25311043,33005.0,26,26,0,0,26,21,76493,0,0,0,0,5
2020-04-16,US,New Hampshire,Coos,2,0,0,44.69063265,-71.30633239,33007.0,2,2,0,0,2,2,31589,0,0,0,0,0
2020-04-16,US,New Hampshire,Grafton,44,0,0,43.93779815,-71.82057197,33009.0,44,44,0,0,44,45,89786,0,0,0,0,-1
2020-04-16,US,New Hampshire,Hillsborough,458,2,0,42.91537785,-71.7200253,33011.0,456,458,2,0,456,271,415247,0,0,0,0,187
2020-04-16,US,New Hampshire,Merrimack,81,0,0,43.29662971,-71.6811573,33013.0,81,81,0,0,81,75,151132,0,0,0,0,6
2020-04-16,US,New Hampshire,Rockingham,399,1,0,42.98499744,-71.12883377,33015.0,398,399,1,0,398,378,309176,0,0,0,0,21
2020-04-16,US,New Hampshire,Strafford,69,0,0,43.291833,-71.02336013,33017.0,69,69,0,0,69,69,130090,0,0,0,0,0
2020-04-16,US,New Hampshire,Sullivan,7,0,0,43.36094111,-72.22203125,33019.0,7,7,0,0,7,7,43144,0,0,0,0,0
2020-04-16,US,New Hampshire,Unassigned,0,29,0,0.0,0.0,90033.0,-29,0,29,0,-29,1,,0,0,0,0,-1
2020-04-16,US,New Jersey,Atlantic,344,13,0,39.47538693,-74.65848483,34001.0,331,322,13,0,309,284,265429,22,0,0,22,38
2020-04-16,US,New Jersey,Bergen,11409,668,0,40.96010917,-74.07164325,34003.0,10741,10848,608,0,10240,10426,936692,561,60,0,501,422
2020-04-16,US,New Jersey,Burlington,1326,52,0,39.87681124,-74.66927768,34005.0,1274,1261,45,0,1216,1207,445384,65,7,0,58,54
2020-04-16,US,New Jersey,Camden,1734,60,0,39.80343818,-74.96388753,34007.0,1674,1587,49,0,1538,1477,507078,147,11,0,136,110
2020-04-16,US,New Jersey,Cape May,186,10,0,39.15008829,-74.80170244,34009.0,176,178,10,0,168,169,92560,8,0,0,8,9
2020-04-16,US,New Jersey,Cumberland,223,3,0,39.37199394,-75.10712559,34011.0,220,210,3,0,207,201,150972,13,0,0,13,9
2020-04-16,US,New Jersey,Essex,9084,642,0,40.78681335,-74.24657979,34013.0,8442,8579,590,0,7989,8212,799767,505,52,0,453,367
2020-04-16,US,New Jersey,Gloucester,624,18,0,39.71581067,-75.13995546,34015.0,606,602,14,0,588,587,291408,22,4,0,18,15
2020-04-16,US,New Jersey,Hudson,9165,365,0,40.73766234,-74.07515667,34017.0,8800,8511,312,0,8199,8242,676061,654,53,0,601,269
2020-04-16,US,New Jersey,Hunterdon,373,15,0,40.56335249,-74.91284156,34019.0,358,356,14,0,342,349,124714,17,1,0,16,7
2020-04-16,US,New Jersey,Mercer,2037,87,0,40.28047017,-74.70479631,34021.0,1950,1856,76,0,1780,1731,369811,181,11,0,170,125
2020-04-16,US,New Jersey,Middlesex,6994,278,0,40.43629879,-74.41426991,34023.0,6716,6576,248,0,6328,6313,829685,418,30,0,388,263
2020-04-16,US,New Jersey,Monmouth,4299,190,0,40.26549699,-74.22240686,34025.0,4109,4122,167,0,3955,4003,621354,177,23,0,154,119
2020-04-16,US,New Jersey,Morris,3701,216,0,40.86095313,-74.54553709999998,34027.0,3485,3525,212,0,3313,3424,494228,176,4,0,172,101
2020-04-16,US,New Jersey,Ocean,4272,185,0,39.8895449,-74.28089251,34029.0,4087,4016,166,0,3850,3833,601651,256,19,0,237,183
2020-04-16,US,New Jersey,Passaic,7317,211,0,41.03238628,-74.29954144,34031.0,7106,6750,182,0,6568,6438,503310,567,29,0,538,312
2020-04-16,US,New Jersey,Salem,95,4,0,39.58719656,-75.34696629999998,34033.0,91,84,4,0,80,73,62607,11,0,0,11,11
2020-04-16,US,New Jersey,Somerset,2103,121,0,40.56465737,-74.61683016,34035.0,1982,2001,101,0,1900,1911,331164,102,20,0,82,90
2020-04-16,US,New Jersey,Sussex,578,43,0,41.13891592,-74.69118243,34037.0,535,551,41,0,510,535,140799,27,2,0,25,16
2020-04-16,US,New Jersey,Unassigned,1048,3,0,0.0,0.0,90034.0,1045,1189,2,0,1187,1702,,-141,1,0,-142,-513
2020-04-16,US,New Jersey,Union,7904,301,0,40.65835409,-74.30680092,34039.0,7603,7438,269,0,7169,7265,558067,466,32,0,434,173
2020-04-16,US,New Jersey,Warren,501,33,0,40.85951833,-74.99556527,34041.0,468,468,30,0,438,442,105779,33,3,0,30,26
2020-04-16,US,New Mexico,Bernalillo,477,17,0,35.05163625,-106.6703554,35001.0,460,477,17,0,460,455,678701,0,0,0,0,22
2020-04-16,US,New Mexico,Catron,1,0,0,33.91514144,-108.4046587,35003.0,1,1,0,0,1,1,3578,0,0,0,0,0
2020-04-16,US,New Mexico,Chaves,19,0,0,33.36406072,-104.4665365,35005.0,19,19,0,0,19,19,64689,0,0,0,0,0
2020-04-16,US,New Mexico,Cibola,29,1,0,34.91131525,-107.998876,35006.0,28,29,1,0,28,25,26746,0,0,0,0,4
2020-04-16,US,New Mexico,Colfax,2,0,0,36.60569702,-104.64726740000002,35007.0,2,2,0,0,2,2,12110,0,0,0,0,0
2020-04-16,US,New Mexico,Curry,10,0,0,34.57421077,-103.3468876,35009.0,10,10,0,0,10,10,49437,0,0,0,0,0
2020-04-16,US,New Mexico,Dona Ana,54,1,0,32.35275771,-106.83293870000001,35013.0,53,54,1,0,53,50,217522,0,0,0,0,4
2020-04-16,US,New Mexico,Eddy,7,1,0,32.47167456,-104.3053527,35015.0,6,7,1,0,6,7,57900,0,0,0,0,0
2020-04-16,US,New Mexico,Grant,11,0,0,32.73911281,-108.3827845,35017.0,11,11,0,0,11,10,27346,0,0,0,0,1
2020-04-16,US,New Mexico,Lea,2,0,0,32.79215361,-103.4123733,35025.0,2,2,0,0,2,2,69611,0,0,0,0,0
2020-04-16,US,New Mexico,Lincoln,1,0,0,33.74526079,-105.4586166,35027.0,1,1,0,0,1,1,19556,0,0,0,0,0
2020-04-16,US,New Mexico,Los Alamos,6,0,0,35.86631386,-106.3134985,35028.0,6,6,0,0,6,5,19101,0,0,0,0,1
2020-04-16,US,New Mexico,Luna,2,0,0,32.18179341,-107.75088259999998,35029.0,2,2,0,0,2,2,23963,0,0,0,0,0
2020-04-16,US,New Mexico,McKinley,242,2,0,35.58007720000001,-108.262245,35031.0,240,242,2,0,240,191,72290,0,0,0,0,51
2020-04-16,US,New Mexico,Otero,3,0,0,32.61348406,-105.7417604,35035.0,3,3,0,0,3,3,66781,0,0,0,0,0
2020-04-16,US,New Mexico,Quay,1,0,0,35.10403332,-103.5481727,35037.0,1,1,0,0,1,1,8253,0,0,0,0,0
2020-04-16,US,New Mexico,Rio Arriba,10,0,0,36.51072137,-106.6931674,35039.0,10,10,0,0,10,7,39006,0,0,0,0,3
2020-04-16,US,New Mexico,Roosevelt,1,0,0,34.02097406,-103.4799493,35041.0,1,1,0,0,1,1,18743,0,0,0,0,0
2020-04-16,US,New Mexico,San Juan,200,10,0,36.50838318,-108.320437,35045.0,190,200,10,0,190,173,125043,0,0,0,0,27
2020-04-16,US,New Mexico,San Miguel,2,0,0,35.48014807,-104.8163562,35047.0,2,2,0,0,2,1,27591,0,0,0,0,1
2020-04-16,US,New Mexico,Sandoval,262,4,0,35.68862401,-106.8687803,35043.0,258,262,4,0,258,244,145179,0,0,0,0,18
2020-04-16,US,New Mexico,Santa Fe,78,0,0,35.50708973,-105.9774716,35049.0,78,78,0,0,78,76,150056,0,0,0,0,2
2020-04-16,US,New Mexico,Socorro,16,0,0,34.00715494,-106.9298354,35053.0,16,16,0,0,16,14,16735,0,0,0,0,2
2020-04-16,US,New Mexico,Taos,15,0,0,36.58006022,-105.6310198,35055.0,15,15,0,0,15,15,32835,0,0,0,0,0
2020-04-16,US,New Mexico,Torrance,12,0,0,34.64048375,-105.8508949,35057.0,12,12,0,0,12,10,15591,0,0,0,0,2
2020-04-16,US,New Mexico,Valencia,21,0,0,34.71669834,-106.8103733,35061.0,21,21,0,0,21,20,76456,0,0,0,0,1
2020-04-16,US,New York,Albany,581,20,0,42.60060306,-73.97723916,36001.0,561,548,20,0,528,535,307117,33,0,0,33,13
2020-04-16,US,New York,Allegany,28,1,0,42.25748406,-78.02750466,36003.0,27,28,1,0,27,28,46430,0,0,0,0,0
2020-04-16,US,New York,Broome,167,8,0,42.15903158,-75.81326086,36007.0,159,153,8,0,145,146,191659,14,0,0,14,7
2020-04-16,US,New York,Cattaraugus,32,0,0,42.24778241,-78.67923096,36009.0,32,32,0,0,32,32,76840,0,0,0,0,0
2020-04-16,US,New York,Cayuga,36,1,0,42.91261714,-76.55731592,36011.0,35,36,1,0,35,33,77145,0,0,0,0,3
2020-04-16,US,New York,Chautauqua,24,3,0,42.22769210000001,-79.36691763,36013.0,21,24,3,0,21,23,127939,0,0,0,0,1
2020-04-16,US,New York,Chemung,70,1,0,42.13891056,-76.7638805,36015.0,69,69,1,0,68,64,84254,1,0,0,1,5
2020-04-16,US,New York,Chenango,73,0,0,42.49430041,-75.60887553,36017.0,73,71,0,0,71,68,47536,2,0,0,2,3
2020-04-16,US,New York,Clinton,46,3,0,44.74530905,-73.67875352,36019.0,43,45,3,0,42,45,80695,1,0,0,1,0
2020-04-16,US,New York,Columbia,100,10,0,42.24819348,-73.63089095,36021.0,90,100,10,0,90,93,59916,0,0,0,0,7
2020-04-16,US,New York,Cortland,24,0,0,42.59509207,-76.07048931,36023.0,24,23,0,0,23,22,47823,1,0,0,1,1
2020-04-16,US,New York,Delaware,47,3,0,42.19837623,-74.96709306,36025.0,44,46,3,0,43,45,44527,1,0,0,1,1
2020-04-16,US,New York,Dutchess,2085,19,0,41.76486060000001,-73.74356679,36027.0,2066,2048,18,0,2030,1934,293718,37,1,0,36,114
2020-04-16,US,New York,Erie,1951,107,0,42.76249024,-78.73063652,36029.0,1844,1812,101,0,1711,1730,919719,139,6,0,133,82
2020-04-16,US,New York,Essex,12,0,0,44.11630765,-73.77297842,36031.0,12,12,0,0,12,12,37300,0,0,0,0,0
2020-04-16,US,New York,Franklin,13,0,0,44.59040891,-74.29926032,36033.0,13,13,0,0,13,13,50293,0,0,0,0,0
2020-04-16,US,New York,Fulton,25,0,0,43.11363907,-74.41798804,36035.0,25,24,0,0,24,22,53591,1,0,0,1,2
2020-04-16,US,New York,Genesee,78,2,0,43.0022601,-78.19135193,36037.0,76,76,2,0,74,76,57511,2,0,0,2,0
2020-04-16,US,New York,Greene,74,0,0,42.275797,-74.12384884,36039.0,74,73,0,0,73,66,47491,1,0,0,1,7
2020-04-16,US,New York,Hamilton,3,0,0,43.66146647,-74.49721957,36041.0,3,3,0,0,3,3,4434,0,0,0,0,0
2020-04-16,US,New York,Herkimer,43,3,0,43.42034246,-74.96145307,36043.0,40,40,3,0,37,39,61833,3,0,0,3,1
2020-04-16,US,New York,Jefferson,48,0,0,44.04200959,-75.94653457,36045.0,48,47,0,0,47,47,111755,1,0,0,1,0
2020-04-16,US,New York,Lewis,8,0,0,43.7844157,-75.44903992,36049.0,8,7,0,0,7,7,26447,1,0,0,1,0
2020-04-16,US,New York,Livingston,34,3,0,42.72596275,-77.77966158,36051.0,31,34,3,0,31,34,63227,0,0,0,0,0
2020-04-16,US,New York,Madison,110,3,0,42.91653905,-75.67266639,36053.0,107,110,3,0,107,110,70795,0,0,0,0,0
2020-04-16,US,New York,Monroe,932,62,0,43.14638895,-77.69322942,36055.0,870,884,56,0,828,850,742474,48,6,0,42,34
2020-04-16,US,New York,Montgomery,32,1,0,42.90123494,-74.44011632,36057.0,31,32,1,0,31,32,49455,0,0,0,0,0
2020-04-16,US,New York,Nassau,27772,1109,0,40.74066522,-73.58941873,36059.0,26663,26715,1057,0,25658,25250,1358343,1057,52,0,1005,1465
2020-04-16,US,New York,New York City,123146,11477,0,40.76727260000001,-73.97152637,36061.0,111669,118302,8455,0,109847,110465,1628701,4844,3022,0,1822,7837
2020-04-16,US,New York,Niagara,229,9,0,43.19898042,-78.74777412,36063.0,220,229,9,0,220,216,210433,0,0,0,0,13
2020-04-16,US,New York,Oneida,249,6,0,43.24375382,-75.43710392,36065.0,243,246,4,0,242,229,229577,3,2,0,1,17
2020-04-16,US,New York,Onondaga,579,17,0,43.00491923,-76.19971155,36067.0,562,563,12,0,551,537,461809,16,5,0,11,26
2020-04-16,US,New York,Ontario,65,0,0,42.85145728,-77.30874425,36069.0,65,62,0,0,62,61,109864,3,0,0,3,1
2020-04-16,US,New York,Orange,6266,204,0,41.40337468,-74.30240757,36071.0,6062,5830,178,0,5652,5830,381951,436,26,0,410,0
2020-04-16,US,New York,Orleans,34,1,0,43.2516977,-78.2320066,36073.0,33,33,0,0,33,31,40612,1,1,0,0,2
2020-04-16,US,New York,Oswego,44,2,0,43.42778894,-76.14635194,36075.0,42,42,2,0,40,42,117898,2,0,0,2,0
2020-04-16,US,New York,Otsego,44,3,0,42.63492579,-75.03151402,36077.0,41,44,3,0,41,44,59749,0,0,0,0,0
2020-04-16,US,New York,Putnam,634,7,0,41.42630093,-73.74965532,36079.0,627,634,7,0,627,634,98892,0,0,0,0,0
2020-04-16,US,New York,Rensselaer,140,6,0,42.71348136,-73.51089874,36083.0,134,140,6,0,134,140,159442,0,0,0,0,0
2020-04-16,US,New York,Rockland,8752,319,0,41.15027894,-74.02560498,36087.0,8433,8474,298,0,8176,8335,325695,278,21,0,257,139
2020-04-16,US,New York,Saratoga,231,4,0,43.10904162,-73.86653895,36091.0,227,227,4,0,223,224,230163,4,0,0,4,3
2020-04-16,US,New York,Schenectady,245,8,0,42.81668777,-74.05278291,36093.0,237,237,8,0,229,235,155350,8,0,0,8,2
2020-04-16,US,New York,Schoharie,20,0,0,42.58831742,-74.44339029999998,36095.0,20,20,0,0,20,20,31097,0,0,0,0,0
2020-04-16,US,New York,Schuyler,8,0,0,42.39184015,-76.8773299,36097.0,8,8,0,0,8,8,17912,0,0,0,0,0
2020-04-16,US,New York,Seneca,18,0,0,42.78081007,-76.82497064,36099.0,18,18,0,0,18,18,34300,0,0,0,0,0
2020-04-16,US,New York,St. Lawrence,93,0,0,44.4976179,-75.06550039,36089.0,93,92,0,0,92,92,108047,1,0,0,1,0
2020-04-16,US,New York,Steuben,154,18,0,42.2689144,-77.3829924,36101.0,136,151,16,0,135,147,95796,3,2,0,1,4
2020-04-16,US,New York,Suffolk,24812,693,0,40.88320119,-72.8012172,36103.0,24119,23523,653,0,22870,22691,1481093,1289,40,0,1249,832
2020-04-16,US,New York,Sullivan,437,11,0,41.71579493,-74.76394559,36105.0,426,424,10,0,414,415,75498,13,1,0,12,9
2020-04-16,US,New York,Tioga,27,0,0,42.16852837,-76.30835812,36107.0,27,25,0,0,25,24,48560,2,0,0,2,1
2020-04-16,US,New York,Tompkins,118,0,0,42.44945765,-76.47229843,36109.0,118,118,0,0,118,113,102793,0,0,0,0,5
2020-04-16,US,New York,Ulster,845,15,0,41.89027881,-74.26252104,36111.0,830,745,13,0,732,716,178599,100,2,0,98,29
2020-04-16,US,New York,Warren,81,0,0,43.56173026,-73.8433699,36113.0,81,77,0,0,77,77,64265,4,0,0,4,0
2020-04-16,US,New York,Washington,46,2,0,43.31153794,-73.43043448,36115.0,44,42,2,0,40,40,61197,4,0,0,4,2
2020-04-16,US,New York,Wayne,49,0,0,43.15494365,-77.02976528,36117.0,49,48,0,0,48,48,90064,1,0,0,1,0
2020-04-16,US,New York,Westchester,21828,668,0,41.16278376,-73.75741653,36119.0,21160,20947,640,0,20307,20191,967612,881,28,0,853,756
2020-04-16,US,New York,Wyoming,42,3,0,42.70145109,-78.22199579,36121.0,39,42,3,0,39,32,40085,0,0,0,0,10
2020-04-16,US,New York,Yates,7,0,0,42.63505484,-77.10369919,36123.0,7,6,0,0,6,6,24841,1,0,0,1,0
2020-04-16,US,North Carolina,Alamance,45,0,0,36.0434701,-79.39976137,37001.0,45,43,0,0,43,73,166436,2,0,0,2,-30
2020-04-16,US,North Carolina,Alexander,3,0,0,35.922379600000006,-81.17751948,37003.0,3,3,0,0,3,3,37353,0,0,0,0,0
2020-04-16,US,North Carolina,Alleghany,2,0,0,36.49360862,-81.12857041,37005.0,2,2,0,0,2,2,11161,0,0,0,0,0
2020-04-16,US,North Carolina,Anson,14,0,0,34.97403241,-80.09953279,37007.0,14,14,0,0,14,11,24877,0,0,0,0,3
2020-04-16,US,North Carolina,Ashe,4,0,0,36.43296207,-81.49862729,37009.0,4,4,0,0,4,4,27109,0,0,0,0,0
2020-04-16,US,North Carolina,Beaufort,14,0,0,35.48531943,-76.84325809,37013.0,14,14,0,0,14,14,47079,0,0,0,0,0
2020-04-16,US,North Carolina,Bertie,17,1,0,36.0688473,-76.96545943,37015.0,16,16,1,0,15,15,19026,1,0,0,1,1
2020-04-16,US,North Carolina,Bladen,2,0,0,34.61296243,-78.56180059,37017.0,2,2,0,0,2,2,33190,0,0,0,0,0
2020-04-16,US,North Carolina,Brunswick,36,2,0,34.070565,-78.22814204,37019.0,34,35,1,0,34,35,136744,1,1,0,0,0
2020-04-16,US,North Carolina,Buncombe,43,3,0,35.61113393,-82.53305,37021.0,40,39,3,0,36,38,259103,4,0,0,4,1
2020-04-16,US,North Carolina,Burke,63,5,0,35.74989637,-81.70755735,37023.0,58,60,5,0,55,61,90382,3,0,0,3,-1
2020-04-16,US,North Carolina,Cabarrus,204,3,0,35.3877799,-80.55267168,37025.0,201,204,3,0,201,190,211342,0,0,0,0,14
2020-04-16,US,North Carolina,Caldwell,19,0,0,35.95204977,-81.54799522,37027.0,19,19,0,0,19,19,82029,0,0,0,0,0
2020-04-16,US,North Carolina,Carteret,22,1,0,34.8932941,-76.54120135,37031.0,21,22,1,0,21,22,69524,0,0,0,0,0
2020-04-16,US,North Carolina,Caswell,4,0,0,36.39312665,-79.33353281,37033.0,4,3,0,0,3,3,22698,1,0,0,1,0
2020-04-16,US,North Carolina,Catawba,38,1,0,35.66211129,-81.2132617,37035.0,37,38,1,0,37,36,158652,0,0,0,0,2
2020-04-16,US,North Carolina,Chatham,81,1,0,35.70394416,-79.25541492,37037.0,80,81,1,0,80,75,73139,0,0,0,0,6
2020-04-16,US,North Carolina,Cherokee,14,1,0,35.1349263,-84.05970864,37039.0,13,14,1,0,13,13,28383,0,0,0,0,1
2020-04-16,US,North Carolina,Chowan,5,0,0,36.12908077,-76.60118385,37041.0,5,5,0,0,5,4,14029,0,0,0,0,1
2020-04-16,US,North Carolina,Clay,4,0,0,35.05704275,-83.74353633,37043.0,4,4,0,0,4,4,11139,0,0,0,0,0
2020-04-16,US,North Carolina,Cleveland,41,1,0,35.33553364,-81.55204486,37045.0,40,40,1,0,39,39,97645,1,0,0,1,1
2020-04-16,US,North Carolina,Columbus,50,1,0,34.26744084,-78.65801424,37047.0,49,40,1,0,39,37,55655,10,0,0,10,3
2020-04-16,US,North Carolina,Craven,32,1,0,35.11833364,-77.08398081,37049.0,31,31,1,0,30,29,102912,1,0,0,1,2
2020-04-16,US,North Carolina,Cumberland,94,3,0,35.04762133,-78.82623165,37051.0,91,90,2,0,88,86,332330,4,1,0,3,4
2020-04-16,US,North Carolina,Currituck,3,0,0,36.36123664,-75.95876401,37053.0,3,3,0,0,3,3,27072,0,0,0,0,0
2020-04-16,US,North Carolina,Dare,15,1,0,35.66520691,-75.71767334,37055.0,14,15,1,0,14,15,36501,0,0,0,0,0
2020-04-16,US,North Carolina,Davidson,91,2,0,35.79115496,-80.21256572,37057.0,89,90,2,0,88,86,166614,1,0,0,1,4
2020-04-16,US,North Carolina,Davie,23,2,0,35.93099927,-80.54496571,37059.0,21,23,2,0,21,22,42733,0,0,0,0,1
2020-04-16,US,North Carolina,Duplin,23,0,0,34.93449805,-77.93140529,37061.0,23,23,0,0,23,19,58856,0,0,0,0,4
2020-04-16,US,North Carolina,Durham,376,2,0,36.03638492,-78.87608331,37063.0,374,349,2,0,347,324,316739,27,0,0,27,25
2020-04-16,US,North Carolina,Edgecombe,42,1,0,35.91230639,-77.59436892,37065.0,41,36,1,0,35,31,52005,6,0,0,6,5
2020-04-16,US,North Carolina,Forsyth,125,5,0,36.12859861,-80.25459052,37067.0,120,125,4,0,121,121,379099,0,1,0,-1,4
2020-04-16,US,North Carolina,Franklin,67,5,0,36.081519,-78.28708884,37069.0,62,67,3,0,64,67,67560,0,2,0,-2,0
2020-04-16,US,North Carolina,Gaston,95,3,0,35.29373559,-81.17477045,37071.0,92,91,3,0,88,86,222846,4,0,0,4,5
2020-04-16,US,North Carolina,Gates,4,0,0,36.44667547,-76.69749701,37073.0,4,4,0,0,4,4,11573,0,0,0,0,0
2020-04-16,US,North Carolina,Granville,104,1,0,36.30337451,-78.65184241,37077.0,103,99,1,0,98,97,60115,5,0,0,5,2
2020-04-16,US,North Carolina,Greene,16,0,0,35.48544173,-77.67578087,37079.0,16,16,0,0,16,13,21012,0,0,0,0,3
2020-04-16,US,North Carolina,Guilford,160,11,0,36.07959451,-79.78824948,37081.0,149,151,10,0,141,138,533670,9,1,0,8,13
2020-04-16,US,North Carolina,Halifax,30,1,0,36.25669272,-77.6556109,37083.0,29,30,1,0,29,25,50574,0,0,0,0,5
2020-04-16,US,North Carolina,Harnett,53,2,0,35.36731853,-78.87243571,37085.0,51,53,2,0,51,49,134214,0,0,0,0,4
2020-04-16,US,North Carolina,Haywood,4,0,0,35.55269063,-82.98196486,37087.0,4,4,0,0,4,3,61971,0,0,0,0,1
2020-04-16,US,North Carolina,Henderson,106,8,0,35.33788927,-82.4766782,37089.0,98,99,7,0,92,99,116748,7,1,0,6,0
2020-04-16,US,North Carolina,Hertford,4,1,0,36.3607755,-76.98104134,37091.0,3,4,1,0,3,4,23659,0,0,0,0,0
2020-04-16,US,North Carolina,Hoke,22,0,0,35.01888303,-79.23651674,37093.0,22,22,0,0,22,20,54764,0,0,0,0,2
2020-04-16,US,North Carolina,Iredell,77,3,0,35.80950511,-80.8743128,37097.0,74,72,2,0,70,71,178435,5,1,0,4,1
2020-04-16,US,North Carolina,Jackson,5,0,0,35.28814273,-83.14093385,37099.0,5,4,0,0,4,2,43327,1,0,0,1,2
2020-04-16,US,North Carolina,Johnston,113,9,0,35.51745004,-78.36622717,37101.0,104,107,8,0,99,104,202675,6,1,0,5,3
2020-04-16,US,North Carolina,Jones,9,1,0,35.02254606,-77.35870791,37103.0,8,9,1,0,8,7,9637,0,0,0,0,2
2020-04-16,US,North Carolina,Lee,18,0,0,35.47623147,-79.17569362,37105.0,18,16,0,0,16,15,61452,2,0,0,2,1
2020-04-16,US,North Carolina,Lenoir,16,0,0,35.24032589999999,-77.64245615,37107.0,16,15,0,0,15,15,55976,1,0,0,1,0
2020-04-16,US,North Carolina,Lincoln,18,0,0,35.48508185,-81.21740317,37109.0,18,15,0,0,15,15,83770,3,0,0,3,0
2020-04-16,US,North Carolina,Macon,2,1,0,35.14867843,-83.41696617,37113.0,1,2,1,0,1,2,35285,0,0,0,0,0
2020-04-16,US,North Carolina,Martin,7,0,0,35.84326734,-77.10860251,37117.0,7,7,0,0,7,7,22671,0,0,0,0,0
2020-04-16,US,North Carolina,McDowell,20,0,0,35.67736232,-82.0482425,37111.0,20,20,0,0,20,18,45507,0,0,0,0,2
2020-04-16,US,North Carolina,Mecklenburg,1098,21,0,35.24469268,-80.8317671,37119.0,1077,1015,16,0,999,993,1093901,83,5,0,78,22
2020-04-16,US,North Carolina,Mitchell,4,0,0,36.01059309,-82.1582442,37121.0,4,4,0,0,4,4,15000,0,0,0,0,0
2020-04-16,US,North Carolina,Montgomery,17,1,0,35.33155144,-79.90416657,37123.0,16,16,1,0,15,15,27271,1,0,0,1,1
2020-04-16,US,North Carolina,Moore,89,4,0,35.30885257,-79.48474178,37125.0,85,88,3,0,85,84,98682,1,1,0,0,4
2020-04-16,US,North Carolina,Nash,45,1,0,35.96575634,-77.98422508,37127.0,44,42,1,0,41,39,94016,3,0,0,3,3
2020-04-16,US,North Carolina,New Hanover,66,1,0,34.25758282,-77.87075626,37129.0,65,63,1,0,62,62,232274,3,0,0,3,1
2020-04-16,US,North Carolina,Northampton,70,1,0,36.41736238,-77.39769443,37131.0,69,69,1,0,68,65,19676,1,0,0,1,4
2020-04-16,US,North Carolina,Onslow,37,1,0,34.72607366,-77.42908179,37133.0,36,36,1,0,35,35,197683,1,0,0,1,1
2020-04-16,US,North Carolina,Orange,172,2,0,36.06092947,-79.12167935,37135.0,170,159,2,0,157,155,146027,13,0,0,13,4
2020-04-16,US,North Carolina,Pamlico,6,0,0,35.15253315,-76.66559823,37137.0,6,6,0,0,6,6,12670,0,0,0,0,0
2020-04-16,US,North Carolina,Pasquotank,16,0,0,36.26723798,-76.25134778,37139.0,16,15,0,0,15,15,39639,1,0,0,1,0
2020-04-16,US,North Carolina,Pender,5,0,0,34.52265624,-77.90352133,37141.0,5,5,0,0,5,5,62162,0,0,0,0,0
2020-04-16,US,North Carolina,Perquimans,12,0,0,36.17847453,-76.40603143,37143.0,12,12,0,0,12,8,13422,0,0,0,0,4
2020-04-16,US,North Carolina,Person,13,0,0,36.38989032,-78.97217358,37145.0,13,13,0,0,13,11,39507,0,0,0,0,2
2020-04-16,US,North Carolina,Pitt,80,1,0,35.59535426,-77.37353178,37147.0,79,72,1,0,71,69,179914,8,0,0,8,3
2020-04-16,US,North Carolina,Polk,9,0,0,35.27820615,-82.16812354,37149.0,9,9,0,0,9,9,20611,0,0,0,0,0
2020-04-16,US,North Carolina,Randolph,63,2,0,35.71015088,-79.80570339,37151.0,61,60,2,0,58,55,143351,3,0,0,3,5
2020-04-16,US,North Carolina,Richmond,15,1,0,35.00417719,-79.74491009,37153.0,14,14,1,0,13,12,44887,1,0,0,1,2
2020-04-16,US,North Carolina,Robeson,15,0,0,34.64244496,-79.10250529999998,37155.0,15,11,0,0,11,11,131831,4,0,0,4,0
2020-04-16,US,North Carolina,Rockingham,18,2,0,36.39593137,-79.77504841,37157.0,16,18,2,0,16,16,90690,0,0,0,0,2
2020-04-16,US,North Carolina,Rowan,216,8,0,35.64003916,-80.52446628,37159.0,208,216,7,0,209,204,141262,0,1,0,-1,12
2020-04-16,US,North Carolina,Rutherford,58,2,0,35.40114178,-81.92112099,37161.0,56,47,2,0,45,45,66826,11,0,0,11,2
2020-04-16,US,North Carolina,Sampson,17,0,0,34.98820368,-78.36914061,37163.0,17,17,0,0,17,13,63626,0,0,0,0,4
2020-04-16,US,North Carolina,Scotland,9,0,0,34.8386299,-79.4757978,37165.0,9,9,0,0,9,9,34810,0,0,0,0,0
2020-04-16,US,North Carolina,Stanly,19,2,0,35.31647813,-80.25093221,37167.0,17,17,2,0,15,17,62075,2,0,0,2,0
2020-04-16,US,North Carolina,Stokes,10,0,0,36.4017975,-80.23893369,37169.0,10,10,0,0,10,10,45467,0,0,0,0,0
2020-04-16,US,North Carolina,Surry,11,0,0,36.41689489,-80.69102283,37171.0,11,10,0,0,10,10,71948,1,0,0,1,0
2020-04-16,US,North Carolina,Transylvania,6,0,0,35.20383864,-82.79638423,37175.0,6,6,0,0,6,6,34215,0,0,0,0,0
2020-04-16,US,North Carolina,Tyrrell,4,0,0,35.87147226,-76.17055253,37177.0,4,3,0,0,3,2,4131,1,0,0,1,1
2020-04-16,US,North Carolina,Union,129,3,0,34.98960527,-80.52955873,37179.0,126,115,3,0,112,110,235908,14,0,0,14,5
2020-04-16,US,North Carolina,Vance,25,0,0,36.36880673,-78.40670845,37181.0,25,22,0,0,22,21,44582,3,0,0,3,1
2020-04-16,US,North Carolina,Wake,556,3,0,35.78879266,-78.65249174,37183.0,553,537,1,0,536,501,1092305,19,2,0,17,36
2020-04-16,US,North Carolina,Warren,3,0,0,36.39728256,-78.10652228,37185.0,3,3,0,0,3,3,19807,0,0,0,0,0
2020-04-16,US,North Carolina,Washington,18,2,0,35.83810081,-76.57299037,37187.0,16,18,2,0,16,18,11859,0,0,0,0,0
2020-04-16,US,North Carolina,Watauga,8,0,0,36.23103603,-81.70033724,37189.0,8,8,0,0,8,8,55945,0,0,0,0,0
2020-04-16,US,North Carolina,Wayne,103,4,0,35.36438125,-78.00027268,37191.0,99,87,2,0,85,78,123248,16,2,0,14,9
2020-04-16,US,North Carolina,Wilkes,4,1,0,36.2084135,-81.16232895,37193.0,3,4,1,0,3,4,68557,0,0,0,0,0
2020-04-16,US,North Carolina,Wilson,83,3,0,35.70625477,-77.917978,37195.0,80,79,3,0,76,74,81455,4,0,0,4,5
2020-04-16,US,North Carolina,Yadkin,11,1,0,36.16222629,-80.66239436,37197.0,10,11,1,0,10,14,37543,0,0,0,0,-3
2020-04-16,US,North Dakota,Barnes,2,0,0,46.93579637,-98.06605978,38003.0,2,2,0,0,2,2,10542,0,0,0,0,0
2020-04-16,US,North Dakota,Bowman,1,0,0,46.11285362,-103.5203343,38011.0,1,1,0,0,1,1,3076,0,0,0,0,0
2020-04-16,US,North Dakota,Burke,2,0,0,48.79094471,-102.5182117,38013.0,2,2,0,0,2,2,2100,0,0,0,0,0
2020-04-16,US,North Dakota,Burleigh,54,0,0,46.97847375,-100.4645214,38015.0,54,52,0,0,52,52,95273,2,0,0,2,0
2020-04-16,US,North Dakota,Cass,152,2,0,46.93201724,-97.2444719,38017.0,150,135,2,0,133,123,181516,17,0,0,17,12
2020-04-16,US,North Dakota,Divide,1,0,0,48.814938700000006,-103.4873611,38023.0,1,1,0,0,1,1,2283,0,0,0,0,0
2020-04-16,US,North Dakota,Dunn,4,0,0,47.35423935,-102.6160468,38025.0,4,3,0,0,3,3,4332,1,0,0,1,0
2020-04-16,US,North Dakota,Eddy,1,0,0,47.71701474,-98.90432337,38027.0,1,1,0,0,1,1,2313,0,0,0,0,0
2020-04-16,US,North Dakota,Emmons,1,1,0,46.28398398,-100.2389766,38029.0,0,1,1,0,0,1,3295,0,0,0,0,0
2020-04-16,US,North Dakota,Foster,1,0,0,47.4571084,-98.88279923,38031.0,1,1,0,0,1,1,3216,0,0,0,0,0
2020-04-16,US,North Dakota,Grand Forks,23,0,0,47.92093639,-97.45450447,38035.0,23,20,0,0,20,12,70770,3,0,0,3,8
2020-04-16,US,North Dakota,Grant,1,0,0,46.35821257,-101.6390013,38037.0,1,1,0,0,1,1,2374,0,0,0,0,0
2020-04-16,US,North Dakota,McHenry,1,1,0,48.23104458,-100.6324822,38049.0,0,1,1,0,0,1,5816,0,0,0,0,0
2020-04-16,US,North Dakota,McIntosh,1,0,0,46.11182017,-99.44145858,38051.0,1,1,0,0,1,1,2585,0,0,0,0,0
2020-04-16,US,North Dakota,McKenzie,10,0,0,47.74133370000001,-103.395905,38053.0,10,9,0,0,9,8,13632,1,0,0,1,1
2020-04-16,US,North Dakota,McLean,3,0,0,47.60766714,-101.3182418,38055.0,3,3,0,0,3,2,9541,0,0,0,0,1
2020-04-16,US,North Dakota,Morton,21,2,0,46.71681782,-101.2822377,38059.0,19,21,2,0,19,21,31095,0,0,0,0,0
2020-04-16,US,North Dakota,Mountrail,29,0,0,48.20197971,-102.3555315,38061.0,29,29,0,0,29,27,10218,0,0,0,0,2
2020-04-16,US,North Dakota,Oliver,1,0,0,47.11530482,-101.3406158,38065.0,1,1,0,0,1,1,1952,0,0,0,0,0
2020-04-16,US,North Dakota,Pierce,2,0,0,48.24977025,-99.96407787,38069.0,2,2,0,0,2,2,4081,0,0,0,0,0
2020-04-16,US,North Dakota,Ramsey,3,0,0,48.26886249,-98.72223879,38071.0,3,3,0,0,3,3,11481,0,0,0,0,0
2020-04-16,US,North Dakota,Richland,4,0,0,46.26440649,-96.94852979,38077.0,4,3,0,0,3,3,16239,1,0,0,1,0
2020-04-16,US,North Dakota,Rolette,1,0,0,48.77245354,-99.84097493,38079.0,1,1,0,0,1,1,14301,0,0,0,0,0
2020-04-16,US,North Dakota,Sargent,1,0,0,46.10830372,-97.63217159,38081.0,1,1,0,0,1,1,3870,0,0,0,0,0
2020-04-16,US,North Dakota,Sioux,1,0,0,46.11323337,-101.0440149,38085.0,1,1,0,0,1,1,4358,0,0,0,0,0
2020-04-16,US,North Dakota,Slope,3,0,0,46.44737738,-103.4601547,38087.0,3,3,0,0,3,3,763,0,0,0,0,0
2020-04-16,US,North Dakota,Stark,37,2,0,46.80851182,-102.6576326,38089.0,35,34,2,0,32,34,30997,3,0,0,3,0
2020-04-16,US,North Dakota,Stutsman,1,0,0,46.97962541,-98.95637318,38093.0,1,1,0,0,1,1,20917,0,0,0,0,0
2020-04-16,US,North Dakota,Walsh,3,0,0,48.36876964,-97.72574783,38099.0,3,3,0,0,3,3,10667,0,0,0,0,0
2020-04-16,US,North Dakota,Ward,20,1,0,48.22390169,-101.5436763,38101.0,19,20,1,0,19,20,67744,0,0,0,0,0
2020-04-16,US,North Dakota,Williams,8,0,0,48.34522353,-103.4793387,38105.0,8,8,0,0,8,8,35350,0,0,0,0,0
2020-04-16,US,Northern Mariana Islands,Unassigned,7,1,0,0.0,0.0,0.0,6,7,1,0,6,5,,0,0,0,0,2
2020-04-16,US,Ohio,Adams,3,0,0,38.84541072,-83.4718964,39001.0,3,3,0,0,3,3,27724,0,0,0,0,0
2020-04-16,US,Ohio,Allen,57,6,0,40.77285242,-84.10802343,39003.0,51,51,4,0,47,46,102663,6,2,0,4,5
2020-04-16,US,Ohio,Ashland,5,0,0,40.84772277,-82.27280781,39005.0,5,6,0,0,6,5,53745,-1,0,0,-1,1
2020-04-16,US,Ohio,Ashtabula,45,3,0,41.70860332,-80.74830218,39007.0,42,36,3,0,33,32,97493,9,0,0,9,4
2020-04-16,US,Ohio,Athens,3,1,0,39.33425634,-82.04278644,39009.0,2,3,1,0,2,3,65818,0,0,0,0,0
2020-04-16,US,Ohio,Auglaize,19,1,0,40.55998859,-84.22421429999999,39011.0,18,18,1,0,17,15,45804,1,0,0,1,3
2020-04-16,US,Ohio,Belmont,59,3,0,40.01625942,-80.9924051,39013.0,56,58,3,0,55,57,67505,1,0,0,1,1
2020-04-16,US,Ohio,Brown,8,1,0,38.93416837,-83.86788395,39015.0,7,8,1,0,7,5,43602,0,0,0,0,3
2020-04-16,US,Ohio,Butler,148,2,0,39.44012838,-84.57388716,39017.0,146,133,2,0,131,127,382378,15,0,0,15,6
2020-04-16,US,Ohio,Carroll,14,0,0,40.5789686,-81.09178213,39019.0,14,14,0,0,14,14,27081,0,0,0,0,0
2020-04-16,US,Ohio,Champaign,6,1,0,40.13923427,-83.76875242,39021.0,5,6,1,0,5,6,38754,0,0,0,0,0
2020-04-16,US,Ohio,Clark,23,0,0,39.91592258,-83.78498252,39023.0,23,21,0,0,21,20,134585,2,0,0,2,1
2020-04-16,US,Ohio,Clermont,60,1,0,39.04847534,-84.15375786,39025.0,59,49,1,0,48,44,205466,11,0,0,11,5
2020-04-16,US,Ohio,Clinton,23,0,0,39.41485808,-83.80852286,39027.0,23,23,0,0,23,18,42057,0,0,0,0,5
2020-04-16,US,Ohio,Columbiana,136,10,0,40.76932373,-80.78094576,39029.0,126,123,10,0,113,115,102665,13,0,0,13,8
2020-04-16,US,Ohio,Coshocton,16,0,0,40.30096166,-81.91729018,39031.0,16,16,0,0,16,16,36629,0,0,0,0,0
2020-04-16,US,Ohio,Crawford,26,0,0,40.85065156,-82.91989099,39033.0,26,23,0,0,23,19,41550,3,0,0,3,4
2020-04-16,US,Ohio,Cuyahoga,1331,42,0,41.424119,-81.65918339,39035.0,1289,1281,39,0,1242,1239,1243857,50,3,0,47,42
2020-04-16,US,Ohio,Darke,55,10,0,40.13412966,-84.6194517,39037.0,45,52,10,0,42,50,51323,3,0,0,3,2
2020-04-16,US,Ohio,Defiance,12,0,0,41.32398837,-84.49076944,39039.0,12,12,0,0,12,12,38165,0,0,0,0,0
2020-04-16,US,Ohio,Delaware,114,3,0,40.27942393,-83.00457058,39041.0,111,108,3,0,105,99,204826,6,0,0,6,9
2020-04-16,US,Ohio,Erie,19,1,0,41.36796058,-82.62904521,39043.0,18,16,1,0,15,14,74615,3,0,0,3,2
2020-04-16,US,Ohio,Fairfield,96,2,0,39.75107189,-82.63088163,39045.0,94,92,1,0,91,90,155782,4,1,0,3,2
2020-04-16,US,Ohio,Fayette,12,0,0,39.56021306,-83.4562016,39047.0,12,12,0,0,12,12,28666,0,0,0,0,0
2020-04-16,US,Ohio,Franklin,1212,19,0,39.96995815,-83.01115755,39049.0,1193,1102,19,0,1083,1053,1310300,110,0,0,110,49
2020-04-16,US,Ohio,Fulton,10,0,0,41.60213491,-84.12571393,39051.0,10,8,0,0,8,7,42276,2,0,0,2,1
2020-04-16,US,Ohio,Gallia,6,1,0,38.82708533,-82.31647569,39053.0,5,8,1,0,7,8,29979,-2,0,0,-2,0
2020-04-16,US,Ohio,Geauga,92,4,0,41.49952319,-81.17935342,39055.0,88,82,4,0,78,69,94031,10,0,0,10,13
2020-04-16,US,Ohio,Greene,33,2,0,39.69116283,-83.89032084,39057.0,31,31,2,0,29,31,167995,2,0,0,2,0
2020-04-16,US,Ohio,Guernsey,10,0,0,40.05026529,-81.49248905,39059.0,10,10,0,0,10,7,39022,0,0,0,0,3
2020-04-16,US,Ohio,Hamilton,615,29,0,39.19673558,-84.54502924,39061.0,586,594,27,0,567,576,816684,21,2,0,19,18
2020-04-16,US,Ohio,Hancock,25,1,0,41.00250487,-83.66838948,39063.0,24,23,1,0,22,20,75930,2,0,0,2,3
2020-04-16,US,Ohio,Hardin,12,0,0,40.66015414,-83.65929931,39065.0,12,11,0,0,11,11,31480,1,0,0,1,0
2020-04-16,US,Ohio,Harrison,1,0,0,40.29380509,-81.09068544,39067.0,1,,,,,,15174,,,,,
2020-04-16,US,Ohio,Henry,2,0,0,41.3339642,-84.06830637,39069.0,2,2,0,0,2,1,27086,0,0,0,0,1
2020-04-16,US,Ohio,Highland,7,0,0,39.1839264,-83.60331456,39071.0,7,7,0,0,7,7,43058,0,0,0,0,0
2020-04-16,US,Ohio,Hocking,4,0,0,39.49537927,-82.47991446,39073.0,4,4,0,0,4,4,28385,0,0,0,0,0
2020-04-16,US,Ohio,Holmes,3,0,0,40.56163713,-81.92635677,39075.0,3,3,0,0,3,3,43892,0,0,0,0,0
2020-04-16,US,Ohio,Huron,16,1,0,41.14651175,-82.59867951,39077.0,15,14,1,0,13,14,58504,2,0,0,2,0
2020-04-16,US,Ohio,Jackson,3,0,0,39.01914254,-82.61818559999998,39079.0,3,3,0,0,3,3,32384,0,0,0,0,0
2020-04-16,US,Ohio,Jefferson,24,0,0,40.38614126,-80.76259514,39081.0,24,24,0,0,24,24,65767,0,0,0,0,0
2020-04-16,US,Ohio,Knox,11,1,0,40.39830217,-82.42027563,39083.0,10,10,1,0,9,10,61893,1,0,0,1,0
2020-04-16,US,Ohio,Lake,127,6,0,41.69710807,-81.23676539,39085.0,121,124,6,0,118,121,230514,3,0,0,3,3
2020-04-16,US,Ohio,Lawrence,19,0,0,38.59743452,-82.53466552,39087.0,19,17,0,0,17,17,59866,2,0,0,2,0
2020-04-16,US,Ohio,Licking,92,4,0,40.09136236,-82.48185785,39089.0,88,88,3,0,85,86,175769,4,1,0,3,2
2020-04-16,US,Ohio,Logan,8,0,0,40.38996525,-83.76784341,39091.0,8,8,0,0,8,8,45358,0,0,0,0,0
2020-04-16,US,Ohio,Lorain,221,9,0,41.29553751,-82.15083537,39093.0,212,203,7,0,196,191,309461,18,2,0,16,12
2020-04-16,US,Ohio,Lucas,644,28,0,41.62101218,-83.65468618,39095.0,616,596,28,0,568,540,429899,48,0,0,48,56
2020-04-16,US,Ohio,Madison,29,3,0,39.89381073,-83.40178317,39097.0,26,24,3,0,21,24,44413,5,0,0,5,0
2020-04-16,US,Ohio,Mahoning,512,42,0,41.01631101,-80.77287029,39099.0,470,486,41,0,445,469,229642,26,1,0,25,17
2020-04-16,US,Ohio,Marion,276,1,0,40.58610662,-83.15736305,39101.0,275,164,0,0,164,110,65256,112,1,0,111,54
2020-04-16,US,Ohio,Medina,126,10,0,41.11770589,-81.89986209999998,39103.0,116,122,10,0,112,116,179146,4,0,0,4,6
2020-04-16,US,Ohio,Meigs,2,0,0,39.09224872,-82.0305041,39105.0,2,2,0,0,2,1,23106,0,0,0,0,1
2020-04-16,US,Ohio,Mercer,13,1,0,40.54043046,-84.62912742,39107.0,12,13,1,0,12,13,40959,0,0,0,0,0
2020-04-16,US,Ohio,Miami,127,22,0,40.0543329,-84.22871271,39109.0,105,125,21,0,104,122,106222,2,1,0,1,3
2020-04-16,US,Ohio,Monroe,2,0,0,39.72984936,-81.08464734,39111.0,2,2,0,0,2,2,13790,0,0,0,0,0
2020-04-16,US,Ohio,Montgomery,213,8,0,39.75394919,-84.29050975,39113.0,205,211,8,0,203,205,532331,2,0,0,2,6
2020-04-16,US,Ohio,Morgan,3,0,0,39.62081738,-81.85308173,39115.0,3,2,0,0,2,2,14604,1,0,0,1,0
2020-04-16,US,Ohio,Morrow,14,0,0,40.52363560000001,-82.7892599,39117.0,14,14,0,0,14,10,35112,0,0,0,0,4
2020-04-16,US,Ohio,Muskingum,8,0,0,39.96575964,-81.94363275,39119.0,8,8,0,0,8,8,86183,0,0,0,0,0
2020-04-16,US,Ohio,Noble,3,0,0,39.76818851,-81.45937183,39121.0,3,3,0,0,3,2,14354,0,0,0,0,1
2020-04-16,US,Ohio,Ottawa,17,0,0,41.53781826,-83.0940185,39123.0,17,12,0,0,12,11,40769,5,0,0,5,1
2020-04-16,US,Ohio,Paulding,5,0,0,41.11676341,-84.5801017,39125.0,5,5,0,0,5,5,18760,0,0,0,0,0
2020-04-16,US,Ohio,Perry,8,0,0,39.73508655,-82.23804971,39127.0,8,8,0,0,8,8,36033,0,0,0,0,0
2020-04-16,US,Ohio,Pickaway,196,4,0,39.64170392,-83.0243386,39129.0,192,172,0,0,172,97,58086,24,4,0,20,75
2020-04-16,US,Ohio,Pike,1,0,0,39.07634001,-83.06769584,39131.0,1,1,0,0,1,1,28067,0,0,0,0,0
2020-04-16,US,Ohio,Portage,162,24,0,41.16793482,-81.19735782,39133.0,138,158,22,0,136,146,162927,4,2,0,2,12
2020-04-16,US,Ohio,Preble,20,1,0,39.7420247,-84.64787018,39135.0,19,20,1,0,19,17,40997,0,0,0,0,3
2020-04-16,US,Ohio,Putnam,4,0,0,41.02094889,-84.1336111,39137.0,4,4,0,0,4,2,33780,0,0,0,0,2
2020-04-16,US,Ohio,Richland,48,1,0,40.77180308,-82.53799609999999,39139.0,47,44,1,0,43,43,121099,4,0,0,4,1
2020-04-16,US,Ohio,Ross,26,0,0,39.33705391,-83.06000914,39141.0,26,21,0,0,21,20,76931,5,0,0,5,1
2020-04-16,US,Ohio,Sandusky,14,2,0,41.35624126,-83.137872,39143.0,12,13,2,0,11,13,58799,1,0,0,1,0
2020-04-16,US,Ohio,Scioto,5,0,0,38.80270163,-82.98907345,39145.0,5,4,0,0,4,4,75502,1,0,0,1,0
2020-04-16,US,Ohio,Seneca,11,1,0,41.12351311,-83.12783209,39147.0,10,11,1,0,10,10,55207,0,0,0,0,1
2020-04-16,US,Ohio,Shelby,28,0,0,40.33163494,-84.20258189,39149.0,28,27,0,0,27,27,48627,1,0,0,1,0
2020-04-16,US,Ohio,Stark,204,21,0,40.81482476,-81.36437305,39151.0,183,176,17,0,159,171,371574,28,4,0,24,5
2020-04-16,US,Ohio,Summit,310,16,0,41.12464734,-81.53123079,39153.0,294,294,15,0,279,273,541918,16,1,0,15,21
2020-04-16,US,Ohio,Trumbull,203,14,0,41.31735028,-80.76109643,39155.0,189,199,13,0,186,187,198627,4,1,0,3,12
2020-04-16,US,Ohio,Tuscarawas,29,0,0,40.44214695,-81.47226262,39157.0,29,28,0,0,28,28,92176,1,0,0,1,0
2020-04-16,US,Ohio,Unassigned,0,16,0,0.0,0.0,90039.0,-16,,,,,,,,,,,
2020-04-16,US,Ohio,Union,11,0,0,40.30016061,-83.37239023,39159.0,11,11,0,0,11,11,57835,0,0,0,0,0
2020-04-16,US,Ohio,Van Wert,2,0,0,40.8554138,-84.59111700000003,39161.0,2,2,0,0,2,2,28281,0,0,0,0,0
2020-04-16,US,Ohio,Warren,89,4,0,39.42581994,-84.16557457,39165.0,85,85,3,0,82,78,232173,4,1,0,3,7
2020-04-16,US,Ohio,Washington,53,5,0,39.45690571,-81.49121382,39167.0,48,47,4,0,43,44,60155,6,1,0,5,3
2020-04-16,US,Ohio,Wayne,66,11,0,40.82925852,-81.88844833,39169.0,55,56,10,0,46,54,115967,10,1,0,9,2
2020-04-16,US,Ohio,Williams,6,1,0,41.56052014,-84.58429552,39171.0,5,6,1,0,5,3,36804,0,0,0,0,3
2020-04-16,US,Ohio,Wood,67,5,0,41.36224827,-83.62285108,39173.0,62,64,5,0,59,61,130696,3,0,0,3,3
2020-04-16,US,Ohio,Wyandot,14,2,0,40.84339621,-83.30734173,39175.0,12,14,2,0,12,13,21935,0,0,0,0,1
2020-04-16,US,Oklahoma,Adair,29,3,0,35.88494195,-94.65859267,40001.0,26,29,3,0,26,28,22082,0,0,0,0,1
2020-04-16,US,Oklahoma,Alfalfa,1,0,0,36.73090616,-98.32408495,40003.0,1,1,0,0,1,1,5754,0,0,0,0,0
2020-04-16,US,Oklahoma,Atoka,1,0,0,34.37366573,-96.03802487,40005.0,1,1,0,0,1,1,13838,0,0,0,0,0
2020-04-16,US,Oklahoma,Beaver,1,0,0,36.7496847,-100.4758872,40007.0,1,1,0,0,1,1,5319,0,0,0,0,0
2020-04-16,US,Oklahoma,Beckham,2,0,0,35.26862449,-99.68128023,40009.0,2,2,0,0,2,1,21709,0,0,0,0,1
2020-04-16,US,Oklahoma,Bryan,5,0,0,33.96472458,-96.25903472,40013.0,5,5,0,0,5,4,47192,0,0,0,0,1
2020-04-16,US,Oklahoma,Caddo,48,2,0,35.17364557,-98.37534464,40015.0,46,35,1,0,34,10,28977,13,1,0,12,25
2020-04-16,US,Oklahoma,Canadian,65,3,0,35.5426055,-97.98465569,40017.0,62,63,3,0,60,62,144447,2,0,0,2,1
2020-04-16,US,Oklahoma,Carter,1,0,0,34.25103751,-97.28552485,40019.0,1,1,0,0,1,1,48177,0,0,0,0,0
2020-04-16,US,Oklahoma,Cherokee,22,1,0,35.90692775,-94.99980896,40021.0,21,21,1,0,20,20,48675,1,0,0,1,1
2020-04-16,US,Oklahoma,Choctaw,3,0,0,34.02807439,-95.54771129,40023.0,3,3,0,0,3,3,14668,0,0,0,0,0
2020-04-16,US,Oklahoma,Cleveland,301,21,0,35.20413532,-97.32519562,40027.0,280,294,18,0,276,277,281669,7,3,0,4,17
2020-04-16,US,Oklahoma,Comanche,57,0,0,34.65973764,-98.47195055,40031.0,57,52,0,0,52,52,120422,5,0,0,5,0
2020-04-16,US,Oklahoma,Cotton,5,0,0,34.28845626,-98.37053567,40033.0,5,5,0,0,5,5,5776,0,0,0,0,0
2020-04-16,US,Oklahoma,Craig,7,0,0,36.76268118,-95.20916602,40035.0,7,8,0,0,8,9,14306,-1,0,0,-1,-1
2020-04-16,US,Oklahoma,Creek,58,3,0,35.90230551,-96.37086028,40037.0,55,57,3,0,54,60,71604,1,0,0,1,-3
2020-04-16,US,Oklahoma,Custer,7,0,0,35.63853802,-99.00170785,40039.0,7,7,0,0,7,7,29036,0,0,0,0,0
2020-04-16,US,Oklahoma,Delaware,74,2,0,36.40823634,-94.80325046,40041.0,72,72,0,0,72,71,42733,2,2,0,0,1
2020-04-16,US,Oklahoma,Dewey,2,0,0,35.98772922,-99.00730714,40043.0,2,2,0,0,2,1,4894,0,0,0,0,1
2020-04-16,US,Oklahoma,Garfield,9,1,0,36.3791334,-97.78265517,40047.0,8,7,1,0,6,7,60913,2,0,0,2,0
2020-04-16,US,Oklahoma,Garvin,10,0,0,34.70418038,-97.30811132,40049.0,10,10,0,0,10,10,27811,0,0,0,0,0
2020-04-16,US,Oklahoma,Grady,16,1,0,35.0167709,-97.88339847,40051.0,15,14,1,0,13,12,55551,2,0,0,2,2
2020-04-16,US,Oklahoma,Grant,2,0,0,36.796297,-97.78638765,40053.0,2,2,0,0,2,2,4326,0,0,0,0,0
2020-04-16,US,Oklahoma,Greer,50,4,0,34.93535801,-99.5605612,40055.0,46,50,4,0,46,49,5821,0,0,0,0,1
2020-04-16,US,Oklahoma,Jackson,6,0,0,34.58781741,-99.41138784,40065.0,6,6,0,0,6,7,24949,0,0,0,0,-1
2020-04-16,US,Oklahoma,Jefferson,1,0,0,34.11130184,-97.83182974,40067.0,1,1,0,0,1,1,6123,0,0,0,0,0
2020-04-16,US,Oklahoma,Johnston,2,0,0,34.31440473,-96.66011537,40069.0,2,2,0,0,2,2,10949,0,0,0,0,0
2020-04-16,US,Oklahoma,Kay,46,4,0,36.81799745,-97.14421435,40071.0,42,45,4,0,41,45,44161,1,0,0,1,0
2020-04-16,US,Oklahoma,Kingfisher,6,0,0,35.94530008,-97.94193268,40073.0,6,6,0,0,6,6,15816,0,0,0,0,0
2020-04-16,US,Oklahoma,Kiowa,2,0,0,34.91671958,-98.97720696,40075.0,2,2,0,0,2,2,8729,0,0,0,0,0
2020-04-16,US,Oklahoma,Latimer,4,1,0,34.87844729,-95.25215049,40077.0,3,4,1,0,3,4,10231,0,0,0,0,0
2020-04-16,US,Oklahoma,Le Flore,5,0,0,34.89851864,-94.70392124,40079.0,5,4,0,0,4,3,49980,1,0,0,1,1
2020-04-16,US,Oklahoma,Lincoln,11,0,0,35.70270942,-96.8812462,40081.0,11,10,0,0,10,10,34920,1,0,0,1,0
2020-04-16,US,Oklahoma,Logan,8,0,0,35.91899576,-97.44352845,40083.0,8,7,0,0,7,7,47291,1,0,0,1,0
2020-04-16,US,Oklahoma,Love,2,0,0,33.95273467,-97.23906784,40085.0,2,2,0,0,2,2,10134,0,0,0,0,0
2020-04-16,US,Oklahoma,Major,2,1,0,36.31149996,-98.53467076,40093.0,1,2,1,0,1,2,7644,0,0,0,0,0
2020-04-16,US,Oklahoma,Marshall,1,0,0,34.02311222,-96.76855464,40095.0,1,1,0,0,1,1,16806,0,0,0,0,0
2020-04-16,US,Oklahoma,Mayes,19,3,0,36.30179091,-95.23175116,40097.0,16,16,3,0,13,14,41107,3,0,0,3,2
2020-04-16,US,Oklahoma,McClain,20,0,0,35.01123903,-97.44572302,40087.0,20,19,0,0,19,18,39985,1,0,0,1,1
2020-04-16,US,Oklahoma,McCurtain,7,0,0,34.11664328,-94.77222373,40089.0,7,7,0,0,7,6,32703,0,0,0,0,1
2020-04-16,US,Oklahoma,McIntosh,2,0,0,35.37235506,-95.66599306,40091.0,2,1,0,0,1,1,19815,1,0,0,1,0
2020-04-16,US,Oklahoma,Muskogee,25,3,0,35.61318461,-95.37802952,40101.0,22,26,2,0,24,25,68362,-1,1,0,-2,1
2020-04-16,US,Oklahoma,Noble,6,0,0,36.38953329,-97.22928674,40103.0,6,6,0,0,6,6,11289,0,0,0,0,0
2020-04-16,US,Oklahoma,Nowata,11,0,0,36.79843529,-95.61902331,40105.0,11,11,0,0,11,11,10218,0,0,0,0,0
2020-04-16,US,Oklahoma,Okfuskee,1,0,0,35.46485198,-96.32639984,40107.0,1,1,0,0,1,1,12098,0,0,0,0,0
2020-04-16,US,Oklahoma,Oklahoma,497,22,0,35.55140095,-97.40716948,40109.0,475,483,22,0,461,474,792582,14,0,0,14,9
2020-04-16,US,Oklahoma,Okmulgee,14,0,0,35.64661916,-95.96432828,40111.0,14,14,0,0,14,14,38335,0,0,0,0,0
2020-04-16,US,Oklahoma,Osage,61,8,0,36.62888819,-96.39635704,40113.0,53,61,8,0,53,59,47014,0,0,0,0,2
2020-04-16,US,Oklahoma,Ottawa,24,0,0,36.83532655,-94.81011909,40115.0,24,22,0,0,22,22,31175,2,0,0,2,0
2020-04-16,US,Oklahoma,Pawnee,28,2,0,36.31743373,-96.7033176,40117.0,26,27,2,0,25,27,16390,1,0,0,1,0
2020-04-16,US,Oklahoma,Payne,34,0,0,36.07695283,-96.97584944,40119.0,34,29,0,0,29,28,82040,5,0,0,5,1
2020-04-16,US,Oklahoma,Pittsburg,14,1,0,34.92065823,-95.7513432,40121.0,13,13,1,0,12,11,43877,1,0,0,1,2
2020-04-16,US,Oklahoma,Pontotoc,10,1,0,34.72959848,-96.68337199,40123.0,9,10,1,0,9,10,38247,0,0,0,0,0
2020-04-16,US,Oklahoma,Pottawatomie,32,3,0,35.20614018,-96.94923008,40125.0,29,28,3,0,25,28,72679,4,0,0,4,0
2020-04-16,US,Oklahoma,Rogers,30,2,0,36.37004357,-95.60406759,40131.0,28,30,2,0,28,28,91984,0,0,0,0,2
2020-04-16,US,Oklahoma,Seminole,7,1,0,35.16478725,-96.61686741,40133.0,6,7,1,0,6,7,24578,0,0,0,0,0
2020-04-16,US,Oklahoma,Sequoyah,10,2,0,35.49447108,-94.75463785,40135.0,8,10,2,0,8,11,41179,0,0,0,0,-1
2020-04-16,US,Oklahoma,Stephens,15,1,0,34.48556989,-97.85141892,40137.0,14,15,1,0,14,15,43265,0,0,0,0,0
2020-04-16,US,Oklahoma,Texas,9,1,0,36.74777635,-101.4889765,40139.0,8,9,1,0,8,6,20455,0,0,0,0,3
2020-04-16,US,Oklahoma,Tillman,1,0,0,34.37288446,-98.92426619,40141.0,1,1,0,0,1,1,7348,0,0,0,0,0
2020-04-16,US,Oklahoma,Tulsa,376,21,0,36.11939621,-95.94013939,40143.0,355,362,21,0,341,358,648360,14,0,0,14,4
2020-04-16,US,Oklahoma,Wagoner,107,7,0,35.96024096,-95.51911308,40145.0,100,102,7,0,95,98,80110,5,0,0,5,4
2020-04-16,US,Oklahoma,Washington,124,6,0,36.71380786,-95.90514104,40147.0,118,118,5,0,113,118,51843,6,1,0,5,0
2020-04-16,US,Oklahoma,Woodward,1,0,0,36.42316318,-99.26283045,40153.0,1,1,0,0,1,1,20222,0,0,0,0,0
2020-04-16,US,Oregon,Benton,27,4,0,44.49167306,-123.4316987,41003.0,23,25,3,0,22,24,92101,2,1,0,1,1
2020-04-16,US,Oregon,Clackamas,150,3,0,45.18787398,-122.2179634,41005.0,147,142,3,0,139,135,416075,8,0,0,8,7
2020-04-16,US,Oregon,Clatsop,6,0,0,45.99712889,-123.660711,41007.0,6,6,0,0,6,6,39764,0,0,0,0,0
2020-04-16,US,Oregon,Columbia,14,0,0,45.94464254,-123.0890898,41009.0,14,14,0,0,14,11,52377,0,0,0,0,3
2020-04-16,US,Oregon,Coos,1,0,0,43.17406868,-124.0594514,41011.0,1,1,0,0,1,1,64389,0,0,0,0,0
2020-04-16,US,Oregon,Crook,1,0,0,44.14230227,-120.356297,41013.0,1,1,0,0,1,1,23867,0,0,0,0,0
2020-04-16,US,Oregon,Curry,3,0,0,42.45911325,-124.157282,41015.0,3,3,0,0,3,3,22813,0,0,0,0,0
2020-04-16,US,Oregon,Deschutes,59,0,0,43.91570171,-121.2289121,41017.0,59,55,0,0,55,55,191996,4,0,0,4,0
2020-04-16,US,Oregon,Douglas,22,0,0,43.27941273,-123.167291,41019.0,22,20,0,0,20,19,110283,2,0,0,2,1
2020-04-16,US,Oregon,Grant,1,0,0,44.49024544,-119.0068631,41023.0,1,1,0,0,1,1,7176,0,0,0,0,0
2020-04-16,US,Oregon,Hood River,4,0,0,45.51872811,-121.65520359999998,41027.0,4,4,0,0,4,4,23428,0,0,0,0,0
2020-04-16,US,Oregon,Jackson,47,0,0,42.43201126,-122.7289309,41029.0,47,47,0,0,47,47,219564,0,0,0,0,0
2020-04-16,US,Oregon,Jefferson,1,0,0,44.62806839,-121.17832,41031.0,1,1,0,0,1,1,24192,0,0,0,0,0
2020-04-16,US,Oregon,Josephine,19,1,0,42.3665549,-123.5561938,41033.0,18,19,1,0,18,19,87393,0,0,0,0,0
2020-04-16,US,Oregon,Klamath,29,0,0,42.68762984,-121.64964609999998,41035.0,29,26,0,0,26,26,67653,3,0,0,3,0
2020-04-16,US,Oregon,Lane,45,1,0,43.93727035,-122.847753,41039.0,44,44,1,0,43,42,379611,1,0,0,1,2
2020-04-16,US,Oregon,Lincoln,4,0,0,44.64252874,-123.869912,41041.0,4,4,0,0,4,4,49388,0,0,0,0,0
2020-04-16,US,Oregon,Linn,54,4,0,44.48899494,-122.5373154,41043.0,50,53,4,0,49,52,127335,1,0,0,1,1
2020-04-16,US,Oregon,Malheur,5,0,0,43.1937027,-117.6227395,41045.0,5,4,0,0,4,4,30725,1,0,0,1,0
2020-04-16,US,Oregon,Marion,309,11,0,44.90287942,-122.5815117,41047.0,298,294,10,0,284,289,346868,15,1,0,14,5
2020-04-16,US,Oregon,Morrow,5,0,0,45.41846568,-119.584546,41049.0,5,5,0,0,5,5,11372,0,0,0,0,0
2020-04-16,US,Oregon,Multnomah,448,26,0,45.54747959,-122.4169351,41051.0,422,430,22,0,408,420,811880,18,4,0,14,10
2020-04-16,US,Oregon,Polk,30,1,0,44.90322804,-123.4128888,41053.0,29,30,1,0,29,30,85234,0,0,0,0,0
2020-04-16,US,Oregon,Sherman,1,0,0,45.41501554,-120.6827834,41055.0,1,1,0,0,1,1,1708,0,0,0,0,0
2020-04-16,US,Oregon,Tillamook,5,0,0,45.46248721,-123.712066,41057.0,5,5,0,0,5,5,26787,0,0,0,0,0
2020-04-16,US,Oregon,Umatilla,22,0,0,45.59073056,-118.7353826,41059.0,22,17,0,0,17,16,77516,5,0,0,5,1
2020-04-16,US,Oregon,Union,4,0,0,45.30915495,-118.0068979,41061.0,4,4,0,0,4,4,26461,0,0,0,0,0
2020-04-16,US,Oregon,Wallowa,1,0,0,45.57894064,-117.18353799999998,41063.0,1,1,0,0,1,1,7081,0,0,0,0,0
2020-04-16,US,Oregon,Wasco,10,0,0,45.16292781,-121.1670954,41065.0,10,10,0,0,10,10,26505,0,0,0,0,0
2020-04-16,US,Oregon,Washington,376,7,0,45.55972701,-123.0955257,41067.0,369,364,7,0,357,365,597695,12,0,0,12,-1
2020-04-16,US,Oregon,Yamhill,33,6,0,45.23330449,-123.3086963,41071.0,27,32,6,0,26,32,107002,1,0,0,1,0
2020-04-16,US,Pennsylvania,Adams,67,1,0,39.87140411,-77.21610347,42001.0,66,64,1,0,63,63,102811,3,0,0,3,1
2020-04-16,US,Pennsylvania,Allegheny,925,38,0,40.46809875,-79.98167747,42003.0,887,904,26,0,878,893,1218452,21,12,0,9,11
2020-04-16,US,Pennsylvania,Armstrong,32,1,0,40.81665618,-79.46290811,42005.0,31,29,1,0,28,28,65263,3,0,0,3,1
2020-04-16,US,Pennsylvania,Beaver,168,14,0,40.6825484,-80.34921611,42007.0,154,158,14,0,144,156,164742,10,0,0,10,2
2020-04-16,US,Pennsylvania,Bedford,11,1,0,40.00522157,-78.48998442,42009.0,10,9,1,0,8,5,48176,2,0,0,2,4
2020-04-16,US,Pennsylvania,Berks,1419,31,0,40.41570541,-75.92457766,42011.0,1388,1335,28,0,1307,1247,420152,84,3,0,81,88
2020-04-16,US,Pennsylvania,Blair,13,0,0,40.47961444,-78.34917412,42013.0,13,12,0,0,12,11,122492,1,0,0,1,1
2020-04-16,US,Pennsylvania,Bradford,19,0,0,41.78869215,-76.51570822,42015.0,19,19,0,0,19,19,60833,0,0,0,0,0
2020-04-16,US,Pennsylvania,Bucks,1490,60,0,40.33682119,-75.10836643,42017.0,1430,1399,52,0,1347,1273,628195,91,8,0,83,126
2020-04-16,US,Pennsylvania,Butler,154,5,0,40.91152759,-79.91351055,42019.0,149,150,5,0,145,143,187888,4,0,0,4,7
2020-04-16,US,Pennsylvania,Cambria,14,1,0,40.49527404,-78.71377428,42021.0,13,14,1,0,13,14,131730,0,0,0,0,0
2020-04-16,US,Pennsylvania,Cameron,1,0,0,41.43625568,-78.20376845,42023.0,1,1,0,0,1,1,4492,0,0,0,0,0
2020-04-16,US,Pennsylvania,Carbon,113,6,0,40.91545395,-75.7068525,42025.0,107,112,6,0,106,103,64227,1,0,0,1,9
2020-04-16,US,Pennsylvania,Centre,73,0,0,40.92058903,-77.82200624,42027.0,73,72,0,0,72,70,162805,1,0,0,1,2
2020-04-16,US,Pennsylvania,Chester,722,26,0,39.97291773,-75.74768357,42029.0,696,675,25,0,650,636,522046,47,1,0,46,39
2020-04-16,US,Pennsylvania,Clarion,17,0,0,41.19265812,-79.42413524,42031.0,17,16,0,0,16,16,38779,1,0,0,1,0
2020-04-16,US,Pennsylvania,Clearfield,9,0,0,41.00110782,-78.47592663,42033.0,9,9,0,0,9,9,79388,0,0,0,0,0
2020-04-16,US,Pennsylvania,Clinton,8,0,0,41.23255967,-77.63785995,42035.0,8,8,0,0,8,8,38684,0,0,0,0,0
2020-04-16,US,Pennsylvania,Columbia,146,3,0,41.04821986,-76.40565017,42037.0,143,131,3,0,128,125,65456,15,0,0,15,6
2020-04-16,US,Pennsylvania,Crawford,16,0,0,41.68447709,-80.10760592,42039.0,16,16,0,0,16,16,85063,0,0,0,0,0
2020-04-16,US,Pennsylvania,Cumberland,137,4,0,40.1625372,-77.26130755,42041.0,133,131,4,0,127,124,251423,6,0,0,6,7
2020-04-16,US,Pennsylvania,Dauphin,287,7,0,40.41377078,-76.77993242,42043.0,280,271,5,0,266,249,277097,16,2,0,14,22
2020-04-16,US,Pennsylvania,Delaware,2055,71,0,39.91680171,-75.40243663,42045.0,1984,1935,60,0,1875,1851,564751,120,11,0,109,84
2020-04-16,US,Pennsylvania,Elk,2,0,0,41.42822061,-78.64524744,42047.0,2,2,0,0,2,2,30169,0,0,0,0,0
2020-04-16,US,Pennsylvania,Erie,46,0,0,41.99253829,-80.03301954,42049.0,46,42,0,0,42,41,272061,4,0,0,4,1
2020-04-16,US,Pennsylvania,Fayette,60,3,0,39.92041012,-79.64291195,42051.0,57,58,3,0,55,58,130441,2,0,0,2,0
2020-04-16,US,Pennsylvania,Forest,7,0,0,41.51095103,-79.23229292,42053.0,7,5,0,0,5,5,7279,2,0,0,2,0
2020-04-16,US,Pennsylvania,Franklin,80,0,0,39.92956518,-77.72157791,42055.0,80,78,0,0,78,69,154835,2,0,0,2,9
2020-04-16,US,Pennsylvania,Fulton,2,0,0,39.92913544,-78.11163677,42057.0,2,2,0,0,2,2,14523,0,0,0,0,0
2020-04-16,US,Pennsylvania,Greene,24,0,0,39.85746531,-80.22357106,42059.0,24,23,0,0,23,23,36506,1,0,0,1,0
2020-04-16,US,Pennsylvania,Huntingdon,12,0,0,40.42162652,-77.97673273,42061.0,12,12,0,0,12,11,45168,0,0,0,0,1
2020-04-16,US,Pennsylvania,Indiana,44,2,0,40.65241041,-79.08963285,42063.0,42,43,1,0,42,43,84501,1,1,0,0,0
2020-04-16,US,Pennsylvania,Jefferson,2,0,0,41.12913106,-78.9986361,42065.0,2,2,0,0,2,2,43641,0,0,0,0,0
2020-04-16,US,Pennsylvania,Juniata,56,0,0,40.53358749,-77.39975129999998,42067.0,56,47,0,0,47,43,24704,9,0,0,9,4
2020-04-16,US,Pennsylvania,Lackawanna,559,28,0,41.43564672,-75.60379201,42069.0,531,527,26,0,501,501,210793,32,2,0,30,26
2020-04-16,US,Pennsylvania,Lancaster,970,33,0,40.03904563,-76.24770128,42071.0,937,914,69,0,845,865,543557,56,-36,0,92,49
2020-04-16,US,Pennsylvania,Lawrence,55,5,0,40.99206278,-80.33393706,42073.0,50,55,5,0,50,51,86184,0,0,0,0,4
2020-04-16,US,Pennsylvania,Lebanon,380,2,0,40.36680311,-76.45651841,42075.0,378,349,2,0,347,328,141314,31,0,0,31,21
2020-04-16,US,Pennsylvania,Lehigh,1999,28,0,40.6154815,-75.59435245,42077.0,1971,1922,25,0,1897,1803,368100,77,3,0,74,119
2020-04-16,US,Pennsylvania,Luzerne,1611,28,0,41.17823008,-75.98447579,42079.0,1583,1567,27,0,1540,1523,317646,44,1,0,43,44
2020-04-16,US,Pennsylvania,Lycoming,30,0,0,41.34310539,-77.06629984,42081.0,30,30,0,0,30,29,113664,0,0,0,0,1
2020-04-16,US,Pennsylvania,McKean,4,0,0,41.80938602,-78.56478358,42083.0,4,4,0,0,4,4,40968,0,0,0,0,0
2020-04-16,US,Pennsylvania,Mercer,50,0,0,41.30248872,-80.25816981,42085.0,50,47,0,0,47,44,110683,3,0,0,3,3
2020-04-16,US,Pennsylvania,Mifflin,15,0,0,40.61116939,-77.61070738,42087.0,15,15,0,0,15,16,46222,0,0,0,0,-1
2020-04-16,US,Pennsylvania,Monroe,898,29,0,41.05934058,-75.34031025,42089.0,869,872,28,0,844,847,169507,26,1,0,25,25
2020-04-16,US,Pennsylvania,Montgomery,2544,89,0,40.21053671,-75.36652296,42091.0,2455,2475,82,0,2393,2354,828604,69,7,0,62,121
2020-04-16,US,Pennsylvania,Montour,48,0,0,41.03023987,-76.66345939,42093.0,48,44,0,0,44,44,18240,4,0,0,4,0
2020-04-16,US,Pennsylvania,Northampton,1296,25,0,40.75182733,-75.30471829,42095.0,1271,1251,25,0,1226,1176,304807,45,0,0,45,75
2020-04-16,US,Pennsylvania,Northumberland,60,0,0,40.84785433,-76.70798222,42097.0,60,56,0,0,56,48,91083,4,0,0,4,8
2020-04-16,US,Pennsylvania,Perry,17,1,0,40.40206612,-77.26297447,42099.0,16,17,1,0,16,17,46139,0,0,0,0,0
2020-04-16,US,Pennsylvania,Philadelphia,8045,264,0,40.00338507,-75.1379271,42101.0,7781,7441,222,0,7219,7130,1584138,604,42,0,562,311
2020-04-16,US,Pennsylvania,Pike,276,7,0,41.33155042,-75.03208106,42103.0,269,268,7,0,261,256,55933,8,0,0,8,12
2020-04-16,US,Pennsylvania,Potter,4,0,0,41.74471626,-77.89559864,42105.0,4,4,0,0,4,4,16622,0,0,0,0,0
2020-04-16,US,Pennsylvania,Schuylkill,236,4,0,40.70497338,-76.2150785,42107.0,232,212,3,0,209,200,142067,24,1,0,23,12
2020-04-16,US,Pennsylvania,Snyder,24,1,0,40.77129231,-77.06840691,42109.0,23,24,1,0,23,24,40540,0,0,0,0,0
2020-04-16,US,Pennsylvania,Somerset,14,0,0,39.97172723,-79.02699593,42111.0,14,14,0,0,14,13,73952,0,0,0,0,1
2020-04-16,US,Pennsylvania,Sullivan,1,0,0,41.44634738,-76.51246591,42113.0,1,1,0,0,1,1,6071,0,0,0,0,0
2020-04-16,US,Pennsylvania,Susquehanna,49,1,0,41.82147784,-75.80071959,42115.0,48,40,1,0,39,32,40589,9,0,0,9,8
2020-04-16,US,Pennsylvania,Tioga,13,1,0,41.77255149,-77.25433032,42117.0,12,13,1,0,12,13,40763,0,0,0,0,0
2020-04-16,US,Pennsylvania,Union,25,0,0,40.96188846,-77.05996014,42119.0,25,23,0,0,23,23,44785,2,0,0,2,0
2020-04-16,US,Pennsylvania,Venango,6,0,0,41.40323442,-79.75845449,42121.0,6,6,0,0,6,6,51266,0,0,0,0,0
2020-04-16,US,Pennsylvania,Warren,1,0,0,41.81304978,-79.26969577,42123.0,1,1,0,0,1,1,39498,0,0,0,0,0
2020-04-16,US,Pennsylvania,Washington,73,1,0,40.19208869,-80.24582867,42125.0,72,71,1,0,70,70,207346,2,0,0,2,1
2020-04-16,US,Pennsylvania,Wayne,77,2,0,41.64938475,-75.29956506,42127.0,75,75,2,0,73,70,51276,2,0,0,2,5
2020-04-16,US,Pennsylvania,Westmoreland,240,13,0,40.31377979999999,-79.46615476,42129.0,227,237,11,0,226,231,350611,3,2,0,1,6
2020-04-16,US,Pennsylvania,Wyoming,14,1,0,41.51955538,-76.01074915,42131.0,13,13,0,0,13,11,27046,1,1,0,0,2
2020-04-16,US,Pennsylvania,York,393,4,0,39.9210089,-76.73040131,42133.0,389,381,4,0,377,371,448273,12,0,0,12,10
2020-04-16,US,Rhode Island,Bristol,50,0,0,41.71018079,-71.28652315,44001.0,50,49,0,0,49,39,48649,1,0,0,1,10
2020-04-16,US,Rhode Island,Kent,249,0,0,41.67106337,-71.57641596,44003.0,249,244,0,0,244,169,163861,5,0,0,5,75
2020-04-16,US,Rhode Island,Newport,94,0,0,41.5642026,-71.26569799,44005.0,94,93,0,0,93,74,82542,1,0,0,1,19
2020-04-16,US,Rhode Island,Providence,2072,3,0,41.87064746,-71.57753536,44007.0,2069,1957,3,0,1954,1278,636084,115,0,0,115,679
2020-04-16,US,Rhode Island,Unassigned,902,84,0,0.0,0.0,90044.0,818,756,77,0,679,1551,,146,7,0,139,-795
2020-04-16,US,Rhode Island,Washington,162,0,0,41.45961631,-71.61435303,44009.0,162,152,0,0,152,140,126179,10,0,0,10,12
2020-04-16,US,South Carolina,Abbeville,10,0,0,34.22333378,-82.46170658,45001.0,10,10,0,0,10,9,24541,0,0,0,0,1
2020-04-16,US,South Carolina,Aiken,63,3,0,33.54338026,-81.63645384,45003.0,60,60,3,0,57,60,169401,3,0,0,3,0
2020-04-16,US,South Carolina,Allendale,5,0,0,32.98837386,-81.35321066,45005.0,5,5,0,0,5,5,8903,0,0,0,0,0
2020-04-16,US,South Carolina,Anderson,119,5,0,34.51828081,-82.63959517,45007.0,114,114,5,0,109,111,200482,5,0,0,5,3
2020-04-16,US,South Carolina,Bamberg,7,0,0,33.21927586,-81.05659969,45009.0,7,7,0,0,7,7,14275,0,0,0,0,0
2020-04-16,US,South Carolina,Barnwell,5,0,0,33.26679302,-81.43584352,45011.0,5,5,0,0,5,5,21112,0,0,0,0,0
2020-04-16,US,South Carolina,Beaufort,206,7,0,32.39226291,-80.72619758,45013.0,199,205,7,0,198,198,188715,1,0,0,1,7
2020-04-16,US,South Carolina,Berkeley,116,3,0,33.20222596,-79.94654523,45015.0,113,101,3,0,98,98,221091,15,0,0,15,3
2020-04-16,US,South Carolina,Calhoun,5,1,0,33.66926881,-80.77722168,45017.0,4,5,1,0,4,6,14520,0,0,0,0,-1
2020-04-16,US,South Carolina,Charleston,383,3,0,32.82487866,-79.96512315,45019.0,380,360,2,0,358,353,405905,23,1,0,22,7
2020-04-16,US,South Carolina,Cherokee,12,0,0,35.05122251,-81.61828622,45021.0,12,8,0,0,8,8,57078,4,0,0,4,0
2020-04-16,US,South Carolina,Chester,22,0,0,34.69249168,-81.1583216,45023.0,22,22,0,0,22,20,32251,0,0,0,0,2
2020-04-16,US,South Carolina,Chesterfield,29,0,0,34.64137396,-80.15640140000002,45025.0,29,28,0,0,28,27,45754,1,0,0,1,1
2020-04-16,US,South Carolina,Clarendon,98,6,0,33.66610974,-80.21647898,45027.0,92,90,6,0,84,89,33700,8,0,0,8,1
2020-04-16,US,South Carolina,Colleton,21,1,0,32.87582989,-80.67641292,45029.0,20,21,1,0,20,18,37660,0,0,0,0,3
2020-04-16,US,South Carolina,Darlington,49,0,0,34.33358335,-79.96027485,45031.0,49,44,0,0,44,44,66802,5,0,0,5,0
2020-04-16,US,South Carolina,Dillon,10,0,0,34.39007791,-79.37741872,45033.0,10,7,0,0,7,5,30599,3,0,0,3,2
2020-04-16,US,South Carolina,Dorchester,78,1,0,33.0794369,-80.40502652,45035.0,77,78,1,0,77,73,160647,0,0,0,0,5
2020-04-16,US,South Carolina,Edgefield,10,0,0,33.77221995,-81.96231108,45037.0,10,10,0,0,10,9,27052,0,0,0,0,1
2020-04-16,US,South Carolina,Fairfield,25,0,0,34.39287073,-81.1195624,45039.0,25,24,0,0,24,24,22402,1,0,0,1,0
2020-04-16,US,South Carolina,Florence,103,7,0,34.02361754,-79.70189312,45041.0,96,87,7,0,80,82,138159,16,0,0,16,5
2020-04-16,US,South Carolina,Georgetown,34,2,0,33.43443342,-79.33202141,45043.0,32,33,2,0,31,33,62249,1,0,0,1,0
2020-04-16,US,South Carolina,Greenville,436,11,0,34.89502264,-82.37295012,45045.0,425,400,11,0,389,373,514213,36,0,0,36,27
2020-04-16,US,South Carolina,Greenwood,31,0,0,34.15272415,-82.12715789,45047.0,31,19,0,0,19,18,70741,12,0,0,12,1
2020-04-16,US,South Carolina,Hampton,15,0,0,32.77419582,-81.13845571,45049.0,15,12,0,0,12,11,19351,3,0,0,3,1
2020-04-16,US,South Carolina,Horry,155,9,0,33.9212828,-78.99555293,45051.0,146,150,8,0,142,151,344147,5,1,0,4,-1
2020-04-16,US,South Carolina,Jasper,14,0,0,32.43171982,-81.02487495,45053.0,14,14,0,0,14,14,28971,0,0,0,0,0
2020-04-16,US,South Carolina,Kershaw,189,8,0,34.33988254,-80.58763164,45055.0,181,187,7,0,180,187,65592,2,1,0,1,0
2020-04-16,US,South Carolina,Lancaster,71,2,0,34.68270843,-80.70513032,45057.0,69,68,2,0,66,67,95380,3,0,0,3,1
2020-04-16,US,South Carolina,Laurens,18,1,0,34.48244419,-82.00490796,45059.0,17,14,1,0,13,14,66994,4,0,0,4,0
2020-04-16,US,South Carolina,Lee,35,4,0,34.16393091,-80.25690731,45061.0,31,34,3,0,31,33,17142,1,1,0,0,1
2020-04-16,US,South Carolina,Lexington,267,8,0,33.89665987,-81.27146426,45063.0,259,218,8,0,210,208,295032,49,0,0,49,10
2020-04-16,US,South Carolina,Marion,8,1,0,34.07859748,-79.36400756,45067.0,7,8,1,0,7,8,31039,0,0,0,0,0
2020-04-16,US,South Carolina,Marlboro,19,0,0,34.59905577,-79.67561152,45069.0,19,15,0,0,15,15,26398,4,0,0,4,0
2020-04-16,US,South Carolina,McCormick,5,1,0,33.90161443,-82.30794338,45065.0,4,4,1,0,3,4,9410,1,0,0,1,0
2020-04-16,US,South Carolina,Newberry,22,1,0,34.28629098,-81.59935761,45071.0,21,16,1,0,15,15,38520,6,0,0,6,1
2020-04-16,US,South Carolina,Oconee,14,0,0,34.75225169,-83.06742317,45073.0,14,14,0,0,14,14,78374,0,0,0,0,0
2020-04-16,US,South Carolina,Orangeburg,40,0,0,33.4391073,-80.79886287,45075.0,40,38,0,0,38,38,86934,2,0,0,2,0
2020-04-16,US,South Carolina,Pickens,37,0,0,34.88807695,-82.72791551,45077.0,37,34,0,0,34,34,124937,3,0,0,3,0
2020-04-16,US,South Carolina,Richland,579,13,0,34.01791263,-80.90267209,45079.0,566,548,12,0,536,535,414576,31,1,0,30,13
2020-04-16,US,South Carolina,Saluda,9,0,0,34.00795823,-81.72713237,45081.0,9,8,0,0,8,7,20544,1,0,0,1,1
2020-04-16,US,South Carolina,Spartanburg,199,5,0,34.92960077,-81.99225984,45083.0,194,191,5,0,186,190,313888,8,0,0,8,1
2020-04-16,US,South Carolina,Sumter,168,5,0,33.91826534,-80.37942316,45085.0,163,161,5,0,156,156,106512,7,0,0,7,5
2020-04-16,US,South Carolina,Union,23,0,0,34.68835752,-81.61730349,45087.0,23,23,0,0,23,23,27410,0,0,0,0,0
2020-04-16,US,South Carolina,Williamsburg,18,0,0,33.62190129,-79.72767442,45089.0,18,18,0,0,18,16,30606,0,0,0,0,2
2020-04-16,US,South Carolina,York,149,3,0,34.97281497,-81.18085944,45091.0,146,138,3,0,135,138,274118,11,0,0,11,0
2020-04-16,US,South Dakota,Aurora,1,0,0,43.71757685,-98.56050467,46003.0,1,1,0,0,1,1,2801,0,0,0,0,0
2020-04-16,US,South Dakota,Beadle,21,2,0,44.41464384,-98.27858469,46005.0,19,21,2,0,19,21,18883,0,0,0,0,0
2020-04-16,US,South Dakota,Bon Homme,4,0,0,42.98914167,-97.88592746,46009.0,4,4,0,0,4,4,6980,0,0,0,0,0
2020-04-16,US,South Dakota,Brookings,9,0,0,44.36974375,-96.79079945,46011.0,9,9,0,0,9,9,35232,0,0,0,0,0
2020-04-16,US,South Dakota,Brown,15,0,0,45.58994323,-98.35165355,46013.0,15,15,0,0,15,14,39316,0,0,0,0,1
2020-04-16,US,South Dakota,Charles Mix,4,0,0,43.20660134,-98.58856175,46023.0,4,4,0,0,4,4,9338,0,0,0,0,0
2020-04-16,US,South Dakota,Clark,1,0,0,44.85834507,-97.72925109,46025.0,1,1,0,0,1,1,3739,0,0,0,0,0
2020-04-16,US,South Dakota,Clay,5,0,0,42.91296147,-96.97656917,46027.0,5,5,0,0,5,5,14041,0,0,0,0,0
2020-04-16,US,South Dakota,Codington,13,0,0,44.97788119,-97.18827677,46029.0,13,13,0,0,13,13,28015,0,0,0,0,0
2020-04-16,US,South Dakota,Corson,1,0,0,45.70889983,-101.1970473,46031.0,1,1,0,0,1,1,4165,0,0,0,0,0
2020-04-16,US,South Dakota,Davison,3,0,0,43.67490933,-98.14458906,46035.0,3,3,0,0,3,3,19790,0,0,0,0,0
2020-04-16,US,South Dakota,Deuel,1,0,0,44.75994309,-96.66943645,46039.0,1,1,0,0,1,1,4337,0,0,0,0,0
2020-04-16,US,South Dakota,Fall River,1,0,0,43.23929297,-103.5275691,46047.0,1,1,0,0,1,1,6758,0,0,0,0,0
2020-04-16,US,South Dakota,Faulk,1,0,0,45.07082625,-99.14535601,46049.0,1,1,0,0,1,1,2330,0,0,0,0,0
2020-04-16,US,South Dakota,Hamlin,2,0,0,44.67385954,-97.18829593,46057.0,2,1,0,0,1,1,6111,1,0,0,1,0
2020-04-16,US,South Dakota,Hughes,5,0,0,44.39091534,-99.99661148,46065.0,5,5,0,0,5,5,17650,0,0,0,0,0
2020-04-16,US,South Dakota,Hutchinson,2,0,0,43.33449012,-97.75536441,46067.0,2,2,0,0,2,2,7380,0,0,0,0,0
2020-04-16,US,South Dakota,Hyde,1,0,0,44.54747703,-99.48572582,46069.0,1,1,0,0,1,1,1282,0,0,0,0,0
2020-04-16,US,South Dakota,Jerauld,4,0,0,44.06637798,-98.62965972,46073.0,4,3,0,0,3,3,2043,1,0,0,1,0
2020-04-16,US,South Dakota,Lake,3,0,0,44.02193107,-97.12926365,46079.0,3,2,0,0,2,2,13057,1,0,0,1,0
2020-04-16,US,South Dakota,Lawrence,9,0,0,44.35919441,-103.7929428,46081.0,9,9,0,0,9,9,25741,0,0,0,0,0
2020-04-16,US,South Dakota,Lincoln,71,0,0,43.27841182,-96.7203905,46083.0,71,65,0,0,65,55,58807,6,0,0,6,10
2020-04-16,US,South Dakota,Lyman,2,0,0,43.89522709,-99.85201878,46085.0,2,2,0,0,2,2,3821,0,0,0,0,0
2020-04-16,US,South Dakota,Marshall,1,0,0,45.75870838,-97.59855639,46091.0,1,1,0,0,1,1,5112,0,0,0,0,0
2020-04-16,US,South Dakota,McCook,3,1,0,43.6742571,-97.36863144,46087.0,2,3,1,0,2,2,5546,0,0,0,0,1
2020-04-16,US,South Dakota,Meade,1,0,0,44.56676791,-102.7162741,46093.0,1,1,0,0,1,1,28294,0,0,0,0,0
2020-04-16,US,South Dakota,Miner,1,0,0,44.02197882,-97.60992207,46097.0,1,1,0,0,1,1,2213,0,0,0,0,0
2020-04-16,US,South Dakota,Minnehaha,1065,3,0,43.67441641,-96.7910885,46099.0,1062,934,2,0,932,768,192876,131,1,0,130,166
2020-04-16,US,South Dakota,Moody,1,0,0,44.02266214,-96.67081159,46101.0,1,,,,,,6579,,,,,
2020-04-16,US,South Dakota,Oglala Lakota,1,0,0,43.33749164,-102.5555498,46102.0,1,1,0,0,1,1,14309,0,0,0,0,0
2020-04-16,US,South Dakota,Pennington,10,1,0,44.0025835,-102.8240777,46103.0,9,9,1,0,8,9,111729,1,0,0,1,0
2020-04-16,US,South Dakota,Roberts,4,0,0,45.62975048,-96.94672673,46109.0,4,4,0,0,4,4,10447,0,0,0,0,0
2020-04-16,US,South Dakota,Sanborn,3,0,0,44.02351092,-98.0909816,46111.0,3,3,0,0,3,2,2429,0,0,0,0,1
2020-04-16,US,South Dakota,Spink,3,0,0,44.93837606,-98.34626602,46115.0,3,3,0,0,3,3,6495,0,0,0,0,0
2020-04-16,US,South Dakota,Sully,1,0,0,44.71571812,-100.1278092,46119.0,1,1,0,0,1,1,1392,0,0,0,0,0
2020-04-16,US,South Dakota,Todd,1,0,0,43.19338568,-100.7195503,46121.0,1,1,0,0,1,1,10283,0,0,0,0,0
2020-04-16,US,South Dakota,Turner,5,0,0,43.3109081,-97.14865776,46125.0,5,5,0,0,5,5,8424,0,0,0,0,0
2020-04-16,US,South Dakota,Union,4,0,0,42.83112163,-96.6557828,46127.0,4,4,0,0,4,5,15619,0,0,0,0,-1
2020-04-16,US,South Dakota,Walworth,5,0,0,45.43019636,-100.0307514,46129.0,5,5,0,0,5,2,5587,0,0,0,0,3
2020-04-16,US,South Dakota,Yankton,23,0,0,43.00924485,-97.39467635,46135.0,23,22,0,0,22,22,22869,1,0,0,1,0
2020-04-16,US,Tennessee,Anderson,16,1,0,36.12684348,-84.19965764,47001.0,15,15,1,0,14,15,76482,1,0,0,1,0
2020-04-16,US,Tennessee,Bedford,33,2,0,35.51123746,-86.45549096,47003.0,31,25,2,0,23,25,49038,8,0,0,8,0
2020-04-16,US,Tennessee,Benton,4,0,0,36.07110411,-88.06849355,47005.0,4,4,0,0,4,4,16184,0,0,0,0,0
2020-04-16,US,Tennessee,Bledsoe,7,0,0,35.59942968,-85.20611967,47007.0,7,8,0,0,8,8,14755,-1,0,0,-1,0
2020-04-16,US,Tennessee,Blount,47,3,0,35.68938198,-83.92847788,47009.0,44,47,3,0,44,47,131349,0,0,0,0,0
2020-04-16,US,Tennessee,Bradley,33,1,0,35.15739424,-84.857186,47011.0,32,33,1,0,32,33,106727,0,0,0,0,0
2020-04-16,US,Tennessee,Campbell,12,1,0,36.40355516,-84.15108559999999,47013.0,11,12,0,0,12,12,39583,0,1,0,-1,0
2020-04-16,US,Tennessee,Cannon,7,0,0,35.80990797,-86.05738983,47015.0,7,7,0,0,7,7,14462,0,0,0,0,0
2020-04-16,US,Tennessee,Carroll,13,0,0,35.97366108,-88.45189331,47017.0,13,12,0,0,12,12,28020,1,0,0,1,0
2020-04-16,US,Tennessee,Carter,4,1,0,36.28969086,-82.12588974,47019.0,3,3,1,0,2,3,56351,1,0,0,1,0
2020-04-16,US,Tennessee,Cheatham,19,0,0,36.26136216,-87.08903581,47021.0,19,19,0,0,19,19,40439,0,0,0,0,0
2020-04-16,US,Tennessee,Chester,6,0,0,35.42527478,-88.6095842,47023.0,6,5,0,0,5,5,17276,1,0,0,1,0
2020-04-16,US,Tennessee,Claiborne,5,0,0,36.48319149,-83.65947309,47025.0,5,5,0,0,5,5,31756,0,0,0,0,0
2020-04-16,US,Tennessee,Clay,5,0,0,36.55151008,-85.53930419,47027.0,5,4,0,0,4,4,7717,1,0,0,1,0
2020-04-16,US,Tennessee,Cocke,8,0,0,35.9278914,-83.11828725,47029.0,8,5,0,0,5,5,35774,3,0,0,3,0
2020-04-16,US,Tennessee,Coffee,13,0,0,35.49090731,-86.07311784,47031.0,13,12,0,0,12,12,55700,1,0,0,1,0
2020-04-16,US,Tennessee,Cumberland,53,0,0,35.95271721,-84.99840585,47035.0,53,51,0,0,51,51,59673,2,0,0,2,0
2020-04-16,US,Tennessee,Davidson,1492,19,0,36.17007426,-86.78646056,47037.0,1473,1237,18,0,1219,1237,692587,255,1,0,254,0
2020-04-16,US,Tennessee,DeKalb,10,0,0,35.97616272,-85.83689361,47041.0,10,10,0,0,10,10,20138,0,0,0,0,0
2020-04-16,US,Tennessee,Decatur,3,0,0,35.60048904,-88.11043779,47039.0,3,3,0,0,3,3,11706,0,0,0,0,0
2020-04-16,US,Tennessee,Dickson,37,0,0,36.14669837,-87.35891709,47043.0,37,33,0,0,33,33,53446,4,0,0,4,0
2020-04-16,US,Tennessee,Dyer,24,0,0,36.05931946,-89.41542855,47045.0,24,22,0,0,22,22,37320,2,0,0,2,0
2020-04-16,US,Tennessee,Fayette,39,1,0,35.19615831,-89.41399032,47047.0,38,37,0,0,37,37,40507,2,1,0,1,0
2020-04-16,US,Tennessee,Fentress,3,0,0,36.38128818,-84.92870012,47049.0,3,3,0,0,3,3,18217,0,0,0,0,0
2020-04-16,US,Tennessee,Franklin,23,1,0,35.15634626,-86.09201039,47051.0,22,23,1,0,22,23,41890,0,0,0,0,0
2020-04-16,US,Tennessee,Gibson,24,0,0,35.99438059,-88.93358327,47053.0,24,21,0,0,21,21,49045,3,0,0,3,0
2020-04-16,US,Tennessee,Giles,4,0,0,35.20222469,-87.03992678,47055.0,4,3,0,0,3,3,29503,1,0,0,1,0
2020-04-16,US,Tennessee,Grainger,4,0,0,36.27469206,-83.51254721,47057.0,4,4,0,0,4,4,23145,0,0,0,0,0
2020-04-16,US,Tennessee,Greene,28,2,0,36.17470125,-82.84691273,47059.0,26,27,2,0,25,27,69087,1,0,0,1,0
2020-04-16,US,Tennessee,Grundy,24,1,0,35.38433717,-85.72142731,47061.0,23,23,1,0,22,23,13346,1,0,0,1,0
2020-04-16,US,Tennessee,Hamblen,7,1,0,36.21990035,-83.26586179,47063.0,6,6,1,0,5,6,64569,1,0,0,1,0
2020-04-16,US,Tennessee,Hamilton,109,11,0,35.17670231,-85.16652245,47065.0,98,110,11,0,99,110,364286,-1,0,0,-1,0
2020-04-16,US,Tennessee,Hardeman,7,0,0,35.20772017,-88.99161161,47069.0,7,7,0,0,7,7,25220,0,0,0,0,0
2020-04-16,US,Tennessee,Hardin,4,0,0,35.19732531,-88.18593755,47071.0,4,2,0,0,2,2,25776,2,0,0,2,0
2020-04-16,US,Tennessee,Hawkins,26,2,0,36.44355426,-82.94885298,47073.0,24,24,2,0,22,24,56530,2,0,0,2,0
2020-04-16,US,Tennessee,Haywood,12,1,0,35.58332824,-89.28536625,47075.0,11,12,1,0,11,12,17335,0,0,0,0,0
2020-04-16,US,Tennessee,Henderson,2,0,0,35.65581134,-88.38600175,47077.0,2,2,0,0,2,2,27847,0,0,0,0,0
2020-04-16,US,Tennessee,Henry,8,0,0,36.33160906,-88.30121797,47079.0,8,8,0,0,8,8,32358,0,0,0,0,0
2020-04-16,US,Tennessee,Hickman,2,0,0,35.80609681,-87.47643507,47081.0,2,2,0,0,2,2,25063,0,0,0,0,0
2020-04-16,US,Tennessee,Houston,4,0,0,36.28872054,-87.71878828,47083.0,4,3,0,0,3,3,8263,1,0,0,1,0
2020-04-16,US,Tennessee,Humphreys,4,0,0,36.03958805,-87.77992872,47085.0,4,4,0,0,4,4,18486,0,0,0,0,0
2020-04-16,US,Tennessee,Jackson,6,0,0,36.36380466,-85.67239905,47087.0,6,7,0,0,7,7,11758,-1,0,0,-1,0
2020-04-16,US,Tennessee,Jefferson,16,1,0,36.04818632,-83.45148924,47089.0,15,16,0,0,16,16,54012,0,1,0,-1,0
2020-04-16,US,Tennessee,Johnson,2,0,0,36.45523950000001,-81.84886538,47091.0,2,2,0,0,2,2,17778,0,0,0,0,0
2020-04-16,US,Tennessee,Knox,179,4,0,35.99508821,-83.94635435,47093.0,175,174,4,0,170,174,465289,5,0,0,5,0
2020-04-16,US,Tennessee,Lake,4,0,0,36.34180170000001,-89.48921915,47095.0,4,4,0,0,4,4,7411,0,0,0,0,0
2020-04-16,US,Tennessee,Lauderdale,12,0,0,35.75893438,-89.63015909999999,47097.0,12,9,0,0,9,9,25825,3,0,0,3,0
2020-04-16,US,Tennessee,Lawrence,15,0,0,35.21675201,-87.39787695,47099.0,15,15,0,0,15,15,43734,0,0,0,0,0
2020-04-16,US,Tennessee,Lewis,2,0,0,35.52853208,-87.49022694,47101.0,2,2,0,0,2,2,12086,0,0,0,0,0
2020-04-16,US,Tennessee,Lincoln,9,0,0,35.13738622,-86.58910106,47103.0,9,9,0,0,9,9,34117,0,0,0,0,0
2020-04-16,US,Tennessee,Loudon,18,0,0,35.73939663,-84.31145275,47105.0,18,17,0,0,17,17,53054,1,0,0,1,0
2020-04-16,US,Tennessee,Macon,29,3,0,36.53157855,-86.00778595,47111.0,26,27,2,0,25,27,24265,2,1,0,1,0
2020-04-16,US,Tennessee,Madison,75,0,0,35.61181957,-88.84076036,47113.0,75,73,0,0,73,73,97605,2,0,0,2,0
2020-04-16,US,Tennessee,Marion,27,1,0,35.12997174,-85.62265895,47115.0,26,26,1,0,25,26,28575,1,0,0,1,0
2020-04-16,US,Tennessee,Marshall,9,1,0,35.45798777,-86.76420988,47117.0,8,9,1,0,8,9,33683,0,0,0,0,0
2020-04-16,US,Tennessee,Maury,33,0,0,35.6187413,-87.07462444,47119.0,33,33,0,0,33,33,94340,0,0,0,0,0
2020-04-16,US,Tennessee,McMinn,5,0,0,35.42812616,-84.61520715,47107.0,5,5,0,0,5,5,53285,0,0,0,0,0
2020-04-16,US,Tennessee,McNairy,9,0,0,35.17468549,-88.5647812,47109.0,9,9,0,0,9,9,25832,0,0,0,0,0
2020-04-16,US,Tennessee,Meigs,3,0,0,35.51558739,-84.81482914,47121.0,3,3,0,0,3,3,12306,0,0,0,0,0
2020-04-16,US,Tennessee,Monroe,9,0,0,35.44550387,-84.24902965,47123.0,9,9,0,0,9,9,46357,0,0,0,0,0
2020-04-16,US,Tennessee,Montgomery,102,2,0,36.49609412,-87.38550661,47125.0,100,102,2,0,100,102,205950,0,0,0,0,0
2020-04-16,US,Tennessee,Moore,1,0,0,35.27724699,-86.36230578,47127.0,1,,,,,,6411,,,,,
2020-04-16,US,Tennessee,Morgan,5,0,0,36.13248031,-84.64880098,47129.0,5,6,0,0,6,6,21579,-1,0,0,-1,0
2020-04-16,US,Tennessee,Obion,8,1,0,36.35732446,-89.14921589,47131.0,7,8,1,0,7,8,30267,0,0,0,0,0
2020-04-16,US,Tennessee,Out of TN,243,1,0,0.0,0.0,80047.0,242,260,1,0,259,260,,-17,0,0,-17,0
2020-04-16,US,Tennessee,Overton,7,0,0,36.34117832,-85.28989535,47133.0,7,5,0,0,5,5,22068,2,0,0,2,0
2020-04-16,US,Tennessee,Perry,5,0,0,35.63708728,-87.86139634,47135.0,5,4,0,0,4,4,8064,1,0,0,1,0
2020-04-16,US,Tennessee,Polk,5,0,0,35.12245443,-84.52075859,47139.0,5,5,0,0,5,5,16898,0,0,0,0,0
2020-04-16,US,Tennessee,Putnam,93,0,0,36.14005459,-85.50646123,47141.0,93,92,0,0,92,92,78843,1,0,0,1,0
2020-04-16,US,Tennessee,Roane,6,0,0,35.84923189,-84.52458689,47145.0,6,5,0,0,5,5,53140,1,0,0,1,0
2020-04-16,US,Tennessee,Robertson,94,0,0,36.52454807,-86.87346725,47147.0,94,88,0,0,88,88,71012,6,0,0,6,0
2020-04-16,US,Tennessee,Rutherford,269,6,0,35.84591405,-86.4107263,47149.0,263,253,6,0,247,253,324890,16,0,0,16,0
2020-04-16,US,Tennessee,Scott,11,0,0,36.42325673,-84.50360494,47151.0,11,10,0,0,10,10,22039,1,0,0,1,0
2020-04-16,US,Tennessee,Sequatchie,3,0,0,35.36979721,-85.41022136,47153.0,3,3,0,0,3,3,14876,0,0,0,0,0
2020-04-16,US,Tennessee,Sevier,22,0,0,35.78077323,-83.52244332,47155.0,22,22,0,0,22,22,97892,0,0,0,0,0
2020-04-16,US,Tennessee,Shelby,1508,32,0,35.1864775,-89.89692423,47157.0,1476,1359,26,0,1333,1359,935764,149,6,0,143,0
2020-04-16,US,Tennessee,Smith,10,1,0,36.25359775,-85.95411046,47159.0,9,10,0,0,10,10,19942,0,1,0,-1,0
2020-04-16,US,Tennessee,Stewart,4,0,0,36.50235092,-87.83920548,47161.0,4,4,0,0,4,4,13561,0,0,0,0,0
2020-04-16,US,Tennessee,Sullivan,43,1,0,36.51240691,-82.30412917,47163.0,42,43,1,0,42,43,157668,0,0,0,0,0
2020-04-16,US,Tennessee,Sumner,478,27,0,36.46824103,-86.45917204,47165.0,451,466,27,0,439,466,187149,12,0,0,12,0
2020-04-16,US,Tennessee,Tipton,53,0,0,35.501942,-89.73694895,47167.0,53,52,0,0,52,52,61581,1,0,0,1,0
2020-04-16,US,Tennessee,Trousdale,19,1,0,36.39026213,-86.16087954,47169.0,18,20,1,0,19,20,11012,-1,0,0,-1,0
2020-04-16,US,Tennessee,Unassigned,197,0,0,0.0,0.0,90047.0,197,136,0,0,136,136,,61,0,0,61,0
2020-04-16,US,Tennessee,Unicoi,1,0,0,36.10890856,-82.43709629,47171.0,1,1,0,0,1,1,17761,0,0,0,0,0
2020-04-16,US,Tennessee,Union,3,0,0,36.28590426,-83.83651902,47173.0,3,3,0,0,3,3,19688,0,0,0,0,0
2020-04-16,US,Tennessee,Van Buren,1,0,0,35.69864497,-85.45221699,47175.0,1,1,0,0,1,1,5765,0,0,0,0,0
2020-04-16,US,Tennessee,Warren,4,0,0,35.6728299,-85.77969117,47177.0,4,4,0,0,4,4,40878,0,0,0,0,0
2020-04-16,US,Tennessee,Washington,45,0,0,36.29472368,-82.49454720000001,47179.0,45,44,0,0,44,44,128607,1,0,0,1,0
2020-04-16,US,Tennessee,Wayne,2,0,0,35.23868267,-87.78644456,47181.0,2,2,0,0,2,2,16558,0,0,0,0,0
2020-04-16,US,Tennessee,Weakley,6,0,0,36.29896232,-88.71990865,47183.0,6,6,0,0,6,6,33415,0,0,0,0,0
2020-04-16,US,Tennessee,White,4,0,0,35.92929884,-85.45591799,47185.0,4,4,0,0,4,4,27107,0,0,0,0,0
2020-04-16,US,Tennessee,Williamson,321,5,0,35.89099229,-86.89281867,47187.0,316,322,5,0,317,322,231729,-1,0,0,-1,0
2020-04-16,US,Tennessee,Wilson,155,1,0,36.15496772,-86.29775884,47189.0,154,145,1,0,144,145,140625,10,0,0,10,0
2020-04-16,US,Texas,Anderson,6,0,0,31.81534745,-95.65354823,48001.0,6,6,0,0,6,4,58057,0,0,0,0,2
2020-04-16,US,Texas,Andrews,19,0,0,32.30468633,-102.6376548,48003.0,19,13,0,0,13,13,18128,6,0,0,6,0
2020-04-16,US,Texas,Angelina,20,0,0,31.25457347,-94.60901487,48005.0,20,17,0,0,17,18,87092,3,0,0,3,-1
2020-04-16,US,Texas,Aransas,2,0,0,28.10556197,-96.9995047,48007.0,2,2,0,0,2,2,23792,0,0,0,0,0
2020-04-16,US,Texas,Armstrong,1,0,0,34.96507426,-101.3574874,48011.0,1,1,0,0,1,1,1892,0,0,0,0,0
2020-04-16,US,Texas,Atascosa,9,0,0,28.89333001,-98.52730485,48013.0,9,9,0,0,9,9,50310,0,0,0,0,0
2020-04-16,US,Texas,Austin,12,0,0,29.88548725,-96.27736949,48015.0,12,12,0,0,12,12,29989,0,0,0,0,0
2020-04-16,US,Texas,Bandera,3,0,0,29.74619598,-99.24598147,48019.0,3,2,0,0,2,2,22824,1,0,0,1,0
2020-04-16,US,Texas,Bastrop,38,1,0,30.10370699,-97.31206354,48021.0,37,32,1,0,31,27,86976,6,0,0,6,5
2020-04-16,US,Texas,Bee,3,0,0,28.41761668,-97.74215593,48025.0,3,3,0,0,3,3,32587,0,0,0,0,0
2020-04-16,US,Texas,Bell,115,3,0,31.03736027,-97.4785025,48027.0,112,110,3,0,107,107,355642,5,0,0,5,3
2020-04-16,US,Texas,Bexar,890,37,0,29.44928723,-98.52019748,48029.0,853,815,33,0,782,794,1986049,75,4,0,71,21
2020-04-16,US,Texas,Blanco,4,0,0,30.26640707,-98.3999852,48031.0,4,4,0,0,4,4,11702,0,0,0,0,0
2020-04-16,US,Texas,Bosque,1,0,0,31.89978581,-97.63613524,48035.0,1,1,0,0,1,,18691,0,0,0,0,
2020-04-16,US,Texas,Bowie,45,1,0,33.44626922,-94.41834132,48037.0,44,37,1,0,36,32,94324,8,0,0,8,5
2020-04-16,US,Texas,Brazoria,272,3,0,29.18757369,-95.44563172,48039.0,269,259,3,0,256,250,370200,13,0,0,13,9
2020-04-16,US,Texas,Brazos,151,13,0,30.663644800000004,-96.30205577,48041.0,138,149,13,0,136,143,226758,2,0,0,2,6
2020-04-16,US,Texas,Brown,12,1,0,31.77430356,-98.99907113,48049.0,11,11,1,0,10,11,37924,1,0,0,1,0
2020-04-16,US,Texas,Burleson,8,0,0,30.49273808,-96.62158484,48051.0,8,8,0,0,8,6,18389,0,0,0,0,2
2020-04-16,US,Texas,Burnet,7,0,0,30.78801353,-98.181887,48053.0,7,7,0,0,7,6,47542,0,0,0,0,1
2020-04-16,US,Texas,Caldwell,7,0,0,29.83668859,-97.61814775,48055.0,7,6,0,0,6,6,43247,1,0,0,1,0
2020-04-16,US,Texas,Calhoun,19,0,0,28.47048236,-96.61633945,48057.0,19,19,0,0,19,19,21561,0,0,0,0,0
2020-04-16,US,Texas,Callahan,1,0,0,32.29760619,-99.37326312,48059.0,1,1,0,0,1,1,13994,0,0,0,0,0
2020-04-16,US,Texas,Cameron,254,3,0,26.14524221,-97.48140372,48061.0,251,239,3,0,236,216,423908,15,0,0,15,23
2020-04-16,US,Texas,Camp,6,0,0,32.97195142,-94.97790104,48063.0,6,5,0,0,5,5,13033,1,0,0,1,0
2020-04-16,US,Texas,Cass,6,0,0,33.07499881,-94.34646905,48067.0,6,6,0,0,6,5,30119,0,0,0,0,1
2020-04-16,US,Texas,Castro,11,1,0,34.53016752,-102.2617243,48069.0,10,11,1,0,10,11,7665,0,0,0,0,0
2020-04-16,US,Texas,Chambers,33,0,0,29.70972016,-94.67154501,48071.0,33,31,0,0,31,29,42454,2,0,0,2,2
2020-04-16,US,Texas,Cherokee,9,1,0,31.837258,-95.16559897,48073.0,8,9,1,0,8,8,52592,0,0,0,0,1
2020-04-16,US,Texas,Clay,3,0,0,33.78686685,-98.20771198,48077.0,3,3,0,0,3,2,10456,0,0,0,0,1
2020-04-16,US,Texas,Collin,505,11,0,33.18820114,-96.57264368,48085.0,494,477,10,0,467,472,1005146,28,1,0,27,5
2020-04-16,US,Texas,Colorado,7,0,0,29.622098,-96.5273805,48089.0,7,7,0,0,7,7,21217,0,0,0,0,0
2020-04-16,US,Texas,Comal,43,6,0,29.80811278,-98.27647225,48091.0,37,43,6,0,37,38,148373,0,0,0,0,5
2020-04-16,US,Texas,Comanche,3,0,0,31.94854689,-98.55876441,48093.0,3,3,0,0,3,3,13534,0,0,0,0,0
2020-04-16,US,Texas,Concho,1,0,0,31.32635934,-99.86473038,48095.0,1,1,0,0,1,1,4276,0,0,0,0,0
2020-04-16,US,Texas,Cooke,2,0,0,33.63979567,-97.21240912,48097.0,2,2,0,0,2,2,40574,0,0,0,0,0
2020-04-16,US,Texas,Coryell,70,0,0,31.39078397,-97.79936155,48099.0,70,60,0,0,60,34,74808,10,0,0,10,26
2020-04-16,US,Texas,Crane,2,0,0,31.43052248,-102.5143314,48103.0,2,2,0,0,2,2,4794,0,0,0,0,0
2020-04-16,US,Texas,Crosby,1,1,0,33.61431553,-101.3000364,48107.0,0,1,1,0,0,1,5779,0,0,0,0,0
2020-04-16,US,Texas,Dallam,2,0,0,36.27787176,-102.6020725,48111.0,2,2,0,0,2,2,7200,0,0,0,0,0
2020-04-16,US,Texas,Dallas,2066,50,0,32.76670599,-96.7779605,48113.0,2016,1986,43,0,1943,1877,2637772,80,7,0,73,109
2020-04-16,US,Texas,Dawson,8,1,0,32.74255572,-101.9477242,48115.0,7,8,1,0,7,8,12619,0,0,0,0,0
2020-04-16,US,Texas,DeWitt,10,0,0,29.08101855,-97.35681170000001,48123.0,10,10,0,0,10,,20187,0,0,0,0,
2020-04-16,US,Texas,Deaf Smith,11,0,0,34.96522957,-102.6054267,48117.0,11,11,0,0,11,11,18760,0,0,0,0,0
2020-04-16,US,Texas,Delta,1,0,0,33.38570922,-95.66921122,48119.0,1,1,0,0,1,1,5349,0,0,0,0,0
2020-04-16,US,Texas,Denton,547,14,0,33.20521901,-97.11691153,48121.0,533,521,14,0,507,507,859064,26,0,0,26,14
2020-04-16,US,Texas,Dickens,1,0,0,33.61616822,-100.7788855,48125.0,1,1,0,0,1,1,2249,0,0,0,0,0
2020-04-16,US,Texas,Dimmit,1,0,0,28.42270064,-99.75645095,48127.0,1,1,0,0,1,1,10308,0,0,0,0,0
2020-04-16,US,Texas,Donley,23,0,0,34.96517499,-100.8140093,48129.0,23,22,0,0,22,22,3319,1,0,0,1,0
2020-04-16,US,Texas,Duval,1,0,0,27.68184592,-98.50864568,48131.0,1,1,0,0,1,1,11212,0,0,0,0,0
2020-04-16,US,Texas,Eastland,3,0,0,32.32743996,-98.83243566,48133.0,3,3,0,0,3,3,18322,0,0,0,0,0
2020-04-16,US,Texas,Ector,48,2,0,31.86898877,-102.5429428,48135.0,46,46,2,0,44,45,162124,2,0,0,2,1
2020-04-16,US,Texas,El Paso,393,6,0,31.76980765,-106.2363275,48141.0,387,346,4,0,342,300,840758,47,2,0,45,46
2020-04-16,US,Texas,Ellis,81,3,0,32.34894117,-96.79371841,48139.0,78,76,3,0,73,72,179436,5,0,0,5,4
2020-04-16,US,Texas,Erath,13,1,0,32.23602653,-98.21773417,48143.0,12,13,1,0,12,13,42446,0,0,0,0,0
2020-04-16,US,Texas,Falls,1,0,0,31.25350609,-96.93630086,48145.0,1,1,0,0,1,1,17335,0,0,0,0,0
2020-04-16,US,Texas,Fannin,5,0,0,33.59564294,-96.10751083,48147.0,5,5,0,0,5,5,35286,0,0,0,0,0
2020-04-16,US,Texas,Fayette,13,0,0,29.87788372,-96.92076062,48149.0,13,12,0,0,12,10,25349,1,0,0,1,2
2020-04-16,US,Texas,Floyd,2,0,0,34.07227468,-101.3031546,48153.0,2,2,0,0,2,1,5837,0,0,0,0,1
2020-04-16,US,Texas,Fort Bend,627,15,0,29.52704478,-95.77219463,48157.0,612,627,15,0,612,543,787858,0,0,0,0,84
2020-04-16,US,Texas,Franklin,1,0,0,33.17653242,-95.21917243,48159.0,1,1,0,0,1,1,10766,0,0,0,0,0
2020-04-16,US,Texas,Freestone,1,0,0,31.70422788,-96.15072516,48161.0,1,1,0,0,1,,19808,0,0,0,0,
2020-04-16,US,Texas,Frio,1,0,0,28.86751206,-99.10804207,48163.0,1,1,0,0,1,1,19816,0,0,0,0,0
2020-04-16,US,Texas,Gaines,2,0,0,32.74055318,-102.6353295,48165.0,2,2,0,0,2,2,20901,0,0,0,0,0
2020-04-16,US,Texas,Galveston,401,13,0,29.40167322,-94.90469073,48167.0,388,392,11,0,381,377,337890,9,2,0,7,15
2020-04-16,US,Texas,Gillespie,1,0,0,30.31824095,-98.94676915,48171.0,1,1,0,0,1,1,26804,0,0,0,0,0
2020-04-16,US,Texas,Goliad,5,0,0,28.65696592,-97.42760647,48175.0,5,5,0,0,5,4,7584,0,0,0,0,1
2020-04-16,US,Texas,Gonzales,2,0,0,29.45634206,-97.49424032,48177.0,2,2,0,0,2,2,20826,0,0,0,0,0
2020-04-16,US,Texas,Gray,16,0,0,35.40081878,-100.8129222,48179.0,16,13,0,0,13,13,21895,3,0,0,3,0
2020-04-16,US,Texas,Grayson,19,0,0,33.62744998,-96.67753461,48181.0,19,19,0,0,19,17,133991,0,0,0,0,2
2020-04-16,US,Texas,Gregg,49,0,0,32.47940482,-94.81591935,48183.0,49,47,0,0,47,45,123707,2,0,0,2,2
2020-04-16,US,Texas,Grimes,9,1,0,30.54579585,-95.98902499,48185.0,8,7,0,0,7,7,28360,2,1,0,1,0
2020-04-16,US,Texas,Guadalupe,53,0,0,29.58165339,-97.94786822,48187.0,53,50,0,0,50,50,163694,3,0,0,3,0
2020-04-16,US,Texas,Hale,11,2,0,34.07044901,-101.8268114,48189.0,9,11,2,0,9,11,33830,0,0,0,0,0
2020-04-16,US,Texas,Hamilton,3,0,0,31.70470573,-98.11083887,48193.0,3,3,0,0,3,3,8484,0,0,0,0,0
2020-04-16,US,Texas,Hansford,1,0,0,36.27743284,-101.3545796,48195.0,1,1,0,0,1,1,5463,0,0,0,0,0
2020-04-16,US,Texas,Hardin,66,2,0,30.33364686,-94.38931817,48199.0,64,65,2,0,63,61,57207,1,0,0,1,4
2020-04-16,US,Texas,Harris,4306,63,0,29.86,-95.39,48201.0,4243,4097,58,0,4039,3907,4698619,209,5,0,204,190
2020-04-16,US,Texas,Harrison,35,2,0,32.54935988,-94.36934071,48203.0,33,34,2,0,32,31,66726,1,0,0,1,3
2020-04-16,US,Texas,Hays,109,1,0,30.05669873,-98.02944344,48209.0,108,103,1,0,102,93,222631,6,0,0,6,10
2020-04-16,US,Texas,Hemphill,1,0,0,35.83764858,-100.2703577,48211.0,1,1,0,0,1,1,3825,0,0,0,0,0
2020-04-16,US,Texas,Henderson,12,0,0,32.21128872,-95.85846587,48213.0,12,11,0,0,11,10,82299,1,0,0,1,1
2020-04-16,US,Texas,Hidalgo,225,2,0,26.39418217,-98.18299696,48215.0,223,217,1,0,216,198,865939,8,1,0,7,19
2020-04-16,US,Texas,Hill,9,1,0,31.99045053,-97.13423143,48217.0,8,8,0,0,8,8,36354,1,1,0,0,0
2020-04-16,US,Texas,Hockley,15,1,0,33.60771256,-102.3431676,48219.0,14,15,1,0,14,14,22980,0,0,0,0,1
2020-04-16,US,Texas,Hood,15,1,0,32.42990927,-97.83242024,48221.0,14,15,1,0,14,15,60537,0,0,0,0,0
2020-04-16,US,Texas,Hopkins,4,0,0,33.14875072,-95.56351139,48223.0,4,4,0,0,4,4,36810,0,0,0,0,0
2020-04-16,US,Texas,Howard,1,1,0,32.30621324,-101.4356444,48227.0,0,1,1,0,0,1,36459,0,0,0,0,0
2020-04-16,US,Texas,Hunt,25,2,0,33.12351514,-96.08551032,48231.0,23,22,2,0,20,22,96493,3,0,0,3,0
2020-04-16,US,Texas,Hutchinson,6,0,0,35.84006574,-101.3546643,48233.0,6,3,0,0,3,3,21198,3,0,0,3,0
2020-04-16,US,Texas,Jack,3,0,0,33.23377248,-98.17283469,48237.0,3,3,0,0,3,2,8843,0,0,0,0,1
2020-04-16,US,Texas,Jackson,4,0,0,28.95472367,-96.57749563,48239.0,4,4,0,0,4,4,14874,0,0,0,0,0
2020-04-16,US,Texas,Jasper,7,1,0,30.74685667,-94.02667579,48241.0,6,7,1,0,6,7,35872,0,0,0,0,0
2020-04-16,US,Texas,Jefferson,143,6,0,29.8832777,-94.16434171,48245.0,137,140,6,0,134,134,255001,3,0,0,3,6
2020-04-16,US,Texas,Jim Wells,2,0,0,27.73103938,-98.0904705,48249.0,2,2,0,0,2,2,40822,0,0,0,0,0
2020-04-16,US,Texas,Johnson,37,1,0,32.37877812,-97.36615819,48251.0,36,34,1,0,33,31,171361,3,0,0,3,3
2020-04-16,US,Texas,Jones,3,0,0,32.73997145,-99.87861576,48253.0,3,2,0,0,2,2,19817,1,0,0,1,0
2020-04-16,US,Texas,Karnes,3,0,0,28.90705334,-97.85960149,48255.0,3,3,0,0,3,3,15650,0,0,0,0,0
2020-04-16,US,Texas,Kaufman,33,0,0,32.599141700000004,-96.28734728,48257.0,33,33,0,0,33,32,128622,0,0,0,0,1
2020-04-16,US,Texas,Kendall,14,0,0,29.94414155,-98.7113588,48259.0,14,14,0,0,14,12,45641,0,0,0,0,2
2020-04-16,US,Texas,Kerr,4,0,0,30.06040006,-99.34930144,48265.0,4,3,0,0,3,2,52405,1,0,0,1,1
2020-04-16,US,Texas,Kleberg,3,1,0,27.42435506,-97.69894948,48273.0,2,3,1,0,2,2,31129,0,0,0,0,1
2020-04-16,US,Texas,Knox,1,0,0,33.60519951,-99.7422906,48275.0,1,1,0,0,1,1,3653,0,0,0,0,0
2020-04-16,US,Texas,La Salle,1,0,0,28.34453111,-99.09908775,48283.0,1,,,,,,7531,,,,,
2020-04-16,US,Texas,Lamar,7,0,0,33.66981763,-95.57404777,48277.0,7,7,0,0,7,8,49728,0,0,0,0,-1
2020-04-16,US,Texas,Lamb,2,0,0,34.06859623,-102.3516289,48279.0,2,2,0,0,2,2,13158,0,0,0,0,0
2020-04-16,US,Texas,Lampasas,2,0,0,31.19531316,-98.24206613,48281.0,2,3,0,0,3,2,21229,-1,0,0,-1,1
2020-04-16,US,Texas,Lavaca,4,0,0,29.38508402,-96.93186692,48285.0,4,4,0,0,4,4,20110,0,0,0,0,0
2020-04-16,US,Texas,Lee,2,0,0,30.31120597,-96.97045773,48287.0,2,2,0,0,2,2,17144,0,0,0,0,0
2020-04-16,US,Texas,Leon,4,0,0,31.29872538,-95.9936328,48289.0,4,3,0,0,3,3,17270,1,0,0,1,0
2020-04-16,US,Texas,Liberty,25,0,0,30.15152688,-94.81205615,48291.0,25,23,0,0,23,20,86323,2,0,0,2,3
2020-04-16,US,Texas,Limestone,11,1,0,31.5454767,-96.58095444,48293.0,10,11,1,0,10,11,23519,0,0,0,0,0
2020-04-16,US,Texas,Live Oak,3,0,0,28.35101362,-98.1246786,48297.0,3,3,0,0,3,3,12166,0,0,0,0,0
2020-04-16,US,Texas,Llano,3,0,0,30.70645047,-98.68475262,48299.0,3,3,0,0,3,3,21646,0,0,0,0,0
2020-04-16,US,Texas,Lubbock,367,25,0,33.61008596,-101.8204789,48303.0,342,330,25,0,305,317,307412,37,0,0,37,13
2020-04-16,US,Texas,Lynn,5,0,0,33.17657705,-101.8162849,48305.0,5,5,0,0,5,5,5877,0,0,0,0,0
2020-04-16,US,Texas,Madison,1,0,0,30.96694679,-95.93003775,48313.0,1,1,0,0,1,1,14422,0,0,0,0,0
2020-04-16,US,Texas,Marion,3,0,0,32.79868409,-94.3566123,48315.0,3,,,,,,9928,,,,,
2020-04-16,US,Texas,Martin,2,0,0,32.30600051,-101.9513518,48317.0,2,2,0,0,2,2,5753,0,0,0,0,0
2020-04-16,US,Texas,Mason,1,0,0,30.71780434,-99.22629416,48319.0,1,1,0,0,1,1,4280,0,0,0,0,0
2020-04-16,US,Texas,Matagorda,51,3,0,28.81955746,-96.01230294,48321.0,48,51,3,0,48,49,36552,0,0,0,0,2
2020-04-16,US,Texas,Maverick,10,0,0,28.7429195,-100.3157686,48323.0,10,10,0,0,10,10,58485,0,0,0,0,0
2020-04-16,US,Texas,McCulloch,3,0,0,31.1925468,-99.34682807,48307.0,3,3,0,0,3,3,7987,0,0,0,0,0
2020-04-16,US,Texas,McLennan,74,4,0,31.55255453,-97.20217694,48309.0,70,74,3,0,71,71,254607,0,1,0,-1,3
2020-04-16,US,Texas,Medina,15,2,0,29.3557301,-99.11030298,48325.0,13,13,1,0,12,13,50921,2,1,0,1,0
2020-04-16,US,Texas,Midland,37,2,0,31.86904128,-102.0315682,48329.0,35,35,2,0,33,32,172578,2,0,0,2,3
2020-04-16,US,Texas,Milam,8,0,0,30.78581830000001,-96.97718698,48331.0,8,8,0,0,8,8,25131,0,0,0,0,0
2020-04-16,US,Texas,Mitchell,1,0,0,32.30623474,-100.9212058,48335.0,1,1,0,0,1,1,8145,0,0,0,0,0
2020-04-16,US,Texas,Montague,5,0,0,33.67521893,-97.72500958,48337.0,5,5,0,0,5,5,19596,0,0,0,0,0
2020-04-16,US,Texas,Montgomery,331,6,0,30.30079133,-95.50572772,48339.0,325,331,6,0,325,308,590925,0,0,0,0,23
2020-04-16,US,Texas,Moore,59,0,0,35.83769242,-101.8930281,48341.0,59,52,0,0,52,36,21485,7,0,0,7,16
2020-04-16,US,Texas,Morris,3,0,0,33.11304005,-94.73255695,48343.0,3,3,0,0,3,3,12339,0,0,0,0,0
2020-04-16,US,Texas,Motley,1,0,0,34.07408766,-100.779722,48345.0,1,1,0,0,1,1,1234,0,0,0,0,0
2020-04-16,US,Texas,Nacogdoches,69,6,0,31.62017125,-94.61803994,48347.0,63,64,6,0,58,56,65711,5,0,0,5,8
2020-04-16,US,Texas,Navarro,18,2,0,32.04620681,-96.47428766,48349.0,16,16,2,0,14,16,49565,2,0,0,2,0
2020-04-16,US,Texas,Newton,2,0,0,30.78548982,-93.74408813,48351.0,2,2,0,0,2,2,13746,0,0,0,0,0
2020-04-16,US,Texas,Nueces,83,0,0,27.736286,-97.5433285,48355.0,83,83,0,0,83,79,362265,0,0,0,0,4
2020-04-16,US,Texas,Oldham,3,1,0,35.40425596,-102.6027606,48359.0,2,3,1,0,2,3,2131,0,0,0,0,0
2020-04-16,US,Texas,Orange,47,0,0,30.11879481,-93.89412775,48361.0,47,46,0,0,46,45,83572,1,0,0,1,1
2020-04-16,US,Texas,Palo Pinto,7,1,0,32.75310985,-98.31319001,48363.0,6,7,1,0,6,7,28875,0,0,0,0,0
2020-04-16,US,Texas,Panola,32,3,0,32.163959600000005,-94.30552481,48365.0,29,22,3,0,19,20,23148,10,0,0,10,2
2020-04-16,US,Texas,Parker,17,0,0,32.77757172,-97.80500621,48367.0,17,16,0,0,16,15,138371,1,0,0,1,1
2020-04-16,US,Texas,Pecos,5,0,0,30.78097267,-102.7241261,48371.0,5,5,0,0,5,3,15673,0,0,0,0,2
2020-04-16,US,Texas,Polk,14,0,0,30.79472531,-94.8276624,48373.0,14,11,0,0,11,11,50031,3,0,0,3,0
2020-04-16,US,Texas,Potter,92,2,0,35.40133773,-101.893964,48375.0,90,79,2,0,77,79,119648,13,0,0,13,0
2020-04-16,US,Texas,Rains,2,0,0,32.87109387,-95.79232691,48379.0,2,2,0,0,2,1,12159,0,0,0,0,1
2020-04-16,US,Texas,Randall,80,2,0,34.96585996,-101.8971322,48381.0,78,73,2,0,71,73,136271,7,0,0,7,0
2020-04-16,US,Texas,Red River,1,0,0,33.61886692,-95.04841765,48387.0,1,,,,,,12175,,,,,
2020-04-16,US,Texas,Reeves,2,0,0,31.32323325,-103.6903896,48389.0,2,2,0,0,2,2,15695,0,0,0,0,0
2020-04-16,US,Texas,Roberts,1,0,0,35.83809685,-100.813175,48393.0,1,,,,,,903,,,,,
2020-04-16,US,Texas,Robertson,2,0,0,31.02539637,-96.51272246,48395.0,2,2,0,0,2,2,17284,0,0,0,0,0
2020-04-16,US,Texas,Rockwall,39,0,0,32.89779518,-96.40771592,48397.0,39,39,0,0,39,26,100657,0,0,0,0,13
2020-04-16,US,Texas,Rusk,25,0,0,32.10773545,-94.76176432,48401.0,25,17,0,0,17,16,54450,8,0,0,8,1
2020-04-16,US,Texas,Sabine,1,0,0,31.34318809,-93.85440451,48403.0,1,,,,,,10589,,,,,
2020-04-16,US,Texas,San Augustine,11,1,0,31.39457611,-94.17000399,48405.0,10,9,1,0,8,9,8232,2,0,0,2,0
2020-04-16,US,Texas,San Jacinto,10,0,0,30.57933681,-95.16260304,48407.0,10,7,0,0,7,8,28719,3,0,0,3,-1
2020-04-16,US,Texas,San Patricio,8,0,0,28.00880118,-97.51763891,48409.0,8,8,0,0,8,9,66893,0,0,0,0,-1
2020-04-16,US,Texas,Scurry,2,0,0,32.74613808,-100.9162664,48415.0,2,2,0,0,2,2,16866,0,0,0,0,0
2020-04-16,US,Texas,Shelby,51,0,0,31.79211404,-94.14550696,48419.0,51,46,0,0,46,40,25418,5,0,0,5,6
2020-04-16,US,Texas,Smith,108,2,0,32.37474036,-95.2717568,48423.0,106,103,1,0,102,101,230221,5,1,0,4,2
2020-04-16,US,Texas,Starr,7,0,0,26.56150059,-98.73892358,48427.0,7,7,0,0,7,7,64525,0,0,0,0,0
2020-04-16,US,Texas,Stephens,1,0,0,32.73553157,-98.83631615,48429.0,1,1,0,0,1,1,9433,0,0,0,0,0
2020-04-16,US,Texas,Swisher,4,0,0,34.53028891,-101.7349174,48437.0,4,4,0,0,4,4,7462,0,0,0,0,0
2020-04-16,US,Texas,Tarrant,1093,34,0,32.77143818,-97.29101614,48439.0,1059,990,30,0,960,929,2084931,103,4,0,99,61
2020-04-16,US,Texas,Taylor,79,2,0,32.30163422,-99.89007449,48441.0,77,74,1,0,73,68,137640,5,1,0,4,6
2020-04-16,US,Texas,Terry,10,0,0,33.17402785,-102.3354521,48445.0,10,10,0,0,10,10,12287,0,0,0,0,0
2020-04-16,US,Texas,Titus,8,0,0,33.21339719,-94.96797273,48449.0,8,8,0,0,8,7,33033,0,0,0,0,1
2020-04-16,US,Texas,Tom Green,40,1,0,31.40464436,-100.462443,48451.0,39,40,1,0,39,39,118189,0,0,0,0,1
2020-04-16,US,Texas,Travis,977,17,0,30.33432034,-97.7853562,48453.0,960,900,14,0,886,856,1248743,77,3,0,74,44
2020-04-16,US,Texas,Trinity,7,0,0,31.0879489,-95.1367187,48455.0,7,4,0,0,4,4,14740,3,0,0,3,0
2020-04-16,US,Texas,Tyler,5,0,0,30.77031716,-94.37690895,48457.0,5,4,0,0,4,4,21696,1,0,0,1,0
2020-04-16,US,Texas,Upshur,9,0,0,32.73706798,-94.93999853,48459.0,9,9,0,0,9,9,41260,0,0,0,0,0
2020-04-16,US,Texas,Uvalde,6,0,0,29.35739637,-99.76229172,48463.0,6,6,0,0,6,6,26846,0,0,0,0,0
2020-04-16,US,Texas,Val Verde,12,0,0,29.89149232,-101.1525205,48465.0,12,12,0,0,12,12,49208,0,0,0,0,0
2020-04-16,US,Texas,Van Zandt,11,1,0,32.56483801,-95.83766469,48467.0,10,10,1,0,9,10,56019,1,0,0,1,0
2020-04-16,US,Texas,Victoria,89,1,0,28.79780988,-96.96813006,48469.0,88,89,1,0,88,87,92035,0,0,0,0,2
2020-04-16,US,Texas,Walker,58,0,0,30.73872995,-95.57440968,48471.0,58,38,0,0,38,38,72480,20,0,0,20,0
2020-04-16,US,Texas,Waller,22,0,0,30.01058447,-95.99011759,48473.0,22,20,0,0,20,18,53126,2,0,0,2,2
2020-04-16,US,Texas,Washington,46,3,0,30.21498498,-96.40946246,48477.0,43,44,3,0,41,37,35108,2,0,0,2,7
2020-04-16,US,Texas,Webb,239,10,0,27.7610369,-99.33237355,48479.0,229,223,8,0,215,206,275910,16,2,0,14,17
2020-04-16,US,Texas,Wharton,32,0,0,29.27765923,-96.22319248,48481.0,32,28,0,0,28,28,41619,4,0,0,4,0
2020-04-16,US,Texas,Wichita,57,0,0,33.98842886,-98.7041034,48485.0,57,56,0,0,56,56,132064,1,0,0,1,0
2020-04-16,US,Texas,Wilbarger,1,0,0,34.07945812,-99.24178437,48487.0,1,1,0,0,1,1,12820,0,0,0,0,0
2020-04-16,US,Texas,Willacy,7,1,0,26.47411727,-97.61535848,48489.0,6,5,1,0,4,5,21515,2,0,0,2,0
2020-04-16,US,Texas,Williamson,128,4,0,30.64655664,-97.6004854,48491.0,124,124,4,0,120,119,566719,4,0,0,4,5
2020-04-16,US,Texas,Wilson,13,0,0,29.1732598,-98.08693082,48493.0,13,11,0,0,11,11,50224,2,0,0,2,0
2020-04-16,US,Texas,Winkler,2,0,0,31.85008651,-103.0485163,48495.0,2,1,0,0,1,1,7720,1,0,0,1,0
2020-04-16,US,Texas,Wise,7,1,0,33.21570665,-97.65460265,48497.0,6,5,0,0,5,5,68305,2,1,0,1,0
2020-04-16,US,Texas,Wood,6,0,0,32.78722382,-95.38236368,48499.0,6,6,0,0,6,6,45129,0,0,0,0,0
2020-04-16,US,Texas,Young,4,1,0,33.17659707,-98.68790885,48503.0,3,3,0,0,3,3,18045,1,1,0,0,0
2020-04-16,US,Texas,Zapata,4,0,0,27.00156391,-99.16987152,48505.0,4,3,0,0,3,3,14190,1,0,0,1,0
2020-04-16,US,Utah,Box Elder,15,0,0,41.52106798,-113.0832816,49003.0,15,15,0,0,15,13,54950,0,0,0,0,2
2020-04-16,US,Utah,Cache,37,0,0,41.72330587,-111.7443667,49005.0,37,37,0,0,37,36,127068,0,0,0,0,1
2020-04-16,US,Utah,Carbon,2,0,0,39.64834818,-110.5872512,49007.0,2,2,0,0,2,2,20269,0,0,0,0,0
2020-04-16,US,Utah,Davis,220,2,0,40.99001837,-112.1139997,49011.0,218,217,2,0,215,211,351713,3,0,0,3,6
2020-04-16,US,Utah,Duchesne,3,0,0,40.29772254,-110.425237,49013.0,3,3,0,0,3,3,19964,0,0,0,0,0
2020-04-16,US,Utah,Emery,3,0,0,38.99617072,-110.7013958,49015.0,3,3,0,0,3,3,10014,0,0,0,0,0
2020-04-16,US,Utah,Garfield,1,0,0,37.85447192,-111.4418764,49017.0,1,1,0,0,1,1,5080,0,0,0,0,0
2020-04-16,US,Utah,Grand,1,0,0,38.98103848,-109.5704487,49019.0,1,1,0,0,1,1,9764,0,0,0,0,0
2020-04-16,US,Utah,Iron,15,0,0,37.85903620000001,-113.2897381,49021.0,15,15,0,0,15,15,52775,0,0,0,0,0
2020-04-16,US,Utah,Kane,3,0,0,37.28507306,-111.8861752,49025.0,3,3,0,0,3,3,7709,0,0,0,0,0
2020-04-16,US,Utah,Salt Lake,1377,7,0,40.66616532,-111.9216011,49035.0,1370,1285,7,0,1278,1187,1152633,92,0,0,92,98
2020-04-16,US,Utah,San Juan,9,0,0,37.62762978,-109.80337140000002,49037.0,9,9,0,0,9,9,15449,0,0,0,0,0
2020-04-16,US,Utah,Summit,308,0,0,40.86688146,-110.9535882,49043.0,308,306,0,0,306,306,41933,2,0,0,2,0
2020-04-16,US,Utah,Tooele,38,0,0,40.44862644,-113.1295715,49045.0,38,37,0,0,37,34,69907,1,0,0,1,3
2020-04-16,US,Utah,Uintah,6,0,0,40.12491499,-109.5174415,49047.0,6,6,0,0,6,6,35438,0,0,0,0,0
2020-04-16,US,Utah,Unassigned,0,7,0,0.0,0.0,90049.0,-7,0,7,0,-7,0,,0,0,0,0,0
2020-04-16,US,Utah,Utah,387,2,0,40.1166722,-111.6657662,49049.0,385,352,2,0,350,335,622213,35,0,0,35,17
2020-04-16,US,Utah,Wasatch,103,0,0,40.33110236,-111.1691419,49051.0,103,102,0,0,102,102,33240,1,0,0,1,0
2020-04-16,US,Utah,Washington,47,1,0,37.28003525,-113.504698,49053.0,46,47,1,0,46,45,171700,0,0,0,0,2
2020-04-16,US,Utah,Weber,108,1,0,41.27116049,-111.9145117,49057.0,107,107,1,0,106,105,256359,1,0,0,1,2
2020-04-16,US,Vermont,Addison,56,1,0,44.03217337,-73.14130877,50001.0,55,56,1,0,55,56,36973,0,0,0,0,0
2020-04-16,US,Vermont,Bennington,33,1,0,43.03519828,-73.09048868,50003.0,32,32,1,0,31,32,35631,1,0,0,1,0
2020-04-16,US,Vermont,Caledonia,9,0,0,44.46548598,-72.10314651,50005.0,9,9,0,0,9,9,30302,0,0,0,0,0
2020-04-16,US,Vermont,Chittenden,377,22,0,44.46322849,-73.08359212,50007.0,355,372,19,0,353,372,164572,5,3,0,2,0
2020-04-16,US,Vermont,Essex,1,0,0,44.72736416,-71.73579864,50009.0,1,1,0,0,1,1,6250,0,0,0,0,0
2020-04-16,US,Vermont,Franklin,86,3,0,44.85627605,-72.91249563,50011.0,83,84,3,0,81,84,49421,2,0,0,2,0
2020-04-16,US,Vermont,Grand Isle,3,0,0,44.7975824,-73.29679772,50013.0,3,3,0,0,3,3,7090,0,0,0,0,0
2020-04-16,US,Vermont,Lamoille,22,2,0,44.60353043,-72.64356694,50015.0,20,22,2,0,20,22,25300,0,0,0,0,0
2020-04-16,US,Vermont,Orange,5,0,0,44.00470222,-72.37640104,50017.0,5,5,0,0,5,5,28999,0,0,0,0,0
2020-04-16,US,Vermont,Orleans,8,0,0,44.82964024,-72.24562697,50019.0,8,8,0,0,8,8,26907,0,0,0,0,0
2020-04-16,US,Vermont,Rutland,41,0,0,43.57723578,-73.03741676,50021.0,41,39,0,0,39,8,58672,2,0,0,2,31
2020-04-16,US,Vermont,Unassigned,15,0,0,0.0,0.0,90050.0,15,15,0,0,15,39,,0,0,0,0,-24
2020-04-16,US,Vermont,Washington,29,0,0,44.27343241,-72.61604978,50023.0,29,29,0,0,29,29,58140,0,0,0,0,0
2020-04-16,US,Vermont,Windham,58,2,0,42.986982,-72.71268875,50025.0,56,57,1,0,56,57,42756,1,1,0,0,0
2020-04-16,US,Vermont,Windsor,31,2,0,43.58010937,-72.58595157,50027.0,29,27,2,0,25,27,55286,4,0,0,4,0
2020-04-16,US,Virginia,Accomack,19,0,0,37.76707161,-75.63234615,51001.0,19,15,0,0,15,15,32412,4,0,0,4,0
2020-04-16,US,Virginia,Albemarle,54,0,0,38.02080697,-78.55481085,51003.0,54,53,0,0,53,50,108718,1,0,0,1,3
2020-04-16,US,Virginia,Alexandria,275,6,0,38.814003,-77.08183073,51510.0,269,254,1,0,253,247,160530,21,5,0,16,7
2020-04-16,US,Virginia,Alleghany,4,0,0,37.78636074,-80.00222498,51005.0,4,4,0,0,4,4,14910,0,0,0,0,0
2020-04-16,US,Virginia,Amelia,13,0,0,37.34081025,-77.98584649,51007.0,13,10,0,0,10,9,13013,3,0,0,3,1
2020-04-16,US,Virginia,Amherst,10,0,0,37.60308293,-79.14548696,51009.0,10,10,0,0,10,10,31666,0,0,0,0,0
2020-04-16,US,Virginia,Appomattox,7,0,0,37.37569884,-78.81340003,51011.0,7,7,0,0,7,7,15841,0,0,0,0,0
2020-04-16,US,Virginia,Arlington,453,16,0,38.8767675,-77.10139853,51013.0,437,420,2,0,418,401,237521,33,14,0,19,19
2020-04-16,US,Virginia,Augusta,19,0,0,38.16404586,-79.12461614,51015.0,19,18,0,0,18,17,75457,1,0,0,1,1
2020-04-16,US,Virginia,Bedford,16,0,0,37.3080028,-79.5281964,51019.0,16,16,0,0,16,16,78747,0,0,0,0,0
2020-04-16,US,Virginia,Botetourt,23,0,0,37.55531756,-79.80982182,51023.0,23,23,0,0,23,24,33277,0,0,0,0,-1
2020-04-16,US,Virginia,Bristol,1,0,0,36.6163024,-82.16359122,51520.0,1,1,0,0,1,1,16482,0,0,0,0,0
2020-04-16,US,Virginia,Brunswick,10,0,0,36.76366949,-77.8593436,51025.0,10,9,0,0,9,9,16384,1,0,0,1,0
2020-04-16,US,Virginia,Buchanan,12,0,0,37.26818323,-82.03749726,51027.0,12,12,0,0,12,12,21221,0,0,0,0,0
2020-04-16,US,Virginia,Buckingham,23,0,0,37.57242268,-78.52518834,51029.0,23,22,0,0,22,18,16999,1,0,0,1,4
2020-04-16,US,Virginia,Buena Vista,4,0,0,37.73484642,-79.35296097,51530.0,4,4,0,0,4,4,6237,0,0,0,0,0
2020-04-16,US,Virginia,Campbell,9,0,0,37.20553386,-79.09678609,51031.0,9,11,0,0,11,11,54973,-2,0,0,-2,0
2020-04-16,US,Virginia,Caroline,11,0,0,38.02679129,-77.34901405,51033.0,11,9,0,0,9,7,30772,2,0,0,2,2
2020-04-16,US,Virginia,Carroll,3,0,0,36.73066666,-80.73455942,51035.0,3,3,0,0,3,3,29636,0,0,0,0,0
2020-04-16,US,Virginia,Charles City,9,0,0,37.35358063,-77.05634116,51036.0,9,9,0,0,9,9,6941,0,0,0,0,0
2020-04-16,US,Virginia,Charlotte,8,0,0,37.01909701,-78.66314092,51037.0,8,5,0,0,5,4,11938,3,0,0,3,1
2020-04-16,US,Virginia,Charlottesville,38,1,0,38.03527919,-78.48569588,51540.0,37,38,1,0,37,36,48117,0,0,0,0,2
2020-04-16,US,Virginia,Chesapeake,143,3,0,36.67670048,-76.30545744,51550.0,140,140,0,0,140,136,242634,3,3,0,0,4
2020-04-16,US,Virginia,Chesterfield,267,0,0,37.37373208,-77.58680140000001,51041.0,267,254,0,0,254,241,348556,13,0,0,13,13
2020-04-16,US,Virginia,Clarke,6,0,0,39.11271747,-77.99199425,51043.0,6,6,0,0,6,5,14523,0,0,0,0,1
2020-04-16,US,Virginia,Colonial Heights,18,0,0,37.26420587,-77.39609676,51570.0,18,17,0,0,17,16,17833,1,0,0,1,1
2020-04-16,US,Virginia,Covington,1,0,0,37.7824656,-79.98631446,51580.0,1,1,0,0,1,1,5460,0,0,0,0,0
2020-04-16,US,Virginia,Craig,2,0,0,37.48133648,-80.21072274,51045.0,2,2,0,0,2,2,5064,0,0,0,0,0
2020-04-16,US,Virginia,Culpeper,29,0,0,38.48199985,-77.95630870000002,51047.0,29,25,0,0,25,24,51859,4,0,0,4,1
2020-04-16,US,Virginia,Cumberland,7,0,0,37.51328851,-78.24398086,51049.0,7,8,0,0,8,8,9809,-1,0,0,-1,0
2020-04-16,US,Virginia,Danville,22,0,0,36.58022376,-79.40395668,51590.0,22,22,0,0,22,22,40693,0,0,0,0,0
2020-04-16,US,Virginia,Dinwiddie,7,0,0,37.07544585,-77.63451754,51053.0,7,7,0,0,7,7,28529,0,0,0,0,0
2020-04-16,US,Virginia,Emporia,7,0,0,36.69455571,-77.53406129,51595.0,7,7,0,0,7,8,5121,0,0,0,0,-1
2020-04-16,US,Virginia,Essex,2,0,0,37.93357639,-76.94230311,51057.0,2,,,,,,10919,,,,,
2020-04-16,US,Virginia,Fairfax,1375,31,0,38.83677558,-77.27565836,51059.0,1344,1298,21,0,1277,1207,1150795,77,10,0,67,91
2020-04-16,US,Virginia,Fairfax,1375,31,0,38.83677558,-77.27565836,51059.0,1344,1298,21,0,1277,1207,24574,77,10,0,67,91
2020-04-16,US,Virginia,Fauquier,32,0,0,38.73564842,-77.80647472,51061.0,32,29,0,0,29,28,70675,3,0,0,3,1
2020-04-16,US,Virginia,Floyd,1,0,0,36.9302126,-80.36738849,51063.0,1,1,0,0,1,1,15795,0,0,0,0,0
2020-04-16,US,Virginia,Fluvanna,64,0,0,37.84157909,-78.27715475,51065.0,64,62,0,0,62,40,26783,2,0,0,2,22
2020-04-16,US,Virginia,Franklin,15,0,0,36.99536167,-79.88023649,51067.0,15,15,0,0,15,15,56195,0,0,0,0,0
2020-04-16,US,Virginia,Franklin,15,0,0,36.99536167,-79.88023649,51067.0,15,15,0,0,15,15,8013,0,0,0,0,0
2020-04-16,US,Virginia,Franklin City,9,0,0,36.6831435,-76.93859681,51620.0,9,7,0,0,7,7,8013,2,0,0,2,0
2020-04-16,US,Virginia,Frederick,72,0,0,39.20172582,-78.25974949,51069.0,72,73,0,0,73,71,88355,-1,0,0,-1,2
2020-04-16,US,Virginia,Fredericksburg,15,0,0,38.2977863,-77.4922454,51630.0,15,15,0,0,15,14,29144,0,0,0,0,1
2020-04-16,US,Virginia,Galax,1,0,0,36.66601852,-80.91703124,51640.0,1,1,0,0,1,1,6423,0,0,0,0,0
2020-04-16,US,Virginia,Giles,4,0,0,37.31234791,-80.70636931,51071.0,4,4,0,0,4,4,16844,0,0,0,0,0
2020-04-16,US,Virginia,Gloucester,20,0,0,37.40809042,-76.53524337,51073.0,20,20,0,0,20,20,37349,0,0,0,0,0
2020-04-16,US,Virginia,Goochland,41,0,0,37.71714806,-77.90381514,51075.0,41,40,0,0,40,39,23244,1,0,0,1,1
2020-04-16,US,Virginia,Greene,5,0,0,38.29545894,-78.46525378,51079.0,5,5,0,0,5,5,19779,0,0,0,0,0
2020-04-16,US,Virginia,Greensville,16,0,0,36.67878901,-77.56351439,51081.0,16,16,0,0,16,15,11627,0,0,0,0,1
2020-04-16,US,Virginia,Halifax,7,0,0,36.76654925,-78.93512622,51083.0,7,7,0,0,7,7,34120,0,0,0,0,0
2020-04-16,US,Virginia,Hampton,77,1,0,37.03513786,-76.35879121,51650.0,76,75,1,0,74,73,134313,2,0,0,2,2
2020-04-16,US,Virginia,Hanover,61,0,0,37.7583355,-77.49464673,51085.0,61,53,0,0,53,52,107239,8,0,0,8,1
2020-04-16,US,Virginia,Harrisonburg,119,0,0,38.43542574,-78.87536254,51660.0,119,101,0,0,101,95,54033,18,0,0,18,6
2020-04-16,US,Virginia,Henrico,497,57,0,37.53460572,-77.39326555,51087.0,440,453,52,0,401,432,329261,44,5,0,39,21
2020-04-16,US,Virginia,Henry,8,0,0,36.68542395,-79.87634026,51089.0,8,8,0,0,8,8,50953,0,0,0,0,0
2020-04-16,US,Virginia,Hopewell,14,0,0,37.29186313,-77.29754684,51670.0,14,14,0,0,14,14,22596,0,0,0,0,0
2020-04-16,US,Virginia,Isle of Wight,63,0,0,36.90579348,-76.70842863,51093.0,63,60,0,0,60,60,36953,3,0,0,3,0
2020-04-16,US,Virginia,James City,135,2,0,37.31156958,-76.76950618,51095.0,133,132,2,0,130,128,76397,3,0,0,3,4
2020-04-16,US,Virginia,King George,18,0,0,38.26818502,-77.15852768,51099.0,18,17,0,0,17,16,26575,1,0,0,1,1
2020-04-16,US,Virginia,King William,2,0,0,37.70965316,-77.09384941,51101.0,2,2,0,0,2,2,16939,0,0,0,0,0
2020-04-16,US,Virginia,King and Queen,2,0,0,37.71044922,-76.88689628,51097.0,2,2,0,0,2,2,7042,0,0,0,0,0
2020-04-16,US,Virginia,Lancaster,1,0,0,37.71889653,-76.46400482,51103.0,1,1,0,0,1,1,10783,0,0,0,0,0
2020-04-16,US,Virginia,Lee,6,0,0,36.70586667,-83.12606515,51105.0,6,6,0,0,6,7,23541,0,0,0,0,-1
2020-04-16,US,Virginia,Lexington,3,0,0,37.78258621,-79.44262866,51678.0,3,3,0,0,3,3,7136,0,0,0,0,0
2020-04-16,US,Virginia,Loudoun,378,7,0,39.08990083,-77.63481877,51107.0,371,367,7,0,360,344,406850,11,0,0,11,23
2020-04-16,US,Virginia,Louisa,30,0,0,37.97850256,-77.96274807,51109.0,30,29,0,0,29,27,36778,1,0,0,1,2
2020-04-16,US,Virginia,Lunenburg,3,0,0,36.94618528,-78.24133319,51111.0,3,3,0,0,3,4,12086,0,0,0,0,-1
2020-04-16,US,Virginia,Lynchburg,34,0,0,37.40021399,-79.19888138,51680.0,34,34,0,0,34,33,82126,0,0,0,0,1
2020-04-16,US,Virginia,Madison,8,0,0,38.41531222,-78.28220331,51113.0,8,8,0,0,8,7,13295,0,0,0,0,1
2020-04-16,US,Virginia,Manassas,62,0,0,38.7464321,-77.48509905,51683.0,62,53,0,0,53,49,41641,9,0,0,9,4
2020-04-16,US,Virginia,Manassas Park,16,0,0,38.77058531,-77.44399307,51685.0,16,14,0,0,14,13,17307,2,0,0,2,1
2020-04-16,US,Virginia,Mathews,3,0,0,37.44164146,-76.34098896,51115.0,3,3,0,0,3,3,8802,0,0,0,0,0
2020-04-16,US,Virginia,Mecklenburg,61,0,0,36.67882005,-78.36131056,51117.0,61,57,0,0,57,57,30650,4,0,0,4,0
2020-04-16,US,Virginia,Middlesex,3,0,0,37.63191998,-76.55064617,51119.0,3,3,0,0,3,3,10769,0,0,0,0,0
2020-04-16,US,Virginia,Montgomery,34,0,0,37.17746986,-80.37868691,51121.0,34,34,0,0,34,33,98985,0,0,0,0,1
2020-04-16,US,Virginia,Nelson,5,0,0,37.78790447,-78.88498513,51125.0,5,5,0,0,5,5,14836,0,0,0,0,0
2020-04-16,US,Virginia,New Kent,16,0,0,37.50694406,-76.99828634,51127.0,16,16,0,0,16,15,22391,0,0,0,0,1
2020-04-16,US,Virginia,Newport News,97,1,0,37.08166899,-76.51754109,51700.0,96,95,1,0,94,93,178626,2,0,0,2,2
2020-04-16,US,Virginia,Norfolk,105,2,0,36.89934014,-76.26420872,51710.0,103,99,2,0,97,99,244076,6,0,0,6,0
2020-04-16,US,Virginia,Northampton,4,0,0,37.34062933,-75.87751591,51131.0,4,4,0,0,4,4,11735,0,0,0,0,0
2020-04-16,US,Virginia,Northumberland,5,0,0,37.89202088,-76.41949732,51133.0,5,4,0,0,4,4,12147,1,0,0,1,0
2020-04-16,US,Virginia,Nottoway,5,0,0,37.1435975,-78.05065922,51135.0,5,5,0,0,5,5,15420,0,0,0,0,0
2020-04-16,US,Virginia,Orange,18,0,0,38.24530219,-78.01560400000002,51137.0,18,17,0,0,17,15,36644,1,0,0,1,2
2020-04-16,US,Virginia,Page,7,0,0,38.61807452,-78.48797204,51139.0,7,6,0,0,6,6,23933,1,0,0,1,0
2020-04-16,US,Virginia,Petersburg,19,0,0,37.20530399,-77.39368102,51730.0,19,19,0,0,19,19,31567,0,0,0,0,0
2020-04-16,US,Virginia,Pittsylvania,5,0,0,36.81980341,-79.39731264,51143.0,5,4,0,0,4,4,60949,1,0,0,1,0
2020-04-16,US,Virginia,Poquoson,6,0,0,37.14259351,-76.35798148,51735.0,6,6,0,0,6,6,12190,0,0,0,0,0
2020-04-16,US,Virginia,Portsmouth,62,0,0,36.85914825,-76.35971629,51740.0,62,59,0,0,59,59,94632,3,0,0,3,0
2020-04-16,US,Virginia,Powhatan,5,0,0,37.55016038,-77.91267882,51145.0,5,5,0,0,5,5,29189,0,0,0,0,0
2020-04-16,US,Virginia,Prince Edward,15,0,0,37.22554789,-78.43597949,51147.0,15,15,0,0,15,13,22950,0,0,0,0,2
2020-04-16,US,Virginia,Prince George,26,0,0,37.18497668,-77.22922187,51149.0,26,27,0,0,27,27,38082,-1,0,0,-1,0
2020-04-16,US,Virginia,Prince William,582,1,0,38.70916224,-77.48713689,51153.0,581,536,1,0,535,508,468011,46,0,0,46,28
2020-04-16,US,Virginia,Pulaski,5,0,0,37.06474963,-80.71229738,51155.0,5,4,0,0,4,4,34066,1,0,0,1,0
2020-04-16,US,Virginia,Radford,1,0,0,37.12222899,-80.56027320000003,51750.0,1,1,0,0,1,1,18339,0,0,0,0,0
2020-04-16,US,Virginia,Rappahannock,1,0,0,38.68295619,-78.15826963,51157.0,1,1,0,0,1,1,7252,0,0,0,0,0
2020-04-16,US,Virginia,Richmond,7,0,0,37.937575,-76.72920628,51159.0,7,7,0,0,7,7,9038,0,0,0,0,0
2020-04-16,US,Virginia,Richmond City,188,0,0,37.53255773,-77.47966921,51760.0,188,177,0,0,177,175,228783,11,0,0,11,2
2020-04-16,US,Virginia,Roanoke,19,0,0,37.26865804,-80.06396753,51161.0,19,17,0,0,17,18,94073,2,0,0,2,-1
2020-04-16,US,Virginia,Roanoke City,24,0,0,37.27791025,-79.96189766,51770.0,24,22,0,0,22,21,99920,2,0,0,2,1
2020-04-16,US,Virginia,Rockbridge,3,0,0,37.81204314,-79.44605905,51163.0,3,3,0,0,3,3,22752,0,0,0,0,0
2020-04-16,US,Virginia,Rockingham,69,0,0,38.51006137,-78.87260325,51165.0,69,67,0,0,67,56,81244,2,0,0,2,11
2020-04-16,US,Virginia,Russell,2,0,0,36.93028320000001,-82.10095486,51167.0,2,2,0,0,2,2,26748,0,0,0,0,0
2020-04-16,US,Virginia,Salem,4,0,0,37.2836193,-80.06219455,51775.0,4,3,0,0,3,3,25643,1,0,0,1,0
2020-04-16,US,Virginia,Scott,3,0,0,36.71466456,-82.60171704,51169.0,3,3,0,0,3,3,21534,0,0,0,0,0
2020-04-16,US,Virginia,Shenandoah,28,0,0,38.85905135,-78.56813762,51171.0,28,27,0,0,27,23,43497,1,0,0,1,4
2020-04-16,US,Virginia,Smyth,11,0,0,36.84455636,-81.53344948,51173.0,11,11,0,0,11,11,30472,0,0,0,0,0
2020-04-16,US,Virginia,Southampton,6,0,0,36.72231125,-77.10642712,51175.0,6,6,0,0,6,6,17586,0,0,0,0,0
2020-04-16,US,Virginia,Spotsylvania,62,0,0,38.18574462,-77.655399,51177.0,62,60,0,0,60,56,134238,2,0,0,2,4
2020-04-16,US,Virginia,Stafford,120,0,0,38.41758738,-77.45917053,51179.0,120,108,0,0,108,95,149960,12,0,0,12,13
2020-04-16,US,Virginia,Staunton,3,0,0,38.15965544,-79.05979937,51790.0,3,2,0,0,2,2,24922,1,0,0,1,0
2020-04-16,US,Virginia,Suffolk,65,0,0,36.70155394,-76.63603554,51800.0,65,59,0,0,59,57,91185,6,0,0,6,2
2020-04-16,US,Virginia,Surry,3,0,0,37.11781893,-76.88450012,51181.0,3,3,0,0,3,3,6474,0,0,0,0,0
2020-04-16,US,Virginia,Sussex,9,0,0,36.92432914,-77.25791182,51183.0,9,10,0,0,10,8,11237,-1,0,0,-1,2
2020-04-16,US,Virginia,Tazewell,4,0,0,37.12191123,-81.56685568,51185.0,4,4,0,0,4,4,40855,0,0,0,0,0
2020-04-16,US,Virginia,Unassigned,0,77,0,0.0,0.0,90051.0,-77,0,101,0,-101,0,,0,-24,0,24,0
2020-04-16,US,Virginia,Virginia Beach,258,1,0,36.73285734,-76.04566934,51810.0,257,256,1,0,255,252,450189,2,0,0,2,4
2020-04-16,US,Virginia,Warren,21,0,0,38.90847745,-78.20280433,51187.0,21,20,0,0,20,19,40003,1,0,0,1,1
2020-04-16,US,Virginia,Washington,27,0,0,36.72341572,-81.95666289,51191.0,27,27,0,0,27,28,54402,0,0,0,0,-1
2020-04-16,US,Virginia,Waynesboro,6,0,0,38.06451466,-78.90293905,51820.0,6,6,0,0,6,6,22628,0,0,0,0,0
2020-04-16,US,Virginia,Westmoreland,9,0,0,38.11021557,-76.80213247,51193.0,9,8,0,0,8,8,17830,1,0,0,1,0
2020-04-16,US,Virginia,Williamsburg,19,1,0,37.28131268,-76.70905141,51830.0,18,19,1,0,18,20,14896,0,0,0,0,-1
2020-04-16,US,Virginia,Winchester,21,0,0,39.17054517,-78.17325058,51840.0,21,21,0,0,21,20,28108,0,0,0,0,1
2020-04-16,US,Virginia,Wise,18,0,0,36.9746148,-82.62410519,51195.0,18,15,0,0,15,14,38012,3,0,0,3,1
2020-04-16,US,Virginia,Wythe,7,0,0,36.91582035,-81.07834059,51197.0,7,7,0,0,7,7,28754,0,0,0,0,0
2020-04-16,US,Virginia,York,37,1,0,37.24374789,-76.54412815,51199.0,36,35,1,0,34,35,67846,2,0,0,2,0
2020-04-16,US,Washington,Adams,40,0,0,46.98299757,-118.5601734,53001.0,40,39,0,0,39,39,19759,1,0,0,1,0
2020-04-16,US,Washington,Asotin,10,0,0,46.18894415,-117.2022851,53003.0,10,6,0,0,6,6,22610,4,0,0,4,0
2020-04-16,US,Washington,Benton,283,34,0,46.23946995,-119.5120834,53005.0,249,266,29,0,237,266,201877,17,5,0,12,0
2020-04-16,US,Washington,Chelan,63,5,0,47.87046092,-120.6173956,53007.0,58,61,5,0,56,61,77036,2,0,0,2,0
2020-04-16,US,Washington,Clallam,14,0,0,48.04754642,-123.9226319,53009.0,14,14,0,0,14,12,76737,0,0,0,0,2
2020-04-16,US,Washington,Clark,265,15,0,45.77568046,-122.4829204,53011.0,250,258,15,0,243,250,481857,7,0,0,7,8
2020-04-16,US,Washington,Columbia,1,0,0,46.29442881,-117.9051983,53013.0,1,1,0,0,1,1,4059,0,0,0,0,0
2020-04-16,US,Washington,Cowlitz,26,0,0,46.19074721,-122.6782231,53015.0,26,26,0,0,26,25,108987,0,0,0,0,1
2020-04-16,US,Washington,Douglas,34,1,0,47.7361335,-119.692937,53017.0,33,29,1,0,28,26,42907,5,0,0,5,3
2020-04-16,US,Washington,Ferry,1,0,0,48.471143100000006,-118.5154041,53019.0,1,1,0,0,1,1,7649,0,0,0,0,0
2020-04-16,US,Washington,Franklin,152,4,0,46.53351425,-118.9018212,53021.0,148,185,2,0,183,134,94347,-33,2,0,-35,51
2020-04-16,US,Washington,Grant,129,2,0,47.20753737,-119.4500749,53025.0,127,122,2,0,120,122,97331,7,0,0,7,0
2020-04-16,US,Washington,Grays Harbor,12,0,0,47.14003705,-123.7820567,53027.0,12,12,0,0,12,11,73901,0,0,0,0,1
2020-04-16,US,Washington,Island,164,8,0,48.14713305,-122.5216407,53029.0,156,163,8,0,155,162,84460,1,0,0,1,1
2020-04-16,US,Washington,Jefferson,28,0,0,47.75003077,-123.56097040000002,53031.0,28,28,0,0,28,28,31729,0,0,0,0,0
2020-04-16,US,Washington,King,4697,312,0,47.49137892,-121.8346131,53033.0,4385,4620,303,0,4317,4549,2233163,77,9,0,68,71
2020-04-16,US,Washington,Kitsap,132,1,0,47.63479026,-122.6436061,53035.0,131,132,1,0,131,132,269805,0,0,0,0,0
2020-04-16,US,Washington,Kittitas,14,0,0,47.12521214,-120.679439,53037.0,14,14,0,0,14,14,47364,0,0,0,0,0
2020-04-16,US,Washington,Klickitat,16,2,0,45.87325839,-120.7913598,53039.0,14,15,2,0,13,14,22107,1,0,0,1,1
2020-04-16,US,Washington,Lewis,19,2,0,46.57756476,-122.3925769,53041.0,17,19,2,0,17,17,79604,0,0,0,0,2
2020-04-16,US,Washington,Lincoln,2,0,0,47.57705241,-118.4194388,53043.0,2,2,0,0,2,2,10740,0,0,0,0,0
2020-04-16,US,Washington,Mason,20,0,0,47.35007586,-123.1863685,53045.0,20,19,0,0,19,19,65507,1,0,0,1,0
2020-04-16,US,Washington,Okanogan,15,0,0,48.54855019,-119.7387224,53047.0,15,15,0,0,15,15,42132,0,0,0,0,0
2020-04-16,US,Washington,Pacific,1,0,0,46.55418369,-123.7285716,53049.0,1,1,0,0,1,1,22036,0,0,0,0,0
2020-04-16,US,Washington,Pend Oreille,1,0,0,48.53234021,-117.2741804,53051.0,1,1,0,0,1,1,13602,0,0,0,0,0
2020-04-16,US,Washington,Pierce,1022,28,0,47.03892768,-122.1405958,53053.0,994,1000,23,0,977,969,891299,22,5,0,17,31
2020-04-16,US,Washington,San Juan,13,0,0,48.60182783,-122.96745,53055.0,13,13,0,0,13,13,17128,0,0,0,0,0
2020-04-16,US,Washington,Skagit,209,6,0,48.48171488,-121.766131,53057.0,203,198,6,0,192,195,128206,11,0,0,11,3
2020-04-16,US,Washington,Skamania,3,0,0,46.02408726,-121.9164403,53059.0,3,3,0,0,3,3,11924,0,0,0,0,0
2020-04-16,US,Washington,Snohomish,2032,86,0,48.04615983,-121.7170703,53061.0,1946,1988,80,0,1908,1950,814901,44,6,0,38,38
2020-04-16,US,Washington,Spokane,286,17,0,47.62113146,-117.4046494,53063.0,269,278,17,0,261,276,514631,8,0,0,8,2
2020-04-16,US,Washington,Stevens,7,1,0,48.40035475,-117.8542701,53065.0,6,7,1,0,6,7,45260,0,0,0,0,0
2020-04-16,US,Washington,Thurston,86,1,0,46.9291895,-122.8290656,53067.0,85,82,1,0,81,81,286419,4,0,0,4,1
2020-04-16,US,Washington,Unassigned,272,0,0,0.0,0.0,90053.0,272,383,0,0,383,484,,-111,0,0,-111,-101
2020-04-16,US,Washington,Wahkiakum,2,0,0,46.29180039999999,-123.4250831,53069.0,2,2,0,0,2,2,4426,0,0,0,0,0
2020-04-16,US,Washington,Walla Walla,26,0,0,46.23040051,-118.4775539,53071.0,26,23,0,0,23,21,60922,3,0,0,3,2
2020-04-16,US,Washington,Whatcom,273,25,0,48.82227976,-121.7490018,53073.0,248,269,25,0,244,264,225685,4,0,0,4,5
2020-04-16,US,Washington,Whitman,13,0,0,46.90022523,-117.5241763,53075.0,13,12,0,0,12,12,49791,1,0,0,1,0
2020-04-16,US,Washington,Yakima,674,29,0,46.45738486,-120.7380126,53077.0,645,635,29,0,606,614,251446,39,0,0,39,21
2020-04-16,US,West Virginia,Barbour,4,0,0,39.1307219,-80.00350858,54001.0,4,4,0,0,4,4,16535,0,0,0,0,0
2020-04-16,US,West Virginia,Berkeley,102,0,0,39.46704621,-78.02414609,54003.0,102,99,0,0,99,100,117123,3,0,0,3,-1
2020-04-16,US,West Virginia,Boone,2,0,0,38.01974191,-81.69888019,54005.0,2,1,0,0,1,1,21951,1,0,0,1,0
2020-04-16,US,West Virginia,Braxton,1,0,0,38.70036159,-80.72011184,54007.0,1,1,0,0,1,1,14089,0,0,0,0,0
2020-04-16,US,West Virginia,Brooke,3,0,0,40.27367263,-80.57915332,54009.0,3,3,0,0,3,3,22203,0,0,0,0,0
2020-04-16,US,West Virginia,Cabell,28,0,0,38.42424062,-82.23855912,54011.0,28,28,0,0,28,26,93224,0,0,0,0,2
2020-04-16,US,West Virginia,Fayette,2,0,0,38.02974928,-81.08286634,54019.0,2,2,0,0,2,2,43018,0,0,0,0,0
2020-04-16,US,West Virginia,Grant,1,0,0,39.10314817,-79.19440518,54023.0,1,1,0,0,1,1,11626,0,0,0,0,0
2020-04-16,US,West Virginia,Greenbrier,3,0,0,37.9463652,-80.45335881,54025.0,3,3,0,0,3,3,34786,0,0,0,0,0
2020-04-16,US,West Virginia,Hampshire,7,0,0,39.32103553,-78.60826476,54027.0,7,7,0,0,7,5,23347,0,0,0,0,2
2020-04-16,US,West Virginia,Hancock,7,0,0,40.51943859,-80.57461608,54029.0,7,7,0,0,7,7,29094,0,0,0,0,0
2020-04-16,US,West Virginia,Hardy,3,0,0,39.00683177,-78.85855301,54031.0,3,2,0,0,2,2,13775,1,0,0,1,0
2020-04-16,US,West Virginia,Harrison,29,1,0,39.2853852,-80.37919577,54033.0,28,28,1,0,27,28,67554,1,0,0,1,0
2020-04-16,US,West Virginia,Jackson,34,1,0,38.84263974,-81.68148753,54035.0,33,33,1,0,32,30,28706,1,0,0,1,3
2020-04-16,US,West Virginia,Jefferson,57,0,0,39.30776166,-77.86014147,54037.0,57,54,0,0,54,52,56811,3,0,0,3,2
2020-04-16,US,West Virginia,Kanawha,91,0,0,38.33860077,-81.52857054,54039.0,91,88,0,0,88,85,180454,3,0,0,3,3
2020-04-16,US,West Virginia,Lewis,2,0,0,38.9947249,-80.49988181,54041.0,2,2,0,0,2,2,16024,0,0,0,0,0
2020-04-16,US,West Virginia,Lincoln,1,0,0,38.172154,-82.07017953,54043.0,1,1,0,0,1,,20599,0,0,0,0,
2020-04-16,US,West Virginia,Logan,8,1,0,37.8299889,-81.93528571,54045.0,7,8,1,0,7,8,32607,0,0,0,0,0
2020-04-16,US,West Virginia,Marion,41,1,0,39.50984542,-80.24244659,54049.0,40,41,1,0,40,38,56097,0,0,0,0,3
2020-04-16,US,West Virginia,Marshall,7,0,0,39.86064362,-80.66591062,54051.0,7,7,0,0,7,6,30785,0,0,0,0,1
2020-04-16,US,West Virginia,Mason,10,0,0,38.77071799,-82.02524219,54053.0,10,9,0,0,9,10,26718,1,0,0,1,-1
2020-04-16,US,West Virginia,McDowell,6,0,0,37.38002939,-81.65083669,54047.0,6,6,0,0,6,6,18223,0,0,0,0,0
2020-04-16,US,West Virginia,Mercer,8,0,0,37.40481169,-81.11023142,54055.0,8,8,0,0,8,8,59131,0,0,0,0,0
2020-04-16,US,West Virginia,Mineral,6,0,0,39.41561583,-78.94104895,54057.0,6,6,0,0,6,5,26940,0,0,0,0,1
2020-04-16,US,West Virginia,Mingo,1,0,0,37.73048351,-82.13338365,54059.0,1,1,0,0,1,1,23785,0,0,0,0,0
2020-04-16,US,West Virginia,Monongalia,83,2,0,39.63218457,-80.04766838,54061.0,81,83,2,0,81,81,106420,0,0,0,0,2
2020-04-16,US,West Virginia,Monroe,1,0,0,37.56274716,-80.54577965,54063.0,1,1,0,0,1,1,13280,0,0,0,0,0
2020-04-16,US,West Virginia,Morgan,7,0,0,39.55439028,-78.26311676,54065.0,7,6,0,0,6,6,17787,1,0,0,1,0
2020-04-16,US,West Virginia,Nicholas,3,0,0,38.29617706,-80.79759588,54067.0,3,3,0,0,3,2,24842,0,0,0,0,1
2020-04-16,US,West Virginia,Ohio,22,0,0,40.0955451,-80.62203992,54069.0,22,22,0,0,22,23,41755,0,0,0,0,-1
2020-04-16,US,West Virginia,Pendleton,1,0,0,38.68314479,-79.35084086,54071.0,1,1,0,0,1,1,6997,0,0,0,0,0
2020-04-16,US,West Virginia,Pleasants,1,0,0,39.37091679,-81.16771771,54073.0,1,1,0,0,1,1,7507,0,0,0,0,0
2020-04-16,US,West Virginia,Preston,6,0,0,39.46770987,-79.66712803,54077.0,6,6,0,0,6,6,33839,0,0,0,0,0
2020-04-16,US,West Virginia,Putnam,13,0,0,38.50782345,-81.9082131,54079.0,13,13,0,0,13,12,56682,0,0,0,0,1
2020-04-16,US,West Virginia,Raleigh,6,0,0,37.76936795,-81.2456041,54081.0,6,6,0,0,6,6,74254,0,0,0,0,0
2020-04-16,US,West Virginia,Randolph,4,0,0,38.769899,-79.87919615,54083.0,4,4,0,0,4,4,28823,0,0,0,0,0
2020-04-16,US,West Virginia,Roane,2,0,0,38.71622686,-81.35243568,54087.0,2,2,0,0,2,2,13932,0,0,0,0,0
2020-04-16,US,West Virginia,Summers,1,0,0,37.65390597,-80.86009693,54089.0,1,1,0,0,1,1,12760,0,0,0,0,0
2020-04-16,US,West Virginia,Taylor,4,0,0,39.33602617,-80.0421439,54091.0,4,4,0,0,4,4,16862,0,0,0,0,0
2020-04-16,US,West Virginia,Tucker,4,0,0,39.11240885,-79.57053576,54093.0,4,4,0,0,4,4,6955,0,0,0,0,0
2020-04-16,US,West Virginia,Tyler,3,0,0,39.46811972,-80.88772676,54095.0,3,3,0,0,3,3,8746,0,0,0,0,0
2020-04-16,US,West Virginia,Unassigned,0,6,0,0.0,0.0,90054.0,-6,0,4,0,-4,0,,0,2,0,-2,0
2020-04-16,US,West Virginia,Upshur,3,0,0,38.89285061,-80.23689136,54097.0,3,3,0,0,3,3,24415,0,0,0,0,0
2020-04-16,US,West Virginia,Wayne,69,0,0,38.14901357,-82.42287994,54099.0,69,61,0,0,61,19,39944,8,0,0,8,42
2020-04-16,US,West Virginia,Wetzel,3,0,0,39.6065771,-80.64016540000001,54103.0,3,3,0,0,3,3,15270,0,0,0,0,0
2020-04-16,US,West Virginia,Wirt,2,0,0,39.02775007,-81.37473928,54105.0,2,2,0,0,2,2,5830,0,0,0,0,0
2020-04-16,US,West Virginia,Wood,25,0,0,39.20967886,-81.5162836,54107.0,25,22,0,0,22,21,84203,3,0,0,3,1
2020-04-16,US,West Virginia,Wyoming,1,0,0,37.612327,-81.54511071,54109.0,1,1,0,0,1,1,20786,0,0,0,0,0
2020-04-16,US,Wisconsin,Adams,3,1,0,43.96974651,-89.76782777,55001.0,2,3,1,0,2,3,20348,0,0,0,0,0
2020-04-16,US,Wisconsin,Ashland,2,0,0,46.31956891,-90.67837132,55003.0,2,2,0,0,2,2,15600,0,0,0,0,0
2020-04-16,US,Wisconsin,Barron,6,0,0,45.42372701,-91.84833627,55005.0,6,6,0,0,6,6,45164,0,0,0,0,0
2020-04-16,US,Wisconsin,Bayfield,3,0,0,46.52868768,-91.19716729,55007.0,3,3,0,0,3,3,15042,0,0,0,0,0
2020-04-16,US,Wisconsin,Brown,139,1,0,44.4526553,-88.00411844,55009.0,138,114,1,0,113,97,263378,25,0,0,25,17
2020-04-16,US,Wisconsin,Buffalo,4,1,0,44.37835084,-91.75332578,55011.0,3,4,1,0,3,4,13125,0,0,0,0,0
2020-04-16,US,Wisconsin,Calumet,5,0,0,44.0816316,-88.21780273,55015.0,5,5,0,0,5,5,50159,0,0,0,0,0
2020-04-16,US,Wisconsin,Chippewa,20,0,0,45.06939744,-91.28068855,55017.0,20,20,0,0,20,20,64135,0,0,0,0,0
2020-04-16,US,Wisconsin,Clark,10,0,0,44.73483377,-90.61207486,55019.0,10,9,0,0,9,8,34709,1,0,0,1,1
2020-04-16,US,Wisconsin,Columbia,27,1,0,43.46492199,-89.33589004,55021.0,26,27,1,0,26,25,57358,0,0,0,0,2
2020-04-16,US,Wisconsin,Crawford,3,0,0,43.23870316,-90.93073686,55023.0,3,3,0,0,3,3,16291,0,0,0,0,0
2020-04-16,US,Wisconsin,Dane,352,16,0,43.06601594,-89.41733797,55025.0,336,351,13,0,338,344,542364,1,3,0,-2,7
2020-04-16,US,Wisconsin,Dodge,19,1,0,43.41576662,-88.70928178,55027.0,18,19,1,0,18,19,87847,0,0,0,0,0
2020-04-16,US,Wisconsin,Door,9,1,0,44.95856458,-87.30002707,55029.0,8,9,1,0,8,9,27610,0,0,0,0,0
2020-04-16,US,Wisconsin,Douglas,7,0,0,46.43222285,-91.91595768,55031.0,7,7,0,0,7,7,43208,0,0,0,0,0
2020-04-16,US,Wisconsin,Dunn,9,0,0,44.94562799,-91.8962481,55033.0,9,9,0,0,9,9,45131,0,0,0,0,0
2020-04-16,US,Wisconsin,Eau Claire,22,0,0,44.726614,-91.28609183,55035.0,22,21,0,0,21,21,104534,1,0,0,1,0
2020-04-16,US,Wisconsin,Florence,2,0,0,45.84963535,-88.39804137,55037.0,2,2,0,0,2,2,4321,0,0,0,0,0
2020-04-16,US,Wisconsin,Fond du Lac,59,3,0,43.75354908,-88.48885325,55039.0,56,59,3,0,56,59,103066,0,0,0,0,0
2020-04-16,US,Wisconsin,Grant,10,1,0,42.8671731,-90.7063218,55043.0,9,8,1,0,7,8,51554,2,0,0,2,0
2020-04-16,US,Wisconsin,Green,9,0,0,42.6794956,-89.60243287,55045.0,9,9,0,0,9,9,36929,0,0,0,0,0
2020-04-16,US,Wisconsin,Green Lake,1,0,0,43.80025981,-89.04679553,55047.0,1,1,0,0,1,1,18918,0,0,0,0,0
2020-04-16,US,Wisconsin,Iowa,5,0,0,43.00050278,-90.13469017,55049.0,5,5,0,0,5,5,23771,0,0,0,0,0
2020-04-16,US,Wisconsin,Iron,2,1,0,46.26302338,-90.24295041,55051.0,1,2,1,0,1,2,5676,0,0,0,0,0
2020-04-16,US,Wisconsin,Jackson,11,1,0,44.31864893,-90.80566792,55053.0,10,10,1,0,9,10,20478,1,0,0,1,0
2020-04-16,US,Wisconsin,Jefferson,24,0,0,43.02054068,-88.77529134,55055.0,24,24,0,0,24,24,85129,0,0,0,0,0
2020-04-16,US,Wisconsin,Juneau,7,1,0,43.92456975,-90.11120239,55057.0,6,7,1,0,6,7,26617,0,0,0,0,0
2020-04-16,US,Wisconsin,Kenosha,208,5,0,42.57639354,-88.04051686,55059.0,203,204,4,0,200,186,169290,4,1,0,3,18
2020-04-16,US,Wisconsin,Kewaunee,6,1,0,44.51727459,-87.61468386,55061.0,5,5,1,0,4,4,20383,1,0,0,1,1
2020-04-16,US,Wisconsin,La Crosse,25,0,0,43.90632465,-91.11451093,55063.0,25,25,0,0,25,25,118230,0,0,0,0,0
2020-04-16,US,Wisconsin,Lafayette,3,0,0,42.66005229,-90.1317729,55065.0,3,3,0,0,3,3,16665,0,0,0,0,0
2020-04-16,US,Wisconsin,Manitowoc,5,0,0,44.11946801,-87.80928853,55071.0,5,4,0,0,4,4,79074,1,0,0,1,0
2020-04-16,US,Wisconsin,Marathon,14,1,0,44.89792533,-89.75863384,55073.0,13,14,1,0,13,14,135428,0,0,0,0,0
2020-04-16,US,Wisconsin,Marinette,4,1,0,45.38553432,-88.03324599999998,55075.0,3,4,1,0,3,4,40434,0,0,0,0,0
2020-04-16,US,Wisconsin,Marquette,3,0,0,43.81911946,-89.40073763,55077.0,3,3,0,0,3,2,15434,0,0,0,0,1
2020-04-16,US,Wisconsin,Menominee,1,0,0,45.00422544,-88.70950714,55078.0,1,1,0,0,1,1,4658,0,0,0,0,0
2020-04-16,US,Wisconsin,Milwaukee,1947,114,0,43.00486062,-87.96733172,55079.0,1833,1870,105,0,1765,1795,948201,77,9,0,68,75
2020-04-16,US,Wisconsin,Monroe,12,0,0,43.94641218,-90.618819,55081.0,12,10,1,0,9,8,46051,2,-1,0,3,2
2020-04-16,US,Wisconsin,Oconto,4,0,0,45.02715345,-88.26807503,55083.0,4,4,0,0,4,4,37830,0,0,0,0,0
2020-04-16,US,Wisconsin,Oneida,6,0,0,45.70677897,-89.51944105,55085.0,6,6,0,0,6,6,35470,0,0,0,0,0
2020-04-16,US,Wisconsin,Outagamie,31,2,0,44.41578887,-88.46565023,55087.0,29,31,2,0,29,29,187365,0,0,0,0,2
2020-04-16,US,Wisconsin,Ozaukee,77,9,0,43.38352225,-87.94625009,55089.0,68,77,9,0,68,73,89147,0,0,0,0,4
2020-04-16,US,Wisconsin,Pierce,7,0,0,44.71850291,-92.4224416,55093.0,7,7,0,0,7,7,42555,0,0,0,0,0
2020-04-16,US,Wisconsin,Polk,3,0,0,45.46130348,-92.44182875,55095.0,3,3,0,0,3,3,43598,0,0,0,0,0
2020-04-16,US,Wisconsin,Portage,4,0,0,44.47558711,-89.50152965,55097.0,4,4,0,0,4,4,70942,0,0,0,0,0
2020-04-16,US,Wisconsin,Price,1,0,0,45.68051754,-90.3609888,55099.0,1,1,0,0,1,1,13397,0,0,0,0,0
2020-04-16,US,Wisconsin,Racine,143,6,0,42.74753117,-88.05941254,55101.0,137,138,6,0,132,135,196584,5,0,0,5,3
2020-04-16,US,Wisconsin,Richland,7,1,0,43.3762778,-90.43012729,55103.0,6,7,0,0,7,6,17377,0,1,0,-1,1
2020-04-16,US,Wisconsin,Rock,63,4,0,42.67151616,-89.07147900000002,55105.0,59,62,4,0,58,59,163129,1,0,0,1,3
2020-04-16,US,Wisconsin,Rusk,3,0,0,45.47498854,-91.1333012,55107.0,3,3,0,0,3,3,14147,0,0,0,0,0
2020-04-16,US,Wisconsin,Sauk,31,3,0,43.42574087,-89.94966132,55111.0,28,31,4,0,27,28,64249,0,-1,0,1,3
2020-04-16,US,Wisconsin,Sawyer,2,0,0,45.87931905,-91.14504927,55113.0,2,2,0,0,2,2,16489,0,0,0,0,0
2020-04-16,US,Wisconsin,Shawano,6,0,0,44.78902246,-88.76443896,55115.0,6,6,0,0,6,6,40796,0,0,0,0,0
2020-04-16,US,Wisconsin,Sheboygan,37,2,0,43.72099677,-87.94579284,55117.0,35,37,2,0,35,36,115456,0,0,0,0,1
2020-04-16,US,Wisconsin,St. Croix,11,0,0,45.03437474,-92.45000068,55109.0,11,10,0,0,10,10,89694,1,0,0,1,0
2020-04-16,US,Wisconsin,Trempealeau,1,0,0,44.30360275,-91.35893614,55121.0,1,1,0,0,1,1,29442,0,0,0,0,0
2020-04-16,US,Wisconsin,Vilas,4,0,0,46.05467334,-89.51719204,55125.0,4,4,0,0,4,4,21938,0,0,0,0,0
2020-04-16,US,Wisconsin,Walworth,71,3,0,42.66858202,-88.54163073,55127.0,68,49,2,0,47,45,103718,22,1,0,21,4
2020-04-16,US,Wisconsin,Washburn,1,0,0,45.89838588,-91.79050449,55129.0,1,,,,,,15878,,,,,
2020-04-16,US,Wisconsin,Washington,79,3,0,43.36863664,-88.22974712,55131.0,76,78,3,0,75,73,135693,1,0,0,1,5
2020-04-16,US,Wisconsin,Waukesha,245,11,0,43.01833055,-88.30431188,55133.0,234,238,10,0,228,224,403072,7,1,0,6,14
2020-04-16,US,Wisconsin,Waupaca,4,1,0,44.47068056,-88.96534501,55135.0,3,4,1,0,3,4,51128,0,0,0,0,0
2020-04-16,US,Wisconsin,Waushara,2,0,0,44.11324419,-89.24317107,55137.0,2,2,0,0,2,2,24263,0,0,0,0,0
2020-04-16,US,Wisconsin,Winnebago,32,1,0,44.06886922,-88.64477096,55139.0,31,31,1,0,30,29,171020,1,0,0,1,2
2020-04-16,US,Wisconsin,Wood,2,0,0,44.45537896,-90.04158336,55141.0,2,2,0,0,2,2,73055,0,0,0,0,0
2020-04-16,US,Wyoming,Albany,5,0,0,41.65498705,-105.7235415,56001.0,5,5,0,0,5,5,38601,0,0,0,0,0
2020-04-16,US,Wyoming,Big Horn,1,0,0,44.52405055,-107.9960365,56003.0,1,1,0,0,1,1,11881,0,0,0,0,0
2020-04-16,US,Wyoming,Campbell,13,0,0,44.24886082,-105.5474404,56005.0,13,13,0,0,13,13,46140,0,0,0,0,0
2020-04-16,US,Wyoming,Carbon,4,0,0,41.69357844,-106.9326084,56007.0,4,4,0,0,4,4,14971,0,0,0,0,0
2020-04-16,US,Wyoming,Converse,8,0,0,42.97272268,-105.5081848,56009.0,8,8,0,0,8,8,13640,0,0,0,0,0
2020-04-16,US,Wyoming,Crook,4,0,0,44.58855102,-104.5697705,56011.0,4,4,0,0,4,3,7450,0,0,0,0,1
2020-04-16,US,Wyoming,Fremont,43,0,0,43.04183996,-108.6296893,56013.0,43,42,0,0,42,42,39531,1,0,0,1,0
2020-04-16,US,Wyoming,Goshen,3,0,0,42.08798185,-104.3534743,56015.0,3,3,0,0,3,3,13376,0,0,0,0,0
2020-04-16,US,Wyoming,Hot Springs,1,0,0,43.71930657,-108.4423174,56017.0,1,1,0,0,1,1,4555,0,0,0,0,0
2020-04-16,US,Wyoming,Johnson,11,1,0,44.04057166,-106.5845174,56019.0,10,11,1,0,10,11,8460,0,0,0,0,0
2020-04-16,US,Wyoming,Laramie,67,0,0,41.30702520000001,-104.6887497,56021.0,67,64,0,0,64,62,98976,3,0,0,3,2
2020-04-16,US,Wyoming,Lincoln,5,0,0,42.26376367,-110.6563997,56023.0,5,5,0,0,5,5,19434,0,0,0,0,0
2020-04-16,US,Wyoming,Natrona,37,0,0,42.96180148,-106.797885,56025.0,37,34,0,0,34,34,79115,3,0,0,3,0
2020-04-16,US,Wyoming,Niobrara,1,0,0,43.05607708,-104.4758896,56027.0,1,1,0,0,1,1,2388,0,0,0,0,0
2020-04-16,US,Wyoming,Park,1,0,0,44.52157546,-109.5852825,56029.0,1,1,0,0,1,1,29324,0,0,0,0,0
2020-04-16,US,Wyoming,Sheridan,12,0,0,44.79048913,-106.8862389,56033.0,12,12,0,0,12,12,30233,0,0,0,0,0
2020-04-16,US,Wyoming,Sublette,1,0,0,42.76558279,-109.9130922,56035.0,1,1,0,0,1,1,9813,0,0,0,0,0
2020-04-16,US,Wyoming,Sweetwater,10,0,0,41.65943896,-108.8827882,56037.0,10,10,0,0,10,9,43051,0,0,0,0,1
2020-04-16,US,Wyoming,Teton,59,0,0,43.93522482,-110.5890801,56039.0,59,58,0,0,58,57,23081,1,0,0,1,1
2020-04-16,US,Wyoming,Uinta,4,0,0,41.2878183,-110.54757820000002,56041.0,4,4,0,0,4,4,20299,0,0,0,0,0
2020-04-16,US,Wyoming,Unassigned,0,1,0,0.0,0.0,90056.0,-1,,,,,,,,,,,
2020-04-16,US,Wyoming,Washakie,6,0,0,43.90451606,-107.68018700000002,56043.0,6,5,0,0,5,5,7885,1,0,0,1,0
