Date,Country/Region,Province/State,Admin2,Confirmed,Deaths,Recovered,Latitude,Longitude,FIPS,Incidence_Rate,Case-Fatality_Ratio,Active Cases,Previous Confirmed,Previous Deaths,Previous Recovered,Previous Active,Prev2 Confirmed,Population,Daily Confirmed,Daily Deaths,Daily Recovered,Daily Active,Previous Daily Confirmed
2020-08-30,US,Alabama,Autauga,1345,22,0,32.53952745,-86.64408227,1001.0,2407.4173513039427,1.6356877323420074,1323,1309,22,0,1287,1296,55601,36,0,0,36,13
2020-08-30,US,Alabama,Baldwin,4402,36,0,30.72774991,-87.72207058,1003.0,1971.921839863104,0.8178100863243979,4366,4307,36,0,4271,4230,218022,95,0,0,95,77
2020-08-30,US,Alabama,Barbour,628,7,0,31.868263,-85.3871286,1005.0,2543.952037592157,1.1146496815286624,621,624,7,0,617,620,24881,4,0,0,4,4
2020-08-30,US,Alabama,Bibb,533,6,0,32.99642064,-87.12511459999996,1007.0,2380.101812985621,1.125703564727955,527,523,6,0,517,517,22400,10,0,0,10,6
2020-08-30,US,Alabama,Blount,1025,10,0,33.98210918,-86.56790593,1009.0,1772.5590564797842,0.975609756097561,1015,1004,9,0,995,983,57840,21,1,0,20,21
2020-08-30,US,Alabama,Bullock,536,13,0,32.10030533,-85.71265535,1011.0,5306.405306405306,2.4253731343283578,523,535,13,0,522,530,10138,1,0,0,1,5
2020-08-30,US,Alabama,Butler,835,36,0,31.75300095,-86.68057478,1013.0,4293.500617030029,4.311377245508982,799,827,36,0,791,814,19680,8,0,0,8,13
2020-08-30,US,Alabama,Calhoun,2346,29,0,33.77483727,-85.82630386,1015.0,2065.0499537872447,1.2361466325660702,2317,2316,29,0,2287,2255,114277,30,0,0,30,61
2020-08-30,US,Alabama,Chambers,868,39,0,32.91360079,-85.39072749,1017.0,2610.212305286583,4.493087557603687,829,867,39,0,828,863,33615,1,0,0,1,4
2020-08-30,US,Alabama,Cherokee,345,11,0,34.17805983,-85.60638968,1019.0,1316.9949610627575,3.188405797101449,334,341,11,0,330,336,26032,4,0,0,4,5
2020-08-30,US,Alabama,Chilton,1079,10,0,32.85044126,-86.7173256,1021.0,2428.648599981993,0.9267840593141798,1069,1036,10,0,1026,1007,44153,43,0,0,43,29
2020-08-30,US,Alabama,Choctaw,316,12,0,32.02227341,-88.26564429999998,1023.0,2510.1278894272778,3.79746835443038,304,316,12,0,304,314,12841,0,0,0,0,2
2020-08-30,US,Alabama,Clarke,921,13,0,31.68099859,-87.83548597,1025.0,3898.9077978155956,1.4115092290988056,908,914,13,0,901,902,23920,7,0,0,7,12
2020-08-30,US,Alabama,Clay,352,6,0,33.26984193,-85.85836077,1027.0,2659.6146581035127,1.7045454545454546,346,342,6,0,336,338,13275,10,0,0,10,4
2020-08-30,US,Alabama,Cleburne,200,5,0,33.67679204,-85.52005899,1029.0,1341.3816230717641,2.5,195,200,5,0,195,197,14987,0,0,0,0,3
2020-08-30,US,Alabama,Coffee,954,5,0,31.39932826,-85.98901039,1031.0,1822.628099805128,0.5241090146750524,949,948,5,0,943,924,51909,6,0,0,6,24
2020-08-30,US,Alabama,Colbert,1426,22,0,34.69847452,-87.80168544,1033.0,2581.415977263265,1.5427769985974755,1404,1418,22,0,1396,1393,54762,8,0,0,8,25
2020-08-30,US,Alabama,Conecuh,435,11,0,31.43401703,-86.99320044,1035.0,3604.872793569239,2.528735632183908,424,434,11,0,423,434,12277,1,0,0,1,0
2020-08-30,US,Alabama,Coosa,111,3,0,32.93690146,-86.24847739,1037.0,1040.982837850511,2.702702702702702,108,109,3,0,106,108,10715,2,0,0,2,1
2020-08-30,US,Alabama,Covington,813,24,0,31.247785399999998,-86.45050893,1039.0,2194.391211638641,2.9520295202952034,789,809,24,0,785,805,36986,4,0,0,4,4
2020-08-30,US,Alabama,Crenshaw,390,26,0,31.72941803,-86.31593104,1041.0,2831.8327040371773,6.666666666666668,364,388,26,0,362,378,13824,2,0,0,2,10
2020-08-30,US,Alabama,Cullman,1434,13,0,34.13020303,-86.86888037,1043.0,1711.8708814821894,0.9065550906555092,1421,1424,12,0,1412,1396,83442,10,1,0,9,28
2020-08-30,US,Alabama,Dale,1012,37,0,31.43037123,-85.61095742,1045.0,2058.081835190759,3.656126482213439,975,1002,37,0,965,986,48956,10,0,0,10,16
2020-08-30,US,Alabama,Dallas,1421,25,0,32.32688101,-87.10866709999998,1047.0,3820.3032584148823,1.7593244194229416,1396,1412,25,0,1387,1405,38310,9,0,0,9,7
2020-08-30,US,Alabama,DeKalb,2051,14,0,34.45946862,-85.80782906,1049.0,2868.01001216562,0.6825938566552902,2037,2044,14,0,2030,2035,71385,7,0,0,7,9
2020-08-30,US,Alabama,Elmore,2014,42,0,32.59785413,-86.14415284,1051.0,2480.0206873622383,2.0854021847070507,1972,1992,42,0,1950,1966,81887,22,0,0,22,26
2020-08-30,US,Alabama,Escambia,1213,22,0,31.1256789,-87.15918694,1053.0,3311.22212213032,1.8136850783182192,1191,1209,22,0,1187,1199,36748,4,0,0,4,10
2020-08-30,US,Alabama,Etowah,2657,39,0,34.04567266,-86.04051873,1055.0,2598.075644385341,1.4678208505833648,2618,2644,39,0,2605,2600,102501,13,0,0,13,44
2020-08-30,US,Alabama,Fayette,284,6,0,33.72076938,-87.73886638,1057.0,1742.1175315912158,2.112676056338028,278,284,6,0,278,282,16433,0,0,0,0,2
2020-08-30,US,Alabama,Franklin,1536,27,0,34.44235334,-87.84289505,1059.0,4897.646833747847,1.7578125,1509,1528,27,0,1501,1504,31363,8,0,0,8,24
2020-08-30,US,Alabama,Geneva,382,3,0,31.09389027,-85.83572839,1061.0,1454.0748353697993,0.7853403141361257,379,375,3,0,372,370,26314,7,0,0,7,5
2020-08-30,US,Alabama,Greene,277,15,0,32.85504247,-87.95684022,1063.0,3415.11527555172,5.415162454873647,262,274,15,0,259,275,8233,3,0,0,3,-1
2020-08-30,US,Alabama,Hale,529,27,0,32.76039258,-87.63284988,1065.0,3610.675039246468,5.103969754253309,502,527,27,0,500,522,14726,2,0,0,2,5
2020-08-30,US,Alabama,Henry,323,3,0,31.51148016,-85.24267944,1067.0,1877.361232199942,0.9287925696594428,320,319,3,0,316,314,17209,4,0,0,4,5
2020-08-30,US,Alabama,Houston,1831,14,0,31.15197924,-85.29939599,1069.0,1729.2835420562512,0.764609503003823,1817,1807,14,0,1793,1785,104722,24,0,0,24,22
2020-08-30,US,Alabama,Jackson,1274,7,0,34.78144169,-85.99750489,1071.0,2467.7488087397824,0.5494505494505495,1267,1258,7,0,1251,1247,51736,16,0,0,16,11
2020-08-30,US,Alabama,Jefferson,15731,299,0,33.55554728,-86.89506300000002,1073.0,2388.649398016621,1.9007056131205902,15432,15591,299,0,15292,15325,659300,140,0,0,140,266
2020-08-30,US,Alabama,Lamar,271,2,0,33.77995024,-88.09668032,1075.0,1963.0568634552692,0.7380073800738007,269,268,2,0,266,266,13844,3,0,0,3,2
2020-08-30,US,Alabama,Lauderdale,1405,23,0,34.90171875,-87.65624729,1077.0,1515.1678547164315,1.6370106761565837,1382,1398,23,0,1375,1384,92387,7,0,0,7,14
2020-08-30,US,Alabama,Lawrence,459,5,0,34.52041498,-87.31069453,1079.0,1394.1197910338965,1.0893246187363834,454,442,5,0,437,433,32957,17,0,0,17,9
2020-08-30,US,Alabama,Lee,3247,48,0,32.60154883,-85.35132246,1081.0,1973.3563467078313,1.4782876501385895,3199,3200,48,0,3152,3091,163941,47,0,0,47,109
2020-08-30,US,Alabama,Limestone,1638,15,0,34.81185586,-86.98310072,1083.0,1655.9672446039526,0.9157509157509156,1623,1618,15,0,1603,1596,96174,20,0,0,20,22
2020-08-30,US,Alabama,Lowndes,600,24,0,32.1597283,-86.65158371,1085.0,6169.031462060457,4.0,576,599,24,0,575,593,9974,1,0,0,1,6
2020-08-30,US,Alabama,Macon,393,17,0,32.38759944,-85.69267724,1087.0,2175.11622758468,4.325699745547073,376,390,17,0,373,383,18439,3,0,0,3,7
2020-08-30,US,Alabama,Madison,6220,47,0,34.76327133,-86.55069633,1089.0,1667.9672520641766,0.7556270096463023,6173,6163,47,0,6116,6088,366519,57,0,0,57,75
2020-08-30,US,Alabama,Marengo,624,17,0,32.24767634,-87.78796182,1091.0,3308.063404548587,2.7243589743589745,607,623,17,0,606,620,19066,1,0,0,1,3
2020-08-30,US,Alabama,Marion,713,28,0,34.13697363,-87.88704173,1093.0,2399.946144266047,3.9270687237026647,685,709,28,0,681,699,29763,4,0,0,4,10
2020-08-30,US,Alabama,Marshall,3478,41,0,34.36975964,-86.30486727,1095.0,3593.940521214376,1.178838412880966,3437,3471,41,0,3430,3457,96109,7,0,0,7,14
2020-08-30,US,Alabama,Mobile,11981,254,0,30.78472347,-88.20842409,1097.0,2899.494203915684,2.120023370336366,11727,11921,251,0,11670,11830,413757,60,3,0,57,91
2020-08-30,US,Alabama,Monroe,443,6,0,31.56729412,-87.36995001,1099.0,2136.690300487146,1.3544018058690743,437,443,6,0,437,443,21067,0,0,0,0,0
2020-08-30,US,Alabama,Montgomery,7737,160,0,32.2206831,-86.20969272,1101.0,3416.105189724751,2.0679850071086983,7577,7650,160,0,7490,7582,225763,87,0,0,87,68
2020-08-30,US,Alabama,Morgan,2802,22,0,34.45500589,-86.85475946,1103.0,2341.262878199183,0.7851534618129907,2780,2777,22,0,2755,2742,119089,25,0,0,25,35
2020-08-30,US,Alabama,Perry,477,5,0,32.64048341,-87.29770589,1105.0,5345.735739101198,1.0482180293501049,472,477,5,0,472,477,9140,0,0,0,0,0
2020-08-30,US,Alabama,Pickens,531,10,0,33.28094866,-88.08818103,1107.0,2664.3251379829403,1.8832391713747645,521,526,10,0,516,515,19938,5,0,0,5,11
2020-08-30,US,Alabama,Pike,821,7,0,31.80396383,-85.9408295,1109.0,2479.3138853657065,0.8526187576126675,814,817,7,0,810,814,33338,4,0,0,4,3
2020-08-30,US,Alabama,Randolph,469,11,0,33.29526734,-85.45708831,1111.0,2064.078866296981,2.345415778251599,458,460,11,0,449,458,22725,9,0,0,9,2
2020-08-30,US,Alabama,Russell,1535,2,0,32.28725256,-85.18415324,1113.0,2648.3324994392788,0.13029315960912052,1533,1531,2,0,1529,1512,57781,4,0,0,4,19
2020-08-30,US,Alabama,Shelby,4068,42,0,33.26879845,-86.66232561,1117.0,1868.6093834691465,1.0324483775811208,4026,3925,42,0,3883,3824,215707,143,0,0,143,101
2020-08-30,US,Alabama,St. Clair,1641,27,0,33.71902176,-86.31029372,1115.0,1833.273751005452,1.6453382084095065,1614,1621,27,0,1594,1604,88690,20,0,0,20,17
2020-08-30,US,Alabama,Sumter,396,19,0,32.59117397,-88.19916205,1119.0,3186.609801239237,4.797979797979798,377,395,19,0,376,395,12691,1,0,0,1,0
2020-08-30,US,Alabama,Talladega,1296,18,0,33.37823223,-86.16886178,1121.0,1620.4456225462002,1.3888888888888888,1278,1282,17,0,1265,1232,79828,14,1,0,13,50
2020-08-30,US,Alabama,Tallapoosa,924,81,0,32.86698258,-85.79833053,1123.0,2288.998439319246,8.766233766233766,843,922,81,0,841,915,40497,2,0,0,2,7
2020-08-30,US,Alabama,Tuscaloosa,5123,90,0,33.28726072,-87.52556818,1125.0,2447.0397172267208,1.7567831348819052,5033,5080,89,0,4991,5024,208911,43,1,0,42,56
2020-08-30,US,Alabama,Unassigned,8779,95,0,0.0,0.0,90001.0,0.0,1.0821278049891787,8684,8605,93,0,8512,8462,,174,2,0,172,143
2020-08-30,US,Alabama,Walker,1815,72,0,33.80270512,-87.30027177,1127.0,2857.322775145228,3.9669421487603302,1743,1808,72,0,1736,1790,63711,7,0,0,7,18
2020-08-30,US,Alabama,Washington,498,13,0,31.4092794,-88.20689944,1129.0,3050.349136346931,2.6104417670682727,485,495,13,0,482,492,16378,3,0,0,3,3
2020-08-30,US,Alabama,Wilcox,479,11,0,31.98773215,-87.30891118,1131.0,4617.757640026993,2.2964509394572024,468,478,10,0,468,478,10627,1,1,0,0,0
2020-08-30,US,Alabama,Winston,543,11,0,34.15030532,-87.37325922,1133.0,2298.0236150493038,2.0257826887661143,532,538,11,0,527,531,23660,5,0,0,5,7
2020-08-30,US,Alaska,Aleutians East,2,0,0,55.32222414,-161.9722021,2013.0,59.93407252022774,0.0,2,2,0,0,2,2,3515,0,0,0,0,0
2020-08-30,US,Alaska,Aleutians West,7,0,0,52.3233,-174.1596,2016.0,124.24565140220093,0.0,7,7,0,0,7,6,5723,0,0,0,0,1
2020-08-30,US,Alaska,Anchorage,2972,21,0,61.14998174,-149.14269860000005,2020.0,1031.9444444444443,0.7065948855989233,2951,2963,21,0,2942,2897,291538,9,0,0,9,66
2020-08-30,US,Alaska,Bethel,59,1,0,60.90980451,-159.8561831,2050.0,320.89633416730123,1.6949152542372878,58,57,1,0,56,58,18216,2,0,0,2,-1
2020-08-30,US,Alaska,Bristol Bay,10,0,0,58.74513976,-156.701064,2060.0,1196.1722488038274,0.0,10,10,0,0,10,11,877,0,0,0,0,-1
2020-08-30,US,Alaska,Denali,1,0,0,63.67264044,-150.0076108,2068.0,47.687172150691474,0.0,1,1,0,0,1,1,2059,0,0,0,0,0
2020-08-30,US,Alaska,Dillingham,5,0,0,59.79603738,-158.23819419999995,2070.0,101.70870626525631,0.0,5,5,0,0,5,5,5000,0,0,0,0,0
2020-08-30,US,Alaska,Fairbanks North Star,635,8,0,64.80726247,-146.5692662,2090.0,655.6598416091027,1.2598425196850394,627,620,8,0,612,607,98971,15,0,0,15,13
2020-08-30,US,Alaska,Haines,5,0,0,59.09893571,-135.4679843,2100.0,197.6284584980237,0.0,5,5,0,0,5,5,2474,0,0,0,0,0
2020-08-30,US,Alaska,Juneau,174,1,0,58.45031811,-134.200436,2110.0,544.1921561268531,0.5747126436781609,173,171,1,0,170,171,32113,3,0,0,3,0
2020-08-30,US,Alaska,Kenai Peninsula,410,2,0,60.24429722,-151.53888840000005,2122.0,698.3716018259862,0.4878048780487805,408,407,2,0,405,406,58533,3,0,0,3,1
2020-08-30,US,Alaska,Ketchikan Gateway,46,0,0,55.57445008,-130.975561,2130.0,330.9114452197684,0.0,46,44,0,0,44,44,13918,2,0,0,2,0
2020-08-30,US,Alaska,Kodiak Island,14,0,0,57.65529415,-153.7493579,2150.0,107.70887828896757,0.0,14,14,0,0,14,14,13345,0,0,0,0,0
2020-08-30,US,Alaska,Kusilvak,8,0,0,62.15429159999999,-163.39678830000003,2158.0,96.22323791195574,0.0,8,8,0,0,8,8,8303,0,0,0,0,0
2020-08-30,US,Alaska,Matanuska-Susitna,472,2,0,62.31305045,-149.5741743,2170.0,435.75800659176315,0.42372881355932196,470,470,2,0,468,469,107610,2,0,0,2,1
2020-08-30,US,Alaska,Nome,39,0,0,64.90320724,-164.0353804,2180.0,389.84406237505,0.0,39,36,0,0,36,35,10008,3,0,0,3,1
2020-08-30,US,Alaska,North Slope,39,0,0,69.31479216,-153.4836093,2185.0,396.6639544344996,0.0,39,36,0,0,36,37,9872,3,0,0,3,-1
2020-08-30,US,Alaska,Northwest Arctic,66,0,0,67.04919196,-159.7503946,2188.0,866.028080304422,0.0,66,65,0,0,65,65,7671,1,0,0,1,0
2020-08-30,US,Alaska,Petersburg,7,1,0,57.13978948,-132.9540995,2195.0,214.32945499081444,14.285714285714285,6,7,1,0,6,7,3221,0,0,0,0,0
2020-08-30,US,Alaska,Prince of Wales-Hyder,25,0,0,55.76261984,-133.0511621,2198.0,403.03079155247457,0.0,25,23,0,0,23,23,6422,2,0,0,2,0
2020-08-30,US,Alaska,Sitka,38,0,0,57.24124555,-135.3206587,2220.0,447.42729306487695,0.0,38,38,0,0,38,36,8647,0,0,0,0,2
2020-08-30,US,Alaska,Southeast Fairbanks,18,0,0,63.87692095,-143.2127643,2240.0,261.13448425939356,0.0,18,18,0,0,18,18,6918,0,0,0,0,0
2020-08-30,US,Alaska,Unassigned,1,0,0,0.0,0.0,90002.0,0.0,0.0,1,2,0,0,2,4,,-1,0,0,-1,-2
2020-08-30,US,Alaska,Valdez-Cordova,73,0,0,61.47502768,-144.7126799,2261.0,793.3058030862856,0.0,73,73,0,0,73,72,9164,0,0,0,0,1
2020-08-30,US,Alaska,Wrangell,11,0,0,56.3202004,-132.05837309999998,2275.0,439.6482813749002,0.0,11,11,0,0,11,10,2503,0,0,0,0,1
2020-08-30,US,Alaska,Yakutat,18,0,0,59.890980799999994,-140.36014509999998,2282.0,3108.8082901554412,0.0,18,18,0,0,18,12,604,0,0,0,0,6
2020-08-30,US,Alaska,Yukon-Koyukuk,71,1,0,65.50815459,-151.39073869999999,2290.0,1357.5525812619505,1.4084507042253518,70,71,1,0,70,69,5327,0,0,0,0,2
2020-08-30,US,Arizona,Apache,3338,154,0,35.39465006,-109.4892383,4001.0,4643.398667352929,4.613541042540444,3184,3340,154,0,3186,3329,71818,-2,0,0,-2,11
2020-08-30,US,Arizona,Cochise,1815,60,0,31.87934684,-109.7516088,4003.0,1441.3684661933578,3.3057851239669422,1755,1815,60,0,1755,1809,126770,0,0,0,0,6
2020-08-30,US,Arizona,Coconino,3318,125,0,35.83883429,-111.77071780000001,4005.0,2312.5818952298637,3.767329716696805,3193,3311,125,0,3186,3287,142854,7,0,0,7,24
2020-08-30,US,Arizona,Gila,1106,47,0,33.80190085,-110.8132779,4007.0,2047.4656595949496,4.249547920433996,1059,1104,47,0,1057,1101,53889,2,0,0,2,3
2020-08-30,US,Arizona,Graham,714,22,0,32.93166885,-109.8882178,4009.0,1838.4530216031103,3.0812324929971986,692,714,22,0,692,707,38072,0,0,0,0,7
2020-08-30,US,Arizona,Greenlee,58,1,0,33.21498827,-109.2405279,4011.0,610.6548747104654,1.7241379310344829,57,58,1,0,57,58,9483,0,0,0,0,0
2020-08-30,US,Arizona,La Paz,498,15,0,33.72854224,-113.98100290000001,4012.0,2359.295054007959,3.0120481927710845,483,498,15,0,483,498,21098,0,0,0,0,0
2020-08-30,US,Arizona,Maricopa,133641,2962,0,33.34835867,-112.49181540000001,4013.0,2979.457414633297,2.2163856900202785,130679,133389,2950,0,130439,132986,4410824,252,12,0,240,403
2020-08-30,US,Arizona,Mohave,3606,206,0,35.70471703,-113.7577902,4015.0,1699.4924144951715,5.712701053799224,3400,3597,202,0,3395,3585,209550,9,4,0,5,12
2020-08-30,US,Arizona,Navajo,5598,220,0,35.3997715,-110.3218983,4017.0,5046.69864051062,3.929974991068239,5378,5592,219,0,5373,5569,110445,6,1,0,5,23
2020-08-30,US,Arizona,Pima,21189,576,0,32.0971334,-111.7890033,4019.0,2023.2430899502426,2.71839161829251,20613,21133,575,0,20558,21072,1039073,56,1,0,55,61
2020-08-30,US,Arizona,Pinal,9524,186,0,32.90525627,-111.3449483,4021.0,2057.9572980343096,1.9529609407811843,9338,9514,183,0,9331,9488,447138,10,3,0,7,26
2020-08-30,US,Arizona,Santa Cruz,2723,57,0,31.52508998,-110.8479088,4023.0,5856.1658565959815,2.0932794711715017,2666,2722,57,0,2665,2720,46511,1,0,0,1,2
2020-08-30,US,Arizona,Unassigned,0,1,0,0.0,0.0,90004.0,0.0,0.0,-1,0,1,0,-1,0,,0,0,0,0,0
2020-08-30,US,Arizona,Yavapai,2303,77,0,34.59933926,-112.5538588,4025.0,979.5873227874216,3.3434650455927053,2226,2287,77,0,2210,2284,231993,16,0,0,16,3
2020-08-30,US,Arizona,Yuma,12230,321,0,32.76895712,-113.90666740000002,4027.0,5720.647186218058,2.624693376941946,11909,12213,319,0,11894,12165,212128,17,2,0,15,48
2020-08-30,US,Arkansas,Arkansas,282,3,0,34.29145151,-91.37277296,5001.0,1612.718746425712,1.0638297872340423,279,277,3,0,274,275,17769,5,0,0,5,2
2020-08-30,US,Arkansas,Ashley,388,7,0,33.19153461,-91.76984709999999,5003.0,1973.8515541537365,1.8041237113402064,381,388,7,0,381,387,20046,0,0,0,0,1
2020-08-30,US,Arkansas,Baxter,137,0,0,36.28784385,-92.33782872,5005.0,326.7194505389678,0.0,137,132,0,0,132,132,41619,5,0,0,5,0
2020-08-30,US,Arkansas,Benton,5334,51,0,36.33644656,-94.25680817,5007.0,1910.8622524100726,0.9561304836895388,5283,5313,50,0,5263,5238,272608,21,1,0,20,75
2020-08-30,US,Arkansas,Boone,356,3,0,36.3084504,-93.09374925,5009.0,951.0579183586236,0.8426966292134831,353,316,3,0,313,309,37480,40,0,0,40,7
2020-08-30,US,Arkansas,Bradley,289,5,0,33.46755808,-92.15980837,5011.0,2685.124965158413,1.7301038062283738,284,289,5,0,284,284,10897,0,0,0,0,5
2020-08-30,US,Arkansas,Calhoun,23,0,0,33.55598792,-92.49974403,5013.0,443.24532665253423,0.0,23,23,0,0,23,23,5277,0,0,0,0,0
2020-08-30,US,Arkansas,Carroll,465,7,0,36.34038560000001,-93.54270261,5015.0,1638.4778012684992,1.5053763440860215,458,459,7,0,452,455,28223,6,0,0,6,4
2020-08-30,US,Arkansas,Chicot,962,10,0,33.26458973,-91.29539209,5017.0,9507.807867167425,1.0395010395010396,952,958,10,0,948,955,10438,4,0,0,4,3
2020-08-30,US,Arkansas,Clark,229,3,0,34.04613432,-93.17484713,5019.0,1025.9856630824372,1.310043668122271,226,226,3,0,223,224,22061,3,0,0,3,2
2020-08-30,US,Arkansas,Clay,180,6,0,36.36826212,-90.4148172,5021.0,1237.0283829290086,3.333333333333333,174,175,6,0,169,172,14847,5,0,0,5,3
2020-08-30,US,Arkansas,Cleburne,258,7,0,35.53864922,-92.02640019,5023.0,1035.3545487379108,2.713178294573644,251,256,7,0,249,255,24965,2,0,0,2,1
2020-08-30,US,Arkansas,Cleveland,136,3,0,33.89723187,-92.18537045,5025.0,1709.4017094017097,2.2058823529411766,133,135,3,0,132,135,8018,1,0,0,1,0
2020-08-30,US,Arkansas,Columbia,293,15,0,33.21230701,-93.22642793,5027.0,1249.0940870529053,5.119453924914676,278,291,14,0,277,290,23537,2,1,0,1,1
2020-08-30,US,Arkansas,Conway,202,3,0,35.26205537,-92.70506566,5029.0,969.0108414084236,1.4851485148514851,199,201,3,0,198,200,20891,1,0,0,1,1
2020-08-30,US,Arkansas,Craighead,1851,15,0,35.83018283,-90.63235729,5031.0,1677.6637784142404,0.8103727714748784,1836,1829,15,0,1814,1772,108558,22,0,0,22,57
2020-08-30,US,Arkansas,Crawford,916,9,0,35.58928601,-94.2446814,5033.0,1448.06108414879,0.982532751091703,907,910,8,0,902,896,63406,6,1,0,5,14
2020-08-30,US,Arkansas,Crittenden,1641,34,0,35.21247318,-90.30839406,5035.0,3421.9580857053493,2.071907373552712,1607,1635,33,0,1602,1624,48342,6,1,0,5,11
2020-08-30,US,Arkansas,Cross,275,5,0,35.29631396,-90.77185818,5037.0,1674.8888482855234,1.818181818181818,270,266,5,0,261,261,16676,9,0,0,9,5
2020-08-30,US,Arkansas,Dallas,127,2,0,33.97042763,-92.65167437,5039.0,1811.9560564987883,1.5748031496062993,125,115,2,0,113,112,7182,12,0,0,12,3
2020-08-30,US,Arkansas,Desha,239,5,0,33.83011025,-91.25500948,5041.0,2103.688055628906,2.092050209205021,234,237,5,0,232,234,11512,2,0,0,2,3
2020-08-30,US,Arkansas,Drew,303,4,0,33.59035001,-91.71777921,5043.0,1663.0989626214391,1.32013201320132,299,302,4,0,298,298,18328,1,0,0,1,4
2020-08-30,US,Arkansas,Faulkner,1679,8,0,35.14719007,-92.33717519,5045.0,1332.4656566698675,0.4764740917212626,1671,1649,8,0,1641,1640,124806,30,0,0,30,9
2020-08-30,US,Arkansas,Franklin,162,2,0,35.51202821,-93.89299569,5047.0,914.4792548687552,1.2345679012345678,160,160,2,0,158,158,17810,2,0,0,2,2
2020-08-30,US,Arkansas,Fulton,69,0,0,36.38177105,-91.81729127,5049.0,553.0175522962252,0.0,69,67,0,0,67,66,12269,2,0,0,2,1
2020-08-30,US,Arkansas,Garland,1407,29,0,34.57692074,-93.14921604,5051.0,1415.6923510353574,2.0611229566453453,1378,1400,29,0,1371,1391,99154,7,0,0,7,9
2020-08-30,US,Arkansas,Grant,192,1,0,34.29017991,-92.42320562,5053.0,1051.1908020804815,0.5208333333333334,191,183,1,0,182,180,18188,9,0,0,9,3
2020-08-30,US,Arkansas,Greene,632,4,0,36.11735460000001,-90.55832668,5055.0,1394.3739658025372,0.6329113924050633,628,625,4,0,621,615,45325,7,0,0,7,10
2020-08-30,US,Arkansas,Hempstead,330,3,0,33.73325583,-93.66935133,5057.0,1532.6026379342375,0.9090909090909092,327,329,3,0,326,328,21741,1,0,0,1,1
2020-08-30,US,Arkansas,Hot Spring,1717,20,0,34.31709259,-92.95396325,5059.0,5084.243877883391,1.1648223645893998,1697,1713,20,0,1693,1707,33701,4,0,0,4,6
2020-08-30,US,Arkansas,Howard,423,5,0,34.09007427,-93.9934871,5061.0,3204.059990910468,1.182033096926714,418,421,5,0,416,420,13341,2,0,0,2,1
2020-08-30,US,Arkansas,Independence,760,6,0,35.74242707,-91.57001641,5063.0,2009.2531394580303,0.7894736842105263,754,755,5,0,750,751,37678,5,1,0,4,4
2020-08-30,US,Arkansas,Izard,102,0,0,36.09604046,-91.90847954,5065.0,748.4041382346468,0.0,102,98,0,0,98,93,13593,4,0,0,4,5
2020-08-30,US,Arkansas,Jackson,182,1,0,35.59802983,-91.21494602,5067.0,1088.5818529816377,0.5494505494505495,181,182,1,0,181,181,16811,0,0,0,0,1
2020-08-30,US,Arkansas,Jefferson,2091,50,0,34.26767081,-91.92619839,5069.0,3129.1152879205074,2.391200382592061,2041,2082,50,0,2032,2059,68114,9,0,0,9,23
2020-08-30,US,Arkansas,Johnson,754,4,0,35.56759135,-93.46036368,5071.0,2836.9328015652045,0.5305039787798409,750,753,4,0,749,753,26742,1,0,0,1,0
2020-08-30,US,Arkansas,Lafayette,66,2,0,33.24116713,-93.60677071,5073.0,996.3768115942028,3.0303030303030303,64,66,2,0,64,66,6682,0,0,0,0,0
2020-08-30,US,Arkansas,Lawrence,248,10,0,36.04188196,-91.10867198,5075.0,1511.6420821650615,4.032258064516129,238,248,10,0,238,245,16434,0,0,0,0,3
2020-08-30,US,Arkansas,Lee,1002,11,0,34.78498904,-90.78383866,5077.0,11313.085694930563,1.0978043912175648,991,1001,11,0,990,1000,8985,1,0,0,1,1
2020-08-30,US,Arkansas,Lincoln,1600,13,0,33.95317155,-91.74002806,5079.0,12285.012285012284,0.8125,1587,1570,13,0,1557,1529,13383,30,0,0,30,41
2020-08-30,US,Arkansas,Little River,278,14,0,33.70375665,-94.23468591,5081.0,2267.7216738722573,5.035971223021583,264,276,14,0,262,276,12326,2,0,0,2,0
2020-08-30,US,Arkansas,Logan,364,1,0,35.21413234,-93.71951016,5083.0,1695.7048355538986,0.27472527472527475,363,362,1,0,361,360,21737,2,0,0,2,2
2020-08-30,US,Arkansas,Lonoke,717,4,0,34.75392199,-91.88742357,5085.0,978.0518080999603,0.5578800557880056,713,705,4,0,701,689,73657,12,0,0,12,16
2020-08-30,US,Arkansas,Madison,295,2,0,36.01038185,-93.72524943,5087.0,1779.6814671814673,0.6779661016949152,293,295,2,0,293,290,16481,0,0,0,0,5
2020-08-30,US,Arkansas,Marion,44,0,0,36.26844485,-92.68451899,5089.0,263.5677488918174,0.0,44,44,0,0,44,44,16722,0,0,0,0,0
2020-08-30,US,Arkansas,Miller,601,7,0,33.31403423,-93.89285258,5091.0,1389.3705065076172,1.1647254575707155,594,599,6,0,593,597,43592,2,1,0,1,2
2020-08-30,US,Arkansas,Mississippi,1349,21,0,35.76271485,-90.05194370000002,5093.0,3318.4915500233697,1.5567086730911786,1328,1345,20,0,1325,1325,41239,4,1,0,3,20
2020-08-30,US,Arkansas,Monroe,94,0,0,34.6815935,-91.20540287,5095.0,1402.7757051186386,0.0,94,92,0,0,92,92,6900,2,0,0,2,0
2020-08-30,US,Arkansas,Montgomery,96,3,0,34.53704874,-93.65824478,5097.0,1068.3285110171378,3.125,93,93,3,0,90,76,8924,3,0,0,3,17
2020-08-30,US,Arkansas,Nevada,162,12,0,33.66340119,-93.30632432,5099.0,1963.1604459524967,7.407407407407407,150,162,12,0,150,162,8326,0,0,0,0,0
2020-08-30,US,Arkansas,Newton,120,15,0,35.91947491,-93.21612969,5101.0,1547.7879530504322,12.5,105,117,15,0,102,116,7805,3,0,0,3,1
2020-08-30,US,Arkansas,Ouachita,157,4,0,33.58839816,-92.87795984,5103.0,671.4566760756138,2.5477707006369426,153,146,4,0,142,142,23606,11,0,0,11,4
2020-08-30,US,Arkansas,Perry,63,1,0,34.945915299999996,-92.94372564,5105.0,602.5824964131995,1.5873015873015872,62,62,1,0,61,61,10352,1,0,0,1,1
2020-08-30,US,Arkansas,Phillips,404,9,0,34.43268455,-90.84800154,5107.0,2271.9604094027677,2.227722772277228,395,397,9,0,388,396,18029,7,0,0,7,1
2020-08-30,US,Arkansas,Pike,174,1,0,34.16250414,-93.65789349,5109.0,1623.4372084344095,0.5747126436781609,173,172,1,0,171,170,10673,2,0,0,2,2
2020-08-30,US,Arkansas,Poinsett,486,6,0,35.57433534,-90.66268713,5111.0,2065.6239374362467,1.2345679012345678,480,478,6,0,472,465,23974,8,0,0,8,13
2020-08-30,US,Arkansas,Polk,224,3,0,34.48254879,-94.22728802,5113.0,1122.0196353436186,1.3392857142857142,221,223,3,0,220,220,20049,1,0,0,1,3
2020-08-30,US,Arkansas,Pope,1732,14,0,35.44871474,-93.03212219,5115.0,2703.208889998752,0.8083140877598153,1718,1716,14,0,1702,1699,64000,16,0,0,16,17
2020-08-30,US,Arkansas,Prairie,115,0,0,34.83624419,-91.55162157,5117.0,1426.445050855867,0.0,115,114,0,0,114,114,8074,1,0,0,1,0
2020-08-30,US,Arkansas,Pulaski,7024,105,0,34.77054088,-92.31355101,5119.0,1792.2436471545834,1.4948747152619588,6919,6991,103,0,6888,6928,392680,33,2,0,31,63
2020-08-30,US,Arkansas,Randolph,309,12,0,36.3415714,-91.02455531,5121.0,1720.6815903775475,3.8834951456310685,297,308,12,0,296,303,17948,1,0,0,1,5
2020-08-30,US,Arkansas,Saline,1567,12,0,34.64916145,-92.67583224,5125.0,1279.8418778637174,0.7657945118059988,1555,1547,12,0,1535,1528,121421,20,0,0,20,19
2020-08-30,US,Arkansas,Scott,86,0,0,34.85588887,-94.0632176,5127.0,836.4945044256395,0.0,86,86,0,0,86,86,10319,0,0,0,0,0
2020-08-30,US,Arkansas,Searcy,100,0,0,35.9109364,-92.69936482,5129.0,1268.874508311128,0.0,100,95,0,0,95,94,7958,5,0,0,5,1
2020-08-30,US,Arkansas,Sebastian,2862,33,0,35.19605503,-94.27162713,5131.0,2238.963599239597,1.1530398322851152,2829,2842,32,0,2810,2817,127753,20,1,0,19,25
2020-08-30,US,Arkansas,Sevier,1157,12,0,33.99780401,-94.2424869,5133.0,6803.081084259423,1.0371650821089022,1145,1153,12,0,1141,1148,17139,4,0,0,4,5
2020-08-30,US,Arkansas,Sharp,147,5,0,36.16258158,-91.47819342,5135.0,842.7932576539388,3.4013605442176873,142,146,5,0,141,149,17366,1,0,0,1,-3
2020-08-30,US,Arkansas,St. Francis,1344,4,0,35.02201976,-90.74828138,5123.0,5377.290549731935,0.2976190476190476,1340,1343,4,0,1339,1325,25439,1,0,0,1,18
2020-08-30,US,Arkansas,Stone,194,2,0,35.86251946,-92.15684085,5137.0,1551.2553974092434,1.0309278350515465,192,191,2,0,189,189,12457,3,0,0,3,2
2020-08-30,US,Arkansas,Unassigned,904,0,0,0.0,0.0,90005.0,0.0,0.0,904,901,0,0,901,815,,3,0,0,3,86
2020-08-30,US,Arkansas,Union,690,19,0,33.16887091,-92.59746952,5139.0,1783.7753994105785,2.753623188405797,671,689,20,0,669,683,39126,1,-1,0,2,6
2020-08-30,US,Arkansas,Van Buren,118,2,0,35.58095779,-92.51295036,5141.0,713.2064067694168,1.6949152542372878,116,116,2,0,114,112,16603,2,0,0,2,4
2020-08-30,US,Arkansas,Washington,6883,61,0,35.976844,-94.21800746,5143.0,2877.6647560277106,0.8862414644776987,6822,6850,58,0,6792,6715,236961,33,3,0,30,135
2020-08-30,US,Arkansas,White,524,11,0,35.25688493,-91.74908296,5145.0,665.3714779119525,2.099236641221374,513,520,11,0,509,521,78727,4,0,0,4,-1
2020-08-30,US,Arkansas,Woodruff,27,0,0,35.18902527,-91.2439489,5147.0,427.21518987341767,0.0,27,27,0,0,27,27,6490,0,0,0,0,0
2020-08-30,US,Arkansas,Yell,1143,23,0,35.00292371,-93.41171338,5149.0,5355.887727847805,2.0122484689413818,1120,1140,23,0,1117,1136,21535,3,0,0,3,4
2020-08-30,US,California,Alameda,18040,258,0,37.64629437,-121.8929271,6001.0,1079.3805408749563,1.4301552106430155,17782,17847,247,0,17600,17847,1666753,193,11,0,182,0
2020-08-30,US,California,Alpine,2,0,0,38.59678594,-119.82235940000001,6003.0,177.14791851195747,0.0,2,2,0,0,2,2,1101,0,0,0,0,0
2020-08-30,US,California,Amador,278,14,0,38.44583082,-120.65696000000001,6005.0,699.3358824713222,5.035971223021583,264,278,14,0,264,276,39383,0,0,0,0,2
2020-08-30,US,California,Butte,1948,23,0,39.66727762,-121.6005252,6007.0,888.7428941629483,1.1806981519507187,1925,1886,23,0,1863,1815,231256,62,0,0,62,71
2020-08-30,US,California,Calaveras,236,2,0,38.20537103,-120.55291299999999,6009.0,514.1052172965908,0.8474576271186439,234,236,2,0,234,223,45602,0,0,0,0,13
2020-08-30,US,California,Colusa,441,6,0,39.17881957,-122.2331726,6011.0,2046.6886341486054,1.3605442176870748,435,441,6,0,435,439,21627,0,0,0,0,2
2020-08-30,US,California,Contra Costa,13700,173,0,37.91923498,-121.9289527,6013.0,1187.662870191049,1.2627737226277371,13527,13562,173,0,13389,13398,1150215,138,0,0,138,164
2020-08-30,US,California,Del Norte,122,1,0,41.74228275,-123.89740630000001,6015.0,438.6595714080253,0.819672131147541,121,122,1,0,121,122,27828,0,0,0,0,0
2020-08-30,US,California,El Dorado,958,2,0,38.77965956,-120.5233166,6017.0,496.77717106661896,0.20876826722338204,956,951,2,0,949,942,190678,7,0,0,7,9
2020-08-30,US,California,Fresno,24821,263,0,36.75733899,-119.6466953,6019.0,2484.333415740751,1.0595866403448693,24558,24612,263,0,24349,24367,994400,209,0,0,209,245
2020-08-30,US,California,Glenn,440,3,0,39.59875897,-122.3938452,6021.0,1549.6777374705032,0.6818181818181818,437,440,3,0,437,435,28047,0,0,0,0,5
2020-08-30,US,California,Humboldt,368,4,0,40.69923009,-123.876044,6023.0,271.47051446613256,1.0869565217391304,364,368,4,0,364,368,136373,0,0,0,0,0
2020-08-30,US,California,Imperial,10667,293,0,33.0393082,-115.36690420000001,6025.0,5886.378059211434,2.7467891628386614,10374,10667,293,0,10374,10641,181827,0,0,0,0,26
2020-08-30,US,California,Inyo,174,13,0,36.51112084,-117.41119779999998,6027.0,964.5767503741893,7.471264367816093,161,174,13,0,161,172,17987,0,0,0,0,2
2020-08-30,US,California,Kern,29105,286,0,35.34329425,-118.72777959999999,6029.0,3233.1632233654223,0.9826490293763958,28819,28961,273,0,28688,28854,896764,144,13,0,131,107
2020-08-30,US,California,Kings,6142,72,0,36.07409056,-119.8159973,6031.0,4015.953968876684,1.1722565939433407,6070,6103,72,0,6031,6090,151366,39,0,0,39,13
2020-08-30,US,California,Lake,332,4,0,39.10124298,-122.75362439999999,6033.0,515.640045972727,1.2048192771084338,328,324,3,0,321,315,64382,8,1,0,7,9
2020-08-30,US,California,Lassen,716,0,0,40.67311306,-120.59350990000002,6035.0,2341.935694894188,0.0,716,716,0,0,716,716,30802,0,0,0,0,0
2020-08-30,US,California,Los Angeles,240749,5769,0,34.30828379,-118.22824109999999,6037.0,2398.111704556989,2.3962716356038856,234980,239756,5759,0,233997,238458,10105518,993,10,0,983,1298
2020-08-30,US,California,Madera,3674,54,0,37.21513971,-119.76655890000002,6039.0,2335.263495776313,1.4697876973326076,3620,3674,54,0,3620,3674,157672,0,0,0,0,0
2020-08-30,US,California,Marin,6068,95,0,38.07122463,-122.72106310000001,6041.0,2344.4321667838626,1.5655899802241269,5973,6068,95,0,5973,6054,259666,0,0,0,0,14
2020-08-30,US,California,Mariposa,71,2,0,37.57978556,-119.9073334,6043.0,412.71871185258385,2.8169014084507036,69,71,2,0,69,71,17471,0,0,0,0,0
2020-08-30,US,California,Mendocino,689,17,0,39.4381191,-123.39113130000001,6045.0,794.2454668065338,2.467343976777939,672,673,17,0,656,659,87606,16,0,0,16,14
2020-08-30,US,California,Merced,7890,115,0,37.18922369,-120.72090349999999,6047.0,2841.4001728608478,1.4575411913814955,7775,7890,115,0,7775,7814,274765,0,0,0,0,76
2020-08-30,US,California,Modoc,10,0,0,41.58965602,-120.7244817,6049.0,113.109376767334,0.0,10,9,0,0,9,7,8777,1,0,0,1,2
2020-08-30,US,California,Mono,162,2,0,37.93899289,-118.8872409,6051.0,1121.5729714760457,1.2345679012345678,160,162,2,0,160,162,14250,0,0,0,0,0
2020-08-30,US,California,Monterey,7685,55,0,36.21862405,-121.24133970000001,6053.0,1770.4884797298075,0.715679895901106,7630,7619,55,0,7564,7522,435594,66,0,0,66,97
2020-08-30,US,California,Napa,1413,13,0,38.50735751,-122.33283899999999,6055.0,1025.8160065048205,0.9200283085633404,1400,1403,13,0,1390,1397,139417,10,0,0,10,6
2020-08-30,US,California,Nevada,442,5,0,39.30394768,-120.76272809999999,6057.0,443.0855596210717,1.1312217194570136,437,438,5,0,433,435,99696,4,0,0,4,3
2020-08-30,US,California,Orange,48444,979,0,33.70147516,-117.76459979999998,6059.0,1525.462796769964,2.020890099909173,47465,48190,975,0,47215,47782,3185968,254,4,0,250,408
2020-08-30,US,California,Placer,2973,32,0,39.06167234,-120.72405690000001,6061.0,746.3679521199813,1.0763538513286244,2941,2947,32,0,2915,2899,393149,26,0,0,26,48
2020-08-30,US,California,Plumas,40,0,0,40.00355989,-120.8395236,6063.0,212.6867655660127,0.0,40,40,0,0,40,40,18804,0,0,0,0,0
2020-08-30,US,California,Riverside,51918,1007,0,33.74314981,-115.9933578,6065.0,2101.4787824229948,1.9395970568974152,50911,51860,1007,0,50853,51860,2450758,58,0,0,58,0
2020-08-30,US,California,Sacramento,17588,274,0,38.45106826,-121.34253740000001,6067.0,1133.205073521737,1.5578803729815784,17314,17150,274,0,16876,17150,1540975,438,0,0,438,0
2020-08-30,US,California,San Benito,1090,8,0,36.60308176,-121.069975,6069.0,1735.4477136670487,0.7339449541284404,1082,1081,8,0,1073,1042,61537,9,0,0,9,39
2020-08-30,US,California,San Bernardino,47373,716,0,34.84060306,-116.1774685,6071.0,2172.988667873042,1.5114094526418005,46657,47145,716,0,46429,46892,2171603,228,0,0,228,253
2020-08-30,US,California,San Diego,38300,682,0,33.03484597,-116.73653259999999,6073.0,1147.280226939817,1.7806788511749347,37618,38047,679,0,37368,37784,3343364,253,3,0,250,263
2020-08-30,US,California,San Francisco,9428,83,0,37.75215114,-122.43856720000001,6075.0,1069.4811065522167,0.8803563852354688,9345,9349,83,0,9266,9215,883305,79,0,0,79,134
2020-08-30,US,California,San Joaquin,17493,307,0,37.93433732,-121.2730061,6077.0,2295.2234998976583,1.754987709369462,17186,17114,307,0,16807,16989,752660,379,0,0,379,125
2020-08-30,US,California,San Luis Obispo,2917,21,0,35.38822029,-120.4039028,6079.0,1030.3379239944757,0.7199177236887213,2896,2882,21,0,2861,2842,284010,35,0,0,35,40
2020-08-30,US,California,San Mateo,8074,131,0,37.422880799999994,-122.32755459999998,6081.0,1053.2591155702066,1.6224919494674264,7943,8074,131,0,7943,7978,769545,0,0,0,0,96
2020-08-30,US,California,Santa Barbara,8052,92,0,34.65329488,-120.0188492,6083.0,1803.3635013740231,1.1425732737208147,7960,8014,92,0,7922,7951,446527,38,0,0,38,63
2020-08-30,US,California,Santa Clara,17013,245,0,37.23104908,-121.6970462,6085.0,882.4847550538112,1.4400752365837888,16768,17013,245,0,16768,16607,1937570,0,0,0,0,406
2020-08-30,US,California,Santa Cruz,1746,7,0,37.05580291,-122.0066524,6087.0,639.0618308792041,0.4009163802978236,1739,1747,7,0,1740,1734,274255,-1,0,0,-1,13
2020-08-30,US,California,Shasta,562,12,0,40.76391419,-122.0396884,6089.0,312.0835184362505,2.1352313167259784,550,562,12,0,550,562,180040,0,0,0,0,0
2020-08-30,US,California,Sierra,6,0,0,39.57713498,-120.52007009999998,6091.0,199.6672212978369,0.0,6,6,0,0,6,6,2987,0,0,0,0,0
2020-08-30,US,California,Siskiyou,128,0,0,41.59198861,-122.54074340000001,6093.0,293.9892969521578,0.0,128,128,0,0,128,127,43724,0,0,0,0,1
2020-08-30,US,California,Solano,5388,46,0,38.26827353,-121.9357113,6095.0,1203.6377202368851,0.8537490720118782,5342,5388,46,0,5342,5388,446610,0,0,0,0,0
2020-08-30,US,California,Sonoma,5654,78,0,38.52746429,-122.88625060000001,6097.0,1143.756473329881,1.3795542978422357,5576,5654,78,0,5576,5588,499942,0,0,0,0,66
2020-08-30,US,California,Stanislaus,14544,255,0,37.55862499,-120.9970722,6099.0,2641.194203319653,1.7533003300330032,14289,14482,255,0,14227,14257,549815,62,0,0,62,225
2020-08-30,US,California,Sutter,1368,10,0,39.03417539,-121.6945899,6101.0,1410.7310433016055,0.7309941520467836,1358,1368,10,0,1358,1347,96807,0,0,0,0,21
2020-08-30,US,California,Tehama,417,1,0,40.12570935,-122.23701709999999,6103.0,640.710466474095,0.23980815347721826,416,410,1,0,409,402,63916,7,0,0,7,8
2020-08-30,US,California,Trinity,13,0,0,40.64917670000001,-123.114713,6105.0,105.82010582010582,0.0,13,11,0,0,11,11,12535,2,0,0,2,0
2020-08-30,US,California,Tulare,13890,232,0,36.22026558,-118.8020203,6107.0,2979.439933933225,1.6702663786897047,13658,13884,232,0,13652,13775,465861,6,0,0,6,109
2020-08-30,US,California,Tuolumne,189,2,0,38.02644018,-119.95250929999999,6109.0,346.92903557399325,1.058201058201058,187,189,2,0,187,189,54539,0,0,0,0,0
2020-08-30,US,California,Ventura,10705,115,0,34.44465746,-119.09106129999999,6111.0,1265.357456093692,1.0742643624474544,10590,10606,115,0,10491,10483,850967,99,0,0,99,123
2020-08-30,US,California,Yolo,2386,52,0,38.68278902,-121.90182879999999,6113.0,1082.0861678004537,2.179379715004191,2334,2335,51,0,2284,2310,220408,51,1,0,50,25
2020-08-30,US,California,Yuba,909,6,0,39.26255932,-121.35356440000001,6115.0,1155.4888900188134,0.6600660066006601,903,909,6,0,903,900,78041,0,0,0,0,9
2020-08-30,US,Colorado,Adams,7482,197,0,39.87432092,-104.3362578,8001.0,1446.0178462026086,2.632985832665063,7285,7445,197,0,7248,7404,511868,37,0,0,37,41
2020-08-30,US,Colorado,Alamosa,238,9,0,37.57250606,-105.7885451,8003.0,1466.1492022423458,3.7815126050420167,229,237,9,0,228,237,16683,1,0,0,1,0
2020-08-30,US,Colorado,Arapahoe,8067,365,0,39.64977461,-104.3353617,8005.0,1228.6206003746631,4.524606421222264,7702,8046,365,0,7681,8014,651215,21,0,0,21,32
2020-08-30,US,Colorado,Archuleta,47,0,0,37.19474156,-107.04768670000001,8007.0,335.020315061658,0.0,47,46,0,0,46,46,13765,1,0,0,1,0
2020-08-30,US,Colorado,Baca,16,0,0,37.31940883,-102.5603223,8009.0,446.8025691147723,0.0,16,16,0,0,16,16,3585,0,0,0,0,0
2020-08-30,US,Colorado,Bent,11,0,0,37.95474293,-103.0720195,8011.0,197.23865877712032,0.0,11,11,0,0,11,11,5882,0,0,0,0,0
2020-08-30,US,Colorado,Boulder,2287,79,0,40.09313619,-105.3546767,8013.0,701.1122147420572,3.454306952339309,2208,2277,79,0,2198,2272,326078,10,0,0,10,5
2020-08-30,US,Colorado,Broomfield,532,33,0,39.95998787,-105.0566324,8014.0,754.9847441992479,6.203007518796992,499,530,33,0,497,528,69267,2,0,0,2,2
2020-08-30,US,Colorado,Chaffee,316,19,0,38.74745778,-106.19265729999998,8015.0,1552.3678522303005,6.012658227848102,297,315,19,0,296,315,20027,1,0,0,1,0
2020-08-30,US,Colorado,Cheyenne,9,0,0,38.82777431,-102.6032558,8017.0,491.53468050245766,0.0,9,9,0,0,9,9,1876,0,0,0,0,0
2020-08-30,US,Colorado,Clear Creek,35,1,0,39.68864463,-105.6463118,8019.0,360.8247422680412,2.8571428571428568,34,35,1,0,34,34,9605,0,0,0,0,1
2020-08-30,US,Colorado,Conejos,31,0,0,37.201606,-106.19174879999998,8021.0,377.8184034125533,0.0,31,31,0,0,31,31,8200,0,0,0,0,0
2020-08-30,US,Colorado,Costilla,32,0,0,37.27732493,-105.4276548,8023.0,823.2570105479805,0.0,32,32,0,0,32,33,3828,0,0,0,0,-1
2020-08-30,US,Colorado,Crowley,73,1,0,38.32608609,-103.7844965,8025.0,1204.4217125886814,1.3698630136986298,72,73,1,0,72,73,5858,0,0,0,0,0
2020-08-30,US,Colorado,Custer,17,0,0,38.10883162,-105.3683478,8027.0,335.43804262036303,0.0,17,17,0,0,17,17,4954,0,0,0,0,0
2020-08-30,US,Colorado,Delta,162,2,0,38.86246243,-107.86313419999999,8029.0,519.8639368461588,1.2345679012345678,160,159,2,0,157,153,30953,3,0,0,3,6
2020-08-30,US,Colorado,Denver,11225,428,0,39.76018276,-104.87256950000001,8031.0,1543.5685103773185,3.8129175946547886,10797,11196,428,0,10768,11147,716492,29,0,0,29,49
2020-08-30,US,Colorado,Dolores,2,0,0,37.75208676,-108.5211585,8033.0,97.32360097323601,0.0,2,2,0,0,2,2,2074,0,0,0,0,0
2020-08-30,US,Colorado,Douglas,1994,60,0,39.33133796,-104.930001,8035.0,567.8420294229883,3.0090270812437314,1934,1984,60,0,1924,1979,342776,10,0,0,10,5
2020-08-30,US,Colorado,Eagle,1179,9,0,39.62754308,-106.6933637,8037.0,2138.6979157218784,0.7633587786259542,1170,1178,9,0,1169,1174,54993,1,0,0,1,4
2020-08-30,US,Colorado,El Paso,6007,153,0,38.83240149,-104.5251411,8041.0,833.8388374284949,2.5470284667887464,5854,5988,153,0,5835,5948,713856,19,0,0,19,40
2020-08-30,US,Colorado,Elbert,121,2,0,39.28656773,-104.13587209999999,8039.0,452.6918328407348,1.6528925619834711,119,121,2,0,119,120,26282,0,0,0,0,1
2020-08-30,US,Colorado,Fremont,157,0,0,38.47362326,-105.43996670000001,8043.0,328.1841175609858,0.0,157,157,0,0,157,156,48021,0,0,0,0,1
2020-08-30,US,Colorado,Garfield,839,4,0,39.59921777,-107.902708,8045.0,1396.9131383093854,0.4767580452920143,835,838,4,0,834,839,59770,1,0,0,1,-1
2020-08-30,US,Colorado,Gilpin,17,0,0,39.85646523,-105.5252597,8047.0,272.30498157936887,0.0,17,17,0,0,17,17,6121,0,0,0,0,0
2020-08-30,US,Colorado,Grand,62,1,0,40.10603347,-106.11780420000001,8049.0,394.05109952968087,1.6129032258064515,61,62,1,0,61,62,15525,0,0,0,0,0
2020-08-30,US,Colorado,Gunnison,290,7,0,38.66611652,-107.0320729,8051.0,1660.749055091055,2.413793103448276,283,290,7,0,283,289,17246,0,0,0,0,1
2020-08-30,US,Colorado,Hinsdale,3,0,0,37.82247444,-107.3004345,8053.0,365.8536585365854,0.0,3,3,0,0,3,3,811,0,0,0,0,0
2020-08-30,US,Colorado,Huerfano,9,1,0,37.68473101,-104.9612585,8055.0,130.49151805132666,11.111111111111109,8,9,1,0,8,9,6889,0,0,0,0,0
2020-08-30,US,Colorado,Jackson,9,0,0,40.66593870000001,-106.3408905,8057.0,646.5517241379309,0.0,9,9,0,0,9,9,1399,0,0,0,0,0
2020-08-30,US,Colorado,Jefferson,4777,237,0,39.58635604,-105.2517692,8059.0,819.5497880356368,4.961272765333892,4540,4766,237,0,4529,4732,580233,11,0,0,11,34
2020-08-30,US,Colorado,Kit Carson,74,3,0,39.30497777,-102.60221990000001,8063.0,1042.6940960969425,4.0540540540540535,71,74,3,0,71,74,7163,0,0,0,0,0
2020-08-30,US,Colorado,La Plata,240,2,0,37.28632032,-107.8429014,8067.0,426.8867505024812,0.8333333333333334,238,239,2,0,237,238,56310,1,0,0,1,1
2020-08-30,US,Colorado,Lake,80,0,0,39.20278823,-106.35556969999999,8065.0,984.3730773963333,0.0,80,80,0,0,80,80,7824,0,0,0,0,0
2020-08-30,US,Colorado,Larimer,1938,42,0,40.66671597,-105.4625784,8069.0,543.0107677522212,2.1671826625387,1896,1929,42,0,1887,1905,350518,9,0,0,9,24
2020-08-30,US,Colorado,Las Animas,20,0,0,37.3153406,-104.03764579999999,8071.0,137.87398317937405,0.0,20,20,0,0,20,20,14503,0,0,0,0,0
2020-08-30,US,Colorado,Lincoln,8,0,0,38.98749519,-103.51366490000001,8073.0,140.3262585511314,0.0,8,8,0,0,8,8,5610,0,0,0,0,0
2020-08-30,US,Colorado,Logan,684,5,0,40.7249637,-103.110817,8075.0,3052.3450399393105,0.7309941520467836,679,681,5,0,676,681,21528,3,0,0,3,0
2020-08-30,US,Colorado,Mesa,407,5,0,39.01787888,-108.469799,8077.0,263.9258154464691,1.2285012285012284,402,403,5,0,398,403,153207,4,0,0,4,0
2020-08-30,US,Colorado,Mineral,19,0,0,37.66954283,-106.92816979999999,8079.0,2470.74122236671,0.0,19,19,0,0,19,19,776,0,0,0,0,0
2020-08-30,US,Colorado,Moffat,34,1,0,40.61810999,-108.2070876,8081.0,255.96627267936455,2.9411764705882355,33,34,1,0,33,34,13188,0,0,0,0,0
2020-08-30,US,Colorado,Montezuma,124,5,0,37.33859579,-108.59588570000001,8083.0,473.58973379673836,4.032258064516129,119,123,5,0,118,123,26158,1,0,0,1,0
2020-08-30,US,Colorado,Montrose,342,13,0,38.40214114,-108.26390220000002,8085.0,799.8503204078769,3.801169590643275,329,341,13,0,328,341,42214,1,0,0,1,0
2020-08-30,US,Colorado,Morgan,713,48,0,40.26279810000001,-103.8093302,8087.0,2452.869134443374,6.73211781206171,665,712,48,0,664,711,28558,1,0,0,1,1
2020-08-30,US,Colorado,Otero,82,6,0,37.9014485,-103.7173385,8089.0,448.6267644162381,7.317073170731707,76,82,6,0,76,82,18432,0,0,0,0,0
2020-08-30,US,Colorado,Ouray,23,1,0,38.14717457,-107.7675136,8091.0,464.45880452342493,4.3478260869565215,22,22,1,0,21,22,4833,1,0,0,1,0
2020-08-30,US,Colorado,Park,43,1,0,39.120926000000004,-105.7182065,8093.0,228.1772353409393,2.3255813953488373,42,43,1,0,42,43,18556,0,0,0,0,0
2020-08-30,US,Colorado,Phillips,19,0,0,40.59414277,-102.3577703,8095.0,445.48651817116064,0.0,19,19,0,0,19,19,4286,0,0,0,0,0
2020-08-30,US,Colorado,Pitkin,197,2,0,39.21720112,-106.9310027,8097.0,1108.7972083075363,1.0152284263959392,195,197,2,0,195,196,17950,0,0,0,0,1
2020-08-30,US,Colorado,Prowers,84,0,0,37.95544985,-102.3926052,8099.0,690.1084456128821,0.0,84,83,0,0,83,81,12164,1,0,0,1,2
2020-08-30,US,Colorado,Pueblo,866,34,0,38.17359144,-104.5127437,8101.0,514.1785018762172,3.9260969976905313,832,865,34,0,831,859,167529,1,0,0,1,6
2020-08-30,US,Colorado,Rio Blanco,23,0,0,39.97913541,-108.2179009,8103.0,363.69386464263124,0.0,23,23,0,0,23,23,6336,0,0,0,0,0
2020-08-30,US,Colorado,Rio Grande,94,2,0,37.5836865,-106.3847838,8105.0,834.2948433478299,2.127659574468085,92,94,2,0,92,94,11250,0,0,0,0,0
2020-08-30,US,Colorado,Routt,132,8,0,40.48596505,-106.9905548,8107.0,514.8607535689212,6.0606060606060606,124,132,8,0,124,132,25733,0,0,0,0,0
2020-08-30,US,Colorado,Saguache,110,2,0,38.08054629,-106.28246599999999,8109.0,1611.957796014068,1.818181818181818,108,110,2,0,108,110,6843,0,0,0,0,0
2020-08-30,US,Colorado,San Juan,4,0,0,37.76248981,-107.67632890000002,8111.0,549.4505494505495,0.0,4,3,0,0,3,3,762,1,0,0,1,0
2020-08-30,US,Colorado,San Miguel,93,0,0,38.00450883,-108.4020725,8113.0,1137.0583200880305,0.0,93,93,0,0,93,93,8191,0,0,0,0,0
2020-08-30,US,Colorado,Sedgwick,12,1,0,40.87595412,-102.3519227,8115.0,533.8078291814946,8.333333333333334,11,12,1,0,11,12,2303,0,0,0,0,0
2020-08-30,US,Colorado,Summit,363,4,0,39.63803232,-106.1150762,8117.0,1170.552384637709,1.1019283746556474,359,363,4,0,359,363,31007,0,0,0,0,0
2020-08-30,US,Colorado,Teller,162,3,0,38.88133511,-105.16148929999999,8119.0,638.0967386166692,1.851851851851852,159,161,3,0,158,160,25083,1,0,0,1,1
2020-08-30,US,Colorado,Washington,53,0,0,39.97015535,-103.202587,8121.0,1079.8696006519967,0.0,53,53,0,0,53,53,4909,0,0,0,0,0
2020-08-30,US,Colorado,Weld,4051,146,0,40.55499405,-104.39296209999999,8123.0,1248.4129038620367,3.6040483831152796,3905,4040,146,0,3894,4029,314305,11,0,0,11,11
2020-08-30,US,Colorado,Yuma,63,0,0,40.00346839,-102.4258673,8125.0,628.8052699870246,0.0,63,63,0,0,63,63,10020,0,0,0,0,0
2020-08-30,US,Connecticut,Fairfield,18774,1413,0,41.26809896,-73.3881171,9001.0,1990.179491419776,7.526366251198466,17361,18774,1413,0,17361,18774,943823,0,0,0,0,0
2020-08-30,US,Connecticut,Hartford,13392,1426,0,41.80283011,-72.73103891,9003.0,1501.816713766653,10.648148148148149,11966,13392,1426,0,11966,13392,892697,0,0,0,0,0
2020-08-30,US,Connecticut,Litchfield,1688,139,0,41.7937534,-73.2451475,9005.0,936.0460925066403,8.234597156398102,1549,1688,139,0,1549,1688,181111,0,0,0,0,0
2020-08-30,US,Connecticut,Middlesex,1446,192,0,41.45949668,-72.53714864,9007.0,890.1967544140464,13.278008298755188,1254,1446,192,0,1254,1446,162682,0,0,0,0,0
2020-08-30,US,Connecticut,New Haven,13622,1109,0,41.408032500000004,-72.93620426,9009.0,1593.6693118629034,8.141242108354133,12513,13622,1109,0,12513,13622,857620,0,0,0,0,0
2020-08-30,US,Connecticut,New London,1554,106,0,41.48896435,-72.10430976,9011.0,585.9595936743513,6.821106821106821,1448,1554,106,0,1448,1554,266784,0,0,0,0,0
2020-08-30,US,Connecticut,Tolland,1126,65,0,41.85853803,-72.3308481,9013.0,747.0757226929228,5.772646536412077,1061,1126,65,0,1061,1126,150921,0,0,0,0,0
2020-08-30,US,Connecticut,Unassigned,104,0,0,0.0,0.0,90009.0,0.0,0.0,104,104,0,0,104,104,,0,0,0,0,0
2020-08-30,US,Connecticut,Windham,789,15,0,41.82972709,-71.98182316,9015.0,675.6178178143892,1.9011406844106464,774,789,15,0,774,789,117027,0,0,0,0,0
2020-08-30,US,Delaware,Kent,2608,109,0,39.08646628,-75.56884914,10001.0,1442.58958105163,4.179447852760736,2499,2612,109,0,2503,2578,178550,-4,0,0,-4,34
2020-08-30,US,Delaware,New Castle,8139,300,0,39.57992638,-75.64054974,10003.0,1456.6364744350367,3.6859565057132326,7839,8109,300,0,7809,7989,559335,30,0,0,30,120
2020-08-30,US,Delaware,Sussex,6317,195,0,38.66143781,-75.39031349,10005.0,2696.9794001494292,3.0869083425676744,6122,6350,195,0,6155,6237,229286,-33,0,0,-33,113
2020-08-30,US,Delaware,Unassigned,279,0,0,0.0,0.0,90010.0,0.0,0.0,279,278,0,0,278,279,,1,0,0,1,-1
2020-08-30,US,District of Columbia,District of Columbia,13959,606,0,38.90417773,-77.01655992,11001.0,1977.8986580214773,4.341285192349022,13353,13925,605,0,13320,13851,702455,34,1,0,33,74
2020-08-30,US,Florida,Alachua,5193,33,0,29.67866525,-82.35928158,12001.0,1930.1747304334247,0.635470826112074,5160,5165,33,0,5132,5117,269956,28,0,0,28,48
2020-08-30,US,Florida,Baker,1151,5,0,30.33060121,-82.28467476,12003.0,3940.431359123588,0.4344048653344917,1146,1148,5,0,1143,1143,28355,3,0,0,3,5
2020-08-30,US,Florida,Bay,5355,78,0,30.26548745,-85.62122584,12005.0,3065.1669957929075,1.4565826330532212,5277,5341,78,0,5263,5315,185287,14,0,0,14,26
2020-08-30,US,Florida,Bradford,729,5,0,29.95079741,-82.16611613,12007.0,2585.01471579022,0.6858710562414266,724,717,5,0,712,705,27732,12,0,0,12,12
2020-08-30,US,Florida,Brevard,7201,210,0,28.29409504,-80.73091022,12009.0,1196.2946596183685,2.9162616303291213,6991,7182,209,0,6973,7132,596849,19,1,0,18,50
2020-08-30,US,Florida,Broward,70950,1183,0,26.15184651,-80.48725556,12011.0,3633.285504035789,1.6673713883016208,69767,70764,1183,0,69581,70513,1951260,186,0,0,186,251
2020-08-30,US,Florida,Calhoun,568,8,0,30.40666734,-85.19394153,12013.0,4026.940801134349,1.4084507042253518,560,559,8,0,551,554,14587,9,0,0,9,5
2020-08-30,US,Florida,Charlotte,2656,110,0,26.90131002,-81.92949121,12015.0,1405.9605102959079,4.141566265060241,2546,2635,111,0,2524,2622,184998,21,-1,0,22,13
2020-08-30,US,Florida,Citrus,2082,57,0,28.84804315,-82.47614748,12017.0,1391.1811676032528,2.7377521613832854,2025,2069,57,0,2012,2054,147929,13,0,0,13,15
2020-08-30,US,Florida,Clay,3960,76,0,29.98319144,-81.85609986,12019.0,1806.140878988561,1.9191919191919191,3884,3910,76,0,3834,3864,216072,50,0,0,50,46
2020-08-30,US,Florida,Collier,11604,176,0,26.11091986,-81.34687065,12021.0,3014.793375976223,1.5167183729748364,11428,11570,176,0,11394,11517,378488,34,0,0,34,53
2020-08-30,US,Florida,Columbia,3335,33,0,30.22509788,-82.62160164,12023.0,4652.233351002985,0.9895052473763118,3302,3331,33,0,3298,3316,70503,4,0,0,4,15
2020-08-30,US,Florida,DeSoto,1478,22,0,27.18677893,-81.80941373,12027.0,3889.37133233336,1.4884979702300405,1456,1472,22,0,1450,1468,37489,6,0,0,6,4
2020-08-30,US,Florida,Dixie,712,4,0,29.60631086,-83.15724673,12029.0,4231.5464162605485,0.5617977528089888,708,702,4,0,698,697,16700,10,0,0,10,5
2020-08-30,US,Florida,Duval,26391,254,0,30.33225875,-81.66976468,12031.0,2755.5063664507106,0.9624493198438862,26137,26284,254,0,26030,26169,950181,107,0,0,107,115
2020-08-30,US,Florida,Escambia,11151,186,0,30.67652764,-87.37284571,12033.0,3503.1226831199187,1.6680118375033628,10965,11121,186,0,10935,11066,315534,30,0,0,30,55
2020-08-30,US,Florida,Flagler,1310,15,0,29.45933576,-81.31508595,12035.0,1138.3286554687568,1.1450381679389312,1295,1302,15,0,1287,1288,112067,8,0,0,8,14
2020-08-30,US,Florida,Franklin,542,3,0,29.83791238,-84.82731662,12037.0,4470.103092783505,0.5535055350553506,539,537,3,0,534,529,11736,5,0,0,5,8
2020-08-30,US,Florida,Gadsden,2317,31,0,30.57796289,-84.61915825,12039.0,5074.4634253175645,1.3379369874838152,2286,2290,31,0,2259,2268,45894,27,0,0,27,22
2020-08-30,US,Florida,Gilchrist,460,10,0,29.72856978,-82.79880657,12041.0,2475.5139382197826,2.1739130434782608,450,457,10,0,447,451,18256,3,0,0,3,6
2020-08-30,US,Florida,Glades,454,3,0,26.95635849,-81.18996211,12043.0,3287.234812830353,0.6607929515418502,451,453,3,0,450,453,13724,1,0,0,1,0
2020-08-30,US,Florida,Gulf,824,11,0,29.93543004,-85.24270990000002,12045.0,6041.4986435955725,1.3349514563106797,813,819,11,0,808,818,16164,5,0,0,5,1
2020-08-30,US,Florida,Hamilton,697,6,0,30.49673973,-82.94998918,12047.0,4830.884391461048,0.860832137733142,691,695,6,0,689,692,14310,2,0,0,2,3
2020-08-30,US,Florida,Hardee,1092,9,0,27.49293939,-81.80956574,12049.0,4053.9035527341575,0.8241758241758241,1083,1091,9,0,1082,1083,27245,1,0,0,1,8
2020-08-30,US,Florida,Hendry,1969,39,0,26.55386945,-81.16469006,12051.0,4685.6408547903475,1.980700863382428,1930,1960,39,0,1921,1957,41556,9,0,0,9,3
2020-08-30,US,Florida,Hernando,2601,83,0,28.55364461,-82.42700204,12053.0,1341.2747524752474,3.191080353710112,2518,2560,83,0,2477,2516,190865,41,0,0,41,44
2020-08-30,US,Florida,Highlands,1821,67,0,27.34254618,-81.34071957,12055.0,1714.3502697206768,3.6792970895112576,1754,1811,67,0,1744,1795,105424,10,0,0,10,16
2020-08-30,US,Florida,Hillsborough,37013,547,0,27.9276559,-82.32013172,12057.0,2514.524772277658,1.4778591305757436,36466,36784,545,0,36239,36574,1436888,229,2,0,227,210
2020-08-30,US,Florida,Holmes,622,5,0,30.86747479,-85.81319222,12059.0,3170.719274098996,0.8038585209003215,617,619,5,0,614,616,19477,3,0,0,3,3
2020-08-30,US,Florida,Indian River,2834,98,0,27.69308961,-80.60556721,12061.0,1772.1028244842832,3.4580098800282286,2736,2827,98,0,2729,2811,157413,7,0,0,7,16
2020-08-30,US,Florida,Jackson,2335,66,0,30.795459700000002,-85.21500423,12063.0,5030.809669496272,2.8265524625267666,2269,2327,66,0,2261,2314,48305,8,0,0,8,13
2020-08-30,US,Florida,Jefferson,498,6,0,30.43669112,-83.89442308,12065.0,3495.7180963077362,1.2048192771084338,492,495,6,0,489,496,14288,3,0,0,3,-1
2020-08-30,US,Florida,Lafayette,1202,7,0,29.98484137,-83.18166636,12067.0,14272.144383756831,0.5823627287853578,1195,1189,7,0,1182,1184,8732,13,0,0,13,5
2020-08-30,US,Florida,Lake,6385,116,0,28.76202069,-81.7125123,12069.0,1739.2228111942209,1.8167580266249024,6269,6345,116,0,6229,6275,356495,40,0,0,40,70
2020-08-30,US,Florida,Lee,18634,418,0,26.58410348,-81.88399313,12071.0,2418.1879293049233,2.2432113341204247,18216,18584,418,0,18166,18461,754610,50,0,0,50,123
2020-08-30,US,Florida,Leon,6294,33,0,30.45955727,-84.27491114,12073.0,2143.8644058559453,0.5243088655862727,6261,6194,33,0,6161,6145,292502,100,0,0,100,49
2020-08-30,US,Florida,Levy,907,6,0,29.31829741,-82.74007147,12075.0,2185.384189094764,0.6615214994487321,901,899,6,0,893,891,40770,8,0,0,8,8
2020-08-30,US,Florida,Liberty,433,7,0,30.23766008,-84.8829258,12077.0,5183.145798419919,1.6166281755196306,426,432,7,0,425,431,8457,1,0,0,1,1
2020-08-30,US,Florida,Madison,867,14,0,30.44396917,-83.47398594,12079.0,4688.260422862705,1.6147635524798154,853,860,14,0,846,852,18529,7,0,0,7,8
2020-08-30,US,Florida,Manatee,10418,258,0,27.47196942,-82.31831044,12081.0,2583.489769449948,2.476483010174697,10160,10391,258,0,10133,10340,394855,27,0,0,27,51
2020-08-30,US,Florida,Marion,8469,179,0,29.21227113,-82.05803627,12083.0,2316.5991482005256,2.1135907427087024,8290,8424,174,0,8250,8321,359977,45,5,0,40,103
2020-08-30,US,Florida,Martin,4450,114,0,27.0772071,-80.43109784,12085.0,2763.9751552795037,2.5617977528089892,4336,4420,114,0,4306,4362,160912,30,0,0,30,58
2020-08-30,US,Florida,Miami-Dade,156559,2403,0,25.6112362,-80.55170587,12086.0,5762.328207468698,1.5348846121909312,154156,156038,2399,0,153639,155418,2761581,521,4,0,517,620
2020-08-30,US,Florida,Monroe,1727,16,0,25.20904673,-81.07812416,12087.0,2326.6152934202732,0.9264620729588884,1711,1719,16,0,1703,1714,75027,8,0,0,8,5
2020-08-30,US,Florida,Nassau,1659,19,0,30.61037141,-81.80297522,12089.0,1871.9322990126932,1.1452682338758289,1640,1643,19,0,1624,1620,85832,16,0,0,16,23
2020-08-30,US,Florida,Okaloosa,4134,77,0,30.69143028,-86.59267105,12091.0,1961.6775332403267,1.8626028059990325,4057,4124,76,0,4048,4094,207269,10,1,0,9,30
2020-08-30,US,Florida,Okeechobee,1239,15,0,27.386336199999995,-80.88944347,12093.0,2938.2470119521918,1.2106537530266344,1224,1234,15,0,1219,1219,41537,5,0,0,5,15
2020-08-30,US,Florida,Orange,35770,376,0,28.51367621,-81.31799498,12095.0,2567.0062549696718,1.0511601901034386,35394,35613,376,0,35237,35449,1380645,157,0,0,157,164
2020-08-30,US,Florida,Osceola,11091,129,0,28.06312234,-81.14882926,12097.0,2951.688751327342,1.1631052204490129,10962,11055,129,0,10926,10988,367990,36,0,0,36,67
2020-08-30,US,Florida,Palm Beach,41865,1117,0,26.64676272,-80.46536002,12099.0,2797.0229226935326,2.668099844739042,40748,41730,1117,0,40613,41558,1485941,135,0,0,135,172
2020-08-30,US,Florida,Pasco,8028,174,0,28.30810945,-82.40227529,12101.0,1449.2361182568006,2.1674140508221225,7854,7989,173,0,7816,7949,539630,39,1,0,38,40
2020-08-30,US,Florida,Pinellas,19888,650,0,27.93130349,-82.72239666,12103.0,2039.8032402184213,3.2683024939662118,19238,19813,650,0,19163,19740,975280,75,0,0,75,73
2020-08-30,US,Florida,Polk,16894,442,0,27.95027105,-81.69732947,12105.0,2330.923856579334,2.6163134840771867,16452,16803,442,0,16361,16692,708009,91,0,0,91,111
2020-08-30,US,Florida,Putnam,1774,37,0,29.60779729,-81.74230285,12107.0,2380.537029830517,2.0856820744081173,1737,1763,36,0,1727,1757,74163,11,1,0,10,6
2020-08-30,US,Florida,Santa Rosa,4659,55,0,30.69341450000001,-87.02458128,12113.0,2527.7652688632925,1.1805108392358876,4604,4634,55,0,4579,4592,179349,25,0,0,25,42
2020-08-30,US,Florida,Sarasota,7193,202,0,27.18546175,-82.33174248,12115.0,1658.3591167099335,2.8082858334491867,6991,7162,202,0,6960,7136,426718,31,0,0,31,26
2020-08-30,US,Florida,Seminole,8006,172,0,28.7158582,-81.24060348,12117.0,1696.8119603413122,2.1483887084686484,7834,7979,172,0,7807,7934,467832,27,0,0,27,45
2020-08-30,US,Florida,St. Johns,4321,57,0,29.90096506,-81.43589967,12109.0,1632.5867488816345,1.3191390881740337,4264,4286,57,0,4229,4263,254261,35,0,0,35,23
2020-08-30,US,Florida,St. Lucie,6975,235,0,27.37763908,-80.47106649,12111.0,2124.600590319132,3.3691756272401427,6740,6939,235,0,6704,6896,321128,36,0,0,36,43
2020-08-30,US,Florida,Sumter,1848,50,0,28.70181754,-82.0794267,12119.0,1395.55958314454,2.7056277056277063,1798,1832,50,0,1782,1819,128754,16,0,0,16,13
2020-08-30,US,Florida,Suwannee,2431,60,0,30.19746066,-82.99099670000003,12121.0,5473.129657563545,2.4681201151789387,2371,2424,60,0,2364,2406,44191,7,0,0,7,18
2020-08-30,US,Florida,Taylor,1199,5,0,30.04848048,-83.60445406,12123.0,5558.9039825675745,0.4170141784820684,1194,1195,5,0,1190,1185,21623,4,0,0,4,10
2020-08-30,US,Florida,Unassigned,998,0,0,0.0,0.0,90012.0,0.0,0.0,998,984,0,0,984,959,,14,0,0,14,25
2020-08-30,US,Florida,Union,592,5,0,30.04412971,-82.37497443,12125.0,3885.279254446413,0.8445945945945946,587,572,5,0,567,569,14940,20,0,0,20,3
2020-08-30,US,Florida,Volusia,9244,189,0,29.05858895,-81.18263252,12127.0,1670.7513681942728,2.044569450454349,9055,9223,189,0,9034,9174,547538,21,0,0,21,49
2020-08-30,US,Florida,Wakulla,886,7,0,30.16548905,-84.39895211,12129.0,2626.041080055722,0.7900677200902935,879,884,7,0,877,880,32461,2,0,0,2,4
2020-08-30,US,Florida,Walton,1636,20,0,30.64204028,-86.16935664,12131.0,2208.6916607039193,1.2224938875305624,1616,1628,20,0,1608,1622,71375,8,0,0,8,6
2020-08-30,US,Florida,Washington,1006,16,0,30.61359259,-85.66002461,12133.0,3949.2796294115333,1.5904572564612327,990,1002,16,0,986,998,24880,4,0,0,4,4
2020-08-30,US,Georgia,Appling,885,23,0,31.74847232,-82.28909114,13001.0,4813.445012509518,2.5988700564971747,862,883,23,0,860,881,18507,2,0,0,2,2
2020-08-30,US,Georgia,Atkinson,405,3,0,31.29633502,-82.87545866,13003.0,4960.195958358849,0.7407407407407407,402,403,3,0,400,398,8297,2,0,0,2,5
2020-08-30,US,Georgia,Bacon,516,8,0,31.55456473,-82.45936528,13005.0,4621.9992834109635,1.5503875968992251,508,513,8,0,505,511,11185,3,0,0,3,2
2020-08-30,US,Georgia,Baker,71,3,0,31.32669878,-84.44218806,13007.0,2337.063857801185,4.225352112676056,68,71,3,0,68,72,3092,0,0,0,0,-1
2020-08-30,US,Georgia,Baldwin,1652,50,0,33.06882326,-83.24701748,13009.0,3680.106928046335,3.026634382566586,1602,1644,50,0,1594,1599,44823,8,0,0,8,45
2020-08-30,US,Georgia,Banks,370,6,0,34.35607081,-83.49644388,13011.0,1923.6768222938547,1.6216216216216215,364,368,6,0,362,362,18988,2,0,0,2,6
2020-08-30,US,Georgia,Barrow,1725,37,0,33.99148694,-83.71436292,13013.0,2072.320999519462,2.1449275362318843,1688,1717,37,0,1680,1694,80809,8,0,0,8,23
2020-08-30,US,Georgia,Bartow,2426,70,0,34.23732119,-84.83887523,13015.0,2251.7588965824507,2.8854080791426218,2356,2407,70,0,2337,2376,106408,19,0,0,19,31
2020-08-30,US,Georgia,Ben Hill,620,13,0,31.76095874,-83.22145359,13017.0,3712.574850299401,2.096774193548387,607,620,12,0,608,610,16787,0,1,0,-1,10
2020-08-30,US,Georgia,Berrien,379,6,0,31.27590016,-83.22529920000002,13019.0,1953.9103985152344,1.5831134564643798,373,378,6,0,372,374,19252,1,0,0,1,4
2020-08-30,US,Georgia,Bibb,5375,119,0,32.80904227,-83.70489165,13021.0,3509.424846074994,2.213953488372093,5256,5388,118,0,5270,5365,153095,-13,1,0,-14,23
2020-08-30,US,Georgia,Bleckley,349,16,0,32.43829035,-83.33035166,13023.0,2711.100753515109,4.584527220630372,333,346,16,0,330,338,12838,3,0,0,3,8
2020-08-30,US,Georgia,Brantley,304,8,0,31.19576557,-81.97743999,13025.0,1590.8734104348734,2.631578947368421,296,301,8,0,293,301,18897,3,0,0,3,0
2020-08-30,US,Georgia,Brooks,476,21,0,30.83922642,-83.58303423,13027.0,3079.510901209808,4.411764705882354,455,476,21,0,455,470,15513,0,0,0,0,6
2020-08-30,US,Georgia,Bryan,855,9,0,32.00979311,-81.44002948,13029.0,2157.619804678628,1.0526315789473684,846,843,9,0,834,840,38109,12,0,0,12,3
2020-08-30,US,Georgia,Bulloch,1919,21,0,32.39577406,-81.74811421,13031.0,2410.56175258768,1.0943199583116203,1898,1796,21,0,1775,1743,77296,123,0,0,123,53
2020-08-30,US,Georgia,Burke,650,8,0,33.05917989,-81.99928721,13033.0,2903.989634990841,1.2307692307692308,642,646,8,0,638,639,22423,4,0,0,4,7
2020-08-30,US,Georgia,Butts,564,40,0,33.283094500000004,-83.95435040000002,13035.0,2261.7901828681424,7.092198581560282,524,562,40,0,522,556,24193,2,0,0,2,6
2020-08-30,US,Georgia,Calhoun,227,7,0,31.53169785,-84.62725131,13037.0,3667.7977056067216,3.0837004405286343,220,229,7,0,222,229,6352,-2,0,0,-2,0
2020-08-30,US,Georgia,Camden,1013,7,0,30.92951916,-81.66601818,13039.0,1853.071378919255,0.6910167818361304,1006,1006,7,0,999,999,53677,7,0,0,7,7
2020-08-30,US,Georgia,Candler,348,14,0,32.40209349,-82.07702563,13043.0,3221.327409053041,4.022988505747127,334,332,14,0,318,326,10836,16,0,0,16,6
2020-08-30,US,Georgia,Carroll,2310,61,0,33.58138199,-85.07976677,13045.0,1925.1283418894595,2.6406926406926408,2249,2295,60,0,2235,2286,118121,15,1,0,14,9
2020-08-30,US,Georgia,Catoosa,860,17,0,34.89872298,-85.13757014,13047.0,1272.5658478839896,1.976744186046512,843,852,17,0,835,833,67420,8,0,0,8,19
2020-08-30,US,Georgia,Charlton,558,6,0,30.78371028,-82.13951596,13049.0,4166.666666666667,1.075268817204301,552,556,5,0,551,555,12968,2,1,0,1,1
2020-08-30,US,Georgia,Chatham,7012,121,0,32.00043026,-81.12489526,13051.0,2422.6928791072105,1.7256132344552195,6891,6987,120,0,6867,6935,289195,25,1,0,24,52
2020-08-30,US,Georgia,Chattahoochee,1113,2,0,32.34341231,-84.78809239,13053.0,10204.455854038692,0.17969451931716082,1111,1113,2,0,1111,1088,10684,0,0,0,0,25
2020-08-30,US,Georgia,Chattooga,553,5,0,34.47197698,-85.34535662,13055.0,2230.8281899229496,0.9041591320072332,548,551,5,0,546,522,24790,2,0,0,2,29
2020-08-30,US,Georgia,Cherokee,4817,78,0,34.24393976,-84.47431861,13057.0,1861.4770474508546,1.6192651027610545,4739,4791,78,0,4713,4720,254149,26,0,0,26,71
2020-08-30,US,Georgia,Clarke,2842,26,0,33.95436462,-83.37124007,13059.0,2214.585719740359,0.9148486980999296,2816,2789,26,0,2763,2737,127330,53,0,0,53,52
2020-08-30,US,Georgia,Clay,111,2,0,31.62221166,-84.97713865,13061.0,3916.7254763585042,1.8018018018018016,109,112,2,0,110,112,2887,-1,0,0,-1,0
2020-08-30,US,Georgia,Clayton,6458,137,0,33.54187245,-84.35594188,13063.0,2209.7065586335266,2.121399814183958,6321,6430,137,0,6293,6366,289615,28,0,0,28,64
2020-08-30,US,Georgia,Clinch,285,4,0,30.91395822,-82.70432472,13065.0,4306.4369900271995,1.4035087719298245,281,284,4,0,280,284,6648,1,0,0,1,0
2020-08-30,US,Georgia,Cobb,16896,391,0,33.94243204,-84.5761255,13067.0,2222.745516950145,2.314157196969697,16505,16840,390,0,16450,16630,756865,56,1,0,55,210
2020-08-30,US,Georgia,Coffee,1775,37,0,31.54892966,-82.85492059999999,13069.0,4101.864904212788,2.084507042253521,1738,1776,37,0,1739,1767,43093,-1,0,0,-1,9
2020-08-30,US,Georgia,Colquitt,1751,26,0,31.18810588,-83.7677946,13071.0,3839.9122807017534,1.4848657909765848,1725,1743,26,0,1717,1736,45592,8,0,0,8,7
2020-08-30,US,Georgia,Columbia,3109,44,0,33.54534185,-82.263524,13073.0,1983.8687034980921,1.4152460598263108,3065,3100,44,0,3056,3085,154291,9,0,0,9,15
2020-08-30,US,Georgia,Cook,508,11,0,31.16068491,-83.42947229,13075.0,2941.51708164447,2.1653543307086616,497,508,11,0,497,505,17162,0,0,0,0,3
2020-08-30,US,Georgia,Coweta,2244,26,0,33.35334302,-84.76129976,13077.0,1511.0195341696462,1.1586452762923352,2218,2230,26,0,2204,2201,145864,14,0,0,14,29
2020-08-30,US,Georgia,Crawford,151,3,0,32.71391813,-83.98061238,13079.0,1217.349242179942,1.9867549668874167,148,148,3,0,145,148,12318,3,0,0,3,0
2020-08-30,US,Georgia,Crisp,466,15,0,31.92289565,-83.76811843,13081.0,2082.960843912033,3.218884120171674,451,465,15,0,450,459,22601,1,0,0,1,6
2020-08-30,US,Georgia,Dade,192,3,0,34.854916700000004,-85.50490424,13083.0,1191.3626209977665,1.5625,189,189,3,0,186,189,16226,3,0,0,3,0
2020-08-30,US,Georgia,Dawson,669,7,0,34.44244079,-84.16964071,13085.0,2562.4329707369393,1.0463378176382658,662,666,7,0,659,650,25083,3,0,0,3,16
2020-08-30,US,Georgia,DeKalb,16498,298,0,33.76944049,-84.22396017,13089.0,2172.7993130487807,1.8062795490362469,16200,16443,297,0,16146,16368,756558,55,1,0,54,75
2020-08-30,US,Georgia,Decatur,986,21,0,30.87967778,-84.57619536,13087.0,3734.282684441752,2.129817444219067,965,980,21,0,959,968,26575,6,0,0,6,12
2020-08-30,US,Georgia,Dodge,323,6,0,32.17265114,-83.16948926,13091.0,1567.5806842999273,1.8575851393188851,317,315,6,0,309,308,20705,8,0,0,8,7
2020-08-30,US,Georgia,Dooly,283,14,0,32.15630737,-83.79746561,13093.0,2113.517550410754,4.946996466431095,269,282,14,0,268,282,13706,1,0,0,1,0
2020-08-30,US,Georgia,Dougherty,2977,179,0,31.53328528,-84.21722377,13095.0,3384.64686888899,6.012764528048371,2798,2969,179,0,2790,2962,91243,8,0,0,8,7
2020-08-30,US,Georgia,Douglas,3154,64,0,33.70291126,-84.77026156,13097.0,2155.210703620945,2.029169308814204,3090,3149,64,0,3085,3123,145331,5,0,0,5,26
2020-08-30,US,Georgia,Early,409,32,0,31.32155345,-84.90255207,13099.0,4013.738959764475,7.823960880195599,377,409,32,0,377,406,10247,0,0,0,0,3
2020-08-30,US,Georgia,Echols,234,2,0,30.71101099,-82.89687287,13101.0,5841.238142785822,0.8547008547008547,232,233,2,0,231,232,4000,1,0,0,1,1
2020-08-30,US,Georgia,Effingham,1054,16,0,32.36616021,-81.34280942,13103.0,1639.2932686325744,1.5180265654648957,1038,1042,16,0,1026,1029,62190,12,0,0,12,13
2020-08-30,US,Georgia,Elbert,464,1,0,34.11302332,-82.83936148,13105.0,2417.422111076378,0.21551724137931036,463,452,1,0,451,447,19120,12,0,0,12,5
2020-08-30,US,Georgia,Emanuel,765,22,0,32.59221302,-82.30239915,13107.0,3378.080014130531,2.8758169934640523,743,721,22,0,699,719,22612,44,0,0,44,2
2020-08-30,US,Georgia,Evans,360,5,0,32.15328841,-81.8870105,13109.0,3379.0125774357048,1.3888888888888888,355,360,5,0,355,356,10721,0,0,0,0,4
2020-08-30,US,Georgia,Fannin,439,8,0,34.86430205,-84.316964,13111.0,1676.3403085382618,1.8223234624145783,431,431,8,0,423,428,25964,8,0,0,8,3
2020-08-30,US,Georgia,Fayette,1568,38,0,33.41357794,-84.49089434,13113.0,1370.3778152611847,2.423469387755102,1530,1564,38,0,1526,1539,113459,4,0,0,4,25
2020-08-30,US,Georgia,Floyd,2269,31,0,34.26268279,-85.21577392,13115.0,2303.600073097931,1.3662406346408111,2238,2250,31,0,2219,2215,97927,19,0,0,19,35
2020-08-30,US,Georgia,Forsyth,3079,33,0,34.22604035,-84.12315129999998,13117.0,1260.5833319686224,1.071776550828191,3046,3057,33,0,3024,3015,236612,22,0,0,22,42
2020-08-30,US,Georgia,Franklin,537,11,0,34.37525597,-83.23159927,13119.0,2299.8843633560323,2.0484171322160147,526,537,10,0,527,525,23023,0,1,0,-1,12
2020-08-30,US,Georgia,Fulton,24801,515,0,33.79216944,-84.46319413,13121.0,2331.059075866335,2.076529172210798,24286,24747,513,0,24234,24586,1050114,54,2,0,52,161
2020-08-30,US,Georgia,Gilmer,745,7,0,34.69316688,-84.45802506,13123.0,2374.9561669163822,0.9395973154362416,738,745,5,0,740,746,30816,0,2,0,-2,-1
2020-08-30,US,Georgia,Glascock,34,2,0,33.22879932,-82.61297636,13125.0,1144.3958263211039,5.882352941176472,32,34,2,0,32,35,2995,0,0,0,0,-1
2020-08-30,US,Georgia,Glynn,3032,70,0,31.23279254,-81.53811412,13127.0,3554.846878956995,2.3087071240105543,2962,3016,70,0,2946,2985,85219,16,0,0,16,31
2020-08-30,US,Georgia,Gordon,1522,29,0,34.50487351,-84.87296253,13129.0,2625.8130186498283,1.9053876478318004,1493,1506,29,0,1477,1492,57685,16,0,0,16,14
2020-08-30,US,Georgia,Grady,662,12,0,30.87454847,-84.23418364,13131.0,2687.4517923111275,1.8126888217522656,650,644,10,0,634,642,24748,18,2,0,16,2
2020-08-30,US,Georgia,Greene,433,16,0,33.5769205,-83.17139104,13133.0,2363.0211744160665,3.6951501154734414,417,432,16,0,416,428,17698,1,0,0,1,4
2020-08-30,US,Georgia,Gwinnett,24182,333,0,33.96044201,-84.02137802,13135.0,2582.857142857143,1.3770573153585308,23849,24137,330,0,23807,23972,927781,45,3,0,42,165
2020-08-30,US,Georgia,Habersham,1327,63,0,34.63331566,-83.53094677,13137.0,2927.5503000352983,4.747550866616428,1264,1325,63,0,1262,1309,45388,2,0,0,2,16
2020-08-30,US,Georgia,Hall,7605,125,0,34.32207823,-83.81896936,13139.0,3719.8996287437453,1.643655489809336,7480,7589,125,0,7464,7475,202148,16,0,0,16,114
2020-08-30,US,Georgia,Hancock,356,39,0,33.2721566,-82.99766919,13141.0,4209.530566394703,10.955056179775283,317,355,39,0,316,355,8348,1,0,0,1,0
2020-08-30,US,Georgia,Haralson,330,7,0,33.79602175,-85.21005667,13143.0,1107.6799140708915,2.121212121212121,323,327,7,0,320,319,29533,3,0,0,3,8
2020-08-30,US,Georgia,Harris,723,21,0,32.73709786,-84.90538572,13145.0,2051.878760358724,2.904564315352697,702,723,21,0,702,721,34475,0,0,0,0,2
2020-08-30,US,Georgia,Hart,408,10,0,34.34626973,-82.96567682,13147.0,1556.9547796222096,2.4509803921568634,398,406,10,0,396,402,26099,2,0,0,2,4
2020-08-30,US,Georgia,Heard,169,5,0,33.29686567,-85.12886832,13149.0,1417.4284995387068,2.9585798816568047,164,169,5,0,164,168,11879,0,0,0,0,1
2020-08-30,US,Georgia,Henry,4399,78,0,33.4533428,-84.14814659999998,13151.0,1875.4183346762675,1.7731302568765628,4321,4391,78,0,4313,4335,230220,8,0,0,8,56
2020-08-30,US,Georgia,Houston,2616,67,0,32.45802497,-83.66879087,13153.0,1657.1330837498338,2.5611620795107037,2549,2621,65,0,2556,2600,155469,-5,2,0,-7,21
2020-08-30,US,Georgia,Irwin,220,4,0,31.60213036,-83.27501387,13155.0,2336.448598130841,1.818181818181818,216,218,4,0,214,210,9398,2,0,0,2,8
2020-08-30,US,Georgia,Jackson,1480,25,0,34.13794553,-83.56814788,13157.0,2028.0362305932006,1.6891891891891893,1455,1468,25,0,1443,1427,70422,12,0,0,12,41
2020-08-30,US,Georgia,Jasper,195,3,0,33.31535543,-83.68844964,13159.0,1371.404458822702,1.5384615384615383,192,195,3,0,192,195,14040,0,0,0,0,0
2020-08-30,US,Georgia,Jeff Davis,639,11,0,31.80405727,-82.63724870000001,13161.0,4227.588488256699,1.7214397496087637,628,625,10,0,615,620,15029,14,1,0,13,5
2020-08-30,US,Georgia,Jefferson,654,16,0,33.05867328,-82.41609057,13163.0,4257.2581695091785,2.4464831804281344,638,650,16,0,634,642,15430,4,0,0,4,8
2020-08-30,US,Georgia,Jenkins,309,25,0,32.79248718,-81.96040187,13165.0,3561.5491009681878,8.090614886731393,284,307,25,0,282,302,8683,2,0,0,2,5
2020-08-30,US,Georgia,Johnson,312,13,0,32.70211082,-82.66166794,13167.0,3235.5076221093022,4.166666666666667,299,310,13,0,297,309,9708,2,0,0,2,1
2020-08-30,US,Georgia,Jones,449,5,0,33.02512137,-83.56019163,13169.0,1562.5543761962765,1.11358574610245,444,455,5,0,450,451,28616,-6,0,0,-6,4
2020-08-30,US,Georgia,Lamar,323,16,0,33.07841647,-84.14263877,13171.0,1693.1383341196204,4.953560371517028,307,322,16,0,306,322,19000,1,0,0,1,0
2020-08-30,US,Georgia,Lanier,247,5,0,31.03828570000001,-83.06472457,13173.0,2369.7591864146602,2.0242914979757085,242,247,5,0,242,247,10340,0,0,0,0,0
2020-08-30,US,Georgia,Laurens,1323,45,0,32.46325233,-82.92221316,13175.0,2782.5684600176673,3.4013605442176873,1278,1315,44,0,1271,1305,47325,8,1,0,7,10
2020-08-30,US,Georgia,Lee,660,24,0,31.779330600000005,-84.14324253,13177.0,2200.5868231528407,3.636363636363636,636,657,24,0,633,656,29764,3,0,0,3,1
2020-08-30,US,Georgia,Liberty,929,17,0,31.82588896,-81.49251135,13179.0,1512.1673313257916,1.829924650161464,912,924,17,0,907,914,61497,5,0,0,5,10
2020-08-30,US,Georgia,Lincoln,192,7,0,33.79201475,-82.45024131,13181.0,2423.936371670244,3.6458333333333335,185,192,7,0,185,192,7915,0,0,0,0,0
2020-08-30,US,Georgia,Long,184,3,0,31.75218791,-81.74952375,13183.0,940.7433917889464,1.6304347826086956,181,182,3,0,179,176,18998,2,0,0,2,6
2020-08-30,US,Georgia,Lowndes,3468,65,0,30.83568832,-83.27056716,13185.0,2953.8524436570533,1.8742791234140717,3403,3459,65,0,3394,3438,116321,9,0,0,9,21
2020-08-30,US,Georgia,Lumpkin,701,12,0,34.57286511,-84.00425681,13187.0,2085.6887831002678,1.7118402282453635,689,701,12,0,689,676,32955,0,0,0,0,25
2020-08-30,US,Georgia,Macon,205,10,0,32.35207048,-84.04234127,13193.0,1583.3783888159421,4.878048780487805,195,204,10,0,194,203,13143,1,0,0,1,1
2020-08-30,US,Georgia,Madison,532,8,0,34.12920917,-83.21218732,13195.0,1780.45515394913,1.5037593984962403,524,531,8,0,523,527,29650,1,0,0,1,4
2020-08-30,US,Georgia,Marion,169,6,0,32.3483402,-84.52733571,13197.0,2021.772939346812,3.5502958579881656,163,169,6,0,163,166,8351,0,0,0,0,3
2020-08-30,US,Georgia,McDuffie,512,12,0,33.47851918,-82.48252774,13189.0,2402.4024024024025,2.34375,500,510,12,0,498,503,21531,2,0,0,2,7
2020-08-30,US,Georgia,McIntosh,245,5,0,31.49683595,-81.40163426,13191.0,1703.992210321324,2.0408163265306123,240,244,5,0,239,240,14340,1,0,0,1,4
2020-08-30,US,Georgia,Meriwether,481,9,0,33.04163534,-84.68859732,13199.0,2272.4051589738738,1.8711018711018712,472,480,9,0,471,477,21068,1,0,0,1,3
2020-08-30,US,Georgia,Miller,212,0,0,31.16568912,-84.73151117,13201.0,3707.590066456803,0.0,212,210,0,0,210,209,5686,2,0,0,2,1
2020-08-30,US,Georgia,Mitchell,710,44,0,31.22483255,-84.19381821,13205.0,3247.495769107625,6.197183098591549,666,707,44,0,663,700,22192,3,0,0,3,7
2020-08-30,US,Georgia,Monroe,591,41,0,33.014289,-83.92097166,13207.0,2143.012546232504,6.937394247038918,550,589,41,0,548,587,27520,2,0,0,2,2
2020-08-30,US,Georgia,Montgomery,213,3,0,32.17201038,-82.53527476,13209.0,2322.285215874401,1.4084507042253518,210,213,3,0,210,212,9193,0,0,0,0,1
2020-08-30,US,Georgia,Morgan,414,2,0,33.59232073,-83.49129491,13211.0,2147.7484955384934,0.4830917874396135,412,411,2,0,409,410,18853,3,0,0,3,1
2020-08-30,US,Georgia,Murray,708,3,0,34.78897608,-84.74993177,13213.0,1765.7621707901035,0.42372881355932196,705,705,3,0,702,699,39921,3,0,0,3,6
2020-08-30,US,Georgia,Muscogee,5440,134,0,32.50931999,-84.87142262,13215.0,2778.785200925581,2.463235294117647,5306,5422,133,0,5289,5402,194160,18,1,0,17,20
2020-08-30,US,Georgia,Newton,2295,60,0,33.55514538,-83.84547140000002,13217.0,2053.8015463917527,2.6143790849673203,2235,2277,60,0,2217,2252,109541,18,0,0,18,25
2020-08-30,US,Georgia,Oconee,551,20,0,33.83749973,-83.43679568,13219.0,1367.9245283018868,3.629764065335753,531,550,20,0,530,545,39272,1,0,0,1,5
2020-08-30,US,Georgia,Oglethorpe,280,9,0,33.878629600000004,-83.08278123,13221.0,1834.9826332000787,3.2142857142857144,271,279,9,0,270,276,15054,1,0,0,1,3
2020-08-30,US,Georgia,Out of GA,16160,126,0,0.0,0.0,80013.0,0.0,0.7797029702970297,16034,16082,125,0,15957,16055,,78,1,0,77,27
2020-08-30,US,Georgia,Paulding,2262,34,0,33.91969522,-84.86848792,13223.0,1341.1040689642905,1.5030946065428823,2228,2255,34,0,2221,2214,164044,7,0,0,7,41
2020-08-30,US,Georgia,Peach,564,16,0,32.56934316,-83.82937,13225.0,2047.4842082335003,2.8368794326241136,548,568,16,0,552,563,27297,-4,0,0,-4,5
2020-08-30,US,Georgia,Pickens,517,6,0,34.46589159,-84.46406611,13227.0,1586.3275137307846,1.1605415860735009,511,513,6,0,507,506,31980,4,0,0,4,7
2020-08-30,US,Georgia,Pierce,518,12,0,31.35928155,-82.21598442,13229.0,2661.186745440534,2.3166023166023164,506,513,12,0,501,510,19389,5,0,0,5,3
2020-08-30,US,Georgia,Pike,276,8,0,33.09310242,-84.38790389,13231.0,1455.5426642759205,2.898550724637681,268,275,8,0,267,271,18634,1,0,0,1,4
2020-08-30,US,Georgia,Polk,1212,15,0,34.00267074,-85.18677781,13233.0,2844.2024734236034,1.2376237623762376,1197,1206,15,0,1191,1189,42470,6,0,0,6,17
2020-08-30,US,Georgia,Pulaski,210,7,0,32.23334561,-83.47549959999998,13235.0,1885.6065367693275,3.333333333333333,203,207,7,0,200,200,11069,3,0,0,3,7
2020-08-30,US,Georgia,Putnam,610,20,0,33.32056115,-83.37552891,13237.0,2757.810027578101,3.278688524590164,590,612,20,0,592,613,21809,-2,0,0,-2,-1
2020-08-30,US,Georgia,Quitman,33,1,0,31.86728114,-85.01773177,13239.0,1435.4066985645934,3.0303030303030303,32,33,1,0,32,33,2279,0,0,0,0,0
2020-08-30,US,Georgia,Rabun,278,5,0,34.88389445,-83.40304637,13241.0,1622.2209254828733,1.7985611510791366,273,278,5,0,273,276,16867,0,0,0,0,2
2020-08-30,US,Georgia,Randolph,310,27,0,31.76622818,-84.75732369,13243.0,4573.620537031573,8.709677419354838,283,310,27,0,283,310,6833,0,0,0,0,0
2020-08-30,US,Georgia,Richmond,5965,125,0,33.35777107,-82.07026432,13245.0,2945.4171974836804,2.095557418273261,5840,5955,125,0,5830,5916,201554,10,0,0,10,39
2020-08-30,US,Georgia,Rockdale,1638,32,0,33.65145002,-84.02202167,13247.0,1802.0594965675052,1.953601953601953,1606,1634,32,0,1602,1626,90594,4,0,0,4,8
2020-08-30,US,Georgia,Schley,94,2,0,32.2654021,-84.31258912,13249.0,1788.0920677192316,2.127659574468085,92,94,2,0,92,93,5236,0,0,0,0,1
2020-08-30,US,Georgia,Screven,281,9,0,32.74976524,-81.60779441,13251.0,2012.0292138049551,3.2028469750889683,272,280,9,0,271,278,13938,1,0,0,1,2
2020-08-30,US,Georgia,Seminole,282,8,0,30.93464824,-84.86823924,13253.0,3485.7849196538928,2.8368794326241136,274,282,8,0,274,282,8315,0,0,0,0,0
2020-08-30,US,Georgia,Spalding,1163,50,0,33.26310031,-84.28013991,13255.0,1743.5497653778687,4.299226139294927,1113,1160,49,0,1111,1152,66100,3,1,0,2,8
2020-08-30,US,Georgia,Stephens,820,26,0,34.55151201,-83.29405315,13257.0,3162.9701060752172,3.1707317073170733,794,820,26,0,794,808,26035,0,0,0,0,12
2020-08-30,US,Georgia,Stewart,354,11,0,32.07996777,-84.83208037,13259.0,5346.6243769823295,3.1073446327683616,343,354,11,0,343,353,6199,0,0,0,0,1
2020-08-30,US,Georgia,Sumter,852,59,0,32.03650571,-84.19821492,13261.0,2885.78783362688,6.924882629107982,793,851,59,0,792,849,29733,1,0,0,1,2
2020-08-30,US,Georgia,Talbot,154,5,0,32.69642758,-84.53351366,13263.0,2485.875706214689,3.2467532467532467,149,154,5,0,149,154,6272,0,0,0,0,0
2020-08-30,US,Georgia,Taliaferro,19,0,0,33.56543317,-82.88136816,13265.0,1236.174365647365,0.0,19,19,0,0,19,19,1608,0,0,0,0,0
2020-08-30,US,Georgia,Tattnall,671,7,0,32.04785085,-82.05539188,13267.0,2653.642331725065,1.0432190760059612,664,668,7,0,661,663,25391,3,0,0,3,5
2020-08-30,US,Georgia,Taylor,156,7,0,32.55792548,-84.25077141,13269.0,1945.137157107232,4.487179487179487,149,153,6,0,147,134,8039,3,1,0,2,19
2020-08-30,US,Georgia,Telfair,347,13,0,31.92829517,-82.93491155,13271.0,2187.894073139975,3.746397694524496,334,346,13,0,333,343,15876,1,0,0,1,3
2020-08-30,US,Georgia,Terrell,318,31,0,31.77527543,-84.44069698,13273.0,3727.5817606376745,9.748427672955977,287,317,31,0,286,318,8611,1,0,0,1,-1
2020-08-30,US,Georgia,Thomas,1396,49,0,30.86392347,-83.91847289,13275.0,3140.536770826303,3.510028653295129,1347,1388,49,0,1339,1377,44448,8,0,0,8,11
2020-08-30,US,Georgia,Tift,1499,49,0,31.45743864,-83.5236119,13277.0,3688.121247908671,3.268845897264843,1450,1496,49,0,1447,1485,40571,3,0,0,3,11
2020-08-30,US,Georgia,Toombs,1056,17,0,32.12059861,-82.32957247,13279.0,3935.892657472978,1.6098484848484849,1039,1054,17,0,1037,1038,26887,2,0,0,2,16
2020-08-30,US,Georgia,Towns,204,6,0,34.91369188,-83.74107459999998,13281.0,1694.774445459832,2.9411764705882355,198,201,6,0,195,201,11852,3,0,0,3,0
2020-08-30,US,Georgia,Treutlen,204,4,0,32.40422134,-82.56904553,13283.0,2956.093319808723,1.96078431372549,200,201,4,0,197,198,6809,3,0,0,3,3
2020-08-30,US,Georgia,Troup,2588,84,0,33.03349196,-85.02812115,13285.0,3701.267126226367,3.2457496136012365,2504,2584,84,0,2500,2570,70034,4,0,0,4,14
2020-08-30,US,Georgia,Turner,277,19,0,31.71612656,-83.62069378,13287.0,3469.004383218535,6.859205776173285,258,277,19,0,258,276,7912,0,0,0,0,1
2020-08-30,US,Georgia,Twiggs,165,7,0,32.67435595,-83.43078662,13289.0,2032.0197044334973,4.242424242424242,158,166,7,0,159,166,8188,-1,0,0,-1,0
2020-08-30,US,Georgia,Unassigned,2598,4,0,0.0,0.0,90013.0,0.0,0.15396458814472672,2594,2536,4,0,2532,2497,,62,0,0,62,39
2020-08-30,US,Georgia,Union,474,10,0,34.82995757,-83.98967069,13291.0,1933.8256293092893,2.109704641350211,464,463,9,0,454,463,24001,11,1,0,10,0
2020-08-30,US,Georgia,Upson,659,55,0,32.87920671,-84.30024826,13293.0,2503.7993920972644,8.34597875569044,604,654,55,0,599,646,26215,5,0,0,5,8
2020-08-30,US,Georgia,Walker,1025,21,0,34.73376362,-85.30165174,13295.0,1469.3023322486774,2.048780487804878,1004,1021,21,0,1000,996,69410,4,0,0,4,25
2020-08-30,US,Georgia,Walton,1458,47,0,33.78017694,-83.73552314,13297.0,1541.34026830738,3.2235939643347047,1411,1448,47,0,1401,1440,93503,10,0,0,10,8
2020-08-30,US,Georgia,Ware,1333,44,0,31.05449097,-82.42224148,13299.0,3730.340851849779,3.3008252063015755,1289,1327,42,0,1285,1324,35680,6,2,0,4,3
2020-08-30,US,Georgia,Warren,117,5,0,33.41146451,-82.67795848,13301.0,2226.8747620860295,4.2735042735042725,112,117,5,0,112,118,5251,0,0,0,0,-1
2020-08-30,US,Georgia,Washington,609,4,0,32.96711864,-82.79357039,13303.0,2989.1037596937267,0.6568144499178982,605,607,4,0,603,605,20386,2,0,0,2,2
2020-08-30,US,Georgia,Wayne,954,25,0,31.5521809,-81.91894878,13305.0,3187.7568750626524,2.6205450733752618,929,951,25,0,926,946,29808,3,0,0,3,5
2020-08-30,US,Georgia,Webster,38,2,0,32.04066113,-84.54742852,13307.0,1457.6141158419641,5.2631578947368425,36,38,2,0,36,38,2611,0,0,0,0,0
2020-08-30,US,Georgia,Wheeler,147,5,0,32.12009104,-82.72574721,13309.0,1871.4194780394653,3.4013605442176873,142,145,5,0,140,143,7879,2,0,0,2,2
2020-08-30,US,Georgia,White,511,13,0,34.64624278,-83.74905525,13311.0,1659.1986492629392,2.5440313111545994,498,510,13,0,497,492,29970,1,0,0,1,18
2020-08-30,US,Georgia,Whitfield,3971,51,0,34.80987459,-84.96093476,13313.0,3795.3511488320532,1.2843112566104256,3920,3962,51,0,3911,3932,104062,9,0,0,9,30
2020-08-30,US,Georgia,Wilcox,222,20,0,31.97496928,-83.43438555,13315.0,2570.9322524609147,9.00900900900901,202,222,20,0,202,218,8812,0,0,0,0,4
2020-08-30,US,Georgia,Wilkes,222,3,0,33.78290391,-82.74286107,13317.0,2270.6351641607857,1.351351351351351,219,220,3,0,217,219,9876,2,0,0,2,1
2020-08-30,US,Georgia,Wilkinson,290,17,0,32.80291082,-83.17140684,13319.0,3238.775966048693,5.862068965517241,273,289,17,0,272,287,9036,1,0,0,1,2
2020-08-30,US,Georgia,Worth,497,28,0,31.55162306,-83.85090513,13321.0,2454.6846446387117,5.633802816901407,469,499,28,0,471,496,20299,-2,0,0,-2,3
2020-08-30,US,Hawaii,Hawaii,340,0,0,19.60121157,-155.5210167,15001.0,168.7236059212061,0.0,340,318,0,0,318,279,200983,22,0,0,22,39
2020-08-30,US,Hawaii,Honolulu,7584,54,0,21.45803166,-157.97121819999995,15003.0,778.1949448111615,0.7120253164556962,7530,7410,53,0,7357,7147,980080,174,1,0,173,263
2020-08-30,US,Hawaii,Kauai,57,0,0,22.03935037,-159.5966786,15007.0,78.84580803120635,0.0,57,57,0,0,57,56,72133,0,0,0,0,1
2020-08-30,US,Hawaii,Maui,334,8,0,20.86399628,-156.56890969999995,15009.0,199.50184270414601,2.395209580838323,326,330,8,0,322,324,167207,4,0,0,4,6
2020-08-30,US,Hawaii,Out of HI,24,1,0,0.0,0.0,80015.0,0.0,4.166666666666667,23,24,1,0,23,24,,0,0,0,0,0
2020-08-30,US,Idaho,Ada,11109,125,0,43.4526575,-116.24155159999998,16001.0,2306.748313388858,1.1252137906202178,10984,11080,125,0,10955,10982,469966,29,0,0,29,98
2020-08-30,US,Idaho,Adams,25,0,0,44.89333571,-116.4545247,16003.0,582.2077317186772,0.0,25,25,0,0,25,25,4250,0,0,0,0,0
2020-08-30,US,Idaho,Bannock,612,2,0,42.67002716,-112.2233311,16005.0,696.975218658892,0.32679738562091504,610,612,2,0,610,607,87138,0,0,0,0,5
2020-08-30,US,Idaho,Bear Lake,30,0,0,42.28269683,-111.32892379999998,16007.0,489.79591836734687,0.0,30,30,0,0,30,30,6050,0,0,0,0,0
2020-08-30,US,Idaho,Benewah,110,1,0,47.21754179,-116.6586851,16009.0,1183.0501183050121,0.9090909090909092,109,110,1,0,109,109,9226,0,0,0,0,1
2020-08-30,US,Idaho,Bingham,446,5,0,43.21672879999999,-112.3978437,16011.0,952.7675119095938,1.1210762331838564,441,446,5,0,441,439,46236,0,0,0,0,7
2020-08-30,US,Idaho,Blaine,605,6,0,43.4085812,-113.9752658,16013.0,2628.0352721428258,0.9917355371900828,599,604,6,0,598,601,22601,1,0,0,1,3
2020-08-30,US,Idaho,Boise,61,1,0,43.98829931,-115.7309284,16015.0,778.9554335333929,1.639344262295082,60,61,1,0,60,61,7634,0,0,0,0,0
2020-08-30,US,Idaho,Bonner,213,0,0,48.29996017,-116.6017932,16017.0,465.6857386475437,0.0,213,213,0,0,213,211,44727,0,0,0,0,2
2020-08-30,US,Idaho,Bonneville,1755,10,0,43.38713372,-111.6161537,16019.0,1474.0219381498716,0.5698005698005698,1745,1720,10,0,1710,1697,116854,35,0,0,35,23
2020-08-30,US,Idaho,Boundary,43,1,0,48.76684761,-116.4630179,16021.0,351.1637403021642,2.3255813953488373,42,43,1,0,42,43,11948,0,0,0,0,0
2020-08-30,US,Idaho,Butte,10,0,0,43.72592209,-113.1735463,16023.0,385.0596842510589,0.0,10,10,0,0,10,10,2611,0,0,0,0,0
2020-08-30,US,Idaho,Camas,4,0,0,43.46665742,-114.8065892,16025.0,361.6636528028933,0.0,4,4,0,0,4,4,1127,0,0,0,0,0
2020-08-30,US,Idaho,Canyon,7205,76,0,43.61970148,-116.70954990000001,16027.0,3134.6666724675765,1.054823039555864,7129,7126,75,0,7051,7051,223499,79,1,0,78,75
2020-08-30,US,Idaho,Caribou,39,0,0,42.77149116,-111.5597683,16029.0,545.0733752620545,0.0,39,39,0,0,39,39,7060,0,0,0,0,0
2020-08-30,US,Idaho,Cassia,581,4,0,42.28347888,-113.6012409,16031.0,2417.8110694964626,0.6884681583476764,577,580,4,0,576,580,23864,1,0,0,1,0
2020-08-30,US,Idaho,Clark,21,0,0,44.28496071,-112.35057040000001,16033.0,2485.207100591716,0.0,21,20,0,0,20,18,852,1,0,0,1,2
2020-08-30,US,Idaho,Clearwater,21,0,0,46.67459924,-115.6622393,16035.0,239.83554134307903,0.0,21,21,0,0,21,21,8758,0,0,0,0,0
2020-08-30,US,Idaho,Custer,32,0,0,44.24186819,-114.2855494,16037.0,741.5990730011588,0.0,32,31,0,0,31,31,4280,1,0,0,1,0
2020-08-30,US,Idaho,Elmore,279,3,0,43.3507101,-115.4701578,16039.0,1014.139798626004,1.075268817204301,276,278,3,0,275,274,27259,1,0,0,1,4
2020-08-30,US,Idaho,Franklin,56,0,0,42.18332217,-111.81496659999999,16041.0,403.57451715191706,0.0,56,56,0,0,56,56,13726,0,0,0,0,0
2020-08-30,US,Idaho,Fremont,112,2,0,44.22800938,-111.48099429999999,16043.0,855.0271013054431,1.7857142857142858,110,111,2,0,109,108,13168,1,0,0,1,3
2020-08-30,US,Idaho,Gem,210,2,0,44.06482372,-116.398376,16045.0,1159.452296819788,0.9523809523809524,208,210,2,0,208,208,17634,0,0,0,0,2
2020-08-30,US,Idaho,Gooding,227,1,0,42.96927962,-114.81083059999999,16047.0,1495.4871862441532,0.4405286343612335,226,224,1,0,223,219,15196,3,0,0,3,5
2020-08-30,US,Idaho,Idaho,40,0,0,45.84721541,-115.4634436,16049.0,239.9952000959981,0.0,40,40,0,0,40,40,16513,0,0,0,0,0
2020-08-30,US,Idaho,Jefferson,349,1,0,43.82078483,-112.3131749,16051.0,1168.3572695925816,0.28653295128939826,348,341,1,0,340,338,29439,8,0,0,8,3
2020-08-30,US,Idaho,Jerome,597,6,0,42.68891267,-114.2655033,16053.0,2445.518597411109,1.0050251256281406,591,596,6,0,590,592,24015,1,0,0,1,4
2020-08-30,US,Idaho,Kootenai,2170,29,0,47.67282258,-116.7020872,16055.0,1309.6193654682945,1.336405529953917,2141,2169,29,0,2140,2164,161505,1,0,0,1,5
2020-08-30,US,Idaho,Latah,233,0,0,46.81587887,-116.71136979999999,16057.0,580.9314849905256,0.0,233,233,0,0,233,233,40134,0,0,0,0,0
2020-08-30,US,Idaho,Lemhi,70,0,0,44.9438088,-113.9309747,16059.0,872.0568082720818,0.0,70,70,0,0,70,69,7961,0,0,0,0,1
2020-08-30,US,Idaho,Lincoln,67,0,0,43.0012336,-114.1358773,16063.0,1248.602310846068,0.0,67,67,0,0,67,67,5360,0,0,0,0,0
2020-08-30,US,Idaho,Madison,237,0,0,43.78141028,-111.65384740000002,16065.0,593.8807727967525,0.0,237,235,0,0,235,233,39304,2,0,0,2,2
2020-08-30,US,Idaho,Minidoka,553,2,0,42.85518524,-113.6357257,16067.0,2628.4519226198963,0.3616636528028933,551,552,2,0,550,550,20825,1,0,0,1,2
2020-08-30,US,Idaho,Nez Perce,284,19,0,46.32638236,-116.75009750000001,16069.0,702.83112254999,6.690140845070423,265,284,19,0,265,284,40408,0,0,0,0,0
2020-08-30,US,Idaho,Oneida,21,0,0,42.19494279999999,-112.5407838,16071.0,463.4738468329287,0.0,21,21,0,0,21,21,4488,0,0,0,0,0
2020-08-30,US,Idaho,Owyhee,303,5,0,42.58016894,-116.16938710000001,16073.0,2562.8013194620653,1.6501650165016502,298,300,5,0,295,297,11693,3,0,0,3,3
2020-08-30,US,Idaho,Payette,663,4,0,44.00545243,-116.7647695,16075.0,2768.1516429376647,0.6033182503770739,659,652,4,0,648,639,23551,11,0,0,11,13
2020-08-30,US,Idaho,Power,113,0,0,42.69254894,-112.83957420000002,16077.0,1471.1626090352818,0.0,113,113,0,0,113,107,7768,0,0,0,0,6
2020-08-30,US,Idaho,Shoshone,196,15,0,47.35364087,-115.89167490000001,16079.0,1521.5028722248098,7.653061224489796,181,196,15,0,181,195,12796,0,0,0,0,1
2020-08-30,US,Idaho,Teton,125,0,0,43.75303583,-111.2056773,16081.0,1029.4844341953549,0.0,125,125,0,0,125,123,11640,0,0,0,0,2
2020-08-30,US,Idaho,Twin Falls,1673,34,0,42.35440512,-114.6685381,16083.0,1925.6888970740576,2.0322773460848773,1639,1665,34,0,1631,1650,86081,8,0,0,8,15
2020-08-30,US,Idaho,Unassigned,3,0,0,0.0,0.0,90016.0,0.0,0.0,3,3,0,0,3,3,,0,0,0,0,0
2020-08-30,US,Idaho,Valley,84,1,0,44.76728382,-115.5676773,16085.0,737.3595505617978,1.1904761904761905,83,84,1,0,83,80,11041,0,0,0,0,4
2020-08-30,US,Idaho,Washington,271,4,0,44.45275475,-116.78476880000001,16087.0,2658.4265254071024,1.4760147601476017,267,268,4,0,264,267,10161,3,0,0,3,1
2020-08-30,US,Illinois,Adams,769,7,0,39.98815591,-91.18786813,17001.0,1175.2120424849084,0.9102730819245772,762,762,7,0,755,749,65691,7,0,0,7,13
2020-08-30,US,Illinois,Alexander,44,0,0,37.18049267,-89.32910838,17003.0,763.7562923103627,0.0,44,44,0,0,44,44,6060,0,0,0,0,0
2020-08-30,US,Illinois,Bond,143,3,0,38.88829622,-89.43534887,17005.0,870.5710459028371,2.097902097902098,140,131,3,0,128,125,16630,12,0,0,12,6
2020-08-30,US,Illinois,Boone,860,23,0,42.32359279,-88.82345779,17007.0,1606.1556850440759,2.6744186046511627,837,856,23,0,833,849,53577,4,0,0,4,7
2020-08-30,US,Illinois,Brown,20,0,0,39.96209138,-90.75068024,17009.0,304.04378230465187,0.0,20,21,0,0,21,20,6556,-1,0,0,-1,1
2020-08-30,US,Illinois,Bureau,360,6,0,41.40385234,-89.5283051,17011.0,1103.3468186833397,1.6666666666666667,354,357,5,0,352,353,32993,3,1,0,2,4
2020-08-30,US,Illinois,Calhoun,26,0,0,39.16840183,-90.66330078,17013.0,548.638953365689,0.0,26,26,0,0,26,26,4802,0,0,0,0,0
2020-08-30,US,Illinois,Carroll,133,4,0,42.06823429,-89.93395545,17015.0,929.7448444599788,3.0075187969924815,129,132,4,0,128,131,14312,1,0,0,1,1
2020-08-30,US,Illinois,Cass,297,11,0,39.96991073,-90.24734436,17017.0,2445.048160039516,3.703703703703704,286,298,11,0,287,296,12260,-1,0,0,-1,2
2020-08-30,US,Illinois,Champaign,2423,20,0,40.13919438,-88.20046615,17019.0,1155.5207950822407,0.8254230293025175,2403,2368,20,0,2348,2310,209983,55,0,0,55,58
2020-08-30,US,Illinois,Christian,231,4,0,39.54581621,-89.27780482,17021.0,715.0817236255573,1.7316017316017316,227,230,4,0,226,216,32661,1,0,0,1,14
2020-08-30,US,Illinois,Clark,116,2,0,39.33425789,-87.78705622,17023.0,751.2466809144487,1.7241379310344829,114,116,2,0,114,115,15596,0,0,0,0,1
2020-08-30,US,Illinois,Clay,78,0,0,38.75388572,-88.48914513,17025.0,591.6262135922333,0.0,78,74,0,0,74,72,13253,4,0,0,4,2
2020-08-30,US,Illinois,Clinton,692,17,0,38.60704876,-89.42385254,17027.0,1842.287418135349,2.4566473988439306,675,691,17,0,674,670,37639,1,0,0,1,21
2020-08-30,US,Illinois,Coles,952,21,0,39.51949084,-88.22358557,17029.0,1880.6424211295707,2.2058823529411766,931,937,21,0,916,884,50885,15,0,0,15,53
2020-08-30,US,Illinois,Cook,126003,5054,0,41.84144849,-87.81658794,17031.0,2446.5495056243085,4.011015610739427,120949,125124,5046,0,120078,124573,5180493,879,8,0,871,551
2020-08-30,US,Illinois,Crawford,77,0,0,39.0032229,-87.75954624,17033.0,412.49263406010607,0.0,77,77,0,0,77,72,18807,0,0,0,0,5
2020-08-30,US,Illinois,Cumberland,137,3,0,39.27432424,-88.2401158,17035.0,1272.5246145272156,2.18978102189781,134,133,3,0,130,128,10808,4,0,0,4,5
2020-08-30,US,Illinois,De Witt,42,1,0,40.17514519,-88.90959682,17039.0,268.5765443151298,2.380952380952381,41,41,1,0,40,40,15769,1,0,0,1,1
2020-08-30,US,Illinois,DeKalb,1103,35,0,41.89373302,-88.76958483,17037.0,1051.5076694281056,3.1731640979147784,1068,1092,35,0,1057,1089,104143,11,0,0,11,3
2020-08-30,US,Illinois,Douglas,217,5,0,39.76768052,-88.21854195,17041.0,1114.8214744413049,2.3041474654377883,212,211,5,0,206,207,19479,6,0,0,6,4
2020-08-30,US,Illinois,DuPage,14493,533,0,41.85116968,-88.08642662,17043.0,1570.3402566416846,3.677637480162837,13960,14398,533,0,13865,14299,928589,95,0,0,95,99
2020-08-30,US,Illinois,Edgar,83,0,0,39.6809186,-87.74759563,17045.0,483.65479867140607,0.0,83,81,0,0,81,79,17360,2,0,0,2,2
2020-08-30,US,Illinois,Edwards,39,0,0,38.41353228,-88.05720863,17047.0,609.8514464425333,0.0,39,38,0,0,38,36,6392,1,0,0,1,2
2020-08-30,US,Illinois,Effingham,523,1,0,39.05935711,-88.58969584,17049.0,1537.8734415431666,0.19120458891013384,522,506,1,0,505,478,34208,17,0,0,17,28
2020-08-30,US,Illinois,Fayette,165,3,0,39.00072038,-89.02452658,17051.0,773.3408323959503,1.818181818181818,162,163,3,0,160,153,21416,2,0,0,2,10
2020-08-30,US,Illinois,Ford,70,2,0,40.59706922,-88.22350769,17053.0,540.0817838129774,2.8571428571428568,68,71,2,0,69,70,13264,-1,0,0,-1,1
2020-08-30,US,Illinois,Franklin,337,1,0,37.99189086,-88.92567818,17055.0,876.0300501702669,0.2967359050445104,336,335,1,0,334,327,38701,2,0,0,2,8
2020-08-30,US,Illinois,Fulton,84,0,0,40.47289135,-90.20862357,17057.0,244.612696563774,0.0,84,80,0,0,80,77,34844,4,0,0,4,3
2020-08-30,US,Illinois,Gallatin,62,2,0,37.76430935,-88.22953869,17059.0,1284.175642087821,3.2258064516129035,60,62,2,0,60,62,5058,0,0,0,0,0
2020-08-30,US,Illinois,Greene,105,1,0,39.35907414,-90.388865,17061.0,809.6229470275273,0.9523809523809524,104,103,1,0,102,99,13044,2,0,0,2,4
2020-08-30,US,Illinois,Grundy,474,5,0,41.28569601,-88.41905692,17063.0,928.4287225290867,1.0548523206751057,469,471,5,0,466,468,50972,3,0,0,3,3
2020-08-30,US,Illinois,Hamilton,45,0,0,38.08163641,-88.53883373,17065.0,554.4603252833908,0.0,45,45,0,0,45,44,8163,0,0,0,0,1
2020-08-30,US,Illinois,Hancock,136,2,0,40.40423981,-91.16313899,17067.0,768.0144567427153,1.4705882352941178,134,132,2,0,130,126,17844,4,0,0,4,6
2020-08-30,US,Illinois,Hardin,18,0,0,37.51810645,-88.26873022,17069.0,471.08086888249153,0.0,18,18,0,0,18,18,3910,0,0,0,0,0
2020-08-30,US,Illinois,Henderson,44,0,0,40.81908672,-90.92491462,17071.0,662.0523623232019,0.0,44,44,0,0,44,41,6709,0,0,0,0,3
2020-08-30,US,Illinois,Henry,460,1,0,41.3533994,-90.13296166,17073.0,940.4452803958047,0.21739130434782608,459,454,1,0,453,438,49090,6,0,0,6,16
2020-08-30,US,Illinois,Iroquois,296,19,0,40.74717633,-87.82466784,17075.0,1091.6869513904255,6.418918918918918,277,294,19,0,275,291,27604,2,0,0,2,3
2020-08-30,US,Illinois,Jackson,915,21,0,37.78595185,-89.38232563,17077.0,1612.3348017621145,2.295081967213114,894,909,21,0,888,895,57419,6,0,0,6,14
2020-08-30,US,Illinois,Jasper,124,7,0,39.01054275,-88.15437049,17079.0,1290.3225806451612,5.645161290322582,117,124,7,0,117,111,9611,0,0,0,0,13
2020-08-30,US,Illinois,Jefferson,455,34,0,38.29980057,-88.9240025,17081.0,1207.4089799384353,7.472527472527473,421,447,34,0,413,442,37820,8,0,0,8,5
2020-08-30,US,Illinois,Jersey,275,6,0,39.08869046,-90.35393073,17083.0,1263.0321958388831,2.1818181818181817,269,275,6,0,269,271,21847,0,0,0,0,4
2020-08-30,US,Illinois,Jo Daviess,173,2,0,42.36542373,-90.21094405,17085.0,814.6927242759593,1.1560693641618498,171,173,2,0,171,173,21366,0,0,0,0,0
2020-08-30,US,Illinois,Johnson,115,0,0,37.45939802,-88.88165419,17087.0,926.149633566884,0.0,115,113,0,0,113,110,12456,2,0,0,2,3
2020-08-30,US,Illinois,Kane,11155,312,0,41.93842729,-88.42861412,17089.0,2095.2173447557584,2.796952039444196,10843,11099,312,0,10787,11052,534216,56,0,0,56,47
2020-08-30,US,Illinois,Kankakee,2216,71,0,41.13746989,-87.86205334,17091.0,2017.0759680326228,3.203971119133574,2145,2168,71,0,2097,2149,110024,48,0,0,48,19
2020-08-30,US,Illinois,Kendall,1644,23,0,41.59081014,-88.42869583,17093.0,1274.5174044499574,1.3990267639902676,1621,1638,23,0,1615,1633,127915,6,0,0,6,5
2020-08-30,US,Illinois,Knox,449,3,0,40.93148779,-90.21330340000002,17095.0,903.438700979899,0.6681514476614699,446,441,3,0,438,441,50112,8,0,0,8,0
2020-08-30,US,Illinois,LaSalle,1237,45,0,41.34426129999999,-88.88633881,17099.0,1138.3191158472055,3.6378334680679054,1192,1219,45,0,1174,1203,109430,18,0,0,18,16
2020-08-30,US,Illinois,Lake,14522,465,0,42.3224907,-88.00367925,17097.0,2084.8916422003203,3.202038286737364,14057,14455,464,0,13991,14379,700832,67,1,0,66,76
2020-08-30,US,Illinois,Lawrence,135,0,0,38.71987914,-87.72884035,17101.0,861.0792192881744,0.0,135,111,0,0,111,96,15765,24,0,0,24,15
2020-08-30,US,Illinois,Lee,241,1,0,41.74583951,-89.29977132,17103.0,706.8277803847957,0.4149377593360996,240,238,1,0,237,231,34223,3,0,0,3,7
2020-08-30,US,Illinois,Livingston,189,4,0,40.89188292,-88.55784752,17105.0,530.1840215439856,2.1164021164021163,185,181,4,0,177,180,35761,8,0,0,8,1
2020-08-30,US,Illinois,Logan,260,1,0,40.12581572,-89.36638784,17107.0,908.5191138444336,0.38461538461538464,259,259,1,0,258,249,28925,1,0,0,1,10
2020-08-30,US,Illinois,Macon,936,26,0,39.86064913,-88.96342505,17115.0,899.922122124047,2.7777777777777777,910,925,26,0,899,907,104712,11,0,0,11,18
2020-08-30,US,Illinois,Macoupin,345,3,0,39.26119767,-89.92424028,17117.0,767.929484040422,0.8695652173913043,342,345,3,0,342,340,45313,0,0,0,0,5
2020-08-30,US,Illinois,Madison,3982,98,0,38.83042506,-89.90422563,17119.0,1514.2642014557016,2.4610748367654445,3884,3956,97,0,3859,3868,264461,26,1,0,25,88
2020-08-30,US,Illinois,Marion,266,0,0,38.64963204,-88.91899208,17121.0,714.9576669802444,0.0,266,263,0,0,263,262,37620,3,0,0,3,1
2020-08-30,US,Illinois,Marshall,46,0,0,41.0327901,-89.34510444,17123.0,402.1682112257389,0.0,46,46,0,0,46,44,11534,0,0,0,0,2
2020-08-30,US,Illinois,Mason,84,1,0,40.23917274,-89.91824452,17125.0,628.7895800583876,1.1904761904761905,83,81,1,0,80,77,13565,3,0,0,3,4
2020-08-30,US,Illinois,Massac,65,1,0,37.22078441,-88.71036614,17127.0,471.9721173395295,1.5384615384615383,64,65,1,0,64,64,14080,0,0,0,0,1
2020-08-30,US,Illinois,McDonough,196,15,0,40.45674722,-90.67775541,17109.0,660.3328616670036,7.653061224489796,181,194,15,0,179,185,29955,2,0,0,2,9
2020-08-30,US,Illinois,McHenry,3834,115,0,42.32451172,-88.45248227,17111.0,1245.7192615360625,2.999478351591028,3719,3793,115,0,3678,3774,308570,41,0,0,41,19
2020-08-30,US,Illinois,McLean,1674,16,0,40.48996987,-88.84621113,17113.0,975.9965484470928,0.955794504181601,1658,1474,16,0,1458,1379,172828,200,0,0,200,95
2020-08-30,US,Illinois,Menard,68,0,0,40.02742725,-89.80246001,17129.0,557.5598556903901,0.0,68,68,0,0,68,68,12288,0,0,0,0,0
2020-08-30,US,Illinois,Mercer,99,4,0,41.20596782,-90.74290052,17131.0,641.316317937423,4.040404040404041,95,98,4,0,94,97,15601,1,0,0,1,1
2020-08-30,US,Illinois,Monroe,448,14,0,38.27594376,-90.17761038,17133.0,1293.414556687935,3.125,434,444,14,0,430,440,34335,4,0,0,4,4
2020-08-30,US,Illinois,Montgomery,248,8,0,39.23198845,-89.47809254,17135.0,872.8091785739424,3.2258064516129035,240,246,8,0,238,246,28601,2,0,0,2,0
2020-08-30,US,Illinois,Morgan,481,18,0,39.71654544,-90.20255104,17137.0,1429.080753461287,3.7422037422037424,463,481,18,0,463,480,33976,0,0,0,0,1
2020-08-30,US,Illinois,Moultrie,156,1,0,39.64187451,-88.62099969,17139.0,1075.7878766981587,0.6410256410256411,155,155,1,0,154,151,14717,1,0,0,1,4
2020-08-30,US,Illinois,Ogle,473,5,0,42.04165196,-89.32184679,17141.0,933.9889027111348,1.0570824524312896,468,471,5,0,466,468,50923,2,0,0,2,3
2020-08-30,US,Illinois,Out of IL,2,0,0,0.0,0.0,80017.0,0.0,0.0,2,2,0,0,2,2,,0,0,0,0,0
2020-08-30,US,Illinois,Peoria,2382,40,0,40.78702156,-89.76078901,17143.0,1329.396860123117,1.6792611251049538,2342,2325,40,0,2285,2301,180621,57,0,0,57,24
2020-08-30,US,Illinois,Perry,287,8,0,38.08510853,-89.36856219,17145.0,1372.1552878179386,2.787456445993032,279,288,8,0,280,286,21174,-1,0,0,-1,2
2020-08-30,US,Illinois,Piatt,78,0,0,40.01360584,-88.59319339,17147.0,477.2393538913363,0.0,78,78,0,0,78,76,16396,0,0,0,0,2
2020-08-30,US,Illinois,Pike,71,0,0,39.62265059,-90.8877017,17149.0,456.26887732150885,0.0,71,68,0,0,68,68,15611,3,0,0,3,0
2020-08-30,US,Illinois,Pope,19,1,0,37.41391284,-88.56152109,17151.0,454.87191764424233,5.2631578947368425,18,18,1,0,17,14,4212,1,0,0,1,4
2020-08-30,US,Illinois,Pulaski,121,1,0,37.22631423,-89.13085001,17153.0,2268.041237113402,0.8264462809917356,120,121,1,0,120,117,5463,0,0,0,0,4
2020-08-30,US,Illinois,Putnam,19,0,0,41.2013541,-89.2869272,17155.0,331.0681303362955,0.0,19,17,0,0,17,16,5740,2,0,0,2,1
2020-08-30,US,Illinois,Randolph,730,7,0,38.05095369,-89.82512254,17157.0,2296.897615002203,0.9589041095890408,723,725,7,0,718,702,32106,5,0,0,5,23
2020-08-30,US,Illinois,Richland,62,3,0,38.71240969,-88.08475366,17159.0,399.6647972668085,4.838709677419356,59,62,3,0,59,60,15763,0,0,0,0,2
2020-08-30,US,Illinois,Rock Island,2189,54,0,41.46613806,-90.57042164,17161.0,1542.8639897377343,2.4668798538145267,2135,2164,54,0,2110,2112,143477,25,0,0,25,52
2020-08-30,US,Illinois,Saline,162,3,0,37.75332999,-88.54119706,17165.0,689.6258141415861,1.851851851851852,159,163,3,0,160,161,23906,-1,0,0,-1,2
2020-08-30,US,Illinois,Sangamon,1751,37,0,39.75836914,-89.65872023,17167.0,899.4616585846964,2.11307824100514,1714,1744,37,0,1707,1724,195348,7,0,0,7,20
2020-08-30,US,Illinois,Schuyler,21,0,0,40.157179799999994,-90.61114163,17169.0,310.28368794326235,0.0,21,19,0,0,19,19,6907,2,0,0,2,0
2020-08-30,US,Illinois,Scott,45,0,0,39.642916899999996,-90.47814431,17171.0,908.9072914562712,0.0,45,45,0,0,45,45,4926,0,0,0,0,0
2020-08-30,US,Illinois,Shelby,194,3,0,39.39133527,-88.80611122,17173.0,896.7366182860312,1.5463917525773196,191,192,3,0,189,185,21741,2,0,0,2,7
2020-08-30,US,Illinois,St. Clair,5244,170,0,38.46996033,-89.93063427,17163.0,2019.361844689356,3.2418001525553013,5074,5227,170,0,5057,5158,261059,17,0,0,17,69
2020-08-30,US,Illinois,Stark,22,0,0,41.09309773,-89.79745866,17175.0,411.8307749906402,0.0,22,21,0,0,21,17,5427,1,0,0,1,4
2020-08-30,US,Illinois,Stephenson,378,6,0,42.35129217,-89.662598,17177.0,849.4763809609419,1.5873015873015872,372,376,6,0,370,376,44753,2,0,0,2,0
2020-08-30,US,Illinois,Tazewell,1068,9,0,40.50716185,-89.51404662,17179.0,810.3002207840491,0.8426966292134831,1059,1045,9,0,1036,1040,132328,23,0,0,23,5
2020-08-30,US,Illinois,Unassigned,1783,209,0,0.0,0.0,90017.0,0.0,11.72181716208637,1574,1777,209,0,1568,1752,,6,0,0,6,25
2020-08-30,US,Illinois,Union,424,24,0,37.47119609,-89.25548938,17181.0,2546.0877919894315,5.660377358490566,400,422,24,0,398,414,16841,2,0,0,2,8
2020-08-30,US,Illinois,Vermilion,329,3,0,40.18417171,-87.73384359,17183.0,434.2775680456189,0.9118541033434652,326,327,3,0,324,320,76806,2,0,0,2,7
2020-08-30,US,Illinois,Wabash,106,1,0,38.44272901,-87.84922065,17185.0,920.1388888888887,0.9433962264150944,105,105,1,0,104,101,11549,1,0,0,1,4
2020-08-30,US,Illinois,Warren,255,1,0,40.84925021,-90.6147432,17187.0,1513.892187128948,0.392156862745098,254,250,1,0,249,247,17032,5,0,0,5,3
2020-08-30,US,Illinois,Washington,111,1,0,38.35309213,-89.40982703,17189.0,799.3087059840138,0.9009009009009008,110,111,1,0,110,109,13995,0,0,0,0,2
2020-08-30,US,Illinois,Wayne,101,2,0,38.42955355,-88.42586459,17191.0,622.8800493370336,1.98019801980198,99,96,2,0,94,92,16332,5,0,0,5,4
2020-08-30,US,Illinois,White,121,0,0,38.08706198,-88.17657461,17193.0,893.8464947920514,0.0,121,119,0,0,119,114,13665,2,0,0,2,5
2020-08-30,US,Illinois,Whiteside,503,19,0,41.75509713,-89.91556058,17195.0,911.6447666515633,3.7773359840954273,484,501,19,0,482,490,55626,2,0,0,2,11
2020-08-30,US,Illinois,Will,11447,359,0,41.44619267,-87.97862712,17197.0,1657.2010139805975,3.1361928889665416,11088,11371,359,0,11012,11278,692310,76,0,0,76,93
2020-08-30,US,Illinois,Williamson,879,12,0,37.73033511,-88.92994027,17199.0,1319.879273841164,1.3651877133105803,867,860,12,0,848,812,67056,19,0,0,19,48
2020-08-30,US,Illinois,Winnebago,4218,146,0,42.33641854,-89.16085327,17201.0,1492.7169004713842,3.4613560929350404,4072,4187,146,0,4041,4175,284081,31,0,0,31,12
2020-08-30,US,Illinois,Woodford,273,3,0,40.78579374,-89.20973757,17203.0,709.8468498920929,1.0989010989010992,270,269,3,0,266,263,38463,4,0,0,4,6
2020-08-30,US,Indiana,Adams,185,2,0,40.7457653,-84.93671406,18001.0,517.0919864717556,1.0810810810810811,183,182,2,0,180,177,35636,3,0,0,3,5
2020-08-30,US,Indiana,Allen,4953,177,0,41.09194313,-85.06800636,18003.0,1305.8299652780524,3.5735917625681406,4776,4906,177,0,4729,4849,375351,47,0,0,47,57
2020-08-30,US,Indiana,Bartholomew,1050,54,0,39.20744865,-85.89558181,18005.0,1253.297365688299,5.142857142857143,996,1048,54,0,994,1039,82753,2,0,0,2,9
2020-08-30,US,Indiana,Benton,79,0,0,40.60626947,-87.31093999,18007.0,903.063557384545,0.0,79,78,0,0,78,78,8653,1,0,0,1,0
2020-08-30,US,Indiana,Blackford,73,2,0,40.47388153,-85.32499702,18009.0,620.8538867154277,2.7397260273972597,71,71,2,0,69,71,11930,2,0,0,2,0
2020-08-30,US,Indiana,Boone,833,46,0,40.0509304,-86.46841646,18011.0,1227.8348540011498,5.5222088835534215,787,827,46,0,781,820,66999,6,0,0,6,7
2020-08-30,US,Indiana,Brown,89,2,0,39.19605589,-86.22868909,18013.0,589.7164060429368,2.247191011235955,87,88,2,0,86,88,15234,1,0,0,1,0
2020-08-30,US,Indiana,Carroll,255,13,0,40.580783200000006,-86.56198812,18015.0,1258.8241101841338,5.098039215686273,242,253,13,0,240,253,20127,2,0,0,2,0
2020-08-30,US,Indiana,Cass,1869,9,0,40.76135835,-86.34830753,18017.0,4959.006606702221,0.4815409309791333,1860,1861,9,0,1852,1857,37955,8,0,0,8,4
2020-08-30,US,Indiana,Clark,1732,51,0,38.48015445,-85.70510334,18019.0,1464.0496356781796,2.9445727482678983,1681,1710,51,0,1659,1690,117360,22,0,0,22,20
2020-08-30,US,Indiana,Clay,227,5,0,39.39561833,-87.11723506,18021.0,865.5862726406102,2.202643171806167,222,224,5,0,219,218,26170,3,0,0,3,6
2020-08-30,US,Indiana,Clinton,545,9,0,40.30319754,-86.47277257,18023.0,1682.1506836630758,1.6513761467889911,536,543,8,0,535,542,32250,2,1,0,1,1
2020-08-30,US,Indiana,Crawford,62,0,0,38.28814402,-86.44518825,18025.0,586.1775550723268,0.0,62,60,0,0,60,58,10558,2,0,0,2,2
2020-08-30,US,Indiana,Daviess,480,23,0,38.70186039,-87.07185406,18027.0,1439.2372042817306,4.791666666666667,457,475,23,0,452,464,33147,5,0,0,5,11
2020-08-30,US,Indiana,DeKalb,331,7,0,41.39804622,-84.99906934,18033.0,761.3571017826338,2.114803625377644,324,325,7,0,318,313,43226,6,0,0,6,12
2020-08-30,US,Indiana,Dearborn,571,28,0,39.14647946,-84.97333539,18029.0,1154.5149419709653,4.9036777583187385,543,569,28,0,541,565,49568,2,0,0,2,4
2020-08-30,US,Indiana,Decatur,398,35,0,39.30712658,-85.50087166,18031.0,1498.5503972288113,8.793969849246231,363,394,35,0,359,393,26794,4,0,0,4,1
2020-08-30,US,Indiana,Delaware,1140,56,0,40.22787247,-85.39732772,18035.0,998.8171901695359,4.912280701754386,1084,1077,56,0,1021,1006,114772,63,0,0,63,71
2020-08-30,US,Indiana,Dubois,837,17,0,38.36597551,-86.87924170000002,18037.0,1958.536128790715,2.031063321385902,820,831,17,0,814,825,42565,6,0,0,6,6
2020-08-30,US,Indiana,Elkhart,5577,98,0,41.59761169,-85.85875695,18039.0,2702.807488574738,1.7572171418325264,5479,5554,98,0,5456,5512,205560,23,0,0,23,42
2020-08-30,US,Indiana,Fayette,322,8,0,39.63684962,-85.17797541,18041.0,1393.8187169941996,2.4844720496894412,314,309,8,0,301,306,23047,13,0,0,13,3
2020-08-30,US,Indiana,Floyd,1071,54,0,38.32117957,-85.90385377,18043.0,1363.9489569802095,5.042016806722689,1017,1065,54,0,1011,1043,77781,6,0,0,6,22
2020-08-30,US,Indiana,Fountain,93,2,0,40.12361933,-87.24217689,18045.0,568.9465312614707,2.150537634408602,91,91,2,0,89,90,16351,2,0,0,2,1
2020-08-30,US,Indiana,Franklin,273,25,0,39.4142482,-85.06062647,18047.0,1199.5781703137359,9.157509157509157,248,273,25,0,248,273,22736,0,0,0,0,0
2020-08-30,US,Indiana,Fulton,205,2,0,41.0469907,-86.26252745,18049.0,1026.3342345048563,0.975609756097561,203,201,2,0,199,201,20092,4,0,0,4,0
2020-08-30,US,Indiana,Gibson,313,4,0,38.30393723,-87.58054938,18051.0,929.9147330580232,1.2779552715654952,309,311,4,0,307,309,33452,2,0,0,2,2
2020-08-30,US,Indiana,Grant,649,30,0,40.51587228,-85.65468702,18053.0,986.7870881418297,4.622496147919877,619,638,30,0,608,624,65936,11,0,0,11,14
2020-08-30,US,Indiana,Greene,366,35,0,39.03630547,-86.96223202,18055.0,1146.5447027128625,9.562841530054644,331,359,35,0,324,357,32006,7,0,0,7,2
2020-08-30,US,Indiana,Hamilton,3852,107,0,40.07306535,-86.05244729,18057.0,1139.6078825837028,2.7777777777777777,3745,3811,107,0,3704,3740,330086,41,0,0,41,71
2020-08-30,US,Indiana,Hancock,818,41,0,39.82304555,-85.77566351,18059.0,1046.4640261999796,5.012224938875304,777,812,41,0,771,803,76351,6,0,0,6,9
2020-08-30,US,Indiana,Harrison,477,24,0,38.19467379,-86.10948271,18061.0,1177.3417252869308,5.031446540880503,453,472,24,0,448,466,40350,5,0,0,5,6
2020-08-30,US,Indiana,Hendricks,2304,111,0,39.76719009,-86.51037283,18063.0,1352.8192541879268,4.817708333333333,2193,2285,111,0,2174,2255,167009,19,0,0,19,30
2020-08-30,US,Indiana,Henry,602,21,0,39.93029017,-85.39625719,18065.0,1254.8986909030268,3.4883720930232562,581,591,21,0,570,585,48271,11,0,0,11,6
2020-08-30,US,Indiana,Howard,1067,62,0,40.48527731,-86.11351892,18067.0,1292.6439232409382,5.8106841611996245,1005,1056,61,0,995,1046,82366,11,1,0,10,10
2020-08-30,US,Indiana,Huntington,163,3,0,40.82907273,-85.48822092,18069.0,446.33077765607885,1.8404907975460123,160,159,3,0,156,157,36240,4,0,0,4,2
2020-08-30,US,Indiana,Jackson,696,8,0,38.90915820000001,-86.03851889,18071.0,1573.5570075286566,1.1494252873563218,688,688,8,0,680,684,44111,8,0,0,8,4
2020-08-30,US,Indiana,Jasper,320,2,0,41.02078733,-87.11553319,18073.0,953.4592694118347,0.625,318,318,2,0,316,310,33370,2,0,0,2,8
2020-08-30,US,Indiana,Jay,128,0,0,40.43781032,-85.00576229,18075.0,626.3456645136033,0.0,128,127,0,0,127,125,20764,1,0,0,1,2
2020-08-30,US,Indiana,Jefferson,205,3,0,38.78576239,-85.43633383,18077.0,634.5177664974618,1.4634146341463414,202,205,3,0,202,204,32208,0,0,0,0,1
2020-08-30,US,Indiana,Jennings,267,12,0,38.99588883,-85.62710784,18079.0,962.6825310978908,4.49438202247191,255,264,12,0,252,260,27611,3,0,0,3,4
2020-08-30,US,Indiana,Johnson,2024,121,0,39.48994426,-86.10149107,18081.0,1279.660106090398,5.978260869565218,1903,2012,121,0,1891,1999,156225,12,0,0,12,13
2020-08-30,US,Indiana,Knox,339,3,0,38.68861576,-87.4194665,18083.0,926.381373995737,0.8849557522123894,336,332,3,0,329,328,36895,7,0,0,7,4
2020-08-30,US,Indiana,Kosciusko,1024,16,0,41.24521668,-85.86312322,18085.0,1288.763592428514,1.5625,1008,1019,16,0,1003,1018,79344,5,0,0,5,1
2020-08-30,US,Indiana,LaGrange,599,11,0,41.64232188,-85.42674232,18087.0,1512.0916847579142,1.8363939899833053,588,596,11,0,585,593,39330,3,0,0,3,3
2020-08-30,US,Indiana,LaPorte,1173,31,0,41.54366008,-86.74072188,18091.0,1067.450495049505,2.6427962489343564,1142,1170,31,0,1139,1154,110007,3,0,0,3,16
2020-08-30,US,Indiana,Lake,9075,296,0,41.41874274,-87.38277575,18089.0,1869.233953939604,3.2617079889807163,8779,9024,295,0,8729,8945,484411,51,1,0,50,79
2020-08-30,US,Indiana,Lawrence,451,27,0,38.84112637,-86.48361629,18093.0,994.0489310116817,5.986696230598669,424,444,27,0,417,442,45668,7,0,0,7,2
2020-08-30,US,Indiana,Madison,1279,69,0,40.16143691,-85.71964711,18095.0,987.1188324367712,5.394839718530101,1210,1270,69,0,1201,1250,129641,9,0,0,9,20
2020-08-30,US,Indiana,Marion,18335,748,0,39.78163624,-86.13826325,18097.0,1900.823361829269,4.0796291246250345,17587,18212,748,0,17464,18087,954670,123,0,0,123,125
2020-08-30,US,Indiana,Marshall,888,23,0,41.32467367,-86.26185087,18099.0,1919.667949327684,2.5900900900900896,865,884,23,0,861,877,46248,4,0,0,4,7
2020-08-30,US,Indiana,Martin,108,0,0,38.7099921,-86.80373186,18101.0,1053.144807411019,0.0,108,102,0,0,102,97,10217,6,0,0,6,5
2020-08-30,US,Indiana,Miami,316,2,0,40.76940965,-86.04525048,18103.0,889.7398355670682,0.6329113924050633,314,314,2,0,312,309,35567,2,0,0,2,5
2020-08-30,US,Indiana,Monroe,1093,36,0,39.16130004,-86.52414358,18105.0,736.3690873200342,3.2936870997255268,1057,1055,36,0,1019,1030,146917,38,0,0,38,25
2020-08-30,US,Indiana,Montgomery,423,21,0,40.04034823,-86.89335024,18107.0,1103.3439407376493,4.964539007092198,402,418,21,0,397,396,38346,5,0,0,5,22
2020-08-30,US,Indiana,Morgan,587,35,0,39.47899078,-86.44573375,18109.0,832.7540467306958,5.9625212947189095,552,581,35,0,546,574,70116,6,0,0,6,7
2020-08-30,US,Indiana,Newton,143,10,0,40.95610449,-87.39635768,18111.0,1022.5972540045767,6.9930069930069925,133,142,10,0,132,140,14011,1,0,0,1,2
2020-08-30,US,Indiana,Noble,801,30,0,41.39672484,-85.41966713,18113.0,1677.6977211796245,3.7453183520599245,771,798,30,0,768,789,47532,3,0,0,3,9
2020-08-30,US,Indiana,Ohio,73,7,0,38.955304999999996,-84.96515993,18115.0,1242.5531914893618,9.58904109589041,66,72,7,0,65,71,5844,1,0,0,1,1
2020-08-30,US,Indiana,Orange,237,24,0,38.54118920000001,-86.49523093,18117.0,1206.3524381553498,10.126582278481012,213,237,24,0,213,231,19489,0,0,0,0,6
2020-08-30,US,Indiana,Owen,140,1,0,39.31145587,-86.83900724,18119.0,673.1092841001971,0.7142857142857143,139,140,1,0,139,135,20845,0,0,0,0,5
2020-08-30,US,Indiana,Parke,80,2,0,39.77202286,-87.20375833,18121.0,472.33866682411286,2.5,78,79,2,0,77,77,16927,1,0,0,1,2
2020-08-30,US,Indiana,Perry,196,13,0,38.07809328,-86.63741946,18123.0,1022.4842193124316,6.632653061224491,183,196,13,0,183,196,19102,0,0,0,0,0
2020-08-30,US,Indiana,Pike,99,1,0,38.40112197,-87.23574907,18125.0,799.0959722334329,1.0101010101010102,98,96,1,0,95,90,12410,3,0,0,3,6
2020-08-30,US,Indiana,Porter,1704,41,0,41.45986947,-87.06848888,18127.0,1000.0645581580968,2.4061032863849765,1663,1692,41,0,1651,1658,169594,12,0,0,12,34
2020-08-30,US,Indiana,Posey,212,0,0,38.02097333,-87.86480429,18129.0,833.7593896252016,0.0,212,210,0,0,210,208,25540,2,0,0,2,2
2020-08-30,US,Indiana,Pulaski,99,1,0,41.04166107,-86.69890683,18131.0,801.4247551202138,1.0101010101010102,98,98,1,0,97,93,12469,1,0,0,1,5
2020-08-30,US,Indiana,Putnam,432,8,0,39.66437981,-86.84517605,18133.0,1149.6700021290185,1.851851851851852,424,429,8,0,421,427,37779,3,0,0,3,2
2020-08-30,US,Indiana,Randolph,166,7,0,40.15734772,-85.01139319,18135.0,673.0184471923777,4.216867469879518,159,161,7,0,154,157,24851,5,0,0,5,4
2020-08-30,US,Indiana,Ripley,244,8,0,39.10235626,-85.26212744,18137.0,861.4602457280046,3.278688524590164,236,243,8,0,235,243,28523,1,0,0,1,0
2020-08-30,US,Indiana,Rush,132,4,0,39.62002287,-85.4655599,18139.0,796.0919124298897,3.0303030303030303,128,131,4,0,127,129,16663,1,0,0,1,2
2020-08-30,US,Indiana,Scott,312,10,0,38.68672078,-85.74627859,18143.0,1306.9157625769699,3.2051282051282053,302,309,10,0,299,307,23878,3,0,0,3,2
2020-08-30,US,Indiana,Shelby,618,28,0,39.52305623,-85.79158570000001,18145.0,1381.653960517785,4.53074433656958,590,616,28,0,588,614,44593,2,0,0,2,2
2020-08-30,US,Indiana,Spencer,158,3,0,38.01519732,-87.0079644,18147.0,779.2079696207526,1.8987341772151896,155,155,3,0,152,151,20327,3,0,0,3,4
2020-08-30,US,Indiana,St. Joseph,5100,92,0,41.61756781,-86.29040834,18141.0,1876.2002163148486,1.803921568627451,5008,5027,92,0,4935,4969,270771,73,0,0,73,58
2020-08-30,US,Indiana,Starke,209,7,0,41.27890281,-86.64686895,18149.0,908.8932376603607,3.3492822966507183,202,207,7,0,200,202,22935,2,0,0,2,5
2020-08-30,US,Indiana,Steuben,271,4,0,41.64423868,-85.00101094,18151.0,783.3728392206741,1.4760147601476017,267,270,3,0,267,257,34586,1,1,0,0,13
2020-08-30,US,Indiana,Sullivan,289,8,0,39.08952258,-87.41414469,18153.0,1398.2292321834632,2.7681660899653977,281,287,8,0,279,282,20690,2,0,0,2,5
2020-08-30,US,Indiana,Switzerland,64,0,0,38.82767338,-85.03022429,18155.0,595.2934610733885,0.0,64,64,0,0,64,63,10717,0,0,0,0,1
2020-08-30,US,Indiana,Tippecanoe,1570,13,0,40.38872739,-86.89413959,18157.0,802.1171806347455,0.8280254777070064,1557,1554,13,0,1541,1526,193048,16,0,0,16,28
2020-08-30,US,Indiana,Tipton,185,19,0,40.31123252,-86.05234925,18159.0,1221.2833377343545,10.27027027027027,166,185,19,0,166,177,15128,0,0,0,0,8
2020-08-30,US,Indiana,Unassigned,0,219,0,0.0,0.0,90018.0,0.0,0.0,-219,0,219,0,-219,0,,0,0,0,0,0
2020-08-30,US,Indiana,Union,62,0,0,39.62550777,-84.92497066,18161.0,878.9339381910972,0.0,62,62,0,0,62,60,7037,0,0,0,0,2
2020-08-30,US,Indiana,Vanderburgh,2560,19,0,38.02658833,-87.58763124,18163.0,1410.8492099795535,0.7421875,2541,2528,19,0,2509,2495,180974,32,0,0,32,33
2020-08-30,US,Indiana,Vermillion,94,0,0,39.8523352,-87.46160542,18165.0,606.5298748225578,0.0,94,93,0,0,93,90,15479,1,0,0,1,3
2020-08-30,US,Indiana,Vigo,1249,17,0,39.42944561,-87.39169027,18167.0,1166.875315308582,1.3610888710968776,1232,1223,15,0,1208,1168,107386,26,2,0,24,55
2020-08-30,US,Indiana,Wabash,206,5,0,40.84704239,-85.79328272,18169.0,664.6018841140793,2.4271844660194173,201,202,5,0,197,202,31280,4,0,0,4,0
2020-08-30,US,Indiana,Warren,38,1,0,40.34728141,-87.35602659,18171.0,459.7701149425288,2.631578947368421,37,38,1,0,37,38,8263,0,0,0,0,0
2020-08-30,US,Indiana,Warrick,763,31,0,38.08922676,-87.2716085,18173.0,1211.1495603035014,4.062909567496724,732,751,31,0,720,743,62567,12,0,0,12,8
2020-08-30,US,Indiana,Washington,218,1,0,38.60219804,-86.1049363,18175.0,777.5716935368813,0.4587155963302753,217,214,1,0,213,207,27943,4,0,0,4,7
2020-08-30,US,Indiana,Wayne,539,10,0,39.863344399999995,-85.01044989,18177.0,818.1045473863153,1.855287569573284,529,529,10,0,519,523,65936,10,0,0,10,6
2020-08-30,US,Indiana,Wells,209,2,0,40.72934187,-85.22132966,18179.0,738.6202996890021,0.9569377990430622,207,207,2,0,205,206,28206,2,0,0,2,1
2020-08-30,US,Indiana,White,439,12,0,40.74911165,-86.86492015,18181.0,1821.425607833375,2.733485193621868,427,437,12,0,425,432,24133,2,0,0,2,5
2020-08-30,US,Indiana,Whitley,211,6,0,41.13863784,-85.50791236,18183.0,621.2460252031563,2.8436018957345968,205,208,6,0,202,202,34074,3,0,0,3,6
2020-08-30,US,Iowa,Adair,51,1,0,41.33075609,-94.47105874,19001.0,713.0872483221477,1.96078431372549,50,49,1,0,48,50,7063,2,0,0,2,-1
2020-08-30,US,Iowa,Adams,22,0,0,41.02903567,-94.69932645,19003.0,610.7717934480844,0.0,22,20,0,0,20,20,3645,2,0,0,2,0
2020-08-30,US,Iowa,Allamakee,174,4,0,43.28383218,-91.37860922,19005.0,1271.2793161394025,2.2988505747126435,170,174,4,0,170,172,13832,0,0,0,0,2
2020-08-30,US,Iowa,Appanoose,82,3,0,40.74324454,-92.86865906,19007.0,659.9066473523258,3.6585365853658534,79,82,3,0,79,80,12437,0,0,0,0,2
2020-08-30,US,Iowa,Audubon,41,1,0,41.6844628,-94.90581859,19009.0,745.9970887918486,2.4390243902439024,40,41,1,0,40,37,5506,0,0,0,0,4
2020-08-30,US,Iowa,Benton,200,1,0,42.08011739,-92.06463573,19011.0,779.8791187365957,0.5,199,200,1,0,199,194,25642,0,0,0,0,6
2020-08-30,US,Iowa,Black Hawk,3787,74,0,42.4704581,-92.30524729,19013.0,2885.8170512390648,1.954053340374967,3713,3757,74,0,3683,3704,132408,30,0,0,30,53
2020-08-30,US,Iowa,Boone,344,4,0,42.03657094,-93.9313999,19015.0,1311.2754440802012,1.162790697674419,340,343,4,0,339,338,26346,1,0,0,1,5
2020-08-30,US,Iowa,Bremer,298,7,0,42.77461496,-92.31795937,19017.0,1189.0511531402126,2.348993288590604,291,293,7,0,286,286,24947,5,0,0,5,7
2020-08-30,US,Iowa,Buchanan,174,1,0,42.4709188,-91.83510825,19019.0,821.7237308146399,0.5747126436781609,173,173,1,0,172,172,21199,1,0,0,1,1
2020-08-30,US,Iowa,Buena Vista,1826,12,0,42.73545875,-95.15100162,19021.0,9306.829765545364,0.6571741511500547,1814,1825,12,0,1813,1825,19874,1,0,0,1,0
2020-08-30,US,Iowa,Butler,201,2,0,42.73172833,-92.79015971,19023.0,1392.0631622688552,0.9950248756218906,199,197,2,0,195,193,14539,4,0,0,4,4
2020-08-30,US,Iowa,Calhoun,126,2,0,42.38521079,-94.64046046,19025.0,1303.2685146876292,1.5873015873015872,124,97,1,0,96,119,9699,29,1,0,28,-22
2020-08-30,US,Iowa,Carroll,387,2,0,42.03617207,-94.86032705,19027.0,1919.166873295313,0.5167958656330749,385,371,2,0,369,352,20154,16,0,0,16,19
2020-08-30,US,Iowa,Cass,112,2,0,41.33149454,-94.92792482,19029.0,872.5459644749143,1.7857142857142858,110,92,1,0,91,112,12930,20,1,0,19,-20
2020-08-30,US,Iowa,Cedar,154,1,0,41.77233777,-91.13246684,19031.0,826.7568583239383,0.6493506493506493,153,151,1,0,150,148,18627,3,0,0,3,3
2020-08-30,US,Iowa,Cerro Gordo,822,20,0,43.08177563,-93.2612239,19033.0,1936.3957597173144,2.4330900243309004,802,816,20,0,796,801,42647,6,0,0,6,15
2020-08-30,US,Iowa,Cherokee,140,2,0,42.73538914,-95.62389402,19035.0,1246.1059190031153,1.4285714285714286,138,109,1,0,108,136,11321,31,1,0,30,-27
2020-08-30,US,Iowa,Chickasaw,107,0,0,43.06001295,-92.31773347,19037.0,896.6730914271349,0.0,107,107,0,0,107,100,11964,0,0,0,0,7
2020-08-30,US,Iowa,Clarke,239,3,0,41.02868181,-93.78499767,19039.0,2543.906333155934,1.2552301255230125,236,236,3,0,233,234,9423,3,0,0,3,2
2020-08-30,US,Iowa,Clay,236,3,0,43.08247182,-95.15096481,19041.0,1473.5264735264734,1.2711864406779658,233,236,3,0,233,236,16134,0,0,0,0,0
2020-08-30,US,Iowa,Clayton,179,3,0,42.84443388,-91.34133693,19043.0,1020.0011396660776,1.675977653631285,176,179,3,0,176,177,17556,0,0,0,0,2
2020-08-30,US,Iowa,Clinton,821,10,0,41.89981633,-90.53275096,19045.0,1768.2913696181265,1.2180267965895248,811,805,10,0,795,789,46518,16,0,0,16,16
2020-08-30,US,Iowa,Crawford,832,3,0,42.03718237,-95.3819718,19047.0,4946.492271105826,0.3605769230769231,829,828,3,0,825,822,17158,4,0,0,4,6
2020-08-30,US,Iowa,Dallas,2378,39,0,41.68560356,-94.04127625,19049.0,2544.594609054819,1.6400336417157275,2339,2359,39,0,2320,2332,90180,19,0,0,19,27
2020-08-30,US,Iowa,Davis,81,2,0,40.74773536,-92.41005468,19051.0,900.0,2.469135802469136,79,69,1,0,68,81,9017,12,1,0,11,-12
2020-08-30,US,Iowa,Decatur,44,0,0,40.73742757,-93.78645949,19053.0,559.0851334180433,0.0,44,43,0,0,43,43,7890,1,0,0,1,0
2020-08-30,US,Iowa,Delaware,212,3,0,42.47104597,-91.3664492,19055.0,1246.2524249015344,1.4150943396226414,209,209,3,0,206,199,17069,3,0,0,3,10
2020-08-30,US,Iowa,Des Moines,567,5,0,40.92012606,-91.18326592,19057.0,1455.0773731619065,0.8818342151675485,562,553,5,0,548,541,39138,14,0,0,14,12
2020-08-30,US,Iowa,Dickinson,424,6,0,43.37787725,-95.1510206,19059.0,2456.831614323792,1.4150943396226414,418,350,3,0,347,419,17153,74,3,0,71,-69
2020-08-30,US,Iowa,Dubuque,2027,36,0,42.46815349,-90.88181925,19061.0,2083.012198004337,1.7760236803157377,1991,2016,36,0,1980,1984,96854,11,0,0,11,32
2020-08-30,US,Iowa,Emmet,221,8,0,43.37782951,-94.67858943,19063.0,2400.086880973067,3.619909502262444,213,220,8,0,212,220,9253,1,0,0,1,0
2020-08-30,US,Iowa,Fayette,138,1,0,42.86271799,-91.84412309999999,19065.0,702.2900763358779,0.7246376811594203,137,137,1,0,136,137,19660,1,0,0,1,0
2020-08-30,US,Iowa,Floyd,215,3,0,43.06000529999999,-92.78940097,19067.0,1374.5045390615012,1.3953488372093024,212,213,3,0,210,211,15761,2,0,0,2,2
2020-08-30,US,Iowa,Franklin,296,17,0,42.73270384,-93.26256925,19069.0,2939.4240317775566,5.743243243243242,279,294,17,0,277,294,10124,2,0,0,2,0
2020-08-30,US,Iowa,Fremont,58,0,0,40.74542720000001,-95.60129045,19071.0,833.3333333333335,0.0,58,58,0,0,58,57,6993,0,0,0,0,1
2020-08-30,US,Iowa,Greene,54,0,0,42.03614551,-94.39658081,19073.0,607.5607560756075,0.0,54,54,0,0,54,53,8981,0,0,0,0,1
2020-08-30,US,Iowa,Grundy,128,1,0,42.40183723,-92.78829551,19075.0,1046.4355788096796,0.78125,127,126,1,0,125,124,12304,2,0,0,2,2
2020-08-30,US,Iowa,Guthrie,173,5,0,41.68378965,-94.50111014,19077.0,1618.486294321265,2.8901734104046244,168,170,5,0,165,168,10720,3,0,0,3,2
2020-08-30,US,Iowa,Hamilton,279,2,0,42.38382428,-93.70197703,19079.0,1888.5805185135046,0.7168458781362007,277,279,2,0,277,279,14952,0,0,0,0,0
2020-08-30,US,Iowa,Hancock,154,2,0,43.08178477,-93.73454884,19081.0,1448.7300094073375,1.2987012987012987,152,121,1,0,120,149,10712,33,1,0,32,-28
2020-08-30,US,Iowa,Hardin,230,1,0,42.38353877,-93.23654611,19083.0,1365.3092722307965,0.43478260869565216,229,227,1,0,226,226,16868,3,0,0,3,1
2020-08-30,US,Iowa,Harrison,147,1,0,41.68330137,-95.81558439,19085.0,1046.337817638266,0.6802721088435374,146,147,1,0,146,143,14134,0,0,0,0,4
2020-08-30,US,Iowa,Henry,279,4,0,40.98767962,-91.54436349,19087.0,1398.215896562093,1.4336917562724014,275,276,4,0,272,261,20067,3,0,0,3,15
2020-08-30,US,Iowa,Howard,132,2,0,43.35671042,-92.31702714,19089.0,1441.3627429569776,1.5151515151515151,130,129,2,0,127,126,9187,3,0,0,3,3
2020-08-30,US,Iowa,Humboldt,153,2,0,42.7764426,-94.20722537,19091.0,1600.7532956685502,1.30718954248366,151,153,2,0,151,154,9547,0,0,0,0,-1
2020-08-30,US,Iowa,Ida,40,0,0,42.38696136,-95.51355387,19093.0,583.0903790087464,0.0,40,40,0,0,40,40,6841,0,0,0,0,0
2020-08-30,US,Iowa,Iowa,113,1,0,41.68630265,-92.0643373,19095.0,698.2204646564508,0.8849557522123894,112,111,1,0,110,111,16141,2,0,0,2,0
2020-08-30,US,Iowa,Jackson,208,1,0,42.17178824,-90.57354837,19097.0,1070.0138896033748,0.4807692307692308,207,201,1,0,200,198,19432,7,0,0,7,3
2020-08-30,US,Iowa,Jasper,585,30,0,41.68576082,-93.05567785,19099.0,1573.215006050827,5.128205128205129,555,577,30,0,547,563,37147,8,0,0,8,14
2020-08-30,US,Iowa,Jefferson,117,0,0,41.03192394,-91.94849466,19101.0,639.518994260727,0.0,117,117,0,0,117,116,18381,0,0,0,0,1
2020-08-30,US,Iowa,Johnson,3828,26,0,41.67169354,-91.58754744,19103.0,2532.7510917030568,0.6792058516196448,3802,3644,26,0,3618,3443,151260,184,0,0,184,201
2020-08-30,US,Iowa,Jones,170,2,0,42.12118609,-91.13139641,19105.0,822.0105410763503,1.1764705882352942,168,168,2,0,166,166,20744,2,0,0,2,2
2020-08-30,US,Iowa,Keokuk,60,1,0,41.33649833,-92.1785067,19107.0,585.5943782939684,1.6666666666666667,59,59,1,0,58,59,10225,1,0,0,1,0
2020-08-30,US,Iowa,Kossuth,121,0,0,43.20405458,-94.20691791,19109.0,816.8500641328563,0.0,121,119,0,0,119,119,14908,2,0,0,2,0
2020-08-30,US,Iowa,Lee,409,5,0,40.64181461,-91.48183025,19111.0,1215.200404076418,1.2224938875305624,404,393,5,0,388,380,34055,16,0,0,16,13
2020-08-30,US,Iowa,Linn,2971,94,0,42.07923082,-91.59809485,19113.0,1310.5078824556915,3.1639178727701114,2877,2952,94,0,2858,2903,225909,19,0,0,19,49
2020-08-30,US,Iowa,Louisa,397,14,0,41.21842119,-91.26102611,19115.0,3597.643860444042,3.5264483627204033,383,396,14,0,382,394,11169,1,0,0,1,2
2020-08-30,US,Iowa,Lucas,93,5,0,41.02958964,-93.32780803,19117.0,1081.3953488372092,5.376344086021504,88,93,5,0,88,93,8645,0,0,0,0,0
2020-08-30,US,Iowa,Lyon,148,2,0,43.38107862,-96.20926845,19119.0,1259.0387069332198,1.351351351351351,146,147,2,0,145,143,11811,1,0,0,1,4
2020-08-30,US,Iowa,Madison,164,2,0,41.33081904,-94.01554631,19121.0,1003.7948341290244,1.2195121951219512,162,163,2,0,161,160,16249,1,0,0,1,3
2020-08-30,US,Iowa,Mahaska,216,18,0,41.33521503,-92.64083907,19123.0,977.5967413441956,8.333333333333334,198,213,18,0,195,210,22000,3,0,0,3,3
2020-08-30,US,Iowa,Marion,475,0,0,41.33445101,-93.09934783,19125.0,1428.4425465371546,0.0,475,464,0,0,464,456,33407,11,0,0,11,8
2020-08-30,US,Iowa,Marshall,1639,32,0,42.03586837,-92.99908190000001,19127.0,4163.174070969544,1.9524100061012808,1607,1632,32,0,1600,1622,39981,7,0,0,7,10
2020-08-30,US,Iowa,Mills,128,1,0,41.03299766,-95.61920963,19129.0,847.1771791647362,0.78125,127,127,1,0,126,126,15063,1,0,0,1,1
2020-08-30,US,Iowa,Mitchell,109,0,0,43.35638371,-92.78887719,19131.0,1029.6618174948044,0.0,109,106,0,0,106,96,10569,3,0,0,3,10
2020-08-30,US,Iowa,Monona,107,1,0,42.05220391,-95.95743843,19133.0,1242.0197330237954,0.9345794392523364,106,107,1,0,106,106,8679,0,0,0,0,1
2020-08-30,US,Iowa,Monroe,107,8,0,41.02988815,-92.8690667,19135.0,1388.3482548332684,7.4766355140186915,99,102,8,0,94,102,7790,5,0,0,5,0
2020-08-30,US,Iowa,Montgomery,76,5,0,41.03018714,-95.15642896,19137.0,766.3607945951396,6.578947368421053,71,76,4,0,72,73,10003,0,1,0,-1,3
2020-08-30,US,Iowa,Muscatine,959,51,0,41.48370744,-91.11216970000001,19139.0,2247.796737296081,5.318039624608968,908,954,51,0,903,949,42929,5,0,0,5,5
2020-08-30,US,Iowa,O'Brien,196,7,0,43.08310673,-95.62474482,19141.0,1425.1436050316297,3.571428571428572,189,193,7,0,186,188,13840,3,0,0,3,5
2020-08-30,US,Iowa,Osceola,99,0,0,43.37824276,-95.62422844,19143.0,1661.631419939577,0.0,99,97,0,0,97,97,6040,2,0,0,2,0
2020-08-30,US,Iowa,Page,112,0,0,40.7393172,-95.1497813,19145.0,741.3781690607002,0.0,112,110,0,0,110,110,15249,2,0,0,2,0
2020-08-30,US,Iowa,Palo Alto,112,0,0,43.08193849,-94.67824621,19147.0,1260.4096331307676,0.0,112,112,0,0,112,112,8929,0,0,0,0,0
2020-08-30,US,Iowa,Plymouth,737,18,0,42.737633,-96.21366621,19149.0,2927.2748937522333,2.442333785617368,719,712,18,0,694,702,25095,25,0,0,25,10
2020-08-30,US,Iowa,Pocahontas,130,2,0,42.73420133,-94.67862564,19151.0,1964.0429067835016,1.5384615384615383,128,104,1,0,103,129,6740,26,1,0,25,-25
2020-08-30,US,Iowa,Polk,13292,225,0,41.68679484,-93.57767461,19153.0,2711.7620536925624,1.6927475173036413,13067,13179,225,0,12954,13039,487204,113,0,0,113,140
2020-08-30,US,Iowa,Pottawattamie,1631,34,0,41.33640314,-95.53907776,19155.0,1749.8873463081775,2.0846106683016554,1597,1612,34,0,1578,1593,93533,19,0,0,19,19
2020-08-30,US,Iowa,Poweshiek,184,8,0,41.68625425,-92.53155731,19157.0,994.3795936013837,4.3478260869565215,176,182,8,0,174,182,18699,2,0,0,2,0
2020-08-30,US,Iowa,Ringgold,32,1,0,40.73518949,-94.24368535,19159.0,653.8618716796078,3.125,31,32,1,0,31,30,4968,0,0,0,0,2
2020-08-30,US,Iowa,Sac,114,0,0,42.38624071,-95.10547892,19161.0,1172.7188560847646,0.0,114,113,0,0,113,107,9719,1,0,0,1,6
2020-08-30,US,Iowa,Scott,2208,21,0,41.63935978,-90.61959493,19163.0,1276.7212318509567,0.9510869565217392,2187,2180,20,0,2160,2146,173283,28,1,0,27,34
2020-08-30,US,Iowa,Shelby,215,1,0,41.6850066,-95.31015553,19165.0,1877.0735114370525,0.4651162790697674,214,214,1,0,213,214,11578,1,0,0,1,0
2020-08-30,US,Iowa,Sioux,893,3,0,43.08221074,-96.17675679999999,19167.0,2562.042748529623,0.33594624860022404,890,883,3,0,880,871,34909,10,0,0,10,12
2020-08-30,US,Iowa,Story,2362,16,0,42.03621213,-93.46499005,19169.0,2432.117960810157,0.6773920406435224,2346,2338,16,0,2322,2225,98105,24,0,0,24,113
2020-08-30,US,Iowa,Tama,622,29,0,42.07991767,-92.53266945,19171.0,3690.518571259048,4.662379421221865,593,619,29,0,590,614,16904,3,0,0,3,5
2020-08-30,US,Iowa,Taylor,113,1,0,40.73710579,-94.69778563,19173.0,1846.103577846757,0.8849557522123894,112,110,1,0,109,110,6191,3,0,0,3,0
2020-08-30,US,Iowa,Unassigned,19,0,0,0.0,0.0,90019.0,0.0,0.0,19,11,0,0,11,16,,8,0,0,8,-5
2020-08-30,US,Iowa,Union,93,3,0,41.0277278,-94.24234847,19175.0,759.7418511559513,3.2258064516129035,90,93,3,0,90,93,12359,0,0,0,0,0
2020-08-30,US,Iowa,Van Buren,101,1,0,40.75326764,-91.95017958,19177.0,1433.8444065871665,0.99009900990099,100,100,1,0,99,99,7020,1,0,0,1,1
2020-08-30,US,Iowa,Wapello,1082,49,0,41.03064984,-92.40954728,19179.0,3094.169121221653,4.5286506469500925,1033,1071,49,0,1022,1067,35205,11,0,0,11,4
2020-08-30,US,Iowa,Warren,775,5,0,41.33559454,-93.56007641,19181.0,1505.8485213539036,0.6451612903225806,770,766,5,0,761,753,51056,9,0,0,9,13
2020-08-30,US,Iowa,Washington,336,11,0,41.33577126,-91.71725711,19183.0,1529.7063510129751,3.273809523809524,325,335,11,0,324,334,22141,1,0,0,1,1
2020-08-30,US,Iowa,Wayne,48,2,0,40.73969028,-93.32752197,19185.0,745.2258965999067,4.166666666666667,46,37,1,0,36,47,6401,11,1,0,10,-10
2020-08-30,US,Iowa,Webster,1006,8,0,42.42853483,-94.17987389,19187.0,2801.9162210338677,0.7952286282306164,998,1004,8,0,996,998,36277,2,0,0,2,6
2020-08-30,US,Iowa,Winnebago,161,8,0,43.37751174,-93.73407298,19189.0,1554.9546069152018,4.9689440993788825,153,158,7,0,151,155,10518,3,1,0,2,3
2020-08-30,US,Iowa,Winneshiek,217,3,0,43.29094334,-91.84422722,19191.0,1085.4884698114151,1.3824884792626728,214,214,3,0,211,208,20029,3,0,0,3,6
2020-08-30,US,Iowa,Woodbury,4126,56,0,42.38979414,-96.0459439,19193.0,4001.668169959363,1.3572467280659235,4070,4093,56,0,4037,4068,102539,33,0,0,33,25
2020-08-30,US,Iowa,Worth,79,0,0,43.37750768,-93.26087602,19195.0,1070.3156753827395,0.0,79,79,0,0,79,79,7453,0,0,0,0,0
2020-08-30,US,Iowa,Wright,519,1,0,42.73305373,-93.73515113,19197.0,4131.507721700366,0.1926782273603083,518,516,1,0,515,516,12690,3,0,0,3,0
2020-08-30,US,Kansas,Allen,20,0,0,37.88582951,-95.30030847,20001.0,161.69455897809038,0.0,20,20,0,0,20,20,12444,0,0,0,0,0
2020-08-30,US,Kansas,Anderson,32,0,0,38.21413251,-95.29272815,20003.0,407.22830236701446,0.0,32,32,0,0,32,32,7878,0,0,0,0,0
2020-08-30,US,Kansas,Atchison,219,1,0,39.53185661,-95.30870026,20005.0,1362.5334411746408,0.45662100456620996,218,219,1,0,218,157,16193,0,0,0,0,62
2020-08-30,US,Kansas,Barber,5,0,0,37.2288586,-98.68460053,20007.0,112.943302462164,0.0,5,5,0,0,5,5,4472,0,0,0,0,0
2020-08-30,US,Kansas,Barton,273,4,0,38.47889676,-98.75636726,20009.0,1059.001512859304,1.465201465201465,269,273,4,0,269,273,26111,0,0,0,0,0
2020-08-30,US,Kansas,Bourbon,82,2,0,37.85508555,-94.84865997,20011.0,564.1943030136233,2.4390243902439024,80,82,2,0,80,82,14653,0,0,0,0,0
2020-08-30,US,Kansas,Brown,72,1,0,39.82652589,-95.56421698,20013.0,752.823086574655,1.3888888888888888,71,72,1,0,71,62,9598,0,0,0,0,10
2020-08-30,US,Kansas,Butler,397,2,0,37.78134351,-96.83878537,20015.0,593.3254621811062,0.5037783375314862,395,397,2,0,395,397,66765,0,0,0,0,0
2020-08-30,US,Kansas,Chase,65,0,0,38.30292938,-96.59563862,20017.0,2454.6827794561927,0.0,65,65,0,0,65,65,2629,0,0,0,0,0
2020-08-30,US,Kansas,Chautauqua,8,0,0,37.14994405,-96.2454192,20019.0,246.15384615384616,0.0,8,8,0,0,8,8,3309,0,0,0,0,0
2020-08-30,US,Kansas,Cherokee,246,1,0,37.16928494,-94.8462897,20021.0,1233.7629770800945,0.4065040650406504,245,246,1,0,245,225,20015,0,0,0,0,21
2020-08-30,US,Kansas,Cheyenne,6,0,0,39.78580976,-101.7318201,20023.0,225.81859239744068,0.0,6,6,0,0,6,6,2660,0,0,0,0,0
2020-08-30,US,Kansas,Clark,46,1,0,37.23577007,-99.81883015,20025.0,2306.9207622868607,2.1739130434782608,45,46,1,0,45,46,2005,0,0,0,0,0
2020-08-30,US,Kansas,Clay,30,2,0,39.34948772,-97.16518128,20027.0,374.90627343164215,6.666666666666668,28,30,2,0,28,30,7997,0,0,0,0,0
2020-08-30,US,Kansas,Cloud,52,0,0,39.48028352,-97.64925343,20029.0,591.8506715228773,0.0,52,52,0,0,52,52,8729,0,0,0,0,0
2020-08-30,US,Kansas,Coffey,79,8,0,38.2365018,-95.73379515,20031.0,965.8882503973593,10.126582278481012,71,79,8,0,71,77,8233,0,0,0,0,2
2020-08-30,US,Kansas,Comanche,9,0,0,37.19114520000001,-99.27113247,20033.0,529.4117647058823,0.0,9,9,0,0,9,9,1748,0,0,0,0,0
2020-08-30,US,Kansas,Cowley,249,3,0,37.23781842,-96.83776647,20035.0,713.3035407356482,1.2048192771084338,246,249,3,0,246,249,35218,0,0,0,0,0
2020-08-30,US,Kansas,Crawford,518,3,0,37.50675523,-94.85245778,20037.0,1334.432479777423,0.5791505791505791,515,518,3,0,515,459,39019,0,0,0,0,59
2020-08-30,US,Kansas,Decatur,6,0,0,39.78468441,-100.45940809999999,20039.0,212.2391227449593,0.0,6,6,0,0,6,6,2871,0,0,0,0,0
2020-08-30,US,Kansas,Dickinson,76,1,0,38.86600962,-97.15532383,20041.0,411.56720459222356,1.3157894736842106,75,76,1,0,75,72,18717,0,0,0,0,4
2020-08-30,US,Kansas,Doniphan,68,0,0,39.79067154,-95.14056866,20043.0,894.736842105263,0.0,68,68,0,0,68,67,7682,0,0,0,0,1
2020-08-30,US,Kansas,Douglas,1306,8,0,38.88503636,-95.2925121,20045.0,1068.2240162278442,0.6125574272588055,1298,1306,8,0,1298,1306,121436,0,0,0,0,0
2020-08-30,US,Kansas,Edwards,25,0,0,37.88735543,-99.31263309,20047.0,893.4953538241601,0.0,25,25,0,0,25,25,2849,0,0,0,0,0
2020-08-30,US,Kansas,Elk,1,0,0,37.45338105,-96.24369667,20049.0,39.52569169960474,0.0,1,1,0,0,1,1,2508,0,0,0,0,0
2020-08-30,US,Kansas,Ellis,341,1,0,38.91458712,-99.31751551,20051.0,1194.2703043463036,0.2932551319648094,340,341,1,0,340,341,28710,0,0,0,0,0
2020-08-30,US,Kansas,Ellsworth,25,0,0,38.69677695,-98.20462799,20053.0,409.70173713536553,0.0,25,25,0,0,25,25,6196,0,0,0,0,0
2020-08-30,US,Kansas,Finney,1877,12,0,38.04340344,-100.73819379999999,20055.0,5147.119313351797,0.6393180607352158,1865,1877,12,0,1865,1877,36611,0,0,0,0,0
2020-08-30,US,Kansas,Ford,2309,10,0,37.69200114,-99.88825298,20057.0,6868.140039858416,0.43308791684712,2299,2309,10,0,2299,2309,33888,0,0,0,0,0
2020-08-30,US,Kansas,Franklin,256,2,0,38.56443815,-95.28644341,20059.0,1002.1922956467273,0.78125,254,256,2,0,254,256,25631,0,0,0,0,0
2020-08-30,US,Kansas,Geary,207,2,0,38.99871131,-96.7577178,20061.0,653.6154089043257,0.966183574879227,205,207,2,0,205,207,32594,0,0,0,0,0
2020-08-30,US,Kansas,Gove,10,0,0,38.91588178,-100.4829321,20063.0,379.36267071320185,0.0,10,10,0,0,10,10,2612,0,0,0,0,0
2020-08-30,US,Kansas,Graham,25,0,0,39.34987223,-99.88332493,20065.0,1007.252215954875,0.0,25,25,0,0,25,25,2492,0,0,0,0,0
2020-08-30,US,Kansas,Grant,159,3,0,37.56227336,-101.3079758,20067.0,2223.776223776224,1.8867924528301887,156,159,3,0,156,149,7336,0,0,0,0,10
2020-08-30,US,Kansas,Gray,106,0,0,37.73836671,-100.4369088,20069.0,1770.2070808283233,0.0,106,106,0,0,106,106,6033,0,0,0,0,0
2020-08-30,US,Kansas,Greeley,5,0,0,38.4808095,-101.8061079,20071.0,405.84415584415603,0.0,5,5,0,0,5,5,1227,0,0,0,0,0
2020-08-30,US,Kansas,Greenwood,23,0,0,37.8774388,-96.23250453,20073.0,384.4867937144768,0.0,23,23,0,0,23,23,6055,0,0,0,0,0
2020-08-30,US,Kansas,Hamilton,42,0,0,37.99978709,-101.7921066,20075.0,1654.1945647892871,0.0,42,42,0,0,42,42,2607,0,0,0,0,0
2020-08-30,US,Kansas,Harper,108,1,0,37.19175361,-98.07578384,20077.0,1986.7549668874167,0.925925925925926,107,108,1,0,107,108,5506,0,0,0,0,0
2020-08-30,US,Kansas,Harvey,291,4,0,38.04293782,-97.42747573,20079.0,845.217694385547,1.3745704467353952,287,291,4,0,287,291,34210,0,0,0,0,0
2020-08-30,US,Kansas,Haskell,47,0,0,37.562039399999996,-100.8710738,20081.0,1184.475806451613,0.0,47,47,0,0,47,47,3997,0,0,0,0,0
2020-08-30,US,Kansas,Hodgeman,13,0,0,38.08780079,-99.89829881,20083.0,724.6376811594204,0.0,13,13,0,0,13,13,1818,0,0,0,0,0
2020-08-30,US,Kansas,Jackson,204,1,0,39.41673394,-95.79356799,20085.0,1548.857338091261,0.4901960784313725,203,204,1,0,203,194,13280,0,0,0,0,10
2020-08-30,US,Kansas,Jefferson,118,0,0,39.2347941,-95.38289232,20087.0,619.6502651893084,0.0,118,118,0,0,118,118,18975,0,0,0,0,0
2020-08-30,US,Kansas,Jewell,14,1,0,39.78470589,-98.21820662,20089.0,486.2799583188608,7.142857142857142,13,14,1,0,13,14,2841,0,0,0,0,0
2020-08-30,US,Kansas,Johnson,8124,116,0,38.88548175,-94.82250877,20091.0,1348.603338971881,1.4278680452978831,8008,8048,116,0,7932,7870,597555,76,0,0,76,178
2020-08-30,US,Kansas,Kearny,70,1,0,38.00017981,-101.32168100000001,20093.0,1823.8665971860346,1.4285714285714286,69,70,1,0,69,70,3943,0,0,0,0,0
2020-08-30,US,Kansas,Kingman,39,0,0,37.55909527,-98.13638678,20095.0,545.3020134228188,0.0,39,39,0,0,39,39,7310,0,0,0,0,0
2020-08-30,US,Kansas,Kiowa,8,0,0,37.55848695,-99.2856537,20097.0,323.2323232323232,0.0,8,8,0,0,8,8,2516,0,0,0,0,0
2020-08-30,US,Kansas,Labette,183,1,0,37.19113093,-95.29849679,20099.0,932.8168008971353,0.5464480874316939,182,183,1,0,182,183,19964,0,0,0,0,0
2020-08-30,US,Kansas,Lane,8,0,0,38.48119447,-100.46607540000001,20101.0,521.1726384364822,0.0,8,8,0,0,8,8,1560,0,0,0,0,0
2020-08-30,US,Kansas,Leavenworth,1638,9,0,39.20183497,-95.03620809,20103.0,2003.4736661855718,0.5494505494505495,1629,1638,9,0,1629,1638,81352,0,0,0,0,0
2020-08-30,US,Kansas,Lincoln,7,0,0,39.04549684,-98.20756994,20105.0,236.32680621201888,0.0,7,7,0,0,7,7,3023,0,0,0,0,0
2020-08-30,US,Kansas,Linn,52,0,0,38.21267844,-94.84254089,20107.0,535.9167267855303,0.0,52,52,0,0,52,52,9750,0,0,0,0,0
2020-08-30,US,Kansas,Logan,2,0,0,38.91735806,-101.148475,20109.0,71.58196134574086,0.0,2,2,0,0,2,2,2844,0,0,0,0,0
2020-08-30,US,Kansas,Lyon,916,17,0,38.45576156,-96.15275715,20111.0,2759.4517246573278,1.8558951965065504,899,916,17,0,899,916,33406,0,0,0,0,0
2020-08-30,US,Kansas,Marion,62,1,0,38.35855394,-97.09852509999999,20115.0,521.7098619993268,1.6129032258064515,61,62,1,0,61,62,11950,0,0,0,0,0
2020-08-30,US,Kansas,Marshall,14,0,0,39.78359669,-96.52278974,20117.0,144.22581642113937,0.0,14,14,0,0,14,14,9722,0,0,0,0,0
2020-08-30,US,Kansas,McPherson,212,1,0,38.39184858,-97.64769869,20113.0,742.7650479994394,0.4716981132075472,211,207,1,0,206,207,28537,5,0,0,5,0
2020-08-30,US,Kansas,Meade,63,0,0,37.23859987,-100.36483100000001,20119.0,1562.1125712868832,0.0,63,63,0,0,63,63,4146,0,0,0,0,0
2020-08-30,US,Kansas,Miami,188,0,0,38.56383358,-94.83832189,20121.0,549.1135321435873,0.0,188,188,0,0,188,188,33680,0,0,0,0,0
2020-08-30,US,Kansas,Mitchell,30,0,0,39.39331582,-98.20906732,20123.0,501.7561465127948,0.0,30,30,0,0,30,30,6150,0,0,0,0,0
2020-08-30,US,Kansas,Montgomery,247,5,0,37.19236568,-95.74329258,20125.0,776.0218668509848,2.0242914979757085,242,236,5,0,231,227,32120,11,0,0,11,9
2020-08-30,US,Kansas,Morris,19,0,0,38.68827511,-96.65128437,20127.0,338.0782918149466,0.0,19,19,0,0,19,19,5521,0,0,0,0,0
2020-08-30,US,Kansas,Morton,10,2,0,37.19141121,-101.79925190000002,20129.0,386.54812524159263,20.0,8,10,2,0,8,10,2667,0,0,0,0,0
2020-08-30,US,Kansas,Nemaha,55,1,0,39.78345387,-96.01392079,20131.0,537.5818590558108,1.818181818181818,54,55,1,0,54,55,10155,0,0,0,0,0
2020-08-30,US,Kansas,Neosho,83,0,0,37.55862897,-95.30670046,20133.0,518.5231461235709,0.0,83,83,0,0,83,79,15951,0,0,0,0,4
2020-08-30,US,Kansas,Ness,18,0,0,38.47974157,-99.91547333,20135.0,654.5454545454545,0.0,18,18,0,0,18,18,2840,0,0,0,0,0
2020-08-30,US,Kansas,Norton,23,0,0,39.78443827,-99.90286639,20137.0,429.0244357396009,0.0,23,23,0,0,23,23,5430,0,0,0,0,0
2020-08-30,US,Kansas,Osage,62,0,0,38.65235984,-95.72707998,20139.0,388.73910590005636,0.0,62,62,0,0,62,62,15941,0,0,0,0,0
2020-08-30,US,Kansas,Osborne,4,0,0,39.3503437,-98.76753828,20141.0,116.92487576731949,0.0,4,4,0,0,4,4,3475,0,0,0,0,0
2020-08-30,US,Kansas,Ottawa,40,0,0,39.13237408,-97.65020313,20143.0,701.2622720897616,0.0,40,40,0,0,40,40,5802,0,0,0,0,0
2020-08-30,US,Kansas,Pawnee,206,0,0,38.18108732,-99.23692334,20145.0,3211.7243529778607,0.0,206,206,0,0,206,206,6562,0,0,0,0,0
2020-08-30,US,Kansas,Phillips,51,8,0,39.78465501,-99.34668865,20147.0,974.3981658387466,15.68627450980392,43,51,8,0,43,51,5317,0,0,0,0,0
2020-08-30,US,Kansas,Pottawatomie,158,0,0,39.37925655,-96.34564657,20149.0,647.9924537587664,0.0,158,158,0,0,158,158,24277,0,0,0,0,0
2020-08-30,US,Kansas,Pratt,40,0,0,37.64780729,-98.73922153,20151.0,436.4906154517678,0.0,40,40,0,0,40,40,9378,0,0,0,0,0
2020-08-30,US,Kansas,Rawlins,1,0,0,39.78525843,-101.07616170000001,20153.0,39.52569169960474,0.0,1,1,0,0,1,1,2508,0,0,0,0,0
2020-08-30,US,Kansas,Reno,751,1,0,37.95230263,-98.08607292,20155.0,1211.329397722507,0.13315579227696406,750,741,1,0,740,692,62342,10,0,0,10,49
2020-08-30,US,Kansas,Republic,36,0,0,39.82799632,-97.65036709,20157.0,776.5314926660915,0.0,36,36,0,0,36,36,4664,0,0,0,0,0
2020-08-30,US,Kansas,Rice,44,1,0,38.34616184,-98.19992118,20159.0,461.36101499423296,2.272727272727273,43,44,1,0,43,44,9531,0,0,0,0,0
2020-08-30,US,Kansas,Riley,822,5,0,39.28935726,-96.73420026,20161.0,1107.3391529259618,0.6082725060827251,817,822,5,0,817,822,73703,0,0,0,0,0
2020-08-30,US,Kansas,Rooks,25,0,0,39.35022773,-99.32484567,20163.0,508.130081300813,0.0,25,25,0,0,25,25,5013,0,0,0,0,0
2020-08-30,US,Kansas,Rush,15,0,0,38.52275276,-99.30863983,20165.0,494.07114624505925,0.0,15,15,0,0,15,15,3093,0,0,0,0,0
2020-08-30,US,Kansas,Russell,18,0,0,38.91462787,-98.76254297,20167.0,262.54375729288216,0.0,18,18,0,0,18,18,6907,0,0,0,0,0
2020-08-30,US,Kansas,Saline,465,9,0,38.78369175,-97.65185177,20169.0,857.5538506934198,1.935483870967742,456,465,9,0,456,465,54401,0,0,0,0,0
2020-08-30,US,Kansas,Scott,95,1,0,38.48222076,-100.90665390000001,20171.0,1969.7283848227246,1.0526315789473684,94,95,1,0,94,93,4897,0,0,0,0,2
2020-08-30,US,Kansas,Sedgwick,6830,50,0,37.6842718,-97.4608198,20173.0,1323.535681204243,0.7320644216691069,6780,6796,50,0,6746,6733,513607,34,0,0,34,63
2020-08-30,US,Kansas,Seward,1380,4,0,37.19324632,-100.85072009999999,20175.0,6440.171737913011,0.2898550724637681,1376,1380,4,0,1376,1373,21780,0,0,0,0,7
2020-08-30,US,Kansas,Shawnee,2129,22,0,39.04100763,-95.75572640000001,20177.0,1203.6749116607773,1.0333489901362145,2107,2129,22,0,2107,2129,177499,0,0,0,0,0
2020-08-30,US,Kansas,Sheridan,10,0,0,39.35018161,-100.44182590000001,20179.0,396.6679888932963,0.0,10,10,0,0,10,10,2533,0,0,0,0,0
2020-08-30,US,Kansas,Sherman,17,0,0,39.35147699,-101.71976240000001,20181.0,287.30775730944737,0.0,17,17,0,0,17,17,5899,0,0,0,0,0
2020-08-30,US,Kansas,Smith,3,0,0,39.78516566,-98.78566062,20183.0,83.72871895060004,0.0,3,3,0,0,3,3,3603,0,0,0,0,0
2020-08-30,US,Kansas,Stafford,31,1,0,38.03100851,-98.71762001,20185.0,745.9095283926853,3.2258064516129035,30,31,1,0,30,31,4178,0,0,0,0,0
2020-08-30,US,Kansas,Stanton,21,2,0,37.56304714,-101.78435340000001,20187.0,1046.8594217347957,9.523809523809524,19,21,2,0,19,21,1987,0,0,0,0,0
2020-08-30,US,Kansas,Stevens,67,0,0,37.1923008,-101.3118967,20189.0,1221.5132178669098,0.0,67,67,0,0,67,67,5559,0,0,0,0,0
2020-08-30,US,Kansas,Sumner,117,3,0,37.23682549,-97.47721621,20191.0,512.3489227535472,2.5641025641025643,114,117,3,0,114,117,22996,0,0,0,0,0
2020-08-30,US,Kansas,Thomas,53,0,0,39.35107575,-101.0553705,20193.0,681.4967211006815,0.0,53,53,0,0,53,53,7711,0,0,0,0,0
2020-08-30,US,Kansas,Trego,26,1,0,38.91467218,-99.87284448,20195.0,927.577595433464,3.8461538461538463,25,26,1,0,25,26,2793,0,0,0,0,0
2020-08-30,US,Kansas,Wabaunsee,54,0,0,38.95471985,-96.20350509,20197.0,779.1083537729044,0.0,54,54,0,0,54,54,6899,0,0,0,0,0
2020-08-30,US,Kansas,Wallace,2,0,0,38.91686134,-101.76388759999999,20199.0,131.75230566534916,0.0,2,2,0,0,2,2,1503,0,0,0,0,0
2020-08-30,US,Kansas,Washington,5,0,0,39.78420784,-97.08753229999999,20201.0,92.48982611912693,0.0,5,5,0,0,5,5,5420,0,0,0,0,0
2020-08-30,US,Kansas,Wichita,4,0,0,38.48178252,-101.3471509,20203.0,188.76828692779614,0.0,4,4,0,0,4,4,2105,0,0,0,0,0
2020-08-30,US,Kansas,Wilson,16,0,0,37.55937174,-95.74323255,20205.0,187.68328445747798,0.0,16,16,0,0,16,16,8665,0,0,0,0,0
2020-08-30,US,Kansas,Woodson,12,0,0,37.8865336,-95.74006277,20207.0,382.4091778202677,0.0,12,12,0,0,12,12,3183,0,0,0,0,0
2020-08-30,US,Kansas,Wyandotte,6010,113,0,39.11727348,-94.76378225,20209.0,3632.978498328588,1.8801996672212982,5897,5980,113,0,5867,5926,165324,30,0,0,30,54
2020-08-30,US,Kentucky,Adair,260,19,0,37.10459774,-85.28129668,21001.0,1354.0256223310073,7.3076923076923075,241,259,19,0,240,257,19215,1,0,0,1,2
2020-08-30,US,Kentucky,Allen,253,9,0,36.75197631,-86.19457544,21003.0,1186.9575416373445,3.5573122529644268,244,252,9,0,243,252,21122,1,0,0,1,0
2020-08-30,US,Kentucky,Anderson,115,1,0,38.00671029,-84.99171713,21005.0,505.56117290192117,0.8695652173913043,114,114,1,0,113,114,22663,1,0,0,1,0
2020-08-30,US,Kentucky,Ballard,42,0,0,37.05842757,-88.99427697,21007.0,532.4543610547669,0.0,42,42,0,0,42,41,7979,0,0,0,0,1
2020-08-30,US,Kentucky,Barren,499,8,0,36.96469836,-85.93338945,21009.0,1127.709100770639,1.6032064128256514,491,496,8,0,488,490,44176,3,0,0,3,6
2020-08-30,US,Kentucky,Bath,65,1,0,38.14735938,-83.74588932,21011.0,520.0,1.5384615384615383,64,65,1,0,64,56,12383,0,0,0,0,9
2020-08-30,US,Kentucky,Bell,395,7,0,36.73355174,-83.67766671,21013.0,1517.363245236632,1.7721518987341771,388,395,7,0,388,387,26569,0,0,0,0,8
2020-08-30,US,Kentucky,Boone,1290,25,0,38.97065142,-84.72615357,21015.0,965.70620073214,1.937984496124031,1265,1280,25,0,1255,1266,131533,10,0,0,10,14
2020-08-30,US,Kentucky,Bourbon,113,1,0,38.2054607,-84.21827874,21017.0,571.0531635334546,0.8849557522123894,112,112,1,0,111,110,20184,1,0,0,1,2
2020-08-30,US,Kentucky,Boyd,239,4,0,38.36176608,-82.68652187,21019.0,511.58011901194396,1.6736401673640169,235,234,4,0,230,227,47240,5,0,0,5,7
2020-08-30,US,Kentucky,Boyle,208,0,0,37.62680923,-84.8633779,21021.0,691.9494344644045,0.0,208,202,0,0,202,201,30100,6,0,0,6,1
2020-08-30,US,Kentucky,Bracken,37,0,0,38.69158994,-84.08532444,21023.0,445.6220643141034,0.0,37,37,0,0,37,37,8239,0,0,0,0,0
2020-08-30,US,Kentucky,Breathitt,55,0,0,37.52333168,-83.31959161,21025.0,435.47110055423593,0.0,55,55,0,0,55,54,12726,0,0,0,0,1
2020-08-30,US,Kentucky,Breckinridge,95,2,0,37.77377239,-86.42885017,21027.0,463.9351467500122,2.1052631578947367,93,95,2,0,93,93,20388,0,0,0,0,2
2020-08-30,US,Kentucky,Bullitt,617,5,0,37.97162523,-85.68955617,21029.0,755.4238699250698,0.8103727714748784,612,605,5,0,600,603,81069,12,0,0,12,2
2020-08-30,US,Kentucky,Butler,320,16,0,37.20946153,-86.68748787,21031.0,2484.664958459508,5.0,304,320,16,0,304,317,12772,0,0,0,0,3
2020-08-30,US,Kentucky,Caldwell,79,0,0,37.14749129,-87.86948214,21033.0,619.7536675296149,0.0,79,72,0,0,72,70,12715,7,0,0,7,2
2020-08-30,US,Kentucky,Calloway,395,6,0,36.62093411,-88.2731593,21035.0,1012.794543729648,1.5189873417721518,389,390,5,0,385,389,39135,5,1,0,4,1
2020-08-30,US,Kentucky,Campbell,692,13,0,38.94384345,-84.37875208,21037.0,739.4426397674816,1.8786127167630056,679,684,13,0,671,675,93152,8,0,0,8,9
2020-08-30,US,Kentucky,Carlisle,60,1,0,36.85372876,-88.96692220000001,21039.0,1260.5042016806724,1.6666666666666667,59,59,1,0,58,59,4771,1,0,0,1,0
2020-08-30,US,Kentucky,Carroll,191,3,0,38.66599534,-85.12601074,21041.0,1796.6324898880634,1.5706806282722514,188,191,3,0,188,190,10737,0,0,0,0,1
2020-08-30,US,Kentucky,Carter,113,3,0,38.31690743,-83.05092385,21043.0,421.68899503675766,2.6548672566371683,110,113,3,0,110,113,27004,0,0,0,0,0
2020-08-30,US,Kentucky,Casey,245,13,0,37.32533118,-84.92726209,21045.0,1516.1829321121356,5.306122448979592,232,243,11,0,232,241,15888,2,2,0,0,2
2020-08-30,US,Kentucky,Christian,861,12,0,36.89267803,-87.49055367,21047.0,1221.9525695065354,1.3937282229965158,849,858,12,0,846,851,71671,3,0,0,3,7
2020-08-30,US,Kentucky,Clark,243,8,0,37.9689263,-84.14615986,21049.0,670.1045142431681,3.2921810699588483,235,242,8,0,234,237,36249,1,0,0,1,5
2020-08-30,US,Kentucky,Clay,214,6,0,37.16451126,-83.712575,21051.0,1075.3228480980856,2.803738317757009,208,205,6,0,199,205,20105,9,0,0,9,0
2020-08-30,US,Kentucky,Clinton,71,1,0,36.72581156,-85.13377529,21053.0,694.8522215697789,1.4084507042253518,70,71,1,0,70,69,10206,0,0,0,0,2
2020-08-30,US,Kentucky,Crittenden,50,1,0,37.35839237,-88.08826090000002,21055.0,567.7946854417443,2.0,49,48,1,0,47,48,8915,2,0,0,2,0
2020-08-30,US,Kentucky,Cumberland,87,0,0,36.78926125,-85.39050034,21057.0,1315.3915935893558,0.0,87,86,0,0,86,86,6659,1,0,0,1,0
2020-08-30,US,Kentucky,Daviess,953,11,0,37.73028906,-87.09019479999998,21059.0,938.814512712908,1.154249737670514,942,950,11,0,939,941,101104,3,0,0,3,9
2020-08-30,US,Kentucky,Edmonson,117,12,0,37.21218923,-86.23955613,21061.0,962.9629629629628,10.256410256410255,105,117,12,0,105,117,12274,0,0,0,0,0
2020-08-30,US,Kentucky,Elliott,25,0,0,38.11624059,-83.09771563,21063.0,332.5794864972728,0.0,25,25,0,0,25,21,7508,0,0,0,0,4
2020-08-30,US,Kentucky,Estill,41,0,0,37.69241417,-83.95956369,21065.0,290.65645824471864,0.0,41,37,0,0,37,34,14198,4,0,0,4,3
2020-08-30,US,Kentucky,Fayette,4153,54,0,38.0368225,-84.45576892,21067.0,1285.1537357033224,1.3002648687695642,4099,4083,52,0,4031,4037,323780,70,2,0,68,46
2020-08-30,US,Kentucky,Fleming,70,0,0,38.36758311,-83.69657514,21069.0,480.07681228996637,0.0,70,69,0,0,69,68,14432,1,0,0,1,1
2020-08-30,US,Kentucky,Floyd,145,2,0,37.56213922,-82.74750924,21071.0,407.42926185057183,1.3793103448275863,143,145,2,0,143,143,35845,0,0,0,0,2
2020-08-30,US,Kentucky,Franklin,466,11,0,38.2379395,-84.87962551,21073.0,913.8867643309604,2.360515021459228,455,461,11,0,450,457,50815,5,0,0,5,4
2020-08-30,US,Kentucky,Fulton,120,2,0,36.55238827,-89.20140068,21075.0,2010.3869994974032,1.6666666666666667,118,118,2,0,116,116,6120,2,0,0,2,2
2020-08-30,US,Kentucky,Gallatin,93,8,0,38.75398691,-84.8558382,21077.0,1048.59623407374,8.602150537634408,85,93,8,0,85,92,8832,0,0,0,0,1
2020-08-30,US,Kentucky,Garrard,119,2,0,37.638866799999995,-84.53289319,21079.0,673.6103249179214,1.680672268907563,117,119,2,0,117,116,17560,0,0,0,0,3
2020-08-30,US,Kentucky,Grant,136,6,0,38.64962758,-84.62415957,21081.0,542.502692568511,4.411764705882354,130,136,6,0,130,133,25121,0,0,0,0,3
2020-08-30,US,Kentucky,Graves,643,29,0,36.72292505,-88.65143315,21083.0,1725.4333709010896,4.5101088646967336,614,638,29,0,609,633,37317,5,0,0,5,5
2020-08-30,US,Kentucky,Grayson,258,11,0,37.46231118,-86.34248968,21085.0,976.2742649562947,4.263565891472869,247,255,11,0,244,251,26321,3,0,0,3,4
2020-08-30,US,Kentucky,Green,155,7,0,37.26484328,-85.5540745,21087.0,1416.689516497578,4.516129032258065,148,148,6,0,142,142,11049,7,1,0,6,6
2020-08-30,US,Kentucky,Greenup,195,2,0,38.54332505,-82.9215658,21089.0,555.5872129466067,1.0256410256410255,193,192,2,0,190,189,35268,3,0,0,3,3
2020-08-30,US,Kentucky,Hancock,56,0,0,37.83766422,-86.78280584,21091.0,642.0545746388442,0.0,56,56,0,0,56,56,8758,0,0,0,0,0
2020-08-30,US,Kentucky,Hardin,915,9,0,37.6976111,-85.96319251,21093.0,824.6363488887688,0.9836065573770492,906,912,9,0,903,898,110356,3,0,0,3,14
2020-08-30,US,Kentucky,Harlan,293,7,0,36.85699301,-83.21899516,21095.0,1126.4898116109187,2.389078498293516,286,290,6,0,284,283,26409,3,1,0,2,7
2020-08-30,US,Kentucky,Harrison,151,0,0,38.44188174,-84.32869741,21097.0,799.5340463835646,0.0,151,151,0,0,151,150,18778,0,0,0,0,1
2020-08-30,US,Kentucky,Hart,130,1,0,37.29943898,-85.88461055,21099.0,682.9524560021014,0.7692307692307693,129,129,1,0,128,123,18906,1,0,0,1,6
2020-08-30,US,Kentucky,Henderson,423,3,0,37.79344553,-87.57392021,21101.0,935.6337093563372,0.7092198581560284,420,423,3,0,420,418,45591,0,0,0,0,5
2020-08-30,US,Kentucky,Henry,161,1,0,38.44942688,-85.11587507,21103.0,1004.5888627061888,0.6211180124223602,160,161,1,0,160,159,16106,0,0,0,0,2
2020-08-30,US,Kentucky,Hickman,66,0,0,36.67948079999999,-88.97875928,21105.0,1506.849315068493,0.0,66,66,0,0,66,66,4421,0,0,0,0,0
2020-08-30,US,Kentucky,Hopkins,512,36,0,37.30939025,-87.54670406,21107.0,1145.7727252383295,7.03125,476,510,36,0,474,502,45068,2,0,0,2,8
2020-08-30,US,Kentucky,Jackson,223,15,0,37.41866422,-83.99825483,21109.0,1673.0437392152448,6.726457399103139,208,216,15,0,201,209,13442,7,0,0,7,7
2020-08-30,US,Kentucky,Jefferson,11741,263,0,38.18664655,-85.65931031,21111.0,1531.2543608992155,2.2400136274593305,11478,11615,264,0,11351,11353,770517,126,-1,0,127,262
2020-08-30,US,Kentucky,Jessamine,457,0,0,37.87119786,-84.58252003,21113.0,844.4978286981427,0.0,457,450,0,0,450,439,53920,7,0,0,7,11
2020-08-30,US,Kentucky,Johnson,117,1,0,37.85106355,-82.8264322,21115.0,527.3120605732829,0.8547008547008547,116,117,1,0,116,115,22386,0,0,0,0,2
2020-08-30,US,Kentucky,Kenton,1710,41,0,38.93950319,-84.53241199,21117.0,1023.9643588545973,2.3976608187134505,1669,1704,41,0,1663,1695,166051,6,0,0,6,9
2020-08-30,US,Kentucky,Knott,89,1,0,37.35388197,-82.94981134,21119.0,601.107659057139,1.1235955056179776,88,88,1,0,87,88,15126,1,0,0,1,0
2020-08-30,US,Kentucky,Knox,356,9,0,36.89225732,-83.85403396,21121.0,1143.0406164713436,2.5280898876404496,347,355,9,0,346,350,31304,1,0,0,1,5
2020-08-30,US,Kentucky,Larue,83,1,0,37.54567114,-85.70138352,21123.0,576.4689540213917,1.2048192771084338,82,83,1,0,82,82,14307,0,0,0,0,1
2020-08-30,US,Kentucky,Laurel,561,5,0,37.10975748,-84.11321779,21125.0,922.5001233288934,0.8912655971479501,556,562,5,0,557,554,60669,-1,0,0,-1,8
2020-08-30,US,Kentucky,Lawrence,43,0,0,38.07136018,-82.72882223,21127.0,280.7338251615852,0.0,43,43,0,0,43,44,15571,0,0,0,0,-1
2020-08-30,US,Kentucky,Lee,12,0,0,37.59645942,-83.71513901,21129.0,162.09644738619482,0.0,12,13,0,0,13,13,7033,-1,0,0,-1,0
2020-08-30,US,Kentucky,Leslie,40,0,0,37.09246661,-83.37999606,21131.0,404.9812696162802,0.0,40,40,0,0,40,40,10143,0,0,0,0,0
2020-08-30,US,Kentucky,Letcher,73,2,0,37.12306748,-82.85346474,21133.0,338.69994896302137,2.7397260273972597,71,72,2,0,70,70,21899,1,0,0,1,2
2020-08-30,US,Kentucky,Lewis,162,10,0,38.53184419,-83.37735618,21135.0,1220.3389830508474,6.172839506172839,152,160,10,0,150,148,13257,2,0,0,2,12
2020-08-30,US,Kentucky,Lincoln,138,6,0,37.45475628,-84.6565327,21137.0,562.1410240743004,4.3478260869565215,132,137,5,0,132,134,24644,1,1,0,0,3
2020-08-30,US,Kentucky,Livingston,46,1,0,37.21137452,-88.34797529,21139.0,500.3262997607135,2.1739130434782608,45,46,1,0,45,45,9242,0,0,0,0,1
2020-08-30,US,Kentucky,Logan,419,26,0,36.85949479,-86.877635,21141.0,1546.0113644749465,6.205250596658711,393,416,26,0,390,408,26989,3,0,0,3,8
2020-08-30,US,Kentucky,Lyon,37,4,0,37.02080035,-88.07886257,21143.0,450.66991473812425,10.810810810810812,33,37,4,0,33,34,8009,0,0,0,0,3
2020-08-30,US,Kentucky,Madison,1001,3,0,37.71659336,-84.27220275,21151.0,1076.4945637562241,0.2997002997002997,998,964,3,0,961,937,92368,37,0,0,37,27
2020-08-30,US,Kentucky,Magoffin,67,0,0,37.70820545,-83.0657714,21153.0,550.9415344132883,0.0,67,67,0,0,67,66,12362,0,0,0,0,1
2020-08-30,US,Kentucky,Marion,174,2,0,37.55218078,-85.26898542,21155.0,902.8174129611374,1.1494252873563218,172,174,2,0,172,173,19404,0,0,0,0,1
2020-08-30,US,Kentucky,Marshall,187,2,0,36.88007070000001,-88.32803576,21157.0,601.2861736334405,1.0695187165775402,185,186,2,0,184,185,31191,1,0,0,1,1
2020-08-30,US,Kentucky,Martin,55,0,0,37.79990579,-82.51247478,21159.0,491.29075480125056,0.0,55,55,0,0,55,53,11323,0,0,0,0,2
2020-08-30,US,Kentucky,Mason,89,2,0,38.59471935,-83.82151043,21161.0,521.3825424721734,2.247191011235955,87,88,2,0,86,86,17150,1,0,0,1,2
2020-08-30,US,Kentucky,McCracken,504,6,0,37.05350953,-88.70445755,21145.0,770.4301568375678,1.1904761904761905,498,497,6,0,491,486,65346,7,0,0,7,11
2020-08-30,US,Kentucky,McCreary,89,0,0,36.73874143,-84.48102924,21147.0,516.5109395856307,0.0,89,87,0,0,87,82,17408,2,0,0,2,5
2020-08-30,US,Kentucky,McLean,53,1,0,37.5301951,-87.26803443,21149.0,575.648962745737,1.8867924528301887,52,53,1,0,52,53,9252,0,0,0,0,0
2020-08-30,US,Kentucky,Meade,124,3,0,37.96163597,-86.21028219,21163.0,433.9913201735965,2.419354838709677,121,123,3,0,120,123,28715,1,0,0,1,0
2020-08-30,US,Kentucky,Menifee,33,0,0,37.94090733,-83.59985712,21165.0,508.55293573740175,0.0,33,33,0,0,33,30,6451,0,0,0,0,3
2020-08-30,US,Kentucky,Mercer,111,1,0,37.81474237,-84.87488475,21167.0,506.0867186431405,0.9009009009009008,110,110,1,0,109,107,21774,1,0,0,1,3
2020-08-30,US,Kentucky,Metcalfe,82,2,0,36.99459295,-85.63123699,21169.0,814.2190447820474,2.4390243902439024,80,82,2,0,80,82,10030,0,0,0,0,0
2020-08-30,US,Kentucky,Monroe,139,2,0,36.71225341,-85.71596443,21171.0,1305.1643192488264,1.4388489208633093,137,138,2,0,136,129,10718,1,0,0,1,9
2020-08-30,US,Kentucky,Montgomery,190,1,0,38.03253032,-83.9145241,21173.0,674.7877969954186,0.5263157894736842,189,190,1,0,189,182,28203,0,0,0,0,8
2020-08-30,US,Kentucky,Morgan,45,0,0,37.92465657,-83.25558245,21175.0,338.1170636411452,0.0,45,45,0,0,45,43,13345,0,0,0,0,2
2020-08-30,US,Kentucky,Muhlenberg,659,11,0,37.21425819,-87.14632053,21177.0,2152.0475475148587,1.6691957511380882,648,659,11,0,648,657,30774,0,0,0,0,2
2020-08-30,US,Kentucky,Nelson,331,2,0,37.80335779,-85.4657193,21179.0,715.9388315705232,0.6042296072507553,329,331,2,0,329,326,45851,0,0,0,0,5
2020-08-30,US,Kentucky,Nicholas,22,1,0,38.33342292,-84.01889177,21181.0,302.65511074425643,4.545454545454546,21,22,1,0,21,22,7166,0,0,0,0,0
2020-08-30,US,Kentucky,Ohio,385,9,0,37.47751843,-86.85368087,21183.0,1604.5678086188211,2.3376623376623376,376,385,9,0,376,382,24087,0,0,0,0,3
2020-08-30,US,Kentucky,Oldham,810,23,0,38.39791089,-85.448222,21185.0,1212.5930028892647,2.8395061728395063,787,808,23,0,785,799,66470,2,0,0,2,9
2020-08-30,US,Kentucky,Owen,80,0,0,38.51679143,-84.82404619,21187.0,733.8776259058803,0.0,80,80,0,0,80,80,10880,0,0,0,0,0
2020-08-30,US,Kentucky,Owsley,34,0,0,37.42823949,-83.68811419,21189.0,770.1019252548132,0.0,34,32,0,0,32,31,4472,2,0,0,2,1
2020-08-30,US,Kentucky,Pendleton,63,0,0,38.69607718,-84.35599463,21191.0,431.8026045236463,0.0,63,63,0,0,63,63,14529,0,0,0,0,0
2020-08-30,US,Kentucky,Perry,287,7,0,37.25023553,-83.22922731,21193.0,1114.2169423091857,2.4390243902439024,280,286,7,0,279,282,26092,1,0,0,1,4
2020-08-30,US,Kentucky,Pike,314,3,0,37.47088263,-82.39487445,21195.0,542.5392217845048,0.9554140127388536,311,314,3,0,311,300,58402,0,0,0,0,14
2020-08-30,US,Kentucky,Powell,76,0,0,37.83218794,-83.82553961,21197.0,614.9364835342665,0.0,76,76,0,0,76,76,12442,0,0,0,0,0
2020-08-30,US,Kentucky,Pulaski,516,6,0,37.10466131,-84.57629079,21199.0,794.1027101063423,1.162790697674419,510,510,6,0,504,497,64623,6,0,0,6,13
2020-08-30,US,Kentucky,Robertson,6,0,0,38.51923469,-84.05055616,21201.0,284.62998102466787,0.0,6,6,0,0,6,4,2135,0,0,0,0,2
2020-08-30,US,Kentucky,Rockcastle,121,0,0,37.36642393,-84.31176452,21203.0,724.7678945792153,0.0,121,118,0,0,118,114,16750,3,0,0,3,4
2020-08-30,US,Kentucky,Rowan,159,0,0,38.19484205,-83.42088935,21205.0,650.0408830744072,0.0,159,159,0,0,159,153,24583,0,0,0,0,6
2020-08-30,US,Kentucky,Russell,174,6,0,36.99308373,-85.06070117,21207.0,970.8196172515762,3.4482758620689653,168,171,5,0,166,171,17821,3,1,0,2,0
2020-08-30,US,Kentucky,Scott,572,5,0,38.29622293,-84.5816631,21209.0,1003.4383552031436,0.8741258741258742,567,566,5,0,561,563,56031,6,0,0,6,3
2020-08-30,US,Kentucky,Shelby,900,23,0,38.21476019,-85.194223,21211.0,1835.8355091383808,2.555555555555556,877,896,23,0,873,890,48518,4,0,0,4,6
2020-08-30,US,Kentucky,Simpson,207,7,0,36.74058474,-86.58047435,21213.0,1114.5810898126213,3.3816425120772946,200,205,7,0,198,204,18529,2,0,0,2,1
2020-08-30,US,Kentucky,Spencer,169,0,0,38.03223971,-85.32749335,21215.0,873.3398790760167,0.0,169,166,0,0,166,163,18794,3,0,0,3,3
2020-08-30,US,Kentucky,Taylor,203,5,0,37.3677562,-85.3329931,21217.0,787.7682486708836,2.4630541871921183,198,201,5,0,196,197,25549,2,0,0,2,4
2020-08-30,US,Kentucky,Todd,139,0,0,36.8381152,-87.17878374,21219.0,1130.6328290222873,0.0,139,138,0,0,138,109,12311,1,0,0,1,29
2020-08-30,US,Kentucky,Trigg,85,0,0,36.80767017,-87.87333656,21221.0,580.1651764384684,0.0,85,81,0,0,81,78,14643,4,0,0,4,3
2020-08-30,US,Kentucky,Trimble,46,0,0,38.61056487,-85.33775972,21223.0,543.0291583048046,0.0,46,43,0,0,43,43,8515,3,0,0,3,0
2020-08-30,US,Kentucky,Union,95,1,0,37.66166713,-87.94300009,21225.0,660.593839093248,1.0526315789473684,94,94,1,0,93,90,14505,1,0,0,1,4
2020-08-30,US,Kentucky,Warren,3284,26,0,36.99903045,-86.42672751,21227.0,2471.105225138454,0.7917174177831913,3258,3275,26,0,3249,3211,131264,9,0,0,9,64
2020-08-30,US,Kentucky,Washington,122,1,0,37.75599461,-85.17407732,21229.0,1008.6812732534104,0.819672131147541,121,121,1,0,120,119,12084,1,0,0,1,2
2020-08-30,US,Kentucky,Wayne,95,0,0,36.80310688,-84.8251971,21231.0,467.220774111051,0.0,95,94,0,0,94,94,20468,1,0,0,1,0
2020-08-30,US,Kentucky,Webster,98,2,0,37.52168356,-87.67989953,21233.0,757.2245402565293,2.0408163265306123,96,98,2,0,96,97,13111,0,0,0,0,1
2020-08-30,US,Kentucky,Whitley,195,2,0,36.75700531,-84.14541217,21235.0,537.7233620119126,1.0256410256410255,193,195,2,0,193,193,36242,0,0,0,0,2
2020-08-30,US,Kentucky,Wolfe,27,0,0,37.73941626,-83.49303612,21237.0,377.253038982814,0.0,27,26,0,0,26,26,7177,1,0,0,1,0
2020-08-30,US,Kentucky,Woodford,207,0,0,38.04178222,-84.7417556,21239.0,774.294905363956,0.0,207,203,0,0,203,202,26533,4,0,0,4,1
2020-08-30,US,Louisiana,Acadia,2808,93,0,30.295064899999996,-92.41419698,22001.0,4525.747441373197,3.311965811965812,2715,2799,93,0,2706,2799,62190,9,0,0,9,0
2020-08-30,US,Louisiana,Allen,1443,37,0,30.65385745,-92.82442028,22003.0,5630.780036680064,2.5641025641025643,1406,1437,37,0,1400,1437,25605,6,0,0,6,0
2020-08-30,US,Louisiana,Ascension,3324,92,0,30.20406249,-90.91328409999998,22005.0,2625.5094625762217,2.7677496991576414,3232,3291,92,0,3199,3291,124672,33,0,0,33,0
2020-08-30,US,Louisiana,Assumption,664,22,0,29.89946234,-91.06461642,22007.0,3033.2099949751037,3.3132530120481927,642,653,22,0,631,653,22300,11,0,0,11,0
2020-08-30,US,Louisiana,Avoyelles,1279,44,0,31.07796211,-92.00079449,22009.0,3186.030290952571,3.4401876465989054,1235,1268,43,0,1225,1268,40462,11,1,0,10,0
2020-08-30,US,Louisiana,Beauregard,940,31,0,30.64836518,-93.34173616,22011.0,2506.86721604395,3.2978723404255317,909,932,31,0,901,932,37253,8,0,0,8,0
2020-08-30,US,Louisiana,Bienville,417,31,0,32.34569994,-93.05398492,22013.0,3149.3089645797145,7.434052757793765,386,412,31,0,381,412,13308,5,0,0,5,0
2020-08-30,US,Louisiana,Bossier,2693,92,0,32.67932307,-93.60460152,22015.0,2119.8214721463487,3.4162643891570736,2601,2674,92,0,2582,2674,127185,19,0,0,19,0
2020-08-30,US,Louisiana,Caddo,7407,318,0,32.57991587,-93.88375652,22017.0,3083.6289154218907,4.293236127987038,7089,7320,314,0,7006,7320,242922,87,4,0,83,0
2020-08-30,US,Louisiana,Calcasieu,7439,182,0,30.22931235,-93.35400434,22019.0,3656.678267366641,2.446565398575077,7257,7298,182,0,7116,7298,203112,141,0,0,141,0
2020-08-30,US,Louisiana,Caldwell,278,3,0,32.0902519,-92.11752148,22021.0,2802.984472675943,1.0791366906474822,275,276,3,0,273,276,9960,2,0,0,2,0
2020-08-30,US,Louisiana,Cameron,203,1,0,29.87592238,-93.19310676,22023.0,2911.2290262440843,0.4926108374384237,202,206,1,0,205,206,6968,-3,0,0,-3,0
2020-08-30,US,Louisiana,Catahoula,369,6,0,31.66778967,-91.84526385,22025.0,3886.665262270908,1.6260162601626016,363,366,6,0,360,366,9608,3,0,0,3,0
2020-08-30,US,Louisiana,Claiborne,373,13,0,32.82308512,-92.99526883,22027.0,2380.344607530313,3.4852546916890086,360,355,13,0,342,355,15944,18,0,0,18,0
2020-08-30,US,Louisiana,Concordia,433,10,0,31.44817835,-91.63814433,22029.0,2248.299496339374,2.3094688221709005,423,427,10,0,417,427,19572,6,0,0,6,0
2020-08-30,US,Louisiana,De Soto,816,33,0,32.05457447,-93.74130302,22031.0,2971.2704365874083,4.044117647058823,783,810,32,0,778,810,27436,6,1,0,5,0
2020-08-30,US,Louisiana,East Baton Rouge,13727,411,0,30.53842039,-91.09777565,22033.0,3119.354450198724,2.9940992205143147,13316,13573,407,0,13166,13573,440956,154,4,0,150,0
2020-08-30,US,Louisiana,East Carroll,532,3,0,32.73926954,-91.23425694,22035.0,7753.9717242384495,0.5639097744360902,529,531,2,0,529,531,7037,1,1,0,0,0
2020-08-30,US,Louisiana,East Feliciana,1079,43,0,30.84425359,-91.04976723,22037.0,5638.88163051999,3.985171455050973,1036,1054,43,0,1011,1054,19305,25,0,0,25,0
2020-08-30,US,Louisiana,Evangeline,1115,24,0,30.72985248,-92.39915924,22039.0,3338.823177122324,2.1524663677130045,1091,1033,24,0,1009,1033,33443,82,0,0,82,0
2020-08-30,US,Louisiana,Franklin,1081,29,0,32.13675181,-91.67589857,22041.0,5400.949288033975,2.6827012025901937,1052,1077,29,0,1048,1077,20156,4,0,0,4,0
2020-08-30,US,Louisiana,Grant,430,27,0,31.59882456,-92.56124347,22043.0,1920.5860020545804,6.27906976744186,403,406,27,0,379,406,22482,24,0,0,24,0
2020-08-30,US,Louisiana,Iberia,2711,87,0,29.86803617,-91.75871777,22045.0,3882.285550622941,3.2091479158981926,2624,2701,86,0,2615,2701,70941,10,1,0,9,0
2020-08-30,US,Louisiana,Iberville,1331,54,0,30.25734305,-91.3499598,22047.0,4093.998954200117,4.05709992486852,1277,1321,53,0,1268,1321,32721,10,1,0,9,0
2020-08-30,US,Louisiana,Jackson,470,21,0,32.30251776,-92.55692092,22049.0,2985.264227642277,4.468085106382978,449,451,21,0,430,451,15902,19,0,0,19,0
2020-08-30,US,Louisiana,Jefferson,16438,545,0,29.74075478,-90.11115756,22051.0,3800.755156730861,3.315488502250882,15893,16315,543,0,15772,16315,434051,123,2,0,121,0
2020-08-30,US,Louisiana,Jefferson Davis,1160,35,0,30.26896765,-92.81210004,22053.0,3698.036215251212,3.0172413793103448,1125,1157,35,0,1122,1157,31582,3,0,0,3,0
2020-08-30,US,Louisiana,LaSalle,382,5,0,31.67884782,-92.15907765,22059.0,2565.135643298416,1.3089005235602094,377,382,5,0,377,382,14917,0,0,0,0,0
2020-08-30,US,Louisiana,Lafayette,8251,110,0,30.2049055,-92.06959876,22055.0,3376.161054052948,1.3331717367591809,8141,8216,110,0,8106,8216,242782,35,0,0,35,0
2020-08-30,US,Louisiana,Lafourche,3263,108,0,29.52470226,-90.40976986,22057.0,3342.7582109123687,3.3098375727857796,3155,3245,108,0,3137,3245,98115,18,0,0,18,0
2020-08-30,US,Louisiana,Lincoln,905,40,0,32.6003154,-92.66597409999999,22061.0,1936.1601985366478,4.419889502762431,865,896,39,0,857,896,47196,9,1,0,8,0
2020-08-30,US,Louisiana,Livingston,3368,65,0,30.44143993,-90.73061664,22063.0,2392.2323476976185,1.929928741092637,3303,3356,64,0,3292,3356,139567,12,1,0,11,0
2020-08-30,US,Louisiana,Madison,790,7,0,32.36918118,-91.23973355,22065.0,7213.9530636471545,0.8860759493670886,783,783,7,0,776,783,11161,7,0,0,7,0
2020-08-30,US,Louisiana,Morehouse,595,17,0,32.81686191,-91.80421614,22067.0,2392.0559620487256,2.8571428571428568,578,587,17,0,570,587,25398,8,0,0,8,0
2020-08-30,US,Louisiana,Natchitoches,920,22,0,31.72321584,-93.09816516,22069.0,2411.027831647361,2.391304347826087,898,912,22,0,890,912,38659,8,0,0,8,0
2020-08-30,US,Louisiana,Orleans,11494,577,0,30.06971951,-89.92660315,22071.0,2946.0916994750646,5.020010440229685,10917,11326,576,0,10750,11326,391006,168,1,0,167,0
2020-08-30,US,Louisiana,Ouachita,5468,128,0,32.47645559,-92.15704172,22073.0,3567.351039607513,2.3408924652523773,5340,5441,128,0,5313,5441,154475,27,0,0,27,0
2020-08-30,US,Louisiana,Plaquemines,521,19,0,29.42245447,-89.60322085,22075.0,2245.980083631504,3.646833013435701,502,491,19,0,472,491,23410,30,0,0,30,0
2020-08-30,US,Louisiana,Pointe Coupee,941,37,0,30.71409502,-91.60209535,22077.0,4330.4187758858725,3.931987247608927,904,930,37,0,893,930,21940,11,0,0,11,0
2020-08-30,US,Louisiana,Rapides,3827,135,0,31.19778499,-92.52997303,22079.0,2951.8388251264964,3.5275672850796966,3692,3742,135,0,3607,3742,130562,85,0,0,85,0
2020-08-30,US,Louisiana,Red River,318,20,0,32.09530039,-93.34213308,22081.0,3766.879886282871,6.289308176100628,298,313,20,0,293,313,8477,5,0,0,5,0
2020-08-30,US,Louisiana,Richland,686,9,0,32.41391005,-91.76634876,22083.0,3409.2038564754994,1.3119533527696794,677,682,9,0,673,682,20192,4,0,0,4,0
2020-08-30,US,Louisiana,Sabine,742,13,0,31.56388699,-93.55433981,22085.0,3106.682297772568,1.7520215633423182,729,735,13,0,722,735,24032,7,0,0,7,0
2020-08-30,US,Louisiana,St. Bernard,1233,27,0,29.87761636,-89.51887093,22087.0,2609.8552197104395,2.18978102189781,1206,1221,26,0,1195,1221,46721,12,1,0,11,0
2020-08-30,US,Louisiana,St. Charles,1643,55,0,29.90709658,-90.35555967,22089.0,3094.1619585687376,3.3475349969567865,1588,1628,55,0,1573,1628,52879,15,0,0,15,0
2020-08-30,US,Louisiana,St. Helena,367,2,0,30.82210324,-90.71013176,22091.0,3622.187129885511,0.5449591280653951,365,367,2,0,365,367,10262,0,0,0,0,0
2020-08-30,US,Louisiana,St. James,759,36,0,30.02531716,-90.80212061,22093.0,3597.838452787258,4.743083003952568,723,757,35,0,722,757,21037,2,1,0,1,0
2020-08-30,US,Louisiana,St. John the Baptist,1513,95,0,30.12597499,-90.4753503,22095.0,3531.9933702173353,6.278916060806345,1418,1505,95,0,1410,1505,43184,8,0,0,8,0
2020-08-30,US,Louisiana,St. Landry,3096,112,0,30.59724262,-92.00135806,22097.0,3769.908918221226,3.617571059431525,2984,3032,110,0,2922,3032,82764,64,2,0,62,0
2020-08-30,US,Louisiana,St. Martin,1964,56,0,30.13112107,-91.61403569,22099.0,3675.768748479347,2.8513238289205702,1908,1930,56,0,1874,1930,53621,34,0,0,34,0
2020-08-30,US,Louisiana,St. Mary,1757,69,0,29.69262097,-91.44702164,22101.0,3560.427980870552,3.927148548662493,1688,1754,68,0,1686,1754,49774,3,1,0,2,0
2020-08-30,US,Louisiana,St. Tammany,6037,236,0,30.40942847,-89.95642711,22103.0,2318.187229042428,3.9092264369720064,5801,5940,236,0,5704,5940,258111,97,0,0,97,0
2020-08-30,US,Louisiana,Tangipahoa,4030,97,0,30.62888673,-90.40664996,22105.0,2990.5460158209526,2.4069478908188584,3933,3985,94,0,3891,3985,133777,45,3,0,42,0
2020-08-30,US,Louisiana,Tensas,147,1,0,32.00760749,-91.32915234,22107.0,3391.7858790955243,0.6802721088435374,146,137,1,0,136,137,4462,10,0,0,10,0
2020-08-30,US,Louisiana,Terrebonne,3333,98,0,29.37343766,-90.82626855,22109.0,3017.3545414218597,2.9402940294029403,3235,3294,97,0,3197,3294,111021,39,1,0,38,0
2020-08-30,US,Louisiana,Unassigned,188,163,0,0.0,0.0,90022.0,0.0,86.70212765957447,25,187,163,0,24,187,,1,0,0,1,0
2020-08-30,US,Louisiana,Union,823,39,0,32.83121059,-92.3749373,22111.0,3722.634340510223,4.738760631834751,784,818,39,0,779,818,22330,5,0,0,5,0
2020-08-30,US,Louisiana,Vermilion,1861,44,0,29.83517605,-92.30292538,22113.0,3127.1529633177065,2.3643202579258458,1817,1864,44,0,1820,1864,59830,-3,0,0,-3,0
2020-08-30,US,Louisiana,Vernon,956,39,0,31.10884837,-93.18153838,22115.0,2015.6444369478588,4.079497907949791,917,951,39,0,912,951,48860,5,0,0,5,0
2020-08-30,US,Louisiana,Washington,1460,60,0,30.85288548,-90.03866652,22117.0,3160.58362557908,4.109589041095891,1400,1446,60,0,1386,1446,46582,14,0,0,14,0
2020-08-30,US,Louisiana,Webster,1030,19,0,32.70847669,-93.33121835,22119.0,2686.4893062076158,1.8446601941747571,1011,1020,19,0,1001,1020,38798,10,0,0,10,0
2020-08-30,US,Louisiana,West Baton Rouge,832,39,0,30.46058217,-91.30989571,22121.0,3143.774796901568,4.6875,793,826,39,0,787,826,26427,6,0,0,6,0
2020-08-30,US,Louisiana,West Carroll,312,9,0,32.78550125,-91.461201,22123.0,2880.8864265927973,2.8846153846153846,303,312,9,0,303,312,10982,0,0,0,0,0
2020-08-30,US,Louisiana,West Feliciana,549,20,0,30.87882871,-91.41485379999999,22125.0,3526.464542651593,3.6429872495446265,529,547,20,0,527,547,15460,2,0,0,2,0
2020-08-30,US,Louisiana,Winn,546,16,0,31.94449367,-92.63789413,22127.0,3926.927502876869,2.93040293040293,530,542,16,0,526,542,14134,4,0,0,4,0
2020-08-30,US,Maine,Androscoggin,612,10,0,44.1664747,-70.20380627,23001.0,565.216989757751,1.6339869281045751,602,610,10,0,600,602,107679,2,0,0,2,8
2020-08-30,US,Maine,Aroostook,38,1,0,46.65926321,-68.59841248,23003.0,56.66989784505257,2.631578947368421,37,38,1,0,37,38,67111,0,0,0,0,0
2020-08-30,US,Maine,Cumberland,2187,70,0,43.8370751,-70.37226999,23005.0,741.3483930671891,3.200731595793324,2117,2183,70,0,2113,2177,293557,4,0,0,4,6
2020-08-30,US,Maine,Franklin,53,1,0,44.97330019,-70.44381045,23007.0,175.5025000827842,1.8867924528301887,52,50,1,0,49,50,29897,3,0,0,3,0
2020-08-30,US,Maine,Hancock,45,1,0,44.59816444,-68.38401854,23009.0,81.83752523323695,2.2222222222222223,44,45,1,0,44,45,54811,0,0,0,0,0
2020-08-30,US,Maine,Kennebec,188,11,0,44.40759555,-69.76738544,23011.0,153.7178459878007,5.851063829787233,177,187,11,0,176,185,122083,1,0,0,1,2
2020-08-30,US,Maine,Knox,29,1,0,44.11486325,-69.10529169,23013.0,72.91561902846225,3.4482758620689653,28,29,1,0,28,29,39771,0,0,0,0,0
2020-08-30,US,Maine,Lincoln,36,1,0,44.05996956,-69.54227124,23015.0,103.94410117225848,2.7777777777777777,35,35,1,0,34,35,34342,1,0,0,1,0
2020-08-30,US,Maine,Oxford,61,0,0,44.49952995,-70.75682123,23017.0,105.21776627856836,0.0,61,60,0,0,60,59,57618,1,0,0,1,1
2020-08-30,US,Maine,Penobscot,229,6,0,45.40194593,-68.65020455,23019.0,150.51134421747247,2.6200873362445414,223,228,6,0,222,225,151096,1,0,0,1,3
2020-08-30,US,Maine,Piscataquis,8,0,0,45.83839062,-69.2860223,23021.0,47.66160262138814,0.0,8,8,0,0,8,8,16800,0,0,0,0,0
2020-08-30,US,Maine,Sagadahoc,60,0,0,43.95415864,-69.85074999,23023.0,167.33601070950468,0.0,60,60,0,0,60,60,35634,0,0,0,0,0
2020-08-30,US,Maine,Somerset,51,1,0,45.51229767,-69.95995554,23025.0,101.02210601378654,1.96078431372549,50,50,1,0,49,50,50592,1,0,0,1,0
2020-08-30,US,Maine,Unassigned,3,0,0,0.0,0.0,90023.0,0.0,0.0,3,3,0,0,3,3,,0,0,0,0,0
2020-08-30,US,Maine,Waldo,69,14,0,44.4858305,-69.12061935,23027.0,173.73788241218682,20.28985507246377,55,69,14,0,55,69,39694,0,0,0,0,0
2020-08-30,US,Maine,Washington,15,0,0,45.01607142,-67.62813524,23029.0,47.802670575862855,0.0,15,15,0,0,15,15,31490,0,0,0,0,0
2020-08-30,US,Maine,York,830,15,0,43.47808377,-70.71052375,23031.0,399.7283773435882,1.8072289156626504,815,822,15,0,807,786,206229,8,0,0,8,36
2020-08-30,US,Maryland,Allegany,391,20,0,39.62357628,-78.69280486,24001.0,555.2715291979097,5.115089514066496,371,391,20,0,371,392,70975,0,0,0,0,-1
2020-08-30,US,Maryland,Anne Arundel,8300,236,0,39.00670238,-76.60329337,24003.0,1432.9269345376824,2.8433734939759034,8064,8264,236,0,8028,8190,576031,36,0,0,36,74
2020-08-30,US,Maryland,Baltimore,15382,601,0,39.45784712,-76.62911955,24005.0,1859.1440347124021,3.9071642179170465,14781,15274,600,0,14674,15149,828431,108,1,0,107,125
2020-08-30,US,Maryland,Baltimore City,14424,463,0,39.30211911,-76.61151012,24510.0,2430.369509174544,3.2099278979478645,13961,14383,460,0,13923,14312,621342,41,3,0,38,71
2020-08-30,US,Maryland,Calvert,786,28,0,38.53961642,-76.56820632,24009.0,849.500135098622,3.5623409669211195,758,783,28,0,755,779,92003,3,0,0,3,4
2020-08-30,US,Maryland,Caroline,504,3,0,38.87172293,-75.82904158,24011.0,1508.711009998204,0.5952380952380952,501,496,3,0,493,489,33304,8,0,0,8,7
2020-08-30,US,Maryland,Carroll,1686,123,0,39.56453592,-77.02373735,24013.0,1000.9082975654063,7.295373665480428,1563,1679,123,0,1556,1669,168429,7,0,0,7,10
2020-08-30,US,Maryland,Cecil,782,31,0,39.56647682,-75.94627411,24015.0,760.2936172281368,3.964194373401535,751,776,31,0,745,769,102826,6,0,0,6,7
2020-08-30,US,Maryland,Charles,2382,94,0,38.51092331,-76.98580666,24017.0,1459.0492291295318,3.9462636439966414,2288,2366,93,0,2273,2346,161503,16,1,0,15,20
2020-08-30,US,Maryland,Dorchester,458,6,0,38.45413522,-76.02752426,24019.0,1434.4326474364996,1.310043668122271,452,451,6,0,445,443,31998,7,0,0,7,8
2020-08-30,US,Maryland,Frederick,3477,125,0,39.47296601,-77.39999394,24021.0,1339.6417604518642,3.5950532067874605,3352,3459,125,0,3334,3430,255648,18,0,0,18,29
2020-08-30,US,Maryland,Garrett,63,0,0,39.52786077,-79.27355126,24023.0,217.1365547666644,0.0,63,63,0,0,63,63,29163,0,0,0,0,0
2020-08-30,US,Maryland,Harford,2459,69,0,39.55010644,-76.30775940000002,24025.0,962.6489091414456,2.8060187067913787,2390,2437,69,0,2368,2408,253956,22,0,0,22,29
2020-08-30,US,Maryland,Howard,4367,117,0,39.25305293,-76.93126208,24027.0,1340.8455893641192,2.679184795053813,4250,4354,117,0,4237,4325,323196,13,0,0,13,29
2020-08-30,US,Maryland,Kent,263,24,0,39.24976208,-76.04741541,24029.0,1354.134486664607,9.125475285171104,239,261,23,0,238,260,19383,2,1,0,1,1
2020-08-30,US,Maryland,Montgomery,19946,820,0,39.13676329,-77.20358245,24031.0,1898.3751598952304,4.111099969918781,19126,19866,819,0,19047,19806,1052567,80,1,0,79,60
2020-08-30,US,Maryland,Prince George's,26151,791,0,38.83070039,-76.8496441,24033.0,2875.8631383429724,3.02474092768919,25360,26064,789,0,25275,25963,909308,87,2,0,85,101
2020-08-30,US,Maryland,Queen Anne's,543,26,0,39.06198912,-76.03530977,24035.0,1077.7872610706418,4.788213627992634,517,540,27,0,513,533,50251,3,-1,0,4,7
2020-08-30,US,Maryland,Somerset,192,4,0,38.1163542,-75.75118623,24039.0,749.5315427857588,2.083333333333333,188,192,3,0,189,191,25675,0,1,0,-1,1
2020-08-30,US,Maryland,St. Mary's,1108,55,0,38.30058422,-76.60629279999998,24037.0,976.1254515020703,4.9638989169675085,1053,1103,55,0,1048,1096,112664,5,0,0,5,7
2020-08-30,US,Maryland,Talbot,472,4,0,38.76618159,-76.10882561,24041.0,1269.4655872623116,0.8474576271186439,468,469,4,0,465,463,36968,3,0,0,3,6
2020-08-30,US,Maryland,Unassigned,0,8,0,0.0,0.0,90024.0,0.0,0.0,-8,0,12,0,-12,0,,0,-4,0,4,0
2020-08-30,US,Maryland,Washington,1308,33,0,39.60835778,-77.82002295,24043.0,865.9441638143911,2.5229357798165144,1275,1288,32,0,1256,1273,150926,20,1,0,19,15
2020-08-30,US,Maryland,Wicomico,1547,47,0,38.37301947,-75.62705831,24045.0,1493.113532608171,3.0381383322559787,1500,1538,47,0,1491,1522,103195,9,0,0,9,16
2020-08-30,US,Maryland,Worcester,800,24,0,38.21274277,-75.33200012,24047.0,1530.3389700818732,3.0,776,797,24,0,773,793,51823,3,0,0,3,4
2020-08-30,US,Massachusetts,Barnstable,1619,165,0,41.72980578,-70.28854339,25001.0,760.1295835485234,10.19147621988882,1454,1610,165,0,1445,1605,213413,9,0,0,9,5
2020-08-30,US,Massachusetts,Berkshire,661,46,0,42.37428441,-73.20524838,25003.0,529.0370085798438,6.959152798789713,615,660,46,0,614,655,126348,1,0,0,1,5
2020-08-30,US,Massachusetts,Bristol,9108,659,0,41.79228404,-71.10872211,25005.0,1611.4165002114232,7.235397452788757,8449,9095,657,0,8438,9050,564022,13,2,0,11,45
2020-08-30,US,Massachusetts,Dukes and Nantucket,97,1,0,41.40674725,-70.68763497,0.0,337.61442344505934,1.0309278350515465,96,97,1,0,96,95,26707,0,0,0,0,2
2020-08-30,US,Massachusetts,Essex,17979,1236,0,42.6687626,-70.94687179,25009.0,2278.609033324293,6.874687134990822,16743,17952,1234,0,16718,17900,790638,27,2,0,25,52
2020-08-30,US,Massachusetts,Franklin,389,65,0,42.58119713,-72.58602547,25011.0,554.2889712168709,16.709511568123393,324,389,64,0,325,387,70963,0,1,0,-1,2
2020-08-30,US,Massachusetts,Hampden,7638,746,0,42.13440424,-72.63235561,25013.0,1637.7484068511828,9.766954700183298,6892,7634,746,0,6888,7617,470406,4,0,0,4,17
2020-08-30,US,Massachusetts,Hampshire,1165,138,0,42.33997957,-72.65898478,25015.0,724.3673444009203,11.84549356223176,1027,1162,138,0,1024,1153,161355,3,0,0,3,9
2020-08-30,US,Massachusetts,Middlesex,25237,2068,0,42.48607732,-71.39049229,25017.0,1565.8631047112397,8.1943178666244,23169,25204,2064,0,23140,25105,1614714,33,4,0,29,99
2020-08-30,US,Massachusetts,Norfolk,9503,1017,0,42.16073095,-71.20530408,25021.0,1344.5580276608541,10.701883615700304,8486,9495,1016,0,8479,9467,705388,8,1,0,7,28
2020-08-30,US,Massachusetts,Plymouth,9084,741,0,41.94070556,-70.80802823,25023.0,1742.8943096918274,8.157199471598414,8343,9069,740,0,8329,9037,518132,15,1,0,14,32
2020-08-30,US,Massachusetts,Suffolk,22285,1107,0,42.327951399999996,-71.07850442,25025.0,2772.086820988,4.967466905990578,21178,22232,1107,0,21125,22143,807252,53,0,0,53,89
2020-08-30,US,Massachusetts,Unassigned,10069,5,0,0.0,0.0,90025.0,0.0,0.04965736418710895,10064,10047,5,0,10042,10022,,22,0,0,22,25
2020-08-30,US,Massachusetts,Worcester,13395,1055,0,42.35026951,-71.90493363,25027.0,1612.6469079798028,7.876073161627473,12340,13384,1053,0,12331,13348,830839,11,2,0,9,36
2020-08-30,US,Michigan,Alcona,33,2,0,44.6846864,-83.59507875,26001.0,317.1552138395002,6.0606060606060606,31,31,2,0,29,31,10362,2,0,0,2,0
2020-08-30,US,Michigan,Alger,17,0,0,46.41292944,-86.60260122,26003.0,186.649099692578,0.0,17,17,0,0,17,17,9097,0,0,0,0,0
2020-08-30,US,Michigan,Allegan,637,6,0,42.59147037,-85.89102866,26005.0,539.4602010484329,0.9419152276295132,631,620,6,0,614,620,117327,17,0,0,17,0
2020-08-30,US,Michigan,Alpena,132,14,0,45.03477666,-83.62212411,26007.0,464.70691779616266,10.606060606060606,118,132,14,0,118,132,28360,0,0,0,0,0
2020-08-30,US,Michigan,Antrim,58,0,0,44.99690221,-85.15503082,26009.0,248.67089693020063,0.0,58,54,0,0,54,54,23365,4,0,0,4,0
2020-08-30,US,Michigan,Arenac,55,3,0,44.0636262,-83.89277559,26011.0,369.54915003695487,5.454545454545454,52,53,3,0,50,53,15041,2,0,0,2,0
2020-08-30,US,Michigan,Baraga,8,0,0,46.6720582,-88.36363591,26013.0,97.45401388719698,0.0,8,8,0,0,8,8,8320,0,0,0,0,0
2020-08-30,US,Michigan,Barry,215,2,0,42.59513984,-85.30834519,26015.0,349.3095044679123,0.9302325581395348,213,212,2,0,210,212,61157,3,0,0,3,0
2020-08-30,US,Michigan,Bay,814,41,0,43.70639106,-83.98731479,26017.0,789.3256792661405,5.036855036855036,773,803,41,0,762,803,103923,11,0,0,11,0
2020-08-30,US,Michigan,Benzie,46,2,0,44.63899297,-86.01608482,26019.0,258.9215355172802,4.3478260869565215,44,46,2,0,44,46,17753,0,0,0,0,0
2020-08-30,US,Michigan,Berrien,1604,70,0,41.95447397,-86.41313079999998,26021.0,1045.6255174346973,4.364089775561097,1534,1593,70,0,1523,1593,154141,11,0,0,11,0
2020-08-30,US,Michigan,Branch,472,3,0,41.91600556,-85.05929476,26023.0,1084.6335914700003,0.6355932203389829,469,462,3,0,459,462,43622,10,0,0,10,0
2020-08-30,US,Michigan,Calhoun,983,44,0,42.24633834,-85.00493569,26025.0,732.7126767492304,4.476093591047813,939,958,44,0,914,958,134487,25,0,0,25,0
2020-08-30,US,Michigan,Cass,411,17,0,41.91522292,-85.99405727,26027.0,793.6354683607857,4.13625304136253,394,402,16,0,386,402,51653,9,1,0,8,0
2020-08-30,US,Michigan,Charlevoix,73,2,0,45.37790017,-85.19614053,26029.0,279.233446811766,2.7397260273972597,71,70,2,0,68,70,26244,3,0,0,3,0
2020-08-30,US,Michigan,Cheboygan,79,2,0,45.44787015,-84.50122149,26031.0,312.549454027536,2.5316455696202533,77,72,2,0,70,72,25413,7,0,0,7,0
2020-08-30,US,Michigan,Chippewa,57,0,0,46.29552653,-84.54353449,26033.0,152.61452783207048,0.0,57,56,0,0,56,56,37517,1,0,0,1,0
2020-08-30,US,Michigan,Clare,100,4,0,43.98794227,-84.84819859999998,26035.0,323.10177705977384,4.0,96,99,3,0,96,99,30757,1,1,0,0,0
2020-08-30,US,Michigan,Clinton,488,13,0,42.94400871,-84.60145248,26037.0,613.1038381807903,2.6639344262295084,475,476,13,0,463,476,79332,12,0,0,12,0
2020-08-30,US,Michigan,Crawford,113,5,0,44.68255561,-84.61006219,26039.0,805.4743745099437,4.424778761061948,108,113,5,0,108,113,13901,0,0,0,0,0
2020-08-30,US,Michigan,Delta,151,3,0,45.90484910000001,-86.9080745,26041.0,421.9763022579924,1.9867549668874167,148,142,3,0,139,142,35857,9,0,0,9,0
2020-08-30,US,Michigan,Dickinson,65,2,0,46.00999672,-87.86961634,26043.0,257.53793731922815,3.0769230769230766,63,64,2,0,62,64,25383,1,0,0,1,0
2020-08-30,US,Michigan,Eaton,510,8,0,42.59599185,-84.83740035,26045.0,462.50952225487,1.568627450980392,502,509,8,0,501,509,109826,1,0,0,1,0
2020-08-30,US,Michigan,Emmet,122,2,0,45.52625509,-84.89083249,26047.0,365.105491545713,1.639344262295082,120,112,2,0,110,112,33308,10,0,0,10,0
2020-08-30,US,Michigan,Federal Correctional Institution (FCI),196,5,0,0.0,0.0,0.0,0.0,2.5510204081632653,191,195,5,0,190,195,,1,0,0,1,0
2020-08-30,US,Michigan,Genesee,3960,305,0,43.02244215,-83.70589709,26049.0,975.8189116662107,7.7020202020202015,3655,3942,303,0,3639,3942,406892,18,2,0,16,0
2020-08-30,US,Michigan,Gladwin,75,2,0,43.98901072,-84.38774817,26051.0,294.7070611811858,2.6666666666666665,73,75,2,0,73,75,25337,0,0,0,0,0
2020-08-30,US,Michigan,Gogebic,144,1,0,46.40862701,-89.69377193,26053.0,1030.4114490161003,0.6944444444444444,143,142,1,0,141,142,15096,2,0,0,2,0
2020-08-30,US,Michigan,Grand Traverse,347,6,0,44.69565625,-85.55585247,26055.0,372.7655551735992,1.7291066282420748,341,336,6,0,330,336,92573,11,0,0,11,0
2020-08-30,US,Michigan,Gratiot,185,15,0,43.29265605,-84.60505416,26057.0,454.4226376163691,8.108108108108109,170,183,15,0,168,183,40599,2,0,0,2,0
2020-08-30,US,Michigan,Hillsdale,302,26,0,41.88753639,-84.59312019,26059.0,662.2080912180681,8.609271523178807,276,300,26,0,274,300,45749,2,0,0,2,0
2020-08-30,US,Michigan,Houghton,72,1,0,46.89988536,-88.68495385,26061.0,201.77110189440648,1.3888888888888888,71,64,0,0,64,64,36219,8,1,0,7,0
2020-08-30,US,Michigan,Huron,200,4,0,43.83353985,-83.04078453,26063.0,645.5569542622898,2.0,196,197,4,0,193,197,31166,3,0,0,3,0
2020-08-30,US,Michigan,Ingham,1772,39,0,42.59716886,-84.37472069,26065.0,606.0067166884401,2.2009029345372464,1733,1749,38,0,1711,1749,292735,23,1,0,22,0
2020-08-30,US,Michigan,Ionia,297,7,0,42.94502238,-85.07413319,26067.0,459.06301683231067,2.356902356902357,290,292,7,0,285,292,64210,5,0,0,5,0
2020-08-30,US,Michigan,Iosco,143,12,0,44.35486835,-83.63484895,26069.0,569.1089266526047,8.391608391608392,131,141,12,0,129,141,25081,2,0,0,2,0
2020-08-30,US,Michigan,Iron,33,1,0,46.20974132,-88.53136251,26071.0,298.2107355864811,3.0303030303030303,32,27,1,0,26,27,11117,6,0,0,6,0
2020-08-30,US,Michigan,Isabella,472,9,0,43.64060976,-84.84664923,26073.0,675.5209525990382,1.9067796610169487,463,439,9,0,430,439,70562,33,0,0,33,0
2020-08-30,US,Michigan,Jackson,820,40,0,42.24807035,-84.42258681,26075.0,517.3175193994069,4.878048780487805,780,809,40,0,769,809,158823,11,0,0,11,0
2020-08-30,US,Michigan,Kalamazoo,1935,88,0,42.24542231,-85.53038622,26077.0,730.0068662144522,4.547803617571059,1847,1912,87,0,1825,1912,264870,23,1,0,22,0
2020-08-30,US,Michigan,Kalkaska,65,4,0,44.68512729,-85.09085699,26079.0,360.3503714380752,6.153846153846153,61,63,4,0,59,63,17824,2,0,0,2,0
2020-08-30,US,Michigan,Kent,8443,167,0,43.03197711,-85.54934642,26081.0,1285.1717393124338,1.977969915906668,8276,8347,162,0,8185,8347,653786,96,5,0,91,0
2020-08-30,US,Michigan,Keweenaw,2,0,0,47.63197653,-88.41434263,26083.0,94.5179584120983,0.0,2,2,0,0,2,2,2113,0,0,0,0,0
2020-08-30,US,Michigan,Lake,29,0,0,43.99050893,-85.802173,26085.0,244.6637981945499,0.0,29,29,0,0,29,29,11881,0,0,0,0,0
2020-08-30,US,Michigan,Lapeer,533,35,0,43.09052506,-83.22153148,26087.0,608.3988722362367,6.566604127579737,498,525,35,0,490,525,88028,8,0,0,8,0
2020-08-30,US,Michigan,Leelanau,90,1,0,44.94430054,-85.80150326,26089.0,413.5839345618308,1.1111111111111112,89,86,1,0,85,86,21764,4,0,0,4,0
2020-08-30,US,Michigan,Lenawee,561,13,0,41.89475156,-84.06603727,26091.0,569.8266142548069,2.3172905525846703,548,543,13,0,530,543,98266,18,0,0,18,0
2020-08-30,US,Michigan,Livingston,1096,29,0,42.60302282,-83.91297209,26093.0,570.8481991718535,2.645985401459854,1067,1070,29,0,1041,1070,191224,26,0,0,26,0
2020-08-30,US,Michigan,Luce,5,0,0,46.47227431,-85.54471223,26095.0,80.26970621287526,0.0,5,20,0,0,20,20,6283,-15,0,0,-15,0
2020-08-30,US,Michigan,Mackinac,36,0,0,46.07028979,-85.04980537,26097.0,333.36420038892487,0.0,36,34,0,0,34,34,10787,2,0,0,2,0
2020-08-30,US,Michigan,Macomb,12755,968,0,42.69158356,-82.92752801,26099.0,1459.4289061892146,7.589180713445708,11787,12562,965,0,11597,12562,874759,193,3,0,190,0
2020-08-30,US,Michigan,Manistee,54,1,0,44.33352407,-86.05626916,26101.0,219.88761299780109,1.851851851851852,53,53,1,0,52,53,24528,1,0,0,1,0
2020-08-30,US,Michigan,Marquette,243,11,0,46.4338914,-87.64043701,26103.0,364.323303197949,4.526748971193416,232,238,11,0,227,238,66516,5,0,0,5,0
2020-08-30,US,Michigan,Mason,119,0,0,43.99509218,-86.24988902,26105.0,408.3173208893769,0.0,119,116,0,0,116,116,29100,3,0,0,3,0
2020-08-30,US,Michigan,Mecosta,86,2,0,43.64064262,-85.32463223,26107.0,197.91498860838144,2.3255813953488373,84,83,2,0,81,83,43545,3,0,0,3,0
2020-08-30,US,Michigan,Menominee,246,0,0,45.58038692,-87.55370409,26109.0,1079.8946444249339,0.0,246,243,0,0,243,243,22983,3,0,0,3,0
2020-08-30,US,Michigan,Michigan Department of Corrections (MDOC),5276,71,0,0.0,0.0,0.0,0.0,1.3457164518574678,5205,5189,70,0,5119,5189,,87,1,0,86,0
2020-08-30,US,Michigan,Midland,413,11,0,43.64330771,-84.38804374,26111.0,496.6568858530954,2.6634382566585955,402,407,11,0,396,407,83209,6,0,0,6,0
2020-08-30,US,Michigan,Missaukee,44,1,0,44.33772443,-85.09256478,26113.0,291.04378886096043,2.272727272727273,43,45,1,0,44,45,15113,-1,0,0,-1,0
2020-08-30,US,Michigan,Monroe,1310,27,0,41.92734151,-83.53749864,26115.0,870.4318936877078,2.0610687022900764,1283,1269,27,0,1242,1269,150439,41,0,0,41,0
2020-08-30,US,Michigan,Montcalm,225,4,0,43.31082541,-85.15252824,26117.0,352.1788129226145,1.7777777777777777,221,220,3,0,217,220,63968,5,1,0,4,0
2020-08-30,US,Michigan,Montmorency,12,0,0,45.0275929,-84.12696227,26119.0,128.6449399656947,0.0,12,12,0,0,12,12,9265,0,0,0,0,0
2020-08-30,US,Michigan,Muskegon,1335,67,0,43.29123859,-86.15176712,26121.0,769.1598584976323,5.0187265917602994,1268,1316,65,0,1251,1316,173588,19,2,0,17,0
2020-08-30,US,Michigan,Newaygo,296,0,0,43.554373999999996,-85.80070107,26123.0,604.3282972641895,0.0,296,291,0,0,291,291,48892,5,0,0,5,0
2020-08-30,US,Michigan,Oakland,17996,1163,0,42.66090111,-83.38595416,26125.0,1430.9978498454184,6.462547232718383,16833,17794,1157,0,16637,17794,1259201,202,6,0,196,0
2020-08-30,US,Michigan,Oceana,500,6,0,43.64124435,-86.26726673,26127.0,1889.1449729852268,1.2,494,499,6,0,493,499,26625,1,0,0,1,0
2020-08-30,US,Michigan,Ogemaw,57,4,0,44.33481032,-84.12725175,26129.0,271.46735247892553,7.0175438596491215,53,57,4,0,53,57,20952,0,0,0,0,0
2020-08-30,US,Michigan,Ontonagon,34,0,0,46.665226200000006,-89.31390481,26131.0,594.4055944055945,0.0,34,34,0,0,34,34,5795,0,0,0,0,0
2020-08-30,US,Michigan,Osceola,77,0,0,43.98992088,-85.32566756,26133.0,328.21824381926683,0.0,77,76,0,0,76,76,23341,1,0,0,1,0
2020-08-30,US,Michigan,Oscoda,29,1,0,44.68192279,-84.12939244,26135.0,351.8990413784735,3.4482758620689653,28,29,1,0,28,29,8276,0,0,0,0,0
2020-08-30,US,Michigan,Otsego,144,11,0,45.02085831,-84.59898295,26137.0,583.7522296092103,7.638888888888888,133,143,11,0,132,143,24665,1,0,0,1,0
2020-08-30,US,Michigan,Ottawa,2112,63,0,42.95996803,-85.9969107,26139.0,723.7090086694309,2.9829545454545454,2049,2068,63,0,2005,2068,290494,44,0,0,44,0
2020-08-30,US,Michigan,Out of MI,113,0,0,0.0,0.0,80026.0,0.0,0.0,113,101,0,0,101,101,,12,0,0,12,0
2020-08-30,US,Michigan,Presque Isle,21,1,0,45.34018577,-83.91498656,26141.0,166.77255400254128,4.761904761904762,20,21,1,0,20,21,12738,0,0,0,0,0
2020-08-30,US,Michigan,Roscommon,76,3,0,44.33473082,-84.61067651,26143.0,316.41617053166243,3.947368421052632,73,75,3,0,72,75,23884,1,0,0,1,0
2020-08-30,US,Michigan,Saginaw,2506,133,0,43.33433923,-84.05131209999998,26145.0,1315.2163074226273,5.307262569832402,2373,2479,131,0,2348,2479,190800,27,2,0,25,0
2020-08-30,US,Michigan,Sanilac,125,7,0,43.42406072,-82.82055898,26151.0,303.6191401505951,5.6,118,123,7,0,116,123,41182,2,0,0,2,0
2020-08-30,US,Michigan,Schoolcraft,15,0,0,46.19235734,-86.19972234,26153.0,185.32246108228318,0.0,15,15,0,0,15,15,8068,0,0,0,0,0
2020-08-30,US,Michigan,Shiawassee,419,29,0,42.95392800000001,-84.14585902,26155.0,615.0729573412408,6.921241050119332,390,418,29,0,389,418,68192,1,0,0,1,0
2020-08-30,US,Michigan,St. Clair,919,53,0,42.92655373,-82.67937954,26147.0,577.5224976119853,5.767138193688793,866,908,53,0,855,908,159337,11,0,0,11,0
2020-08-30,US,Michigan,St. Joseph,680,11,0,41.91441767,-85.52797979,26149.0,1115.4123745161078,1.6176470588235294,669,676,11,0,665,676,61043,4,0,0,4,0
2020-08-30,US,Michigan,Tuscola,451,29,0,43.46606813,-83.41897025,26157.0,863.2405014833955,6.430155210643015,422,442,29,0,413,442,52516,9,0,0,9,0
2020-08-30,US,Michigan,Unassigned,16,0,0,0.0,0.0,90026.0,0.0,0.0,16,5,0,0,5,5,,11,0,0,11,0
2020-08-30,US,Michigan,Van Buren,624,16,0,42.25190229,-86.01939087,26159.0,824.5569988239491,2.5641025641025643,608,597,14,0,583,597,75448,27,2,0,25,0
2020-08-30,US,Michigan,Washtenaw,2890,115,0,42.253105,-83.83853204,26161.0,786.1784924415331,3.97923875432526,2775,2858,115,0,2743,2858,370963,32,0,0,32,0
2020-08-30,US,Michigan,Wayne,31153,2881,0,42.28098405,-83.281255,26163.0,1780.840006791121,9.247905498667864,28272,30955,2874,0,28081,30955,1753893,198,7,0,191,0
2020-08-30,US,Michigan,Wexford,99,4,0,44.33853602,-85.57712739,26165.0,294.37126460705895,4.040404040404041,95,93,4,0,89,93,33466,6,0,0,6,0
2020-08-30,US,Minnesota,Aitkin,48,1,0,46.60962049,-93.41168259999999,27001.0,302.15283897771616,2.083333333333333,47,48,1,0,47,48,15902,0,0,0,0,0
2020-08-30,US,Minnesota,Anoka,4681,121,0,45.27476015,-93.24604565,27003.0,1311.4947005079555,2.584917752616962,4560,4633,121,0,4512,4567,353813,48,0,0,48,66
2020-08-30,US,Minnesota,Becker,197,2,0,46.93479392,-95.67158144,27005.0,572.2917816576128,1.0152284263959392,195,192,2,0,190,189,34371,5,0,0,5,3
2020-08-30,US,Minnesota,Beltrami,319,1,0,47.97373527,-94.93732139,27007.0,676.0193269475292,0.31347962382445144,318,318,1,0,317,313,46847,1,0,0,1,5
2020-08-30,US,Minnesota,Benton,398,3,0,45.69804958,-93.99514135,27009.0,973.3669201985864,0.7537688442211056,395,394,3,0,391,381,40545,4,0,0,4,13
2020-08-30,US,Minnesota,Big Stone,34,0,0,45.42712824,-96.41403739,27011.0,681.2262071729112,0.0,34,33,0,0,33,32,4989,1,0,0,1,1
2020-08-30,US,Minnesota,Blue Earth,1223,5,0,44.03554215,-94.06699781,27013.0,1807.7542754940653,0.4088307440719542,1218,1202,5,0,1197,1153,67427,21,0,0,21,49
2020-08-30,US,Minnesota,Brown,130,2,0,44.24205652,-94.72562874,27015.0,519.8336532309661,1.5384615384615383,128,124,2,0,122,117,25111,6,0,0,6,7
2020-08-30,US,Minnesota,Carlton,188,1,0,46.59180601,-92.67601019,27017.0,524.1002481112877,0.5319148936170213,187,187,1,0,186,183,35837,1,0,0,1,4
2020-08-30,US,Minnesota,Carver,1113,4,0,44.82017001,-93.80099179999999,27019.0,1059.102284730086,0.35938903863432164,1109,1102,4,0,1098,1094,103551,11,0,0,11,8
2020-08-30,US,Minnesota,Cass,103,3,0,46.95043611,-94.32603968,27021.0,345.88132576647973,2.9126213592233015,100,103,3,0,100,99,29519,0,0,0,0,4
2020-08-30,US,Minnesota,Chippewa,135,1,0,45.02343421,-95.56403693,27023.0,1144.0677966101696,0.7407407407407407,134,135,1,0,134,130,11924,0,0,0,0,5
2020-08-30,US,Minnesota,Chisago,311,1,0,45.5021011,-92.90861945,27025.0,549.6739072800863,0.3215434083601286,310,296,1,0,295,291,55922,15,0,0,15,5
2020-08-30,US,Minnesota,Clay,872,40,0,46.89289518,-96.48761922,27027.0,1357.790165363894,4.587155963302751,832,864,40,0,824,856,63955,8,0,0,8,8
2020-08-30,US,Minnesota,Clearwater,19,0,0,47.57992111,-95.37790562,27029.0,215.46836017237467,0.0,19,19,0,0,19,18,8810,0,0,0,0,1
2020-08-30,US,Minnesota,Cook,6,0,0,47.90504893,-90.52629546,27031.0,109.82976386600771,0.0,6,6,0,0,6,6,5393,0,0,0,0,0
2020-08-30,US,Minnesota,Cottonwood,200,0,0,44.00715262,-95.18138802,27033.0,1786.3522686673816,0.0,200,197,0,0,197,197,11277,3,0,0,3,0
2020-08-30,US,Minnesota,Crow Wing,303,16,0,46.48096553,-94.06755609,27035.0,465.75974175697485,5.2805280528052805,287,301,16,0,285,297,64889,2,0,0,2,4
2020-08-30,US,Minnesota,Dakota,5867,110,0,44.67172617,-93.06299363,27037.0,1367.5321254670516,1.8748934719618204,5757,5762,110,0,5652,5677,425423,105,0,0,105,85
2020-08-30,US,Minnesota,Dodge,157,0,0,44.02238415,-92.86244324,27039.0,749.9761154103372,0.0,157,154,0,0,154,154,20822,3,0,0,3,0
2020-08-30,US,Minnesota,Douglas,166,1,0,45.93348491,-95.45335469,27041.0,435.22718334600563,0.6024096385542169,165,160,1,0,159,155,37964,6,0,0,6,5
2020-08-30,US,Minnesota,Faribault,115,0,0,43.67381499,-93.94787458,27043.0,842.3057203545009,0.0,115,112,0,0,112,112,13758,3,0,0,3,0
2020-08-30,US,Minnesota,Fillmore,86,0,0,43.67394126,-92.08980382,27045.0,408.22138890207435,0.0,86,83,0,0,83,84,21058,3,0,0,3,-1
2020-08-30,US,Minnesota,Freeborn,400,1,0,43.67385583,-93.34884422,27047.0,1320.9603381658467,0.25,399,399,1,0,398,394,30444,1,0,0,1,5
2020-08-30,US,Minnesota,Goodhue,263,9,0,44.40849741,-92.72341949999999,27049.0,567.5442382391022,3.4220532319391634,254,260,9,0,251,252,46403,3,0,0,3,8
2020-08-30,US,Minnesota,Grant,55,4,0,45.93424769,-96.01139609,27051.0,920.9645010046886,7.272727272727272,51,55,4,0,51,55,6021,0,0,0,0,0
2020-08-30,US,Minnesota,Hennepin,22984,879,0,45.00761521,-93.47694895,27053.0,1815.7070031591595,3.8243995823181343,22105,22736,879,0,21857,22520,1259428,248,0,0,248,216
2020-08-30,US,Minnesota,Houston,76,0,0,43.67129565,-91.49143057,27055.0,408.6021505376344,0.0,76,74,0,0,74,70,18578,2,0,0,2,4
2020-08-30,US,Minnesota,Hubbard,44,0,0,47.10778564,-94.91693868,27057.0,204.736866595319,0.0,44,43,0,0,43,42,21332,1,0,0,1,1
2020-08-30,US,Minnesota,Isanti,174,0,0,45.56181234,-93.29487636,27059.0,428.6136565178836,0.0,174,171,0,0,171,169,39966,3,0,0,3,2
2020-08-30,US,Minnesota,Itasca,196,12,0,47.51009045,-93.63092229,27061.0,434.3009084865943,6.1224489795918355,184,197,12,0,185,185,45108,-1,0,0,-1,12
2020-08-30,US,Minnesota,Jackson,95,1,0,43.67423373,-95.15398258,27063.0,964.8588259191548,1.0526315789473684,94,95,0,0,95,93,9911,0,1,0,-1,2
2020-08-30,US,Minnesota,Kanabec,65,5,0,45.9459309,-93.29275192,27065.0,397.8698659484605,7.6923076923076925,60,65,5,0,60,64,16207,0,0,0,0,1
2020-08-30,US,Minnesota,Kandiyohi,814,1,0,45.1526059,-95.00586446,27067.0,1884.3028773814208,0.12285012285012285,813,810,1,0,809,803,42855,4,0,0,4,7
2020-08-30,US,Minnesota,Kittson,7,0,0,48.77754106,-96.78317184,27069.0,162.86644951140062,0.0,7,6,0,0,6,4,4248,1,0,0,1,2
2020-08-30,US,Minnesota,Koochiching,87,3,0,48.24539665,-93.78352843,27071.0,711.4236650584676,3.4482758620689653,84,87,3,0,84,87,12440,0,0,0,0,0
2020-08-30,US,Minnesota,Lac qui Parle,15,0,0,44.9973857,-96.17488219,27073.0,226.4834667069304,0.0,15,14,0,0,14,13,6658,1,0,0,1,1
2020-08-30,US,Minnesota,Lake,33,0,0,47.64270764,-91.44557998,27075.0,310.1212292077812,0.0,33,31,0,0,31,28,10658,2,0,0,2,3
2020-08-30,US,Minnesota,Lake of the Woods,7,0,0,48.77217001,-94.90274472,27077.0,187.16577540106945,0.0,7,7,0,0,7,7,3758,0,0,0,0,0
2020-08-30,US,Minnesota,Le Sueur,375,2,0,44.37136597,-93.72844721,27079.0,1298.161802887112,0.5333333333333333,373,372,2,0,370,361,28494,3,0,0,3,11
2020-08-30,US,Minnesota,Lincoln,68,0,0,44.41311883,-96.26688165,27081.0,1205.8875687178574,0.0,68,65,0,0,65,64,5673,3,0,0,3,1
2020-08-30,US,Minnesota,Lyon,516,3,0,44.41327865,-95.83806103,27083.0,2025.5947240323471,0.5813953488372093,513,498,3,0,495,473,25629,18,0,0,18,25
2020-08-30,US,Minnesota,Mahnomen,35,1,0,47.32557075,-95.80921485,27087.0,633.2549303419578,2.8571428571428568,34,35,1,0,34,35,5519,0,0,0,0,0
2020-08-30,US,Minnesota,Marshall,35,0,0,48.35825983,-96.37017407,27089.0,374.8928877463582,0.0,35,33,0,0,33,33,9390,2,0,0,2,0
2020-08-30,US,Minnesota,Martin,231,6,0,43.67429718,-94.55099908,27091.0,1173.6015851242191,2.5974025974025974,225,229,6,0,223,226,19785,2,0,0,2,3
2020-08-30,US,Minnesota,McLeod,360,1,0,44.82367677,-94.27287017,27085.0,1002.9810826623576,0.2777777777777778,359,358,1,0,357,347,35873,2,0,0,2,11
2020-08-30,US,Minnesota,Meeker,108,2,0,45.12328869,-94.52839455,27093.0,465.07622082507964,1.851851851851852,106,105,2,0,103,103,23141,3,0,0,3,2
2020-08-30,US,Minnesota,Mille Lacs,99,3,0,45.93705297,-93.63236823,27095.0,376.75533736727937,3.0303030303030303,96,98,3,0,95,93,26139,1,0,0,1,5
2020-08-30,US,Minnesota,Morrison,114,1,0,46.01265363,-94.27341528,27097.0,341.4604924219733,0.8771929824561403,113,113,1,0,112,112,33169,1,0,0,1,1
2020-08-30,US,Minnesota,Mower,1176,3,0,43.67142874,-92.75234549,27099.0,2935.450052418751,0.2551020408163265,1173,1174,3,0,1171,1170,40011,2,0,0,2,4
2020-08-30,US,Minnesota,Murray,141,1,0,44.02216709,-95.76328482,27101.0,1720.7712960702954,0.7092198581560284,140,142,1,0,141,140,8276,-1,0,0,-1,2
2020-08-30,US,Minnesota,Nicollet,438,15,0,44.35291112,-94.24710352,27103.0,1277.936628348019,3.4246575342465757,423,436,15,0,421,427,34220,2,0,0,2,9
2020-08-30,US,Minnesota,Nobles,1863,13,0,43.67434621,-95.75329576,27105.0,8613.435665079292,0.6977992485238862,1850,1855,13,0,1842,1850,21924,8,0,0,8,5
2020-08-30,US,Minnesota,Norman,46,0,0,47.32628443,-96.45620947,27107.0,721.5686274509802,0.0,46,45,0,0,45,45,6475,1,0,0,1,0
2020-08-30,US,Minnesota,Olmsted,2016,24,0,44.00374114,-92.40209944,27109.0,1273.5875875749402,1.1904761904761905,1992,2008,24,0,1984,1977,156277,8,0,0,8,31
2020-08-30,US,Minnesota,Otter Tail,293,4,0,46.40846929,-95.70835255,27111.0,498.7573622033841,1.3651877133105803,289,277,4,0,273,268,58812,16,0,0,16,9
2020-08-30,US,Minnesota,Pennington,87,1,0,48.06642577,-96.0370814,27113.0,616.1909483674481,1.1494252873563218,86,86,1,0,85,81,14178,1,0,0,1,5
2020-08-30,US,Minnesota,Pine,152,0,0,46.12105238,-92.74070188,27115.0,513.8780891848946,0.0,152,149,0,0,149,149,29483,3,0,0,3,0
2020-08-30,US,Minnesota,Pipestone,187,9,0,44.02301619,-96.25841142,27117.0,2049.090510628972,4.81283422459893,178,185,9,0,176,180,9047,2,0,0,2,5
2020-08-30,US,Minnesota,Polk,199,4,0,47.77372465,-96.40134647,27119.0,634.4853972707563,2.010050251256281,195,197,4,0,193,194,31529,2,0,0,2,3
2020-08-30,US,Minnesota,Pope,64,0,0,45.58606667,-95.44451209,27121.0,568.9394612854476,0.0,64,62,0,0,62,62,11097,2,0,0,2,0
2020-08-30,US,Minnesota,Ramsey,9132,298,0,45.01625271,-93.09872295,27123.0,1659.3951530106976,3.263250109505037,8834,9070,298,0,8772,8951,550210,62,0,0,62,119
2020-08-30,US,Minnesota,Red Lake,29,0,0,47.87197525,-96.09561104,27125.0,715.1664611590628,0.0,29,28,0,0,28,28,3999,1,0,0,1,0
2020-08-30,US,Minnesota,Redwood,61,0,0,44.40555844,-95.25207021,27127.0,402.1094264996704,0.0,61,54,0,0,54,54,15249,7,0,0,7,0
2020-08-30,US,Minnesota,Renville,84,6,0,44.72836381,-94.94553734,27129.0,577.398955182843,7.142857142857142,78,81,6,0,75,78,14612,3,0,0,3,3
2020-08-30,US,Minnesota,Rice,1185,8,0,44.3543376,-93.29658715,27131.0,1769.3961655617272,0.6751054852320675,1177,1174,8,0,1166,1163,66523,11,0,0,11,11
2020-08-30,US,Minnesota,Rock,103,0,0,43.67482683,-96.25296832,27133.0,1105.7434245840043,0.0,103,102,0,0,102,101,9414,1,0,0,1,1
2020-08-30,US,Minnesota,Roseau,73,0,0,48.77501878,-95.81079919,27135.0,481.37157929442793,0.0,73,69,0,0,69,69,15150,4,0,0,4,0
2020-08-30,US,Minnesota,Scott,1992,31,0,44.6490231,-93.53340251,27139.0,1336.7961184594633,1.5562248995983936,1961,1965,31,0,1934,1941,147381,27,0,0,27,24
2020-08-30,US,Minnesota,Sherburne,910,13,0,45.44447208,-93.77617511,27141.0,935.8481252185361,1.4285714285714286,897,892,12,0,880,876,96036,18,1,0,17,16
2020-08-30,US,Minnesota,Sibley,139,3,0,44.5796592,-94.23164924,27143.0,935.0824083417424,2.1582733812949644,136,134,3,0,131,128,15028,5,0,0,5,6
2020-08-30,US,Minnesota,St. Louis,867,23,0,47.604840700000004,-92.46879855,27137.0,435.5251921434671,2.65282583621684,844,851,23,0,828,832,199754,16,0,0,16,19
2020-08-30,US,Minnesota,Stearns,3244,22,0,45.55192576,-94.61078221,27145.0,2013.9686481452732,0.6781750924784217,3222,3229,22,0,3207,3212,159256,15,0,0,15,17
2020-08-30,US,Minnesota,Steele,428,2,0,44.02240351,-93.22627088,27147.0,1167.8354116074108,0.4672897196261682,426,423,2,0,421,418,36803,5,0,0,5,5
2020-08-30,US,Minnesota,Stevens,45,0,0,45.58613007,-96.00163705,27149.0,458.94951555328913,0.0,45,38,0,0,38,33,9753,7,0,0,7,5
2020-08-30,US,Minnesota,Swift,63,1,0,45.2829032,-95.68264092,27151.0,679.905029138787,1.5873015873015872,62,60,1,0,59,60,9345,3,0,0,3,0
2020-08-30,US,Minnesota,Todd,449,2,0,46.06996226,-94.89785296,27153.0,1820.4670775218945,0.44543429844098004,447,447,2,0,445,446,24582,2,0,0,2,1
2020-08-30,US,Minnesota,Traverse,21,0,0,45.77298854,-96.47062949,27155.0,644.3694384780607,0.0,21,21,0,0,21,21,3308,0,0,0,0,0
2020-08-30,US,Minnesota,Unassigned,154,49,0,0.0,0.0,90027.0,0.0,31.818181818181817,105,145,49,0,96,147,,9,0,0,9,-2
2020-08-30,US,Minnesota,Wabasha,122,0,0,44.28424356,-92.23121312,27157.0,564.1096777176678,0.0,122,120,0,0,120,117,21645,2,0,0,2,3
2020-08-30,US,Minnesota,Wadena,49,0,0,46.58589171,-94.96968506,27159.0,358.1347756175997,0.0,49,48,0,0,48,45,13773,1,0,0,1,3
2020-08-30,US,Minnesota,Waseca,258,2,0,44.02211116,-93.58720034,27161.0,1386.2024500322373,0.7751937984496124,256,254,2,0,252,248,18691,4,0,0,4,6
2020-08-30,US,Minnesota,Washington,2962,54,0,45.03864533,-92.88429635,27163.0,1128.6389269928366,1.8230925050641456,2908,2916,54,0,2862,2861,259201,46,0,0,46,55
2020-08-30,US,Minnesota,Watonwan,438,4,0,43.97823903,-94.61413846,27165.0,4019.454895842893,0.9132420091324199,434,426,4,0,422,422,10980,12,0,0,12,4
2020-08-30,US,Minnesota,Wilkin,51,3,0,46.35721532,-96.4684375,27167.0,821.6529724504593,5.882352941176472,48,50,3,0,47,49,6254,1,0,0,1,1
2020-08-30,US,Minnesota,Winona,427,17,0,43.98772283,-91.78081305,27169.0,845.8125346644481,3.981264637002342,410,390,17,0,373,365,50825,37,0,0,37,25
2020-08-30,US,Minnesota,Wright,1229,6,0,45.17297924,-93.96234781,27171.0,888.1533780902896,0.4882017900732303,1223,1193,6,0,1187,1168,136349,36,0,0,36,25
2020-08-30,US,Minnesota,Yellow Medicine,85,1,0,44.71710183,-95.86842453,27173.0,875.4763621382222,1.1764705882352942,84,80,1,0,79,78,9795,5,0,0,5,2
2020-08-30,US,Mississippi,Adams,790,31,0,31.47669768,-91.35326037,28001.0,2573.876779721761,3.924050632911392,759,780,31,0,749,773,31192,10,0,0,10,7
2020-08-30,US,Mississippi,Alcorn,624,6,0,34.88084463,-88.57996173,28003.0,1688.6315048845831,0.9615384615384616,618,616,6,0,610,610,36925,8,0,0,8,6
2020-08-30,US,Mississippi,Amite,273,7,0,31.17467303,-90.80501621,28005.0,2220.053671627227,2.5641025641025643,266,272,7,0,265,271,12326,1,0,0,1,1
2020-08-30,US,Mississippi,Attala,583,25,0,33.08658803,-89.57838564,28007.0,3207.879388136899,4.288164665523157,558,581,25,0,556,578,18365,2,0,0,2,3
2020-08-30,US,Mississippi,Benton,194,1,0,34.81681228,-89.18945516,28009.0,2348.952657706744,0.5154639175257731,193,193,1,0,192,193,8271,1,0,0,1,0
2020-08-30,US,Mississippi,Bolivar,1488,49,0,33.79696941,-90.87372121,28011.0,4858.299595141702,3.293010752688172,1439,1462,48,0,1414,1436,31333,26,1,0,25,26
2020-08-30,US,Mississippi,Calhoun,470,10,0,33.93683395,-89.33686647,28013.0,3272.7525938305125,2.127659574468085,460,468,10,0,458,466,14436,2,0,0,2,2
2020-08-30,US,Mississippi,Carroll,291,12,0,33.44834567,-89.91994479,28015.0,2925.505177440434,4.123711340206185,279,289,12,0,277,289,9911,2,0,0,2,0
2020-08-30,US,Mississippi,Chickasaw,584,20,0,33.91983202,-88.9481545,28017.0,3414.6056247441966,3.4246575342465757,564,581,20,0,561,578,17171,3,0,0,3,3
2020-08-30,US,Mississippi,Choctaw,155,4,0,33.34598242,-89.24809382,28019.0,1887.941534713764,2.5806451612903225,151,154,4,0,150,154,8278,1,0,0,1,0
2020-08-30,US,Mississippi,Claiborne,439,16,0,31.97061673,-90.90702196,28021.0,4884.2901646639975,3.644646924829157,423,435,16,0,419,432,9002,4,0,0,4,3
2020-08-30,US,Mississippi,Clarke,462,30,0,32.04158545,-88.68896219999998,28023.0,2972.781674280933,6.493506493506493,432,437,30,0,407,431,15604,25,0,0,25,6
2020-08-30,US,Mississippi,Clay,472,15,0,33.65358105,-88.77784255,28025.0,2443.5700973286393,3.1779661016949152,457,469,14,0,455,467,19386,3,1,0,2,2
2020-08-30,US,Mississippi,Coahoma,975,18,0,34.22772299,-90.60415045,28027.0,4406.978846501537,1.8461538461538465,957,969,17,0,952,959,22628,6,1,0,5,10
2020-08-30,US,Mississippi,Copiah,1092,31,0,31.86977774,-90.44565118,28029.0,3890.9673971138427,2.838827838827839,1061,1056,31,0,1025,1051,28543,36,0,0,36,5
2020-08-30,US,Mississippi,Covington,719,17,0,31.63225413,-89.55389939,28031.0,3858.124060957287,2.364394993045897,702,716,17,0,699,710,18853,3,0,0,3,6
2020-08-30,US,Mississippi,DeSoto,4585,43,0,34.87625235,-89.99091418,28033.0,2479.1154126902593,0.9378407851690296,4542,4548,43,0,4505,4509,182001,37,0,0,37,39
2020-08-30,US,Mississippi,Forrest,2125,61,0,31.18961454,-89.25832496,28035.0,2837.229795585938,2.8705882352941177,2064,2119,61,0,2058,2104,75036,6,0,0,6,15
2020-08-30,US,Mississippi,Franklin,175,3,0,31.47786634,-90.89672989,28037.0,2268.896667963179,1.7142857142857142,172,175,3,0,172,174,7788,0,0,0,0,1
2020-08-30,US,Mississippi,George,684,13,0,30.86259065,-88.64436789,28039.0,2791.8367346938776,1.9005847953216373,671,679,12,0,667,674,24250,5,1,0,4,5
2020-08-30,US,Mississippi,Greene,294,14,0,31.21444233,-88.63922281,28041.0,2163.992345061092,4.761904761904762,280,290,14,0,276,287,13586,4,0,0,4,3
2020-08-30,US,Mississippi,Grenada,941,32,0,33.77036166,-89.80245083,28043.0,4533.192022352828,3.4006376195536663,909,934,32,0,902,928,21055,7,0,0,7,6
2020-08-30,US,Mississippi,Hancock,490,20,0,30.41830223,-89.48851033,28045.0,1028.7201881088345,4.081632653061225,470,487,18,0,469,480,47334,3,2,0,1,7
2020-08-30,US,Mississippi,Harrison,3285,54,0,30.51359752,-89.12467576,28047.0,1578.7197231833911,1.643835616438356,3231,3268,53,0,3215,3200,206650,17,1,0,16,68
2020-08-30,US,Mississippi,Hinds,6523,139,0,32.2656285,-90.44435448,28049.0,2813.5783298826777,2.1309213552046606,6384,6473,138,0,6335,6425,237085,50,1,0,49,48
2020-08-30,US,Mississippi,Holmes,1039,54,0,33.12345854,-90.08923538,28051.0,6108.171663727219,5.19730510105871,985,1039,54,0,985,1032,17622,0,0,0,0,7
2020-08-30,US,Mississippi,Humphreys,335,14,0,33.12825718,-90.52252707,28053.0,4154.265873015873,4.17910447761194,321,335,14,0,321,334,8257,0,0,0,0,1
2020-08-30,US,Mississippi,Issaquena,97,3,0,32.72531359,-90.97392828,28055.0,7309.721175584023,3.0927835051546397,94,97,3,0,94,97,1308,0,0,0,0,0
2020-08-30,US,Mississippi,Itawamba,555,16,0,34.27993475,-88.3606733,28057.0,2372.8088926891833,2.8828828828828827,539,545,14,0,531,538,23517,10,2,0,8,7
2020-08-30,US,Mississippi,Jackson,2990,60,0,30.54020656,-88.64184064,28059.0,2081.9262343594423,2.0066889632107023,2930,2946,59,0,2887,2932,143277,44,1,0,43,14
2020-08-30,US,Mississippi,Jasper,480,13,0,32.01922104,-89.11786866,28061.0,2929.866324848929,2.708333333333333,467,479,13,0,466,474,16428,1,0,0,1,5
2020-08-30,US,Mississippi,Jefferson,219,9,0,31.73397872,-91.03764977,28063.0,3133.047210300429,4.109589041095891,210,217,9,0,208,217,7106,2,0,0,2,0
2020-08-30,US,Mississippi,Jefferson Davis,303,8,0,31.56884708,-89.82670990000004,28065.0,2722.861250898634,2.64026402640264,295,302,8,0,294,302,11234,1,0,0,1,0
2020-08-30,US,Mississippi,Jones,2153,72,0,31.62257767,-89.16896899999998,28067.0,3161.6200182090515,3.344170924291686,2081,2146,72,0,2074,2127,68461,7,0,0,7,19
2020-08-30,US,Mississippi,Kemper,270,15,0,32.75462946,-88.64105766,28069.0,2771.504824471361,5.5555555555555545,255,269,15,0,254,266,10027,1,0,0,1,3
2020-08-30,US,Mississippi,Lafayette,1419,34,0,34.35687874,-89.48490961,28071.0,2626.853514504156,2.3960535588442564,1385,1377,34,0,1343,1335,54793,42,0,0,42,42
2020-08-30,US,Mississippi,Lamar,1438,29,0,31.20572971,-89.5077704,28073.0,2270.179814659868,2.016689847009736,1409,1432,29,0,1403,1426,62447,6,0,0,6,6
2020-08-30,US,Mississippi,Lauderdale,1755,106,0,32.40419769,-88.66229662,28075.0,2367.6222596964585,6.03988603988604,1649,1737,106,0,1631,1732,75317,18,0,0,18,5
2020-08-30,US,Mississippi,Lawrence,402,10,0,31.55147224,-90.10841127,28077.0,3194.0251072620367,2.487562189054726,392,402,10,0,392,400,12455,0,0,0,0,2
2020-08-30,US,Mississippi,Leake,878,31,0,32.7536828,-89.52402044,28079.0,3853.2432195207593,3.5307517084282463,847,878,31,0,847,875,22763,0,0,0,0,3
2020-08-30,US,Mississippi,Lee,2162,54,0,34.291877500000005,-88.68149954,28081.0,2530.549183014186,2.4976873265494905,2108,2139,54,0,2085,2111,85202,23,0,0,23,28
2020-08-30,US,Mississippi,Leflore,1234,75,0,33.55545125,-90.29900733,28083.0,4378.526061810311,6.077795786061587,1159,1229,75,0,1154,1229,28919,5,0,0,5,0
2020-08-30,US,Mississippi,Lincoln,970,51,0,31.53288662,-90.45391915,28085.0,2840.1604544256734,5.257731958762887,919,962,51,0,911,954,34205,8,0,0,8,8
2020-08-30,US,Mississippi,Lowndes,1279,53,0,33.47386518,-88.44191529999998,28087.0,2182.7801006911855,4.143862392494136,1226,1272,53,0,1219,1262,58930,7,0,0,7,10
2020-08-30,US,Mississippi,Madison,2967,83,0,32.63389156,-90.03513564,28089.0,2791.8925022583558,2.7974384900572966,2884,2939,83,0,2856,2865,105630,28,0,0,28,74
2020-08-30,US,Mississippi,Marion,781,26,0,31.23132643,-89.8209217,28091.0,3178.2851096732184,3.329065300896287,755,775,26,0,749,775,24715,6,0,0,6,0
2020-08-30,US,Mississippi,Marshall,940,12,0,34.76216286,-89.50299462,28093.0,2663.342211140704,1.2765957446808511,928,934,12,0,922,919,35451,6,0,0,6,15
2020-08-30,US,Mississippi,Monroe,1035,57,0,33.89236763,-88.4808438,28095.0,2936.0036309996594,5.507246376811594,978,1025,57,0,968,1012,35564,10,0,0,10,13
2020-08-30,US,Mississippi,Montgomery,408,16,0,33.49419589,-89.61729103,28097.0,4173.913043478261,3.92156862745098,392,406,16,0,390,405,10023,2,0,0,2,1
2020-08-30,US,Mississippi,Neshoba,1429,99,0,32.75339664,-89.11726492,28099.0,4907.61728140669,6.927921623512947,1330,1418,99,0,1319,1416,29125,11,0,0,11,2
2020-08-30,US,Mississippi,Newton,664,14,0,32.40021118,-89.11843336,28101.0,3159.196878865734,2.108433734939759,650,660,14,0,646,653,21443,4,0,0,4,7
2020-08-30,US,Mississippi,Noxubee,518,14,0,33.11009499,-88.56949061,28103.0,4972.640875491984,2.702702702702702,504,518,14,0,504,517,10535,0,0,0,0,1
2020-08-30,US,Mississippi,Oktibbeha,1426,46,0,33.42491685,-88.87905132,28105.0,2875.7537257749013,3.2258064516129035,1380,1404,46,0,1358,1381,49599,22,0,0,22,23
2020-08-30,US,Mississippi,Panola,1293,23,0,34.36398677,-89.95064249,28107.0,3781.5863359850255,1.778808971384377,1270,1288,23,0,1265,1273,34178,5,0,0,5,15
2020-08-30,US,Mississippi,Pearl River,748,48,0,30.77090935,-89.58677275,28109.0,1346.8983523903846,6.4171122994652405,700,743,48,0,695,733,55387,5,0,0,5,10
2020-08-30,US,Mississippi,Perry,293,9,0,31.17161885,-88.99281835,28111.0,2447.172805478994,3.0716723549488054,284,290,9,0,281,289,11931,3,0,0,3,1
2020-08-30,US,Mississippi,Pike,1129,45,0,31.17507789,-90.40392572,28113.0,2873.6509875789043,3.985828166519044,1084,1124,44,0,1080,1118,39563,5,1,0,4,6
2020-08-30,US,Mississippi,Pontotoc,1058,11,0,34.226046000000004,-89.03636807,28115.0,3288.369490893268,1.0396975425330812,1047,1049,11,0,1038,1041,31833,9,0,0,9,8
2020-08-30,US,Mississippi,Prentiss,615,12,0,34.61810501,-88.51986294,28117.0,2447.6637745761363,1.951219512195122,603,612,12,0,600,608,25315,3,0,0,3,4
2020-08-30,US,Mississippi,Quitman,320,3,0,34.25157572,-90.28908,28119.0,4711.425206124853,0.9375,317,319,3,0,316,313,7051,1,0,0,1,6
2020-08-30,US,Mississippi,Rankin,2842,63,0,32.26469147,-89.94537876,28121.0,1830.348229869068,2.2167487684729066,2779,2817,62,0,2755,2797,153902,25,1,0,24,20
2020-08-30,US,Mississippi,Scott,1092,22,0,32.406704100000006,-89.53789439,28123.0,3882.804721945669,2.0146520146520146,1070,1091,22,0,1069,1088,28287,1,0,0,1,3
2020-08-30,US,Mississippi,Sharkey,250,8,0,32.88149103,-90.81595379999999,28125.0,5785.697755149271,3.2,242,249,8,0,241,249,4377,1,0,0,1,0
2020-08-30,US,Mississippi,Simpson,938,39,0,31.91282117,-89.91716179,28127.0,3518.643559156726,4.157782515991471,899,936,39,0,897,927,26758,2,0,0,2,9
2020-08-30,US,Mississippi,Smith,467,13,0,32.01744532,-89.50644846,28129.0,2934.154310128173,2.78372591006424,454,463,13,0,450,462,16002,4,0,0,4,1
2020-08-30,US,Mississippi,Stone,312,10,0,30.79187949,-89.11547539,28131.0,1701.5706806282724,3.2051282051282053,302,310,10,0,300,306,18717,2,0,0,2,4
2020-08-30,US,Mississippi,Sunflower,1258,36,0,33.60192578,-90.58882684,28133.0,5009.956192751892,2.861685214626391,1222,1252,36,0,1216,1244,25735,6,0,0,6,8
2020-08-30,US,Mississippi,Tallahatchie,629,13,0,33.95339918,-90.1729398,28135.0,4555.0003620827,2.066772655007949,616,623,13,0,610,618,13987,6,0,0,6,5
2020-08-30,US,Mississippi,Tate,854,32,0,34.65133709,-89.94485778,28137.0,3015.430246107129,3.747072599531616,822,853,32,0,821,851,28759,1,0,0,1,2
2020-08-30,US,Mississippi,Tippah,545,15,0,34.76872156,-88.90988194,28139.0,2475.584828526005,2.7522935779816518,530,538,15,0,523,531,21995,7,0,0,7,7
2020-08-30,US,Mississippi,Tishomingo,551,28,0,34.74023475,-88.23917219,28141.0,2842.697208894392,5.081669691470053,523,547,28,0,519,541,19454,4,0,0,4,6
2020-08-30,US,Mississippi,Tunica,449,12,0,34.64967704,-90.37481167,28143.0,4661.54485049834,2.67260579064588,437,448,11,0,437,444,9944,1,1,0,0,4
2020-08-30,US,Mississippi,Union,878,21,0,34.49162015,-89.00776006,28145.0,3047.0241193822662,2.3917995444191344,857,876,21,0,855,867,28606,2,0,0,2,9
2020-08-30,US,Mississippi,Walthall,563,24,0,31.14971548,-90.10446654,28147.0,3940.921181576368,4.262877442273535,539,563,24,0,539,559,14465,0,0,0,0,4
2020-08-30,US,Mississippi,Warren,1313,46,0,32.35810271,-90.83352619,28149.0,2893.2813291906305,3.5034272658035035,1267,1303,46,0,1257,1293,46176,10,0,0,10,10
2020-08-30,US,Mississippi,Washington,1983,60,0,33.28392041,-90.94196237,28151.0,4516.15841854745,3.02571860816944,1923,1982,60,0,1922,1974,45063,1,0,0,1,8
2020-08-30,US,Mississippi,Wayne,846,21,0,31.64135687,-88.69573913,28153.0,4191.646435118664,2.482269503546099,825,846,21,0,825,843,20298,0,0,0,0,3
2020-08-30,US,Mississippi,Webster,303,13,0,33.61300486,-89.28392912,28155.0,3127.257714934461,4.29042904290429,290,298,13,0,285,298,9788,5,0,0,5,0
2020-08-30,US,Mississippi,Wilkinson,277,17,0,31.16078225,-91.31018819,28157.0,3209.7334878331403,6.137184115523466,260,276,17,0,259,275,8792,1,0,0,1,1
2020-08-30,US,Mississippi,Winston,694,19,0,33.08747908,-89.03391385,28159.0,3865.218602060707,2.7377521613832854,675,691,19,0,672,690,18165,3,0,0,3,1
2020-08-30,US,Mississippi,Yalobusha,363,12,0,34.02824175,-89.70762049999998,28161.0,2998.017839444995,3.3057851239669422,351,359,12,0,347,353,12392,4,0,0,4,6
2020-08-30,US,Mississippi,Yazoo,954,21,0,32.77890365,-90.39656148,28163.0,3213.2030986864265,2.2012578616352205,933,950,21,0,929,944,28248,4,0,0,4,6
2020-08-30,US,Missouri,Adair,228,0,0,40.19058551,-92.60078167,29001.0,899.6567099396283,0.0,228,224,0,0,224,222,25339,4,0,0,4,2
2020-08-30,US,Missouri,Andrew,127,1,0,39.98492163,-94.80163024,29003.0,717.0280036133695,0.7874015748031497,126,127,1,0,126,122,17607,0,0,0,0,5
2020-08-30,US,Missouri,Atchison,28,0,0,40.43238737,-95.42970639,29005.0,544.4293214077387,0.0,28,28,0,0,28,25,5171,0,0,0,0,3
2020-08-30,US,Missouri,Audrain,264,1,0,39.215877,-91.84242683,29007.0,1039.8613518197574,0.3787878787878788,263,260,1,0,259,255,25473,4,0,0,4,5
2020-08-30,US,Missouri,Barry,353,4,0,36.70978521,-93.82919888,29009.0,986.3365838665512,1.13314447592068,349,352,4,0,348,349,35886,1,0,0,1,3
2020-08-30,US,Missouri,Barton,102,0,0,37.50207671,-94.34757022,29011.0,867.7896886166411,0.0,102,102,0,0,102,94,11798,0,0,0,0,8
2020-08-30,US,Missouri,Bates,72,1,0,38.25271289,-94.34113157,29013.0,445.21395003710114,1.3888888888888888,71,70,1,0,69,66,16320,2,0,0,2,4
2020-08-30,US,Missouri,Benton,156,1,0,38.29503305,-93.28756116,29015.0,802.3453170806972,0.6410256410256411,155,155,1,0,154,154,19278,1,0,0,1,1
2020-08-30,US,Missouri,Bollinger,125,1,0,37.32449052,-90.02725304,29017.0,1030.2480837385642,0.8,124,121,1,0,120,115,12169,4,0,0,4,6
2020-08-30,US,Missouri,Boone,2514,6,0,38.99186229,-92.30723575,29019.0,1393.0833467248135,0.2386634844868735,2508,2358,6,0,2352,2283,180005,156,0,0,156,75
2020-08-30,US,Missouri,Buchanan,1298,10,0,39.65816401,-94.80138942,29021.0,1485.7378325168258,0.7704160246533128,1288,1276,10,0,1266,1247,88571,22,0,0,22,29
2020-08-30,US,Missouri,Butler,373,2,0,36.71462476,-90.40421163,29023.0,878.1016055369838,0.5361930294906166,371,373,2,0,371,366,42639,0,0,0,0,7
2020-08-30,US,Missouri,Caldwell,41,1,0,39.65620858,-93.98308093,29025.0,454.54545454545456,2.4390243902439024,40,41,1,0,40,41,9108,0,0,0,0,0
2020-08-30,US,Missouri,Callaway,325,2,0,38.83674754,-91.92186505,29027.0,726.3706054578371,0.6153846153846154,323,316,2,0,314,306,44889,9,0,0,9,10
2020-08-30,US,Missouri,Camden,519,8,0,38.02199522,-92.76083747,29029.0,1120.8292840945903,1.5414258188824663,511,510,8,0,502,500,45815,9,0,0,9,10
2020-08-30,US,Missouri,Cape Girardeau,960,7,0,37.38489388,-89.6843587,29031.0,1217.1774162873553,0.7291666666666666,953,944,7,0,937,930,78753,16,0,0,16,14
2020-08-30,US,Missouri,Carroll,110,0,0,39.42762566,-93.50626255,29033.0,1267.427122940431,0.0,110,110,0,0,110,108,8743,0,0,0,0,2
2020-08-30,US,Missouri,Carter,36,1,0,36.94160441,-90.96051322,29035.0,601.8054162487463,2.7777777777777777,35,36,1,0,35,33,6054,0,0,0,0,3
2020-08-30,US,Missouri,Cass,1065,11,0,38.64789422,-94.353399,29037.0,1006.8065796937041,1.0328638497652582,1054,1053,11,0,1042,1027,104954,12,0,0,12,26
2020-08-30,US,Missouri,Cedar,51,0,0,37.72391475,-93.85445441,29039.0,355.42546518921165,0.0,51,48,0,0,48,48,14165,3,0,0,3,0
2020-08-30,US,Missouri,Chariton,26,0,0,39.51499357,-92.9629191,29041.0,350.12119579854567,0.0,26,25,0,0,25,23,7451,1,0,0,1,2
2020-08-30,US,Missouri,Christian,654,1,0,36.9711783,-93.18537118,29043.0,738.1906428127999,0.1529051987767584,653,634,1,0,633,606,86983,20,0,0,20,28
2020-08-30,US,Missouri,Clark,42,0,0,40.41040752,-91.73661677,29045.0,617.9196704428424,0.0,42,41,0,0,41,40,6842,1,0,0,1,1
2020-08-30,US,Missouri,Clay,1363,31,0,39.31132056,-94.41850862,29047.0,545.31342519244,2.2743947175348502,1332,1355,31,0,1324,1346,246365,8,0,0,8,9
2020-08-30,US,Missouri,Clinton,132,0,0,39.6013098,-94.40465394,29049.0,647.471427870702,0.0,132,128,0,0,128,127,20470,4,0,0,4,1
2020-08-30,US,Missouri,Cole,831,4,0,38.50455671,-92.27860244,29051.0,1082.8066975047234,0.4813477737665463,827,820,4,0,816,788,76796,11,0,0,11,32
2020-08-30,US,Missouri,Cooper,223,1,0,38.844478,-92.80896081,29053.0,1259.2467107120676,0.4484304932735426,222,220,1,0,219,216,17603,3,0,0,3,4
2020-08-30,US,Missouri,Crawford,179,1,0,37.97663738,-91.30528104,29055.0,748.3277591973242,0.5586592178770949,178,178,1,0,177,175,23957,1,0,0,1,3
2020-08-30,US,Missouri,Dade,27,0,0,37.431814,-93.8503345,29057.0,357.0956222721863,0.0,27,26,0,0,26,24,7569,1,0,0,1,2
2020-08-30,US,Missouri,Dallas,108,1,0,37.681135499999996,-93.02127031,29059.0,639.8862424457874,0.925925925925926,107,108,1,0,107,105,16762,0,0,0,0,3
2020-08-30,US,Missouri,Daviess,24,0,0,39.96145298,-93.98519678,29061.0,289.9251026818072,0.0,24,22,0,0,22,22,8313,2,0,0,2,0
2020-08-30,US,Missouri,DeKalb,65,1,0,39.89201062,-94.40476508,29063.0,518.0521240137083,1.5384615384615383,64,63,1,0,62,61,12630,2,0,0,2,2
2020-08-30,US,Missouri,Dent,38,0,0,37.60663134,-91.50790473,29065.0,244.0120721762024,0.0,38,36,0,0,36,33,15441,2,0,0,2,3
2020-08-30,US,Missouri,Douglas,110,2,0,36.9325593,-92.49905109,29067.0,834.2813803564658,1.818181818181818,108,109,2,0,107,106,13373,1,0,0,1,3
2020-08-30,US,Missouri,Dunklin,487,4,0,36.27167174,-90.09122243,29069.0,1671.7586076688065,0.8213552361396304,483,473,4,0,469,473,29423,14,0,0,14,0
2020-08-30,US,Missouri,Franklin,1018,21,0,38.41127108,-91.07522826,29071.0,979.1568478459512,2.06286836935167,997,1002,20,0,982,981,103670,16,1,0,15,21
2020-08-30,US,Missouri,Gasconade,94,4,0,38.43947277,-91.50847147,29073.0,639.1948864409085,4.25531914893617,90,84,4,0,80,81,14705,10,0,0,10,3
2020-08-30,US,Missouri,Gentry,93,9,0,40.21097916,-94.40944419,29075.0,1415.3096941104855,9.677419354838712,84,92,9,0,83,92,6628,1,0,0,1,0
2020-08-30,US,Missouri,Greene,3039,10,0,37.2575872,-93.34230916,29077.0,1036.8970199873074,0.3290556103981573,3029,2947,10,0,2937,2805,291923,92,0,0,92,142
2020-08-30,US,Missouri,Grundy,43,1,0,40.11406587,-93.56509276,29079.0,436.5482233502538,2.3255813953488373,42,40,1,0,39,38,9914,3,0,0,3,2
2020-08-30,US,Missouri,Harrison,71,1,0,40.35570088,-93.99222144,29081.0,850.095785440613,1.4084507042253518,70,70,1,0,69,68,8414,1,0,0,1,2
2020-08-30,US,Missouri,Henry,114,3,0,38.38482826,-93.79293734,29083.0,522.3607038123166,2.631578947368421,111,112,3,0,109,112,21792,2,0,0,2,0
2020-08-30,US,Missouri,Hickory,63,0,0,37.94163617,-93.3203037,29085.0,660.1005867560771,0.0,63,63,0,0,63,62,9509,0,0,0,0,1
2020-08-30,US,Missouri,Holt,62,0,0,40.09799248,-95.21638879999999,29087.0,1408.1308198955255,0.0,62,61,0,0,61,58,4404,1,0,0,1,3
2020-08-30,US,Missouri,Howard,114,0,0,39.1435761,-92.69756691,29089.0,1139.88601139886,0.0,114,110,0,0,110,110,10137,4,0,0,4,0
2020-08-30,US,Missouri,Howell,255,3,0,36.77383887,-91.88683935,29091.0,635.6407508038986,1.1764705882352942,252,242,3,0,239,235,40076,13,0,0,13,7
2020-08-30,US,Missouri,Iron,48,0,0,37.55487945,-90.7735296,29093.0,474.0740740740741,0.0,48,47,0,0,47,47,10177,1,0,0,1,0
2020-08-30,US,Missouri,Jackson,5462,77,0,39.01002188,-94.34724536,29095.0,776.9437462571709,1.4097400219699745,5385,5386,77,0,5309,5324,700307,76,0,0,76,62
2020-08-30,US,Missouri,Jasper,2328,35,0,37.20351921,-94.34050458,29097.0,1918.7656600290122,1.5034364261168385,2293,2286,35,0,2251,2251,120636,42,0,0,42,35
2020-08-30,US,Missouri,Jefferson,2665,38,0,38.25926778,-90.53870896,29099.0,1184.0181978932028,1.4258911819887432,2627,2584,37,0,2547,2536,224347,81,1,0,80,48
2020-08-30,US,Missouri,Johnson,592,3,0,38.74719601,-93.80691168,29101.0,1095.0390292626985,0.5067567567567568,589,587,3,0,584,582,53652,5,0,0,5,5
2020-08-30,US,Missouri,Kansas City,9183,69,0,39.0997,-94.5786,0.0,1878.1330339119284,0.7513884351519111,9114,9109,69,0,9040,8995,491918,74,0,0,74,114
2020-08-30,US,Missouri,Knox,38,0,0,40.12699751,-92.14780832,29103.0,959.8383430159132,0.0,38,38,0,0,38,38,3947,0,0,0,0,0
2020-08-30,US,Missouri,Laclede,290,1,0,37.65896829,-92.5888493,29105.0,811.8019203314391,0.3448275862068966,289,285,1,0,284,280,35713,5,0,0,5,5
2020-08-30,US,Missouri,Lafayette,234,2,0,39.06986886,-93.78076396,29107.0,715.4213036565977,0.8547008547008547,232,233,2,0,231,226,32598,1,0,0,1,7
2020-08-30,US,Missouri,Lawrence,352,2,0,37.10626634,-93.83293097,29109.0,917.74214574371,0.5681818181818182,350,351,2,0,349,342,38359,1,0,0,1,9
2020-08-30,US,Missouri,Lewis,59,2,0,40.09673161,-91.72070156,29111.0,603.518821603928,3.3898305084745757,57,59,2,0,57,56,9855,0,0,0,0,3
2020-08-30,US,Missouri,Lincoln,559,1,0,39.05345619,-90.95588181,29113.0,947.2489112568416,0.17889087656529518,558,551,1,0,550,537,57686,8,0,0,8,14
2020-08-30,US,Missouri,Linn,47,1,0,39.87001769,-93.10704106,29115.0,394.29530201342277,2.127659574468085,46,47,1,0,46,46,12037,0,0,0,0,1
2020-08-30,US,Missouri,Livingston,74,1,0,39.78110272,-93.54645978,29117.0,485.97885335259735,1.351351351351351,73,73,1,0,72,71,15146,1,0,0,1,2
2020-08-30,US,Missouri,Macon,76,0,0,39.83049768,-92.56453089,29121.0,502.745253687901,0.0,76,75,0,0,75,75,15153,1,0,0,1,0
2020-08-30,US,Missouri,Madison,131,0,0,37.47865134,-90.34671429999999,29123.0,1083.7193911317008,0.0,131,119,0,0,119,111,12188,12,0,0,12,8
2020-08-30,US,Missouri,Maries,46,0,0,38.16193985,-91.92249662,29125.0,528.9180177072553,0.0,46,44,0,0,44,41,8769,2,0,0,2,3
2020-08-30,US,Missouri,Marion,463,3,0,39.80601912,-91.62203062,29127.0,1622.8531370487203,0.6479481641468683,460,453,3,0,450,425,28592,10,0,0,10,28
2020-08-30,US,Missouri,McDonald,987,10,0,36.62869595,-94.34867205,29119.0,4321.933704076718,1.0131712259371837,977,987,10,0,977,986,23078,0,0,0,0,1
2020-08-30,US,Missouri,Mercer,17,0,0,40.42212303,-93.56829590000001,29129.0,470.0027647221454,0.0,17,17,0,0,17,16,3641,0,0,0,0,1
2020-08-30,US,Missouri,Miller,245,1,0,38.21450288,-92.42610898,29131.0,956.32148015145,0.4081632653061225,244,238,1,0,237,229,25336,7,0,0,7,9
2020-08-30,US,Missouri,Mississippi,234,0,0,36.82516239,-89.29505753,29133.0,1775.4172989377844,0.0,234,230,0,0,230,222,13336,4,0,0,4,8
2020-08-30,US,Missouri,Moniteau,188,2,0,38.63571781,-92.57976951,29135.0,1165.3855690552941,1.0638297872340423,186,186,2,0,184,181,16121,2,0,0,2,5
2020-08-30,US,Missouri,Monroe,68,0,0,39.49593978,-92.00043978,29137.0,786.6728366496992,0.0,68,68,0,0,68,66,8664,0,0,0,0,2
2020-08-30,US,Missouri,Montgomery,56,1,0,38.94022054,-91.47000721,29139.0,484.80651025885203,1.7857142857142858,55,56,1,0,55,55,11534,0,0,0,0,1
2020-08-30,US,Missouri,Morgan,118,0,0,38.4181765,-92.88791859,29141.0,572.0657390798467,0.0,118,117,0,0,117,117,20358,1,0,0,1,0
2020-08-30,US,Missouri,New Madrid,407,4,0,36.59666326,-89.66070007,29143.0,2383.4621691262587,0.9828009828009828,403,398,4,0,394,365,17296,9,0,0,9,33
2020-08-30,US,Missouri,Newton,1077,13,0,36.90519407,-94.3394104,29145.0,1849.371522769421,1.2070566388115134,1064,1071,13,0,1058,1063,58266,6,0,0,6,8
2020-08-30,US,Missouri,Nodaway,392,1,0,40.36079813,-94.88133008,29147.0,1774.3979721166033,0.2551020408163265,391,390,1,0,389,379,22304,2,0,0,2,11
2020-08-30,US,Missouri,Oregon,50,0,0,36.68710164,-91.4033755,29149.0,474.87890587900085,0.0,50,47,0,0,47,47,10541,3,0,0,3,0
2020-08-30,US,Missouri,Osage,78,1,0,38.46036182,-91.8613635,29151.0,572.8975394785164,1.2820512820512822,77,78,1,0,77,75,13714,0,0,0,0,3
2020-08-30,US,Missouri,Ozark,25,0,0,36.64916339,-92.44459066,29153.0,272.5092653150207,0.0,25,23,0,0,23,21,9017,2,0,0,2,2
2020-08-30,US,Missouri,Pemiscot,328,9,0,36.2130572,-89.78742322,29155.0,2075.2926289149004,2.7439024390243905,319,323,9,0,314,319,16272,5,0,0,5,4
2020-08-30,US,Missouri,Perry,388,4,0,37.70660776,-89.82741088,29157.0,2027.591973244147,1.0309278350515465,384,369,4,0,365,360,19150,19,0,0,19,9
2020-08-30,US,Missouri,Pettis,790,8,0,38.72798918,-93.28471706,29159.0,1865.8919672169864,1.0126582278481011,782,789,8,0,781,774,42542,1,0,0,1,15
2020-08-30,US,Missouri,Phelps,208,0,0,37.87736118,-91.79351727,29161.0,466.65021425526663,0.0,208,199,0,0,199,190,44732,9,0,0,9,9
2020-08-30,US,Missouri,Pike,143,1,0,39.34310674,-91.16980779,29163.0,781.3353731832586,0.6993006993006993,142,140,1,0,139,138,18504,3,0,0,3,2
2020-08-30,US,Missouri,Platte,478,10,0,39.38154439,-94.77068479,29165.0,457.7754793234883,2.092050209205021,468,472,10,0,462,465,102985,6,0,0,6,7
2020-08-30,US,Missouri,Polk,281,0,0,37.616229600000004,-93.39828174,29167.0,874.0551805654919,0.0,281,281,0,0,281,276,32201,0,0,0,0,5
2020-08-30,US,Missouri,Pulaski,385,2,0,37.82462075,-92.20783203,29169.0,731.8417701066397,0.5194805194805194,383,383,1,0,382,374,52014,2,1,0,1,9
2020-08-30,US,Missouri,Putnam,23,1,0,40.47942497,-93.02042674,29171.0,489.778534923339,4.3478260869565215,22,23,1,0,22,22,4757,0,0,0,0,1
2020-08-30,US,Missouri,Ralls,109,0,0,39.52817427,-91.51838643,29173.0,1057.3285478707926,0.0,109,108,0,0,108,106,10212,1,0,0,1,2
2020-08-30,US,Missouri,Randolph,118,1,0,39.44007257,-92.49713740000001,29175.0,476.8062065621464,0.8474576271186439,117,112,1,0,111,107,24763,6,0,0,6,5
2020-08-30,US,Missouri,Ray,125,0,0,39.353746799999996,-93.98905745,29177.0,543.0532626640022,0.0,125,124,0,0,124,124,22883,1,0,0,1,0
2020-08-30,US,Missouri,Reynolds,22,0,0,37.36085952,-90.97009925,29179.0,350.8771929824562,0.0,22,21,0,0,21,21,6254,1,0,0,1,0
2020-08-30,US,Missouri,Ripley,87,0,0,36.65460667,-90.85990261,29181.0,654.7260686333533,0.0,87,86,0,0,86,85,13401,1,0,0,1,1
2020-08-30,US,Missouri,Saline,543,7,0,39.13734288,-93.20259964,29195.0,2385.6596810333467,1.2891344383057088,536,543,7,0,536,534,22895,0,0,0,0,9
2020-08-30,US,Missouri,Schuyler,18,0,0,40.46921489,-92.52311943,29197.0,386.26609442060084,0.0,18,18,0,0,18,16,4599,0,0,0,0,2
2020-08-30,US,Missouri,Scotland,18,1,0,40.45214695,-92.14709064,29199.0,367.1970624235006,5.5555555555555545,17,18,1,0,17,18,4966,0,0,0,0,0
2020-08-30,US,Missouri,Scott,619,14,0,37.05588075,-89.56474493,29201.0,1617.032392894462,2.261712439418417,605,606,14,0,592,582,38458,13,0,0,13,24
2020-08-30,US,Missouri,Shannon,52,1,0,37.15772072,-91.40190382,29203.0,636.7866764633848,1.9230769230769231,51,51,1,0,50,50,8189,1,0,0,1,1
2020-08-30,US,Missouri,Shelby,46,0,0,39.79742518,-92.07634971,29205.0,775.716694772344,0.0,46,46,0,0,46,45,6050,0,0,0,0,1
2020-08-30,US,Missouri,St. Charles,5693,101,0,38.77875681,-90.66662425,29183.0,1416.0916566755054,1.7741085543650097,5592,5632,99,0,5533,5558,399182,61,2,0,59,74
2020-08-30,US,Missouri,St. Clair,27,0,0,38.03699437,-93.77631447,29185.0,287.3257422581675,0.0,27,28,0,0,28,26,9395,-1,0,0,-1,2
2020-08-30,US,Missouri,St. Francois,1041,4,0,37.81214171,-90.47598685,29187.0,1548.761437179201,0.38424591738712777,1037,988,4,0,984,956,66692,53,0,0,53,32
2020-08-30,US,Missouri,St. Louis,19278,729,0,38.63770039999999,-90.4458375,29189.0,1939.0367177795324,3.7815126050420167,18549,19071,729,0,18342,18774,996945,207,0,0,207,297
2020-08-30,US,Missouri,St. Louis City,6147,188,0,38.63555736,-90.24349225,29510.0,2045.0734589587992,3.058402472750936,5959,6086,188,0,5898,6059,302838,61,0,0,61,27
2020-08-30,US,Missouri,Ste. Genevieve,109,1,0,37.89090059,-90.1949941,29186.0,609.1427294065049,0.9174311926605504,108,105,1,0,104,101,17888,4,0,0,4,4
2020-08-30,US,Missouri,Stoddard,294,9,0,36.85571651,-89.9444155,29207.0,1012.9198966408268,3.0612244897959178,285,290,9,0,281,286,29206,4,0,0,4,4
2020-08-30,US,Missouri,Stone,274,2,0,36.75000327,-93.45256475,29209.0,857.536304456685,0.7299270072992701,272,267,2,0,265,262,31749,7,0,0,7,5
2020-08-30,US,Missouri,Sullivan,173,0,0,40.2099105,-93.11150106,29211.0,2841.1890293972738,0.0,173,173,0,0,173,171,6221,0,0,0,0,2
2020-08-30,US,Missouri,Taney,906,14,0,36.65465345,-93.04075153,29213.0,1619.9399227578315,1.5452538631346575,892,900,14,0,886,893,55852,6,0,0,6,7
2020-08-30,US,Missouri,Texas,98,1,0,37.31728859,-91.96564727,29215.0,385.85715410662254,1.020408163265306,97,96,1,0,95,91,25571,2,0,0,2,5
2020-08-30,US,Missouri,Vernon,82,0,0,37.8457799,-94.34127305,29217.0,398.77449788454993,0.0,82,80,0,0,80,80,20528,2,0,0,2,0
2020-08-30,US,Missouri,Warren,321,0,0,38.76529479,-91.16124662,29219.0,900.4460153159978,0.0,321,319,0,0,319,315,34711,2,0,0,2,4
2020-08-30,US,Missouri,Washington,237,1,0,37.96130078,-90.87948158,29221.0,958.3501819652244,0.4219409282700422,236,228,1,0,227,227,24943,9,0,0,9,1
2020-08-30,US,Missouri,Wayne,84,0,0,37.11303869,-90.46001416,29223.0,652.5285481239804,0.0,84,82,0,0,82,79,13122,2,0,0,2,3
2020-08-30,US,Missouri,Webster,217,1,0,37.2813734,-92.876329,29225.0,548.0905233380481,0.4608294930875576,216,214,1,0,213,205,39109,3,0,0,3,9
2020-08-30,US,Missouri,Worth,12,0,0,40.47945588,-94.42328751,29227.0,596.1251862891207,0.0,12,11,0,0,11,11,2040,1,0,0,1,0
2020-08-30,US,Missouri,Wright,89,0,0,37.27029221,-92.46914488,29229.0,486.6313084367652,0.0,89,88,0,0,88,89,18378,1,0,0,1,-1
2020-08-30,US,Montana,Beaverhead,70,1,0,45.13434354,-112.89846940000001,30001.0,740.5056595789696,1.4285714285714286,69,70,1,0,69,70,9404,0,0,0,0,0
2020-08-30,US,Montana,Big Horn,652,15,0,45.42335905,-107.492347,30003.0,4895.262407087619,2.3006134969325154,637,652,15,0,637,630,13338,0,0,0,0,22
2020-08-30,US,Montana,Blaine,15,0,0,48.43175214,-108.9582723,30005.0,224.51728783116297,0.0,15,15,0,0,15,15,6807,0,0,0,0,0
2020-08-30,US,Montana,Broadwater,16,0,0,46.33277565,-111.49558130000001,30007.0,256.5335898669232,0.0,16,16,0,0,16,16,6085,0,0,0,0,0
2020-08-30,US,Montana,Carbon,86,0,0,45.22850116,-109.0274047,30009.0,801.8648018648017,0.0,86,86,0,0,86,86,10714,0,0,0,0,0
2020-08-30,US,Montana,Cascade,280,5,0,47.30797024,-111.3467922,30013.0,344.1240813116044,1.7857142857142858,275,280,5,0,275,265,81643,0,0,0,0,15
2020-08-30,US,Montana,Chouteau,10,0,0,47.88084126,-110.4353362,30015.0,177.4622892635315,0.0,10,10,0,0,10,10,5745,0,0,0,0,0
2020-08-30,US,Montana,Custer,66,2,0,46.25319932,-105.57375259999998,30017.0,578.8458165234169,3.0303030303030303,64,66,2,0,64,67,11586,0,0,0,0,-1
2020-08-30,US,Montana,Daniels,3,0,0,48.78420029,-105.54763429999998,30019.0,177.5147928994083,0.0,3,3,0,0,3,3,1747,0,0,0,0,0
2020-08-30,US,Montana,Dawson,44,0,0,47.26584855,-104.89444170000002,30021.0,510.8556832694764,0.0,44,40,0,0,40,39,8680,4,0,0,4,1
2020-08-30,US,Montana,Deer Lodge,33,0,0,46.05953325,-113.073353,30023.0,361.05032822757113,0.0,33,33,0,0,33,33,9131,0,0,0,0,0
2020-08-30,US,Montana,Fallon,2,0,0,46.33478338,-104.41835649999999,30025.0,70.27406886858749,0.0,2,2,0,0,2,2,2920,0,0,0,0,0
2020-08-30,US,Montana,Fergus,31,0,0,47.26331584,-109.2245206,30027.0,280.5429864253394,0.0,31,31,0,0,31,32,11113,0,0,0,0,-1
2020-08-30,US,Montana,Flathead,588,7,0,48.29575866,-114.05205690000001,30029.0,566.4412461707417,1.1904761904761905,581,585,7,0,578,557,102106,3,0,0,3,28
2020-08-30,US,Montana,Gallatin,1074,3,0,45.54486106,-111.1692571,30031.0,938.5322543999164,0.2793296089385475,1071,1069,3,0,1066,1051,111876,5,0,0,5,18
2020-08-30,US,Montana,Garfield,13,0,0,47.27545948,-107.0002351,30033.0,1033.3863275039746,0.0,13,13,0,0,13,12,1268,0,0,0,0,1
2020-08-30,US,Montana,Glacier,135,1,0,48.70513576,-112.9934235,30035.0,981.6040136697447,0.7407407407407407,134,135,1,0,134,135,13747,0,0,0,0,0
2020-08-30,US,Montana,Golden Valley,3,0,0,46.3816474,-109.17685220000001,30037.0,365.4080389768576,0.0,3,3,0,0,3,3,826,0,0,0,0,0
2020-08-30,US,Montana,Granite,19,0,0,46.40605220000001,-113.4414186,30039.0,562.2965374371116,0.0,19,19,0,0,19,18,3378,0,0,0,0,1
2020-08-30,US,Montana,Hill,81,2,0,48.62879827,-110.1129252,30041.0,491.38558602281,2.469135802469136,79,81,2,0,79,79,16347,0,0,0,0,2
2020-08-30,US,Montana,Jefferson,39,0,0,46.14907081,-112.094396,30043.0,319.1228213730464,0.0,39,39,0,0,39,38,12097,0,0,0,0,1
2020-08-30,US,Montana,Judith Basin,6,0,0,47.04581276,-110.26606880000001,30045.0,298.95366218236165,0.0,6,6,0,0,6,5,1952,0,0,0,0,1
2020-08-30,US,Montana,Lake,202,1,0,47.64514965,-114.0898013,30047.0,663.2083524853898,0.4950495049504951,201,202,1,0,201,199,30250,0,0,0,0,3
2020-08-30,US,Montana,Lewis and Clark,196,2,0,47.12610041,-112.39469799999999,30049.0,282.290586473096,1.020408163265306,194,196,2,0,194,195,68700,0,0,0,0,1
2020-08-30,US,Montana,Liberty,5,0,0,48.56084317,-111.02430700000001,30051.0,213.9495079161317,0.0,5,5,0,0,5,5,2430,0,0,0,0,0
2020-08-30,US,Montana,Lincoln,89,2,0,48.54265777,-115.4046155,30053.0,445.4454454454454,2.247191011235955,87,89,2,0,87,89,19794,0,0,0,0,0
2020-08-30,US,Montana,Madison,93,1,0,45.30080065,-111.9173017,30057.0,1081.3953488372092,1.075268817204301,92,92,1,0,91,92,8768,1,0,0,1,0
2020-08-30,US,Montana,McCone,12,0,0,47.64469406,-105.79449939999999,30055.0,721.1538461538463,0.0,12,11,0,0,11,8,1675,1,0,0,1,3
2020-08-30,US,Montana,Meagher,4,0,0,46.59907074,-110.8898557,30059.0,214.8227712137487,0.0,4,4,0,0,4,4,1866,0,0,0,0,0
2020-08-30,US,Montana,Mineral,2,0,0,47.15283992,-115.00152390000001,30061.0,45.48555833522857,0.0,2,2,0,0,2,2,4316,0,0,0,0,0
2020-08-30,US,Montana,Missoula,433,3,0,47.03728583,-113.92135079999998,30063.0,362.04013377926424,0.6928406466512702,430,431,3,0,428,427,118791,2,0,0,2,4
2020-08-30,US,Montana,Musselshell,12,0,0,46.49684637,-108.39498,30065.0,259.0114396719188,0.0,12,10,0,0,10,9,4651,2,0,0,2,1
2020-08-30,US,Montana,Park,63,0,0,45.48965095,-110.52643940000002,30067.0,379.3809466457907,0.0,63,63,0,0,63,63,16736,0,0,0,0,0
2020-08-30,US,Montana,Phillips,110,0,0,48.25936577,-107.9128511,30071.0,2781.99291856348,0.0,110,110,0,0,110,110,4074,0,0,0,0,0
2020-08-30,US,Montana,Pondera,15,0,0,48.22773388,-112.22527029999999,30073.0,253.76416849940787,0.0,15,15,0,0,15,15,5972,0,0,0,0,0
2020-08-30,US,Montana,Powder River,2,0,0,45.39617714,-105.636738,30075.0,118.90606420927469,0.0,2,2,0,0,2,2,1716,0,0,0,0,0
2020-08-30,US,Montana,Powell,10,0,0,46.85538891,-112.93591640000001,30077.0,145.1378809869376,0.0,10,10,0,0,10,10,6968,0,0,0,0,0
2020-08-30,US,Montana,Prairie,1,0,0,46.86048047,-105.379384,30079.0,92.85051067780873,0.0,1,1,0,0,1,1,1087,0,0,0,0,0
2020-08-30,US,Montana,Ravalli,107,2,0,46.08520862,-114.11891640000002,30081.0,244.258777336438,1.8691588785046729,105,107,2,0,105,104,43172,0,0,0,0,3
2020-08-30,US,Montana,Richland,58,2,0,47.78668011,-104.5610786,30083.0,536.8879015088402,3.4482758620689653,56,58,2,0,56,57,10913,0,0,0,0,1
2020-08-30,US,Montana,Roosevelt,34,1,0,48.29607488,-105.00792679999999,30085.0,308.9785532533624,2.9411764705882355,33,34,1,0,33,34,11059,0,0,0,0,0
2020-08-30,US,Montana,Rosebud,260,2,0,46.23397237,-106.72928799999998,30087.0,2909.253664540673,0.7692307692307693,258,232,2,0,230,205,9063,28,0,0,28,27
2020-08-30,US,Montana,Sanders,31,0,0,47.67657534,-115.1329916,30089.0,255.9233880954346,0.0,31,31,0,0,31,31,11844,0,0,0,0,0
2020-08-30,US,Montana,Sheridan,5,0,0,48.72085833,-104.50382900000001,30091.0,151.1030522816561,0.0,5,5,0,0,5,5,3424,0,0,0,0,0
2020-08-30,US,Montana,Silver Bow,111,0,0,45.90018933,-112.6620092,30093.0,317.9149362738078,0.0,111,111,0,0,111,111,34993,0,0,0,0,0
2020-08-30,US,Montana,Stillwater,36,2,0,45.67071407,-109.3950061,30095.0,373.366521468575,5.5555555555555545,34,36,2,0,34,36,9534,0,0,0,0,0
2020-08-30,US,Montana,Sweet Grass,14,1,0,45.81367654,-109.9425686,30097.0,374.6320578003745,7.142857142857142,13,12,1,0,11,10,3710,2,0,0,2,2
2020-08-30,US,Montana,Teton,18,0,0,47.83741052,-112.24106880000001,30099.0,292.8257686676428,0.0,18,18,0,0,18,18,6162,0,0,0,0,0
2020-08-30,US,Montana,Toole,47,6,0,48.65577551,-111.69424140000001,30101.0,992.3986486486486,12.76595744680851,41,47,6,0,41,47,4853,0,0,0,0,0
2020-08-30,US,Montana,Treasure,3,0,0,46.20973220000001,-107.26665159999999,30103.0,431.0344827586207,0.0,3,3,0,0,3,3,679,0,0,0,0,0
2020-08-30,US,Montana,Valley,40,0,0,48.36435097,-106.6669635,30105.0,540.8328826392644,0.0,40,40,0,0,40,39,7437,0,0,0,0,1
2020-08-30,US,Montana,Wheatland,3,0,0,46.46652491,-109.84646359999999,30107.0,141.11006585136406,0.0,3,3,0,0,3,3,2236,0,0,0,0,0
2020-08-30,US,Montana,Wibaux,5,0,0,46.95925154,-104.2510927,30109.0,515.9958720330237,0.0,5,5,0,0,5,5,1034,0,0,0,0,0
2020-08-30,US,Montana,Yellowstone,2053,43,0,45.93955949,-108.26914860000001,30111.0,1272.7836329820211,2.0944958597174868,2010,2012,43,0,1969,1958,160137,41,0,0,41,54
2020-08-30,US,Nebraska,Adams,403,11,0,40.52449420000001,-98.50117804,31001.0,1284.9536077543605,2.729528535980149,392,401,11,0,390,399,31511,2,0,0,2,2
2020-08-30,US,Nebraska,Antelope,25,1,0,42.17695516,-98.06662829999999,31003.0,396.9514131470308,4.0,24,24,1,0,23,24,6336,1,0,0,1,0
2020-08-30,US,Nebraska,Arthur,1,0,0,41.56896142,-101.6959559,31005.0,215.98272138228938,0.0,1,1,0,0,1,1,465,0,0,0,0,0
2020-08-30,US,Nebraska,Banner,2,0,0,41.54634427,-103.7114332,31007.0,268.4563758389262,0.0,2,2,0,0,2,2,730,0,0,0,0,0
2020-08-30,US,Nebraska,Boone,24,0,0,41.70759415,-98.06737183,31011.0,462.2496147919877,0.0,24,22,0,0,22,22,5239,2,0,0,2,0
2020-08-30,US,Nebraska,Box Butte,23,0,0,42.22079243,-103.08788340000001,31013.0,213.2987109338774,0.0,23,23,0,0,23,23,10772,0,0,0,0,0
2020-08-30,US,Nebraska,Boyd,10,0,0,42.899727399999996,-98.76486568,31015.0,521.1047420531527,0.0,10,10,0,0,10,10,1955,0,0,0,0,0
2020-08-30,US,Nebraska,Brown,3,0,0,42.43018907,-99.92904055,31017.0,101.5228426395939,0.0,3,3,0,0,3,3,2973,0,0,0,0,0
2020-08-30,US,Nebraska,Buffalo,676,3,0,40.85486962,-99.07500296,31019.0,1361.2839565839022,0.4437869822485207,673,664,3,0,661,654,49615,12,0,0,12,10
2020-08-30,US,Nebraska,Burt,64,0,0,41.85056773,-96.32605633,31021.0,990.8654590493884,0.0,64,64,0,0,64,63,6488,0,0,0,0,1
2020-08-30,US,Nebraska,Butler,94,0,0,41.22703692,-97.13106306,31023.0,1172.6546906187625,0.0,94,94,0,0,94,83,8058,0,0,0,0,11
2020-08-30,US,Nebraska,Cass,253,2,0,40.90899107,-96.13971217,31025.0,963.8829625114296,0.7905138339920948,251,251,2,0,249,250,26159,2,0,0,2,1
2020-08-30,US,Nebraska,Cedar,46,0,0,42.598885100000004,-97.25311951,31027.0,547.4886931682933,0.0,46,45,0,0,45,45,8446,1,0,0,1,0
2020-08-30,US,Nebraska,Chase,11,0,0,40.523719799999995,-101.69780259999999,31029.0,280.32619775739045,0.0,11,11,0,0,11,11,3977,0,0,0,0,0
2020-08-30,US,Nebraska,Cherry,21,0,0,42.54502621,-101.1244332,31031.0,369.13341536298117,0.0,21,19,0,0,19,19,5761,2,0,0,2,0
2020-08-30,US,Nebraska,Cheyenne,28,0,0,41.21999357,-102.9941693,31033.0,314.25364758698095,0.0,28,28,0,0,28,28,9310,0,0,0,0,0
2020-08-30,US,Nebraska,Clay,57,0,0,40.52439441,-98.05126296,31035.0,918.9102047396422,0.0,57,57,0,0,57,57,6214,0,0,0,0,0
2020-08-30,US,Nebraska,Colfax,726,5,0,41.57486951,-97.0868542,31037.0,6779.34447660846,0.6887052341597796,721,722,5,0,717,721,10881,4,0,0,4,1
2020-08-30,US,Nebraska,Cuming,82,0,0,41.91637624,-96.78730772,31039.0,926.9726430024872,0.0,82,81,0,0,81,79,8940,1,0,0,1,2
2020-08-30,US,Nebraska,Custer,73,4,0,41.39374521,-99.72805369,31041.0,677.3684698895796,5.479452054794519,69,73,4,0,69,72,10840,0,0,0,0,1
2020-08-30,US,Nebraska,Dakota,2000,42,0,42.39040144,-96.56656425,31043.0,9987.016878058525,2.1,1958,1992,42,0,1950,1986,20083,8,0,0,8,6
2020-08-30,US,Nebraska,Dawes,73,0,0,42.71985036,-103.1313774,31045.0,849.9243218069624,0.0,73,73,0,0,73,71,8716,0,0,0,0,2
2020-08-30,US,Nebraska,Dawson,1002,10,0,40.87028216,-99.82014609999999,31047.0,4246.66242848061,0.998003992015968,992,1001,10,0,991,998,23709,1,0,0,1,3
2020-08-30,US,Nebraska,Deuel,2,0,0,41.11168186,-102.33333309999999,31049.0,111.48272017837236,0.0,2,2,0,0,2,2,1825,0,0,0,0,0
2020-08-30,US,Nebraska,Dixon,61,2,0,42.49188363,-96.86782408,31051.0,1082.3278921220724,3.278688524590164,59,61,2,0,59,60,5709,0,0,0,0,1
2020-08-30,US,Nebraska,Dodge,911,11,0,41.58071748,-96.65598179,31053.0,2491.4535758238753,1.2074643249176729,900,904,11,0,893,896,36791,7,0,0,7,8
2020-08-30,US,Nebraska,Douglas,13431,155,0,41.29518299,-96.15085305,31055.0,2350.842862318777,1.154046608592063,13276,13338,155,0,13183,13207,566880,93,0,0,93,131
2020-08-30,US,Nebraska,Dundy,8,0,0,40.17638677,-101.6876522,31057.0,472.5339633786178,0.0,8,7,0,0,7,7,1770,1,0,0,1,0
2020-08-30,US,Nebraska,Fillmore,31,1,0,40.52458567,-97.59646937,31059.0,567.557671182717,3.2258064516129035,30,31,1,0,30,31,5527,0,0,0,0,0
2020-08-30,US,Nebraska,Franklin,19,0,0,40.17636348,-98.95299073,31061.0,637.7979187646863,0.0,19,19,0,0,19,18,3023,0,0,0,0,1
2020-08-30,US,Nebraska,Frontier,6,0,0,40.52993007,-100.3924658,31063.0,228.39741149600303,0.0,6,6,0,0,6,6,2608,0,0,0,0,0
2020-08-30,US,Nebraska,Furnas,26,1,0,40.17642064,-99.91247454,31065.0,556.0307955517536,3.8461538461538463,25,26,1,0,25,23,4715,0,0,0,0,3
2020-08-30,US,Nebraska,Gage,130,4,0,40.26186809,-96.68946704,31067.0,604.2857806907451,3.0769230769230766,126,130,4,0,126,126,21493,0,0,0,0,4
2020-08-30,US,Nebraska,Garden,7,0,0,41.61703149,-102.3313973,31069.0,381.05606967882414,0.0,7,7,0,0,7,7,1897,0,0,0,0,0
2020-08-30,US,Nebraska,Garfield,6,0,0,41.91428955,-98.99111827,31071.0,304.7232097511427,0.0,6,6,0,0,6,6,1987,0,0,0,0,0
2020-08-30,US,Nebraska,Gosper,23,0,0,40.51481965,-99.83020279,31073.0,1155.7788944723618,0.0,23,23,0,0,23,23,1996,0,0,0,0,0
2020-08-30,US,Nebraska,Greeley,12,0,0,41.56742671,-98.52150266,31077.0,509.3378607809847,0.0,12,12,0,0,12,12,2356,0,0,0,0,0
2020-08-30,US,Nebraska,Hall,1843,46,0,40.87257079,-98.50218293,31079.0,3003.9280882760413,2.4959305480195333,1797,1838,46,0,1792,1830,61607,5,0,0,5,8
2020-08-30,US,Nebraska,Hamilton,106,12,0,40.87349452,-98.02099117,31081.0,1136.8511368511367,11.320754716981131,94,106,12,0,94,104,9280,0,0,0,0,2
2020-08-30,US,Nebraska,Harlan,5,0,0,40.17658508,-99.40438879,31083.0,147.92899408284026,0.0,5,4,0,0,4,4,3401,1,0,0,1,0
2020-08-30,US,Nebraska,Hitchcock,2,0,0,40.17609175,-101.04164770000001,31087.0,72.41129616220131,0.0,2,2,0,0,2,2,2806,0,0,0,0,0
2020-08-30,US,Nebraska,Holt,20,0,0,42.45522056,-98.78402558,31089.0,198.6689182477401,0.0,20,20,0,0,20,19,10178,0,0,0,0,1
2020-08-30,US,Nebraska,Hooker,4,0,0,41.91586243,-101.1354293,31091.0,586.5102639296188,0.0,4,4,0,0,4,4,682,0,0,0,0,0
2020-08-30,US,Nebraska,Howard,64,5,0,41.2200529,-98.5166499,31093.0,993.0178432893716,7.8125,59,64,5,0,59,64,6468,0,0,0,0,0
2020-08-30,US,Nebraska,Jefferson,19,0,0,40.17584531,-97.142601,31095.0,269.6565427192733,0.0,19,19,0,0,19,19,7097,0,0,0,0,0
2020-08-30,US,Nebraska,Johnson,23,0,0,40.39257596,-96.26522753,31097.0,453.5594557286531,0.0,23,23,0,0,23,22,5134,0,0,0,0,1
2020-08-30,US,Nebraska,Kearney,110,0,0,40.50663314,-98.94877182,31099.0,1693.610469591994,0.0,110,108,0,0,108,108,6544,2,0,0,2,0
2020-08-30,US,Nebraska,Keith,46,0,0,41.19930341,-101.66201640000001,31101.0,572.5665919840677,0.0,46,46,0,0,46,46,8021,0,0,0,0,0
2020-08-30,US,Nebraska,Keya Paha,1,0,0,42.87990694,-99.71343729,31103.0,124.06947890818859,0.0,1,1,0,0,1,1,810,0,0,0,0,0
2020-08-30,US,Nebraska,Kimball,15,0,0,41.19774275,-103.7148131,31105.0,412.9955947136564,0.0,15,15,0,0,15,15,3618,0,0,0,0,0
2020-08-30,US,Nebraska,Knox,63,0,0,42.63758421,-97.89178836,31107.0,756.1209793566969,0.0,63,63,0,0,63,62,8419,0,0,0,0,1
2020-08-30,US,Nebraska,Lancaster,3990,21,0,40.78416049,-96.68777155,31109.0,1250.4309129085839,0.5263157894736842,3969,3912,21,0,3891,3860,317272,78,0,0,78,52
2020-08-30,US,Nebraska,Lincoln,269,2,0,41.04658298,-100.74753740000001,31111.0,770.4645700864983,0.7434944237918215,267,269,2,0,267,267,35185,0,0,0,0,2
2020-08-30,US,Nebraska,Logan,3,0,0,41.56650314,-100.4817851,31113.0,401.06951871657753,0.0,3,3,0,0,3,3,749,0,0,0,0,0
2020-08-30,US,Nebraska,Loup,2,0,0,41.91371961,-99.45440415,31115.0,301.20481927710836,0.0,2,1,0,0,1,1,618,1,0,0,1,0
2020-08-30,US,Nebraska,Madison,588,5,0,41.91676024,-97.6005481,31119.0,1675.2614034587882,0.8503401360544217,583,576,5,0,571,573,35392,12,0,0,12,3
2020-08-30,US,Nebraska,McPherson,6,0,0,41.56797682,-101.05993620000001,31117.0,1214.5748987854256,0.0,6,6,0,0,6,6,492,0,0,0,0,0
2020-08-30,US,Nebraska,Merrick,66,1,0,41.16624273,-98.0374887,31121.0,851.063829787234,1.5151515151515151,65,65,1,0,64,65,7733,1,0,0,1,0
2020-08-30,US,Nebraska,Morrill,64,0,0,41.71711774,-103.0061405,31123.0,1378.7160706591985,0.0,64,64,0,0,64,64,4686,0,0,0,0,0
2020-08-30,US,Nebraska,Nance,11,0,0,41.39750195,-97.99327291,31125.0,312.588803637397,0.0,11,11,0,0,11,11,3532,0,0,0,0,0
2020-08-30,US,Nebraska,Nemaha,78,0,0,40.38514847,-95.85433992,31127.0,1118.7607573149742,0.0,78,77,0,0,77,77,6958,1,0,0,1,0
2020-08-30,US,Nebraska,Nuckolls,10,0,0,40.17637905,-98.04743961,31129.0,241.08003857280616,0.0,10,10,0,0,10,10,4195,0,0,0,0,0
2020-08-30,US,Nebraska,Otoe,114,1,0,40.64843556,-96.13374142,31131.0,711.9660254808895,0.8771929824561403,113,112,1,0,111,109,15985,2,0,0,2,3
2020-08-30,US,Nebraska,Pawnee,10,0,0,40.13141096,-96.23705437,31133.0,382.70187523918884,0.0,10,10,0,0,10,10,2632,0,0,0,0,0
2020-08-30,US,Nebraska,Perkins,29,7,0,40.85082525,-101.6502942,31135.0,1003.1131096506399,24.13793103448276,22,29,7,0,22,29,2929,0,0,0,0,0
2020-08-30,US,Nebraska,Phelps,67,0,0,40.51156033,-99.41461667,31137.0,741.6426831968123,0.0,67,65,0,0,65,65,8996,2,0,0,2,0
2020-08-30,US,Nebraska,Pierce,60,2,0,42.26434853,-97.60122773,31139.0,839.3956351426973,3.333333333333333,58,60,2,0,58,59,7142,0,0,0,0,1
2020-08-30,US,Nebraska,Platte,864,3,0,41.57246836,-97.52144359,31141.0,2581.4161936062146,0.3472222222222222,861,853,3,0,850,848,33363,11,0,0,11,5
2020-08-30,US,Nebraska,Polk,33,0,0,41.18813488,-97.56630712,31143.0,633.0328026088624,0.0,33,33,0,0,33,32,5278,0,0,0,0,1
2020-08-30,US,Nebraska,Red Willow,18,0,0,40.17556879999999,-100.476998,31145.0,167.84781797836632,0.0,18,18,0,0,18,18,10726,0,0,0,0,0
2020-08-30,US,Nebraska,Richardson,34,1,0,40.1247415,-95.71755036,31147.0,432.2949777495232,2.9411764705882355,33,33,1,0,32,32,7937,1,0,0,1,1
2020-08-30,US,Nebraska,Rock,9,0,0,42.42252217,-99.44832069,31149.0,663.2277081798084,0.0,9,7,0,0,7,6,1360,2,0,0,2,1
2020-08-30,US,Nebraska,Saline,633,2,0,40.52418865,-97.14085859,31151.0,4450.224971878515,0.315955766192733,631,631,2,0,629,630,14350,2,0,0,2,1
2020-08-30,US,Nebraska,Sarpy,2832,15,0,41.11314181,-96.11156432,31153.0,1512.8528387358704,0.5296610169491526,2817,2812,15,0,2797,2772,184459,20,0,0,20,40
2020-08-30,US,Nebraska,Saunders,222,2,0,41.227810299999994,-96.63773905,31155.0,1028.8256557604968,0.9009009009009008,220,219,2,0,217,214,21303,3,0,0,3,5
2020-08-30,US,Nebraska,Scotts Bluff,357,6,0,41.85070896,-103.70809859999999,31157.0,1002.3022067493964,1.680672268907563,351,355,6,0,349,354,35989,2,0,0,2,1
2020-08-30,US,Nebraska,Seward,163,2,0,40.87241834,-97.139673,31159.0,943.0687340893312,1.2269938650306749,161,163,2,0,161,162,17318,0,0,0,0,1
2020-08-30,US,Nebraska,Sheridan,21,0,0,42.50284406,-102.4126613,31161.0,400.3049942813572,0.0,21,21,0,0,21,21,5190,0,0,0,0,0
2020-08-30,US,Nebraska,Sherman,15,1,0,41.22045983,-98.97588642,31163.0,499.8333888703766,6.666666666666668,14,15,1,0,14,15,3038,0,0,0,0,0
2020-08-30,US,Nebraska,Sioux,6,0,0,42.48932059,-103.7576544,31165.0,514.5797598627787,0.0,6,6,0,0,6,6,1187,0,0,0,0,0
2020-08-30,US,Nebraska,Stanton,33,0,0,41.9169835,-97.19394708,31167.0,557.4324324324324,0.0,33,33,0,0,33,33,5970,0,0,0,0,0
2020-08-30,US,Nebraska,Thayer,27,0,0,40.17626377,-97.59504381,31169.0,539.6761942834298,0.0,27,27,0,0,27,27,5039,0,0,0,0,0
2020-08-30,US,Nebraska,Thomas,3,0,0,41.91358968,-100.5556632,31171.0,415.51246537396116,0.0,3,3,0,0,3,3,720,0,0,0,0,0
2020-08-30,US,Nebraska,Thurston,221,4,0,42.15725356,-96.54157099,31173.0,3059.2469545957924,1.8099547511312215,217,220,4,0,216,219,7303,1,0,0,1,1
2020-08-30,US,Nebraska,Unassigned,125,1,0,0.0,0.0,90031.0,0.0,0.8,124,122,1,0,121,125,,3,0,0,3,-3
2020-08-30,US,Nebraska,Valley,18,0,0,41.56730777,-98.98197724,31175.0,432.9004329004329,0.0,18,18,0,0,18,18,4190,0,0,0,0,0
2020-08-30,US,Nebraska,Washington,175,1,0,41.52815707,-96.22019892,31177.0,844.2278932895942,0.5714285714285714,174,173,1,0,172,173,20667,2,0,0,2,0
2020-08-30,US,Nebraska,Wayne,52,0,0,42.20934475,-97.11926964,31179.0,554.075652637187,0.0,52,52,0,0,52,51,9403,0,0,0,0,1
2020-08-30,US,Nebraska,Webster,13,0,0,40.17642643,-98.50019851,31181.0,372.8133065672498,0.0,13,13,0,0,13,13,3533,0,0,0,0,0
2020-08-30,US,Nebraska,Wheeler,1,0,0,41.91482725,-98.52798941,31183.0,127.7139208173691,0.0,1,1,0,0,1,1,805,0,0,0,0,0
2020-08-30,US,Nebraska,York,113,0,0,40.87272618,-97.59710186,31185.0,826.0837780539513,0.0,113,109,0,0,109,109,13772,4,0,0,4,0
2020-08-30,US,Nevada,Carson City,425,8,0,39.15509045,-119.7480219,32510.0,760.0686744402318,1.8823529411764703,417,424,8,0,416,419,55414,1,0,0,1,5
2020-08-30,US,Nevada,Churchill,84,1,0,39.58105744,-118.3394607,32001.0,337.22750812959174,1.1904761904761905,83,84,1,0,83,84,24440,0,0,0,0,0
2020-08-30,US,Nevada,Clark,59153,1125,0,36.21458855,-115.0130241,32003.0,2609.635529830614,1.90184775074806,58028,58789,1126,0,57663,58292,2231647,364,-1,0,365,497
2020-08-30,US,Nevada,Douglas,244,1,0,38.912862,-119.61713329999999,32005.0,498.92649013393316,0.4098360655737705,243,242,1,0,241,235,48467,2,0,0,2,7
2020-08-30,US,Nevada,Elko,792,4,0,41.14531606,-115.3577619,32007.0,1500.6252605252191,0.5050505050505051,788,792,4,0,788,777,52460,0,0,0,0,15
2020-08-30,US,Nevada,Eureka,5,0,0,39.98100864,-116.26832040000001,32011.0,246.4268112370626,0.0,5,5,0,0,5,5,2003,0,0,0,0,0
2020-08-30,US,Nevada,Humboldt,111,4,0,41.40692186,-118.11094270000001,32013.0,659.4973560691581,3.603603603603604,107,111,4,0,107,111,16786,0,0,0,0,0
2020-08-30,US,Nevada,Lander,59,1,0,39.933223299999995,-117.03970749999999,32015.0,1066.522053506869,1.6949152542372878,58,59,1,0,58,59,5575,0,0,0,0,0
2020-08-30,US,Nevada,Lincoln,6,0,0,37.64268459,-114.8790388,32017.0,115.76307158016591,0.0,6,6,0,0,6,6,5201,0,0,0,0,0
2020-08-30,US,Nevada,Lyon,324,6,0,39.01777974,-119.18704790000001,32019.0,563.3802816901408,1.851851851851852,318,318,6,0,312,311,55808,6,0,0,6,7
2020-08-30,US,Nevada,Mineral,12,0,0,38.53841696,-118.4344506,32021.0,266.37069922308547,0.0,12,12,0,0,12,12,4514,0,0,0,0,0
2020-08-30,US,Nevada,Nye,467,14,0,38.04264256,-116.47227020000001,32023.0,1003.804569782688,2.9978586723768736,453,467,14,0,453,467,45346,0,0,0,0,0
2020-08-30,US,Nevada,Pershing,21,0,0,40.44003782,-118.40056409999998,32027.0,312.2676579925651,0.0,21,19,0,0,19,19,6666,2,0,0,2,0
2020-08-30,US,Nevada,Storey,6,0,0,39.44875482,-119.5250207,32029.0,145.52510308028138,0.0,6,6,0,0,6,6,4029,0,0,0,0,0
2020-08-30,US,Nevada,Washoe,7174,137,0,40.66562265,-119.6631594,32031.0,1521.465730967363,1.9096738221354888,7037,7102,136,0,6966,7024,465735,72,1,0,71,78
2020-08-30,US,Nevada,White Pine,25,1,0,39.44157041,-114.89996599999999,32033.0,260.9603340292276,4.0,24,25,1,0,24,25,9475,0,0,0,0,0
2020-08-30,US,New Hampshire,Belknap,125,4,0,43.51637314,-71.41684235,33001.0,203.9051922418153,3.2,121,125,4,0,121,123,61022,0,0,0,0,2
2020-08-30,US,New Hampshire,Carroll,104,1,0,43.87498583,-71.20430216,33003.0,212.63545287262318,0.9615384615384616,103,104,1,0,103,104,48779,0,0,0,0,0
2020-08-30,US,New Hampshire,Cheshire,129,3,0,42.92015988,-72.25311043,33005.0,169.54721692843532,2.3255813953488373,126,129,3,0,126,125,76493,0,0,0,0,4
2020-08-30,US,New Hampshire,Coos,18,0,0,44.69063265,-71.30633239,33007.0,57.0287995437696,0.0,18,18,0,0,18,18,31589,0,0,0,0,0
2020-08-30,US,New Hampshire,Grafton,113,1,0,43.93779815,-71.82057197,33009.0,125.71479429499588,0.8849557522123894,112,113,1,0,112,113,89786,0,0,0,0,0
2020-08-30,US,New Hampshire,Hillsborough,4027,286,0,42.91537785,-71.7200253,33011.0,965.6495413944008,7.102061087658306,3741,4024,286,0,3738,4010,415247,3,0,0,3,14
2020-08-30,US,New Hampshire,Merrimack,500,23,0,43.29662971,-71.6811573,33013.0,330.2706237491,4.6,477,499,23,0,476,497,151132,1,0,0,1,2
2020-08-30,US,New Hampshire,Rockingham,1805,100,0,42.98499744,-71.12883377,33015.0,582.6922642356078,5.54016620498615,1705,1802,100,0,1702,1794,309176,3,0,0,3,8
2020-08-30,US,New Hampshire,Strafford,383,13,0,43.291833000000004,-71.02336013,33017.0,293.18778562844,3.3942558746736293,370,382,13,0,369,382,130090,1,0,0,1,0
2020-08-30,US,New Hampshire,Sullivan,47,1,0,43.36094111,-72.22203125,33019.0,108.93246187363836,2.127659574468085,46,47,1,0,46,47,43144,0,0,0,0,0
2020-08-30,US,New Hampshire,Unassigned,3,0,0,0.0,0.0,90033.0,0.0,0.0,3,3,0,0,3,3,,0,0,0,0,0
2020-08-30,US,New Jersey,Atlantic,3739,251,0,39.47538693,-74.65848483,34001.0,1418.0604543558234,6.713024872960684,3488,3729,251,0,3478,3720,265429,10,0,0,10,9
2020-08-30,US,New Jersey,Bergen,21557,2032,0,40.96010917,-74.07164325,34003.0,2312.4816295180663,9.426172472978617,19525,21520,2032,0,19488,21474,936692,37,0,0,37,46
2020-08-30,US,New Jersey,Burlington,6382,481,0,39.87681124,-74.66927768,34005.0,1433.0334187345206,7.536822312754621,5901,6370,481,0,5889,6354,445384,12,0,0,12,16
2020-08-30,US,New Jersey,Camden,9142,590,0,39.80343818,-74.96388753,34007.0,1805.0391828949728,6.4537300371909865,8552,9116,590,0,8526,9093,507078,26,0,0,26,23
2020-08-30,US,New Jersey,Cape May,898,94,0,39.15008829,-74.80170244,34009.0,975.6733558600156,10.46770601336303,804,894,94,0,800,894,92560,4,0,0,4,0
2020-08-30,US,New Jersey,Cumberland,3560,155,0,39.37199394,-75.10712559,34011.0,2380.84091836257,4.353932584269663,3405,3545,155,0,3390,3542,150972,15,0,0,15,3
2020-08-30,US,New Jersey,Essex,20301,2113,0,40.78681335,-74.24657979,34013.0,2540.880503144654,10.408354268262649,18188,20276,2112,0,18164,20260,799767,25,1,0,24,16
2020-08-30,US,New Jersey,Gloucester,3668,219,0,39.71581067,-75.13995546,34015.0,1257.7322415613985,5.970556161395856,3449,3656,219,0,3437,3634,291408,12,0,0,12,22
2020-08-30,US,New Jersey,Hudson,20131,1507,0,40.73766234,-74.07515667,34017.0,2993.9425126154274,7.485966916695642,18624,20116,1506,0,18610,20100,676061,15,1,0,14,16
2020-08-30,US,New Jersey,Hunterdon,1212,124,0,40.56335249,-74.91284156,34019.0,974.5037026316423,10.231023102310232,1088,1213,124,0,1089,1209,124714,-1,0,0,-1,4
2020-08-30,US,New Jersey,Mercer,8326,627,0,40.28047017,-74.70479631,34021.0,2266.009852216749,7.530626951717513,7699,8315,626,0,7689,8310,369811,11,1,0,10,5
2020-08-30,US,New Jersey,Middlesex,18432,1418,0,40.43629879,-74.41426991,34023.0,2234.0139286502103,7.693142361111112,17014,18415,1418,0,16997,18377,829685,17,0,0,17,38
2020-08-30,US,New Jersey,Monmouth,10710,858,0,40.26549699,-74.22240686,34025.0,1730.7832157661262,8.011204481792719,9852,10700,858,0,9842,10669,621354,10,0,0,10,31
2020-08-30,US,New Jersey,Morris,7474,829,0,40.86095313,-74.54553709999998,34027.0,1519.5844219215405,11.09178485416109,6645,7466,829,0,6637,7455,494228,8,0,0,8,11
2020-08-30,US,New Jersey,Ocean,11145,1020,0,39.8895449,-74.28089251,34029.0,1835.5166291712922,9.152086137281293,10125,11132,1020,0,10112,11092,601651,13,0,0,13,40
2020-08-30,US,New Jersey,Passaic,18327,1245,0,41.03238628,-74.29954144,34031.0,3652.0626671396058,6.793255852021607,17082,18306,1245,0,17061,18275,503310,21,0,0,21,31
2020-08-30,US,New Jersey,Salem,980,89,0,39.58719656,-75.34696629999998,34033.0,1570.8904384066684,9.081632653061224,891,978,88,0,890,978,62607,2,1,0,1,0
2020-08-30,US,New Jersey,Somerset,5400,567,0,40.56465737,-74.61683016,34035.0,1641.6667173353924,10.5,4833,5387,567,0,4820,5379,331164,13,0,0,13,8
2020-08-30,US,New Jersey,Sussex,1394,197,0,41.13891592,-74.69118243,34037.0,992.2555663117134,14.131994261119086,1197,1392,197,0,1195,1386,140799,2,0,0,2,6
2020-08-30,US,New Jersey,Unassigned,364,0,0,0.0,0.0,90034.0,0.0,0.0,364,337,0,0,337,328,,27,0,0,27,9
2020-08-30,US,New Jersey,Union,17077,1350,0,40.65835409,-74.30680092,34039.0,3069.520312182636,7.90536979563155,15727,17066,1350,0,15716,17052,558067,11,0,0,11,14
2020-08-30,US,New Jersey,Warren,1392,171,0,40.85951833,-74.99556527,34041.0,1322.351734161703,12.284482758620689,1221,1391,171,0,1220,1390,105779,1,0,0,1,1
2020-08-30,US,New Mexico,Bernalillo,5795,155,0,35.05163625,-106.6703554,35001.0,853.3089096052103,2.6747195858498705,5640,5773,155,0,5618,5743,678701,22,0,0,22,30
2020-08-30,US,New Mexico,Catron,5,1,0,33.91514144,-108.4046587,35003.0,141.7635384179189,20.0,4,5,1,0,4,5,3578,0,0,0,0,0
2020-08-30,US,New Mexico,Chaves,722,6,0,33.36406072,-104.4665365,35005.0,1117.3876034976402,0.8310249307479224,716,694,6,0,688,679,64689,28,0,0,28,15
2020-08-30,US,New Mexico,Cibola,397,20,0,34.91131525,-107.998876,35006.0,1488.2849109653234,5.037783375314862,377,397,20,0,377,396,26746,0,0,0,0,1
2020-08-30,US,New Mexico,Colfax,19,1,0,36.60569702,-104.64726740000002,35007.0,159.11565195544762,5.2631578947368425,18,19,1,0,18,19,12110,0,0,0,0,0
2020-08-30,US,New Mexico,Curry,671,3,0,34.57421077,-103.34688759999999,35009.0,1370.6745107652082,0.44709388971684055,668,667,3,0,664,660,49437,4,0,0,4,7
2020-08-30,US,New Mexico,Dona Ana,2819,41,0,32.35275771,-106.83293870000001,35013.0,1291.9636105318637,1.4544164597374956,2778,2813,41,0,2772,2793,217522,6,0,0,6,20
2020-08-30,US,New Mexico,Eddy,486,5,0,32.47167456,-104.3053527,35015.0,831.3376667807048,1.02880658436214,481,482,5,0,477,476,57900,4,0,0,4,6
2020-08-30,US,New Mexico,Grant,79,2,0,32.73911281,-108.3827845,35017.0,292.6142677235352,2.5316455696202533,77,79,2,0,77,79,27346,0,0,0,0,0
2020-08-30,US,New Mexico,Guadalupe,32,1,0,34.86319296,-104.790669,35019.0,744.1860465116278,3.125,31,32,1,0,31,32,4341,0,0,0,0,0
2020-08-30,US,New Mexico,Harding,2,0,0,35.85751555,-103.82209379999999,35021.0,320.0,0.0,2,2,0,0,2,2,655,0,0,0,0,0
2020-08-30,US,New Mexico,Hidalgo,97,1,0,31.91383467,-108.7151824,35023.0,2310.624106717485,1.0309278350515465,96,97,1,0,96,97,4240,0,0,0,0,0
2020-08-30,US,New Mexico,Lea,1126,11,0,32.79215361,-103.4123733,35025.0,1584.3534543407907,0.9769094138543516,1115,1108,10,0,1098,1097,69611,18,1,0,17,11
2020-08-30,US,New Mexico,Lincoln,168,2,0,33.74526079,-105.4586166,35027.0,858.3690987124463,1.1904761904761905,166,166,2,0,164,166,19556,2,0,0,2,0
2020-08-30,US,New Mexico,Los Alamos,27,0,0,35.86631386,-106.31349850000001,35028.0,139.39800712478706,0.0,27,27,0,0,27,27,19101,0,0,0,0,0
2020-08-30,US,New Mexico,Luna,315,5,0,32.18179341,-107.75088259999998,35029.0,1328.6093888396808,1.5873015873015872,310,314,5,0,309,311,23963,1,0,0,1,3
2020-08-30,US,New Mexico,McKinley,4195,242,0,35.58007720000001,-108.262245,35031.0,5878.066893662336,5.768772348033372,3953,4193,242,0,3951,4178,72290,2,0,0,2,15
2020-08-30,US,New Mexico,Mora,6,0,0,36.01095101,-104.9497716,35033.0,132.71400132713998,0.0,6,6,0,0,6,6,4506,0,0,0,0,0
2020-08-30,US,New Mexico,Otero,218,12,0,32.61348406,-105.7417604,35035.0,323.010816417247,5.504587155963303,206,218,12,0,206,218,66781,0,0,0,0,0
2020-08-30,US,New Mexico,Quay,62,2,0,35.10403332,-103.54817270000001,35037.0,751.2419726160184,3.2258064516129035,60,62,2,0,60,60,8253,0,0,0,0,2
2020-08-30,US,New Mexico,Rio Arriba,358,12,0,36.51072137,-106.69316740000001,35039.0,919.8119267233627,3.35195530726257,346,353,12,0,341,353,39006,5,0,0,5,0
2020-08-30,US,New Mexico,Roosevelt,201,1,0,34.02097406,-103.4799493,35041.0,1086.4864864864865,0.4975124378109453,200,200,1,0,199,198,18743,1,0,0,1,2
2020-08-30,US,New Mexico,San Juan,3187,190,0,36.50838318,-108.32043700000001,35045.0,2571.032123783862,5.961719485409477,2997,3186,190,0,2996,3177,125043,1,0,0,1,9
2020-08-30,US,New Mexico,San Miguel,78,0,0,35.48014807,-104.8163562,35047.0,285.9552003519449,0.0,78,78,0,0,78,77,27591,0,0,0,0,1
2020-08-30,US,New Mexico,Sandoval,1246,37,0,35.68862401,-106.86878030000001,35043.0,849.0746040831903,2.969502407704655,1209,1240,37,0,1203,1236,145179,6,0,0,6,4
2020-08-30,US,New Mexico,Santa Fe,818,4,0,35.50708973,-105.9774716,35049.0,544.0349033639714,0.4889975550122249,814,814,4,0,810,809,150056,4,0,0,4,5
2020-08-30,US,New Mexico,Sierra,37,1,0,33.13028233,-107.1925893,35051.0,342.87832452970065,2.702702702702702,36,37,1,0,36,37,10968,0,0,0,0,0
2020-08-30,US,New Mexico,Socorro,77,6,0,34.00715494,-106.9298354,35053.0,462.8238264110117,7.792207792207793,71,77,6,0,71,77,16735,0,0,0,0,0
2020-08-30,US,New Mexico,Taos,115,2,0,36.58006022,-105.63101979999999,35055.0,351.43477065061273,1.7391304347826086,113,115,2,0,113,115,32835,0,0,0,0,0
2020-08-30,US,New Mexico,Torrance,63,1,0,34.64048375,-105.8508949,35057.0,407.4768773041847,1.5873015873015872,62,63,1,0,62,63,15591,0,0,0,0,0
2020-08-30,US,New Mexico,Unassigned,1320,0,0,0.0,0.0,90035.0,0.0,0.0,1320,1320,0,0,1320,1319,,0,0,0,0,1
2020-08-30,US,New Mexico,Union,31,2,0,36.48126404,-103.4709624,35059.0,763.7349100763735,6.451612903225807,29,31,2,0,29,31,4118,0,0,0,0,0
2020-08-30,US,New Mexico,Valencia,511,4,0,34.71669834,-106.8103733,35061.0,666.3363238055498,0.7827788649706457,507,510,4,0,506,506,76456,1,0,0,1,4
2020-08-30,US,New York,Albany,2764,133,0,42.60060306,-73.97723916,36001.0,904.7285487028078,4.811866859623733,2631,2754,131,0,2623,2746,307117,10,2,0,8,8
2020-08-30,US,New York,Allegany,89,1,0,42.25748406,-78.02750466,36003.0,193.09626608231545,1.1235955056179776,88,88,1,0,87,87,46430,1,0,0,1,1
2020-08-30,US,New York,Broome,1295,69,0,42.15903158,-75.81326086,36007.0,679.8328503632773,5.328185328185328,1226,1286,69,0,1217,1283,191659,9,0,0,9,3
2020-08-30,US,New York,Cattaraugus,201,6,0,42.24778241,-78.67923096,36009.0,264.0671597672005,2.985074626865672,195,197,6,0,191,197,76840,4,0,0,4,0
2020-08-30,US,New York,Cayuga,177,2,0,42.91261714,-76.55731592,36011.0,231.14291684078563,1.1299435028248588,175,177,2,0,175,177,77145,0,0,0,0,0
2020-08-30,US,New York,Chautauqua,382,9,0,42.22769210000001,-79.36691763,36013.0,301.01731243548215,2.356020942408377,373,373,9,0,364,355,127939,9,0,0,9,18
2020-08-30,US,New York,Chemung,200,3,0,42.13891056,-76.7638805,36015.0,239.64723926380367,1.5,197,196,3,0,193,196,84254,4,0,0,4,0
2020-08-30,US,New York,Chenango,227,7,0,42.49430041,-75.60887553,36017.0,480.8608892748957,3.0837004405286343,220,225,7,0,218,224,47536,2,0,0,2,1
2020-08-30,US,New York,Clinton,150,5,0,44.74530905,-73.67875352,36019.0,186.37013108032554,3.333333333333333,145,150,5,0,145,149,80695,0,0,0,0,1
2020-08-30,US,New York,Columbia,569,37,0,42.24819348,-73.63089095,36021.0,956.9297522746001,6.502636203866433,532,569,37,0,532,568,59916,0,0,0,0,1
2020-08-30,US,New York,Cortland,99,0,0,42.59509207,-76.07048931,36023.0,208.06624492969883,0.0,99,98,0,0,98,98,47823,1,0,0,1,0
2020-08-30,US,New York,Delaware,115,4,0,42.19837623,-74.96709306,36025.0,260.56417808995127,3.4782608695652173,111,112,4,0,108,112,44527,3,0,0,3,0
2020-08-30,US,New York,Dutchess,4852,153,0,41.76486060000001,-73.74356679,36027.0,1649.1173211700168,3.1533388293487223,4699,4846,153,0,4693,4827,293718,6,0,0,6,19
2020-08-30,US,New York,Erie,9807,678,0,42.76249024,-78.73063652,36029.0,1067.4843420390944,6.913429183236464,9129,9741,676,0,9065,9713,919719,66,2,0,64,28
2020-08-30,US,New York,Essex,128,0,0,44.11630765,-73.77297842,36031.0,347.02453571912696,0.0,128,126,0,0,126,126,37300,2,0,0,2,0
2020-08-30,US,New York,Franklin,58,0,0,44.59040891,-74.29926032,36033.0,115.94898244772301,0.0,58,58,0,0,58,58,50293,0,0,0,0,0
2020-08-30,US,New York,Fulton,311,24,0,43.11363907,-74.41798804,36035.0,582.5824700747429,7.717041800643088,287,311,24,0,287,310,53591,0,0,0,0,1
2020-08-30,US,New York,Genesee,294,5,0,43.0022601,-78.19135193,36037.0,513.268156424581,1.7006802721088434,289,293,5,0,288,293,57511,1,0,0,1,0
2020-08-30,US,New York,Greene,307,18,0,42.275797,-74.12384884,36039.0,650.5891328303804,5.8631921824104225,289,307,18,0,289,306,47491,0,0,0,0,1
2020-08-30,US,New York,Hamilton,14,0,0,43.66146647,-74.49721957,36041.0,317.0289855072464,0.0,14,14,0,0,14,14,4434,0,0,0,0,0
2020-08-30,US,New York,Herkimer,297,4,0,43.42034246,-74.96145307,36043.0,484.35232146642966,1.3468013468013469,293,295,4,0,291,294,61833,2,0,0,2,1
2020-08-30,US,New York,Jefferson,150,0,0,44.04200959,-75.94653457,36045.0,136.56973250541728,0.0,150,149,0,0,149,149,111755,1,0,0,1,0
2020-08-30,US,New York,Lewis,49,0,0,43.784415700000004,-75.44903992,36049.0,186.3401277760876,0.0,49,48,0,0,48,48,26447,1,0,0,1,0
2020-08-30,US,New York,Livingston,182,8,0,42.72596275,-77.77966158,36051.0,289.2837842133706,4.395604395604397,174,182,8,0,174,181,63227,0,0,0,0,1
2020-08-30,US,New York,Madison,461,17,0,42.91653905,-75.67266639,36053.0,649.8357790276427,3.6876355748373104,444,459,17,0,442,456,70795,2,0,0,2,3
2020-08-30,US,New York,Monroe,5443,289,0,43.14638895,-77.69322942,36055.0,733.7854051795032,5.3095719272460045,5154,5422,289,0,5133,5398,742474,21,0,0,21,24
2020-08-30,US,New York,Montgomery,202,4,0,42.90123494,-74.44011632,36057.0,410.393937546982,1.98019801980198,198,202,4,0,198,200,49455,0,0,0,0,2
2020-08-30,US,New York,Nassau,44610,2198,0,40.74066522,-73.58941873,36059.0,3287.5827975627226,4.927146379735485,42412,44554,2197,0,42357,44503,1358343,56,1,0,55,51
2020-08-30,US,New York,New York City,233969,23689,0,40.76727260000001,-73.97152637,36061.0,2806.454789639739,10.124845599203313,210280,233688,23683,0,210005,233410,1628701,281,6,0,275,278
2020-08-30,US,New York,Niagara,1612,101,0,43.19898042,-78.74777412,36063.0,770.2562583320987,6.265508684863523,1511,1605,101,0,1504,1600,210433,7,0,0,7,5
2020-08-30,US,New York,Oneida,2272,120,0,43.24375382,-75.43710392,36065.0,993.5671772983894,5.28169014084507,2152,2268,120,0,2148,2265,229577,4,0,0,4,3
2020-08-30,US,New York,Onondaga,3883,204,0,43.00491923,-76.19971155,36067.0,843.162630719522,5.253669842904969,3679,3866,204,0,3662,3847,461809,17,0,0,17,19
2020-08-30,US,New York,Ontario,389,35,0,42.85145728,-77.30874425,36069.0,354.35473733113486,8.997429305912597,354,386,35,0,351,385,109864,3,0,0,3,1
2020-08-30,US,New York,Orange,11418,494,0,41.40337468,-74.30240757,36071.0,2966.176546994337,4.326502014363286,10924,11410,494,0,10916,11399,381951,8,0,0,8,11
2020-08-30,US,New York,Orleans,306,54,0,43.2516977,-78.2320066,36073.0,758.3267248215703,17.647058823529417,252,306,54,0,252,306,40612,0,0,0,0,0
2020-08-30,US,New York,Oswego,295,3,0,43.42778894,-76.14635194,36075.0,251.86981318944024,1.0169491525423728,292,291,3,0,288,288,117898,4,0,0,4,3
2020-08-30,US,New York,Otsego,143,5,0,42.63492579,-75.03151402,36077.0,240.3644126199721,3.4965034965034967,138,134,5,0,129,125,59749,9,0,0,9,9
2020-08-30,US,New York,Putnam,1500,63,0,41.42630093,-73.74965532,36079.0,1525.6305939788447,4.2,1437,1494,63,0,1431,1492,98892,6,0,0,6,2
2020-08-30,US,New York,Rensselaer,833,40,0,42.71348136,-73.51089874,36083.0,524.8434290610784,4.8019207683073235,793,830,40,0,790,826,159442,3,0,0,3,4
2020-08-30,US,New York,Rockland,14233,674,0,41.15027894,-74.02560498,36087.0,4368.778565267704,4.735473898686152,13559,14218,674,0,13544,14197,325695,15,0,0,15,21
2020-08-30,US,New York,Saratoga,842,17,0,43.10904162,-73.86653895,36091.0,366.30514697885263,2.0190023752969117,825,832,17,0,815,832,230163,10,0,0,10,0
2020-08-30,US,New York,Schenectady,1260,45,0,42.81668777,-74.05278291,36093.0,811.3381283846,3.571428571428572,1215,1255,44,0,1211,1233,155350,5,1,0,4,22
2020-08-30,US,New York,Schoharie,69,0,0,42.58831742,-74.44339029999998,36095.0,222.58782541372295,0.0,69,69,0,0,69,69,31097,0,0,0,0,0
2020-08-30,US,New York,Schuyler,26,0,0,42.39184015,-76.8773299,36097.0,146.0099960689616,0.0,26,26,0,0,26,25,17912,0,0,0,0,1
2020-08-30,US,New York,Seneca,100,3,0,42.78081007,-76.82497064,36099.0,293.9793038570085,3.0,97,98,3,0,95,98,34300,2,0,0,2,0
2020-08-30,US,New York,St. Lawrence,274,4,0,44.4976179,-75.06550039,36089.0,254.31594579543344,1.45985401459854,270,273,4,0,269,270,108047,1,0,0,1,3
2020-08-30,US,New York,Steuben,315,42,0,42.2689144,-77.3829924,36101.0,330.26137829081875,13.333333333333336,273,313,42,0,271,312,95796,2,0,0,2,1
2020-08-30,US,New York,Suffolk,44763,2002,0,40.88320119,-72.8012172,36103.0,3031.4892106940197,4.4724437593548245,42761,44712,2002,0,42710,44678,1481093,51,0,0,51,34
2020-08-30,US,New York,Sullivan,1521,48,0,41.71579493,-74.76394559,36105.0,2016.385618835508,3.1558185404339247,1473,1516,48,0,1468,1515,75498,5,0,0,5,1
2020-08-30,US,New York,Tioga,208,25,0,42.16852837,-76.30835812,36107.0,431.50841233948097,12.019230769230768,183,208,25,0,183,207,48560,0,0,0,0,1
2020-08-30,US,New York,Tompkins,264,0,0,42.44945765,-76.47229843,36109.0,258.36758661186144,0.0,264,261,0,0,261,251,102793,3,0,0,3,10
2020-08-30,US,New York,Ulster,2168,94,0,41.89027881,-74.26252104,36111.0,1220.9063314805742,4.33579335793358,2074,2162,94,0,2068,2155,178599,6,0,0,6,7
2020-08-30,US,New York,Warren,321,33,0,43.56173026,-73.8433699,36113.0,502.001751532591,10.280373831775703,288,321,33,0,288,320,64265,0,0,0,0,1
2020-08-30,US,New York,Washington,267,14,0,43.31153794,-73.43043448,36115.0,436.2459969936605,5.243445692883896,253,267,14,0,253,267,61197,0,0,0,0,0
2020-08-30,US,New York,Wayne,280,5,0,43.15494365,-77.02976528,36117.0,311.3948263973843,1.7857142857142858,275,280,5,0,275,279,90064,0,0,0,0,1
2020-08-30,US,New York,Westchester,36949,1451,0,41.16278376,-73.75741653,36119.0,3818.994404169069,3.927034561151858,35498,36895,1450,0,35445,36863,967612,54,1,0,53,32
2020-08-30,US,New York,Wyoming,126,5,0,42.70145109,-78.22199579,36121.0,316.1143029177852,3.968253968253968,121,125,5,0,120,125,40085,1,0,0,1,0
2020-08-30,US,New York,Yates,61,7,0,42.63505484,-77.10369919,36123.0,244.8520852566933,11.475409836065571,54,61,7,0,54,60,24841,0,0,0,0,1
2020-08-30,US,North Carolina,Alamance,3100,46,0,36.0434701,-79.39976137,37001.0,1828.8114495395525,1.4838709677419355,3054,3076,46,0,3030,3027,166436,24,0,0,24,49
2020-08-30,US,North Carolina,Alexander,397,2,0,35.922379600000006,-81.17751948,37003.0,1058.7513667760088,0.5037783375314862,395,396,2,0,394,386,37353,1,0,0,1,10
2020-08-30,US,North Carolina,Alleghany,203,0,0,36.49360862,-81.12857041,37005.0,1822.7529855436835,0.0,203,203,0,0,203,199,11161,0,0,0,0,4
2020-08-30,US,North Carolina,Anson,438,3,0,34.97403241,-80.09953279,37007.0,1791.704164280455,0.6849315068493149,435,437,3,0,434,432,24877,1,0,0,1,5
2020-08-30,US,North Carolina,Ashe,196,1,0,36.43296207,-81.49862729,37009.0,720.5087674153584,0.5102040816326531,195,194,1,0,193,192,27109,2,0,0,2,2
2020-08-30,US,North Carolina,Avery,136,0,0,36.07569796,-81.92308483,37011.0,774.619809762488,0.0,136,133,0,0,133,132,17505,3,0,0,3,1
2020-08-30,US,North Carolina,Beaufort,573,9,0,35.48531943,-76.84325809,37013.0,1219.3045920755842,1.5706806282722514,564,558,9,0,549,541,47079,15,0,0,15,17
2020-08-30,US,North Carolina,Bertie,427,6,0,36.0688473,-76.96545943,37015.0,2253.654932179237,1.4051522248243558,421,413,6,0,407,397,19026,14,0,0,14,16
2020-08-30,US,North Carolina,Bladen,708,10,0,34.61296243,-78.56180059,37017.0,2163.681926532608,1.4124293785310735,698,702,10,0,692,694,33190,6,0,0,6,8
2020-08-30,US,North Carolina,Brunswick,1385,24,0,34.070565,-78.22814204,37019.0,969.7521355552444,1.7328519855595668,1361,1379,24,0,1355,1371,136744,6,0,0,6,8
2020-08-30,US,North Carolina,Buncombe,2440,70,0,35.61113393,-82.53305,37021.0,934.1822650857035,2.8688524590163933,2370,2424,70,0,2354,2386,259103,16,0,0,16,38
2020-08-30,US,North Carolina,Burke,1846,30,0,35.74989637,-81.70755735,37023.0,2040.117146488368,1.6251354279523291,1816,1840,30,0,1810,1822,90382,6,0,0,6,18
2020-08-30,US,North Carolina,Cabarrus,3142,53,0,35.3877799,-80.55267168,37025.0,1451.5853326126223,1.6868236791852322,3089,3136,53,0,3083,3094,211342,6,0,0,6,42
2020-08-30,US,North Carolina,Caldwell,1419,17,0,35.95204977,-81.54799522,37027.0,1726.73951665896,1.1980267794221282,1402,1417,17,0,1400,1403,82029,2,0,0,2,14
2020-08-30,US,North Carolina,Camden,97,3,0,36.33804939,-76.15568396,37029.0,892.6106561148431,3.0927835051546397,94,96,3,0,93,93,10710,1,0,0,1,3
2020-08-30,US,North Carolina,Carteret,492,5,0,34.8932941,-76.54120135,37031.0,708.1887927684137,1.0162601626016259,487,482,5,0,477,466,69524,10,0,0,10,16
2020-08-30,US,North Carolina,Caswell,245,2,0,36.39312665,-79.33353281,37033.0,1083.8789594761988,0.8163265306122449,243,243,2,0,241,238,22698,2,0,0,2,5
2020-08-30,US,North Carolina,Catawba,2594,44,0,35.66211129,-81.2132617,37035.0,1625.8124361489429,1.6962220508866614,2550,2591,44,0,2547,2535,158652,3,0,0,3,56
2020-08-30,US,North Carolina,Chatham,1480,56,0,35.70394416,-79.25541492,37037.0,1987.377467436552,3.783783783783784,1424,1468,56,0,1412,1458,73139,12,0,0,12,10
2020-08-30,US,North Carolina,Cherokee,410,5,0,35.1349263,-84.05970864,37039.0,1432.965189431008,1.2195121951219512,405,409,5,0,404,392,28383,1,0,0,1,17
2020-08-30,US,North Carolina,Chowan,214,2,0,36.12908077,-76.60118385,37041.0,1534.8203399555332,0.9345794392523364,212,211,2,0,209,203,14029,3,0,0,3,8
2020-08-30,US,North Carolina,Clay,88,1,0,35.05704275,-83.74353633,37043.0,783.5455435847209,1.1363636363636365,87,88,1,0,87,87,11139,0,0,0,0,1
2020-08-30,US,North Carolina,Cleveland,1592,36,0,35.33553364,-81.55204486,37045.0,1625.368821913892,2.2613065326633164,1556,1586,35,0,1551,1568,97645,6,1,0,5,18
2020-08-30,US,North Carolina,Columbus,1096,51,0,34.26744084,-78.65801424,37047.0,1974.4901635800245,4.653284671532846,1045,1095,51,0,1044,1083,55655,1,0,0,1,12
2020-08-30,US,North Carolina,Craven,967,26,0,35.11833364,-77.08398081,37049.0,946.7490380755637,2.6887280248190284,941,958,26,0,932,888,102912,9,0,0,9,70
2020-08-30,US,North Carolina,Cumberland,4016,66,0,35.04762133,-78.82623165,37051.0,1196.9872641270426,1.6434262948207172,3950,3994,66,0,3928,3949,332330,22,0,0,22,45
2020-08-30,US,North Carolina,Currituck,96,0,0,36.36123664,-75.95876401,37053.0,345.7839570651587,0.0,96,96,0,0,96,95,27072,0,0,0,0,1
2020-08-30,US,North Carolina,Dare,242,2,0,35.66520691,-75.71767334,37055.0,653.894998513875,0.8264462809917356,240,241,2,0,239,241,36501,1,0,0,1,0
2020-08-30,US,North Carolina,Davidson,2159,32,0,35.79115496,-80.21256572,37057.0,1288.1169865580011,1.4821676702176934,2127,2145,32,0,2113,2128,166614,14,0,0,14,17
2020-08-30,US,North Carolina,Davie,474,6,0,35.93099927,-80.54496571,37059.0,1106.287634785044,1.2658227848101269,468,473,6,0,467,470,42733,1,0,0,1,3
2020-08-30,US,North Carolina,Duplin,2078,52,0,34.93449805,-77.93140529,37061.0,3537.5632011712432,2.5024061597690093,2026,2076,50,0,2026,2071,58856,2,2,0,0,5
2020-08-30,US,North Carolina,Durham,6878,84,0,36.03638492,-78.87608331,37063.0,2139.4266660030858,1.2212852573422506,6794,6842,83,0,6759,6790,316739,36,1,0,35,52
2020-08-30,US,North Carolina,Edgecombe,948,19,0,35.91230639,-77.59436892,37065.0,1841.77805408766,2.0042194092827006,929,938,19,0,919,912,52005,10,0,0,10,26
2020-08-30,US,North Carolina,Forsyth,6141,74,0,36.12859861,-80.25459052,37067.0,1606.3511162845443,1.2050154697931932,6067,6119,74,0,6045,6014,379099,22,0,0,22,105
2020-08-30,US,North Carolina,Franklin,1050,29,0,36.081519,-78.28708884,37069.0,1506.7805123053745,2.761904761904762,1021,1041,29,0,1012,1026,67560,9,0,0,9,15
2020-08-30,US,North Carolina,Gaston,4068,63,0,35.29373559,-81.17477045,37071.0,1811.792686022741,1.5486725663716814,4005,4052,63,0,3989,3969,222846,16,0,0,16,83
2020-08-30,US,North Carolina,Gates,85,3,0,36.44667547,-76.69749701,37073.0,735.1669261373465,3.5294117647058822,82,83,3,0,80,79,11573,2,0,0,2,4
2020-08-30,US,North Carolina,Graham,55,0,0,35.3506925,-83.83369267,37075.0,651.5815661651462,0.0,55,55,0,0,55,54,8484,0,0,0,0,1
2020-08-30,US,North Carolina,Granville,1522,43,0,36.30337451,-78.65184241,37077.0,2518.074880465893,2.8252299605781865,1479,1508,43,0,1465,1500,60115,14,0,0,14,8
2020-08-30,US,North Carolina,Greene,410,4,0,35.48544173,-77.67578087,37079.0,1945.986995111301,0.975609756097561,406,403,4,0,399,388,21012,7,0,0,7,15
2020-08-30,US,North Carolina,Guilford,6810,170,0,36.07959451,-79.78824948,37081.0,1267.7456466619753,2.4963289280469896,6640,6771,170,0,6601,6636,533670,39,0,0,39,135
2020-08-30,US,North Carolina,Halifax,862,11,0,36.25669272,-77.6556109,37083.0,1723.6552689462105,1.2761020881670533,851,861,11,0,850,846,50574,1,0,0,1,15
2020-08-30,US,North Carolina,Harnett,1606,46,0,35.36731853,-78.87243571,37085.0,1181.0907807260105,2.86425902864259,1560,1595,46,0,1549,1578,134214,11,0,0,11,17
2020-08-30,US,North Carolina,Haywood,505,25,0,35.55269063,-82.98196486,37087.0,810.3727714748784,4.950495049504951,480,503,25,0,478,498,61971,2,0,0,2,5
2020-08-30,US,North Carolina,Henderson,1694,60,0,35.33788927,-82.4766782,37089.0,1442.7212413875336,3.541912632821724,1634,1687,60,0,1627,1675,116748,7,0,0,7,12
2020-08-30,US,North Carolina,Hertford,542,14,0,36.3607755,-76.98104134,37091.0,2289.1413608142925,2.5830258302583027,528,531,14,0,517,514,23659,11,0,0,11,17
2020-08-30,US,North Carolina,Hoke,872,12,0,35.01888303,-79.23651674,37093.0,1578.7377340044175,1.3761467889908257,860,865,12,0,853,858,54764,7,0,0,7,7
2020-08-30,US,North Carolina,Hyde,94,0,0,35.42017674,-76.15180542,37095.0,1903.9902774964553,0.0,94,92,0,0,92,91,5230,2,0,0,2,1
2020-08-30,US,North Carolina,Iredell,2323,24,0,35.80950511,-80.8743128,37097.0,1277.7356082857552,1.0331467929401636,2299,2314,24,0,2290,2282,178435,9,0,0,9,32
2020-08-30,US,North Carolina,Jackson,489,7,0,35.28814273,-83.14093385,37099.0,1112.9318585279257,1.4314928425357871,482,488,7,0,481,484,43327,1,0,0,1,4
2020-08-30,US,North Carolina,Johnston,3793,50,0,35.51745004,-78.36622717,37101.0,1811.8936270833435,1.3182177695755342,3743,3780,50,0,3730,3746,202675,13,0,0,13,34
2020-08-30,US,North Carolina,Jones,135,7,0,35.02254606,-77.35870791,37103.0,1433.2731712496018,5.185185185185184,128,133,7,0,126,130,9637,2,0,0,2,3
2020-08-30,US,North Carolina,Lee,1427,12,0,35.47623147,-79.17569362,37105.0,2309.846387931174,0.8409250175192712,1415,1423,12,0,1411,1416,61452,4,0,0,4,7
2020-08-30,US,North Carolina,Lenoir,788,16,0,35.24032589999999,-77.64245615,37107.0,1408.4255303937516,2.0304568527918785,772,776,16,0,760,765,55976,12,0,0,12,11
2020-08-30,US,North Carolina,Lincoln,1103,12,0,35.48508185,-81.21740317,37109.0,1280.9048785869404,1.0879419764279241,1091,1093,12,0,1081,1076,83770,10,0,0,10,17
2020-08-30,US,North Carolina,Macon,539,2,0,35.14867843,-83.41696617,37113.0,1503.1513190919738,0.3710575139146568,537,538,2,0,536,529,35285,1,0,0,1,9
2020-08-30,US,North Carolina,Madison,68,1,0,35.85402722,-82.71346418,37115.0,312.5718225695244,1.4705882352941178,67,67,1,0,66,64,21763,1,0,0,1,3
2020-08-30,US,North Carolina,Martin,342,7,0,35.84326734,-77.10860251,37117.0,1524.0641711229944,2.046783625730994,335,337,7,0,330,325,22671,5,0,0,5,12
2020-08-30,US,North Carolina,McDowell,788,24,0,35.67736232,-82.0482425,37111.0,1722.1785121077014,3.045685279187817,764,786,24,0,762,773,45507,2,0,0,2,13
2020-08-30,US,North Carolina,Mecklenburg,25198,284,0,35.24469268,-80.8317671,37119.0,2269.3622585909384,1.1270735772680371,24914,25112,284,0,24828,24847,1093901,86,0,0,86,265
2020-08-30,US,North Carolina,Mitchell,93,3,0,36.01059309,-82.1582442,37121.0,621.4915797914996,3.2258064516129035,90,92,3,0,89,90,15000,1,0,0,1,2
2020-08-30,US,North Carolina,Montgomery,881,18,0,35.33155144,-79.90416657,37123.0,3242.1889375483006,2.0431328036322363,863,869,18,0,851,854,27271,12,0,0,12,15
2020-08-30,US,North Carolina,Moore,1293,21,0,35.30885257,-79.48474178,37125.0,1281.7208564631246,1.6241299303944317,1272,1281,21,0,1260,1264,98682,12,0,0,12,17
2020-08-30,US,North Carolina,Nash,1652,22,0,35.96575634,-77.98422508,37127.0,1751.8929351629938,1.3317191283292975,1630,1629,22,0,1607,1580,94016,23,0,0,23,49
2020-08-30,US,North Carolina,New Hanover,3004,21,0,34.25758282,-77.87075626,37129.0,1281.1709663799245,0.6990679094540613,2983,2976,21,0,2955,2917,232274,28,0,0,28,59
2020-08-30,US,North Carolina,Northampton,337,17,0,36.41736238,-77.39769443,37131.0,1729.7130832007392,5.044510385756675,320,336,17,0,319,336,19676,1,0,0,1,0
2020-08-30,US,North Carolina,Onslow,1460,12,0,34.72607366,-77.42908179,37133.0,737.6047045034302,0.821917808219178,1448,1460,12,0,1448,1440,197683,0,0,0,0,20
2020-08-30,US,North Carolina,Orange,2255,50,0,36.06092947,-79.12167935,37135.0,1518.763975322611,2.217294900221729,2205,2239,50,0,2189,2170,146027,16,0,0,16,69
2020-08-30,US,North Carolina,Pamlico,146,2,0,35.15253315,-76.66559823,37137.0,1147.2575829011473,1.3698630136986298,144,115,2,0,113,99,12670,31,0,0,31,16
2020-08-30,US,North Carolina,Pasquotank,546,23,0,36.26723798,-76.25134778,37139.0,1371.0325431900362,4.212454212454213,523,544,23,0,521,532,39639,2,0,0,2,12
2020-08-30,US,North Carolina,Pender,767,4,0,34.52265624,-77.90352133,37141.0,1216.301934665398,0.5215123859191656,763,762,4,0,758,754,62162,5,0,0,5,8
2020-08-30,US,North Carolina,Perquimans,135,2,0,36.17847453,-76.40603143,37143.0,1002.7482730446408,1.4814814814814814,133,133,2,0,131,127,13422,2,0,0,2,6
2020-08-30,US,North Carolina,Person,322,5,0,36.38989032,-78.97217358,37145.0,815.3963028614841,1.5527950310559009,317,316,5,0,311,307,39507,6,0,0,6,9
2020-08-30,US,North Carolina,Pitt,3490,19,0,35.59535426,-77.37353178,37147.0,1930.9291697557846,0.5444126074498568,3471,3376,17,0,3359,3229,179914,114,2,0,112,147
2020-08-30,US,North Carolina,Polk,225,7,0,35.27820615,-82.16812354,37149.0,1085.6977417486971,3.111111111111111,218,225,7,0,218,219,20611,0,0,0,0,6
2020-08-30,US,North Carolina,Randolph,2413,43,0,35.71015088,-79.80570339,37151.0,1679.5784696555233,1.78201409034397,2370,2400,43,0,2357,2379,143351,13,0,0,13,21
2020-08-30,US,North Carolina,Richmond,665,11,0,35.00417719,-79.74491009,37153.0,1483.4147538423788,1.6541353383458646,654,658,11,0,647,649,44887,7,0,0,7,9
2020-08-30,US,North Carolina,Robeson,3511,60,0,34.64244496,-79.10250529999998,37155.0,2687.846889952153,1.708914839077186,3451,3482,60,0,3422,3404,131831,29,0,0,29,78
2020-08-30,US,North Carolina,Rockingham,804,8,0,36.39593137,-79.77504841,37157.0,883.4194044610483,0.9950248756218906,796,795,8,0,787,743,90690,9,0,0,9,52
2020-08-30,US,North Carolina,Rowan,2777,60,0,35.64003916,-80.52446628,37159.0,1954.4226113394518,2.160604969391429,2717,2770,60,0,2710,2725,141262,7,0,0,7,45
2020-08-30,US,North Carolina,Rutherford,926,19,0,35.40114178,-81.92112099,37161.0,1381.4915931910068,2.0518358531317493,907,923,19,0,904,915,66826,3,0,0,3,8
2020-08-30,US,North Carolina,Sampson,1607,21,0,34.98820368,-78.36914061,37163.0,2529.4738001920323,1.3067828251400124,1586,1603,21,0,1582,1591,63626,4,0,0,4,12
2020-08-30,US,North Carolina,Scotland,645,8,0,34.8386299,-79.4757978,37165.0,1852.2241047583493,1.2403100775193798,637,643,8,0,635,597,34810,2,0,0,2,46
2020-08-30,US,North Carolina,Stanly,1475,31,0,35.31647813,-80.25093221,37167.0,2348.5017355029768,2.101694915254237,1444,1467,31,0,1436,1440,62075,8,0,0,8,27
2020-08-30,US,North Carolina,Stokes,331,3,0,36.4017975,-80.23893369,37169.0,726.0204864995284,0.9063444108761328,328,328,3,0,325,325,45467,3,0,0,3,3
2020-08-30,US,North Carolina,Surry,1155,16,0,36.41689489,-80.69102283,37171.0,1609.016062298873,1.3852813852813852,1139,1148,16,0,1132,1131,71948,7,0,0,7,17
2020-08-30,US,North Carolina,Swain,131,3,0,35.48665845,-83.48748932,37173.0,917.9454838483638,2.2900763358778624,128,130,3,0,127,129,14245,1,0,0,1,1
2020-08-30,US,North Carolina,Transylvania,244,2,0,35.20383864,-82.79638423,37175.0,709.6117493092919,0.819672131147541,242,243,2,0,241,233,34215,1,0,0,1,10
2020-08-30,US,North Carolina,Tyrrell,107,2,0,35.87147226,-76.17055253,37177.0,2664.3426294820715,1.8691588785046729,105,107,2,0,105,105,4131,0,0,0,0,2
2020-08-30,US,North Carolina,Union,3908,48,0,34.98960527,-80.52955873,37179.0,1629.2905415264802,1.2282497441146367,3860,3898,48,0,3850,3830,235908,10,0,0,10,68
2020-08-30,US,North Carolina,Vance,904,42,0,36.36880673,-78.40670845,37181.0,2029.8641517907267,4.6460176991150455,862,897,42,0,855,894,44582,7,0,0,7,3
2020-08-30,US,North Carolina,Wake,14868,199,0,35.78879266,-78.65249174,37183.0,1337.3377911259704,1.338444982512779,14669,14745,199,0,14546,14536,1092305,123,0,0,123,209
2020-08-30,US,North Carolina,Warren,287,6,0,36.39728256,-78.10652228,37185.0,1454.5638842430692,2.0905923344947737,281,287,6,0,281,287,19807,0,0,0,0,0
2020-08-30,US,North Carolina,Washington,175,5,0,35.83810081,-76.57299037,37187.0,1511.2262521588943,2.8571428571428568,170,173,4,0,169,172,11859,2,1,0,1,1
2020-08-30,US,North Carolina,Watauga,426,0,0,36.23103603,-81.70033724,37189.0,758.3174608825676,0.0,426,424,0,0,424,407,55945,2,0,0,2,17
2020-08-30,US,North Carolina,Wayne,2812,51,0,35.36438125,-78.00027268,37191.0,2283.746578846919,1.813655761024182,2761,2799,51,0,2748,2767,123248,13,0,0,13,32
2020-08-30,US,North Carolina,Wilkes,1021,22,0,36.2084135,-81.16232895,37193.0,1492.4282289656785,2.1547502448579823,999,1017,20,0,997,1005,68557,4,2,0,2,12
2020-08-30,US,North Carolina,Wilson,1721,36,0,35.70625477,-77.917978,37195.0,2103.886260559161,2.091807088901801,1685,1715,36,0,1679,1698,81455,6,0,0,6,17
2020-08-30,US,North Carolina,Yadkin,632,7,0,36.16222629,-80.66239436,37197.0,1677.8612578649747,1.1075949367088609,625,630,7,0,623,618,37543,2,0,0,2,12
2020-08-30,US,North Carolina,Yancey,91,0,0,35.90079156,-82.31237181,37199.0,503.6249930820743,0.0,91,88,0,0,88,87,17903,3,0,0,3,1
2020-08-30,US,North Dakota,Adams,4,0,0,46.09686891,-102.5285397,38001.0,180.50541516245488,0.0,4,4,0,0,4,5,2294,0,0,0,0,-1
2020-08-30,US,North Dakota,Barnes,107,0,0,46.93579637,-98.06605978,38003.0,1027.3643783005282,0.0,107,103,0,0,103,83,10542,4,0,0,4,20
2020-08-30,US,North Dakota,Benson,227,4,0,48.0683985,-99.35916363,38005.0,3322.599531615925,1.7621145374449338,223,224,4,0,220,222,6962,3,0,0,3,2
2020-08-30,US,North Dakota,Billings,4,0,0,47.02366884,-103.3762965,38007.0,431.0344827586207,0.0,4,4,0,0,4,4,919,0,0,0,0,0
2020-08-30,US,North Dakota,Bottineau,28,0,0,48.79106111,-100.8378166,38009.0,445.7179242279529,0.0,28,27,0,0,27,26,6411,1,0,0,1,1
2020-08-30,US,North Dakota,Bowman,15,0,0,46.11285362,-103.5203343,38011.0,496.03174603174597,0.0,15,15,0,0,15,15,3076,0,0,0,0,0
2020-08-30,US,North Dakota,Burke,24,1,0,48.79094471,-102.51821170000001,38013.0,1134.7517730496456,4.166666666666667,23,24,1,0,23,24,2100,0,0,0,0,0
2020-08-30,US,North Dakota,Burleigh,1987,16,0,46.97847375,-100.46452140000001,38015.0,2077.8867671972057,0.8052340211373931,1971,1943,15,0,1928,1915,95273,44,1,0,43,28
2020-08-30,US,North Dakota,Cass,3510,76,0,46.93201724,-97.24447190000001,38017.0,1929.3877079863464,2.1652421652421654,3434,3470,76,0,3394,3430,181516,40,0,0,40,40
2020-08-30,US,North Dakota,Cavalier,33,0,0,48.77286211,-98.46685243,38019.0,877.1929824561405,0.0,33,33,0,0,33,33,3829,0,0,0,0,0
2020-08-30,US,North Dakota,Dickey,26,0,0,46.11017712,-98.50490079999999,38021.0,533.6617405582923,0.0,26,26,0,0,26,24,4903,0,0,0,0,2
2020-08-30,US,North Dakota,Divide,5,0,0,48.814938700000006,-103.48736109999999,38023.0,220.84805653710248,0.0,5,5,0,0,5,5,2283,0,0,0,0,0
2020-08-30,US,North Dakota,Dunn,49,0,0,47.35423935,-102.61604679999999,38025.0,1107.5949367088608,0.0,49,49,0,0,49,48,4332,0,0,0,0,1
2020-08-30,US,North Dakota,Eddy,33,0,0,47.71701474,-98.90432337,38027.0,1442.9383471797116,0.0,33,32,0,0,32,30,2313,1,0,0,1,2
2020-08-30,US,North Dakota,Emmons,26,1,0,46.28398398,-100.2389766,38029.0,802.2215365627893,3.8461538461538463,25,26,1,0,25,25,3295,0,0,0,0,1
2020-08-30,US,North Dakota,Foster,32,0,0,47.457108399999996,-98.88279923,38031.0,996.8847352024924,0.0,32,32,0,0,32,30,3216,0,0,0,0,2
2020-08-30,US,North Dakota,Golden Valley,35,0,0,46.94022281,-103.8465421,38033.0,1987.5070982396371,0.0,35,35,0,0,35,30,1769,0,0,0,0,5
2020-08-30,US,North Dakota,Grand Forks,1468,10,0,47.92093639,-97.45450447,38035.0,2113.720464788124,0.6811989100817438,1458,1444,10,0,1434,1297,70770,24,0,0,24,147
2020-08-30,US,North Dakota,Grant,9,0,0,46.35821257,-101.63900129999999,38037.0,395.77836411609496,0.0,9,9,0,0,9,9,2374,0,0,0,0,0
2020-08-30,US,North Dakota,Griggs,38,1,0,47.45785838,-98.23850925,38039.0,1703.2720753025546,2.631578947368421,37,38,1,0,37,36,2232,0,0,0,0,2
2020-08-30,US,North Dakota,Hettinger,23,0,0,46.43375068,-102.4632417,38041.0,920.3681472589036,0.0,23,21,0,0,21,18,2514,2,0,0,2,3
2020-08-30,US,North Dakota,Kidder,34,0,0,46.97830064,-99.77507857,38043.0,1370.967741935484,0.0,34,32,0,0,32,30,2450,2,0,0,2,2
2020-08-30,US,North Dakota,LaMoure,20,0,0,46.45681054,-98.53542355,38045.0,494.31537320810685,0.0,20,20,0,0,20,20,4062,0,0,0,0,0
2020-08-30,US,North Dakota,Logan,11,0,0,46.45729487,-99.47719806,38047.0,594.5945945945947,0.0,11,10,0,0,10,10,1903,1,0,0,1,0
2020-08-30,US,North Dakota,McHenry,38,1,0,48.23104458,-100.6324822,38049.0,661.4447345517841,2.631578947368421,37,36,1,0,35,34,5816,2,0,0,2,2
2020-08-30,US,North Dakota,McIntosh,44,3,0,46.11182017,-99.44145858,38051.0,1762.1145374449338,6.8181818181818175,41,44,3,0,41,44,2585,0,0,0,0,0
2020-08-30,US,North Dakota,McKenzie,118,2,0,47.74133370000001,-103.395905,38053.0,785.4100106496272,1.6949152542372878,116,117,2,0,115,113,13632,1,0,0,1,4
2020-08-30,US,North Dakota,McLean,164,1,0,47.60766714,-101.3182418,38055.0,1735.4497354497355,0.6097560975609756,163,159,1,0,158,148,9541,5,0,0,5,11
2020-08-30,US,North Dakota,Mercer,38,0,0,47.31213126,-101.8318399,38057.0,464.15048247221205,0.0,38,38,0,0,38,39,8267,0,0,0,0,-1
2020-08-30,US,North Dakota,Morton,632,5,0,46.71681782,-101.2822377,38059.0,2015.0491008799897,0.7911392405063291,627,625,5,0,620,610,31095,7,0,0,7,15
2020-08-30,US,North Dakota,Mountrail,172,1,0,48.20197971,-102.3555315,38061.0,1631.1047889995261,0.5813953488372093,171,172,1,0,171,168,10218,0,0,0,0,4
2020-08-30,US,North Dakota,Nelson,29,0,0,47.9226426,-98.19038437,38063.0,1007.2941993747827,0.0,29,28,0,0,28,27,2869,1,0,0,1,1
2020-08-30,US,North Dakota,Oliver,10,0,0,47.11530482,-101.3406158,38065.0,510.46452271567125,0.0,10,10,0,0,10,10,1952,0,0,0,0,0
2020-08-30,US,North Dakota,Pembina,34,0,0,48.76623521,-97.5523809,38067.0,499.92648139979417,0.0,34,34,0,0,34,33,6947,0,0,0,0,1
2020-08-30,US,North Dakota,Pierce,25,0,0,48.24977025,-99.96407787,38069.0,628.9308176100631,0.0,25,25,0,0,25,24,4081,0,0,0,0,1
2020-08-30,US,North Dakota,Ramsey,120,2,0,48.26886249,-98.72223879,38071.0,1041.7570969702228,1.6666666666666667,118,118,2,0,116,115,11481,2,0,0,2,3
2020-08-30,US,North Dakota,Ransom,41,0,0,46.45621782,-97.65742504,38073.0,785.7416634725947,0.0,41,40,0,0,40,40,5237,1,0,0,1,0
2020-08-30,US,North Dakota,Renville,11,0,0,48.71982533,-101.6603912,38075.0,472.71164589600335,0.0,11,11,0,0,11,11,2374,0,0,0,0,0
2020-08-30,US,North Dakota,Richland,135,1,0,46.26440649,-96.94852979,38077.0,834.5181430425912,0.7407407407407407,134,132,1,0,131,132,16239,3,0,0,3,0
2020-08-30,US,North Dakota,Rolette,119,2,0,48.77245354,-99.84097493,38079.0,839.4469525959368,1.680672268907563,117,115,2,0,113,108,14301,4,0,0,4,7
2020-08-30,US,North Dakota,Sargent,15,0,0,46.10830372,-97.63217159,38081.0,384.8127244740893,0.0,15,15,0,0,15,15,3870,0,0,0,0,0
2020-08-30,US,North Dakota,Sheridan,9,0,0,47.57700669,-100.3426391,38083.0,684.4106463878327,0.0,9,9,0,0,9,9,1349,0,0,0,0,0
2020-08-30,US,North Dakota,Sioux,119,2,0,46.11323337,-101.04401490000001,38085.0,2813.2387706855793,1.680672268907563,117,119,2,0,117,120,4358,0,0,0,0,-1
2020-08-30,US,North Dakota,Slope,6,0,0,46.44737738,-103.4601547,38087.0,800.0,0.0,6,6,0,0,6,6,763,0,0,0,0,0
2020-08-30,US,North Dakota,Stark,677,6,0,46.80851182,-102.65763259999999,38089.0,2149.9571278859285,0.8862629246676514,671,669,6,0,663,659,30997,8,0,0,8,10
2020-08-30,US,North Dakota,Steele,18,0,0,47.45611548,-97.72728747,38091.0,952.3809523809523,0.0,18,18,0,0,18,18,1903,0,0,0,0,0
2020-08-30,US,North Dakota,Stutsman,207,3,0,46.97962541,-98.95637318,38093.0,999.8068006182381,1.4492753623188406,204,179,3,0,176,165,20917,28,0,0,28,14
2020-08-30,US,North Dakota,Towner,7,0,0,48.68565745,-99.24564265,38095.0,319.780721790772,0.0,7,7,0,0,7,6,2192,0,0,0,0,1
2020-08-30,US,North Dakota,Traill,68,0,0,47.45367788,-97.16323288,38097.0,846.1921353907418,0.0,68,68,0,0,68,68,8037,0,0,0,0,0
2020-08-30,US,North Dakota,Walsh,141,1,0,48.36876964,-97.72574783,38099.0,1325.0634338877926,0.7092198581560284,140,140,1,0,139,137,10667,1,0,0,1,3
2020-08-30,US,North Dakota,Ward,502,1,0,48.22390169,-101.54367629999999,38101.0,742.1534276548247,0.199203187250996,501,478,1,0,477,468,67744,24,0,0,24,10
2020-08-30,US,North Dakota,Wells,28,0,0,47.58614526,-99.65904998,38103.0,730.3077725612936,0.0,28,28,0,0,28,28,3957,0,0,0,0,0
2020-08-30,US,North Dakota,Williams,427,2,0,48.34522353,-103.4793387,38105.0,1135.970629705499,0.468384074941452,425,418,2,0,416,386,35350,9,0,0,9,32
2020-08-30,US,Ohio,Adams,91,4,0,38.84541072,-83.4718964,39001.0,328.5435771535852,4.395604395604397,87,91,5,0,86,89,27724,0,-1,0,1,2
2020-08-30,US,Ohio,Allen,1135,53,0,40.77285242,-84.10802343,39003.0,1108.9290773905482,4.669603524229076,1082,1123,55,0,1068,1113,102663,12,-2,0,14,10
2020-08-30,US,Ohio,Ashland,165,4,0,40.84772277,-82.27280781,39005.0,308.5034776755665,2.4242424242424243,161,164,5,0,159,163,53745,1,-1,0,2,1
2020-08-30,US,Ohio,Ashtabula,609,46,0,41.70860332,-80.74830218,39007.0,626.2790386771013,7.553366174055829,563,605,46,0,559,602,97493,4,0,0,4,3
2020-08-30,US,Ohio,Athens,387,2,0,39.33425634,-82.04278644,39009.0,592.404365729331,0.5167958656330749,385,385,2,0,383,381,65818,2,0,0,2,4
2020-08-30,US,Ohio,Auglaize,416,8,0,40.55998859,-84.22421429999999,39011.0,911.1617312072892,1.9230769230769231,408,409,8,0,401,393,45804,7,0,0,7,16
2020-08-30,US,Ohio,Belmont,682,26,0,40.01625942,-80.9924051,39013.0,1017.8192997642004,3.812316715542522,656,681,29,0,652,677,67505,1,-3,0,4,4
2020-08-30,US,Ohio,Brown,209,2,0,38.93416837,-83.86788395,39015.0,481.2120095781912,0.9569377990430622,207,207,2,0,205,204,43602,2,0,0,2,3
2020-08-30,US,Ohio,Butler,3972,73,0,39.44012838,-84.57388716,39017.0,1036.713003805457,1.8378650553877143,3899,3900,74,0,3826,3798,382378,72,-1,0,73,102
2020-08-30,US,Ohio,Carroll,125,6,0,40.578968599999996,-81.09178213,39019.0,464.44229768893507,4.8,119,125,6,0,119,125,27081,0,0,0,0,0
2020-08-30,US,Ohio,Champaign,246,2,0,40.13923427,-83.76875242,39021.0,632.6346920406328,0.8130081300813008,244,245,2,0,243,243,38754,1,0,0,1,2
2020-08-30,US,Ohio,Clark,1407,27,0,39.91592258,-83.78498252,39023.0,1049.3500294593648,1.9189765458422172,1380,1398,29,0,1369,1394,134585,9,-2,0,11,4
2020-08-30,US,Ohio,Clermont,1265,15,0,39.04847534,-84.15375786,39025.0,612.8044645106282,1.1857707509881423,1250,1257,16,0,1241,1246,205466,8,-1,0,9,11
2020-08-30,US,Ohio,Clinton,243,10,0,39.41485808,-83.80852286,39027.0,579.012581014106,4.11522633744856,233,238,10,0,228,234,42057,5,0,0,5,4
2020-08-30,US,Ohio,Columbiana,1820,64,0,40.76932373,-80.78094576,39029.0,1786.3627886889865,3.5164835164835164,1756,1814,64,0,1750,1798,102665,6,0,0,6,16
2020-08-30,US,Ohio,Coshocton,217,9,0,40.30096166,-81.91729018,39031.0,592.896174863388,4.147465437788019,208,216,9,0,207,215,36629,1,0,0,1,1
2020-08-30,US,Ohio,Crawford,193,5,0,40.85065156,-82.91989099,39033.0,465.1274883115631,2.5906735751295336,188,193,6,0,187,193,41550,0,-1,0,1,0
2020-08-30,US,Ohio,Cuyahoga,15624,574,0,41.424119,-81.65918339,39035.0,1265.0274639859053,3.6738351254480293,15050,15544,605,0,14939,15452,1243857,80,-31,0,111,92
2020-08-30,US,Ohio,Darke,616,35,0,40.13412966,-84.6194517,39037.0,1205.1728523076322,5.6818181818181825,581,607,35,0,572,598,51323,9,0,0,9,9
2020-08-30,US,Ohio,Defiance,209,5,0,41.32398837,-84.49076944,39039.0,548.7436658177331,2.392344497607656,204,207,5,0,202,203,38165,2,0,0,2,4
2020-08-30,US,Ohio,Delaware,1645,20,0,40.27942393,-83.00457058,39041.0,786.415332469631,1.2158054711246202,1625,1629,20,0,1609,1606,204826,16,0,0,16,23
2020-08-30,US,Ohio,Erie,772,36,0,41.36796058,-82.62904521,39043.0,1039.5066383001642,4.66321243523316,736,769,39,0,730,760,74615,3,-3,0,6,9
2020-08-30,US,Ohio,Fairfield,1709,40,0,39.75107189,-82.63088163,39045.0,1084.5697894322666,2.3405500292568755,1669,1695,43,0,1652,1690,155782,14,-3,0,17,5
2020-08-30,US,Ohio,Fayette,189,5,0,39.56021306,-83.4562016,39047.0,662.5766871165645,2.6455026455026456,184,189,5,0,184,189,28666,0,0,0,0,0
2020-08-30,US,Ohio,Franklin,21619,562,0,39.96995815,-83.01115755,39049.0,1641.8379714996552,2.59956519728017,21057,21497,582,0,20915,21320,1310300,122,-20,0,142,177
2020-08-30,US,Ohio,Fulton,181,1,0,41.60213491,-84.12571393,39051.0,429.6633907800409,0.5524861878453039,180,180,1,0,179,180,42276,1,0,0,1,0
2020-08-30,US,Ohio,Gallia,140,3,0,38.82708533,-82.31647569,39053.0,468.25874640444175,2.142857142857143,137,134,3,0,131,134,29979,6,0,0,6,0
2020-08-30,US,Ohio,Geauga,608,46,0,41.49952319,-81.17935342,39055.0,649.2327734412539,7.565789473684211,562,611,47,0,564,608,94031,-3,-1,0,-2,3
2020-08-30,US,Ohio,Greene,969,18,0,39.69116283,-83.89032084,39057.0,573.5866032899837,1.8575851393188851,951,956,19,0,937,945,167995,13,-1,0,14,11
2020-08-30,US,Ohio,Guernsey,130,7,0,40.05026529,-81.49248905,39059.0,334.40514469453376,5.384615384615384,123,128,7,0,121,128,39022,2,0,0,2,0
2020-08-30,US,Ohio,Hamilton,11102,286,0,39.19673558,-84.54502924,39061.0,1358.0876677272522,2.5761124121779857,10816,11041,293,0,10748,10903,816684,61,-7,0,68,138
2020-08-30,US,Ohio,Hancock,519,7,0,41.00250487,-83.66838948,39063.0,684.8501642848661,1.348747591522158,512,512,7,0,505,511,75930,7,0,0,7,1
2020-08-30,US,Ohio,Hardin,219,13,0,40.66015414,-83.65929931,39065.0,698.2305117168819,5.936073059360732,206,215,13,0,202,214,31480,4,0,0,4,1
2020-08-30,US,Ohio,Harrison,28,1,0,40.29380509,-81.09068544,39067.0,186.17021276595744,3.571428571428572,27,28,1,0,27,28,15174,0,0,0,0,0
2020-08-30,US,Ohio,Henry,210,3,0,41.333964200000004,-84.06830637,39069.0,777.6049766718507,1.4285714285714286,207,210,4,0,206,208,27086,0,-1,0,1,2
2020-08-30,US,Ohio,Highland,190,3,0,39.1839264,-83.60331456,39071.0,440.2122286323301,1.5789473684210529,187,189,3,0,186,188,43058,1,0,0,1,1
2020-08-30,US,Ohio,Hocking,139,9,0,39.49537927,-82.47991446,39073.0,491.79167846023216,6.474820143884893,130,138,9,0,129,138,28385,1,0,0,1,0
2020-08-30,US,Ohio,Holmes,349,7,0,40.56163713,-81.92635677,39075.0,793.9035486806188,2.005730659025788,342,349,7,0,342,348,43892,0,0,0,0,1
2020-08-30,US,Ohio,Huron,470,6,0,41.14651175,-82.59867951,39077.0,806.6453849586377,1.2765957446808511,464,469,6,0,463,468,58504,1,0,0,1,1
2020-08-30,US,Ohio,Jackson,165,1,0,39.01914254,-82.61818559999998,39079.0,509.0550087927683,0.6060606060606061,164,162,1,0,161,159,32384,3,0,0,3,3
2020-08-30,US,Ohio,Jefferson,267,4,0,40.38614126,-80.76259514,39081.0,408.7256027554535,1.49812734082397,263,267,4,0,263,265,65767,0,0,0,0,2
2020-08-30,US,Ohio,Knox,245,14,0,40.39830217,-82.42027563,39083.0,393.11960463399765,5.7142857142857135,231,244,15,0,229,242,61893,1,-1,0,2,2
2020-08-30,US,Ohio,Lake,1310,44,0,41.69710807,-81.23676539,39085.0,569.1964770648581,3.3587786259541983,1266,1303,45,0,1258,1296,230514,7,-1,0,8,7
2020-08-30,US,Ohio,Lawrence,429,14,0,38.59743452,-82.53466552,39087.0,721.4570405125877,3.2634032634032635,415,429,14,0,415,422,59866,0,0,0,0,7
2020-08-30,US,Ohio,Licking,1576,57,0,40.09136236,-82.48185785,39089.0,891.0902285397655,3.6167512690355332,1519,1565,58,0,1507,1547,175769,11,-1,0,12,18
2020-08-30,US,Ohio,Logan,233,2,0,40.38996525,-83.76784341,39091.0,510.1593974426344,0.8583690987124464,231,231,2,0,229,229,45358,2,0,0,2,2
2020-08-30,US,Ohio,Lorain,2103,81,0,41.29553751,-82.15083537,39093.0,678.7527474478187,3.8516405135520686,2022,2090,85,0,2005,2075,309461,13,-4,0,17,15
2020-08-30,US,Ohio,Lucas,6389,341,0,41.62101218,-83.65468618,39095.0,1491.544258406716,5.337298481765535,6048,6344,346,0,5998,6292,429899,45,-5,0,50,52
2020-08-30,US,Ohio,Madison,689,11,0,39.89381073,-83.40178317,39097.0,1540.3187945719974,1.5965166908563135,678,688,13,0,675,679,44413,1,-2,0,3,9
2020-08-30,US,Ohio,Mahoning,2847,265,0,41.01631101,-80.77287029,39099.0,1244.9548064351088,9.308043554618896,2582,2843,267,0,2576,2835,229642,4,-2,0,6,8
2020-08-30,US,Ohio,Marion,3001,46,0,40.58610662,-83.15736305,39101.0,4610.326763246432,1.5328223925358213,2955,3000,46,0,2954,2996,65256,1,0,0,1,4
2020-08-30,US,Ohio,Medina,1190,37,0,41.11770589,-81.89986209999998,39103.0,662.0453306332269,3.109243697478992,1153,1172,37,0,1135,1155,179146,18,0,0,18,17
2020-08-30,US,Ohio,Meigs,127,3,0,39.09224872,-82.0305041,39105.0,554.4156807962631,2.3622047244094486,124,122,4,0,118,115,23106,5,-1,0,6,7
2020-08-30,US,Ohio,Mercer,817,17,0,40.54043046,-84.62912742,39107.0,1984.358301758477,2.08078335373317,800,813,18,0,795,808,40959,4,-1,0,5,5
2020-08-30,US,Ohio,Miami,1054,43,0,40.0543329,-84.22871271,39109.0,985.1664220886653,4.079696394686907,1011,1043,43,0,1000,1030,106222,11,0,0,11,13
2020-08-30,US,Ohio,Monroe,103,18,0,39.72984936,-81.08464734,39111.0,754.3576973780578,17.475728155339805,85,103,18,0,85,103,13790,0,0,0,0,0
2020-08-30,US,Ohio,Montgomery,5728,128,0,39.75394919,-84.29050975,39113.0,1077.3255693669396,2.23463687150838,5600,5582,133,0,5449,5436,532331,146,-5,0,151,146
2020-08-30,US,Ohio,Morgan,43,0,0,39.62081738,-81.85308173,39115.0,296.38819961400606,0.0,43,43,0,0,43,43,14604,0,0,0,0,0
2020-08-30,US,Ohio,Morrow,226,2,0,40.52363560000001,-82.7892599,39117.0,639.7192028985507,0.8849557522123894,224,226,2,0,224,223,35112,0,0,0,0,3
2020-08-30,US,Ohio,Muskingum,296,2,0,39.96575964,-81.94363275,39119.0,343.3277271936438,0.6756756756756757,294,296,1,0,295,296,86183,0,1,0,-1,0
2020-08-30,US,Ohio,Noble,22,0,0,39.76818851,-81.45937183,39121.0,152.52357182473656,0.0,22,21,0,0,21,21,14354,1,0,0,1,0
2020-08-30,US,Ohio,Ottawa,448,29,0,41.53781826,-83.0940185,39123.0,1105.4904380012338,6.4732142857142865,419,446,29,0,417,446,40769,2,0,0,2,0
2020-08-30,US,Ohio,Paulding,79,1,0,41.11676341,-84.5801017,39125.0,433.8046272493572,1.2658227848101269,78,79,1,0,78,79,18760,0,0,0,0,0
2020-08-30,US,Ohio,Perry,226,6,0,39.73508655,-82.23804971,39127.0,625.4497149499086,2.6548672566371683,220,224,6,0,218,224,36033,2,0,0,2,0
2020-08-30,US,Ohio,Pickaway,2493,43,0,39.64170392,-83.0243386,39129.0,4264.6731785757065,1.7248295226634576,2450,2489,44,0,2445,2484,58086,4,-1,0,5,5
2020-08-30,US,Ohio,Pike,104,0,0,39.07634001,-83.06769584,39131.0,374.4778914014115,0.0,104,104,0,0,104,102,28067,0,0,0,0,2
2020-08-30,US,Ohio,Portage,850,65,0,41.16793482,-81.19735782,39133.0,523.1863897677051,7.647058823529411,785,844,66,0,778,838,162927,6,-1,0,7,6
2020-08-30,US,Ohio,Preble,345,4,0,39.7420247,-84.64787018,39135.0,843.8921774864242,1.1594202898550725,341,329,4,0,325,329,40997,16,0,0,16,0
2020-08-30,US,Ohio,Putnam,325,17,0,41.02094889,-84.1336111,39137.0,959.8062667966096,5.230769230769232,308,316,18,0,298,303,33780,9,-1,0,10,13
2020-08-30,US,Ohio,Richland,696,17,0,40.77180308,-82.53799609999999,39139.0,574.4754609835417,2.4425287356321843,679,695,20,0,675,693,121099,1,-3,0,4,2
2020-08-30,US,Ohio,Ross,692,10,0,39.33705391,-83.06000914,39141.0,902.6165444916912,1.4450867052023122,682,685,12,0,673,672,76931,7,-2,0,9,13
2020-08-30,US,Ohio,Sandusky,517,17,0,41.35624126,-83.137872,39143.0,883.4888410403638,3.288201160541586,500,510,17,0,493,505,58799,7,0,0,7,5
2020-08-30,US,Ohio,Scioto,350,3,0,38.80270163,-82.98907345,39145.0,464.7210346018005,0.8571428571428571,347,343,3,0,340,339,75502,7,0,0,7,4
2020-08-30,US,Ohio,Seneca,347,11,0,41.12351311,-83.12783209,39147.0,628.8738265250644,3.1700288184438037,336,338,13,0,325,334,55207,9,-2,0,11,4
2020-08-30,US,Ohio,Shelby,359,4,0,40.33163494,-84.20258189,39149.0,738.8351512656924,1.1142061281337048,355,346,4,0,342,336,48627,13,0,0,13,10
2020-08-30,US,Ohio,Stark,2308,151,0,40.81482476,-81.36437305,39151.0,622.7637976719211,6.542461005199307,2157,2296,152,0,2144,2276,371574,12,-1,0,13,20
2020-08-30,US,Ohio,Summit,4418,236,0,41.12464734,-81.53123079,39153.0,816.6162365784186,5.341783612494341,4182,4376,239,0,4137,4318,541918,42,-3,0,45,58
2020-08-30,US,Ohio,Trumbull,1744,121,0,41.31735028,-80.76109643,39155.0,880.9237576651482,6.9380733944954125,1623,1743,121,0,1622,1740,198627,1,0,0,1,3
2020-08-30,US,Ohio,Tuscarawas,858,16,0,40.44214695,-81.47226262,39157.0,932.7404959396436,1.8648018648018647,842,857,17,0,840,853,92176,1,-1,0,2,4
2020-08-30,US,Ohio,Union,362,1,0,40.30016061,-83.37239023,39159.0,613.6841391469451,0.27624309392265195,361,358,1,0,357,355,57835,4,0,0,4,3
2020-08-30,US,Ohio,Van Wert,88,2,0,40.8554138,-84.59111700000003,39161.0,311.22900088417333,2.272727272727273,86,89,2,0,87,87,28281,-1,0,0,-1,2
2020-08-30,US,Ohio,Vinton,38,2,0,39.25208988,-82.4831444,39163.0,290.40886511272447,5.2631578947368425,36,37,2,0,35,37,13139,1,0,0,1,0
2020-08-30,US,Ohio,Warren,2286,42,0,39.42581994,-84.16557457,39165.0,974.4162453858023,1.837270341207349,2244,2259,42,0,2217,2234,232173,27,0,0,27,25
2020-08-30,US,Ohio,Washington,227,23,0,39.45690571,-81.49121382,39167.0,378.89536145282165,10.13215859030837,204,226,23,0,203,226,60155,1,0,0,1,0
2020-08-30,US,Ohio,Wayne,756,61,0,40.82925852,-81.88844833,39169.0,653.3575317604357,8.068783068783068,695,751,62,0,689,723,115967,5,-1,0,6,28
2020-08-30,US,Ohio,Williams,159,3,0,41.56052014,-84.58429552,39171.0,433.3369671863076,1.8867924528301887,156,157,3,0,154,156,36804,2,0,0,2,1
2020-08-30,US,Ohio,Wood,1320,61,0,41.36224827,-83.62285108,39173.0,1009.0431671724623,4.621212121212121,1259,1303,66,0,1237,1296,130696,17,-5,0,22,7
2020-08-30,US,Ohio,Wyandot,186,10,0,40.84339621,-83.30734173,39175.0,854.3082858717619,5.376344086021504,176,185,11,0,174,185,21935,1,-1,0,2,0
2020-08-30,US,Oklahoma,Adair,442,8,0,35.88494195,-94.65859267,40001.0,1991.5292421375148,1.8099547511312215,434,438,8,0,430,432,22082,4,0,0,4,6
2020-08-30,US,Oklahoma,Alfalfa,12,0,0,36.73090616,-98.32408495,40003.0,210.4524728165556,0.0,12,12,0,0,12,12,5754,0,0,0,0,0
2020-08-30,US,Oklahoma,Atoka,108,1,0,34.37366573,-96.03802487,40005.0,784.9978194505015,0.925925925925926,107,108,1,0,107,107,13838,0,0,0,0,1
2020-08-30,US,Oklahoma,Beaver,44,0,0,36.7496847,-100.4758872,40007.0,828.4692148371304,0.0,44,44,0,0,44,42,5319,0,0,0,0,2
2020-08-30,US,Oklahoma,Beckham,123,1,0,35.26862449,-99.68128023,40009.0,562.6972871586074,0.8130081300813008,122,124,1,0,123,119,21709,-1,0,0,-1,5
2020-08-30,US,Oklahoma,Blaine,73,1,0,35.87518314,-98.43307003,40011.0,774.2072330045604,1.3698630136986298,72,73,1,0,72,70,9485,0,0,0,0,3
2020-08-30,US,Oklahoma,Bryan,595,3,0,33.96472458,-96.25903472,40013.0,1239.7124700489635,0.5042016806722689,592,592,3,0,589,587,47192,3,0,0,3,5
2020-08-30,US,Oklahoma,Caddo,561,20,0,35.17364557,-98.37534464,40015.0,1950.4902301648008,3.5650623885918,541,560,20,0,540,539,28977,1,0,0,1,21
2020-08-30,US,Oklahoma,Canadian,1518,11,0,35.5426055,-97.98465569,40017.0,1023.5593974620042,0.7246376811594203,1507,1509,11,0,1498,1502,144447,9,0,0,9,7
2020-08-30,US,Oklahoma,Carter,405,6,0,34.25103751,-97.28552485,40019.0,841.8033297998378,1.4814814814814814,399,402,6,0,396,399,48177,3,0,0,3,3
2020-08-30,US,Oklahoma,Cherokee,662,6,0,35.90692775,-94.99980896,40021.0,1360.544217687075,0.9063444108761328,656,648,6,0,642,638,48675,14,0,0,14,10
2020-08-30,US,Oklahoma,Choctaw,240,1,0,34.02807439,-95.54771129,40023.0,1635.7688113413305,0.4166666666666667,239,239,1,0,238,239,14668,1,0,0,1,0
2020-08-30,US,Oklahoma,Cimarron,14,0,0,36.74817177,-102.5173885,40025.0,655.1240056153488,0.0,14,14,0,0,14,14,2153,0,0,0,0,0
2020-08-30,US,Oklahoma,Cleveland,3882,64,0,35.20413532,-97.32519562,40027.0,1366.8340293084145,1.648634724368882,3818,3783,63,0,3720,3749,281669,99,1,0,98,34
2020-08-30,US,Oklahoma,Coal,54,0,0,34.58840127,-96.29798747,40029.0,982.7115559599637,0.0,54,53,0,0,53,52,5520,1,0,0,1,1
2020-08-30,US,Oklahoma,Comanche,1225,11,0,34.65973764,-98.47195055,40031.0,1014.5011552890708,0.8979591836734694,1214,1218,11,0,1207,1212,120422,7,0,0,7,6
2020-08-30,US,Oklahoma,Cotton,28,2,0,34.28845626,-98.37053567,40033.0,494.17578538651605,7.142857142857142,26,29,2,0,27,26,5776,-1,0,0,-1,3
2020-08-30,US,Oklahoma,Craig,118,1,0,36.76268118,-95.20916602,40035.0,834.3940036769908,0.8474576271186439,117,118,1,0,117,115,14306,0,0,0,0,3
2020-08-30,US,Oklahoma,Creek,803,21,0,35.90230551,-96.37086028,40037.0,1122.731467240849,2.61519302615193,782,796,21,0,775,779,71604,7,0,0,7,17
2020-08-30,US,Oklahoma,Custer,324,0,0,35.63853802,-99.00170785,40039.0,1117.1258145709064,0.0,324,323,0,0,323,315,29036,1,0,0,1,8
2020-08-30,US,Oklahoma,Delaware,543,21,0,36.40823634,-94.80325046,40041.0,1262.526447952754,3.867403314917127,522,539,21,0,518,530,42733,4,0,0,4,9
2020-08-30,US,Oklahoma,Dewey,21,0,0,35.98772922,-99.00730714,40043.0,429.3600490697198,0.0,21,18,0,0,18,18,4894,3,0,0,3,0
2020-08-30,US,Oklahoma,Ellis,6,0,0,36.218019399999996,-99.75324573,40045.0,155.48069448043537,0.0,6,6,0,0,6,6,3952,0,0,0,0,0
2020-08-30,US,Oklahoma,Garfield,960,12,0,36.3791334,-97.78265517,40047.0,1572.3270440251572,1.25,948,932,12,0,920,895,60913,28,0,0,28,37
2020-08-30,US,Oklahoma,Garvin,264,4,0,34.70418038,-97.30811132,40049.0,952.6902674028363,1.5151515151515151,260,263,4,0,259,262,27811,1,0,0,1,1
2020-08-30,US,Oklahoma,Grady,530,7,0,35.0167709,-97.88339847,40051.0,949.2423971057062,1.320754716981132,523,517,7,0,510,516,55551,13,0,0,13,1
2020-08-30,US,Oklahoma,Grant,24,0,0,36.796296999999996,-97.78638765,40053.0,553.888760673898,0.0,24,24,0,0,24,23,4326,0,0,0,0,1
2020-08-30,US,Oklahoma,Greer,88,8,0,34.93535801,-99.56056120000001,40055.0,1540.6162464985996,9.090909090909092,80,88,8,0,80,87,5821,0,0,0,0,1
2020-08-30,US,Oklahoma,Harmon,39,0,0,34.7440135,-99.84741652,40057.0,1470.0339238597815,0.0,39,38,0,0,38,37,2664,1,0,0,1,1
2020-08-30,US,Oklahoma,Harper,17,0,0,36.78836519,-99.6679804,40059.0,460.95444685466384,0.0,17,17,0,0,17,17,3797,0,0,0,0,0
2020-08-30,US,Oklahoma,Haskell,163,4,0,35.22257600000001,-95.11513306,40061.0,1290.8846123386395,2.4539877300613497,159,158,4,0,154,157,12668,5,0,0,5,1
2020-08-30,US,Oklahoma,Hughes,214,3,0,35.04912569,-96.24921145,40063.0,1611.5671360795236,1.4018691588785046,211,212,3,0,209,208,13335,2,0,0,2,4
2020-08-30,US,Oklahoma,Jackson,591,9,0,34.58781741,-99.41138784,40065.0,2409.294741133306,1.5228426395939083,582,582,9,0,573,579,24949,9,0,0,9,3
2020-08-30,US,Oklahoma,Jefferson,36,0,0,34.11130184,-97.83182974,40067.0,599.8000666444517,0.0,36,36,0,0,36,36,6123,0,0,0,0,0
2020-08-30,US,Oklahoma,Johnston,89,1,0,34.31440473,-96.66011537,40069.0,802.8867839422643,1.1235955056179776,88,85,1,0,84,77,10949,4,0,0,4,8
2020-08-30,US,Oklahoma,Kay,309,12,0,36.81799745,-97.14421435,40071.0,709.7248380724884,3.8834951456310685,297,308,12,0,296,300,44161,1,0,0,1,8
2020-08-30,US,Oklahoma,Kingfisher,257,1,0,35.94530008,-97.94193268,40073.0,1630.1934665398035,0.3891050583657588,256,255,1,0,254,250,15816,2,0,0,2,5
2020-08-30,US,Oklahoma,Kiowa,43,1,0,34.91671958,-98.97720696,40075.0,493.7988056959117,2.3255813953488373,42,40,1,0,39,40,8729,3,0,0,3,0
2020-08-30,US,Oklahoma,Latimer,109,2,0,34.87844729,-95.25215049,40077.0,1082.1006651444457,1.834862385321101,107,109,2,0,107,109,10231,0,0,0,0,0
2020-08-30,US,Oklahoma,Le Flore,641,5,0,34.89851864,-94.70392124,40079.0,1285.7801937696831,0.7800312012480499,636,620,5,0,615,608,49980,21,0,0,21,12
2020-08-30,US,Oklahoma,Lincoln,294,8,0,35.70270942,-96.8812462,40081.0,842.962410757806,2.7210884353741496,286,292,8,0,284,289,34920,2,0,0,2,3
2020-08-30,US,Oklahoma,Logan,292,1,0,35.91899576,-97.44352845,40083.0,608.1939555518527,0.3424657534246575,291,284,1,0,283,281,47291,8,0,0,8,3
2020-08-30,US,Oklahoma,Love,102,0,0,33.95273467,-97.23906784,40085.0,994.8307812347606,0.0,102,99,0,0,99,93,10134,3,0,0,3,6
2020-08-30,US,Oklahoma,Major,49,1,0,36.31149996,-98.53467076,40093.0,642.2860138943505,2.0408163265306123,48,49,1,0,48,46,7644,0,0,0,0,3
2020-08-30,US,Oklahoma,Marshall,130,1,0,34.02311222,-96.76855464,40095.0,767.8223377237019,0.7692307692307693,129,130,1,0,129,130,16806,0,0,0,0,0
2020-08-30,US,Oklahoma,Mayes,413,9,0,36.30179091,-95.23175116,40097.0,1004.8661800486618,2.179176755447942,404,411,9,0,402,405,41107,2,0,0,2,6
2020-08-30,US,Oklahoma,McClain,570,4,0,35.01123903,-97.44572302,40087.0,1408.3115086228195,0.7017543859649122,566,561,4,0,557,551,39985,9,0,0,9,10
2020-08-30,US,Oklahoma,McCurtain,1021,29,0,34.11664328,-94.77222373,40089.0,3109.770955165692,2.840352595494613,992,1006,29,0,977,1004,32703,15,0,0,15,2
2020-08-30,US,Oklahoma,McIntosh,235,4,0,35.37235506,-95.66599306,40091.0,1199.2243314962234,1.702127659574468,231,235,4,0,231,232,19815,0,0,0,0,3
2020-08-30,US,Oklahoma,Murray,89,1,0,34.48116015,-97.06826283,40099.0,632.4166844311802,1.1235955056179776,88,88,1,0,87,87,13953,1,0,0,1,1
2020-08-30,US,Oklahoma,Muskogee,1126,16,0,35.61318461,-95.37802952,40101.0,1655.9554097974913,1.4209591474245116,1110,949,16,0,933,720,68362,177,0,0,177,229
2020-08-30,US,Oklahoma,Noble,104,2,0,36.38953329,-97.22928674,40103.0,934.3275536789148,1.9230769230769231,102,102,2,0,100,101,11289,2,0,0,2,1
2020-08-30,US,Oklahoma,Nowata,97,1,0,36.79843529,-95.61902331,40105.0,962.683604605002,1.0309278350515465,96,96,1,0,95,92,10218,1,0,0,1,4
2020-08-30,US,Oklahoma,Okfuskee,101,3,0,35.46485198,-96.32639984,40107.0,842.1579254565163,2.9702970297029703,98,100,3,0,97,98,12098,1,0,0,1,2
2020-08-30,US,Oklahoma,Oklahoma,13357,155,0,35.55140095,-97.40716948,40109.0,1674.9975546565604,1.1604402186119638,13202,13254,154,0,13100,13144,792582,103,1,0,102,110
2020-08-30,US,Oklahoma,Okmulgee,614,4,0,35.64661916,-95.96432828,40111.0,1596.2563369296765,0.6514657980456026,610,613,4,0,609,592,38335,1,0,0,1,21
2020-08-30,US,Oklahoma,Osage,636,12,0,36.62888819,-96.39635704,40113.0,1354.2576070523605,1.8867924528301887,624,629,12,0,617,614,47014,7,0,0,7,15
2020-08-30,US,Oklahoma,Ottawa,520,4,0,36.83532655,-94.81011909,40115.0,1670.5753847142353,0.7692307692307693,516,516,4,0,512,499,31175,4,0,0,4,17
2020-08-30,US,Oklahoma,Pawnee,217,3,0,36.31743373,-96.70331759999999,40117.0,1325.1099169516365,1.3824884792626728,214,218,3,0,215,210,16390,-1,0,0,-1,8
2020-08-30,US,Oklahoma,Payne,1145,5,0,36.07695283,-96.97584944,40119.0,1400.02934559327,0.4366812227074236,1140,1096,5,0,1091,1047,82040,49,0,0,49,49
2020-08-30,US,Oklahoma,Pittsburg,576,15,0,34.92065823,-95.75134320000001,40121.0,1319.4667155358045,2.6041666666666665,561,573,15,0,558,564,43877,3,0,0,3,9
2020-08-30,US,Oklahoma,Pontotoc,235,3,0,34.72959848,-96.68337199,40123.0,613.8334552293386,1.2765957446808511,232,235,3,0,232,233,38247,0,0,0,0,2
2020-08-30,US,Oklahoma,Pottawatomie,852,9,0,35.20614018,-96.94923008,40125.0,1173.6830504738816,1.056338028169014,843,829,9,0,820,801,72679,23,0,0,23,28
2020-08-30,US,Oklahoma,Pushmataha,126,1,0,34.41635232,-95.37603505,40127.0,1135.544340302812,0.7936507936507936,125,126,1,0,125,125,11179,0,0,0,0,1
2020-08-30,US,Oklahoma,Roger Mills,13,1,0,35.68711719,-99.69666167,40129.0,362.8244487859336,7.6923076923076925,12,13,1,0,12,13,3656,0,0,0,0,0
2020-08-30,US,Oklahoma,Rogers,1308,41,0,36.37004357,-95.60406759,40131.0,1414.6811018938126,3.134556574923548,1267,1302,41,0,1261,1279,91984,6,0,0,6,23
2020-08-30,US,Oklahoma,Seminole,319,5,0,35.16478725,-96.61686741,40133.0,1315.0300931651414,1.567398119122257,314,315,5,0,310,305,24578,4,0,0,4,10
2020-08-30,US,Oklahoma,Sequoyah,580,8,0,35.49447108,-94.75463785,40135.0,1395.2705140850153,1.3793103448275863,572,577,8,0,569,575,41179,3,0,0,3,2
2020-08-30,US,Oklahoma,Stephens,251,4,0,34.48556989,-97.85141892,40137.0,581.7861530259834,1.593625498007968,247,249,4,0,245,247,43265,2,0,0,2,2
2020-08-30,US,Oklahoma,Texas,1144,7,0,36.74777635,-101.4889765,40139.0,5724.866136215784,0.6118881118881119,1137,1143,7,0,1136,1127,20455,1,0,0,1,16
2020-08-30,US,Oklahoma,Tillman,68,1,0,34.37288446,-98.92426619,40141.0,937.9310344827586,1.4705882352941178,67,64,1,0,63,64,7348,4,0,0,4,0
2020-08-30,US,Oklahoma,Tulsa,13175,132,0,36.11939621,-95.94013939,40143.0,2022.094936398016,1.0018975332068312,13043,13104,132,0,12972,12941,648360,71,0,0,71,163
2020-08-30,US,Oklahoma,Unassigned,103,0,0,0.0,0.0,90040.0,0.0,0.0,103,103,0,0,103,21,,0,0,0,0,82
2020-08-30,US,Oklahoma,Wagoner,1137,23,0,35.96024096,-95.51911308,40145.0,1398.7132330327595,2.0228671943711523,1114,1127,23,0,1104,1114,80110,10,0,0,10,13
2020-08-30,US,Oklahoma,Washington,790,39,0,36.71380786,-95.90514104,40147.0,1533.176781105052,4.936708860759493,751,780,39,0,741,766,51843,10,0,0,10,14
2020-08-30,US,Oklahoma,Washita,43,0,0,35.29071824,-98.99180434,40149.0,393.9171857823378,0.0,43,42,0,0,42,42,11127,1,0,0,1,0
2020-08-30,US,Oklahoma,Woods,24,0,0,36.76705782,-98.86573064,40151.0,272.9443875810304,0.0,24,24,0,0,24,24,8897,0,0,0,0,0
2020-08-30,US,Oklahoma,Woodward,88,0,0,36.42316318,-99.26283045,40153.0,435.4064618277176,0.0,88,89,0,0,89,81,20222,-1,0,0,-1,8
2020-08-30,US,Oregon,Baker,70,2,0,44.70915557,-117.6749883,41001.0,434.13545026048126,2.8571428571428568,68,70,2,0,68,68,16006,0,0,0,0,2
2020-08-30,US,Oregon,Benton,213,6,0,44.49167306,-123.4316987,41003.0,228.90180864668525,2.8169014084507036,207,208,6,0,202,208,92101,5,0,0,5,0
2020-08-30,US,Oregon,Clackamas,1939,56,0,45.18787398,-122.2179634,41005.0,463.66816759009726,2.888086642599278,1883,1923,56,0,1867,1904,416075,16,0,0,16,19
2020-08-30,US,Oregon,Clatsop,95,0,0,45.99712889,-123.660711,41007.0,236.17740652346856,0.0,95,95,0,0,95,95,39764,0,0,0,0,0
2020-08-30,US,Oregon,Columbia,130,1,0,45.94464254,-123.08908980000001,41009.0,248.30958474997126,0.7692307692307693,129,128,1,0,127,128,52377,2,0,0,2,0
2020-08-30,US,Oregon,Coos,115,0,0,43.17406868,-124.0594514,41011.0,178.33051622807704,0.0,115,112,0,0,112,110,64389,3,0,0,3,2
2020-08-30,US,Oregon,Crook,54,1,0,44.14230227,-120.356297,41013.0,221.27520078675627,1.851851851851852,53,54,1,0,53,54,23867,0,0,0,0,0
2020-08-30,US,Oregon,Curry,20,0,0,42.45911325,-124.15728200000001,41015.0,87.24100327153762,0.0,20,20,0,0,20,20,22813,0,0,0,0,0
2020-08-30,US,Oregon,Deschutes,690,11,0,43.91570171,-121.2289121,41017.0,349.0277805879854,1.5942028985507246,679,687,10,0,677,687,191996,3,1,0,2,0
2020-08-30,US,Oregon,Douglas,177,3,0,43.27941273,-123.16729099999999,41019.0,159.4881960713642,1.6949152542372878,174,177,2,0,175,177,110283,0,1,0,-1,0
2020-08-30,US,Oregon,Gilliam,4,0,0,45.37160076,-120.20488689999999,41021.0,209.20502092050208,0.0,4,4,0,0,4,4,1894,0,0,0,0,0
2020-08-30,US,Oregon,Grant,8,0,0,44.49024544,-119.0068631,41023.0,111.12654535352131,0.0,8,8,0,0,8,8,7176,0,0,0,0,0
2020-08-30,US,Oregon,Harney,12,0,0,43.06422669,-118.96663059999999,41025.0,162.31570404436633,0.0,12,12,0,0,12,11,7329,0,0,0,0,1
2020-08-30,US,Oregon,Hood River,233,0,0,45.51872811,-121.65520359999998,41027.0,996.4930288255923,0.0,233,224,0,0,224,223,23428,9,0,0,9,1
2020-08-30,US,Oregon,Jackson,805,2,0,42.43201126,-122.72893090000001,41029.0,364.3457165616627,0.2484472049689441,803,793,2,0,791,776,219564,12,0,0,12,17
2020-08-30,US,Oregon,Jefferson,457,7,0,44.62806839,-121.17832,41031.0,1853.3538810933567,1.5317286652078774,450,457,7,0,450,454,24192,0,0,0,0,3
2020-08-30,US,Oregon,Josephine,154,2,0,42.3665549,-123.5561938,41033.0,176.02615245693644,1.2987012987012987,152,154,2,0,152,154,87393,0,0,0,0,0
2020-08-30,US,Oregon,Klamath,235,2,0,42.68762984,-121.64964609999998,41035.0,344.382895161054,0.851063829787234,233,235,2,0,233,234,67653,0,0,0,0,1
2020-08-30,US,Oregon,Lake,30,0,0,42.79246693,-120.38501629999999,41037.0,381.2428516965307,0.0,30,30,0,0,30,30,7879,0,0,0,0,0
2020-08-30,US,Oregon,Lane,702,6,0,43.93727035,-122.847753,41039.0,183.73740731337696,0.8547008547008547,696,693,6,0,687,682,379611,9,0,0,9,11
2020-08-30,US,Oregon,Lincoln,465,13,0,44.64252874,-123.86991200000001,41041.0,930.7073375765582,2.795698924731183,452,464,13,0,451,463,49388,1,0,0,1,1
2020-08-30,US,Oregon,Linn,385,12,0,44.48899494,-122.53731540000001,41043.0,296.7267570462971,3.116883116883117,373,380,12,0,368,377,127335,5,0,0,5,3
2020-08-30,US,Oregon,Malheur,1170,19,0,43.1937027,-117.62273950000001,41045.0,3827.156455464329,1.623931623931624,1151,1148,19,0,1129,1122,30725,22,0,0,22,26
2020-08-30,US,Oregon,Marion,3794,80,0,44.90287942,-122.58151170000001,41047.0,1090.8003611083957,2.1085925144965736,3714,3746,79,0,3667,3706,346868,48,1,0,47,40
2020-08-30,US,Oregon,Morrow,437,3,0,45.41846568,-119.584546,41049.0,3766.267344652245,0.6864988558352403,434,431,3,0,428,429,11372,6,0,0,6,2
2020-08-30,US,Oregon,Multnomah,5975,118,0,45.54747959,-122.4169351,41051.0,735.0634492006569,1.97489539748954,5857,5942,118,0,5824,5902,811880,33,0,0,33,40
2020-08-30,US,Oregon,Polk,419,14,0,44.90322804,-123.4128888,41053.0,486.7282337224836,3.3412887828162283,405,411,14,0,397,408,85234,8,0,0,8,3
2020-08-30,US,Oregon,Sherman,17,0,0,45.41501554,-120.6827834,41055.0,955.0561797752812,0.0,17,16,0,0,16,16,1708,1,0,0,1,0
2020-08-30,US,Oregon,Tillamook,38,0,0,45.46248721,-123.712066,41057.0,140.55333629235093,0.0,38,38,0,0,38,38,26787,0,0,0,0,0
2020-08-30,US,Oregon,Umatilla,2674,37,0,45.59073056,-118.7353826,41059.0,3430.4041051956383,1.3836948391922217,2637,2634,37,0,2597,2616,77516,40,0,0,40,18
2020-08-30,US,Oregon,Union,419,2,0,45.30915495,-118.0068979,41061.0,1561.3937022545185,0.47732696897374705,417,418,2,0,416,414,26461,1,0,0,1,4
2020-08-30,US,Oregon,Wallowa,22,1,0,45.57894064,-117.18353799999998,41063.0,305.2164261931188,4.545454545454546,21,22,1,0,21,22,7081,0,0,0,0,0
2020-08-30,US,Oregon,Wasco,206,3,0,45.16292781,-121.16709540000001,41065.0,772.0560677610374,1.4563106796116505,203,206,3,0,203,206,26505,0,0,0,0,0
2020-08-30,US,Oregon,Washington,3760,43,0,45.55972701,-123.0955257,41067.0,625.0083112807351,1.1436170212765957,3717,3727,42,0,3685,3694,597695,33,1,0,32,33
2020-08-30,US,Oregon,Yamhill,630,14,0,45.23330449,-123.3086963,41071.0,588.2352941176471,2.2222222222222223,616,626,14,0,612,614,107002,4,0,0,4,12
2020-08-30,US,Pennsylvania,Adams,637,23,0,39.87140411,-77.21610347,42001.0,618.3925676397207,3.6106750392464684,614,632,23,0,609,599,102811,5,0,0,5,33
2020-08-30,US,Pennsylvania,Allegheny,10310,313,0,40.46809875,-79.98167747,42003.0,847.8304668001596,3.0358874878758484,9997,10211,313,0,9898,10128,1218452,99,0,0,99,83
2020-08-30,US,Pennsylvania,Armstrong,313,9,0,40.81665618,-79.46290811,42005.0,483.5096933652584,2.8753993610223643,304,312,9,0,303,308,65263,1,0,0,1,4
2020-08-30,US,Pennsylvania,Beaver,1603,96,0,40.6825484,-80.34921611,42007.0,977.8623672443558,5.988771054273237,1507,1597,96,0,1501,1573,164742,6,0,0,6,24
2020-08-30,US,Pennsylvania,Bedford,170,5,0,40.00522157,-78.48998442,42009.0,354.99498830604745,2.9411764705882355,165,168,5,0,163,167,48176,2,0,0,2,1
2020-08-30,US,Pennsylvania,Berks,6041,380,0,40.41570541,-75.92457766,42011.0,1434.358112279302,6.290349279920544,5661,6012,379,0,5633,5980,420152,29,1,0,28,32
2020-08-30,US,Pennsylvania,Blair,456,11,0,40.47961444,-78.34917412,42013.0,374.2951185678287,2.4122807017543857,445,443,11,0,432,434,122492,13,0,0,13,9
2020-08-30,US,Pennsylvania,Bradford,98,3,0,41.78869215,-76.51570822,42015.0,162.45876365565374,3.0612244897959178,95,99,3,0,96,98,60833,-1,0,0,-1,1
2020-08-30,US,Pennsylvania,Bucks,7777,586,0,40.33682119,-75.10836643,42017.0,1237.8436022729081,7.535039218207536,7191,7744,586,0,7158,7705,628195,33,0,0,33,39
2020-08-30,US,Pennsylvania,Butler,780,18,0,40.91152759,-79.91351055,42019.0,415.2182823803719,2.3076923076923075,762,778,18,0,760,767,187888,2,0,0,2,11
2020-08-30,US,Pennsylvania,Cambria,460,4,0,40.49527404,-78.71377428,42021.0,353.3243210028266,0.8695652173913043,456,457,4,0,453,450,131730,3,0,0,3,7
2020-08-30,US,Pennsylvania,Cameron,8,0,0,41.43625568,-78.20376845,42023.0,179.89655947830002,0.0,8,8,0,0,8,8,4492,0,0,0,0,0
2020-08-30,US,Pennsylvania,Carbon,422,28,0,40.91545395,-75.7068525,42025.0,657.5052195319561,6.6350710900473935,394,420,28,0,392,420,64227,2,0,0,2,0
2020-08-30,US,Pennsylvania,Centre,469,11,0,40.92058903,-77.82200624,42027.0,288.8197801521076,2.345415778251599,458,462,11,0,451,442,162805,7,0,0,7,20
2020-08-30,US,Pennsylvania,Chester,5604,356,0,39.97291773,-75.74768357,42029.0,1067.4509370672529,6.352605281941471,5248,5604,356,0,5248,5604,522046,0,0,0,0,0
2020-08-30,US,Pennsylvania,Clarion,99,3,0,41.19265812,-79.42413524,42031.0,257.5576252666632,3.0303030303030303,96,98,3,0,95,98,38779,1,0,0,1,0
2020-08-30,US,Pennsylvania,Clearfield,227,1,0,41.00110782,-78.47592663,42033.0,286.4172607406473,0.4405286343612335,226,226,1,0,225,224,79388,1,0,0,1,2
2020-08-30,US,Pennsylvania,Clinton,135,5,0,41.23255967,-77.63785995,42035.0,349.45123213915923,3.703703703703704,130,133,5,0,128,132,38684,2,0,0,2,1
2020-08-30,US,Pennsylvania,Columbia,659,35,0,41.04821986,-76.40565017,42037.0,1014.4079798041993,5.311077389984827,624,598,35,0,563,580,65456,61,0,0,61,18
2020-08-30,US,Pennsylvania,Crawford,214,2,0,41.68447709,-80.10760592,42039.0,252.86840208439187,0.9345794392523364,212,209,2,0,207,203,85063,5,0,0,5,6
2020-08-30,US,Pennsylvania,Cumberland,1523,72,0,40.1625372,-77.26130755,42041.0,601.0972096143979,4.7275114904793165,1451,1516,72,0,1444,1496,251423,7,0,0,7,20
2020-08-30,US,Pennsylvania,Dauphin,3302,163,0,40.41377078,-76.77993242,42043.0,1186.4936632902022,4.9364021804966685,3139,3274,163,0,3111,3246,277097,28,0,0,28,28
2020-08-30,US,Pennsylvania,Delaware,10317,724,0,39.91680171,-75.40243663,42045.0,1820.3889919134992,7.0175438596491215,9593,10281,724,0,9557,10236,564751,36,0,0,36,45
2020-08-30,US,Pennsylvania,Elk,64,2,0,41.42822061,-78.64524744,42047.0,213.97525911066532,3.125,62,64,2,0,62,64,30169,0,0,0,0,0
2020-08-30,US,Pennsylvania,Erie,1348,33,0,41.99253829,-80.03301954,42049.0,499.76272392929167,2.4480712166172105,1315,1345,32,0,1313,1335,272061,3,1,0,2,10
2020-08-30,US,Pennsylvania,Fayette,689,6,0,39.92041012,-79.64291195,42051.0,532.9764685861039,0.8708272859216255,683,683,6,0,677,681,130441,6,0,0,6,2
2020-08-30,US,Pennsylvania,Forest,14,0,0,41.51095103,-79.23229292,42053.0,193.1833862287843,0.0,14,14,0,0,14,14,7279,0,0,0,0,0
2020-08-30,US,Pennsylvania,Franklin,1508,46,0,39.92956518,-77.72157791,42055.0,972.7337818573538,3.0503978779840852,1462,1504,46,0,1458,1499,154835,4,0,0,4,5
2020-08-30,US,Pennsylvania,Fulton,34,2,0,39.92913544,-78.11163677,42057.0,233.9986235375086,5.882352941176472,32,34,2,0,32,34,14523,0,0,0,0,0
2020-08-30,US,Pennsylvania,Greene,139,1,0,39.85746531,-80.22357106,42059.0,383.62818425192506,0.7194244604316546,138,138,1,0,137,136,36506,1,0,0,1,2
2020-08-30,US,Pennsylvania,Huntingdon,364,5,0,40.42162652,-77.97673273,42061.0,806.3087010455431,1.3736263736263736,359,360,5,0,355,357,45168,4,0,0,4,3
2020-08-30,US,Pennsylvania,Indiana,426,10,0,40.65241041,-79.08963285,42063.0,506.70250853425006,2.347417840375587,416,419,10,0,409,418,84501,7,0,0,7,1
2020-08-30,US,Pennsylvania,Jefferson,97,1,0,41.12913106,-78.9986361,42065.0,223.3736327000576,1.0309278350515465,96,97,1,0,96,97,43641,0,0,0,0,0
2020-08-30,US,Pennsylvania,Juniata,148,6,0,40.53358749,-77.39975129999998,42067.0,597.6658724710252,4.0540540540540535,142,149,6,0,143,149,24704,-1,0,0,-1,0
2020-08-30,US,Pennsylvania,Lackawanna,2079,213,0,41.43564672,-75.60379201,42069.0,991.5392466400224,10.245310245310245,1866,2061,213,0,1848,2027,210793,18,0,0,18,34
2020-08-30,US,Pennsylvania,Lancaster,6697,432,0,40.03904563,-76.24770128,42071.0,1227.1771078420593,6.4506495445721965,6265,6660,432,0,6228,6623,543557,37,0,0,37,37
2020-08-30,US,Pennsylvania,Lawrence,455,18,0,40.99206278,-80.33393706,42073.0,532.0890635232482,3.956043956043956,437,454,18,0,436,453,86184,1,0,0,1,1
2020-08-30,US,Pennsylvania,Lebanon,1721,57,0,40.36680311,-76.45651841,42075.0,1213.741157885086,3.3120278907611853,1664,1717,57,0,1660,1705,141314,4,0,0,4,12
2020-08-30,US,Pennsylvania,Lehigh,5196,343,0,40.6154815,-75.59435245,42077.0,1406.9176157132874,6.601231716705158,4853,5184,343,0,4841,5165,368100,12,0,0,12,19
2020-08-30,US,Pennsylvania,Luzerne,3771,188,0,41.17823008,-75.98447579,42079.0,1188.0271062986544,4.9854150092813585,3583,3768,188,0,3580,3753,317646,3,0,0,3,15
2020-08-30,US,Pennsylvania,Lycoming,518,22,0,41.34310539,-77.06629984,42081.0,457.19732742566123,4.247104247104248,496,508,22,0,486,505,113664,10,0,0,10,3
2020-08-30,US,Pennsylvania,McKean,37,1,0,41.80938602,-78.56478358,42083.0,91.07692307692308,2.702702702702702,36,37,1,0,36,37,40968,0,0,0,0,0
2020-08-30,US,Pennsylvania,Mercer,545,13,0,41.30248872,-80.25816981,42085.0,498.0625822488668,2.385321100917431,532,543,13,0,530,541,110683,2,0,0,2,2
2020-08-30,US,Pennsylvania,Mifflin,160,1,0,40.61116939,-77.61070738,42087.0,346.78572976722006,0.625,159,159,1,0,158,155,46222,1,0,0,1,4
2020-08-30,US,Pennsylvania,Monroe,1712,127,0,41.05934058,-75.34031025,42089.0,1005.4560083631387,7.418224299065421,1585,1713,127,0,1586,1711,169507,-1,0,0,-1,2
2020-08-30,US,Pennsylvania,Montgomery,10996,861,0,40.21053671,-75.36652296,42091.0,1323.3603918571696,7.830120043652237,10135,10947,861,0,10086,10912,828604,49,0,0,49,35
2020-08-30,US,Pennsylvania,Montour,133,5,0,41.03023987,-76.66345939,42093.0,729.5666483817881,3.7593984962406015,128,129,5,0,124,129,18240,4,0,0,4,0
2020-08-30,US,Pennsylvania,Northampton,4114,300,0,40.75182733,-75.30471829,42095.0,1347.593232553188,7.292173067574137,3814,4112,300,0,3812,4092,304807,2,0,0,2,20
2020-08-30,US,Pennsylvania,Northumberland,672,34,0,40.84785433,-76.70798222,42097.0,739.7377893728741,5.059523809523808,638,668,34,0,634,659,91083,4,0,0,4,9
2020-08-30,US,Pennsylvania,Perry,175,5,0,40.40206612,-77.26297447,42099.0,378.1984785615492,2.8571428571428568,170,174,5,0,169,174,46139,1,0,0,1,0
2020-08-30,US,Pennsylvania,Philadelphia,33607,1749,0,40.00338507,-75.1379271,42101.0,2121.5683204719007,5.204272919332282,31858,33607,1749,0,31858,33495,1584138,0,0,0,0,112
2020-08-30,US,Pennsylvania,Pike,542,21,0,41.33155042,-75.03208106,42103.0,971.1695246286439,3.8745387453874534,521,542,21,0,521,539,55933,0,0,0,0,3
2020-08-30,US,Pennsylvania,Potter,25,0,0,41.74471626,-77.89559864,42105.0,151.27677598935009,0.0,25,24,0,0,24,24,16622,1,0,0,1,0
2020-08-30,US,Pennsylvania,Schuylkill,985,51,0,40.70497338,-76.2150785,42107.0,696.8074194073247,5.177664974619289,934,988,51,0,937,983,142067,-3,0,0,-3,5
2020-08-30,US,Pennsylvania,Snyder,164,2,0,40.77129231,-77.06840691,42109.0,406.22213415238286,1.2195121951219512,162,160,2,0,158,151,40540,4,0,0,4,9
2020-08-30,US,Pennsylvania,Somerset,164,3,0,39.97172723,-79.02699593,42111.0,223.29026372758588,1.8292682926829267,161,164,3,0,161,162,73952,0,0,0,0,2
2020-08-30,US,Pennsylvania,Sullivan,10,0,0,41.44634738,-76.51246591,42113.0,164.85328058028355,0.0,10,10,0,0,10,10,6071,0,0,0,0,0
2020-08-30,US,Pennsylvania,Susquehanna,265,27,0,41.82147784,-75.80071959,42115.0,657.111684189645,10.18867924528302,238,264,27,0,237,259,40589,1,0,0,1,5
2020-08-30,US,Pennsylvania,Tioga,48,3,0,41.77255149,-77.25433032,42117.0,118.252814663349,6.25,45,48,3,0,45,47,40763,0,0,0,0,1
2020-08-30,US,Pennsylvania,Union,371,4,0,40.96188846,-77.05996014,42119.0,825.8575785232509,1.0781671159029649,367,367,4,0,363,372,44785,4,0,0,4,-5
2020-08-30,US,Pennsylvania,Venango,70,1,0,41.40323442,-79.75845449,42121.0,138.15425909844478,1.4285714285714286,69,70,1,0,69,70,51266,0,0,0,0,0
2020-08-30,US,Pennsylvania,Warren,27,1,0,41.81304978,-79.26969577,42123.0,68.89336837539231,3.703703703703704,26,27,1,0,26,27,39498,0,0,0,0,0
2020-08-30,US,Pennsylvania,Washington,1042,27,0,40.19208869,-80.24582867,42125.0,503.7101491310758,2.5911708253358925,1015,1036,27,0,1009,1019,207346,6,0,0,6,17
2020-08-30,US,Pennsylvania,Wayne,175,10,0,41.64938475,-75.29956506,42127.0,340.7254531648527,5.7142857142857135,165,177,10,0,167,176,51276,-2,0,0,-2,1
2020-08-30,US,Pennsylvania,Westmoreland,1809,49,0,40.31377979999999,-79.46615476,42129.0,518.4881584641973,2.7086788280818133,1760,1802,49,0,1753,1789,350611,7,0,0,7,13
2020-08-30,US,Pennsylvania,Wyoming,66,8,0,41.51955538,-76.01074915,42131.0,246.32380383667984,12.12121212121212,58,66,8,0,58,66,27046,0,0,0,0,0
2020-08-30,US,Pennsylvania,York,3328,122,0,39.9210089,-76.73040131,42133.0,741.1069394153984,3.6658653846153846,3206,3301,122,0,3179,3269,448273,27,0,0,27,32
2020-08-30,US,Puerto Rico,Adjuntas,121,0,0,18.180117000000006,-66.754367,72001.0,621.0542524251913,0.0,121,119,0,0,119,119,,2,0,0,2,0
2020-08-30,US,Puerto Rico,Aguada,218,0,0,18.360255,-67.17513100000001,72003.0,519.5548034986534,0.0,218,213,0,0,213,209,,5,0,0,5,4
2020-08-30,US,Puerto Rico,Aguadilla,322,0,0,18.459681,-67.12081500000001,72005.0,528.3105547260825,0.0,322,309,0,0,309,304,,13,0,0,13,5
2020-08-30,US,Puerto Rico,Aguas Buenas,197,0,0,18.251619,-66.126806,72007.0,687.3931400258209,0.0,197,193,0,0,193,190,,4,0,0,4,3
2020-08-30,US,Puerto Rico,Aibonito,122,0,0,18.131361,-66.264131,72009.0,471.04247104247116,0.0,122,122,0,0,122,119,,0,0,0,0,3
2020-08-30,US,Puerto Rico,Anasco,192,0,0,18.287985,-67.120611,72011.0,656.1634940706059,0.0,192,191,0,0,191,188,,1,0,0,1,3
2020-08-30,US,Puerto Rico,Arecibo,501,0,0,18.406631,-66.675077,72013.0,519.4939858979676,0.0,501,493,0,0,493,484,,8,0,0,8,9
2020-08-30,US,Puerto Rico,Arroyo,126,0,0,17.998457000000005,-66.056546,72015.0,643.6781609195402,0.0,126,126,0,0,126,125,,0,0,0,0,1
2020-08-30,US,Puerto Rico,Barceloneta,122,0,0,18.445532999999998,-66.56053100000001,72017.0,491.61831076724695,0.0,122,122,0,0,122,122,,0,0,0,0,0
2020-08-30,US,Puerto Rico,Barranquitas,331,0,0,18.201592,-66.30963,72019.0,1091.760670228907,0.0,331,329,0,0,329,326,,2,0,0,2,3
2020-08-30,US,Puerto Rico,Bayamon,2564,0,0,18.34946,-66.168435,72021.0,1232.005227853697,0.0,2564,2529,0,0,2529,2460,,35,0,0,35,69
2020-08-30,US,Puerto Rico,Cabo Rojo,279,0,0,18.040993,-67.154391,72023.0,547.9505862482079,0.0,279,277,0,0,277,271,,2,0,0,2,6
2020-08-30,US,Puerto Rico,Caguas,1086,0,0,18.211615,-66.050779,72025.0,760.009237681342,0.0,1086,1079,0,0,1079,1060,,7,0,0,7,19
2020-08-30,US,Puerto Rico,Camuy,191,0,0,18.418578,-66.860206,72027.0,543.2463949486618,0.0,191,191,0,0,191,190,,0,0,0,0,1
2020-08-30,US,Puerto Rico,Canovanas,514,0,0,18.328802,-65.887612,72029.0,1078.7441235728677,0.0,514,503,0,0,503,495,,11,0,0,11,8
2020-08-30,US,Puerto Rico,Carolina,1863,0,0,18.374986,-65.95683100000001,72031.0,1053.9595614442019,0.0,1863,1843,0,0,1843,1801,,20,0,0,20,42
2020-08-30,US,Puerto Rico,Catano,301,0,0,18.437269,-66.14330600000001,72033.0,1069.6517412935325,0.0,301,299,0,0,299,290,,2,0,0,2,9
2020-08-30,US,Puerto Rico,Cayey,265,0,0,18.102851,-66.14914,72035.0,550.718011596251,0.0,265,261,0,0,261,258,,4,0,0,4,3
2020-08-30,US,Puerto Rico,Ceiba,87,0,0,18.251818,-65.666416,72037.0,638.251045411195,0.0,87,87,0,0,87,84,,0,0,0,0,3
2020-08-30,US,Puerto Rico,Ciales,189,0,0,18.28885,-66.516475,72039.0,1006.282611010542,0.0,189,188,0,0,188,187,,1,0,0,1,1
2020-08-30,US,Puerto Rico,Cidra,238,0,0,18.173559,-66.161179,72041.0,547.378104875805,0.0,238,238,0,0,238,237,,0,0,0,0,1
2020-08-30,US,Puerto Rico,Coamo,211,0,0,18.097597,-66.36014,72043.0,520.8333333333334,0.0,211,210,0,0,210,208,,1,0,0,1,2
2020-08-30,US,Puerto Rico,Comerio,170,0,0,18.224687,-66.221622,72045.0,818.1730676677255,0.0,170,167,0,0,167,166,,3,0,0,3,1
2020-08-30,US,Puerto Rico,Corozal,412,0,0,18.304264,-66.327738,72047.0,1109.2563674546336,0.0,412,397,0,0,397,387,,15,0,0,15,10
2020-08-30,US,Puerto Rico,Culebra,20,0,0,18.31586,-65.28813000000001,72049.0,1100.1100110011,0.0,20,20,0,0,20,20,,0,0,0,0,0
2020-08-30,US,Puerto Rico,Dorado,511,0,0,18.436115,-66.278669,72051.0,1338.923097078475,0.0,511,509,0,0,509,465,,2,0,0,2,44
2020-08-30,US,Puerto Rico,Fajardo,348,0,0,18.318373,-65.666866,72053.0,940.7185143135187,0.0,348,348,0,0,348,341,,0,0,0,0,7
2020-08-30,US,Puerto Rico,Florida,208,0,0,18.373715,-66.560488,72054.0,1640.378548895899,0.0,208,208,0,0,208,207,,0,0,0,0,1
2020-08-30,US,Puerto Rico,Guanica,82,0,0,17.982429,-66.91964300000001,72055.0,422.0929634014517,0.0,82,81,0,0,81,81,,1,0,0,1,0
2020-08-30,US,Puerto Rico,Guayama,230,0,0,18.007516,-66.13390799999999,72057.0,507.0323177990388,0.0,230,229,0,0,229,218,,1,0,0,1,11
2020-08-30,US,Puerto Rico,Guayanilla,146,0,0,18.039942,-66.79186,72059.0,676.5210138547798,0.0,146,144,0,0,144,143,,2,0,0,2,1
2020-08-30,US,Puerto Rico,Guaynabo,1251,0,0,18.345114000000002,-66.11452299999999,72061.0,1277.5213430823903,0.0,1251,1241,0,0,1241,1226,,10,0,0,10,15
2020-08-30,US,Puerto Rico,Gurabo,356,0,0,18.266461,-65.97970500000001,72063.0,784.6767616654544,0.0,356,355,0,0,355,351,,1,0,0,1,4
2020-08-30,US,Puerto Rico,Hatillo,188,0,0,18.410928,-66.79632600000001,72065.0,448.12051581531716,0.0,188,186,0,0,186,186,,2,0,0,2,0
2020-08-30,US,Puerto Rico,Hormigueros,124,0,0,18.134532,-67.113972,72067.0,718.8405797101448,0.0,124,121,0,0,121,119,,3,0,0,3,2
2020-08-30,US,Puerto Rico,Humacao,294,0,0,18.145211,-65.810174,72069.0,502.85636096192667,0.0,294,293,0,0,293,290,,1,0,0,1,3
2020-08-30,US,Puerto Rico,Isabela,202,0,0,18.44981,-67.005093,72071.0,442.6815103767176,0.0,202,200,0,0,200,197,,2,0,0,2,3
2020-08-30,US,Puerto Rico,Jayuya,205,0,0,18.211446,-66.58878,72073.0,1231.8230981853142,0.0,205,204,0,0,204,203,,1,0,0,1,1
2020-08-30,US,Puerto Rico,Juana Diaz,256,0,0,18.050764,-66.49458100000001,72075.0,320.4125311338348,0.0,256,254,0,0,254,250,,2,0,0,2,4
2020-08-30,US,Puerto Rico,Juncos,237,0,0,18.223793,-65.909109,72077.0,588.2352941176471,0.0,237,234,0,0,234,232,,3,0,0,3,2
2020-08-30,US,Puerto Rico,Lajas,117,0,0,18.011661,-67.040585,72079.0,454.3160020191823,0.0,117,116,0,0,116,111,,1,0,0,1,5
2020-08-30,US,Puerto Rico,Lares,237,0,0,18.269035000000002,-66.867236,72081.0,770.6565213149937,0.0,237,236,0,0,236,236,,1,0,0,1,0
2020-08-30,US,Puerto Rico,Las Marias,79,0,0,18.23679,-66.98362,72083.0,799.5142192085823,0.0,79,79,0,0,79,79,,0,0,0,0,0
2020-08-30,US,Puerto Rico,Las Piedras,271,0,0,18.187527,-65.86946800000001,72085.0,700.7110536522299,0.0,271,267,0,0,267,263,,4,0,0,4,4
2020-08-30,US,Puerto Rico,Loiza,181,0,0,18.425688,-65.89943000000001,72087.0,602.1290751829674,0.0,181,180,0,0,180,178,,1,0,0,1,2
2020-08-30,US,Puerto Rico,Luquillo,173,0,0,18.342114000000002,-65.72509699999999,72089.0,862.0689655172414,0.0,173,172,0,0,172,171,,1,0,0,1,1
2020-08-30,US,Puerto Rico,Manati,355,0,0,18.420473,-66.490461,72091.0,804.7514338176953,0.0,355,352,0,0,352,348,,3,0,0,3,4
2020-08-30,US,Puerto Rico,Maricao,53,0,0,18.171795,-66.942126,72093.0,844.4869343530911,0.0,53,51,0,0,51,51,,2,0,0,2,0
2020-08-30,US,Puerto Rico,Maunabo,87,0,0,18.017889,-65.922235,72095.0,711.6564417177915,0.0,87,86,0,0,86,84,,1,0,0,1,2
2020-08-30,US,Puerto Rico,Mayaguez,632,0,0,18.2013,-67.1452,72097.0,709.4746295464751,0.0,632,626,0,0,626,619,,6,0,0,6,7
2020-08-30,US,Puerto Rico,Moca,254,0,0,18.377805,-67.080952,72099.0,633.2743274576777,0.0,254,251,0,0,251,247,,3,0,0,3,4
2020-08-30,US,Puerto Rico,Morovis,393,0,0,18.316963,-66.420383,72101.0,1205.1517939282428,0.0,393,389,0,0,389,383,,4,0,0,4,6
2020-08-30,US,Puerto Rico,Naguabo,133,0,0,18.230636999999998,-65.753897,72103.0,497.7544910179641,0.0,133,133,0,0,133,130,,0,0,0,0,3
2020-08-30,US,Puerto Rico,Naranjito,463,0,0,18.288019,-66.252703,72105.0,1522.9261232813626,0.0,463,457,0,0,457,453,,6,0,0,6,4
2020-08-30,US,Puerto Rico,Orocovis,271,0,0,18.215046,-66.433604,72107.0,1156.9824531443453,0.0,271,271,0,0,271,269,,0,0,0,0,2
2020-08-30,US,Puerto Rico,Out of PR,741,0,0,0.0,0.0,72888.0,0.0,0.0,741,739,0,0,739,738,,2,0,0,2,1
2020-08-30,US,Puerto Rico,Patillas,133,0,0,18.03174,-66.012242,72109.0,689.9413809202676,0.0,133,133,0,0,133,133,,0,0,0,0,0
2020-08-30,US,Puerto Rico,Penuelas,98,0,0,18.059645,-66.721572,72111.0,403.59113746808333,0.0,98,98,0,0,98,97,,0,0,0,0,1
2020-08-30,US,Puerto Rico,Ponce,649,0,0,18.059498,-66.613748,72113.0,390.1952178539864,0.0,649,644,0,0,644,641,,5,0,0,5,3
2020-08-30,US,Puerto Rico,Quebradillas,117,0,0,18.439692,-66.926113,72115.0,451.40630425556543,0.0,117,114,0,0,114,113,,3,0,0,3,1
2020-08-30,US,Puerto Rico,Rincon,124,0,0,18.335442999999998,-67.23174,72117.0,815.7894736842105,0.0,124,123,0,0,123,123,,1,0,0,1,0
2020-08-30,US,Puerto Rico,Rio Grande,435,0,0,18.346329,-65.813742,72119.0,801.0459634649382,0.0,435,432,0,0,432,419,,3,0,0,3,13
2020-08-30,US,Puerto Rico,Sabana Grande,161,0,0,18.08282,-66.943758,72121.0,637.2452008707697,0.0,161,157,0,0,157,157,,4,0,0,4,0
2020-08-30,US,Puerto Rico,Salinas,306,0,0,18.010386999999994,-66.256592,72123.0,984.6193448741876,0.0,306,306,0,0,306,299,,0,0,0,0,7
2020-08-30,US,Puerto Rico,San German,192,0,0,18.111484,-67.03858100000001,72125.0,540.4340360852309,0.0,192,189,0,0,189,187,,3,0,0,3,2
2020-08-30,US,Puerto Rico,San Juan,5263,0,0,18.386933,-66.061128,72127.0,1331.3063142823896,0.0,5263,5205,0,0,5205,5111,,58,0,0,58,94
2020-08-30,US,Puerto Rico,San Lorenzo,263,0,0,18.147987,-65.976392,72129.0,640.5572604608116,0.0,263,261,0,0,261,253,,2,0,0,2,8
2020-08-30,US,Puerto Rico,San Sebastian,276,0,0,18.328646,-66.971214,72131.0,650.4831487155315,0.0,276,275,0,0,275,272,,1,0,0,1,3
2020-08-30,US,Puerto Rico,Santa Isabel,129,0,0,17.994525,-66.388913,72133.0,554.266563547306,0.0,129,129,0,0,129,127,,0,0,0,0,2
2020-08-30,US,Puerto Rico,Toa Alta,909,0,0,18.362406,-66.246616,72135.0,1227.2837739313584,0.0,909,891,0,0,891,873,,18,0,0,18,18
2020-08-30,US,Puerto Rico,Toa Baja,885,0,0,18.431445999999998,-66.213553,72137.0,987.62401098104,0.0,885,879,0,0,879,863,,6,0,0,6,16
2020-08-30,US,Puerto Rico,Trujillo Alto,737,0,0,18.336159,-65.99888399999999,72139.0,984.7411881029367,0.0,737,735,0,0,735,721,,2,0,0,2,14
2020-08-30,US,Puerto Rico,Unassigned,553,434,0,0.0,0.0,72999.0,0.0,78.48101265822784,119,574,428,0,146,590,,-21,6,0,-27,-16
2020-08-30,US,Puerto Rico,Utuado,98,0,0,18.271214,-66.702984,72141.0,295.63486078011397,0.0,98,98,0,0,98,98,,0,0,0,0,0
2020-08-30,US,Puerto Rico,Vega Alta,458,0,0,18.409346,-66.33725,72143.0,1146.4043453230204,0.0,458,454,0,0,454,430,,4,0,0,4,24
2020-08-30,US,Puerto Rico,Vega Baja,644,0,0,18.428262,-66.397924,72145.0,1079.414032382421,0.0,644,642,0,0,642,635,,2,0,0,2,7
2020-08-30,US,Puerto Rico,Vieques,86,0,0,18.123276,-65.44097099999999,72147.0,924.6317600258037,0.0,86,85,0,0,85,85,,1,0,0,1,0
2020-08-30,US,Puerto Rico,Villalba,96,0,0,18.127951,-66.473115,72149.0,368.19698538718217,0.0,96,95,0,0,95,94,,1,0,0,1,1
2020-08-30,US,Puerto Rico,Yabucoa,200,0,0,18.070399,-65.896289,72151.0,527.1342347328747,0.0,200,197,0,0,197,190,,3,0,0,3,7
2020-08-30,US,Puerto Rico,Yauco,316,0,0,18.080374,-66.858814,72153.0,751.6114454249222,0.0,316,316,0,0,316,308,,0,0,0,0,8
2020-08-30,US,Rhode Island,Bristol,349,0,0,41.71018079,-71.28652315,44001.0,719.8993378576291,0.0,349,349,0,0,349,349,48649,0,0,0,0,0
2020-08-30,US,Rhode Island,Kent,1664,0,0,41.67106337,-71.57641596,44003.0,1012.8308134297473,0.0,1664,1664,0,0,1664,1664,163861,0,0,0,0,0
2020-08-30,US,Rhode Island,Newport,434,0,0,41.5642026,-71.26569799,44005.0,528.7395531297972,0.0,434,434,0,0,434,434,82542,0,0,0,0,0
2020-08-30,US,Rhode Island,Providence,16668,0,0,41.87064746,-71.57753536,44007.0,2608.7323983340925,0.0,16668,16668,0,0,16668,16668,636084,0,0,0,0,0
2020-08-30,US,Rhode Island,Unassigned,1874,1046,0,0.0,0.0,90044.0,0.0,55.81643543223052,828,1874,1046,0,828,1874,,0,0,0,0,0
2020-08-30,US,Rhode Island,Washington,694,0,0,41.45961631,-71.61435303,44009.0,552.6489723436616,0.0,694,694,0,0,694,694,126179,0,0,0,0,0
2020-08-30,US,South Carolina,Abbeville,415,10,0,34.22333378,-82.46170658,45001.0,1692.0128837607535,2.409638554216868,405,406,10,0,396,404,24541,9,0,0,9,2
2020-08-30,US,South Carolina,Aiken,2354,63,0,33.54338026,-81.63645384,45003.0,1377.6394025937545,2.6762956669498728,2291,2325,63,0,2262,2312,169401,29,0,0,29,13
2020-08-30,US,South Carolina,Allendale,291,6,0,32.98837386,-81.35321066,45005.0,3349.447513812155,2.061855670103093,285,289,6,0,283,286,8903,2,0,0,2,3
2020-08-30,US,South Carolina,Anderson,3146,120,0,34.51828081,-82.63959517,45007.0,1553.1353982563019,3.8143674507310865,3026,3121,120,0,3001,3065,200482,25,0,0,25,56
2020-08-30,US,South Carolina,Bamberg,538,28,0,33.21927586,-81.05659969,45009.0,3824.825821128965,5.204460966542751,510,536,28,0,508,530,14275,2,0,0,2,6
2020-08-30,US,South Carolina,Barnwell,532,13,0,33.26679302,-81.43584352,45011.0,2549.602223713218,2.443609022556391,519,531,13,0,518,526,21112,1,0,0,1,5
2020-08-30,US,South Carolina,Beaufort,4749,65,0,32.39226291,-80.72619758,45013.0,2471.866834615505,1.36870920193725,4684,4723,65,0,4658,4679,188715,26,0,0,26,44
2020-08-30,US,South Carolina,Berkeley,4805,78,0,33.20222596,-79.94654523,45015.0,2108.316111396315,1.6233090530697192,4727,4792,78,0,4714,4718,221091,13,0,0,13,74
2020-08-30,US,South Carolina,Calhoun,416,15,0,33.66926881,-80.77722168,45017.0,2858.51714423143,3.6057692307692313,401,414,15,0,399,410,14520,2,0,0,2,4
2020-08-30,US,South Carolina,Charleston,14000,236,0,32.82487866,-79.96512315,45019.0,3402.964468189575,1.6857142857142855,13764,13897,235,0,13662,13679,405905,103,1,0,102,218
2020-08-30,US,South Carolina,Cherokee,790,32,0,35.05122251,-81.61828622,45021.0,1378.7085514834207,4.050632911392405,758,784,32,0,752,776,57078,6,0,0,6,8
2020-08-30,US,South Carolina,Chester,870,18,0,34.69249168,-81.1583216,45023.0,2698.1764049125422,2.0689655172413794,852,864,18,0,846,852,32251,6,0,0,6,12
2020-08-30,US,South Carolina,Chesterfield,997,26,0,34.64137396,-80.15640140000002,45025.0,2184.008762322015,2.6078234704112337,971,988,25,0,963,973,45754,9,1,0,8,15
2020-08-30,US,South Carolina,Clarendon,972,62,0,33.66610974,-80.21647898,45027.0,2880.426729885909,6.378600823045268,910,971,62,0,909,965,33700,1,0,0,1,6
2020-08-30,US,South Carolina,Colleton,889,39,0,32.87582989,-80.67641292,45029.0,2359.529686546169,4.386951631046118,850,889,39,0,850,887,37660,0,0,0,0,2
2020-08-30,US,South Carolina,Darlington,1631,46,0,34.33358335,-79.96027485,45031.0,2448.2872496922755,2.8203556100551808,1585,1623,45,0,1578,1606,66802,8,1,0,7,17
2020-08-30,US,South Carolina,Dillon,757,28,0,34.39007791,-79.37741872,45033.0,2483.677286000197,3.6988110964332894,729,746,28,0,718,740,30599,11,0,0,11,6
2020-08-30,US,South Carolina,Dorchester,3625,76,0,33.0794369,-80.40502652,45035.0,2226.535388092796,2.0965517241379312,3549,3600,74,0,3526,3518,160647,25,2,0,23,82
2020-08-30,US,South Carolina,Edgefield,494,13,0,33.77221995,-81.96231108,45037.0,1812.1790168745413,2.631578947368421,481,489,13,0,476,488,27052,5,0,0,5,1
2020-08-30,US,South Carolina,Fairfield,644,28,0,34.39287073,-81.1195624,45039.0,2881.818588624871,4.3478260869565215,616,640,28,0,612,636,22402,4,0,0,4,4
2020-08-30,US,South Carolina,Florence,4226,150,0,34.02361754,-79.70189312,45041.0,3055.8307361905518,3.549455750118315,4076,4201,149,0,4052,4173,138159,25,1,0,24,28
2020-08-30,US,South Carolina,Georgetown,1725,37,0,33.43443342,-79.33202141,45043.0,2752.074026802808,2.1449275362318843,1688,1722,37,0,1685,1707,62249,3,0,0,3,15
2020-08-30,US,South Carolina,Greenville,12089,256,0,34.89502264,-82.37295012,45045.0,2309.079309778394,2.1176275953346018,11833,12038,256,0,11782,11962,514213,51,0,0,51,76
2020-08-30,US,South Carolina,Greenwood,1830,47,0,34.15272415,-82.12715789,45047.0,2584.344240301648,2.568306010928962,1783,1807,47,0,1760,1794,70741,23,0,0,23,13
2020-08-30,US,South Carolina,Hampton,542,22,0,32.77419582,-81.13845571,45049.0,2819.685776714183,4.059040590405904,520,540,21,0,519,536,19351,2,1,0,1,4
2020-08-30,US,South Carolina,Horry,9358,182,0,33.9212828,-78.99555293,45051.0,2642.8980939389576,1.9448600128232534,9176,9327,181,0,9146,9261,344147,31,1,0,30,66
2020-08-30,US,South Carolina,Jasper,687,18,0,32.43171982,-81.02487495,45053.0,2284.4411930967976,2.6200873362445414,669,685,18,0,667,680,28971,2,0,0,2,5
2020-08-30,US,South Carolina,Kershaw,1600,29,0,34.33988254,-80.58763164,45055.0,2404.171237096363,1.8125,1571,1591,29,0,1562,1576,65592,9,0,0,9,15
2020-08-30,US,South Carolina,Lancaster,1639,39,0,34.68270843,-80.70513032,45057.0,1672.2442149940825,2.3794996949359364,1600,1628,39,0,1589,1606,95380,11,0,0,11,22
2020-08-30,US,South Carolina,Laurens,1483,54,0,34.48244419,-82.00490796,45059.0,2197.2649015453453,3.641267700606878,1429,1476,54,0,1422,1471,66994,7,0,0,7,5
2020-08-30,US,South Carolina,Lee,648,31,0,34.16393091,-80.25690731,45061.0,3850.7249821725695,4.783950617283951,617,644,31,0,613,641,17142,4,0,0,4,3
2020-08-30,US,South Carolina,Lexington,5736,136,0,33.89665987,-81.27146426,45063.0,1920.0,2.370990237099024,5600,5676,136,0,5540,5610,295032,60,0,0,60,66
2020-08-30,US,South Carolina,Marion,687,17,0,34.07859748,-79.36400756,45067.0,2240.9237694490653,2.4745269286754,670,678,17,0,661,669,31039,9,0,0,9,9
2020-08-30,US,South Carolina,Marlboro,705,5,0,34.59905577,-79.67561152,45069.0,2699.287847461521,0.7092198581560284,700,699,5,0,694,681,26398,6,0,0,6,18
2020-08-30,US,South Carolina,McCormick,159,5,0,33.90161443,-82.30794338,45065.0,1680.22825742365,3.1446540880503147,154,158,5,0,153,158,9410,1,0,0,1,0
2020-08-30,US,South Carolina,Newberry,966,15,0,34.28629098,-81.59935761,45071.0,2513.0072840790845,1.5527950310559009,951,961,15,0,946,950,38520,5,0,0,5,11
2020-08-30,US,South Carolina,Oconee,1062,19,0,34.75225169,-83.06742317,45073.0,1335.0765594750208,1.7890772128060264,1043,1039,19,0,1020,1028,78374,23,0,0,23,11
2020-08-30,US,South Carolina,Orangeburg,2819,100,0,33.4391073,-80.79886287,45075.0,3271.250362634175,3.5473572188719404,2719,2813,99,0,2714,2806,86934,6,1,0,5,7
2020-08-30,US,South Carolina,Pickens,2180,35,0,34.88807695,-82.72791551,45077.0,1718.1047255761166,1.6055045871559632,2145,2162,35,0,2127,2147,124937,18,0,0,18,15
2020-08-30,US,South Carolina,Richland,11011,196,0,34.01791263,-80.90267209,45079.0,2648.409294807809,1.7800381436745074,10815,10603,195,0,10408,10404,414576,408,1,0,407,199
2020-08-30,US,South Carolina,Saluda,558,13,0,34.00795823,-81.72713237,45081.0,2725.540956381576,2.3297491039426523,545,551,13,0,538,548,20544,7,0,0,7,3
2020-08-30,US,South Carolina,Spartanburg,4994,149,0,34.92960077,-81.99225984,45083.0,1561.6742498866427,2.9835802963556266,4845,4969,148,0,4821,4896,313888,25,1,0,24,73
2020-08-30,US,South Carolina,Sumter,2830,64,0,33.91826534,-80.37942316,45085.0,2651.7742524901378,2.2614840989399294,2766,2818,64,0,2754,2814,106512,12,0,0,12,4
2020-08-30,US,South Carolina,Union,455,5,0,34.68835752,-81.61730349,45087.0,1665.6904378386294,1.0989010989010992,450,451,5,0,446,446,27410,4,0,0,4,5
2020-08-30,US,South Carolina,Williamsburg,1192,36,0,33.62190129,-79.72767442,45089.0,3925.18440463646,3.0201342281879198,1156,1186,36,0,1150,1179,30606,6,0,0,6,7
2020-08-30,US,South Carolina,York,4228,47,0,34.97281497,-81.18085944,45091.0,1504.738788308023,1.1116367076631977,4181,4198,47,0,4151,4158,274118,30,0,0,30,40
2020-08-30,US,South Dakota,Aurora,42,0,0,43.71757685,-98.56050467,46003.0,1526.7175572519086,0.0,42,42,0,0,42,42,2801,0,0,0,0,0
2020-08-30,US,South Dakota,Beadle,636,9,0,44.41464384,-98.27858469,46005.0,3446.5940497480083,1.4150943396226414,627,635,9,0,626,629,18883,1,0,0,1,6
2020-08-30,US,South Dakota,Bennett,22,0,0,43.19486375,-101.6665572,46007.0,653.7890044576523,0.0,22,21,0,0,21,20,3468,1,0,0,1,1
2020-08-30,US,South Dakota,Bon Homme,51,1,0,42.98914167,-97.88592746,46009.0,739.0233299521808,1.96078431372549,50,50,1,0,49,49,6980,1,0,0,1,1
2020-08-30,US,South Dakota,Brookings,308,1,0,44.36974375,-96.79079945,46011.0,878.0682498503293,0.3246753246753247,307,269,1,0,268,240,35232,39,0,0,39,29
2020-08-30,US,South Dakota,Brown,662,3,0,45.58994323,-98.35165355,46013.0,1704.4723087618115,0.4531722054380665,659,641,3,0,638,618,39316,21,0,0,21,23
2020-08-30,US,South Dakota,Brule,66,0,0,43.71756379,-99.08118954,46015.0,1245.988295261469,0.0,66,63,0,0,63,59,5229,3,0,0,3,4
2020-08-30,US,South Dakota,Buffalo,110,3,0,44.07657829,-99.20814467,46017.0,5606.523955147808,2.727272727272727,107,110,3,0,107,109,2036,0,0,0,0,1
2020-08-30,US,South Dakota,Butte,46,1,0,44.90608745,-103.5079318,46019.0,441.07776392750986,2.1739130434782608,45,45,1,0,44,44,10222,1,0,0,1,1
2020-08-30,US,South Dakota,Campbell,5,0,0,45.77074915,-100.0510181,46021.0,363.37209302325584,0.0,5,4,0,0,4,4,1377,1,0,0,1,0
2020-08-30,US,South Dakota,Charles Mix,122,0,0,43.20660134,-98.58856175,46023.0,1312.9573826947912,0.0,122,122,0,0,122,119,9338,0,0,0,0,3
2020-08-30,US,South Dakota,Clark,19,0,0,44.85834507,-97.72925109,46025.0,508.5653104925053,0.0,19,19,0,0,19,19,3739,0,0,0,0,0
2020-08-30,US,South Dakota,Clay,344,2,0,42.91296147,-96.97656917,46027.0,2444.9182658137884,0.5813953488372093,342,294,2,0,292,252,14041,50,0,0,50,42
2020-08-30,US,South Dakota,Codington,310,2,0,44.97788119,-97.18827677,46029.0,1106.7871041450962,0.6451612903225806,308,287,2,0,285,266,28015,23,0,0,23,21
2020-08-30,US,South Dakota,Corson,55,0,0,45.70889983,-101.1970473,46031.0,1346.059716103769,0.0,55,54,0,0,54,52,4165,1,0,0,1,2
2020-08-30,US,South Dakota,Custer,116,0,0,43.67741105,-103.45345209999999,46033.0,1292.9112795363353,0.0,116,114,0,0,114,110,8726,2,0,0,2,4
2020-08-30,US,South Dakota,Davison,135,2,0,43.67490933,-98.14458906,46035.0,682.6801517067004,1.4814814814814814,133,133,2,0,131,126,19790,2,0,0,2,7
2020-08-30,US,South Dakota,Day,37,0,0,45.367281,-97.60737498,46037.0,682.1533923303832,0.0,37,35,0,0,35,35,5505,2,0,0,2,0
2020-08-30,US,South Dakota,Deuel,44,0,0,44.75994309,-96.66943645,46039.0,1011.261778901402,0.0,44,41,0,0,41,38,4337,3,0,0,3,3
2020-08-30,US,South Dakota,Dewey,79,0,0,45.15639647,-100.8709139,46041.0,1340.8010862186015,0.0,79,77,0,0,77,73,5904,2,0,0,2,4
2020-08-30,US,South Dakota,Douglas,26,0,0,43.38520741,-98.36978007,46043.0,890.1061280383432,0.0,26,25,0,0,25,25,2935,1,0,0,1,0
2020-08-30,US,South Dakota,Edmunds,31,0,0,45.41846445,-99.21545423,46045.0,809.6108644554712,0.0,31,31,0,0,31,31,3875,0,0,0,0,0
2020-08-30,US,South Dakota,Fall River,38,1,0,43.23929297,-103.5275691,46047.0,566.0658423953522,2.631578947368421,37,34,1,0,33,32,6758,4,0,0,4,2
2020-08-30,US,South Dakota,Faulk,32,1,0,45.07082625,-99.14535601,46049.0,1391.9095258808175,3.125,31,31,1,0,30,32,2330,1,0,0,1,-1
2020-08-30,US,South Dakota,Grant,42,0,0,45.1723937,-96.77002276,46051.0,595.5757231990924,0.0,42,41,0,0,41,41,7147,1,0,0,1,0
2020-08-30,US,South Dakota,Gregory,19,0,0,43.19419064,-99.18883902,46053.0,454.00238948626037,0.0,19,17,0,0,17,16,4212,2,0,0,2,1
2020-08-30,US,South Dakota,Haakon,6,0,0,44.29299053,-101.539099,46055.0,315.955766192733,0.0,6,6,0,0,6,6,1918,0,0,0,0,0
2020-08-30,US,South Dakota,Hamlin,54,0,0,44.67385954,-97.18829593,46057.0,876.0545100584036,0.0,54,53,0,0,53,49,6111,1,0,0,1,4
2020-08-30,US,South Dakota,Hand,15,0,0,44.54708407,-99.00386459,46059.0,470.0720777185835,0.0,15,14,0,0,14,13,3262,1,0,0,1,1
2020-08-30,US,South Dakota,Hanson,23,0,0,43.6746384,-97.78715148,46061.0,666.087460179554,0.0,23,23,0,0,23,23,3376,0,0,0,0,0
2020-08-30,US,South Dakota,Harding,2,0,0,45.58015551,-103.4958629,46063.0,154.08320493066256,0.0,2,2,0,0,2,2,1249,0,0,0,0,0
2020-08-30,US,South Dakota,Hughes,133,4,0,44.39091534,-99.99661148,46065.0,758.8725322378183,3.0075187969924815,129,129,4,0,125,124,17650,4,0,0,4,5
2020-08-30,US,South Dakota,Hutchinson,39,1,0,43.33449012,-97.75536441,46067.0,534.9060485530107,2.5641025641025643,38,38,1,0,37,36,7380,1,0,0,1,2
2020-08-30,US,South Dakota,Hyde,7,0,0,44.54747703,-99.48572582,46069.0,538.0476556495004,0.0,7,6,0,0,6,5,1282,1,0,0,1,1
2020-08-30,US,South Dakota,Jackson,12,1,0,43.69318385,-101.6255063,46071.0,358.85167464114835,8.333333333333334,11,12,1,0,11,12,3307,0,0,0,0,0
2020-08-30,US,South Dakota,Jerauld,40,1,0,44.06637798,-98.62965972,46073.0,1987.083954297069,2.5,39,40,1,0,39,40,2043,0,0,0,0,0
2020-08-30,US,South Dakota,Jones,3,0,0,43.96278565,-100.6940008,46075.0,332.2259136212625,0.0,3,3,0,0,3,3,928,0,0,0,0,0
2020-08-30,US,South Dakota,Kingsbury,23,0,0,44.36956169,-97.4913945,46077.0,465.6813120064791,0.0,23,21,0,0,21,21,4919,2,0,0,2,0
2020-08-30,US,South Dakota,Lake,116,6,0,44.02193107,-97.12926365,46079.0,906.4624521372197,5.172413793103448,110,113,6,0,107,111,13057,3,0,0,3,2
2020-08-30,US,South Dakota,Lawrence,217,3,0,44.35919441,-103.79294279999999,46081.0,839.6533044420369,1.3824884792626728,214,210,3,0,207,190,25741,7,0,0,7,20
2020-08-30,US,South Dakota,Lincoln,888,2,0,43.27841182,-96.72039050000001,46083.0,1452.689438555163,0.22522522522522526,886,869,2,0,867,844,58807,19,0,0,19,25
2020-08-30,US,South Dakota,Lyman,105,3,0,43.89522709,-99.85201878,46085.0,2777.0431102882835,2.8571428571428568,102,102,3,0,99,102,3821,3,0,0,3,0
2020-08-30,US,South Dakota,Marshall,19,0,0,45.75870838,-97.59855639,46091.0,385.0050658561297,0.0,19,19,0,0,19,16,5112,0,0,0,0,3
2020-08-30,US,South Dakota,McCook,49,1,0,43.6742571,-97.36863144,46087.0,877.1929824561405,2.0408163265306123,48,47,1,0,46,44,5546,2,0,0,2,3
2020-08-30,US,South Dakota,McPherson,11,0,0,45.76626028,-99.22118798,46089.0,462.37915090374105,0.0,11,10,0,0,10,10,2407,1,0,0,1,0
2020-08-30,US,South Dakota,Meade,294,1,0,44.56676791,-102.71627409999999,46093.0,1037.6958915713678,0.3401360544217687,293,279,1,0,278,261,28294,15,0,0,15,18
2020-08-30,US,South Dakota,Mellette,24,0,0,43.58078848,-100.7563186,46095.0,1164.4832605531294,0.0,24,24,0,0,24,24,2042,0,0,0,0,0
2020-08-30,US,South Dakota,Miner,16,0,0,44.02197882,-97.60992207,46097.0,722.0216606498195,0.0,16,16,0,0,16,16,2213,0,0,0,0,0
2020-08-30,US,South Dakota,Minnehaha,5235,70,0,43.67441641,-96.7910885,46099.0,2710.5532946037465,1.3371537726838587,5165,5178,70,0,5108,5079,192876,57,0,0,57,99
2020-08-30,US,South Dakota,Moody,41,0,0,44.02266214,-96.67081159,46101.0,623.4793187347932,0.0,41,41,0,0,41,41,6579,0,0,0,0,0
2020-08-30,US,South Dakota,Oglala Lakota,173,2,0,43.33749164,-102.55554980000001,46102.0,1220.2863793468293,1.1560693641618498,171,173,2,0,171,172,14309,0,0,0,0,1
2020-08-30,US,South Dakota,Pennington,1406,33,0,44.0025835,-102.8240777,46103.0,1235.7723577235772,2.3470839260312943,1373,1337,33,0,1304,1284,111729,69,0,0,69,53
2020-08-30,US,South Dakota,Perkins,13,0,0,45.49049506,-102.47555859999999,46105.0,453.7521815008727,0.0,13,14,0,0,14,14,2922,-1,0,0,-1,0
2020-08-30,US,South Dakota,Potter,16,0,0,45.06583079,-99.95498503,46107.0,743.1490942870413,0.0,16,11,0,0,11,7,2207,5,0,0,5,4
2020-08-30,US,South Dakota,Roberts,97,1,0,45.62975048,-96.94672673,46109.0,933.2307100250143,1.0309278350515465,96,95,1,0,94,93,10447,2,0,0,2,2
2020-08-30,US,South Dakota,Sanborn,15,0,0,44.02351092,-98.09098159999999,46111.0,639.9317406143344,0.0,15,15,0,0,15,14,2429,0,0,0,0,1
2020-08-30,US,South Dakota,Spink,52,0,0,44.93837606,-98.34626602,46115.0,815.5583437892094,0.0,52,48,0,0,48,47,6495,4,0,0,4,1
2020-08-30,US,South Dakota,Stanley,21,0,0,44.41381872,-100.7349153,46117.0,677.8566817301485,0.0,21,20,0,0,20,20,3022,1,0,0,1,0
2020-08-30,US,South Dakota,Sully,8,0,0,44.71571812,-100.1278092,46119.0,575.1258087706685,0.0,8,8,0,0,8,8,1392,0,0,0,0,0
2020-08-30,US,South Dakota,Todd,78,5,0,43.19338568,-100.71955030000001,46121.0,766.4341161442468,6.410256410256411,73,78,5,0,73,78,10283,0,0,0,0,0
2020-08-30,US,South Dakota,Tripp,22,0,0,43.34459388,-99.8854891,46123.0,404.33743797096116,0.0,22,21,0,0,21,20,5478,1,0,0,1,1
2020-08-30,US,South Dakota,Turner,81,0,0,43.3109081,-97.14865776,46125.0,966.1259541984732,0.0,81,76,0,0,76,74,8424,5,0,0,5,2
2020-08-30,US,South Dakota,Union,263,4,0,42.83112163,-96.6557828,46127.0,1650.7657544564402,1.520912547528517,259,255,4,0,251,249,15619,8,0,0,8,6
2020-08-30,US,South Dakota,Walworth,42,0,0,45.43019636,-100.03075140000001,46129.0,772.7690892364305,0.0,42,41,0,0,41,38,5587,1,0,0,1,3
2020-08-30,US,South Dakota,Yankton,218,3,0,43.00924485,-97.39467635,46135.0,955.5536074340317,1.3761467889908257,215,212,3,0,209,199,22869,6,0,0,6,13
2020-08-30,US,South Dakota,Ziebach,48,0,0,44.97881876,-101.6654622,46137.0,1741.654571843251,0.0,48,48,0,0,48,47,2742,0,0,0,0,1
2020-08-30,US,Tennessee,Anderson,862,8,0,36.12684348,-84.19965764,47001.0,1119.8004624697965,0.9280742459396752,854,857,8,0,849,851,76482,5,0,0,5,6
2020-08-30,US,Tennessee,Bedford,1107,14,0,35.51123746,-86.45549096,47003.0,2226.7817271136323,1.2646793134598011,1093,1105,14,0,1091,1098,49038,2,0,0,2,7
2020-08-30,US,Tennessee,Benton,253,5,0,36.07110411,-88.06849355,47005.0,1565.594059405941,1.9762845849802368,248,250,5,0,245,243,16184,3,0,0,3,7
2020-08-30,US,Tennessee,Bledsoe,775,4,0,35.59942968,-85.20611967,47007.0,5144.7158789166215,0.5161290322580645,771,775,3,0,772,773,14755,0,1,0,-1,2
2020-08-30,US,Tennessee,Blount,2003,17,0,35.68938198,-83.92847788,47009.0,1505.0192353931234,0.8487269096355466,1986,1992,17,0,1975,1962,131349,11,0,0,11,30
2020-08-30,US,Tennessee,Bradley,2468,16,0,35.15739424,-84.857186,47011.0,2282.860049949126,0.6482982171799028,2452,2460,16,0,2444,2439,106727,8,0,0,8,21
2020-08-30,US,Tennessee,Campbell,325,2,0,36.40355516,-84.15108559999999,47013.0,815.7221023041012,0.6153846153846154,323,322,2,0,320,320,39583,3,0,0,3,2
2020-08-30,US,Tennessee,Cannon,198,0,0,35.80990797,-86.05738983,47015.0,1348.9576236544488,0.0,198,198,0,0,198,194,14462,0,0,0,0,4
2020-08-30,US,Tennessee,Carroll,624,8,0,35.97366108,-88.45189331,47017.0,2247.271941513307,1.2820512820512822,616,611,8,0,603,596,28020,13,0,0,13,15
2020-08-30,US,Tennessee,Carter,818,18,0,36.28969086,-82.12588974,47019.0,1450.5860864322324,2.2004889975550124,800,815,18,0,797,802,56351,3,0,0,3,13
2020-08-30,US,Tennessee,Cheatham,710,10,0,36.26136216,-87.08903581,47021.0,1745.887328792387,1.4084507042253518,700,709,10,0,699,701,40439,1,0,0,1,8
2020-08-30,US,Tennessee,Chester,376,5,0,35.42527478,-88.6095842,47023.0,2173.787361970284,1.3297872340425532,371,376,5,0,371,370,17276,0,0,0,0,6
2020-08-30,US,Tennessee,Claiborne,363,3,0,36.48319149,-83.65947309,47025.0,1135.8302825495164,0.8264462809917356,360,354,3,0,351,354,31756,9,0,0,9,0
2020-08-30,US,Tennessee,Clay,111,0,0,36.55151008,-85.53930419,47027.0,1457.6493762311227,0.0,111,110,0,0,110,109,7717,1,0,0,1,1
2020-08-30,US,Tennessee,Cocke,641,7,0,35.9278914,-83.11828725,47029.0,1780.3577380291074,1.0920436817472698,634,639,7,0,632,630,35774,2,0,0,2,9
2020-08-30,US,Tennessee,Coffee,760,6,0,35.49090731,-86.07311784,47031.0,1344.6567586694975,0.7894736842105263,754,757,6,0,751,752,55700,3,0,0,3,5
2020-08-30,US,Tennessee,Crockett,401,14,0,35.81830662,-89.14916269,47033.0,2817.990161630358,3.491271820448878,387,397,14,0,383,387,14328,4,0,0,4,10
2020-08-30,US,Tennessee,Cumberland,812,8,0,35.95271721,-84.99840585,47035.0,1341.7052214144085,0.9852216748768472,804,802,8,0,794,780,59673,10,0,0,10,22
2020-08-30,US,Tennessee,Davidson,23430,258,0,36.17007426,-86.78646056,47037.0,3375.38032454361,1.1011523687580025,23172,23399,255,0,23144,23321,692587,31,3,0,28,78
2020-08-30,US,Tennessee,DeKalb,469,5,0,35.97616272,-85.83689361,47041.0,2288.9214250854075,1.0660980810234542,464,458,5,0,453,443,20138,11,0,0,11,15
2020-08-30,US,Tennessee,Decatur,302,4,0,35.60048904,-88.11043779,47039.0,2589.3852353596844,1.3245033112582782,298,302,4,0,298,291,11706,0,0,0,0,11
2020-08-30,US,Tennessee,Dickson,907,9,0,36.14669837,-87.35891709,47043.0,1681.2486097723734,0.9922822491730982,898,904,9,0,895,906,53446,3,0,0,3,-2
2020-08-30,US,Tennessee,Dyer,952,10,0,36.05931946,-89.41542855,47045.0,2561.9634543448424,1.050420168067227,942,947,10,0,937,924,37320,5,0,0,5,23
2020-08-30,US,Tennessee,Fayette,882,10,0,35.19615831,-89.41399032,47047.0,2144.2637298519435,1.1337868480725624,872,875,10,0,865,873,40507,7,0,0,7,2
2020-08-30,US,Tennessee,Fentress,218,0,0,36.38128818,-84.92870012,47049.0,1176.915186524861,0.0,218,208,0,0,208,198,18217,10,0,0,10,10
2020-08-30,US,Tennessee,Franklin,488,4,0,35.15634626,-86.09201039,47051.0,1156.1789234268385,0.819672131147541,484,483,4,0,479,470,41890,5,0,0,5,13
2020-08-30,US,Tennessee,Gibson,1104,14,0,35.99438059,-88.93358327,47053.0,2246.9623267457723,1.2681159420289856,1090,1087,14,0,1073,1066,49045,17,0,0,17,21
2020-08-30,US,Tennessee,Giles,441,14,0,35.20222469,-87.03992678,47055.0,1496.7417865870216,3.1746031746031744,427,440,14,0,426,438,29503,1,0,0,1,2
2020-08-30,US,Tennessee,Grainger,274,1,0,36.27469206,-83.51254721,47057.0,1174.9571183533446,0.36496350364963503,273,270,1,0,269,267,23145,4,0,0,4,3
2020-08-30,US,Tennessee,Greene,814,16,0,36.17470125,-82.84691273,47059.0,1178.5316133142219,1.9656019656019657,798,816,16,0,800,800,69087,-2,0,0,-2,16
2020-08-30,US,Tennessee,Grundy,149,2,0,35.38433717,-85.72142731,47061.0,1109.7043271021078,1.342281879194631,147,149,2,0,147,147,13346,0,0,0,0,2
2020-08-30,US,Tennessee,Hamblen,1649,22,0,36.21990035,-83.26586179,47063.0,2539.5016478270245,1.3341419041843539,1627,1646,21,0,1625,1634,64569,3,1,0,2,12
2020-08-30,US,Tennessee,Hamilton,7965,73,0,35.17670231,-85.16652245,47065.0,2165.555567639286,0.916509730069052,7892,7939,73,0,7866,7863,364286,26,0,0,26,76
2020-08-30,US,Tennessee,Hancock,92,2,0,36.52692871,-83.22375847,47067.0,1389.728096676737,2.1739130434782608,90,91,2,0,89,90,6549,1,0,0,1,1
2020-08-30,US,Tennessee,Hardeman,1237,21,0,35.20772017,-88.99161161,47069.0,4938.12375249501,1.6976556184316896,1216,1231,21,0,1210,1223,25220,6,0,0,6,8
2020-08-30,US,Tennessee,Hardin,685,10,0,35.19732531,-88.18593755,47071.0,2670.3570871666925,1.45985401459854,675,685,10,0,675,667,25776,0,0,0,0,18
2020-08-30,US,Tennessee,Hawkins,667,13,0,36.44355426,-82.94885298,47073.0,1174.5852851054838,1.949025487256372,654,665,13,0,652,654,56530,2,0,0,2,11
2020-08-30,US,Tennessee,Haywood,740,11,0,35.58332824,-89.28536625,47075.0,4276.467868700878,1.4864864864864864,729,737,11,0,726,728,17335,3,0,0,3,9
2020-08-30,US,Tennessee,Henderson,873,7,0,35.65581134,-88.38600175,47077.0,3104.883166767437,0.8018327605956472,866,865,7,0,858,832,27847,8,0,0,8,33
2020-08-30,US,Tennessee,Henry,455,5,0,36.33160906,-88.30121797,47079.0,1406.7089194620498,1.0989010989010992,450,452,5,0,447,440,32358,3,0,0,3,12
2020-08-30,US,Tennessee,Hickman,371,3,0,35.80609681,-87.47643507,47081.0,1473.5086186353165,0.8086253369272237,368,371,3,0,368,365,25063,0,0,0,0,6
2020-08-30,US,Tennessee,Houston,93,0,0,36.28872054,-87.71878828,47083.0,1134.0080477990487,0.0,93,92,0,0,92,87,8263,1,0,0,1,5
2020-08-30,US,Tennessee,Humphreys,169,3,0,36.03958805,-87.77992872,47085.0,909.4822946937896,1.7751479289940828,166,167,3,0,164,165,18486,2,0,0,2,2
2020-08-30,US,Tennessee,Jackson,217,1,0,36.36380466,-85.67239905,47087.0,1841.167486848804,0.4608294930875576,216,214,1,0,213,208,11758,3,0,0,3,6
2020-08-30,US,Tennessee,Jefferson,805,6,0,36.04818632,-83.45148924,47089.0,1477.199743095697,0.7453416149068323,799,785,6,0,779,781,54012,20,0,0,20,4
2020-08-30,US,Tennessee,Johnson,407,1,0,36.45523950000001,-81.84886538,47091.0,2288.059365864628,0.2457002457002457,406,407,1,0,406,405,17778,0,0,0,0,2
2020-08-30,US,Tennessee,Knox,6336,57,0,35.99508821,-83.94635435,47093.0,1347.1879365443865,0.8996212121212122,6279,6275,56,0,6219,6170,465289,61,1,0,60,105
2020-08-30,US,Tennessee,Lake,834,2,0,36.34180170000001,-89.48921915,47095.0,11887.115165336374,0.23980815347721826,832,834,2,0,832,831,7411,0,0,0,0,3
2020-08-30,US,Tennessee,Lauderdale,720,12,0,35.75893438,-89.63015909999999,47097.0,2808.879179183085,1.6666666666666667,708,714,12,0,702,705,25825,6,0,0,6,9
2020-08-30,US,Tennessee,Lawrence,759,9,0,35.21675201,-87.39787695,47099.0,1719.4508631235556,1.1857707509881423,750,751,9,0,742,740,43734,8,0,0,8,11
2020-08-30,US,Tennessee,Lewis,132,1,0,35.52853208,-87.49022694,47101.0,1075.9700032605147,0.7575757575757576,131,131,1,0,130,129,12086,1,0,0,1,2
2020-08-30,US,Tennessee,Lincoln,409,1,0,35.13738622,-86.58910106,47103.0,1190.1297794331606,0.2444987775061125,408,403,1,0,402,400,34117,6,0,0,6,3
2020-08-30,US,Tennessee,Loudon,944,3,0,35.73939663,-84.31145275,47105.0,1745.9495450173856,0.3177966101694915,941,939,3,0,936,934,53054,5,0,0,5,5
2020-08-30,US,Tennessee,Macon,907,15,0,36.53157855,-86.00778595,47111.0,3686.6921388504998,1.6538037486218302,892,902,15,0,887,898,24265,5,0,0,5,4
2020-08-30,US,Tennessee,Madison,1781,41,0,35.61181957,-88.84076036,47113.0,1817.643696930111,2.3020774845592364,1740,1763,41,0,1722,1720,97605,18,0,0,18,43
2020-08-30,US,Tennessee,Marion,325,7,0,35.12997174,-85.62265895,47115.0,1124.2951534230465,2.1538461538461537,318,323,6,0,317,318,28575,2,1,0,1,5
2020-08-30,US,Tennessee,Marshall,532,4,0,35.45798777,-86.76420988,47117.0,1547.6363636363635,0.7518796992481203,528,529,4,0,525,519,33683,3,0,0,3,10
2020-08-30,US,Tennessee,Maury,1735,15,0,35.618741299999996,-87.07462444,47119.0,1800.0352744664738,0.8645533141210374,1720,1725,14,0,1711,1711,94340,10,1,0,9,14
2020-08-30,US,Tennessee,McMinn,791,23,0,35.42812616,-84.61520715,47107.0,1470.4242108785363,2.9077117572692788,768,788,21,0,767,775,53285,3,2,0,1,13
2020-08-30,US,Tennessee,McNairy,544,11,0,35.17468549,-88.5647812,47109.0,2117.225811473496,2.022058823529412,533,541,11,0,530,526,25832,3,0,0,3,15
2020-08-30,US,Tennessee,Meigs,162,2,0,35.51558739,-84.81482914,47121.0,1304.1378199967799,1.2345679012345678,160,163,2,0,161,159,12306,-1,0,0,-1,4
2020-08-30,US,Tennessee,Monroe,738,15,0,35.44550387,-84.24902965,47123.0,1585.5623590074122,2.0325203252032518,723,726,15,0,711,711,46357,12,0,0,12,15
2020-08-30,US,Tennessee,Montgomery,2467,30,0,36.49609412,-87.38550661,47125.0,1180.4223107950986,1.2160518848804216,2437,2452,28,0,2424,2440,205950,15,2,0,13,12
2020-08-30,US,Tennessee,Moore,93,0,0,35.27724699,-86.36230578,47127.0,1433.415536374846,0.0,93,92,0,0,92,90,6411,1,0,0,1,2
2020-08-30,US,Tennessee,Morgan,207,2,0,36.13248031,-84.64880098,47129.0,967.1541372704761,0.966183574879227,205,205,1,0,204,204,21579,2,1,0,1,1
2020-08-30,US,Tennessee,Obion,820,8,0,36.35732446,-89.14921589,47131.0,2727.0610928198475,0.975609756097561,812,809,8,0,801,796,30267,11,0,0,11,13
2020-08-30,US,Tennessee,Out of TN,2994,25,0,0.0,0.0,80047.0,0.0,0.8350033400133601,2969,2970,25,0,2945,3001,,24,0,0,24,-31
2020-08-30,US,Tennessee,Overton,433,2,0,36.34117832,-85.28989535,47133.0,1946.8549076030758,0.4618937644341801,431,427,2,0,425,413,22068,6,0,0,6,14
2020-08-30,US,Tennessee,Perry,107,0,0,35.63708728,-87.86139634,47135.0,1324.9133234274393,0.0,107,106,0,0,106,104,8064,1,0,0,1,2
2020-08-30,US,Tennessee,Pickett,61,1,0,36.55606529,-85.07763299999998,47137.0,1208.3993660855785,1.639344262295082,60,59,1,0,58,58,5082,2,0,0,2,1
2020-08-30,US,Tennessee,Polk,326,10,0,35.12245443,-84.52075859,47139.0,1936.7870722433456,3.0674846625766867,316,326,10,0,316,319,16898,0,0,0,0,7
2020-08-30,US,Tennessee,Putnam,2362,30,0,36.14005459,-85.50646123,47141.0,2943.4855754252612,1.2701100762066049,2332,2345,30,0,2315,2314,78843,17,0,0,17,31
2020-08-30,US,Tennessee,Rhea,647,3,0,35.60536161,-84.93076643,47143.0,1950.734163475744,0.4636785162287481,644,644,3,0,641,639,33044,3,0,0,3,5
2020-08-30,US,Tennessee,Roane,643,2,0,35.84923189,-84.52458689,47145.0,1204.5258701434939,0.3110419906687403,641,632,2,0,630,624,53140,11,0,0,11,8
2020-08-30,US,Tennessee,Robertson,1885,26,0,36.52454807,-86.87346725,47147.0,2624.8729338699122,1.3793103448275863,1859,1869,26,0,1843,1790,71012,16,0,0,16,79
2020-08-30,US,Tennessee,Rutherford,7799,70,0,35.84591405,-86.4107263,47149.0,2347.081571542501,0.8975509680728299,7729,7770,68,0,7702,7725,324890,29,2,0,27,45
2020-08-30,US,Tennessee,Scott,155,2,0,36.42325673,-84.50360494,47151.0,702.3744788834513,1.2903225806451613,153,155,2,0,153,156,22039,0,0,0,0,-1
2020-08-30,US,Tennessee,Sequatchie,142,1,0,35.36979721,-85.41022136,47153.0,945.0286170637562,0.7042253521126759,141,142,1,0,141,141,14876,0,0,0,0,1
2020-08-30,US,Tennessee,Sevier,2232,12,0,35.78077323,-83.52244332,47155.0,2271.7557251908397,0.5376344086021505,2220,2219,12,0,2207,2211,97892,13,0,0,13,8
2020-08-30,US,Tennessee,Shelby,26976,385,0,35.1864775,-89.89692423,47157.0,2878.4655013092665,1.4271945432977462,26591,26839,380,0,26459,26649,935764,137,5,0,132,190
2020-08-30,US,Tennessee,Smith,515,8,0,36.25359775,-85.95411046,47159.0,2554.9436920176613,1.5533980582524272,507,515,8,0,507,513,19942,0,0,0,0,2
2020-08-30,US,Tennessee,Stewart,96,0,0,36.50235092,-87.83920548,47161.0,699.9635435654393,0.0,96,95,0,0,95,93,13561,1,0,0,1,2
2020-08-30,US,Tennessee,Sullivan,1615,25,0,36.51240691,-82.30412917,47163.0,1019.9055245408846,1.547987616099071,1590,1597,25,0,1572,1571,157668,18,0,0,18,26
2020-08-30,US,Tennessee,Sumner,4065,86,0,36.46824103,-86.45917204,47165.0,2125.123508100563,2.1156211562115623,3979,4051,86,0,3965,4007,187149,14,0,0,14,44
2020-08-30,US,Tennessee,Tipton,1455,15,0,35.501942,-89.73694895,47167.0,2362.0513320021428,1.0309278350515465,1440,1448,15,0,1433,1431,61581,7,0,0,7,17
2020-08-30,US,Tennessee,Trousdale,1618,6,0,36.39026213,-86.16087954,47169.0,14338.88691953208,0.3708281829419036,1612,1617,6,0,1611,1603,11012,1,0,0,1,14
2020-08-30,US,Tennessee,Unassigned,3360,6,0,0.0,0.0,90047.0,0.0,0.17857142857142858,3354,3344,6,0,3338,3332,,16,0,0,16,12
2020-08-30,US,Tennessee,Unicoi,221,1,0,36.10890856,-82.43709629,47171.0,1235.8105463289155,0.4524886877828054,220,221,1,0,220,220,17761,0,0,0,0,1
2020-08-30,US,Tennessee,Union,222,1,0,36.28590426,-83.83651902,47173.0,1111.55617865011,0.4504504504504505,221,221,1,0,220,220,19688,1,0,0,1,1
2020-08-30,US,Tennessee,Van Buren,71,0,0,35.69864497,-85.45221699,47175.0,1209.1280653950953,0.0,71,70,0,0,70,69,5765,1,0,0,1,1
2020-08-30,US,Tennessee,Warren,851,7,0,35.672829899999996,-85.77969117,47177.0,2061.680839208276,0.8225616921269095,844,830,7,0,823,824,40878,21,0,0,21,6
2020-08-30,US,Tennessee,Washington,1718,13,0,36.29472368,-82.49454720000001,47179.0,1327.9227053140096,0.7566938300349243,1705,1700,12,0,1688,1671,128607,18,1,0,17,29
2020-08-30,US,Tennessee,Wayne,312,3,0,35.23868267,-87.78644456,47181.0,1871.2889102141187,0.9615384615384616,309,297,3,0,294,292,16558,15,0,0,15,5
2020-08-30,US,Tennessee,Weakley,831,13,0,36.29896232,-88.71990865,47183.0,2493.3989438310127,1.5643802647412757,818,824,13,0,811,807,33415,7,0,0,7,17
2020-08-30,US,Tennessee,White,560,7,0,35.92929884,-85.45591799,47185.0,2047.9063814225635,1.25,553,549,7,0,542,536,27107,11,0,0,11,13
2020-08-30,US,Tennessee,Williamson,4334,28,0,35.89099229,-86.89281867,47187.0,1817.861517037733,0.6460544531610521,4306,4328,27,0,4301,4295,231729,6,1,0,5,33
2020-08-30,US,Tennessee,Wilson,2811,31,0,36.15496772,-86.29775884,47189.0,1943.2174039279125,1.102810387762362,2780,2791,31,0,2760,2764,140625,20,0,0,20,27
2020-08-30,US,Texas,Anderson,2502,18,0,31.81534745,-95.65354823,48001.0,4333.593141075604,0.7194244604316546,2484,2502,18,0,2484,2495,58057,0,0,0,0,7
2020-08-30,US,Texas,Andrews,362,8,0,32.30468633,-102.63765479999999,48003.0,1935.311414060412,2.209944751381216,354,362,8,0,354,362,18128,0,0,0,0,0
2020-08-30,US,Texas,Angelina,2002,66,0,31.25457347,-94.60901487,48005.0,2308.712448826616,3.2967032967032965,1936,2002,66,0,1936,2002,87092,0,0,0,0,0
2020-08-30,US,Texas,Aransas,210,18,0,28.10556197,-96.9995047,48007.0,893.236920459379,8.571428571428571,192,208,18,0,190,208,23792,2,0,0,2,0
2020-08-30,US,Texas,Archer,49,0,0,33.61569967,-98.68754589,48009.0,572.8983982228458,0.0,49,49,0,0,49,48,8786,0,0,0,0,1
2020-08-30,US,Texas,Armstrong,11,0,0,34.96507426,-101.35748740000001,48011.0,582.9358770535241,0.0,11,11,0,0,11,11,1892,0,0,0,0,0
2020-08-30,US,Texas,Atascosa,568,27,0,28.89333001,-98.52730485,48013.0,1110.3943072742557,4.753521126760563,541,568,27,0,541,565,50310,0,0,0,0,3
2020-08-30,US,Texas,Austin,417,6,0,29.88548725,-96.27736949,48015.0,1388.518913159297,1.4388489208633093,411,413,6,0,407,401,29989,4,0,0,4,12
2020-08-30,US,Texas,Bailey,202,4,0,34.06854817,-102.8299707,48017.0,2885.714285714286,1.98019801980198,198,202,4,0,198,202,7027,0,0,0,0,0
2020-08-30,US,Texas,Bandera,109,3,0,29.74619598,-99.24598147,48019.0,471.61647628937345,2.7522935779816518,106,109,3,0,106,109,22824,0,0,0,0,0
2020-08-30,US,Texas,Bastrop,1580,27,0,30.10370699,-97.31206354,48021.0,1780.8234617855576,1.7088607594936709,1553,1579,27,0,1552,1573,86976,1,0,0,1,6
2020-08-30,US,Texas,Baylor,16,0,0,33.61640794,-99.21352901,48023.0,455.9703619264748,0.0,16,16,0,0,16,15,3582,0,0,0,0,1
2020-08-30,US,Texas,Bee,1591,22,0,28.41761668,-97.74215593,48025.0,4885.6133886074,1.3827781269641737,1569,1591,22,0,1569,1516,32587,0,0,0,0,75
2020-08-30,US,Texas,Bell,4768,64,0,31.03736027,-97.4785025,48027.0,1313.7736826443002,1.342281879194631,4704,4768,63,0,4705,4747,355642,0,1,0,-1,21
2020-08-30,US,Texas,Bexar,46401,1086,0,29.44928723,-98.52019748,48029.0,2315.9345842437992,2.3404668002844766,45315,46291,1078,0,45213,46083,1986049,110,8,0,102,208
2020-08-30,US,Texas,Blanco,124,5,0,30.26640707,-98.3999852,48031.0,1039.3093621657865,4.032258064516129,119,124,5,0,119,124,11702,0,0,0,0,0
2020-08-30,US,Texas,Bosque,216,5,0,31.89978581,-97.63613524,48035.0,1156.007492641156,2.314814814814815,211,215,5,0,210,211,18691,1,0,0,1,4
2020-08-30,US,Texas,Bowie,970,44,0,33.44626922,-94.41834132,48037.0,1040.2702557777898,4.536082474226804,926,970,44,0,926,914,94324,0,0,0,0,56
2020-08-30,US,Texas,Brazoria,9309,138,0,29.18757369,-95.44563172,48039.0,2487.281704892803,1.4824363519174992,9171,9220,137,0,9083,9093,370200,89,1,0,88,127
2020-08-30,US,Texas,Brazos,4703,55,0,30.663644800000004,-96.30205577,48041.0,2051.8212476713597,1.1694662981075907,4648,4663,55,0,4608,4613,226758,40,0,0,40,50
2020-08-30,US,Texas,Brewster,191,2,0,29.81008251,-103.25203259999999,48043.0,2075.4101923285884,1.0471204188481675,189,191,2,0,189,191,9267,0,0,0,0,0
2020-08-30,US,Texas,Briscoe,12,1,0,34.53026962,-101.2084947,48045.0,776.1966364812421,8.333333333333334,11,12,1,0,11,12,1516,0,0,0,0,0
2020-08-30,US,Texas,Brooks,215,16,0,27.03103197,-98.21808402,48047.0,3031.15747920485,7.441860465116278,199,209,16,0,193,209,7114,6,0,0,6,0
2020-08-30,US,Texas,Brown,470,20,0,31.77430356,-98.99907113,48049.0,1241.2845975068667,4.25531914893617,450,470,20,0,450,466,37924,0,0,0,0,4
2020-08-30,US,Texas,Burleson,287,6,0,30.49273808,-96.62158484,48051.0,1556.145963238085,2.0905923344947737,281,276,6,0,270,275,18389,11,0,0,11,1
2020-08-30,US,Texas,Burnet,665,12,0,30.78801353,-98.181887,48053.0,1380.9573253037067,1.8045112781954888,653,664,12,0,652,637,47542,1,0,0,1,27
2020-08-30,US,Texas,Caldwell,1225,32,0,29.83668859,-97.61814775,48055.0,2805.5148406009525,2.6122448979591835,1193,1232,32,0,1200,1232,43247,-7,0,0,-7,0
2020-08-30,US,Texas,Calhoun,603,7,0,28.47048236,-96.61633945,48057.0,2832.3156411460773,1.1608623548922057,596,603,7,0,596,591,21561,0,0,0,0,12
2020-08-30,US,Texas,Callahan,88,3,0,32.29760619,-99.37326312,48059.0,631.141074374238,3.4090909090909087,85,88,3,0,85,87,13994,0,0,0,0,1
2020-08-30,US,Texas,Cameron,20853,752,0,26.14524221,-97.48140372,48061.0,4927.888307815192,3.606195751210857,20101,20853,746,0,20107,20739,423908,0,6,0,-6,114
2020-08-30,US,Texas,Camp,296,8,0,32.97195142,-94.97790104,48063.0,2260.5773636780204,2.702702702702702,288,291,8,0,283,292,13033,5,0,0,5,-1
2020-08-30,US,Texas,Carson,17,0,0,35.40365929,-101.35426690000001,48065.0,286.87141410732363,0.0,17,17,0,0,17,17,6005,0,0,0,0,0
2020-08-30,US,Texas,Cass,257,11,0,33.07499881,-94.34646905,48067.0,855.9248651168988,4.280155642023346,246,256,10,0,246,255,30119,1,1,0,0,1
2020-08-30,US,Texas,Castro,227,4,0,34.53016752,-102.2617243,48069.0,3014.6082337317407,1.7621145374449338,223,227,4,0,223,223,7665,0,0,0,0,4
2020-08-30,US,Texas,Chambers,1123,5,0,29.70972016,-94.67154501,48071.0,2561.762894358647,0.4452359750667854,1118,1123,5,0,1118,1123,42454,0,0,0,0,0
2020-08-30,US,Texas,Cherokee,1408,16,0,31.837258000000002,-95.16559897,48073.0,2674.4671959882994,1.1363636363636365,1392,1408,16,0,1392,1402,52592,0,0,0,0,6
2020-08-30,US,Texas,Childress,57,0,0,34.529304100000004,-100.2077916,48075.0,780.1806734191076,0.0,57,57,0,0,57,56,7291,0,0,0,0,1
2020-08-30,US,Texas,Clay,63,1,0,33.78686685,-98.20771198,48077.0,601.6617324037819,1.5873015873015872,62,63,1,0,62,63,10456,0,0,0,0,0
2020-08-30,US,Texas,Cochran,37,1,0,33.60425307,-102.82844990000001,48079.0,1296.880476691202,2.702702702702702,36,37,1,0,36,37,2836,0,0,0,0,0
2020-08-30,US,Texas,Coke,49,3,0,31.88911733,-100.5297533,48081.0,1446.7080011809862,6.1224489795918355,46,48,3,0,45,48,3370,1,0,0,1,0
2020-08-30,US,Texas,Coleman,52,2,0,31.76736834,-99.45240766,48083.0,636.085626911315,3.8461538461538463,50,52,2,0,50,52,8397,0,0,0,0,0
2020-08-30,US,Texas,Collin,10946,111,0,33.18820114,-96.57264368,48085.0,1057.8605046727166,1.0140690663255985,10835,10889,111,0,10778,10812,1005146,57,0,0,57,77
2020-08-30,US,Texas,Collingsworth,16,0,0,34.96489496,-100.27001109999999,48087.0,547.9452054794519,0.0,16,16,0,0,16,16,2962,0,0,0,0,0
2020-08-30,US,Texas,Colorado,444,3,0,29.622097999999998,-96.5273805,48089.0,2065.7888614897875,0.6756756756756757,441,436,3,0,433,422,21217,8,0,0,8,14
2020-08-30,US,Texas,Comal,2353,95,0,29.80811278,-98.27647225,48091.0,1506.3152571234687,4.037399065023373,2258,2339,95,0,2244,2308,148373,14,0,0,14,31
2020-08-30,US,Texas,Comanche,214,3,0,31.94854689,-98.55876441,48093.0,1569.4902823615696,1.4018691588785046,211,214,3,0,211,213,13534,0,0,0,0,1
2020-08-30,US,Texas,Concho,53,1,0,31.32635934,-99.86473038,48095.0,1944.2406456346296,1.8867924528301887,52,50,1,0,49,48,4276,3,0,0,3,2
2020-08-30,US,Texas,Cooke,318,4,0,33.63979567,-97.21240912,48097.0,770.7782921686016,1.2578616352201255,314,318,4,0,314,312,40574,0,0,0,0,6
2020-08-30,US,Texas,Coryell,868,10,0,31.39078397,-97.79936155,48099.0,1142.842095561612,1.1520737327188941,858,866,10,0,856,914,74808,2,0,0,2,-48
2020-08-30,US,Texas,Cottle,18,2,0,34.07783319,-100.27850620000001,48101.0,1287.5536480686694,11.111111111111109,16,18,2,0,16,18,1389,0,0,0,0,0
2020-08-30,US,Texas,Crane,70,2,0,31.43052248,-102.5143314,48103.0,1459.245361684386,2.8571428571428568,68,70,2,0,68,70,4794,0,0,0,0,0
2020-08-30,US,Texas,Crockett,162,6,0,30.72367027,-101.4134238,48105.0,4676.674364896075,3.703703703703704,156,162,6,0,156,162,3499,0,0,0,0,0
2020-08-30,US,Texas,Crosby,81,1,0,33.61431553,-101.30003640000001,48107.0,1411.8877462088199,1.2345679012345678,80,81,1,0,80,81,5779,0,0,0,0,0
2020-08-30,US,Texas,Culberson,23,2,0,31.44506775,-104.5185739,48109.0,1059.4196222938738,8.695652173913043,21,23,2,0,21,23,2204,0,0,0,0,0
2020-08-30,US,Texas,Dallam,208,7,0,36.27787176,-102.60207249999999,48111.0,2854.398243447235,3.3653846153846154,201,208,7,0,201,206,7200,0,0,0,0,2
2020-08-30,US,Texas,Dallas,70810,947,0,32.76670599,-96.77796049999999,48113.0,2686.760391513465,1.3373817257449512,69863,70810,943,0,69867,70100,2637772,0,4,0,-4,710
2020-08-30,US,Texas,Dawson,207,8,0,32.74255572,-101.94772420000001,48115.0,1626.335637963545,3.864734299516908,199,207,8,0,199,200,12619,0,0,0,0,7
2020-08-30,US,Texas,DeWitt,844,25,0,29.08101855,-97.35681170000001,48123.0,4186.5079365079355,2.962085308056872,819,844,25,0,819,817,20187,0,0,0,0,27
2020-08-30,US,Texas,Deaf Smith,801,20,0,34.96522957,-102.6054267,48117.0,4318.990617923002,2.4968789013732837,781,801,20,0,781,798,18760,0,0,0,0,3
2020-08-30,US,Texas,Delta,17,0,0,33.38570922,-95.66921122,48119.0,318.88951416244606,0.0,17,17,0,0,17,17,5349,0,0,0,0,0
2020-08-30,US,Texas,Denton,9994,131,0,33.20521901,-97.11691153,48121.0,1126.4563963088658,1.31078647188313,9863,9994,131,0,9863,9875,859064,0,0,0,0,119
2020-08-30,US,Texas,Dickens,27,1,0,33.61616822,-100.7788855,48125.0,1221.1668928086838,3.703703703703704,26,27,1,0,26,22,2249,0,0,0,0,5
2020-08-30,US,Texas,Dimmit,180,6,0,28.42270064,-99.75645095,48127.0,1777.9533781114185,3.333333333333333,174,180,6,0,174,180,10308,0,0,0,0,0
2020-08-30,US,Texas,Donley,55,1,0,34.96517499,-100.8140093,48129.0,1677.8523489932886,1.818181818181818,54,55,1,0,54,54,3319,0,0,0,0,1
2020-08-30,US,Texas,Duval,257,10,0,27.68184592,-98.50864568,48131.0,2303.4866003405928,3.891050583657588,247,243,10,0,233,243,11212,14,0,0,14,0
2020-08-30,US,Texas,Eastland,130,2,0,32.32743996,-98.83243566,48133.0,708.0610021786493,1.5384615384615383,128,130,2,0,128,130,18322,0,0,0,0,0
2020-08-30,US,Texas,Ector,4217,69,0,31.86898877,-102.54294279999999,48135.0,2536.9533698705955,1.6362342897794642,4148,4217,69,0,4148,4217,162124,0,0,0,0,0
2020-08-30,US,Texas,Edwards,34,1,0,29.98202582,-100.304252,48137.0,1759.8343685300208,2.9411764705882355,33,34,1,0,33,34,1928,0,0,0,0,0
2020-08-30,US,Texas,El Paso,20350,428,0,31.76980765,-106.23632749999999,48141.0,2424.8187045867803,2.1031941031941037,19922,20217,428,0,19789,20072,840758,133,0,0,133,145
2020-08-30,US,Texas,Ellis,3758,56,0,32.34894117,-96.79371841,48139.0,2033.2637183080303,1.4901543374135178,3702,3758,56,0,3702,3740,179436,0,0,0,0,18
2020-08-30,US,Texas,Erath,667,9,0,32.23602653,-98.21773417,48143.0,1562.1340578013019,1.3493253373313343,658,667,9,0,658,660,42446,0,0,0,0,7
2020-08-30,US,Texas,Falls,166,3,0,31.25350609,-96.93630086,48145.0,959.7039949124126,1.8072289156626504,163,166,3,0,163,160,17335,0,0,0,0,6
2020-08-30,US,Texas,Fannin,585,12,0,33.59564294,-96.10751083,48147.0,1647.2377090724785,2.051282051282051,573,585,12,0,573,584,35286,0,0,0,0,1
2020-08-30,US,Texas,Fayette,457,16,0,29.87788372,-96.92076062,48149.0,1803.045845498304,3.5010940919037203,441,457,16,0,441,457,25349,0,0,0,0,0
2020-08-30,US,Texas,Fisher,58,1,0,32.74281316,-100.40193020000001,48151.0,1514.3603133159272,1.7241379310344829,57,58,1,0,57,52,3839,0,0,0,0,6
2020-08-30,US,Texas,Floyd,100,7,0,34.07227468,-101.3031546,48153.0,1750.7002801120448,7.0,93,100,7,0,93,99,5837,0,0,0,0,1
2020-08-30,US,Texas,Foard,3,0,0,33.97308618,-99.7767797,48155.0,259.7402597402597,0.0,3,3,0,0,3,3,1200,0,0,0,0,0
2020-08-30,US,Texas,Fort Bend,14933,234,0,29.52704478,-95.77219463,48157.0,1839.7463064625813,1.5669992633764147,14699,14933,231,0,14702,14845,787858,0,3,0,-3,88
2020-08-30,US,Texas,Franklin,111,4,0,33.17653242,-95.21917243,48159.0,1034.9650349650349,3.603603603603604,107,109,4,0,105,109,10766,2,0,0,2,0
2020-08-30,US,Texas,Freestone,384,1,0,31.70422788,-96.15072516,48161.0,1947.5579449206268,0.2604166666666667,383,384,1,0,383,381,19808,0,0,0,0,3
2020-08-30,US,Texas,Frio,633,7,0,28.86751206,-99.10804207,48163.0,3117.305229981286,1.1058451816745656,626,633,7,0,626,629,19816,0,0,0,0,4
2020-08-30,US,Texas,Gaines,247,7,0,32.74055318,-102.6353295,48165.0,1149.2648427321797,2.8340080971659916,240,247,7,0,240,244,20901,0,0,0,0,3
2020-08-30,US,Texas,Galveston,10543,140,0,29.40167322,-94.90469073,48167.0,3081.496117075224,1.3278952859717348,10403,10543,137,0,10406,10509,337890,0,3,0,-3,34
2020-08-30,US,Texas,Garza,102,3,0,33.17969345,-101.2984114,48169.0,1637.5020067426553,2.9411764705882355,99,102,3,0,99,102,6578,0,0,0,0,0
2020-08-30,US,Texas,Gillespie,198,6,0,30.31824095,-98.94676915,48171.0,733.6594041796353,3.0303030303030303,192,198,6,0,192,198,26804,0,0,0,0,0
2020-08-30,US,Texas,Glasscock,6,0,0,31.86942909,-101.5207776,48173.0,425.83392476934,0.0,6,6,0,0,6,6,1388,0,0,0,0,0
2020-08-30,US,Texas,Goliad,121,6,0,28.65696592,-97.42760647,48175.0,1580.0470096630975,4.958677685950414,115,121,6,0,115,121,7584,0,0,0,0,0
2020-08-30,US,Texas,Gonzales,813,13,0,29.45634206,-97.49424032,48177.0,3901.713298459471,1.5990159901599017,800,813,13,0,800,808,20826,0,0,0,0,5
2020-08-30,US,Texas,Gray,242,4,0,35.40081878,-100.8129222,48179.0,1105.7296902129217,1.6528925619834711,238,242,4,0,238,241,21895,0,0,0,0,1
2020-08-30,US,Texas,Grayson,1474,25,0,33.62744998,-96.67753461,48181.0,1082.1366693096056,1.6960651289009498,1449,1452,25,0,1427,1435,133991,22,0,0,22,17
2020-08-30,US,Texas,Gregg,1880,47,0,32.47940482,-94.81591935,48183.0,1516.8018072532172,2.5,1833,1880,46,0,1834,1859,123707,0,1,0,-1,21
2020-08-30,US,Texas,Grimes,970,30,0,30.54579585,-95.98902499,48185.0,3358.725761772853,3.0927835051546397,940,969,30,0,939,980,28360,1,0,0,1,-11
2020-08-30,US,Texas,Guadalupe,1899,72,0,29.58165339,-97.94786822,48187.0,1138.168501681181,3.791469194312796,1827,1899,72,0,1827,1891,163694,0,0,0,0,8
2020-08-30,US,Texas,Hale,1606,44,0,34.07044901,-101.82681140000001,48189.0,4807.519607256181,2.7397260273972597,1562,1606,44,0,1562,1606,33830,0,0,0,0,0
2020-08-30,US,Texas,Hall,16,1,0,34.5307555,-100.68138520000001,48191.0,539.8110661268556,6.25,15,16,1,0,15,16,3028,0,0,0,0,0
2020-08-30,US,Texas,Hamilton,101,3,0,31.70470573,-98.11083887,48193.0,1193.7123271480914,2.9702970297029703,98,100,3,0,97,100,8484,1,0,0,1,0
2020-08-30,US,Texas,Hansford,102,3,0,36.27743284,-101.3545796,48195.0,1889.2387479162808,2.9411764705882355,99,102,3,0,99,101,5463,0,0,0,0,1
2020-08-30,US,Texas,Hardeman,22,0,0,34.28944521,-99.74632408,48197.0,559.3694380879734,0.0,22,22,0,0,22,22,3922,0,0,0,0,0
2020-08-30,US,Texas,Hardin,1254,19,0,30.33364686,-94.38931817,48199.0,2177.0077427867086,1.5151515151515151,1235,1254,19,0,1235,1206,57207,0,0,0,0,48
2020-08-30,US,Texas,Harris,105757,2188,0,29.85864939,-95.39339521,48201.0,2243.787559737553,2.0688937848085707,103569,104649,2177,0,102472,103088,4698619,1108,11,0,1097,1561
2020-08-30,US,Texas,Harrison,796,28,0,32.54935988,-94.36934071,48203.0,1196.0392469159915,3.5175879396984926,768,796,27,0,769,793,66726,0,1,0,-1,3
2020-08-30,US,Texas,Hartley,101,0,0,35.84008013,-102.6029022,48205.0,1811.3342898134865,0.0,101,101,0,0,101,101,5619,0,0,0,0,0
2020-08-30,US,Texas,Haskell,54,2,0,33.17823584,-99.73037358,48207.0,954.4008483563097,3.703703703703704,52,54,2,0,52,54,5813,0,0,0,0,0
2020-08-30,US,Texas,Hays,5361,56,0,30.05669873,-98.02944344,48209.0,2328.9355361417256,1.0445812348442456,5305,5361,56,0,5305,5361,222631,0,0,0,0,0
2020-08-30,US,Texas,Hemphill,55,0,0,35.83764858,-100.2703577,48211.0,1440.1675831369464,0.0,55,55,0,0,55,54,3825,0,0,0,0,1
2020-08-30,US,Texas,Henderson,815,16,0,32.21128872,-95.85846587,48213.0,985.0490107207173,1.96319018404908,799,815,16,0,799,794,82299,0,0,0,0,21
2020-08-30,US,Texas,Hidalgo,27408,1162,0,26.39418217,-98.18299696,48215.0,3155.0338606687874,4.239638061879743,26246,27252,1156,0,26096,27252,865939,156,6,0,150,0
2020-08-30,US,Texas,Hill,369,8,0,31.99045053,-97.13423143,48217.0,1006.8487543998473,2.168021680216802,361,369,8,0,361,369,36354,0,0,0,0,0
2020-08-30,US,Texas,Hockley,262,5,0,33.60771256,-102.3431676,48219.0,1138.0913079362324,1.9083969465648856,257,262,5,0,257,259,22980,0,0,0,0,3
2020-08-30,US,Texas,Hood,767,22,0,32.42990927,-97.83242024,48221.0,1244.2613110977727,2.86831812255541,745,767,22,0,745,765,60537,0,0,0,0,2
2020-08-30,US,Texas,Hopkins,244,7,0,33.14875072,-95.56351139,48223.0,657.9656994930427,2.8688524590163933,237,242,7,0,235,241,36810,2,0,0,2,1
2020-08-30,US,Texas,Houston,538,9,0,31.31925973,-95.42226208,48225.0,2342.389411354929,1.6728624535315986,529,536,9,0,527,535,23169,2,0,0,2,1
2020-08-30,US,Texas,Howard,280,8,0,32.30621324,-101.4356444,48227.0,763.6919048658084,2.8571428571428568,272,278,8,0,270,276,36459,2,0,0,2,2
2020-08-30,US,Texas,Hudspeth,38,2,0,31.45628381,-105.388178,48229.0,777.7322963569381,5.2631578947368425,36,38,2,0,36,38,4795,0,0,0,0,0
2020-08-30,US,Texas,Hunt,1415,29,0,33.12351514,-96.08551032,48231.0,1435.1786112745194,2.0494699646643113,1386,1405,29,0,1376,1405,96493,10,0,0,10,0
2020-08-30,US,Texas,Hutchinson,147,3,0,35.84006574,-101.3546643,48233.0,702.0727863215207,2.0408163265306123,144,147,3,0,144,146,21198,0,0,0,0,1
2020-08-30,US,Texas,Irion,10,0,0,31.30375559,-100.982439,48235.0,651.0416666666666,0.0,10,10,0,0,10,10,1522,0,0,0,0,0
2020-08-30,US,Texas,Jack,121,0,0,33.23377248,-98.17283469,48237.0,1354.2249580302182,0.0,121,121,0,0,121,122,8843,0,0,0,0,-1
2020-08-30,US,Texas,Jackson,501,14,0,28.95472367,-96.57749563,48239.0,3394.308943089431,2.7944111776447107,487,501,14,0,487,496,14874,0,0,0,0,5
2020-08-30,US,Texas,Jasper,393,18,0,30.74685667,-94.02667579,48241.0,1106.138647302204,4.580152671755725,375,393,18,0,375,393,35872,0,0,0,0,0
2020-08-30,US,Texas,Jeff Davis,8,0,0,30.71490589,-104.1399973,48243.0,351.8029903254178,0.0,8,8,0,0,8,8,2252,0,0,0,0,0
2020-08-30,US,Texas,Jefferson,6615,107,0,29.8832777,-94.16434171,48245.0,2629.5390853258605,1.6175359032501888,6508,6610,106,0,6504,6590,255001,5,1,0,4,20
2020-08-30,US,Texas,Jim Hogg,77,2,0,27.04453923,-98.69681870000001,48247.0,1480.7692307692307,2.5974025974025974,75,77,2,0,75,77,5248,0,0,0,0,0
2020-08-30,US,Texas,Jim Wells,1034,24,0,27.73103938,-98.0904705,48249.0,2554.221629366138,2.3210831721470018,1010,980,24,0,956,980,40822,54,0,0,54,0
2020-08-30,US,Texas,Johnson,2500,44,0,32.37877812,-97.36615819,48251.0,1421.9330326418951,1.76,2456,2500,43,0,2457,2493,171361,0,1,0,-1,7
2020-08-30,US,Texas,Jones,598,0,0,32.73997145,-99.87861576,48253.0,2977.642782452821,0.0,598,598,0,0,598,601,19817,0,0,0,0,-3
2020-08-30,US,Texas,Karnes,740,12,0,28.90705334,-97.85960149,48255.0,4743.2856868149465,1.6216216216216215,728,740,12,0,728,736,15650,0,0,0,0,4
2020-08-30,US,Texas,Kaufman,2757,37,0,32.599141700000004,-96.28734728,48257.0,2024.9129662000385,1.342038447587958,2720,2757,37,0,2720,2752,128622,0,0,0,0,5
2020-08-30,US,Texas,Kendall,197,5,0,29.94414155,-98.7113588,48259.0,415.3401783643608,2.538071065989848,192,197,4,0,193,196,45641,0,1,0,-1,1
2020-08-30,US,Texas,Kenedy,7,1,0,26.92601662,-97.66413984,48261.0,1732.6732673267327,14.285714285714285,6,7,1,0,6,7,442,0,0,0,0,0
2020-08-30,US,Texas,Kent,7,0,0,33.18104136,-100.7780939,48263.0,918.6351706036743,0.0,7,7,0,0,7,7,726,0,0,0,0,0
2020-08-30,US,Texas,Kerr,435,9,0,30.06040006,-99.34930144,48265.0,826.9961977186313,2.0689655172413794,426,435,9,0,426,434,52405,0,0,0,0,1
2020-08-30,US,Texas,Kimble,16,1,0,30.48678918,-99.74856473,48267.0,368.9186073322573,6.25,15,16,1,0,15,16,4362,0,0,0,0,0
2020-08-30,US,Texas,Kinney,22,1,0,29.34967888,-100.41866379999999,48271.0,599.9454595036815,4.545454545454546,21,22,1,0,21,22,3767,0,0,0,0,0
2020-08-30,US,Texas,Kleberg,632,26,0,27.42435506,-97.69894948,48273.0,2059.973924380704,4.113924050632911,606,604,25,0,579,604,31129,28,1,0,27,0
2020-08-30,US,Texas,Knox,67,8,0,33.60519951,-99.74229059999999,48275.0,1828.6026200873362,11.940298507462687,59,67,8,0,59,67,3653,0,0,0,0,0
2020-08-30,US,Texas,La Salle,365,4,0,28.34453111,-99.09908775,48283.0,4853.723404255319,1.095890410958904,361,365,4,0,361,366,7531,0,0,0,0,-1
2020-08-30,US,Texas,Lamar,791,26,0,33.66981763,-95.57404777,48277.0,1586.4738562746945,3.2869785082174463,765,791,25,0,766,791,49728,0,1,0,-1,0
2020-08-30,US,Texas,Lamb,278,19,0,34.06859623,-102.35162890000001,48279.0,2156.20879547041,6.83453237410072,259,278,19,0,259,276,13158,0,0,0,0,2
2020-08-30,US,Texas,Lampasas,154,6,0,31.19531316,-98.24206613,48281.0,718.6858316221768,3.8961038961038965,148,153,6,0,147,151,21229,1,0,0,1,2
2020-08-30,US,Texas,Lavaca,682,30,0,29.38508402,-96.93186692,48285.0,3383.943634018061,4.3988269794721395,652,682,29,0,653,678,20110,0,1,0,-1,4
2020-08-30,US,Texas,Lee,197,14,0,30.31120597,-96.97045773,48287.0,1142.7577005626774,7.1065989847715745,183,196,14,0,182,194,17144,1,0,0,1,2
2020-08-30,US,Texas,Leon,188,4,0,31.29872538,-95.9936328,48289.0,1080.2114456446793,2.127659574468085,184,186,4,0,182,180,17270,2,0,0,2,6
2020-08-30,US,Texas,Liberty,1826,43,0,30.15152688,-94.81205615,48291.0,2069.848898763305,2.354874041621029,1783,1786,43,0,1743,1670,86323,40,0,0,40,116
2020-08-30,US,Texas,Limestone,457,7,0,31.5454767,-96.58095444,48293.0,1949.9082647096466,1.5317286652078774,450,433,7,0,426,408,23519,24,0,0,24,25
2020-08-30,US,Texas,Lipscomb,25,0,0,36.27783108,-100.27331509999999,48295.0,773.2755954222084,0.0,25,25,0,0,25,23,3355,0,0,0,0,2
2020-08-30,US,Texas,Live Oak,330,6,0,28.35101362,-98.1246786,48297.0,2703.366920619317,1.818181818181818,324,330,6,0,324,330,12166,0,0,0,0,0
2020-08-30,US,Texas,Llano,101,1,0,30.70645047,-98.68475262,48299.0,463.4090387703602,0.99009900990099,100,101,1,0,100,101,21646,0,0,0,0,0
2020-08-30,US,Texas,Lubbock,7344,93,0,33.61008596,-101.82047890000001,48303.0,2364.6919042145223,1.2663398692810457,7251,7242,92,0,7150,7173,307412,102,1,0,101,69
2020-08-30,US,Texas,Lynn,79,4,0,33.17657705,-101.8162849,48305.0,1327.5079818517895,5.063291139240507,75,79,4,0,75,77,5877,0,0,0,0,2
2020-08-30,US,Texas,Madison,830,5,0,30.96694679,-95.93003775,48313.0,5810.697283674041,0.6024096385542169,825,830,5,0,825,833,14422,0,0,0,0,-3
2020-08-30,US,Texas,Marion,140,10,0,32.79868409,-94.35661230000001,48315.0,1420.7428455449563,7.142857142857142,130,140,10,0,130,140,9928,0,0,0,0,0
2020-08-30,US,Texas,Martin,71,5,0,32.30600051,-101.9513518,48317.0,1230.2893779241033,7.042253521126762,66,71,5,0,66,71,5753,0,0,0,0,0
2020-08-30,US,Texas,Mason,73,1,0,30.71780434,-99.22629416,48319.0,1708.0018717828732,1.3698630136986298,72,73,1,0,72,73,4280,0,0,0,0,0
2020-08-30,US,Texas,Matagorda,913,38,0,28.81955746,-96.01230294,48321.0,2491.608219850995,4.162102957283681,875,903,38,0,865,895,36552,10,0,0,10,8
2020-08-30,US,Texas,Maverick,3258,82,0,28.7429195,-100.3157686,48323.0,5548.176152038418,2.5168815224063845,3176,3258,79,0,3179,3258,58485,0,3,0,-3,0
2020-08-30,US,Texas,McCulloch,109,1,0,31.1925468,-99.34682807,48307.0,1365.2304609218436,0.9174311926605504,108,108,1,0,107,91,7987,1,0,0,1,17
2020-08-30,US,Texas,McLennan,6228,81,0,31.55255453,-97.20217694,48309.0,2426.9063957634353,1.300578034682081,6147,6162,81,0,6081,6100,254607,66,0,0,66,62
2020-08-30,US,Texas,McMullen,15,0,0,28.35251708,-98.56769164,48311.0,2018.8425302826377,0.0,15,11,0,0,11,11,749,4,0,0,4,0
2020-08-30,US,Texas,Medina,1111,35,0,29.355730100000002,-99.11030298,48325.0,2153.768610421836,3.1503150315031503,1076,1111,35,0,1076,1103,50921,0,0,0,0,8
2020-08-30,US,Texas,Menard,20,0,0,30.88990665,-99.82047940000001,48327.0,935.4536950420952,0.0,20,20,0,0,20,20,2139,0,0,0,0,0
2020-08-30,US,Texas,Midland,3239,67,0,31.86904128,-102.03156820000001,48329.0,1831.6820484980094,2.0685396727384995,3172,3239,67,0,3172,3239,172578,0,0,0,0,0
2020-08-30,US,Texas,Milam,425,5,0,30.78581830000001,-96.97718698,48331.0,1712.1218225033233,1.1764705882352942,420,425,5,0,420,420,25131,0,0,0,0,5
2020-08-30,US,Texas,Mills,34,0,0,31.49557106,-98.59272068,48333.0,697.722142417402,0.0,34,33,0,0,33,33,4921,1,0,0,1,0
2020-08-30,US,Texas,Mitchell,73,1,0,32.30623474,-100.9212058,48335.0,854.3007606787595,1.3698630136986298,72,73,1,0,72,73,8145,0,0,0,0,0
2020-08-30,US,Texas,Montague,122,3,0,33.67521893,-97.72500958,48337.0,615.6019779997981,2.459016393442623,119,122,3,0,119,118,19596,0,0,0,0,4
2020-08-30,US,Texas,Montgomery,8580,120,0,30.30079133,-95.50572772,48339.0,1412.5991330131662,1.3986013986013983,8460,8580,120,0,8460,8580,590925,0,0,0,0,0
2020-08-30,US,Texas,Moore,1118,18,0,35.83769242,-101.8930281,48341.0,5339.063992359122,1.6100178890876566,1100,1118,18,0,1100,1117,21485,0,0,0,0,1
2020-08-30,US,Texas,Morris,156,3,0,33.11304005,-94.73255695,48343.0,1259.2831772683244,1.9230769230769231,153,156,3,0,153,155,12339,0,0,0,0,1
2020-08-30,US,Texas,Motley,6,0,0,34.07408766,-100.77972199999999,48345.0,500.0,0.0,6,6,0,0,6,6,1234,0,0,0,0,0
2020-08-30,US,Texas,Nacogdoches,1338,48,0,31.62017125,-94.61803994,48347.0,2052.0213483835346,3.5874439461883414,1290,1338,48,0,1290,1328,65711,0,0,0,0,10
2020-08-30,US,Texas,Navarro,1074,17,0,32.04620681,-96.47428766,48349.0,2143.156466385968,1.5828677839851024,1057,1074,16,0,1058,1068,49565,0,1,0,-1,6
2020-08-30,US,Texas,Newton,162,6,0,30.78548982,-93.74408813,48351.0,1191.6145641780067,3.703703703703704,156,162,6,0,156,162,13746,0,0,0,0,0
2020-08-30,US,Texas,Nolan,150,4,0,32.30365282,-100.4060208,48353.0,1019.4372706266141,2.6666666666666665,146,150,4,0,146,147,14751,0,0,0,0,3
2020-08-30,US,Texas,Nueces,18830,352,0,27.736286,-97.5433285,48355.0,5197.4363362352115,1.8693574083908655,18478,18664,348,0,18316,18664,362265,166,4,0,162,0
2020-08-30,US,Texas,Ochiltree,109,3,0,36.27829105,-100.8158184,48357.0,1108.1740544936965,2.7522935779816518,106,109,3,0,106,106,9947,0,0,0,0,3
2020-08-30,US,Texas,Oldham,15,1,0,35.40425596,-102.6027606,48359.0,710.2272727272727,6.666666666666668,14,15,1,0,14,14,2131,0,0,0,0,1
2020-08-30,US,Texas,Orange,1782,35,0,30.11879481,-93.89412775,48361.0,2136.793131565063,1.9640852974186307,1747,1782,35,0,1747,1817,83572,0,0,0,0,-35
2020-08-30,US,Texas,Palo Pinto,423,11,0,32.75310985,-98.31319001,48363.0,1449.1760594744596,2.600472813238771,412,423,11,0,412,420,28875,0,0,0,0,3
2020-08-30,US,Texas,Panola,313,21,0,32.163959600000005,-94.30552481,48365.0,1349.4869362766233,6.7092651757188495,292,313,21,0,292,312,23148,0,0,0,0,1
2020-08-30,US,Texas,Parker,1645,25,0,32.77757172,-97.80500621,48367.0,1151.331905541791,1.5197568389057752,1620,1645,25,0,1620,1639,138371,0,0,0,0,6
2020-08-30,US,Texas,Parmer,385,7,0,34.52993409,-102.78446679999999,48369.0,4008.32899531494,1.818181818181818,378,385,7,0,378,383,9864,0,0,0,0,2
2020-08-30,US,Texas,Pecos,296,3,0,30.78097267,-102.72412609999999,48371.0,1870.6945585540038,1.0135135135135136,293,296,3,0,293,294,15673,0,0,0,0,2
2020-08-30,US,Texas,Polk,778,18,0,30.79472531,-94.82766240000001,48373.0,1515.0039919770995,2.3136246786632397,760,778,17,0,761,778,50031,0,1,0,-1,0
2020-08-30,US,Texas,Potter,4034,51,0,35.40133773,-101.893964,48375.0,3435.6768726312653,1.2642538423401093,3983,4034,51,0,3983,4034,119648,0,0,0,0,0
2020-08-30,US,Texas,Presidio,50,5,0,29.99954402,-104.24080790000001,48377.0,745.8233890214798,10.0,45,50,5,0,45,50,6948,0,0,0,0,0
2020-08-30,US,Texas,Rains,59,3,0,32.87109387,-95.79232691,48379.0,471.47195141441597,5.084745762711863,56,59,3,0,56,59,12159,0,0,0,0,0
2020-08-30,US,Texas,Randall,2168,29,0,34.96585996,-101.8971322,48381.0,1574.2885566359023,1.3376383763837638,2139,2168,27,0,2141,2152,136271,0,2,0,-2,16
2020-08-30,US,Texas,Reagan,83,6,0,31.36607041,-101.52326590000001,48383.0,2156.404260846973,7.2289156626506035,77,83,6,0,77,82,3741,0,0,0,0,1
2020-08-30,US,Texas,Real,104,5,0,29.83321503,-99.82018052,48385.0,3012.746234067208,4.807692307692308,99,104,5,0,99,104,3478,0,0,0,0,0
2020-08-30,US,Texas,Red River,145,14,0,33.61886692,-95.04841765,48387.0,1206.0217915661653,9.655172413793103,131,145,14,0,131,145,12175,0,0,0,0,0
2020-08-30,US,Texas,Reeves,169,5,0,31.32323325,-103.69038959999999,48389.0,1057.836755132699,2.9585798816568047,164,169,5,0,164,169,15695,0,0,0,0,0
2020-08-30,US,Texas,Refugio,266,10,0,28.323897600000002,-97.15766311,48391.0,3828.439838802533,3.7593984962406015,256,263,10,0,253,263,7032,3,0,0,3,0
2020-08-30,US,Texas,Roberts,8,0,0,35.83809685,-100.813175,48393.0,936.768149882904,0.0,8,8,0,0,8,8,903,0,0,0,0,0
2020-08-30,US,Texas,Robertson,248,4,0,31.02539637,-96.51272246,48395.0,1452.500878528757,1.6129032258064515,244,248,4,0,244,248,17284,0,0,0,0,0
2020-08-30,US,Texas,Rockwall,1316,21,0,32.89779518,-96.40771592,48397.0,1254.3487585188009,1.5957446808510638,1295,1316,21,0,1295,1318,100657,0,0,0,0,-2
2020-08-30,US,Texas,Runnels,191,3,0,31.8314342,-99.97616148,48399.0,1860.8729540140296,1.5706806282722514,188,191,3,0,188,189,10234,0,0,0,0,2
2020-08-30,US,Texas,Rusk,720,4,0,32.10773545,-94.76176432,48401.0,1323.3834503547405,0.5555555555555556,716,719,4,0,715,718,54450,1,0,0,1,1
2020-08-30,US,Texas,Sabine,72,6,0,31.34318809,-93.85440451,48403.0,682.9823562891291,8.333333333333334,66,72,6,0,66,72,10589,0,0,0,0,0
2020-08-30,US,Texas,San Augustine,188,12,0,31.39457611,-94.17000399,48405.0,2282.3843632390435,6.382978723404255,176,188,12,0,176,188,8232,0,0,0,0,0
2020-08-30,US,Texas,San Jacinto,202,8,0,30.57933681,-95.16260304,48407.0,699.9549533940884,3.96039603960396,194,201,8,0,193,200,28719,1,0,0,1,1
2020-08-30,US,Texas,San Patricio,1257,59,0,28.00880118,-97.51763891,48409.0,1883.710475048704,4.6937151949085125,1198,1257,59,0,1198,1230,66893,0,0,0,0,27
2020-08-30,US,Texas,San Saba,38,0,0,31.1577796,-98.81758731,48411.0,627.5805119735755,0.0,38,38,0,0,38,38,6054,0,0,0,0,0
2020-08-30,US,Texas,Schleicher,38,2,0,30.89740592,-100.5384842,48413.0,1360.544217687075,5.2631578947368425,36,38,2,0,36,38,2895,0,0,0,0,0
2020-08-30,US,Texas,Scurry,546,2,0,32.74613808,-100.91626640000001,48415.0,3268.8738549961085,0.3663003663003663,544,546,2,0,544,543,16866,0,0,0,0,3
2020-08-30,US,Texas,Shackelford,23,0,0,32.73587756,-99.35401337,48417.0,704.4410413476262,0.0,23,23,0,0,23,23,3253,0,0,0,0,0
2020-08-30,US,Texas,Shelby,436,19,0,31.79211404,-94.14550696,48419.0,1725.092980929018,4.357798165137615,417,436,19,0,417,436,25418,0,0,0,0,0
2020-08-30,US,Texas,Sherman,53,0,0,36.27751473,-101.8933156,48421.0,1753.8054268696228,0.0,53,53,0,0,53,53,3079,0,0,0,0,0
2020-08-30,US,Texas,Smith,3207,58,0,32.37474036,-95.27175679999999,48423.0,1377.8673346194,1.8085438104147176,3149,3207,58,0,3149,3172,230221,0,0,0,0,35
2020-08-30,US,Texas,Somervell,118,4,0,32.22236802,-97.77403489,48425.0,1292.7256792287467,3.3898305084745757,114,118,3,0,115,117,9016,0,1,0,-1,1
2020-08-30,US,Texas,Starr,2782,134,0,26.56150059,-98.73892358,48427.0,4304.302755558307,4.8166786484543485,2648,2780,129,0,2651,2780,64525,2,5,0,-3,0
2020-08-30,US,Texas,Stephens,110,3,0,32.73553157,-98.83631615,48429.0,1174.4608157164212,2.727272727272727,107,110,3,0,107,110,9433,0,0,0,0,0
2020-08-30,US,Texas,Sterling,2,0,0,31.82781912,-101.05007459999999,48431.0,154.9186676994578,0.0,2,2,0,0,2,2,1311,0,0,0,0,0
2020-08-30,US,Texas,Stonewall,10,1,0,33.17906744,-100.25384009999999,48433.0,740.7407407407408,10.0,9,10,1,0,9,10,1362,0,0,0,0,0
2020-08-30,US,Texas,Sutton,76,2,0,30.49856623,-100.5382014,48435.0,2012.71186440678,2.631578947368421,74,76,2,0,74,76,3758,0,0,0,0,0
2020-08-30,US,Texas,Swisher,93,3,0,34.53028891,-101.73491740000001,48437.0,1257.2664593754225,3.2258064516129035,90,93,3,0,90,93,7462,0,0,0,0,0
2020-08-30,US,Texas,Tarrant,41486,552,0,32.77143818,-97.29101614,48439.0,1973.1607146679096,1.3305693486959456,40934,41272,550,0,40722,38644,2084931,214,2,0,212,2628
2020-08-30,US,Texas,Taylor,1317,34,0,32.30163422,-99.89007449,48441.0,954.1127548285208,2.5816249050873195,1283,1306,34,0,1272,1270,137640,11,0,0,11,36
2020-08-30,US,Texas,Terrell,3,0,0,30.22429013,-102.0766732,48443.0,386.59793814432993,0.0,3,3,0,0,3,3,823,0,0,0,0,0
2020-08-30,US,Texas,Terry,199,3,0,33.17402785,-102.3354521,48445.0,1613.0339628759018,1.5075376884422111,196,199,3,0,196,198,12287,0,0,0,0,1
2020-08-30,US,Texas,Throckmorton,4,2,0,33.17751417,-99.21226795,48447.0,266.4890073284477,50.0,2,4,2,0,2,4,1515,0,0,0,0,0
2020-08-30,US,Texas,Titus,1487,24,0,33.21339719,-94.96797273,48449.0,4540.458015267175,1.6139878950907869,1463,1487,23,0,1464,1487,33033,0,1,0,-1,0
2020-08-30,US,Texas,Tom Green,3217,52,0,31.40464436,-100.46244300000001,48451.0,2698.8255033557048,1.616412806963009,3165,3207,51,0,3156,3183,118189,10,1,0,9,24
2020-08-30,US,Texas,Travis,26434,380,0,30.33432034,-97.78535620000001,48453.0,2074.95718055754,1.4375425588257549,26054,26316,380,0,25936,26307,1248743,118,0,0,118,9
2020-08-30,US,Texas,Trinity,178,6,0,31.0879489,-95.1367187,48455.0,1214.9341341887925,3.3707865168539324,172,177,6,0,171,176,14740,1,0,0,1,1
2020-08-30,US,Texas,Tyler,175,3,0,30.77031716,-94.37690895,48457.0,807.4935400516797,1.7142857142857142,172,175,3,0,172,175,21696,0,0,0,0,0
2020-08-30,US,Texas,Upshur,327,6,0,32.73706798,-94.93999853,48459.0,783.1772567240677,1.834862385321101,321,324,6,0,318,323,41260,3,0,0,3,1
2020-08-30,US,Texas,Upton,19,1,0,31.36868194,-102.0423217,48461.0,519.5515449822259,5.2631578947368425,18,19,1,0,18,18,3671,0,0,0,0,1
2020-08-30,US,Texas,Uvalde,689,18,0,29.35739637,-99.76229172,48463.0,2576.567817209529,2.6124818577648767,671,689,18,0,671,682,26846,0,0,0,0,7
2020-08-30,US,Texas,Val Verde,1912,86,0,29.89149232,-101.1525205,48465.0,3900.0509943906172,4.497907949790795,1826,1912,86,0,1826,1912,49208,0,0,0,0,0
2020-08-30,US,Texas,Van Zandt,516,18,0,32.56483801,-95.83766469,48467.0,911.8218766566533,3.4883720930232562,498,516,18,0,498,515,56019,0,0,0,0,1
2020-08-30,US,Texas,Victoria,3768,75,0,28.79780988,-96.96813006,48469.0,4091.9160766256896,1.9904458598726116,3693,3768,75,0,3693,3758,92035,0,0,0,0,10
2020-08-30,US,Texas,Walker,3647,48,0,30.73872995,-95.57440968,48471.0,4997.875868495704,1.3161502604880724,3599,3627,48,0,3579,3443,72480,20,0,0,20,184
2020-08-30,US,Texas,Waller,668,8,0,30.01058447,-95.99011759,48473.0,1209.1373131086416,1.1976047904191616,660,661,8,0,653,640,53126,7,0,0,7,21
2020-08-30,US,Texas,Ward,106,1,0,31.50999644,-103.09279090000001,48475.0,883.4805800966827,0.9433962264150944,105,106,1,0,105,106,11720,0,0,0,0,0
2020-08-30,US,Texas,Washington,564,45,0,30.21498498,-96.40946246,48477.0,1571.8187392007135,7.978723404255319,519,564,45,0,519,560,35108,0,0,0,0,4
2020-08-30,US,Texas,Webb,10814,243,0,27.7610369,-99.33237355,48479.0,3908.881916631725,2.247087109302756,10571,10733,242,0,10491,10482,275910,81,1,0,80,251
2020-08-30,US,Texas,Wharton,1198,43,0,29.27765923,-96.22319248,48481.0,2882.8568678409856,3.5893155258764606,1155,1188,42,0,1146,1169,41619,10,1,0,9,19
2020-08-30,US,Texas,Wheeler,42,0,0,35.40114335,-100.26995140000001,48483.0,830.6962025316458,0.0,42,42,0,0,42,42,5191,0,0,0,0,0
2020-08-30,US,Texas,Wichita,1295,14,0,33.98842886,-98.70410340000001,48485.0,979.3541556379035,1.0810810810810811,1281,1295,14,0,1281,1276,132064,0,0,0,0,19
2020-08-30,US,Texas,Wilbarger,103,2,0,34.07945812,-99.24178437,48487.0,806.6410838750097,1.9417475728155342,101,103,2,0,101,103,12820,0,0,0,0,0
2020-08-30,US,Texas,Willacy,864,42,0,26.47411727,-97.61535848,48489.0,4045.3225957486657,4.861111111111111,822,834,42,0,792,834,21515,30,0,0,30,0
2020-08-30,US,Texas,Williamson,7893,123,0,30.64655664,-97.60048540000001,48491.0,1336.5484098748454,1.5583428354237931,7770,7893,123,0,7770,7893,566719,0,0,0,0,0
2020-08-30,US,Texas,Wilson,539,25,0,29.1732598,-98.08693082,48493.0,1055.4141374583903,4.638218923933209,514,539,25,0,514,538,50224,0,0,0,0,1
2020-08-30,US,Texas,Winkler,93,1,0,31.85008651,-103.04851629999999,48495.0,1161.0486891385767,1.075268817204301,92,93,1,0,92,91,7720,0,0,0,0,2
2020-08-30,US,Texas,Wise,646,12,0,33.21570665,-97.65460265,48497.0,923.0681298582532,1.8575851393188851,634,646,12,0,634,643,68305,0,0,0,0,3
2020-08-30,US,Texas,Wood,398,15,0,32.78722382,-95.38236368,48499.0,873.9761523090099,3.768844221105528,383,398,15,0,383,395,45129,0,0,0,0,3
2020-08-30,US,Texas,Yoakum,145,4,0,33.17320212,-102.82764329999999,48501.0,1664.179960977849,2.7586206896551726,141,145,4,0,141,142,8591,0,0,0,0,3
2020-08-30,US,Texas,Young,244,6,0,33.17659707,-98.68790885,48503.0,1354.8028872848415,2.459016393442623,238,244,6,0,238,243,18045,0,0,0,0,1
2020-08-30,US,Texas,Zapata,272,4,0,27.00156391,-99.16987152,48505.0,1918.329924536286,1.4705882352941178,268,272,4,0,268,263,14190,0,0,0,0,9
2020-08-30,US,Texas,Zavala,261,10,0,28.86617238,-99.76050829,48507.0,2204.391891891892,3.8314176245210727,251,261,10,0,251,261,11983,0,0,0,0,0
2020-08-30,US,Utah,Bear River,2568,11,0,41.52106798,-113.08328159999999,0.0,1374.5998779560855,0.4283489096573209,2557,2550,11,0,2539,2536,,18,0,0,18,14
2020-08-30,US,Utah,Central Utah,510,3,0,39.37231946,-111.5758676,0.0,622.3003148107475,0.5882352941176471,507,506,3,0,503,503,,4,0,0,4,3
2020-08-30,US,Utah,Davis,3870,23,0,40.99001837,-112.1139997,49011.0,1088.665779605661,0.5943152454780362,3847,3841,23,0,3818,3792,351713,29,0,0,29,49
2020-08-30,US,Utah,Salt Lake,23862,230,0,40.66616532,-111.92160109999999,49035.0,2056.294309816044,0.9638756181376248,23632,23708,230,0,23478,23531,1152633,154,0,0,154,177
2020-08-30,US,Utah,San Juan,666,28,0,37.62762978,-109.80337140000002,49037.0,4350.666318264959,4.2042042042042045,638,664,28,0,636,663,15449,2,0,0,2,1
2020-08-30,US,Utah,Southeast Utah,142,1,0,38.99617072,-110.70139579999999,0.0,352.979194113699,0.7042253521126759,141,141,1,0,140,139,,1,0,0,1,2
2020-08-30,US,Utah,Southwest Utah,3583,27,0,37.85447192,-111.4418764,0.0,1421.5884654144945,0.7535584705554005,3556,3565,27,0,3538,3541,,18,0,0,18,24
2020-08-30,US,Utah,Summit,841,1,0,40.86688146,-110.9535882,49043.0,1995.491754656543,0.11890606420927467,840,839,1,0,838,837,41933,2,0,0,2,2
2020-08-30,US,Utah,Tooele,689,0,0,40.44862644,-113.12957150000001,49045.0,953.514441107682,0.0,689,675,0,0,675,676,69907,14,0,0,14,-1
2020-08-30,US,Utah,TriCounty,207,1,0,40.12491499,-109.5174415,0.0,365.5822825050333,0.4830917874396135,206,204,1,0,203,204,,3,0,0,3,0
2020-08-30,US,Utah,Utah,10947,46,0,40.116672200000004,-111.66576620000001,49049.0,1720.5906622552984,0.42020644925550377,10901,10774,46,0,10728,10626,622213,173,0,0,173,148
2020-08-30,US,Utah,Wasatch,633,7,0,40.33110236,-111.1691419,49051.0,1856.795048546537,1.1058451816745656,626,629,7,0,622,627,33240,4,0,0,4,2
2020-08-30,US,Utah,Weber-Morgan,3336,29,0,41.27116049,-111.9145117,0.0,1224.952907610791,0.8693045563549161,3307,3310,29,0,3281,3273,,26,0,0,26,37
2020-08-30,US,Vermont,Addison,81,2,0,44.03217337,-73.14130877,50001.0,220.24634962068683,2.469135802469136,79,81,2,0,79,79,36973,0,0,0,0,2
2020-08-30,US,Vermont,Bennington,102,1,0,43.03519828,-73.09048868,50003.0,287.56695799266987,0.9803921568627452,101,100,1,0,99,100,35631,2,0,0,2,0
2020-08-30,US,Vermont,Caledonia,34,0,0,44.46548598,-72.10314651,50005.0,113.35978394958825,0.0,34,33,0,0,33,32,30302,1,0,0,1,1
2020-08-30,US,Vermont,Chittenden,789,39,0,44.46322849,-73.08359212,50007.0,481.7614517566892,4.942965779467682,750,787,39,0,748,779,164572,2,0,0,2,8
2020-08-30,US,Vermont,Essex,6,0,0,44.72736416,-71.73579864,50009.0,97.35518416355671,0.0,6,6,0,0,6,6,6250,0,0,0,0,0
2020-08-30,US,Vermont,Franklin,122,7,0,44.85627605,-72.91249563,50011.0,246.9535646330108,5.737704918032787,115,122,7,0,115,122,49421,0,0,0,0,0
2020-08-30,US,Vermont,Grand Isle,13,0,0,44.797582399999996,-73.29679772,50013.0,179.68210089841045,0.0,13,13,0,0,13,13,7090,0,0,0,0,0
2020-08-30,US,Vermont,Lamoille,45,1,0,44.60353043,-72.64356694,50015.0,177.43080198722495,2.2222222222222223,44,45,1,0,44,45,25300,0,0,0,0,0
2020-08-30,US,Vermont,Orange,20,0,0,44.00470222,-72.37640104,50017.0,69.22331441229406,0.0,20,20,0,0,20,20,28999,0,0,0,0,0
2020-08-30,US,Vermont,Orleans,15,0,0,44.82964024,-72.24562697,50019.0,55.479528054148034,0.0,15,15,0,0,15,15,26907,0,0,0,0,0
2020-08-30,US,Vermont,Rutland,117,1,0,43.57723578,-73.03741676,50021.0,201.0620198999845,0.8547008547008547,116,112,1,0,111,111,58672,5,0,0,5,1
2020-08-30,US,Vermont,Unassigned,8,0,0,0.0,0.0,90050.0,0.0,0.0,8,8,0,0,8,8,,0,0,0,0,0
2020-08-30,US,Vermont,Washington,62,2,0,44.27343241,-72.61604978,50023.0,106.14802513311304,3.2258064516129035,60,62,2,0,60,62,58140,0,0,0,0,0
2020-08-30,US,Vermont,Windham,123,3,0,42.986982,-72.71268875,50025.0,291.3173227227512,2.4390243902439024,120,123,3,0,120,120,42756,0,0,0,0,3
2020-08-30,US,Vermont,Windsor,79,2,0,43.58010937,-72.58595157,50027.0,143.47462860048668,2.5316455696202533,77,78,2,0,76,77,55286,1,0,0,1,1
2020-08-30,US,Virginia,Accomack,1143,19,0,37.76707161,-75.63234615,51001.0,3536.9476420349047,1.6622922134733158,1124,1143,19,0,1124,1141,32412,0,0,0,0,2
2020-08-30,US,Virginia,Albemarle,1027,18,0,38.02080697,-78.55481085,51003.0,939.35790725327,1.7526777020447906,1009,1022,18,0,1004,1002,108718,5,0,0,5,20
2020-08-30,US,Virginia,Alexandria,3369,62,0,38.814003,-77.08183073,51510.0,2113.1796171312444,1.8403086969427132,3307,3358,62,0,3296,3352,160530,11,0,0,11,6
2020-08-30,US,Virginia,Alleghany,64,4,0,37.78636074,-80.00222498,51005.0,430.6864064602961,6.25,60,64,4,0,60,64,14910,0,0,0,0,0
2020-08-30,US,Virginia,Amelia,98,3,0,37.34081025,-77.98584649,51007.0,745.5306200076076,3.0612244897959178,95,98,3,0,95,98,13013,0,0,0,0,0
2020-08-30,US,Virginia,Amherst,286,1,0,37.60308293,-79.14548696,51009.0,904.9201075779147,0.34965034965034963,285,282,1,0,281,277,31666,4,0,0,4,5
2020-08-30,US,Virginia,Appomattox,166,1,0,37.37569884,-78.81340003,51011.0,1043.3033750235686,0.6024096385542169,165,163,1,0,162,157,15841,3,0,0,3,6
2020-08-30,US,Virginia,Arlington,3540,137,0,38.8767675,-77.10139853,51013.0,1494.667330963258,3.870056497175141,3403,3513,137,0,3376,3492,237521,27,0,0,27,21
2020-08-30,US,Virginia,Augusta,363,4,0,38.16404586,-79.12461614,51015.0,480.4256332883349,1.1019283746556474,359,361,4,0,357,354,75457,2,0,0,2,7
2020-08-30,US,Virginia,Bath,4,0,0,38.05852573,-79.73912095,51017.0,96.45526886906195,0.0,4,4,0,0,4,4,4292,0,0,0,0,0
2020-08-30,US,Virginia,Bedford,537,8,0,37.3080028,-79.5281964,51019.0,679.7726495942884,1.48975791433892,529,533,8,0,525,526,78747,4,0,0,4,7
2020-08-30,US,Virginia,Bland,47,0,0,37.13128068,-81.13599391,51021.0,748.4076433121019,0.0,47,46,0,0,46,42,6293,1,0,0,1,4
2020-08-30,US,Virginia,Botetourt,248,8,0,37.55531756,-79.80982182,51023.0,742.0928214488762,3.2258064516129035,240,246,8,0,238,247,33277,2,0,0,2,-1
2020-08-30,US,Virginia,Bristol,121,2,0,36.616302399999995,-82.16359122,51520.0,721.8708984608043,1.6528925619834711,119,118,2,0,116,115,16482,3,0,0,3,3
2020-08-30,US,Virginia,Brunswick,285,2,0,36.76366949,-77.8593436,51025.0,1755.8992052245706,0.7017543859649122,283,283,2,0,281,281,16384,2,0,0,2,2
2020-08-30,US,Virginia,Buchanan,97,1,0,37.26818323,-82.03749726,51027.0,461.8167968006094,1.0309278350515465,96,97,1,0,96,97,21221,0,0,0,0,0
2020-08-30,US,Virginia,Buckingham,644,8,0,37.57242268,-78.52518834,51029.0,3755.5400046652667,1.2422360248447204,636,644,8,0,636,644,16999,0,0,0,0,0
2020-08-30,US,Virginia,Buena Vista,73,1,0,37.73484642,-79.35296097,51530.0,1126.8910157456005,1.3698630136986298,72,72,1,0,71,72,6237,1,0,0,1,0
2020-08-30,US,Virginia,Campbell,317,3,0,37.20553386,-79.09678609,51031.0,577.5712854149585,0.946372239747634,314,312,3,0,309,310,54973,5,0,0,5,2
2020-08-30,US,Virginia,Caroline,261,5,0,38.02679129,-77.34901405,51033.0,849.4711147274206,1.9157088122605364,256,259,5,0,254,256,30772,2,0,0,2,3
2020-08-30,US,Virginia,Carroll,395,19,0,36.73066666,-80.73455942,51035.0,1325.9037964485922,4.810126582278482,376,394,19,0,375,388,29636,1,0,0,1,6
2020-08-30,US,Virginia,Charles City,70,5,0,37.35358063,-77.05634116,51036.0,1005.3138015223323,7.142857142857142,65,70,5,0,65,66,6941,0,0,0,0,4
2020-08-30,US,Virginia,Charlotte,69,0,0,37.01909701,-78.66314092,51037.0,580.8080808080807,0.0,69,69,0,0,69,67,11938,0,0,0,0,2
2020-08-30,US,Virginia,Charlottesville,674,18,0,38.03527919,-78.48569588,51540.0,1425.9721575762705,2.6706231454005933,656,648,18,0,630,623,48117,26,0,0,26,25
2020-08-30,US,Virginia,Chesapeake,3778,47,0,36.67670048,-76.30545744,51550.0,1543.0800334919434,1.2440444679724725,3731,3736,47,0,3689,3685,242634,42,0,0,42,51
2020-08-30,US,Virginia,Chesterfield,5027,82,0,37.37373208,-77.58680140000001,51041.0,1424.8785437724273,1.6311915655460514,4945,5013,82,0,4931,4974,348556,14,0,0,14,39
2020-08-30,US,Virginia,Clarke,80,0,0,39.11271747,-77.99199425,51043.0,547.2330528763937,0.0,80,79,0,0,79,78,14523,1,0,0,1,1
2020-08-30,US,Virginia,Colonial Heights,219,22,0,37.26420587,-77.39609676,51570.0,1260.7944732297067,10.04566210045662,197,217,22,0,195,219,17833,2,0,0,2,-2
2020-08-30,US,Virginia,Covington,23,0,0,37.7824656,-79.98631446,51580.0,415.3123871433731,0.0,23,23,0,0,23,23,5460,0,0,0,0,0
2020-08-30,US,Virginia,Craig,21,0,0,37.48133648,-80.21072274,51045.0,409.2769440654843,0.0,21,21,0,0,21,21,5064,0,0,0,0,0
2020-08-30,US,Virginia,Culpeper,1113,13,0,38.48199985,-77.95630870000002,51047.0,2115.7684630738518,1.1680143755615453,1100,1111,13,0,1098,1104,51859,2,0,0,2,7
2020-08-30,US,Virginia,Cumberland,97,0,0,37.51328851,-78.24398086,51049.0,976.6411598872332,0.0,97,97,0,0,97,96,9809,0,0,0,0,1
2020-08-30,US,Virginia,Danville,604,14,0,36.58022376,-79.40395668,51590.0,1508.3408250923983,2.3178807947019866,590,595,14,0,581,582,40693,9,0,0,9,13
2020-08-30,US,Virginia,Dickenson,65,1,0,37.12560977,-82.35124171,51051.0,453.97401871769796,1.5384615384615383,64,64,1,0,63,63,14523,1,0,0,1,1
2020-08-30,US,Virginia,Dinwiddie,286,8,0,37.07544585,-77.63451754,51053.0,1001.9618834080718,2.797202797202797,278,283,8,0,275,281,28529,3,0,0,3,2
2020-08-30,US,Virginia,Emporia,230,16,0,36.69455571,-77.53406129,51595.0,4302.282080059857,6.956521739130435,214,221,16,0,205,219,5121,9,0,0,9,2
2020-08-30,US,Virginia,Essex,122,2,0,37.93357639,-76.94230311,51057.0,1113.8500867342282,1.639344262295082,120,121,2,0,119,116,10919,1,0,0,1,5
2020-08-30,US,Virginia,Fairfax,18310,555,0,38.83677558,-77.27565836,51059.0,1595.5982055402374,3.0311305297651563,17755,18192,555,0,17637,18084,1150795,118,0,0,118,108
2020-08-30,US,Virginia,Fairfax,18310,555,0,38.83677558,-77.27565836,51059.0,1595.5982055402374,3.0311305297651563,17755,18192,555,0,17637,18084,24574,118,0,0,118,108
2020-08-30,US,Virginia,Fairfax City,120,7,0,38.85157547,-77.29779640000002,51600.0,499.6044797868354,5.833333333333332,113,120,7,0,113,110,24574,0,0,0,0,10
2020-08-30,US,Virginia,Falls Church,66,7,0,38.88485255,-77.17560759,51610.0,451.5290415269892,10.606060606060606,59,66,7,0,59,66,14772,0,0,0,0,0
2020-08-30,US,Virginia,Fauquier,756,9,0,38.73564842,-77.80647472,51061.0,1061.4697705765072,1.1904761904761905,747,748,9,0,739,742,70675,8,0,0,8,6
2020-08-30,US,Virginia,Floyd,153,2,0,36.9302126,-80.36738849,51063.0,971.4902533494188,1.30718954248366,151,148,2,0,146,140,15795,5,0,0,5,8
2020-08-30,US,Virginia,Fluvanna,225,9,0,37.84157909,-78.27715475,51065.0,825.0825082508252,4.0,216,223,9,0,214,222,26783,2,0,0,2,1
2020-08-30,US,Virginia,Franklin,194,1,0,36.99536167,-79.88023649,51067.0,346.1689447200313,0.5154639175257731,193,194,1,0,193,194,56195,0,0,0,0,0
2020-08-30,US,Virginia,Franklin,194,1,0,36.99536167,-79.88023649,51067.0,346.1689447200313,0.5154639175257731,193,194,1,0,193,194,8013,0,0,0,0,0
2020-08-30,US,Virginia,Franklin City,298,6,0,36.6831435,-76.93859681,51620.0,3740.42927074181,2.0134228187919465,292,294,6,0,288,283,8013,4,0,0,4,11
2020-08-30,US,Virginia,Frederick,763,10,0,39.20172582,-78.25974949,51069.0,854.2989262481384,1.3106159895150722,753,762,10,0,752,757,88355,1,0,0,1,5
2020-08-30,US,Virginia,Fredericksburg,479,5,0,38.2977863,-77.4922454,51630.0,1649.6762639482022,1.0438413361169103,474,476,5,0,471,472,29144,3,0,0,3,4
2020-08-30,US,Virginia,Galax,396,28,0,36.66601852,-80.91703124,51640.0,6239.168110918544,7.070707070707071,368,396,28,0,368,394,6423,0,0,0,0,2
2020-08-30,US,Virginia,Giles,41,0,0,37.31234791,-80.70636931,51071.0,245.2153110047847,0.0,41,41,0,0,41,37,16844,0,0,0,0,4
2020-08-30,US,Virginia,Gloucester,201,2,0,37.40809042,-76.53524337,51073.0,538.1814287244297,0.9950248756218906,199,201,2,0,199,200,37349,0,0,0,0,1
2020-08-30,US,Virginia,Goochland,219,7,0,37.71714806,-77.90381514,51075.0,921.988801414558,3.1963470319634704,212,217,7,0,210,214,23244,2,0,0,2,3
2020-08-30,US,Virginia,Grayson,190,6,0,36.65677234,-81.23215889,51077.0,1221.8649517684887,3.1578947368421053,184,189,6,0,183,184,15631,1,0,0,1,5
2020-08-30,US,Virginia,Greene,199,3,0,38.29545894,-78.46525378,51079.0,1004.0869872344721,1.5075376884422111,196,199,3,0,196,199,19779,0,0,0,0,0
2020-08-30,US,Virginia,Greensville,706,11,0,36.67878901,-77.56351439,51081.0,6227.9463655610425,1.5580736543909348,695,704,11,0,693,668,11627,2,0,0,2,36
2020-08-30,US,Virginia,Halifax,205,2,0,36.76654925,-78.93512622,51083.0,604.5236059095869,0.975609756097561,203,204,2,0,202,202,34120,1,0,0,1,2
2020-08-30,US,Virginia,Hampton,1542,16,0,37.03513786,-76.35879121,51650.0,1146.3831685376551,1.0376134889753568,1526,1529,16,0,1513,1519,134313,13,0,0,13,10
2020-08-30,US,Virginia,Hanover,787,35,0,37.7583355,-77.49464673,51085.0,730.2859900154037,4.447268106734434,752,779,35,0,744,768,107239,8,0,0,8,11
2020-08-30,US,Virginia,Harrisonburg,1285,32,0,38.43542574,-78.87536254,51660.0,2423.796589708767,2.490272373540856,1253,1240,32,0,1208,1203,54033,45,0,0,45,37
2020-08-30,US,Virginia,Henrico,4579,192,0,37.53460572,-77.39326555,51087.0,1384.1447563312759,4.19305525223848,4387,4553,192,0,4361,4510,329261,26,0,0,26,43
2020-08-30,US,Virginia,Henry,844,16,0,36.68542395,-79.87634026,51089.0,1669.4028522262,1.895734597156398,828,835,16,0,819,809,50953,9,0,0,9,26
2020-08-30,US,Virginia,Highland,6,0,0,38.35799465,-79.56124594,51091.0,273.97260273972597,0.0,6,6,0,0,6,6,2210,0,0,0,0,0
2020-08-30,US,Virginia,Hopewell,348,4,0,37.29186313,-77.29754684,51670.0,1544.6757512539389,1.1494252873563218,344,342,4,0,338,338,22596,6,0,0,6,4
2020-08-30,US,Virginia,Isle of Wight,546,11,0,36.90579348,-76.70842863,51093.0,1471.3411840793335,2.0146520146520146,535,538,11,0,527,519,36953,8,0,0,8,19
2020-08-30,US,Virginia,James City,735,18,0,37.31156958,-76.76950618,51095.0,960.4955372894425,2.4489795918367347,717,734,18,0,716,726,76397,1,0,0,1,8
2020-08-30,US,Virginia,King George,201,4,0,38.26818502,-77.15852768,51099.0,748.9938888060814,1.9900497512437807,197,201,4,0,197,202,26575,0,0,0,0,-1
2020-08-30,US,Virginia,King William,114,2,0,37.70965316,-77.09384941,51101.0,664.8005598320502,1.7543859649122806,112,113,2,0,111,111,16939,1,0,0,1,2
2020-08-30,US,Virginia,King and Queen,49,1,0,37.71044922,-76.88689628,51097.0,697.508896797153,2.0408163265306123,48,49,1,0,48,49,7042,0,0,0,0,0
2020-08-30,US,Virginia,Lancaster,69,0,0,37.71889653,-76.46400482,51103.0,650.7592190889371,0.0,69,68,0,0,68,66,10783,1,0,0,1,2
2020-08-30,US,Virginia,Lee,194,3,0,36.70586667,-83.12606515,51105.0,828.2457413653245,1.5463917525773196,191,189,3,0,186,183,23541,5,0,0,5,6
2020-08-30,US,Virginia,Lexington,43,0,0,37.78258621,-79.44262866,51678.0,577.491270480795,0.0,43,42,0,0,42,42,7136,1,0,0,1,0
2020-08-30,US,Virginia,Loudoun,5945,118,0,39.08990083,-77.63481877,51107.0,1437.5946104106515,1.984861227922624,5827,5924,118,0,5806,5878,406850,21,0,0,21,46
2020-08-30,US,Virginia,Louisa,248,2,0,37.97850256,-77.96274807,51109.0,659.7323827511905,0.8064516129032258,246,248,2,0,246,243,36778,0,0,0,0,5
2020-08-30,US,Virginia,Lunenburg,93,2,0,36.94618528,-78.24133319,51111.0,762.5450967530337,2.150537634408602,91,93,2,0,91,93,12086,0,0,0,0,0
2020-08-30,US,Virginia,Lynchburg,980,5,0,37.40021399,-79.19888138,51680.0,1192.6784149547268,0.5102040816326531,975,968,5,0,963,936,82126,12,0,0,12,32
2020-08-30,US,Virginia,Madison,91,2,0,38.41531222,-78.28220331,51113.0,686.2227584646707,2.1978021978021984,89,89,2,0,87,87,13295,2,0,0,2,2
2020-08-30,US,Virginia,Manassas,1795,23,0,38.7464321,-77.48509905,51683.0,4368.991115979068,1.2813370473537604,1772,1790,23,0,1767,1782,41641,5,0,0,5,8
2020-08-30,US,Virginia,Manassas Park,562,7,0,38.77058531,-77.44399307,51685.0,3215.470877674791,1.2455516014234875,555,561,7,0,554,558,17307,1,0,0,1,3
2020-08-30,US,Virginia,Martinsville,326,6,0,36.68212094,-79.86352771,51690.0,2596.7819021825712,1.8404907975460123,320,325,6,0,319,316,12902,1,0,0,1,9
2020-08-30,US,Virginia,Mathews,23,0,0,37.44164146,-76.34098896,51115.0,260.3577088521621,0.0,23,23,0,0,23,23,8802,0,0,0,0,0
2020-08-30,US,Virginia,Mecklenburg,506,33,0,36.67882005,-78.36131056,51117.0,1654.2975774021645,6.521739130434782,473,506,33,0,473,501,30650,0,0,0,0,5
2020-08-30,US,Virginia,Middlesex,55,1,0,37.63191998,-76.55064617,51119.0,519.7505197505197,1.818181818181818,54,55,1,0,54,55,10769,0,0,0,0,0
2020-08-30,US,Virginia,Montgomery,477,4,0,37.17746986,-80.37868691,51121.0,484.0919470239002,0.8385744234800838,473,449,4,0,445,427,98985,28,0,0,28,22
2020-08-30,US,Virginia,Nelson,85,0,0,37.78790447,-78.88498513,51125.0,569.3235097119892,0.0,85,84,0,0,84,83,14836,1,0,0,1,1
2020-08-30,US,Virginia,New Kent,150,1,0,37.50694406,-76.99828634,51127.0,649.6037417175522,0.6666666666666666,149,150,1,0,149,147,22391,0,0,0,0,3
2020-08-30,US,Virginia,Newport News,2300,24,0,37.08166899,-76.51754109,51700.0,1283.3031106151484,1.0434782608695652,2276,2273,24,0,2249,2216,178626,27,0,0,27,57
2020-08-30,US,Virginia,Norfolk,4361,52,0,36.89934014,-76.26420872,51710.0,1796.5576620444751,1.1923870671864252,4309,4334,52,0,4282,4328,244076,27,0,0,27,6
2020-08-30,US,Virginia,Northampton,304,29,0,37.34062933,-75.87751591,51131.0,2596.071733561059,9.539473684210526,275,304,29,0,275,303,11735,0,0,0,0,1
2020-08-30,US,Virginia,Northumberland,88,4,0,37.89202088,-76.41949732,51133.0,727.5733774286896,4.545454545454546,84,87,4,0,83,86,12147,1,0,0,1,1
2020-08-30,US,Virginia,Norton,26,0,0,36.93357076,-82.62750411,51720.0,653.1022356191911,0.0,26,26,0,0,26,26,3968,0,0,0,0,0
2020-08-30,US,Virginia,Nottoway,198,14,0,37.1435975,-78.05065922,51135.0,1299.8949579831933,7.070707070707071,184,198,14,0,184,194,15420,0,0,0,0,4
2020-08-30,US,Virginia,Orange,262,4,0,38.24530219,-78.01560400000002,51137.0,707.1334107041645,1.5267175572519085,258,260,4,0,256,257,36644,2,0,0,2,3
2020-08-30,US,Virginia,Page,360,25,0,38.61807452,-78.48797204,51139.0,1506.1501129612586,6.9444444444444455,335,360,25,0,335,360,23933,0,0,0,0,0
2020-08-30,US,Virginia,Patrick,224,11,0,36.680163799999995,-80.2865648,51141.0,1272.1490231712858,4.910714285714286,213,223,11,0,212,217,17673,1,0,0,1,6
2020-08-30,US,Virginia,Petersburg,627,20,0,37.20530399,-77.39368102,51730.0,2000.25521597652,3.1897926634768736,607,621,20,0,601,614,31567,6,0,0,6,7
2020-08-30,US,Virginia,Pittsylvania,768,4,0,36.81980341,-79.39731264,51143.0,1272.4922954568049,0.5208333333333334,764,723,4,0,719,714,60949,45,0,0,45,9
2020-08-30,US,Virginia,Poquoson,67,0,0,37.14259351,-76.35798148,51735.0,546.0027707603292,0.0,67,64,0,0,64,63,12190,3,0,0,3,1
2020-08-30,US,Virginia,Portsmouth,2213,34,0,36.85914825,-76.35971629,51740.0,2344.329329011208,1.5363759602349751,2179,2198,34,0,2164,2186,94632,15,0,0,15,12
2020-08-30,US,Virginia,Powhatan,187,4,0,37.55016038,-77.91267882,51145.0,630.6488601106165,2.1390374331550803,183,187,4,0,183,185,29189,0,0,0,0,2
2020-08-30,US,Virginia,Prince Edward,488,11,0,37.22554789,-78.43597949,51147.0,2140.1631435838963,2.2540983606557377,477,488,11,0,477,478,22950,0,0,0,0,10
2020-08-30,US,Virginia,Prince George,529,2,0,37.18497668,-77.22922187,51149.0,1379.292363048523,0.3780718336483932,527,519,2,0,517,506,38082,10,0,0,10,13
2020-08-30,US,Virginia,Prince William,10767,184,0,38.70916224,-77.48713689,51153.0,2289.219386182189,1.7089254202656263,10583,10722,184,0,10538,10648,468011,45,0,0,45,74
2020-08-30,US,Virginia,Pulaski,132,3,0,37.06474963,-80.71229738,51155.0,387.9272342551503,2.272727272727273,129,130,3,0,127,126,34066,2,0,0,2,4
2020-08-30,US,Virginia,Radford,384,0,0,37.12222899,-80.56027320000003,51750.0,2104.224889035016,0.0,384,334,0,0,334,282,18339,50,0,0,50,52
2020-08-30,US,Virginia,Rappahannock,53,2,0,38.68295619,-78.15826963,51157.0,719.1316146540026,3.7735849056603774,51,53,2,0,51,53,7252,0,0,0,0,0
2020-08-30,US,Virginia,Richmond,332,5,0,37.937575,-76.72920628,51159.0,3679.485758616868,1.5060240963855422,327,328,5,0,323,326,9038,4,0,0,4,2
2020-08-30,US,Virginia,Richmond City,3879,47,0,37.53255773,-77.47966921,51760.0,1683.3307295735046,1.211652487754576,3832,3831,47,0,3784,3795,228783,48,0,0,48,36
2020-08-30,US,Virginia,Roanoke,590,4,0,37.26865804,-80.06396753,51161.0,626.4200624296602,0.6779661016949152,586,589,4,0,585,598,94073,1,0,0,1,-9
2020-08-30,US,Virginia,Roanoke City,1189,15,0,37.27791025,-79.96189766,51770.0,1199.2778108388893,1.2615643397813288,1174,1186,15,0,1171,1179,99920,3,0,0,3,7
2020-08-30,US,Virginia,Rockbridge,85,1,0,37.81204314,-79.44605905,51163.0,376.5560625526071,1.1764705882352942,84,84,1,0,83,84,22752,1,0,0,1,0
2020-08-30,US,Virginia,Rockingham,1050,20,0,38.51006137,-78.87260325,51165.0,1281.3003367989454,1.9047619047619049,1030,1044,20,0,1024,1032,81244,6,0,0,6,12
2020-08-30,US,Virginia,Russell,179,4,0,36.93028320000001,-82.10095486,51167.0,673.2866922440382,2.23463687150838,175,179,4,0,175,177,26748,0,0,0,0,2
2020-08-30,US,Virginia,Salem,210,3,0,37.2836193,-80.06219455,51775.0,830.0067191020117,1.4285714285714286,207,209,3,0,206,208,25643,1,0,0,1,1
2020-08-30,US,Virginia,Scott,151,4,0,36.71466456,-82.60171704,51169.0,700.1762032829454,2.6490066225165565,147,150,4,0,146,148,21534,1,0,0,1,2
2020-08-30,US,Virginia,Shenandoah,766,48,0,38.85905135,-78.56813762,51171.0,1756.2362435803375,6.266318537859008,718,765,48,0,717,764,43497,1,0,0,1,1
2020-08-30,US,Virginia,Smyth,268,3,0,36.84455636,-81.53344948,51173.0,890.2471432367792,1.1194029850746268,265,260,3,0,257,253,30472,8,0,0,8,7
2020-08-30,US,Virginia,Southampton,344,13,0,36.72231125,-77.10642712,51175.0,1951.108842379899,3.779069767441861,331,342,13,0,329,338,17586,2,0,0,2,4
2020-08-30,US,Virginia,Spotsylvania,1793,38,0,38.18574462,-77.655399,51177.0,1316.3014352310686,2.1193530395984386,1755,1781,38,0,1743,1769,134238,12,0,0,12,12
2020-08-30,US,Virginia,Stafford,1691,10,0,38.41758738,-77.45917053,51179.0,1106.0818147329312,0.5913660555884093,1681,1681,10,0,1671,1660,149960,10,0,0,10,21
2020-08-30,US,Virginia,Staunton,170,0,0,38.15965544,-79.05979937,51790.0,681.8546446334028,0.0,170,170,0,0,170,170,24922,0,0,0,0,0
2020-08-30,US,Virginia,Suffolk,1631,60,0,36.70155394,-76.63603554,51800.0,1770.7473835063183,3.6787247087676267,1571,1620,60,0,1560,1603,91185,11,0,0,11,17
2020-08-30,US,Virginia,Surry,66,3,0,37.11781893,-76.88450012,51181.0,1027.717222049206,4.545454545454546,63,65,3,0,62,63,6474,1,0,0,1,2
2020-08-30,US,Virginia,Sussex,337,9,0,36.92432914,-77.25791182,51183.0,3019.9838695223584,2.6706231454005933,328,335,9,0,326,334,11237,2,0,0,2,1
2020-08-30,US,Virginia,Tazewell,189,1,0,37.12191123,-81.56685568,51185.0,465.57457815001845,0.5291005291005291,188,188,1,0,187,186,40855,1,0,0,1,2
2020-08-30,US,Virginia,Virginia Beach,5985,68,0,36.73285734,-76.04566934,51810.0,1330.0768488846022,1.136173767752715,5917,5948,67,0,5881,5906,450189,37,1,0,36,42
2020-08-30,US,Virginia,Warren,391,6,0,38.90847745,-78.20280433,51187.0,973.5086146798128,1.5345268542199488,385,389,6,0,383,389,40003,2,0,0,2,0
2020-08-30,US,Virginia,Washington,362,9,0,36.72341572,-81.95666289,51191.0,673.6136955712692,2.4861878453038675,353,357,9,0,348,345,54402,5,0,0,5,12
2020-08-30,US,Virginia,Waynesboro,215,3,0,38.06451466,-78.90293905,51820.0,950.0662836942113,1.3953488372093024,212,214,3,0,211,213,22628,1,0,0,1,1
2020-08-30,US,Virginia,Westmoreland,223,3,0,38.11021557,-76.80213247,51193.0,1237.857341104635,1.345291479820628,220,223,3,0,220,223,17830,0,0,0,0,0
2020-08-30,US,Virginia,Williamsburg,154,6,0,37.28131268,-76.70905141,51830.0,1029.824796041193,3.8961038961038965,148,153,6,0,147,148,14896,1,0,0,1,5
2020-08-30,US,Virginia,Winchester,438,4,0,39.17054517,-78.17325058,51840.0,1559.9401666785386,0.9132420091324199,434,436,4,0,432,431,28108,2,0,0,2,5
2020-08-30,US,Virginia,Wise,328,5,0,36.9746148,-82.62410519,51195.0,877.4041676697965,1.5243902439024388,323,321,5,0,316,317,38012,7,0,0,7,4
2020-08-30,US,Virginia,Wythe,159,3,0,36.91582035,-81.07834059,51197.0,554.3159949797797,1.8867924528301887,156,154,3,0,151,149,28754,5,0,0,5,5
2020-08-30,US,Virginia,York,454,5,0,37.24374789,-76.54412815,51199.0,664.9091974223785,1.1013215859030836,449,451,5,0,446,444,67846,3,0,0,3,7
2020-08-30,US,Washington,Adams,625,7,0,46.98299757,-118.56017340000001,53001.0,3127.6585097332727,1.12,618,620,7,0,613,619,19759,5,0,0,5,1
2020-08-30,US,Washington,Asotin,52,2,0,46.18894415,-117.2022851,53003.0,230.271897971836,3.8461538461538463,50,52,2,0,50,51,22610,0,0,0,0,1
2020-08-30,US,Washington,Benton,4153,122,0,46.23946995,-119.51208340000001,53005.0,2031.8997994031024,2.9376354442571637,4031,4144,122,0,4022,4105,201877,9,0,0,9,39
2020-08-30,US,Washington,Chelan,1728,12,0,47.87046092,-120.6173956,53007.0,2238.3419689119173,0.6944444444444444,1716,1722,12,0,1710,1729,77036,6,0,0,6,-7
2020-08-30,US,Washington,Clallam,209,1,0,48.04754642,-123.92263190000001,53009.0,270.26677529063375,0.4784688995215311,208,209,1,0,208,207,76737,0,0,0,0,2
2020-08-30,US,Washington,Clark,2173,54,0,45.77568046,-122.48292040000001,53011.0,445.0670877701791,2.485043718361712,2119,2161,54,0,2107,2141,481857,12,0,0,12,20
2020-08-30,US,Washington,Columbia,13,1,0,46.29442881,-117.9051983,53013.0,326.2233375156838,7.6923076923076925,12,13,1,0,12,13,4059,0,0,0,0,0
2020-08-30,US,Washington,Cowlitz,539,6,0,46.19074721,-122.6782231,53015.0,487.3726185201595,1.1131725417439704,533,537,6,0,531,535,108987,2,0,0,2,2
2020-08-30,US,Washington,Douglas,1152,8,0,47.7361335,-119.69293700000001,53017.0,2652.605401920376,0.6944444444444444,1144,1150,8,0,1142,1146,42907,2,0,0,2,4
2020-08-30,US,Washington,Ferry,25,0,0,48.471143100000006,-118.5154041,53019.0,327.78287662252524,0.0,25,25,0,0,25,25,7649,0,0,0,0,0
2020-08-30,US,Washington,Franklin,3930,57,0,46.53351425,-118.9018212,53021.0,4127.197496376888,1.4503816793893132,3873,3914,57,0,3857,3899,94347,16,0,0,16,15
2020-08-30,US,Washington,Garfield,4,0,0,46.43197502,-117.54540320000001,53023.0,179.77528089887642,0.0,4,4,0,0,4,4,2247,0,0,0,0,0
2020-08-30,US,Washington,Grant,2267,15,0,47.20753737,-119.4500749,53025.0,2319.5849917632736,0.6616674018526687,2252,2236,15,0,2221,2224,97331,31,0,0,31,12
2020-08-30,US,Washington,Grays Harbor,236,6,0,47.14003705,-123.7820567,53027.0,314.41094576411183,2.5423728813559316,230,222,6,0,216,222,73901,14,0,0,14,0
2020-08-30,US,Washington,Island,270,11,0,48.14713305,-122.5216407,53029.0,317.1210110287641,4.0740740740740735,259,269,11,0,258,269,84460,1,0,0,1,0
2020-08-30,US,Washington,Jefferson,69,0,0,47.75003077,-123.56097040000002,53031.0,214.1460538158344,0.0,69,69,0,0,69,69,31729,0,0,0,0,0
2020-08-30,US,Washington,King,19553,723,0,47.49137892,-121.8346131,53033.0,867.9490514395088,3.697642305528563,18830,19449,723,0,18726,19322,2233163,104,0,0,104,127
2020-08-30,US,Washington,Kitsap,988,9,0,47.63479026,-122.6436061,53035.0,363.94042869824995,0.9109311740890688,979,979,9,0,970,971,269805,9,0,0,9,8
2020-08-30,US,Washington,Kittitas,451,21,0,47.12521214,-120.67943899999999,53037.0,940.8574110775007,4.656319290465632,430,451,21,0,430,451,47364,0,0,0,0,0
2020-08-30,US,Washington,Klickitat,175,3,0,45.87325839,-120.7913598,53039.0,780.3790412486064,1.7142857142857142,172,174,3,0,171,174,22107,1,0,0,1,0
2020-08-30,US,Washington,Lewis,338,4,0,46.57756476,-122.39257690000001,53041.0,418.7988650302948,1.183431952662722,334,335,4,0,331,330,79604,3,0,0,3,5
2020-08-30,US,Washington,Lincoln,31,1,0,47.57705241,-118.41943880000001,53043.0,283.3897065545296,3.2258064516129035,30,31,1,0,30,31,10740,0,0,0,0,0
2020-08-30,US,Washington,Mason,313,1,0,47.35007586,-123.1863685,53045.0,468.78744308650846,0.3194888178913738,312,311,1,0,310,306,65507,2,0,0,2,5
2020-08-30,US,Washington,Okanogan,996,7,0,48.54855019,-119.73872240000001,53047.0,2357.787088985157,0.7028112449799196,989,993,7,0,986,980,42132,3,0,0,3,13
2020-08-30,US,Washington,Pacific,60,3,0,46.55418369,-123.7285716,53049.0,267.01081393796454,5.0,57,60,3,0,57,60,22036,0,0,0,0,0
2020-08-30,US,Washington,Pend Oreille,53,0,0,48.53234021,-117.2741804,53051.0,386.1847857767415,0.0,53,52,0,0,52,52,13602,1,0,0,1,0
2020-08-30,US,Washington,Pierce,6756,166,0,47.03892768,-122.14059579999999,53053.0,746.5358350460782,2.4570751924215517,6590,6719,166,0,6553,6678,891299,37,0,0,37,41
2020-08-30,US,Washington,San Juan,29,0,0,48.60182783,-122.96745,53055.0,164.94141735866228,0.0,29,29,0,0,29,29,17128,0,0,0,0,0
2020-08-30,US,Washington,Skagit,1017,22,0,48.48171488,-121.766131,53057.0,787.1212414380249,2.1632251720747298,995,1011,22,0,989,1003,128206,6,0,0,6,8
2020-08-30,US,Washington,Skamania,58,1,0,46.02408726,-121.91644029999999,53059.0,480.01324174459984,1.7241379310344829,57,58,1,0,57,58,11924,0,0,0,0,0
2020-08-30,US,Washington,Snohomish,6178,209,0,48.04615983,-121.7170703,53061.0,751.5056265608217,3.382971835545484,5969,6159,209,0,5950,6114,814901,19,0,0,19,45
2020-08-30,US,Washington,Spokane,5286,131,0,47.62113146,-117.4046494,53063.0,1011.0979766563761,2.4782444192205833,5155,5258,131,0,5127,5208,514631,28,0,0,28,50
2020-08-30,US,Washington,Stevens,125,1,0,48.40035475,-117.8542701,53065.0,273.3853859108107,0.8,124,125,1,0,124,124,45260,0,0,0,0,1
2020-08-30,US,Washington,Thurston,923,13,0,46.9291895,-122.82906559999999,53067.0,317.6886857394609,1.4084507042253518,910,919,13,0,906,905,286419,4,0,0,4,14
2020-08-30,US,Washington,Unassigned,281,4,0,0.0,0.0,90053.0,0.0,1.4234875444839858,277,267,4,0,263,252,,14,0,0,14,15
2020-08-30,US,Washington,Wahkiakum,6,0,0,46.29180039999999,-123.4250831,53069.0,133.6898395721925,0.0,6,6,0,0,6,6,4426,0,0,0,0,0
2020-08-30,US,Washington,Walla Walla,757,6,0,46.23040051,-118.4775539,53071.0,1245.8854509545754,0.7926023778071334,751,748,6,0,742,737,60922,9,0,0,9,11
2020-08-30,US,Washington,Whatcom,1088,39,0,48.82227976,-121.74900179999999,53073.0,474.59726844844215,3.584558823529412,1049,1081,39,0,1042,1074,225685,7,0,0,7,7
2020-08-30,US,Washington,Whitman,471,0,0,46.90022523,-117.52417630000001,53075.0,940.0447070094203,0.0,471,389,0,0,389,279,49791,82,0,0,82,110
2020-08-30,US,Washington,Yakima,10942,239,0,46.45738486,-120.73801259999999,53077.0,4361.5693996564005,2.1842441966733688,10703,10928,239,0,10689,10899,251446,14,0,0,14,29
2020-08-30,US,West Virginia,Barbour,33,1,0,39.1307219,-80.00350858,54001.0,200.717717900371,3.0303030303030303,32,33,1,0,32,33,16535,0,0,0,0,0
2020-08-30,US,West Virginia,Berkeley,798,11,0,39.46704621,-78.02414609,54003.0,669.6259996140001,1.3784461152882206,787,794,11,0,783,788,117123,4,0,0,4,6
2020-08-30,US,West Virginia,Boone,139,0,0,38.01974191,-81.69888019,54005.0,647.8072423917603,0.0,139,139,0,0,139,134,21951,0,0,0,0,5
2020-08-30,US,West Virginia,Braxton,9,0,0,38.70036159,-80.72011184,54007.0,64.48377158415133,0.0,9,9,0,0,9,9,14089,0,0,0,0,0
2020-08-30,US,West Virginia,Brooke,88,2,0,40.27367263,-80.57915332,54009.0,401.1121746661197,2.272727272727273,86,88,2,0,86,86,22203,0,0,0,0,2
2020-08-30,US,West Virginia,Cabell,530,8,0,38.42424062,-82.23855912,54011.0,576.4315623470553,1.509433962264151,522,524,8,0,516,509,93224,6,0,0,6,15
2020-08-30,US,West Virginia,Calhoun,9,0,0,38.84315422,-81.11934872,54013.0,126.60008440005626,0.0,9,9,0,0,9,9,7254,0,0,0,0,0
2020-08-30,US,West Virginia,Clay,26,2,0,38.46231092,-81.07652217,54015.0,305.594734367654,7.6923076923076925,24,20,2,0,18,20,8632,6,0,0,6,0
2020-08-30,US,West Virginia,Doddridge,6,0,0,39.27057157,-80.70671527,54017.0,71.02272727272727,0.0,6,6,0,0,6,6,8406,0,0,0,0,0
2020-08-30,US,West Virginia,Fayette,268,9,0,38.02974928,-81.08286634,54019.0,631.9860397113616,3.3582089552238807,259,247,10,0,237,235,43018,21,-1,0,22,12
2020-08-30,US,West Virginia,Gilmer,18,0,0,38.9251277,-80.85952723,54021.0,230.09075802121947,0.0,18,18,0,0,18,18,8026,0,0,0,0,0
2020-08-30,US,West Virginia,Grant,139,6,0,39.10314817,-79.19440518,54023.0,1201.5905947441215,4.316546762589929,133,140,6,0,134,140,11626,-1,0,0,-1,0
2020-08-30,US,West Virginia,Greenbrier,106,3,0,37.9463652,-80.45335881,54025.0,305.8103975535168,2.830188679245283,103,106,3,0,103,103,34786,0,0,0,0,3
2020-08-30,US,West Virginia,Hampshire,92,1,0,39.32103553,-78.60826476,54027.0,396.97950377562034,1.0869565217391304,91,91,1,0,90,91,23347,1,0,0,1,0
2020-08-30,US,West Virginia,Hancock,122,0,0,40.51943859,-80.57461608,54029.0,423.46407497396734,0.0,122,121,0,0,121,118,29094,1,0,0,1,3
2020-08-30,US,West Virginia,Hardy,73,0,0,39.00683177,-78.85855301,54031.0,529.9070847851335,0.0,73,72,0,0,72,71,13775,1,0,0,1,1
2020-08-30,US,West Virginia,Harrison,265,1,0,39.2853852,-80.37919577,54033.0,394.0168906863328,0.37735849056603776,264,263,1,0,262,262,67554,2,0,0,2,1
2020-08-30,US,West Virginia,Jackson,201,19,0,38.84263974,-81.68148753,54035.0,703.3874580067189,9.452736318407961,182,200,19,0,181,200,28706,1,0,0,1,0
2020-08-30,US,West Virginia,Jefferson,355,4,0,39.30776166,-77.86014147,54037.0,621.2158331291779,1.1267605633802815,351,352,4,0,348,347,56811,3,0,0,3,5
2020-08-30,US,West Virginia,Kanawha,1393,31,0,38.33860077,-81.52857054,54039.0,782.0394781163684,2.2254127781765973,1362,1363,30,0,1333,1338,180454,30,1,0,29,25
2020-08-30,US,West Virginia,Lewis,32,2,0,38.9947249,-80.49988181,54041.0,201.16929653611615,6.25,30,32,2,0,30,32,16024,0,0,0,0,0
2020-08-30,US,West Virginia,Lincoln,115,1,0,38.172154,-82.07017953,54043.0,563.4768974472047,0.8695652173913043,114,113,1,0,112,112,20599,2,0,0,2,1
2020-08-30,US,West Virginia,Logan,479,27,0,37.8299889,-81.93528571,54045.0,1495.9867578625192,5.636743215031316,452,476,27,0,449,471,32607,3,0,0,3,5
2020-08-30,US,West Virginia,Marion,217,2,0,39.50984542,-80.24244659,54049.0,387.002425452989,0.9216589861751152,215,216,2,0,214,215,56097,1,0,0,1,1
2020-08-30,US,West Virginia,Marshall,133,1,0,39.86064362,-80.66591062,54051.0,435.622809603354,0.7518796992481203,132,133,1,0,132,133,30785,0,0,0,0,0
2020-08-30,US,West Virginia,Mason,102,1,0,38.77071799,-82.02524219,54053.0,384.67340473676285,0.9803921568627452,101,102,1,0,101,102,26718,0,0,0,0,0
2020-08-30,US,West Virginia,McDowell,70,1,0,37.38002939,-81.65083669,54047.0,397.1856559237403,1.4285714285714286,69,71,1,0,70,71,18223,-1,0,0,-1,0
2020-08-30,US,West Virginia,Mercer,297,23,0,37.40481169,-81.11023142,54055.0,505.4630858776677,7.744107744107745,274,290,23,0,267,290,59131,7,0,0,7,0
2020-08-30,US,West Virginia,Mineral,144,4,0,39.41561583,-78.94104895,54057.0,535.9535506922733,2.7777777777777777,140,144,4,0,140,144,26940,0,0,0,0,0
2020-08-30,US,West Virginia,Mingo,236,5,0,37.73048351,-82.13338365,54059.0,1007.5136612021856,2.1186440677966103,231,232,5,0,227,229,23785,4,0,0,4,3
2020-08-30,US,West Virginia,Monongalia,1113,5,0,39.63218457,-80.04766838,54061.0,1053.8575161913418,0.4492362982929021,1108,1093,5,0,1088,1083,106420,20,0,0,20,10
2020-08-30,US,West Virginia,Monroe,117,4,0,37.56274716,-80.54577965,54063.0,881.3559322033898,3.418803418803418,113,114,4,0,110,95,13280,3,0,0,3,19
2020-08-30,US,West Virginia,Morgan,37,0,0,39.55439028,-78.26311676,54065.0,206.8888391858645,0.0,37,37,0,0,37,37,17787,0,0,0,0,0
2020-08-30,US,West Virginia,Nicholas,52,2,0,38.29617706,-80.79759588,54067.0,212.2795558458524,3.8461538461538463,50,50,2,0,48,47,24842,2,0,0,2,3
2020-08-30,US,West Virginia,Ohio,290,5,0,40.0955451,-80.62203992,54069.0,700.2970225302456,1.7241379310344829,285,290,5,0,285,289,41755,0,0,0,0,1
2020-08-30,US,West Virginia,Pendleton,44,1,0,38.68314479,-79.35084086,54071.0,631.3674845745444,2.272727272727273,43,44,1,0,43,44,6997,0,0,0,0,0
2020-08-30,US,West Virginia,Pleasants,15,2,0,39.37091679,-81.16771771,54073.0,201.07238605898124,13.333333333333336,13,15,3,0,12,14,7507,0,-1,0,1,1
2020-08-30,US,West Virginia,Pocahontas,42,0,0,38.32758728,-80.00993811,54075.0,509.2761004001455,0.0,42,42,0,0,42,42,8414,0,0,0,0,0
2020-08-30,US,West Virginia,Preston,140,4,0,39.46770987,-79.66712803,54077.0,418.7604690117253,2.8571428571428568,136,139,4,0,135,138,33839,1,0,0,1,1
2020-08-30,US,West Virginia,Putnam,278,0,0,38.50782345,-81.9082131,54079.0,492.4712134632418,0.0,278,274,0,0,274,265,56682,4,0,0,4,9
2020-08-30,US,West Virginia,Raleigh,356,3,0,37.76936795,-81.2456041,54081.0,485.2714657651886,0.8426966292134831,353,346,3,0,343,340,74254,10,0,0,10,6
2020-08-30,US,West Virginia,Randolph,223,0,0,38.769899,-79.87919615,54083.0,777.1388743683568,0.0,223,222,0,0,222,221,28823,1,0,0,1,1
2020-08-30,US,West Virginia,Ritchie,5,0,0,39.18094587,-81.06356878,54085.0,52.33410090014655,0.0,5,5,0,0,5,5,9721,0,0,0,0,0
2020-08-30,US,West Virginia,Roane,29,1,0,38.71622686,-81.35243568,54087.0,211.86440677966095,3.4482758620689653,28,26,1,0,25,26,13932,3,0,0,3,0
2020-08-30,US,West Virginia,Summers,19,0,0,37.65390597,-80.86009693,54089.0,151.1174739521196,0.0,19,19,0,0,19,19,12760,0,0,0,0,0
2020-08-30,US,West Virginia,Taylor,105,4,0,39.33602617,-80.0421439,54091.0,628.9308176100631,3.809523809523809,101,105,4,0,101,104,16862,0,0,0,0,1
2020-08-30,US,West Virginia,Tucker,11,0,0,39.11240885,-79.57053576,54093.0,160.84222839596433,0.0,11,11,0,0,11,11,6955,0,0,0,0,0
2020-08-30,US,West Virginia,Tyler,15,0,0,39.46811972,-80.88772676,54095.0,174.60132697008495,0.0,15,15,0,0,15,15,8746,0,0,0,0,0
2020-08-30,US,West Virginia,Upshur,43,0,0,38.89285061,-80.23689136,54097.0,177.86234281932497,0.0,43,43,0,0,43,43,24415,0,0,0,0,0
2020-08-30,US,West Virginia,Wayne,248,10,0,38.14901357,-82.42287994,54099.0,629.4096746358052,4.032258064516129,238,246,10,0,236,242,39944,2,0,0,2,4
2020-08-30,US,West Virginia,Webster,7,0,0,38.49370949,-80.4202023,54101.0,86.27064333251171,0.0,7,7,0,0,7,7,8285,0,0,0,0,0
2020-08-30,US,West Virginia,Wetzel,45,0,0,39.6065771,-80.64016540000001,54103.0,298.70560902754727,0.0,45,45,0,0,45,45,15270,0,0,0,0,0
2020-08-30,US,West Virginia,Wirt,9,0,0,39.02775007,-81.37473928,54105.0,154.6126095172651,0.0,9,7,0,0,7,9,5830,2,0,0,2,-2
2020-08-30,US,West Virginia,Wood,305,5,0,39.20967886,-81.5162836,54107.0,365.19073732608535,1.639344262295082,300,305,5,0,300,305,84203,0,0,0,0,0
2020-08-30,US,West Virginia,Wyoming,66,3,0,37.612327,-81.54511071,54109.0,323.62459546925567,4.545454545454546,63,66,3,0,63,64,20786,0,0,0,0,2
2020-08-30,US,Wisconsin,Adams,110,3,0,43.96974651,-89.76782777,55001.0,544.0158259149357,2.727272727272727,107,108,3,0,105,106,20348,2,0,0,2,2
2020-08-30,US,Wisconsin,Ashland,34,1,0,46.31956891,-90.67837132,55003.0,218.48091504947948,2.9411764705882355,33,34,1,0,33,34,15600,0,0,0,0,0
2020-08-30,US,Wisconsin,Barron,370,3,0,45.42372701,-91.84833627,55005.0,817.7879939881532,0.8108108108108109,367,371,3,0,368,367,45164,-1,0,0,-1,4
2020-08-30,US,Wisconsin,Bayfield,45,1,0,46.52868768,-91.19716729,55007.0,299.28172386272945,2.2222222222222223,44,44,1,0,43,43,15042,1,0,0,1,1
2020-08-30,US,Wisconsin,Brown,5370,58,0,44.452655299999996,-88.00411844,55009.0,2029.9234148074786,1.080074487895717,5312,5319,58,0,5261,5262,263378,51,0,0,51,57
2020-08-30,US,Wisconsin,Buffalo,64,2,0,44.37835084,-91.75332578,55011.0,491.13652060471185,3.125,62,60,2,0,58,58,13125,4,0,0,4,2
2020-08-30,US,Wisconsin,Burnett,40,2,0,45.86303537,-92.36711412,55013.0,259.5043466978072,5.0,38,40,2,0,38,38,15392,0,0,0,0,2
2020-08-30,US,Wisconsin,Calumet,500,2,0,44.0816316,-88.21780273,55015.0,998.2231627702687,0.4,498,491,2,0,489,484,50159,9,0,0,9,7
2020-08-30,US,Wisconsin,Chippewa,345,0,0,45.06939744,-91.28068855,55017.0,533.5766649138544,0.0,345,342,0,0,342,331,64135,3,0,0,3,11
2020-08-30,US,Wisconsin,Clark,240,8,0,44.73483377,-90.61207486,55019.0,690.1708172772761,3.333333333333333,232,239,8,0,231,236,34709,1,0,0,1,3
2020-08-30,US,Wisconsin,Columbia,351,2,0,43.46492199,-89.33589004,55021.0,610.0952513383854,0.5698005698005698,349,349,2,0,347,344,57358,2,0,0,2,5
2020-08-30,US,Wisconsin,Crawford,102,0,0,43.23870316,-90.93073686,55023.0,632.3228566114934,0.0,102,102,0,0,102,99,16291,0,0,0,0,3
2020-08-30,US,Wisconsin,Dane,5426,40,0,43.06601594,-89.41733797,55025.0,992.509534566806,0.7371913011426465,5386,5387,40,0,5347,5330,542364,39,0,0,39,57
2020-08-30,US,Wisconsin,Dodge,1133,5,0,43.41576662,-88.70928178,55027.0,1289.8598572388119,0.44130626654898497,1128,1120,5,0,1115,1102,87847,13,0,0,13,18
2020-08-30,US,Wisconsin,Door,128,3,0,44.95856458,-87.30002707,55029.0,462.6283070695388,2.34375,125,128,3,0,125,128,27610,0,0,0,0,0
2020-08-30,US,Wisconsin,Douglas,249,0,0,46.43222285,-91.91595768,55031.0,577.0567786790267,0.0,249,249,0,0,249,244,43208,0,0,0,0,5
2020-08-30,US,Wisconsin,Dunn,176,0,0,44.94562799,-91.8962481,55033.0,387.9386351613472,0.0,176,173,0,0,173,169,45131,3,0,0,3,4
2020-08-30,US,Wisconsin,Eau Claire,801,6,0,44.726614,-91.28609183,55035.0,765.4377615962387,0.7490636704119851,795,790,6,0,784,780,104534,11,0,0,11,10
2020-08-30,US,Wisconsin,Florence,25,0,0,45.84963535,-88.39804137,55037.0,582.0721769499418,0.0,25,24,0,0,24,23,4321,1,0,0,1,1
2020-08-30,US,Wisconsin,Fond du Lac,1093,9,0,43.75354908,-88.48885325,55039.0,1057.0292931539702,0.8234217749313815,1084,1081,9,0,1072,1053,103066,12,0,0,12,28
2020-08-30,US,Wisconsin,Forest,77,4,0,45.66678019,-88.77084892,55041.0,855.1754775655264,5.194805194805196,73,77,4,0,73,70,8991,0,0,0,0,7
2020-08-30,US,Wisconsin,Grant,435,17,0,42.8671731,-90.7063218,55043.0,845.6618519022531,3.9080459770114944,418,432,17,0,415,426,51554,3,0,0,3,6
2020-08-30,US,Wisconsin,Green,268,1,0,42.6794956,-89.60243287,55045.0,725.1082251082253,0.373134328358209,267,265,1,0,264,262,36929,3,0,0,3,3
2020-08-30,US,Wisconsin,Green Lake,91,0,0,43.80025981,-89.04679553,55047.0,481.1505313805319,0.0,91,90,0,0,90,88,18918,1,0,0,1,2
2020-08-30,US,Wisconsin,Iowa,120,0,0,43.00050278,-90.13469017,55049.0,506.799560773714,0.0,120,118,0,0,118,115,23771,2,0,0,2,3
2020-08-30,US,Wisconsin,Iron,122,1,0,46.26302338,-90.24295041,55051.0,2145.243537893441,0.819672131147541,121,121,1,0,120,119,5676,1,0,0,1,2
2020-08-30,US,Wisconsin,Jackson,76,1,0,44.31864893,-90.80566792,55053.0,368.16354212081575,1.3157894736842106,75,76,1,0,75,75,20478,0,0,0,0,1
2020-08-30,US,Wisconsin,Jefferson,900,6,0,43.02054068,-88.77529134,55055.0,1061.7088794252618,0.6666666666666666,894,889,6,0,883,870,85129,11,0,0,11,19
2020-08-30,US,Wisconsin,Juneau,197,1,0,43.92456975,-90.11120239,55057.0,738.1871323116122,0.5076142131979695,196,193,1,0,192,189,26617,4,0,0,4,4
2020-08-30,US,Wisconsin,Kenosha,2961,63,0,42.57639354,-88.04051686,55059.0,1746.2742022045165,2.127659574468085,2898,2939,62,0,2877,2929,169290,22,1,0,21,10
2020-08-30,US,Wisconsin,Kewaunee,171,2,0,44.51727459,-87.61468386,55061.0,836.8405598512284,1.1695906432748535,169,169,2,0,167,165,20383,2,0,0,2,4
2020-08-30,US,Wisconsin,La Crosse,1177,1,0,43.90632465,-91.11451093,55063.0,997.3223969631237,0.08496176720475786,1176,1156,1,0,1155,1133,118230,21,0,0,21,23
2020-08-30,US,Wisconsin,Lafayette,185,0,0,42.66005229,-90.1317729,55065.0,1110.1110111011099,0.0,185,185,0,0,185,185,16665,0,0,0,0,0
2020-08-30,US,Wisconsin,Langlade,83,2,0,45.26271619,-89.07483625,55067.0,432.5394757413101,2.409638554216868,81,84,2,0,82,80,19268,-1,0,0,-1,4
2020-08-30,US,Wisconsin,Lincoln,82,1,0,45.33737523,-89.73411273,55069.0,297.1768202080238,1.2195121951219512,81,82,1,0,81,81,27689,0,0,0,0,1
2020-08-30,US,Wisconsin,Manitowoc,517,2,0,44.11946801,-87.80928853,55071.0,654.5878122586445,0.3868471953578336,515,513,2,0,511,505,79074,4,0,0,4,8
2020-08-30,US,Wisconsin,Marathon,773,13,0,44.89792533,-89.75863384,55073.0,569.6724935884207,1.6817593790426908,760,771,13,0,758,764,135428,2,0,0,2,7
2020-08-30,US,Wisconsin,Marinette,610,6,0,45.38553432,-88.03324599999998,55075.0,1511.7719950433705,0.9836065573770492,604,602,6,0,596,594,40434,8,0,0,8,8
2020-08-30,US,Wisconsin,Marquette,89,1,0,43.81911946,-89.40073763,55077.0,571.4652626171825,1.1235955056179776,88,89,1,0,88,89,15434,0,0,0,0,0
2020-08-30,US,Wisconsin,Menominee,29,0,0,45.00422544,-88.70950714,55078.0,636.523266022827,0.0,29,28,0,0,28,28,4658,1,0,0,1,0
2020-08-30,US,Wisconsin,Milwaukee,24040,489,0,43.00486062,-87.96733172,55079.0,2541.962471159723,2.0341098169717142,23551,23977,489,0,23488,23841,948201,63,0,0,63,136
2020-08-30,US,Wisconsin,Monroe,281,2,0,43.94641218,-90.61881899999999,55081.0,607.5281603355457,0.7117437722419929,279,280,2,0,278,276,46051,1,0,0,1,4
2020-08-30,US,Wisconsin,Oconto,424,2,0,45.02715345,-88.26807503,55083.0,1117.8486686000526,0.4716981132075472,422,419,2,0,417,412,37830,5,0,0,5,7
2020-08-30,US,Wisconsin,Oneida,210,0,0,45.70677897,-89.51944105,55085.0,589.9705014749262,0.0,210,210,0,0,210,205,35470,0,0,0,0,5
2020-08-30,US,Wisconsin,Outagamie,1845,20,0,44.41578887,-88.46565023,55087.0,981.9836602176863,1.084010840108401,1825,1799,19,0,1780,1741,187365,46,1,0,45,58
2020-08-30,US,Wisconsin,Ozaukee,909,18,0,43.38352225,-87.94625009,55089.0,1018.8184396050257,1.98019801980198,891,897,18,0,879,893,89147,12,0,0,12,4
2020-08-30,US,Wisconsin,Pepin,46,0,0,44.58307413,-91.99949611,55091.0,631.2611499931385,0.0,46,46,0,0,46,46,7289,0,0,0,0,0
2020-08-30,US,Wisconsin,Pierce,291,5,0,44.71850291,-92.4224416,55093.0,680.6380689526126,1.718213058419244,286,289,5,0,284,285,42555,2,0,0,2,4
2020-08-30,US,Wisconsin,Polk,171,2,0,45.46130348,-92.44182875,55095.0,390.5625471073248,1.1695906432748535,169,171,2,0,169,170,43598,0,0,0,0,1
2020-08-30,US,Wisconsin,Portage,596,1,0,44.47558711,-89.50152965,55097.0,842.1409597015769,0.16778523489932887,595,587,1,0,586,569,70942,9,0,0,9,18
2020-08-30,US,Wisconsin,Price,36,0,0,45.68051754,-90.36098879999999,55099.0,269.64272339150625,0.0,36,36,0,0,36,36,13397,0,0,0,0,0
2020-08-30,US,Wisconsin,Racine,3998,89,0,42.74753117,-88.05941254,55101.0,2036.564430928476,2.226113056528264,3909,3988,89,0,3899,3960,196584,10,0,0,10,28
2020-08-30,US,Wisconsin,Richland,49,4,0,43.3762778,-90.43012729,55103.0,284.0250405750058,8.16326530612245,45,47,4,0,43,46,17377,2,0,0,2,1
2020-08-30,US,Wisconsin,Rock,1667,26,0,42.67151616,-89.07147900000002,55105.0,1020.4831225436784,1.5596880623875224,1641,1667,26,0,1641,1641,163129,0,0,0,0,26
2020-08-30,US,Wisconsin,Rusk,24,1,0,45.47498854,-91.1333012,55107.0,169.27634363097758,4.166666666666667,23,24,1,0,23,24,14147,0,0,0,0,0
2020-08-30,US,Wisconsin,Sauk,644,3,0,43.42574087,-89.94966132,55111.0,999.3482511405603,0.4658385093167702,641,634,3,0,631,627,64249,10,0,0,10,7
2020-08-30,US,Wisconsin,Sawyer,159,0,0,45.87931905,-91.14504927,55113.0,960.2609010750093,0.0,159,157,0,0,157,157,16489,2,0,0,2,0
2020-08-30,US,Wisconsin,Shawano,268,0,0,44.78902246,-88.76443896,55115.0,655.2727450548913,0.0,268,262,0,0,262,258,40796,6,0,0,6,4
2020-08-30,US,Wisconsin,Sheboygan,1032,9,0,43.72099677,-87.94579284,55117.0,894.7459684411307,0.8720930232558141,1023,1022,8,0,1014,1014,115456,10,1,0,9,8
2020-08-30,US,Wisconsin,St. Croix,636,7,0,45.03437474,-92.45000068,55109.0,701.3133084124516,1.1006289308176103,629,628,7,0,621,618,89694,8,0,0,8,10
2020-08-30,US,Wisconsin,Taylor,103,3,0,45.21179252,-90.5004405,55119.0,506.3166691245146,2.9126213592233015,100,98,3,0,95,93,20412,5,0,0,5,5
2020-08-30,US,Wisconsin,Trempealeau,411,2,0,44.30360275,-91.35893614,55121.0,1386.218759485986,0.4866180048661801,409,411,2,0,409,411,29442,0,0,0,0,0
2020-08-30,US,Wisconsin,Vernon,98,0,0,43.59422667,-90.8324691,55123.0,317.9547076763352,0.0,98,97,0,0,97,94,30785,1,0,0,1,3
2020-08-30,US,Wisconsin,Vilas,104,0,0,46.05467334,-89.51719204,55125.0,468.57400315386354,0.0,104,102,0,0,102,98,21938,2,0,0,2,4
2020-08-30,US,Wisconsin,Walworth,1695,27,0,42.66858202,-88.54163073,55127.0,1631.8789232487384,1.5929203539823011,1668,1689,27,0,1662,1673,103718,6,0,0,6,16
2020-08-30,US,Wisconsin,Washburn,64,0,0,45.89838588,-91.79050449,55129.0,407.12468193384217,0.0,64,63,0,0,63,60,15878,1,0,0,1,3
2020-08-30,US,Wisconsin,Washington,1622,29,0,43.36863664,-88.22974712,55131.0,1192.3489715806345,1.7879161528976573,1593,1595,29,0,1566,1565,135693,27,0,0,27,30
2020-08-30,US,Wisconsin,Waukesha,5565,74,0,43.01833055,-88.30431188,55133.0,1376.8004789731765,1.3297394429469902,5491,5525,74,0,5451,5475,403072,40,0,0,40,50
2020-08-30,US,Wisconsin,Waupaca,662,17,0,44.47068056,-88.96534501,55135.0,1298.2937830947244,2.5679758308157097,645,655,17,0,638,647,51128,7,0,0,7,8
2020-08-30,US,Wisconsin,Waushara,154,2,0,44.11324419,-89.24317107,55137.0,630.0372294726508,1.2987012987012987,152,152,2,0,150,147,24263,2,0,0,2,5
2020-08-30,US,Wisconsin,Winnebago,1512,21,0,44.06886922,-88.64477096,55139.0,879.5453355593431,1.3888888888888888,1491,1493,21,0,1472,1461,171020,19,0,0,19,32
2020-08-30,US,Wisconsin,Wood,456,2,0,44.45537896,-90.04158336,55141.0,624.6660913163194,0.43859649122807015,454,450,2,0,448,440,73055,6,0,0,6,10
2020-08-30,US,Wyoming,Albany,134,0,0,41.65498705,-105.72354150000001,56001.0,344.6502057613169,0.0,134,133,0,0,133,133,38601,1,0,0,1,0
2020-08-30,US,Wyoming,Big Horn,42,0,0,44.52405055,-107.9960365,56003.0,356.23409669211196,0.0,42,40,0,0,40,40,11881,2,0,0,2,0
2020-08-30,US,Wyoming,Campbell,189,0,0,44.24886082,-105.54744040000001,56005.0,407.84618372499517,0.0,189,188,0,0,188,184,46140,1,0,0,1,4
2020-08-30,US,Wyoming,Carbon,190,0,0,41.69357844,-106.9326084,56007.0,1283.7837837837835,0.0,190,190,0,0,190,185,14971,0,0,0,0,5
2020-08-30,US,Wyoming,Converse,31,0,0,42.97272268,-105.5081848,56009.0,224.2801331211113,0.0,31,29,0,0,29,40,13640,2,0,0,2,-11
2020-08-30,US,Wyoming,Crook,14,0,0,44.58855102,-104.56977049999999,56011.0,184.59915611814347,0.0,14,14,0,0,14,14,7450,0,0,0,0,0
2020-08-30,US,Wyoming,Fremont,604,0,0,43.04183996,-108.6296893,56013.0,1538.422352971142,0.0,604,601,0,0,601,601,39531,3,0,0,3,0
2020-08-30,US,Wyoming,Goshen,60,0,0,42.08798185,-104.3534743,56015.0,454.1669820604042,0.0,60,59,0,0,59,57,13376,1,0,0,1,2
2020-08-30,US,Wyoming,Hot Springs,29,0,0,43.71930657,-108.44231740000001,56017.0,657.1493315205076,0.0,29,29,0,0,29,29,4555,0,0,0,0,0
2020-08-30,US,Wyoming,Johnson,27,1,0,44.04057166,-106.58451740000001,56019.0,319.7158081705151,3.703703703703704,26,27,1,0,26,27,8460,0,0,0,0,0
2020-08-30,US,Wyoming,Laramie,568,0,0,41.30702520000001,-104.6887497,56021.0,570.8542713567839,0.0,568,563,0,0,563,563,98976,5,0,0,5,0
2020-08-30,US,Wyoming,Lincoln,112,0,0,42.26376367,-110.6563997,56023.0,564.8008068582956,0.0,112,110,0,0,110,109,19434,2,0,0,2,1
2020-08-30,US,Wyoming,Natrona,246,0,0,42.96180148,-106.79788500000001,56025.0,308.04678303989584,0.0,246,243,0,0,243,278,79115,3,0,0,3,-35
2020-08-30,US,Wyoming,Niobrara,3,0,0,43.05607708,-104.47588959999999,56027.0,127.33446519524618,0.0,3,3,0,0,3,3,2388,0,0,0,0,0
2020-08-30,US,Wyoming,Park,160,0,0,44.52157546,-109.58528249999999,56029.0,548.0578201000205,0.0,160,159,0,0,159,160,29324,1,0,0,1,-1
2020-08-30,US,Wyoming,Platte,7,0,0,42.13299116,-104.96633100000001,56031.0,83.40283569641367,0.0,7,7,0,0,7,7,8566,0,0,0,0,0
2020-08-30,US,Wyoming,Sheridan,148,0,0,44.79048913,-106.8862389,56033.0,485.4846645891421,0.0,148,147,0,0,147,141,30233,1,0,0,1,6
2020-08-30,US,Wyoming,Sublette,48,0,0,42.76558279,-109.91309220000001,56035.0,488.2514494964907,0.0,48,48,0,0,48,48,9813,0,0,0,0,0
2020-08-30,US,Wyoming,Sweetwater,301,0,0,41.65943896,-108.8827882,56037.0,710.8612993883287,0.0,301,296,0,0,296,296,43051,5,0,0,5,0
2020-08-30,US,Wyoming,Teton,429,0,0,43.93522482,-110.5890801,56039.0,1828.3327650869412,0.0,429,425,0,0,425,424,23081,4,0,0,4,1
2020-08-30,US,Wyoming,Uinta,295,0,0,41.2878183,-110.54757820000002,56041.0,1458.518738257688,0.0,295,292,0,0,292,292,20299,3,0,0,3,0
2020-08-30,US,Wyoming,Unassigned,73,36,0,0.0,0.0,90056.0,0.0,49.31506849315068,37,73,36,0,37,53,,0,0,0,0,20
2020-08-30,US,Wyoming,Washakie,108,0,0,43.90451606,-107.68018700000002,56043.0,1383.7283792440744,0.0,108,108,0,0,108,108,7885,0,0,0,0,0
2020-08-30,US,Wyoming,Weston,11,0,0,43.83961191,-104.56748809999999,56045.0,158.79890284394398,0.0,11,11,0,0,11,11,6967,0,0,0,0,0
