Date,Country/Region,Province/State,Admin2,Confirmed,Deaths,Recovered,Latitude,Longitude,FIPS,Incidence_Rate,Case-Fatality_Ratio,Active Cases,Previous Confirmed,Previous Deaths,Previous Recovered,Previous Active,Prev2 Confirmed,Population,Daily Confirmed,Daily Deaths,Daily Recovered,Daily Active,Previous Daily Confirmed
2020-10-31,US,Alabama,Autauga,2159,31,0,32.53952745,-86.64408227,1001.0,3864.3970717213483,1.4358499305233905,2128,2141,31,0,2110,2126,55601,18,0,0,18,15
2020-10-31,US,Alabama,Baldwin,6940,71,0,30.72774991,-87.72207058,1003.0,3108.845426771908,1.0230547550432276,6869,6888,71,0,6817,6768,218022,52,0,0,52,120
2020-10-31,US,Alabama,Barbour,1060,9,0,31.868263,-85.3871286,1005.0,4293.931783196954,0.8490566037735849,1051,1056,9,0,1047,1055,24881,4,0,0,4,1
2020-10-31,US,Alabama,Bibb,873,15,0,32.99642064,-87.12511459999996,1007.0,3898.3656336518707,1.718213058419244,858,866,15,0,851,861,22400,7,0,0,7,5
2020-10-31,US,Alabama,Blount,2074,25,0,33.98210918,-86.56790593,1009.0,3586.6219347698266,1.2054001928640308,2049,2039,25,0,2014,2009,57840,35,0,0,35,30
2020-10-31,US,Alabama,Bullock,653,17,0,32.10030533,-85.71265535,1011.0,6464.7064647064635,2.603369065849924,636,651,17,0,634,651,10138,2,0,0,2,0
2020-10-31,US,Alabama,Butler,1022,41,0,31.75300095,-86.68057478,1013.0,5255.03907856849,4.0117416829745585,981,1020,41,0,979,1019,19680,2,0,0,2,1
2020-10-31,US,Alabama,Calhoun,4861,65,0,33.77483727,-85.82630386,1015.0,4278.8609656265135,1.337173421106768,4796,4806,63,0,4743,4765,114277,55,2,0,53,41
2020-10-31,US,Alabama,Chambers,1389,47,0,32.91360079,-85.39072749,1017.0,4176.94111986528,3.383729301655868,1342,1381,47,0,1334,1380,33615,8,0,0,8,1
2020-10-31,US,Alabama,Cherokee,783,15,0,34.17805983,-85.60638968,1019.0,2989.00595510765,1.9157088122605364,768,769,15,0,754,764,26032,14,0,0,14,5
2020-10-31,US,Alabama,Chilton,1938,33,0,32.85044126,-86.7173256,1021.0,4362.113982173404,1.7027863777089782,1905,1926,32,0,1894,1923,44153,12,1,0,11,3
2020-10-31,US,Alabama,Choctaw,395,12,0,32.02227341,-88.26564429999998,1023.0,3137.6598617840973,3.0379746835443036,383,395,12,0,383,395,12841,0,0,0,0,0
2020-10-31,US,Alabama,Clarke,1394,17,0,31.68099859,-87.83548597,1025.0,5901.278469223606,1.2195121951219512,1377,1391,17,0,1374,1387,23920,3,0,0,3,4
2020-10-31,US,Alabama,Clay,772,12,0,33.26984193,-85.85836077,1027.0,5833.01851152248,1.5544041450777202,760,767,12,0,755,763,13275,5,0,0,5,4
2020-10-31,US,Alabama,Cleburne,583,9,0,33.67679204,-85.52005899,1029.0,3910.127431254192,1.5437392795883362,574,581,9,0,572,579,14987,2,0,0,2,2
2020-10-31,US,Alabama,Coffee,1865,11,0,31.39932826,-85.98901039,1031.0,3563.104199304573,0.5898123324396782,1854,1851,11,0,1840,1836,51909,14,0,0,14,15
2020-10-31,US,Alabama,Colbert,2151,32,0,34.69847452,-87.80168544,1033.0,3893.8469614959904,1.487680148768015,2119,2125,32,0,2093,2102,54762,26,0,0,26,23
2020-10-31,US,Alabama,Conecuh,577,13,0,31.43401703,-86.99320044,1035.0,4781.63586641253,2.253032928942808,564,573,13,0,560,572,12277,4,0,0,4,1
2020-10-31,US,Alabama,Coosa,222,3,0,32.93690146,-86.24847739,1037.0,2081.965675701022,1.351351351351351,219,219,3,0,216,217,10715,3,0,0,3,2
2020-10-31,US,Alabama,Covington,1886,30,0,31.247785399999998,-86.45050893,1039.0,5090.555750492591,1.5906680805938491,1856,1787,29,0,1758,1773,36986,99,1,0,98,14
2020-10-31,US,Alabama,Crenshaw,620,30,0,31.72941803,-86.31593104,1041.0,4501.887888469358,4.838709677419356,590,616,30,0,586,612,13824,4,0,0,4,4
2020-10-31,US,Alabama,Cullman,2781,25,0,34.13020303,-86.86888037,1043.0,3319.88348772801,0.8989572096368212,2756,2719,25,0,2694,2665,83442,62,0,0,62,54
2020-10-31,US,Alabama,Dale,1906,52,0,31.43037123,-85.61095742,1045.0,3876.189701456113,2.728226652675761,1854,1862,52,0,1810,1849,48956,44,0,0,44,13
2020-10-31,US,Alabama,Dallas,1906,27,0,32.32688101,-87.10866709999998,1047.0,5124.206903968167,1.416579223504722,1879,1894,27,0,1867,1892,38310,12,0,0,12,2
2020-10-31,US,Alabama,DeKalb,3658,30,0,34.45946862,-85.80782906,1049.0,5115.153888104261,0.8201202843083653,3628,3579,29,0,3550,3554,71385,79,1,0,78,25
2020-10-31,US,Alabama,Elmore,3309,59,0,32.59785413,-86.14415284,1051.0,4074.671526554938,1.7830160169235418,3250,3292,58,0,3234,3278,81887,17,1,0,16,14
2020-10-31,US,Alabama,Escambia,1766,31,0,31.1256789,-87.15918694,1053.0,4820.789998089154,1.7553793884484712,1735,1760,31,0,1729,1758,36748,6,0,0,6,2
2020-10-31,US,Alabama,Etowah,4512,54,0,34.04567266,-86.04051873,1055.0,4411.937262877927,1.1968085106382977,4458,4445,53,0,4392,4419,102501,67,1,0,66,26
2020-10-31,US,Alabama,Fayette,608,14,0,33.72076938,-87.73886638,1057.0,3729.60372960373,2.3026315789473686,594,604,13,0,591,599,16433,4,1,0,3,5
2020-10-31,US,Alabama,Franklin,2120,32,0,34.44235334,-87.84289505,1059.0,6759.772973662394,1.509433962264151,2088,2107,32,0,2075,2094,31363,13,0,0,13,13
2020-10-31,US,Alabama,Geneva,971,7,0,31.09389027,-85.83572839,1061.0,3696.0907464504585,0.7209062821833162,964,959,7,0,952,942,26314,12,0,0,12,17
2020-10-31,US,Alabama,Greene,351,17,0,32.85504247,-87.95684022,1063.0,4327.456540500555,4.843304843304844,334,346,16,0,330,345,8233,5,1,0,4,1
2020-10-31,US,Alabama,Hale,793,30,0,32.76039258,-87.63284988,1065.0,5412.599822537712,3.7831021437578816,763,783,30,0,753,781,14726,10,0,0,10,2
2020-10-31,US,Alabama,Henry,744,6,0,31.51148016,-85.24267944,1067.0,4324.324324324324,0.8064516129032258,738,736,6,0,730,731,17209,8,0,0,8,5
2020-10-31,US,Alabama,Houston,4300,35,0,31.15197924,-85.29939599,1069.0,4061.124648193272,0.813953488372093,4265,4265,35,0,4230,4239,104722,35,0,0,35,26
2020-10-31,US,Alabama,Jackson,2321,19,0,34.78144169,-85.99750489,1071.0,4495.7966915895095,0.8186126669538992,2302,2282,18,0,2264,2253,51736,39,1,0,38,29
2020-10-31,US,Alabama,Jefferson,24285,384,0,33.55554728,-86.89506300000002,1073.0,3687.5183161168156,1.5812229771463866,23901,24088,384,0,23704,23940,659300,197,0,0,197,148
2020-10-31,US,Alabama,Lamar,530,6,0,33.77995024,-88.09668032,1075.0,3839.188699746469,1.1320754716981132,524,525,5,0,520,523,13844,5,1,0,4,2
2020-10-31,US,Alabama,Lauderdale,2465,43,0,34.90171875,-87.65624729,1077.0,2658.283816281853,1.744421906693712,2422,2437,43,0,2394,2405,92387,28,0,0,28,32
2020-10-31,US,Alabama,Lawrence,916,33,0,34.52041498,-87.31069453,1079.0,2782.1649860284288,3.6026200873362444,883,899,33,0,866,885,32957,17,0,0,17,14
2020-10-31,US,Alabama,Lee,6702,65,0,32.60154883,-85.35132246,1081.0,4073.124187137632,0.969859743360191,6637,6669,65,0,6604,6649,163941,33,0,0,33,20
2020-10-31,US,Alabama,Limestone,3031,34,0,34.81185586,-86.98310072,1083.0,3064.247080826973,1.1217419993401518,2997,3003,33,0,2970,2970,96174,28,1,0,27,33
2020-10-31,US,Alabama,Lowndes,726,29,0,32.1597283,-86.65158371,1085.0,7464.528069093152,3.9944903581267215,697,723,28,0,695,721,9974,3,1,0,2,2
2020-10-31,US,Alabama,Macon,558,21,0,32.38759944,-85.69267724,1087.0,3088.3329643568736,3.7634408602150535,537,550,20,0,530,543,18439,8,1,0,7,7
2020-10-31,US,Alabama,Madison,9680,101,0,34.76327133,-86.55069633,1089.0,2595.807556267079,1.043388429752066,9579,9619,98,0,9521,9557,366519,61,3,0,58,62
2020-10-31,US,Alabama,Marengo,1061,23,0,32.24767634,-87.78796182,1091.0,5624.768064464825,2.1677662582469366,1038,1053,22,0,1031,1046,19066,8,1,0,7,7
2020-10-31,US,Alabama,Marion,1121,31,0,34.13697363,-87.88704173,1093.0,3773.2673600592407,2.7653880463871543,1090,1118,31,0,1087,1109,29763,3,0,0,3,9
2020-10-31,US,Alabama,Marshall,4537,52,0,34.36975964,-86.30486727,1095.0,4688.242709818753,1.146131805157593,4485,4500,51,0,4449,4474,96109,37,1,0,36,26
2020-10-31,US,Alabama,Mobile,17261,320,0,30.78472347,-88.20842409,1097.0,4177.294837975847,1.8538902728694744,16941,17166,319,0,16847,17123,413757,95,1,0,94,43
2020-10-31,US,Alabama,Monroe,667,10,0,31.56729412,-87.36995001,1099.0,3217.093522403897,1.4992503748125936,657,663,10,0,653,663,21067,4,0,0,4,0
2020-10-31,US,Alabama,Montgomery,10654,210,0,32.2206831,-86.20969272,1101.0,4704.043517038581,1.9710906701708282,10444,10576,205,0,10371,10503,225763,78,5,0,73,73
2020-10-31,US,Alabama,Morgan,4474,36,0,34.45500589,-86.85475946,1103.0,3738.333375111757,0.8046490835940993,4438,4428,35,0,4393,4308,119089,46,1,0,45,120
2020-10-31,US,Alabama,Perry,604,6,0,32.64048341,-87.29770589,1105.0,6769.023870895438,0.9933774834437086,598,602,6,0,596,599,9140,2,0,0,2,3
2020-10-31,US,Alabama,Pickens,916,18,0,33.28094866,-88.08818103,1107.0,4596.086302057201,1.965065502183406,898,900,18,0,882,890,19938,16,0,0,16,10
2020-10-31,US,Alabama,Pike,1379,14,0,31.80396383,-85.9408295,1109.0,4164.401763604517,1.0152284263959392,1365,1370,14,0,1356,1364,33338,9,0,0,9,6
2020-10-31,US,Alabama,Randolph,859,16,0,33.29526734,-85.45708831,1111.0,3780.477070680398,1.8626309662398135,843,853,16,0,837,846,22725,6,0,0,6,7
2020-10-31,US,Alabama,Russell,2004,3,0,32.28725256,-85.18415324,1113.0,3457.4972826555786,0.1497005988023952,2001,1999,3,0,1996,1983,57781,5,0,0,5,16
2020-10-31,US,Alabama,Shelby,7716,70,0,33.26879845,-86.66232561,1117.0,3544.294494308734,0.9072058061171592,7646,7660,67,0,7593,7605,215707,56,3,0,53,55
2020-10-31,US,Alabama,St. Clair,3206,43,0,33.71902176,-86.31029372,1115.0,3581.6426847796943,1.3412351840299441,3163,3138,43,0,3095,3113,88690,68,0,0,68,25
2020-10-31,US,Alabama,Sumter,487,21,0,32.59117397,-88.19916205,1119.0,3918.8862959684557,4.312114989733058,466,487,21,0,466,486,12691,0,0,0,0,1
2020-10-31,US,Alabama,Talladega,2797,38,0,33.37823223,-86.16886178,1121.0,3497.211733226637,1.3585984983911334,2759,2777,37,0,2740,2764,79828,20,1,0,19,13
2020-10-31,US,Alabama,Tallapoosa,1398,87,0,32.86698258,-85.79833053,1123.0,3463.2249114375604,6.223175965665237,1311,1385,87,0,1298,1372,40497,13,0,0,13,13
2020-10-31,US,Alabama,Tuscaloosa,10734,145,0,33.28726072,-87.52556818,1125.0,5127.176327290965,1.3508477734302218,10589,10641,142,0,10499,10602,208911,93,3,0,90,39
2020-10-31,US,Alabama,Walker,2949,95,0,33.80270512,-87.30027177,1127.0,4642.5591536657175,3.2214309935571386,2854,2902,93,0,2809,2874,63711,47,2,0,45,28
2020-10-31,US,Alabama,Washington,768,12,0,31.4092794,-88.20689944,1129.0,4704.152884968761,1.5625,756,759,12,0,747,758,16378,9,0,0,9,1
2020-10-31,US,Alabama,Wilcox,573,12,0,31.98773215,-87.30891118,1131.0,5523.9564253350045,2.094240837696335,561,572,12,0,560,571,10627,1,0,0,1,1
2020-10-31,US,Alabama,Winston,964,13,0,34.15030532,-87.37325922,1133.0,4079.732532058064,1.3485477178423235,951,953,13,0,940,947,23660,11,0,0,11,6
2020-10-31,US,Alaska,Aleutians East,16,0,0,55.32222414,-161.9722021,2013.0,479.47258016182195,0.0,16,16,0,0,16,16,3515,0,0,0,0,0
2020-10-31,US,Alaska,Aleutians West,99,0,0,52.3233,-174.1596,2016.0,1757.1884984025562,0.0,99,99,0,0,99,99,5723,0,0,0,0,0
2020-10-31,US,Alaska,Anchorage,8399,50,0,61.14998174,-149.14269860000005,2020.0,2916.3194444444453,0.5953089653530182,8349,8149,49,0,8100,7952,291538,250,1,0,249,197
2020-10-31,US,Alaska,Bethel,477,1,0,60.90980451,-159.8561831,2050.0,2594.365277928859,0.20964360587002093,476,444,1,0,443,424,18216,33,0,0,33,20
2020-10-31,US,Alaska,Bristol Bay plus Lake and Peninsula,113,0,0,58.62403337,-156.21405890000003,2164.0,2810.945273631841,0.0,113,110,0,0,110,108,,3,0,0,3,2
2020-10-31,US,Alaska,Denali,31,0,0,63.67264044,-150.0076108,2068.0,1478.3023366714353,0.0,31,31,0,0,31,31,2059,0,0,0,0,0
2020-10-31,US,Alaska,Dillingham,61,0,0,59.79603738,-158.23819419999995,2070.0,1240.846216436127,0.0,61,60,0,0,60,59,5000,1,0,0,1,1
2020-10-31,US,Alaska,Fairbanks North Star,2261,15,0,64.80726247,-146.5692662,2090.0,2334.5620502018605,0.6634232640424591,2246,2220,15,0,2205,2199,98971,41,0,0,41,21
2020-10-31,US,Alaska,Haines,13,0,0,59.09893571,-135.4679843,2100.0,513.8339920948616,0.0,13,13,0,0,13,12,2474,0,0,0,0,1
2020-10-31,US,Alaska,Juneau,580,3,0,58.45031811,-134.200436,2110.0,1813.9738537561768,0.5172413793103449,577,568,3,0,565,551,32113,12,0,0,12,17
2020-10-31,US,Alaska,Kenai Peninsula,1096,4,0,60.24429722,-151.53888840000005,2122.0,1866.8665258567828,0.36496350364963503,1092,1055,4,0,1051,1016,58533,41,0,0,41,39
2020-10-31,US,Alaska,Ketchikan Gateway,86,0,0,55.57445008,-130.975561,2130.0,618.660528019567,0.0,86,85,0,0,85,83,13918,1,0,0,1,2
2020-10-31,US,Alaska,Kodiak Island,120,0,0,57.65529415,-153.7493579,2150.0,923.2189567625787,0.0,120,112,0,0,112,111,13345,8,0,0,8,1
2020-10-31,US,Alaska,Kusilvak,239,0,0,62.15429159999999,-163.39678830000003,2158.0,2874.6692326196776,0.0,239,224,0,0,224,224,8303,15,0,0,15,0
2020-10-31,US,Alaska,Matanuska-Susitna,1453,3,0,62.31305045,-149.5741743,2170.0,1341.4330160547286,0.2064693737095664,1450,1432,3,0,1429,1368,107610,21,0,0,21,64
2020-10-31,US,Alaska,Nome,137,0,0,64.90320724,-164.0353804,2180.0,1369.4522191123551,0.0,137,133,0,0,133,132,10008,4,0,0,4,1
2020-10-31,US,Alaska,North Slope,275,0,0,69.31479216,-153.4836093,2185.0,2796.989422294549,0.0,275,273,0,0,273,271,9872,2,0,0,2,2
2020-10-31,US,Alaska,Northwest Arctic,257,0,0,67.04919196,-159.7503946,2188.0,3372.2608581550976,0.0,257,250,0,0,250,245,7671,7,0,0,7,5
2020-10-31,US,Alaska,Petersburg,20,1,0,57.13978948,-132.9540995,2195.0,612.369871402327,5.0,19,19,1,0,18,19,3221,1,0,0,1,0
2020-10-31,US,Alaska,Prince of Wales-Hyder,35,1,0,55.76261984,-133.0511621,2198.0,564.2431081734644,2.8571428571428568,34,35,1,0,34,35,6422,0,0,0,0,0
2020-10-31,US,Alaska,Sitka,82,0,0,57.24124555,-135.3206587,2220.0,965.5010008242082,0.0,82,79,0,0,79,77,8647,3,0,0,3,2
2020-10-31,US,Alaska,Skagway,8,0,0,59.56149996,-135.33377480000001,2230.0,676.2468300929838,0.0,8,8,0,0,8,8,1148,0,0,0,0,0
2020-10-31,US,Alaska,Southeast Fairbanks,87,1,0,63.87692095,-143.2127643,2240.0,1262.1500072537356,1.1494252873563218,86,85,1,0,84,83,6918,2,0,0,2,2
2020-10-31,US,Alaska,Unassigned,64,0,0,0.0,0.0,90002.0,0.0,0.0,64,64,0,0,64,60,,0,0,0,0,4
2020-10-31,US,Alaska,Valdez-Cordova,170,1,0,61.47502768,-144.7126799,2261.0,1847.424472940665,0.5882352941176471,169,169,1,0,168,164,9164,1,0,0,1,5
2020-10-31,US,Alaska,Wrangell,19,0,0,56.3202004,-132.05837309999998,2275.0,759.3924860111911,0.0,19,19,0,0,19,19,2503,0,0,0,0,0
2020-10-31,US,Alaska,Yakutat,37,0,0,59.890980799999994,-140.36014509999998,2282.0,6390.328151986183,0.0,37,38,0,0,38,38,604,-1,0,0,-1,0
2020-10-31,US,Alaska,Yukon-Koyukuk,120,2,0,65.50815459,-151.39073869999999,2290.0,2294.455066921606,1.6666666666666667,118,118,2,0,116,118,5327,2,0,0,2,0
2020-10-31,US,Arizona,Apache,4003,171,0,35.39465006,-109.4892383,4001.0,5568.461613365421,4.2717961528853365,3832,3992,170,0,3822,3965,71818,11,1,0,10,27
2020-10-31,US,Arizona,Cochise,2204,75,0,31.87934684,-109.7516088,4003.0,1750.2898619780499,3.4029038112522687,2129,2193,75,0,2118,2171,126770,11,0,0,11,22
2020-10-31,US,Arizona,Coconino,5375,149,0,35.83883429,-111.77071780000001,4005.0,3746.2711533636293,2.7720930232558136,5226,5301,149,0,5152,5243,142854,74,0,0,74,58
2020-10-31,US,Arizona,Gila,1983,72,0,33.80190085,-110.8132779,4007.0,3670.998556036877,3.630862329803328,1911,1965,70,0,1895,1945,53889,18,2,0,16,20
2020-10-31,US,Arizona,Graham,1246,29,0,32.93166885,-109.8882178,4009.0,3208.2807631897413,2.3274478330658104,1217,1224,28,0,1196,1197,38072,22,1,0,21,27
2020-10-31,US,Arizona,Greenlee,102,1,0,33.21498827,-109.2405279,4011.0,1073.9102969046114,0.9803921568627452,101,101,2,0,99,101,9483,1,-1,0,2,0
2020-10-31,US,Arizona,La Paz,627,17,0,33.72854224,-113.98100290000001,4012.0,2970.4377487208644,2.7113237639553427,610,624,17,0,607,620,21098,3,0,0,3,4
2020-10-31,US,Arizona,Maricopa,158761,3606,0,33.34835867,-112.49181540000001,4013.0,3539.4949050410955,2.2713386788946908,155155,157728,3577,0,154151,156736,4410824,1033,29,0,1004,992
2020-10-31,US,Arizona,Mohave,4440,234,0,35.70471703,-113.7577902,4015.0,2092.553056117183,5.270270270270269,4206,4395,231,0,4164,4371,209550,45,3,0,42,24
2020-10-31,US,Arizona,Navajo,6494,241,0,35.3997715,-110.3218983,4017.0,5854.458908802423,3.711117955035417,6253,6452,240,0,6212,6410,110445,42,1,0,41,42
2020-10-31,US,Arizona,Pima,28598,641,0,32.0971334,-111.7890033,4019.0,2730.695449827601,2.241415483600252,27957,28296,639,0,27657,28067,1039073,302,2,0,300,229
2020-10-31,US,Arizona,Pinal,12117,228,0,32.90525627,-111.3449483,4021.0,2618.255835812865,1.8816538747214655,11889,11958,226,0,11732,11937,447138,159,2,0,157,21
2020-10-31,US,Arizona,Santa Cruz,3044,65,0,31.52508998,-110.8479088,4023.0,6546.518129812035,2.135348226018397,2979,3037,65,0,2972,3021,46511,7,0,0,7,16
2020-10-31,US,Arizona,Unassigned,0,1,0,0.0,0.0,90004.0,0.0,0.0,-1,,,,,0,,,,,,
2020-10-31,US,Arizona,Yavapai,3022,91,0,34.59933926,-112.5538588,4025.0,1285.415931160915,3.0112508272667107,2931,2982,91,0,2891,2961,231993,40,0,0,40,21
2020-10-31,US,Arizona,Yuma,13930,358,0,32.76895712,-113.90666740000002,4027.0,6515.831177761042,2.5699928212491026,13572,13797,354,0,13443,13735,212128,133,4,0,129,62
2020-10-31,US,Arkansas,Arkansas,709,16,0,34.29145151,-91.37277296,5001.0,4054.6723092759917,2.2566995768688294,693,700,16,0,684,692,17769,9,0,0,9,8
2020-10-31,US,Arkansas,Ashley,563,11,0,33.19153461,-91.76984709999999,5003.0,2864.1196520323547,1.9538188277087036,552,559,11,0,548,552,20046,4,0,0,4,7
2020-10-31,US,Arkansas,Baxter,749,11,0,36.28784385,-92.33782872,5005.0,1786.2253171801965,1.4686248331108145,738,712,11,0,701,695,41619,37,0,0,37,17
2020-10-31,US,Arkansas,Benton,8509,123,0,36.33644656,-94.25680817,5007.0,3048.2802597970203,1.445528264190857,8386,8441,120,0,8321,8340,272608,68,3,0,65,101
2020-10-31,US,Arkansas,Boone,1088,35,0,36.3084504,-93.09374925,5009.0,2906.6039752083784,3.2169117647058822,1053,1076,35,0,1041,1057,37480,12,0,0,12,19
2020-10-31,US,Arkansas,Bradley,373,8,0,33.46755808,-92.15980837,5011.0,3465.5765121248724,2.1447721179624666,365,373,8,0,365,373,10897,0,0,0,0,0
2020-10-31,US,Arkansas,Calhoun,57,0,0,33.55598792,-92.49974403,5013.0,1098.4775486606281,0.0,57,54,0,0,54,53,5277,3,0,0,3,1
2020-10-31,US,Arkansas,Carroll,1039,17,0,36.34038560000001,-93.54270261,5015.0,3661.028893587033,1.6361886429258905,1022,1028,17,0,1011,1014,28223,11,0,0,11,14
2020-10-31,US,Arkansas,Chicot,1055,23,0,33.26458973,-91.29539209,5017.0,10426.961850168018,2.1800947867298577,1032,1054,23,0,1031,1053,10438,1,0,0,1,1
2020-10-31,US,Arkansas,Clark,520,5,0,34.04613432,-93.17484713,5019.0,2329.7491039426527,0.9615384615384616,515,511,5,0,506,506,22061,9,0,0,9,5
2020-10-31,US,Arkansas,Clay,510,13,0,36.36826212,-90.4148172,5021.0,3504.913751632191,2.5490196078431366,497,499,13,0,486,496,14847,11,0,0,11,3
2020-10-31,US,Arkansas,Cleburne,475,15,0,35.53864922,-92.02640019,5023.0,1906.1760102732856,3.1578947368421053,460,470,15,0,455,463,24965,5,0,0,5,7
2020-10-31,US,Arkansas,Cleveland,254,13,0,33.89723187,-92.18537045,5025.0,3192.559074912016,5.118110236220472,241,249,13,0,236,241,8018,5,0,0,5,8
2020-10-31,US,Arkansas,Columbia,745,21,0,33.21230701,-93.22642793,5027.0,3176.024214520186,2.8187919463087248,724,731,21,0,710,720,23537,14,0,0,14,11
2020-10-31,US,Arkansas,Conway,359,3,0,35.26205537,-92.70506566,5029.0,1722.152931017941,0.8356545961002786,356,353,3,0,350,352,20891,6,0,0,6,1
2020-10-31,US,Arkansas,Craighead,4821,48,0,35.83018283,-90.63235729,5031.0,4369.539208933038,0.9956440572495332,4773,4699,48,0,4651,4646,108558,122,0,0,122,53
2020-10-31,US,Arkansas,Crawford,2148,29,0,35.58928601,-94.2446814,5033.0,3395.671625274673,1.3500931098696465,2119,2119,27,0,2092,2086,63406,29,2,0,27,33
2020-10-31,US,Arkansas,Crittenden,2513,53,0,35.21247318,-90.30839406,5035.0,5240.329475549996,2.109033028253084,2460,2467,53,0,2414,2442,48342,46,0,0,46,25
2020-10-31,US,Arkansas,Cross,612,22,0,35.29631396,-90.77185818,5037.0,3727.3890005481453,3.594771241830065,590,603,22,0,581,598,16676,9,0,0,9,5
2020-10-31,US,Arkansas,Dallas,181,6,0,33.97042763,-92.65167437,5039.0,2582.3940647738627,3.3149171270718236,175,181,6,0,175,180,7182,0,0,0,0,1
2020-10-31,US,Arkansas,Desha,424,7,0,33.83011025,-91.25500948,5041.0,3732.065839274712,1.650943396226415,417,421,7,0,414,420,11512,3,0,0,3,1
2020-10-31,US,Arkansas,Drew,440,7,0,33.59035001,-91.71777921,5043.0,2415.061199846314,1.5909090909090908,433,440,7,0,433,435,18328,0,0,0,0,5
2020-10-31,US,Arkansas,Faulkner,3500,38,0,35.14719007,-92.33717519,5045.0,2777.6234653630354,1.0857142857142856,3462,3466,36,0,3430,3430,124806,34,2,0,32,36
2020-10-31,US,Arkansas,Franklin,569,2,0,35.51202821,-93.89299569,5047.0,3211.967259384702,0.351493848857645,567,551,3,0,548,540,17810,18,-1,0,19,11
2020-10-31,US,Arkansas,Fulton,343,10,0,36.38177105,-91.81729127,5049.0,2749.058267211669,2.915451895043732,333,336,9,0,327,332,12269,7,1,0,6,4
2020-10-31,US,Arkansas,Garland,2620,68,0,34.57692074,-93.14921604,5051.0,2636.1861831646306,2.595419847328244,2552,2605,67,0,2538,2591,99154,15,1,0,14,14
2020-10-31,US,Arkansas,Grant,379,4,0,34.29017991,-92.42320562,5053.0,2075.006843690118,1.0554089709762533,375,375,4,0,371,374,18188,4,0,0,4,1
2020-10-31,US,Arkansas,Greene,1628,20,0,36.11735460000001,-90.55832668,5055.0,3591.8367346938776,1.2285012285012284,1608,1595,20,0,1575,1557,45325,33,0,0,33,38
2020-10-31,US,Arkansas,Hempstead,584,5,0,33.73325583,-93.66935133,5057.0,2712.242244101802,0.8561643835616438,579,579,5,0,574,564,21741,5,0,0,5,15
2020-10-31,US,Arkansas,Hot Spring,2275,37,0,34.31709259,-92.95396325,5059.0,6736.549110183293,1.6263736263736264,2238,2245,38,0,2207,2227,33701,30,-1,0,31,18
2020-10-31,US,Arkansas,Howard,617,14,0,34.09007427,-93.9934871,5061.0,4673.5343129828825,2.26904376012966,603,612,14,0,598,599,13341,5,0,0,5,13
2020-10-31,US,Arkansas,Independence,1493,57,0,35.74242707,-91.57001641,5063.0,3947.1249173826836,3.817816476892164,1436,1480,57,0,1423,1476,37678,13,0,0,13,4
2020-10-31,US,Arkansas,Izard,621,2,0,36.09604046,-91.90847954,5065.0,4556.460488663878,0.322061191626409,619,619,2,0,617,614,13593,2,0,0,2,5
2020-10-31,US,Arkansas,Jackson,899,6,0,35.59802983,-91.21494602,5067.0,5377.115856211496,0.6674082313681868,893,812,6,0,806,788,16811,87,0,0,87,24
2020-10-31,US,Arkansas,Jefferson,4289,102,0,34.26767081,-91.92619839,5069.0,6418.35268765713,2.3781767311727675,4187,4270,102,0,4168,4243,68114,19,0,0,19,27
2020-10-31,US,Arkansas,Johnson,1055,8,0,35.56759135,-93.46036368,5071.0,3969.448415983144,0.7582938388625592,1047,1048,8,0,1040,1042,26742,7,0,0,7,6
2020-10-31,US,Arkansas,Lafayette,192,3,0,33.24116713,-93.60677071,5073.0,2898.5507246376815,1.5625,189,190,3,0,187,176,6682,2,0,0,2,14
2020-10-31,US,Arkansas,Lawrence,873,20,0,36.04188196,-91.10867198,5075.0,5321.223942460077,2.290950744558992,853,859,19,0,840,848,16434,14,1,0,13,11
2020-10-31,US,Arkansas,Lee,1113,18,0,34.78498904,-90.78383866,5077.0,12566.331715027662,1.6172506738544474,1095,1113,18,0,1095,1111,8985,0,0,0,0,2
2020-10-31,US,Arkansas,Lincoln,2335,18,0,33.95317155,-91.74002806,5079.0,17928.439803439804,0.7708779443254818,2317,2333,17,0,2316,2333,13383,2,1,0,1,0
2020-10-31,US,Arkansas,Little River,478,37,0,33.70375665,-94.23468591,5081.0,3899.1761155069744,7.7405857740585775,441,476,38,0,438,465,12326,2,-1,0,3,11
2020-10-31,US,Arkansas,Logan,611,5,0,35.21413234,-93.71951016,5083.0,2846.361688251188,0.8183306055646481,606,603,4,0,599,603,21737,8,1,0,7,0
2020-10-31,US,Arkansas,Lonoke,1865,30,0,34.75392199,-91.88742357,5085.0,2544.0259722544297,1.6085790884718498,1835,1840,29,0,1811,1806,73657,25,1,0,24,34
2020-10-31,US,Arkansas,Madison,442,6,0,36.01038185,-93.72524943,5087.0,2666.5057915057914,1.3574660633484164,436,434,6,0,428,433,16481,8,0,0,8,1
2020-10-31,US,Arkansas,Marion,176,2,0,36.26844485,-92.68451899,5089.0,1054.2709955672697,1.1363636363636365,174,169,2,0,167,161,16722,7,0,0,7,8
2020-10-31,US,Arkansas,Miller,1583,21,0,33.31403423,-93.89285258,5091.0,3659.523314145688,1.326595072646873,1562,1532,16,0,1516,1480,43592,51,5,0,46,52
2020-10-31,US,Arkansas,Mississippi,2391,69,0,35.76271485,-90.05194370000002,5093.0,5881.774126097759,2.8858218318695106,2322,2351,68,0,2283,2338,41239,40,1,0,39,13
2020-10-31,US,Arkansas,Monroe,227,2,0,34.6815935,-91.20540287,5095.0,3387.5540964035217,0.8810572687224669,225,220,1,0,219,216,6900,7,1,0,6,4
2020-10-31,US,Arkansas,Montgomery,186,8,0,34.53704874,-93.65824478,5097.0,2069.8864900957046,4.301075268817204,178,186,8,0,178,184,8924,0,0,0,0,2
2020-10-31,US,Arkansas,Nevada,331,14,0,33.66340119,-93.30632432,5099.0,4011.148812409114,4.229607250755286,317,324,14,0,310,317,8326,7,0,0,7,7
2020-10-31,US,Arkansas,Newton,322,20,0,35.91947491,-93.21612969,5101.0,4153.231007351993,6.211180124223603,302,322,20,0,302,319,7805,0,0,0,0,3
2020-10-31,US,Arkansas,Ouachita,395,9,0,33.58839816,-92.87795984,5103.0,1689.3336754768625,2.278481012658228,386,394,9,0,385,391,23606,1,0,0,1,3
2020-10-31,US,Arkansas,Perry,150,1,0,34.945915299999996,-92.94372564,5105.0,1434.7202295552368,0.6666666666666666,149,145,1,0,144,142,10352,5,0,0,5,3
2020-10-31,US,Arkansas,Phillips,777,16,0,34.43268455,-90.84800154,5107.0,4369.5872230345285,2.0592020592020592,761,772,16,0,756,767,18029,5,0,0,5,5
2020-10-31,US,Arkansas,Pike,274,1,0,34.16250414,-93.65789349,5109.0,2556.4470983392425,0.36496350364963503,273,270,1,0,269,270,10673,4,0,0,4,0
2020-10-31,US,Arkansas,Poinsett,1166,21,0,35.57433534,-90.66268713,5111.0,4955.79734784087,1.8010291595197256,1145,1149,21,0,1128,1133,23974,17,0,0,17,16
2020-10-31,US,Arkansas,Polk,370,5,0,34.48254879,-94.22728802,5113.0,1853.336004808656,1.351351351351351,365,365,5,0,360,364,20049,5,0,0,5,1
2020-10-31,US,Arkansas,Pope,2811,37,0,35.44871474,-93.03212219,5115.0,4387.251841678112,1.3162575595873354,2774,2800,38,0,2762,2774,64000,11,-1,0,12,26
2020-10-31,US,Arkansas,Prairie,240,4,0,34.83624419,-91.55162157,5117.0,2976.9288017861572,1.6666666666666667,236,239,4,0,235,236,8074,1,0,0,1,3
2020-10-31,US,Arkansas,Pulaski,12350,216,0,34.77054088,-92.31355101,5119.0,3151.225660928119,1.7489878542510122,12134,12243,213,0,12030,12152,392680,107,3,0,104,91
2020-10-31,US,Arkansas,Randolph,686,25,0,36.3415714,-91.02455531,5121.0,3820.0245016148792,3.6443148688046647,661,674,24,0,650,668,17948,12,1,0,11,6
2020-10-31,US,Arkansas,Saline,3014,33,0,34.64916145,-92.67583224,5125.0,2461.674167122684,1.094890510948905,2981,2965,31,0,2934,2916,121421,49,2,0,47,49
2020-10-31,US,Arkansas,Scott,232,1,0,34.85588887,-94.0632176,5127.0,2256.589825892423,0.4310344827586207,231,228,1,0,227,225,10319,4,0,0,4,3
2020-10-31,US,Arkansas,Searcy,208,1,0,35.9109364,-92.69936482,5129.0,2639.258977287146,0.4807692307692308,207,205,1,0,204,205,7958,3,0,0,3,0
2020-10-31,US,Arkansas,Sebastian,5045,96,0,35.19605503,-94.27162713,5131.0,3946.740516479304,1.9028741328047567,4949,4972,95,0,4877,4920,127753,73,1,0,72,52
2020-10-31,US,Arkansas,Sevier,1394,16,0,33.99780401,-94.2424869,5133.0,8196.624919150938,1.147776183644189,1378,1379,16,0,1363,1371,17139,15,0,0,15,8
2020-10-31,US,Arkansas,Sharp,379,10,0,36.16258158,-91.47819342,5135.0,2172.915950005733,2.638522427440633,369,377,10,0,367,373,17366,2,0,0,2,4
2020-10-31,US,Arkansas,St. Francis,1785,10,0,35.02201976,-90.74828138,5123.0,7141.714011362727,0.5602240896358543,1775,1779,10,0,1769,1774,25439,6,0,0,6,5
2020-10-31,US,Arkansas,Stone,408,21,0,35.86251946,-92.15684085,5137.0,3262.434031664801,5.147058823529412,387,405,21,0,384,404,12457,3,0,0,3,1
2020-10-31,US,Arkansas,Unassigned,2111,0,0,0.0,0.0,90005.0,0.0,0.0,2111,2115,0,0,2115,2085,,-4,0,0,-4,30
2020-10-31,US,Arkansas,Union,1161,50,0,33.16887091,-92.59746952,5139.0,3001.395998138669,4.3066322136089585,1111,1150,49,0,1101,1144,39126,11,1,0,10,6
2020-10-31,US,Arkansas,Van Buren,215,3,0,35.58095779,-92.51295036,5141.0,1299.4862496222424,1.3953488372093024,212,213,3,0,210,212,16603,2,0,0,2,1
2020-10-31,US,Arkansas,Washington,11804,153,0,35.976844,-94.21800746,5143.0,4935.050817979239,1.29617078956286,11651,11717,152,0,11565,11616,236961,87,1,0,86,101
2020-10-31,US,Arkansas,White,1580,33,0,35.25688493,-91.74908296,5145.0,2006.2727769100861,2.088607594936709,1547,1551,33,0,1518,1516,78727,29,0,0,29,35
2020-10-31,US,Arkansas,Woodruff,131,0,0,35.18902527,-91.2439489,5147.0,2072.784810126582,0.0,131,128,0,0,128,126,6490,3,0,0,3,2
2020-10-31,US,Arkansas,Yell,1363,31,0,35.00292371,-93.41171338,5149.0,6386.767255517549,2.2743947175348502,1332,1354,31,0,1323,1347,21535,9,0,0,9,7
2020-10-31,US,California,Alameda,23876,464,0,37.64629437,-121.8929271,6001.0,1428.5637358054578,1.9433740995141564,23412,23775,463,0,23312,23636,1666753,101,1,0,100,139
2020-10-31,US,California,Alpine,8,0,0,38.59678594,-119.82235940000001,6003.0,708.5916740478299,0.0,8,8,0,0,8,4,1101,0,0,0,0,4
2020-10-31,US,California,Amador,344,16,0,38.44583082,-120.65696000000001,6005.0,865.3652646407727,4.651162790697675,328,338,16,0,322,337,39383,6,0,0,6,1
2020-10-31,US,California,Butte,3160,53,0,39.66727762,-121.6005252,6007.0,1441.6979186626886,1.6772151898734178,3107,3143,53,0,3090,3134,231256,17,0,0,17,9
2020-10-31,US,California,Calaveras,354,21,0,38.20537103,-120.55291299999999,6009.0,771.1578259448863,5.932203389830509,333,347,21,0,326,347,45602,7,0,0,7,0
2020-10-31,US,California,Colusa,557,6,0,39.17881957,-122.2331726,6011.0,2585.046642223976,1.0771992818671454,551,555,6,0,549,553,21627,2,0,0,2,2
2020-10-31,US,California,Contra Costa,19086,246,0,37.91923498,-121.9289527,6013.0,1654.5790905449899,1.2889028607356177,18840,18981,246,0,18735,18877,1150215,105,0,0,105,104
2020-10-31,US,California,Del Norte,181,1,0,41.74228275,-123.89740630000001,6015.0,650.7982165971523,0.5524861878453039,180,181,1,0,180,180,27828,0,0,0,0,1
2020-10-31,US,California,El Dorado,1388,4,0,38.77965956,-120.5233166,6017.0,719.7564858459991,0.2881844380403458,1384,1380,4,0,1376,1368,190678,8,0,0,8,12
2020-10-31,US,California,Fresno,31409,443,0,36.75733899,-119.6466953,6019.0,3143.7262098626666,1.4104237638893309,30966,31321,443,0,30878,31195,994400,88,0,0,88,126
2020-10-31,US,California,Glenn,685,3,0,39.59875897,-122.3938452,6021.0,2412.5664776529425,0.4379562043795621,682,682,3,0,679,679,28047,3,0,0,3,3
2020-10-31,US,California,Humboldt,571,10,0,40.69923009,-123.876044,6023.0,421.2219123917437,1.7513134851138354,561,571,10,0,561,569,136373,0,0,0,0,2
2020-10-31,US,California,Imperial,13038,338,0,33.0393082,-115.36690420000001,6025.0,7194.76864497972,2.5924221506366005,12700,13038,338,0,12700,13023,181827,0,0,0,0,15
2020-10-31,US,California,Inyo,241,15,0,36.51112084,-117.41119779999998,6027.0,1335.994234713676,6.224066390041495,226,241,15,0,226,240,17987,0,0,0,0,1
2020-10-31,US,California,Kern,34308,423,0,35.34329425,-118.72777959999999,6029.0,3811.144609765364,1.2329485834207763,33885,34154,422,0,33732,34114,896764,154,1,0,153,40
2020-10-31,US,California,Kings,8564,83,0,36.07409056,-119.8159973,6031.0,5599.58153524258,0.9691732835123774,8481,8502,83,0,8419,8486,151366,62,0,0,62,16
2020-10-31,US,California,Lake,720,17,0,39.10124298,-122.75362439999999,6033.0,1118.255521386637,2.3611111111111107,703,704,17,0,687,702,64382,16,0,0,16,2
2020-10-31,US,California,Lassen,777,1,0,40.67311306,-120.59350990000002,6035.0,2541.4581493474634,0.1287001287001287,776,772,1,0,771,771,30802,5,0,0,5,1
2020-10-31,US,California,Los Angeles,307618,7071,0,34.30828379,-118.22824109999999,6037.0,3064.196845396707,2.2986301191737804,300547,306327,7056,0,299271,305070,10105518,1291,15,0,1276,1257
2020-10-31,US,California,Madera,5094,76,0,37.21513971,-119.76655890000002,6039.0,3237.842201275051,1.49195131527287,5018,5094,76,0,5018,5066,157672,0,0,0,0,28
2020-10-31,US,California,Marin,7131,127,0,38.07122463,-122.72106310000001,6041.0,2755.132791914259,1.7809563876034218,7004,7121,127,0,6994,7107,259666,10,0,0,10,14
2020-10-31,US,California,Mariposa,81,2,0,37.57978556,-119.9073334,6043.0,470.8481078881591,2.469135802469136,79,81,2,0,79,81,17471,0,0,0,0,0
2020-10-31,US,California,Mendocino,1165,21,0,39.4381191,-123.39113130000001,6045.0,1342.9549620168532,1.8025751072961371,1144,1156,21,0,1135,1154,87606,9,0,0,9,2
2020-10-31,US,California,Merced,9674,156,0,37.18922369,-120.72090349999999,6047.0,3483.8663209449733,1.6125697746537109,9518,9623,155,0,9468,9588,274765,51,1,0,50,35
2020-10-31,US,California,Modoc,50,0,0,41.58965602,-120.7244817,6049.0,565.5468838366702,0.0,50,48,0,0,48,45,8777,2,0,0,2,3
2020-10-31,US,California,Mono,193,2,0,37.93899289,-118.8872409,6051.0,1336.1949598449182,1.0362694300518134,191,182,2,0,180,182,14250,11,0,0,11,0
2020-10-31,US,California,Monterey,11705,95,0,36.21862405,-121.24133970000001,6053.0,2696.625589490878,0.8116189662537378,11610,11616,95,0,11521,11538,435594,89,0,0,89,78
2020-10-31,US,California,Napa,2028,16,0,38.50735751,-122.33283899999999,6055.0,1472.296433964456,0.7889546351084813,2012,2009,16,0,1993,1998,139417,19,0,0,19,11
2020-10-31,US,California,Nevada,642,9,0,39.30394768,-120.76272809999999,6057.0,643.5767630695202,1.4018691588785046,633,635,8,0,627,632,99696,7,1,0,6,3
2020-10-31,US,California,Orange,59882,1483,0,33.70147516,-117.76459979999998,6059.0,1885.6362644740107,2.47653718980662,58399,59718,1475,0,58243,59442,3185968,164,8,0,156,276
2020-10-31,US,California,Placer,4353,59,0,39.06167234,-120.72405690000001,6061.0,1092.815235646915,1.3553870893636573,4294,4353,59,0,4294,4290,393149,0,0,0,0,63
2020-10-31,US,California,Plumas,85,0,0,40.00355989,-120.8395236,6063.0,451.95937682777685,0.0,85,79,0,0,79,76,18804,6,0,0,6,3
2020-10-31,US,California,Riverside,68050,1319,0,33.74314981,-115.9933578,6065.0,2754.451849914958,1.9382806759735491,66731,68050,1319,0,66731,67552,2450758,0,0,0,0,498
2020-10-31,US,California,Sacramento,26185,500,0,38.45106826,-121.34253740000001,6067.0,1687.1147856587836,1.9094901661256445,25685,26018,500,0,25518,25882,1540975,167,0,0,167,136
2020-10-31,US,California,San Benito,1464,15,0,36.60308176,-121.069975,6069.0,2330.913259457394,1.024590163934426,1449,1461,15,0,1446,1449,61537,3,0,0,3,12
2020-10-31,US,California,San Bernardino,64952,1078,0,34.84060306,-116.1774685,6071.0,2979.3333746161275,1.6596871535903437,63874,64367,1074,0,63293,64131,2171603,585,4,0,581,236
2020-10-31,US,California,San Diego,56750,891,0,33.03484597,-116.73653259999999,6073.0,1699.9517722933326,1.570044052863436,55859,56369,888,0,55481,55898,3343364,381,3,0,378,471
2020-10-31,US,California,San Francisco,12399,148,0,37.75215114,-122.43856720000001,6075.0,1406.5015104095178,1.1936446487619972,12251,12320,147,0,12173,12277,883305,79,1,0,78,43
2020-10-31,US,California,San Joaquin,22106,494,0,37.93433732,-121.2730061,6077.0,2900.486519678593,2.2346874151813987,21612,21994,492,0,21502,21988,752660,112,2,0,110,6
2020-10-31,US,California,San Luis Obispo,4298,32,0,35.38822029,-120.4039028,6079.0,1518.132463945237,0.7445323406235458,4266,4265,32,0,4233,4240,284010,33,0,0,33,25
2020-10-31,US,California,San Mateo,11371,161,0,37.422880799999994,-122.32755459999998,6081.0,1483.355140345407,1.4158825081347286,11210,11341,161,0,11180,11278,769545,30,0,0,30,63
2020-10-31,US,California,Santa Barbara,9944,128,0,34.65329488,-120.0188492,6083.0,2227.1046519701054,1.2872083668543846,9816,9919,126,0,9793,9886,446527,25,2,0,23,33
2020-10-31,US,California,Santa Clara,24986,406,0,37.23104908,-121.6970462,6085.0,1296.0538464570932,1.6249099495717605,24580,24867,406,0,24461,24665,1937570,119,0,0,119,202
2020-10-31,US,California,Santa Cruz,2884,26,0,37.05580291,-122.0066524,6087.0,1055.5866668130723,0.9015256588072122,2858,2861,25,0,2836,2848,274255,23,1,0,22,13
2020-10-31,US,California,Shasta,2048,31,0,40.76391419,-122.0396884,6089.0,1137.272323411817,1.513671875,2017,2046,31,0,2015,1999,180040,2,0,0,2,47
2020-10-31,US,California,Sierra,6,0,0,39.57713498,-120.52007009999998,6091.0,199.6672212978369,0.0,6,6,0,0,6,6,2987,0,0,0,0,0
2020-10-31,US,California,Siskiyou,241,0,0,41.59198861,-122.54074340000001,6093.0,553.5267231677346,0.0,241,221,0,0,221,214,43724,20,0,0,20,7
2020-10-31,US,California,Solano,7634,76,0,38.26827353,-121.9357113,6095.0,1705.3768293037085,0.9955462405030128,7558,7634,76,0,7558,7586,446610,0,0,0,0,48
2020-10-31,US,California,Sonoma,9686,136,0,38.52746429,-122.88625060000001,6097.0,1959.3960383221126,1.4040883749741897,9550,9646,136,0,9510,9601,499942,40,0,0,40,45
2020-10-31,US,California,Stanislaus,17928,401,0,37.55862499,-120.9970722,6099.0,3255.7294882504634,2.2367246764837128,17527,17872,401,0,17471,17814,549815,56,0,0,56,58
2020-10-31,US,California,Sutter,1912,12,0,39.03417539,-121.6945899,6101.0,1971.7235049654016,0.6276150627615062,1900,1897,12,0,1885,1889,96807,15,0,0,15,8
2020-10-31,US,California,Tehama,932,9,0,40.12570935,-122.23701709999999,6103.0,1431.9955749492965,0.965665236051502,923,925,9,0,916,921,63916,7,0,0,7,4
2020-10-31,US,California,Trinity,33,0,0,40.64917670000001,-123.114713,6105.0,268.62026862026863,0.0,33,28,0,0,28,28,12535,5,0,0,5,0
2020-10-31,US,California,Tulare,17852,293,0,36.22026558,-118.8020203,6107.0,3829.298898529585,1.6412726865337215,17559,17800,292,0,17508,17730,465861,52,1,0,51,70
2020-10-31,US,California,Tuolumne,291,6,0,38.02644018,-119.95250929999999,6109.0,534.1605785821798,2.061855670103093,285,288,6,0,282,285,54539,3,0,0,3,3
2020-10-31,US,California,Ventura,14578,166,0,34.44465746,-119.09106129999999,6111.0,1723.1556277378647,1.1387021539305804,14412,14486,166,0,14320,14409,850967,92,0,0,92,77
2020-10-31,US,California,Yolo,3292,60,0,38.68278902,-121.90182879999999,6113.0,1492.9705215419501,1.8226002430133657,3232,3266,60,0,3206,3250,220408,26,0,0,26,16
2020-10-31,US,California,Yuba,1353,10,0,39.26255932,-121.35356440000001,6115.0,1719.8861036253622,0.7390983000739099,1343,1346,10,0,1336,1338,78041,7,0,0,7,8
2020-10-31,US,Colorado,Adams,15216,263,0,39.87432092,-104.3362578,8001.0,2940.7387794465253,1.7284437434279705,14953,14830,262,0,14568,14411,511868,386,1,0,385,419
2020-10-31,US,Colorado,Alamosa,356,9,0,37.57250606,-105.7885451,8003.0,2193.0635125977947,2.5280898876404496,347,339,9,0,330,327,16683,17,0,0,17,12
2020-10-31,US,Colorado,Arapahoe,13645,386,0,39.64977461,-104.3353617,8005.0,2078.1614097077318,2.8288750458043235,13259,13313,385,0,12928,13050,651215,332,1,0,331,263
2020-10-31,US,Colorado,Archuleta,68,0,0,37.19474156,-107.04768670000001,8007.0,484.7102430679306,0.0,68,68,0,0,68,68,13765,0,0,0,0,0
2020-10-31,US,Colorado,Baca,36,0,0,37.31940883,-102.5603223,8009.0,1005.3057805082381,0.0,36,33,0,0,33,32,3585,3,0,0,3,1
2020-10-31,US,Colorado,Bent,18,0,0,37.95474293,-103.0720195,8011.0,322.75416890801506,0.0,18,18,0,0,18,16,5882,0,0,0,0,2
2020-10-31,US,Colorado,Boulder,5870,88,0,40.09313619,-105.3546767,8013.0,1799.5315699763332,1.4991482112436116,5782,5756,86,0,5670,5660,326078,114,2,0,112,96
2020-10-31,US,Colorado,Broomfield,1071,42,0,39.95998787,-105.0566324,8014.0,1519.903498190591,3.92156862745098,1029,1041,42,0,999,997,69267,30,0,0,30,44
2020-10-31,US,Colorado,Chaffee,431,20,0,38.74745778,-106.19265729999998,8015.0,2117.311849086265,4.640371229698376,411,422,20,0,402,417,20027,9,0,0,9,5
2020-10-31,US,Colorado,Cheyenne,15,0,0,38.82777431,-102.6032558,8017.0,819.2244675040961,0.0,15,15,0,0,15,15,1876,0,0,0,0,0
2020-10-31,US,Colorado,Clear Creek,89,1,0,39.68864463,-105.6463118,8019.0,917.5257731958764,1.1235955056179776,88,86,1,0,85,74,9605,3,0,0,3,12
2020-10-31,US,Colorado,Conejos,81,0,0,37.201606,-106.19174879999998,8021.0,987.2029250457041,0.0,81,74,0,0,74,69,8200,7,0,0,7,5
2020-10-31,US,Colorado,Costilla,38,1,0,37.27732493,-105.4276548,8023.0,977.6177000257268,2.631578947368421,37,38,1,0,37,36,3828,0,0,0,0,2
2020-10-31,US,Colorado,Crowley,96,1,0,38.32608609,-103.7844965,8025.0,1583.897046691965,1.0416666666666667,95,96,1,0,95,95,5858,0,0,0,0,1
2020-10-31,US,Colorado,Custer,24,0,0,38.10883162,-105.3683478,8027.0,473.559589581689,0.0,24,22,0,0,22,22,4954,2,0,0,2,0
2020-10-31,US,Colorado,Delta,215,3,0,38.86246243,-107.86313419999999,8029.0,689.9428791476797,1.3953488372093024,212,214,3,0,211,211,30953,1,0,0,1,3
2020-10-31,US,Colorado,Denver,19441,452,0,39.76018276,-104.87256950000001,8031.0,2673.364401803603,2.3249832827529446,18989,18937,451,0,18486,18539,716492,504,1,0,503,398
2020-10-31,US,Colorado,Dolores,3,0,0,37.75208676,-108.5211585,8033.0,145.98540145985402,0.0,3,3,0,0,3,3,2074,0,0,0,0,0
2020-10-31,US,Colorado,Douglas,4332,65,0,39.33133796,-104.930001,8035.0,1233.6467760583675,1.5004616805170825,4267,4211,65,0,4146,4094,342776,121,0,0,121,117
2020-10-31,US,Colorado,Eagle,1510,10,0,39.62754308,-106.6933637,8037.0,2739.129646089938,0.6622516556291391,1500,1492,10,0,1482,1465,54993,18,0,0,18,27
2020-10-31,US,Colorado,El Paso,10904,204,0,38.83240149,-104.5251411,8041.0,1513.5972504278855,1.8708730741012471,10700,10612,204,0,10408,10411,713856,292,0,0,292,201
2020-10-31,US,Colorado,Elbert,242,3,0,39.28656773,-104.13587209999999,8039.0,905.3836656814696,1.2396694214876034,239,232,3,0,229,226,26282,10,0,0,10,6
2020-10-31,US,Colorado,Fremont,809,2,0,38.47362326,-105.43996670000001,8043.0,1691.0888605531052,0.2472187886279357,807,754,2,0,752,695,48021,55,0,0,55,59
2020-10-31,US,Colorado,Garfield,1230,5,0,39.59921777,-107.902708,8045.0,2047.9179500840808,0.4065040650406504,1225,1219,5,0,1214,1202,59770,11,0,0,11,17
2020-10-31,US,Colorado,Gilpin,30,0,0,39.85646523,-105.5252597,8047.0,480.53820278712163,0.0,30,30,0,0,30,29,6121,0,0,0,0,1
2020-10-31,US,Colorado,Grand,158,1,0,40.10603347,-106.11780420000001,8049.0,1004.1947375111224,0.6329113924050633,157,154,1,0,153,153,15525,4,0,0,4,1
2020-10-31,US,Colorado,Gunnison,319,7,0,38.66611652,-107.0320729,8051.0,1826.8239606001605,2.19435736677116,312,313,7,0,306,310,17246,6,0,0,6,3
2020-10-31,US,Colorado,Hinsdale,4,0,0,37.82247444,-107.3004345,8053.0,487.8048780487805,0.0,4,3,0,0,3,3,811,1,0,0,1,0
2020-10-31,US,Colorado,Huerfano,35,2,0,37.68473101,-104.9612585,8055.0,507.46701464404816,5.7142857142857135,33,34,2,0,32,33,6889,1,0,0,1,1
2020-10-31,US,Colorado,Jackson,9,0,0,40.66593870000001,-106.3408905,8057.0,646.5517241379309,0.0,9,9,0,0,9,9,1399,0,0,0,0,0
2020-10-31,US,Colorado,Jefferson,9303,318,0,39.58635604,-105.2517692,8059.0,1596.0376131663238,3.418252176717188,8985,9007,317,0,8690,8783,580233,296,1,0,295,224
2020-10-31,US,Colorado,Kiowa,6,0,0,38.43260896,-102.7392145,8061.0,426.7425320056898,0.0,6,5,0,0,5,4,1383,1,0,0,1,1
2020-10-31,US,Colorado,Kit Carson,139,3,0,39.30497777,-102.60221990000001,8063.0,1958.5740453712835,2.1582733812949644,136,137,3,0,134,135,7163,2,0,0,2,2
2020-10-31,US,Colorado,La Plata,392,2,0,37.28632032,-107.8429014,8067.0,697.2483591540528,0.5102040816326531,390,386,2,0,384,375,56310,6,0,0,6,11
2020-10-31,US,Colorado,Lake,143,0,0,39.20278823,-106.35556969999999,8065.0,1759.566875845945,0.0,143,135,0,0,135,135,7824,8,0,0,8,0
2020-10-31,US,Colorado,Larimer,4440,57,0,40.66671597,-105.4625784,8069.0,1244.0494369555533,1.2837837837837838,4383,4274,57,0,4217,4183,350518,166,0,0,166,91
2020-10-31,US,Colorado,Las Animas,85,1,0,37.3153406,-104.03764579999999,8071.0,585.9644285123397,1.1764705882352942,84,82,1,0,81,79,14503,3,0,0,3,3
2020-10-31,US,Colorado,Lincoln,25,0,0,38.98749519,-103.51366490000001,8073.0,438.5195579722856,0.0,25,25,0,0,25,25,5610,0,0,0,0,0
2020-10-31,US,Colorado,Logan,1306,13,0,40.7249637,-103.110817,8075.0,5828.015529474765,0.9954058192955588,1293,1271,13,0,1258,1258,21528,35,0,0,35,13
2020-10-31,US,Colorado,Mesa,1639,15,0,39.01787888,-108.469799,8077.0,1062.8363919330784,0.9151921903599756,1624,1550,15,0,1535,1504,153207,89,0,0,89,46
2020-10-31,US,Colorado,Mineral,21,0,0,37.66954283,-106.92816979999999,8079.0,2730.8192457737327,0.0,21,21,0,0,21,21,776,0,0,0,0,0
2020-10-31,US,Colorado,Moffat,77,1,0,40.61810999,-108.2070876,8081.0,579.688323420914,1.2987012987012987,76,72,1,0,71,70,13188,5,0,0,5,2
2020-10-31,US,Colorado,Montezuma,224,5,0,37.33859579,-108.59588570000001,8083.0,855.5169384715273,2.232142857142857,219,219,5,0,214,215,26158,5,0,0,5,4
2020-10-31,US,Colorado,Montrose,492,13,0,38.40214114,-108.26390220000002,8085.0,1150.6618644464195,2.6422764227642275,479,484,13,0,471,477,42214,8,0,0,8,7
2020-10-31,US,Colorado,Morgan,902,48,0,40.26279810000001,-103.8093302,8087.0,3103.068666574928,5.3215077605321515,854,892,48,0,844,879,28558,10,0,0,10,13
2020-10-31,US,Colorado,Otero,176,7,0,37.9014485,-103.7173385,8089.0,962.9062260641208,3.977272727272727,169,168,7,0,161,158,18432,8,0,0,8,10
2020-10-31,US,Colorado,Ouray,40,2,0,38.14717457,-107.7675136,8091.0,807.7544426494346,5.0,38,40,2,0,38,39,4833,0,0,0,0,1
2020-10-31,US,Colorado,Park,108,1,0,39.120926000000004,-105.7182065,8093.0,573.0963120191033,0.925925925925926,107,106,1,0,105,101,18556,2,0,0,2,5
2020-10-31,US,Colorado,Phillips,60,0,0,40.59414277,-102.3577703,8095.0,1406.7995310668232,0.0,60,58,0,0,58,56,4286,2,0,0,2,2
2020-10-31,US,Colorado,Pitkin,298,2,0,39.21720112,-106.9310027,8097.0,1677.266843023583,0.6711409395973155,296,293,2,0,291,288,17950,5,0,0,5,5
2020-10-31,US,Colorado,Prowers,198,4,0,37.95544985,-102.3926052,8099.0,1626.6841932303644,2.0202020202020203,194,197,4,0,193,189,12164,1,0,0,1,8
2020-10-31,US,Colorado,Pueblo,2331,45,0,38.17359144,-104.5127437,8101.0,1384.0070298769772,1.9305019305019304,2286,2227,45,0,2182,2141,167529,104,0,0,104,86
2020-10-31,US,Colorado,Rio Blanco,31,0,0,39.97913541,-108.2179009,8103.0,490.19607843137254,0.0,31,30,0,0,30,29,6336,1,0,0,1,1
2020-10-31,US,Colorado,Rio Grande,131,3,0,37.5836865,-106.3847838,8105.0,1162.6874944528267,2.2900763358778624,128,127,3,0,124,124,11250,4,0,0,4,3
2020-10-31,US,Colorado,Routt,230,9,0,40.48596505,-106.9905548,8107.0,897.105858491302,3.9130434782608696,221,221,8,0,213,219,25733,9,1,0,8,2
2020-10-31,US,Colorado,Saguache,146,2,0,38.08054629,-106.28246599999999,8109.0,2139.507620164127,1.3698630136986298,144,142,2,0,140,142,6843,4,0,0,4,0
2020-10-31,US,Colorado,San Juan,10,0,0,37.76248981,-107.67632890000002,8111.0,1373.6263736263734,0.0,10,7,0,0,7,7,762,3,0,0,3,0
2020-10-31,US,Colorado,San Miguel,109,0,0,38.00450883,-108.4020725,8113.0,1332.681256877369,0.0,109,104,0,0,104,104,8191,5,0,0,5,0
2020-10-31,US,Colorado,Sedgwick,46,1,0,40.87595412,-102.3519227,8115.0,2046.2633451957295,2.1739130434782608,45,43,1,0,42,41,2303,3,0,0,3,2
2020-10-31,US,Colorado,Summit,753,4,0,39.63803232,-106.1150762,8117.0,2428.170649124504,0.5312084993359893,749,751,4,0,747,730,31007,2,0,0,2,21
2020-10-31,US,Colorado,Teller,255,4,0,38.88133511,-105.16148929999999,8119.0,1004.4115330077202,1.568627450980392,251,240,4,0,236,232,25083,15,0,0,15,8
2020-10-31,US,Colorado,Washington,106,0,0,39.97015535,-103.202587,8121.0,2159.739201303993,0.0,106,104,0,0,104,102,4909,2,0,0,2,2
2020-10-31,US,Colorado,Weld,6583,159,0,40.55499405,-104.39296209999999,8123.0,2028.7094905267306,2.415312167704694,6424,6394,159,0,6235,6255,314305,189,0,0,189,139
2020-10-31,US,Colorado,Yuma,227,1,0,40.00346839,-102.4258673,8125.0,2265.695179159597,0.4405286343612335,226,223,1,0,222,219,10020,4,0,0,4,4
2020-10-31,US,Connecticut,Fairfield,24155,1436,0,41.26809896,-73.3881171,9001.0,2560.60432594251,5.944938936038088,22719,24155,1436,0,22719,23895,943823,0,0,0,0,260
2020-10-31,US,Connecticut,Hartford,18184,1481,0,41.80283011,-72.73103891,9003.0,2039.205131655677,8.144522657281126,16703,18184,1481,0,16703,17995,892697,0,0,0,0,189
2020-10-31,US,Connecticut,Litchfield,2305,144,0,41.7937534,-73.2451475,9005.0,1278.1909023861413,6.247288503253796,2161,2305,144,0,2161,2279,181111,0,0,0,0,26
2020-10-31,US,Connecticut,Middlesex,2018,197,0,41.45949668,-72.53714864,9007.0,1242.3354428821194,9.762140733399407,1821,2018,197,0,1821,1992,162682,0,0,0,0,26
2020-10-31,US,Connecticut,New Haven,17352,1128,0,41.408032500000004,-72.93620426,9009.0,2030.0506459730661,6.500691562932228,16224,17352,1128,0,16224,17156,857620,0,0,0,0,196
2020-10-31,US,Connecticut,New London,3803,143,0,41.48896435,-72.10430976,9011.0,1433.979623387103,3.760189324217723,3660,3803,143,0,3660,3765,266784,0,0,0,0,38
2020-10-31,US,Connecticut,Tolland,1780,68,0,41.85853803,-72.3308481,9013.0,1180.9900412019558,3.820224719101124,1712,1780,68,0,1712,1764,150921,0,0,0,0,16
2020-10-31,US,Connecticut,Unassigned,141,0,0,0.0,0.0,90009.0,0.0,0.0,141,141,0,0,141,155,,0,0,0,0,-14
2020-10-31,US,Connecticut,Windham,1469,19,0,41.82972709,-71.98182316,9015.0,1257.899333801442,1.2933968686181077,1450,1469,19,0,1450,1445,117027,0,0,0,0,24
2020-10-31,US,Delaware,Kent,3569,120,0,39.08646628,-75.56884914,10001.0,1974.1572909406705,3.3622863547212103,3449,3545,120,0,3425,3505,178550,24,0,0,24,40
2020-10-31,US,Delaware,New Castle,13192,353,0,39.57992638,-75.64054974,10003.0,2360.971663686817,2.6758641600970283,12839,13079,351,0,12728,12989,559335,113,2,0,111,90
2020-10-31,US,Delaware,Sussex,8099,235,0,38.66143781,-75.39031349,10005.0,3457.786316575942,2.9015927892332387,7864,8036,233,0,7803,7968,229286,63,2,0,61,68
2020-10-31,US,Delaware,Unassigned,91,0,0,0.0,0.0,90010.0,0.0,0.0,91,91,0,0,91,91,,0,0,0,0,0
2020-10-31,US,District of Columbia,District of Columbia,17266,646,0,38.90417773,-77.01655992,11001.0,2446.4788472955684,3.741457199119657,16620,17144,646,0,16498,17074,702455,122,0,0,122,70
2020-10-31,US,Florida,Alachua,10582,76,0,29.67866525,-82.35928158,12001.0,3933.2002691019648,0.7182007182007182,10506,10533,75,0,10458,10385,269956,49,1,0,48,148
2020-10-31,US,Florida,Baker,1795,23,0,30.33060121,-82.28467476,12003.0,6145.155768572407,1.2813370473537604,1772,1793,23,0,1770,1783,28355,2,0,0,2,10
2020-10-31,US,Florida,Bay,6866,134,0,30.26548745,-85.62122584,12005.0,3930.053518788816,1.951645790853481,6732,6858,134,0,6724,6801,185287,8,0,0,8,57
2020-10-31,US,Florida,Bradford,1239,15,0,29.95079741,-82.16611613,12007.0,4393.461224779263,1.2106537530266344,1224,1239,15,0,1224,1238,27732,0,0,0,0,1
2020-10-31,US,Florida,Brevard,11743,375,0,28.29409504,-80.73091022,12009.0,1950.8524077070554,3.1933918078855488,11368,11637,375,0,11262,11502,596849,106,0,0,106,135
2020-10-31,US,Florida,Broward,86235,1523,0,26.15184651,-80.48725556,12011.0,4416.0165671673885,1.7661042500144952,84712,86091,1522,0,84569,85449,1951260,144,1,0,143,642
2020-10-31,US,Florida,Calhoun,727,14,0,30.40666734,-85.19394153,12013.0,5154.200638071606,1.9257221458046767,713,723,14,0,709,718,14587,4,0,0,4,5
2020-10-31,US,Florida,Charlotte,3715,159,0,26.90131002,-81.92949121,12015.0,1966.54491556826,4.279946164199193,3556,3689,157,0,3532,3638,184998,26,2,0,24,51
2020-10-31,US,Florida,Citrus,3275,135,0,28.84804315,-82.47614748,12017.0,2188.3373313643865,4.122137404580153,3140,3260,135,0,3125,3224,147929,15,0,0,15,36
2020-10-31,US,Florida,Clay,6155,127,0,29.98319144,-81.85609986,12019.0,2807.2719975188375,2.0633631194151096,6028,6139,127,0,6012,6083,216072,16,0,0,16,56
2020-10-31,US,Florida,Collier,14587,256,0,26.11091986,-81.34687065,12021.0,3789.7958441369487,1.7549873174744637,14331,14542,256,0,14286,14404,378488,45,0,0,45,138
2020-10-31,US,Florida,Columbia,4284,79,0,30.22509788,-82.62160164,12023.0,5976.06227157325,1.8440709617180209,4205,4281,80,0,4201,4255,70503,3,-1,0,4,26
2020-10-31,US,Florida,DeSoto,1676,29,0,27.18677893,-81.80941373,12027.0,4410.410252361779,1.730310262529833,1647,1674,29,0,1645,1670,37489,2,0,0,2,4
2020-10-31,US,Florida,Dixie,903,11,0,29.60631086,-83.15724673,12029.0,5366.694401521455,1.2181616832779625,892,903,11,0,892,901,16700,0,0,0,0,2
2020-10-31,US,Florida,Duval,35256,523,0,30.33225875,-81.66976468,12031.0,3681.108425432392,1.4834354436124348,34733,35171,516,0,34655,34963,950181,85,7,0,78,208
2020-10-31,US,Florida,Escambia,13642,272,0,30.67652764,-87.37284571,12033.0,4285.678382487842,1.9938425450813664,13370,13584,271,0,13313,13517,315534,58,1,0,57,67
2020-10-31,US,Florida,Flagler,2157,39,0,29.45933576,-81.31508595,12035.0,1874.3319922489375,1.8080667593880388,2118,2148,38,0,2110,2117,112067,9,1,0,8,31
2020-10-31,US,Florida,Franklin,773,4,0,29.83791238,-84.82731662,12037.0,6375.2577319587635,0.517464424320828,769,773,4,0,769,771,11736,0,0,0,0,2
2020-10-31,US,Florida,Gadsden,3068,56,0,30.57796289,-84.61915825,12039.0,6719.229084537888,1.8252933507170797,3012,3065,56,0,3009,3064,45894,3,0,0,3,1
2020-10-31,US,Florida,Gilchrist,611,18,0,29.72856978,-82.79880657,12041.0,3288.1282962006244,2.9459901800327333,593,610,18,0,592,607,18256,1,0,0,1,3
2020-10-31,US,Florida,Glades,610,6,0,26.95635849,-81.18996211,12043.0,4416.769241908623,0.9836065573770492,604,607,6,0,601,606,13724,3,0,0,3,1
2020-10-31,US,Florida,Gulf,943,15,0,29.93543004,-85.24270990000002,12045.0,6913.996627318718,1.5906680805938491,928,941,15,0,926,939,16164,2,0,0,2,2
2020-10-31,US,Florida,Hamilton,907,10,0,30.49673973,-82.94998918,12047.0,6286.3875797061255,1.1025358324145536,897,906,10,0,896,904,14310,1,0,0,1,2
2020-10-31,US,Florida,Hardee,1617,16,0,27.49293939,-81.80956574,12049.0,6002.895645394809,0.989486703772418,1601,1614,16,0,1598,1606,27245,3,0,0,3,8
2020-10-31,US,Florida,Hendry,2238,44,0,26.55386945,-81.16469006,12051.0,5325.781733377755,1.9660411081322609,2194,2227,44,0,2183,2223,41556,11,0,0,11,4
2020-10-31,US,Florida,Hernando,3772,175,0,28.55364461,-82.42700204,12053.0,1945.13201320132,4.639448568398729,3597,3757,173,0,3584,3715,190865,15,2,0,13,42
2020-10-31,US,Florida,Highlands,2679,118,0,27.34254618,-81.34071957,12055.0,2522.100149687915,4.404628592758492,2561,2671,114,0,2557,2652,105424,8,4,0,4,19
2020-10-31,US,Florida,Hillsborough,48287,816,0,27.9276559,-82.32013172,12057.0,3280.4381616991673,1.689895831176093,47471,48148,820,0,47328,47800,1436888,139,-4,0,143,348
2020-10-31,US,Florida,Holmes,934,12,0,30.86747479,-85.81319222,12059.0,4761.1765305602285,1.284796573875803,922,924,12,0,912,914,19477,10,0,0,10,10
2020-10-31,US,Florida,Indian River,3896,125,0,27.69308961,-80.60556721,12061.0,2436.1724079713363,3.208418891170431,3771,3882,125,0,3757,3847,157413,14,0,0,14,35
2020-10-31,US,Florida,Jackson,3147,83,0,30.795459700000002,-85.21500423,12063.0,6780.281811522385,2.6374324753733718,3064,3143,84,0,3059,3124,48305,4,-1,0,5,19
2020-10-31,US,Florida,Jefferson,680,9,0,30.43669112,-83.89442308,12065.0,4773.26968973747,1.3235294117647058,671,677,9,0,668,672,14288,3,0,0,3,5
2020-10-31,US,Florida,Lafayette,1279,16,0,29.98484137,-83.18166636,12067.0,15186.416528140584,1.2509773260359656,1263,1278,16,0,1262,1278,8732,1,0,0,1,0
2020-10-31,US,Florida,Lake,8680,227,0,28.76202069,-81.7125123,12069.0,2364.3624120854874,2.615207373271889,8453,8662,228,0,8434,8613,356495,18,-1,0,19,49
2020-10-31,US,Florida,Lee,23589,518,0,26.58410348,-81.88399313,12071.0,3061.2125718779557,2.1959387850269194,23071,23517,515,0,23002,23335,754610,72,3,0,69,182
2020-10-31,US,Florida,Leon,12394,118,0,30.45955727,-84.27491114,12073.0,4221.648466186619,0.9520735839922544,12276,12371,116,0,12255,12316,292502,23,2,0,21,55
2020-10-31,US,Florida,Levy,1151,12,0,29.31829741,-82.74007147,12075.0,2773.2934968556488,1.0425716768027802,1139,1147,12,0,1135,1139,40770,4,0,0,4,8
2020-10-31,US,Florida,Liberty,539,11,0,30.23766008,-84.8829258,12077.0,6451.9990423749105,2.0408163265306123,528,539,11,0,528,534,8457,0,0,0,0,5
2020-10-31,US,Florida,Madison,1083,25,0,30.44396917,-83.47398594,12079.0,5856.269939977289,2.308402585410896,1058,1082,25,0,1057,1078,18529,1,0,0,1,4
2020-10-31,US,Florida,Manatee,13463,330,0,27.47196942,-82.31831044,12081.0,3338.5988448939,2.4511624452202327,13133,13403,330,0,13073,13258,394855,60,0,0,60,145
2020-10-31,US,Florida,Marion,10926,348,0,29.21227113,-82.05803627,12083.0,2988.683704479743,3.1850631521142234,10578,10902,347,0,10555,10819,359977,24,1,0,23,83
2020-10-31,US,Florida,Martin,5407,167,0,27.0772071,-80.43109784,12085.0,3358.385093167702,3.088588866284446,5240,5391,165,0,5226,5368,160912,16,2,0,14,23
2020-10-31,US,Florida,Miami-Dade,185891,3647,0,25.6112362,-80.55170587,12086.0,6841.925106921758,1.9619024051729241,182244,185552,3643,0,181909,184669,2761581,339,4,0,335,883
2020-10-31,US,Florida,Monroe,2304,25,0,25.20904673,-81.07812416,12087.0,3103.949991916797,1.0850694444444444,2279,2290,25,0,2265,2269,75027,14,0,0,14,21
2020-10-31,US,Florida,Nassau,2498,52,0,30.61037141,-81.80297522,12089.0,2818.617771509168,2.0816653322658127,2446,2485,52,0,2433,2480,85832,13,0,0,13,5
2020-10-31,US,Florida,Okaloosa,6499,130,0,30.69143028,-86.59267105,12091.0,3083.924114303068,2.0003077396522544,6369,6473,130,0,6343,6373,207269,26,0,0,26,100
2020-10-31,US,Florida,Okeechobee,1750,38,0,27.386336199999995,-80.88944347,12093.0,4150.066401062417,2.1714285714285717,1712,1748,38,0,1710,1736,41537,2,0,0,2,12
2020-10-31,US,Florida,Orange,46434,560,0,28.51367621,-81.31799498,12095.0,3332.299928522834,1.20601283542232,45874,46424,559,0,45865,45941,1380645,10,1,0,9,483
2020-10-31,US,Florida,Osceola,14287,206,0,28.06312234,-81.14882926,12097.0,3802.252023281376,1.4418702316791492,14081,14252,204,0,14048,14203,367990,35,2,0,33,49
2020-10-31,US,Florida,Palm Beach,52447,1588,0,26.64676272,-80.46536002,12099.0,3504.011972447337,3.0278185596888285,50859,52184,1586,0,50598,51779,1485941,263,2,0,261,405
2020-10-31,US,Florida,Pasco,10972,244,0,28.30810945,-82.40227529,12101.0,1980.6949040251145,2.2238425082026976,10728,10923,244,0,10679,10826,539630,49,0,0,49,97
2020-10-31,US,Florida,Pinellas,25986,823,0,27.93130349,-82.72239666,12103.0,2665.2417035557073,3.167089971523128,25163,25921,821,0,25100,25674,975280,65,2,0,63,247
2020-10-31,US,Florida,Polk,23164,623,0,27.95027105,-81.69732947,12105.0,3196.017533668977,2.6895182179243653,22541,23088,620,0,22468,22960,708009,76,3,0,73,128
2020-10-31,US,Florida,Putnam,2402,50,0,29.60779729,-81.74230285,12107.0,3223.252506005019,2.0815986677768525,2352,2398,50,0,2348,2386,74163,4,0,0,4,12
2020-10-31,US,Florida,Santa Rosa,5994,88,0,30.69341450000001,-87.02458128,12113.0,3252.076630514397,1.4681348014681348,5906,5968,88,0,5880,5941,179349,26,0,0,26,27
2020-10-31,US,Florida,Sarasota,9745,343,0,27.18546175,-82.33174248,12115.0,2246.727317160893,3.5197537198563364,9402,9706,344,0,9362,9657,426718,39,-1,0,40,49
2020-10-31,US,Florida,Seminole,10411,241,0,28.7158582,-81.24060348,12117.0,2206.533764565751,2.314859283450197,10170,10357,241,0,10116,10239,467832,54,0,0,54,118
2020-10-31,US,Florida,St. Johns,6599,84,0,29.90096506,-81.43589967,12109.0,2493.2746947164787,1.2729201394150629,6515,6564,82,0,6482,6506,254261,35,2,0,33,58
2020-10-31,US,Florida,St. Lucie,9129,336,0,27.37763908,-80.47106649,12111.0,2780.7138048778997,3.6805783766020377,8793,9099,335,0,8764,9061,321128,30,1,0,29,38
2020-10-31,US,Florida,Sumter,2945,86,0,28.70181754,-82.0794267,12119.0,2223.9842924029604,2.9202037351443124,2859,2928,86,0,2842,2891,128754,17,0,0,17,37
2020-10-31,US,Florida,Suwannee,3015,78,0,30.19746066,-82.99099670000003,12121.0,6787.941553909539,2.587064676616916,2937,3010,77,0,2933,2999,44191,5,1,0,4,11
2020-10-31,US,Florida,Taylor,1488,18,0,30.04848048,-83.60445406,12123.0,6898.789929992118,1.2096774193548387,1470,1487,18,0,1469,1476,21623,1,0,0,1,11
2020-10-31,US,Florida,Unassigned,1940,0,0,0.0,0.0,90012.0,0.0,0.0,1940,1786,0,0,1786,1827,,154,0,0,154,-41
2020-10-31,US,Florida,Union,1139,45,0,30.04412971,-82.37497443,12125.0,7475.22478178119,3.9508340649692713,1094,1138,45,0,1093,1133,14940,1,0,0,1,5
2020-10-31,US,Florida,Volusia,12927,322,0,29.05858895,-81.18263252,12127.0,2336.4131259895457,2.490910497408525,12605,12876,318,0,12558,12755,547538,51,4,0,47,121
2020-10-31,US,Florida,Wakulla,1327,11,0,30.16548905,-84.39895211,12129.0,3933.1337621150597,0.8289374529012811,1316,1322,11,0,1311,1319,32461,5,0,0,5,3
2020-10-31,US,Florida,Walton,2496,30,0,30.64204028,-86.16935664,12131.0,3369.7398442035346,1.2019230769230769,2466,2491,30,0,2461,2458,71375,5,0,0,5,33
2020-10-31,US,Florida,Washington,1248,24,0,30.61359259,-85.66002461,12133.0,4899.305146625839,1.9230769230769231,1224,1244,24,0,1220,1236,24880,4,0,0,4,8
2020-10-31,US,Georgia,Appling,1179,38,0,31.74847232,-82.28909114,13001.0,6412.487762427934,3.2230703986429177,1141,1175,38,0,1137,1173,18507,4,0,0,4,2
2020-10-31,US,Georgia,Atkinson,486,6,0,31.29633502,-82.87545866,13003.0,5952.235150030619,1.2345679012345678,480,486,6,0,480,484,8297,0,0,0,0,2
2020-10-31,US,Georgia,Bacon,638,16,0,31.55456473,-82.45936528,13005.0,5714.797563597275,2.5078369905956115,622,638,16,0,622,638,11185,0,0,0,0,0
2020-10-31,US,Georgia,Baker,92,6,0,31.32669878,-84.44218806,13007.0,3028.3080974325208,6.521739130434782,86,92,6,0,86,92,3092,0,0,0,0,0
2020-10-31,US,Georgia,Baldwin,2331,65,0,33.06882326,-83.24701748,13009.0,5192.693250167075,2.7885027885027887,2266,2322,65,0,2257,2316,44823,9,0,0,9,6
2020-10-31,US,Georgia,Banks,573,8,0,34.35607081,-83.49644388,13011.0,2979.099511282105,1.3961605584642234,565,563,8,0,555,558,18988,10,0,0,10,5
2020-10-31,US,Georgia,Barrow,2662,51,0,33.99148694,-83.71436292,13013.0,3197.981739548294,1.9158527422990232,2611,2645,51,0,2594,2631,80809,17,0,0,17,14
2020-10-31,US,Georgia,Bartow,3714,96,0,34.23732119,-84.83887523,13015.0,3447.251666078821,2.5848142164781907,3618,3689,96,0,3593,3667,106408,25,0,0,25,22
2020-10-31,US,Georgia,Ben Hill,884,34,0,31.76095874,-83.22145359,13017.0,5293.413173652694,3.8461538461538463,850,878,34,0,844,877,16787,6,0,0,6,1
2020-10-31,US,Georgia,Berrien,502,14,0,31.27590016,-83.22529920000002,13019.0,2588.0290766613393,2.7888446215139444,488,496,13,0,483,493,19252,6,1,0,5,3
2020-10-31,US,Georgia,Bibb,6692,200,0,32.80904227,-83.70489165,13021.0,4369.315547894672,2.9886431560071727,6492,6659,199,0,6460,6632,153095,33,1,0,32,27
2020-10-31,US,Georgia,Bleckley,520,27,0,32.43829035,-83.33035166,13023.0,4039.4624407674974,5.1923076923076925,493,517,27,0,490,516,12838,3,0,0,3,1
2020-10-31,US,Georgia,Brantley,473,13,0,31.19576557,-81.97743999,13025.0,2475.273431367419,2.748414376321353,460,466,13,0,453,463,18897,7,0,0,7,3
2020-10-31,US,Georgia,Brooks,553,26,0,30.83922642,-83.58303423,13027.0,3577.667076405512,4.701627486437613,527,553,26,0,527,553,15513,0,0,0,0,0
2020-10-31,US,Georgia,Bryan,1313,16,0,32.00979311,-81.44002948,13029.0,3313.3974310444896,1.2185833968012183,1297,1314,16,0,1298,1321,38109,-1,0,0,-1,-7
2020-10-31,US,Georgia,Bulloch,3106,33,0,32.39577406,-81.74811421,13031.0,3901.617927846448,1.0624597553122987,3073,3102,33,0,3069,3103,77296,4,0,0,4,-1
2020-10-31,US,Georgia,Burke,899,12,0,33.05917989,-81.99928721,13033.0,4016.4410490104096,1.3348164627363737,887,895,12,0,883,896,22423,4,0,0,4,-1
2020-10-31,US,Georgia,Butts,747,44,0,33.283094500000004,-83.95435040000002,13035.0,2995.6689124157842,5.890227576974566,703,746,44,0,702,746,24193,1,0,0,1,0
2020-10-31,US,Georgia,Calhoun,277,10,0,31.53169785,-84.62725131,13037.0,4475.682662788819,3.610108303249097,267,275,9,0,266,272,6352,2,1,0,1,3
2020-10-31,US,Georgia,Camden,1455,18,0,30.92951916,-81.66601818,13039.0,2661.617824607617,1.2371134020618555,1437,1442,18,0,1424,1436,53677,13,0,0,13,6
2020-10-31,US,Georgia,Candler,547,25,0,32.40209349,-82.07702563,13043.0,5063.408312505785,4.570383912248629,522,547,25,0,522,546,10836,0,0,0,0,1
2020-10-31,US,Georgia,Carroll,3417,77,0,33.58138199,-85.07976677,13045.0,2847.6898459897325,2.2534386889083997,3340,3370,77,0,3293,3360,118121,47,0,0,47,10
2020-10-31,US,Georgia,Catoosa,1488,23,0,34.89872298,-85.13757014,13047.0,2201.8348623853212,1.5456989247311828,1465,1472,23,0,1449,1461,67420,16,0,0,16,11
2020-10-31,US,Georgia,Charlton,648,10,0,30.78371028,-82.13951596,13049.0,4838.709677419355,1.5432098765432098,638,647,10,0,637,647,12968,1,0,0,1,0
2020-10-31,US,Georgia,Chatham,9530,191,0,32.00043026,-81.12489526,13051.0,3292.678713333103,2.0041972717733474,9339,9500,190,0,9310,9479,289195,30,1,0,29,21
2020-10-31,US,Georgia,Chattahoochee,1804,1,0,32.34341231,-84.78809239,13053.0,16539.836802053727,0.05543237250554324,1803,1783,1,0,1782,1753,10684,21,0,0,21,30
2020-10-31,US,Georgia,Chattooga,974,29,0,34.47197698,-85.34535662,13055.0,3929.1621283633863,2.97741273100616,945,967,29,0,938,960,24790,7,0,0,7,7
2020-10-31,US,Georgia,Cherokee,7318,102,0,34.24393976,-84.47431861,13057.0,2827.961186058824,1.3938234490297896,7216,7242,102,0,7140,7219,254149,76,0,0,76,23
2020-10-31,US,Georgia,Clarke,5848,50,0,33.95436462,-83.37124007,13059.0,4556.965970809859,0.8549931600547196,5798,5809,50,0,5759,5787,127330,39,0,0,39,22
2020-10-31,US,Georgia,Clay,124,3,0,31.62221166,-84.97713865,13061.0,4375.441072688779,2.419354838709677,121,124,3,0,121,124,2887,0,0,0,0,0
2020-10-31,US,Georgia,Clayton,8417,179,0,33.54187245,-84.35594188,13063.0,2880.0093069090112,2.126648449566354,8238,8362,179,0,8183,8298,289615,55,0,0,55,64
2020-10-31,US,Georgia,Clinch,458,13,0,30.91395822,-82.70432472,13065.0,6920.519794499849,2.838427947598253,445,456,12,0,444,453,6648,2,1,0,1,3
2020-10-31,US,Georgia,Cobb,22342,459,0,33.94243204,-84.5761255,13067.0,2939.1915447265706,2.0544266404082,21883,22132,458,0,21674,22059,756865,210,1,0,209,73
2020-10-31,US,Georgia,Coffee,2303,64,0,31.54892966,-82.85492059999999,13069.0,5322.025281353269,2.778983933999132,2239,2296,63,0,2233,2274,43093,7,1,0,6,22
2020-10-31,US,Georgia,Colquitt,2142,40,0,31.18810588,-83.7677946,13071.0,4697.368421052632,1.8674136321195145,2102,2141,40,0,2101,2136,45592,1,0,0,1,5
2020-10-31,US,Georgia,Columbia,4477,66,0,33.54534185,-82.263524,13073.0,2856.7964572405785,1.4742014742014742,4411,4440,65,0,4375,4415,154291,37,1,0,36,25
2020-10-31,US,Georgia,Cook,609,16,0,31.16068491,-83.42947229,13075.0,3526.3462651997693,2.6272577996715927,593,598,16,0,582,594,17162,11,0,0,11,4
2020-10-31,US,Georgia,Coweta,3013,63,0,33.35334302,-84.76129976,13077.0,2028.8332693641464,2.090939263192831,2950,3000,63,0,2937,2983,145864,13,0,0,13,17
2020-10-31,US,Georgia,Crawford,196,6,0,32.71391813,-83.98061238,13079.0,1580.1354401805868,3.0612244897959178,190,196,6,0,190,196,12318,0,0,0,0,0
2020-10-31,US,Georgia,Crisp,660,23,0,31.92289565,-83.76811843,13081.0,2950.116216699446,3.484848484848485,637,652,23,0,629,651,22601,8,0,0,8,1
2020-10-31,US,Georgia,Dade,374,6,0,34.854916700000004,-85.50490424,13083.0,2320.675105485232,1.60427807486631,368,368,6,0,362,362,16226,6,0,0,6,6
2020-10-31,US,Georgia,Dawson,926,11,0,34.44244079,-84.16964071,13085.0,3546.8055768346867,1.1879049676025921,915,925,11,0,914,922,25083,1,0,0,1,3
2020-10-31,US,Georgia,DeKalb,21587,403,0,33.76944049,-84.22396017,13089.0,2843.0245345365515,1.8668643164867744,21184,21441,403,0,21038,21335,756558,146,0,0,146,106
2020-10-31,US,Georgia,Decatur,1310,35,0,30.87967778,-84.57619536,13087.0,4961.369489471293,2.6717557251908395,1275,1308,35,0,1273,1304,26575,2,0,0,2,4
2020-10-31,US,Georgia,Dodge,640,19,0,32.17265114,-83.16948926,13091.0,3106.0422227614667,2.96875,621,630,19,0,611,620,20705,10,0,0,10,10
2020-10-31,US,Georgia,Dooly,379,18,0,32.15630737,-83.79746561,13093.0,2830.470500373413,4.749340369393139,361,376,18,0,358,375,13706,3,0,0,3,1
2020-10-31,US,Georgia,Dougherty,3312,191,0,31.53328528,-84.21722377,13095.0,3765.5191231979625,5.766908212560387,3121,3307,191,0,3116,3305,91243,5,0,0,5,2
2020-10-31,US,Georgia,Douglas,4197,73,0,33.70291126,-84.77026156,13097.0,2867.9198868411877,1.7393376221110315,4124,4147,73,0,4074,4135,145331,50,0,0,50,12
2020-10-31,US,Georgia,Early,558,35,0,31.32155345,-84.90255207,13099.0,5475.956820412169,6.2724014336917575,523,556,35,0,521,555,10247,2,0,0,2,1
2020-10-31,US,Georgia,Echols,246,2,0,30.71101099,-82.89687287,13101.0,6140.788816774838,0.8130081300813008,244,246,2,0,244,246,4000,0,0,0,0,0
2020-10-31,US,Georgia,Effingham,1860,29,0,32.36616021,-81.34280942,13103.0,2892.870474057484,1.5591397849462365,1831,1845,29,0,1816,1835,62190,15,0,0,15,10
2020-10-31,US,Georgia,Elbert,767,10,0,34.11302332,-82.83936148,13105.0,3996.040429300823,1.303780964797914,757,763,10,0,753,760,19120,4,0,0,4,3
2020-10-31,US,Georgia,Emanuel,1211,39,0,32.59221302,-82.30239915,13107.0,5347.522741322971,3.220478943022296,1172,1209,39,0,1170,1209,22612,2,0,0,2,0
2020-10-31,US,Georgia,Evans,487,7,0,32.15328841,-81.8870105,13109.0,4571.0531255866335,1.4373716632443532,480,486,7,0,479,487,10721,1,0,0,1,-1
2020-10-31,US,Georgia,Fannin,840,27,0,34.86430205,-84.316964,13111.0,3207.5759890025965,3.2142857142857144,813,833,27,0,806,835,25964,7,0,0,7,-2
2020-10-31,US,Georgia,Fayette,2172,57,0,33.41357794,-84.49089434,13113.0,1898.2529430786308,2.624309392265193,2115,2145,57,0,2088,2135,113459,27,0,0,27,10
2020-10-31,US,Georgia,Floyd,4103,61,0,34.26268279,-85.21577392,13115.0,4165.566813539363,1.4867170363148916,4042,4072,61,0,4011,4040,97927,31,0,0,31,32
2020-10-31,US,Georgia,Forsyth,4888,54,0,34.22604035,-84.12315129999998,13117.0,2001.2118631577225,1.104746317512275,4834,4823,54,0,4769,4792,236612,65,0,0,65,31
2020-10-31,US,Georgia,Franklin,959,18,0,34.37525597,-83.23159927,13119.0,4107.242280183305,1.8769551616266944,941,955,18,0,937,937,23023,4,0,0,4,18
2020-10-31,US,Georgia,Fulton,31655,628,0,33.79216944,-84.46319413,13121.0,2975.270152274054,1.983888801137261,31027,31428,627,0,30801,31315,1050114,227,1,0,226,113
2020-10-31,US,Georgia,Gilmer,1062,22,0,34.69316688,-84.45802506,13123.0,3385.50798559087,2.071563088512241,1040,1049,22,0,1027,1052,30816,13,0,0,13,-3
2020-10-31,US,Georgia,Glascock,51,2,0,33.22879932,-82.61297636,13125.0,1716.5937394816558,3.92156862745098,49,50,2,0,48,50,2995,1,0,0,1,0
2020-10-31,US,Georgia,Glynn,3786,104,0,31.23279254,-81.53811412,13127.0,4438.868827088121,2.7469624933967247,3682,3760,104,0,3656,3751,85219,26,0,0,26,9
2020-10-31,US,Georgia,Gordon,2451,47,0,34.50487351,-84.87296253,13129.0,4228.5595983644735,1.9175846593227253,2404,2428,47,0,2381,2414,57685,23,0,0,23,14
2020-10-31,US,Georgia,Grady,871,25,0,30.87454847,-84.23418364,13131.0,3535.907116469776,2.8702640642939152,846,867,25,0,842,866,24748,4,0,0,4,1
2020-10-31,US,Georgia,Greene,582,25,0,33.5769205,-83.17139104,13133.0,3176.1624099541577,4.29553264604811,557,577,25,0,552,576,17698,5,0,0,5,1
2020-10-31,US,Georgia,Gwinnett,31102,450,0,33.96044201,-84.02137802,13135.0,3321.975967957276,1.4468522924570768,30652,30894,449,0,30445,30746,927781,208,1,0,207,148
2020-10-31,US,Georgia,Habersham,1906,78,0,34.63331566,-83.53094677,13137.0,4204.906459583481,4.092339979013641,1828,1900,78,0,1822,1897,45388,6,0,0,6,3
2020-10-31,US,Georgia,Hall,10837,179,0,34.32207823,-83.81896936,13139.0,5300.795828625373,1.651748638922211,10658,10785,178,0,10607,10740,202148,52,1,0,51,45
2020-10-31,US,Georgia,Hancock,417,44,0,33.2721566,-82.99766919,13141.0,4930.826534231997,10.5515587529976,373,414,44,0,370,413,8348,3,0,0,3,1
2020-10-31,US,Georgia,Haralson,672,11,0,33.79602175,-85.21005667,13143.0,2255.639097744361,1.636904761904762,661,661,11,0,650,659,29533,11,0,0,11,2
2020-10-31,US,Georgia,Harris,855,25,0,32.73709786,-84.90538572,13145.0,2426.4956294698604,2.9239766081871346,830,852,25,0,827,852,34475,3,0,0,3,0
2020-10-31,US,Georgia,Hart,600,17,0,34.34626973,-82.96567682,13147.0,2289.639381797367,2.833333333333333,583,587,17,0,570,578,26099,13,0,0,13,9
2020-10-31,US,Georgia,Heard,240,6,0,33.29686567,-85.12886832,13149.0,2012.9162123626604,2.5,234,237,6,0,231,234,11879,3,0,0,3,3
2020-10-31,US,Georgia,Henry,6359,114,0,33.4533428,-84.14814659999998,13151.0,2711.021866380174,1.7927347067148922,6245,6304,114,0,6190,6269,230220,55,0,0,55,35
2020-10-31,US,Georgia,Houston,3723,95,0,32.45802497,-83.66879087,13153.0,2358.374033180669,2.5517056137523504,3628,3668,95,0,3573,3640,155469,55,0,0,55,28
2020-10-31,US,Georgia,Irwin,360,8,0,31.60213036,-83.27501387,13155.0,3823.279524214104,2.2222222222222223,352,359,8,0,351,358,9398,1,0,0,1,1
2020-10-31,US,Georgia,Jackson,2457,42,0,34.13794553,-83.56814788,13157.0,3366.814201734793,1.709401709401709,2415,2426,42,0,2384,2408,70422,31,0,0,31,18
2020-10-31,US,Georgia,Jasper,249,4,0,33.31535543,-83.68844964,13159.0,1751.178001265912,1.606425702811245,245,249,4,0,245,249,14040,0,0,0,0,0
2020-10-31,US,Georgia,Jeff Davis,809,23,0,31.80405727,-82.63724870000001,13161.0,5352.299040688058,2.8430160692212607,786,804,23,0,781,801,15029,5,0,0,5,3
2020-10-31,US,Georgia,Jefferson,858,33,0,33.05867328,-82.41609057,13163.0,5585.21025908085,3.8461538461538463,825,857,33,0,824,857,15430,1,0,0,1,0
2020-10-31,US,Georgia,Jenkins,472,32,0,32.79248718,-81.96040187,13165.0,5440.295066851084,6.779661016949151,440,472,32,0,440,472,8683,0,0,0,0,0
2020-10-31,US,Georgia,Johnson,441,23,0,32.70211082,-82.66166794,13167.0,4573.265581250648,5.215419501133787,418,441,23,0,418,441,9708,0,0,0,0,0
2020-10-31,US,Georgia,Jones,654,17,0,33.02512137,-83.56019163,13169.0,2275.9700713415696,2.599388379204893,637,650,17,0,633,647,28616,4,0,0,4,3
2020-10-31,US,Georgia,Lamar,430,20,0,33.07841647,-84.14263877,13171.0,2254.0231692614143,4.651162790697675,410,426,20,0,406,424,19000,4,0,0,4,2
2020-10-31,US,Georgia,Lanier,320,7,0,31.03828570000001,-83.06472457,13173.0,3070.133358917777,2.1875,313,320,7,0,313,319,10340,0,0,0,0,1
2020-10-31,US,Georgia,Laurens,2031,89,0,32.46325233,-82.92221316,13175.0,4271.652715265217,4.382077794190054,1942,2019,88,0,1931,2014,47325,12,1,0,11,5
2020-10-31,US,Georgia,Lee,755,30,0,31.779330600000005,-84.14324253,13177.0,2517.3379567884767,3.9735099337748334,725,752,30,0,722,748,29764,3,0,0,3,4
2020-10-31,US,Georgia,Liberty,1290,25,0,31.82588896,-81.49251135,13179.0,2099.7802555546514,1.937984496124031,1265,1286,25,0,1261,1288,61497,4,0,0,4,-2
2020-10-31,US,Georgia,Lincoln,237,7,0,33.79201475,-82.45024131,13181.0,2992.046458780457,2.9535864978902957,230,237,7,0,230,235,7915,0,0,0,0,2
2020-10-31,US,Georgia,Long,278,4,0,31.75218791,-81.74952375,13183.0,1421.3405593332993,1.4388489208633093,274,278,4,0,274,277,18998,0,0,0,0,1
2020-10-31,US,Georgia,Lowndes,4522,87,0,30.83568832,-83.27056716,13185.0,3851.591911827334,1.9239274657231316,4435,4503,87,0,4416,4496,116321,19,0,0,19,7
2020-10-31,US,Georgia,Lumpkin,1063,15,0,34.57286511,-84.00425681,13187.0,3162.7491817911327,1.4111006585136407,1048,1058,15,0,1043,1053,32955,5,0,0,5,5
2020-10-31,US,Georgia,Macon,255,10,0,32.35207048,-84.04234127,13193.0,1969.5682397466599,3.92156862745098,245,252,10,0,242,252,13143,3,0,0,3,0
2020-10-31,US,Georgia,Madison,812,11,0,34.12920917,-83.21218732,13195.0,2717.536813922356,1.354679802955665,801,799,11,0,788,798,29650,13,0,0,13,1
2020-10-31,US,Georgia,Marion,205,9,0,32.3483402,-84.52733571,13197.0,2452.4464648881444,4.390243902439025,196,201,9,0,192,201,8351,4,0,0,4,0
2020-10-31,US,Georgia,McDuffie,698,16,0,33.47851918,-82.48252774,13189.0,3275.1501501501507,2.292263610315186,682,690,15,0,675,689,21531,8,1,0,7,1
2020-10-31,US,Georgia,McIntosh,316,8,0,31.49683595,-81.40163426,13191.0,2197.802197802198,2.5316455696202533,308,313,8,0,305,310,14340,3,0,0,3,3
2020-10-31,US,Georgia,Meriwether,599,16,0,33.04163534,-84.68859732,13199.0,2829.8766948552,2.671118530884808,583,598,16,0,582,597,21068,1,0,0,1,1
2020-10-31,US,Georgia,Miller,316,2,0,31.16568912,-84.73151117,13201.0,5526.407834907311,0.6329113924050633,314,316,2,0,314,314,5686,0,0,0,0,2
2020-10-31,US,Georgia,Mitchell,849,46,0,31.22483255,-84.19381821,13205.0,3883.273109820245,5.418138987043581,803,850,46,0,804,848,22192,-1,0,0,-1,2
2020-10-31,US,Georgia,Monroe,771,55,0,33.014289,-83.92097166,13207.0,2795.7067227500183,7.133592736705578,716,767,55,0,712,765,27520,4,0,0,4,2
2020-10-31,US,Georgia,Montgomery,377,10,0,32.17201038,-82.53527476,13209.0,4110.335804622765,2.6525198938992043,367,375,10,0,365,375,9193,2,0,0,2,0
2020-10-31,US,Georgia,Morgan,539,6,0,33.59232073,-83.49129491,13211.0,2796.2232828387628,1.1131725417439704,533,536,6,0,530,535,18853,3,0,0,3,1
2020-10-31,US,Georgia,Murray,1093,9,0,34.78897608,-84.74993177,13213.0,2725.957701516361,0.8234217749313815,1084,1071,9,0,1062,1064,39921,22,0,0,22,7
2020-10-31,US,Georgia,Muscogee,6414,175,0,32.50931999,-84.87142262,13215.0,3276.310345356005,2.728406610539445,6239,6398,175,0,6223,6390,194160,16,0,0,16,8
2020-10-31,US,Georgia,Newton,2918,96,0,33.55514538,-83.84547140000002,13217.0,2611.325887743413,3.2899246058944485,2822,2892,96,0,2796,2878,109541,26,0,0,26,14
2020-10-31,US,Georgia,Oconee,871,31,0,33.83749973,-83.43679568,13219.0,2162.3634558093345,3.5591274397244548,840,869,31,0,838,871,39272,2,0,0,2,-2
2020-10-31,US,Georgia,Oglethorpe,430,13,0,33.878629600000004,-83.08278123,13221.0,2818.009043842978,3.0232558139534884,417,427,13,0,414,425,15054,3,0,0,3,2
2020-10-31,US,Georgia,Out of GA,14993,189,0,0.0,0.0,80013.0,0.0,1.2605882745281132,14804,14902,187,0,14715,14842,,91,2,0,89,60
2020-10-31,US,Georgia,Paulding,3245,61,0,33.91969522,-84.86848792,13223.0,1923.9092412860848,1.8798151001540837,3184,3204,61,0,3143,3193,164044,41,0,0,41,11
2020-10-31,US,Georgia,Peach,802,26,0,32.56934316,-83.82937,13225.0,2911.493501778843,3.2418952618453867,776,790,26,0,764,786,27297,12,0,0,12,4
2020-10-31,US,Georgia,Pickens,816,10,0,34.46589159,-84.46406611,13227.0,2503.758706391335,1.2254901960784317,806,807,10,0,797,805,31980,9,0,0,9,2
2020-10-31,US,Georgia,Pierce,688,24,0,31.35928155,-82.21598442,13229.0,3534.549190855381,3.4883720930232562,664,686,24,0,662,682,19389,2,0,0,2,4
2020-10-31,US,Georgia,Pike,395,11,0,33.09310242,-84.38790389,13231.0,2083.113595612277,2.7848101265822787,384,395,11,0,384,393,18634,0,0,0,0,2
2020-10-31,US,Georgia,Polk,1748,29,0,34.00267074,-85.18677781,13233.0,4102.034590383217,1.6590389016018308,1719,1736,29,0,1707,1728,42470,12,0,0,12,8
2020-10-31,US,Georgia,Pulaski,343,23,0,32.23334561,-83.47549959999998,13235.0,3079.824010056568,6.705539358600582,320,343,23,0,320,343,11069,0,0,0,0,0
2020-10-31,US,Georgia,Putnam,817,27,0,33.32056115,-83.37552891,13237.0,3693.657036936569,3.3047735618115057,790,809,27,0,782,808,21809,8,0,0,8,1
2020-10-31,US,Georgia,Quitman,42,1,0,31.86728114,-85.01773177,13239.0,1826.8812527185733,2.380952380952381,41,41,1,0,40,41,2279,1,0,0,1,0
2020-10-31,US,Georgia,Rabun,435,11,0,34.88389445,-83.40304637,13241.0,2538.367275485791,2.528735632183908,424,434,11,0,423,432,16867,1,0,0,1,2
2020-10-31,US,Georgia,Randolph,340,29,0,31.76622818,-84.75732369,13243.0,5016.228976099144,8.529411764705884,311,340,29,0,311,339,6833,0,0,0,0,1
2020-10-31,US,Georgia,Richmond,8115,185,0,33.35777107,-82.07026432,13245.0,4007.0512250762895,2.2797288971041283,7930,8043,185,0,7858,8012,201554,72,0,0,72,31
2020-10-31,US,Georgia,Rockdale,2169,41,0,33.65145002,-84.02202167,13247.0,2386.243619081148,1.8902720147533425,2128,2151,40,0,2111,2148,90594,18,1,0,17,3
2020-10-31,US,Georgia,Schley,109,2,0,32.2654021,-84.31258912,13249.0,2073.4259083127263,1.834862385321101,107,109,2,0,107,109,5236,0,0,0,0,0
2020-10-31,US,Georgia,Screven,452,11,0,32.74976524,-81.60779441,13251.0,3236.431333237864,2.433628318584071,441,452,11,0,441,450,13938,0,0,0,0,2
2020-10-31,US,Georgia,Seminole,396,11,0,30.93464824,-84.86823924,13253.0,4894.932014833127,2.7777777777777777,385,394,11,0,383,395,8315,2,0,0,2,-1
2020-10-31,US,Georgia,Spalding,1629,63,0,33.26310031,-84.28013991,13255.0,2442.169017885253,3.867403314917127,1566,1617,63,0,1554,1611,66100,12,0,0,12,6
2020-10-31,US,Georgia,Stephens,1293,42,0,34.55151201,-83.29405315,13257.0,4987.4638379942135,3.2482598607888638,1251,1288,42,0,1246,1287,26035,5,0,0,5,1
2020-10-31,US,Georgia,Stewart,571,16,0,32.07996777,-84.83208037,13259.0,8624.074913155113,2.8021015761821366,555,569,16,0,553,568,6199,2,0,0,2,1
2020-10-31,US,Georgia,Sumter,967,68,0,32.03650571,-84.19821492,13261.0,3275.301449668067,7.0320579110651495,899,961,68,0,893,961,29733,6,0,0,6,0
2020-10-31,US,Georgia,Talbot,176,8,0,32.69642758,-84.53351366,13263.0,2841.0008071025013,4.545454545454546,168,176,8,0,168,175,6272,0,0,0,0,1
2020-10-31,US,Georgia,Taliaferro,31,0,0,33.56543317,-82.88136816,13265.0,2016.9160702667525,0.0,31,30,0,0,30,30,1608,1,0,0,1,0
2020-10-31,US,Georgia,Tattnall,954,16,0,32.04785085,-82.05539188,13267.0,3772.838724986159,1.6771488469601676,938,947,16,0,931,942,25391,7,0,0,7,5
2020-10-31,US,Georgia,Taylor,237,12,0,32.55792548,-84.25077141,13269.0,2955.1122194513714,5.063291139240507,225,235,12,0,223,235,8039,2,0,0,2,0
2020-10-31,US,Georgia,Telfair,504,24,0,31.92829517,-82.93491155,13271.0,3177.805800756621,4.761904761904762,480,502,24,0,478,510,15876,2,0,0,2,-8
2020-10-31,US,Georgia,Terrell,341,32,0,31.77527543,-84.44069698,13273.0,3997.1867307466887,9.384164222873899,309,341,32,0,309,340,8611,0,0,0,0,1
2020-10-31,US,Georgia,Thomas,1619,71,0,30.86392347,-83.91847289,13275.0,3642.212773615892,4.385423100679431,1548,1615,70,0,1545,1610,44448,4,1,0,3,5
2020-10-31,US,Georgia,Tift,1981,65,0,31.45743864,-83.5236119,13277.0,4874.028146835942,3.281171125694094,1916,1973,65,0,1908,1969,40571,8,0,0,8,4
2020-10-31,US,Georgia,Toombs,1518,57,0,32.12059861,-82.32957247,13279.0,5657.845695117406,3.7549407114624502,1461,1511,56,0,1455,1506,26887,7,1,0,6,5
2020-10-31,US,Georgia,Towns,455,13,0,34.91369188,-83.74107459999998,13281.0,3780.011630805018,2.8571428571428568,442,448,13,0,435,444,11852,7,0,0,7,4
2020-10-31,US,Georgia,Treutlen,317,12,0,32.40422134,-82.56904553,13283.0,4593.537168526302,3.785488958990536,305,316,12,0,304,315,6809,1,0,0,1,1
2020-10-31,US,Georgia,Troup,3068,109,0,33.03349196,-85.02812115,13285.0,4387.74634592832,3.552803129074316,2959,3064,109,0,2955,3054,70034,4,0,0,4,10
2020-10-31,US,Georgia,Turner,338,24,0,31.71612656,-83.62069378,13287.0,4232.936756418284,7.100591715976331,314,338,24,0,314,338,7912,0,0,0,0,0
2020-10-31,US,Georgia,Twiggs,222,10,0,32.67435595,-83.43078662,13289.0,2733.990147783252,4.504504504504505,212,220,10,0,210,220,8188,2,0,0,2,0
2020-10-31,US,Georgia,Unassigned,1871,6,0,0.0,0.0,90013.0,0.0,0.32068412613575625,1865,1827,6,0,1821,1887,,44,0,0,44,-60
2020-10-31,US,Georgia,Union,911,26,0,34.82995757,-83.98967069,13291.0,3716.698625107095,2.854006586169045,885,907,26,0,881,895,24001,4,0,0,4,12
2020-10-31,US,Georgia,Upson,844,71,0,32.87920671,-84.30024826,13293.0,3206.6869300911853,8.412322274881516,773,840,71,0,769,843,26215,4,0,0,4,-3
2020-10-31,US,Georgia,Walker,1941,46,0,34.73376362,-85.30165174,13295.0,2782.3569042874956,2.3699124162802683,1895,1922,45,0,1877,1910,69410,19,1,0,18,12
2020-10-31,US,Georgia,Walton,2388,70,0,33.78017694,-83.73552314,13297.0,2524.4996987092068,2.931323283082077,2318,2374,69,0,2305,2365,93503,14,1,0,13,9
2020-10-31,US,Georgia,Ware,1764,65,0,31.05449097,-82.42224148,13299.0,4936.475065763699,3.6848072562358283,1699,1755,64,0,1691,1745,35680,9,1,0,8,10
2020-10-31,US,Georgia,Warren,169,6,0,33.41146451,-82.67795848,13301.0,3216.5968785687096,3.5502958579881656,163,169,5,0,164,167,5251,0,1,0,-1,2
2020-10-31,US,Georgia,Washington,792,13,0,32.96711864,-82.79357039,13303.0,3887.3073525080986,1.6414141414141414,779,778,13,0,765,776,20386,14,0,0,14,2
2020-10-31,US,Georgia,Wayne,1262,33,0,31.5521809,-81.91894878,13305.0,4216.927857787282,2.614896988906497,1229,1258,33,0,1225,1254,29808,4,0,0,4,4
2020-10-31,US,Georgia,Webster,44,2,0,32.04066113,-84.54742852,13307.0,1687.7637130801688,4.545454545454546,42,44,2,0,42,44,2611,0,0,0,0,0
2020-10-31,US,Georgia,Wheeler,370,17,0,32.12009104,-82.72574721,13309.0,4710.375556970082,4.594594594594595,353,370,17,0,353,369,7879,0,0,0,0,1
2020-10-31,US,Georgia,White,1021,24,0,34.64624278,-83.74905525,13311.0,3315.150334437301,2.3506366307541624,997,1013,24,0,989,1011,29970,8,0,0,8,2
2020-10-31,US,Georgia,Whitfield,5646,64,0,34.80987459,-84.96093476,13313.0,5396.26103910999,1.1335458731845554,5582,5563,64,0,5499,5522,104062,83,0,0,83,41
2020-10-31,US,Georgia,Wilcox,259,25,0,31.97496928,-83.43438555,13315.0,2999.4209612044015,9.652509652509652,234,258,25,0,233,257,8812,1,0,0,1,1
2020-10-31,US,Georgia,Wilkes,315,7,0,33.78290391,-82.74286107,13317.0,3221.847192390304,2.2222222222222223,308,306,6,0,300,303,9876,9,1,0,8,3
2020-10-31,US,Georgia,Wilkinson,372,17,0,32.80291082,-83.17140684,13319.0,4154.567790931427,4.56989247311828,355,371,17,0,354,368,9036,1,0,0,1,3
2020-10-31,US,Georgia,Worth,610,35,0,31.55162306,-83.85090513,13321.0,3012.7920185706525,5.737704918032787,575,609,34,0,575,609,20299,1,1,0,0,0
2020-10-31,US,Hawaii,Hawaii,1274,31,0,19.60121157,-155.5210167,15001.0,632.2172763047545,2.4332810047095763,1243,1259,31,0,1228,1246,200983,15,0,0,15,13
2020-10-31,US,Hawaii,Honolulu,13133,170,0,21.45803166,-157.97121819999995,15003.0,1347.578350501712,1.2944490976928351,12963,13087,168,0,12919,13013,980080,46,2,0,44,74
2020-10-31,US,Hawaii,Kauai,64,0,0,22.03935037,-159.5966786,15007.0,88.52862656135449,0.0,64,64,0,0,64,64,72133,0,0,0,0,0
2020-10-31,US,Hawaii,Maui,524,17,0,20.86399628,-156.56890969999995,15009.0,312.99091490111516,3.2442748091603053,507,523,16,0,507,518,167207,1,1,0,0,5
2020-10-31,US,Hawaii,Out of HI,76,1,0,0.0,0.0,80015.0,0.0,1.3157894736842106,75,70,1,0,69,70,,6,0,0,6,0
2020-10-31,US,Idaho,Ada,17326,180,0,43.4526575,-116.24155159999998,16001.0,3597.688475810186,1.0389010735311093,17146,17098,178,0,16920,16908,469966,228,2,0,226,190
2020-10-31,US,Idaho,Adams,65,2,0,44.89333571,-116.4545247,16003.0,1513.7401024685607,3.0769230769230766,63,63,2,0,61,63,4250,2,0,0,2,0
2020-10-31,US,Idaho,Bannock,2732,14,0,42.67002716,-112.2233311,16005.0,3111.3338192419824,0.5124450951683748,2718,2666,14,0,2652,2582,87138,66,0,0,66,84
2020-10-31,US,Idaho,Bear Lake,77,1,0,42.28269683,-111.32892379999998,16007.0,1257.142857142857,1.2987012987012987,76,76,1,0,75,76,6050,1,0,0,1,0
2020-10-31,US,Idaho,Benewah,182,3,0,47.21754179,-116.6586851,16009.0,1957.4101957410198,1.6483516483516485,179,180,3,0,177,179,9226,2,0,0,2,1
2020-10-31,US,Idaho,Bingham,1664,23,0,43.21672879999999,-112.3978437,16011.0,3554.720044434001,1.3822115384615383,1641,1636,23,0,1613,1621,46236,28,0,0,28,15
2020-10-31,US,Idaho,Blaine,911,7,0,43.4085812,-113.9752658,16013.0,3957.256418053082,0.7683863885839737,904,909,7,0,902,897,22601,2,0,0,2,12
2020-10-31,US,Idaho,Boise,87,2,0,43.98829931,-115.7309284,16015.0,1110.9692248754948,2.2988505747126435,85,84,2,0,82,83,7634,3,0,0,3,1
2020-10-31,US,Idaho,Bonner,523,1,0,48.29996017,-116.6017932,16017.0,1143.4443254115745,0.19120458891013384,522,517,1,0,516,508,44727,6,0,0,6,9
2020-10-31,US,Idaho,Bonneville,4719,38,0,43.38713372,-111.6161537,16019.0,3963.481211469655,0.8052553507098962,4681,4665,37,0,4628,4591,116854,54,1,0,53,74
2020-10-31,US,Idaho,Boundary,203,1,0,48.76684761,-116.4630179,16021.0,1657.8195181706824,0.4926108374384237,202,190,1,0,189,173,11948,13,0,0,13,17
2020-10-31,US,Idaho,Butte,104,0,0,43.72592209,-113.1735463,16023.0,4004.620716211013,0.0,104,103,0,0,103,103,2611,1,0,0,1,0
2020-10-31,US,Idaho,Camas,41,0,0,43.46665742,-114.8065892,16025.0,3707.052441229656,0.0,41,41,0,0,41,41,1127,0,0,0,0,0
2020-10-31,US,Idaho,Canyon,10335,111,0,43.61970148,-116.70954990000001,16027.0,4496.430265087079,1.0740203193033382,10224,10259,111,0,10148,10111,223499,76,0,0,76,148
2020-10-31,US,Idaho,Caribou,306,4,0,42.77149116,-111.5597683,16029.0,4276.729559748428,1.30718954248366,302,299,4,0,295,293,7060,7,0,0,7,6
2020-10-31,US,Idaho,Cassia,1461,9,0,42.28347888,-113.6012409,16031.0,6079.900124843945,0.6160164271047228,1452,1430,9,0,1421,1419,23864,31,0,0,31,11
2020-10-31,US,Idaho,Clark,40,0,0,44.28496071,-112.35057040000001,16033.0,4733.727810650888,0.0,40,40,0,0,40,40,852,0,0,0,0,0
2020-10-31,US,Idaho,Clearwater,149,0,0,46.67459924,-115.6622393,16035.0,1701.6902695294657,0.0,149,145,0,0,145,145,8758,4,0,0,4,0
2020-10-31,US,Idaho,Custer,97,1,0,44.24186819,-114.2855494,16037.0,2247.9721900347627,1.0309278350515465,96,96,1,0,95,96,4280,1,0,0,1,0
2020-10-31,US,Idaho,Elmore,577,4,0,43.3507101,-115.4701578,16039.0,2097.3428810294063,0.6932409012131716,573,557,4,0,553,543,27259,20,0,0,20,14
2020-10-31,US,Idaho,Franklin,384,2,0,42.18332217,-111.81496659999999,16041.0,2767.368117613145,0.5208333333333334,382,378,2,0,376,374,13726,6,0,0,6,4
2020-10-31,US,Idaho,Fremont,496,4,0,44.22800938,-111.48099429999999,16043.0,3786.548591495534,0.8064516129032258,492,489,4,0,485,486,13168,7,0,0,7,3
2020-10-31,US,Idaho,Gem,448,6,0,44.06482372,-116.398376,16045.0,2473.498233215548,1.3392857142857142,442,445,6,0,439,436,17634,3,0,0,3,9
2020-10-31,US,Idaho,Gooding,631,9,0,42.96927962,-114.81083059999999,16047.0,4157.059094802029,1.4263074484944531,622,621,9,0,612,604,15196,10,0,0,10,17
2020-10-31,US,Idaho,Idaho,380,1,0,45.84721541,-115.4634436,16049.0,2279.9544009119822,0.2631578947368421,379,380,1,0,379,376,16513,0,0,0,0,4
2020-10-31,US,Idaho,Jefferson,1021,4,0,43.82078483,-112.3131749,16051.0,3418.0308660573805,0.3917727717923604,1017,1012,4,0,1008,994,29439,9,0,0,9,18
2020-10-31,US,Idaho,Jerome,1189,9,0,42.68891267,-114.2655033,16053.0,4870.5554645256425,0.7569386038687973,1180,1170,9,0,1161,1142,24015,19,0,0,19,28
2020-10-31,US,Idaho,Kootenai,4444,51,0,47.67282258,-116.7020872,16055.0,2682.0038986825352,1.1476147614761476,4393,4386,51,0,4335,4253,161505,58,0,0,58,133
2020-10-31,US,Idaho,Latah,982,1,0,46.81587887,-116.71136979999999,16057.0,2448.3893487583523,0.10183299389002036,981,979,1,0,978,962,40134,3,0,0,3,17
2020-10-31,US,Idaho,Lemhi,284,1,0,44.9438088,-113.9309747,16059.0,3538.0590507038746,0.35211267605633795,283,273,1,0,272,262,7961,11,0,0,11,11
2020-10-31,US,Idaho,Lewis,85,3,0,46.23315327,-116.434146,16061.0,2214.6951537258988,3.5294117647058822,82,85,3,0,82,84,3861,0,0,0,0,1
2020-10-31,US,Idaho,Lincoln,237,3,0,43.0012336,-114.1358773,16063.0,4416.697726425643,1.2658227848101269,234,233,3,0,230,213,5360,4,0,0,4,20
2020-10-31,US,Idaho,Madison,2718,4,0,43.78141028,-111.65384740000002,16065.0,6810.835191820984,0.14716703458425312,2714,2694,4,0,2690,2644,39304,24,0,0,24,50
2020-10-31,US,Idaho,Minidoka,1257,9,0,42.85518524,-113.6357257,16067.0,5974.618565521176,0.7159904534606205,1248,1236,9,0,1227,1220,20825,21,0,0,21,16
2020-10-31,US,Idaho,Nez Perce,924,24,0,46.32638236,-116.75009750000001,16069.0,2286.6759057612353,2.5974025974025974,900,923,24,0,899,895,40408,1,0,0,1,28
2020-10-31,US,Idaho,Oneida,64,0,0,42.19494279999999,-112.5407838,16071.0,1412.4917236813067,0.0,64,57,0,0,57,56,4488,7,0,0,7,1
2020-10-31,US,Idaho,Owyhee,405,5,0,42.58016894,-116.16938710000001,16073.0,3425.5265161126617,1.2345679012345678,400,404,5,0,399,399,11693,1,0,0,1,5
2020-10-31,US,Idaho,Payette,1171,10,0,44.00545243,-116.7647695,16075.0,4889.148678552044,0.8539709649871904,1161,1162,10,0,1152,1145,23551,9,0,0,9,17
2020-10-31,US,Idaho,Power,376,2,0,42.69254894,-112.83957420000002,16077.0,4895.195938028904,0.5319148936170213,374,372,2,0,370,369,7768,4,0,0,4,3
2020-10-31,US,Idaho,Shoshone,287,20,0,47.35364087,-115.89167490000001,16079.0,2227.9149200434713,6.968641114982578,267,286,20,0,266,281,12796,1,0,0,1,5
2020-10-31,US,Idaho,Teton,302,2,0,43.75303583,-111.2056773,16081.0,2487.234393015977,0.6622516556291391,300,297,2,0,295,289,11640,5,0,0,5,8
2020-10-31,US,Idaho,Twin Falls,4316,49,0,42.35440512,-114.6685381,16083.0,4967.886001058956,1.1353104726598702,4267,4273,49,0,4224,4200,86081,43,0,0,43,73
2020-10-31,US,Idaho,Valley,127,1,0,44.76728382,-115.5676773,16085.0,1114.8174157303372,0.7874015748031497,126,122,1,0,121,119,11041,5,0,0,5,3
2020-10-31,US,Idaho,Washington,481,8,0,44.45275475,-116.78476880000001,16087.0,4718.461840298215,1.6632016632016633,473,478,8,0,470,471,10161,3,0,0,3,7
2020-10-31,US,Illinois,Adams,2136,24,0,39.98815591,-91.18786813,17001.0,3264.308091999694,1.1235955056179776,2112,2136,24,0,2112,2071,65691,0,0,0,0,65
2020-10-31,US,Illinois,Alexander,147,1,0,37.18049267,-89.32910838,17003.0,2551.640340218712,0.6802721088435374,146,147,1,0,146,145,6060,0,0,0,0,2
2020-10-31,US,Illinois,Bond,532,9,0,38.88829622,-89.43534887,17005.0,3238.767807135029,1.6917293233082706,523,532,9,0,523,525,16630,0,0,0,0,7
2020-10-31,US,Illinois,Boone,2038,25,0,42.32359279,-88.82345779,17007.0,3806.215448976543,1.2266928361138372,2013,2038,25,0,2013,1998,53577,0,0,0,0,40
2020-10-31,US,Illinois,Brown,121,0,0,39.96209138,-90.75068024,17009.0,1839.464882943144,0.0,121,121,0,0,121,122,6556,0,0,0,0,-1
2020-10-31,US,Illinois,Bureau,986,17,0,41.40385234,-89.5283051,17011.0,3021.944342282702,1.7241379310344829,969,986,17,0,969,955,32993,0,0,0,0,31
2020-10-31,US,Illinois,Calhoun,70,0,0,39.16840183,-90.66330078,17013.0,1477.1048744460854,0.0,70,70,0,0,70,66,4802,0,0,0,0,4
2020-10-31,US,Illinois,Carroll,490,13,0,42.06823429,-89.93395545,17015.0,3425.375742747291,2.653061224489796,477,490,13,0,477,457,14312,0,0,0,0,33
2020-10-31,US,Illinois,Cass,474,11,0,39.96991073,-90.24734436,17017.0,3902.1980735984193,2.3206751054852317,463,474,11,0,463,470,12260,0,0,0,0,4
2020-10-31,US,Illinois,Champaign,6585,28,0,40.13919438,-88.20046615,17019.0,3140.365016762921,0.425208807896735,6557,6585,28,0,6557,6462,209983,0,0,0,0,123
2020-10-31,US,Illinois,Christian,888,31,0,39.54581621,-89.27780482,17021.0,2748.8855869242198,3.490990990990991,857,888,31,0,857,868,32661,0,0,0,0,20
2020-10-31,US,Illinois,Clark,328,18,0,39.33425789,-87.78705622,17023.0,2124.2147529305107,5.487804878048781,310,328,18,0,310,317,15596,0,0,0,0,11
2020-10-31,US,Illinois,Clay,335,14,0,38.75388572,-88.48914513,17025.0,2540.9587378640776,4.17910447761194,321,335,14,0,321,330,13253,0,0,0,0,5
2020-10-31,US,Illinois,Clinton,1877,31,0,38.60704876,-89.42385254,17027.0,4997.071508439381,1.6515716568993075,1846,1877,31,0,1846,1856,37639,0,0,0,0,21
2020-10-31,US,Illinois,Coles,2111,40,0,39.51949084,-88.22358557,17029.0,4170.2060409711385,1.894836570345808,2071,2111,40,0,2071,2058,50885,0,0,0,0,53
2020-10-31,US,Illinois,Cook,186405,5469,0,41.84144849,-87.81658794,17031.0,3619.350813836966,2.933934175585419,180936,186405,5469,0,180936,183649,5180493,0,0,0,0,2756
2020-10-31,US,Illinois,Crawford,676,6,0,39.0032229,-87.75954624,17033.0,3621.363904215996,0.8875739644970414,670,676,6,0,670,668,18807,0,0,0,0,8
2020-10-31,US,Illinois,Cumberland,313,6,0,39.27432424,-88.2401158,17035.0,2907.3007616570685,1.9169329073482428,307,313,6,0,307,311,10808,0,0,0,0,2
2020-10-31,US,Illinois,De Witt,282,6,0,40.17514519,-88.90959682,17039.0,1803.2996546873,2.127659574468085,276,282,6,0,276,275,15769,0,0,0,0,7
2020-10-31,US,Illinois,DeKalb,2605,43,0,41.89373302,-88.76958483,17037.0,2483.3884667817,1.6506717850287909,2562,2605,43,0,2562,2524,104143,0,0,0,0,81
2020-10-31,US,Illinois,Douglas,787,9,0,39.76768052,-88.21854195,17041.0,4043.154379655793,1.1435832274459974,778,787,9,0,778,742,19479,0,0,0,0,45
2020-10-31,US,Illinois,DuPage,24696,619,0,41.85116968,-88.08642662,17043.0,2675.851995999657,2.506478781988986,24077,24696,619,0,24077,24240,928589,0,0,0,0,456
2020-10-31,US,Illinois,Edgar,167,11,0,39.6809186,-87.74759563,17045.0,973.1367635918652,6.586826347305388,156,167,11,0,156,165,17360,0,0,0,0,2
2020-10-31,US,Illinois,Edwards,114,0,0,38.41353228,-88.05720863,17047.0,1782.6426896012506,0.0,114,114,0,0,114,112,6392,0,0,0,0,2
2020-10-31,US,Illinois,Effingham,1285,4,0,39.05935711,-88.58969584,17049.0,3778.5227005410493,0.311284046692607,1281,1285,4,0,1281,1266,34208,0,0,0,0,19
2020-10-31,US,Illinois,Fayette,720,24,0,39.00072038,-89.02452658,17051.0,3374.578177727784,3.333333333333333,696,720,24,0,696,719,21416,0,0,0,0,1
2020-10-31,US,Illinois,Ford,217,16,0,40.59706922,-88.22350769,17053.0,1674.2535298202301,7.3732718894009235,201,217,16,0,201,211,13264,0,0,0,0,6
2020-10-31,US,Illinois,Franklin,1081,10,0,37.99189086,-88.92567818,17055.0,2810.054849359224,0.9250693802035151,1071,1081,10,0,1071,1059,38701,0,0,0,0,22
2020-10-31,US,Illinois,Fulton,622,2,0,40.47289135,-90.20862357,17057.0,1811.2987769365168,0.3215434083601286,620,622,2,0,620,590,34844,0,0,0,0,32
2020-10-31,US,Illinois,Gallatin,113,2,0,37.76430935,-88.22953869,17059.0,2340.513670256835,1.7699115044247788,111,113,2,0,111,112,5058,0,0,0,0,1
2020-10-31,US,Illinois,Greene,329,17,0,39.35907414,-90.388865,17061.0,2536.8185673529183,5.1671732522796345,312,329,17,0,312,316,13044,0,0,0,0,13
2020-10-31,US,Illinois,Grundy,1086,7,0,41.28569601,-88.41905692,17063.0,2127.1594781995536,0.6445672191528545,1079,1086,7,0,1079,1047,50972,0,0,0,0,39
2020-10-31,US,Illinois,Hamilton,143,2,0,38.08163641,-88.53883373,17065.0,1761.9517003449976,1.3986013986013983,141,143,2,0,141,139,8163,0,0,0,0,4
2020-10-31,US,Illinois,Hancock,345,4,0,40.40423981,-91.16313899,17067.0,1948.2719674723287,1.1594202898550725,341,345,4,0,341,331,17844,0,0,0,0,14
2020-10-31,US,Illinois,Hardin,58,0,0,37.51810645,-88.26873022,17069.0,1517.9272441769172,0.0,58,58,0,0,58,56,3910,0,0,0,0,2
2020-10-31,US,Illinois,Henderson,136,0,0,40.81908672,-90.92491462,17071.0,2046.3436653626238,0.0,136,136,0,0,136,132,6709,0,0,0,0,4
2020-10-31,US,Illinois,Henry,879,7,0,41.3533994,-90.13296166,17073.0,1797.0682640606792,0.7963594994311718,872,879,7,0,872,869,49090,0,0,0,0,10
2020-10-31,US,Illinois,Iroquois,539,19,0,40.74717633,-87.82466784,17075.0,1987.9029283764844,3.5250463821892395,520,539,19,0,520,527,27604,0,0,0,0,12
2020-10-31,US,Illinois,Jackson,1637,26,0,37.78595185,-89.38232563,17077.0,2884.5814977973573,1.5882712278558335,1611,1637,26,0,1611,1611,57419,0,0,0,0,26
2020-10-31,US,Illinois,Jasper,280,10,0,39.01054275,-88.15437049,17079.0,2913.6316337148805,3.571428571428572,270,280,10,0,270,275,9611,0,0,0,0,5
2020-10-31,US,Illinois,Jefferson,973,52,0,38.29980057,-88.9240025,17081.0,2581.997664791424,5.344295991778006,921,973,52,0,921,939,37820,0,0,0,0,34
2020-10-31,US,Illinois,Jersey,485,21,0,39.08869046,-90.35393073,17083.0,2227.5295090249388,4.3298969072164954,464,485,21,0,464,482,21847,0,0,0,0,3
2020-10-31,US,Illinois,Jo Daviess,556,9,0,42.36542373,-90.21094405,17085.0,2618.3188132799623,1.6187050359712232,547,556,9,0,547,547,21366,0,0,0,0,9
2020-10-31,US,Illinois,Johnson,392,0,0,37.45939802,-88.88165419,17087.0,3156.962229201901,0.0,392,392,0,0,392,385,12456,0,0,0,0,7
2020-10-31,US,Illinois,Kane,18030,351,0,41.93842729,-88.42861412,17089.0,3386.5323824245925,1.9467554076539104,17679,18030,351,0,17679,17738,534216,0,0,0,0,292
2020-10-31,US,Illinois,Kankakee,3682,81,0,41.13746989,-87.86205334,17091.0,3351.4773078953594,2.199891363389462,3601,3682,81,0,3601,3587,110024,0,0,0,0,95
2020-10-31,US,Illinois,Kendall,2938,30,0,41.59081014,-88.42869583,17093.0,2277.695945422125,1.0211027910142954,2908,2938,30,0,2908,2869,127915,0,0,0,0,69
2020-10-31,US,Illinois,Knox,1418,21,0,40.93148779,-90.21330340000002,17095.0,2853.176120243868,1.4809590973201692,1397,1418,21,0,1397,1382,50112,0,0,0,0,36
2020-10-31,US,Illinois,LaSalle,2652,68,0,41.34426129999999,-88.88633881,17099.0,2440.4383954945747,2.5641025641025643,2584,2652,68,0,2584,2584,109430,0,0,0,0,68
2020-10-31,US,Illinois,Lake,21819,518,0,42.3224907,-88.00367925,17097.0,3132.505904225918,2.3740776387552134,21301,21819,518,0,21301,21608,700832,0,0,0,0,211
2020-10-31,US,Illinois,Lawrence,362,8,0,38.71987914,-87.72884035,17101.0,2308.9679806097715,2.209944751381216,354,362,8,0,354,355,15765,0,0,0,0,7
2020-10-31,US,Illinois,Lee,840,2,0,41.74583951,-89.29977132,17103.0,2463.632097606757,0.2380952380952381,838,840,2,0,838,787,34223,0,0,0,0,53
2020-10-31,US,Illinois,Livingston,730,12,0,40.89188292,-88.55784752,17105.0,2047.8007181328546,1.643835616438356,718,730,12,0,718,707,35761,0,0,0,0,23
2020-10-31,US,Illinois,Logan,645,4,0,40.12581572,-89.36638784,17107.0,2253.8262631909993,0.6201550387596899,641,645,4,0,641,622,28925,0,0,0,0,23
2020-10-31,US,Illinois,Macon,3555,56,0,39.86064913,-88.96342505,17115.0,3417.973444605755,1.5752461322081577,3499,3555,56,0,3499,3445,104712,0,0,0,0,110
2020-10-31,US,Illinois,Macoupin,854,11,0,39.26119767,-89.92424028,17117.0,1900.903708320349,1.2880562060889928,843,854,11,0,843,843,45313,0,0,0,0,11
2020-10-31,US,Illinois,Madison,7554,158,0,38.83042506,-89.90422563,17119.0,2872.614710647004,2.0916070955785013,7396,7554,158,0,7396,7440,264461,0,0,0,0,114
2020-10-31,US,Illinois,Marion,1170,23,0,38.64963204,-88.91899208,17121.0,3144.738610401828,1.9658119658119655,1147,1170,23,0,1147,1147,37620,0,0,0,0,23
2020-10-31,US,Illinois,Marshall,171,3,0,41.0327901,-89.34510444,17123.0,1495.016611295681,1.7543859649122806,168,171,3,0,168,170,11534,0,0,0,0,1
2020-10-31,US,Illinois,Mason,346,5,0,40.23917274,-89.91824452,17125.0,2590.014222621454,1.4450867052023122,341,346,5,0,341,342,13565,0,0,0,0,4
2020-10-31,US,Illinois,Massac,165,2,0,37.22078441,-88.71036614,17127.0,1198.0830670926518,1.2121212121212122,163,165,2,0,163,161,14080,0,0,0,0,4
2020-10-31,US,Illinois,McDonough,818,22,0,40.45674722,-90.67775541,17109.0,2755.8789838959638,2.6894865525672373,796,818,22,0,796,799,29955,0,0,0,0,19
2020-10-31,US,Illinois,McHenry,6953,121,0,42.32451172,-88.45248227,17111.0,2259.1252022588,1.74025600460233,6832,6953,121,0,6832,6815,308570,0,0,0,0,138
2020-10-31,US,Illinois,McLean,4392,37,0,40.48996987,-88.84621113,17113.0,2560.6791163558128,0.8424408014571949,4355,4392,37,0,4355,4324,172828,0,0,0,0,68
2020-10-31,US,Illinois,Menard,191,1,0,40.02742725,-89.80246001,17129.0,1566.0872417185965,0.5235602094240838,190,191,1,0,190,188,12288,0,0,0,0,3
2020-10-31,US,Illinois,Mercer,311,6,0,41.20596782,-90.74290052,17131.0,2014.6401502882684,1.929260450160772,305,311,6,0,305,299,15601,0,0,0,0,12
2020-10-31,US,Illinois,Monroe,1016,30,0,38.27594376,-90.17761038,17133.0,2933.2794410601373,2.9527559055118107,986,1016,30,0,986,1000,34335,0,0,0,0,16
2020-10-31,US,Illinois,Montgomery,667,16,0,39.23198845,-89.47809254,17135.0,2347.4343633420144,2.39880059970015,651,667,16,0,651,656,28601,0,0,0,0,11
2020-10-31,US,Illinois,Morgan,1032,26,0,39.71654544,-90.20255104,17137.0,3066.135836948125,2.5193798449612403,1006,1032,26,0,1006,999,33976,0,0,0,0,33
2020-10-31,US,Illinois,Moultrie,470,6,0,39.64187451,-88.62099969,17139.0,3241.155782359837,1.2765957446808511,464,470,6,0,464,453,14717,0,0,0,0,17
2020-10-31,US,Illinois,Ogle,1354,8,0,42.04165196,-89.32184679,17141.0,2673.6172817566103,0.5908419497784343,1346,1354,8,0,1346,1317,50923,0,0,0,0,37
2020-10-31,US,Illinois,Out of IL,2,0,0,0.0,0.0,80017.0,0.0,0.0,2,2,0,0,2,1,,0,0,0,0,1
2020-10-31,US,Illinois,Peoria,4893,78,0,40.78702156,-89.76078901,17143.0,2730.788764308317,1.5941140404659715,4815,4893,78,0,4815,4830,180621,0,0,0,0,63
2020-10-31,US,Illinois,Perry,485,16,0,38.08510853,-89.36856219,17145.0,2318.7990055459936,3.2989690721649483,469,485,16,0,469,478,21174,0,0,0,0,7
2020-10-31,US,Illinois,Piatt,282,2,0,40.01360584,-88.59319339,17147.0,1725.4038179148306,0.7092198581560284,280,282,2,0,280,273,16396,0,0,0,0,9
2020-10-31,US,Illinois,Pike,423,7,0,39.62265059,-90.8877017,17149.0,2718.334297281666,1.6548463356973997,416,423,7,0,416,406,15611,0,0,0,0,17
2020-10-31,US,Illinois,Pope,44,1,0,37.41391284,-88.56152109,17151.0,1053.3875987550873,2.272727272727273,43,44,1,0,43,43,4212,0,0,0,0,1
2020-10-31,US,Illinois,Pulaski,246,1,0,37.22631423,-89.13085001,17153.0,4611.059044048735,0.4065040650406504,245,246,1,0,245,246,5463,0,0,0,0,0
2020-10-31,US,Illinois,Putnam,101,0,0,41.2013541,-89.2869272,17155.0,1759.888482313992,0.0,101,101,0,0,101,98,5740,0,0,0,0,3
2020-10-31,US,Illinois,Randolph,1358,15,0,38.05095369,-89.82512254,17157.0,4272.858850921905,1.1045655375552283,1343,1358,15,0,1343,1338,32106,0,0,0,0,20
2020-10-31,US,Illinois,Richland,347,18,0,38.71240969,-88.08475366,17159.0,2236.8336234126223,5.187319884726224,329,347,18,0,329,342,15763,0,0,0,0,5
2020-10-31,US,Illinois,Rock Island,4349,95,0,41.46613806,-90.57042164,17161.0,3065.2880271217023,2.184410209243504,4254,4349,95,0,4254,4263,143477,0,0,0,0,86
2020-10-31,US,Illinois,Saline,637,11,0,37.75332999,-88.54119706,17165.0,2711.676812396237,1.7268445839874411,626,637,11,0,626,613,23906,0,0,0,0,24
2020-10-31,US,Illinois,Sangamon,4450,64,0,39.75836914,-89.65872023,17167.0,2285.896276814333,1.4382022471910112,4386,4450,64,0,4386,4322,195348,0,0,0,0,128
2020-10-31,US,Illinois,Schuyler,101,1,0,40.157179799999994,-90.61114163,17169.0,1492.3167848699766,0.99009900990099,100,101,1,0,100,98,6907,0,0,0,0,3
2020-10-31,US,Illinois,Scott,116,0,0,39.642916899999996,-90.47814431,17171.0,2342.961017976166,0.0,116,116,0,0,116,112,4926,0,0,0,0,4
2020-10-31,US,Illinois,Shelby,746,12,0,39.39133527,-88.80611122,17173.0,3448.2758620689656,1.6085790884718498,734,746,12,0,734,732,21741,0,0,0,0,14
2020-10-31,US,Illinois,St. Clair,8247,224,0,38.46996033,-89.93063427,17163.0,3175.758415933089,2.716139202134109,8023,8247,224,0,8023,8173,261059,0,0,0,0,74
2020-10-31,US,Illinois,Stark,96,3,0,41.09309773,-89.79745866,17175.0,1797.0797454137028,3.125,93,96,3,0,93,94,5427,0,0,0,0,2
2020-10-31,US,Illinois,Stephenson,1182,9,0,42.35129217,-89.662598,17177.0,2656.299159512787,0.7614213197969543,1173,1182,9,0,1173,1129,44753,0,0,0,0,53
2020-10-31,US,Illinois,Tazewell,2905,59,0,40.50716185,-89.51404662,17179.0,2204.046948855489,2.0309810671256456,2846,2905,59,0,2846,2853,132328,0,0,0,0,52
2020-10-31,US,Illinois,Unassigned,6324,283,0,0.0,0.0,90017.0,0.0,4.475015812776723,6041,6324,283,0,6041,4770,,0,0,0,0,1554
2020-10-31,US,Illinois,Union,810,25,0,37.47119609,-89.25548938,17181.0,4863.988470545848,3.08641975308642,785,810,25,0,785,802,16841,0,0,0,0,8
2020-10-31,US,Illinois,Vermilion,1893,11,0,40.18417171,-87.73384359,17183.0,2498.746007022361,0.5810882197569994,1882,1893,11,0,1882,1830,76806,0,0,0,0,63
2020-10-31,US,Illinois,Wabash,256,6,0,38.44272901,-87.84922065,17185.0,2222.222222222222,2.34375,250,256,6,0,250,243,11549,0,0,0,0,13
2020-10-31,US,Illinois,Warren,561,9,0,40.84925021,-90.6147432,17187.0,3330.562811683685,1.60427807486631,552,561,9,0,552,541,17032,0,0,0,0,20
2020-10-31,US,Illinois,Washington,339,2,0,38.35309213,-89.40982703,17189.0,2441.1319939511773,0.5899705014749262,337,339,2,0,337,332,13995,0,0,0,0,7
2020-10-31,US,Illinois,Wayne,532,17,0,38.42955355,-88.42586459,17191.0,3280.9127351218012,3.1954887218045114,515,532,17,0,515,519,16332,0,0,0,0,13
2020-10-31,US,Illinois,White,289,5,0,38.08706198,-88.17657461,17193.0,2134.889561941346,1.7301038062283738,284,289,5,0,284,279,13665,0,0,0,0,10
2020-10-31,US,Illinois,Whiteside,1691,30,0,41.75509713,-89.91556058,17195.0,3064.7938377888536,1.7740981667652276,1661,1691,30,0,1661,1646,55626,0,0,0,0,45
2020-10-31,US,Illinois,Will,19946,439,0,41.44619267,-87.97862712,17197.0,2887.615220132524,2.2009425448711517,19507,19946,439,0,19507,19516,692310,0,0,0,0,430
2020-10-31,US,Illinois,Williamson,2016,61,0,37.73033511,-88.92994027,17199.0,3027.1633857380957,3.0257936507936507,1955,2016,61,0,1955,1979,67056,0,0,0,0,37
2020-10-31,US,Illinois,Winnebago,11084,186,0,42.33641854,-89.16085327,17201.0,3922.540095975539,1.6780945507037168,10898,11084,186,0,10898,10930,284081,0,0,0,0,154
2020-10-31,US,Illinois,Woodford,723,15,0,40.78579374,-89.20973757,17203.0,1879.9240749889493,2.074688796680498,708,723,15,0,708,692,38463,0,0,0,0,31
2020-10-31,US,Indiana,Adams,676,8,0,40.7457653,-84.93671406,18001.0,1889.4820694859827,1.183431952662722,668,651,8,0,643,633,35636,25,0,0,25,18
2020-10-31,US,Indiana,Allen,9488,237,0,41.09194313,-85.06800636,18003.0,2501.456634475704,2.4978920741989885,9251,9275,235,0,9040,9123,375351,213,2,0,211,152
2020-10-31,US,Indiana,Bartholomew,1571,59,0,39.20744865,-85.89558181,18005.0,1875.1715823774455,3.7555697008274977,1512,1553,59,0,1494,1532,82753,18,0,0,18,21
2020-10-31,US,Indiana,Benton,120,0,0,40.60626947,-87.31093999,18007.0,1371.7421124828531,0.0,120,120,0,0,120,116,8653,0,0,0,0,4
2020-10-31,US,Indiana,Blackford,283,6,0,40.47388153,-85.32499702,18009.0,2406.871916992686,2.120141342756184,277,276,6,0,270,255,11930,7,0,0,7,21
2020-10-31,US,Indiana,Boone,1406,50,0,40.0509304,-86.46841646,18011.0,2072.4319384461187,3.5561877667140824,1356,1378,50,0,1328,1348,66999,28,0,0,28,30
2020-10-31,US,Indiana,Brown,159,3,0,39.19605589,-86.22868909,18013.0,1053.5382984362577,1.8867924528301887,156,156,3,0,153,152,15234,3,0,0,3,4
2020-10-31,US,Indiana,Carroll,379,13,0,40.580783200000006,-86.56198812,18015.0,1870.9581872932813,3.430079155672823,366,370,13,0,357,364,20127,9,0,0,9,6
2020-10-31,US,Indiana,Cass,2393,26,0,40.76135835,-86.34830753,18017.0,6349.332696542758,1.0865022983702466,2367,2374,26,0,2348,2344,37955,19,0,0,19,30
2020-10-31,US,Indiana,Clark,3270,67,0,38.48015445,-85.70510334,18019.0,2764.1121874524524,2.0489296636085625,3203,3224,67,0,3157,3188,117360,46,0,0,46,36
2020-10-31,US,Indiana,Clay,545,9,0,39.39561833,-87.11723506,18021.0,2078.1696854146808,1.6513761467889911,536,513,7,0,506,492,26170,32,2,0,30,21
2020-10-31,US,Indiana,Clinton,1036,16,0,40.30319754,-86.47277257,18023.0,3197.6295564677916,1.5444015444015444,1020,1008,16,0,992,978,32250,28,0,0,28,30
2020-10-31,US,Indiana,Crawford,176,1,0,38.28814402,-86.44518825,18025.0,1663.9878982698306,0.5681818181818182,175,175,1,0,174,169,10558,1,0,0,1,6
2020-10-31,US,Indiana,Daviess,993,36,0,38.70186039,-87.07185406,18027.0,2977.42196635783,3.625377643504532,957,973,36,0,937,960,33147,20,0,0,20,13
2020-10-31,US,Indiana,DeKalb,892,13,0,41.39804622,-84.99906934,18033.0,2051.7538815411162,1.4573991031390134,879,867,13,0,854,824,43226,25,0,0,25,43
2020-10-31,US,Indiana,Dearborn,1128,28,0,39.14647946,-84.97333539,18029.0,2280.723037728982,2.482269503546099,1100,1110,28,0,1082,1097,49568,18,0,0,18,13
2020-10-31,US,Indiana,Decatur,601,39,0,39.30712658,-85.50087166,18031.0,2262.886403855566,6.4891846921797,562,583,39,0,544,562,26794,18,0,0,18,21
2020-10-31,US,Indiana,Delaware,3375,81,0,40.22787247,-85.39732772,18035.0,2957.0245761598107,2.4,3294,3320,81,0,3239,3263,114772,55,0,0,55,57
2020-10-31,US,Indiana,Dubois,1621,28,0,38.36597551,-86.87924170000002,18037.0,3793.055035567204,1.7273288093769281,1593,1588,27,0,1561,1557,42565,33,1,0,32,31
2020-10-31,US,Indiana,Elkhart,10131,151,0,41.59761169,-85.85875695,18039.0,4909.833721848784,1.4904747803770606,9980,9964,148,0,9816,9783,205560,167,3,0,164,181
2020-10-31,US,Indiana,Fayette,907,22,0,39.63684962,-85.17797541,18041.0,3926.0670071855247,2.4255788313120177,885,875,22,0,853,849,23047,32,0,0,32,26
2020-10-31,US,Indiana,Floyd,2010,69,0,38.32117957,-85.90385377,18043.0,2559.7921601589364,3.4328358208955225,1941,1962,69,0,1893,1933,77781,48,0,0,48,29
2020-10-31,US,Indiana,Fountain,385,3,0,40.12361933,-87.24217689,18045.0,2355.3162853297445,0.7792207792207793,382,362,3,0,359,364,16351,23,0,0,23,-2
2020-10-31,US,Indiana,Franklin,405,26,0,39.4142482,-85.06062647,18047.0,1779.5939889269707,6.419753086419753,379,406,26,0,380,396,22736,-1,0,0,-1,10
2020-10-31,US,Indiana,Fulton,429,11,0,41.0469907,-86.26252745,18049.0,2147.7921297687,2.5641025641025643,418,425,10,0,415,415,20092,4,1,0,3,10
2020-10-31,US,Indiana,Gibson,1009,12,0,38.30393723,-87.58054938,18051.0,2997.7123503372054,1.189296333002973,997,996,12,0,984,982,33452,13,0,0,13,14
2020-10-31,US,Indiana,Grant,1470,40,0,40.51587228,-85.65468702,18053.0,2235.0955617388126,2.7210884353741496,1430,1453,40,0,1413,1412,65936,17,0,0,17,41
2020-10-31,US,Indiana,Greene,621,38,0,39.03630547,-86.96223202,18055.0,1945.366831652152,6.119162640901772,583,611,38,0,573,608,32006,10,0,0,10,3
2020-10-31,US,Indiana,Hamilton,6952,124,0,40.07306535,-86.05244729,18057.0,2056.737798474014,1.7836593785960877,6828,6799,122,0,6677,6697,330086,153,2,0,151,102
2020-10-31,US,Indiana,Hancock,1353,44,0,39.82304555,-85.77566351,18059.0,1730.8873196192817,3.2520325203252027,1309,1324,44,0,1280,1302,76351,29,0,0,29,22
2020-10-31,US,Indiana,Harrison,880,24,0,38.19467379,-86.10948271,18061.0,2172.0350487473775,2.727272727272727,856,859,24,0,835,835,40350,21,0,0,21,24
2020-10-31,US,Indiana,Hendricks,3655,140,0,39.76719009,-86.51037283,18063.0,2146.073947073295,3.830369357045144,3515,3599,139,0,3460,3532,167009,56,1,0,55,67
2020-10-31,US,Indiana,Henry,1471,30,0,39.93029017,-85.39625719,18065.0,3066.372050362712,2.0394289598912305,1441,1438,30,0,1408,1405,48271,33,0,0,33,33
2020-10-31,US,Indiana,Howard,1810,68,0,40.48527731,-86.11351892,18067.0,2192.7699166505136,3.7569060773480665,1742,1784,67,0,1717,1762,82366,26,1,0,25,22
2020-10-31,US,Indiana,Huntington,528,5,0,40.82907273,-85.48822092,18069.0,1445.7831325301206,0.946969696969697,523,513,5,0,508,498,36240,15,0,0,15,15
2020-10-31,US,Indiana,Jackson,1286,20,0,38.90915820000001,-86.03851889,18071.0,2907.463091496914,1.5552099533437014,1266,1269,20,0,1249,1254,44111,17,0,0,17,15
2020-10-31,US,Indiana,Jasper,798,5,0,41.02078733,-87.11553319,18073.0,2377.689053095763,0.6265664160401002,793,766,5,0,761,739,33370,32,0,0,32,27
2020-10-31,US,Indiana,Jay,413,6,0,40.43781032,-85.00576229,18075.0,2020.9434331571736,1.452784503631961,407,399,6,0,393,381,20764,14,0,0,14,18
2020-10-31,US,Indiana,Jefferson,440,5,0,38.78576239,-85.43633383,18077.0,1361.8917915067475,1.1363636363636365,435,423,5,0,418,416,32208,17,0,0,17,7
2020-10-31,US,Indiana,Jennings,427,13,0,38.99588883,-85.62710784,18079.0,1539.5709392464396,3.0444964871194378,414,409,13,0,396,402,27611,18,0,0,18,7
2020-10-31,US,Indiana,Johnson,3564,142,0,39.48994426,-86.10149107,18081.0,2253.3145346374404,3.9842873176206512,3422,3506,133,0,3373,3438,156225,58,9,0,49,68
2020-10-31,US,Indiana,Knox,940,10,0,38.68861576,-87.4194665,18083.0,2568.727113734492,1.0638297872340423,930,910,10,0,900,892,36895,30,0,0,30,18
2020-10-31,US,Indiana,Kosciusko,2301,30,0,41.24521668,-85.86312322,18085.0,2895.9424083769627,1.303780964797914,2271,2235,29,0,2206,2195,79344,66,1,0,65,40
2020-10-31,US,Indiana,LaGrange,874,15,0,41.64232188,-85.42674232,18087.0,2206.290705306205,1.7162471395881007,859,861,15,0,846,851,39330,13,0,0,13,10
2020-10-31,US,Indiana,LaPorte,2596,67,0,41.54366008,-86.74072188,18091.0,2362.405358182877,2.5808936825885977,2529,2562,67,0,2495,2488,110007,34,0,0,34,74
2020-10-31,US,Indiana,Lake,15726,375,0,41.41874274,-87.38277575,18089.0,3239.1816153888926,2.384586035864174,15351,15351,372,0,14979,15074,484411,375,3,0,372,277
2020-10-31,US,Indiana,Lawrence,1090,39,0,38.84112637,-86.48361629,18093.0,2402.4685915803393,3.5779816513761467,1051,1062,38,0,1024,1042,45668,28,1,0,27,20
2020-10-31,US,Indiana,Madison,2814,100,0,40.16143691,-85.71964711,18095.0,2171.8157892705813,3.5536602700781805,2714,2758,99,0,2659,2703,129641,56,1,0,55,55
2020-10-31,US,Indiana,Marion,27455,796,0,39.78163624,-86.13826325,18097.0,2846.310629889424,2.899289746858496,26659,27107,796,0,26311,26807,954670,348,0,0,348,300
2020-10-31,US,Indiana,Marshall,1602,30,0,41.32467367,-86.26185087,18099.0,3463.184746422241,1.8726591760299625,1572,1578,30,0,1548,1549,46248,24,0,0,24,29
2020-10-31,US,Indiana,Martin,213,0,0,38.7099921,-86.80373186,18101.0,2077.0355923939537,0.0,213,210,0,0,210,207,10217,3,0,0,3,3
2020-10-31,US,Indiana,Miami,756,5,0,40.76940965,-86.04525048,18103.0,2128.6180876224803,0.6613756613756614,751,735,5,0,730,720,35567,21,0,0,21,15
2020-10-31,US,Indiana,Monroe,3543,39,0,39.16130004,-86.52414358,18105.0,2386.9676819532306,1.1007620660457242,3504,3515,38,0,3477,3450,146917,28,1,0,27,65
2020-10-31,US,Indiana,Montgomery,719,22,0,40.04034823,-86.89335024,18107.0,1875.4238614429544,3.05980528511822,697,694,22,0,672,666,38346,25,0,0,25,28
2020-10-31,US,Indiana,Morgan,1073,41,0,39.47899078,-86.44573375,18109.0,1522.2233256252744,3.821062441752096,1032,1060,40,0,1020,1030,70116,13,1,0,12,30
2020-10-31,US,Indiana,Newton,262,12,0,40.95610449,-87.39635768,18111.0,1873.569794050344,4.580152671755725,250,252,11,0,241,244,14011,10,1,0,9,8
2020-10-31,US,Indiana,Noble,1344,35,0,41.39672484,-85.41966713,18113.0,2815.0134048257373,2.6041666666666665,1309,1311,35,0,1276,1293,47532,33,0,0,33,18
2020-10-31,US,Indiana,Ohio,148,7,0,38.955304999999996,-84.96515993,18115.0,2519.148936170213,4.729729729729731,141,147,7,0,140,145,5844,1,0,0,1,2
2020-10-31,US,Indiana,Orange,451,25,0,38.54118920000001,-86.49523093,18117.0,2295.632698768197,5.543237250554324,426,441,25,0,416,436,19489,10,0,0,10,5
2020-10-31,US,Indiana,Owen,233,1,0,39.31145587,-86.83900724,18119.0,1120.2461656810424,0.4291845493562232,232,229,1,0,228,225,20845,4,0,0,4,4
2020-10-31,US,Indiana,Parke,278,4,0,39.77202286,-87.20375833,18121.0,1641.3768672137924,1.4388489208633093,274,275,4,0,271,272,16927,3,0,0,3,3
2020-10-31,US,Indiana,Perry,463,14,0,38.07809328,-86.63741946,18123.0,2415.35813031457,3.0237580993520514,449,441,14,0,427,421,19102,22,0,0,22,20
2020-10-31,US,Indiana,Pike,379,18,0,38.40112197,-87.23574907,18125.0,3059.165388651223,4.749340369393139,361,376,18,0,358,370,12410,3,0,0,3,6
2020-10-31,US,Indiana,Porter,3925,54,0,41.45986947,-87.06848888,18127.0,2303.552459372377,1.375796178343949,3871,3797,53,0,3744,3723,169594,128,1,0,127,74
2020-10-31,US,Indiana,Posey,837,8,0,38.02097333,-87.86480429,18129.0,3291.776458095725,0.955794504181601,829,813,8,0,805,805,25540,24,0,0,24,8
2020-10-31,US,Indiana,Pulaski,194,4,0,41.04166107,-86.69890683,18131.0,1570.4687120537521,2.061855670103093,190,188,4,0,184,187,12469,6,0,0,6,1
2020-10-31,US,Indiana,Putnam,825,17,0,39.66437981,-86.84517605,18133.0,2195.550351288057,2.060606060606061,808,817,17,0,800,800,37779,8,0,0,8,17
2020-10-31,US,Indiana,Randolph,501,11,0,40.15734772,-85.01139319,18135.0,2031.2183255625384,2.1956087824351296,490,488,11,0,477,439,24851,13,0,0,13,49
2020-10-31,US,Indiana,Ripley,552,8,0,39.10235626,-85.26212744,18137.0,1948.8772772207315,1.4492753623188406,544,533,8,0,525,517,28523,19,0,0,19,16
2020-10-31,US,Indiana,Rush,295,4,0,39.62002287,-85.4655599,18139.0,1779.1448042940713,1.3559322033898304,291,296,4,0,292,273,16663,-1,0,0,-1,23
2020-10-31,US,Indiana,Scott,604,16,0,38.68672078,-85.74627859,18143.0,2530.054873706698,2.6490066225165565,588,587,16,0,571,579,23878,17,0,0,17,8
2020-10-31,US,Indiana,Shelby,1007,39,0,39.52305623,-85.79158570000001,18145.0,2251.3358223971027,3.872889771598808,968,979,37,0,942,957,44593,28,2,0,26,22
2020-10-31,US,Indiana,Spencer,459,6,0,38.01519732,-87.0079644,18147.0,2263.648468708389,1.30718954248366,453,446,6,0,440,443,20327,13,0,0,13,3
2020-10-31,US,Indiana,St. Joseph,10469,179,0,41.61756781,-86.29040834,18141.0,3851.360796980421,1.7098099149871049,10290,10252,178,0,10074,10092,270771,217,1,0,216,160
2020-10-31,US,Indiana,Starke,509,10,0,41.27890281,-86.64686895,18149.0,2213.524679278104,1.9646365422396856,499,502,9,0,493,492,22935,7,1,0,6,10
2020-10-31,US,Indiana,Steuben,735,9,0,41.64423868,-85.00101094,18151.0,2124.6458923512746,1.2244897959183674,726,718,9,0,709,705,34586,17,0,0,17,13
2020-10-31,US,Indiana,Sullivan,495,14,0,39.08952258,-87.41414469,18153.0,2394.890899414583,2.8282828282828283,481,491,14,0,477,481,20690,4,0,0,4,10
2020-10-31,US,Indiana,Switzerland,109,0,0,38.82767338,-85.03022429,18155.0,1013.8591758906148,0.0,109,108,0,0,108,107,10717,1,0,0,1,1
2020-10-31,US,Indiana,Tippecanoe,4421,16,0,40.38872739,-86.89413959,18157.0,2258.7006723479044,0.3619090703460756,4405,4365,16,0,4349,4246,193048,56,0,0,56,119
2020-10-31,US,Indiana,Tipton,301,23,0,40.31123252,-86.05234925,18159.0,1987.060998151571,7.6411960132890355,278,298,23,0,275,294,15128,3,0,0,3,4
2020-10-31,US,Indiana,Unassigned,0,236,0,0.0,0.0,90018.0,0.0,0.0,-236,0,236,0,-236,0,,0,0,0,0,0
2020-10-31,US,Indiana,Union,131,0,0,39.62550777,-84.92497066,18161.0,1857.1023532747377,0.0,131,130,0,0,130,128,7037,1,0,0,1,2
2020-10-31,US,Indiana,Vanderburgh,6590,76,0,38.02658833,-87.58763124,18163.0,3631.8344897520533,1.1532625189681336,6514,6484,73,0,6411,6405,180974,106,3,0,103,79
2020-10-31,US,Indiana,Vermillion,300,1,0,39.8523352,-87.46160542,18165.0,1935.733643050716,0.3333333333333333,299,295,1,0,294,291,15479,5,0,0,5,4
2020-10-31,US,Indiana,Vigo,3032,47,0,39.42944561,-87.39169027,18167.0,2832.638875913227,1.5501319261213717,2985,2969,43,0,2926,2930,107386,63,4,0,59,39
2020-10-31,US,Indiana,Wabash,548,10,0,40.84704239,-85.79328272,18169.0,1767.9700606529873,1.8248175182481752,538,526,10,0,516,507,31280,22,0,0,22,19
2020-10-31,US,Indiana,Warren,115,1,0,40.34728141,-87.35602659,18171.0,1391.4095583787055,0.8695652173913043,114,108,1,0,107,102,8263,7,0,0,7,6
2020-10-31,US,Indiana,Warrick,2172,66,0,38.08922676,-87.2716085,18173.0,3447.7284993174385,3.0386740331491717,2106,2140,66,0,2074,2121,62567,32,0,0,32,19
2020-10-31,US,Indiana,Washington,426,3,0,38.60219804,-86.1049363,18175.0,1519.4749607647311,0.7042253521126759,423,422,3,0,419,414,27943,4,0,0,4,8
2020-10-31,US,Indiana,Wayne,1709,36,0,39.863344399999995,-85.01044989,18177.0,2593.9530083176487,2.106495026331188,1673,1656,34,0,1622,1569,65936,53,2,0,51,87
2020-10-31,US,Indiana,Wells,543,13,0,40.72934187,-85.22132966,18179.0,1918.9991518235795,2.394106813996317,530,517,12,0,505,504,28206,26,1,0,25,13
2020-10-31,US,Indiana,White,686,16,0,40.74911165,-86.86492015,18181.0,2846.2368268193513,2.332361516034985,670,670,16,0,654,658,24133,16,0,0,16,12
2020-10-31,US,Indiana,Whitley,552,6,0,41.13863784,-85.50791236,18183.0,1625.2502649864566,1.0869565217391304,546,532,6,0,526,521,34074,20,0,0,20,11
2020-10-31,US,Iowa,Adair,220,1,0,41.33075609,-94.47105874,19001.0,3076.0626398210293,0.4545454545454545,219,204,1,0,203,197,7063,16,0,0,16,7
2020-10-31,US,Iowa,Adams,86,1,0,41.02903567,-94.69932645,19003.0,2387.562465297057,1.162790697674419,85,84,1,0,83,84,3645,2,0,0,2,0
2020-10-31,US,Iowa,Allamakee,428,9,0,43.28383218,-91.37860922,19005.0,3127.0548695842767,2.102803738317757,419,418,9,0,409,399,13832,10,0,0,10,19
2020-10-31,US,Iowa,Appanoose,273,3,0,40.74324454,-92.86865906,19007.0,2197.006277160792,1.0989010989010992,270,258,3,0,255,250,12437,15,0,0,15,8
2020-10-31,US,Iowa,Audubon,191,1,0,41.6844628,-94.90581859,19009.0,3475.254730713246,0.5235602094240838,190,183,1,0,182,160,5506,8,0,0,8,23
2020-10-31,US,Iowa,Benton,703,3,0,42.08011739,-92.06463573,19011.0,2741.2751023591345,0.4267425320056899,700,678,2,0,676,648,25642,25,1,0,24,30
2020-10-31,US,Iowa,Black Hawk,6327,102,0,42.4704581,-92.30524729,19013.0,4821.379583625446,1.6121384542437174,6225,6154,102,0,6052,5974,132408,173,0,0,173,180
2020-10-31,US,Iowa,Boone,781,9,0,42.03657094,-93.9313999,19015.0,2977.052679728597,1.1523687580025608,772,765,9,0,756,750,26346,16,0,0,16,15
2020-10-31,US,Iowa,Bremer,767,9,0,42.77461496,-92.31795937,19017.0,3060.4101827467875,1.1734028683181226,758,745,9,0,736,719,24947,22,0,0,22,26
2020-10-31,US,Iowa,Buchanan,535,5,0,42.4709188,-91.83510825,19019.0,2526.564344746163,0.9345794392523364,530,515,5,0,510,487,21199,20,0,0,20,28
2020-10-31,US,Iowa,Buena Vista,2349,12,0,42.73545875,-95.15100162,19021.0,11972.477064220184,0.5108556832694764,2337,2318,12,0,2306,2302,19874,31,0,0,31,16
2020-10-31,US,Iowa,Butler,428,3,0,42.73172833,-92.79015971,19023.0,2964.19419627398,0.7009345794392523,425,416,3,0,413,408,14539,12,0,0,12,8
2020-10-31,US,Iowa,Calhoun,345,4,0,42.38521079,-94.64046046,19025.0,3568.4733140256517,1.1594202898550725,341,337,4,0,333,326,9699,8,0,0,8,11
2020-10-31,US,Iowa,Carroll,1243,13,0,42.03617207,-94.86032705,19027.0,6164.145797173322,1.0458567980691875,1230,1231,13,0,1218,1204,20154,12,0,0,12,27
2020-10-31,US,Iowa,Cass,470,3,0,41.33149454,-94.92792482,19029.0,3661.5768152072296,0.6382978723404256,467,456,3,0,453,423,12930,14,0,0,14,33
2020-10-31,US,Iowa,Cedar,534,7,0,41.77233777,-91.13246684,19031.0,2866.8062489933973,1.310861423220974,527,521,7,0,514,508,18627,13,0,0,13,13
2020-10-31,US,Iowa,Cerro Gordo,1589,27,0,43.08177563,-93.2612239,19033.0,3743.227326266196,1.6991818753933292,1562,1545,27,0,1518,1502,42647,44,0,0,44,43
2020-10-31,US,Iowa,Cherokee,442,2,0,42.73538914,-95.62389402,19035.0,3934.1344014241213,0.4524886877828054,440,434,2,0,432,412,11321,8,0,0,8,22
2020-10-31,US,Iowa,Chickasaw,389,1,0,43.06001295,-92.31773347,19037.0,3259.867594066873,0.2570694087403599,388,382,1,0,381,373,11964,7,0,0,7,9
2020-10-31,US,Iowa,Clarke,368,3,0,41.02868181,-93.78499767,19039.0,3916.977115486961,0.8152173913043478,365,363,3,0,360,357,9423,5,0,0,5,6
2020-10-31,US,Iowa,Clay,590,4,0,43.08247182,-95.15096481,19041.0,3683.816183816184,0.6779661016949152,586,568,4,0,564,557,16134,22,0,0,22,11
2020-10-31,US,Iowa,Clayton,548,3,0,42.84443388,-91.34133693,19043.0,3122.685053279389,0.5474452554744526,545,526,3,0,523,492,17556,22,0,0,22,34
2020-10-31,US,Iowa,Clinton,1616,28,0,41.89981633,-90.53275096,19045.0,3480.5832561545585,1.7326732673267329,1588,1590,28,0,1562,1562,46518,26,0,0,26,28
2020-10-31,US,Iowa,Crawford,1400,15,0,42.03718237,-95.3819718,19047.0,8323.424494649227,1.0714285714285714,1385,1400,15,0,1385,1387,17158,0,0,0,0,13
2020-10-31,US,Iowa,Dallas,3705,47,0,41.68560356,-94.04127625,19049.0,3964.559725209464,1.2685560053981106,3658,3640,47,0,3593,3573,90180,65,0,0,65,67
2020-10-31,US,Iowa,Davis,198,4,0,40.74773536,-92.41005468,19051.0,2200.0,2.0202020202020203,194,195,4,0,191,188,9017,3,0,0,3,7
2020-10-31,US,Iowa,Decatur,172,0,0,40.73742757,-93.78645949,19053.0,2185.5146124523512,0.0,172,170,0,0,170,162,7890,2,0,0,2,8
2020-10-31,US,Iowa,Delaware,867,14,0,42.47104597,-91.3664492,19055.0,5096.70213391335,1.6147635524798154,853,843,14,0,829,827,17069,24,0,0,24,16
2020-10-31,US,Iowa,Des Moines,1593,11,0,40.92012606,-91.18326592,19057.0,4088.0745245977364,0.6905210295040803,1582,1539,11,0,1528,1516,39138,54,0,0,54,23
2020-10-31,US,Iowa,Dickinson,833,9,0,43.37787725,-95.1510206,19059.0,4826.747015876695,1.0804321728691475,824,815,9,0,806,793,17153,18,0,0,18,22
2020-10-31,US,Iowa,Dubuque,5759,59,0,42.46815349,-90.88181925,19061.0,5918.138751014788,1.0244834172599409,5700,5639,59,0,5580,5506,96854,120,0,0,120,133
2020-10-31,US,Iowa,Emmet,464,21,0,43.37782951,-94.67858943,19063.0,5039.0964378801045,4.525862068965517,443,462,21,0,441,453,9253,2,0,0,2,9
2020-10-31,US,Iowa,Fayette,439,4,0,42.86271799,-91.84412309999999,19065.0,2234.0966921119593,0.9111617312072892,435,422,4,0,418,406,19660,17,0,0,17,16
2020-10-31,US,Iowa,Floyd,480,11,0,43.06000529999999,-92.78940097,19067.0,3068.6612965093977,2.2916666666666665,469,472,11,0,461,462,15761,8,0,0,8,10
2020-10-31,US,Iowa,Franklin,406,18,0,42.73270384,-93.26256925,19069.0,4031.777557100298,4.433497536945813,388,401,18,0,383,395,10124,5,0,0,5,6
2020-10-31,US,Iowa,Fremont,219,2,0,40.74542720000001,-95.60129045,19071.0,3146.5517241379307,0.9132420091324199,217,217,2,0,215,215,6993,2,0,0,2,2
2020-10-31,US,Iowa,Greene,208,0,0,42.03614551,-94.39658081,19073.0,2340.2340234023404,0.0,208,199,0,0,199,193,8981,9,0,0,9,6
2020-10-31,US,Iowa,Grundy,368,6,0,42.40183723,-92.78829551,19075.0,3008.502289077829,1.6304347826086956,362,352,6,0,346,340,12304,16,0,0,16,12
2020-10-31,US,Iowa,Guthrie,427,15,0,41.68378965,-94.50111014,19077.0,3994.760969220695,3.5128805620608903,412,421,15,0,406,420,10720,6,0,0,6,1
2020-10-31,US,Iowa,Hamilton,501,5,0,42.38382428,-93.70197703,19079.0,3391.32200636296,0.998003992015968,496,494,5,0,489,482,14952,7,0,0,7,12
2020-10-31,US,Iowa,Hancock,405,6,0,43.08178477,-93.73454884,19081.0,3809.9717779868292,1.4814814814814814,399,379,6,0,373,367,10712,26,0,0,26,12
2020-10-31,US,Iowa,Hardin,537,7,0,42.38353877,-93.23654611,19083.0,3187.700344295382,1.303538175046555,530,518,7,0,511,501,16868,19,0,0,19,17
2020-10-31,US,Iowa,Harrison,731,17,0,41.68330137,-95.81558439,19085.0,5203.21731084063,2.3255813953488373,714,712,17,0,695,697,14134,19,0,0,19,15
2020-10-31,US,Iowa,Henry,1166,5,0,40.98767962,-91.54436349,19087.0,5843.4399117971325,0.4288164665523156,1161,1149,5,0,1144,1124,20067,17,0,0,17,25
2020-10-31,US,Iowa,Howard,290,9,0,43.35671042,-92.31702714,19089.0,3166.630268617603,3.103448275862069,281,288,9,0,279,287,9187,2,0,0,2,1
2020-10-31,US,Iowa,Humboldt,392,3,0,42.7764426,-94.20722537,19091.0,4101.276417660599,0.7653061224489796,389,383,3,0,380,359,9547,9,0,0,9,24
2020-10-31,US,Iowa,Ida,245,2,0,42.38696136,-95.51355387,19093.0,3571.4285714285716,0.8163265306122449,243,231,2,0,229,212,6841,14,0,0,14,19
2020-10-31,US,Iowa,Iowa,475,10,0,41.68630265,-92.0643373,19095.0,2934.997528423134,2.1052631578947367,465,456,10,0,446,442,16141,19,0,0,19,14
2020-10-31,US,Iowa,Jackson,748,3,0,42.17178824,-90.57354837,19097.0,3847.934564535213,0.4010695187165775,745,719,3,0,716,685,19432,29,0,0,29,34
2020-10-31,US,Iowa,Jasper,1276,34,0,41.68576082,-93.05567785,19099.0,3431.491192685223,2.664576802507837,1242,1240,34,0,1206,1197,37147,36,0,0,36,43
2020-10-31,US,Iowa,Jefferson,274,1,0,41.03192394,-91.94849466,19101.0,1497.6769609182834,0.36496350364963503,273,267,1,0,266,259,18381,7,0,0,7,8
2020-10-31,US,Iowa,Johnson,6183,31,0,41.67169354,-91.58754744,19103.0,4090.909090909091,0.5013747371825974,6152,6107,31,0,6076,6024,151260,76,0,0,76,83
2020-10-31,US,Iowa,Jones,562,4,0,42.12118609,-91.13139641,19105.0,2717.4701416759344,0.7117437722419929,558,537,4,0,533,500,20744,25,0,0,25,37
2020-10-31,US,Iowa,Keokuk,207,1,0,41.33649833,-92.1785067,19107.0,2020.3006051141904,0.4830917874396135,206,190,1,0,189,173,10225,17,0,0,17,17
2020-10-31,US,Iowa,Kossuth,510,0,0,43.20405458,-94.20691791,19109.0,3442.9217579153446,0.0,510,502,0,0,502,497,14908,8,0,0,8,5
2020-10-31,US,Iowa,Lee,1067,12,0,40.64181461,-91.48183025,19111.0,3170.2171910746647,1.1246485473289598,1055,1034,12,0,1022,1013,34055,33,0,0,33,21
2020-10-31,US,Iowa,Linn,6495,134,0,42.07923082,-91.59809485,19113.0,2864.944024419292,2.063125481139338,6361,6256,134,0,6122,6038,225909,239,0,0,239,218
2020-10-31,US,Iowa,Louisa,557,15,0,41.21842119,-91.26102611,19115.0,5047.575894879928,2.692998204667864,542,549,15,0,534,544,11169,8,0,0,8,5
2020-10-31,US,Iowa,Lucas,217,6,0,41.02958964,-93.32780803,19117.0,2523.2558139534885,2.7649769585253456,211,214,6,0,208,213,8645,3,0,0,3,1
2020-10-31,US,Iowa,Lyon,592,8,0,43.38107862,-96.20926845,19119.0,5036.154827732879,1.351351351351351,584,586,8,0,578,568,11811,6,0,0,6,18
2020-10-31,US,Iowa,Madison,388,3,0,41.33081904,-94.01554631,19121.0,2374.831680744277,0.7731958762886598,385,378,3,0,375,374,16249,10,0,0,10,4
2020-10-31,US,Iowa,Mahaska,770,25,0,41.33521503,-92.64083907,19123.0,3484.9513464584747,3.2467532467532467,745,751,25,0,726,738,22000,19,0,0,19,13
2020-10-31,US,Iowa,Marion,1119,11,0,41.33445101,-93.09934783,19125.0,3365.109914894896,0.9830205540661304,1108,1092,11,0,1081,1068,33407,27,0,0,27,24
2020-10-31,US,Iowa,Marshall,2208,36,0,42.03586837,-92.99908190000001,19127.0,5608.4736721786185,1.6304347826086956,2172,2171,36,0,2135,2122,39981,37,0,0,37,49
2020-10-31,US,Iowa,Mills,453,3,0,41.03299766,-95.61920963,19129.0,2998.2129856377,0.6622516556291391,450,440,3,0,437,423,15063,13,0,0,13,17
2020-10-31,US,Iowa,Mitchell,308,1,0,43.35638371,-92.78887719,19131.0,2909.5031173247685,0.3246753246753247,307,302,1,0,301,296,10569,6,0,0,6,6
2020-10-31,US,Iowa,Monona,265,2,0,42.05220391,-95.95743843,19133.0,3076.0301799187464,0.7547169811320755,263,256,2,0,254,249,8679,9,0,0,9,7
2020-10-31,US,Iowa,Monroe,278,12,0,41.02988815,-92.8690667,19135.0,3607.11041909952,4.316546762589929,266,275,12,0,263,272,7790,3,0,0,3,3
2020-10-31,US,Iowa,Montgomery,205,7,0,41.03018714,-95.15642896,19137.0,2067.157406473732,3.414634146341464,198,197,7,0,190,190,10003,8,0,0,8,7
2020-10-31,US,Iowa,Muscatine,1583,58,0,41.48370744,-91.11216970000001,19139.0,3710.388149259329,3.663929248262792,1525,1560,58,0,1502,1539,42929,23,0,0,23,21
2020-10-31,US,Iowa,O'Brien,809,14,0,43.08310673,-95.62474482,19141.0,5882.352941176468,1.73053152039555,795,759,14,0,745,732,13840,50,0,0,50,27
2020-10-31,US,Iowa,Osceola,316,0,0,43.37824276,-95.62422844,19143.0,5303.793219201074,0.0,316,310,0,0,310,302,6040,6,0,0,6,8
2020-10-31,US,Iowa,Page,432,0,0,40.7393172,-95.1497813,19145.0,2859.6015092341304,0.0,432,427,0,0,427,420,15249,5,0,0,5,7
2020-10-31,US,Iowa,Palo Alto,344,2,0,43.08193849,-94.67824621,19147.0,3871.258158901643,0.5813953488372093,342,335,2,0,333,329,8929,9,0,0,9,6
2020-10-31,US,Iowa,Plymouth,1825,31,0,42.737633,-96.21366621,19149.0,7248.6793502005785,1.6986301369863013,1794,1767,31,0,1736,1728,25095,58,0,0,58,39
2020-10-31,US,Iowa,Pocahontas,259,2,0,42.73420133,-94.67862564,19151.0,3912.977791207131,0.7722007722007722,257,253,2,0,251,244,6740,6,0,0,6,9
2020-10-31,US,Iowa,Polk,20365,290,0,41.68679484,-93.57767461,19153.0,4154.757314433421,1.4240117849251166,20075,20019,290,0,19729,19732,487204,346,0,0,346,287
2020-10-31,US,Iowa,Pottawattamie,3512,45,0,41.33640314,-95.53907776,19155.0,3767.997768384009,1.2813211845102506,3467,3431,45,0,3386,3378,93533,81,0,0,81,53
2020-10-31,US,Iowa,Poweshiek,510,11,0,41.68625425,-92.53155731,19157.0,2756.160830090791,2.156862745098039,499,494,11,0,483,476,18699,16,0,0,16,18
2020-10-31,US,Iowa,Ringgold,103,2,0,40.73518949,-94.24368535,19159.0,2104.617899468737,1.9417475728155342,101,104,2,0,102,99,4968,-1,0,0,-1,5
2020-10-31,US,Iowa,Sac,426,4,0,42.38624071,-95.10547892,19161.0,4382.265199053595,0.9389671361502347,422,417,4,0,413,411,9719,9,0,0,9,6
2020-10-31,US,Iowa,Scott,5145,43,0,41.63935978,-90.61959493,19163.0,2974.9686312831395,0.8357628765792031,5102,5018,43,0,4975,4873,173283,127,0,0,127,145
2020-10-31,US,Iowa,Shelby,421,2,0,41.6850066,-95.31015553,19165.0,3675.571852627903,0.4750593824228028,419,411,2,0,409,402,11578,10,0,0,10,9
2020-10-31,US,Iowa,Sioux,2627,17,0,43.08221074,-96.17675679999999,19167.0,7536.938746234399,0.6471259992386753,2610,2595,17,0,2578,2544,34909,32,0,0,32,51
2020-10-31,US,Iowa,Story,4214,18,0,42.03621213,-93.46499005,19169.0,4339.096141767147,0.4271476032273375,4196,4164,18,0,4146,4111,98105,50,0,0,50,53
2020-10-31,US,Iowa,Tama,1040,38,0,42.07991767,-92.53266945,19171.0,6170.641984098729,3.6538461538461537,1002,1021,38,0,983,1005,16904,19,0,0,19,16
2020-10-31,US,Iowa,Taylor,269,2,0,40.73710579,-94.69778563,19173.0,4394.706747263519,0.7434944237918215,267,263,2,0,261,260,6191,6,0,0,6,3
2020-10-31,US,Iowa,Unassigned,34,0,0,0.0,0.0,90019.0,0.0,0.0,34,9,0,0,9,6,,25,0,0,25,3
2020-10-31,US,Iowa,Union,285,5,0,41.0277278,-94.24234847,19175.0,2328.241156768238,1.7543859649122806,280,272,5,0,267,264,12359,13,0,0,13,8
2020-10-31,US,Iowa,Van Buren,199,2,0,40.75326764,-91.95017958,19177.0,2825.099375354912,1.0050251256281406,197,194,2,0,192,188,7020,5,0,0,5,6
2020-10-31,US,Iowa,Wapello,1628,62,0,41.03064984,-92.40954728,19179.0,4655.5520603963505,3.8083538083538078,1566,1610,62,0,1548,1589,35205,18,0,0,18,21
2020-10-31,US,Iowa,Warren,1389,7,0,41.33559454,-93.56007641,19181.0,2698.8691563362217,0.503959683225342,1382,1347,7,0,1340,1313,51056,42,0,0,42,34
2020-10-31,US,Iowa,Washington,718,12,0,41.33577126,-91.71725711,19183.0,3268.836785795584,1.6713091922005572,706,712,12,0,700,693,22141,6,0,0,6,19
2020-10-31,US,Iowa,Wayne,161,3,0,40.73969028,-93.32752197,19185.0,2499.611861512188,1.8633540372670807,158,155,3,0,152,137,6401,6,0,0,6,18
2020-10-31,US,Iowa,Webster,2042,15,0,42.42853483,-94.17987389,19187.0,5687.388591800356,0.7345739471106758,2027,2009,15,0,1994,1960,36277,33,0,0,33,49
2020-10-31,US,Iowa,Winnebago,535,19,0,43.37751174,-93.73407298,19189.0,5167.085184469771,3.5514018691588785,516,527,19,0,508,521,10518,8,0,0,8,6
2020-10-31,US,Iowa,Winneshiek,537,9,0,43.29094334,-91.84422722,19191.0,2686.2087939572807,1.675977653631285,528,525,9,0,516,507,20029,12,0,0,12,18
2020-10-31,US,Iowa,Woodbury,7650,100,0,42.38979414,-96.0459439,19193.0,7419.476854141812,1.30718954248366,7550,7530,99,0,7431,7437,102539,120,1,0,119,93
2020-10-31,US,Iowa,Worth,159,0,0,43.37750768,-93.26087602,19195.0,2154.179650453868,0.0,159,155,0,0,155,147,7453,4,0,0,4,8
2020-10-31,US,Iowa,Wright,789,1,0,42.73305373,-93.73515113,19197.0,6280.846998885529,0.1267427122940431,788,778,1,0,777,759,12690,11,0,0,11,19
2020-10-31,US,Kansas,Allen,112,1,0,37.88582951,-95.30030847,20001.0,905.489530277306,0.8928571428571429,111,112,1,0,111,112,12444,0,0,0,0,0
2020-10-31,US,Kansas,Anderson,203,0,0,38.21413251,-95.29272815,20003.0,2583.354543140749,0.0,203,203,0,0,203,186,7878,0,0,0,0,17
2020-10-31,US,Kansas,Atchison,537,6,0,39.53185661,-95.30870026,20005.0,3341.0066571268585,1.11731843575419,531,537,6,0,531,512,16193,0,0,0,0,25
2020-10-31,US,Kansas,Barber,57,0,0,37.2288586,-98.68460053,20007.0,1287.5536480686694,0.0,57,57,0,0,57,48,4472,0,0,0,0,9
2020-10-31,US,Kansas,Barton,803,7,0,38.47889676,-98.75636726,20009.0,3114.9385158462323,0.8717310087173101,796,803,7,0,796,757,26111,0,0,0,0,46
2020-10-31,US,Kansas,Bourbon,306,3,0,37.85508555,-94.84865997,20011.0,2105.4080088069354,0.9803921568627452,303,306,3,0,303,306,14653,0,0,0,0,0
2020-10-31,US,Kansas,Brown,249,5,0,39.82652589,-95.56421698,20013.0,2603.513174404015,2.0080321285140563,244,249,5,0,244,232,9598,0,0,0,0,17
2020-10-31,US,Kansas,Butler,990,3,0,37.78134351,-96.83878537,20015.0,1479.577349015857,0.30303030303030304,987,990,3,0,987,965,66765,0,0,0,0,25
2020-10-31,US,Kansas,Chase,107,3,0,38.30292938,-96.59563862,20017.0,4040.785498489426,2.803738317757009,104,107,3,0,104,107,2629,0,0,0,0,0
2020-10-31,US,Kansas,Chautauqua,25,0,0,37.14994405,-96.2454192,20019.0,769.2307692307692,0.0,25,25,0,0,25,25,3309,0,0,0,0,0
2020-10-31,US,Kansas,Cherokee,720,7,0,37.16928494,-94.8462897,20021.0,3611.013591453935,0.9722222222222222,713,720,7,0,713,699,20015,0,0,0,0,21
2020-10-31,US,Kansas,Cheyenne,120,5,0,39.78580976,-101.7318201,20023.0,4516.371847948814,4.166666666666667,115,120,5,0,115,115,2660,0,0,0,0,5
2020-10-31,US,Kansas,Clark,68,4,0,37.23577007,-99.81883015,20025.0,3410.2306920762285,5.882352941176472,64,68,4,0,64,65,2005,0,0,0,0,3
2020-10-31,US,Kansas,Clay,114,3,0,39.34948772,-97.16518128,20027.0,1424.6438390402402,2.631578947368421,111,114,3,0,111,114,7997,0,0,0,0,0
2020-10-31,US,Kansas,Cloud,166,1,0,39.48028352,-97.64925343,20029.0,1889.3694513999546,0.6024096385542169,165,166,1,0,165,144,8729,0,0,0,0,22
2020-10-31,US,Kansas,Coffey,173,9,0,38.2365018,-95.73379515,20031.0,2115.173004034723,5.202312138728324,164,173,9,0,164,160,8233,0,0,0,0,13
2020-10-31,US,Kansas,Comanche,20,0,0,37.19114520000001,-99.27113247,20033.0,1176.4705882352941,0.0,20,20,0,0,20,20,1748,0,0,0,0,0
2020-10-31,US,Kansas,Cowley,552,10,0,37.23781842,-96.83776647,20035.0,1581.2994156067373,1.8115942028985508,542,552,10,0,542,523,35218,0,0,0,0,29
2020-10-31,US,Kansas,Crawford,1449,12,0,37.50675523,-94.85245778,20037.0,3732.804369107115,0.8281573498964804,1437,1449,12,0,1437,1449,39019,0,0,0,0,0
2020-10-31,US,Kansas,Decatur,121,1,0,39.78468441,-100.45940809999999,20039.0,4280.1556420233455,0.8264462809917356,120,121,1,0,120,89,2871,0,0,0,0,32
2020-10-31,US,Kansas,Dickinson,349,4,0,38.86600962,-97.15532383,20041.0,1889.9599263511318,1.146131805157593,345,349,4,0,345,326,18717,0,0,0,0,23
2020-10-31,US,Kansas,Doniphan,215,1,0,39.79067154,-95.14056866,20043.0,2828.947368421052,0.4651162790697674,214,215,1,0,214,211,7682,0,0,0,0,4
2020-10-31,US,Kansas,Douglas,2964,19,0,38.88503636,-95.2925121,20045.0,2424.361396706991,0.6410256410256411,2945,2964,19,0,2945,2930,121436,0,0,0,0,34
2020-10-31,US,Kansas,Edwards,82,0,0,37.88735543,-99.31263309,20047.0,2930.6647605432454,0.0,82,82,0,0,82,76,2849,0,0,0,0,6
2020-10-31,US,Kansas,Elk,13,0,0,37.45338105,-96.24369667,20049.0,513.8339920948616,0.0,13,13,0,0,13,13,2508,0,0,0,0,0
2020-10-31,US,Kansas,Ellis,1451,18,0,38.91458712,-99.31751551,20051.0,5081.777746646587,1.2405237767057202,1433,1420,18,0,1402,1420,28710,31,0,0,31,0
2020-10-31,US,Kansas,Ellsworth,330,1,0,38.69677695,-98.20462799,20053.0,5408.062930186824,0.30303030303030304,329,330,1,0,329,278,6196,0,0,0,0,52
2020-10-31,US,Kansas,Finney,3110,20,0,38.04340344,-100.73819379999999,20055.0,8528.258425425727,0.6430868167202572,3090,3110,20,0,3090,3046,36611,0,0,0,0,64
2020-10-31,US,Kansas,Ford,3302,13,0,37.69200114,-99.88825298,20057.0,9821.826943097652,0.3937007874015748,3289,3302,13,0,3289,3271,33888,0,0,0,0,31
2020-10-31,US,Kansas,Franklin,576,5,0,38.56443815,-95.28644341,20059.0,2254.9326652051363,0.8680555555555556,571,576,5,0,571,559,25631,0,0,0,0,17
2020-10-31,US,Kansas,Geary,394,4,0,38.99871131,-96.7577178,20061.0,1244.0795705715186,1.0152284263959392,390,394,4,0,390,394,32594,0,0,0,0,0
2020-10-31,US,Kansas,Gove,185,12,0,38.91588178,-100.4829321,20063.0,7018.209408194233,6.486486486486488,173,185,12,0,173,182,2612,0,0,0,0,3
2020-10-31,US,Kansas,Graham,57,1,0,39.34987223,-99.88332493,20065.0,2296.5350523771153,1.7543859649122806,56,57,1,0,56,56,2492,0,0,0,0,1
2020-10-31,US,Kansas,Grant,470,8,0,37.56227336,-101.3079758,20067.0,6573.426573426574,1.702127659574468,462,457,8,0,449,448,7336,13,0,0,13,9
2020-10-31,US,Kansas,Gray,211,2,0,37.73836671,-100.4369088,20069.0,3523.714094856379,0.9478672985781992,209,211,2,0,209,211,6033,0,0,0,0,0
2020-10-31,US,Kansas,Greeley,34,0,0,38.4808095,-101.8061079,20071.0,2759.74025974026,0.0,34,34,0,0,34,34,1227,0,0,0,0,0
2020-10-31,US,Kansas,Greenwood,108,0,0,37.8774388,-96.23250453,20073.0,1805.4162487462388,0.0,108,108,0,0,108,97,6055,0,0,0,0,11
2020-10-31,US,Kansas,Hamilton,64,0,0,37.99978709,-101.7921066,20075.0,2520.677432059866,0.0,64,64,0,0,64,60,2607,0,0,0,0,4
2020-10-31,US,Kansas,Harper,164,3,0,37.19175361,-98.07578384,20077.0,3016.9242089771888,1.8292682926829267,161,164,3,0,161,155,5506,0,0,0,0,9
2020-10-31,US,Kansas,Harvey,619,7,0,38.04293782,-97.42747573,20079.0,1797.9029306689124,1.1308562197092085,612,619,7,0,612,580,34210,0,0,0,0,39
2020-10-31,US,Kansas,Haskell,103,1,0,37.562039399999996,-100.8710738,20081.0,2595.766129032258,0.9708737864077671,102,103,1,0,102,103,3997,0,0,0,0,0
2020-10-31,US,Kansas,Hodgeman,36,0,0,38.08780079,-99.89829881,20083.0,2006.6889632107025,0.0,36,36,0,0,36,36,1818,0,0,0,0,0
2020-10-31,US,Kansas,Jackson,344,4,0,39.41673394,-95.79356799,20085.0,2611.7986485460488,1.162790697674419,340,344,4,0,340,323,13280,0,0,0,0,21
2020-10-31,US,Kansas,Jefferson,300,6,0,39.2347941,-95.38289232,20087.0,1575.3820301423095,2.0,294,300,6,0,294,287,18975,0,0,0,0,13
2020-10-31,US,Kansas,Jewell,29,1,0,39.78470589,-98.21820662,20089.0,1007.2941993747827,3.4482758620689653,28,29,1,0,28,29,2841,0,0,0,0,0
2020-10-31,US,Kansas,Johnson,14897,205,0,38.88548175,-94.82250877,20091.0,2472.937461923204,1.3761159965093643,14692,14670,203,0,14467,14383,597555,227,2,0,225,287
2020-10-31,US,Kansas,Kearny,159,6,0,38.00017981,-101.32168100000001,20093.0,4142.782699322564,3.7735849056603774,153,159,6,0,153,159,3943,0,0,0,0,0
2020-10-31,US,Kansas,Kingman,136,3,0,37.55909527,-98.13638678,20095.0,1901.565995525727,2.2058823529411766,133,136,3,0,133,128,7310,0,0,0,0,8
2020-10-31,US,Kansas,Kiowa,69,0,0,37.55848695,-99.2856537,20097.0,2787.878787878788,0.0,69,69,0,0,69,69,2516,0,0,0,0,0
2020-10-31,US,Kansas,Labette,412,6,0,37.19113093,-95.29849679,20099.0,2100.1121419104893,1.4563106796116505,406,412,6,0,406,394,19964,0,0,0,0,18
2020-10-31,US,Kansas,Lane,27,0,0,38.48119447,-100.46607540000001,20101.0,1758.9576547231272,0.0,27,27,0,0,27,23,1560,0,0,0,0,4
2020-10-31,US,Kansas,Leavenworth,2603,18,0,39.20183497,-95.03620809,20103.0,3183.786296142273,0.6915097963887822,2585,2603,18,0,2585,2568,81352,0,0,0,0,35
2020-10-31,US,Kansas,Lincoln,23,1,0,39.04549684,-98.20756994,20105.0,776.5023632680621,4.3478260869565215,22,23,1,0,22,23,3023,0,0,0,0,0
2020-10-31,US,Kansas,Linn,117,1,0,38.21267844,-94.84254089,20107.0,1205.8126352674428,0.8547008547008547,116,117,1,0,116,117,9750,0,0,0,0,0
2020-10-31,US,Kansas,Logan,68,0,0,38.91735806,-101.148475,20109.0,2433.78668575519,0.0,68,68,0,0,68,68,2844,0,0,0,0,0
2020-10-31,US,Kansas,Lyon,1377,41,0,38.45576156,-96.15275715,20111.0,4148.215092634433,2.977487291212781,1336,1377,41,0,1336,1332,33406,0,0,0,0,45
2020-10-31,US,Kansas,Marion,130,1,0,38.35855394,-97.09852509999999,20115.0,1093.9077751598786,0.7692307692307693,129,130,1,0,129,124,11950,0,0,0,0,6
2020-10-31,US,Kansas,Marshall,77,0,0,39.78359669,-96.52278974,20117.0,793.2419903162668,0.0,77,77,0,0,77,71,9722,0,0,0,0,6
2020-10-31,US,Kansas,McPherson,472,7,0,38.39184858,-97.64769869,20113.0,1653.7033144138463,1.4830508474576272,465,472,7,0,465,445,28537,0,0,0,0,27
2020-10-31,US,Kansas,Meade,146,1,0,37.23859987,-100.36483100000001,20119.0,3620.133895363253,0.6849315068493149,145,146,1,0,145,144,4146,0,0,0,0,2
2020-10-31,US,Kansas,Miami,563,2,0,38.56383358,-94.83832189,20121.0,1644.4197797704235,0.3552397868561279,561,563,2,0,561,563,33680,0,0,0,0,0
2020-10-31,US,Kansas,Mitchell,63,0,0,39.39331582,-98.20906732,20123.0,1053.6879076768691,0.0,63,63,0,0,63,63,6150,0,0,0,0,0
2020-10-31,US,Kansas,Montgomery,706,6,0,37.19236568,-95.74329258,20125.0,2218.102987841277,0.8498583569405099,700,706,6,0,700,656,32120,0,0,0,0,50
2020-10-31,US,Kansas,Morris,65,0,0,38.68827511,-96.65128437,20127.0,1156.5836298932386,0.0,65,65,0,0,65,60,5521,0,0,0,0,5
2020-10-31,US,Kansas,Morton,56,2,0,37.19141121,-101.79925190000002,20129.0,2164.6695013529184,3.571428571428572,54,56,2,0,54,56,2667,0,0,0,0,0
2020-10-31,US,Kansas,Nemaha,315,2,0,39.78345387,-96.01392079,20131.0,3078.8779200469157,0.6349206349206349,313,315,2,0,313,315,10155,0,0,0,0,0
2020-10-31,US,Kansas,Neosho,274,0,0,37.55862897,-95.30670046,20133.0,1711.7511088898611,0.0,274,274,0,0,274,274,15951,0,0,0,0,0
2020-10-31,US,Kansas,Ness,148,9,0,38.47974157,-99.91547333,20135.0,5381.818181818182,6.081081081081082,139,148,9,0,139,148,2840,0,0,0,0,0
2020-10-31,US,Kansas,Norton,715,18,0,39.78443827,-99.90286639,20137.0,13337.063980600637,2.517482517482517,697,715,18,0,697,668,5430,0,0,0,0,47
2020-10-31,US,Kansas,Osage,166,3,0,38.65235984,-95.72707998,20139.0,1040.817606119506,1.8072289156626504,163,166,3,0,163,161,15941,0,0,0,0,5
2020-10-31,US,Kansas,Osborne,24,0,0,39.3503437,-98.76753828,20141.0,701.5492546039169,0.0,24,24,0,0,24,23,3475,0,0,0,0,1
2020-10-31,US,Kansas,Ottawa,119,0,0,39.13237408,-97.65020313,20143.0,2086.2552594670406,0.0,119,119,0,0,119,114,5802,0,0,0,0,5
2020-10-31,US,Kansas,Pawnee,431,1,0,38.18108732,-99.23692334,20145.0,6719.675709385719,0.2320185614849188,430,431,1,0,430,431,6562,0,0,0,0,0
2020-10-31,US,Kansas,Phillips,209,9,0,39.78465501,-99.34668865,20147.0,3993.1218952999616,4.30622009569378,200,205,9,0,196,197,5317,4,0,0,4,8
2020-10-31,US,Kansas,Pottawatomie,382,0,0,39.37925655,-96.34564657,20149.0,1566.6652995939794,0.0,382,382,0,0,382,382,24277,0,0,0,0,0
2020-10-31,US,Kansas,Pratt,192,0,0,37.64780729,-98.73922153,20151.0,2095.154954168485,0.0,192,192,0,0,192,155,9378,0,0,0,0,37
2020-10-31,US,Kansas,Rawlins,96,0,0,39.78525843,-101.07616170000001,20153.0,3794.4664031620564,0.0,96,96,0,0,96,92,2508,0,0,0,0,4
2020-10-31,US,Kansas,Reno,2290,18,0,37.95230263,-98.08607292,20155.0,3693.667537662505,0.7860262008733624,2272,2271,18,0,2253,2248,62342,19,0,0,19,23
2020-10-31,US,Kansas,Republic,86,1,0,39.82799632,-97.65036709,20157.0,1855.047454702329,1.162790697674419,85,86,1,0,85,80,4664,0,0,0,0,6
2020-10-31,US,Kansas,Rice,156,1,0,38.34616184,-98.19992118,20159.0,1635.734507706826,0.6410256410256411,155,156,1,0,155,156,9531,0,0,0,0,0
2020-10-31,US,Kansas,Riley,2226,11,0,39.28935726,-96.73420026,20161.0,2998.7067571936627,0.4941599281221923,2215,2226,11,0,2215,2189,73703,0,0,0,0,37
2020-10-31,US,Kansas,Rooks,163,7,0,39.35022773,-99.32484567,20163.0,3313.0081300813013,4.294478527607362,156,163,7,0,156,154,5013,0,0,0,0,9
2020-10-31,US,Kansas,Rush,98,0,0,38.52275276,-99.30863983,20165.0,3227.931488801054,0.0,98,98,0,0,98,98,3093,0,0,0,0,0
2020-10-31,US,Kansas,Russell,210,4,0,38.91462787,-98.76254297,20167.0,3063.010501750292,1.9047619047619049,206,210,4,0,206,186,6907,0,0,0,0,24
2020-10-31,US,Kansas,Saline,1171,13,0,38.78369175,-97.65185177,20169.0,2159.5603422838594,1.1101622544833476,1158,1171,13,0,1158,1127,54401,0,0,0,0,44
2020-10-31,US,Kansas,Scott,187,1,0,38.48222076,-100.90665390000001,20171.0,3877.254820651047,0.5347593582887701,186,184,1,0,183,181,4897,3,0,0,3,3
2020-10-31,US,Kansas,Sedgwick,12193,133,0,37.6842718,-97.4608198,20173.0,2362.7921758306493,1.090789797424752,12060,11847,129,0,11718,11551,513607,346,4,0,342,296
2020-10-31,US,Kansas,Seward,2201,13,0,37.19324632,-100.85072009999999,20175.0,10271.607242859809,0.5906406179009541,2188,2181,13,0,2168,2181,21780,20,0,0,20,0
2020-10-31,US,Kansas,Shawnee,3647,84,0,39.04100763,-95.75572640000001,20177.0,2061.9081272084804,2.3032629558541267,3563,3647,84,0,3563,3555,177499,0,0,0,0,92
2020-10-31,US,Kansas,Sheridan,185,0,0,39.35018161,-100.44182590000001,20179.0,7338.357794525981,0.0,185,185,0,0,185,165,2533,0,0,0,0,20
2020-10-31,US,Kansas,Sherman,239,6,0,39.35147699,-101.71976240000001,20181.0,4039.209058644584,2.510460251046025,233,239,6,0,233,239,5899,0,0,0,0,0
2020-10-31,US,Kansas,Smith,24,0,0,39.78516566,-98.78566062,20183.0,669.8297516048002,0.0,24,24,0,0,24,23,3603,0,0,0,0,1
2020-10-31,US,Kansas,Stafford,93,1,0,38.03100851,-98.71762001,20185.0,2237.728585178056,1.075268817204301,92,93,1,0,92,82,4178,0,0,0,0,11
2020-10-31,US,Kansas,Stanton,52,2,0,37.56304714,-101.78435340000001,20187.0,2592.2233300099697,3.8461538461538463,50,52,2,0,50,52,1987,0,0,0,0,0
2020-10-31,US,Kansas,Stevens,245,1,0,37.1923008,-101.3118967,20189.0,4466.727438468551,0.4081632653061225,244,245,1,0,244,237,5559,0,0,0,0,8
2020-10-31,US,Kansas,Sumner,311,3,0,37.23682549,-97.47721621,20191.0,1361.8847433876335,0.964630225080386,308,311,3,0,308,296,22996,0,0,0,0,15
2020-10-31,US,Kansas,Thomas,363,2,0,39.35107575,-101.0553705,20193.0,4667.609618104668,0.5509641873278237,361,363,2,0,361,363,7711,0,0,0,0,0
2020-10-31,US,Kansas,Trego,113,3,0,38.91467218,-99.87284448,20195.0,4031.3949339992864,2.6548672566371683,110,113,3,0,110,106,2793,0,0,0,0,7
2020-10-31,US,Kansas,Wabaunsee,84,1,0,38.95471985,-96.20350509,20197.0,1211.9463280911846,1.1904761904761905,83,84,1,0,83,84,6899,0,0,0,0,0
2020-10-31,US,Kansas,Wallace,70,0,0,38.91686134,-101.76388759999999,20199.0,4611.330698287221,0.0,70,56,0,0,56,52,1503,14,0,0,14,4
2020-10-31,US,Kansas,Washington,39,0,0,39.78420784,-97.08753229999999,20201.0,721.4206437291898,0.0,39,39,0,0,39,39,5420,0,0,0,0,0
2020-10-31,US,Kansas,Wichita,44,0,0,38.48178252,-101.3471509,20203.0,2076.4511562057573,0.0,44,44,0,0,44,44,2105,0,0,0,0,0
2020-10-31,US,Kansas,Wilson,122,3,0,37.55937174,-95.74323255,20205.0,1431.0850439882693,2.459016393442623,119,122,3,0,119,118,8665,0,0,0,0,4
2020-10-31,US,Kansas,Woodson,27,0,0,37.8865336,-95.74006277,20207.0,860.4206500956022,0.0,27,27,0,0,27,27,3183,0,0,0,0,0
2020-10-31,US,Kansas,Wyandotte,8505,165,0,39.11727348,-94.76378225,20209.0,5141.1783907295585,1.9400352733686064,8340,8420,165,0,8255,8344,165324,85,0,0,85,76
2020-10-31,US,Kentucky,Adair,516,22,0,37.10459774,-85.28129668,21001.0,2687.2200812415367,4.263565891472869,494,514,22,0,492,511,19215,2,0,0,2,3
2020-10-31,US,Kentucky,Allen,562,11,0,36.75197631,-86.19457544,21003.0,2636.6408632418484,1.9572953736654803,551,557,11,0,546,551,21122,5,0,0,5,6
2020-10-31,US,Kentucky,Anderson,278,1,0,38.00671029,-84.99171713,21005.0,1222.139183188992,0.3597122302158273,277,271,1,0,270,267,22663,7,0,0,7,4
2020-10-31,US,Kentucky,Ballard,79,1,0,37.05842757,-88.99427697,21007.0,1001.5212981744424,1.2658227848101269,78,77,1,0,76,74,7979,2,0,0,2,3
2020-10-31,US,Kentucky,Barren,1326,13,0,36.96469836,-85.93338945,21009.0,2996.6778910257867,0.9803921568627452,1313,1299,13,0,1286,1263,44176,27,0,0,27,36
2020-10-31,US,Kentucky,Bath,138,1,0,38.14735938,-83.74588932,21011.0,1104.0,0.7246376811594203,137,136,1,0,135,135,12383,2,0,0,2,1
2020-10-31,US,Kentucky,Bell,783,17,0,36.73355174,-83.67766671,21013.0,3007.836508912108,2.1711366538952745,766,729,17,0,712,714,26569,54,0,0,54,15
2020-10-31,US,Kentucky,Boone,2305,25,0,38.97065142,-84.72615357,21015.0,1725.54480053301,1.084598698481562,2280,2269,25,0,2244,2228,131533,36,0,0,36,41
2020-10-31,US,Kentucky,Bourbon,333,1,0,38.2054607,-84.21827874,21017.0,1682.838083687083,0.3003003003003003,332,328,1,0,327,325,20184,5,0,0,5,3
2020-10-31,US,Kentucky,Boyd,734,22,0,38.36176608,-82.68652187,21019.0,1571.1289010659702,2.9972752043596733,712,709,22,0,687,707,47240,25,0,0,25,2
2020-10-31,US,Kentucky,Boyle,485,0,0,37.62680923,-84.8633779,21021.0,1613.4397870924818,0.0,485,476,0,0,476,463,30100,9,0,0,9,13
2020-10-31,US,Kentucky,Bracken,74,1,0,38.69158994,-84.08532444,21023.0,891.2441286282068,1.351351351351351,73,73,1,0,72,72,8239,1,0,0,1,1
2020-10-31,US,Kentucky,Breathitt,151,1,0,37.52333168,-83.31959161,21025.0,1195.5661124307205,0.6622516556291391,150,146,1,0,145,143,12726,5,0,0,5,3
2020-10-31,US,Kentucky,Breckinridge,217,2,0,37.77377239,-86.42885017,21027.0,1059.7255457342385,0.9216589861751152,215,209,2,0,207,202,20388,8,0,0,8,7
2020-10-31,US,Kentucky,Bullitt,1582,14,0,37.97162523,-85.68955617,21029.0,1936.921494686321,0.8849557522123894,1568,1540,14,0,1526,1505,81069,42,0,0,42,35
2020-10-31,US,Kentucky,Butler,439,16,0,37.20946153,-86.68748787,21031.0,3408.649739886637,3.644646924829157,423,433,16,0,417,425,12772,6,0,0,6,8
2020-10-31,US,Kentucky,Caldwell,303,0,0,37.14749129,-87.86948214,21033.0,2377.029889385738,0.0,303,292,0,0,292,285,12715,11,0,0,11,7
2020-10-31,US,Kentucky,Calloway,1066,10,0,36.62093411,-88.2731593,21035.0,2733.263249660265,0.9380863039399624,1056,1036,10,0,1026,1019,39135,30,0,0,30,17
2020-10-31,US,Kentucky,Campbell,1397,16,0,38.94384345,-84.37875208,21037.0,1492.776542998803,1.145311381531854,1381,1367,16,0,1351,1322,93152,30,0,0,30,45
2020-10-31,US,Kentucky,Carlisle,109,1,0,36.85372876,-88.96692220000001,21039.0,2289.915966386555,0.9174311926605504,108,106,1,0,105,104,4771,3,0,0,3,2
2020-10-31,US,Kentucky,Carroll,232,5,0,38.66599534,-85.12601074,21041.0,2182.297055780265,2.155172413793104,227,231,5,0,226,228,10737,1,0,0,1,3
2020-10-31,US,Kentucky,Carter,391,4,0,38.31690743,-83.05092385,21043.0,1459.1185580475424,1.0230179028132993,387,374,4,0,370,365,27004,17,0,0,17,9
2020-10-31,US,Kentucky,Casey,325,16,0,37.32533118,-84.92726209,21045.0,2011.2630732099758,4.9230769230769225,309,320,16,0,304,319,15888,5,0,0,5,1
2020-10-31,US,Kentucky,Christian,1996,29,0,36.89267803,-87.49055367,21047.0,2832.7727395296693,1.4529058116232465,1967,1968,29,0,1939,1936,71671,28,0,0,28,32
2020-10-31,US,Kentucky,Clark,562,12,0,37.9689263,-84.14615986,21049.0,1549.789041171442,2.1352313167259784,550,550,12,0,538,543,36249,12,0,0,12,7
2020-10-31,US,Kentucky,Clay,628,6,0,37.16451126,-83.712575,21051.0,3155.620320586905,0.9554140127388536,622,602,6,0,596,588,20105,26,0,0,26,14
2020-10-31,US,Kentucky,Clinton,250,3,0,36.72581156,-85.13377529,21053.0,2446.6627520062634,1.2,247,248,3,0,245,244,10206,2,0,0,2,4
2020-10-31,US,Kentucky,Crittenden,173,1,0,37.35839237,-88.08826090000002,21055.0,1964.5696116284353,0.5780346820809249,172,172,1,0,171,171,8915,1,0,0,1,1
2020-10-31,US,Kentucky,Cumberland,153,0,0,36.78926125,-85.39050034,21057.0,2313.274871484729,0.0,153,153,0,0,153,150,6659,0,0,0,0,3
2020-10-31,US,Kentucky,Daviess,2085,32,0,37.73028906,-87.09019479999998,21059.0,2053.9645949700034,1.5347721822541966,2053,2054,31,0,2023,2024,101104,31,1,0,30,30
2020-10-31,US,Kentucky,Edmonson,191,12,0,37.21218923,-86.23955613,21061.0,1572.0164609053495,6.282722513089006,179,188,12,0,176,187,12274,3,0,0,3,1
2020-10-31,US,Kentucky,Elliott,339,0,0,38.11624059,-83.09771563,21063.0,4509.77783690302,0.0,339,336,0,0,336,335,7508,3,0,0,3,1
2020-10-31,US,Kentucky,Estill,300,0,0,37.69241417,-83.95956369,21065.0,2126.754572522331,0.0,300,294,0,0,294,291,14198,6,0,0,6,3
2020-10-31,US,Kentucky,Fayette,11209,93,0,38.0368225,-84.45576892,21067.0,3468.646333613903,0.8296904273351771,11116,10953,92,0,10861,10766,323780,256,1,0,255,187
2020-10-31,US,Kentucky,Fleming,198,0,0,38.36758311,-83.69657514,21069.0,1357.9315547630479,0.0,198,196,0,0,196,192,14432,2,0,0,2,4
2020-10-31,US,Kentucky,Floyd,454,4,0,37.56213922,-82.74750924,21071.0,1275.6750681390315,0.8810572687224669,450,434,4,0,430,419,35845,20,0,0,20,15
2020-10-31,US,Kentucky,Franklin,903,14,0,38.2379395,-84.87962551,21073.0,1770.9007471906812,1.5503875968992251,889,895,14,0,881,886,50815,8,0,0,8,9
2020-10-31,US,Kentucky,Fulton,238,3,0,36.55238827,-89.20140068,21075.0,3987.267549003183,1.2605042016806722,235,237,3,0,234,235,6120,1,0,0,1,2
2020-10-31,US,Kentucky,Gallatin,131,8,0,38.75398691,-84.8558382,21077.0,1477.0549103619348,6.106870229007634,123,128,8,0,120,128,8832,3,0,0,3,0
2020-10-31,US,Kentucky,Garrard,366,4,0,37.638866799999995,-84.53289319,21079.0,2071.776293445036,1.0928961748633879,362,358,4,0,354,350,17560,8,0,0,8,8
2020-10-31,US,Kentucky,Grant,284,6,0,38.64962758,-84.62415957,21081.0,1132.8732697754199,2.112676056338028,278,278,6,0,272,276,25121,6,0,0,6,2
2020-10-31,US,Kentucky,Graves,932,30,0,36.72292505,-88.65143315,21083.0,2500.93919390329,3.218884120171674,902,913,30,0,883,902,37317,19,0,0,19,11
2020-10-31,US,Kentucky,Grayson,548,16,0,37.46231118,-86.34248968,21085.0,2073.6368108374013,2.9197080291970803,532,531,16,0,515,522,26321,17,0,0,17,9
2020-10-31,US,Kentucky,Green,342,8,0,37.26484328,-85.5540745,21087.0,3125.8568686591716,2.3391812865497075,334,340,8,0,332,340,11049,2,0,0,2,0
2020-10-31,US,Kentucky,Greenup,671,12,0,38.54332505,-82.9215658,21089.0,1911.7898455752465,1.7883755588673622,659,660,12,0,648,646,35268,11,0,0,11,14
2020-10-31,US,Kentucky,Hancock,165,3,0,37.83766422,-86.78280584,21091.0,1891.767943132309,1.818181818181818,162,161,3,0,158,155,8758,4,0,0,4,6
2020-10-31,US,Kentucky,Hardin,2270,13,0,37.6976111,-85.96319251,21093.0,2045.8191387732293,0.5726872246696035,2257,2230,13,0,2217,2149,110356,40,0,0,40,81
2020-10-31,US,Kentucky,Harlan,621,14,0,36.85699301,-83.21899516,21095.0,2387.5432525951555,2.2544283413848634,607,616,14,0,602,610,26409,5,0,0,5,6
2020-10-31,US,Kentucky,Harrison,283,1,0,38.44188174,-84.32869741,21097.0,1498.4644710367468,0.353356890459364,282,278,1,0,277,276,18778,5,0,0,5,2
2020-10-31,US,Kentucky,Hart,474,1,0,37.29943898,-85.88461055,21099.0,2490.149724192277,0.2109704641350211,473,461,1,0,460,448,18906,13,0,0,13,13
2020-10-31,US,Kentucky,Henderson,1379,29,0,37.79344553,-87.57392021,21101.0,3050.210130502101,2.102973168963017,1350,1364,28,0,1336,1343,45591,15,1,0,14,21
2020-10-31,US,Kentucky,Henry,311,2,0,38.44942688,-85.11587507,21103.0,1928.5625697631162,0.6430868167202572,309,298,2,0,296,293,16106,13,0,0,13,5
2020-10-31,US,Kentucky,Hickman,124,1,0,36.67948079999999,-88.97875928,21105.0,2831.0502283105025,0.8064516129032258,123,124,1,0,123,124,4421,0,0,0,0,0
2020-10-31,US,Kentucky,Hopkins,1115,43,0,37.30939025,-87.54670406,21107.0,2495.188649688941,3.8565022421524655,1072,1087,43,0,1044,1070,45068,28,0,0,28,17
2020-10-31,US,Kentucky,Jackson,500,17,0,37.41866422,-83.99825483,21109.0,3751.2191462225214,3.4,483,486,17,0,469,479,13442,14,0,0,14,7
2020-10-31,US,Kentucky,Jefferson,23598,367,0,38.18664655,-85.65931031,21111.0,3077.637374031147,1.5552165437748962,23231,23280,366,0,22914,22875,770517,318,1,0,317,405
2020-10-31,US,Kentucky,Jessamine,1047,13,0,37.87119786,-84.58252003,21113.0,1934.7685484616093,1.241642788920726,1034,1026,12,0,1014,1006,53920,21,1,0,20,20
2020-10-31,US,Kentucky,Johnson,367,2,0,37.85106355,-82.8264322,21115.0,1654.047232738417,0.5449591280653951,365,343,2,0,341,330,22386,24,0,0,24,13
2020-10-31,US,Kentucky,Kenton,2947,51,0,38.93950319,-84.53241199,21117.0,1764.6917927160807,1.7305734645402104,2896,2883,51,0,2832,2796,166051,64,0,0,64,87
2020-10-31,US,Kentucky,Knott,376,6,0,37.35388197,-82.94981134,21119.0,2539.511009050385,1.5957446808510638,370,368,6,0,362,357,15126,8,0,0,8,11
2020-10-31,US,Kentucky,Knox,909,10,0,36.89225732,-83.85403396,21121.0,2918.6065179001453,1.1001100110011002,899,893,10,0,883,886,31304,16,0,0,16,7
2020-10-31,US,Kentucky,Larue,318,1,0,37.54567114,-85.70138352,21123.0,2208.640088901236,0.31446540880503143,317,313,1,0,312,288,14307,5,0,0,5,25
2020-10-31,US,Kentucky,Laurel,1554,8,0,37.10975748,-84.11321779,21125.0,2555.374673178432,0.5148005148005148,1546,1507,8,0,1499,1473,60669,47,0,0,47,34
2020-10-31,US,Kentucky,Lawrence,171,0,0,38.07136018,-82.72882223,21127.0,1116.4066070379317,0.0,171,161,0,0,161,157,15571,10,0,0,10,4
2020-10-31,US,Kentucky,Lee,186,7,0,37.59645942,-83.71513901,21129.0,2512.494934486019,3.7634408602150535,179,182,6,0,176,179,7033,4,1,0,3,3
2020-10-31,US,Kentucky,Leslie,138,1,0,37.09246661,-83.37999606,21131.0,1397.1853801761667,0.7246376811594203,137,136,1,0,135,133,10143,2,0,0,2,3
2020-10-31,US,Kentucky,Letcher,315,2,0,37.12306748,-82.85346474,21133.0,1461.5134784020786,0.6349206349206349,313,313,2,0,311,309,21899,2,0,0,2,4
2020-10-31,US,Kentucky,Lewis,325,17,0,38.53184419,-83.37735618,21135.0,2448.210922787194,5.230769230769232,308,309,16,0,293,300,13257,16,1,0,15,9
2020-10-31,US,Kentucky,Lincoln,354,19,0,37.45475628,-84.6565327,21137.0,1442.0139313210316,5.367231638418079,335,352,19,0,333,344,24644,2,0,0,2,8
2020-10-31,US,Kentucky,Livingston,134,1,0,37.21137452,-88.34797529,21139.0,1457.4722645203394,0.746268656716418,133,131,1,0,130,129,9242,3,0,0,3,2
2020-10-31,US,Kentucky,Logan,832,31,0,36.85949479,-86.877635,21141.0,3069.88414139178,3.7259615384615374,801,822,31,0,791,798,26989,10,0,0,10,24
2020-10-31,US,Kentucky,Lyon,121,4,0,37.02080035,-88.07886257,21143.0,1473.8124238733249,3.3057851239669422,117,113,4,0,109,113,8009,8,0,0,8,0
2020-10-31,US,Kentucky,Madison,2435,13,0,37.71659336,-84.27220275,21151.0,2618.645617129276,0.5338809034907598,2422,2408,13,0,2395,2391,92368,27,0,0,27,17
2020-10-31,US,Kentucky,Magoffin,191,0,0,37.70820545,-83.0657714,21153.0,1570.5945234766875,0.0,191,183,0,0,183,180,12362,8,0,0,8,3
2020-10-31,US,Kentucky,Marion,527,10,0,37.55218078,-85.26898542,21155.0,2734.3952679914905,1.8975332068311197,517,511,10,0,501,501,19404,16,0,0,16,10
2020-10-31,US,Kentucky,Marshall,525,7,0,36.88007070000001,-88.32803576,21157.0,1688.1028938906754,1.3333333333333333,518,515,7,0,508,506,31191,10,0,0,10,9
2020-10-31,US,Kentucky,Martin,230,3,0,37.79990579,-82.51247478,21159.0,2054.488610987048,1.3043478260869563,227,218,3,0,215,211,11323,12,0,0,12,7
2020-10-31,US,Kentucky,Mason,187,2,0,38.59471935,-83.82151043,21161.0,1095.4891622729936,1.0695187165775402,185,182,2,0,180,179,17150,5,0,0,5,3
2020-10-31,US,Kentucky,McCracken,1252,12,0,37.05350953,-88.70445755,21145.0,1913.8463419853863,0.9584664536741214,1240,1213,12,0,1201,1187,65346,39,0,0,39,26
2020-10-31,US,Kentucky,McCreary,264,1,0,36.73874143,-84.48102924,21147.0,1532.1223376472635,0.3787878787878788,263,264,1,0,263,264,17408,0,0,0,0,0
2020-10-31,US,Kentucky,McLean,221,4,0,37.5301951,-87.26803443,21149.0,2400.3475616378837,1.8099547511312215,217,220,4,0,216,216,9252,1,0,0,1,4
2020-10-31,US,Kentucky,Meade,418,4,0,37.96163597,-86.21028219,21163.0,1462.9707405851882,0.9569377990430622,414,408,4,0,404,398,28715,10,0,0,10,10
2020-10-31,US,Kentucky,Menifee,90,1,0,37.94090733,-83.59985712,21165.0,1386.9625520110958,1.1111111111111112,89,90,1,0,89,89,6451,0,0,0,0,1
2020-10-31,US,Kentucky,Mercer,383,6,0,37.81474237,-84.87488475,21167.0,1746.2271463092145,1.566579634464752,377,376,6,0,370,372,21774,7,0,0,7,4
2020-10-31,US,Kentucky,Metcalfe,212,2,0,36.99459295,-85.63123699,21169.0,2105.054115777976,0.9433962264150944,210,210,2,0,208,206,10030,2,0,0,2,4
2020-10-31,US,Kentucky,Monroe,345,4,0,36.71225341,-85.71596443,21171.0,3239.43661971831,1.1594202898550725,341,333,4,0,329,312,10718,12,0,0,12,21
2020-10-31,US,Kentucky,Montgomery,562,6,0,38.03253032,-83.9145241,21173.0,1995.951273218028,1.0676156583629892,556,551,5,0,546,525,28203,11,1,0,10,26
2020-10-31,US,Kentucky,Morgan,149,0,0,37.92465657,-83.25558245,21175.0,1119.5431662784579,0.0,149,144,0,0,144,141,13345,5,0,0,5,3
2020-10-31,US,Kentucky,Muhlenberg,989,14,0,37.21425819,-87.14632053,21177.0,3229.704134282543,1.4155712841253791,975,984,14,0,970,979,30774,5,0,0,5,5
2020-10-31,US,Kentucky,Nelson,1067,4,0,37.80335779,-85.4657193,21179.0,2307.875327147276,0.3748828491096533,1063,1023,4,0,1019,1001,45851,44,0,0,44,22
2020-10-31,US,Kentucky,Nicholas,120,3,0,38.33342292,-84.01889177,21181.0,1650.846058605035,2.5,117,119,3,0,116,119,7166,1,0,0,1,0
2020-10-31,US,Kentucky,Ohio,628,10,0,37.47751843,-86.85368087,21183.0,2617.320996915896,1.5923566878980893,618,621,10,0,611,614,24087,7,0,0,7,7
2020-10-31,US,Kentucky,Oldham,1507,26,0,38.39791089,-85.448222,21185.0,2256.021796733484,1.7252820172528205,1481,1486,26,0,1460,1456,66470,21,0,0,21,30
2020-10-31,US,Kentucky,Owen,129,3,0,38.51679143,-84.82404619,21187.0,1183.377671773232,2.3255813953488373,126,126,3,0,123,124,10880,3,0,0,3,2
2020-10-31,US,Kentucky,Owsley,102,1,0,37.42823949,-83.68811419,21189.0,2310.305775764439,0.9803921568627452,101,99,1,0,98,98,4472,3,0,0,3,1
2020-10-31,US,Kentucky,Pendleton,140,0,0,38.69607718,-84.35599463,21191.0,959.5613433858807,0.0,140,133,0,0,133,132,14529,7,0,0,7,1
2020-10-31,US,Kentucky,Perry,570,9,0,37.25023553,-83.22922731,21193.0,2212.9047286279992,1.5789473684210529,561,557,9,0,548,546,26092,13,0,0,13,11
2020-10-31,US,Kentucky,Pike,1032,5,0,37.47088263,-82.39487445,21195.0,1783.122537839519,0.4844961240310077,1027,1004,4,0,1000,963,58402,28,1,0,27,41
2020-10-31,US,Kentucky,Powell,159,0,0,37.83218794,-83.82553961,21197.0,1286.5118537098472,0.0,159,149,0,0,149,147,12442,10,0,0,10,2
2020-10-31,US,Kentucky,Pulaski,1021,13,0,37.10466131,-84.57629079,21199.0,1571.2768740670062,1.2732615083251717,1008,1010,13,0,997,1000,64623,11,0,0,11,10
2020-10-31,US,Kentucky,Robertson,37,1,0,38.51923469,-84.05055616,21201.0,1755.2182163187854,2.702702702702702,36,36,1,0,35,35,2135,1,0,0,1,1
2020-10-31,US,Kentucky,Rockcastle,373,2,0,37.36642393,-84.31176452,21203.0,2234.2018568433664,0.5361930294906166,371,369,2,0,367,365,16750,4,0,0,4,4
2020-10-31,US,Kentucky,Rowan,378,2,0,38.19484205,-83.42088935,21205.0,1545.380212591987,0.5291005291005291,376,377,2,0,375,370,24583,1,0,0,1,7
2020-10-31,US,Kentucky,Russell,402,7,0,36.99308373,-85.06070117,21207.0,2242.9280812364,1.7412935323383083,395,400,7,0,393,398,17821,2,0,0,2,2
2020-10-31,US,Kentucky,Scott,1203,20,0,38.29622293,-84.5816631,21209.0,2110.378219072346,1.662510390689942,1183,1190,20,0,1170,1171,56031,13,0,0,13,19
2020-10-31,US,Kentucky,Shelby,1551,25,0,38.21476019,-85.194223,21211.0,3163.7565274151434,1.6118633139909735,1526,1534,25,0,1509,1510,48518,17,0,0,17,24
2020-10-31,US,Kentucky,Simpson,373,8,0,36.74058474,-86.58047435,21213.0,2008.399741546414,2.1447721179624666,365,367,8,0,359,361,18529,6,0,0,6,6
2020-10-31,US,Kentucky,Spencer,337,1,0,38.03223971,-85.32749335,21215.0,1741.5120665598677,0.2967359050445104,336,326,1,0,325,319,18794,11,0,0,11,7
2020-10-31,US,Kentucky,Taylor,530,7,0,37.3677562,-85.3329931,21217.0,2056.7348364313707,1.320754716981132,523,528,7,0,521,522,25549,2,0,0,2,6
2020-10-31,US,Kentucky,Todd,306,12,0,36.8381152,-87.17878374,21219.0,2489.0190336749633,3.92156862745098,294,299,12,0,287,298,12311,7,0,0,7,1
2020-10-31,US,Kentucky,Trigg,258,0,0,36.80767017,-87.87333656,21221.0,1760.971947307351,0.0,258,255,0,0,255,251,14643,3,0,0,3,4
2020-10-31,US,Kentucky,Trimble,97,0,0,38.61056487,-85.33775972,21223.0,1145.083225121001,0.0,97,95,0,0,95,90,8515,2,0,0,2,5
2020-10-31,US,Kentucky,Union,526,6,0,37.66166713,-87.94300009,21225.0,3657.603782768931,1.1406844106463878,520,524,6,0,518,519,14505,2,0,0,2,5
2020-10-31,US,Kentucky,Warren,5418,58,0,36.99903045,-86.42672751,21227.0,4076.8721406212376,1.0705057216685123,5360,5372,58,0,5314,5300,131264,46,0,0,46,72
2020-10-31,US,Kentucky,Washington,266,2,0,37.75599461,-85.17407732,21229.0,2199.255890863993,0.7518796992481203,264,261,2,0,259,248,12084,5,0,0,5,13
2020-10-31,US,Kentucky,Wayne,297,2,0,36.80310688,-84.8251971,21231.0,1460.6796832734965,0.6734006734006734,295,295,2,0,293,291,20468,2,0,0,2,4
2020-10-31,US,Kentucky,Webster,338,5,0,37.52168356,-87.67989953,21233.0,2611.651985782723,1.4792899408284024,333,335,5,0,330,328,13111,3,0,0,3,7
2020-10-31,US,Kentucky,Whitley,881,7,0,36.75700531,-84.14541217,21235.0,2429.4065740127953,0.7945516458569807,874,855,7,0,848,839,36242,26,0,0,26,16
2020-10-31,US,Kentucky,Wolfe,70,0,0,37.73941626,-83.49303612,21237.0,978.0634343998883,0.0,70,69,0,0,69,67,7177,1,0,0,1,2
2020-10-31,US,Kentucky,Woodford,411,0,0,38.04178222,-84.7417556,21239.0,1537.3681454327825,0.0,411,401,0,0,401,388,26533,10,0,0,10,13
2020-10-31,US,Louisiana,Acadia,3169,101,0,30.295064899999996,-92.41419698,22001.0,5107.583205737771,3.1871252761123383,3068,3169,101,0,3068,3158,62190,0,0,0,0,11
2020-10-31,US,Louisiana,Allen,1848,63,0,30.65385745,-92.82442028,22003.0,7211.144496039334,3.4090909090909087,1785,1848,63,0,1785,1848,25605,0,0,0,0,0
2020-10-31,US,Louisiana,Ascension,4212,100,0,30.20406249,-90.91328409999998,22005.0,3326.909102398029,2.3741690408357075,4112,4212,100,0,4112,4186,124672,0,0,0,0,26
2020-10-31,US,Louisiana,Assumption,802,24,0,29.89946234,-91.06461642,22007.0,3663.606048147641,2.9925187032418954,778,802,24,0,778,797,22300,0,0,0,0,5
2020-10-31,US,Louisiana,Avoyelles,1757,62,0,31.07796211,-92.00079449,22009.0,4376.743722598645,3.5287421741605014,1695,1757,62,0,1695,1754,40462,0,0,0,0,3
2020-10-31,US,Louisiana,Beauregard,1077,40,0,30.64836518,-93.34173616,22011.0,2872.2297783822705,3.7140204271123487,1037,1077,40,0,1037,1071,37253,0,0,0,0,6
2020-10-31,US,Louisiana,Bienville,614,35,0,32.34569994,-93.05398492,22013.0,4637.112000604184,5.700325732899022,579,614,35,0,579,619,13308,0,0,0,0,-5
2020-10-31,US,Louisiana,Bossier,4339,121,0,32.67932307,-93.60460152,22015.0,3415.486582860381,2.78866098179304,4218,4339,121,0,4218,4322,127185,0,0,0,0,17
2020-10-31,US,Louisiana,Caddo,10262,396,0,32.57991587,-93.88375652,22017.0,4272.201961665916,3.858896901188852,9866,10262,396,0,9866,10206,242922,0,0,0,0,56
2020-10-31,US,Louisiana,Calcasieu,8461,230,0,30.22931235,-93.35400434,22019.0,4159.047562869895,2.7183548043966432,8231,8461,230,0,8231,8441,203112,0,0,0,0,20
2020-10-31,US,Louisiana,Caldwell,367,3,0,32.0902519,-92.11752148,22021.0,3700.342811050615,0.8174386920980926,364,367,3,0,364,362,9960,0,0,0,0,5
2020-10-31,US,Louisiana,Cameron,247,2,0,29.87592238,-93.19310676,22023.0,3542.2343324250683,0.8097165991902834,245,247,2,0,245,246,6968,0,0,0,0,1
2020-10-31,US,Louisiana,Catahoula,465,15,0,31.66778967,-91.84526385,22025.0,4897.83020855277,3.2258064516129035,450,465,15,0,450,463,9608,0,0,0,0,2
2020-10-31,US,Louisiana,Claiborne,603,26,0,32.82308512,-92.99526883,22027.0,3848.117421825144,4.311774461028192,577,603,26,0,577,601,15944,0,0,0,0,2
2020-10-31,US,Louisiana,Concordia,611,16,0,31.44817835,-91.63814433,22029.0,3172.5427073056762,2.6186579378068737,595,611,16,0,595,611,19572,0,0,0,0,0
2020-10-31,US,Louisiana,De Soto,1037,35,0,32.05457447,-93.74130302,22031.0,3775.989513163165,3.3751205400192865,1002,1037,35,0,1002,1030,27436,0,0,0,0,7
2020-10-31,US,Louisiana,East Baton Rouge,16202,459,0,30.53842039,-91.09777565,22033.0,3681.779034174963,2.832983582273793,15743,16202,459,0,15743,16172,440956,0,0,0,0,30
2020-10-31,US,Louisiana,East Carroll,586,6,0,32.73926954,-91.23425694,22035.0,8541.029004518292,1.023890784982935,580,586,6,0,580,585,7037,0,0,0,0,1
2020-10-31,US,Louisiana,East Feliciana,1799,78,0,30.84425359,-91.04976723,22037.0,9401.620067938333,4.33574207893274,1721,1799,78,0,1721,1802,19305,0,0,0,0,-3
2020-10-31,US,Louisiana,Evangeline,1413,40,0,30.72985248,-92.39915924,22039.0,4231.172331187304,2.8308563340410475,1373,1413,40,0,1373,1413,33443,0,0,0,0,0
2020-10-31,US,Louisiana,Franklin,1348,47,0,32.13675181,-91.67589857,22041.0,6734.948788408694,3.486646884272997,1301,1348,47,0,1301,1339,20156,0,0,0,0,9
2020-10-31,US,Louisiana,Grant,543,30,0,31.59882456,-92.56124347,22043.0,2425.2981374782253,5.524861878453039,513,543,30,0,513,538,22482,0,0,0,0,5
2020-10-31,US,Louisiana,Iberia,3079,97,0,29.86803617,-91.75871777,22045.0,4409.2796792209665,3.1503734978889253,2982,3079,97,0,2982,3081,70941,0,0,0,0,-2
2020-10-31,US,Louisiana,Iberville,1487,61,0,30.25734305,-91.3499598,22047.0,4573.836547630033,4.10221923335575,1426,1487,61,0,1426,1483,32721,0,0,0,0,4
2020-10-31,US,Louisiana,Jackson,869,24,0,32.30251776,-92.55692092,22049.0,5519.5630081300815,2.761795166858458,845,869,24,0,845,861,15902,0,0,0,0,8
2020-10-31,US,Louisiana,Jefferson,18785,589,0,29.74075478,-90.11115756,22051.0,4343.422899330162,3.1354804365184985,18196,18785,589,0,18196,18757,434051,0,0,0,0,28
2020-10-31,US,Louisiana,Jefferson Davis,1355,44,0,30.26896765,-92.81210004,22053.0,4319.688854883958,3.2472324723247232,1311,1355,44,0,1311,1352,31582,0,0,0,0,3
2020-10-31,US,Louisiana,LaSalle,517,10,0,31.67884782,-92.15907765,22059.0,3471.662637657803,1.9342359767891684,507,517,10,0,507,503,14917,0,0,0,0,14
2020-10-31,US,Louisiana,Lafayette,9505,140,0,30.2049055,-92.06959876,22055.0,3889.2753385981428,1.4729089952656496,9365,9505,140,0,9365,9493,242782,0,0,0,0,12
2020-10-31,US,Louisiana,Lafourche,3907,131,0,29.52470226,-90.40976986,22057.0,4002.499641444874,3.3529562324033786,3776,3907,131,0,3776,3909,98115,0,0,0,0,-2
2020-10-31,US,Louisiana,Lincoln,1688,50,0,32.6003154,-92.66597409999999,22061.0,3611.31316588935,2.962085308056872,1638,1688,50,0,1638,1679,47196,0,0,0,0,9
2020-10-31,US,Louisiana,Livingston,4232,80,0,30.44143993,-90.73061664,22063.0,3005.916655420523,1.8903591682419658,4152,4232,80,0,4152,4227,139567,0,0,0,0,5
2020-10-31,US,Louisiana,Madison,895,9,0,32.36918118,-91.23973355,22065.0,8172.769610081271,1.005586592178771,886,895,9,0,886,894,11161,0,0,0,0,1
2020-10-31,US,Louisiana,Morehouse,896,27,0,32.81686191,-91.80421614,22067.0,3602.1548604969043,3.0133928571428568,869,896,27,0,869,892,25398,0,0,0,0,4
2020-10-31,US,Louisiana,Natchitoches,1503,28,0,31.72321584,-93.09816516,22069.0,3938.8856858325908,1.8629407850964737,1475,1503,28,0,1475,1495,38659,0,0,0,0,8
2020-10-31,US,Louisiana,Orleans,13536,595,0,30.06971951,-89.92660315,22071.0,3469.4881889763788,4.3956855791962175,12941,13536,595,0,12941,13514,391006,0,0,0,0,22
2020-10-31,US,Louisiana,Ouachita,7082,167,0,32.47645559,-92.15704172,22073.0,4620.3328570776175,2.3580909347641907,6915,7082,167,0,6915,7061,154475,0,0,0,0,21
2020-10-31,US,Louisiana,Plaquemines,898,19,0,29.42245447,-89.60322085,22075.0,3871.190240117257,2.115812917594655,879,898,19,0,879,894,23410,0,0,0,0,4
2020-10-31,US,Louisiana,Pointe Coupee,1140,42,0,30.71409502,-91.60209535,22077.0,5246.2034054302785,3.684210526315789,1098,1140,42,0,1098,1140,21940,0,0,0,0,0
2020-10-31,US,Louisiana,Rapides,4749,160,0,31.19778499,-92.52997303,22079.0,3662.99518696779,3.369130343230154,4589,4749,160,0,4589,4731,130562,0,0,0,0,18
2020-10-31,US,Louisiana,Red River,446,24,0,32.09530039,-93.34213308,22081.0,5283.108268182895,5.381165919282512,422,446,24,0,422,442,8477,0,0,0,0,4
2020-10-31,US,Louisiana,Richland,901,18,0,32.41391005,-91.76634876,22083.0,4477.686114700327,1.997780244173141,883,901,18,0,883,895,20192,0,0,0,0,6
2020-10-31,US,Louisiana,Sabine,1005,15,0,31.56388699,-93.55433981,22085.0,4207.837883101658,1.492537313432836,990,1005,15,0,990,1004,24032,0,0,0,0,1
2020-10-31,US,Louisiana,St. Bernard,1557,32,0,29.87761636,-89.51887093,22087.0,3295.6565913131817,2.055234425176622,1525,1557,32,0,1525,1554,46721,0,0,0,0,3
2020-10-31,US,Louisiana,St. Charles,1964,63,0,29.90709658,-90.35555967,22089.0,3698.681732580037,3.207739307535641,1901,1964,63,0,1901,1954,52879,0,0,0,0,10
2020-10-31,US,Louisiana,St. Helena,439,4,0,30.82210324,-90.71013176,22091.0,4332.8069482826695,0.9111617312072892,435,439,4,0,435,439,10262,0,0,0,0,0
2020-10-31,US,Louisiana,St. James,846,40,0,30.02531716,-90.80212061,22093.0,4010.2389078498295,4.728132387706856,806,846,40,0,806,845,21037,0,0,0,0,1
2020-10-31,US,Louisiana,St. John the Baptist,1659,107,0,30.12597499,-90.4753503,22095.0,3872.820225505988,6.4496684749849305,1552,1659,107,0,1552,1654,43184,0,0,0,0,5
2020-10-31,US,Louisiana,St. Landry,3681,135,0,30.59724262,-92.00135806,22097.0,4482.246359164191,3.667481662591687,3546,3681,135,0,3546,3679,82764,0,0,0,0,2
2020-10-31,US,Louisiana,St. Martin,2237,64,0,30.13112107,-91.61403569,22099.0,4186.708090808706,2.8609745194456857,2173,2237,64,0,2173,2230,53621,0,0,0,0,7
2020-10-31,US,Louisiana,St. Mary,2026,86,0,29.69262097,-91.44702164,22101.0,4105.536191942936,4.244817374136229,1940,2026,86,0,1940,2027,49774,0,0,0,0,-1
2020-10-31,US,Louisiana,St. Tammany,7764,271,0,30.40942847,-89.95642711,22103.0,2981.349287110388,3.4904688304997413,7493,7764,271,0,7493,7765,258111,0,0,0,0,-1
2020-10-31,US,Louisiana,Tangipahoa,5047,126,0,30.62888673,-90.40664996,22105.0,3745.232194007034,2.4965325936199716,4921,5047,126,0,4921,5037,133777,0,0,0,0,10
2020-10-31,US,Louisiana,Tensas,187,2,0,32.00760749,-91.32915234,22107.0,4314.720812182741,1.0695187165775402,185,187,2,0,185,186,4462,0,0,0,0,1
2020-10-31,US,Louisiana,Terrebonne,3880,125,0,29.37343766,-90.82626855,22109.0,3512.551941409185,3.2216494845360826,3755,3880,125,0,3755,3870,111021,0,0,0,0,10
2020-10-31,US,Louisiana,Unassigned,321,214,0,0.0,0.0,90022.0,0.0,66.66666666666667,107,321,214,0,107,319,,0,0,0,0,2
2020-10-31,US,Louisiana,Union,1127,52,0,32.83121059,-92.3749373,22111.0,5097.702189252759,4.614019520851818,1075,1127,52,0,1075,1123,22330,0,0,0,0,4
2020-10-31,US,Louisiana,Vermilion,2131,70,0,29.83517605,-92.30292538,22113.0,3580.850599048915,3.2848427968090097,2061,2131,70,0,2061,2129,59830,0,0,0,0,2
2020-10-31,US,Louisiana,Vernon,1128,56,0,31.10884837,-93.18153838,22115.0,2378.291762423833,4.964539007092198,1072,1128,56,0,1072,1125,48860,0,0,0,0,3
2020-10-31,US,Louisiana,Washington,1753,72,0,30.85288548,-90.03866652,22117.0,3794.865134000088,4.107244723331432,1681,1753,72,0,1681,1751,46582,0,0,0,0,2
2020-10-31,US,Louisiana,Webster,1490,41,0,32.70847669,-93.33121835,22119.0,3886.280646844027,2.7516778523489935,1449,1490,41,0,1449,1491,38798,0,0,0,0,-1
2020-10-31,US,Louisiana,West Baton Rouge,964,42,0,30.46058217,-91.30989571,22121.0,3642.546759871529,4.356846473029045,922,964,42,0,922,963,26427,0,0,0,0,1
2020-10-31,US,Louisiana,West Carroll,377,13,0,32.78550125,-91.461201,22123.0,3481.071098799631,3.4482758620689653,364,377,13,0,364,377,10982,0,0,0,0,0
2020-10-31,US,Louisiana,West Feliciana,760,25,0,30.87882871,-91.41485379999999,22125.0,4881.808838643371,3.2894736842105265,735,760,25,0,735,753,15460,0,0,0,0,7
2020-10-31,US,Louisiana,Winn,695,20,0,31.94449367,-92.63789413,22127.0,4998.56156501726,2.8776978417266186,675,695,20,0,675,695,14134,0,0,0,0,0
2020-10-31,US,Maine,Androscoggin,873,10,0,44.1664747,-70.20380627,23001.0,806.2654118603213,1.145475372279496,863,868,10,0,858,862,107679,5,0,0,5,6
2020-10-31,US,Maine,Aroostook,65,1,0,46.65926321,-68.59841248,23003.0,96.9353515770636,1.5384615384615383,64,66,1,0,65,67,67111,-1,0,0,-1,-1
2020-10-31,US,Maine,Cumberland,2621,70,0,43.8370751,-70.37226999,23005.0,888.4655410283963,2.670736360167875,2551,2589,70,0,2519,2545,293557,32,0,0,32,44
2020-10-31,US,Maine,Franklin,82,1,0,44.97330019,-70.44381045,23007.0,271.532169939402,1.2195121951219512,81,80,1,0,79,79,29897,2,0,0,2,1
2020-10-31,US,Maine,Hancock,73,1,0,44.59816444,-68.38401854,23009.0,132.75865204502884,1.3698630136986298,72,73,1,0,72,71,54811,0,0,0,0,2
2020-10-31,US,Maine,Kennebec,353,11,0,44.40759555,-69.76738544,23011.0,288.6297852856045,3.1161473087818696,342,350,11,0,339,341,122083,3,0,0,3,9
2020-10-31,US,Maine,Knox,93,1,0,44.11486325,-69.10529169,23013.0,233.83284722920646,1.075268817204301,92,88,1,0,87,82,39771,5,0,0,5,6
2020-10-31,US,Maine,Lincoln,65,1,0,44.05996956,-69.54227124,23015.0,187.67684933880005,1.5384615384615383,64,64,1,0,63,61,34342,1,0,0,1,3
2020-10-31,US,Maine,Oxford,178,2,0,44.49952995,-70.75682123,23017.0,307.02889176369126,1.1235955056179776,176,169,2,0,167,164,57618,9,0,0,9,5
2020-10-31,US,Maine,Penobscot,310,6,0,45.40194593,-68.65020455,23019.0,203.7489812550937,1.935483870967742,304,305,6,0,299,303,151096,5,0,0,5,2
2020-10-31,US,Maine,Piscataquis,10,0,0,45.83839062,-69.2860223,23021.0,59.577003276735184,0.0,10,10,0,0,10,10,16800,0,0,0,0,0
2020-10-31,US,Maine,Sagadahoc,88,0,0,43.95415864,-69.85074999,23023.0,245.42614904060687,0.0,88,86,0,0,86,84,35634,2,0,0,2,2
2020-10-31,US,Maine,Somerset,193,8,0,45.51229767,-69.95995554,23025.0,382.2993423658982,4.1450777202072535,185,183,8,0,175,172,50592,10,0,0,10,11
2020-10-31,US,Maine,Waldo,154,14,0,44.4858305,-69.12061935,23027.0,387.7628100214025,9.090909090909092,140,154,14,0,140,154,39694,0,0,0,0,0
2020-10-31,US,Maine,Washington,69,0,0,45.01607142,-67.62813524,23029.0,219.89228464896905,0.0,69,61,0,0,61,60,31490,8,0,0,8,1
2020-10-31,US,Maine,York,1435,21,0,43.47808377,-70.71052375,23031.0,691.0966523952399,1.4634146341463414,1414,1420,20,0,1400,1411,206229,15,1,0,14,9
2020-10-31,US,Maryland,Allegany,766,24,0,39.62357628,-78.69280486,24001.0,1087.82094978414,3.133159268929504,742,735,24,0,711,693,70975,31,0,0,31,42
2020-10-31,US,Maryland,Anne Arundel,12202,278,0,39.00670238,-76.60329337,24003.0,2106.575235569735,2.278315030322898,11924,12115,275,0,11840,12040,576031,87,3,0,84,75
2020-10-31,US,Maryland,Baltimore,21017,673,0,39.45784712,-76.62911955,24005.0,2540.217798566542,3.202169672170148,20344,20867,672,0,20195,20670,828431,150,1,0,149,197
2020-10-31,US,Maryland,Baltimore City,17976,504,0,39.30211911,-76.61151012,24510.0,3028.863165343982,2.803738317757009,17472,17850,504,0,17346,17774,621342,126,0,0,126,76
2020-10-31,US,Maryland,Calvert,1204,29,0,38.53961642,-76.56820632,24009.0,1301.2699270467442,2.4086378737541527,1175,1195,29,0,1166,1188,92003,9,0,0,9,7
2020-10-31,US,Maryland,Caroline,760,8,0,38.87172293,-75.82904158,24011.0,2275.0404119020536,1.0526315789473684,752,753,8,0,745,750,33304,7,0,0,7,3
2020-10-31,US,Maryland,Carroll,2294,129,0,39.56453592,-77.02373735,24013.0,1361.8526895700134,5.623365300784656,2165,2278,129,0,2149,2258,168429,16,0,0,16,20
2020-10-31,US,Maryland,Cecil,1372,36,0,39.56647682,-75.94627411,24015.0,1333.9166788196976,2.623906705539359,1336,1365,36,0,1329,1354,102826,7,0,0,7,11
2020-10-31,US,Maryland,Charles,3226,102,0,38.51092331,-76.98580666,24017.0,1976.0255302988544,3.161810291382517,3124,3208,102,0,3106,3187,161503,18,0,0,18,21
2020-10-31,US,Maryland,Dorchester,821,12,0,38.45413522,-76.02752426,24019.0,2571.3301387453407,1.4616321559074301,809,808,12,0,796,797,31998,13,0,0,13,11
2020-10-31,US,Maryland,Frederick,4857,139,0,39.47296601,-77.39999394,24021.0,1871.3373685690838,2.861848877908174,4718,4826,139,0,4687,4786,255648,31,0,0,31,40
2020-10-31,US,Maryland,Garrett,150,1,0,39.52786077,-79.27355126,24023.0,516.9917970634866,0.6666666666666666,149,147,1,0,146,147,29163,3,0,0,3,0
2020-10-31,US,Maryland,Harford,3680,82,0,39.55010644,-76.30775940000002,24025.0,1440.6457851323792,2.2282608695652173,3598,3649,82,0,3567,3612,253956,31,0,0,31,37
2020-10-31,US,Maryland,Howard,5959,127,0,39.25305293,-76.93126208,24027.0,1829.6539654272467,2.1312300721597586,5832,5930,127,0,5803,5894,323196,29,0,0,29,36
2020-10-31,US,Maryland,Kent,346,25,0,39.24976208,-76.04741541,24029.0,1781.4849140150345,7.22543352601156,321,343,25,0,318,343,19383,3,0,0,3,0
2020-10-31,US,Maryland,Montgomery,25993,873,0,39.13676329,-77.20358245,24031.0,2473.902814156058,3.358596545223714,25120,25831,872,0,24959,25692,1052567,162,1,0,161,139
2020-10-31,US,Maryland,Prince George's,33111,863,0,38.83070039,-76.8496441,24033.0,3641.2643636447615,2.606384585183172,32248,32937,859,0,32078,32800,909308,174,4,0,170,137
2020-10-31,US,Maryland,Queen Anne's,802,26,0,39.06198912,-76.03530977,24035.0,1591.8699509735816,3.2418952618453867,776,798,26,0,772,784,50251,4,0,0,4,14
2020-10-31,US,Maryland,Somerset,438,6,0,38.1163542,-75.75118623,24039.0,1709.8688319800126,1.3698630136986298,432,435,6,0,429,427,25675,3,0,0,3,8
2020-10-31,US,Maryland,St. Mary's,1504,60,0,38.30058422,-76.60629279999998,24037.0,1324.9933926526296,3.98936170212766,1444,1501,60,0,1441,1497,112664,3,0,0,3,4
2020-10-31,US,Maryland,Talbot,658,6,0,38.76618159,-76.10882561,24041.0,1769.7210941072049,0.9118541033434652,652,655,6,0,649,651,36968,3,0,0,3,4
2020-10-31,US,Maryland,Unassigned,0,16,0,0.0,0.0,90024.0,0.0,0.0,-16,0,15,0,-15,0,,0,1,0,-1,0
2020-10-31,US,Maryland,Washington,2358,46,0,39.60835778,-77.82002295,24043.0,1561.0828274268615,1.9508057675996608,2312,2327,46,0,2281,2304,150926,31,0,0,31,23
2020-10-31,US,Maryland,Wicomico,2554,51,0,38.37301947,-75.62705831,24045.0,2465.0368211255773,1.9968676585747849,2503,2539,51,0,2488,2519,103195,15,0,0,15,20
2020-10-31,US,Maryland,Worcester,1233,31,0,38.21274277,-75.33200012,24047.0,2358.634937638687,2.5141930251419304,1202,1222,31,0,1191,1220,51823,11,0,0,11,2
2020-10-31,US,Massachusetts,Barnstable,2029,185,0,41.72980578,-70.28854339,25001.0,952.6268838912623,9.117792015771316,1844,2020,183,0,1837,2004,213413,9,2,0,7,16
2020-10-31,US,Massachusetts,Berkshire,784,52,0,42.37428441,-73.20524838,25003.0,627.481111537969,6.632653061224491,732,783,52,0,731,781,126348,1,0,0,1,2
2020-10-31,US,Massachusetts,Bristol,12708,761,0,41.79228404,-71.10872211,25005.0,2248.340018081551,5.988353792886372,11947,12533,757,0,11776,12338,564022,175,4,0,171,195
2020-10-31,US,Massachusetts,Dukes and Nantucket,258,2,0,41.40674725,-70.68763497,0.0,897.984755142529,0.7751937984496124,256,253,2,0,251,244,26707,5,0,0,5,9
2020-10-31,US,Massachusetts,Essex,24319,1356,0,42.6687626,-70.94687179,25009.0,3082.123203816312,5.575887166413093,22963,24089,1353,0,22736,23861,790638,230,3,0,227,228
2020-10-31,US,Massachusetts,Franklin,479,73,0,42.58119713,-72.58602547,25011.0,682.5306355086921,15.24008350730689,406,479,73,0,406,478,70963,0,0,0,0,1
2020-10-31,US,Massachusetts,Hampden,10254,817,0,42.13440424,-72.63235561,25013.0,2198.674019881125,7.967622391261947,9437,10151,816,0,9335,10016,470406,103,1,0,102,135
2020-10-31,US,Massachusetts,Hampshire,1509,155,0,42.33997957,-72.65898478,25015.0,938.2577877261704,10.271703114645462,1354,1503,155,0,1348,1484,161355,6,0,0,6,19
2020-10-31,US,Massachusetts,Middlesex,32557,2281,0,42.48607732,-71.39049229,25017.0,2020.0422039102834,7.006173787511134,30276,32295,2279,0,30016,32015,1614714,262,2,0,260,280
2020-10-31,US,Massachusetts,Norfolk,11991,1111,0,42.16073095,-71.20530408,25021.0,1696.5795337978848,9.265282295054623,10880,11891,1111,0,10780,11814,705388,100,0,0,100,77
2020-10-31,US,Massachusetts,Plymouth,11563,837,0,41.94070556,-70.80802823,25023.0,2218.5256388118232,7.238605898123325,10726,11486,836,0,10650,11423,518132,77,1,0,76,63
2020-10-31,US,Massachusetts,Suffolk,28851,1181,0,42.327951399999996,-71.07850442,25025.0,3588.847963757001,4.093445634466743,27670,28660,1180,0,27480,28400,807252,191,1,0,190,260
2020-10-31,US,Massachusetts,Unassigned,4380,5,0,0.0,0.0,90025.0,0.0,0.1141552511415525,4375,4238,5,0,4233,4126,,142,0,0,142,112
2020-10-31,US,Massachusetts,Worcester,16894,1175,0,42.35026951,-71.90493363,25027.0,2033.8974888697867,6.955131999526459,15719,16765,1173,0,15592,16580,830839,129,2,0,127,185
2020-10-31,US,Michigan,Alcona,55,3,0,44.6846864,-83.59507875,26001.0,528.5920230658337,5.454545454545454,52,55,3,0,52,54,10362,0,0,0,0,1
2020-10-31,US,Michigan,Alger,121,1,0,46.41292944,-86.60260122,26003.0,1328.502415458937,0.8264462809917356,120,119,1,0,118,117,9097,2,0,0,2,2
2020-10-31,US,Michigan,Allegan,1503,7,0,42.59147037,-85.89102866,26005.0,1272.855074059332,0.4657351962741184,1496,1434,7,0,1427,1368,117327,69,0,0,69,66
2020-10-31,US,Michigan,Alpena,180,14,0,45.03477666,-83.62212411,26007.0,633.6912515402217,7.777777777777778,166,175,14,0,161,175,28360,5,0,0,5,0
2020-10-31,US,Michigan,Antrim,143,0,0,44.99690221,-85.15503082,26009.0,613.1023838106671,0.0,143,142,0,0,142,140,23365,1,0,0,1,2
2020-10-31,US,Michigan,Arenac,111,3,0,44.0636262,-83.89277559,26011.0,745.8173755291272,2.702702702702702,108,109,3,0,106,110,15041,2,0,0,2,-1
2020-10-31,US,Michigan,Baraga,125,4,0,46.6720582,-88.36363591,26013.0,1522.7189669874524,3.2,121,114,4,0,110,105,8320,11,0,0,11,9
2020-10-31,US,Michigan,Barry,803,6,0,42.59513984,-85.30834519,26015.0,1304.630381803412,0.7471980074719801,797,774,6,0,768,752,61157,29,0,0,29,22
2020-10-31,US,Michigan,Bay,1602,65,0,43.70639106,-83.98731479,26017.0,1553.4394817989646,4.057428214731585,1537,1525,63,0,1462,1480,103923,77,2,0,75,45
2020-10-31,US,Michigan,Benzie,145,2,0,44.63899297,-86.01608482,26019.0,816.165709782731,1.3793103448275863,143,143,2,0,141,137,17753,2,0,0,2,6
2020-10-31,US,Michigan,Berrien,2985,86,0,41.95447397,-86.41313079999998,26021.0,1945.880404951728,2.88107202680067,2899,2906,86,0,2820,2844,154141,79,0,0,79,62
2020-10-31,US,Michigan,Branch,973,11,0,41.91600556,-85.05929476,26023.0,2235.907806144725,1.1305241521068858,962,948,11,0,937,924,43622,25,0,0,25,24
2020-10-31,US,Michigan,Calhoun,3275,70,0,42.24633834,-85.00493569,26025.0,2441.1332821502842,2.137404580152672,3205,3157,69,0,3088,3087,134487,118,1,0,117,70
2020-10-31,US,Michigan,Cass,1103,24,0,41.91522292,-85.99405727,26027.0,2129.8781547492613,2.1758839528558482,1079,1073,24,0,1049,1054,51653,30,0,0,30,19
2020-10-31,US,Michigan,Charlevoix,220,4,0,45.37790017,-85.19614053,26029.0,841.5254561450482,1.818181818181818,216,211,4,0,207,202,26244,9,0,0,9,9
2020-10-31,US,Michigan,Cheboygan,187,2,0,45.44787015,-84.50122149,26031.0,739.8322519385979,1.0695187165775402,185,183,2,0,181,172,25413,4,0,0,4,11
2020-10-31,US,Michigan,Chippewa,187,0,0,46.29552653,-84.54353449,26033.0,500.68274920345925,0.0,187,182,0,0,182,174,37517,5,0,0,5,8
2020-10-31,US,Michigan,Clare,319,14,0,43.98794227,-84.84819859999998,26035.0,1030.6946688206783,4.38871473354232,305,309,13,0,296,301,30757,10,1,0,9,8
2020-10-31,US,Michigan,Clinton,1297,16,0,42.94400871,-84.60145248,26037.0,1629.4993404108295,1.2336160370084812,1281,1249,16,0,1233,1205,79332,48,0,0,48,44
2020-10-31,US,Michigan,Crawford,157,5,0,44.68255561,-84.61006219,26039.0,1119.1104141421342,3.1847133757961785,152,156,5,0,151,156,13901,1,0,0,1,0
2020-10-31,US,Michigan,Delta,1397,38,0,45.90484910000001,-86.9080745,26041.0,3903.9794321484464,2.720114531138153,1359,1332,34,0,1298,1300,35857,65,4,0,61,32
2020-10-31,US,Michigan,Dickinson,760,21,0,46.00999672,-87.86961634,26043.0,3011.2128055786684,2.763157894736842,739,722,21,0,701,687,25383,38,0,0,38,35
2020-10-31,US,Michigan,Eaton,1304,11,0,42.59599185,-84.83740035,26045.0,1182.5733667065695,0.8435582822085892,1293,1245,11,0,1234,1228,109826,59,0,0,59,17
2020-10-31,US,Michigan,Emmet,332,4,0,45.52625509,-84.89083249,26047.0,993.5657638784976,1.2048192771084338,328,298,4,0,294,294,33308,34,0,0,34,4
2020-10-31,US,Michigan,Federal Correctional Institution (FCI),197,5,0,0.0,0.0,0.0,0.0,2.538071065989848,192,197,5,0,192,197,,0,0,0,0,0
2020-10-31,US,Michigan,Genesee,7352,343,0,43.02244215,-83.70589709,26049.0,1811.671878426763,4.665397170837867,7009,7213,341,0,6872,7048,406892,139,2,0,137,165
2020-10-31,US,Michigan,Gladwin,240,2,0,43.98901072,-84.38774817,26051.0,943.0625957797947,0.8333333333333334,238,234,2,0,232,228,25337,6,0,0,6,6
2020-10-31,US,Michigan,Gogebic,462,11,0,46.40862701,-89.69377193,26053.0,3305.9033989266545,2.380952380952381,451,443,11,0,432,423,15096,19,0,0,19,20
2020-10-31,US,Michigan,Grand Traverse,874,14,0,44.69565625,-85.55585247,26055.0,938.8965280165004,1.6018306636155606,860,859,14,0,845,849,92573,15,0,0,15,10
2020-10-31,US,Michigan,Gratiot,594,17,0,43.29265605,-84.60505416,26057.0,1459.0651175358014,2.8619528619528616,577,585,17,0,568,562,40599,9,0,0,9,23
2020-10-31,US,Michigan,Hillsdale,579,29,0,41.88753639,-84.59312019,26059.0,1269.5976318386142,5.008635578583765,550,564,29,0,535,546,45749,15,0,0,15,18
2020-10-31,US,Michigan,Houghton,986,9,0,46.89988536,-88.68495385,26061.0,2763.1431453872883,0.9127789046653144,977,977,9,0,968,968,36219,9,0,0,9,9
2020-10-31,US,Michigan,Huron,292,7,0,43.83353985,-83.04078453,26063.0,942.5131532229433,2.3972602739726026,285,286,6,0,280,286,31166,6,1,0,5,0
2020-10-31,US,Michigan,Ingham,4928,69,0,42.59716886,-84.37472069,26065.0,1685.3279344473096,1.4001623376623376,4859,4834,68,0,4766,4777,292735,94,1,0,93,57
2020-10-31,US,Michigan,Ionia,834,8,0,42.94502238,-85.07413319,26067.0,1289.0860472664885,0.9592326139088728,826,808,8,0,800,795,64210,26,0,0,26,13
2020-10-31,US,Michigan,Iosco,314,16,0,44.35486835,-83.63484895,26069.0,1249.651769013412,5.095541401273885,298,309,16,0,293,303,25081,5,0,0,5,6
2020-10-31,US,Michigan,Iron,475,26,0,46.20974132,-88.53136251,26071.0,4292.427254653895,5.473684210526316,449,465,25,0,440,452,11117,10,1,0,9,13
2020-10-31,US,Michigan,Isabella,1142,15,0,43.64060976,-84.84664923,26073.0,1634.4172200595374,1.3134851138353765,1127,1120,15,0,1105,1103,70562,22,0,0,22,17
2020-10-31,US,Michigan,Jackson,2004,70,0,42.24807035,-84.42258681,26075.0,1264.273547410258,3.493013972055888,1934,1955,69,0,1886,1926,158823,49,1,0,48,29
2020-10-31,US,Michigan,Kalamazoo,5237,114,0,42.24542231,-85.53038622,26077.0,1975.7343454083134,2.1768187893832347,5123,5111,112,0,4999,5012,264870,126,2,0,124,99
2020-10-31,US,Michigan,Kalkaska,145,4,0,44.68512729,-85.09085699,26079.0,803.8585209003215,2.7586206896551726,141,140,4,0,136,135,17824,5,0,0,5,5
2020-10-31,US,Michigan,Kent,15950,188,0,43.03197711,-85.54934642,26081.0,2427.8679666034964,1.1786833855799372,15762,15522,186,0,15336,15104,653786,428,2,0,426,418
2020-10-31,US,Michigan,Keweenaw,23,0,0,47.63197653,-88.41434263,26083.0,1086.9565217391305,0.0,23,21,0,0,21,22,2113,2,0,0,2,-1
2020-10-31,US,Michigan,Lake,68,1,0,43.99050893,-85.802173,26085.0,573.6944233527378,1.4705882352941178,67,67,1,0,66,65,11881,1,0,0,1,2
2020-10-31,US,Michigan,Lapeer,993,38,0,43.09052506,-83.22153148,26087.0,1133.471069663383,3.8267875125881163,955,981,38,0,943,958,88028,12,0,0,12,23
2020-10-31,US,Michigan,Leelanau,163,2,0,44.94430054,-85.80150326,26089.0,749.0464592619826,1.2269938650306749,161,160,2,0,158,158,21764,3,0,0,3,2
2020-10-31,US,Michigan,Lenawee,1223,20,0,41.89475156,-84.06603727,26091.0,1242.2423337497842,1.6353229762878168,1203,1196,20,0,1176,1182,98266,27,0,0,27,14
2020-10-31,US,Michigan,Livingston,2319,35,0,42.60302282,-83.91297209,26093.0,1207.8439542696424,1.5092712376024149,2284,2270,35,0,2235,2205,191224,49,0,0,49,65
2020-10-31,US,Michigan,Luce,78,1,0,46.47227431,-85.54471223,26095.0,1252.207416920854,1.2820512820512822,77,75,1,0,74,84,6283,3,0,0,3,-9
2020-10-31,US,Michigan,Mackinac,171,0,0,46.07028979,-85.04980537,26097.0,1583.4799518473933,0.0,171,167,0,0,167,166,10787,4,0,0,4,1
2020-10-31,US,Michigan,Macomb,19730,1098,0,42.69158356,-82.92752801,26099.0,2257.5093938936257,5.565129244804866,18632,19402,1093,0,18309,19127,874759,328,5,0,323,275
2020-10-31,US,Michigan,Manistee,154,3,0,44.33352407,-86.05626916,26101.0,627.0868963270625,1.9480519480519483,151,152,3,0,149,148,24528,2,0,0,2,4
2020-10-31,US,Michigan,Marquette,1245,16,0,46.4338914,-87.64043701,26103.0,1866.5947015697384,1.285140562248996,1229,1195,15,0,1180,1161,66516,50,1,0,49,34
2020-10-31,US,Michigan,Mason,280,2,0,43.99509218,-86.24988902,26105.0,960.7466373867693,0.7142857142857143,278,268,2,0,266,257,29100,12,0,0,12,11
2020-10-31,US,Michigan,Mecosta,615,4,0,43.64064262,-85.32463223,26107.0,1415.3223022576115,0.6504065040650406,611,582,4,0,578,558,43545,33,0,0,33,24
2020-10-31,US,Michigan,Menominee,776,6,0,45.58038692,-87.55370409,26109.0,3406.496927129061,0.7731958762886598,770,757,6,0,751,743,22983,19,0,0,19,14
2020-10-31,US,Michigan,Michigan Department of Corrections (MDOC),6984,75,0,0.0,0.0,0.0,0.0,1.0738831615120277,6909,6958,75,0,6883,6883,,26,0,0,26,75
2020-10-31,US,Michigan,Midland,1179,14,0,43.64330771,-84.38804374,26111.0,1417.8171148203376,1.1874469889737065,1165,1138,14,0,1124,1119,83209,41,0,0,41,19
2020-10-31,US,Michigan,Missaukee,104,1,0,44.33772443,-85.09256478,26113.0,687.9216827622702,0.9615384615384616,103,94,1,0,93,92,15113,10,0,0,10,2
2020-10-31,US,Michigan,Monroe,2206,42,0,41.92734151,-83.53749864,26115.0,1465.7807308970098,1.9038984587488668,2164,2134,39,0,2095,2106,150439,72,3,0,69,28
2020-10-31,US,Michigan,Montcalm,790,12,0,43.31082541,-85.15252824,26117.0,1236.5389431505134,1.5189873417721518,778,753,13,0,740,717,63968,37,-1,0,38,36
2020-10-31,US,Michigan,Montmorency,37,0,0,45.0275929,-84.12696227,26119.0,396.65523156089193,0.0,37,37,0,0,37,34,9265,0,0,0,0,3
2020-10-31,US,Michigan,Muskegon,2558,84,0,43.29123859,-86.15176712,26121.0,1473.7909498404065,3.2838154808444098,2474,2444,84,0,2360,2344,173588,114,0,0,114,100
2020-10-31,US,Michigan,Newaygo,712,4,0,43.554373999999996,-85.80070107,26123.0,1453.6545528787258,0.5617977528089888,708,685,4,0,681,663,48892,27,0,0,27,22
2020-10-31,US,Michigan,Oakland,26579,1241,0,42.66090111,-83.38595416,26125.0,2113.4969910558657,4.669099665149178,25338,26259,1239,0,25020,25903,1259201,320,2,0,318,356
2020-10-31,US,Michigan,Oceana,676,6,0,43.64124435,-86.26726673,26127.0,2554.1240034760267,0.8875739644970414,670,664,6,0,658,650,26625,12,0,0,12,14
2020-10-31,US,Michigan,Ogemaw,135,5,0,44.33481032,-84.12725175,26129.0,642.9489927132448,3.703703703703704,130,125,5,0,120,125,20952,10,0,0,10,0
2020-10-31,US,Michigan,Ontonagon,127,1,0,46.665226200000006,-89.31390481,26131.0,2220.2797202797196,0.7874015748031497,126,116,0,0,116,110,5795,11,1,0,10,6
2020-10-31,US,Michigan,Osceola,201,1,0,43.98992088,-85.32566756,26133.0,856.7774936061381,0.4975124378109453,200,195,1,0,194,192,23341,6,0,0,6,3
2020-10-31,US,Michigan,Oscoda,60,2,0,44.68192279,-84.12939244,26135.0,728.066982162359,3.333333333333333,58,60,2,0,58,57,8276,0,0,0,0,3
2020-10-31,US,Michigan,Otsego,287,12,0,45.02085831,-84.59898295,26137.0,1163.4506242905788,4.181184668989547,275,284,12,0,272,273,24665,3,0,0,3,11
2020-10-31,US,Michigan,Ottawa,5762,78,0,42.95996803,-85.9969107,26139.0,1974.4371723263544,1.3536966331135023,5684,5558,78,0,5480,5418,290494,204,0,0,204,140
2020-10-31,US,Michigan,Out of MI,348,3,0,0.0,0.0,80026.0,0.0,0.8620689655172413,345,325,3,0,322,322,,23,0,0,23,3
2020-10-31,US,Michigan,Presque Isle,81,1,0,45.34018577,-83.91498656,26141.0,643.2655654383735,1.2345679012345678,80,79,1,0,78,74,12738,2,0,0,2,5
2020-10-31,US,Michigan,Roscommon,217,6,0,44.33473082,-84.61067651,26143.0,903.451434281194,2.7649769585253456,211,213,6,0,207,208,23884,4,0,0,4,5
2020-10-31,US,Michigan,Saginaw,4230,157,0,43.33433923,-84.05131209999998,26145.0,2220.0179490812893,3.7115839243498816,4073,4134,157,0,3977,4057,190800,96,0,0,96,77
2020-10-31,US,Michigan,Sanilac,232,7,0,43.42406072,-82.82055898,26151.0,563.5171241195045,3.0172413793103448,225,223,7,0,216,218,41182,9,0,0,9,5
2020-10-31,US,Michigan,Schoolcraft,102,1,0,46.19235734,-86.19972234,26153.0,1260.1927353595254,0.9803921568627452,101,93,1,0,92,88,8068,9,0,0,9,5
2020-10-31,US,Michigan,Shiawassee,787,34,0,42.95392800000001,-84.14585902,26155.0,1155.2802325240013,4.320203303684879,753,786,34,0,752,758,68192,1,0,0,1,28
2020-10-31,US,Michigan,St. Clair,1726,65,0,42.92655373,-82.67937954,26147.0,1084.6614046553716,3.76593279258401,1661,1683,65,0,1618,1658,159337,43,0,0,43,25
2020-10-31,US,Michigan,St. Joseph,1371,24,0,41.91441767,-85.52797979,26149.0,2248.8681845023293,1.7505470459518602,1347,1326,23,0,1303,1302,61043,45,1,0,44,24
2020-10-31,US,Michigan,Tuscola,729,36,0,43.46606813,-83.41897025,26157.0,1395.3488372093025,4.938271604938271,693,709,36,0,673,698,52516,20,0,0,20,11
2020-10-31,US,Michigan,Unassigned,73,0,0,0.0,0.0,90026.0,0.0,0.0,73,15,0,0,15,21,,58,0,0,58,-6
2020-10-31,US,Michigan,Van Buren,1222,20,0,42.25190229,-86.01939087,26159.0,1614.7574560302335,1.6366612111292962,1202,1182,20,0,1162,1157,75448,40,0,0,40,25
2020-10-31,US,Michigan,Washtenaw,5800,119,0,42.253105,-83.83853204,26161.0,1577.797666491658,2.0517241379310347,5681,5723,120,0,5603,5652,370963,77,-1,0,78,71
2020-10-31,US,Michigan,Wayne,42172,3060,0,42.28098405,-83.281255,26163.0,2410.733629711269,7.255999241202693,39112,41731,3055,0,38676,41345,1753893,441,5,0,436,386
2020-10-31,US,Michigan,Wexford,192,4,0,44.33853602,-85.57712739,26165.0,570.9018465106598,2.083333333333333,188,186,4,0,182,185,33466,6,0,0,6,1
2020-10-31,US,Minnesota,Aitkin,224,2,0,46.60962049,-93.41168259999999,27001.0,1410.046581896009,0.8928571428571429,222,214,2,0,212,198,15902,10,0,0,10,16
2020-10-31,US,Minnesota,Anoka,9812,158,0,45.27476015,-93.24604565,27003.0,2749.067720868203,1.6102731349368116,9654,9573,156,0,9417,9344,353813,239,2,0,237,229
2020-10-31,US,Minnesota,Becker,683,4,0,46.93479392,-95.67158144,27005.0,1984.1385120413681,0.5856515373352855,679,665,4,0,661,621,34371,18,0,0,18,44
2020-10-31,US,Minnesota,Beltrami,1002,10,0,47.97373527,-94.93732139,27007.0,2123.4212087818937,0.998003992015968,992,983,9,0,974,961,46847,19,1,0,18,22
2020-10-31,US,Minnesota,Benton,1121,12,0,45.69804958,-93.99514135,27009.0,2741.568637041747,1.0704727921498662,1109,1090,12,0,1078,1033,40545,31,0,0,31,57
2020-10-31,US,Minnesota,Big Stone,172,1,0,45.42712824,-96.41403739,27011.0,3446.2031656982567,0.5813953488372093,171,167,1,0,166,159,4989,5,0,0,5,8
2020-10-31,US,Minnesota,Blue Earth,2169,7,0,44.03554215,-94.06699781,27013.0,3206.06624983371,0.3227293683725219,2162,2136,7,0,2129,2114,67427,33,0,0,33,22
2020-10-31,US,Minnesota,Brown,373,3,0,44.24205652,-94.72562874,27015.0,1491.5227127319254,0.8042895442359249,370,365,3,0,362,348,25111,8,0,0,8,17
2020-10-31,US,Minnesota,Carlton,550,2,0,46.59180601,-92.67601019,27017.0,1533.2720024532352,0.3636363636363637,548,537,2,0,535,509,35837,13,0,0,13,28
2020-10-31,US,Minnesota,Carver,1938,7,0,44.82017001,-93.80099179999999,27019.0,1844.151148074489,0.36119711042311664,1931,1916,7,0,1909,1888,103551,22,0,0,22,28
2020-10-31,US,Minnesota,Cass,458,5,0,46.95043611,-94.32603968,27021.0,1537.9965747674537,1.091703056768559,453,438,5,0,433,422,29519,20,0,0,20,16
2020-10-31,US,Minnesota,Chippewa,491,3,0,45.02343421,-95.56403693,27023.0,4161.016949152542,0.6109979633401222,488,489,3,0,486,473,11924,2,0,0,2,16
2020-10-31,US,Minnesota,Chisago,1228,2,0,45.5021011,-92.90861945,27025.0,2170.4165856589907,0.16286644951140064,1226,1191,2,0,1189,1156,55922,37,0,0,37,35
2020-10-31,US,Minnesota,Clay,2613,45,0,46.89289518,-96.48761922,27027.0,4068.6991996512097,1.722158438576349,2568,2591,45,0,2546,2529,63955,22,0,0,22,62
2020-10-31,US,Minnesota,Clearwater,151,1,0,47.57992111,-95.37790562,27029.0,1712.4064413699252,0.6622516556291391,150,143,1,0,142,138,8810,8,0,0,8,5
2020-10-31,US,Minnesota,Cook,22,0,0,47.90504893,-90.52629546,27031.0,402.7091341753615,0.0,22,20,0,0,20,19,5393,2,0,0,2,1
2020-10-31,US,Minnesota,Cottonwood,306,0,0,44.00715262,-95.18138802,27033.0,2733.1189710610934,0.0,306,299,0,0,299,295,11277,7,0,0,7,4
2020-10-31,US,Minnesota,Crow Wing,1255,22,0,46.48096553,-94.06755609,27035.0,1929.1368841749288,1.752988047808765,1233,1208,22,0,1186,1143,64889,47,0,0,47,65
2020-10-31,US,Minnesota,Dakota,10589,139,0,44.67172617,-93.06299363,27037.0,2468.177548418376,1.312682972896402,10450,10420,139,0,10281,10271,425423,169,0,0,169,149
2020-10-31,US,Minnesota,Dodge,424,0,0,44.02238415,-92.86244324,27039.0,2025.4132034011652,0.0,424,420,0,0,420,413,20822,4,0,0,4,7
2020-10-31,US,Minnesota,Douglas,828,4,0,45.93348491,-95.45335469,27041.0,2170.8922157258594,0.4830917874396135,824,804,4,0,800,774,37964,24,0,0,24,30
2020-10-31,US,Minnesota,Faribault,264,0,0,43.67381499,-93.94787458,27043.0,1933.640958031202,0.0,264,258,0,0,258,252,13758,6,0,0,6,6
2020-10-31,US,Minnesota,Fillmore,296,0,0,43.67394126,-92.08980382,27045.0,1405.041059476907,0.0,296,284,0,0,284,277,21058,12,0,0,12,7
2020-10-31,US,Minnesota,Freeborn,742,5,0,43.67385583,-93.34884422,27047.0,2450.3814272976456,0.6738544474393531,737,727,5,0,722,718,30444,15,0,0,15,9
2020-10-31,US,Minnesota,Goodhue,709,11,0,44.40849741,-92.72341949999999,27049.0,1529.9956840742334,1.5514809590973202,698,682,11,0,671,651,46403,27,0,0,27,31
2020-10-31,US,Minnesota,Grant,110,5,0,45.93424769,-96.01139609,27051.0,1841.9290020093767,4.545454545454546,105,109,4,0,105,105,6021,1,1,0,0,4
2020-10-31,US,Minnesota,Hennepin,36580,1000,0,45.00761521,-93.47694895,27053.0,2889.7738503116107,2.7337342810278846,35580,36126,997,0,35129,35484,1259428,454,3,0,451,642
2020-10-31,US,Minnesota,Houston,255,2,0,43.67129565,-91.49143057,27055.0,1370.967741935484,0.7843137254901961,253,249,2,0,247,238,18578,6,0,0,6,11
2020-10-31,US,Minnesota,Hubbard,500,5,0,47.10778564,-94.91693868,27057.0,2326.5553022195336,1.0,495,469,5,0,464,434,21332,31,0,0,31,35
2020-10-31,US,Minnesota,Isanti,629,7,0,45.56181234,-93.29487636,27059.0,1549.4137353433835,1.1128775834658189,622,619,6,0,613,599,39966,10,1,0,9,20
2020-10-31,US,Minnesota,Itasca,835,17,0,47.51009045,-93.63092229,27061.0,1850.2105029913587,2.035928143712575,818,806,17,0,789,788,45108,29,0,0,29,18
2020-10-31,US,Minnesota,Jackson,235,1,0,43.67423373,-95.15398258,27063.0,2386.756043063173,0.425531914893617,234,226,1,0,225,221,9911,9,0,0,9,5
2020-10-31,US,Minnesota,Kanabec,244,10,0,45.9459309,-93.29275192,27065.0,1493.5422660219135,4.0983606557377055,234,236,10,0,226,237,16207,8,0,0,8,-1
2020-10-31,US,Minnesota,Kandiyohi,1898,5,0,45.1526059,-95.00586446,27067.0,4393.62022269034,0.26343519494204426,1893,1869,5,0,1864,1821,42855,29,0,0,29,48
2020-10-31,US,Minnesota,Kittson,65,0,0,48.77754106,-96.78317184,27069.0,1512.3313168915774,0.0,65,54,0,0,54,53,4248,11,0,0,11,1
2020-10-31,US,Minnesota,Koochiching,183,5,0,48.24539665,-93.78352843,27071.0,1496.4428816747077,2.7322404371584703,178,177,5,0,172,175,12440,6,0,0,6,2
2020-10-31,US,Minnesota,Lac qui Parle,151,3,0,44.9973857,-96.17488219,27073.0,2279.933564849766,1.9867549668874167,148,147,3,0,144,145,6658,4,0,0,4,2
2020-10-31,US,Minnesota,Lake,140,0,0,47.64270764,-91.44557998,27075.0,1315.665820881496,0.0,140,139,0,0,139,133,10658,1,0,0,1,6
2020-10-31,US,Minnesota,Lake of the Woods,49,1,0,48.77217001,-94.90274472,27077.0,1310.1604278074867,2.0408163265306123,48,47,1,0,46,44,3758,2,0,0,2,3
2020-10-31,US,Minnesota,Le Sueur,687,6,0,44.37136597,-93.72844721,27079.0,2378.2324228891894,0.8733624454148472,681,671,6,0,665,664,28494,16,0,0,16,7
2020-10-31,US,Minnesota,Lincoln,203,0,0,44.41311883,-96.26688165,27081.0,3599.9290654371343,0.0,203,197,0,0,197,193,5673,6,0,0,6,4
2020-10-31,US,Minnesota,Lyon,1058,6,0,44.41327865,-95.83806103,27083.0,4153.254298500432,0.5671077504725898,1052,1044,6,0,1038,1030,25629,14,0,0,14,14
2020-10-31,US,Minnesota,Mahnomen,138,2,0,47.32557075,-95.80921485,27087.0,2496.8337253482896,1.4492753623188406,136,134,2,0,132,129,5519,4,0,0,4,5
2020-10-31,US,Minnesota,Marshall,177,1,0,48.35825983,-96.37017407,27089.0,1895.8868894601544,0.5649717514124294,176,161,1,0,160,151,9390,16,0,0,16,10
2020-10-31,US,Minnesota,Martin,646,18,0,43.67429718,-94.55099908,27091.0,3282.0200172737896,2.7863777089783284,628,637,18,0,619,626,19785,9,0,0,9,11
2020-10-31,US,Minnesota,McLeod,649,4,0,44.82367677,-94.27287017,27085.0,1808.1520073551947,0.6163328197226502,645,629,4,0,625,621,35873,20,0,0,20,8
2020-10-31,US,Minnesota,Meeker,376,3,0,45.12328869,-94.52839455,27093.0,1619.1542502799066,0.7978723404255319,373,370,3,0,367,359,23141,6,0,0,6,11
2020-10-31,US,Minnesota,Mille Lacs,489,20,0,45.93705297,-93.63236823,27095.0,1860.9430300262586,4.08997955010225,469,471,18,0,453,449,26139,18,2,0,16,22
2020-10-31,US,Minnesota,Morrison,875,9,0,46.01265363,-94.27341528,27097.0,2620.859042712514,1.0285714285714285,866,852,9,0,843,825,33169,23,0,0,23,27
2020-10-31,US,Minnesota,Mower,1560,19,0,43.67142874,-92.75234549,27099.0,3893.964355249364,1.2179487179487178,1541,1553,18,0,1535,1545,40011,7,1,0,6,8
2020-10-31,US,Minnesota,Murray,306,3,0,44.02216709,-95.76328482,27101.0,3734.4398340248963,0.9803921568627452,303,302,3,0,299,297,8276,4,0,0,4,5
2020-10-31,US,Minnesota,Nicollet,793,18,0,44.35291112,-94.24710352,27103.0,2313.707183287623,2.269861286254729,775,783,18,0,765,771,34220,10,0,0,10,12
2020-10-31,US,Minnesota,Nobles,2410,18,0,43.67434621,-95.75329576,27105.0,11142.447639742937,0.7468879668049793,2392,2368,18,0,2350,2343,21924,42,0,0,42,25
2020-10-31,US,Minnesota,Norman,145,0,0,47.32628443,-96.45620947,27107.0,2274.509803921569,0.0,145,141,0,0,141,134,6475,4,0,0,4,7
2020-10-31,US,Minnesota,Olmsted,3514,30,0,44.00374114,-92.40209944,27109.0,2219.933920009097,0.8537279453614115,3484,3449,30,0,3419,3402,156277,65,0,0,65,47
2020-10-31,US,Minnesota,Otter Tail,1014,8,0,46.40846929,-95.70835255,27111.0,1726.0749668062506,0.7889546351084813,1006,980,8,0,972,950,58812,34,0,0,34,30
2020-10-31,US,Minnesota,Pennington,227,1,0,48.06642577,-96.0370814,27113.0,1607.7625894185142,0.4405286343612335,226,222,1,0,221,218,14178,5,0,0,5,4
2020-10-31,US,Minnesota,Pine,605,0,0,46.12105238,-92.74070188,27115.0,2045.3700260319824,0.0,605,596,0,0,596,577,29483,9,0,0,9,19
2020-10-31,US,Minnesota,Pipestone,382,17,0,44.02301619,-96.25841142,27117.0,4185.842647381109,4.450261780104712,365,372,17,0,355,366,9047,10,0,0,10,6
2020-10-31,US,Minnesota,Polk,912,5,0,47.77372465,-96.40134647,27119.0,2907.792373421757,0.5482456140350878,907,884,5,0,879,836,31529,28,0,0,28,48
2020-10-31,US,Minnesota,Pope,176,0,0,45.58606667,-95.44451209,27121.0,1564.5835185349808,0.0,176,174,0,0,174,168,11097,2,0,0,2,6
2020-10-31,US,Minnesota,Ramsey,15139,380,0,45.01625271,-93.09872295,27123.0,2750.939905982145,2.5100733205627854,14759,14966,377,0,14589,14726,550210,173,3,0,170,240
2020-10-31,US,Minnesota,Red Lake,87,2,0,47.87197525,-96.09561104,27125.0,2145.4993834771885,2.2988505747126435,85,84,2,0,82,82,3999,3,0,0,3,2
2020-10-31,US,Minnesota,Redwood,314,12,0,44.40555844,-95.25207021,27127.0,2069.874752801582,3.8216560509554136,302,310,12,0,298,299,15249,4,0,0,4,11
2020-10-31,US,Minnesota,Renville,300,13,0,44.72836381,-94.94553734,27129.0,2062.1391256530105,4.333333333333333,287,286,13,0,273,272,14612,14,0,0,14,14
2020-10-31,US,Minnesota,Rice,1761,12,0,44.3543376,-93.29658715,27131.0,2629.4570865436303,0.6814310051107325,1749,1742,10,0,1732,1702,66523,19,2,0,17,40
2020-10-31,US,Minnesota,Rock,382,6,0,43.67482683,-96.25296832,27133.0,4100.912506709608,1.5706806282722514,376,366,5,0,361,359,9414,16,1,0,15,7
2020-10-31,US,Minnesota,Roseau,389,0,0,48.77501878,-95.81079919,27135.0,2565.117045829212,0.0,389,365,0,0,365,330,15150,24,0,0,24,35
2020-10-31,US,Minnesota,Scott,3779,36,0,44.6490231,-93.53340251,27139.0,2536.020347218028,0.9526329716856312,3743,3666,36,0,3630,3604,147381,113,0,0,113,62
2020-10-31,US,Minnesota,Sherburne,1942,24,0,45.44447208,-93.77617511,27141.0,1997.1616034883482,1.2358393408856851,1918,1899,24,0,1875,1831,96036,43,0,0,43,68
2020-10-31,US,Minnesota,Sibley,279,3,0,44.5796592,-94.23164924,27143.0,1876.8920282542886,1.075268817204301,276,273,3,0,270,266,15028,6,0,0,6,7
2020-10-31,US,Minnesota,St. Louis,3392,75,0,47.604840700000004,-92.46879855,27137.0,1703.9232430803236,2.2110849056603774,3317,3330,74,0,3256,3258,199754,62,1,0,61,72
2020-10-31,US,Minnesota,Stearns,6592,51,0,45.55192576,-94.61078221,27145.0,4092.5034921620363,0.7736650485436893,6541,6478,50,0,6428,6255,159256,114,1,0,113,223
2020-10-31,US,Minnesota,Steele,839,3,0,44.02240351,-93.22627088,27147.0,2289.284837239761,0.3575685339690107,836,817,3,0,814,801,36803,22,0,0,22,16
2020-10-31,US,Minnesota,Stevens,201,1,0,45.58613007,-96.00163705,27149.0,2049.9745028046914,0.4975124378109453,200,200,1,0,199,194,9753,1,0,0,1,6
2020-10-31,US,Minnesota,Swift,238,2,0,45.2829032,-95.68264092,27151.0,2568.530110079862,0.8403361344537815,236,232,2,0,230,225,9345,6,0,0,6,7
2020-10-31,US,Minnesota,Todd,957,7,0,46.06996226,-94.89785296,27153.0,3880.149205319494,0.7314524555903866,950,933,7,0,926,896,24582,24,0,0,24,37
2020-10-31,US,Minnesota,Traverse,63,0,0,45.77298854,-96.47062949,27155.0,1933.1083154341825,0.0,63,61,0,0,61,59,3308,2,0,0,2,2
2020-10-31,US,Minnesota,Unassigned,287,54,0,0.0,0.0,90027.0,0.0,18.81533101045296,233,203,54,0,149,238,,84,0,0,84,-35
2020-10-31,US,Minnesota,Wabasha,435,1,0,44.28424356,-92.23121312,27157.0,2011.3746705507008,0.2298850574712644,434,428,1,0,427,414,21645,7,0,0,7,14
2020-10-31,US,Minnesota,Wadena,292,3,0,46.58589171,-94.96968506,27159.0,2134.190907762023,1.0273972602739727,289,274,3,0,271,264,13773,18,0,0,18,10
2020-10-31,US,Minnesota,Waseca,956,10,0,44.02211116,-93.58720034,27161.0,5136.471093917902,1.0460251046025104,946,950,10,0,940,945,18691,6,0,0,6,5
2020-10-31,US,Minnesota,Washington,6861,74,0,45.03864533,-92.88429635,27163.0,2614.311842706905,1.0785599766797842,6787,6490,74,0,6416,6362,259201,371,0,0,371,128
2020-10-31,US,Minnesota,Watonwan,589,4,0,43.97823903,-94.61413846,27165.0,5405.1573827659,0.6791171477079796,585,585,4,0,581,582,10980,4,0,0,4,3
2020-10-31,US,Minnesota,Wilkin,148,4,0,46.35721532,-96.4684375,27167.0,2384.4047043660385,2.702702702702702,144,148,4,0,144,145,6254,0,0,0,0,3
2020-10-31,US,Minnesota,Winona,1379,19,0,43.98772283,-91.78081305,27169.0,2731.5585135884635,1.3778100072516315,1360,1362,19,0,1343,1336,50825,17,0,0,17,26
2020-10-31,US,Minnesota,Wright,2915,16,0,45.17297924,-93.96234781,27171.0,2106.5639521018666,0.548885077186964,2899,2825,16,0,2809,2731,136349,90,0,0,90,94
2020-10-31,US,Minnesota,Yellow Medicine,320,7,0,44.71710183,-95.86842453,27173.0,3295.911010402719,2.1875,313,309,6,0,303,298,9795,11,1,0,10,11
2020-10-31,US,Mississippi,Adams,1119,45,0,31.47669768,-91.35326037,28001.0,3645.7824259603167,4.021447721179625,1074,1106,45,0,1061,1102,31192,13,0,0,13,4
2020-10-31,US,Mississippi,Alcorn,1103,12,0,34.88084463,-88.57996173,28003.0,2984.8726761020757,1.0879419764279241,1091,1061,12,0,1049,1050,36925,42,0,0,42,11
2020-10-31,US,Mississippi,Amite,436,13,0,31.17467303,-90.80501621,28005.0,3545.580222818573,2.9816513761467887,423,435,13,0,422,434,12326,1,0,0,1,1
2020-10-31,US,Mississippi,Attala,819,27,0,33.08658803,-89.57838564,28007.0,4506.437768240345,3.2967032967032965,792,811,27,0,784,809,18365,8,0,0,8,2
2020-10-31,US,Mississippi,Benton,375,11,0,34.81681228,-89.18945516,28009.0,4540.501271340356,2.933333333333333,364,370,11,0,359,369,8271,5,0,0,5,1
2020-10-31,US,Mississippi,Bolivar,2072,79,0,33.79696941,-90.87372121,28011.0,6765.051586783337,3.812741312741313,1993,2062,79,0,1983,2052,31333,10,0,0,10,10
2020-10-31,US,Mississippi,Calhoun,639,13,0,33.93683395,-89.33686647,28013.0,4449.550866931272,2.0344287949921758,626,638,13,0,625,636,14436,1,0,0,1,2
2020-10-31,US,Mississippi,Carroll,526,12,0,33.44834567,-89.91994479,28015.0,5288.026540665527,2.281368821292776,514,515,12,0,503,509,9911,11,0,0,11,6
2020-10-31,US,Mississippi,Chickasaw,879,29,0,33.91983202,-88.9481545,28017.0,5139.449219435187,3.299203640500569,850,875,29,0,846,870,17171,4,0,0,4,5
2020-10-31,US,Mississippi,Choctaw,217,6,0,33.34598242,-89.24809382,28019.0,2643.1181485992693,2.7649769585253456,211,210,6,0,204,209,8278,7,0,0,7,1
2020-10-31,US,Mississippi,Claiborne,545,16,0,31.97061673,-90.90702196,28021.0,6063.640409434804,2.9357798165137616,529,542,16,0,526,542,9002,3,0,0,3,0
2020-10-31,US,Mississippi,Clarke,789,53,0,32.04158545,-88.68896219999998,28023.0,5076.8933788044515,6.717363751584284,736,785,53,0,732,783,15604,4,0,0,4,2
2020-10-31,US,Mississippi,Clay,722,22,0,33.65358105,-88.77784255,28025.0,3737.8339200662654,3.0470914127423825,700,718,22,0,696,715,19386,4,0,0,4,3
2020-10-31,US,Mississippi,Coahoma,1281,37,0,34.22772299,-90.60415045,28027.0,5790.0922075574035,2.8883684621389536,1244,1270,37,0,1233,1265,22628,11,0,0,11,5
2020-10-31,US,Mississippi,Copiah,1411,37,0,31.86977774,-90.44565118,28029.0,5027.614466417245,2.622253720765414,1374,1404,37,0,1367,1399,28543,7,0,0,7,5
2020-10-31,US,Mississippi,Covington,1008,29,0,31.63225413,-89.55389939,28031.0,5408.88602704443,2.876984126984127,979,1001,29,0,972,997,18853,7,0,0,7,4
2020-10-31,US,Mississippi,DeSoto,7492,80,0,34.87625235,-89.99091418,28033.0,4050.934061477737,1.0678056593699947,7412,7422,80,0,7342,7342,182001,70,0,0,70,80
2020-10-31,US,Mississippi,Forrest,3155,80,0,31.18961454,-89.25832496,28035.0,4212.451767093475,2.5356576862123608,3075,3141,79,0,3062,3134,75036,14,1,0,13,7
2020-10-31,US,Mississippi,Franklin,256,3,0,31.47786634,-90.89672989,28037.0,3319.0716971347083,1.171875,253,253,3,0,250,253,7788,3,0,0,3,0
2020-10-31,US,Mississippi,George,1035,20,0,30.86259065,-88.64436789,28039.0,4224.489795918366,1.932367149758454,1015,1033,20,0,1013,1030,24250,2,0,0,2,3
2020-10-31,US,Mississippi,Greene,487,18,0,31.21444233,-88.63922281,28041.0,3584.572353893714,3.6960985626283374,469,482,18,0,464,482,13586,5,0,0,5,0
2020-10-31,US,Mississippi,Grenada,1244,40,0,33.77036166,-89.80245083,28043.0,5992.870218710858,3.2154340836012865,1204,1239,40,0,1199,1231,21055,5,0,0,5,8
2020-10-31,US,Mississippi,Hancock,892,29,0,30.41830223,-89.48851033,28045.0,1872.6906281491433,3.251121076233184,863,883,29,0,854,881,47334,9,0,0,9,2
2020-10-31,US,Mississippi,Harrison,5615,87,0,30.51359752,-89.12467576,28047.0,2698.481353325644,1.5494211932324131,5528,5566,87,0,5479,5537,206650,49,0,0,49,29
2020-10-31,US,Mississippi,Hinds,8179,180,0,32.2656285,-90.44435448,28049.0,3527.8640441683915,2.2007580388800587,7999,8135,180,0,7955,8109,237085,44,0,0,44,26
2020-10-31,US,Mississippi,Holmes,1155,60,0,33.12345854,-90.08923538,28051.0,6790.123456790125,5.194805194805196,1095,1154,60,0,1094,1151,17622,1,0,0,1,3
2020-10-31,US,Mississippi,Humphreys,469,17,0,33.12825718,-90.52252707,28053.0,5815.972222222223,3.6247334754797436,452,468,17,0,451,458,8257,1,0,0,1,10
2020-10-31,US,Mississippi,Issaquena,107,4,0,32.72531359,-90.97392828,28055.0,8063.300678221552,3.7383177570093458,103,107,4,0,103,107,1308,0,0,0,0,0
2020-10-31,US,Mississippi,Itawamba,1205,28,0,34.27993475,-88.3606733,28057.0,5151.774262505344,2.3236514522821583,1177,1198,28,0,1170,1178,23517,7,0,0,7,20
2020-10-31,US,Mississippi,Jackson,4940,91,0,30.54020656,-88.64184064,28059.0,3439.704213289513,1.8421052631578947,4849,4917,90,0,4827,4884,143277,23,1,0,22,33
2020-10-31,US,Mississippi,Jasper,706,17,0,32.01922104,-89.11786866,28061.0,4309.345052798632,2.407932011331445,689,702,17,0,685,698,16428,4,0,0,4,4
2020-10-31,US,Mississippi,Jefferson,287,10,0,31.73397872,-91.03764977,28063.0,4105.865522174535,3.484320557491289,277,284,10,0,274,281,7106,3,0,0,3,3
2020-10-31,US,Mississippi,Jefferson Davis,427,13,0,31.56884708,-89.82670990000004,28065.0,3837.1675053918043,3.0444964871194378,414,426,13,0,413,424,11234,1,0,0,1,2
2020-10-31,US,Mississippi,Jones,3015,84,0,31.62257767,-89.16896899999998,28067.0,4427.4428030191775,2.7860696517412937,2931,2999,84,0,2915,2984,68461,16,0,0,16,15
2020-10-31,US,Mississippi,Kemper,336,15,0,32.75462946,-88.64105766,28069.0,3448.9837815643605,4.464285714285714,321,335,15,0,320,334,10027,1,0,0,1,1
2020-10-31,US,Mississippi,Lafayette,2602,43,0,34.35687874,-89.48490961,28071.0,4816.82371017605,1.6525749423520368,2559,2591,43,0,2548,2560,54793,11,0,0,11,31
2020-10-31,US,Mississippi,Lamar,2380,40,0,31.20572971,-89.5077704,28073.0,3757.3212509669575,1.680672268907563,2340,2359,40,0,2319,2340,62447,21,0,0,21,19
2020-10-31,US,Mississippi,Lauderdale,2653,135,0,32.40419769,-88.66229662,28075.0,3579.089376053963,5.088578967206937,2518,2639,135,0,2504,2611,75317,14,0,0,14,28
2020-10-31,US,Mississippi,Lawrence,570,14,0,31.55147224,-90.10841127,28077.0,4528.841569998412,2.456140350877193,556,562,14,0,548,553,12455,8,0,0,8,9
2020-10-31,US,Mississippi,Leake,1181,42,0,32.7536828,-89.52402044,28079.0,5183.007109628719,3.5563082133784927,1139,1178,42,0,1136,1170,22763,3,0,0,3,8
2020-10-31,US,Mississippi,Lee,3734,83,0,34.291877500000005,-88.68149954,28081.0,4370.522964558266,2.222817354043921,3651,3708,82,0,3626,3686,85202,26,1,0,25,22
2020-10-31,US,Mississippi,Leflore,1761,88,0,33.55545125,-90.29900733,28083.0,6248.447645743888,4.997160704145372,1673,1741,88,0,1653,1730,28919,20,0,0,20,11
2020-10-31,US,Mississippi,Lincoln,1478,61,0,31.53288662,-90.45391915,28085.0,4327.584692413551,4.127198917456021,1417,1467,59,0,1408,1448,34205,11,2,0,9,19
2020-10-31,US,Mississippi,Lowndes,1839,62,0,33.47386518,-88.44191529999998,28087.0,3138.4930454816968,3.3713974986405657,1777,1832,62,0,1770,1828,58930,7,0,0,7,4
2020-10-31,US,Mississippi,Madison,3909,94,0,32.63389156,-90.03513564,28089.0,3678.2971996386627,2.4047070862113067,3815,3894,94,0,3800,3880,105630,15,0,0,15,14
2020-10-31,US,Mississippi,Marion,976,44,0,31.23132643,-89.8209217,28091.0,3971.8390102958533,4.508196721311474,932,972,44,0,928,969,24715,4,0,0,4,3
2020-10-31,US,Mississippi,Marshall,1544,31,0,34.76216286,-89.50299462,28093.0,4374.681248937496,2.0077720207253886,1513,1518,31,0,1487,1505,35451,26,0,0,26,13
2020-10-31,US,Mississippi,Monroe,1571,74,0,33.89236763,-88.4808438,28095.0,4456.4847384545565,4.7103755569700825,1497,1554,74,0,1480,1548,35564,17,0,0,17,6
2020-10-31,US,Mississippi,Montgomery,575,23,0,33.49419589,-89.61729103,28097.0,5882.352941176468,4.0,552,569,23,0,546,565,10023,6,0,0,6,4
2020-10-31,US,Mississippi,Neshoba,1899,111,0,32.75339664,-89.11726492,28099.0,6521.739130434783,5.845181674565562,1788,1894,111,0,1783,1883,29125,5,0,0,5,11
2020-10-31,US,Mississippi,Newton,887,28,0,32.40021118,-89.11843336,28101.0,4220.192216195642,3.156708004509583,859,884,28,0,856,881,21443,3,0,0,3,3
2020-10-31,US,Mississippi,Noxubee,606,17,0,33.11009499,-88.56949061,28103.0,5817.413842757032,2.8052805280528053,589,604,17,0,587,603,10535,2,0,0,2,1
2020-10-31,US,Mississippi,Oktibbeha,2079,56,0,33.42491685,-88.87905132,28105.0,4192.631133159901,2.6936026936026938,2023,2066,56,0,2010,2060,49599,13,0,0,13,6
2020-10-31,US,Mississippi,Panola,1742,41,0,34.36398677,-89.95064249,28107.0,5094.759007955077,2.3536165327210097,1701,1734,41,0,1693,1722,34178,8,0,0,8,12
2020-10-31,US,Mississippi,Pearl River,1199,60,0,30.77090935,-89.58677275,28109.0,2158.9988295669395,5.0041701417848214,1139,1188,60,0,1128,1179,55387,11,0,0,11,9
2020-10-31,US,Mississippi,Perry,540,23,0,31.17161885,-88.99281835,28111.0,4510.147832623403,4.25925925925926,517,534,23,0,511,528,11931,6,0,0,6,6
2020-10-31,US,Mississippi,Pike,1416,56,0,31.17507789,-90.40392572,28113.0,3604.153940134392,3.9548022598870056,1360,1412,56,0,1356,1409,39563,4,0,0,4,3
2020-10-31,US,Mississippi,Pontotoc,1547,20,0,34.226046000000004,-89.03636807,28115.0,4808.230248026357,1.292824822236587,1527,1528,20,0,1508,1515,31833,19,0,0,19,13
2020-10-31,US,Mississippi,Prentiss,1113,20,0,34.61810501,-88.51986294,28117.0,4429.674440818276,1.7969451931716085,1093,1104,20,0,1084,1095,25315,9,0,0,9,9
2020-10-31,US,Mississippi,Quitman,425,6,0,34.25157572,-90.28908,28119.0,6257.3616018845705,1.4117647058823528,419,424,6,0,418,424,7051,1,0,0,1,0
2020-10-31,US,Mississippi,Rankin,4188,86,0,32.26469147,-89.94537876,28121.0,2697.2196997507585,2.0534861509073545,4102,4171,86,0,4085,4123,153902,17,0,0,17,48
2020-10-31,US,Mississippi,Scott,1298,29,0,32.406704100000006,-89.53789439,28123.0,4615.275209785237,2.2342064714946077,1269,1290,29,0,1261,1281,28287,8,0,0,8,9
2020-10-31,US,Mississippi,Sharkey,292,15,0,32.88149103,-90.81595379999999,28125.0,6757.69497801435,5.136986301369864,277,292,15,0,277,291,4377,0,0,0,0,1
2020-10-31,US,Mississippi,Simpson,1257,50,0,31.91282117,-89.91716179,28127.0,4715.28246680171,3.9777247414478922,1207,1249,50,0,1199,1240,26758,8,0,0,8,9
2020-10-31,US,Mississippi,Smith,614,16,0,32.01744532,-89.50644846,28129.0,3857.7532043226947,2.6058631921824102,598,608,16,0,592,608,16002,6,0,0,6,0
2020-10-31,US,Mississippi,Stone,507,14,0,30.79187949,-89.11547539,28131.0,2765.0523560209417,2.7613412228796843,493,506,14,0,492,498,18717,1,0,0,1,8
2020-10-31,US,Mississippi,Sunflower,1678,51,0,33.60192578,-90.58882684,28133.0,6682.596575069693,3.0393325387365917,1627,1665,50,0,1615,1659,25735,13,1,0,12,6
2020-10-31,US,Mississippi,Tallahatchie,868,26,0,33.95339918,-90.1729398,28135.0,6285.75566659425,2.995391705069125,842,864,26,0,838,858,13987,4,0,0,4,6
2020-10-31,US,Mississippi,Tate,1265,39,0,34.65133709,-89.94485778,28137.0,4466.650188905759,3.08300395256917,1226,1248,39,0,1209,1230,28759,17,0,0,17,18
2020-10-31,US,Mississippi,Tippah,974,25,0,34.76872156,-88.90988194,28139.0,4424.256188962071,2.566735112936345,949,962,25,0,937,951,21995,12,0,0,12,11
2020-10-31,US,Mississippi,Tishomingo,839,41,0,34.74023475,-88.23917219,28141.0,4328.535314450807,4.886769964243147,798,833,41,0,792,831,19454,6,0,0,6,2
2020-10-31,US,Mississippi,Tunica,541,17,0,34.64967704,-90.37481167,28143.0,5616.694352159469,3.1423290203327165,524,539,17,0,522,539,9944,2,0,0,2,0
2020-10-31,US,Mississippi,Union,1277,25,0,34.49162015,-89.00776006,28145.0,4431.719590491064,1.9577133907595927,1252,1264,25,0,1239,1260,28606,13,0,0,13,4
2020-10-31,US,Mississippi,Walthall,649,27,0,31.14971548,-90.10446654,28147.0,4542.909141817164,4.160246533127888,622,649,27,0,622,648,14465,0,0,0,0,1
2020-10-31,US,Mississippi,Warren,1576,56,0,32.35810271,-90.83352619,28149.0,3472.819021176262,3.5532994923857872,1520,1571,56,0,1515,1566,46176,5,0,0,5,5
2020-10-31,US,Mississippi,Washington,2688,100,0,33.28392041,-90.94196237,28151.0,6121.751804869163,3.7202380952380953,2588,2667,100,0,2567,2644,45063,21,0,0,21,23
2020-10-31,US,Mississippi,Wayne,1039,22,0,31.64135687,-88.69573913,28153.0,5147.896744785217,2.1174205967276225,1017,1035,22,0,1013,1034,20298,4,0,0,4,1
2020-10-31,US,Mississippi,Webster,384,13,0,33.61300486,-89.28392912,28155.0,3963.25730209516,3.3854166666666665,371,383,13,0,370,382,9788,1,0,0,1,1
2020-10-31,US,Mississippi,Wilkinson,346,21,0,31.16078225,-91.31018819,28157.0,4009.2699884125145,6.069364161849711,325,343,21,0,322,343,8792,3,0,0,3,0
2020-10-31,US,Mississippi,Winston,876,21,0,33.08747908,-89.03391385,28159.0,4878.8638262322465,2.3972602739726026,855,870,21,0,849,859,18165,6,0,0,6,11
2020-10-31,US,Mississippi,Yalobusha,575,16,0,34.02824175,-89.70762049999998,28161.0,4748.926329699372,2.782608695652174,559,570,16,0,554,566,12392,5,0,0,5,4
2020-10-31,US,Mississippi,Yazoo,1260,35,0,32.77890365,-90.39656148,28163.0,4243.8531492084885,2.7777777777777777,1225,1254,35,0,1219,1245,28248,6,0,0,6,9
2020-10-31,US,Missouri,Adair,572,0,0,40.19058551,-92.60078167,29001.0,2257.033500374857,0.0,572,553,0,0,553,531,25339,19,0,0,19,22
2020-10-31,US,Missouri,Andrew,468,8,0,39.98492163,-94.80163024,29003.0,2642.276422764228,1.709401709401709,460,462,8,0,454,450,17607,6,0,0,6,12
2020-10-31,US,Missouri,Atchison,84,1,0,40.43238737,-95.42970639,29005.0,1633.287964223216,1.1904761904761905,83,82,1,0,81,77,5171,2,0,0,2,5
2020-10-31,US,Missouri,Audrain,639,10,0,39.215877,-91.84242683,29007.0,2516.93713565464,1.5649452269170578,629,622,10,0,612,588,25473,17,0,0,17,34
2020-10-31,US,Missouri,Barry,898,9,0,36.70978521,-93.82919888,29009.0,2509.150856408394,1.0022271714922049,889,882,9,0,873,844,35886,16,0,0,16,38
2020-10-31,US,Missouri,Barton,449,4,0,37.50207671,-94.34757022,29011.0,3819.9761783222734,0.8908685968819601,445,444,4,0,440,436,11798,5,0,0,5,8
2020-10-31,US,Missouri,Bates,267,8,0,38.25271289,-94.34113157,29013.0,1651.0017313875837,2.9962546816479403,259,264,6,0,258,253,16320,3,2,0,1,11
2020-10-31,US,Missouri,Benton,498,7,0,38.29503305,-93.28756116,29015.0,2561.3331276037648,1.4056224899598393,491,491,5,0,486,484,19278,7,2,0,5,7
2020-10-31,US,Missouri,Bollinger,541,3,0,37.32449052,-90.02725304,29017.0,4458.913706420506,0.5545286506469501,538,530,3,0,527,511,12169,11,0,0,11,19
2020-10-31,US,Missouri,Boone,6364,15,0,38.99186229,-92.30723575,29019.0,3526.4846533638483,0.23570081709616594,6349,6256,14,0,6242,6091,180005,108,1,0,107,165
2020-10-31,US,Missouri,Buchanan,3072,43,0,39.65816401,-94.80138942,29021.0,3516.322512705462,1.3997395833333333,3029,3048,42,0,3006,2985,88571,24,1,0,23,63
2020-10-31,US,Missouri,Butler,1301,8,0,36.71462476,-90.40421163,29023.0,3062.761900277791,0.6149116064565718,1293,1285,8,0,1277,1251,42639,16,0,0,16,34
2020-10-31,US,Missouri,Caldwell,192,1,0,39.65620858,-93.98308093,29025.0,2128.60310421286,0.5208333333333334,191,182,1,0,181,174,9108,10,0,0,10,8
2020-10-31,US,Missouri,Callaway,1460,7,0,38.83674754,-91.92186505,29027.0,3263.080258364437,0.4794520547945205,1453,1405,5,0,1400,1256,44889,55,2,0,53,149
2020-10-31,US,Missouri,Camden,1675,36,0,38.02199522,-92.76083747,29029.0,3617.3199438505562,2.149253731343284,1639,1642,35,0,1607,1611,45815,33,1,0,32,31
2020-10-31,US,Missouri,Cape Girardeau,2825,55,0,37.38489388,-89.6843587,29031.0,3581.798126053937,1.9469026548672568,2770,2796,50,0,2746,2696,78753,29,5,0,24,100
2020-10-31,US,Missouri,Carroll,214,4,0,39.42762566,-93.50626255,29033.0,2465.7218573568384,1.8691588785046729,210,211,4,0,207,199,8743,3,0,0,3,12
2020-10-31,US,Missouri,Carter,189,3,0,36.94160441,-90.96051322,29035.0,3159.4784353059167,1.5873015873015872,186,188,3,0,185,179,6054,1,0,0,1,9
2020-10-31,US,Missouri,Cass,2188,32,0,38.64789422,-94.353399,29037.0,2068.4439402533562,1.4625228519195612,2156,2136,30,0,2106,2092,104954,52,2,0,50,44
2020-10-31,US,Missouri,Cedar,253,4,0,37.72391475,-93.85445441,29039.0,1763.189072409227,1.5810276679841897,249,248,4,0,244,238,14165,5,0,0,5,10
2020-10-31,US,Missouri,Chariton,73,0,0,39.51499357,-92.9629191,29041.0,983.032588203609,0.0,73,70,0,0,70,61,7451,3,0,0,3,9
2020-10-31,US,Missouri,Christian,2433,16,0,36.9711783,-93.18537118,29043.0,2746.204639087985,0.6576243321002877,2417,2408,13,0,2395,2316,86983,25,3,0,22,92
2020-10-31,US,Missouri,Clark,128,1,0,40.41040752,-91.73661677,29045.0,1883.1837575400912,0.78125,127,120,1,0,119,113,6842,8,0,0,8,7
2020-10-31,US,Missouri,Clay,2713,48,0,39.31132056,-94.41850862,29047.0,1085.4257685598604,1.7692591227423515,2665,2643,48,0,2595,2570,246365,70,0,0,70,73
2020-10-31,US,Missouri,Clinton,540,24,0,39.6013098,-94.40465394,29049.0,2648.746750380144,4.4444444444444455,516,532,23,0,509,509,20470,8,1,0,7,23
2020-10-31,US,Missouri,Cole,3310,26,0,38.50455671,-92.27860244,29051.0,4312.984559254674,0.7854984894259819,3284,3216,24,0,3192,3006,76796,94,2,0,92,210
2020-10-31,US,Missouri,Cooper,661,4,0,38.844478,-92.80896081,29053.0,3732.565362245186,0.6051437216338881,657,650,3,0,647,626,17603,11,1,0,10,24
2020-10-31,US,Missouri,Crawford,685,9,0,37.97663738,-91.30528104,29055.0,2863.71237458194,1.313868613138686,676,675,8,0,667,646,23957,10,1,0,9,29
2020-10-31,US,Missouri,Dade,149,0,0,37.431814,-93.8503345,29057.0,1970.6388043909533,0.0,149,147,0,0,147,142,7569,2,0,0,2,5
2020-10-31,US,Missouri,Dallas,399,2,0,37.681135499999996,-93.02127031,29059.0,2364.0241734802703,0.5012531328320802,397,395,1,0,394,364,16762,4,1,0,3,31
2020-10-31,US,Missouri,Daviess,229,4,0,39.96145298,-93.98519678,29061.0,2766.3686880889104,1.7467248908296944,225,228,3,0,225,222,8313,1,1,0,0,6
2020-10-31,US,Missouri,DeKalb,316,2,0,39.89201062,-94.40476508,29063.0,2518.5303259743364,0.6329113924050633,314,311,2,0,309,302,12630,5,0,0,5,9
2020-10-31,US,Missouri,Dent,273,4,0,37.60663134,-91.50790473,29065.0,1753.0340974764013,1.465201465201465,269,266,3,0,263,257,15441,7,1,0,6,9
2020-10-31,US,Missouri,Douglas,302,12,0,36.9325593,-92.49905109,29067.0,2290.4816078877507,3.9735099337748334,290,297,12,0,285,288,13373,5,0,0,5,9
2020-10-31,US,Missouri,Dunklin,1185,13,0,36.27167174,-90.09122243,29069.0,4067.8315196869316,1.0970464135021096,1172,1182,12,0,1170,1147,29423,3,1,0,2,35
2020-10-31,US,Missouri,Franklin,2879,48,0,38.41127108,-91.07522826,29071.0,2769.147902699895,1.6672455713789511,2831,2815,46,0,2769,2723,103670,64,2,0,62,92
2020-10-31,US,Missouri,Gasconade,281,24,0,38.43947277,-91.50847147,29073.0,1910.7847137222907,8.540925266903914,257,277,24,0,253,265,14705,4,0,0,4,12
2020-10-31,US,Missouri,Gentry,195,10,0,40.21097916,-94.40944419,29075.0,2967.5848424897276,5.128205128205129,185,188,10,0,178,184,6628,7,0,0,7,4
2020-10-31,US,Missouri,Greene,9574,140,0,37.2575872,-93.34230916,29077.0,3266.617989259125,1.4622937121370378,9434,9419,139,0,9280,9098,291923,155,1,0,154,321
2020-10-31,US,Missouri,Grundy,282,11,0,40.11406587,-93.56509276,29079.0,2862.9441624365477,3.9007092198581566,271,272,11,0,261,264,9914,10,0,0,10,8
2020-10-31,US,Missouri,Harrison,197,1,0,40.35570088,-93.99222144,29081.0,2358.716475095785,0.5076142131979695,196,193,1,0,192,190,8414,4,0,0,4,3
2020-10-31,US,Missouri,Henry,436,8,0,38.38482826,-93.79293734,29083.0,1997.8005865102639,1.834862385321101,428,418,7,0,411,386,21792,18,1,0,17,32
2020-10-31,US,Missouri,Hickory,254,4,0,37.94163617,-93.3203037,29085.0,2661.357921207041,1.5748031496062993,250,251,3,0,248,211,9509,3,1,0,2,40
2020-10-31,US,Missouri,Holt,124,1,0,40.09799248,-95.21638879999999,29087.0,2816.2616397910515,0.8064516129032258,123,123,1,0,122,120,4404,1,0,0,1,3
2020-10-31,US,Missouri,Howard,265,2,0,39.1435761,-92.69756691,29089.0,2649.7350264973497,0.7547169811320755,263,257,2,0,255,249,10137,8,0,0,8,8
2020-10-31,US,Missouri,Howell,1254,14,0,36.77383887,-91.88683935,29091.0,3125.8568686591716,1.116427432216906,1240,1246,10,0,1236,1188,40076,8,4,0,4,58
2020-10-31,US,Missouri,Iron,113,0,0,37.55487945,-90.7735296,29093.0,1116.0493827160494,0.0,113,110,0,0,110,102,10177,3,0,0,3,8
2020-10-31,US,Missouri,Jackson,10480,140,0,39.01002188,-94.34724536,29095.0,1490.7305860079005,1.3358778625954195,10340,10365,136,0,10229,10144,700307,115,4,0,111,221
2020-10-31,US,Missouri,Jasper,5523,77,0,37.20351921,-94.34050458,29097.0,4552.1231702492405,1.3941698352344742,5446,5452,76,0,5376,5329,120636,71,1,0,70,123
2020-10-31,US,Missouri,Jefferson,5935,89,0,38.25926778,-90.53870896,29099.0,2636.828519510753,1.4995787700084249,5846,5818,84,0,5734,5644,224347,117,5,0,112,174
2020-10-31,US,Missouri,Johnson,1567,10,0,38.74719601,-93.80691168,29101.0,2898.5239169842034,0.6381620931716656,1557,1557,10,0,1547,1503,53652,10,0,0,10,54
2020-10-31,US,Missouri,Kansas City,15245,213,0,39.0997,-94.5786,0.0,3117.9503541312592,1.397179403082978,15032,14986,208,0,14778,14583,491918,259,5,0,254,403
2020-10-31,US,Missouri,Knox,66,1,0,40.12699751,-92.14780832,29103.0,1667.0876483960596,1.5151515151515151,65,65,1,0,64,64,3947,1,0,0,1,1
2020-10-31,US,Missouri,Laclede,1252,23,0,37.65896829,-92.5888493,29105.0,3504.744842258489,1.8370607028753996,1229,1241,22,0,1219,1213,35713,11,1,0,10,28
2020-10-31,US,Missouri,Lafayette,902,26,0,39.06986886,-93.78076396,29107.0,2757.735110676287,2.882483370288248,876,896,24,0,872,854,32598,6,2,0,4,42
2020-10-31,US,Missouri,Lawrence,1177,24,0,37.10626634,-93.83293097,29109.0,3068.7002998305297,2.0390824129141887,1153,1156,21,0,1135,1126,38359,21,3,0,18,30
2020-10-31,US,Missouri,Lewis,220,2,0,40.09673161,-91.72070156,29111.0,2250.409165302782,0.9090909090909092,218,218,2,0,216,204,9855,2,0,0,2,14
2020-10-31,US,Missouri,Lincoln,1288,5,0,39.05345619,-90.95588181,29113.0,2182.569942216122,0.3881987577639752,1283,1269,5,0,1264,1224,57686,19,0,0,19,45
2020-10-31,US,Missouri,Linn,173,7,0,39.87001769,-93.10704106,29115.0,1451.3422818791946,4.0462427745664735,166,171,4,0,167,164,12037,2,3,0,-1,7
2020-10-31,US,Missouri,Livingston,580,9,0,39.78110272,-93.54645978,29117.0,3809.0234451960328,1.5517241379310345,571,578,9,0,569,562,15146,2,0,0,2,16
2020-10-31,US,Missouri,Macon,246,1,0,39.83049768,-92.56453089,29121.0,1627.307005358206,0.4065040650406504,245,240,1,0,239,223,15153,6,0,0,6,17
2020-10-31,US,Missouri,Madison,543,3,0,37.47865134,-90.34671429999999,29123.0,4492.0582395764395,0.5524861878453039,540,530,3,0,527,508,12188,13,0,0,13,22
2020-10-31,US,Missouri,Maries,218,0,0,38.16193985,-91.92249662,29125.0,2506.611475221341,0.0,218,213,0,0,213,192,8769,5,0,0,5,21
2020-10-31,US,Missouri,Marion,991,14,0,39.80601912,-91.62203062,29127.0,3473.5366281107613,1.4127144298688197,977,970,14,0,956,938,28592,21,0,0,21,32
2020-10-31,US,Missouri,McDonald,1259,12,0,36.62869595,-94.34867205,29119.0,5512.983316547708,0.9531374106433678,1247,1255,12,0,1243,1223,23078,4,0,0,4,32
2020-10-31,US,Missouri,Mercer,35,0,0,40.42212303,-93.56829590000001,29129.0,967.6527508985347,0.0,35,33,0,0,33,31,3641,2,0,0,2,2
2020-10-31,US,Missouri,Miller,956,15,0,38.21450288,-92.42610898,29131.0,3731.605449080761,1.5690376569037656,941,929,13,0,916,886,25336,27,2,0,25,43
2020-10-31,US,Missouri,Mississippi,459,6,0,36.82516239,-89.29505753,29133.0,3482.549317147193,1.30718954248366,453,459,6,0,453,447,13336,0,0,0,0,12
2020-10-31,US,Missouri,Moniteau,689,12,0,38.63571781,-92.57976951,29135.0,4271.014133399453,1.741654571843251,677,674,12,0,662,634,16121,15,0,0,15,40
2020-10-31,US,Missouri,Monroe,190,2,0,39.49593978,-92.00043978,29137.0,2198.056455344748,1.0526315789473684,188,179,2,0,177,169,8664,11,0,0,11,10
2020-10-31,US,Missouri,Montgomery,188,1,0,38.94022054,-91.47000721,29139.0,1627.5647130118602,0.5319148936170213,187,176,1,0,175,163,11534,12,0,0,12,13
2020-10-31,US,Missouri,Morgan,732,8,0,38.4181765,-92.88791859,29141.0,3548.746788190236,1.0928961748633879,724,704,7,0,697,682,20358,28,1,0,27,22
2020-10-31,US,Missouri,New Madrid,812,23,0,36.59666326,-89.66070007,29143.0,4755.211993441087,2.832512315270936,789,801,22,0,779,782,17296,11,1,0,10,19
2020-10-31,US,Missouri,Newton,2151,22,0,36.90519407,-94.3394104,29145.0,3693.591592829178,1.0227801022780103,2129,2115,21,0,2094,2045,58266,36,1,0,35,70
2020-10-31,US,Missouri,Nodaway,1235,11,0,40.36079813,-94.88133008,29147.0,5590.258917255115,0.8906882591093117,1224,1211,11,0,1200,1183,22304,24,0,0,24,28
2020-10-31,US,Missouri,Oregon,244,0,0,36.68710164,-91.4033755,29149.0,2317.409060689525,0.0,244,242,0,0,242,233,10541,2,0,0,2,9
2020-10-31,US,Missouri,Osage,548,3,0,38.46036182,-91.8613635,29151.0,4024.9724568490637,0.5474452554744526,545,537,3,0,534,494,13714,11,0,0,11,43
2020-10-31,US,Missouri,Ozark,225,1,0,36.64916339,-92.44459066,29153.0,2452.5833878351864,0.4444444444444444,224,223,1,0,222,214,9017,2,0,0,2,9
2020-10-31,US,Missouri,Pemiscot,756,14,0,36.2130572,-89.78742322,29155.0,4783.296425181905,1.851851851851852,742,748,13,0,735,736,16272,8,1,0,7,12
2020-10-31,US,Missouri,Perry,865,8,0,37.70660776,-89.82741088,29157.0,4520.275919732439,0.9248554913294798,857,848,8,0,840,814,19150,17,0,0,17,34
2020-10-31,US,Missouri,Pettis,1757,24,0,38.72798918,-93.28471706,29159.0,4149.838210633222,1.3659647125782584,1733,1709,19,0,1690,1630,42542,48,5,0,43,79
2020-10-31,US,Missouri,Phelps,916,27,0,37.87736118,-91.79351727,29161.0,2055.05575123954,2.947598253275109,889,902,27,0,875,852,44732,14,0,0,14,50
2020-10-31,US,Missouri,Pike,380,8,0,39.34310674,-91.16980779,29163.0,2076.2758168506175,2.1052631578947367,372,372,8,0,364,354,18504,8,0,0,8,18
2020-10-31,US,Missouri,Platte,1047,13,0,39.38154439,-94.77068479,29165.0,1002.7006837901512,1.241642788920726,1034,1032,13,0,1019,1010,102985,15,0,0,15,22
2020-10-31,US,Missouri,Polk,1080,10,0,37.616229600000004,-93.39828174,29167.0,3359.357989362033,0.925925925925926,1070,1067,10,0,1057,973,32201,13,0,0,13,94
2020-10-31,US,Missouri,Pulaski,1059,11,0,37.82462075,-92.20783203,29169.0,2013.0400897219001,1.0387157695939566,1048,1053,11,0,1042,1020,52014,6,0,0,6,33
2020-10-31,US,Missouri,Putnam,60,1,0,40.47942497,-93.02042674,29171.0,1277.6831345826236,1.6666666666666667,59,60,1,0,59,57,4757,0,0,0,0,3
2020-10-31,US,Missouri,Ralls,221,0,0,39.52817427,-91.51838643,29173.0,2143.7578814628,0.0,221,215,0,0,215,210,10212,6,0,0,6,5
2020-10-31,US,Missouri,Randolph,674,3,0,39.44007257,-92.49713740000001,29175.0,2723.452400193955,0.4451038575667656,671,657,3,0,654,627,24763,17,0,0,17,30
2020-10-31,US,Missouri,Ray,309,2,0,39.353746799999996,-93.98905745,29177.0,1342.4276653054133,0.6472491909385113,307,299,2,0,297,281,22883,10,0,0,10,18
2020-10-31,US,Missouri,Reynolds,94,1,0,37.36085952,-90.97009925,29179.0,1499.2025518341309,1.0638297872340423,93,89,1,0,88,83,6254,5,0,0,5,6
2020-10-31,US,Missouri,Ripley,284,4,0,36.65460667,-90.85990261,29181.0,2137.2667068031305,1.4084507042253518,280,280,4,0,276,273,13401,4,0,0,4,7
2020-10-31,US,Missouri,Saline,1001,11,0,39.13734288,-93.20259964,29195.0,4397.873555643425,1.0989010989010992,990,988,10,0,978,955,22895,13,1,0,12,33
2020-10-31,US,Missouri,Schuyler,45,0,0,40.46921489,-92.52311943,29197.0,965.6652360515021,0.0,45,44,0,0,44,42,4599,1,0,0,1,2
2020-10-31,US,Missouri,Scotland,80,1,0,40.45214695,-92.14709064,29199.0,1631.9869441044473,1.25,79,78,1,0,77,73,4966,2,0,0,2,5
2020-10-31,US,Missouri,Scott,1519,26,0,37.05588075,-89.56474493,29201.0,3968.129571577848,1.7116524028966424,1493,1484,25,0,1459,1434,38458,35,1,0,34,50
2020-10-31,US,Missouri,Shannon,262,5,0,37.15772072,-91.40190382,29203.0,3208.4251775655157,1.9083969465648856,257,257,5,0,252,243,8189,5,0,0,5,14
2020-10-31,US,Missouri,Shelby,112,1,0,39.79742518,-92.07634971,29205.0,1888.7015177065769,0.8928571428571429,111,111,1,0,110,110,6050,1,0,0,1,1
2020-10-31,US,Missouri,St. Charles,11501,156,0,38.77875681,-90.66662425,29183.0,2860.7887130555046,1.3564037909746978,11345,11269,147,0,11122,10949,399182,232,9,0,223,320
2020-10-31,US,Missouri,St. Clair,128,1,0,38.03699437,-93.77631447,29185.0,1362.136852186868,0.78125,127,128,1,0,127,123,9395,0,0,0,0,5
2020-10-31,US,Missouri,St. Francois,3021,29,0,37.81214171,-90.47598685,29187.0,4494.532470430708,0.9599470374048328,2992,2973,27,0,2946,2887,66692,48,2,0,46,86
2020-10-31,US,Missouri,St. Louis,31585,892,0,38.63770039999999,-90.4458375,29189.0,3176.910194577577,2.8241253759696057,30693,31357,889,0,30468,30852,996945,228,3,0,225,505
2020-10-31,US,Missouri,St. Louis City,8746,225,0,38.63555736,-90.24349225,29510.0,2909.746619823273,2.572604619254516,8521,8619,222,0,8397,8538,302838,127,3,0,124,81
2020-10-31,US,Missouri,Ste. Genevieve,471,1,0,37.89090059,-90.1949941,29186.0,2632.167206884989,0.21231422505307854,470,446,1,0,445,405,17888,25,0,0,25,41
2020-10-31,US,Missouri,Stoddard,937,15,0,36.85571651,-89.9444155,29207.0,3228.251507321275,1.6008537886873,922,924,15,0,909,893,29206,13,0,0,13,31
2020-10-31,US,Missouri,Stone,747,11,0,36.75000327,-93.45256475,29209.0,2337.8818227341008,1.4725568942436411,736,736,11,0,725,712,31749,11,0,0,11,24
2020-10-31,US,Missouri,Sullivan,371,1,0,40.2099105,-93.11150106,29211.0,6092.954508129414,0.2695417789757412,370,356,1,0,355,319,6221,15,0,0,15,37
2020-10-31,US,Missouri,Taney,1858,35,0,36.65465345,-93.04075153,29213.0,3322.1284508653985,1.8837459634015068,1823,1828,34,0,1794,1752,55852,30,1,0,29,76
2020-10-31,US,Missouri,Texas,628,3,0,37.31728859,-91.96564727,29215.0,2472.635640601622,0.4777070063694268,625,620,3,0,617,594,25571,8,0,0,8,26
2020-10-31,US,Missouri,Vernon,362,3,0,37.8457799,-94.34127305,29217.0,1760.4435150513054,0.8287292817679558,359,353,3,0,350,343,20528,9,0,0,9,10
2020-10-31,US,Missouri,Warren,664,2,0,38.76529479,-91.16124662,29219.0,1862.604841650537,0.3012048192771085,662,651,2,0,649,636,34711,13,0,0,13,15
2020-10-31,US,Missouri,Washington,723,20,0,37.96130078,-90.87948158,29221.0,2923.5746057420147,2.7662517289073305,703,702,19,0,683,673,24943,21,1,0,20,29
2020-10-31,US,Missouri,Wayne,321,3,0,37.11303869,-90.46001416,29223.0,2493.5912374737823,0.9345794392523364,318,315,1,0,314,309,13122,6,2,0,4,6
2020-10-31,US,Missouri,Webster,1232,16,0,37.2813734,-92.876329,29225.0,3111.739745403112,1.2987012987012987,1216,1217,14,0,1203,1164,39109,15,2,0,13,53
2020-10-31,US,Missouri,Worth,36,0,0,40.47945588,-94.42328751,29227.0,1788.375558867362,0.0,36,36,0,0,36,34,2040,0,0,0,0,2
2020-10-31,US,Missouri,Wright,612,8,0,37.27029221,-92.46914488,29229.0,3346.273716441577,1.30718954248366,604,607,8,0,599,591,18378,5,0,0,5,16
2020-10-31,US,Montana,Beaverhead,283,1,0,45.13434354,-112.89846940000001,30001.0,2993.758595154977,0.353356890459364,282,280,1,0,279,280,9404,3,0,0,3,0
2020-10-31,US,Montana,Big Horn,1399,38,0,45.42335905,-107.492347,30003.0,10503.79157594414,2.716225875625447,1361,1388,38,0,1350,1376,13338,11,0,0,11,12
2020-10-31,US,Montana,Blaine,349,7,0,48.43175214,-108.9582723,30005.0,5223.768896871726,2.005730659025788,342,330,7,0,323,326,6807,19,0,0,19,4
2020-10-31,US,Montana,Broadwater,89,0,0,46.33277565,-111.49558130000001,30007.0,1426.9680936347604,0.0,89,85,0,0,85,80,6085,4,0,0,4,5
2020-10-31,US,Montana,Carbon,266,1,0,45.22850116,-109.0274047,30009.0,2480.1864801864804,0.3759398496240601,265,258,0,0,258,245,10714,8,1,0,7,13
2020-10-31,US,Montana,Carter,73,2,0,45.5197966,-104.53955359999999,30011.0,5830.670926517572,2.7397260273972597,71,73,2,0,71,69,1238,0,0,0,0,4
2020-10-31,US,Montana,Cascade,2199,15,0,47.30797024,-111.3467922,30013.0,2702.603052872207,0.6821282401091405,2184,2168,15,0,2153,2027,81643,31,0,0,31,141
2020-10-31,US,Montana,Chouteau,111,0,0,47.88084126,-110.4353362,30015.0,1969.8314108251998,0.0,111,108,0,0,108,105,5745,3,0,0,3,3
2020-10-31,US,Montana,Custer,339,3,0,46.25319932,-105.57375259999998,30017.0,2973.162603052096,0.8849557522123894,336,324,3,0,321,319,11586,15,0,0,15,5
2020-10-31,US,Montana,Daniels,48,3,0,48.78420029,-105.54763429999998,30019.0,2840.2366863905327,6.25,45,42,3,0,39,41,1747,6,0,0,6,1
2020-10-31,US,Montana,Dawson,276,4,0,47.26584855,-104.89444170000002,30021.0,3204.45837687217,1.4492753623188406,272,263,4,0,259,247,8680,13,0,0,13,16
2020-10-31,US,Montana,Deer Lodge,466,1,0,46.05953325,-113.073353,30023.0,5098.468271334792,0.2145922746781116,465,460,1,0,459,444,9131,6,0,0,6,16
2020-10-31,US,Montana,Fallon,85,0,0,46.33478338,-104.41835649999999,30025.0,2986.647926914969,0.0,85,83,0,0,83,67,2920,2,0,0,2,16
2020-10-31,US,Montana,Fergus,247,2,0,47.26331584,-109.2245206,30027.0,2235.294117647059,0.8097165991902834,245,233,2,0,231,228,11113,14,0,0,14,5
2020-10-31,US,Montana,Flathead,3492,27,0,48.29575866,-114.05205690000001,30029.0,3363.967400728281,0.7731958762886598,3465,3385,27,0,3358,3291,102106,107,0,0,107,94
2020-10-31,US,Montana,Gallatin,3445,8,0,45.54486106,-111.1692571,30031.0,3010.468916580737,0.2322206095791001,3437,3281,7,0,3274,3137,111876,164,1,0,163,144
2020-10-31,US,Montana,Garfield,29,0,0,47.27545948,-107.0002351,30033.0,2305.246422893482,0.0,29,25,0,0,25,24,1268,4,0,0,4,1
2020-10-31,US,Montana,Glacier,997,16,0,48.70513576,-112.9934235,30035.0,7249.327419472115,1.60481444332999,981,988,16,0,972,964,13747,9,0,0,9,24
2020-10-31,US,Montana,Golden Valley,16,0,0,46.3816474,-109.17685220000001,30037.0,1948.84287454324,0.0,16,16,0,0,16,16,826,0,0,0,0,0
2020-10-31,US,Montana,Granite,70,0,0,46.40605220000001,-113.4414186,30039.0,2071.618822136727,0.0,70,67,0,0,67,67,3378,3,0,0,3,0
2020-10-31,US,Montana,Hill,850,20,0,48.62879827,-110.1129252,30041.0,5156.51540888134,2.3529411764705883,830,833,20,0,813,823,16347,17,0,0,17,10
2020-10-31,US,Montana,Jefferson,184,0,0,46.14907081,-112.094396,30043.0,1505.605105965142,0.0,184,180,0,0,180,174,12097,4,0,0,4,6
2020-10-31,US,Montana,Judith Basin,15,0,0,47.04581276,-110.26606880000001,30045.0,747.3841554559042,0.0,15,15,0,0,15,15,1952,0,0,0,0,0
2020-10-31,US,Montana,Lake,588,6,0,47.64514965,-114.0898013,30047.0,1930.5272834723223,1.020408163265306,582,585,5,0,580,579,30250,3,1,0,2,6
2020-10-31,US,Montana,Lewis and Clark,1081,6,0,47.12610041,-112.39469799999999,30049.0,1556.9189998847794,0.5550416281221091,1075,1047,6,0,1041,1011,68700,34,0,0,34,36
2020-10-31,US,Montana,Liberty,34,0,0,48.56084317,-111.02430700000001,30051.0,1454.8566538296961,0.0,34,32,0,0,32,31,2430,2,0,0,2,1
2020-10-31,US,Montana,Lincoln,323,5,0,48.54265777,-115.4046155,30053.0,1616.6166166166165,1.547987616099071,318,319,3,0,316,313,19794,4,2,0,2,6
2020-10-31,US,Montana,Madison,196,1,0,45.30080065,-111.9173017,30057.0,2279.069767441861,0.5102040816326531,195,185,1,0,184,177,8768,11,0,0,11,8
2020-10-31,US,Montana,McCone,65,0,0,47.64469406,-105.79449939999999,30055.0,3906.25,0.0,65,63,0,0,63,61,1675,2,0,0,2,2
2020-10-31,US,Montana,Meagher,84,4,0,46.59907074,-110.8898557,30059.0,4511.2781954887205,4.761904761904762,80,81,4,0,77,79,1866,3,0,0,3,2
2020-10-31,US,Montana,Mineral,16,0,0,47.15283992,-115.00152390000001,30061.0,363.88446668182854,0.0,16,15,0,0,15,15,4316,1,0,0,1,0
2020-10-31,US,Montana,Missoula,2381,18,0,47.03728583,-113.92135079999998,30063.0,1990.8026755852845,0.7559848803023941,2363,2318,16,0,2302,2229,118791,63,2,0,61,89
2020-10-31,US,Montana,Musselshell,125,2,0,46.49684637,-108.39498,30065.0,2698.035829915821,1.6,123,124,2,0,122,111,4651,1,0,0,1,13
2020-10-31,US,Montana,Park,271,0,0,45.48965095,-110.52643940000002,30067.0,1631.9402625557032,0.0,271,264,0,0,264,260,16736,7,0,0,7,4
2020-10-31,US,Montana,Petroleum,3,0,0,47.118246299999996,-108.2508876,30069.0,616.0164271047228,0.0,3,3,0,0,3,3,513,0,0,0,0,0
2020-10-31,US,Montana,Phillips,190,0,0,48.25936577,-107.9128511,30071.0,4805.260495700556,0.0,190,186,0,0,186,177,4074,4,0,0,4,9
2020-10-31,US,Montana,Pondera,192,1,0,48.22773388,-112.22527029999999,30073.0,3248.1813567924214,0.5208333333333334,191,191,1,0,190,184,5972,1,0,0,1,7
2020-10-31,US,Montana,Powder River,65,5,0,45.39617714,-105.636738,30075.0,3864.447086801427,7.6923076923076925,60,63,5,0,58,62,1716,2,0,0,2,1
2020-10-31,US,Montana,Powell,182,0,0,46.85538891,-112.93591640000001,30077.0,2641.509433962264,0.0,182,168,0,0,168,137,6968,14,0,0,14,31
2020-10-31,US,Montana,Prairie,33,0,0,46.86048047,-105.379384,30079.0,3064.066852367688,0.0,33,33,0,0,33,33,1087,0,0,0,0,0
2020-10-31,US,Montana,Ravalli,535,4,0,46.08520862,-114.11891640000002,30081.0,1221.2938866821894,0.7476635514018691,531,512,4,0,508,503,43172,23,0,0,23,9
2020-10-31,US,Montana,Richland,345,5,0,47.78668011,-104.5610786,30083.0,3193.557345181894,1.4492753623188406,340,341,5,0,336,338,10913,4,0,0,4,3
2020-10-31,US,Montana,Roosevelt,980,30,0,48.29607488,-105.00792679999999,30085.0,8905.852417302798,3.0612244897959178,950,955,31,0,924,936,11059,25,-1,0,26,19
2020-10-31,US,Montana,Rosebud,853,21,0,46.23397237,-106.72928799999998,30087.0,9544.58990712767,2.46189917936694,832,808,21,0,787,772,9063,45,0,0,45,36
2020-10-31,US,Montana,Sanders,108,2,0,47.67657534,-115.1329916,30089.0,891.6040617518369,1.851851851851852,106,97,2,0,95,97,11844,11,0,0,11,0
2020-10-31,US,Montana,Sheridan,83,0,0,48.72085833,-104.50382900000001,30091.0,2508.310667875491,0.0,83,81,0,0,81,73,3424,2,0,0,2,8
2020-10-31,US,Montana,Silver Bow,611,2,0,45.90018933,-112.6620092,30093.0,1749.9641987684374,0.3273322422258593,609,599,2,0,597,582,34993,12,0,0,12,17
2020-10-31,US,Montana,Stillwater,231,3,0,45.67071407,-109.3950061,30095.0,2395.7685127566892,1.2987012987012987,228,228,3,0,225,218,9534,3,0,0,3,10
2020-10-31,US,Montana,Sweet Grass,97,2,0,45.81367654,-109.9425686,30097.0,2595.6649719025963,2.061855670103093,95,92,2,0,90,87,3710,5,0,0,5,5
2020-10-31,US,Montana,Teton,91,1,0,47.83741052,-112.24106880000001,30099.0,1480.3969415975268,1.0989010989010992,90,91,0,0,91,90,6162,0,1,0,-1,1
2020-10-31,US,Montana,Toole,336,6,0,48.65577551,-111.69424140000001,30101.0,7094.594594594595,1.7857142857142858,330,316,6,0,310,314,4853,20,0,0,20,2
2020-10-31,US,Montana,Treasure,24,1,0,46.20973220000001,-107.26665159999999,30103.0,3448.2758620689656,4.166666666666667,23,24,1,0,23,24,679,0,0,0,0,0
2020-10-31,US,Montana,Valley,381,5,0,48.36435097,-106.6669635,30105.0,5151.4332071389945,1.3123359580052494,376,369,3,0,366,358,7437,12,2,0,10,11
2020-10-31,US,Montana,Wheatland,71,3,0,46.46652491,-109.84646359999999,30107.0,3339.6048918156157,4.225352112676056,68,69,3,0,66,69,2236,2,0,0,2,0
2020-10-31,US,Montana,Wibaux,44,0,0,46.95925154,-104.2510927,30109.0,4540.763673890609,0.0,44,44,0,0,44,44,1034,0,0,0,0,0
2020-10-31,US,Montana,Yellowstone,6854,94,0,45.93955949,-108.26914860000001,30111.0,4249.22504649721,1.371461920046688,6760,6728,92,0,6636,6521,160137,126,2,0,124,207
2020-10-31,US,Nebraska,Adams,913,15,0,40.52449420000001,-98.50117804,31001.0,2911.0735580142205,1.642935377875137,898,912,15,0,897,896,31511,1,0,0,1,16
2020-10-31,US,Nebraska,Antelope,176,1,0,42.17695516,-98.06662829999999,31003.0,2794.537948555097,0.5681818181818182,175,173,1,0,172,171,6336,3,0,0,3,2
2020-10-31,US,Nebraska,Arthur,5,0,0,41.56896142,-101.6959559,31005.0,1079.913606911447,0.0,5,5,0,0,5,4,465,0,0,0,0,1
2020-10-31,US,Nebraska,Banner,4,0,0,41.54634427,-103.7114332,31007.0,536.9127516778524,0.0,4,4,0,0,4,4,730,0,0,0,0,0
2020-10-31,US,Nebraska,Blaine,3,0,0,41.91311716,-99.97677845,31009.0,645.1612903225806,0.0,3,3,0,0,3,2,476,0,0,0,0,1
2020-10-31,US,Nebraska,Boone,168,0,0,41.70759415,-98.06737183,31011.0,3235.7473035439148,0.0,168,159,0,0,159,157,5239,9,0,0,9,2
2020-10-31,US,Nebraska,Box Butte,275,1,0,42.22079243,-103.08788340000001,31013.0,2550.310674209404,0.3636363636363637,274,266,1,0,265,258,10772,9,0,0,9,8
2020-10-31,US,Nebraska,Boyd,78,0,0,42.899727399999996,-98.76486568,31015.0,4064.6169880145912,0.0,78,76,0,0,76,76,1955,2,0,0,2,0
2020-10-31,US,Nebraska,Brown,82,0,0,42.43018907,-99.92904055,31017.0,2774.957698815567,0.0,82,81,0,0,81,80,2973,1,0,0,1,1
2020-10-31,US,Nebraska,Buffalo,1983,18,0,40.85486962,-99.07500296,31019.0,3993.233854890352,0.907715582450832,1965,1957,18,0,1939,1907,49615,26,0,0,26,50
2020-10-31,US,Nebraska,Burt,151,1,0,41.85056773,-96.32605633,31021.0,2337.823192444651,0.6622516556291391,150,144,1,0,143,138,6488,7,0,0,7,6
2020-10-31,US,Nebraska,Butler,300,2,0,41.22703692,-97.13106306,31023.0,3742.51497005988,0.6666666666666666,298,295,2,0,293,286,8058,5,0,0,5,9
2020-10-31,US,Nebraska,Cass,593,4,0,40.90899107,-96.13971217,31025.0,2259.2197500761968,0.6745362563237775,589,577,4,0,573,560,26159,16,0,0,16,17
2020-10-31,US,Nebraska,Cedar,159,0,0,42.598885100000004,-97.25311951,31027.0,1892.406569864318,0.0,159,155,0,0,155,151,8446,4,0,0,4,4
2020-10-31,US,Nebraska,Chase,160,0,0,40.523719799999995,-101.69780259999999,31029.0,4077.471967380224,0.0,160,157,0,0,157,155,3977,3,0,0,3,2
2020-10-31,US,Nebraska,Cherry,81,4,0,42.54502621,-101.1244332,31031.0,1423.8003164000704,4.938271604938271,77,77,4,0,73,76,5761,4,0,0,4,1
2020-10-31,US,Nebraska,Cheyenne,129,0,0,41.21999357,-102.9941693,31033.0,1447.8114478114478,0.0,129,116,0,0,116,114,9310,13,0,0,13,2
2020-10-31,US,Nebraska,Clay,194,1,0,40.52439441,-98.05126296,31035.0,3127.518942447203,0.5154639175257731,193,189,1,0,188,180,6214,5,0,0,5,9
2020-10-31,US,Nebraska,Colfax,964,7,0,41.57486951,-97.0868542,31037.0,9001.77420860958,0.7261410788381742,957,950,7,0,943,944,10881,14,0,0,14,6
2020-10-31,US,Nebraska,Cuming,321,3,0,41.91637624,-96.78730772,31039.0,3628.7587610219307,0.9345794392523364,318,319,3,0,316,306,8940,2,0,0,2,13
2020-10-31,US,Nebraska,Custer,249,5,0,41.39374521,-99.72805369,31041.0,2310.47601373295,2.0080321285140563,244,243,5,0,238,232,10840,6,0,0,6,11
2020-10-31,US,Nebraska,Dakota,2592,49,0,42.39040144,-96.56656425,31043.0,12943.173873963848,1.890432098765432,2543,2573,49,0,2524,2561,20083,19,0,0,19,12
2020-10-31,US,Nebraska,Dawes,265,4,0,42.71985036,-103.1313774,31045.0,3085.341716148562,1.509433962264151,261,257,4,0,253,248,8716,8,0,0,8,9
2020-10-31,US,Nebraska,Dawson,1349,15,0,40.87028216,-99.82014609999999,31047.0,5717.312990040263,1.111934766493699,1334,1328,15,0,1313,1307,23709,21,0,0,21,21
2020-10-31,US,Nebraska,Deuel,15,0,0,41.11168186,-102.33333309999999,31049.0,836.1204013377928,0.0,15,13,0,0,13,10,1825,2,0,0,2,3
2020-10-31,US,Nebraska,Dixon,169,2,0,42.49188363,-96.86782408,31051.0,2998.5805535841027,1.183431952662722,167,168,2,0,166,169,5709,1,0,0,1,-1
2020-10-31,US,Nebraska,Dodge,1756,20,0,41.58071748,-96.65598179,31053.0,4802.406673047996,1.1389521640091116,1736,1723,20,0,1703,1664,36791,33,0,0,33,59
2020-10-31,US,Nebraska,Douglas,23376,232,0,41.29518299,-96.15085305,31055.0,4091.52726897206,0.9924709103353868,23144,23112,232,0,22880,22806,566880,264,0,0,264,306
2020-10-31,US,Nebraska,Dundy,29,1,0,40.17638677,-101.6876522,31057.0,1712.9356172474895,3.4482758620689653,28,29,1,0,28,28,1770,0,0,0,0,1
2020-10-31,US,Nebraska,Fillmore,127,2,0,40.52458567,-97.59646937,31059.0,2325.155620651776,1.5748031496062993,125,120,2,0,118,111,5527,7,0,0,7,9
2020-10-31,US,Nebraska,Franklin,94,0,0,40.17636348,-98.95299073,31061.0,3155.4212823095,0.0,94,94,0,0,94,92,3023,0,0,0,0,2
2020-10-31,US,Nebraska,Frontier,43,0,0,40.52993007,-100.3924658,31063.0,1636.8481157213553,0.0,43,44,0,0,44,40,2608,-1,0,0,-1,4
2020-10-31,US,Nebraska,Furnas,107,3,0,40.17642064,-99.91247454,31065.0,2288.2805816937553,2.803738317757009,104,106,3,0,103,101,4715,1,0,0,1,5
2020-10-31,US,Nebraska,Gage,594,5,0,40.26186809,-96.68946704,31067.0,2761.121182540789,0.8417508417508418,589,578,5,0,573,563,21493,16,0,0,16,15
2020-10-31,US,Nebraska,Garden,48,0,0,41.61703149,-102.3313973,31069.0,2612.9559063690804,0.0,48,44,0,0,44,24,1897,4,0,0,4,20
2020-10-31,US,Nebraska,Garfield,35,0,0,41.91428955,-98.99111827,31071.0,1777.5520568816657,0.0,35,35,0,0,35,33,1987,0,0,0,0,2
2020-10-31,US,Nebraska,Gosper,62,0,0,40.51481965,-99.83020279,31073.0,3115.5778894472355,0.0,62,61,0,0,61,60,1996,1,0,0,1,1
2020-10-31,US,Nebraska,Grant,5,0,0,41.91528587,-101.740701,31075.0,802.5682182985554,0.0,5,5,0,0,5,4,660,0,0,0,0,1
2020-10-31,US,Nebraska,Greeley,48,0,0,41.56742671,-98.52150266,31077.0,2037.351443123939,0.0,48,48,0,0,48,48,2356,0,0,0,0,0
2020-10-31,US,Nebraska,Hall,2758,50,0,40.87257079,-98.50218293,31079.0,4495.297703453784,1.8129079042784624,2708,2741,50,0,2691,2697,61607,17,0,0,17,44
2020-10-31,US,Nebraska,Hamilton,248,12,0,40.87349452,-98.02099117,31081.0,2659.8026598026604,4.838709677419356,236,243,12,0,231,242,9280,5,0,0,5,1
2020-10-31,US,Nebraska,Harlan,65,0,0,40.17658508,-99.40438879,31083.0,1923.0769230769226,0.0,65,63,0,0,63,60,3401,2,0,0,2,3
2020-10-31,US,Nebraska,Hayes,25,0,0,40.52451972,-101.0603568,31085.0,2711.4967462039044,0.0,25,23,0,0,23,23,916,2,0,0,2,0
2020-10-31,US,Nebraska,Hitchcock,52,0,0,40.17609175,-101.04164770000001,31087.0,1882.693700217234,0.0,52,52,0,0,52,47,2806,0,0,0,0,5
2020-10-31,US,Nebraska,Holt,328,5,0,42.45522056,-98.78402558,31089.0,3258.170259262938,1.5243902439024388,323,309,4,0,305,303,10178,19,1,0,18,6
2020-10-31,US,Nebraska,Hooker,25,1,0,41.91586243,-101.1354293,31091.0,3665.689149560117,4.0,24,22,1,0,21,22,682,3,0,0,3,0
2020-10-31,US,Nebraska,Howard,168,5,0,41.2200529,-98.5166499,31093.0,2606.671838634601,2.9761904761904763,163,164,5,0,159,155,6468,4,0,0,4,9
2020-10-31,US,Nebraska,Jefferson,102,0,0,40.17584531,-97.142601,31095.0,1447.6298609139938,0.0,102,102,0,0,102,93,7097,0,0,0,0,9
2020-10-31,US,Nebraska,Johnson,114,0,0,40.39257596,-96.26522753,31097.0,2248.077302307237,0.0,114,113,0,0,113,112,5134,1,0,0,1,1
2020-10-31,US,Nebraska,Kearney,258,0,0,40.50663314,-98.94877182,31099.0,3972.286374133949,0.0,258,256,0,0,256,255,6544,2,0,0,2,1
2020-10-31,US,Nebraska,Keith,119,0,0,41.19930341,-101.66201640000001,31101.0,1481.2048792631315,0.0,119,117,0,0,117,113,8021,2,0,0,2,4
2020-10-31,US,Nebraska,Keya Paha,9,0,0,42.87990694,-99.71343729,31103.0,1116.6253101736972,0.0,9,9,0,0,9,9,810,0,0,0,0,0
2020-10-31,US,Nebraska,Kimball,65,0,0,41.19774275,-103.7148131,31105.0,1789.647577092511,0.0,65,64,0,0,64,59,3618,1,0,0,1,5
2020-10-31,US,Nebraska,Knox,284,1,0,42.63758421,-97.89178836,31107.0,3408.545367258761,0.35211267605633795,283,279,1,0,278,275,8419,5,0,0,5,4
2020-10-31,US,Nebraska,Lancaster,9514,45,0,40.78416049,-96.68777155,31109.0,2981.6039361935505,0.4729871767920958,9469,9350,45,0,9305,9181,317272,164,0,0,164,169
2020-10-31,US,Nebraska,Lincoln,999,8,0,41.04658298,-100.74753740000001,31111.0,2861.3163773844303,0.8008008008008008,991,969,8,0,961,938,35185,30,0,0,30,31
2020-10-31,US,Nebraska,Logan,11,0,0,41.56650314,-100.4817851,31113.0,1470.588235294117,0.0,11,10,0,0,10,10,749,1,0,0,1,0
2020-10-31,US,Nebraska,Loup,8,0,0,41.91371961,-99.45440415,31115.0,1204.8192771084334,0.0,8,8,0,0,8,8,618,0,0,0,0,0
2020-10-31,US,Nebraska,Madison,1517,10,0,41.91676024,-97.6005481,31119.0,4322.060457562893,0.6591957811470006,1507,1488,10,0,1478,1399,35392,29,0,0,29,89
2020-10-31,US,Nebraska,McPherson,10,0,0,41.56797682,-101.05993620000001,31117.0,2024.2914979757086,0.0,10,10,0,0,10,10,492,0,0,0,0,0
2020-10-31,US,Nebraska,Merrick,161,1,0,41.16624273,-98.0374887,31121.0,2076.079948420374,0.6211180124223602,160,152,1,0,151,148,7733,9,0,0,9,4
2020-10-31,US,Nebraska,Morrill,132,0,0,41.71711774,-103.0061405,31123.0,2843.6018957345973,0.0,132,131,0,0,131,123,4686,1,0,0,1,8
2020-10-31,US,Nebraska,Nance,113,0,0,41.39750195,-97.99327291,31125.0,3211.139528275078,0.0,113,107,0,0,107,104,3532,6,0,0,6,3
2020-10-31,US,Nebraska,Nemaha,173,0,0,40.38514847,-95.85433992,31127.0,2481.353987378084,0.0,173,171,0,0,171,168,6958,2,0,0,2,3
2020-10-31,US,Nebraska,Nuckolls,109,0,0,40.17637905,-98.04743961,31129.0,2627.772420443587,0.0,109,106,0,0,106,105,4195,3,0,0,3,1
2020-10-31,US,Nebraska,Otoe,334,1,0,40.64843556,-96.13374142,31131.0,2085.9355483387467,0.2994011976047904,333,327,1,0,326,316,15985,7,0,0,7,11
2020-10-31,US,Nebraska,Pawnee,32,0,0,40.13141096,-96.23705437,31133.0,1224.6460007654034,0.0,32,32,0,0,32,31,2632,0,0,0,0,1
2020-10-31,US,Nebraska,Perkins,51,10,0,40.85082525,-101.6502942,31135.0,1764.095468695953,19.607843137254907,41,47,10,0,37,46,2929,4,0,0,4,1
2020-10-31,US,Nebraska,Phelps,324,2,0,40.51156033,-99.41461667,31137.0,3586.451184414434,0.6172839506172839,322,323,2,0,321,309,8996,1,0,0,1,14
2020-10-31,US,Nebraska,Pierce,226,9,0,42.26434853,-97.60122773,31139.0,3161.7235590374935,3.9823008849557517,217,224,8,0,216,221,7142,2,1,0,1,3
2020-10-31,US,Nebraska,Platte,1745,7,0,41.57246836,-97.52144359,31141.0,5213.624141021811,0.4011461318051576,1738,1708,7,0,1701,1677,33363,37,0,0,37,31
2020-10-31,US,Nebraska,Polk,204,4,0,41.18813488,-97.56630712,31143.0,3913.2936888547856,1.96078431372549,200,202,4,0,198,201,5278,2,0,0,2,1
2020-10-31,US,Nebraska,Red Willow,283,0,0,40.17556879999999,-100.476998,31145.0,2638.940693770981,0.0,283,271,0,0,271,248,10726,12,0,0,12,23
2020-10-31,US,Nebraska,Richardson,127,2,0,40.1247415,-95.71755036,31147.0,1614.7488874761602,1.5748031496062993,125,125,2,0,123,104,7937,2,0,0,2,21
2020-10-31,US,Nebraska,Rock,59,1,0,42.42252217,-99.44832069,31149.0,4347.826086956522,1.6949152542372878,58,59,1,0,58,59,1360,0,0,0,0,0
2020-10-31,US,Nebraska,Saline,977,2,0,40.52418865,-97.14085859,31151.0,6868.672665916762,0.2047082906857728,975,971,2,0,969,961,14350,6,0,0,6,10
2020-10-31,US,Nebraska,Sarpy,6195,39,0,41.11314181,-96.11156432,31153.0,3309.365584734717,0.6295399515738499,6156,6105,38,0,6067,5981,184459,90,1,0,89,124
2020-10-31,US,Nebraska,Saunders,723,4,0,41.227810299999994,-96.63773905,31155.0,3350.634905922699,0.5532503457814661,719,710,4,0,706,696,21303,13,0,0,13,14
2020-10-31,US,Nebraska,Scotts Bluff,997,9,0,41.85070896,-103.70809859999999,31157.0,2799.1464989611995,0.9027081243731192,988,959,9,0,950,890,35989,38,0,0,38,69
2020-10-31,US,Nebraska,Seward,433,3,0,40.87241834,-97.139673,31159.0,2505.207127979634,0.6928406466512702,430,402,3,0,399,386,17318,31,0,0,31,16
2020-10-31,US,Nebraska,Sheridan,147,0,0,42.50284406,-102.4126613,31161.0,2802.134959969501,0.0,147,147,0,0,147,134,5190,0,0,0,0,13
2020-10-31,US,Nebraska,Sherman,59,3,0,41.22045983,-98.97588642,31163.0,1966.0113295568146,5.084745762711863,56,58,3,0,55,50,3038,1,0,0,1,8
2020-10-31,US,Nebraska,Sioux,12,0,0,42.48932059,-103.7576544,31165.0,1029.1595197255574,0.0,12,12,0,0,12,12,1187,0,0,0,0,0
2020-10-31,US,Nebraska,Stanton,85,0,0,41.9169835,-97.19394708,31167.0,1435.8108108108108,0.0,85,84,0,0,84,80,5970,1,0,0,1,4
2020-10-31,US,Nebraska,Thayer,71,0,0,40.17626377,-97.59504381,31169.0,1419.1485108934644,0.0,71,71,0,0,71,66,5039,0,0,0,0,5
2020-10-31,US,Nebraska,Thomas,14,0,0,41.91358968,-100.5556632,31171.0,1939.0581717451525,0.0,14,14,0,0,14,12,720,0,0,0,0,2
2020-10-31,US,Nebraska,Thurston,351,4,0,42.15725356,-96.54157099,31173.0,4858.803986710964,1.1396011396011396,347,349,4,0,345,345,7303,2,0,0,2,4
2020-10-31,US,Nebraska,Unassigned,528,8,0,0.0,0.0,90031.0,0.0,1.5151515151515151,520,535,5,0,530,495,,-7,3,0,-10,40
2020-10-31,US,Nebraska,Valley,94,1,0,41.56730777,-98.98197724,31175.0,2260.702260702261,1.0638297872340423,93,94,1,0,93,94,4190,0,0,0,0,0
2020-10-31,US,Nebraska,Washington,542,7,0,41.52815707,-96.22019892,31177.0,2614.6943895026293,1.2915129151291511,535,532,7,0,525,509,20667,10,0,0,10,23
2020-10-31,US,Nebraska,Wayne,373,1,0,42.20934475,-97.11926964,31179.0,3974.427277570591,0.2680965147453083,372,369,1,0,368,359,9403,4,0,0,4,10
2020-10-31,US,Nebraska,Webster,123,0,0,40.17642643,-98.50019851,31181.0,3527.3874390593633,0.0,123,123,0,0,123,118,3533,0,0,0,0,5
2020-10-31,US,Nebraska,Wheeler,3,0,0,41.91482725,-98.52798941,31183.0,383.1417624521073,0.0,3,3,0,0,3,3,805,0,0,0,0,0
2020-10-31,US,Nebraska,York,551,2,0,40.87272618,-97.59710186,31185.0,4028.0722275020094,0.3629764065335753,549,534,2,0,532,522,13772,17,0,0,17,12
2020-10-31,US,Nevada,Carson City,788,8,0,39.15509045,-119.7480219,32510.0,1409.2567422562415,1.0152284263959392,780,788,8,0,780,768,55414,0,0,0,0,20
2020-10-31,US,Nevada,Churchill,245,4,0,39.58105744,-118.3394607,32001.0,983.5802320446423,1.6326530612244898,241,228,4,0,224,223,24440,17,0,0,17,5
2020-10-31,US,Nevada,Clark,82362,1515,0,36.21458855,-115.0130241,32003.0,3633.5401671582,1.8394405186858016,80847,81684,1515,0,80169,80794,2231647,678,0,0,678,890
2020-10-31,US,Nevada,Douglas,420,1,0,38.912862,-119.61713329999999,32005.0,858.8078928534915,0.2380952380952381,419,420,1,0,419,417,48467,0,0,0,0,3
2020-10-31,US,Nevada,Elko,1497,14,0,41.14531606,-115.3577619,32007.0,2836.4091098563795,0.9352037408149632,1483,1464,14,0,1450,1436,52460,33,0,0,33,28
2020-10-31,US,Nevada,Eureka,13,0,0,39.98100864,-116.26832040000001,32011.0,640.7097092163627,0.0,13,11,0,0,11,11,2003,2,0,0,2,0
2020-10-31,US,Nevada,Humboldt,178,4,0,41.40692186,-118.11094270000001,32013.0,1057.5723367595508,2.247191011235955,174,178,4,0,174,176,16786,0,0,0,0,2
2020-10-31,US,Nevada,Lander,110,0,0,39.933223299999995,-117.03970749999999,32015.0,1988.430947216197,0.0,110,110,0,0,110,110,5575,0,0,0,0,0
2020-10-31,US,Nevada,Lincoln,49,0,0,37.64268459,-114.8790388,32017.0,945.3984179046885,0.0,49,49,0,0,49,49,5201,0,0,0,0,0
2020-10-31,US,Nevada,Lyon,622,13,0,39.01777974,-119.18704790000001,32019.0,1081.551034602678,2.090032154340836,609,622,13,0,609,613,55808,0,0,0,0,9
2020-10-31,US,Nevada,Mineral,18,0,0,38.53841696,-118.4344506,32021.0,399.5560488346282,0.0,18,18,0,0,18,18,4514,0,0,0,0,0
2020-10-31,US,Nevada,Nye,713,16,0,38.04264256,-116.47227020000001,32023.0,1532.5752853427334,2.244039270687237,697,707,16,0,691,682,45346,6,0,0,6,25
2020-10-31,US,Nevada,Pershing,24,0,0,40.44003782,-118.40056409999998,32027.0,356.8773234200744,0.0,24,24,0,0,24,24,6666,0,0,0,0,0
2020-10-31,US,Nevada,Storey,22,0,0,39.44875482,-119.5250207,32029.0,0.0,0.0,22,22,0,0,22,22,4029,0,0,0,0,0
2020-10-31,US,Nevada,Washoe,13578,197,0,40.66562265,-119.6631594,32031.0,2879.629452895854,1.4508764177345703,13381,13338,197,0,13141,13090,465735,240,0,0,240,248
2020-10-31,US,Nevada,White Pine,122,1,0,39.44157041,-114.89996599999999,32033.0,1273.4864300626305,0.819672131147541,121,121,1,0,120,119,9475,1,0,0,1,2
2020-10-31,US,New Hampshire,Belknap,247,5,0,43.51637314,-71.41684235,33001.0,402.9166598698269,2.0242914979757085,242,238,5,0,233,234,61022,9,0,0,9,4
2020-10-31,US,New Hampshire,Carroll,158,2,0,43.87498583,-71.20430216,33003.0,323.0423226334084,1.2658227848101269,156,156,2,0,154,152,48779,2,0,0,2,4
2020-10-31,US,New Hampshire,Cheshire,206,3,0,42.92015988,-72.25311043,33005.0,270.74981928106723,1.4563106796116505,203,200,3,0,197,195,76493,6,0,0,6,5
2020-10-31,US,New Hampshire,Coos,85,0,0,44.69063265,-71.30633239,33007.0,269.30266451224537,0.0,85,71,0,0,71,64,31589,14,0,0,14,7
2020-10-31,US,New Hampshire,Grafton,245,1,0,43.93779815,-71.82057197,33009.0,272.567474356407,0.4081632653061225,244,236,1,0,235,230,89786,9,0,0,9,6
2020-10-31,US,New Hampshire,Hillsborough,5593,323,0,42.91537785,-71.7200253,33011.0,1341.166596726815,5.775075987841946,5270,5533,322,0,5211,5505,415247,60,1,0,59,28
2020-10-31,US,New Hampshire,Merrimack,939,29,0,43.29662971,-71.6811573,33013.0,620.2482314008098,3.0883919062832796,910,926,29,0,897,916,151132,13,0,0,13,10
2020-10-31,US,New Hampshire,Rockingham,2726,105,0,42.98499744,-71.12883377,33015.0,880.0105885353279,3.851797505502568,2621,2678,105,0,2573,2638,309176,48,0,0,48,40
2020-10-31,US,New Hampshire,Strafford,768,14,0,43.291833000000004,-71.02336013,33017.0,587.9065779703444,1.8229166666666667,754,740,14,0,726,732,130090,28,0,0,28,8
2020-10-31,US,New Hampshire,Sullivan,91,1,0,43.36094111,-72.22203125,33019.0,210.9117878830019,1.0989010989010992,90,86,1,0,85,84,43144,5,0,0,5,2
2020-10-31,US,New Hampshire,Unassigned,26,0,0,0.0,0.0,90033.0,0.0,0.0,26,20,0,0,20,18,,6,0,0,6,2
2020-10-31,US,New Jersey,Atlantic,5258,267,0,39.47538693,-74.65848483,34001.0,1994.1593658740087,5.077976416888551,4991,5208,267,0,4941,5162,265429,50,0,0,50,46
2020-10-31,US,New Jersey,Bergen,25366,2063,0,40.96010917,-74.07164325,34003.0,2721.084056888957,8.132933848458569,23303,25235,2062,0,23173,25027,936692,131,1,0,130,208
2020-10-31,US,New Jersey,Burlington,8623,516,0,39.87681124,-74.66927768,34005.0,1936.2342791832925,5.9839962889945495,8107,8587,514,0,8073,8486,445384,36,2,0,34,101
2020-10-31,US,New Jersey,Camden,11799,635,0,39.80343818,-74.96388753,34007.0,2329.649673920125,5.381812017967625,11164,11729,635,0,11094,11617,507078,70,0,0,70,112
2020-10-31,US,New Jersey,Cape May,1135,100,0,39.15008829,-74.80170244,34009.0,1233.1728940992405,8.810572687224669,1035,1129,100,0,1029,1123,92560,6,0,0,6,6
2020-10-31,US,New Jersey,Cumberland,4046,162,0,39.37199394,-75.10712559,34011.0,2705.865830251393,4.003954522985665,3884,4034,162,0,3872,4016,150972,12,0,0,12,18
2020-10-31,US,New Jersey,Essex,25117,2144,0,40.78681335,-74.24657979,34013.0,3143.652805156607,8.536051280009557,22973,24970,2144,0,22826,24709,799767,147,0,0,147,261
2020-10-31,US,New Jersey,Gloucester,5591,249,0,39.71581067,-75.13995546,34015.0,1917.1158567529385,4.453586120550884,5342,5550,248,0,5302,5559,291408,41,1,0,40,-9
2020-10-31,US,New Jersey,Hudson,23486,1530,0,40.73766234,-74.07515667,34017.0,3492.9081442196584,6.514519288086519,21956,23357,1530,0,21827,23132,676061,129,0,0,129,225
2020-10-31,US,New Jersey,Hunterdon,1615,127,0,40.56335249,-74.91284156,34019.0,1298.5342242162562,7.863777089783282,1488,1603,127,0,1476,1586,124714,12,0,0,12,17
2020-10-31,US,New Jersey,Mercer,9379,639,0,40.28047017,-74.70479631,34021.0,2552.595052118771,6.813093080285745,8740,9340,639,0,8701,9297,369811,39,0,0,39,43
2020-10-31,US,New Jersey,Middlesex,22553,1449,0,40.43629879,-74.41426991,34023.0,2733.491543665809,6.424865871502683,21104,22444,1447,0,20997,22274,829685,109,2,0,107,170
2020-10-31,US,New Jersey,Monmouth,14309,873,0,40.26549699,-74.22240686,34025.0,2312.397482203315,6.101055279893773,13436,14242,873,0,13369,14111,621354,67,0,0,67,131
2020-10-31,US,New Jersey,Morris,9293,839,0,40.86095313,-74.54553709999998,34027.0,1889.4163811769968,9.028300871623802,8454,9243,838,0,8405,9145,494228,50,1,0,49,98
2020-10-31,US,New Jersey,Ocean,16938,1069,0,39.8895449,-74.28089251,34029.0,2789.590010309856,6.3112528043452585,15869,16804,1067,0,15737,16715,601651,134,2,0,132,89
2020-10-31,US,New Jersey,Passaic,21155,1262,0,41.03238628,-74.29954144,34031.0,4215.604611957133,5.965492791302293,19893,21060,1261,0,19799,20898,503310,95,1,0,94,162
2020-10-31,US,New Jersey,Salem,1185,89,0,39.58719656,-75.34696629999998,34033.0,1899.4950709305122,7.510548523206752,1096,1180,89,0,1091,1171,62607,5,0,0,5,9
2020-10-31,US,New Jersey,Somerset,6549,595,0,40.56465737,-74.61683016,34035.0,1990.976913301757,9.085356542983662,5954,6527,595,0,5932,6485,331164,22,0,0,22,42
2020-10-31,US,New Jersey,Sussex,1754,197,0,41.13891592,-74.69118243,34037.0,1248.50521040943,11.231470923603194,1557,1739,197,0,1542,1720,140799,15,0,0,15,19
2020-10-31,US,New Jersey,Unassigned,563,0,0,0.0,0.0,90034.0,0.0,0.0,563,522,0,0,522,524,,41,0,0,41,-2
2020-10-31,US,New Jersey,Union,20552,1374,0,40.65835409,-74.30680092,34039.0,3694.137228785943,6.685480731802257,19178,20413,1373,0,19040,20195,558067,139,1,0,138,218
2020-10-31,US,New Jersey,Warren,1620,171,0,40.85951833,-74.99556527,34041.0,1538.9438285502579,10.555555555555557,1449,1607,171,0,1436,1595,105779,13,0,0,13,12
2020-10-31,US,New Mexico,Bernalillo,11636,209,0,35.05163625,-106.6703554,35001.0,1713.3912807879597,1.79614987968374,11427,11451,205,0,11246,11116,678701,185,4,0,181,335
2020-10-31,US,New Mexico,Catron,10,1,0,33.91514144,-108.4046587,35003.0,283.5270768358378,10.0,9,10,1,0,9,10,3578,0,0,0,0,0
2020-10-31,US,New Mexico,Chaves,2134,19,0,33.36406072,-104.4665365,35005.0,3302.6387061827754,0.8903467666354264,2115,2095,19,0,2076,2066,64689,39,0,0,39,29
2020-10-31,US,New Mexico,Cibola,649,23,0,34.91131525,-107.998876,35006.0,2432.989690721649,3.5439137134052388,626,635,23,0,612,607,26746,14,0,0,14,28
2020-10-31,US,New Mexico,Colfax,46,1,0,36.60569702,-104.64726740000002,35007.0,385.22736789213633,2.1739130434782608,45,46,1,0,45,45,12110,0,0,0,0,1
2020-10-31,US,New Mexico,Curry,1633,12,0,34.57421077,-103.34688759999999,35009.0,3335.784614127548,0.7348438456827924,1621,1615,12,0,1603,1596,49437,18,0,0,18,19
2020-10-31,US,New Mexico,De Baca,2,0,0,34.34274529,-104.4117842,35011.0,114.41647597254006,0.0,2,2,0,0,2,2,1781,0,0,0,0,0
2020-10-31,US,New Mexico,Dona Ana,6699,80,0,32.35275771,-106.83293870000001,35013.0,3070.189509383808,1.194208090759815,6619,6574,74,0,6500,6325,217522,125,6,0,119,249
2020-10-31,US,New Mexico,Eddy,1531,24,0,32.47167456,-104.3053527,35015.0,2618.8847074923024,1.5676028739386023,1507,1522,24,0,1498,1505,57900,9,0,0,9,17
2020-10-31,US,New Mexico,Grant,197,4,0,32.73911281,-108.3827845,35017.0,729.6836802726127,2.0304568527918785,193,194,4,0,190,191,27346,3,0,0,3,3
2020-10-31,US,New Mexico,Guadalupe,46,1,0,34.86319296,-104.790669,35019.0,1069.7674418604652,2.1739130434782608,45,46,1,0,45,43,4341,0,0,0,0,3
2020-10-31,US,New Mexico,Harding,1,0,0,35.85751555,-103.82209379999999,35021.0,160.0,0.0,1,1,0,0,1,1,655,0,0,0,0,0
2020-10-31,US,New Mexico,Hidalgo,124,2,0,31.91383467,-108.7151824,35023.0,2953.7875178656504,1.6129032258064515,122,122,2,0,120,122,4240,2,0,0,2,0
2020-10-31,US,New Mexico,Lea,2208,29,0,32.79215361,-103.4123733,35025.0,3106.7961165048546,1.3134057971014492,2179,2202,29,0,2173,2177,69611,6,0,0,6,25
2020-10-31,US,New Mexico,Lincoln,393,6,0,33.74526079,-105.4586166,35027.0,2007.970570202329,1.5267175572519085,387,387,6,0,381,384,19556,6,0,0,6,3
2020-10-31,US,New Mexico,Los Alamos,49,0,0,35.86631386,-106.31349850000001,35028.0,252.9815684857246,0.0,49,48,0,0,48,48,19101,1,0,0,1,0
2020-10-31,US,New Mexico,Luna,1140,12,0,32.18179341,-107.75088259999998,35029.0,4808.300645324561,1.0526315789473684,1128,1123,12,0,1111,1082,23963,17,0,0,17,41
2020-10-31,US,New Mexico,McKinley,4729,261,0,35.58007720000001,-108.262245,35031.0,6626.3118808412855,5.519137238316769,4468,4707,261,0,4446,4674,72290,22,0,0,22,33
2020-10-31,US,New Mexico,Mora,15,0,0,36.01095101,-104.9497716,35033.0,331.78500331785006,0.0,15,15,0,0,15,15,4506,0,0,0,0,0
2020-10-31,US,New Mexico,Otero,553,14,0,32.61348406,-105.7417604,35035.0,819.3806489850348,2.5316455696202533,539,547,13,0,534,527,66781,6,1,0,5,20
2020-10-31,US,New Mexico,Quay,106,2,0,35.10403332,-103.54817270000001,35037.0,1284.3814370531927,1.8867924528301887,104,106,2,0,104,104,8253,0,0,0,0,2
2020-10-31,US,New Mexico,Rio Arriba,530,15,0,36.51072137,-106.69316740000001,35039.0,1361.7327406798386,2.830188679245283,515,520,15,0,505,513,39006,10,0,0,10,7
2020-10-31,US,New Mexico,Roosevelt,481,9,0,34.02097406,-103.4799493,35041.0,2600.0,1.8711018711018712,472,478,9,0,469,469,18743,3,0,0,3,9
2020-10-31,US,New Mexico,San Juan,3850,204,0,36.50838318,-108.32043700000001,35045.0,3105.890704916181,5.298701298701299,3646,3833,204,0,3629,3805,125043,17,0,0,17,28
2020-10-31,US,New Mexico,San Miguel,187,0,0,35.48014807,-104.8163562,35047.0,685.5592623822267,0.0,187,186,0,0,186,182,27591,1,0,0,1,4
2020-10-31,US,New Mexico,Sandoval,2106,49,0,35.68862401,-106.86878030000001,35043.0,1435.113255376564,2.3266856600189936,2057,2076,49,0,2027,2040,145179,30,0,0,30,36
2020-10-31,US,New Mexico,Santa Fe,1866,14,0,35.50708973,-105.9774716,35049.0,1241.0380558400618,0.7502679528403001,1852,1835,14,0,1821,1791,150056,31,0,0,31,44
2020-10-31,US,New Mexico,Sierra,127,1,0,33.13028233,-107.1925893,35051.0,1176.9066814938374,0.7874015748031497,126,119,1,0,118,116,10968,8,0,0,8,3
2020-10-31,US,New Mexico,Socorro,262,13,0,34.00715494,-106.9298354,35053.0,1574.803149606299,4.961832061068702,249,258,13,0,245,248,16735,4,0,0,4,10
2020-10-31,US,New Mexico,Taos,261,5,0,36.58006022,-105.63101979999999,35055.0,797.6041316505209,1.9157088122605364,256,255,5,0,250,245,32835,6,0,0,6,10
2020-10-31,US,New Mexico,Torrance,104,1,0,34.64048375,-105.8508949,35057.0,672.6602418989718,0.9615384615384616,103,104,1,0,103,100,15591,0,0,0,0,4
2020-10-31,US,New Mexico,Unassigned,1718,0,0,0.0,0.0,90035.0,0.0,0.0,1718,1713,0,0,1713,1712,,5,0,0,5,1
2020-10-31,US,New Mexico,Union,41,2,0,36.48126404,-103.4709624,35059.0,1010.1010101010099,4.878048780487805,39,41,2,0,39,41,4118,0,0,0,0,0
2020-10-31,US,New Mexico,Valencia,1056,5,0,34.71669834,-106.8103733,35061.0,1377.0081368662634,0.4734848484848485,1051,1043,5,0,1038,1002,76456,13,0,0,13,41
2020-10-31,US,New York,Albany,3725,140,0,42.60060306,-73.97723916,36001.0,1219.2886555419534,3.7583892617449663,3585,3705,140,0,3565,3660,307117,20,0,0,20,45
2020-10-31,US,New York,Allegany,342,8,0,42.25748406,-78.02750466,36003.0,742.0103707882232,2.3391812865497075,334,336,8,0,328,314,46430,6,0,0,6,22
2020-10-31,US,New York,Bronx,55767,4995,0,40.85209301,-73.86282755,36005.0,3932.218639451081,8.956910000537952,50772,55661,4992,0,50669,55527,1432132,106,3,0,103,134
2020-10-31,US,New York,Broome,3710,98,0,42.15903158,-75.81326086,36007.0,1947.6292469866873,2.641509433962264,3612,3662,98,0,3564,3620,191659,48,0,0,48,42
2020-10-31,US,New York,Cattaraugus,536,18,0,42.24778241,-78.67923096,36009.0,704.1790927125346,3.3582089552238807,518,527,18,0,509,517,76840,9,0,0,9,10
2020-10-31,US,New York,Cayuga,438,2,0,42.91261714,-76.55731592,36011.0,571.9807772670289,0.45662100456620996,436,429,2,0,427,405,77145,9,0,0,9,24
2020-10-31,US,New York,Chautauqua,994,14,0,42.22769210000001,-79.36691763,36013.0,783.2754150808098,1.4084507042253518,980,976,14,0,962,955,127939,18,0,0,18,21
2020-10-31,US,New York,Chemung,1826,3,0,42.13891056,-76.7638805,36015.0,2187.979294478528,0.16429353778751368,1823,1797,3,0,1794,1777,84254,29,0,0,29,20
2020-10-31,US,New York,Chenango,419,7,0,42.49430041,-75.60887553,36017.0,887.580231745292,1.6706443914081146,412,413,7,0,406,408,47536,6,0,0,6,5
2020-10-31,US,New York,Clinton,263,5,0,44.74530905,-73.67875352,36019.0,326.76896316083736,1.9011406844106464,258,255,5,0,250,248,80695,8,0,0,8,7
2020-10-31,US,New York,Columbia,729,38,0,42.24819348,-73.63089095,36021.0,1226.0136896453137,5.212620027434842,691,723,38,0,685,721,59916,6,0,0,6,2
2020-10-31,US,New York,Cortland,584,0,0,42.59509207,-76.07048931,36023.0,1227.3806771610514,0.0,584,567,0,0,567,553,47823,17,0,0,17,14
2020-10-31,US,New York,Delaware,187,7,0,42.19837623,-74.96709306,36025.0,423.7000113288773,3.7433155080213902,180,181,7,0,174,178,44527,6,0,0,6,3
2020-10-31,US,New York,Dutchess,5547,165,0,41.76486060000001,-73.74356679,36027.0,1885.3367231100754,2.9745808545159544,5382,5525,165,0,5360,5508,293718,22,0,0,22,17
2020-10-31,US,New York,Erie,13414,717,0,42.76249024,-78.73063652,36029.0,1460.1034938423993,5.345161771283733,12697,13262,717,0,12545,13161,919719,152,0,0,152,101
2020-10-31,US,New York,Essex,203,0,0,44.11630765,-73.77297842,36031.0,550.359224617053,0.0,203,199,0,0,199,199,37300,4,0,0,4,0
2020-10-31,US,New York,Franklin,86,0,0,44.59040891,-74.29926032,36033.0,171.92435328455483,0.0,86,82,0,0,82,80,50293,4,0,0,4,2
2020-10-31,US,New York,Fulton,365,24,0,43.11363907,-74.41798804,36035.0,683.7382687372384,6.575342465753424,341,365,24,0,341,363,53591,0,0,0,0,2
2020-10-31,US,New York,Genesee,407,5,0,43.0022601,-78.19135193,36037.0,710.5446927374303,1.2285012285012284,402,406,5,0,401,396,57511,1,0,0,1,10
2020-10-31,US,New York,Greene,515,18,0,42.275797,-74.12384884,36039.0,1091.379164194287,3.4951456310679614,497,510,18,0,492,507,47491,5,0,0,5,3
2020-10-31,US,New York,Hamilton,18,0,0,43.66146647,-74.49721957,36041.0,407.60869565217394,0.0,18,18,0,0,18,17,4434,0,0,0,0,1
2020-10-31,US,New York,Herkimer,396,10,0,43.42034246,-74.96145307,36043.0,645.8030952885729,2.525252525252525,386,394,10,0,384,394,61833,2,0,0,2,0
2020-10-31,US,New York,Jefferson,220,0,0,44.04200959,-75.94653457,36045.0,200.3022743412786,0.0,220,214,0,0,214,211,111755,6,0,0,6,3
2020-10-31,US,New York,Kings,76001,7400,0,40.636182500000004,-73.94935552,36047.0,2968.901556035521,9.736713990605386,68601,75779,7400,0,68379,75517,2582830,222,0,0,222,262
2020-10-31,US,New York,Lewis,146,0,0,43.784415700000004,-75.44903992,36049.0,555.2175235777305,0.0,146,139,0,0,139,134,26447,7,0,0,7,5
2020-10-31,US,New York,Livingston,332,8,0,42.72596275,-77.77966158,36051.0,527.7044854881267,2.409638554216868,324,327,8,0,319,313,63227,5,0,0,5,14
2020-10-31,US,New York,Madison,585,17,0,42.91653905,-75.67266639,36053.0,824.6289169873556,2.9059829059829063,568,577,17,0,560,570,70795,8,0,0,8,7
2020-10-31,US,New York,Monroe,7597,300,0,43.14638895,-77.69322942,36055.0,1024.1719131267103,3.948927208108464,7297,7493,300,0,7193,7386,742474,104,0,0,104,107
2020-10-31,US,New York,Montgomery,273,4,0,42.90123494,-74.44011632,36057.0,554.6413116352776,1.465201465201465,269,272,4,0,268,270,49455,1,0,0,1,2
2020-10-31,US,New York,Nassau,50158,2208,0,40.74066522,-73.58941873,36059.0,3696.4487325745586,4.402089397503888,47950,50007,2208,0,47799,49841,1358343,151,0,0,151,166
2020-10-31,US,New York,New York,36522,3198,0,40.76727260000001,-73.97152637,36061.0,2242.3936548401,8.756366025956957,33324,36400,3198,0,33202,36224,,122,0,0,122,176
2020-10-31,US,New York,Niagara,2124,102,0,43.19898042,-78.74777412,36063.0,1014.9034073805077,4.8022598870056505,2022,2108,102,0,2006,2088,210433,16,0,0,16,20
2020-10-31,US,New York,Oneida,2831,129,0,43.24375382,-75.43710392,36065.0,1238.0231861495336,4.556693747792298,2702,2784,129,0,2655,2769,229577,47,0,0,47,15
2020-10-31,US,New York,Onondaga,5696,212,0,43.00491923,-76.19971155,36067.0,1236.8411909807876,3.7219101123595504,5484,5603,212,0,5391,5498,461809,93,0,0,93,105
2020-10-31,US,New York,Ontario,701,35,0,42.85145728,-77.30874425,36069.0,638.5672772985232,4.992867332382311,666,697,35,0,662,679,109864,4,0,0,4,18
2020-10-31,US,New York,Orange,13833,507,0,41.40337468,-74.30240757,36071.0,3593.5470462929293,3.665148557796573,13326,13743,507,0,13236,13672,381951,90,0,0,90,71
2020-10-31,US,New York,Orleans,413,54,0,43.2516977,-78.2320066,36073.0,1023.4932593180016,13.075060532687653,359,413,54,0,359,412,40612,0,0,0,0,1
2020-10-31,US,New York,Oswego,644,4,0,43.42778894,-76.14635194,36075.0,549.8446091322019,0.6211180124223602,640,639,4,0,635,631,117898,5,0,0,5,8
2020-10-31,US,New York,Otsego,415,5,0,42.63492579,-75.03151402,36077.0,697.5610576034155,1.2048192771084338,410,410,5,0,405,404,59749,5,0,0,5,6
2020-10-31,US,New York,Putnam,1845,63,0,41.42630093,-73.74965532,36079.0,1876.5256305939788,3.414634146341464,1782,1833,63,0,1770,1825,98892,12,0,0,12,8
2020-10-31,US,New York,Queens,77412,7295,0,40.71088124,-73.81684712,36081.0,3434.644063645536,9.423603575673024,70117,77213,7294,0,69919,76980,2278906,199,1,0,198,233
2020-10-31,US,New York,Rensselaer,1116,42,0,42.71348136,-73.51089874,36083.0,703.1515808309285,3.7634408602150535,1074,1111,42,0,1069,1110,159442,5,0,0,5,1
2020-10-31,US,New York,Richmond,17535,1095,0,40.58582155,-74.14808598,36085.0,3682.7171669015397,6.244653550042773,16440,17457,1095,0,16362,17359,476179,78,0,0,78,98
2020-10-31,US,New York,Rockland,18192,684,0,41.15027894,-74.02560498,36087.0,5583.9822707335115,3.7598944591029024,17508,18110,684,0,17426,18024,325695,82,0,0,82,86
2020-10-31,US,New York,Saratoga,1405,17,0,43.10904162,-73.86653895,36091.0,611.233647868513,1.209964412811388,1388,1383,17,0,1366,1365,230163,22,0,0,22,18
2020-10-31,US,New York,Schenectady,1601,50,0,42.81668777,-74.05278291,36093.0,1030.9145583680513,3.1230480949406623,1551,1591,50,0,1541,1579,155350,10,0,0,10,12
2020-10-31,US,New York,Schoharie,114,0,0,42.58831742,-74.44339029999998,36095.0,367.75379850962935,0.0,114,113,0,0,113,112,31097,1,0,0,1,1
2020-10-31,US,New York,Schuyler,147,0,0,42.39184015,-76.8773299,36097.0,825.518054697591,0.0,147,139,0,0,139,135,17912,8,0,0,8,4
2020-10-31,US,New York,Seneca,148,3,0,42.78081007,-76.82497064,36099.0,435.0893697083725,2.0270270270270268,145,148,3,0,145,147,34300,0,0,0,0,1
2020-10-31,US,New York,St. Lawrence,415,4,0,44.4976179,-75.06550039,36089.0,385.1865602376091,0.9638554216867471,411,409,4,0,405,405,108047,6,0,0,6,4
2020-10-31,US,New York,Steuben,1058,57,0,42.2689144,-77.3829924,36101.0,1109.2588515291627,5.387523629489603,1001,1041,57,0,984,1025,95796,17,0,0,17,16
2020-10-31,US,New York,Suffolk,49398,2019,0,40.88320119,-72.8012172,36103.0,3345.3857880361725,4.087210008502368,47379,49300,2019,0,47281,49198,1481093,98,0,0,98,102
2020-10-31,US,New York,Sullivan,1814,48,0,41.71579493,-74.76394559,36105.0,2404.8149326545763,2.6460859977949283,1766,1800,48,0,1752,1786,75498,14,0,0,14,14
2020-10-31,US,New York,Tioga,689,30,0,42.16852837,-76.30835812,36107.0,1429.3716158745306,4.354136429608127,659,672,30,0,642,653,48560,17,0,0,17,19
2020-10-31,US,New York,Tompkins,650,0,0,42.44945765,-76.47229843,36109.0,636.1323155216285,0.0,650,639,0,0,639,632,102793,11,0,0,11,7
2020-10-31,US,New York,Ulster,2547,95,0,41.89027881,-74.26252104,36111.0,1434.339680018922,3.7298782881821753,2452,2538,95,0,2443,2531,178599,9,0,0,9,7
2020-10-31,US,New York,Unassigned,0,18,0,0.0,0.0,90036.0,0.0,0.0,-18,0,17,0,-17,0,,0,1,0,-1,0
2020-10-31,US,New York,Warren,467,33,0,43.56173026,-73.8433699,36113.0,730.3265357187538,7.0663811563169165,434,461,33,0,428,461,64265,6,0,0,6,0
2020-10-31,US,New York,Washington,347,14,0,43.31153794,-73.43043448,36115.0,566.9564080779036,4.034582132564841,333,340,14,0,326,338,61197,7,0,0,7,2
2020-10-31,US,New York,Wayne,550,5,0,43.15494365,-77.02976528,36117.0,611.668408994862,0.9090909090909092,545,530,5,0,525,512,90064,20,0,0,20,18
2020-10-31,US,New York,Westchester,40800,1470,0,41.16278376,-73.75741653,36119.0,4217.028111453573,3.602941176470588,39330,40681,1470,0,39211,40554,967612,119,0,0,119,127
2020-10-31,US,New York,Wyoming,199,5,0,42.70145109,-78.22199579,36121.0,499.25989111618463,2.512562814070352,194,196,5,0,191,192,40085,3,0,0,3,4
2020-10-31,US,New York,Yates,132,7,0,42.63505484,-77.10369919,36123.0,529.8438566210414,5.303030303030303,125,128,7,0,121,126,24841,4,0,0,4,2
2020-10-31,US,North Carolina,Alamance,5376,88,0,36.0434701,-79.39976137,37001.0,3171.513017007947,1.636904761904762,5288,5315,79,0,5236,5254,166436,61,9,0,52,61
2020-10-31,US,North Carolina,Alexander,963,10,0,35.922379600000006,-81.17751948,37003.0,2568.205456436515,1.038421599169263,953,943,10,0,933,882,37353,20,0,0,20,61
2020-10-31,US,North Carolina,Alleghany,311,1,0,36.49360862,-81.12857041,37005.0,2792.493490167909,0.3215434083601286,310,307,1,0,306,304,11161,4,0,0,4,3
2020-10-31,US,North Carolina,Anson,734,11,0,34.97403241,-80.09953279,37007.0,3002.536202241676,1.4986376021798364,723,728,11,0,717,727,24877,6,0,0,6,1
2020-10-31,US,North Carolina,Ashe,457,3,0,36.43296207,-81.49862729,37009.0,1679.9617689225454,0.6564551422319475,454,454,3,0,451,442,27109,3,0,0,3,12
2020-10-31,US,North Carolina,Avery,645,1,0,36.07569796,-81.92308483,37011.0,3673.748362476505,0.15503875968992248,644,637,0,0,637,622,17505,8,1,0,7,15
2020-10-31,US,North Carolina,Beaufort,1428,45,0,35.48531943,-76.84325809,37013.0,3038.6857896752776,3.1512605042016806,1383,1411,42,0,1369,1388,47079,17,3,0,14,23
2020-10-31,US,North Carolina,Bertie,736,20,0,36.0688473,-76.96545943,37015.0,3884.519976777326,2.717391304347826,716,731,20,0,711,729,19026,5,0,0,5,2
2020-10-31,US,North Carolina,Bladen,1099,19,0,34.61296243,-78.56180059,37017.0,3358.596662795673,1.7288444040036397,1080,1097,19,0,1078,1090,33190,2,0,0,2,7
2020-10-31,US,North Carolina,Brunswick,2232,49,0,34.070565,-78.22814204,37019.0,1562.8063296457074,2.195340501792115,2183,2220,46,0,2174,2201,136744,12,3,0,9,19
2020-10-31,US,North Carolina,Buncombe,4258,107,0,35.61113393,-82.53305,37021.0,1630.224624891363,2.512916862376702,4151,4212,104,0,4108,4178,259103,46,3,0,43,34
2020-10-31,US,North Carolina,Burke,2760,52,0,35.74989637,-81.70755735,37023.0,3050.2293197767585,1.884057971014493,2708,2720,52,0,2668,2696,90382,40,0,0,40,24
2020-10-31,US,North Carolina,Cabarrus,5008,93,0,35.3877799,-80.55267168,37025.0,2313.666246252073,1.85702875399361,4915,4952,93,0,4859,4931,211342,56,0,0,56,21
2020-10-31,US,North Carolina,Caldwell,2644,19,0,35.95204977,-81.54799522,37027.0,3217.4061184258558,0.7186081694402421,2625,2601,19,0,2582,2548,82029,43,0,0,43,53
2020-10-31,US,North Carolina,Camden,140,3,0,36.33804939,-76.15568396,37029.0,1288.3040397533819,2.142857142857143,137,137,3,0,134,137,10710,3,0,0,3,0
2020-10-31,US,North Carolina,Carteret,1195,5,0,34.8932941,-76.54120135,37031.0,1720.0926978826305,0.41841004184100417,1190,1162,5,0,1157,1149,69524,33,0,0,33,13
2020-10-31,US,North Carolina,Caswell,640,5,0,36.39312665,-79.33353281,37033.0,2831.357281897009,0.78125,635,634,5,0,629,624,22698,6,0,0,6,10
2020-10-31,US,North Carolina,Catawba,4651,62,0,35.66211129,-81.2132617,37035.0,2915.0553741436906,1.3330466566329822,4589,4600,62,0,4538,4507,158652,51,0,0,51,93
2020-10-31,US,North Carolina,Chatham,1972,61,0,35.70394416,-79.25541492,37037.0,2648.0461930978922,3.0933062880324544,1911,1961,61,0,1900,1947,73139,11,0,0,11,14
2020-10-31,US,North Carolina,Cherokee,781,15,0,35.1349263,-84.05970864,37039.0,2729.6239340137004,1.9206145966709347,766,778,15,0,763,776,28383,3,0,0,3,2
2020-10-31,US,North Carolina,Chowan,534,12,0,36.12908077,-76.60118385,37041.0,3829.8787922254896,2.247191011235955,522,533,11,0,522,532,14029,1,1,0,0,1
2020-10-31,US,North Carolina,Clay,241,3,0,35.05704275,-83.74353633,37043.0,2145.8463182263376,1.2448132780082988,238,241,3,0,238,234,11139,0,0,0,0,7
2020-10-31,US,North Carolina,Cleveland,3322,86,0,35.33553364,-81.55204486,37045.0,3391.6301673353955,2.588801926550271,3236,3247,86,0,3161,3204,97645,75,0,0,75,43
2020-10-31,US,North Carolina,Columbus,1776,62,0,34.26744084,-78.65801424,37047.0,3199.538805217266,3.490990990990991,1714,1732,62,0,1670,1714,55655,44,0,0,44,18
2020-10-31,US,North Carolina,Craven,2433,62,0,35.11833364,-77.08398081,37049.0,2382.0479934207306,2.5482942868886154,2371,2394,61,0,2333,2369,102912,39,1,0,38,25
2020-10-31,US,North Carolina,Cumberland,7262,100,0,35.04762133,-78.82623165,37051.0,2164.4724880703648,1.3770311209033324,7162,7190,99,0,7091,7129,332330,72,1,0,71,61
2020-10-31,US,North Carolina,Currituck,225,4,0,36.36123664,-75.95876401,37053.0,810.4311493714656,1.7777777777777777,221,224,4,0,220,224,27072,1,0,0,1,0
2020-10-31,US,North Carolina,Dare,380,3,0,35.66520691,-75.71767334,37055.0,1026.777270393688,0.7894736842105263,377,374,3,0,371,373,36501,6,0,0,6,1
2020-10-31,US,North Carolina,Davidson,3836,44,0,35.79115496,-80.21256572,37057.0,2288.659916830242,1.1470281543274243,3792,3793,44,0,3749,3765,166614,43,0,0,43,28
2020-10-31,US,North Carolina,Davie,786,8,0,35.93099927,-80.54496571,37059.0,1834.4769640106424,1.0178117048346056,778,780,8,0,772,771,42733,6,0,0,6,9
2020-10-31,US,North Carolina,Duplin,2847,54,0,34.93449805,-77.93140529,37061.0,4846.699919987743,1.8967334035827184,2793,2827,54,0,2773,2812,58856,20,0,0,20,15
2020-10-31,US,North Carolina,Durham,9247,101,0,36.03638492,-78.87608331,37063.0,2876.3126461951924,1.0922461338812588,9146,9175,101,0,9074,9101,316739,72,0,0,72,74
2020-10-31,US,North Carolina,Edgecombe,2057,60,0,35.91230639,-77.59436892,37065.0,3996.3475287534966,2.916869227029655,1997,2037,59,0,1978,2020,52005,20,1,0,19,17
2020-10-31,US,North Carolina,Forsyth,9121,121,0,36.12859861,-80.25459052,37067.0,2385.8538563151487,1.3266089244600372,9000,9039,121,0,8918,8937,379099,82,0,0,82,102
2020-10-31,US,North Carolina,Franklin,1490,32,0,36.081519,-78.28708884,37069.0,2138.1932984142927,2.1476510067114094,1458,1488,32,0,1456,1474,67560,2,0,0,2,14
2020-10-31,US,North Carolina,Gaston,7798,135,0,35.29373559,-81.17477045,37071.0,3473.0480249767293,1.7312131315721984,7663,7636,133,0,7503,7479,222846,162,2,0,160,157
2020-10-31,US,North Carolina,Gates,170,3,0,36.44667547,-76.69749701,37073.0,1470.333852274693,1.7647058823529411,167,169,3,0,166,168,11573,1,0,0,1,1
2020-10-31,US,North Carolina,Graham,251,8,0,35.3506925,-83.83369267,37075.0,2973.581329226395,3.187250996015936,243,247,8,0,239,247,8484,4,0,0,4,0
2020-10-31,US,North Carolina,Granville,2054,50,0,36.30337451,-78.65184241,37077.0,3398.242972718099,2.4342745861733204,2004,2034,50,0,1984,2018,60115,20,0,0,20,16
2020-10-31,US,North Carolina,Greene,966,13,0,35.48544173,-77.67578087,37079.0,4584.935212871992,1.3457556935817805,953,965,13,0,952,962,21012,1,0,0,1,3
2020-10-31,US,North Carolina,Guilford,11877,210,0,36.07959451,-79.78824948,37081.0,2211.015425169498,1.7681232634503663,11667,11770,209,0,11561,11581,533670,107,1,0,106,189
2020-10-31,US,North Carolina,Halifax,1476,27,0,36.25669272,-77.6556109,37083.0,2951.409718056389,1.8292682926829267,1449,1451,27,0,1424,1434,50574,25,0,0,25,17
2020-10-31,US,North Carolina,Harnett,3036,72,0,35.36731853,-78.87243571,37085.0,2232.746955345061,2.3715415019762847,2964,3000,72,0,2928,2969,134214,36,0,0,36,31
2020-10-31,US,North Carolina,Haywood,746,36,0,35.55269063,-82.98196486,37087.0,1197.1051238024934,4.825737265415548,710,741,36,0,705,726,61971,5,0,0,5,15
2020-10-31,US,North Carolina,Henderson,2554,67,0,35.33788927,-82.4766782,37089.0,2175.153512694073,2.6233359436178545,2487,2541,67,0,2474,2523,116748,13,0,0,13,18
2020-10-31,US,North Carolina,Hertford,860,34,0,36.3607755,-76.98104134,37091.0,3632.216919373232,3.953488372093023,826,857,34,0,823,854,23659,3,0,0,3,3
2020-10-31,US,North Carolina,Hoke,1584,25,0,35.01888303,-79.23651674,37093.0,2867.7988195676576,1.5782828282828285,1559,1562,25,0,1537,1554,54764,22,0,0,22,8
2020-10-31,US,North Carolina,Hyde,175,5,0,35.42017674,-76.15180542,37095.0,3544.6627506582945,2.8571428571428568,170,175,5,0,170,175,5230,0,0,0,0,0
2020-10-31,US,North Carolina,Iredell,3950,34,0,35.80950511,-80.8743128,37097.0,2172.645567253006,0.8607594936708861,3916,3907,34,0,3873,3870,178435,43,0,0,43,37
2020-10-31,US,North Carolina,Jackson,1109,7,0,35.28814273,-83.14093385,37099.0,2524.0111065592428,0.6311992786293958,1102,1099,7,0,1092,1072,43327,10,0,0,10,27
2020-10-31,US,North Carolina,Johnston,5819,66,0,35.51745004,-78.36622717,37101.0,2779.701823358285,1.1342155009451795,5753,5780,66,0,5714,5709,202675,39,0,0,39,71
2020-10-31,US,North Carolina,Jones,201,15,0,35.02254606,-77.35870791,37103.0,2133.984499416074,7.462686567164179,186,200,15,0,185,201,9637,1,0,0,1,-1
2020-10-31,US,North Carolina,Lee,2146,20,0,35.47623147,-79.17569362,37105.0,3473.6722834620173,0.9319664492078286,2126,2128,20,0,2108,2116,61452,18,0,0,18,12
2020-10-31,US,North Carolina,Lenoir,1528,41,0,35.24032589999999,-77.64245615,37107.0,2731.058642692452,2.683246073298429,1487,1499,41,0,1458,1470,55976,29,0,0,29,29
2020-10-31,US,North Carolina,Lincoln,2516,16,0,35.48508185,-81.21740317,37109.0,2921.810221690609,0.6359300476947536,2500,2458,16,0,2442,2426,83770,58,0,0,58,32
2020-10-31,US,North Carolina,Macon,765,7,0,35.14867843,-83.41696617,37113.0,2133.4151374867533,0.915032679738562,758,765,7,0,758,764,35285,0,0,0,0,1
2020-10-31,US,North Carolina,Madison,295,5,0,35.85402722,-82.71346418,37115.0,1356.010112617789,1.6949152542372878,290,281,1,0,280,247,21763,14,4,0,10,34
2020-10-31,US,North Carolina,Martin,664,18,0,35.84326734,-77.10860251,37117.0,2959.0017825311943,2.710843373493976,646,655,18,0,637,647,22671,9,0,0,9,8
2020-10-31,US,North Carolina,McDowell,1364,32,0,35.67736232,-82.0482425,37111.0,2981.029810298103,2.3460410557184748,1332,1353,32,0,1321,1340,45507,11,0,0,11,13
2020-10-31,US,North Carolina,Mecklenburg,34473,391,0,35.24469268,-80.8317671,37119.0,3104.6799404875555,1.1342209845386244,34082,34193,390,0,33803,33988,1093901,280,1,0,279,205
2020-10-31,US,North Carolina,Mitchell,245,4,0,36.01059309,-82.1582442,37121.0,1637.2627639668535,1.6326530612244898,241,241,4,0,237,239,15000,4,0,0,4,2
2020-10-31,US,North Carolina,Montgomery,1208,38,0,35.33155144,-79.90416657,37123.0,4445.589371802893,3.1456953642384105,1170,1202,38,0,1164,1195,27271,6,0,0,6,7
2020-10-31,US,North Carolina,Moore,2304,46,0,35.30885257,-79.48474178,37125.0,2283.9016653449644,1.9965277777777777,2258,2291,44,0,2247,2281,98682,13,2,0,11,10
2020-10-31,US,North Carolina,Nash,3516,80,0,35.96575634,-77.98422508,37127.0,3728.605060552716,2.2753128555176336,3436,3484,80,0,3404,3423,94016,32,0,0,32,61
2020-10-31,US,North Carolina,New Hanover,5410,40,0,34.25758282,-77.87075626,37129.0,2307.301906829358,0.7393715341959335,5370,5344,37,0,5307,5305,232274,66,3,0,63,39
2020-10-31,US,North Carolina,Northampton,577,19,0,36.41736238,-77.39769443,37131.0,2961.5562285069045,3.292894280762565,558,574,19,0,555,566,19676,3,0,0,3,8
2020-10-31,US,North Carolina,Onslow,3516,31,0,34.72607366,-77.42908179,37133.0,1776.3137952288089,0.8816837315130831,3485,3457,31,0,3426,3394,197683,59,0,0,59,63
2020-10-31,US,North Carolina,Orange,3155,59,0,36.06092947,-79.12167935,37135.0,2124.9225464048063,1.8700475435816164,3096,3132,59,0,3073,3109,146027,23,0,0,23,23
2020-10-31,US,North Carolina,Pamlico,330,3,0,35.15253315,-76.66559823,37137.0,2593.116454502593,0.9090909090909092,327,325,3,0,322,323,12670,5,0,0,5,2
2020-10-31,US,North Carolina,Pasquotank,902,35,0,36.26723798,-76.25134778,37139.0,2264.965849738851,3.8802660753880263,867,893,35,0,858,881,39639,9,0,0,9,12
2020-10-31,US,North Carolina,Pender,1439,15,0,34.52265624,-77.90352133,37141.0,2281.953694893752,1.0423905489923555,1424,1420,15,0,1405,1407,62162,19,0,0,19,13
2020-10-31,US,North Carolina,Perquimans,259,4,0,36.17847453,-76.40603143,37143.0,1923.7911312486074,1.5444015444015444,255,257,4,0,253,251,13422,2,0,0,2,6
2020-10-31,US,North Carolina,Person,705,10,0,36.38989032,-78.97217358,37145.0,1785.2620916687767,1.4184397163120568,695,696,10,0,686,677,39507,9,0,0,9,19
2020-10-31,US,North Carolina,Pitt,6300,41,0,35.59535426,-77.37353178,37147.0,3485.6314525677485,0.6507936507936508,6259,6246,39,0,6207,6196,179914,54,2,0,52,50
2020-10-31,US,North Carolina,Polk,404,11,0,35.27820615,-82.16812354,37149.0,1949.430611850994,2.722772277227723,393,405,11,0,394,402,20611,-1,0,0,-1,3
2020-10-31,US,North Carolina,Randolph,3921,64,0,35.71015088,-79.80570339,37151.0,2729.22800643154,1.6322366743177759,3857,3873,64,0,3809,3831,143351,48,0,0,48,42
2020-10-31,US,North Carolina,Richmond,1453,30,0,35.00417719,-79.74491009,37153.0,3241.205469673649,2.064693737095664,1423,1448,30,0,1418,1439,44887,5,0,0,5,9
2020-10-31,US,North Carolina,Robeson,6133,97,0,34.64244496,-79.10250529999998,37155.0,4695.11961722488,1.5816076960704386,6036,6100,97,0,6003,6071,131831,33,0,0,33,29
2020-10-31,US,North Carolina,Rockingham,2125,19,0,36.39593137,-79.77504841,37157.0,2334.908251840457,0.8941176470588236,2106,2055,19,0,2036,2003,90690,70,0,0,70,52
2020-10-31,US,North Carolina,Rowan,4228,119,0,35.64003916,-80.52446628,37159.0,2975.620742075333,2.8145695364238406,4109,4203,119,0,4084,4144,141262,25,0,0,25,59
2020-10-31,US,North Carolina,Rutherford,1787,61,0,35.40114178,-81.92112099,37161.0,2666.010234376165,3.4135422495803023,1726,1780,59,0,1721,1763,66826,7,2,0,5,17
2020-10-31,US,North Carolina,Sampson,2846,31,0,34.98820368,-78.36914061,37163.0,4479.702822244259,1.0892480674631062,2815,2822,31,0,2791,2802,63626,24,0,0,24,20
2020-10-31,US,North Carolina,Scotland,1663,28,0,34.8386299,-79.4757978,37165.0,4775.579358469977,1.6837041491280818,1635,1657,26,0,1631,1652,34810,6,2,0,4,5
2020-10-31,US,North Carolina,Stanly,2455,73,0,35.31647813,-80.25093221,37167.0,3908.86221061682,2.9735234215885957,2382,2447,73,0,2374,2446,62075,8,0,0,8,1
2020-10-31,US,North Carolina,Stokes,710,12,0,36.4017975,-80.23893369,37169.0,1557.3249106183239,1.6901408450704225,698,707,11,0,696,692,45467,3,1,0,2,15
2020-10-31,US,North Carolina,Surry,1961,33,0,36.41689489,-80.69102283,37171.0,2731.8445871585195,1.68281489036206,1928,1930,33,0,1897,1885,71948,31,0,0,31,45
2020-10-31,US,North Carolina,Swain,297,4,0,35.48665845,-83.48748932,37173.0,2081.143577885222,1.3468013468013469,293,295,4,0,291,288,14245,2,0,0,2,7
2020-10-31,US,North Carolina,Transylvania,430,9,0,35.20383864,-82.79638423,37175.0,1250.545295913916,2.0930232558139537,421,430,9,0,421,424,34215,0,0,0,0,6
2020-10-31,US,North Carolina,Tyrrell,132,3,0,35.87147226,-76.17055253,37177.0,3286.8525896414344,2.272727272727273,129,132,3,0,129,132,4131,0,0,0,0,0
2020-10-31,US,North Carolina,Unassigned,2,0,0,0.0,0.0,90037.0,0.0,0.0,2,1,0,0,1,1,,1,0,0,1,0
2020-10-31,US,North Carolina,Union,6027,65,0,34.98960527,-80.52955873,37179.0,2512.726226658161,1.0784801725568276,5962,5987,65,0,5922,5940,235908,40,0,0,40,47
2020-10-31,US,North Carolina,Vance,1235,47,0,36.36880673,-78.40670845,37181.0,2773.09980913888,3.8056680161943324,1188,1224,47,0,1177,1214,44582,11,0,0,11,10
2020-10-31,US,North Carolina,Wake,21687,275,0,35.78879266,-78.65249174,37183.0,1950.6890419793467,1.2680407617466685,21412,21516,272,0,21244,21344,1092305,171,3,0,168,172
2020-10-31,US,North Carolina,Warren,488,7,0,36.39728256,-78.10652228,37185.0,2473.265419897623,1.4344262295081966,481,481,7,0,474,469,19807,7,0,0,7,12
2020-10-31,US,North Carolina,Washington,264,8,0,35.83810081,-76.57299037,37187.0,2279.79274611399,3.0303030303030303,256,258,8,0,250,253,11859,6,0,0,6,5
2020-10-31,US,North Carolina,Watauga,1425,6,0,36.23103603,-81.70033724,37189.0,2536.625309290279,0.42105263157894735,1419,1408,6,0,1402,1400,55945,17,0,0,17,8
2020-10-31,US,North Carolina,Wayne,4720,81,0,35.36438125,-78.00027268,37191.0,3833.315736898101,1.7161016949152543,4639,4674,81,0,4593,4642,123248,46,0,0,46,32
2020-10-31,US,North Carolina,Wilkes,1846,38,0,36.2084135,-81.16232895,37193.0,2698.357013389464,2.058504875406284,1808,1803,38,0,1765,1775,68557,43,0,0,43,28
2020-10-31,US,North Carolina,Wilson,3144,64,0,35.70625477,-77.917978,37195.0,3843.473796163861,2.0356234096692107,3080,3096,64,0,3032,3056,81455,48,0,0,48,40
2020-10-31,US,North Carolina,Yadkin,1084,9,0,36.16222629,-80.66239436,37197.0,2877.850638489925,0.8302583025830258,1075,1063,9,0,1054,1047,37543,21,0,0,21,16
2020-10-31,US,North Carolina,Yancey,338,1,0,35.90079156,-82.31237181,37199.0,1870.6071171619901,0.2958579881656805,337,333,1,0,332,328,17903,5,0,0,5,5
2020-10-31,US,North Dakota,Adams,90,0,0,46.09686891,-102.5285397,38001.0,4061.3718411552345,0.0,90,89,0,0,89,85,2294,1,0,0,1,4
2020-10-31,US,North Dakota,Barnes,404,1,0,46.93579637,-98.06605978,38003.0,3879.020643302928,0.2475247524752475,403,396,1,0,395,386,10542,8,0,0,8,10
2020-10-31,US,North Dakota,Benson,547,10,0,48.0683985,-99.35916363,38005.0,8006.4402810304455,1.828153564899452,537,522,10,0,512,517,6962,25,0,0,25,5
2020-10-31,US,North Dakota,Billings,33,0,0,47.02366884,-103.3762965,38007.0,3556.0344827586205,0.0,33,33,0,0,33,33,919,0,0,0,0,0
2020-10-31,US,North Dakota,Bottineau,335,17,0,48.79106111,-100.8378166,38009.0,5332.696593441579,5.074626865671642,318,311,17,0,294,296,6411,24,0,0,24,15
2020-10-31,US,North Dakota,Bowman,146,2,0,46.11285362,-103.5203343,38011.0,4828.042328042327,1.3698630136986298,144,144,2,0,142,135,3076,2,0,0,2,9
2020-10-31,US,North Dakota,Burke,86,1,0,48.79094471,-102.51821170000001,38013.0,4066.193853427896,1.162790697674419,85,82,1,0,81,79,2100,4,0,0,4,3
2020-10-31,US,North Dakota,Burleigh,7313,78,0,46.97847375,-100.46452140000001,38015.0,7647.50172547215,1.0665937371803638,7235,7171,78,0,7093,6985,95273,142,0,0,142,186
2020-10-31,US,North Dakota,Cass,9748,85,0,46.93201724,-97.24447190000001,38017.0,5358.310933746695,0.8719737382027083,9663,9510,85,0,9425,9333,181516,238,0,0,238,177
2020-10-31,US,North Dakota,Cavalier,105,1,0,48.77286211,-98.46685243,38019.0,2791.068580542265,0.9523809523809524,104,89,1,0,88,79,3829,16,0,0,16,10
2020-10-31,US,North Dakota,Dickey,329,4,0,46.11017712,-98.50490079999999,38021.0,6752.873563218391,1.2158054711246202,325,317,2,0,315,292,4903,12,2,0,10,25
2020-10-31,US,North Dakota,Divide,70,1,0,48.814938700000006,-103.48736109999999,38023.0,3091.872791519434,1.4285714285714286,69,68,1,0,67,62,2283,2,0,0,2,6
2020-10-31,US,North Dakota,Dunn,216,5,0,47.35423935,-102.61604679999999,38025.0,4882.45931283906,2.314814814814815,211,212,5,0,207,208,4332,4,0,0,4,4
2020-10-31,US,North Dakota,Eddy,216,3,0,47.71701474,-98.90432337,38027.0,9444.687363358107,1.3888888888888888,213,209,3,0,206,202,2313,7,0,0,7,7
2020-10-31,US,North Dakota,Emmons,286,9,0,46.28398398,-100.2389766,38029.0,8824.436902190682,3.1468531468531467,277,285,9,0,276,285,3295,1,0,0,1,0
2020-10-31,US,North Dakota,Foster,202,2,0,47.457108399999996,-98.88279923,38031.0,6292.8348909657325,0.99009900990099,200,196,2,0,194,193,3216,6,0,0,6,3
2020-10-31,US,North Dakota,Golden Valley,118,0,0,46.94022281,-103.8465421,38033.0,6700.738216922205,0.0,118,117,0,0,117,115,1769,1,0,0,1,2
2020-10-31,US,North Dakota,Grand Forks,4520,22,0,47.92093639,-97.45450447,38035.0,6508.1856272767845,0.4867256637168141,4498,4356,21,0,4335,4118,70770,164,1,0,163,238
2020-10-31,US,North Dakota,Grant,83,4,0,46.35821257,-101.63900129999999,38037.0,3649.9560246262104,4.819277108433735,79,78,4,0,74,76,2374,5,0,0,5,2
2020-10-31,US,North Dakota,Griggs,105,1,0,47.45785838,-98.23850925,38039.0,4706.40968175706,0.9523809523809524,104,92,1,0,91,92,2232,13,0,0,13,0
2020-10-31,US,North Dakota,Hettinger,139,2,0,46.43375068,-102.4632417,38041.0,5562.224889955983,1.4388489208633093,137,135,2,0,133,133,2514,4,0,0,4,2
2020-10-31,US,North Dakota,Kidder,109,2,0,46.97830064,-99.77507857,38043.0,4395.161290322581,1.834862385321101,107,105,2,0,103,102,2450,4,0,0,4,3
2020-10-31,US,North Dakota,LaMoure,215,11,0,46.45681054,-98.53542355,38045.0,5313.890261987148,5.116279069767441,204,213,8,0,205,207,4062,2,3,0,-1,6
2020-10-31,US,North Dakota,Logan,130,3,0,46.45729487,-99.47719806,38047.0,7027.0270270270275,2.3076923076923075,127,128,3,0,125,128,1903,2,0,0,2,0
2020-10-31,US,North Dakota,McHenry,222,14,0,48.23104458,-100.6324822,38049.0,3864.229765013055,6.306306306306308,208,209,13,0,196,202,5816,13,1,0,12,7
2020-10-31,US,North Dakota,McIntosh,174,5,0,46.11182017,-99.44145858,38051.0,6968.362034441329,2.8735632183908044,169,174,5,0,169,170,2585,0,0,0,0,4
2020-10-31,US,North Dakota,McKenzie,583,4,0,47.74133370000001,-103.395905,38053.0,3880.457933972311,0.6861063464837049,579,570,4,0,566,555,13632,13,0,0,13,15
2020-10-31,US,North Dakota,McLean,641,10,0,47.60766714,-101.3182418,38055.0,6783.068783068783,1.5600624024960998,631,624,10,0,614,610,9541,17,0,0,17,14
2020-10-31,US,North Dakota,Mercer,518,3,0,47.31213126,-101.8318399,38057.0,6327.103945279102,0.5791505791505791,515,511,3,0,508,502,8267,7,0,0,7,9
2020-10-31,US,North Dakota,Morton,2489,54,0,46.71681782,-101.2822377,38059.0,7935.850019130213,2.1695460024106072,2435,2431,54,0,2377,2353,31095,58,0,0,58,78
2020-10-31,US,North Dakota,Mountrail,563,9,0,48.20197971,-102.3555315,38061.0,5339.023233760076,1.5985790408525755,554,553,9,0,544,533,10218,10,0,0,10,20
2020-10-31,US,North Dakota,Nelson,170,3,0,47.9226426,-98.19038437,38063.0,5904.82806530045,1.7647058823529411,167,167,3,0,164,165,2869,3,0,0,3,2
2020-10-31,US,North Dakota,Oliver,86,2,0,47.11530482,-101.3406158,38065.0,4389.994895354773,2.3255813953488373,84,85,2,0,83,84,1952,1,0,0,1,1
2020-10-31,US,North Dakota,Pembina,246,0,0,48.76623521,-97.5523809,38067.0,3617.115130127922,0.0,246,230,0,0,230,221,6947,16,0,0,16,9
2020-10-31,US,North Dakota,Pierce,141,1,0,48.24977025,-99.96407787,38069.0,3547.169811320755,0.7092198581560284,140,124,1,0,123,107,4081,17,0,0,17,17
2020-10-31,US,North Dakota,Ramsey,583,4,0,48.26886249,-98.72223879,38071.0,5061.203229447001,0.6861063464837049,579,553,4,0,549,539,11481,30,0,0,30,14
2020-10-31,US,North Dakota,Ransom,215,3,0,46.45621782,-97.65742504,38073.0,4120.352625527022,1.3953488372093024,212,211,3,0,208,210,5237,4,0,0,4,1
2020-10-31,US,North Dakota,Renville,117,2,0,48.71982533,-101.6603912,38075.0,5027.932960893855,1.709401709401709,115,116,2,0,114,112,2374,1,0,0,1,4
2020-10-31,US,North Dakota,Richland,525,4,0,46.26440649,-96.94852979,38077.0,3245.348334054521,0.7619047619047619,521,506,3,0,503,499,16239,19,1,0,18,7
2020-10-31,US,North Dakota,Rolette,472,9,0,48.77245354,-99.84097493,38079.0,3329.5711060948083,1.9067796610169487,463,437,9,0,428,407,14301,35,0,0,35,30
2020-10-31,US,North Dakota,Sargent,138,2,0,46.10830372,-97.63217159,38081.0,3540.277065161621,1.4492753623188406,136,134,2,0,132,132,3870,4,0,0,4,2
2020-10-31,US,North Dakota,Sheridan,57,1,0,47.57700669,-100.3426391,38083.0,4334.600760456274,1.7543859649122806,56,56,1,0,55,55,1349,1,0,0,1,1
2020-10-31,US,North Dakota,Sioux,274,5,0,46.11323337,-101.04401490000001,38085.0,6477.541371158392,1.8248175182481752,269,265,5,0,260,258,4358,9,0,0,9,7
2020-10-31,US,North Dakota,Slope,15,0,0,46.44737738,-103.4601547,38087.0,2000.0,0.0,15,15,0,0,15,15,763,0,0,0,0,0
2020-10-31,US,North Dakota,Stark,2438,34,0,46.80851182,-102.65763259999999,38089.0,7742.386230112102,1.394585726004922,2404,2410,34,0,2376,2350,30997,28,0,0,28,60
2020-10-31,US,North Dakota,Steele,65,0,0,47.45611548,-97.72728747,38091.0,3439.1534391534387,0.0,65,61,0,0,61,56,1903,4,0,0,4,5
2020-10-31,US,North Dakota,Stutsman,1001,7,0,46.97962541,-98.95637318,38093.0,4834.814528593509,0.6993006993006993,994,959,7,0,952,946,20917,42,0,0,42,13
2020-10-31,US,North Dakota,Towner,122,5,0,48.68565745,-99.24564265,38095.0,5573.321151210598,4.0983606557377055,117,110,5,0,105,107,2192,12,0,0,12,3
2020-10-31,US,North Dakota,Traill,346,5,0,47.45367788,-97.16323288,38097.0,4305.62468889995,1.4450867052023122,341,320,5,0,315,290,8037,26,0,0,26,30
2020-10-31,US,North Dakota,Walsh,595,2,0,48.36876964,-97.72574783,38099.0,5591.579738746357,0.33613445378151263,593,562,2,0,560,529,10667,33,0,0,33,33
2020-10-31,US,North Dakota,Ward,3422,54,0,48.22390169,-101.54367629999999,38101.0,5059.061811623128,1.5780245470485097,3368,3162,51,0,3111,2979,67744,260,3,0,257,183
2020-10-31,US,North Dakota,Wells,186,0,0,47.58614526,-99.65904998,38103.0,4851.33020344288,0.0,186,165,0,0,165,155,3957,21,0,0,21,10
2020-10-31,US,North Dakota,Williams,1967,18,0,48.34522353,-103.4793387,38105.0,5232.913884381069,0.9150991357397052,1949,1905,17,0,1888,1848,35350,62,1,0,61,57
2020-10-31,US,Ohio,Adams,265,6,0,38.84541072,-83.4718964,39001.0,956.7477796230777,2.2641509433962264,259,260,6,0,254,254,27724,5,0,0,5,6
2020-10-31,US,Ohio,Allen,2555,80,0,40.77285242,-84.10802343,39003.0,2496.3117116588987,3.131115459882583,2475,2511,80,0,2431,2452,102663,44,0,0,44,59
2020-10-31,US,Ohio,Ashland,495,9,0,40.84772277,-82.27280781,39005.0,925.5104330266997,1.818181818181818,486,485,9,0,476,473,53745,10,0,0,10,12
2020-10-31,US,Ohio,Ashtabula,856,48,0,41.70860332,-80.74830218,39007.0,880.2871216873541,5.607476635514018,808,833,48,0,785,806,97493,23,0,0,23,27
2020-10-31,US,Ohio,Athens,1378,2,0,39.33425634,-82.04278644,39009.0,2109.388154974207,0.14513788098693758,1376,1361,2,0,1359,1346,65818,17,0,0,17,15
2020-10-31,US,Ohio,Auglaize,1258,19,0,40.55998859,-84.22421429999999,39011.0,2755.3881198528125,1.5103338632750398,1239,1233,19,0,1214,1198,45804,25,0,0,25,35
2020-10-31,US,Ohio,Belmont,868,27,0,40.01625942,-80.9924051,39013.0,1295.406381518073,3.110599078341014,841,842,27,0,815,837,67505,26,0,0,26,5
2020-10-31,US,Ohio,Brown,480,3,0,38.93416837,-83.86788395,39015.0,1105.175907165224,0.625,477,467,3,0,464,458,43602,13,0,0,13,9
2020-10-31,US,Ohio,Butler,9427,134,0,39.44012838,-84.57388716,39017.0,2460.496849666174,1.4214490293836852,9293,9298,133,0,9165,9082,382378,129,1,0,128,216
2020-10-31,US,Ohio,Carroll,246,7,0,40.578968599999996,-81.09178213,39019.0,914.0224418518244,2.845528455284553,239,244,7,0,237,242,27081,2,0,0,2,2
2020-10-31,US,Ohio,Champaign,468,3,0,40.13923427,-83.76875242,39021.0,1203.5489263212035,0.6410256410256411,465,459,3,0,456,452,38754,9,0,0,9,7
2020-10-31,US,Ohio,Clark,2863,57,0,39.91592258,-83.78498252,39023.0,2135.2445873078614,1.9909186168354875,2806,2821,57,0,2764,2766,134585,42,0,0,42,55
2020-10-31,US,Ohio,Clermont,2911,39,0,39.04847534,-84.15375786,39025.0,1410.1769139845374,1.3397457918241154,2872,2844,39,0,2805,2772,205466,67,0,0,67,72
2020-10-31,US,Ohio,Clinton,565,13,0,39.41485808,-83.80852286,39027.0,1346.263820053374,2.3008849557522124,552,547,13,0,534,539,42057,18,0,0,18,8
2020-10-31,US,Ohio,Columbiana,2252,88,0,40.76932373,-80.78094576,39029.0,2210.3785714986802,3.9076376554174064,2164,2246,88,0,2158,2227,102665,6,0,0,6,19
2020-10-31,US,Ohio,Coshocton,408,12,0,40.30096166,-81.91729018,39031.0,1114.7540983606557,2.9411764705882355,396,389,12,0,377,386,36629,19,0,0,19,3
2020-10-31,US,Ohio,Crawford,599,8,0,40.85065156,-82.91989099,39033.0,1443.5822046560947,1.335559265442404,591,594,8,0,586,581,41550,5,0,0,5,13
2020-10-31,US,Ohio,Cuyahoga,21488,686,0,41.424119,-81.65918339,39035.0,1739.817597678516,3.1924795234549515,20802,21266,686,0,20580,21002,1243857,222,0,0,222,264
2020-10-31,US,Ohio,Darke,1300,51,0,40.13412966,-84.6194517,39037.0,2543.3842662336388,3.9230769230769234,1249,1285,51,0,1234,1264,51323,15,0,0,15,21
2020-10-31,US,Ohio,Defiance,586,14,0,41.32398837,-84.49076944,39039.0,1538.5827185128785,2.389078498293516,572,567,14,0,553,549,38165,19,0,0,19,18
2020-10-31,US,Ohio,Delaware,3172,28,0,40.27942393,-83.00457058,39041.0,1516.419109175483,0.8827238335435057,3144,3147,28,0,3119,3107,204826,25,0,0,25,40
2020-10-31,US,Ohio,Erie,1263,54,0,41.36796058,-82.62904521,39043.0,1700.6436323485848,4.275534441805227,1209,1255,54,0,1201,1240,74615,8,0,0,8,15
2020-10-31,US,Ohio,Fairfield,3048,58,0,39.75107189,-82.63088163,39045.0,1934.329267518753,1.902887139107612,2990,3002,58,0,2944,2925,155782,46,0,0,46,77
2020-10-31,US,Ohio,Fayette,498,10,0,39.56021306,-83.4562016,39047.0,1745.836985100789,2.0080321285140563,488,497,10,0,487,485,28666,1,0,0,1,12
2020-10-31,US,Ohio,Franklin,34104,643,0,39.96995815,-83.01115755,39049.0,2590.0014885066025,1.8854093361482525,33461,33858,643,0,33215,33397,1310300,246,0,0,246,461
2020-10-31,US,Ohio,Fulton,642,16,0,41.60213491,-84.12571393,39051.0,1523.999430280587,2.4922118380062304,626,632,16,0,616,611,42276,10,0,0,10,21
2020-10-31,US,Ohio,Gallia,334,13,0,38.82708533,-82.31647569,39053.0,1117.1315807077397,3.8922155688622753,321,329,13,0,316,321,29979,5,0,0,5,8
2020-10-31,US,Ohio,Geauga,980,50,0,41.49952319,-81.17935342,39055.0,1046.4607203493897,5.1020408163265305,930,966,50,0,916,943,94031,14,0,0,14,23
2020-10-31,US,Ohio,Greene,2759,42,0,39.69116283,-83.89032084,39057.0,1633.1531872828332,1.5222906850308082,2717,2728,42,0,2686,2654,167995,31,0,0,31,74
2020-10-31,US,Ohio,Guernsey,431,8,0,40.05026529,-81.49248905,39059.0,1108.6816720257234,1.8561484918793505,423,422,8,0,414,420,39022,9,0,0,9,2
2020-10-31,US,Ohio,Hamilton,18758,349,0,39.19673558,-84.54502924,39061.0,2294.632360946477,1.860539503145325,18409,18487,347,0,18140,18112,816684,271,2,0,269,375
2020-10-31,US,Ohio,Hancock,1265,30,0,41.00250487,-83.66838948,39063.0,1669.2398031220725,2.3715415019762847,1235,1232,30,0,1202,1217,75930,33,0,0,33,15
2020-10-31,US,Ohio,Hardin,405,14,0,40.66015414,-83.65929931,39065.0,1291.248206599713,3.45679012345679,391,402,14,0,388,392,31480,3,0,0,3,10
2020-10-31,US,Ohio,Harrison,93,3,0,40.29380509,-81.09068544,39067.0,618.3510638297872,3.2258064516129035,90,93,3,0,90,90,15174,0,0,0,0,3
2020-10-31,US,Ohio,Henry,574,17,0,41.333964200000004,-84.06830637,39069.0,2125.4536029030587,2.9616724738675964,557,563,17,0,546,553,27086,11,0,0,11,10
2020-10-31,US,Ohio,Highland,569,9,0,39.1839264,-83.60331456,39071.0,1318.3197794305045,1.5817223198594024,560,557,9,0,548,542,43058,12,0,0,12,15
2020-10-31,US,Ohio,Hocking,241,9,0,39.49537927,-82.47991446,39073.0,852.674780639683,3.734439834024896,232,235,9,0,226,230,28385,6,0,0,6,5
2020-10-31,US,Ohio,Holmes,920,14,0,40.56163713,-81.92635677,39075.0,2092.8116469517745,1.5217391304347827,906,870,14,0,856,838,43892,50,0,0,50,32
2020-10-31,US,Ohio,Huron,769,16,0,41.14651175,-82.59867951,39077.0,1319.8091511344526,2.0806241872561766,753,765,16,0,749,752,58504,4,0,0,4,13
2020-10-31,US,Ohio,Jackson,537,8,0,39.01914254,-82.61818559999998,39079.0,1656.7426649801005,1.48975791433892,529,526,8,0,518,519,32384,11,0,0,11,7
2020-10-31,US,Ohio,Jefferson,543,4,0,40.38614126,-80.76259514,39081.0,831.2284730195179,0.7366482504604052,539,531,4,0,527,518,65767,12,0,0,12,13
2020-10-31,US,Ohio,Knox,497,17,0,40.39830217,-82.42027563,39083.0,797.4711979718237,3.420523138832998,480,487,17,0,470,463,61893,10,0,0,10,24
2020-10-31,US,Ohio,Lake,2357,60,0,41.69710807,-81.23676539,39085.0,1024.119157589214,2.545608824777259,2297,2294,60,0,2234,2221,230514,63,0,0,63,73
2020-10-31,US,Ohio,Lawrence,1090,27,0,38.59743452,-82.53466552,39087.0,1833.0726670366448,2.4770642201834856,1063,1070,27,0,1043,1039,59866,20,0,0,20,31
2020-10-31,US,Ohio,Licking,3007,67,0,40.09136236,-82.48185785,39089.0,1700.1956327532196,2.228134353175923,2940,2978,67,0,2911,2905,175769,29,0,0,29,73
2020-10-31,US,Ohio,Logan,520,3,0,40.38996525,-83.76784341,39091.0,1138.5531616745488,0.5769230769230769,517,508,3,0,505,491,45358,12,0,0,12,17
2020-10-31,US,Ohio,Lorain,3094,91,0,41.29553751,-82.15083537,39093.0,998.6024729451027,2.9411764705882355,3003,3049,91,0,2958,2998,309461,45,0,0,45,51
2020-10-31,US,Ohio,Lucas,8990,378,0,41.62101218,-83.65468618,39095.0,2098.760820641161,4.2046718576195765,8612,8910,378,0,8532,8789,429899,80,0,0,80,121
2020-10-31,US,Ohio,Madison,1119,16,0,39.89381073,-83.40178317,39097.0,2501.620799892692,1.4298480786416443,1103,1112,16,0,1096,1103,44413,7,0,0,7,9
2020-10-31,US,Ohio,Mahoning,4042,287,0,41.01631101,-80.77287029,39099.0,1767.5122330912222,7.100445324096983,3755,4006,287,0,3719,3960,229642,36,0,0,36,46
2020-10-31,US,Ohio,Marion,3547,50,0,40.58610662,-83.15736305,39101.0,5449.126634200298,1.4096419509444602,3497,3546,50,0,3496,3529,65256,1,0,0,1,17
2020-10-31,US,Ohio,Medina,2158,43,0,41.11770589,-81.89986209999998,39103.0,1200.5830449634484,1.9925857275254863,2115,2126,43,0,2083,2086,179146,32,0,0,32,40
2020-10-31,US,Ohio,Meigs,238,12,0,39.09224872,-82.0305041,39105.0,1038.9837167678004,5.042016806722689,226,235,12,0,223,228,23106,3,0,0,3,7
2020-10-31,US,Ohio,Mercer,1752,30,0,40.54043046,-84.62912742,39107.0,4255.31914893617,1.7123287671232876,1722,1729,30,0,1699,1679,40959,23,0,0,23,50
2020-10-31,US,Ohio,Miami,2335,61,0,40.0543329,-84.22871271,39109.0,2182.5081551964263,2.6124197002141334,2274,2299,61,0,2238,2239,106222,36,0,0,36,60
2020-10-31,US,Ohio,Monroe,196,18,0,39.72984936,-81.08464734,39111.0,1435.4767833601875,9.183673469387756,178,192,18,0,174,190,13790,4,0,0,4,2
2020-10-31,US,Ohio,Montgomery,11889,190,0,39.75394919,-84.29050975,39113.0,2236.09003041263,1.5981159054588274,11699,11748,190,0,11558,11494,532331,141,0,0,141,254
2020-10-31,US,Ohio,Morgan,103,0,0,39.62081738,-81.85308173,39115.0,709.953129307968,0.0,103,100,0,0,100,97,14604,3,0,0,3,3
2020-10-31,US,Ohio,Morrow,458,2,0,40.52363560000001,-82.7892599,39117.0,1296.4221014492753,0.4366812227074236,456,445,2,0,443,434,35112,13,0,0,13,11
2020-10-31,US,Ohio,Muskingum,1070,4,0,39.96575964,-81.94363275,39119.0,1241.0833381662126,0.37383177570093457,1066,1038,4,0,1034,1019,86183,32,0,0,32,19
2020-10-31,US,Ohio,Noble,230,0,0,39.76818851,-81.45937183,39121.0,1594.5646145313367,0.0,230,204,0,0,204,185,14354,26,0,0,26,19
2020-10-31,US,Ohio,Ottawa,649,30,0,41.53781826,-83.0940185,39123.0,1601.4805675508944,4.622496147919877,619,641,30,0,611,634,40769,8,0,0,8,7
2020-10-31,US,Ohio,Paulding,285,2,0,41.11676341,-84.5801017,39125.0,1526.3496143958869,0.7017543859649122,283,280,2,0,278,267,18760,5,0,0,5,13
2020-10-31,US,Ohio,Perry,421,11,0,39.73508655,-82.23804971,39127.0,1165.1076548403164,2.6128266033254155,410,414,11,0,403,399,36033,7,0,0,7,15
2020-10-31,US,Ohio,Pickaway,3222,46,0,39.64170392,-83.0243386,39129.0,5511.743674837915,1.4276846679081316,3176,3202,46,0,3156,3163,58086,20,0,0,20,39
2020-10-31,US,Ohio,Pike,383,0,0,39.07634001,-83.06769584,39131.0,1379.0868500648135,0.0,383,367,0,0,367,358,28067,16,0,0,16,9
2020-10-31,US,Ohio,Portage,1909,68,0,41.16793482,-81.19735782,39133.0,1175.0150800782933,3.5620743844945,1841,1871,68,0,1803,1828,162927,38,0,0,38,43
2020-10-31,US,Ohio,Preble,763,18,0,39.7420247,-84.64787018,39135.0,1866.3470476004109,2.3591087811271296,745,743,18,0,725,721,40997,20,0,0,20,22
2020-10-31,US,Ohio,Putnam,1320,28,0,41.02094889,-84.1336111,39137.0,3898.290068220076,2.121212121212121,1292,1274,28,0,1246,1238,33780,46,0,0,46,36
2020-10-31,US,Ohio,Richland,1605,26,0,40.77180308,-82.53799609999999,39139.0,1324.7602225267015,1.6199376947040498,1579,1582,26,0,1556,1549,121099,23,0,0,23,33
2020-10-31,US,Ohio,Ross,1636,44,0,39.33705391,-83.06000914,39141.0,2133.931599405212,2.6894865525672373,1592,1613,42,0,1571,1577,76931,23,2,0,21,36
2020-10-31,US,Ohio,Sandusky,803,22,0,41.35624126,-83.137872,39143.0,1372.2273488499266,2.7397260273972597,781,790,22,0,768,781,58799,13,0,0,13,9
2020-10-31,US,Ohio,Scioto,1048,9,0,38.80270163,-82.98907345,39145.0,1391.5075550362485,0.8587786259541985,1039,1021,9,0,1012,994,75502,27,0,0,27,27
2020-10-31,US,Ohio,Seneca,709,14,0,41.12351311,-83.12783209,39147.0,1284.9324005944395,1.9746121297602257,695,687,14,0,673,671,55207,22,0,0,22,16
2020-10-31,US,Ohio,Shelby,1072,14,0,40.33163494,-84.20258189,39149.0,2206.215270631817,1.3059701492537314,1058,1048,14,0,1034,1018,48627,24,0,0,24,30
2020-10-31,US,Ohio,Stark,4455,186,0,40.81482476,-81.36437305,39151.0,1202.0852333745272,4.175084175084175,4269,4344,186,0,4158,4267,371574,111,0,0,111,77
2020-10-31,US,Ohio,Summit,7508,272,0,41.12464734,-81.53123079,39153.0,1387.7670222342167,3.622802344166223,7236,7409,272,0,7137,7316,541918,99,0,0,99,93
2020-10-31,US,Ohio,Trumbull,2512,137,0,41.31735028,-80.76109643,39155.0,1268.8534858112682,5.453821656050955,2375,2487,136,0,2351,2451,198627,25,1,0,24,36
2020-10-31,US,Ohio,Tuscarawas,1553,38,0,40.44214695,-81.47226262,39157.0,1688.2820398534577,2.4468770122343853,1515,1521,36,0,1485,1476,92176,32,2,0,30,45
2020-10-31,US,Ohio,Union,860,3,0,40.30016061,-83.37239023,39159.0,1457.9236454872178,0.3488372093023256,857,852,3,0,849,827,57835,8,0,0,8,25
2020-10-31,US,Ohio,Van Wert,344,5,0,40.8554138,-84.59111700000003,39161.0,1216.6224580017686,1.4534883720930232,339,337,5,0,332,324,28281,7,0,0,7,13
2020-10-31,US,Ohio,Vinton,128,5,0,39.25208988,-82.4831444,39163.0,978.2193351165456,3.90625,123,124,5,0,119,122,13139,4,0,0,4,2
2020-10-31,US,Ohio,Warren,4853,67,0,39.42581994,-84.16557457,39165.0,2068.6098157730967,1.3805893261899855,4786,4780,67,0,4713,4711,232173,73,0,0,73,69
2020-10-31,US,Ohio,Washington,454,25,0,39.45690571,-81.49121382,39167.0,757.7907229056433,5.506607929515418,429,431,25,0,406,412,60155,23,0,0,23,19
2020-10-31,US,Ohio,Wayne,1823,73,0,40.82925852,-81.88844833,39169.0,1575.49045026359,4.004388370817334,1750,1772,72,0,1700,1722,115967,51,1,0,50,50
2020-10-31,US,Ohio,Williams,435,4,0,41.56052014,-84.58429552,39171.0,1185.5445328682001,0.9195402298850576,431,424,4,0,420,407,36804,11,0,0,11,17
2020-10-31,US,Ohio,Wood,2751,84,0,41.36224827,-83.62285108,39173.0,2102.9376915844273,3.053435114503817,2667,2718,83,0,2635,2687,130696,33,1,0,32,31
2020-10-31,US,Ohio,Wyandot,331,13,0,40.84339621,-83.30734173,39175.0,1520.3013044277054,3.9274924471299095,318,325,13,0,312,316,21935,6,0,0,6,9
2020-10-31,US,Oklahoma,Adair,850,11,0,35.88494195,-94.65859267,40001.0,3829.863927187528,1.2941176470588236,839,832,11,0,821,819,22082,18,0,0,18,13
2020-10-31,US,Oklahoma,Alfalfa,130,0,0,36.73090616,-98.32408495,40003.0,2279.901788846019,0.0,130,127,0,0,127,124,5754,3,0,0,3,3
2020-10-31,US,Oklahoma,Atoka,466,1,0,34.37366573,-96.03802487,40005.0,3387.1202209623493,0.2145922746781116,465,462,1,0,461,457,13838,4,0,0,4,5
2020-10-31,US,Oklahoma,Beaver,94,1,0,36.7496847,-100.4758872,40007.0,1769.9115044247787,1.0638297872340423,93,93,1,0,92,92,5319,1,0,0,1,1
2020-10-31,US,Oklahoma,Beckham,937,11,0,35.26862449,-99.68128023,40009.0,4286.563886728579,1.1739594450373532,926,925,11,0,914,915,21709,12,0,0,12,10
2020-10-31,US,Oklahoma,Blaine,219,1,0,35.87518314,-98.43307003,40011.0,2322.621699013681,0.45662100456620996,218,216,1,0,215,216,9485,3,0,0,3,0
2020-10-31,US,Oklahoma,Bryan,1630,14,0,33.96472458,-96.25903472,40013.0,3396.1871028232117,0.8588957055214724,1616,1610,14,0,1596,1584,47192,20,0,0,20,26
2020-10-31,US,Oklahoma,Caddo,1179,26,0,35.17364557,-98.37534464,40015.0,4099.158612057577,2.2052586938083123,1153,1168,26,0,1142,1156,28977,11,0,0,11,12
2020-10-31,US,Oklahoma,Canadian,4163,23,0,35.5426055,-97.98465569,40017.0,2807.0341051609507,0.5524861878453039,4140,4112,23,0,4089,4070,144447,51,0,0,51,42
2020-10-31,US,Oklahoma,Carter,914,10,0,34.25103751,-97.28552485,40019.0,1899.7734405853128,1.0940919037199124,904,908,10,0,898,894,48177,6,0,0,6,14
2020-10-31,US,Oklahoma,Cherokee,1428,8,0,35.90692775,-94.99980896,40021.0,2934.82952093224,0.5602240896358543,1420,1418,8,0,1410,1398,48675,10,0,0,10,20
2020-10-31,US,Oklahoma,Choctaw,484,2,0,34.02807439,-95.54771129,40023.0,3298.8004362050165,0.4132231404958678,482,466,2,0,464,457,14668,18,0,0,18,9
2020-10-31,US,Oklahoma,Cimarron,40,0,0,36.74817177,-102.5173885,40025.0,1871.7828731867105,0.0,40,40,0,0,40,39,2153,0,0,0,0,1
2020-10-31,US,Oklahoma,Cleveland,8622,105,0,35.20413532,-97.32519562,40027.0,3035.7658425288896,1.2178148921363954,8517,8568,105,0,8463,8485,281669,54,0,0,54,83
2020-10-31,US,Oklahoma,Coal,112,0,0,34.58840127,-96.29798747,40029.0,2038.216560509554,0.0,112,105,0,0,105,102,5520,7,0,0,7,3
2020-10-31,US,Oklahoma,Comanche,2549,18,0,34.65973764,-98.47195055,40031.0,2110.9905672096666,0.7061592781482935,2531,2509,17,0,2492,2468,120422,40,1,0,39,41
2020-10-31,US,Oklahoma,Cotton,109,3,0,34.28845626,-98.37053567,40033.0,1923.7557359689374,2.7522935779816518,106,103,3,0,100,103,5776,6,0,0,6,0
2020-10-31,US,Oklahoma,Craig,643,2,0,36.76268118,-95.20916602,40035.0,4546.74020647716,0.3110419906687403,641,641,2,0,639,632,14306,2,0,0,2,9
2020-10-31,US,Oklahoma,Creek,1635,39,0,35.90230551,-96.37086028,40037.0,2286.00989905204,2.385321100917431,1596,1625,39,0,1586,1609,71604,10,0,0,10,16
2020-10-31,US,Oklahoma,Custer,1125,6,0,35.63853802,-99.00170785,40039.0,3878.909078371203,0.5333333333333333,1119,1114,6,0,1108,1109,29036,11,0,0,11,5
2020-10-31,US,Oklahoma,Delaware,1310,28,0,36.40823634,-94.80325046,40041.0,3045.8741193703645,2.137404580152672,1282,1291,28,0,1263,1267,42733,19,0,0,19,24
2020-10-31,US,Oklahoma,Dewey,94,1,0,35.98772922,-99.00730714,40043.0,1921.8973625025562,1.0638297872340423,93,94,1,0,93,94,4894,0,0,0,0,0
2020-10-31,US,Oklahoma,Ellis,29,0,0,36.218019399999996,-99.75324573,40045.0,751.4900233221042,0.0,29,26,0,0,26,24,3952,3,0,0,3,2
2020-10-31,US,Oklahoma,Garfield,2521,28,0,36.3791334,-97.78265517,40047.0,4128.996331236897,1.1106703689012296,2493,2497,28,0,2469,2475,60913,24,0,0,24,22
2020-10-31,US,Oklahoma,Garvin,752,6,0,34.70418038,-97.30811132,40049.0,2713.7237919959584,0.7978723404255319,746,721,6,0,715,699,27811,31,0,0,31,22
2020-10-31,US,Oklahoma,Grady,1675,16,0,35.0167709,-97.88339847,40051.0,2999.9641795321845,0.9552238805970148,1659,1659,16,0,1643,1641,55551,16,0,0,16,18
2020-10-31,US,Oklahoma,Grant,114,2,0,36.796296999999996,-97.78638765,40053.0,2630.9716132010158,1.7543859649122806,112,109,2,0,107,109,4326,5,0,0,5,0
2020-10-31,US,Oklahoma,Greer,158,8,0,34.93535801,-99.56056120000001,40055.0,2766.1064425770314,5.063291139240507,150,154,8,0,146,152,5821,4,0,0,4,2
2020-10-31,US,Oklahoma,Harmon,76,0,0,34.7440135,-99.84741652,40057.0,2864.6814926498305,0.0,76,76,0,0,76,75,2664,0,0,0,0,1
2020-10-31,US,Oklahoma,Harper,74,2,0,36.78836519,-99.6679804,40059.0,2006.5075921908888,2.702702702702702,72,74,2,0,72,72,3797,0,0,0,0,2
2020-10-31,US,Oklahoma,Haskell,400,5,0,35.22257600000001,-95.11513306,40061.0,3167.8149996040233,1.25,395,395,5,0,390,391,12668,5,0,0,5,4
2020-10-31,US,Oklahoma,Hughes,420,6,0,35.04912569,-96.24921145,40063.0,3162.88877174486,1.4285714285714286,414,413,5,0,408,406,13335,7,1,0,6,7
2020-10-31,US,Oklahoma,Jackson,1169,13,0,34.58781741,-99.41138784,40065.0,4765.593151243375,1.1120615911035072,1156,1154,13,0,1141,1141,24949,15,0,0,15,13
2020-10-31,US,Oklahoma,Jefferson,89,0,0,34.11130184,-97.83182974,40067.0,1482.8390536487836,0.0,89,84,0,0,84,81,6123,5,0,0,5,3
2020-10-31,US,Oklahoma,Johnston,308,4,0,34.31440473,-96.66011537,40069.0,2778.5295444294093,1.2987012987012987,304,306,4,0,302,302,10949,2,0,0,2,4
2020-10-31,US,Oklahoma,Kay,907,16,0,36.81799745,-97.14421435,40071.0,2083.2376314943267,1.7640573318632855,891,903,16,0,887,899,44161,4,0,0,4,4
2020-10-31,US,Oklahoma,Kingfisher,589,3,0,35.94530008,-97.94193268,40073.0,3736.124326038693,0.5093378607809848,586,575,3,0,572,570,15816,14,0,0,14,5
2020-10-31,US,Oklahoma,Kiowa,182,3,0,34.91671958,-98.97720696,40075.0,2090.032154340836,1.6483516483516485,179,181,3,0,178,181,8729,1,0,0,1,0
2020-10-31,US,Oklahoma,Latimer,228,2,0,34.87844729,-95.25215049,40077.0,2263.476620669116,0.8771929824561403,226,216,2,0,214,213,10231,12,0,0,12,3
2020-10-31,US,Oklahoma,Le Flore,1737,24,0,34.89851864,-94.70392124,40079.0,3484.2436764086406,1.381692573402418,1713,1712,24,0,1688,1689,49980,25,0,0,25,23
2020-10-31,US,Oklahoma,Lincoln,822,22,0,35.70270942,-96.8812462,40081.0,2356.854087220805,2.67639902676399,800,812,22,0,790,803,34920,10,0,0,10,9
2020-10-31,US,Oklahoma,Logan,890,2,0,35.91899576,-97.44352845,40083.0,1853.7418508258525,0.2247191011235955,888,881,2,0,879,870,47291,9,0,0,9,11
2020-10-31,US,Oklahoma,Love,290,1,0,33.95273467,-97.23906784,40085.0,2828.4404564517713,0.3448275862068966,289,285,1,0,284,283,10134,5,0,0,5,2
2020-10-31,US,Oklahoma,Major,192,2,0,36.31149996,-98.53467076,40093.0,2516.7125442390875,1.0416666666666667,190,189,2,0,187,182,7644,3,0,0,3,7
2020-10-31,US,Oklahoma,Marshall,294,2,0,34.02311222,-96.76855464,40095.0,1736.4597483905263,0.6802721088435374,292,287,2,0,285,280,16806,7,0,0,7,7
2020-10-31,US,Oklahoma,Mayes,1013,15,0,36.30179091,-95.23175116,40097.0,2464.7201946472023,1.4807502467917075,998,998,15,0,983,986,41107,15,0,0,15,12
2020-10-31,US,Oklahoma,McClain,1386,13,0,35.01123903,-97.44572302,40087.0,3424.4206157039093,0.9379509379509381,1373,1367,13,0,1354,1359,39985,19,0,0,19,8
2020-10-31,US,Oklahoma,McCurtain,1657,41,0,34.11664328,-94.77222373,40089.0,5046.905458089668,2.4743512371756187,1616,1653,41,0,1612,1634,32703,4,0,0,4,19
2020-10-31,US,Oklahoma,McIntosh,522,10,0,35.37235506,-95.66599306,40091.0,2663.808940600123,1.9157088122605364,512,523,10,0,513,514,19815,-1,0,0,-1,9
2020-10-31,US,Oklahoma,Murray,331,3,0,34.48116015,-97.06826283,40099.0,2352.021601648547,0.9063444108761328,328,325,3,0,322,315,13953,6,0,0,6,10
2020-10-31,US,Oklahoma,Muskogee,2432,28,0,35.61318461,-95.37802952,40101.0,3576.628380663853,1.1513157894736843,2404,2398,28,0,2370,2380,68362,34,0,0,34,18
2020-10-31,US,Oklahoma,Noble,199,3,0,36.38953329,-97.22928674,40103.0,1787.7998382894614,1.5075376884422111,196,190,3,0,187,183,11289,9,0,0,9,7
2020-10-31,US,Oklahoma,Nowata,269,4,0,36.79843529,-95.61902331,40105.0,2669.710202461294,1.4869888475836432,265,264,4,0,260,258,10218,5,0,0,5,6
2020-10-31,US,Oklahoma,Okfuskee,573,8,0,35.46485198,-96.32639984,40107.0,4777.787042441424,1.3961605584642234,565,567,8,0,559,553,12098,6,0,0,6,14
2020-10-31,US,Oklahoma,Oklahoma,24607,231,0,35.55140095,-97.40716948,40109.0,3085.772615664744,0.9387572641931158,24376,24468,231,0,24237,24250,792582,139,0,0,139,218
2020-10-31,US,Oklahoma,Okmulgee,1294,13,0,35.64661916,-95.96432828,40111.0,3364.097231249188,1.0046367851622875,1281,1272,12,0,1260,1256,38335,22,1,0,21,16
2020-10-31,US,Oklahoma,Osage,1411,15,0,36.62888819,-96.39635704,40113.0,3004.4928986649065,1.0630758327427356,1396,1396,13,0,1383,1390,47014,15,2,0,13,6
2020-10-31,US,Oklahoma,Ottawa,1290,18,0,36.83532655,-94.81011909,40115.0,4144.312012079546,1.3953488372093024,1272,1271,17,0,1254,1263,31175,19,1,0,18,8
2020-10-31,US,Oklahoma,Pawnee,345,5,0,36.31743373,-96.70331759999999,40117.0,2106.741573033708,1.4492753623188406,340,343,5,0,338,339,16390,2,0,0,2,4
2020-10-31,US,Oklahoma,Payne,2882,14,0,36.07695283,-96.97584944,40119.0,3523.916658515113,0.4857737682165163,2868,2841,13,0,2828,2817,82040,41,1,0,40,24
2020-10-31,US,Oklahoma,Pittsburg,1298,21,0,34.92065823,-95.75134320000001,40121.0,2973.3815916067256,1.6178736517719567,1277,1288,21,0,1267,1277,43877,10,0,0,10,11
2020-10-31,US,Oklahoma,Pontotoc,869,5,0,34.72959848,-96.68337199,40123.0,2269.877755720405,0.5753739930955121,864,848,4,0,844,833,38247,21,1,0,20,15
2020-10-31,US,Oklahoma,Pottawatomie,2310,14,0,35.20614018,-96.94923008,40125.0,3182.168834031298,0.6060606060606061,2296,2293,14,0,2279,2264,72679,17,0,0,17,29
2020-10-31,US,Oklahoma,Pushmataha,295,6,0,34.41635232,-95.37603505,40127.0,2658.615717375631,2.0338983050847457,289,286,6,0,280,281,11179,9,0,0,9,5
2020-10-31,US,Oklahoma,Roger Mills,91,4,0,35.68711719,-99.69666167,40129.0,2539.771141501535,4.395604395604397,87,91,4,0,87,90,3656,0,0,0,0,1
2020-10-31,US,Oklahoma,Rogers,2554,55,0,36.37004357,-95.60406759,40131.0,2762.3054543094777,2.1534847298355517,2499,2519,55,0,2464,2480,91984,35,0,0,35,39
2020-10-31,US,Oklahoma,Seminole,834,6,0,35.16478725,-96.61686741,40133.0,3438.0410586198373,0.7194244604316546,828,831,6,0,825,817,24578,3,0,0,3,14
2020-10-31,US,Oklahoma,Sequoyah,1286,14,0,35.49447108,-94.75463785,40135.0,3093.6515191609133,1.088646967340591,1272,1273,14,0,1259,1262,41179,13,0,0,13,11
2020-10-31,US,Oklahoma,Stephens,805,8,0,34.48556989,-97.85141892,40137.0,1865.887861298473,0.9937888198757764,797,772,8,0,764,765,43265,33,0,0,33,7
2020-10-31,US,Oklahoma,Texas,1836,10,0,36.74777635,-101.4889765,40139.0,9187.809638192464,0.5446623093681917,1826,1826,10,0,1816,1816,20455,10,0,0,10,10
2020-10-31,US,Oklahoma,Tillman,152,4,0,34.37288446,-98.92426619,40141.0,2096.5517241379307,2.631578947368421,148,151,4,0,147,151,7348,1,0,0,1,0
2020-10-31,US,Oklahoma,Tulsa,22535,214,0,36.11939621,-95.94013939,40143.0,3458.6648494671185,0.9496339028178388,22321,22312,211,0,22101,22096,648360,223,3,0,220,216
2020-10-31,US,Oklahoma,Unassigned,5,0,0,0.0,0.0,90040.0,0.0,0.0,5,5,0,0,5,3,,0,0,0,0,2
2020-10-31,US,Oklahoma,Wagoner,1985,31,0,35.96024096,-95.51911308,40145.0,2441.9048087687147,1.561712846347607,1954,1972,31,0,1941,1951,80110,13,0,0,13,21
2020-10-31,US,Oklahoma,Washington,1376,42,0,36.71380786,-95.90514104,40147.0,2670.4446212665202,3.052325581395349,1334,1361,42,0,1319,1342,51843,15,0,0,15,19
2020-10-31,US,Oklahoma,Washita,192,0,0,35.29071824,-98.99180434,40149.0,1758.8860388420667,0.0,192,189,0,0,189,187,11127,3,0,0,3,2
2020-10-31,US,Oklahoma,Woods,187,0,0,36.76705782,-98.86573064,40151.0,2126.6916865688613,0.0,187,187,0,0,187,184,8897,0,0,0,0,3
2020-10-31,US,Oklahoma,Woodward,1292,5,0,36.42316318,-99.26283045,40153.0,6392.558507743308,0.38699690402476783,1287,1279,5,0,1274,1269,20222,13,0,0,13,10
2020-10-31,US,Oregon,Baker,144,3,0,44.70915557,-117.6749883,41001.0,893.0786405358473,2.083333333333333,141,143,3,0,140,140,16006,1,0,0,1,3
2020-10-31,US,Oregon,Benton,464,6,0,44.49167306,-123.4316987,41003.0,498.640559681042,1.293103448275862,458,464,6,0,458,463,92101,0,0,0,0,1
2020-10-31,US,Oregon,Clackamas,3350,66,0,45.18787398,-122.2179634,41005.0,801.0770301324527,1.9701492537313432,3284,3309,66,0,3243,3267,416075,41,0,0,41,42
2020-10-31,US,Oregon,Clatsop,254,0,0,45.99712889,-123.660711,41007.0,631.4638027048527,0.0,254,251,0,0,251,248,39764,3,0,0,3,3
2020-10-31,US,Oregon,Columbia,274,2,0,45.94464254,-123.08908980000001,41009.0,523.3602017037857,0.7299270072992701,272,275,1,0,274,271,52377,-1,1,0,-2,4
2020-10-31,US,Oregon,Coos,266,1,0,43.17406868,-124.0594514,41011.0,412.4862375362477,0.3759398496240601,265,262,1,0,261,260,64389,4,0,0,4,2
2020-10-31,US,Oregon,Crook,116,3,0,44.14230227,-120.356297,41013.0,475.3319128011801,2.586206896551724,113,116,2,0,114,113,23867,0,1,0,-1,3
2020-10-31,US,Oregon,Curry,60,2,0,42.45911325,-124.15728200000001,41015.0,261.72300981461285,3.333333333333333,58,58,1,0,57,58,22813,2,1,0,1,0
2020-10-31,US,Oregon,Deschutes,1240,13,0,43.91570171,-121.2289121,41017.0,627.2383303320316,1.0483870967741935,1227,1209,13,0,1196,1185,191996,31,0,0,31,24
2020-10-31,US,Oregon,Douglas,376,8,0,43.27941273,-123.16729099999999,41019.0,338.7997837448188,2.127659574468085,368,373,8,0,365,368,110283,3,0,0,3,5
2020-10-31,US,Oregon,Gilliam,17,0,0,45.37160076,-120.20488689999999,41021.0,889.121338912134,0.0,17,12,0,0,12,11,1894,5,0,0,5,1
2020-10-31,US,Oregon,Grant,12,0,0,44.49024544,-119.0068631,41023.0,166.68981803028197,0.0,12,12,0,0,12,12,7176,0,0,0,0,0
2020-10-31,US,Oregon,Harney,39,0,0,43.06422669,-118.96663059999999,41025.0,527.5260381441905,0.0,39,37,0,0,37,35,7329,2,0,0,2,2
2020-10-31,US,Oregon,Hood River,288,1,0,45.51872811,-121.65520359999998,41027.0,1231.7167051578135,0.3472222222222222,287,286,1,0,285,284,23428,2,0,0,2,2
2020-10-31,US,Oregon,Jackson,1876,7,0,42.43201126,-122.72893090000001,41029.0,849.0839307697878,0.373134328358209,1869,1865,7,0,1858,1796,219564,11,0,0,11,69
2020-10-31,US,Oregon,Jefferson,611,10,0,44.62806839,-121.17832,41031.0,2477.89763971125,1.6366612111292962,601,609,10,0,599,607,24192,2,0,0,2,2
2020-10-31,US,Oregon,Josephine,277,3,0,42.3665549,-123.5561938,41033.0,316.61846902968443,1.083032490974729,274,273,3,0,270,270,87393,4,0,0,4,3
2020-10-31,US,Oregon,Klamath,433,3,0,42.68762984,-121.64964609999998,41035.0,634.5438025733463,0.6928406466512702,430,431,3,0,428,422,67653,2,0,0,2,9
2020-10-31,US,Oregon,Lake,47,0,0,42.79246693,-120.38501629999999,41037.0,597.280467657898,0.0,47,47,0,0,47,43,7879,0,0,0,0,4
2020-10-31,US,Oregon,Lane,2564,28,0,43.93727035,-122.847753,41039.0,671.0864848311945,1.0920436817472698,2536,2501,27,0,2474,2467,379611,63,1,0,62,34
2020-10-31,US,Oregon,Lincoln,519,13,0,44.64252874,-123.86991200000001,41041.0,1038.7894800048036,2.5048169556840083,506,519,13,0,506,518,49388,0,0,0,0,1
2020-10-31,US,Oregon,Linn,881,17,0,44.48899494,-122.53731540000001,41043.0,679.0033063838642,1.9296254256526677,864,863,16,0,847,845,127335,18,1,0,17,18
2020-10-31,US,Oregon,Malheur,1977,38,0,43.1937027,-117.62273950000001,41045.0,6466.913087566648,1.9221041982802225,1939,1967,38,0,1929,1949,30725,10,0,0,10,18
2020-10-31,US,Oregon,Marion,6121,112,0,44.90287942,-122.58151170000001,41047.0,1759.8284160106725,1.8297663780428035,6009,6068,109,0,5959,6024,346868,53,3,0,50,44
2020-10-31,US,Oregon,Morrow,557,7,0,45.41846568,-119.584546,41049.0,4800.482633801603,1.2567324955116697,550,554,7,0,547,551,11372,3,0,0,3,3
2020-10-31,US,Oregon,Multnomah,9780,173,0,45.54747959,-122.4169351,41051.0,1203.166616432205,1.768916155419223,9607,9653,167,0,9486,9502,811880,127,6,0,121,151
2020-10-31,US,Oregon,Polk,690,15,0,44.90322804,-123.4128888,41053.0,801.5333681826103,2.1739130434782608,675,675,15,0,660,668,85234,15,0,0,15,7
2020-10-31,US,Oregon,Sherman,21,0,0,45.41501554,-120.6827834,41055.0,1179.7752808988764,0.0,21,22,0,0,22,20,1708,-1,0,0,-1,2
2020-10-31,US,Oregon,Tillamook,77,0,0,45.46248721,-123.712066,41057.0,284.8054445923953,0.0,77,75,0,0,75,74,26787,2,0,0,2,1
2020-10-31,US,Oregon,Umatilla,3476,45,0,45.59073056,-118.7353826,41059.0,4459.268762026941,1.2945914844649022,3431,3461,45,0,3416,3435,77516,15,0,0,15,26
2020-10-31,US,Oregon,Union,493,2,0,45.30915495,-118.0068979,41061.0,1837.1529718651016,0.4056795131845842,491,487,2,0,485,484,26461,6,0,0,6,3
2020-10-31,US,Oregon,Wallowa,55,2,0,45.57894064,-117.18353799999998,41063.0,763.041065482797,3.636363636363636,53,51,2,0,49,49,7081,4,0,0,4,2
2020-10-31,US,Oregon,Wasco,358,16,0,45.16292781,-121.16709540000001,41065.0,1341.7285061089874,4.46927374301676,342,352,16,0,336,349,26505,6,0,0,6,3
2020-10-31,US,Oregon,Washington,6170,78,0,45.55972701,-123.0955257,41067.0,1025.612042713334,1.2641815235008105,6092,6082,78,0,6004,5991,597695,88,0,0,88,91
2020-10-31,US,Oregon,Wheeler,1,0,0,44.72698162,-120.02814270000002,41069.0,75.07507507507508,0.0,1,1,0,0,1,1,1366,0,0,0,0,0
2020-10-31,US,Oregon,Yamhill,1037,15,0,45.23330449,-123.3086963,41071.0,968.2539682539683,1.446480231436837,1022,1025,15,0,1010,1013,107002,12,0,0,12,12
2020-10-31,US,Pennsylvania,Adams,1179,31,0,39.87140411,-77.21610347,42001.0,1144.5601840615868,2.6293469041560646,1148,1158,29,0,1129,1144,102811,21,2,0,19,14
2020-10-31,US,Pennsylvania,Allegheny,15796,419,0,40.46809875,-79.98167747,42003.0,1298.9650876406713,2.652570270954672,15377,15622,416,0,15206,15449,1218452,174,3,0,171,173
2020-10-31,US,Pennsylvania,Armstrong,769,21,0,40.81665618,-79.46290811,42005.0,1187.9199814628869,2.730819245773732,748,739,21,0,718,724,65263,30,0,0,30,15
2020-10-31,US,Pennsylvania,Beaver,2325,140,0,40.6825484,-80.34921611,42007.0,1418.2969456289004,6.021505376344086,2185,2302,140,0,2162,2283,164742,23,0,0,23,19
2020-10-31,US,Pennsylvania,Bedford,447,7,0,40.00522157,-78.48998442,42009.0,933.4279986635482,1.5659955257270697,440,414,7,0,407,404,48176,33,0,0,33,10
2020-10-31,US,Pennsylvania,Berks,9562,425,0,40.41570541,-75.92457766,42011.0,2270.3744859484673,4.444676845848148,9137,9481,423,0,9058,9388,420152,81,2,0,79,93
2020-10-31,US,Pennsylvania,Blair,1376,32,0,40.47961444,-78.34917412,42013.0,1129.4519367309915,2.3255813953488373,1344,1306,31,0,1275,1268,122492,70,1,0,69,38
2020-10-31,US,Pennsylvania,Bradford,862,15,0,41.78869215,-76.51570822,42015.0,1428.97402317524,1.740139211136891,847,833,15,0,818,775,60833,29,0,0,29,58
2020-10-31,US,Pennsylvania,Bucks,10445,626,0,40.33682119,-75.10836643,42017.0,1662.5017906314167,5.993298228817617,9819,10337,626,0,9711,10254,628195,108,0,0,108,83
2020-10-31,US,Pennsylvania,Butler,1840,28,0,40.91152759,-79.91351055,42019.0,979.4892815126724,1.5217391304347827,1812,1794,28,0,1766,1746,187888,46,0,0,46,48
2020-10-31,US,Pennsylvania,Cambria,1203,9,0,40.49527404,-78.71377428,42021.0,924.0199090573924,0.7481296758104738,1194,1165,9,0,1156,1123,131730,38,0,0,38,42
2020-10-31,US,Pennsylvania,Cameron,10,0,0,41.43625568,-78.20376845,42023.0,224.870699347875,0.0,10,9,0,0,9,9,4492,1,0,0,1,0
2020-10-31,US,Pennsylvania,Carbon,611,31,0,40.91545395,-75.7068525,42025.0,951.9803060047988,5.073649754500818,580,604,30,0,574,597,64227,7,1,0,6,7
2020-10-31,US,Pennsylvania,Centre,4272,18,0,40.92058903,-77.82200624,42027.0,2630.78486313391,0.4213483146067416,4254,4226,17,0,4209,4184,162805,46,1,0,45,42
2020-10-31,US,Pennsylvania,Chester,8198,381,0,39.97291773,-75.74768357,42029.0,1561.5565278510596,4.6474749939009525,7817,8198,381,0,7817,8163,522046,0,0,0,0,35
2020-10-31,US,Pennsylvania,Clarion,244,4,0,41.19265812,-79.42413524,42031.0,634.7884905562204,1.639344262295082,240,233,4,0,229,226,38779,11,0,0,11,7
2020-10-31,US,Pennsylvania,Clearfield,497,7,0,41.00110782,-78.47592663,42033.0,627.0897735158665,1.4084507042253518,490,488,7,0,481,480,79388,9,0,0,9,8
2020-10-31,US,Pennsylvania,Clinton,277,7,0,41.23255967,-77.63785995,42035.0,717.0221577966452,2.527075812274368,270,275,7,0,268,273,38684,2,0,0,2,2
2020-10-31,US,Pennsylvania,Columbia,1074,42,0,41.04821986,-76.40565017,42037.0,1653.2233236869656,3.910614525139665,1032,1067,42,0,1025,1061,65456,7,0,0,7,6
2020-10-31,US,Pennsylvania,Crawford,571,3,0,41.68447709,-80.10760592,42039.0,674.7096149074193,0.5253940455341506,568,561,3,0,558,532,85063,10,0,0,10,29
2020-10-31,US,Pennsylvania,Cumberland,2554,81,0,40.1625372,-77.26130755,42041.0,1008.0119982634093,3.17149569303054,2473,2526,81,0,2445,2500,251423,28,0,0,28,26
2020-10-31,US,Pennsylvania,Dauphin,4960,196,0,40.41377078,-76.77993242,42043.0,1782.2557752632958,3.9516129032258074,4764,4898,196,0,4702,4852,277097,62,0,0,62,46
2020-10-31,US,Pennsylvania,Delaware,13888,771,0,39.91680171,-75.40243663,42045.0,2450.4761383827354,5.551555299539172,13117,13754,770,0,12984,13618,564751,134,1,0,133,136
2020-10-31,US,Pennsylvania,Elk,177,2,0,41.42822061,-78.64524744,42047.0,591.7753259779337,1.1299435028248588,175,177,2,0,175,167,30169,0,0,0,0,10
2020-10-31,US,Pennsylvania,Erie,2223,40,0,41.99253829,-80.03301954,42049.0,824.1636018507534,1.7993702204228517,2183,2181,40,0,2141,2128,272061,42,0,0,42,53
2020-10-31,US,Pennsylvania,Fayette,1061,15,0,39.92041012,-79.64291195,42051.0,820.7373485774402,1.4137606032045242,1046,1051,15,0,1036,1035,130441,10,0,0,10,16
2020-10-31,US,Pennsylvania,Forest,19,1,0,41.51095103,-79.23229292,42053.0,262.17745273906445,5.2631578947368425,18,19,1,0,18,19,7279,0,0,0,0,0
2020-10-31,US,Pennsylvania,Franklin,2306,55,0,39.92956518,-77.72157791,42055.0,1487.4828255723196,2.385082393755421,2251,2269,55,0,2214,2219,154835,37,0,0,37,50
2020-10-31,US,Pennsylvania,Fulton,94,4,0,39.92913544,-78.11163677,42057.0,646.9373709566414,4.25531914893617,90,88,4,0,84,83,14523,6,0,0,6,5
2020-10-31,US,Pennsylvania,Greene,263,1,0,39.85746531,-80.22357106,42059.0,725.8576435845773,0.3802281368821293,262,256,1,0,255,244,36506,7,0,0,7,12
2020-10-31,US,Pennsylvania,Huntingdon,1017,19,0,40.42162652,-77.97673273,42061.0,2252.7910685805427,1.8682399213372665,998,1005,18,0,987,993,45168,12,1,0,11,12
2020-10-31,US,Pennsylvania,Indiana,1197,17,0,40.65241041,-79.08963285,42063.0,1423.7626824307447,1.4202172096908938,1180,1170,17,0,1153,1138,84501,27,0,0,27,32
2020-10-31,US,Pennsylvania,Jefferson,217,4,0,41.12913106,-78.9986361,42065.0,499.7121473805411,1.8433179723502304,213,202,4,0,198,197,43641,15,0,0,15,5
2020-10-31,US,Pennsylvania,Juniata,244,8,0,40.53358749,-77.39975129999998,42067.0,985.3410329927716,3.278688524590164,236,243,8,0,235,241,24704,1,0,0,1,2
2020-10-31,US,Pennsylvania,Lackawanna,3846,219,0,41.43564672,-75.60379201,42069.0,1834.2760666558565,5.694227769110764,3627,3817,219,0,3598,3780,210793,29,0,0,29,37
2020-10-31,US,Pennsylvania,Lancaster,9877,479,0,40.03904563,-76.24770128,42071.0,1809.8892480447992,4.849650703654956,9398,9764,479,0,9285,9647,543557,113,0,0,113,117
2020-10-31,US,Pennsylvania,Lawrence,947,35,0,40.99206278,-80.33393706,42073.0,1107.446908036299,3.695881731784583,912,914,34,0,880,903,86184,33,1,0,32,11
2020-10-31,US,Pennsylvania,Lebanon,3193,67,0,40.36680311,-76.45651841,42075.0,2251.874210997722,2.0983401190103352,3126,3132,67,0,3065,3057,141314,61,0,0,61,75
2020-10-31,US,Pennsylvania,Lehigh,6811,366,0,40.6154815,-75.59435245,42077.0,1844.2101386880688,5.373660255469093,6445,6698,366,0,6332,6643,368100,113,0,0,113,55
2020-10-31,US,Pennsylvania,Luzerne,5545,206,0,41.17823008,-75.98447579,42079.0,1746.9133663288355,3.715058611361587,5339,5467,203,0,5264,5412,317646,78,3,0,75,55
2020-10-31,US,Pennsylvania,Lycoming,995,32,0,41.34310539,-77.06629984,42081.0,878.2072215994846,3.2160804020100504,963,988,32,0,956,979,113664,7,0,0,7,9
2020-10-31,US,Pennsylvania,McKean,158,2,0,41.80938602,-78.56478358,42083.0,388.92307692307685,1.2658227848101269,156,157,2,0,155,148,40968,1,0,0,1,9
2020-10-31,US,Pennsylvania,Mercer,1137,27,0,41.30248872,-80.25816981,42085.0,1039.0773504898377,2.3746701846965697,1110,1101,27,0,1074,1073,110683,36,0,0,36,28
2020-10-31,US,Pennsylvania,Mifflin,436,4,0,40.61116939,-77.61070738,42087.0,944.9911136156747,0.9174311926605504,432,426,3,0,423,411,46222,10,1,0,9,15
2020-10-31,US,Pennsylvania,Monroe,2069,135,0,41.05934058,-75.34031025,42089.0,1215.121776462228,6.52489125181247,1934,2042,135,0,1907,2029,169507,27,0,0,27,13
2020-10-31,US,Pennsylvania,Montgomery,14301,895,0,40.21053671,-75.36652296,42091.0,1721.1146747862294,6.258303615131808,13406,14157,895,0,13262,14008,828604,144,0,0,144,149
2020-10-31,US,Pennsylvania,Montour,309,11,0,41.03023987,-76.66345939,42093.0,1695.0082281952825,3.559870550161812,298,306,11,0,295,300,18240,3,0,0,3,6
2020-10-31,US,Pennsylvania,Northampton,5568,315,0,40.75182733,-75.30471829,42095.0,1823.8694989927444,5.657327586206898,5253,5481,313,0,5168,5439,304807,87,2,0,85,42
2020-10-31,US,Pennsylvania,Northumberland,1585,112,0,40.84785433,-76.70798222,42097.0,1744.7684466607222,7.066246056782334,1473,1571,112,0,1459,1549,91083,14,0,0,14,22
2020-10-31,US,Pennsylvania,Perry,379,6,0,40.40206612,-77.26297447,42099.0,819.069847856155,1.5831134564643798,373,370,6,0,364,363,46139,9,0,0,9,7
2020-10-31,US,Pennsylvania,Philadelphia,44505,1875,0,40.00338507,-75.1379271,42101.0,2809.545573916205,4.213009774182676,42630,44505,1875,0,42630,44139,1584138,0,0,0,0,366
2020-10-31,US,Pennsylvania,Pike,633,23,0,41.33155042,-75.03208106,42103.0,1134.2256625275493,3.6334913112164298,610,629,23,0,606,624,55933,4,0,0,4,5
2020-10-31,US,Pennsylvania,Potter,60,1,0,41.74471626,-77.89559864,42105.0,363.06426237444015,1.6666666666666667,59,58,1,0,57,55,16622,2,0,0,2,3
2020-10-31,US,Pennsylvania,Schuylkill,2152,97,0,40.70497338,-76.2150785,42107.0,1522.3650421975256,4.507434944237918,2055,2110,94,0,2016,2072,142067,42,3,0,39,38
2020-10-31,US,Pennsylvania,Snyder,505,18,0,40.77129231,-77.06840691,42109.0,1250.8669374814228,3.5643564356435644,487,501,18,0,483,491,40540,4,0,0,4,10
2020-10-31,US,Pennsylvania,Somerset,461,3,0,39.97172723,-79.02699593,42111.0,627.6634852342505,0.6507592190889371,458,449,3,0,446,434,73952,12,0,0,12,15
2020-10-31,US,Pennsylvania,Sullivan,20,1,0,41.44634738,-76.51246591,42113.0,329.7065611605671,5.0,19,20,1,0,19,19,6071,0,0,0,0,1
2020-10-31,US,Pennsylvania,Susquehanna,416,28,0,41.82147784,-75.80071959,42115.0,1031.5413608411031,6.730769230769232,388,413,28,0,385,408,40589,3,0,0,3,5
2020-10-31,US,Pennsylvania,Tioga,241,3,0,41.77255149,-77.25433032,42117.0,593.7276736222316,1.2448132780082988,238,230,3,0,227,215,40763,11,0,0,11,15
2020-10-31,US,Pennsylvania,Union,726,11,0,40.96188846,-77.05996014,42119.0,1616.098657703181,1.5151515151515151,715,714,11,0,703,705,44785,12,0,0,12,9
2020-10-31,US,Pennsylvania,Venango,288,1,0,41.40323442,-79.75845449,42121.0,568.4060945764585,0.3472222222222222,287,279,1,0,278,268,51266,9,0,0,9,11
2020-10-31,US,Pennsylvania,Warren,71,1,0,41.81304978,-79.26969577,42123.0,181.1640427649205,1.4084507042253518,70,71,1,0,70,66,39498,0,0,0,0,5
2020-10-31,US,Pennsylvania,Washington,2136,37,0,40.19208869,-80.24582867,42125.0,1032.5574650134142,1.7322097378277153,2099,2098,35,0,2063,2024,207346,38,2,0,36,74
2020-10-31,US,Pennsylvania,Wayne,293,12,0,41.64938475,-75.29956506,42127.0,570.4717587274391,4.09556313993174,281,291,12,0,279,289,51276,2,0,0,2,2
2020-10-31,US,Pennsylvania,Westmoreland,4472,103,0,40.31377979999999,-79.46615476,42129.0,1281.7462933399065,2.3032200357781747,4369,4402,101,0,4301,4334,350611,70,2,0,68,68
2020-10-31,US,Pennsylvania,Wyoming,162,8,0,41.51955538,-76.01074915,42131.0,604.6129730536687,4.938271604938271,154,144,8,0,136,141,27046,18,0,0,18,3
2020-10-31,US,Pennsylvania,York,6716,207,0,39.9210089,-76.73040131,42133.0,1495.5751818250644,3.0821917808219177,6509,6630,207,0,6423,6545,448273,86,0,0,86,85
2020-10-31,US,Puerto Rico,Adjuntas,194,0,0,18.180117000000006,-66.754367,72001.0,995.7398757891497,0.0,194,192,0,0,192,191,,2,0,0,2,1
2020-10-31,US,Puerto Rico,Aguada,458,0,0,18.360255,-67.17513100000001,72003.0,1091.5417431301983,0.0,458,451,0,0,451,443,,7,0,0,7,8
2020-10-31,US,Puerto Rico,Aguadilla,620,0,0,18.459681,-67.12081500000001,72005.0,1017.2439252489786,0.0,620,608,0,0,608,590,,12,0,0,12,18
2020-10-31,US,Puerto Rico,Aguas Buenas,385,0,0,18.251619,-66.126806,72007.0,1343.3825325377718,0.0,385,385,0,0,385,379,,0,0,0,0,6
2020-10-31,US,Puerto Rico,Aibonito,220,0,0,18.131361,-66.264131,72009.0,849.4208494208493,0.0,220,219,0,0,219,216,,1,0,0,1,3
2020-10-31,US,Puerto Rico,Anasco,302,0,0,18.287985,-67.120611,72011.0,1032.0904958818903,0.0,302,300,0,0,300,287,,2,0,0,2,13
2020-10-31,US,Puerto Rico,Arecibo,1117,0,0,18.406631,-66.675077,72013.0,1158.2330982994608,0.0,1117,1107,0,0,1107,1099,,10,0,0,10,8
2020-10-31,US,Puerto Rico,Arroyo,205,0,0,17.998457000000005,-66.056546,72015.0,1047.2541507024266,0.0,205,205,0,0,205,202,,0,0,0,0,3
2020-10-31,US,Puerto Rico,Barceloneta,322,0,0,18.445532999999998,-66.56053100000001,72017.0,1297.5499677627338,0.0,322,322,0,0,322,320,,0,0,0,0,2
2020-10-31,US,Puerto Rico,Barranquitas,635,0,0,18.201592,-66.30963,72019.0,2094.4653341249427,0.0,635,634,0,0,634,624,,1,0,0,1,10
2020-10-31,US,Puerto Rico,Bayamon,5042,0,0,18.34946,-66.168435,72021.0,2422.6873474408503,0.0,5042,5015,0,0,5015,4934,,27,0,0,27,81
2020-10-31,US,Puerto Rico,Cabo Rojo,529,0,0,18.040993,-67.154391,72023.0,1038.945735216136,0.0,529,527,0,0,527,522,,2,0,0,2,5
2020-10-31,US,Puerto Rico,Caguas,2263,0,0,18.211615,-66.050779,72025.0,1583.7024906748404,0.0,2263,2247,0,0,2247,2219,,16,0,0,16,28
2020-10-31,US,Puerto Rico,Camuy,392,0,0,18.418578,-66.860206,72027.0,1114.9350095281436,0.0,392,388,0,0,388,380,,4,0,0,4,8
2020-10-31,US,Puerto Rico,Canovanas,952,0,0,18.328802,-65.887612,72029.0,1997.9852249832104,0.0,952,946,0,0,946,942,,6,0,0,6,4
2020-10-31,US,Puerto Rico,Carolina,4145,0,0,18.374986,-65.95683100000001,72031.0,2344.9610210339324,0.0,4145,4120,0,0,4120,4068,,25,0,0,25,52
2020-10-31,US,Puerto Rico,Catano,618,0,0,18.437269,-66.14330600000001,72033.0,2196.1620469083155,0.0,618,615,0,0,615,605,,3,0,0,3,10
2020-10-31,US,Puerto Rico,Cayey,533,0,0,18.102851,-66.14914,72035.0,1107.6705667200067,0.0,533,524,0,0,524,510,,9,0,0,9,14
2020-10-31,US,Puerto Rico,Ceiba,203,0,0,18.251818,-65.666416,72037.0,1489.2524392927885,0.0,203,199,0,0,199,198,,4,0,0,4,1
2020-10-31,US,Puerto Rico,Ciales,352,0,0,18.28885,-66.516475,72039.0,1874.134809924396,0.0,352,349,0,0,349,344,,3,0,0,3,5
2020-10-31,US,Puerto Rico,Cidra,450,0,0,18.173559,-66.161179,72041.0,1034.9586016559338,0.0,450,448,0,0,448,438,,2,0,0,2,10
2020-10-31,US,Puerto Rico,Coamo,431,0,0,18.097597,-66.36014,72043.0,1063.8823064770932,0.0,431,427,0,0,427,415,,4,0,0,4,12
2020-10-31,US,Puerto Rico,Comerio,293,0,0,18.224687,-66.221622,72045.0,1410.1453460390799,0.0,293,293,0,0,293,292,,0,0,0,0,1
2020-10-31,US,Puerto Rico,Corozal,907,0,0,18.304264,-66.327738,72047.0,2441.979430294545,0.0,907,905,0,0,905,886,,2,0,0,2,19
2020-10-31,US,Puerto Rico,Culebra,23,0,0,18.31586,-65.28813000000001,72049.0,1265.1265126512649,0.0,23,23,0,0,23,23,,0,0,0,0,0
2020-10-31,US,Puerto Rico,Dorado,1150,0,0,18.436115,-66.278669,72051.0,3013.232018865453,0.0,1150,1139,0,0,1139,1117,,11,0,0,11,22
2020-10-31,US,Puerto Rico,Fajardo,754,0,0,18.318373,-65.666866,72053.0,2038.2234476792908,0.0,754,750,0,0,750,735,,4,0,0,4,15
2020-10-31,US,Puerto Rico,Florida,398,0,0,18.373715,-66.560488,72054.0,3138.8012618296525,0.0,398,398,0,0,398,394,,0,0,0,0,4
2020-10-31,US,Puerto Rico,Guanica,169,0,0,17.982429,-66.91964300000001,72055.0,869.9233026200649,0.0,169,166,0,0,166,161,,3,0,0,3,5
2020-10-31,US,Puerto Rico,Guayama,388,0,0,18.007516,-66.13390799999999,72057.0,855.3414752435959,0.0,388,386,0,0,386,384,,2,0,0,2,2
2020-10-31,US,Puerto Rico,Guayanilla,260,0,0,18.039942,-66.79186,72059.0,1204.7634493304295,0.0,260,259,0,0,259,256,,1,0,0,1,3
2020-10-31,US,Puerto Rico,Guaynabo,2356,0,0,18.345114000000002,-66.11452299999999,72061.0,2405.947469466117,0.0,2356,2346,0,0,2346,2311,,10,0,0,10,35
2020-10-31,US,Puerto Rico,Gurabo,789,0,0,18.266461,-65.97970500000001,72063.0,1739.0729352641672,0.0,789,787,0,0,787,774,,2,0,0,2,13
2020-10-31,US,Puerto Rico,Hatillo,449,0,0,18.410928,-66.79632600000001,72065.0,1070.2452744738162,0.0,449,444,0,0,444,440,,5,0,0,5,4
2020-10-31,US,Puerto Rico,Hormigueros,223,0,0,18.134532,-67.113972,72067.0,1292.7536231884058,0.0,223,222,0,0,222,221,,1,0,0,1,1
2020-10-31,US,Puerto Rico,Humacao,813,0,0,18.145211,-65.810174,72069.0,1390.5517736804293,0.0,813,808,0,0,808,798,,5,0,0,5,10
2020-10-31,US,Puerto Rico,Isabela,400,0,0,18.44981,-67.005093,72071.0,876.5970502509259,0.0,400,394,0,0,394,380,,6,0,0,6,14
2020-10-31,US,Puerto Rico,Jayuya,292,0,0,18.211446,-66.58878,72073.0,1754.596803268838,0.0,292,290,0,0,290,288,,2,0,0,2,2
2020-10-31,US,Puerto Rico,Juana Diaz,459,0,0,18.050764,-66.49458100000001,72075.0,574.4896554313679,0.0,459,458,0,0,458,457,,1,0,0,1,1
2020-10-31,US,Puerto Rico,Juncos,611,0,0,18.223793,-65.909109,72077.0,1516.5053363117402,0.0,611,603,0,0,603,594,,8,0,0,8,9
2020-10-31,US,Puerto Rico,Lajas,220,0,0,18.011661,-67.040585,72079.0,854.2694055061546,0.0,220,219,0,0,219,219,,1,0,0,1,0
2020-10-31,US,Puerto Rico,Lares,457,0,0,18.269035000000002,-66.867236,72081.0,1486.0338828732156,0.0,457,453,0,0,453,449,,4,0,0,4,4
2020-10-31,US,Puerto Rico,Las Marias,130,0,0,18.23679,-66.98362,72083.0,1315.656310090072,0.0,130,130,0,0,130,128,,0,0,0,0,2
2020-10-31,US,Puerto Rico,Las Piedras,702,0,0,18.187527,-65.86946800000001,72085.0,1815.1260504201682,0.0,702,702,0,0,702,693,,0,0,0,0,9
2020-10-31,US,Puerto Rico,Loiza,387,0,0,18.425688,-65.89943000000001,72087.0,1287.4251497005987,0.0,387,383,0,0,383,379,,4,0,0,4,4
2020-10-31,US,Puerto Rico,Luquillo,332,0,0,18.342114000000002,-65.72509699999999,72089.0,1654.3751245764402,0.0,332,332,0,0,332,330,,0,0,0,0,2
2020-10-31,US,Puerto Rico,Manati,767,0,0,18.420473,-66.490461,72091.0,1738.7164781356973,0.0,767,765,0,0,765,749,,2,0,0,2,16
2020-10-31,US,Puerto Rico,Maricao,96,0,0,18.171795,-66.942126,72093.0,1529.6367112810708,0.0,96,96,0,0,96,95,,0,0,0,0,1
2020-10-31,US,Puerto Rico,Maunabo,176,0,0,18.017889,-65.922235,72095.0,1439.6728016359918,0.0,176,176,0,0,176,176,,0,0,0,0,0
2020-10-31,US,Puerto Rico,Mayaguez,1015,0,0,18.2013,-67.1452,72097.0,1139.425235743152,0.0,1015,1015,0,0,1015,1009,,0,0,0,0,6
2020-10-31,US,Puerto Rico,Moca,476,0,0,18.377805,-67.080952,72099.0,1186.7660624797427,0.0,476,473,0,0,473,457,,3,0,0,3,16
2020-10-31,US,Puerto Rico,Morovis,621,0,0,18.316963,-66.420383,72101.0,1904.323827046918,0.0,621,615,0,0,615,613,,6,0,0,6,2
2020-10-31,US,Puerto Rico,Naguabo,393,0,0,18.230636999999998,-65.753897,72103.0,1470.8083832335328,0.0,393,391,0,0,391,386,,2,0,0,2,5
2020-10-31,US,Puerto Rico,Naranjito,851,0,0,18.288019,-66.252703,72105.0,2799.15795013486,0.0,851,846,0,0,846,829,,5,0,0,5,17
2020-10-31,US,Puerto Rico,Orocovis,438,0,0,18.215046,-66.433604,72107.0,1869.9568799897531,0.0,438,438,0,0,438,434,,0,0,0,0,4
2020-10-31,US,Puerto Rico,Out of PR,804,0,0,0.0,0.0,72888.0,0.0,0.0,804,804,0,0,804,804,,0,0,0,0,0
2020-10-31,US,Puerto Rico,Patillas,205,0,0,18.03174,-66.012242,72109.0,1063.4434818695854,0.0,205,205,0,0,205,202,,0,0,0,0,3
2020-10-31,US,Puerto Rico,Penuelas,156,0,0,18.059645,-66.721572,72111.0,642.4511984185816,0.0,156,155,0,0,155,155,,1,0,0,1,0
2020-10-31,US,Puerto Rico,Ponce,1269,0,0,18.059498,-66.613748,72113.0,762.9549020904602,0.0,1269,1262,0,0,1262,1252,,7,0,0,7,10
2020-10-31,US,Puerto Rico,Quebradillas,277,0,0,18.439692,-66.926113,72115.0,1068.7140707589028,0.0,277,275,0,0,275,273,,2,0,0,2,2
2020-10-31,US,Puerto Rico,Rincon,243,0,0,18.335442999999998,-67.23174,72117.0,1598.6842105263156,0.0,243,243,0,0,243,241,,0,0,0,0,2
2020-10-31,US,Puerto Rico,Rio Grande,874,0,0,18.346329,-65.813742,72119.0,1609.4578668238064,0.0,874,868,0,0,868,862,,6,0,0,6,6
2020-10-31,US,Puerto Rico,Sabana Grande,241,0,0,18.08282,-66.943758,72121.0,953.888778943202,0.0,241,241,0,0,241,240,,0,0,0,0,1
2020-10-31,US,Puerto Rico,Salinas,554,0,0,18.010386999999994,-66.256592,72123.0,1782.6114936611111,0.0,554,553,0,0,553,546,,1,0,0,1,7
2020-10-31,US,Puerto Rico,San German,328,0,0,18.111484,-67.03858100000001,72125.0,923.2414783122696,0.0,328,328,0,0,328,319,,0,0,0,0,9
2020-10-31,US,Puerto Rico,San Juan,10604,0,0,18.386933,-66.061128,72127.0,2682.3431800589888,0.0,10604,10552,0,0,10552,10415,,52,0,0,52,137
2020-10-31,US,Puerto Rico,San Lorenzo,736,0,0,18.147987,-65.976392,72129.0,1792.5860977154266,0.0,736,732,0,0,732,731,,4,0,0,4,1
2020-10-31,US,Puerto Rico,San Sebastian,770,0,0,18.328646,-66.971214,72131.0,1814.7537119962287,0.0,770,761,0,0,761,747,,9,0,0,9,14
2020-10-31,US,Puerto Rico,Santa Isabel,258,0,0,17.994525,-66.388913,72133.0,1108.533127094612,0.0,258,255,0,0,255,250,,3,0,0,3,5
2020-10-31,US,Puerto Rico,Toa Alta,1786,0,0,18.362406,-66.246616,72135.0,2411.3628385494017,0.0,1786,1766,0,0,1766,1725,,20,0,0,20,41
2020-10-31,US,Puerto Rico,Toa Baja,2020,0,0,18.431445999999998,-66.213553,72137.0,2254.237855572543,0.0,2020,2009,0,0,2009,1976,,11,0,0,11,33
2020-10-31,US,Puerto Rico,Trujillo Alto,1613,0,0,18.336159,-65.99888399999999,72139.0,2155.2069693487615,0.0,1613,1606,0,0,1606,1572,,7,0,0,7,34
2020-10-31,US,Puerto Rico,Unassigned,1293,822,0,0.0,0.0,72999.0,0.0,63.573085846867755,471,1285,820,0,465,1248,,8,2,0,6,37
2020-10-31,US,Puerto Rico,Utuado,268,0,0,18.271214,-66.702984,72141.0,808.4708437660263,0.0,268,266,0,0,266,259,,2,0,0,2,7
2020-10-31,US,Puerto Rico,Vega Alta,989,0,0,18.409346,-66.33725,72143.0,2475.5325273459994,0.0,989,986,0,0,986,977,,3,0,0,3,9
2020-10-31,US,Puerto Rico,Vega Baja,1249,0,0,18.428262,-66.397924,72145.0,2093.4598236733605,0.0,1249,1240,0,0,1240,1225,,9,0,0,9,15
2020-10-31,US,Puerto Rico,Vieques,104,0,0,18.123276,-65.44097099999999,72147.0,1118.159337705623,0.0,104,104,0,0,104,104,,0,0,0,0,0
2020-10-31,US,Puerto Rico,Villalba,250,0,0,18.127951,-66.473115,72149.0,958.8463161124536,0.0,250,247,0,0,247,240,,3,0,0,3,7
2020-10-31,US,Puerto Rico,Yabucoa,487,0,0,18.070399,-65.896289,72151.0,1283.57186157455,0.0,487,486,0,0,486,484,,1,0,0,1,2
2020-10-31,US,Puerto Rico,Yauco,587,0,0,18.080374,-66.858814,72153.0,1396.1896153937635,0.0,587,581,0,0,581,568,,6,0,0,6,13
2020-10-31,US,Rhode Island,Bristol,558,19,0,41.71018079,-71.28652315,44001.0,1151.0138410445759,3.4050179211469533,539,558,19,0,539,558,48649,0,0,0,0,0
2020-10-31,US,Rhode Island,Kent,2566,121,0,41.67106337,-71.57641596,44003.0,1561.8532856134198,4.715510522213561,2445,2566,121,0,2445,2566,163861,0,0,0,0,0
2020-10-31,US,Rhode Island,Newport,678,10,0,41.5642026,-71.26569799,44005.0,826.0032650276552,1.4749262536873156,668,678,10,0,668,678,82542,0,0,0,0,0
2020-10-31,US,Rhode Island,Providence,23320,951,0,41.87064746,-71.57753536,44007.0,3649.8463840383392,4.078044596912521,22369,23320,951,0,22369,23320,636084,0,0,0,0,0
2020-10-31,US,Rhode Island,Unassigned,4417,22,0,0.0,0.0,90044.0,0.0,0.49807561693457103,4395,4417,22,0,4395,3855,,0,0,0,0,562
2020-10-31,US,Rhode Island,Washington,1335,78,0,41.45961631,-71.61435303,44009.0,1063.0927638022886,5.842696629213482,1257,1335,78,0,1257,1335,126179,0,0,0,0,0
2020-10-31,US,South Carolina,Abbeville,801,17,0,34.22333378,-82.46170658,45001.0,3265.788722632201,2.1223470661672907,784,789,17,0,772,779,24541,12,0,0,12,10
2020-10-31,US,South Carolina,Aiken,5111,87,0,33.54338026,-81.63645384,45003.0,2991.1278617912817,1.7022109176286442,5024,5075,87,0,4988,5051,169401,36,0,0,36,24
2020-10-31,US,South Carolina,Allendale,424,7,0,32.98837386,-81.35321066,45005.0,4880.294659300183,1.650943396226415,417,425,7,0,418,425,8903,-1,0,0,-1,0
2020-10-31,US,South Carolina,Anderson,5954,209,0,34.51828081,-82.63959517,45007.0,2939.405009923084,3.5102452133019817,5745,5901,206,0,5695,5840,200482,53,3,0,50,61
2020-10-31,US,South Carolina,Bamberg,697,34,0,33.21927586,-81.05659969,45009.0,4955.211147447746,4.878048780487805,663,695,34,0,661,695,14275,2,0,0,2,0
2020-10-31,US,South Carolina,Barnwell,884,25,0,33.26679302,-81.43584352,45011.0,4236.55707850091,2.828054298642533,859,877,25,0,852,875,21112,7,0,0,7,2
2020-10-31,US,South Carolina,Beaufort,6188,93,0,32.39226291,-80.72619758,45013.0,3220.870072141661,1.5029088558500323,6095,6174,93,0,6081,6163,188715,14,0,0,14,11
2020-10-31,US,South Carolina,Berkeley,6204,95,0,33.20222596,-79.94654523,45015.0,2722.1629875343892,1.5312701482914248,6109,6182,94,0,6088,6170,221091,22,1,0,21,12
2020-10-31,US,South Carolina,Calhoun,515,18,0,33.66926881,-80.77722168,45017.0,3538.789253074968,3.4951456310679614,497,516,18,0,498,515,14520,-1,0,0,-1,1
2020-10-31,US,South Carolina,Charleston,17384,279,0,32.82487866,-79.96512315,45019.0,4225.50959392911,1.6049240681086057,17105,17313,278,0,17035,17259,405905,71,1,0,70,54
2020-10-31,US,South Carolina,Cherokee,1549,52,0,35.05122251,-81.61828622,45021.0,2703.315881326353,3.3570045190445446,1497,1536,52,0,1484,1531,57078,13,0,0,13,5
2020-10-31,US,South Carolina,Chester,1253,28,0,34.69249168,-81.1583216,45023.0,3885.99429351197,2.23463687150838,1225,1250,28,0,1222,1245,32251,3,0,0,3,5
2020-10-31,US,South Carolina,Chesterfield,1503,46,0,34.64137396,-80.15640140000002,45025.0,3292.4424972617744,3.0605455755156354,1457,1495,46,0,1449,1491,45754,8,0,0,8,4
2020-10-31,US,South Carolina,Clarendon,1184,68,0,33.66610974,-80.21647898,45027.0,3508.6679508075267,5.743243243243242,1116,1182,68,0,1114,1177,33700,2,0,0,2,5
2020-10-31,US,South Carolina,Colleton,1279,49,0,32.87582989,-80.67641292,45029.0,3394.643947235714,3.831118060985145,1230,1278,49,0,1229,1270,37660,1,0,0,1,8
2020-10-31,US,South Carolina,Darlington,2533,67,0,34.33358335,-79.96027485,45031.0,3802.2756612327003,2.64508487958942,2466,2524,67,0,2457,2517,66802,9,0,0,9,7
2020-10-31,US,South Carolina,Dillon,1324,48,0,34.39007791,-79.37741872,45033.0,4343.974539847108,3.625377643504532,1276,1312,48,0,1264,1310,30599,12,0,0,12,2
2020-10-31,US,South Carolina,Dorchester,4887,102,0,33.0794369,-80.40502652,45035.0,3001.676811478481,2.0871700429711484,4785,4860,100,0,4760,4848,160647,27,2,0,25,12
2020-10-31,US,South Carolina,Edgefield,932,23,0,33.77221995,-81.96231108,45037.0,3418.9288334556127,2.467811158798283,909,929,22,0,907,924,27052,3,1,0,2,5
2020-10-31,US,South Carolina,Fairfield,871,40,0,34.39287073,-81.1195624,45039.0,3897.6148923792894,4.592422502870264,831,869,40,0,829,868,22402,2,0,0,2,1
2020-10-31,US,South Carolina,Florence,5683,203,0,34.02361754,-79.70189312,45041.0,4109.390930849718,3.5720570121414745,5480,5658,202,0,5456,5639,138159,25,1,0,24,19
2020-10-31,US,South Carolina,Georgetown,2388,56,0,33.43443342,-79.33202141,45043.0,3809.8276962348436,2.345058626465661,2332,2373,55,0,2318,2358,62249,15,1,0,14,15
2020-10-31,US,South Carolina,Greenville,18021,353,0,34.89502264,-82.37295012,45045.0,3442.1307173063483,1.9588258143277288,17668,17894,350,0,17544,17739,514213,127,3,0,124,155
2020-10-31,US,South Carolina,Greenwood,2593,76,0,34.15272415,-82.12715789,45047.0,3661.860445411024,2.930967990744312,2517,2584,76,0,2508,2563,70741,9,0,0,9,21
2020-10-31,US,South Carolina,Hampton,770,31,0,32.77419582,-81.13845571,45049.0,4005.8266569555717,4.025974025974026,739,767,31,0,736,765,19351,3,0,0,3,2
2020-10-31,US,South Carolina,Horry,12591,233,0,33.9212828,-78.99555293,45051.0,3555.966007777881,1.850528155031372,12358,12552,232,0,12320,12510,344147,39,1,0,38,42
2020-10-31,US,South Carolina,Jasper,936,23,0,32.43171982,-81.02487495,45053.0,3112.426429022712,2.4572649572649574,913,932,23,0,909,929,28971,4,0,0,4,3
2020-10-31,US,South Carolina,Kershaw,2521,49,0,34.33988254,-80.58763164,45055.0,3788.0723054499563,1.943673145577152,2472,2514,46,0,2468,2484,65592,7,3,0,4,30
2020-10-31,US,South Carolina,Lancaster,2622,62,0,34.68270843,-80.70513032,45057.0,2675.1826306982816,2.3646071700991613,2560,2610,62,0,2548,2599,95380,12,0,0,12,11
2020-10-31,US,South Carolina,Laurens,1960,62,0,34.48244419,-82.00490796,45059.0,2904.004859763235,3.1632653061224483,1898,1952,62,0,1890,1937,66994,8,0,0,8,15
2020-10-31,US,South Carolina,Lee,794,36,0,34.16393091,-80.25690731,45061.0,4718.326598526266,4.534005037783375,758,789,36,0,753,791,17142,5,0,0,5,-2
2020-10-31,US,South Carolina,Lexington,9163,214,0,33.89665987,-81.27146426,45063.0,3067.112970711297,2.335479646404016,8949,9096,209,0,8887,9017,295032,67,5,0,62,79
2020-10-31,US,South Carolina,Marion,1165,44,0,34.07859748,-79.36400756,45067.0,3800.110904524253,3.776824034334764,1121,1164,41,0,1123,1163,31039,1,3,0,-2,1
2020-10-31,US,South Carolina,Marlboro,1148,14,0,34.59905577,-79.67561152,45069.0,4395.436097710392,1.2195121951219512,1134,1143,13,0,1130,1142,26398,5,1,0,4,1
2020-10-31,US,South Carolina,McCormick,282,7,0,33.90161443,-82.30794338,45065.0,2980.027475430625,2.482269503546099,275,278,7,0,271,277,9410,4,0,0,4,1
2020-10-31,US,South Carolina,Newberry,1682,54,0,34.28629098,-81.59935761,45071.0,4375.650364203954,3.2104637336504163,1628,1658,52,0,1606,1641,38520,24,2,0,22,17
2020-10-31,US,South Carolina,Oconee,2519,34,0,34.75225169,-83.06742317,45073.0,3166.7211424835946,1.349741961095673,2485,2502,34,0,2468,2484,78374,17,0,0,17,18
2020-10-31,US,South Carolina,Orangeburg,3383,131,0,33.4391073,-80.79886287,45075.0,3925.732521032782,3.872302689920189,3252,3367,131,0,3236,3363,86934,16,0,0,16,4
2020-10-31,US,South Carolina,Pickens,4626,67,0,34.88807695,-82.72791551,45077.0,3645.8497525298712,1.4483354950281018,4559,4568,65,0,4503,4509,124937,58,2,0,56,59
2020-10-31,US,South Carolina,Richland,17531,273,0,34.01791263,-80.90267209,45079.0,4216.625496982627,1.5572414579887055,17258,17455,271,0,17184,17333,414576,76,2,0,74,122
2020-10-31,US,South Carolina,Saluda,731,24,0,34.00795823,-81.72713237,45081.0,3570.556342499877,3.283173734610123,707,729,24,0,705,727,20544,2,0,0,2,2
2020-10-31,US,South Carolina,Spartanburg,9290,238,0,34.92960077,-81.99225984,45083.0,2905.076848507591,2.561894510226049,9052,9189,234,0,8955,9103,313888,101,4,0,97,86
2020-10-31,US,South Carolina,Sumter,3606,89,0,33.91826534,-80.37942316,45085.0,3378.903870840791,2.4681087077093733,3517,3593,89,0,3504,3575,106512,13,0,0,13,18
2020-10-31,US,South Carolina,Union,776,18,0,34.68835752,-81.61730349,45087.0,2840.82588958852,2.31958762886598,758,770,18,0,752,759,27410,6,0,0,6,11
2020-10-31,US,South Carolina,Williamsburg,1458,50,0,33.62190129,-79.72767442,45089.0,4801.106427818757,3.4293552812071337,1408,1456,50,0,1406,1454,30606,2,0,0,2,2
2020-10-31,US,South Carolina,York,6896,107,0,34.97281497,-81.18085944,45091.0,2454.275942330209,1.5516241299303943,6789,6819,104,0,6715,6777,274118,77,3,0,74,42
2020-10-31,US,South Dakota,Aurora,200,0,0,43.71757685,-98.56050467,46003.0,7270.0836059614685,0.0,200,188,0,0,188,180,2801,12,0,0,12,8
2020-10-31,US,South Dakota,Beadle,1349,15,0,44.41464384,-98.27858469,46005.0,7310.4644231290295,1.111934766493699,1334,1324,15,0,1309,1290,18883,25,0,0,25,34
2020-10-31,US,South Dakota,Bennett,215,5,0,43.19486375,-101.6665572,46007.0,6389.301634472511,2.3255813953488373,210,204,5,0,199,187,3468,11,0,0,11,17
2020-10-31,US,South Dakota,Bon Homme,994,1,0,42.98914167,-97.88592746,46009.0,14403.709607303292,0.1006036217303823,993,969,1,0,968,950,6980,25,0,0,25,19
2020-10-31,US,South Dakota,Brookings,1522,5,0,44.36974375,-96.79079945,46011.0,4339.025572312342,0.328515111695138,1517,1492,5,0,1487,1466,35232,30,0,0,30,26
2020-10-31,US,South Dakota,Brown,2150,6,0,45.58994323,-98.35165355,46013.0,5535.6729060995385,0.2790697674418605,2144,2095,6,0,2089,2033,39316,55,0,0,55,62
2020-10-31,US,South Dakota,Brule,308,2,0,43.71756379,-99.08118954,46015.0,5814.612044553521,0.6493506493506493,306,298,2,0,296,292,5229,10,0,0,10,6
2020-10-31,US,South Dakota,Buffalo,266,4,0,44.07657829,-99.20814467,46017.0,13557.594291539246,1.5037593984962403,262,261,4,0,257,254,2036,5,0,0,5,7
2020-10-31,US,South Dakota,Butte,408,3,0,44.90608745,-103.5079318,46019.0,3912.1679930961736,0.7352941176470589,405,396,3,0,393,368,10222,12,0,0,12,28
2020-10-31,US,South Dakota,Campbell,80,1,0,45.77074915,-100.0510181,46021.0,5813.9534883720935,1.25,79,75,1,0,74,75,1377,5,0,0,5,0
2020-10-31,US,South Dakota,Charles Mix,421,0,0,43.20660134,-98.58856175,46023.0,4530.779164873009,0.0,421,410,0,0,410,398,9338,11,0,0,11,12
2020-10-31,US,South Dakota,Clark,139,0,0,44.85834507,-97.72925109,46025.0,3720.556745182013,0.0,139,131,0,0,131,118,3739,8,0,0,8,13
2020-10-31,US,South Dakota,Clay,865,8,0,42.91296147,-96.97656917,46027.0,6147.8322672352515,0.9248554913294798,857,852,8,0,844,829,14041,13,0,0,13,23
2020-10-31,US,South Dakota,Codington,1598,15,0,44.97788119,-97.18827677,46029.0,5705.309007818915,0.9386733416770964,1583,1560,15,0,1545,1502,28015,38,0,0,38,58
2020-10-31,US,South Dakota,Corson,227,1,0,45.70889983,-101.1970473,46031.0,5555.555555555556,0.4405286343612335,226,225,1,0,224,206,4165,2,0,0,2,19
2020-10-31,US,South Dakota,Custer,332,3,0,43.67741105,-103.45345209999999,46033.0,3700.4012483281317,0.9036144578313252,329,324,3,0,321,316,8726,8,0,0,8,8
2020-10-31,US,South Dakota,Davison,1047,10,0,43.67490933,-98.14458906,46035.0,5294.563843236409,0.9551098376313276,1037,999,9,0,990,957,19790,48,1,0,47,42
2020-10-31,US,South Dakota,Day,172,2,0,45.367281,-97.60737498,46037.0,3171.091445427729,1.162790697674419,170,167,2,0,165,160,5505,5,0,0,5,7
2020-10-31,US,South Dakota,Deuel,197,1,0,44.75994309,-96.66943645,46039.0,4527.6947828085495,0.5076142131979695,196,195,1,0,194,189,4337,2,0,0,2,6
2020-10-31,US,South Dakota,Dewey,403,0,0,45.15639647,-100.8709139,46041.0,6839.782756279701,0.0,403,387,0,0,387,330,5904,16,0,0,16,57
2020-10-31,US,South Dakota,Douglas,177,4,0,43.38520741,-98.36978007,46043.0,6059.568640876412,2.2598870056497176,173,169,4,0,165,165,2935,8,0,0,8,4
2020-10-31,US,South Dakota,Edmunds,150,1,0,45.41846445,-99.21545423,46045.0,3917.471924784539,0.6666666666666666,149,147,1,0,146,144,3875,3,0,0,3,3
2020-10-31,US,South Dakota,Fall River,228,6,0,43.23929297,-103.5275691,46047.0,3396.3950543721144,2.631578947368421,222,224,6,0,218,210,6758,4,0,0,4,14
2020-10-31,US,South Dakota,Faulk,220,2,0,45.07082625,-99.14535601,46049.0,9569.37799043062,0.9090909090909092,218,219,1,0,218,218,2330,1,1,0,0,1
2020-10-31,US,South Dakota,Grant,313,2,0,45.1723937,-96.77002276,46051.0,4438.457175269426,0.6389776357827476,311,310,2,0,308,305,7147,3,0,0,3,5
2020-10-31,US,South Dakota,Gregory,248,10,0,43.19419064,-99.18883902,46053.0,5925.925925925926,4.032258064516129,238,240,10,0,230,233,4212,8,0,0,8,7
2020-10-31,US,South Dakota,Haakon,102,2,0,44.29299053,-101.539099,46055.0,5371.248025276462,1.96078431372549,100,101,1,0,100,98,1918,1,1,0,0,3
2020-10-31,US,South Dakota,Hamlin,211,0,0,44.67385954,-97.18829593,46057.0,3423.1018818948733,0.0,211,204,0,0,204,199,6111,7,0,0,7,5
2020-10-31,US,South Dakota,Hand,146,1,0,44.54708407,-99.00386459,46059.0,4575.368223127546,0.6849315068493149,145,137,1,0,136,131,3262,9,0,0,9,6
2020-10-31,US,South Dakota,Hanson,107,1,0,43.6746384,-97.78715148,46061.0,3098.754706052708,0.9345794392523364,106,99,1,0,98,96,3376,8,0,0,8,3
2020-10-31,US,South Dakota,Harding,57,0,0,45.58015551,-103.4958629,46063.0,4391.371340523883,0.0,57,56,0,0,56,56,1249,1,0,0,1,0
2020-10-31,US,South Dakota,Hughes,888,8,0,44.39091534,-99.99661148,46065.0,5066.7579596028745,0.9009009009009008,880,875,7,0,868,854,17650,13,1,0,12,21
2020-10-31,US,South Dakota,Hutchinson,245,2,0,43.33449012,-97.75536441,46067.0,3360.307228089425,0.8163265306122449,243,240,2,0,238,239,7380,5,0,0,5,1
2020-10-31,US,South Dakota,Hyde,48,0,0,44.54747703,-99.48572582,46069.0,3689.469638739431,0.0,48,46,0,0,46,44,1282,2,0,0,2,2
2020-10-31,US,South Dakota,Jackson,135,3,0,43.69318385,-101.6255063,46071.0,4037.0813397129186,2.2222222222222223,132,132,1,0,131,126,3307,3,2,0,1,6
2020-10-31,US,South Dakota,Jerauld,167,12,0,44.06637798,-98.62965972,46073.0,8296.075509190263,7.185628742514971,155,164,12,0,152,162,2043,3,0,0,3,2
2020-10-31,US,South Dakota,Jones,32,0,0,43.96278565,-100.6940008,46075.0,3543.7430786268,0.0,32,32,0,0,32,32,928,0,0,0,0,0
2020-10-31,US,South Dakota,Kingsbury,210,2,0,44.36956169,-97.4913945,46077.0,4251.872848754809,0.9523809523809524,208,201,2,0,199,191,4919,9,0,0,9,10
2020-10-31,US,South Dakota,Lake,423,9,0,44.02193107,-97.12926365,46079.0,3305.4622177072747,2.127659574468085,414,403,9,0,394,389,13057,20,0,0,20,14
2020-10-31,US,South Dakota,Lawrence,1021,6,0,44.35919441,-103.79294279999999,46081.0,3950.6268379507815,0.5876591576885406,1015,982,6,0,976,925,25741,39,0,0,39,57
2020-10-31,US,South Dakota,Lincoln,3097,20,0,43.27841182,-96.72039050000001,46083.0,5066.418008114121,0.6457862447529867,3077,2953,20,0,2933,2830,58807,144,0,0,144,123
2020-10-31,US,South Dakota,Lyman,286,6,0,43.89522709,-99.85201878,46085.0,7564.1364718328505,2.097902097902098,280,283,5,0,278,277,3821,3,1,0,2,6
2020-10-31,US,South Dakota,Marshall,65,1,0,45.75870838,-97.59855639,46091.0,1317.1225937183385,1.5384615384615383,64,65,1,0,64,65,5112,0,0,0,0,0
2020-10-31,US,South Dakota,McCook,282,1,0,43.6742571,-97.36863144,46087.0,5048.335123523094,0.3546099290780142,281,259,1,0,258,250,5546,23,0,0,23,9
2020-10-31,US,South Dakota,McPherson,72,0,0,45.76626028,-99.22118798,46089.0,3026.481715006305,0.0,72,72,0,0,72,72,2407,0,0,0,0,0
2020-10-31,US,South Dakota,Meade,1015,10,0,44.56676791,-102.71627409999999,46093.0,3582.521530424961,0.9852216748768472,1005,995,10,0,985,962,28294,20,0,0,20,33
2020-10-31,US,South Dakota,Mellette,90,1,0,43.58078848,-100.7563186,46095.0,4366.812227074236,1.1111111111111112,89,85,1,0,84,83,2042,5,0,0,5,2
2020-10-31,US,South Dakota,Miner,145,1,0,44.02197882,-97.60992207,46097.0,6543.321299638989,0.6896551724137931,144,143,1,0,142,142,2213,2,0,0,2,1
2020-10-31,US,South Dakota,Minnehaha,12325,111,0,43.67441641,-96.7910885,46099.0,6381.57962865161,0.9006085192697769,12214,11904,111,0,11793,11495,192876,421,0,0,421,409
2020-10-31,US,South Dakota,Moody,236,2,0,44.02266214,-96.67081159,46101.0,3588.807785888078,0.8474576271186439,234,226,2,0,224,219,6579,10,0,0,10,7
2020-10-31,US,South Dakota,Oglala Lakota,1022,9,0,43.33749164,-102.55554980000001,46102.0,7208.859420187629,0.8806262230919765,1013,990,7,0,983,953,14309,32,2,0,30,37
2020-10-31,US,South Dakota,Pennington,4787,49,0,44.0025835,-102.8240777,46103.0,4207.426939134256,1.0236055984959265,4738,4633,49,0,4584,4466,111729,154,0,0,154,167
2020-10-31,US,South Dakota,Perkins,80,0,0,45.49049506,-102.47555859999999,46105.0,2792.3211169284473,0.0,80,81,0,0,81,80,2922,-1,0,0,-1,1
2020-10-31,US,South Dakota,Potter,124,0,0,45.06583079,-99.95498503,46107.0,5759.40548072457,0.0,124,116,0,0,116,107,2207,8,0,0,8,9
2020-10-31,US,South Dakota,Roberts,370,5,0,45.62975048,-96.94672673,46109.0,3559.746007311911,1.351351351351351,365,362,5,0,357,348,10447,8,0,0,8,14
2020-10-31,US,South Dakota,Sanborn,114,1,0,44.02351092,-98.09098159999999,46111.0,4863.481228668942,0.8771929824561403,113,108,1,0,107,102,2429,6,0,0,6,6
2020-10-31,US,South Dakota,Spink,300,1,0,44.93837606,-98.34626602,46115.0,4705.144291091594,0.3333333333333333,299,285,1,0,284,278,6495,15,0,0,15,7
2020-10-31,US,South Dakota,Stanley,99,0,0,44.41381872,-100.7349153,46117.0,3195.610071013557,0.0,99,99,0,0,99,92,3022,0,0,0,0,7
2020-10-31,US,South Dakota,Sully,44,0,0,44.71571812,-100.1278092,46119.0,3163.1919482386766,0.0,44,43,0,0,43,41,1392,1,0,0,1,2
2020-10-31,US,South Dakota,Todd,508,6,0,43.19338568,-100.71955030000001,46121.0,4991.64783334971,1.1811023622047243,502,486,6,0,480,469,10283,22,0,0,22,17
2020-10-31,US,South Dakota,Tripp,285,2,0,43.34459388,-99.8854891,46123.0,5238.007719169271,0.7017543859649122,283,276,2,0,274,271,5478,9,0,0,9,5
2020-10-31,US,South Dakota,Turner,516,18,0,43.3109081,-97.14865776,46125.0,6154.580152671757,3.4883720930232562,498,504,18,0,486,483,8424,12,0,0,12,21
2020-10-31,US,South Dakota,Union,790,12,0,42.83112163,-96.6557828,46127.0,4958.573939241776,1.5189873417721518,778,773,11,0,762,758,15619,17,1,0,16,15
2020-10-31,US,South Dakota,Walworth,280,8,0,45.43019636,-100.03075140000001,46129.0,5151.7939282428715,2.8571428571428568,272,277,8,0,269,271,5587,3,0,0,3,6
2020-10-31,US,South Dakota,Yankton,931,6,0,43.00924485,-97.39467635,46135.0,4080.827562023319,0.644468313641246,925,908,6,0,902,876,22869,23,0,0,23,32
2020-10-31,US,South Dakota,Ziebach,108,2,0,44.97881876,-101.6654622,46137.0,3918.722786647315,1.851851851851852,106,100,2,0,98,93,2742,8,0,0,8,7
2020-10-31,US,Tennessee,Anderson,1868,16,0,36.12684348,-84.19965764,47001.0,2426.667359505313,0.8565310492505354,1852,1848,16,0,1832,1813,76482,20,0,0,20,35
2020-10-31,US,Tennessee,Bedford,1822,23,0,35.51123746,-86.45549096,47003.0,3665.037314183413,1.262349066959385,1799,1805,22,0,1783,1789,49038,17,1,0,16,16
2020-10-31,US,Tennessee,Benton,440,10,0,36.07110411,-88.06849355,47005.0,2722.772277227723,2.272727272727273,430,441,10,0,431,434,16184,-1,0,0,-1,7
2020-10-31,US,Tennessee,Bledsoe,1045,4,0,35.59942968,-85.20611967,47007.0,6937.068507700478,0.3827751196172249,1041,1040,4,0,1036,1034,14755,5,0,0,5,6
2020-10-31,US,Tennessee,Blount,3595,41,0,35.68938198,-83.92847788,47009.0,2701.2202452512624,1.1404728789986092,3554,3554,41,0,3513,3515,131349,41,0,0,41,39
2020-10-31,US,Tennessee,Bradley,3753,24,0,35.15739424,-84.857186,47011.0,3471.464249375636,0.6394884092725819,3729,3729,23,0,3706,3703,106727,24,1,0,23,26
2020-10-31,US,Tennessee,Campbell,1130,13,0,36.40355516,-84.15108559999999,47013.0,2836.2030018573364,1.1504424778761062,1117,1116,13,0,1103,1104,39583,14,0,0,14,12
2020-10-31,US,Tennessee,Cannon,438,2,0,35.80990797,-86.05738983,47015.0,2984.057773538629,0.45662100456620996,436,436,2,0,434,432,14462,2,0,0,2,4
2020-10-31,US,Tennessee,Carroll,1189,27,0,35.97366108,-88.45189331,47017.0,4282.061439838657,2.270815811606392,1162,1181,27,0,1154,1169,28020,8,0,0,8,12
2020-10-31,US,Tennessee,Carter,1745,36,0,36.28969086,-82.12588974,47019.0,3094.465428880495,2.0630372492836675,1709,1721,36,0,1685,1666,56351,24,0,0,24,55
2020-10-31,US,Tennessee,Cheatham,1122,12,0,36.26136216,-87.08903581,47021.0,2758.9937787395183,1.0695187165775402,1110,1120,12,0,1108,1097,40439,2,0,0,2,23
2020-10-31,US,Tennessee,Chester,750,16,0,35.42527478,-88.6095842,47023.0,4336.012025206684,2.1333333333333333,734,744,16,0,728,741,17276,6,0,0,6,3
2020-10-31,US,Tennessee,Claiborne,555,8,0,36.48319149,-83.65947309,47025.0,1736.6000187740542,1.4414414414414414,547,549,8,0,541,543,31756,6,0,0,6,6
2020-10-31,US,Tennessee,Clay,425,16,0,36.55151008,-85.53930419,47027.0,5581.089954038082,3.7647058823529416,409,422,16,0,406,418,7717,3,0,0,3,4
2020-10-31,US,Tennessee,Cocke,1173,17,0,35.9278914,-83.11828725,47029.0,3257.971336518165,1.4492753623188406,1156,1167,16,0,1151,1150,35774,6,1,0,5,17
2020-10-31,US,Tennessee,Coffee,2029,28,0,35.49090731,-86.07311784,47031.0,3589.879688605803,1.3799901429275503,2001,2014,28,0,1986,1987,55700,15,0,0,15,27
2020-10-31,US,Tennessee,Crockett,926,23,0,35.81830662,-89.14916269,47033.0,6507.378777231203,2.4838012958963285,903,917,22,0,895,907,14328,9,1,0,8,10
2020-10-31,US,Tennessee,Cumberland,1705,27,0,35.95271721,-84.99840585,47035.0,2817.2504957039,1.5835777126099706,1678,1698,27,0,1671,1669,59673,7,0,0,7,29
2020-10-31,US,Tennessee,Davidson,33037,352,0,36.17007426,-86.78646056,47037.0,4759.3871012354775,1.0654720464933256,32685,32908,350,0,32558,32679,692587,129,2,0,127,229
2020-10-31,US,Tennessee,DeKalb,792,18,0,35.97616272,-85.83689361,47041.0,3865.300146412884,2.272727272727273,774,790,18,0,772,786,20138,2,0,0,2,4
2020-10-31,US,Tennessee,Decatur,686,11,0,35.60048904,-88.11043779,47039.0,5881.848580982594,1.6034985422740524,675,682,11,0,671,679,11706,4,0,0,4,3
2020-10-31,US,Tennessee,Dickson,1797,20,0,36.14669837,-87.35891709,47043.0,3330.985393341737,1.1129660545353366,1777,1791,19,0,1772,1763,53446,6,1,0,5,28
2020-10-31,US,Tennessee,Dyer,2392,38,0,36.05931946,-89.41542855,47045.0,6437.202292849646,1.5886287625418059,2354,2363,38,0,2325,2336,37320,29,0,0,29,27
2020-10-31,US,Tennessee,Fayette,1785,27,0,35.19615831,-89.41399032,47047.0,4339.581358033695,1.512605042016807,1758,1774,27,0,1747,1759,40507,11,0,0,11,15
2020-10-31,US,Tennessee,Fentress,957,12,0,36.38128818,-84.92870012,47049.0,5166.549694973816,1.2539184952978055,945,948,12,0,936,944,18217,9,0,0,9,4
2020-10-31,US,Tennessee,Franklin,1357,25,0,35.15634626,-86.09201039,47051.0,3215.030326004549,1.842299189388357,1332,1351,24,0,1327,1336,41890,6,1,0,5,15
2020-10-31,US,Tennessee,Gibson,2241,48,0,35.99438059,-88.93358327,47053.0,4561.0892882584,2.14190093708166,2193,2234,49,0,2185,2227,49045,7,-1,0,8,7
2020-10-31,US,Tennessee,Giles,1026,38,0,35.20222469,-87.03992678,47055.0,3482.2155851208254,3.703703703703704,988,1022,38,0,984,1007,29503,4,0,0,4,15
2020-10-31,US,Tennessee,Grainger,649,4,0,36.27469206,-83.51254721,47057.0,2783.0188679245284,0.6163328197226502,645,641,4,0,637,636,23145,8,0,0,8,5
2020-10-31,US,Tennessee,Greene,1967,55,0,36.17470125,-82.84691273,47059.0,2847.876760920239,2.796136248093544,1912,1927,55,0,1872,1876,69087,40,0,0,40,51
2020-10-31,US,Tennessee,Grundy,605,13,0,35.38433717,-85.72142731,47061.0,4505.846428837417,2.1487603305785123,592,600,13,0,587,587,13346,5,0,0,5,13
2020-10-31,US,Tennessee,Hamblen,2582,50,0,36.21990035,-83.26586179,47063.0,3976.3452120614784,1.9364833462432225,2532,2569,50,0,2519,2547,64569,13,0,0,13,22
2020-10-31,US,Tennessee,Hamilton,12300,111,0,35.17670231,-85.16652245,47065.0,3344.1724396689533,0.902439024390244,12189,12251,111,0,12140,12175,364286,49,0,0,49,76
2020-10-31,US,Tennessee,Hancock,128,3,0,36.52692871,-83.22375847,47067.0,1933.5347432024166,2.34375,125,127,3,0,124,125,6549,1,0,0,1,2
2020-10-31,US,Tennessee,Hardeman,1953,33,0,35.20772017,-88.99161161,47069.0,7796.407185628743,1.6897081413210446,1920,1939,33,0,1906,1931,25220,14,0,0,14,8
2020-10-31,US,Tennessee,Hardin,1451,23,0,35.19732531,-88.18593755,47071.0,5656.4790269764535,1.585113714679531,1428,1444,23,0,1421,1435,25776,7,0,0,7,9
2020-10-31,US,Tennessee,Hawkins,1299,29,0,36.44355426,-82.94885298,47073.0,2287.535660197936,2.232486528098537,1270,1286,29,0,1257,1272,56530,13,0,0,13,14
2020-10-31,US,Tennessee,Haywood,1338,28,0,35.58332824,-89.28536625,47075.0,7732.316227461859,2.0926756352765317,1310,1334,28,0,1306,1320,17335,4,0,0,4,14
2020-10-31,US,Tennessee,Henderson,1454,26,0,35.65581134,-88.38600175,47077.0,5171.248710744389,1.7881705639614855,1428,1443,26,0,1417,1441,27847,11,0,0,11,2
2020-10-31,US,Tennessee,Henry,858,12,0,36.33160906,-88.30121797,47079.0,2652.651105271294,1.3986013986013983,846,845,12,0,833,837,32358,13,0,0,13,8
2020-10-31,US,Tennessee,Hickman,846,15,0,35.80609681,-87.47643507,47081.0,3360.0762570498055,1.7730496453900708,831,841,15,0,826,829,25063,5,0,0,5,12
2020-10-31,US,Tennessee,Houston,437,17,0,36.28872054,-87.71878828,47083.0,5328.6184611632725,3.8901601830663615,420,431,17,0,414,431,8263,6,0,0,6,0
2020-10-31,US,Tennessee,Humphreys,471,4,0,36.03958805,-87.77992872,47085.0,2534.711010655473,0.8492569002123143,467,469,4,0,465,465,18486,2,0,0,2,4
2020-10-31,US,Tennessee,Jackson,483,8,0,36.36380466,-85.67239905,47087.0,4098.082470727983,1.6563146997929608,475,477,8,0,469,471,11758,6,0,0,6,6
2020-10-31,US,Tennessee,Jefferson,1635,24,0,36.04818632,-83.45148924,47089.0,3000.2752546105157,1.4678899082568808,1611,1622,24,0,1598,1604,54012,13,0,0,13,18
2020-10-31,US,Tennessee,Johnson,1220,8,0,36.45523950000001,-81.84886538,47091.0,6858.556330110186,0.6557377049180327,1212,1211,8,0,1203,1192,17778,9,0,0,9,19
2020-10-31,US,Tennessee,Knox,13445,96,0,35.99508821,-83.94635435,47093.0,2858.7345023420567,0.7140200818148009,13349,13301,96,0,13205,13193,465289,144,0,0,144,108
2020-10-31,US,Tennessee,Lake,997,4,0,36.34180170000001,-89.48921915,47095.0,14210.376282782212,0.4012036108324975,993,992,4,0,988,990,7411,5,0,0,5,2
2020-10-31,US,Tennessee,Lauderdale,1513,18,0,35.75893438,-89.63015909999999,47097.0,5902.547497366676,1.1896893588896231,1495,1507,17,0,1490,1495,25825,6,1,0,5,12
2020-10-31,US,Tennessee,Lawrence,1740,20,0,35.21675201,-87.39787695,47099.0,3941.8241130895744,1.1494252873563218,1720,1732,20,0,1712,1707,43734,8,0,0,8,25
2020-10-31,US,Tennessee,Lewis,472,6,0,35.52853208,-87.49022694,47101.0,3847.4078904466905,1.2711864406779658,466,458,6,0,452,442,12086,14,0,0,14,16
2020-10-31,US,Tennessee,Lincoln,971,4,0,35.13738622,-86.58910106,47103.0,2825.4670313682127,0.41194644696189503,967,951,4,0,947,945,34117,20,0,0,20,6
2020-10-31,US,Tennessee,Loudon,1711,13,0,35.73939663,-84.31145275,47105.0,3164.533550344011,0.7597895967270601,1698,1697,13,0,1684,1690,53054,14,0,0,14,7
2020-10-31,US,Tennessee,Macon,1390,25,0,36.53157855,-86.00778595,47111.0,5649.947158767579,1.7985611510791366,1365,1384,25,0,1359,1381,24265,6,0,0,6,3
2020-10-31,US,Tennessee,Madison,3946,81,0,35.61181957,-88.84076036,47113.0,4027.188112344873,2.0527116066903197,3865,3927,80,0,3847,3918,97605,19,1,0,18,9
2020-10-31,US,Tennessee,Marion,834,14,0,35.12997174,-85.62265895,47115.0,2885.114332168679,1.6786570743405276,820,826,13,0,813,812,28575,8,1,0,7,14
2020-10-31,US,Tennessee,Marshall,1213,12,0,35.45798777,-86.76420988,47117.0,3528.7272727272725,0.9892827699917559,1201,1205,12,0,1193,1190,33683,8,0,0,8,15
2020-10-31,US,Tennessee,Maury,3650,39,0,35.618741299999996,-87.07462444,47119.0,3786.817724381919,1.0684931506849316,3611,3630,39,0,3591,3458,94340,20,0,0,20,172
2020-10-31,US,Tennessee,McMinn,1744,39,0,35.42812616,-84.61520715,47107.0,3241.997248763804,2.236238532110092,1705,1729,39,0,1690,1712,53285,15,0,0,15,17
2020-10-31,US,Tennessee,McNairy,1170,30,0,35.17468549,-88.5647812,47109.0,4553.592278352923,2.5641025641025643,1140,1163,30,0,1133,1150,25832,7,0,0,7,13
2020-10-31,US,Tennessee,Meigs,339,6,0,35.51558739,-84.81482914,47121.0,2729.029141845113,1.7699115044247788,333,339,6,0,333,337,12306,0,0,0,0,2
2020-10-31,US,Tennessee,Monroe,1546,29,0,35.44550387,-84.24902965,47123.0,3321.516811687615,1.8758085381630007,1517,1536,29,0,1507,1521,46357,10,0,0,10,15
2020-10-31,US,Tennessee,Montgomery,4451,61,0,36.49609412,-87.38550661,47125.0,2129.7364026546343,1.3704785441473826,4390,4428,61,0,4367,4389,205950,23,0,0,23,39
2020-10-31,US,Tennessee,Moore,286,2,0,35.27724699,-86.36230578,47127.0,4408.138101109741,0.6993006993006993,284,286,2,0,284,283,6411,0,0,0,0,3
2020-10-31,US,Tennessee,Morgan,462,7,0,36.13248031,-84.64880098,47129.0,2158.575900574686,1.5151515151515151,455,458,7,0,451,458,21579,4,0,0,4,0
2020-10-31,US,Tennessee,Obion,1883,27,0,36.35732446,-89.14921589,47131.0,6262.2634607070395,1.4338821030270843,1856,1865,27,0,1838,1855,30267,18,0,0,18,10
2020-10-31,US,Tennessee,Out of TN,4212,36,0,0.0,0.0,80047.0,0.0,0.8547008547008547,4176,4304,36,0,4268,4278,,-92,0,0,-92,26
2020-10-31,US,Tennessee,Overton,1281,25,0,36.34117832,-85.28989535,47133.0,5759.633110022031,1.9516003122560501,1256,1268,25,0,1243,1261,22068,13,0,0,13,7
2020-10-31,US,Tennessee,Perry,354,9,0,35.63708728,-87.86139634,47135.0,4383.358098068351,2.5423728813559316,345,350,8,0,342,343,8064,4,1,0,3,7
2020-10-31,US,Tennessee,Pickett,289,9,0,36.55606529,-85.07763299999998,47137.0,5725.0396196513475,3.1141868512110733,280,287,9,0,278,287,5082,2,0,0,2,0
2020-10-31,US,Tennessee,Polk,542,13,0,35.12245443,-84.52075859,47139.0,3220.0570342205324,2.3985239852398523,529,538,13,0,525,540,16898,4,0,0,4,-2
2020-10-31,US,Tennessee,Putnam,4643,59,0,36.14005459,-85.50646123,47141.0,5786.030282260577,1.270730131380573,4584,4638,59,0,4579,4610,78843,5,0,0,5,28
2020-10-31,US,Tennessee,Rhea,1165,21,0,35.60536161,-84.93076643,47143.0,3512.527512286309,1.8025751072961371,1144,1151,21,0,1130,1141,33044,14,0,0,14,10
2020-10-31,US,Tennessee,Roane,1460,8,0,35.84923189,-84.52458689,47145.0,2735.0043085684315,0.547945205479452,1452,1447,8,0,1439,1420,53140,13,0,0,13,27
2020-10-31,US,Tennessee,Robertson,2705,43,0,36.52454807,-86.87346725,47147.0,3766.727472741704,1.5896487985212568,2662,2702,43,0,2659,2681,71012,3,0,0,3,21
2020-10-31,US,Tennessee,Rutherford,12528,116,0,35.84591405,-86.4107263,47149.0,3770.257459710791,0.925925925925926,12412,12485,116,0,12369,12406,324890,43,0,0,43,79
2020-10-31,US,Tennessee,Scott,422,5,0,36.42325673,-84.50360494,47151.0,1912.2711618633318,1.1848341232227488,417,416,5,0,411,408,22039,6,0,0,6,8
2020-10-31,US,Tennessee,Sequatchie,370,2,0,35.36979721,-85.41022136,47153.0,2462.3985092506327,0.5405405405405406,368,370,2,0,368,363,14876,0,0,0,0,7
2020-10-31,US,Tennessee,Sevier,3547,23,0,35.78077323,-83.52244332,47155.0,3610.178117048346,0.6484352974344516,3524,3534,23,0,3511,3497,97892,13,0,0,13,37
2020-10-31,US,Tennessee,Shelby,37715,571,0,35.1864775,-89.89692423,47157.0,4024.367081178788,1.5139864775288348,37144,37618,571,0,37047,37335,935764,97,0,0,97,283
2020-10-31,US,Tennessee,Smith,1044,14,0,36.25359775,-85.95411046,47159.0,5179.342164012502,1.3409961685823757,1030,1040,14,0,1026,1032,19942,4,0,0,4,8
2020-10-31,US,Tennessee,Stewart,359,13,0,36.50235092,-87.83920548,47161.0,2617.572001458257,3.62116991643454,346,356,13,0,343,348,13561,3,0,0,3,8
2020-10-31,US,Tennessee,Sullivan,4142,53,0,36.51240691,-82.30412917,47163.0,2615.757698234269,1.2795750845002414,4089,4100,52,0,4048,3981,157668,42,1,0,41,119
2020-10-31,US,Tennessee,Sumner,6459,117,0,36.46824103,-86.45917204,47165.0,3376.6722604727033,1.8114259173246632,6342,6439,117,0,6322,6371,187149,20,0,0,20,68
2020-10-31,US,Tennessee,Tipton,2503,23,0,35.501942,-89.73694895,47167.0,4063.3776522346143,0.9188973232121456,2480,2501,23,0,2478,2466,61581,2,0,0,2,35
2020-10-31,US,Tennessee,Trousdale,1793,9,0,36.39026213,-86.16087954,47169.0,15889.755405884438,0.501952035694367,1784,1794,9,0,1785,1789,11012,-1,0,0,-1,5
2020-10-31,US,Tennessee,Unassigned,2162,6,0,0.0,0.0,90047.0,0.0,0.2775208140610545,2156,2304,7,0,2297,2230,,-142,-1,0,-141,74
2020-10-31,US,Tennessee,Unicoi,503,5,0,36.10890856,-82.43709629,47171.0,2812.7271710563105,0.9940357852882704,498,486,5,0,481,477,17761,17,0,0,17,9
2020-10-31,US,Tennessee,Union,563,4,0,36.28590426,-83.83651902,47173.0,2818.9465251351894,0.7104795737122558,559,560,4,0,556,555,19688,3,0,0,3,5
2020-10-31,US,Tennessee,Van Buren,217,2,0,35.69864497,-85.45221699,47175.0,3695.504087193461,0.9216589861751152,215,213,2,0,211,212,5765,4,0,0,4,1
2020-10-31,US,Tennessee,Warren,1538,11,0,35.672829899999996,-85.77969117,47177.0,3726.045982023888,0.7152145643693107,1527,1520,11,0,1509,1507,40878,18,0,0,18,13
2020-10-31,US,Tennessee,Washington,3940,59,0,36.29472368,-82.49454720000001,47179.0,3045.4106280193237,1.4974619289340099,3881,3877,58,0,3819,3767,128607,63,1,0,62,110
2020-10-31,US,Tennessee,Wayne,1624,7,0,35.23868267,-87.78644456,47181.0,9740.298686499129,0.4310344827586207,1617,1623,7,0,1616,1619,16558,1,0,0,1,4
2020-10-31,US,Tennessee,Weakley,1633,26,0,36.29896232,-88.71990865,47183.0,4899.78396543447,1.5921616656460502,1607,1619,26,0,1593,1610,33415,14,0,0,14,9
2020-10-31,US,Tennessee,White,1271,15,0,35.92929884,-85.45591799,47185.0,4648.016090692997,1.1801730920535012,1256,1266,15,0,1251,1252,27107,5,0,0,5,14
2020-10-31,US,Tennessee,Williamson,7510,57,0,35.89099229,-86.89281867,47187.0,3150.009227723437,0.758988015978695,7453,7496,57,0,7439,7387,231729,14,0,0,14,109
2020-10-31,US,Tennessee,Wilson,4959,64,0,36.15496772,-86.29775884,47189.0,3428.109251539849,1.2905827787860455,4895,4950,64,0,4886,4920,140625,9,0,0,9,30
2020-10-31,US,Texas,Anderson,2979,39,0,31.81534745,-95.65354823,48001.0,5159.7817614964915,1.309164149043303,2940,2970,39,0,2931,2970,58057,9,0,0,9,0
2020-10-31,US,Texas,Andrews,667,10,0,32.30468633,-102.63765479999999,48003.0,3565.891472868217,1.4992503748125936,657,667,10,0,657,655,18128,0,0,0,0,12
2020-10-31,US,Texas,Angelina,2317,93,0,31.25457347,-94.60901487,48005.0,2671.971400565069,4.013810962451446,2224,2317,92,0,2225,2317,87092,0,1,0,-1,0
2020-10-31,US,Texas,Aransas,351,18,0,28.10556197,-96.9995047,48007.0,1492.9817099106765,5.128205128205129,333,351,18,0,333,350,23792,0,0,0,0,1
2020-10-31,US,Texas,Archer,165,1,0,33.61569967,-98.68754589,48009.0,1929.147667485093,0.6060606060606061,164,161,1,0,160,160,8786,4,0,0,4,1
2020-10-31,US,Texas,Armstrong,27,1,0,34.96507426,-101.35748740000001,48011.0,1430.8426073131955,3.703703703703704,26,27,1,0,26,27,1892,0,0,0,0,0
2020-10-31,US,Texas,Atascosa,1287,37,0,28.89333001,-98.52730485,48013.0,2515.981467362618,2.8749028749028747,1250,1292,35,0,1257,1292,50310,-5,2,0,-7,0
2020-10-31,US,Texas,Austin,517,10,0,29.88548725,-96.27736949,48015.0,1721.4970697922213,1.9342359767891684,507,516,10,0,506,514,29989,1,0,0,1,2
2020-10-31,US,Texas,Bailey,311,5,0,34.06854817,-102.8299707,48017.0,4442.857142857143,1.6077170418006432,306,311,5,0,306,296,7027,0,0,0,0,15
2020-10-31,US,Texas,Bandera,190,8,0,29.74619598,-99.24598147,48019.0,822.0837660089996,4.2105263157894735,182,188,8,0,180,185,22824,2,0,0,2,3
2020-10-31,US,Texas,Bastrop,2023,32,0,30.10370699,-97.31206354,48021.0,2280.130293159609,1.5818091942659416,1991,2014,32,0,1982,2011,86976,9,0,0,9,3
2020-10-31,US,Texas,Baylor,46,3,0,33.61640794,-99.21352901,48023.0,1310.9147905386149,6.521739130434782,43,44,3,0,41,43,3582,2,0,0,2,1
2020-10-31,US,Texas,Bee,1865,39,0,28.41761668,-97.74215593,48025.0,5727.007523414711,2.091152815013405,1826,1870,39,0,1831,1865,32587,-5,0,0,-5,5
2020-10-31,US,Texas,Bell,6560,100,0,31.03736027,-97.4785025,48027.0,1807.540972765648,1.5243902439024388,6460,6534,100,0,6434,6496,355642,26,0,0,26,38
2020-10-31,US,Texas,Bexar,65873,1412,0,29.44928723,-98.52019748,48029.0,3287.8075659552974,2.14351858879966,64461,65600,1410,0,64190,65423,1986049,273,2,0,271,177
2020-10-31,US,Texas,Blanco,163,6,0,30.26640707,-98.3999852,48031.0,1366.188919621155,3.6809815950920246,157,162,6,0,156,162,11702,1,0,0,1,0
2020-10-31,US,Texas,Borden,2,0,0,32.74363984,-101.43165090000001,48033.0,305.8103975535168,0.0,2,2,0,0,2,2,648,0,0,0,0,0
2020-10-31,US,Texas,Bosque,418,11,0,31.89978581,-97.63613524,48035.0,2237.088573722237,2.631578947368421,407,414,11,0,403,413,18691,4,0,0,4,1
2020-10-31,US,Texas,Bowie,2032,77,0,33.44626922,-94.41834132,48037.0,2179.205319320071,3.789370078740157,1955,1997,76,0,1921,1963,94324,35,1,0,34,34
2020-10-31,US,Texas,Brazoria,12501,185,0,29.18757369,-95.44563172,48039.0,3340.155612081312,1.4798816094712424,12316,12436,185,0,12251,12387,370200,65,0,0,65,49
2020-10-31,US,Texas,Brazos,7756,74,0,30.663644800000004,-96.30205577,48041.0,3383.7817556749023,0.9541000515729756,7682,7678,73,0,7605,7626,226758,78,1,0,77,52
2020-10-31,US,Texas,Brewster,256,5,0,29.81008251,-103.25203259999999,48043.0,2781.7016190372706,1.953125,251,250,5,0,245,249,9267,6,0,0,6,1
2020-10-31,US,Texas,Briscoe,25,1,0,34.53026962,-101.2084947,48045.0,1617.0763260025876,4.0,24,24,1,0,23,22,1516,1,0,0,1,2
2020-10-31,US,Texas,Brooks,365,23,0,27.03103197,-98.21808402,48047.0,5145.918511208233,6.301369863013699,342,361,23,0,338,359,7114,4,0,0,4,2
2020-10-31,US,Texas,Brown,701,28,0,31.77430356,-98.99907113,48049.0,1851.362772026199,3.9942938659058487,673,698,28,0,670,688,37924,3,0,0,3,10
2020-10-31,US,Texas,Burleson,482,6,0,30.49273808,-96.62158484,48051.0,2613.457680420756,1.2448132780082988,476,475,6,0,469,475,18389,7,0,0,7,0
2020-10-31,US,Texas,Burnet,1096,15,0,30.78801353,-98.181887,48053.0,2275.9838023050565,1.368613138686131,1081,1085,15,0,1070,1083,47542,11,0,0,11,2
2020-10-31,US,Texas,Caldwell,1726,37,0,29.83668859,-97.61814775,48055.0,3952.9131550018324,2.1436848203939745,1689,1721,37,0,1684,1705,43247,5,0,0,5,16
2020-10-31,US,Texas,Calhoun,935,9,0,28.47048236,-96.61633945,48057.0,4391.73320807891,0.962566844919786,926,938,9,0,929,932,21561,-3,0,0,-3,6
2020-10-31,US,Texas,Callahan,137,5,0,32.29760619,-99.37326312,48059.0,982.571899878075,3.6496350364963503,132,137,5,0,132,137,13994,0,0,0,0,0
2020-10-31,US,Texas,Cameron,24280,1083,0,26.14524221,-97.48140372,48061.0,5737.7417212752525,4.460461285008237,23197,24221,1083,0,23138,24180,423908,59,0,0,59,41
2020-10-31,US,Texas,Camp,406,13,0,32.97195142,-94.97790104,48063.0,3100.656789369177,3.2019704433497536,393,405,13,0,392,399,13033,1,0,0,1,6
2020-10-31,US,Texas,Carson,55,1,0,35.40365929,-101.35426690000001,48065.0,928.1133985825177,1.818181818181818,54,54,1,0,53,58,6005,1,0,0,1,-4
2020-10-31,US,Texas,Cass,561,24,0,33.07499881,-94.34646905,48067.0,1868.3807366948645,4.2780748663101615,537,547,23,0,524,537,30119,14,1,0,13,10
2020-10-31,US,Texas,Castro,320,7,0,34.53016752,-102.2617243,48069.0,4249.667994687915,2.1875,313,318,7,0,311,311,7665,2,0,0,2,7
2020-10-31,US,Texas,Chambers,1585,10,0,29.70972016,-94.67154501,48071.0,3615.667130506193,0.6309148264984227,1575,1571,10,0,1561,1571,42454,14,0,0,14,0
2020-10-31,US,Texas,Cherokee,1657,38,0,31.837258000000002,-95.16559897,48073.0,3147.4376020970253,2.293301146650573,1619,1647,38,0,1609,1643,52592,10,0,0,10,4
2020-10-31,US,Texas,Childress,125,0,0,34.529304100000004,-100.2077916,48075.0,1710.9225294278674,0.0,125,124,0,0,124,122,7291,1,0,0,1,2
2020-10-31,US,Texas,Clay,133,3,0,33.78686685,-98.20771198,48077.0,1270.174768407984,2.255639097744361,130,129,3,0,126,125,10456,4,0,0,4,4
2020-10-31,US,Texas,Cochran,116,2,0,33.60425307,-102.82844990000001,48079.0,4065.895548545391,1.7241379310344829,114,116,1,0,115,109,2836,0,1,0,-1,7
2020-10-31,US,Texas,Coke,129,7,0,31.88911733,-100.5297533,48081.0,3808.680248007086,5.426356589147288,122,129,6,0,123,128,3370,0,1,0,-1,1
2020-10-31,US,Texas,Coleman,96,4,0,31.76736834,-99.45240766,48083.0,1174.3119266055044,4.166666666666667,92,96,4,0,92,93,8397,0,0,0,0,3
2020-10-31,US,Texas,Collin,18635,186,0,33.18820114,-96.57264368,48085.0,1800.9529055888975,0.998121813791253,18449,18362,184,0,18178,18247,1005146,273,2,0,271,115
2020-10-31,US,Texas,Collingsworth,21,0,0,34.96489496,-100.27001109999999,48087.0,719.1780821917807,0.0,21,21,0,0,21,22,2962,0,0,0,0,-1
2020-10-31,US,Texas,Colorado,506,4,0,29.622097999999998,-96.5273805,48089.0,2354.2548736798026,0.7905138339920948,502,504,4,0,500,504,21217,2,0,0,2,0
2020-10-31,US,Texas,Comal,2884,106,0,29.80811278,-98.27647225,48091.0,1846.2444545448725,3.675450762829404,2778,2878,106,0,2772,2891,148373,6,0,0,6,-13
2020-10-31,US,Texas,Comanche,375,5,0,31.94854689,-98.55876441,48093.0,2750.27502750275,1.3333333333333333,370,373,5,0,368,371,13534,2,0,0,2,2
2020-10-31,US,Texas,Concho,144,2,0,31.32635934,-99.86473038,48095.0,5282.465150403522,1.3888888888888888,142,144,2,0,142,144,4276,0,0,0,0,0
2020-10-31,US,Texas,Cooke,570,9,0,33.63979567,-97.21240912,48097.0,1381.5837312456067,1.5789473684210529,561,570,9,0,561,566,40574,0,0,0,0,4
2020-10-31,US,Texas,Coryell,2019,14,0,31.39078397,-97.79936155,48099.0,2658.292846703796,0.6934125804853888,2005,1986,13,0,1973,1976,74808,33,1,0,32,10
2020-10-31,US,Texas,Cottle,40,3,0,34.07783319,-100.27850620000001,48101.0,2861.230329041488,7.5,37,40,3,0,37,40,1389,0,0,0,0,0
2020-10-31,US,Texas,Crane,77,4,0,31.43052248,-102.5143314,48103.0,1605.1698978528248,5.194805194805196,73,77,4,0,73,77,4794,0,0,0,0,0
2020-10-31,US,Texas,Crockett,166,7,0,30.72367027,-101.4134238,48105.0,4792.147806004619,4.216867469879518,159,166,7,0,159,166,3499,0,0,0,0,0
2020-10-31,US,Texas,Crosby,117,7,0,33.61431553,-101.30003640000001,48107.0,2039.3934111905176,5.982905982905983,110,116,7,0,109,123,5779,1,0,0,1,-7
2020-10-31,US,Texas,Culberson,127,3,0,31.44506775,-104.5185739,48109.0,5849.83878397052,2.3622047244094486,124,125,2,0,123,102,2204,2,1,0,1,23
2020-10-31,US,Texas,Dallam,386,10,0,36.27787176,-102.60207249999999,48111.0,5297.104432551118,2.5906735751295336,376,385,10,0,375,371,7200,1,0,0,1,14
2020-10-31,US,Texas,Dallas,96694,1267,0,32.76670599,-96.77796049999999,48113.0,3668.883057435432,1.3103191511365753,95427,95402,1254,0,94148,95402,2637772,1292,13,0,1279,0
2020-10-31,US,Texas,Dawson,897,19,0,32.74255572,-101.94772420000001,48115.0,7047.4544311753625,2.118171683389075,878,882,19,0,863,870,12619,15,0,0,15,12
2020-10-31,US,Texas,DeWitt,1087,44,0,29.08101855,-97.35681170000001,48123.0,5391.8650793650795,4.047838086476541,1043,1086,44,0,1042,1086,20187,1,0,0,1,0
2020-10-31,US,Texas,Deaf Smith,1042,27,0,34.96522957,-102.6054267,48117.0,5618.462202092095,2.5911708253358925,1015,1040,27,0,1013,1058,18760,2,0,0,2,-18
2020-10-31,US,Texas,Delta,36,0,0,33.38570922,-95.66921122,48119.0,675.2954417557681,0.0,36,35,0,0,35,35,5349,1,0,0,1,0
2020-10-31,US,Texas,Denton,14884,177,0,33.20521901,-97.11691153,48121.0,1677.6242748310144,1.1891964525665144,14707,14769,177,0,14592,14672,859064,115,0,0,115,97
2020-10-31,US,Texas,Dickens,55,2,0,33.61616822,-100.7788855,48125.0,2487.562189054727,3.636363636363636,53,55,2,0,53,51,2249,0,0,0,0,4
2020-10-31,US,Texas,Dimmit,294,7,0,28.42270064,-99.75645095,48127.0,2903.9905175819845,2.380952380952381,287,294,7,0,287,293,10308,0,0,0,0,1
2020-10-31,US,Texas,Donley,86,1,0,34.96517499,-100.8140093,48129.0,2623.5509456985965,1.162790697674419,85,86,1,0,85,99,3319,0,0,0,0,-13
2020-10-31,US,Texas,Duval,497,21,0,27.68184592,-98.50864568,48131.0,4454.602491709241,4.225352112676056,476,493,21,0,472,492,11212,4,0,0,4,1
2020-10-31,US,Texas,Eastland,265,8,0,32.32743996,-98.83243566,48133.0,1443.355119825708,3.018867924528302,257,260,8,0,252,256,18322,5,0,0,5,4
2020-10-31,US,Texas,Ector,6547,121,0,31.86898877,-102.54294279999999,48135.0,3938.684778881382,1.848174736520544,6426,6547,121,0,6426,6486,162124,0,0,0,0,61
2020-10-31,US,Texas,Edwards,72,2,0,29.98202582,-100.304252,48137.0,3726.7080745341614,2.7777777777777777,70,72,2,0,70,72,1928,0,0,0,0,0
2020-10-31,US,Texas,El Paso,48885,633,0,31.76980765,-106.23632749999999,48141.0,5824.9268979717335,1.2948757287511508,48252,47052,623,0,46429,45039,840758,1833,10,0,1823,2013
2020-10-31,US,Texas,Ellis,5043,81,0,32.34894117,-96.79371841,48139.0,2728.512222306385,1.6061867935752527,4962,5029,81,0,4948,4999,179436,14,0,0,14,30
2020-10-31,US,Texas,Erath,1065,17,0,32.23602653,-98.21773417,48143.0,2494.262026324418,1.596244131455399,1048,1054,17,0,1037,1042,42446,11,0,0,11,12
2020-10-31,US,Texas,Falls,690,6,0,31.25350609,-96.93630086,48145.0,3989.131063190149,0.8695652173913043,684,684,6,0,678,686,17335,6,0,0,6,-2
2020-10-31,US,Texas,Fannin,798,20,0,33.59564294,-96.10751083,48147.0,2247.0011826322016,2.506265664160401,778,797,20,0,777,793,35286,1,0,0,1,4
2020-10-31,US,Texas,Fayette,683,22,0,29.87788372,-96.92076062,48149.0,2694.705278939477,3.2210834553440697,661,683,22,0,661,676,25349,0,0,0,0,7
2020-10-31,US,Texas,Fisher,117,4,0,32.74281316,-100.40193020000001,48151.0,3054.8302872062663,3.418803418803418,113,112,3,0,109,107,3839,5,1,0,4,5
2020-10-31,US,Texas,Floyd,128,9,0,34.07227468,-101.3031546,48153.0,2240.896358543417,7.03125,119,128,9,0,119,142,5837,0,0,0,0,-14
2020-10-31,US,Texas,Foard,22,1,0,33.97308618,-99.7767797,48155.0,1904.7619047619046,4.545454545454546,21,22,1,0,21,22,1200,0,0,0,0,0
2020-10-31,US,Texas,Fort Bend,17735,309,0,29.52704478,-95.77219463,48157.0,2184.9528390218898,1.7423174513673527,17426,17672,309,0,17363,17634,787858,63,0,0,63,38
2020-10-31,US,Texas,Franklin,223,7,0,33.17653242,-95.21917243,48159.0,2079.2540792540794,3.1390134529147984,216,222,7,0,215,221,10766,1,0,0,1,1
2020-10-31,US,Texas,Freestone,463,4,0,31.70422788,-96.15072516,48161.0,2348.227417964193,0.8639308855291576,459,462,4,0,458,460,19808,1,0,0,1,2
2020-10-31,US,Texas,Frio,1020,9,0,28.86751206,-99.10804207,48163.0,5023.145868216291,0.8823529411764706,1011,1020,9,0,1011,1017,19816,0,0,0,0,3
2020-10-31,US,Texas,Gaines,581,12,0,32.74055318,-102.6353295,48165.0,2703.331472175693,2.0654044750430294,569,566,12,0,554,543,20901,15,0,0,15,23
2020-10-31,US,Texas,Galveston,12663,169,0,29.40167322,-94.90469073,48167.0,3701.127319598175,1.3345968569849167,12494,12606,169,0,12437,12533,337890,57,0,0,57,73
2020-10-31,US,Texas,Garza,123,8,0,33.17969345,-101.2984114,48169.0,1974.6347728367318,6.5040650406504055,115,123,8,0,115,126,6578,0,0,0,0,-3
2020-10-31,US,Texas,Gillespie,365,10,0,30.31824095,-98.94676915,48171.0,1352.4529420483175,2.7397260273972597,355,368,10,0,358,367,26804,-3,0,0,-3,1
2020-10-31,US,Texas,Glasscock,13,0,0,31.86942909,-101.5207776,48173.0,922.6401703335699,0.0,13,13,0,0,13,13,1388,0,0,0,0,0
2020-10-31,US,Texas,Goliad,166,6,0,28.65696592,-97.42760647,48175.0,2167.667798380778,3.614457831325301,160,166,6,0,160,166,7584,0,0,0,0,0
2020-10-31,US,Texas,Gonzales,1133,20,0,29.45634206,-97.49424032,48177.0,5437.443010030233,1.76522506619594,1113,1132,20,0,1112,1128,20826,1,0,0,1,4
2020-10-31,US,Texas,Gray,516,10,0,35.40081878,-100.8129222,48179.0,2357.671570867221,1.937984496124031,506,502,10,0,492,495,21895,14,0,0,14,7
2020-10-31,US,Texas,Grayson,2752,75,0,33.62744998,-96.67753461,48181.0,2020.3799958887616,2.7252906976744184,2677,2681,74,0,2607,2661,133991,71,1,0,70,20
2020-10-31,US,Texas,Gregg,2612,87,0,32.47940482,-94.81591935,48183.0,2107.38634071564,3.330781010719755,2525,2587,87,0,2500,2577,123707,25,0,0,25,10
2020-10-31,US,Texas,Grimes,1193,36,0,30.54579585,-95.98902499,48185.0,4130.886426592798,3.017602682313496,1157,1191,36,0,1155,1191,28360,2,0,0,2,0
2020-10-31,US,Texas,Guadalupe,3903,81,0,29.58165339,-97.94786822,48187.0,2339.268911038257,2.07532667179093,3822,3908,81,0,3827,3899,163694,-5,0,0,-5,9
2020-10-31,US,Texas,Hale,2678,62,0,34.07044901,-101.82681140000001,48189.0,8016.52397772855,2.315160567587752,2616,2678,61,0,2617,2632,33830,0,1,0,-1,46
2020-10-31,US,Texas,Hall,44,1,0,34.5307555,-100.68138520000001,48191.0,1484.4804318488532,2.272727272727273,43,44,1,0,43,47,3028,0,0,0,0,-3
2020-10-31,US,Texas,Hamilton,206,5,0,31.70470573,-98.11083887,48193.0,2434.70039002482,2.4271844660194173,201,204,5,0,199,201,8484,2,0,0,2,3
2020-10-31,US,Texas,Hansford,199,6,0,36.27743284,-101.3545796,48195.0,3685.867753287646,3.0150753768844223,193,191,6,0,185,216,5463,8,0,0,8,-25
2020-10-31,US,Texas,Hardeman,63,3,0,34.28944521,-99.74632408,48197.0,1601.8306636155605,4.761904761904762,60,63,3,0,60,63,3922,0,0,0,0,0
2020-10-31,US,Texas,Hardin,1457,35,0,30.33364686,-94.38931817,48199.0,2529.4260615950834,2.4021962937542902,1422,1457,35,0,1422,1452,57207,0,0,0,0,5
2020-10-31,US,Texas,Harris,161613,2809,0,29.85864939,-95.39339521,48201.0,3428.8533041960827,1.7381027516350789,158804,160984,2806,0,158178,160984,4698619,629,3,0,626,0
2020-10-31,US,Texas,Harrison,1119,39,0,32.54935988,-94.36934071,48203.0,1681.3667302751196,3.4852546916890086,1080,1108,39,0,1069,1096,66726,11,0,0,11,12
2020-10-31,US,Texas,Hartley,179,0,0,35.84008013,-102.6029022,48205.0,3210.186513629842,0.0,179,173,0,0,173,171,5619,6,0,0,6,2
2020-10-31,US,Texas,Haskell,86,3,0,33.17823584,-99.73037358,48207.0,1519.971721456345,3.4883720930232562,83,86,3,0,83,85,5813,0,0,0,0,1
2020-10-31,US,Texas,Hays,6132,87,0,30.05669873,-98.02944344,48209.0,2663.874782246048,1.4187866927592956,6045,6132,87,0,6045,6119,222631,0,0,0,0,13
2020-10-31,US,Texas,Hemphill,155,1,0,35.83764858,-100.2703577,48211.0,4058.6540979313954,0.6451612903225806,154,147,0,0,147,145,3825,8,1,0,7,2
2020-10-31,US,Texas,Henderson,1332,35,0,32.21128872,-95.85846587,48213.0,1609.920591754596,2.627627627627628,1297,1317,35,0,1282,1310,82299,15,0,0,15,7
2020-10-31,US,Texas,Hidalgo,35785,1952,0,26.39418217,-98.18299696,48215.0,4119.3405831885775,5.454799496995949,33833,35785,1952,0,33833,35662,865939,0,0,0,0,123
2020-10-31,US,Texas,Hill,858,16,0,31.99045053,-97.13423143,48217.0,2341.127998035417,1.8648018648018647,842,853,16,0,837,852,36354,5,0,0,5,1
2020-10-31,US,Texas,Hockley,749,18,0,33.60771256,-102.3431676,48219.0,3253.5511055123584,2.403204272363151,731,695,17,0,678,665,22980,54,1,0,53,30
2020-10-31,US,Texas,Hood,1233,41,0,32.42990927,-97.83242024,48221.0,2000.2271141897704,3.3252230332522297,1192,1224,40,0,1184,1214,60537,9,1,0,8,10
2020-10-31,US,Texas,Hopkins,693,35,0,33.14875072,-95.56351139,48223.0,1868.7304497896664,5.05050505050505,658,679,35,0,644,673,36810,14,0,0,14,6
2020-10-31,US,Texas,Houston,430,14,0,31.31925973,-95.42226208,48225.0,1872.169975618252,3.255813953488372,416,429,13,0,416,428,23169,1,1,0,0,1
2020-10-31,US,Texas,Howard,1222,21,0,32.30621324,-101.4356444,48227.0,3332.9696705214924,1.718494271685761,1201,1220,21,0,1199,1205,36459,2,0,0,2,15
2020-10-31,US,Texas,Hudspeth,114,3,0,31.45628381,-105.388178,48229.0,2333.1968890708144,2.631578947368421,111,113,3,0,110,106,4795,1,0,0,1,7
2020-10-31,US,Texas,Hunt,2052,46,0,33.12351514,-96.08551032,48231.0,2081.2625514737206,2.2417153996101367,2006,2043,46,0,1997,2043,96493,9,0,0,9,0
2020-10-31,US,Texas,Hutchinson,335,7,0,35.84006574,-101.3546643,48233.0,1599.961791957207,2.08955223880597,328,327,7,0,320,344,21198,8,0,0,8,-17
2020-10-31,US,Texas,Irion,14,0,0,31.30375559,-100.982439,48235.0,911.4583333333336,0.0,14,13,0,0,13,13,1522,1,0,0,1,0
2020-10-31,US,Texas,Jack,155,3,0,33.23377248,-98.17283469,48237.0,1734.7509792949074,1.935483870967742,152,153,3,0,150,153,8843,2,0,0,2,0
2020-10-31,US,Texas,Jackson,656,16,0,28.95472367,-96.57749563,48239.0,4444.444444444444,2.4390243902439024,640,656,16,0,640,654,14874,0,0,0,0,2
2020-10-31,US,Texas,Jasper,520,34,0,30.74685667,-94.02667579,48241.0,1463.5931211123307,6.538461538461537,486,519,34,0,485,515,35872,1,0,0,1,4
2020-10-31,US,Texas,Jeff Davis,23,0,0,30.71490589,-104.1399973,48243.0,1011.433597185576,0.0,23,23,0,0,23,23,2252,0,0,0,0,0
2020-10-31,US,Texas,Jefferson,8471,155,0,29.8832777,-94.16434171,48245.0,3367.320573211695,1.829772163853146,8316,8424,154,0,8270,8387,255001,47,1,0,46,37
2020-10-31,US,Texas,Jim Hogg,183,6,0,27.04453923,-98.69681870000001,48247.0,3519.230769230769,3.278688524590164,177,180,6,0,174,179,5248,3,0,0,3,1
2020-10-31,US,Texas,Jim Wells,1709,52,0,27.73103938,-98.0904705,48249.0,4221.629366138037,3.0427150380339376,1657,1679,52,0,1627,1637,40822,30,0,0,30,42
2020-10-31,US,Texas,Johnson,3821,66,0,32.37877812,-97.36615819,48251.0,2173.282447089872,1.7272965192358016,3755,3787,65,0,3722,3754,171361,34,1,0,33,33
2020-10-31,US,Texas,Jones,610,3,0,32.73997145,-99.87861576,48253.0,3037.394811532142,0.4918032786885246,607,603,3,0,600,600,19817,7,0,0,7,3
2020-10-31,US,Texas,Karnes,960,18,0,28.90705334,-97.85960149,48255.0,6153.451701813986,1.875,942,962,18,0,944,961,15650,-2,0,0,-2,1
2020-10-31,US,Texas,Kaufman,3629,58,0,32.599141700000004,-96.28734728,48257.0,2665.364219927435,1.5982364287682558,3571,3619,58,0,3561,3594,128622,10,0,0,10,25
2020-10-31,US,Texas,Kendall,391,10,0,29.94414155,-98.7113588,48259.0,824.3553793932239,2.557544757033248,381,392,10,0,382,391,45641,-1,0,0,-1,1
2020-10-31,US,Texas,Kenedy,11,2,0,26.92601662,-97.66413984,48261.0,2722.772277227723,18.181818181818183,9,11,2,0,9,11,442,0,0,0,0,0
2020-10-31,US,Texas,Kent,12,0,0,33.18104136,-100.7780939,48263.0,1574.803149606299,0.0,12,11,0,0,11,10,726,1,0,0,1,1
2020-10-31,US,Texas,Kerr,714,14,0,30.06040006,-99.34930144,48265.0,1357.4144486692014,1.96078431372549,700,709,14,0,695,706,52405,5,0,0,5,3
2020-10-31,US,Texas,Kimble,31,2,0,30.48678918,-99.74856473,48267.0,714.7798017062486,6.451612903225807,29,30,2,0,28,27,4362,1,0,0,1,3
2020-10-31,US,Texas,King,1,0,0,33.61643847,-100.2558057,48269.0,367.6470588235293,0.0,1,1,0,0,1,1,277,0,0,0,0,0
2020-10-31,US,Texas,Kinney,79,1,0,29.34967888,-100.41866379999999,48271.0,2154.3496045814013,1.2658227848101269,78,79,1,0,78,79,3767,0,0,0,0,0
2020-10-31,US,Texas,Kleberg,1033,52,0,27.42435506,-97.69894948,48273.0,3367.0143415906127,5.0338818973862525,981,1032,52,0,980,1030,31129,1,0,0,1,2
2020-10-31,US,Texas,Knox,114,9,0,33.60519951,-99.74229059999999,48275.0,3111.353711790393,7.894736842105262,105,114,9,0,105,113,3653,0,0,0,0,1
2020-10-31,US,Texas,La Salle,381,13,0,28.34453111,-99.09908775,48283.0,5066.489361702128,3.4120734908136483,368,378,13,0,365,378,7531,3,0,0,3,0
2020-10-31,US,Texas,Lamar,1874,49,0,33.66981763,-95.57404777,48277.0,3758.5992498846754,2.614727854855923,1825,1839,49,0,1790,1839,49728,35,0,0,35,0
2020-10-31,US,Texas,Lamb,574,24,0,34.06859623,-102.35162890000001,48279.0,4452.028232374157,4.181184668989547,550,552,24,0,528,538,13158,22,0,0,22,14
2020-10-31,US,Texas,Lampasas,315,9,0,31.19531316,-98.24206613,48281.0,1470.039201045361,2.8571428571428568,306,313,9,0,304,311,21229,2,0,0,2,2
2020-10-31,US,Texas,Lavaca,1177,39,0,29.38508402,-96.93186692,48285.0,5840.031755482783,3.3135089209855564,1138,1180,39,0,1141,1164,20110,-3,0,0,-3,16
2020-10-31,US,Texas,Lee,245,14,0,30.31120597,-96.97045773,48287.0,1421.1961250652594,5.7142857142857135,231,245,14,0,231,243,17144,0,0,0,0,2
2020-10-31,US,Texas,Leon,372,12,0,31.29872538,-95.9936328,48289.0,2137.4396690416,3.2258064516129035,360,362,12,0,350,361,17270,10,0,0,10,1
2020-10-31,US,Texas,Liberty,2305,59,0,30.15152688,-94.81205615,48291.0,2612.815833323887,2.5596529284164857,2246,2302,59,0,2243,2295,86323,3,0,0,3,7
2020-10-31,US,Texas,Limestone,684,16,0,31.5454767,-96.58095444,48293.0,2918.462260528225,2.3391812865497075,668,681,16,0,665,681,23519,3,0,0,3,0
2020-10-31,US,Texas,Lipscomb,74,1,0,36.27783108,-100.27331509999999,48295.0,2288.895762449737,1.351351351351351,73,70,1,0,69,69,3355,4,0,0,4,1
2020-10-31,US,Texas,Live Oak,392,10,0,28.35101362,-98.1246786,48297.0,3211.272220856885,2.5510204081632653,382,383,10,0,373,383,12166,9,0,0,9,0
2020-10-31,US,Texas,Llano,189,3,0,30.70645047,-98.68475262,48299.0,867.171369580179,1.5873015873015872,186,188,3,0,185,188,21646,1,0,0,1,0
2020-10-31,US,Texas,Lubbock,19167,188,0,33.61008596,-101.82047890000001,48303.0,6171.5753987036705,0.9808525069129232,18979,18985,183,0,18802,18712,307412,182,5,0,177,273
2020-10-31,US,Texas,Lynn,198,6,0,33.17657705,-101.8162849,48305.0,3327.1719038817005,3.0303030303030303,192,194,6,0,188,187,5877,4,0,0,4,7
2020-10-31,US,Texas,Madison,771,7,0,30.96694679,-95.93003775,48313.0,5397.647717726127,0.9079118028534372,764,768,7,0,761,767,14422,3,0,0,3,1
2020-10-31,US,Texas,Marion,172,14,0,32.79868409,-94.35661230000001,48315.0,1745.4840673838034,8.13953488372093,158,172,14,0,158,172,9928,0,0,0,0,0
2020-10-31,US,Texas,Martin,93,7,0,32.30600051,-101.9513518,48317.0,1611.5058048865014,7.526881720430107,86,92,7,0,85,92,5753,1,0,0,1,0
2020-10-31,US,Texas,Mason,83,2,0,30.71780434,-99.22629416,48319.0,1941.9747309312118,2.409638554216868,81,83,2,0,81,82,4280,0,0,0,0,1
2020-10-31,US,Texas,Matagorda,1121,54,0,28.81955746,-96.01230294,48321.0,3059.2473323690747,4.817127564674398,1067,1116,54,0,1062,1114,36552,5,0,0,5,2
2020-10-31,US,Texas,Maverick,4292,151,0,28.7429195,-100.3157686,48323.0,7309.015360512242,3.5181733457595525,4141,4292,148,0,4144,4273,58485,0,3,0,-3,19
2020-10-31,US,Texas,McCulloch,220,5,0,31.1925468,-99.34682807,48307.0,2755.511022044089,2.272727272727273,215,216,5,0,211,212,7987,4,0,0,4,4
2020-10-31,US,Texas,McLennan,10263,142,0,31.55255453,-97.20217694,48309.0,3999.251820764312,1.3836110299132809,10121,10194,141,0,10053,10077,254607,69,1,0,68,117
2020-10-31,US,Texas,McMullen,25,1,0,28.35251708,-98.56769164,48311.0,3364.737550471063,4.0,24,25,1,0,24,25,749,0,0,0,0,0
2020-10-31,US,Texas,Medina,1294,49,0,29.355730100000002,-99.11030298,48325.0,2508.529776674938,3.786707882534776,1245,1287,48,0,1239,1285,50921,7,1,0,6,2
2020-10-31,US,Texas,Menard,77,0,0,30.88990665,-99.82047940000001,48327.0,3601.496725912067,0.0,77,78,0,0,78,75,2139,-1,0,0,-1,3
2020-10-31,US,Texas,Midland,5540,95,0,31.86904128,-102.03156820000001,48329.0,3132.917119073471,1.7148014440433212,5445,5540,95,0,5445,5470,172578,0,0,0,0,70
2020-10-31,US,Texas,Milam,550,8,0,30.78581830000001,-96.97718698,48331.0,2215.687064416066,1.4545454545454546,542,549,8,0,541,549,25131,1,0,0,1,0
2020-10-31,US,Texas,Mills,79,1,0,31.49557106,-98.59272068,48333.0,1621.1779191463165,1.2658227848101269,78,79,1,0,78,78,4921,0,0,0,0,1
2020-10-31,US,Texas,Mitchell,202,2,0,32.30623474,-100.9212058,48335.0,2363.955529549444,0.99009900990099,200,201,2,0,199,196,8145,1,0,0,1,5
2020-10-31,US,Texas,Montague,299,6,0,33.67521893,-97.72500958,48337.0,1508.7294378847512,2.0066889632107023,293,293,6,0,287,290,19596,6,0,0,6,3
2020-10-31,US,Texas,Montgomery,14175,182,0,30.30079133,-95.50572772,48339.0,2333.752064156367,1.2839506172839503,13993,14175,182,0,13993,14076,590925,0,0,0,0,99
2020-10-31,US,Texas,Moore,1348,22,0,35.83769242,-101.8930281,48341.0,6437.4403056351475,1.632047477744807,1326,1338,22,0,1316,1345,21485,10,0,0,10,-7
2020-10-31,US,Texas,Morris,234,5,0,33.11304005,-94.73255695,48343.0,1888.9247659024866,2.1367521367521367,229,232,5,0,227,229,12339,2,0,0,2,3
2020-10-31,US,Texas,Motley,17,0,0,34.07408766,-100.77972199999999,48345.0,1416.666666666667,0.0,17,17,0,0,17,17,1234,0,0,0,0,0
2020-10-31,US,Texas,Nacogdoches,1820,70,0,31.62017125,-94.61803994,48347.0,2791.239801239188,3.8461538461538463,1750,1816,70,0,1746,1811,65711,4,0,0,4,5
2020-10-31,US,Texas,Navarro,1472,34,0,32.04620681,-96.47428766,48349.0,2937.3615628679186,2.3097826086956523,1438,1464,34,0,1430,1458,49565,8,0,0,8,6
2020-10-31,US,Texas,Newton,189,14,0,30.78548982,-93.74408813,48351.0,1390.2169915410075,7.407407407407407,175,188,14,0,174,188,13746,1,0,0,1,0
2020-10-31,US,Texas,Nolan,441,7,0,32.30365282,-100.4060208,48353.0,2997.1455756422456,1.5873015873015872,434,437,7,0,430,426,14751,4,0,0,4,11
2020-10-31,US,Texas,Nueces,21342,443,0,27.736286,-97.5433285,48355.0,5890.795872965051,2.0757192390591324,20899,21312,442,0,20870,21286,362265,30,1,0,29,26
2020-10-31,US,Texas,Ochiltree,338,5,0,36.27829105,-100.8158184,48357.0,3436.3562423749486,1.4792899408284024,333,310,5,0,305,305,9947,28,0,0,28,5
2020-10-31,US,Texas,Oldham,27,2,0,35.40425596,-102.6027606,48359.0,1278.409090909091,7.407407407407407,25,27,2,0,25,27,2131,0,0,0,0,0
2020-10-31,US,Texas,Orange,2267,46,0,30.11879481,-93.89412775,48361.0,2718.355796441076,2.029113365681517,2221,2221,46,0,2175,2221,83572,46,0,0,46,0
2020-10-31,US,Texas,Palo Pinto,745,21,0,32.75310985,-98.31319001,48363.0,2552.3313577032445,2.8187919463087248,724,736,21,0,715,731,28875,9,0,0,9,5
2020-10-31,US,Texas,Panola,486,30,0,32.163959600000005,-94.30552481,48365.0,2095.3694921100287,6.172839506172839,456,484,30,0,454,477,23148,2,0,0,2,7
2020-10-31,US,Texas,Parker,2528,52,0,32.77757172,-97.80500621,48367.0,1769.3416761152869,2.056962025316456,2476,2518,51,0,2467,2504,138371,10,1,0,9,14
2020-10-31,US,Texas,Parmer,579,19,0,34.52993409,-102.78446679999999,48369.0,6028.110359187924,3.281519861830742,560,574,19,0,555,579,9864,5,0,0,5,-5
2020-10-31,US,Texas,Pecos,519,8,0,30.78097267,-102.72412609999999,48371.0,3280.0353915186747,1.5414258188824663,511,515,8,0,507,509,15673,4,0,0,4,6
2020-10-31,US,Texas,Polk,918,36,0,30.79472531,-94.82766240000001,48373.0,1787.6268182968865,3.92156862745098,882,918,36,0,882,918,50031,0,0,0,0,0
2020-10-31,US,Texas,Potter,8237,100,0,35.40133773,-101.893964,48375.0,7015.28765489929,1.2140342357654486,8137,8237,100,0,8137,8096,119648,0,0,0,0,141
2020-10-31,US,Texas,Presidio,174,7,0,29.99954402,-104.24080790000001,48377.0,2595.4653937947496,4.022988505747127,167,172,7,0,165,135,6948,2,0,0,2,37
2020-10-31,US,Texas,Rains,97,5,0,32.87109387,-95.79232691,48379.0,775.1318523253958,5.154639175257731,92,96,5,0,91,95,12159,1,0,0,1,1
2020-10-31,US,Texas,Randall,5483,59,0,34.96585996,-101.8971322,48381.0,3981.4687066580495,1.0760532555170528,5424,5327,57,0,5270,5218,136271,156,2,0,154,109
2020-10-31,US,Texas,Reagan,97,6,0,31.36607041,-101.52326590000001,48383.0,2520.135100025981,6.185567010309278,91,95,6,0,89,95,3741,2,0,0,2,0
2020-10-31,US,Texas,Real,126,8,0,29.83321503,-99.82018052,48385.0,3650.057937427578,6.349206349206349,118,125,8,0,117,125,3478,1,0,0,1,0
2020-10-31,US,Texas,Red River,202,17,0,33.61886692,-95.04841765,48387.0,1680.113116526657,8.415841584158416,185,202,17,0,185,199,12175,0,0,0,0,3
2020-10-31,US,Texas,Reeves,289,7,0,31.32323325,-103.69038959999999,48389.0,1808.963445167752,2.4221453287197234,282,279,7,0,272,277,15695,10,0,0,10,2
2020-10-31,US,Texas,Refugio,314,16,0,28.323897600000002,-97.15766311,48391.0,4519.286125503742,5.095541401273885,298,312,16,0,296,312,7032,2,0,0,2,0
2020-10-31,US,Texas,Roberts,15,0,0,35.83809685,-100.813175,48393.0,1756.440281030445,0.0,15,14,0,0,14,14,903,1,0,0,1,0
2020-10-31,US,Texas,Robertson,435,4,0,31.02539637,-96.51272246,48395.0,2547.7333958064896,0.9195402298850576,431,435,4,0,431,431,17284,0,0,0,0,4
2020-10-31,US,Texas,Rockwall,1988,33,0,32.89779518,-96.40771592,48397.0,1894.8672735071245,1.6599597585513082,1955,1984,33,0,1951,1962,100657,4,0,0,4,22
2020-10-31,US,Texas,Runnels,303,9,0,31.8314342,-99.97616148,48399.0,2952.0654715510523,2.9702970297029703,294,302,9,0,293,302,10234,1,0,0,1,0
2020-10-31,US,Texas,Rusk,1042,26,0,32.10773545,-94.76176432,48401.0,1915.2299378744992,2.4952015355086368,1016,1036,25,0,1011,1028,54450,6,1,0,5,8
2020-10-31,US,Texas,Sabine,102,9,0,31.34318809,-93.85440451,48403.0,967.5583380762663,8.823529411764708,93,102,9,0,93,99,10589,0,0,0,0,3
2020-10-31,US,Texas,San Augustine,221,15,0,31.39457611,-94.17000399,48405.0,2683.0156610416416,6.787330316742081,206,221,15,0,206,221,8232,0,0,0,0,0
2020-10-31,US,Texas,San Jacinto,242,13,0,30.57933681,-95.16260304,48407.0,838.5598946602446,5.371900826446281,229,241,13,0,228,240,28719,1,0,0,1,1
2020-10-31,US,Texas,San Patricio,1592,81,0,28.00880118,-97.51763891,48409.0,2385.7335531245317,5.087939698492463,1511,1572,81,0,1491,1572,66893,20,0,0,20,0
2020-10-31,US,Texas,San Saba,242,3,0,31.1577796,-98.81758731,48411.0,3996.696944673824,1.2396694214876034,239,118,3,0,115,117,6054,124,0,0,124,1
2020-10-31,US,Texas,Schleicher,55,2,0,30.89740592,-100.5384842,48413.0,1969.2087361260294,3.636363636363636,53,55,2,0,53,55,2895,0,0,0,0,0
2020-10-31,US,Texas,Scurry,1140,16,0,32.74613808,-100.91626640000001,48415.0,6825.1212357061595,1.4035087719298245,1124,1125,16,0,1109,1112,16866,15,0,0,15,13
2020-10-31,US,Texas,Shackelford,40,0,0,32.73587756,-99.35401337,48417.0,1225.1148545176109,0.0,40,40,0,0,40,40,3253,0,0,0,0,0
2020-10-31,US,Texas,Shelby,554,31,0,31.79211404,-94.14550696,48419.0,2191.9759436575137,5.5956678700361016,523,554,30,0,524,553,25418,0,1,0,-1,1
2020-10-31,US,Texas,Sherman,78,1,0,36.27751473,-101.8933156,48421.0,2581.0721376571805,1.2820512820512822,77,77,1,0,76,77,3079,1,0,0,1,0
2020-10-31,US,Texas,Smith,4633,144,0,32.37474036,-95.27175679999999,48423.0,1990.5392458034555,3.1081372760630264,4489,4594,141,0,4453,4581,230221,39,3,0,36,13
2020-10-31,US,Texas,Somervell,160,5,0,32.22236802,-97.77403489,48425.0,1752.8483786152499,3.125,155,159,5,0,154,159,9016,1,0,0,1,0
2020-10-31,US,Texas,Starr,3583,185,0,26.56150059,-98.73892358,48427.0,5543.607754552628,5.16327100195367,3398,3580,185,0,3395,3578,64525,3,0,0,3,2
2020-10-31,US,Texas,Stephens,166,4,0,32.73553157,-98.83631615,48429.0,1772.3681400811445,2.409638554216868,162,165,4,0,161,165,9433,1,0,0,1,0
2020-10-31,US,Texas,Sterling,21,0,0,31.82781912,-101.05007459999999,48431.0,1626.6460108443066,0.0,21,20,0,0,20,18,1311,1,0,0,1,2
2020-10-31,US,Texas,Stonewall,21,1,0,33.17906744,-100.25384009999999,48433.0,1555.5555555555554,4.761904761904762,20,21,1,0,20,19,1362,0,0,0,0,2
2020-10-31,US,Texas,Sutton,114,3,0,30.49856623,-100.5382014,48435.0,3019.067796610169,2.631578947368421,111,112,3,0,109,111,3758,2,0,0,2,1
2020-10-31,US,Texas,Swisher,161,5,0,34.53028891,-101.73491740000001,48437.0,2176.5580640800326,3.1055900621118013,156,149,5,0,144,152,7462,12,0,0,12,-3
2020-10-31,US,Texas,Tarrant,67484,835,0,32.77143818,-97.29101614,48439.0,3209.679835815678,1.2373303301523324,66649,66810,829,0,65981,66110,2084931,674,6,0,668,700
2020-10-31,US,Texas,Taylor,2228,69,0,32.30163422,-99.89007449,48441.0,1614.0950780242554,3.096947935368043,2159,2197,69,0,2128,2127,137640,31,0,0,31,70
2020-10-31,US,Texas,Terrell,4,0,0,30.22429013,-102.0766732,48443.0,515.4639175257731,0.0,4,4,0,0,4,4,823,0,0,0,0,0
2020-10-31,US,Texas,Terry,626,10,0,33.17402785,-102.3354521,48445.0,5074.167139499068,1.597444089456869,616,589,10,0,579,573,12287,37,0,0,37,16
2020-10-31,US,Texas,Throckmorton,19,2,0,33.17751417,-99.21226795,48447.0,1265.822784810127,10.526315789473683,17,19,2,0,17,19,1515,0,0,0,0,0
2020-10-31,US,Texas,Titus,1745,36,0,33.21339719,-94.96797273,48449.0,5328.244274809161,2.0630372492836675,1709,1745,36,0,1709,1739,33033,0,0,0,0,6
2020-10-31,US,Texas,Tom Green,4982,82,0,31.40464436,-100.46244300000001,48451.0,4179.5302013422815,1.6459253311922923,4900,4924,81,0,4843,4862,118189,58,1,0,57,62
2020-10-31,US,Texas,Travis,32143,452,0,30.33432034,-97.78535620000001,48453.0,2523.0895307051896,1.4062159723734562,31691,32024,451,0,31573,31943,1248743,119,1,0,118,81
2020-10-31,US,Texas,Trinity,208,8,0,31.0879489,-95.1367187,48455.0,1419.698314108252,3.8461538461538463,200,208,8,0,200,206,14740,0,0,0,0,2
2020-10-31,US,Texas,Tyler,273,4,0,30.77031716,-94.37690895,48457.0,1259.6899224806202,1.465201465201465,269,271,4,0,267,269,21696,2,0,0,2,2
2020-10-31,US,Texas,Upshur,513,15,0,32.73706798,-94.93999853,48459.0,1228.6542284386749,2.9239766081871346,498,511,15,0,496,499,41260,2,0,0,2,12
2020-10-31,US,Texas,Upton,28,4,0,31.36868194,-102.0423217,48461.0,765.6549083948591,14.285714285714285,24,27,3,0,24,27,3671,1,1,0,0,0
2020-10-31,US,Texas,Uvalde,841,37,0,29.35739637,-99.76229172,48463.0,3144.983358887102,4.399524375743163,804,839,37,0,802,836,26846,2,0,0,2,3
2020-10-31,US,Texas,Val Verde,2625,128,0,29.89149232,-101.1525205,48465.0,5354.411014788373,4.876190476190477,2497,2562,128,0,2434,2562,49208,63,0,0,63,0
2020-10-31,US,Texas,Van Zandt,719,29,0,32.56483801,-95.83766469,48467.0,1270.5424986746775,4.033379694019471,690,714,29,0,685,708,56019,5,0,0,5,6
2020-10-31,US,Texas,Victoria,4302,98,0,28.79780988,-96.96813006,48469.0,4671.821380478694,2.2780102278010226,4204,4291,98,0,4193,4279,92035,11,0,0,11,12
2020-10-31,US,Texas,Walker,3936,62,0,30.73872995,-95.57440968,48471.0,5393.92361349029,1.5752032520325203,3874,3927,62,0,3865,3930,72480,9,0,0,9,-3
2020-10-31,US,Texas,Waller,1008,17,0,30.01058447,-95.99011759,48473.0,1824.5664844513626,1.6865079365079363,991,1005,17,0,988,1004,53126,3,0,0,3,1
2020-10-31,US,Texas,Ward,175,1,0,31.50999644,-103.09279090000001,48475.0,1458.5764294049009,0.5714285714285714,174,172,1,0,171,166,11720,3,0,0,3,6
2020-10-31,US,Texas,Washington,719,50,0,30.21498498,-96.40946246,48477.0,2003.790201215094,6.954102920723226,669,710,50,0,660,705,35108,9,0,0,9,5
2020-10-31,US,Texas,Webb,15413,355,0,27.7610369,-99.33237355,48479.0,5571.259199282854,2.303250502822293,15058,15175,355,0,14820,15175,275910,238,0,0,238,0
2020-10-31,US,Texas,Wharton,1466,60,0,29.27765923,-96.22319248,48481.0,3527.769756473193,4.092769440654844,1406,1441,60,0,1381,1440,41619,25,0,0,25,1
2020-10-31,US,Texas,Wheeler,90,0,0,35.40114335,-100.26995140000001,48483.0,1780.0632911392404,0.0,90,86,0,0,86,83,5191,4,0,0,4,3
2020-10-31,US,Texas,Wichita,4001,49,0,33.98842886,-98.70410340000001,48485.0,3025.7883990017394,1.2246938265433642,3952,3922,46,0,3876,3844,132064,79,3,0,76,78
2020-10-31,US,Texas,Wilbarger,384,4,0,34.07945812,-99.24178437,48487.0,3007.2832641553764,1.0416666666666667,380,371,4,0,367,365,12820,13,0,0,13,6
2020-10-31,US,Texas,Willacy,1247,56,0,26.47411727,-97.61535848,48489.0,5838.5616630770655,4.490777866880514,1191,1239,56,0,1183,1232,21515,8,0,0,8,7
2020-10-31,US,Texas,Williamson,9588,156,0,30.64655664,-97.60048540000001,48491.0,1623.5684978943393,1.6270337922403004,9432,9588,156,0,9432,9529,566719,0,0,0,0,59
2020-10-31,US,Texas,Wilson,1004,28,0,29.1732598,-98.08693082,48493.0,1965.9291168983746,2.7888446215139444,976,1007,28,0,979,1006,50224,-3,0,0,-3,1
2020-10-31,US,Texas,Winkler,153,5,0,31.85008651,-103.04851629999999,48495.0,1910.1123595505621,3.2679738562091503,148,150,5,0,145,150,7720,3,0,0,3,0
2020-10-31,US,Texas,Wise,965,16,0,33.21570665,-97.65460265,48497.0,1378.8866026520345,1.6580310880829014,949,959,16,0,943,944,68305,6,0,0,6,15
2020-10-31,US,Texas,Wood,664,40,0,32.78722382,-95.38236368,48499.0,1458.0908671688003,6.024096385542169,624,655,40,0,615,655,45129,9,0,0,9,0
2020-10-31,US,Texas,Yoakum,338,7,0,33.17320212,-102.82764329999999,48501.0,3879.260874555262,2.0710059171597632,331,319,7,0,312,304,8591,19,0,0,19,15
2020-10-31,US,Texas,Young,620,10,0,33.17659707,-98.68790885,48503.0,3442.531926707385,1.6129032258064515,610,605,10,0,595,591,18045,15,0,0,15,14
2020-10-31,US,Texas,Zapata,358,9,0,27.00156391,-99.16987152,48505.0,2524.8607094999647,2.5139664804469275,349,357,9,0,348,352,14190,1,0,0,1,5
2020-10-31,US,Texas,Zavala,470,19,0,28.86617238,-99.76050829,48507.0,3969.5945945945946,4.042553191489361,451,470,19,0,451,469,11983,0,0,0,0,1
2020-10-31,US,Utah,Bear River,5529,18,0,41.52106798,-113.08328159999999,0.0,2959.5649241507776,0.32555615843733043,5511,5438,18,0,5420,5336,,91,0,0,91,102
2020-10-31,US,Utah,Central Utah,1388,10,0,39.37231946,-111.5758676,0.0,1693.6330136417996,0.7204610951008645,1378,1358,10,0,1348,1318,,30,0,0,30,40
2020-10-31,US,Utah,Davis,8870,42,0,40.99001837,-112.1139997,49011.0,2495.210714496696,0.4735062006764375,8828,8720,42,0,8678,8537,351713,150,0,0,150,183
2020-10-31,US,Utah,Salt Lake,49087,308,0,40.66616532,-111.92160109999999,49035.0,4230.044371215327,0.6274573716055167,48779,48330,308,0,48022,47429,1152633,757,0,0,757,901
2020-10-31,US,Utah,San Juan,843,30,0,37.62762978,-109.80337140000002,49037.0,5506.924483929971,3.5587188612099645,813,839,30,0,809,831,15449,4,0,0,4,8
2020-10-31,US,Utah,Southeast Utah,548,5,0,38.99617072,-110.70139579999999,0.0,1362.2013970021624,0.9124087591240876,543,532,5,0,527,512,,16,0,0,16,20
2020-10-31,US,Utah,Southwest Utah,6474,57,0,37.85447192,-111.4418764,0.0,2568.6195157949865,0.8804448563484708,6417,6380,56,0,6324,6273,,94,1,0,93,107
2020-10-31,US,Utah,Summit,1495,1,0,40.86688146,-110.9535882,49043.0,3547.277257088623,0.06688963210702341,1494,1458,1,0,1457,1427,41933,37,0,0,37,31
2020-10-31,US,Utah,Tooele,1569,4,0,40.44862644,-113.12957150000001,49045.0,2171.355817268437,0.2549394518801785,1565,1533,4,0,1529,1477,69907,36,0,0,36,56
2020-10-31,US,Utah,TriCounty,525,3,0,40.12491499,-109.5174415,0.0,927.2014411359544,0.5714285714285714,522,502,2,0,500,470,,23,1,0,22,32
2020-10-31,US,Utah,Utah,30032,81,0,40.116672200000004,-111.66576620000001,49049.0,4720.268454266114,0.2697123068726692,29951,29643,80,0,29563,29030,622213,389,1,0,388,613
2020-10-31,US,Utah,Wasatch,1204,9,0,40.33110236,-111.1691419,49051.0,3531.7239154028916,0.7475083056478405,1195,1187,9,0,1178,1160,33240,17,0,0,17,27
2020-10-31,US,Utah,Weber-Morgan,7092,36,0,41.27116049,-111.9145117,0.0,2604.126505028696,0.5076142131979695,7056,7012,36,0,6976,6840,,80,0,0,80,172
2020-10-31,US,Vermont,Addison,124,2,0,44.03217337,-73.14130877,50001.0,337.1672512711749,1.6129032258064515,122,123,2,0,121,122,36973,1,0,0,1,1
2020-10-31,US,Vermont,Bennington,142,1,0,43.03519828,-73.09048868,50003.0,400.3383140682267,0.7042253521126759,141,142,1,0,141,142,35631,0,0,0,0,0
2020-10-31,US,Vermont,Caledonia,45,0,0,44.46548598,-72.10314651,50005.0,150.03500816857266,0.0,45,44,0,0,44,44,30302,1,0,0,1,0
2020-10-31,US,Vermont,Chittenden,1001,39,0,44.46322849,-73.08359212,50007.0,611.2081282743292,3.8961038961038965,962,994,39,0,955,986,164572,7,0,0,7,8
2020-10-31,US,Vermont,Essex,7,0,0,44.72736416,-71.73579864,50009.0,113.58104819081615,0.0,7,7,0,0,7,7,6250,0,0,0,0,0
2020-10-31,US,Vermont,Franklin,143,7,0,44.85627605,-72.91249563,50011.0,289.4619651026273,4.895104895104895,136,142,7,0,135,142,49421,1,0,0,1,0
2020-10-31,US,Vermont,Grand Isle,17,0,0,44.797582399999996,-73.29679772,50013.0,234.96890117484446,0.0,17,17,0,0,17,17,7090,0,0,0,0,0
2020-10-31,US,Vermont,Lamoille,63,1,0,44.60353043,-72.64356694,50015.0,248.403122782115,1.5873015873015872,62,63,1,0,62,63,25300,0,0,0,0,0
2020-10-31,US,Vermont,Orange,38,0,0,44.00470222,-72.37640104,50017.0,131.52429738335871,0.0,38,34,0,0,34,34,28999,4,0,0,4,0
2020-10-31,US,Vermont,Orleans,40,0,0,44.82964024,-72.24562697,50019.0,147.94540814439472,0.0,40,35,0,0,35,35,26907,5,0,0,5,0
2020-10-31,US,Vermont,Rutland,137,1,0,43.57723578,-73.03741676,50021.0,235.431595951264,0.7299270072992701,136,137,1,0,136,136,58672,0,0,0,0,1
2020-10-31,US,Vermont,Unassigned,8,0,0,0.0,0.0,90050.0,0.0,0.0,8,8,0,0,8,8,,0,0,0,0,0
2020-10-31,US,Vermont,Washington,134,2,0,44.27343241,-72.61604978,50023.0,229.4166994812444,1.492537313432836,132,133,2,0,131,133,58140,1,0,0,1,0
2020-10-31,US,Vermont,Windham,152,3,0,42.986982,-72.71268875,50025.0,360.0018947468145,1.973684210526316,149,151,3,0,148,148,42756,1,0,0,1,3
2020-10-31,US,Vermont,Windsor,128,2,0,43.58010937,-72.58595157,50027.0,232.46522102357346,1.5625,126,125,2,0,123,124,55286,3,0,0,3,1
2020-10-31,US,Virginia,Accomack,1223,19,0,37.76707161,-75.63234615,51001.0,3784.503032553534,1.5535568274734262,1204,1219,19,0,1200,1214,32412,4,0,0,4,5
2020-10-31,US,Virginia,Albemarle,1612,24,0,38.02080697,-78.55481085,51003.0,1474.435196195006,1.488833746898263,1588,1606,24,0,1582,1593,108718,6,0,0,6,13
2020-10-31,US,Virginia,Alexandria,4337,74,0,38.814003,-77.08183073,51510.0,2720.350252151441,1.7062485589116898,4263,4303,74,0,4229,4285,160530,34,0,0,34,18
2020-10-31,US,Virginia,Alleghany,123,4,0,37.78636074,-80.00222498,51005.0,827.7254374158815,3.2520325203252027,119,115,4,0,111,114,14910,8,0,0,8,1
2020-10-31,US,Virginia,Amelia,148,6,0,37.34081025,-77.98584649,51007.0,1125.9033853176113,4.0540540540540535,142,148,6,0,142,147,13013,0,0,0,0,1
2020-10-31,US,Virginia,Amherst,623,6,0,37.60308293,-79.14548696,51009.0,1971.2070874861565,0.9630818619582664,617,619,6,0,613,614,31666,4,0,0,4,5
2020-10-31,US,Virginia,Appomattox,308,6,0,37.37569884,-78.81340003,51011.0,1935.7677078750546,1.9480519480519483,302,303,6,0,297,300,15841,5,0,0,5,3
2020-10-31,US,Virginia,Arlington,4714,154,0,38.8767675,-77.10139853,51013.0,1990.3564401584174,3.2668646584641494,4560,4686,154,0,4532,4647,237521,28,0,0,28,39
2020-10-31,US,Virginia,Augusta,707,9,0,38.16404586,-79.12461614,51015.0,935.7050213081343,1.272984441301273,698,701,9,0,692,687,75457,6,0,0,6,14
2020-10-31,US,Virginia,Bath,26,0,0,38.05852573,-79.73912095,51017.0,626.9592476489029,0.0,26,25,0,0,25,24,4292,1,0,0,1,1
2020-10-31,US,Virginia,Bedford,1297,18,0,37.3080028,-79.5281964,51019.0,1641.8345000443055,1.3878180416345411,1279,1283,18,0,1265,1262,78747,14,0,0,14,21
2020-10-31,US,Virginia,Bland,78,5,0,37.13128068,-81.13599391,51021.0,1242.0382165605095,6.410256410256411,73,73,5,0,68,71,6293,5,0,0,5,2
2020-10-31,US,Virginia,Botetourt,451,12,0,37.55531756,-79.80982182,51023.0,1349.5317035219487,2.6607538802660757,439,414,12,0,402,405,33277,37,0,0,37,9
2020-10-31,US,Virginia,Bristol,314,7,0,36.616302399999995,-82.16359122,51520.0,1873.2848108817568,2.2292993630573252,307,304,7,0,297,284,16482,10,0,0,10,20
2020-10-31,US,Virginia,Brunswick,424,5,0,36.76366949,-77.8593436,51025.0,2612.2851333867293,1.179245283018868,419,424,5,0,419,421,16384,0,0,0,0,3
2020-10-31,US,Virginia,Buchanan,275,4,0,37.26818323,-82.03749726,51027.0,1309.2744239192536,1.4545454545454546,271,273,4,0,269,268,21221,2,0,0,2,5
2020-10-31,US,Virginia,Buckingham,758,9,0,37.57242268,-78.52518834,51029.0,4420.340564497317,1.1873350923482848,749,756,9,0,747,751,16999,2,0,0,2,5
2020-10-31,US,Virginia,Buena Vista,125,1,0,37.73484642,-79.35296097,51530.0,1929.6079036739734,0.8,124,124,1,0,123,121,6237,1,0,0,1,3
2020-10-31,US,Virginia,Campbell,778,9,0,37.20553386,-79.09678609,51031.0,1417.5093377061128,1.1568123393316196,769,771,8,0,763,753,54973,7,1,0,6,18
2020-10-31,US,Virginia,Caroline,448,6,0,38.02679129,-77.34901405,51033.0,1458.0960130187145,1.3392857142857142,442,435,6,0,429,429,30772,13,0,0,13,6
2020-10-31,US,Virginia,Carroll,631,29,0,36.73066666,-80.73455942,51035.0,2118.089355845725,4.595879556259905,602,625,29,0,596,615,29636,6,0,0,6,10
2020-10-31,US,Virginia,Charles City,103,5,0,37.35358063,-77.05634116,51036.0,1479.247450811432,4.854368932038835,98,102,5,0,97,102,6941,1,0,0,1,0
2020-10-31,US,Virginia,Charlotte,221,1,0,37.01909701,-78.66314092,51037.0,1860.2693602693603,0.4524886877828054,220,221,1,0,220,216,11938,0,0,0,0,5
2020-10-31,US,Virginia,Charlottesville,1619,31,0,38.03527919,-78.48569588,51540.0,3425.295138154276,1.9147621988882024,1588,1615,31,0,1584,1607,48117,4,0,0,4,8
2020-10-31,US,Virginia,Chesapeake,5010,79,0,36.67670048,-76.30545744,51550.0,2046.2760634713168,1.5768463073852297,4931,4972,79,0,4893,4945,242634,38,0,0,38,27
2020-10-31,US,Virginia,Chesterfield,7274,120,0,37.37373208,-77.58680140000001,51041.0,2061.779695126445,1.6497113005224089,7154,7212,119,0,7093,7162,348556,62,1,0,61,50
2020-10-31,US,Virginia,Clarke,122,1,0,39.11271747,-77.99199425,51043.0,834.5304056365004,0.819672131147541,121,121,1,0,120,121,14523,1,0,0,1,0
2020-10-31,US,Virginia,Colonial Heights,316,26,0,37.26420587,-77.39609676,51570.0,1819.2285549798505,8.227848101265822,290,312,26,0,286,309,17833,4,0,0,4,3
2020-10-31,US,Virginia,Covington,39,0,0,37.7824656,-79.98631446,51580.0,704.2253521126761,0.0,39,37,0,0,37,37,5460,2,0,0,2,0
2020-10-31,US,Virginia,Craig,59,0,0,37.48133648,-80.21072274,51045.0,1149.8733190411224,0.0,59,50,0,0,50,50,5064,9,0,0,9,0
2020-10-31,US,Virginia,Culpeper,1394,18,0,38.48199985,-77.95630870000002,51047.0,2649.9382188004943,1.2912482065997128,1376,1393,18,0,1375,1390,51859,1,0,0,1,3
2020-10-31,US,Virginia,Cumberland,122,2,0,37.51328851,-78.24398086,51049.0,1228.3527990334273,1.639344262295082,120,123,2,0,121,121,9809,-1,0,0,-1,2
2020-10-31,US,Virginia,Danville,1246,44,0,36.58022376,-79.40395668,51590.0,3111.5772650084905,3.531300160513644,1202,1229,44,0,1185,1215,40693,17,0,0,17,14
2020-10-31,US,Virginia,Dickenson,153,1,0,37.12560977,-82.35124171,51051.0,1068.5849979047352,0.6535947712418301,152,146,1,0,145,143,14523,7,0,0,7,3
2020-10-31,US,Virginia,Dinwiddie,540,12,0,37.07544585,-77.63451754,51053.0,1891.8161434977576,2.2222222222222223,528,536,12,0,524,533,28529,4,0,0,4,3
2020-10-31,US,Virginia,Emporia,300,28,0,36.69455571,-77.53406129,51595.0,5611.672278338945,9.333333333333334,272,299,28,0,271,297,5121,1,0,0,1,2
2020-10-31,US,Virginia,Essex,201,2,0,37.93357639,-76.94230311,51057.0,1835.1136674883594,0.9950248756218906,199,200,2,0,198,198,10919,1,0,0,1,2
2020-10-31,US,Virginia,Fairfax,24103,605,0,38.83677558,-77.27565836,51059.0,2100.420729007993,2.510060988258723,23498,23944,605,0,23339,23832,1150795,159,0,0,159,112
2020-10-31,US,Virginia,Fairfax,24103,605,0,38.83677558,-77.27565836,51059.0,2100.420729007993,2.510060988258723,23498,23944,605,0,23339,23832,24574,159,0,0,159,112
2020-10-31,US,Virginia,Fairfax City,164,8,0,38.85157547,-77.29779640000002,51600.0,682.7927890420084,4.878048780487805,156,163,8,0,155,160,24574,1,0,0,1,3
2020-10-31,US,Virginia,Falls Church,76,7,0,38.88485255,-77.17560759,51610.0,519.942532667442,9.210526315789474,69,75,7,0,68,75,14772,1,0,0,1,0
2020-10-31,US,Virginia,Fauquier,1117,27,0,38.73564842,-77.80647472,51061.0,1568.3356266322205,2.4171888988361685,1090,1114,27,0,1087,1110,70675,3,0,0,3,4
2020-10-31,US,Virginia,Floyd,253,15,0,36.9302126,-80.36738849,51063.0,1606.4512032510004,5.928853754940713,238,250,15,0,235,249,15795,3,0,0,3,1
2020-10-31,US,Virginia,Fluvanna,435,9,0,37.84157909,-78.27715475,51065.0,1595.1595159515953,2.0689655172413794,426,433,9,0,424,430,26783,2,0,0,2,3
2020-10-31,US,Virginia,Franklin,921,6,0,36.99536167,-79.88023649,51067.0,1643.410299418293,0.6514657980456026,915,902,6,0,896,886,56195,19,0,0,19,16
2020-10-31,US,Virginia,Franklin,921,6,0,36.99536167,-79.88023649,51067.0,1643.410299418293,0.6514657980456026,915,902,6,0,896,886,8013,19,0,0,19,16
2020-10-31,US,Virginia,Franklin City,507,13,0,36.6831435,-76.93859681,51620.0,6363.750470691602,2.5641025641025643,494,506,13,0,493,498,8013,1,0,0,1,8
2020-10-31,US,Virginia,Frederick,1207,14,0,39.20172582,-78.25974949,51069.0,1351.4270039076061,1.15990057995029,1193,1195,14,0,1181,1186,88355,12,0,0,12,9
2020-10-31,US,Virginia,Fredericksburg,597,6,0,38.2977863,-77.4922454,51630.0,2056.0683289709327,1.0050251256281406,591,594,6,0,588,591,29144,3,0,0,3,3
2020-10-31,US,Virginia,Galax,460,30,0,36.66601852,-80.91703124,51640.0,7247.518512683157,6.521739130434782,430,455,30,0,425,453,6423,5,0,0,5,2
2020-10-31,US,Virginia,Giles,143,0,0,37.31234791,-80.70636931,51071.0,855.263157894737,0.0,143,140,0,0,140,135,16844,3,0,0,3,5
2020-10-31,US,Virginia,Gloucester,355,3,0,37.40809042,-76.53524337,51073.0,950.5194387919032,0.8450704225352113,352,352,3,0,349,352,37349,3,0,0,3,0
2020-10-31,US,Virginia,Goochland,335,7,0,37.71714806,-77.90381514,51075.0,1410.3481665473835,2.08955223880597,328,331,7,0,324,331,23244,4,0,0,4,0
2020-10-31,US,Virginia,Grayson,394,19,0,36.65677234,-81.23215889,51077.0,2533.7620578778133,4.822335025380711,375,392,19,0,373,388,15631,2,0,0,2,4
2020-10-31,US,Virginia,Greene,294,3,0,38.29545894,-78.46525378,51079.0,1483.4249962157526,1.020408163265306,291,294,3,0,291,293,19779,0,0,0,0,1
2020-10-31,US,Virginia,Greensville,907,15,0,36.67878901,-77.56351439,51081.0,8001.05857445307,1.6538037486218302,892,906,15,0,891,906,11627,1,0,0,1,0
2020-10-31,US,Virginia,Halifax,550,8,0,36.76654925,-78.93512622,51083.0,1621.8926012208428,1.4545454545454546,542,545,8,0,537,536,34120,5,0,0,5,9
2020-10-31,US,Virginia,Hampton,2163,33,0,37.03513786,-76.35879121,51650.0,1608.0588803806409,1.5256588072122053,2130,2147,32,0,2115,2138,134313,16,1,0,15,9
2020-10-31,US,Virginia,Hanover,1705,44,0,37.7583355,-77.49464673,51085.0,1582.131655624223,2.5806451612903225,1661,1672,44,0,1628,1666,107239,33,0,0,33,6
2020-10-31,US,Virginia,Harrisonburg,3127,35,0,38.43542574,-78.87536254,51660.0,5898.219405462502,1.1192836584585866,3092,3113,35,0,3078,3050,54033,14,0,0,14,63
2020-10-31,US,Virginia,Henrico,6472,240,0,37.53460572,-77.39326555,51087.0,1956.362713032544,3.708281829419036,6232,6439,240,0,6199,6394,329261,33,0,0,33,45
2020-10-31,US,Virginia,Henry,1384,32,0,36.68542395,-79.87634026,51089.0,2737.5042031766125,2.3121387283237,1352,1365,32,0,1333,1336,50953,19,0,0,19,29
2020-10-31,US,Virginia,Highland,10,0,0,38.35799465,-79.56124594,51091.0,456.6210045662101,0.0,10,10,0,0,10,10,2210,0,0,0,0,0
2020-10-31,US,Virginia,Hopewell,529,8,0,37.29186313,-77.29754684,51670.0,2348.084690842913,1.5122873345935728,521,528,7,0,521,520,22596,1,1,0,0,8
2020-10-31,US,Virginia,Isle of Wight,882,26,0,36.90579348,-76.70842863,51093.0,2376.781912743539,2.947845804988662,856,878,26,0,852,875,36953,4,0,0,4,3
2020-10-31,US,Virginia,James City,967,22,0,37.31156958,-76.76950618,51095.0,1263.672359944069,2.2750775594622543,945,965,22,0,943,960,76397,2,0,0,2,5
2020-10-31,US,Virginia,King George,289,5,0,38.26818502,-77.15852768,51099.0,1076.9116112684453,1.7301038062283738,284,284,5,0,279,278,26575,5,0,0,5,6
2020-10-31,US,Virginia,King William,212,4,0,37.70965316,-77.09384941,51101.0,1236.2957779332867,1.8867924528301887,208,212,4,0,208,211,16939,0,0,0,0,1
2020-10-31,US,Virginia,King and Queen,87,2,0,37.71044922,-76.88689628,51097.0,1238.4341637010675,2.2988505747126435,85,85,2,0,83,85,7042,2,0,0,2,0
2020-10-31,US,Virginia,Lancaster,204,1,0,37.71889653,-76.46400482,51103.0,1923.983778175988,0.4901960784313725,203,202,1,0,201,200,10783,2,0,0,2,2
2020-10-31,US,Virginia,Lee,536,10,0,36.70586667,-83.12606515,51105.0,2288.349058617598,1.8656716417910448,526,516,10,0,506,509,23541,20,0,0,20,7
2020-10-31,US,Virginia,Lexington,253,1,0,37.78258621,-79.44262866,51678.0,3397.7974751544452,0.3952569169960474,252,246,1,0,245,239,7136,7,0,0,7,7
2020-10-31,US,Virginia,Loudoun,7981,131,0,39.08990083,-77.63481877,51107.0,1929.9314694175625,1.6413983210124046,7850,7946,130,0,7816,7908,406850,35,1,0,34,38
2020-10-31,US,Virginia,Louisa,410,8,0,37.97850256,-77.96274807,51109.0,1090.686600516081,1.951219512195122,402,410,8,0,402,404,36778,0,0,0,0,6
2020-10-31,US,Virginia,Lunenburg,155,4,0,36.94618528,-78.24133319,51111.0,1270.9084945883894,2.5806451612903225,151,154,4,0,150,152,12086,1,0,0,1,2
2020-10-31,US,Virginia,Lynchburg,2078,27,0,37.40021399,-79.19888138,51680.0,2528.965047220329,1.2993262752646777,2051,2043,28,0,2015,2016,82126,35,-1,0,36,27
2020-10-31,US,Virginia,Madison,139,3,0,38.41531222,-78.28220331,51113.0,1048.1864112812004,2.1582733812949644,136,133,3,0,130,133,13295,6,0,0,6,0
2020-10-31,US,Virginia,Manassas,2059,27,0,38.7464321,-77.48509905,51683.0,5011.561397103566,1.3113161728994658,2032,2054,27,0,2027,2050,41641,5,0,0,5,4
2020-10-31,US,Virginia,Manassas Park,658,8,0,38.77058531,-77.44399307,51685.0,3764.732806957317,1.2158054711246202,650,654,8,0,646,653,17307,4,0,0,4,1
2020-10-31,US,Virginia,Martinsville,497,25,0,36.68212094,-79.86352771,51690.0,3958.8975625298713,5.030181086519113,472,494,25,0,469,488,12902,3,0,0,3,6
2020-10-31,US,Virginia,Mathews,137,0,0,37.44164146,-76.34098896,51115.0,1550.826352728096,0.0,137,137,0,0,137,136,8802,0,0,0,0,1
2020-10-31,US,Virginia,Mecklenburg,901,35,0,36.67882005,-78.36131056,51117.0,2945.6958838722335,3.8845726970033296,866,899,35,0,864,888,30650,2,0,0,2,11
2020-10-31,US,Virginia,Middlesex,147,11,0,37.63191998,-76.55064617,51119.0,1389.1513891513891,7.482993197278912,136,147,11,0,136,146,10769,0,0,0,0,1
2020-10-31,US,Virginia,Montgomery,2937,5,0,37.17746986,-80.37868691,51121.0,2980.6667681534477,0.17024174327545116,2932,2884,5,0,2879,2812,98985,53,0,0,53,72
2020-10-31,US,Virginia,Nelson,140,2,0,37.78790447,-78.88498513,51125.0,937.7093101138647,1.4285714285714286,138,140,2,0,138,140,14836,0,0,0,0,0
2020-10-31,US,Virginia,New Kent,301,3,0,37.50694406,-76.99828634,51127.0,1303.5381750465551,0.9966777408637874,298,295,3,0,292,294,22391,6,0,0,6,1
2020-10-31,US,Virginia,Newport News,3266,51,0,37.08166899,-76.51754109,51700.0,1822.290417073511,1.5615431720759338,3215,3247,51,0,3196,3225,178626,19,0,0,19,22
2020-10-31,US,Virginia,Norfolk,5493,84,0,36.89934014,-76.26420872,51710.0,2262.896408532516,1.529219006007646,5409,5445,84,0,5361,5419,244076,48,0,0,48,26
2020-10-31,US,Virginia,Northampton,320,31,0,37.34062933,-75.87751591,51131.0,2732.707087959009,9.6875,289,320,31,0,289,320,11735,0,0,0,0,0
2020-10-31,US,Virginia,Northumberland,226,7,0,37.89202088,-76.41949732,51133.0,1868.5407193054984,3.0973451327433628,219,224,7,0,217,224,12147,2,0,0,2,0
2020-10-31,US,Virginia,Norton,52,0,0,36.93357076,-82.62750411,51720.0,1306.2044712383822,0.0,52,51,0,0,51,51,3968,1,0,0,1,0
2020-10-31,US,Virginia,Nottoway,361,21,0,37.1435975,-78.05065922,51135.0,2370.0105042016808,5.8171745152354575,340,359,21,0,338,358,15420,2,0,0,2,1
2020-10-31,US,Virginia,Orange,421,5,0,38.24530219,-78.01560400000002,51137.0,1136.27162559715,1.187648456057007,416,419,5,0,414,412,36644,2,0,0,2,7
2020-10-31,US,Virginia,Page,488,31,0,38.61807452,-78.48797204,51139.0,2041.6701531252613,6.352459016393442,457,483,30,0,453,482,23933,5,1,0,4,1
2020-10-31,US,Virginia,Patrick,334,27,0,36.680163799999995,-80.2865648,51141.0,1896.8650613357565,8.083832335329342,307,327,27,0,300,320,17673,7,0,0,7,7
2020-10-31,US,Virginia,Petersburg,955,30,0,37.20530399,-77.39368102,51730.0,3046.640719709054,3.141361256544503,925,948,30,0,918,936,31567,7,0,0,7,12
2020-10-31,US,Virginia,Pittsylvania,1358,17,0,36.81980341,-79.39731264,51143.0,2250.05799118534,1.251840942562592,1341,1339,17,0,1322,1323,60949,19,0,0,19,16
2020-10-31,US,Virginia,Poquoson,101,2,0,37.14259351,-76.35798148,51735.0,823.0788036834814,1.98019801980198,99,98,2,0,96,97,12190,3,0,0,3,1
2020-10-31,US,Virginia,Portsmouth,2863,69,0,36.85914825,-76.35971629,51740.0,3032.903239475413,2.410059378274537,2794,2858,69,0,2789,2852,94632,5,0,0,5,6
2020-10-31,US,Virginia,Powhatan,321,5,0,37.55016038,-77.91267882,51145.0,1082.5576689599352,1.557632398753894,316,316,5,0,311,315,29189,5,0,0,5,1
2020-10-31,US,Virginia,Prince Edward,778,13,0,37.22554789,-78.43597949,51147.0,3411.9814051399,1.6709511568123394,765,774,13,0,761,768,22950,4,0,0,4,6
2020-10-31,US,Virginia,Prince George,1124,7,0,37.18497668,-77.22922187,51149.0,2930.6703517325896,0.6227758007117438,1117,1116,7,0,1109,1105,38082,8,0,0,8,11
2020-10-31,US,Virginia,Prince William,14513,223,0,38.70916224,-77.48713689,51153.0,3085.6729777711626,1.5365534348515124,14290,14447,223,0,14224,14350,468011,66,0,0,66,97
2020-10-31,US,Virginia,Pulaski,313,6,0,37.06474963,-80.71229738,51155.0,919.8577600141065,1.9169329073482428,307,303,6,0,297,302,34066,10,0,0,10,1
2020-10-31,US,Virginia,Radford,962,1,0,37.12222899,-80.56027320000003,51750.0,5271.52172721793,0.10395010395010396,961,955,1,0,954,939,18339,7,0,0,7,16
2020-10-31,US,Virginia,Rappahannock,69,2,0,38.68295619,-78.15826963,51157.0,936.2279511533244,2.898550724637681,67,70,2,0,68,72,7252,-1,0,0,-1,-2
2020-10-31,US,Virginia,Richmond,372,4,0,37.937575,-76.72920628,51159.0,4122.797295799624,1.075268817204301,368,373,4,0,369,370,9038,-1,0,0,-1,3
2020-10-31,US,Virginia,Richmond City,5415,77,0,37.53255773,-77.47966921,51760.0,2349.893245847003,1.4219759926131117,5338,5394,77,0,5317,5368,228783,21,0,0,21,26
2020-10-31,US,Virginia,Roanoke,1642,15,0,37.26865804,-80.06396753,51161.0,1743.3588856093265,0.9135200974421436,1627,1575,14,0,1561,1541,94073,67,1,0,66,34
2020-10-31,US,Virginia,Roanoke City,2920,43,0,37.27791025,-79.96189766,51770.0,2945.2407129096355,1.4726027397260273,2877,2877,41,0,2836,2810,99920,43,2,0,41,67
2020-10-31,US,Virginia,Rockbridge,154,3,0,37.81204314,-79.44605905,51163.0,682.230983918841,1.9480519480519483,151,153,3,0,150,153,22752,1,0,0,1,0
2020-10-31,US,Virginia,Rockingham,1785,27,0,38.51006137,-78.87260325,51165.0,2178.210572558208,1.512605042016807,1758,1777,27,0,1750,1769,81244,8,0,0,8,8
2020-10-31,US,Virginia,Russell,521,8,0,36.93028320000001,-82.10095486,51167.0,1959.678026028737,1.5355086372360844,513,507,8,0,499,494,26748,14,0,0,14,13
2020-10-31,US,Virginia,Salem,612,10,0,37.2836193,-80.06219455,51775.0,2418.876724240149,1.6339869281045751,602,595,7,0,588,584,25643,17,3,0,14,11
2020-10-31,US,Virginia,Scott,445,6,0,36.71466456,-82.60171704,51169.0,2063.433181860336,1.348314606741573,439,423,6,0,417,404,21534,22,0,0,22,19
2020-10-31,US,Virginia,Shenandoah,996,61,0,38.85905135,-78.56813762,51171.0,2283.5656639765225,6.124497991967871,935,986,61,0,925,975,43497,10,0,0,10,11
2020-10-31,US,Virginia,Smyth,645,27,0,36.84455636,-81.53344948,51173.0,2142.5724156258307,4.186046511627906,618,638,27,0,611,633,30472,7,0,0,7,5
2020-10-31,US,Virginia,Southampton,936,38,0,36.72231125,-77.10642712,51175.0,5308.831036242981,4.05982905982906,898,933,38,0,895,923,17586,3,0,0,3,10
2020-10-31,US,Virginia,Spotsylvania,2494,54,0,38.18574462,-77.655399,51177.0,1830.9290459934664,2.1651964715316763,2440,2479,54,0,2425,2468,134238,15,0,0,15,11
2020-10-31,US,Virginia,Stafford,2440,21,0,38.41758738,-77.45917053,51179.0,1596.0021454455068,0.860655737704918,2419,2408,21,0,2387,2396,149960,32,0,0,32,12
2020-10-31,US,Virginia,Staunton,414,4,0,38.15965544,-79.05979937,51790.0,1660.5166051660517,0.966183574879227,410,404,4,0,400,402,24922,10,0,0,10,2
2020-10-31,US,Virginia,Suffolk,2345,78,0,36.70155394,-76.63603554,51800.0,2545.9243496764666,3.326226012793177,2267,2324,78,0,2246,2317,91185,21,0,0,21,7
2020-10-31,US,Virginia,Surry,142,5,0,37.11781893,-76.88450012,51181.0,2211.149174711928,3.5211267605633805,137,142,5,0,137,142,6474,0,0,0,0,0
2020-10-31,US,Virginia,Sussex,643,13,0,36.92432914,-77.25791182,51183.0,5762.16506855453,2.021772939346812,630,641,13,0,628,638,11237,2,0,0,2,3
2020-10-31,US,Virginia,Tazewell,551,2,0,37.12191123,-81.56685568,51185.0,1357.3100135484665,0.3629764065335753,549,546,2,0,544,529,40855,5,0,0,5,17
2020-10-31,US,Virginia,Virginia Beach,8119,107,0,36.73285734,-76.04566934,51810.0,1804.3264721961718,1.3178962926468778,8012,8057,108,0,7949,8001,450189,62,-1,0,63,56
2020-10-31,US,Virginia,Warren,619,21,0,38.90847745,-78.20280433,51187.0,1541.1811572552535,3.392568659127625,598,615,21,0,594,605,40003,4,0,0,4,10
2020-10-31,US,Virginia,Washington,1055,26,0,36.72341572,-81.95666289,51191.0,1963.1559359880907,2.4644549763033177,1029,1019,26,0,993,1010,54402,36,0,0,36,9
2020-10-31,US,Virginia,Waynesboro,403,4,0,38.06451466,-78.90293905,51820.0,1780.8219178082193,0.9925558312655088,399,400,4,0,396,399,22628,3,0,0,3,1
2020-10-31,US,Virginia,Westmoreland,351,5,0,38.11021557,-76.80213247,51193.0,1948.3763530391336,1.4245014245014245,346,348,5,0,343,343,17830,3,0,0,3,5
2020-10-31,US,Virginia,Williamsburg,223,8,0,37.28131268,-76.70905141,51830.0,1491.2398020596493,3.5874439461883414,215,219,8,0,211,218,14896,4,0,0,4,1
2020-10-31,US,Virginia,Winchester,631,5,0,39.17054517,-78.17325058,51840.0,2247.311062041456,0.7923930269413629,626,627,5,0,622,621,28108,4,0,0,4,6
2020-10-31,US,Virginia,Wise,693,10,0,36.9746148,-82.62410519,51195.0,1853.783805473076,1.443001443001443,683,669,10,0,659,660,38012,24,0,0,24,9
2020-10-31,US,Virginia,Wythe,351,7,0,36.91582035,-81.07834059,51197.0,1223.6787058987586,1.9943019943019944,344,343,6,0,337,341,28754,8,1,0,7,2
2020-10-31,US,Virginia,York,658,9,0,37.24374789,-76.54412815,51199.0,963.6789689513766,1.3677811550151977,649,650,9,0,641,646,67846,8,0,0,8,4
2020-10-31,US,Washington,Adams,935,11,0,46.98299757,-118.56017340000001,53001.0,4678.9771305609775,1.1764705882352942,924,928,11,0,917,924,19759,7,0,0,7,4
2020-10-31,US,Washington,Asotin,278,8,0,46.18894415,-117.2022851,53003.0,1231.068993003277,2.8776978417266186,270,275,8,0,267,252,22610,3,0,0,3,23
2020-10-31,US,Washington,Benton,5342,135,0,46.23946995,-119.51208340000001,53005.0,2613.6308038553743,2.5271433919880195,5207,5292,135,0,5157,5275,201877,50,0,0,50,17
2020-10-31,US,Washington,Chelan,2018,17,0,47.87046092,-120.6173956,53007.0,2613.9896373056995,0.8424182358771061,2001,2014,17,0,1997,2006,77036,4,0,0,4,8
2020-10-31,US,Washington,Clallam,271,1,0,48.04754642,-123.92263190000001,53009.0,350.4416081519701,0.3690036900369004,270,269,1,0,268,269,76737,2,0,0,2,0
2020-10-31,US,Washington,Clark,4514,79,0,45.77568046,-122.48292040000001,53011.0,924.543411962535,1.750110766504209,4435,4473,79,0,4394,4417,481857,41,0,0,41,56
2020-10-31,US,Washington,Columbia,17,1,0,46.29442881,-117.9051983,53013.0,426.59974905897116,5.882352941176472,16,16,1,0,15,14,4059,1,0,0,1,2
2020-10-31,US,Washington,Cowlitz,831,7,0,46.19074721,-122.6782231,53015.0,751.4037959002831,0.8423586040914561,824,823,7,0,816,817,108987,8,0,0,8,6
2020-10-31,US,Washington,Douglas,1240,11,0,47.7361335,-119.69293700000001,53017.0,2855.234981233738,0.8870967741935484,1229,1239,11,0,1228,1237,42907,1,0,0,1,2
2020-10-31,US,Washington,Ferry,35,0,0,48.471143100000006,-118.5154041,53019.0,458.89602727153533,0.0,35,35,0,0,35,35,7649,0,0,0,0,0
2020-10-31,US,Washington,Franklin,4918,68,0,46.53351425,-118.9018212,53021.0,5164.7728466110775,1.3826758845058966,4850,4885,68,0,4817,4869,94347,33,0,0,33,16
2020-10-31,US,Washington,Garfield,26,0,0,46.43197502,-117.54540320000001,53023.0,1168.5393258426966,0.0,26,23,0,0,23,17,2247,3,0,0,3,6
2020-10-31,US,Washington,Grant,3376,28,0,47.20753737,-119.4500749,53025.0,3454.309189321928,0.8293838862559242,3348,3363,28,0,3335,3350,97331,13,0,0,13,13
2020-10-31,US,Washington,Grays Harbor,722,11,0,47.14003705,-123.7820567,53027.0,961.8843340749524,1.5235457063711912,711,719,11,0,708,714,73901,3,0,0,3,5
2020-10-31,US,Washington,Island,399,12,0,48.14713305,-122.5216407,53029.0,468.63438296472907,3.0075187969924815,387,393,12,0,381,384,84460,6,0,0,6,9
2020-10-31,US,Washington,Jefferson,88,0,0,47.75003077,-123.56097040000002,53031.0,273.1138077651221,0.0,88,88,0,0,88,87,31729,0,0,0,0,1
2020-10-31,US,Washington,King,27735,815,0,47.49137892,-121.8346131,53033.0,1231.1444249820888,2.93852532900667,26920,27353,815,0,26538,27021,2233163,382,0,0,382,332
2020-10-31,US,Washington,Kitsap,1554,22,0,47.63479026,-122.6436061,53035.0,572.432617608381,1.4157014157014156,1532,1547,22,0,1525,1527,269805,7,0,0,7,20
2020-10-31,US,Washington,Kittitas,775,22,0,47.12521214,-120.67943899999999,53037.0,1616.7727130489209,2.838709677419355,753,769,22,0,747,749,47364,6,0,0,6,20
2020-10-31,US,Washington,Klickitat,213,3,0,45.87325839,-120.7913598,53039.0,949.8327759197324,1.4084507042253518,210,211,3,0,208,208,22107,2,0,0,2,3
2020-10-31,US,Washington,Lewis,744,12,0,46.57756476,-122.39257690000001,53041.0,921.8531230252644,1.6129032258064515,732,740,12,0,728,731,79604,4,0,0,4,9
2020-10-31,US,Washington,Lincoln,81,2,0,47.57705241,-118.41943880000001,53043.0,740.4698784166742,2.469135802469136,79,80,2,0,78,79,10740,1,0,0,1,1
2020-10-31,US,Washington,Mason,537,10,0,47.35007586,-123.1863685,53045.0,804.277498202732,1.86219739292365,527,528,10,0,518,524,65507,9,0,0,9,4
2020-10-31,US,Washington,Okanogan,1124,11,0,48.54855019,-119.73872240000001,53047.0,2660.7958715053383,0.9786476868327402,1113,1123,11,0,1112,1114,42132,1,0,0,1,9
2020-10-31,US,Washington,Pacific,119,3,0,46.55418369,-123.7285716,53049.0,529.5714476436295,2.5210084033613445,116,119,3,0,116,119,22036,0,0,0,0,0
2020-10-31,US,Washington,Pend Oreille,147,1,0,48.53234021,-117.2741804,53051.0,1071.1162926260563,0.6802721088435374,146,145,1,0,144,144,13602,2,0,0,2,1
2020-10-31,US,Washington,Pierce,10431,227,0,47.03892768,-122.14059579999999,53053.0,1152.6221573957437,2.1762055411753427,10204,10331,227,0,10104,10228,891299,100,0,0,100,103
2020-10-31,US,Washington,San Juan,33,0,0,48.60182783,-122.96745,53055.0,187.69195768399499,0.0,33,33,0,0,33,33,17128,0,0,0,0,0
2020-10-31,US,Washington,Skagit,1265,24,0,48.48171488,-121.766131,53057.0,979.0642776982316,1.897233201581028,1241,1261,24,0,1237,1256,128206,4,0,0,4,5
2020-10-31,US,Washington,Skamania,73,1,0,46.02408726,-121.91644029999999,53059.0,604.1545973682033,1.3698630136986298,72,73,1,0,72,72,11924,0,0,0,0,1
2020-10-31,US,Washington,Snohomish,8960,233,0,48.04615983,-121.7170703,53061.0,1089.9142787285468,2.6004464285714284,8727,8881,233,0,8648,8787,814901,79,0,0,79,94
2020-10-31,US,Washington,Spokane,9729,203,0,47.62113146,-117.4046494,53063.0,1860.948205616701,2.086545379792373,9526,9660,203,0,9457,9507,514631,69,0,0,69,153
2020-10-31,US,Washington,Stevens,278,5,0,48.40035475,-117.8542701,53065.0,608.0090982656433,1.7985611510791366,273,272,5,0,267,264,45260,6,0,0,6,8
2020-10-31,US,Washington,Thurston,1676,33,0,46.9291895,-122.82906559999999,53067.0,576.8648291433764,1.9689737470167064,1643,1656,33,0,1623,1630,286419,20,0,0,20,26
2020-10-31,US,Washington,Unassigned,367,3,0,0.0,0.0,90053.0,0.0,0.8174386920980926,364,385,3,0,382,419,,-18,0,0,-18,-34
2020-10-31,US,Washington,Wahkiakum,10,0,0,46.29180039999999,-123.4250831,53069.0,222.81639928698758,0.0,10,10,0,0,10,10,4426,0,0,0,0,0
2020-10-31,US,Washington,Walla Walla,1219,6,0,46.23040051,-118.4775539,53071.0,2006.2541145490447,0.4922067268252666,1213,1210,6,0,1204,1163,60922,9,0,0,9,47
2020-10-31,US,Washington,Whatcom,1610,50,0,48.82227976,-121.74900179999999,53073.0,702.2992667297717,3.1055900621118013,1560,1596,50,0,1546,1588,225685,14,0,0,14,8
2020-10-31,US,Washington,Whitman,1830,18,0,46.90022523,-117.52417630000001,53075.0,3652.403001756347,0.9836065573770492,1812,1824,18,0,1806,1817,49791,6,0,0,6,7
2020-10-31,US,Washington,Yakima,11981,273,0,46.45738486,-120.73801259999999,53077.0,4775.723174674038,2.2786077956764883,11708,11931,273,0,11658,11900,251446,50,0,0,50,31
2020-10-31,US,West Virginia,Barbour,187,1,0,39.1307219,-80.00350858,54001.0,1137.4004014354355,0.5347593582887701,186,187,1,0,186,185,16535,0,0,0,0,2
2020-10-31,US,West Virginia,Berkeley,1665,18,0,39.46704621,-78.02414609,54003.0,1397.1519916758273,1.0810810810810811,1647,1650,18,0,1632,1615,117123,15,0,0,15,35
2020-10-31,US,West Virginia,Boone,404,3,0,38.01974191,-81.69888019,54005.0,1882.8354383184974,0.7425742574257426,401,381,3,0,378,381,21951,23,0,0,23,0
2020-10-31,US,West Virginia,Braxton,71,0,0,38.70036159,-80.72011184,54007.0,508.7053091638604,0.0,71,69,0,0,69,67,14089,2,0,0,2,2
2020-10-31,US,West Virginia,Brooke,243,4,0,40.27367263,-80.57915332,54009.0,1107.6165732257623,1.6460905349794241,239,239,4,0,235,237,22203,4,0,0,4,2
2020-10-31,US,West Virginia,Cabell,1526,29,0,38.42424062,-82.23855912,54011.0,1659.6878568709556,1.9003931847968545,1497,1494,27,0,1467,1453,93224,32,2,0,30,41
2020-10-31,US,West Virginia,Calhoun,36,0,0,38.84315422,-81.11934872,54013.0,506.4003376002248,0.0,36,36,0,0,36,36,7254,0,0,0,0,0
2020-10-31,US,West Virginia,Clay,65,3,0,38.46231092,-81.07652217,54015.0,763.9868359191347,4.615384615384615,62,64,3,0,61,64,8632,1,0,0,1,0
2020-10-31,US,West Virginia,Doddridge,72,1,0,39.27057157,-80.70671527,54017.0,852.2727272727273,1.3888888888888888,71,71,1,0,70,71,8406,1,0,0,1,0
2020-10-31,US,West Virginia,Fayette,794,24,0,38.02974928,-81.08286634,54019.0,1872.3765504881385,3.022670025188917,770,787,23,0,764,786,43018,7,1,0,6,1
2020-10-31,US,West Virginia,Gilmer,65,0,0,38.9251277,-80.85952723,54021.0,830.8832928544036,0.0,65,64,0,0,64,64,8026,1,0,0,1,0
2020-10-31,US,West Virginia,Grant,199,8,0,39.10314817,-79.19440518,54023.0,1720.2627939142462,4.0201005025125625,191,198,8,0,190,194,11626,1,0,0,1,4
2020-10-31,US,West Virginia,Greenbrier,210,4,0,37.9463652,-80.45335881,54025.0,605.8507876060239,1.9047619047619049,206,204,4,0,200,200,34786,6,0,0,6,4
2020-10-31,US,West Virginia,Hampshire,143,1,0,39.32103553,-78.60826476,54027.0,617.0442286947141,0.6993006993006993,142,140,1,0,139,133,23347,3,0,0,3,7
2020-10-31,US,West Virginia,Hancock,234,1,0,40.51943859,-80.57461608,54029.0,812.2179798681012,0.4273504273504273,233,230,1,0,229,224,29094,4,0,0,4,6
2020-10-31,US,West Virginia,Hardy,108,1,0,39.00683177,-78.85855301,54031.0,783.9721254355403,0.925925925925926,107,107,1,0,106,107,13775,1,0,0,1,0
2020-10-31,US,West Virginia,Harrison,680,12,0,39.2853852,-80.37919577,54033.0,1011.0622100630427,1.7647058823529411,668,673,12,0,661,660,67554,7,0,0,7,13
2020-10-31,US,West Virginia,Jackson,410,24,0,38.84263974,-81.68148753,54035.0,1434.7704367301233,5.853658536585367,386,406,24,0,382,388,28706,4,0,0,4,18
2020-10-31,US,West Virginia,Jefferson,622,5,0,39.30776166,-77.86014147,54037.0,1088.4401357925317,0.8038585209003215,617,614,5,0,609,603,56811,8,0,0,8,11
2020-10-31,US,West Virginia,Kanawha,3799,106,0,38.33860077,-81.52857054,54039.0,2132.783903348229,2.790207949460384,3693,3732,105,0,3627,3683,180454,67,1,0,66,49
2020-10-31,US,West Virginia,Lewis,105,2,0,38.9947249,-80.49988181,54041.0,660.0867542591312,1.9047619047619049,103,101,2,0,99,94,16024,4,0,0,4,7
2020-10-31,US,West Virginia,Lincoln,260,2,0,38.172154,-82.07017953,54043.0,1273.9477681415062,0.7692307692307693,258,258,2,0,256,253,20599,2,0,0,2,5
2020-10-31,US,West Virginia,Logan,796,46,0,37.8299889,-81.93528571,54045.0,2486.0239232955428,5.778894472361809,750,785,45,0,740,770,32607,11,1,0,10,15
2020-10-31,US,West Virginia,Marion,410,5,0,39.50984542,-80.24244659,54049.0,731.2027393351407,1.2195121951219512,405,405,5,0,400,391,56097,5,0,0,5,14
2020-10-31,US,West Virginia,Marshall,404,4,0,39.86064362,-80.66591062,54051.0,1323.2452261635715,0.99009900990099,400,358,4,0,354,341,30785,46,0,0,46,17
2020-10-31,US,West Virginia,Mason,179,6,0,38.77071799,-82.02524219,54053.0,675.0641122341227,3.35195530726257,173,179,6,0,173,178,26718,0,0,0,0,1
2020-10-31,US,West Virginia,McDowell,128,1,0,37.38002939,-81.65083669,54047.0,726.2823422605537,0.78125,127,126,1,0,125,126,18223,2,0,0,2,0
2020-10-31,US,West Virginia,Mercer,794,31,0,37.40481169,-81.11023142,54055.0,1351.3053541645393,3.9042821158690177,763,781,31,0,750,762,59131,13,0,0,13,19
2020-10-31,US,West Virginia,Mineral,239,4,0,39.41561583,-78.94104895,54057.0,889.5340181628702,1.6736401673640169,235,232,4,0,228,223,26940,7,0,0,7,9
2020-10-31,US,West Virginia,Mingo,648,10,0,37.73048351,-82.13338365,54059.0,2766.393442622951,1.5432098765432098,638,632,10,0,622,609,23785,16,0,0,16,23
2020-10-31,US,West Virginia,Monongalia,2348,7,0,39.63218457,-80.04766838,54061.0,2223.23220846116,0.2981260647359455,2341,2329,7,0,2322,2316,106420,19,0,0,19,13
2020-10-31,US,West Virginia,Monroe,264,8,0,37.56274716,-80.54577965,54063.0,1988.7005649717514,3.0303030303030303,256,260,8,0,252,257,13280,4,0,0,4,3
2020-10-31,US,West Virginia,Morgan,156,0,0,39.55439028,-78.26311676,54065.0,872.2880787295908,0.0,156,154,0,0,154,151,17787,2,0,0,2,3
2020-10-31,US,West Virginia,Nicholas,191,3,0,38.29617706,-80.79759588,54067.0,779.7191378184192,1.5706806282722514,188,190,3,0,187,188,24842,1,0,0,1,2
2020-10-31,US,West Virginia,Ohio,604,9,0,40.0955451,-80.62203992,54069.0,1458.5496607181667,1.4900662251655632,595,585,9,0,576,560,41755,19,0,0,19,25
2020-10-31,US,West Virginia,Pendleton,77,1,0,38.68314479,-79.35084086,54071.0,1104.8930980054527,1.2987012987012987,76,77,1,0,76,77,6997,0,0,0,0,0
2020-10-31,US,West Virginia,Pleasants,34,3,0,39.37091679,-81.16771771,54073.0,455.7640750670242,8.823529411764708,31,33,3,0,30,30,7507,1,0,0,1,3
2020-10-31,US,West Virginia,Pocahontas,73,0,0,38.32758728,-80.00993811,54075.0,885.1703649812052,0.0,73,72,0,0,72,70,8414,1,0,0,1,2
2020-10-31,US,West Virginia,Preston,214,4,0,39.46770987,-79.66712803,54077.0,640.1052883464944,1.8691588785046729,210,208,4,0,204,200,33839,6,0,0,6,8
2020-10-31,US,West Virginia,Putnam,952,13,0,38.50782345,-81.9082131,54079.0,1686.448184233835,1.365546218487395,939,926,13,0,913,884,56682,26,0,0,26,42
2020-10-31,US,West Virginia,Raleigh,854,9,0,37.76936795,-81.2456041,54081.0,1164.1062689985142,1.053864168618267,845,834,9,0,825,825,74254,20,0,0,20,9
2020-10-31,US,West Virginia,Randolph,425,1,0,38.769899,-79.87919615,54083.0,1481.0942672939536,0.2352941176470588,424,419,1,0,418,419,28823,6,0,0,6,0
2020-10-31,US,West Virginia,Ritchie,48,0,0,39.18094587,-81.06356878,54085.0,502.4073686414067,0.0,48,46,0,0,46,41,9721,2,0,0,2,5
2020-10-31,US,West Virginia,Roane,115,2,0,38.71622686,-81.35243568,54087.0,840.1519579193454,1.7391304347826086,113,114,2,0,112,111,13932,1,0,0,1,3
2020-10-31,US,West Virginia,Summers,136,1,0,37.65390597,-80.86009693,54089.0,1081.682971446751,0.7352941176470589,135,131,1,0,130,119,12760,5,0,0,5,12
2020-10-31,US,West Virginia,Taylor,172,8,0,39.33602617,-80.0421439,54091.0,1030.2485774183888,4.651162790697675,164,170,8,0,162,168,16862,2,0,0,2,2
2020-10-31,US,West Virginia,Tucker,66,0,0,39.11240885,-79.57053576,54093.0,965.053370375786,0.0,66,65,0,0,65,64,6955,1,0,0,1,1
2020-10-31,US,West Virginia,Tyler,48,1,0,39.46811972,-80.88772676,54095.0,558.7242463042719,2.083333333333333,47,43,1,0,42,35,8746,5,0,0,5,8
2020-10-31,US,West Virginia,Upshur,276,4,0,38.89285061,-80.23689136,54097.0,1141.62806088683,1.4492753623188406,272,268,4,0,264,265,24415,8,0,0,8,3
2020-10-31,US,West Virginia,Wayne,612,11,0,38.14901357,-82.42287994,54099.0,1553.2206486980356,1.7973856209150327,601,605,11,0,594,595,39944,7,0,0,7,10
2020-10-31,US,West Virginia,Webster,36,0,0,38.49370949,-80.4202023,54101.0,443.6775942814888,0.0,36,35,0,0,35,32,8285,1,0,0,1,3
2020-10-31,US,West Virginia,Wetzel,205,7,0,39.6065771,-80.64016540000001,54103.0,1360.7699966810487,3.414634146341464,198,202,6,0,196,183,15270,3,1,0,2,19
2020-10-31,US,West Virginia,Wirt,56,0,0,39.02775007,-81.37473928,54105.0,962.0340147740936,0.0,56,55,0,0,55,53,5830,1,0,0,1,2
2020-10-31,US,West Virginia,Wood,671,6,0,39.20967886,-81.5162836,54107.0,803.4196221173877,0.8941877794336811,665,647,6,0,641,616,84203,24,0,0,24,31
2020-10-31,US,West Virginia,Wyoming,331,5,0,37.612327,-81.54511071,54109.0,1623.0263803079333,1.5105740181268883,326,321,5,0,316,309,20786,10,0,0,10,12
2020-10-31,US,Wisconsin,Adams,576,5,0,43.96974651,-89.76782777,55001.0,2848.6646884273,0.8680555555555556,571,562,4,0,558,546,20348,14,1,0,13,16
2020-10-31,US,Wisconsin,Ashland,300,3,0,46.31956891,-90.67837132,55003.0,1927.7727798483486,1.0,297,291,3,0,288,282,15600,9,0,0,9,9
2020-10-31,US,Wisconsin,Barron,1281,7,0,45.42372701,-91.84833627,55005.0,2831.3146494562816,0.5464480874316939,1274,1223,7,0,1216,1178,45164,58,0,0,58,45
2020-10-31,US,Wisconsin,Bayfield,266,2,0,46.52868768,-91.19716729,55007.0,1769.0875232774677,0.7518796992481203,264,256,2,0,254,245,15042,10,0,0,10,11
2020-10-31,US,Wisconsin,Brown,16115,103,0,44.452655299999996,-88.00411844,55009.0,6091.660303467878,0.6391560657772262,16012,15983,101,0,15882,15738,263378,132,2,0,130,245
2020-10-31,US,Wisconsin,Buffalo,330,3,0,44.37835084,-91.75332578,55011.0,2532.422684368045,0.9090909090909092,327,309,3,0,306,294,13125,21,0,0,21,15
2020-10-31,US,Wisconsin,Burnett,327,6,0,45.86303537,-92.36711412,55013.0,2121.448034254574,1.834862385321101,321,320,6,0,314,314,15392,7,0,0,7,6
2020-10-31,US,Wisconsin,Calumet,2818,14,0,44.0816316,-88.21780273,55015.0,5625.985745373236,0.49680624556423003,2804,2772,11,0,2761,2739,50159,46,3,0,43,33
2020-10-31,US,Wisconsin,Chippewa,1939,24,0,45.06939744,-91.28068855,55017.0,2998.8555167187355,1.2377514182568334,1915,1865,21,0,1844,1789,64135,74,3,0,71,76
2020-10-31,US,Wisconsin,Clark,998,17,0,44.73483377,-90.61207486,55019.0,2869.9603151780066,1.7034068136272544,981,962,17,0,945,909,34709,36,0,0,36,53
2020-10-31,US,Wisconsin,Columbia,1908,7,0,43.46492199,-89.33589004,55021.0,3316.415212403532,0.3668763102725367,1901,1863,7,0,1856,1820,57358,45,0,0,45,43
2020-10-31,US,Wisconsin,Crawford,374,1,0,43.23870316,-90.93073686,55023.0,2318.517140908809,0.26737967914438504,373,367,1,0,366,347,16291,7,0,0,7,20
2020-10-31,US,Wisconsin,Dane,15839,49,0,43.06601594,-89.41733797,55025.0,2897.227887578997,0.3093629648336385,15790,15521,49,0,15472,15153,542364,318,0,0,318,368
2020-10-31,US,Wisconsin,Dodge,4683,35,0,43.41576662,-88.70928178,55027.0,5331.344846822027,0.7473841554559043,4648,4453,28,0,4425,4343,87847,230,7,0,223,110
2020-10-31,US,Wisconsin,Door,925,9,0,44.95856458,-87.30002707,55029.0,3343.2123753072137,0.972972972972973,916,896,8,0,888,871,27610,29,1,0,28,25
2020-10-31,US,Wisconsin,Douglas,841,1,0,46.43222285,-91.91595768,55031.0,1949.0150637311704,0.11890606420927467,840,820,2,0,818,798,43208,21,-1,0,22,22
2020-10-31,US,Wisconsin,Dunn,1177,1,0,44.94562799,-91.8962481,55033.0,2594.339622641509,0.08496176720475786,1176,1130,1,0,1129,1102,45131,47,0,0,47,28
2020-10-31,US,Wisconsin,Eau Claire,3845,17,0,44.726614,-91.28609183,55035.0,3674.2923762016703,0.4421326397919376,3828,3738,16,0,3722,3656,104534,107,1,0,106,82
2020-10-31,US,Wisconsin,Florence,221,7,0,45.84963535,-88.39804137,55037.0,5145.518044237486,3.1674208144796383,214,216,7,0,209,214,4321,5,0,0,5,2
2020-10-31,US,Wisconsin,Fond du Lac,4994,23,0,43.75354908,-88.48885325,55039.0,4829.647108884656,0.46055266319583504,4971,4817,20,0,4797,4695,103066,177,3,0,174,122
2020-10-31,US,Wisconsin,Forest,501,11,0,45.66678019,-88.77084892,55041.0,5564.1936916925815,2.1956087824351296,490,494,11,0,483,486,8991,7,0,0,7,8
2020-10-31,US,Wisconsin,Grant,2018,34,0,42.8671731,-90.7063218,55043.0,3923.093372732752,1.684836471754212,1984,1974,34,0,1940,1906,51554,44,0,0,44,68
2020-10-31,US,Wisconsin,Green,1030,6,0,42.6794956,-89.60243287,55045.0,2786.7965367965367,0.5825242718446602,1024,999,5,0,994,982,36929,31,1,0,30,17
2020-10-31,US,Wisconsin,Green Lake,798,4,0,43.80025981,-89.04679553,55047.0,4219.320044413896,0.5012531328320802,794,785,4,0,781,767,18918,13,0,0,13,18
2020-10-31,US,Wisconsin,Iowa,560,2,0,43.00050278,-90.13469017,55049.0,2365.064616943999,0.35714285714285715,558,523,1,0,522,500,23771,37,1,0,36,23
2020-10-31,US,Wisconsin,Iron,212,4,0,46.26302338,-90.24295041,55051.0,3727.800246175488,1.8867924528301887,208,208,4,0,204,194,5676,4,0,0,4,14
2020-10-31,US,Wisconsin,Jackson,591,1,0,44.31864893,-90.80566792,55053.0,2862.9559657026593,0.1692047377326565,590,564,1,0,563,544,20478,27,0,0,27,20
2020-10-31,US,Wisconsin,Jefferson,2951,19,0,43.02054068,-88.77529134,55055.0,3481.225447982163,0.6438495425279567,2932,2880,15,0,2865,2840,85129,71,4,0,67,40
2020-10-31,US,Wisconsin,Juneau,837,5,0,43.92456975,-90.11120239,55057.0,3136.358526623449,0.5973715651135006,832,824,4,0,820,808,26617,13,1,0,12,16
2020-10-31,US,Wisconsin,Kenosha,5378,88,0,42.57639354,-88.04051686,55059.0,3171.719912008068,1.6362960208255857,5290,5321,83,0,5238,5241,169290,57,5,0,52,80
2020-10-31,US,Wisconsin,Kewaunee,1160,7,0,44.51727459,-87.61468386,55061.0,5676.813154546345,0.603448275862069,1153,1122,7,0,1115,1105,20383,38,0,0,38,17
2020-10-31,US,Wisconsin,La Crosse,4550,22,0,43.90632465,-91.11451093,55063.0,3855.409436008677,0.4835164835164835,4528,4473,22,0,4451,4366,118230,77,0,0,77,107
2020-10-31,US,Wisconsin,Lafayette,589,1,0,42.66005229,-90.1317729,55065.0,3534.3534353435343,0.1697792869269949,588,576,1,0,575,562,16665,13,0,0,13,14
2020-10-31,US,Wisconsin,Langlade,1065,11,0,45.26271619,-89.07483625,55067.0,5550.054718849341,1.0328638497652582,1054,1045,11,0,1034,1024,19268,20,0,0,20,21
2020-10-31,US,Wisconsin,Lincoln,931,12,0,45.33737523,-89.73411273,55069.0,3374.0441416301237,1.288936627282492,919,872,12,0,860,834,27689,59,0,0,59,38
2020-10-31,US,Wisconsin,Manitowoc,2986,16,0,44.11946801,-87.80928853,55071.0,3780.6561071650153,0.535833891493637,2970,2951,16,0,2935,2867,79074,35,0,0,35,84
2020-10-31,US,Wisconsin,Marathon,5322,57,0,44.89792533,-89.75863384,55073.0,3922.117737228429,1.0710259301014655,5265,5127,54,0,5073,4896,135428,195,3,0,192,231
2020-10-31,US,Wisconsin,Marinette,1870,16,0,45.38553432,-88.03324599999998,55075.0,4634.448574969021,0.8556149732620321,1854,1808,14,0,1794,1777,40434,62,2,0,60,31
2020-10-31,US,Wisconsin,Marquette,668,2,0,43.81911946,-89.40073763,55077.0,4289.199948632336,0.2994011976047904,666,647,2,0,645,628,15434,21,0,0,21,19
2020-10-31,US,Wisconsin,Menominee,340,0,0,45.00422544,-88.70950714,55078.0,7462.686567164178,0.0,340,332,0,0,332,315,4658,8,0,0,8,17
2020-10-31,US,Wisconsin,Milwaukee,42864,592,0,43.00486062,-87.96733172,55079.0,4532.390988510414,1.3811123553564764,42272,41932,585,0,41347,41292,948201,932,7,0,925,640
2020-10-31,US,Wisconsin,Monroe,1238,8,0,43.94641218,-90.61881899999999,55081.0,2676.5831405530453,0.6462035541195477,1230,1200,7,0,1193,1166,46051,38,1,0,37,34
2020-10-31,US,Wisconsin,Oconto,2238,18,0,45.02715345,-88.26807503,55083.0,5900.342736620089,0.8042895442359249,2220,2196,17,0,2179,2158,37830,42,1,0,41,38
2020-10-31,US,Wisconsin,Oneida,1351,13,0,45.70677897,-89.51944105,55085.0,3795.4768928220255,0.9622501850481124,1338,1327,13,0,1314,1287,35470,24,0,0,24,40
2020-10-31,US,Wisconsin,Outagamie,9750,81,0,44.41578887,-88.46565023,55087.0,5189.3445458658225,0.8307692307692308,9669,9592,78,0,9514,9443,187365,158,3,0,155,149
2020-10-31,US,Wisconsin,Ozaukee,2492,25,0,43.38352225,-87.94625009,55089.0,2793.0644130866053,1.0032102728731942,2467,2420,25,0,2395,2340,89147,72,0,0,72,80
2020-10-31,US,Wisconsin,Pepin,170,0,0,44.58307413,-91.99949611,55091.0,2332.9216412789897,0.0,170,162,0,0,162,156,7289,8,0,0,8,6
2020-10-31,US,Wisconsin,Pierce,792,7,0,44.71850291,-92.4224416,55093.0,1852.4582495205127,0.8838383838383839,785,765,7,0,758,737,42555,27,0,0,27,28
2020-10-31,US,Wisconsin,Polk,640,3,0,45.46130348,-92.44182875,55095.0,1461.7545622730286,0.46875,637,597,3,0,594,584,43598,43,0,0,43,13
2020-10-31,US,Wisconsin,Portage,2978,21,0,44.47558711,-89.50152965,55097.0,4207.878822133047,0.7051712558764271,2957,2904,21,0,2883,2815,70942,74,0,0,74,89
2020-10-31,US,Wisconsin,Price,408,3,0,45.68051754,-90.36098879999999,55099.0,3055.9508651037377,0.7352941176470589,405,382,3,0,379,372,13397,26,0,0,26,10
2020-10-31,US,Wisconsin,Racine,8110,114,0,42.74753117,-88.05941254,55101.0,4131.199983699335,1.405672009864365,7996,7889,113,0,7776,7604,196584,221,1,0,220,285
2020-10-31,US,Wisconsin,Richland,497,9,0,43.3762778,-90.43012729,55103.0,2880.8254115464874,1.8108651911468812,488,488,9,0,479,478,17377,9,0,0,9,10
2020-10-31,US,Wisconsin,Rock,5533,46,0,42.67151616,-89.07147900000002,55105.0,3387.122445731356,0.8313753840592807,5487,5408,46,0,5362,5197,163129,125,0,0,125,211
2020-10-31,US,Wisconsin,Rusk,241,1,0,45.47498854,-91.1333012,55107.0,1699.8166172943995,0.4149377593360996,240,232,1,0,231,223,14147,9,0,0,9,9
2020-10-31,US,Wisconsin,Sauk,1927,7,0,43.42574087,-89.94966132,55111.0,2990.285838428354,0.3632589517384536,1920,1884,7,0,1877,1810,64249,43,0,0,43,74
2020-10-31,US,Wisconsin,Sawyer,417,4,0,45.87931905,-91.14504927,55113.0,2518.4200990457784,0.9592326139088728,413,400,3,0,397,391,16489,17,1,0,16,9
2020-10-31,US,Wisconsin,Shawano,2629,26,0,44.78902246,-88.76443896,55115.0,6428.030025183989,0.98896918980601,2603,2569,26,0,2543,2506,40796,60,0,0,60,63
2020-10-31,US,Wisconsin,Sheboygan,5158,31,0,43.72099677,-87.94579284,55117.0,4471.995838390844,0.6010081426909655,5127,5010,29,0,4981,4929,115456,148,2,0,146,81
2020-10-31,US,Wisconsin,St. Croix,2055,11,0,45.03437474,-92.45000068,55109.0,2266.035925766648,0.5352798053527981,2044,1974,11,0,1963,1912,89694,81,0,0,81,62
2020-10-31,US,Wisconsin,Taylor,537,7,0,45.21179252,-90.5004405,55119.0,2639.728653590916,1.303538175046555,530,523,7,0,516,502,20412,14,0,0,14,21
2020-10-31,US,Wisconsin,Trempealeau,1123,4,0,44.30360275,-91.35893614,55121.0,3787.6488245809296,0.3561887800534283,1119,1101,3,0,1098,1065,29442,22,1,0,21,36
2020-10-31,US,Wisconsin,Vernon,538,2,0,43.59422667,-90.8324691,55123.0,1745.5064564272272,0.3717472118959108,536,528,2,0,526,515,30785,10,0,0,10,13
2020-10-31,US,Wisconsin,Vilas,638,7,0,46.05467334,-89.51719204,55125.0,2874.521288578509,1.09717868338558,631,612,7,0,605,585,21938,26,0,0,26,27
2020-10-31,US,Wisconsin,Walworth,3589,39,0,42.66858202,-88.54163073,55127.0,3455.3471714098664,1.0866536639732516,3550,3502,39,0,3463,3449,103718,87,0,0,87,53
2020-10-31,US,Wisconsin,Washburn,263,2,0,45.89838588,-91.79050449,55129.0,1673.027989821883,0.7604562737642585,261,261,2,0,259,252,15878,2,0,0,2,9
2020-10-31,US,Wisconsin,Washington,4809,44,0,43.36863664,-88.22974712,55131.0,3535.1456253583665,0.9149511332917446,4765,4721,43,0,4678,4583,135693,88,1,0,87,138
2020-10-31,US,Wisconsin,Waukesha,13353,125,0,43.01833055,-88.30431188,55133.0,3303.578939034829,0.9361192241443871,13228,13040,125,0,12915,12728,403072,313,0,0,313,312
2020-10-31,US,Wisconsin,Waupaca,2586,47,0,44.47068056,-88.96534501,55135.0,5071.582663267307,1.817478731631864,2539,2519,44,0,2475,2457,51128,67,3,0,64,62
2020-10-31,US,Wisconsin,Waushara,1091,5,0,44.11324419,-89.24317107,55137.0,4463.445567238064,0.45829514207149397,1086,1065,5,0,1060,1051,24263,26,0,0,26,14
2020-10-31,US,Wisconsin,Winnebago,9323,67,0,44.06886922,-88.64477096,55139.0,5423.2811927379325,0.7186527941649684,9256,9165,66,0,9099,8960,171020,158,1,0,157,205
2020-10-31,US,Wisconsin,Wood,1917,10,0,44.45537896,-90.04158336,55141.0,2626.063370731106,0.5216484089723527,1907,1834,10,0,1824,1773,73055,83,0,0,83,61
2020-10-31,US,Wyoming,Albany,1520,4,0,41.65498705,-105.72354150000001,56001.0,3909.4650205761322,0.2631578947368421,1516,1510,4,0,1506,1450,38601,10,0,0,10,60
2020-10-31,US,Wyoming,Big Horn,253,7,0,44.52405055,-107.9960365,56003.0,2145.886344359627,2.766798418972332,246,251,7,0,244,245,11881,2,0,0,2,6
2020-10-31,US,Wyoming,Campbell,1143,3,0,44.24886082,-105.54744040000001,56005.0,2466.4983491940184,0.2624671916010499,1140,1110,3,0,1107,1043,46140,33,0,0,33,67
2020-10-31,US,Wyoming,Carbon,330,2,0,41.69357844,-106.9326084,56007.0,2229.7297297297296,0.6060606060606061,328,329,2,0,327,325,14971,1,0,0,1,4
2020-10-31,US,Wyoming,Converse,333,0,0,42.97272268,-105.5081848,56009.0,2409.202720300969,0.0,333,329,0,0,329,319,13640,4,0,0,4,10
2020-10-31,US,Wyoming,Crook,120,1,0,44.58855102,-104.56977049999999,56011.0,1582.2784810126584,0.8333333333333334,119,120,1,0,119,116,7450,0,0,0,0,4
2020-10-31,US,Wyoming,Fremont,1457,15,0,43.04183996,-108.6296893,56013.0,3711.061868011513,1.0295126973232671,1442,1422,15,0,1407,1373,39531,35,0,0,35,49
2020-10-31,US,Wyoming,Goshen,179,3,0,42.08798185,-104.3534743,56015.0,1354.931496480206,1.675977653631285,176,168,3,0,165,162,13376,11,0,0,11,6
2020-10-31,US,Wyoming,Hot Springs,55,0,0,43.71930657,-108.44231740000001,56017.0,1246.3176977113076,0.0,55,55,0,0,55,55,4555,0,0,0,0,0
2020-10-31,US,Wyoming,Johnson,126,2,0,44.04057166,-106.58451740000001,56019.0,1492.0071047957376,1.5873015873015872,124,121,2,0,119,116,8460,5,0,0,5,5
2020-10-31,US,Wyoming,Laramie,1808,6,0,41.30702520000001,-104.6887497,56021.0,1817.0854271356784,0.33185840707964603,1802,1745,6,0,1739,1656,98976,63,0,0,63,89
2020-10-31,US,Wyoming,Lincoln,360,3,0,42.26376367,-110.6563997,56023.0,1815.431164901664,0.8333333333333334,357,357,3,0,354,353,19434,3,0,0,3,4
2020-10-31,US,Wyoming,Natrona,1586,8,0,42.96180148,-106.79788500000001,56025.0,1986.0251947206286,0.5044136191677175,1578,1536,8,0,1528,1457,79115,50,0,0,50,79
2020-10-31,US,Wyoming,Niobrara,17,0,0,43.05607708,-104.47588959999999,56027.0,721.5619694397284,0.0,17,16,0,0,16,16,2388,1,0,0,1,0
2020-10-31,US,Wyoming,Park,694,3,0,44.52157546,-109.58528249999999,56029.0,2377.200794683839,0.4322766570605187,691,688,3,0,685,661,29324,6,0,0,6,27
2020-10-31,US,Wyoming,Platte,154,2,0,42.13299116,-104.96633100000001,56031.0,1834.8623853211009,1.2987012987012987,152,147,2,0,145,142,8566,7,0,0,7,5
2020-10-31,US,Wyoming,Sheridan,812,4,0,44.79048913,-106.8862389,56033.0,2663.6050516647533,0.4926108374384237,808,799,4,0,795,765,30233,13,0,0,13,34
2020-10-31,US,Wyoming,Sublette,181,1,0,42.76558279,-109.91309220000001,56035.0,1841.1148408096842,0.5524861878453039,180,180,1,0,179,175,9813,1,0,0,1,5
2020-10-31,US,Wyoming,Sweetwater,562,2,0,41.65943896,-108.8827882,56037.0,1327.2559809177433,0.3558718861209965,560,553,2,0,551,522,43051,9,0,0,9,31
2020-10-31,US,Wyoming,Teton,802,1,0,43.93522482,-110.5890801,56039.0,3418.0020456870093,0.12468827930174566,801,796,1,0,795,779,23081,6,0,0,6,17
2020-10-31,US,Wyoming,Uinta,484,3,0,41.2878183,-110.54757820000002,56041.0,2392.959557005834,0.6198347107438017,481,479,3,0,476,469,20299,5,0,0,5,10
2020-10-31,US,Wyoming,Unassigned,0,10,0,0.0,0.0,90056.0,0.0,0.0,-10,0,10,0,-10,0,,0,0,0,0,0
2020-10-31,US,Wyoming,Washakie,159,7,0,43.90451606,-107.68018700000002,56043.0,2037.1556694426647,4.402515723270441,152,158,7,0,151,153,7885,1,0,0,1,5
2020-10-31,US,Wyoming,Weston,163,0,0,43.83961191,-104.56748809999999,56045.0,2353.111014869352,0.0,163,159,0,0,159,155,6967,4,0,0,4,4
