Date,Country/Region,Province/State,Admin2,Confirmed,Deaths,Recovered,Latitude,Longitude,FIPS,Incidence_Rate,Case-Fatality_Ratio,Active Cases,Previous Confirmed,Previous Deaths,Previous Recovered,Previous Active,Prev2 Confirmed,Population,Daily Confirmed,Daily Deaths,Daily Recovered,Daily Active,Previous Daily Confirmed
2020-07-28,US,Alabama,Autauga,941,20,0,32.53952745,-86.64408227,1001.0,1684.2971952245432,2.1253985122210413,921,932,20,0,912,909,55601,9,0,0,9,23
2020-07-28,US,Alabama,Baldwin,2793,17,0,30.72774991,-87.72207058,1003.0,1251.1534981230454,0.6086645184389545,2776,2727,17,0,2710,2665,218022,66,0,0,66,62
2020-07-28,US,Alabama,Barbour,535,4,0,31.868263,-85.3871286,1005.0,2167.220286802236,0.7476635514018691,531,529,4,0,525,523,24881,6,0,0,6,6
2020-07-28,US,Alabama,Bibb,330,2,0,32.99642064,-87.12511459999996,1007.0,1473.6090024113605,0.6060606060606061,328,327,2,0,325,317,22400,3,0,0,3,10
2020-07-28,US,Alabama,Blount,607,1,0,33.98210918,-86.56790593,1009.0,1049.7008266177845,0.16474464579901152,606,601,1,0,600,578,57840,6,0,0,6,23
2020-07-28,US,Alabama,Bullock,422,11,0,32.10030533,-85.71265535,1011.0,4177.804177804178,2.6066350710900474,411,409,11,0,398,408,10138,13,0,0,13,1
2020-07-28,US,Alabama,Butler,722,35,0,31.75300095,-86.68057478,1013.0,3712.464006581654,4.84764542936288,687,718,35,0,683,714,19680,4,0,0,4,4
2020-07-28,US,Alabama,Calhoun,1206,6,0,33.77483727,-85.82630386,1015.0,1061.5729941463844,0.4975124378109453,1200,1157,6,0,1151,1076,114277,49,0,0,49,81
2020-07-28,US,Alabama,Chambers,790,38,0,32.91360079,-85.39072749,1017.0,2375.6540566548388,4.810126582278482,752,779,38,0,741,776,33615,11,0,0,11,3
2020-07-28,US,Alabama,Cherokee,206,7,0,34.17805983,-85.60638968,1019.0,786.379599938922,3.3980582524271843,199,205,7,0,198,194,26032,1,0,0,1,11
2020-07-28,US,Alabama,Chilton,614,5,0,32.85044126,-86.7173256,1021.0,1382.0113441973526,0.8143322475570033,609,600,5,0,595,580,44153,14,0,0,14,20
2020-07-28,US,Alabama,Choctaw,264,12,0,32.02227341,-88.26564429999998,1023.0,2097.0688696481056,4.545454545454546,252,263,12,0,251,258,12841,1,0,0,1,5
2020-07-28,US,Alabama,Clarke,443,9,0,31.68099859,-87.83548597,1025.0,1875.3704174075006,2.031602708803612,434,440,9,0,431,432,23920,3,0,0,3,8
2020-07-28,US,Alabama,Clay,177,4,0,33.26984193,-85.85836077,1027.0,1337.363052512278,2.2598870056497176,173,175,4,0,171,166,13275,2,0,0,2,9
2020-07-28,US,Alabama,Cleburne,105,1,0,33.67679204,-85.52005899,1029.0,704.2253521126761,0.9523809523809524,104,101,1,0,100,95,14987,4,0,0,4,6
2020-07-28,US,Alabama,Coffee,649,5,0,31.39932826,-85.98901039,1031.0,1239.9220511252913,0.7704160246533128,644,644,5,0,639,633,51909,5,0,0,5,11
2020-07-28,US,Alabama,Colbert,931,11,0,34.69847452,-87.80168544,1033.0,1685.3424087181622,1.1815252416756177,920,922,11,0,911,875,54762,9,0,0,9,47
2020-07-28,US,Alabama,Conecuh,342,9,0,31.43401703,-86.99320044,1035.0,2834.175851495814,2.631578947368421,333,340,9,0,331,333,12277,2,0,0,2,7
2020-07-28,US,Alabama,Coosa,87,2,0,32.93690146,-86.24847739,1037.0,815.9054675044548,2.2988505747126435,85,85,2,0,83,86,10715,2,0,0,2,-1
2020-07-28,US,Alabama,Covington,644,19,0,31.247785399999998,-86.45050893,1039.0,1738.2385489486896,2.950310559006211,625,641,19,0,622,633,36986,3,0,0,3,8
2020-07-28,US,Alabama,Crenshaw,236,3,0,31.72941803,-86.31593104,1041.0,1713.6218414173684,1.2711864406779658,233,229,3,0,226,226,13824,7,0,0,7,3
2020-07-28,US,Alabama,Cullman,999,10,0,34.13020303,-86.86888037,1043.0,1192.5795053003533,1.001001001001001,989,985,9,0,976,946,83442,14,1,0,13,39
2020-07-28,US,Alabama,Dale,713,17,0,31.43037123,-85.61095742,1045.0,1450.0122020662163,2.3842917251051894,696,705,17,0,688,676,48956,8,0,0,8,29
2020-07-28,US,Alabama,Dallas,1215,21,0,32.32688101,-87.10866709999998,1047.0,3266.480266695344,1.728395061728395,1194,1207,21,0,1186,1186,38310,8,0,0,8,21
2020-07-28,US,Alabama,DeKalb,1523,9,0,34.45946862,-85.80782906,1049.0,2129.6827150308336,0.5909389363099147,1514,1498,9,0,1489,1490,71385,25,0,0,25,8
2020-07-28,US,Alabama,Elmore,1475,34,0,32.59785413,-86.14415284,1051.0,1816.3011488874383,2.305084745762712,1441,1466,34,0,1432,1437,81887,9,0,0,9,29
2020-07-28,US,Alabama,Escambia,859,13,0,31.1256789,-87.15918694,1053.0,2344.880299183796,1.5133876600698486,846,841,15,0,826,812,36748,18,-2,0,20,29
2020-07-28,US,Alabama,Etowah,1723,17,0,34.04567266,-86.04051873,1055.0,1684.7889858020105,0.9866511897852582,1706,1690,17,0,1673,1643,102501,33,0,0,33,47
2020-07-28,US,Alabama,Fayette,151,5,0,33.72076938,-87.73886638,1057.0,926.2667157404,3.3112582781456954,146,144,5,0,139,138,16433,7,0,0,7,6
2020-07-28,US,Alabama,Franklin,1105,20,0,34.44235334,-87.84289505,1059.0,3523.372233913653,1.8099547511312215,1085,1098,20,0,1078,1078,31363,7,0,0,7,20
2020-07-28,US,Alabama,Geneva,194,0,0,31.09389027,-85.83572839,1061.0,738.4568535647674,0.0,194,192,0,0,192,186,26314,2,0,0,2,6
2020-07-28,US,Alabama,Greene,237,11,0,32.85504247,-87.95684022,1063.0,2921.957835038836,4.641350210970463,226,235,11,0,224,232,8233,2,0,0,2,3
2020-07-28,US,Alabama,Hale,431,23,0,32.76039258,-87.63284988,1065.0,2941.7787181762337,5.336426914153132,408,429,23,0,406,425,14726,2,0,0,2,4
2020-07-28,US,Alabama,Henry,224,3,0,31.51148016,-85.24267944,1067.0,1301.9471083987214,1.3392857142857142,221,223,3,0,220,213,17209,1,0,0,1,10
2020-07-28,US,Alabama,Houston,1162,11,0,31.15197924,-85.29939599,1069.0,1097.4481026047863,0.9466437177280552,1151,1139,11,0,1128,1074,104722,23,0,0,23,65
2020-07-28,US,Alabama,Jackson,669,3,0,34.78144169,-85.99750489,1071.0,1295.8586758610002,0.4484304932735426,666,655,3,0,652,648,51736,14,0,0,14,7
2020-07-28,US,Alabama,Jefferson,10563,203,0,33.55554728,-86.89506300000002,1073.0,1603.9224201417308,1.9218025182239893,10360,10420,203,0,10217,10258,659300,143,0,0,143,162
2020-07-28,US,Alabama,Lamar,173,1,0,33.77995024,-88.09668032,1075.0,1253.1691416153567,0.5780346820809249,172,167,1,0,166,161,13844,6,0,0,6,6
2020-07-28,US,Alabama,Lauderdale,928,9,0,34.90171875,-87.65624729,1077.0,1000.765672011992,0.9698275862068966,919,918,9,0,909,893,92387,10,0,0,10,25
2020-07-28,US,Alabama,Lawrence,261,0,0,34.52041498,-87.31069453,1079.0,792.7347831369214,0.0,261,254,0,0,254,244,32957,7,0,0,7,10
2020-07-28,US,Alabama,Lee,2322,40,0,32.60154883,-85.35132246,1081.0,1411.1898481846579,1.7226528854435832,2282,2286,40,0,2246,2243,163941,36,0,0,36,43
2020-07-28,US,Alabama,Limestone,1047,10,0,34.81185586,-86.98310072,1083.0,1058.4845574483143,0.9551098376313276,1037,1031,10,0,1021,1006,96174,16,0,0,16,25
2020-07-28,US,Alabama,Lowndes,541,24,0,32.1597283,-86.65158371,1085.0,5562.410034957846,4.436229205175602,517,538,24,0,514,531,9974,3,0,0,3,7
2020-07-28,US,Alabama,Macon,294,12,0,32.38759944,-85.69267724,1087.0,1627.1861855213638,4.081632653061225,282,291,12,0,279,286,18439,3,0,0,3,5
2020-07-28,US,Alabama,Madison,4445,21,0,34.76327133,-86.55069633,1089.0,1191.9798127693352,0.4724409448818898,4424,4332,21,0,4311,4241,366519,113,0,0,113,91
2020-07-28,US,Alabama,Marengo,492,13,0,32.24767634,-87.78796182,1091.0,2608.2807612786937,2.6422764227642275,479,484,13,0,471,478,19066,8,0,0,8,6
2020-07-28,US,Alabama,Marion,488,24,0,34.13697363,-87.88704173,1093.0,1642.5998855565656,4.918032786885246,464,484,24,0,460,473,29763,4,0,0,4,11
2020-07-28,US,Alabama,Marshall,2715,26,0,34.36975964,-86.30486727,1095.0,2805.505611011222,0.9576427255985268,2689,2705,26,0,2679,2661,96109,10,0,0,10,44
2020-07-28,US,Alabama,Mobile,7495,177,0,30.78472347,-88.20842409,1097.0,1813.8476803562353,2.361574382921948,7318,7361,176,0,7185,7193,413757,134,1,0,133,168
2020-07-28,US,Alabama,Monroe,362,3,0,31.56729412,-87.36995001,1099.0,1746.008778276178,0.8287292817679558,359,362,3,0,359,361,21067,0,0,0,0,1
2020-07-28,US,Alabama,Montgomery,5838,138,0,32.2206831,-86.20969272,1101.0,2577.642768206423,2.36382322713258,5700,5768,138,0,5630,5642,225763,70,0,0,70,126
2020-07-28,US,Alabama,Morgan,1998,13,0,34.45500589,-86.85475946,1103.0,1669.465821071366,0.6506506506506506,1985,1973,13,0,1960,1933,119089,25,0,0,25,40
2020-07-28,US,Alabama,Perry,397,3,0,32.64048341,-87.29770589,1105.0,4449.1762860024655,0.7556675062972292,394,387,3,0,384,382,9140,10,0,0,10,5
2020-07-28,US,Alabama,Pickens,340,9,0,33.28094866,-88.08818103,1107.0,1705.9708981435022,2.647058823529412,331,338,9,0,329,332,19938,2,0,0,2,6
2020-07-28,US,Alabama,Pike,612,7,0,31.80396383,-85.9408295,1109.0,1848.1608987135348,1.1437908496732023,605,603,7,0,596,596,33338,9,0,0,9,7
2020-07-28,US,Alabama,Randolph,371,10,0,33.29526734,-85.45708831,1111.0,1632.7788046826865,2.6954177897574123,361,367,10,0,357,359,22725,4,0,0,4,8
2020-07-28,US,Alabama,Russell,1104,1,0,32.28725256,-85.18415324,1113.0,1904.7290419419955,0.09057971014492754,1103,1081,1,0,1080,1047,57781,23,0,0,23,34
2020-07-28,US,Alabama,Shelby,2726,29,0,33.26879845,-86.66232561,1117.0,1252.1703980670825,1.0638297872340423,2697,2684,29,0,2655,2638,215707,42,0,0,42,46
2020-07-28,US,Alabama,St. Clair,1041,9,0,33.71902176,-86.31029372,1115.0,1162.9725623380104,0.8645533141210374,1032,1015,9,0,1006,979,88690,26,0,0,26,36
2020-07-28,US,Alabama,Sumter,349,15,0,32.59117397,-88.19916205,1119.0,2808.4010622032674,4.297994269340975,334,348,15,0,333,339,12691,1,0,0,1,9
2020-07-28,US,Alabama,Talladega,765,9,0,33.37823223,-86.16886178,1121.0,956.5130410862987,1.1764705882352942,756,748,9,0,739,717,79828,17,0,0,17,31
2020-07-28,US,Alabama,Tallapoosa,770,78,0,32.86698258,-85.79833053,1123.0,1907.4986994327048,10.129870129870131,692,769,78,0,691,761,40497,1,0,0,1,8
2020-07-28,US,Alabama,Tuscaloosa,3675,58,0,33.28726072,-87.52556818,1125.0,1755.3915597907862,1.5782312925170068,3617,3636,58,0,3578,3536,208911,39,0,0,39,100
2020-07-28,US,Alabama,Unassigned,2057,45,0,0.0,0.0,90001.0,0.0,2.1876519202722413,2012,1986,45,0,1941,1943,,71,0,0,71,43
2020-07-28,US,Alabama,Walker,1407,57,0,33.80270512,-87.30027177,1127.0,2215.0155066828293,4.051172707889126,1350,1398,57,0,1341,1364,63711,9,0,0,9,34
2020-07-28,US,Alabama,Washington,288,10,0,31.4092794,-88.20689944,1129.0,1764.0573318632855,3.4722222222222223,278,278,10,0,268,272,16378,10,0,0,10,6
2020-07-28,US,Alabama,Wilcox,388,9,0,31.98773215,-87.30891118,1131.0,3740.480092547961,2.31958762886598,379,385,9,0,376,384,10627,3,0,0,3,1
2020-07-28,US,Alabama,Winston,390,10,0,34.15030532,-87.37325922,1133.0,1650.5141986541962,2.5641025641025643,380,387,10,0,377,380,23660,3,0,0,3,7
2020-07-28,US,Alaska,Aleutians East,1,0,0,55.32222414,-161.9722021,2013.0,29.96703626011388,0.0,1,1,0,0,1,1,3515,0,0,0,0,0
2020-07-28,US,Alaska,Aleutians West,3,0,0,52.3233,-174.1596,2016.0,53.24813631522897,0.0,3,4,0,0,4,3,5723,-1,0,0,-1,1
2020-07-28,US,Alaska,Anchorage,1482,9,0,61.14998174,-149.14269860000005,2020.0,514.5833333333334,0.6072874493927125,1473,1402,9,0,1393,1338,291538,80,0,0,80,64
2020-07-28,US,Alaska,Bethel,18,0,0,60.90980451,-159.8561831,2050.0,97.90057652561731,0.0,18,18,0,0,18,18,18216,0,0,0,0,0
2020-07-28,US,Alaska,Bristol Bay,6,0,0,58.74513976,-156.701064,2060.0,717.7033492822967,0.0,6,6,0,0,6,6,877,0,0,0,0,0
2020-07-28,US,Alaska,Denali,1,0,0,63.67264044,-150.0076108,2068.0,47.687172150691474,0.0,1,1,0,0,1,1,2059,0,0,0,0,0
2020-07-28,US,Alaska,Dillingham,1,0,0,59.79603738,-158.23819419999995,2070.0,20.34174125305126,0.0,1,1,0,0,1,1,5000,0,0,0,0,0
2020-07-28,US,Alaska,Fairbanks North Star,378,5,0,64.80726247,-146.5692662,2090.0,390.29829941455256,1.3227513227513228,373,372,4,0,368,369,98971,6,1,0,5,3
2020-07-28,US,Alaska,Haines,4,0,0,59.09893571,-135.4679843,2100.0,158.10276679841897,0.0,4,4,0,0,4,4,2474,0,0,0,0,0
2020-07-28,US,Alaska,Juneau,84,2,0,58.45031811,-134.200436,2110.0,262.7134546819291,2.380952380952381,82,78,2,0,76,75,32113,6,0,0,6,3
2020-07-28,US,Alaska,Kenai Peninsula,282,2,0,60.24429722,-151.53888840000005,2122.0,480.34339442665396,0.7092198581560284,280,276,2,0,274,272,58533,6,0,0,6,4
2020-07-28,US,Alaska,Ketchikan Gateway,34,0,0,55.57445008,-130.975561,2130.0,244.5867203798288,0.0,34,33,0,0,33,33,13918,1,0,0,1,0
2020-07-28,US,Alaska,Kodiak Island,5,0,0,57.65529415,-153.7493579,2150.0,38.46745653177412,0.0,5,5,0,0,5,5,13345,0,0,0,0,0
2020-07-28,US,Alaska,Kusilvak,4,0,0,62.15429159999999,-163.39678830000003,2158.0,48.11161895597787,0.0,4,4,0,0,4,3,8303,0,0,0,0,1
2020-07-28,US,Alaska,Matanuska-Susitna,240,2,0,62.31305045,-149.5741743,2170.0,221.5718677585236,0.8333333333333334,238,235,2,0,233,227,107610,5,0,0,5,8
2020-07-28,US,Alaska,Nome,17,0,0,64.90320724,-164.0353804,2180.0,169.93202718912434,0.0,17,17,0,0,17,17,10008,0,0,0,0,0
2020-07-28,US,Alaska,North Slope,12,0,0,69.31479216,-153.4836093,2185.0,122.05044751830758,0.0,12,11,0,0,11,8,9872,1,0,0,1,3
2020-07-28,US,Alaska,Northwest Arctic,19,0,0,67.04919196,-159.7503946,2188.0,249.31111402703056,0.0,19,19,0,0,19,14,7671,0,0,0,0,5
2020-07-28,US,Alaska,Petersburg,6,1,0,57.13978948,-132.9540995,2195.0,183.71096142069808,16.666666666666668,5,6,1,0,5,6,3221,0,0,0,0,0
2020-07-28,US,Alaska,Prince of Wales-Hyder,5,0,0,55.76261984,-133.0511621,2198.0,80.60615831049492,0.0,5,4,0,0,4,3,6422,1,0,0,1,1
2020-07-28,US,Alaska,Sitka,21,0,0,57.24124555,-135.3206587,2220.0,247.2624514305899,0.0,21,21,0,0,21,19,8647,0,0,0,0,2
2020-07-28,US,Alaska,Southeast Fairbanks,14,0,0,63.87692095,-143.2127643,2240.0,203.10459886841724,0.0,14,13,0,0,13,13,6918,1,0,0,1,0
2020-07-28,US,Alaska,Valdez-Cordova,41,0,0,61.47502768,-144.7126799,2261.0,445.55531406216033,0.0,41,41,0,0,41,39,9164,0,0,0,0,2
2020-07-28,US,Alaska,Wrangell,5,0,0,56.3202004,-132.05837309999998,2275.0,199.84012789768192,0.0,5,5,0,0,5,5,2503,0,0,0,0,0
2020-07-28,US,Alaska,Yakutat,5,0,0,59.890980799999994,-140.36014509999998,2282.0,863.5578583765113,0.0,5,4,0,0,4,3,604,1,0,0,1,1
2020-07-28,US,Alaska,Yukon-Koyukuk,42,1,0,65.50815459,-151.39073869999999,2290.0,803.0592734225621,2.380952380952381,41,42,1,0,41,42,5327,0,0,0,0,0
2020-07-28,US,Arizona,Apache,2945,128,0,35.39465006,-109.4892383,4001.0,4096.707332341035,4.34634974533107,2817,2930,128,0,2802,2920,71818,15,0,0,15,10
2020-07-28,US,Arizona,Cochise,1422,44,0,31.87934684,-109.7516088,4003.0,1129.270500786201,3.094233473980309,1378,1399,42,0,1357,1388,126770,23,2,0,21,11
2020-07-28,US,Arizona,Coconino,2880,112,0,35.83883429,-111.77071780000001,4005.0,2007.3043575232093,3.888888888888889,2768,2870,112,0,2758,2858,142854,10,0,0,10,12
2020-07-28,US,Arizona,Gila,724,21,0,33.80190085,-110.8132779,4007.0,1340.2939760820468,2.9005524861878453,703,703,21,0,682,714,53889,21,0,0,21,-11
2020-07-28,US,Arizona,Graham,431,6,0,32.93166885,-109.8882178,4009.0,1109.7664598192448,1.3921113689095128,425,396,6,0,390,366,38072,35,0,0,35,30
2020-07-28,US,Arizona,Greenlee,52,1,0,33.21498827,-109.2405279,4011.0,547.4836807749,1.9230769230769231,51,54,1,0,53,48,9483,-2,0,0,-2,6
2020-07-28,US,Arizona,La Paz,466,9,0,33.72854224,-113.98100290000001,4012.0,2207.693765397006,1.931330472103004,457,463,9,0,454,463,21098,3,0,0,3,0
2020-07-28,US,Arizona,Maricopa,111446,1882,0,33.34835867,-112.49181540000001,4013.0,2484.631296018606,1.6887102273746928,109564,109988,1807,0,108181,108677,4410824,1458,75,0,1383,1311
2020-07-28,US,Arizona,Mohave,2791,142,0,35.70471703,-113.7577902,4015.0,1315.3863918069949,5.087782156932999,2649,2725,136,0,2589,2698,209550,66,6,0,60,27
2020-07-28,US,Arizona,Navajo,5106,179,0,35.3997715,-110.3218983,4017.0,4603.151707475388,3.5056795926361137,4927,5079,178,0,4901,5078,110445,27,1,0,26,1
2020-07-28,US,Arizona,Pima,15292,431,0,32.0971334,-111.7890033,4019.0,1460.1648653319696,2.818467172377714,14861,15109,418,0,14691,14963,1039073,183,13,0,170,146
2020-07-28,US,Arizona,Pinal,7655,123,0,32.90525627,-111.3449483,4021.0,1654.1015451966232,1.606792945787067,7532,7561,122,0,7439,7468,447138,94,1,0,93,93
2020-07-28,US,Arizona,Santa Cruz,2535,49,0,31.52508998,-110.8479088,4023.0,5451.847391285647,1.9329388560157792,2486,2517,49,0,2468,2517,46511,18,0,0,18,0
2020-07-28,US,Arizona,Unassigned,0,1,0,0.0,0.0,90004.0,0.0,0.0,-1,,,,,,,,,,,
2020-07-28,US,Arizona,Yavapai,1627,54,0,34.59933926,-112.5538588,4025.0,692.0488815350128,3.3189920098340497,1573,1599,54,0,1545,1567,231993,28,0,0,28,32
2020-07-28,US,Arizona,Yuma,10562,226,0,32.76895712,-113.90666740000002,4027.0,4940.431363927648,2.1397462601779966,10336,10434,221,0,10213,10289,212128,128,5,0,123,145
2020-07-28,US,Arkansas,Arkansas,172,1,0,34.29145151,-91.37277296,5001.0,983.6440581036258,0.5813953488372093,171,168,1,0,167,168,17769,4,0,0,4,0
2020-07-28,US,Arkansas,Ashley,187,4,0,33.19153461,-91.7698471,5003.0,951.3150531617237,2.1390374331550803,183,187,4,0,183,180,20046,0,0,0,0,7
2020-07-28,US,Arkansas,Baxter,56,0,0,36.28784385,-92.33782872,5005.0,133.54955642468758,0.0,56,56,0,0,56,55,41619,0,0,0,0,1
2020-07-28,US,Arkansas,Benton,4321,35,0,36.33644656,-94.25680817,5007.0,1547.9632157225199,0.8099976857208979,4286,4263,35,0,4228,4209,272608,58,0,0,58,54
2020-07-28,US,Arkansas,Boone,126,1,0,36.3084504,-93.09374925,5009.0,336.61038683479376,0.7936507936507936,125,118,1,0,117,108,37480,8,0,0,8,10
2020-07-28,US,Arkansas,Bradley,122,3,0,33.46755808,-92.15980837,5011.0,1133.5129610703336,2.459016393442623,119,120,2,0,118,114,10897,2,1,0,1,6
2020-07-28,US,Arkansas,Calhoun,10,0,0,33.55598792,-92.49974403,5013.0,192.71535941414533,0.0,10,9,0,0,9,10,5277,1,0,0,1,-1
2020-07-28,US,Arkansas,Carroll,328,6,0,36.34038560000001,-93.54270261,5015.0,1155.7434813248767,1.8292682926829267,322,325,6,0,319,322,28223,3,0,0,3,3
2020-07-28,US,Arkansas,Chicot,331,4,0,33.26458973,-91.29539209,5017.0,3271.3975093892072,1.2084592145015105,327,325,4,0,321,306,10438,6,0,0,6,19
2020-07-28,US,Arkansas,Clark,145,0,0,34.04613432,-93.17484713,5019.0,649.6415770609318,0.0,145,138,0,0,138,132,22061,7,0,0,7,6
2020-07-28,US,Arkansas,Clay,103,4,0,36.36826212,-90.4148172,5021.0,707.8551302315992,3.8834951456310685,99,103,4,0,99,104,14847,0,0,0,0,-1
2020-07-28,US,Arkansas,Cleburne,175,5,0,35.53864922,-92.02640019,5023.0,702.2753722059473,2.8571428571428568,170,175,5,0,170,174,24965,0,0,0,0,1
2020-07-28,US,Arkansas,Cleveland,62,1,0,33.89723187,-92.18537045,5025.0,779.2860734037206,1.6129032258064515,61,61,1,0,60,57,8018,1,0,0,1,4
2020-07-28,US,Arkansas,Columbia,169,6,0,33.21230701,-93.22642793,5027.0,720.4672379247132,3.5502958579881656,163,166,5,0,161,166,23537,3,1,0,2,0
2020-07-28,US,Arkansas,Conway,124,3,0,35.26205537,-92.70506566,5029.0,594.8383382903195,2.419354838709677,121,122,3,0,119,122,20891,2,0,0,2,0
2020-07-28,US,Arkansas,Craighead,1006,11,0,35.83018283,-90.63235729,5031.0,911.7934959939093,1.0934393638170974,995,969,9,0,960,945,108558,37,2,0,35,24
2020-07-28,US,Arkansas,Crawford,473,3,0,35.58928601,-94.2446814,5033.0,747.7433327536875,0.6342494714587738,470,464,3,0,461,447,63406,9,0,0,9,17
2020-07-28,US,Arkansas,Crittenden,1113,17,0,35.21247318,-90.30839406,5035.0,2320.925868001252,1.5274034141958668,1096,1100,16,0,1084,1090,48342,13,1,0,12,10
2020-07-28,US,Arkansas,Cross,155,1,0,35.29631396,-90.77185818,5037.0,944.0282599427492,0.6451612903225806,154,151,1,0,150,150,16676,4,0,0,4,1
2020-07-28,US,Arkansas,Dallas,49,0,0,33.97042763,-92.65167437,5039.0,699.1011556570122,0.0,49,48,0,0,48,32,7182,1,0,0,1,16
2020-07-28,US,Arkansas,Desha,133,2,0,33.83011025,-91.25500948,5041.0,1170.671595810228,1.5037593984962403,131,129,1,0,128,128,11512,4,1,0,3,1
2020-07-28,US,Arkansas,Drew,146,2,0,33.59035001,-91.71777921,5043.0,801.3612163126406,1.3698630136986298,144,143,2,0,141,139,18328,3,0,0,3,4
2020-07-28,US,Arkansas,Faulkner,1120,4,0,35.14719007,-92.33717519,5045.0,888.8395089161712,0.35714285714285715,1116,1081,4,0,1077,1063,124806,39,0,0,39,18
2020-07-28,US,Arkansas,Franklin,85,2,0,35.51202821,-93.89299569,5047.0,479.8193621224952,2.3529411764705883,83,83,1,0,82,78,17810,2,1,0,1,5
2020-07-28,US,Arkansas,Fulton,26,0,0,36.38177105,-91.81729127,5049.0,208.38342550292538,0.0,26,23,0,0,23,23,12269,3,0,0,3,0
2020-07-28,US,Arkansas,Garland,713,7,0,34.57692074,-93.14921604,5051.0,717.4048658764816,0.9817671809256662,706,695,5,0,690,652,99154,18,2,0,16,43
2020-07-28,US,Arkansas,Grant,118,0,0,34.29017991,-92.42320562,5053.0,646.0443471119628,0.0,118,115,0,0,115,113,18188,3,0,0,3,2
2020-07-28,US,Arkansas,Greene,247,1,0,36.11735460000001,-90.55832668,5055.0,544.9531163816878,0.4048582995951417,246,230,1,0,229,228,45325,17,0,0,17,2
2020-07-28,US,Arkansas,Hempstead,180,2,0,33.73325583,-93.66935133,5057.0,835.9650752368567,1.1111111111111112,178,174,2,0,172,167,21741,6,0,0,6,7
2020-07-28,US,Arkansas,Hot Spring,1411,7,0,34.31709259,-92.95396325,5059.0,4178.141008557638,0.4961020552799433,1404,1402,4,0,1398,1397,33701,9,3,0,6,5
2020-07-28,US,Arkansas,Howard,275,2,0,34.09007427,-93.9934871,5061.0,2083.017724587184,0.7272727272727273,273,246,2,0,244,236,13341,29,0,0,29,10
2020-07-28,US,Arkansas,Independence,259,0,0,35.74242707,-91.57001641,5063.0,684.7323198942497,0.0,259,233,0,0,233,210,37678,26,0,0,26,23
2020-07-28,US,Arkansas,Izard,35,1,0,36.09604046,-91.90847954,5065.0,256.8053415511044,2.8571428571428568,34,34,1,0,33,34,13593,1,0,0,1,0
2020-07-28,US,Arkansas,Jackson,55,1,0,35.59802983,-91.21494602,5067.0,328.9670434834618,1.818181818181818,54,54,1,0,53,52,16811,1,0,0,1,2
2020-07-28,US,Arkansas,Jefferson,1222,36,0,34.26767081,-91.92619839,5069.0,1828.6843050401053,2.9459901800327333,1186,1204,36,0,1168,1171,68114,18,0,0,18,33
2020-07-28,US,Arkansas,Johnson,592,0,0,35.56759135,-93.46036368,5071.0,2227.4061253668447,0.0,592,585,0,0,585,574,26742,7,0,0,7,11
2020-07-28,US,Arkansas,Lafayette,48,2,0,33.24116713,-93.60677071,5073.0,724.6376811594204,4.166666666666667,46,47,2,0,45,46,6682,1,0,0,1,1
2020-07-28,US,Arkansas,Lawrence,162,9,0,36.04188196,-91.10867198,5075.0,987.4436181884676,5.5555555555555545,153,158,9,0,149,157,16434,4,0,0,4,1
2020-07-28,US,Arkansas,Lee,876,6,0,34.78498904,-90.78383866,5077.0,9890.482104550074,0.6849315068493149,870,876,6,0,870,876,8985,0,0,0,0,0
2020-07-28,US,Arkansas,Lincoln,1155,11,0,33.95317155,-91.74002806,5079.0,8868.243243243243,0.9523809523809524,1144,1152,11,0,1141,1148,13383,3,0,0,3,4
2020-07-28,US,Arkansas,Little River,106,1,0,33.70375665,-94.23468591,5081.0,864.6708540664004,0.9433962264150944,105,82,1,0,81,80,12326,24,0,0,24,2
2020-07-28,US,Arkansas,Logan,129,0,0,35.21413234,-93.71951016,5083.0,600.950340072673,0.0,129,127,0,0,127,122,21737,2,0,0,2,5
2020-07-28,US,Arkansas,Lonoke,368,2,0,34.75392199,-91.88742357,5085.0,501.9847494850564,0.5434782608695652,366,356,2,0,354,345,73657,12,0,0,12,11
2020-07-28,US,Arkansas,Madison,246,1,0,36.01038185,-93.72524943,5087.0,1484.0733590733594,0.4065040650406504,245,246,1,0,245,245,16481,0,0,0,0,1
2020-07-28,US,Arkansas,Marion,18,0,0,36.26844485,-92.68451899,5089.0,107.82317000119805,0.0,18,18,0,0,18,18,16722,0,0,0,0,0
2020-07-28,US,Arkansas,Miller,428,4,0,33.31403423,-93.89285258,5091.0,989.4352359155744,0.9345794392523364,424,423,3,0,420,416,43592,5,1,0,4,7
2020-07-28,US,Arkansas,Mississippi,603,8,0,35.76271485,-90.05194370000002,5093.0,1483.3583429681923,1.326699834162521,595,553,8,0,545,539,41239,50,0,0,50,14
2020-07-28,US,Arkansas,Monroe,48,0,0,34.6815935,-91.20540287,5095.0,716.310998358454,0.0,48,46,0,0,46,43,6900,2,0,0,2,3
2020-07-28,US,Arkansas,Montgomery,23,0,0,34.53704874,-93.65824478,5097.0,255.9537057645226,0.0,23,22,0,0,22,19,8924,1,0,0,1,3
2020-07-28,US,Arkansas,Nevada,127,8,0,33.66340119,-93.30632432,5099.0,1539.0208434318954,6.299212598425197,119,126,8,0,118,124,8326,1,0,0,1,2
2020-07-28,US,Arkansas,Newton,89,0,0,35.91947491,-93.21612969,5101.0,1147.9427318457374,0.0,89,85,0,0,85,84,7805,4,0,0,4,1
2020-07-28,US,Arkansas,Ouachita,71,1,0,33.58839816,-92.87795984,5103.0,303.6523821743222,1.4084507042253518,70,68,1,0,67,64,23606,3,0,0,3,4
2020-07-28,US,Arkansas,Perry,45,0,0,34.9459153,-92.94372564,5105.0,430.41606886657104,0.0,45,44,0,0,44,42,10352,1,0,0,1,2
2020-07-28,US,Arkansas,Phillips,256,6,0,34.43268455,-90.84800154,5107.0,1439.6580812057134,2.34375,250,250,6,0,244,250,18029,6,0,0,6,0
2020-07-28,US,Arkansas,Pike,60,1,0,34.16250414,-93.65789349,5109.0,559.8059339428997,1.6666666666666667,59,58,1,0,57,57,10673,2,0,0,2,1
2020-07-28,US,Arkansas,Poinsett,130,3,0,35.57433534,-90.66268713,5111.0,552.5331519891193,2.3076923076923075,127,125,3,0,122,119,23974,5,0,0,5,6
2020-07-28,US,Arkansas,Polk,123,0,0,34.48254879,-94.22728802,5113.0,616.1089961931476,0.0,123,121,0,0,121,120,20049,2,0,0,2,1
2020-07-28,US,Arkansas,Pope,1110,6,0,35.44871474,-93.03212219,5115.0,1732.4260207266825,0.5405405405405406,1104,1074,6,0,1068,1045,64000,36,0,0,36,29
2020-07-28,US,Arkansas,Prairie,56,0,0,34.83624419,-91.55162157,5117.0,694.61672041677,0.0,56,56,0,0,56,56,8074,0,0,0,0,0
2020-07-28,US,Arkansas,Pulaski,4492,74,0,34.77054088,-92.31355101,5119.0,1146.178596671183,1.647373107747106,4418,4437,71,0,4366,4346,392680,55,3,0,52,91
2020-07-28,US,Arkansas,Randolph,145,2,0,36.3415714,-91.02455531,5121.0,807.4395812451276,1.3793103448275863,143,142,2,0,140,137,17948,3,0,0,3,5
2020-07-28,US,Arkansas,Saline,798,4,0,34.64916145,-92.67583224,5125.0,651.7637642215998,0.5012531328320802,794,777,3,0,774,741,121421,21,1,0,20,36
2020-07-28,US,Arkansas,Scott,33,0,0,34.85588887,-94.0632176,5127.0,320.9804493726292,0.0,33,31,0,0,31,31,10319,2,0,0,2,0
2020-07-28,US,Arkansas,Searcy,23,0,0,35.9109364,-92.69936482,5129.0,291.84113691155943,0.0,23,23,0,0,23,22,7958,0,0,0,0,1
2020-07-28,US,Arkansas,Sebastian,1499,13,0,35.19605503,-94.27162713,5131.0,1172.6786985535134,0.867244829886591,1486,1454,13,0,1441,1402,127753,45,0,0,45,52
2020-07-28,US,Arkansas,Sevier,913,10,0,33.99780401,-94.2424869,5133.0,5368.377726818369,1.095290251916758,903,906,9,0,897,900,17139,7,1,0,6,6
2020-07-28,US,Arkansas,Sharp,89,5,0,36.16258158,-91.47819342,5135.0,510.2625845659902,5.617977528089888,84,92,5,0,87,92,17366,-3,0,0,-3,0
2020-07-28,US,Arkansas,St. Francis,1083,3,0,35.02201976,-90.74828138,5123.0,4333.0399295831,0.2770083102493075,1080,1079,3,0,1076,1067,25439,4,0,0,4,12
2020-07-28,US,Arkansas,Stone,44,1,0,35.86251946,-92.15684085,5137.0,351.8311210618903,2.272727272727273,43,43,1,0,42,43,12457,1,0,0,1,0
2020-07-28,US,Arkansas,Unassigned,1514,0,0,0.0,0.0,90005.0,0.0,0.0,1514,1499,0,0,1499,1400,,15,0,0,15,99
2020-07-28,US,Arkansas,Union,376,15,0,33.16887091,-92.59746952,5139.0,972.0283335918516,3.98936170212766,361,373,15,0,358,369,39126,3,0,0,3,4
2020-07-28,US,Arkansas,Van Buren,46,2,0,35.58095779,-92.51295036,5141.0,278.0296161982472,4.3478260869565215,44,44,2,0,42,43,16603,2,0,0,2,1
2020-07-28,US,Arkansas,Washington,5783,42,0,35.976844,-94.21800746,5143.0,2417.7735412041625,0.7262666436105828,5741,5729,40,0,5689,5662,236961,54,2,0,52,67
2020-07-28,US,Arkansas,White,230,2,0,35.25688493,-91.74908296,5145.0,292.0523662590632,0.8695652173913043,228,222,2,0,220,220,78727,8,0,0,8,2
2020-07-28,US,Arkansas,Woodruff,17,0,0,35.18902527,-91.2439489,5147.0,268.9873417721519,0.0,17,17,0,0,17,17,6490,0,0,0,0,0
2020-07-28,US,Arkansas,Yell,975,14,0,35.00292371,-93.41171338,5149.0,4568.67063399091,1.4358974358974361,961,967,14,0,953,960,21535,8,0,0,8,7
2020-07-28,US,California,Alameda,10633,181,0,37.64629437,-121.8929271,6001.0,636.2002932995239,1.7022477193642434,10452,10438,178,0,10260,10330,1666753,195,3,0,192,108
2020-07-28,US,California,Alpine,2,0,0,38.59678594,-119.82235940000001,6003.0,177.14791851195747,0.0,2,2,0,0,2,2,1101,0,0,0,0,0
2020-07-28,US,California,Amador,84,0,0,38.44583082,-120.65696000000001,6005.0,211.3101227611189,0.0,84,81,0,0,81,76,39383,3,0,0,3,5
2020-07-28,US,California,Butte,866,7,0,39.66727762,-121.6005252,6007.0,395.0982270765468,0.8083140877598153,859,820,7,0,813,758,231256,46,0,0,46,62
2020-07-28,US,California,Calaveras,99,1,0,38.20537103,-120.55291299999999,6009.0,215.6627818320445,1.0101010101010102,98,99,1,0,98,99,45602,0,0,0,0,0
2020-07-28,US,California,Colusa,292,2,0,39.17881957,-122.2331726,6011.0,1355.1770548104143,0.6849315068493149,290,273,2,0,271,263,21627,19,0,0,19,10
2020-07-28,US,California,Contra Costa,7304,108,0,37.91923498,-121.9289527,6013.0,633.1890221806877,1.4786418400876231,7196,7073,104,0,6969,6933,1150215,231,4,0,227,140
2020-07-28,US,California,Del Norte,88,0,0,41.74228275,-123.89740630000001,6015.0,316.41018265496916,0.0,88,87,0,0,87,87,27828,1,0,0,1,0
2020-07-28,US,California,El Dorado,555,1,0,38.77965956,-120.5233166,6017.0,287.79888302919994,0.18018018018018014,554,513,1,0,512,513,190678,42,0,0,42,0
2020-07-28,US,California,Fresno,13209,112,0,36.75733899,-119.6466953,6019.0,1322.0885576132946,0.8479067302596714,13097,12564,112,0,12452,12564,994400,645,0,0,645,0
2020-07-28,US,California,Glenn,303,1,0,39.59875897,-122.3938452,6021.0,1067.1644419399147,0.33003300330033003,302,265,1,0,264,265,28047,38,0,0,38,0
2020-07-28,US,California,Humboldt,217,4,0,40.69923009,-123.876044,6023.0,160.07908054117055,1.8433179723502304,213,205,4,0,201,205,136373,12,0,0,12,0
2020-07-28,US,California,Imperial,9189,188,0,33.0393082,-115.36690420000001,6025.0,5070.772287062329,2.04592447491566,9001,9162,181,0,8981,9067,181827,27,7,0,20,95
2020-07-28,US,California,Inyo,46,1,0,36.51112084,-117.41119779999998,6027.0,255.00304894949832,2.1739130434782608,45,40,1,0,39,40,17987,6,0,0,6,0
2020-07-28,US,California,Kern,16896,135,0,35.34329425,-118.72777959999999,6029.0,1876.912070846321,0.7990056818181818,16761,15003,123,0,14880,14651,896764,1893,12,0,1881,352
2020-07-28,US,California,Kings,3966,49,0,36.07409056,-119.8159973,6031.0,2593.1737936445666,1.2355017650025215,3917,3842,47,0,3795,3813,151366,124,2,0,122,29
2020-07-28,US,California,Lake,180,1,0,39.10124298,-122.75362439999999,6033.0,279.56388034665923,0.5555555555555556,179,175,1,0,174,168,64382,5,0,0,5,7
2020-07-28,US,California,Lassen,558,0,0,40.67311306,-120.59350990000002,6035.0,1825.1398292611127,0.0,558,555,0,0,555,555,30802,3,0,0,3,0
2020-07-28,US,California,Los Angeles,178642,4426,0,34.30828379,-118.22824109999999,6037.0,1779.4610616262976,2.4775808600441107,174216,176028,4375,0,171653,174017,10105518,2614,51,0,2563,2011
2020-07-28,US,California,Madera,1723,21,0,37.21513971,-119.76655890000002,6039.0,1095.1712039255817,1.2188044109112013,1702,1630,19,0,1611,1630,157672,93,2,0,91,0
2020-07-28,US,California,Marin,4769,59,0,38.07122463,-122.72106310000001,6041.0,1842.5505938352408,1.237156636611449,4710,4637,58,0,4579,4624,259666,132,1,0,131,13
2020-07-28,US,California,Mariposa,48,2,0,37.57978556,-119.9073334,6043.0,279.0211009707609,4.166666666666667,46,46,2,0,44,46,17471,2,0,0,2,0
2020-07-28,US,California,Mendocino,274,6,0,39.4381191,-123.39113130000001,6045.0,315.853785058041,2.18978102189781,268,265,6,0,259,257,87606,9,0,0,9,8
2020-07-28,US,California,Merced,3510,29,0,37.18922369,-120.72090349999999,6047.0,1264.0449438202247,0.8262108262108262,3481,3245,27,0,3218,3245,274765,265,2,0,263,0
2020-07-28,US,California,Mono,118,1,0,37.93899289,-118.8872409,6051.0,816.9482137911937,0.8474576271186439,117,113,1,0,112,112,14250,5,0,0,5,1
2020-07-28,US,California,Monterey,4140,24,0,36.21862405,-121.24133970000001,6053.0,953.7829936345353,0.5797101449275363,4116,4082,23,0,4059,4002,435594,58,1,0,57,80
2020-07-28,US,California,Napa,806,8,0,38.50735751,-122.33283899999999,6055.0,585.143454524335,0.9925558312655088,798,766,8,0,758,737,139417,40,0,0,40,29
2020-07-28,US,California,Nevada,273,1,0,39.30394768,-120.76272809999999,6057.0,273.6704927071325,0.3663003663003663,272,255,1,0,254,255,99696,18,0,0,18,0
2020-07-28,US,California,Orange,34833,581,0,33.70147516,-117.76459979999998,6059.0,1096.8632978261116,1.6679585450578474,34252,34646,566,0,34080,34373,3185968,187,15,0,172,273
2020-07-28,US,California,Placer,1753,15,0,39.06167234,-120.72405690000001,6061.0,440.0884695816775,0.8556759840273817,1738,1685,15,0,1670,1605,393149,68,0,0,68,80
2020-07-28,US,California,Plumas,29,0,0,40.00355989,-120.8395236,6063.0,154.19790503535918,0.0,29,29,0,0,29,28,18804,0,0,0,0,1
2020-07-28,US,California,Riverside,35187,671,0,33.74314981,-115.9933578,6065.0,1424.2600623505896,1.9069542728848723,34516,33467,637,0,32830,33467,2450758,1720,34,0,1686,0
2020-07-28,US,California,Sacramento,9418,121,0,38.45106826,-121.34253740000001,6067.0,606.8072198332793,1.284773837332767,9297,9018,114,0,8904,8903,1540975,400,7,0,393,115
2020-07-28,US,California,San Benito,553,2,0,36.60308176,-121.069975,6069.0,880.4610877595212,0.3616636528028933,551,536,2,0,534,536,61537,17,0,0,17,0
2020-07-28,US,California,San Bernardino,29962,395,0,34.84060306,-116.1774685,6071.0,1374.3500826802624,1.3183365596422134,29567,27992,383,0,27609,27992,2171603,1970,12,0,1958,0
2020-07-28,US,California,San Diego,27507,533,0,33.03484597,-116.73653259999999,6073.0,823.9748616823382,1.937688588359327,26974,27507,533,0,26974,26701,3343364,0,0,0,0,806
2020-07-28,US,California,San Francisco,6065,56,0,37.75215114,-122.43856720000001,6075.0,687.9935204963083,0.9233305853256388,6009,6022,56,0,5966,5932,883305,43,0,0,43,90
2020-07-28,US,California,San Joaquin,10923,133,0,37.93433732,-121.2730061,6077.0,1433.1862053039565,1.2176142085507644,10790,10675,118,0,10557,10126,752660,248,15,0,233,549
2020-07-28,US,California,San Luis Obispo,1644,9,0,35.38822029,-120.4039028,6079.0,580.6909657342877,0.5474452554744526,1635,1644,9,0,1635,1500,284010,0,0,0,0,144
2020-07-28,US,California,San Mateo,5198,118,0,37.422880799999994,-122.32755459999998,6081.0,678.0828440344234,2.2701038861100424,5080,5124,117,0,5007,5022,769545,74,1,0,73,102
2020-07-28,US,California,Santa Barbara,5633,32,0,34.65329488,-120.0188492,6083.0,1261.5929710928806,0.5680809515355938,5601,5576,32,0,5544,5576,446527,57,0,0,57,0
2020-07-28,US,California,Santa Clara,9215,184,0,37.23104908,-121.6970462,6085.0,477.9931239534985,1.9967444384156268,9031,9215,184,0,9031,9041,1937570,0,0,0,0,174
2020-07-28,US,California,Santa Cruz,980,4,0,37.05580291,-122.0066524,6087.0,358.6944984316266,0.4081632653061225,976,920,4,0,916,907,274255,60,0,0,60,13
2020-07-28,US,California,Shasta,323,8,0,40.76391419,-122.0396884,6089.0,179.36472678809415,2.476780185758514,315,311,8,0,303,291,180040,12,0,0,12,20
2020-07-28,US,California,Sierra,2,0,0,39.57713498,-120.52007009999998,6091.0,66.55574043261231,0.0,2,1,0,0,1,1,2987,1,0,0,1,0
2020-07-28,US,California,Siskiyou,66,0,0,41.59198861,-122.54074340000001,6093.0,151.5882312409564,0.0,66,65,0,0,65,61,43724,1,0,0,1,4
2020-07-28,US,California,Solano,3283,36,0,38.26827353,-121.9357113,6095.0,733.3969256751474,1.0965580261955528,3247,3129,35,0,3094,3129,446610,154,1,0,153,0
2020-07-28,US,California,Sonoma,2617,24,0,38.52746429,-122.88625060000001,6097.0,529.3970093215952,0.9170806266717616,2593,2599,24,0,2575,2599,499942,18,0,0,18,0
2020-07-28,US,California,Stanislaus,8228,95,0,37.55862499,-120.9970722,6099.0,1494.206951658011,1.1545940690325718,8133,7994,90,0,7904,7861,549815,234,5,0,229,133
2020-07-28,US,California,Sutter,670,6,0,39.03417539,-121.6945899,6101.0,690.9282156521022,0.8955223880597015,664,647,4,0,643,637,96807,23,2,0,21,10
2020-07-28,US,California,Tehama,214,1,0,40.12570935,-122.23701709999999,6103.0,328.8058509003749,0.4672897196261682,213,189,1,0,188,189,63916,25,0,0,25,0
2020-07-28,US,California,Trinity,3,0,0,40.64917670000001,-123.114713,6105.0,24.420024420024422,0.0,3,3,0,0,3,3,12535,0,0,0,0,0
2020-07-28,US,California,Tulare,8862,173,0,36.22026558,-118.8020203,6107.0,1900.921288302105,1.9521552696908149,8689,8534,172,0,8362,8210,465861,328,1,0,327,324
2020-07-28,US,California,Tuolumne,131,2,0,38.02644018,-119.95250929999999,6109.0,240.46404053012225,1.5267175572519085,129,131,0,0,131,126,54539,0,2,0,-2,5
2020-07-28,US,California,Ventura,6830,70,0,34.44465746,-119.09106129999999,6111.0,807.3228795067647,1.0248901903367496,6760,6392,67,0,6325,6392,850967,438,3,0,435,0
2020-07-28,US,California,Yolo,1446,39,0,38.68278902,-121.90182879999999,6113.0,655.7823129251701,2.6970954356846475,1407,1424,37,0,1387,1394,220408,22,2,0,20,30
2020-07-28,US,California,Yuba,397,3,0,39.26255932,-121.35356440000001,6115.0,504.6524635175675,0.7556675062972292,394,382,3,0,379,372,78041,15,0,0,15,10
2020-07-28,US,Colorado,Adams,5713,168,0,39.87432092,-104.3362578,8001.0,1104.1299058213717,2.9406616488709965,5545,5626,167,0,5459,5587,511868,87,1,0,86,39
2020-07-28,US,Colorado,Alamosa,221,8,0,37.57250606,-105.7885451,8003.0,1361.4242592250355,3.619909502262444,213,220,7,0,213,219,16683,1,1,0,0,1
2020-07-28,US,Colorado,Arapahoe,6691,362,0,39.64977461,-104.3353617,8005.0,1019.0529858816003,5.410252578089971,6329,6570,360,0,6210,6541,651215,121,2,0,119,29
2020-07-28,US,Colorado,Archuleta,32,0,0,37.19474156,-107.0476867,8007.0,228.0989379143204,0.0,32,28,0,0,28,27,13765,4,0,0,4,1
2020-07-28,US,Colorado,Baca,14,0,0,37.31940883,-102.5603223,8009.0,390.9522479754258,0.0,14,14,0,0,14,14,3585,0,0,0,0,0
2020-07-28,US,Colorado,Bent,5,0,0,37.95474293,-103.0720195,8011.0,89.65393580778195,0.0,5,5,0,0,5,5,5882,0,0,0,0,0
2020-07-28,US,Colorado,Boulder,1813,74,0,40.09313619,-105.3546767,8013.0,555.8008068768471,4.081632653061225,1739,1782,74,0,1708,1772,326078,31,0,0,31,10
2020-07-28,US,Colorado,Broomfield,385,32,0,39.95998787,-105.0566324,8014.0,546.3705385652452,8.311688311688311,353,383,32,0,351,382,69267,2,0,0,2,1
2020-07-28,US,Colorado,Chaffee,281,19,0,38.74745778,-106.19265729999998,8015.0,1380.4283749263116,6.761565836298933,262,278,19,0,259,277,20027,3,0,0,3,1
2020-07-28,US,Colorado,Cheyenne,8,0,0,38.82777431,-102.6032558,8017.0,436.9197160021846,0.0,8,8,0,0,8,8,1876,0,0,0,0,0
2020-07-28,US,Colorado,Clear Creek,26,1,0,39.68864463,-105.6463118,8019.0,268.0412371134021,3.8461538461538463,25,26,1,0,25,26,9605,0,0,0,0,0
2020-07-28,US,Colorado,Conejos,21,0,0,37.201606,-106.19174879999998,8021.0,255.94149908592323,0.0,21,21,0,0,21,21,8200,0,0,0,0,0
2020-07-28,US,Colorado,Costilla,22,0,0,37.27732493,-105.4276548,8023.0,565.9891947517366,0.0,22,22,0,0,22,22,3828,0,0,0,0,0
2020-07-28,US,Colorado,Crowley,72,1,0,38.32608609,-103.7844965,8025.0,1187.922785018974,1.3888888888888888,71,72,1,0,71,72,5858,0,0,0,0,0
2020-07-28,US,Colorado,Custer,10,0,0,38.10883162,-105.3683478,8027.0,197.3164956590371,0.0,10,10,0,0,10,10,4954,0,0,0,0,0
2020-07-28,US,Colorado,Delta,100,1,0,38.86246243,-107.8631342,8029.0,320.9036647198511,1.0,99,98,1,0,97,97,30953,2,0,0,2,1
2020-07-28,US,Colorado,Denver,9387,407,0,39.76018276,-104.8725695,8031.0,1290.822058522217,4.335783530414403,8980,9256,405,0,8851,9205,716492,131,2,0,129,51
2020-07-28,US,Colorado,Dolores,1,0,0,37.75208676,-108.5211585,8033.0,48.661800486618006,0.0,1,1,0,0,1,1,2074,0,0,0,0,0
2020-07-28,US,Colorado,Douglas,1558,56,0,39.33133796,-104.930001,8035.0,443.67998086309717,3.5943517329910137,1502,1529,56,0,1473,1519,342776,29,0,0,29,10
2020-07-28,US,Colorado,Eagle,983,9,0,39.62754308,-106.6933637,8037.0,1783.1552596731185,0.9155645981688708,974,972,9,0,963,964,54993,11,0,0,11,8
2020-07-28,US,Colorado,El Paso,4265,127,0,38.83240149,-104.5251411,8041.0,592.0297389100268,2.9777256740914417,4138,4150,127,0,4023,4128,713856,115,0,0,115,22
2020-07-28,US,Colorado,Elbert,81,2,0,39.28656773,-104.1358721,8039.0,303.04164016611173,2.469135802469136,79,79,2,0,77,77,26282,2,0,0,2,2
2020-07-28,US,Colorado,Fremont,94,0,0,38.47362326,-105.4399667,8043.0,196.4924015970234,0.0,94,91,0,0,91,91,48021,3,0,0,3,0
2020-07-28,US,Colorado,Garfield,639,4,0,39.59921777,-107.902708,8045.0,1063.9183496778276,0.6259780907668232,635,626,4,0,622,624,59770,13,0,0,13,2
2020-07-28,US,Colorado,Gilpin,13,0,0,39.85646523,-105.5252597,8047.0,208.23322120775268,0.0,13,13,0,0,13,13,6121,0,0,0,0,0
2020-07-28,US,Colorado,Grand,40,1,0,40.10603347,-106.1178042,8049.0,254.2265158256006,2.5,39,39,1,0,38,39,15525,1,0,0,1,0
2020-07-28,US,Colorado,Gunnison,230,6,0,38.66611652,-107.0320729,8051.0,1317.1458023135954,2.608695652173913,224,220,6,0,214,219,17246,10,0,0,10,1
2020-07-28,US,Colorado,Hinsdale,3,0,0,37.82247444,-107.3004345,8053.0,365.8536585365854,0.0,3,3,0,0,3,3,811,0,0,0,0,0
2020-07-28,US,Colorado,Huerfano,6,1,0,37.68473101,-104.9612585,8055.0,86.99434536755109,16.666666666666668,5,6,1,0,5,6,6889,0,0,0,0,0
2020-07-28,US,Colorado,Jackson,8,0,0,40.66593870000001,-106.3408905,8057.0,574.7126436781608,0.0,8,8,0,0,8,8,1399,0,0,0,0,0
2020-07-28,US,Colorado,Jefferson,3739,224,0,39.58635604,-105.2517692,8059.0,641.4688418390717,5.990906659534635,3515,3676,223,0,3453,3654,580233,63,1,0,62,22
2020-07-28,US,Colorado,Kit Carson,42,3,0,39.30497777,-102.6022199,8063.0,591.7993518388051,7.142857142857142,39,42,3,0,39,42,7163,0,0,0,0,0
2020-07-28,US,Colorado,La Plata,192,2,0,37.28632032,-107.8429014,8067.0,341.50940040198503,1.0416666666666667,190,188,2,0,186,187,56310,4,0,0,4,1
2020-07-28,US,Colorado,Lake,67,0,0,39.20278823,-106.3555697,8065.0,824.412452319429,0.0,67,61,0,0,61,61,7824,6,0,0,6,0
2020-07-28,US,Colorado,Larimer,1299,33,0,40.66671597,-105.4625784,8069.0,363.96851770388815,2.540415704387991,1266,1261,32,0,1229,1255,350518,38,1,0,37,6
2020-07-28,US,Colorado,Las Animas,14,0,0,37.3153406,-104.0376458,8071.0,96.51178822556184,0.0,14,13,0,0,13,13,14503,1,0,0,1,0
2020-07-28,US,Colorado,Lincoln,6,0,0,38.98749519,-103.5136649,8073.0,105.24469391334854,0.0,6,6,0,0,6,6,5610,0,0,0,0,0
2020-07-28,US,Colorado,Logan,647,5,0,40.7249637,-103.110817,8075.0,2887.2328082466865,0.7727975270479135,642,645,5,0,640,645,21528,2,0,0,2,0
2020-07-28,US,Colorado,Mesa,241,1,0,39.01787888,-108.469799,8077.0,156.2803968614227,0.4149377593360996,240,233,1,0,232,231,153207,8,0,0,8,2
2020-07-28,US,Colorado,Mineral,18,0,0,37.66954283,-106.9281698,8079.0,2340.702210663199,0.0,18,18,0,0,18,18,776,0,0,0,0,0
2020-07-28,US,Colorado,Moffat,23,1,0,40.61810999,-108.2070876,8081.0,173.15365504780547,4.3478260869565215,22,23,1,0,22,23,13188,0,0,0,0,0
2020-07-28,US,Colorado,Montezuma,103,4,0,37.33859579,-108.5958857,8083.0,393.3850208150327,3.8834951456310685,99,102,4,0,98,101,26158,1,0,0,1,1
2020-07-28,US,Colorado,Montrose,263,13,0,38.40214114,-108.26390220000002,8085.0,615.0895738809113,4.942965779467682,250,260,13,0,247,262,42214,3,0,0,3,-2
2020-07-28,US,Colorado,Morgan,673,46,0,40.26279810000001,-103.8093302,8087.0,2315.2607678546856,6.8350668647845465,627,673,46,0,627,672,28558,0,0,0,0,1
2020-07-28,US,Colorado,Otero,40,3,0,37.9014485,-103.7173385,8089.0,218.842324105482,7.5,37,38,3,0,35,38,18432,2,0,0,2,0
2020-07-28,US,Colorado,Ouray,12,1,0,38.14717457,-107.7675136,8091.0,242.3263327948304,8.333333333333334,11,12,1,0,11,12,4833,0,0,0,0,0
2020-07-28,US,Colorado,Park,40,1,0,39.120926,-105.7182065,8093.0,212.2578933404086,2.5,39,40,1,0,39,40,18556,0,0,0,0,0
2020-07-28,US,Colorado,Phillips,19,0,0,40.59414277,-102.3577703,8095.0,445.48651817116064,0.0,19,19,0,0,19,19,4286,0,0,0,0,0
2020-07-28,US,Colorado,Pitkin,158,2,0,39.21720112,-106.9310027,8097.0,889.2891315359936,1.2658227848101269,156,151,2,0,149,153,17950,7,0,0,7,-2
2020-07-28,US,Colorado,Prowers,46,0,0,37.95544985,-102.3926052,8099.0,377.91652974038783,0.0,46,46,0,0,46,46,12164,0,0,0,0,0
2020-07-28,US,Colorado,Pueblo,575,34,0,38.17359144,-104.5127437,8101.0,341.4002754951788,5.913043478260869,541,563,34,0,529,559,167529,12,0,0,12,4
2020-07-28,US,Colorado,Rio Blanco,6,0,0,39.97913541,-108.2179009,8103.0,94.87666034155598,0.0,6,6,0,0,6,6,6336,0,0,0,0,0
2020-07-28,US,Colorado,Rio Grande,87,2,0,37.5836865,-106.3847838,8105.0,772.1665039495872,2.2988505747126435,85,87,2,0,85,87,11250,0,0,0,0,0
2020-07-28,US,Colorado,Routt,96,6,0,40.48596505,-106.9905548,8107.0,374.4441844137608,6.25,90,95,6,0,89,94,25733,1,0,0,1,1
2020-07-28,US,Colorado,Saguache,107,2,0,38.08054629,-106.282466,8109.0,1567.9953106682299,1.8691588785046729,105,107,2,0,105,107,6843,0,0,0,0,0
2020-07-28,US,Colorado,San Juan,2,0,0,37.76248981,-107.67632890000002,8111.0,274.72527472527474,0.0,2,2,0,0,2,2,762,0,0,0,0,0
2020-07-28,US,Colorado,San Miguel,73,0,0,38.00450883,-108.4020725,8113.0,892.5296491013571,0.0,73,73,0,0,73,73,8191,0,0,0,0,0
2020-07-28,US,Colorado,Sedgwick,11,0,0,40.87595412,-102.3519227,8115.0,489.32384341637015,0.0,11,11,0,0,11,11,2303,0,0,0,0,0
2020-07-28,US,Colorado,Summit,318,4,0,39.63803232,-106.1150762,8117.0,1025.4425848892329,1.2578616352201255,314,318,4,0,314,316,31007,0,0,0,0,2
2020-07-28,US,Colorado,Teller,102,2,0,38.88133511,-105.1614893,8119.0,401.76461320308806,1.96078431372549,100,97,2,0,95,97,25083,5,0,0,5,0
2020-07-28,US,Colorado,Washington,46,0,0,39.97015535,-103.202587,8121.0,937.2453137734312,0.0,46,46,0,0,46,46,4909,0,0,0,0,0
2020-07-28,US,Colorado,Weld,3452,139,0,40.55499405,-104.3929621,8123.0,1063.8166734464949,4.02665121668598,3313,3422,139,0,3283,3408,314305,30,0,0,30,14
2020-07-28,US,Colorado,Yuma,57,0,0,40.00346839,-102.4258673,8125.0,568.9190537977843,0.0,57,57,0,0,57,57,10020,0,0,0,0,0
2020-07-28,US,Connecticut,Fairfield,17494,1403,0,41.26809896,-73.3881171,9001.0,1854.4902536964719,8.019892534583287,16091,17459,1402,0,16057,17421,943823,35,1,0,34,38
2020-07-28,US,Connecticut,Hartford,12401,1411,0,41.80283011,-72.73103891,9003.0,1390.6831740905218,11.378114668171921,10990,12390,1410,0,10980,12340,892697,11,1,0,10,50
2020-07-28,US,Connecticut,Litchfield,1570,138,0,41.7937534,-73.2451475,9005.0,870.6115907792805,8.789808917197451,1432,1568,138,0,1430,1560,181111,2,0,0,2,8
2020-07-28,US,Connecticut,Middlesex,1374,189,0,41.45949668,-72.53714864,9007.0,845.8716048166663,13.755458515283847,1185,1373,189,0,1184,1365,162682,1,0,0,1,8
2020-07-28,US,Connecticut,New Haven,12965,1099,0,41.408032500000004,-72.93620426,9009.0,1516.8053610558322,8.476667952178943,11866,12941,1097,0,11844,12884,857620,24,2,0,22,57
2020-07-28,US,Connecticut,New London,1382,103,0,41.48896435,-72.10430976,9011.0,521.104349072042,7.452966714905933,1279,1373,102,0,1271,1362,266784,9,1,0,8,11
2020-07-28,US,Connecticut,Tolland,972,65,0,41.85853803,-72.3308481,9013.0,644.9001798024162,6.6872427983539104,907,969,65,0,904,964,150921,3,0,0,3,5
2020-07-28,US,Connecticut,Unassigned,245,0,0,0.0,0.0,90009.0,0.0,0.0,245,242,0,0,242,222,,3,0,0,3,20
2020-07-28,US,Connecticut,Windham,674,15,0,41.82972709,-71.98182316,9015.0,577.1437379048142,2.225519287833828,659,668,15,0,653,658,117027,6,0,0,6,10
2020-07-28,US,Delaware,Kent,2132,95,0,39.08646628,-75.56884914,10001.0,1179.2948569026362,4.455909943714823,2037,2125,95,0,2030,2117,178550,7,0,0,7,8
2020-07-28,US,Delaware,New Castle,6588,285,0,39.57992638,-75.64054974,10003.0,1179.054072192901,4.326047358834243,6303,6560,284,0,6276,6480,559335,28,1,0,27,80
2020-07-28,US,Delaware,Sussex,5564,190,0,38.66143781,-75.39031349,10005.0,2375.493649268865,3.4148094895758447,5374,5529,190,0,5339,5506,229286,35,0,0,35,23
2020-07-28,US,Delaware,Unassigned,192,10,0,0.0,0.0,90010.0,0.0,5.208333333333333,182,192,10,0,182,187,,0,0,0,0,5
2020-07-28,US,District of Columbia,District of Columbia,11945,583,0,38.90417773,-77.01655992,11001.0,1692.5280800964651,4.880703223105902,11362,11858,582,0,11276,11780,702455,87,1,0,86,78
2020-07-28,US,Florida,Alachua,3297,20,0,29.67866525,-82.35928158,12001.0,1225.4546670978245,0.6066120715802245,3277,3186,20,0,3166,3144,269956,111,0,0,111,42
2020-07-28,US,Florida,Baker,322,4,0,30.33060121,-82.28467476,12003.0,1102.3622047244094,1.2422360248447204,318,310,4,0,306,300,28355,12,0,0,12,10
2020-07-28,US,Florida,Bay,3146,18,0,30.26548745,-85.62122584,12005.0,1800.7498354368793,0.5721551176096631,3128,3026,15,0,3011,2972,185287,120,3,0,117,54
2020-07-28,US,Florida,Bradford,240,3,0,29.95079741,-82.16611613,12007.0,851.0336512889612,1.25,237,236,3,0,233,233,27732,4,0,0,4,3
2020-07-28,US,Florida,Brevard,5155,85,0,28.29409504,-80.73091022,12009.0,856.3948021570185,1.6488845780795345,5070,5069,65,0,5004,4966,596849,86,20,0,66,103
2020-07-28,US,Florida,Broward,51657,607,0,26.15184651,-80.48725556,12011.0,2645.3083760673253,1.1750585593433611,51050,50784,607,0,50177,49350,1951260,873,0,0,873,1434
2020-07-28,US,Florida,Calhoun,265,7,0,30.40666734,-85.19394153,12013.0,1878.7663948954266,2.641509433962264,258,261,7,0,254,254,14587,4,0,0,4,7
2020-07-28,US,Florida,Charlotte,1784,84,0,26.90131002,-81.92949121,12015.0,944.3650415541792,4.708520179372197,1700,1717,84,0,1633,1683,184998,67,0,0,67,34
2020-07-28,US,Florida,Citrus,1123,20,0,28.84804315,-82.47614748,12017.0,750.3825414113606,1.7809439002671417,1103,1102,20,0,1082,1083,147929,21,0,0,21,19
2020-07-28,US,Florida,Clay,2615,47,0,29.98319144,-81.85609986,12019.0,1192.6915147866382,1.797323135755258,2568,2577,47,0,2530,2538,216072,38,0,0,38,39
2020-07-28,US,Florida,Collier,9069,120,0,26.11091986,-81.34687065,12021.0,2356.184171555357,1.3231888852133642,8949,8870,118,0,8752,8795,378488,199,2,0,197,75
2020-07-28,US,Florida,Columbia,2285,10,0,30.22509788,-82.62160164,12023.0,3187.512206009541,0.43763676148796504,2275,2203,10,0,2193,2122,70503,82,0,0,82,81
2020-07-28,US,Florida,DeSoto,1227,14,0,27.18677893,-81.80941373,12027.0,3228.8623983579378,1.1409942950285248,1213,1205,14,0,1191,1172,37489,22,0,0,22,33
2020-07-28,US,Florida,Dixie,238,4,0,29.60631086,-83.15724673,12029.0,1414.477594199453,1.680672268907563,234,231,4,0,227,230,16700,7,0,0,7,1
2020-07-28,US,Florida,Duval,20138,146,0,30.33225875,-81.66976468,12031.0,2102.625410465098,0.7249975171317906,19992,20001,143,0,19858,19753,950181,137,3,0,134,248
2020-07-28,US,Florida,Escambia,7250,85,0,30.67652764,-87.37284571,12033.0,2277.6109275060003,1.1724137931034482,7165,7158,82,0,7076,7018,315534,92,3,0,89,140
2020-07-28,US,Florida,Flagler,838,10,0,29.45933576,-81.31508595,12035.0,728.1827582311589,1.1933174224343674,828,813,8,0,805,801,112067,25,2,0,23,12
2020-07-28,US,Florida,Franklin,95,1,0,29.83791238,-84.82731662,12037.0,783.5051546391753,1.0526315789473684,94,87,1,0,86,88,11736,8,0,0,8,-1
2020-07-28,US,Florida,Gadsden,1224,13,0,30.57796289,-84.61915825,12039.0,2680.6833114323263,1.062091503267974,1211,1197,13,0,1184,1188,45894,27,0,0,27,9
2020-07-28,US,Florida,Gilchrist,324,1,0,29.72856978,-82.79880657,12041.0,1743.6228608330646,0.308641975308642,323,315,1,0,314,308,18256,9,0,0,9,7
2020-07-28,US,Florida,Glades,389,3,0,26.95635849,-81.18996211,12043.0,2816.595467381073,0.7712082262210797,386,383,3,0,380,385,13724,6,0,0,6,-2
2020-07-28,US,Florida,Gulf,265,0,0,29.93543004,-85.24270990000002,12045.0,1942.9576948456631,0.0,265,249,0,0,249,241,16164,16,0,0,16,8
2020-07-28,US,Florida,Hamilton,565,3,0,30.49673973,-82.94998918,12047.0,3915.9966731355694,0.5309734513274337,562,560,2,0,558,557,14310,5,1,0,4,3
2020-07-28,US,Florida,Hardee,805,6,0,27.49293939,-81.80956574,12049.0,2988.454542079668,0.7453416149068323,799,789,5,0,784,781,27245,16,1,0,15,8
2020-07-28,US,Florida,Hendry,1589,34,0,26.55386945,-81.16469006,12051.0,3781.352624815573,2.1397105097545626,1555,1573,34,0,1539,1512,41556,16,0,0,16,61
2020-07-28,US,Florida,Hernando,1521,23,0,28.55364461,-82.42700204,12053.0,784.3440594059406,1.5121630506245891,1498,1490,22,0,1468,1454,190865,31,1,0,30,36
2020-07-28,US,Florida,Highlands,1103,24,0,27.34254618,-81.34071957,12055.0,1038.4010694683723,2.1758839528558482,1079,1068,22,0,1046,1039,105424,35,2,0,33,29
2020-07-28,US,Florida,Hillsborough,27823,310,0,27.9276559,-82.32013172,12057.0,1890.190547620601,1.1141861050210258,27513,27483,298,0,27185,27077,1436888,340,12,0,328,406
2020-07-28,US,Florida,Holmes,399,1,0,30.86747479,-85.81319222,12059.0,2033.9501452821528,0.2506265664160401,398,384,1,0,383,375,19477,15,0,0,15,9
2020-07-28,US,Florida,Indian River,2073,38,0,27.69308961,-80.60556721,12061.0,1296.248819744502,1.8330921369995177,2035,2031,35,0,1996,1974,157413,42,3,0,39,57
2020-07-28,US,Florida,Jackson,1297,26,0,30.795459700000002,-85.21500423,12063.0,2794.4154780885083,2.004626060138782,1271,1270,19,0,1251,1266,48305,27,7,0,20,4
2020-07-28,US,Florida,Jefferson,184,5,0,30.43669112,-83.89442308,12065.0,1291.5906219289625,2.717391304347826,179,177,5,0,172,174,14288,7,0,0,7,3
2020-07-28,US,Florida,Lafayette,92,0,0,29.98484137,-83.18166636,12067.0,1092.3771075753978,0.0,92,83,0,0,83,83,8732,9,0,0,9,0
2020-07-28,US,Florida,Lake,4259,49,0,28.76202069,-81.7125123,12069.0,1160.117455423052,1.1505048133364641,4210,4169,48,0,4121,4090,356495,90,1,0,89,79
2020-07-28,US,Florida,Lee,14716,272,0,26.58410348,-81.88399313,12071.0,1909.7377679323413,1.8483283500951344,14444,14540,259,0,14281,14415,754610,176,13,0,163,125
2020-07-28,US,Florida,Leon,3949,14,0,30.45955727,-84.27491114,12073.0,1345.1097138107925,0.3545201316789061,3935,3868,14,0,3854,3760,292502,81,0,0,81,108
2020-07-28,US,Florida,Levy,493,2,0,29.31829741,-82.74007147,12075.0,1187.8659374021154,0.4056795131845842,491,474,2,0,472,462,40770,19,0,0,19,12
2020-07-28,US,Florida,Liberty,340,2,0,30.23766008,-84.8829258,12077.0,4069.9066315537457,0.5882352941176471,338,339,2,0,337,335,8457,1,0,0,1,4
2020-07-28,US,Florida,Madison,560,6,0,30.44396917,-83.47398594,12079.0,3028.172822148921,1.0714285714285714,554,553,6,0,547,526,18529,7,0,0,7,27
2020-07-28,US,Florida,Manatee,8090,158,0,27.47196942,-82.31831044,12081.0,2006.1847029036358,1.953028430160692,7932,7982,156,0,7826,7859,394855,108,2,0,106,123
2020-07-28,US,Florida,Marion,3928,51,0,29.21227113,-82.05803627,12083.0,1074.4599662453259,1.2983706720977597,3877,3581,50,0,3531,3426,359977,347,1,0,346,155
2020-07-28,US,Florida,Martin,3485,68,0,27.0772071,-80.43109784,12085.0,2164.596273291925,1.951219512195122,3417,3451,65,0,3386,3420,160912,34,3,0,31,31
2020-07-28,US,Florida,Miami-Dade,110352,1425,0,25.6112362,-80.55170587,12086.0,4061.628155204016,1.2913223140495869,108927,107315,1404,0,105911,104755,2761581,3037,21,0,3016,2560
2020-07-28,US,Florida,Monroe,1175,6,0,25.20904673,-81.07812416,12087.0,1582.9606078568734,0.5106382978723404,1169,1145,6,0,1139,1126,75027,30,0,0,30,19
2020-07-28,US,Florida,Nassau,986,8,0,30.61037141,-81.80297522,12089.0,1112.5528913963326,0.8113590263691683,978,967,8,0,959,941,85832,19,0,0,19,26
2020-07-28,US,Florida,Okaloosa,2482,20,0,30.69143028,-86.59267105,12091.0,1177.7657565318073,0.8058017727639001,2462,2411,20,0,2391,2368,207269,71,0,0,71,43
2020-07-28,US,Florida,Okeechobee,853,2,0,27.386336199999995,-80.88944347,12093.0,2022.860937203567,0.2344665885111372,851,837,2,0,835,812,41537,16,0,0,16,25
2020-07-28,US,Florida,Orange,27820,179,0,28.51367621,-81.31799498,12095.0,1996.4806825064647,0.6434219985621855,27641,27393,174,0,27219,26980,1380645,427,5,0,422,413
2020-07-28,US,Florida,Osceola,7973,55,0,28.06312234,-81.14882926,12097.0,2121.883907161924,0.6898281700739998,7918,7728,53,0,7675,7614,367990,245,2,0,243,114
2020-07-28,US,Florida,Palm Beach,31598,779,0,26.64676272,-80.46536002,12099.0,2111.079190523594,2.465345907968859,30819,30958,758,0,30200,30325,1485941,640,21,0,619,633
2020-07-28,US,Florida,Pasco,5992,68,0,28.30810945,-82.40227529,12101.0,1081.691930816486,1.1348464619492658,5924,5911,68,0,5843,5803,539630,81,0,0,81,108
2020-07-28,US,Florida,Pinellas,15541,395,0,27.93130349,-82.72239666,12103.0,1593.9552572523373,2.541663985586513,15146,15339,378,0,14961,15147,975280,202,17,0,185,192
2020-07-28,US,Florida,Polk,11893,236,0,27.95027105,-81.69732947,12105.0,1640.9185170059204,1.9843605482216429,11657,11717,220,0,11497,11423,708009,176,16,0,160,294
2020-07-28,US,Florida,Putnam,1191,15,0,29.60779729,-81.74230285,12107.0,1598.2072167576925,1.2594458438287153,1176,1176,13,0,1163,1169,74163,15,2,0,13,7
2020-07-28,US,Florida,Santa Rosa,2945,22,0,30.69341450000001,-87.02458128,12113.0,1597.8254382490657,0.7470288624787776,2923,2789,19,0,2770,2507,179349,156,3,0,153,282
2020-07-28,US,Florida,Sarasota,5274,115,0,27.18546175,-82.33174248,12115.0,1215.9302073582912,2.180508153204399,5159,5168,115,0,5053,5103,426718,106,0,0,106,65
2020-07-28,US,Florida,Seminole,6231,71,0,28.7158582,-81.24060348,12117.0,1320.6139551444812,1.1394639704702294,6160,6116,68,0,6048,6034,467832,115,3,0,112,82
2020-07-28,US,Florida,St. Johns,3057,22,0,29.90096506,-81.43589967,12109.0,1155.0145085237575,0.7196597971867844,3035,2993,21,0,2972,2929,254261,64,1,0,63,64
2020-07-28,US,Florida,St. Lucie,4714,109,0,27.37763908,-80.47106649,12111.0,1435.8949365970448,2.3122613491726773,4605,4546,103,0,4443,4401,321128,168,6,0,162,145
2020-07-28,US,Florida,Sumter,1028,27,0,28.70181754,-82.0794267,12119.0,776.3177767708804,2.626459143968872,1001,1003,27,0,976,992,128754,25,0,0,25,11
2020-07-28,US,Florida,Suwannee,1038,32,0,30.19746066,-82.99099670000003,12121.0,2336.943062340996,3.0828516377649327,1006,1024,27,0,997,1013,44191,14,5,0,9,11
2020-07-28,US,Florida,Taylor,291,3,0,30.04848048,-83.60445406,12123.0,1349.158514534749,1.0309278350515465,288,272,3,0,269,266,21623,19,0,0,19,6
2020-07-28,US,Florida,Unassigned,517,0,0,0.0,0.0,90012.0,0.0,0.0,517,501,0,0,501,489,,16,0,0,16,12
2020-07-28,US,Florida,Union,247,4,0,30.04412971,-82.37497443,12125.0,1621.0540132572028,1.6194331983805668,243,234,4,0,230,212,14940,13,0,0,13,22
2020-07-28,US,Florida,Volusia,6473,103,0,29.05858895,-81.18263252,12127.0,1169.9235835484128,1.5912250888305268,6370,6341,100,0,6241,6240,547538,132,3,0,129,101
2020-07-28,US,Florida,Wakulla,535,2,0,30.16548905,-84.39895211,12129.0,1585.7020065799225,0.37383177570093457,533,515,1,0,514,507,32461,20,1,0,19,8
2020-07-28,US,Florida,Walton,1094,12,0,30.64204028,-86.16935664,12131.0,1476.9612938936966,1.0968921389396709,1082,1066,12,0,1054,1057,71375,28,0,0,28,9
2020-07-28,US,Florida,Washington,460,13,0,30.61359259,-85.66002461,12133.0,1805.8336277627288,2.8260869565217392,447,437,13,0,424,433,24880,23,0,0,23,4
2020-07-28,US,Georgia,Appling,518,16,0,31.74847232,-82.28909114,13001.0,2817.361035570543,3.088803088803089,502,518,16,0,502,491,18507,0,0,0,0,27
2020-07-28,US,Georgia,Atkinson,268,2,0,31.29633502,-82.87545866,13003.0,3282.3025107164726,0.746268656716418,266,268,2,0,266,267,8297,0,0,0,0,1
2020-07-28,US,Georgia,Bacon,389,5,0,31.55456473,-82.45936528,13005.0,3484.414188462917,1.2853470437017995,384,389,5,0,384,382,11185,0,0,0,0,7
2020-07-28,US,Georgia,Baker,52,3,0,31.32669878,-84.44218806,13007.0,1711.6524028966423,5.769230769230768,49,52,3,0,49,52,3092,0,0,0,0,0
2020-07-28,US,Georgia,Baldwin,854,37,0,33.06882326,-83.24701748,13009.0,1902.4281577188683,4.332552693208431,817,854,37,0,817,840,44823,0,0,0,0,14
2020-07-28,US,Georgia,Banks,209,3,0,34.35607081,-83.49644388,13011.0,1086.6174482686909,1.4354066985645932,206,209,3,0,206,205,18988,0,0,0,0,4
2020-07-28,US,Georgia,Barrow,940,32,0,33.99148694,-83.71436292,13013.0,1129.2647765497356,3.404255319148936,908,940,32,0,908,918,80809,0,0,0,0,22
2020-07-28,US,Georgia,Bartow,1367,55,0,34.23732119,-84.83887523,13015.0,1268.818801165791,4.023408924652524,1312,1367,55,0,1312,1354,106408,0,0,0,0,13
2020-07-28,US,Georgia,Ben Hill,303,1,0,31.76095874,-83.22145359,13017.0,1814.3712574850301,0.33003300330033003,302,303,1,0,302,302,16787,0,0,0,0,1
2020-07-28,US,Georgia,Berrien,229,0,0,31.27590016,-83.22529920000002,13019.0,1180.5949373614474,0.0,229,229,0,0,229,228,19252,0,0,0,0,1
2020-07-28,US,Georgia,Bibb,2731,53,0,32.80904227,-83.70489165,13021.0,1783.1142799313131,1.9406810692054195,2678,2731,53,0,2678,2689,153095,0,0,0,0,42
2020-07-28,US,Georgia,Bleckley,116,3,0,32.43829035,-83.33035166,13023.0,901.1108521712108,2.586206896551724,113,116,3,0,113,116,12838,0,0,0,0,0
2020-07-28,US,Georgia,Brantley,205,4,0,31.19576557,-81.97743999,13025.0,1072.7929247998322,1.951219512195122,201,205,4,0,201,200,18897,0,0,0,0,5
2020-07-28,US,Georgia,Brooks,328,13,0,30.83922642,-83.58303423,13027.0,2122.0159151193634,3.963414634146341,315,328,13,0,315,317,15513,0,0,0,0,11
2020-07-28,US,Georgia,Bryan,475,6,0,32.00979311,-81.44002948,13029.0,1198.6776692659046,1.263157894736842,469,475,6,0,469,467,38109,0,0,0,0,8
2020-07-28,US,Georgia,Bulloch,941,10,0,32.39577406,-81.74811421,13031.0,1182.04200582856,1.0626992561105206,931,941,10,0,931,925,77296,0,0,0,0,16
2020-07-28,US,Georgia,Burke,339,7,0,33.05917989,-81.99928721,13033.0,1514.5422865567618,2.0648967551622417,332,339,7,0,332,329,22423,0,0,0,0,10
2020-07-28,US,Georgia,Butts,411,36,0,33.283094500000004,-83.95435040000002,13035.0,1648.2194417709336,8.75912408759124,375,411,36,0,375,405,24193,0,0,0,0,6
2020-07-28,US,Georgia,Calhoun,182,6,0,31.53169785,-84.62725131,13037.0,2940.7012441428333,3.2967032967032965,176,182,6,0,176,181,6352,0,0,0,0,1
2020-07-28,US,Georgia,Camden,508,4,0,30.92951916,-81.66601818,13039.0,929.2796253612848,0.7874015748031497,504,508,4,0,504,496,53677,0,0,0,0,12
2020-07-28,US,Georgia,Candler,181,1,0,32.40209349,-82.07702563,13043.0,1675.460520225863,0.5524861878453039,180,181,1,0,180,177,10836,0,0,0,0,4
2020-07-28,US,Georgia,Carroll,1587,42,0,33.58138199,-85.07976677,13045.0,1322.5881725448364,2.6465028355387523,1545,1587,42,0,1545,1542,118121,0,0,0,0,45
2020-07-28,US,Georgia,Catoosa,457,8,0,34.89872298,-85.13757014,13047.0,676.2355726546316,1.7505470459518602,449,457,8,0,449,452,67420,0,0,0,0,5
2020-07-28,US,Georgia,Charlton,279,3,0,30.78371028,-82.13951596,13049.0,2083.333333333333,1.075268817204301,276,279,3,0,276,258,12968,0,0,0,0,21
2020-07-28,US,Georgia,Chatham,4382,48,0,32.00043026,-81.12489526,13051.0,1514.0102960992294,1.0953902327704244,4334,4382,48,0,4334,4261,289195,0,0,0,0,121
2020-07-28,US,Georgia,Chattahoochee,509,1,0,32.34341231,-84.78809239,13053.0,4666.727789492986,0.19646365422396853,508,509,1,0,508,509,10684,0,0,0,0,0
2020-07-28,US,Georgia,Chattooga,145,2,0,34.47197698,-85.34535662,13055.0,584.9368671588203,1.3793103448275863,143,145,2,0,143,144,24790,0,0,0,0,1
2020-07-28,US,Georgia,Cherokee,2481,52,0,34.24393976,-84.47431861,13057.0,958.755357011744,2.095929060862556,2429,2481,52,0,2429,2453,254149,0,0,0,0,28
2020-07-28,US,Georgia,Clarke,1475,15,0,33.95436462,-83.37124007,13059.0,1149.3715470151405,1.0169491525423728,1460,1475,15,0,1460,1449,127330,0,0,0,0,26
2020-07-28,US,Georgia,Clay,69,2,0,31.62221166,-84.97713865,13061.0,2434.721242060692,2.898550724637681,67,69,2,0,67,69,2887,0,0,0,0,0
2020-07-28,US,Georgia,Clayton,4063,92,0,33.54187245,-84.35594188,13063.0,1390.2195335596189,2.2643366970219048,3971,4063,92,0,3971,4002,289615,0,0,0,0,61
2020-07-28,US,Georgia,Clinch,160,4,0,30.91395822,-82.70432472,13065.0,2417.648836506497,2.5,156,160,4,0,156,159,6648,0,0,0,0,1
2020-07-28,US,Georgia,Cobb,10240,288,0,33.94243204,-84.5761255,13067.0,1347.1184951213002,2.8125,9952,10240,288,0,9952,10120,756865,0,0,0,0,120
2020-07-28,US,Georgia,Coffee,1208,22,0,31.54892966,-82.85492059999999,13069.0,2791.5790446698866,1.8211920529801324,1186,1208,22,0,1186,1198,43093,0,0,0,0,10
2020-07-28,US,Georgia,Colquitt,1426,21,0,31.18810588,-83.7677946,13071.0,3127.1929824561407,1.472650771388499,1405,1426,21,0,1405,1419,45592,0,0,0,0,7
2020-07-28,US,Georgia,Columbia,1548,18,0,33.54534185,-82.263524,13073.0,987.7866687086032,1.162790697674419,1530,1548,18,0,1530,1495,154291,0,0,0,0,53
2020-07-28,US,Georgia,Cook,344,5,0,31.16068491,-83.42947229,13075.0,1991.8934568616096,1.4534883720930232,339,344,5,0,339,339,17162,0,0,0,0,5
2020-07-28,US,Georgia,Coweta,1207,17,0,33.35334302,-84.76129976,13077.0,812.74535550034,1.4084507042253518,1190,1207,17,0,1190,1184,145864,0,0,0,0,23
2020-07-28,US,Georgia,Crawford,81,0,0,32.71391813,-83.98061238,13079.0,653.0151564011609,0.0,81,81,0,0,81,81,12318,0,0,0,0,0
2020-07-28,US,Georgia,Crisp,348,14,0,31.92289565,-83.76811843,13081.0,1555.5158233506168,4.022988505747127,334,348,14,0,334,348,22601,0,0,0,0,0
2020-07-28,US,Georgia,Dade,97,1,0,34.854916700000004,-85.50490424,13083.0,601.8863241499131,1.0309278350515465,96,97,1,0,96,95,16226,0,0,0,0,2
2020-07-28,US,Georgia,Dawson,241,3,0,34.44244079,-84.16964071,13085.0,923.0887084418567,1.2448132780082988,238,241,3,0,238,237,25083,0,0,0,0,4
2020-07-28,US,Georgia,DeKalb,11281,207,0,33.76944049,-84.22396017,13089.0,1485.716392926615,1.834943710663948,11074,11281,207,0,11074,11159,756558,0,0,0,0,122
2020-07-28,US,Georgia,Decatur,515,8,0,30.87967778,-84.57619536,13087.0,1950.4620512043632,1.5533980582524272,507,515,8,0,507,505,26575,0,0,0,0,10
2020-07-28,US,Georgia,Dodge,203,2,0,32.17265114,-83.16948926,13091.0,985.1977675321524,0.9852216748768472,201,203,2,0,201,201,20705,0,0,0,0,2
2020-07-28,US,Georgia,Dooly,231,14,0,32.15630737,-83.79746561,13093.0,1725.1680358476474,6.0606060606060606,217,231,14,0,217,231,13706,0,0,0,0,0
2020-07-28,US,Georgia,Dougherty,2476,162,0,31.53328528,-84.21722377,13095.0,2815.0438855791526,6.542810985460419,2314,2476,162,0,2314,2459,91243,0,0,0,0,17
2020-07-28,US,Georgia,Douglas,2078,46,0,33.70291126,-84.77026156,13097.0,1419.9517571732165,2.213666987487969,2032,2078,46,0,2032,2057,145331,0,0,0,0,21
2020-07-28,US,Georgia,Early,326,31,0,31.32155345,-84.90255207,13099.0,3199.2149165848878,9.509202453987731,295,326,31,0,295,326,10247,0,0,0,0,0
2020-07-28,US,Georgia,Echols,217,0,0,30.71101099,-82.89687287,13101.0,5416.874687968048,0.0,217,217,0,0,217,217,4000,0,0,0,0,0
2020-07-28,US,Georgia,Effingham,542,1,0,32.36616021,-81.34280942,13103.0,842.9762349135249,0.18450184501845016,541,542,1,0,541,533,62190,0,0,0,0,9
2020-07-28,US,Georgia,Elbert,286,1,0,34.11302332,-82.83936148,13105.0,1490.0489736375946,0.34965034965034963,285,286,1,0,285,282,19120,0,0,0,0,4
2020-07-28,US,Georgia,Emanuel,330,5,0,32.59221302,-82.30239915,13107.0,1457.21098648768,1.5151515151515151,325,330,5,0,325,326,22612,0,0,0,0,4
2020-07-28,US,Georgia,Evans,176,1,0,32.15328841,-81.8870105,13109.0,1651.9617045241225,0.5681818181818182,175,176,1,0,175,165,10721,0,0,0,0,11
2020-07-28,US,Georgia,Fannin,238,2,0,34.86430205,-84.316964,13111.0,908.813196884069,0.8403361344537815,236,238,2,0,236,235,25964,0,0,0,0,3
2020-07-28,US,Georgia,Fayette,825,23,0,33.41357794,-84.49089434,13113.0,721.0214908102533,2.787878787878788,802,825,23,0,802,805,113459,0,0,0,0,20
2020-07-28,US,Georgia,Floyd,1069,15,0,34.26268279,-85.21577392,13115.0,1085.3012243903434,1.4031805425631432,1054,1069,15,0,1054,1047,97927,0,0,0,0,22
2020-07-28,US,Georgia,Forsyth,1641,16,0,34.22604035,-84.12315129999998,13117.0,671.8471087237772,0.9750152346130408,1625,1641,16,0,1625,1617,236612,0,0,0,0,24
2020-07-28,US,Georgia,Franklin,327,3,0,34.37525597,-83.23159927,13119.0,1400.4882436078628,0.9174311926605504,324,327,3,0,324,322,23023,0,0,0,0,5
2020-07-28,US,Georgia,Fulton,16073,371,0,33.79216944,-84.46319413,13121.0,1510.7097506713276,2.3082187519442545,15702,16073,371,0,15702,15843,1050114,0,0,0,0,230
2020-07-28,US,Georgia,Gilmer,437,3,0,34.69316688,-84.45802506,13123.0,1393.0950938824951,0.6864988558352403,434,437,3,0,434,426,30816,0,0,0,0,11
2020-07-28,US,Georgia,Glascock,19,0,0,33.22879932,-82.61297636,13125.0,639.5153147088522,0.0,19,19,0,0,19,19,2995,0,0,0,0,0
2020-07-28,US,Georgia,Glynn,2127,22,0,31.23279254,-81.53811412,13127.0,2493.7860526192376,1.0343206393982134,2105,2127,22,0,2105,2097,85219,0,0,0,0,30
2020-07-28,US,Georgia,Gordon,834,21,0,34.50487351,-84.87296253,13129.0,1438.8489208633093,2.5179856115107917,813,834,21,0,813,827,57685,0,0,0,0,7
2020-07-28,US,Georgia,Grady,358,4,0,30.87454847,-84.23418364,13131.0,1453.3349571712745,1.11731843575419,354,358,4,0,354,357,24748,0,0,0,0,1
2020-07-28,US,Georgia,Greene,215,11,0,33.5769205,-83.17139104,13133.0,1173.3246016153678,5.116279069767441,204,215,11,0,204,203,17698,0,0,0,0,12
2020-07-28,US,Georgia,Gwinnett,15534,216,0,33.96044201,-84.02137802,13135.0,1659.1722296395194,1.3904982618771726,15318,15534,216,0,15318,15315,927781,0,0,0,0,219
2020-07-28,US,Georgia,Habersham,943,48,0,34.63331566,-83.53094677,13137.0,2080.3918108012713,5.090137857900318,895,943,48,0,895,937,45388,0,0,0,0,6
2020-07-28,US,Georgia,Hall,4924,71,0,34.32207823,-83.81896936,13139.0,2408.518839176095,1.4419171405361495,4853,4924,71,0,4853,4860,202148,0,0,0,0,64
2020-07-28,US,Georgia,Hancock,264,34,0,33.2721566,-82.99766919,13141.0,3121.674352607308,12.87878787878788,230,264,34,0,230,259,8348,0,0,0,0,5
2020-07-28,US,Georgia,Haralson,176,6,0,33.79602175,-85.21005667,13143.0,590.7626208378088,3.4090909090909087,170,176,6,0,170,169,29533,0,0,0,0,7
2020-07-28,US,Georgia,Harris,567,14,0,32.73709786,-84.90538572,13145.0,1609.1497332273816,2.469135802469136,553,567,14,0,553,556,34475,0,0,0,0,11
2020-07-28,US,Georgia,Hart,207,0,0,34.34626973,-82.96567682,13147.0,789.9255867200916,0.0,207,207,0,0,207,200,26099,0,0,0,0,7
2020-07-28,US,Georgia,Heard,120,3,0,33.29686567,-85.12886832,13149.0,1006.4581061813302,2.5,117,120,3,0,117,119,11879,0,0,0,0,1
2020-07-28,US,Georgia,Henry,2630,38,0,33.4533428,-84.14814659999998,13151.0,1121.243514480242,1.4448669201520912,2592,2630,38,0,2592,2591,230220,0,0,0,0,39
2020-07-28,US,Georgia,Houston,1497,41,0,32.45802497,-83.66879087,13153.0,948.2906064118887,2.7388109552438205,1456,1497,41,0,1456,1476,155469,0,0,0,0,21
2020-07-28,US,Georgia,Irwin,130,1,0,31.60213036,-83.27501387,13155.0,1380.6287170773153,0.7692307692307693,129,130,1,0,129,126,9398,0,0,0,0,4
2020-07-28,US,Georgia,Jackson,793,13,0,34.13794553,-83.56814788,13157.0,1086.6437370678434,1.639344262295082,780,793,13,0,780,779,70422,0,0,0,0,14
2020-07-28,US,Georgia,Jasper,112,1,0,33.31535543,-83.68844964,13159.0,787.6784584007312,0.8928571428571429,111,112,1,0,111,109,14040,0,0,0,0,3
2020-07-28,US,Georgia,Jeff Davis,319,5,0,31.80405727,-82.63724870000001,13161.0,2110.4862719153157,1.567398119122257,314,319,5,0,314,296,15029,0,0,0,0,23
2020-07-28,US,Georgia,Jefferson,382,5,0,33.05867328,-82.41609057,13163.0,2486.655383413618,1.3089005235602094,377,382,5,0,377,372,15430,0,0,0,0,10
2020-07-28,US,Georgia,Jenkins,211,19,0,32.79248718,-81.96040187,13165.0,2431.9963116643617,9.00473933649289,192,211,19,0,192,210,8683,0,0,0,0,1
2020-07-28,US,Georgia,Johnson,209,5,0,32.70211082,-82.66166794,13167.0,2167.375298143731,2.392344497607656,204,209,5,0,204,208,9708,0,0,0,0,1
2020-07-28,US,Georgia,Jones,225,1,0,33.02512137,-83.56019163,13169.0,783.0172263789804,0.4444444444444444,224,225,1,0,224,222,28616,0,0,0,0,3
2020-07-28,US,Georgia,Lamar,200,8,0,33.07841647,-84.14263877,13171.0,1048.3828694239135,4.0,192,200,8,0,192,196,19000,0,0,0,0,4
2020-07-28,US,Georgia,Lanier,202,4,0,31.03828570000001,-83.06472457,13173.0,1938.0216828168475,1.98019801980198,198,202,4,0,198,201,10340,0,0,0,0,1
2020-07-28,US,Georgia,Laurens,605,2,0,32.46325233,-82.92221316,13175.0,1272.4519412779202,0.3305785123966942,603,605,2,0,603,596,47325,0,0,0,0,9
2020-07-28,US,Georgia,Lee,483,22,0,31.779330600000005,-84.14324253,13177.0,1610.4294478527606,4.554865424430641,461,483,22,0,461,480,29764,0,0,0,0,3
2020-07-28,US,Georgia,Liberty,485,2,0,31.82588896,-81.49251135,13179.0,789.4522666232604,0.4123711340206185,483,485,2,0,483,476,61497,0,0,0,0,9
2020-07-28,US,Georgia,Lincoln,105,3,0,33.79201475,-82.45024131,13181.0,1325.5902032571644,2.8571428571428568,102,105,3,0,102,103,7915,0,0,0,0,2
2020-07-28,US,Georgia,Long,95,1,0,31.75218791,-81.74952375,13183.0,485.70990336929293,1.0526315789473684,94,95,1,0,94,95,18998,0,0,0,0,0
2020-07-28,US,Georgia,Lowndes,2668,25,0,30.83568832,-83.27056716,13185.0,2272.4562628826466,0.9370314842578712,2643,2668,25,0,2643,2645,116321,0,0,0,0,23
2020-07-28,US,Georgia,Lumpkin,242,5,0,34.57286511,-84.00425681,13187.0,720.02380243975,2.066115702479338,237,242,5,0,237,240,32955,0,0,0,0,2
2020-07-28,US,Georgia,Macon,161,10,0,32.35207048,-84.04234127,13193.0,1243.5313199969105,6.211180124223603,151,161,10,0,151,160,13143,0,0,0,0,1
2020-07-28,US,Georgia,Madison,277,4,0,34.12920917,-83.21218732,13195.0,927.0414993306559,1.444043321299639,273,277,4,0,273,275,29650,0,0,0,0,2
2020-07-28,US,Georgia,Marion,126,4,0,32.3483402,-84.52733571,13197.0,1507.3573393946647,3.1746031746031744,122,126,4,0,122,125,8351,0,0,0,0,1
2020-07-28,US,Georgia,McDuffie,239,9,0,33.47851918,-82.48252774,13189.0,1121.433933933934,3.7656903765690375,230,239,9,0,230,234,21531,0,0,0,0,5
2020-07-28,US,Georgia,McIntosh,127,2,0,31.49683595,-81.40163426,13191.0,883.2939212686048,1.5748031496062993,125,127,2,0,125,124,14340,0,0,0,0,3
2020-07-28,US,Georgia,Meriwether,323,5,0,33.04163534,-84.68859732,13199.0,1525.9602210988805,1.547987616099071,318,323,5,0,318,321,21068,0,0,0,0,2
2020-07-28,US,Georgia,Miller,111,0,0,31.16568912,-84.73151117,13201.0,1941.238195173137,0.0,111,111,0,0,111,108,5686,0,0,0,0,3
2020-07-28,US,Georgia,Mitchell,555,41,0,31.22483255,-84.19381821,13205.0,2538.5354251475096,7.387387387387387,514,555,41,0,514,556,22192,0,0,0,0,-1
2020-07-28,US,Georgia,Monroe,376,22,0,33.014289,-83.92097166,13207.0,1363.405613169918,5.851063829787233,354,376,22,0,354,367,27520,0,0,0,0,9
2020-07-28,US,Georgia,Montgomery,108,0,0,32.17201038,-82.53527476,13209.0,1177.4967291757525,0.0,108,108,0,0,108,105,9193,0,0,0,0,3
2020-07-28,US,Georgia,Morgan,157,0,0,33.59232073,-83.49129491,13211.0,814.4843328491388,0.0,157,157,0,0,157,155,18853,0,0,0,0,2
2020-07-28,US,Georgia,Murray,470,2,0,34.78897608,-84.74993177,13213.0,1172.1867517956905,0.425531914893617,468,470,2,0,468,465,39921,0,0,0,0,5
2020-07-28,US,Georgia,Muscogee,3893,75,0,32.50931999,-84.87142262,13215.0,1988.5681594123687,1.9265348060621628,3818,3893,75,0,3818,3840,194160,0,0,0,0,53
2020-07-28,US,Georgia,Newton,1386,24,0,33.55514538,-83.84547140000002,13217.0,1240.3350515463915,1.7316017316017316,1362,1386,24,0,1362,1368,109541,0,0,0,0,18
2020-07-28,US,Georgia,Oconee,346,15,0,33.83749973,-83.43679568,13219.0,858.987090367428,4.335260115606936,331,346,15,0,331,340,39272,0,0,0,0,6
2020-07-28,US,Georgia,Oglethorpe,164,7,0,33.878629600000004,-83.08278123,13221.0,1074.7755423029032,4.2682926829268295,157,164,7,0,157,162,15054,0,0,0,0,2
2020-07-28,US,Georgia,Out of GA,14936,74,0,0.0,0.0,80013.0,0.0,0.4954472415640064,14862,14936,74,0,14862,14477,,0,0,0,0,459
2020-07-28,US,Georgia,Paulding,1231,18,0,33.91969522,-84.86848792,13223.0,729.8404548607613,1.4622258326563768,1213,1231,18,0,1213,1222,164044,0,0,0,0,9
2020-07-28,US,Georgia,Peach,256,10,0,32.56934316,-83.82937,13225.0,929.3545342336456,3.90625,246,256,10,0,246,250,27297,0,0,0,0,6
2020-07-28,US,Georgia,Pickens,232,5,0,34.46589159,-84.46406611,13227.0,711.8529655426345,2.155172413793104,227,232,5,0,227,218,31980,0,0,0,0,14
2020-07-28,US,Georgia,Pierce,363,5,0,31.35928155,-82.21598442,13229.0,1864.8856922681725,1.3774104683195592,358,363,5,0,358,353,19389,0,0,0,0,10
2020-07-28,US,Georgia,Pike,167,3,0,33.09310242,-84.38790389,13231.0,880.7087859930388,1.7964071856287425,164,167,3,0,164,164,18634,0,0,0,0,3
2020-07-28,US,Georgia,Polk,531,5,0,34.00267074,-85.18677781,13233.0,1246.0986084058854,0.9416195856873822,526,531,5,0,526,521,42470,0,0,0,0,10
2020-07-28,US,Georgia,Pulaski,74,2,0,32.23334561,-83.47549959999998,13235.0,664.4518272425249,2.702702702702702,72,74,2,0,72,74,11069,0,0,0,0,0
2020-07-28,US,Georgia,Putnam,317,17,0,33.32056115,-83.37552891,13237.0,1433.1570143315698,5.3627760252365935,300,317,17,0,300,307,21809,0,0,0,0,10
2020-07-28,US,Georgia,Quitman,25,1,0,31.86728114,-85.01773177,13239.0,1087.4293170943888,4.0,24,25,1,0,24,25,2279,0,0,0,0,0
2020-07-28,US,Georgia,Rabun,159,3,0,34.88389445,-83.40304637,13241.0,927.8170041430824,1.8867924528301887,156,159,3,0,156,154,16867,0,0,0,0,5
2020-07-28,US,Georgia,Randolph,235,26,0,31.76622818,-84.75732369,13243.0,3467.099439362645,11.063829787234043,209,235,26,0,209,237,6833,0,0,0,0,-2
2020-07-28,US,Georgia,Richmond,2903,74,0,33.35777107,-82.07026432,13245.0,1433.452828884346,2.549087151222873,2829,2903,74,0,2829,2815,201554,0,0,0,0,88
2020-07-28,US,Georgia,Rockdale,990,12,0,33.65145002,-84.02202167,13247.0,1089.1568385847563,1.2121212121212122,978,990,12,0,978,982,90594,0,0,0,0,8
2020-07-28,US,Georgia,Schley,45,1,0,32.2654021,-84.31258912,13249.0,856.0015217804831,2.2222222222222223,44,45,1,0,44,44,5236,0,0,0,0,1
2020-07-28,US,Georgia,Screven,160,9,0,32.74976524,-81.60779441,13251.0,1145.6394099957038,5.625,151,160,9,0,151,151,13938,0,0,0,0,9
2020-07-28,US,Georgia,Seminole,92,2,0,30.93464824,-84.86823924,13253.0,1137.2064276885044,2.1739130434782608,90,92,2,0,90,91,8315,0,0,0,0,1
2020-07-28,US,Georgia,Spalding,762,36,0,33.26310031,-84.28013991,13255.0,1142.3774043146484,4.724409448818896,726,762,36,0,726,750,66100,0,0,0,0,12
2020-07-28,US,Georgia,Stephens,484,6,0,34.55151201,-83.29405315,13257.0,1866.923818707811,1.2396694214876034,478,484,6,0,478,476,26035,0,0,0,0,8
2020-07-28,US,Georgia,Stewart,239,5,0,32.07996777,-84.83208037,13259.0,3609.7266273976734,2.092050209205021,234,239,5,0,234,237,6199,0,0,0,0,2
2020-07-28,US,Georgia,Sumter,698,55,0,32.03650571,-84.19821492,13261.0,2364.178295623899,7.879656160458452,643,698,55,0,643,693,29733,0,0,0,0,5
2020-07-28,US,Georgia,Talbot,121,3,0,32.69642758,-84.53351366,13263.0,1953.1880548829706,2.479338842975207,118,121,3,0,118,119,6272,0,0,0,0,2
2020-07-28,US,Georgia,Taliaferro,7,0,0,33.56543317,-82.88136816,13265.0,455.4326610279765,0.0,7,7,0,0,7,7,1608,0,0,0,0,0
2020-07-28,US,Georgia,Tattnall,334,1,0,32.04785085,-82.05539188,13267.0,1320.8890295024914,0.2994011976047904,333,334,1,0,333,326,25391,0,0,0,0,8
2020-07-28,US,Georgia,Taylor,62,2,0,32.55792548,-84.25077141,13269.0,773.0673316708229,3.2258064516129035,60,62,2,0,60,59,8039,0,0,0,0,3
2020-07-28,US,Georgia,Telfair,237,4,0,31.92829517,-82.93491155,13271.0,1494.325346784363,1.6877637130801688,233,237,4,0,233,234,15876,0,0,0,0,3
2020-07-28,US,Georgia,Terrell,277,29,0,31.77527543,-84.44069698,13273.0,3246.981596530301,10.469314079422384,248,277,29,0,248,275,8611,0,0,0,0,2
2020-07-28,US,Georgia,Thomas,850,38,0,30.86392347,-83.91847289,13275.0,1912.2179478526919,4.470588235294118,812,850,38,0,812,847,44448,0,0,0,0,3
2020-07-28,US,Georgia,Tift,1158,34,0,31.45743864,-83.5236119,13277.0,2849.129022733983,2.936096718480138,1124,1158,34,0,1124,1153,40571,0,0,0,0,5
2020-07-28,US,Georgia,Toombs,527,6,0,32.12059861,-82.32957247,13279.0,1964.2191576593368,1.1385199240986716,521,527,6,0,521,506,26887,0,0,0,0,21
2020-07-28,US,Georgia,Towns,101,1,0,34.91369188,-83.74107459999998,13281.0,839.0795048600148,0.99009900990099,100,101,1,0,100,100,11852,0,0,0,0,1
2020-07-28,US,Georgia,Treutlen,78,2,0,32.40422134,-82.56904553,13283.0,1130.2709752209826,2.5641025641025643,76,78,2,0,76,77,6809,0,0,0,0,1
2020-07-28,US,Georgia,Troup,2090,52,0,33.03349196,-85.02812115,13285.0,2989.0449357855896,2.4880382775119623,2038,2090,52,0,2038,2085,70034,0,0,0,0,5
2020-07-28,US,Georgia,Turner,209,18,0,31.71612656,-83.62069378,13287.0,2617.407639323732,8.61244019138756,191,209,18,0,191,206,7912,0,0,0,0,3
2020-07-28,US,Georgia,Twiggs,69,2,0,32.67435595,-83.43078662,13289.0,849.7536945812808,2.898550724637681,67,69,2,0,67,67,8188,0,0,0,0,2
2020-07-28,US,Georgia,Unassigned,2202,6,0,0.0,0.0,90013.0,0.0,0.2724795640326976,2196,2202,6,0,2196,2099,,0,0,0,0,103
2020-07-28,US,Georgia,Union,176,6,0,34.82995757,-83.98967069,13291.0,718.044959405981,3.4090909090909087,170,176,6,0,170,174,24001,0,0,0,0,2
2020-07-28,US,Georgia,Upson,448,45,0,32.87920671,-84.30024826,13293.0,1702.127659574468,10.044642857142858,403,448,45,0,403,448,26215,0,0,0,0,0
2020-07-28,US,Georgia,Walker,469,14,0,34.73376362,-85.30165174,13295.0,672.2954086093949,2.985074626865672,455,469,14,0,455,462,69410,0,0,0,0,7
2020-07-28,US,Georgia,Walton,762,32,0,33.78017694,-83.73552314,13297.0,805.5564365227873,4.199475065616799,730,762,32,0,730,754,93503,0,0,0,0,8
2020-07-28,US,Georgia,Ware,1028,20,0,31.05449097,-82.42224148,13299.0,2876.811999776124,1.9455252918287935,1008,1028,20,0,1008,997,35680,0,0,0,0,31
2020-07-28,US,Georgia,Warren,46,0,0,33.41146451,-82.67795848,13301.0,875.5234107346784,0.0,46,46,0,0,46,45,5251,0,0,0,0,1
2020-07-28,US,Georgia,Washington,337,1,0,32.96711864,-82.79357039,13303.0,1654.0689113576127,0.2967359050445104,336,337,1,0,336,332,20386,0,0,0,0,5
2020-07-28,US,Georgia,Wayne,526,2,0,31.5521809,-81.91894878,13305.0,1757.6101847829718,0.3802281368821293,524,526,2,0,524,506,29808,0,0,0,0,20
2020-07-28,US,Georgia,Webster,36,2,0,32.04066113,-84.54742852,13307.0,1380.8975834292291,5.5555555555555545,34,36,2,0,34,36,2611,0,0,0,0,0
2020-07-28,US,Georgia,Wheeler,80,1,0,32.12009104,-82.72574721,13309.0,1018.4595798854233,1.25,79,80,1,0,79,80,7879,0,0,0,0,0
2020-07-28,US,Georgia,White,254,5,0,34.64624278,-83.74905525,13311.0,824.7288784986039,1.9685039370078738,249,254,5,0,249,253,29970,0,0,0,0,1
2020-07-28,US,Georgia,Whitfield,2726,23,0,34.80987459,-84.96093476,13313.0,2605.421110983676,0.8437270726338958,2703,2726,23,0,2703,2643,104062,0,0,0,0,83
2020-07-28,US,Georgia,Wilcox,150,18,0,31.97496928,-83.43438555,13315.0,1737.1163867979155,12.0,132,150,18,0,132,150,8812,0,0,0,0,0
2020-07-28,US,Georgia,Wilkes,164,3,0,33.78290391,-82.74286107,13317.0,1677.4061573079678,1.8292682926829267,161,164,3,0,161,163,9876,0,0,0,0,1
2020-07-28,US,Georgia,Wilkinson,157,10,0,32.80291082,-83.17140684,13319.0,1753.4062988608443,6.369426751592357,147,157,10,0,147,156,9036,0,0,0,0,1
2020-07-28,US,Georgia,Worth,399,23,0,31.55162306,-83.85090513,13321.0,1970.6623203437546,5.764411027568923,376,399,23,0,376,398,20299,0,0,0,0,1
2020-07-28,US,Hawaii,Hawaii,116,0,0,19.60121157,-155.5210167,15001.0,57.56452437311737,0.0,116,117,0,0,117,117,200983,-1,0,0,-1,0
2020-07-28,US,Hawaii,Honolulu,1419,19,0,21.45803166,-157.97121819999995,15003.0,145.6037218732909,1.3389711064129668,1400,1373,19,0,1354,1345,980080,46,0,0,46,28
2020-07-28,US,Hawaii,Kauai,45,0,0,22.03935037,-159.5966786,15007.0,62.246690550952366,0.0,45,45,0,0,45,45,72133,0,0,0,0,0
2020-07-28,US,Hawaii,Maui,154,6,0,20.86399628,-156.56890969999995,15009.0,91.98587957017507,3.8961038961038965,148,153,6,0,147,153,167207,1,0,0,1,0
2020-07-28,US,Hawaii,Out of HI,23,1,0,0.0,0.0,80015.0,0.0,4.3478260869565215,22,23,1,0,22,23,,0,0,0,0,0
2020-07-28,US,Idaho,Ada,7378,50,0,43.4526575,-116.24155159999998,16001.0,1532.0180984951835,0.6776904310111141,7328,7203,47,0,7156,7092,469966,175,3,0,172,111
2020-07-28,US,Idaho,Adams,17,0,0,44.89333571,-116.4545247,16003.0,395.9012575687005,0.0,17,17,0,0,17,16,4250,0,0,0,0,1
2020-07-28,US,Idaho,Bannock,279,2,0,42.67002716,-112.2233311,16005.0,317.73870262390665,0.7168458781362007,277,262,2,0,260,243,87138,17,0,0,17,19
2020-07-28,US,Idaho,Bear Lake,6,0,0,42.28269683,-111.32892379999998,16007.0,97.95918367346935,0.0,6,6,0,0,6,6,6050,0,0,0,0,0
2020-07-28,US,Idaho,Benewah,48,0,0,47.21754179,-116.6586851,16009.0,516.2400516240052,0.0,48,42,0,0,42,42,9226,6,0,0,6,0
2020-07-28,US,Idaho,Bingham,159,2,0,43.21672879999999,-112.3978437,16011.0,339.66375424579695,1.2578616352201255,157,148,2,0,146,144,46236,11,0,0,11,4
2020-07-28,US,Idaho,Blaine,566,6,0,43.4085812,-113.9752658,16013.0,2458.6247339385777,1.060070671378092,560,563,6,0,557,562,22601,3,0,0,3,1
2020-07-28,US,Idaho,Boise,33,1,0,43.98829931,-115.7309284,16015.0,421.4021197803601,3.0303030303030303,32,33,0,0,33,33,7634,0,1,0,-1,0
2020-07-28,US,Idaho,Bonner,140,0,0,48.29996017,-116.6017932,16017.0,306.08452305472355,0.0,140,135,0,0,135,131,44727,5,0,0,5,4
2020-07-28,US,Idaho,Bonneville,588,1,0,43.38713372,-111.6161537,16019.0,493.8603416707261,0.17006802721088435,587,548,1,0,547,506,116854,40,0,0,40,42
2020-07-28,US,Idaho,Boundary,29,0,0,48.76684761,-116.4630179,16021.0,236.83135973866885,0.0,29,28,0,0,28,28,11948,1,0,0,1,0
2020-07-28,US,Idaho,Camas,1,0,0,43.46665742,-114.8065892,16025.0,90.41591320072331,0.0,1,1,0,0,1,1,1127,0,0,0,0,0
2020-07-28,US,Idaho,Canyon,4333,32,0,43.61970148,-116.70954990000001,16027.0,1885.150685885081,0.7385183475651973,4301,4255,30,0,4225,4108,223499,78,2,0,76,147
2020-07-28,US,Idaho,Caribou,21,0,0,42.77149116,-111.5597683,16029.0,293.5010482180293,0.0,21,21,0,0,21,21,7060,0,0,0,0,0
2020-07-28,US,Idaho,Cassia,430,1,0,42.28347888,-113.6012409,16031.0,1789.42987931752,0.2325581395348837,429,424,1,0,423,405,23864,6,0,0,6,19
2020-07-28,US,Idaho,Clark,1,0,0,44.28496071,-112.35057040000001,16033.0,118.3431952662722,0.0,1,1,0,0,1,1,852,0,0,0,0,0
2020-07-28,US,Idaho,Clearwater,15,0,0,46.67459924,-115.6622393,16035.0,171.31110095934216,0.0,15,14,0,0,14,14,8758,1,0,0,1,0
2020-07-28,US,Idaho,Custer,7,0,0,44.24186819,-114.2855494,16037.0,162.22479721900348,0.0,7,7,0,0,7,7,4280,0,0,0,0,0
2020-07-28,US,Idaho,Elmore,155,2,0,43.3507101,-115.4701578,16039.0,563.410999236669,1.2903225806451613,153,150,2,0,148,147,27259,5,0,0,5,3
2020-07-28,US,Idaho,Franklin,45,0,0,42.18332217,-111.81496659999999,16041.0,324.30095128279044,0.0,45,45,0,0,45,45,13726,0,0,0,0,0
2020-07-28,US,Idaho,Fremont,40,0,0,44.22800938,-111.48099429999999,16043.0,305.3668218948012,0.0,40,37,0,0,37,37,13168,3,0,0,3,0
2020-07-28,US,Idaho,Gem,134,0,0,44.06482372,-116.398376,16045.0,739.8409893992932,0.0,134,128,0,0,128,124,17634,6,0,0,6,4
2020-07-28,US,Idaho,Gooding,124,1,0,42.96927962,-114.81083059999999,16047.0,816.9181105474669,0.8064516129032258,123,119,1,0,118,115,15196,5,0,0,5,4
2020-07-28,US,Idaho,Idaho,25,0,0,45.84721541,-115.4634436,16049.0,149.9970000599988,0.0,25,25,0,0,25,24,16513,0,0,0,0,1
2020-07-28,US,Idaho,Jefferson,107,1,0,43.82078483,-112.3131749,16051.0,358.2069565799605,0.9345794392523364,106,97,1,0,96,90,29439,10,0,0,10,7
2020-07-28,US,Idaho,Jerome,392,6,0,42.68891267,-114.2655033,16053.0,1605.7676552515154,1.5306122448979589,386,383,6,0,377,367,24015,9,0,0,9,16
2020-07-28,US,Idaho,Kootenai,1377,1,0,47.67282258,-116.7020872,16055.0,831.0349614054569,0.07262164124909222,1376,1339,1,0,1338,1308,161505,38,0,0,38,31
2020-07-28,US,Idaho,Latah,71,0,0,46.81587887,-116.71136979999999,16057.0,177.0220404906752,0.0,71,71,0,0,71,65,40134,0,0,0,0,6
2020-07-28,US,Idaho,Lemhi,8,0,0,44.9438088,-113.9309747,16059.0,99.66363523109509,0.0,8,8,0,0,8,8,7961,0,0,0,0,0
2020-07-28,US,Idaho,Lewis,1,0,0,46.23315327,-116.434146,16061.0,26.055237102657642,0.0,1,1,0,0,1,1,3861,0,0,0,0,0
2020-07-28,US,Idaho,Lincoln,49,0,0,43.0012336,-114.1358773,16063.0,913.1569139023482,0.0,49,48,0,0,48,48,5360,1,0,0,1,0
2020-07-28,US,Idaho,Madison,125,0,0,43.78141028,-111.65384740000002,16065.0,313.2282556944897,0.0,125,118,0,0,118,117,39304,7,0,0,7,1
2020-07-28,US,Idaho,Minidoka,401,1,0,42.85518524,-113.6357257,16067.0,1905.9841247207569,0.2493765586034913,400,391,1,0,390,368,20825,10,0,0,10,23
2020-07-28,US,Idaho,Nez Perce,123,19,0,46.32638236,-116.75009750000001,16069.0,304.39516927341117,15.447154471544714,104,123,19,0,104,122,40408,0,0,0,0,1
2020-07-28,US,Idaho,Oneida,8,0,0,42.19494279999999,-112.5407838,16071.0,176.5614654601633,0.0,8,8,0,0,8,8,4488,0,0,0,0,0
2020-07-28,US,Idaho,Owyhee,197,0,0,42.58016894,-116.16938710000001,16073.0,1666.2437621585048,0.0,197,193,0,0,193,186,11693,4,0,0,4,7
2020-07-28,US,Idaho,Payette,290,2,0,44.00545243,-116.7647695,16075.0,1210.8053943467914,0.6896551724137931,288,288,2,0,286,281,23551,2,0,0,2,7
2020-07-28,US,Idaho,Power,32,0,0,42.69254894,-112.83957420000002,16077.0,416.61242025777887,0.0,32,30,0,0,30,29,7768,2,0,0,2,1
2020-07-28,US,Idaho,Shoshone,58,0,0,47.35364087,-115.89167490000001,16079.0,450.24064586244367,0.0,58,56,0,0,56,40,12796,2,0,0,2,16
2020-07-28,US,Idaho,Teton,53,0,0,43.75303583,-111.2056773,16081.0,436.5014000988305,0.0,53,52,0,0,52,52,11640,1,0,0,1,0
2020-07-28,US,Idaho,Twin Falls,1138,29,0,42.35440512,-114.6685381,16083.0,1309.8828241902436,2.5483304042179262,1109,1064,27,0,1037,1028,86081,74,2,0,72,36
2020-07-28,US,Idaho,Valley,45,1,0,44.76728382,-115.5676773,16085.0,395.0140449438202,2.2222222222222223,44,43,1,0,42,42,11041,2,0,0,2,1
2020-07-28,US,Idaho,Washington,171,2,0,44.45275475,-116.78476880000001,16087.0,1677.457327839906,1.1695906432748535,169,167,2,0,165,166,10161,4,0,0,4,1
2020-07-28,US,Illinois,Adams,355,1,0,39.98815591,-91.18786813,17001.0,542.5231145411477,0.28169014084507044,354,352,1,0,351,336,65691,3,0,0,3,16
2020-07-28,US,Illinois,Alexander,35,0,0,37.18049267,-89.32910838,17003.0,607.5334143377886,0.0,35,35,0,0,35,35,6060,0,0,0,0,0
2020-07-28,US,Illinois,Bond,41,2,0,38.88829622,-89.43534887,17005.0,249.604285888226,4.878048780487805,39,40,2,0,38,38,16630,1,0,0,1,2
2020-07-28,US,Illinois,Boone,708,23,0,42.32359279,-88.82345779,17007.0,1322.2770058269834,3.248587570621469,685,695,23,0,672,696,53577,13,0,0,13,-1
2020-07-28,US,Illinois,Brown,12,0,0,39.96209138,-90.75068024,17009.0,182.42626938279113,0.0,12,12,0,0,12,12,6556,0,0,0,0,0
2020-07-28,US,Illinois,Bureau,84,2,0,41.40385234,-89.5283051,17011.0,257.4475910261125,2.380952380952381,82,80,2,0,78,78,32993,4,0,0,4,2
2020-07-28,US,Illinois,Calhoun,6,0,0,39.16840183,-90.66330078,17013.0,126.60898923823594,0.0,6,6,0,0,6,6,4802,0,0,0,0,0
2020-07-28,US,Illinois,Carroll,36,2,0,42.06823429,-89.93395545,17015.0,251.66025865082142,5.5555555555555545,34,35,2,0,33,33,14312,1,0,0,1,2
2020-07-28,US,Illinois,Cass,174,11,0,39.96991073,-90.24734436,17017.0,1432.4524573968881,6.32183908045977,163,173,11,0,162,170,12260,1,0,0,1,3
2020-07-28,US,Illinois,Champaign,1425,18,0,40.13919438,-88.20046615,17019.0,679.5778510079213,1.263157894736842,1407,1419,17,0,1402,1388,209983,6,1,0,5,31
2020-07-28,US,Illinois,Christian,80,4,0,39.54581621,-89.27780482,17021.0,247.64735017335315,5.0,76,80,4,0,76,78,32661,0,0,0,0,2
2020-07-28,US,Illinois,Clark,63,0,0,39.33425789,-87.78705622,17023.0,408.00466291043335,0.0,63,59,0,0,59,57,15596,4,0,0,4,2
2020-07-28,US,Illinois,Clay,10,0,0,38.75388572,-88.48914513,17025.0,75.8495145631068,0.0,10,10,0,0,10,9,13253,0,0,0,0,1
2020-07-28,US,Illinois,Clinton,311,17,0,38.60704876,-89.42385254,17027.0,827.9644321388637,5.466237942122186,294,306,17,0,289,298,37639,5,0,0,5,8
2020-07-28,US,Illinois,Coles,327,20,0,39.51949084,-88.22358557,17029.0,645.9769660812706,6.116207951070336,307,315,17,0,298,297,50885,12,3,0,9,18
2020-07-28,US,Illinois,Cook,103441,4857,0,41.84144849,-87.81658794,17031.0,2008.4722380521425,4.695430245260583,98584,103008,4842,0,98166,102583,5180493,433,15,0,418,425
2020-07-28,US,Illinois,Crawford,30,0,0,39.0032229,-87.75954624,17033.0,160.7114158675738,0.0,30,30,0,0,30,30,18807,0,0,0,0,0
2020-07-28,US,Illinois,Cumberland,39,2,0,39.27432424,-88.2401158,17035.0,362.251532602638,5.128205128205129,37,39,2,0,37,39,10808,0,0,0,0,0
2020-07-28,US,Illinois,De Witt,26,0,0,40.17514519,-88.90959682,17039.0,166.26167029031842,0.0,26,25,0,0,25,25,15769,1,0,0,1,0
2020-07-28,US,Illinois,DeKalb,788,25,0,41.89373302,-88.76958483,17037.0,751.2130947500882,3.172588832487309,763,784,24,0,760,779,104143,4,1,0,3,5
2020-07-28,US,Illinois,Douglas,101,2,0,39.76768052,-88.21854195,17041.0,518.8800410994091,1.98019801980198,99,96,1,0,95,94,19479,5,1,0,4,2
2020-07-28,US,Illinois,DuPage,11005,510,0,41.85116968,-88.08642662,17043.0,1192.4097512138092,4.634257155838255,10495,10953,509,0,10444,10875,928589,52,1,0,51,78
2020-07-28,US,Illinois,Edgar,25,0,0,39.6809186,-87.74759563,17045.0,145.67915622632714,0.0,25,24,0,0,24,24,17360,1,0,0,1,0
2020-07-28,US,Illinois,Edwards,7,0,0,38.41353228,-88.05720863,17047.0,109.460516028147,0.0,7,6,0,0,6,6,6392,1,0,0,1,0
2020-07-28,US,Illinois,Effingham,67,1,0,39.05935711,-88.58969584,17049.0,197.01246765466945,1.492537313432836,66,68,1,0,67,59,34208,-1,0,0,-1,9
2020-07-28,US,Illinois,Fayette,44,3,0,39.00072038,-89.02452658,17051.0,206.22422197225345,6.8181818181818175,41,43,3,0,40,43,21416,1,0,0,1,0
2020-07-28,US,Illinois,Ford,38,1,0,40.59706922,-88.22350769,17053.0,293.187254069902,2.631578947368421,37,37,1,0,36,37,13264,1,0,0,1,0
2020-07-28,US,Illinois,Franklin,105,0,0,37.99189086,-88.92567818,17055.0,272.94704827263513,0.0,105,106,0,0,106,101,38701,-1,0,0,-1,5
2020-07-28,US,Illinois,Fulton,24,0,0,40.47289135,-90.20862357,17057.0,69.88934187536401,0.0,24,24,0,0,24,24,34844,0,0,0,0,0
2020-07-28,US,Illinois,Gallatin,39,0,0,37.76430935,-88.22953869,17059.0,807.7879038939519,0.0,39,37,0,0,37,36,5058,2,0,0,2,1
2020-07-28,US,Illinois,Greene,17,0,0,39.35907414,-90.388865,17061.0,131.08181047112342,0.0,17,17,0,0,17,16,13044,0,0,0,0,1
2020-07-28,US,Illinois,Grundy,254,5,0,41.28569601,-88.41905692,17063.0,497.5124378109453,1.9685039370078738,249,249,5,0,244,244,50972,5,0,0,5,5
2020-07-28,US,Illinois,Hamilton,13,0,0,38.08163641,-88.53883373,17065.0,160.17742730409068,0.0,13,13,0,0,13,13,8163,0,0,0,0,0
2020-07-28,US,Illinois,Hancock,27,1,0,40.40423981,-91.16313899,17067.0,152.47345832392142,3.703703703703704,26,27,1,0,26,27,17844,0,0,0,0,0
2020-07-28,US,Illinois,Hardin,16,0,0,37.51810645,-88.26873022,17069.0,418.73855011777016,0.0,16,16,0,0,16,14,3910,0,0,0,0,2
2020-07-28,US,Illinois,Henderson,9,0,0,40.81908672,-90.92491462,17071.0,135.4198013842913,0.0,9,9,0,0,9,9,6709,0,0,0,0,0
2020-07-28,US,Illinois,Henry,178,1,0,41.3533994,-90.13296166,17073.0,363.9114345879418,0.5617977528089888,177,173,1,0,172,162,49090,5,0,0,5,11
2020-07-28,US,Illinois,Iroquois,235,7,0,40.74717633,-87.82466784,17075.0,866.7109242457768,2.9787234042553186,228,219,5,0,214,210,27604,16,2,0,14,9
2020-07-28,US,Illinois,Jackson,556,19,0,37.78595185,-89.38232563,17077.0,979.7356828193832,3.41726618705036,537,544,19,0,525,530,57419,12,0,0,12,14
2020-07-28,US,Illinois,Jasper,50,7,0,39.01054275,-88.15437049,17079.0,520.2913631633713,14.0,43,49,7,0,42,48,9611,1,0,0,1,1
2020-07-28,US,Illinois,Jefferson,163,17,0,38.29980057,-88.9240025,17081.0,432.54431589003286,10.429447852760736,146,162,17,0,145,155,37820,1,0,0,1,7
2020-07-28,US,Illinois,Jersey,59,1,0,39.08869046,-90.35393073,17083.0,270.9778165617966,1.6949152542372878,58,59,1,0,58,59,21847,0,0,0,0,0
2020-07-28,US,Illinois,Jo Daviess,103,1,0,42.36542373,-90.21094405,17085.0,485.0482693666118,0.9708737864077671,102,99,1,0,98,96,21366,4,0,0,4,3
2020-07-28,US,Illinois,Johnson,49,0,0,37.45939802,-88.88165419,17087.0,394.62027865023765,0.0,49,50,0,0,50,50,12456,-1,0,0,-1,0
2020-07-28,US,Illinois,Kane,8820,293,0,41.93842729,-88.42861412,17089.0,1656.6398010529615,3.321995464852608,8527,8782,293,0,8489,8714,534216,38,0,0,38,68
2020-07-28,US,Illinois,Kankakee,1624,66,0,41.13746989,-87.86205334,17091.0,1478.2181281971928,4.064039408866995,1558,1606,66,0,1540,1598,110024,18,0,0,18,8
2020-07-28,US,Illinois,Kendall,1225,21,0,41.59081014,-88.42869583,17093.0,949.6860221722617,1.7142857142857142,1204,1219,21,0,1198,1209,127915,6,0,0,6,10
2020-07-28,US,Illinois,Knox,223,1,0,40.93148779,-90.21330340000002,17095.0,448.701181110284,0.4484304932735426,222,223,1,0,222,219,50112,0,0,0,0,4
2020-07-28,US,Illinois,LaSalle,428,18,0,41.34426129999999,-88.88633881,17099.0,393.8565736318545,4.205607476635514,410,419,18,0,401,414,109430,9,0,0,9,5
2020-07-28,US,Illinois,Lake,11608,439,0,42.3224907,-88.00367925,17097.0,1666.535062846806,3.7818745692625777,11169,11523,439,0,11084,11448,700832,85,0,0,85,75
2020-07-28,US,Illinois,Lawrence,38,0,0,38.71987914,-87.72884035,17101.0,242.37785431815288,0.0,38,37,0,0,37,35,15765,1,0,0,1,2
2020-07-28,US,Illinois,Lee,129,2,0,41.74583951,-89.29977132,17103.0,378.3435007038949,1.5503875968992251,127,129,2,0,127,126,34223,0,0,0,0,3
2020-07-28,US,Illinois,Livingston,76,2,0,40.89188292,-88.55784752,17105.0,213.19569120287247,2.631578947368421,74,74,2,0,72,71,35761,2,0,0,2,3
2020-07-28,US,Illinois,Logan,67,0,0,40.12581572,-89.36638784,17107.0,234.1183870291425,0.0,67,65,0,0,65,65,28925,2,0,0,2,0
2020-07-28,US,Illinois,Macon,386,22,0,39.86064913,-88.96342505,17115.0,371.1217298503013,5.699481865284973,364,377,22,0,355,354,104712,9,0,0,9,23
2020-07-28,US,Illinois,Macoupin,117,3,0,39.26119767,-89.92424028,17117.0,260.4282598050127,2.5641025641025643,114,112,3,0,109,109,45313,5,0,0,5,3
2020-07-28,US,Illinois,Madison,1942,71,0,38.83042506,-89.90422563,17119.0,738.498513115764,3.6560247167868183,1871,1915,71,0,1844,1840,264461,27,0,0,27,75
2020-07-28,US,Illinois,Marion,116,0,0,38.64963204,-88.91899208,17121.0,311.7860502620616,0.0,116,116,0,0,116,114,37620,0,0,0,0,2
2020-07-28,US,Illinois,Marshall,17,0,0,41.0327901,-89.34510444,17123.0,148.62738240951217,0.0,17,17,0,0,17,17,11534,0,0,0,0,0
2020-07-28,US,Illinois,Mason,40,0,0,40.23917274,-89.91824452,17125.0,299.4236095516132,0.0,40,40,0,0,40,40,13565,0,0,0,0,0
2020-07-28,US,Illinois,Massac,31,0,0,37.22078441,-88.71036614,17127.0,225.0943944234679,0.0,31,31,0,0,31,30,14080,0,0,0,0,1
2020-07-28,US,Illinois,McDonough,121,15,0,40.45674722,-90.67775541,17109.0,407.65447072299713,12.396694214876034,106,121,15,0,106,121,29955,0,0,0,0,0
2020-07-28,US,Illinois,McHenry,2743,111,0,42.32451172,-88.45248227,17111.0,891.2383762111159,4.046664236237697,2632,2705,111,0,2594,2694,308570,38,0,0,38,11
2020-07-28,US,Illinois,McLean,487,15,0,40.48996987,-88.84621113,17113.0,283.93686923162136,3.0800821355236137,472,471,15,0,456,461,172828,16,0,0,16,10
2020-07-28,US,Illinois,Menard,40,0,0,40.02742725,-89.80246001,17129.0,327.9763857002296,0.0,40,40,0,0,40,40,12288,0,0,0,0,0
2020-07-28,US,Illinois,Mercer,49,0,0,41.20596782,-90.74290052,17131.0,317.4191876659973,0.0,49,48,0,0,48,46,15601,1,0,0,1,2
2020-07-28,US,Illinois,Monroe,230,13,0,38.27594376,-90.17761038,17133.0,664.0297947281807,5.652173913043479,217,227,13,0,214,224,34335,3,0,0,3,3
2020-07-28,US,Illinois,Montgomery,128,5,0,39.23198845,-89.47809254,17135.0,450.4821566833251,3.90625,123,128,3,0,125,126,28601,0,2,0,-2,2
2020-07-28,US,Illinois,Morgan,161,5,0,39.71654544,-90.20255104,17137.0,478.3409590587676,3.1055900621118013,156,160,5,0,155,156,33976,1,0,0,1,4
2020-07-28,US,Illinois,Moultrie,50,0,0,39.64187451,-88.62099969,17139.0,344.80380663402525,0.0,50,47,0,0,47,46,14717,3,0,0,3,1
2020-07-28,US,Illinois,Ogle,361,5,0,42.04165196,-89.32184679,17141.0,712.8329680311197,1.3850415512465375,356,357,5,0,352,355,50923,4,0,0,4,2
2020-07-28,US,Illinois,Peoria,1066,33,0,40.78702156,-89.76078901,17143.0,594.9357904665168,3.0956848030018764,1033,1036,33,0,1003,1018,180621,30,0,0,30,18
2020-07-28,US,Illinois,Perry,92,1,0,38.08510853,-89.36856219,17145.0,439.8546567221266,1.0869565217391304,91,92,1,0,91,92,21174,0,0,0,0,0
2020-07-28,US,Illinois,Piatt,34,0,0,40.01360584,-88.59319339,17147.0,208.02741067058247,0.0,34,35,0,0,35,31,16396,-1,0,0,-1,4
2020-07-28,US,Illinois,Pike,11,0,0,39.62265059,-90.8877017,17149.0,70.6895443737549,0.0,11,11,0,0,11,11,15611,0,0,0,0,0
2020-07-28,US,Illinois,Pope,7,0,0,37.41391284,-88.56152109,17151.0,167.58439071103663,0.0,7,7,0,0,7,6,4212,0,0,0,0,1
2020-07-28,US,Illinois,Pulaski,90,0,0,37.22631423,-89.13085001,17153.0,1686.9728209934397,0.0,90,89,0,0,89,89,5463,1,0,0,1,0
2020-07-28,US,Illinois,Putnam,7,0,0,41.2013541,-89.2869272,17155.0,121.97246907126677,0.0,7,8,0,0,8,7,5740,-1,0,0,-1,1
2020-07-28,US,Illinois,Randolph,411,7,0,38.05095369,-89.82512254,17157.0,1293.1848215971304,1.70316301703163,404,409,7,0,402,403,32106,2,0,0,2,6
2020-07-28,US,Illinois,Richland,11,0,0,38.71240969,-88.08475366,17159.0,70.90827048282084,0.0,11,12,0,0,12,12,15763,-1,0,0,-1,0
2020-07-28,US,Illinois,Rock Island,1467,30,0,41.46613806,-90.57042164,17161.0,1033.9796587232784,2.044989775051125,1437,1454,30,0,1424,1445,143477,13,0,0,13,9
2020-07-28,US,Illinois,Saline,83,0,0,37.75332999,-88.54119706,17165.0,353.3268060108127,0.0,83,83,0,0,83,81,23906,0,0,0,0,2
2020-07-28,US,Illinois,Sangamon,850,33,0,39.75836914,-89.65872023,17167.0,436.6318730993672,3.882352941176471,817,823,33,0,790,793,195348,27,0,0,27,30
2020-07-28,US,Illinois,Schuyler,14,0,0,40.1571798,-90.61114163,17169.0,206.85579196217486,0.0,14,14,0,0,14,14,6907,0,0,0,0,0
2020-07-28,US,Illinois,Scott,6,0,0,39.6429169,-90.47814431,17171.0,121.1876388608362,0.0,6,6,0,0,6,6,4926,0,0,0,0,0
2020-07-28,US,Illinois,Shelby,41,1,0,39.39133527,-88.80611122,17173.0,189.516501802718,2.4390243902439024,40,40,1,0,39,38,21741,1,0,0,1,2
2020-07-28,US,Illinois,St. Clair,3264,154,0,38.46996033,-89.93063427,17163.0,1256.902566946235,4.7181372549019605,3110,3202,153,0,3049,3152,261059,62,1,0,61,50
2020-07-28,US,Illinois,Stark,6,0,0,41.09309773,-89.79745866,17175.0,112.31748408835642,0.0,6,6,0,0,6,6,5427,0,0,0,0,0
2020-07-28,US,Illinois,Stephenson,311,6,0,42.35129217,-89.662598,17177.0,698.9078160816216,1.929260450160772,305,307,6,0,301,306,44753,4,0,0,4,1
2020-07-28,US,Illinois,Tazewell,290,8,0,40.50716185,-89.51404662,17179.0,220.02534084960132,2.7586206896551726,282,280,8,0,272,274,132328,10,0,0,10,6
2020-07-28,US,Illinois,Unassigned,1297,192,0,0.0,0.0,90017.0,0.0,14.803392444101773,1105,1312,192,0,1120,1299,,-15,0,0,-15,13
2020-07-28,US,Illinois,Union,273,21,0,37.47119609,-89.25548938,17181.0,1639.344262295082,7.6923076923076925,252,273,21,0,252,269,16841,0,0,0,0,4
2020-07-28,US,Illinois,Vermilion,181,2,0,40.18417171,-87.73384359,17183.0,238.91866205549252,1.1049723756906078,179,180,2,0,178,174,76806,1,0,0,1,6
2020-07-28,US,Illinois,Wabash,26,0,0,38.44272901,-87.84922065,17185.0,225.69444444444446,0.0,26,25,0,0,25,25,11549,1,0,0,1,0
2020-07-28,US,Illinois,Warren,172,0,0,40.84925021,-90.6147432,17187.0,1021.1351222987413,0.0,172,170,0,0,170,170,17032,2,0,0,2,0
2020-07-28,US,Illinois,Washington,50,0,0,38.35309213,-89.40982703,17189.0,360.0489666594657,0.0,50,50,0,0,50,43,13995,0,0,0,0,7
2020-07-28,US,Illinois,Wayne,32,1,0,38.42955355,-88.42586459,17191.0,197.3481344434166,3.125,31,32,1,0,31,29,16332,0,0,0,0,3
2020-07-28,US,Illinois,White,49,0,0,38.08706198,-88.17657461,17193.0,361.9708945852109,0.0,49,48,0,0,48,48,13665,1,0,0,1,0
2020-07-28,US,Illinois,Whiteside,289,16,0,41.75509713,-89.91556058,17195.0,523.7879474399639,5.536332179930795,273,284,16,0,268,278,55626,5,0,0,5,6
2020-07-28,US,Illinois,Will,8191,338,0,41.44619267,-87.97862712,17197.0,1185.8245396623633,4.126480283237701,7853,8148,338,0,7810,8101,692310,43,0,0,43,47
2020-07-28,US,Illinois,Williamson,270,5,0,37.73033511,-88.92994027,17199.0,405.4236677327808,1.851851851851852,265,270,4,0,266,265,67056,0,1,0,-1,5
2020-07-28,US,Illinois,Winnebago,3570,120,0,42.33641854,-89.16085327,17201.0,1263.3948161884405,3.361344537815126,3450,3539,118,0,3421,3516,284081,31,2,0,29,23
2020-07-28,US,Illinois,Woodford,75,3,0,40.78579374,-89.20973757,17203.0,195.0128708494761,4.0,72,73,3,0,70,71,38463,2,0,0,2,2
2020-07-28,US,Indiana,Adams,73,1,0,40.7457653,-84.93671406,18001.0,204.041702769936,1.3698630136986298,72,71,1,0,70,70,35636,2,0,0,2,1
2020-07-28,US,Indiana,Allen,3416,155,0,41.09194313,-85.06800636,18003.0,900.6087545709323,4.537470725995316,3261,3375,152,0,3223,3345,375351,41,3,0,38,30
2020-07-28,US,Indiana,Bartholomew,697,46,0,39.20744865,-85.89558181,18005.0,831.9507275092802,6.599713055954089,651,687,45,0,642,683,82753,10,1,0,9,4
2020-07-28,US,Indiana,Benton,56,0,0,40.60626947,-87.31093999,18007.0,640.1463191586648,0.0,56,56,0,0,56,56,8653,0,0,0,0,0
2020-07-28,US,Indiana,Blackford,51,2,0,40.47388153,-85.32499702,18009.0,433.74723592447685,3.92156862745098,49,48,2,0,46,48,11930,3,0,0,3,0
2020-07-28,US,Indiana,Boone,592,45,0,40.0509304,-86.46841646,18011.0,872.6029214509973,7.601351351351353,547,584,45,0,539,579,66999,8,0,0,8,5
2020-07-28,US,Indiana,Brown,66,1,0,39.19605589,-86.22868909,18013.0,437.31778425655983,1.5151515151515151,65,64,1,0,63,63,15234,2,0,0,2,1
2020-07-28,US,Indiana,Carroll,122,2,0,40.580783200000006,-86.56198812,18015.0,602.2609468331933,1.639344262295082,120,122,2,0,120,121,20127,0,0,0,0,1
2020-07-28,US,Indiana,Cass,1728,9,0,40.76135835,-86.34830753,18017.0,4584.892143596275,0.5208333333333334,1719,1719,9,0,1710,1715,37955,9,0,0,9,4
2020-07-28,US,Indiana,Clark,950,45,0,38.48015445,-85.70510334,18019.0,803.0295345809875,4.7368421052631575,905,924,45,0,879,912,117360,26,0,0,26,12
2020-07-28,US,Indiana,Clay,88,5,0,39.39561833,-87.11723506,18021.0,335.5576739752145,5.6818181818181825,83,83,5,0,78,83,26170,5,0,0,5,0
2020-07-28,US,Indiana,Clinton,326,3,0,40.30319754,-86.47277257,18023.0,1006.2038951819501,0.9202453987730062,323,326,3,0,323,326,32250,0,0,0,0,0
2020-07-28,US,Indiana,Crawford,40,0,0,38.28814402,-86.44518825,18025.0,378.1790677885979,0.0,40,40,0,0,40,40,10558,0,0,0,0,0
2020-07-28,US,Indiana,Daviess,212,19,0,38.70186039,-87.07185406,18027.0,635.6630985577643,8.962264150943396,193,204,19,0,185,204,33147,8,0,0,8,0
2020-07-28,US,Indiana,DeKalb,205,4,0,41.39804622,-84.99906934,18033.0,471.5353651523864,1.951219512195122,201,198,4,0,194,198,43226,7,0,0,7,0
2020-07-28,US,Indiana,Dearborn,421,27,0,39.14647946,-84.97333539,18029.0,851.2273039750902,6.413301662707839,394,404,27,0,377,398,49568,17,0,0,17,6
2020-07-28,US,Indiana,Decatur,285,32,0,39.30712658,-85.50087166,18031.0,1073.0825708799277,11.228070175438594,253,278,32,0,246,277,26794,7,0,0,7,1
2020-07-28,US,Indiana,Delaware,573,52,0,40.22787247,-85.39732772,18035.0,502.0370613746879,9.075043630017454,521,561,52,0,509,556,114772,12,0,0,12,5
2020-07-28,US,Indiana,Dubois,570,10,0,38.36597551,-86.87924170000002,18037.0,1333.7701235492325,1.7543859649122806,560,558,10,0,548,550,42565,12,0,0,12,8
2020-07-28,US,Indiana,Elkhart,4399,72,0,41.59761169,-85.85875695,18039.0,2131.90786125879,1.6367356217322118,4327,4378,71,0,4307,4346,205560,21,1,0,20,32
2020-07-28,US,Indiana,Fayette,136,7,0,39.63684962,-85.17797541,18041.0,588.6936196000346,5.147058823529412,129,136,7,0,129,136,23047,0,0,0,0,0
2020-07-28,US,Indiana,Floyd,609,44,0,38.32117957,-85.90385377,18043.0,775.578818675021,7.22495894909688,565,583,44,0,539,577,77781,26,0,0,26,6
2020-07-28,US,Indiana,Fountain,57,2,0,40.12361933,-87.24217689,18045.0,348.7091643215465,3.5087719298245608,55,55,2,0,53,54,16351,2,0,0,2,1
2020-07-28,US,Indiana,Franklin,175,8,0,39.4142482,-85.06062647,18047.0,768.9603655857281,4.571428571428571,167,173,8,0,165,173,22736,2,0,0,2,0
2020-07-28,US,Indiana,Fulton,122,1,0,41.0469907,-86.26252745,18049.0,610.7940322419145,0.819672131147541,121,119,1,0,118,109,20092,3,0,0,3,10
2020-07-28,US,Indiana,Gibson,186,2,0,38.30393723,-87.58054938,18051.0,552.6010873763331,1.075268817204301,184,182,2,0,180,180,33452,4,0,0,4,2
2020-07-28,US,Indiana,Grant,472,29,0,40.51587228,-85.65468702,18053.0,717.6633368304216,6.1440677966101696,443,462,29,0,433,460,65936,10,0,0,10,2
2020-07-28,US,Indiana,Greene,225,34,0,39.03630547,-86.96223202,18055.0,704.8430549464322,15.111111111111109,191,222,34,0,188,222,32006,3,0,0,3,0
2020-07-28,US,Indiana,Hamilton,2288,103,0,40.07306535,-86.05244729,18057.0,676.9010475990426,4.501748251748252,2185,2253,103,0,2150,2230,330086,35,0,0,35,23
2020-07-28,US,Indiana,Hancock,579,37,0,39.82304555,-85.77566351,18059.0,740.7123119435063,6.390328151986183,542,580,37,0,543,570,76351,-1,0,0,-1,10
2020-07-28,US,Indiana,Harrison,263,22,0,38.19467379,-86.10948271,18061.0,649.1422929779094,8.365019011406844,241,252,22,0,230,248,40350,11,0,0,11,4
2020-07-28,US,Indiana,Hendricks,1666,105,0,39.76719009,-86.51037283,18063.0,978.210450293874,6.302521008403361,1561,1660,105,0,1555,1644,167009,6,0,0,6,16
2020-07-28,US,Indiana,Henry,346,18,0,39.93029017,-85.39625719,18065.0,721.2540648711748,5.202312138728324,328,344,18,0,326,342,48271,2,0,0,2,2
2020-07-28,US,Indiana,Howard,758,63,0,40.48527731,-86.11351892,18067.0,918.2981197906572,8.311345646437994,695,751,63,0,688,738,82366,7,0,0,7,13
2020-07-28,US,Indiana,Huntington,116,3,0,40.82907273,-85.48822092,18069.0,317.6341730558598,2.586206896551724,113,116,3,0,113,115,36240,0,0,0,0,1
2020-07-28,US,Indiana,Jackson,532,4,0,38.90915820000001,-86.03851889,18071.0,1202.7763333408695,0.7518796992481203,528,526,4,0,522,525,44111,6,0,0,6,1
2020-07-28,US,Indiana,Jasper,189,2,0,41.02078733,-87.11553319,18073.0,563.1368809963649,1.058201058201058,187,188,2,0,186,187,33370,1,0,0,1,1
2020-07-28,US,Indiana,Jay,75,0,0,40.43781032,-85.00576229,18075.0,366.9994128009394,0.0,75,75,0,0,75,75,20764,0,0,0,0,0
2020-07-28,US,Indiana,Jefferson,145,2,0,38.78576239,-85.43633383,18077.0,448.80524947381446,1.3793103448275863,143,143,2,0,141,142,32208,2,0,0,2,1
2020-07-28,US,Indiana,Jennings,195,12,0,38.99588883,-85.62710784,18079.0,703.0827474310437,6.153846153846153,183,194,12,0,182,194,27611,1,0,0,1,0
2020-07-28,US,Indiana,Johnson,1574,118,0,39.48994426,-86.10149107,18081.0,995.1506951513272,7.496823379923762,1456,1555,118,0,1437,1549,156225,19,0,0,19,6
2020-07-28,US,Indiana,Knox,113,0,0,38.68861576,-87.4194665,18083.0,308.79379133191236,0.0,113,107,0,0,107,105,36895,6,0,0,6,2
2020-07-28,US,Indiana,Kosciusko,768,11,0,41.24521668,-85.86312322,18085.0,966.5726943213854,1.4322916666666667,757,766,11,0,755,760,79344,2,0,0,2,6
2020-07-28,US,Indiana,LaGrange,528,10,0,41.64232188,-85.42674232,18087.0,1332.8621194527188,1.893939393939394,518,524,10,0,514,524,39330,4,0,0,4,0
2020-07-28,US,Indiana,LaPorte,772,29,0,41.54366008,-86.74072188,18091.0,702.533488642982,3.756476683937824,743,760,29,0,731,751,110007,12,0,0,12,9
2020-07-28,US,Indiana,Lake,6791,266,0,41.41874274,-87.38277575,18089.0,1398.784328507311,3.9169489029598,6525,6731,265,0,6466,6678,484411,60,1,0,59,53
2020-07-28,US,Indiana,Lawrence,300,27,0,38.84112637,-86.48361629,18093.0,661.2298875909191,9.0,273,297,27,0,270,296,45668,3,0,0,3,1
2020-07-28,US,Indiana,Madison,774,64,0,40.16143691,-85.71964711,18095.0,597.3651104816737,8.268733850129198,710,767,64,0,703,760,129641,7,0,0,7,7
2020-07-28,US,Indiana,Marion,13954,713,0,39.78163624,-86.13826325,18097.0,1446.6369888718634,5.1096459796474125,13241,13818,713,0,13105,13700,954670,136,0,0,136,118
2020-07-28,US,Indiana,Marshall,718,20,0,41.32467367,-86.26185087,18099.0,1552.1639500194558,2.7855153203342615,698,712,19,0,693,702,46248,6,1,0,5,10
2020-07-28,US,Indiana,Martin,40,0,0,38.7099921,-86.80373186,18101.0,390.05363237445147,0.0,40,39,0,0,39,39,10217,1,0,0,1,0
2020-07-28,US,Indiana,Miami,241,2,0,40.76940965,-86.04525048,18103.0,678.5674062394414,0.8298755186721992,239,236,2,0,234,236,35567,5,0,0,5,0
2020-07-28,US,Indiana,Monroe,620,30,0,39.16130004,-86.52414358,18105.0,417.702501499013,4.838709677419356,590,603,29,0,574,596,146917,17,1,0,16,7
2020-07-28,US,Indiana,Montgomery,321,21,0,40.04034823,-86.89335024,18107.0,837.2893734675778,6.542056074766355,300,319,21,0,298,317,38346,2,0,0,2,2
2020-07-28,US,Indiana,Morgan,399,31,0,39.47899078,-86.44573375,18109.0,566.0457660060438,7.769423558897243,368,393,31,0,362,393,70116,6,0,0,6,0
2020-07-28,US,Indiana,Newton,106,10,0,40.95610449,-87.39635768,18111.0,758.0091533180777,9.433962264150944,96,105,10,0,95,105,14011,1,0,0,1,0
2020-07-28,US,Indiana,Noble,605,28,0,41.39672484,-85.41966713,18113.0,1267.1749329758713,4.628099173553719,577,602,28,0,574,599,47532,3,0,0,3,3
2020-07-28,US,Indiana,Ohio,37,3,0,38.955304999999996,-84.96515993,18115.0,629.7872340425532,8.108108108108109,34,36,3,0,33,36,5844,1,0,0,1,0
2020-07-28,US,Indiana,Orange,156,24,0,38.54118920000001,-86.49523093,18117.0,794.0547694187112,15.384615384615385,132,158,24,0,134,158,19489,-2,0,0,-2,0
2020-07-28,US,Indiana,Owen,70,1,0,39.31145587,-86.83900724,18119.0,336.5546420500985,1.4285714285714286,69,70,1,0,69,70,20845,0,0,0,0,0
2020-07-28,US,Indiana,Parke,38,0,0,39.77202286,-87.20375833,18121.0,224.36086674145363,0.0,38,38,0,0,38,40,16927,0,0,0,0,-2
2020-07-28,US,Indiana,Perry,164,12,0,38.07809328,-86.63741946,18123.0,855.5480202410141,7.317073170731707,152,163,12,0,151,163,19102,1,0,0,1,0
2020-07-28,US,Indiana,Pike,28,0,0,38.40112197,-87.23574907,18125.0,226.00694164177898,0.0,28,26,0,0,26,25,12410,2,0,0,2,1
2020-07-28,US,Indiana,Porter,1083,39,0,41.45986947,-87.06848888,18127.0,635.6044110828751,3.601108033240997,1044,1059,38,0,1021,1041,169594,24,1,0,23,18
2020-07-28,US,Indiana,Posey,147,0,0,38.02097333,-87.86480429,18129.0,578.1256145042671,0.0,147,145,0,0,145,143,25540,2,0,0,2,2
2020-07-28,US,Indiana,Pulaski,69,1,0,41.04166107,-86.69890683,18131.0,558.5687687201488,1.4492753623188406,68,69,1,0,68,69,12469,0,0,0,0,0
2020-07-28,US,Indiana,Putnam,212,8,0,39.66437981,-86.84517605,18133.0,564.1899084522036,3.7735849056603774,204,208,8,0,200,207,37779,4,0,0,4,1
2020-07-28,US,Indiana,Randolph,96,4,0,40.15734772,-85.01139319,18135.0,389.21548753294144,4.166666666666667,92,92,4,0,88,92,24851,4,0,0,4,0
2020-07-28,US,Indiana,Ripley,179,7,0,39.10235626,-85.26212744,18137.0,631.9728851857083,3.910614525139665,172,177,7,0,170,179,28523,2,0,0,2,-2
2020-07-28,US,Indiana,Rush,78,4,0,39.62002287,-85.4655599,18139.0,470.41794825402565,5.128205128205129,74,76,4,0,72,76,16663,2,0,0,2,0
2020-07-28,US,Indiana,Scott,228,10,0,38.68672078,-85.74627859,18143.0,955.0538264985547,4.385964912280701,218,223,10,0,213,223,23878,5,0,0,5,0
2020-07-28,US,Indiana,Shelby,493,26,0,39.52305623,-85.79158570000001,18145.0,1102.1932079858705,5.273833671399594,467,491,25,0,466,491,44593,2,1,0,1,0
2020-07-28,US,Indiana,Spencer,105,2,0,38.01519732,-87.0079644,18147.0,517.8280810770824,1.9047619047619049,103,104,1,0,103,102,20327,1,1,0,0,2
2020-07-28,US,Indiana,St. Joseph,2854,76,0,41.61756781,-86.29040834,18141.0,1049.9363563456034,2.6629292221443586,2778,2830,76,0,2754,2801,270771,24,0,0,24,29
2020-07-28,US,Indiana,Starke,151,5,0,41.27890281,-86.64686895,18149.0,656.6644922809306,3.3112582781456954,146,151,4,0,147,150,22935,0,1,0,-1,1
2020-07-28,US,Indiana,Steuben,189,3,0,41.64423868,-85.00101094,18151.0,546.3375151760421,1.5873015873015872,186,186,3,0,183,185,34586,3,0,0,3,1
2020-07-28,US,Indiana,Sullivan,66,1,0,39.08952258,-87.41414469,18153.0,319.318786588611,1.5151515151515151,65,66,1,0,65,66,20690,0,0,0,0,0
2020-07-28,US,Indiana,Switzerland,38,0,0,38.82767338,-85.03022429,18155.0,353.45549251232444,0.0,38,38,0,0,38,37,10717,0,0,0,0,1
2020-07-28,US,Indiana,Tippecanoe,996,11,0,40.38872739,-86.89413959,18157.0,508.85905217337995,1.104417670682731,985,979,11,0,968,972,193048,17,0,0,17,7
2020-07-28,US,Indiana,Tipton,87,3,0,40.31123252,-86.05234925,18159.0,574.3332453129126,3.4482758620689653,84,82,2,0,80,74,15128,5,1,0,4,8
2020-07-28,US,Indiana,Unassigned,0,199,0,0.0,0.0,90018.0,0.0,0.0,-199,0,197,0,-197,0,,0,2,0,-2,0
2020-07-28,US,Indiana,Union,24,0,0,39.62550777,-84.92497066,18161.0,340.2324922030054,0.0,24,24,0,0,24,22,7037,0,0,0,0,2
2020-07-28,US,Indiana,Vanderburgh,1500,8,0,38.02658833,-87.58763124,18163.0,826.6694589723948,0.5333333333333333,1492,1458,7,0,1451,1433,180974,42,1,0,41,25
2020-07-28,US,Indiana,Vermillion,22,0,0,39.8523352,-87.46160542,18165.0,141.95380049038585,0.0,22,22,0,0,22,22,15479,0,0,0,0,0
2020-07-28,US,Indiana,Vigo,386,9,0,39.42944561,-87.39169027,18167.0,360.6195930417235,2.33160621761658,377,374,9,0,365,379,107386,12,0,0,12,-5
2020-07-28,US,Indiana,Wabash,147,3,0,40.84704239,-85.79328272,18169.0,474.2547425474256,2.0408163265306123,144,145,3,0,142,144,31280,2,0,0,2,1
2020-07-28,US,Indiana,Warren,19,1,0,40.34728141,-87.35602659,18171.0,229.88505747126442,5.2631578947368425,18,19,1,0,18,19,8263,0,0,0,0,0
2020-07-28,US,Indiana,Warrick,439,29,0,38.08922676,-87.2716085,18173.0,696.8475189688562,6.605922551252848,410,431,29,0,402,426,62567,8,0,0,8,5
2020-07-28,US,Indiana,Washington,91,1,0,38.60219804,-86.1049363,18175.0,324.58267941218435,1.0989010989010992,90,88,1,0,87,87,27943,3,0,0,3,1
2020-07-28,US,Indiana,Wayne,274,8,0,39.863344399999995,-85.01044989,18177.0,415.88246008135513,2.9197080291970803,266,270,7,0,263,262,65936,4,1,0,3,8
2020-07-28,US,Indiana,Wells,117,2,0,40.72934187,-85.22132966,18179.0,413.48600508905855,1.709401709401709,115,117,1,0,116,115,28206,0,1,0,-1,2
2020-07-28,US,Indiana,White,329,10,0,40.74911165,-86.86492015,18181.0,1365.0319475562194,3.0395136778115504,319,327,10,0,317,326,24133,2,0,0,2,1
2020-07-28,US,Indiana,Whitley,138,6,0,41.13863784,-85.50791236,18183.0,406.31256624661415,4.3478260869565215,132,137,6,0,131,136,34074,1,0,0,1,1
2020-07-28,US,Iowa,Adair,20,0,0,41.33075609,-94.47105874,19001.0,279.6420581655481,0.0,20,20,0,0,20,20,7063,0,0,0,0,0
2020-07-28,US,Iowa,Adams,13,0,0,41.02903567,-94.69932645,19003.0,360.9106052193227,0.0,13,13,0,0,13,13,3645,0,0,0,0,0
2020-07-28,US,Iowa,Allamakee,145,4,0,43.28383218,-91.37860922,19005.0,1059.3994301161686,2.7586206896551726,141,146,4,0,142,145,13832,-1,0,0,-1,1
2020-07-28,US,Iowa,Appanoose,36,3,0,40.74324454,-92.86865906,19007.0,289.71511347175283,8.333333333333334,33,36,3,0,33,36,12437,0,0,0,0,0
2020-07-28,US,Iowa,Audubon,25,1,0,41.6844628,-94.90581859,19009.0,454.8762736535662,4.0,24,25,1,0,24,25,5506,0,0,0,0,0
2020-07-28,US,Iowa,Benton,117,1,0,42.08011739,-92.06463573,19011.0,456.22928446090856,0.8547008547008547,116,117,1,0,116,113,25642,0,0,0,0,4
2020-07-28,US,Iowa,Black Hawk,2886,62,0,42.4704581,-92.30524729,19013.0,2199.2257749870455,2.1483021483021485,2824,2868,62,0,2806,2850,132408,18,0,0,18,18
2020-07-28,US,Iowa,Boone,219,1,0,42.03657094,-93.9313999,19015.0,834.7945414347793,0.45662100456620996,218,218,1,0,217,214,26346,1,0,0,1,4
2020-07-28,US,Iowa,Bremer,169,7,0,42.77461496,-92.31795937,19017.0,674.3276673848854,4.142011834319527,162,166,7,0,159,164,24947,3,0,0,3,2
2020-07-28,US,Iowa,Buchanan,94,1,0,42.4709188,-91.83510825,19019.0,443.91971664698923,1.0638297872340423,93,91,1,0,90,90,21199,3,0,0,3,1
2020-07-28,US,Iowa,Buena Vista,1777,12,0,42.73545875,-95.15100162,19021.0,9057.084607543324,0.6752954417557682,1765,1776,12,0,1764,1775,19874,1,0,0,1,1
2020-07-28,US,Iowa,Butler,99,2,0,42.73172833,-92.79015971,19023.0,685.6430500727197,2.0202020202020203,97,99,2,0,97,97,14539,0,0,0,0,2
2020-07-28,US,Iowa,Calhoun,76,2,0,42.38521079,-94.64046046,19025.0,786.0984691766652,2.631578947368421,74,75,2,0,73,73,9699,1,0,0,1,2
2020-07-28,US,Iowa,Carroll,168,1,0,42.03617207,-94.86032705,19027.0,833.1267046863377,0.5952380952380952,167,168,1,0,167,169,20154,0,0,0,0,-1
2020-07-28,US,Iowa,Cass,36,0,0,41.33149454,-94.92792482,19029.0,280.4612028669368,0.0,36,37,0,0,37,37,12930,-1,0,0,-1,0
2020-07-28,US,Iowa,Cedar,110,1,0,41.77233777,-91.13246684,19031.0,590.5406130885274,0.9090909090909092,109,109,1,0,108,109,18627,1,0,0,1,0
2020-07-28,US,Iowa,Cerro Gordo,552,16,0,43.08177563,-93.2612239,19033.0,1300.3533568904593,2.898550724637681,536,552,16,0,536,534,42647,0,0,0,0,18
2020-07-28,US,Iowa,Cherokee,96,1,0,42.73538914,-95.62389402,19035.0,854.4726301735648,1.0416666666666667,95,96,1,0,95,96,11321,0,0,0,0,0
2020-07-28,US,Iowa,Chickasaw,48,0,0,43.06001295,-92.31773347,19037.0,402.2458727897428,0.0,48,47,0,0,47,45,11964,1,0,0,1,2
2020-07-28,US,Iowa,Clarke,161,3,0,41.02868181,-93.78499767,19039.0,1713.6774880255452,1.8633540372670807,158,161,3,0,158,161,9423,0,0,0,0,0
2020-07-28,US,Iowa,Clay,167,1,0,43.08247182,-95.15096481,19041.0,1042.7072927072927,0.5988023952095808,166,166,1,0,165,166,16134,1,0,0,1,0
2020-07-28,US,Iowa,Clayton,84,3,0,42.84443388,-91.34133693,19043.0,478.6597526924611,3.571428571428572,81,82,3,0,79,79,17556,2,0,0,2,3
2020-07-28,US,Iowa,Clinton,247,2,0,41.89981633,-90.53275096,19045.0,531.9950892760991,0.8097165991902834,245,243,2,0,241,235,46518,4,0,0,4,8
2020-07-28,US,Iowa,Crawford,702,3,0,42.03718237,-95.3819718,19047.0,4173.60285374554,0.4273504273504273,699,699,3,0,696,697,17158,3,0,0,3,2
2020-07-28,US,Iowa,Dallas,1677,34,0,41.68560356,-94.04127625,19049.0,1794.4849282527045,2.0274299344066784,1643,1674,34,0,1640,1670,90180,3,0,0,3,4
2020-07-28,US,Iowa,Davis,48,1,0,40.74773536,-92.41005468,19051.0,533.3333333333334,2.083333333333333,47,48,1,0,47,48,9017,0,0,0,0,0
2020-07-28,US,Iowa,Decatur,17,0,0,40.73742757,-93.78645949,19053.0,216.01016518424402,0.0,17,17,0,0,17,17,7890,0,0,0,0,0
2020-07-28,US,Iowa,Delaware,80,1,0,42.47104597,-91.3664492,19055.0,470.28393392510736,1.25,79,79,1,0,78,78,17069,1,0,0,1,1
2020-07-28,US,Iowa,Des Moines,132,2,0,40.92012606,-91.18326592,19057.0,338.74817152975595,1.5151515151515151,130,131,2,0,129,127,39138,1,0,0,1,4
2020-07-28,US,Iowa,Dickinson,361,4,0,43.37787725,-95.1510206,19059.0,2091.783520686058,1.10803324099723,357,359,4,0,355,357,17153,2,0,0,2,2
2020-07-28,US,Iowa,Dubuque,1384,26,0,42.46815349,-90.88181925,19061.0,1422.2441450606818,1.8786127167630056,1358,1368,26,0,1342,1355,96854,16,0,0,16,13
2020-07-28,US,Iowa,Emmet,148,1,0,43.37782951,-94.67858943,19063.0,1607.2980017376196,0.6756756756756757,147,145,1,0,144,144,9253,3,0,0,3,1
2020-07-28,US,Iowa,Fayette,72,0,0,42.86271799,-91.8441231,19065.0,366.412213740458,0.0,72,71,0,0,71,71,19660,1,0,0,1,0
2020-07-28,US,Iowa,Floyd,96,2,0,43.06000529999999,-92.78940097,19067.0,613.7322593018797,2.083333333333333,94,95,2,0,93,95,15761,1,0,0,1,0
2020-07-28,US,Iowa,Franklin,175,3,0,42.73270384,-93.26256925,19069.0,1737.8351539225425,1.7142857142857142,172,173,3,0,170,170,10124,2,0,0,2,3
2020-07-28,US,Iowa,Fremont,25,0,0,40.74542720000001,-95.60129045,19071.0,359.19540229885064,0.0,25,23,0,0,23,24,6993,2,0,0,2,-1
2020-07-28,US,Iowa,Greene,37,0,0,42.03614551,-94.39658081,19073.0,416.2916291629163,0.0,37,37,0,0,37,37,8981,0,0,0,0,0
2020-07-28,US,Iowa,Grundy,66,1,0,42.40183723,-92.78829551,19075.0,539.568345323741,1.5151515151515151,65,65,1,0,64,65,12304,1,0,0,1,0
2020-07-28,US,Iowa,Guthrie,122,5,0,41.68378965,-94.50111014,19077.0,1141.3602769201984,4.0983606557377055,117,122,5,0,117,119,10720,0,0,0,0,3
2020-07-28,US,Iowa,Hamilton,228,1,0,42.38382428,-93.70197703,19079.0,1543.3561226561972,0.43859649122807015,227,226,1,0,225,217,14952,2,0,0,2,9
2020-07-28,US,Iowa,Hancock,106,2,0,43.08178477,-93.73454884,19081.0,997.1777986829727,1.8867924528301887,104,105,2,0,103,105,10712,1,0,0,1,0
2020-07-28,US,Iowa,Hardin,139,0,0,42.38353877,-93.23654611,19083.0,825.1216906090468,0.0,139,138,0,0,138,138,16868,1,0,0,1,0
2020-07-28,US,Iowa,Harrison,84,0,0,41.68330137,-95.81558439,19085.0,597.9073243647233,0.0,84,84,0,0,84,83,14134,0,0,0,0,1
2020-07-28,US,Iowa,Henry,107,3,0,40.98767962,-91.54436349,19087.0,536.233336674351,2.803738317757009,104,105,3,0,102,104,20067,2,0,0,2,1
2020-07-28,US,Iowa,Howard,47,0,0,43.35671042,-92.31702714,19089.0,513.2124918104388,0.0,47,47,0,0,47,44,9187,0,0,0,0,3
2020-07-28,US,Iowa,Humboldt,84,1,0,42.7764426,-94.20722537,19091.0,878.8449466415567,1.1904761904761905,83,82,1,0,81,72,9547,2,0,0,2,10
2020-07-28,US,Iowa,Ida,28,0,0,42.38696136,-95.51355387,19093.0,408.1632653061225,0.0,28,28,0,0,28,29,6841,0,0,0,0,-1
2020-07-28,US,Iowa,Iowa,78,1,0,41.68630265,-92.0643373,19095.0,481.9574888779042,1.2820512820512822,77,77,1,0,76,75,16141,1,0,0,1,2
2020-07-28,US,Iowa,Jackson,126,0,0,42.17178824,-90.57354837,19097.0,648.1814908174289,0.0,126,126,0,0,126,123,19432,0,0,0,0,3
2020-07-28,US,Iowa,Jasper,439,24,0,41.68576082,-93.05567785,19099.0,1180.5835686432702,5.466970387243736,415,439,23,0,416,438,37147,0,1,0,-1,1
2020-07-28,US,Iowa,Jefferson,72,0,0,41.03192394,-91.94849466,19101.0,393.5501503142936,0.0,72,71,0,0,71,71,18381,1,0,0,1,0
2020-07-28,US,Iowa,Johnson,1781,12,0,41.67169354,-91.58754744,19103.0,1178.3776630938205,0.673778775968557,1769,1766,12,0,1754,1751,151260,15,0,0,15,15
2020-07-28,US,Iowa,Jones,112,1,0,42.12118609,-91.13139641,19105.0,541.5598858855955,0.8928571428571429,111,111,1,0,110,107,20744,1,0,0,1,4
2020-07-28,US,Iowa,Keokuk,27,1,0,41.33649833,-92.1785067,19107.0,263.51747023228575,3.703703703703704,26,27,1,0,26,28,10225,0,0,0,0,-1
2020-07-28,US,Iowa,Kossuth,72,0,0,43.20405458,-94.20691791,19109.0,486.05954229393103,0.0,72,72,0,0,72,72,14908,0,0,0,0,0
2020-07-28,US,Iowa,Lee,80,2,0,40.64181461,-91.48183025,19111.0,237.69201057729447,2.5,78,77,2,0,75,76,34055,3,0,0,3,1
2020-07-28,US,Iowa,Linn,1877,87,0,42.07923082,-91.59809485,19113.0,827.9445625612027,4.6350559403303135,1790,1851,87,0,1764,1826,225909,26,0,0,26,25
2020-07-28,US,Iowa,Louisa,374,14,0,41.21842119,-91.26102611,19115.0,3389.216130493883,3.7433155080213902,360,373,13,0,360,374,11169,1,1,0,0,-1
2020-07-28,US,Iowa,Lucas,40,4,0,41.02958964,-93.32780803,19117.0,465.11627906976736,10.0,36,40,4,0,36,40,8645,0,0,0,0,0
2020-07-28,US,Iowa,Lyon,91,0,0,43.38107862,-96.20926845,19119.0,774.1386643981284,0.0,91,90,0,0,90,90,11811,1,0,0,1,0
2020-07-28,US,Iowa,Madison,87,2,0,41.33081904,-94.01554631,19121.0,532.5009181050312,2.2988505747126435,85,87,2,0,85,85,16249,0,0,0,0,2
2020-07-28,US,Iowa,Mahaska,133,17,0,41.33521503,-92.64083907,19123.0,601.9461416610092,12.781954887218044,116,132,17,0,115,132,22000,1,0,0,1,0
2020-07-28,US,Iowa,Marion,138,0,0,41.33445101,-93.09934783,19125.0,415.00015036237335,0.0,138,137,0,0,137,136,33407,1,0,0,1,1
2020-07-28,US,Iowa,Marshall,1316,23,0,42.03586837,-92.9990819,19127.0,3342.731590845589,1.7477203647416413,1293,1310,23,0,1287,1298,39981,6,0,0,6,12
2020-07-28,US,Iowa,Mills,70,0,0,41.03299766,-95.61920963,19129.0,463.30001985571516,0.0,70,71,0,0,71,68,15063,-1,0,0,-1,3
2020-07-28,US,Iowa,Mitchell,75,0,0,43.35638371,-92.78887719,19131.0,708.4829019459662,0.0,75,75,0,0,75,76,10569,0,0,0,0,-1
2020-07-28,US,Iowa,Monona,88,0,0,42.05220391,-95.95743843,19133.0,1021.4741729541496,0.0,88,87,0,0,87,86,8679,1,0,0,1,1
2020-07-28,US,Iowa,Monroe,66,7,0,41.02988815,-92.8690667,19135.0,856.3643441027639,10.606060606060606,59,65,7,0,58,65,7790,1,0,0,1,0
2020-07-28,US,Iowa,Montgomery,40,2,0,41.03018714,-95.15642896,19137.0,403.34778662902085,5.0,38,38,2,0,36,38,10003,2,0,0,2,0
2020-07-28,US,Iowa,Muscatine,778,46,0,41.48370744,-91.1121697,19139.0,1823.551471966998,5.912596401028278,732,772,46,0,726,770,42929,6,0,0,6,2
2020-07-28,US,Iowa,O'Brien,113,1,0,43.08310673,-95.62474482,19141.0,821.6389151457864,0.8849557522123894,112,112,1,0,111,111,13840,1,0,0,1,1
2020-07-28,US,Iowa,Osceola,75,0,0,43.37824276,-95.62422844,19143.0,1258.8116817724072,0.0,75,75,0,0,75,75,6040,0,0,0,0,0
2020-07-28,US,Iowa,Page,56,0,0,40.7393172,-95.1497813,19145.0,370.6890845303502,0.0,56,56,0,0,56,56,15249,0,0,0,0,0
2020-07-28,US,Iowa,Palo Alto,65,0,0,43.08193849,-94.67824621,19147.0,731.4877335133917,0.0,65,64,0,0,64,63,8929,1,0,0,1,1
2020-07-28,US,Iowa,Plymouth,417,8,0,42.737633,-96.21366621,19149.0,1656.2735830321326,1.9184652278177456,409,416,8,0,408,411,25095,1,0,0,1,5
2020-07-28,US,Iowa,Pocahontas,112,1,0,42.73420133,-94.67862564,19151.0,1692.0985043057865,0.8928571428571429,111,112,1,0,111,111,6740,0,0,0,0,1
2020-07-28,US,Iowa,Polk,9126,193,0,41.68679484,-93.57767461,19153.0,1861.8372330723987,2.1148367302213456,8933,9109,193,0,8916,9080,487204,17,0,0,17,29
2020-07-28,US,Iowa,Pottawattamie,1054,19,0,41.33640314,-95.53907776,19155.0,1130.828487436431,1.802656546489564,1035,1049,19,0,1030,1040,93533,5,0,0,5,9
2020-07-28,US,Iowa,Poweshiek,128,8,0,41.68625425,-92.53155731,19157.0,691.7423259835713,6.25,120,123,8,0,115,123,18699,5,0,0,5,0
2020-07-28,US,Iowa,Ringgold,21,1,0,40.73518949,-94.24368535,19159.0,429.09685328974257,4.761904761904762,20,21,1,0,20,21,4968,0,0,0,0,0
2020-07-28,US,Iowa,Sac,76,0,0,42.38624071,-95.10547892,19161.0,781.8125707231766,0.0,76,76,0,0,76,76,9719,0,0,0,0,0
2020-07-28,US,Iowa,Scott,1500,11,0,41.63935978,-90.61959493,19163.0,867.3377933770088,0.7333333333333333,1489,1491,11,0,1480,1483,173283,9,0,0,9,8
2020-07-28,US,Iowa,Shelby,139,0,0,41.6850066,-95.31015553,19165.0,1213.549851580234,0.0,139,135,0,0,135,133,11578,4,0,0,4,2
2020-07-28,US,Iowa,Sioux,568,1,0,43.08221074,-96.1767568,19167.0,1629.6083775641946,0.17605633802816897,567,563,1,0,562,560,34909,5,0,0,5,3
2020-07-28,US,Iowa,Story,1057,11,0,42.03621213,-93.46499005,19169.0,1088.3779358917595,1.0406811731315042,1046,1055,11,0,1044,1045,98105,2,0,0,2,10
2020-07-28,US,Iowa,Tama,524,29,0,42.07991767,-92.53266945,19171.0,3109.054230449745,5.534351145038168,495,521,29,0,492,520,16904,3,0,0,3,1
2020-07-28,US,Iowa,Taylor,93,0,0,40.73710579,-94.69778563,19173.0,1519.3595817676846,0.0,93,93,0,0,93,93,6191,0,0,0,0,0
2020-07-28,US,Iowa,Unassigned,8,0,0,0.0,0.0,90019.0,0.0,0.0,8,2,0,0,2,5,,6,0,0,6,-3
2020-07-28,US,Iowa,Union,66,1,0,41.0277278,-94.24234847,19175.0,539.1716363042235,1.5151515151515151,65,64,1,0,63,64,12359,2,0,0,2,0
2020-07-28,US,Iowa,Van Buren,24,1,0,40.75326764,-91.95017958,19177.0,340.71550255536624,4.166666666666667,23,24,1,0,23,23,7020,0,0,0,0,1
2020-07-28,US,Iowa,Wapello,808,31,0,41.03064984,-92.40954728,19179.0,2310.6179759215306,3.836633663366337,777,796,31,0,765,788,35205,12,0,0,12,8
2020-07-28,US,Iowa,Warren,478,1,0,41.33559454,-93.56007641,19181.0,928.7685073640848,0.20920502092050208,477,474,1,0,473,468,51056,4,0,0,4,6
2020-07-28,US,Iowa,Washington,281,10,0,41.33577126,-91.71725711,19183.0,1279.3079899840654,3.5587188612099645,271,280,9,0,271,278,22141,1,1,0,0,2
2020-07-28,US,Iowa,Wayne,14,1,0,40.73969028,-93.32752197,19185.0,217.3575531749728,7.142857142857142,13,14,1,0,13,14,6401,0,0,0,0,0
2020-07-28,US,Iowa,Webster,657,5,0,42.42853483,-94.17987389,19187.0,1829.8796791443847,0.7610350076103499,652,654,5,0,649,609,36277,3,0,0,3,45
2020-07-28,US,Iowa,Winnebago,69,0,0,43.37751174,-93.73407298,19189.0,666.4091172493722,0.0,69,69,0,0,69,68,10518,0,0,0,0,1
2020-07-28,US,Iowa,Winneshiek,72,1,0,43.29094334,-91.84422722,19191.0,360.1620729328198,1.3888888888888888,71,71,1,0,70,71,20029,1,0,0,1,0
2020-07-28,US,Iowa,Woodbury,3575,47,0,42.38979414,-96.0459439,19193.0,3467.2718632100627,1.3146853146853146,3528,3569,47,0,3522,3554,102539,6,0,0,6,15
2020-07-28,US,Iowa,Worth,51,0,0,43.37750768,-93.26087602,19195.0,690.9632841078445,0.0,51,51,0,0,51,50,7453,0,0,0,0,1
2020-07-28,US,Iowa,Wright,431,1,0,42.73305373,-93.73515113,19197.0,3430.9823276548327,0.2320185614849188,430,431,1,0,430,427,12690,0,0,0,0,4
2020-07-28,US,Kansas,Allen,14,0,0,37.88582951,-95.30030847,20001.0,113.18619128466328,0.0,14,12,0,0,12,11,12444,2,0,0,2,1
2020-07-28,US,Kansas,Anderson,26,0,0,38.21413251,-95.29272815,20003.0,330.8729956731993,0.0,26,25,0,0,25,25,7878,1,0,0,1,0
2020-07-28,US,Kansas,Atchison,59,0,0,39.53185661,-95.30870026,20005.0,367.0752193118895,0.0,59,59,0,0,59,56,16193,0,0,0,0,3
2020-07-28,US,Kansas,Barber,4,0,0,37.2288586,-98.68460053,20007.0,90.35464196973119,0.0,4,4,0,0,4,4,4472,0,0,0,0,0
2020-07-28,US,Kansas,Barton,97,3,0,38.47889676,-98.75636726,20009.0,376.275262810815,3.0927835051546397,94,95,3,0,92,92,26111,2,0,0,2,3
2020-07-28,US,Kansas,Bourbon,65,1,0,37.85508555,-94.84865997,20011.0,447.22719141323785,1.5384615384615383,64,62,1,0,61,62,14653,3,0,0,3,0
2020-07-28,US,Kansas,Brown,27,0,0,39.82652589,-95.56421698,20013.0,282.3086574654956,0.0,27,27,0,0,27,27,9598,0,0,0,0,0
2020-07-28,US,Kansas,Butler,181,0,0,37.78134351,-96.83878537,20015.0,270.508586032192,0.0,181,169,0,0,169,155,66765,12,0,0,12,14
2020-07-28,US,Kansas,Chase,6,0,0,38.30292938,-96.59563862,20017.0,226.5861027190332,0.0,6,6,0,0,6,6,2629,0,0,0,0,0
2020-07-28,US,Kansas,Chautauqua,5,0,0,37.14994405,-96.2454192,20019.0,153.84615384615384,0.0,5,5,0,0,5,5,3309,0,0,0,0,0
2020-07-28,US,Kansas,Cherokee,67,1,0,37.16928494,-94.8462897,20021.0,336.0248758714078,1.492537313432836,66,67,1,0,66,64,20015,0,0,0,0,3
2020-07-28,US,Kansas,Cheyenne,2,0,0,39.78580976,-101.7318201,20023.0,75.27286413248024,0.0,2,2,0,0,2,2,2660,0,0,0,0,0
2020-07-28,US,Kansas,Clark,41,1,0,37.23577007,-99.81883015,20025.0,2056.1685055165494,2.4390243902439024,40,41,1,0,40,40,2005,0,0,0,0,1
2020-07-28,US,Kansas,Clay,17,2,0,39.34948772,-97.16518128,20027.0,212.44688827793053,11.764705882352944,15,17,2,0,15,15,7997,0,0,0,0,2
2020-07-28,US,Kansas,Cloud,28,0,0,39.48028352,-97.64925343,20029.0,318.6888231277032,0.0,28,28,0,0,28,26,8729,0,0,0,0,2
2020-07-28,US,Kansas,Coffey,64,8,0,38.2365018,-95.73379515,20031.0,782.4917471573543,12.5,56,64,8,0,56,63,8233,0,0,0,0,1
2020-07-28,US,Kansas,Comanche,3,0,0,37.19114520000001,-99.27113247,20033.0,176.47058823529412,0.0,3,3,0,0,3,3,1748,0,0,0,0,0
2020-07-28,US,Kansas,Cowley,140,2,0,37.23781842,-96.83776647,20035.0,401.0541996104045,1.4285714285714286,138,140,2,0,138,128,35218,0,0,0,0,12
2020-07-28,US,Kansas,Crawford,364,1,0,37.50675523,-94.85245778,20037.0,937.7093101138647,0.27472527472527475,363,364,1,0,363,358,39019,0,0,0,0,6
2020-07-28,US,Kansas,Decatur,5,0,0,39.78468441,-100.45940809999999,20039.0,176.86593562079943,0.0,5,5,0,0,5,5,2871,0,0,0,0,0
2020-07-28,US,Kansas,Dickinson,39,1,0,38.86600962,-97.15532383,20041.0,211.19896025127255,2.5641025641025643,38,39,1,0,38,35,18717,0,0,0,0,4
2020-07-28,US,Kansas,Doniphan,43,0,0,39.79067154,-95.14056866,20043.0,565.7894736842105,0.0,43,43,0,0,43,43,7682,0,0,0,0,0
2020-07-28,US,Kansas,Douglas,614,2,0,38.88503636,-95.2925121,20045.0,502.212516051988,0.3257328990228013,612,608,2,0,606,588,121436,6,0,0,6,20
2020-07-28,US,Kansas,Edwards,10,0,0,37.88735543,-99.31263309,20047.0,357.39814152966414,0.0,10,10,0,0,10,9,2849,0,0,0,0,1
2020-07-28,US,Kansas,Elk,1,0,0,37.45338105,-96.24369667,20049.0,39.52569169960474,0.0,1,1,0,0,1,1,2508,0,0,0,0,0
2020-07-28,US,Kansas,Ellis,113,0,0,38.91458712,-99.31751551,20051.0,395.75526214408285,0.0,113,113,0,0,113,105,28710,0,0,0,0,8
2020-07-28,US,Kansas,Ellsworth,16,0,0,38.69677695,-98.20462799,20053.0,262.2091117666339,0.0,16,16,0,0,16,15,6196,0,0,0,0,1
2020-07-28,US,Kansas,Finney,1691,10,0,38.04340344,-100.73819379999999,20055.0,4637.069130995146,0.5913660555884093,1681,1688,10,0,1678,1672,36611,3,0,0,3,16
2020-07-28,US,Kansas,Ford,2005,8,0,37.69200114,-99.88825298,20057.0,5963.889467265533,0.3990024937655861,1997,2005,8,0,1997,1998,33888,0,0,0,0,7
2020-07-28,US,Kansas,Franklin,137,1,0,38.56443815,-95.28644341,20059.0,536.3294707171939,0.7299270072992701,136,141,1,0,140,128,25631,-4,0,0,-4,13
2020-07-28,US,Kansas,Geary,125,2,0,38.99871131,-96.7577178,20061.0,394.69529523208087,1.6,123,113,1,0,112,113,32594,12,1,0,11,0
2020-07-28,US,Kansas,Gove,3,0,0,38.91588178,-100.4829321,20063.0,113.80880121396058,0.0,3,3,0,0,3,3,2612,0,0,0,0,0
2020-07-28,US,Kansas,Graham,14,0,0,39.34987223,-99.88332493,20065.0,564.0612409347301,0.0,14,14,0,0,14,9,2492,0,0,0,0,5
2020-07-28,US,Kansas,Grant,88,2,0,37.56227336,-101.3079758,20067.0,1230.7692307692307,2.272727272727273,86,88,2,0,86,88,7336,0,0,0,0,0
2020-07-28,US,Kansas,Gray,67,0,0,37.73836671,-100.4369088,20069.0,1118.9044756179028,0.0,67,51,0,0,51,51,6033,16,0,0,16,0
2020-07-28,US,Kansas,Greeley,3,0,0,38.4808095,-101.8061079,20071.0,243.50649350649346,0.0,3,3,0,0,3,3,1227,0,0,0,0,0
2020-07-28,US,Kansas,Greenwood,14,0,0,37.8774388,-96.23250453,20073.0,234.0354396522902,0.0,14,14,0,0,14,14,6055,0,0,0,0,0
2020-07-28,US,Kansas,Hamilton,36,0,0,37.99978709,-101.7921066,20075.0,1417.8810555336747,0.0,36,36,0,0,36,35,2607,0,0,0,0,1
2020-07-28,US,Kansas,Harper,8,0,0,37.19175361,-98.07578384,20077.0,147.16703458425312,0.0,8,8,0,0,8,8,5506,0,0,0,0,0
2020-07-28,US,Kansas,Harvey,137,1,0,38.04293782,-97.42747573,20079.0,397.9203578378692,0.7299270072992701,136,134,1,0,133,134,34210,3,0,0,3,0
2020-07-28,US,Kansas,Haskell,46,0,0,37.562039399999996,-100.8710738,20081.0,1159.274193548387,0.0,46,46,0,0,46,46,3997,0,0,0,0,0
2020-07-28,US,Kansas,Hodgeman,11,0,0,38.08780079,-99.89829881,20083.0,613.1549609810479,0.0,11,11,0,0,11,10,1818,0,0,0,0,1
2020-07-28,US,Kansas,Jackson,136,1,0,39.41673394,-95.79356799,20085.0,1032.5715587275074,0.7352941176470589,135,131,1,0,130,131,13280,5,0,0,5,0
2020-07-28,US,Kansas,Jefferson,51,0,0,39.2347941,-95.38289232,20087.0,267.8149451241926,0.0,51,50,0,0,50,47,18975,1,0,0,1,3
2020-07-28,US,Kansas,Jewell,8,0,0,39.78470589,-98.21820662,20089.0,277.8742618964918,0.0,8,8,0,0,8,8,2841,0,0,0,0,0
2020-07-28,US,Kansas,Johnson,4586,96,0,38.88548175,-94.82250877,20091.0,761.2869168543876,2.0933275185346707,4490,4538,94,0,4444,4455,597555,48,2,0,46,83
2020-07-28,US,Kansas,Kearny,54,1,0,38.00017981,-101.32168100000001,20093.0,1406.9828035435125,1.851851851851852,53,54,1,0,53,53,3943,0,0,0,0,1
2020-07-28,US,Kansas,Kingman,7,0,0,37.55909527,-98.13638678,20095.0,97.87472035794184,0.0,7,7,0,0,7,7,7310,0,0,0,0,0
2020-07-28,US,Kansas,Kiowa,6,0,0,37.55848695,-99.2856537,20097.0,242.42424242424244,0.0,6,6,0,0,6,6,2516,0,0,0,0,0
2020-07-28,US,Kansas,Labette,104,0,0,37.19113093,-95.29849679,20099.0,530.1253950453665,0.0,104,110,0,0,110,104,19964,-6,0,0,-6,6
2020-07-28,US,Kansas,Lane,5,0,0,38.48119447,-100.46607540000001,20101.0,325.73289902280135,0.0,5,5,0,0,5,5,1560,0,0,0,0,0
2020-07-28,US,Kansas,Leavenworth,1361,7,0,39.20183497,-95.03620809,20103.0,1664.6689009026638,0.5143277002204262,1354,1361,7,0,1354,1337,81352,0,0,0,0,24
2020-07-28,US,Kansas,Lincoln,6,0,0,39.04549684,-98.20756994,20105.0,202.56583389601624,0.0,6,6,0,0,6,6,3023,0,0,0,0,0
2020-07-28,US,Kansas,Linn,27,0,0,38.21267844,-94.84254089,20107.0,278.26445429248685,0.0,27,27,0,0,27,26,9750,0,0,0,0,1
2020-07-28,US,Kansas,Logan,2,0,0,38.91735806,-101.148475,20109.0,71.58196134574086,0.0,2,2,0,0,2,2,2844,0,0,0,0,0
2020-07-28,US,Kansas,Lyon,624,9,0,38.45576156,-96.15275715,20111.0,1879.801174875735,1.4423076923076923,615,620,8,0,612,600,33406,4,1,0,3,20
2020-07-28,US,Kansas,Marion,40,1,0,38.35855394,-97.09852509999999,20115.0,336.5870077415012,2.5,39,40,1,0,39,40,11950,0,0,0,0,0
2020-07-28,US,Kansas,Marshall,8,0,0,39.78359669,-96.52278974,20117.0,82.41475224065107,0.0,8,8,0,0,8,7,9722,0,0,0,0,1
2020-07-28,US,Kansas,McPherson,115,0,0,38.39184858,-97.64769869,20113.0,402.9150024525261,0.0,115,115,0,0,115,114,28537,0,0,0,0,1
2020-07-28,US,Kansas,Meade,36,0,0,37.23859987,-100.36483100000001,20119.0,892.6357550210761,0.0,36,36,0,0,36,36,4146,0,0,0,0,0
2020-07-28,US,Kansas,Miami,103,0,0,38.56383358,-94.83832189,20121.0,300.84411601483777,0.0,103,103,0,0,103,92,33680,0,0,0,0,11
2020-07-28,US,Kansas,Mitchell,26,0,0,39.39331582,-98.20906732,20123.0,434.85532697775545,0.0,26,26,0,0,26,25,6150,0,0,0,0,1
2020-07-28,US,Kansas,Montgomery,134,4,0,37.19236568,-95.74329258,20125.0,420.99971723899597,2.985074626865672,130,132,4,0,128,120,32120,2,0,0,2,12
2020-07-28,US,Kansas,Morris,7,0,0,38.68827511,-96.65128437,20127.0,124.55516014234877,0.0,7,7,0,0,7,7,5521,0,0,0,0,0
2020-07-28,US,Kansas,Morton,9,2,0,37.19141121,-101.79925190000002,20129.0,347.89331271743333,22.222222222222218,7,9,2,0,7,9,2667,0,0,0,0,0
2020-07-28,US,Kansas,Nemaha,45,0,0,39.78345387,-96.01392079,20131.0,439.8397028638452,0.0,45,45,0,0,45,42,10155,0,0,0,0,3
2020-07-28,US,Kansas,Neosho,48,0,0,37.55862897,-95.30670046,20133.0,299.86880739676394,0.0,48,48,0,0,48,48,15951,0,0,0,0,0
2020-07-28,US,Kansas,Ness,5,0,0,38.47974157,-99.91547333,20135.0,181.8181818181818,0.0,5,5,0,0,5,5,2840,0,0,0,0,0
2020-07-28,US,Kansas,Norton,22,0,0,39.78443827,-99.90286639,20137.0,410.37119940309645,0.0,22,22,0,0,22,22,5430,0,0,0,0,0
2020-07-28,US,Kansas,Osage,34,0,0,38.65235984,-95.72707998,20139.0,213.17950968712773,0.0,34,34,0,0,34,34,15941,0,0,0,0,0
2020-07-28,US,Kansas,Osborne,3,0,0,39.3503437,-98.76753828,20141.0,87.69365682548961,0.0,3,3,0,0,3,3,3475,0,0,0,0,0
2020-07-28,US,Kansas,Ottawa,30,0,0,39.13237408,-97.65020313,20143.0,525.9467040673212,0.0,30,30,0,0,30,28,5802,0,0,0,0,2
2020-07-28,US,Kansas,Pawnee,7,0,0,38.18108732,-99.23692334,20145.0,109.13626442157779,0.0,7,7,0,0,7,7,6562,0,0,0,0,0
2020-07-28,US,Kansas,Phillips,44,8,0,39.78465501,-99.34668865,20147.0,840.6572411157814,18.181818181818183,36,44,7,0,37,41,5317,0,1,0,-1,3
2020-07-28,US,Kansas,Pottawatomie,100,0,0,39.37925655,-96.34564657,20149.0,410.1218061764344,0.0,100,100,0,0,100,99,24277,0,0,0,0,1
2020-07-28,US,Kansas,Pratt,32,0,0,37.64780729,-98.73922153,20151.0,349.19249236141417,0.0,32,32,0,0,32,32,9378,0,0,0,0,0
2020-07-28,US,Kansas,Reno,206,1,0,37.95230263,-98.08607292,20155.0,332.26878286396334,0.4854368932038835,205,205,1,0,204,201,62342,1,0,0,1,4
2020-07-28,US,Kansas,Republic,25,0,0,39.82799632,-97.65036709,20157.0,539.2579810181189,0.0,25,25,0,0,25,23,4664,0,0,0,0,2
2020-07-28,US,Kansas,Rice,21,0,0,38.34616184,-98.19992118,20159.0,220.19502988361117,0.0,21,21,0,0,21,21,9531,0,0,0,0,0
2020-07-28,US,Kansas,Riley,428,4,0,39.28935726,-96.73420026,20161.0,576.57075115853,0.9345794392523364,424,426,4,0,422,419,73703,2,0,0,2,7
2020-07-28,US,Kansas,Rooks,14,0,0,39.35022773,-99.32484567,20163.0,284.5528455284553,0.0,14,14,0,0,14,13,5013,0,0,0,0,1
2020-07-28,US,Kansas,Rush,5,0,0,38.52275276,-99.30863983,20165.0,164.69038208168644,0.0,5,5,0,0,5,5,3093,0,0,0,0,0
2020-07-28,US,Kansas,Russell,9,0,0,38.91462787,-98.76254297,20167.0,131.27187864644108,0.0,9,9,0,0,9,8,6907,0,0,0,0,1
2020-07-28,US,Kansas,Saline,322,4,0,38.78369175,-97.65185177,20169.0,593.8329890823253,1.2422360248447204,318,322,4,0,318,313,54401,0,0,0,0,9
2020-07-28,US,Kansas,Scott,26,0,0,38.48222076,-100.90665390000001,20171.0,539.0835579514825,0.0,26,22,0,0,22,22,4897,4,0,0,4,0
2020-07-28,US,Kansas,Sedgwick,3790,38,0,37.6842718,-97.4608198,20173.0,734.4363443285623,1.0026385224274406,3752,3740,36,0,3704,3646,513607,50,2,0,48,94
2020-07-28,US,Kansas,Seward,1160,4,0,37.19324632,-100.85072009999999,20175.0,5413.477692738473,0.3448275862068966,1156,1160,4,0,1156,1154,21780,0,0,0,0,6
2020-07-28,US,Kansas,Shawnee,1328,19,0,39.04100763,-95.75572640000001,20177.0,750.8127208480565,1.4307228915662649,1309,1315,19,0,1296,1295,177499,13,0,0,13,20
2020-07-28,US,Kansas,Sheridan,7,0,0,39.35018161,-100.44182590000001,20179.0,277.66759222530743,0.0,7,7,0,0,7,7,2533,0,0,0,0,0
2020-07-28,US,Kansas,Sherman,9,0,0,39.35147699,-101.71976240000001,20181.0,152.1041068108839,0.0,9,9,0,0,9,9,5899,0,0,0,0,0
2020-07-28,US,Kansas,Smith,3,0,0,39.78516566,-98.78566062,20183.0,83.72871895060004,0.0,3,3,0,0,3,3,3603,0,0,0,0,0
2020-07-28,US,Kansas,Stafford,2,0,0,38.03100851,-98.71762001,20185.0,48.12319538017324,0.0,2,2,0,0,2,2,4178,0,0,0,0,0
2020-07-28,US,Kansas,Stanton,16,0,0,37.56304714,-101.78435340000001,20187.0,797.6071784646061,0.0,16,16,0,0,16,15,1987,0,0,0,0,1
2020-07-28,US,Kansas,Stevens,42,0,0,37.1923008,-101.3118967,20189.0,765.7247037374658,0.0,42,42,0,0,42,40,5559,0,0,0,0,2
2020-07-28,US,Kansas,Sumner,88,2,0,37.23682549,-97.47721621,20191.0,385.3564547206165,2.272727272727273,86,88,2,0,86,85,22996,0,0,0,0,3
2020-07-28,US,Kansas,Thomas,31,0,0,39.35107575,-101.0553705,20193.0,398.6112897003986,0.0,31,26,0,0,26,25,7711,5,0,0,5,1
2020-07-28,US,Kansas,Trego,5,0,0,38.91467218,-99.87284448,20195.0,178.38030681412772,0.0,5,5,0,0,5,5,2793,0,0,0,0,0
2020-07-28,US,Kansas,Unassigned,0,1,0,0.0,0.0,90020.0,0.0,0.0,-1,0,1,0,-1,0,,0,0,0,0,0
2020-07-28,US,Kansas,Wabaunsee,40,0,0,38.95471985,-96.20350509,20197.0,577.1172990910403,0.0,40,40,0,0,40,40,6899,0,0,0,0,0
2020-07-28,US,Kansas,Washington,2,0,0,39.78420784,-97.08753229999999,20201.0,36.99593044765076,0.0,2,2,0,0,2,2,5420,0,0,0,0,0
2020-07-28,US,Kansas,Wichita,2,0,0,38.48178252,-101.3471509,20203.0,94.38414346389808,0.0,2,2,0,0,2,2,2105,0,0,0,0,0
2020-07-28,US,Kansas,Wilson,8,0,0,37.55937174,-95.74323255,20205.0,93.84164222873899,0.0,8,8,0,0,8,6,8665,0,0,0,0,2
2020-07-28,US,Kansas,Woodson,11,0,0,37.8865336,-95.74006277,20207.0,350.54174633524536,0.0,11,11,0,0,11,11,3183,0,0,0,0,0
2020-07-28,US,Kansas,Wyandotte,4197,92,0,39.11727348,-94.76378225,20209.0,2537.040059481711,2.192041934715273,4105,4128,92,0,4036,4065,165324,69,0,0,69,63
2020-07-28,US,Kentucky,Adair,185,19,0,37.10459774,-85.28129668,21001.0,963.4413081970627,10.27027027027027,166,183,19,0,164,183,19215,2,0,0,2,0
2020-07-28,US,Kentucky,Allen,212,8,0,36.75197631,-86.19457544,21003.0,994.6047384471028,3.7735849056603774,204,211,8,0,203,211,21122,1,0,0,1,0
2020-07-28,US,Kentucky,Anderson,53,1,0,38.00671029,-84.99171713,21005.0,232.99775794610284,1.8867924528301887,52,51,1,0,50,49,22663,2,0,0,2,2
2020-07-28,US,Kentucky,Ballard,28,0,0,37.05842757,-88.99427697,21007.0,354.9695740365112,0.0,28,28,0,0,28,28,7979,0,0,0,0,0
2020-07-28,US,Kentucky,Barren,276,2,0,36.96469836,-85.93338945,21009.0,623.7429094442813,0.7246376811594203,274,262,2,0,260,250,44176,14,0,0,14,12
2020-07-28,US,Kentucky,Bath,31,1,0,38.14735938,-83.74588932,21011.0,248.0,3.2258064516129035,30,29,1,0,28,28,12383,2,0,0,2,1
2020-07-28,US,Kentucky,Bell,239,2,0,36.73355174,-83.67766671,21013.0,918.1007990165947,0.8368200836820083,237,234,2,0,232,230,26569,5,0,0,5,4
2020-07-28,US,Kentucky,Boone,946,24,0,38.97065142,-84.72615357,21015.0,708.1845472035692,2.5369978858350954,922,934,24,0,910,929,131533,12,0,0,12,5
2020-07-28,US,Kentucky,Bourbon,64,1,0,38.2054607,-84.21827874,21017.0,323.42834040832827,1.5625,63,64,1,0,63,63,20184,0,0,0,0,1
2020-07-28,US,Kentucky,Boyd,152,3,0,38.36176608,-82.68652187,21019.0,325.3563936812364,1.973684210526316,149,146,3,0,143,140,47240,6,0,0,6,6
2020-07-28,US,Kentucky,Boyle,113,0,0,37.62680923,-84.8633779,21021.0,375.9148369926813,0.0,113,108,0,0,108,101,30100,5,0,0,5,7
2020-07-28,US,Kentucky,Bracken,28,0,0,38.69158994,-84.08532444,21023.0,337.22750812959174,0.0,28,27,0,0,27,27,8239,1,0,0,1,0
2020-07-28,US,Kentucky,Breathitt,21,0,0,37.52333168,-83.31959161,21025.0,166.270783847981,0.0,21,20,0,0,20,20,12726,1,0,0,1,0
2020-07-28,US,Kentucky,Breckinridge,43,2,0,37.77377239,-86.42885017,21027.0,209.9916980026371,4.651162790697675,41,43,2,0,41,41,20388,0,0,0,0,2
2020-07-28,US,Kentucky,Bullitt,273,4,0,37.97162523,-85.68955617,21029.0,334.24751456976344,1.465201465201465,269,267,4,0,263,261,81069,6,0,0,6,6
2020-07-28,US,Kentucky,Butler,287,15,0,37.20946153,-86.68748787,21031.0,2228.433884618371,5.2264808362369335,272,286,14,0,272,286,12772,1,1,0,0,0
2020-07-28,US,Kentucky,Caldwell,42,0,0,37.14749129,-87.86948214,21033.0,329.48929159802304,0.0,42,42,0,0,42,42,12715,0,0,0,0,0
2020-07-28,US,Kentucky,Calloway,155,2,0,36.62093411,-88.2731593,21035.0,397.425707033153,1.2903225806451613,153,155,2,0,153,153,39135,0,0,0,0,2
2020-07-28,US,Kentucky,Campbell,468,13,0,38.94384345,-84.37875208,21037.0,500.08548469823904,2.7777777777777777,455,463,13,0,450,460,93152,5,0,0,5,3
2020-07-28,US,Kentucky,Carlisle,18,1,0,36.85372876,-88.96692220000001,21039.0,378.1512605042017,5.5555555555555545,17,17,1,0,16,17,4771,1,0,0,1,0
2020-07-28,US,Kentucky,Carroll,135,2,0,38.66599534,-85.12601074,21041.0,1269.871131596275,1.4814814814814814,133,134,2,0,132,134,10737,1,0,0,1,0
2020-07-28,US,Kentucky,Carter,85,1,0,38.31690743,-83.05092385,21043.0,317.1996865320745,1.1764705882352942,84,80,1,0,79,80,27004,5,0,0,5,0
2020-07-28,US,Kentucky,Casey,138,9,0,37.32533118,-84.92726209,21045.0,854.0132433937744,6.521739130434782,129,136,9,0,127,135,15888,2,0,0,2,1
2020-07-28,US,Kentucky,Christian,420,5,0,36.89267803,-87.49055367,21047.0,596.0744241495295,1.1904761904761905,415,409,5,0,404,409,71671,11,0,0,11,0
2020-07-28,US,Kentucky,Clark,132,7,0,37.9689263,-84.14615986,21049.0,364.00739045307887,5.303030303030303,125,132,7,0,125,128,36249,0,0,0,0,4
2020-07-28,US,Kentucky,Clay,136,4,0,37.16451126,-83.712575,21051.0,683.3827445856992,2.9411764705882355,132,134,4,0,130,134,20105,2,0,0,2,0
2020-07-28,US,Kentucky,Clinton,17,0,0,36.72581156,-85.13377529,21053.0,166.3730671364259,0.0,17,16,0,0,16,16,10206,1,0,0,1,0
2020-07-28,US,Kentucky,Crittenden,23,1,0,37.35839237,-88.08826090000002,21055.0,261.1855553032024,4.3478260869565215,22,23,1,0,22,23,8915,0,0,0,0,0
2020-07-28,US,Kentucky,Cumberland,30,0,0,36.78926125,-85.39050034,21057.0,453.5833081342608,0.0,30,30,0,0,30,27,6659,0,0,0,0,3
2020-07-28,US,Kentucky,Daviess,661,7,0,37.73028906,-87.09019479999998,21059.0,651.1609579257421,1.059001512859304,654,655,7,0,648,633,101104,6,0,0,6,22
2020-07-28,US,Kentucky,Edmonson,87,12,0,37.21218923,-86.23955613,21061.0,716.0493827160492,13.79310344827586,75,87,12,0,75,87,12274,0,0,0,0,0
2020-07-28,US,Kentucky,Elliott,7,0,0,38.11624059,-83.09771563,21063.0,93.1222562192364,0.0,7,7,0,0,7,7,7508,0,0,0,0,0
2020-07-28,US,Kentucky,Estill,10,0,0,37.69241417,-83.95956369,21065.0,70.8918190840777,0.0,10,10,0,0,10,10,14198,0,0,0,0,0
2020-07-28,US,Kentucky,Fayette,2498,45,0,38.0368225,-84.45576892,21067.0,773.0108431945339,1.8014411529223382,2453,2474,44,0,2430,2381,323780,24,1,0,23,93
2020-07-28,US,Kentucky,Fleming,46,0,0,38.36758311,-83.69657514,21069.0,315.4790480762636,0.0,46,45,0,0,45,45,14432,1,0,0,1,0
2020-07-28,US,Kentucky,Floyd,75,1,0,37.56213922,-82.74750924,21071.0,210.73927337098544,1.3333333333333333,74,75,1,0,74,75,35845,0,0,0,0,0
2020-07-28,US,Kentucky,Franklin,223,5,0,38.2379395,-84.87962551,21073.0,437.3320782098802,2.242152466367713,218,216,5,0,211,213,50815,7,0,0,7,3
2020-07-28,US,Kentucky,Fulton,45,1,0,36.55238827,-89.20140068,21075.0,753.8951248115262,2.2222222222222223,44,41,1,0,40,41,6120,4,0,0,4,0
2020-07-28,US,Kentucky,Gallatin,77,8,0,38.75398691,-84.8558382,21077.0,868.1925808997631,10.389610389610391,69,77,8,0,69,77,8832,0,0,0,0,0
2020-07-28,US,Kentucky,Garrard,63,0,0,37.638866799999995,-84.53289319,21079.0,356.6172308388996,0.0,63,59,0,0,59,57,17560,4,0,0,4,2
2020-07-28,US,Kentucky,Grant,87,5,0,38.64962758,-84.62415957,21081.0,347.0421636283856,5.747126436781608,82,85,5,0,80,84,25121,2,0,0,2,1
2020-07-28,US,Kentucky,Graves,449,21,0,36.72292505,-88.65143315,21083.0,1204.8516073632802,4.67706013363029,428,435,21,0,414,434,37317,14,0,0,14,1
2020-07-28,US,Kentucky,Grayson,167,11,0,37.46231118,-86.34248968,21085.0,631.9294660763612,6.586826347305388,156,166,11,0,155,166,26321,1,0,0,1,0
2020-07-28,US,Kentucky,Green,24,1,0,37.26484328,-85.5540745,21087.0,219.3583767480121,4.166666666666667,23,24,1,0,23,24,11049,0,0,0,0,0
2020-07-28,US,Kentucky,Greenup,74,0,0,38.54332505,-82.9215658,21089.0,210.83822440025074,0.0,74,69,0,0,69,65,35268,5,0,0,5,4
2020-07-28,US,Kentucky,Hancock,42,0,0,37.83766422,-86.78280584,21091.0,481.54093097913324,0.0,42,42,0,0,42,40,8758,0,0,0,0,2
2020-07-28,US,Kentucky,Hardin,461,8,0,37.6976111,-85.96319251,21093.0,415.47252113412287,1.735357917570499,453,452,8,0,444,445,110356,9,0,0,9,7
2020-07-28,US,Kentucky,Harlan,175,3,0,36.85699301,-83.21899516,21095.0,672.8181468665897,1.7142857142857142,172,163,3,0,160,162,26409,12,0,0,12,1
2020-07-28,US,Kentucky,Harrison,111,0,0,38.44188174,-84.32869741,21097.0,587.7369480038124,0.0,111,110,0,0,110,108,18778,1,0,0,1,2
2020-07-28,US,Kentucky,Hart,72,0,0,37.29943898,-85.88461055,21099.0,378.25059101654847,0.0,72,68,0,0,68,68,18906,4,0,0,4,0
2020-07-28,US,Kentucky,Henderson,291,4,0,37.79344553,-87.57392021,21101.0,643.6629064366291,1.3745704467353952,287,284,4,0,280,281,45591,7,0,0,7,3
2020-07-28,US,Kentucky,Henry,80,2,0,38.44942688,-85.11587507,21103.0,496.0932655339204,2.5,78,74,2,0,72,74,16106,6,0,0,6,0
2020-07-28,US,Kentucky,Hickman,19,0,0,36.67948079999999,-88.97875928,21105.0,433.7899543378995,0.0,19,16,0,0,16,16,4421,3,0,0,3,0
2020-07-28,US,Kentucky,Hopkins,377,33,0,37.30939025,-87.54670406,21107.0,843.6646824508795,8.753315649867375,344,374,33,0,341,374,45068,3,0,0,3,0
2020-07-28,US,Kentucky,Jackson,131,14,0,37.41866422,-83.99825483,21109.0,982.8194163103008,10.687022900763358,117,127,14,0,113,127,13442,4,0,0,4,0
2020-07-28,US,Kentucky,Jefferson,6450,230,0,38.18664655,-85.65931031,21111.0,841.2052319052842,3.5658914728682167,6220,6320,227,0,6093,6135,770517,130,3,0,127,185
2020-07-28,US,Kentucky,Jessamine,245,0,0,37.87119786,-84.58252003,21113.0,452.73953617296496,0.0,245,242,0,0,242,233,53920,3,0,0,3,9
2020-07-28,US,Kentucky,Johnson,29,0,0,37.85106355,-82.8264322,21115.0,130.70127997115557,0.0,29,26,0,0,26,24,22386,3,0,0,3,2
2020-07-28,US,Kentucky,Kenton,1224,37,0,38.93950319,-84.53241199,21117.0,732.9429094959221,3.0228758169934635,1187,1201,37,0,1164,1194,166051,23,0,0,23,7
2020-07-28,US,Kentucky,Knott,32,0,0,37.35388197,-82.94981134,21119.0,216.12859651492641,0.0,32,32,0,0,32,31,15126,0,0,0,0,1
2020-07-28,US,Kentucky,Knox,174,8,0,36.89225732,-83.85403396,21121.0,558.6771552416118,4.597701149425287,166,167,8,0,159,162,31304,7,0,0,7,5
2020-07-28,US,Kentucky,Larue,44,1,0,37.54567114,-85.70138352,21123.0,305.59799972218366,2.272727272727273,43,42,1,0,41,40,14307,2,0,0,2,2
2020-07-28,US,Kentucky,Laurel,332,4,0,37.10975748,-84.11321779,21125.0,545.9359018630885,1.2048192771084338,328,322,4,0,318,321,60669,10,0,0,10,1
2020-07-28,US,Kentucky,Lawrence,31,0,0,38.07136018,-82.72882223,21127.0,202.38950186067768,0.0,31,27,0,0,27,27,15571,4,0,0,4,0
2020-07-28,US,Kentucky,Lee,3,0,0,37.59645942,-83.71513901,21129.0,40.52411184654871,0.0,3,3,0,0,3,3,7033,0,0,0,0,0
2020-07-28,US,Kentucky,Leslie,21,0,0,37.09246661,-83.37999606,21131.0,212.61516654854717,0.0,21,21,0,0,21,20,10143,0,0,0,0,1
2020-07-28,US,Kentucky,Letcher,40,0,0,37.12306748,-82.85346474,21133.0,185.58901313042267,0.0,40,37,0,0,37,35,21899,3,0,0,3,2
2020-07-28,US,Kentucky,Lewis,29,0,0,38.53184419,-83.37735618,21135.0,218.4557438794727,0.0,29,29,0,0,29,29,13257,0,0,0,0,0
2020-07-28,US,Kentucky,Lincoln,87,1,0,37.45475628,-84.6565327,21137.0,354.3932543077111,1.1494252873563218,86,84,1,0,83,83,24644,3,0,0,3,1
2020-07-28,US,Kentucky,Livingston,32,1,0,37.21137452,-88.34797529,21139.0,348.0530780944094,3.125,31,32,1,0,31,32,9242,0,0,0,0,0
2020-07-28,US,Kentucky,Logan,293,22,0,36.85949479,-86.877635,21141.0,1081.1010257545568,7.508532423208192,271,288,19,0,269,288,26989,5,3,0,2,0
2020-07-28,US,Kentucky,Lyon,28,4,0,37.02080035,-88.07886257,21143.0,341.047503045067,14.285714285714285,24,28,3,0,25,27,8009,0,1,0,-1,1
2020-07-28,US,Kentucky,Madison,331,1,0,37.71659336,-84.27220275,21151.0,355.9637368664437,0.3021148036253776,330,312,1,0,311,308,92368,19,0,0,19,4
2020-07-28,US,Kentucky,Magoffin,15,0,0,37.70820545,-83.0657714,21153.0,123.34511964476606,0.0,15,14,0,0,14,14,12362,1,0,0,1,0
2020-07-28,US,Kentucky,Marion,94,0,0,37.55218078,-85.26898542,21155.0,487.7289472318788,0.0,94,92,0,0,92,91,19404,2,0,0,2,1
2020-07-28,US,Kentucky,Marshall,112,2,0,36.88007070000001,-88.32803576,21157.0,360.12861736334406,1.7857142857142858,110,112,2,0,110,112,31191,0,0,0,0,0
2020-07-28,US,Kentucky,Martin,28,0,0,37.79990579,-82.51247478,21159.0,250.11165698972755,0.0,28,26,0,0,26,25,11323,2,0,0,2,1
2020-07-28,US,Kentucky,Mason,48,1,0,38.59471935,-83.82151043,21161.0,281.195079086116,2.083333333333333,47,46,1,0,45,46,17150,2,0,0,2,0
2020-07-28,US,Kentucky,McCracken,303,3,0,37.05350953,-88.70445755,21145.0,463.1752728606805,0.99009900990099,300,296,3,0,293,294,65346,7,0,0,7,2
2020-07-28,US,Kentucky,McCreary,27,0,0,36.73874143,-84.48102924,21147.0,156.69432998665198,0.0,27,27,0,0,27,26,17408,0,0,0,0,1
2020-07-28,US,Kentucky,McLean,38,1,0,37.5301951,-87.26803443,21149.0,412.7294449875095,2.631578947368421,37,38,1,0,37,38,9252,0,0,0,0,0
2020-07-28,US,Kentucky,Meade,72,2,0,37.96163597,-86.21028219,21163.0,251.994960100798,2.7777777777777777,70,71,2,0,69,68,28715,1,0,0,1,3
2020-07-28,US,Kentucky,Menifee,24,0,0,37.94090733,-83.59985712,21165.0,369.8566805362922,0.0,24,24,0,0,24,23,6451,0,0,0,0,1
2020-07-28,US,Kentucky,Mercer,38,0,0,37.81474237,-84.87488475,21167.0,173.2549126886427,0.0,38,37,0,0,37,37,21774,1,0,0,1,0
2020-07-28,US,Kentucky,Metcalfe,33,2,0,36.99459295,-85.63123699,21169.0,327.6735180220435,6.0606060606060606,31,27,2,0,25,25,10030,6,0,0,6,2
2020-07-28,US,Kentucky,Monroe,83,2,0,36.71225341,-85.71596443,21171.0,779.3427230046948,2.409638554216868,81,83,2,0,81,79,10718,0,0,0,0,4
2020-07-28,US,Kentucky,Montgomery,100,0,0,38.03253032,-83.9145241,21173.0,355.15147210285187,0.0,100,97,0,0,97,97,28203,3,0,0,3,0
2020-07-28,US,Kentucky,Morgan,28,0,0,37.92465657,-83.25558245,21175.0,210.3839507100459,0.0,28,28,0,0,28,28,13345,0,0,0,0,0
2020-07-28,US,Kentucky,Muhlenberg,603,9,0,37.21425819,-87.14632053,21177.0,1969.1724903664035,1.492537313432836,594,598,9,0,589,597,30774,5,0,0,5,1
2020-07-28,US,Kentucky,Nelson,177,2,0,37.80335779,-85.4657193,21179.0,382.8434235286484,1.1299435028248588,175,177,2,0,175,175,45851,0,0,0,0,2
2020-07-28,US,Kentucky,Nicholas,20,0,0,38.33342292,-84.01889177,21181.0,275.14100976750586,0.0,20,20,0,0,20,20,7166,0,0,0,0,0
2020-07-28,US,Kentucky,Ohio,331,5,0,37.47751843,-86.85368087,21183.0,1379.511544552805,1.5105740181268883,326,330,5,0,325,329,24087,1,0,0,1,1
2020-07-28,US,Kentucky,Oldham,503,10,0,38.39791089,-85.448222,21185.0,753.0052845102472,1.9880715705765408,493,497,9,0,488,478,66470,6,1,0,5,19
2020-07-28,US,Kentucky,Owen,29,0,0,38.51679143,-84.82404619,21187.0,266.03063939088156,0.0,29,29,0,0,29,28,10880,0,0,0,0,1
2020-07-28,US,Kentucky,Owsley,9,0,0,37.42823949,-83.68811419,21189.0,203.85050962627412,0.0,9,6,0,0,6,6,4472,3,0,0,3,0
2020-07-28,US,Kentucky,Pendleton,32,0,0,38.69607718,-84.35599463,21191.0,219.32830705962985,0.0,32,32,0,0,32,32,14529,0,0,0,0,0
2020-07-28,US,Kentucky,Perry,160,2,0,37.25023553,-83.22922731,21193.0,621.166239614877,1.25,158,158,2,0,156,154,26092,2,0,0,2,4
2020-07-28,US,Kentucky,Pike,196,3,0,37.47088263,-82.39487445,21195.0,338.65505563618774,1.5306122448979589,193,194,3,0,191,194,58402,2,0,0,2,0
2020-07-28,US,Kentucky,Powell,38,0,0,37.83218794,-83.82553961,21197.0,307.46824176713324,0.0,38,38,0,0,38,36,12442,0,0,0,0,2
2020-07-28,US,Kentucky,Pulaski,189,2,0,37.10466131,-84.57629079,21199.0,290.86320195755565,1.058201058201058,187,183,2,0,181,182,64623,6,0,0,6,1
2020-07-28,US,Kentucky,Robertson,2,0,0,38.51923469,-84.05055616,21201.0,94.87666034155598,0.0,2,2,0,0,2,2,2135,0,0,0,0,0
2020-07-28,US,Kentucky,Rockcastle,48,0,0,37.36642393,-84.31176452,21203.0,287.51123090745733,0.0,48,47,0,0,47,46,16750,1,0,0,1,1
2020-07-28,US,Kentucky,Rowan,62,0,0,38.19484205,-83.42088935,21205.0,253.47506132461157,0.0,62,58,0,0,58,57,24583,4,0,0,4,1
2020-07-28,US,Kentucky,Russell,87,5,0,36.99308373,-85.06070117,21207.0,485.4098086257881,5.747126436781608,82,87,5,0,82,86,17821,0,0,0,0,1
2020-07-28,US,Kentucky,Scott,268,0,0,38.29622293,-84.5816631,21209.0,470.1424461441303,0.0,268,262,0,0,262,261,56031,6,0,0,6,1
2020-07-28,US,Kentucky,Shelby,668,22,0,38.21476019,-85.194223,21211.0,1362.5979112271539,3.2934131736526946,646,663,22,0,641,662,48518,5,0,0,5,1
2020-07-28,US,Kentucky,Simpson,126,5,0,36.74058474,-86.58047435,21213.0,678.4406633642043,3.968253968253968,121,124,5,0,119,123,18529,2,0,0,2,1
2020-07-28,US,Kentucky,Spencer,82,0,0,38.03223971,-85.32749335,21215.0,423.750710557594,0.0,82,77,0,0,77,77,18794,5,0,0,5,0
2020-07-28,US,Kentucky,Taylor,86,1,0,37.3677562,-85.3329931,21217.0,333.7343319492413,1.162790697674419,85,81,1,0,80,80,25549,5,0,0,5,1
2020-07-28,US,Kentucky,Todd,31,0,0,36.8381152,-87.17878374,21219.0,252.155523019359,0.0,31,31,0,0,31,31,12311,0,0,0,0,0
2020-07-28,US,Kentucky,Trigg,45,0,0,36.80767017,-87.87333656,21221.0,307.1462698791891,0.0,45,45,0,0,45,45,14643,0,0,0,0,0
2020-07-28,US,Kentucky,Trimble,27,0,0,38.61056487,-85.33775972,21223.0,318.7345059615157,0.0,27,27,0,0,27,27,8515,0,0,0,0,0
2020-07-28,US,Kentucky,Unassigned,3,0,0,0.0,0.0,90021.0,0.0,0.0,3,3,0,0,3,3,,0,0,0,0,0
2020-07-28,US,Kentucky,Union,50,0,0,37.66166713,-87.94300009,21225.0,347.68096794381484,0.0,50,49,0,0,49,46,14505,1,0,0,1,3
2020-07-28,US,Kentucky,Warren,2261,21,0,36.99903045,-86.42672751,21227.0,1701.3303635925836,0.9287925696594428,2240,2244,21,0,2223,2223,131264,17,0,0,17,21
2020-07-28,US,Kentucky,Washington,52,0,0,37.75599461,-85.17407732,21229.0,429.9297230260438,0.0,52,49,0,0,49,49,12084,3,0,0,3,0
2020-07-28,US,Kentucky,Wayne,53,0,0,36.80310688,-84.8251971,21231.0,260.6600108198495,0.0,53,52,0,0,52,50,20468,1,0,0,1,2
2020-07-28,US,Kentucky,Webster,74,1,0,37.52168356,-87.67989953,21233.0,571.7817957039098,1.351351351351351,73,74,1,0,73,73,13111,0,0,0,0,1
2020-07-28,US,Kentucky,Whitley,102,1,0,36.75700531,-84.14541217,21235.0,281.2706816677697,0.9803921568627452,101,96,1,0,95,94,36242,6,0,0,6,2
2020-07-28,US,Kentucky,Wolfe,9,0,0,37.73941626,-83.49303612,21237.0,125.75101299427135,0.0,9,8,0,0,8,8,7177,1,0,0,1,0
2020-07-28,US,Kentucky,Woodford,118,0,0,38.04178222,-84.7417556,21239.0,441.38550160843874,0.0,118,115,0,0,115,114,26533,3,0,0,3,1
2020-07-28,US,Louisiana,Acadia,2229,65,0,30.2950649,-92.41419698,22001.0,3592.5537916028693,2.916105877074921,2164,2215,63,0,2152,2173,62190,14,2,0,12,42
2020-07-28,US,Louisiana,Allen,1001,17,0,30.65385745,-92.82442028,22003.0,3906.0366020213055,1.6983016983016983,984,993,16,0,977,986,25605,8,1,0,7,7
2020-07-28,US,Louisiana,Ascension,2357,65,0,30.20406249,-90.91328409999998,22005.0,1861.710530472971,2.7577428935086976,2292,2335,65,0,2270,2249,124672,22,0,0,22,86
2020-07-28,US,Louisiana,Assumption,515,18,0,29.89946234,-91.06461642,22007.0,2352.564981042437,3.4951456310679614,497,509,18,0,491,493,22300,6,0,0,6,16
2020-07-28,US,Louisiana,Avoyelles,851,24,0,31.07796211,-92.00079449,22009.0,2119.8684734954168,2.8202115158636896,827,842,24,0,818,827,40462,9,0,0,9,15
2020-07-28,US,Louisiana,Beauregard,661,13,0,30.64836518,-93.34173616,22011.0,1762.8076912819693,1.966717095310136,648,648,13,0,635,624,37253,13,0,0,13,24
2020-07-28,US,Louisiana,Bienville,340,29,0,32.34569994,-93.05398492,22013.0,2567.781889585379,8.529411764705884,311,340,29,0,311,340,13308,0,0,0,0,0
2020-07-28,US,Louisiana,Bossier,1926,63,0,32.67932307,-93.60460152,22015.0,1516.0698683081573,3.2710280373831777,1863,1894,60,0,1834,1855,127185,32,3,0,29,39
2020-07-28,US,Louisiana,Caddo,5809,267,0,32.57991587,-93.88375652,22017.0,2418.3610597658662,4.596316061284214,5542,5745,266,0,5479,5652,242922,64,1,0,63,93
2020-07-28,US,Louisiana,Calcasieu,5709,107,0,30.22931235,-93.35400434,22019.0,2806.287972630213,1.8742336661411807,5602,5626,107,0,5519,5459,203112,83,0,0,83,167
2020-07-28,US,Louisiana,Caldwell,181,1,0,32.0902519,-92.11752148,22021.0,1824.9647106271427,0.5524861878453039,180,178,1,0,177,178,9960,3,0,0,3,0
2020-07-28,US,Louisiana,Cameron,157,0,0,29.87592238,-93.19310676,22023.0,2251.5416606912377,0.0,157,157,0,0,157,157,6968,0,0,0,0,0
2020-07-28,US,Louisiana,Catahoula,243,3,0,31.66778967,-91.84526385,22025.0,2559.511270275964,1.2345679012345678,240,243,3,0,240,243,9608,0,0,0,0,0
2020-07-28,US,Louisiana,Claiborne,201,10,0,32.82308512,-92.99526883,22027.0,1282.7058072750478,4.975124378109452,191,200,10,0,190,200,15944,1,0,0,1,0
2020-07-28,US,Louisiana,Concordia,239,7,0,31.44817835,-91.63814433,22029.0,1240.9782439378994,2.928870292887029,232,238,7,0,231,234,19572,1,0,0,1,4
2020-07-28,US,Louisiana,De Soto,590,24,0,32.05457447,-93.74130302,22031.0,2148.3450460619747,4.067796610169491,566,582,24,0,558,571,27436,8,0,0,8,11
2020-07-28,US,Louisiana,East Baton Rouge,10155,315,0,30.53842039,-91.09777565,22033.0,2307.6451112237223,3.10192023633678,9840,9985,310,0,9675,9636,440956,170,5,0,165,349
2020-07-28,US,Louisiana,East Carroll,490,1,0,32.73926954,-91.23425694,22035.0,7141.81606179857,0.20408163265306126,489,489,1,0,488,489,7037,1,0,0,1,0
2020-07-28,US,Louisiana,East Feliciana,480,35,0,30.84425359,-91.04976723,22037.0,2508.492291612229,7.291666666666668,445,468,35,0,433,458,19305,12,0,0,12,10
2020-07-28,US,Louisiana,Evangeline,652,2,0,30.72985248,-92.39915924,22039.0,1952.3880820482113,0.3067484662576687,650,641,2,0,639,639,33443,11,0,0,11,2
2020-07-28,US,Louisiana,Franklin,731,16,0,32.13675181,-91.67589857,22041.0,3652.260804396703,2.1887824897400816,715,729,16,0,713,719,20156,2,0,0,2,10
2020-07-28,US,Louisiana,Grant,255,3,0,31.59882456,-92.56124347,22043.0,1138.9521640091116,1.1764705882352942,252,244,3,0,241,232,22482,11,0,0,11,12
2020-07-28,US,Louisiana,Iberia,2080,58,0,29.86803617,-91.75871777,22045.0,2978.66246598883,2.7884615384615383,2022,2057,58,0,1999,2003,70941,23,0,0,23,54
2020-07-28,US,Louisiana,Iberville,1053,47,0,30.25734305,-91.3499598,22047.0,3238.903755651933,4.46343779677113,1006,1047,46,0,1001,1026,32721,6,1,0,5,21
2020-07-28,US,Louisiana,Jackson,341,18,0,32.30251776,-92.55692092,22049.0,2165.9044715447158,5.278592375366569,323,340,18,0,322,338,15902,1,0,0,1,2
2020-07-28,US,Louisiana,Jefferson,13780,510,0,29.74075478,-90.11115756,22051.0,3186.178735840812,3.701015965166909,13270,13680,510,0,13170,13448,434051,100,0,0,100,232
2020-07-28,US,Louisiana,Jefferson Davis,914,23,0,30.26896765,-92.81210004,22053.0,2913.7975006375927,2.516411378555799,891,910,22,0,888,903,31582,4,1,0,3,7
2020-07-28,US,Louisiana,LaSalle,197,2,0,31.67884782,-92.15907765,22059.0,1322.8579102874025,1.0152284263959392,195,197,2,0,195,192,14917,0,0,0,0,5
2020-07-28,US,Louisiana,Lafayette,5944,79,0,30.2049055,-92.06959876,22055.0,2432.178076026024,1.32907133243607,5865,5888,78,0,5810,5769,242782,56,1,0,55,119
2020-07-28,US,Louisiana,Lafourche,2404,95,0,29.52470226,-90.40976986,22057.0,2462.761489130657,3.9517470881863566,2309,2393,95,0,2298,2319,98115,11,0,0,11,74
2020-07-28,US,Louisiana,Lincoln,642,24,0,32.6003154,-92.6659741,22061.0,1373.497069017158,3.7383177570093458,618,641,23,0,618,639,47196,1,1,0,0,2
2020-07-28,US,Louisiana,Livingston,2412,47,0,30.44143993,-90.73061664,22063.0,1713.2020257264417,1.9485903814262024,2365,2380,47,0,2333,2298,139567,32,0,0,32,82
2020-07-28,US,Louisiana,Madison,527,6,0,32.36918118,-91.23973355,22065.0,4812.345904483609,1.1385199240986716,521,526,6,0,520,523,11161,1,0,0,1,3
2020-07-28,US,Louisiana,Morehouse,401,11,0,32.81686191,-91.80421614,22067.0,1612.1251105572082,2.743142144638404,390,396,11,0,385,387,25398,5,0,0,5,9
2020-07-28,US,Louisiana,Natchitoches,608,15,0,31.72321584,-93.09816516,22069.0,1593.3749148278214,2.4671052631578947,593,602,15,0,587,600,38659,6,0,0,6,2
2020-07-28,US,Louisiana,Orleans,10071,553,0,30.06971951,-89.92660315,22071.0,2581.3545767716532,5.491013802005758,9518,10011,552,0,9459,9898,391006,60,1,0,59,113
2020-07-28,US,Louisiana,Ouachita,4169,100,0,32.47645559,-92.15704172,22073.0,2719.876825918749,2.3986567522187574,4069,4144,99,0,4045,4102,154475,25,1,0,24,42
2020-07-28,US,Louisiana,Plaquemines,382,18,0,29.42245447,-89.60322085,22075.0,1646.76466784498,4.712041884816754,364,381,18,0,363,378,23410,1,0,0,1,3
2020-07-28,US,Louisiana,Pointe Coupee,664,29,0,30.71409502,-91.60209535,22077.0,3055.6833870225496,4.367469879518072,635,646,29,0,617,623,21940,18,0,0,18,23
2020-07-28,US,Louisiana,Rapides,2786,98,0,31.19778499,-92.52997303,22079.0,2148.895470813279,3.5175879396984926,2688,2743,98,0,2645,2687,130562,43,0,0,43,56
2020-07-28,US,Louisiana,Red River,169,9,0,32.09530039,-93.34213308,22081.0,2001.895285477375,5.325443786982248,160,169,9,0,160,167,8477,0,0,0,0,2
2020-07-28,US,Louisiana,Richland,479,5,0,32.41391005,-91.76634876,22083.0,2380.4790776264786,1.0438413361169103,474,477,5,0,472,472,20192,2,0,0,2,5
2020-07-28,US,Louisiana,Sabine,474,6,0,31.56388699,-93.55433981,22085.0,1984.5921956121254,1.2658227848101269,468,469,6,0,463,463,24032,5,0,0,5,6
2020-07-28,US,Louisiana,St. Bernard,981,23,0,29.87761636,-89.51887093,22087.0,2076.454152908306,2.344546381243629,958,976,23,0,953,957,46721,5,0,0,5,19
2020-07-28,US,Louisiana,St. Charles,1276,50,0,29.90709658,-90.35555967,22089.0,2403.0131826741995,3.9184952978056415,1226,1261,50,0,1211,1229,52879,15,0,0,15,32
2020-07-28,US,Louisiana,St. Helena,225,1,0,30.82210324,-90.71013176,22091.0,2220.6869324911167,0.4444444444444444,224,224,1,0,223,214,10262,1,0,0,1,10
2020-07-28,US,Louisiana,St. James,599,30,0,30.02531716,-90.80212061,22093.0,2839.4008342813804,5.0083472454090145,569,591,30,0,561,582,21037,8,0,0,8,9
2020-07-28,US,Louisiana,St. John the Baptist,1297,88,0,30.12597499,-90.4753503,22095.0,3027.756378831384,6.784888203546647,1209,1291,88,0,1203,1285,43184,6,0,0,6,6
2020-07-28,US,Louisiana,St. Landry,1981,69,0,30.59724262,-92.00135806,22097.0,2412.205932492329,3.4830893488137304,1912,1927,69,0,1858,1880,82764,54,0,0,54,47
2020-07-28,US,Louisiana,St. Martin,1442,37,0,30.13112107,-91.61403569,22099.0,2698.807808201232,2.5658807212205272,1405,1429,36,0,1393,1399,53621,13,1,0,12,30
2020-07-28,US,Louisiana,St. Mary,1322,42,0,29.69262097,-91.44702164,22101.0,2678.9332901029425,3.1770045385779118,1280,1312,42,0,1270,1287,49774,10,0,0,10,25
2020-07-28,US,Louisiana,St. Tammany,4409,198,0,30.40942847,-89.95642711,22103.0,1693.0408303541599,4.490814243592651,4211,4375,195,0,4180,4285,258111,34,3,0,31,90
2020-07-28,US,Louisiana,Tangipahoa,2916,58,0,30.62888673,-90.40664996,22105.0,2163.8789533831014,1.9890260631001369,2858,2895,56,0,2839,2777,133777,21,2,0,19,118
2020-07-28,US,Louisiana,Tensas,54,0,0,32.00760749,-91.32915234,22107.0,1245.9621596677434,0.0,54,52,0,0,52,48,4462,2,0,0,2,4
2020-07-28,US,Louisiana,Terrebonne,2546,72,0,29.37343766,-90.82626855,22109.0,2304.885887326749,2.8279654359780046,2474,2519,72,0,2447,2453,111021,27,0,0,27,66
2020-07-28,US,Louisiana,Unassigned,10,112,0,0.0,0.0,90022.0,0.0,1120.0,-102,10,112,0,-102,10,,0,0,0,0,0
2020-07-28,US,Louisiana,Union,551,31,0,32.83121059,-92.3749373,22111.0,2492.310475845848,5.626134301270417,520,547,31,0,516,543,22330,4,0,0,4,4
2020-07-28,US,Louisiana,Vermilion,1158,15,0,29.83517605,-92.30292538,22113.0,1945.8587488027426,1.2953367875647668,1143,1142,14,0,1128,1081,59830,16,1,0,15,61
2020-07-28,US,Louisiana,Vernon,611,19,0,31.10884837,-93.18153838,22115.0,1288.24137131291,3.1096563011456633,592,599,19,0,580,587,48860,12,0,0,12,12
2020-07-28,US,Louisiana,Washington,1128,56,0,30.85288548,-90.03866652,22117.0,2441.875568255617,4.964539007092198,1072,1123,56,0,1067,1093,46582,5,0,0,5,30
2020-07-28,US,Louisiana,Webster,772,12,0,32.70847669,-93.33121835,22119.0,2013.5628586332807,1.5544041450777202,760,770,12,0,758,768,38798,2,0,0,2,2
2020-07-28,US,Louisiana,West Baton Rouge,582,33,0,30.46058217,-91.30989571,22121.0,2199.1309276402794,5.6701030927835046,549,573,33,0,540,545,26427,9,0,0,9,28
2020-07-28,US,Louisiana,West Carroll,226,5,0,32.78550125,-91.461201,22123.0,2086.7959372114497,2.2123893805309733,221,226,5,0,221,225,10982,0,0,0,0,1
2020-07-28,US,Louisiana,West Feliciana,320,15,0,30.87882871,-91.4148538,22125.0,2055.498458376156,4.6875,305,319,15,0,304,319,15460,1,0,0,1,0
2020-07-28,US,Louisiana,Winn,363,8,0,31.94449367,-92.63789413,22127.0,2610.759493670886,2.203856749311295,355,358,7,0,351,358,14134,5,1,0,4,0
2020-07-28,US,Maine,Androscoggin,544,6,0,44.1664747,-70.20380627,23001.0,502.4151020068897,1.1029411764705883,538,543,5,0,538,534,107679,1,1,0,0,9
2020-07-28,US,Maine,Aroostook,31,1,0,46.65926321,-68.59841248,23003.0,46.230706136753405,3.2258064516129035,30,31,1,0,30,31,67111,0,0,0,0,0
2020-07-28,US,Maine,Cumberland,2016,68,0,43.8370751,-70.37226999,23005.0,683.3828808520591,3.373015873015873,1948,2016,68,0,1948,2011,293557,0,0,0,0,5
2020-07-28,US,Maine,Franklin,45,1,0,44.97330019,-70.44381045,23007.0,149.01155667406206,2.2222222222222223,44,45,1,0,44,46,29897,0,0,0,0,-1
2020-07-28,US,Maine,Hancock,18,1,0,44.59816444,-68.38401854,23009.0,32.73501009329477,5.5555555555555545,17,19,1,0,18,19,54811,-1,0,0,-1,0
2020-07-28,US,Maine,Kennebec,159,10,0,44.40759555,-69.76738544,23011.0,130.00605059606548,6.289308176100628,149,159,10,0,149,158,122083,0,0,0,0,1
2020-07-28,US,Maine,Knox,25,1,0,44.11486325,-69.10529169,23013.0,62.858292265915715,4.0,24,25,1,0,24,25,39771,0,0,0,0,0
2020-07-28,US,Maine,Lincoln,33,1,0,44.05996956,-69.54227124,23015.0,95.28209274123694,3.0303030303030303,32,33,0,0,33,33,34342,0,1,0,-1,0
2020-07-28,US,Maine,Oxford,49,0,0,44.49952995,-70.75682123,23017.0,84.51918930573521,0.0,49,49,0,0,49,49,57618,0,0,0,0,0
2020-07-28,US,Maine,Penobscot,140,5,0,45.40194593,-68.65020455,23019.0,92.01566895391329,3.571428571428572,135,139,5,0,134,139,151096,1,0,0,1,0
2020-07-28,US,Maine,Piscataquis,3,0,0,45.83839062,-69.2860223,23021.0,17.873100983020553,0.0,3,3,0,0,3,3,16800,0,0,0,0,0
2020-07-28,US,Maine,Sagadahoc,43,0,0,43.95415864,-69.85074999,23023.0,119.92414100847836,0.0,43,43,0,0,43,43,35634,0,0,0,0,0
2020-07-28,US,Maine,Somerset,34,1,0,45.51229767,-69.95995554,23025.0,67.34807067585771,2.9411764705882355,33,34,1,0,33,34,50592,0,0,0,0,0
2020-07-28,US,Maine,Unassigned,1,0,0,0.0,0.0,90023.0,0.0,0.0,1,1,0,0,1,1,,0,0,0,0,0
2020-07-28,US,Maine,Waldo,60,14,0,44.4858305,-69.12061935,23027.0,151.07641948885808,23.33333333333333,46,60,14,0,46,60,39694,0,0,0,0,0
2020-07-28,US,Maine,Washington,7,0,0,45.01607142,-67.62813524,23029.0,22.307912935402666,0.0,7,7,0,0,7,7,31490,0,0,0,0,0
2020-07-28,US,Maine,York,630,12,0,43.47808377,-70.71052375,23031.0,303.40828641742235,1.9047619047619049,618,625,12,0,613,621,206229,5,0,0,5,4
2020-07-28,US,Maryland,Allegany,262,18,0,39.62357628,-78.69280486,24001.0,372.07452851624635,6.870229007633588,244,260,18,0,242,256,70975,2,0,0,2,4
2020-07-28,US,Maryland,Anne Arundel,6537,214,0,39.00670238,-76.60329337,24003.0,1128.5594422979316,3.2736729386568766,6323,6469,214,0,6255,6380,576031,68,0,0,68,89
2020-07-28,US,Maryland,Baltimore,11252,534,0,39.45784712,-76.62911955,24005.0,1359.9719593410446,4.745822964806257,10718,11124,528,0,10596,10924,828431,128,6,0,122,200
2020-07-28,US,Maryland,Baltimore City,10702,403,0,39.30211911,-76.61151012,24510.0,1803.2317309474465,3.7656512801345534,10299,10579,401,0,10178,10353,621342,123,2,0,121,226
2020-07-28,US,Maryland,Calvert,552,27,0,38.53961642,-76.56820632,24009.0,596.5955147257497,4.891304347826087,525,546,27,0,519,535,92003,6,0,0,6,11
2020-07-28,US,Maryland,Caroline,416,3,0,38.87172293,-75.82904158,24011.0,1245.2852780937556,0.7211538461538461,413,412,3,0,409,403,33304,4,0,0,4,9
2020-07-28,US,Maryland,Carroll,1402,116,0,39.56453592,-77.02373735,24013.0,832.3092723527283,8.273894436519258,1286,1391,115,0,1276,1369,168429,11,1,0,10,22
2020-07-28,US,Maryland,Cecil,607,30,0,39.56647682,-75.94627411,24015.0,590.1511837052161,4.942339373970347,577,601,30,0,571,597,102826,6,0,0,6,4
2020-07-28,US,Maryland,Charles,1772,90,0,38.51092331,-76.98580666,24017.0,1085.405219990567,5.07900677200903,1682,1753,90,0,1663,1730,161503,19,0,0,19,23
2020-07-28,US,Maryland,Dorchester,319,5,0,38.45413522,-76.02752426,24019.0,999.0917347865576,1.567398119122257,314,319,5,0,314,317,31998,0,0,0,0,2
2020-07-28,US,Maryland,Frederick,2931,120,0,39.47296601,-77.39999394,24021.0,1129.2752372402686,4.094165813715455,2811,2909,120,0,2789,2879,255648,22,0,0,22,30
2020-07-28,US,Maryland,Garrett,48,0,0,39.52786077,-79.27355126,24023.0,165.43737506031567,0.0,48,43,0,0,43,42,29163,5,0,0,5,1
2020-07-28,US,Maryland,Harford,1648,67,0,39.55010644,-76.30775940000002,24025.0,645.1587646462392,4.065533980582524,1581,1631,67,0,1564,1597,253956,17,0,0,17,34
2020-07-28,US,Maryland,Howard,3410,102,0,39.25305293,-76.93126208,24027.0,1047.0078909392366,2.991202346041056,3308,3373,102,0,3271,3327,323196,37,0,0,37,46
2020-07-28,US,Maryland,Kent,224,23,0,39.24976208,-76.04741541,24029.0,1153.3312738132015,10.267857142857142,201,229,23,0,206,229,19383,-5,0,0,-5,0
2020-07-28,US,Maryland,Montgomery,17230,787,0,39.13676329,-77.20358245,24031.0,1639.8778705000916,4.567614625652932,16443,17164,787,0,16377,17020,1052567,66,0,0,66,144
2020-07-28,US,Maryland,Prince George's,21870,731,0,38.83070039,-76.8496441,24033.0,2405.0754019181218,3.342478280749886,21139,21770,730,0,21040,21558,909308,100,1,0,99,212
2020-07-28,US,Maryland,Queen Anne's,375,23,0,39.06198912,-76.03530977,24035.0,744.3282189714376,6.133333333333334,352,370,23,0,347,366,50251,5,0,0,5,4
2020-07-28,US,Maryland,Somerset,116,3,0,38.1163542,-75.75118623,24039.0,452.84197376639605,2.586206896551724,113,115,3,0,112,114,25675,1,0,0,1,1
2020-07-28,US,Maryland,St. Mary's,855,53,0,38.30058422,-76.60629279999998,24037.0,753.2376002114353,6.1988304093567255,802,849,52,0,797,834,112664,6,1,0,5,15
2020-07-28,US,Maryland,Talbot,320,4,0,38.76618159,-76.10882561,24041.0,860.6546354320758,1.25,316,317,4,0,313,308,36968,3,0,0,3,9
2020-07-28,US,Maryland,Unassigned,0,15,0,0.0,0.0,90024.0,0.0,0.0,-15,0,15,0,-15,0,,0,0,0,0,0
2020-07-28,US,Maryland,Washington,914,30,0,39.60835778,-77.82002295,24043.0,605.101655754093,3.2822757111597376,884,897,30,0,867,871,150926,17,0,0,17,26
2020-07-28,US,Maryland,Wicomico,1256,42,0,38.37301947,-75.62705831,24045.0,1212.2499010703702,3.3439490445859867,1214,1249,42,0,1207,1239,103195,7,0,0,7,10
2020-07-28,US,Maryland,Worcester,506,18,0,38.21274277,-75.33200012,24047.0,967.9393985767848,3.5573122529644268,488,506,18,0,488,500,51823,0,0,0,0,6
2020-07-28,US,Massachusetts,Barnstable,1718,155,0,41.72980578,-70.28854339,25001.0,806.6106389971359,9.022118742724098,1563,1698,155,0,1543,1693,213413,20,0,0,20,5
2020-07-28,US,Massachusetts,Berkshire,647,45,0,42.37428441,-73.20524838,25003.0,517.8319887309516,6.955177743431221,602,645,45,0,600,643,126348,2,0,0,2,2
2020-07-28,US,Massachusetts,Bristol,8932,621,0,41.79228404,-71.10872211,25005.0,1580.2780171155505,6.952530228392298,8311,8907,617,0,8290,8882,564022,25,4,0,21,25
2020-07-28,US,Massachusetts,Dukes and Nantucket,99,1,0,41.40674725,-70.68763497,0.0,344.57554557794714,1.0101010101010102,98,95,1,0,94,95,26707,4,0,0,4,0
2020-07-28,US,Massachusetts,Essex,17033,1170,0,42.6687626,-70.94687179,25009.0,2158.715594004821,6.869018963189102,15863,16990,1169,0,15821,16952,790638,43,1,0,42,38
2020-07-28,US,Massachusetts,Franklin,398,59,0,42.58119713,-72.58602547,25011.0,567.113137646053,14.824120603015075,339,396,59,0,337,396,70963,2,0,0,2,0
2020-07-28,US,Massachusetts,Hampden,7326,689,0,42.13440424,-72.63235561,25013.0,1570.8490218109146,9.404859404859405,6637,7309,688,0,6621,7283,470406,17,1,0,16,26
2020-07-28,US,Massachusetts,Hampshire,1095,127,0,42.33997957,-72.65898478,25015.0,680.84312628241,11.598173515981733,968,1095,127,0,968,1090,161355,0,0,0,0,5
2020-07-28,US,Massachusetts,Middlesex,25429,1961,0,42.48607732,-71.39049229,25017.0,1577.7759991164605,7.711667780880097,23468,25396,1959,0,23437,25333,1614714,33,2,0,31,63
2020-07-28,US,Massachusetts,Norfolk,10034,977,0,42.16073095,-71.20530408,25021.0,1419.6880195253086,9.736894558501096,9057,10013,977,0,9036,9971,705388,21,0,0,21,42
2020-07-28,US,Massachusetts,Plymouth,9018,706,0,41.94070556,-70.80802823,25023.0,1730.2312730956519,7.8287868707030395,8312,9000,705,0,8295,8985,518132,18,1,0,17,15
2020-07-28,US,Massachusetts,Suffolk,20960,1052,0,42.327951399999996,-71.07850442,25025.0,2607.2667609561804,5.019083969465648,19908,20914,1048,0,19866,20896,807252,46,4,0,42,18
2020-07-28,US,Massachusetts,Unassigned,327,6,0,0.0,0.0,90025.0,0.0,1.834862385321101,321,328,6,0,322,325,,-1,0,0,-1,3
2020-07-28,US,Massachusetts,Worcester,13166,982,0,42.35026951,-71.90493363,25027.0,1585.0772072013503,7.458605499012608,12184,13140,980,0,12160,13093,830839,26,2,0,24,47
2020-07-28,US,Michigan,Alcona,27,1,0,44.6846864,-83.59507875,26001.0,259.4906295050457,3.703703703703704,26,27,1,0,26,28,10362,0,0,0,0,-1
2020-07-28,US,Michigan,Alger,5,0,0,46.41292944,-86.60260122,26003.0,54.89679402722882,0.0,5,5,0,0,5,5,9097,0,0,0,0,0
2020-07-28,US,Michigan,Allegan,477,7,0,42.59147037,-85.89102866,26005.0,403.95999356374017,1.4675052410901468,470,472,7,0,465,470,117327,5,0,0,5,2
2020-07-28,US,Michigan,Alpena,125,13,0,45.03477666,-83.62212411,26007.0,440.06336912515405,10.4,112,125,13,0,112,125,28360,0,0,0,0,0
2020-07-28,US,Michigan,Antrim,35,0,0,44.99690221,-85.15503082,26009.0,150.06002400960384,0.0,35,35,0,0,35,34,23365,0,0,0,0,1
2020-07-28,US,Michigan,Arenac,40,3,0,44.0636262,-83.89277559,26011.0,268.76301820869446,7.5,37,41,2,0,39,41,15041,-1,1,0,-2,0
2020-07-28,US,Michigan,Baraga,5,0,0,46.6720582,-88.36363591,26013.0,60.9087586794981,0.0,5,5,0,0,5,5,8320,0,0,0,0,0
2020-07-28,US,Michigan,Barry,168,2,0,42.59513984,-85.30834519,26015.0,272.94882209585705,1.1904761904761905,166,170,2,0,168,170,61157,-2,0,0,-2,0
2020-07-28,US,Michigan,Bay,532,31,0,43.70639106,-83.98731479,26017.0,515.8737854663227,5.8270676691729335,501,524,31,0,493,521,103923,8,0,0,8,3
2020-07-28,US,Michigan,Benzie,30,1,0,44.63899297,-86.01608482,26019.0,168.86187098953056,3.333333333333333,29,30,1,0,29,28,17753,0,0,0,0,2
2020-07-28,US,Michigan,Berrien,1241,64,0,41.95447397,-86.41313079999998,26021.0,808.9908149229798,5.157131345688962,1177,1232,63,0,1169,1224,154141,9,1,0,8,8
2020-07-28,US,Michigan,Branch,308,2,0,41.91600556,-85.05929476,26023.0,707.7693774846613,0.6493506493506493,306,307,2,0,305,307,43622,1,0,0,1,0
2020-07-28,US,Michigan,Calhoun,705,40,0,42.24633834,-85.00493569,26025.0,525.4958668445652,5.673758865248227,665,699,39,0,660,694,134487,6,1,0,5,5
2020-07-28,US,Michigan,Cass,265,9,0,41.91522292,-85.99405727,26027.0,511.7114333713093,3.39622641509434,256,263,8,0,255,261,51653,2,1,0,1,2
2020-07-28,US,Michigan,Charlevoix,43,2,0,45.37790017,-85.19614053,26029.0,164.47997551925943,4.651162790697675,41,41,2,0,39,45,26244,2,0,0,2,-4
2020-07-28,US,Michigan,Cheboygan,34,2,0,45.44787015,-84.50122149,26031.0,134.51495489792688,5.882352941176472,32,34,2,0,32,33,25413,0,0,0,0,1
2020-07-28,US,Michigan,Chippewa,27,0,0,46.29552653,-84.54353449,26033.0,72.29109213098073,0.0,27,28,0,0,28,26,37517,-1,0,0,-1,2
2020-07-28,US,Michigan,Clare,53,3,0,43.98794227,-84.84819859999998,26035.0,171.24394184168014,5.660377358490566,50,52,3,0,49,50,30757,1,0,0,1,2
2020-07-28,US,Michigan,Clinton,380,12,0,42.94400871,-84.60145248,26037.0,477.4169231735662,3.1578947368421053,368,367,12,0,355,359,79332,13,0,0,13,8
2020-07-28,US,Michigan,Crawford,93,5,0,44.68255561,-84.61006219,26039.0,662.9125383134933,5.376344086021504,88,94,5,0,89,94,13901,-1,0,0,-1,0
2020-07-28,US,Michigan,Delta,62,3,0,45.90484910000001,-86.9080745,26041.0,173.26179298010285,4.838709677419356,59,60,3,0,57,60,35857,2,0,0,2,0
2020-07-28,US,Michigan,Dickinson,43,2,0,46.00999672,-87.86961634,26043.0,170.37125084195094,4.651162790697675,41,42,2,0,40,42,25383,1,0,0,1,0
2020-07-28,US,Michigan,Eaton,432,7,0,42.59599185,-84.83740035,26045.0,391.7727717923605,1.6203703703703705,425,421,7,0,414,410,109826,11,0,0,11,11
2020-07-28,US,Michigan,Emmet,54,2,0,45.52625509,-84.89083249,26047.0,161.60407002843036,3.703703703703704,52,53,2,0,51,52,33308,1,0,0,1,1
2020-07-28,US,Michigan,Federal Correctional Institution (FCI),193,5,0,0.0,0.0,0.0,0.0,2.5906735751295336,188,192,5,0,187,191,,1,0,0,1,1
2020-07-28,US,Michigan,Genesee,3340,294,0,43.02244215,-83.70589709,26049.0,823.039183072006,8.802395209580837,3046,3327,294,0,3033,3309,406892,13,0,0,13,18
2020-07-28,US,Michigan,Gladwin,45,2,0,43.98901072,-84.38774817,26051.0,176.82423670871154,4.4444444444444455,43,37,2,0,35,34,25337,8,0,0,8,3
2020-07-28,US,Michigan,Gogebic,64,1,0,46.40862701,-89.69377193,26053.0,457.9606440071556,1.5625,63,62,1,0,61,57,15096,2,0,0,2,5
2020-07-28,US,Michigan,Grand Traverse,171,5,0,44.69565625,-85.55585247,26055.0,183.69714678583702,2.9239766081871346,166,168,5,0,163,160,92573,3,0,0,3,8
2020-07-28,US,Michigan,Gratiot,134,15,0,43.29265605,-84.60505416,26057.0,329.14936994915377,11.194029850746267,119,134,15,0,119,128,40599,0,0,0,0,6
2020-07-28,US,Michigan,Hillsdale,232,25,0,41.88753639,-84.59312019,26059.0,508.71614954500603,10.775862068965518,207,230,25,0,205,229,45749,2,0,0,2,1
2020-07-28,US,Michigan,Houghton,46,0,0,46.89988536,-88.68495385,26061.0,128.90931509920412,0.0,46,43,0,0,43,42,36219,3,0,0,3,1
2020-07-28,US,Michigan,Huron,140,3,0,43.83353985,-83.04078453,26063.0,451.8898679836029,2.142857142857143,137,133,3,0,130,132,31166,7,0,0,7,1
2020-07-28,US,Michigan,Ingham,1415,30,0,42.59716886,-84.37472069,26065.0,483.9161987100128,2.120141342756184,1385,1398,29,0,1369,1387,292735,17,1,0,16,11
2020-07-28,US,Michigan,Ionia,257,5,0,42.94502238,-85.07413319,26067.0,397.23634789866617,1.9455252918287935,252,256,5,0,251,255,64210,1,0,0,1,1
2020-07-28,US,Michigan,Iosco,126,11,0,44.35486835,-83.63484895,26069.0,501.45262068691045,8.730158730158731,115,124,11,0,113,124,25081,2,0,0,2,0
2020-07-28,US,Michigan,Iron,15,1,0,46.20974132,-88.53136251,26071.0,135.5503343574914,6.666666666666668,14,13,1,0,12,13,11117,2,0,0,2,0
2020-07-28,US,Michigan,Isabella,197,8,0,43.64060976,-84.84664923,26073.0,281.9441264025647,4.060913705583757,189,194,8,0,186,193,70562,3,0,0,3,1
2020-07-28,US,Michigan,Jackson,636,33,0,42.24807035,-84.42258681,26075.0,401.23651504636916,5.188679245283018,603,630,32,0,598,629,158823,6,1,0,5,1
2020-07-28,US,Michigan,Kalamazoo,1455,78,0,42.24542231,-85.53038622,26077.0,548.9198916496268,5.360824742268041,1377,1449,78,0,1371,1441,264870,6,0,0,6,8
2020-07-28,US,Michigan,Kalkaska,47,4,0,44.68512729,-85.09085699,26079.0,260.56103780906966,8.51063829787234,43,47,4,0,43,47,17824,0,0,0,0,0
2020-07-28,US,Michigan,Kent,6902,154,0,43.03197711,-85.54934642,26081.0,1050.6046837302404,2.231237322515213,6748,6823,152,0,6671,6781,653786,79,2,0,77,42
2020-07-28,US,Michigan,Keweenaw,2,0,0,47.63197653,-88.41434263,26083.0,94.5179584120983,0.0,2,2,0,0,2,2,2113,0,0,0,0,0
2020-07-28,US,Michigan,Lake,16,0,0,43.99050893,-85.802173,26085.0,134.98692314182065,0.0,16,16,0,0,16,17,11881,0,0,0,0,-1
2020-07-28,US,Michigan,Lapeer,392,32,0,43.09052506,-83.22153148,26087.0,447.452829111829,8.16326530612245,360,390,32,0,358,383,88028,2,0,0,2,7
2020-07-28,US,Michigan,Leelanau,63,0,0,44.94430054,-85.80150326,26089.0,289.5087541932816,0.0,63,63,0,0,63,61,21764,0,0,0,0,2
2020-07-28,US,Michigan,Lenawee,372,11,0,41.89475156,-84.06603727,26091.0,377.85294207270624,2.956989247311828,361,366,11,0,355,369,98266,6,0,0,6,-3
2020-07-28,US,Michigan,Livingston,722,28,0,42.60302282,-83.91297209,26093.0,376.051459673429,3.878116343490305,694,719,28,0,691,712,191224,3,0,0,3,7
2020-07-28,US,Michigan,Luce,3,0,0,46.47227431,-85.54471223,26095.0,48.16182372772515,0.0,3,3,0,0,3,3,6283,0,0,0,0,0
2020-07-28,US,Michigan,Mackinac,19,0,0,46.07028979,-85.04980537,26097.0,175.94221687193257,0.0,19,16,0,0,16,16,10787,3,0,0,3,0
2020-07-28,US,Michigan,Macomb,9055,937,0,42.69158356,-82.92752801,26099.0,1036.0743822456554,10.347874102705687,8118,8983,937,0,8046,8891,874759,72,0,0,72,92
2020-07-28,US,Michigan,Manistee,31,0,0,44.33352407,-86.05626916,26101.0,126.23177783207102,0.0,31,31,0,0,31,32,24528,0,0,0,0,-1
2020-07-28,US,Michigan,Marquette,120,11,0,46.4338914,-87.64043701,26103.0,179.91274231997485,9.166666666666666,109,115,11,0,104,113,66516,5,0,0,5,2
2020-07-28,US,Michigan,Mason,93,0,0,43.99509218,-86.24988902,26105.0,319.1051331320341,0.0,93,93,0,0,93,93,29100,0,0,0,0,0
2020-07-28,US,Michigan,Mecosta,51,2,0,43.64064262,-85.32463223,26107.0,117.36819091892393,3.92156862745098,49,50,2,0,48,50,43545,1,0,0,1,0
2020-07-28,US,Michigan,Menominee,75,0,0,45.58038692,-87.55370409,26109.0,329.23617208077263,0.0,75,73,0,0,73,69,22983,2,0,0,2,4
2020-07-28,US,Michigan,Michigan Department of Corrections (MDOC),4125,68,0,0.0,0.0,0.0,0.0,1.6484848484848484,4057,4124,68,0,4056,4123,,1,0,0,1,1
2020-07-28,US,Michigan,Midland,278,9,0,43.64330771,-84.38804374,26111.0,334.31141469046133,3.2374100719424463,269,270,9,0,261,265,83209,8,0,0,8,5
2020-07-28,US,Michigan,Missaukee,40,1,0,44.33772443,-85.09256478,26113.0,264.58526260087314,2.5,39,40,1,0,39,40,15113,0,0,0,0,0
2020-07-28,US,Michigan,Monroe,817,21,0,41.92734151,-83.53749864,26115.0,542.8571428571429,2.5703794369645037,796,803,21,0,782,794,150439,14,0,0,14,9
2020-07-28,US,Michigan,Montcalm,173,1,0,43.31082541,-85.15252824,26117.0,270.786376158277,0.5780346820809249,172,172,1,0,171,168,63968,1,0,0,1,4
2020-07-28,US,Michigan,Montmorency,7,0,0,45.0275929,-84.12696227,26119.0,75.04288164665523,0.0,7,7,0,0,7,7,9265,0,0,0,0,0
2020-07-28,US,Michigan,Muskegon,1096,57,0,43.29123859,-86.15176712,26121.0,631.46007858682,5.200729927007299,1039,1089,56,0,1033,1080,173588,7,1,0,6,9
2020-07-28,US,Michigan,Newaygo,245,0,0,43.554373999999996,-85.80070107,26123.0,500.20416496529197,0.0,245,243,0,0,243,242,48892,2,0,0,2,1
2020-07-28,US,Michigan,Oakland,14200,1126,0,42.66090111,-83.38595416,26125.0,1129.1492258171224,7.929577464788733,13074,14111,1127,0,12984,14035,1259201,89,-1,0,90,76
2020-07-28,US,Michigan,Oceana,460,5,0,43.64124435,-86.26726673,26127.0,1738.0133751464084,1.0869565217391304,455,458,5,0,453,458,26625,2,0,0,2,0
2020-07-28,US,Michigan,Ogemaw,49,2,0,44.33481032,-84.12725175,26129.0,233.36667142925185,4.081632653061225,47,50,2,0,48,51,20952,-1,0,0,-1,-1
2020-07-28,US,Michigan,Ontonagon,3,0,0,46.665226200000006,-89.31390481,26131.0,52.447552447552454,0.0,3,3,0,0,3,3,5795,0,0,0,0,0
2020-07-28,US,Michigan,Osceola,65,0,0,43.98992088,-85.32566756,26133.0,277.0673486786019,0.0,65,64,0,0,64,64,23341,1,0,0,1,0
2020-07-28,US,Michigan,Oscoda,23,1,0,44.68192279,-84.12939244,26135.0,279.09234316223757,4.3478260869565215,22,23,1,0,22,23,8276,0,0,0,0,0
2020-07-28,US,Michigan,Otsego,130,10,0,45.02085831,-84.59898295,26137.0,526.998540619426,7.6923076923076925,120,129,10,0,119,128,24665,1,0,0,1,1
2020-07-28,US,Michigan,Ottawa,1626,53,0,42.95996803,-85.9969107,26139.0,557.1736970153856,3.2595325953259535,1573,1606,53,0,1553,1600,290494,20,0,0,20,6
2020-07-28,US,Michigan,Out of MI,153,0,0,0.0,0.0,80026.0,0.0,0.0,153,93,0,0,93,75,,60,0,0,60,18
2020-07-28,US,Michigan,Presque Isle,14,1,0,45.34018577,-83.91498656,26141.0,111.18170266836088,7.142857142857142,13,14,1,0,13,14,12738,0,0,0,0,0
2020-07-28,US,Michigan,Roscommon,45,0,0,44.33473082,-84.61067651,26143.0,187.35167992006328,0.0,45,45,0,0,45,45,23884,0,0,0,0,0
2020-07-28,US,Michigan,Saginaw,1778,125,0,43.33433923,-84.05131209999998,26145.0,933.142296327786,7.030371203599549,1653,1755,124,0,1631,1738,190800,23,1,0,22,17
2020-07-28,US,Michigan,Sanilac,88,6,0,43.42406072,-82.82055898,26151.0,213.747874666019,6.8181818181818175,82,88,6,0,82,87,41182,0,0,0,0,1
2020-07-28,US,Michigan,Schoolcraft,8,0,0,46.19235734,-86.19972234,26153.0,98.838645910551,0.0,8,8,0,0,8,8,8068,0,0,0,0,0
2020-07-28,US,Michigan,Shiawassee,302,28,0,42.95392800000001,-84.14585902,26155.0,443.32227474237396,9.271523178807945,274,301,28,0,273,303,68192,1,0,0,1,-2
2020-07-28,US,Michigan,St. Clair,723,53,0,42.92655373,-82.67937954,26147.0,454.3512141169372,7.330567081604426,670,710,53,0,657,702,159337,13,0,0,13,8
2020-07-28,US,Michigan,St. Joseph,536,7,0,41.91441767,-85.52797979,26149.0,879.2074010891672,1.3059701492537314,529,528,6,0,522,526,61043,8,1,0,7,2
2020-07-28,US,Michigan,Tuscola,286,27,0,43.46606813,-83.41897025,26157.0,547.4208058187386,9.44055944055944,259,276,27,0,249,270,52516,10,0,0,10,6
2020-07-28,US,Michigan,Unassigned,3,0,0,0.0,0.0,90026.0,0.0,0.0,3,3,0,0,3,3,,0,0,0,0,0
2020-07-28,US,Michigan,Van Buren,369,11,0,42.25190229,-86.01939087,26159.0,487.59860988146994,2.9810298102981028,358,364,11,0,353,362,75448,5,0,0,5,2
2020-07-28,US,Michigan,Washtenaw,2311,110,0,42.253105,-83.83853204,26161.0,628.6707598727969,4.7598442232799645,2201,2270,110,0,2160,2259,370963,41,0,0,41,11
2020-07-28,US,Michigan,Wayne,26331,2789,0,42.28098405,-83.281255,26163.0,1505.1936641356212,10.592077779043713,23542,26161,2783,0,23378,26084,1753893,170,6,0,164,77
2020-07-28,US,Michigan,Wexford,61,4,0,44.33853602,-85.57712739,26165.0,181.38027415182412,6.557377049180328,57,58,4,0,54,57,33466,3,0,0,3,1
2020-07-28,US,Minnesota,Aitkin,25,0,0,46.60962049,-93.41168259999999,27001.0,157.37127030089385,0.0,25,25,0,0,25,24,15902,0,0,0,0,1
2020-07-28,US,Minnesota,Anoka,3083,112,0,45.27476015,-93.24604565,27003.0,863.77657801026,3.63282517028868,2971,3050,112,0,2938,3010,353813,33,0,0,33,40
2020-07-28,US,Minnesota,Becker,114,1,0,46.93479392,-95.67158144,27005.0,331.1739244110043,0.8771929824561403,113,111,0,0,111,110,34371,3,1,0,2,1
2020-07-28,US,Minnesota,Beltrami,157,0,0,47.97373527,-94.93732139,27007.0,332.71170636602534,0.0,157,157,0,0,157,151,46847,0,0,0,0,6
2020-07-28,US,Minnesota,Benton,290,3,0,45.69804958,-93.99514135,27009.0,709.237203159774,1.0344827586206895,287,288,3,0,285,287,40545,2,0,0,2,1
2020-07-28,US,Minnesota,Big Stone,21,0,0,45.42712824,-96.41403739,27011.0,420.75736325385697,0.0,21,21,0,0,21,21,4989,0,0,0,0,0
2020-07-28,US,Minnesota,Blue Earth,783,4,0,44.03554215,-94.06699781,27013.0,1157.3766130105096,0.5108556832694764,779,774,4,0,770,767,67427,9,0,0,9,7
2020-07-28,US,Minnesota,Brown,73,2,0,44.24205652,-94.72562874,27015.0,291.90658989123483,2.7397260273972597,71,72,2,0,70,70,25111,1,0,0,1,2
2020-07-28,US,Minnesota,Carlton,115,0,0,46.59180601,-92.67601019,27017.0,320.5932368765856,0.0,115,115,0,0,115,114,35837,0,0,0,0,1
2020-07-28,US,Minnesota,Carver,693,2,0,44.82017001,-93.80099179999999,27019.0,659.4410452092987,0.2886002886002886,691,684,2,0,682,663,103551,9,0,0,9,21
2020-07-28,US,Minnesota,Cass,45,2,0,46.95043611,-94.32603968,27021.0,151.11320057758826,4.4444444444444455,43,43,2,0,41,43,29519,2,0,0,2,0
2020-07-28,US,Minnesota,Chippewa,90,1,0,45.02343421,-95.56403693,27023.0,762.7118644067798,1.1111111111111112,89,90,1,0,89,90,11924,0,0,0,0,0
2020-07-28,US,Minnesota,Chisago,156,1,0,45.5021011,-92.90861945,27025.0,275.7206737482105,0.6410256410256411,155,156,1,0,155,154,55922,0,0,0,0,2
2020-07-28,US,Minnesota,Clay,717,39,0,46.89289518,-96.48761922,27027.0,1116.4398492728349,5.439330543933054,678,707,39,0,668,703,63955,10,0,0,10,4
2020-07-28,US,Minnesota,Clearwater,15,0,0,47.57992111,-95.37790562,27029.0,170.10660013608532,0.0,15,15,0,0,15,14,8810,0,0,0,0,1
2020-07-28,US,Minnesota,Cook,2,0,0,47.90504893,-90.52629546,27031.0,36.60992128866923,0.0,2,2,0,0,2,2,5393,0,0,0,0,0
2020-07-28,US,Minnesota,Cottonwood,159,0,0,44.00715262,-95.18138802,27033.0,1420.150053590568,0.0,159,159,0,0,159,159,11277,0,0,0,0,0
2020-07-28,US,Minnesota,Crow Wing,166,12,0,46.48096553,-94.06755609,27035.0,255.16870340481134,7.2289156626506035,154,161,12,0,149,156,64889,5,0,0,5,5
2020-07-28,US,Minnesota,Dakota,3565,102,0,44.67172617,-93.06299363,27037.0,830.9616545577022,2.861150070126228,3463,3537,102,0,3435,3475,425423,28,0,0,28,62
2020-07-28,US,Minnesota,Dodge,118,0,0,44.02238415,-92.86244324,27039.0,563.6763160408905,0.0,118,118,0,0,118,118,20822,0,0,0,0,0
2020-07-28,US,Minnesota,Douglas,117,0,0,45.93348491,-95.45335469,27041.0,306.75650874387145,0.0,117,115,0,0,115,115,37964,2,0,0,2,0
2020-07-28,US,Minnesota,Faribault,75,0,0,43.67381499,-93.94787458,27043.0,549.3298176225005,0.0,75,76,0,0,76,73,13758,-1,0,0,-1,3
2020-07-28,US,Minnesota,Fillmore,57,0,0,43.67394126,-92.08980382,27045.0,270.565339156026,0.0,57,55,0,0,55,53,21058,2,0,0,2,2
2020-07-28,US,Minnesota,Freeborn,344,1,0,43.67385583,-93.34884422,27047.0,1136.025890822628,0.2906976744186047,343,342,1,0,341,338,30444,2,0,0,2,4
2020-07-28,US,Minnesota,Goodhue,159,8,0,44.40849741,-92.72341949999999,27049.0,343.11609840310746,5.031446540880503,151,159,8,0,151,159,46403,0,0,0,0,0
2020-07-28,US,Minnesota,Grant,41,1,0,45.93424769,-96.01139609,27051.0,686.5371734762224,2.4390243902439024,40,41,1,0,40,38,6021,0,0,0,0,3
2020-07-28,US,Minnesota,Hennepin,16661,808,0,45.00761521,-93.47694895,27053.0,1316.1979803182546,4.8496488806194105,15853,16506,807,0,15699,16316,1259428,155,1,0,154,190
2020-07-28,US,Minnesota,Houston,37,0,0,43.67129565,-91.49143057,27055.0,198.92473118279568,0.0,37,34,0,0,34,33,18578,3,0,0,3,1
2020-07-28,US,Minnesota,Hubbard,21,0,0,47.10778564,-94.91693868,27057.0,97.7153226932204,0.0,21,20,0,0,20,19,21332,1,0,0,1,1
2020-07-28,US,Minnesota,Isanti,101,0,0,45.56181234,-93.29487636,27059.0,248.7929845304956,0.0,101,101,0,0,101,101,39966,0,0,0,0,0
2020-07-28,US,Minnesota,Itasca,121,12,0,47.51009045,-93.63092229,27061.0,268.114336361622,9.917355371900827,109,120,12,0,108,119,45108,1,0,0,1,1
2020-07-28,US,Minnesota,Jackson,65,0,0,43.67423373,-95.15398258,27063.0,660.1665651025797,0.0,65,64,0,0,64,64,9911,1,0,0,1,0
2020-07-28,US,Minnesota,Kanabec,23,1,0,45.9459309,-93.29275192,27065.0,140.78472179714757,4.3478260869565215,22,23,1,0,22,23,16207,0,0,0,0,0
2020-07-28,US,Minnesota,Kandiyohi,648,1,0,45.1526059,-95.00586446,27067.0,1500.034723025996,0.15432098765432098,647,647,1,0,646,644,42855,1,0,0,1,3
2020-07-28,US,Minnesota,Kittson,3,0,0,48.77754106,-96.78317184,27069.0,69.79990693345742,0.0,3,3,0,0,3,3,4248,0,0,0,0,0
2020-07-28,US,Minnesota,Koochiching,60,3,0,48.24539665,-93.78352843,27071.0,490.63701038515006,5.0,57,58,3,0,55,56,12440,2,0,0,2,2
2020-07-28,US,Minnesota,Lac qui Parle,6,0,0,44.9973857,-96.17488219,27073.0,90.59338668277216,0.0,6,6,0,0,6,6,6658,0,0,0,0,0
2020-07-28,US,Minnesota,Lake,14,0,0,47.64270764,-91.44557998,27075.0,131.56658208814957,0.0,14,14,0,0,14,13,10658,0,0,0,0,1
2020-07-28,US,Minnesota,Lake of the Woods,1,0,0,48.77217001,-94.90274472,27077.0,26.73796791443851,0.0,1,1,0,0,1,1,3758,0,0,0,0,0
2020-07-28,US,Minnesota,Le Sueur,187,1,0,44.37136597,-93.72844721,27079.0,647.3500190397065,0.5347593582887701,186,185,1,0,184,181,28494,2,0,0,2,4
2020-07-28,US,Minnesota,Lincoln,53,0,0,44.41311883,-96.26688165,27081.0,939.8829579712717,0.0,53,53,0,0,53,52,5673,0,0,0,0,1
2020-07-28,US,Minnesota,Lyon,410,3,0,44.41327865,-95.83806103,27083.0,1609.4841799481824,0.7317073170731707,407,409,3,0,406,401,25629,1,0,0,1,8
2020-07-28,US,Minnesota,Mahnomen,20,1,0,47.32557075,-95.80921485,27087.0,361.85996019540437,5.0,19,18,1,0,17,18,5519,2,0,0,2,0
2020-07-28,US,Minnesota,Marshall,26,0,0,48.35825983,-96.37017407,27089.0,278.49185946872325,0.0,26,25,0,0,25,25,9390,1,0,0,1,0
2020-07-28,US,Minnesota,Martin,196,5,0,43.67429718,-94.55099908,27091.0,995.7831631357006,2.5510204081632653,191,193,5,0,188,192,19785,3,0,0,3,1
2020-07-28,US,Minnesota,McLeod,118,0,0,44.82367677,-94.27287017,27085.0,328.7549104282172,0.0,118,116,0,0,116,116,35873,2,0,0,2,0
2020-07-28,US,Minnesota,Meeker,81,2,0,45.12328869,-94.52839455,27093.0,348.80716561880973,2.469135802469136,79,81,2,0,79,80,23141,0,0,0,0,1
2020-07-28,US,Minnesota,Mille Lacs,50,3,0,45.93705297,-93.63236823,27095.0,190.28047341781783,6.0,47,50,3,0,47,50,26139,0,0,0,0,0
2020-07-28,US,Minnesota,Morrison,79,1,0,46.01265363,-94.27341528,27097.0,236.62613071347272,1.2658227848101269,78,79,1,0,78,75,33169,0,0,0,0,4
2020-07-28,US,Minnesota,Mower,1054,2,0,43.67142874,-92.75234549,27099.0,2630.922070790275,0.189753320683112,1052,1052,2,0,1050,1038,40011,2,0,0,2,14
2020-07-28,US,Minnesota,Murray,118,1,0,44.02216709,-95.76328482,27101.0,1440.0781059311691,0.8474576271186439,117,118,1,0,117,118,8276,0,0,0,0,0
2020-07-28,US,Minnesota,Nicollet,271,13,0,44.35291112,-94.24710352,27103.0,790.6868179961486,4.7970479704797055,258,270,13,0,257,266,34220,1,0,0,1,4
2020-07-28,US,Minnesota,Nobles,1728,6,0,43.67434621,-95.75329576,27105.0,7989.273660363401,0.3472222222222222,1722,1728,6,0,1722,1727,21924,0,0,0,0,1
2020-07-28,US,Minnesota,Norman,31,0,0,47.32628443,-96.45620947,27107.0,486.27450980392166,0.0,31,29,0,0,29,29,6475,2,0,0,2,0
2020-07-28,US,Minnesota,Olmsted,1531,21,0,44.00374114,-92.40209944,27109.0,967.1937483021992,1.371652514696277,1510,1525,21,0,1504,1515,156277,6,0,0,6,10
2020-07-28,US,Minnesota,Otter Tail,155,2,0,46.40846929,-95.70835255,27111.0,263.8477513362612,1.2903225806451613,153,149,2,0,147,148,58812,6,0,0,6,1
2020-07-28,US,Minnesota,Pennington,65,1,0,48.06642577,-96.0370814,27113.0,460.37254763085207,1.5384615384615383,64,63,1,0,62,62,14178,2,0,0,2,1
2020-07-28,US,Minnesota,Pine,122,0,0,46.12105238,-92.74070188,27115.0,412.4547821089286,0.0,122,122,0,0,122,121,29483,0,0,0,0,1
2020-07-28,US,Minnesota,Pipestone,136,8,0,44.02301619,-96.25841142,27117.0,1490.2476440937976,5.882352941176472,128,136,8,0,128,133,9047,0,0,0,0,3
2020-07-28,US,Minnesota,Polk,117,3,0,47.77372465,-96.40134647,27119.0,373.03915316923866,2.5641025641025643,114,115,3,0,112,110,31529,2,0,0,2,5
2020-07-28,US,Minnesota,Pope,35,0,0,45.58606667,-95.44451209,27121.0,311.1387678904792,0.0,35,35,0,0,35,34,11097,0,0,0,0,1
2020-07-28,US,Minnesota,Ramsey,6416,254,0,45.01625271,-93.09872295,27123.0,1165.8650133285844,3.958852867830424,6162,6347,254,0,6093,6253,550210,69,0,0,69,94
2020-07-28,US,Minnesota,Red Lake,9,0,0,47.87197525,-96.09561104,27125.0,221.9482120838471,0.0,9,10,0,0,10,9,3999,-1,0,0,-1,1
2020-07-28,US,Minnesota,Redwood,30,0,0,44.40555844,-95.25207021,27127.0,197.7587343441002,0.0,30,30,0,0,30,30,15249,0,0,0,0,0
2020-07-28,US,Minnesota,Renville,53,4,0,44.72836381,-94.94553734,27129.0,364.3112455320319,7.547169811320754,49,53,4,0,49,53,14612,0,0,0,0,0
2020-07-28,US,Minnesota,Rice,956,8,0,44.3543376,-93.29658715,27131.0,1427.4622230185748,0.8368200836820083,948,953,8,0,945,947,66523,3,0,0,3,6
2020-07-28,US,Minnesota,Rock,62,0,0,43.67482683,-96.25296832,27133.0,665.5931293612454,0.0,62,62,0,0,62,60,9414,0,0,0,0,2
2020-07-28,US,Minnesota,Roseau,41,0,0,48.77501878,-95.81079919,27135.0,270.359380151665,0.0,41,41,0,0,41,41,15150,0,0,0,0,0
2020-07-28,US,Minnesota,Scott,1217,11,0,44.6490231,-93.53340251,27139.0,816.707267151188,0.903861955628595,1206,1198,11,0,1187,1176,147381,19,0,0,19,22
2020-07-28,US,Minnesota,Sherburne,587,5,0,45.44447208,-93.77617511,27141.0,603.673460992616,0.8517887563884157,582,571,5,0,566,564,96036,16,0,0,16,7
2020-07-28,US,Minnesota,Sibley,74,2,0,44.5796592,-94.23164924,27143.0,497.8136562394888,2.702702702702702,72,74,2,0,72,72,15028,0,0,0,0,2
2020-07-28,US,Minnesota,St. Louis,332,18,0,47.604840700000004,-92.46879855,27137.0,166.77550610338068,5.421686746987952,314,331,17,0,314,325,199754,1,1,0,0,6
2020-07-28,US,Minnesota,Stearns,2742,19,0,45.55192576,-94.61078221,27145.0,1702.3125873040506,0.6929248723559446,2723,2734,19,0,2715,2721,159256,8,0,0,8,13
2020-07-28,US,Minnesota,Steele,315,1,0,44.02240351,-93.22627088,27147.0,859.505034243772,0.31746031746031744,314,311,1,0,310,309,36803,4,0,0,4,2
2020-07-28,US,Minnesota,Stevens,15,0,0,45.58613007,-96.00163705,27149.0,152.98317185109642,0.0,15,15,0,0,15,15,9753,0,0,0,0,0
2020-07-28,US,Minnesota,Swift,51,1,0,45.2829032,-95.68264092,27151.0,550.3993093028275,1.96078431372549,50,50,1,0,49,50,9345,1,0,0,1,0
2020-07-28,US,Minnesota,Todd,410,2,0,46.06996226,-94.89785296,27153.0,1662.3418747972753,0.4878048780487805,408,411,2,0,409,408,24582,-1,0,0,-1,3
2020-07-28,US,Minnesota,Traverse,9,0,0,45.77298854,-96.47062949,27155.0,276.15833077631174,0.0,9,9,0,0,9,9,3308,0,0,0,0,0
2020-07-28,US,Minnesota,Unassigned,186,40,0,0.0,0.0,90027.0,0.0,21.505376344086017,146,180,40,0,140,167,,6,0,0,6,13
2020-07-28,US,Minnesota,Wabasha,70,0,0,44.28424356,-92.23121312,27157.0,323.66948721505526,0.0,70,66,0,0,66,65,21645,4,0,0,4,1
2020-07-28,US,Minnesota,Wadena,20,0,0,46.58589171,-94.96968506,27159.0,146.177459435755,0.0,20,20,0,0,20,20,13773,0,0,0,0,0
2020-07-28,US,Minnesota,Waseca,117,0,0,44.02211116,-93.58720034,27161.0,628.6266924564796,0.0,117,115,0,0,115,113,18691,2,0,0,2,2
2020-07-28,US,Minnesota,Washington,1723,42,0,45.03864533,-92.88429635,27163.0,656.5310166133212,2.4376088218224026,1681,1700,41,0,1659,1672,259201,23,1,0,22,28
2020-07-28,US,Minnesota,Watonwan,293,0,0,43.97823903,-94.61413846,27165.0,2688.813434890337,0.0,293,292,0,0,292,291,10980,1,0,0,1,1
2020-07-28,US,Minnesota,Wilkin,24,3,0,46.35721532,-96.4684375,27167.0,386.6602223296279,12.5,21,24,3,0,21,24,6254,0,0,0,0,0
2020-07-28,US,Minnesota,Winona,228,16,0,43.98772283,-91.78081305,27169.0,451.62823864986916,7.0175438596491215,212,221,16,0,205,217,50825,7,0,0,7,4
2020-07-28,US,Minnesota,Wright,734,5,0,45.17297924,-93.96234781,27171.0,530.4349711295953,0.6811989100817438,729,722,5,0,717,705,136349,12,0,0,12,17
2020-07-28,US,Minnesota,Yellow Medicine,43,0,0,44.71710183,-95.86842453,27173.0,442.88804202286536,0.0,43,42,0,0,42,41,9795,1,0,0,1,1
2020-07-28,US,Mississippi,Adams,531,23,0,31.47669768,-91.35326037,28001.0,1730.0361645977912,4.331450094161959,508,518,23,0,495,511,31192,13,0,0,13,7
2020-07-28,US,Mississippi,Alcorn,305,3,0,34.88084463,-88.57996173,28003.0,825.3727708169838,0.9836065573770492,302,278,3,0,275,274,36925,27,0,0,27,4
2020-07-28,US,Mississippi,Amite,181,4,0,31.17467303,-90.80501621,28005.0,1471.9037163535822,2.209944751381216,177,179,4,0,175,179,12326,2,0,0,2,0
2020-07-28,US,Mississippi,Attala,467,23,0,33.08658803,-89.57838564,28007.0,2569.6049301199514,4.925053533190578,444,459,23,0,436,457,18365,8,0,0,8,2
2020-07-28,US,Mississippi,Benton,102,0,0,34.81681228,-89.18945516,28009.0,1235.0163458045768,0.0,102,91,0,0,91,88,8271,11,0,0,11,3
2020-07-28,US,Mississippi,Bolivar,812,25,0,33.79696941,-90.87372121,28011.0,2651.1688650907668,3.078817733990148,787,766,25,0,741,758,31333,46,0,0,46,8
2020-07-28,US,Mississippi,Calhoun,345,8,0,33.93683395,-89.33686647,28013.0,2402.3396699394198,2.318840579710145,337,342,8,0,334,339,14436,3,0,0,3,3
2020-07-28,US,Mississippi,Carroll,233,11,0,33.44834567,-89.91994479,28015.0,2342.414798431688,4.721030042918455,222,232,11,0,221,231,9911,1,0,0,1,1
2020-07-28,US,Mississippi,Chickasaw,396,19,0,33.91983202,-88.9481545,28017.0,2315.3832660936678,4.797979797979798,377,391,19,0,372,390,17171,5,0,0,5,1
2020-07-28,US,Mississippi,Choctaw,111,4,0,33.34598242,-89.24809382,28019.0,1352.0097442143726,3.603603603603604,107,106,4,0,102,105,8278,5,0,0,5,1
2020-07-28,US,Mississippi,Claiborne,385,12,0,31.97061673,-90.90702196,28021.0,4283.489096573208,3.116883116883117,373,385,12,0,373,379,9002,0,0,0,0,6
2020-07-28,US,Mississippi,Clarke,282,25,0,32.04158545,-88.68896219999998,28023.0,1814.5550479377127,8.865248226950357,257,278,25,0,253,277,15604,4,0,0,4,1
2020-07-28,US,Mississippi,Clay,350,13,0,33.65358105,-88.77784255,28025.0,1811.9693518326776,3.7142857142857135,337,345,13,0,332,340,19386,5,0,0,5,5
2020-07-28,US,Mississippi,Coahoma,567,7,0,34.22772299,-90.60415045,28027.0,2562.8276984270474,1.2345679012345678,560,547,7,0,540,535,22628,20,0,0,20,12
2020-07-28,US,Mississippi,Copiah,852,21,0,31.86977774,-90.44565118,28029.0,3035.809727418493,2.4647887323943656,831,835,21,0,814,829,28543,17,0,0,17,6
2020-07-28,US,Mississippi,Covington,549,8,0,31.63225413,-89.55389939,28031.0,2945.9111397295555,1.4571948998178506,541,540,8,0,532,531,18853,9,0,0,9,9
2020-07-28,US,Mississippi,DeSoto,2668,21,0,34.87625235,-89.99091418,28033.0,1442.5910405796315,0.7871064467766117,2647,2668,21,0,2647,2668,182001,0,0,0,0,0
2020-07-28,US,Mississippi,Forrest,1464,48,0,31.18961454,-89.25832496,28035.0,1954.684433288383,3.278688524590164,1416,1428,46,0,1382,1405,75036,36,2,0,34,23
2020-07-28,US,Mississippi,Franklin,94,2,0,31.47786634,-90.89672989,28037.0,1218.7216387916505,2.127659574468085,92,88,2,0,86,85,7788,6,0,0,6,3
2020-07-28,US,Mississippi,George,256,5,0,30.86259065,-88.64436789,28039.0,1044.8979591836735,1.953125,251,247,5,0,242,243,24250,9,0,0,9,4
2020-07-28,US,Mississippi,Greene,205,10,0,31.21444233,-88.63922281,28041.0,1508.9062269983804,4.878048780487805,195,200,10,0,190,192,13586,5,0,0,5,8
2020-07-28,US,Mississippi,Grenada,775,19,0,33.77036166,-89.80245083,28043.0,3733.5003372193846,2.4516129032258065,756,770,17,0,753,766,21055,5,2,0,3,4
2020-07-28,US,Mississippi,Hancock,291,14,0,30.41830223,-89.48851033,28045.0,610.9338259993282,4.810996563573883,277,277,14,0,263,269,47334,14,0,0,14,8
2020-07-28,US,Mississippi,Harrison,1868,27,0,30.51359752,-89.12467576,28047.0,897.7316416762784,1.4453961456102784,1841,1824,26,0,1798,1810,206650,44,1,0,43,14
2020-07-28,US,Mississippi,Hinds,4737,93,0,32.2656285,-90.44435448,28049.0,2043.2194616977224,1.9632678910702976,4644,4624,82,0,4542,4553,237085,113,11,0,102,71
2020-07-28,US,Mississippi,Holmes,791,45,0,33.12345854,-90.08923538,28051.0,4650.205761316874,5.689001264222503,746,772,45,0,727,760,17622,19,0,0,19,12
2020-07-28,US,Mississippi,Humphreys,253,10,0,33.12825718,-90.52252707,28053.0,3137.400793650793,3.9525691699604737,243,248,10,0,238,245,8257,5,0,0,5,3
2020-07-28,US,Mississippi,Issaquena,19,1,0,32.72531359,-90.97392828,28055.0,1431.8010550113038,5.2631578947368425,18,18,1,0,17,18,1308,1,0,0,1,0
2020-07-28,US,Mississippi,Itawamba,273,9,0,34.27993475,-88.3606733,28057.0,1167.1654553227875,3.2967032967032965,264,257,9,0,248,254,23517,16,0,0,16,3
2020-07-28,US,Mississippi,Jackson,1638,29,0,30.54020656,-88.64184064,28059.0,1140.5335023012594,1.7704517704517704,1609,1596,27,0,1569,1582,143277,42,2,0,40,14
2020-07-28,US,Mississippi,Jasper,348,7,0,32.01922104,-89.11786866,28061.0,2124.1530855154733,2.0114942528735638,341,341,6,0,335,336,16428,7,1,0,6,5
2020-07-28,US,Mississippi,Jefferson,171,5,0,31.73397872,-91.03764977,28063.0,2446.3519313304723,2.9239766081871346,166,166,4,0,162,163,7106,5,1,0,4,3
2020-07-28,US,Mississippi,Jefferson Davis,182,5,0,31.56884708,-89.82670990000004,28065.0,1635.5140186915887,2.7472527472527477,177,177,5,0,172,174,11234,5,0,0,5,3
2020-07-28,US,Mississippi,Jones,1621,56,0,31.62257767,-89.16896899999998,28067.0,2380.392963082616,3.4546576187538562,1565,1591,56,0,1535,1563,68461,30,0,0,30,28
2020-07-28,US,Mississippi,Kemper,214,15,0,32.75462946,-88.64105766,28069.0,2196.6741942106337,7.009345794392522,199,209,15,0,194,209,10027,5,0,0,5,0
2020-07-28,US,Mississippi,Lafayette,758,4,0,34.35687874,-89.48490961,28071.0,1403.209981673115,0.5277044854881267,754,739,4,0,735,723,54793,19,0,0,19,16
2020-07-28,US,Mississippi,Lamar,991,11,0,31.20572971,-89.5077704,28073.0,1564.4980502975861,1.1099899091826435,980,972,11,0,961,954,62447,19,0,0,19,18
2020-07-28,US,Mississippi,Lauderdale,1254,85,0,32.40419769,-88.66229662,28075.0,1691.7369308600337,6.778309409888357,1169,1222,84,0,1138,1218,75317,32,1,0,31,4
2020-07-28,US,Mississippi,Lawrence,276,3,0,31.55147224,-90.10841127,28077.0,2192.912760209757,1.0869565217391304,273,273,3,0,270,271,12455,3,0,0,3,2
2020-07-28,US,Mississippi,Leake,734,24,0,32.7536828,-89.52402044,28079.0,3221.2762222417273,3.2697547683923704,710,725,24,0,701,724,22763,9,0,0,9,1
2020-07-28,US,Mississippi,Lee,1050,28,0,34.291877500000005,-88.68149954,28081.0,1228.9901212603584,2.6666666666666665,1022,1020,26,0,994,1002,85202,30,2,0,28,18
2020-07-28,US,Mississippi,Leflore,767,57,0,33.55545125,-90.29900733,28083.0,2721.4987758577868,7.431551499348108,710,736,57,0,679,735,28919,31,0,0,31,1
2020-07-28,US,Mississippi,Lincoln,688,38,0,31.53288662,-90.45391915,28085.0,2014.464322314292,5.5232558139534875,650,681,38,0,643,681,34205,7,0,0,7,0
2020-07-28,US,Mississippi,Lowndes,833,23,0,33.47386518,-88.44191529999998,28087.0,1421.6230053758852,2.7611044417767108,810,816,22,0,794,811,58930,17,1,0,16,5
2020-07-28,US,Mississippi,Madison,2139,50,0,32.63389156,-90.03513564,28089.0,2012.7597109304431,2.337540906965872,2089,2096,50,0,2046,2058,105630,43,0,0,43,38
2020-07-28,US,Mississippi,Marion,532,16,0,31.23132643,-89.8209217,28091.0,2164.9778211858543,3.0075187969924815,516,516,16,0,500,502,24715,16,0,0,16,14
2020-07-28,US,Mississippi,Marshall,482,5,0,34.76216286,-89.50299462,28093.0,1365.671218904063,1.037344398340249,477,456,5,0,451,454,35451,26,0,0,26,2
2020-07-28,US,Mississippi,Monroe,613,49,0,33.89236763,-88.4808438,28095.0,1738.908430727335,7.9934747145187615,564,599,47,0,552,592,35564,14,2,0,12,7
2020-07-28,US,Mississippi,Montgomery,252,3,0,33.49419589,-89.61729103,28097.0,2578.0051150895138,1.1904761904761905,249,250,3,0,247,250,10023,2,0,0,2,0
2020-07-28,US,Mississippi,Neshoba,1158,83,0,32.75339664,-89.11726492,28099.0,3976.921491860705,7.167530224525043,1075,1149,82,0,1067,1148,29125,9,1,0,8,1
2020-07-28,US,Mississippi,Newton,490,10,0,32.40021118,-89.11843336,28101.0,2331.335046150918,2.0408163265306123,480,475,10,0,465,472,21443,15,0,0,15,3
2020-07-28,US,Mississippi,Noxubee,374,10,0,33.11009499,-88.56949061,28103.0,3590.285110876452,2.6737967914438503,364,370,10,0,360,365,10535,4,0,0,4,5
2020-07-28,US,Mississippi,Oktibbeha,995,31,0,33.42491685,-88.87905132,28105.0,2006.5743037489663,3.1155778894472363,964,981,31,0,950,893,49599,14,0,0,14,88
2020-07-28,US,Mississippi,Panola,768,10,0,34.36398677,-89.95064249,28107.0,2246.1394478240522,1.3020833333333333,758,747,9,0,738,732,34178,21,1,0,20,15
2020-07-28,US,Mississippi,Pearl River,444,35,0,30.77090935,-89.58677275,28109.0,799.4958134509767,7.882882882882883,409,431,34,0,397,427,55387,13,1,0,12,4
2020-07-28,US,Mississippi,Perry,189,7,0,31.17161885,-88.99281835,28111.0,1578.5517414181907,3.703703703703704,182,179,7,0,172,175,11931,10,0,0,10,4
2020-07-28,US,Mississippi,Pike,751,29,0,31.17507789,-90.40392572,28113.0,1911.5251476277745,3.8615179760319576,722,730,28,0,702,720,39563,21,1,0,20,10
2020-07-28,US,Mississippi,Pontotoc,638,6,0,34.226046000000004,-89.03636807,28115.0,1982.9676136010446,0.9404388714733544,632,617,6,0,611,607,31833,21,0,0,21,10
2020-07-28,US,Mississippi,Prentiss,267,6,0,34.61810501,-88.51986294,28117.0,1062.6442728647617,2.247191011235955,261,255,6,0,249,251,25315,12,0,0,12,4
2020-07-28,US,Mississippi,Quitman,183,1,0,34.25157572,-90.28908,28119.0,2694.34628975265,0.5464480874316939,182,172,1,0,171,168,7051,11,0,0,11,4
2020-07-28,US,Mississippi,Rankin,1920,25,0,32.26469147,-89.94537876,28121.0,1236.5477133527831,1.3020833333333333,1895,1856,23,0,1833,1830,153902,64,2,0,62,26
2020-07-28,US,Mississippi,Scott,936,17,0,32.406704100000006,-89.53789439,28123.0,3328.1183330962876,1.816239316239316,919,932,16,0,916,930,28287,4,1,0,3,2
2020-07-28,US,Mississippi,Sharkey,117,1,0,32.88149103,-90.8159538,28125.0,2707.7065494098592,0.8547008547008547,116,103,1,0,102,103,4377,14,0,0,14,0
2020-07-28,US,Mississippi,Simpson,642,15,0,31.91282117,-89.91716179,28127.0,2408.282691874859,2.336448598130841,627,626,13,0,613,623,26758,16,2,0,14,3
2020-07-28,US,Mississippi,Smith,355,12,0,32.01744532,-89.50644846,28129.0,2230.459914551395,3.380281690140845,343,350,12,0,338,349,16002,5,0,0,5,1
2020-07-28,US,Mississippi,Stone,132,3,0,30.79187949,-89.11547539,28131.0,719.8952879581152,2.272727272727273,129,129,2,0,127,128,18717,3,1,0,2,1
2020-07-28,US,Mississippi,Sunflower,824,14,0,33.60192578,-90.58882684,28133.0,3281.5611310234967,1.699029126213592,810,797,14,0,783,790,25735,27,0,0,27,7
2020-07-28,US,Mississippi,Tallahatchie,363,9,0,33.95339918,-90.1729398,28135.0,2628.7203997393003,2.479338842975207,354,349,6,0,343,349,13987,14,3,0,11,0
2020-07-28,US,Mississippi,Tate,576,19,0,34.65133709,-89.94485778,28137.0,2033.8264891776416,3.298611111111111,557,565,19,0,546,565,28759,11,0,0,11,0
2020-07-28,US,Mississippi,Tippah,255,11,0,34.76872156,-88.90988194,28139.0,1158.3011583011582,4.313725490196078,244,240,11,0,229,236,21995,15,0,0,15,4
2020-07-28,US,Mississippi,Tishomingo,240,3,0,34.74023475,-88.23917219,28141.0,1238.1984212970128,1.25,237,230,3,0,227,226,19454,10,0,0,10,4
2020-07-28,US,Mississippi,Tunica,196,4,0,34.64967704,-90.37481167,28143.0,2034.8837209302328,2.0408163265306123,192,184,4,0,180,182,9944,12,0,0,12,2
2020-07-28,US,Mississippi,Union,439,13,0,34.49162015,-89.00776006,28145.0,1523.5120596911331,2.9612756264236904,426,410,13,0,397,408,28606,29,0,0,29,2
2020-07-28,US,Mississippi,Walthall,404,15,0,31.14971548,-90.10446654,28147.0,2827.9434411311768,3.712871287128713,389,397,15,0,382,396,14465,7,0,0,7,1
2020-07-28,US,Mississippi,Warren,886,24,0,32.35810271,-90.83352619,28149.0,1952.3589167272646,2.708803611738149,862,856,24,0,832,853,46176,30,0,0,30,3
2020-07-28,US,Mississippi,Washington,1296,25,0,33.28392041,-90.94196237,28151.0,2951.55890591906,1.9290123456790125,1271,1283,24,0,1259,1285,45063,13,1,0,12,-2
2020-07-28,US,Mississippi,Wayne,702,21,0,31.64135687,-88.69573913,28153.0,3478.1747014814446,2.9914529914529915,681,693,21,0,672,689,20298,9,0,0,9,4
2020-07-28,US,Mississippi,Webster,174,11,0,33.61300486,-89.28392912,28155.0,1795.8509650118692,6.32183908045977,163,171,11,0,160,166,9788,3,0,0,3,5
2020-07-28,US,Mississippi,Wilkinson,158,12,0,31.16078225,-91.31018819,28157.0,1830.8227114716108,7.594936708860758,146,154,12,0,142,151,8792,4,0,0,4,3
2020-07-28,US,Mississippi,Winston,505,14,0,33.08747908,-89.03391385,28159.0,2812.5870231133395,2.7722772277227716,491,483,14,0,469,479,18165,22,0,0,22,4
2020-07-28,US,Mississippi,Yalobusha,286,10,0,34.02824175,-89.70762049999998,28161.0,2362.074661380905,3.4965034965034967,276,279,10,0,269,276,12392,7,0,0,7,3
2020-07-28,US,Mississippi,Yazoo,717,11,0,32.77890365,-90.39656148,28163.0,2414.9545301448293,1.5341701534170151,706,694,9,0,685,689,28248,23,2,0,21,5
2020-07-28,US,Missouri,Adair,123,0,0,40.19058551,-92.60078167,29001.0,485.3411198358521,0.0,123,121,0,0,121,119,25339,2,0,0,2,2
2020-07-28,US,Missouri,Andrew,78,1,0,39.98492163,-94.80163024,29003.0,440.379403794038,1.2820512820512822,77,75,1,0,74,74,17607,3,0,0,3,1
2020-07-28,US,Missouri,Atchison,11,0,0,40.43238737,-95.42970639,29005.0,213.88294769589734,0.0,11,13,0,0,13,13,5171,-2,0,0,-2,0
2020-07-28,US,Missouri,Audrain,180,1,0,39.215877,-91.84242683,29007.0,708.9963762407435,0.5555555555555556,179,180,1,0,179,182,25473,0,0,0,0,-2
2020-07-28,US,Missouri,Barry,207,0,0,36.70978521,-93.82919888,29009.0,578.3900081030484,0.0,207,194,0,0,194,188,35886,13,0,0,13,6
2020-07-28,US,Missouri,Barton,62,0,0,37.50207671,-94.34757022,29011.0,527.4800068061936,0.0,62,55,0,0,55,53,11798,7,0,0,7,2
2020-07-28,US,Missouri,Bates,32,1,0,38.25271289,-94.34113157,29013.0,197.87286668315608,3.125,31,32,1,0,31,29,16320,0,0,0,0,3
2020-07-28,US,Missouri,Benton,61,1,0,38.29503305,-93.28756116,29015.0,313.73759193540087,1.639344262295082,60,57,1,0,56,51,19278,4,0,0,4,6
2020-07-28,US,Missouri,Bollinger,53,0,0,37.32449052,-90.02725304,29017.0,436.82518750515123,0.0,53,50,0,0,50,50,12169,3,0,0,3,0
2020-07-28,US,Missouri,Boone,1023,3,0,38.99186229,-92.30723575,29019.0,566.8752043355148,0.2932551319648094,1020,956,3,0,953,928,180005,67,0,0,67,28
2020-07-28,US,Missouri,Buchanan,1028,10,0,39.65816401,-94.80138942,29021.0,1176.6860491735727,0.9727626459143968,1018,1018,10,0,1008,1017,88571,10,0,0,10,1
2020-07-28,US,Missouri,Butler,210,2,0,36.71462476,-90.40421163,29023.0,494.37355807712237,0.9523809523809524,208,201,2,0,199,192,42639,9,0,0,9,9
2020-07-28,US,Missouri,Caldwell,29,1,0,39.65620858,-93.98308093,29025.0,321.5077605321508,3.4482758620689653,28,28,1,0,27,27,9108,1,0,0,1,1
2020-07-28,US,Missouri,Callaway,100,1,0,38.83674754,-91.92186505,29027.0,223.49864783318057,1.0,99,95,1,0,94,94,44889,5,0,0,5,1
2020-07-28,US,Missouri,Camden,241,3,0,38.02199522,-92.76083747,29029.0,520.4621531152144,1.2448132780082988,238,216,3,0,213,203,45815,25,0,0,25,13
2020-07-28,US,Missouri,Cape Girardeau,560,3,0,37.38489388,-89.6843587,29031.0,710.0201595009572,0.5357142857142857,557,540,3,0,537,521,78753,20,0,0,20,19
2020-07-28,US,Missouri,Carroll,79,0,0,39.42762566,-93.50626255,29033.0,910.2431155663097,0.0,79,74,0,0,74,71,8743,5,0,0,5,3
2020-07-28,US,Missouri,Carter,10,1,0,36.94160441,-90.96051322,29035.0,167.16817118020728,10.0,9,10,1,0,9,10,6054,0,0,0,0,0
2020-07-28,US,Missouri,Cass,517,8,0,38.64789422,-94.353399,29037.0,488.75023633957284,1.5473887814313343,509,472,8,0,464,440,104954,45,0,0,45,32
2020-07-28,US,Missouri,Cedar,32,0,0,37.72391475,-93.85445441,29039.0,223.0120565893094,0.0,32,31,0,0,31,31,14165,1,0,0,1,0
2020-07-28,US,Missouri,Chariton,14,0,0,39.51499357,-92.9629191,29041.0,188.52679773767846,0.0,14,14,0,0,14,13,7451,0,0,0,0,1
2020-07-28,US,Missouri,Christian,210,1,0,36.9711783,-93.18537118,29043.0,237.03369264631183,0.4761904761904762,209,188,1,0,187,172,86983,22,0,0,22,16
2020-07-28,US,Missouri,Clark,2,0,0,40.41040752,-91.73661677,29045.0,29.424746211563924,0.0,2,2,0,0,2,2,6842,0,0,0,0,0
2020-07-28,US,Missouri,Clay,784,19,0,39.31132056,-94.41850862,29047.0,313.66524237041307,2.423469387755102,765,744,19,0,725,717,246365,40,0,0,40,27
2020-07-28,US,Missouri,Clinton,57,0,0,39.6013098,-94.40465394,29049.0,279.5899347623485,0.0,57,53,0,0,53,53,20470,4,0,0,4,0
2020-07-28,US,Missouri,Cole,248,2,0,38.50455671,-92.27860244,29051.0,323.1480878233109,0.8064516129032258,246,229,2,0,227,226,76796,19,0,0,19,3
2020-07-28,US,Missouri,Cooper,65,0,0,38.844478,-92.80896081,29053.0,367.045005364504,0.0,65,57,0,0,57,50,17603,8,0,0,8,7
2020-07-28,US,Missouri,Crawford,33,0,0,37.97663738,-91.30528104,29055.0,137.9598662207358,0.0,33,35,0,0,35,34,23957,-2,0,0,-2,1
2020-07-28,US,Missouri,Dade,11,0,0,37.431814,-93.8503345,29057.0,145.48340166644624,0.0,11,10,0,0,10,10,7569,1,0,0,1,0
2020-07-28,US,Missouri,Dallas,43,1,0,37.6811355,-93.02127031,29059.0,254.76952245526718,2.3255813953488373,42,40,1,0,39,41,16762,3,0,0,3,-1
2020-07-28,US,Missouri,Daviess,17,0,0,39.96145298,-93.98519678,29061.0,205.36361439961343,0.0,17,18,0,0,18,17,8313,-1,0,0,-1,1
2020-07-28,US,Missouri,DeKalb,29,1,0,39.89201062,-94.40476508,29063.0,231.1309476368853,3.4482758620689653,28,28,1,0,27,27,12630,1,0,0,1,1
2020-07-28,US,Missouri,Dent,9,0,0,37.60663134,-91.50790473,29065.0,57.792332883837396,0.0,9,9,0,0,9,9,15441,0,0,0,0,0
2020-07-28,US,Missouri,Douglas,53,2,0,36.9325593,-92.49905109,29067.0,401.9719378081153,3.7735849056603774,51,47,1,0,46,46,13373,6,1,0,5,1
2020-07-28,US,Missouri,Dunklin,218,3,0,36.27167174,-90.09122243,29069.0,748.3436888537982,1.3761467889908257,215,205,3,0,202,194,29423,13,0,0,13,11
2020-07-28,US,Missouri,Franklin,469,18,0,38.41127108,-91.07522826,29071.0,451.104677445728,3.837953091684435,451,451,18,0,433,447,103670,18,0,0,18,4
2020-07-28,US,Missouri,Gasconade,14,0,0,38.43947277,-91.50847147,29073.0,95.19923840609276,0.0,14,13,0,0,13,13,14705,1,0,0,1,0
2020-07-28,US,Missouri,Gentry,80,9,0,40.21097916,-94.40944419,29075.0,1217.4707046111705,11.25,71,76,9,0,67,74,6628,4,0,0,4,2
2020-07-28,US,Missouri,Greene,972,10,0,37.2575872,-93.34230916,29077.0,331.6432719406592,1.02880658436214,962,914,9,0,905,859,291923,58,1,0,57,55
2020-07-28,US,Missouri,Grundy,24,1,0,40.11406587,-93.56509276,29079.0,243.65482233502541,4.166666666666667,23,24,1,0,23,24,9914,0,0,0,0,0
2020-07-28,US,Missouri,Harrison,44,1,0,40.35570088,-93.99222144,29081.0,526.8199233716475,2.272727272727273,43,44,1,0,43,44,8414,0,0,0,0,0
2020-07-28,US,Missouri,Henry,58,3,0,38.38482826,-93.79293734,29083.0,265.7624633431085,5.172413793103448,55,54,3,0,51,50,21792,4,0,0,4,4
2020-07-28,US,Missouri,Hickory,14,0,0,37.94163617,-93.3203037,29085.0,146.68901927912825,0.0,14,8,0,0,8,8,9509,6,0,0,6,0
2020-07-28,US,Missouri,Holt,5,0,0,40.09799248,-95.2163888,29087.0,113.55893708834887,0.0,5,2,0,0,2,2,4404,3,0,0,3,0
2020-07-28,US,Missouri,Howard,40,0,0,39.1435761,-92.69756691,29089.0,399.9600039996,0.0,40,39,0,0,39,37,10137,1,0,0,1,2
2020-07-28,US,Missouri,Howell,112,0,0,36.77383887,-91.88683935,29091.0,279.183388588379,0.0,112,108,0,0,108,98,40076,4,0,0,4,10
2020-07-28,US,Missouri,Iron,9,0,0,37.55487945,-90.7735296,29093.0,88.88888888888891,0.0,9,9,0,0,9,9,10177,0,0,0,0,0
2020-07-28,US,Missouri,Jackson,2795,55,0,39.01002188,-94.34724536,29095.0,397.57557136374817,1.9677996422182469,2740,2591,56,0,2535,2507,700307,204,-1,0,205,84
2020-07-28,US,Missouri,Jasper,1572,23,0,37.20351921,-94.34050458,29097.0,1295.6613477515496,1.4631043256997456,1549,1531,23,0,1508,1509,120636,41,0,0,41,22
2020-07-28,US,Missouri,Jefferson,1065,24,0,38.25926778,-90.53870896,29099.0,473.16299465525736,2.2535211267605635,1041,1021,24,0,997,954,224347,44,0,0,44,67
2020-07-28,US,Missouri,Johnson,427,1,0,38.74719601,-93.80691168,29101.0,789.8338944175206,0.234192037470726,426,417,1,0,416,417,53652,10,0,0,10,0
2020-07-28,US,Missouri,Kansas City,5263,46,0,39.0997,-94.5786,0.0,1076.403588966403,0.8740262207866236,5217,4949,46,0,4903,4785,491918,314,0,0,314,164
2020-07-28,US,Missouri,Knox,5,0,0,40.12699751,-92.14780832,29103.0,126.2945188178833,0.0,5,5,0,0,5,4,3947,0,0,0,0,1
2020-07-28,US,Missouri,Laclede,177,1,0,37.65896829,-92.5888493,29105.0,495.47910309884384,0.5649717514124294,176,173,1,0,172,171,35713,4,0,0,4,2
2020-07-28,US,Missouri,Lafayette,135,2,0,39.06986886,-93.78076396,29107.0,412.7430598018833,1.4814814814814814,133,131,2,0,129,125,32598,4,0,0,4,6
2020-07-28,US,Missouri,Lawrence,152,2,0,37.10626634,-93.83293097,29109.0,396.2977447529658,1.3157894736842106,150,142,2,0,140,136,38359,10,0,0,10,6
2020-07-28,US,Missouri,Lewis,27,1,0,40.09673161,-91.72070156,29111.0,276.1865793780688,3.703703703703704,26,25,1,0,24,21,9855,2,0,0,2,4
2020-07-28,US,Missouri,Lincoln,242,1,0,39.05345619,-90.95588181,29113.0,410.0791351058242,0.4132231404958678,241,228,1,0,227,221,57686,14,0,0,14,7
2020-07-28,US,Missouri,Linn,28,1,0,39.87001769,-93.10704106,29115.0,234.8993288590604,3.571428571428572,27,28,1,0,27,28,12037,0,0,0,0,0
2020-07-28,US,Missouri,Livingston,40,0,0,39.78110272,-93.54645978,29117.0,262.69127208248506,0.0,40,39,0,0,39,37,15146,1,0,0,1,2
2020-07-28,US,Missouri,Macon,43,0,0,39.83049768,-92.56453089,29121.0,284.44797248131243,0.0,43,41,0,0,41,39,15153,2,0,0,2,2
2020-07-28,US,Missouri,Madison,18,0,0,37.47865134,-90.3467143,29123.0,148.90800794176042,0.0,18,16,0,0,16,15,12188,2,0,0,2,1
2020-07-28,US,Missouri,Maries,11,0,0,38.16193985,-91.92249662,29125.0,126.4803955386915,0.0,11,11,0,0,11,10,8769,0,0,0,0,1
2020-07-28,US,Missouri,Marion,102,1,0,39.80601912,-91.62203062,29127.0,357.5184016824397,0.9803921568627452,101,92,1,0,91,85,28592,10,0,0,10,7
2020-07-28,US,Missouri,McDonald,896,7,0,36.62869595,-94.34867205,29119.0,3923.457546963261,0.78125,889,888,7,0,881,882,23078,8,0,0,8,6
2020-07-28,US,Missouri,Mercer,8,0,0,40.42212303,-93.5682959,29129.0,221.1777716339508,0.0,8,8,0,0,8,8,3641,0,0,0,0,0
2020-07-28,US,Missouri,Miller,78,0,0,38.21450288,-92.42610898,29131.0,304.4615324563801,0.0,78,67,0,0,67,62,25336,11,0,0,11,5
2020-07-28,US,Missouri,Mississippi,126,0,0,36.82516239,-89.29505753,29133.0,955.9939301972687,0.0,126,122,0,0,122,122,13336,4,0,0,4,0
2020-07-28,US,Missouri,Moniteau,96,2,0,38.63571781,-92.57976951,29135.0,595.0905033473841,2.083333333333333,94,94,2,0,92,93,16121,2,0,0,2,1
2020-07-28,US,Missouri,Monroe,11,0,0,39.49593978,-92.00043978,29137.0,127.25590004627487,0.0,11,9,0,0,9,9,8664,2,0,0,2,0
2020-07-28,US,Missouri,Montgomery,31,0,0,38.94022054,-91.47000721,29139.0,268.37503246472164,0.0,31,29,0,0,29,27,11534,2,0,0,2,2
2020-07-28,US,Missouri,Morgan,55,0,0,38.4181765,-92.88791859,29141.0,266.6408105880642,0.0,55,46,0,0,46,45,20358,9,0,0,9,1
2020-07-28,US,Missouri,New Madrid,142,1,0,36.59666326,-89.66070007,29143.0,831.5764816116186,0.7042253521126759,141,134,1,0,133,131,17296,8,0,0,8,3
2020-07-28,US,Missouri,Newton,771,4,0,36.90519407,-94.3394104,29145.0,1323.9233463836802,0.5188067444876784,767,753,3,0,750,736,58266,18,1,0,17,17
2020-07-28,US,Missouri,Nodaway,109,0,0,40.36079813,-94.88133008,29147.0,493.39127285895347,0.0,109,96,0,0,96,90,22304,13,0,0,13,6
2020-07-28,US,Missouri,Oregon,12,0,0,36.68710164,-91.4033755,29149.0,113.9709374109602,0.0,12,12,0,0,12,12,10541,0,0,0,0,0
2020-07-28,US,Missouri,Osage,32,0,0,38.46036182,-91.8613635,29151.0,235.03488799118614,0.0,32,32,0,0,32,32,13714,0,0,0,0,0
2020-07-28,US,Missouri,Ozark,5,0,0,36.64916339,-92.44459066,29153.0,54.50185306300414,0.0,5,4,0,0,4,4,9017,1,0,0,1,0
2020-07-28,US,Missouri,Pemiscot,186,6,0,36.2130572,-89.78742322,29155.0,1176.842771274913,3.2258064516129035,180,181,6,0,175,179,16272,5,0,0,5,2
2020-07-28,US,Missouri,Perry,192,3,0,37.70660776,-89.82741088,29157.0,1003.3444816053512,1.5625,189,188,3,0,185,187,19150,4,0,0,4,1
2020-07-28,US,Missouri,Pettis,322,3,0,38.72798918,-93.28471706,29159.0,760.5281182833794,0.9316770186335404,319,296,3,0,293,274,42542,26,0,0,26,22
2020-07-28,US,Missouri,Phelps,65,0,0,37.87736118,-91.79351727,29161.0,145.82819195477086,0.0,65,59,0,0,59,59,44732,6,0,0,6,0
2020-07-28,US,Missouri,Pike,64,1,0,39.34310674,-91.16980779,29163.0,349.6885586274724,1.5625,63,56,1,0,55,54,18504,8,0,0,8,2
2020-07-28,US,Missouri,Platte,270,6,0,39.38154439,-94.77068479,29165.0,258.5761075676608,2.2222222222222223,264,260,6,0,254,252,102985,10,0,0,10,8
2020-07-28,US,Missouri,Polk,170,0,0,37.6162296,-93.39828174,29167.0,528.7878316588385,0.0,170,153,0,0,153,150,32201,17,0,0,17,3
2020-07-28,US,Missouri,Pulaski,174,1,0,37.82462075,-92.20783203,29169.0,330.75446233390994,0.5747126436781609,173,172,1,0,171,171,52014,2,0,0,2,1
2020-07-28,US,Missouri,Putnam,4,0,0,40.47942497,-93.02042674,29171.0,85.17887563884156,0.0,4,4,0,0,4,4,4757,0,0,0,0,0
2020-07-28,US,Missouri,Ralls,17,0,0,39.52817427,-91.51838643,29173.0,164.90445242021534,0.0,17,17,0,0,17,16,10212,0,0,0,0,1
2020-07-28,US,Missouri,Randolph,47,1,0,39.44007257,-92.4971374,29175.0,189.9143365120414,2.127659574468085,46,32,1,0,31,29,24763,15,0,0,15,3
2020-07-28,US,Missouri,Ray,67,0,0,39.3537468,-93.98905745,29177.0,291.0765487879051,0.0,67,58,0,0,58,48,22883,9,0,0,9,10
2020-07-28,US,Missouri,Reynolds,14,0,0,37.36085952,-90.97009925,29179.0,223.2854864433812,0.0,14,12,0,0,12,12,6254,2,0,0,2,0
2020-07-28,US,Missouri,Ripley,38,0,0,36.65460667,-90.85990261,29181.0,285.9723058398555,0.0,38,37,0,0,37,36,13401,1,0,0,1,1
2020-07-28,US,Missouri,Saline,378,6,0,39.13734288,-93.20259964,29195.0,1660.7354685646499,1.5873015873015872,372,371,6,0,365,369,22895,7,0,0,7,2
2020-07-28,US,Missouri,Schuyler,9,0,0,40.46921489,-92.52311943,29197.0,193.13304721030042,0.0,9,9,0,0,9,9,4599,0,0,0,0,0
2020-07-28,US,Missouri,Scotland,11,1,0,40.45214695,-92.14709064,29199.0,224.3982048143615,9.090909090909092,10,11,1,0,10,11,4966,0,0,0,0,0
2020-07-28,US,Missouri,Scott,311,13,0,37.05588075,-89.56474493,29201.0,812.4346917450366,4.180064308681672,298,294,13,0,281,285,38458,17,0,0,17,9
2020-07-28,US,Missouri,Shannon,41,0,0,37.15772072,-91.40190382,29203.0,502.0818025961303,0.0,41,41,0,0,41,40,8189,0,0,0,0,1
2020-07-28,US,Missouri,Shelby,11,0,0,39.79742518,-92.07634971,29205.0,185.49747048903882,0.0,11,11,0,0,11,10,6050,0,0,0,0,1
2020-07-28,US,Missouri,St. Charles,2912,84,0,38.77875681,-90.66662425,29183.0,724.3384690390077,2.8846153846153846,2828,2764,84,0,2680,2663,399182,148,0,0,148,101
2020-07-28,US,Missouri,St. Clair,15,0,0,38.03699437,-93.77631447,29185.0,159.6254123656486,0.0,15,15,0,0,15,13,9395,0,0,0,0,2
2020-07-28,US,Missouri,St. Francois,250,2,0,37.81214171,-90.47598685,29187.0,371.9407870267053,0.8,248,238,2,0,236,234,66692,12,0,0,12,4
2020-07-28,US,Missouri,St. Louis,11595,643,0,38.63770039999999,-90.4458375,29189.0,1166.2584678210228,5.5454937473048735,10952,11507,636,0,10871,11210,996945,88,7,0,81,297
2020-07-28,US,Missouri,St. Louis City,4125,167,0,38.63555736,-90.24349225,29510.0,1372.3650590865539,4.048484848484849,3958,4042,165,0,3877,3901,302838,83,2,0,81,141
2020-07-28,US,Missouri,Ste. Genevieve,43,1,0,37.89090059,-90.1949941,29186.0,240.30401251816247,2.3255813953488373,42,40,1,0,39,38,17888,3,0,0,3,2
2020-07-28,US,Missouri,Stoddard,202,9,0,36.85571651,-89.9444155,29207.0,695.9517657192076,4.455445544554456,193,191,9,0,182,189,29206,11,0,0,11,2
2020-07-28,US,Missouri,Stone,70,1,0,36.75000327,-93.45256475,29209.0,219.07861792689042,1.4285714285714286,69,59,1,0,58,58,31749,11,0,0,11,1
2020-07-28,US,Missouri,Sullivan,129,0,0,40.2099105,-93.11150106,29211.0,2118.5744785679094,0.0,129,124,0,0,124,124,6221,5,0,0,5,0
2020-07-28,US,Missouri,Taney,284,3,0,36.65465345,-93.04075153,29213.0,507.79573737662713,1.056338028169014,281,267,3,0,264,249,55852,17,0,0,17,18
2020-07-28,US,Missouri,Texas,23,0,0,37.31728859,-91.96564727,29215.0,90.55831167808485,0.0,23,21,0,0,21,21,25571,2,0,0,2,0
2020-07-28,US,Missouri,Vernon,45,0,0,37.8457799,-94.34127305,29217.0,218.8396634732286,0.0,45,46,0,0,46,45,20528,-1,0,0,-1,1
2020-07-28,US,Missouri,Warren,128,0,0,38.76529479,-91.16124662,29219.0,359.056355016971,0.0,128,122,0,0,122,120,34711,6,0,0,6,2
2020-07-28,US,Missouri,Washington,49,1,0,37.96130078,-90.87948158,29221.0,198.1399110392236,2.0408163265306123,48,46,1,0,45,46,24943,3,0,0,3,0
2020-07-28,US,Missouri,Wayne,15,0,0,37.11303869,-90.46001416,29223.0,116.52295502213936,0.0,15,12,0,0,12,12,13122,3,0,0,3,0
2020-07-28,US,Missouri,Webster,102,1,0,37.2813734,-92.876329,29225.0,257.6278035966862,0.9803921568627452,101,101,1,0,100,97,39109,1,0,0,1,4
2020-07-28,US,Missouri,Worth,5,0,0,40.47945588,-94.42328751,29227.0,248.38549428713364,0.0,5,5,0,0,5,5,2040,0,0,0,0,0
2020-07-28,US,Missouri,Wright,54,0,0,37.27029221,-92.46914488,29229.0,295.25944556837436,0.0,54,54,0,0,54,54,18378,0,0,0,0,0
2020-07-28,US,Montana,Beaverhead,27,0,0,45.13434354,-112.89846940000001,30001.0,285.6236115518883,0.0,27,26,0,0,26,26,9404,1,0,0,1,0
2020-07-28,US,Montana,Big Horn,226,5,0,45.42335905,-107.492347,30003.0,1696.8240858923346,2.2123893805309733,221,226,5,0,221,217,13338,0,0,0,0,9
2020-07-28,US,Montana,Blaine,7,0,0,48.43175214,-108.9582723,30005.0,104.77473432120941,0.0,7,7,0,0,7,7,6807,0,0,0,0,0
2020-07-28,US,Montana,Broadwater,10,0,0,46.33277565,-111.49558130000001,30007.0,160.333493666827,0.0,10,10,0,0,10,10,6085,0,0,0,0,0
2020-07-28,US,Montana,Carbon,47,0,0,45.22850116,-109.0274047,30009.0,438.22843822843816,0.0,47,47,0,0,47,47,10714,0,0,0,0,0
2020-07-28,US,Montana,Cascade,125,2,0,47.30797024,-111.3467922,30013.0,153.6268220141091,1.6,123,115,2,0,113,115,81643,10,0,0,10,0
2020-07-28,US,Montana,Chouteau,3,0,0,47.88084126,-110.4353362,30015.0,53.23868677905946,0.0,3,3,0,0,3,3,5745,0,0,0,0,0
2020-07-28,US,Montana,Custer,47,2,0,46.25319932,-105.57375259999998,30017.0,412.20838449394836,4.25531914893617,45,47,0,0,47,47,11586,0,2,0,-2,0
2020-07-28,US,Montana,Daniels,1,0,0,48.78420029,-105.54763429999998,30019.0,59.1715976331361,0.0,1,1,0,0,1,1,1747,0,0,0,0,0
2020-07-28,US,Montana,Dawson,9,0,0,47.26584855,-104.89444170000002,30021.0,104.4932079414838,0.0,9,10,0,0,10,10,8680,-1,0,0,-1,0
2020-07-28,US,Montana,Deer Lodge,14,0,0,46.05953325,-113.073353,30023.0,153.17286652078775,0.0,14,14,0,0,14,14,9131,0,0,0,0,0
2020-07-28,US,Montana,Fallon,2,0,0,46.33478338,-104.41835649999999,30025.0,70.27406886858749,0.0,2,2,0,0,2,2,2920,0,0,0,0,0
2020-07-28,US,Montana,Fergus,5,0,0,47.26331584,-109.2245206,30027.0,45.248868778280546,0.0,5,4,0,0,4,4,11113,1,0,0,1,0
2020-07-28,US,Montana,Flathead,201,2,0,48.29575866,-114.05205690000001,30029.0,193.63042598693718,0.9950248756218906,199,190,2,0,188,190,102106,11,0,0,11,0
2020-07-28,US,Montana,Gallatin,802,1,0,45.54486106,-111.1692571,30031.0,700.8406592446298,0.12468827930174566,801,774,1,0,773,767,111876,28,0,0,28,7
2020-07-28,US,Montana,Garfield,12,0,0,47.27545948,-107.0002351,30033.0,953.8950715421304,0.0,12,12,0,0,12,12,1268,0,0,0,0,0
2020-07-28,US,Montana,Glacier,51,1,0,48.70513576,-112.9934235,30035.0,370.8281829419036,1.96078431372549,50,51,1,0,50,51,13747,0,0,0,0,0
2020-07-28,US,Montana,Golden Valley,3,0,0,46.3816474,-109.17685220000001,30037.0,365.4080389768576,0.0,3,3,0,0,3,3,826,0,0,0,0,0
2020-07-28,US,Montana,Granite,6,0,0,46.40605220000001,-113.4414186,30039.0,177.56732761171943,0.0,6,6,0,0,6,6,3378,0,0,0,0,0
2020-07-28,US,Montana,Hill,40,0,0,48.62879827,-110.1129252,30041.0,242.6595486532395,0.0,40,39,0,0,39,39,16347,1,0,0,1,0
2020-07-28,US,Montana,Jefferson,19,0,0,46.14907081,-112.094396,30043.0,155.47009246379184,0.0,19,19,0,0,19,19,12097,0,0,0,0,0
2020-07-28,US,Montana,Judith Basin,1,0,0,47.04581276,-110.26606880000001,30045.0,49.82561036372696,0.0,1,1,0,0,1,1,1952,0,0,0,0,0
2020-07-28,US,Montana,Lake,146,1,0,47.64514965,-114.0898013,30047.0,479.3486112023114,0.6849315068493149,145,140,1,0,139,139,30250,6,0,0,6,1
2020-07-28,US,Montana,Lewis and Clark,104,1,0,47.12610041,-112.39469799999999,30049.0,149.7868418020509,0.9615384615384616,103,105,1,0,104,104,68700,-1,0,0,-1,1
2020-07-28,US,Montana,Liberty,1,0,0,48.56084317,-111.02430700000001,30051.0,42.78990158322636,0.0,1,1,0,0,1,1,2430,0,0,0,0,0
2020-07-28,US,Montana,Lincoln,56,2,0,48.54265777,-115.4046155,30053.0,280.2802802802803,3.571428571428572,54,55,1,0,54,55,19794,1,1,0,0,0
2020-07-28,US,Montana,Madison,63,1,0,45.30080065,-111.9173017,30057.0,732.5581395348837,1.5873015873015872,62,61,1,0,60,61,8768,2,0,0,2,0
2020-07-28,US,Montana,Meagher,4,0,0,46.59907074,-110.8898557,30059.0,214.8227712137487,0.0,4,4,0,0,4,4,1866,0,0,0,0,0
2020-07-28,US,Montana,Missoula,206,1,0,47.03728583,-113.92135079999998,30063.0,172.24080267558531,0.4854368932038835,205,204,1,0,203,204,118791,2,0,0,2,0
2020-07-28,US,Montana,Musselshell,1,0,0,46.49684637,-108.39498,30065.0,21.58428663932657,0.0,1,1,0,0,1,1,4651,0,0,0,0,0
2020-07-28,US,Montana,Park,42,0,0,45.48965095,-110.52643940000002,30067.0,252.9206310971938,0.0,42,40,0,0,40,40,16736,2,0,0,2,0
2020-07-28,US,Montana,Pondera,9,0,0,48.22773388,-112.22527029999999,30073.0,152.25850109964472,0.0,9,8,0,0,8,8,5972,1,0,0,1,0
2020-07-28,US,Montana,Powder River,1,0,0,45.39617714,-105.636738,30075.0,59.453032104637344,0.0,1,1,0,0,1,1,1716,0,0,0,0,0
2020-07-28,US,Montana,Ravalli,62,1,0,46.08520862,-114.11891640000002,30081.0,141.5331233164407,1.6129032258064515,61,62,1,0,61,62,43172,0,0,0,0,0
2020-07-28,US,Montana,Richland,44,0,0,47.78668011,-104.5610786,30083.0,407.29427011015457,0.0,44,41,0,0,41,41,10913,3,0,0,3,0
2020-07-28,US,Montana,Roosevelt,11,0,0,48.29607488,-105.00792679999999,30085.0,99.9636495819702,0.0,11,10,0,0,10,10,11059,1,0,0,1,0
2020-07-28,US,Montana,Rosebud,20,1,0,46.23397237,-106.72928799999998,30087.0,223.78874342620568,5.0,19,19,1,0,18,19,9063,1,0,0,1,0
2020-07-28,US,Montana,Sanders,9,0,0,47.67657534,-115.1329916,30089.0,74.30033847931973,0.0,9,7,0,0,7,7,11844,2,0,0,2,0
2020-07-28,US,Montana,Sheridan,3,0,0,48.72085833,-104.50382900000001,30091.0,90.66183136899366,0.0,3,3,0,0,3,3,3424,0,0,0,0,0
2020-07-28,US,Montana,Silver Bow,44,0,0,45.90018933,-112.6620092,30093.0,126.02033509952743,0.0,44,39,0,0,39,39,34993,5,0,0,5,0
2020-07-28,US,Montana,Stillwater,17,0,0,45.67071407,-109.3950061,30095.0,176.3119684712715,0.0,17,16,0,0,16,16,9534,1,0,0,1,0
2020-07-28,US,Montana,Sweet Grass,4,1,0,45.81367654,-109.9425686,30097.0,107.03773080010704,25.0,3,4,1,0,3,4,3710,0,0,0,0,0
2020-07-28,US,Montana,Teton,15,0,0,47.83741052,-112.24106880000001,30099.0,244.0214738897023,0.0,15,15,0,0,15,15,6162,0,0,0,0,0
2020-07-28,US,Montana,Toole,31,6,0,48.65577551,-111.69424140000001,30101.0,654.5608108108107,19.354838709677423,25,31,6,0,25,31,4853,0,0,0,0,0
2020-07-28,US,Montana,Treasure,2,0,0,46.20973220000001,-107.26665159999999,30103.0,287.3563218390805,0.0,2,2,0,0,2,2,679,0,0,0,0,0
2020-07-28,US,Montana,Valley,8,0,0,48.36435097,-106.6669635,30105.0,108.1665765278529,0.0,8,8,0,0,8,8,7437,0,0,0,0,0
2020-07-28,US,Montana,Wheatland,2,0,0,46.46652491,-109.84646359999999,30107.0,94.07337723424273,0.0,2,2,0,0,2,2,2236,0,0,0,0,0
2020-07-28,US,Montana,Wibaux,1,0,0,46.95925154,-104.2510927,30109.0,103.19917440660471,0.0,1,1,0,0,1,1,1034,0,0,0,0,0
2020-07-28,US,Montana,Yellowstone,910,23,0,45.93955949,-108.26914860000001,30111.0,564.1661500309982,2.527472527472528,887,893,22,0,871,872,160137,17,1,0,16,21
2020-07-28,US,Nebraska,Adams,329,11,0,40.52449420000001,-98.50117804,31001.0,1049.0067914421452,3.3434650455927053,318,328,11,0,317,326,31511,1,0,0,1,2
2020-07-28,US,Nebraska,Antelope,18,1,0,42.17695516,-98.06662829999999,31003.0,285.8050174658622,5.5555555555555545,17,17,1,0,16,17,6336,1,0,0,1,0
2020-07-28,US,Nebraska,Banner,2,0,0,41.54634427,-103.7114332,31007.0,268.4563758389262,0.0,2,2,0,0,2,2,730,0,0,0,0,0
2020-07-28,US,Nebraska,Boone,7,0,0,41.70759415,-98.06737183,31011.0,134.82280431432974,0.0,7,7,0,0,7,7,5239,0,0,0,0,0
2020-07-28,US,Nebraska,Box Butte,10,0,0,42.22079243,-103.08788340000001,31013.0,92.73856997125105,0.0,10,10,0,0,10,9,10772,0,0,0,0,1
2020-07-28,US,Nebraska,Boyd,1,0,0,42.899727399999996,-98.76486568,31015.0,52.110474205315285,0.0,1,1,0,0,1,1,1955,0,0,0,0,0
2020-07-28,US,Nebraska,Buffalo,293,1,0,40.85486962,-99.07500296,31019.0,590.0239634305967,0.3412969283276451,292,287,1,0,286,280,49615,6,0,0,6,7
2020-07-28,US,Nebraska,Burt,16,0,0,41.85056773,-96.32605633,31021.0,247.71636476234715,0.0,16,16,0,0,16,17,6488,0,0,0,0,-1
2020-07-28,US,Nebraska,Butler,53,0,0,41.22703692,-97.13106306,31023.0,661.1776447105789,0.0,53,54,0,0,54,53,8058,-1,0,0,-1,1
2020-07-28,US,Nebraska,Cass,145,1,0,40.90899107,-96.13971217,31025.0,552.4230417555623,0.6896551724137931,144,141,1,0,140,139,26159,4,0,0,4,2
2020-07-28,US,Nebraska,Cedar,20,0,0,42.598885100000004,-97.25311951,31027.0,238.0385622470841,0.0,20,20,0,0,20,20,8446,0,0,0,0,0
2020-07-28,US,Nebraska,Chase,4,0,0,40.523719799999995,-101.69780259999999,31029.0,101.9367991845056,0.0,4,4,0,0,4,4,3977,0,0,0,0,0
2020-07-28,US,Nebraska,Cherry,5,0,0,42.54502621,-101.1244332,31031.0,87.88890841975744,0.0,5,5,0,0,5,4,5761,0,0,0,0,1
2020-07-28,US,Nebraska,Cheyenne,23,0,0,41.21999357,-102.9941693,31033.0,258.1369248035914,0.0,23,23,0,0,23,23,9310,0,0,0,0,0
2020-07-28,US,Nebraska,Clay,45,0,0,40.52439441,-98.05126296,31035.0,725.4554247944542,0.0,45,45,0,0,45,45,6214,0,0,0,0,0
2020-07-28,US,Nebraska,Colfax,689,4,0,41.57486951,-97.0868542,31037.0,6433.840694742739,0.5805515239477503,685,690,4,0,686,689,10881,-1,0,0,-1,1
2020-07-28,US,Nebraska,Cuming,48,0,0,41.91637624,-96.78730772,31039.0,542.6181324892607,0.0,48,48,0,0,48,48,8940,0,0,0,0,0
2020-07-28,US,Nebraska,Custer,43,4,0,41.39374521,-99.72805369,31041.0,398.9978658253688,9.30232558139535,39,42,4,0,38,42,10840,1,0,0,1,0
2020-07-28,US,Nebraska,Dakota,1893,39,0,42.39040144,-96.56656425,31043.0,9452.711475082393,2.060221870047544,1854,1890,39,0,1851,1887,20083,3,0,0,3,3
2020-07-28,US,Nebraska,Dawes,4,0,0,42.71985036,-103.1313774,31045.0,46.57119571545,0.0,4,4,0,0,4,4,8716,0,0,0,0,0
2020-07-28,US,Nebraska,Dawson,917,9,0,40.87028216,-99.82014609999999,31047.0,3886.416613689341,0.9814612868047984,908,916,9,0,907,914,23709,1,0,0,1,2
2020-07-28,US,Nebraska,Deuel,1,0,0,41.11168186,-102.33333309999999,31049.0,55.74136008918617,0.0,1,1,0,0,1,1,1825,0,0,0,0,0
2020-07-28,US,Nebraska,Dixon,56,2,0,42.49188363,-96.86782408,31051.0,993.61249112846,3.571428571428572,54,56,2,0,54,56,5709,0,0,0,0,0
2020-07-28,US,Nebraska,Dodge,748,8,0,41.58071748,-96.65598179,31053.0,2045.6720907972103,1.0695187165775402,740,746,8,0,738,741,36791,2,0,0,2,5
2020-07-28,US,Nebraska,Douglas,9810,124,0,41.29518299,-96.15085305,31055.0,1717.0552065629665,1.2640163098878696,9686,9712,121,0,9591,9558,566880,98,3,0,95,154
2020-07-28,US,Nebraska,Dundy,1,0,0,40.17638677,-101.6876522,31057.0,59.06674542232722,0.0,1,,,,,,1770,,,,,
2020-07-28,US,Nebraska,Fillmore,21,0,0,40.52458567,-97.59646937,31059.0,384.4745514463567,0.0,21,21,1,0,20,21,5527,0,-1,0,1,0
2020-07-28,US,Nebraska,Franklin,9,0,0,40.17636348,-98.95299073,31061.0,302.1148036253776,0.0,9,9,0,0,9,8,3023,0,0,0,0,1
2020-07-28,US,Nebraska,Frontier,3,0,0,40.52993007,-100.3924658,31063.0,114.19870574800152,0.0,3,3,0,0,3,3,2608,0,0,0,0,0
2020-07-28,US,Nebraska,Furnas,14,1,0,40.17642064,-99.91247454,31065.0,299.40119760479035,7.142857142857142,13,13,1,0,12,13,4715,1,0,0,1,0
2020-07-28,US,Nebraska,Gage,76,4,0,40.26186809,-96.68946704,31067.0,353.2747640961278,5.2631578947368425,72,74,4,0,70,74,21493,2,0,0,2,0
2020-07-28,US,Nebraska,Garden,4,0,0,41.61703149,-102.3313973,31069.0,217.74632553075668,0.0,4,4,0,0,4,4,1897,0,0,0,0,0
2020-07-28,US,Nebraska,Garfield,3,0,0,41.91428955,-98.99111827,31071.0,152.36160487557137,0.0,3,3,0,0,3,3,1987,0,0,0,0,0
2020-07-28,US,Nebraska,Gosper,14,0,0,40.51481965,-99.83020279,31073.0,703.5175879396985,0.0,14,13,0,0,13,13,1996,1,0,0,1,0
2020-07-28,US,Nebraska,Greeley,8,0,0,41.56742671,-98.52150266,31077.0,339.55857385398986,0.0,8,8,0,0,8,8,2356,0,0,0,0,0
2020-07-28,US,Nebraska,Hall,1688,46,0,40.87257079,-98.50218293,31079.0,2751.2917053770802,2.7251184834123223,1642,1683,46,0,1637,1681,61607,5,0,0,5,2
2020-07-28,US,Nebraska,Hamilton,89,12,0,40.87349452,-98.02099117,31081.0,954.5259545259545,13.483146067415731,77,87,12,0,75,87,9280,2,0,0,2,0
2020-07-28,US,Nebraska,Harlan,1,0,0,40.17658508,-99.40438879,31083.0,29.58579881656805,0.0,1,1,0,0,1,1,3401,0,0,0,0,0
2020-07-28,US,Nebraska,Hitchcock,1,0,0,40.17609175,-101.04164770000001,31087.0,36.205648081100655,0.0,1,1,0,0,1,1,2806,0,0,0,0,0
2020-07-28,US,Nebraska,Holt,6,0,0,42.45522056,-98.78402558,31089.0,59.600675474322045,0.0,6,6,0,0,6,6,10178,0,0,0,0,0
2020-07-28,US,Nebraska,Hooker,4,0,0,41.91586243,-101.1354293,31091.0,586.5102639296188,0.0,4,4,0,0,4,4,682,0,0,0,0,0
2020-07-28,US,Nebraska,Howard,53,4,0,41.2200529,-98.5166499,31093.0,822.3429014740109,7.547169811320754,49,53,4,0,49,53,6468,0,0,0,0,0
2020-07-28,US,Nebraska,Jefferson,12,0,0,40.17584531,-97.142601,31095.0,170.3093954016463,0.0,12,12,0,0,12,13,7097,0,0,0,0,-1
2020-07-28,US,Nebraska,Johnson,11,0,0,40.39257596,-96.26522753,31097.0,216.9197396963124,0.0,11,11,0,0,11,11,5134,0,0,0,0,0
2020-07-28,US,Nebraska,Kearney,22,0,0,40.50663314,-98.94877182,31099.0,338.72209391839874,0.0,22,20,0,0,20,19,6544,2,0,0,2,1
2020-07-28,US,Nebraska,Keith,15,0,0,41.19930341,-101.66201640000001,31101.0,186.70649738610905,0.0,15,15,0,0,15,13,8021,0,0,0,0,2
2020-07-28,US,Nebraska,Kimball,15,0,0,41.19774275,-103.7148131,31105.0,412.9955947136564,0.0,15,15,0,0,15,15,3618,0,0,0,0,0
2020-07-28,US,Nebraska,Knox,28,0,0,42.63758421,-97.89178836,31107.0,336.0537686029765,0.0,28,28,0,0,28,28,8419,0,0,0,0,0
2020-07-28,US,Nebraska,Lancaster,2871,14,0,40.78416049,-96.68777155,31109.0,899.7461531229434,0.4876349703935911,2857,2814,14,0,2800,2785,317272,57,0,0,57,29
2020-07-28,US,Nebraska,Lincoln,82,2,0,41.04658298,-100.74753740000001,31111.0,234.86280575127446,2.4390243902439024,80,80,2,0,78,78,35185,2,0,0,2,2
2020-07-28,US,Nebraska,Madison,406,5,0,41.91676024,-97.6005481,31119.0,1156.7281119120205,1.2315270935960592,401,405,5,0,400,403,35392,1,0,0,1,2
2020-07-28,US,Nebraska,McPherson,4,0,0,41.56797682,-101.05993620000001,31117.0,809.7165991902832,0.0,4,4,0,0,4,4,492,0,0,0,0,0
2020-07-28,US,Nebraska,Merrick,44,0,0,41.16624273,-98.0374887,31121.0,567.3758865248228,0.0,44,44,0,0,44,44,7733,0,0,0,0,0
2020-07-28,US,Nebraska,Morrill,58,0,0,41.71711774,-103.0061405,31123.0,1249.4614390348986,0.0,58,57,0,0,57,57,4686,1,0,0,1,0
2020-07-28,US,Nebraska,Nance,7,0,0,41.39750195,-97.99327291,31125.0,198.92014776925262,0.0,7,7,0,0,7,6,3532,0,0,0,0,1
2020-07-28,US,Nebraska,Nemaha,14,0,0,40.38514847,-95.85433992,31127.0,200.8032128514056,0.0,14,11,0,0,11,12,6958,3,0,0,3,-1
2020-07-28,US,Nebraska,Nuckolls,5,0,0,40.17637905,-98.04743961,31129.0,120.54001928640308,0.0,5,5,0,0,5,5,4195,0,0,0,0,0
2020-07-28,US,Nebraska,Otoe,39,0,0,40.64843556,-96.13374142,31131.0,243.56732450662003,0.0,39,39,0,0,39,38,15985,0,0,0,0,1
2020-07-28,US,Nebraska,Pawnee,6,0,0,40.13141096,-96.23705437,31133.0,229.62112514351318,0.0,6,5,0,0,5,5,2632,1,0,0,1,0
2020-07-28,US,Nebraska,Perkins,10,1,0,40.85082525,-101.6502942,31135.0,345.90107229332415,10.0,9,10,0,0,10,9,2929,0,1,0,-1,1
2020-07-28,US,Nebraska,Phelps,32,0,0,40.51156033,-99.41461667,31137.0,354.21740092982066,0.0,32,32,0,0,32,32,8996,0,0,0,0,0
2020-07-28,US,Nebraska,Pierce,18,0,0,42.26434853,-97.60122773,31139.0,251.81869054280918,0.0,18,18,0,0,18,17,7142,0,0,0,0,1
2020-07-28,US,Nebraska,Platte,743,3,0,41.57246836,-97.52144359,31141.0,2219.8984164923813,0.4037685060565276,740,738,3,0,735,735,33363,5,0,0,5,3
2020-07-28,US,Nebraska,Polk,22,0,0,41.18813488,-97.56630712,31143.0,422.02186840590826,0.0,22,20,0,0,20,20,5278,2,0,0,2,0
2020-07-28,US,Nebraska,Red Willow,13,0,0,40.17556879999999,-100.476998,31145.0,121.22342409548678,0.0,13,13,0,0,13,13,10726,0,0,0,0,0
2020-07-28,US,Nebraska,Richardson,17,1,0,40.1247415,-95.71755036,31147.0,216.1474888747616,5.882352941176472,16,17,1,0,16,17,7937,0,0,0,0,0
2020-07-28,US,Nebraska,Rock,2,0,0,42.42252217,-99.44832069,31149.0,147.38393515106853,0.0,2,2,0,0,2,2,1360,0,0,0,0,0
2020-07-28,US,Nebraska,Saline,574,2,0,40.52418865,-97.14085859,31151.0,4035.433070866142,0.3484320557491289,572,572,2,0,570,571,14350,2,0,0,2,1
2020-07-28,US,Nebraska,Sarpy,1831,9,0,41.11314181,-96.11156432,31153.0,978.1191905809952,0.4915346805024577,1822,1784,8,0,1776,1745,184459,47,1,0,46,39
2020-07-28,US,Nebraska,Saunders,119,2,0,41.227810299999994,-96.63773905,31155.0,551.4876262860321,1.680672268907563,117,117,2,0,115,115,21303,2,0,0,2,2
2020-07-28,US,Nebraska,Scotts Bluff,273,6,0,41.85070896,-103.70809859999999,31157.0,766.4663933965973,2.1978021978021984,267,274,6,0,268,274,35989,-1,0,0,-1,0
2020-07-28,US,Nebraska,Seward,68,1,0,40.87241834,-97.139673,31159.0,393.4274473501504,1.4705882352941178,67,66,1,0,65,65,17318,2,0,0,2,1
2020-07-28,US,Nebraska,Sheridan,9,0,0,42.50284406,-102.4126613,31161.0,171.55928326343883,0.0,9,9,0,0,9,9,5190,0,0,0,0,0
2020-07-28,US,Nebraska,Sherman,6,0,0,41.22045983,-98.97588642,31163.0,199.93335554815064,0.0,6,6,0,0,6,5,3038,0,0,0,0,1
2020-07-28,US,Nebraska,Sioux,5,0,0,42.48932059,-103.7576544,31165.0,428.8164665523156,0.0,5,5,0,0,5,5,1187,0,0,0,0,0
2020-07-28,US,Nebraska,Stanton,25,0,0,41.9169835,-97.19394708,31167.0,422.2972972972973,0.0,25,25,0,0,25,26,5970,0,0,0,0,-1
2020-07-28,US,Nebraska,Thayer,25,0,0,40.17626377,-97.59504381,31169.0,499.7001798920648,0.0,25,25,0,0,25,24,5039,0,0,0,0,1
2020-07-28,US,Nebraska,Thomas,1,0,0,41.91358968,-100.5556632,31171.0,138.50415512465375,0.0,1,1,0,0,1,1,720,0,0,0,0,0
2020-07-28,US,Nebraska,Thurston,197,3,0,42.15725356,-96.54157099,31173.0,2727.0210409745296,1.5228426395939083,194,195,3,0,192,191,7303,2,0,0,2,4
2020-07-28,US,Nebraska,Unassigned,144,0,0,0.0,0.0,90031.0,0.0,0.0,144,142,0,0,142,132,,2,0,0,2,10
2020-07-28,US,Nebraska,Valley,9,0,0,41.56730777,-98.98197724,31175.0,216.4502164502165,0.0,9,9,0,0,9,9,4190,0,0,0,0,0
2020-07-28,US,Nebraska,Washington,91,1,0,41.52815707,-96.22019892,31177.0,438.99850451058893,1.0989010989010992,90,90,1,0,89,89,20667,1,0,0,1,1
2020-07-28,US,Nebraska,Wayne,35,0,0,42.20934475,-97.11926964,31179.0,372.9355354288759,0.0,35,35,0,0,35,36,9403,0,0,0,0,-1
2020-07-28,US,Nebraska,Webster,10,0,0,40.17642643,-98.50019851,31181.0,286.77946659019216,0.0,10,10,0,0,10,10,3533,0,0,0,0,0
2020-07-28,US,Nebraska,Wheeler,1,0,0,41.91482725,-98.52798941,31183.0,127.7139208173691,0.0,1,1,0,0,1,1,805,0,0,0,0,0
2020-07-28,US,Nebraska,York,63,0,0,40.87272618,-97.59710186,31185.0,460.5599824548578,0.0,63,63,0,0,63,62,13772,0,0,0,0,1
2020-07-28,US,Nevada,Carson City,288,7,0,39.15509045,-119.7480219,32510.0,515.0583017383218,2.430555555555556,281,280,7,0,273,275,55414,8,0,0,8,5
2020-07-28,US,Nevada,Churchill,43,1,0,39.58105744,-118.3394607,32001.0,172.6283672568148,2.3255813953488373,42,44,1,0,43,43,24440,-1,0,0,-1,1
2020-07-28,US,Nevada,Clark,38534,626,0,36.21458855,-115.0130241,32003.0,1699.993161910518,1.6245393678310065,37908,37492,606,0,36886,36593,2231647,1042,20,0,1022,899
2020-07-28,US,Nevada,Douglas,144,0,0,38.912862,-119.61713329999999,32005.0,294.44842040691134,0.0,144,140,0,0,140,134,48467,4,0,0,4,6
2020-07-28,US,Nevada,Elko,426,2,0,41.14531606,-115.3577619,32007.0,807.1544961915953,0.4694835680751174,424,416,2,0,414,411,52460,10,0,0,10,5
2020-07-28,US,Nevada,Eureka,2,0,0,39.98100864,-116.26832040000001,32011.0,98.57072449482504,0.0,2,2,0,0,2,2,2003,0,0,0,0,0
2020-07-28,US,Nevada,Humboldt,95,4,0,41.40692186,-118.11094270000001,32013.0,564.4346741132434,4.2105263157894735,91,95,4,0,91,95,16786,0,0,0,0,0
2020-07-28,US,Nevada,Lander,50,1,0,39.933223299999995,-117.03970749999999,32015.0,903.8322487346347,2.0,49,51,1,0,50,51,5575,-1,0,0,-1,0
2020-07-28,US,Nevada,Lincoln,3,0,0,37.64268459,-114.8790388,32017.0,57.88153579008296,0.0,3,3,0,0,3,3,5201,0,0,0,0,0
2020-07-28,US,Nevada,Lyon,180,3,0,39.01777974,-119.18704790000001,32019.0,312.9890453834116,1.6666666666666667,177,177,3,0,174,176,55808,3,0,0,3,1
2020-07-28,US,Nevada,Mineral,11,0,0,38.53841696,-118.4344506,32021.0,244.173140954495,0.0,11,11,0,0,11,11,4514,0,0,0,0,0
2020-07-28,US,Nevada,Nye,310,7,0,38.04264256,-116.47227020000001,32023.0,666.3370805837973,2.2580645161290325,303,305,7,0,298,298,45346,5,0,0,5,7
2020-07-28,US,Nevada,Pershing,13,0,0,40.44003782,-118.40056409999998,32027.0,193.3085501858736,0.0,13,13,0,0,13,13,6666,0,0,0,0,0
2020-07-28,US,Nevada,Storey,3,0,0,39.44875482,-119.5250207,32029.0,72.76255154014069,0.0,3,3,0,0,3,3,4029,0,0,0,0,0
2020-07-28,US,Nevada,Washoe,4823,107,0,40.66562265,-119.6631594,32031.0,1022.8644020707544,2.2185361808003323,4716,4788,107,0,4681,4724,465735,35,0,0,35,64
2020-07-28,US,Nevada,White Pine,11,1,0,39.44157041,-114.89996599999999,32033.0,114.82254697286012,9.090909090909092,10,11,1,0,10,11,9475,0,0,0,0,0
2020-07-28,US,New Hampshire,Belknap,101,4,0,43.51637314,-71.41684235,33001.0,164.75539533138672,3.96039603960396,97,101,4,0,97,101,61022,0,0,0,0,0
2020-07-28,US,New Hampshire,Carroll,84,1,0,43.87498583,-71.20430216,33003.0,171.74401962788798,1.1904761904761905,83,81,1,0,80,79,48779,3,0,0,3,2
2020-07-28,US,New Hampshire,Cheshire,85,2,0,42.92015988,-72.25311043,33005.0,111.71715844121708,2.3529411764705883,83,82,2,0,80,81,76493,3,0,0,3,1
2020-07-28,US,New Hampshire,Coos,16,0,0,44.69063265,-71.30633239,33007.0,50.69226626112854,0.0,16,16,0,0,16,16,31589,0,0,0,0,0
2020-07-28,US,New Hampshire,Grafton,103,1,0,43.93779815,-71.82057197,33009.0,114.58959126004049,0.9708737864077671,102,101,1,0,100,101,89786,2,0,0,2,0
2020-07-28,US,New Hampshire,Hillsborough,3692,272,0,42.91537785,-71.7200253,33011.0,885.3186259816557,7.367280606717228,3420,3669,272,0,3397,3668,415247,23,0,0,23,1
2020-07-28,US,New Hampshire,Merrimack,452,21,0,43.29662971,-71.6811573,33013.0,298.56464386918634,4.6460176991150455,431,452,21,0,431,451,151132,0,0,0,0,1
2020-07-28,US,New Hampshire,Rockingham,1607,94,0,42.98499744,-71.12883377,33015.0,518.7736668291533,5.849408836341008,1513,1581,94,0,1487,1582,309176,26,0,0,26,-1
2020-07-28,US,New Hampshire,Strafford,322,13,0,43.291833000000004,-71.02336013,33017.0,246.49208086777455,4.037267080745342,309,320,13,0,307,319,130090,2,0,0,2,1
2020-07-28,US,New Hampshire,Sullivan,38,1,0,43.36094111,-72.22203125,33019.0,88.07305428081398,2.631578947368421,37,38,1,0,37,38,43144,0,0,0,0,0
2020-07-28,US,New Jersey,Atlantic,3297,242,0,39.47538693,-74.65848483,34001.0,1250.4266697007622,7.340006066120717,3055,3271,240,0,3031,3245,265429,26,2,0,24,26
2020-07-28,US,New Jersey,Bergen,20341,2046,0,40.96010917,-74.07164325,34003.0,2182.037798674536,10.05850253183226,18295,20280,2045,0,18235,20226,936692,61,1,0,60,54
2020-07-28,US,New Jersey,Burlington,5684,471,0,39.87681124,-74.66927768,34005.0,1276.3024055291467,8.286418015482054,5213,5642,470,0,5172,5594,445384,42,1,0,41,48
2020-07-28,US,New Jersey,Camden,8167,569,0,39.80343818,-74.96388753,34007.0,1612.5306286045993,6.9670625688747405,7598,8130,566,0,7564,8087,507078,37,3,0,34,43
2020-07-28,US,New Jersey,Cape May,800,86,0,39.15008829,-74.80170244,34009.0,869.1967535501254,10.75,714,800,86,0,714,788,92560,0,0,0,0,12
2020-07-28,US,New Jersey,Cumberland,3166,156,0,39.37199394,-75.10712559,34011.0,2117.343356049409,4.9273531269741,3010,3144,155,0,2989,3127,150972,22,1,0,21,17
2020-07-28,US,New Jersey,Essex,19376,2103,0,40.78681335,-74.24657979,34013.0,2425.107168559717,10.853633360858794,17273,19335,2103,0,17232,19310,799767,41,0,0,41,25
2020-07-28,US,New Jersey,Gloucester,2999,203,0,39.71581067,-75.13995546,34015.0,1028.3366936866503,6.768922974324775,2796,2986,203,0,2783,2969,291408,13,0,0,13,17
2020-07-28,US,New Jersey,Hudson,19399,1505,0,40.73766234,-74.07515667,34017.0,2885.077283901777,7.758131862467137,17894,19387,1502,0,17885,19363,676061,12,3,0,9,24
2020-07-28,US,New Jersey,Hunterdon,1123,126,0,40.56335249,-74.91284156,34019.0,902.9436122568767,11.219946571682993,997,1122,126,0,996,1120,124714,1,0,0,1,2
2020-07-28,US,New Jersey,Mercer,7966,612,0,40.28047017,-74.70479631,34021.0,2168.0320060963995,7.682651267888527,7354,7934,612,0,7322,7917,369811,32,0,0,32,17
2020-07-28,US,New Jersey,Middlesex,17580,1408,0,40.43629879,-74.41426991,34023.0,2130.7489618961968,8.00910125142207,16172,17557,1404,0,16153,17535,829685,23,4,0,19,22
2020-07-28,US,New Jersey,Monmouth,9947,856,0,40.26549699,-74.22240686,34025.0,1607.4790520285394,8.60560973157736,9091,9908,855,0,9053,9857,621354,39,1,0,38,51
2020-07-28,US,New Jersey,Morris,7091,829,0,40.86095313,-74.54553709999998,34027.0,1441.7143612316888,11.690875758003102,6262,7076,828,0,6248,7065,494228,15,1,0,14,11
2020-07-28,US,New Jersey,Ocean,10293,1012,0,39.8895449,-74.28089251,34029.0,1695.1971883409694,9.831924608957543,9281,10238,1012,0,9226,10206,601651,55,0,0,55,32
2020-07-28,US,New Jersey,Passaic,17348,1246,0,41.03238628,-74.29954144,34031.0,3456.975126836792,7.182384136499885,16102,17327,1247,0,16080,17312,503310,21,-1,0,22,15
2020-07-28,US,New Jersey,Salem,866,83,0,39.58719656,-75.34696629999998,34033.0,1388.1542037348722,9.584295612009237,783,859,81,0,778,856,62607,7,2,0,5,3
2020-07-28,US,New Jersey,Somerset,5155,558,0,40.56465737,-74.61683016,34035.0,1567.1836903451754,10.824442289039768,4597,5139,557,0,4582,5131,331164,16,1,0,15,8
2020-07-28,US,New Jersey,Sussex,1286,195,0,41.13891592,-74.69118243,34037.0,915.3806730823984,15.163297045101087,1091,1285,195,0,1090,1277,140799,1,0,0,1,8
2020-07-28,US,New Jersey,Unassigned,680,0,0,0.0,0.0,90034.0,0.0,0.0,680,701,0,0,701,707,,-21,0,0,-21,-6
2020-07-28,US,New Jersey,Union,16410,1349,0,40.65835409,-74.30680092,34039.0,2949.629813369858,8.2205971968312,15061,16376,1347,0,15029,16359,558067,34,2,0,32,17
2020-07-28,US,New Jersey,Warren,1321,170,0,40.85951833,-74.99556527,34041.0,1254.904195996846,12.869038607115819,1151,1315,170,0,1145,1312,105779,6,0,0,6,3
2020-07-28,US,New Mexico,Bernalillo,4542,114,0,35.05163625,-106.6703554,35001.0,668.8057061996317,2.509907529722589,4428,4466,113,0,4353,4405,678701,76,1,0,75,61
2020-07-28,US,New Mexico,Catron,4,1,0,33.91514144,-108.4046587,35003.0,113.41083073433514,25.0,3,4,1,0,3,4,3578,0,0,0,0,0
2020-07-28,US,New Mexico,Chaves,289,4,0,33.36406072,-104.4665365,35005.0,447.26456705099434,1.3840830449826989,285,270,4,0,266,267,64689,19,0,0,19,3
2020-07-28,US,New Mexico,Cibola,292,17,0,34.91131525,-107.998876,35006.0,1094.6579194001874,5.821917808219178,275,302,17,0,285,294,26746,-10,0,0,-10,8
2020-07-28,US,New Mexico,Colfax,13,1,0,36.60569702,-104.64726740000002,35007.0,108.8686039695168,7.6923076923076925,12,13,1,0,12,12,12110,0,0,0,0,1
2020-07-28,US,New Mexico,Curry,410,2,0,34.57421077,-103.34688759999999,35009.0,837.5209380234506,0.4878048780487805,408,395,2,0,393,379,49437,15,0,0,15,16
2020-07-28,US,New Mexico,Dona Ana,2082,19,0,32.35275771,-106.83293870000001,35013.0,954.1923508788012,0.9125840537944284,2063,2064,17,0,2047,1990,217522,18,2,0,16,74
2020-07-28,US,New Mexico,Eddy,233,3,0,32.47167456,-104.3053527,35015.0,398.56312008210745,1.2875536480686696,230,225,2,0,223,221,57900,8,1,0,7,4
2020-07-28,US,New Mexico,Grant,65,2,0,32.73911281,-108.3827845,35017.0,240.75857470923768,3.0769230769230766,63,63,1,0,62,63,27346,2,1,0,1,0
2020-07-28,US,New Mexico,Guadalupe,31,0,0,34.86319296,-104.790669,35019.0,720.9302325581398,0.0,31,29,0,0,29,29,4341,2,0,0,2,0
2020-07-28,US,New Mexico,Harding,1,0,0,35.85751555,-103.82209379999999,35021.0,160.0,0.0,1,1,0,0,1,1,655,0,0,0,0,0
2020-07-28,US,New Mexico,Hidalgo,85,0,0,31.91383467,-108.7151824,35023.0,2024.7737017627442,0.0,85,85,0,0,85,85,4240,0,0,0,0,0
2020-07-28,US,New Mexico,Lea,571,3,0,32.79215361,-103.4123733,35025.0,803.4332348388913,0.5253940455341506,568,546,3,0,543,523,69611,25,0,0,25,23
2020-07-28,US,New Mexico,Lincoln,79,1,0,33.74526079,-105.4586166,35027.0,403.6378499897813,1.2658227848101269,78,75,1,0,74,75,19556,4,0,0,4,0
2020-07-28,US,New Mexico,Los Alamos,17,0,0,35.86631386,-106.31349850000001,35028.0,87.76911559708813,0.0,17,17,0,0,17,16,19101,0,0,0,0,1
2020-07-28,US,New Mexico,Luna,215,3,0,32.18179341,-107.75088259999998,35029.0,906.8286304778777,1.3953488372093024,212,197,3,0,194,190,23963,18,0,0,18,7
2020-07-28,US,New Mexico,McKinley,3934,216,0,35.58007720000001,-108.262245,35031.0,5512.351647119817,5.490594814438231,3718,3921,215,0,3706,3909,72290,13,1,0,12,12
2020-07-28,US,New Mexico,Mora,6,0,0,36.01095101,-104.9497716,35033.0,132.71400132713998,0.0,6,6,0,0,6,6,4506,0,0,0,0,0
2020-07-28,US,New Mexico,Otero,174,10,0,32.61348406,-105.7417604,35035.0,257.8159727367017,5.747126436781608,164,168,10,0,158,147,66781,6,0,0,6,21
2020-07-28,US,New Mexico,Quay,31,1,0,35.10403332,-103.54817270000001,35037.0,375.6209863080092,3.2258064516129035,30,31,1,0,30,31,8253,0,0,0,0,0
2020-07-28,US,New Mexico,Rio Arriba,281,3,0,36.51072137,-106.69316740000001,35039.0,721.975283266103,1.0676156583629892,278,280,3,0,277,275,39006,1,0,0,1,5
2020-07-28,US,New Mexico,Roosevelt,122,1,0,34.02097406,-103.4799493,35041.0,659.4594594594595,0.819672131147541,121,117,1,0,116,110,18743,5,0,0,5,7
2020-07-28,US,New Mexico,San Juan,2946,178,0,36.50838318,-108.32043700000001,35045.0,2376.6114329046936,6.042090970807876,2768,2926,178,0,2748,2915,125043,20,0,0,20,11
2020-07-28,US,New Mexico,San Miguel,40,0,0,35.48014807,-104.8163562,35047.0,146.64369248817684,0.0,40,39,0,0,39,39,27591,1,0,0,1,0
2020-07-28,US,New Mexico,Sandoval,1032,33,0,35.68862401,-106.86878030000001,35043.0,703.2463815520482,3.197674418604651,999,1018,33,0,985,1009,145179,14,0,0,14,9
2020-07-28,US,New Mexico,Santa Fe,524,3,0,35.50708973,-105.9774716,35049.0,348.5015762380452,0.5725190839694656,521,510,3,0,507,497,150056,14,0,0,14,13
2020-07-28,US,New Mexico,Sierra,27,0,0,33.13028233,-107.1925893,35051.0,250.20850708924104,0.0,27,26,0,0,26,26,10968,1,0,0,1,0
2020-07-28,US,New Mexico,Socorro,71,5,0,34.00715494,-106.9298354,35053.0,426.7596321452185,7.042253521126762,66,71,5,0,66,71,16735,0,0,0,0,0
2020-07-28,US,New Mexico,Taos,87,1,0,36.58006022,-105.63101979999999,35055.0,265.868043883507,1.1494252873563218,86,86,1,0,85,84,32835,1,0,0,1,2
2020-07-28,US,New Mexico,Torrance,58,1,0,34.64048375,-105.8508949,35057.0,375.13744259750337,1.7241379310344829,57,56,1,0,55,52,15591,2,0,0,2,4
2020-07-28,US,New Mexico,Unassigned,1172,0,0,0.0,0.0,90035.0,0.0,0.0,1172,1153,0,0,1153,981,,19,0,0,19,172
2020-07-28,US,New Mexico,Union,24,0,0,36.48126404,-103.4709624,35059.0,591.2786400591277,0.0,24,23,0,0,23,23,4118,1,0,0,1,0
2020-07-28,US,New Mexico,Valencia,333,4,0,34.71669834,-106.8103733,35061.0,434.2269977049865,1.2012012012012012,329,319,3,0,316,313,76456,14,1,0,13,6
2020-07-28,US,New York,Albany,2468,124,0,42.60060306,-73.97723916,36001.0,807.8401078865883,5.024311183144246,2344,2453,124,0,2329,2451,307117,15,0,0,15,2
2020-07-28,US,New York,Allegany,74,1,0,42.25748406,-78.02750466,36003.0,160.55195157406,1.351351351351351,73,74,1,0,73,74,46430,0,0,0,0,0
2020-07-28,US,New York,Broome,992,64,0,42.15903158,-75.81326086,36007.0,520.7677124018311,6.451612903225807,928,986,64,0,922,978,191659,6,0,0,6,8
2020-07-28,US,New York,Cattaraugus,153,6,0,42.24778241,-78.67923096,36009.0,201.00634549443612,3.92156862745098,147,153,6,0,147,151,76840,0,0,0,0,2
2020-07-28,US,New York,Cayuga,140,2,0,42.91261714,-76.55731592,36011.0,182.82490597576265,1.4285714285714286,138,140,2,0,138,139,77145,0,0,0,0,1
2020-07-28,US,New York,Chautauqua,219,9,0,42.22769210000001,-79.36691763,36013.0,172.57275241720055,4.109589041095891,210,218,9,0,209,218,127939,1,0,0,1,0
2020-07-28,US,New York,Chemung,160,3,0,42.13891056,-76.7638805,36015.0,191.7177914110429,1.875,157,160,3,0,157,160,84254,0,0,0,0,0
2020-07-28,US,New York,Chenango,203,6,0,42.49430041,-75.60887553,36017.0,430.0209714660961,2.955665024630542,197,203,6,0,197,203,47536,0,0,0,0,0
2020-07-28,US,New York,Clinton,123,4,0,44.74530905,-73.67875352,36019.0,152.82350748586694,3.2520325203252027,119,120,4,0,116,120,80695,3,0,0,3,0
2020-07-28,US,New York,Columbia,504,37,0,42.24819348,-73.63089095,36021.0,847.6144027177478,7.341269841269841,467,503,37,0,466,500,59916,1,0,0,1,3
2020-07-28,US,New York,Cortland,89,0,0,42.59509207,-76.07048931,36023.0,187.0494525125576,0.0,89,87,0,0,87,85,47823,2,0,0,2,2
2020-07-28,US,New York,Delaware,99,4,0,42.19837623,-74.96709306,36025.0,224.31177070352328,4.040404040404041,95,98,4,0,94,98,44527,1,0,0,1,0
2020-07-28,US,New York,Dutchess,4447,153,0,41.76486060000001,-73.74356679,36027.0,1511.4642883848028,3.440521700022487,4294,4440,153,0,4287,4425,293718,7,0,0,7,15
2020-07-28,US,New York,Erie,8364,663,0,42.76249024,-78.73063652,36029.0,910.4149114729261,7.926829268292682,7701,8327,663,0,7664,8301,919719,37,0,0,37,26
2020-07-28,US,New York,Essex,55,0,0,44.11630765,-73.77297842,36031.0,149.1121051918124,0.0,55,55,0,0,55,54,37300,0,0,0,0,1
2020-07-28,US,New York,Franklin,47,0,0,44.59040891,-74.29926032,36033.0,93.95865819039619,0.0,47,44,0,0,44,44,50293,3,0,0,3,0
2020-07-28,US,New York,Fulton,270,24,0,43.11363907,-74.41798804,36035.0,505.7789933124778,8.888888888888891,246,270,24,0,246,270,53591,0,0,0,0,0
2020-07-28,US,New York,Genesee,266,5,0,43.0022601,-78.19135193,36037.0,464.38547486033514,1.8796992481203008,261,266,5,0,261,264,57511,0,0,0,0,2
2020-07-28,US,New York,Greene,283,18,0,42.275797,-74.12384884,36039.0,599.7287445960837,6.36042402826855,265,282,18,0,264,281,47491,1,0,0,1,1
2020-07-28,US,New York,Hamilton,7,0,0,43.66146647,-74.49721957,36041.0,158.5144927536232,0.0,7,7,0,0,7,7,4434,0,0,0,0,0
2020-07-28,US,New York,Herkimer,236,4,0,43.42034246,-74.96145307,36043.0,384.87255173763435,1.6949152542372878,232,234,4,0,230,230,61833,2,0,0,2,4
2020-07-28,US,New York,Jefferson,128,0,0,44.04200959,-75.94653457,36045.0,116.53950507128941,0.0,128,128,0,0,128,127,111755,0,0,0,0,1
2020-07-28,US,New York,Lewis,34,0,0,43.784415700000004,-75.44903992,36049.0,129.29723151810163,0.0,34,34,0,0,34,34,26447,0,0,0,0,0
2020-07-28,US,New York,Livingston,162,8,0,42.72596275,-77.77966158,36051.0,257.4943573767365,4.938271604938271,154,162,8,0,154,162,63227,0,0,0,0,0
2020-07-28,US,New York,Madison,391,17,0,42.91653905,-75.67266639,36053.0,551.162233405224,4.3478260869565215,374,390,17,0,373,390,70795,1,0,0,1,0
2020-07-28,US,New York,Monroe,4632,277,0,43.14638895,-77.69322942,36055.0,624.4523234965018,5.980138169257341,4355,4620,277,0,4343,4591,742474,12,0,0,12,29
2020-07-28,US,New York,Montgomery,152,4,0,42.90123494,-74.44011632,36057.0,308.81127973832315,2.631578947368421,148,148,4,0,144,148,49455,4,0,0,4,0
2020-07-28,US,New York,Nassau,43059,2194,0,40.74066522,-73.58941873,36059.0,3173.2801542311877,5.095334308739171,40865,43017,2193,0,40824,42960,1358343,42,1,0,41,57
2020-07-28,US,New York,New York City,224249,23507,0,40.76727260000001,-73.97152637,36061.0,2689.863529450149,10.482543957832588,200742,224051,23500,0,200551,223761,1628701,198,7,0,191,290
2020-07-28,US,New York,Niagara,1424,96,0,43.19898042,-78.74777412,36063.0,680.4248832908862,6.741573033707866,1328,1424,96,0,1328,1422,210433,0,0,0,0,2
2020-07-28,US,New York,Oneida,2028,112,0,43.24375382,-75.43710392,36065.0,886.8636600181045,5.5226824457593695,1916,2010,112,0,1898,2000,229577,18,0,0,18,10
2020-07-28,US,New York,Onondaga,3419,194,0,43.00491923,-76.19971155,36067.0,742.408713476705,5.674173735010237,3225,3398,194,0,3204,3389,461809,21,0,0,21,9
2020-07-28,US,New York,Ontario,345,34,0,42.85145728,-77.30874425,36069.0,314.2734816947084,9.855072463768117,311,343,34,0,309,341,109864,2,0,0,2,2
2020-07-28,US,New York,Orange,11024,489,0,41.40337468,-74.30240757,36071.0,2863.822933444173,4.43577648766328,10535,11010,489,0,10521,10998,381951,14,0,0,14,12
2020-07-28,US,New York,Orleans,290,54,0,43.2516977,-78.2320066,36073.0,718.6756542426648,18.620689655172416,236,290,54,0,236,290,40612,0,0,0,0,0
2020-07-28,US,New York,Oswego,239,3,0,43.42778894,-76.14635194,36075.0,204.05723848229226,1.2552301255230125,236,239,3,0,236,238,117898,0,0,0,0,1
2020-07-28,US,New York,Otsego,105,5,0,42.63492579,-75.03151402,36077.0,176.49135192375573,4.761904761904762,100,103,5,0,98,103,59749,2,0,0,2,0
2020-07-28,US,New York,Putnam,1412,63,0,41.42630093,-73.74965532,36079.0,1436.126932465419,4.461756373937677,1349,1408,63,0,1345,1404,98892,4,0,0,4,4
2020-07-28,US,New York,Rensselaer,690,30,0,42.71348136,-73.51089874,36083.0,434.7442569653591,4.3478260869565215,660,687,30,0,657,684,159442,3,0,0,3,3
2020-07-28,US,New York,Rockland,13845,673,0,41.15027894,-74.02560498,36087.0,4249.683077083634,4.8609606356085235,13172,13841,673,0,13168,13839,325695,4,0,0,4,2
2020-07-28,US,New York,Saratoga,691,17,0,43.10904162,-73.86653895,36091.0,300.61384389832205,2.4602026049204047,674,688,17,0,671,685,230163,3,0,0,3,3
2020-07-28,US,New York,Schenectady,998,37,0,42.81668777,-74.05278291,36093.0,642.6313112125641,3.707414829659319,961,990,37,0,953,987,155350,8,0,0,8,3
2020-07-28,US,New York,Schoharie,68,0,0,42.58831742,-74.44339029999998,36095.0,219.36191490048063,0.0,68,68,0,0,68,68,31097,0,0,0,0,0
2020-07-28,US,New York,Schuyler,20,0,0,42.39184015,-76.8773299,36097.0,112.31538159150897,0.0,20,20,0,0,20,20,17912,0,0,0,0,0
2020-07-28,US,New York,Seneca,84,3,0,42.78081007,-76.82497064,36099.0,246.94261523988712,3.571428571428572,81,83,3,0,80,83,34300,1,0,0,1,0
2020-07-28,US,New York,St. Lawrence,258,4,0,44.4976179,-75.06550039,36089.0,239.465379617598,1.5503875968992251,254,258,4,0,254,258,108047,0,0,0,0,0
2020-07-28,US,New York,Steuben,289,42,0,42.2689144,-77.3829924,36101.0,303.0017089715765,14.53287197231834,247,288,42,0,246,288,95796,1,0,0,1,0
2020-07-28,US,New York,Suffolk,43024,1996,0,40.88320119,-72.8012172,36103.0,2913.7187364765427,4.639271104499813,41028,42967,1996,0,40971,42883,1481093,57,0,0,57,84
2020-07-28,US,New York,Sullivan,1476,48,0,41.71579493,-74.76394559,36105.0,1956.7292395800187,3.2520325203252027,1428,1476,48,0,1428,1476,75498,0,0,0,0,0
2020-07-28,US,New York,Tioga,180,24,0,42.16852837,-76.30835812,36107.0,373.42074144762773,13.333333333333336,156,180,24,0,156,179,48560,0,0,0,0,1
2020-07-28,US,New York,Tompkins,225,0,0,42.44945765,-76.47229843,36109.0,220.1996476805637,0.0,225,225,0,0,225,224,102793,0,0,0,0,1
2020-07-28,US,New York,Ulster,1942,90,0,41.89027881,-74.26252104,36111.0,1093.6347305052009,4.634397528321319,1852,1926,90,0,1836,1925,178599,16,0,0,16,1
2020-07-28,US,New York,Warren,298,33,0,43.56173026,-73.8433699,36113.0,466.0327786813462,11.073825503355703,265,294,33,0,261,294,64265,4,0,0,4,0
2020-07-28,US,New York,Washington,254,14,0,43.31153794,-73.43043448,36115.0,415.00555519247115,5.511811023622046,240,254,14,0,240,253,61197,0,0,0,0,1
2020-07-28,US,New York,Wayne,243,3,0,43.15494365,-77.02976528,36117.0,270.2462243377299,1.2345679012345678,240,243,3,0,240,241,90064,0,0,0,0,2
2020-07-28,US,New York,Westchester,35838,1443,0,41.16278376,-73.75741653,36119.0,3704.1630749576752,4.026452368993805,34395,35799,1443,0,34356,35777,967612,39,0,0,39,22
2020-07-28,US,New York,Wyoming,111,5,0,42.70145109,-78.22199579,36121.0,278.48164780852505,4.504504504504505,106,110,5,0,105,110,40085,1,0,0,1,0
2020-07-28,US,New York,Yates,52,7,0,42.63505484,-77.10369919,36123.0,208.72636775980408,13.461538461538463,45,52,7,0,45,51,24841,0,0,0,0,1
2020-07-28,US,North Carolina,Alamance,2029,41,0,36.0434701,-79.39976137,37001.0,1196.9865906825007,2.020699852143913,1988,2006,41,0,1965,1954,166436,23,0,0,23,52
2020-07-28,US,North Carolina,Alexander,258,2,0,35.922379600000006,-81.17751948,37003.0,688.0550444035523,0.7751937984496124,256,256,2,0,254,253,37353,2,0,0,2,3
2020-07-28,US,North Carolina,Alleghany,63,0,0,36.49360862,-81.12857041,37005.0,565.6819610307982,0.0,63,63,0,0,63,62,11161,0,0,0,0,1
2020-07-28,US,North Carolina,Anson,292,2,0,34.97403241,-80.09953279,37007.0,1194.4694428536366,0.6849315068493149,290,287,2,0,285,280,24877,5,0,0,5,7
2020-07-28,US,North Carolina,Ashe,99,1,0,36.43296207,-81.49862729,37009.0,363.93044884755363,1.0101010101010102,98,96,1,0,95,86,27109,3,0,0,3,10
2020-07-28,US,North Carolina,Avery,78,0,0,36.07569796,-81.92308483,37011.0,444.26724383436806,0.0,78,72,0,0,72,66,17505,6,0,0,6,6
2020-07-28,US,North Carolina,Beaufort,313,2,0,35.48531943,-76.84325809,37013.0,666.0424735072562,0.6389776357827476,311,291,2,0,289,272,47079,22,0,0,22,19
2020-07-28,US,North Carolina,Bertie,219,4,0,36.0688473,-76.96545943,37015.0,1155.8558083073838,1.8264840182648399,215,215,4,0,211,214,19026,4,0,0,4,1
2020-07-28,US,North Carolina,Bladen,539,6,0,34.61296243,-78.56180059,37017.0,1647.2098282501072,1.1131725417439704,533,536,5,0,531,528,33190,3,1,0,2,8
2020-07-28,US,North Carolina,Brunswick,1101,13,0,34.070565,-78.22814204,37019.0,770.9004341128692,1.1807447774750226,1088,1075,13,0,1062,1052,136744,26,0,0,26,23
2020-07-28,US,North Carolina,Buncombe,1505,46,0,35.61113393,-82.53305,37021.0,576.2066839975344,3.0564784053156147,1459,1473,46,0,1427,1445,259103,32,0,0,32,28
2020-07-28,US,North Carolina,Burke,1486,25,0,35.74989637,-81.70755735,37023.0,1642.2611482566172,1.6823687752355316,1461,1486,25,0,1461,1442,90382,0,0,0,0,44
2020-07-28,US,North Carolina,Cabarrus,2212,38,0,35.3877799,-80.55267168,37025.0,1021.9308579691664,1.7179023508137432,2174,2184,38,0,2146,2164,211342,28,0,0,28,20
2020-07-28,US,North Carolina,Caldwell,1010,11,0,35.95204977,-81.54799522,37027.0,1229.0394022731145,1.0891089108910892,999,981,11,0,970,961,82029,29,0,0,29,20
2020-07-28,US,North Carolina,Camden,53,2,0,36.33804939,-76.15568396,37029.0,487.7151007637802,3.7735849056603774,51,52,2,0,50,52,10710,1,0,0,1,0
2020-07-28,US,North Carolina,Carteret,279,5,0,34.8932941,-76.54120135,37031.0,401.5948641918444,1.7921146953405018,274,267,5,0,262,262,69524,12,0,0,12,5
2020-07-28,US,North Carolina,Caswell,173,2,0,36.39312665,-79.33353281,37033.0,765.3512652627852,1.1560693641618498,171,173,2,0,171,173,22698,0,0,0,0,0
2020-07-28,US,North Carolina,Catawba,1773,20,0,35.66211129,-81.2132617,37035.0,1111.2434268666445,1.1280315848843767,1753,1767,20,0,1747,1727,158652,6,0,0,6,40
2020-07-28,US,North Carolina,Chatham,1188,49,0,35.70394416,-79.25541492,37037.0,1595.2732644017724,4.1245791245791255,1139,1181,49,0,1132,1175,73139,7,0,0,7,6
2020-07-28,US,North Carolina,Cherokee,228,3,0,35.1349263,-84.05970864,37039.0,796.8684468055362,1.3157894736842106,225,221,3,0,218,195,28383,7,0,0,7,26
2020-07-28,US,North Carolina,Chowan,106,0,0,36.12908077,-76.60118385,37041.0,760.2381123144231,0.0,106,104,0,0,104,100,14029,2,0,0,2,4
2020-07-28,US,North Carolina,Clay,62,0,0,35.05704275,-83.74353633,37043.0,552.0434511619625,0.0,62,57,0,0,57,57,11139,5,0,0,5,0
2020-07-28,US,North Carolina,Cleveland,892,13,0,35.33553364,-81.55204486,37045.0,910.6966012231104,1.4573991031390134,879,878,13,0,865,839,97645,14,0,0,14,39
2020-07-28,US,North Carolina,Columbus,767,44,0,34.26744084,-78.65801424,37047.0,1381.782806082006,5.736636245110822,723,765,44,0,721,753,55655,2,0,0,2,12
2020-07-28,US,North Carolina,Craven,611,8,0,35.11833364,-77.08398081,37049.0,598.2044077188929,1.3093289689034369,603,611,8,0,603,581,102912,0,0,0,0,30
2020-07-28,US,North Carolina,Cumberland,2489,49,0,35.04762133,-78.82623165,37051.0,741.8578935289366,1.9686621132985131,2440,2357,49,0,2308,2318,332330,132,0,0,132,39
2020-07-28,US,North Carolina,Currituck,69,0,0,36.36123664,-75.95876401,37053.0,248.5322191405828,0.0,69,66,0,0,66,65,27072,3,0,0,3,1
2020-07-28,US,North Carolina,Dare,184,1,0,35.66520691,-75.71767334,37055.0,497.1763625064174,0.5434782608695652,183,183,1,0,182,176,36501,1,0,0,1,7
2020-07-28,US,North Carolina,Davidson,1553,16,0,35.79115496,-80.21256572,37057.0,926.5612228460284,1.0302640051513199,1537,1537,16,0,1521,1527,166614,16,0,0,16,10
2020-07-28,US,North Carolina,Davie,313,4,0,35.93099927,-80.54496571,37059.0,730.523269383373,1.2779552715654952,309,309,4,0,305,309,42733,4,0,0,4,0
2020-07-28,US,North Carolina,Duplin,1887,42,0,34.93449805,-77.93140529,37061.0,3212.4070070308644,2.2257551669316373,1845,1874,40,0,1834,1862,58856,13,2,0,11,12
2020-07-28,US,North Carolina,Durham,5567,76,0,36.03638492,-78.87608331,37063.0,1731.6353954113372,1.3651877133105803,5491,5535,76,0,5459,5487,316739,32,0,0,32,48
2020-07-28,US,North Carolina,Edgecombe,533,10,0,35.91230639,-77.59436892,37065.0,1035.5144544606776,1.876172607879925,523,526,10,0,516,514,52005,7,0,0,7,12
2020-07-28,US,North Carolina,Forsyth,4654,44,0,36.12859861,-80.25459052,37067.0,1217.3844805712865,0.9454232917920068,4610,4607,41,0,4566,4556,379099,47,3,0,44,51
2020-07-28,US,North Carolina,Franklin,723,25,0,36.081519,-78.28708884,37069.0,1037.5260099017005,3.457814661134164,698,705,25,0,680,693,67560,18,0,0,18,12
2020-07-28,US,North Carolina,Gaston,2777,30,0,35.29373559,-81.17477045,37071.0,1236.8112805027413,1.0803024846957148,2747,2736,25,0,2711,2692,222846,41,5,0,36,44
2020-07-28,US,North Carolina,Gates,37,2,0,36.44667547,-76.69749701,37073.0,320.01383843625666,5.405405405405406,35,37,2,0,35,37,11573,0,0,0,0,0
2020-07-28,US,North Carolina,Graham,21,0,0,35.3506925,-83.83369267,37075.0,248.7856888994195,0.0,21,17,0,0,17,17,8484,4,0,0,4,0
2020-07-28,US,North Carolina,Granville,1114,25,0,36.30337451,-78.65184241,37077.0,1843.0587495657064,2.2441651705565535,1089,1110,25,0,1085,1109,60115,4,0,0,4,1
2020-07-28,US,North Carolina,Greene,283,3,0,35.48544173,-77.67578087,37079.0,1343.205657601215,1.060070671378092,280,277,3,0,274,274,21012,6,0,0,6,3
2020-07-28,US,North Carolina,Guilford,4862,139,0,36.07959451,-79.78824948,37081.0,905.1070975140273,2.8589058000822707,4723,4789,139,0,4650,4691,533670,73,0,0,73,98
2020-07-28,US,North Carolina,Halifax,579,6,0,36.25669272,-77.6556109,37083.0,1157.7684463107378,1.0362694300518134,573,566,6,0,560,551,50574,13,0,0,13,15
2020-07-28,US,North Carolina,Harnett,1045,36,0,35.36731853,-78.87243571,37085.0,768.5179737600753,3.4449760765550237,1009,1022,35,0,987,1003,134214,23,1,0,22,19
2020-07-28,US,North Carolina,Haywood,247,0,0,35.55269063,-82.98196486,37087.0,396.36054367187126,0.0,247,240,0,0,240,231,61971,7,0,0,7,9
2020-07-28,US,North Carolina,Henderson,1321,53,0,35.33788927,-82.4766782,37089.0,1125.0500353441157,4.012112036336109,1268,1288,53,0,1235,1279,116748,33,0,0,33,9
2020-07-28,US,North Carolina,Hertford,241,11,0,36.3607755,-76.98104134,37091.0,1017.8654390336612,4.564315352697094,230,237,11,0,226,234,23659,4,0,0,4,3
2020-07-28,US,North Carolina,Hoke,632,7,0,35.01888303,-79.23651674,37093.0,1144.2227613426512,1.1075949367088609,625,623,7,0,616,616,54764,9,0,0,9,7
2020-07-28,US,North Carolina,Hyde,37,0,0,35.42017674,-76.15180542,37095.0,749.4429815677538,0.0,37,36,0,0,36,35,5230,1,0,0,1,1
2020-07-28,US,North Carolina,Iredell,1567,18,0,35.80950511,-80.8743128,37097.0,861.9077478191039,1.148691767708998,1549,1521,18,0,1503,1504,178435,46,0,0,46,17
2020-07-28,US,North Carolina,Jackson,372,3,0,35.28814273,-83.14093385,37099.0,846.6475488187901,0.8064516129032258,369,372,3,0,369,352,43327,0,0,0,0,20
2020-07-28,US,North Carolina,Johnston,2751,44,0,35.51745004,-78.36622717,37101.0,1314.1364007662214,1.5994183933115231,2707,2654,43,0,2611,2620,202675,97,1,0,96,34
2020-07-28,US,North Carolina,Jones,50,3,0,35.02254606,-77.35870791,37103.0,530.8419152776303,6.0,47,46,3,0,43,46,9637,4,0,0,4,0
2020-07-28,US,North Carolina,Lee,1095,9,0,35.47623147,-79.17569362,37105.0,1772.446947992036,0.821917808219178,1086,1074,9,0,1065,1068,61452,21,0,0,21,6
2020-07-28,US,North Carolina,Lenoir,499,11,0,35.24032589999999,-77.64245615,37107.0,891.8836797797992,2.2044088176352705,488,491,11,0,480,487,55976,8,0,0,8,4
2020-07-28,US,North Carolina,Lincoln,678,2,0,35.48508185,-81.21740317,37109.0,787.3558546527157,0.2949852507374631,676,664,2,0,662,651,83770,14,0,0,14,13
2020-07-28,US,North Carolina,Macon,441,2,0,35.14867843,-83.41696617,37113.0,1229.8510792570696,0.453514739229025,439,429,2,0,427,424,35285,12,0,0,12,5
2020-07-28,US,North Carolina,Madison,32,0,0,35.85402722,-82.71346418,37115.0,147.09262238565847,0.0,32,30,0,0,30,30,21763,2,0,0,2,0
2020-07-28,US,North Carolina,Martin,216,6,0,35.84326734,-77.10860251,37117.0,962.566844919786,2.7777777777777777,210,211,6,0,205,207,22671,5,0,0,5,4
2020-07-28,US,North Carolina,McDowell,477,7,0,35.67736232,-82.0482425,37111.0,1042.4862313139258,1.4675052410901468,470,468,7,0,461,460,45507,9,0,0,9,8
2020-07-28,US,North Carolina,Mecklenburg,19707,189,0,35.24469268,-80.8317671,37119.0,1774.836178667022,0.9590500837265946,19518,19480,188,0,19292,19268,1093901,227,1,0,226,212
2020-07-28,US,North Carolina,Mitchell,106,2,0,36.01059309,-82.1582442,37121.0,708.3667468591286,1.8867924528301887,104,103,2,0,101,97,15000,3,0,0,3,6
2020-07-28,US,North Carolina,Montgomery,552,14,0,35.33155144,-79.90416657,37123.0,2031.4282559894014,2.5362318840579707,538,543,14,0,529,543,27271,9,0,0,9,0
2020-07-28,US,North Carolina,Moore,841,20,0,35.30885257,-79.48474178,37125.0,833.663758921491,2.378121284185493,821,819,20,0,799,805,98682,22,0,0,22,14
2020-07-28,US,North Carolina,Nash,897,11,0,35.96575634,-77.98422508,37127.0,951.2396869498823,1.226309921962096,886,880,10,0,870,843,94016,17,1,0,16,37
2020-07-28,US,North Carolina,New Hanover,2212,17,0,34.25758282,-77.87075626,37129.0,943.3922029402106,0.7685352622061483,2195,2119,15,0,2104,2086,232274,93,2,0,91,33
2020-07-28,US,North Carolina,Northampton,297,16,0,36.41736238,-77.39769443,37131.0,1524.4058923163784,5.387205387205388,281,289,16,0,273,284,19676,8,0,0,8,5
2020-07-28,US,North Carolina,Onslow,838,9,0,34.72607366,-77.42908179,37133.0,423.36489203690047,1.0739856801909309,829,722,9,0,713,712,197683,116,0,0,116,10
2020-07-28,US,North Carolina,Orange,1229,45,0,36.06092947,-79.12167935,37135.0,827.7432042889087,3.661513425549227,1184,1219,45,0,1174,1197,146027,10,0,0,10,22
2020-07-28,US,North Carolina,Pamlico,54,1,0,35.15253315,-76.66559823,37137.0,424.32814710042436,1.851851851851852,53,53,1,0,52,51,12670,1,0,0,1,2
2020-07-28,US,North Carolina,Pasquotank,311,17,0,36.26723798,-76.25134778,37139.0,780.9361189232624,5.466237942122186,294,305,17,0,288,298,39639,6,0,0,6,7
2020-07-28,US,North Carolina,Pender,575,3,0,34.52265624,-77.90352133,37141.0,911.8300031715828,0.5217391304347826,572,569,3,0,566,557,62162,6,0,0,6,12
2020-07-28,US,North Carolina,Perquimans,57,2,0,36.17847453,-76.40603143,37143.0,423.38260417440387,3.5087719298245608,55,56,2,0,54,56,13422,1,0,0,1,0
2020-07-28,US,North Carolina,Person,185,1,0,36.38989032,-78.97217358,37145.0,468.4730311471259,0.5405405405405406,184,176,1,0,175,174,39507,9,0,0,9,2
2020-07-28,US,North Carolina,Pitt,1548,11,0,35.59535426,-77.37353178,37147.0,856.4694426309325,0.710594315245478,1537,1519,10,0,1509,1472,179914,29,1,0,28,47
2020-07-28,US,North Carolina,Polk,124,5,0,35.27820615,-82.16812354,37149.0,598.3400887859486,4.032258064516129,119,124,5,0,119,124,20611,0,0,0,0,0
2020-07-28,US,North Carolina,Randolph,1950,36,0,35.71015088,-79.80570339,37151.0,1357.3054354862286,1.8461538461538465,1914,1939,36,0,1903,1911,143351,11,0,0,11,28
2020-07-28,US,North Carolina,Richmond,464,8,0,35.00417719,-79.74491009,37153.0,1035.0442793727277,1.7241379310344829,456,456,8,0,448,449,44887,8,0,0,8,7
2020-07-28,US,North Carolina,Robeson,2429,50,0,34.64244496,-79.10250529999998,37155.0,1859.5215311004786,2.058460271716756,2379,2395,50,0,2345,2250,131831,34,0,0,34,145
2020-07-28,US,North Carolina,Rockingham,442,6,0,36.39593137,-79.77504841,37157.0,485.6609163828151,1.3574660633484164,436,430,6,0,424,415,90690,12,0,0,12,15
2020-07-28,US,North Carolina,Rowan,1894,46,0,35.64003916,-80.52446628,37159.0,1332.9767468047971,2.4287222808870115,1848,1876,46,0,1830,1859,141262,18,0,0,18,17
2020-07-28,US,North Carolina,Rutherford,595,13,0,35.40114178,-81.92112099,37161.0,887.6754837458412,2.184873949579832,582,560,13,0,547,542,66826,35,0,0,35,18
2020-07-28,US,North Carolina,Sampson,1394,10,0,34.98820368,-78.36914061,37163.0,2194.2044041491554,0.7173601147776184,1384,1386,10,0,1376,1381,63626,8,0,0,8,5
2020-07-28,US,North Carolina,Scotland,239,2,0,34.8386299,-79.4757978,37165.0,686.3280016081326,0.8368200836820083,237,232,2,0,230,227,34810,7,0,0,7,5
2020-07-28,US,North Carolina,Stanly,802,9,0,35.31647813,-80.25093221,37167.0,1276.9480622870426,1.1221945137157108,793,793,9,0,784,778,62075,9,0,0,9,15
2020-07-28,US,North Carolina,Stokes,226,3,0,36.4017975,-80.23893369,37169.0,495.71187295738196,1.327433628318584,223,221,2,0,219,218,45467,5,1,0,4,3
2020-07-28,US,North Carolina,Surry,787,7,0,36.41689489,-80.69102283,37171.0,1096.359862362955,0.8894536213468869,780,784,7,0,777,784,71948,3,0,0,3,0
2020-07-28,US,North Carolina,Swain,96,2,0,35.48665845,-83.48748932,37173.0,672.6928736598696,2.083333333333333,94,91,2,0,89,91,14245,5,0,0,5,0
2020-07-28,US,North Carolina,Transylvania,110,1,0,35.20383864,-82.79638423,37175.0,319.906936164025,0.9090909090909092,109,110,1,0,109,107,34215,0,0,0,0,3
2020-07-28,US,North Carolina,Tyrrell,90,1,0,35.87147226,-76.17055253,37177.0,2241.035856573705,1.1111111111111112,89,88,1,0,87,87,4131,2,0,0,2,1
2020-07-28,US,North Carolina,Union,2572,38,0,34.98960527,-80.52955873,37179.0,1072.2966409432208,1.4774494556765163,2534,2533,37,0,2496,2503,235908,39,1,0,38,30
2020-07-28,US,North Carolina,Vance,699,40,0,36.36880673,-78.40670845,37181.0,1569.5520377231396,5.722460658082976,659,687,40,0,647,685,44582,12,0,0,12,2
2020-07-28,US,North Carolina,Wake,10289,115,0,35.78879266,-78.65249174,37183.0,925.468693361253,1.117698512975022,10174,10240,113,0,10127,9991,1092305,49,2,0,47,249
2020-07-28,US,North Carolina,Warren,231,6,0,36.39728256,-78.10652228,37185.0,1170.746540976129,2.5974025974025974,225,228,6,0,222,226,19807,3,0,0,3,2
2020-07-28,US,North Carolina,Washington,108,3,0,35.83810081,-76.57299037,37187.0,932.6424870466319,2.7777777777777777,105,103,3,0,100,100,11859,5,0,0,5,3
2020-07-28,US,North Carolina,Watauga,240,0,0,36.23103603,-81.70033724,37189.0,427.22110472257316,0.0,240,232,0,0,232,214,55945,8,0,0,8,18
2020-07-28,US,North Carolina,Wayne,2254,36,0,35.36438125,-78.00027268,37191.0,1830.5706930017625,1.5971606033717836,2218,2254,36,0,2218,2217,123248,0,0,0,0,37
2020-07-28,US,North Carolina,Wilkes,706,9,0,36.2084135,-81.16232895,37193.0,1031.9826930947786,1.274787535410765,697,701,9,0,692,694,68557,5,0,0,5,7
2020-07-28,US,North Carolina,Wilson,1316,29,0,35.70625477,-77.917978,37195.0,1608.7822887250766,2.2036474164133737,1287,1316,29,0,1287,1288,81455,0,0,0,0,28
2020-07-28,US,North Carolina,Yadkin,458,6,0,36.16222629,-80.66239436,37197.0,1215.9184431996175,1.310043668122271,452,458,6,0,452,443,37543,0,0,0,0,15
2020-07-28,US,North Carolina,Yancey,94,0,0,35.90079156,-82.31237181,37199.0,520.2280148320327,0.0,94,93,0,0,93,92,17903,1,0,0,1,1
2020-07-28,US,North Dakota,Adams,2,0,0,46.09686891,-102.5285397,38001.0,90.25270758122744,0.0,2,,,,,,2294,,,,,
2020-07-28,US,North Dakota,Barnes,31,0,0,46.93579637,-98.06605978,38003.0,297.6476236197792,0.0,31,30,0,0,30,30,10542,1,0,0,1,0
2020-07-28,US,North Dakota,Benson,70,1,0,48.0683985,-99.35916363,38005.0,1024.5901639344265,1.4285714285714286,69,66,1,0,65,57,6962,4,0,0,4,9
2020-07-28,US,North Dakota,Billings,1,0,0,47.02366884,-103.3762965,38007.0,107.75862068965515,0.0,1,1,0,0,1,1,919,0,0,0,0,0
2020-07-28,US,North Dakota,Bottineau,10,0,0,48.79106111,-100.8378166,38009.0,159.18497293855458,0.0,10,9,0,0,9,9,6411,1,0,0,1,0
2020-07-28,US,North Dakota,Bowman,6,0,0,46.11285362,-103.5203343,38011.0,198.4126984126984,0.0,6,6,0,0,6,6,3076,0,0,0,0,0
2020-07-28,US,North Dakota,Burke,14,0,0,48.79094471,-102.5182117,38013.0,661.9385342789598,0.0,14,13,0,0,13,12,2100,1,0,0,1,1
2020-07-28,US,North Dakota,Burleigh,839,3,0,46.97847375,-100.4645214,38015.0,877.3764457365152,0.3575685339690107,836,788,3,0,785,763,95273,51,0,0,51,25
2020-07-28,US,North Dakota,Cass,2841,75,0,46.93201724,-97.2444719,38017.0,1561.6497089427944,2.6399155227032733,2766,2816,75,0,2741,2794,181516,25,0,0,25,22
2020-07-28,US,North Dakota,Cavalier,29,0,0,48.77286211,-98.46685243,38019.0,770.8665603402444,0.0,29,29,0,0,29,28,3829,0,0,0,0,1
2020-07-28,US,North Dakota,Dickey,10,0,0,46.11017712,-98.5049008,38021.0,205.2545155993432,0.0,10,9,0,0,9,8,4903,1,0,0,1,1
2020-07-28,US,North Dakota,Divide,1,0,0,48.814938700000006,-103.4873611,38023.0,44.16961130742049,0.0,1,1,0,0,1,1,2283,0,0,0,0,0
2020-07-28,US,North Dakota,Dunn,26,0,0,47.35423935,-102.6160468,38025.0,587.7034358047016,0.0,26,26,0,0,26,26,4332,0,0,0,0,0
2020-07-28,US,North Dakota,Eddy,13,0,0,47.71701474,-98.90432337,38027.0,568.4302579798863,0.0,13,12,0,0,12,8,2313,1,0,0,1,4
2020-07-28,US,North Dakota,Emmons,14,1,0,46.28398398,-100.2389766,38029.0,431.96544276457877,7.142857142857142,13,14,1,0,13,14,3295,0,0,0,0,0
2020-07-28,US,North Dakota,Foster,11,0,0,47.4571084,-98.88279923,38031.0,342.6791277258567,0.0,11,10,0,0,10,9,3216,1,0,0,1,1
2020-07-28,US,North Dakota,Golden Valley,4,0,0,46.94022281,-103.8465421,38033.0,227.14366837024414,0.0,4,4,0,0,4,4,1769,0,0,0,0,0
2020-07-28,US,North Dakota,Grand Forks,605,4,0,47.92093639,-97.45450447,38035.0,871.1177664828439,0.6611570247933884,601,601,4,0,597,596,70770,4,0,0,4,5
2020-07-28,US,North Dakota,Grant,4,0,0,46.35821257,-101.6390013,38037.0,175.9014951627089,0.0,4,4,0,0,4,4,2374,0,0,0,0,0
2020-07-28,US,North Dakota,Griggs,18,0,0,47.45785838,-98.23850925,38039.0,806.8130883012102,0.0,18,13,0,0,13,11,2232,5,0,0,5,2
2020-07-28,US,North Dakota,Hettinger,6,0,0,46.43375068,-102.4632417,38041.0,240.09603841536614,0.0,6,6,0,0,6,6,2514,0,0,0,0,0
2020-07-28,US,North Dakota,Kidder,10,0,0,46.97830064,-99.77507857,38043.0,403.22580645161287,0.0,10,10,0,0,10,8,2450,0,0,0,0,2
2020-07-28,US,North Dakota,LaMoure,14,0,0,46.45681054,-98.53542355,38045.0,346.02076124567475,0.0,14,14,0,0,14,14,4062,0,0,0,0,0
2020-07-28,US,North Dakota,Logan,2,0,0,46.45729487,-99.47719806,38047.0,108.10810810810813,0.0,2,1,0,0,1,1,1903,1,0,0,1,0
2020-07-28,US,North Dakota,McHenry,12,1,0,48.23104458,-100.6324822,38049.0,208.87728459530032,8.333333333333334,11,12,1,0,11,12,5816,0,0,0,0,0
2020-07-28,US,North Dakota,McIntosh,16,1,0,46.11182017,-99.44145858,38051.0,640.7689227072487,6.25,15,15,1,0,14,11,2585,1,0,0,1,4
2020-07-28,US,North Dakota,McKenzie,66,1,0,47.74133370000001,-103.395905,38053.0,439.2971246006391,1.5151515151515151,65,65,0,0,65,65,13632,1,1,0,0,0
2020-07-28,US,North Dakota,McLean,28,0,0,47.60766714,-101.3182418,38055.0,296.2962962962963,0.0,28,25,0,0,25,25,9541,3,0,0,3,0
2020-07-28,US,North Dakota,Mercer,20,0,0,47.31213126,-101.8318399,38057.0,244.28972761695368,0.0,20,19,0,0,19,18,8267,1,0,0,1,1
2020-07-28,US,North Dakota,Morton,242,3,0,46.71681782,-101.2822377,38059.0,771.5852569825278,1.2396694214876034,239,231,3,0,228,226,31095,11,0,0,11,5
2020-07-28,US,North Dakota,Mountrail,102,1,0,48.20197971,-102.3555315,38061.0,967.2830725462303,0.9803921568627452,101,101,1,0,100,102,10218,1,0,0,1,-1
2020-07-28,US,North Dakota,Nelson,8,0,0,47.9226426,-98.19038437,38063.0,277.8742618964918,0.0,8,5,0,0,5,5,2869,3,0,0,3,0
2020-07-28,US,North Dakota,Oliver,6,0,0,47.11530482,-101.3406158,38065.0,306.27871362940283,0.0,6,6,0,0,6,5,1952,0,0,0,0,1
2020-07-28,US,North Dakota,Pembina,28,0,0,48.76623521,-97.5523809,38067.0,411.70416115277163,0.0,28,27,0,0,27,26,6947,1,0,0,1,1
2020-07-28,US,North Dakota,Pierce,8,0,0,48.24977025,-99.96407787,38069.0,201.2578616352201,0.0,8,8,0,0,8,8,4081,0,0,0,0,0
2020-07-28,US,North Dakota,Ramsey,31,1,0,48.26886249,-98.72223879,38071.0,269.1205833839743,3.2258064516129035,30,30,1,0,29,29,11481,1,0,0,1,1
2020-07-28,US,North Dakota,Ransom,25,0,0,46.45621782,-97.65742504,38073.0,479.11077041011885,0.0,25,25,0,0,25,25,5237,0,0,0,0,0
2020-07-28,US,North Dakota,Renville,9,0,0,48.71982533,-101.6603912,38075.0,386.7640739149119,0.0,9,9,0,0,9,9,2374,0,0,0,0,0
2020-07-28,US,North Dakota,Richland,77,0,0,46.26440649,-96.94852979,38077.0,475.9844223279965,0.0,77,75,0,0,75,71,16239,2,0,0,2,4
2020-07-28,US,North Dakota,Rolette,20,0,0,48.77245354,-99.84097493,38079.0,141.08352144469524,0.0,20,18,0,0,18,17,14301,2,0,0,2,1
2020-07-28,US,North Dakota,Sargent,8,0,0,46.10830372,-97.63217159,38081.0,205.2334530528476,0.0,8,8,0,0,8,8,3870,0,0,0,0,0
2020-07-28,US,North Dakota,Sheridan,5,0,0,47.57700669,-100.3426391,38083.0,380.22813688212926,0.0,5,5,0,0,5,5,1349,0,0,0,0,0
2020-07-28,US,North Dakota,Sioux,54,0,0,46.11323337,-101.0440149,38085.0,1276.5957446808507,0.0,54,51,0,0,51,51,4358,3,0,0,3,0
2020-07-28,US,North Dakota,Slope,3,0,0,46.44737738,-103.4601547,38087.0,400.0,0.0,3,3,0,0,3,3,763,0,0,0,0,0
2020-07-28,US,North Dakota,Stark,164,3,0,46.80851182,-102.6576326,38089.0,520.8167931658675,1.8292682926829267,161,152,3,0,149,149,30997,12,0,0,12,3
2020-07-28,US,North Dakota,Steele,10,0,0,47.45611548,-97.72728747,38091.0,529.1005291005291,0.0,10,10,0,0,10,11,1903,0,0,0,0,-1
2020-07-28,US,North Dakota,Stutsman,101,2,0,46.97962541,-98.95637318,38093.0,487.82843894899537,1.98019801980198,99,101,2,0,99,94,20917,0,0,0,0,7
2020-07-28,US,North Dakota,Towner,5,0,0,48.68565745,-99.24564265,38095.0,228.41480127912288,0.0,5,5,0,0,5,5,2192,0,0,0,0,0
2020-07-28,US,North Dakota,Traill,39,0,0,47.45367788,-97.16323288,38097.0,485.31607765057237,0.0,39,36,0,0,36,35,8037,3,0,0,3,1
2020-07-28,US,North Dakota,Walsh,94,0,0,48.36876964,-97.72574783,38099.0,883.3756225918618,0.0,94,95,0,0,95,95,10667,-1,0,0,-1,0
2020-07-28,US,North Dakota,Ward,158,1,0,48.22390169,-101.5436763,38101.0,233.5861385845863,0.6329113924050633,157,151,1,0,150,147,67744,7,0,0,7,4
2020-07-28,US,North Dakota,Wells,14,0,0,47.58614526,-99.65904998,38103.0,365.1538862806468,0.0,14,13,0,0,13,13,3957,1,0,0,1,0
2020-07-28,US,North Dakota,Williams,207,2,0,48.34522353,-103.4793387,38105.0,550.6930218947033,0.966183574879227,205,202,2,0,200,196,35350,5,0,0,5,6
2020-07-28,US,Ohio,Adams,48,2,0,38.84541072,-83.4718964,39001.0,173.29771102606685,4.166666666666667,46,44,2,0,42,42,27724,4,0,0,4,2
2020-07-28,US,Ohio,Allen,571,41,0,40.77285242,-84.10802343,39003.0,557.8841437797383,7.1803852889667255,530,560,41,0,519,532,102663,11,0,0,11,28
2020-07-28,US,Ohio,Ashland,118,4,0,40.84772277,-82.27280781,39005.0,220.62672948919302,3.3898305084745757,114,118,4,0,114,116,53745,0,0,0,0,2
2020-07-28,US,Ohio,Ashtabula,517,44,0,41.70860332,-80.74830218,39007.0,531.6687405518248,8.51063829787234,473,514,44,0,470,510,97493,3,0,0,3,4
2020-07-28,US,Ohio,Athens,326,1,0,39.33425634,-82.04278644,39009.0,499.02796699680084,0.3067484662576687,325,319,1,0,318,318,65818,7,0,0,7,1
2020-07-28,US,Ohio,Auglaize,182,5,0,40.55998859,-84.22421429999999,39011.0,398.6332574031891,2.7472527472527477,177,174,5,0,169,173,45804,8,0,0,8,1
2020-07-28,US,Ohio,Belmont,586,26,0,40.01625942,-80.9924051,39013.0,874.5485478912336,4.436860068259387,560,585,26,0,559,584,67505,1,0,0,1,1
2020-07-28,US,Ohio,Brown,91,1,0,38.93416837,-83.86788395,39015.0,209.5229324000737,1.0989010989010992,90,88,1,0,87,83,43602,3,0,0,3,5
2020-07-28,US,Ohio,Butler,2476,57,0,39.44012838,-84.57388716,39017.0,646.2490930066242,2.3021001615508885,2419,2455,56,0,2399,2418,382378,21,1,0,20,37
2020-07-28,US,Ohio,Carroll,101,5,0,40.5789686,-81.09178213,39019.0,375.26937653265963,4.950495049504951,96,97,4,0,93,92,27081,4,1,0,3,5
2020-07-28,US,Ohio,Champaign,86,1,0,40.13923427,-83.76875242,39021.0,221.16497364022118,1.162790697674419,85,85,1,0,84,84,38754,1,0,0,1,1
2020-07-28,US,Ohio,Clark,1023,12,0,39.91592258,-83.78498252,39023.0,762.9602559608601,1.1730205278592376,1011,1002,11,0,991,988,134585,21,1,0,20,14
2020-07-28,US,Ohio,Clermont,739,10,0,39.04847534,-84.15375786,39025.0,357.9940705718217,1.3531799729364005,729,725,10,0,715,723,205466,14,0,0,14,2
2020-07-28,US,Ohio,Clinton,132,5,0,39.41485808,-83.80852286,39027.0,314.5253526496378,3.787878787878788,127,132,5,0,127,127,42057,0,0,0,0,5
2020-07-28,US,Ohio,Columbiana,1510,60,0,40.76932373,-80.78094576,39029.0,1482.0922038024007,3.9735099337748334,1450,1507,60,0,1447,1492,102665,3,0,0,3,15
2020-07-28,US,Ohio,Coshocton,179,5,0,40.30096166,-81.91729018,39031.0,489.07103825136596,2.793296089385475,174,175,5,0,170,173,36629,4,0,0,4,2
2020-07-28,US,Ohio,Crawford,158,5,0,40.85065156,-82.91989099,39033.0,380.77794379910347,3.1645569620253164,153,158,5,0,153,158,41550,0,0,0,0,0
2020-07-28,US,Ohio,Cuyahoga,11938,460,0,41.424119,-81.65918339,39035.0,966.5833246968598,3.8532417490366897,11478,11788,454,0,11334,11697,1243857,150,6,0,144,91
2020-07-28,US,Ohio,Darke,281,26,0,40.13412966,-84.6194517,39037.0,549.7622913935791,9.252669039145909,255,279,26,0,253,277,51323,2,0,0,2,2
2020-07-28,US,Ohio,Defiance,118,4,0,41.32398837,-84.49076944,39039.0,309.81699792580145,3.3898305084745757,114,115,4,0,111,110,38165,3,0,0,3,5
2020-07-28,US,Ohio,Delaware,1095,17,0,40.27942393,-83.00457058,39041.0,523.4801149265933,1.5525114155251138,1078,1073,17,0,1056,1060,204826,22,0,0,22,13
2020-07-28,US,Ohio,Erie,458,24,0,41.36796058,-82.62904521,39043.0,616.702124794657,5.240174672489083,434,449,24,0,425,433,74615,9,0,0,9,16
2020-07-28,US,Ohio,Fairfield,1102,21,0,39.75107189,-82.63088163,39045.0,699.3539543325676,1.9056261343012704,1081,1091,21,0,1070,1057,155782,11,0,0,11,34
2020-07-28,US,Ohio,Fayette,73,0,0,39.56021306,-83.4562016,39047.0,255.91586327782647,0.0,73,71,0,0,71,68,28666,2,0,0,2,3
2020-07-28,US,Ohio,Franklin,16042,496,0,39.96995815,-83.01115755,39049.0,1218.2970876912655,3.091883805011844,15546,15862,494,0,15368,15682,1310300,180,2,0,178,180
2020-07-28,US,Ohio,Fulton,127,0,0,41.60213491,-84.12571393,39051.0,301.4765228125148,0.0,127,122,0,0,122,117,42276,5,0,0,5,5
2020-07-28,US,Ohio,Gallia,46,1,0,38.82708533,-82.31647569,39053.0,153.85644524717372,2.1739130434782608,45,44,1,0,43,43,29979,2,0,0,2,1
2020-07-28,US,Ohio,Geauga,509,43,0,41.49952319,-81.17935342,39055.0,543.5188843447339,8.447937131630649,466,506,43,0,463,502,94031,3,0,0,3,4
2020-07-28,US,Ohio,Greene,568,11,0,39.69116283,-83.89032084,39057.0,336.2200110100215,1.9366197183098592,557,554,11,0,543,545,167995,14,0,0,14,9
2020-07-28,US,Ohio,Guernsey,101,6,0,40.05026529,-81.49248905,39059.0,259.807073954984,5.9405940594059405,95,99,6,0,93,98,39022,2,0,0,2,1
2020-07-28,US,Ohio,Hamilton,8633,233,0,39.19673558,-84.54502924,39061.0,1056.059343856005,2.698945905247307,8400,8591,233,0,8358,8497,816684,42,0,0,42,94
2020-07-28,US,Ohio,Hancock,269,2,0,41.00250487,-83.66838948,39063.0,354.96087513030625,0.7434944237918215,267,245,2,0,243,238,75930,24,0,0,24,7
2020-07-28,US,Ohio,Hardin,146,12,0,40.66015414,-83.65929931,39065.0,465.48700781125456,8.219178082191782,134,143,12,0,131,142,31480,3,0,0,3,1
2020-07-28,US,Ohio,Harrison,17,1,0,40.29380509,-81.09068544,39067.0,113.03191489361704,5.882352941176472,16,16,1,0,15,16,15174,1,0,0,1,0
2020-07-28,US,Ohio,Henry,96,1,0,41.3339642,-84.06830637,39069.0,355.4765607642746,1.0416666666666667,95,95,0,0,95,90,27086,1,1,0,0,5
2020-07-28,US,Ohio,Highland,103,1,0,39.1839264,-83.60331456,39071.0,238.64136604805265,0.9708737864077671,102,96,1,0,95,95,43058,7,0,0,7,1
2020-07-28,US,Ohio,Hocking,102,9,0,39.49537927,-82.47991446,39073.0,360.88310217945093,8.823529411764708,93,101,9,0,92,102,28385,1,0,0,1,-1
2020-07-28,US,Ohio,Holmes,313,5,0,40.56163713,-81.92635677,39075.0,712.0109190172884,1.597444089456869,308,313,5,0,308,313,43892,0,0,0,0,0
2020-07-28,US,Ohio,Huron,343,3,0,41.14651175,-82.59867951,39077.0,588.6795043421548,0.8746355685131195,340,334,3,0,331,329,58504,9,0,0,9,5
2020-07-28,US,Ohio,Jackson,59,0,0,39.01914254,-82.61818559999998,39079.0,182.0257304168081,0.0,59,55,0,0,55,55,32384,4,0,0,4,0
2020-07-28,US,Ohio,Jefferson,185,2,0,40.38614126,-80.76259514,39081.0,283.1993876769996,1.0810810810810811,183,178,2,0,176,176,65767,7,0,0,7,2
2020-07-28,US,Ohio,Knox,131,2,0,40.39830217,-82.42027563,39083.0,210.19864574307636,1.5267175572519085,129,127,2,0,125,124,61893,4,0,0,4,3
2020-07-28,US,Ohio,Lake,957,29,0,41.69710807,-81.23676539,39085.0,415.81757904661765,3.0303030303030303,928,929,28,0,901,914,230514,28,1,0,27,15
2020-07-28,US,Ohio,Lawrence,191,0,0,38.59743452,-82.53466552,39087.0,321.20814624220105,0.0,191,186,0,0,186,182,59866,5,0,0,5,4
2020-07-28,US,Ohio,Licking,985,29,0,40.09136236,-82.48185785,39089.0,556.9313928373533,2.9441624365482237,956,953,26,0,927,918,175769,32,3,0,29,35
2020-07-28,US,Ohio,Logan,104,1,0,40.38996525,-83.76784341,39091.0,227.71063233490986,0.9615384615384616,103,102,1,0,101,101,45358,2,0,0,2,1
2020-07-28,US,Ohio,Lorain,1513,75,0,41.29553751,-82.15083537,39093.0,488.3275829237042,4.9570389953734315,1438,1484,75,0,1409,1474,309461,29,0,0,29,10
2020-07-28,US,Ohio,Lucas,4304,312,0,41.62101218,-83.65468618,39095.0,1004.7904974460016,7.24907063197026,3992,4146,312,0,3834,4077,429899,158,0,0,158,69
2020-07-28,US,Ohio,Madison,285,9,0,39.89381073,-83.40178317,39097.0,637.1420267823211,3.1578947368421053,276,276,9,0,267,271,44413,9,0,0,9,5
2020-07-28,US,Ohio,Mahoning,2306,249,0,41.01631101,-80.77287029,39099.0,1008.3827831539728,10.797918473547268,2057,2280,248,0,2032,2258,229642,26,1,0,25,22
2020-07-28,US,Ohio,Marion,2836,42,0,40.58610662,-83.15736305,39101.0,4356.843285760374,1.4809590973201692,2794,2825,41,0,2784,2821,65256,11,1,0,10,4
2020-07-28,US,Ohio,Medina,775,32,0,41.11770589,-81.89986209999998,39103.0,431.1639758325637,4.129032258064516,743,765,32,0,733,757,179146,10,0,0,10,8
2020-07-28,US,Ohio,Meigs,23,0,0,39.09224872,-82.0305041,39105.0,100.40598943554373,0.0,23,23,0,0,23,23,23106,0,0,0,0,0
2020-07-28,US,Ohio,Mercer,456,13,0,40.54043046,-84.62912742,39107.0,1107.5488195861265,2.8508771929824563,443,449,11,0,438,438,40959,7,2,0,5,11
2020-07-28,US,Ohio,Miami,698,35,0,40.0543329,-84.22871271,39109.0,652.4157140587173,5.014326647564469,663,681,35,0,646,659,106222,17,0,0,17,22
2020-07-28,US,Ohio,Monroe,89,17,0,39.72984936,-81.08464734,39111.0,651.8236414237588,19.101123595505623,72,89,17,0,72,89,13790,0,0,0,0,0
2020-07-28,US,Ohio,Montgomery,3653,58,0,39.75394919,-84.29050975,39113.0,687.0583632851659,1.587736107309061,3595,3567,55,0,3512,3501,532331,86,3,0,83,66
2020-07-28,US,Ohio,Morgan,17,0,0,39.62081738,-81.85308173,39115.0,117.17673007995589,0.0,17,16,0,0,16,16,14604,1,0,0,1,0
2020-07-28,US,Ohio,Morrow,150,2,0,40.52363560000001,-82.7892599,39117.0,424.5923913043478,1.3333333333333333,148,151,1,0,150,151,35112,-1,1,0,-2,0
2020-07-28,US,Ohio,Muskingum,153,1,0,39.96575964,-81.94363275,39119.0,177.46331844806588,0.6535947712418301,152,150,1,0,149,143,86183,3,0,0,3,7
2020-07-28,US,Ohio,Noble,16,0,0,39.76818851,-81.45937183,39121.0,110.92623405435387,0.0,16,16,0,0,16,16,14354,0,0,0,0,0
2020-07-28,US,Ohio,Ottawa,321,24,0,41.53781826,-83.0940185,39123.0,792.1036397285626,7.4766355140186915,297,316,24,0,292,313,40769,5,0,0,5,3
2020-07-28,US,Ohio,Paulding,55,0,0,41.11676341,-84.5801017,39125.0,294.55869751499574,0.0,55,55,0,0,55,52,18760,0,0,0,0,3
2020-07-28,US,Ohio,Perry,78,1,0,39.73508655,-82.23804971,39127.0,215.8631759561632,1.2820512820512822,77,74,1,0,73,70,36033,4,0,0,4,4
2020-07-28,US,Ohio,Pickaway,2324,42,0,39.64170392,-83.0243386,39129.0,3975.571787809843,1.8072289156626504,2282,2314,42,0,2272,2308,58086,10,0,0,10,6
2020-07-28,US,Ohio,Pike,53,0,0,39.07634001,-83.06769584,39131.0,190.83969465648855,0.0,53,50,0,0,50,48,28067,3,0,0,3,2
2020-07-28,US,Ohio,Portage,676,59,0,41.16793482,-81.19735782,39133.0,416.0870582152573,8.727810650887575,617,663,59,0,604,648,162927,13,0,0,13,15
2020-07-28,US,Ohio,Preble,126,2,0,39.7420247,-84.64787018,39135.0,308.20409960373763,1.5873015873015872,124,126,2,0,124,123,40997,0,0,0,0,3
2020-07-28,US,Ohio,Putnam,177,16,0,41.02094889,-84.1336111,39137.0,522.725259147692,9.039548022598868,161,176,16,0,160,173,33780,1,0,0,1,3
2020-07-28,US,Ohio,Richland,491,9,0,40.77180308,-82.53799609999999,39139.0,405.2693266421248,1.8329938900203664,482,487,8,0,479,480,121099,4,1,0,3,7
2020-07-28,US,Ohio,Ross,300,5,0,39.33705391,-83.06000914,39141.0,391.30775050217835,1.6666666666666667,295,283,5,0,278,271,76931,17,0,0,17,12
2020-07-28,US,Ohio,Sandusky,288,16,0,41.35624126,-83.137872,39143.0,492.15625961242694,5.5555555555555545,272,282,15,0,267,275,58799,6,1,0,5,7
2020-07-28,US,Ohio,Scioto,145,1,0,38.80270163,-82.98907345,39145.0,192.52728576360303,0.6896551724137931,144,138,0,0,138,132,75502,7,1,0,6,6
2020-07-28,US,Ohio,Seneca,117,3,0,41.12351311,-83.12783209,39147.0,212.04103084562686,2.5641025641025643,114,112,2,0,110,104,55207,5,1,0,4,8
2020-07-28,US,Ohio,Shelby,126,4,0,40.33163494,-84.20258189,39149.0,259.31261576456063,3.1746031746031744,122,121,4,0,117,116,48627,5,0,0,5,5
2020-07-28,US,Ohio,Stark,1563,126,0,40.81482476,-81.36437305,39151.0,421.74168793813385,8.061420345489442,1437,1533,124,0,1409,1516,371574,30,2,0,28,17
2020-07-28,US,Ohio,Summit,3011,216,0,41.12464734,-81.53123079,39153.0,556.5485487409729,7.1736964463633335,2795,2951,214,0,2737,2914,541918,60,2,0,58,37
2020-07-28,US,Ohio,Trumbull,1324,96,0,41.31735028,-80.76109643,39155.0,668.7746875852382,7.250755287009063,1228,1312,96,0,1216,1300,198627,12,0,0,12,12
2020-07-28,US,Ohio,Tuscarawas,726,12,0,40.44214695,-81.47226262,39157.0,789.2419581027756,1.6528925619834711,714,723,11,0,712,722,92176,3,1,0,2,1
2020-07-28,US,Ohio,Union,195,1,0,40.30016061,-83.37239023,39159.0,330.57571031396213,0.5128205128205128,194,190,1,0,189,178,57835,5,0,0,5,12
2020-07-28,US,Ohio,Van Wert,62,1,0,40.8554138,-84.59111700000003,39161.0,219.2749778956676,1.6129032258064515,61,61,1,0,60,61,28281,1,0,0,1,0
2020-07-28,US,Ohio,Vinton,27,2,0,39.25208988,-82.4831444,39163.0,206.3431410011464,7.407407407407407,25,26,2,0,24,26,13139,1,0,0,1,0
2020-07-28,US,Ohio,Warren,1451,33,0,39.42581994,-84.16557457,39165.0,618.4943009863514,2.274293590627153,1418,1421,31,0,1390,1400,232173,30,2,0,28,21
2020-07-28,US,Ohio,Washington,185,21,0,39.45690571,-81.49121382,39167.0,308.79137387124234,11.351351351351349,164,180,21,0,159,179,60155,5,0,0,5,1
2020-07-28,US,Ohio,Wayne,452,58,0,40.82925852,-81.88844833,39169.0,390.6317517932763,12.831858407079649,394,447,58,0,389,446,115967,5,0,0,5,1
2020-07-28,US,Ohio,Williams,110,3,0,41.56052014,-84.58429552,39171.0,299.79287038046436,2.727272727272727,107,108,3,0,105,106,36804,2,0,0,2,2
2020-07-28,US,Ohio,Wood,795,58,0,41.36224827,-83.62285108,39173.0,607.7191802288694,7.295597484276731,737,749,55,0,694,725,130696,46,3,0,43,24
2020-07-28,US,Ohio,Wyandot,110,5,0,40.84339621,-83.30734173,39175.0,505.2360830424398,4.545454545454546,105,106,5,0,101,99,21935,4,0,0,4,7
2020-07-28,US,Oklahoma,Adair,266,5,0,35.88494195,-94.65859267,40001.0,1198.5221230963325,1.8796992481203008,261,246,5,0,241,241,22082,20,0,0,20,5
2020-07-28,US,Oklahoma,Alfalfa,3,0,0,36.73090616,-98.32408495,40003.0,52.6131182041389,0.0,3,3,0,0,3,1,5754,0,0,0,0,2
2020-07-28,US,Oklahoma,Atoka,58,0,0,34.37366573,-96.03802487,40005.0,421.57290303823237,0.0,58,58,0,0,58,57,13838,0,0,0,0,1
2020-07-28,US,Oklahoma,Beaver,35,0,0,36.7496847,-100.4758872,40007.0,659.0096027113538,0.0,35,35,0,0,35,35,5319,0,0,0,0,0
2020-07-28,US,Oklahoma,Beckham,38,0,0,35.26862449,-99.68128023,40009.0,173.84143830916332,0.0,38,37,0,0,37,34,21709,1,0,0,1,3
2020-07-28,US,Oklahoma,Blaine,34,0,0,35.87518314,-98.43307003,40011.0,360.58967016650763,0.0,34,29,0,0,29,29,9485,5,0,0,5,0
2020-07-28,US,Oklahoma,Bryan,356,1,0,33.96472458,-96.25903472,40013.0,741.7439316595479,0.2808988764044944,355,323,1,0,322,316,47192,33,0,0,33,7
2020-07-28,US,Oklahoma,Caddo,304,12,0,35.17364557,-98.37534464,40015.0,1056.950142549197,3.947368421052632,292,289,12,0,277,285,28977,15,0,0,15,4
2020-07-28,US,Oklahoma,Canadian,913,5,0,35.5426055,-97.98465569,40017.0,615.6190578938141,0.547645125958379,908,877,4,0,873,830,144447,36,1,0,35,47
2020-07-28,US,Oklahoma,Carter,267,3,0,34.25103751,-97.28552485,40019.0,554.9666396458191,1.1235955056179776,264,259,3,0,256,255,48177,8,0,0,8,4
2020-07-28,US,Oklahoma,Cherokee,270,1,0,35.90692775,-94.99980896,40021.0,554.9047413527344,0.3703703703703704,269,240,1,0,239,228,48675,30,0,0,30,12
2020-07-28,US,Oklahoma,Choctaw,157,1,0,34.02807439,-95.54771129,40023.0,1070.0654307524537,0.6369426751592356,156,155,1,0,154,154,14668,2,0,0,2,1
2020-07-28,US,Oklahoma,Cimarron,1,0,0,36.74817177,-102.5173885,40025.0,46.79457182966776,0.0,1,1,0,0,1,1,2153,0,0,0,0,0
2020-07-28,US,Oklahoma,Cleveland,2209,42,0,35.20413532,-97.32519562,40027.0,777.7785602118205,1.9013128112267996,2167,2170,41,0,2129,2120,281669,39,1,0,38,50
2020-07-28,US,Oklahoma,Coal,27,0,0,34.58840127,-96.29798747,40029.0,491.35577797998184,0.0,27,25,0,0,25,24,5520,2,0,0,2,1
2020-07-28,US,Oklahoma,Comanche,723,9,0,34.65973764,-98.47195055,40031.0,598.7627226726515,1.2448132780082988,714,700,9,0,691,693,120422,23,0,0,23,7
2020-07-28,US,Oklahoma,Cotton,17,2,0,34.28845626,-98.37053567,40033.0,300.0352982703848,11.764705882352944,15,16,2,0,14,16,5776,1,0,0,1,0
2020-07-28,US,Oklahoma,Craig,62,0,0,36.76268118,-95.20916602,40035.0,438.4104087116391,0.0,62,52,0,0,52,53,14306,10,0,0,10,-1
2020-07-28,US,Oklahoma,Creek,429,12,0,35.90230551,-96.37086028,40037.0,599.8154414026453,2.797202797202797,417,410,12,0,398,388,71604,19,0,0,19,22
2020-07-28,US,Oklahoma,Custer,162,0,0,35.63853802,-99.00170785,40039.0,558.5629072854532,0.0,162,157,0,0,157,156,29036,5,0,0,5,1
2020-07-28,US,Oklahoma,Delaware,379,19,0,36.40823634,-94.80325046,40041.0,881.2109093445558,5.013192612137203,360,370,19,0,351,363,42733,9,0,0,9,7
2020-07-28,US,Oklahoma,Dewey,6,0,0,35.98772922,-99.00730714,40043.0,122.67429973420569,0.0,6,6,0,0,6,4,4894,0,0,0,0,2
2020-07-28,US,Oklahoma,Ellis,3,0,0,36.218019399999996,-99.75324573,40045.0,77.74034724021767,0.0,3,4,0,0,4,4,3952,-1,0,0,-1,0
2020-07-28,US,Oklahoma,Garfield,306,4,0,36.3791334,-97.78265517,40047.0,501.1792452830189,1.30718954248366,302,291,3,0,288,280,60913,15,1,0,14,11
2020-07-28,US,Oklahoma,Garvin,184,4,0,34.70418038,-97.30811132,40049.0,663.9962469777345,2.1739130434782608,180,176,4,0,172,173,27811,8,0,0,8,3
2020-07-28,US,Oklahoma,Grady,380,6,0,35.0167709,-97.88339847,40051.0,680.5888884908837,1.5789473684210529,374,376,6,0,370,366,55551,4,0,0,4,10
2020-07-28,US,Oklahoma,Grant,10,0,0,36.796296999999996,-97.78638765,40053.0,230.7869836141241,0.0,10,7,0,0,7,6,4326,3,0,0,3,1
2020-07-28,US,Oklahoma,Greer,79,7,0,34.93535801,-99.56056120000001,40055.0,1383.0532212885157,8.860759493670884,72,78,7,0,71,78,5821,1,0,0,1,0
2020-07-28,US,Oklahoma,Harmon,9,0,0,34.7440135,-99.84741652,40057.0,339.2385978137957,0.0,9,5,0,0,5,5,2664,4,0,0,4,0
2020-07-28,US,Oklahoma,Harper,5,0,0,36.78836519,-99.6679804,40059.0,135.57483731019522,0.0,5,4,0,0,4,4,3797,1,0,0,1,0
2020-07-28,US,Oklahoma,Haskell,29,0,0,35.22257600000001,-95.11513306,40061.0,229.6665874712917,0.0,29,29,0,0,29,27,12668,0,0,0,0,2
2020-07-28,US,Oklahoma,Hughes,86,1,0,35.04912569,-96.24921145,40063.0,647.639129452519,1.162790697674419,85,78,1,0,77,73,13335,8,0,0,8,5
2020-07-28,US,Oklahoma,Jackson,395,3,0,34.58781741,-99.41138784,40065.0,1610.273134936812,0.7594936708860759,392,383,3,0,380,370,24949,12,0,0,12,13
2020-07-28,US,Oklahoma,Jefferson,27,0,0,34.11130184,-97.83182974,40067.0,449.85004998333886,0.0,27,27,0,0,27,27,6123,0,0,0,0,0
2020-07-28,US,Oklahoma,Johnston,36,0,0,34.31440473,-96.66011537,40069.0,324.76319350473614,0.0,36,36,0,0,36,34,10949,0,0,0,0,2
2020-07-28,US,Oklahoma,Kay,198,10,0,36.81799745,-97.14421435,40071.0,454.77513895907026,5.05050505050505,188,188,9,0,179,181,44161,10,1,0,9,7
2020-07-28,US,Oklahoma,Kingfisher,88,0,0,35.94530008,-97.94193268,40073.0,558.1985410719949,0.0,88,81,0,0,81,79,15816,7,0,0,7,2
2020-07-28,US,Oklahoma,Kiowa,24,1,0,34.91671958,-98.97720696,40075.0,275.6086357372531,4.166666666666667,23,24,1,0,23,24,8729,0,0,0,0,0
2020-07-28,US,Oklahoma,Latimer,50,1,0,34.87844729,-95.25215049,40077.0,496.3764519011218,2.0,49,41,1,0,40,38,10231,9,0,0,9,3
2020-07-28,US,Oklahoma,Le Flore,157,1,0,34.89851864,-94.70392124,40079.0,314.9258820933545,0.6369426751592356,156,136,1,0,135,124,49980,21,0,0,21,12
2020-07-28,US,Oklahoma,Lincoln,104,2,0,35.70270942,-96.8812462,40081.0,298.1907847578634,1.9230769230769231,102,97,2,0,95,92,34920,7,0,0,7,5
2020-07-28,US,Oklahoma,Logan,159,1,0,35.91899576,-97.44352845,40083.0,331.1741059340568,0.6289308176100629,158,150,1,0,149,147,47291,9,0,0,9,3
2020-07-28,US,Oklahoma,Love,63,0,0,33.95273467,-97.23906784,40085.0,614.4543060567638,0.0,63,61,0,0,61,61,10134,2,0,0,2,0
2020-07-28,US,Oklahoma,Major,22,1,0,36.31149996,-98.53467076,40093.0,288.3733123607288,4.545454545454546,21,22,1,0,21,22,7644,0,0,0,0,0
2020-07-28,US,Oklahoma,Marshall,69,0,0,34.02311222,-96.76855464,40095.0,407.5364715610419,0.0,69,67,0,0,67,64,16806,2,0,0,2,3
2020-07-28,US,Oklahoma,Mayes,257,5,0,36.30179091,-95.23175116,40097.0,625.3041362530414,1.9455252918287935,252,247,5,0,242,246,41107,10,0,0,10,1
2020-07-28,US,Oklahoma,McClain,356,4,0,35.01123903,-97.44572302,40087.0,879.5770124030241,1.1235955056179776,352,349,4,0,345,342,39985,7,0,0,7,7
2020-07-28,US,Oklahoma,McCurtain,804,21,0,34.11664328,-94.77222373,40089.0,2448.830409356725,2.611940298507463,783,791,20,0,771,783,32703,13,1,0,12,8
2020-07-28,US,Oklahoma,McIntosh,138,1,0,35.37235506,-95.66599306,40091.0,704.2253521126761,0.7246376811594203,137,127,1,0,126,126,19815,11,0,0,11,1
2020-07-28,US,Oklahoma,Murray,53,0,0,34.48116015,-97.06826283,40099.0,376.6076884814894,0.0,53,49,0,0,49,51,13953,4,0,0,4,-2
2020-07-28,US,Oklahoma,Muskogee,387,16,0,35.61318461,-95.37802952,40101.0,569.142756298072,4.134366925064599,371,359,16,0,343,333,68362,28,0,0,28,26
2020-07-28,US,Oklahoma,Noble,74,2,0,36.38953329,-97.22928674,40103.0,664.8099901176894,2.702702702702702,72,74,2,0,72,73,11289,0,0,0,0,1
2020-07-28,US,Oklahoma,Nowata,49,1,0,36.79843529,-95.61902331,40105.0,486.30408892417626,2.0408163265306123,48,47,1,0,46,45,10218,2,0,0,2,2
2020-07-28,US,Oklahoma,Okfuskee,46,0,0,35.46485198,-96.32639984,40107.0,383.5570749603936,0.0,46,42,0,0,42,38,12098,4,0,0,4,4
2020-07-28,US,Oklahoma,Oklahoma,8274,92,0,35.55140095,-97.40716948,40109.0,1037.5780315361521,1.111916847957457,8182,8019,89,0,7930,7621,792582,255,3,0,252,398
2020-07-28,US,Oklahoma,Okmulgee,349,0,0,35.64661916,-95.96432828,40111.0,907.3183413492784,0.0,349,326,0,0,326,312,38335,23,0,0,23,14
2020-07-28,US,Oklahoma,Osage,334,10,0,36.62888819,-96.39635704,40113.0,711.1981772885038,2.9940119760479043,324,325,10,0,315,304,47014,9,0,0,9,21
2020-07-28,US,Oklahoma,Ottawa,297,2,0,36.83532655,-94.81011909,40115.0,954.1555562694766,0.6734006734006734,295,277,2,0,275,269,31175,20,0,0,20,8
2020-07-28,US,Oklahoma,Pawnee,112,3,0,36.31743373,-96.70331759999999,40117.0,683.9276990718124,2.6785714285714284,109,107,3,0,104,107,16390,5,0,0,5,0
2020-07-28,US,Oklahoma,Payne,626,3,0,36.07695283,-96.97584944,40119.0,765.430891127849,0.4792332268370607,623,622,3,0,619,614,82040,4,0,0,4,8
2020-07-28,US,Oklahoma,Pittsburg,158,3,0,34.92065823,-95.75134320000001,40121.0,361.93705044211305,1.8987341772151896,155,143,3,0,140,132,43877,15,0,0,15,11
2020-07-28,US,Oklahoma,Pontotoc,155,2,0,34.72959848,-96.68337199,40123.0,404.86887472573403,1.2903225806451613,153,138,2,0,136,131,38247,17,0,0,17,7
2020-07-28,US,Oklahoma,Pottawatomie,318,6,0,35.20614018,-96.94923008,40125.0,438.064800528984,1.8867924528301887,312,305,6,0,299,300,72679,13,0,0,13,5
2020-07-28,US,Oklahoma,Pushmataha,78,0,0,34.41635232,-95.37603505,40127.0,702.9560201874547,0.0,78,67,0,0,67,60,11179,11,0,0,11,7
2020-07-28,US,Oklahoma,Roger Mills,7,0,0,35.68711719,-99.69666167,40129.0,195.36701088473347,0.0,7,6,0,0,6,6,3656,1,0,0,1,0
2020-07-28,US,Oklahoma,Rogers,693,13,0,36.37004357,-95.60406759,40131.0,749.5214094896116,1.8759018759018762,680,654,12,0,642,603,91984,39,1,0,38,51
2020-07-28,US,Oklahoma,Seminole,165,5,0,35.16478725,-96.61686741,40133.0,680.187979223349,3.0303030303030303,160,146,5,0,141,141,24578,19,0,0,19,5
2020-07-28,US,Oklahoma,Sequoyah,191,3,0,35.49447108,-94.75463785,40135.0,459.4770141210998,1.5706806282722514,188,160,3,0,157,147,41179,31,0,0,31,13
2020-07-28,US,Oklahoma,Stephens,156,2,0,34.48556989,-97.85141892,40137.0,361.58820666156737,1.2820512820512822,154,151,1,0,150,147,43265,5,1,0,4,4
2020-07-28,US,Oklahoma,Texas,1025,7,0,36.74777635,-101.4889765,40139.0,5129.359955962568,0.6829268292682927,1018,1024,7,0,1017,1018,20455,1,0,0,1,6
2020-07-28,US,Oklahoma,Tillman,47,1,0,34.37288446,-98.92426619,40141.0,648.2758620689656,2.127659574468085,46,47,1,0,46,46,7348,0,0,0,0,1
2020-07-28,US,Oklahoma,Tulsa,8177,93,0,36.11939621,-95.94013939,40143.0,1255.003437945091,1.1373364314540786,8084,7912,90,0,7822,7557,648360,265,3,0,262,355
2020-07-28,US,Oklahoma,Unassigned,18,0,0,0.0,0.0,90040.0,0.0,0.0,18,157,1,0,156,,,-139,-1,0,-138,
2020-07-28,US,Oklahoma,Wagoner,631,21,0,35.96024096,-95.51911308,40145.0,776.2427880771075,3.328050713153724,610,606,20,0,586,577,80110,25,1,0,24,29
2020-07-28,US,Oklahoma,Washington,540,39,0,36.71380786,-95.90514104,40147.0,1047.994255438896,7.222222222222222,501,531,39,0,492,534,51843,9,0,0,9,-3
2020-07-28,US,Oklahoma,Washita,18,0,0,35.29071824,-98.99180434,40149.0,164.89556614144374,0.0,18,17,0,0,17,18,11127,1,0,0,1,-1
2020-07-28,US,Oklahoma,Woods,15,0,0,36.76705782,-98.86573064,40151.0,170.590242238144,0.0,15,13,0,0,13,14,8897,2,0,0,2,-1
2020-07-28,US,Oklahoma,Woodward,28,0,0,36.42316318,-99.26283045,40153.0,138.5384196724556,0.0,28,28,0,0,28,28,20222,0,0,0,0,0
2020-07-28,US,Oregon,Baker,22,0,0,44.70915557,-117.6749883,41001.0,136.44257008186554,0.0,22,22,0,0,22,22,16006,0,0,0,0,0
2020-07-28,US,Oregon,Benton,138,6,0,44.49167306,-123.4316987,41003.0,148.3025802499651,4.3478260869565215,132,136,6,0,130,134,92101,2,0,0,2,2
2020-07-28,US,Oregon,Clackamas,1296,36,0,45.18787398,-122.2179634,41005.0,309.9092032990026,2.7777777777777777,1260,1283,34,0,1249,1276,416075,13,2,0,11,7
2020-07-28,US,Oregon,Clatsop,71,0,0,45.99712889,-123.660711,41007.0,176.5115354017502,0.0,71,68,0,0,68,68,39764,3,0,0,3,0
2020-07-28,US,Oregon,Columbia,70,0,0,45.94464254,-123.08908980000001,41009.0,133.70516101921535,0.0,70,70,0,0,70,69,52377,0,0,0,0,1
2020-07-28,US,Oregon,Coos,80,0,0,43.17406868,-124.0594514,41011.0,124.05601128909704,0.0,80,80,0,0,80,80,64389,0,0,0,0,0
2020-07-28,US,Oregon,Crook,35,1,0,44.14230227,-120.356297,41013.0,143.41911162104574,2.8571428571428568,34,33,1,0,32,32,23867,2,0,0,2,1
2020-07-28,US,Oregon,Curry,14,0,0,42.45911325,-124.15728200000001,41015.0,61.06870229007634,0.0,14,13,0,0,13,13,22813,1,0,0,1,0
2020-07-28,US,Oregon,Deschutes,478,5,0,43.91570171,-121.2289121,41017.0,241.79025959573482,1.0460251046025104,473,471,3,0,468,460,191996,7,2,0,5,11
2020-07-28,US,Oregon,Douglas,119,1,0,43.27941273,-123.16729099999999,41019.0,107.22652730221658,0.8403361344537815,118,117,1,0,116,116,110283,2,0,0,2,1
2020-07-28,US,Oregon,Gilliam,3,0,0,45.37160076,-120.20488689999999,41021.0,156.90376569037656,0.0,3,3,0,0,3,3,1894,0,0,0,0,0
2020-07-28,US,Oregon,Grant,2,0,0,44.49024544,-119.0068631,41023.0,27.781636338380327,0.0,2,2,0,0,2,2,7176,0,0,0,0,0
2020-07-28,US,Oregon,Harney,8,0,0,43.06422669,-118.96663059999999,41025.0,108.21046936291086,0.0,8,7,0,0,7,6,7329,1,0,0,1,1
2020-07-28,US,Oregon,Hood River,151,0,0,45.51872811,-121.65520359999998,41027.0,645.7959113848259,0.0,151,151,0,0,151,150,23428,0,0,0,0,1
2020-07-28,US,Oregon,Jackson,312,0,0,42.43201126,-122.72893090000001,41029.0,141.21225287855742,0.0,312,302,0,0,302,291,219564,10,0,0,10,11
2020-07-28,US,Oregon,Jefferson,276,3,0,44.62806839,-121.17832,41031.0,1119.3121907697298,1.0869565217391304,273,267,0,0,267,258,24192,9,3,0,6,9
2020-07-28,US,Oregon,Josephine,84,1,0,42.3665549,-123.5561938,41033.0,96.01426497651079,1.1904761904761905,83,84,1,0,83,84,87393,0,0,0,0,0
2020-07-28,US,Oregon,Klamath,182,1,0,42.68762984,-121.64964609999998,41035.0,266.7135613587737,0.5494505494505495,181,180,1,0,179,181,67653,2,0,0,2,-1
2020-07-28,US,Oregon,Lake,31,0,0,42.79246693,-120.38501629999999,41037.0,393.95094675308167,0.0,31,31,0,0,31,31,7879,0,0,0,0,0
2020-07-28,US,Oregon,Lane,461,3,0,43.93727035,-122.847753,41039.0,120.65946548641993,0.6507592190889371,458,455,3,0,452,448,379611,6,0,0,6,7
2020-07-28,US,Oregon,Lincoln,381,8,0,44.64252874,-123.86991200000001,41041.0,762.5795604659543,2.0997375328083994,373,381,8,0,373,380,49388,0,0,0,0,1
2020-07-28,US,Oregon,Linn,229,10,0,44.48899494,-122.53731540000001,41043.0,176.49461652883645,4.366812227074236,219,224,10,0,214,223,127335,5,0,0,5,1
2020-07-28,US,Oregon,Malheur,599,9,0,43.1937027,-117.62273950000001,41045.0,1959.373262241994,1.5025041736227045,590,584,8,0,576,576,30725,15,1,0,14,8
2020-07-28,US,Oregon,Marion,2474,67,0,44.90287942,-122.58151170000001,41047.0,711.2915375282475,2.708164915117219,2407,2437,65,0,2372,2413,346868,37,2,0,35,24
2020-07-28,US,Oregon,Morrow,256,1,0,45.41846568,-119.584546,41049.0,2206.3259501852967,0.390625,255,250,1,0,249,245,11372,6,0,0,6,5
2020-07-28,US,Oregon,Multnomah,4115,84,0,45.54747959,-122.4169351,41051.0,506.2403503699922,2.0413122721749697,4031,4039,82,0,3957,3921,811880,76,2,0,74,118
2020-07-28,US,Oregon,Polk,265,12,0,44.90322804,-123.4128888,41053.0,307.83527908462565,4.528301886792453,253,254,12,0,242,245,85234,11,0,0,11,9
2020-07-28,US,Oregon,Sherman,8,0,0,45.41501554,-120.6827834,41055.0,449.438202247191,0.0,8,8,0,0,8,8,1708,0,0,0,0,0
2020-07-28,US,Oregon,Tillamook,24,0,0,45.46248721,-123.712066,41057.0,88.7705281846427,0.0,24,24,0,0,24,24,26787,0,0,0,0,0
2020-07-28,US,Oregon,Umatilla,1796,17,0,45.59073056,-118.7353826,41059.0,2304.0410519563825,0.9465478841870824,1779,1723,16,0,1707,1678,77516,73,1,0,72,45
2020-07-28,US,Oregon,Union,385,2,0,45.30915495,-118.0068979,41061.0,1434.6934972983045,0.5194805194805194,383,385,2,0,383,385,26461,0,0,0,0,0
2020-07-28,US,Oregon,Wallowa,18,1,0,45.57894064,-117.18353799999998,41063.0,249.7225305216426,5.5555555555555545,17,18,1,0,17,18,7081,0,0,0,0,0
2020-07-28,US,Oregon,Wasco,147,3,0,45.16292781,-121.16709540000001,41065.0,550.9332134022936,2.0408163265306123,144,147,3,0,144,146,26505,0,0,0,0,1
2020-07-28,US,Oregon,Washington,2583,22,0,45.55972701,-123.0955257,41067.0,429.36076277610084,0.8517228029423152,2561,2553,22,0,2531,2495,597695,30,0,0,30,58
2020-07-28,US,Oregon,Yamhill,295,10,0,45.23330449,-123.3086963,41071.0,275.4435107376284,3.3898305084745757,285,286,9,0,277,277,107002,9,1,0,8,9
2020-07-28,US,Pennsylvania,Adams,448,18,0,39.87140411,-77.21610347,42001.0,434.9134541641992,4.017857142857143,430,442,17,0,425,442,102811,6,1,0,5,0
2020-07-28,US,Pennsylvania,Allegheny,7593,223,0,40.46809875,-79.98167747,42003.0,624.4012351516596,2.9369155801396016,7370,7474,218,0,7256,7294,1218452,119,5,0,114,180
2020-07-28,US,Pennsylvania,Armstrong,169,6,0,40.81665618,-79.46290811,42005.0,261.06433922916506,3.5502958579881656,163,166,6,0,160,163,65263,3,0,0,3,3
2020-07-28,US,Pennsylvania,Beaver,1164,85,0,40.6825484,-80.34921611,42007.0,710.0635031019526,7.302405498281788,1079,1127,82,0,1045,1116,164742,37,3,0,34,11
2020-07-28,US,Pennsylvania,Bedford,123,4,0,40.00522157,-78.48998442,42009.0,256.84931506849307,3.2520325203252027,119,123,4,0,119,123,48176,0,0,0,0,0
2020-07-28,US,Pennsylvania,Berks,5080,364,0,40.41570541,-75.92457766,42011.0,1206.1809651347219,7.165354330708661,4716,5044,362,0,4682,5017,420152,36,2,0,34,27
2020-07-28,US,Pennsylvania,Blair,191,2,0,40.47961444,-78.34917412,42013.0,156.77712203170015,1.0471204188481675,189,176,2,0,174,176,122492,15,0,0,15,0
2020-07-28,US,Pennsylvania,Bradford,76,3,0,41.78869215,-76.51570822,42015.0,125.98842895744578,3.947368421052632,73,75,3,0,72,75,60833,1,0,0,1,0
2020-07-28,US,Pennsylvania,Bucks,6771,574,0,40.33682119,-75.10836643,42017.0,1077.72136183488,8.477329788805198,6197,6718,574,0,6144,6690,628195,53,0,0,53,28
2020-07-28,US,Pennsylvania,Butler,577,14,0,40.91152759,-79.91351055,42019.0,307.1550627352238,2.4263431542461005,563,562,14,0,548,556,187888,15,0,0,15,6
2020-07-28,US,Pennsylvania,Cambria,232,3,0,40.49527404,-78.71377428,42021.0,178.1983532014256,1.293103448275862,229,221,3,0,218,219,131730,11,0,0,11,2
2020-07-28,US,Pennsylvania,Cameron,5,0,0,41.43625568,-78.20376845,42023.0,112.4353496739375,0.0,5,5,0,0,5,5,4492,0,0,0,0,0
2020-07-28,US,Pennsylvania,Carbon,354,28,0,40.91545395,-75.7068525,42025.0,551.5565111713563,7.909604519774011,326,352,28,0,324,352,64227,2,0,0,2,0
2020-07-28,US,Pennsylvania,Centre,365,10,0,40.92058903,-77.82200624,42027.0,224.77445576869786,2.7397260273972597,355,357,9,0,348,356,162805,8,1,0,7,1
2020-07-28,US,Pennsylvania,Chester,4780,343,0,39.97291773,-75.74768357,42029.0,910.4952675198912,7.175732217573223,4437,4709,343,0,4366,4580,522046,71,0,0,71,129
2020-07-28,US,Pennsylvania,Clarion,72,2,0,41.19265812,-79.42413524,42031.0,187.31463655757324,2.7777777777777777,70,72,2,0,70,72,38779,0,0,0,0,0
2020-07-28,US,Pennsylvania,Clearfield,120,0,0,41.00110782,-78.47592663,42033.0,151.4100056778752,0.0,120,116,0,0,116,116,79388,4,0,0,4,0
2020-07-28,US,Pennsylvania,Clinton,110,5,0,41.23255967,-77.63785995,42035.0,284.7380410022779,4.545454545454546,105,110,5,0,105,110,38684,0,0,0,0,0
2020-07-28,US,Pennsylvania,Columbia,453,35,0,41.04821986,-76.40565017,42037.0,697.3092789852843,7.7262693156732904,418,452,35,0,417,451,65456,1,0,0,1,1
2020-07-28,US,Pennsylvania,Crawford,118,1,0,41.68447709,-80.10760592,42039.0,139.43210956055253,0.8474576271186439,117,118,1,0,117,118,85063,0,0,0,0,0
2020-07-28,US,Pennsylvania,Cumberland,1165,70,0,40.1625372,-77.26130755,42041.0,459.8018707818605,6.008583690987124,1095,1142,70,0,1072,1119,251423,23,0,0,23,23
2020-07-28,US,Pennsylvania,Dauphin,2585,154,0,40.41377078,-76.77993242,42043.0,928.8570925515364,5.957446808510637,2431,2559,153,0,2406,2537,277097,26,1,0,25,22
2020-07-28,US,Pennsylvania,Delaware,8489,683,0,39.91680171,-75.40243663,42045.0,1497.8464817634674,8.045706208033927,7806,8371,681,0,7690,8285,564751,118,2,0,116,86
2020-07-28,US,Pennsylvania,Elk,40,2,0,41.42822061,-78.64524744,42047.0,133.73453694416582,5.0,38,39,2,0,37,39,30169,1,0,0,1,0
2020-07-28,US,Pennsylvania,Erie,871,15,0,41.99253829,-80.03301954,42049.0,322.91790247953486,1.722158438576349,856,865,15,0,850,856,272061,6,0,0,6,9
2020-07-28,US,Pennsylvania,Fayette,336,4,0,39.92041012,-79.64291195,42051.0,259.9130528954005,1.1904761904761905,332,314,4,0,310,311,130441,22,0,0,22,3
2020-07-28,US,Pennsylvania,Forest,9,0,0,41.51095103,-79.23229292,42053.0,124.1893197185042,0.0,9,7,0,0,7,7,7279,2,0,0,2,0
2020-07-28,US,Pennsylvania,Franklin,1223,46,0,39.92956518,-77.72157791,42055.0,788.8948376734378,3.7612428454619784,1177,1201,46,0,1155,1191,154835,22,0,0,22,10
2020-07-28,US,Pennsylvania,Fulton,21,2,0,39.92913544,-78.11163677,42057.0,144.52856159669648,9.523809523809524,19,21,2,0,19,21,14523,0,0,0,0,0
2020-07-28,US,Pennsylvania,Greene,100,0,0,39.85746531,-80.22357106,42059.0,275.9914994618166,0.0,100,99,0,0,99,98,36506,1,0,0,1,1
2020-07-28,US,Pennsylvania,Huntingdon,287,4,0,40.42162652,-77.97673273,42061.0,635.7433989012936,1.3937282229965158,283,286,4,0,282,285,45168,1,0,0,1,1
2020-07-28,US,Pennsylvania,Indiana,234,6,0,40.65241041,-79.08963285,42063.0,278.3295469413486,2.5641025641025643,228,223,6,0,217,218,84501,11,0,0,11,5
2020-07-28,US,Pennsylvania,Jefferson,55,1,0,41.12913106,-78.9986361,42065.0,126.65515256188831,1.818181818181818,54,51,1,0,50,51,43641,4,0,0,4,0
2020-07-28,US,Pennsylvania,Juniata,125,6,0,40.53358749,-77.39975129999998,42067.0,504.7853652626903,4.8,119,125,6,0,119,123,24704,0,0,0,0,2
2020-07-28,US,Pennsylvania,Lackawanna,1866,212,0,41.43564672,-75.60379201,42069.0,889.9529746177399,11.361200428724544,1654,1860,212,0,1648,1854,210793,6,0,0,6,6
2020-07-28,US,Pennsylvania,Lancaster,5376,403,0,40.03904563,-76.24770128,42071.0,985.1133540031224,7.496279761904763,4973,5328,401,0,4927,5311,543557,48,2,0,46,17
2020-07-28,US,Pennsylvania,Lawrence,308,11,0,40.99206278,-80.33393706,42073.0,360.1833660772757,3.571428571428572,297,291,11,0,280,288,86184,17,0,0,17,3
2020-07-28,US,Pennsylvania,Lebanon,1554,54,0,40.36680311,-76.45651841,42075.0,1095.9638346039646,3.474903474903475,1500,1548,54,0,1494,1544,141314,6,0,0,6,4
2020-07-28,US,Pennsylvania,Lehigh,4733,335,0,40.6154815,-75.59435245,42077.0,1281.5514001483814,7.0779632368476655,4398,4703,335,0,4368,4688,368100,30,0,0,30,15
2020-07-28,US,Pennsylvania,Luzerne,3191,183,0,41.17823008,-75.98447579,42079.0,1005.3021734815717,5.734879348166719,3008,3156,183,0,2973,3144,317646,35,0,0,35,12
2020-07-28,US,Pennsylvania,Lycoming,301,20,0,41.34310539,-77.06629984,42081.0,265.66871728788425,6.644518272425248,281,299,20,0,279,294,113664,2,0,0,2,5
2020-07-28,US,Pennsylvania,McKean,26,1,0,41.80938602,-78.56478358,42083.0,64.0,3.8461538461538463,25,26,1,0,25,26,40968,0,0,0,0,0
2020-07-28,US,Pennsylvania,Mercer,303,9,0,41.30248872,-80.25816981,42085.0,276.9045182044159,2.9702970297029703,294,300,9,0,291,296,110683,3,0,0,3,4
2020-07-28,US,Pennsylvania,Mifflin,93,1,0,40.61116939,-77.61070738,42087.0,201.56920542719658,1.075268817204301,92,91,1,0,90,91,46222,2,0,0,2,0
2020-07-28,US,Pennsylvania,Monroe,1562,122,0,41.05934058,-75.34031025,42089.0,917.361147817303,7.810499359795134,1440,1557,122,0,1435,1553,169507,5,0,0,5,4
2020-07-28,US,Pennsylvania,Montgomery,9621,845,0,40.21053671,-75.36652296,42091.0,1157.8801682482565,8.782870803450784,8776,9555,844,0,8711,9492,828604,66,1,0,65,63
2020-07-28,US,Pennsylvania,Montour,92,3,0,41.03023987,-76.66345939,42093.0,504.66264399341736,3.260869565217391,89,91,3,0,88,91,18240,1,0,0,1,0
2020-07-28,US,Pennsylvania,Northampton,3780,289,0,40.75182733,-75.30471829,42095.0,1238.1872676351607,7.645502645502646,3491,3758,289,0,3469,3746,304807,22,0,0,22,12
2020-07-28,US,Pennsylvania,Northumberland,390,11,0,40.84785433,-76.70798222,42097.0,429.31210990390025,2.8205128205128207,379,381,11,0,370,381,91083,9,0,0,9,0
2020-07-28,US,Pennsylvania,Perry,110,5,0,40.40206612,-77.26297447,42099.0,237.72475795297368,4.545454545454546,105,108,5,0,103,106,46139,2,0,0,2,2
2020-07-28,US,Pennsylvania,Philadelphia,29945,1678,0,40.00338507,-75.1379271,42101.0,1890.3907922912208,5.603606612122223,28267,29803,1678,0,28125,29303,1584138,142,0,0,142,500
2020-07-28,US,Pennsylvania,Pike,524,21,0,41.33155042,-75.03208106,42103.0,938.9166621871024,4.00763358778626,503,523,21,0,502,523,55933,1,0,0,1,0
2020-07-28,US,Pennsylvania,Potter,20,0,0,41.74471626,-77.89559864,42105.0,121.0214207914801,0.0,20,20,0,0,20,20,16622,0,0,0,0,0
2020-07-28,US,Pennsylvania,Schuylkill,860,49,0,40.70497338,-76.2150785,42107.0,608.3800819190855,5.697674418604652,811,849,49,0,800,848,142067,11,0,0,11,1
2020-07-28,US,Pennsylvania,Snyder,90,2,0,40.77129231,-77.06840691,42109.0,222.92678093728333,2.2222222222222223,88,87,2,0,85,87,40540,3,0,0,3,0
2020-07-28,US,Pennsylvania,Somerset,113,2,0,39.97172723,-79.02699593,42111.0,153.85243781230002,1.7699115044247788,111,112,2,0,110,106,73952,1,0,0,1,6
2020-07-28,US,Pennsylvania,Sullivan,10,0,0,41.44634738,-76.51246591,42113.0,164.85328058028355,0.0,10,10,0,0,10,10,6071,0,0,0,0,0
2020-07-28,US,Pennsylvania,Susquehanna,206,26,0,41.82147784,-75.80071959,42115.0,510.81134695496917,12.621359223300969,180,204,26,0,178,204,40589,2,0,0,2,0
2020-07-28,US,Pennsylvania,Tioga,34,2,0,41.77255149,-77.25433032,42117.0,83.76241038653889,5.882352941176472,32,34,2,0,32,34,40763,0,0,0,0,0
2020-07-28,US,Pennsylvania,Union,128,2,0,40.96188846,-77.05996014,42119.0,284.9319947465664,1.5625,126,124,2,0,122,123,44785,4,0,0,4,1
2020-07-28,US,Pennsylvania,Venango,59,0,0,41.40323442,-79.75845449,42121.0,116.44430409726057,0.0,59,55,0,0,55,55,51266,4,0,0,4,0
2020-07-28,US,Pennsylvania,Warren,14,1,0,41.81304978,-79.26969577,42123.0,35.72248730575897,7.142857142857142,13,14,1,0,13,14,39498,0,0,0,0,0
2020-07-28,US,Pennsylvania,Washington,699,10,0,40.19208869,-80.24582867,42125.0,337.90152998332246,1.430615164520744,689,681,10,0,671,669,207346,18,0,0,18,12
2020-07-28,US,Pennsylvania,Wayne,154,8,0,41.64938475,-75.29956506,42127.0,299.83839878507035,5.194805194805196,146,154,8,0,146,153,51276,0,0,0,0,1
2020-07-28,US,Pennsylvania,Westmoreland,1327,44,0,40.31377979999999,-79.46615476,42129.0,380.33929589938634,3.3157498116051243,1283,1313,43,0,1270,1302,350611,14,1,0,13,11
2020-07-28,US,Pennsylvania,Wyoming,57,8,0,41.51955538,-76.01074915,42131.0,212.7341942225872,14.035087719298243,49,56,7,0,49,56,27046,1,1,0,0,0
2020-07-28,US,Pennsylvania,York,2196,84,0,39.9210089,-76.73040131,42133.0,489.0236895902089,3.8251366120218577,2112,2182,81,0,2101,2161,448273,14,3,0,11,21
2020-07-28,US,Puerto Rico,Adjuntas,77,0,0,18.180117000000006,-66.754367,72001.0,395.21634245239443,0.0,77,77,0,0,77,77,,0,0,0,0,0
2020-07-28,US,Puerto Rico,Aguada,95,0,0,18.360255,-67.17513100000001,72003.0,226.41149693748662,0.0,95,92,0,0,92,91,,3,0,0,3,1
2020-07-28,US,Puerto Rico,Aguadilla,160,0,0,18.459681,-67.12081500000001,72005.0,262.5145613545752,0.0,160,156,0,0,156,152,,4,0,0,4,4
2020-07-28,US,Puerto Rico,Aguas Buenas,97,0,0,18.251619,-66.126806,72007.0,338.46261209393214,0.0,97,94,0,0,94,94,,3,0,0,3,0
2020-07-28,US,Puerto Rico,Aibonito,71,0,0,18.131361,-66.264131,72009.0,274.1312741312741,0.0,71,70,0,0,70,70,,1,0,0,1,0
2020-07-28,US,Puerto Rico,Anasco,105,0,0,18.287985,-67.120611,72011.0,358.8394108198626,0.0,105,103,0,0,103,101,,2,0,0,2,2
2020-07-28,US,Puerto Rico,Arecibo,229,0,0,18.406631,-66.675077,72013.0,237.4533388635421,0.0,229,228,0,0,228,227,,1,0,0,1,1
2020-07-28,US,Puerto Rico,Arroyo,71,0,0,17.998457000000005,-66.056546,72015.0,362.7075351213283,0.0,71,71,0,0,71,70,,0,0,0,0,1
2020-07-28,US,Puerto Rico,Barceloneta,62,0,0,18.445533,-66.56053100000001,72017.0,249.83881366860092,0.0,62,57,0,0,57,56,,5,0,0,5,1
2020-07-28,US,Puerto Rico,Barranquitas,164,0,0,18.201592,-66.30963,72019.0,540.9327792070717,0.0,164,163,0,0,163,162,,1,0,0,1,1
2020-07-28,US,Puerto Rico,Bayamon,1011,0,0,18.34946,-66.168435,72021.0,485.7867727613448,0.0,1011,980,0,0,980,960,,31,0,0,31,20
2020-07-28,US,Puerto Rico,Cabo Rojo,159,0,0,18.040993,-67.154391,72023.0,312.2729147436023,0.0,159,158,0,0,158,156,,1,0,0,1,2
2020-07-28,US,Puerto Rico,Caguas,536,0,0,18.211615,-66.050779,72025.0,375.1058484320436,0.0,536,522,0,0,522,513,,14,0,0,14,9
2020-07-28,US,Puerto Rico,Camuy,88,0,0,18.418578,-66.860206,72027.0,250.2915327512159,0.0,88,87,0,0,87,79,,1,0,0,1,8
2020-07-28,US,Puerto Rico,Canovanas,269,0,0,18.328802,-65.887612,72029.0,564.5567494963062,0.0,269,263,0,0,263,258,,6,0,0,6,5
2020-07-28,US,Puerto Rico,Carolina,797,0,0,18.374986,-65.95683100000001,72031.0,450.8887656849323,0.0,797,779,0,0,779,759,,18,0,0,18,20
2020-07-28,US,Puerto Rico,Catano,134,0,0,18.437269,-66.14330600000001,72033.0,476.19047619047615,0.0,134,128,0,0,128,123,,6,0,0,6,5
2020-07-28,US,Puerto Rico,Cayey,157,0,0,18.102851,-66.14914,72035.0,326.27444460608075,0.0,157,156,0,0,156,155,,1,0,0,1,1
2020-07-28,US,Puerto Rico,Ceiba,50,0,0,18.251818,-65.666416,72037.0,366.8109456386178,0.0,50,50,0,0,50,49,,0,0,0,0,1
2020-07-28,US,Puerto Rico,Ciales,108,0,0,18.28885,-66.516475,72039.0,575.0186348631669,0.0,108,105,0,0,105,105,,3,0,0,3,0
2020-07-28,US,Puerto Rico,Cidra,127,0,0,18.173559,-66.161179,72041.0,292.0883164673413,0.0,127,125,0,0,125,123,,2,0,0,2,2
2020-07-28,US,Puerto Rico,Coamo,102,0,0,18.097597,-66.36014,72043.0,251.77725118483409,0.0,102,97,0,0,97,94,,5,0,0,5,3
2020-07-28,US,Puerto Rico,Comerio,95,0,0,18.224687,-66.221622,72045.0,457.21436134372897,0.0,95,94,0,0,94,94,,1,0,0,1,0
2020-07-28,US,Puerto Rico,Corozal,124,0,0,18.304264,-66.327738,72047.0,333.85385816595766,0.0,124,118,0,0,118,116,,6,0,0,6,2
2020-07-28,US,Puerto Rico,Culebra,16,0,0,18.31586,-65.28813000000001,72049.0,880.0880088008803,0.0,16,14,0,0,14,14,,2,0,0,2,0
2020-07-28,US,Puerto Rico,Dorado,223,0,0,18.436115,-66.278669,72051.0,584.3049914843442,0.0,223,217,0,0,217,213,,6,0,0,6,4
2020-07-28,US,Puerto Rico,Fajardo,167,0,0,18.318373,-65.666866,72053.0,451.4367583056254,0.0,167,165,0,0,165,162,,2,0,0,2,3
2020-07-28,US,Puerto Rico,Florida,120,0,0,18.373715,-66.560488,72054.0,946.372239747634,0.0,120,104,0,0,104,104,,16,0,0,16,0
2020-07-28,US,Puerto Rico,Guanica,52,0,0,17.982429,-66.91964300000001,72055.0,267.66870849848146,0.0,52,52,0,0,52,52,,0,0,0,0,0
2020-07-28,US,Puerto Rico,Guayama,119,0,0,18.007516,-66.13390799999999,72057.0,262.33411225254616,0.0,119,118,0,0,118,118,,1,0,0,1,0
2020-07-28,US,Puerto Rico,Guayanilla,111,0,0,18.039942,-66.79186,72059.0,514.3413187526063,0.0,111,111,0,0,111,109,,0,0,0,0,2
2020-07-28,US,Puerto Rico,Guaynabo,640,0,0,18.345114,-66.11452299999999,72061.0,653.5680731996242,0.0,640,623,0,0,623,622,,17,0,0,17,1
2020-07-28,US,Puerto Rico,Gurabo,184,0,0,18.266461,-65.97970500000001,72063.0,405.5632700742798,0.0,184,177,0,0,177,176,,7,0,0,7,1
2020-07-28,US,Puerto Rico,Hatillo,74,0,0,18.410928,-66.79632600000001,72065.0,176.38786260815675,0.0,74,73,0,0,73,72,,1,0,0,1,1
2020-07-28,US,Puerto Rico,Hormigueros,76,0,0,18.134532,-67.113972,72067.0,440.5797101449276,0.0,76,76,0,0,76,76,,0,0,0,0,0
2020-07-28,US,Puerto Rico,Humacao,147,0,0,18.145211,-65.810174,72069.0,251.42818048096333,0.0,147,143,0,0,143,141,,4,0,0,4,2
2020-07-28,US,Puerto Rico,Isabela,105,0,0,18.44981,-67.005093,72071.0,230.10672569086805,0.0,105,101,0,0,101,99,,4,0,0,4,2
2020-07-28,US,Puerto Rico,Jayuya,175,0,0,18.211446,-66.58878,72073.0,1051.5563033289268,0.0,175,174,0,0,174,173,,1,0,0,1,1
2020-07-28,US,Puerto Rico,Juana Diaz,158,0,0,18.050764,-66.49458100000001,72075.0,197.7546090591637,0.0,158,157,0,0,157,155,,1,0,0,1,2
2020-07-28,US,Puerto Rico,Juncos,91,0,0,18.223793,-65.909109,72077.0,225.86249689749317,0.0,91,89,0,0,89,86,,2,0,0,2,3
2020-07-28,US,Puerto Rico,Lajas,66,0,0,18.011661,-67.040585,72079.0,256.2808216518464,0.0,66,66,0,0,66,66,,0,0,0,0,0
2020-07-28,US,Puerto Rico,Lares,116,0,0,18.269035,-66.867236,72081.0,377.1989724579717,0.0,116,116,0,0,116,116,,0,0,0,0,0
2020-07-28,US,Puerto Rico,Las Marias,43,0,0,18.23679,-66.98362,72083.0,435.1786256451776,0.0,43,43,0,0,43,42,,0,0,0,0,1
2020-07-28,US,Puerto Rico,Las Piedras,120,0,0,18.187527,-65.86946800000001,72085.0,310.2779573367808,0.0,120,120,0,0,120,119,,0,0,0,0,1
2020-07-28,US,Puerto Rico,Loiza,73,0,0,18.425688,-65.89943000000001,72087.0,242.8476380572189,0.0,73,72,0,0,72,71,,1,0,0,1,1
2020-07-28,US,Puerto Rico,Luquillo,85,0,0,18.342114,-65.72509699999999,72089.0,423.55989635240167,0.0,85,82,0,0,82,82,,3,0,0,3,0
2020-07-28,US,Puerto Rico,Manati,164,0,0,18.420473,-66.490461,72091.0,371.7724933693016,0.0,164,156,0,0,156,150,,8,0,0,8,6
2020-07-28,US,Puerto Rico,Maricao,39,0,0,18.171795,-66.942126,72093.0,621.414913957935,0.0,39,39,0,0,39,39,,0,0,0,0,0
2020-07-28,US,Puerto Rico,Maunabo,45,0,0,18.017889,-65.922235,72095.0,368.0981595092025,0.0,45,45,0,0,45,45,,0,0,0,0,0
2020-07-28,US,Puerto Rico,Mayaguez,402,0,0,18.2013,-67.1452,72097.0,451.27974854063757,0.0,402,394,0,0,394,379,,8,0,0,8,15
2020-07-28,US,Puerto Rico,Moca,136,0,0,18.377805,-67.080952,72099.0,339.07601785135506,0.0,136,131,0,0,131,128,,5,0,0,5,3
2020-07-28,US,Puerto Rico,Morovis,181,0,0,18.316963,-66.420383,72101.0,555.0444648880712,0.0,181,172,0,0,172,169,,9,0,0,9,3
2020-07-28,US,Puerto Rico,Naguabo,77,0,0,18.230637,-65.753897,72103.0,288.17365269461084,0.0,77,77,0,0,77,73,,0,0,0,0,4
2020-07-28,US,Puerto Rico,Naranjito,192,0,0,18.288019,-66.252703,72105.0,631.5373988553383,0.0,192,179,0,0,179,176,,13,0,0,13,3
2020-07-28,US,Puerto Rico,Orocovis,154,0,0,18.215046,-66.433604,72107.0,657.4734235580412,0.0,154,147,0,0,147,145,,7,0,0,7,2
2020-07-28,US,Puerto Rico,Out of PR,537,0,0,0.0,0.0,72888.0,0.0,0.0,537,537,0,0,537,537,,0,0,0,0,0
2020-07-28,US,Puerto Rico,Patillas,88,0,0,18.03174,-66.012242,72109.0,456.50256782694396,0.0,88,85,0,0,85,85,,3,0,0,3,0
2020-07-28,US,Puerto Rico,Penuelas,53,0,0,18.059645,-66.721572,72111.0,218.26867638580018,0.0,53,52,0,0,52,51,,1,0,0,1,1
2020-07-28,US,Puerto Rico,Ponce,384,0,0,18.059498,-66.613748,72113.0,230.87051410775157,0.0,384,375,0,0,375,372,,9,0,0,9,3
2020-07-28,US,Puerto Rico,Quebradillas,60,0,0,18.439692,-66.926113,72115.0,231.4904124387515,0.0,60,60,0,0,60,56,,0,0,0,0,4
2020-07-28,US,Puerto Rico,Rincon,79,0,0,18.335443,-67.23174,72117.0,519.7368421052631,0.0,79,78,0,0,78,77,,1,0,0,1,1
2020-07-28,US,Puerto Rico,Rio Grande,205,0,0,18.346329,-65.813742,72119.0,377.5044195639364,0.0,205,200,0,0,200,195,,5,0,0,5,5
2020-07-28,US,Puerto Rico,Sabana Grande,103,0,0,18.08282,-66.943758,72121.0,407.67860676825654,0.0,103,103,0,0,103,101,,0,0,0,0,2
2020-07-28,US,Puerto Rico,Salinas,130,0,0,18.010386999999994,-66.256592,72123.0,418.30233605766136,0.0,130,130,0,0,130,130,,0,0,0,0,0
2020-07-28,US,Puerto Rico,San German,117,0,0,18.111484,-67.03858100000001,72125.0,329.32699073943763,0.0,117,117,0,0,117,116,,0,0,0,0,1
2020-07-28,US,Puerto Rico,San Juan,2124,0,0,18.386933,-66.061128,72127.0,537.2780945346373,0.0,2124,2062,0,0,2062,2020,,62,0,0,62,42
2020-07-28,US,Puerto Rico,San Lorenzo,119,0,0,18.147987,-65.976392,72129.0,289.8338935164888,0.0,119,117,0,0,117,117,,2,0,0,2,0
2020-07-28,US,Puerto Rico,San Sebastian,158,0,0,18.328646,-66.971214,72131.0,372.378034409616,0.0,158,156,0,0,156,154,,2,0,0,2,2
2020-07-28,US,Puerto Rico,Santa Isabel,81,0,0,17.994525,-66.388913,72133.0,348.02784222737813,0.0,81,81,0,0,81,81,,0,0,0,0,0
2020-07-28,US,Puerto Rico,Toa Alta,378,0,0,18.362406,-66.246616,72135.0,510.35562876353515,0.0,378,363,0,0,363,351,,15,0,0,15,12
2020-07-28,US,Puerto Rico,Toa Baja,354,0,0,18.431446,-66.213553,72137.0,395.04960439241586,0.0,354,344,0,0,344,330,,10,0,0,10,14
2020-07-28,US,Puerto Rico,Trujillo Alto,344,0,0,18.336159,-65.99888399999999,72139.0,459.63496432484436,0.0,344,338,0,0,338,338,,6,0,0,6,0
2020-07-28,US,Puerto Rico,Unassigned,432,209,0,0.0,0.0,72999.0,0.0,48.37962962962962,223,390,201,0,189,356,,42,8,0,34,34
2020-07-28,US,Puerto Rico,Utuado,53,0,0,18.271214,-66.702984,72141.0,159.88415940149025,0.0,53,53,0,0,53,52,,0,0,0,0,1
2020-07-28,US,Puerto Rico,Vega Alta,157,0,0,18.409346,-66.33725,72143.0,392.98140221771683,0.0,157,155,0,0,155,149,,2,0,0,2,6
2020-07-28,US,Puerto Rico,Vega Baja,266,0,0,18.428262,-66.397924,72145.0,445.84492641882605,0.0,266,263,0,0,263,260,,3,0,0,3,3
2020-07-28,US,Puerto Rico,Vieques,34,0,0,18.123276,-65.44097099999999,72147.0,365.55209117299216,0.0,34,33,0,0,33,31,,1,0,0,1,2
2020-07-28,US,Puerto Rico,Villalba,71,0,0,18.127951,-66.473115,72149.0,272.3123537759368,0.0,71,70,0,0,70,69,,1,0,0,1,1
2020-07-28,US,Puerto Rico,Yabucoa,88,0,0,18.070399,-65.896289,72151.0,231.93906328246487,0.0,88,81,0,0,81,79,,7,0,0,7,2
2020-07-28,US,Puerto Rico,Yauco,186,0,0,18.080374,-66.858814,72153.0,442.4042052184668,0.0,186,182,0,0,182,180,,4,0,0,4,2
2020-07-28,US,Rhode Island,Bristol,290,0,0,41.71018079,-71.28652315,44001.0,598.1971575321272,0.0,290,290,0,0,290,290,48649,0,0,0,0,0
2020-07-28,US,Rhode Island,Kent,1351,0,0,41.67106337,-71.57641596,44003.0,822.3163635478294,0.0,1351,1351,0,0,1351,1351,163861,0,0,0,0,0
2020-07-28,US,Rhode Island,Newport,365,0,0,41.5642026,-71.26569799,44005.0,444.6772739455666,0.0,365,365,0,0,365,365,82542,0,0,0,0,0
2020-07-28,US,Rhode Island,Providence,14033,0,0,41.87064746,-71.57753536,44007.0,2196.324798765438,0.0,14033,14033,0,0,14033,14033,636084,0,0,0,0,0
2020-07-28,US,Rhode Island,Unassigned,2112,1005,0,0.0,0.0,90044.0,0.0,47.58522727272727,1107,1902,1004,0,898,1611,,210,1,0,209,291
2020-07-28,US,Rhode Island,Washington,574,0,0,41.45961631,-71.61435303,44009.0,457.0900722266021,0.0,574,574,0,0,574,574,126179,0,0,0,0,0
2020-07-28,US,South Carolina,Abbeville,269,6,0,34.22333378,-82.46170658,45001.0,1096.7505198352837,2.2304832713754648,263,272,4,0,268,270,24541,-3,2,0,-5,2
2020-07-28,US,South Carolina,Aiken,1355,23,0,33.54338026,-81.63645384,45003.0,792.9912449084695,1.6974169741697418,1332,1301,23,0,1278,1260,169401,54,0,0,54,41
2020-07-28,US,South Carolina,Allendale,159,3,0,32.98837386,-81.35321066,45005.0,1830.110497237569,1.8867924528301887,156,151,3,0,148,146,8903,8,0,0,8,5
2020-07-28,US,South Carolina,Anderson,1793,40,0,34.51828081,-82.63959517,45007.0,885.1785661390811,2.2308979364194093,1753,1738,38,0,1700,1678,200482,55,2,0,53,60
2020-07-28,US,South Carolina,Bamberg,384,10,0,33.21927586,-81.05659969,45009.0,2729.987203184985,2.6041666666666665,374,371,9,0,362,362,14275,13,1,0,12,9
2020-07-28,US,South Carolina,Barnwell,295,3,0,33.26679302,-81.43584352,45011.0,1413.7831879612768,1.0169491525423728,292,294,2,0,292,281,21112,1,1,0,0,13
2020-07-28,US,South Carolina,Beaufort,3188,36,0,32.39226291,-80.72619758,45013.0,1659.3622802177786,1.1292346298619824,3152,3101,35,0,3066,2992,188715,87,1,0,86,109
2020-07-28,US,South Carolina,Berkeley,3576,56,0,33.20222596,-79.94654523,45015.0,1569.0610643815241,1.5659955257270697,3520,3491,54,0,3437,3452,221091,85,2,0,83,39
2020-07-28,US,South Carolina,Calhoun,281,6,0,33.66926881,-80.77722168,45017.0,1930.8733594447879,2.1352313167259784,275,272,4,0,268,276,14520,9,2,0,7,-4
2020-07-28,US,South Carolina,Charleston,10920,144,0,32.82487866,-79.96512315,45019.0,2654.312285187868,1.3186813186813189,10776,10740,135,0,10605,10625,405905,180,9,0,171,115
2020-07-28,US,South Carolina,Cherokee,502,20,0,35.05122251,-81.61828622,45021.0,876.0907504363,3.98406374501992,482,480,19,0,461,477,57078,22,1,0,21,3
2020-07-28,US,South Carolina,Chester,479,8,0,34.69249168,-81.1583216,45023.0,1485.5476987966754,1.6701461377870563,471,464,8,0,456,456,32251,15,0,0,15,8
2020-07-28,US,South Carolina,Chesterfield,639,20,0,34.64137396,-80.15640140000002,45025.0,1399.7809419496164,3.129890453834116,619,621,19,0,602,612,45754,18,1,0,17,9
2020-07-28,US,South Carolina,Clarendon,703,49,0,33.66610974,-80.21647898,45027.0,2083.271595791969,6.970128022759602,654,681,49,0,632,677,33700,22,0,0,22,4
2020-07-28,US,South Carolina,Colleton,682,30,0,32.87582989,-80.67641292,45029.0,1810.1228866417173,4.3988269794721395,652,675,30,0,645,664,37660,7,0,0,7,11
2020-07-28,US,South Carolina,Darlington,917,32,0,34.33358335,-79.96027485,45031.0,1376.5048485394339,3.489640130861505,885,893,31,0,862,866,66802,24,1,0,23,27
2020-07-28,US,South Carolina,Dillon,516,21,0,34.39007791,-79.37741872,45033.0,1692.9689294268185,4.069767441860465,495,506,21,0,485,499,30599,10,0,0,10,7
2020-07-28,US,South Carolina,Dorchester,2510,35,0,33.0794369,-80.40502652,45035.0,1541.683813548391,1.3944223107569722,2475,2481,33,0,2448,2450,160647,29,2,0,27,31
2020-07-28,US,South Carolina,Edgefield,240,6,0,33.77221995,-81.96231108,45037.0,880.4108584005869,2.5,234,235,6,0,229,228,27052,5,0,0,5,7
2020-07-28,US,South Carolina,Fairfield,502,23,0,34.39287073,-81.1195624,45039.0,2246.386539580257,4.581673306772909,479,486,23,0,463,479,22402,16,0,0,16,7
2020-07-28,US,South Carolina,Florence,2623,87,0,34.02361754,-79.70189312,45041.0,1896.6975913459107,3.316812809759817,2536,2544,86,0,2458,2477,138159,79,1,0,78,67
2020-07-28,US,South Carolina,Georgetown,1146,17,0,33.43443342,-79.33202141,45043.0,1828.3343969368216,1.4834205933682374,1129,1111,16,0,1095,1101,62249,35,1,0,34,10
2020-07-28,US,South Carolina,Greenville,9625,165,0,34.89502264,-82.37295012,45045.0,1838.4389409063647,1.7142857142857142,9460,9481,157,0,9324,9361,514213,144,8,0,136,120
2020-07-28,US,South Carolina,Greenwood,1155,14,0,34.15272415,-82.12715789,45047.0,1631.102512321532,1.2121212121212122,1141,1132,14,0,1118,1130,70741,23,0,0,23,2
2020-07-28,US,South Carolina,Hampton,289,6,0,32.77419582,-81.13845571,45049.0,1503.4855894287796,2.0761245674740483,283,275,6,0,269,263,19351,14,0,0,14,12
2020-07-28,US,South Carolina,Horry,7688,115,0,33.9212828,-78.99555293,45051.0,2171.2545999361732,1.495837669094693,7573,7553,106,0,7447,7455,344147,135,9,0,126,98
2020-07-28,US,South Carolina,Jasper,445,8,0,32.43171982,-81.02487495,45053.0,1479.7326505503274,1.7977528089887642,437,440,8,0,432,418,28971,5,0,0,5,22
2020-07-28,US,South Carolina,Kershaw,1198,21,0,34.33988254,-80.58763164,45055.0,1800.1232137759011,1.7529215358931554,1177,1163,21,0,1142,1145,65592,35,0,0,35,18
2020-07-28,US,South Carolina,Lancaster,969,21,0,34.68270843,-80.70513032,45057.0,988.654450475452,2.1671826625387,948,925,20,0,905,918,95380,44,1,0,43,7
2020-07-28,US,South Carolina,Laurens,1135,30,0,34.48244419,-82.00490796,45059.0,1681.655875424118,2.643171806167401,1105,1123,30,0,1093,1110,66994,12,0,0,12,13
2020-07-28,US,South Carolina,Lee,453,25,0,34.16393091,-80.25690731,45061.0,2691.9420014261946,5.518763796909492,428,447,25,0,422,435,17142,6,0,0,6,12
2020-07-28,US,South Carolina,Lexington,4320,89,0,33.89665987,-81.27146426,45063.0,1446.0251046025103,2.060185185185185,4231,4244,88,0,4156,4200,295032,76,1,0,75,44
2020-07-28,US,South Carolina,Marion,477,12,0,34.07859748,-79.36400756,45067.0,1555.9252373030627,2.5157232704402515,465,465,12,0,453,453,31039,12,0,0,12,12
2020-07-28,US,South Carolina,Marlboro,395,4,0,34.59905577,-79.67561152,45069.0,1512.3669499961713,1.0126582278481011,391,391,4,0,387,391,26398,4,0,0,4,0
2020-07-28,US,South Carolina,McCormick,97,2,0,33.90161443,-82.30794338,45065.0,1025.044911761598,2.061855670103093,95,96,2,0,94,95,9410,1,0,0,1,1
2020-07-28,US,South Carolina,Newberry,694,7,0,34.28629098,-81.59935761,45071.0,1805.4110301768992,1.0086455331412103,687,675,7,0,668,661,38520,19,0,0,19,14
2020-07-28,US,South Carolina,Oconee,671,5,0,34.75225169,-83.06742317,45073.0,843.537072888643,0.7451564828614009,666,662,3,0,659,647,78374,9,2,0,7,15
2020-07-28,US,South Carolina,Orangeburg,1992,48,0,33.4391073,-80.79886287,45075.0,2311.575282854656,2.409638554216868,1944,1950,48,0,1902,1894,86934,42,0,0,42,56
2020-07-28,US,South Carolina,Pickens,1599,18,0,34.88807695,-82.72791551,45077.0,1260.2061725670692,1.125703564727955,1581,1589,17,0,1572,1563,124937,10,1,0,9,26
2020-07-28,US,South Carolina,Richland,7235,127,0,34.01791263,-80.90267209,45079.0,1740.1908317077923,1.7553559087767796,7108,7092,127,0,6965,7007,414576,143,0,0,143,85
2020-07-28,US,South Carolina,Saluda,386,6,0,34.00795823,-81.72713237,45081.0,1885.4100522639567,1.5544041450777202,380,379,6,0,373,376,20544,7,0,0,7,3
2020-07-28,US,South Carolina,Spartanburg,3486,81,0,34.92960077,-81.99225984,45083.0,1090.1074159200714,2.3235800344234083,3405,3450,75,0,3375,3432,313888,36,6,0,30,18
2020-07-28,US,South Carolina,Sumter,2106,40,0,33.91826534,-80.37942316,45085.0,1973.3698147506118,1.8993352326685657,2066,2072,39,0,2033,2068,106512,34,1,0,33,4
2020-07-28,US,South Carolina,Union,291,2,0,34.68835752,-81.61730349,45087.0,1065.309708595695,0.6872852233676976,289,274,1,0,273,270,27410,17,1,0,16,4
2020-07-28,US,South Carolina,Williamsburg,790,19,0,33.62190129,-79.72767442,45089.0,2601.4225500526873,2.4050632911392404,771,773,18,0,755,763,30606,17,1,0,16,10
2020-07-28,US,South Carolina,York,2934,25,0,34.97281497,-81.18085944,45091.0,1044.206150637592,0.8520790729379687,2909,2858,24,0,2834,2816,274118,76,1,0,75,42
2020-07-28,US,South Dakota,Aurora,37,0,0,43.71757685,-98.56050467,46003.0,1344.9654671028716,0.0,37,37,0,0,37,37,2801,0,0,0,0,0
2020-07-28,US,South Dakota,Beadle,583,9,0,44.41464384,-98.27858469,46005.0,3159.3778789356743,1.5437392795883362,574,583,9,0,574,582,18883,0,0,0,0,1
2020-07-28,US,South Dakota,Bennett,5,0,0,43.19486375,-101.6665572,46007.0,148.5884101040119,0.0,5,5,0,0,5,5,3468,0,0,0,0,0
2020-07-28,US,South Dakota,Bon Homme,13,0,0,42.98914167,-97.88592746,46009.0,188.37849587016373,0.0,13,13,0,0,13,13,6980,0,0,0,0,0
2020-07-28,US,South Dakota,Brookings,111,0,0,44.36974375,-96.79079945,46011.0,316.44667445904724,0.0,111,111,0,0,111,111,35232,0,0,0,0,0
2020-07-28,US,South Dakota,Brown,385,2,0,45.58994323,-98.35165355,46013.0,991.2716599294523,0.5194805194805194,383,379,2,0,377,379,39316,6,0,0,6,0
2020-07-28,US,South Dakota,Brule,38,0,0,43.71756379,-99.08118954,46015.0,717.3872003020577,0.0,38,38,0,0,38,38,5229,0,0,0,0,0
2020-07-28,US,South Dakota,Buffalo,105,3,0,44.07657829,-99.20814467,46017.0,5351.681957186544,2.8571428571428568,102,105,3,0,102,105,2036,0,0,0,0,0
2020-07-28,US,South Dakota,Butte,8,1,0,44.90608745,-103.5079318,46019.0,76.7091763352191,12.5,7,8,1,0,7,8,10222,0,0,0,0,0
2020-07-28,US,South Dakota,Campbell,1,0,0,45.77074915,-100.0510181,46021.0,72.67441860465118,0.0,1,1,0,0,1,1,1377,0,0,0,0,0
2020-07-28,US,South Dakota,Charles Mix,99,0,0,43.20660134,-98.58856175,46023.0,1065.4326302195436,0.0,99,99,0,0,99,99,9338,0,0,0,0,0
2020-07-28,US,South Dakota,Clark,16,0,0,44.85834507,-97.72925109,46025.0,428.2655246252677,0.0,16,16,0,0,16,16,3739,0,0,0,0,0
2020-07-28,US,South Dakota,Clay,107,0,0,42.91296147,-96.97656917,46027.0,760.4832977967308,0.0,107,106,0,0,106,106,14041,1,0,0,1,0
2020-07-28,US,South Dakota,Codington,112,0,0,44.97788119,-97.18827677,46029.0,399.87146988467987,0.0,112,111,0,0,111,111,28015,1,0,0,1,0
2020-07-28,US,South Dakota,Corson,24,0,0,45.70889983,-101.1970473,46031.0,587.3715124816448,0.0,24,24,0,0,24,24,4165,0,0,0,0,0
2020-07-28,US,South Dakota,Custer,12,0,0,43.67741105,-103.45345209999999,46033.0,133.74944271065536,0.0,12,11,0,0,11,11,8726,1,0,0,1,0
2020-07-28,US,South Dakota,Davison,81,0,0,43.67490933,-98.14458906,46035.0,409.60809102402015,0.0,81,81,0,0,81,81,19790,0,0,0,0,0
2020-07-28,US,South Dakota,Day,21,0,0,45.367281,-97.60737498,46037.0,387.1681415929203,0.0,21,21,0,0,21,21,5505,0,0,0,0,0
2020-07-28,US,South Dakota,Deuel,8,0,0,44.75994309,-96.66943645,46039.0,183.8657779820731,0.0,8,8,0,0,8,7,4337,0,0,0,0,1
2020-07-28,US,South Dakota,Dewey,53,0,0,45.15639647,-100.8709139,46041.0,899.5247793618463,0.0,53,53,0,0,53,53,5904,0,0,0,0,0
2020-07-28,US,South Dakota,Douglas,16,0,0,43.38520741,-98.36978007,46043.0,547.757617254365,0.0,16,16,0,0,16,16,2935,0,0,0,0,0
2020-07-28,US,South Dakota,Edmunds,10,0,0,45.41846445,-99.21545423,46045.0,261.1647949856359,0.0,10,10,0,0,10,10,3875,0,0,0,0,0
2020-07-28,US,South Dakota,Fall River,14,0,0,43.23929297,-103.5275691,46047.0,208.5505735140772,0.0,14,14,0,0,14,14,6758,0,0,0,0,0
2020-07-28,US,South Dakota,Faulk,26,1,0,45.07082625,-99.14535601,46049.0,1130.9264897781645,3.8461538461538463,25,26,1,0,25,26,2330,0,0,0,0,0
2020-07-28,US,South Dakota,Grant,18,0,0,45.1723937,-96.77002276,46051.0,255.24673851389682,0.0,18,18,0,0,18,18,7147,0,0,0,0,0
2020-07-28,US,South Dakota,Gregory,7,0,0,43.19419064,-99.18883902,46053.0,167.26403823178018,0.0,7,6,0,0,6,6,4212,1,0,0,1,0
2020-07-28,US,South Dakota,Haakon,1,0,0,44.29299053,-101.539099,46055.0,52.6592943654555,0.0,1,1,0,0,1,1,1918,0,0,0,0,0
2020-07-28,US,South Dakota,Hamlin,14,0,0,44.67385954,-97.18829593,46057.0,227.125243348475,0.0,14,14,0,0,14,14,6111,0,0,0,0,0
2020-07-28,US,South Dakota,Hand,7,0,0,44.54708407,-99.00386459,46059.0,219.36696960200558,0.0,7,7,0,0,7,7,3262,0,0,0,0,0
2020-07-28,US,South Dakota,Hanson,18,0,0,43.6746384,-97.78715148,46061.0,521.2858384013902,0.0,18,17,0,0,17,16,3376,1,0,0,1,1
2020-07-28,US,South Dakota,Hughes,83,2,0,44.39091534,-99.99661148,46065.0,473.5821065845031,2.409638554216868,81,83,2,0,81,83,17650,0,0,0,0,0
2020-07-28,US,South Dakota,Hutchinson,24,0,0,43.33449012,-97.75536441,46067.0,329.1729529556988,0.0,24,24,0,0,24,24,7380,0,0,0,0,0
2020-07-28,US,South Dakota,Hyde,3,0,0,44.54747703,-99.48572582,46069.0,230.59185242121444,0.0,3,3,0,0,3,3,1282,0,0,0,0,0
2020-07-28,US,South Dakota,Jackson,7,1,0,43.69318385,-101.6255063,46071.0,209.33014354066987,14.285714285714285,6,7,1,0,6,7,3307,0,0,0,0,0
2020-07-28,US,South Dakota,Jerauld,39,1,0,44.06637798,-98.62965972,46073.0,1937.4068554396426,2.5641025641025643,38,39,1,0,38,39,2043,0,0,0,0,0
2020-07-28,US,South Dakota,Jones,1,0,0,43.96278565,-100.6940008,46075.0,110.74197120708747,0.0,1,1,0,0,1,1,928,0,0,0,0,0
2020-07-28,US,South Dakota,Kingsbury,11,0,0,44.36956169,-97.4913945,46077.0,222.71714922049,0.0,11,11,0,0,11,10,4919,0,0,0,0,1
2020-07-28,US,South Dakota,Lake,69,2,0,44.02193107,-97.12926365,46079.0,539.1888723919668,2.898550724637681,67,67,2,0,65,66,13057,2,0,0,2,1
2020-07-28,US,South Dakota,Lawrence,26,0,0,44.35919441,-103.79294279999999,46081.0,100.60362173038229,0.0,26,26,0,0,26,25,25741,0,0,0,0,1
2020-07-28,US,South Dakota,Lincoln,497,1,0,43.27841182,-96.72039050000001,46083.0,813.048030362518,0.2012072434607646,496,489,1,0,488,481,58807,8,0,0,8,8
2020-07-28,US,South Dakota,Lyman,84,1,0,43.89522709,-99.85201878,46085.0,2221.6344882306266,1.1904761904761905,83,84,1,0,83,84,3821,0,0,0,0,0
2020-07-28,US,South Dakota,Marshall,8,0,0,45.75870838,-97.59855639,46091.0,162.10739614994938,0.0,8,8,0,0,8,8,5112,0,0,0,0,0
2020-07-28,US,South Dakota,McCook,24,1,0,43.6742571,-97.36863144,46087.0,429.6455424274973,4.166666666666667,23,23,1,0,22,23,5546,1,0,0,1,0
2020-07-28,US,South Dakota,McPherson,6,0,0,45.76626028,-99.22118798,46089.0,252.20680958385879,0.0,6,6,0,0,6,6,2407,0,0,0,0,0
2020-07-28,US,South Dakota,Meade,67,1,0,44.56676791,-102.71627409999999,46093.0,236.4817167866724,1.492537313432836,66,67,1,0,66,65,28294,0,0,0,0,2
2020-07-28,US,South Dakota,Mellette,23,0,0,43.58078848,-100.7563186,46095.0,1115.9631246967492,0.0,23,23,0,0,23,21,2042,0,0,0,0,2
2020-07-28,US,South Dakota,Miner,13,0,0,44.02197882,-97.60992207,46097.0,586.6425992779783,0.0,13,12,0,0,12,12,2213,1,0,0,1,0
2020-07-28,US,South Dakota,Minnehaha,4058,62,0,43.67441641,-96.7910885,46099.0,2101.131856638396,1.527846229669788,3996,4036,62,0,3974,4018,192876,22,0,0,22,18
2020-07-28,US,South Dakota,Moody,28,0,0,44.02266214,-96.67081159,46101.0,425.7907542579076,0.0,28,28,0,0,28,28,6579,0,0,0,0,0
2020-07-28,US,South Dakota,Oglala Lakota,136,1,0,43.33749164,-102.55554980000001,46102.0,959.3002750934613,0.7352941176470589,135,136,1,0,135,134,14309,0,0,0,0,2
2020-07-28,US,South Dakota,Pennington,787,26,0,44.0025835,-102.8240777,46103.0,691.7161063502526,3.303684879288437,761,786,26,0,760,778,111729,1,0,0,1,8
2020-07-28,US,South Dakota,Perkins,4,0,0,45.49049506,-102.47555859999999,46105.0,139.61605584642234,0.0,4,4,0,0,4,4,2922,0,0,0,0,0
2020-07-28,US,South Dakota,Potter,1,0,0,45.06583079,-99.95498503,46107.0,46.44681839294008,0.0,1,1,0,0,1,1,2207,0,0,0,0,0
2020-07-28,US,South Dakota,Roberts,64,0,0,45.62975048,-96.94672673,46109.0,615.7398499134116,0.0,64,63,0,0,63,63,10447,1,0,0,1,0
2020-07-28,US,South Dakota,Sanborn,13,0,0,44.02351092,-98.09098159999999,46111.0,554.6075085324234,0.0,13,13,0,0,13,13,2429,0,0,0,0,0
2020-07-28,US,South Dakota,Spink,18,0,0,44.93837606,-98.34626602,46115.0,282.3086574654956,0.0,18,18,0,0,18,18,6495,0,0,0,0,0
2020-07-28,US,South Dakota,Stanley,14,0,0,44.41381872,-100.7349153,46117.0,451.9044544867656,0.0,14,14,0,0,14,14,3022,0,0,0,0,0
2020-07-28,US,South Dakota,Sully,1,0,0,44.71571812,-100.1278092,46119.0,71.89072609633357,0.0,1,1,0,0,1,1,1392,0,0,0,0,0
2020-07-28,US,South Dakota,Todd,66,3,0,43.19338568,-100.71955030000001,46121.0,648.5211751989781,4.545454545454546,63,66,3,0,63,66,10283,0,0,0,0,0
2020-07-28,US,South Dakota,Tripp,20,0,0,43.34459388,-99.8854891,46123.0,367.5794890645102,0.0,20,20,0,0,20,20,5478,0,0,0,0,0
2020-07-28,US,South Dakota,Turner,42,0,0,43.3109081,-97.14865776,46125.0,500.9541984732824,0.0,42,43,0,0,43,43,8424,-1,0,0,-1,0
2020-07-28,US,South Dakota,Unassigned,0,1,0,0.0,0.0,90046.0,0.0,0.0,-1,0,1,0,-1,0,,0,0,0,0,0
2020-07-28,US,South Dakota,Union,180,2,0,42.83112163,-96.6557828,46127.0,1129.8016570424306,1.1111111111111112,178,178,2,0,176,175,15619,2,0,0,2,3
2020-07-28,US,South Dakota,Walworth,18,0,0,45.43019636,-100.03075140000001,46129.0,331.1867525298988,0.0,18,18,0,0,18,18,5587,0,0,0,0,0
2020-07-28,US,South Dakota,Yankton,100,2,0,43.00924485,-97.39467635,46135.0,438.3273428596476,2.0,98,100,2,0,98,100,22869,0,0,0,0,0
2020-07-28,US,South Dakota,Ziebach,7,0,0,44.97881876,-101.6654622,46137.0,253.9912917271408,0.0,7,7,0,0,7,7,2742,0,0,0,0,0
2020-07-28,US,Tennessee,Anderson,500,4,0,36.12684348,-84.19965764,47001.0,649.5362311309725,0.8,496,469,4,0,465,430,76482,31,0,0,31,39
2020-07-28,US,Tennessee,Bedford,785,10,0,35.51123746,-86.45549096,47003.0,1579.0638263633255,1.2738853503184713,775,780,10,0,770,763,49038,5,0,0,5,17
2020-07-28,US,Tennessee,Benton,53,1,0,36.07110411,-88.06849355,47005.0,327.970297029703,1.8867924528301887,52,50,1,0,49,47,16184,3,0,0,3,3
2020-07-28,US,Tennessee,Bledsoe,653,1,0,35.59942968,-85.20611967,47007.0,4334.838024429103,0.15313935681470134,652,649,1,0,648,648,14755,4,0,0,4,1
2020-07-28,US,Tennessee,Blount,915,7,0,35.68938198,-83.92847788,47009.0,687.5150276508776,0.7650273224043715,908,850,7,0,843,784,131349,65,0,0,65,66
2020-07-28,US,Tennessee,Bradley,1525,10,0,35.15739424,-84.857186,47011.0,1410.6003144944964,0.6557377049180327,1515,1492,10,0,1482,1449,106727,33,0,0,33,43
2020-07-28,US,Tennessee,Campbell,152,1,0,36.40355516,-84.15108559999999,47013.0,381.5069524622258,0.6578947368421053,151,148,1,0,147,144,39583,4,0,0,4,4
2020-07-28,US,Tennessee,Cannon,102,0,0,35.80990797,-86.05738983,47015.0,694.9175637007768,0.0,102,98,0,0,98,90,14462,4,0,0,4,8
2020-07-28,US,Tennessee,Carroll,151,2,0,35.97366108,-88.45189331,47017.0,543.810998667483,1.3245033112582782,149,139,2,0,137,128,28020,12,0,0,12,11
2020-07-28,US,Tennessee,Carter,322,4,0,36.28969086,-82.12588974,47019.0,571.0131049280914,1.2422360248447204,318,318,4,0,314,301,56351,4,0,0,4,17
2020-07-28,US,Tennessee,Cheatham,459,4,0,36.26136216,-87.08903581,47021.0,1128.6792731207122,0.8714596949891068,455,453,4,0,449,446,40439,6,0,0,6,7
2020-07-28,US,Tennessee,Chester,165,0,0,35.42527478,-88.6095842,47023.0,953.9226455454705,0.0,165,155,0,0,155,146,17276,10,0,0,10,9
2020-07-28,US,Tennessee,Claiborne,169,0,0,36.48319149,-83.65947309,47025.0,528.8025282393066,0.0,169,163,0,0,163,157,31756,6,0,0,6,6
2020-07-28,US,Tennessee,Clay,48,0,0,36.55151008,-85.53930419,47027.0,630.3348653972423,0.0,48,46,0,0,46,41,7717,2,0,0,2,5
2020-07-28,US,Tennessee,Cocke,325,1,0,35.9278914,-83.11828725,47029.0,902.6774802799687,0.3076923076923077,324,302,1,0,301,289,35774,23,0,0,23,13
2020-07-28,US,Tennessee,Coffee,318,0,0,35.49090731,-86.07311784,47031.0,562.6326963906582,0.0,318,309,0,0,309,291,55700,9,0,0,9,18
2020-07-28,US,Tennessee,Crockett,172,3,0,35.81830662,-89.14916269,47033.0,1208.7139845397048,1.7441860465116281,169,162,3,0,159,150,14328,10,0,0,10,12
2020-07-28,US,Tennessee,Cumberland,337,6,0,35.95271721,-84.99840585,47035.0,556.8407138136154,1.7804154302670625,331,325,6,0,319,300,59673,12,0,0,12,25
2020-07-28,US,Tennessee,Davidson,18377,194,0,36.17007426,-86.78646056,47037.0,2647.4333855799373,1.055667410349894,18183,18136,188,0,17948,17836,692587,241,6,0,235,300
2020-07-28,US,Tennessee,DeKalb,265,1,0,35.97616272,-85.83689361,47041.0,1293.313811615422,0.37735849056603776,264,255,1,0,254,204,20138,10,0,0,10,51
2020-07-28,US,Tennessee,Decatur,117,0,0,35.60048904,-88.11043779,47039.0,1003.1724256194805,0.0,117,105,0,0,105,94,11706,12,0,0,12,11
2020-07-28,US,Tennessee,Dickson,510,1,0,36.14669837,-87.35891709,47043.0,945.3547860903093,0.19607843137254904,509,499,1,0,498,491,53446,11,0,0,11,8
2020-07-28,US,Tennessee,Dyer,457,5,0,36.05931946,-89.41542855,47045.0,1229.8501036088162,1.0940919037199124,452,446,5,0,441,436,37320,11,0,0,11,10
2020-07-28,US,Tennessee,Fayette,567,8,0,35.19615831,-89.41399032,47047.0,1378.4552549048208,1.4109347442680775,559,541,8,0,533,525,40507,26,0,0,26,16
2020-07-28,US,Tennessee,Fentress,61,0,0,36.38128818,-84.92870012,47049.0,329.3203044863144,0.0,61,56,0,0,56,50,18217,5,0,0,5,6
2020-07-28,US,Tennessee,Franklin,218,3,0,35.15634626,-86.09201039,47051.0,516.4897649734646,1.3761467889908257,215,213,3,0,210,203,41890,5,0,0,5,10
2020-07-28,US,Tennessee,Gibson,465,1,0,35.99438059,-88.93358327,47053.0,946.4107626238983,0.21505376344086025,464,438,1,0,437,409,49045,27,0,0,27,29
2020-07-28,US,Tennessee,Giles,299,7,0,35.20222469,-87.03992678,47055.0,1014.797719250611,2.34113712374582,292,273,5,0,268,268,29503,26,2,0,24,5
2020-07-28,US,Tennessee,Grainger,131,0,0,36.27469206,-83.51254721,47057.0,561.7495711835335,0.0,131,115,0,0,115,101,23145,16,0,0,16,14
2020-07-28,US,Tennessee,Greene,300,5,0,36.17470125,-82.84691273,47059.0,434.3482604352169,1.6666666666666667,295,295,5,0,290,284,69087,5,0,0,5,11
2020-07-28,US,Tennessee,Grundy,89,2,0,35.38433717,-85.72142731,47061.0,662.8435242421987,2.247191011235955,87,87,2,0,85,85,13346,2,0,0,2,2
2020-07-28,US,Tennessee,Hamblen,1061,10,0,36.21990035,-83.26586179,47063.0,1633.9667970554715,0.9425070688030159,1051,1008,10,0,998,883,64569,53,0,0,53,125
2020-07-28,US,Tennessee,Hamilton,5253,44,0,35.17670231,-85.16652245,47065.0,1428.2063272830096,0.8376166000380735,5209,5158,44,0,5114,5055,364286,95,0,0,95,103
2020-07-28,US,Tennessee,Hancock,69,0,0,36.52692871,-83.22375847,47067.0,1042.296072507553,0.0,69,68,0,0,68,64,6549,1,0,0,1,4
2020-07-28,US,Tennessee,Hardeman,726,11,0,35.20772017,-88.99161161,47069.0,2898.2035928143714,1.5151515151515151,715,704,11,0,693,670,25220,22,0,0,22,34
2020-07-28,US,Tennessee,Hardin,344,7,0,35.19732531,-88.18593755,47071.0,1341.0260408545146,2.0348837209302326,337,336,7,0,329,299,25776,8,0,0,8,37
2020-07-28,US,Tennessee,Hawkins,242,2,0,36.44355426,-82.94885298,47073.0,426.1613778043883,0.8264462809917356,240,224,2,0,222,211,56530,18,0,0,18,13
2020-07-28,US,Tennessee,Haywood,319,4,0,35.58332824,-89.28536625,47075.0,1843.5043920480814,1.2539184952978055,315,294,4,0,290,260,17335,25,0,0,25,34
2020-07-28,US,Tennessee,Henderson,349,0,0,35.65581134,-88.38600175,47077.0,1241.241953266707,0.0,349,320,0,0,320,313,27847,29,0,0,29,7
2020-07-28,US,Tennessee,Henry,121,1,0,36.33160906,-88.30121797,47079.0,374.09182253825935,0.8264462809917356,120,115,1,0,114,106,32358,6,0,0,6,9
2020-07-28,US,Tennessee,Hickman,185,0,0,35.80609681,-87.47643507,47081.0,734.768448645643,0.0,185,181,0,0,181,173,25063,4,0,0,4,8
2020-07-28,US,Tennessee,Houston,42,0,0,36.28872054,-87.71878828,47083.0,512.1326667479576,0.0,42,42,0,0,42,41,8263,0,0,0,0,1
2020-07-28,US,Tennessee,Humphreys,83,3,0,36.03958805,-87.77992872,47085.0,446.6688192874825,3.614457831325301,80,77,3,0,74,73,18486,6,0,0,6,4
2020-07-28,US,Tennessee,Jackson,99,0,0,36.36380466,-85.67239905,47087.0,839.9796368572883,0.0,99,97,0,0,97,97,11758,2,0,0,2,0
2020-07-28,US,Tennessee,Jefferson,420,2,0,36.04818632,-83.45148924,47089.0,770.712909441233,0.4761904761904762,418,392,2,0,390,363,54012,28,0,0,28,29
2020-07-28,US,Tennessee,Johnson,72,0,0,36.45523950000001,-81.84886538,47091.0,404.76725882617495,0.0,72,70,0,0,70,63,17778,2,0,0,2,7
2020-07-28,US,Tennessee,Knox,3337,27,0,35.99508821,-83.94635435,47093.0,709.5274848877237,0.8091099790230746,3310,3240,26,0,3214,3100,465289,97,1,0,96,140
2020-07-28,US,Tennessee,Lake,721,0,0,36.34180170000001,-89.48921915,47095.0,10276.510832383125,0.0,721,716,0,0,716,710,7411,5,0,0,5,6
2020-07-28,US,Tennessee,Lauderdale,364,6,0,35.75893438,-89.63015909999999,47097.0,1420.0444739203372,1.6483516483516485,358,345,6,0,339,327,25825,19,0,0,19,18
2020-07-28,US,Tennessee,Lawrence,404,6,0,35.21675201,-87.39787695,47099.0,915.2281274070046,1.4851485148514851,398,388,6,0,382,375,43734,16,0,0,16,13
2020-07-28,US,Tennessee,Lewis,37,1,0,35.52853208,-87.49022694,47101.0,301.59765242908384,2.702702702702702,36,34,1,0,33,33,12086,3,0,0,3,1
2020-07-28,US,Tennessee,Lincoln,208,1,0,35.13738622,-86.58910106,47103.0,605.2493743816563,0.4807692307692308,207,197,1,0,196,186,34117,11,0,0,11,11
2020-07-28,US,Tennessee,Loudon,560,3,0,35.73939663,-84.31145275,47105.0,1035.732780942517,0.5357142857142857,557,544,3,0,541,515,53054,16,0,0,16,29
2020-07-28,US,Tennessee,Macon,789,13,0,36.53157855,-86.00778595,47111.0,3207.0563368831804,1.6476552598225602,776,770,12,0,758,762,24265,19,1,0,18,8
2020-07-28,US,Tennessee,Madison,677,10,0,35.61181957,-88.84076036,47113.0,690.9291312867407,1.4771048744460855,667,636,10,0,626,611,97605,41,0,0,41,25
2020-07-28,US,Tennessee,Marion,184,4,0,35.12997174,-85.62265895,47115.0,636.5240253225862,2.1739130434782608,180,175,4,0,171,172,28575,9,0,0,9,3
2020-07-28,US,Tennessee,Marshall,221,2,0,35.45798777,-86.76420988,47117.0,642.9090909090909,0.9049773755656108,219,218,2,0,216,209,33683,3,0,0,3,9
2020-07-28,US,Tennessee,Maury,933,4,0,35.618741299999996,-87.07462444,47119.0,967.9728594105014,0.4287245444801715,929,904,4,0,900,881,94340,29,0,0,29,23
2020-07-28,US,Tennessee,McMinn,438,20,0,35.42812616,-84.61520715,47107.0,814.2171989441201,4.5662100456621015,418,430,20,0,410,423,53285,8,0,0,8,7
2020-07-28,US,Tennessee,McNairy,259,2,0,35.17468549,-88.5647812,47109.0,1008.0174359772708,0.7722007722007722,257,247,2,0,245,235,25832,12,0,0,12,12
2020-07-28,US,Tennessee,Meigs,83,0,0,35.51558739,-84.81482914,47121.0,668.1693769119305,0.0,83,81,0,0,81,76,12306,2,0,0,2,5
2020-07-28,US,Tennessee,Monroe,289,9,0,35.44550387,-84.24902965,47123.0,620.9045010205177,3.1141868512110733,280,271,7,0,264,257,46357,18,2,0,16,14
2020-07-28,US,Tennessee,Montgomery,1482,9,0,36.49609412,-87.38550661,47125.0,709.1146593426573,0.6072874493927125,1473,1455,9,0,1446,1439,205950,27,0,0,27,16
2020-07-28,US,Tennessee,Moore,36,0,0,35.27724699,-86.36230578,47127.0,554.8705302096179,0.0,36,37,0,0,37,36,6411,-1,0,0,-1,1
2020-07-28,US,Tennessee,Morgan,62,1,0,36.13248031,-84.64880098,47129.0,289.6790169602392,1.6129032258064515,61,59,1,0,58,55,21579,3,0,0,3,4
2020-07-28,US,Tennessee,Obion,316,4,0,36.35732446,-89.14921589,47131.0,1050.9162260135022,1.2658227848101269,312,294,4,0,290,276,30267,22,0,0,22,18
2020-07-28,US,Tennessee,Out of TN,2741,11,0,0.0,0.0,80047.0,0.0,0.4013133892739876,2730,2631,13,0,2618,2625,,110,-2,0,112,6
2020-07-28,US,Tennessee,Overton,116,1,0,36.34117832,-85.28989535,47133.0,521.5592824063666,0.8620689655172413,115,111,1,0,110,107,22068,5,0,0,5,4
2020-07-28,US,Tennessee,Perry,61,0,0,35.63708728,-87.86139634,47135.0,755.3244180287271,0.0,61,60,0,0,60,60,8064,1,0,0,1,0
2020-07-28,US,Tennessee,Pickett,22,1,0,36.55606529,-85.07763299999998,47137.0,435.8161648177496,4.545454545454546,21,19,1,0,18,18,5082,3,0,0,3,1
2020-07-28,US,Tennessee,Polk,116,0,0,35.12245443,-84.52075859,47139.0,689.1634980988592,0.0,116,110,0,0,110,105,16898,6,0,0,6,5
2020-07-28,US,Tennessee,Putnam,1458,13,0,36.14005459,-85.50646123,47141.0,1816.9356346189795,0.8916323731138546,1445,1427,11,0,1416,1361,78843,31,2,0,29,66
2020-07-28,US,Tennessee,Rhea,452,1,0,35.60536161,-84.93076643,47143.0,1362.8003738655893,0.22123893805309736,451,450,1,0,449,444,33044,2,0,0,2,6
2020-07-28,US,Tennessee,Roane,273,1,0,35.84923189,-84.52458689,47145.0,511.40833988985054,0.3663003663003663,272,249,1,0,248,230,53140,24,0,0,24,19
2020-07-28,US,Tennessee,Robertson,1315,16,0,36.52454807,-86.87346725,47147.0,1831.144778800496,1.2167300380228137,1299,1296,16,0,1280,1278,71012,19,0,0,19,18
2020-07-28,US,Tennessee,Rutherford,5579,48,0,35.84591405,-86.4107263,47149.0,1678.980393337045,0.8603692417996056,5531,5514,48,0,5466,5389,324890,65,0,0,65,125
2020-07-28,US,Tennessee,Scott,67,0,0,36.42325673,-84.50360494,47151.0,303.60703280768536,0.0,67,57,0,0,57,50,22039,10,0,0,10,7
2020-07-28,US,Tennessee,Sequatchie,86,0,0,35.36979721,-85.41022136,47153.0,572.3412751231199,0.0,86,83,0,0,83,79,14876,3,0,0,3,4
2020-07-28,US,Tennessee,Sevier,1497,5,0,35.78077323,-83.52244332,47155.0,1523.6641221374045,0.33400133600534404,1492,1401,4,0,1397,1357,97892,96,1,0,95,44
2020-07-28,US,Tennessee,Shelby,19245,269,0,35.1864775,-89.89692423,47157.0,2053.531604859758,1.3977656534164715,18976,18654,264,0,18390,18331,935764,591,5,0,586,323
2020-07-28,US,Tennessee,Smith,310,2,0,36.25359775,-85.95411046,47159.0,1537.9272709232525,0.6451612903225806,308,294,2,0,292,285,19942,16,0,0,16,9
2020-07-28,US,Tennessee,Stewart,60,0,0,36.50235092,-87.83920548,47161.0,437.47721472839964,0.0,60,59,0,0,59,58,13561,1,0,0,1,1
2020-07-28,US,Tennessee,Sullivan,630,7,0,36.51240691,-82.30412917,47163.0,397.8578826382398,1.1111111111111112,623,598,6,0,592,585,157668,32,1,0,31,13
2020-07-28,US,Tennessee,Sumner,2962,68,0,36.46824103,-86.45917204,47165.0,1548.4909793342847,2.2957461174881835,2894,2925,68,0,2857,2889,187149,37,0,0,37,36
2020-07-28,US,Tennessee,Tipton,1000,8,0,35.501942,-89.73694895,47167.0,1623.4029773210605,0.8,992,966,8,0,958,931,61581,34,0,0,34,35
2020-07-28,US,Tennessee,Trousdale,1565,6,0,36.39026213,-86.16087954,47169.0,13869.195320808225,0.38338658146964855,1559,1561,6,0,1555,1559,11012,4,0,0,4,2
2020-07-28,US,Tennessee,Unassigned,2925,3,0,0.0,0.0,90047.0,0.0,0.10256410256410256,2922,2907,3,0,2904,2847,,18,0,0,18,60
2020-07-28,US,Tennessee,Unicoi,110,0,0,36.10890856,-82.43709629,47171.0,615.1093217021752,0.0,110,108,0,0,108,98,17761,2,0,0,2,10
2020-07-28,US,Tennessee,Union,93,0,0,36.28590426,-83.83651902,47173.0,465.6519126777488,0.0,93,84,0,0,84,77,19688,9,0,0,9,7
2020-07-28,US,Tennessee,Van Buren,28,0,0,35.69864497,-85.45221699,47175.0,476.8392370572207,0.0,28,26,0,0,26,22,5765,2,0,0,2,4
2020-07-28,US,Tennessee,Warren,332,3,0,35.672829899999996,-85.77969117,47177.0,804.3220195266127,0.9036144578313252,329,317,3,0,314,293,40878,15,0,0,15,24
2020-07-28,US,Tennessee,Washington,786,2,0,36.29472368,-82.49454720000001,47179.0,607.536231884058,0.2544529262086514,784,750,0,0,750,694,128607,36,2,0,34,56
2020-07-28,US,Tennessee,Wayne,186,1,0,35.23868267,-87.78644456,47181.0,1115.576081089186,0.5376344086021505,185,186,1,0,185,183,16558,0,0,0,0,3
2020-07-28,US,Tennessee,Weakley,177,2,0,36.29896232,-88.71990865,47183.0,531.0849735957753,1.1299435028248588,175,165,2,0,163,149,33415,12,0,0,12,16
2020-07-28,US,Tennessee,White,172,3,0,35.92929884,-85.45591799,47185.0,628.9998171512159,1.7441860465116281,169,168,3,0,165,157,27107,4,0,0,4,11
2020-07-28,US,Tennessee,Williamson,2986,21,0,35.89099229,-86.89281867,47187.0,1252.453735550224,0.7032819825853985,2965,2943,21,0,2922,2896,231729,43,0,0,43,47
2020-07-28,US,Tennessee,Wilson,1902,20,0,36.15496772,-86.29775884,47189.0,1314.8344013770509,1.0515247108307044,1882,1876,20,0,1856,1840,140625,26,0,0,26,36
2020-07-28,US,Texas,Anderson,2162,8,0,31.81534745,-95.65354823,48001.0,3744.695591928639,0.3700277520814061,2154,2142,8,0,2134,2140,58057,20,0,0,20,2
2020-07-28,US,Texas,Andrews,232,5,0,32.30468633,-102.63765479999999,48003.0,1240.3100775193798,2.155172413793104,227,228,5,0,223,225,18128,4,0,0,4,3
2020-07-28,US,Texas,Angelina,1487,31,0,31.25457347,-94.60901487,48005.0,1714.8128928097794,2.0847343644922662,1456,1405,30,0,1375,1405,87092,82,1,0,81,0
2020-07-28,US,Texas,Aransas,135,7,0,28.10556197,-96.9995047,48007.0,574.2237345810294,5.185185185185184,128,131,6,0,125,126,23792,4,1,0,3,5
2020-07-28,US,Texas,Archer,15,0,0,33.61569967,-98.68754589,48009.0,175.377060680463,0.0,15,15,0,0,15,15,8786,0,0,0,0,0
2020-07-28,US,Texas,Armstrong,5,0,0,34.96507426,-101.35748740000001,48011.0,264.9708532061473,0.0,5,4,0,0,4,4,1892,1,0,0,1,0
2020-07-28,US,Texas,Atascosa,396,11,0,28.89333001,-98.52730485,48013.0,774.1481438038825,2.7777777777777777,385,393,11,0,382,393,50310,3,0,0,3,0
2020-07-28,US,Texas,Austin,202,5,0,29.88548725,-96.27736949,48015.0,672.6158763985082,2.4752475247524752,197,193,4,0,189,182,29989,9,1,0,8,11
2020-07-28,US,Texas,Bailey,141,3,0,34.06854817,-102.8299707,48017.0,2014.2857142857144,2.127659574468085,138,132,3,0,129,132,7027,9,0,0,9,0
2020-07-28,US,Texas,Bandera,78,1,0,29.74619598,-99.24598147,48019.0,337.4870197300104,1.2820512820512822,77,71,1,0,70,71,22824,7,0,0,7,0
2020-07-28,US,Texas,Bastrop,1269,17,0,30.10370699,-97.31206354,48021.0,1430.2942867125766,1.3396375098502755,1252,1195,17,0,1178,1190,86976,74,0,0,74,5
2020-07-28,US,Texas,Baylor,5,0,0,33.61640794,-99.21352901,48023.0,142.4907381020234,0.0,5,5,0,0,5,5,3582,0,0,0,0,0
2020-07-28,US,Texas,Bee,417,7,0,28.41761668,-97.74215593,48025.0,1280.5158912943346,1.6786570743405276,410,399,6,0,393,400,32587,18,1,0,17,-1
2020-07-28,US,Texas,Bell,3142,26,0,31.03736027,-97.4785025,48027.0,865.7459964069612,0.8274984086569064,3116,3078,25,0,3053,2990,355642,64,1,0,63,88
2020-07-28,US,Texas,Bexar,36438,497,0,29.44928723,-98.52019748,48029.0,1818.6682265614004,1.363960700367748,35941,36438,480,0,35958,35690,1986049,0,17,0,-17,748
2020-07-28,US,Texas,Blanco,91,2,0,30.26640707,-98.3999852,48031.0,762.7189673958595,2.1978021978021984,89,85,2,0,83,85,11702,6,0,0,6,0
2020-07-28,US,Texas,Bosque,108,2,0,31.89978581,-97.63613524,48035.0,578.003746320578,1.851851851851852,106,103,1,0,102,103,18691,5,1,0,4,0
2020-07-28,US,Texas,Bowie,690,29,0,33.44626922,-94.41834132,48037.0,739.9860582336853,4.202898550724638,661,681,27,0,654,679,94324,9,2,0,7,2
2020-07-28,US,Texas,Brazoria,5896,52,0,29.18757369,-95.44563172,48039.0,1575.3585704208795,0.8819538670284939,5844,5573,50,0,5523,5443,370200,323,2,0,321,130
2020-07-28,US,Texas,Brazos,3747,40,0,30.663644800000004,-96.30205577,48041.0,1634.738297900188,1.0675206832132371,3707,3724,40,0,3684,3688,226758,23,0,0,23,36
2020-07-28,US,Texas,Brewster,177,2,0,29.81008251,-103.25203259999999,48043.0,1923.285885037488,1.1299435028248588,175,176,2,0,174,176,9267,1,0,0,1,0
2020-07-28,US,Texas,Briscoe,11,1,0,34.53026962,-101.2084947,48045.0,711.5135834411383,9.090909090909092,10,10,1,0,9,10,1516,1,0,0,1,0
2020-07-28,US,Texas,Brooks,79,1,0,27.03103197,-98.21808402,48047.0,1113.774143521782,1.2658227848101269,78,77,1,0,76,76,7114,2,0,0,2,1
2020-07-28,US,Texas,Brown,331,13,0,31.77430356,-98.99907113,48049.0,874.1812803718573,3.9274924471299095,318,311,13,0,298,311,37924,20,0,0,20,0
2020-07-28,US,Texas,Burleson,226,5,0,30.49273808,-96.62158484,48051.0,1225.3971696578647,2.2123893805309733,221,219,4,0,215,217,18389,7,1,0,6,2
2020-07-28,US,Texas,Burnet,524,10,0,30.78801353,-98.181887,48053.0,1088.152839788184,1.9083969465648856,514,507,10,0,497,397,47542,17,0,0,17,110
2020-07-28,US,Texas,Caldwell,1043,19,0,29.83668859,-97.61814775,48055.0,2388.6954928545256,1.8216682646212847,1024,999,19,0,980,997,43247,44,0,0,44,2
2020-07-28,US,Texas,Calhoun,432,2,0,28.47048236,-96.61633945,48057.0,2029.1216533583845,0.462962962962963,430,393,2,0,391,393,21561,39,0,0,39,0
2020-07-28,US,Texas,Callahan,38,3,0,32.29760619,-99.37326312,48059.0,272.5381912070573,7.894736842105262,35,38,3,0,35,38,13994,0,0,0,0,0
2020-07-28,US,Texas,Cameron,8201,276,0,26.14524221,-97.48140372,48061.0,1938.0238820501795,3.3654432386294357,7925,7827,272,0,7555,7827,423908,374,4,0,370,0
2020-07-28,US,Texas,Camp,191,4,0,32.97195142,-94.97790104,48063.0,1458.6833664273713,2.094240837696335,187,189,4,0,185,188,13033,2,0,0,2,1
2020-07-28,US,Texas,Carson,11,0,0,35.40365929,-101.35426690000001,48065.0,185.6226797165036,0.0,11,10,0,0,10,10,6005,1,0,0,1,0
2020-07-28,US,Texas,Cass,140,5,0,33.07499881,-94.34646905,48067.0,466.26257243722114,3.571428571428572,135,136,4,0,132,135,30119,4,1,0,3,1
2020-07-28,US,Texas,Castro,160,2,0,34.53016752,-102.2617243,48069.0,2124.8339973439574,1.25,158,147,2,0,145,147,7665,13,0,0,13,0
2020-07-28,US,Texas,Chambers,832,2,0,29.70972016,-94.67154501,48071.0,1897.9400962657119,0.2403846153846154,830,812,2,0,810,812,42454,20,0,0,20,0
2020-07-28,US,Texas,Cherokee,665,4,0,31.837258000000002,-95.16559897,48073.0,1263.1538958325418,0.6015037593984962,661,655,4,0,651,647,52592,10,0,0,10,8
2020-07-28,US,Texas,Childress,27,0,0,34.529304100000004,-100.2077916,48075.0,369.55926635641936,0.0,27,20,0,0,20,20,7291,7,0,0,7,0
2020-07-28,US,Texas,Clay,26,1,0,33.78686685,-98.20771198,48077.0,248.30484194441792,3.8461538461538463,25,25,1,0,24,25,10456,1,0,0,1,0
2020-07-28,US,Texas,Cochran,14,0,0,33.60425307,-102.82844990000001,48079.0,490.7115317209954,0.0,14,11,0,0,11,11,2836,3,0,0,3,0
2020-07-28,US,Texas,Coke,35,1,0,31.88911733,-100.5297533,48081.0,1033.3628579864187,2.8571428571428568,34,32,1,0,31,32,3370,3,0,0,3,0
2020-07-28,US,Texas,Coleman,10,0,0,31.76736834,-99.45240766,48083.0,122.32415902140673,0.0,10,9,0,0,9,9,8397,1,0,0,1,0
2020-07-28,US,Texas,Collin,5938,67,0,33.18820114,-96.57264368,48085.0,573.8695118533337,1.1283260357022566,5871,5789,65,0,5724,5762,1005146,149,2,0,147,27
2020-07-28,US,Texas,Collingsworth,6,0,0,34.96489496,-100.27001109999999,48087.0,205.4794520547945,0.0,6,6,0,0,6,6,2962,0,0,0,0,0
2020-07-28,US,Texas,Colorado,237,1,0,29.622097999999998,-96.5273805,48089.0,1102.6845949844137,0.4219409282700422,236,233,1,0,232,225,21217,4,0,0,4,8
2020-07-28,US,Texas,Comal,1602,55,0,29.80811278,-98.27647225,48091.0,1025.549104084912,3.4332084893882646,1547,1539,54,0,1485,1539,148373,63,1,0,62,0
2020-07-28,US,Texas,Comanche,223,3,0,31.94854689,-98.55876441,48093.0,1635.4968830216355,1.345291479820628,220,204,3,0,201,204,13534,19,0,0,19,0
2020-07-28,US,Texas,Concho,23,1,0,31.32635934,-99.86473038,48095.0,843.7270726338958,4.3478260869565215,22,22,1,0,21,22,4276,1,0,0,1,0
2020-07-28,US,Texas,Cooke,182,3,0,33.63979567,-97.21240912,48097.0,441.13726155561477,1.6483516483516485,179,172,3,0,169,172,40574,10,0,0,10,0
2020-07-28,US,Texas,Coryell,575,5,0,31.39078397,-97.79936155,48099.0,757.0670563916209,0.8695652173913043,570,569,5,0,564,553,74808,6,0,0,6,16
2020-07-28,US,Texas,Cottle,9,2,0,34.07783319,-100.27850620000001,48101.0,643.7768240343347,22.222222222222218,7,7,2,0,5,7,1389,2,0,0,2,0
2020-07-28,US,Texas,Crane,66,2,0,31.43052248,-102.5143314,48103.0,1375.8599124452787,3.0303030303030303,64,65,2,0,63,65,4794,1,0,0,1,0
2020-07-28,US,Texas,Crockett,140,2,0,30.72367027,-101.4134238,48105.0,4041.570438799076,1.4285714285714286,138,135,2,0,133,135,3499,5,0,0,5,0
2020-07-28,US,Texas,Crosby,51,2,0,33.61431553,-101.30003640000001,48107.0,888.9663587240718,3.92156862745098,49,46,2,0,44,46,5779,5,0,0,5,0
2020-07-28,US,Texas,Culberson,15,2,0,31.44506775,-104.5185739,48109.0,690.9258406264395,13.333333333333336,13,14,2,0,12,14,2204,1,0,0,1,0
2020-07-28,US,Texas,Dallam,173,5,0,36.27787176,-102.60207249999999,48111.0,2374.090846713325,2.8901734104046244,168,173,5,0,168,173,7200,0,0,0,0,0
2020-07-28,US,Texas,Dallas,48028,622,0,32.76670599,-96.77796049999999,48113.0,1822.337637107876,1.2950778712417756,47406,47239,607,0,46632,46813,2637772,789,15,0,774,426
2020-07-28,US,Texas,Dawson,127,4,0,32.74255572,-101.94772420000001,48115.0,997.8001257071023,3.1496062992125986,123,122,4,0,118,122,12619,5,0,0,5,0
2020-07-28,US,Texas,DeWitt,502,12,0,29.08101855,-97.35681170000001,48123.0,2490.079365079365,2.3904382470119523,490,502,11,0,491,501,20187,0,1,0,-1,1
2020-07-28,US,Texas,Deaf Smith,519,16,0,34.96522957,-102.6054267,48117.0,2798.4471044969264,3.0828516377649327,503,510,15,0,495,510,18760,9,1,0,8,0
2020-07-28,US,Texas,Delta,12,0,0,33.38570922,-95.66921122,48119.0,225.09848058525608,0.0,12,12,0,0,12,12,5349,0,0,0,0,0
2020-07-28,US,Texas,Denton,6208,71,0,33.20521901,-97.11691153,48121.0,699.7239652076686,1.1436855670103092,6137,6121,67,0,6054,6043,859064,87,4,0,83,78
2020-07-28,US,Texas,Dickens,4,1,0,33.61616822,-100.7788855,48125.0,180.91361374943463,25.0,3,4,1,0,3,4,2249,0,0,0,0,0
2020-07-28,US,Texas,Dimmit,98,0,0,28.42270064,-99.75645095,48127.0,967.9968391939944,0.0,98,87,0,0,87,87,10308,11,0,0,11,0
2020-07-28,US,Texas,Donley,42,0,0,34.96517499,-100.8140093,48129.0,1281.269066503966,0.0,42,38,0,0,38,38,3319,4,0,0,4,0
2020-07-28,US,Texas,Duval,143,1,0,27.68184592,-98.50864568,48131.0,1281.7065519404855,0.6993006993006993,142,129,1,0,128,128,11212,14,0,0,14,1
2020-07-28,US,Texas,Eastland,41,1,0,32.32743996,-98.83243566,48133.0,223.31154684095856,2.4390243902439024,40,39,1,0,38,39,18322,2,0,0,2,0
2020-07-28,US,Texas,Ector,3138,42,0,31.86898877,-102.54294279999999,48135.0,1887.8253911913519,1.338432122370937,3096,3095,42,0,3053,2819,162124,43,0,0,43,276
2020-07-28,US,Texas,Edwards,22,0,0,29.98202582,-100.304252,48137.0,1138.7163561076604,0.0,22,22,0,0,22,22,1928,0,0,0,0,0
2020-07-28,US,Texas,El Paso,13552,220,0,31.76980765,-106.23632749999999,48141.0,1614.7981859734664,1.6233766233766234,13332,13240,216,0,13024,13240,840758,312,4,0,308,0
2020-07-28,US,Texas,Ellis,2332,33,0,32.34894117,-96.79371841,48139.0,1261.7272461666648,1.4150943396226414,2299,2268,32,0,2236,2268,179436,64,1,0,63,0
2020-07-28,US,Texas,Erath,389,4,0,32.23602653,-98.21773417,48143.0,911.0496978781207,1.0282776349614395,385,371,4,0,367,371,42446,18,0,0,18,0
2020-07-28,US,Texas,Falls,106,1,0,31.25350609,-96.93630086,48145.0,612.8230328958779,0.9433962264150944,105,103,1,0,102,103,17335,3,0,0,3,0
2020-07-28,US,Texas,Fannin,196,7,0,33.59564294,-96.10751083,48147.0,551.8950273131721,3.571428571428572,189,186,7,0,179,186,35286,10,0,0,10,0
2020-07-28,US,Texas,Fayette,357,13,0,29.87788372,-96.92076062,48149.0,1408.5062731792002,3.641456582633053,344,346,12,0,334,334,25349,11,1,0,10,12
2020-07-28,US,Texas,Fisher,23,1,0,32.74281316,-100.40193020000001,48151.0,600.5221932114882,4.3478260869565215,22,23,1,0,22,23,3839,0,0,0,0,0
2020-07-28,US,Texas,Floyd,73,4,0,34.07227468,-101.3031546,48153.0,1278.0112044817927,5.479452054794519,69,65,4,0,61,65,5837,8,0,0,8,0
2020-07-28,US,Texas,Foard,2,0,0,33.97308618,-99.7767797,48155.0,173.16017316017312,0.0,2,2,0,0,2,2,1200,0,0,0,0,0
2020-07-28,US,Texas,Fort Bend,6772,126,0,29.52704478,-95.77219463,48157.0,834.3107203753166,1.860602480803308,6646,6679,90,0,6589,6530,787858,93,36,0,57,149
2020-07-28,US,Texas,Franklin,79,1,0,33.17653242,-95.21917243,48159.0,736.5967365967366,1.2658227848101269,78,78,1,0,77,78,10766,1,0,0,1,0
2020-07-28,US,Texas,Freestone,135,0,0,31.70422788,-96.15072516,48161.0,684.6883400111577,0.0,135,129,0,0,129,129,19808,6,0,0,6,0
2020-07-28,US,Texas,Frio,432,5,0,28.86751206,-99.10804207,48163.0,2127.4500147739586,1.1574074074074074,427,425,5,0,420,425,19816,7,0,0,7,0
2020-07-28,US,Texas,Gaines,99,0,0,32.74055318,-102.6353295,48165.0,460.6365159128977,0.0,99,86,0,0,86,86,20901,13,0,0,13,0
2020-07-28,US,Texas,Galveston,8367,90,0,29.40167322,-94.90469073,48167.0,2445.497297881855,1.0756543564001435,8277,8205,73,0,8132,8046,337890,162,17,0,145,159
2020-07-28,US,Texas,Garza,94,1,0,33.17969345,-101.2984114,48169.0,1509.0704768020548,1.0638297872340423,93,94,1,0,93,94,6578,0,0,0,0,0
2020-07-28,US,Texas,Gillespie,165,2,0,30.31824095,-98.94676915,48171.0,611.3828368163628,1.2121212121212122,163,156,2,0,154,156,26804,9,0,0,9,0
2020-07-28,US,Texas,Glasscock,6,0,0,31.86942909,-101.5207776,48173.0,425.83392476934,0.0,6,6,0,0,6,6,1388,0,0,0,0,0
2020-07-28,US,Texas,Goliad,69,2,0,28.65696592,-97.42760647,48175.0,901.0185427004441,2.898550724637681,67,68,1,0,67,68,7584,1,1,0,0,0
2020-07-28,US,Texas,Gonzales,598,8,0,29.45634206,-97.49424032,48177.0,2869.894898497864,1.3377926421404682,590,569,8,0,561,569,20826,29,0,0,29,0
2020-07-28,US,Texas,Gray,157,3,0,35.40081878,-100.8129222,48179.0,717.3535593530113,1.9108280254777068,154,150,3,0,147,150,21895,7,0,0,7,0
2020-07-28,US,Texas,Grayson,939,10,0,33.62744998,-96.67753461,48181.0,689.3665756321028,1.064962726304579,929,923,10,0,913,923,133991,16,0,0,16,0
2020-07-28,US,Texas,Gregg,1250,20,0,32.47940482,-94.81591935,48183.0,1008.5118399290008,1.6,1230,1195,19,0,1176,1195,123707,55,1,0,54,0
2020-07-28,US,Texas,Grimes,824,18,0,30.54579585,-95.98902499,48185.0,2853.185595567867,2.184466019417476,806,804,18,0,786,800,28360,20,0,0,20,4
2020-07-28,US,Texas,Guadalupe,1542,34,0,29.58165339,-97.94786822,48187.0,924.200015583139,2.2049286640726335,1508,1519,33,0,1486,1519,163694,23,1,0,22,0
2020-07-28,US,Texas,Hale,1103,20,0,34.07044901,-101.82681140000001,48189.0,3301.802071484165,1.813236627379873,1083,1085,20,0,1065,1085,33830,18,0,0,18,0
2020-07-28,US,Texas,Hall,7,1,0,34.5307555,-100.68138520000001,48191.0,236.1673414304993,14.285714285714285,6,6,1,0,5,6,3028,1,0,0,1,0
2020-07-28,US,Texas,Hamilton,54,1,0,31.70470573,-98.11083887,48193.0,638.2224323366032,1.851851851851852,53,54,1,0,53,53,8484,0,0,0,0,1
2020-07-28,US,Texas,Hansford,49,2,0,36.27743284,-101.3545796,48195.0,907.575476940174,4.081632653061225,47,47,2,0,45,47,5463,2,0,0,2,0
2020-07-28,US,Texas,Hardeman,13,0,0,34.28944521,-99.74632408,48197.0,330.53648614289347,0.0,13,11,0,0,11,11,3922,2,0,0,2,0
2020-07-28,US,Texas,Hardin,734,8,0,30.33364686,-94.38931817,48199.0,1274.2613103711674,1.0899182561307903,726,682,7,0,675,682,57207,52,1,0,51,0
2020-07-28,US,Texas,Harris,67655,671,0,29.86,-95.39,48201.0,1435.3985774373716,0.9917966151799572,66984,66190,655,0,65535,65344,4698619,1465,16,0,1449,846
2020-07-28,US,Texas,Harrison,589,22,0,32.54935988,-94.36934071,48203.0,885.0089402431145,3.735144312393888,567,574,22,0,552,566,66726,15,0,0,15,8
2020-07-28,US,Texas,Hartley,81,2,0,35.84008013,-102.6029022,48205.0,1452.654232424677,2.469135802469136,79,81,2,0,79,81,5619,0,0,0,0,0
2020-07-28,US,Texas,Haskell,30,0,0,33.17823584,-99.73037358,48207.0,530.2226935312831,0.0,30,30,0,0,30,30,5813,0,0,0,0,0
2020-07-28,US,Texas,Hays,4245,28,0,30.05669873,-98.02944344,48209.0,1844.1207518973374,0.6595995288574794,4217,4203,25,0,4178,4133,222631,42,3,0,39,70
2020-07-28,US,Texas,Hemphill,36,0,0,35.83764858,-100.2703577,48211.0,942.6551453260016,0.0,36,34,0,0,34,34,3825,2,0,0,2,0
2020-07-28,US,Texas,Henderson,518,8,0,32.21128872,-95.85846587,48213.0,626.0802301267872,1.5444015444015444,510,500,8,0,492,500,82299,18,0,0,18,0
2020-07-28,US,Texas,Hidalgo,15759,467,0,26.39418217,-98.18299696,48215.0,1814.0754017177253,2.9633860016498508,15292,15749,467,0,15282,15153,865939,10,0,0,10,596
2020-07-28,US,Texas,Hill,296,1,0,31.99045053,-97.13423143,48217.0,807.6618734481159,0.33783783783783783,295,264,1,0,263,264,36354,32,0,0,32,0
2020-07-28,US,Texas,Hockley,167,4,0,33.60771256,-102.3431676,48219.0,725.4246123104991,2.395209580838323,163,160,4,0,156,160,22980,7,0,0,7,0
2020-07-28,US,Texas,Hood,355,6,0,32.42990927,-97.83242024,48221.0,575.8966954885389,1.6901408450704225,349,308,6,0,302,308,60537,47,0,0,47,0
2020-07-28,US,Texas,Hopkins,156,1,0,33.14875072,-95.56351139,48223.0,420.6665947578471,0.6410256410256411,155,154,1,0,153,154,36810,2,0,0,2,0
2020-07-28,US,Texas,Houston,235,4,0,31.31925973,-95.42226208,48225.0,1023.1626610936956,1.702127659574468,231,236,4,0,232,236,23169,-1,0,0,-1,0
2020-07-28,US,Texas,Howard,130,3,0,32.30621324,-101.4356444,48227.0,354.5712415448396,2.3076923076923075,127,126,3,0,123,126,36459,4,0,0,4,0
2020-07-28,US,Texas,Hudspeth,19,2,0,31.45628381,-105.388178,48229.0,388.8661481784692,10.526315789473683,17,19,2,0,17,19,4795,0,0,0,0,0
2020-07-28,US,Texas,Hunt,985,17,0,33.12351514,-96.08551032,48231.0,999.0465951274924,1.7258883248730963,968,948,16,0,932,948,96493,37,1,0,36,0
2020-07-28,US,Texas,Hutchinson,108,2,0,35.84006574,-101.3546643,48233.0,515.808577705607,1.851851851851852,106,105,2,0,103,105,21198,3,0,0,3,0
2020-07-28,US,Texas,Irion,7,0,0,31.30375559,-100.982439,48235.0,455.72916666666674,0.0,7,6,0,0,6,7,1522,1,0,0,1,-1
2020-07-28,US,Texas,Jack,26,0,0,33.23377248,-98.17283469,48237.0,290.99048684946837,0.0,26,24,0,0,24,24,8843,2,0,0,2,0
2020-07-28,US,Texas,Jackson,251,3,0,28.95472367,-96.57749563,48239.0,1700.5420054200542,1.195219123505976,248,202,3,0,199,202,14874,49,0,0,49,0
2020-07-28,US,Texas,Jasper,268,6,0,30.74685667,-94.02667579,48241.0,754.3133778040474,2.238805970149253,262,268,5,0,263,265,35872,0,1,0,-1,3
2020-07-28,US,Texas,Jeff Davis,8,0,0,30.71490589,-104.1399973,48243.0,351.8029903254178,0.0,8,8,0,0,8,8,2252,0,0,0,0,0
2020-07-28,US,Texas,Jefferson,5220,58,0,29.8832777,-94.16434171,48245.0,2075.0104346789103,1.1111111111111112,5162,5064,57,0,5007,4895,255001,156,1,0,155,169
2020-07-28,US,Texas,Jim Hogg,49,1,0,27.04453923,-98.69681870000001,48247.0,942.3076923076924,2.0408163265306123,48,48,1,0,47,48,5248,1,0,0,1,0
2020-07-28,US,Texas,Jim Wells,545,3,0,27.73103938,-98.0904705,48249.0,1346.2773578380516,0.5504587155963303,542,531,3,0,528,520,40822,14,0,0,14,11
2020-07-28,US,Texas,Johnson,1354,21,0,32.37877812,-97.36615819,48251.0,770.1189304788503,1.55096011816839,1333,1234,21,0,1213,1234,171361,120,0,0,120,0
2020-07-28,US,Texas,Jones,621,0,0,32.73997145,-99.87861576,48253.0,3092.1675048548523,0.0,621,621,0,0,621,621,19817,0,0,0,0,0
2020-07-28,US,Texas,Karnes,239,3,0,28.90705334,-97.85960149,48255.0,1531.9530799307736,1.2552301255230125,236,206,3,0,203,206,15650,33,0,0,33,0
2020-07-28,US,Texas,Kaufman,1563,17,0,32.599141700000004,-96.28734728,48257.0,1147.964804559543,1.0876519513755598,1546,1440,17,0,1423,1440,128622,123,0,0,123,0
2020-07-28,US,Texas,Kendall,139,1,0,29.94414155,-98.7113588,48259.0,293.05728321140185,0.7194244604316546,138,137,1,0,136,137,45641,2,0,0,2,0
2020-07-28,US,Texas,Kenedy,4,0,0,26.92601662,-97.66413984,48261.0,990.0990099009905,0.0,4,4,0,0,4,4,442,0,0,0,0,0
2020-07-28,US,Texas,Kent,2,0,0,33.18104136,-100.7780939,48263.0,262.46719160104993,0.0,2,2,0,0,2,2,726,0,0,0,0,0
2020-07-28,US,Texas,Kerr,336,4,0,30.06040006,-99.34930144,48265.0,638.7832699619772,1.1904761904761905,332,324,4,0,320,324,52405,12,0,0,12,0
2020-07-28,US,Texas,Kimble,13,0,0,30.48678918,-99.74856473,48267.0,299.7463684574591,0.0,13,13,0,0,13,13,4362,0,0,0,0,0
2020-07-28,US,Texas,Kinney,14,0,0,29.34967888,-100.41866379999999,48271.0,381.7834742296155,0.0,14,14,0,0,14,14,3767,0,0,0,0,0
2020-07-28,US,Texas,Kleberg,311,2,0,27.42435506,-97.69894948,48273.0,1013.689700130378,0.6430868167202572,309,308,2,0,306,302,31129,3,0,0,3,6
2020-07-28,US,Texas,Knox,44,0,0,33.60519951,-99.74229059999999,48275.0,1200.8733624454148,0.0,44,44,0,0,44,44,3653,0,0,0,0,0
2020-07-28,US,Texas,La Salle,348,1,0,28.34453111,-99.09908775,48283.0,4627.659574468084,0.28735632183908044,347,351,1,0,350,351,7531,-3,0,0,-3,0
2020-07-28,US,Texas,Lamar,570,16,0,33.66981763,-95.57404777,48277.0,1143.2238913736735,2.8070175438596485,554,537,15,0,522,537,49728,33,1,0,32,0
2020-07-28,US,Texas,Lamb,188,4,0,34.06859623,-102.35162890000001,48279.0,1458.1555883037304,2.127659574468085,184,175,4,0,171,175,13158,13,0,0,13,0
2020-07-28,US,Texas,Lampasas,80,1,0,31.19531316,-98.24206613,48281.0,373.34328915437743,1.25,79,76,1,0,75,71,21229,4,0,0,4,5
2020-07-28,US,Texas,Lavaca,569,11,0,29.38508402,-96.93186692,48285.0,2823.2608911382354,1.9332161687170475,558,545,10,0,535,545,20110,24,1,0,23,0
2020-07-28,US,Texas,Lee,144,10,0,30.31120597,-96.97045773,48287.0,835.3152735077441,6.9444444444444455,134,143,10,0,133,143,17144,1,0,0,1,0
2020-07-28,US,Texas,Leon,130,1,0,31.29872538,-95.9936328,48289.0,746.954723052172,0.7692307692307693,129,128,1,0,127,128,17270,2,0,0,2,0
2020-07-28,US,Texas,Liberty,808,25,0,30.15152688,-94.81205615,48291.0,915.902469989458,3.0940594059405937,783,797,21,0,776,741,86323,11,4,0,7,56
2020-07-28,US,Texas,Limestone,160,3,0,31.5454767,-96.58095444,48293.0,682.681230532918,1.875,157,143,2,0,141,144,23519,17,1,0,16,-1
2020-07-28,US,Texas,Lipscomb,15,0,0,36.27783108,-100.27331509999999,48295.0,463.96535725332507,0.0,15,15,0,0,15,15,3355,0,0,0,0,0
2020-07-28,US,Texas,Live Oak,115,1,0,28.35101362,-98.1246786,48297.0,942.082411730974,0.8695652173913043,114,115,1,0,114,115,12166,0,0,0,0,0
2020-07-28,US,Texas,Llano,84,0,0,30.70645047,-98.68475262,48299.0,385.4094975911906,0.0,84,81,0,0,81,81,21646,3,0,0,3,0
2020-07-28,US,Texas,Lubbock,5150,66,0,33.61008596,-101.82047890000001,48303.0,1658.2466376232012,1.2815533980582523,5084,5100,65,0,5035,5014,307412,50,1,0,49,86
2020-07-28,US,Texas,Lynn,62,3,0,33.17657705,-101.8162849,48305.0,1041.8417072760878,4.838709677419356,59,59,3,0,56,59,5877,3,0,0,3,0
2020-07-28,US,Texas,Madison,631,0,0,30.96694679,-95.93003775,48313.0,4417.530103612434,0.0,631,609,0,0,609,241,14422,22,0,0,22,368
2020-07-28,US,Texas,Marion,119,7,0,32.79868409,-94.35661230000001,48315.0,1207.631418713213,5.882352941176472,112,117,6,0,111,117,9928,2,1,0,1,0
2020-07-28,US,Texas,Martin,44,2,0,32.30600051,-101.9513518,48317.0,762.4328539247964,4.545454545454546,42,42,2,0,40,42,5753,2,0,0,2,0
2020-07-28,US,Texas,Mason,38,0,0,30.71780434,-99.22629416,48319.0,889.0968647636874,0.0,38,38,0,0,38,38,4280,0,0,0,0,0
2020-07-28,US,Texas,Matagorda,610,20,0,28.81955746,-96.01230294,48321.0,1664.7108588270612,3.278688524590164,590,588,19,0,569,572,36552,22,1,0,21,16
2020-07-28,US,Texas,Maverick,1730,34,0,28.7429195,-100.3157686,48323.0,2946.084942610947,1.9653179190751444,1696,1622,31,0,1591,1440,58485,108,3,0,105,182
2020-07-28,US,Texas,McCulloch,34,0,0,31.1925468,-99.34682807,48307.0,425.85170340681367,0.0,34,34,0,0,34,35,7987,0,0,0,0,-1
2020-07-28,US,Texas,McLennan,4042,32,0,31.55255453,-97.20217694,48309.0,1575.073161797657,0.7916872835230084,4010,3986,27,0,3959,3957,254607,56,5,0,51,29
2020-07-28,US,Texas,McMullen,7,0,0,28.35251708,-98.56769164,48311.0,942.1265141318976,0.0,7,7,0,0,7,7,749,0,0,0,0,0
2020-07-28,US,Texas,Medina,562,16,0,29.355730100000002,-99.11030298,48325.0,1089.485111662531,2.846975088967972,546,546,16,0,530,546,50921,16,0,0,16,0
2020-07-28,US,Texas,Menard,16,0,0,30.88990665,-99.82047940000001,48327.0,748.3629560336763,0.0,16,16,0,0,16,16,2139,0,0,0,0,0
2020-07-28,US,Texas,Midland,1989,37,0,31.86904128,-102.03156820000001,48329.0,1124.7964169381107,1.8602312719959782,1952,1901,36,0,1865,1805,172578,88,1,0,87,96
2020-07-28,US,Texas,Milam,286,4,0,30.78581830000001,-96.97718698,48331.0,1152.1572734963545,1.3986013986013983,282,273,4,0,269,273,25131,13,0,0,13,0
2020-07-28,US,Texas,Mills,14,0,0,31.49557106,-98.59272068,48333.0,287.2973527601067,0.0,14,14,0,0,14,13,4921,0,0,0,0,1
2020-07-28,US,Texas,Mitchell,42,0,0,32.30623474,-100.9212058,48335.0,491.5155061439438,0.0,42,41,0,0,41,41,8145,1,0,0,1,0
2020-07-28,US,Texas,Montague,46,1,0,33.67521893,-97.72500958,48337.0,232.11222121303862,2.1739130434782608,45,45,1,0,44,45,19596,1,0,0,1,0
2020-07-28,US,Texas,Montgomery,5852,60,0,30.30079133,-95.50572772,48339.0,963.4650496961592,1.0252904989747096,5792,5780,54,0,5726,5597,590925,72,6,0,66,183
2020-07-28,US,Texas,Moore,986,13,0,35.83769242,-101.8930281,48341.0,4708.691499522445,1.3184584178498986,973,978,13,0,965,978,21485,8,0,0,8,0
2020-07-28,US,Texas,Morris,81,1,0,33.11304005,-94.73255695,48343.0,653.8585728123992,1.2345679012345678,80,79,1,0,78,79,12339,2,0,0,2,0
2020-07-28,US,Texas,Motley,4,0,0,34.07408766,-100.77972199999999,48345.0,333.3333333333333,0.0,4,4,0,0,4,4,1234,0,0,0,0,0
2020-07-28,US,Texas,Nacogdoches,927,34,0,31.62017125,-94.61803994,48347.0,1421.6919207410588,3.6677454153182314,893,882,34,0,848,875,65711,45,0,0,45,7
2020-07-28,US,Texas,Navarro,691,9,0,32.04620681,-96.47428766,48349.0,1378.8837227865024,1.3024602026049203,682,672,9,0,663,672,49565,19,0,0,19,0
2020-07-28,US,Texas,Newton,78,4,0,30.78548982,-93.74408813,48351.0,573.7403457153365,5.128205128205129,74,78,2,0,76,78,13746,0,2,0,-2,0
2020-07-28,US,Texas,Nolan,125,3,0,32.30365282,-100.4060208,48353.0,849.5310588555118,2.4,122,122,3,0,119,122,14751,3,0,0,3,0
2020-07-28,US,Texas,Nueces,10901,154,0,27.736286,-97.5433285,48355.0,3008.882288969732,1.4127144298688197,10747,10647,148,0,10499,10351,362265,254,6,0,248,296
2020-07-28,US,Texas,Ochiltree,76,3,0,36.27829105,-100.8158184,48357.0,772.6718178121187,3.947368421052632,73,75,3,0,72,75,9947,1,0,0,1,0
2020-07-28,US,Texas,Oldham,13,1,0,35.40425596,-102.6027606,48359.0,615.530303030303,7.6923076923076925,12,12,1,0,11,12,2131,1,0,0,1,0
2020-07-28,US,Texas,Orange,878,15,0,30.11879481,-93.89412775,48361.0,1052.8082881672979,1.7084282460136675,863,827,15,0,812,827,83572,51,0,0,51,0
2020-07-28,US,Texas,Palo Pinto,157,3,0,32.75310985,-98.31319001,48363.0,537.8738565898112,1.9108280254777068,154,142,3,0,139,142,28875,15,0,0,15,0
2020-07-28,US,Texas,Panola,260,18,0,32.163959600000005,-94.30552481,48365.0,1120.979563680262,6.9230769230769225,242,258,18,0,240,257,23148,2,0,0,2,1
2020-07-28,US,Texas,Parker,982,8,0,32.77757172,-97.80500621,48367.0,687.2996542504794,0.8146639511201629,974,824,8,0,816,824,138371,158,0,0,158,0
2020-07-28,US,Texas,Parmer,294,7,0,34.52993409,-102.78446679999999,48369.0,3060.9057782405,2.380952380952381,287,289,7,0,282,289,9864,5,0,0,5,0
2020-07-28,US,Texas,Pecos,203,1,0,30.78097267,-102.72412609999999,48371.0,1282.942551981293,0.4926108374384237,202,194,1,0,193,193,15673,9,0,0,9,1
2020-07-28,US,Texas,Polk,628,6,0,30.79472531,-94.82766240000001,48373.0,1222.9081066344709,0.9554140127388536,622,601,5,0,596,601,50031,27,1,0,26,0
2020-07-28,US,Texas,Potter,3389,41,0,35.40133773,-101.893964,48375.0,2886.3433121832813,1.209796400118029,3348,3353,41,0,3312,3353,119648,36,0,0,36,0
2020-07-28,US,Texas,Presidio,34,0,0,29.99954402,-104.24080790000001,48377.0,507.1599045346062,0.0,34,35,0,0,35,35,6948,-1,0,0,-1,0
2020-07-28,US,Texas,Rains,40,2,0,32.87109387,-95.79232691,48379.0,319.642000958926,5.0,38,37,2,0,35,37,12159,3,0,0,3,0
2020-07-28,US,Texas,Randall,1477,18,0,34.96585996,-101.8971322,48381.0,1072.5203866011198,1.2186865267433988,1459,1442,18,0,1424,1442,136271,35,0,0,35,0
2020-07-28,US,Texas,Reagan,54,3,0,31.36607041,-101.52326590000001,48383.0,1402.9618082618865,5.5555555555555545,51,51,3,0,48,51,3741,3,0,0,3,0
2020-07-28,US,Texas,Real,71,0,0,29.83321503,-99.82018052,48385.0,2056.7786790266514,0.0,71,71,0,0,71,71,3478,0,0,0,0,0
2020-07-28,US,Texas,Red River,132,11,0,33.61886692,-95.04841765,48387.0,1097.8956999085087,8.333333333333334,121,131,11,0,120,131,12175,1,0,0,1,0
2020-07-28,US,Texas,Reeves,112,2,0,31.32323325,-103.69038959999999,48389.0,701.0515773660492,1.7857142857142858,110,106,1,0,105,106,15695,6,1,0,5,0
2020-07-28,US,Texas,Refugio,160,0,0,28.323897600000002,-97.15766311,48391.0,2302.8209556706965,0.0,160,156,0,0,156,156,7032,4,0,0,4,0
2020-07-28,US,Texas,Roberts,6,0,0,35.83809685,-100.813175,48393.0,702.5761124121782,0.0,6,6,0,0,6,6,903,0,0,0,0,0
2020-07-28,US,Texas,Robertson,199,1,0,31.02539637,-96.51272246,48395.0,1165.5148178517045,0.5025125628140703,198,194,1,0,193,195,17284,5,0,0,5,-1
2020-07-28,US,Texas,Rockwall,674,17,0,32.89779518,-96.40771592,48397.0,642.4248200924558,2.5222551928783377,657,635,17,0,618,635,100657,39,0,0,39,0
2020-07-28,US,Texas,Runnels,90,1,0,31.8314342,-99.97616148,48399.0,876.8511301636789,1.1111111111111112,89,78,2,0,76,78,10234,12,-1,0,13,0
2020-07-28,US,Texas,Rusk,320,8,0,32.10773545,-94.76176432,48401.0,588.1704223798846,2.5,312,300,8,0,292,295,54450,20,0,0,20,5
2020-07-28,US,Texas,Sabine,37,6,0,31.34318809,-93.85440451,48403.0,350.97704420413584,16.216216216216218,31,37,5,0,32,37,10589,0,1,0,-1,0
2020-07-28,US,Texas,San Augustine,151,10,0,31.39457611,-94.17000399,48405.0,1833.191696005828,6.622516556291392,141,147,9,0,138,147,8232,4,1,0,3,0
2020-07-28,US,Texas,San Jacinto,136,6,0,30.57933681,-95.16260304,48407.0,471.2568003049309,4.411764705882354,130,136,5,0,131,135,28719,0,1,0,-1,1
2020-07-28,US,Texas,San Patricio,694,14,0,28.00880118,-97.51763891,48409.0,1040.0119886108198,2.0172910662824206,680,666,14,0,652,666,66893,28,0,0,28,0
2020-07-28,US,Texas,San Saba,20,0,0,31.1577796,-98.81758731,48411.0,330.30553261767136,0.0,20,19,0,0,19,19,6054,1,0,0,1,0
2020-07-28,US,Texas,Schleicher,33,1,0,30.89740592,-100.5384842,48413.0,1181.5252416756175,3.0303030303030303,32,33,1,0,32,33,2895,0,0,0,0,0
2020-07-28,US,Texas,Scurry,396,1,0,32.74613808,-100.91626640000001,48415.0,2370.8315871400346,0.2525252525252525,395,387,1,0,386,387,16866,9,0,0,9,0
2020-07-28,US,Texas,Shackelford,17,0,0,32.73587756,-99.35401337,48417.0,520.6738131699847,0.0,17,16,0,0,16,16,3253,1,0,0,1,0
2020-07-28,US,Texas,Shelby,357,17,0,31.79211404,-94.14550696,48419.0,1412.5187940175674,4.761904761904762,340,351,17,0,334,350,25418,6,0,0,6,1
2020-07-28,US,Texas,Sherman,36,0,0,36.27751473,-101.8933156,48421.0,1191.2640635340833,0.0,36,35,0,0,35,35,3079,1,0,0,1,0
2020-07-28,US,Texas,Smith,2189,15,0,32.37474036,-95.27175679999999,48423.0,940.490051600208,0.6852444038373686,2174,2106,14,0,2092,2106,230221,83,1,0,82,0
2020-07-28,US,Texas,Somervell,46,0,0,32.22236802,-97.77403489,48425.0,503.9439088518843,0.0,46,46,0,0,46,46,9016,0,0,0,0,0
2020-07-28,US,Texas,Starr,1715,29,0,26.56150059,-98.73892358,48427.0,2653.443287484721,1.6909620991253644,1686,1655,28,0,1627,1637,64525,60,1,0,59,18
2020-07-28,US,Texas,Stephens,28,2,0,32.73553157,-98.83631615,48429.0,298.95366218236165,7.142857142857142,26,23,2,0,21,23,9433,5,0,0,5,0
2020-07-28,US,Texas,Sterling,1,0,0,31.82781912,-101.05007459999999,48431.0,77.45933384972889,0.0,1,1,0,0,1,1,1311,0,0,0,0,0
2020-07-28,US,Texas,Stonewall,4,0,0,33.17906744,-100.25384009999999,48433.0,296.2962962962963,0.0,4,4,0,0,4,4,1362,0,0,0,0,0
2020-07-28,US,Texas,Sutton,57,1,0,30.49856623,-100.5382014,48435.0,1509.5338983050851,1.7543859649122806,56,54,1,0,53,54,3758,3,0,0,3,0
2020-07-28,US,Texas,Swisher,72,2,0,34.53028891,-101.73491740000001,48437.0,973.36758145194,2.7777777777777777,70,72,2,0,70,72,7462,0,0,0,0,0
2020-07-28,US,Texas,Tarrant,25739,343,0,32.77143818,-97.29101614,48439.0,1224.200540780922,1.3326081044329616,25396,25499,338,0,25161,25146,2084931,240,5,0,235,353
2020-07-28,US,Texas,Taylor,1036,16,0,32.30163422,-99.89007449,48441.0,750.5397220974543,1.5444015444015444,1020,1019,16,0,1003,1012,137640,17,0,0,17,7
2020-07-28,US,Texas,Terrell,2,0,0,30.22429013,-102.0766732,48443.0,257.73195876288656,0.0,2,2,0,0,2,2,823,0,0,0,0,0
2020-07-28,US,Texas,Terry,101,2,0,33.17402785,-102.3354521,48445.0,818.6755288968146,1.98019801980198,99,86,2,0,84,86,12287,15,0,0,15,0
2020-07-28,US,Texas,Throckmorton,2,0,0,33.17751417,-99.21226795,48447.0,133.24450366422386,0.0,2,2,0,0,2,2,1515,0,0,0,0,0
2020-07-28,US,Texas,Titus,1256,13,0,33.21339719,-94.96797273,48449.0,3835.114503816794,1.0350318471337578,1243,1224,10,0,1214,1200,33033,32,3,0,29,24
2020-07-28,US,Texas,Tom Green,2082,19,0,31.40464436,-100.46244300000001,48451.0,1746.6442953020135,0.9125840537944284,2063,2046,19,0,2027,1965,118189,36,0,0,36,81
2020-07-28,US,Texas,Travis,19720,209,0,30.33432034,-97.78535620000001,48453.0,1547.9365816976126,1.0598377281947262,19511,19480,204,0,19276,19401,1248743,240,5,0,235,79
2020-07-28,US,Texas,Trinity,117,2,0,31.0879489,-95.1367187,48455.0,798.5803016858918,1.709401709401709,115,117,2,0,115,117,14740,0,0,0,0,0
2020-07-28,US,Texas,Tyler,102,1,0,30.77031716,-94.37690895,48457.0,470.6533776301218,0.9803921568627452,101,102,1,0,101,102,21696,0,0,0,0,0
2020-07-28,US,Texas,Unassigned,0,81,0,0.0,0.0,90048.0,0.0,0.0,-81,0,81,0,-81,,,0,0,0,0,
2020-07-28,US,Texas,Upshur,175,2,0,32.73706798,-94.93999853,48459.0,419.1315594089048,1.1428571428571428,173,164,2,0,162,161,41260,11,0,0,11,3
2020-07-28,US,Texas,Upton,13,1,0,31.36868194,-102.0423217,48461.0,355.48263604047025,7.6923076923076925,12,13,1,0,12,13,3671,0,0,0,0,0
2020-07-28,US,Texas,Uvalde,427,3,0,29.35739637,-99.76229172,48463.0,1596.7989230021315,0.7025761124121779,424,427,3,0,424,412,26846,0,0,0,0,15
2020-07-28,US,Texas,Val Verde,1344,22,0,29.89149232,-101.1525205,48465.0,2741.458439571647,1.636904761904762,1322,1288,22,0,1266,1154,49208,56,0,0,56,134
2020-07-28,US,Texas,Van Zandt,309,1,0,32.56483801,-95.83766469,48467.0,546.0328679978795,0.32362459546925565,308,297,1,0,296,297,56019,12,0,0,12,0
2020-07-28,US,Texas,Victoria,2960,24,0,28.79780988,-96.96813006,48469.0,3214.456365926763,0.8108108108108109,2936,2870,23,0,2847,2870,92035,90,1,0,89,0
2020-07-28,US,Texas,Walker,2749,41,0,30.73872995,-95.57440968,48471.0,3767.2500034260174,1.4914514368861405,2708,2738,41,0,2697,2714,72480,11,0,0,11,24
2020-07-28,US,Texas,Waller,381,4,0,30.01058447,-95.99011759,48473.0,689.6426890634616,1.0498687664041997,377,377,4,0,373,349,53126,4,0,0,4,28
2020-07-28,US,Texas,Ward,80,1,0,31.50999644,-103.09279090000001,48475.0,666.7777962993832,1.25,79,74,1,0,73,74,11720,6,0,0,6,0
2020-07-28,US,Texas,Washington,450,37,0,30.21498498,-96.40946246,48477.0,1254.110696170782,8.222222222222221,413,441,35,0,406,441,35108,9,2,0,7,0
2020-07-28,US,Texas,Webb,5136,65,0,27.7610369,-99.33237355,48479.0,1856.4839581857352,1.2655763239875388,5071,5081,65,0,5016,5042,275910,55,0,0,55,39
2020-07-28,US,Texas,Wharton,535,17,0,29.27765923,-96.22319248,48481.0,1287.419385888921,3.177570093457944,518,517,17,0,500,500,41619,18,0,0,18,17
2020-07-28,US,Texas,Wheeler,32,0,0,35.40114335,-100.26995140000001,48483.0,632.9113924050632,0.0,32,31,0,0,31,31,5191,1,0,0,1,0
2020-07-28,US,Texas,Wichita,862,10,0,33.98842886,-98.70410340000001,48485.0,651.8944263782803,1.160092807424594,852,824,9,0,815,808,132064,38,1,0,37,16
2020-07-28,US,Texas,Wilbarger,35,1,0,34.07945812,-99.24178437,48487.0,274.1013391808286,2.8571428571428568,34,35,1,0,34,35,12820,0,0,0,0,0
2020-07-28,US,Texas,Willacy,570,17,0,26.47411727,-97.61535848,48489.0,2668.789212473078,2.982456140350877,553,568,16,0,552,567,21515,2,1,0,1,1
2020-07-28,US,Texas,Williamson,5433,100,0,30.64655664,-97.60048540000001,48491.0,919.98828212974,1.8406037180195105,5333,5366,99,0,5267,5304,566719,67,1,0,66,62
2020-07-28,US,Texas,Wilson,412,14,0,29.1732598,-98.08693082,48493.0,806.7358527511259,3.3980582524271843,398,403,14,0,389,403,50224,9,0,0,9,0
2020-07-28,US,Texas,Winkler,65,1,0,31.85008651,-103.04851629999999,48495.0,811.4856429463173,1.5384615384615383,64,65,1,0,64,65,7720,0,0,0,0,0
2020-07-28,US,Texas,Wise,290,4,0,33.21570665,-97.65460265,48497.0,414.38042981252863,1.3793103448275863,286,272,4,0,268,272,68305,18,0,0,18,0
2020-07-28,US,Texas,Wood,261,5,0,32.78722382,-95.38236368,48499.0,573.135114956411,1.9157088122605364,256,241,5,0,236,241,45129,20,0,0,20,0
2020-07-28,US,Texas,Yoakum,66,1,0,33.17320212,-102.82764329999999,48501.0,757.4888098244002,1.5151515151515151,65,63,1,0,62,63,8591,3,0,0,3,0
2020-07-28,US,Texas,Young,109,3,0,33.17659707,-98.68790885,48503.0,605.2193225985562,2.7522935779816518,106,101,3,0,98,101,18045,8,0,0,8,0
2020-07-28,US,Texas,Zapata,126,1,0,27.00156391,-99.16987152,48505.0,888.6381268072502,0.7936507936507936,125,123,1,0,122,123,14190,3,0,0,3,0
2020-07-28,US,Texas,Zavala,151,3,0,28.86617238,-99.76050829,48507.0,1275.337837837838,1.9867549668874167,148,143,3,0,140,143,11983,8,0,0,8,0
2020-07-28,US,Utah,Bear River,2105,5,0,41.52106798,-113.0832816,0.0,1126.765086875997,0.2375296912114014,2100,2099,5,0,2094,2091,,6,0,0,6,8
2020-07-28,US,Utah,Central Utah,353,1,0,39.37231946,-111.5758676,0.0,430.72943358469394,0.28328611898017,352,347,1,0,346,341,,6,0,0,6,6
2020-07-28,US,Utah,Davis,2784,12,0,40.99001837,-112.1139997,49011.0,783.1642197473282,0.4310344827586207,2772,2743,11,0,2732,2695,351713,41,1,0,40,48
2020-07-28,US,Utah,Salt Lake,18441,162,0,40.66616532,-111.9216011,49035.0,1589.1427108925345,0.8784773060029283,18279,18280,160,0,18120,18090,1152633,161,2,0,159,190
2020-07-28,US,Utah,San Juan,591,22,0,37.62762978,-109.80337140000002,49037.0,3860.726417559446,3.7225042301184432,569,590,21,0,569,582,15449,1,1,0,0,8
2020-07-28,US,Utah,Southeast Utah,71,0,0,38.99617072,-110.7013958,0.0,176.4895970568495,0.0,71,70,0,0,70,70,,1,0,0,1,0
2020-07-28,US,Utah,Southwest Utah,2814,24,0,37.85447192,-111.4418764,0.0,1116.4805865689052,0.8528784648187633,2790,2781,23,0,2758,2750,,33,1,0,32,31
2020-07-28,US,Utah,Summit,673,1,0,40.86688146,-110.9535882,49043.0,1596.8679558666504,0.1485884101040119,672,673,1,0,672,669,41933,0,0,0,0,4
2020-07-28,US,Utah,Tooele,511,0,0,40.44862644,-113.1295715,49045.0,707.1783445660747,0.0,511,498,0,0,498,487,69907,13,0,0,13,11
2020-07-28,US,Utah,TriCounty,144,0,0,40.12491499,-109.5174415,0.0,254.31810956871888,0.0,144,142,0,0,142,137,,2,0,0,2,5
2020-07-28,US,Utah,Utah,7422,31,0,40.1166722,-111.6657662,49049.0,1166.550095483587,0.4176771759633522,7391,7296,31,0,7265,7194,622213,126,0,0,126,102
2020-07-28,US,Utah,Wasatch,519,4,0,40.33110236,-111.1691419,49051.0,1522.3959402774924,0.7707129094412332,515,515,4,0,511,515,33240,4,0,0,4,0
2020-07-28,US,Utah,Weber-Morgan,2427,24,0,41.27116049,-111.9145117,0.0,891.1752718139658,0.9888751545117428,2403,2375,24,0,2351,2352,,52,0,0,52,23
2020-07-28,US,Vermont,Addison,71,2,0,44.03217337,-73.14130877,50001.0,193.0554422601081,2.8169014084507036,69,71,2,0,69,71,36973,0,0,0,0,0
2020-07-28,US,Vermont,Bennington,82,1,0,43.03519828,-73.09048868,50003.0,231.18127995489147,1.2195121951219512,81,82,1,0,81,82,35631,0,0,0,0,0
2020-07-28,US,Vermont,Caledonia,26,0,0,44.46548598,-72.10314651,50005.0,86.68689360850867,0.0,26,25,0,0,25,25,30302,1,0,0,1,0
2020-07-28,US,Vermont,Chittenden,715,39,0,44.46322849,-73.08359212,50007.0,436.57723448166377,5.454545454545454,676,713,39,0,674,713,164572,2,0,0,2,0
2020-07-28,US,Vermont,Essex,4,0,0,44.72736416,-71.73579864,50009.0,64.9034561090378,0.0,4,4,0,0,4,4,6250,0,0,0,0,0
2020-07-28,US,Vermont,Franklin,115,6,0,44.85627605,-72.91249563,50011.0,232.7840978098053,5.217391304347826,109,115,6,0,109,114,49421,0,0,0,0,1
2020-07-28,US,Vermont,Grand Isle,13,0,0,44.797582399999996,-73.29679772,50013.0,179.68210089841045,0.0,13,13,0,0,13,13,7090,0,0,0,0,0
2020-07-28,US,Vermont,Lamoille,42,1,0,44.60353043,-72.64356694,50015.0,165.60208185474332,2.380952380952381,41,42,1,0,41,42,25300,0,0,0,0,0
2020-07-28,US,Vermont,Orange,15,0,0,44.00470222,-72.37640104,50017.0,51.917485809220544,0.0,15,15,0,0,15,14,28999,0,0,0,0,1
2020-07-28,US,Vermont,Orleans,14,0,0,44.82964024,-72.24562697,50019.0,51.78089285053815,0.0,14,14,0,0,14,14,26907,0,0,0,0,0
2020-07-28,US,Vermont,Rutland,84,1,0,43.57723578,-73.03741676,50021.0,144.3522194153735,1.1904761904761905,83,84,1,0,83,84,58672,0,0,0,0,0
2020-07-28,US,Vermont,Unassigned,7,0,0,0.0,0.0,90050.0,0.0,0.0,7,7,0,0,7,7,,0,0,0,0,0
2020-07-28,US,Vermont,Washington,47,1,0,44.27343241,-72.61604978,50023.0,80.4670513105857,2.127659574468085,46,47,1,0,46,47,58140,0,0,0,0,0
2020-07-28,US,Vermont,Windham,101,3,0,42.986982,-72.71268875,50025.0,239.211785325186,2.9702970297029703,98,101,3,0,98,101,42756,0,0,0,0,0
2020-07-28,US,Vermont,Windsor,69,2,0,43.58010937,-72.58595157,50027.0,125.31328320802004,2.898550724637681,67,69,2,0,67,69,55286,0,0,0,0,0
2020-07-28,US,Virginia,Accomack,1069,15,0,37.76707161,-75.63234615,51001.0,3307.958905805174,1.4031805425631432,1054,1065,15,0,1050,1063,32412,4,0,0,4,2
2020-07-28,US,Virginia,Albemarle,723,10,0,38.02080697,-78.55481085,51003.0,661.300649410043,1.3831258644536653,713,718,10,0,708,705,108718,5,0,0,5,13
2020-07-28,US,Virginia,Alexandria,2749,57,0,38.814003,-77.08183073,51510.0,1724.289334370374,2.0734812659148782,2692,2735,57,0,2678,2695,160530,14,0,0,14,40
2020-07-28,US,Virginia,Alleghany,57,2,0,37.78636074,-80.00222498,51005.0,383.58008075370117,3.5087719298245608,55,57,2,0,55,57,14910,0,0,0,0,0
2020-07-28,US,Virginia,Amelia,71,1,0,37.34081025,-77.98584649,51007.0,540.1293267402053,1.4084507042253518,70,66,1,0,65,66,13013,5,0,0,5,0
2020-07-28,US,Virginia,Amherst,92,0,0,37.60308293,-79.14548696,51009.0,291.09318145862994,0.0,92,88,0,0,88,81,31666,4,0,0,4,7
2020-07-28,US,Virginia,Appomattox,63,0,0,37.37569884,-78.81340003,51011.0,395.9524857017158,0.0,63,61,0,0,61,59,15841,2,0,0,2,2
2020-07-28,US,Virginia,Arlington,2843,135,0,38.8767675,-77.10139853,51013.0,1200.3783112792496,4.748505100246219,2708,2823,135,0,2688,2807,237521,20,0,0,20,16
2020-07-28,US,Virginia,Augusta,244,3,0,38.16404586,-79.12461614,51015.0,322.93072871171813,1.2295081967213115,241,243,3,0,240,239,75457,1,0,0,1,4
2020-07-28,US,Virginia,Bath,4,0,0,38.05852573,-79.73912095,51017.0,96.45526886906195,0.0,4,3,0,0,3,3,4292,1,0,0,1,0
2020-07-28,US,Virginia,Bedford,244,4,0,37.3080028,-79.5281964,51019.0,308.8724888286897,1.639344262295082,240,236,4,0,232,232,78747,8,0,0,8,4
2020-07-28,US,Virginia,Bland,7,0,0,37.13128068,-81.13599391,51021.0,111.46496815286623,0.0,7,7,0,0,7,7,6293,0,0,0,0,0
2020-07-28,US,Virginia,Botetourt,178,4,0,37.55531756,-79.80982182,51023.0,532.6311379754032,2.247191011235955,174,179,4,0,175,177,33277,-1,0,0,-1,2
2020-07-28,US,Virginia,Bristol,44,0,0,36.616302399999995,-82.16359122,51520.0,262.49850853120154,0.0,44,41,0,0,41,40,16482,3,0,0,3,1
2020-07-28,US,Virginia,Brunswick,184,1,0,36.76366949,-77.8593436,51025.0,1133.633171092354,0.5434782608695652,183,179,1,0,178,174,16384,5,0,0,5,5
2020-07-28,US,Virginia,Buchanan,64,0,0,37.26818323,-82.03749726,51027.0,304.703865930299,0.0,64,64,0,0,64,64,21221,0,0,0,0,0
2020-07-28,US,Virginia,Buckingham,592,6,0,37.57242268,-78.52518834,51029.0,3452.2976440401208,1.0135135135135136,586,592,6,0,586,592,16999,0,0,0,0,0
2020-07-28,US,Virginia,Buena Vista,47,0,0,37.73484642,-79.35296097,51530.0,725.532571781414,0.0,47,45,0,0,45,42,6237,2,0,0,2,3
2020-07-28,US,Virginia,Campbell,121,1,0,37.20553386,-79.09678609,51031.0,220.46096383347,0.8264462809917356,120,117,1,0,116,102,54973,4,0,0,4,15
2020-07-28,US,Virginia,Caroline,174,4,0,38.02679129,-77.34901405,51033.0,566.3140764849471,2.2988505747126435,170,171,4,0,167,170,30772,3,0,0,3,1
2020-07-28,US,Virginia,Carroll,300,11,0,36.73066666,-80.73455942,51035.0,1007.0155416065256,3.6666666666666665,289,299,10,0,289,299,29636,1,1,0,0,0
2020-07-28,US,Virginia,Charles City,45,3,0,37.35358063,-77.05634116,51036.0,646.2731581214994,6.666666666666668,42,45,3,0,42,45,6941,0,0,0,0,0
2020-07-28,US,Virginia,Charlotte,48,0,0,37.01909701,-78.66314092,51037.0,404.040404040404,0.0,48,46,0,0,46,46,11938,2,0,0,2,0
2020-07-28,US,Virginia,Charlottesville,441,8,0,38.03527919,-78.48569588,51540.0,933.0173909364024,1.8140589569161,433,433,8,0,425,420,48117,8,0,0,8,13
2020-07-28,US,Virginia,Chesapeake,2276,26,0,36.67670048,-76.30545744,51550.0,929.6056527865704,1.1423550087873462,2250,2246,25,0,2221,2151,242634,30,1,0,29,95
2020-07-28,US,Virginia,Chesterfield,3796,66,0,37.37373208,-77.58680140000001,51041.0,1075.9576192878726,1.7386722866174922,3730,3766,66,0,3700,3730,348556,30,0,0,30,36
2020-07-28,US,Virginia,Clarke,64,0,0,39.11271747,-77.99199425,51043.0,437.78644230111496,0.0,64,64,0,0,64,63,14523,0,0,0,0,1
2020-07-28,US,Virginia,Colonial Heights,175,20,0,37.26420587,-77.39609676,51570.0,1007.4841681059296,11.428571428571427,155,173,20,0,153,172,17833,2,0,0,2,1
2020-07-28,US,Virginia,Covington,10,0,0,37.7824656,-79.98631446,51580.0,180.5706031058144,0.0,10,10,0,0,10,9,5460,0,0,0,0,1
2020-07-28,US,Virginia,Craig,15,0,0,37.48133648,-80.21072274,51045.0,292.34067433248885,0.0,15,14,0,0,14,12,5064,1,0,0,1,2
2020-07-28,US,Virginia,Culpeper,932,12,0,38.48199985,-77.95630870000002,51047.0,1771.6947058264425,1.2875536480686696,920,926,12,0,914,919,51859,6,0,0,6,7
2020-07-28,US,Virginia,Cumberland,63,0,0,37.51328851,-78.24398086,51049.0,634.3133306484093,0.0,63,60,0,0,60,60,9809,3,0,0,3,0
2020-07-28,US,Virginia,Danville,269,3,0,36.58022376,-79.40395668,51590.0,671.761062830886,1.1152416356877324,266,269,3,0,266,247,40693,0,0,0,0,22
2020-07-28,US,Virginia,Dickenson,16,0,0,37.12560977,-82.35124171,51051.0,111.74745076127951,0.0,16,16,0,0,16,13,14523,0,0,0,0,3
2020-07-28,US,Virginia,Dinwiddie,193,2,0,37.07544585,-77.63451754,51053.0,676.1491031390135,1.0362694300518134,191,187,2,0,185,179,28529,6,0,0,6,8
2020-07-28,US,Virginia,Emporia,163,15,0,36.69455571,-77.53406129,51595.0,3049.00860456416,9.202453987730062,148,161,15,0,146,157,5121,2,0,0,2,4
2020-07-28,US,Virginia,Essex,74,1,0,37.93357639,-76.94230311,51057.0,675.6139870355154,1.351351351351351,73,73,1,0,72,73,10919,1,0,0,1,0
2020-07-28,US,Virginia,Fairfax,15509,519,0,38.83677558,-77.27565836,51059.0,1351.5091518145027,3.3464440002579146,14990,15455,517,0,14938,15304,1150795,54,2,0,52,151
2020-07-28,US,Virginia,Fairfax,15509,519,0,38.83677558,-77.27565836,51059.0,1351.5091518145027,3.3464440002579146,14990,15455,517,0,14938,15304,24574,54,2,0,52,151
2020-07-28,US,Virginia,Fairfax City,77,7,0,38.85157547,-77.29779640000002,51600.0,320.57954119655267,9.090909090909092,70,76,7,0,69,74,24574,1,0,0,1,2
2020-07-28,US,Virginia,Falls Church,53,6,0,38.88485255,-77.17560759,51610.0,362.5915030444004,11.320754716981131,47,55,6,0,49,55,14772,-2,0,0,-2,0
2020-07-28,US,Virginia,Fauquier,568,8,0,38.73564842,-77.80647472,51061.0,797.5063884754712,1.4084507042253518,560,567,8,0,559,559,70675,1,0,0,1,8
2020-07-28,US,Virginia,Floyd,29,1,0,36.9302126,-80.36738849,51063.0,184.1386754714585,3.4482758620689653,28,29,1,0,28,27,15795,0,0,0,0,2
2020-07-28,US,Virginia,Fluvanna,167,8,0,37.84157909,-78.27715475,51065.0,612.3945727906124,4.790419161676646,159,165,8,0,157,160,26783,2,0,0,2,5
2020-07-28,US,Virginia,Franklin,146,1,0,36.99536167,-79.88023649,51067.0,260.5188965418793,0.6849315068493149,145,141,1,0,140,141,56195,5,0,0,5,0
2020-07-28,US,Virginia,Franklin,146,1,0,36.99536167,-79.88023649,51067.0,260.5188965418793,0.6849315068493149,145,141,1,0,140,141,8013,5,0,0,5,0
2020-07-28,US,Virginia,Franklin City,114,5,0,36.6831435,-76.93859681,51620.0,1430.902472699887,4.385964912280701,109,109,4,0,105,107,8013,5,1,0,4,2
2020-07-28,US,Virginia,Frederick,641,7,0,39.20172582,-78.25974949,51069.0,717.7006706750418,1.0920436817472698,634,639,7,0,632,638,88355,2,0,0,2,1
2020-07-28,US,Virginia,Fredericksburg,338,2,0,38.2977863,-77.4922454,51630.0,1164.0721862515495,0.591715976331361,336,329,2,0,327,320,29144,9,0,0,9,9
2020-07-28,US,Virginia,Galax,326,16,0,36.66601852,-80.91703124,51640.0,5136.284858988499,4.9079754601227,310,326,16,0,310,322,6423,0,0,0,0,4
2020-07-28,US,Virginia,Giles,20,0,0,37.31234791,-80.70636931,51071.0,119.6172248803828,0.0,20,20,0,0,20,20,16844,0,0,0,0,0
2020-07-28,US,Virginia,Gloucester,138,1,0,37.40809042,-76.53524337,51073.0,369.49769733319056,0.7246376811594203,137,132,1,0,131,127,37349,6,0,0,6,5
2020-07-28,US,Virginia,Goochland,148,7,0,37.71714806,-77.90381514,51075.0,623.079189997053,4.729729729729731,141,147,6,0,141,145,23244,1,1,0,0,2
2020-07-28,US,Virginia,Grayson,121,4,0,36.65677234,-81.23215889,51077.0,778.1350482315112,3.3057851239669422,117,120,4,0,116,117,15631,1,0,0,1,3
2020-07-28,US,Virginia,Greene,134,2,0,38.29545894,-78.46525378,51079.0,676.1188758262274,1.492537313432836,132,134,2,0,132,123,19779,0,0,0,0,11
2020-07-28,US,Virginia,Greensville,410,9,0,36.67878901,-77.56351439,51081.0,3616.796047988708,2.1951219512195124,401,406,9,0,397,403,11627,4,0,0,4,3
2020-07-28,US,Virginia,Halifax,126,1,0,36.76654925,-78.93512622,51083.0,371.5608504615021,0.7936507936507936,125,123,1,0,122,123,34120,3,0,0,3,0
2020-07-28,US,Virginia,Hampton,938,4,0,37.03513786,-76.35879121,51650.0,697.345922236265,0.4264392324093816,934,916,4,0,912,873,134313,22,0,0,22,43
2020-07-28,US,Virginia,Hanover,576,30,0,37.7583355,-77.49464673,51085.0,534.491398029063,5.208333333333333,546,575,30,0,545,563,107239,1,0,0,1,12
2020-07-28,US,Virginia,Harrisonburg,1035,29,0,38.43542574,-78.87536254,51660.0,1952.240832956089,2.8019323671497585,1006,1028,29,0,999,1024,54033,7,0,0,7,4
2020-07-28,US,Virginia,Henrico,3436,178,0,37.53460572,-77.39326555,51087.0,1038.6375590203677,5.180442374854481,3258,3371,178,0,3193,3290,329261,65,0,0,65,81
2020-07-28,US,Virginia,Henry,458,5,0,36.68542395,-79.87634026,51089.0,905.9081828431276,1.091703056768559,453,434,5,0,429,434,50953,24,0,0,24,0
2020-07-28,US,Virginia,Highland,3,0,0,38.35799465,-79.56124594,51091.0,136.98630136986299,0.0,3,3,0,0,3,3,2210,0,0,0,0,0
2020-07-28,US,Virginia,Hopewell,252,5,0,37.29186313,-77.29754684,51670.0,1118.5583026321628,1.984126984126984,247,248,5,0,243,242,22596,4,0,0,4,6
2020-07-28,US,Virginia,Isle of Wight,314,9,0,36.90579348,-76.70842863,51093.0,846.1559190492873,2.8662420382165603,305,315,9,0,306,305,36953,-1,0,0,-1,10
2020-07-28,US,Virginia,James City,518,16,0,37.31156958,-76.76950618,51095.0,676.9206643754164,3.088803088803089,502,510,16,0,494,497,76397,8,0,0,8,13
2020-07-28,US,Virginia,King George,119,4,0,38.26818502,-77.15852768,51099.0,443.43419287524216,3.361344537815126,115,118,4,0,114,116,26575,1,0,0,1,2
2020-07-28,US,Virginia,King William,75,2,0,37.70965316,-77.09384941,51101.0,437.3687893631911,2.6666666666666665,73,73,2,0,71,71,16939,2,0,0,2,2
2020-07-28,US,Virginia,King and Queen,35,1,0,37.71044922,-76.88689628,51097.0,498.220640569395,2.8571428571428568,34,34,1,0,33,34,7042,1,0,0,1,0
2020-07-28,US,Virginia,Lancaster,29,0,0,37.71889653,-76.46400482,51103.0,273.507497877959,0.0,29,28,0,0,28,26,10783,1,0,0,1,2
2020-07-28,US,Virginia,Lee,80,0,0,36.70586667,-83.12606515,51105.0,341.54463561456686,0.0,80,78,0,0,78,74,23541,2,0,0,2,4
2020-07-28,US,Virginia,Lexington,28,0,0,37.78258621,-79.44262866,51678.0,376.04082728982,0.0,28,28,0,0,28,28,7136,0,0,0,0,0
2020-07-28,US,Virginia,Loudoun,4939,108,0,39.08990083,-77.63481877,51107.0,1194.3279698600854,2.1866774650739016,4831,4914,106,0,4808,4820,406850,25,2,0,23,94
2020-07-28,US,Virginia,Louisa,165,2,0,37.97850256,-77.96274807,51109.0,438.93485142720334,1.2121212121212122,163,165,2,0,163,160,36778,0,0,0,0,5
2020-07-28,US,Virginia,Lunenburg,52,0,0,36.94618528,-78.24133319,51111.0,426.3693014102985,0.0,52,46,0,0,46,46,12086,6,0,0,6,0
2020-07-28,US,Virginia,Lynchburg,370,1,0,37.40021399,-79.19888138,51680.0,450.2969525849479,0.2702702702702703,369,354,1,0,353,323,82126,16,0,0,16,31
2020-07-28,US,Virginia,Madison,57,1,0,38.41531222,-78.28220331,51113.0,429.831837719629,1.7543859649122806,56,56,1,0,55,53,13295,1,0,0,1,3
2020-07-28,US,Virginia,Manassas,1584,20,0,38.7464321,-77.48509905,51683.0,3855.4216867469877,1.2626262626262623,1564,1575,20,0,1555,1567,41641,9,0,0,9,8
2020-07-28,US,Virginia,Manassas Park,488,7,0,38.77058531,-77.44399307,51685.0,2792.0814738528443,1.4344262295081966,481,486,7,0,479,483,17307,2,0,0,2,3
2020-07-28,US,Virginia,Martinsville,155,2,0,36.68212094,-79.86352771,51690.0,1234.6662418352714,1.2903225806451613,153,149,2,0,147,149,12902,6,0,0,6,0
2020-07-28,US,Virginia,Mathews,12,0,0,37.44164146,-76.34098896,51115.0,135.83880461851936,0.0,12,11,0,0,11,11,8802,1,0,0,1,0
2020-07-28,US,Virginia,Mecklenburg,297,30,0,36.67882005,-78.36131056,51117.0,971.0007519534444,10.1010101010101,267,295,30,0,265,294,30650,2,0,0,2,1
2020-07-28,US,Virginia,Middlesex,25,1,0,37.63191998,-76.55064617,51119.0,236.25023625023624,4.0,24,22,1,0,21,22,10769,3,0,0,3,0
2020-07-28,US,Virginia,Montgomery,259,3,0,37.17746986,-80.37868691,51121.0,262.85076368802964,1.1583011583011582,256,257,3,0,254,242,98985,2,0,0,2,15
2020-07-28,US,Virginia,Nelson,33,0,0,37.78790447,-78.88498513,51125.0,221.03148024112525,0.0,33,33,0,0,33,32,14836,0,0,0,0,1
2020-07-28,US,Virginia,New Kent,111,1,0,37.50694406,-76.99828634,51127.0,480.7067688709887,0.9009009009009008,110,108,1,0,107,106,22391,3,0,0,3,2
2020-07-28,US,Virginia,Newport News,1489,15,0,37.08166899,-76.51754109,51700.0,830.7992746547636,1.007387508394896,1474,1474,15,0,1459,1424,178626,15,0,0,15,50
2020-07-28,US,Virginia,Norfolk,2814,20,0,36.89934014,-76.26420872,51710.0,1159.2555058457128,0.7107320540156361,2794,2779,20,0,2759,2771,244076,35,0,0,35,8
2020-07-28,US,Virginia,Northampton,298,28,0,37.34062933,-75.87751591,51131.0,2544.8334756618274,9.395973154362416,270,297,28,0,269,293,11735,1,0,0,1,4
2020-07-28,US,Virginia,Northumberland,60,1,0,37.89202088,-76.41949732,51133.0,496.07275733774287,1.6666666666666667,59,59,1,0,58,59,12147,1,0,0,1,0
2020-07-28,US,Virginia,Norton,10,0,0,36.93357076,-82.62750411,51720.0,251.19316754584275,0.0,10,10,0,0,10,9,3968,0,0,0,0,1
2020-07-28,US,Virginia,Nottoway,168,6,0,37.1435975,-78.05065922,51135.0,1102.9411764705883,3.571428571428572,162,159,6,0,153,159,15420,9,0,0,9,0
2020-07-28,US,Virginia,Orange,202,3,0,38.24530219,-78.01560400000002,51137.0,545.1944616879438,1.4851485148514851,199,201,3,0,198,194,36644,1,0,0,1,7
2020-07-28,US,Virginia,Page,330,24,0,38.61807452,-78.48797204,51139.0,1380.6376035478202,7.272727272727272,306,329,24,0,305,328,23933,1,0,0,1,1
2020-07-28,US,Virginia,Patrick,104,3,0,36.680163799999995,-80.2865648,51141.0,590.6406179009541,2.8846153846153846,101,99,3,0,96,99,17673,5,0,0,5,0
2020-07-28,US,Virginia,Petersburg,408,10,0,37.20530399,-77.39368102,51730.0,1301.6014802526638,2.4509803921568634,398,404,9,0,395,391,31567,4,1,0,3,13
2020-07-28,US,Virginia,Pittsylvania,292,2,0,36.81980341,-79.39731264,51143.0,483.81217483513916,0.6849315068493149,290,291,2,0,289,270,60949,1,0,0,1,21
2020-07-28,US,Virginia,Poquoson,34,0,0,37.14259351,-76.35798148,51735.0,277.07603292315207,0.0,34,33,0,0,33,32,12190,1,0,0,1,1
2020-07-28,US,Virginia,Portsmouth,1367,21,0,36.85914825,-76.35971629,51740.0,1448.1239009301044,1.5362106803218727,1346,1291,21,0,1270,1267,94632,76,0,0,76,24
2020-07-28,US,Virginia,Powhatan,116,4,0,37.55016038,-77.91267882,51145.0,391.20464049642516,3.4482758620689653,112,112,4,0,108,111,29189,4,0,0,4,1
2020-07-28,US,Virginia,Prince Edward,284,6,0,37.22554789,-78.43597949,51147.0,1245.5047802824313,2.112676056338028,278,258,6,0,252,258,22950,26,0,0,26,0
2020-07-28,US,Virginia,Prince George,326,2,0,37.18497668,-77.22922187,51149.0,849.9986963210179,0.6134969325153374,324,319,2,0,317,318,38082,7,0,0,7,1
2020-07-28,US,Virginia,Prince William,8663,167,0,38.70916224,-77.48713689,51153.0,1841.8786609544254,1.9277386586632803,8496,8580,167,0,8413,8458,468011,83,0,0,83,122
2020-07-28,US,Virginia,Pulaski,73,2,0,37.06474963,-80.71229738,51155.0,214.5355159138332,2.7397260273972597,71,71,2,0,69,67,34066,2,0,0,2,4
2020-07-28,US,Virginia,Radford,26,0,0,37.12222899,-80.56027320000003,51750.0,142.4735601950792,0.0,26,25,0,0,25,23,18339,1,0,0,1,2
2020-07-28,US,Virginia,Rappahannock,40,2,0,38.68295619,-78.15826963,51157.0,542.7408412483039,5.0,38,39,2,0,37,39,7252,1,0,0,1,0
2020-07-28,US,Virginia,Richmond,316,4,0,37.937575,-76.72920628,51159.0,3502.161143743766,1.2658227848101269,312,316,4,0,312,322,9038,0,0,0,0,-6
2020-07-28,US,Virginia,Richmond City,2794,37,0,37.53255773,-77.47966921,51760.0,1212.484160461039,1.324266284896206,2757,2762,36,0,2726,2712,228783,32,1,0,31,50
2020-07-28,US,Virginia,Roanoke,405,6,0,37.26865804,-80.06396753,51161.0,430.00021234578384,1.4814814814814814,399,405,6,0,399,398,94073,0,0,0,0,7
2020-07-28,US,Virginia,Roanoke City,739,10,0,37.27791025,-79.96189766,51770.0,745.387974945281,1.3531799729364005,729,737,10,0,727,724,99920,2,0,0,2,13
2020-07-28,US,Virginia,Rockbridge,62,0,0,37.81204314,-79.44605905,51163.0,274.66442209719577,0.0,62,62,0,0,62,62,22752,0,0,0,0,0
2020-07-28,US,Virginia,Rockingham,870,16,0,38.51006137,-78.87260325,51165.0,1061.6488504905549,1.839080459770115,854,860,16,0,844,852,81244,10,0,0,10,8
2020-07-28,US,Virginia,Russell,52,1,0,36.93028320000001,-82.10095486,51167.0,195.5916647859776,1.9230769230769231,51,50,1,0,49,46,26748,2,0,0,2,4
2020-07-28,US,Virginia,Salem,128,3,0,37.2836193,-80.06219455,51775.0,505.9088573574167,2.34375,125,128,3,0,125,122,25643,0,0,0,0,6
2020-07-28,US,Virginia,Scott,41,3,0,36.71466456,-82.60171704,51169.0,190.11406844106463,7.317073170731707,38,40,3,0,37,37,21534,1,0,0,1,3
2020-07-28,US,Virginia,Shenandoah,662,40,0,38.85905135,-78.56813762,51171.0,1517.7916360968454,6.042296072507553,622,660,40,0,620,659,43497,2,0,0,2,1
2020-07-28,US,Virginia,Smyth,93,2,0,36.84455636,-81.53344948,51173.0,308.92904597395693,2.150537634408602,91,91,2,0,89,90,30472,2,0,0,2,1
2020-07-28,US,Virginia,Southampton,229,12,0,36.72231125,-77.10642712,51175.0,1298.8486189098746,5.240174672489083,217,226,11,0,215,224,17586,3,1,0,2,2
2020-07-28,US,Virginia,Spotsylvania,1254,33,0,38.18574462,-77.655399,51177.0,920.6034577689682,2.631578947368421,1221,1244,33,0,1211,1225,134238,10,0,0,10,19
2020-07-28,US,Virginia,Stafford,1214,7,0,38.41758738,-77.45917053,51179.0,794.0764772831334,0.5766062602965404,1207,1202,7,0,1195,1185,149960,12,0,0,12,17
2020-07-28,US,Virginia,Staunton,137,0,0,38.15965544,-79.05979937,51790.0,549.4946253810364,0.0,137,135,0,0,135,133,24922,2,0,0,2,2
2020-07-28,US,Virginia,Suffolk,974,46,0,36.70155394,-76.63603554,51800.0,1057.4542927867287,4.722792607802875,928,948,45,0,903,914,91185,26,1,0,25,34
2020-07-28,US,Virginia,Surry,35,2,0,37.11781893,-76.88450012,51181.0,545.0015571473061,5.7142857142857135,33,35,1,0,34,35,6474,0,1,0,-1,0
2020-07-28,US,Virginia,Sussex,270,7,0,36.92432914,-77.25791182,51183.0,2419.5716462048567,2.592592592592593,263,264,7,0,257,259,11237,6,0,0,6,5
2020-07-28,US,Virginia,Tazewell,77,0,0,37.12191123,-81.56685568,51185.0,189.67853183889642,0.0,77,68,0,0,68,67,40855,9,0,0,9,1
2020-07-28,US,Virginia,Virginia Beach,3788,43,0,36.73285734,-76.04566934,51810.0,841.8264166374057,1.1351636747624076,3745,3742,43,0,3699,3548,450189,46,0,0,46,194
2020-07-28,US,Virginia,Warren,344,7,0,38.90847745,-78.20280433,51187.0,856.4883975699631,2.0348837209302326,337,345,7,0,338,342,40003,-1,0,0,-1,3
2020-07-28,US,Virginia,Washington,146,4,0,36.72341572,-81.95666289,51191.0,271.678451804987,2.7397260273972597,142,146,4,0,142,142,54402,0,0,0,0,4
2020-07-28,US,Virginia,Waynesboro,164,2,0,38.06451466,-78.90293905,51820.0,724.7017233760495,1.2195121951219512,162,164,2,0,162,163,22628,0,0,0,0,1
2020-07-28,US,Virginia,Westmoreland,192,2,0,38.11021557,-76.80213247,51193.0,1065.7785179017483,1.0416666666666667,190,191,2,0,189,190,17830,1,0,0,1,1
2020-07-28,US,Virginia,Williamsburg,105,6,0,37.28131268,-76.70905141,51830.0,702.1532700280861,5.7142857142857135,99,105,6,0,99,102,14896,0,0,0,0,3
2020-07-28,US,Virginia,Winchester,390,4,0,39.17054517,-78.17325058,51840.0,1388.9878196452744,1.0256410256410255,386,390,4,0,386,387,28108,0,0,0,0,3
2020-07-28,US,Virginia,Wise,70,3,0,36.9746148,-82.62410519,51195.0,187.2508894417249,4.285714285714286,67,70,3,0,67,62,38012,0,0,0,0,8
2020-07-28,US,Virginia,Wythe,94,3,0,36.91582035,-81.07834059,51197.0,327.7088272207502,3.191489361702128,91,93,3,0,90,93,28754,1,0,0,1,0
2020-07-28,US,Virginia,York,287,3,0,37.24374789,-76.54412815,51199.0,420.3280609256005,1.0452961672473868,284,282,3,0,279,279,67846,5,0,0,5,3
2020-07-28,US,Washington,Adams,368,2,0,46.98299757,-118.56017340000001,53001.0,1841.5653305309515,0.5434782608695652,366,363,1,0,362,360,19759,5,1,0,4,3
2020-07-28,US,Washington,Asotin,22,2,0,46.18894415,-117.2022851,53003.0,97.42272606500751,9.090909090909092,20,22,2,0,20,22,22610,0,0,0,0,0
2020-07-28,US,Washington,Benton,3306,106,0,46.23946995,-119.51208340000001,53005.0,1617.4959635990024,3.2062915910465817,3200,3203,106,0,3097,3166,201877,103,0,0,103,37
2020-07-28,US,Washington,Chelan,960,8,0,47.87046092,-120.6173956,53007.0,1243.5233160621765,0.8333333333333334,952,951,8,0,943,923,77036,9,0,0,9,28
2020-07-28,US,Washington,Clallam,86,0,0,48.04754642,-123.92263190000001,53009.0,111.21025203346652,0.0,86,79,0,0,79,78,76737,7,0,0,7,1
2020-07-28,US,Washington,Clark,1382,36,0,45.77568046,-122.48292040000001,53011.0,283.0569329490968,2.6049204052098407,1346,1333,34,0,1299,1328,481857,49,2,0,47,5
2020-07-28,US,Washington,Columbia,13,0,0,46.29442881,-117.9051983,53013.0,326.2233375156838,0.0,13,12,0,0,12,12,4059,1,0,0,1,0
2020-07-28,US,Washington,Cowlitz,415,5,0,46.19074721,-122.6782231,53015.0,375.24978976969606,1.2048192771084338,410,402,3,0,399,395,108987,13,2,0,11,7
2020-07-28,US,Washington,Douglas,681,6,0,47.7361335,-119.69293700000001,53017.0,1568.0766308227219,0.8810572687224669,675,665,6,0,659,638,42907,16,0,0,16,27
2020-07-28,US,Washington,Ferry,11,0,0,48.471143100000006,-118.5154041,53019.0,144.22446571391114,0.0,11,10,0,0,10,9,7649,1,0,0,1,1
2020-07-28,US,Washington,Franklin,3123,45,0,46.53351425,-118.9018212,53021.0,3279.704270021634,1.4409221902017288,3078,3048,45,0,3003,3026,94347,75,0,0,75,22
2020-07-28,US,Washington,Garfield,2,0,0,46.43197502,-117.54540320000001,53023.0,89.88764044943821,0.0,2,2,0,0,2,2,2247,0,0,0,0,0
2020-07-28,US,Washington,Grant,1151,12,0,47.20753737,-119.4500749,53025.0,1177.6984232551954,1.0425716768027802,1139,1110,11,0,1099,1095,97331,41,1,0,40,15
2020-07-28,US,Washington,Grays Harbor,85,2,0,47.14003705,-123.7820567,53027.0,113.24123046588774,2.3529411764705883,83,81,2,0,79,81,73901,4,0,0,4,0
2020-07-28,US,Washington,Island,231,12,0,48.14713305,-122.5216407,53029.0,271.3146427690537,5.194805194805196,219,225,11,0,214,225,84460,6,1,0,5,0
2020-07-28,US,Washington,Jefferson,50,0,0,47.75003077,-123.56097040000002,53031.0,155.1782998665467,0.0,50,50,0,0,50,50,31729,0,0,0,0,0
2020-07-28,US,Washington,King,14717,648,0,47.49137892,-121.8346131,53033.0,653.2811430489057,4.403071278113746,14069,14579,645,0,13934,14417,2233163,138,3,0,135,162
2020-07-28,US,Washington,Kitsap,564,4,0,47.63479026,-122.6436061,53035.0,207.75546739454757,0.7092198581560284,560,542,3,0,539,520,269805,22,1,0,21,22
2020-07-28,US,Washington,Kittitas,320,14,0,47.12521214,-120.67943899999999,53037.0,667.5706686137478,4.375,306,319,12,0,307,316,47364,1,2,0,-1,3
2020-07-28,US,Washington,Klickitat,99,3,0,45.87325839,-120.7913598,53039.0,441.4715719063546,3.0303030303030303,96,91,3,0,88,90,22107,8,0,0,8,1
2020-07-28,US,Washington,Lewis,156,3,0,46.57756476,-122.39257690000001,53041.0,193.29178386013604,1.9230769230769231,153,151,3,0,148,147,79604,5,0,0,5,4
2020-07-28,US,Washington,Lincoln,9,0,0,47.57705241,-118.41943880000001,53043.0,82.27443093518603,0.0,9,9,0,0,9,9,10740,0,0,0,0,0
2020-07-28,US,Washington,Mason,124,1,0,47.35007586,-123.1863685,53045.0,185.71770908219503,0.8064516129032258,123,115,1,0,114,112,65507,9,0,0,9,3
2020-07-28,US,Washington,Okanogan,655,2,0,48.54855019,-119.73872240000001,53047.0,1550.5527543024882,0.3053435114503817,653,635,2,0,633,605,42132,20,0,0,20,30
2020-07-28,US,Washington,Pacific,31,2,0,46.55418369,-123.7285716,53049.0,137.95558720128165,6.451612903225807,29,30,1,0,29,30,22036,1,1,0,0,0
2020-07-28,US,Washington,Pend Oreille,36,0,0,48.53234021,-117.2741804,53051.0,262.31419411250357,0.0,36,36,0,0,36,34,13602,0,0,0,0,2
2020-07-28,US,Washington,Pierce,4626,124,0,47.03892768,-122.14059579999999,53053.0,511.17151760259895,2.680501513186338,4502,4556,121,0,4435,4454,891299,70,3,0,67,102
2020-07-28,US,Washington,San Juan,28,0,0,48.60182783,-122.96745,53055.0,159.2537822773291,0.0,28,28,0,0,28,28,17128,0,0,0,0,0
2020-07-28,US,Washington,Skagit,760,20,0,48.48171488,-121.766131,53057.0,588.2125304748267,2.631578947368421,740,753,20,0,733,742,128206,7,0,0,7,11
2020-07-28,US,Washington,Skamania,47,1,0,46.02408726,-121.91644029999999,53059.0,388.976247620624,2.127659574468085,46,47,1,0,46,47,11924,0,0,0,0,0
2020-07-28,US,Washington,Snohomish,4853,184,0,48.04615983,-121.7170703,53061.0,590.3296869050936,3.791469194312796,4669,4788,183,0,4605,4746,814901,65,1,0,64,42
2020-07-28,US,Washington,Spokane,3422,54,0,47.62113146,-117.4046494,53063.0,654.5549141350963,1.5780245470485097,3368,3319,50,0,3269,3269,514631,103,4,0,99,50
2020-07-28,US,Washington,Stevens,66,1,0,48.40035475,-117.8542701,53065.0,144.3474837609081,1.5151515151515151,65,59,1,0,58,59,45260,7,0,0,7,0
2020-07-28,US,Washington,Thurston,570,7,0,46.9291895,-122.82906559999999,53067.0,196.18911253682847,1.2280701754385963,563,564,6,0,558,546,286419,6,1,0,5,18
2020-07-28,US,Washington,Unassigned,152,0,0,0.0,0.0,90053.0,0.0,0.0,152,173,0,0,173,170,,-21,0,0,-21,3
2020-07-28,US,Washington,Wahkiakum,5,0,0,46.29180039999999,-123.4250831,53069.0,111.40819964349377,0.0,5,5,0,0,5,5,4426,0,0,0,0,0
2020-07-28,US,Washington,Walla Walla,368,3,0,46.23040051,-118.4775539,53071.0,605.6616194865043,0.8152173913043478,365,354,3,0,351,347,60922,14,0,0,14,7
2020-07-28,US,Washington,Whatcom,871,38,0,48.82227976,-121.74900179999999,53073.0,379.9395411935597,4.362801377726751,833,853,37,0,816,844,225685,18,1,0,17,9
2020-07-28,US,Washington,Whitman,82,0,0,46.90022523,-117.52417630000001,53075.0,163.65958805684176,0.0,82,59,0,0,59,59,49791,23,0,0,23,0
2020-07-28,US,Washington,Yakima,9758,203,0,46.45738486,-120.73801259999999,53077.0,3889.6174558441917,2.080344332855093,9555,9700,197,0,9503,9629,251446,58,6,0,52,71
2020-07-28,US,West Virginia,Barbour,28,1,0,39.1307219,-80.00350858,54001.0,170.30594246092087,3.571428571428572,27,28,1,0,27,28,16535,0,0,0,0,0
2020-07-28,US,West Virginia,Berkeley,622,11,0,39.46704621,-78.02414609,54003.0,521.9390623557746,1.7684887459807077,611,618,10,0,608,608,117123,4,1,0,3,10
2020-07-28,US,West Virginia,Boone,68,0,0,38.01974191,-81.69888019,54005.0,316.912895558559,0.0,68,70,0,0,70,70,21951,-2,0,0,-2,0
2020-07-28,US,West Virginia,Braxton,8,0,0,38.70036159,-80.72011184,54007.0,57.31890807480117,0.0,8,8,0,0,8,8,14089,0,0,0,0,0
2020-07-28,US,West Virginia,Brooke,52,1,0,40.27367263,-80.57915332,54009.0,237.0208304845253,1.9230769230769231,51,48,0,0,48,48,22203,4,1,0,3,0
2020-07-28,US,West Virginia,Cabell,290,2,0,38.42424062,-82.23855912,54011.0,315.4059492087661,0.6896551724137931,288,287,2,0,285,281,93224,3,0,0,3,6
2020-07-28,US,West Virginia,Calhoun,6,0,0,38.84315422,-81.11934872,54013.0,84.40005626670418,0.0,6,6,0,0,6,5,7254,0,0,0,0,1
2020-07-28,US,West Virginia,Clay,17,1,0,38.46231092,-81.07652217,54015.0,199.8119417019276,5.882352941176472,16,17,1,0,16,17,8632,0,0,0,0,0
2020-07-28,US,West Virginia,Doddridge,2,0,0,39.27057157,-80.70671527,54017.0,23.674242424242426,0.0,2,2,0,0,2,2,8406,0,0,0,0,0
2020-07-28,US,West Virginia,Fayette,121,5,0,38.02974928,-81.08286634,54019.0,285.3369806159505,4.132231404958676,116,117,5,0,112,114,43018,4,0,0,4,3
2020-07-28,US,West Virginia,Gilmer,14,0,0,38.9251277,-80.85952723,54021.0,178.95947846094847,0.0,14,14,0,0,14,14,8026,0,0,0,0,0
2020-07-28,US,West Virginia,Grant,43,0,0,39.10314817,-79.19440518,54023.0,371.7150760719225,0.0,43,43,0,0,43,41,11626,0,0,0,0,2
2020-07-28,US,West Virginia,Greenbrier,83,3,0,37.9463652,-80.45335881,54025.0,239.45531129190468,3.614457831325301,80,82,3,0,79,81,34786,1,0,0,1,1
2020-07-28,US,West Virginia,Hampshire,65,1,0,39.32103553,-78.60826476,54027.0,280.47464940668823,1.5384615384615383,64,62,1,0,61,56,23347,3,0,0,3,6
2020-07-28,US,West Virginia,Hancock,91,0,0,40.51943859,-80.57461608,54029.0,315.8625477264838,0.0,91,85,0,0,85,85,29094,6,0,0,6,0
2020-07-28,US,West Virginia,Hardy,51,0,0,39.00683177,-78.85855301,54031.0,370.20905923344947,0.0,51,51,0,0,51,51,13775,0,0,0,0,0
2020-07-28,US,West Virginia,Harrison,166,1,0,39.2853852,-80.37919577,54033.0,246.81812775068403,0.6024096385542169,165,162,1,0,161,160,67554,4,0,0,4,2
2020-07-28,US,West Virginia,Jackson,154,19,0,38.84263974,-81.68148753,54035.0,538.9137737961926,12.337662337662337,135,153,19,0,134,153,28706,1,0,0,1,0
2020-07-28,US,West Virginia,Jefferson,285,4,0,39.30776166,-77.86014147,54037.0,498.7225702586358,1.4035087719298245,281,284,4,0,280,280,56811,1,0,0,1,4
2020-07-28,US,West Virginia,Kanawha,710,20,0,38.33860077,-81.52857054,54039.0,398.59872897532057,2.8169014084507036,690,696,20,0,676,683,180454,14,0,0,14,13
2020-07-28,US,West Virginia,Lewis,25,2,0,38.9947249,-80.49988181,54041.0,157.16351291884075,8.0,23,25,2,0,23,25,16024,0,0,0,0,0
2020-07-28,US,West Virginia,Lincoln,53,0,0,38.172154,-82.07017953,54043.0,259.68935273653784,0.0,53,51,0,0,51,48,20599,2,0,0,2,3
2020-07-28,US,West Virginia,Logan,93,1,0,37.8299889,-81.93528571,54045.0,290.4525438021175,1.075268817204301,92,89,1,0,88,86,32607,4,0,0,4,3
2020-07-28,US,West Virginia,Marion,159,2,0,39.50984542,-80.24244659,54049.0,283.56398915679836,1.2578616352201255,157,160,2,0,158,158,56097,-1,0,0,-1,2
2020-07-28,US,West Virginia,Marshall,111,0,0,39.86064362,-80.66591062,54051.0,363.56490124791196,0.0,111,100,0,0,100,98,30785,11,0,0,11,2
2020-07-28,US,West Virginia,Mason,41,1,0,38.77071799,-82.02524219,54053.0,154.62362347262032,2.4390243902439024,40,41,1,0,40,41,26718,0,0,0,0,0
2020-07-28,US,West Virginia,McDowell,17,0,0,37.38002939,-81.65083669,54047.0,96.4593735814798,0.0,17,15,0,0,15,15,18223,2,0,0,2,0
2020-07-28,US,West Virginia,Mercer,108,0,0,37.40481169,-81.11023142,54055.0,183.80475850097008,0.0,108,87,0,0,87,84,59131,21,0,0,21,3
2020-07-28,US,West Virginia,Mineral,98,4,0,39.41561583,-78.94104895,54057.0,364.7461664433528,4.081632653061225,94,99,4,0,95,96,26940,-1,0,0,-1,3
2020-07-28,US,West Virginia,Mingo,106,2,0,37.73048351,-82.13338365,54059.0,452.5273224043717,1.8867924528301887,104,101,2,0,99,93,23785,5,0,0,5,8
2020-07-28,US,West Virginia,Monongalia,840,5,0,39.63218457,-80.04766838,54061.0,795.3641631632768,0.5952380952380952,835,830,5,0,825,817,106420,10,0,0,10,13
2020-07-28,US,West Virginia,Monroe,19,0,0,37.56274716,-80.54577965,54063.0,143.1261770244821,0.0,19,19,0,0,19,19,13280,0,0,0,0,0
2020-07-28,US,West Virginia,Morgan,25,0,0,39.55439028,-78.26311676,54065.0,139.78975620666515,0.0,25,25,0,0,25,25,17787,0,0,0,0,0
2020-07-28,US,West Virginia,Nicholas,27,1,0,38.29617706,-80.79759588,54067.0,110.22207707380795,3.703703703703704,26,24,1,0,23,23,24842,3,0,0,3,1
2020-07-28,US,West Virginia,Ohio,241,3,0,40.0955451,-80.62203992,54069.0,581.9709738958247,1.2448132780082988,238,230,3,0,227,230,41755,11,0,0,11,0
2020-07-28,US,West Virginia,Pendleton,28,1,0,38.68314479,-79.35084086,54071.0,401.7793083656192,3.571428571428572,27,28,1,0,27,28,6997,0,0,0,0,0
2020-07-28,US,West Virginia,Pleasants,7,0,0,39.37091679,-81.16771771,54073.0,93.83378016085793,0.0,7,7,0,0,7,7,7507,0,0,0,0,0
2020-07-28,US,West Virginia,Pocahontas,41,0,0,38.32758728,-80.00993811,54075.0,497.1504789620468,0.0,41,40,0,0,40,40,8414,1,0,0,1,0
2020-07-28,US,West Virginia,Preston,120,2,0,39.46770987,-79.66712803,54077.0,358.9375448671932,1.6666666666666667,118,120,2,0,118,119,33839,0,0,0,0,1
2020-07-28,US,West Virginia,Putnam,153,0,0,38.50782345,-81.9082131,54079.0,271.03631532329496,0.0,153,149,0,0,149,140,56682,4,0,0,4,9
2020-07-28,US,West Virginia,Raleigh,138,0,0,37.76936795,-81.2456041,54081.0,188.11084908875287,0.0,138,135,0,0,135,130,74254,3,0,0,3,5
2020-07-28,US,West Virginia,Randolph,206,0,0,38.769899,-79.87919615,54083.0,717.8951036765989,0.0,206,206,0,0,206,205,28823,0,0,0,0,1
2020-07-28,US,West Virginia,Ritchie,3,0,0,39.18094587,-81.06356878,54085.0,31.400460540087924,0.0,3,3,0,0,3,3,9721,0,0,0,0,0
2020-07-28,US,West Virginia,Roane,14,1,0,38.71622686,-81.35243568,54087.0,102.27936879018118,7.142857142857142,13,14,1,0,13,14,13932,0,0,0,0,0
2020-07-28,US,West Virginia,Summers,5,0,0,37.65390597,-80.86009693,54089.0,39.767756303189365,0.0,5,6,0,0,6,4,12760,-1,0,0,-1,2
2020-07-28,US,West Virginia,Taylor,39,0,0,39.33602617,-80.0421439,54091.0,233.6028751123091,0.0,39,40,0,0,40,40,16862,-1,0,0,-1,0
2020-07-28,US,West Virginia,Tucker,8,0,0,39.11240885,-79.57053576,54093.0,116.97616610615587,0.0,8,8,0,0,8,8,6955,0,0,0,0,0
2020-07-28,US,West Virginia,Tyler,11,0,0,39.46811972,-80.88772676,54095.0,128.04097311139566,0.0,11,11,0,0,11,11,8746,0,0,0,0,0
2020-07-28,US,West Virginia,Upshur,36,0,0,38.89285061,-80.23689136,54097.0,148.90800794176042,0.0,36,36,0,0,36,35,24415,0,0,0,0,1
2020-07-28,US,West Virginia,Wayne,176,9,0,38.14901357,-82.42287994,54099.0,446.67783361250696,5.113636363636363,167,177,9,0,168,175,39944,-1,0,0,-1,2
2020-07-28,US,West Virginia,Webster,3,0,0,38.49370949,-80.4202023,54101.0,36.973132856790734,0.0,3,3,0,0,3,3,8285,0,0,0,0,0
2020-07-28,US,West Virginia,Wetzel,41,0,0,39.6065771,-80.64016540000001,54103.0,272.15399933620984,0.0,41,41,0,0,41,41,15270,0,0,0,0,0
2020-07-28,US,West Virginia,Wirt,6,0,0,39.02775007,-81.37473928,54105.0,103.07507301151009,0.0,6,6,0,0,6,6,5830,0,0,0,0,0
2020-07-28,US,West Virginia,Wood,229,4,0,39.20967886,-81.5162836,54107.0,274.19238966450354,1.7467248908296944,225,224,3,0,221,222,84203,5,1,0,4,2
2020-07-28,US,West Virginia,Wyoming,17,1,0,37.612327,-81.54511071,54109.0,83.35785034814161,5.882352941176472,16,16,0,0,16,15,20786,1,1,0,0,1
2020-07-28,US,Wisconsin,Adams,64,2,0,43.96974651,-89.76782777,55001.0,316.51829871414435,3.125,62,62,2,0,60,61,20348,2,0,0,2,1
2020-07-28,US,Wisconsin,Ashland,15,0,0,46.31956891,-90.67837132,55003.0,96.38863899241743,0.0,15,15,0,0,15,15,15600,0,0,0,0,0
2020-07-28,US,Wisconsin,Barron,133,3,0,45.42372701,-91.84833627,55005.0,293.9616302714172,2.255639097744361,130,125,3,0,122,116,45164,8,0,0,8,9
2020-07-28,US,Wisconsin,Bayfield,19,1,0,46.52868768,-91.19716729,55007.0,126.36339451981907,5.2631578947368425,18,19,1,0,18,18,15042,0,0,0,0,1
2020-07-28,US,Wisconsin,Brown,3822,50,0,44.452655299999996,-88.00411844,55009.0,1444.7611343378367,1.3082155939298796,3772,3768,50,0,3718,3766,263378,54,0,0,54,2
2020-07-28,US,Wisconsin,Buffalo,37,2,0,44.37835084,-91.75332578,55011.0,283.9383009745991,5.405405405405406,35,36,2,0,34,36,13125,1,0,0,1,0
2020-07-28,US,Wisconsin,Burnett,13,1,0,45.86303537,-92.36711412,55013.0,84.33891267678733,7.6923076923076925,12,11,1,0,10,9,15392,2,0,0,2,2
2020-07-28,US,Wisconsin,Calumet,221,2,0,44.0816316,-88.21780273,55015.0,441.21463794445884,0.9049773755656108,219,218,2,0,216,215,50159,3,0,0,3,3
2020-07-28,US,Wisconsin,Chippewa,198,0,0,45.06939744,-91.28068855,55017.0,306.22660768969035,0.0,198,194,0,0,194,192,64135,4,0,0,4,2
2020-07-28,US,Wisconsin,Clark,161,7,0,44.73483377,-90.61207486,55019.0,462.9895899235061,4.3478260869565215,154,158,7,0,151,157,34709,3,0,0,3,1
2020-07-28,US,Wisconsin,Columbia,198,1,0,43.46492199,-89.33589004,55021.0,344.1562956267816,0.5050505050505051,197,196,1,0,195,195,57358,2,0,0,2,1
2020-07-28,US,Wisconsin,Crawford,53,0,0,43.23870316,-90.93073686,55023.0,328.5599156902858,0.0,53,52,0,0,52,52,16291,1,0,0,1,0
2020-07-28,US,Wisconsin,Dane,3904,35,0,43.06601594,-89.41733797,55025.0,714.1093296993753,0.8965163934426229,3869,3870,34,0,3836,3831,542364,34,1,0,33,39
2020-07-28,US,Wisconsin,Dodge,627,5,0,43.41576662,-88.70928178,55027.0,713.8059404137117,0.7974481658692185,622,622,5,0,617,617,87847,5,0,0,5,5
2020-07-28,US,Wisconsin,Door,81,3,0,44.95856458,-87.30002707,55029.0,292.7569755674425,3.703703703703704,78,82,3,0,79,82,27610,-1,0,0,-1,0
2020-07-28,US,Wisconsin,Douglas,96,0,0,46.43222285,-91.91595768,55031.0,222.47972190034758,0.0,96,92,0,0,92,92,43208,4,0,0,4,0
2020-07-28,US,Wisconsin,Dunn,95,0,0,44.94562799,-91.8962481,55033.0,209.39869511549992,0.0,95,91,0,0,91,88,45131,4,0,0,4,3
2020-07-28,US,Wisconsin,Eau Claire,441,3,0,44.726614,-91.28609183,55035.0,421.42079009231117,0.6802721088435374,438,436,3,0,433,433,104534,5,0,0,5,3
2020-07-28,US,Wisconsin,Florence,5,0,0,45.84963535,-88.39804137,55037.0,116.41443538998837,0.0,5,5,0,0,5,5,4321,0,0,0,0,0
2020-07-28,US,Wisconsin,Fond du Lac,503,7,0,43.75354908,-88.48885325,55039.0,486.44623463535873,1.3916500994035783,496,499,6,0,493,493,103066,4,1,0,3,6
2020-07-28,US,Wisconsin,Forest,57,4,0,45.66678019,-88.77084892,55041.0,633.0519768991559,7.0175438596491215,53,57,4,0,53,57,8991,0,0,0,0,0
2020-07-28,US,Wisconsin,Grant,299,14,0,42.8671731,-90.7063218,55043.0,581.2710200431579,4.682274247491638,285,291,14,0,277,286,51554,8,0,0,8,5
2020-07-28,US,Wisconsin,Green,121,1,0,42.6794956,-89.60243287,55045.0,327.38095238095235,0.8264462809917356,120,120,1,0,119,120,36929,1,0,0,1,0
2020-07-28,US,Wisconsin,Green Lake,49,0,0,43.80025981,-89.04679553,55047.0,259.081055358748,0.0,49,49,0,0,49,49,18918,0,0,0,0,0
2020-07-28,US,Wisconsin,Iowa,58,0,0,43.00050278,-90.13469017,55049.0,244.9531210406284,0.0,58,57,0,0,57,57,23771,1,0,0,1,0
2020-07-28,US,Wisconsin,Iron,67,1,0,46.26302338,-90.24295041,55051.0,1178.125549498857,1.492537313432836,66,62,1,0,61,60,5676,5,0,0,5,2
2020-07-28,US,Wisconsin,Jackson,43,1,0,44.31864893,-90.80566792,55053.0,208.30305672625104,2.3255813953488373,42,40,1,0,39,39,20478,3,0,0,3,1
2020-07-28,US,Wisconsin,Jefferson,525,4,0,43.02054068,-88.77529134,55055.0,619.3301796647361,0.7619047619047619,521,516,4,0,512,511,85129,9,0,0,9,5
2020-07-28,US,Wisconsin,Juneau,112,1,0,43.92456975,-90.11120239,55057.0,419.67999400457154,0.8928571428571429,111,109,1,0,108,107,26617,3,0,0,3,2
2020-07-28,US,Wisconsin,Kenosha,2305,51,0,42.57639354,-88.04051686,55059.0,1359.3927848974706,2.2125813449023863,2254,2292,50,0,2242,2245,169290,13,1,0,12,47
2020-07-28,US,Wisconsin,Kewaunee,105,2,0,44.51727459,-87.61468386,55061.0,513.8494665753157,1.9047619047619049,103,100,1,0,99,100,20383,5,1,0,4,0
2020-07-28,US,Wisconsin,La Crosse,759,1,0,43.90632465,-91.11451093,55063.0,643.1331344902386,0.13175230566534915,758,754,1,0,753,735,118230,5,0,0,5,19
2020-07-28,US,Wisconsin,Lafayette,101,0,0,42.66005229,-90.1317729,55065.0,606.060606060606,0.0,101,99,0,0,99,99,16665,2,0,0,2,0
2020-07-28,US,Wisconsin,Langlade,35,1,0,45.26271619,-89.07483625,55067.0,182.3961644692272,2.8571428571428568,34,31,1,0,30,30,19268,4,0,0,4,1
2020-07-28,US,Wisconsin,Lincoln,56,0,0,45.33737523,-89.73411273,55069.0,202.9500235566992,0.0,56,55,0,0,55,52,27689,1,0,0,1,3
2020-07-28,US,Wisconsin,Manitowoc,257,1,0,44.11946801,-87.80928853,55071.0,325.3947151846647,0.3891050583657588,256,255,1,0,254,247,79074,2,0,0,2,8
2020-07-28,US,Wisconsin,Marathon,512,4,0,44.89792533,-89.75863384,55073.0,377.3251186510627,0.78125,508,499,4,0,495,494,135428,13,0,0,13,5
2020-07-28,US,Wisconsin,Marinette,255,3,0,45.38553432,-88.03324599999998,55075.0,631.9702602230483,1.1764705882352942,252,232,3,0,229,231,40434,23,0,0,23,1
2020-07-28,US,Wisconsin,Marquette,66,1,0,43.81911946,-89.40073763,55077.0,423.7832284576859,1.5151515151515151,65,67,1,0,66,67,15434,-1,0,0,-1,0
2020-07-28,US,Wisconsin,Menominee,18,0,0,45.00422544,-88.70950714,55078.0,395.0834064969271,0.0,18,17,0,0,17,17,4658,1,0,0,1,0
2020-07-28,US,Wisconsin,Milwaukee,18528,428,0,43.00486062,-87.96733172,55079.0,1959.1298113830007,2.310017271157168,18100,18302,427,0,17875,18140,948201,226,1,0,225,162
2020-07-28,US,Wisconsin,Monroe,184,1,0,43.94641218,-90.61881899999999,55081.0,397.8120338140229,0.5434782608695652,183,181,1,0,180,177,46051,3,0,0,3,4
2020-07-28,US,Wisconsin,Oconto,149,0,0,45.02715345,-88.26807503,55083.0,392.82889533350914,0.0,149,143,0,0,143,140,37830,6,0,0,6,3
2020-07-28,US,Wisconsin,Oneida,70,0,0,45.70677897,-89.51944105,55085.0,196.65683382497542,0.0,70,69,0,0,69,69,35470,1,0,0,1,0
2020-07-28,US,Wisconsin,Outagamie,991,12,0,44.41578887,-88.46565023,55087.0,527.4503020464646,1.2108980827447022,979,975,12,0,963,965,187365,16,0,0,16,10
2020-07-28,US,Wisconsin,Ozaukee,482,16,0,43.38352225,-87.94625009,55089.0,540.2315598345681,3.319502074688797,466,468,16,0,452,468,89147,14,0,0,14,0
2020-07-28,US,Wisconsin,Pepin,41,0,0,44.58307413,-91.99949611,55091.0,562.6458076025799,0.0,41,39,0,0,39,38,7289,2,0,0,2,1
2020-07-28,US,Wisconsin,Pierce,152,0,0,44.71850291,-92.4224416,55093.0,355.5222903120176,0.0,152,148,0,0,148,148,42555,4,0,0,4,0
2020-07-28,US,Wisconsin,Polk,103,2,0,45.46130348,-92.44182875,55095.0,235.2511248658155,1.9417475728155342,101,98,2,0,96,97,43598,5,0,0,5,1
2020-07-28,US,Wisconsin,Portage,323,0,0,44.47558711,-89.50152965,55097.0,456.39518453625726,0.0,323,322,0,0,322,321,70942,1,0,0,1,1
2020-07-28,US,Wisconsin,Price,19,0,0,45.68051754,-90.36098879999999,55099.0,142.3114373455172,0.0,19,19,0,0,19,19,13397,0,0,0,0,0
2020-07-28,US,Wisconsin,Racine,2984,73,0,42.74753117,-88.05941254,55101.0,1520.0370840146502,2.4463806970509383,2911,2951,72,0,2879,2906,196584,33,1,0,32,45
2020-07-28,US,Wisconsin,Richland,21,4,0,43.3762778,-90.43012729,55103.0,121.7250173892882,19.047619047619047,17,21,4,0,17,21,17377,0,0,0,0,0
2020-07-28,US,Wisconsin,Rock,1305,25,0,42.67151616,-89.07147900000002,55105.0,798.87850924985,1.9157088122605364,1280,1299,25,0,1274,1290,163129,6,0,0,6,9
2020-07-28,US,Wisconsin,Rusk,13,1,0,45.47498854,-91.1333012,55107.0,91.69135280011284,7.6923076923076925,12,13,1,0,12,13,14147,0,0,0,0,0
2020-07-28,US,Wisconsin,Sauk,309,3,0,43.42574087,-89.94966132,55111.0,479.5009465876292,0.9708737864077671,306,293,3,0,290,288,64249,16,0,0,16,5
2020-07-28,US,Wisconsin,Sawyer,26,0,0,45.87931905,-91.14504927,55113.0,157.02379514434108,0.0,26,25,0,0,25,24,16489,1,0,0,1,1
2020-07-28,US,Wisconsin,Shawano,138,0,0,44.78902246,-88.76443896,55115.0,337.4165627521455,0.0,138,132,0,0,132,129,40796,6,0,0,6,3
2020-07-28,US,Wisconsin,Sheboygan,505,5,0,43.72099677,-87.94579284,55117.0,437.8359632391191,0.99009900990099,500,483,5,0,478,473,115456,22,0,0,22,10
2020-07-28,US,Wisconsin,St. Croix,400,2,0,45.03437474,-92.45000068,55109.0,441.07755246066137,0.5,398,398,2,0,396,390,89694,2,0,0,2,8
2020-07-28,US,Wisconsin,Taylor,41,0,0,45.21179252,-90.5004405,55119.0,201.5435284864573,0.0,41,41,0,0,41,41,20412,0,0,0,0,0
2020-07-28,US,Wisconsin,Trempealeau,277,1,0,44.30360275,-91.35893614,55121.0,934.2642247630612,0.36101083032490977,276,262,1,0,261,262,29442,15,0,0,15,0
2020-07-28,US,Wisconsin,Vernon,51,0,0,43.59422667,-90.8324691,55123.0,165.46622542339887,0.0,51,48,0,0,48,48,30785,3,0,0,3,0
2020-07-28,US,Wisconsin,Vilas,24,0,0,46.05467334,-89.51719204,55125.0,108.1324622662762,0.0,24,22,0,0,22,22,21938,2,0,0,2,0
2020-07-28,US,Wisconsin,Walworth,1083,21,0,42.66858202,-88.54163073,55127.0,1042.669542111141,1.9390581717451525,1062,1067,21,0,1046,1051,103718,16,0,0,16,16
2020-07-28,US,Wisconsin,Washburn,13,0,0,45.89838588,-91.79050449,55129.0,82.6972010178117,0.0,13,12,0,0,12,10,15878,1,0,0,1,2
2020-07-28,US,Wisconsin,Washington,724,21,0,43.36863664,-88.22974712,55131.0,532.2198862049194,2.9005524861878453,703,703,19,0,684,700,135693,21,2,0,19,3
2020-07-28,US,Wisconsin,Waukesha,3174,48,0,43.01833055,-88.30431188,55133.0,785.2587098402269,1.5122873345935728,3126,3092,43,0,3049,3001,403072,82,5,0,77,91
2020-07-28,US,Wisconsin,Waupaca,331,14,0,44.47068056,-88.96534501,55135.0,649.1468915473622,4.229607250755286,317,330,14,0,316,312,51128,1,0,0,1,18
2020-07-28,US,Wisconsin,Waushara,86,0,0,44.11324419,-89.24317107,55137.0,351.83897230290876,0.0,86,77,0,0,77,69,24263,9,0,0,9,8
2020-07-28,US,Wisconsin,Winnebago,970,16,0,44.06886922,-88.64477096,55139.0,564.2585816749754,1.649484536082474,954,960,16,0,944,954,171020,10,0,0,10,6
2020-07-28,US,Wisconsin,Wood,176,1,0,44.45537896,-90.04158336,55141.0,241.09919313963212,0.5681818181818182,175,171,1,0,170,165,73055,5,0,0,5,6
2020-07-28,US,Wyoming,Albany,78,0,0,41.65498705,-105.72354150000001,56001.0,200.6172839506173,0.0,78,77,0,0,77,78,38601,1,0,0,1,-1
2020-07-28,US,Wyoming,Big Horn,33,0,0,44.52405055,-107.9960365,56003.0,279.89821882951657,0.0,33,33,0,0,33,33,11881,0,0,0,0,0
2020-07-28,US,Wyoming,Campbell,111,0,0,44.24886082,-105.54744040000001,56005.0,239.52871107658444,0.0,111,108,0,0,108,107,46140,3,0,0,3,1
2020-07-28,US,Wyoming,Carbon,69,0,0,41.69357844,-106.9326084,56007.0,466.2162162162162,0.0,69,68,0,0,68,65,14971,1,0,0,1,3
2020-07-28,US,Wyoming,Converse,30,0,0,42.97272268,-105.5081848,56009.0,217.04529011720444,0.0,30,30,0,0,30,30,13640,0,0,0,0,0
2020-07-28,US,Wyoming,Crook,9,0,0,44.58855102,-104.56977049999999,56011.0,118.67088607594937,0.0,9,9,0,0,9,9,7450,0,0,0,0,0
2020-07-28,US,Wyoming,Fremont,458,0,0,43.04183996,-108.6296893,56013.0,1166.5520491072564,0.0,458,455,0,0,455,453,39531,3,0,0,3,2
2020-07-28,US,Wyoming,Goshen,12,0,0,42.08798185,-104.3534743,56015.0,90.83339641208084,0.0,12,11,0,0,11,11,13376,1,0,0,1,0
2020-07-28,US,Wyoming,Hot Springs,17,0,0,43.71930657,-108.44231740000001,56017.0,385.2254702016768,0.0,17,17,0,0,17,16,4555,0,0,0,0,1
2020-07-28,US,Wyoming,Johnson,22,1,0,44.04057166,-106.58451740000001,56019.0,260.5091770278271,4.545454545454546,21,22,1,0,21,22,8460,0,0,0,0,0
2020-07-28,US,Wyoming,Laramie,432,0,0,41.30702520000001,-104.6887497,56021.0,434.1708542713568,0.0,432,422,0,0,422,415,98976,10,0,0,10,7
2020-07-28,US,Wyoming,Lincoln,88,0,0,42.26376367,-110.6563997,56023.0,443.7720625315178,0.0,88,89,0,0,89,88,19434,-1,0,0,-1,1
2020-07-28,US,Wyoming,Natrona,209,0,0,42.96180148,-106.79788500000001,56025.0,261.71454331438304,0.0,209,200,0,0,200,195,79115,9,0,0,9,5
2020-07-28,US,Wyoming,Niobrara,2,0,0,43.05607708,-104.47588959999999,56027.0,84.88964346349746,0.0,2,2,0,0,2,2,2388,0,0,0,0,0
2020-07-28,US,Wyoming,Park,107,0,0,44.52157546,-109.58528249999999,56029.0,366.5136671918888,0.0,107,101,0,0,101,99,29324,6,0,0,6,2
2020-07-28,US,Wyoming,Platte,5,0,0,42.13299116,-104.96633100000001,56031.0,59.57345406886692,0.0,5,5,0,0,5,5,8566,0,0,0,0,0
2020-07-28,US,Wyoming,Sheridan,44,0,0,44.79048913,-106.8862389,56033.0,144.33327866163685,0.0,44,43,0,0,43,41,30233,1,0,0,1,2
2020-07-28,US,Wyoming,Sublette,31,0,0,42.76558279,-109.91309220000001,56035.0,315.32906113315016,0.0,31,30,0,0,30,30,9813,1,0,0,1,0
2020-07-28,US,Wyoming,Sweetwater,228,0,0,41.65943896,-108.8827882,56037.0,538.4597217958104,0.0,228,221,0,0,221,215,43051,7,0,0,7,6
2020-07-28,US,Wyoming,Teton,311,0,0,43.93522482,-110.5890801,56039.0,1325.434708489601,0.0,311,292,0,0,292,279,23081,19,0,0,19,13
2020-07-28,US,Wyoming,Uinta,243,0,0,41.2878183,-110.54757820000002,56041.0,1201.4239098190449,0.0,243,235,0,0,235,233,20299,8,0,0,8,2
2020-07-28,US,Wyoming,Unassigned,0,25,0,0.0,0.0,90056.0,0.0,0.0,-25,0,24,0,-24,0,,0,1,0,-1,0
2020-07-28,US,Wyoming,Washakie,45,0,0,43.90451606,-107.68018700000002,56043.0,576.5534913516976,0.0,45,45,0,0,45,45,7885,0,0,0,0,0
2020-07-28,US,Wyoming,Weston,5,0,0,43.83961191,-104.56748809999999,56045.0,72.18131947452,0.0,5,5,0,0,5,4,6967,0,0,0,0,1
